date;V;I;T;G;Tamb;Name;G_orig;Pmax;V_sim;I_sim;Pmax_sim;deviation
01,09.2019 09:38:47;33;1.53;302;295.89537947751467;298.4;Module 1,6_14;317.71;50,49;34,32;1,37;47,01;3,48
01,09.2019 09:40:42;33.1;1.65;302;319.8350938444591;298.67;Module 1,6_14;343.03;54,62;34,41;1,49;51,25;3,37
01,09.2019 09:42:35;33;1.61;303.5;313.00788307996845;298.93;Module 1,6_14;335.35;53,13;34,12;1,46;49,67;3,46
01,09.2019 09:44:30;33.1;1.61;303.5;313.33693564516955;299.12;Module 1,6_14;335.35;53,29;34,12;1,46;49,73;3,56
01,09.2019 10:19:21;33.1;2.14;303.5;531.5253257077939;298.17;Module 1,6_14;560.63;70,83;34,52;2,55;88,00;-17,17
01,09.2019 10:23:24;33.5;2.63;304;614.8337508876768;299.29;Module 1,6_14;647.67;88,10;34,46;2,97;102,23;-14,12
01,09.2019 10:25:18;32.9;2.99;305.1;542.2411266219788;299.81;Module 1,6_14;570.87;98,37;34,24;2,60;89,16;9,22
01,09.2019 10:38:53;33.2;2.05;307.6;417.36712474730365;299.56;Module 1,6_14;437.75;68,06;33,65;1,98;66,64;1,42
01,09.2019 10:40:48;33.7;2.99;307.6;588.5083678790518;300.03;Module 1,6_14;616.95;100,76;33,82;2,84;95,91;4,85
01,09.2019 10:42:41;33.4;1.39;307.6;315.153178200769;300.57;Module 1,6_14;330.23;46,43;33,38;1,47;49,04;-2,62
01,09.2019 10:44:34;33.2;3.03;307.6;606.161298714905;300.86;Module 1,6_14;634.87;100,60;33,82;2,92;98,91;1,69
01,09.2019 10:46:30;33.3;2.95;307.6;599.1033185472154;301.57;Module 1,6_14;627.19;98,23;33,82;2,89;97,71;0,53
01,09.2019 10:48:23;32.9;2.79;309.6;560.2226101367477;302.19;Module 1,6_14;586.23;91,79;33,45;2,70;90,16;1,63
01,09.2019 10:50:15;32.9;2.94;309.6;597.1726552573916;302.67;Module 1,6_14;624.63;96,73;33,46;2,88;96,38;0,35
01,09.2019 10:52:11;32.8;2.95;310.1;553.3566593466117;303;Module 1,6_14;578.55;96,76;33,35;2,66;88,77;7,99
01,09.2019 10:54:05;32.6;1.29;310.1;590.3293831361103;303.17;Module 1,6_14;616.95;42,05;33,37;2,85;94,98;-52,92
01,09.2019 10:58:02;33.2;3.01;311.6;615.339121246872;303.3;Module 1,6_14;642.55;99,93;33,11;2,97;98,39;1,55
01,09.2019 10:59:55;33;2.61;311.6;544.4535412159375;303.6;Module 1,6_14;568.31;86,13;33,08;2,62;86,58;-0,45
01,09.2019 11:01:48;33.1;3.04;312.1;625.6244409111055;303.58;Module 1,6_14;652.79;100,62;33,02;3,02;99,83;0,80
01,09.2019 11:03:47;33.2;3.17;312.1;644.8720500305535;303.53;Module 1,6_14;672.61;105,24;33,02;3,12;103,01;2,24
01,09.2019 11:05:41;32.3;2.08;312.1;395.2985559074005;303.55;Module 1,6_14;412.15;67,18;32,79;1,87;61,39;5,79
01,09.2019 11:07:34;32.8;2.59;312.1;488.7758460258094;303.32;Module 1,6_14;509.43;84,95;32,94;2,34;77,06;7,89
01,09.2019 11:09:36;33;3.29;312.1;662.6594786534417;303.02;Module 1,6_14;690.4;108,57;33,02;3,21;105,94;2,63
01,09.2019 11:11:29;32.9;3.2;312.1;647.8322579770912;303.07;Module 1,6_14;674.72;105,28;33,02;3,13;103,49;1,79
01,09.2019 11:13:22;33.2;3.24;312.1;663.870001685213;303.12;Module 1,6_14;691.19;107,57;33,02;3,21;106,14;1,43
01,09.2019 11:15:15;33.2;3.24;312.1;667.4240217448724;303.12;Module 1,6_14;694.66;107,57;33,02;3,23;106,72;0,84
01,09.2019 11:17:08;33.2;3.18;313.6;648.6882802409212;303.31;Module 1,6_14;674.94;105,58;32,75;3,14;102,80;2,77
01,09.2019 11:19:05;33.1;3.25;313.6;667.3718587960961;303.6;Module 1,6_14;694.15;107,58;32,75;3,23;105,86;1,72
01,09.2019 11:20:58;33;3.29;313.6;670.1202234314159;303.74;Module 1,6_14;696.79;108,57;32,75;3,25;106,31;2,26
01,09.2019 11:22:53;32.8;3.32;313.6;672.600790937693;303.74;Module 1,6_14;699.15;108,90;32,75;3,26;106,71;2,18
01,09.2019 11:24:46;32.5;3.35;313.6;674.4403604143699;303.75;Module 1,6_14;700.85;108,88;32,75;3,27;107,01;1,86
01,09.2019 11:26:41;32.4;3.37;313.6;677.387950920375;303.82;Module 1,6_14;703.7;109,19;32,75;3,28;107,49;1,69
01,09.2019 11:28:35;32.4;3.37;313.6;680.3800476327403;303.93;Module 1,6_14;706.6;109,19;32,75;3,30;107,98;1,21
01,09.2019 11:30:28;32.5;3.4;314.1;692.6150703319238;304.01;Module 1,6_14;719.1;110,50;32,66;3,36;109,68;0,82
01,09.2019 11:32:22;32.7;3.25;314.1;654.8815432121661;303.89;Module 1,6_14;679.73;106,28;32,66;3,17;103,54;2,74
01,09.2019 11:34:41;32.6;3.48;314.1;713.0755342082482;303.92;Module 1,6_14;739.88;113,45;32,65;3,46;113,00;0,45
01,09.2019 11:36:42;32.5;3.5;315.6;712.8491082586384;303.97;Module 1,6_14;739.43;113,75;32,38;3,46;112,04;1,71
01,09.2019 11:38:35;32.2;3.54;315.6;715.5176675079259;304.12;Module 1,6_14;742;113,99;32,38;3,47;112,47;1,52
01,09.2019 11:40:28;32.1;3.58;315.6;725.1485723043895;304.42;Module 1,6_14;751.79;114,92;32,38;3,52;114,01;0,90
01,09.2019 11:42:24;32.1;3.63;315.6;733.5899332211868;304.75;Module 1,6_14;760.34;116,52;32,38;3,56;115,37;1,15
01,09.2019 11:44:29;32;3.63;315.6;733.1877676617596;305.07;Module 1,6_14;759.71;116,16;32,38;3,56;115,30;0,86
01,09.2019 11:46:22;32.1;3.69;315.6;744.5104696480629;305.25;Module 1,6_14;771.25;118,45;32,38;3,62;117,12;1,33
01,09.2019 11:48:15;32;3.69;315.6;748.9319337910389;305.63;Module 1,6_14;775.64;118,08;32,38;3,64;117,83;0,25
01,09.2019 11:50:14;31.9;3.7;317.6;744.486322639852;305.69;Module 1,6_14;770.84;118,03;32,02;3,62;115,82;2,21
01,09.2019 11:52:11;31.8;3.73;317.6;752.83231906088;305.75;Module 1,6_14;779.29;118,61;32,01;3,66;117,14;1,47
01,09.2019 11:54:04;31.8;3.74;317.6;755.0952017589289;305.82;Module 1,6_14;781.45;118,93;32,01;3,67;117,50;1,43
01,09.2019 11:55:59;31.7;3.74;317.6;750.4198971060184;306.03;Module 1,6_14;776.43;118,56;32,01;3,65;116,76;1,80
01,09.2019 11:57:53;31.7;3.73;317.6;756.8263941116497;305.84000000000003;Module 1,6_14;782.88;118,24;32,01;3,68;117,77;0,47
01,09.2019 11:59:46;31.7;3.77;318.1;759.9923118223568;305.84000000000003;Module 1,6_14;785.98;119,51;31,91;3,70;117,94;1,57
01,09.2019 12:01:39;31.7;3.91;318.1;791.0785249204295;305.82;Module 1,6_14;817.95;123,95;31,91;3,85;122,83;1,11
01,09.2019 12:03:36;31.7;2.74;318.1;477.9453920178031;305.77;Module 1,6_14;494.07;86,86;31,84;2,29;72,83;14,02
01,09.2019 12:05:29;32;4.18;318.1;844.8135755522707;305.71;Module 1,6_14;873.13;133,76;31,87;4,12;131,24;2,52
01,09.2019 12:07:24;31.8;3.83;318.1;745.6511786495881;305.78;Module 1,6_14;770.48;121,79;31,92;3,62;115,68;6,11
01,09.2019 12:09:19;31.8;3.09;318.1;564.9794441223265;305.83;Module 1,6_14;583.67;98,26;31,91;2,72;86,88;11,38
01,09.2019 12:11:12;32.1;3.75;318.1;808.8800540547583;305.74;Module 1,6_14;835.47;120,38;31,89;3,94;125,62;-5,25
01,09.2019 12:13:12;31.8;3.85;318.1;816.7015995755949;306.01;Module 1,6_14;843.37;122,43;31,89;3,98;126,85;-4,42
01,09.2019 12:15:05;31.6;4.11;318.1;826.2474308595997;306.2;Module 1,6_14;853.06;129,88;31,88;4,03;128,34;1,54
01,09.2019 12:16:58;31.6;4.12;318.1;820.1200515997182;306.3;Module 1,6_14;846.57;130,19;31,88;4,00;127,38;2,81
01,09.2019 12:18:51;31.6;4.13;318.1;831.0897365911411;306.37;Module 1,6_14;857.73;130,51;31,88;4,05;129,10;1,41
01,09.2019 12:20:46;31.3;3.41;318.1;674.0756553090002;306.57;Module 1,6_14;695.55;106,73;31,94;3,27;104,34;2,40
01,09.2019 12:22:41;31.6;4.08;319.7;835.3597375091157;306.76;Module 1,6_14;861.81;128,93;31,59;4,07;128,59;0,34
01,09.2019 12:24:37;31.1;2.6;319.7;402.0570784330097;306.57;Module 1,6_14;414.71;80,86;31,42;1,91;59,98;20,88
01,09.2019 12:26:32;31.9;2.64;319.7;476.60089333420444;306.37;Module 1,6_14;491.51;84,22;31,55;2,28;71,97;12,25
01,09.2019 12:28:25;32.1;3.67;319.7;643.3130304501248;306.1;Module 1,6_14;663.32;117,81;31,65;3,11;98,54;19,27
01,09.2019 12:30:18;31.5;2.26;319.7;474.2849582865016;305.65;Module 1,6_14;488.95;71,19;31,54;2,27;71,60;-0,41
01,09.2019 12:32:11;32.6;4.15;319.7;837.909824073934;305.53;Module 1,6_14;863.67;135,29;31,59;4,08;128,99;6,30
01,09.2019 12:34:04;31.9;4.34;319.7;877.8354291542862;305.65;Module 1,6_14;904.67;138,45;31,55;4,28;135,14;3,30
01,09.2019 12:35:57;31.7;4.37;319.7;891.8405316919299;305.89;Module 1,6_14;918.95;138,53;31,55;4,35;137,29;1,24
01,09.2019 12:37:50;31.5;4.51;319.7;911.3032098024788;306.12;Module 1,6_14;938.85;142,06;31,53;4,45;140,28;1,79
01,09.2019 12:39:44;31.6;2.93;319.7;611.372393324266;306.58;Module 1,6_14;629.75;92,59;31,64;2,95;93,48;-0,89
01,09.2019 12:41:37;32.2;4.29;320.2;924.317360990764;306.57;Module 1,6_14;951.95;138,14;31,43;4,51;141,86;-3,72
01,09.2019 12:43:31;31.3;4.6;320.2;927.3774647889232;306.5;Module 1,6_14;954.95;143,98;31,43;4,53;142,33;1,65
01,09.2019 12:45:45;31.1;4.95;320.2;1002.0663224275376;307;Module 1,6_14;1031.67;153,95;31,36;4,90;153,64;0,31
01,09.2019 12:47:39;30.8;5.03;319.7;1039.524306082373;307.65999999999997;Module 1,6_14;1070.07;154,92;31,41;5,09;159,73;-4,80
01,09.2019 12:49:37;30.4;3.84;319.7;753.9086574405093;307.77;Module 1,6_14;775.94;116,74;31,63;3,66;115,93;0,81
01,09.2019 12:51:30;30.6;3;320.2;602.0093102889471;307.67;Module 1,6_14;619.51;91,80;31,55;2,91;91,73;0,07
01,09.2019 12:53:26;31.3;2.67;320.2;537.410075933515;307.40999999999997;Module 1,6_14;552.95;83,57;31,52;2,59;81,47;2,10
01,09.2019 12:55:19;31.6;2.72;320.2;542.4642011531593;307.14;Module 1,6_14;558.07;85,95;31,52;2,61;82,28;3,68
01,09.2019 12:57:12;31.5;2.3;320.2;433.03544889670553;306.85;Module 1,6_14;445.43;72,45;31,39;2,06;64,79;7,66
01,09.2019 12:59:05;31.6;2.7;320.2;535.1496304073553;306.46;Module 1,6_14;550.39;85,32;31,52;2,57;81,11;4,21
01,09.2019 13:00:58;32.5;4.44;319.7;920.6904141849507;306.38;Module 1,6_14;946.78;144,30;31,52;4,50;141,71;2,59
01,09.2019 13:02:52;31.9;4.06;319.7;777.1961411031782;306.87;Module 1,6_14;799.11;129,51;31,62;3,78;119,56;9,95
01,09.2019 13:04:45;31.8;3.72;319.7;761.4159245701562;307.18;Module 1,6_14;782.78;118,30;31,63;3,70;117,10;1,19
01,09.2019 13:06:51;31.9;5.8;319.7;1135.6570721919584;307.82;Module 1,6_14;1167.35;185,02;31,29;5,56;174,06;10,96
01,09.2019 13:08:52;30.9;5.5;319.7;1001.3094745391084;308.35;Module 1,6_14;1029.11;169,95;31,45;4,90;153,97;15,98
01,09.2019 13:10:47;31.5;5.4;319.7;1036.3162480026838;308.39;Module 1,6_14;1064.95;170,10;31,41;5,07;159,24;10,86
01,09.2019 13:12:40;30;4.48;319.7;882.5979406817029;308.28;Module 1,6_14;906.87;134,40;31,55;4,31;135,87;-1,47
01,09.2019 13:14:33;32.4;5.78;319.7;1248.3782352733213;307.62;Module 1,6_14;1282.55;187,27;31,14;6,12;190,60;-3,33
01,09.2019 13:16:26;30.6;3.83;320.2;726.3881165057453;307.19;Module 1,6_14;746.18;117,20;31,55;3,53;111,30;5,89
01,09.2019 13:18:21;30.7;2.21;320.2;443.63823821454616;306.68;Module 1,6_14;455.67;67,85;31,41;2,12;66,49;1,36
01,09.2019 13:20:15;31.3;2.43;320.2;483.57480665258754;305.87;Module 1,6_14;496.63;76,06;31,46;2,32;72,88;3,18
01,09.2019 13:22:10;31.5;2.25;320.2;451.22355459506497;305.35;Module 1,6_14;463.35;70,88;31,42;2,15;67,70;3,17
01,09.2019 13:24:04;31.6;2.19;320.2;436.3164611265575;304.8;Module 1,6_14;447.99;69,20;31,39;2,08;65,31;3,89
01,09.2019 13:25:56;31.8;2.06;319.7;411.4300297790725;304.8;Module 1,6_14;422.39;65,51;31,44;1,96;61,49;4,02
01,09.2019 13:27:50;31.9;2.06;319.7;411.4766802526735;304.82;Module 1,6_14;422.39;65,71;31,44;1,96;61,50;4,21
01,09.2019 13:29:43;32;2.25;318.1;433.96945789737595;304.75;Module 1,6_14;445.43;72,00;31,77;2,07;65,71;6,29
01,09.2019 13:31:38;32.1;1.95;318.1;386.62386736687057;304.49;Module 1,6_14;396.79;62,59;31,68;1,83;58,02;4,58
01,09.2019 13:33:34;32.1;1.96;317.6;394.1506039760234;304.38;Module 1,6_14;404.47;62,92;31,79;1,87;59,40;3,51
01,09.2019 13:35:27;32.3;2.13;317.6;426.6267148019682;304.19;Module 1,6_14;437.75;68,80;31,85;2,03;64,69;4,11
01,09.2019 13:37:21;32.4;2.37;317.6;474.0806902499801;304.1;Module 1,6_14;486.39;76,79;31,92;2,27;72,41;4,38
01,09.2019 13:39:21;32.4;3.58;317.6;710.9111086268739;304.14;Module 1,6_14;729.29;115,99;32,02;3,45;110,50;5,50
01,09.2019 13:41:14;32.9;3.3;317.6;714.1027584403519;304.27;Module 1,6_14;732.49;108,57;32,02;3,47;111,00;-2,43
01,09.2019 13:43:07;32;4.22;314.1;765.2832185248955;304.1;Module 1,6_14;784.91;135,04;32,63;3,72;121,43;13,61
01,09.2019 13:45:02;32.1;2.84;314.1;561.6434429855052;304.33;Module 1,6_14;575.99;91,16;32,64;2,70;88,26;2,90
01,09.2019 13:47:01;32.1;2.93;314.1;606.6374847718531;304.2;Module 1,6_14;622.07;94,05;32,66;2,93;95,65;-1,60
01,09.2019 13:49:12;32.2;3.94;315.6;764.9759304362324;304.2;Module 1,6_14;784.35;126,87;32,37;3,72;120,39;6,48
01,09.2019 13:51:11;32;2.59;315.6;581.7940075237386;304.42;Module 1,6_14;596.47;82,88;32,38;2,81;90,83;-7,95
01,09.2019 13:53:04;31.9;2.52;315.6;526.908244618761;304.46;Module 1,6_14;540.15;80,39;32,34;2,53;81,87;-1,48
01,09.2019 13:54:57;32.1;2.34;315.6;489.49397978451395;304.21;Module 1,6_14;501.75;75,11;32,30;2,34;75,74;-0,63
01,09.2019 13:56:49;32.4;2.6;315.6;539.4910516644302;304.41;Module 1,6_14;552.95;84,24;32,35;2,59;83,93;0,31
01,09.2019 13:58:42;32;2.08;315.6;424.6346605219726;304.26;Module 1,6_14;435.19;66,56;32,21;2,02;65,08;1,48
01,09.2019 14:00:35;32;2.04;315.6;417.17700284538387;304.25;Module 1,6_14;427.51;65,28;32,20;1,98;63,85;1,43
01,09.2019 14:02:29;32.2;2.04;315.6;432.2028445139743;304.31;Module 1,6_14;442.87;65,69;32,23;2,06;66,33;-0,64
01,09.2019 14:04:23;32.7;1.71;315.6;342.2915533465151;304.16;Module 1,6_14;350.71;55,92;32,02;1,61;51,51;4,41
01,09.2019 14:06:16;32.1;2.88;314.1;459.7612482728202;303.88;Module 1,6_14;471.03;92,45;32,54;2,20;71,44;21,01
01,09.2019 14:08:09;32.8;2.64;314.1;534.767227317036;303.38;Module 1,6_14;547.83;86,59;32,62;2,57;83,84;2,76
01,09.2019 14:10:08;33.9;2.71;314.1;504.8220635374474;303.39;Module 1,6_14;517.11;91,87;32,59;2,42;78,89;12,97
01,09.2019 14:12:01;32.4;2.28;314.1;454.87431399140524;303.4;Module 1,6_14;465.91;73,87;32,54;2,17;70,63;3,24
01,09.2019 14:13:56;32.4;2.23;314.1;414.91698984628107;303.52;Module 1,6_14;424.95;72,25;32,47;1,97;64,00;8,25
01,09.2019 14:15:54;32.2;1.75;313.6;359.9551054609832;303.5;Module 1,6_14;368.63;56,35;32,43;1,70;55,01;1,34
01,09.2019 14:17:14;32.3;1.76;313.6;357.47418717187645;303.35;Module 1,6_14;366.07;56,85;32,43;1,68;54,60;2,25
01,09.2019 14:19:09;32.4;1.75;313.6;362.5010086485146;303.14;Module 1,6_14;371.19;56,70;32,44;1,71;55,43;1,27
01,09.2019 14:21:01;32.5;1.92;312.1;392.52991685898337;302.99;Module 1,6_14;401.91;62,40;32,79;1,86;60,92;1,48
01,09.2019 14:23:03;32.6;2;312.1;412.5634201173184;302.96;Module 1,6_14;422.39;65,20;32,83;1,96;64,29;0,91
01,09.2019 14:24:59;32.9;2.6;312.1;550.1269666270523;302.99;Module 1,6_14;563.19;85,54;32,99;2,65;87,30;-1,76
01,09.2019 14:26:54;33.3;4.89;311.6;955.5966128197181;303.23;Module 1,6_14;978.22;162,84;32,94;4,67;153,80;9,03
01,09.2019 14:28:48;33.1;3.96;311.6;831.6874307773935;303.85;Module 1,6_14;851.32;131,08;33,04;4,05;133,89;-2,81
01,09.2019 14:30:41;32.2;2.98;312.1;582.752754285879;303.96;Module 1,6_14;596.47;95,96;33,01;2,81;92,72;3,23
01,09.2019 14:32:35;31.9;2.6;312.1;502.74925364747213;303.86;Module 1,6_14;514.55;82,94;32,95;2,41;79,40;3,54
01,09.2019 14:34:38;33;4.78;312.1;973.0581055837495;304.45;Module 1,6_14;995.83;157,74;32,83;4,76;156,16;1,58
01,09.2019 14:36:35;31.8;5.67;314.1;1158.2399160614607;305.08;Module 1,6_14;1185.27;180,31;32,26;5,68;183,12;-2,82
01,09.2019 14:38:32;31.3;5.28;314.1;1080.7571122835182;306.42;Module 1,6_14;1105.91;165,26;32,35;5,29;171,23;-5,97
01,09.2019 14:40:25;30.7;4.15;316.1;978.2419944835938;307.25;Module 1,6_14;1000.95;127,41;32,12;4,78;153,57;-26,17
01,09.2019 14:42:18;30.9;5.51;316.1;1128.4224603189552;307.78;Module 1,6_14;1154.55;170,26;31,94;5,53;176,58;-6,32
01,09.2019 14:44:13;30.1;3.08;316.1;598.0185940472426;308.12;Module 1,6_14;611.83;92,71;32,29;2,89;93,21;-0,51
01,09.2019 14:46:07;30.8;2.44;319.7;460.42262804092957;307.61;Module 1,6_14;471.03;75,15;31,52;2,20;69,37;5,78
01,09.2019 14:48:00;31.2;2.28;319.7;465.4524216828793;307.05;Module 1,6_14;476.15;71,14;31,53;2,23;70,18;0,96
01,09.2019 14:49:52;31.9;3.55;319.7;796.0468206865039;306.67;Module 1,6_14;814.3;113,24;31,61;3,88;122,50;-9,25
01,09.2019 14:53:39;31.7;1.63;319.7;332.87205973851474;307.06;Module 1,6_14;340.47;51,67;31,23;1,56;48,84;2,84
01,09.2019 14:55:36;32.1;5.15;319.7;1048.7462394037957;306.71;Module 1,6_14;1072.63;165,32;31,40;5,13;161,11;4,20
01,09.2019 14:57:28;31.8;5.16;319.7;1058.808203981546;307.03;Module 1,6_14;1082.87;164,09;31,38;5,18;162,62;1,47
01,09.2019 14:59:40;31.6;5.22;319.7;1066.3751818089722;307.38;Module 1,6_14;1090.55;164,95;31,38;5,22;163,75;1,20
01,09.2019 15:01:33;31.1;5.18;319.7;1066.4230652969336;307.74;Module 1,6_14;1090.55;161,10;31,38;5,22;163,76;-2,66
01,09.2019 15:03:26;30.9;3.4;319.7;753.6626437193019;307.94;Module 1,6_14;770.68;105,06;31,63;3,66;115,89;-10,83
01,09.2019 15:05:19;31.2;3;319.7;533.2525105892067;307.92;Module 1,6_14;545.27;93,60;31,60;2,56;81,04;12,56
01,09.2019 15:07:15;31.3;3.75;319.7;770.225265149202;307.78;Module 1,6_14;787.55;117,38;31,63;3,75;118,48;-1,10
01,09.2019 15:09:08;31.5;4.89;320.2;976.4660157498764;307.75;Module 1,6_14;998.39;154,03;31,38;4,77;149,77;4,26
01,09.2019 15:11:01;31.3;5.02;320.2;1106.7054240649375;307.93;Module 1,6_14;1131.51;157,13;31,23;5,42;169,28;-12,15
01,09.2019 15:12:54;30.5;5.3;320.2;1079.20293005688;308.53;Module 1,6_14;1103.35;161,65;31,27;5,28;165,19;-3,54
01,09.2019 15:14:47;30.7;4.92;321.2;1054.2010951476968;309.07;Module 1,6_14;1077.75;151,04;31,12;5,16;160,53;-9,48
01,09.2019 15:16:41;30.7;3.31;321.2;621.0197624021216;309.08;Module 1,6_14;634.87;101,62;31,38;3,00;94,20;7,42
01,09.2019 15:18:39;31.2;2.31;321.2;455.76162824043394;308.43;Module 1,6_14;465.91;72,07;31,24;2,18;68,04;4,03
01,09.2019 15:21:02;31.4;2.32;321.2;468.30167078121843;307.25;Module 1,6_14;478.71;72,85;31,26;2,24;70,04;2,81
01,09.2019 15:22:55;31.8;2.84;321.2;626.0940282309842;306.73;Module 1,6_14;639.99;90,31;31,38;3,03;95,00;-4,68
01,09.2019 15:24:52;31.9;2.11;320.2;433.26704824574267;306.3;Module 1,6_14;442.87;67,31;31,39;2,07;64,82;2,49
01,09.2019 15:26:46;32.2;3.54;320.2;718.1336892900981;306.11;Module 1,6_14;734.03;113,99;31,55;3,49;110,01;3,97
01,09.2019 15:28:39;32.4;3.08;319.7;581.0634101832321;306.39;Module 1,6_14;593.91;99,79;31,63;2,80;88,66;11,13
01,09.2019 15:30:32;32.3;3.35;319.7;693.8084115254285;306.14;Module 1,6_14;709.13;108,20;31,65;3,37;106,51;1,70
01,09.2019 15:32:25;32.6;4.71;319.7;886.9152995478;306.34000000000003;Module 1,6_14;906.48;153,55;31,55;4,33;136,54;17,01
01,09.2019 15:34:22;32.1;2.44;319.7;480.91267979327534;306.65;Module 1,6_14;491.51;78,32;31,55;2,30;72,66;5,67
01,09.2019 15:36:15;31.9;3.24;319.7;802.1411183012027;306.42;Module 1,6_14;819.8;103,36;31,61;3,91;123,44;-20,09
01,09.2019 15:38:08;32;4.86;318.1;999.4472125969819;306.52;Module 1,6_14;1021.43;155,52;31,73;4,89;155,10;0,42
01,09.2019 15:40:01;31.7;2.1;318.1;663.0777680458314;307.25;Module 1,6_14;677.65;66,57;31,94;3,21;102,59;-36,02
01,09.2019 15:41:55;31.1;1.86;318.1;363.2139368741278;307.07;Module 1,6_14;371.19;57,85;31,62;1,71;54,21;3,64
01,09.2019 15:43:48;31.7;2.65;318.1;503.5010021186905;306.90999999999997;Module 1,6_14;514.55;84,00;31,87;2,42;76,97;7,04
01,09.2019 15:45:41;32;3.44;318.1;601.2052741686828;306.82;Module 1,6_14;614.39;110,08;31,93;2,90;92,70;17,38
01,09.2019 15:47:34;32.1;2.21;318.1;450.9069566833806;306.83;Module 1,6_14;460.79;70,94;31,80;2,15;68,45;2,49
01,09.2019 15:49:26;32;2.53;318.1;516.0447953996061;306.65999999999997;Module 1,6_14;527.35;80,96;31,88;2,48;78,99;1,97
01,09.2019 15:51:20;32.1;2.98;317.6;654.6249970435659;306.49;Module 1,6_14;668.96;95,66;32,03;3,17;101,52;-5,86
01,09.2019 15:53:13;32.4;2.14;317.6;430.87794637848936;306.23;Module 1,6_14;440.31;69,34;31,86;2,05;65,39;3,95
01,09.2019 15:55:06;32.4;3.45;317.6;636.3049942540936;305.85;Module 1,6_14;650.23;111,78;32,03;3,08;98,59;13,19
01,09.2019 15:57:00;32.1;2.72;317.6;508.5432825384534;305.64;Module 1,6_14;519.67;87,31;31,96;2,44;78,00;9,31
01,09.2019 15:58:53;32.7;3.95;317.6;882.4058941916294;305.82;Module 1,6_14;901.71;129,17;31,93;4,31;137,47;-8,31
01,09.2019 16:00:46;31.9;1.79;316.1;478.4829929579862;306.6;Module 1,6_14;488.95;57,10;32,20;2,29;73,73;-16,63
01,09.2019 16:02:55;31.5;1.51;316.1;345.70731312023776;306.25;Module 1,6_14;353.27;47,56;31,94;1,63;51,93;-4,36
02,09.2019 09:17:06;35.5;1.38;292;281.4550668038918;288.5;Module 1,6_14;307.58;48,99;36,06;1,29;46,55;2,44
02,09.2019 09:19:01;35.6;1.4;293.5;283.5116705244598;289.25;Module 1,6_14;309.29;49,84;35,80;1,30;46,62;3,22
02,09.2019 09:24:49;34.5;1.45;293.5;289.68025992117987;290.78;Module 1,6_14;314.49;50,02;35,83;1,33;47,76;2,27
02,09.2019 09:26:43;34.3;1.51;293.5;306.9875254306045;291.17;Module 1,6_14;332.79;51,79;35,89;1,42;50,95;0,84
02,09.2019 09:32:26;34.3;1.62;294;324.8510342225487;291.92;Module 1,6_14;350.71;55,57;35,87;1,51;54,13;1,44
02,09.2019 09:34:26;34.2;1.67;295.5;330.0347317702214;292.22;Module 1,6_14;355.83;57,11;35,62;1,54;54,71;2,41
02,09.2019 09:36:19;34.3;1.71;295.5;339.94555008598576;292.66;Module 1,6_14;366.07;58,65;35,64;1,59;56,52;2,13
02,09.2019 09:38:11;34.1;1.74;295.5;347.4822752242227;293.03;Module 1,6_14;373.75;59,33;35,66;1,62;57,90;1,43
02,09.2019 09:40:10;34.1;1.78;295.5;355.0473782421283;293.2;Module 1,6_14;381.43;60,70;35,69;1,66;59,28;1,41
02,09.2019 09:42:05;34.1;1.82;295.5;360.21602604359094;293.39;Module 1,6_14;386.55;62,06;35,70;1,69;60,23;1,83
02,09.2019 09:43:58;34.1;1.85;296;370.15221397241976;293.37;Module 1,6_14;396.79;63,09;35,63;1,74;61,90;1,18
02,09.2019 09:45:52;34.1;1.88;296;377.70940754787523;293.15;Module 1,6_14;404.47;64,11;35,65;1,78;63,28;0,83
02,09.2019 09:47:49;34.2;1.9;297.5;380.49345575919847;293.03;Module 1,6_14;407.03;64,98;35,39;1,79;63,34;1,64
02,09.2019 09:49:57;34.5;1.95;297.5;390.4932007192514;292.95;Module 1,6_14;417.27;67,27;35,41;1,84;65,16;2,12
02,09.2019 09:51:50;34.2;1.99;298;398.0528437444659;292.95;Module 1,6_14;424.95;68,06;35,34;1,88;66,37;1,69
02,09.2019 09:53:42;34.3;2.02;298;408.0121533885151;292.83;Module 1,6_14;435.19;69,29;35,36;1,93;68,17;1,12
02,09.2019 09:55:51;34.5;2.04;298;413.2279143284992;293;Module 1,6_14;440.31;70,38;35,37;1,95;69,11;1,27
02,09.2019 09:57:45;34.3;2.08;299.5;420.79812294481735;293.24;Module 1,6_14;447.99;71,34;35,11;1,99;69,97;1,37
02,09.2019 09:59:39;34.5;2.1;299.5;428.37069633459106;293.37;Module 1,6_14;455.67;72,45;35,13;2,03;71,33;1,12
02,09.2019 10:01:33;34.5;2.14;299.5;435.9455358378794;293.48;Module 1,6_14;463.35;73,83;35,13;2,07;72,68;1,15
02,09.2019 10:03:41;34.5;2.17;299.5;443.5650400791197;293.4;Module 1,6_14;471.03;74,86;35,15;2,11;74,05;0,82
02,09.2019 10:05:35;34.5;2.22;299.5;451.14370450976185;293.24;Module 1,6_14;478.71;76,59;35,16;2,14;75,40;1,19
02,09.2019 10:07:27;34.3;2.26;301.5;458.7184371399219;293.55;Module 1,6_14;486.39;77,52;34,81;2,18;76,02;1,50
02,09.2019 10:09:21;34.3;2.29;301.5;466.3010967221569;293.9;Module 1,6_14;494.07;78,55;34,82;2,22;77,36;1,19
02,09.2019 10:11:19;34.3;2.32;301.5;471.47935673050443;294.32;Module 1,6_14;499.19;79,58;34,83;2,25;78,28;1,30
02,09.2019 10:13:12;34.3;2.36;301.5;479.0609933854322;294.59;Module 1,6_14;506.87;80,95;34,84;2,29;79,62;1,33
02,09.2019 10:15:04;34.2;2.39;301.5;484.22044828557324;295;Module 1,6_14;511.99;81,74;34,84;2,31;80,53;1,21
02,09.2019 10:17:09;34.1;2.43;303.5;491.8376285958488;295.56;Module 1,6_14;519.67;82,86;34,49;2,35;81,07;1,79
02,09.2019 10:19:03;34.1;2.46;303.5;499.4254253347898;295.88;Module 1,6_14;527.35;83,89;34,50;2,39;82,40;1,49
02,09.2019 10:20:56;34.2;2.49;303.5;507.0120820288178;295.78;Module 1,6_14;535.03;85,16;34,51;2,43;83,72;1,43
02,09.2019 10:22:56;34.2;2.53;303.5;514.619321184618;295.6;Module 1,6_14;542.71;86,53;34,51;2,46;85,05;1,47
02,09.2019 10:24:54;34.1;2.57;303.5;519.7933686519718;295.7;Module 1,6_14;547.83;87,64;34,52;2,49;85,96;1,68
02,09.2019 10:26:47;34.1;2.63;303.5;532.243698096416;295.46;Module 1,6_14;560.63;89,68;34,52;2,55;88,13;1,55
02,09.2019 10:28:39;34.1;2.65;303.5;539.8348042759204;295.09;Module 1,6_14;568.31;90,36;34,53;2,59;89,45;0,91
02,09.2019 10:30:32;34.2;2.66;304;542.5637990201096;294.91;Module 1,6_14;570.87;90,97;34,44;2,60;89,70;1,27
02,09.2019 10:32:31;34.3;2.69;304;552.6075092645077;294.76;Module 1,6_14;581.11;92,27;34,45;2,65;91,45;0,82
02,09.2019 10:34:25;34.3;2.73;304;562.6420522948058;294.65;Module 1,6_14;591.35;93,64;34,45;2,70;93,19;0,45
02,09.2019 10:36:19;34.2;2.77;304;567.8063430197578;294.71;Module 1,6_14;596.47;94,73;34,45;2,73;94,09;0,65
02,09.2019 10:38:15;34;2.83;304;575.4125380144442;294.82;Module 1,6_14;604.15;96,22;34,45;2,77;95,41;0,81
02,09.2019 10:40:15;33.9;2.86;305.1;583.0297226629338;294.92;Module 1,6_14;611.83;96,95;34,27;2,81;96,19;0,76
02,09.2019 10:42:08;34;2.88;305.1;590.6304099137329;295.39;Module 1,6_14;619.51;97,92;34,27;2,85;97,50;0,42
02,09.2019 10:44:01;34;2.9;305.1;595.7903683503835;296.03;Module 1,6_14;624.63;98,60;34,27;2,87;98,39;0,21
02,09.2019 10:45:54;34;2.92;305.1;600.9491264817549;296.41;Module 1,6_14;629.75;99,28;34,27;2,90;99,28;0,00
02,09.2019 10:47:46;34;2.95;305.1;606.1043357302796;296.73;Module 1,6_14;634.87;100,30;34,27;2,92;100,16;0,14
02,09.2019 10:49:55;34;3;307.6;613.7436248328448;296.84;Module 1,6_14;642.55;102,00;33,82;2,96;100,19;1,81
02,09.2019 10:51:49;33.7;3.04;307.6;618.9019212240173;296.98;Module 1,6_14;647.67;102,45;33,82;2,99;101,07;1,38
02,09.2019 10:53:42;33.7;3.05;307.6;624.056772788206;297.12;Module 1,6_14;652.79;102,78;33,82;3,01;101,94;0,84
02,09.2019 10:55:35;33.7;3.05;307.6;628.0629075295386;297.18;Module 1,6_14;656.71;102,78;33,83;3,03;102,62;0,17
02,09.2019 10:57:30;33.9;3.07;307.6;636.2622062342571;296.92;Module 1,6_14;665.01;104,07;33,83;3,07;104,01;0,07
02,09.2019 10:59:24;33.9;3.13;308.1;645.1784779309959;296.98;Module 1,6_14;674.06;106,11;33,73;3,12;105,24;0,86
02,09.2019 11:01:16;33.9;3.12;308.1;644.4595324490543;297.2;Module 1,6_14;673.05;105,77;33,73;3,12;105,12;0,65
02,09.2019 11:03:09;33.9;3.18;309.6;653.3353629133627;297.22;Module 1,6_14;682.06;107,80;33,47;3,16;105,79;2,01
02,09.2019 11:05:25;33.6;3.23;309.6;654.6058303135267;297.29;Module 1,6_14;683.08;108,53;33,47;3,17;106,00;2,53
02,09.2019 11:07:18;33.3;3.26;309.6;661.8812398970723;297.63;Module 1,6_14;690.42;108,56;33,47;3,20;107,22;1,34
02,09.2019 11:09:12;33.2;3.28;309.6;668.4209470522965;297.8;Module 1,6_14;696.99;108,90;33,47;3,24;108,31;0,59
02,09.2019 11:11:11;33.5;3.3;309.6;678.7509952629844;297.36;Module 1,6_14;707.5;110,55;33,47;3,29;110,03;0,52
02,09.2019 11:13:07;33.6;3.31;309.6;681.5149300574637;297.03;Module 1,6_14;710.13;111,22;33,47;3,30;110,49;0,72
02,09.2019 11:14:59;33.7;3.31;309.6;691.6122774948007;297.17;Module 1,6_14;720.41;111,55;33,46;3,35;112,18;-0,63
02,09.2019 11:16:52;33.7;3.37;309.6;698.3241033599346;297.18;Module 1,6_14;727.16;113,57;33,46;3,39;113,29;0,28
02,09.2019 11:18:45;33.5;3.42;310.1;701.731425755853;297.4;Module 1,6_14;730.47;114,57;33,38;3,40;113,56;1,01
02,09.2019 11:20:43;33.4;3.43;310.1;697.6894791152695;297.93;Module 1,6_14;726.02;114,56;33,38;3,38;112,89;1,67
02,09.2019 11:22:36;33.2;3.51;311.6;709.1459704116323;298.25;Module 1,6_14;737.71;116,53;33,10;3,44;113,88;2,65
02,09.2019 11:24:28;33;3.56;311.6;718.7670418996049;298.42;Module 1,6_14;747.49;117,48;33,10;3,49;115,46;2,02
02,09.2019 11:26:21;33;3.59;311.6;728.4978081828988;298.64;Module 1,6_14;757.38;118,47;33,09;3,54;117,06;1,41
02,09.2019 11:28:14;33.1;3.59;311.6;734.728284055974;298.94;Module 1,6_14;763.63;118,83;33,09;3,57;118,08;0,75
02,09.2019 11:30:07;33.2;3.08;311.6;680.3156382146402;299.25;Module 1,6_14;706.87;102,26;33,11;3,30;109,14;-6,88
02,09.2019 11:32:00;33.2;3.6;311.6;743.4438001080779;299.33;Module 1,6_14;772.24;119,52;33,09;3,61;119,51;0,01
02,09.2019 11:33:52;33;3.65;311.6;747.687120818545;299.6;Module 1,6_14;776.43;120,45;33,09;3,63;120,20;0,25
02,09.2019 11:35:47;32.9;3.67;311.6;749.3821100341219;299.67;Module 1,6_14;777.97;120,74;33,09;3,64;120,48;0,26
02,09.2019 11:37:40;32.9;3.73;312.1;755.5896551417572;299.78;Module 1,6_14;784.2;122,72;32,99;3,67;121,17;1,54
02,09.2019 11:39:33;32.8;3.78;312.1;762.124745003492;299.85;Module 1,6_14;790.77;123,98;32,99;3,71;122,24;1,75
02,09.2019 11:41:42;32.6;3.82;312.1;771.6576803086023;300.1;Module 1,6_14;800.42;124,53;32,98;3,75;123,79;0,74
02,09.2019 11:43:35;32.6;3.81;312.1;776.0140099699256;300.33;Module 1,6_14;804.73;124,21;32,98;3,77;124,50;-0,29
02,09.2019 11:45:29;32.6;3.8;312.1;779.7922418994774;300.27;Module 1,6_14;808.44;123,88;32,98;3,79;125,11;-1,23
02,09.2019 11:47:21;32.8;3.85;313.6;792.6154671800343;299.66;Module 1,6_14;821.53;126,28;32,71;3,86;126,17;0,11
02,09.2019 11:49:14;32.7;3.88;313.6;794.6736834762993;299.28;Module 1,6_14;823.46;126,88;32,71;3,87;126,50;0,37
02,09.2019 11:51:07;32.8;3.87;313.6;792.115680351905;299.35;Module 1,6_14;820.61;126,94;32,71;3,85;126,09;0,84
02,09.2019 11:52:59;32.8;3.94;313.6;808.2824661722357;299.35;Module 1,6_14;837.16;129,23;32,70;3,94;128,69;0,54
02,09.2019 11:54:53;32.6;4;313.6;810.9755385611486;298.95;Module 1,6_14;839.75;130,40;32,70;3,95;129,13;1,27
02,09.2019 11:56:45;32.4;4.01;313.6;818.0392344962045;298.95;Module 1,6_14;846.87;129,92;32,70;3,98;130,26;-0,34
02,09.2019 11:58:39;32.4;4.07;313.6;825.4156526114627;299.07;Module 1,6_14;854.31;131,87;32,69;4,02;131,44;0,42
02,09.2019 12:00:32;32.4;4.09;313.6;830.4810702469598;299.1;Module 1,6_14;859.36;132,52;32,69;4,05;132,26;0,26
02,09.2019 12:02:24;32.4;4.14;314.1;841.0634999308687;298.93;Module 1,6_14;870.12;134,14;32,59;4,10;133,59;0,55
02,09.2019 12:04:18;32.3;4.21;314.1;856.3786483248065;299.01;Module 1,6_14;885.77;135,98;32,58;4,18;136,03;-0,05
02,09.2019 12:06:10;32.2;2.98;315.6;880.9583044375272;299.16;Module 1,6_14;911;95,96;32,29;4,30;138,79;-42,83
02,09.2019 12:08:03;32.3;4.24;315.6;861.770397366847;298.77;Module 1,6_14;890.97;136,95;32,30;4,20;135,76;1,19
02,09.2019 12:10:05;32.4;4.19;315.6;848.8254686878115;298.46;Module 1,6_14;877.39;135,76;32,31;4,14;133,72;2,04
02,09.2019 12:11:58;32.4;4.2;315.6;857.3881668541108;298.28;Module 1,6_14;886.06;136,08;32,31;4,18;135,07;1,01
02,09.2019 12:13:51;32.3;4.25;315.6;867.8969946302935;298.62;Module 1,6_14;896.74;137,27;32,30;4,23;136,73;0,55
02,09.2019 12:15:44;32.3;4.28;315.6;869.7338211507163;298.89;Module 1,6_14;898.46;138,24;32,30;4,24;137,02;1,22
02,09.2019 12:17:40;32.2;4.3;315.6;873.2579265718318;299.3;Module 1,6_14;901.92;138,46;32,30;4,26;137,57;0,89
02,09.2019 12:19:38;32.1;4.31;315.6;871.8834838624844;299.82;Module 1,6_14;900.32;138,35;32,30;4,25;137,36;0,99
02,09.2019 12:21:36;32.2;4.29;315.6;880.695473327055;300.02;Module 1,6_14;909.24;138,14;32,29;4,30;138,75;-0,61
02,09.2019 12:27:14;32.9;4.51;315.6;914.62345580167;298.69;Module 1,6_14;943.75;148,38;32,27;4,47;144,08;4,30
02,09.2019 12:29:07;32.4;4.49;315.6;912.4017212966422;299.06;Module 1,6_14;941.29;145,48;32,27;4,45;143,73;1,75
02,09.2019 12:30:59;32.2;4.48;315.6;897.4655245847047;299.71;Module 1,6_14;925.72;144,26;32,28;4,38;141,38;2,87
02,09.2019 12:32:52;32.1;4.63;315.6;741.8760824006727;300.16;Module 1,6_14;765.1;148,62;32,38;3,60;116,70;31,93
02,09.2019 12:34:51;32.3;0.85;315.6;355.0219025248265;299.78;Module 1,6_14;366.07;27,45;32,05;1,67;53,61;-26,15
02,09.2019 12:44:44;34;4.45;311.6;913.0589165702393;296.24;Module 1,6_14;940.67;151,30;32,98;4,46;147,00;4,30
02,09.2019 12:46:43;33.5;4.56;311.6;930.556502636254;296.97;Module 1,6_14;958.54;152,76;32,96;4,54;149,81;2,95
02,09.2019 12:48:37;33.1;4.59;311.6;940.8077383814718;297.74;Module 1,6_14;968.95;151,93;32,95;4,60;151,44;0,49
02,09.2019 12:50:35;32.9;4.69;311.6;937.9744768643599;298.4;Module 1,6_14;965.88;154,30;32,95;4,58;150,99;3,31
02,09.2019 12:52:35;32.7;4.67;311.6;953.8276074703454;299.32;Module 1,6_14;982.05;152,71;32,94;4,66;153,52;-0,81
02,09.2019 12:56:23;34.4;4.42;311.6;957.5462406441824;298.84;Module 1,6_14;985.59;152,05;32,94;4,68;154,11;-2,07
02,09.2019 12:58:19;32.8;4.7;312.1;967.6358920088646;298.63;Module 1,6_14;995.83;154,16;32,84;4,73;155,30;-1,14
02,09.2019 13:00:13;32.6;4.76;312.1;972.7482209783535;298.98;Module 1,6_14;1000.95;155,18;32,83;4,76;156,11;-0,94
02,09.2019 13:04:00;32;2.32;312.1;552.4497616390975;298.85;Module 1,6_14;568.31;74,24;32,99;2,66;87,69;-13,45
02,09.2019 13:05:54;33.3;4.9;312.1;1000.5250705185745;299.05;Module 1,6_14;1029.11;163,17;32,80;4,89;160,51;2,66
02,09.2019 13:08:04;32.8;4.99;312.1;1018.1017589547344;299.84;Module 1,6_14;1047.03;163,67;32,78;4,98;163,28;0,39
02,09.2019 13:09:57;32.4;5.08;312.1;1030.6819173407607;300.02;Module 1,6_14;1059.83;164,59;32,77;5,04;165,27;-0,67
02,09.2019 13:11:50;31.7;4.96;312.1;1005.9146995590854;299.65;Module 1,6_14;1034.23;157,23;32,80;4,92;161,36;-4,13
02,09.2019 13:13:43;32.1;5.08;312.1;1030.9438392019472;300.2;Module 1,6_14;1059.83;163,07;32,77;5,05;165,31;-2,24
02,09.2019 13:15:35;31.8;5.11;312.1;1036.0519414386085;300.97;Module 1,6_14;1064.95;162,50;32,77;5,07;166,11;-3,61
02,09.2019 13:17:28;31.4;5.17;314.1;1048.6330864390488;301.92;Module 1,6_14;1077.75;162,34;32,39;5,13;166,26;-3,92
02,09.2019 13:19:21;31.1;4.68;314.1;1036.304030171063;301.86;Module 1,6_14;1064.95;145,55;32,41;5,07;164,34;-18,80
02,09.2019 13:21:22;31.5;1.27;316.1;296.77525029542403;301.35;Module 1,6_14;304.94;40,01;31,76;1,38;43,88;-3,88
02,09.2019 13:23:16;31;4.95;316.1;1051.5090326156314;300.84;Module 1,6_14;1080.31;153,45;32,03;5,15;164,86;-11,41
02,09.2019 13:25:10;31.9;5.22;316.1;1054.1235275679505;300.89;Module 1,6_14;1082.87;166,52;32,03;5,16;165,26;1,25
02,09.2019 13:32:46;33.6;1.43;316.1;297.40666516922647;299.22;Module 1,6_14;305.38;48,05;31,76;1,39;43,99;4,06
02,09.2019 13:34:41;33.9;1.88;316.1;513.637110697421;298.26;Module 1,6_14;527.35;63,73;32,24;2,47;79,48;-15,75
02,09.2019 13:36:34;32.9;5.39;314.1;1097.2157814457187;298.25;Module 1,6_14;1126.39;177,33;32,34;5,37;173,77;3,56
02,09.2019 13:38:27;32.5;3.13;314.1;638.617714053852;298.49;Module 1,6_14;655.53;101,72;32,66;3,09;100,88;0,84
02,09.2019 13:44:16;32.4;1.5;313.6;305.44845691196105;298.13;Module 1,6_14;313.44;48,60;32,25;1,42;45,92;2,68
02,09.2019 13:46:08;32.7;1.77;312.1;384.2157917748942;298.12;Module 1,6_14;394.23;57,88;32,77;1,82;59,53;-1,65
02,09.2019 13:48:01;33.2;1.91;312.1;354.3101983238619;298.04;Module 1,6_14;363.51;63,41;32,69;1,67;54,50;8,91
02,09.2019 13:57:45;33.3;1.58;309.6;327.01763746865726;297.02;Module 1,6_14;335.35;52,61;33,06;1,53;50,57;2,05
02,09.2019 13:59:41;33.7;1.64;308.1;334.53673117612624;296.58;Module 1,6_14;343.03;55,27;33,36;1,57;52,25;3,02
02,09.2019 14:03:51;33.8;5.11;307.6;1058.7539243732617;297.24;Module 1,6_14;1085.43;172,72;33,53;5,18;173,79;-1,07
02,09.2019 14:05:43;33;4.92;307.6;1011.3921110290563;298.37;Module 1,6_14;1036.79;162,36;33,59;4,95;166,16;-3,80
02,09.2019 14:07:37;32.5;4.92;307.6;1013.9724595363372;299.6;Module 1,6_14;1039.35;159,90;33,59;4,96;166,57;-6,67
02,09.2019 14:09:29;32.2;4.87;309.6;999.0665390401532;300.38;Module 1,6_14;1023.99;156,81;33,25;4,89;162,44;-5,63
02,09.2019 14:11:23;32.1;4.83;309.6;996.647725604266;300.57;Module 1,6_14;1021.43;155,04;33,25;4,87;162,05;-7,01
02,09.2019 14:13:16;32;4.82;309.6;991.728391122403;300.68;Module 1,6_14;1016.31;154,24;33,26;4,85;161,26;-7,02
02,09.2019 14:15:09;31.6;4.92;311.6;1006.7931163054902;301.06;Module 1,6_14;1031.67;155,47;32,88;4,92;161,94;-6,47
02,09.2019 14:17:02;31.4;5.09;311.6;1034.3510197372261;301.33;Module 1,6_14;1059.83;159,83;32,85;5,06;166,29;-6,47
02,09.2019 14:18:57;31.2;5.21;313.6;1059.4143106833021;302.05;Module 1,6_14;1085.43;162,55;32,47;5,19;168,39;-5,84
02,09.2019 14:20:26;31.1;5.25;313.6;1071.9681544442294;302.34;Module 1,6_14;1098.23;163,28;32,45;5,25;170,34;-7,06
02,09.2019 14:22:21;31;5.37;313.6;1082.0410485610057;302.58;Module 1,6_14;1108.47;166,47;32,45;5,30;171,90;-5,43
02,09.2019 14:31:58;32.3;1.41;317.6;304.6353308388057;297.45;Module 1,6_14;311.97;45,54;31,52;1,42;44,81;0,74
02,09.2019 14:33:51;33.9;1.75;315.6;404.9851727826702;297.28;Module 1,6_14;414.71;59,32;32,18;1,92;61,84;-2,52
02,09.2019 14:35:45;32.9;1.8;315.6;365.0082347461524;297.58;Module 1,6_14;373.75;59,22;32,08;1,72;55,25;3,97
02,09.2019 14:37:42;32.8;5.3;312.1;1107.6135954880938;297.6;Module 1,6_14;1134.07;173,84;32,68;5,43;177,30;-3,46
02,09.2019 14:40:35;32.4;1.67;312.1;330.0564388231073;297.69;Module 1,6_14;337.91;54,11;32,62;1,55;50,42;3,69
02,09.2019 14:48:14;33.8;2.05;309.6;407.66248582836204;296.97;Module 1,6_14;417.27;69,29;33,27;1,93;64,30;4,99
02,09.2019 14:50:07;33.2;1.46;309.6;297.9048473132085;296.99;Module 1,6_14;304.91;48,47;32,95;1,38;45,61;2,87
02,09.2019 14:52:00;33.2;1.72;308.1;355.17633164654126;297.11;Module 1,6_14;363.51;57,10;33,42;1,67;55,79;1,31
02,09.2019 14:55:47;32.7;1.75;308.1;355.21067899905074;298.35;Module 1,6_14;363.51;57,23;33,42;1,67;55,80;1,43
02,09.2019 14:57:40;32.9;2.77;307.6;397.75543995199484;298.75;Module 1,6_14;407.03;91,13;33,62;1,88;63,26;27,87
02,09.2019 14:59:32;32.9;1.92;307.6;390.2677980881095;298.59;Module 1,6_14;399.35;63,17;33,59;1,84;61,97;1,19
02,09.2019 15:01:26;33.7;5.14;307.6;1160.8668600385408;298.34;Module 1,6_14;1187.83;173,22;33,40;5,69;190,08;-16,86
02,09.2019 15:03:21;33.3;5.44;308.1;1113.3788401002257;298.92;Module 1,6_14;1139.19;181,15;33,38;5,45;182,05;-0,90
02,09.2019 15:05:19;32.5;3.81;308.1;764.0994798157128;299.89;Module 1,6_14;781.78;123,83;33,70;3,71;125,17;-1,35
02,09.2019 15:07:25;33.3;4.14;310.1;746.0507111888373;299.44;Module 1,6_14;763.28;137,86;33,36;3,62;120,89;16,97
02,09.2019 15:09:18;33;4.78;310.1;990.9046600696826;299.1;Module 1,6_14;1013.75;157,74;33,16;4,85;160,71;-2,97
02,09.2019 15:11:11;32.5;4.75;311.6;978.4290720655472;299.46;Module 1,6_14;1000.95;154,38;32,91;4,78;157,44;-3,06
02,09.2019 15:13:07;32.1;4.69;311.6;973.4596438749659;299.82;Module 1,6_14;995.83;150,55;32,92;4,76;156,65;-6,10
02,09.2019 15:14:59;32;4.73;311.6;975.9950708989592;300.04;Module 1,6_14;998.39;151,36;32,91;4,77;157,05;-5,69
02,09.2019 15:16:53;32.1;4.58;313.1;996.0485408480235;300.35;Module 1,6_14;1018.87;147,02;32,63;4,87;158,94;-11,92
02,09.2019 15:18:49;31.9;5.01;313.1;1018.6052218976799;301.16;Module 1,6_14;1041.91;159,82;32,60;4,98;162,48;-2,66
02,09.2019 15:22:38;31.3;3.66;315.6;485.5504628265476;301.26;Module 1,6_14;496.63;114,56;32,30;2,32;75,09;39,46
02,09.2019 15:37:56;33.2;1.81;309.6;510.6710823270496;296.87;Module 1,6_14;522.23;60,09;33,41;2,45;81,79;-21,70
02,09.2019 15:40:02;33.1;1.55;308.1;315.98335327567514;296.82;Module 1,6_14;323.13;51,31;33,30;1,47;49,06;2,24
02,09.2019 15:43:49;33.3;1.85;308.1;365.49340718743747;296.91;Module 1,6_14;373.75;61,60;33,45;1,72;57,56;4,04
02,09.2019 15:45:42;32.9;1.48;307.6;303.7906460390116;297.11;Module 1,6_14;310.65;48,69;33,34;1,41;47,09;1,61
02,09.2019 15:47:38;33;1.48;307.6;306.76643177153136;297.06;Module 1,6_14;313.69;48,84;33,35;1,43;47,60;1,24
02,09.2019 15:49:33;33.4;3.22;305.1;741.4321408114031;297.17;Module 1,6_14;758.16;107,55;34,25;3,60;123,28;-15,73
02,09.2019 15:51:25;34.6;2.5;305.1;528.2354345477843;297.68;Module 1,6_14;540.15;86,50;34,23;2,53;86,73;-0,23
02,09.2019 15:53:18;33.5;4.54;307.6;1033.9534837561762;297.99;Module 1,6_14;1057.27;152,09;33,56;5,06;169,80;-17,71
02,09.2019 15:55:11;33.3;4.95;307.6;1016.4315800972162;298.96;Module 1,6_14;1039.35;164,83;33,58;4,97;166,97;-2,14
02,09.2019 15:57:04;32.8;4.87;307.6;1003.9150442386551;299.64;Module 1,6_14;1026.55;159,74;33,59;4,91;164,95;-5,21
02,09.2019 15:58:57;32.4;4.85;309.6;996.4039339787263;300.2;Module 1,6_14;1018.87;157,14;33,25;4,87;162,01;-4,87
02,09.2019 16:00:50;32.2;3.83;309.6;858.2568797399562;300.62;Module 1,6_14;877.61;123,33;33,38;4,18;139,66;-16,33
02,09.2019 16:02:45;31.7;4;311.6;805.8063648920252;301.2;Module 1,6_14;823.98;126,80;33,05;3,92;129,69;-2,89
02,09.2019 16:04:42;31;2.12;311.6;408.06434273524326;301.5;Module 1,6_14;417.27;65,72;32,91;1,94;63,70;2,02
02,09.2019 16:06:34;31.5;1.97;311.6;400.55082698069157;301.52;Module 1,6_14;409.59;62,05;32,90;1,90;62,44;-0,38
02,09.2019 16:08:27;31.9;3.85;312.1;880.051711970824;301.42;Module 1,6_14;899.92;122,81;32,91;4,29;141,32;-18,50
02,09.2019 16:10:20;32.7;2.62;312.1;701.2993667859934;301.96;Module 1,6_14;717.14;85,67;33,02;3,40;112,29;-26,62
02,09.2019 16:12:13;32.8;4.19;313.6;853.0797903282743;302.39;Module 1,6_14;872.36;137,43;32,67;4,16;135,87;1,56
02,09.2019 16:14:05;32.2;4.16;313.6;846.0265588148379;302.73;Module 1,6_14;865.16;133,95;32,67;4,12;134,75;-0,79
02,09.2019 16:15:58;32;4.03;313.6;823.4628398044085;303.04;Module 1,6_14;842.1;128,96;32,69;4,01;131,13;-2,17
02,09.2019 16:18:08;32;4.08;315.6;843.1096040137089;303.09;Module 1,6_14;862.21;130,56;32,32;4,11;132,81;-2,25
02,09.2019 16:20:06;31.9;4.11;315.6;838.9941127522795;303.54;Module 1,6_14;858.02;131,11;32,32;4,09;132,16;-1,05
02,09.2019 16:22:00;31.7;4.1;315.6;826.341452250218;304.01;Module 1,6_14;845.1;129,97;32,33;4,03;130,16;-0,19
02,09.2019 16:23:54;31.7;3.77;315.6;796.1658852424829;303.96;Module 1,6_14;814.26;119,51;32,35;3,88;125,36;-5,86
02,09.2019 16:25:47;31.7;4.2;315.6;853.2938685038514;303.38;Module 1,6_14;872.71;133,14;32,31;4,16;134,42;-1,28
02,09.2019 16:27:40;31.8;4.1;317.6;834.5454787119376;303.28;Module 1,6_14;853.56;130,38;31,97;4,07;130,00;0,38
02,09.2019 16:29:34;31.9;4.14;317.6;842.4480647880828;303.39;Module 1,6_14;861.67;132,07;31,96;4,11;131,24;0,83
02,09.2019 16:31:27;31.8;4.17;317.6;842.6934152703908;303.66;Module 1,6_14;861.95;132,61;31,96;4,11;131,28;1,33
02,09.2019 16:33:20;31.8;4.13;317.6;837.237288428912;303.98;Module 1,6_14;856.4;131,33;31,97;4,08;130,42;0,91
02,09.2019 16:43:02;34.2;3.99;315.6;815.733336249044;300.43;Module 1,6_14;834.59;136,46;32,34;3,97;128,48;7,98
02,09.2019 16:44:54;33.1;4.01;315.6;817.6272504991213;300.99;Module 1,6_14;836.57;132,73;32,34;3,98;128,78;3,95
02,09.2019 17:09:26;34.8;2.08;305.1;404.94172980320945;296.61;Module 1,6_14;414.71;72,38;34,08;1,92;65,32;7,07
02,09.2019 17:11:19;34.5;1.46;304;357.413447901369;297;Module 1,6_14;366.07;50,37;34,16;1,68;57,34;-6,97
02,09.2019 17:15:04;34.1;3.12;304;666.734590811581;297.09;Module 1,6_14;683.02;106,39;34,46;3,23;111,17;-4,78
02,09.2019 17:16:57;34.3;3.18;304;662.8274817139843;297.64;Module 1,6_14;679.09;109,07;34,46;3,21;110,50;-1,43
02,09.2019 17:19:05;33.9;3.08;304;647.5194259879092;298.39;Module 1,6_14;663.49;104,41;34,47;3,13;107,87;-3,45
02,09.2019 17:20:58;33.7;3.01;305.1;634.5050541798596;299.29;Module 1,6_14;650.23;101,44;34,27;3,06;105,04;-3,60
02,09.2019 17:22:50;33.6;2.97;305.1;621.9404102577901;299.99;Module 1,6_14;637.43;99,79;34,27;3,00;102,88;-3,09
02,09.2019 17:30:29;32.3;1.43;305.1;499.2800221717563;297.32;Module 1,6_14;511.99;46,19;34,21;2,39;81,72;-35,53
02,09.2019 17:32:22;34.6;2.67;305.1;571.5939816999443;297.35;Module 1,6_14;586.23;92,38;34,26;2,75;94,22;-1,84
02,09.2019 17:51:28;33.3;2.4;302;518.2328924771152;295;Module 1,6_14;532.47;79,92;34,78;2,48;86,32;-6,40
02,09.2019 17:53:23;35.5;2.39;302;513.1354471450496;295.82;Module 1,6_14;527.35;84,84;34,77;2,46;85,42;-0,58
02,09.2019 17:55:17;34.9;2.37;302;505.54650456901436;296.89;Module 1,6_14;519.67;82,71;34,77;2,42;84,09;-1,38
02,09.2019 17:57:19;34.4;2.32;302;490.4787803544618;297.82;Module 1,6_14;504.31;79,81;34,76;2,34;81,43;-1,63
02,09.2019 17:59:11;34.2;2.26;303.5;480.4026200083842;298.48;Module 1,6_14;494.07;77,29;34,48;2,29;79,07;-1,78
02,09.2019 18:01:05;34.1;2.24;303.5;475.30190507941904;299.14;Module 1,6_14;488.95;76,38;34,48;2,27;78,18;-1,79
02,09.2019 18:03:01;34;2.2;304;467.708959101184;299.79;Module 1,6_14;481.27;74,80;34,38;2,23;76,66;-1,86
02,09.2019 18:05:06;33.9;2.14;304;455.1305883301522;300.1;Module 1,6_14;468.47;72,55;34,36;2,17;74,46;-1,91
02,09.2019 18:06:59;33.9;2.1;305.1;445.0541916483447;300.53;Module 1,6_14;458.23;71,19;34,15;2,12;72,30;-1,11
02,09.2019 18:08:53;33.8;2.06;305.1;437.4630944202378;300.85;Module 1,6_14;450.55;69,63;34,13;2,08;70,98;-1,35
02,09.2019 18:10:48;33.7;2.06;305.1;424.9004293235865;301.17;Module 1,6_14;437.75;69,42;34,12;2,02;68,79;0,63
02,09.2019 18:37:13;35.4;1.44;300;326.02182347093026;294.84;Module 1,6_14;337.91;50,98;34,80;1,52;52,85;-1,87
02,09.2019 18:39:06;35.2;1.41;300;318.4249352448518;295.46;Module 1,6_14;330.23;49,63;34,77;1,48;51,49;-1,86
02,09.2019 18:40:58;35;1.4;301.5;308.9217513707321;296.2;Module 1,6_14;320.57;49,00;34,46;1,43;49,43;-0,43
03,09.2019 09:20:54;34.7;1.39;288.9;279.0973680065767;286.49;Module 1,6_14;304.49;48,23;36,60;1,28;46,74;1,49
03,09.2019 09:22:46;35.2;1.42;288.9;286.3839852692412;287.01;Module 1,6_14;311.94;49,98;36,63;1,31;48,12;1,87
03,09.2019 09:24:40;34.8;1.46;288.9;294.5755325508009;287.5;Module 1,6_14;320.36;50,81;36,66;1,35;49,66;1,15
03,09.2019 09:26:32;34.7;1.51;288.9;301.348356589776;287.75;Module 1,6_14;327.24;52,40;36,70;1,39;50,94;1,46
03,09.2019 09:28:26;34.6;1.54;291.5;309.2662407851783;288.06;Module 1,6_14;335.35;53,28;36,26;1,43;51,84;1,45
03,09.2019 09:30:18;34.5;1.6;291.5;283.345560960047;288.47;Module 1,6_14;306.82;55,20;36,16;1,30;47,01;8,19
03,09.2019 09:32:11;34.1;1.53;292;307.74133535026965;288.62;Module 1,6_14;332.79;52,17;36,16;1,42;51,44;0,74
03,09.2019 09:34:05;34.5;1.65;292;331.8479101697385;288.94;Module 1,6_14;358.39;56,92;36,24;1,54;55,92;1,00
03,09.2019 09:35:57;34.6;1.68;292;337.0065629723287;289.19;Module 1,6_14;363.51;58,13;36,26;1,57;56,88;1,25
03,09.2019 09:37:50;34.5;1.72;293.5;342.16709974448594;289.4;Module 1,6_14;368.63;59,34;36,01;1,60;57,45;1,89
03,09.2019 09:39:42;34.5;1.76;293.5;349.7013109373499;289.6;Module 1,6_14;376.31;60,72;36,03;1,63;58,84;1,88
03,09.2019 09:41:35;34.5;1.78;294;354.8611472671649;289.85;Module 1,6_14;381.43;61,41;35,95;1,66;59,66;1,75
03,09.2019 09:43:27;34.6;1.81;294;362.40011575481645;290.13;Module 1,6_14;389.11;62,63;35,97;1,70;61,05;1,58
03,09.2019 09:45:20;34.6;1.85;294;369.9460303675197;290.42;Module 1,6_14;396.79;64,01;35,99;1,73;62,44;1,57
03,09.2019 09:47:16;34.7;1.88;295.5;372.726728948813;290.57;Module 1,6_14;399.35;65,24;35,73;1,75;62,52;2,72
03,09.2019 09:49:10;35;1.9;295.5;382.6692391889425;290.78;Module 1,6_14;409.59;66,50;35,75;1,80;64,34;2,16
03,09.2019 09:51:03;34.8;1.92;296;387.82806517699146;291;Module 1,6_14;414.71;66,82;35,67;1,83;65,13;1,69
03,09.2019 09:52:57;34.9;1.94;296;390.59221838764415;291.07;Module 1,6_14;417.27;67,71;35,68;1,84;65,63;2,07
03,09.2019 09:54:53;34.8;1.97;297.5;398.15375608405947;291.06;Module 1,6_14;424.95;68,56;35,43;1,88;66,54;2,01
03,09.2019 09:56:46;34.9;2.02;297.5;405.70857303860475;291.01;Module 1,6_14;432.63;70,50;35,45;1,92;67,91;2,59
03,09.2019 09:58:39;34.9;2.02;297.5;410.8633791849311;291.14;Module 1,6_14;437.75;70,50;35,45;1,94;68,84;1,66
03,09.2019 10:00:34;35;2.06;298;420.8324970976939;291.26;Module 1,6_14;447.99;72,10;35,38;1,99;70,48;1,62
03,09.2019 10:02:27;34.9;2.12;298;428.39517758101704;291.33;Module 1,6_14;455.67;73,99;35,39;2,03;71,84;2,15
03,09.2019 10:04:22;34.9;2.15;299.5;435.9663075541405;291.43;Module 1,6_14;463.35;75,03;35,13;2,07;72,69;2,35
03,09.2019 10:06:14;34.7;2.19;299.5;438.7096190867388;291.57;Module 1,6_14;465.91;75,99;35,14;2,08;73,18;2,82
03,09.2019 10:08:07;34.7;2.24;299.5;455.92505863836647;291.78;Module 1,6_14;483.83;77,73;35,16;2,17;76,26;1,47
03,09.2019 10:10:01;34.7;2.29;299.5;463.5033344896661;292.04;Module 1,6_14;491.51;79,46;35,17;2,21;77,61;1,85
03,09.2019 10:11:54;34.6;2.32;299.5;471.0806035994369;292.38;Module 1,6_14;499.19;80,27;35,18;2,24;78,97;1,31
03,09.2019 10:13:46;34.4;2.39;301.5;478.65687410133864;292.77;Module 1,6_14;506.87;82,22;34,84;2,28;79,54;2,67
03,09.2019 10:15:39;34.6;2.44;301.5;486.2378978874721;293.29;Module 1,6_14;514.55;84,42;34,84;2,32;80,88;3,54
03,09.2019 10:17:31;34.2;2.48;301.5;496.2385554235657;293.63;Module 1,6_14;524.79;84,82;34,85;2,37;82,65;2,17
03,09.2019 10:19:24;34.2;2.53;301.5;503.8246093536243;293.84;Module 1,6_14;532.47;86,53;34,86;2,41;83,99;2,54
03,09.2019 10:21:16;34.1;2.6;301.5;521.1045916496317;294.02;Module 1,6_14;550.39;88,66;34,88;2,50;87,04;1,62
03,09.2019 10:23:09;34;2.74;302;545.6766319169498;294.28;Module 1,6_14;575.99;93,16;34,80;2,62;91,14;2,02
03,09.2019 10:25:03;33.8;2.89;302;567.8465672592451;294.34;Module 1,6_14;599.03;97,68;34,80;2,73;95,03;2,65
03,09.2019 10:26:56;33.6;3.02;302;597.3161022994587;294.27;Module 1,6_14;629.75;101,47;34,82;2,88;100,19;1,28
03,09.2019 10:28:48;33.7;3.22;303.5;643.0936877205924;294.53;Module 1,6_14;677.63;108,51;34,55;3,11;107,37;1,14
03,09.2019 10:30:41;33.5;3.25;303.5;615.0034074045176;295.08;Module 1,6_14;647.67;108,88;34,55;2,97;102,51;6,36
03,09.2019 10:32:34;33.2;2.3;304;445.0841806284524;295.18;Module 1,6_14;468.47;76,36;34,34;2,12;72,70;3,66
03,09.2019 10:34:28;33.1;2.83;304;584.0336422655753;295.18;Module 1,6_14;614.39;93,67;34,46;2,81;96,90;-3,23
03,09.2019 10:36:20;33.7;2.81;304;572.1613364106796;295.12;Module 1,6_14;601.59;94,70;34,45;2,75;94,84;-0,15
03,09.2019 10:38:15;33.4;3.52;305.1;727.5266273831337;295.28;Module 1,6_14;764.55;117,57;34,25;3,53;120,92;-3,35
03,09.2019 10:40:08;33.1;2.64;305.1;694.5293256242071;295.57;Module 1,6_14;729.51;87,38;34,27;3,36;115,30;-27,92
03,09.2019 10:42:01;33.4;3.58;305.1;716.108981434297;295.72;Module 1,6_14;751.81;119,57;34,26;3,47;118,98;0,60
03,09.2019 10:43:54;33.3;2.62;305.1;575.7354584841484;295.88;Module 1,6_14;604.15;87,25;34,26;2,77;94,94;-7,69
03,09.2019 10:45:46;33.6;3.2;305.1;645.9250337849022;296.24;Module 1,6_14;677.49;107,52;34,27;3,12;107,00;0,52
03,09.2019 10:47:39;33;3.45;307.6;672.7564565441584;296.72;Module 1,6_14;705.31;113,85;33,82;3,26;110,17;3,68
03,09.2019 10:49:32;33;3.13;307.6;403.0750872828571;297.09;Module 1,6_14;422.39;103,29;33,63;1,91;64,18;39,11
03,09.2019 10:51:26;33;1.98;307.6;403.25348914291277;297.17;Module 1,6_14;422.39;65,34;33,63;1,91;64,21;1,13
03,09.2019 10:53:20;33.4;2.02;307.6;432.76924819352166;297.29;Module 1,6_14;453.11;67,47;33,68;2,06;69,28;-1,81
03,09.2019 10:55:15;32.8;2.62;308.1;540.5841755714217;297.41;Module 1,6_14;565.75;85,94;33,70;2,60;87,52;-1,59
03,09.2019 10:57:09;33.7;2.48;308.1;550.5976919336404;297.7;Module 1,6_14;575.99;83,58;33,71;2,65;89,23;-5,65
03,09.2019 10:59:03;33.4;2.43;308.1;474.92985263875767;297.98;Module 1,6_14;496.63;81,16;33,65;2,27;76,32;4,84
03,09.2019 11:01:01;33;2.53;309.6;538.8043060486777;297.84;Module 1,6_14;563.19;83,49;33,44;2,59;86,54;-3,05
03,09.2019 11:02:54;33.7;2.32;309.6;438.5591975468353;297.82;Module 1,6_14;458.23;78,18;33,33;2,09;69,56;8,63
03,09.2019 11:04:47;33.3;3.39;309.6;673.6236944618931;297.72;Module 1,6_14;703.57;112,89;33,47;3,26;109,18;3,71
03,09.2019 11:06:40;32.7;3.09;309.6;711.6698581939224;297.78;Module 1,6_14;743.03;101,04;33,46;3,45;115,51;-14,47
03,09.2019 11:08:32;33.2;3.35;309.6;719.8521878672261;297.94;Module 1,6_14;751.3;111,22;33,45;3,49;116,87;-5,65
03,09.2019 11:10:26;33.3;3.54;309.6;713.0396721634287;298.25;Module 1,6_14;743.92;117,88;33,46;3,46;115,74;2,14
03,09.2019 11:12:19;33.2;3.38;309.6;711.7187946676937;298.42;Module 1,6_14;742.28;112,22;33,46;3,45;115,52;-3,30
03,09.2019 11:14:11;33.4;3.44;311.6;698.3047288965189;298.55;Module 1,6_14;728.04;114,90;33,10;3,39;112,10;2,80
03,09.2019 11:16:04;33.3;3.41;311.6;695.6829198978991;298.7;Module 1,6_14;725.06;113,55;33,10;3,37;111,67;1,89
03,09.2019 11:17:56;33.1;3.42;311.6;694.6653961985113;298.56;Module 1,6_14;723.76;113,20;33,10;3,37;111,50;1,70
03,09.2019 11:19:49;32.9;3.47;311.6;694.7011357003385;298.56;Module 1,6_14;723.56;114,16;33,10;3,37;111,51;2,66
03,09.2019 11:21:42;32.8;3.51;311.6;700.1591404400912;298.71;Module 1,6_14;729.01;115,13;33,10;3,40;112,40;2,72
03,09.2019 11:23:36;32.5;3.54;312.1;702.774738731069;298.95;Module 1,6_14;731.5;115,05;33,02;3,41;112,53;2,52
03,09.2019 11:25:30;32.6;3.53;312.1;705.8396098677538;298.82;Module 1,6_14;734.46;115,08;33,02;3,42;113,04;2,04
03,09.2019 11:27:24;32.8;3.53;312.1;711.574894502331;298.6;Module 1,6_14;740.2;115,78;33,01;3,45;113,98;1,81
03,09.2019 11:29:26;32.9;3.54;312.1;719.5558431229626;298.67;Module 1,6_14;748.26;116,47;33,01;3,49;115,28;1,18
03,09.2019 11:31:19;32.9;3.57;312.1;725.2600912764894;298.79;Module 1,6_14;753.97;117,45;33,01;3,52;116,22;1,23
03,09.2019 11:33:13;32.8;3.6;313.6;729.7437981662666;298.93;Module 1,6_14;758.41;118,08;32,73;3,54;116,01;2,07
03,09.2019 11:35:07;32.7;3.66;313.6;737.8356671736302;299.24;Module 1,6_14;766.6;119,68;32,73;3,58;117,32;2,36
03,09.2019 11:37:01;32.4;3.7;313.6;739.8823953947137;299.4;Module 1,6_14;768.51;119,88;32,73;3,59;117,66;2,22
03,09.2019 11:38:53;32.2;3.74;313.6;747.6144903735175;299.55;Module 1,6_14;776.33;120,43;32,73;3,63;118,91;1,52
03,09.2019 11:40:46;32.2;3.75;313.6;751.0818279317358;299.71;Module 1,6_14;779.72;120,75;32,73;3,65;119,47;1,28
03,09.2019 11:42:39;32.2;3.75;314.1;752.8903293896007;299.86;Module 1,6_14;781.39;120,75;32,64;3,66;119,44;1,31
03,09.2019 11:44:32;32.4;3.76;314.1;759.1779964713581;300.26;Module 1,6_14;787.71;121,82;32,63;3,69;120,45;1,37
03,09.2019 11:46:24;32.4;3.79;315.6;762.1572843889713;300.47;Module 1,6_14;790.6;122,80;32,37;3,71;119,94;2,85
03,09.2019 11:48:17;32.3;3.82;315.6;772.2914469002603;300.31;Module 1,6_14;800.91;123,39;32,36;3,76;121,56;1,83
03,09.2019 11:50:10;32.3;3.85;315.6;777.6531599593718;300.42;Module 1,6_14;806.27;124,35;32,36;3,78;122,42;1,94
03,09.2019 11:52:04;32.2;3.87;315.6;784.1351312008593;300.48;Module 1,6_14;812.79;124,61;32,35;3,82;123,45;1,17
03,09.2019 11:53:58;32;3.91;315.6;790.308298530517;300.32;Module 1,6_14;818.99;125,12;32,35;3,85;124,43;0,69
03,09.2019 11:55:50;32.1;3.93;316.1;793.9298473978181;299.76;Module 1,6_14;822.55;126,15;32,26;3,86;124,66;1,49
03,09.2019 11:57:44;32.1;3.97;316.1;800.9613413598228;299.35;Module 1,6_14;829.64;127,44;32,26;3,90;125,78;1,66
03,09.2019 11:59:37;32.1;3.98;316.1;803.1535150574042;299.1;Module 1,6_14;831.72;127,76;32,26;3,91;126,13;1,63
03,09.2019 12:01:30;32.1;4.01;316.1;804.513095917905;299.28;Module 1,6_14;832.94;128,72;32,26;3,92;126,34;2,38
03,09.2019 12:03:22;32;4.01;315.6;805.7142558742358;299.69;Module 1,6_14;834;128,32;32,34;3,92;126,88;1,44
03,09.2019 12:05:15;31.9;4.04;315.6;810.2677543474132;300.1;Module 1,6_14;838.53;128,88;32,34;3,95;127,61;1,27
03,09.2019 12:07:09;31.8;4.07;315.6;814.251741563801;300.66;Module 1,6_14;842.47;129,43;32,34;3,97;128,24;1,19
03,09.2019 12:09:01;31.8;4.08;316.1;821.4024091076006;300.96;Module 1,6_14;849.69;129,74;32,24;4,00;129,02;0,73
03,09.2019 12:10:57;31.8;4.1;316.1;826.3452253253937;300.7;Module 1,6_14;854.62;130,38;32,24;4,03;129,80;0,58
03,09.2019 12:12:51;31.8;4.12;317.6;831.3326789191152;300.6;Module 1,6_14;859.6;131,02;31,97;4,05;129,50;1,52
03,09.2019 12:14:44;31.8;4.13;317.6;832.506804153963;300.04;Module 1,6_14;860.64;131,33;31,97;4,06;129,68;1,65
03,09.2019 12:16:39;31.8;4.16;317.6;837.0776731906806;299.92;Module 1,6_14;865.19;132,29;31,97;4,08;130,40;1,89
03,09.2019 12:18:33;31.8;4.15;317.6;835.8884753392289;300.1;Module 1,6_14;863.79;131,97;31,97;4,07;130,21;1,76
03,09.2019 12:20:26;31.7;4.19;317.6;846.7934148444654;300.28;Module 1,6_14;874.89;132,82;31,96;4,13;131,92;0,90
03,09.2019 12:22:19;31.8;4.22;317.6;850.5266473462315;300.14;Module 1,6_14;878.58;134,20;31,95;4,15;132,50;1,69
03,09.2019 12:24:13;31.8;4.24;317.6;856.8745208871908;300.27;Module 1,6_14;884.97;134,83;31,95;4,18;133,49;1,34
03,09.2019 12:26:07;31.8;4.25;317.6;856.7531725041805;300.68;Module 1,6_14;884.68;135,15;31,95;4,18;133,47;1,68
03,09.2019 12:27:59;31.7;4.26;317.6;858.0020403177339;300.92;Module 1,6_14;885.81;135,04;31,95;4,18;133,67;1,37
03,09.2019 12:29:53;31.8;4.28;317.6;864.9288174752695;301.19;Module 1,6_14;892.8;136,10;31,95;4,22;134,75;1,35
03,09.2019 12:31:46;31.9;4.31;317.6;868.1142050615787;301.07;Module 1,6_14;895.93;137,49;31,95;4,23;135,25;2,24
03,09.2019 12:33:39;31.8;4.33;318.1;877.4038835910316;301.21;Module 1,6_14;905.36;137,69;31,84;4,28;136,31;1,38
03,09.2019 12:35:33;31.8;4.38;318.1;878.7282708047815;301.19;Module 1,6_14;906.57;139,28;31,84;4,29;136,52;2,77
03,09.2019 12:37:26;31.7;4.41;318.1;886.9908088029408;301.38;Module 1,6_14;914.94;139,80;31,84;4,33;137,80;2,00
03,09.2019 12:39:26;31.6;4.37;318.1;890.550666168979;301.46;Module 1,6_14;918.45;138,09;31,84;4,35;138,35;-0,26
03,09.2019 12:41:19;31.7;4.45;318.1;895.613167844829;300.97;Module 1,6_14;923.52;141,06;31,83;4,37;139,13;1,93
03,09.2019 12:43:11;31.5;4.42;318.1;908.501263026677;301.03;Module 1,6_14;936.66;139,23;31,82;4,44;141,13;-1,90
03,09.2019 12:45:05;31.5;4.5;318.1;907.2402441894532;301.39;Module 1,6_14;935.21;141,75;31,82;4,43;140,93;0,82
03,09.2019 12:47:08;31.5;4.41;319.7;893.9372640492062;301.92;Module 1,6_14;921.34;138,91;31,55;4,36;137,62;1,30
03,09.2019 12:49:05;31.6;4.16;319.7;836.0685693667601;302.25;Module 1,6_14;861.56;131,46;31,59;4,07;128,70;2,76
03,09.2019 12:50:58;31.7;3.94;319.7;773.7302130239719;302.21;Module 1,6_14;797.2;124,90;31,63;3,76;119,02;5,88
03,09.2019 12:52:51;31.8;3.84;319.7;799.2686735100002;301.9;Module 1,6_14;823.39;122,11;31,61;3,89;123,00;-0,88
03,09.2019 12:54:44;32;4.37;319.7;891.8888432873111;301.53;Module 1,6_14;918.67;139,84;31,55;4,35;137,30;2,54
03,09.2019 12:56:37;32;4.63;319.7;941.6067659814764;301.07;Module 1,6_14;969.74;148,16;31,51;4,60;144,91;3,25
03,09.2019 12:58:30;31.9;4.16;319.7;806.8227273212055;301.19;Module 1,6_14;830.81;132,70;31,61;3,93;124,17;8,53
03,09.2019 13:00:36;31.9;4.62;319.7;937.4798766575681;300.92;Module 1,6_14;965.2;147,38;31,51;4,58;144,28;3,10
03,09.2019 13:02:28;31.8;4.58;319.7;931.7706079354402;300.95;Module 1,6_14;959.19;145,64;31,52;4,55;143,41;2,24
03,09.2019 13:04:24;31.9;4.5;319.7;901.5210028963677;301.06;Module 1,6_14;927.92;143,55;31,54;4,40;138,78;4,77
03,09.2019 13:06:17;31.7;4.38;319.7;894.364549736632;301.39;Module 1,6_14;920.43;138,85;31,55;4,36;137,68;1,17
03,09.2019 13:08:15;31.6;4.62;319.7;934.2746255305419;301.65;Module 1,6_14;961.37;145,99;31,51;4,56;143,79;2,20
03,09.2019 13:10:07;31.5;4.6;319.7;928.826456796626;301.72;Module 1,6_14;955.64;144,90;31,52;4,54;142,96;1,94
03,09.2019 13:12:00;31.3;4.58;319.7;925.8160623953725;301.96;Module 1,6_14;952.42;143,35;31,52;4,52;142,50;0,86
03,09.2019 13:13:53;31.3;4.6;319.7;928.5487839969245;302.06;Module 1,6_14;955.11;143,98;31,52;4,53;142,91;1,07
03,09.2019 13:15:45;31.3;4.61;319.7;933.301836188173;302.19;Module 1,6_14;959.88;144,29;31,52;4,56;143,64;0,65
03,09.2019 13:17:39;31.3;4.63;319.7;933.2428541845451;302.32;Module 1,6_14;959.7;144,92;31,52;4,56;143,63;1,29
03,09.2019 13:19:33;31.2;4.65;319.7;939.8440950987093;302.5;Module 1,6_14;966.37;145,08;31,51;4,59;144,64;0,44
03,09.2019 13:21:26;31.1;4.7;319.7;950.3737957851672;302.73;Module 1,6_14;977.08;146,17;31,50;4,64;146,24;-0,07
03,09.2019 13:23:19;31.1;4.59;319.7;958.764181589235;302.54;Module 1,6_14;985.59;142,75;31,49;4,68;147,52;-4,77
03,09.2019 13:25:14;31.1;4.33;320.2;782.3453169440052;302.77;Module 1,6_14;804.14;134,66;31,53;3,81;120,02;14,64
03,09.2019 13:27:08;31.2;4.51;320.2;905.6379820747547;302.92;Module 1,6_14;930.76;140,71;31,45;4,42;139,01;1,70
03,09.2019 13:29:02;31.1;4.75;321.2;964.0794032366039;303.12;Module 1,6_14;990.71;147,72;31,21;4,71;147,05;0,68
03,09.2019 13:30:55;31.2;4.76;321.2;966.6778048250803;303.4;Module 1,6_14;993.27;148,51;31,21;4,72;147,44;1,08
03,09.2019 13:32:49;31.1;4.73;321.2;952.9337883566595;303.49;Module 1,6_14;979.04;147,10;31,23;4,66;145,37;1,74
03,09.2019 13:34:42;31.1;4.51;321.2;885.5672097485566;303.52;Module 1,6_14;909.73;140,26;31,28;4,32;135,16;5,10
03,09.2019 13:36:36;31.3;4.7;321.2;955.221550561724;303.15;Module 1,6_14;981.18;147,11;31,23;4,67;145,71;1,40
03,09.2019 13:38:29;31.2;4.67;321.2;945.7210516202138;303.09;Module 1,6_14;971.32;145,70;31,23;4,62;144,28;1,43
03,09.2019 13:40:23;31.3;4.73;321.2;959.7143962807944;303.14;Module 1,6_14;985.59;148,05;31,22;4,69;146,39;1,66
03,09.2019 13:42:16;31.3;4.72;321.2;944.56102603772;303.64;Module 1,6_14;969.93;147,74;31,23;4,61;144,10;3,63
03,09.2019 13:44:09;31.2;4.82;321.2;974.866707609554;304;Module 1,6_14;1000.95;150,38;31,20;4,76;148,67;1,72
03,09.2019 13:46:03;30.8;3.26;321.2;598.4390379096377;304.2;Module 1,6_14;614.39;100,41;31,37;2,89;90,65;9,76
03,09.2019 13:47:56;31.3;3.84;321.2;975.0570660898031;304.1;Module 1,6_14;1000.95;120,19;31,20;4,77;148,70;-28,51
03,09.2019 13:49:49;31.5;4.64;321.2;923.4962272477816;304.2;Module 1,6_14;947.93;146,16;31,25;4,51;140,92;5,24
03,09.2019 13:51:42;31.1;4.37;321.2;841.6912756064218;304.12;Module 1,6_14;863.88;135,91;31,31;4,10;128,46;7,45
03,09.2019 13:53:38;31.4;4.75;320.2;962.86017892176;303.92;Module 1,6_14;988.15;149,15;31,40;4,70;147,71;1,44
03,09.2019 13:55:31;31.4;4.79;320.2;970.4312771493062;303.39;Module 1,6_14;995.83;150,41;31,39;4,74;148,86;1,54
03,09.2019 13:57:27;31.4;4.81;320.2;973.0147046693398;302.98;Module 1,6_14;998.39;151,03;31,38;4,76;149,25;1,78
03,09.2019 13:59:21;31.2;4.78;320.2;970.6052801012136;303.2;Module 1,6_14;995.83;149,14;31,39;4,74;148,89;0,25
03,09.2019 14:01:14;31.1;4.76;320.2;968.1932556825446;303.64;Module 1,6_14;993.27;148,04;31,39;4,73;148,52;-0,49
03,09.2019 14:03:08;31.3;4.86;320.2;985.7447736592803;303.57;Module 1,6_14;1011.19;152,12;31,38;4,82;151,18;0,94
03,09.2019 14:05:02;31.3;4.88;320.2;985.8272740986868;303.71;Module 1,6_14;1011.19;152,74;31,38;4,82;151,19;1,56
03,09.2019 14:06:55;31.3;4.92;320.2;993.3956210946754;304.21;Module 1,6_14;1018.87;154,00;31,37;4,86;152,33;1,67
03,09.2019 14:08:49;31.2;4.96;320.2;1005.9568654551488;304.39;Module 1,6_14;1031.67;154,75;31,35;4,92;154,22;0,53
03,09.2019 14:10:42;31.1;4.11;320.2;833.1999051885023;304.68;Module 1,6_14;854.43;127,82;31,50;4,06;127,89;-0,07
03,09.2019 14:12:34;31.4;3.47;320.2;710.6581059216165;304.57;Module 1,6_14;728.71;108,96;31,55;3,45;108,84;0,11
03,09.2019 14:13:30;31.4;3.46;320.2;721.968763260993;304.38;Module 1,6_14;740.28;108,64;31,55;3,51;110,61;-1,97
03,09.2019 14:15:24;31.9;3.3;320.2;641.2752570229629;303.96;Module 1,6_14;657.49;105,27;31,55;3,10;97,94;7,33
03,09.2019 14:17:17;32.1;3.92;319.7;784.5811007613089;303.6;Module 1,6_14;804.36;125,83;31,62;3,82;120,71;5,12
03,09.2019 14:19:14;32;4.73;319.7;961.4267754123202;303.56;Module 1,6_14;985.59;151,36;31,48;4,70;147,92;3,44
03,09.2019 14:21:07;31.7;4.7;319.7;955.5636599896261;303.76;Module 1,6_14;979.51;148,99;31,49;4,67;147,03;1,96
03,09.2019 14:22:59;31.6;4.66;319.7;946.1660818552806;303.97;Module 1,6_14;969.81;147,26;31,50;4,62;145,60;1,66
03,09.2019 14:24:53;31.5;4.63;319.7;939.6160726279605;304.14;Module 1,6_14;963.03;145,84;31,51;4,59;144,60;1,24
03,09.2019 14:26:46;31.3;4.65;319.7;940.8400651389502;304.38;Module 1,6_14;964.22;145,55;31,51;4,60;144,79;0,76
03,09.2019 14:28:40;31.2;3.92;319.7;798.7354801682654;304.82;Module 1,6_14;818.53;122,30;31,61;3,89;122,91;-0,61
03,09.2019 14:30:33;31.2;4.67;319.7;947.3643993064184;305.25;Module 1,6_14;970.78;145,70;31,50;4,63;145,78;-0,08
03,09.2019 14:32:25;31.2;4.67;319.7;953.0838399473198;305.85;Module 1,6_14;976.58;145,70;31,49;4,66;146,65;-0,95
03,09.2019 14:34:29;31.1;4.64;319.7;935.843481098543;306.26;Module 1,6_14;958.85;144,30;31,51;4,57;144,03;0,28
03,09.2019 14:36:21;31;4.65;320.2;940.5647300847559;306.67;Module 1,6_14;963.63;144,15;31,41;4,59;144,33;-0,18
03,09.2019 14:38:15;30.9;4.65;320.2;940.6301594476813;306.82;Module 1,6_14;963.64;143,69;31,41;4,59;144,34;-0,66
03,09.2019 14:40:07;30.9;4.62;320.2;935.6367673373295;306.33;Module 1,6_14;958.47;142,76;31,42;4,57;143,58;-0,82
03,09.2019 14:42:01;30.8;4.63;321.2;937.1637245701575;305.95;Module 1,6_14;959.98;142,60;31,24;4,58;142,98;-0,38
03,09.2019 14:43:55;30.9;4.6;321.2;932.2363191334779;305.67;Module 1,6_14;954.88;142,14;31,24;4,55;142,24;-0,10
03,09.2019 14:45:47;30.9;4.61;321.2;936.7864817947866;304.97;Module 1,6_14;959.49;142,45;31,24;4,57;142,93;-0,48
03,09.2019 14:47:40;31;4.52;321.2;916.2040674089733;304.75;Module 1,6_14;938.36;140,12;31,26;4,47;139,81;0,31
03,09.2019 14:49:35;31;3.99;321.2;829.2700762276752;304.8;Module 1,6_14;849.28;123,69;31,32;4,04;126,55;-2,86
03,09.2019 14:51:28;31.1;4.36;321.2;895.936636543009;304.68;Module 1,6_14;917.51;135,60;31,27;4,37;136,73;-1,14
03,09.2019 14:53:22;31.1;4.53;321.2;914.2411314480976;304.78;Module 1,6_14;936.21;140,88;31,26;4,46;139,51;1,37
03,09.2019 14:55:15;31.3;4.54;321.2;915.3481703347488;304.55;Module 1,6_14;937.3;142,10;31,26;4,47;139,68;2,42
03,09.2019 14:57:10;31.3;4.49;321.2;904.5009126462089;304.46;Module 1,6_14;926.15;140,54;31,27;4,41;138,04;2,50
03,09.2019 14:59:02;31.2;4.23;321.2;854.642298531583;304.41;Module 1,6_14;875.06;131,98;31,30;4,17;130,44;1,54
03,09.2019 15:01:00;31.3;4.48;321.2;910.2159527912921;304.45;Module 1,6_14;931.92;140,22;31,27;4,44;138,90;1,32
03,09.2019 15:02:53;31.1;4.45;321.2;901.0132854234281;304.74;Module 1,6_14;922.46;138,40;31,27;4,40;137,51;0,89
03,09.2019 15:04:46;31.1;4.42;322.2;902.113773482241;304.8;Module 1,6_14;923.55;137,46;31,09;4,40;136,87;0,59
03,09.2019 15:06:39;31.2;4.43;322.2;897.156787347127;304.53;Module 1,6_14;918.44;138,22;31,09;4,38;136,13;2,09
03,09.2019 15:08:32;31.2;4.42;321.2;897.2583456212793;304.62;Module 1,6_14;918.51;137,90;31,27;4,38;136,94;0,97
03,09.2019 15:10:24;31.1;4.38;321.2;885.1471794094466;304.66;Module 1,6_14;906.08;136,22;31,28;4,32;135,09;1,12
03,09.2019 15:12:25;31.1;4.29;321.2;873.4270724495148;304.69;Module 1,6_14;894.05;133,42;31,29;4,26;133,31;0,11
03,09.2019 15:14:23;31.4;4.29;321.2;874.9516662982334;304.79;Module 1,6_14;895.58;134,71;31,29;4,27;133,54;1,17
03,09.2019 15:16:16;31.3;4.28;321.2;871.1296674053369;304.48;Module 1,6_14;891.64;133,96;31,30;4,25;132,96;1,01
03,09.2019 15:18:09;31.3;4.27;321.2;866.6125194648812;304;Module 1,6_14;886.99;133,65;31,30;4,23;132,27;1,38
03,09.2019 15:20:02;31.4;4.3;321.2;869.9493950226661;303.6;Module 1,6_14;890.38;135,02;31,30;4,24;132,78;2,24
03,09.2019 15:21:55;31.3;4.29;321.2;868.9372073784797;303.61;Module 1,6_14;889.32;134,28;31,30;4,24;132,62;1,65
03,09.2019 15:23:48;31.2;4.26;321.2;864.7481264416189;303.82;Module 1,6_14;885.01;132,91;31,30;4,22;131,98;0,93
03,09.2019 15:25:41;31.2;4.28;321.2;864.7006143749052;304.23;Module 1,6_14;884.94;133,54;31,30;4,22;131,98;1,56
03,09.2019 15:27:34;31.2;4.21;321.2;857.2352626390514;304.44;Module 1,6_14;877.28;131,35;31,30;4,18;130,84;0,52
03,09.2019 15:29:28;31.2;4.17;321.2;850.1104889958982;304.82;Module 1,6_14;869.97;130,10;31,30;4,14;129,75;0,36
03,09.2019 15:31:21;31.3;4.19;321.2;856.7233109158768;305.23;Module 1,6_14;876.72;131,15;31,30;4,18;130,76;0,39
03,09.2019 15:33:14;31.3;4.15;321.2;840.5661282828869;305.28;Module 1,6_14;860.17;129,90;31,31;4,10;128,28;1,61
03,09.2019 15:35:06;31.3;4.14;321.2;843.0817774577652;305.15;Module 1,6_14;862.73;129,58;31,31;4,11;128,67;0,91
03,09.2019 15:36:59;31.1;4.14;321.2;841.5408079442319;304.87;Module 1,6_14;861.14;128,75;31,31;4,10;128,43;0,32
03,09.2019 15:38:52;31;4.08;321.2;833.704987642063;304.71;Module 1,6_14;853.11;126,48;31,32;4,06;127,23;-0,75
03,09.2019 15:40:45;31.1;4.1;321.2;834.1842030081621;304.51;Module 1,6_14;853.59;127,51;31,32;4,06;127,31;0,20
03,09.2019 15:42:38;31.2;4.1;321.2;828.8571027984408;304.81;Module 1,6_14;848.13;127,92;31,32;4,04;126,49;1,43
03,09.2019 15:44:31;31.4;4.02;321.2;826.7829439616316;305.12;Module 1,6_14;846;126,23;31,32;4,03;126,17;0,06
03,09.2019 15:46:24;31.7;4;321.2;825.9094961611439;305.48;Module 1,6_14;845.1;126,80;31,32;4,02;126,04;0,76
03,09.2019 15:48:17;31.8;4;321.2;822.7771410911648;305.43;Module 1,6_14;841.89;127,20;31,33;4,01;125,56;1,64
03,09.2019 15:50:10;31.6;3.99;321.2;811.1995190603739;305.52;Module 1,6_14;830.04;126,08;31,34;3,95;123,78;2,31
03,09.2019 15:52:04;31.5;4.04;321.2;816.1564717570816;305.64;Module 1,6_14;835.11;127,26;31,33;3,98;124,54;2,72
03,09.2019 15:53:56;31.5;4.03;321.2;818.7371940909311;305.07;Module 1,6_14;837.75;126,95;31,33;3,99;124,94;2,01
03,09.2019 15:55:49;31.5;3.96;321.2;801.7118146020025;304.64;Module 1,6_14;820.33;124,74;31,34;3,90;122,32;2,42
03,09.2019 15:57:42;31.4;3.88;321.2;776.6907855534162;304.72;Module 1,6_14;794.73;121,83;31,35;3,78;118,46;3,37
03,09.2019 15:59:38;31.5;3.82;321.2;764.9010689387692;304.7;Module 1,6_14;782.67;120,33;31,35;3,72;116,64;3,69
03,09.2019 16:01:31;31.6;3.85;320.2;780.7870722545395;304.92;Module 1,6_14;798.93;121,66;31,53;3,80;119,78;1,88
03,09.2019 16:03:24;31.7;3.81;320.2;798.3816882246315;305.02;Module 1,6_14;816.94;120,78;31,52;3,89;122,51;-1,73
03,09.2019 16:05:18;31.6;3.9;320.2;793.2039810524223;304.71;Module 1,6_14;811.65;123,24;31,52;3,86;121,71;1,53
03,09.2019 16:07:10;31.6;3.81;320.2;759.4694648070185;304.65;Module 1,6_14;777.14;120,40;31,54;3,69;116,46;3,93
03,09.2019 16:09:03;31.7;3.87;320.2;783.8805975659975;304.67;Module 1,6_14;802.13;122,68;31,53;3,81;120,26;2,42
03,09.2019 16:10:56;31.7;3.86;320.2;779.128864464207;304.68;Module 1,6_14;797.28;122,36;31,53;3,79;119,52;2,84
03,09.2019 16:12:48;31.9;3.75;320.2;762.5711166570891;304.48;Module 1,6_14;780.35;119,63;31,54;3,71;116,95;2,68
03,09.2019 16:14:41;31.8;3.79;320.2;775.0839887745415;304.23;Module 1,6_14;793.17;120,52;31,53;3,77;118,89;1,63
03,09.2019 16:16:34;32;3.79;320.2;773.3573197566542;303.68;Module 1,6_14;791.42;121,28;31,53;3,76;118,63;2,65
03,09.2019 16:18:28;32.1;3.74;318.1;764.0658037316766;303.75;Module 1,6_14;781.93;120,05;31,91;3,72;118,58;1,47
03,09.2019 16:20:21;32.1;3.67;318.1;752.7799579763146;303.86;Module 1,6_14;770.4;117,81;31,92;3,66;116,81;1,00
03,09.2019 16:22:14;32.2;3.66;318.1;751.8015334087729;303.75;Module 1,6_14;769.42;117,85;31,92;3,65;116,65;1,20
03,09.2019 16:24:07;32.3;3.64;319.7;749.0530333037175;303.01;Module 1,6_14;766.63;117,57;31,63;3,64;115,17;2,40
03,09.2019 16:25:59;32.2;3.63;319.7;744.5836738045183;302.67;Module 1,6_14;762.08;116,89;31,63;3,62;114,47;2,41
03,09.2019 16:27:52;32.2;3.62;317.6;742.770188468503;302.68;Module 1,6_14;760.25;116,56;32,02;3,61;115,55;1,01
03,09.2019 16:29:45;32.1;3.61;317.6;737.6920370755308;303.03;Module 1,6_14;755.08;115,88;32,02;3,58;114,75;1,14
03,09.2019 16:31:37;32.1;3.58;317.6;732.3099489835954;303.59;Module 1,6_14;749.6;114,92;32,02;3,56;113,89;1,03
03,09.2019 16:33:31;32;3.55;318.1;723.0379820142737;303.56;Module 1,6_14;740.14;113,60;31,93;3,51;112,11;1,49
03,09.2019 16:35:25;32;3.54;318.1;721.394212257217;303.92;Module 1,6_14;738.49;113,28;31,93;3,50;111,85;1,43
03,09.2019 16:37:20;31.9;3.4;318.1;693.8142994585362;304.37;Module 1,6_14;710.29;108,46;31,94;3,37;107,47;0,99
03,09.2019 16:39:13;32;3.39;318.1;689.8440207381852;304.66;Module 1,6_14;706.26;108,48;31,94;3,35;106,84;1,64
03,09.2019 16:41:06;32;3.41;318.1;699.1653076312056;304.53;Module 1,6_14;715.84;109,12;31,94;3,39;108,32;0,80
03,09.2019 16:42:59;32.1;3.39;318.1;694.3906337071439;304.19;Module 1,6_14;710.99;108,82;31,94;3,37;107,57;1,25
03,09.2019 16:44:51;32.1;3.38;318.1;687.5738561897119;304.21;Module 1,6_14;704.05;108,50;31,94;3,33;106,48;2,02
03,09.2019 16:46:44;32.2;3.27;318.1;666.1563375689078;304.32;Module 1,6_14;682.16;105,29;31,94;3,23;103,08;2,22
03,09.2019 16:48:37;32.2;3.25;318.1;661.1931918780967;304.34;Module 1,6_14;677.12;104,65;31,94;3,20;102,28;2,37
03,09.2019 16:50:30;32.3;3.28;318.1;676.7822664180634;304.06;Module 1,6_14;693.13;105,94;31,94;3,28;104,77;1,18
03,09.2019 16:52:23;32.3;3.06;317.6;639.8494692673257;303.81;Module 1,6_14;655.35;98,84;32,03;3,10;99,16;-0,32
03,09.2019 16:54:16;32.5;3.3;317.6;675.3499202714406;303.71;Module 1,6_14;691.76;107,25;32,03;3,27;104,83;2,42
03,09.2019 16:56:08;32.5;3.29;317.6;676.7934691198138;303.82;Module 1,6_14;693.29;106,92;32,03;3,28;105,06;1,86
03,09.2019 16:58:03;32.4;3.25;317.6;668.5304918684911;303.77;Module 1,6_14;684.88;105,30;32,03;3,24;103,74;1,56
03,09.2019 16:59:55;32.4;3.18;317.6;651.7178089669327;303.57;Module 1,6_14;667.71;103,03;32,03;3,15;101,06;1,98
03,09.2019 17:01:49;32.5;3.14;317.6;650.0712338173184;303.22;Module 1,6_14;666.08;102,05;32,03;3,15;100,79;1,26
03,09.2019 17:03:41;32.5;3.1;317.6;639.5431383944948;303.09;Module 1,6_14;655.35;100,75;32,03;3,09;99,11;1,64
03,09.2019 17:05:38;32.5;2.58;316.1;537.0635957753733;303.32;Module 1,6_14;550.39;83,85;32,26;2,58;83,30;0,55
03,09.2019 17:07:31;32.6;2.79;316.1;561.9899318601769;303.38;Module 1,6_14;575.99;90,95;32,27;2,71;87,36;3,59
03,09.2019 17:09:24;32.6;2.96;316.1;601.8944092940064;303.53;Module 1,6_14;616.95;96,50;32,29;2,91;93,84;2,65
03,09.2019 17:11:17;32.6;2.98;316.1;611.8211766715734;303.78;Module 1,6_14;627.19;97,15;32,30;2,96;95,45;1,70
03,09.2019 17:13:10;32.6;2.97;316.1;611.7553593617615;303.76;Module 1,6_14;627.19;96,82;32,30;2,96;95,44;1,38
03,09.2019 17:15:03;32.6;2.94;316.1;604.1968299342304;303.77;Module 1,6_14;619.51;95,84;32,29;2,92;94,22;1,63
03,09.2019 17:16:56;32.6;2.91;316.1;599.1338456653305;303.7;Module 1,6_14;614.39;94,87;32,29;2,89;93,40;1,47
03,09.2019 17:18:48;32.7;2.89;316.1;594.0700373296379;303.71;Module 1,6_14;609.27;94,50;32,29;2,87;92,57;1,93
03,09.2019 17:20:41;32.6;2.73;315.6;559.0542602875225;303.78;Module 1,6_14;573.43;89,00;32,37;2,69;87,12;1,88
03,09.2019 17:22:34;32.6;2.83;315.6;581.441200704669;303.83;Module 1,6_14;596.47;92,26;32,38;2,80;90,77;1,49
03,09.2019 17:24:27;32.7;2.7;315.6;543.935497945595;304.08;Module 1,6_14;558.07;88,29;32,36;2,62;84,65;3,64
03,09.2019 17:26:20;32.7;2.38;315.6;493.96326658877854;304.4;Module 1,6_14;506.87;77,83;32,31;2,37;76,47;1,35
03,09.2019 17:28:13;32.7;2.71;315.6;556.253002136405;304.49;Module 1,6_14;570.87;88,62;32,36;2,68;86,67;1,95
03,09.2019 17:30:06;32.7;2.67;315.6;551.1812725680169;304.66;Module 1,6_14;565.75;87,31;32,36;2,65;85,84;1,47
03,09.2019 17:31:59;32.8;2.62;315.6;541.1206375697158;304.85;Module 1,6_14;555.51;85,94;32,35;2,60;84,19;1,74
03,09.2019 17:33:52;32.6;2.41;315.6;488.67421163597595;304.82;Module 1,6_14;501.75;78,57;32,30;2,34;75,61;2,96
03,09.2019 17:35:45;32.8;2.57;315.6;533.4639587186296;304.65;Module 1,6_14;547.83;84,30;32,35;2,56;82,94;1,35
03,09.2019 17:37:40;33;2.5;315.6;520.9074805519091;304.47;Module 1,6_14;535.03;82,50;32,34;2,50;80,89;1,61
03,09.2019 17:39:35;33.1;2.44;314.1;508.3520510267896;304.11;Module 1,6_14;522.23;80,76;32,60;2,44;79,48;1,29
03,09.2019 17:41:31;33.1;2.35;314.1;493.3054672912334;303.82;Module 1,6_14;506.87;77,79;32,59;2,36;76,99;0,79
03,09.2019 17:43:27;33.1;2.28;315.6;473.2791722361735;303.69;Module 1,6_14;486.39;75,47;32,29;2,26;73,08;2,39
03,09.2019 17:45:25;33.1;2.25;315.6;468.19858036114175;303.31;Module 1,6_14;481.27;74,48;32,28;2,24;72,24;2,23
03,09.2019 17:47:18;33.4;2.36;315.6;493.0000839393118;303.43;Module 1,6_14;506.87;78,82;32,31;2,36;76,32;2,51
03,09.2019 17:49:15;33.3;2.33;314.1;490.3998318181966;303.58;Module 1,6_14;504.31;77,59;32,58;2,35;76,51;1,08
03,09.2019 17:51:08;33.3;2.22;314.1;462.91218190754694;303.41;Module 1,6_14;476.15;73,93;32,55;2,21;71,96;1,97
03,09.2019 17:53:04;33.3;1.98;313.6;415.5246366142534;303.19;Module 1,6_14;427.51;65,93;32,56;1,97;64,27;1,66
03,09.2019 17:55:02;33.5;2.1;313.6;440.2951482170894;302.83;Module 1,6_14;453.11;70,35;32,60;2,10;68,39;1,96
03,09.2019 17:57:01;33.5;2.12;312.1;447.6387905648021;302.66;Module 1,6_14;460.79;71,02;32,89;2,13;70,17;0,85
03,09.2019 17:58:53;33.6;2.06;312.1;442.5497522369123;301.91;Module 1,6_14;455.67;69,22;32,88;2,11;69,32;-0,10
03,09.2019 18:00:48;33.7;2.09;312.1;444.9126034503671;301.35;Module 1,6_14;458.23;70,43;32,88;2,12;69,72;0,72
03,09.2019 18:02:46;33.6;1.9;311.6;405.0231432542006;301.71;Module 1,6_14;417.27;63,84;32,91;1,92;63,19;0,65
03,09.2019 18:04:45;33.5;2.02;311.6;427.2542289031459;302;Module 1,6_14;440.31;67,67;32,95;2,03;66,93;0,74
03,09.2019 18:06:42;33.5;1.98;311.6;422.15189674450335;302.39;Module 1,6_14;435.19;66,33;32,94;2,01;66,07;0,26
03,09.2019 18:08:39;33.5;1.95;311.6;414.56489490331217;302.64;Module 1,6_14;427.51;65,33;32,92;1,97;64,80;0,53
03,09.2019 18:10:37;33.6;1.91;311.6;404.49450528430407;302.65;Module 1,6_14;417.27;64,18;32,91;1,92;63,10;1,08
03,09.2019 18:12:36;33.6;1.87;311.6;396.9048259712594;302.64;Module 1,6_14;409.59;62,83;32,89;1,88;61,82;1,01
03,09.2019 18:14:37;33.6;1.82;311.6;389.31205398237876;302.67;Module 1,6_14;401.91;61,15;32,87;1,84;60,54;0,61
03,09.2019 18:16:36;33.6;1.78;311.6;381.7212501143001;302.62;Module 1,6_14;394.23;59,81;32,85;1,80;59,26;0,54
03,09.2019 18:18:38;33.7;1.74;311.6;369.1705354348916;302.6;Module 1,6_14;381.43;58,64;32,82;1,74;57,15;1,49
03,09.2019 18:20:37;33.6;1.63;311.6;344.2443321961785;302.67;Module 1,6_14;355.83;54,77;32,75;1,62;52,95;1,82
03,09.2019 18:22:32;33.6;1.64;310.1;351.5208148710449;302.64;Module 1,6_14;363.51;55,10;33,05;1,65;54,60;0,50
03,09.2019 18:24:34;33.6;1.61;310.1;343.9276938667298;302.6;Module 1,6_14;355.83;54,10;33,02;1,61;53,31;0,79
03,09.2019 18:26:28;33.7;1.57;310.1;336.34564264385756;302.57;Module 1,6_14;348.15;52,91;33,00;1,58;52,02;0,89
03,09.2019 18:28:26;33.7;1.54;310.1;331.22993434651073;302.57;Module 1,6_14;343.03;51,90;32,98;1,55;51,15;0,75
03,09.2019 18:30:21;33.7;1.5;309.6;326.11616624551255;302.56;Module 1,6_14;337.91;50,55;33,05;1,53;50,41;0,14
03,09.2019 18:32:20;33.7;1.46;309.6;315.64047294554325;302.5;Module 1,6_14;327.24;49,20;33,02;1,47;48,63;0,58
03,09.2019 18:34:19;33.7;1.43;309.6;310.00738872135867;302.49;Module 1,6_14;321.59;48,19;33,00;1,44;47,67;0,52
03,09.2019 18:36:17;33.7;1.4;309.6;304.0846454301395;302.46;Module 1,6_14;315.64;47,18;32,98;1,41;46,66;0,52
03,09.2019 18:40:03;33.8;1.32;309.6;289.4891580512297;302.56;Module 1,6_14;300.87;44,62;32,91;1,34;44,17;0,44
04,09.2019 09:23:52;34.4;1.39;293.5;280.64021587991857;289.76;Module 1,6_14;305.91;47,82;35,79;1,29;46,09;1,73
04,09.2019 09:25:46;34.2;1.43;293.5;286.81447523432456;290.16;Module 1,6_14;312.15;48,91;35,81;1,32;47,23;1,68
04,09.2019 09:27:41;34.1;1.47;294;293.3438941994905;290.6;Module 1,6_14;318.77;50,13;35,75;1,35;48,32;1,80
04,09.2019 09:29:33;34.4;1.49;294;300.54645891708526;291;Module 1,6_14;326.13;51,26;35,78;1,39;49,65;1,60
04,09.2019 09:31:26;34.1;1.54;294;307.1113112417473;291.27;Module 1,6_14;332.79;52,51;35,80;1,42;50,86;1,65
04,09.2019 09:33:27;34.3;1.58;294;317.0164581788327;291.58;Module 1,6_14;343.03;54,19;35,84;1,47;52,69;1,51
04,09.2019 09:35:25;34.3;1.61;295.5;324.5521865553818;291.86;Module 1,6_14;350.71;55,22;35,59;1,51;53,71;1,52
04,09.2019 09:37:22;34.4;1.65;295.5;329.7162430049697;292.11;Module 1,6_14;355.83;56,76;35,61;1,53;54,65;2,11
04,09.2019 09:39:15;34.3;1.68;295.5;337.2392454154363;292.36;Module 1,6_14;363.51;57,62;35,63;1,57;56,03;1,60
04,09.2019 09:41:09;34.3;1.71;296;342.39212097132634;292.42;Module 1,6_14;368.63;58,65;35,56;1,60;56,84;1,82
04,09.2019 09:43:03;34.3;1.75;296;352.3044581026307;292.55;Module 1,6_14;378.87;60,02;35,59;1,65;58,65;1,38
04,09.2019 09:44:56;34.4;1.78;298;357.4561813307183;292.75;Module 1,6_14;383.99;61,23;35,24;1,68;59,03;2,20
04,09.2019 09:46:48;34.5;1.81;298;364.9887163688486;292.95;Module 1,6_14;391.67;62,45;35,27;1,71;60,39;2,05
04,09.2019 09:48:44;34.3;1.85;298;372.53817769024613;293.02;Module 1,6_14;399.35;63,45;35,28;1,75;61,76;1,70
04,09.2019 09:50:39;34.6;1.87;299.5;380.08748891681273;293;Module 1,6_14;407.03;64,70;35,03;1,79;62,68;2,03
04,09.2019 09:52:31;34.8;1.91;299.5;387.63008420877554;293.08;Module 1,6_14;414.71;66,47;35,05;1,83;64,03;2,44
04,09.2019 09:54:25;34.5;1.94;299.5;392.7871817696292;293.24;Module 1,6_14;419.83;66,93;35,06;1,85;64,95;1,98
04,09.2019 09:56:19;34.6;1.96;299.5;400.34005462619484;293.32;Module 1,6_14;427.51;67,82;35,08;1,89;66,31;1,51
04,09.2019 09:58:12;34.7;2;299.5;407.8925932325544;293.53;Module 1,6_14;435.19;69,40;35,09;1,93;67,66;1,74
04,09.2019 10:00:07;34.7;2.04;300;415.4541195420201;293.81;Module 1,6_14;442.87;70,79;35,02;1,97;68,85;1,94
04,09.2019 10:02:00;34.6;2.08;300;423.011994980861;294.01;Module 1,6_14;450.55;71,97;35,02;2,00;70,20;1,77
04,09.2019 10:03:56;34.4;2.12;301;430.58156494144424;294.38;Module 1,6_14;458.23;72,93;34,86;2,04;71,21;1,72
04,09.2019 10:05:49;34.3;2.15;301;435.73687807099867;294.76;Module 1,6_14;463.35;73,74;34,87;2,07;72,12;1,62
04,09.2019 10:07:42;34.2;2.2;301;440.8908194157459;295.07;Module 1,6_14;468.47;75,24;34,88;2,09;73,04;2,20
04,09.2019 10:09:34;34.1;2.23;302;448.45159919881723;295.31;Module 1,6_14;476.15;76,04;34,71;2,13;74,02;2,02
04,09.2019 10:11:28;34;2.27;302;456.0204907662994;295.48;Module 1,6_14;483.83;77,18;34,72;2,17;75,36;1,82
04,09.2019 10:13:21;33.9;2.31;303.5;463.5886028875301;295.71;Module 1,6_14;491.51;78,31;34,46;2,21;76,13;2,18
04,09.2019 10:15:15;34;2.35;303.5;471.16163975788515;295.96;Module 1,6_14;499.19;79,90;34,47;2,25;77,45;2,45
04,09.2019 10:17:09;34;2.37;303.5;476.31870605092735;296.05;Module 1,6_14;504.31;80,58;34,48;2,27;78,36;2,22
04,09.2019 10:19:09;33.9;2.41;303.5;486.33024436051915;296.02;Module 1,6_14;514.55;81,70;34,48;2,32;80,11;1,59
04,09.2019 10:21:12;33.9;2.45;303.5;491.5123440988142;295.71;Module 1,6_14;519.67;83,06;34,49;2,35;81,02;2,04
04,09.2019 10:23:05;33.9;2.49;304;499.0880658471522;295.75;Module 1,6_14;527.35;84,41;34,41;2,39;82,14;2,28
04,09.2019 10:24:58;33.7;2.54;304;506.66553692541214;295.87;Module 1,6_14;535.03;85,60;34,41;2,43;83,46;2,14
04,09.2019 10:26:54;33.8;2.54;304;514.2527290407122;296.19;Module 1,6_14;542.71;85,85;34,42;2,46;84,78;1,07
04,09.2019 10:28:46;33.9;2.57;305.1;516.976454328916;296.4;Module 1,6_14;545.27;87,12;34,23;2,48;84,78;2,34
04,09.2019 10:30:39;33.9;2.61;305.1;524.555990122467;296.61;Module 1,6_14;552.95;88,48;34,23;2,51;86,10;2,38
04,09.2019 10:32:42;33.7;2.65;305.1;532.1629264624637;296.85;Module 1,6_14;560.63;89,31;34,23;2,55;87,41;1,89
04,09.2019 10:34:35;33.7;2.69;305.1;539.7453239386317;297.14;Module 1,6_14;568.31;90,65;34,24;2,59;88,72;1,93
04,09.2019 10:36:28;33.5;2.73;305.1;547.3291819038884;297.2;Module 1,6_14;575.99;91,45;34,25;2,63;90,03;1,42
04,09.2019 10:38:23;33.5;2.75;305.1;552.4855805363694;297.34;Module 1,6_14;581.11;92,13;34,25;2,65;90,93;1,20
04,09.2019 10:40:16;33.7;2.75;305.1;560.0709299612673;297.42;Module 1,6_14;588.79;92,68;34,25;2,69;92,23;0,44
04,09.2019 10:42:09;33.8;2.77;307.6;565.221276461697;297.5;Module 1,6_14;593.91;93,63;33,80;2,72;91,95;1,68
04,09.2019 10:44:03;33.7;2.81;307.6;570.372970467422;297.66;Module 1,6_14;599.03;94,70;33,81;2,75;92,82;1,87
04,09.2019 10:45:56;33.6;2.84;307.6;577.959855815921;297.75;Module 1,6_14;606.71;95,42;33,81;2,78;94,12;1,31
04,09.2019 10:47:48;33.5;2.88;309.6;580.6659801811893;297.87;Module 1,6_14;609.27;96,48;33,45;2,80;93,60;2,88
04,09.2019 10:49:51;33.4;2.92;309.6;590.7175653105256;298.07;Module 1,6_14;619.51;97,53;33,46;2,85;95,29;2,24
04,09.2019 10:51:43;33.5;2.93;309.6;595.8623814491988;298.24;Module 1,6_14;624.63;98,16;33,46;2,87;96,16;2,00
04,09.2019 10:53:40;33.6;2.96;309.6;603.4609425869672;298.39;Module 1,6_14;632.31;99,46;33,46;2,91;97,43;2,02
04,09.2019 10:55:33;33.6;2.97;309.6;608.6071007120404;298.5;Module 1,6_14;637.43;99,79;33,46;2,94;98,30;1,49
04,09.2019 10:57:29;33.6;3;310.6;613.759049364188;298.64;Module 1,6_14;642.55;100,80;33,29;2,96;98,64;2,16
04,09.2019 10:59:24;33.5;3.03;310.6;621.3539966870742;298.84;Module 1,6_14;650.23;101,50;33,29;3,00;99,91;1,59
04,09.2019 11:01:16;33.4;3.07;311.6;624.0487145475477;298.99;Module 1,6_14;652.79;102,54;33,11;3,02;99,83;2,71
04,09.2019 11:03:11;33.2;3.13;311.6;631.1368198684054;299.12;Module 1,6_14;659.94;103,92;33,11;3,05;101,01;2,91
04,09.2019 11:05:22;32.9;3.19;311.6;639.0445428593107;299.32;Module 1,6_14;667.91;104,95;33,11;3,09;102,32;2,64
04,09.2019 11:07:15;33;3.19;311.6;644.2726096141645;299.39;Module 1,6_14;673.12;105,27;33,11;3,12;103,18;2,09
04,09.2019 11:09:07;33.1;3.2;311.6;649.6030962418595;299.32;Module 1,6_14;678.44;105,92;33,11;3,14;104,06;1,86
04,09.2019 11:11:00;33.3;3.21;312.1;655.854541413943;299.1;Module 1,6_14;684.72;106,89;33,02;3,17;104,82;2,08
04,09.2019 11:12:54;33.4;3.22;312.1;662.0026217348016;298.96;Module 1,6_14;690.89;107,55;33,02;3,21;105,83;1,72
04,09.2019 11:14:47;33.3;3.27;312.1;667.5829695916516;298.96;Module 1,6_14;696.47;108,89;33,02;3,23;106,75;2,14
04,09.2019 11:16:40;33.2;3.32;312.1;672.6450308344587;299.03;Module 1,6_14;701.51;110,22;33,02;3,26;107,58;2,64
04,09.2019 11:18:38;32.9;3.38;312.1;678.2246348265071;299.16;Module 1,6_14;707.08;111,20;33,02;3,29;108,50;2,70
04,09.2019 11:20:50;32.6;3.42;312.1;686.450870801172;299.51;Module 1,6_14;715.38;111,49;33,02;3,33;109,85;1,64
04,09.2019 11:22:42;32.6;3.46;312.1;689.8293705340501;299.57;Module 1,6_14;718.67;112,80;33,02;3,34;110,41;2,39
04,09.2019 11:24:35;32.6;3.45;312.1;697.9992455466285;299.84;Module 1,6_14;726.95;112,47;33,02;3,38;111,75;0,72
04,09.2019 11:26:28;32.8;3.45;312.1;701.6272262987802;299.85;Module 1,6_14;730.5;113,16;33,02;3,40;112,35;0,81
04,09.2019 11:28:21;33;3.46;312.1;706.2815567663993;299.69;Module 1,6_14;735.12;114,18;33,02;3,43;113,11;1,07
04,09.2019 11:30:14;33;3.5;313.6;715.7305607541914;299.78;Module 1,6_14;744.73;115,50;32,74;3,47;113,74;1,76
04,09.2019 11:32:07;32.9;3.55;313.6;720.1631865662324;299.84;Module 1,6_14;749.12;116,79;32,74;3,50;114,46;2,34
04,09.2019 11:34:03;32.7;3.59;314.1;724.7637131940005;299.86;Module 1,6_14;753.68;117,39;32,65;3,52;114,89;2,50
04,09.2019 11:36:09;32.5;3.64;314.1;728.890811325498;299.75;Module 1,6_14;757.73;118,30;32,65;3,54;115,56;2,74
04,09.2019 11:38:16;32.4;3.67;314.1;735.6736393863191;299.76;Module 1,6_14;764.54;118,91;32,65;3,57;116,66;2,25
04,09.2019 11:40:10;32.4;3.68;314.1;740.0362687324239;299.9;Module 1,6_14;768.86;119,23;32,64;3,60;117,36;1,87
04,09.2019 11:42:03;32.4;3.67;314.1;744.6270620338698;300.11;Module 1,6_14;773.42;118,91;32,64;3,62;118,10;0,81
04,09.2019 11:44:02;32.4;3.69;315.6;751.3364743384783;300.31;Module 1,6_14;780.17;119,56;32,37;3,65;118,21;1,35
04,09.2019 11:45:58;32.4;3.71;315.6;754.9966327063005;300.39;Module 1,6_14;783.76;120,20;32,37;3,67;118,80;1,41
04,09.2019 11:47:54;32.3;3.75;315.6;759.1370363928521;300.61;Module 1,6_14;787.85;121,12;32,37;3,69;119,46;1,67
04,09.2019 11:50:07;32.2;3.77;315.6;766.5820214206638;300.9;Module 1,6_14;795.34;121,39;32,37;3,73;120,65;0,75
04,09.2019 11:52:07;32.2;3.81;315.6;770.6211104625105;300.89;Module 1,6_14;799.32;122,68;32,36;3,75;121,29;1,39
04,09.2019 11:54:00;32.1;3.85;315.6;773.4031773998322;300.84;Module 1,6_14;802.01;123,59;32,36;3,76;121,74;1,85
04,09.2019 11:55:55;32.1;3.87;315.6;779.1094158904473;300.85;Module 1,6_14;807.73;124,23;32,36;3,79;122,65;1,58
04,09.2019 11:57:48;32.1;3.89;316.1;784.831315778355;300.75;Module 1,6_14;813.47;124,87;32,27;3,82;123,22;1,65
04,09.2019 11:59:46;32;3.92;316.1;790.7925673453109;300.81;Module 1,6_14;819.45;125,44;32,27;3,85;124,17;1,27
04,09.2019 12:01:41;32.1;3.93;316.1;793.9204830433008;300.82;Module 1,6_14;822.5;126,15;32,26;3,86;124,66;1,49
04,09.2019 12:03:39;32;3.96;316.1;798.9632021494898;300.71;Module 1,6_14;827.53;126,72;32,26;3,89;125,46;1,26
04,09.2019 12:05:35;32;3.99;316.1;806.145881664679;300.89;Module 1,6_14;834.78;127,68;32,25;3,93;126,60;1,08
04,09.2019 12:07:50;32.1;3.99;317.6;807.8330629358339;301.04;Module 1,6_14;836.31;128,08;31,98;3,93;125,81;2,27
04,09.2019 12:09:43;32;4.02;317.6;809.9475768184641;301.31;Module 1,6_14;838.32;128,64;31,98;3,94;126,14;2,50
04,09.2019 12:11:39;31.9;4.04;317.6;814.8189047696732;301.45;Module 1,6_14;843.18;128,88;31,98;3,97;126,91;1,97
04,09.2019 12:13:32;31.9;4.05;317.6;816.8529963633027;301.63;Module 1,6_14;845.11;129,19;31,98;3,98;127,23;1,97
04,09.2019 12:15:25;31.9;4.07;317.6;820.5674545811037;301.66;Module 1,6_14;848.78;129,83;31,98;4,00;127,81;2,02
04,09.2019 12:17:20;31.8;4.08;317.6;822.4368338098523;301.72;Module 1,6_14;850.54;129,74;31,98;4,01;128,10;1,64
04,09.2019 12:19:13;31.8;4.11;317.6;830.0076515795722;301.89;Module 1,6_14;858.2;130,70;31,97;4,04;129,29;1,41
04,09.2019 12:21:05;31.9;4.12;317.6;831.821832489907;302.03;Module 1,6_14;859.91;131,43;31,97;4,05;129,58;1,85
04,09.2019 12:23:08;31.8;4.16;317.6;838.1487354613822;302.35;Module 1,6_14;866.27;132,29;31,96;4,09;130,57;1,72
04,09.2019 12:25:02;31.7;4.17;317.6;838.8209624218404;302.59;Module 1,6_14;866.8;132,19;31,96;4,09;130,67;1,52
04,09.2019 12:26:55;31.7;4.17;318.1;841.2415220225224;302.65;Module 1,6_14;869.14;132,19;31,88;4,10;130,68;1,51
04,09.2019 12:28:53;31.7;4.18;318.1;842.9316229065955;302.57;Module 1,6_14;870.72;132,51;31,88;4,11;130,95;1,56
04,09.2019 12:30:52;31.7;4.19;319.7;847.0127754422599;302.56;Module 1,6_14;874.77;132,82;31,58;4,13;130,39;2,43
04,09.2019 12:32:49;31.7;4.22;319.7;852.8528342808471;302.54;Module 1,6_14;880.64;133,77;31,58;4,16;131,29;2,48
04,09.2019 12:34:43;31.8;4.24;319.7;858.2624408417497;302.48;Module 1,6_14;886.07;134,83;31,57;4,19;132,13;2,70
04,09.2019 12:36:36;31.7;4.25;318.1;860.1827206966685;302.74;Module 1,6_14;887.9;134,72;31,86;4,19;133,63;1,09
04,09.2019 12:38:37;31.7;4.29;318.1;866.4235456178453;303.02;Module 1,6_14;894.18;135,99;31,85;4,23;134,60;1,39
04,09.2019 12:40:29;31.6;4.29;319.7;869.2510076307926;303.15;Module 1,6_14;896.95;135,56;31,56;4,24;133,82;1,74
04,09.2019 12:42:25;31.5;4.3;319.7;867.4685116849303;303.23;Module 1,6_14;894.96;135,45;31,56;4,23;133,55;1,90
04,09.2019 12:44:20;31.5;4.34;319.7;873.6022858429762;303.15;Module 1,6_14;901.14;136,71;31,56;4,26;134,49;2,22
04,09.2019 12:46:19;31.5;4.35;319.7;877.7821972861507;302.93;Module 1,6_14;905.3;137,02;31,56;4,28;135,13;1,89
04,09.2019 12:48:11;31.6;4.34;319.7;881.3320544901779;303.05;Module 1,6_14;908.82;137,14;31,55;4,30;135,68;1,46
04,09.2019 12:50:04;31.5;4.35;319.7;888.1313637677916;303.43;Module 1,6_14;915.69;137,02;31,55;4,33;136,72;0,30
04,09.2019 12:51:57;31.5;4.38;319.7;891.564637590343;303.58;Module 1,6_14;919.09;137,97;31,55;4,35;137,25;0,72
04,09.2019 12:53:52;31.5;4.36;319.7;886.7719956122537;303.41;Module 1,6_14;914.01;137,34;31,55;4,33;136,52;0,82
04,09.2019 12:55:48;31.5;4.38;320.2;888.3812859851132;303.33;Module 1,6_14;915.53;137,97;31,46;4,33;136,37;1,60
04,09.2019 12:57:41;31.5;4.43;320.2;897.555399937489;303.31;Module 1,6_14;924.85;139,54;31,45;4,38;137,77;1,77
04,09.2019 12:59:34;31.4;4.42;320.2;896.1212732855779;303.28;Module 1,6_14;923.24;138,79;31,45;4,37;137,55;1,23
04,09.2019 13:01:26;31.4;4.41;320.2;895.9165882561816;303.41;Module 1,6_14;922.9;138,47;31,45;4,37;137,52;0,95
04,09.2019 13:03:19;31.4;4.44;320.2;895.6819648897526;303.42;Module 1,6_14;922.53;139,42;31,45;4,37;137,49;1,93
04,09.2019 13:05:13;31.3;4.44;320.2;900.3113676740436;303.39;Module 1,6_14;927.17;138,97;31,45;4,39;138,20;0,78
04,09.2019 13:08:09;31.3;4.48;320.2;907.3373787519597;303.46;Module 1,6_14;934.21;140,22;31,45;4,43;139,27;0,95
04,09.2019 13:10:09;31.3;4.47;320.2;906.71645004253;303.5;Module 1,6_14;933.44;139,91;31,45;4,43;139,17;0,74
04,09.2019 13:12:01;31.3;4.49;320.2;911.4963039239188;303.57;Module 1,6_14;938.24;140,54;31,45;4,45;139,90;0,63
04,09.2019 13:13:59;31.3;4.49;320.2;911.1710604200764;303.74;Module 1,6_14;937.78;140,54;31,45;4,45;139,85;0,68
04,09.2019 13:15:53;31.1;4.51;320.2;912.8513165946465;303.97;Module 1,6_14;939.39;140,26;31,44;4,46;140,11;0,15
04,09.2019 13:17:49;31;4.54;320.2;918.3516873523338;304.42;Module 1,6_14;944.93;140,74;31,44;4,48;140,95;-0,21
04,09.2019 13:19:44;31;4.52;321.2;914.5972688354758;304.54;Module 1,6_14;940.95;140,12;31,26;4,47;139,57;0,55
04,09.2019 13:21:38;30.9;4.52;321.2;912.2487739603537;304.54;Module 1,6_14;938.42;139,67;31,26;4,45;139,21;0,46
04,09.2019 13:23:31;31;4.53;321.2;915.5068196965938;304.17;Module 1,6_14;941.66;140,43;31,26;4,47;139,71;0,72
04,09.2019 13:25:26;31.2;4.54;321.2;919.0283939318505;303.91;Module 1,6_14;945.17;141,65;31,26;4,49;140,24;1,41
04,09.2019 13:27:18;31.2;4.56;321.2;920.7861709423482;303.82;Module 1,6_14;946.87;142,27;31,25;4,50;140,51;1,77
04,09.2019 13:29:12;31.1;4.54;321.2;920.0061922044966;303.95;Module 1,6_14;945.96;141,19;31,26;4,49;140,39;0,81
04,09.2019 13:31:06;30.9;4.55;321.2;921.5393658230929;304.1;Module 1,6_14;947.43;140,59;31,25;4,50;140,62;-0,03
04,09.2019 13:33:13;30.9;4.56;321.2;920.2519768340009;304;Module 1,6_14;945.99;140,90;31,26;4,49;140,43;0,48
04,09.2019 13:35:06;30.9;4.57;321.2;924.1843242935611;304.1;Module 1,6_14;949.93;141,21;31,25;4,51;141,02;0,19
04,09.2019 13:36:59;30.9;4.58;321.2;925.7807531164189;304.19;Module 1,6_14;951.47;141,52;31,25;4,52;141,26;0,26
04,09.2019 13:38:52;30.8;4.57;322.7;919.4354601861234;304.38;Module 1,6_14;944.85;140,76;30,98;4,49;139,08;1,68
04,09.2019 13:40:45;30.7;4.58;322.7;924.5419211758308;304.69;Module 1,6_14;950;140,61;30,98;4,51;139,84;0,76
04,09.2019 13:42:43;30.7;4.57;322.7;922.6150414815396;304.47;Module 1,6_14;947.92;140,30;30,98;4,50;139,56;0,74
04,09.2019 13:44:36;30.9;4.55;323.7;918.8131800848578;304.03;Module 1,6_14;943.92;140,59;30,80;4,49;138,17;2,43
04,09.2019 13:46:29;30.9;4.51;323.7;914.3179103394685;303.98;Module 1,6_14;939.21;139,36;30,81;4,46;137,50;1,86
04,09.2019 13:48:35;30.9;4.56;323.7;921.9224226869529;304.01;Module 1,6_14;946.92;140,90;30,80;4,50;138,63;2,27
04,09.2019 13:50:28;30.7;4.59;323.7;926.8390744704309;304.51;Module 1,6_14;951.88;140,91;30,80;4,53;139,36;1,55
04,09.2019 13:52:20;30.6;4.61;323.7;928.8720414710735;304.92;Module 1,6_14;953.88;141,07;30,80;4,54;139,67;1,40
04,09.2019 13:54:16;30.7;4.6;323.7;929.1637168757711;305.24;Module 1,6_14;954.09;141,22;30,80;4,54;139,71;1,51
04,09.2019 13:56:12;30.8;4.61;323.7;930.184413295159;305;Module 1,6_14;955.05;141,99;30,80;4,54;139,86;2,13
04,09.2019 13:58:06;31;4.58;323.7;925.6697487766686;305.01;Module 1,6_14;950.33;141,98;30,80;4,52;139,19;2,79
04,09.2019 13:59:59;31;4.58;323.7;924.444735654801;305.40999999999997;Module 1,6_14;948.99;141,98;30,80;4,51;139,01;2,97
04,09.2019 14:01:53;30.9;4.59;323.7;928.8400559603447;305.7;Module 1,6_14;953.42;141,83;30,80;4,53;139,66;2,17
04,09.2019 14:03:55;30.9;4.57;321.2;922.3376968777198;305.67;Module 1,6_14;946.66;141,21;31,25;4,50;140,74;0,47
04,09.2019 14:05:50;30.9;4.56;321.2;921.4014647206785;305.64;Module 1,6_14;945.62;140,90;31,25;4,50;140,60;0,30
04,09.2019 14:07:43;30.8;4.58;321.2;925.8316826236093;305.55;Module 1,6_14;950.09;141,06;31,25;4,52;141,27;-0,21
04,09.2019 14:09:36;30.8;4.55;321.2;922.6305677438236;305.59000000000003;Module 1,6_14;946.73;140,14;31,25;4,51;140,79;-0,65
04,09.2019 14:11:29;30.8;4.55;323.7;919.1059803735003;305.51;Module 1,6_14;943.04;140,14;30,80;4,49;138,21;1,93
04,09.2019 14:13:22;30.9;4.54;323.7;915.5600229527505;305.14;Module 1,6_14;939.33;140,29;30,80;4,47;137,68;2,61
04,09.2019 14:15:15;30.9;4.52;323.7;914.9462590833457;304.91;Module 1,6_14;938.63;139,67;30,80;4,47;137,59;2,08
04,09.2019 14:17:16;30.9;4.51;323.7;912.3178683425024;304.82;Module 1,6_14;935.86;139,36;30,81;4,45;137,20;2,16
04,09.2019 14:20:32;30.9;4.51;323.7;911.0951878829297;304.93;Module 1,6_14;934.49;139,36;30,81;4,45;137,01;2,34
04,09.2019 14:22:27;30.8;4.49;321.2;912.0566360666076;305.14;Module 1,6_14;935.41;138,29;31,26;4,45;139,18;-0,89
04,09.2019 14:24:20;30.8;4.49;321.2;910.6853048386427;305.32;Module 1,6_14;933.94;138,29;31,27;4,44;138,97;-0,68
04,09.2019 14:26:18;30.8;4.51;323.7;912.689239421118;305.45;Module 1,6_14;935.93;138,91;30,81;4,45;137,25;1,66
04,09.2019 14:28:11;30.9;4.51;323.7;914.0067805310294;305.58;Module 1,6_14;937.22;139,36;30,81;4,46;137,45;1,91
04,09.2019 14:30:04;30.8;4.51;323.7;911.4610462911693;305.63;Module 1,6_14;934.55;138,91;30,81;4,45;137,07;1,84
04,09.2019 14:31:59;30.7;4.56;323.7;920.482430465594;305.7;Module 1,6_14;943.74;139,99;30,80;4,49;138,42;1,58
04,09.2019 14:34:03;30.7;4.54;323.7;916.798336142404;305.76;Module 1,6_14;939.9;139,38;30,80;4,48;137,87;1,51
04,09.2019 14:35:56;30.7;4.5;324.2;908.824648085758;305.51;Module 1,6_14;931.67;138,15;30,73;4,43;136,27;1,88
04,09.2019 14:38:42;30.7;4.49;324.2;907.8871521107606;305.3;Module 1,6_14;930.63;137,84;30,73;4,43;136,13;1,71
04,09.2019 14:40:34;30.8;4.52;323.7;910.7278374294417;305.27;Module 1,6_14;933.49;139,22;30,81;4,44;136,96;2,26
04,09.2019 14:42:33;30.7;4.45;323.7;901.4332830430822;305.78;Module 1,6_14;923.91;136,62;30,82;4,40;135,57;1,05
04,09.2019 14:44:29;30.6;4.45;324.2;897.130758583683;305.89;Module 1,6_14;919.45;136,17;30,73;4,38;134,53;1,64
04,09.2019 14:46:22;30.6;4.44;324.2;899.4214939149635;306.14;Module 1,6_14;921.75;135,86;30,73;4,39;134,87;1,00
04,09.2019 14:48:15;30.7;4.43;324.2;898.5007499996826;306.03;Module 1,6_14;920.76;136,00;30,73;4,38;134,73;1,27
04,09.2019 14:50:08;30.7;4.44;324.2;903.1411421273547;306.15999999999997;Module 1,6_14;925.47;136,31;30,73;4,41;135,42;0,89
04,09.2019 14:52:01;30.8;4.44;324.2;897.8263484246461;305.84000000000003;Module 1,6_14;919.98;136,75;30,73;4,38;134,63;2,12
04,09.2019 14:53:56;30.8;4.4;324.2;892.003022478826;305.63;Module 1,6_14;913.97;135,52;30,73;4,35;133,76;1,76
04,09.2019 14:55:51;30.8;4.35;324.2;877.832984137984;305.65999999999997;Module 1,6_14;899.41;133,98;30,75;4,28;131,64;2,34
04,09.2019 14:57:44;30.8;4.39;324.2;888.2465044062623;306.05;Module 1,6_14;910.04;135,21;30,74;4,33;133,20;2,01
04,09.2019 14:59:37;30.7;4.36;324.2;888.1764281748447;306.17;Module 1,6_14;909.93;133,85;30,74;4,33;133,19;0,66
04,09.2019 15:01:37;30.6;4.35;324.2;876.5986554536146;306.21;Module 1,6_14;898.03;133,11;30,75;4,28;131,46;1,65
04,09.2019 15:03:30;30.7;4.35;324.2;878.2533656260509;306.2;Module 1,6_14;899.69;133,54;30,75;4,28;131,70;1,84
04,09.2019 15:05:24;30.7;4.37;324.2;885.6180781083149;306.18;Module 1,6_14;907.2;134,16;30,74;4,32;132,81;1,35
04,09.2019 15:07:17;30.8;4.36;324.2;885.3377733843619;305.83;Module 1,6_14;906.88;134,29;30,74;4,32;132,76;1,52
04,09.2019 15:09:14;31;4.34;324.2;884.9303359686457;305.56;Module 1,6_14;906.43;134,54;30,74;4,32;132,70;1,84
04,09.2019 15:11:06;31;4.34;324.2;883.2022108241359;305.56;Module 1,6_14;904.63;134,54;30,74;4,31;132,44;2,10
04,09.2019 15:13:00;31.1;4.33;323.7;882.293339262432;305.6;Module 1,6_14;903.67;134,66;30,84;4,30;132,70;1,96
04,09.2019 15:14:53;31;4.29;323.7;879.6937499393861;305.87;Module 1,6_14;900.98;132,99;30,84;4,29;132,31;0,68
04,09.2019 15:16:46;31.1;4.31;323.7;879.9926398700944;305.99;Module 1,6_14;901.26;134,04;30,84;4,29;132,36;1,68
04,09.2019 15:18:40;31.1;4.26;323.7;872.0591622367427;306.31;Module 1,6_14;893.11;132,49;30,84;4,25;131,17;1,32
04,09.2019 15:20:33;30.9;4.27;323.7;868.5275655883611;306.56;Module 1,6_14;889.47;131,94;30,84;4,24;130,63;1,31
04,09.2019 15:22:28;30.9;4.27;323.7;863.7742644781298;306.46;Module 1,6_14;884.58;131,94;30,84;4,21;129,92;2,02
04,09.2019 15:24:20;31.1;4.26;323.7;861.8116817522935;306.67;Module 1,6_14;882.55;132,49;30,85;4,20;129,62;2,86
04,09.2019 15:26:15;31;4.21;323.7;851.8114236183208;306.59000000000003;Module 1,6_14;872.29;130,51;30,86;4,15;128,12;2,39
04,09.2019 15:28:07;31.1;4.17;323.7;852.7462493016878;306.6;Module 1,6_14;873.23;129,69;30,85;4,16;128,26;1,43
04,09.2019 15:30:00;31.3;4.16;323.7;856.8440165851949;306.42;Module 1,6_14;877.41;130,21;30,85;4,18;128,88;1,33
04,09.2019 15:31:57;31.3;4.16;323.7;853.2944920852017;306.47;Module 1,6_14;873.76;130,21;30,85;4,16;128,34;1,87
04,09.2019 15:33:55;31.2;4.14;323.7;846.1594333703779;306.64;Module 1,6_14;866.44;129,17;30,86;4,12;127,27;1,90
04,09.2019 15:35:47;31.1;4.15;323.7;843.8270371861515;306.87;Module 1,6_14;864.04;129,07;30,86;4,11;126,92;2,15
04,09.2019 15:37:45;31;4.14;323.7;840.0874340257218;306.75;Module 1,6_14;860.2;128,34;30,87;4,09;126,35;1,99
04,09.2019 15:39:43;31;4.1;323.7;831.1506021405324;306.89;Module 1,6_14;851.04;127,10;30,87;4,05;125,00;2,10
04,09.2019 15:41:36;31;4.05;323.7;821.3523920791009;307.07;Module 1,6_14;841;125,55;30,88;4,00;123,52;2,03
04,09.2019 15:43:33;31.2;4.01;323.7;819.2195180019803;307.25;Module 1,6_14;838.81;125,11;30,88;3,99;123,20;1,91
04,09.2019 15:45:26;31.6;3.96;323.7;815.2782238608465;307.14;Module 1,6_14;834.77;125,14;30,88;3,97;122,60;2,53
04,09.2019 15:47:19;31.7;3.95;323.7;814.7635767114945;307.04;Module 1,6_14;834.24;125,22;30,88;3,97;122,52;2,69
04,09.2019 15:49:14;31.5;3.99;323.7;812.9974352036282;306.96;Module 1,6_14;832.43;125,69;30,88;3,96;122,26;3,43
04,09.2019 15:51:27;31.1;4;323.7;808.4364930444003;307.1;Module 1,6_14;827.76;124,40;30,88;3,94;121,57;2,83
04,09.2019 15:53:20;31.1;3.96;323.7;801.6863086397218;307.13;Module 1,6_14;820.85;123,16;30,88;3,90;120,54;2,61
04,09.2019 15:55:13;31.1;3.95;323.7;797.2689328058502;306.92;Module 1,6_14;816.33;122,85;30,89;3,88;119,87;2,97
04,09.2019 15:57:07;31.2;3.93;323.7;795.7800529155206;306.78;Module 1,6_14;814.81;122,62;30,89;3,87;119,65;2,97
04,09.2019 15:59:02;31.2;3.91;321.2;795.1100321152671;306.6;Module 1,6_14;814.13;121,99;31,34;3,87;121,30;0,69
04,09.2019 16:00:54;31.3;3.9;321.2;792.2998937348974;306.57;Module 1,6_14;811.26;122,07;31,34;3,86;120,87;1,20
04,09.2019 16:02:49;31.3;3.88;321.2;787.8766784959984;306.39;Module 1,6_14;806.74;121,44;31,34;3,83;120,19;1,26
04,09.2019 16:04:41;31.4;3.86;321.2;781.8995017919052;306.2;Module 1,6_14;800.63;121,20;31,35;3,80;119,26;1,94
04,09.2019 16:06:42;31.4;3.83;321.2;775.5098496456256;306.28;Module 1,6_14;794.1;120,26;31,35;3,77;118,28;1,98
04,09.2019 16:08:36;31.3;3.81;321.2;770.5160241403387;306.65;Module 1,6_14;789;119,25;31,35;3,75;117,51;1,75
04,09.2019 16:10:31;31.3;3.76;321.2;759.973846190262;306.98;Module 1,6_14;778.22;117,69;31,36;3,70;115,88;1,81
04,09.2019 16:12:33;31.3;3.73;321.2;757.7397474878497;307.06;Module 1,6_14;775.95;116,75;31,36;3,68;115,53;1,22
04,09.2019 16:14:28;31.4;3.72;321.2;756.8135897131328;306.96;Module 1,6_14;775.02;116,81;31,36;3,68;115,39;1,42
04,09.2019 16:16:24;31.6;3.69;321.2;750.3196909502191;306.49;Module 1,6_14;768.39;116,60;31,36;3,65;114,38;2,22
04,09.2019 16:18:17;31.6;3.69;321.2;745.9341584483597;306.4;Module 1,6_14;763.92;116,60;31,36;3,63;113,70;2,90
04,09.2019 16:20:15;31.5;3.68;321.2;745.305462201174;306.61;Module 1,6_14;763.3;115,92;31,36;3,62;113,60;2,32
04,09.2019 16:22:07;31.6;3.62;321.2;737.792731043893;306.54;Module 1,6_14;755.63;114,39;31,37;3,58;112,44;1,95
04,09.2019 16:24:16;31.7;3.6;321.2;732.8232025319675;306.79;Module 1,6_14;750.57;114,12;31,37;3,56;111,67;2,45
04,09.2019 16:26:09;31.4;3.6;321.2;729.7889345434927;307.19;Module 1,6_14;747.49;113,04;31,37;3,54;111,20;1,84
04,09.2019 16:28:02;31.5;3.58;321.2;725.9721404366829;307.05;Module 1,6_14;743.61;112,77;31,37;3,53;110,60;2,17
04,09.2019 16:30:01;31.5;3.56;321.2;721.7031705073541;306.96;Module 1,6_14;739.27;112,14;31,37;3,50;109,94;2,20
04,09.2019 16:32:00;31.5;3.54;321.2;719.6876094435459;306.85;Module 1,6_14;737.24;111,51;31,37;3,49;109,63;1,88
04,09.2019 16:34:13;31.6;3.47;321.2;708.9196945586295;306.76;Module 1,6_14;726.25;109,65;31,38;3,44;107,95;1,70
04,09.2019 16:36:08;31.7;3.43;321.2;700.332905790405;306.65;Module 1,6_14;717.49;108,73;31,38;3,40;106,61;2,12
04,09.2019 16:38:00;31.7;3.41;321.2;694.0300136267595;306.72;Module 1,6_14;711.07;108,10;31,38;3,37;105,63;2,47
04,09.2019 16:39:53;31.8;3.38;321.2;686.2323483741054;306.27;Module 1,6_14;703.12;107,48;31,38;3,33;104,41;3,07
04,09.2019 16:41:48;31.9;3.38;320.2;685.0985063642241;305.68;Module 1,6_14;702;107,82;31,55;3,32;104,84;2,99
04,09.2019 16:43:41;31.9;3.33;320.2;679.1427756376717;305.46;Module 1,6_14;695.94;106,23;31,55;3,29;103,90;2,33
04,09.2019 16:45:35;32;3.31;320.2;675.6249247798659;305.51;Module 1,6_14;692.38;105,92;31,55;3,28;103,35;2,57
04,09.2019 16:47:30;31.9;3.29;320.2;671.5098819379504;305.82;Module 1,6_14;688.21;104,95;31,55;3,25;102,70;2,25
04,09.2019 16:49:39;31.9;3.24;320.2;661.1333734754999;305.92;Module 1,6_14;677.63;103,36;31,55;3,20;101,07;2,29
04,09.2019 16:51:36;31.9;3.21;320.2;654.5170907034683;306.19;Module 1,6_14;670.9;102,40;31,55;3,17;100,03;2,37
04,09.2019 16:53:30;31.9;3.2;320.2;650.6421043183337;306.34000000000003;Module 1,6_14;666.98;102,08;31,55;3,15;99,42;2,66
04,09.2019 16:55:30;31.9;3.19;320.2;647.699115920901;306.4;Module 1,6_14;664.02;101,76;31,55;3,14;98,95;2,81
04,09.2019 16:57:23;31.9;3.17;320.2;643.3043354126949;306.53;Module 1,6_14;659.57;101,12;31,55;3,11;98,26;2,86
04,09.2019 16:59:16;31.9;3.13;320.2;640.1271267741786;306.51;Module 1,6_14;656.37;99,85;31,55;3,10;97,76;2,09
04,09.2019 17:01:09;31.9;3.11;320.2;636.5776240801297;306.78;Module 1,6_14;652.79;99,21;31,55;3,08;97,20;2,01
04,09.2019 17:03:05;31.9;3.07;320.2;629.027019189465;306.6;Module 1,6_14;645.11;97,93;31,55;3,04;96,00;1,93
04,09.2019 17:04:59;32;3.02;320.2;621.4765077077467;306.57;Module 1,6_14;637.43;96,64;31,55;3,00;94,81;1,83
04,09.2019 17:06:52;32.1;3;320.2;611.4299566559121;306.5;Module 1,6_14;627.19;96,30;31,55;2,95;93,22;3,08
04,09.2019 17:08:46;32.1;2.96;320.2;606.3732790009902;306.42;Module 1,6_14;622.07;95,02;31,55;2,93;92,42;2,59
04,09.2019 17:10:39;32.1;2.94;319.7;603.8108844761715;306.49;Module 1,6_14;619.51;94,37;31,64;2,92;92,28;2,10
04,09.2019 17:12:32;32.1;2.9;319.7;596.2568156116657;306.65;Module 1,6_14;611.83;93,09;31,64;2,88;91,08;2,01
04,09.2019 17:14:24;32.2;2.87;319.7;591.1970776572393;306.84000000000003;Module 1,6_14;606.71;92,41;31,63;2,85;90,27;2,14
04,09.2019 17:16:31;32.2;2.84;319.7;583.6318839147656;306.83;Module 1,6_14;599.03;91,45;31,63;2,82;89,07;2,38
04,09.2019 17:18:29;32.2;2.83;319.7;583.5530263891736;306.88;Module 1,6_14;599.03;91,13;31,63;2,82;89,06;2,07
04,09.2019 17:20:22;32.3;2.78;319.7;573.5005502197778;306.6;Module 1,6_14;588.79;89,79;31,63;2,77;87,46;2,34
04,09.2019 17:22:15;32.4;2.75;319.7;570.9274830463492;306.57;Module 1,6_14;586.23;89,10;31,63;2,75;87,05;2,05
04,09.2019 17:24:16;32.5;2.72;319.7;558.3751126487847;306.37;Module 1,6_14;573.43;88,40;31,62;2,69;85,05;3,35
04,09.2019 17:26:12;32.5;2.68;319.7;553.3041954128815;306.35;Module 1,6_14;568.31;87,10;31,62;2,66;84,24;2,86
04,09.2019 17:28:04;32.5;2.64;319.7;545.7427026563331;306.32;Module 1,6_14;560.63;85,80;31,61;2,63;83,03;2,77
04,09.2019 17:30:00;32.6;2.52;317.6;533.1941710146083;306.32;Module 1,6_14;547.83;82,15;31,98;2,56;81,99;0,16
04,09.2019 17:31:56;32.6;2.57;317.6;533.1024382895736;306.32;Module 1,6_14;547.83;83,78;31,98;2,56;81,97;1,81
04,09.2019 17:33:47;32.7;2.54;317.6;525.5391987241937;306.14;Module 1,6_14;540.15;83,06;31,98;2,53;80,75;2,31
04,09.2019 17:35:39;32.7;2.5;317.6;520.464828751162;306.11;Module 1,6_14;535.03;81,75;31,98;2,50;79,93;1,82
04,09.2019 17:37:47;32.7;2.46;317.6;507.9056973585874;305.99;Module 1,6_14;522.23;80,44;31,96;2,44;77,90;2,55
04,09.2019 17:39:39;32.7;2.43;317.6;505.31862690688894;306.34000000000003;Module 1,6_14;519.67;79,46;31,96;2,42;77,48;1,98
04,09.2019 17:41:33;32.7;2.39;317.6;497.7496143322848;306.25;Module 1,6_14;511.99;78,15;31,95;2,39;76,25;1,90
04,09.2019 17:43:34;32.8;2.35;317.6;490.1735192152595;305.88;Module 1,6_14;504.31;77,08;31,95;2,35;75,02;2,06
04,09.2019 17:45:27;32.8;2.32;317.6;482.6041003290055;305.75;Module 1,6_14;496.63;76,10;31,94;2,31;73,79;2,30
04,09.2019 17:47:20;32.9;2.29;317.6;480.00843577409387;305.88;Module 1,6_14;494.07;75,34;31,93;2,30;73,37;1,97
04,09.2019 17:49:19;32.9;2.24;316.1;469.94434244082237;305.78;Module 1,6_14;483.83;73,70;32,20;2,25;72,33;1,36
04,09.2019 17:51:12;33;2.19;316.1;464.85864130702765;305.9;Module 1,6_14;478.71;72,27;32,19;2,22;71,50;0,77
04,09.2019 17:53:07;33;2.13;316.1;449.82798869921953;305.75;Module 1,6_14;463.35;70,29;32,16;2,15;69,04;1,25
04,09.2019 17:55:00;33;2.14;315.6;449.7106693061801;305.71;Module 1,6_14;463.35;70,62;32,26;2,15;69,21;1,41
04,09.2019 17:56:55;33.1;2.09;315.6;439.6509505371985;305.37;Module 1,6_14;453.11;69,18;32,24;2,10;67,55;1,63
04,09.2019 17:58:50;33.2;2.07;315.6;437.041935236198;305.29;Module 1,6_14;450.55;68,72;32,23;2,08;67,12;1,60
04,09.2019 18:00:44;33.2;2.03;315.6;429.4656809805708;305.21;Module 1,6_14;442.87;67,40;32,23;2,04;65,88;1,52
04,09.2019 18:02:37;33.1;2.01;315.6;424.3719744244673;305.32;Module 1,6_14;437.75;66,53;32,21;2,02;65,04;1,49
04,09.2019 18:04:46;33.2;1.95;314.1;411.8147128543152;305.24;Module 1,6_14;424.95;64,74;32,46;1,96;63,48;1,26
04,09.2019 18:06:53;33.2;1.91;314.1;404.2223301173286;305.36;Module 1,6_14;417.27;63,41;32,45;1,92;62,22;1,19
04,09.2019 18:08:53;33.2;1.88;314.1;399.116703089956;305.47;Module 1,6_14;412.15;62,42;32,44;1,89;61,37;1,04
04,09.2019 18:10:46;33.2;1.85;314.1;396.49577302604877;305.6;Module 1,6_14;409.59;61,42;32,43;1,88;60,94;0,48
04,09.2019 18:12:49;33.2;1.81;313.6;383.94917635811294;305.68;Module 1,6_14;396.79;60,09;32,49;1,82;59,01;1,08
04,09.2019 18:14:42;33.3;1.77;313.6;376.37149306082773;305.46;Module 1,6_14;389.11;58,94;32,48;1,78;57,75;1,19
04,09.2019 18:16:38;33.3;1.74;313.6;368.7897581979676;305.23;Module 1,6_14;381.43;57,94;32,45;1,74;56,48;1,46
04,09.2019 18:18:32;33.3;1.7;313.6;361.21065629000464;305.26;Module 1,6_14;373.75;56,61;32,44;1,70;55,22;1,39
04,09.2019 18:20:53;33.3;1.65;313.6;353.5935393949841;304.89;Module 1,6_14;366.07;54,94;32,41;1,66;53,95;1,00
04,09.2019 18:22:46;33.3;1.6;312.1;343.54366899993306;304.6;Module 1,6_14;355.83;53,28;32,66;1,61;52,69;0,59
04,09.2019 18:24:44;33.4;1.55;312.1;333.48913919213044;304.6;Module 1,6_14;345.59;51,77;32,63;1,56;51,00;0,77
04,09.2019 18:26:36;33.4;1.54;312.1;330.85349317121324;304.72;Module 1,6_14;343.03;51,44;32,62;1,55;50,56;0,88
04,09.2019 18:28:30;33.4;1.51;312.1;325.74231258385316;304.5;Module 1,6_14;337.91;50,43;32,60;1,52;49,70;0,74
04,09.2019 18:30:23;33.4;1.46;312.1;318.1639376742441;304.21;Module 1,6_14;330.23;48,76;32,58;1,49;48,42;0,34
04,09.2019 18:32:16;33.5;1.43;311.6;311.1927005966974;303.93;Module 1,6_14;323.18;47,91;32,64;1,45;47,38;0,53
04,09.2019 18:34:23;33.5;1.4;311.6;304.94866714253266;303.87;Module 1,6_14;316.91;46,90;32,62;1,42;46,32;0,58
04,09.2019 18:36:27;33.5;1.34;311.6;295.0437974802455;303.91;Module 1,6_14;306.83;44,89;32,58;1,37;44,65;0,24
05,09.2019 10:58:52;34.1;1.63;296;303.82873150517247;291.35;Module 1,6_14;318.25;55,58;35,44;1,41;49,80;5,78
05,09.2019 11:54:09;33.8;1.51;295.5;306.5403949667927;291.11;Module 1,6_14;318.09;51,04;35,53;1,42;50,41;0,63
05,09.2019 11:56:02;35.3;2.42;295.5;476.2464916275903;291.37;Module 1,6_14;494.07;85,43;35,90;2,27;81,41;4,01
05,09.2019 11:57:55;34.7;2.16;296;404.7815231781441;291.92;Module 1,6_14;419.83;74,95;35,71;1,91;68,22;6,73
05,09.2019 11:59:47;34.1;1.51;296;291.08869918397556;292.24;Module 1,6_14;301.84;51,49;35,38;1,34;47,48;4,02
05,09.2019 12:05:27;33.9;1.52;297.5;295.22584638131275;292.36;Module 1,6_14;305.92;51,53;35,13;1,36;47,90;3,63
05,09.2019 12:12:59;33.9;1.55;299.5;306.29848218248753;292.14;Module 1,6_14;317.12;52,55;34,81;1,42;49,44;3,11
05,09.2019 12:14:52;33.9;1.79;299.5;348.7051133203862;292.35;Module 1,6_14;360.95;60,68;34,95;1,63;57,05;3,64
05,09.2019 12:16:44;34.1;2.27;299.5;435.35361038885344;292.71;Module 1,6_14;450.55;77,41;35,13;2,07;72,58;4,83
05,09.2019 12:18:42;34;2.73;299.5;507.19603585847653;293.32;Module 1,6_14;524.79;92,82;35,22;2,43;85,41;7,41
05,09.2019 12:20:45;33.9;1.76;300;339.0251364319337;293.39;Module 1,6_14;350.71;59,66;34,84;1,58;55,18;4,49
05,09.2019 12:22:38;33.6;1.74;300;344.04146747935334;293.35;Module 1,6_14;355.83;58,46;34,85;1,61;56,08;2,39
05,09.2019 12:24:32;33.5;1.89;300;366.38895298808075;293.28;Module 1,6_14;378.87;63,31;34,91;1,72;60,07;3,24
05,09.2019 12:26:26;33.7;1.8;301.5;349.12571046632115;293.35;Module 1,6_14;360.95;60,66;34,59;1,64;56,58;4,08
05,09.2019 12:28:19;33.5;1.57;301.5;301.9127010000101;293.4;Module 1,6_14;312.08;52,59;34,44;1,40;48,19;4,41
05,09.2019 12:30:12;33.5;1.54;302;309.78612049170135;293.44;Module 1,6_14;320.16;51,59;34,38;1,44;49,47;2,12
05,09.2019 12:32:05;33.5;1.76;302;356.7498499971894;293.66;Module 1,6_14;368.63;58,96;34,52;1,67;57,79;1,17
05,09.2019 12:34:01;33.9;2.05;302;401.4178857771584;293.82;Module 1,6_14;414.71;69,49;34,63;1,90;65,70;3,79
05,09.2019 12:35:54;33.7;1.78;302;351.92040006349566;293.85;Module 1,6_14;363.51;59,99;34,52;1,65;56,93;3,05
05,09.2019 12:37:48;33.7;1.84;302;376.7696029756825;293.88;Module 1,6_14;389.11;62,01;34,58;1,77;61,34;0,67
05,09.2019 12:39:46;33.8;1.88;303.5;384.27401068562386;294;Module 1,6_14;396.79;63,54;34,32;1,81;62,21;1,34
05,09.2019 12:41:39;33.5;1.48;303.5;292.1159558016914;294.14;Module 1,6_14;301.58;49,58;34,04;1,35;46,00;3,58
05,09.2019 12:58:45;33.6;1.9;301.5;533.8675441346729;293.42;Module 1,6_14;550.39;63,84;34,88;2,56;89,29;-25,45
05,09.2019 13:00:39;36.7;4.21;301.5;932.6546794135007;294.07;Module 1,6_14;961.38;154,51;34,74;4,55;158,18;-3,68
05,09.2019 13:02:33;33.3;2.24;301.5;576.246482748089;294.6;Module 1,6_14;593.91;74,59;34,90;2,77;96,74;-22,15
05,09.2019 13:04:49;33.7;5.27;303.5;1088.1040573113112;295.28;Module 1,6_14;1121.27;177,60;34,21;5,33;182,32;-4,72
05,09.2019 13:06:41;33.5;5.33;303.5;1095.7051997366596;295.52;Module 1,6_14;1128.95;178,56;34,20;5,37;183,56;-5,00
05,09.2019 13:08:34;33.3;1.54;304;301.53297932400307;295.84;Module 1,6_14;310.64;51,28;33,98;1,40;47,54;3,74
05,09.2019 13:10:27;33.2;4.63;304;1036.3511690662851;295.5;Module 1,6_14;1067.51;153,72;34,19;5,07;173,38;-19,66
05,09.2019 13:12:20;31.9;1.45;304;305.466925623596;295.5;Module 1,6_14;314.61;46,25;34,00;1,42;48,23;-1,98
05,09.2019 13:14:12;33.7;1.51;304;323.15975824632346;295.27;Module 1,6_14;332.79;50,89;34,06;1,51;51,33;-0,45
05,09.2019 13:16:05;33.1;1.45;304;303.1068588838099;294.96;Module 1,6_14;312.1;47,99;33,99;1,41;47,82;0,18
05,09.2019 13:18:00;35;5.25;305.1;1136.3432940347616;294.54;Module 1,6_14;1169.91;183,75;33,87;5,57;188,63;-4,88
05,09.2019 13:19:59;33.6;1.95;305.1;430.2188997573493;294.6;Module 1,6_14;442.87;65,52;34,13;2,04;69,72;-4,20
05,09.2019 13:22:01;33.7;5.34;305.1;1049.5864612043324;294.97;Module 1,6_14;1080.31;179,96;33,98;5,14;174,57;5,39
05,09.2019 13:26:04;33.9;1.36;305.1;512.4821363236517;294.53;Module 1,6_14;527.35;46,10;34,22;2,45;84,01;-37,90
05,09.2019 13:29:49;33.5;4.49;305.1;920.9762037941721;294.75;Module 1,6_14;947.48;150,42;34,12;4,50;153,40;-2,99
05,09.2019 13:31:43;35;5.17;305.1;1077.583867786358;295;Module 1,6_14;1108.47;180,95;33,95;5,28;179,12;1,83
05,09.2019 13:35:35;33.4;4.97;305.1;917.5999529965725;296.1;Module 1,6_14;943.69;166,00;34,13;4,48;152,84;13,15
05,09.2019 13:37:27;33;4.96;307.6;1030.6373754122221;296.78;Module 1,6_14;1059.83;163,68;33,56;5,04;169,26;-5,58
05,09.2019 13:39:22;32.8;5.16;307.6;1068.093080394342;296.89;Module 1,6_14;1098.23;169,25;33,52;5,23;175,29;-6,04
05,09.2019 13:41:15;32.4;5.04;307.6;1045.7926765628329;296.74;Module 1,6_14;1075.19;163,30;33,55;5,12;171,71;-8,41
05,09.2019 13:43:10;32.4;5.11;309.6;1058.3514561996076;297.22;Module 1,6_14;1087.99;165,56;33,18;5,18;171,90;-6,34
05,09.2019 13:45:03;32.5;5.08;309.6;1008.6463873285486;297.78;Module 1,6_14;1036.79;165,10;33,23;4,93;163,98;1,12
05,09.2019 13:47:11;32.2;5.09;311.6;1056.0827672204637;298.14;Module 1,6_14;1085.43;163,90;32,83;5,17;169,71;-5,81
05,09.2019 13:49:07;31.7;5.54;311.6;1140.881644265592;298.74;Module 1,6_14;1172.47;175,62;32,72;5,59;182,96;-7,34
05,09.2019 13:51:00;31.9;5.24;312.1;1138.4978473393703;298.78;Module 1,6_14;1169.91;167,16;32,63;5,58;182,09;-14,94
05,09.2019 13:52:54;31.8;2.25;312.1;465.90012669573343;298.71;Module 1,6_14;478.71;71,55;32,91;2,22;73,23;-1,68
05,09.2019 13:54:52;31.9;1.5;312.1;300.4582584013627;297.85;Module 1,6_14;308.69;47,85;32,51;1,40;45,45;2,40
05,09.2019 13:56:44;32.9;1.51;313.6;303.9794512526471;297.15;Module 1,6_14;312.28;49,68;32,25;1,42;45,68;4,00
05,09.2019 14:06:14;34.9;4.4;309.6;1076.9745253104566;294.09;Module 1,6_14;1105.91;153,56;33,16;5,27;174,86;-21,30
05,09.2019 14:08:08;34.6;5;309.6;1039.6632656409113;294.62;Module 1,6_14;1067.51;173,00;33,20;5,09;168,93;4,07
05,09.2019 14:10:01;33.7;4.96;309.6;1032.2647462409222;295.45;Module 1,6_14;1059.83;167,15;33,21;5,05;167,75;-0,60
05,09.2019 14:11:54;33;5.13;307.6;1052.2932261197245;296.32;Module 1,6_14;1080.31;169,29;33,54;5,15;172,75;-3,46
05,09.2019 14:17:36;32;1.67;309.6;331.7146680159973;296.31;Module 1,6_14;340.47;53,44;33,08;1,55;51,37;2,07
05,09.2019 14:24:09;33.8;1.85;309.6;456.5332264968849;295.85;Module 1,6_14;468.47;62,53;33,35;2,18;72,61;-10,08
05,09.2019 14:27:58;31.8;3.38;309.6;816.9603610498577;296.48;Module 1,6_14;838.21;107,48;33,41;3,98;132,90;-25,42
05,09.2019 14:29:52;33.2;4.96;309.6;1020.5515775905226;297.25;Module 1,6_14;1047.03;164,67;33,22;4,99;165,88;-1,21
05,09.2019 14:37:42;33;4.05;309.6;1085.6968902002877;296.08;Module 1,6_14;1113.59;133,65;33,15;5,32;176,24;-42,59
05,09.2019 14:39:36;33.6;5.24;309.6;1075.7739124342122;296.75;Module 1,6_14;1103.35;176,06;33,16;5,27;174,67;1,40
05,09.2019 14:41:29;33.4;5.29;309.6;1085.8169838631084;297.78;Module 1,6_14;1113.59;176,69;33,15;5,32;176,26;0,43
05,09.2019 14:43:30;32.8;5.3;309.6;1085.878442184062;298.57;Module 1,6_14;1113.59;173,84;33,15;5,32;176,27;-2,43
05,09.2019 14:45:25;32.3;5.26;309.6;1080.9423540398104;299.54;Module 1,6_14;1108.47;169,90;33,15;5,29;175,49;-5,59
05,09.2019 14:49:17;31.4;1.3;311.6;316.4830903133096;299.21;Module 1,6_14;324.51;40,82;32,66;1,48;48,27;-7,45
05,09.2019 14:58:59;33.1;2.16;309.6;307.6486062192526;295.22;Module 1,6_14;315.38;71,50;32,99;1,43;47,27;24,23
05,09.2019 15:00:54;34.6;4.57;309.6;961.4673849267352;295.63;Module 1,6_14;985.59;158,12;33,29;4,70;156,40;1,72
05,09.2019 15:08:40;33.9;1.53;305.1;296.77885282659594;294.75;Module 1,6_14;304.18;51,87;33,77;1,38;46,45;5,41
05,09.2019 15:10:34;34.9;2.69;305.1;574.4823937214042;295.52;Module 1,6_14;588.79;93,88;34,26;2,76;94,72;-0,84
05,09.2019 15:12:33;34.1;2.6;305.1;532.0369729741212;296.14;Module 1,6_14;545.27;88,66;34,23;2,55;87,39;1,27
05,09.2019 15:14:27;33.1;1.57;305.1;312.2138178805863;296.38;Module 1,6_14;319.97;51,97;33,83;1,45;49,15;2,82
05,09.2019 15:16:24;33;1.49;305.1;303.6649969906945;296.52;Module 1,6_14;311.2;49,17;33,80;1,41;47,66;1,51
05,09.2019 15:18:17;33.2;1.59;305.1;319.4029209707938;296.17;Module 1,6_14;327.32;52,79;33,85;1,49;50,40;2,39
05,09.2019 15:20:11;33.3;1.54;305.1;311.16491508774016;295.71;Module 1,6_14;318.87;51,28;33,82;1,45;48,96;2,32
05,09.2019 15:22:04;33.5;1.56;305.1;317.83708857382555;295.4;Module 1,6_14;325.7;52,26;33,84;1,48;50,13;2,13
05,09.2019 15:24:00;33.5;1.58;305.1;324.7629643183935;295.1;Module 1,6_14;332.79;52,93;33,87;1,52;51,34;1,59
05,09.2019 15:25:55;33.5;2.79;304;502.14880868186356;295.11;Module 1,6_14;514.55;93,47;34,41;2,40;82,67;10,80
05,09.2019 15:27:48;33.7;1.85;304;382.2371947774139;295.07;Module 1,6_14;391.67;62,35;34,23;1,80;61,70;0,65
05,09.2019 15:29:41;33.7;1.7;304;352.26279317832484;294.74;Module 1,6_14;360.95;57,29;34,16;1,65;56,44;0,85
05,09.2019 15:31:35;33.9;1.95;304;404.7349256394631;294.46;Module 1,6_14;414.71;66,10;34,27;1,92;65,64;0,46
05,09.2019 15:33:29;34.3;4.24;304;909.0381832379878;294.37;Module 1,6_14;931.43;145,43;34,33;4,44;152,27;-6,84
05,09.2019 15:35:27;34.8;4.92;304;902.0415248997797;295.17;Module 1,6_14;924.25;171,22;34,33;4,40;151,10;20,12
05,09.2019 15:37:19;33.7;3.79;304;897.7949295034769;295.89;Module 1,6_14;919.89;127,72;34,34;4,38;150,39;-22,67
05,09.2019 15:39:12;33.3;4.45;304;923.5682499752965;296.71;Module 1,6_14;946.29;148,19;34,31;4,51;154,70;-6,51
05,09.2019 15:41:07;33;4.41;305.1;911.4035502219176;297.3;Module 1,6_14;933.82;145,53;34,13;4,45;151,81;-6,28
05,09.2019 15:43:01;32.8;4.38;305.1;911.5541835334875;297.57;Module 1,6_14;933.97;143,66;34,13;4,45;151,84;-8,18
05,09.2019 15:44:57;33;4.6;309.6;954.3740635415757;297.82;Module 1,6_14;977.84;151,80;33,29;4,66;155,26;-3,46
05,09.2019 15:46:55;32.2;2.06;309.6;482.21396159512415;298.01;Module 1,6_14;494.07;66,33;33,38;2,31;76,97;-10,64
05,09.2019 15:48:57;33;4.2;309.6;1004.413851326799;298.22;Module 1,6_14;1029.11;138,60;33,24;4,91;163,30;-24,70
05,09.2019 15:50:59;33.4;4.82;310.1;989.4194652572819;298.49;Module 1,6_14;1013.75;160,99;33,17;4,84;160,47;0,52
05,09.2019 15:52:52;32.7;4.42;310.1;898.3252172472081;299.51;Module 1,6_14;920.42;144,53;33,26;4,38;145,80;-1,27
05,09.2019 15:54:49;31.9;3.66;311.6;712.7934945534214;299.72;Module 1,6_14;730.33;116,75;33,10;3,46;114,48;2,27
05,09.2019 15:56:42;32.4;1.69;311.6;569.650224651437;299.11;Module 1,6_14;583.67;54,76;33,09;2,74;90,79;-36,03
05,09.2019 15:58:34;32.5;1.74;311.6;367.26724103914563;298.37;Module 1,6_14;376.31;56,55;32,82;1,73;56,83;-0,28
05,09.2019 16:08:05;34.9;4.38;309.6;893.4462187348535;296.1;Module 1,6_14;915.52;152,86;33,35;4,36;145,39;7,47
05,09.2019 16:10:00;32.7;1.58;309.6;309.15465225433553;296.5;Module 1,6_14;316.8;51,67;33,00;1,44;47,52;4,14
05,09.2019 16:19:29;33.4;1.5;305.1;367.17461758397906;295.33;Module 1,6_14;376.31;50,10;33,99;1,73;58,73;-8,63
05,09.2019 16:38:22;33.7;1.51;302;362.00714205014333;294.61;Module 1,6_14;371.19;50,89;34,54;1,70;58,72;-7,83
05,09.2019 16:40:16;34.2;2.16;302;421.90072006893996;295.1;Module 1,6_14;432.63;73,87;34,66;2,00;69,33;4,55
05,09.2019 16:42:08;34;1.54;302;303.8819273150533;295.26;Module 1,6_14;311.63;52,36;34,35;1,41;48,42;3,94
05,09.2019 16:44:04;33.5;1.75;302;381.9051761804168;295.39;Module 1,6_14;391.67;58,63;34,59;1,80;62,25;-3,62
05,09.2019 16:45:57;34;2.07;302;484.21388809628274;295.5;Module 1,6_14;496.63;70,38;34,75;2,31;80,33;-9,95
05,09.2019 16:47:49;33.9;2.36;302;461.71585760035384;295.75;Module 1,6_14;473.59;80,00;34,73;2,20;76,36;3,64
05,09.2019 16:57:18;33.6;1.54;303.5;310.9572662164489;295.72;Module 1,6_14;319.09;51,74;34,11;1,45;49,31;2,43
05,09.2019 16:59:39;33.7;1.88;303.5;374.15846983121037;295.47;Module 1,6_14;383.99;63,36;34,30;1,76;60,43;2,93
05,09.2019 17:01:31;34.1;1.96;303.5;379.10982729881135;295.7;Module 1,6_14;389.11;66,84;34,31;1,79;61,30;5,54
05,09.2019 17:03:24;33.4;1.65;303.5;346.64913293622203;295.67;Module 1,6_14;355.83;55,11;34,23;1,62;55,59;-0,48
05,09.2019 17:56:47;33.7;1.28;301.5;369.6491456621289;294.6;Module 1,6_14;381.43;43,14;34,65;1,74;60,22;-17,09
05,09.2019 18:06:20;33.6;1.48;301.5;306.1529987434368;294.3;Module 1,6_14;316.43;49,73;34,45;1,42;48,94;0,79
05,09.2019 18:08:12;35;2.56;301.5;522.4189439707878;294.8;Module 1,6_14;540.15;89,60;34,88;2,50;87,27;2,33
05,09.2019 18:11:58;34.3;1.58;301.5;310.7554059328168;295.38;Module 1,6_14;321.55;54,19;34,47;1,44;49,76;4,43
05,09.2019 18:13:51;33.9;1.6;301.5;328.9059546669536;295.67;Module 1,6_14;340.47;54,24;34,53;1,53;52,98;1,26
05,09.2019 18:17:37;34.1;1.44;302;300.9872787014602;295.25;Module 1,6_14;311.84;49,10;34,34;1,39;47,91;1,20
05,09.2019 18:27:15;34.2;1.55;302;327.77674119582036;294.57;Module 1,6_14;340.47;53,01;34,44;1,53;52,66;0,35
05,09.2019 18:29:08;34.6;1.75;302;371.92606839022875;294.9;Module 1,6_14;386.55;60,55;34,56;1,75;60,48;0,07
05,09.2019 18:31:00;34.4;1.88;302;393.86111676529856;295.33;Module 1,6_14;409.59;64,67;34,62;1,86;64,36;0,31
05,09.2019 18:33:00;34.5;1.91;302;403.4397946354521;295.67;Module 1,6_14;419.83;65,89;34,63;1,91;66,06;-0,16
05,09.2019 18:34:53;34.7;1.96;303.5;410.5507503349189;296.02;Module 1,6_14;427.51;68,01;34,38;1,94;66,82;1,19
05,09.2019 18:36:51;34.4;1.81;303.5;370.9493256715632;296.25;Module 1,6_14;386.55;62,26;34,29;1,75;59,86;2,40
05,09.2019 18:40:40;34;1.42;303.5;294.14014771532635;296.13;Module 1,6_14;306.97;48,28;34,05;1,36;46,36;1,92
06,09.2019 09:25:33;34.7;1.46;292;289.0659400285343;288.14;Module 1,6_14;315.7;50,66;36,09;1,33;47,96;2,70
06,09.2019 09:27:25;34.6;1.53;293.5;297.9271041540213;288.59;Module 1,6_14;324.87;52,94;35,86;1,37;49,28;3,66
06,09.2019 09:29:18;34.8;1.55;293.5;305.6538920880249;288.93;Module 1,6_14;332.79;53,94;35,89;1,41;50,71;3,23
06,09.2019 09:31:11;34.6;1.45;293.5;284.7069213270726;289.38;Module 1,6_14;309.53;50,17;35,80;1,31;46,84;3,33
06,09.2019 09:40:49;34.8;1.63;295.5;322.39342630749564;290.3;Module 1,6_14;348.15;56,72;35,59;1,50;53,31;3,41
06,09.2019 09:42:41;34.6;1.77;295.5;351.25352982885886;290.57;Module 1,6_14;378.87;61,24;35,67;1,64;58,59;2,65
06,09.2019 09:44:34;34.7;1.59;295.5;289.03338012504895;290.82;Module 1,6_14;311.4;55,17;35,46;1,33;47,21;7,96
06,09.2019 09:46:29;34.7;1.4;295.5;281.80618588878525;290.92;Module 1,6_14;303.27;48,58;35,44;1,29;45,89;2,69
06,09.2019 09:48:22;34.8;1.67;295.5;333.3842069014502;291.01;Module 1,6_14;358.39;58,12;35,63;1,55;55,32;2,79
06,09.2019 09:50:14;34.8;1.72;296;340.8812754997527;291.21;Module 1,6_14;366.07;59,86;35,55;1,59;56,56;3,29
06,09.2019 09:52:07;34.8;1.79;296;357.9309496953882;291.29;Module 1,6_14;383.99;62,29;35,60;1,68;59,67;2,62
06,09.2019 09:54:10;35;1.7;297.5;341.592242575596;291.32;Module 1,6_14;366.07;59,50;35,29;1,60;56,30;3,20
06,09.2019 09:56:03;34.8;1.8;297.5;361.04665296561166;291.38;Module 1,6_14;386.55;62,64;35,34;1,69;59,82;2,82
06,09.2019 09:57:57;34.9;1.82;297.5;363.777180726325;291.34;Module 1,6_14;389.11;63,52;35,35;1,71;60,32;3,20
06,09.2019 09:59:50;34.9;1.82;297.5;356.9179114750993;291.39;Module 1,6_14;381.43;63,52;35,34;1,67;59,07;4,44
06,09.2019 10:01:47;34.7;1.45;297.5;288.0367347602427;291.4;Module 1,6_14;307.54;50,32;35,10;1,33;46,60;3,72
06,09.2019 10:03:39;34.4;1.5;298;295.51575313736816;291.3;Module 1,6_14;315.26;51,60;35,04;1,37;47,84;3,76
06,09.2019 10:05:32;34.8;1.54;298;293.9962722663438;291.16;Module 1,6_14;313.38;53,59;35,04;1,36;47,56;6,03
06,09.2019 10:07:34;34.5;1.68;298;343.72510232630316;290.98;Module 1,6_14;366.07;57,96;35,21;1,61;56,55;1,41
06,09.2019 10:09:27;34.8;1.73;298;346.3992751130101;290.94;Module 1,6_14;368.63;60,20;35,22;1,62;57,03;3,17
06,09.2019 10:11:22;35.5;1.87;298;377.9646680356737;291.12;Module 1,6_14;401.91;66,39;35,30;1,78;62,74;3,65
06,09.2019 10:13:14;34.8;1.63;298;322.82959245131156;291.27;Module 1,6_14;343.03;56,72;35,14;1,50;52,77;3,95
06,09.2019 10:15:07;34.8;1.64;299.5;323.0627337260883;291.38;Module 1,6_14;343.03;57,07;34,88;1,50;52,44;4,63
06,09.2019 11:43:27;34.5;1.47;298;296.5859732315679;291.03;Module 1,6_14;308.43;50,71;35,05;1,37;48,03;2,68
06,09.2019 11:45:20;34.5;1.59;298;320.0973005455137;291.15;Module 1,6_14;332.79;54,86;35,13;1,49;52,28;2,57
06,09.2019 11:47:15;35.3;3.17;298;645.3232168235857;291.52;Module 1,6_14;670.73;111,90;35,53;3,12;110,69;1,21
06,09.2019 11:49:08;34.6;3.32;299.5;564.1718627323797;292.39;Module 1,6_14;586.23;114,87;35,25;2,71;95,54;19,33
06,09.2019 11:51:01;34;2.73;299.5;539.674204357578;292.86;Module 1,6_14;560.63;92,82;35,24;2,59;91,19;1,63
06,09.2019 11:52:56;34.1;4.37;300;881.2180258335096;293.5;Module 1,6_14;915.2;149,02;35,05;4,30;150,58;-1,56
06,09.2019 11:54:48;33.8;4.3;300;840.2726045972436;294.55;Module 1,6_14;872.46;145,34;35,09;4,09;143,55;1,79
06,09.2019 11:56:47;33.4;4.55;300;925.862189309761;295.45;Module 1,6_14;961.08;151,97;35,01;4,52;158,21;-6,24
06,09.2019 11:58:40;33;4.89;302;984.2379876005621;296.19;Module 1,6_14;1021.43;161,37;34,60;4,81;166,45;-5,08
06,09.2019 12:00:35;31.9;3.87;302;806.9494086352734;296.67;Module 1,6_14;837.24;123,45;34,76;3,93;136,45;-13,00
06,09.2019 12:02:28;32.8;4.19;305.1;730.6021185689558;297.2;Module 1,6_14;757.85;137,43;34,25;3,55;121,44;15,99
06,09.2019 12:04:22;32.8;4.47;305.1;907.6279571456196;297.46;Module 1,6_14;941.26;146,62;34,13;4,43;151,19;-4,57
06,09.2019 12:06:20;32.7;4.3;305.1;868.5773703459012;297.89;Module 1,6_14;900.55;140,61;34,16;4,23;144,68;-4,07
06,09.2019 12:08:18;32.5;4.33;308.1;873.7567949026558;298.5;Module 1,6_14;905.71;140,72;33,63;4,26;143,31;-2,59
06,09.2019 12:10:11;32.4;4.48;308.1;906.5527659622605;299.06;Module 1,6_14;939.5;145,15;33,60;4,43;148,69;-3,54
06,09.2019 12:12:04;32.3;4.46;309.6;881.9437032339879;299.3;Module 1,6_14;913.8;144,06;33,36;4,30;143,52;0,54
06,09.2019 12:13:56;32.2;4.4;309.6;881.5688999011813;299.43;Module 1,6_14;913.22;141,68;33,36;4,30;143,46;-1,78
06,09.2019 12:15:49;32.1;4.18;311.6;849.1559528465166;299.64;Module 1,6_14;879.46;134,18;33,03;4,14;136,71;-2,54
06,09.2019 12:17:42;32.1;4.14;311.6;843.3233003187523;299.45;Module 1,6_14;873.24;132,89;33,03;4,11;135,77;-2,88
06,09.2019 12:19:36;32.2;4.33;311.6;870.0584463773218;299.54;Module 1,6_14;900.74;139,43;33,02;4,24;140,09;-0,66
06,09.2019 12:22:22;32;4.49;312.1;906.9120806587338;299.52;Module 1,6_14;938.62;143,68;32,89;4,43;145,62;-1,94
06,09.2019 12:24:17;31.7;4.38;312.1;878.794989945309;299.51;Module 1,6_14;909.34;138,85;32,91;4,29;141,12;-2,27
06,09.2019 12:26:11;31.9;3.99;315.6;824.1586128863817;299.64;Module 1,6_14;852.64;127,28;32,34;4,01;129,81;-2,53
06,09.2019 12:28:08;32;3.98;315.6;838.0283328617667;299.71;Module 1,6_14;866.82;127,36;32,32;4,08;132,01;-4,65
06,09.2019 12:30:00;32.1;3.93;315.6;795.4329344698459;299.42;Module 1,6_14;822.61;126,15;32,35;3,87;125,25;0,90
06,09.2019 12:31:53;32.1;4.43;315.6;896.9536858299774;299.39;Module 1,6_14;927.43;142,20;32,28;4,38;141,30;0,90
06,09.2019 12:33:47;32.1;4.44;315.6;877.1123291287138;299.27;Module 1,6_14;906.75;142,52;32,30;4,28;138,18;4,34
06,09.2019 12:35:57;32.1;3.83;315.6;763.9662037877695;299.26;Module 1,6_14;789.62;122,94;32,37;3,71;120,23;2,71
06,09.2019 12:37:59;32;3.73;315.6;742.4526463778983;299.07;Module 1,6_14;767.24;119,36;32,38;3,61;116,79;2,57
06,09.2019 12:39:59;32;3.46;315.6;708.3346377213495;298.88;Module 1,6_14;731.85;110,72;32,38;3,44;111,31;-0,59
06,09.2019 12:41:52;32.2;3.5;315.6;710.738459700746;299;Module 1,6_14;734.21;112,70;32,38;3,45;111,70;1,00
06,09.2019 12:43:46;32.2;3.77;315.6;756.8659129181328;299;Module 1,6_14;781.73;121,39;32,37;3,68;119,10;2,30
06,09.2019 12:45:39;32.3;2.94;315.6;648.572864233566;298.86;Module 1,6_14;669.77;94,96;32,39;3,14;101,67;-6,71
06,09.2019 12:47:39;32.4;3.35;315.6;704.1602394232384;298.66;Module 1,6_14;727.05;108,54;32,38;3,42;110,64;-2,10
06,09.2019 12:49:33;32.5;3.89;315.6;787.9077610431397;298.43;Module 1,6_14;813.39;126,42;32,35;3,83;124,05;2,37
06,09.2019 12:51:26;32.5;3.98;315.6;815.428857675141;298.68;Module 1,6_14;841.67;129,35;32,34;3,97;128,43;0,92
06,09.2019 12:53:19;32.4;3.49;315.6;729.3834116594728;299.01;Module 1,6_14;752.74;113,08;32,38;3,54;114,69;-1,62
06,09.2019 12:55:12;32.2;4.01;315.6;813.7778488947342;299.04;Module 1,6_14;839.71;129,12;32,34;3,96;128,16;0,96
06,09.2019 12:57:15;32.2;3.83;315.6;693.1864895747145;299.16;Module 1,6_14;715.16;123,33;32,39;3,36;108,88;14,45
06,09.2019 12:59:09;32.3;3.48;315.6;673.4255243647083;298.94;Module 1,6_14;694.67;112,40;32,39;3,26;105,69;6,71
06,09.2019 13:01:01;32.2;2.97;315.6;635.3988276852441;298.5;Module 1,6_14;655.35;95,63;32,39;3,07;99,54;-3,90
06,09.2019 13:02:56;32.4;3.51;315.6;687.4276194554886;298.47;Module 1,6_14;708.91;113,72;32,39;3,33;107,95;5,78
06,09.2019 13:04:54;32.4;3.23;315.6;637.6395038233059;298.49;Module 1,6_14;657.47;104,65;32,39;3,08;99,90;4,75
06,09.2019 13:06:46;32.5;3.22;315.6;646.9994127108804;298.5;Module 1,6_14;667.03;104,65;32,39;3,13;101,42;3,23
06,09.2019 13:08:39;32.6;3.05;314.1;588.5705678642323;298.56;Module 1,6_14;606.71;99,43;32,65;2,84;92,69;6,74
06,09.2019 13:10:32;32.8;3.17;314.1;630.8736097428293;298.43;Module 1,6_14;650.23;103,98;32,66;3,05;99,62;4,36
06,09.2019 13:12:25;32.5;3.48;313.6;698.1053801339554;298.45;Module 1,6_14;719.43;113,10;32,74;3,39;110,87;2,23
06,09.2019 13:14:17;32.8;3.4;313.6;692.7408266244896;298.46;Module 1,6_14;713.81;111,52;32,75;3,36;110,00;1,52
06,09.2019 13:16:12;32.6;3.34;313.6;680.3971671252548;298.22;Module 1,6_14;701;108,88;32,75;3,30;107,98;0,90
06,09.2019 13:18:05;32.6;3.08;313.6;621.2582213910646;298.32;Module 1,6_14;639.99;100,41;32,75;3,00;98,31;2,10
06,09.2019 13:19:59;32.4;3.4;313.6;680.79061189098;298.39;Module 1,6_14;701.23;110,16;32,75;3,30;108,05;2,11
06,09.2019 13:21:51;32.6;3.35;312.1;685.0769505625759;298.46;Module 1,6_14;705.56;109,21;33,02;3,32;109,63;-0,42
06,09.2019 13:23:45;32.4;2.84;312.1;574.2519025420921;298.73;Module 1,6_14;591.35;92,02;33,01;2,77;91,31;0,71
06,09.2019 13:25:39;32.5;3.61;312.1;703.4122808165255;298.81;Module 1,6_14;724.27;117,33;33,02;3,41;112,64;4,69
06,09.2019 13:27:35;32.6;3.54;312.1;715.9482649708879;299.08;Module 1,6_14;737.09;115,40;33,01;3,47;114,69;0,71
06,09.2019 13:29:28;32.5;3.28;312.1;657.4430917925347;299.32;Module 1,6_14;676.78;106,60;33,02;3,18;105,08;1,52
06,09.2019 13:31:20;32.3;2.88;313.6;554.6208390635097;299.5;Module 1,6_14;570.87;93,02;32,73;2,67;87,34;5,68
06,09.2019 13:33:34;32.4;3.02;313.6;609.4174480530958;299.35;Module 1,6_14;627.19;97,85;32,74;2,94;96,37;1,48
06,09.2019 13:35:28;32.4;3;313.6;621.9227054277326;299.24;Module 1,6_14;639.99;97,20;32,75;3,01;98,42;-1,22
06,09.2019 13:37:20;32.5;3.32;313.6;644.1859634004963;299.37;Module 1,6_14;662.83;107,90;32,75;3,12;102,07;5,83
06,09.2019 13:39:19;32.5;3.2;313.6;642.4200211651989;299.37;Module 1,6_14;660.94;104,00;32,75;3,11;101,78;2,22
06,09.2019 13:41:12;32.4;3.04;313.6;604.7014836611097;299.18;Module 1,6_14;622.07;98,50;32,74;2,92;95,59;2,90
06,09.2019 13:43:05;32.5;3.09;313.6;622.1841860723175;299.37;Module 1,6_14;639.99;100,42;32,75;3,01;98,46;1,96
06,09.2019 13:44:58;32.6;2.59;313.6;564.9986346341526;299.62;Module 1,6_14;581.11;84,43;32,73;2,72;89,05;-4,62
06,09.2019 13:47:05;32.3;1.89;313.6;385.83136361284596;299.53;Module 1,6_14;396.79;61,05;32,50;1,83;59,32;1,72
06,09.2019 13:49:00;32.5;1.94;313.6;388.35862846378944;299.27;Module 1,6_14;399.35;63,05;32,51;1,84;59,75;3,30
06,09.2019 13:50:52;32.6;1.88;312.1;383.4154241605845;298.95;Module 1,6_14;394.23;61,29;32,77;1,81;59,39;1,89
06,09.2019 13:52:46;32.8;2.13;312.1;418.31140704586653;298.86;Module 1,6_14;430.07;69,86;32,84;1,99;65,25;4,61
06,09.2019 13:54:52;32.8;1.83;311.6;366.05842858929185;298.25;Module 1,6_14;376.31;60,02;32,81;1,73;56,62;3,40
06,09.2019 13:56:45;32.8;1.8;311.6;358.61969081173737;297.83;Module 1,6_14;368.63;59,04;32,80;1,69;55,37;3,67
06,09.2019 13:58:38;32.9;1.81;311.6;361.1418616106065;297.54;Module 1,6_14;371.19;59,55;32,80;1,70;55,80;3,75
06,09.2019 14:00:35;33;1.94;311.6;388.5742207615336;297.1;Module 1,6_14;399.35;64,02;32,87;1,84;60,42;3,60
06,09.2019 14:02:28;33.2;2.05;311.6;411.02726694067064;297.02;Module 1,6_14;422.39;68,06;32,91;1,95;64,20;3,86
06,09.2019 14:04:21;33.2;2.11;310.1;423.5180663230221;297.01;Module 1,6_14;435.19;70,05;33,21;2,01;66,83;3,23
06,09.2019 14:06:13;33.3;2.16;310.1;436.00994432024567;297.12;Module 1,6_14;447.99;71,93;33,23;2,07;68,94;2,98
06,09.2019 14:08:06;33.5;2.93;310.1;583.0574258534525;297.17;Module 1,6_14;599.03;98,16;33,37;2,81;93,76;4,40
06,09.2019 14:09:59;33.2;2.74;309.6;533.2643887658053;297.59;Module 1,6_14;547.83;90,97;33,43;2,56;85,61;5,36
06,09.2019 14:11:52;33.1;2.92;309.6;603.0848781880757;297.97;Module 1,6_14;619.51;96,65;33,46;2,91;97,37;-0,72
06,09.2019 14:13:49;33.3;2.8;309.6;553.2854426428784;298.37;Module 1,6_14;568.31;93,24;33,45;2,66;88,99;4,25
06,09.2019 14:15:43;32.8;2.57;309.6;508.4614617257515;298.43;Module 1,6_14;522.23;84,30;33,41;2,44;81,41;2,88
06,09.2019 14:17:52;32.8;2.4;309.6;473.6053301116459;298.19;Module 1,6_14;486.39;78,72;33,38;2,26;75,51;3,21
06,09.2019 14:19:45;32.6;2.12;310.1;428.7667310843357;298.2;Module 1,6_14;440.31;69,11;33,22;2,04;67,72;1,40
06,09.2019 14:21:26;32.5;1.98;310.1;391.3975742557051;298.28;Module 1,6_14;401.91;64,35;33,15;1,85;61,37;2,98
06,09.2019 14:23:20;32.7;2.27;310.1;476.1934062666848;298.33;Module 1,6_14;488.95;74,23;33,29;2,28;75,75;-1,52
06,09.2019 14:25:26;32.6;1.96;310.1;391.45306406009905;298.25;Module 1,6_14;401.91;63,90;33,15;1,85;61,38;2,51
06,09.2019 14:27:21;32.8;1.91;310.1;383.9980508090433;298.14;Module 1,6_14;394.23;62,65;33,13;1,81;60,12;2,53
06,09.2019 14:29:31;32.9;1.74;310.1;351.6072071384284;298.17;Module 1,6_14;360.95;57,25;33,05;1,65;54,61;2,63
06,09.2019 14:31:24;32.7;1.66;310.1;336.66538562035083;298.03;Module 1,6_14;345.59;54,28;33,00;1,58;52,07;2,21
06,09.2019 14:33:21;32.8;1.6;309.6;324.2159725106199;297.82;Module 1,6_14;332.79;52,48;33,05;1,52;50,09;2,39
06,09.2019 14:35:15;32.9;1.53;309.6;307.1653860456447;297.32;Module 1,6_14;315.27;50,34;32,99;1,43;47,18;3,15
06,09.2019 14:37:12;33.1;1.65;309.6;331.73703433944615;297.02;Module 1,6_14;340.47;54,62;33,08;1,55;51,37;3,25
06,09.2019 14:39:06;33.2;1.82;309.6;371.66710038837846;297.09;Module 1,6_14;381.43;60,42;33,20;1,75;58,17;2,25
06,09.2019 14:40:59;33.4;2.15;309.6;441.53610932363625;297.22;Module 1,6_14;453.11;71,81;33,33;2,10;70,06;1,75
06,09.2019 14:42:52;33.6;2.6;309.6;516.401340149095;297.44;Module 1,6_14;529.91;87,36;33,42;2,48;82,76;4,60
06,09.2019 14:44:45;33.4;2.66;309.6;536.3864569151426;297.82;Module 1,6_14;550.39;88,84;33,43;2,58;86,14;2,71
06,09.2019 14:46:39;33.7;2.54;309.6;471.54335612659355;298.25;Module 1,6_14;483.83;85,60;33,38;2,25;75,16;10,44
06,09.2019 14:48:42;32.9;2.16;309.6;444.12151159384615;298.71;Module 1,6_14;455.67;71,06;33,34;2,11;70,50;0,56
06,09.2019 14:50:55;33.2;3.1;309.6;598.8513312920106;299.03;Module 1,6_14;614.39;102,92;33,46;2,89;96,66;6,26
06,09.2019 14:52:48;33.3;3.52;309.6;738.5598708122536;299.1;Module 1,6_14;757.69;117,22;33,45;3,59;119,97;-2,76
06,09.2019 14:54:43;32.9;3.9;309.6;799.7019634245025;299.44;Module 1,6_14;820.38;128,31;33,42;3,89;130,06;-1,75
06,09.2019 14:56:45;32.7;4.38;310.1;902.1736027847254;300.28;Module 1,6_14;925.46;143,23;33,25;4,40;146,42;-3,20
06,09.2019 14:58:41;32.2;4.34;310.1;874.1924029323782;301.01;Module 1,6_14;896.72;139,75;33,27;4,26;141,88;-2,14
06,09.2019 15:00:34;32;4.05;310.1;838.1929357242597;301.6;Module 1,6_14;859.76;129,60;33,30;4,08;136,02;-6,42
06,09.2019 15:02:30;31.9;4.08;312.1;813.9384384903994;302.17;Module 1,6_14;834.85;130,15;32,96;3,96;130,66;-0,50
06,09.2019 15:04:35;31.7;2.37;312.1;514.1607205428008;302.18;Module 1,6_14;527.35;75,13;32,97;2,47;81,30;-6,17
06,09.2019 15:06:27;31.9;2.85;314.1;702.0254757648419;301.75;Module 1,6_14;720.01;90,91;32,66;3,41;111,21;-20,29
06,09.2019 15:08:24;32.3;1.78;314.1;346.9534809145298;301.57;Module 1,6_14;355.83;57,49;32,30;1,63;52,70;4,79
06,09.2019 15:10:19;32.2;1.66;314.1;322.00203285426085;301;Module 1,6_14;330.23;53,45;32,23;1,51;48,55;4,90
06,09.2019 15:12:13;32;1.49;314.1;299.6227916452992;300.06;Module 1,6_14;307.27;47,68;32,14;1,39;44,83;2,85
06,09.2019 15:14:08;32.2;1.48;314.1;298.0903571824759;299.38;Module 1,6_14;305.69;47,66;32,13;1,39;44,58;3,08
06,09.2019 15:16:00;32.4;1.53;312.1;303.0615058240908;298.79;Module 1,6_14;310.78;49,57;32,52;1,41;45,88;3,69
06,09.2019 15:17:53;32.6;1.49;312.1;295.550091845984;298.63;Module 1,6_14;303.07;48,57;32,48;1,37;44,62;3,95
07,09.2019 12:21:55;34.5;1.64;298;321.3223240801012;290.98;Module 1,6_14;332.79;56,58;35,14;1,49;52,50;4,08
07,09.2019 12:24:08;34.3;1.77;299.5;346.12051244494813;291.18;Module 1,6_14;358.39;60,71;34,95;1,62;56,58;4,13
07,09.2019 12:26:01;34.3;1.92;299.5;370.9160152966715;291.32;Module 1,6_14;383.99;65,86;35,01;1,74;61,03;4,83
07,09.2019 12:28:01;34.3;2.2;299.5;425.4046447056095;291.46;Module 1,6_14;440.31;75,46;35,12;2,02;70,80;4,66
07,09.2019 12:29:56;34.1;2.11;299.5;410.64307068252066;291.81;Module 1,6_14;424.95;71,95;35,09;1,94;68,15;3,80
07,09.2019 12:31:48;33.9;2.28;299.5;450.3065544893229;292.25;Module 1,6_14;465.91;77,29;35,16;2,14;75,25;2,04
07,09.2019 12:33:43;34;2.75;301.5;537.0052830482535;292.59;Module 1,6_14;555.51;93,50;34,88;2,58;89,84;3,66
07,09.2019 12:35:40;34.1;3.44;301.5;677.1654033507492;293.1;Module 1,6_14;700.37;117,30;34,91;3,28;114,38;2,93
07,09.2019 12:37:33;33.8;3.36;301.5;665.4966222760524;293.55;Module 1,6_14;688.18;113,57;34,91;3,22;112,34;1,22
07,09.2019 12:39:26;33.6;3.03;303.5;596.7180653885794;293.95;Module 1,6_14;616.95;101,81;34,55;2,88;99,34;2,46
07,09.2019 12:41:19;33.5;3.12;303.5;619.1083489651527;294.28;Module 1,6_14;639.99;104,52;34,55;2,99;103,22;1,30
07,09.2019 12:43:12;33;3.14;303.5;619.2125936027616;294.45;Module 1,6_14;639.99;103,62;34,55;2,99;103,24;0,38
07,09.2019 12:45:07;33.3;3.22;303.5;629.2262935281619;294.59;Module 1,6_14;650.23;107,23;34,55;3,04;104,97;2,25
07,09.2019 12:46:59;33.3;3.46;303.5;679.3274678733967;294.7;Module 1,6_14;701.89;115,22;34,55;3,29;113,62;1,60
07,09.2019 12:48:58;32.9;3.19;306.1;629.4345970294366;295.03;Module 1,6_14;650.23;104,95;34,09;3,04;103,64;1,31
07,09.2019 12:50:53;33.1;3.76;306.1;788.5101073513466;295.31;Module 1,6_14;814.43;124,46;34,05;3,84;130,57;-6,12
07,09.2019 12:52:50;33;4.37;307.6;887.2519536435573;295.72;Module 1,6_14;916.27;144,21;33,71;4,33;145,91;-1,70
07,09.2019 12:54:43;32.7;4.71;307.6;927.7444305560506;295.98;Module 1,6_14;957.94;154,02;33,67;4,53;152,55;1,47
07,09.2019 12:56:38;32.2;3.76;307.6;740.5253020441183;296.56;Module 1,6_14;764.51;121,07;33,80;3,60;121,56;-0,49
07,09.2019 12:58:30;32.5;4.37;309.6;872.5614425171166;297.03;Module 1,6_14;900.69;142,03;33,37;4,26;141,99;0,03
07,09.2019 13:00:23;32.4;4.67;309.6;928.5856145429955;297.26;Module 1,6_14;958.38;151,31;33,32;4,53;151,09;0,22
07,09.2019 13:02:18;31.9;4.79;309.6;951.2037767856995;297.72;Module 1,6_14;981.58;152,80;33,30;4,65;154,75;-1,94
07,09.2019 13:04:11;31.8;4.32;312.1;824.5103026942854;298.09;Module 1,6_14;850.72;137,38;32,96;4,02;132,37;5,01
07,09.2019 13:06:28;31.5;2.93;312.1;498.78158738611955;298.27;Module 1,6_14;514.55;92,30;32,95;2,39;78,73;13,56
07,09.2019 13:08:21;31.3;2.38;315.6;459.1397057068493;297.76;Module 1,6_14;473.59;74,49;32,27;2,19;70,76;3,74
07,09.2019 13:10:14;32.2;3.26;315.6;648.3742117919696;297.05;Module 1,6_14;668.69;104,97;32,39;3,14;101,64;3,33
07,09.2019 13:12:07;32.3;2.77;315.6;556.0821850279617;296.73;Module 1,6_14;573.43;89,47;32,36;2,68;86,64;2,83
07,09.2019 13:14:00;32.8;3.44;314.1;673.2283764344849;296.54;Module 1,6_14;694.14;112,83;32,66;3,26;106,53;6,31
07,09.2019 13:15:59;32.9;3.72;314.1;738.7367389120716;296.42;Module 1,6_14;761.58;122,39;32,64;3,59;117,15;5,24
07,09.2019 13:17:52;32.8;3.62;313.6;742.8659673051019;296.53;Module 1,6_14;765.74;118,74;32,73;3,61;118,14;0,60
07,09.2019 13:19:45;32.6;3.04;313.6;581.2082868493059;296.59;Module 1,6_14;599.03;99,10;32,73;2,80;91,73;7,38
07,09.2019 13:21:46;32.6;3.21;313.6;608.6103436095076;296.57;Module 1,6_14;627.19;104,65;32,74;2,94;96,23;8,41
07,09.2019 13:23:43;32.5;2.3;313.6;447.19549918375594;296.55;Module 1,6_14;460.79;74,75;32,62;2,13;69,54;5,21
07,09.2019 13:25:36;32.5;1.94;313.6;362.76639802695956;296.37;Module 1,6_14;373.75;63,05;32,44;1,71;55,48;7,57
07,09.2019 13:27:38;32.5;1.6;312.1;305.1698281109412;295.99;Module 1,6_14;314.37;52,00;32,52;1,42;46,24;5,76
07,09.2019 13:40:50;33.6;1.51;309.6;295.5913501649476;293.51;Module 1,6_14;304.27;50,74;32,95;1,37;45,21;5,52
07,09.2019 13:42:44;33.7;1.68;307.6;330.7928385125286;293.5;Module 1,6_14;340.47;56,62;33,44;1,55;51,73;4,88
07,09.2019 13:44:37;33.8;1.83;307.6;363.16330552063016;293.6;Module 1,6_14;373.75;61,85;33,53;1,71;57,31;4,54
07,09.2019 13:46:31;33.9;2.38;307.6;442.8068528584695;293.58;Module 1,6_14;455.67;80,68;33,70;2,11;71,01;9,68
07,09.2019 13:48:25;33.9;2.89;307.6;539.8811441616426;293.89;Module 1,6_14;555.51;97,97;33,80;2,59;87,63;10,34
07,09.2019 13:50:19;34.3;3.91;307.6;802.9352649950906;294.43;Module 1,6_14;826.1;134,11;33,77;3,91;131,97;2,15
07,09.2019 13:52:14;33.5;3.71;306.1;688.1636681866688;295.17;Module 1,6_14;707.95;124,28;34,09;3,33;113,64;10,65
07,09.2019 13:54:11;33.3;4.47;306.1;900.0492703939387;296.03;Module 1,6_14;925.84;148,85;33,96;4,39;149,16;-0,31
07,09.2019 13:56:09;33;5.1;307.6;1032.8923917722316;296.85;Module 1,6_14;1062.39;168,30;33,56;5,05;169,63;-1,33
07,09.2019 13:58:05;32.5;5.14;307.6;1055.3882011106066;297.61;Module 1,6_14;1085.43;167,05;33,53;5,17;173,25;-6,20
07,09.2019 13:59:58;32;4.8;307.6;975.8199477786769;298.3;Module 1,6_14;1003.51;153,60;33,63;4,77;160,39;-6,79
07,09.2019 14:01:53;32;2.56;310.1;428.1974237360582;298.55;Module 1,6_14;440.31;81,92;33,22;2,04;67,62;14,30
07,09.2019 14:03:57;31.8;1.77;310.1;358.5220024116955;297.67;Module 1,6_14;368.63;56,29;33,06;1,69;55,79;0,50
07,09.2019 14:05:55;32.3;1.95;310.1;403.37277572173434;297.15;Module 1,6_14;414.71;62,98;33,17;1,91;63,41;-0,42
07,09.2019 14:07:50;33.4;2.83;310.1;565.2696878762313;297.1;Module 1,6_14;581.11;94,52;33,36;2,72;90,77;3,75
07,09.2019 14:09:43;32.4;1.67;311.6;336.1959512929747;296.98;Module 1,6_14;345.59;54,11;32,73;1,58;51,59;2,52
07,09.2019 14:11:37;34.1;2.06;311.6;405.9588769701294;296.85;Module 1,6_14;417.27;70,25;32,91;1,93;63,35;6,90
07,09.2019 14:13:29;32.7;1.56;311.6;304.7812620370165;296.6;Module 1,6_14;313.25;51,01;32,62;1,42;46,29;4,72
07,09.2019 14:24:22;33.9;2.17;308.1;421.10356970303656;294.68;Module 1,6_14;432.63;73,56;33,57;2,00;67,11;6,46
07,09.2019 14:26:16;34.1;2.82;308.1;560.6805730319334;295.02;Module 1,6_14;575.99;96,16;33,72;2,70;90,94;5,22
07,09.2019 14:28:10;33.6;2.34;307.6;463.5237047774159;295.49;Module 1,6_14;476.15;78,62;33,73;2,21;74,56;4,06
07,09.2019 14:30:03;34;3.76;307.6;753.0155317452567;295.75;Module 1,6_14;773.48;127,84;33,80;3,66;123,65;4,19
07,09.2019 14:31:59;33.2;3.69;307.6;733.424276061268;296.4;Module 1,6_14;753.31;122,51;33,80;3,56;120,37;2,14
07,09.2019 14:33:52;32.8;2.4;309.6;478.56314115470246;296.75;Module 1,6_14;491.51;78,72;33,38;2,29;76,35;2,37
07,09.2019 14:35:50;32.9;2.55;309.6;545.8948225893341;296.73;Module 1,6_14;560.63;83,89;33,44;2,62;87,74;-3,85
07,09.2019 14:37:43;33;3.75;309.6;756.8728817948121;296.8;Module 1,6_14;777.26;123,75;33,44;3,68;123,00;0,75
07,09.2019 14:39:35;33.2;3.4;309.6;693.848437575895;297.07;Module 1,6_14;712.5;112,88;33,46;3,36;112,55;0,33
07,09.2019 14:41:28;33;2.92;309.6;568.4205671384682;297.5;Module 1,6_14;583.67;96,36;33,45;2,74;91,54;4,82
07,09.2019 14:43:22;32.7;2.32;310.1;466.22666285260806;297.7;Module 1,6_14;478.71;75,86;33,27;2,23;74,06;1,80
07,09.2019 14:45:24;33.2;2.38;310.1;478.71823363592256;297.45;Module 1,6_14;491.51;79,02;33,29;2,29;76,18;2,84
07,09.2019 14:47:17;32.9;2.74;311.6;541.0782903493296;297.25;Module 1,6_14;555.51;90,15;33,08;2,60;86,02;4,13
07,09.2019 14:49:09;32.7;1.92;311.6;386.49931084810834;297.11;Module 1,6_14;396.79;62,78;32,87;1,83;60,07;2,71
07,09.2019 14:51:05;33.4;2.39;311.6;478.7845827013482;297.12;Module 1,6_14;491.51;79,83;33,02;2,29;75,59;4,24
07,09.2019 14:53:10;33;2;310.1;401.49823873287244;296.89;Module 1,6_14;412.15;66,00;33,17;1,90;63,09;2,91
07,09.2019 14:55:05;33.2;1.96;310.1;394.0332122635149;296.57;Module 1,6_14;404.47;65,07;33,16;1,86;61,82;3,25
07,09.2019 14:56:57;33.2;1.48;309.6;294.9202949641965;296.23;Module 1,6_14;302.72;49,14;32,94;1,37;45,10;4,04
08,09.2019 12:17:08;34.1;1.56;298;296.7259210130236;291.41;Module 1,6_14;307.68;53,20;35,05;1,37;48,06;5,14
09,09.2019 15:39:33;35.5;1.91;293.5;378.73887775988175;287.74;Module 1,6_14;389.11;67,80;36,10;1,78;64,20;3,60
09,09.2019 15:41:26;35.7;1.83;293.5;366.2778362769883;288.18;Module 1,6_14;376.31;65,33;36,07;1,72;61,90;3,43
09,09.2019 15:43:18;35.5;1.74;294;348.8327938454681;288.73;Module 1,6_14;358.39;61,77;35,94;1,63;58,55;3,22
09,09.2019 15:45:27;35.3;1.64;294;328.8950996463708;289.25;Module 1,6_14;337.91;57,89;35,88;1,53;54,87;3,02
09,09.2019 16:39:27;34.5;1.54;296;305.49903766526;289.95;Module 1,6_14;314.29;53,13;35,44;1,41;50,10;3,03
09,09.2019 16:41:20;34.6;1.72;299.5;348.3341817980819;290.13;Module 1,6_14;358.39;59,51;34,95;1,63;56,98;2,53
09,09.2019 16:43:12;34.7;1.8;299.5;365.7174511177313;290.4;Module 1,6_14;376.31;62,46;35,00;1,72;60,10;2,36
09,09.2019 16:45:05;34.5;1.58;297.5;330.8540989585627;290.68;Module 1,6_14;340.47;54,51;35,26;1,54;54,35;0,16
09,09.2019 16:50:57;34.3;1.45;298;292.8109235556265;290.6;Module 1,6_14;301.42;49,73;35,03;1,35;47,35;2,39
09,09.2019 16:52:50;35.2;2.33;298;477.41735297924146;290.68;Module 1,6_14;491.51;82,02;35,45;2,28;80,67;1,34
09,09.2019 16:54:54;35.1;1.92;299.5;395.3083267500849;290.85;Module 1,6_14;407.03;67,39;35,06;1,87;65,40;1,99
09,09.2019 16:56:47;35.3;2.07;299.5;457.4091111466027;291.04;Module 1,6_14;471.03;73,07;35,16;2,18;76,52;-3,45
09,09.2019 16:58:40;34.9;2.12;299.5;434.98001747284303;291;Module 1,6_14;447.99;73,99;35,13;2,06;72,51;1,48
09,09.2019 17:00:34;34.9;1.84;299.5;370.3036989446584;291.21;Module 1,6_14;381.43;64,22;35,01;1,74;60,92;3,30
09,09.2019 17:02:35;34.6;2.83;299.5;464.6779477826417;291.43;Module 1,6_14;478.71;97,92;35,17;2,21;77,82;20,10
09,09.2019 17:04:28;34.5;1.6;300;309.35311222448024;291.75;Module 1,6_14;318.74;55,20;34,73;1,44;49,87;5,33
09,09.2019 17:06:27;33.6;2.18;300;494.3506898165215;291.62;Module 1,6_14;509.43;73,25;35,12;2,36;82,92;-9,67
09,09.2019 17:08:20;34.3;2.94;300;637.3971321138406;291.71;Module 1,6_14;656.94;100,84;35,17;3,08;108,24;-7,39
09,09.2019 17:10:15;34.6;2.38;301.5;437.07663415329637;292.03;Module 1,6_14;450.55;82,35;34,78;2,08;72,18;10,16
09,09.2019 17:12:08;34.2;1.74;301.5;320.30232965999653;292.13;Module 1,6_14;330.23;59,51;34,51;1,49;51,46;8,05
09,09.2019 17:14:01;33.5;1.55;301.5;313.9930815761713;292.1;Module 1,6_14;323.78;51,93;34,48;1,46;50,33;1,59
09,09.2019 17:15:53;34.9;2.95;301.5;496.4278545650107;292.27;Module 1,6_14;511.99;102,95;34,85;2,37;82,68;20,27
09,09.2019 17:17:47;33.6;2.27;301.5;362.32345138928747;292.26;Module 1,6_14;373.75;76,27;34,63;1,70;58,92;17,35
09,09.2019 17:19:40;34.5;1.54;301.5;352.3304107121362;292.34;Module 1,6_14;363.51;53,13;34,60;1,65;57,15;-4,02
09,09.2019 17:23:30;34.6;1.91;301.5;443.95872619596463;291.84;Module 1,6_14;458.23;66,09;34,79;2,11;73,40;-7,32
09,09.2019 17:27:17;34.5;1.95;301.5;438.8114861890015;291.86;Module 1,6_14;453.11;67,27;34,78;2,08;72,49;-5,22
09,09.2019 17:34:48;34.1;1.96;300;378.95503587260396;290.63;Module 1,6_14;391.67;66,84;34,94;1,78;62,32;4,51
09,09.2019 17:36:43;35.8;2.01;299.5;472.9538927978157;290.67;Module 1,6_14;488.95;71,96;35,19;2,25;79,30;-7,34
09,09.2019 18:18:36;35.4;1.77;296;385.31695356185276;290.6;Module 1,6_14;401.91;62,66;35,67;1,81;64,67;-2,01
09,09.2019 18:20:34;35.3;1.86;296;404.69366688812954;291.14;Module 1,6_14;422.39;65,66;35,71;1,91;68,20;-2,54
09,09.2019 18:22:27;35.5;1.95;296;421.59441422525504;291.5;Module 1,6_14;440.31;69,22;35,73;1,99;71,28;-2,06
09,09.2019 18:35:51;34.3;1.29;298;285.99405114785407;291.23;Module 1,6_14;300.32;44,25;35,00;1,32;46,12;-1,87
10,09.2019 09:52:26;35.7;1.39;288.9;280.4526077542917;284.15;Module 1,6_14;302.41;49,62;36,61;1,28;47,00;2,63
10,09.2019 09:54:19;35.7;1.41;288.9;282.6447348552767;284.53;Module 1,6_14;304.45;50,34;36,62;1,29;47,41;2,93
10,09.2019 09:56:12;36.1;1.43;291.5;286.40283944465216;284.75;Module 1,6_14;308.18;51,62;36,17;1,32;47,57;4,05
10,09.2019 09:58:07;36.3;1.43;291.5;293.72773169059144;285.02;Module 1,6_14;315.74;51,91;36,20;1,35;48,94;2,97
10,09.2019 09:59:59;36.1;1.44;291.5;288.9546031083732;285.3;Module 1,6_14;310.31;51,98;36,18;1,33;48,05;3,93
10,09.2019 10:01:57;36.1;1.47;292;294.2823048152657;285.5;Module 1,6_14;315.72;53,07;36,11;1,36;48,93;4,13
10,09.2019 10:03:56;36.5;1.45;292;303.1407518633891;285.73;Module 1,6_14;324.91;52,92;36,15;1,40;50,58;2,34
10,09.2019 10:06:01;36.4;1.51;293.5;313.1892152477515;285.92;Module 1,6_14;335.35;54,96;35,91;1,45;52,10;2,87
10,09.2019 10:07:54;36.3;1.55;293.5;320.63857410353484;286.12;Module 1,6_14;343.03;56,27;35,94;1,49;53,47;2,79
10,09.2019 10:09:47;36.3;1.56;293.5;332.88278759998605;286.33;Module 1,6_14;355.83;56,63;35,98;1,55;55,74;0,89
10,09.2019 10:11:40;36.3;1.66;293.5;340.3459480313726;286.58;Module 1,6_14;363.51;60,26;36,00;1,59;57,11;3,14
10,09.2019 10:13:33;36.3;1.86;293.5;381.39657236160485;286.91;Module 1,6_14;407.03;67,52;36,10;1,79;64,69;2,82
10,09.2019 10:15:26;36.3;1.85;294;379.29217140211006;287.15;Module 1,6_14;404.47;67,16;36,01;1,78;64,16;3,00
10,09.2019 10:17:23;36.2;1.97;294;398.8094705767358;287.44;Module 1,6_14;424.95;71,31;36,05;1,88;67,75;3,56
10,09.2019 10:19:16;36.1;2.03;294;408.7206168129956;287.87;Module 1,6_14;435.19;73,28;36,07;1,93;69,58;3,71
10,09.2019 10:21:09;36.1;2.1;295.5;428.2625559234655;288.11;Module 1,6_14;455.67;75,81;35,84;2,03;72,67;3,14
10,09.2019 10:23:05;35.9;2.14;295.5;428.57064619726816;288.35;Module 1,6_14;455.67;76,83;35,84;2,03;72,72;4,10
10,09.2019 10:24:58;36.1;2.07;296;428.86356540410867;288.4;Module 1,6_14;455.67;74,73;35,75;2,03;72,61;2,12
10,09.2019 10:27:05;36;2.27;296;460.5302251335237;288.51;Module 1,6_14;488.95;81,72;35,79;2,19;78,37;3,35
10,09.2019 10:28:57;35.8;2.21;296;451.1755601675169;288.7;Module 1,6_14;478.71;79,12;35,78;2,14;76,67;2,45
10,09.2019 10:30:50;35.7;2.14;296;436.97591420284755;288.91;Module 1,6_14;463.35;76,40;35,76;2,07;74,08;2,31
10,09.2019 10:32:43;35.5;2.09;296;429.9991756792499;289.16;Module 1,6_14;455.67;74,19;35,75;2,04;72,81;1,38
10,09.2019 10:34:50;35.6;2.42;297.5;495.5614489492999;289.33;Module 1,6_14;524.79;86,15;35,56;2,37;84,13;2,02
10,09.2019 10:36:43;35.4;2.5;297.5;507.9477967154509;289.57;Module 1,6_14;537.59;88,50;35,57;2,43;86,36;2,14
10,09.2019 10:38:40;35.3;2.58;299.5;527.6130049402643;289.75;Module 1,6_14;558.07;91,07;35,23;2,53;89,05;2,03
10,09.2019 10:40:33;35.2;2.51;299.5;525.4883344025474;290.14;Module 1,6_14;555.51;88,35;35,23;2,52;88,67;-0,32
10,09.2019 10:42:27;34.9;2.6;299.5;562.1250107190164;290.25;Module 1,6_14;593.91;90,74;35,25;2,70;95,18;-4,44
10,09.2019 10:44:22;35.2;2.27;299.5;467.8843840514464;290.45;Module 1,6_14;494.07;79,90;35,18;2,23;78,39;1,51
10,09.2019 10:46:14;35.3;2.53;299.5;526.3425704414976;290.77;Module 1,6_14;555.51;89,31;35,23;2,52;88,82;0,49
10,09.2019 10:48:23;35.1;2.56;301.5;516.9436319168177;290.94;Module 1,6_14;545.27;89,86;34,87;2,48;86,30;3,55
10,09.2019 10:50:16;34.9;2.77;301.5;565.7680982310919;291.17;Module 1,6_14;596.47;96,67;34,90;2,72;94,90;1,77
10,09.2019 10:52:13;34.5;2.23;301.5;432.43559695893504;291.3;Module 1,6_14;455.67;76,94;34,77;2,05;71,36;5,57
10,09.2019 10:54:07;34.7;2.87;301;583.3457304313305;291.25;Module 1,6_14;614.39;99,59;34,99;2,81;98,23;1,36
10,09.2019 10:56:06;34.4;2.92;301;588.4988940366236;291.26;Module 1,6_14;619.51;100,45;34,99;2,83;99,13;1,32
10,09.2019 10:58:00;34.3;2.7;302;540.1130385679179;291.46;Module 1,6_14;568.31;92,61;34,80;2,59;90,17;2,44
10,09.2019 10:59:58;34.3;2.63;302;520.8947001237302;291.45;Module 1,6_14;547.83;90,21;34,78;2,50;86,79;3,42
10,09.2019 11:01:52;34.5;2.86;302;586.8780014673514;291.55;Module 1,6_14;616.95;98,67;34,81;2,83;98,36;0,31
10,09.2019 11:03:46;34.3;2.9;303.5;594.4434328298702;291.71;Module 1,6_14;624.63;99,47;34,55;2,86;98,95;0,52
10,09.2019 11:05:41;34.3;2.6;303.5;538.6416266073771;291.79;Module 1,6_14;565.75;89,18;34,52;2,59;89,24;-0,06
10,09.2019 11:07:34;34.3;2.89;303.5;575.4410876991396;292.02;Module 1,6_14;604.15;99,13;34,55;2,77;95,65;3,48
10,09.2019 11:09:39;34.2;2.47;303.5;517.1538288374252;292.21;Module 1,6_14;542.71;84,47;34,52;2,48;85,50;-1,02
10,09.2019 11:11:34;33.9;2.49;303.5;495.4000382844937;292.31;Module 1,6_14;519.67;84,41;34,49;2,37;81,70;2,72
10,09.2019 11:13:27;33.9;2.86;304;583.4843385302588;292.5;Module 1,6_14;611.83;96,95;34,46;2,81;96,80;0,15
10,09.2019 11:15:20;33.9;2.77;304;593.4778333124143;292.73;Module 1,6_14;622.07;93,90;34,46;2,86;98,54;-4,63
10,09.2019 11:17:15;33.9;3.07;305.1;623.0246993063041;292.9;Module 1,6_14;652.79;104,07;34,27;3,01;103,07;1,00
10,09.2019 11:19:12;34;3.17;305.1;601.265256026125;293.08;Module 1,6_14;629.75;107,78;34,27;2,90;99,33;8,45
10,09.2019 11:21:06;33.7;2.42;305.1;535.4674626335354;293.22;Module 1,6_14;560.63;81,55;34,24;2,57;87,98;-6,43
10,09.2019 11:22:59;33.9;3.06;306.6;623.7129315847832;293.31;Module 1,6_14;652.79;103,73;34,00;3,01;102,41;1,33
10,09.2019 11:24:52;33.8;3.25;306.6;644.9008377840822;293.46;Module 1,6_14;674.73;109,85;34,00;3,12;106,01;3,84
10,09.2019 11:26:44;33.7;3.18;305.1;629.7839427822452;293.35;Module 1,6_14;658.69;107,17;34,27;3,04;104,23;2,94
10,09.2019 11:28:37;33.5;3.23;305.1;648.5987362083131;293.36;Module 1,6_14;678.14;108,20;34,27;3,14;107,46;0,75
10,09.2019 11:30:42;33.6;2.87;307.6;590.2899514128951;293.58;Module 1,6_14;616.95;96,43;33,82;2,84;96,21;0,22
10,09.2019 11:32:37;33.4;3.05;307.6;631.4103652061408;293.78;Module 1,6_14;659.71;101,87;33,83;3,05;103,19;-1,32
10,09.2019 11:34:32;33.4;2.49;307.6;519.597545692225;294.08;Module 1,6_14;542.71;83,17;33,78;2,49;84,16;-1,00
10,09.2019 11:36:36;33.4;2.33;307.6;470.739267180826;294.3;Module 1,6_14;491.51;77,82;33,73;2,25;75,80;2,02
10,09.2019 11:38:35;33.5;2.97;307.6;600.8793804024494;294.47;Module 1,6_14;627.19;99,50;33,82;2,90;98,01;1,48
10,09.2019 11:40:27;33.7;2.6;307.6;544.6317894369477;294.43;Module 1,6_14;568.31;87,62;33,80;2,62;88,44;-0,82
10,09.2019 11:42:21;33.2;2.06;307.6;319.0196942071744;294.11;Module 1,6_14;332.79;68,39;33,40;1,49;49,71;18,68
10,09.2019 11:44:13;33.9;2.86;307.6;594.046738352423;293.92;Module 1,6_14;619.51;96,95;33,82;2,86;96,85;0,10
10,09.2019 11:46:09;33.6;3;307.6;505.82295657810886;294.07;Module 1,6_14;527.35;100,80;33,77;2,42;81,81;18,99
10,09.2019 11:48:02;33.7;3.05;307.6;641.602060233261;294.09;Module 1,6_14;668.72;102,78;33,83;3,10;104,91;-2,13
10,09.2019 11:49:56;33.9;4.23;307.6;865.3941830072571;294.23;Module 1,6_14;901.72;143,40;33,73;4,22;142,31;1,09
10,09.2019 11:52:06;33.3;3.5;307.6;702.5670121446792;294.59;Module 1,6_14;731.83;116,55;33,82;3,41;115,19;1,36
10,09.2019 11:54:02;33.1;2.82;307.6;572.775785145505;294.72;Module 1,6_14;596.47;93,34;33,81;2,76;93,23;0,11
10,09.2019 11:55:55;33.5;2.82;307.6;646.4441889945593;294.97;Module 1,6_14;673.01;94,47;33,83;3,13;105,73;-11,26
10,09.2019 11:57:50;33.3;3.28;307.6;649.822213607235;295.3;Module 1,6_14;676.35;109,22;33,83;3,14;106,30;2,92
10,09.2019 11:59:42;33.2;3.1;308.1;624.8831238010471;295.5;Module 1,6_14;650.23;102,92;33,73;3,02;101,82;1,10
10,09.2019 12:01:35;33.3;3.84;308.1;732.4589057864032;295.84;Module 1,6_14;761.98;127,87;33,72;3,56;119,90;7,98
10,09.2019 12:03:40;33.2;4.35;308.1;863.3942137700664;296.44;Module 1,6_14;897.95;144,42;33,64;4,21;141,61;2,81
10,09.2019 12:05:35;32.9;3.37;308.1;704.5793627068397;296.69;Module 1,6_14;732.6;110,87;33,73;3,42;115,23;-4,36
10,09.2019 12:07:31;32.8;4.07;308.1;862.6501596274513;297.04;Module 1,6_14;896.74;133,50;33,64;4,21;141,49;-7,99
10,09.2019 12:09:24;32.6;3.53;309.6;678.0005471438831;297.29;Module 1,6_14;704.63;115,08;33,47;3,28;109,91;5,17
10,09.2019 12:11:16;33.1;2.54;309.6;649.9356207930869;297.11;Module 1,6_14;675.31;84,07;33,47;3,14;105,22;-21,15
10,09.2019 12:13:13;33.3;2.93;311.6;539.6900856423923;296.95;Module 1,6_14;560.63;97,57;33,08;2,59;85,79;11,78
10,09.2019 12:15:07;32.6;1.63;311.6;337.685950604848;296.4;Module 1,6_14;350.71;53,14;32,73;1,58;51,84;1,30
10,09.2019 12:17:02;33.7;2.01;311.6;461.03440568078275;295.71;Module 1,6_14;478.71;67,74;33,00;2,20;72,61;-4,87
10,09.2019 12:19:01;33.3;4.5;311.6;873.8803759911194;295.61;Module 1,6_14;907.18;149,85;33,01;4,26;140,70;9,15
10,09.2019 12:20:55;33;4.44;311.6;875.7806105904045;295.89;Module 1,6_14;908.96;146,52;33,01;4,27;141,01;5,51
10,09.2019 12:22:48;32.7;3.7;311.6;726.4537547538828;296.44;Module 1,6_14;753.82;120,99;33,09;3,53;116,72;4,27
10,09.2019 12:24:40;32.6;4.05;311.6;812.8781006409149;296.67;Module 1,6_14;843.33;132,03;33,05;3,96;130,83;1,20
10,09.2019 12:26:39;32.5;4.06;311.6;848.981195966897;296.76;Module 1,6_14;880.6;131,95;33,03;4,14;136,68;-4,73
10,09.2019 12:28:32;32.8;4.38;311.6;872.3200633081866;296.92;Module 1,6_14;904.63;143,66;33,02;4,25;140,45;3,21
10,09.2019 12:30:26;32.4;4.42;311.6;899.7947547526638;296.88;Module 1,6_14;932.94;143,21;32,99;4,39;144,87;-1,67
10,09.2019 12:32:20;32.2;3.63;311.6;774.2150122847876;297.03;Module 1,6_14;802.58;116,89;33,08;3,77;124,54;-7,65
10,09.2019 12:34:17;32.2;3.72;313.6;782.8559869892275;297.25;Module 1,6_14;811.38;119,78;32,71;3,81;124,60;-4,82
10,09.2019 12:36:10;32.2;4.33;313.6;822.769045615144;297.32;Module 1,6_14;852.59;139,43;32,69;4,01;131,02;8,41
10,09.2019 12:38:07;32.4;4.36;315.6;877.4963781766392;297.32;Module 1,6_14;909.13;141,26;32,30;4,28;138,24;3,02
10,09.2019 12:40:00;32.2;4.31;315.6;860.7107704982178;297.25;Module 1,6_14;891.58;138,78;32,30;4,20;135,60;3,19
10,09.2019 12:41:57;32.1;3.95;315.6;807.752365358097;297.29;Module 1,6_14;836.57;126,80;32,34;3,93;127,21;-0,41
10,09.2019 12:43:50;32;3.36;315.6;683.1307474123037;297.39;Module 1,6_14;707.38;107,52;32,39;3,31;107,25;0,27
10,09.2019 12:45:43;32.1;3.59;315.6;700.5266941440057;297.57;Module 1,6_14;725.27;115,24;32,38;3,40;110,06;5,18
10,09.2019 12:47:36;32.3;4.11;315.6;830.1231756012477;297.73;Module 1,6_14;859.3;132,75;32,33;4,04;130,76;2,00
10,09.2019 12:49:44;32.1;2.79;315.6;576.3248602163603;297.46;Module 1,6_14;596.47;89,56;32,38;2,78;89,94;-0,38
10,09.2019 12:51:40;32.5;3.85;315.6;727.9500700428597;297.32;Module 1,6_14;753.27;125,13;32,38;3,54;114,46;10,66
10,09.2019 12:53:35;33.2;3.3;315.6;470.1169941269769;296.97;Module 1,6_14;486.39;109,56;32,28;2,25;72,56;37,00
10,09.2019 12:55:34;32.8;4.15;315.6;848.3686755849848;296.96;Module 1,6_14;877.59;136,12;32,31;4,14;133,65;2,47
10,09.2019 12:57:28;32.8;4.24;315.6;868.3403903768035;297.28;Module 1,6_14;898.11;139,07;32,30;4,23;136,80;2,27
10,09.2019 12:59:20;32.6;3.72;315.6;750.7195149081329;297.59;Module 1,6_14;776.34;121,27;32,37;3,65;118,11;3,16
10,09.2019 13:01:15;32.5;3.88;313.6;768.9868347862234;297.89;Module 1,6_14;795.11;126,10;32,72;3,74;122,36;3,74
10,09.2019 13:03:13;32.5;4.35;313.6;898.3641076015504;298.18;Module 1,6_14;928.74;141,38;32,63;4,38;143,09;-1,71
10,09.2019 13:05:08;32.3;3.92;313.6;790.462543662891;298.52;Module 1,6_14;817.07;126,62;32,71;3,85;125,83;0,79
10,09.2019 13:07:01;32.2;3.73;314.1;761.7604644001913;298.71;Module 1,6_14;787.29;120,11;32,63;3,70;120,87;-0,76
10,09.2019 13:08:55;32.2;4.17;314.1;848.6713402891248;298.8;Module 1,6_14;876.99;134,27;32,59;4,14;134,80;-0,53
10,09.2019 13:10:48;32.3;4.01;315.6;846.3586839504075;298.56;Module 1,6_14;874.48;129,52;32,32;4,13;133,33;-3,81
10,09.2019 13:12:41;33;4;315.6;877.8160727383045;298.66;Module 1,6_14;906.86;132,00;32,30;4,28;138,29;-6,29
10,09.2019 13:14:33;32.1;1.97;315.6;421.3077361525981;298.61;Module 1,6_14;435.19;63,24;32,21;2,00;64,53;-1,30
10,09.2019 13:16:27;33.1;3.7;315.6;754.6759810035703;298.23;Module 1,6_14;779.44;122,47;32,37;3,67;118,75;3,72
10,09.2019 13:18:19;32.4;3.84;315.6;773.3936282148297;298.24;Module 1,6_14;798.67;124,42;32,36;3,76;121,74;2,68
10,09.2019 13:20:15;32.5;3.92;315.6;799.5558073887545;298.17;Module 1,6_14;825.58;127,40;32,34;3,89;125,90;1,50
10,09.2019 13:22:09;32.7;3.39;315.6;653.3395360904394;297.79;Module 1,6_14;674.52;110,85;32,39;3,16;102,44;8,41
10,09.2019 13:24:03;32.5;3.97;315.6;804.1140100855997;297.8;Module 1,6_14;830.08;129,03;32,34;3,92;126,63;2,40
10,09.2019 13:25:59;32;3.06;314.1;625.0072131564067;298.12;Module 1,6_14;645.11;97,92;32,66;3,02;98,66;-0,74
10,09.2019 13:27:55;32.9;3.9;314.1;778.623693701218;298.36;Module 1,6_14;803.57;128,31;32,63;3,79;123,58;4,73
10,09.2019 13:29:51;32.4;3.95;315.6;805.1817620182348;298.56;Module 1,6_14;830.88;127,98;32,34;3,92;126,80;1,18
10,09.2019 13:31:46;32.4;4.49;315.6;919.4546716511152;298.94;Module 1,6_14;948.69;145,48;32,26;4,49;144,83;0,64
10,09.2019 13:33:48;32.2;4.67;315.6;905.1619640712637;299.39;Module 1,6_14;933.83;150,37;32,27;4,42;142,59;7,78
10,09.2019 13:35:41;31.9;4.95;315.6;918.9397623299986;299.96;Module 1,6_14;947.94;157,91;32,26;4,49;144,75;13,15
10,09.2019 13:37:35;31.7;3.53;315.6;689.4786240777856;300.15;Module 1,6_14;711.16;111,90;32,39;3,34;108,28;3,62
10,09.2019 13:39:29;32.5;5.09;315.6;1022.6640558471543;300.05;Module 1,6_14;1054.71;165,42;32,16;5,00;160,88;4,54
10,09.2019 13:41:22;31.6;3.88;315.6;821.4959937479799;300.41;Module 1,6_14;847.15;122,61;32,34;4,00;129,39;-6,78
10,09.2019 13:43:17;32.1;3.65;316.1;716.3561654479831;300.6;Module 1,6_14;738.65;117,17;32,29;3,48;112,29;4,87
10,09.2019 13:45:09;31.7;2.91;316.1;571.075996331426;300.52;Module 1,6_14;588.79;92,25;32,28;2,75;88,84;3,41
10,09.2019 13:47:02;31.9;4.93;316.1;993.2806151095823;300.18;Module 1,6_14;1023.99;157,27;32,10;4,86;155,90;1,37
10,09.2019 13:48:55;31.4;1.92;317.6;447.0141330926102;299.79;Module 1,6_14;460.79;60,29;31,89;2,13;68,01;-7,72
10,09.2019 13:50:54;31.5;1.47;317.6;294.6402235670053;299.28;Module 1,6_14;303.69;46,30;31,48;1,37;43,18;3,13
10,09.2019 13:56:38;32.8;1.52;316.1;315.1502907403511;297.53;Module 1,6_14;324.74;49,86;31,83;1,47;46,90;2,95
10,09.2019 14:14:01;34.5;1.77;307.6;314.2864078681721;293.96;Module 1,6_14;323.61;61,06;33,38;1,46;48,89;12,17
10,09.2019 14:15:57;34.9;4.12;307.6;909.2742116419455;294.38;Module 1,6_14;936.18;143,79;33,69;4,44;149,52;-5,73
10,09.2019 14:17:52;34.5;2.66;305.1;372.9805956471105;294.97;Module 1,6_14;383.99;91,77;34,01;1,76;59,75;32,02
10,09.2019 14:19:45;34.9;4.1;305.1;857.460064187622;295.22;Module 1,6_14;882.71;143,09;34,17;4,18;142,82;0,27
10,09.2019 14:21:43;33.6;4.47;305.1;915.8460003515061;296.05;Module 1,6_14;942.75;150,19;34,13;4,47;152,55;-2,36
10,09.2019 14:23:36;33.2;3.69;305.1;771.3519307799835;296.82;Module 1,6_14;793.96;122,51;34,23;3,75;128,34;-5,83
10,09.2019 14:25:30;33;4.28;305.1;832.7662607676576;297.31;Module 1,6_14;857.12;141,24;34,20;4,06;138,68;2,56
10,09.2019 14:27:30;32.6;3.69;308.1;852.778007136803;297.94;Module 1,6_14;877.66;120,29;33,65;4,16;139,86;-19,57
10,09.2019 14:29:22;32.5;4.91;308.1;1007.4559343356008;298.12;Module 1,6_14;1036.79;159,58;33,50;4,93;165,09;-5,51
10,09.2019 14:31:15;32.2;4.49;309.6;910.9888975642393;298.3;Module 1,6_14;937.46;144,58;33,34;4,45;148,24;-3,66
10,09.2019 14:33:09;31.8;3.78;309.6;737.7264180534293;298.25;Module 1,6_14;759.12;120,20;33,45;3,58;119,83;0,37
10,09.2019 14:35:02;32.4;3.17;311.6;626.9635538158718;298.46;Module 1,6_14;645.11;102,71;33,11;3,03;100,31;2,39
10,09.2019 14:37:05;32.6;3.57;311.6;747.498920313137;298.46;Module 1,6_14;769.09;116,38;33,09;3,63;120,17;-3,79
10,09.2019 14:38:58;32.6;2.65;311.6;567.3131868224872;298.3;Module 1,6_14;583.67;86,39;33,09;2,73;90,40;-4,01
10,09.2019 14:40:53;32.6;3.6;312.1;735.4921286692527;298.21;Module 1,6_14;756.66;117,36;33,00;3,57;117,89;-0,53
10,09.2019 14:42:45;32.6;3.7;312.1;706.7437651859826;297.97;Module 1,6_14;727.05;120,62;33,02;3,43;113,19;7,43
10,09.2019 14:44:38;32.4;3.64;312.1;750.4435701973287;297.93;Module 1,6_14;771.97;117,94;33,00;3,65;120,33;-2,40
10,09.2019 14:46:32;32.4;4.15;312.1;845.2624296272293;298.18;Module 1,6_14;869.47;134,46;32,95;4,12;135,72;-1,26
10,09.2019 14:48:25;32.2;3.69;312.1;747.7283777989261;298.27;Module 1,6_14;769.11;118,82;33,00;3,63;119,89;-1,07
10,09.2019 14:50:18;32.4;3.56;312.1;743.1310064549773;298.32;Module 1,6_14;764.35;115,34;33,00;3,61;119,14;-3,80
10,09.2019 14:52:13;32.4;3.42;312.1;706.4278929935025;298.17;Module 1,6_14;726.57;110,81;33,02;3,43;113,13;-2,33
10,09.2019 14:54:14;32.2;3.56;314.1;743.3068984691738;298.34;Module 1,6_14;764.47;114,63;32,64;3,61;117,89;-3,26
10,09.2019 14:56:15;32.2;2.82;314.1;572.5120484970469;298.28;Module 1,6_14;588.79;90,80;32,64;2,76;90,05;0,75
10,09.2019 14:58:12;32.5;3.52;314.1;724.27305592016;298.59;Module 1,6_14;744.84;114,40;32,65;3,52;114,81;-0,41
10,09.2019 15:00:05;33;4.28;315.6;857.9939729626412;298.86;Module 1,6_14;882.33;141,24;32,31;4,18;135,17;6,07
10,09.2019 15:02:05;33.5;3.25;315.6;840.0505446453077;299.03;Module 1,6_14;863.85;108,88;32,32;4,09;132,33;-23,46
10,09.2019 15:03:58;32.5;3.62;315.6;735.3093791210058;299.14;Module 1,6_14;756.12;117,65;32,38;3,57;115,64;2,01
10,09.2019 15:05:55;32.1;3.58;315.6;725.3419717618194;299.59;Module 1,6_14;745.85;114,92;32,38;3,52;114,05;0,87
10,09.2019 15:08:05;32.3;3.31;315.6;679.1283732302646;299.67;Module 1,6_14;698.31;106,91;32,39;3,29;106,61;0,30
10,09.2019 15:10:08;32.5;3.74;315.6;746.1444402527275;299.6;Module 1,6_14;767.2;121,55;32,38;3,63;117,38;4,17
10,09.2019 15:12:00;32.3;3.76;315.6;775.7455479117725;299.66;Module 1,6_14;797.62;121,45;32,36;3,77;122,11;-0,66
10,09.2019 15:13:56;32.2;3.4;315.6;682.5666654272422;299.87;Module 1,6_14;701.8;109,48;32,39;3,31;107,16;2,32
10,09.2019 15:15:52;32.4;3.78;315.6;775.6964613406989;299.78;Module 1,6_14;797.54;122,47;32,36;3,77;122,10;0,37
10,09.2019 15:17:53;32.3;3.47;315.6;670.9960360542759;299.96;Module 1,6_14;689.88;112,08;32,39;3,25;105,30;6,78
10,09.2019 15:19:46;32.5;3.62;315.6;738.2046530308414;300.12;Module 1,6_14;758.97;117,65;32,38;3,59;116,11;1,54
10,09.2019 15:21:41;32.4;3.16;315.6;632.4471124170069;299.93;Module 1,6_14;650.23;102,38;32,39;3,06;99,06;3,32
10,09.2019 15:23:36;32.4;3.41;315.6;659.1527671160588;299.71;Module 1,6_14;677.68;110,48;32,39;3,19;103,38;7,10
10,09.2019 15:25:29;32.4;3.26;315.6;680.420298990256;299.78;Module 1,6_14;699.54;105,62;32,39;3,30;106,82;-1,19
10,09.2019 15:27:23;33.1;2.72;315.6;610.0512490542773;299.78;Module 1,6_14;627.19;90,03;32,38;2,95;95,43;-5,39
10,09.2019 15:29:16;32.6;3.47;315.6;663.7064139341758;299.96;Module 1,6_14;682.35;113,12;32,39;3,21;104,12;9,00
10,09.2019 15:31:12;32.5;3.28;315.6;666.0225913234979;299.93;Module 1,6_14;684.73;106,60;32,39;3,23;104,49;2,11
10,09.2019 15:33:06;32.5;3.22;315.6;649.0297278589583;299.67;Module 1,6_14;667.26;104,65;32,39;3,14;101,75;2,90
10,09.2019 15:34:58;32.4;2.11;315.6;390.92851374059103;299.26;Module 1,6_14;401.91;68,36;32,15;1,85;59,53;8,84
10,09.2019 15:36:51;32.2;2.44;314.1;495.50861652252627;299.03;Module 1,6_14;509.43;78,57;32,59;2,37;77,35;1,21
10,09.2019 15:39:01;32.7;3.15;314.1;645.2759703365023;298.91;Module 1,6_14;663.41;103,01;32,66;3,12;101,97;1,04
10,09.2019 15:40:53;32.7;3.55;314.1;745.4054864893743;299.03;Module 1,6_14;766.36;116,09;32,64;3,62;118,23;-2,14
10,09.2019 15:42:47;32.8;3.26;314.1;665.2318798170104;299.41;Module 1,6_14;683.94;106,93;32,66;3,22;105,22;1,70
10,09.2019 15:44:42;32.6;3.88;314.1;801.4696927431772;299.69;Module 1,6_14;824.02;126,49;32,62;3,90;127,25;-0,76
10,09.2019 15:46:34;32.6;4.13;314.1;791.6440077275611;300.3;Module 1,6_14;813.93;134,64;32,62;3,85;125,67;8,96
10,09.2019 15:48:37;32.6;2.68;314.1;425.7560619878707;300.65;Module 1,6_14;437.75;87,37;32,49;2,03;65,80;21,57
10,09.2019 15:50:33;32.4;2.92;314.1;645.3174272477638;300.66;Module 1,6_14;663.51;94,61;32,66;3,12;101,98;-7,37
10,09.2019 15:52:27;32.7;3.19;315.6;634.8772998034358;300.5;Module 1,6_14;652.79;104,31;32,39;3,07;99,45;4,86
10,09.2019 15:54:20;32.6;3.47;315.6;735.8403485449167;300.36;Module 1,6_14;756.62;113,12;32,38;3,57;115,73;-2,61
10,09.2019 15:56:14;32.5;3.43;314.1;629.8656504205824;300.43;Module 1,6_14;647.67;111,48;32,66;3,05;99,45;12,02
10,09.2019 15:58:08;32.4;3.6;314.1;722.7387237405505;300.55;Module 1,6_14;743.19;116,64;32,65;3,51;114,56;2,08
10,09.2019 16:00:03;32.6;3.46;314.1;688.6312634238806;300.87;Module 1,6_14;708.14;112,80;32,66;3,34;109,03;3,76
10,09.2019 16:01:56;32.7;3.33;313.6;659.260412959289;300.9;Module 1,6_14;677.96;108,89;32,75;3,19;104,53;4,36
10,09.2019 16:03:58;32.4;3.27;313.6;652.9821207738149;300.84;Module 1,6_14;671.53;105,95;32,75;3,16;103,51;2,44
10,09.2019 16:05:54;32.6;3.51;313.6;719.9794072968612;300.67;Module 1,6_14;740.46;114,43;32,74;3,49;114,43;-0,00
10,09.2019 16:07:47;32.4;3.3;313.6;670.721879801529;300.66;Module 1,6_14;689.83;106,92;32,75;3,25;106,41;0,51
10,09.2019 16:09:41;32.4;2.92;313.6;599.8338648404399;300.45;Module 1,6_14;616.95;94,61;32,74;2,90;94,79;-0,18
10,09.2019 16:11:38;32.5;3.07;314.1;612.2489846843456;300.36;Module 1,6_14;629.75;99,77;32,66;2,96;96,57;3,21
10,09.2019 16:13:32;32.6;3.44;314.1;619.6844671405448;300.29;Module 1,6_14;637.43;112,14;32,66;2,99;97,79;14,36
10,09.2019 16:15:25;32.6;3.19;314.1;638.6469613299306;300.46;Module 1,6_14;656.97;103,99;32,66;3,09;100,89;3,11
10,09.2019 16:17:19;32.4;2.81;314.1;572.3365714451213;300.61;Module 1,6_14;588.79;91,04;32,64;2,76;90,02;1,02
10,09.2019 16:19:15;32.5;2.88;314.1;564.8374109357801;300.81;Module 1,6_14;581.11;93,60;32,64;2,72;88,79;4,81
10,09.2019 16:21:36;32.6;2.81;314.1;569.7702527531286;300.75;Module 1,6_14;586.23;91,61;32,64;2,75;89,60;2,01
10,09.2019 16:23:29;32.6;2.97;314.1;589.6369274921237;300.8;Module 1,6_14;606.71;96,82;32,65;2,84;92,86;3,96
10,09.2019 16:25:22;32.6;2.85;314.1;572.1822783161833;301.11;Module 1,6_14;588.79;92,91;32,64;2,76;90,00;2,91
10,09.2019 16:27:21;32.7;2.95;314.1;609.4534177759136;301.07;Module 1,6_14;627.19;96,47;32,66;2,94;96,11;0,35
10,09.2019 16:29:14;32.6;3.01;314.1;606.9205709657356;300.92;Module 1,6_14;624.63;98,13;32,66;2,93;95,70;2,43
10,09.2019 16:31:07;32.5;3.05;314.1;609.3605669717717;300.96;Module 1,6_14;627.19;99,13;32,66;2,94;96,10;3,03
10,09.2019 16:33:00;32.4;2.21;314.1;425.2713458948522;300.81;Module 1,6_14;437.75;71,60;32,49;2,02;65,72;5,89
10,09.2019 16:34:53;31.9;1.58;314.1;333.2232723371388;300.14;Module 1,6_14;343.03;50,40;32,26;1,56;50,42;-0,02
10,09.2019 16:36:47;32.7;2.73;314.1;544.5539826900539;299.66;Module 1,6_14;560.63;89,27;32,63;2,62;85,45;3,82
10,09.2019 16:38:40;33;2.79;314.1;574.3403902087163;299.48;Module 1,6_14;591.35;92,07;32,64;2,77;90,35;1,72
10,09.2019 16:40:34;32.4;2.11;314.1;477.32622314361885;299.39;Module 1,6_14;491.51;68,36;32,56;2,28;74,35;-5,98
10,09.2019 16:42:39;32.3;1.8;314.1;348.0094533552025;299.05;Module 1,6_14;358.39;58,14;32,30;1,64;52,88;5,26
10,09.2019 16:52:20;33.6;2.2;311.6;462.0924059735437;297.44;Module 1,6_14;476.15;73,92;33,00;2,21;72,79;1,13
10,09.2019 16:54:16;33.5;1.37;309.6;397.4463952955051;297.58;Module 1,6_14;409.59;45,90;33,25;1,88;62,56;-16,67
10,09.2019 17:03:42;33.9;1.54;307.6;305.5636382110587;296.76;Module 1,6_14;315.12;52,21;33,34;1,42;47,39;4,82
10,09.2019 17:20:46;33.9;1.1;304;312.29230420072497;295.84;Module 1,6_14;322.58;37,29;34,02;1,45;49,43;-12,14
10,09.2019 17:26:24;34;2.04;303.5;470.5710279863408;295.91;Module 1,6_14;486.39;69,36;34,47;2,24;77,35;-7,99
10,09.2019 17:32:07;35.1;2.45;303.5;499.9251846064742;296.4;Module 1,6_14;517.11;86,00;34,50;2,39;82,49;3,51
10,09.2019 17:34:00;34.5;2.49;303.5;509.6930141726388;296.99;Module 1,6_14;527.35;85,91;34,51;2,44;84,19;1,71
10,09.2019 17:35:56;34.3;2.04;304;484.8168498842718;297.67;Module 1,6_14;501.75;69,97;34,39;2,32;79,65;-9,67
10,09.2019 17:37:57;34.1;2.1;304;462.4168973893383;298.22;Module 1,6_14;478.71;71,61;34,37;2,20;75,73;-4,12
10,09.2019 17:39:58;33.9;2.19;304;444.9695040951914;298.63;Module 1,6_14;460.79;74,24;34,34;2,12;72,68;1,56
10,09.2019 17:41:51;33.8;2.01;305.1;412.708837978131;298.95;Module 1,6_14;427.51;67,94;34,09;1,96;66,67;1,27
10,09.2019 17:43:45;33.7;1.94;305.1;395.2858903932665;299.14;Module 1,6_14;409.59;65,38;34,06;1,87;63,64;1,74
10,09.2019 17:45:38;33.7;1.69;305.1;340.8235350094105;299.14;Module 1,6_14;353.27;56,95;33,92;1,60;54,14;2,82
10,09.2019 17:55:37;33.7;1.56;305.1;320.45476927602033;297.92;Module 1,6_14;332.79;52,57;33,85;1,49;50,58;1,99
10,09.2019 17:57:30;33.7;1.58;305.1;340.03901954896594;297.75;Module 1,6_14;353.27;53,25;33,92;1,59;54,00;-0,75
10,09.2019 17:59:23;34.1;1.71;305.1;354.67586407571656;297.7;Module 1,6_14;368.63;58,31;33,96;1,67;56,55;1,76
10,09.2019 18:01:34;34.2;1.73;305.1;344.6500488258947;297.82;Module 1,6_14;358.39;59,17;33,93;1,62;54,81;4,36
10,09.2019 18:03:26;33.8;1.73;305.1;366.6424868637552;297.69;Module 1,6_14;381.43;58,47;33,99;1,73;58,64;-0,17
10,09.2019 18:05:19;34;1.83;305.1;378.76843780368904;297.73;Module 1,6_14;394.23;62,22;34,02;1,79;60,76;1,46
10,09.2019 18:07:15;33.9;1.52;305.1;302.08131681986885;297.62;Module 1,6_14;314.57;51,53;33,79;1,40;47,38;4,15
10,09.2019 18:09:34;33.7;1.51;305.1;297.7844126543503;297.59;Module 1,6_14;310.29;50,89;33,77;1,38;46,63;4,26
10,09.2019 18:13:23;33.9;1.47;305.1;297.1112865078659;297.19;Module 1,6_14;309.93;49,83;33,77;1,38;46,51;3,32
10,09.2019 18:15:16;34.1;1.52;304;299.43068118940715;297.22;Module 1,6_14;312.53;51,83;33,98;1,39;47,17;4,66
10,09.2019 18:17:14;34.2;1.6;304;333.34792136509725;297.4;Module 1,6_14;348.15;54,72;34,09;1,56;53,12;1,60
10,09.2019 18:19:08;33.9;1.49;305.1;301.6936073952477;297.26;Module 1,6_14;315.29;50,51;33,79;1,40;47,31;3,20
10,09.2019 18:21:02;34.1;1.62;305.1;330.4682286505149;297.2;Module 1,6_14;345.59;55,24;33,89;1,54;52,33;2,91
10,09.2019 18:23:11;33.9;1.45;305.1;297.091843680184;297.4;Module 1,6_14;310.93;49,15;33,77;1,38;46,51;2,65
11,09.2019 09:32:31;35.2;1.38;288.9;279.90906639434985;283.71;Module 1,6_14;306.46;48,58;36,60;1,28;46,90;1,68
11,09.2019 09:34:56;35.2;1.43;288.9;288.53975750207223;283.76;Module 1,6_14;315.29;50,34;36,64;1,32;48,52;1,81
11,09.2019 09:36:56;35.2;1.45;288.9;294.2599773911649;284.09;Module 1,6_14;321.04;51,04;36,66;1,35;49,60;1,44
11,09.2019 09:39:45;35.5;1.47;288.9;305.6707268435871;284.51;Module 1,6_14;332.79;52,19;36,71;1,41;51,75;0,43
11,09.2019 09:41:38;35.9;1.52;288.9;310.79121595518313;284.8;Module 1,6_14;337.91;54,57;36,73;1,44;52,72;1,85
11,09.2019 09:43:42;36;1.55;288.9;315.9502671137841;285.25;Module 1,6_14;343.03;55,80;36,74;1,46;53,69;2,11
11,09.2019 09:45:44;36;1.58;292;321.10022401155493;285.72;Module 1,6_14;348.15;56,88;36,21;1,49;53,92;2,96
11,09.2019 09:47:37;36.1;1.62;292;326.21749308561203;286.17;Module 1,6_14;353.27;58,48;36,23;1,51;54,87;3,61
11,09.2019 09:49:32;36;1.66;292;333.70771108097483;286.75;Module 1,6_14;360.95;59,76;36,25;1,55;56,27;3,49
11,09.2019 09:51:26;36;1.69;293.5;341.1992221226142;287.22;Module 1,6_14;368.63;60,84;36,01;1,59;57,27;3,57
11,09.2019 09:53:34;35.9;1.75;293.5;348.74205521905867;287.64;Module 1,6_14;376.31;62,82;36,02;1,63;58,67;4,16
11,09.2019 09:55:30;35.7;1.78;294;358.62364137672154;288.11;Module 1,6_14;386.55;63,55;35,96;1,68;60,35;3,19
11,09.2019 09:57:30;35.9;1.82;294;363.77221468138055;288.56;Module 1,6_14;391.67;65,34;35,98;1,70;61,30;4,04
11,09.2019 09:59:24;35.8;1.85;294;371.27997013449914;288.96;Module 1,6_14;399.35;66,23;35,99;1,74;62,68;3,55
11,09.2019 10:01:31;35.7;1.9;295.5;376.45053313232233;289.3;Module 1,6_14;404.47;67,83;35,73;1,77;63,20;4,63
11,09.2019 10:03:25;35.5;1.89;295.5;379.19319354433424;289.51;Module 1,6_14;407.03;67,09;35,74;1,78;63,70;3,39
11,09.2019 10:05:17;35.9;1.93;295.5;389.08572191677285;289.8;Module 1,6_14;417.27;69,29;35,77;1,83;65,51;3,78
11,09.2019 10:07:10;35.8;1.98;295.5;394.2107357245626;289.99;Module 1,6_14;422.39;70,88;35,77;1,86;66,45;4,44
11,09.2019 10:09:10;35.9;1.99;295.5;401.7474810775135;290.25;Module 1,6_14;430.07;71,44;35,79;1,90;67,82;3,62
11,09.2019 10:11:07;35.5;2.06;296;409.2780838039457;290.48;Module 1,6_14;437.75;73,13;35,72;1,93;69,04;4,09
11,09.2019 10:13:02;35.4;2.1;296;419.20113461141534;290.65;Module 1,6_14;447.99;74,34;35,73;1,98;70,85;3,49
11,09.2019 10:14:55;35.4;2.14;297.5;426.7275999092291;290.71;Module 1,6_14;455.67;75,76;35,48;2,02;71,71;4,04
11,09.2019 10:16:59;35.3;2.16;297.5;434.28926593382346;290.7;Module 1,6_14;463.35;76,25;35,49;2,06;73,08;3,17
11,09.2019 10:19:20;35.4;2.2;297.5;441.9023701932066;290.87;Module 1,6_14;471.03;77,88;35,50;2,10;74,45;3,43
11,09.2019 10:21:28;35.4;2.22;298;451.8827676712745;291.32;Module 1,6_14;481.27;78,59;35,42;2,15;76,08;2,51
11,09.2019 10:23:20;35.3;2.27;298;457.0121080542008;291.6;Module 1,6_14;486.39;80,13;35,43;2,17;77,00;3,13
11,09.2019 10:25:18;35.2;2.31;299.5;464.5645000096473;291.96;Module 1,6_14;494.07;81,31;35,17;2,21;77,80;3,51
11,09.2019 10:27:10;35.2;2.34;299.5;474.5109723221003;291.89;Module 1,6_14;504.31;82,37;35,19;2,26;79,58;2,79
11,09.2019 10:29:38;35.2;2.35;299.5;484.56323139109935;291.57;Module 1,6_14;514.55;82,72;35,20;2,31;81,37;1,35
11,09.2019 10:32:08;35.2;2.39;299.5;494.6248689437829;291.52;Module 1,6_14;524.79;84,13;35,20;2,36;83,17;0,96
11,09.2019 10:34:26;35.2;2.42;299.5;499.82808636263326;291.61;Module 1,6_14;529.91;85,18;35,21;2,39;84,10;1,09
11,09.2019 10:37:01;34.9;2.48;299.5;512.323201342903;291.75;Module 1,6_14;542.71;86,55;35,22;2,45;86,32;0,23
11,09.2019 10:39:46;34.8;2.54;301.5;517.5956523715162;292;Module 1,6_14;547.83;88,39;34,87;2,48;86,42;1,97
11,09.2019 10:41:48;34.8;2.57;301.5;527.5921539394903;292.34;Module 1,6_14;558.07;89,44;34,88;2,53;88,18;1,25
11,09.2019 10:44:23;35;2.57;302;532.8340986000093;292.75;Module 1,6_14;563.19;89,95;34,79;2,56;88,89;1,06
11,09.2019 10:46:19;35;2.59;302;537.9736702598008;292.92;Module 1,6_14;568.31;90,65;34,80;2,58;89,79;0,86
11,09.2019 10:48:26;34.9;2.66;303.5;547.9890140443335;293.12;Module 1,6_14;578.55;92,83;34,53;2,63;90,87;1,96
11,09.2019 10:50:25;34.6;2.72;303.5;553.1360065522508;293.33;Module 1,6_14;583.67;94,11;34,53;2,66;91,77;2,34
11,09.2019 10:52:43;34.4;2.75;303.5;558.3279793594775;293.57;Module 1,6_14;588.79;94,60;34,54;2,68;92,67;1,93
11,09.2019 10:54:48;34.1;2.8;303.5;561.057342584835;293.7;Module 1,6_14;591.35;95,48;34,54;2,70;93,15;2,33
11,09.2019 10:56:48;34;2.83;303.5;571.0610805048914;293.8;Module 1,6_14;601.59;96,22;34,54;2,75;94,89;1,33
11,09.2019 10:59:27;34.1;2.85;304;578.7286724633894;294;Module 1,6_14;609.27;97,19;34,45;2,79;95,98;1,20
11,09.2019 11:01:23;34.2;2.87;304;588.7285282339935;294.06;Module 1,6_14;619.51;98,15;34,46;2,84;97,71;0,44
11,09.2019 11:03:45;34.2;2.89;305.1;591.4895847159245;294.19;Module 1,6_14;622.07;98,84;34,27;2,85;97,65;1,19
11,09.2019 11:05:41;34.1;2.94;305.1;599.0574752918152;294.41;Module 1,6_14;629.75;100,25;34,27;2,89;98,95;1,30
11,09.2019 11:07:36;34;2.97;305.1;606.6242670894316;294.37;Module 1,6_14;637.43;100,98;34,27;2,93;100,25;0,73
11,09.2019 11:09:29;33.8;3.02;305.1;611.7504444554465;294.62;Module 1,6_14;642.55;102,08;34,27;2,95;101,13;0,94
11,09.2019 11:11:28;33.6;3.07;305.1;616.8889828089514;294.95;Module 1,6_14;647.67;103,15;34,27;2,98;102,02;1,13
11,09.2019 11:13:24;33.5;3.09;305.1;619.5805674333087;295.21;Module 1,6_14;650.23;103,52;34,27;2,99;102,48;1,04
11,09.2019 11:15:17;33.4;3.1;305.1;625.2369642535931;295.32;Module 1,6_14;655.91;103,54;34,27;3,02;103,45;0,09
11,09.2019 11:17:10;33.7;3.09;307.6;629.8345100440034;295.32;Module 1,6_14;660.48;104,13;33,83;3,04;102,92;1,21
11,09.2019 11:19:26;33.7;3.12;307.6;633.5916473852781;295.5;Module 1,6_14;664.12;105,14;33,83;3,06;103,56;1,59
11,09.2019 11:21:22;33.7;3.16;308.1;640.3968438719938;295.48;Module 1,6_14;671;106,49;33,73;3,10;104,44;2,05
11,09.2019 11:23:15;33.6;3.2;308.1;644.0838608025898;295.39;Module 1,6_14;674.62;107,52;33,73;3,11;105,06;2,46
11,09.2019 11:25:13;33.4;3.24;308.1;654.187834075313;295.53;Module 1,6_14;684.95;108,22;33,73;3,16;106,76;1,45
11,09.2019 11:27:21;33.2;3.29;309.6;658.9927438182979;295.61;Module 1,6_14;689.71;109,23;33,47;3,19;106,74;2,49
11,09.2019 11:29:17;33.1;3.33;309.6;664.947888612852;295.78;Module 1,6_14;695.7;110,22;33,47;3,22;107,73;2,49
11,09.2019 11:31:31;33.1;3.37;309.6;671.750779305635;295.92;Module 1,6_14;702.54;111,55;33,47;3,25;108,87;2,68
11,09.2019 11:33:32;33.1;3.36;309.6;677.5811064192949;296.14;Module 1,6_14;708.39;111,22;33,47;3,28;109,84;1,38
11,09.2019 11:36:13;33.1;3.4;309.6;687.9658225671482;296.67;Module 1,6_14;718.92;112,54;33,46;3,33;111,57;0,97
11,09.2019 11:38:06;33;3.43;309.6;694.2400075373573;296.64;Module 1,6_14;725.25;113,19;33,46;3,37;112,61;0,58
11,09.2019 11:40:22;33.1;3.46;310.1;699.0636266455302;296.57;Module 1,6_14;730.02;114,53;33,38;3,39;113,12;1,41
11,09.2019 11:42:19;33;3.49;310.1;702.1546386125682;296.8;Module 1,6_14;733.02;115,17;33,38;3,40;113,63;1,54
11,09.2019 11:44:20;32.9;3.54;310.1;711.3833055549883;297.21;Module 1,6_14;742.42;116,47;33,37;3,45;115,16;1,30
11,09.2019 11:46:13;32.8;3.57;310.1;715.8352862153838;297.5;Module 1,6_14;746.85;117,10;33,37;3,47;115,90;1,20
11,09.2019 11:48:13;32.7;3.58;310.1;716.8951745406506;297.96;Module 1,6_14;747.73;117,07;33,37;3,48;116,07;0,99
11,09.2019 11:50:24;32.6;3.61;311.6;722.1813490921949;298.33;Module 1,6_14;753;117,69;33,09;3,51;116,02;1,66
11,09.2019 11:52:18;32.6;3.64;311.6;729.691010746656;298.71;Module 1,6_14;760.62;118,66;33,09;3,54;117,26;1,41
11,09.2019 11:54:23;32.5;3.66;312.1;734.6966151007749;299.03;Module 1,6_14;765.61;118,95;33,00;3,57;117,76;1,19
11,09.2019 11:56:15;32.4;3.7;312.1;737.2406887086104;299.13;Module 1,6_14;768.06;119,88;33,00;3,58;118,18;1,70
11,09.2019 11:58:08;32.4;3.72;312.1;741.1862902567897;298.98;Module 1,6_14;771.97;120,53;33,00;3,60;118,82;1,71
11,09.2019 12:00:10;32.4;3.73;312.1;744.8095438789379;299.1;Module 1,6_14;775.53;120,85;33,00;3,62;119,41;1,44
11,09.2019 12:02:06;32.3;3.74;312.1;748.6421073921065;299.21;Module 1,6_14;779.32;120,80;33,00;3,64;120,04;0,76
11,09.2019 12:04:02;32.3;3.74;313.6;749.9269735557302;299.39;Module 1,6_14;780.46;120,80;32,73;3,64;119,28;1,52
11,09.2019 12:05:56;32.2;3.76;313.6;750.3890799738882;299.38;Module 1,6_14;780.75;121,07;32,73;3,65;119,36;1,72
11,09.2019 12:07:49;32.3;3.8;314.1;756.5378960249049;299.23;Module 1,6_14;786.96;122,74;32,64;3,68;120,02;2,72
11,09.2019 12:09:51;32.2;3.82;314.1;758.4312954991262;299.22;Module 1,6_14;788.73;123,00;32,63;3,69;120,33;2,67
11,09.2019 12:11:44;32.2;3.82;314.1;766.1465575930442;299.39;Module 1,6_14;796.57;123,00;32,63;3,73;121,57;1,43
11,09.2019 12:13:36;32.2;3.86;315.6;769.9839375110928;299.44;Module 1,6_14;800.38;124,29;32,36;3,75;121,19;3,10
11,09.2019 12:15:37;32.2;3.88;315.6;775.6139893230649;299.63;Module 1,6_14;806.04;124,94;32,36;3,77;122,09;2,85
11,09.2019 12:17:31;32.1;3.89;315.6;780.0779853950851;299.85;Module 1,6_14;810.5;124,87;32,36;3,79;122,80;2,07
11,09.2019 12:20:13;32.2;3.92;315.6;788.3283189802464;299.57;Module 1,6_14;818.82;126,22;32,35;3,84;124,12;2,11
11,09.2019 12:22:12;32.2;3.94;315.6;795.330512344525;299.35;Module 1,6_14;825.91;126,87;32,35;3,87;125,23;1,64
11,09.2019 12:24:26;32.2;3.96;315.6;798.5498974189943;299.27;Module 1,6_14;829.05;127,51;32,34;3,89;125,74;1,77
11,09.2019 12:26:36;32.1;3.99;315.6;803.0716509712854;299.54;Module 1,6_14;833.55;128,08;32,34;3,91;126,46;1,62
11,09.2019 12:28:30;32.2;4.01;315.6;806.1336212539298;299.68;Module 1,6_14;836.56;129,12;32,34;3,93;126,95;2,17
11,09.2019 12:30:37;32.2;4.04;315.6;814.5133762882072;299.81;Module 1,6_14;845.07;130,09;32,34;3,97;128,28;1,81
11,09.2019 12:32:41;32.1;4.06;315.6;817.9245351872562;299.71;Module 1,6_14;848.43;130,33;32,34;3,98;128,82;1,50
11,09.2019 12:34:36;32.2;4.05;315.6;818.2555462576995;299.87;Module 1,6_14;848.61;130,41;32,34;3,99;128,88;1,53
11,09.2019 12:36:29;32.2;4.04;315.6;816.8069077404386;300.11;Module 1,6_14;846.95;130,09;32,34;3,98;128,65;1,44
11,09.2019 12:38:30;32.1;4.04;315.6;818.076284117042;300.34;Module 1,6_14;848.1;129,68;32,34;3,98;128,85;0,84
11,09.2019 12:40:23;32.1;4.06;315.6;818.30072870314;300.59;Module 1,6_14;848.18;130,33;32,34;3,99;128,88;1,44
11,09.2019 12:42:29;32.2;4.08;315.6;825.8731263969987;300.78;Module 1,6_14;855.86;131,38;32,33;4,02;130,08;1,29
11,09.2019 12:44:26;32.1;4.08;315.6;829.1875152115854;300.92;Module 1,6_14;859.14;130,97;32,33;4,04;130,61;0,36
11,09.2019 12:46:21;32.1;4.12;316.1;837.1219046106087;300.51;Module 1,6_14;867.21;132,25;32,23;4,08;131,50;0,75
11,09.2019 12:48:14;32.1;4.13;316.1;841.2019300772125;299.86;Module 1,6_14;871.29;132,57;32,23;4,10;132,15;0,43
11,09.2019 12:50:10;32.1;4.11;316.1;835.6477168343838;299.68;Module 1,6_14;865.39;131,93;32,23;4,07;131,27;0,66
11,09.2019 12:52:02;32.2;4.13;316.6;839.8003456840407;299.4;Module 1,6_14;869.55;132,99;32,14;4,09;131,56;1,43
11,09.2019 12:55:18;32.2;4.15;316.6;840.109820905897;299.46;Module 1,6_14;869.63;133,63;32,14;4,09;131,61;2,02
11,09.2019 12:57:17;32;4.16;317.6;840.953022745841;299.94;Module 1,6_14;870.36;133,12;31,96;4,10;131,01;2,11
11,09.2019 12:59:19;31.9;4.16;317.6;842.1647514282573;300.28;Module 1,6_14;871.47;132,70;31,96;4,10;131,19;1,51
11,09.2019 13:01:21;31.8;4.16;317.6;840.1945455392485;300.57;Module 1,6_14;869.29;132,29;31,96;4,10;130,89;1,40
11,09.2019 13:03:21;31.8;4.19;317.6;846.8902554644746;300.75;Module 1,6_14;876.08;133,24;31,96;4,13;131,93;1,31
11,09.2019 13:05:13;31.7;4.23;318.1;853.4610074715627;300.78;Module 1,6_14;882.75;134,09;31,87;4,16;132,59;1,50
11,09.2019 13:07:06;31.7;4.22;318.1;853.8054969442884;300.28;Module 1,6_14;882.98;133,77;31,87;4,16;132,64;1,13
11,09.2019 13:09:40;31.7;4.25;318.1;856.7347745803523;300.17;Module 1,6_14;885.84;134,72;31,86;4,18;133,10;1,63
11,09.2019 13:11:55;31.7;4.25;318.1;858.5294437716798;300.42;Module 1,6_14;887.55;134,72;31,86;4,19;133,38;1,35
11,09.2019 13:14:20;31.5;4.26;319.7;859.9256993271455;300.92;Module 1,6_14;888.84;134,19;31,57;4,19;132,38;1,81
11,09.2019 13:16:21;31.5;4.28;319.7;862.9790116883569;301.39;Module 1,6_14;891.87;134,82;31,57;4,21;132,85;1,97
11,09.2019 13:18:37;31.5;4.26;319.7;861.6908160069047;301.45;Module 1,6_14;890.4;134,19;31,57;4,20;132,66;1,53
11,09.2019 13:20:39;31.5;4.25;319.7;859.2246311312576;301.41;Module 1,6_14;887.73;133,88;31,57;4,19;132,28;1,60
11,09.2019 13:22:33;31.5;4.34;319.7;873.5721545358921;301.66;Module 1,6_14;902.44;136,71;31,56;4,26;134,49;2,22
11,09.2019 13:24:32;31.5;4.35;319.7;877.6251554898378;301.78;Module 1,6_14;906.51;137,02;31,56;4,28;135,11;1,92
11,09.2019 13:26:48;31.5;4.33;319.7;872.3974695761791;301.75;Module 1,6_14;900.98;136,40;31,56;4,26;134,31;2,09
11,09.2019 13:29:21;31.6;4.35;319.7;881.1262060870692;301.04;Module 1,6_14;909.85;137,46;31,55;4,30;135,65;1,81
11,09.2019 13:31:14;31.6;4.36;319.7;881.1888464340882;300.92;Module 1,6_14;909.81;137,78;31,55;4,30;135,66;2,12
11,09.2019 13:33:09;31.5;4.33;319.7;872.7466774523233;300.73;Module 1,6_14;900.99;136,40;31,56;4,26;134,36;2,04
11,09.2019 13:35:12;31.4;4.31;319.7;876.0199108186343;300.67;Module 1,6_14;904.26;135,33;31,56;4,27;134,86;0,47
11,09.2019 13:37:06;31.5;4.35;319.7;879.9043877316292;300.69;Module 1,6_14;908.17;137,02;31,55;4,29;135,46;1,57
11,09.2019 13:39:58;31.4;4.35;319.7;876.1125277273218;301.23;Module 1,6_14;904.11;136,59;31,56;4,27;134,88;1,71
11,09.2019 13:42:08;31.5;4.38;319.7;886.8389505028453;301.6;Module 1,6_14;915.07;137,97;31,55;4,33;136,53;1,44
11,09.2019 13:44:20;31.5;4.36;319.7;872.7443867096221;301.95;Module 1,6_14;900.42;137,34;31,56;4,26;134,36;2,98
11,09.2019 13:46:04;31.5;4.35;319.7;871.8452667643606;302.25;Module 1,6_14;899.41;137,02;31,56;4,25;134,22;2,80
11,09.2019 13:48:29;31.4;4.33;320.2;873.1854882644133;302.56;Module 1,6_14;900.68;135,96;31,47;4,26;134,04;1,92
11,09.2019 13:50:56;31.4;4.36;320.2;877.8117031188958;302.65;Module 1,6_14;905.34;136,90;31,47;4,28;134,75;2,15
11,09.2019 13:53:13;31.4;4.35;320.2;872.8096827717802;302.67;Module 1,6_14;900.08;136,59;31,47;4,26;133,98;2,61
11,09.2019 13:55:06;31.3;4.36;320.2;874.430741750351;302.74;Module 1,6_14;901.67;136,47;31,47;4,27;134,23;2,24
11,09.2019 13:56:59;31.5;4.32;320.2;875.0806054480546;302.1;Module 1,6_14;902.26;136,08;31,47;4,27;134,33;1,75
11,09.2019 13:59:25;31.6;4.23;320.2;861.2399472538713;301.32;Module 1,6_14;887.89;133,67;31,48;4,20;132,21;1,46
11,09.2019 14:01:22;31.6;4.31;319.7;872.6846004549207;301.57;Module 1,6_14;899.61;136,20;31,56;4,26;134,35;1,85
11,09.2019 14:03:15;31.6;4.28;319.7;866.4314463567157;301.64;Module 1,6_14;893.09;135,25;31,57;4,23;133,39;1,86
11,09.2019 14:05:13;31.6;4.32;319.7;869.4153687339867;301.81;Module 1,6_14;896.09;136,51;31,56;4,24;133,85;2,67
11,09.2019 14:07:19;31.7;4.37;319.7;882.3971897467317;302.32;Module 1,6_14;909.39;138,53;31,55;4,31;135,84;2,69
11,09.2019 14:09:26;31.7;4.32;319.7;875.4769828129755;302.67;Module 1,6_14;902.18;136,94;31,56;4,27;134,78;2,17
11,09.2019 14:11:31;31.7;4.35;319.7;880.7417541797856;302.89;Module 1,6_14;907.53;137,89;31,55;4,30;135,59;2,31
11,09.2019 14:13:47;31.7;4.28;319.7;863.6886503982461;302.9;Module 1,6_14;889.88;135,68;31,57;4,21;132,96;2,71
11,09.2019 14:15:43;31.6;4.32;319.7;870.9052751048391;303.2;Module 1,6_14;897.25;136,51;31,56;4,25;134,08;2,44
11,09.2019 14:17:36;31.5;4.35;319.7;879.8184740510231;303.32;Module 1,6_14;906.37;137,02;31,55;4,29;135,45;1,58
11,09.2019 14:19:31;31.4;4.35;319.7;879.4518232220588;303.19;Module 1,6_14;905.93;136,59;31,55;4,29;135,39;1,20
11,09.2019 14:21:46;31.3;4.33;319.7;872.8607650688768;302.88;Module 1,6_14;899.07;135,53;31,56;4,26;134,38;1,15
11,09.2019 14:23:40;31.3;4.36;319.7;875.7131066577751;303;Module 1,6_14;901.95;136,47;31,56;4,27;134,82;1,65
11,09.2019 14:25:33;31.1;4.37;320.2;881.2145416995014;303.24;Module 1,6_14;907.56;135,91;31,47;4,30;135,27;0,63
11,09.2019 14:27:26;31.1;4.39;320.2;884.4429154334215;303.53;Module 1,6_14;910.83;136,53;31,46;4,32;135,77;0,76
11,09.2019 14:29:56;31.1;4.37;320.2;879.6752124801078;303.81;Module 1,6_14;905.85;135,91;31,47;4,29;135,04;0,87
11,09.2019 14:31:50;31.1;4.39;320.2;884.6197736167835;303.76;Module 1,6_14;910.89;136,53;31,46;4,32;135,79;0,73
11,09.2019 14:34:20;31.4;4.4;321.2;891.452929725257;303.48;Module 1,6_14;917.86;138,16;31,28;4,35;136,05;2,11
11,09.2019 14:36:21;31.5;4.36;321.2;882.2366768214332;303.14;Module 1,6_14;908.32;137,34;31,29;4,30;134,65;2,69
11,09.2019 14:38:14;31.5;4.34;321.2;879.6002460222479;303.1;Module 1,6_14;905.56;136,71;31,29;4,29;134,25;2,46
11,09.2019 14:40:07;31.5;4.35;320.2;880.993261601369;303.03;Module 1,6_14;906.95;137,02;31,47;4,30;135,24;1,79
11,09.2019 14:42:02;31.5;4.33;320.2;877.7713288042717;302.9;Module 1,6_14;903.59;136,40;31,47;4,28;134,74;1,65
11,09.2019 14:44:24;31.5;4.24;320.2;863.9675779459442;303.1;Module 1,6_14;889.33;133,56;31,48;4,21;132,63;0,93
11,09.2019 14:46:32;31.4;4.28;320.2;867.8470710010606;303.39;Module 1,6_14;893.28;134,39;31,48;4,23;133,22;1,17
11,09.2019 14:48:26;31.4;4.28;320.2;869.1848759474107;303.7;Module 1,6_14;894.62;134,39;31,48;4,24;133,43;0,96
11,09.2019 14:50:19;31.5;4.28;320.2;863.9917499433952;303.96;Module 1,6_14;889.24;134,82;31,48;4,21;132,63;2,19
11,09.2019 14:52:47;31.4;4.28;320.2;863.033078096313;303.6;Module 1,6_14;888.21;134,39;31,48;4,21;132,48;1,91
11,09.2019 14:54:49;31.5;4.3;320.2;867.2926694279176;303.21;Module 1,6_14;892.56;135,45;31,48;4,23;133,14;2,31
11,09.2019 14:56:50;31.4;4.28;320.2;864.204292903551;302.85;Module 1,6_14;889.35;134,39;31,48;4,21;132,66;1,73
11,09.2019 14:58:46;31.4;4.26;320.2;866.117333358951;302.66;Module 1,6_14;891.29;133,76;31,48;4,22;132,96;0,81
11,09.2019 15:01:02;31.3;4.27;320.2;867.6250859899578;302.85;Module 1,6_14;892.81;133,65;31,48;4,23;133,19;0,46
11,09.2019 15:02:55;31.5;4.25;320.2;864.9763660108979;302.91;Module 1,6_14;890.06;133,88;31,48;4,22;132,78;1,09
11,09.2019 15:04:58;31.5;4.23;320.2;858.605656845551;302.92;Module 1,6_14;883.48;133,25;31,48;4,19;131,80;1,44
11,09.2019 15:06:54;31.5;4.19;320.2;849.0341185512115;302.67;Module 1,6_14;873.61;131,99;31,49;4,14;130,33;1,65
11,09.2019 15:09:37;31.7;4.22;320.2;856.077369207287;302.5;Module 1,6_14;880.83;133,77;31,48;4,17;131,41;2,36
11,09.2019 15:11:30;31.7;4.19;320.2;854.9176969082307;302.64;Module 1,6_14;879.62;132,82;31,48;4,17;131,24;1,59
11,09.2019 15:13:25;31.8;4.14;320.2;845.1939002908509;302.42;Module 1,6_14;869.6;131,65;31,49;4,12;129,74;1,91
11,09.2019 15:16:01;31.8;4.13;320.2;841.8386908583745;302.16;Module 1,6_14;866.13;131,33;31,49;4,10;129,22;2,11
11,09.2019 15:17:54;31.7;4.11;320.2;838.4766774659041;302.34;Module 1,6_14;862.66;130,29;31,50;4,09;128,70;1,58
11,09.2019 15:19:48;31.7;4.13;320.2;839.0204051895133;302.44;Module 1,6_14;863.21;130,92;31,49;4,09;128,79;2,13
11,09.2019 15:21:58;31.7;4.11;320.2;836.1809056120125;302.53;Module 1,6_14;860.28;130,29;31,50;4,07;128,35;1,94
11,09.2019 15:24:04;31.7;4.11;320.2;836.8965413066094;302.77;Module 1,6_14;861.01;130,29;31,50;4,08;128,46;1,83
11,09.2019 15:26:03;31.6;4.08;319.7;826.2764661986128;302.96;Module 1,6_14;850.08;128,93;31,59;4,03;127,19;1,74
11,09.2019 15:27:56;31.7;4.06;319.7;824.5482457547522;302.99;Module 1,6_14;848.3;128,70;31,59;4,02;126,92;1,78
11,09.2019 15:30:35;31.8;3.95;319.7;811.3872737031381;303.39;Module 1,6_14;834.76;125,61;31,60;3,95;124,88;0,73
11,09.2019 15:32:31;31.9;3.93;319.7;808.1192367122088;303.18;Module 1,6_14;831.4;125,37;31,60;3,94;124,37;1,00
11,09.2019 15:33:29;32;3.93;319.7;810.9849103235459;303.1;Module 1,6_14;834.35;125,76;31,60;3,95;124,82;0,94
11,09.2019 15:35:26;32;3.86;319.7;794.6603705373735;302.82;Module 1,6_14;817.56;123,52;31,61;3,87;122,28;1,24
11,09.2019 15:37:47;32;3.89;319.7;795.7020346399702;302.92;Module 1,6_14;818.64;124,48;31,61;3,87;122,44;2,04
11,09.2019 15:40:22;31.8;3.9;319.7;791.3648488048785;303.42;Module 1,6_14;814.19;124,02;31,62;3,85;121,77;2,25
11,09.2019 15:42:15;31.8;3.79;319.7;770.6126897762375;303.6;Module 1,6_14;792.85;120,52;31,63;3,75;118,54;1,99
11,09.2019 15:44:20;31.9;3.82;319.7;780.5615424279453;303.67;Module 1,6_14;803.1;121,86;31,62;3,80;120,09;1,77
11,09.2019 15:46:23;32.1;3.76;319.7;779.1658973845783;303.69;Module 1,6_14;801.68;120,70;31,62;3,79;119,87;0,83
11,09.2019 15:48:19;32.3;3.8;319.7;788.081089303269;303.39;Module 1,6_14;810.87;122,74;31,62;3,84;121,26;1,48
11,09.2019 15:50:13;32.3;3.85;319.7;789.3262338566802;303.14;Module 1,6_14;812.17;124,35;31,62;3,84;121,45;2,90
11,09.2019 15:52:24;32;3.89;319.7;795.8239424101786;303.11;Module 1,6_14;818.88;124,48;31,61;3,87;122,46;2,02
11,09.2019 15:54:31;31.9;3.79;318.1;771.629675405387;303.1;Module 1,6_14;794.01;120,90;31,91;3,75;119,78;1,13
11,09.2019 15:56:25;31.9;3.84;318.1;784.0833806365362;303.16;Module 1,6_14;806.85;122,50;31,91;3,82;121,73;0,76
11,09.2019 15:58:19;32;3.76;319.7;737.5587713780538;303.31;Module 1,6_14;759;120,32;31,63;3,58;113,37;6,95
11,09.2019 16:00:52;31.9;3.82;319.7;782.133454337254;303.36;Module 1,6_14;804.91;121,86;31,62;3,81;120,33;1,53
11,09.2019 16:02:48;32;3.02;319.7;727.3000753846184;303.34;Module 1,6_14;748.51;96,64;31,64;3,53;111,77;-15,13
11,09.2019 16:04:45;32;3.64;318.1;621.8281018033035;303.14;Module 1,6_14;639.99;116,48;31,94;3,01;96,00;20,48
11,09.2019 16:06:38;32.1;3.76;318.1;758.9385995554713;303.04;Module 1,6_14;781.14;120,70;31,91;3,69;117,78;2,92
11,09.2019 16:08:33;32;3.76;318.1;759.271195200947;303.22;Module 1,6_14;781.52;120,32;31,91;3,69;117,83;2,49
11,09.2019 16:10:29;31.9;3.59;318.1;591.8944301161707;303.68;Module 1,6_14;609.27;114,52;31,93;2,86;91,20;23,32
11,09.2019 16:12:22;32.1;3.02;318.1;739.1318199751986;304.14;Module 1,6_14;760.87;96,94;31,92;3,59;114,65;-17,71
11,09.2019 16:14:22;32.3;3.02;318.1;764.4795759231731;304.14;Module 1,6_14;787.01;97,55;31,91;3,72;118,65;-21,10
11,09.2019 16:16:15;32.2;3.92;318.1;792.8357631692257;304.07;Module 1,6_14;816.25;126,22;31,90;3,86;123,11;3,12
11,09.2019 16:18:09;32.8;2.07;318.1;624.0793818106588;303.17;Module 1,6_14;642.55;67,90;31,94;3,02;96,36;-28,46
11,09.2019 16:20:12;32.4;3.94;318.1;828.9941210262837;302.82;Module 1,6_14;853.59;127,66;31,88;4,04;128,77;-1,11
11,09.2019 16:22:07;32.5;3.73;317.6;651.0762239433183;302.79;Module 1,6_14;670.44;121,22;32,03;3,15;100,95;20,27
11,09.2019 16:24:34;32.6;3.74;317.6;763.5863549608896;303.09;Module 1,6_14;786.37;121,92;32,01;3,71;118,84;3,08
11,09.2019 16:26:28;32.4;3.67;317.6;750.2356391660629;303.49;Module 1,6_14;772.68;118,91;32,01;3,65;116,73;2,18
11,09.2019 16:28:21;32.3;3.63;317.6;680.972259095125;303.88;Module 1,6_14;701.4;117,25;32,03;3,30;105,73;11,52
11,09.2019 16:30:44;32.6;3.35;317.6;621.2855364753659;304.06;Module 1,6_14;639.99;109,21;32,02;3,00;96,18;13,03
11,09.2019 16:32:36;32;2.14;317.6;593.8973820194441;304;Module 1,6_14;611.83;68,48;32,02;2,87;91,78;-23,30
11,09.2019 16:39:42;33.2;3.54;317.6;721.70032908283;302.15;Module 1,6_14;743.76;117,53;32,02;3,50;112,21;5,32
11,09.2019 16:41:34;33;2.86;315.6;691.0628641185203;302.21;Module 1,6_14;712.26;94,38;32,39;3,35;108,53;-14,15
11,09.2019 16:43:27;32.9;3.34;315.6;678.63791814749;302.31;Module 1,6_14;699.53;109,89;32,39;3,29;106,53;3,36
11,09.2019 16:56:43;34.6;1.64;311.6;302.9944334044488;299.32;Module 1,6_14;312.6;56,74;32,61;1,41;45,99;10,75
11,09.2019 16:58:37;34;3.44;311.6;709.3935194873726;299.89;Module 1,6_14;731.99;116,96;33,10;3,44;113,92;3,04
11,09.2019 17:11:28;34.2;2.56;309.6;622.0077887450842;299.73;Module 1,6_14;642.55;87,55;33,47;3,00;100,55;-12,99
11,09.2019 17:21:27;33.9;1.63;308.1;388.6402220402125;299.03;Module 1,6_14;401.91;55,26;33,50;1,84;61,54;-6,28
11,09.2019 17:26:03;34.1;2.5;308.1;512.1234181401635;299.24;Module 1,6_14;529.91;85,25;33,69;2,45;82,67;2,58
11,09.2019 17:27:56;34;2.05;307.6;422.95268379100116;299.58;Module 1,6_14;437.75;69,70;33,66;2,01;67,60;2,10
11,09.2019 17:29:49;33.9;2.21;307.6;459.9375345941113;299.93;Module 1,6_14;476.15;74,92;33,72;2,19;73,95;0,97
11,09.2019 17:31:42;33.8;2.15;307.6;440.03895311142986;300.25;Module 1,6_14;455.67;72,67;33,69;2,09;70,53;2,14
11,09.2019 17:34:08;33.5;1.71;308.1;328.6743987917127;300.6;Module 1,6_14;340.47;57,28;33,34;1,54;51,24;6,05
11,09.2019 17:36:29;33.7;2.14;308.1;439.7263486022565;300.75;Module 1,6_14;455.67;72,12;33,60;2,09;70,30;1,82
11,09.2019 17:40:46;33.8;1.91;308.1;306.5648984768229;300.62;Module 1,6_14;317.9;64,56;33,26;1,43;47,44;17,12
11,09.2019 17:44:46;32.4;1.44;308.1;325.6345129708227;300.27;Module 1,6_14;337.91;46,66;33,33;1,52;50,72;-4,06
11,09.2019 17:46:39;33.6;2.12;308.1;434.0322055849472;300.21;Module 1,6_14;450.55;71,23;33,59;2,06;69,32;1,91
11,09.2019 17:48:34;34.1;2.08;308.1;448.6651637813609;300.4;Module 1,6_14;465.91;70,93;33,61;2,14;71,83;-0,90
11,09.2019 17:50:41;34;2.17;308.1;455.86981149201364;300.62;Module 1,6_14;473.59;73,78;33,63;2,17;73,06;0,72
11,09.2019 17:52:35;34;1.67;308.1;344.84540626059646;300.49;Module 1,6_14;358.39;56,78;33,39;1,62;54,02;2,76
11,09.2019 17:54:30;33.7;1.49;308.1;327.4686898815856;300.43;Module 1,6_14;340.47;50,21;33,34;1,53;51,03;-0,82
11,09.2019 17:56:27;34;2.01;308.1;423.31325286845197;300.37;Module 1,6_14;440.31;68,34;33,57;2,01;67,49;0,85
11,09.2019 18:00:17;33.6;1.68;308.1;376.2125095001648;300.11;Module 1,6_14;391.67;56,45;33,48;1,77;59,40;-2,96
11,09.2019 18:02:11;34.1;1.8;307.6;380.95076632955517;300.28;Module 1,6_14;396.79;61,38;33,58;1,80;60,37;1,01
11,09.2019 18:04:06;34;1.57;307.6;361.1097553030556;300.35;Module 1,6_14;376.31;53,38;33,52;1,70;56,96;-3,58
11,09.2019 18:06:02;33.6;1.78;307.6;378.1098158523059;300.42;Module 1,6_14;394.23;59,81;33,57;1,78;59,88;-0,07
11,09.2019 18:07:55;34;1.75;307.6;370.54915754207184;300.44;Module 1,6_14;386.55;59,50;33,55;1,75;58,58;0,92
11,09.2019 18:16:21;33.8;1.64;305.1;349.9966980234715;298.99;Module 1,6_14;366.07;55,43;33,95;1,64;55,74;-0,31
11,09.2019 18:18:13;34.2;1.48;305.1;317.9715369907192;299.1;Module 1,6_14;332.79;50,62;33,84;1,48;50,15;0,46
11,09.2019 18:20:14;34.2;1.57;305.1;337.29257709881426;299.17;Module 1,6_14;353.27;53,69;33,91;1,58;53,52;0,17
11,09.2019 18:22:22;34.2;1.5;305.1;322.3654864610538;299.25;Module 1,6_14;337.91;51,30;33,86;1,50;50,92;0,38
11,09.2019 18:25:06;34.1;1.4;305.1;296.4243528063295;299.3;Module 1,6_14;311.06;47,74;33,77;1,37;46,39;1,35
12,09.2019 09:38:57;35.2;2.17;294;434.0641394089889;290.79;Module 1,6_14;473.59;76,38;36,11;2,06;74,24;2,15
12,09.2019 10:18:10;33.7;2.21;301.5;306.32849736771175;294.66;Module 1,6_14;327.04;74,48;34,45;1,42;48,97;25,50
12,09.2019 11:25:25;33.6;1.46;302;286.85942749651844;295.11;Module 1,6_14;300.58;49,06;34,29;1,32;45,41;3,65
12,09.2019 11:27:18;33.8;1.96;302;476.57109061130603;295.25;Module 1,6_14;499.19;66,25;34,74;2,27;78,98;-12,73
12,09.2019 11:29:13;33.7;1.5;302;300.25964176452976;295.3;Module 1,6_14;314.4;50,55;34,34;1,39;47,78;2,77
12,09.2019 11:31:17;33.9;1.64;302;320.38644103066406;295.4;Module 1,6_14;335.35;55,60;34,41;1,49;51,35;4,25
12,09.2019 11:33:11;33.9;2.74;302;499.09496959022783;295.61;Module 1,6_14;522.23;92,89;34,77;2,39;82,95;9,93
12,09.2019 11:35:17;33.7;1.94;303.5;396.48220752966336;296.04;Module 1,6_14;414.71;65,38;34,35;1,87;64,35;1,03
12,09.2019 11:37:16;34.8;3.44;303.5;927.438577504604;296.5;Module 1,6_14;969.75;119,71;34,40;4,53;155,74;-36,02
12,09.2019 11:39:09;33.6;3.4;303.5;849.2540998877013;296.94;Module 1,6_14;887.72;114,24;34,46;4,14;142,60;-28,36
12,09.2019 11:40:54;33.5;2;303.5;414.0023030602841;297.24;Module 1,6_14;432.63;67,00;34,38;1,96;67,43;-0,43
12,09.2019 11:42:50;33.5;2.57;304;541.559088975201;297.28;Module 1,6_14;565.75;86,09;34,44;2,60;89,53;-3,43
12,09.2019 11:44:43;33.8;3.01;304;669.6554600783458;297.23;Module 1,6_14;699.36;101,74;34,46;3,24;111,67;-9,94
12,09.2019 11:46:36;34.6;3.53;304;744.84769912662;297.32;Module 1,6_14;777.66;122,14;34,44;3,62;124,54;-2,41
12,09.2019 11:48:29;33.6;2.89;305.1;595.9939852039486;297.63;Module 1,6_14;622.07;97,10;34,27;2,87;98,43;-1,32
12,09.2019 11:50:47;34.2;3.16;305.1;768.7135168435117;297.8;Module 1,6_14;802.07;108,07;34,23;3,74;127,90;-19,82
12,09.2019 11:52:40;33.7;4;305.1;877.6594727406408;298.07;Module 1,6_14;915.49;134,80;34,16;4,28;146,20;-11,40
12,09.2019 11:54:32;34;2.9;305.1;789.5494169281483;298.39;Module 1,6_14;823.36;98,60;34,23;3,84;131,41;-32,81
12,09.2019 11:56:25;33.4;4.1;307.6;831.8020358926467;298.75;Module 1,6_14;867.19;136,94;33,75;4,05;136,76;0,18
12,09.2019 11:58:23;33;3.21;307.6;628.7792990547462;299.36;Module 1,6_14;655.35;105,93;33,83;3,04;102,74;3,19
12,09.2019 12:00:16;32.9;4.16;307.6;842.6965542890432;299.88;Module 1,6_14;878.08;136,86;33,74;4,11;138,56;-1,69
12,09.2019 12:02:09;32.6;4.38;309.6;879.8398277752153;300.31;Module 1,6_14;916.55;142,79;33,36;4,29;143,18;-0,39
12,09.2019 12:04:05;32.3;3.83;309.6;813.0054975982986;301.04;Module 1,6_14;846.71;123,71;33,41;3,96;132,25;-8,54
12,09.2019 12:06:43;32;2.85;311.6;572.9226608671928;301.6;Module 1,6_14;596.47;91,20;33,09;2,76;91,33;-0,13
12,09.2019 12:08:37;32.2;2.96;311.6;587.8184972692902;301.49;Module 1,6_14;611.83;95,31;33,10;2,83;93,81;1,50
12,09.2019 12:10:31;32.4;2.82;312.1;560.8970917011055;301.17;Module 1,6_14;583.67;91,37;33,00;2,70;89,09;2,28
12,09.2019 12:12:24;32.4;3.41;312.1;649.8138256370103;300.96;Module 1,6_14;676.04;110,48;33,02;3,14;103,82;6,66
12,09.2019 12:14:27;32.1;2.09;312.1;415.9498394598718;300.72;Module 1,6_14;432.63;67,09;32,84;1,98;64,86;2,23
12,09.2019 12:16:20;32.4;1.9;313.6;376.6534582716466;300.32;Module 1,6_14;391.67;61,56;32,48;1,78;57,79;3,77
12,09.2019 12:18:24;32.7;1.87;313.6;371.8196158703479;299.89;Module 1,6_14;386.55;61,15;32,46;1,76;56,99;4,16
12,09.2019 12:24:38;33.3;2.06;311.6;416.43637033941934;298.48;Module 1,6_14;432.63;68,60;32,93;1,98;65,11;3,49
12,09.2019 12:26:52;33.3;2.28;311.6;470.7625817254092;298.39;Module 1,6_14;488.95;75,92;33,01;2,25;74,24;1,68
12,09.2019 12:28:58;33.3;2.2;311.6;433.88816640833215;298.39;Module 1,6_14;450.55;73,26;32,95;2,06;68,05;5,21
12,09.2019 12:30:55;33.2;1.89;311.6;392.05774518613373;298.39;Module 1,6_14;407.03;62,75;32,88;1,86;61,01;1,74
12,09.2019 12:32:52;33.5;2.38;311.6;483.3907357465147;298.37;Module 1,6_14;501.75;79,73;33,02;2,31;76,36;3,37
12,09.2019 12:34:47;33.5;1.64;309.6;347.81026796453807;298.26;Module 1,6_14;360.95;54,94;33,13;1,63;54,11;0,83
12,09.2019 12:36:48;33.5;1.76;309.6;377.48785418751754;298.16;Module 1,6_14;391.67;58,96;33,20;1,78;59,16;-0,20
12,09.2019 12:38:53;33.7;1.78;309.6;362.7580528469509;298.32;Module 1,6_14;376.31;59,99;33,17;1,71;56,66;3,33
12,09.2019 12:40:46;33.6;1.67;309.6;350.48257152743287;298.23;Module 1,6_14;363.51;56,11;33,13;1,65;54,56;1,55
12,09.2019 12:42:29;34.1;2.96;309.6;572.718731108352;298.33;Module 1,6_14;593.91;100,94;33,45;2,76;92,26;8,67
12,09.2019 12:44:22;33.8;4.27;309.6;892.4413094630648;299.32;Module 1,6_14;925.3;144,33;33,35;4,35;145,23;-0,90
12,09.2019 12:46:15;33.4;2.25;309.6;444.5035869922366;300.27;Module 1,6_14;460.79;75,15;33,34;2,12;70,57;4,58
12,09.2019 12:48:08;32.6;2.96;309.6;565.6062151446808;300.6;Module 1,6_14;586.23;96,50;33,45;2,72;91,07;5,43
12,09.2019 12:50:00;32.2;1.87;309.6;377.9536275909545;300.59;Module 1,6_14;391.67;60,21;33,20;1,78;59,24;0,97
12,09.2019 12:51:53;32.4;1.86;309.6;382.9574096194517;300.59;Module 1,6_14;396.79;60,26;33,22;1,81;60,10;0,17
12,09.2019 12:53:47;32.6;1.88;311.6;373.13539067858704;300.6;Module 1,6_14;386.55;61,29;32,83;1,76;57,82;3,47
12,09.2019 12:55:44;32.6;1.9;311.6;390.49793836723336;300.35;Module 1,6_14;404.47;61,94;32,88;1,85;60,74;1,20
12,09.2019 12:57:38;32.8;1.93;311.6;395.5036006990802;299.91;Module 1,6_14;409.59;63,30;32,88;1,87;61,59;1,72
12,09.2019 12:59:33;32.9;1.97;311.6;417.816755237919;299.43;Module 1,6_14;432.63;64,81;32,93;1,98;65,34;-0,53
12,09.2019 13:01:25;33.4;2.18;311.6;420.35225744396394;299.17;Module 1,6_14;435.19;72,81;32,93;2,00;65,77;7,04
12,09.2019 13:03:21;32.9;2.15;311.6;425.36278780771715;298.89;Module 1,6_14;440.31;70,73;32,95;2,02;66,61;4,12
12,09.2019 13:05:13;32.7;1.72;311.6;333.90676811679805;298.87;Module 1,6_14;345.59;56,24;32,72;1,56;51,20;5,04
12,09.2019 13:32:09;33.3;1.64;305.1;324.61143615747807;297.28;Module 1,6_14;335.35;54,61;33,87;1,52;51,31;3,30
12,09.2019 13:34:03;33.5;1.67;305.1;329.60488624852167;297.42;Module 1,6_14;340.47;55,95;33,88;1,54;52,18;3,76
12,09.2019 13:35:56;33.3;1.52;305.1;299.64661227221234;297.51;Module 1,6_14;309.49;50,62;33,78;1,39;46,96;3,66
12,09.2019 13:37:49;33.3;1.56;305.1;305.29523613899084;297.63;Module 1,6_14;315.29;51,95;33,80;1,42;47,94;4,01
12,09.2019 14:12:25;33.3;1.52;305.1;307.39928209789434;298.08;Module 1,6_14;316.94;50,62;33,80;1,43;48,31;2,31
12,09.2019 14:14:18;33.4;1.7;305.1;335.2109114088297;297.97;Module 1,6_14;345.59;56,78;33,91;1,57;53,16;3,62
12,09.2019 14:16:19;33.6;2.04;305.1;404.7684637485967;298.09;Module 1,6_14;417.27;68,54;34,08;1,92;65,29;3,26
12,09.2019 14:18:13;33.9;2.93;305.1;553.8045971510417;298.46;Module 1,6_14;570.87;99,33;34,25;2,66;91,15;8,17
12,09.2019 14:20:14;33.8;3.41;305.1;481.8180688928844;299.13;Module 1,6_14;496.63;115,26;34,20;2,30;78,69;36,57
12,09.2019 14:22:06;33.7;2.61;305.1;536.4925665652933;299.67;Module 1,6_14;552.95;87,96;34,24;2,57;88,16;-0,20
12,09.2019 14:23:59;33.2;5.08;307.6;1249.4233448438088;300.11;Module 1,6_14;1287.67;168,66;33,27;6,13;204,00;-35,35
12,09.2019 14:25:52;34.2;5.26;307.6;1249.4993547216845;300.88;Module 1,6_14;1287.67;179,89;33,27;6,13;204,01;-24,12
12,09.2019 14:27:44;30.7;2.05;307.6;407.4087502503903;301.84;Module 1,6_14;419.83;62,93;33,63;1,93;64,92;-1,99
12,09.2019 14:29:37;32.6;2.78;309.6;442.21371207498805;301.7;Module 1,6_14;455.67;90,63;33,33;2,11;70,18;20,45
12,09.2019 14:31:31;31.9;2.18;309.6;437.2693996845205;301.58;Module 1,6_14;450.55;69,54;33,33;2,08;69,34;0,20
12,09.2019 14:33:22;32.1;5.11;311.6;964.0428575209588;301.53;Module 1,6_14;993.27;164,03;32,93;4,71;155,15;8,88
12,09.2019 14:35:27;32.2;3.26;311.6;676.7236176682657;301.73;Module 1,6_14;697.2;104,97;33,11;3,28;108,54;-3,57
12,09.2019 14:37:39;31.6;1.69;311.6;335.45975586357537;301.75;Module 1,6_14;345.59;53,40;32,73;1,57;51,47;1,94
12,09.2019 14:47:12;32.4;4.06;309.6;834.0367607119872;299.55;Module 1,6_14;859.03;131,54;33,40;4,06;135,70;-4,16
12,09.2019 14:49:05;35.1;4.56;309.6;1103.6029778502086;300.06;Module 1,6_14;1136.63;160,06;33,13;5,41;179,07;-19,01
12,09.2019 14:51:11;32.1;1.71;309.6;343.01918774295956;300.8;Module 1,6_14;353.27;54,89;33,11;1,61;53,29;1,60
12,09.2019 14:53:05;32.4;2.08;309.6;417.60545614688715;301.03;Module 1,6_14;430.07;67,39;33,29;1,98;65,99;1,40
12,09.2019 14:54:59;32.8;2.19;309.6;439.9924442670713;301.31;Module 1,6_14;453.11;71,83;33,33;2,09;69,80;2,03
12,09.2019 14:56:53;32.4;1.99;311.6;459.89410735601325;301.32;Module 1,6_14;473.59;64,48;32,99;2,20;72,42;-7,94
12,09.2019 15:02:57;33.9;3.84;311.6;559.3823036108727;300.89;Module 1,6_14;575.99;130,18;33,09;2,69;89,08;41,10
12,09.2019 15:04:50;32.4;1.53;311.6;293.7265777585062;300.82;Module 1,6_14;302.44;49,57;32,57;1,36;44,43;5,14
12,09.2019 15:18:47;33.9;1.84;308.1;417.7276532403297;299.81;Module 1,6_14;430.07;62,38;33,56;1,98;66,53;-4,15
12,09.2019 15:20:40;34.8;3.67;308.1;755.8044297776779;300.21;Module 1,6_14;778.13;127,72;33,71;3,67;123,79;3,92
12,09.2019 15:22:37;33.2;5.29;308.1;1071.6993444376485;301.33;Module 1,6_14;1103.35;175,63;33,43;5,25;175,41;0,22
12,09.2019 15:24:30;31.9;1.64;308.1;340.6506569443761;301.62;Module 1,6_14;350.71;52,32;33,38;1,60;53,30;-0,98
12,09.2019 15:26:24;32.2;2.97;309.6;786.1073969999604;301.32;Module 1,6_14;809.32;95,63;33,43;3,82;127,83;-32,19
12,09.2019 15:28:16;33.5;4.96;309.6;1009.5389057333264;301.81;Module 1,6_14;1039.35;166,16;33,23;4,94;164,12;2,04
12,09.2019 15:30:10;32.4;4.81;309.6;989.6433796685578;302.78;Module 1,6_14;1018.87;155,84;33,26;4,84;160,93;-5,09
12,09.2019 15:32:03;32.1;4.57;311.6;939.5576340189845;303.65;Module 1,6_14;967.31;146,70;32,95;4,59;151,24;-4,55
12,09.2019 15:34:00;31.9;4.65;311.6;952.3232175925168;304.44;Module 1,6_14;980.46;148,34;32,94;4,65;153,28;-4,95
12,09.2019 15:49:22;32.2;1.25;312.1;556.8945199461739;300.6;Module 1,6_14;573.43;40,25;32,99;2,68;88,42;-48,17
12,09.2019 16:45:03;33.3;1.57;305.1;307.66052746666355;299.15;Module 1,6_14;317.45;52,28;33,80;1,43;48,35;3,93
12,09.2019 16:46:56;34.1;1.63;305.1;342.3333031659824;299.63;Module 1,6_14;353.27;55,58;33,92;1,60;54,40;1,18
12,09.2019 16:54:29;33.3;3.68;305.1;760.5925219494709;299.8;Module 1,6_14;785.32;122,54;34,24;3,69;126,52;-3,98
12,09.2019 17:43:06;33.8;2.32;304;483.0397208911658;297.85;Module 1,6_14;501.75;78,42;34,39;2,31;79,34;-0,92
12,09.2019 17:47:02;33;2;304;559.0168620512459;298.76;Module 1,6_14;581.11;66,00;34,45;2,69;92,56;-26,56
12,09.2019 17:57:07;34.6;1.7;305.1;336.6281621390591;298.53;Module 1,6_14;350.71;58,82;33,91;1,58;53,41;5,41
12,09.2019 17:59:01;34.1;2.61;305.1;547.6911661259282;299;Module 1,6_14;570.87;89,00;34,25;2,63;90,10;-1,10
12,09.2019 18:00:57;34.3;2.58;305.1;530.2357250068137;299.82;Module 1,6_14;552.95;88,49;34,23;2,54;87,08;1,41
12,09.2019 18:04:48;34;2.27;305.1;340.85603265622274;300.03;Module 1,6_14;355.83;77,18;33,92;1,60;54,14;23,04
12,09.2019 18:06:45;33.9;2.41;305.1;502.42319093114094;300.62;Module 1,6_14;524.79;81,70;34,21;2,40;82,26;-0,56
12,09.2019 18:08:38;33.8;2.31;305.1;465.39665724349175;301.13;Module 1,6_14;486.39;78,08;34,17;2,22;75,84;2,24
12,09.2019 18:10:30;33.7;2.26;305.1;474.91783844626855;301.14;Module 1,6_14;496.63;76,16;34,19;2,27;77,49;-1,33
12,09.2019 18:18:05;32.8;1.83;307.6;344.2652446479241;299.78;Module 1,6_14;360.95;60,02;33,48;1,61;54,05;5,97
12,09.2019 18:21:54;34.1;1.84;307.6;390.07235521025916;299.83;Module 1,6_14;409.59;62,74;33,59;1,84;61,94;0,80
12,09.2019 18:23:47;34.1;1.84;307.6;389.76482178829133;300.03;Module 1,6_14;409.59;62,74;33,59;1,84;61,89;0,86
12,09.2019 18:25:39;34;1.89;307.6;391.8806559187649;300.49;Module 1,6_14;412.15;64,26;33,60;1,85;62,25;2,01
12,09.2019 18:27:32;34;1.87;307.6;393.9750507168395;300.85;Module 1,6_14;414.71;63,58;33,60;1,86;62,61;0,97
12,09.2019 18:29:25;33.9;1.8;307.6;376.61111066312884;301.14;Module 1,6_14;396.79;61,02;33,56;1,78;59,62;1,40
12,09.2019 18:33:23;33.4;1.64;307.6;344.31907326868713;301.26;Module 1,6_14;363.51;54,78;33,48;1,61;54,06;0,71
12,09.2019 18:35:26;33.8;1.42;307.6;305.1638798788646;301.45;Module 1,6_14;322.54;48,00;33,34;1,42;47,32;0,67
13,09.2019 11:03:32;33.6;1.61;301.5;398.464843582905;294.62;Module 1,6_14;419.83;54,10;34,71;1,88;65,34;-11,24
13,09.2019 11:07:18;33.6;1.69;301.5;556.8898182859481;294.92;Module 1,6_14;586.23;56,78;34,89;2,68;93,34;-36,55
13,09.2019 11:09:14;33.6;1.67;301.5;347.9020038312486;295.14;Module 1,6_14;366.07;56,11;34,59;1,63;56,36;-0,25
13,09.2019 11:11:07;34.5;3;302;651.4203812417184;295.69;Module 1,6_14;685.15;103,50;34,82;3,15;109,62;-6,12
13,09.2019 11:13:15;32.9;1.63;302;328.7302857642771;296.26;Module 1,6_14;345.59;53,63;34,45;1,53;52,82;0,80
13,09.2019 11:15:13;33;1.67;303.5;306.8199639926038;296.39;Module 1,6_14;322.42;55,11;34,09;1,43;48,59;6,52
13,09.2019 11:17:06;33.5;3.79;303.5;905.2687325241923;296.5;Module 1,6_14;950.92;126,97;34,41;4,42;152,02;-25,06
13,09.2019 11:21:16;33.4;2.32;304;470.7505337048166;296.79;Module 1,6_14;494.07;77,49;34,38;2,25;77,19;0,30
13,09.2019 11:23:09;33.9;2.8;304;563.6488428763668;297.39;Module 1,6_14;591.35;94,92;34,45;2,71;93,37;1,55
13,09.2019 11:25:04;32.9;1.96;305.1;397.87131761725755;297.95;Module 1,6_14;417.27;64,48;34,06;1,88;64,09;0,40
13,09.2019 11:27:04;32.5;1.54;305.1;307.15674767556516;298;Module 1,6_14;322.01;50,05;33,80;1,43;48,26;1,79
13,09.2019 11:28:57;33.6;2.19;307.6;400.605414173829;297.86;Module 1,6_14;419.83;73,58;33,62;1,90;63,75;9,83
13,09.2019 11:30:50;33.7;2.09;307.6;552.247932428714;297.97;Module 1,6_14;578.55;70,43;33,80;2,65;89,74;-19,30
13,09.2019 11:32:46;32.6;2.75;307.6;520.6619110511157;298.25;Module 1,6_14;545.27;89,65;33,78;2,50;84,35;5,30
13,09.2019 11:34:43;32.9;1.7;307.6;334.9976995477459;298.27;Module 1,6_14;350.71;55,93;33,45;1,57;52,46;3,47
13,09.2019 11:36:36;32.8;1.79;307.6;391.3674883934916;298.22;Module 1,6_14;409.59;58,71;33,60;1,85;62,16;-3,45
13,09.2019 11:38:29;33.2;1.76;308.1;347.4489139059395;298.25;Module 1,6_14;363.51;58,43;33,40;1,63;54,46;3,97
13,09.2019 11:40:23;33.1;2.09;308.1;374.4836213402549;298.26;Module 1,6_14;391.67;69,18;33,47;1,77;59,11;10,07
13,09.2019 11:42:15;33.4;1.75;308.1;347.6658185665044;298.26;Module 1,6_14;363.51;58,45;33,40;1,63;54,50;3,95
13,09.2019 11:44:09;33.3;1.87;308.1;360.0182363141659;298.14;Module 1,6_14;376.31;62,27;33,43;1,69;56,62;5,65
13,09.2019 11:46:02;34.2;2.03;308.1;428.7229038260503;298.26;Module 1,6_14;447.99;69,43;33,58;2,04;68,41;1,01
13,09.2019 11:47:56;33.8;3.73;309.6;655.896317767401;298.57;Module 1,6_14;685.17;126,07;33,47;3,17;106,22;19,86
13,09.2019 11:49:51;33;2.19;309.6;404.46209113176803;298.82;Module 1,6_14;422.39;72,27;33,27;1,92;63,76;8,51
13,09.2019 11:51:47;33;2.63;309.6;831.0840813450594;298.89;Module 1,6_14;867.67;86,79;33,40;4,05;135,22;-48,43
13,09.2019 11:53:42;32.7;1.66;309.6;336.0171448965418;299.3;Module 1,6_14;350.71;54,28;33,09;1,57;52,10;2,18
13,09.2019 11:55:37;32.8;2.01;309.6;640.249911250141;299.19;Module 1,6_14;668.06;65,93;33,47;3,10;103,60;-37,67
13,09.2019 11:57:30;33;2.33;309.6;444.1808777150702;298.9;Module 1,6_14;463.35;76,89;33,34;2,12;70,51;6,38
13,09.2019 11:59:23;34.3;1.85;309.6;380.47494727905547;299.21;Module 1,6_14;396.79;63,45;33,21;1,80;59,67;3,78
13,09.2019 12:01:16;32.6;1.66;309.6;341.2876937481191;299.14;Module 1,6_14;355.83;54,12;33,11;1,60;53,00;1,12
13,09.2019 12:03:45;32.8;2.1;309.6;779.6229084422642;299.35;Module 1,6_14;812.57;68,88;33,43;3,79;126,76;-57,88
13,09.2019 12:05:37;32.9;1.84;309.6;363.5979763018149;299.65;Module 1,6_14;378.87;60,54;33,17;1,71;56,80;3,74
13,09.2019 12:07:32;32.9;2.09;310.1;437.41143874438137;299.65;Module 1,6_14;455.67;68,76;33,23;2,08;69,18;-0,42
13,09.2019 12:09:31;33;3.08;310.1;594.8374722384209;299.92;Module 1,6_14;619.51;101,64;33,37;2,87;95,73;5,91
13,09.2019 12:11:23;33.2;2.38;311.6;462.211598734395;300.32;Module 1,6_14;481.27;79,02;33,00;2,21;72,81;6,21
13,09.2019 12:13:19;32.6;2.14;311.6;425.434045536744;300.64;Module 1,6_14;442.87;69,76;32,95;2,02;66,63;3,14
13,09.2019 12:15:13;33.9;1.81;311.6;346.81945270798906;300.96;Module 1,6_14;360.95;61,36;32,76;1,63;53,38;7,98
13,09.2019 12:19:00;32.5;2.48;311.6;383.88851440795344;301.1;Module 1,6_14;399.35;80,60;32,86;1,81;59,63;20,97
13,09.2019 12:21:16;31.9;3.06;312.1;896.3046913254793;300.42;Module 1,6_14;932.16;97,61;32,91;4,37;143,93;-46,31
13,09.2019 12:23:09;32.1;2.06;312.1;416.077919559352;300.07;Module 1,6_14;432.63;66,13;32,84;1,98;64,88;1,25
13,09.2019 12:25:03;32.3;1.87;312.1;386.61523610801027;299.64;Module 1,6_14;401.91;60,40;32,77;1,83;59,93;0,47
13,09.2019 12:26:55;32.7;1.64;312.1;330.04357182814095;299.52;Module 1,6_14;343.03;53,63;32,62;1,55;50,42;3,21
13,09.2019 12:28:50;32.8;4.22;312.1;942.2282816944229;299.47;Module 1,6_14;979.1;138,42;32,86;4,60;151,26;-12,85
13,09.2019 12:30:45;32.5;1.64;311.6;322.7868366690902;299.4;Module 1,6_14;335.35;53,30;32,68;1,51;49,33;3,97
13,09.2019 12:32:38;32.7;1.53;311.6;305.93525133292894;299.36;Module 1,6_14;317.78;50,03;32,62;1,43;46,49;3,54
13,09.2019 12:36:34;32.9;1.81;311.6;396.946778577343;299.14;Module 1,6_14;412.15;59,55;32,89;1,88;61,83;-2,28
13,09.2019 12:38:36;34.3;2.5;311.6;584.4478685810825;299.53;Module 1,6_14;606.71;85,75;33,10;2,82;93,25;-7,50
13,09.2019 12:40:29;33.3;1.87;311.6;350.23601135522347;299.68;Module 1,6_14;363.51;62,27;32,77;1,65;53,96;8,31
13,09.2019 12:42:24;32.7;1.72;311.6;347.8334712938396;299.73;Module 1,6_14;360.95;56,24;32,77;1,63;53,55;2,69
13,09.2019 12:44:18;33.1;2.36;310.1;491.0059210720234;299.59;Module 1,6_14;509.43;78,12;33,30;2,35;78,25;-0,14
13,09.2019 12:46:11;33.2;1.55;310.1;340.55315794148856;299.5;Module 1,6_14;353.27;51,46;33,02;1,60;52,74;-1,28
13,09.2019 12:48:05;34.4;4.06;311.6;733.5403612523857;299.42;Module 1,6_14;760.8;139,66;33,09;3,56;117,89;21,78
13,09.2019 12:50:05;33.3;2.3;311.6;461.64059567147507;300.14;Module 1,6_14;478.71;76,59;33,00;2,20;72,71;3,88
13,09.2019 12:51:58;32.8;2.61;311.6;548.1368317375235;300.07;Module 1,6_14;568.31;85,61;33,08;2,64;87,20;-1,59
13,09.2019 12:53:54;32.8;2.14;311.6;427.22123301405935;300.28;Module 1,6_14;442.87;70,19;32,95;2,03;66,93;3,27
13,09.2019 12:55:47;33.6;2.03;311.6;531.0273802126999;300.78;Module 1,6_14;550.39;68,21;33,07;2,55;84,34;-16,13
13,09.2019 12:57:47;32;1.68;311.6;323.60674773273223;300.79;Module 1,6_14;335.35;53,76;32,69;1,51;49,47;4,29
13,09.2019 12:59:43;32.2;1.82;311.6;363.19030890591944;300.59;Module 1,6_14;376.31;58,60;32,80;1,71;56,14;2,46
13,09.2019 13:01:41;32.4;1.58;311.6;304.34621740970465;300.21;Module 1,6_14;315.29;51,19;32,62;1,42;46,22;4,97
13,09.2019 13:20:42;33.7;1.53;305.1;301.4871413270888;297.71;Module 1,6_14;311.89;51,56;33,78;1,40;47,28;4,29
13,09.2019 13:22:37;33.2;4;305.1;512.3009816033732;297.81;Module 1,6_14;529.91;132,80;34,22;2,45;83,97;48,83
13,09.2019 13:32:13;35.5;4.87;305.1;950.6713870117684;297.82;Module 1,6_14;982.75;172,88;34,09;4,64;158,32;14,56
13,09.2019 13:34:09;33.4;4.92;305.1;988.2032643040211;298.88;Module 1,6_14;1021.43;164,33;34,05;4,83;164,51;-0,18
13,09.2019 13:36:02;32.9;4.83;307.6;990.7896765260533;299.71;Module 1,6_14;1023.99;158,91;33,61;4,84;162,82;-3,91
13,09.2019 13:37:55;32.2;4.45;307.6;985.9427858335367;300.25;Module 1,6_14;1018.87;143,29;33,62;4,82;162,03;-18,74
13,09.2019 13:39:54;32.3;5.01;307.6;1025.6941256834464;300.68;Module 1,6_14;1059.83;161,82;33,57;5,02;168,47;-6,64
13,09.2019 13:41:47;31.6;3.16;309.6;638.9250352444041;301.14;Module 1,6_14;660.12;99,86;33,47;3,09;103,38;-3,52
13,09.2019 13:43:40;33;3.78;309.6;1097.7699870394943;301.56;Module 1,6_14;1134.07;124,74;33,13;5,38;178,15;-53,41
13,09.2019 13:45:32;31.1;1.94;312.1;403.9539649508165;302.18;Module 1,6_14;417.27;60,33;32,81;1,92;62,84;-2,51
13,09.2019 13:47:25;33.5;5.53;312.1;1040.980697271015;302.34;Module 1,6_14;1075.19;185,25;32,76;5,09;166,88;18,37
13,09.2019 13:55:29;32.8;5.07;313.6;1031.4783505205896;301.32;Module 1,6_14;1064.95;166,30;32,50;5,05;164,04;2,25
13,09.2019 13:57:22;32.5;4.99;313.6;1016.6907043196647;301.57;Module 1,6_14;1049.59;162,18;32,52;4,97;161,74;0,44
13,09.2019 13:59:17;32.1;4.87;313.6;991.9801386383202;302.08;Module 1,6_14;1023.99;156,33;32,55;4,85;157,87;-1,54
13,09.2019 14:01:11;31.9;4.71;313.6;957.341867696029;302.71;Module 1,6_14;988.15;150,25;32,58;4,68;152,42;-2,17
13,09.2019 14:03:04;31.7;4.63;313.6;941.6954286604858;303.23;Module 1,6_14;971.92;146,77;32,59;4,60;149,95;-3,18
13,09.2019 14:04:57;31.5;4.59;315.6;929.7364738416529;303.79;Module 1,6_14;959.5;144,59;32,25;4,54;146,44;-1,86
13,09.2019 14:06:49;31.4;4.65;315.6;941.7961238285149;304.12;Module 1,6_14;971.87;146,01;32,24;4,60;148,33;-2,32
13,09.2019 14:08:42;31.5;4.66;317.6;931.4599397512092;303.89;Module 1,6_14;961.13;146,79;31,89;4,55;145,08;1,71
13,09.2019 14:10:33;31.5;4.64;317.6;944.835597998162;304.1;Module 1,6_14;974.86;146,16;31,88;4,62;147,15;-0,99
13,09.2019 14:12:25;31.3;4.83;317.6;977.6363149678916;304.67;Module 1,6_14;1008.63;151,18;31,84;4,78;152,19;-1,01
13,09.2019 14:14:23;31.2;5.11;319.7;1044.710003526308;305.19;Module 1,6_14;1077.75;159,43;31,40;5,11;160,50;-1,07
13,09.2019 14:16:16;30.9;5.03;319.7;1034.8556245595119;305.62;Module 1,6_14;1067.51;155,43;31,41;5,06;159,02;-3,60
13,09.2019 14:19:00;30.4;4.95;320.2;995.2453779300536;305.46;Module 1,6_14;1026.55;150,48;31,36;4,87;152,61;-2,13
13,09.2019 14:20:57;31.1;1.29;320.2;387.19778630242786;305.62;Module 1,6_14;399.35;40,12;31,30;1,83;57,43;-17,31
13,09.2019 14:23:19;31.1;5.01;320.2;1007.8019339986816;305.81;Module 1,6_14;1039.35;155,81;31,35;4,93;154,50;1,31
13,09.2019 14:25:17;31.1;4.97;320.2;980.5586838094058;305.92;Module 1,6_14;1011.19;154,57;31,38;4,79;150,39;4,17
13,09.2019 14:27:10;31;5.46;320.2;1102.2634857142525;306.07;Module 1,6_14;1136.63;169,26;31,24;5,40;168,62;0,64
13,09.2019 14:29:10;31.9;4.94;320.2;1114.7437005430356;306.09000000000003;Module 1,6_14;1149.43;157,59;31,23;5,46;170,47;-12,88
13,09.2019 14:31:10;30.9;5.91;320.2;1157.0177949896502;306.75;Module 1,6_14;1192.95;182,62;31,17;5,67;176,71;5,91
13,09.2019 14:33:04;30.2;4.54;320.2;871.9391957299302;307.03;Module 1,6_14;898.97;137,11;31,48;4,25;133,85;3,26
13,09.2019 14:34:56;30.1;1.9;320.2;360.0470696792375;306.68;Module 1,6_14;371.19;57,19;31,23;1,70;53,07;4,12
13,09.2019 14:36:50;30.7;1.82;320.2;360.06498003338805;306.02;Module 1,6_14;371.19;55,87;31,23;1,70;53,07;2,81
13,09.2019 14:39:00;31.4;1.93;321.2;384.91867521231126;305.35;Module 1,6_14;396.79;60,60;31,11;1,82;56,74;3,86
13,09.2019 14:40:53;31.7;2.05;321.2;409.77135035621205;304.92;Module 1,6_14;422.39;64,98;31,16;1,95;60,71;4,28
13,09.2019 14:42:47;31.9;1.66;319.7;320.37863936121573;304.37;Module 1,6_14;330.23;52,95;31,19;1,50;46,82;6,13
13,09.2019 14:48:32;32.2;1.49;317.6;291.8329148574246;303.1;Module 1,6_14;300.77;47,98;31,46;1,36;42,72;5,26
13,09.2019 14:50:24;32.9;1.61;317.6;316.25660028286137;302.95;Module 1,6_14;325.93;52,97;31,56;1,48;46,70;6,27
13,09.2019 14:52:18;32.4;2.97;315.6;531.5890625097925;302.81;Module 1,6_14;547.83;96,23;32,34;2,55;82,64;13,59
13,09.2019 15:11:24;33;1.74;309.6;370.21056584894643;300.65;Module 1,6_14;381.43;57,42;33,19;1,75;57,93;-0,51
13,09.2019 15:13:17;33.1;1.78;309.6;345.367953556139;300.82;Module 1,6_14;355.83;58,92;33,12;1,62;53,69;5,23
13,09.2019 15:15:11;33.3;1.83;309.6;360.28022524511863;300.98;Module 1,6_14;371.19;60,94;33,16;1,70;56,23;4,71
13,09.2019 15:17:05;32.8;1.57;309.6;310.68483256098796;300.84;Module 1,6_14;320.09;51,50;33,00;1,45;47,78;3,71
13,09.2019 15:18:57;32.8;1.6;309.6;316.33589475442415;300.78;Module 1,6_14;325.91;52,48;33,02;1,48;48,75;3,73
13,09.2019 15:21:02;32.8;1.63;309.6;327.9849887682094;300.86;Module 1,6_14;337.91;53,46;33,06;1,53;50,73;2,73
13,09.2019 15:22:57;32.8;1.86;309.6;370.2275719948857;300.97;Module 1,6_14;381.43;61,01;33,19;1,75;57,93;3,08
13,09.2019 15:24:50;33.1;1.79;309.6;342.89465805613173;301.17;Module 1,6_14;353.27;59,25;33,11;1,61;53,27;5,98
13,09.2019 15:26:46;32.5;1.64;309.6;327.9850869921661;301.09;Module 1,6_14;337.91;53,30;33,06;1,53;50,73;2,57
13,09.2019 15:28:39;32.6;1.61;309.6;323.01410862542394;300.96;Module 1,6_14;332.79;52,49;33,05;1,51;49,88;2,60
13,09.2019 15:30:37;32.6;1.62;309.6;323.01193981938263;301.03;Module 1,6_14;332.79;52,81;33,05;1,51;49,88;2,93
13,09.2019 15:32:33;32.5;1.53;309.6;300.4812130724301;301.17;Module 1,6_14;309.58;49,73;32,96;1,40;46,04;3,68
14,09.2019 09:42:17;35;1.5;294;292.7194317437911;290.87;Module 1,6_14;319.58;52,50;35,75;1,35;48,21;4,29
14,09.2019 09:44:10;35.3;1.52;294;295.37684061640766;291.28;Module 1,6_14;322.04;53,66;35,76;1,36;48,70;4,96
14,09.2019 09:46:03;35.4;1.57;294;307.9925680903668;291.58;Module 1,6_14;335.35;55,58;35,80;1,43;51,02;4,55
14,09.2019 09:47:56;35;1.48;294;284.96553516475797;291.92;Module 1,6_14;309.88;51,80;35,72;1,31;46,78;5,02
14,09.2019 09:53:46;34.9;1.61;295.5;318.9897649087019;292.47;Module 1,6_14;345.59;56,19;35,58;1,48;52,69;3,50
14,09.2019 09:57:32;35;1.42;296;300.49460269049354;292.66;Module 1,6_14;324.83;49,70;35,42;1,39;49,19;0,51
14,09.2019 10:01:18;35.3;1.71;296.5;351.22059024876773;292.59;Module 1,6_14;378.87;60,36;35,50;1,64;58,31;2,05
14,09.2019 10:03:14;35.6;1.59;297.5;330.20135689419163;292.79;Module 1,6_14;355.83;56,60;35,26;1,54;54,23;2,37
14,09.2019 10:05:07;35.7;1.7;297.5;351.9241776687157;293.05;Module 1,6_14;378.87;60,69;35,32;1,65;58,17;2,52
14,09.2019 10:07:00;35.7;1.87;297.5;376.05906394432293;293.39;Module 1,6_14;404.47;66,76;35,38;1,77;62,54;4,22
14,09.2019 10:08:57;35.6;1.83;298;388.32955858762136;293.6;Module 1,6_14;417.27;65,15;35,32;1,83;64,61;0,54
14,09.2019 10:10:52;35.4;1.89;298;388.6830808386102;293.75;Module 1,6_14;417.27;66,91;35,32;1,83;64,68;2,23
14,09.2019 10:12:45;35.5;1.81;298;384.2480124837336;293.83;Module 1,6_14;412.15;64,25;35,31;1,81;63,87;0,38
14,09.2019 10:14:39;34.9;1.76;298;377.4102885287631;294.07;Module 1,6_14;404.47;61,42;35,30;1,77;62,64;-1,21
14,09.2019 10:16:40;35;2.01;298;406.43354380801367;294.33;Module 1,6_14;435.19;70,35;35,35;1,92;67,88;2,47
14,09.2019 10:18:46;35;2.11;299.5;423.54750676495814;294.53;Module 1,6_14;453.11;73,85;35,12;2,01;70,46;3,39
14,09.2019 10:20:39;35.2;2.09;299.5;435.8519596059297;294.73;Module 1,6_14;465.91;73,57;35,13;2,07;72,67;0,90
14,09.2019 10:22:33;35.1;2.13;301.5;440.97951244740995;294.8;Module 1,6_14;471.03;74,76;34,79;2,09;72,88;1,89
14,09.2019 10:24:27;35;2.23;301.5;467.69234421664174;294.84;Module 1,6_14;499.19;78,05;34,82;2,23;77,61;0,44
14,09.2019 10:26:19;35;2.14;301.5;441.62532742973593;294.82;Module 1,6_14;471.03;74,90;34,79;2,10;72,99;1,91
14,09.2019 10:28:12;35;2.36;301.5;489.97444978691294;294.91;Module 1,6_14;522.23;82,60;34,84;2,34;81,54;1,06
14,09.2019 10:30:05;34.9;2.26;301.5;471.0834622906243;295.12;Module 1,6_14;501.75;78,87;34,83;2,25;78,21;0,67
14,09.2019 10:31:57;34.8;2.15;302;442.53564048831237;295.28;Module 1,6_14;471.03;74,82;34,70;2,10;72,97;1,85
14,09.2019 10:33:59;34.8;2.57;302;527.0883118899503;295.43;Module 1,6_14;560.63;89,44;34,79;2,53;87,88;1,56
14,09.2019 10:35:52;34.8;2.32;302;479.2580084283736;295.53;Module 1,6_14;509.43;80,74;34,74;2,29;79,46;1,28
14,09.2019 10:37:45;34.6;2.1;303.5;438.5895801688711;295.62;Module 1,6_14;465.91;72,66;34,42;2,08;71,75;0,91
14,09.2019 10:39:39;34.8;2.59;303.5;537.7260169231597;295.51;Module 1,6_14;570.87;90,13;34,52;2,58;89,08;1,05
14,09.2019 10:41:34;34.8;2.41;303.5;504.27297273211747;295.58;Module 1,6_14;535.03;83,87;34,50;2,41;83,25;0,62
14,09.2019 10:43:27;34.8;2.03;303.5;436.96839571300063;295.5;Module 1,6_14;463.35;70,64;34,42;2,08;71,46;-0,82
14,09.2019 10:45:20;34.8;2.52;303.5;524.1799899853145;295.45;Module 1,6_14;555.51;87,70;34,52;2,51;86,72;0,97
14,09.2019 10:47:20;34.6;2.51;304;519.6562940747588;295.51;Module 1,6_14;550.39;86,85;34,42;2,49;85,72;1,13
14,09.2019 10:49:13;34.6;2.42;304;495.75590172668;295.75;Module 1,6_14;524.79;83,73;34,41;2,37;81,55;2,18
14,09.2019 10:51:05;34.5;2.51;304;517.7948414845063;296.12;Module 1,6_14;547.83;86,59;34,42;2,48;85,39;1,20
14,09.2019 10:53:01;34;2.48;304;505.96758509308137;296.41;Module 1,6_14;535.03;84,32;34,41;2,42;83,33;0,99
14,09.2019 10:54:58;34.1;2.15;304;431.1461823882812;296.31;Module 1,6_14;455.67;73,31;34,32;2,05;70,27;3,05
14,09.2019 10:56:51;34.2;2.42;305.1;462.86626992494024;296.3;Module 1,6_14;488.95;82,76;34,17;2,21;75,40;7,37
14,09.2019 10:58:43;34.1;2.24;305.1;455.8169632450903;296.32;Module 1,6_14;481.27;76,38;34,16;2,17;74,17;2,21
14,09.2019 11:00:37;34.1;2.41;305.1;487.5725321167466;296.39;Module 1,6_14;514.55;82,18;34,20;2,33;79,69;2,49
14,09.2019 11:02:30;34.1;2.19;305.1;448.9707182415368;296.37;Module 1,6_14;473.59;74,68;34,16;2,14;72,98;1,70
14,09.2019 11:04:24;34.1;2.61;305.1;531.732605986982;296.46;Module 1,6_14;560.63;89,00;34,23;2,55;87,34;1,66
14,09.2019 11:06:30;34;2.92;305.1;612.1652272628626;296.59;Module 1,6_14;645.11;99,28;34,27;2,95;101,21;-1,93
14,09.2019 11:08:24;33.9;3.03;305.1;610.0069865573938;296.75;Module 1,6_14;642.55;102,72;34,27;2,94;100,84;1,88
14,09.2019 11:10:18;33.5;2.98;305.1;615.1355283302471;296.98;Module 1,6_14;647.67;99,83;34,27;2,97;101,72;-1,89
14,09.2019 11:12:10;33.6;3.03;305.1;608.0963575763122;297.07;Module 1,6_14;639.99;101,81;34,27;2,93;100,51;1,30
14,09.2019 11:14:03;33.6;3.13;305.1;633.3199952441511;297.36;Module 1,6_14;666.26;105,17;34,27;3,06;104,84;0,33
14,09.2019 11:16:01;33.5;2.7;307.6;579.3936818294178;297.69;Module 1,6_14;609.27;90,45;33,81;2,79;94,36;-3,91
14,09.2019 11:17:55;33.5;2.88;307.6;582.0622893143819;297.91;Module 1,6_14;611.83;96,48;33,81;2,80;94,81;1,67
14,09.2019 11:19:48;33.4;3.17;308.1;648.8056379122754;297.77;Module 1,6_14;681.72;105,88;33,73;3,14;105,86;0,02
14,09.2019 11:21:41;33.3;3.25;308.1;630.2891005171218;298;Module 1,6_14;662.01;108,22;33,73;3,05;102,73;5,49
14,09.2019 11:23:35;33.1;3.25;309.6;636.548016121093;298.21;Module 1,6_14;668.33;107,58;33,47;3,08;102,98;4,59
14,09.2019 11:25:28;33.2;3.28;309.6;641.7949458799878;298.29;Module 1,6_14;673.59;108,90;33,47;3,10;103,86;5,04
14,09.2019 11:27:21;33;3.53;309.6;709.2433486480494;298.54;Module 1,6_14;744.11;116,49;33,46;3,44;115,11;1,38
14,09.2019 11:29:19;32.9;3.18;309.6;642.5522935229314;298.84;Module 1,6_14;673.89;104,62;33,47;3,11;103,99;0,63
14,09.2019 11:31:15;32.9;3.47;309.6;704.8679128877296;298.88;Module 1,6_14;738.98;114,16;33,46;3,42;114,38;-0,22
14,09.2019 11:33:08;33.1;3.6;309.6;721.9885973050402;298.68;Module 1,6_14;756.67;119,16;33,45;3,50;117,22;1,94
14,09.2019 11:35:01;33;3.88;311.6;784.244473602367;298.95;Module 1,6_14;821.64;128,04;33,07;3,82;126,18;1,86
14,09.2019 11:37:00;32.8;3.42;311.6;702.9852002054001;299.09;Module 1,6_14;736.25;112,18;33,10;3,41;112,87;-0,69
14,09.2019 11:38:53;32.7;3.35;311.6;656.1538769101735;299.5;Module 1,6_14;686.98;109,55;33,11;3,18;105,15;4,40
14,09.2019 11:40:51;32.6;3.29;311.6;639.154774582671;299.93;Module 1,6_14;668.96;107,25;33,11;3,09;102,33;4,92
14,09.2019 11:42:44;32.6;2.74;311.6;596.9863353843613;300;Module 1,6_14;624.63;89,32;33,10;2,88;95,34;-6,01
14,09.2019 11:44:37;32.6;3.22;312.1;639.0917937912359;299.92;Module 1,6_14;668.48;104,97;33,02;3,09;102,05;2,92
14,09.2019 11:46:31;32.8;3.25;312.1;659.7229178894385;299.75;Module 1,6_14;689.85;106,60;33,02;3,19;105,46;1,14
14,09.2019 11:48:24;32.8;3.51;312.1;708.4950587093688;299.75;Module 1,6_14;740.63;115,13;33,02;3,44;113,47;1,66
14,09.2019 11:50:18;32.6;2.93;312.1;600.1532279467508;299.77;Module 1,6_14;627.19;95,52;33,02;2,90;95,61;-0,09
14,09.2019 11:52:11;32.6;3.18;312.1;650.4899179177402;299.77;Module 1,6_14;679.6;103,67;33,02;3,15;103,93;-0,26
14,09.2019 11:54:04;32.7;3.32;312.1;657.6332834603277;299.76;Module 1,6_14;686.87;108,56;33,02;3,18;105,11;3,45
14,09.2019 11:55:56;32.7;3.22;312.1;654.2123960221327;299.73;Module 1,6_14;683.11;105,29;33,02;3,17;104,55;0,75
14,09.2019 11:58:02;32.6;3.4;312.1;618.0067841902099;299.86;Module 1,6_14;645.11;110,84;33,02;2,99;98,57;12,27
14,09.2019 11:59:55;32.7;3.2;312.1;636.6750560341203;299.79;Module 1,6_14;664.42;104,64;33,02;3,08;101,65;2,99
14,09.2019 12:01:49;32.6;3.14;313.6;655.7351701441477;299.92;Module 1,6_14;684.13;102,36;32,75;3,17;103,96;-1,59
14,09.2019 12:03:45;32.4;3.51;313.6;714.7467634084546;300.02;Module 1,6_14;745.5;113,72;32,74;3,47;113,58;0,15
14,09.2019 12:05:43;32.5;3.49;313.6;712.787310378529;300.21;Module 1,6_14;743.26;113,43;32,74;3,46;113,26;0,17
14,09.2019 12:07:38;32.4;3.32;313.6;658.9333373708458;300.43;Module 1,6_14;686.93;107,57;32,75;3,19;104,48;3,09
14,09.2019 12:09:40;32.5;2.89;313.6;584.5924834987446;300.75;Module 1,6_14;609.27;93,92;32,73;2,82;92,28;1,64
14,09.2019 12:11:41;32.4;3.18;315.6;652.4811879545296;300.61;Module 1,6_14;679.85;103,03;32,39;3,16;102,30;0,73
14,09.2019 12:13:37;32.6;3.18;315.6;619.2894115910668;300.59;Module 1,6_14;645.11;103,67;32,39;2,99;96,93;6,74
14,09.2019 12:15:30;32.6;3.54;315.6;749.2610708719069;300.49;Module 1,6_14;780.32;115,40;32,37;3,64;117,88;-2,47
14,09.2019 12:17:26;32.3;3.57;315.6;719.7303365161482;300.52;Module 1,6_14;749.39;115,31;32,38;3,49;113,14;2,17
14,09.2019 12:19:22;32.4;3.82;315.6;792.0207009286032;300.89;Module 1,6_14;824.47;123,77;32,35;3,85;124,71;-0,94
14,09.2019 12:21:22;32.3;3.85;315.6;775.5346462797245;301.23;Module 1,6_14;807.12;124,35;32,36;3,77;122,08;2,28
14,09.2019 12:23:16;32;3.85;315.6;741.7297380314267;301.61;Module 1,6_14;771.77;123,20;32,38;3,60;116,67;6,53
14,09.2019 12:25:09;32.3;3.79;315.6;763.3335934836617;301.89;Module 1,6_14;794.08;122,42;32,37;3,71;120,13;2,29
14,09.2019 12:27:05;32.3;3.92;315.6;795.8610497472307;302.29;Module 1,6_14;827.74;126,62;32,35;3,87;125,32;1,30
14,09.2019 12:29:04;32;3.73;315.6;750.9009272641308;302.63;Module 1,6_14;780.81;119,36;32,37;3,65;118,14;1,22
14,09.2019 12:31:03;32.1;3.76;315.6;767.6052712850036;302.62;Module 1,6_14;798.01;120,70;32,36;3,73;120,81;-0,12
14,09.2019 12:33:04;32.1;3.57;315.6;747.5160675253211;302.59;Module 1,6_14;776.96;114,60;32,38;3,63;117,60;-3,00
14,09.2019 12:34:57;32.1;3.79;315.6;753.0218191157037;302.21;Module 1,6_14;782.53;121,66;32,37;3,66;118,48;3,18
14,09.2019 12:36:58;32;3.83;315.6;780.2608446263873;302.21;Module 1,6_14;810.67;122,56;32,36;3,80;122,83;-0,27
14,09.2019 12:38:54;32.1;3.94;315.6;803.5448433024849;302.33;Module 1,6_14;834.7;126,47;32,34;3,91;126,54;-0,06
14,09.2019 12:40:47;32;3.51;316.1;744.449355643836;302.5;Module 1,6_14;773.17;112,32;32,28;3,62;116,79;-4,47
14,09.2019 12:42:41;32;3.83;316.1;762.2674490850022;302.62;Module 1,6_14;791.53;122,56;32,27;3,71;119,63;2,93
14,09.2019 12:44:34;32;3.7;316.1;759.9864157032417;302.72;Module 1,6_14;789.02;118,40;32,27;3,70;119,26;-0,86
14,09.2019 12:46:27;32;3.75;316.1;750.3614035209092;302.55;Module 1,6_14;778.89;120,00;32,28;3,65;117,73;2,27
14,09.2019 12:48:20;32;4.11;316.1;773.0575801378159;302.44;Module 1,6_14;802.31;131,52;32,27;3,76;121,35;10,17
14,09.2019 12:50:14;31.9;4.1;317.6;821.9058438074463;302.7;Module 1,6_14;852.86;130,79;31,98;4,00;128,02;2,77
14,09.2019 12:52:15;31.7;3.8;317.6;783.1704429626716;302.96;Module 1,6_14;812.52;120,46;32,00;3,81;121,93;-1,47
14,09.2019 12:54:14;31.9;4;319.7;798.0560845146647;303.04;Module 1,6_14;827.82;127,60;31,61;3,89;122,81;4,79
14,09.2019 12:56:07;31.8;4.13;319.7;828.9721436238958;303.14;Module 1,6_14;859.75;131,33;31,59;4,04;127,60;3,73
14,09.2019 12:58:00;32;4.21;318.1;861.8535047924618;303.35;Module 1,6_14;893.71;134,72;31,86;4,20;133,89;0,83
14,09.2019 12:59:54;31.8;3.89;318.1;808.0928496221237;303.5;Module 1,6_14;837.83;123,70;31,89;3,94;125,50;-1,80
14,09.2019 13:01:47;32;1.9;318.1;580.326952745729;303.3;Module 1,6_14;601.59;60,80;31,92;2,80;89,35;-28,55
14,09.2019 13:05:33;33.3;3.8;319.7;766.5132937165788;301.8;Module 1,6_14;794.36;126,54;31,63;3,73;117,90;8,64
14,09.2019 13:07:45;33;4.26;317.6;858.107293028647;302;Module 1,6_14;889.13;140,58;31,95;4,18;133,69;6,89
14,09.2019 13:09:38;32.1;3.88;317.6;907.8342115130871;302.33;Module 1,6_14;940.52;124,55;31,91;4,43;141,42;-16,87
14,09.2019 13:11:35;32;3.85;317.6;730.8467686596209;302.6;Module 1,6_14;757.05;123,20;32,02;3,55;113,66;9,54
14,09.2019 13:13:27;31.8;3.32;317.6;622.8665909089101;302.92;Module 1,6_14;645.11;105,58;32,02;3,01;96,43;9,14
14,09.2019 13:15:31;31.7;4.15;317.6;862.8785226414758;303.28;Module 1,6_14;893.56;131,56;31,95;4,21;134,43;-2,88
14,09.2019 13:17:26;31.5;4.15;318.1;846.6059712774968;303.28;Module 1,6_14;876.59;130,73;31,87;4,13;131,52;-0,79
14,09.2019 13:19:27;31.7;4.17;318.1;837.4515950315416;303.3;Module 1,6_14;866.99;132,19;31,88;4,08;130,09;2,10
14,09.2019 13:21:23;31.5;4.3;318.1;868.185944713619;303.76;Module 1,6_14;898.69;135,45;31,85;4,23;134,88;0,57
14,09.2019 13:23:22;31.4;4.43;319.7;802.4942290226162;304.04;Module 1,6_14;830.58;139,10;31,61;3,91;123,50;15,60
14,09.2019 13:25:15;31.3;3.66;319.7;802.5837874181364;303.7;Module 1,6_14;830.57;114,56;31,61;3,91;123,51;-8,95
14,09.2019 13:27:08;31.5;4.48;319.7;903.653004900445;303.44;Module 1,6_14;935.05;141,12;31,54;4,41;139,10;2,02
14,09.2019 13:29:01;31.3;4.49;319.7;906.5443317179976;303.02;Module 1,6_14;937.93;140,54;31,54;4,42;139,55;0,99
14,09.2019 13:30:54;31.3;4.4;319.7;876.7035554340381;303.32;Module 1,6_14;906.95;137,72;31,56;4,28;134,97;2,75
14,09.2019 13:32:47;31.3;3.98;319.7;800.4590646810414;303.47;Module 1,6_14;827.98;124,57;31,61;3,90;123,18;1,39
14,09.2019 13:34:40;31.3;4.23;319.7;888.4860882364105;303.84;Module 1,6_14;918.93;132,40;31,55;4,34;136,78;-4,38
14,09.2019 13:36:42;31.1;4.01;320.2;840.3781197989691;304.45;Module 1,6_14;869.07;124,71;31,49;4,10;129,00;-4,29
14,09.2019 13:38:45;31.2;4.48;320.2;912.8354093635191;304.89;Module 1,6_14;943.89;139,78;31,44;4,46;140,11;-0,33
14,09.2019 13:40:38;31.1;4.58;320.2;920.6697313140037;305.13;Module 1,6_14;951.89;142,44;31,44;4,49;141,30;1,13
14,09.2019 13:42:41;31.1;4.55;320.2;901.998214900802;305.32;Module 1,6_14;932.48;141,50;31,45;4,40;138,45;3,05
14,09.2019 13:44:35;31;4.06;320.2;834.5557645971231;305.51;Module 1,6_14;862.67;125,86;31,50;4,07;128,10;-2,24
14,09.2019 13:46:36;31.2;4.69;320.2;949.5465307320228;305.53;Module 1,6_14;981.43;146,33;31,41;4,64;145,70;0,63
14,09.2019 13:48:29;31.2;4.42;320.2;883.6675079209601;305.8;Module 1,6_14;913.25;137,90;31,46;4,31;135,65;2,26
14,09.2019 13:50:22;31.1;3.91;320.2;767.8793985059177;305.98;Module 1,6_14;793.51;121,60;31,53;3,74;117,77;3,83
14,09.2019 13:52:15;31.2;4.63;320.2;709.4384861253459;305.95;Module 1,6_14;733.05;144,46;31,55;3,44;108,65;35,80
14,09.2019 13:54:28;31.7;2.11;320.2;332.0166397589187;305.31;Module 1,6_14;343.03;66,89;31,14;1,56;48,56;18,33
14,09.2019 13:58:07;31.5;1.77;320.2;332.0733242521962;303.83;Module 1,6_14;343.03;55,76;31,14;1,56;48,57;7,18
14,09.2019 14:00:02;33.9;2.07;320.2;797.5465707596774;303.53;Module 1,6_14;823.79;70,17;31,52;3,88;122,38;-52,21
14,09.2019 14:02:05;31.9;1.49;319.7;304.39235764135645;303.02;Module 1,6_14;314.38;47,53;31,13;1,42;44,25;3,28
14,09.2019 14:04:01;32.3;1.87;319.7;332.159811665524;302.57;Module 1,6_14;343.03;60,40;31,23;1,56;48,72;11,68
14,09.2019 14:05:57;33.2;4.57;317.6;941.98189600203;302.84;Module 1,6_14;972.73;151,72;31,88;4,60;146,70;5,02
14,09.2019 14:07:50;32.6;4.59;317.6;954.5090266298234;303.12;Module 1,6_14;985.59;149,63;31,87;4,66;148,64;1,00
14,09.2019 14:09:45;32;4.71;317.6;954.5820947576269;303.76;Module 1,6_14;985.59;150,72;31,87;4,66;148,65;2,07
14,09.2019 14:11:28;31.6;4.83;317.6;984.4014403772409;304.42;Module 1,6_14;1016.31;152,63;31,84;4,81;153,23;-0,60
14,09.2019 14:13:23;31.3;5.04;317.6;1011.7509724755168;304.87;Module 1,6_14;1044.47;157,75;31,81;4,95;157,42;0,33
14,09.2019 14:15:16;31.1;4.76;318.1;959.7418736756088;305.49;Module 1,6_14;990.71;148,04;31,77;4,69;149,02;-0,98
14,09.2019 14:17:21;30.9;4.73;318.1;951.8403360015252;306.3;Module 1,6_14;982.48;146,16;31,78;4,65;147,81;-1,65
14,09.2019 14:19:17;30.8;4.53;318.1;916.4047154214547;306.67;Module 1,6_14;945.84;139,52;31,81;4,47;142,35;-2,82
14,09.2019 14:21:13;30.7;4.53;319.7;951.1236959033284;307.24;Module 1,6_14;981.61;139,07;31,50;4,65;146,36;-7,28
14,09.2019 14:23:08;30.5;5.02;319.7;867.9751458503038;307.53;Module 1,6_14;895.74;153,11;31,56;4,23;133,62;19,49
14,09.2019 14:24:55;30.9;4.77;320.2;945.1420506663055;307.79;Module 1,6_14;975.32;147,39;31,41;4,62;145,03;2,37
14,09.2019 14:26:48;30.4;4.92;320.2;989.8828197630739;308.1;Module 1,6_14;1021.43;149,57;31,37;4,84;151,80;-2,23
14,09.2019 14:55:39;33.3;2.07;311.6;600.7687924159427;300.61;Module 1,6_14;619.51;68,93;33,10;2,90;95,97;-27,03
14,09.2019 15:01:30;35.3;1.44;309.6;494.05723628091357;300.83;Module 1,6_14;509.43;50,83;33,40;2,36;78,98;-28,14
14,09.2019 15:11:05;33.6;1.5;308.1;501.54841708643863;300.32;Module 1,6_14;517.11;50,40;33,67;2,40;80,87;-30,47
14,09.2019 15:12:58;34.5;4.35;308.1;858.5510778545251;300.35;Module 1,6_14;885.18;150,07;33,64;4,19;140,81;9,26
14,09.2019 15:14:51;33.7;4.29;308.1;887.9762593078156;301.1;Module 1,6_14;915.51;144,57;33,62;4,33;145,65;-1,07
14,09.2019 15:16:45;33.3;3.72;309.6;811.9879086553278;302.07;Module 1,6_14;837.16;123,88;33,41;3,95;132,08;-8,21
14,09.2019 15:18:43;32.8;3.79;309.6;873.2915006227402;302.99;Module 1,6_14;900.36;124,31;33,37;4,26;142,11;-17,80
14,09.2019 15:20:36;32.9;4.23;310.1;868.8801335480516;303.85;Module 1,6_14;895.81;139,17;33,28;4,24;141,02;-1,85
14,09.2019 15:23:03;32.2;4.15;310.1;849.383986113285;304.58;Module 1,6_14;875.71;133,63;33,30;4,14;137,85;-4,22
14,09.2019 15:24:56;32;4.14;312.1;842.3010328732971;304.85;Module 1,6_14;868.41;132,48;32,95;4,11;135,24;-2,76
14,09.2019 15:26:48;31.9;4.14;312.1;840.6673329372434;305.38;Module 1,6_14;866.73;132,07;32,95;4,10;134,98;-2,91
14,09.2019 15:28:42;31.9;4.15;312.1;847.1790417768831;305.68;Module 1,6_14;873.45;132,39;32,95;4,13;136,03;-3,64
14,09.2019 15:30:35;31.9;4.16;315.6;854.1349402792231;305.90999999999997;Module 1,6_14;880.63;132,70;32,31;4,16;134,56;-1,85
14,09.2019 15:32:27;31.9;4.1;315.6;842.3891301845183;306.42;Module 1,6_14;868.53;130,79;32,32;4,11;132,70;-1,91
14,09.2019 15:34:26;31.7;4.11;315.6;845.0825545916654;306.85;Module 1,6_14;871.32;130,29;32,32;4,12;133,13;-2,84
14,09.2019 15:36:21;31.6;4.17;317.6;850.5965640082651;307.09000000000003;Module 1,6_14;877.02;131,77;31,95;4,15;132,51;-0,74
14,09.2019 15:38:15;31.4;4.22;317.6;856.5642740421284;307.28;Module 1,6_14;883.19;132,51;31,95;4,18;133,44;-0,94
14,09.2019 15:40:08;31.4;4.21;317.6;852.2205096022184;307.36;Module 1,6_14;878.73;132,19;31,95;4,16;132,77;-0,57
14,09.2019 15:42:02;31.3;4.13;317.6;838.642104144839;307.64;Module 1,6_14;864.75;129,27;31,96;4,09;130,64;-1,37
14,09.2019 15:43:55;31.3;4.08;319.7;829.6980476258593;307.93;Module 1,6_14;855.55;127,70;31,59;4,04;127,72;-0,01
14,09.2019 15:45:48;31.3;4.12;319.7;832.8840495108409;308.14;Module 1,6_14;858.86;128,96;31,59;4,06;128,21;0,75
14,09.2019 15:47:58;31.5;4.17;319.7;852.684625761086;307.62;Module 1,6_14;879.31;131,35;31,58;4,16;131,27;0,09
14,09.2019 15:49:59;31.5;4.23;320.2;860.1585911818099;307.35;Module 1,6_14;887.05;133,25;31,48;4,19;132,04;1,20
14,09.2019 15:51:53;31.3;4.24;320.2;850.323248279099;307.37;Module 1,6_14;876.94;132,71;31,49;4,14;130,53;2,18
14,09.2019 15:53:46;31.2;2.28;320.2;325.1585710415057;307.37;Module 1,6_14;335.35;71,14;31,12;1,53;47,46;23,68
14,09.2019 16:07:00;34.6;2.32;315.6;597.9861843664498;301.76;Module 1,6_14;616.95;80,27;32,38;2,89;93,47;-13,19
14,09.2019 16:12:54;33.7;3.66;313.1;753.396385259776;301.87;Module 1,6_14;777.45;123,34;32,82;3,66;120,17;3,17
14,09.2019 16:14:47;33.4;3.6;313.1;738.6806637845884;302.41;Module 1,6_14;762.32;120,24;32,82;3,59;117,78;2,46
14,09.2019 16:16:40;33.1;3.56;312.1;730.4176614477833;303.1;Module 1,6_14;753.85;117,84;33,01;3,55;117,06;0,77
14,09.2019 16:18:32;32.7;3.52;312.1;718.3658199905431;303.72;Module 1,6_14;741.47;115,10;33,01;3,49;115,09;0,01
14,09.2019 16:20:27;32.4;3.52;312.1;718.9251137008094;304.37;Module 1,6_14;742.11;114,05;33,01;3,49;115,18;-1,13
14,09.2019 16:22:22;32.3;3.5;313.6;714.3864525043011;304.81;Module 1,6_14;737.49;113,05;32,74;3,47;113,52;-0,47
14,09.2019 16:24:30;32.4;3.47;313.6;710.3032952251414;305.19;Module 1,6_14;733.35;112,43;32,74;3,45;112,85;-0,43
14,09.2019 16:26:26;32.2;3.44;315.6;706.931847191986;305.64;Module 1,6_14;729.94;110,77;32,38;3,43;111,09;-0,32
14,09.2019 16:28:19;32.1;3.43;315.6;702.8822382086456;305.82;Module 1,6_14;725.83;110,10;32,38;3,41;110,44;-0,33
14,09.2019 16:30:20;32;3.48;316.1;707.1914616810046;306.28;Module 1,6_14;730.36;111,36;32,30;3,43;110,82;0,54
14,09.2019 16:32:17;31.9;3.49;316.1;706.3775975342611;306.6;Module 1,6_14;729.6;111,33;32,30;3,43;110,69;0,64
14,09.2019 16:34:12;31.8;3.42;316.1;692.125528674356;306.93;Module 1,6_14;714.96;108,76;32,30;3,36;108,41;0,35
14,09.2019 16:36:06;31.8;3.38;317.6;684.5532830209615;307.32;Module 1,6_14;707.22;107,48;32,03;3,32;106,30;1,18
14,09.2019 16:38:01;31.8;3.39;317.6;690.8191001195387;307.65;Module 1,6_14;713.78;107,80;32,02;3,35;107,30;0,50
14,09.2019 16:39:54;31.7;3.4;318.1;686.9304652064425;307.5;Module 1,6_14;709.85;107,78;31,94;3,33;106,38;1,40
14,09.2019 16:41:51;31.9;3.38;318.1;685.8812374446899;307.02;Module 1,6_14;708.86;107,82;31,94;3,33;106,21;1,61
14,09.2019 16:43:44;31.9;3.38;318.1;686.0995278571415;306.72;Module 1,6_14;709.18;107,82;31,94;3,33;106,25;1,57
14,09.2019 16:45:36;31.8;3.36;319.7;682.1751966576837;306.9;Module 1,6_14;705.22;106,85;31,65;3,31;104,67;2,17
14,09.2019 16:47:36;31.8;3.24;319.7;655.1261934729341;306.8;Module 1,6_14;677.36;103,03;31,65;3,17;100,41;2,62
14,09.2019 16:49:29;32;3.14;319.7;631.269226743283;306.18;Module 1,6_14;652.79;100,48;31,65;3,05;96,63;3,85
14,09.2019 16:51:30;32;3.05;319.7;613.8391753051231;305.67;Module 1,6_14;634.87;97,60;31,64;2,97;93,87;3,73
14,09.2019 16:53:25;32.1;3.02;319.7;616.2146938552968;305.43;Module 1,6_14;637.43;96,94;31,64;2,98;94,25;2,69
14,09.2019 16:55:20;32.2;3.03;319.7;616.1115398935987;305.2;Module 1,6_14;637.43;97,57;31,64;2,98;94,23;3,34
14,09.2019 16:57:14;32.2;2.95;319.7;603.6359653428538;305.21;Module 1,6_14;624.63;94,99;31,64;2,92;92,25;2,74
14,09.2019 16:59:18;32.2;2.88;319.7;591.151785805676;305.46;Module 1,6_14;611.83;92,74;31,63;2,85;90,27;2,47
14,09.2019 17:01:11;32.2;2.88;319.7;591.0438504104112;305.78;Module 1,6_14;611.83;92,74;31,63;2,85;90,25;2,49
14,09.2019 17:03:04;32.3;2.86;319.7;585.9871653649611;305.86;Module 1,6_14;606.71;92,38;31,63;2,83;89,45;2,93
14,09.2019 17:04:59;32.5;2.89;318.1;593.2869769276801;305.2;Module 1,6_14;614.39;93,92;31,93;2,86;91,43;2,50
14,09.2019 17:08:45;31.6;1.63;317.6;548.5645408575785;303.91;Module 1,6_14;568.31;51,51;31,99;2,64;84,47;-32,97
14,09.2019 17:10:40;33.2;2.85;317.6;587.9723609527223;303.75;Module 1,6_14;609.27;94,62;32,02;2,84;90,83;3,79
14,09.2019 17:12:36;33;2.75;317.6;565.6082264908464;303.65;Module 1,6_14;586.23;90,75;32,01;2,73;87,22;3,53
14,09.2019 17:14:29;32.9;2.65;317.6;550.6615373251476;303.72;Module 1,6_14;570.87;87,18;32,00;2,65;84,81;2,37
14,09.2019 17:16:27;32.8;2.57;317.6;533.2430615412777;303.83;Module 1,6_14;552.95;84,30;31,98;2,56;82,00;2,30
14,09.2019 17:18:20;32.9;2.52;317.6;523.2389144800567;303.71;Module 1,6_14;542.71;82,91;31,98;2,51;80,38;2,53
14,09.2019 17:20:15;32.9;2.51;317.6;523.1031163807119;303.63;Module 1,6_14;542.71;82,58;31,98;2,51;80,36;2,22
14,09.2019 17:22:08;32.9;2.49;316.1;518.0314639021458;303.93;Module 1,6_14;537.59;81,92;32,24;2,49;80,20;1,72
14,09.2019 17:24:04;32.9;2.44;316.1;508.0217713847304;304.36;Module 1,6_14;527.35;80,28;32,23;2,44;78,56;1,71
14,09.2019 17:25:57;32.8;2.39;316.1;495.5511206864966;304.51;Module 1,6_14;514.55;78,39;32,23;2,37;76,52;1,87
14,09.2019 17:27:50;32.8;2.37;315.6;497.8713905667155;304.25;Module 1,6_14;517.11;77,74;32,32;2,39;77,11;0,62
14,09.2019 17:29:47;32.8;2.13;315.6;379.44447664215465;303.99;Module 1,6_14;394.23;69,86;32,12;1,79;57,63;12,23
14,09.2019 17:31:44;32.9;2.3;315.6;475.3862114863897;303.6;Module 1,6_14;494.07;75,67;32,29;2,27;73,43;2,24
14,09.2019 17:34:02;33;2.05;315.6;344.70046313581406;303.63;Module 1,6_14;358.39;67,65;32,02;1,62;51,90;15,75
14,09.2019 17:36:04;32.8;1.78;315.6;324.8843701412095;303.43;Module 1,6_14;337.91;58,38;31,96;1,52;48,64;9,75
14,09.2019 17:37:56;32.5;2.05;315.6;401.0462632664709;303.3;Module 1,6_14;417.27;66,63;32,16;1,90;61,20;5,43
14,09.2019 17:39:52;33.2;2.19;315.6;469.76476417297494;303.42;Module 1,6_14;488.95;72,71;32,28;2,25;72,50;0,21
14,09.2019 17:49:26;33;1.63;312.1;409.8955946093447;301.71;Module 1,6_14;427.51;53,79;32,82;1,95;63,84;-10,05
14,09.2019 17:51:20;34.1;2.06;311.6;434.244354973306;301.98;Module 1,6_14;453.11;70,25;32,96;2,07;68,11;2,14
14,09.2019 17:53:15;33.9;2;311.6;424.2298679285931;302.36;Module 1,6_14;442.87;67,80;32,94;2,02;66,42;1,38
14,09.2019 17:55:16;33.7;1.99;311.6;416.65750239317515;302.71;Module 1,6_14;435.19;67,06;32,93;1,98;65,15;1,91
14,09.2019 17:57:08;33.5;1.97;311.6;411.55077994449414;303.23;Module 1,6_14;430.07;66,00;32,91;1,95;64,29;1,71
14,09.2019 17:59:01;33.4;1.94;311.6;408.8880171005642;303.58;Module 1,6_14;427.51;64,80;32,91;1,94;63,84;0,96
14,09.2019 18:00:53;33.3;1.88;311.6;398.88025909102123;303.71;Module 1,6_14;417.27;62,60;32,89;1,89;62,16;0,45
14,09.2019 18:02:47;33.3;1.87;311.6;396.20854000257634;303.85;Module 1,6_14;414.71;62,27;32,88;1,88;61,71;0,57
14,09.2019 18:04:43;33.2;1.86;311.6;386.1937817653736;304.08;Module 1,6_14;404.47;61,75;32,87;1,83;60,02;1,73
14,09.2019 18:06:36;33.3;1.87;311.6;390.8449304762733;304.31;Module 1,6_14;409.59;62,27;32,88;1,85;60,80;1,47
14,09.2019 18:08:29;33.3;1.86;311.6;385.71545064508325;304.51;Module 1,6_14;404.47;61,94;32,86;1,82;59,94;2,00
14,09.2019 18:10:22;33.3;1.83;311.6;383.0222070156575;304.67;Module 1,6_14;401.91;60,94;32,86;1,81;59,48;1,46
14,09.2019 18:12:15;33.4;1.82;311.6;377.88400749200576;304.64;Module 1,6_14;396.79;60,79;32,84;1,78;58,62;2,17
14,09.2019 18:14:08;33.3;1.78;311.6;372.7419985546527;304.77;Module 1,6_14;391.67;59,27;32,83;1,76;57,75;1,52
14,09.2019 18:16:28;33.5;1.73;311.6;357.7928852559376;304.46;Module 1,6_14;376.31;57,95;32,79;1,68;55,23;2,72
14,09.2019 18:18:34;33.4;1.66;311.6;335.592612425631;304.26;Module 1,6_14;353.27;55,44;32,73;1,57;51,49;3,96
14,09.2019 18:22:22;33.6;1.5;311.6;313.1739745738251;304.19;Module 1,6_14;330.23;50,40;32,65;1,46;47,71;2,69
15,09.2019 09:37:14;34.6;1.41;293.5;279.6555097807632;290.52;Module 1,6_14;307.02;48,79;35,78;1,28;45,91;2,88
15,09.2019 09:39:14;34.6;1.45;293.5;287.61004130652987;290.98;Module 1,6_14;315.24;50,17;35,82;1,32;47,38;2,79
15,09.2019 09:41:07;34.9;1.48;295.5;296.7518671246999;291.34;Module 1,6_14;324.78;51,65;35,50;1,37;48,62;3,03
15,09.2019 09:43:04;35;1.53;295.5;306.86262464955524;291.56;Module 1,6_14;335.35;53,55;35,53;1,42;50,47;3,08
15,09.2019 09:45:00;34.9;1.55;295.5;311.98874683869644;291.82;Module 1,6_14;340.47;54,09;35,55;1,45;51,41;2,69
15,09.2019 09:46:53;34.9;1.6;295.5;319.4517674059664;292.11;Module 1,6_14;348.15;55,84;35,58;1,48;52,77;3,07
15,09.2019 09:48:46;34.9;1.63;295.5;326.920211166474;292.38;Module 1,6_14;355.83;56,89;35,60;1,52;54,14;2,75
15,09.2019 09:50:39;35.3;1.64;295.5;334.39382313470554;292.64;Module 1,6_14;363.51;57,89;35,63;1,56;55,51;2,39
15,09.2019 09:52:32;35.4;1.68;296;341.87236271919727;292.69;Module 1,6_14;371.19;59,47;35,56;1,60;56,74;2,73
15,09.2019 09:54:27;35.4;1.71;296;349.3627485206334;292.82;Module 1,6_14;378.87;60,53;35,58;1,63;58,11;2,42
15,09.2019 09:56:20;35.3;1.68;297.5;345.0338672957339;292.98;Module 1,6_14;373.75;59,30;35,30;1,61;56,92;2,38
15,09.2019 09:58:12;35.2;1.78;297.5;361.9729570751007;293.22;Module 1,6_14;391.67;62,66;35,34;1,70;59,99;2,67
15,09.2019 10:00:07;35.2;1.8;297.5;367.10492289678905;293.53;Module 1,6_14;396.79;63,36;35,36;1,72;60,92;2,44
15,09.2019 10:01:59;35.2;1.85;297.5;376.967442103106;293.67;Module 1,6_14;407.03;65,12;35,38;1,77;62,71;2,41
15,09.2019 10:03:52;35.2;1.83;297.5;372.60214120027854;293.78;Module 1,6_14;401.91;64,42;35,38;1,75;61,92;2,50
15,09.2019 10:05:45;35.2;1.89;299.5;382.47108015962175;293.89;Module 1,6_14;412.15;66,53;35,04;1,80;63,10;3,43
15,09.2019 10:07:37;35.3;1.88;299.5;385.21137625746195;294.02;Module 1,6_14;414.71;66,36;35,05;1,81;63,59;2,77
15,09.2019 10:09:33;35.2;1.96;299.5;402.24017431800826;294.1;Module 1,6_14;432.63;68,99;35,08;1,90;66,65;2,35
15,09.2019 10:11:33;35.2;1.99;300;409.7734045400372;294.17;Module 1,6_14;440.31;70,05;35,00;1,94;67,83;2,21
15,09.2019 10:13:34;35;2.03;300;417.3125785376461;294.35;Module 1,6_14;447.99;71,05;35,02;1,98;69,18;1,87
15,09.2019 10:15:26;35;2.04;301.5;417.66570163333455;294.54;Module 1,6_14;447.99;71,40;34,75;1,98;68,74;2,66
15,09.2019 10:17:19;34.8;1.99;301.5;410.8469375375877;294.85;Module 1,6_14;440.31;69,25;34,73;1,94;67,53;1,72
15,09.2019 10:19:21;34.8;1.97;301.5;404.0336031431468;295.08;Module 1,6_14;432.63;68,56;34,73;1,91;66,33;2,23
15,09.2019 10:21:17;34.8;2.07;302;428.28752159900796;295.28;Module 1,6_14;458.23;72,04;34,68;2,03;70,46;1,58
15,09.2019 10:23:09;34.8;2.1;302;433.40251479237656;295.4;Module 1,6_14;463.35;73,08;34,69;2,06;71,36;1,72
15,09.2019 10:25:06;34.8;2.18;303.5;450.5131559800723;295.64;Module 1,6_14;481.27;75,86;34,45;2,14;73,84;2,03
15,09.2019 10:26:59;34.8;2.22;303.5;455.6382080964527;295.75;Module 1,6_14;486.39;77,26;34,45;2,17;74,73;2,52
15,09.2019 10:28:52;34.7;2.18;303.5;451.1629302847925;295.99;Module 1,6_14;481.27;75,65;34,45;2,15;73,95;1,70
15,09.2019 10:30:44;34.6;2.13;304;439.46618275083824;296.25;Module 1,6_14;468.47;73,70;34,34;2,09;71,72;1,98
15,09.2019 10:32:51;34.5;2.27;304;466.23752927984435;296.53;Module 1,6_14;496.63;78,31;34,38;2,22;76,40;1,91
15,09.2019 10:34:44;34.5;2.27;304;468.95047042203373;296.8;Module 1,6_14;499.19;78,31;34,38;2,24;76,88;1,44
15,09.2019 10:36:37;34.4;2.27;304;469.2530771984215;296.92;Module 1,6_14;499.19;78,09;34,38;2,24;76,93;1,16
15,09.2019 10:38:30;34.5;2.29;304;476.77288259314116;297.04;Module 1,6_14;506.87;79,00;34,38;2,28;78,24;0,76
15,09.2019 10:40:25;34.6;2.32;305.1;484.30024603426716;296.98;Module 1,6_14;514.55;80,27;34,20;2,31;79,12;1,15
15,09.2019 10:42:19;34.6;2.38;305.1;501.4710509376164;297.02;Module 1,6_14;532.47;82,35;34,21;2,40;82,10;0,25
15,09.2019 10:44:17;34.6;2.48;305.1;516.2536606567348;296.97;Module 1,6_14;547.83;85,81;34,23;2,47;84,66;1,15
15,09.2019 10:46:10;34.5;2.53;305.1;526.2057021818902;296.96;Module 1,6_14;558.07;87,28;34,23;2,52;86,38;0,90
15,09.2019 10:48:08;34.3;2.56;305.1;528.9296995583233;297.03;Module 1,6_14;560.63;87,81;34,23;2,54;86,85;0,95
15,09.2019 10:50:01;34.2;2.49;307.6;517.1374270492718;297.07;Module 1,6_14;547.83;85,16;33,78;2,48;83,74;1,41
15,09.2019 10:51:54;34.1;2.61;307.6;534.3405449210138;297.18;Module 1,6_14;565.75;89,00;33,79;2,57;86,68;2,32
15,09.2019 10:54:00;33.9;2.61;307.6;539.4922175294205;297.37;Module 1,6_14;570.87;88,48;33,80;2,59;87,56;0,92
15,09.2019 10:55:54;34;2.64;307.6;544.6128876016035;297.48;Module 1,6_14;575.99;89,76;33,80;2,62;88,43;1,33
15,09.2019 10:57:46;34;2.72;307.6;556.9931148915225;297.56;Module 1,6_14;588.79;92,48;33,80;2,68;90,55;1,93
15,09.2019 10:59:39;34;2.76;308.1;569.382164357365;297.57;Module 1,6_14;601.59;93,84;33,72;2,74;92,42;1,42
15,09.2019 11:01:35;33.8;2.83;308.1;579.360610213577;297.69;Module 1,6_14;611.83;95,65;33,73;2,79;94,11;1,54
15,09.2019 11:03:28;33.7;2.88;309.6;584.4847977844289;297.87;Module 1,6_14;616.95;97,06;33,46;2,82;94,24;2,81
15,09.2019 11:05:21;33.4;2.93;309.6;589.6080552584796;298.04;Module 1,6_14;622.07;97,86;33,46;2,84;95,11;2,76
15,09.2019 11:07:17;33.2;2.95;309.6;589.8824035043823;298.11;Module 1,6_14;622.07;97,94;33,46;2,84;95,15;2,79
15,09.2019 11:09:13;33.2;2.96;309.6;595.0085492694934;298.07;Module 1,6_14;627.19;98,27;33,46;2,87;96,01;2,26
15,09.2019 11:11:06;33.2;2.97;309.6;600.1268301287063;298.24;Module 1,6_14;632.31;98,60;33,46;2,90;96,87;1,73
15,09.2019 11:12:58;33.3;2.95;310.1;600.3805595524137;298.41;Module 1,6_14;632.31;98,23;33,38;2,90;96,66;1,57
15,09.2019 11:14:54;33.3;2.85;310.1;576.3205653682357;298.49;Module 1,6_14;606.71;94,91;33,37;2,78;92,63;2,28
15,09.2019 11:16:47;33.4;2.98;310.1;608.1828389202071;298.35;Module 1,6_14;639.99;99,53;33,38;2,94;97,97;1,56
15,09.2019 11:18:41;33.3;3.03;311.6;615.7307886314106;298.34;Module 1,6_14;647.67;100,90;33,11;2,97;98,45;2,45
15,09.2019 11:20:35;33.1;3.08;311.6;623.2798908802574;298.43;Module 1,6_14;655.35;101,95;33,11;3,01;99,70;2,24
15,09.2019 11:22:24;33.1;3.14;311.6;633.150382381081;298.63;Module 1,6_14;665.48;103,93;33,11;3,06;101,34;2,59
15,09.2019 11:24:17;32.9;3.2;311.6;643.0894594003626;298.92;Module 1,6_14;675.67;105,28;33,11;3,11;102,99;2,29
15,09.2019 11:26:10;32.9;3.22;311.6;644.1193644446807;299.27;Module 1,6_14;676.5;105,94;33,11;3,12;103,16;2,78
15,09.2019 11:28:04;32.8;3.23;311.6;649.3480049948091;299.4;Module 1,6_14;681.74;105,94;33,11;3,14;104,02;1,92
15,09.2019 11:29:57;32.9;3.31;311.6;666.9606150559264;299.64;Module 1,6_14;699.98;108,90;33,11;3,23;106,93;1,97
15,09.2019 11:31:50;32.8;3.3;312.1;661.0476511667306;299.64;Module 1,6_14;693.53;108,24;33,02;3,20;105,67;2,57
15,09.2019 11:33:49;32.7;3.32;312.1;670.632678886098;299.81;Module 1,6_14;703.33;108,56;33,02;3,25;107,25;1,31
15,09.2019 11:35:42;32.6;3.38;312.1;681.3523289928846;299.92;Module 1,6_14;714.33;110,19;33,02;3,30;109,02;1,17
15,09.2019 11:37:35;32.6;3.44;313.6;694.1645225978608;300.19;Module 1,6_14;727.52;112,14;32,75;3,37;110,23;1,92
15,09.2019 11:39:27;32.4;3.47;313.6;698.0928797566415;300.47;Module 1,6_14;731.4;112,43;32,74;3,39;110,87;1,56
15,09.2019 11:41:28;32.4;3.47;314.1;694.4850811094528;300.64;Module 1,6_14;727.37;112,43;32,66;3,37;109,98;2,45
15,09.2019 11:43:24;32.3;3.45;314.1;695.94178027945;301.07;Module 1,6_14;728.66;111,44;32,66;3,38;110,22;1,22
15,09.2019 11:45:19;32.2;3.48;314.1;701.0238740111452;301.38;Module 1,6_14;733.75;112,06;32,66;3,40;111,04;1,01
15,09.2019 11:47:12;32.2;3.54;315.6;710.28726827696;301.57;Module 1,6_14;743.22;113,99;32,38;3,45;111,63;2,36
15,09.2019 11:49:16;32.2;3.6;315.6;724.0949877148348;301.61;Module 1,6_14;757.42;115,92;32,38;3,52;113,85;2,07
15,09.2019 11:51:11;32.1;3.59;315.6;718.0948720712078;301.67;Module 1,6_14;750.92;115,24;32,38;3,49;112,88;2,36
15,09.2019 11:53:05;32;3.61;315.6;725.0087509121703;301.88;Module 1,6_14;757.93;115,52;32,38;3,52;113,99;1,53
15,09.2019 11:54:59;32;3.62;316.1;725.1580354538328;302.06;Module 1,6_14;757.87;115,84;32,29;3,52;113,70;2,14
15,09.2019 11:56:58;32;3.59;316.1;719.6655901665013;302.17;Module 1,6_14;751.91;114,88;32,29;3,49;112,82;2,06
15,09.2019 11:58:52;32;3.58;316.1;717.3169150244621;302.25;Module 1,6_14;749.25;114,56;32,29;3,48;112,45;2,11
15,09.2019 12:00:44;32;3.42;316.1;678.6370705223751;302.29;Module 1,6_14;708.66;109,44;32,30;3,29;106,24;3,20
15,09.2019 12:02:39;31.9;3.45;316.1;692.1624033725452;302.21;Module 1,6_14;722.59;110,06;32,30;3,36;108,41;1,64
15,09.2019 12:04:53;32;3.6;317.6;721.8674739909487;302.33;Module 1,6_14;753.37;115,20;32,02;3,50;112,24;2,96
15,09.2019 12:06:47;31.9;3.67;317.6;739.6393891436142;302.56;Module 1,6_14;771.72;117,07;32,02;3,59;115,05;2,02
15,09.2019 12:08:40;31.9;3.63;317.6;729.1250792052546;302.65;Module 1,6_14;760.56;115,80;32,02;3,54;113,39;2,41
15,09.2019 12:10:38;31.9;3.63;317.6;727.6719238643384;302.66;Module 1,6_14;758.85;115,80;32,02;3,53;113,16;2,64
15,09.2019 12:12:32;31.8;3.6;317.6;723.4270549790706;302.64;Module 1,6_14;754.24;114,48;32,02;3,51;112,48;2,00
15,09.2019 12:14:25;31.8;3.71;317.6;753.329350417571;302.87;Module 1,6_14;785.23;117,98;32,01;3,66;117,22;0,76
15,09.2019 12:16:20;31.7;3.78;317.6;753.757310998389;303.09;Module 1,6_14;785.49;119,83;32,01;3,66;117,29;2,54
15,09.2019 12:18:15;31.7;3.78;318.1;761.2371092030849;303.19;Module 1,6_14;793.1;119,83;31,91;3,70;118,14;1,69
15,09.2019 12:20:15;31.6;3.89;318.1;780.0247325684929;303.37;Module 1,6_14;812.48;122,92;31,91;3,80;121,10;1,83
15,09.2019 12:22:08;31.5;3.92;319.7;790.5583908744788;303.55;Module 1,6_14;823.27;123,48;31,62;3,85;121,64;1,84
15,09.2019 12:24:01;31.5;3.96;319.7;797.7128525425196;303.88;Module 1,6_14;830.54;124,74;31,61;3,88;122,75;1,99
15,09.2019 12:26:00;31.3;3.99;319.7;804.1560164818131;304.16;Module 1,6_14;837.06;124,89;31,61;3,92;123,76;1,13
15,09.2019 12:28:00;31.3;3.95;319.7;793.9094250664821;304.27;Module 1,6_14;826.21;123,64;31,61;3,86;122,16;1,47
15,09.2019 12:29:53;31.3;4.04;319.7;812.9108257608573;304.25;Module 1,6_14;845.81;126,45;31,60;3,96;125,11;1,34
15,09.2019 12:31:46;31.3;4.08;320.2;821.3909720035396;304.43;Module 1,6_14;854.46;127,70;31,51;4,00;126,07;1,64
15,09.2019 12:33:41;31.3;4.1;320.2;826.1248173616182;304.69;Module 1,6_14;859.21;128,33;31,51;4,02;126,80;1,53
15,09.2019 12:35:43;31.3;4.1;320.2;826.3092665219458;304.82;Module 1,6_14;859.22;128,33;31,51;4,03;126,83;1,50
15,09.2019 12:37:36;31.3;4.08;320.2;824.2464976560002;305.08;Module 1,6_14;856.91;127,70;31,51;4,02;126,51;1,20
15,09.2019 12:39:30;31.3;4.04;320.2;819.7572380765034;305.2;Module 1,6_14;852.08;126,45;31,51;3,99;125,82;0,64
15,09.2019 12:41:23;31.4;3.87;321.2;785.2306182501991;304.96;Module 1,6_14;816.04;121,52;31,34;3,82;119,78;1,74
15,09.2019 12:43:17;31.4;3.97;321.2;809.1090718767965;304.92;Module 1,6_14;840.7;124,66;31,34;3,94;123,46;1,20
15,09.2019 12:45:13;31.5;4.08;321.2;831.6391068216717;304.85;Module 1,6_14;863.95;128,52;31,32;4,05;126,92;1,60
15,09.2019 12:47:10;31.5;3.99;320.2;805.1418205708912;304.45;Module 1,6_14;836.27;125,69;31,52;3,92;123,56;2,13
15,09.2019 12:49:03;31.5;4.01;320.2;811.4158514968815;304.23;Module 1,6_14;842.64;126,31;31,52;3,95;124,53;1,79
15,09.2019 12:50:56;31.5;4.17;322.7;853.1898825898586;304.3;Module 1,6_14;885.87;131,35;31,04;4,16;129,08;2,27
15,09.2019 12:52:49;31.5;4.34;322.7;880.6517691755226;304.75;Module 1,6_14;914.23;136,71;31,02;4,30;133,24;3,47
15,09.2019 12:54:43;31.2;4.35;321.2;876.9449539865816;305.22;Module 1,6_14;910.23;135,72;31,29;4,28;133,84;1,88
15,09.2019 12:56:36;31.2;4.46;321.2;902.9791461591407;305.61;Module 1,6_14;937.1;139,15;31,27;4,41;137,81;1,35
15,09.2019 12:58:33;31;4.37;321.2;867.4312841302892;306.19;Module 1,6_14;900.06;135,47;31,30;4,23;132,39;3,08
15,09.2019 13:00:26;31;4.29;320.2;864.4444462382036;306.48;Module 1,6_14;896.82;132,99;31,48;4,22;132,70;0,29
15,09.2019 13:02:19;31;4;320.2;809.3571733278858;305.89;Module 1,6_14;839.54;124,00;31,52;3,94;124,21;-0,21
15,09.2019 13:04:12;31.4;4.22;321.2;857.6511183258713;305.77;Module 1,6_14;889.5;132,51;31,30;4,18;130,90;1,61
15,09.2019 13:06:05;31.3;4.34;321.2;873.4784225255385;305.89;Module 1,6_14;905.78;135,84;31,29;4,26;133,32;2,53
15,09.2019 13:08:20;30.8;4.1;321.2;823.7757117739174;305.57;Module 1,6_14;854.09;126,28;31,33;4,01;125,71;0,57
15,09.2019 13:10:13;31.9;3.82;321.2;786.8129571587358;304.89;Module 1,6_14;815.65;121,86;31,34;3,83;120,02;1,84
15,09.2019 13:12:07;30.7;3.84;321.2;729.2115782545985;304.35;Module 1,6_14;755.83;117,89;31,37;3,54;111,11;6,78
15,09.2019 13:14:00;32.1;4.07;320.2;800.8225128409031;304.46;Module 1,6_14;829.94;130,65;31,52;3,90;122,89;7,76
15,09.2019 13:17:50;32;4.22;320.2;850.4498787071205;304.35;Module 1,6_14;881.13;135,04;31,49;4,15;130,55;4,49
15,09.2019 13:19:57;31.9;4.05;320.2;817.9568480184836;304.46;Module 1,6_14;847.34;129,19;31,51;3,98;125,54;3,66
15,09.2019 13:21:50;31.9;3.32;320.2;847.7494689151576;304.76;Module 1,6_14;878.09;105,91;31,49;4,13;130,13;-24,22
15,09.2019 13:23:44;31.8;4.18;319.7;780.4605909965775;305.06;Module 1,6_14;808.29;132,92;31,62;3,80;120,07;12,85
15,09.2019 13:25:36;32.2;4.38;319.7;880.2154642629838;305.28;Module 1,6_14;911.49;141,04;31,55;4,29;135,51;5,53
15,09.2019 13:27:29;31.5;4.27;319.7;856.2546004052435;305.64;Module 1,6_14;886.57;134,50;31,58;4,17;131,82;2,69
15,09.2019 13:35:11;33;4.38;319.7;901.1954236709756;303.78;Module 1,6_14;932.66;144,54;31,54;4,40;138,73;5,81
15,09.2019 13:37:09;32.2;4.77;319.7;969.7668105948504;304.41;Module 1,6_14;1003.51;153,59;31,48;4,74;149,19;4,40
15,09.2019 13:39:01;31.5;3.15;318.1;909.6783718958907;305.17;Module 1,6_14;941.23;99,22;31,82;4,44;141,31;-42,08
15,09.2019 13:40:54;31.5;4.51;318.1;957.6011043280643;306.08;Module 1,6_14;990.71;142,06;31,77;4,68;148,69;-6,63
15,09.2019 13:42:47;31.2;4.8;318.1;938.6955149070391;306.55;Module 1,6_14;971.05;149,76;31,80;4,58;145,79;3,97
15,09.2019 13:44:40;31.9;4.68;318.1;955.322851120687;306.71;Module 1,6_14;988.15;149,29;31,78;4,67;148,34;0,95
15,09.2019 13:46:38;30.8;4.69;318.1;960.3725345763368;307.05;Module 1,6_14;993.27;144,45;31,77;4,69;149,12;-4,67
15,09.2019 13:48:35;30.6;3.87;320.2;940.3948753659058;307.25;Module 1,6_14;972.51;118,42;31,41;4,59;144,31;-25,88
15,09.2019 13:50:46;31.5;2.03;320.2;371.3504480364843;307.28;Module 1,6_14;383.99;63,94;31,26;1,76;54,88;9,06
15,09.2019 13:54:32;32.1;2.9;321.2;883.0998538662155;305.82;Module 1,6_14;912.99;93,09;31,28;4,31;134,78;-41,69
15,09.2019 13:56:27;32;4.7;320.2;948.8432469951052;305.06;Module 1,6_14;980.87;150,40;31,41;4,64;145,59;4,81
15,09.2019 13:58:20;31.7;4.6;320.2;936.0780271281792;304.92;Module 1,6_14;967.59;145,82;31,42;4,57;143,65;2,17
15,09.2019 14:00:18;31.5;4.54;320.2;921.6867197641968;305.32;Module 1,6_14;952.63;143,01;31,43;4,50;141,46;1,55
15,09.2019 14:02:15;31.1;4.5;320.2;917.8757813460116;305.90999999999997;Module 1,6_14;948.61;139,95;31,44;4,48;140,88;-0,93
15,09.2019 14:04:14;31;4.33;320.2;887.4038595131166;306.11;Module 1,6_14;917.04;134,23;31,46;4,33;136,22;-1,99
15,09.2019 14:06:07;31.1;4.49;320.2;908.754518249289;306.25;Module 1,6_14;939.03;139,64;31,45;4,44;139,49;0,15
15,09.2019 14:08:00;30.9;4.49;320.2;911.5823679619473;306.67;Module 1,6_14;941.88;138,74;31,45;4,45;139,92;-1,18
15,09.2019 14:09:55;30.9;4.49;320.2;914.1874193656507;306.6;Module 1,6_14;944.5;138,74;31,44;4,46;140,31;-1,57
15,09.2019 14:11:50;31.3;4.47;321.2;909.560207061493;306.36;Module 1,6_14;939.65;139,91;31,27;4,44;138,80;1,11
15,09.2019 14:12:54;31.3;4.44;321.2;900.3425341886592;306.37;Module 1,6_14;930.09;138,97;31,27;4,39;137,40;1,57
15,09.2019 14:14:49;31.1;4.4;321.2;892.5356269444065;306.53;Module 1,6_14;921.96;136,84;31,27;4,36;136,22;0,62
15,09.2019 14:16:43;31.2;4.51;321.2;916.5387456128346;306.40999999999997;Module 1,6_14;946.69;140,71;31,26;4,47;139,86;0,85
15,09.2019 14:18:57;31.1;4.32;321.2;876.3025119774461;306.71;Module 1,6_14;905.06;134,35;31,29;4,27;133,75;0,61
15,09.2019 14:20:50;31.1;4.32;321.2;873.6467035025051;307.1;Module 1,6_14;902.26;134,35;31,29;4,26;133,34;1,01
15,09.2019 14:22:45;31;4.43;321.2;893.7846981252405;307.35;Module 1,6_14;923;137,33;31,27;4,36;136,41;0,92
15,09.2019 14:24:38;30.7;4.37;321.2;874.9053934952767;307.53;Module 1,6_14;903.45;134,16;31,29;4,27;133,53;0,63
15,09.2019 14:26:32;30.7;4.43;321.2;891.0615355767266;307.68;Module 1,6_14;920.08;136,00;31,28;4,35;135,99;0,01
15,09.2019 14:28:27;30.7;4.4;321.2;885.7752636019668;307.75;Module 1,6_14;914.57;135,08;31,28;4,32;135,19;-0,11
15,09.2019 14:30:21;30.7;4.41;323.7;887.3243100917787;307.83;Module 1,6_14;916.12;135,39;30,83;4,33;133,46;1,93
15,09.2019 14:32:15;30.6;3.65;323.7;640.9055385392687;307.64;Module 1,6_14;661.67;111,69;30,92;3,10;95,92;15,77
15,09.2019 14:34:14;30.7;4.59;323.7;925.2625612803329;307.37;Module 1,6_14;955.19;140,91;30,80;4,52;139,13;1,78
15,09.2019 14:36:07;30.7;4.54;323.7;915.7646905272358;307.25;Module 1,6_14;945.34;139,38;30,80;4,47;137,71;1,67
15,09.2019 14:38:00;30.7;4.36;323.7;879.4973519268123;307.28;Module 1,6_14;907.86;133,85;30,84;4,29;132,28;1,57
15,09.2019 14:39:58;30.9;4.26;323.7;865.4800593080316;306.89;Module 1,6_14;893.35;131,63;30,84;4,22;130,18;1,46
15,09.2019 14:41:52;31.1;4.26;323.7;863.8499663713883;306.86;Module 1,6_14;891.63;132,49;30,84;4,21;129,93;2,56
15,09.2019 14:43:45;31.1;4.24;323.7;859.5339238987802;306.86;Module 1,6_14;887.14;131,86;30,85;4,19;129,28;2,58
15,09.2019 14:45:40;31.1;4.2;321.2;846.2151603459084;307;Module 1,6_14;873.36;130,62;31,31;4,12;129,15;1,47
15,09.2019 14:47:34;31.1;4.19;321.2;848.5517201144781;307.28;Module 1,6_14;875.74;130,31;31,31;4,14;129,51;0,80
15,09.2019 14:49:34;30.6;3.08;321.2;640.7049101966809;307.40999999999997;Module 1,6_14;661.21;94,25;31,38;3,10;97,29;-3,04
15,09.2019 14:51:27;31.5;4.08;321.2;830.4881651622583;307.57;Module 1,6_14;857.04;128,52;31,32;4,05;126,74;1,78
15,09.2019 14:53:20;31.4;3.57;321.2;749.0642750694051;307.59000000000003;Module 1,6_14;772.99;112,10;31,36;3,64;114,19;-2,09
15,09.2019 14:55:15;31.3;4.03;321.2;818.2869475994842;307.75;Module 1,6_14;844.4;126,14;31,33;3,99;124,87;1,27
15,09.2019 14:57:13;31.2;4.06;321.2;820.7799530450665;308.03;Module 1,6_14;846.95;126,67;31,33;4,00;125,25;1,42
15,09.2019 14:59:06;31.2;4.02;321.2;811.5149935498794;308.40999999999997;Module 1,6_14;837.37;125,42;31,34;3,95;123,83;1,60
15,09.2019 15:01:06;31.2;4.01;321.2;813.6364401247595;308.03;Module 1,6_14;839.54;125,11;31,33;3,96;124,15;0,96
15,09.2019 15:03:00;31.2;4.04;321.2;817.9165522688558;307.86;Module 1,6_14;843.94;126,05;31,33;3,98;124,81;1,24
15,09.2019 15:04:54;31.1;4.08;321.2;829.6868781868927;307.83;Module 1,6_14;856.07;126,89;31,32;4,04;126,62;0,27
15,09.2019 15:06:47;31;4.09;321.2;826.8305686639117;307.83;Module 1,6_14;853.11;126,79;31,32;4,03;126,18;0,61
15,09.2019 15:08:39;31.1;4.18;321.2;846.5161489210307;307.72;Module 1,6_14;873.41;130,00;31,31;4,13;129,20;0,80
15,09.2019 15:10:35;31.1;4.1;321.2;828.5465884165206;307.56;Module 1,6_14;854.86;127,51;31,32;4,04;126,44;1,07
15,09.2019 15:12:27;31.1;4.05;323.7;824.0759340903946;307.85;Module 1,6_14;850.24;125,95;30,88;4,01;123,93;2,02
15,09.2019 15:14:20;31.1;4.01;323.7;822.3658374732161;308.03;Module 1,6_14;848.47;124,71;30,88;4,01;123,67;1,04
15,09.2019 15:16:13;31.3;4.01;323.7;818.4053157700453;307.71;Module 1,6_14;844.38;125,51;30,88;3,99;123,07;2,44
15,09.2019 15:18:16;31.3;4.05;321.2;826.0157955059474;307.65999999999997;Module 1,6_14;852.23;126,77;31,32;4,02;126,05;0,71
15,09.2019 15:20:09;31.3;4.12;321.2;832.6743813761004;307.9;Module 1,6_14;859.1;128,96;31,32;4,06;127,08;1,88
15,09.2019 15:22:24;31.3;4.05;321.2;820.9634532696277;308.13;Module 1,6_14;847.02;126,77;31,33;4,00;125,28;1,49
15,09.2019 15:24:19;31.3;3.97;321.2;804.7730619191755;308.14;Module 1,6_14;830.32;124,26;31,34;3,92;122,79;1,47
15,09.2019 15:26:13;31.2;4;321.2;805.4552514230152;308;Module 1,6_14;831.03;124,80;31,34;3,92;122,89;1,91
15,09.2019 15:28:05;31.4;3.89;321.2;798.6048915403788;308.03;Module 1,6_14;823.97;122,15;31,34;3,89;121,84;0,31
15,09.2019 15:30:00;31.5;3.94;321.2;801.308932031762;307.82;Module 1,6_14;826.77;124,11;31,34;3,90;122,26;1,85
15,09.2019 15:31:55;31.6;3.91;321.2;802.0047248229398;307.7;Module 1,6_14;827.5;123,56;31,34;3,90;122,36;1,19
15,09.2019 15:33:51;31.5;3.86;321.2;788.3740084737976;307.23;Module 1,6_14;813.45;121,59;31,34;3,84;120,26;1,33
15,09.2019 15:35:45;31.5;3.86;321.2;791.4212224672739;307.3;Module 1,6_14;816.61;121,59;31,34;3,85;120,73;0,86
15,09.2019 15:37:39;31.4;3.91;321.2;797.5191118904685;307.59000000000003;Module 1,6_14;822.92;122,77;31,34;3,88;121,67;1,10
15,09.2019 15:39:32;31.1;3.93;321.2;791.8886615380128;308;Module 1,6_14;817.13;122,22;31,34;3,85;120,80;1,42
15,09.2019 15:41:26;31.1;3.88;321.2;786.1690975517384;308.1;Module 1,6_14;811.25;120,67;31,34;3,83;119,92;0,75
15,09.2019 15:43:20;31.3;3.84;321.2;778.0251819654085;307.96;Module 1,6_14;802.87;120,19;31,35;3,79;118,67;1,53
15,09.2019 15:45:15;31.5;3.76;321.2;767.5344601189822;307.69;Module 1,6_14;792.07;118,44;31,35;3,73;117,05;1,39
15,09.2019 15:47:08;31.7;3.73;321.2;768.5447561489822;307.85;Module 1,6_14;793.14;118,24;31,35;3,74;117,20;1,04
15,09.2019 15:49:22;31.9;3.73;321.2;767.2219096406277;308.13;Module 1,6_14;791.81;118,99;31,35;3,73;117,00;1,99
15,09.2019 15:51:15;31.8;3.74;321.2;764.4682618701597;307.92;Module 1,6_14;789;118,93;31,36;3,72;116,57;2,36
15,09.2019 15:53:09;31.6;3.76;321.2;764.44463812075;307.75;Module 1,6_14;789.01;118,82;31,36;3,72;116,57;2,25
15,09.2019 15:55:02;31.6;3.73;321.2;754.7890768886838;307.78;Module 1,6_14;779.08;117,87;31,36;3,67;115,07;2,79
15,09.2019 15:57:04;31.6;3.72;321.2;751.2422273736256;307.81;Module 1,6_14;775.46;117,55;31,36;3,65;114,52;3,03
15,09.2019 15:58:58;31.7;3.68;320.2;737.1951463527437;307.81;Module 1,6_14;761;116,66;31,55;3,58;112,99;3,66
15,09.2019 16:00:54;31.6;3.66;320.2;741.9677894059216;307.96;Module 1,6_14;765.97;115,66;31,55;3,61;113,74;1,92
15,09.2019 16:02:47;31.8;3.57;320.2;727.9477117968611;308.18;Module 1,6_14;751.54;113,53;31,55;3,54;111,55;1,98
15,09.2019 16:04:51;31.7;3.6;320.2;729.1288349737927;308.17;Module 1,6_14;752.81;114,12;31,55;3,54;111,73;2,39
15,09.2019 16:06:43;31.7;3.57;320.2;719.6588963613217;308.02;Module 1,6_14;743.08;113,17;31,55;3,49;110,25;2,92
15,09.2019 16:08:37;31.9;3.55;320.2;716.9659796212611;307.77;Module 1,6_14;740.35;113,24;31,55;3,48;109,83;3,41
15,09.2019 16:10:34;31.7;3.53;320.2;713.8242531132165;307.68;Module 1,6_14;737.16;111,90;31,55;3,47;109,34;2,56
15,09.2019 16:12:30;31.8;3.52;320.2;717.7880414057015;307.72;Module 1,6_14;741.31;111,94;31,55;3,48;109,96;1,98
15,09.2019 16:14:26;32;3.45;320.2;699.1897686481492;307.82;Module 1,6_14;722.16;110,40;31,55;3,39;107,05;3,35
15,09.2019 16:16:20;31.9;3.5;320.2;712.8989174164969;307.56;Module 1,6_14;736.38;111,65;31,55;3,46;109,19;2,46
15,09.2019 16:18:15;31.9;3.46;319.7;705.7997006481954;307.15;Module 1,6_14;729.11;110,37;31,65;3,42;108,39;1,98
15,09.2019 16:20:17;31.9;3.44;319.7;700.4374646299383;307.3;Module 1,6_14;723.64;109,74;31,65;3,40;107,55;2,19
15,09.2019 16:22:10;31.8;3.39;319.7;689.1552787222458;307.59000000000003;Module 1,6_14;712.05;107,80;31,65;3,34;105,77;2,03
15,09.2019 16:24:03;32.1;3.39;319.7;692.0598886905394;307.67;Module 1,6_14;715.12;108,82;31,65;3,36;106,23;2,59
15,09.2019 16:25:59;32.2;3.37;319.7;690.7791050836342;307.65;Module 1,6_14;713.87;108,51;31,65;3,35;106,03;2,48
15,09.2019 16:27:53;32.2;3.32;320.2;680.1988343774415;307.64;Module 1,6_14;703.01;106,90;31,55;3,30;104,07;2,84
15,09.2019 16:29:45;32.1;3.3;320.2;669.7644565849641;307.69;Module 1,6_14;692.3;105,93;31,55;3,25;102,43;3,50
15,09.2019 16:31:38;32;3.27;319.7;666.6807481233529;308.03;Module 1,6_14;689.19;104,64;31,65;3,23;102,23;2,41
15,09.2019 16:33:32;32;3.25;319.7;664.3776724809835;307.92;Module 1,6_14;686.89;104,00;31,65;3,22;101,87;2,13
15,09.2019 16:35:30;32.2;3.23;319.7;661.7598452704254;307.73;Module 1,6_14;684.27;104,01;31,65;3,21;101,45;2,55
15,09.2019 16:37:22;32.2;3.21;319.7;659.2793298857886;307.03;Module 1,6_14;681.79;103,36;31,65;3,19;101,06;2,30
15,09.2019 16:39:15;32.1;3.11;319.7;633.6298136377334;306.8;Module 1,6_14;655.35;99,83;31,65;3,07;97,01;2,82
15,09.2019 16:41:08;32.1;3.1;319.7;635.178143583612;307.06;Module 1,6_14;657.04;99,51;31,65;3,07;97,25;2,26
15,09.2019 16:43:01;32.1;3.06;319.7;623.558009104645;307.49;Module 1,6_14;645.11;98,23;31,65;3,01;95,41;2,81
15,09.2019 16:44:53;32.1;3.01;319.7;616.0463156439776;307.67;Module 1,6_14;637.43;96,62;31,64;2,98;94,22;2,40
15,09.2019 16:46:46;32.2;3;319.7;618.4279199356492;307.53;Module 1,6_14;639.99;96,60;31,64;2,99;94,60;2,00
15,09.2019 16:48:39;32.1;3;319.7;615.8588370936699;307.42;Module 1,6_14;637.43;96,30;31,64;2,98;94,19;2,11
15,09.2019 16:50:39;32.2;2.95;319.7;603.3892801628955;307.68;Module 1,6_14;624.63;94,99;31,64;2,91;92,21;2,78
15,09.2019 16:52:31;32.2;2.95;319.7;603.2900497868154;307.85;Module 1,6_14;624.63;94,99;31,64;2,91;92,20;2,79
15,09.2019 16:54:37;32.2;2.93;319.7;600.7023574400074;307.95;Module 1,6_14;622.07;94,35;31,64;2,90;91,79;2,56
15,09.2019 16:56:31;32.3;2.88;319.7;590.7079489112688;307.92;Module 1,6_14;611.83;93,02;31,63;2,85;90,20;2,83
15,09.2019 16:58:28;32.3;2.85;319.7;583.1818185598426;308.14;Module 1,6_14;604.15;92,05;31,63;2,81;89,00;3,06
15,09.2019 17:00:22;32.3;2.83;319.7;578.1283479308662;308.3;Module 1,6_14;599.03;91,41;31,63;2,79;88,20;3,21
15,09.2019 17:02:18;32.4;2.81;319.7;573.071037140689;308.40999999999997;Module 1,6_14;593.91;91,04;31,63;2,76;87,39;3,65
15,09.2019 17:04:22;32.4;2.77;317.6;565.5338310089306;308.63;Module 1,6_14;586.23;89,75;32,01;2,72;87,21;2,54
15,09.2019 17:06:15;32.3;2.71;317.6;555.5379686999172;308.55;Module 1,6_14;575.99;87,53;32,00;2,67;85,60;1,93
15,09.2019 17:08:08;32.5;2.7;317.6;550.4795849966657;308.17;Module 1,6_14;570.87;87,75;32,00;2,65;84,78;2,97
15,09.2019 17:10:01;32.6;2.66;317.6;547.8874219890338;307.92;Module 1,6_14;568.31;86,72;31,99;2,64;84,36;2,35
15,09.2019 17:11:54;32.6;2.62;317.6;542.8248754409695;307.71;Module 1,6_14;563.19;85,41;31,99;2,61;83,55;1,87
15,09.2019 17:13:47;32.6;2.6;317.6;535.2936499359499;307.46;Module 1,6_14;555.51;84,76;31,98;2,57;82,33;2,43
15,09.2019 17:15:49;32.7;2.57;317.6;530.2173103173955;307.36;Module 1,6_14;550.39;84,04;31,98;2,55;81,51;2,53
15,09.2019 17:17:45;32.8;2.47;317.6;510.3527766563458;307.28;Module 1,6_14;529.91;81,02;31,97;2,45;78,29;2,72
15,09.2019 17:19:40;32.8;2.45;317.6;517.6087922615291;307.36;Module 1,6_14;537.59;80,36;31,97;2,49;79,47;0,89
15,09.2019 17:21:33;32.8;2.5;317.6;519.9302408865652;307.45;Module 1,6_14;540.15;82,00;31,98;2,50;79,84;2,16
15,09.2019 17:23:26;32.8;2.44;316.1;507.4647311964547;307.07;Module 1,6_14;527.35;80,03;32,23;2,43;78,47;1,56
15,09.2019 17:25:19;32.8;2.42;316.1;504.8525049101439;307.08;Module 1,6_14;524.79;79,38;32,23;2,42;78,04;1,33
15,09.2019 17:27:12;32.8;2.35;316.1;494.85080152936683;307.06;Module 1,6_14;514.55;77,08;32,22;2,37;76,41;0,67
15,09.2019 17:29:05;32.8;2.31;316.1;484.85013853796676;306.8;Module 1,6_14;504.31;75,77;32,21;2,32;74,77;0,99
15,09.2019 17:31:00;32.9;2.28;316.1;479.76865457979;306.59000000000003;Module 1,6_14;499.19;75,01;32,20;2,30;73,94;1,07
15,09.2019 17:32:54;33.1;2.25;316.1;477.14601413999765;306.31;Module 1,6_14;496.63;74,48;32,20;2,28;73,51;0,96
15,09.2019 17:34:47;33.1;2.22;316.1;467.14487349582043;306.24;Module 1,6_14;486.39;73,48;32,19;2,23;71,87;1,61
15,09.2019 17:37:01;33;2.13;315.6;444.8256112749731;306.22;Module 1,6_14;463.35;70,29;32,25;2,12;68,40;1,89
15,09.2019 17:38:56;33;2.1;315.6;444.6555685362413;306.14;Module 1,6_14;463.35;69,30;32,25;2,12;68,38;0,92
15,09.2019 17:40:49;33;2.11;315.6;442.0268878228313;306.23;Module 1,6_14;460.79;69,63;32,24;2,11;67,94;1,69
15,09.2019 17:42:41;33.1;2.07;315.6;436.9409725654227;306.13;Module 1,6_14;455.67;68,52;32,23;2,08;67,11;1,41
15,09.2019 17:44:37;33.2;2.05;315.6;434.30022118777305;306.05;Module 1,6_14;453.11;68,06;32,23;2,07;66,67;1,39
15,09.2019 17:46:36;33.2;2.01;314.1;424.2919787977628;306.2;Module 1,6_14;442.87;66,73;32,48;2,02;65,55;1,18
15,09.2019 17:48:30;33.3;1.98;314.1;419.1969625523395;306.2;Module 1,6_14;437.75;65,93;32,48;1,99;64,71;1,23
15,09.2019 17:50:23;33.3;1.94;314.1;414.10132040330257;306.28;Module 1,6_14;432.63;64,60;32,47;1,97;63,86;0,74
15,09.2019 17:52:16;33.2;1.92;314.1;406.5541595736631;306.29;Module 1,6_14;424.95;63,74;32,45;1,93;62,61;1,14
15,09.2019 17:54:08;33.3;1.88;314.1;399.008843145677;306.33;Module 1,6_14;417.27;62,60;32,44;1,89;61,36;1,25
15,09.2019 17:56:04;33.3;1.84;313.6;393.9030455621389;306.28;Module 1,6_14;412.15;61,27;32,52;1,87;60,67;0,60
15,09.2019 17:58:06;33.3;1.81;313.6;383.89269732081345;305.98;Module 1,6_14;401.91;60,27;32,49;1,82;59,00;1,27
15,09.2019 17:59:58;33.3;1.76;313.6;376.34768287892734;305.82;Module 1,6_14;394.23;58,61;32,48;1,78;57,74;0,86
15,09.2019 18:01:58;33.4;1.72;313.6;366.34519117891864;305.76;Module 1,6_14;383.99;57,45;32,45;1,73;56,08;1,37
15,09.2019 18:03:53;33.4;1.69;313.6;361.2372325803801;305.85;Module 1,6_14;378.87;56,45;32,44;1,70;55,22;1,22
15,09.2019 18:05:45;33.4;1.65;312.1;351.2539897193694;305.93;Module 1,6_14;368.63;55,11;32,68;1,65;53,99;1,12
15,09.2019 18:07:38;33.4;1.61;312.1;348.5857651283334;306;Module 1,6_14;366.07;53,77;32,67;1,64;53,54;0,24
15,09.2019 18:09:34;33.5;1.57;312.1;338.5971945631704;305.75;Module 1,6_14;355.83;52,59;32,64;1,59;51,86;0,74
15,09.2019 18:11:28;33.5;1.52;312.1;331.0511990534658;305.36;Module 1,6_14;348.15;50,92;32,62;1,55;50,59;0,33
15,09.2019 18:13:21;33.5;1.5;312.1;323.5082307342302;305.14;Module 1,6_14;340.47;50,25;32,59;1,51;49,32;0,93
15,09.2019 18:15:14;33.5;1.46;311.6;318.39690806232676;304.97;Module 1,6_14;335.35;48,91;32,66;1,49;48,59;0,32
15,09.2019 18:17:07;33.6;1.43;311.6;313.28286250130867;304.89;Module 1,6_14;330.23;48,05;32,65;1,46;47,73;0,32
15,09.2019 18:19:00;33.6;1.41;311.6;307.7963132864437;304.78;Module 1,6_14;324.72;47,38;32,63;1,43;46,80;0,57
15,09.2019 18:20:53;33.6;1.37;311.6;300.2902552208807;304.49;Module 1,6_14;317.08;46,03;32,59;1,40;45,54;0,49
15,09.2019 18:22:46;33.6;1.34;311.6;294.82927338613763;304.43;Module 1,6_14;311.6;45,02;32,58;1,37;44,62;0,41
15,09.2019 18:24:44;33.5;1.29;310.1;284.75944056828814;304.44;Module 1,6_14;301.26;43,22;32,80;1,32;43,26;-0,04
16,09.2019 09:37:49;34.8;1.74;292;335.37735598821354;287.75;Module 1,6_14;368.63;60,55;36,26;1,56;56,58;3,97
16,09.2019 09:39:43;35.5;1.87;292;354.56322940833286;288.47;Module 1,6_14;389.11;66,39;36,30;1,66;60,15;6,24
16,09.2019 09:41:38;36;1.91;292;376.12929816184817;289.33;Module 1,6_14;412.15;68,76;36,36;1,76;64,16;4,60
16,09.2019 09:43:31;35.8;2.08;292;402.40884253572824;290.16;Module 1,6_14;440.31;74,46;36,41;1,90;69,04;5,42
16,09.2019 09:45:24;35.4;2.01;293.5;384.22785245615535;290.78;Module 1,6_14;419.83;71,15;36,11;1,81;65,22;5,94
16,09.2019 09:47:18;35.3;2.06;293.5;394.13620926752697;291.46;Module 1,6_14;430.07;72,72;36,13;1,86;67,05;5,67
16,09.2019 09:49:11;35.3;2.03;293.5;399.35016259000867;291.99;Module 1,6_14;435.19;71,66;36,14;1,88;68,01;3,65
16,09.2019 09:51:05;35.2;1.71;295.5;336.3518100388058;292.37;Module 1,6_14;366.07;60,19;35,63;1,57;55,86;4,33
16,09.2019 10:23:49;36.1;1.45;296;292.1132054035438;289.97;Module 1,6_14;312.57;52,34;35,39;1,35;47,66;4,68
16,09.2019 10:35:14;35.1;2.4;296;516.5894999668834;291.24;Module 1,6_14;550.39;84,24;35,84;2,47;88,54;-4,30
16,09.2019 10:37:08;35.6;2.03;296;418.35055587167307;291.85;Module 1,6_14;445.43;72,27;35,73;1,98;70,69;1,58
16,09.2019 10:39:01;35.4;1.75;298;315.16354727722035;292.51;Module 1,6_14;335.35;61,95;35,12;1,46;51,39;10,56
16,09.2019 10:43:00;33.9;1.99;299.5;467.34271441760256;292.82;Module 1,6_14;496.63;67,46;35,18;2,23;78,30;-10,84
16,09.2019 10:44:53;35.2;2.19;299.5;371.20171219328665;293.48;Module 1,6_14;394.23;77,09;35,01;1,74;61,08;16,01
16,09.2019 10:46:46;34.5;1.46;300;285.0047531897106;293.71;Module 1,6_14;302.51;50,37;34,64;1,31;45,51;4,86
16,09.2019 10:48:39;33.6;1.45;300;285.562508744918;293.63;Module 1,6_14;302.93;48,72;34,64;1,32;45,61;3,11
16,09.2019 11:06:04;34;1.53;301.5;298.9581490731298;293.75;Module 1,6_14;315.65;52,02;34,42;1,38;47,66;4,36
16,09.2019 11:07:57;34;1.58;301.5;307.8502317428496;293.73;Module 1,6_14;324.89;53,72;34,46;1,43;49,24;4,48
16,09.2019 11:09:50;34;1.57;301.5;303.06818542068345;293.76;Module 1,6_14;319.7;53,38;34,45;1,40;48,39;4,99
16,09.2019 11:34:38;33.8;1.49;302;291.9606100892005;294.32;Module 1,6_14;306.4;50,36;34,30;1,35;46,31;4,05
16,09.2019 11:36:32;33.8;1.61;302;317.21620951383386;294.45;Module 1,6_14;332.79;54,42;34,41;1,48;50,78;3,63
16,09.2019 11:38:29;33.8;1.76;302;346.61883671727435;294.69;Module 1,6_14;363.51;59,49;34,50;1,62;55,99;3,49
16,09.2019 11:40:23;34.2;2.49;302;551.849710967047;295.05;Module 1,6_14;578.55;85,16;34,80;2,65;92,23;-7,07
16,09.2019 11:42:16;33.8;2.65;302;515.3883372076966;295.49;Module 1,6_14;540.15;89,57;34,78;2,47;85,82;3,75
16,09.2019 11:44:14;33.6;2.37;303.5;474.02033805796725;295.95;Module 1,6_14;496.63;79,63;34,47;2,26;77,95;1,68
16,09.2019 11:46:23;33.9;2.41;303.5;415.52495245845637;296.29;Module 1,6_14;435.19;81,70;34,38;1,97;67,70;14,00
16,09.2019 12:04:59;34.2;2.75;305.1;512.2809457501644;295.59;Module 1,6_14;535.03;94,05;34,22;2,45;83,97;10,08
16,09.2019 12:10:02;33.6;3.03;304;608.2885265832376;296.32;Module 1,6_14;634.87;101,81;34,46;2,93;101,10;0,71
16,09.2019 12:12:31;33.7;2.48;304;493.16524455057345;296.68;Module 1,6_14;514.55;83,58;34,40;2,36;81,10;2,47
16,09.2019 12:15:23;33.5;2.07;304;370.6195930549824;297.32;Module 1,6_14;386.55;69,34;34,20;1,74;59,66;9,69
16,09.2019 12:20:17;32.9;2.49;305.1;454.34495926654307;297.2;Module 1,6_14;473.59;81,92;34,16;2,16;73,92;8,00
16,09.2019 12:22:36;33.5;2.12;305.1;479.0361496895851;297.71;Module 1,6_14;499.19;71,02;34,19;2,29;78,21;-7,19
16,09.2019 12:24:48;32.9;2.03;305.1;400.52582077259865;297.8;Module 1,6_14;417.27;66,79;34,07;1,89;64,55;2,24
16,09.2019 12:28:23;33.2;2.22;307.6;457.2284403483742;298.11;Module 1,6_14;476.15;73,70;33,71;2,18;73,48;0,22
16,09.2019 12:30:33;33.7;2.29;307.6;440.1257025573452;298.42;Module 1,6_14;458.23;77,17;33,69;2,09;70,55;6,63
16,09.2019 12:32:32;32.9;2.69;308.1;585.3238813128224;298.6;Module 1,6_14;609.27;88,50;33,73;2,82;95,12;-6,62
16,09.2019 12:35:19;32.6;2.4;308.1;523.9937881271527;298.73;Module 1,6_14;545.27;78,24;33,70;2,51;84,70;-6,46
16,09.2019 12:37:52;33;3.65;309.6;682.60108215236;299.06;Module 1,6_14;710.13;120,45;33,46;3,31;110,67;9,78
16,09.2019 12:39:46;33.5;4.09;309.6;561.1515532197568;299.29;Module 1,6_14;583.67;137,01;33,45;2,70;90,31;46,70
16,09.2019 12:42:07;32.5;2.19;311.6;425.88330078574785;299.47;Module 1,6_14;442.87;71,17;32,95;2,02;66,70;4,47
16,09.2019 12:44:30;32;1.58;311.6;308.0861057389204;299.54;Module 1,6_14;320.3;50,56;32,63;1,44;46,85;3,71
16,09.2019 12:46:32;32.4;1.73;311.6;337.4019964645571;299.39;Module 1,6_14;350.71;56,05;32,73;1,58;51,79;4,26
16,09.2019 12:48:36;33.5;2.45;311.6;504.97419566826824;299.4;Module 1,6_14;524.79;82,08;33,05;2,42;79,98;2,09
16,09.2019 12:50:49;32.7;2;311.6;396.66826054373047;299.49;Module 1,6_14;412.15;65,40;32,88;1,88;61,78;3,62
16,09.2019 12:52:45;32.6;2.29;311.6;450.9513501482263;299.53;Module 1,6_14;468.47;74,65;32,98;2,15;70,92;3,74
16,09.2019 12:54:49;33;1.98;311.6;396.8101160524998;299.53;Module 1,6_14;412.15;65,34;32,89;1,88;61,81;3,53
16,09.2019 12:56:52;32.6;1.93;311.6;379.6247474233039;299.62;Module 1,6_14;394.23;62,92;32,85;1,79;58,91;4,01
16,09.2019 12:58:46;32.8;1.99;311.6;392.0141376178552;299.73;Module 1,6_14;407.03;65,27;32,88;1,86;61,00;4,27
16,09.2019 13:00:44;32.8;1.87;311.6;369.8851325955367;299.45;Module 1,6_14;383.99;61,34;32,82;1,74;57,27;4,07
16,09.2019 13:02:39;32.8;1.78;311.6;362.5444897793135;299.35;Module 1,6_14;376.31;58,38;32,80;1,71;56,03;2,35
16,09.2019 13:05:00;32.8;1.66;310.6;335.47827148584247;299.32;Module 1,6_14;348.15;54,45;32,91;1,57;51,74;2,71
16,09.2019 13:06:54;33;1.71;310.6;340.4631450994243;299.19;Module 1,6_14;353.27;56,43;32,92;1,60;52,58;3,85
16,09.2019 13:08:52;33;1.94;310.6;387.3990836763989;299.14;Module 1,6_14;401.91;64,02;33,05;1,83;60,54;3,48
16,09.2019 13:10:46;33.6;2.27;310.1;426.94217309238115;299.21;Module 1,6_14;442.87;76,27;33,22;2,03;67,41;8,87
16,09.2019 13:12:44;32.8;2.2;310.1;434.4100165145966;299.53;Module 1,6_14;450.55;72,16;33,23;2,07;68,67;3,49
16,09.2019 13:14:44;33;3.46;310.1;663.4515004281832;299.83;Module 1,6_14;688;114,18;33,38;3,21;107,20;6,98
16,09.2019 13:16:48;33;2.66;310.1;469.1050809515667;300.18;Module 1,6_14;486.39;87,78;33,28;2,24;74,55;13,23
16,09.2019 13:18:51;32.4;1.8;311.6;353.1121041845192;300.29;Module 1,6_14;366.07;58,32;32,78;1,66;54,44;3,88
16,09.2019 13:20:58;32.7;1.9;311.6;372.92186446851156;300.13;Module 1,6_14;386.55;62,13;32,83;1,76;57,78;4,35
16,09.2019 13:22:57;32.9;2.11;311.6;419.90357618342415;300.12;Module 1,6_14;435.19;69,42;32,93;2,00;65,69;3,72
16,09.2019 13:24:56;32.8;2;310.1;392.78458937311245;300.1;Module 1,6_14;407.03;65,60;33,15;1,86;61,61;3,99
16,09.2019 13:26:51;33;2.16;310.1;434.8358742409597;300.07;Module 1,6_14;450.55;71,28;33,23;2,07;68,75;2,53
16,09.2019 13:28:44;33.1;2.2;310.1;447.2433876745201;299.93;Module 1,6_14;463.35;72,82;33,25;2,13;70,85;1,97
16,09.2019 13:30:39;33.1;3.11;310.1;602.9896938527268;300.02;Module 1,6_14;624.63;102,94;33,38;2,91;97,10;5,84
16,09.2019 13:32:33;33;2.25;310.1;459.7075764174522;300.14;Module 1,6_14;476.15;74,25;33,27;2,19;72,96;1,29
16,09.2019 13:34:27;32.8;2.11;310.1;672.979415973921;300.13;Module 1,6_14;696.97;69,21;33,38;3,26;108,78;-39,58
16,09.2019 13:36:20;33.6;4.24;310.1;808.5595464891181;300.52;Module 1,6_14;837.29;142,46;33,32;3,94;131,17;11,29
16,09.2019 13:38:36;32.8;4.7;311.6;931.0245039229601;301.09;Module 1,6_14;963.98;154,16;32,96;4,55;149,88;4,28
16,09.2019 13:40:29;32.2;4.77;311.6;974.25190154702;301.67;Module 1,6_14;1008.63;153,59;32,92;4,76;156,77;-3,18
16,09.2019 13:42:23;31.9;4.6;312.1;913.4953986288467;302.64;Module 1,6_14;945.63;146,74;32,89;4,46;146,68;0,06
16,09.2019 13:44:16;31.6;4.69;312.1;1014.0262596357956;303.49;Module 1,6_14;1049.59;148,20;32,79;4,96;162,64;-14,44
16,09.2019 13:46:19;30.7;4.85;312.1;1073.5012770270014;304.42;Module 1,6_14;1111.03;148,89;32,72;5,26;171,98;-23,09
16,09.2019 13:48:12;31.1;5.01;315.6;1019.183288732859;304.82;Module 1,6_14;1054.71;155,81;32,16;4,99;160,34;-4,53
16,09.2019 13:50:05;30.7;1.72;315.6;452.7334094692133;304.82;Module 1,6_14;468.47;52,80;32,26;2,16;69,70;-16,90
16,09.2019 13:54:21;31.6;1.47;317.6;298.8662710932797;303.39;Module 1,6_14;309.19;46,45;31,49;1,39;43,86;2,59
16,09.2019 13:56:14;32.1;1.74;317.6;348.929004109026;303.02;Module 1,6_14;360.95;55,85;31,67;1,64;52,03;3,82
16,09.2019 13:58:12;32.4;1.87;317.6;371.23528228490466;302.47;Module 1,6_14;383.99;60,59;31,73;1,75;55,67;4,92
16,09.2019 14:03:15;32.8;1.83;315.6;378.74430508940793;301.32;Module 1,6_14;391.67;60,02;32,12;1,79;57,52;2,50
16,09.2019 14:05:59;33.3;2.51;314.1;527.3354508365551;300.44;Module 1,6_14;545.27;83,58;32,62;2,53;82,61;0,97
16,09.2019 14:15:04;32;5.16;313.6;970.8419022397366;302.27;Module 1,6_14;1003.51;165,12;32,57;4,75;154,55;10,57
16,09.2019 14:18:08;31.5;5.16;314.1;1079.9308118803192;304.14;Module 1,6_14;1116.15;162,54;32,36;5,29;171,10;-8,56
17,09.2019 11:33:36;34.8;1.5;295.5;300.5355756371986;289.74;Module 1,6_14;315.72;52,20;35,51;1,39;49,31;2,89
17,09.2019 11:35:42;35.5;2.27;295.5;485.1183049260803;290.05;Module 1,6_14;509.43;80,58;35,91;2,31;83,03;-2,44
17,09.2019 11:37:35;35;2.13;295.5;417.0021025570569;290.45;Module 1,6_14;437.75;74,55;35,82;1,97;70,61;3,94
17,09.2019 11:39:35;34.7;2.04;297.5;400.0744048418519;291.05;Module 1,6_14;419.83;70,79;35,43;1,89;66,89;3,90
17,09.2019 11:41:28;34.1;1.76;297.5;348.9593742806967;291.53;Module 1,6_14;366.07;60,02;35,31;1,63;57,63;2,38
17,09.2019 11:43:21;34.3;2.72;297.5;666.1720067679623;292.08;Module 1,6_14;698.61;93,30;35,62;3,22;114,66;-21,37
17,09.2019 11:45:14;33.9;1.69;299.5;332.0903913646662;292.56;Module 1,6_14;348.15;57,29;34,91;1,55;54,06;3,23
17,09.2019 11:47:12;33.7;1.99;299.5;378.61032027348557;292.64;Module 1,6_14;396.79;67,06;35,03;1,78;62,41;4,65
17,09.2019 11:49:06;34.1;1.96;299.5;386.0580040327894;292.67;Module 1,6_14;404.47;66,84;35,05;1,82;63,75;3,09
17,09.2019 11:50:58;33.7;1.79;299.5;339.73369926953944;292.65;Module 1,6_14;355.83;60,32;34,93;1,59;55,44;4,89
17,09.2019 11:52:51;33.5;1.65;299.5;325.1648585346231;292.5;Module 1,6_14;340.47;55,27;34,88;1,51;52,82;2,45
17,09.2019 11:55:00;33.6;1.53;301.5;303.5860416432335;292.48;Module 1,6_14;317.77;51,41;34,45;1,41;48,49;2,92
17,09.2019 11:56:53;33.5;1.45;301.5;289.1087701969533;292.55;Module 1,6_14;302.53;48,57;34,38;1,34;45,91;2,66
17,09.2019 11:58:46;33.7;1.67;301.5;340.13955373681716;292.62;Module 1,6_14;355.83;56,28;34,57;1,59;54,98;1,30
17,09.2019 12:00:39;33.9;1.56;301.5;315.75537253582735;292.36;Module 1,6_14;330.23;52,88;34,49;1,47;50,65;2,24
17,09.2019 12:02:44;33.8;1.71;301.5;345.232137081514;292;Module 1,6_14;360.95;57,80;34,59;1,62;55,88;1,91
17,09.2019 12:04:37;34;1.82;301.5;364.9172215907754;291.94;Module 1,6_14;381.43;61,88;34,63;1,71;59,38;2,50
17,09.2019 12:06:30;33.8;1.92;301.5;389.5106096514928;292;Module 1,6_14;407.03;64,90;34,70;1,84;63,75;1,15
17,09.2019 12:08:23;33.8;1.92;301.5;377.3583461193067;292.28;Module 1,6_14;394.23;64,90;34,66;1,78;61,59;3,31
17,09.2019 12:10:24;33.7;1.69;301.5;311.88362820838563;292.48;Module 1,6_14;325.74;56,95;34,48;1,45;49,96;6,99
17,09.2019 12:24:21;33.7;1.51;301.5;294.5189676477992;292.23;Module 1,6_14;307.07;50,89;34,41;1,36;46,88;4,01
17,09.2019 12:26:14;33.8;1.55;301.5;300.50232422949824;292.39;Module 1,6_14;313.24;52,39;34,43;1,39;47,94;4,45
17,09.2019 14:07:39;33.9;1.61;299.5;331.54612264581345;292.26;Module 1,6_14;343.03;54,58;34,90;1,55;53,97;0,61
17,09.2019 14:09:32;34.1;1.83;299.5;415.70289388593517;292.46;Module 1,6_14;430.07;62,40;35,10;1,97;69,06;-6,66
17,09.2019 14:11:25;34.3;3.66;299.5;601.3319905925539;292.67;Module 1,6_14;622.07;125,54;35,26;2,90;102,13;23,41
17,09.2019 14:13:21;34.1;2.42;299.5;445.46044426750336;293.04;Module 1,6_14;460.79;82,52;35,15;2,12;74,39;8,14
17,09.2019 14:15:14;33.8;1.69;299.5;331.6404880985945;293.25;Module 1,6_14;343.03;57,12;34,90;1,55;53,98;3,14
17,09.2019 14:17:07;33.7;1.58;299.5;331.6622151626346;293.25;Module 1,6_14;343.03;53,25;34,90;1,55;53,99;-0,74
17,09.2019 14:19:00;33.9;1.73;299.5;443.0726825876864;293.25;Module 1,6_14;458.23;58,65;35,15;2,10;73,96;-15,31
17,09.2019 14:21:04;35.1;3.15;301.5;586.6807417151683;293.16;Module 1,6_14;606.71;110,56;34,91;2,82;98,57;11,99
17,09.2019 14:22:57;34.3;4.63;301.5;940.469944592687;293.44;Module 1,6_14;972.52;158,81;34,73;4,59;159,50;-0,69
17,09.2019 14:24:53;33.9;4.48;301.5;987.8259914758062;294.34;Module 1,6_14;1021.43;151,87;34,68;4,83;167,47;-15,60
17,09.2019 14:26:46;33.5;4.33;303.5;847.5269382077868;295.25;Module 1,6_14;876.31;145,06;34,47;4,13;142,31;2,75
17,09.2019 14:28:43;33.3;4.07;303.5;864.2287241442849;296;Module 1,6_14;893.53;135,53;34,45;4,21;145,12;-9,59
17,09.2019 14:30:36;33.2;2.05;305.1;428.368885575688;296.45;Module 1,6_14;442.87;68,06;34,12;2,03;69,40;-1,34
17,09.2019 14:32:29;33.3;3.52;305.1;702.359244391364;296.28;Module 1,6_14;726.1;117,22;34,26;3,40;116,64;0,58
17,09.2019 14:34:21;33.2;2.15;305.1;470.50868943028127;296.04;Module 1,6_14;486.39;71,38;34,18;2,24;76,73;-5,35
17,09.2019 14:36:20;33.3;3.5;307.6;707.8713206670803;295.86;Module 1,6_14;731.73;116,55;33,81;3,43;116,08;0,47
17,09.2019 14:38:13;32.8;2.85;307.6;645.211661635945;295.6;Module 1,6_14;666.93;93,48;33,83;3,12;105,52;-12,04
17,09.2019 14:40:06;33.2;3.12;307.6;634.0344603680878;295.47;Module 1,6_14;655.35;103,58;33,83;3,06;103,63;-0,05
17,09.2019 14:41:59;32.9;1.99;307.6;510.2173431299938;295.49;Module 1,6_14;527.35;65,47;33,77;2,44;82,56;-17,09
17,09.2019 14:43:52;33.9;2.95;307.6;574.6358440725294;295.5;Module 1,6_14;593.91;100,00;33,81;2,77;93,55;6,45
17,09.2019 14:45:50;33.5;3.25;307.6;638.4877727823372;295.55;Module 1,6_14;659.88;108,88;33,83;3,09;104,38;4,49
17,09.2019 14:47:43;33.4;2.79;307.6;453.29754149698164;295.74;Module 1,6_14;468.47;93,19;33,71;2,16;72,81;20,38
17,09.2019 14:49:36;33;1.59;307.6;322.02152101822105;295.66;Module 1,6_14;332.79;52,47;33,41;1,50;50,22;2,25
17,09.2019 14:51:29;33.2;2.71;307.6;582.1399101849704;295.48;Module 1,6_14;601.59;89,97;33,81;2,80;94,83;-4,85
17,09.2019 14:54:11;33.7;3.13;307.6;621.7982435835611;295.64;Module 1,6_14;642.55;105,48;33,82;3,00;101,56;3,92
17,09.2019 14:56:04;33.9;2.32;307.6;549.9684237744158;296.1;Module 1,6_14;568.31;78,65;33,80;2,64;89,35;-10,70
17,09.2019 14:57:57;33.7;3.74;307.6;778.9194663443174;296.5;Module 1,6_14;804.88;126,04;33,79;3,79;127,97;-1,93
17,09.2019 14:59:50;33.6;3.17;307.6;655.1084656274122;296.76;Module 1,6_14;676.93;106,51;33,83;3,17;107,19;-0,68
17,09.2019 15:01:49;33.5;3.04;307.6;631.7574611314834;297.06;Module 1,6_14;652.79;101,84;33,83;3,05;103,25;-1,41
17,09.2019 15:03:42;33.5;3.22;307.6;634.7568012917712;297.46;Module 1,6_14;655.88;107,87;33,83;3,07;103,75;4,12
17,09.2019 15:05:35;33.2;2.99;307.6;621.8634555528178;297.48;Module 1,6_14;642.55;99,27;33,82;3,00;101,57;-2,30
17,09.2019 15:07:40;33.5;2.63;308.1;455.87023067067753;297.36;Module 1,6_14;471.03;88,10;33,63;2,17;73,06;15,04
17,09.2019 15:09:34;33.3;2.46;308.1;557.4561717476334;296.91;Module 1,6_14;575.99;81,92;33,71;2,68;90,39;-8,47
17,09.2019 15:11:27;33.4;3.16;308.1;655.0352335220869;296.5;Module 1,6_14;676.81;105,54;33,73;3,17;106,91;-1,36
17,09.2019 15:13:20;32.9;1.62;307.6;361.7264091858556;296.64;Module 1,6_14;373.75;53,30;33,53;1,70;57,06;-3,76
17,09.2019 15:15:13;33;4;307.6;831.6467586219482;296.39;Module 1,6_14;859.29;132,00;33,75;4,05;136,73;-4,73
17,09.2019 15:17:12;34;3.4;307.6;704.8110689636983;296.64;Module 1,6_14;728.24;115,60;33,82;3,42;115,57;0,03
17,09.2019 15:19:06;33.5;3.74;307.6;744.3337854433126;296.85;Module 1,6_14;769.08;125,29;33,80;3,61;122,19;3,10
17,09.2019 15:20:59;33.2;2.74;307.6;572.3185600894958;297.1;Module 1,6_14;591.35;90,97;33,81;2,76;93,16;-2,19
17,09.2019 15:23:00;33.3;3.43;308.1;645.2564654530545;296.8;Module 1,6_14;666.72;114,22;33,73;3,12;105,26;8,96
17,09.2019 15:24:53;33.4;3.31;308.1;677.0602676416759;296.37;Module 1,6_14;699.59;110,55;33,73;3,28;110,61;-0,06
17,09.2019 15:26:46;33.5;3.43;308.1;663.1435633008534;296.21;Module 1,6_14;685.22;114,91;33,73;3,21;108,27;6,63
17,09.2019 15:28:39;33.8;4.25;308.1;927.3905602775342;296.6;Module 1,6_14;958.28;143,65;33,59;4,53;152,09;-8,44
17,09.2019 15:30:37;33.5;3.23;308.1;629.2576241334552;296.85;Module 1,6_14;650.23;108,20;33,73;3,04;102,56;5,65
17,09.2019 15:32:30;33.6;3.78;309.6;719.1551657619386;297.13;Module 1,6_14;743.14;127,01;33,45;3,49;116,75;10,25
17,09.2019 15:34:23;33.4;3.69;309.6;741.7140323066403;297.07;Module 1,6_14;766.47;123,25;33,45;3,60;120,49;2,75
17,09.2019 15:36:17;33.4;2.58;309.6;500.3943531603878;297.14;Module 1,6_14;517.11;86,17;33,41;2,40;80,05;6,12
17,09.2019 15:38:10;33.2;3.42;309.6;804.1816383465778;297.31;Module 1,6_14;831.07;113,54;33,41;3,91;130,80;-17,26
17,09.2019 15:40:03;33.1;2.91;309.6;589.5386252010454;297.26;Module 1,6_14;609.27;96,32;33,46;2,84;95,09;1,23
17,09.2019 15:41:55;33.5;2.19;309.6;591.995115551779;296.69;Module 1,6_14;611.83;73,36;33,46;2,85;95,51;-22,14
17,09.2019 15:43:48;32.9;2.97;309.6;606.8341902330685;296.5;Module 1,6_14;627.19;97,71;33,46;2,93;98,00;-0,29
17,09.2019 15:45:41;33.6;3.1;310.1;629.1008442314197;296.32;Module 1,6_14;650.23;104,16;33,38;3,04;101,47;2,69
17,09.2019 15:47:34;33.7;3.81;310.1;876.3280212920724;296.28;Module 1,6_14;905.8;128,40;33,27;4,27;142,23;-13,83
17,09.2019 15:49:26;33.8;3.85;310.1;796.8143297159742;296.9;Module 1,6_14;823.65;130,13;33,33;3,88;129,25;0,88
17,09.2019 15:51:30;33.7;1.81;309.6;629.0104955449694;297.32;Module 1,6_14;650.23;61,00;33,47;3,04;101,72;-40,72
17,09.2019 15:55:16;34.1;1.54;309.6;584.3711017682557;296.46;Module 1,6_14;604.15;52,51;33,46;2,82;94,22;-41,71
17,09.2019 15:57:08;34.4;3.62;309.6;707.4623980179007;296.35;Module 1,6_14;731.45;124,53;33,46;3,43;114,81;9,72
17,09.2019 15:59:01;34.1;3.35;308.1;687.7373034130787;296.64;Module 1,6_14;711.1;114,24;33,73;3,33;112,41;1,83
17,09.2019 16:00:56;33.4;1.59;308.1;356.4953473750513;296.64;Module 1,6_14;368.63;53,11;33,42;1,68;56,02;-2,91
17,09.2019 16:02:49;34.1;3.93;308.1;784.9460324343431;297.02;Module 1,6_14;811.72;134,01;33,70;3,82;128,64;5,37
17,09.2019 16:04:42;33.8;3.68;307.6;752.3714530382277;297.28;Module 1,6_14;778.09;124,38;33,80;3,66;123,54;0,85
17,09.2019 16:08:30;34.2;3.69;307.6;756.1125692036742;297.46;Module 1,6_14;782.08;126,20;33,80;3,67;124,16;2,03
17,09.2019 16:12:16;33.6;3.24;307.6;654.7695878207279;297.47;Module 1,6_14;677.37;108,86;33,83;3,17;107,14;1,73
17,09.2019 16:14:10;32.8;2.54;308.1;598.7861927276093;297.14;Module 1,6_14;619.51;83,31;33,73;2,89;97,40;-14,09
17,09.2019 16:16:03;33.9;3.28;308.1;694.525872409126;297.03;Module 1,6_14;718.63;111,19;33,73;3,37;113,54;-2,35
17,09.2019 16:18:01;33.7;2.81;308.1;591.2483297023027;296.97;Module 1,6_14;611.83;94,70;33,73;2,85;96,13;-1,43
17,09.2019 16:19:57;33.8;3.33;308.1;663.9561628158224;296.88;Module 1,6_14;687.14;112,55;33,73;3,21;108,41;4,15
17,09.2019 16:22:04;33.7;2.94;308.1;620.7972135733862;296.85;Module 1,6_14;642.55;99,08;33,73;3,00;101,13;-2,05
17,09.2019 16:23:57;33.7;2.81;308.1;581.1602059046319;296.98;Module 1,6_14;601.59;94,70;33,73;2,80;94,42;0,28
17,09.2019 16:25:52;33.4;2.36;308.1;605.8206964509652;296.96;Module 1,6_14;627.19;78,82;33,73;2,92;98,60;-19,77
17,09.2019 16:27:45;33.7;2.75;308.1;494.48733848056753;296.93;Module 1,6_14;511.99;92,68;33,67;2,37;79,66;13,01
17,09.2019 16:29:42;33.7;1.89;308.1;373.28820454775644;296.78;Module 1,6_14;386.55;63,69;33,47;1,76;58,90;4,79
17,09.2019 16:31:35;33.7;2.24;308.1;452.340175469565;296.28;Module 1,6_14;468.47;75,49;33,62;2,16;72,46;3,03
17,09.2019 16:33:27;34.3;2.99;307.6;575.8578402861422;295.71;Module 1,6_14;596.47;102,56;33,81;2,77;93,76;8,80
17,09.2019 16:35:20;34.1;2.86;307.6;593.0776655110619;295.44;Module 1,6_14;614.39;97,53;33,82;2,86;96,69;0,84
17,09.2019 16:37:42;34.1;2.7;307.6;474.3756045007319;295.93;Module 1,6_14;491.51;92,07;33,73;2,27;76,42;15,65
17,09.2019 16:39:35;33.8;2.76;307.6;560.769345334;296.27;Module 1,6_14;581.11;93,29;33,80;2,70;91,19;2,10
17,09.2019 16:41:28;34.1;1.84;307.6;427.3029345863402;296.7;Module 1,6_14;442.87;62,74;33,67;2,03;68,34;-5,60
17,09.2019 16:43:21;34.1;2.21;307.6;513.6723221959575;296.57;Module 1,6_14;532.47;75,36;33,77;2,46;83,15;-7,79
17,09.2019 16:45:15;34.1;3.03;307.6;629.6409023732631;296.74;Module 1,6_14;652.79;103,32;33,83;3,04;102,89;0,44
17,09.2019 16:47:09;33.7;1.99;305.1;394.9978603690863;296.97;Module 1,6_14;409.59;67,06;34,05;1,87;63,59;3,48
17,09.2019 16:49:04;33.8;2.05;305.1;392.45924517237563;296.78;Module 1,6_14;407.03;69,29;34,05;1,85;63,14;6,15
17,09.2019 16:50:59;34.2;1.57;305.1;340.56106901194266;296.85;Module 1,6_14;353.27;53,69;33,92;1,59;54,09;-0,40
17,09.2019 16:53:18;34.1;2.3;305.1;486.0552050385684;296.68;Module 1,6_14;504.31;78,43;34,20;2,32;79,42;-0,99
17,09.2019 16:55:11;33.9;1.73;305.1;362.61792326714897;296.6;Module 1,6_14;376.31;58,65;33,98;1,70;57,94;0,71
17,09.2019 16:57:04;34.1;2.18;305.1;456.2666337831402;296.65;Module 1,6_14;473.59;74,34;34,16;2,17;74,25;0,09
17,09.2019 16:58:57;34.1;1.93;305.1;463.56940347855993;296.51;Module 1,6_14;481.27;65,81;34,17;2,21;75,52;-9,71
17,09.2019 17:00:56;34.4;2.05;305.1;406.762933677032;296.26;Module 1,6_14;422.39;70,52;34,09;1,93;65,64;4,88
17,09.2019 17:02:49;34.1;2.26;305.1;473.22062329731483;296.33;Module 1,6_14;491.51;77,07;34,19;2,26;77,20;-0,13
17,09.2019 17:04:42;34.4;2.5;305.1;460.7912127268045;296.6;Module 1,6_14;478.71;86,00;34,17;2,20;75,04;10,96
17,09.2019 17:06:35;34.3;2.65;305.1;554.2985412824893;296.67;Module 1,6_14;575.99;90,89;34,25;2,66;91,24;-0,34
17,09.2019 17:08:57;34.1;2.07;305.1;445.7628173248092;296.69;Module 1,6_14;463.35;70,59;34,15;2,12;72,42;-1,84
17,09.2019 17:10:49;34;1.87;305.1;393.94383887346214;296.64;Module 1,6_14;409.59;63,58;34,05;1,86;63,40;0,18
17,09.2019 17:12:43;34.2;2.61;305.1;556.301873190418;296.72;Module 1,6_14;578.55;89,26;34,25;2,67;91,58;-2,32
17,09.2019 17:14:36;34.3;2.36;305.1;487.2457856146026;296.85;Module 1,6_14;506.87;80,95;34,20;2,33;79,63;1,32
17,09.2019 17:16:29;34.1;2.52;305.1;536.3127932926429;296.75;Module 1,6_14;558.07;85,93;34,24;2,57;88,13;-2,20
17,09.2019 17:18:22;34.4;2.62;305.1;555.8329812680312;296.87;Module 1,6_14;578.55;90,13;34,25;2,67;91,50;-1,38
17,09.2019 17:20:15;34.2;2.28;305.1;496.65647369798177;296.87;Module 1,6_14;517.11;77,98;34,21;2,38;81,26;-3,29
17,09.2019 17:22:20;34.1;1.88;305.1;405.5436918977826;296.92;Module 1,6_14;422.39;64,11;34,08;1,92;65,42;-1,31
17,09.2019 17:24:17;33.8;1.43;306.6;353.80999815547773;296.71;Module 1,6_14;368.63;48,33;33,69;1,66;55,98;-7,65
17,09.2019 17:26:10;34.1;1.76;306.6;373.3424666168386;296.59;Module 1,6_14;389.11;60,02;33,74;1,76;59,36;0,65
17,09.2019 17:28:02;34.3;2.04;305.1;432.14554940979326;296.62;Module 1,6_14;450.55;69,97;34,13;2,05;70,06;-0,08
17,09.2019 17:29:55;34.4;1.34;305.1;288.112944643477;296.61;Module 1,6_14;300.49;46,10;33,73;1,33;44,94;1,15
17,09.2019 17:31:48;34.3;1.46;304;321.41896825274216;296.5;Module 1,6_14;335.35;50,08;34,05;1,50;51,03;-0,95
17,09.2019 17:41:34;34.5;1.71;303.5;367.25939061204497;295.17;Module 1,6_14;383.99;58,99;34,28;1,73;59,22;-0,22
17,09.2019 17:43:29;34.5;1.63;303.5;347.51105815834563;295.28;Module 1,6_14;363.51;56,23;34,23;1,63;55,74;0,49
17,09.2019 17:53:00;35;1.44;302;300.75721169139257;295.08;Module 1,6_14;315.41;50,40;34,34;1,39;47,87;2,53
17,09.2019 17:55:04;34.8;1.57;302;331.7702106783415;295.14;Module 1,6_14;348.15;54,64;34,45;1,55;53,36;1,27
17,09.2019 17:56:57;34.8;1.44;302;304.03195134478426;295.23;Module 1,6_14;319.23;50,11;34,35;1,41;48,45;1,66
17,09.2019 17:58:50;35;1.93;302;428.8380041194217;295.53;Module 1,6_14;450.55;67,55;34,68;2,03;70,55;-3,00
17,09.2019 18:00:43;35;1.83;301.5;401.78003522102483;295.81;Module 1,6_14;422.39;64,05;34,72;1,90;65,93;-1,88
17,09.2019 18:02:54;34.4;1.45;301.5;289.56288146461094;295.67;Module 1,6_14;304.65;49,88;34,39;1,34;46,00;3,88
18,09.2019 09:32:20;35.1;1.37;288.9;278.64690581255803;283.82;Module 1,6_14;308.87;48,09;36,60;1,27;46,66;1,43
18,09.2019 09:34:13;35;1.41;288.9;285.34714557681934;284.42;Module 1,6_14;315.73;49,35;36,63;1,31;47,92;1,43
18,09.2019 09:36:08;35.1;1.45;288.9;292.0332223250135;284.96;Module 1,6_14;322.56;50,90;36,66;1,34;49,18;1,71
18,09.2019 09:38:24;35.7;1.47;291.5;301.8979019305829;285.65;Module 1,6_14;332.79;52,48;36,23;1,39;50,46;2,02
18,09.2019 09:40:17;35.2;1.52;291.5;307.0325988498869;286.1;Module 1,6_14;337.91;53,50;36,25;1,42;51,42;2,08
18,09.2019 09:42:11;35.1;1.56;291.5;314.49975776667463;286.64;Module 1,6_14;345.59;54,76;36,27;1,46;52,81;1,94
18,09.2019 09:44:07;35.2;1.59;292;321.9807575111451;287.02;Module 1,6_14;353.27;55,97;36,21;1,49;54,09;1,88
18,09.2019 09:46:09;35.4;1.63;292;331.82840124581946;287.32;Module 1,6_14;363.51;57,70;36,24;1,54;55,92;1,78
18,09.2019 09:48:04;35.2;1.67;292;339.318181193578;287.42;Module 1,6_14;371.19;58,78;36,27;1,58;57,31;1,47
18,09.2019 09:49:57;35.7;1.67;292;346.80438468034583;287.55;Module 1,6_14;378.87;59,62;36,29;1,62;58,70;0,92
18,09.2019 09:51:49;35.9;1.73;293.5;351.9447009512638;287.89;Module 1,6_14;383.99;62,11;36,03;1,64;59,26;2,85
18,09.2019 09:54:04;35.1;1.79;293.5;359.5233667737802;288.1;Module 1,6_14;391.67;62,83;36,05;1,68;60,66;2,17
18,09.2019 09:55:56;35.2;1.83;293.5;369.3675246935489;288.39;Module 1,6_14;401.91;64,42;36,08;1,73;62,47;1,94
18,09.2019 09:57:51;35.2;1.86;293.5;374.52184613101576;288.57;Module 1,6_14;407.03;65,47;36,09;1,76;63,43;2,05
18,09.2019 09:59:43;35.2;1.89;293.5;384.3793157771265;288.82;Module 1,6_14;417.27;66,53;36,11;1,81;65,25;1,28
18,09.2019 10:01:37;35.2;1.91;295.5;389.53160248291414;288.99;Module 1,6_14;422.39;67,23;35,77;1,83;65,59;1,64
18,09.2019 10:03:30;35.3;1.95;295.5;394.67835720722087;289.15;Module 1,6_14;427.51;68,83;35,77;1,86;66,53;2,30
18,09.2019 10:05:23;35.3;1.95;295.5;402.18934283031996;289.46;Module 1,6_14;435.19;68,83;35,79;1,90;67,90;0,93
18,09.2019 10:07:17;35.7;1.98;295.5;407.338889506971;289.48;Module 1,6_14;440.31;70,69;35,80;1,92;68,84;1,84
18,09.2019 10:09:11;35.6;2.02;295.5;417.2280569575056;289.57;Module 1,6_14;450.55;71,91;35,82;1,97;70,65;1,26
18,09.2019 10:11:03;35.8;2.04;296;422.37174647282586;289.46;Module 1,6_14;455.67;73,03;35,73;2,00;71,42;1,61
18,09.2019 10:12:56;36;2.07;296;429.8925654015034;289.58;Module 1,6_14;463.35;74,52;35,75;2,04;72,79;1,73
18,09.2019 10:14:49;36;2.09;297.5;435.03883163547727;289.89;Module 1,6_14;468.47;75,24;35,49;2,06;73,21;2,03
18,09.2019 10:16:45;35.9;2.11;297.5;444.95269377919607;290.12;Module 1,6_14;478.71;75,75;35,51;2,11;75,00;0,74
18,09.2019 10:18:38;35.9;2.12;297.5;450.09981447359985;290.31;Module 1,6_14;483.83;76,11;35,52;2,14;75,93;0,17
18,09.2019 10:20:58;36;2.18;298;460.1033371225881;289.89;Module 1,6_14;494.07;78,48;35,44;2,19;77,56;0,92
18,09.2019 10:22:51;36;2.22;298;470.0218234403073;289.68;Module 1,6_14;504.31;79,92;35,45;2,24;79,34;0,58
18,09.2019 10:24:44;35.9;2.26;299.5;477.5584927448837;289.46;Module 1,6_14;511.99;81,13;35,19;2,28;80,12;1,01
18,09.2019 10:26:37;35.7;2.32;299.5;482.70756889915805;289.61;Module 1,6_14;517.11;82,82;35,20;2,30;81,04;1,78
18,09.2019 10:28:30;35.4;2.38;299.5;487.8550424194365;289.89;Module 1,6_14;522.23;84,25;35,20;2,33;81,96;2,29
18,09.2019 10:30:24;35.3;2.4;299.5;495.3973998296147;290.32;Module 1,6_14;529.91;84,72;35,20;2,37;83,31;1,41
18,09.2019 10:32:18;35.6;2.41;299.5;500.54661789964774;290.59;Module 1,6_14;535.03;85,80;35,21;2,39;84,22;1,57
18,09.2019 10:34:19;35.7;2.44;299.5;510.5095231620911;290.9;Module 1,6_14;545.27;87,11;35,22;2,44;86,00;1,11
18,09.2019 10:36:47;35.8;2.45;299.5;515.7630131828905;291.23;Module 1,6_14;550.39;87,71;35,23;2,47;86,94;0,77
18,09.2019 10:38:40;35.8;2.49;299.5;523.3065736334804;291.49;Module 1,6_14;558.07;89,14;35,23;2,51;88,28;0,86
18,09.2019 10:40:33;35.6;2.55;301.5;535.6559812129572;291.58;Module 1,6_14;570.87;90,78;34,88;2,57;89,60;1,18
18,09.2019 10:42:26;35.5;2.6;301.5;540.8022529548956;291.3;Module 1,6_14;575.99;92,30;34,88;2,59;90,51;1,79
18,09.2019 10:44:18;35.3;2.64;301.5;543.538985094584;291.2;Module 1,6_14;578.55;93,19;34,88;2,61;90,99;2,20
18,09.2019 10:46:11;35.1;2.67;301.5;551.0874045620848;291.39;Module 1,6_14;586.23;93,72;34,89;2,65;92,32;1,40
18,09.2019 10:48:04;35;2.69;301.5;558.6372664970232;291.32;Module 1,6_14;593.91;94,15;34,89;2,68;93,65;0,50
18,09.2019 10:50:02;35.2;2.72;301.5;566.2028335733644;291.36;Module 1,6_14;601.59;95,74;34,90;2,72;94,98;0,77
18,09.2019 10:51:55;35.2;2.71;301.5;571.3445014825695;291.04;Module 1,6_14;606.71;95,39;34,90;2,75;95,88;-0,49
18,09.2019 10:53:50;35;2.78;301.5;576.4903515982123;290.96;Module 1,6_14;611.83;97,30;34,90;2,77;96,78;0,52
18,09.2019 10:55:43;34.8;2.84;301.5;586.4560579435192;290.85;Module 1,6_14;622.07;98,83;34,91;2,82;98,53;0,30
18,09.2019 10:57:35;34.7;2.89;301.5;591.5933612601383;290.86;Module 1,6_14;627.19;100,28;34,91;2,85;99,43;0,85
18,09.2019 10:59:28;34.6;2.93;303.5;596.7320753806188;290.61;Module 1,6_14;632.31;101,38;34,55;2,88;99,35;2,03
18,09.2019 11:01:24;34.4;2.98;303.5;601.8774738829817;290.8;Module 1,6_14;637.43;102,51;34,55;2,90;100,24;2,27
18,09.2019 11:03:21;34.2;3.01;303.5;607.0239961983699;291.07;Module 1,6_14;642.55;102,94;34,55;2,93;101,13;1,81
18,09.2019 11:05:17;34.2;3.03;303.5;612.1663594944614;291.41;Module 1,6_14;647.67;103,63;34,55;2,95;102,02;1,60
18,09.2019 11:07:18;34.5;3.04;303.5;619.7410272202814;291.67;Module 1,6_14;655.35;104,88;34,55;2,99;103,33;1,55
18,09.2019 11:09:11;34.6;3.05;303.5;625.1766079584831;291.4;Module 1,6_14;660.79;105,53;34,55;3,02;104,27;1,26
18,09.2019 11:11:12;34.6;3.1;303.5;636.3865184807416;291.05;Module 1,6_14;672.31;107,26;34,55;3,07;106,21;1,05
18,09.2019 11:13:05;34.5;3.14;304;641.8414736043375;290.97;Module 1,6_14;677.77;108,33;34,47;3,10;106,89;1,44
18,09.2019 11:14:58;34.5;3.17;304;648.1860236947994;290.92;Module 1,6_14;684.17;109,36;34,47;3,13;107,98;1,38
18,09.2019 11:16:52;34.2;3.23;304;654.5423250792933;291;Module 1,6_14;690.58;110,47;34,47;3,16;109,07;1,39
18,09.2019 11:19:07;34;3.29;304;663.0641681289171;291.26;Module 1,6_14;699.22;111,86;34,46;3,21;110,54;1,32
18,09.2019 11:21:00;33.9;3.33;304;672.169105170797;291.55;Module 1,6_14;708.53;112,89;34,46;3,25;112,11;0,78
18,09.2019 11:22:54;33.9;3.36;304;678.8488338482276;291.85;Module 1,6_14;715.28;113,90;34,46;3,29;113,25;0,65
18,09.2019 11:24:46;34;3.36;304;682.912805509226;292.21;Module 1,6_14;719.28;114,24;34,46;3,31;113,95;0,29
18,09.2019 11:26:39;34;3.37;304;685.4099490552705;292.44;Module 1,6_14;721.63;114,58;34,46;3,32;114,38;0,20
18,09.2019 11:28:31;34;3.43;305.1;695.3223982547836;292.72;Module 1,6_14;731.79;116,62;34,27;3,37;115,44;1,18
18,09.2019 11:30:24;33.9;3.16;305.1;661.8672911798124;293.14;Module 1,6_14;696.32;107,12;34,27;3,20;109,73;-2,60
18,09.2019 11:32:17;33.9;3.45;305.1;701.8279283514084;293.01;Module 1,6_14;738.09;116,95;34,27;3,40;116,55;0,41
18,09.2019 11:34:11;33.9;3.5;305.1;711.4142352542971;292.32;Module 1,6_14;747.9;118,65;34,26;3,45;118,18;0,47
18,09.2019 11:36:10;33.8;3.55;305.1;722.3649307618527;292.1;Module 1,6_14;759.13;119,99;34,26;3,50;120,04;-0,05
18,09.2019 11:38:04;33.6;3.63;305.1;733.1549745293867;292.42;Module 1,6_14;770.2;121,97;34,25;3,56;121,87;0,10
18,09.2019 11:39:58;33.4;3.69;305.1;741.7289952532119;292.66;Module 1,6_14;778.94;123,25;34,25;3,60;123,33;-0,08
18,09.2019 11:41:51;33.4;3.74;307.6;749.6065444065498;292.85;Module 1,6_14;786.95;124,92;33,80;3,64;123,08;1,84
18,09.2019 11:43:44;33.3;3.78;307.6;755.7123848638331;292.91;Module 1,6_14;793.1;125,87;33,80;3,67;124,10;1,78
18,09.2019 11:45:37;33.2;3.8;307.6;761.9129736886354;293.2;Module 1,6_14;799.35;126,16;33,80;3,70;125,13;1,03
18,09.2019 11:47:33;33;3.83;307.6;770.7605623430015;293.82;Module 1,6_14;808.37;126,39;33,79;3,75;126,61;-0,22
18,09.2019 11:49:25;32.9;3.91;307.6;783.9021933143706;294.1;Module 1,6_14;821.9;128,64;33,78;3,81;128,80;-0,16
18,09.2019 11:51:19;33;3.89;309.6;800.0952423822534;294.03;Module 1,6_14;838.62;128,37;33,42;3,89;130,13;-1,76
18,09.2019 11:53:26;33;4.08;309.6;459.3156726852162;293.68;Module 1,6_14;481.27;134,64;33,36;2,19;73,08;61,56
18,09.2019 11:55:19;33.1;3.37;309.6;676.0634798402934;293.63;Module 1,6_14;708.17;111,55;33,47;3,27;109,59;1,96
18,09.2019 11:57:13;33.2;3.27;309.6;652.4439648615066;293.71;Module 1,6_14;683.23;108,56;33,47;3,16;105,64;2,92
18,09.2019 11:59:06;33.3;3.94;309.6;797.6585099429335;293.88;Module 1,6_14;835.06;131,20;33,42;3,88;129,73;1,47
18,09.2019 12:00:59;33.2;2.46;309.6;298.10880385878886;293.96;Module 1,6_14;312;81,67;32,95;1,39;45,64;36,03
18,09.2019 12:04:44;34.4;4.03;309.6;799.7550330758133;293.46;Module 1,6_14;836.57;138,63;33,42;3,89;130,07;8,56
18,09.2019 12:06:43;33.8;4.17;309.6;847.0636334489245;293.67;Module 1,6_14;885.81;140,95;33,38;4,13;137,83;3,11
18,09.2019 12:08:37;33.5;2.95;309.6;335.45729442407435;293.58;Module 1,6_14;350.71;98,83;33,09;1,57;52,00;46,82
18,09.2019 12:10:35;32.2;1.28;309.6;290.27250171482183;292.96;Module 1,6_14;303.39;41,22;32,92;1,35;44,31;-3,09
18,09.2019 12:12:27;34;4.25;309.6;863.3488723908495;292.95;Module 1,6_14;902.14;144,50;33,38;4,21;140,49;4,01
18,09.2019 12:14:20;33.8;4.23;309.6;859.895114467759;293.19;Module 1,6_14;898.31;142,97;33,38;4,19;139,93;3,05
18,09.2019 12:16:13;33.5;4.21;307.6;850.9209844601278;293.7;Module 1,6_14;888.72;141,03;33,74;4,15;139,92;1,12
18,09.2019 12:18:05;33.3;3.91;307.6;817.1425404895169;294.09;Module 1,6_14;853.24;130,20;33,77;3,98;134,33;-4,12
18,09.2019 12:19:49;33.3;3.75;307.6;756.0224256403026;294.28;Module 1,6_14;789.25;124,87;33,80;3,67;124,15;0,73
18,09.2019 12:21:41;33.2;3.73;307.6;750.3790500672526;294.25;Module 1,6_14;783.18;123,84;33,80;3,65;123,21;0,63
18,09.2019 12:23:34;33.3;4.07;307.6;829.5251501598442;294.14;Module 1,6_14;865.59;135,53;33,76;4,04;136,38;-0,85
18,09.2019 12:25:26;33.1;4.24;309.6;857.4291114735482;294.42;Module 1,6_14;894.51;140,34;33,38;4,18;139,52;0,82
18,09.2019 12:27:19;32.9;4.29;309.6;863.5128741200381;294.66;Module 1,6_14;900.66;141,14;33,38;4,21;140,52;0,62
18,09.2019 12:29:12;32.8;3.9;309.6;789.1774991289137;294.68;Module 1,6_14;822.95;127,92;33,42;3,84;128,33;-0,41
18,09.2019 12:31:08;32.8;4.24;309.6;857.9771466085466;294.73;Module 1,6_14;894.5;139,07;33,38;4,18;139,61;-0,54
18,09.2019 12:33:03;32.7;4.33;309.6;873.2588356886175;294.98;Module 1,6_14;910.24;141,59;33,37;4,26;142,11;-0,52
18,09.2019 12:34:56;32.9;4.3;310.1;875.9605807438597;295.36;Module 1,6_14;912.87;141,47;33,27;4,27;142,17;-0,70
18,09.2019 12:36:49;32.8;3.95;310.1;796.1977557353541;295.54;Module 1,6_14;829.58;129,56;33,33;3,88;129,15;0,41
18,09.2019 12:38:43;32.7;4.03;311.6;811.8688191784781;295.46;Module 1,6_14;845.74;131,78;33,05;3,95;130,67;1,11
18,09.2019 12:40:38;32.8;4.34;311.6;884.0104877936074;295.16;Module 1,6_14;920.71;142,35;33,00;4,31;142,34;0,02
18,09.2019 12:42:31;32.9;4.33;311.6;882.1428115537602;295.01;Module 1,6_14;918.59;142,46;33,00;4,30;142,04;0,42
18,09.2019 12:44:24;32.8;4.4;311.6;897.0611049714491;295.06;Module 1,6_14;933.95;144,32;32,99;4,38;144,43;-0,11
18,09.2019 12:46:16;32.5;4.31;311.6;866.0986041461265;295.32;Module 1,6_14;901.55;140,07;33,02;4,22;139,45;0,63
18,09.2019 12:48:14;33;4.4;312.1;893.1563798928523;295.66;Module 1,6_14;929.54;145,20;32,91;4,36;143,42;1,78
18,09.2019 12:53:53;33.5;4.61;311.6;939.8651615509431;294.31;Module 1,6_14;977.64;154,44;32,95;4,59;151,29;3,14
18,09.2019 12:55:51;33.1;4.48;311.6;957.5205600775214;294.82;Module 1,6_14;995.83;148,29;32,94;4,68;154,11;-5,82
18,09.2019 12:57:55;32.9;4.85;311.6;979.8517469243989;295.53;Module 1,6_14;1018.87;159,56;32,91;4,79;157,66;1,90
18,09.2019 12:59:47;32.8;4.93;311.6;1002.1704169903915;295.39;Module 1,6_14;1041.91;161,70;32,89;4,90;161,21;0,50
18,09.2019 13:01:41;32.6;4.94;311.6;990.0176575163271;295.42;Module 1,6_14;1029.11;161,04;32,90;4,84;159,28;1,77
18,09.2019 13:03:40;32.7;4.8;311.6;965.5490634911142;296;Module 1,6_14;1003.51;156,96;32,93;4,72;155,39;1,57
18,09.2019 13:05:24;32.2;4.74;311.6;963.2220491393687;296.25;Module 1,6_14;1000.95;152,63;32,93;4,71;155,02;-2,39
18,09.2019 13:07:17;32.2;4.7;312.1;910.5865249132348;296.46;Module 1,6_14;946.11;151,34;32,89;4,45;146,21;5,13
18,09.2019 13:09:12;32.1;4.11;312.1;502.6977095363808;296.54;Module 1,6_14;522.23;131,93;32,95;2,41;79,39;52,54
18,09.2019 13:11:16;32.5;4.4;313.6;869.711521256009;296.44;Module 1,6_14;903.36;143,00;32,66;4,24;138,53;4,47
18,09.2019 13:15:01;33.1;4.54;312.1;913.4944840516564;295.64;Module 1,6_14;948.57;150,27;32,89;4,46;146,68;3,60
18,09.2019 13:16:54;32.7;4.02;312.1;811.4099881651921;295.71;Module 1,6_14;842.45;131,45;32,97;3,95;130,25;1,21
18,09.2019 13:18:47;32.6;4.4;312.1;892.387172327023;295.79;Module 1,6_14;926.4;143,44;32,91;4,35;143,30;0,14
18,09.2019 13:20:45;32.6;4.46;313.6;898.1464094041357;296.17;Module 1,6_14;932.25;145,40;32,63;4,38;143,05;2,34
18,09.2019 13:22:37;32.5;4.53;313.6;919.0454633028112;296;Module 1,6_14;953.82;147,22;32,62;4,49;146,37;0,86
18,09.2019 13:24:32;32.5;4.53;313.6;925.6402776890533;295.46;Module 1,6_14;960.54;147,22;32,61;4,52;147,41;-0,19
18,09.2019 13:26:27;32.5;4.57;313.6;923.9940156528156;295.12;Module 1,6_14;958.71;148,53;32,61;4,51;147,15;1,37
18,09.2019 13:28:21;32.7;4.47;313.6;908.4155411852508;295.24;Module 1,6_14;942.43;146,17;32,63;4,43;144,68;1,48
18,09.2019 13:30:14;32.6;4.44;313.6;901.5448514772304;295.36;Module 1,6_14;935.19;144,74;32,63;4,40;143,59;1,15
18,09.2019 13:32:07;32.6;4.45;313.6;903.8393010137852;295.6;Module 1,6_14;937.46;145,07;32,63;4,41;143,96;1,11
18,09.2019 13:34:09;32.5;4.43;313.6;899.4773316936721;295.64;Module 1,6_14;932.82;143,97;32,63;4,39;143,27;0,71
18,09.2019 13:36:02;32.4;4.45;313.6;907.6888422018374;295.82;Module 1,6_14;941.23;144,18;32,63;4,43;144,57;-0,39
18,09.2019 13:37:55;32.4;4.48;313.6;911.9843047606568;295.95;Module 1,6_14;945.58;145,15;32,63;4,45;145,25;-0,10
18,09.2019 13:39:48;32.4;4.46;313.6;904.703687633666;296.46;Module 1,6_14;937.93;144,50;32,63;4,42;144,10;0,41
18,09.2019 13:41:40;32.4;4.43;313.6;902.2709210355562;296.85;Module 1,6_14;935.31;143,53;32,63;4,40;143,71;-0,18
18,09.2019 13:43:38;32.3;4.46;313.6;907.6166288219509;297.11;Module 1,6_14;940.75;144,06;32,63;4,43;144,56;-0,50
18,09.2019 13:45:31;32.3;4.47;313.6;907.4091541032535;296.98;Module 1,6_14;940.44;144,38;32,63;4,43;144,52;-0,14
18,09.2019 13:47:27;32.3;4.45;313.6;904.886001488643;297.24;Module 1,6_14;937.73;143,73;32,63;4,42;144,12;-0,39
18,09.2019 13:49:20;32.3;4.47;313.6;911.6225780817401;296.52;Module 1,6_14;944.62;144,38;32,63;4,45;145,19;-0,81
18,09.2019 13:51:16;32.2;4.45;313.6;908.1685750814772;295.92;Module 1,6_14;940.95;143,29;32,63;4,43;144,64;-1,35
18,09.2019 13:53:09;32.2;4.45;315.6;907.9721586475346;296.05;Module 1,6_14;940.66;143,29;32,27;4,43;143,03;0,26
18,09.2019 13:55:14;32.1;4.46;315.6;909.9542729254323;296.22;Module 1,6_14;942.62;143,17;32,27;4,44;143,34;-0,18
18,09.2019 13:57:07;32.1;4.44;315.6;905.6024299750886;296.25;Module 1,6_14;938.03;142,52;32,27;4,42;142,66;-0,14
18,09.2019 13:59:01;32.2;4.44;315.6;903.9809378793792;295.99;Module 1,6_14;936.27;142,97;32,27;4,41;142,41;0,56
18,09.2019 14:00:54;32.4;4.45;315.6;908.2659540402321;295.93;Module 1,6_14;940.63;144,18;32,27;4,43;143,08;1,10
18,09.2019 14:03:03;32.4;4.46;315.6;910.5610392357169;295.81;Module 1,6_14;942.92;144,50;32,27;4,45;143,44;1,07
18,09.2019 14:04:57;32.4;4.48;315.6;911.1835368279882;295.78;Module 1,6_14;943.49;145,15;32,27;4,45;143,54;1,62
18,09.2019 14:06:50;32.3;4.46;315.6;910.190601269424;296.16;Module 1,6_14;942.39;144,06;32,27;4,44;143,38;0,68
18,09.2019 14:08:45;32.2;4.47;315.6;911.0995840484829;296.72;Module 1,6_14;943.26;143,93;32,27;4,45;143,52;0,41
18,09.2019 14:10:43;32.2;4.45;315.6;903.1117578351179;297.1;Module 1,6_14;934.92;143,29;32,27;4,41;142,27;1,02
18,09.2019 14:12:37;32.2;4.44;315.6;907.6384378450445;297.24;Module 1,6_14;939.54;142,97;32,27;4,43;142,98;-0,01
18,09.2019 14:14:29;32.1;4.43;315.6;905.9989328629796;297.55;Module 1,6_14;937.78;142,20;32,27;4,42;142,72;-0,52
18,09.2019 14:16:25;32.1;4.41;315.6;901.7410615685588;297.5;Module 1,6_14;933.31;141,56;32,27;4,40;142,05;-0,49
18,09.2019 14:18:36;32.4;4.43;315.6;902.3579074609041;296.92;Module 1,6_14;933.88;143,53;32,27;4,40;142,15;1,38
18,09.2019 14:20:30;32.5;4.42;315.6;901.2924688513376;296.79;Module 1,6_14;932.72;143,65;32,27;4,40;141,98;1,67
18,09.2019 14:22:54;32.4;4.43;315.6;903.1185168572268;296.98;Module 1,6_14;934.54;143,53;32,27;4,41;142,27;1,26
18,09.2019 14:24:49;32.4;4.42;315.6;899.4300199229244;297.06;Module 1,6_14;930.67;143,21;32,27;4,39;141,69;1,52
18,09.2019 14:26:43;32.5;4.41;314.1;896.163986492672;297;Module 1,6_14;927.24;143,33;32,55;4,37;142,35;0,98
18,09.2019 14:28:38;32.4;4.4;314.1;896.6075892945161;297.18;Module 1,6_14;927.65;142,56;32,55;4,38;142,42;0,14
18,09.2019 14:30:35;32.3;4.38;314.1;889.1143847647619;297.42;Module 1,6_14;919.85;141,47;32,55;4,34;141,23;0,24
18,09.2019 14:32:34;32.3;4.37;314.1;889.004232849485;297.67;Module 1,6_14;919.69;141,15;32,55;4,34;141,21;-0,06
18,09.2019 14:34:27;32.3;4.32;314.1;880.2091298880298;297.91;Module 1,6_14;910.55;139,54;32,56;4,29;139,82;-0,28
18,09.2019 14:36:19;32.4;4.38;314.1;894.6606791283928;297.4;Module 1,6_14;925.46;141,91;32,55;4,37;142,11;-0,20
18,09.2019 14:38:19;32.5;4.36;314.1;882.0931537797246;297.42;Module 1,6_14;912.42;141,70;32,55;4,30;140,12;1,58
18,09.2019 14:40:12;32.3;4.31;314.1;879.2754258854816;297.79;Module 1,6_14;909.47;139,21;32,56;4,29;139,67;-0,46
18,09.2019 14:42:05;32.3;4.3;314.1;871.0316680689576;298.21;Module 1,6_14;900.91;138,89;32,57;4,25;138,36;0,53
18,09.2019 14:44:03;32.4;4.34;314.1;886.1753369005073;298.45;Module 1,6_14;916.54;140,62;32,55;4,32;140,77;-0,15
18,09.2019 14:45:57;32.4;4.35;314.1;881.9112751196999;298.55;Module 1,6_14;912.1;140,94;32,55;4,30;140,09;0,85
18,09.2019 14:47:51;32.5;4.26;314.1;861.3328803436592;298.78;Module 1,6_14;890.79;138,45;32,58;4,20;136,82;1,63
18,09.2019 14:49:44;32.5;4.33;313.6;883.8775356904682;298.65;Module 1,6_14;914.08;140,72;32,65;4,31;140,78;-0,06
18,09.2019 14:51:38;32.5;4.33;313.6;885.7379049772724;298.37;Module 1,6_14;915.98;140,72;32,65;4,32;141,08;-0,36
18,09.2019 14:53:31;32.4;4.21;313.6;867.3471017308888;298.55;Module 1,6_14;896.94;136,40;32,66;4,23;138,15;-1,75
18,09.2019 14:55:40;32.4;4.22;314.1;861.672452094704;298.75;Module 1,6_14;891.05;136,73;32,58;4,20;136,87;-0,14
18,09.2019 14:57:33;32.5;4.24;314.1;862.7912670671627;298.96;Module 1,6_14;892.19;137,80;32,57;4,21;137,05;0,75
18,09.2019 14:59:29;32.5;4.26;314.1;873.1246995578576;298.98;Module 1,6_14;902.86;138,45;32,56;4,26;138,69;-0,24
18,09.2019 15:01:23;32.5;4.3;314.1;874.6267624610851;298.78;Module 1,6_14;904.4;139,75;32,56;4,27;138,93;0,82
18,09.2019 15:03:25;32.5;4.29;314.1;873.970929341584;299.02;Module 1,6_14;903.71;139,43;32,56;4,26;138,83;0,60
18,09.2019 15:05:18;32.4;4.26;313.6;870.8073826015673;299.29;Module 1,6_14;900.43;138,02;32,66;4,25;138,70;-0,68
18,09.2019 15:07:13;32.3;4.14;313.6;836.7427541994452;299.35;Module 1,6_14;865.2;133,72;32,68;4,08;133,26;0,46
18,09.2019 15:09:06;32.4;4.26;315.6;868.5747862962116;298.81;Module 1,6_14;898.11;138,02;32,30;4,24;136,84;1,19
18,09.2019 15:11:04;32.6;4.18;315.6;854.205947085347;298.28;Module 1,6_14;883.25;136,27;32,31;4,16;134,57;1,70
18,09.2019 15:13:05;32.9;4.13;314.1;847.6008071878897;298.23;Module 1,6_14;876.42;135,88;32,59;4,13;134,63;1,25
18,09.2019 15:14:57;32.8;4.17;314.1;853.4016956586005;297.92;Module 1,6_14;882.42;136,78;32,58;4,16;135,55;1,22
18,09.2019 15:16:50;32.8;4.14;314.1;850.9703863427883;297.79;Module 1,6_14;879.91;135,79;32,59;4,15;135,17;0,63
18,09.2019 15:18:56;32.7;4.15;313.6;851.5922866617364;297.56;Module 1,6_14;880.56;135,71;32,67;4,15;135,64;0,07
18,09.2019 15:20:50;32.7;4.15;313.6;850.6265554858549;297.75;Module 1,6_14;879.57;135,71;32,67;4,15;135,48;0,22
18,09.2019 15:22:43;32.6;4.12;313.6;843.7402681274145;298.09;Module 1,6_14;872.46;134,31;32,68;4,11;134,38;-0,07
18,09.2019 15:24:37;32.6;4.1;313.6;840.1109592955672;298.1;Module 1,6_14;868.72;133,66;32,68;4,09;133,80;-0,14
18,09.2019 15:26:31;32.5;4.07;313.6;831.6830361752856;298.4;Module 1,6_14;860.02;132,28;32,69;4,05;132,45;-0,17
18,09.2019 15:28:27;32.6;4.02;313.6;820.3712042764976;298.85;Module 1,6_14;848.34;131,05;32,70;4,00;130,63;0,42
18,09.2019 15:30:20;32.6;3.91;313.6;836.1827521632459;298.86;Module 1,6_14;864.71;127,47;32,68;4,07;133,17;-5,70
18,09.2019 15:32:19;32.8;3.66;313.6;828.5117938312308;297.98;Module 1,6_14;856.8;120,05;32,69;4,04;131,94;-11,89
18,09.2019 15:34:38;33.1;4.01;313.6;827.2744182396673;297.7;Module 1,6_14;855.55;132,73;32,69;4,03;131,74;0,99
18,09.2019 15:36:31;32.9;3.56;313.6;732.9255708548334;297.66;Module 1,6_14;758;117,12;32,73;3,56;116,53;0,60
18,09.2019 15:38:24;32.9;3.36;313.6;671.30999612252;297.58;Module 1,6_14;694.3;110,54;32,75;3,25;106,50;4,04
18,09.2019 15:40:16;33.1;3.99;313.6;813.2195359658228;297.82;Module 1,6_14;841.1;132,07;32,70;3,96;129,49;2,58
18,09.2019 15:42:22;32.9;4.02;312.1;818.5687372962541;297.66;Module 1,6_14;846.67;132,26;32,96;3,99;131,41;0,85
18,09.2019 15:44:20;32.8;4.02;312.1;822.244611233653;298.09;Module 1,6_14;850.51;131,86;32,96;4,00;132,00;-0,14
18,09.2019 15:46:16;32.9;3.95;312.1;808.8459310909884;298.12;Module 1,6_14;836.69;129,96;32,97;3,94;129,83;0,12
18,09.2019 15:48:09;33.1;3.81;312.1;784.4463396477483;298;Module 1,6_14;811.49;126,11;32,98;3,82;125,87;0,24
18,09.2019 15:50:22;33.3;3.49;312.1;742.9595571122911;297.82;Module 1,6_14;768.62;116,22;33,00;3,61;119,11;-2,89
18,09.2019 15:52:15;33.2;3.55;312.1;736.5198205527356;297.09;Module 1,6_14;762;117,86;33,00;3,58;118,06;-0,20
18,09.2019 15:54:08;33.2;3.58;312.1;736.2351575909213;296.55;Module 1,6_14;761.75;118,86;33,00;3,58;118,01;0,84
18,09.2019 15:56:09;33.1;3.55;312.1;729.8949738982319;296.41;Module 1,6_14;755.24;117,50;33,01;3,54;116,98;0,53
18,09.2019 15:58:02;33;3.57;312.1;734.3798054137221;296.14;Module 1,6_14;759.93;117,81;33,01;3,57;117,71;0,10
18,09.2019 15:59:55;33;3.63;312.1;750.3897267885827;296.25;Module 1,6_14;776.55;119,79;33,00;3,65;120,32;-0,53
18,09.2019 16:01:48;33.1;3.63;312.1;761.0129186841792;296.19;Module 1,6_14;787.6;120,15;32,99;3,70;122,06;-1,90
18,09.2019 16:03:41;33.2;3.56;312.1;720.4345856800271;296.3;Module 1,6_14;745.66;118,19;33,01;3,50;115,43;2,76
18,09.2019 16:05:54;33.2;3.32;312.1;725.4589437575823;296.5;Module 1,6_14;750.93;110,22;33,01;3,52;116,25;-6,03
18,09.2019 16:07:46;33.2;3.35;312.1;689.5608036433481;296.71;Module 1,6_14;713.83;111,22;33,02;3,34;110,36;0,86
18,09.2019 16:09:39;33.3;3.24;312.1;667.8260658052563;296.58;Module 1,6_14;691.39;107,89;33,02;3,23;106,79;1,10
18,09.2019 16:11:33;33.6;3.24;311.6;686.2803574932591;296.39;Module 1,6_14;710.56;108,86;33,11;3,33;110,12;-1,25
18,09.2019 16:13:26;33.6;3.2;311.6;659.8126283626596;296.42;Module 1,6_14;683.22;107,52;33,11;3,19;105,75;1,77
18,09.2019 16:15:20;33.5;3.32;311.6;675.2268578324497;296.25;Module 1,6_14;699.25;111,22;33,11;3,27;108,30;2,92
18,09.2019 16:17:18;33.7;3;311.6;633.67542347259;295.56;Module 1,6_14;656.29;101,10;33,11;3,06;101,43;-0,33
18,09.2019 16:19:11;33.7;3.1;311.6;648.2057698401694;295.25;Module 1,6_14;671.41;104,47;33,11;3,14;103,83;0,64
18,09.2019 16:21:25;33.9;3.02;310.1;630.1467789362243;295.3;Module 1,6_14;652.79;102,38;33,38;3,05;101,64;0,73
18,09.2019 16:23:20;33.8;3.13;310.1;651.6548682504729;295.75;Module 1,6_14;675.15;105,79;33,38;3,15;105,23;0,56
18,09.2019 16:25:13;33.8;3.11;309.6;634.9679332590262;296.25;Module 1,6_14;657.94;105,12;33,47;3,07;102,72;2,40
18,09.2019 16:27:06;33.7;3.15;309.6;649.2962185466297;296.6;Module 1,6_14;672.87;106,16;33,47;3,14;105,12;1,04
18,09.2019 16:28:59;33.8;2.99;309.6;617.4888630895114;297.01;Module 1,6_14;639.99;101,06;33,47;2,98;99,79;1,27
18,09.2019 16:30:55;33.7;2.85;309.6;602.5865462384265;297.05;Module 1,6_14;624.63;96,05;33,46;2,91;97,29;-1,24
18,09.2019 16:32:48;33.7;2.94;309.6;624.7272660819963;297.04;Module 1,6_14;647.67;99,08;33,47;3,02;101,00;-1,92
18,09.2019 16:34:41;33.7;2.94;309.6;604.8863299961067;297.39;Module 1,6_14;627.19;99,08;33,46;2,92;97,67;1,40
18,09.2019 16:36:56;33.8;2.62;309.6;535.6604149902562;297.17;Module 1,6_14;555.51;88,56;33,43;2,57;86,01;2,54
18,09.2019 16:39:07;34;2.52;309.6;538.0326046864091;296.85;Module 1,6_14;558.07;85,68;33,44;2,58;86,41;-0,73
18,09.2019 16:41:35;34;2.7;308.1;565.0623426943657;296.87;Module 1,6_14;586.23;91,80;33,72;2,72;91,68;0,12
18,09.2019 16:43:28;33.9;2.61;308.1;547.697720192644;296.97;Module 1,6_14;568.31;88,48;33,71;2,63;88,73;-0,25
18,09.2019 16:45:20;34;2.38;307.6;495.80253260754165;296.89;Module 1,6_14;514.55;80,92;33,76;2,37;80,09;0,83
18,09.2019 16:47:14;34.1;2.5;307.6;505.5782120477811;296.26;Module 1,6_14;524.79;85,25;33,77;2,42;81,77;3,48
18,09.2019 16:49:11;34.2;2.75;307.6;572.058259793631;296.03;Module 1,6_14;593.91;94,05;33,81;2,75;93,11;0,94
18,09.2019 16:51:04;34;1.99;307.6;406.77119600237586;296.03;Module 1,6_14;422.39;67,66;33,63;1,93;64,81;2,85
18,09.2019 16:53:20;33.8;2.2;307.6;451.0396499836249;296.03;Module 1,6_14;468.47;74,36;33,70;2,15;72,42;1,94
18,09.2019 16:55:13;34.2;2.74;307.6;569.2306743505505;296.26;Module 1,6_14;591.35;93,71;33,81;2,74;92,63;1,08
18,09.2019 16:57:06;34.2;2.76;307.6;578.9647428857251;296.54;Module 1,6_14;601.59;94,39;33,81;2,79;94,29;0,11
18,09.2019 16:59:08;34.1;2.61;307.6;554.1961680105447;296.61;Module 1,6_14;575.99;89,00;33,80;2,66;90,07;-1,07
18,09.2019 17:01:00;34.1;2.66;307.6;558.9966618519994;296.36;Module 1,6_14;581.11;90,71;33,80;2,69;90,89;-0,18
18,09.2019 17:02:53;34.1;2.43;307.6;504.70152470415707;296.23;Module 1,6_14;524.79;82,86;33,77;2,42;81,62;1,25
18,09.2019 17:04:46;34.2;2.8;307.6;585.805879065652;296.13;Module 1,6_14;609.27;95,76;33,81;2,82;95,45;0,31
18,09.2019 17:06:53;34.3;2.73;307.6;573.3373863857292;296.06;Module 1,6_14;596.47;93,64;33,81;2,76;93,33;0,31
18,09.2019 17:08:47;34.2;2.68;305.1;568.267296316728;295.79;Module 1,6_14;591.35;91,66;34,26;2,73;93,65;-1,99
18,09.2019 17:10:40;34.2;2.65;305.1;555.818060246403;296.02;Module 1,6_14;578.55;90,63;34,25;2,67;91,50;-0,87
18,09.2019 17:12:35;34.2;2.62;305.1;550.7441373953809;296.29;Module 1,6_14;573.43;89,60;34,25;2,65;90,62;-1,02
18,09.2019 17:14:30;34.1;2.55;305.1;538.2938662661431;296.69;Module 1,6_14;560.63;86,95;34,24;2,58;88,47;-1,52
18,09.2019 17:16:23;34.1;2.53;305.1;535.6775804252068;296.48;Module 1,6_14;558.07;86,27;34,24;2,57;88,02;-1,75
18,09.2019 17:18:17;34.1;2.52;307.6;530.5996056612013;296.35;Module 1,6_14;552.95;85,93;33,79;2,55;86,04;-0,11
18,09.2019 17:20:10;34.1;2.49;307.6;525.5207906223591;296.07;Module 1,6_14;547.83;84,91;33,78;2,52;85,18;-0,27
18,09.2019 17:22:03;34.2;2.45;307.6;517.9847224048724;296.01;Module 1,6_14;540.15;83,79;33,78;2,48;83,89;-0,10
18,09.2019 17:23:56;34.2;2.41;307.6;507.9938381549998;296.21;Module 1,6_14;529.91;82,42;33,77;2,43;82,18;0,24
18,09.2019 17:25:50;34.3;2.36;307.6;500.45570741361325;296.32;Module 1,6_14;522.23;80,95;33,77;2,40;80,89;0,06
18,09.2019 17:27:58;34.3;2.33;307.6;492.8945367373997;296.15;Module 1,6_14;514.55;79,92;33,76;2,36;79,60;0,32
18,09.2019 17:29:52;34.3;2.31;307.6;490.25741035350666;296.23;Module 1,6_14;511.99;79,23;33,75;2,35;79,14;0,09
18,09.2019 17:31:44;34.4;2.27;305.1;482.7184885151033;295.84;Module 1,6_14;504.31;78,09;34,20;2,31;78,85;-0,76
18,09.2019 17:33:37;34.4;2.24;305.1;480.07622032610436;295.53;Module 1,6_14;501.75;77,06;34,20;2,29;78,39;-1,33
18,09.2019 17:35:29;34.5;2.21;305.1;472.53436204259964;295.54;Module 1,6_14;494.07;76,25;34,18;2,26;77,08;-0,83
18,09.2019 17:37:25;34.4;2.21;305.1;472.32691135927547;295.78;Module 1,6_14;494.07;76,02;34,18;2,25;77,04;-1,02
18,09.2019 17:39:21;34.4;2.19;305.1;462.32720864743254;296.06;Module 1,6_14;483.83;75,34;34,17;2,20;75,30;0,03
18,09.2019 17:41:14;34.4;2.09;305.1;444.9993621489;296.24;Module 1,6_14;465.91;71,90;34,15;2,12;72,29;-0,40
18,09.2019 17:43:06;34.4;2;305.1;425.2382308219952;296.41;Module 1,6_14;445.43;68,80;34,12;2,02;68,85;-0,05
18,09.2019 17:45:00;34.4;1.96;305.1;420.14168087862186;296.4;Module 1,6_14;440.31;67,42;34,11;1,99;67,97;-0,54
18,09.2019 17:47:00;34.5;1.95;305.1;415.0311251276131;295.85;Module 1,6_14;435.19;67,27;34,10;1,97;67,08;0,20
18,09.2019 17:48:58;34.6;1.91;305.1;412.3613574326753;295.64;Module 1,6_14;432.63;66,09;34,09;1,95;66,61;-0,52
18,09.2019 17:50:51;34.7;1.9;305.1;409.6958525335725;295.55;Module 1,6_14;430.07;65,93;34,09;1,94;66,15;-0,22
18,09.2019 17:52:44;34.8;1.87;305.1;407.02482627773213;295.24;Module 1,6_14;427.51;65,08;34,09;1,93;65,68;-0,60
18,09.2019 17:54:47;35;1.84;305.1;399.45490924518975;295;Module 1,6_14;419.83;64,40;34,07;1,89;64,36;0,04
18,09.2019 17:56:40;35;1.8;304;389.4716679318446;295.39;Module 1,6_14;409.59;63,00;34,24;1,84;62,97;0,03
18,09.2019 17:58:33;35;1.74;304;381.92427911623054;295.35;Module 1,6_14;401.91;60,90;34,23;1,80;61,64;-0,74
18,09.2019 18:00:26;34.9;1.7;304;369.5148977638054;295.39;Module 1,6_14;389.11;59,33;34,20;1,74;59,47;-0,14
18,09.2019 18:02:57;34.8;1.65;303.5;357.0272781313455;295.87;Module 1,6_14;376.31;57,42;34,26;1,68;57,42;0,00
18,09.2019 18:04:50;34.7;1.61;303.5;349.4860768911664;296.01;Module 1,6_14;368.63;55,87;34,23;1,64;56,09;-0,22
18,09.2019 18:06:43;34.8;1.57;304;344.3707630030604;295.68;Module 1,6_14;363.51;54,64;34,13;1,61;55,06;-0,42
18,09.2019 18:08:36;34.8;1.52;304;334.4058095081801;295.5;Module 1,6_14;353.27;52,90;34,10;1,56;53,31;-0,41
18,09.2019 18:10:29;34.8;1.51;303.5;329.2882819843271;295.39;Module 1,6_14;348.15;52,55;34,17;1,54;52,54;0,01
18,09.2019 18:12:23;34.9;1.47;303.5;324.1651270774197;295.41;Module 1,6_14;343.03;51,30;34,16;1,51;51,64;-0,33
18,09.2019 18:14:15;34.9;1.43;303.5;316.62668554023725;295.25;Module 1,6_14;335.35;49,91;34,13;1,47;50,31;-0,40
18,09.2019 18:16:08;35;1.4;303.5;311.5016813863031;294.68;Module 1,6_14;330.23;49,00;34,11;1,45;49,41;-0,41
18,09.2019 18:18:03;35;1.36;303.5;304.0685114913111;294.12;Module 1,6_14;322.67;47,60;34,09;1,41;48,10;-0,50
18,09.2019 18:19:56;35.1;1.32;302;294.4294372413078;293.54;Module 1,6_14;312.76;46,33;34,32;1,36;46,75;-0,42
18,09.2019 18:21:48;35;1.27;302;287.2441143989181;293.42;Module 1,6_14;305.45;44,45;34,29;1,33;45,47;-1,02
19,09.2019 09:33:42;36.2;1.35;287.4;275.3063171395168;279.71;Module 1,6_14;305.32;48,87;36,85;1,26;46,33;2,54
19,09.2019 09:35:53;36.8;1.39;287.9;283.6905176882158;280.59;Module 1,6_14;313.97;51,15;36,80;1,30;47,81;3,34
19,09.2019 09:37:45;36.4;1.43;287.9;289.47578837809976;281.25;Module 1,6_14;319.83;52,05;36,82;1,33;48,91;3,14
19,09.2019 09:39:43;36.4;1.46;287.9;296.4302243521539;282.02;Module 1,6_14;326.95;53,14;36,85;1,36;50,23;2,92
19,09.2019 09:41:35;36;1.49;287.9;302.2014177526636;282.78;Module 1,6_14;332.79;53,64;36,88;1,39;51,32;2,32
19,09.2019 09:43:33;35.6;1.53;287.9;309.6719894811523;283.47;Module 1,6_14;340.47;54,47;36,90;1,43;52,74;1,73
19,09.2019 09:45:26;35.8;1.53;287.9;317.1275676991149;284;Module 1,6_14;348.15;54,77;36,92;1,47;54,15;0,62
19,09.2019 09:47:19;36.1;1.57;287.9;324.588763588408;284.6;Module 1,6_14;355.83;56,68;36,95;1,50;55,57;1,11
19,09.2019 09:49:13;36.1;1.58;288.9;329.72080827710863;285.03;Module 1,6_14;360.95;57,04;36,79;1,53;56,29;0,75
19,09.2019 09:51:28;36.1;1.64;288.9;339.618080234936;285.53;Module 1,6_14;371.19;59,20;36,82;1,58;58,16;1,04
19,09.2019 09:53:21;36;1.68;288.9;344.74837181217725;285.89;Module 1,6_14;376.31;60,48;36,83;1,61;59,13;1,35
19,09.2019 09:55:15;36;1.72;288.9;354.57774348023105;286.23;Module 1,6_14;386.55;61,92;36,86;1,65;60,98;0,94
19,09.2019 09:57:09;35.9;1.75;288.9;359.7150241194555;286.57;Module 1,6_14;391.67;62,82;36,87;1,68;61,95;0,87
19,09.2019 09:59:11;35.9;1.8;291.5;367.2349260407063;286.96;Module 1,6_14;399.35;64,62;36,43;1,72;62,64;1,98
19,09.2019 10:01:15;35.8;1.85;291.5;374.76564011321693;287.23;Module 1,6_14;407.03;66,23;36,45;1,76;64,05;2,18
19,09.2019 10:03:07;35.8;1.86;292;382.2552449689002;287.44;Module 1,6_14;414.71;66,59;36,38;1,80;65,30;1,29
19,09.2019 10:05:00;35.9;1.88;292;392.1145058237492;287.57;Module 1,6_14;424.95;67,49;36,39;1,84;67,13;0,36
19,09.2019 10:07:04;36.1;1.92;292;402.0224545647;287.96;Module 1,6_14;435.19;69,31;36,41;1,89;68,97;0,34
19,09.2019 10:08:57;36;1.96;293.5;407.1636550864258;288.15;Module 1,6_14;440.31;70,56;36,16;1,92;69,45;1,11
19,09.2019 10:10:51;36;1.97;293.5;414.67652022508804;288.31;Module 1,6_14;447.99;70,92;36,17;1,96;70,83;0,09
19,09.2019 10:12:44;36.1;2.02;293.5;424.5607697715242;288.41;Module 1,6_14;458.23;72,92;36,19;2,01;72,66;0,27
19,09.2019 10:14:37;36.1;2.03;295.5;427.3300562988145;288.41;Module 1,6_14;460.79;73,28;35,84;2,02;72,50;0,79
19,09.2019 10:16:34;36.1;2.07;295.5;437.23609824884903;288.53;Module 1,6_14;471.03;74,73;35,85;2,07;74,30;0,42
19,09.2019 10:18:27;36.1;2.11;296;444.75677710095687;288.75;Module 1,6_14;478.71;76,17;35,77;2,11;75,50;0,67
19,09.2019 10:20:19;36.1;2.15;296;449.89619689584805;288.91;Module 1,6_14;483.83;77,61;35,78;2,14;76,43;1,18
19,09.2019 10:22:31;36;2.19;296;457.48334401005724;289.21;Module 1,6_14;491.51;78,84;35,79;2,17;77,81;1,03
19,09.2019 10:24:25;35.9;2.23;297.5;465.0122585549188;289.38;Module 1,6_14;499.19;80,06;35,53;2,21;78,63;1,43
19,09.2019 10:26:18;35.5;2.3;297.5;470.15355637314525;289.46;Module 1,6_14;504.31;81,65;35,54;2,24;79,55;2,10
19,09.2019 10:28:11;35.5;2.27;297.5;465.7395737788957;289.53;Module 1,6_14;499.19;80,58;35,53;2,22;78,76;1,83
19,09.2019 10:30:19;35.5;2.33;297.5;482.8696537202744;289.73;Module 1,6_14;517.11;82,72;35,55;2,30;81,85;0,87
19,09.2019 10:32:12;35.6;2.37;297.5;495.18452222424924;289.82;Module 1,6_14;529.91;84,37;35,56;2,36;84,07;0,31
19,09.2019 10:34:10;35.9;2.36;299.5;500.3420489362175;290.02;Module 1,6_14;535.03;84,72;35,21;2,39;84,19;0,54
19,09.2019 10:36:14;35.9;2.39;299.5;510.30784540631294;290.35;Module 1,6_14;545.27;85,80;35,22;2,44;85,96;-0,16
19,09.2019 10:38:14;35.9;2.45;299.5;520.2660447678994;290.42;Module 1,6_14;555.51;87,95;35,23;2,49;87,74;0,22
19,09.2019 10:40:07;35.8;2.5;299.5;527.8082823321987;290.31;Module 1,6_14;563.19;89,50;35,23;2,53;89,08;0,42
19,09.2019 10:42:00;35.7;2.53;299.5;535.3521501119972;289.85;Module 1,6_14;570.87;90,32;35,23;2,57;90,42;-0,10
19,09.2019 10:43:53;35.7;2.56;300;542.8975795520917;289.55;Module 1,6_14;578.55;91,39;35,15;2,60;91,54;-0,15
19,09.2019 10:45:46;35.6;2.64;300;545.6370472177902;289.5;Module 1,6_14;581.11;93,98;35,16;2,62;92,03;1,96
19,09.2019 10:47:38;35.4;2.65;300;555.5847410633411;289.92;Module 1,6_14;591.35;93,81;35,16;2,67;93,79;0,02
19,09.2019 10:49:31;35.6;2.66;300;560.7264811657955;290.22;Module 1,6_14;596.47;94,70;35,16;2,69;94,70;-0,01
19,09.2019 10:51:32;35.6;2.7;300;570.705835522972;290.39;Module 1,6_14;606.71;96,12;35,16;2,74;96,47;-0,35
19,09.2019 10:53:51;35.1;2.79;301;578.3307445973348;290.41;Module 1,6_14;614.39;97,93;34,99;2,78;97,34;0,59
19,09.2019 10:55:48;34.9;2.84;301;585.8933718003462;290.46;Module 1,6_14;622.07;99,12;34,99;2,82;98,67;0,44
19,09.2019 10:57:45;34.7;2.9;301.5;591.0445155372192;290.52;Module 1,6_14;627.19;100,63;34,91;2,85;99,34;1,29
19,09.2019 10:59:40;34.5;2.95;301.5;598.6022321473058;290.67;Module 1,6_14;634.87;101,78;34,91;2,88;100,66;1,11
19,09.2019 11:01:34;34.3;3.01;302;606.1582296268949;290.54;Module 1,6_14;642.55;103,24;34,82;2,92;101,73;1,51
19,09.2019 11:03:26;34.3;3.03;302;616.1260390494467;290.51;Module 1,6_14;652.79;103,93;34,82;2,97;103,47;0,46
19,09.2019 11:05:34;34.3;3.05;302;619.9738524555295;290.52;Module 1,6_14;656.5;104,61;34,82;2,99;104,14;0,47
19,09.2019 11:07:27;34.5;3.09;303.5;632.8957362199876;290.84;Module 1,6_14;669.86;106,60;34,55;3,06;105,61;1,00
19,09.2019 11:09:30;34.5;3.1;303.5;609.8248186408324;291.1;Module 1,6_14;645.11;106,95;34,55;2,94;101,62;5,33
19,09.2019 11:11:29;34.3;3.21;303.5;655.3479957546938;291.38;Module 1,6_14;692.93;110,10;34,55;3,17;109,49;0,62
19,09.2019 11:13:22;34.2;3.09;303.5;622.6698379506672;291.52;Module 1,6_14;658.08;105,68;34,55;3,01;103,84;1,84
19,09.2019 11:15:20;34;2.83;303.5;571.9064332767042;291.79;Module 1,6_14;604.15;96,22;34,55;2,75;95,03;1,19
19,09.2019 11:17:12;33.8;2.72;304;533.3621047750202;291.73;Module 1,6_14;563.19;91,94;34,44;2,56;88,10;3,83
19,09.2019 11:19:08;33.9;2.71;304;552.999159780755;291.66;Module 1,6_14;583.67;91,87;34,45;2,66;91,52;0,35
19,09.2019 11:21:00;33.9;3.1;304;613.8900867897696;291.6;Module 1,6_14;647.67;105,09;34,46;2,96;102,06;3,03
19,09.2019 11:22:54;34.1;3.22;304;652.2438607413412;291.81;Module 1,6_14;687.85;109,80;34,47;3,15;108,68;1,12
19,09.2019 11:24:51;34.2;3.35;304;683.3834653340109;291.92;Module 1,6_14;720.39;114,57;34,46;3,31;114,03;0,54
19,09.2019 11:26:46;34.1;3.39;304;686.8269737791034;292.28;Module 1,6_14;723.73;115,60;34,46;3,33;114,62;0,98
19,09.2019 11:28:40;33.9;3.38;304;683.1736014790538;292.59;Module 1,6_14;719.6;114,58;34,46;3,31;114,00;0,59
19,09.2019 11:30:36;33.9;3.31;305.1;664.8336458715527;292.71;Module 1,6_14;700.01;112,21;34,27;3,22;110,23;1,98
19,09.2019 11:32:48;33.8;3.25;305.1;638.8118236036545;292.96;Module 1,6_14;672.32;109,85;34,27;3,09;105,78;4,07
19,09.2019 11:34:41;33.7;3.11;305.1;632.4950456335067;292.84;Module 1,6_14;665.43;104,81;34,27;3,05;104,70;0,11
19,09.2019 11:36:34;33.7;3.44;305.1;683.1630213308291;292.82;Module 1,6_14;718.48;115,93;34,27;3,31;113,36;2,56
19,09.2019 11:38:27;33.7;3.51;305.1;707.6192539413504;292.96;Module 1,6_14;743.94;118,29;34,26;3,43;117,53;0,76
19,09.2019 11:40:24;33.7;3.39;305.1;684.3400546651088;293.32;Module 1,6_14;719.21;114,24;34,27;3,31;113,56;0,68
19,09.2019 11:42:17;33.7;3.55;305.1;719.7698223844604;293.39;Module 1,6_14;756.19;119,64;34,26;3,49;119,60;0,04
19,09.2019 11:44:10;33.7;3.63;305.1;733.500193384987;293.44;Module 1,6_14;770.36;122,33;34,25;3,56;121,93;0,40
19,09.2019 11:46:03;33.6;3.65;305.1;735.4817278448601;293.43;Module 1,6_14;772.19;122,64;34,25;3,57;122,27;0,37
19,09.2019 11:48:21;33.7;3.69;305.1;751.108608541565;293.68;Module 1,6_14;788.29;124,35;34,24;3,65;124,92;-0,56
19,09.2019 11:50:13;33.7;3.77;305.1;760.2719848403958;293.89;Module 1,6_14;797.66;127,05;34,24;3,69;126,47;0,58
19,09.2019 11:52:06;33.5;2.14;305.1;653.817539336416;293.91;Module 1,6_14;685.76;71,69;34,27;3,16;108,35;-36,66
19,09.2019 11:54:00;34.6;2.64;305.1;774.8991023044941;293.35;Module 1,6_14;812.51;91,34;34,23;3,77;128,94;-37,60
19,09.2019 11:55:53;33.8;1.79;307.6;361.4391585397739;293.29;Module 1,6_14;378.87;60,50;33,53;1,70;57,01;3,49
19,09.2019 11:57:46;35.5;3.95;307.6;631.3545577315715;293.31;Module 1,6_14;661.61;140,22;33,83;3,05;103,18;37,05
19,09.2019 11:59:38;33.9;2.48;307.6;793.8624530049526;293.17;Module 1,6_14;831.67;84,07;33,77;3,86;130,46;-46,39
19,09.2019 12:03:25;34.2;4.32;307.6;879.8331155511562;292.83;Module 1,6_14;921.22;147,74;33,72;4,29;144,69;3,06
19,09.2019 12:12:52;33.8;4.41;304;886.6409073597483;291.15;Module 1,6_14;927.13;149,06;34,34;4,32;148,52;0,54
19,09.2019 12:14:45;35.1;4.54;303.5;924.2149007636685;291.57;Module 1,6_14;966.18;159,35;34,40;4,51;155,20;4,16
19,09.2019 12:16:45;34.2;4.69;303.5;950.3742917011344;292.59;Module 1,6_14;993.27;160,40;34,38;4,64;159,57;0,83
19,09.2019 12:18:37;33.7;4.78;303.5;970.200108052211;293.35;Module 1,6_14;1013.75;161,09;34,35;4,74;162,87;-1,78
19,09.2019 12:20:30;33.2;4.18;304;710.4350423610393;294.02;Module 1,6_14;742.15;138,78;34,45;3,44;118,67;20,11
19,09.2019 12:22:23;33.2;4.82;304;973.104227150365;294.54;Module 1,6_14;1016.31;160,02;34,26;4,76;162,94;-2,91
19,09.2019 12:24:27;33;4.63;305.1;935.0665443281513;295.14;Module 1,6_14;976.34;152,79;34,11;4,57;155,74;-2,95
19,09.2019 12:26:20;31.9;1.54;305.1;326.14985086011274;295;Module 1,6_14;340.47;49,13;33,88;1,52;51,58;-2,45
19,09.2019 12:31:57;34;4.48;307.6;911.9607346697316;293.51;Module 1,6_14;951.39;152,32;33,69;4,45;149,96;2,36
19,09.2019 12:33:50;33.9;4.48;307.6;917.7018789777024;293.41;Module 1,6_14;957.18;151,87;33,68;4,48;150,90;0,97
19,09.2019 12:35:44;33.3;2.85;307.6;737.1094202387325;293.5;Module 1,6_14;768.66;94,91;33,80;3,58;120,99;-26,08
19,09.2019 12:38:00;33.8;4.28;307.6;886.2394905722059;293.93;Module 1,6_14;923.95;144,66;33,71;4,32;145,74;-1,08
19,09.2019 12:40:22;33.3;4.36;307.6;893.0304465394938;294.38;Module 1,6_14;930.8;145,19;33,70;4,36;146,86;-1,67
19,09.2019 12:42:31;33.1;4.51;307.6;920.2019926772089;294.83;Module 1,6_14;958.91;149,28;33,68;4,49;151,31;-2,03
19,09.2019 12:44:23;33;4.63;307.6;942.2964592549569;295.27;Module 1,6_14;981.75;152,79;33,66;4,60;154,93;-2,14
19,09.2019 12:46:17;32.6;4.77;307.6;968.2775802057971;295.84;Module 1,6_14;1008.63;155,50;33,63;4,73;159,16;-3,66
19,09.2019 12:48:18;32.6;4.83;309.6;978.2988683578336;296.04;Module 1,6_14;1018.87;157,46;33,27;4,78;159,11;-1,65
19,09.2019 12:50:11;32.4;4.79;309.6;963.723011126796;295.92;Module 1,6_14;1003.51;155,20;33,28;4,71;156,76;-1,57
19,09.2019 12:52:17;32.2;4.9;311.6;986.0427008533527;296.24;Module 1,6_14;1026.55;157,78;32,91;4,82;158,65;-0,87
19,09.2019 12:54:10;32;4.44;311.6;895.20508274552;296.6;Module 1,6_14;931.82;142,08;32,99;4,37;144,14;-2,06
19,09.2019 12:56:05;32.1;4.95;311.6;1006.0614428633892;297.03;Module 1,6_14;1047.03;158,90;32,88;4,92;161,82;-2,93
19,09.2019 12:57:58;32;4.9;311.6;976.7059464248365;297.26;Module 1,6_14;1016.31;156,80;32,91;4,78;157,16;-0,36
19,09.2019 13:12:01;35.6;3.56;307.6;743.9345184237527;290.33;Module 1,6_14;773.21;126,74;33,80;3,61;122,13;4,61
19,09.2019 13:13:54;35;3.98;307.6;888.535735723276;290.35;Module 1,6_14;923.37;139,30;33,71;4,33;146,12;-6,82
19,09.2019 13:15:49;34.5;4.46;305.1;901.91458957857;291.17;Module 1,6_14;937.14;153,87;34,14;4,40;150,24;3,63
19,09.2019 13:17:42;34.2;4.23;305.1;877.1180474379024;291.92;Module 1,6_14;911.25;144,67;34,16;4,28;146,11;-1,44
19,09.2019 13:19:47;33.8;4.42;305.1;909.402221945225;292.67;Module 1,6_14;944.65;149,40;34,13;4,44;151,48;-2,09
19,09.2019 13:21:40;33.4;4.41;305.1;902.281641923727;293.42;Module 1,6_14;937.13;147,29;34,14;4,40;150,30;-3,00
19,09.2019 13:23:34;33.1;4.37;305.1;896.737120303136;293.89;Module 1,6_14;931.25;144,65;34,14;4,38;149,38;-4,73
19,09.2019 13:25:26;33;4.56;305.1;931.4427805005708;294.58;Module 1,6_14;967.17;150,48;34,11;4,55;155,14;-4,66
19,09.2019 13:27:21;32.9;4.55;305.1;936.4052332292107;294.94;Module 1,6_14;972.2;149,69;34,10;4,57;155,96;-6,27
19,09.2019 13:29:49;32.7;4.59;308.1;938.3264535010924;295.76;Module 1,6_14;974.04;150,09;33,57;4,58;153,88;-3,78
19,09.2019 13:31:41;32.6;4.36;308.1;889.108056310284;296.31;Module 1,6_14;922.84;142,14;33,62;4,34;145,83;-3,70
19,09.2019 13:33:49;32.5;4.51;308.1;915.7326392511811;296.46;Module 1,6_14;950.35;146,57;33,59;4,47;150,19;-3,61
19,09.2019 13:35:42;32.6;4.51;309.6;937.0470296557544;296.68;Module 1,6_14;972.36;147,03;33,31;4,58;152,46;-5,43
19,09.2019 13:37:35;32.4;4.62;309.6;936.9774486201508;296.85;Module 1,6_14;972.18;149,69;33,31;4,58;152,45;-2,76
19,09.2019 13:39:28;32.2;4.69;311.6;974.6806554148869;297.24;Module 1,6_14;1011.19;151,02;32,91;4,77;156,84;-5,82
19,09.2019 13:41:20;32.1;4.24;311.6;885.3629473891415;297.46;Module 1,6_14;918.43;136,10;33,00;4,32;142,55;-6,45
19,09.2019 13:43:13;32.4;4.21;311.6;864.1387274388469;297.39;Module 1,6_14;896.32;136,40;33,02;4,21;139,13;-2,73
19,09.2019 13:45:06;32.4;4.54;312.1;927.0822832469983;297.53;Module 1,6_14;961.51;147,10;32,88;4,53;148,85;-1,75
19,09.2019 13:46:58;32.4;4.61;312.1;962.7364541752071;297.54;Module 1,6_14;998.39;149,36;32,84;4,70;154,52;-5,16
19,09.2019 13:49:38;32.3;4.91;312.1;1009.777419020834;297.6;Module 1,6_14;1047.03;158,59;32,79;4,94;161,97;-3,38
19,09.2019 13:51:39;32.3;5.02;312.1;990.1253877698118;296.96;Module 1,6_14;1026.55;162,15;32,81;4,84;158,87;3,28
19,09.2019 13:53:38;31.9;4.42;313.6;897.039222798593;296.96;Module 1,6_14;929.95;141,00;32,63;4,38;142,88;-1,88
19,09.2019 13:55:34;32;5;313.6;1012.5376287621253;297.33;Module 1,6_14;1049.59;160,00;32,52;4,95;161,09;-1,09
19,09.2019 13:57:27;31.9;5.04;313.6;1027.444452677904;297.05;Module 1,6_14;1064.95;160,78;32,51;5,03;163,41;-2,64
19,09.2019 13:59:20;32.1;1.53;314.1;305.8327400226967;296.65;Module 1,6_14;316.97;49,11;32,16;1,43;45,86;3,25
19,09.2019 14:01:14;32.5;1.76;314.1;387.82041049074815;296.24;Module 1,6_14;401.91;57,20;32,41;1,84;59,50;-2,30
19,09.2019 14:03:07;35.1;4.73;314.1;985.7010426732213;296.21;Module 1,6_14;1021.43;166,02;32,46;4,82;156,45;9,57
19,09.2019 14:08:46;33.6;1.14;312.1;290.77845796504346;294.97;Module 1,6_14;301.25;38,30;32,47;1,35;43,82;-5,52
19,09.2019 14:10:38;34.6;4.92;312.1;993.4080282197131;295.32;Module 1,6_14;1029.11;170,23;32,81;4,86;159,39;10,85
19,09.2019 14:12:31;33.1;3.74;311.6;958.8776926613215;296.15;Module 1,6_14;993.27;123,79;32,94;4,69;154,33;-30,53
19,09.2019 14:14:24;33.1;4.36;311.6;944.0741555480047;296.22;Module 1,6_14;977.87;144,32;32,95;4,61;151,97;-7,65
19,09.2019 14:16:17;32.8;4.57;311.6;939.578182793314;296.35;Module 1,6_14;973.15;149,90;32,95;4,59;151,25;-1,35
19,09.2019 14:18:11;32.7;4.6;311.6;951.6491742911837;296.55;Module 1,6_14;985.59;150,42;32,94;4,65;153,17;-2,75
19,09.2019 14:21:23;31.6;1.23;311.6;303.74864792321426;295.62;Module 1,6_14;314.55;38,87;32,61;1,41;46,12;-7,25
19,09.2019 14:23:16;33.8;4.38;311.6;899.7574220691148;295.29;Module 1,6_14;931.7;148,04;32,99;4,39;144,87;3,18
19,09.2019 14:25:10;33;4.08;311.6;836.9065003726066;295.5;Module 1,6_14;866.57;134,64;33,04;4,08;134,73;-0,09
19,09.2019 14:27:06;33;3.98;311.6;801.7377408214019;295.67;Module 1,6_14;830.11;131,34;33,06;3,90;129,02;2,32
19,09.2019 14:29:00;33;3.9;311.6;805.6708605834398;295.83;Module 1,6_14;834.14;128,70;33,06;3,92;129,66;-0,96
19,09.2019 14:30:53;33;4.2;311.6;846.2587943857778;296.04;Module 1,6_14;876.12;138,60;33,03;4,12;136,24;2,36
19,09.2019 14:32:48;33.3;4.33;311.6;945.6861444758786;296;Module 1,6_14;979.01;144,19;32,95;4,62;152,22;-8,03
19,09.2019 14:34:49;33;3.86;311.6;524.26157465491;296.04;Module 1,6_14;542.71;127,38;33,06;2,52;83,21;44,17
19,09.2019 14:36:42;32.4;3.06;311.6;940.7750691054321;295.71;Module 1,6_14;973.84;99,14;32,95;4,60;151,44;-52,29
19,09.2019 14:38:35;33.2;4.05;311.6;917.9254398850071;295.79;Module 1,6_14;950.15;134,46;32,98;4,48;147,78;-13,32
19,09.2019 14:40:28;33.5;4.48;310.1;920.5679855274492;296.12;Module 1,6_14;952.85;150,08;33,23;4,50;149,40;0,68
19,09.2019 14:42:24;33.1;4.28;310.1;867.6749363262155;296.29;Module 1,6_14;898.07;141,67;33,28;4,23;140,82;0,84
19,09.2019 14:44:17;33;4.35;310.1;894.8627465339482;296.6;Module 1,6_14;926.18;143,55;33,26;4,37;145,24;-1,69
19,09.2019 14:46:18;32.9;4.3;310.1;873.6156954857144;297.11;Module 1,6_14;904.16;141,47;33,28;4,26;141,79;-0,32
19,09.2019 14:48:14;32.7;4.02;310.1;823.009539350224;297.11;Module 1,6_14;851.76;131,45;33,31;4,01;133,54;-2,09
19,09.2019 14:50:16;32.8;4.43;311.6;915.9587872322383;297.25;Module 1,6_14;947.93;145,30;32,98;4,47;147,47;-2,16
19,09.2019 14:52:31;32.6;4.42;311.6;910.988329413892;297.39;Module 1,6_14;942.76;144,09;32,98;4,45;146,67;-2,58
19,09.2019 14:54:24;32.6;4.37;311.6;879.4471627141015;297.32;Module 1,6_14;910.1;142,46;33,01;4,29;141,60;0,86
19,09.2019 14:56:16;32.4;4.11;311.6;834.9923821520996;297.5;Module 1,6_14;864.08;133,16;33,04;4,07;134,42;-1,26
19,09.2019 14:58:22;32.5;4.25;311.6;871.3035457704877;297.52;Module 1,6_14;901.64;138,13;33,02;4,25;140,29;-2,16
19,09.2019 15:00:15;32.4;4.3;312.1;881.8874356061536;297.57;Module 1,6_14;912.58;139,32;32,91;4,30;141,61;-2,29
19,09.2019 15:02:07;32.4;4.28;312.1;875.7511301866269;297.51;Module 1,6_14;906.22;138,67;32,92;4,27;140,63;-1,96
19,09.2019 15:04:00;32.5;4.36;312.1;887.0753674623604;297.51;Module 1,6_14;917.93;141,70;32,91;4,33;142,45;-0,75
19,09.2019 15:05:53;32.5;4.25;312.1;857.6062471419611;297.54;Module 1,6_14;887.43;138,13;32,94;4,18;137,71;0,42
19,09.2019 15:07:47;32.4;3.93;312.1;797.8092555119752;297.42;Module 1,6_14;825.55;127,33;32,98;3,88;128,04;-0,71
19,09.2019 15:09:41;32.7;4.07;312.1;822.1446623828778;297.39;Module 1,6_14;850.73;133,09;32,96;4,00;131,98;1,10
19,09.2019 15:11:34;32.8;4.13;312.1;848.3335858852446;297.59;Module 1,6_14;877.83;135,46;32,94;4,14;136,21;-0,75
19,09.2019 15:13:26;32.7;3.96;312.1;827.4086025370316;297.96;Module 1,6_14;856.18;129,49;32,95;4,03;132,84;-3,34
19,09.2019 15:15:20;32.6;3.89;313.6;813.6813148762676;298.03;Module 1,6_14;841.98;126,81;32,70;3,96;129,56;-2,75
19,09.2019 15:17:13;32.7;4.01;313.6;823.6769222843875;298.03;Module 1,6_14;852.33;131,13;32,69;4,01;131,17;-0,04
19,09.2019 15:19:05;32.6;4.03;313.6;810.6030574786265;297.95;Module 1,6_14;838.81;131,38;32,70;3,95;129,07;2,31
19,09.2019 15:21:02;32.6;3.78;313.6;746.9283878443304;297.69;Module 1,6_14;772.93;123,23;32,73;3,63;118,80;4,43
19,09.2019 15:22:54;32.9;4.17;313.6;856.2877632039965;297.83;Module 1,6_14;886.11;137,19;32,66;4,18;136,39;0,81
19,09.2019 15:24:38;32.8;4.12;312.1;850.4852390729465;297.87;Module 1,6_14;880.12;135,14;32,94;4,15;136,56;-1,43
19,09.2019 15:26:30;32.8;4.1;312.1;859.7444963932156;297.5;Module 1,6_14;889.72;134,48;32,93;4,19;138,05;-3,57
19,09.2019 15:28:23;32.9;4.05;312.1;836.697968116394;297.52;Module 1,6_14;865.89;133,24;32,95;4,08;134,34;-1,09
19,09.2019 15:30:17;33;4.14;312.1;855.3249910218174;297.62;Module 1,6_14;885.19;136,62;32,94;4,17;137,34;-0,72
19,09.2019 15:32:10;33;3.93;312.1;818.1391944421904;297.22;Module 1,6_14;846.73;129,69;32,96;3,98;131,34;-1,65
19,09.2019 15:34:03;33;3.65;312.1;740.7593079974665;296.19;Module 1,6_14;766.67;120,45;33,00;3,60;118,75;1,70
19,09.2019 15:35:56;33.3;3.89;312.1;793.1584615297539;295.6;Module 1,6_14;820.93;129,54;32,98;3,86;127,29;2,25
19,09.2019 15:37:49;33.2;3.82;312.1;800.6553615265904;295.62;Module 1,6_14;828.72;126,82;32,97;3,90;128,50;-1,68
19,09.2019 15:39:42;33;3.88;312.1;798.3918180072047;296.19;Module 1,6_14;826.41;128,04;32,98;3,89;128,14;-0,10
19,09.2019 15:41:35;33;3.92;312.1;820.7991917044305;296.66;Module 1,6_14;849.64;129,36;32,96;4,00;131,77;-2,41
19,09.2019 15:43:28;33;3.77;312.1;767.4379082119046;296.95;Module 1,6_14;794.44;124,41;32,99;3,73;123,10;1,31
19,09.2019 15:45:21;32.9;3.85;312.1;777.4176271165944;297.17;Module 1,6_14;804.81;126,66;32,98;3,78;124,73;1,94
19,09.2019 15:47:23;33.2;4.06;311.6;839.0378481689404;297.1;Module 1,6_14;868.65;134,79;33,04;4,09;135,08;-0,28
19,09.2019 15:49:24;33.2;4.21;311.6;877.429268082811;297.08;Module 1,6_14;908.45;139,77;33,01;4,28;141,28;-1,50
19,09.2019 15:51:18;33;4.02;311.6;826.5380530494975;297.39;Module 1,6_14;855.81;132,66;33,05;4,03;133,05;-0,39
19,09.2019 15:53:12;32.8;3.76;311.6;746.5816448833127;297.59;Module 1,6_14;773.07;123,33;33,09;3,63;120,02;3,30
19,09.2019 15:55:05;32.6;3;311.6;610.6049845057709;297.67;Module 1,6_14;632.31;97,80;33,10;2,95;97,60;0,20
19,09.2019 15:56:59;33;3.21;312.1;660.1082369484684;297.42;Module 1,6_14;683.62;105,93;33,02;3,20;105,52;0,41
19,09.2019 15:58:51;33.2;2.88;312.1;561.0840310842851;297.08;Module 1,6_14;581.11;95,62;33,00;2,70;89,12;6,49
19,09.2019 16:00:44;33.5;2.9;312.1;615.416963608955;296.7;Module 1,6_14;637.43;97,15;33,02;2,97;98,14;-0,99
19,09.2019 16:02:38;33.7;3.42;311.6;704.8211651599861;296.67;Module 1,6_14;730.09;115,25;33,10;3,42;113,17;2,08
19,09.2019 16:04:42;33.2;2.56;311.6;627.6684494823107;296.92;Module 1,6_14;650.23;84,99;33,11;3,03;100,43;-15,44
19,09.2019 16:06:35;33.5;3.08;311.6;656.8508522065973;297.21;Module 1,6_14;680.52;103,18;33,11;3,18;105,26;-2,08
19,09.2019 16:08:28;33.6;3.38;311.6;698.2731954398596;297.18;Module 1,6_14;723.5;113,57;33,10;3,39;112,09;1,47
19,09.2019 16:10:32;33.6;3.57;310.1;721.0628943873492;297;Module 1,6_14;747.19;119,95;33,37;3,50;116,76;3,19
19,09.2019 16:12:25;33.5;3.26;310.1;689.4291372395352;296.94;Module 1,6_14;714.48;109,21;33,38;3,34;111,52;-2,31
19,09.2019 16:14:18;33.5;3.39;310.1;697.9266545289479;296.92;Module 1,6_14;723.36;113,56;33,38;3,38;112,93;0,64
19,09.2019 16:16:10;33.5;3.46;310.1;734.2915441219673;296.84;Module 1,6_14;761.13;115,91;33,36;3,57;118,95;-3,04
19,09.2019 16:18:03;33.5;3.47;310.1;715.4582635303997;296.73;Module 1,6_14;741.69;116,25;33,37;3,47;115,84;0,41
19,09.2019 16:19:57;33.4;3.4;310.1;710.1480394328103;296.9;Module 1,6_14;736.27;113,56;33,37;3,45;114,96;-1,40
19,09.2019 16:21:49;33.5;3.49;310.1;722.7561279565232;297.06;Module 1,6_14;749.43;116,92;33,37;3,51;117,04;-0,13
19,09.2019 16:23:42;33.5;3.31;310.1;692.0220725703962;297.19;Module 1,6_14;717.65;110,89;33,38;3,35;111,95;-1,06
19,09.2019 16:25:34;33.7;3.33;309.6;703.919162429268;297.27;Module 1,6_14;730.08;112,22;33,46;3,41;114,22;-2,00
19,09.2019 16:27:27;33.7;3.2;309.6;672.1670385534176;297.46;Module 1,6_14;697.24;107,84;33,47;3,25;108,94;-1,10
19,09.2019 16:29:23;33.6;3.17;309.6;660.2261109457485;297.29;Module 1,6_14;684.95;106,51;33,47;3,20;106,94;-0,43
19,09.2019 16:31:15;33.6;3.22;309.6;661.8680125169784;297.3;Module 1,6_14;686.75;108,19;33,47;3,20;107,22;0,98
19,09.2019 16:34:08;33.7;3.3;309.6;691.6745412619405;297.14;Module 1,6_14;717.84;111,21;33,46;3,35;112,19;-0,98
19,09.2019 16:36:05;33.7;3.26;309.6;685.4171463418844;297.35;Module 1,6_14;711.46;109,86;33,46;3,32;111,14;-1,28
19,09.2019 16:37:59;33.7;3.01;309.6;634.7650981355846;297.55;Module 1,6_14;658.99;101,44;33,47;3,07;102,68;-1,25
19,09.2019 16:39:52;33.7;3.12;309.6;606.4993753410163;297.53;Module 1,6_14;629.75;105,14;33,46;2,93;97,94;7,20
19,09.2019 16:41:44;33.7;3.04;309.6;635.5437788299752;297.35;Module 1,6_14;660.02;102,45;33,47;3,07;102,81;-0,37
19,09.2019 16:43:37;33.8;3.1;309.6;649.9878723422826;297.3;Module 1,6_14;675.14;104,78;33,47;3,14;105,23;-0,45
19,09.2019 16:45:29;33.8;3.05;309.6;638.0302921005288;297.37;Module 1,6_14;662.84;103,09;33,47;3,08;103,23;-0,14
19,09.2019 16:47:24;33.8;2.85;309.6;596.207267972522;297.39;Module 1,6_14;619.51;96,33;33,46;2,88;96,22;0,11
19,09.2019 16:49:17;33.9;3;309.6;630.5758122695778;297.21;Module 1,6_14;655.35;101,70;33,47;3,05;101,98;-0,28
19,09.2019 16:51:11;34;2.96;309.6;620.5963864797448;297.26;Module 1,6_14;645.11;100,64;33,47;3,00;100,31;0,33
19,09.2019 16:53:17;33.9;2.94;309.6;617.9895285934634;297.64;Module 1,6_14;642.55;99,67;33,47;2,98;99,87;-0,21
19,09.2019 16:55:17;34;2.94;309.6;615.3857986926309;297.96;Module 1,6_14;639.99;99,96;33,47;2,97;99,44;0,52
19,09.2019 16:57:12;34;2.89;308.1;605.4014458382206;297.85;Module 1,6_14;629.75;98,26;33,73;2,92;98,52;-0,26
19,09.2019 16:59:05;33.9;2.53;308.1;521.6060413990225;297.68;Module 1,6_14;542.71;85,77;33,70;2,50;84,29;1,48
19,09.2019 17:00:57;34;2.56;308.1;533.7818910293665;297.33;Module 1,6_14;555.51;87,04;33,70;2,56;86,36;0,68
19,09.2019 17:02:50;34.2;2.51;307.6;523.8132009414034;296.92;Module 1,6_14;545.27;85,84;33,78;2,51;84,88;0,96
19,09.2019 17:04:43;34.3;2.66;307.6;560.5593442469375;296.81;Module 1,6_14;583.67;91,24;33,80;2,70;91,15;0,08
19,09.2019 17:06:40;34.3;2.6;306.1;535.8269780920535;296.98;Module 1,6_14;558.07;89,18;34,06;2,57;87,60;1,58
19,09.2019 17:08:33;34.2;2.61;306.1;547.9678086259312;296.83;Module 1,6_14;570.87;89,26;34,07;2,63;89,69;-0,43
19,09.2019 17:10:27;34.3;2.58;306.1;542.8994007195791;296.81;Module 1,6_14;565.75;88,49;34,06;2,61;88,82;-0,33
19,09.2019 17:12:23;34.3;2.54;306.1;535.3701164836281;296.55;Module 1,6_14;558.07;87,12;34,06;2,57;87,52;-0,40
19,09.2019 17:14:22;34.4;2.48;306.1;527.8357043442388;295.92;Module 1,6_14;550.39;85,31;34,05;2,53;86,23;-0,92
19,09.2019 17:16:15;34.5;2.46;305.1;525.2176893613264;295.16;Module 1,6_14;547.83;84,87;34,23;2,52;86,21;-1,34
19,09.2019 17:18:15;34.5;2.42;305.1;510.31787041535506;294.9;Module 1,6_14;532.47;83,49;34,22;2,44;83,63;-0,14
19,09.2019 17:20:08;34.6;2.41;305.1;512.6013505537461;294.97;Module 1,6_14;535.03;83,39;34,22;2,46;84,03;-0,64
19,09.2019 17:22:09;34.6;2.38;305.1;507.5095366716526;295.1;Module 1,6_14;529.91;82,35;34,22;2,43;83,14;-0,80
19,09.2019 17:24:04;34.6;2.36;305.1;502.4244374052923;295.09;Module 1,6_14;524.79;81,66;34,21;2,40;82,26;-0,61
19,09.2019 17:25:57;34.6;2.32;305.1;492.44010915502184;295.12;Module 1,6_14;514.55;80,27;34,20;2,35;80,53;-0,26
19,09.2019 17:27:51;34.6;2.3;305.1;489.8026180239925;295.21;Module 1,6_14;511.99;79,58;34,20;2,34;80,07;-0,49
19,09.2019 17:29:44;34.6;2.26;305.1;479.81812630052485;295.57;Module 1,6_14;501.75;78,20;34,19;2,29;78,34;-0,15
19,09.2019 17:31:41;34.6;2.26;304;479.61654244412756;295.86;Module 1,6_14;501.75;78,20;34,39;2,29;78,74;-0,54
19,09.2019 17:33:35;34.6;2.26;304;479.4133347438931;296.15;Module 1,6_14;501.75;78,20;34,39;2,29;78,70;-0,51
19,09.2019 17:35:48;34.6;2.25;304;476.72263672181384;296.43;Module 1,6_14;499.19;77,85;34,38;2,28;78,23;-0,38
19,09.2019 17:37:41;34.6;2.2;304;464.288623832742;296.32;Module 1,6_14;486.39;76,12;34,37;2,21;76,06;0,06
19,09.2019 17:39:34;34.8;2.11;304;446.9735382616651;296.12;Module 1,6_14;468.47;73,43;34,34;2,13;73,03;0,39
19,09.2019 17:41:27;34.7;1.79;304;375.95783401511267;295.93;Module 1,6_14;394.23;62,11;34,21;1,77;60,60;1,52
19,09.2019 17:43:20;34.6;1.97;304;412.3709306322908;295.79;Module 1,6_14;432.63;68,16;34,29;1,95;66,98;1,18
19,09.2019 17:45:15;34.8;1.87;303.5;397.5196590717587;295.53;Module 1,6_14;417.27;65,08;34,35;1,88;64,54;0,54
19,09.2019 17:47:07;34.9;1.89;303.5;397.3072519624867;295.22;Module 1,6_14;417.27;65,96;34,35;1,88;64,50;1,46
19,09.2019 17:49:02;34.9;1.8;303.5;377.5921413518421;295.04;Module 1,6_14;396.79;62,82;34,30;1,78;61,03;1,79
19,09.2019 17:50:55;34.9;1.86;303.5;389.54686192808987;294.89;Module 1,6_14;409.59;64,91;34,34;1,84;63,13;1,78
19,09.2019 17:52:49;35;1.82;303.5;384.4439671454436;294.91;Module 1,6_14;404.47;63,70;34,32;1,81;62,24;1,46
19,09.2019 17:56:43;34.8;1.41;302;285.1975380477126;294.35;Module 1,6_14;300.45;49,07;34,28;1,32;45,11;3,96
19,09.2019 17:58:35;35.2;1.68;302;359.39592995223984;294;Module 1,6_14;378.87;59,14;34,53;1,69;58,26;0,88
19,09.2019 18:00:28;35;1.52;301.5;325.1699375866351;293.92;Module 1,6_14;343.03;53,20;34,52;1,52;52,32;0,88
20,09.2019 09:42:53;36.3;1.4;286.4;280.39488490747254;280.88;Module 1,6_14;308.96;50,82;37,05;1,28;47,49;3,33
20,09.2019 09:44:46;36.1;1.5;286.4;304.81190413644435;281.41;Module 1,6_14;335.35;54,15;37,15;1,40;52,15;2,00
20,09.2019 09:48:34;36.9;1.63;287.4;322.04569616934066;282.39;Module 1,6_14;353.27;60,15;37,03;1,49;55,20;4,94
20,09.2019 09:50:29;36.5;1.52;287.4;317.82631674817475;282.78;Module 1,6_14;348.15;55,48;37,02;1,47;54,40;1,08
20,09.2019 09:52:24;36.7;1.61;287.4;332.30186130370464;283.09;Module 1,6_14;363.51;59,09;37,06;1,54;57,15;1,94
20,09.2019 09:54:19;36.5;1.69;287.4;346.80132714709623;283.43;Module 1,6_14;378.87;61,68;37,10;1,61;59,91;1,78
20,09.2019 09:56:14;36.4;1.75;287.9;361.323624326478;283.88;Module 1,6_14;394.23;63,70;37,05;1,69;62,53;1,17
20,09.2019 09:58:18;36.3;1.79;287.9;366.5058081062436;284.35;Module 1,6_14;399.35;64,98;37,06;1,71;63,51;1,47
20,09.2019 10:00:10;36.1;1.75;288.9;357.52591814456514;284.7;Module 1,6_14;389.11;63,18;36,87;1,67;61,54;1,64
20,09.2019 10:02:10;36.1;1.82;288.9;374.44615380264975;285;Module 1,6_14;407.03;65,70;36,91;1,75;64,73;0,97
20,09.2019 10:04:02;36.3;1.82;288.9;374.858468123997;285.39;Module 1,6_14;407.03;66,07;36,91;1,76;64,81;1,26
20,09.2019 10:06:12;36.4;1.72;288.9;363.5200479421252;285.89;Module 1,6_14;394.23;62,61;36,88;1,70;62,67;-0,06
20,09.2019 10:08:15;36.3;1.92;288.9;392.29187856980144;286.03;Module 1,6_14;424.95;69,70;36,95;1,84;68,10;1,60
20,09.2019 10:10:09;36.2;1.49;291.5;328.8194163790848;286.25;Module 1,6_14;355.83;53,94;36,32;1,53;55,48;-1,54
20,09.2019 10:12:02;36.1;1.99;291.5;416.75928638644007;286.42;Module 1,6_14;450.55;71,84;36,52;1,97;71,87;-0,03
20,09.2019 10:13:57;36.3;2.08;293.5;436.1279549351549;286.67;Module 1,6_14;471.03;75,50;36,20;2,07;74,79;0,72
20,09.2019 10:15:50;36.3;2.04;293.5;422.2992094181213;286.86;Module 1,6_14;455.67;74,05;36,18;2,00;72,24;1,81
20,09.2019 10:17:44;36.4;2.09;293.5;436.93376764354514;287.09;Module 1,6_14;471.03;76,08;36,20;2,07;74,94;1,14
20,09.2019 10:19:38;36.2;2.1;294;439.6998300113316;287.38;Module 1,6_14;473.59;76,02;36,12;2,08;75,27;0,75
20,09.2019 10:21:40;36.1;2.01;294;418.69664690741865;287.48;Module 1,6_14;450.55;72,56;36,09;1,98;71,41;1,15
20,09.2019 10:23:36;36;2.29;295.5;478.58236521055557;287.5;Module 1,6_14;514.55;82,44;35,90;2,28;81,84;0,60
20,09.2019 10:25:29;36.2;2.12;295.5;445.6103944517939;287.68;Module 1,6_14;478.71;76,74;35,86;2,11;75,83;0,91
20,09.2019 10:27:22;36;1.87;295.5;395.88178949502463;287.88;Module 1,6_14;424.95;67,32;35,78;1,87;66,75;0,57
20,09.2019 10:29:15;35.9;2.2;296;460.63034125196884;288.07;Module 1,6_14;494.07;78,98;35,79;2,19;78,39;0,59
20,09.2019 10:31:09;36;2.15;296;453.81590687159473;288.21;Module 1,6_14;486.39;77,40;35,78;2,16;77,15;0,25
20,09.2019 10:33:02;36;2;297.5;415.90552991134706;288.28;Module 1,6_14;445.43;72,00;35,46;1,97;69,75;2,25
20,09.2019 10:35:00;36.1;2.28;297.5;483.19710177876476;288.32;Module 1,6_14;517.11;82,31;35,55;2,30;81,91;0,40
20,09.2019 10:37:08;36.1;2.28;297.5;485.97477475298115;288.53;Module 1,6_14;519.67;82,31;35,55;2,32;82,41;-0,10
20,09.2019 10:39:02;36.1;1.86;297.5;388.08771558012756;288.68;Module 1,6_14;414.71;67,15;35,41;1,83;64,72;2,43
20,09.2019 10:41:13;35.8;2.07;297.5;433.94019116489676;288.78;Module 1,6_14;463.35;74,11;35,49;2,06;73,01;1,09
20,09.2019 10:43:20;35.4;2.43;298;506.23443508028106;288.76;Module 1,6_14;540.15;86,02;35,48;2,42;85,85;0,17
20,09.2019 10:45:13;35.9;2.41;298;499.35265477008625;288.87;Module 1,6_14;532.47;86,52;35,48;2,39;84,62;1,90
20,09.2019 10:47:07;35.8;2.45;299.5;518.882682563163;289.13;Module 1,6_14;552.95;87,71;35,23;2,48;87,49;0,22
20,09.2019 10:49:15;35.8;2.4;299.5;504.814293399342;289.34;Module 1,6_14;537.59;85,92;35,22;2,41;84,98;0,94
20,09.2019 10:51:27;35.8;2.63;299.5;555.6786963375167;289.56;Module 1,6_14;591.35;94,15;35,25;2,67;94,04;0,12
20,09.2019 10:53:25;35.5;2.56;299.5;531.9419982261642;289.77;Module 1,6_14;565.75;90,88;35,23;2,55;89,82;1,06
20,09.2019 10:55:18;35.3;2.46;299.5;512.9739881650754;289.94;Module 1,6_14;545.27;86,84;35,22;2,45;86,44;0,40
20,09.2019 10:57:10;35.2;2.52;299.5;508.4342798682318;290.07;Module 1,6_14;540.15;88,70;35,22;2,43;85,63;3,07
20,09.2019 10:59:03;34.9;2.18;299.5;419.5016506110713;290.1;Module 1,6_14;445.43;76,08;35,11;1,99;69,74;6,34
20,09.2019 11:00:56;34.7;2.42;299.5;528.2741803007191;290.1;Module 1,6_14;560.63;83,97;35,23;2,53;89,16;-5,19
20,09.2019 11:02:52;34.8;2.76;300;557.5163317456817;290.32;Module 1,6_14;591.35;96,05;35,16;2,68;94,13;1,91
20,09.2019 11:04:44;34.8;2.58;300;531.2333060345785;290.53;Module 1,6_14;563.19;89,78;35,15;2,55;89,47;0,31
20,09.2019 11:07:04;34.8;2.91;300;599.2122110437651;290.69;Module 1,6_14;634.87;101,27;35,17;2,89;101,51;-0,24
20,09.2019 11:08:57;34.6;2.65;301.5;584.9969044002771;290.85;Module 1,6_14;619.51;91,69;34,91;2,82;98,27;-6,58
20,09.2019 11:10:50;34.7;3.09;301.5;629.5530903797181;291.07;Module 1,6_14;666.38;107,22;34,91;3,04;106,08;1,15
20,09.2019 11:12:43;34.5;2.77;301.5;551.6692969368937;291.36;Module 1,6_14;583.67;95,56;34,89;2,65;92,42;3,14
20,09.2019 11:14:36;34.3;2.88;301.5;588.2307513258537;291.35;Module 1,6_14;622.07;98,78;34,91;2,83;98,84;-0,06
20,09.2019 11:16:40;34.3;3.06;301.5;617.5806421009378;291.28;Module 1,6_14;652.79;104,96;34,91;2,98;103,98;0,98
20,09.2019 11:18:43;34.3;3.42;302;687.4982843239391;291.49;Module 1,6_14;726.35;117,31;34,81;3,33;115,89;1,42
20,09.2019 11:20:37;34.1;3.11;302;615.7142993762393;291.85;Module 1,6_14;650.23;106,05;34,82;2,97;103,40;2,65
20,09.2019 11:22:36;34;2.81;303.5;562.6310830225916;292.02;Module 1,6_14;593.91;95,54;34,54;2,70;93,42;2,12
20,09.2019 11:24:30;34.1;2.73;303.5;543.4538727955149;291.89;Module 1,6_14;573.43;93,09;34,53;2,61;90,08;3,01
20,09.2019 11:26:29;34.3;3.17;303.5;633.6509576189051;292;Module 1,6_14;668.32;108,73;34,55;3,06;105,74;2,99
20,09.2019 11:28:24;34.2;3.35;303.5;675.429968845171;292.1;Module 1,6_14;712.1;114,57;34,55;3,27;112,95;1,62
20,09.2019 11:30:20;34.1;3.25;304;663.6844303965966;292.35;Module 1,6_14;699.44;110,83;34,46;3,21;110,65;0,18
20,09.2019 11:32:26;34;3.35;304;673.9219009444586;292.46;Module 1,6_14;709.93;113,90;34,46;3,26;112,41;1,49
20,09.2019 11:34:30;33.9;3.45;304;711.0899320504537;292.61;Module 1,6_14;748.78;116,95;34,45;3,45;118,78;-1,82
20,09.2019 11:36:26;33.7;3.28;304;659.4266228962994;292.53;Module 1,6_14;694.12;110,54;34,47;3,19;109,92;0,62
20,09.2019 11:38:21;33.7;3.33;304;666.9831459613807;292.54;Module 1,6_14;701.82;112,22;34,46;3,23;111,21;1,01
20,09.2019 11:40:14;33.7;3.37;305.1;683.0165399837031;292.72;Module 1,6_14;718.44;113,57;34,27;3,31;113,34;0,23
20,09.2019 11:42:07;33.7;3.63;305.1;724.1159456055354;292.9;Module 1,6_14;761.41;122,33;34,26;3,51;120,34;1,99
20,09.2019 11:43:59;33.6;3.75;305.1;756.1701595454407;293.22;Module 1,6_14;794.85;126,00;34,24;3,67;125,77;0,23
20,09.2019 11:45:53;33.5;3.56;305.1;727.815477733382;293.67;Module 1,6_14;764.79;119,26;34,25;3,53;120,97;-1,71
20,09.2019 11:47:57;33.3;3.23;305.1;653.2953154944366;293.65;Module 1,6_14;686.24;107,56;34,27;3,16;108,26;-0,70
20,09.2019 11:49:55;33.3;2.93;305.1;602.1541574763124;293.37;Module 1,6_14;632.31;97,57;34,27;2,90;99,49;-1,92
20,09.2019 11:51:51;33.4;3.04;305.1;627.3816638150315;293.42;Module 1,6_14;658.59;101,54;34,27;3,03;103,82;-2,28
20,09.2019 11:53:52;33.5;2.77;305.1;561.0730935690179;293.1;Module 1,6_14;588.79;92,80;34,25;2,70;92,41;0,39
20,09.2019 11:55:52;33.6;2.62;307.6;536.8493422772814;293.09;Module 1,6_14;563.19;88,03;33,79;2,58;87,11;0,92
20,09.2019 11:57:46;33.7;2.94;307.6;593.1518398400315;292.89;Module 1,6_14;622.07;99,08;33,82;2,86;96,70;2,38
20,09.2019 11:59:44;33.8;3.44;307.6;695.3210731553844;292.84;Module 1,6_14;729;116,27;33,82;3,37;113,97;2,30
20,09.2019 12:01:38;33.6;3.54;307.6;735.5438562164607;293.15;Module 1,6_14;770.95;118,94;33,80;3,57;120,72;-1,78
20,09.2019 12:03:40;33.5;3.65;307.6;729.772005482339;293.39;Module 1,6_14;764.67;122,27;33,80;3,54;119,76;2,52
20,09.2019 12:05:36;33.4;3.52;307.6;705.8345401653488;293.5;Module 1,6_14;739.38;117,57;33,81;3,42;115,74;1,83
20,09.2019 12:07:34;33.3;3.45;307.6;696.0062808268018;293.67;Module 1,6_14;728.88;114,88;33,82;3,37;114,09;0,80
20,09.2019 12:09:45;33.3;3.19;307.6;642.6615424912748;293.8;Module 1,6_14;672.81;106,23;33,83;3,11;105,09;1,14
20,09.2019 12:11:47;33.3;3.55;307.6;716.1340463820607;294.13;Module 1,6_14;749.52;118,21;33,81;3,47;117,47;0,75
20,09.2019 12:13:47;33.2;3.65;308.1;736.1485430215416;294.46;Module 1,6_14;770.26;121,18;33,72;3,57;120,51;0,67
20,09.2019 12:15:52;33.1;3.45;308.1;695.8560884040237;294.88;Module 1,6_14;727.9;114,20;33,73;3,37;113,77;0,43
20,09.2019 12:18:04;33.1;3.5;309.6;702.4326859655814;295;Module 1,6_14;734.57;115,85;33,46;3,41;113,98;1,87
20,09.2019 12:20:05;33;3.88;309.6;782.4322519849956;295.01;Module 1,6_14;818.02;128,04;33,43;3,81;127,22;0,82
20,09.2019 12:22:06;33;3.61;309.6;722.9765989088648;295.03;Module 1,6_14;755.67;119,13;33,45;3,51;117,39;1,74
20,09.2019 12:24:19;33;3.71;309.6;750.9063543801473;294.89;Module 1,6_14;784.65;122,43;33,45;3,65;122,02;0,41
20,09.2019 12:26:25;32.9;3.44;309.6;691.70848894093;294.7;Module 1,6_14;722.61;113,18;33,46;3,35;112,19;0,98
20,09.2019 12:28:31;33;3.63;310.1;748.5521075964336;294.39;Module 1,6_14;781.8;119,79;33,36;3,64;121,31;-1,52
20,09.2019 12:30:24;33;3.78;310.1;759.2206129435153;294.51;Module 1,6_14;792.77;124,74;33,35;3,69;123,07;1,67
20,09.2019 12:32:40;33;3.61;311.6;725.8401710885653;294.85;Module 1,6_14;757.72;119,13;33,09;3,52;116,62;2,51
20,09.2019 12:34:55;33;3.07;311.6;637.5059423381362;294.77;Module 1,6_14;665.34;101,31;33,11;3,08;102,06;-0,75
20,09.2019 12:36:50;33.1;3.38;311.6;683.2378774314626;294.83;Module 1,6_14;712.92;111,88;33,11;3,31;109,62;2,26
20,09.2019 12:38:49;33.1;3.54;311.6;714.9099433570617;295.1;Module 1,6_14;745.81;117,17;33,10;3,47;114,83;2,34
20,09.2019 12:40:41;33;3.3;311.6;661.6280638474867;295.37;Module 1,6_14;690.09;108,90;33,11;3,20;106,05;2,85
20,09.2019 12:42:34;33.1;3.4;311.6;687.5712620939447;295.38;Module 1,6_14;717.01;112,54;33,11;3,33;110,33;2,21
20,09.2019 12:44:30;33.1;3.71;311.6;752.9075557214445;295.12;Module 1,6_14;784.99;122,80;33,09;3,66;121,06;1,74
20,09.2019 12:46:25;33.2;3.96;311.6;812.6244268101694;295.3;Module 1,6_14;847.09;131,47;33,05;3,96;130,79;0,68
20,09.2019 12:48:18;33;4.03;311.6;804.2632849307088;295.4;Module 1,6_14;838.22;132,99;33,06;3,91;129,43;3,56
20,09.2019 12:50:12;32.8;3.95;311.6;782.270486605395;295.79;Module 1,6_14;815.15;129,56;33,07;3,81;125,85;3,71
20,09.2019 12:52:14;32.7;3.57;311.6;722.2570424279588;296;Module 1,6_14;752.47;116,74;33,09;3,51;116,04;0,70
20,09.2019 12:54:16;32.6;3.66;311.6;759.6034554208993;296.32;Module 1,6_14;791.23;119,32;33,09;3,69;122,15;-2,84
20,09.2019 12:56:14;32.6;3.77;311.6;768.9087937568873;296.79;Module 1,6_14;800.78;122,90;33,08;3,74;123,67;-0,77
20,09.2019 12:58:07;32.5;3.96;311.6;798.9433062022122;297.12;Module 1,6_14;831.92;128,70;33,06;3,89;128,57;0,13
20,09.2019 13:00:08;32.5;3.91;311.6;791.1116338936615;297.31;Module 1,6_14;823.62;127,08;33,07;3,85;127,29;-0,22
20,09.2019 13:02:12;32.4;3.82;312.1;772.2105672057429;297.45;Module 1,6_14;803.8;123,77;32,98;3,76;123,88;-0,11
20,09.2019 13:04:26;32.5;3.82;312.1;759.9886639046897;297.66;Module 1,6_14;790.93;124,15;32,99;3,69;121,89;2,26
20,09.2019 13:06:19;32.6;3.64;313.6;702.9635316797148;297.78;Module 1,6_14;731.47;118,66;32,74;3,41;111,66;7,00
20,09.2019 13:08:42;32.7;3.53;313.6;718.5834843735474;297.69;Module 1,6_14;747.58;115,43;32,74;3,49;114,20;1,23
20,09.2019 13:10:35;32.9;3.87;312.1;780.3514288969195;297.57;Module 1,6_14;811.72;127,32;32,98;3,80;125,21;2,12
20,09.2019 13:12:32;32.7;3.88;312.1;784.8149967944963;297.36;Module 1,6_14;816.24;126,88;32,98;3,82;125,93;0,94
20,09.2019 13:14:27;32.7;3.97;312.1;797.420686982724;297.32;Module 1,6_14;829.23;129,82;32,98;3,88;127,98;1,84
20,09.2019 13:16:20;32.8;3.76;312.1;752.7328495269428;297.48;Module 1,6_14;782.65;123,33;33,00;3,66;120,71;2,62
20,09.2019 13:18:19;32.7;3.37;312.1;652.3024240715807;297.22;Module 1,6_14;678.13;110,20;33,02;3,16;104,23;5,97
20,09.2019 13:20:18;32.8;3.03;312.1;613.2393446868515;297.13;Module 1,6_14;637.43;99,38;33,02;2,96;97,78;1,61
20,09.2019 13:22:10;32.9;3.32;312.1;664.3435773674607;296.92;Module 1,6_14;690.46;109,23;33,02;3,22;106,22;3,01
20,09.2019 13:24:07;33;3.4;312.1;686.9406759231006;296.85;Module 1,6_14;713.85;112,20;33,02;3,33;109,93;2,27
20,09.2019 13:26:00;32.9;2.95;311.6;593.7685188804469;296.75;Module 1,6_14;616.95;97,06;33,10;2,86;94,80;2,25
20,09.2019 13:27:54;33;3.12;311.6;625.8762857511365;296.53;Module 1,6_14;650.23;102,96;33,11;3,02;100,13;2,83
20,09.2019 13:29:47;33.2;3.39;311.6;686.0513027646581;296.39;Module 1,6_14;712.66;112,55;33,11;3,32;110,08;2,47
20,09.2019 13:31:40;33.3;3.24;311.6;650.567872038114;296.14;Module 1,6_14;675.72;107,89;33,11;3,15;104,22;3,67
20,09.2019 13:33:47;33.3;3.24;311.6;653.3008555516387;296.07;Module 1,6_14;678.47;107,89;33,11;3,16;104,67;3,22
20,09.2019 13:35:41;33.3;3.26;310.1;640.4906253734076;296.01;Module 1,6_14;665.09;108,56;33,38;3,10;103,37;5,19
20,09.2019 13:37:52;33.3;3.25;310.1;653.3249719218377;296;Module 1,6_14;678.33;108,22;33,38;3,16;105,51;2,71
20,09.2019 13:39:45;33.4;3.15;309.6;651.1128907697973;295.89;Module 1,6_14;675.96;105,21;33,47;3,15;105,42;-0,21
20,09.2019 13:41:42;33.4;3.27;309.6;646.935941733634;295.84;Module 1,6_14;671.55;109,22;33,47;3,13;104,72;4,50
20,09.2019 13:43:37;33.3;3.06;309.6;621.5304851926861;295.79;Module 1,6_14;645.11;101,90;33,47;3,00;100,47;1,43
20,09.2019 13:45:31;33.4;3.2;309.6;662.0917518994545;295.71;Module 1,6_14;687.14;106,88;33,47;3,20;107,25;-0,37
20,09.2019 13:47:24;33.3;3.26;309.6;658.7843663242841;295.8;Module 1,6_14;683.64;108,56;33,47;3,19;106,70;1,86
20,09.2019 13:49:17;33.4;3.31;309.6;654.482142065835;295.92;Module 1,6_14;679.11;110,55;33,47;3,17;105,98;4,57
20,09.2019 13:51:58;33.4;3.32;309.6;676.3141573350631;295.9;Module 1,6_14;701.67;110,89;33,47;3,28;109,63;1,26
20,09.2019 13:53:51;33.4;3.57;309.6;720.428109959309;295.87;Module 1,6_14;747.37;119,24;33,45;3,50;116,97;2,27
20,09.2019 13:55:44;33.4;3.51;309.6;713.7339550557626;296.06;Module 1,6_14;740.36;117,23;33,46;3,46;115,85;1,38
20,09.2019 13:57:40;33.2;3.5;309.6;710.7215359232935;296.32;Module 1,6_14;737.17;116,20;33,46;3,45;115,35;0,85
20,09.2019 13:59:46;33.1;3.39;309.6;682.459350992891;296.67;Module 1,6_14;707.79;112,21;33,46;3,31;110,65;1,56
20,09.2019 14:01:41;33.2;3.3;309.6;668.7553876538237;296.71;Module 1,6_14;693.52;109,56;33,47;3,24;108,37;1,19
20,09.2019 14:03:37;33.2;3.47;309.6;710.4703962688725;296.82;Module 1,6_14;736.72;115,20;33,46;3,45;115,31;-0,11
20,09.2019 14:05:39;33.2;3.68;309.6;747.2168423316243;296.88;Module 1,6_14;774.76;122,18;33,45;3,63;121,41;0,77
20,09.2019 14:07:36;33;3.84;309.6;784.6013696661711;297.22;Module 1,6_14;813.46;126,72;33,43;3,82;127,58;-0,86
20,09.2019 14:09:29;32.8;3.09;309.6;627.2073389033987;297.25;Module 1,6_14;650.23;101,35;33,47;3,03;101,42;-0,07
20,09.2019 14:11:23;33;3.55;309.6;752.9371565877312;297.16;Module 1,6_14;780.52;117,15;33,45;3,66;122,35;-5,20
20,09.2019 14:13:26;33;3.92;310.1;797.5533818865101;297.39;Module 1,6_14;826.71;129,36;33,33;3,88;129,37;-0,01
20,09.2019 14:15:21;32.9;3.95;310.1;805.083384356639;297.58;Module 1,6_14;834.46;129,96;33,33;3,92;130,60;-0,65
20,09.2019 14:17:13;32.8;4.12;310.1;840.206059072248;297.8;Module 1,6_14;870.81;135,14;33,30;4,09;136,35;-1,21
20,09.2019 14:19:12;32.7;3.9;311.6;789.7945069908508;298.23;Module 1,6_14;818.51;127,53;33,07;3,84;127,08;0,45
20,09.2019 14:21:08;32.6;3.82;311.6;775.463649872927;298.44;Module 1,6_14;803.61;124,53;33,08;3,77;124,74;-0,21
20,09.2019 14:23:01;32.7;3.91;311.6;786.5084586737645;298.51;Module 1,6_14;815.01;127,86;33,07;3,83;126,54;1,31
20,09.2019 14:24:57;32.6;3.87;311.6;784.5155904160388;298.6;Module 1,6_14;812.9;126,16;33,07;3,82;126,22;-0,06
20,09.2019 14:27:25;32.6;3.87;312.1;777.9955844031218;298.68;Module 1,6_14;806.09;126,16;32,98;3,78;124,82;1,34
20,09.2019 14:29:23;32.6;3.85;312.1;774.6569052123623;298.58;Module 1,6_14;802.59;125,51;32,98;3,77;124,28;1,23
20,09.2019 14:31:16;32.5;3.72;312.1;759.8184554695436;298.52;Module 1,6_14;787.18;120,90;32,99;3,69;121,86;-0,96
20,09.2019 14:33:12;32.5;3.74;312.6;758.1056961473864;298.6;Module 1,6_14;785.37;121,55;32,91;3,68;121,26;0,29
20,09.2019 14:35:08;32.6;3.84;312.6;783.7386971393205;298.67;Module 1,6_14;811.89;125,18;32,89;3,81;125,42;-0,23
20,09.2019 14:37:06;32.6;3.55;313.6;720.3271802787417;298.81;Module 1,6_14;746.17;115,73;32,74;3,50;114,48;1,25
20,09.2019 14:39:07;32.6;3.47;313.6;716.8127990132473;298.8;Module 1,6_14;742.5;113,12;32,74;3,48;113,91;-0,79
20,09.2019 14:41:00;32.7;3.29;313.6;669.6761114062798;298.75;Module 1,6_14;693.65;107,58;32,75;3,24;106,24;1,35
20,09.2019 14:42:53;32.8;3.38;312.1;706.057504438154;298.81;Module 1,6_14;731.31;110,86;33,02;3,42;113,07;-2,21
20,09.2019 14:44:45;32.9;3.65;312.1;739.1953208055884;298.75;Module 1,6_14;765.61;120,08;33,00;3,59;118,50;1,59
20,09.2019 14:46:40;32.8;3.71;312.1;761.3462702438237;298.57;Module 1,6_14;788.53;121,69;32,99;3,70;122,11;-0,42
20,09.2019 14:49:05;32.7;3.83;312.1;776.4724163720696;298.67;Module 1,6_14;804.17;125,24;32,98;3,78;124,57;0,67
20,09.2019 14:51:07;32.7;3.77;312.1;757.8846963056344;298.84;Module 1,6_14;784.9;123,28;32,99;3,68;121,55;1,73
20,09.2019 14:53:23;32.6;3.28;312.1;620.4491919764309;298.98;Module 1,6_14;642.55;106,93;33,02;3,00;98,97;7,96
20,09.2019 14:55:16;32.9;3.71;312.1;760.1661602505104;298.49;Module 1,6_14;787.23;122,06;32,99;3,70;121,92;0,14
20,09.2019 14:57:09;32.8;3.78;312.1;767.3523625565981;298.32;Module 1,6_14;794.66;123,98;32,99;3,73;123,09;0,89
20,09.2019 14:59:02;32.6;3.85;312.1;786.1440528492494;298.59;Module 1,6_14;814.11;125,51;32,98;3,82;126,15;-0,64
20,09.2019 15:00:58;32.5;3.75;313.6;772.5463178436519;298.98;Module 1,6_14;800.02;121,88;32,72;3,76;122,94;-1,06
20,09.2019 15:03:00;32.4;3.59;313.6;739.3049833561778;299.14;Module 1,6_14;765.59;116,32;32,73;3,59;117,56;-1,25
20,09.2019 15:05:05;32.6;3.56;313.6;729.9905408896923;299.35;Module 1,6_14;755.94;116,06;32,73;3,55;116,05;0,00
20,09.2019 15:07:00;32.6;3.71;313.6;761.2610919707934;299.42;Module 1,6_14;788.32;120,95;32,73;3,70;121,11;-0,17
20,09.2019 15:09:00;32.6;3.79;313.6;770.6379012061759;299.62;Module 1,6_14;798.03;123,55;32,72;3,75;122,63;0,92
20,09.2019 15:10:54;32.5;3.66;313.6;746.4845260106312;299.78;Module 1,6_14;773.02;118,95;32,73;3,63;118,72;0,23
20,09.2019 15:12:47;32.4;3.57;313.6;728.4228393814954;300.04;Module 1,6_14;754.32;115,67;32,73;3,54;115,80;-0,13
20,09.2019 15:14:39;32.5;3.81;313.6;776.2080230916406;300.25;Module 1,6_14;803.81;123,83;32,72;3,78;123,53;0,30
20,09.2019 15:16:41;32.4;3.8;314.1;781.0761001824875;300.48;Module 1,6_14;808.86;123,12;32,63;3,80;123,98;-0,86
20,09.2019 15:18:42;32.5;3.77;314.1;744.1876564992765;299.89;Module 1,6_14;770.67;122,53;32,64;3,62;118,03;4,49
20,09.2019 15:20:37;32.4;3.45;314.1;704.5950126547625;299.54;Module 1,6_14;729.68;111,78;32,66;3,42;111,62;0,16
20,09.2019 15:22:29;32.4;3.58;314.1;741.2559418450571;298.96;Module 1,6_14;767.66;115,99;32,64;3,60;117,56;-1,57
20,09.2019 15:24:25;32.6;3.37;314.1;696.2921022694004;298.71;Module 1,6_14;721.11;109,86;32,66;3,38;110,28;-0,41
20,09.2019 15:26:17;32.8;3.75;315.6;768.1811275257697;298.73;Module 1,6_14;795.58;123,00;32,36;3,74;120,90;2,10
20,09.2019 15:28:22;32.7;3.45;315.6;716.6281209813994;298.95;Module 1,6_14;742.21;112,82;32,38;3,48;112,65;0,17
20,09.2019 15:30:15;32.8;3.16;314.1;640.3611566075355;299.1;Module 1,6_14;663.24;103,65;32,66;3,10;101,17;2,48
20,09.2019 15:32:19;32.9;2.93;314.1;625.3060489982233;298.03;Module 1,6_14;647.67;96,40;32,66;3,02;98,71;-2,31
20,09.2019 15:34:19;33.1;3.03;313.6;643.4423324281282;297.89;Module 1,6_14;666.48;100,29;32,75;3,11;101,95;-1,65
20,09.2019 15:36:20;33.3;3.37;313.6;695.6436156698293;297.79;Module 1,6_14;720.58;112,22;32,74;3,37;110,47;1,75
20,09.2019 15:38:21;33.1;3.36;313.6;693.3054030360211;297.56;Module 1,6_14;718.19;111,22;32,75;3,36;110,09;1,13
20,09.2019 15:40:13;33.1;3.53;312.1;727.234215704859;297.53;Module 1,6_14;753.37;116,84;33,01;3,53;116,54;0,30
20,09.2019 15:42:06;33;3.18;312.1;655.0268599860914;297.76;Module 1,6_14;678.6;104,94;33,02;3,17;104,68;0,26
20,09.2019 15:44:01;33.2;3.42;311.6;706.7476569530712;297.63;Module 1,6_14;732.22;113,54;33,10;3,43;113,49;0,06
20,09.2019 15:46:12;33;3.2;311.6;632.7050676907882;297.81;Module 1,6_14;655.55;105,60;33,11;3,06;101,27;4,33
20,09.2019 15:48:05;33.2;3.25;311.6;671.4750991808746;298.17;Module 1,6_14;695.76;107,90;33,11;3,25;107,68;0,22
20,09.2019 15:49:58;33.2;3.21;311.6;659.6028675335392;298.56;Module 1,6_14;683.5;106,57;33,11;3,19;105,72;0,86
20,09.2019 15:52:11;33.2;3.29;311.6;676.989726771576;298.77;Module 1,6_14;701.57;109,23;33,11;3,28;108,59;0,64
20,09.2019 15:54:08;33.1;3.3;311.6;679.2384029743567;298.89;Module 1,6_14;703.95;109,23;33,11;3,29;108,96;0,27
20,09.2019 15:56:15;33;2.91;311.6;600.1842680093514;298.97;Module 1,6_14;622.07;96,03;33,10;2,90;95,87;0,16
20,09.2019 15:58:22;33.1;2.9;311.6;592.7239947498595;298.92;Module 1,6_14;614.39;95,99;33,10;2,86;94,63;1,36
20,09.2019 16:00:38;33.2;3.08;311.6;641.9216681325653;299.11;Module 1,6_14;665.45;102,26;33,11;3,10;102,79;-0,54
20,09.2019 16:02:37;33.2;3.31;311.6;675.9427058735914;299.29;Module 1,6_14;700.78;109,89;33,11;3,27;108,41;1,48
20,09.2019 16:04:35;33.2;3.28;311.6;674.9644221490818;299.37;Module 1,6_14;699.83;108,90;33,11;3,27;108,25;0,64
20,09.2019 16:06:39;33;2.97;311.6;604.8443505688359;299.42;Module 1,6_14;627.19;98,01;33,10;2,92;96,64;1,37
20,09.2019 16:08:45;33;2.73;311.6;555.4089098447704;299.33;Module 1,6_14;575.99;90,09;33,09;2,67;88,41;1,68
20,09.2019 16:10:38;33.2;2.75;311.6;565.226251154778;299.36;Module 1,6_14;586.23;91,30;33,09;2,72;90,05;1,25
20,09.2019 16:12:37;33.3;2.8;311.6;575.0360326666287;299.27;Module 1,6_14;596.47;93,24;33,09;2,77;91,68;1,56
20,09.2019 16:14:33;33.3;2.6;311.6;535.4880612007714;299.26;Module 1,6_14;555.51;86,58;33,07;2,57;85,09;1,49
20,09.2019 16:16:28;33.4;2.76;311.6;577.3729711263251;299.03;Module 1,6_14;599.03;92,18;33,09;2,78;92,07;0,11
20,09.2019 16:18:29;33.5;2.62;311.6;542.7602877903219;298.81;Module 1,6_14;563.19;87,77;33,08;2,61;86,30;1,47
20,09.2019 16:20:28;33.4;2.65;311.6;542.6903136436736;298.81;Module 1,6_14;563.19;88,51;33,08;2,61;86,29;2,22
20,09.2019 16:22:22;33.6;2.76;311.6;567.2857438633201;298.61;Module 1,6_14;588.79;92,74;33,09;2,73;90,39;2,34
20,09.2019 16:24:16;33.6;2.65;310.1;545.014758271416;298.28;Module 1,6_14;565.75;89,04;33,35;2,62;87,36;1,68
20,09.2019 16:26:11;33.5;2.58;310.1;537.5414952038506;298.21;Module 1,6_14;558.07;86,43;33,34;2,58;86,11;0,32
20,09.2019 16:28:04;33.5;2.73;310.1;581.8440941726765;298.03;Module 1,6_14;604.15;91,45;33,37;2,80;93,55;-2,10
20,09.2019 16:30:00;33.7;2.95;310.1;613.802981434132;297.79;Module 1,6_14;637.43;99,42;33,38;2,96;98,91;0,50
20,09.2019 16:31:52;33.7;2.84;310.1;586.5985183424478;297.92;Module 1,6_14;609.27;95,71;33,37;2,83;94,35;1,36
20,09.2019 16:34:10;33.5;2.94;309.1;611.1282963919742;297.96;Module 1,6_14;634.87;98,49;33,55;2,95;98,98;-0,49
20,09.2019 16:36:12;33.6;2.74;309.1;576.5266013790665;297.66;Module 1,6_14;599.03;92,06;33,55;2,78;93,15;-1,08
20,09.2019 16:38:08;33.5;2.69;309.6;554.2555799137534;297.49;Module 1,6_14;575.99;90,11;33,45;2,67;89,15;0,96
20,09.2019 16:40:05;33.5;2.7;309.6;564.006637830029;297.46;Module 1,6_14;586.23;90,45;33,45;2,71;90,80;-0,35
20,09.2019 16:41:59;33.5;2.48;309.6;517.1157803148049;297.28;Module 1,6_14;537.59;83,08;33,42;2,48;82,88;0,20
20,09.2019 16:43:55;33.5;2.24;309.6;467.7755714002118;297.2;Module 1,6_14;486.39;75,04;33,37;2,23;74,52;0,52
20,09.2019 16:45:51;33.6;2.16;309.6;450.4515926188585;297.25;Module 1,6_14;468.47;72,58;33,34;2,15;71,58;1,00
20,09.2019 16:47:49;33.7;2.2;309.6;462.6622570885735;297.29;Module 1,6_14;481.27;74,14;33,36;2,21;73,65;0,49
20,09.2019 16:49:42;33.9;2.23;309.6;467.4872678193293;297.32;Module 1,6_14;486.39;75,60;33,37;2,23;74,47;1,13
20,09.2019 16:52:09;33.9;2.33;309.6;484.5750489834698;297.44;Module 1,6_14;504.31;78,99;33,39;2,32;77,37;1,62
20,09.2019 16:54:02;33.9;2.28;309.6;484.46676936960216;297.43;Module 1,6_14;504.31;77,29;33,39;2,32;77,35;-0,06
20,09.2019 16:55:59;34.1;2.44;309.6;511.39648165251504;297.58;Module 1,6_14;532.47;83,20;33,41;2,45;81,91;1,29
20,09.2019 16:57:52;34.1;2.45;309.6;511.2745159669496;297.81;Module 1,6_14;532.47;83,55;33,41;2,45;81,89;1,65
20,09.2019 16:59:45;34.1;2.57;309.6;540.6385185801698;297.79;Module 1,6_14;563.19;87,64;33,44;2,60;86,85;0,78
20,09.2019 17:01:38;34.1;2.67;308.1;560.1560085785185;297.92;Module 1,6_14;583.67;91,05;33,72;2,69;90,85;0,20
20,09.2019 17:03:44;34.1;2.72;308.1;567.3602090662831;297.72;Module 1,6_14;591.35;92,75;33,72;2,73;92,07;0,68
20,09.2019 17:05:41;34.1;2.57;308.1;547.5567111424893;297.67;Module 1,6_14;570.87;87,64;33,71;2,63;88,71;-1,07
20,09.2019 17:07:34;34;2.38;308.1;498.3074973742372;297.65;Module 1,6_14;519.67;80,92;33,67;2,39;80,32;0,60
20,09.2019 17:09:27;33.9;2.32;308.1;480.9844944178153;297.82;Module 1,6_14;501.75;78,65;33,66;2,30;77,36;1,29
20,09.2019 17:11:20;33.9;2.29;308.1;483.2936494853409;298.21;Module 1,6_14;504.31;77,63;33,66;2,31;77,75;-0,12
20,09.2019 17:13:21;34;2.23;308.1;468.41828675894567;298.35;Module 1,6_14;488.95;75,82;33,64;2,24;75,21;0,61
20,09.2019 17:15:15;34.1;2.37;308.1;502.59080505556886;298.49;Module 1,6_14;524.79;80,82;33,68;2,41;81,05;-0,23
20,09.2019 17:16:59;34.1;2.33;308.1;490.183092874855;298.64;Module 1,6_14;511.99;79,45;33,66;2,34;78,93;0,52
20,09.2019 17:18:59;34.1;2.33;308.1;492.4554923081711;298.44;Module 1,6_14;514.55;79,45;33,66;2,36;79,32;0,14
20,09.2019 17:20:54;34.1;2.24;308.1;470.23579496690985;298.53;Module 1,6_14;491.51;76,38;33,64;2,24;75,52;0,86
20,09.2019 17:22:49;34;2.18;308.1;457.8196980543766;298.59;Module 1,6_14;478.71;74,12;33,63;2,18;73,40;0,72
20,09.2019 17:24:50;34.1;2.18;308.1;457.6345270531878;298.28;Module 1,6_14;478.71;74,34;33,63;2,18;73,36;0,97
20,09.2019 17:26:49;34.1;2.21;308.1;462.3385723000079;298.07;Module 1,6_14;483.83;75,36;33,63;2,21;74,17;1,19
20,09.2019 17:28:54;34.1;2.06;308.1;435.234125629608;298.1;Module 1,6_14;455.67;70,25;33,59;2,07;69,53;0,72
20,09.2019 17:30:47;34;1.96;308.1;417.9422031356072;298.05;Module 1,6_14;437.75;66,64;33,56;1,98;66,56;0,08
20,09.2019 17:32:40;34.2;2.04;308.1;434.86238460248666;298.04;Module 1,6_14;455.67;69,77;33,59;2,07;69,46;0,30
20,09.2019 17:34:37;34.2;2.08;308.1;446.8697938333907;297.98;Module 1,6_14;468.47;71,14;33,61;2,13;71,52;-0,38
20,09.2019 17:36:34;34.2;2.01;308.1;427.12803656908613;297.89;Module 1,6_14;447.99;68,74;33,58;2,03;68,14;0,60
20,09.2019 17:38:40;34.3;2.09;308.1;448.85314092106324;297.94;Module 1,6_14;471.03;71,69;33,61;2,14;71,86;-0,17
20,09.2019 17:40:39;34.4;2.06;307.6;441.30144624356717;298.1;Module 1,6_14;463.35;70,86;33,70;2,10;70,75;0,12
20,09.2019 17:42:33;34.3;1.97;307.6;428.8853734256254;298.32;Module 1,6_14;450.55;67,57;33,67;2,04;68,62;-1,04
20,09.2019 17:44:31;34.4;1.96;307.6;421.3372549613553;298.48;Module 1,6_14;442.87;67,42;33,66;2,00;67,32;0,11
20,09.2019 17:46:25;34.3;1.81;307.6;387.02130341069494;298.65;Module 1,6_14;407.03;62,08;33,59;1,83;61,42;0,67
20,09.2019 17:48:38;34.5;1.82;307.6;391.6212712297629;298.6;Module 1,6_14;412.15;62,79;33,60;1,85;62,21;0,58
20,09.2019 17:50:31;34.4;1.82;307.6;396.24626596816836;298.63;Module 1,6_14;417.27;62,61;33,61;1,87;63,00;-0,40
20,09.2019 17:52:24;34.5;1.83;307.6;395.9974476112736;298.57;Module 1,6_14;417.27;63,14;33,61;1,87;62,96;0,17
20,09.2019 17:54:42;34.5;1.59;305.1;342.2749057966397;298.29;Module 1,6_14;360.95;54,86;33,92;1,60;54,39;0,46
20,09.2019 17:56:36;34.5;1.66;305.1;363.87214364528734;297.96;Module 1,6_14;383.99;57,27;33,98;1,71;58,16;-0,89
20,09.2019 17:58:31;34.5;1.57;305.1;339.36820055795584;297.82;Module 1,6_14;358.39;54,16;33,91;1,59;53,88;0,28
20,09.2019 18:00:24;34.3;1.45;305.1;314.8945259600077;297.58;Module 1,6_14;332.79;49,73;33,84;1,47;49,61;0,12
20,09.2019 18:02:32;34.5;1.41;305.1;305.26078239821885;297.47;Module 1,6_14;322.89;48,64;33,80;1,42;47,93;0,71
20,09.2019 18:04:39;34.5;1.35;305.1;292.00682463690265;297.39;Module 1,6_14;309.15;46,58;33,74;1,35;45,62;0,95
20,09.2019 18:06:33;34.6;1.4;305.1;303.8961306527807;297.24;Module 1,6_14;322.01;48,44;33,80;1,41;47,70;0,74
20,09.2019 18:08:27;34.6;1.43;305.1;313.7925623635255;297.03;Module 1,6_14;332.79;49,48;33,83;1,46;49,42;0,06
20,09.2019 18:10:20;34.6;1.36;305.1;295.77692286768763;296.97;Module 1,6_14;313.97;47,06;33,76;1,37;46,28;0,78
21,09.2019 09:33:06;36.5;1.31;287.9;273.1730926688361;280.24;Module 1,6_14;304.26;47,82;36,75;1,25;45,82;1,99
21,09.2019 09:34:56;36.1;1.36;287.9;279.2695294621316;281.02;Module 1,6_14;310.48;49,10;36,78;1,28;46,98;2,12
21,09.2019 09:37:06;35.5;1.4;287.9;286.43226190761175;281.87;Module 1,6_14;317.78;49,70;36,81;1,31;48,33;1,37
21,09.2019 09:39:10;35.5;1.44;287.9;294.1500235859574;282.76;Module 1,6_14;325.72;51,12;36,84;1,35;49,80;1,32
21,09.2019 09:41:03;35.4;1.48;287.9;301.03883607234184;283.32;Module 1,6_14;332.79;52,39;36,87;1,39;51,10;1,29
21,09.2019 09:42:56;35.3;1.51;287.9;308.48485094131274;283.96;Module 1,6_14;340.47;53,30;36,90;1,42;52,51;0,79
21,09.2019 09:44:53;35.3;1.55;287.9;315.95404868677224;284.46;Module 1,6_14;348.15;54,71;36,92;1,46;53,93;0,79
21,09.2019 09:46:45;35.4;1.57;287.9;321.0806138441934;284.78;Module 1,6_14;353.27;55,58;36,94;1,49;54,90;0,68
21,09.2019 09:48:56;35.4;1.62;288.9;328.6152138128191;285.17;Module 1,6_14;360.95;57,35;36,78;1,52;56,08;1,26
21,09.2019 09:50:55;35.5;1.63;288.9;336.1040093047979;285.57;Module 1,6_14;368.63;57,86;36,80;1,56;57,50;0,37
21,09.2019 09:52:56;36.3;1.66;288.9;345.94292486746644;286;Module 1,6_14;378.87;60,26;36,84;1,61;59,35;0,90
21,09.2019 09:54:49;35.2;1.74;291.5;351.0787812697437;286.33;Module 1,6_14;383.99;61,25;36,39;1,64;59,63;1,62
21,09.2019 09:56:42;35.2;1.77;291.5;358.5567145239173;286.73;Module 1,6_14;391.67;62,30;36,41;1,68;61,03;1,28
21,09.2019 09:58:35;35.2;1.81;291.5;363.69253518924165;287.07;Module 1,6_14;396.79;63,71;36,42;1,70;61,98;1,73
21,09.2019 10:00:57;35.5;1.84;291.5;373.6380940959756;287.53;Module 1,6_14;407.03;65,32;36,45;1,75;63,84;1,48
21,09.2019 10:03:13;35.7;1.86;293.5;381.2152909594957;287.87;Module 1,6_14;414.71;66,40;36,10;1,79;64,66;1,74
21,09.2019 10:05:05;35.7;1.9;293.5;388.70374984035357;288.09;Module 1,6_14;422.39;67,83;36,12;1,83;66,04;1,79
21,09.2019 10:07:00;35.6;1.94;293.5;396.2071291129886;288.46;Module 1,6_14;430.07;69,06;36,13;1,87;67,43;1,64
21,09.2019 10:09:02;36;1.94;293.5;403.7397078682989;288.77;Module 1,6_14;437.75;69,84;36,15;1,90;68,82;1,02
21,09.2019 10:10:58;35.7;2;293.5;411.25298208472515;289.02;Module 1,6_14;445.43;71,40;36,16;1,94;70,20;1,20
21,09.2019 10:12:50;36;2;295.5;418.7547367053718;289.21;Module 1,6_14;453.11;72,00;35,82;1,98;70,93;1,07
21,09.2019 10:14:46;36.1;2.03;295.5;423.90570505040404;289.35;Module 1,6_14;458.23;73,28;35,83;2,01;71,87;1,41
21,09.2019 10:16:39;36.1;2.05;295.5;431.41473860143515;289.53;Module 1,6_14;465.91;74,00;35,84;2,04;73,24;0,76
21,09.2019 10:18:44;36.1;2.08;295.5;438.968541134702;289.85;Module 1,6_14;473.59;75,09;35,85;2,08;74,62;0,47
21,09.2019 10:20:45;35.9;2.13;295.5;444.1352703274507;290.12;Module 1,6_14;478.71;76,47;35,86;2,11;75,56;0,90
21,09.2019 10:22:38;35.6;2.21;296;451.64977491010063;290.43;Module 1,6_14;486.39;78,68;35,78;2,15;76,75;1,92
21,09.2019 10:25:13;35.4;2.24;296;459.30773248759516;290.53;Module 1,6_14;494.07;79,30;35,79;2,18;78,15;1,15
21,09.2019 10:27:09;35.6;2.25;297.5;469.2177422946993;290.75;Module 1,6_14;504.31;80,10;35,54;2,23;79,39;0,71
21,09.2019 10:29:10;35.8;2.26;297.5;476.7664423675028;290.92;Module 1,6_14;511.99;80,91;35,55;2,27;80,75;0,16
21,09.2019 10:31:13;35.9;2.27;297.5;484.32334022817656;291.18;Module 1,6_14;519.67;81,49;35,55;2,31;82,11;-0,62
21,09.2019 10:33:10;36;2.29;299.5;489.4746699940286;291.42;Module 1,6_14;524.79;82,44;35,20;2,34;82,25;0,19
21,09.2019 10:35:06;35.9;2.35;299.5;499.40005722573665;291.66;Module 1,6_14;535.03;84,36;35,21;2,39;84,02;0,35
21,09.2019 10:37:01;35.8;2.42;299.5;504.54507840030675;291.92;Module 1,6_14;540.15;86,64;35,22;2,41;84,94;1,70
21,09.2019 10:38:57;35.4;2.48;299.5;509.6915659236165;292.07;Module 1,6_14;545.27;87,79;35,22;2,44;85,85;1,94
21,09.2019 10:41:02;35;2.53;299.5;517.2586287637497;292.21;Module 1,6_14;552.95;88,55;35,23;2,48;87,20;1,35
21,09.2019 10:42:58;34.9;2.55;300;524.7994335564011;292.4;Module 1,6_14;560.63;88,99;35,14;2,51;88,33;0,66
21,09.2019 10:45:01;35.1;2.57;300;529.9647748924416;292.44;Module 1,6_14;565.75;90,21;35,15;2,54;89,25;0,96
21,09.2019 10:46:56;35.1;2.59;301.5;539.903517024595;292.49;Module 1,6_14;575.99;90,91;34,88;2,59;90,35;0,56
21,09.2019 10:48:56;35.2;2.61;301.5;545.0592294624561;292.61;Module 1,6_14;581.11;91,87;34,89;2,62;91,26;0,61
21,09.2019 10:50:57;35.1;2.64;303.5;550.2158965101445;292.89;Module 1,6_14;586.23;92,66;34,53;2,64;91,26;1,40
21,09.2019 10:52:57;35;2.69;303.5;557.7719649167421;293.27;Module 1,6_14;593.91;94,15;34,54;2,68;92,58;1,57
21,09.2019 10:54:52;34.5;2.77;303.5;562.9092830700793;293.44;Module 1,6_14;599.03;95,56;34,54;2,71;93,47;2,10
21,09.2019 10:56:46;34.3;2.82;303.5;570.4493461565796;293.39;Module 1,6_14;606.71;96,73;34,54;2,74;94,78;1,94
21,09.2019 10:58:39;34.2;2.87;303.5;577.9879362064294;293.37;Module 1,6_14;614.39;98,15;34,55;2,78;96,09;2,06
21,09.2019 11:00:43;34.2;2.9;303.5;585.5581310848976;293.34;Module 1,6_14;622.07;99,18;34,55;2,82;97,41;1,77
21,09.2019 11:02:36;34.3;2.9;303.5;590.687995683561;293.39;Module 1,6_14;627.19;99,47;34,55;2,85;98,30;1,17
21,09.2019 11:04:37;34.6;2.91;303.5;595.8380309884202;293.6;Module 1,6_14;632.31;100,69;34,55;2,87;99,19;1,50
21,09.2019 11:06:32;34.6;2.94;303.5;603.383935450958;293.82;Module 1,6_14;639.99;101,72;34,55;2,91;100,50;1,22
21,09.2019 11:08:33;34.6;2.98;303.5;608.5318420288196;294.01;Module 1,6_14;645.11;103,11;34,55;2,93;101,39;1,72
21,09.2019 11:10:28;34.3;3.02;304;613.6624314858348;294.09;Module 1,6_14;650.23;103,59;34,46;2,96;102,03;1,56
21,09.2019 11:12:21;34.3;3.06;304;618.7865511123321;294.22;Module 1,6_14;655.35;104,96;34,47;2,99;102,91;2,05
21,09.2019 11:14:19;34.1;3.1;304;624.0921395519589;294.52;Module 1,6_14;660.65;105,71;34,47;3,01;103,83;1,88
21,09.2019 11:16:13;33.9;3.13;304;629.4903626699377;294.64;Module 1,6_14;666.06;106,11;34,47;3,04;104,76;1,35
21,09.2019 11:18:12;33.9;3.16;304;635.81711033588;294.73;Module 1,6_14;672.44;107,12;34,47;3,07;105,85;1,27
21,09.2019 11:20:14;34;3.17;304;642.1318372657804;294.84;Module 1,6_14;678.8;107,78;34,47;3,10;106,94;0,84
21,09.2019 11:22:22;34;3.2;304;643.9080664490215;294.88;Module 1,6_14;680.35;108,80;34,47;3,11;107,24;1,56
21,09.2019 11:24:18;33.9;3.23;305.1;653.1308622687374;295.11;Module 1,6_14;689.8;109,50;34,27;3,16;108,23;1,27
21,09.2019 11:26:22;33.7;3.25;305.1;659.0972203358406;295.17;Module 1,6_14;695.79;109,53;34,27;3,19;109,25;0,27
21,09.2019 11:28:14;33.8;3.27;307.6;664.788238836668;295.21;Module 1,6_14;701.52;110,53;33,82;3,22;108,83;1,70
21,09.2019 11:30:10;33.7;3.31;307.6;669.9285331839342;295.25;Module 1,6_14;706.66;111,55;33,82;3,24;109,70;1,85
21,09.2019 11:32:06;33.6;3.35;307.6;674.8399674337433;295.41;Module 1,6_14;711.56;112,56;33,82;3,27;110,52;2,04
21,09.2019 11:34:08;33.4;3.39;307.6;677.4958702734782;295.41;Module 1,6_14;714.07;113,23;33,82;3,28;110,97;2,25
21,09.2019 11:36:19;33.3;3.41;307.6;684.7620737104376;295.57;Module 1,6_14;721.42;113,55;33,82;3,32;112,20;1,36
21,09.2019 11:38:17;33.3;3.44;308.1;689.7396347253708;295.61;Module 1,6_14;726.39;114,55;33,73;3,34;112,74;1,81
21,09.2019 11:40:10;33.3;3.47;308.1;694.8379865955043;295.85;Module 1,6_14;731.5;115,55;33,73;3,37;113,60;1,95
21,09.2019 11:42:05;33.2;3.5;308.1;701.1463398466473;295.94;Module 1,6_14;737.88;116,20;33,73;3,40;114,65;1,55
21,09.2019 11:44:27;33.1;3.53;309.6;706.3136390692346;296.24;Module 1,6_14;743;116,84;33,46;3,43;114,62;2,22
21,09.2019 11:46:20;33;3.54;309.6;709.2499261156754;296.46;Module 1,6_14;745.84;116,82;33,46;3,44;115,11;1,71
21,09.2019 11:48:13;33;3.55;309.6;717.2254166083773;296.63;Module 1,6_14;753.98;117,15;33,45;3,48;116,43;0,72
21,09.2019 11:50:36;33;3.59;309.6;718.7061655331073;296.5;Module 1,6_14;755.23;118,47;33,45;3,49;116,68;1,79
21,09.2019 11:52:36;33;3.61;310.6;725.6000713952071;296.46;Module 1,6_14;762.22;119,13;33,27;3,52;117,21;1,92
21,09.2019 11:54:29;33;3.64;310.6;731.5848760945296;296.1;Module 1,6_14;768.27;120,12;33,27;3,55;118,19;1,93
21,09.2019 11:56:23;33;3.67;310.6;740.6193236415851;296.09;Module 1,6_14;777.52;121,11;33,27;3,60;119,68;1,43
21,09.2019 11:58:15;33;3.68;310.1;741.9047583241116;296.05;Module 1,6_14;778.64;121,44;33,36;3,60;120,21;1,23
21,09.2019 12:00:08;33;3.71;310.1;747.5541274566716;296.25;Module 1,6_14;784.34;122,43;33,36;3,63;121,14;1,29
21,09.2019 12:02:04;33;3.72;310.1;751.3684944439922;296.12;Module 1,6_14;788.11;122,76;33,35;3,65;121,77;0,99
21,09.2019 12:03:59;33;3.76;310.1;757.0578412225959;296.31;Module 1,6_14;793.85;124,08;33,35;3,68;122,71;1,37
21,09.2019 12:05:59;33.1;3.78;310.1;760.456731413251;296.42;Module 1,6_14;797.18;125,12;33,35;3,70;123,27;1,85
21,09.2019 12:07:53;33.1;3.78;310.1;763.871085135005;296.28;Module 1,6_14;800.54;125,12;33,35;3,71;123,83;1,29
21,09.2019 12:09:53;33.2;3.79;310.1;769.3177559519578;296.32;Module 1,6_14;806.02;125,83;33,34;3,74;124,73;1,10
21,09.2019 12:11:47;33.1;3.81;311.6;772.5091222644681;296.35;Module 1,6_14;809.15;126,11;33,08;3,76;124,26;1,85
21,09.2019 12:13:40;33.1;3.83;311.6;774.7513438495109;296.32;Module 1,6_14;811.29;126,77;33,08;3,77;124,63;2,15
21,09.2019 12:15:34;33;3.85;311.6;778.0627282094478;296.39;Module 1,6_14;814.55;127,05;33,07;3,78;125,17;1,88
21,09.2019 12:17:28;32.9;3.87;311.6;784.8978352257591;296.59;Module 1,6_14;821.5;127,32;33,07;3,82;126,28;1,04
21,09.2019 12:19:25;32.8;3.88;311.6;787.465990229043;296.47;Module 1,6_14;823.98;127,26;33,07;3,83;126,70;0,56
21,09.2019 12:21:25;32.9;3.9;311.6;789.9124969625635;296.37;Module 1,6_14;826.33;128,31;33,07;3,84;127,10;1,21
21,09.2019 12:23:34;32.8;3.93;311.6;795.268384024815;296.64;Module 1,6_14;831.71;128,90;33,06;3,87;127,97;0,93
21,09.2019 12:25:28;32.7;3.94;311.6;795.5105163112496;296.96;Module 1,6_14;831.77;128,84;33,06;3,87;128,01;0,83
21,09.2019 12:27:22;32.7;3.96;311.6;800.4082350785694;296.98;Module 1,6_14;836.7;129,49;33,06;3,90;128,81;0,68
21,09.2019 12:29:21;32.6;3.98;311.1;804.1262711853163;297;Module 1,6_14;840.39;129,75;33,15;3,91;129,76;-0,01
21,09.2019 12:31:14;32.6;3.97;311.1;807.4121588952762;297;Module 1,6_14;843.64;129,42;33,15;3,93;130,29;-0,87
21,09.2019 12:33:52;32.8;3.97;312.1;812.4017734335138;297.17;Module 1,6_14;848.6;130,22;32,97;3,96;130,41;-0,19
21,09.2019 12:35:52;32.7;3.99;312.1;816.4219263767836;297.59;Module 1,6_14;852.61;130,47;32,96;3,98;131,06;-0,59
21,09.2019 12:37:51;32.6;4.01;312.1;818.8778124995042;298.01;Module 1,6_14;854.99;130,73;32,96;3,99;131,46;-0,73
21,09.2019 12:39:44;32.5;4.02;313.6;820.0199228110732;298.25;Module 1,6_14;856.01;130,65;32,70;3,99;130,58;0,07
21,09.2019 12:41:40;32.4;4.04;313.6;821.6429054359782;298.43;Module 1,6_14;857.53;130,90;32,70;4,00;130,84;0,06
21,09.2019 12:43:35;32.3;4.05;314.1;822.7541687908516;298.68;Module 1,6_14;858.52;130,81;32,60;4,01;130,66;0,15
21,09.2019 12:45:27;32.3;4.07;314.1;827.9804182285868;298.92;Module 1,6_14;863.81;131,46;32,60;4,03;131,50;-0,04
21,09.2019 12:47:49;32.3;4.1;314.1;830.3802159810976;299.18;Module 1,6_14;866.11;132,43;32,59;4,05;131,88;0,55
21,09.2019 12:49:49;32.2;4.12;315.6;833.4377919151596;299.1;Module 1,6_14;869.13;132,66;32,33;4,06;131,28;1,38
21,09.2019 12:51:42;32.1;4.14;315.6;834.2878607394182;299.1;Module 1,6_14;869.86;132,89;32,33;4,07;131,42;1,48
21,09.2019 12:54:07;32;4.15;314.1;838.9565441027187;299.23;Module 1,6_14;874.53;132,80;32,59;4,09;133,25;-0,45
21,09.2019 12:56:05;32.1;4.17;314.1;842.2068593601714;299.18;Module 1,6_14;877.76;133,86;32,59;4,11;133,77;0,09
21,09.2019 12:57:58;32.1;4.18;315.6;843.6738010774329;299.27;Module 1,6_14;879.14;134,18;32,32;4,11;132,90;1,27
21,09.2019 12:59:50;32.1;4.2;315.6;845.3869338308812;299.2;Module 1,6_14;880.78;134,82;32,32;4,12;133,17;1,65
21,09.2019 13:01:47;32.1;4.2;315.6;848.2657134266034;299.16;Module 1,6_14;883.63;134,82;32,31;4,14;133,63;1,19
21,09.2019 13:03:42;32;4.21;315.6;852.6573295968071;299.28;Module 1,6_14;888.06;134,72;32,31;4,16;134,32;0,40
21,09.2019 13:05:34;32;4.21;315.6;852.2139546718031;299.5;Module 1,6_14;887.46;134,72;32,31;4,15;134,25;0,47
21,09.2019 13:07:29;32;4.22;315.6;854.4702498192083;299.95;Module 1,6_14;889.67;135,04;32,31;4,17;134,61;0,43
21,09.2019 13:09:35;32;4.23;315.6;854.6910767856713;300.15;Module 1,6_14;889.75;135,36;32,31;4,17;134,65;0,71
21,09.2019 13:11:27;32;4.23;315.6;856.1807918863367;300.22;Module 1,6_14;891.17;135,36;32,31;4,17;134,88;0,48
21,09.2019 13:13:21;32;4.23;316.1;857.9013450134095;300.24;Module 1,6_14;892.83;135,36;32,22;4,18;134,78;0,58
21,09.2019 13:15:17;32.1;4.24;316.1;860.064159282457;300.01;Module 1,6_14;894.95;136,10;32,22;4,19;135,12;0,99
21,09.2019 13:17:12;32.1;4.24;316.1;861.7530612699136;299.54;Module 1,6_14;896.58;136,10;32,22;4,20;135,38;0,72
21,09.2019 13:19:30;32;4.27;316.1;864.4250624111618;299.64;Module 1,6_14;899.21;136,64;32,21;4,22;135,81;0,83
21,09.2019 13:21:23;32;4.27;316.1;865.8481017089657;299.64;Module 1,6_14;900.57;136,64;32,21;4,22;136,03;0,61
21,09.2019 13:23:32;32;4.27;316.1;867.0831495873003;299.67;Module 1,6_14;901.72;136,64;32,21;4,23;136,22;0,42
21,09.2019 13:25:39;32;4.28;317.6;869.7081248746424;299.73;Module 1,6_14;904.32;136,96;31,95;4,24;135,50;1,46
21,09.2019 13:27:33;32;4.29;317.6;870.6257157676943;299.94;Module 1,6_14;905.16;137,28;31,94;4,25;135,64;1,64
21,09.2019 13:29:30;32.1;4.3;317.6;872.236648147414;300.1;Module 1,6_14;906.72;138,03;31,94;4,25;135,89;2,14
21,09.2019 13:31:22;32;4.3;317.6;871.560858952996;300.53;Module 1,6_14;905.91;137,60;31,94;4,25;135,78;1,82
21,09.2019 13:33:31;32;4.29;317.6;870.2243404191298;300.78;Module 1,6_14;904.4;137,28;31,95;4,24;135,58;1,70
21,09.2019 13:35:24;31.9;4.32;316.1;872.8932168941512;300.81;Module 1,6_14;907.07;137,81;32,21;4,26;137,14;0,67
21,09.2019 13:37:43;31.9;4.32;316.1;874.6491421914172;301.06;Module 1,6_14;908.77;137,81;32,20;4,27;137,41;0,40
21,09.2019 13:39:45;31.9;4.33;317.6;873.9913328591662;301.07;Module 1,6_14;907.98;138,13;31,94;4,26;136,16;1,96
21,09.2019 13:41:39;31.9;4.32;317.6;875.0090513040892;300.73;Module 1,6_14;908.94;137,81;31,94;4,27;136,32;1,49
21,09.2019 13:43:33;32;4.32;317.6;875.7937387828606;300.45;Module 1,6_14;909.66;138,24;31,94;4,27;136,44;1,80
21,09.2019 13:45:25;32;4.3;317.6;876.7674417778417;300.53;Module 1,6_14;910.58;137,60;31,94;4,28;136,60;1,00
21,09.2019 13:47:18;32;4.31;317.6;878.1926063592799;300.61;Module 1,6_14;911.97;137,92;31,94;4,28;136,82;1,10
21,09.2019 13:49:24;32;4.31;317.6;876.8326728700388;300.55;Module 1,6_14;910.46;137,92;31,94;4,28;136,61;1,31
21,09.2019 13:51:20;32;4.33;317.6;878.4195843604015;300.26;Module 1,6_14;912.02;138,56;31,94;4,29;136,85;1,71
21,09.2019 13:53:19;31.9;4.34;317.6;877.4637224113557;300.14;Module 1,6_14;910.94;138,45;31,94;4,28;136,70;1,74
21,09.2019 13:55:17;31.8;4.34;317.6;879.4043565066737;300.35;Module 1,6_14;912.87;138,01;31,94;4,29;137,01;1,01
21,09.2019 13:57:10;31.7;4.33;317.6;875.8289882329268;300.44;Module 1,6_14;909.08;137,26;31,94;4,27;136,45;0,81
21,09.2019 13:59:38;31.8;4.32;317.6;876.2237404758953;299.95;Module 1,6_14;909.39;137,38;31,94;4,27;136,51;0,87
21,09.2019 14:01:31;31.9;4.32;317.6;878.7037847941847;299.71;Module 1,6_14;911.89;137,81;31,94;4,29;136,90;0,91
21,09.2019 14:03:26;31.8;4.31;317.6;881.0002992329097;300.04;Module 1,6_14;914.2;137,06;31,93;4,30;137,25;-0,20
21,09.2019 14:05:30;31.8;4.3;317.6;878.9826864823632;300.43;Module 1,6_14;912.03;136,74;31,94;4,29;136,94;-0,20
21,09.2019 14:07:30;31.7;4.31;318.1;876.6805395116618;300.84;Module 1,6_14;909.57;136,63;31,84;4,28;136,20;0,43
21,09.2019 14:09:26;31.6;4.31;318.1;876.3496140060155;301.09;Module 1,6_14;909.16;136,20;31,84;4,28;136,15;0,05
21,09.2019 14:11:19;31.6;4.3;318.1;873.8845554174447;301.37;Module 1,6_14;906.54;135,88;31,85;4,26;135,76;0,12
21,09.2019 14:13:16;31.6;4.3;319.7;873.1159086897546;301.44;Module 1,6_14;905.68;135,88;31,56;4,26;134,42;1,46
21,09.2019 14:15:17;31.6;4.3;319.7;872.2987690482852;301.26;Module 1,6_14;904.77;135,88;31,56;4,25;134,29;1,59
21,09.2019 14:17:20;31.6;4.29;319.7;872.06832475257;301.39;Module 1,6_14;904.47;135,56;31,56;4,25;134,25;1,31
21,09.2019 14:19:24;31.8;4.26;319.7;872.5205578128487;301.38;Module 1,6_14;904.88;135,47;31,56;4,26;134,32;1,14
21,09.2019 14:21:22;31.8;4.27;319.7;870.4028457249135;301.58;Module 1,6_14;902.63;135,79;31,56;4,25;134,00;1,79
21,09.2019 14:23:15;31.7;4.25;319.7;867.5574108434981;301.92;Module 1,6_14;899.63;134,72;31,56;4,23;133,56;1,16
21,09.2019 14:25:07;31.8;4.25;319.7;867.6121474311908;302.05;Module 1,6_14;899.64;135,15;31,56;4,23;133,57;1,58
21,09.2019 14:27:02;31.7;4.25;319.7;864.9270460360235;302.23;Module 1,6_14;896.81;134,72;31,57;4,22;133,15;1,57
21,09.2019 14:28:55;31.8;4.25;319.7;863.0201646979446;302.39;Module 1,6_14;894.79;135,15;31,57;4,21;132,86;2,29
21,09.2019 14:31:01;31.7;4.26;319.7;863.0928413580042;302.72;Module 1,6_14;894.82;135,04;31,57;4,21;132,87;2,17
21,09.2019 14:33:00;31.6;4.24;319.7;859.1385152749663;302.71;Module 1,6_14;890.68;133,98;31,57;4,19;132,26;1,72
21,09.2019 14:35:21;31.6;4.23;319.7;858.6512190153405;302.63;Module 1,6_14;890.13;133,67;31,57;4,19;132,19;1,48
21,09.2019 14:37:15;31.7;4.22;319.7;857.2562121465735;302.38;Module 1,6_14;888.65;133,77;31,57;4,18;131,97;1,80
21,09.2019 14:38:06;31.7;4.23;319.7;858.109449954992;302.23;Module 1,6_14;889.52;134,09;31,57;4,18;132,10;1,99
21,09.2019 14:40:01;31.7;4.21;319.7;855.6119070795198;302.18;Module 1,6_14;886.9;133,46;31,58;4,17;131,72;1,74
21,09.2019 14:41:57;31.7;4.21;319.7;855.9487534225483;302.22;Module 1,6_14;887.22;133,46;31,58;4,17;131,77;1,69
21,09.2019 14:44:06;31.7;4.19;319.7;852.7648448994019;301.94;Module 1,6_14;883.89;132,82;31,58;4,16;131,28;1,54
21,09.2019 14:46:02;31.8;4.16;319.7;851.9490715213394;301.87;Module 1,6_14;883.02;132,29;31,58;4,15;131,15;1,13
21,09.2019 14:47:57;31.9;4.15;319.7;848.4390784641803;301.77;Module 1,6_14;879.36;132,39;31,58;4,14;130,61;1,77
21,09.2019 14:50:21;31.8;4.17;319.7;848.5592186261304;302.09;Module 1,6_14;879.46;132,61;31,58;4,14;130,63;1,98
21,09.2019 14:52:25;31.8;4.16;319.7;846.3094936326124;302.21;Module 1,6_14;877.11;132,29;31,58;4,13;130,28;2,00
21,09.2019 14:54:15;31.8;4.15;319.7;842.212691433539;301.83;Module 1,6_14;872.85;131,97;31,59;4,10;129,65;2,32
21,09.2019 14:56:08;31.8;4.14;319.7;842.6588815641825;301.78;Module 1,6_14;873.3;131,65;31,59;4,11;129,72;1,93
21,09.2019 14:58:04;31.7;4.13;319.7;839.9962234087892;301.95;Module 1,6_14;870.53;130,92;31,59;4,09;129,31;1,61
21,09.2019 15:00:09;31.6;4.11;319.7;835.6046469285964;302.38;Module 1,6_14;865.97;129,88;31,59;4,07;128,63;1,25
21,09.2019 15:02:02;31.6;4.09;319.7;831.0749312143164;302.72;Module 1,6_14;861.27;129,24;31,59;4,05;127,93;1,32
21,09.2019 15:04:02;31.6;4.07;319.7;829.3126474756949;303.01;Module 1,6_14;859.44;128,61;31,59;4,04;127,66;0,96
21,09.2019 15:05:55;31.8;4.06;319.7;828.0690842778372;302.82;Module 1,6_14;858.15;129,11;31,59;4,03;127,46;1,64
21,09.2019 15:08:01;31.8;4.05;319.7;828.0486837451148;303.05;Module 1,6_14;858.13;128,79;31,59;4,03;127,46;1,33
21,09.2019 15:10:01;31.7;4.03;319.7;824.4363215591183;303.17;Module 1,6_14;854.39;127,75;31,59;4,02;126,90;0,85
21,09.2019 15:11:56;31.8;4;319.7;820.9762942110507;303.16;Module 1,6_14;850.81;127,20;31,59;4,00;126,36;0,84
21,09.2019 15:13:52;31.9;3.98;319.7;816.8964899186054;303.07;Module 1,6_14;846.59;126,96;31,60;3,98;125,73;1,23
21,09.2019 15:15:47;32;3.96;319.7;811.212858888375;302.82;Module 1,6_14;840.71;126,72;31,60;3,95;124,85;1,87
21,09.2019 15:17:50;32.1;3.94;319.7;810.0902103493381;302.46;Module 1,6_14;839.56;126,47;31,60;3,95;124,68;1,80
21,09.2019 15:19:45;32;3.95;319.7;807.9144004378724;302.32;Module 1,6_14;837.32;126,40;31,60;3,93;124,34;2,06
21,09.2019 15:21:38;31.9;3.94;319.7;805.4472587936473;301.98;Module 1,6_14;834.78;125,69;31,61;3,92;123,96;1,73
21,09.2019 15:23:31;31.9;3.92;319.7;802.3026295826375;301.92;Module 1,6_14;831.54;125,05;31,61;3,91;123,47;1,58
21,09.2019 15:25:28;31.9;3.91;319.7;799.8015836494685;302.2;Module 1,6_14;828.97;124,73;31,61;3,89;123,08;1,65
21,09.2019 15:27:26;31.9;3.9;319.7;797.5199583147437;302.46;Module 1,6_14;826.63;124,41;31,61;3,88;122,72;1,69
21,09.2019 15:29:24;32.3;3.85;319.7;793.065308672968;302.48;Module 1,6_14;822.04;124,35;31,61;3,86;122,03;2,32
21,09.2019 15:31:16;32.3;3.82;319.7;788.9379936704775;302.29;Module 1,6_14;817.79;123,39;31,62;3,84;121,39;2,00
21,09.2019 15:33:10;32.4;3.8;319.7;786.5349480938349;302.18;Module 1,6_14;815.33;123,12;31,62;3,83;121,02;2,10
21,09.2019 15:35:08;32.3;3.8;319.7;780.5304339432803;301.77;Module 1,6_14;809.14;122,74;31,62;3,80;120,08;2,66
21,09.2019 15:37:06;32.2;3.77;318.1;776.385561819379;301.6;Module 1,6_14;804.88;121,39;31,91;3,78;120,52;0,87
21,09.2019 15:39:19;32.1;3.77;318.1;775.2621636586737;301.65;Module 1,6_14;803.76;121,02;31,91;3,77;120,35;0,67
21,09.2019 15:41:12;32;3.76;318.1;772.1655194075117;302.03;Module 1,6_14;800.59;120,32;31,91;3,76;119,86;0,46
21,09.2019 15:43:05;31.9;3.74;318.1;767.3982715131224;302.47;Module 1,6_14;795.69;119,31;31,91;3,73;119,11;0,20
21,09.2019 15:44:59;31.9;3.71;318.1;762.2911576270269;302.6;Module 1,6_14;790.44;118,35;31,91;3,71;118,30;0,04
21,09.2019 15:46:52;32.2;3.65;318.1;759.8922997693727;302.79;Module 1,6_14;788;117,53;31,91;3,70;117,93;-0,40
21,09.2019 15:48:54;32.3;3.61;318.1;752.5502459167541;302.91;Module 1,6_14;780.44;116,60;31,92;3,66;116,77;-0,17
21,09.2019 15:50:47;32.4;3.6;318.1;747.804059113661;302.72;Module 1,6_14;775.57;116,64;31,92;3,63;116,02;0,62
21,09.2019 15:52:51;32.2;3.61;319.7;742.4529559597647;302.61;Module 1,6_14;770.08;116,24;31,63;3,61;114,14;2,10
21,09.2019 15:55:01;32.1;3.6;319.7;737.983493196017;302.55;Module 1,6_14;765.51;115,56;31,63;3,59;113,44;2,12
21,09.2019 15:56:55;32.2;3.59;318.1;734.8114127538299;302.57;Module 1,6_14;762.28;115,60;31,93;3,57;113,97;1,63
21,09.2019 15:58:48;32.2;3.56;318.1;728.9387845624206;302.5;Module 1,6_14;756.25;114,63;31,93;3,54;113,04;1,59
21,09.2019 16:00:43;32.1;3.54;318.1;723.1404166497506;302.63;Module 1,6_14;750.3;113,63;31,93;3,51;112,12;1,51
21,09.2019 16:02:37;32;3.52;318.1;720.598185885403;302.93;Module 1,6_14;747.73;112,64;31,93;3,50;111,72;0,92
21,09.2019 16:04:32;32.2;3.47;318.1;714.5357621664218;302.69;Module 1,6_14;741.51;111,73;31,93;3,47;110,76;0,97
21,09.2019 16:06:26;32.2;3.45;318.1;708.7420138668722;302.46;Module 1,6_14;735.57;111,09;31,93;3,44;109,84;1,25
21,09.2019 16:08:58;32.2;3.43;318.1;706.0336021259377;302.44;Module 1,6_14;732.86;110,45;31,94;3,43;109,41;1,03
21,09.2019 16:10:50;32.2;3.4;317.6;700.2077287231111;302.75;Module 1,6_14;726.89;109,48;32,02;3,40;108,79;0,69
21,09.2019 16:12:43;32.2;3.38;317.6;696.6429974303064;303.09;Module 1,6_14;723.27;108,84;32,02;3,38;108,23;0,61
21,09.2019 16:14:57;32.2;3.34;318.1;688.8426581938473;303.34;Module 1,6_14;715.27;107,55;31,94;3,34;106,68;0,86
21,09.2019 16:16:50;32.3;3.32;318.1;683.1358064668899;303.14;Module 1,6_14;709.43;107,24;31,94;3,31;105,78;1,46
21,09.2019 16:18:43;32.3;3.3;318.1;680.0364925054207;303.17;Module 1,6_14;706.3;106,59;31,94;3,30;105,28;1,31
21,09.2019 16:20:37;32.4;3.26;318.1;673.477968362014;303.41;Module 1,6_14;699.58;105,62;31,94;3,26;104,24;1,38
21,09.2019 16:22:47;32.5;3.24;318.1;667.2033305420316;303.41;Module 1,6_14;693.17;105,30;31,94;3,23;103,24;2,06
21,09.2019 16:24:46;32.6;3.2;317.6;661.3975530376309;303.28;Module 1,6_14;687.24;104,32;32,03;3,20;102,60;1,72
21,09.2019 16:26:40;32.8;3.17;317.6;658.7407336859301;302.98;Module 1,6_14;684.58;103,98;32,03;3,19;102,18;1,80
21,09.2019 16:28:35;33;3.14;316.1;654.1369204668058;302.7;Module 1,6_14;679.9;103,62;32,30;3,17;102,29;1,33
21,09.2019 16:30:28;33;3.12;316.1;648.4361759059942;302.67;Module 1,6_14;674.08;102,96;32,30;3,14;101,37;1,59
21,09.2019 16:32:21;33;3.1;316.1;644.3303338004761;302.84;Module 1,6_14;669.92;102,30;32,30;3,12;100,71;1,59
21,09.2019 16:34:29;33;3.07;316.1;636.2555488862849;302.82;Module 1,6_14;661.65;101,31;32,30;3,08;99,40;1,91
21,09.2019 16:36:23;33;3.04;316.1;630.0870461853535;302.71;Module 1,6_14;655.35;100,32;32,30;3,05;98,41;1,91
21,09.2019 16:38:16;33;3.01;316.1;627.5131720103461;302.79;Module 1,6_14;652.79;99,33;32,30;3,03;97,99;1,34
21,09.2019 16:40:09;33;2.99;315.6;622.4760425806481;303.07;Module 1,6_14;647.67;98,67;32,39;3,01;97,44;1,23
21,09.2019 16:42:02;33;2.96;315.6;614.9770148812498;303;Module 1,6_14;639.99;97,68;32,38;2,97;96,23;1,45
21,09.2019 16:44:08;33;2.93;315.6;607.4629202958872;303.1;Module 1,6_14;632.31;96,69;32,38;2,93;95,01;1,68
21,09.2019 16:46:12;32.9;2.9;315.6;602.4083206582031;303.07;Module 1,6_14;627.19;95,41;32,38;2,91;94,18;1,23
21,09.2019 16:48:05;33;2.87;315.6;597.3637015736732;302.99;Module 1,6_14;622.07;94,71;32,38;2,88;93,36;1,35
21,09.2019 16:50:03;33;2.84;315.6;592.3112506324205;302.89;Module 1,6_14;616.95;93,72;32,38;2,86;92,54;1,18
21,09.2019 16:52:03;33;2.81;315.6;584.7969424235953;302.56;Module 1,6_14;609.27;92,73;32,38;2,82;91,32;1,41
21,09.2019 16:53:56;33;2.78;315.6;579.7465532652857;302.57;Module 1,6_14;604.15;91,74;32,38;2,80;90,50;1,24
21,09.2019 16:55:48;33;2.75;315.6;572.2393844476524;302.85;Module 1,6_14;596.47;90,75;32,38;2,76;89,27;1,48
21,09.2019 16:57:53;33;2.71;315.6;567.1702399686881;302.98;Module 1,6_14;591.35;89,43;32,37;2,73;88,45;0,98
21,09.2019 16:59:51;33.1;2.67;315.6;559.6528094759697;302.81;Module 1,6_14;583.67;88,38;32,37;2,69;87,22;1,16
21,09.2019 17:01:46;33.1;2.65;315.6;554.5923446851406;302.58;Module 1,6_14;578.55;87,72;32,36;2,67;86,39;1,32
21,09.2019 17:03:41;33.2;2.6;315.6;547.076371726853;302.31;Module 1,6_14;570.87;86,32;32,36;2,63;85,17;1,15
21,09.2019 17:06:04;33.1;2.57;315.6;539.5206214839568;302.34;Module 1,6_14;563.19;85,07;32,35;2,59;83,93;1,13
21,09.2019 17:07:56;33.2;2.54;315.6;532.0066087159478;302.28;Module 1,6_14;555.51;84,33;32,34;2,56;82,70;1,62
21,09.2019 17:09:49;33.2;2.5;315.6;526.9414977912357;302.22;Module 1,6_14;550.39;83,00;32,34;2,53;81,88;1,12
21,09.2019 17:11:46;33.3;2.47;314.1;519.4181580431566;302.04;Module 1,6_14;542.71;82,25;32,61;2,49;81,30;0,95
21,09.2019 17:13:38;33.3;2.44;314.1;514.3509048725916;301.88;Module 1,6_14;537.59;81,25;32,60;2,47;80,47;0,78
21,09.2019 17:15:32;33.3;2.4;314.1;509.27843369506274;302.01;Module 1,6_14;532.47;79,92;32,60;2,44;79,63;0,29
21,09.2019 17:17:30;33.3;2.37;314.6;499.3021153695415;302.32;Module 1,6_14;522.23;78,92;32,50;2,39;77,77;1,15
21,09.2019 17:19:35;33.3;2.33;314.6;491.7623302035681;302.55;Module 1,6_14;514.55;77,59;32,49;2,36;76,53;1,06
21,09.2019 17:21:44;33.3;2.3;314.1;486.6604168292713;302.6;Module 1,6_14;509.43;76,59;32,58;2,33;75,89;0,70
21,09.2019 17:23:40;33.5;2.26;314.1;479.13228732912165;302.47;Module 1,6_14;501.75;75,71;32,57;2,29;74,65;1,06
21,09.2019 17:25:51;33.5;2.22;314.1;469.13448603077865;302.38;Module 1,6_14;491.51;74,37;32,55;2,24;72,99;1,38
21,09.2019 17:27:44;33.5;2.19;312.1;464.0535645321045;302.57;Module 1,6_14;486.39;73,36;32,91;2,22;72,92;0,44
21,09.2019 17:29:36;33.5;2.16;312.1;456.53070210836154;302.76;Module 1,6_14;478.71;72,36;32,90;2,18;71,66;0,70
21,09.2019 17:31:29;33.5;2.12;312.1;449.0058951973918;302.85;Module 1,6_14;471.03;71,02;32,89;2,14;70,40;0,62
21,09.2019 17:33:26;33.5;2.08;312.1;443.91273341648804;302.82;Module 1,6_14;465.91;69,68;32,88;2,12;69,55;0,13
21,09.2019 17:35:29;33.5;2.05;312.1;436.3675879988768;302.89;Module 1,6_14;458.23;68,67;32,87;2,08;68,28;0,39
21,09.2019 17:37:34;33.5;2.01;312.1;433.69087495895013;302.85;Module 1,6_14;455.67;67,33;32,87;2,06;67,83;-0,50
21,09.2019 17:39:28;33.6;1.98;312.1;421.28880014081074;302.81;Module 1,6_14;442.87;66,53;32,84;2,00;65,75;0,77
21,09.2019 17:41:22;33.6;1.94;311.6;418.62764272954405;302.89;Module 1,6_14;440.31;65,18;32,93;1,99;65,48;-0,30
21,09.2019 17:43:19;33.7;1.9;311.6;408.6572694660698;302.71;Module 1,6_14;430.07;64,03;32,91;1,94;63,80;0,23
21,09.2019 17:45:16;33.8;1.87;311.6;401.1207168058535;302.29;Module 1,6_14;422.39;63,21;32,90;1,90;62,53;0,67
21,09.2019 17:47:12;33.8;1.83;311.6;393.5862372501367;302.23;Module 1,6_14;414.71;61,85;32,88;1,86;61,26;0,59
21,09.2019 17:49:11;33.9;1.8;311.6;386.045394778518;301.96;Module 1,6_14;407.03;61,02;32,86;1,83;59,99;1,03
21,09.2019 17:51:06;33.9;1.76;311.6;378.51329394093307;301.82;Module 1,6_14;399.35;59,66;32,84;1,79;58,72;0,94
21,09.2019 17:53:06;33.9;1.72;311.6;370.97035678544364;301.67;Module 1,6_14;391.67;58,31;32,83;1,75;57,45;0,86
21,09.2019 17:55:15;33.9;1.68;310.1;363.4068567798437;301.44;Module 1,6_14;383.99;56,95;33,08;1,71;56,62;0,33
21,09.2019 17:57:11;33.9;1.65;310.1;358.2939621661727;301.35;Module 1,6_14;378.87;55,93;33,06;1,69;55,75;0,18
21,09.2019 17:59:18;34;1.61;309.6;350.7323996866731;301.03;Module 1,6_14;371.19;54,74;33,13;1,65;54,61;0,13
21,09.2019 18:01:16;34.1;1.58;309.6;343.1924120302219;300.96;Module 1,6_14;363.51;53,88;33,11;1,61;53,32;0,56
21,09.2019 18:03:09;34.1;1.54;309.6;335.66540476717836;300.98;Module 1,6_14;355.83;52,51;33,09;1,57;52,04;0,47
21,09.2019 18:05:18;34.1;1.49;309.6;328.0987694814603;301.15;Module 1,6_14;348.15;50,81;33,06;1,53;50,75;0,06
21,09.2019 18:07:14;34.1;1.46;309.6;320.56554681393186;301.23;Module 1,6_14;340.47;49,79;33,04;1,50;49,47;0,32
21,09.2019 18:09:03;34.1;1.42;309.6;313.0519263129066;301.19;Module 1,6_14;332.79;48,42;33,01;1,46;48,19;0,24
21,09.2019 18:10:56;34.1;1.38;308.1;304.45809027102365;301.02;Module 1,6_14;323.97;47,06;33,25;1,42;47,08;-0,02
21,09.2019 18:12:48;34.2;1.35;308.1;297.2884729055945;300.92;Module 1,6_14;316.66;46,17;33,23;1,38;45,85;0,32
21,09.2019 18:14:41;34.2;1.31;307.6;290.3330611483706;300.63;Module 1,6_14;309.58;44,80;33,28;1,35;44,77;0,03
21,09.2019 18:16:44;34.2;1.27;307.6;282.78797782586173;300.57;Module 1,6_14;301.9;43,43;33,25;1,31;43,47;-0,04
22,09.2019 09:35:33;35.2;1.36;288.9;280.2252611744581;283.5;Module 1,6_14;311.93;47,87;36,61;1,28;46,95;0,92
22,09.2019 09:37:27;35.6;1.37;288.9;285.9371853412983;284.15;Module 1,6_14;317.7;48,77;36,63;1,31;48,03;0,74
22,09.2019 09:39:22;35.4;1.41;288.9;292.9527046455645;284.99;Module 1,6_14;324.91;49,91;36,66;1,35;49,36;0,56
22,09.2019 09:41:15;35.2;1.45;288.9;300.5695270841426;285.61;Module 1,6_14;332.79;51,04;36,69;1,38;50,79;0,25
22,09.2019 09:43:14;35.1;1.5;291.5;308.0388378469284;286.33;Module 1,6_14;340.47;52,65;36,25;1,42;51,61;1,04
22,09.2019 09:45:09;35.2;1.53;291.5;315.496225080316;286.97;Module 1,6_14;348.15;53,86;36,28;1,46;53,00;0,86
22,09.2019 09:47:02;35;1.58;290.4;322.9505808241279;287.43;Module 1,6_14;355.83;55,30;36,50;1,50;54,65;0,65
22,09.2019 09:49:05;35;1.6;290.4;330.45299520063253;288.02;Module 1,6_14;363.51;56,00;36,52;1,53;56,06;-0,06
22,09.2019 09:51:02;35.1;1.65;290.4;337.9344339777628;288.42;Module 1,6_14;371.19;57,91;36,55;1,57;57,46;0,45
22,09.2019 09:52:57;35.2;1.69;293.5;345.4121623089217;288.89;Module 1,6_14;378.87;59,49;36,02;1,61;58,05;1,44
22,09.2019 09:54:50;35;1.73;293.5;350.5491611762519;289.27;Module 1,6_14;383.99;60,55;36,03;1,64;59,00;1,55
22,09.2019 09:56:43;34.9;1.77;293.5;358.0246867217663;289.74;Module 1,6_14;391.67;61,77;36,05;1,68;60,38;1,39
22,09.2019 09:58:37;34.9;1.8;293.5;365.50860357289923;290.11;Module 1,6_14;399.35;62,82;36,07;1,71;61,76;1,06
22,09.2019 10:00:31;35.2;1.85;294;370.6506715910813;290.35;Module 1,6_14;404.47;65,12;35,99;1,74;62,57;2,55
22,09.2019 10:02:26;35;1.84;294;378.1436943172034;290.53;Module 1,6_14;412.15;64,40;36,01;1,78;63,95;0,45
22,09.2019 10:04:30;35.2;1.89;294;388.02688706699945;290.68;Module 1,6_14;422.39;66,53;36,03;1,83;65,77;0,76
22,09.2019 10:06:25;35.4;1.92;295.5;395.5295020548921;290.82;Module 1,6_14;430.07;67,97;35,78;1,86;66,69;1,28
22,09.2019 10:08:18;35.2;1.96;295.5;400.67090307189017;290.71;Module 1,6_14;435.19;68,99;35,79;1,89;67,63;1,37
22,09.2019 10:10:22;35.3;1.99;296;408.21117366065266;290.78;Module 1,6_14;442.87;70,25;35,71;1,93;68,84;1,40
22,09.2019 10:12:15;35.4;2;296;415.7132080912038;291;Module 1,6_14;450.55;70,80;35,73;1,97;70,21;0,59
22,09.2019 10:14:18;35.7;2.02;296;423.2548902629603;291.27;Module 1,6_14;458.23;72,11;35,74;2,00;71,58;0,53
22,09.2019 10:16:14;35.6;2.06;297.5;430.7734891356554;291.49;Module 1,6_14;465.91;73,34;35,48;2,04;72,44;0,89
22,09.2019 10:18:07;35.6;2.1;297.5;438.283983789214;291.46;Module 1,6_14;473.59;74,76;35,49;2,08;73,80;0,96
22,09.2019 10:20:26;35.5;2.15;299.5;445.8891030163165;291.2;Module 1,6_14;481.27;76,33;35,15;2,12;74,46;1,86
22,09.2019 10:22:19;35.2;2.21;299.5;453.404057761471;291.25;Module 1,6_14;488.95;77,79;35,16;2,16;75,81;1,99
22,09.2019 10:24:11;35.2;2.22;299.5;460.91805349652304;291.32;Module 1,6_14;496.63;78,14;35,17;2,19;77,15;0,99
22,09.2019 10:26:10;35.3;2.24;299.5;466.0804775930954;291.54;Module 1,6_14;501.75;79,07;35,18;2,22;78,07;1,00
22,09.2019 10:28:03;35.4;2.26;299.5;473.60051813591383;291.58;Module 1,6_14;509.43;80,00;35,19;2,26;79,42;0,59
22,09.2019 10:29:58;35.4;2.29;300;478.7476105378994;291.53;Module 1,6_14;514.55;81,07;35,10;2,28;80,14;0,92
22,09.2019 10:31:50;35.4;2.32;300;486.26683279240297;291.64;Module 1,6_14;522.23;82,13;35,11;2,32;81,48;0,65
22,09.2019 10:33:51;35.4;2.36;301.5;491.43195302364325;291.81;Module 1,6_14;527.35;83,54;34,84;2,35;81,80;1,74
22,09.2019 10:36:18;35.2;2.42;301.5;501.45351119744277;292.1;Module 1,6_14;537.59;85,18;34,86;2,40;83,57;1,61
22,09.2019 10:38:10;34.9;2.46;301.5;506.5880873189362;292.24;Module 1,6_14;542.71;85,85;34,86;2,42;84,48;1,38
22,09.2019 10:40:03;34.8;2.5;301.5;514.115669250888;292.32;Module 1,6_14;550.39;87,00;34,87;2,46;85,81;1,19
22,09.2019 10:41:59;34.8;2.51;301.5;519.2614414338846;292.4;Module 1,6_14;555.51;87,35;34,87;2,49;86,71;0,63
22,09.2019 10:43:52;35;2.53;302;526.7908964312577;292.48;Module 1,6_14;563.19;88,55;34,79;2,52;87,83;0,72
22,09.2019 10:45:45;35.1;2.54;302;531.9259441039126;292.59;Module 1,6_14;568.31;89,15;34,79;2,55;88,73;0,43
22,09.2019 10:47:44;35.2;2.56;302;539.4751963181541;292.85;Module 1,6_14;575.99;90,11;34,80;2,59;90,05;0,06
22,09.2019 10:49:58;35.1;2.61;303.5;544.6707029503056;293.19;Module 1,6_14;581.11;91,61;34,53;2,61;90,29;1,32
22,09.2019 10:51:56;34.9;2.66;303.5;552.2175307693918;293.33;Module 1,6_14;588.79;92,83;34,53;2,65;91,61;1,22
22,09.2019 10:53:52;34.8;2.71;303.5;557.3573614689166;293.46;Module 1,6_14;593.91;94,31;34,54;2,68;92,50;1,80
22,09.2019 10:55:51;34.4;2.78;303.5;562.504145055194;293.76;Module 1,6_14;599.03;95,63;34,54;2,70;93,40;2,23
22,09.2019 10:57:46;34.2;2.83;303.5;567.6379468452466;293.7;Module 1,6_14;604.15;96,79;34,54;2,73;94,29;2,49
22,09.2019 10:59:39;34.2;2.84;303.5;575.1713889613668;293.6;Module 1,6_14;611.83;97,13;34,55;2,77;95,60;1,53
22,09.2019 11:01:34;34.3;2.85;303.5;582.7116788511651;293.88;Module 1,6_14;619.51;97,75;34,55;2,81;96,91;0,84
22,09.2019 11:03:29;34.4;2.86;304;585.4346794419497;293.93;Module 1,6_14;622.07;98,38;34,46;2,82;97,14;1,24
22,09.2019 11:05:54;34.4;2.89;304;593.0551554463995;294.14;Module 1,6_14;629.75;99,42;34,46;2,86;98,46;0,95
22,09.2019 11:07:46;34.4;2.93;304;598.1756595579668;294.1;Module 1,6_14;634.87;100,79;34,46;2,88;99,35;1,44
22,09.2019 11:09:39;34.3;2.97;304;605.7108460655622;293.97;Module 1,6_14;642.55;101,87;34,46;2,92;100,65;1,22
22,09.2019 11:11:31;34.1;3.01;304;610.8301815729538;293.89;Module 1,6_14;647.67;102,64;34,46;2,95;101,54;1,10
22,09.2019 11:13:24;33.9;3.05;304;618.3664599930111;294.01;Module 1,6_14;655.35;103,39;34,47;2,98;102,84;0,56
22,09.2019 11:15:21;33.9;3.08;304;624.2808232965672;294.2;Module 1,6_14;661.3;104,41;34,47;3,01;103,86;0,55
22,09.2019 11:17:15;33.8;3.11;305.1;628.5435965832402;294.21;Module 1,6_14;665.51;105,12;34,27;3,03;104,02;1,10
22,09.2019 11:19:18;33.9;3.1;305.1;629.6800239560289;294.45;Module 1,6_14;666.39;105,09;34,27;3,04;104,21;0,88
22,09.2019 11:21:15;33.9;3.15;305.1;640.0890910030523;294.59;Module 1,6_14;677.1;106,78;34,27;3,09;106,00;0,79
22,09.2019 11:23:09;33.8;3.18;305.1;645.7465345237626;294.87;Module 1,6_14;682.79;107,48;34,27;3,12;106,97;0,52
22,09.2019 11:25:07;33.7;3.19;305.1;651.2141096228338;295.25;Module 1,6_14;688.27;107,50;34,27;3,15;107,90;-0,40
22,09.2019 11:27:00;33.7;3.22;305.1;655.2205229456149;295.6;Module 1,6_14;692.22;108,51;34,27;3,17;108,59;-0,07
22,09.2019 11:28:53;33.6;3.24;305.1;659.5468786200715;295.86;Module 1,6_14;696.51;108,86;34,27;3,19;109,33;-0,47
22,09.2019 11:30:46;33.4;3.28;305.1;663.3410198167533;296.36;Module 1,6_14;700.24;109,55;34,27;3,21;109,98;-0,43
22,09.2019 11:32:51;33.2;3.32;307.6;667.9468308890655;296.75;Module 1,6_14;704.8;110,22;33,82;3,23;109,36;0,86
22,09.2019 11:34:44;33.2;3.33;307.6;672.0116736473493;296.84;Module 1,6_14;708.82;110,56;33,82;3,25;110,05;0,51
22,09.2019 11:36:49;33.3;3.36;309.6;677.590236305078;296.73;Module 1,6_14;714.41;111,89;33,47;3,28;109,84;2,05
22,09.2019 11:38:54;33.3;3.39;309.6;683.8221778412965;296.64;Module 1,6_14;720.69;112,89;33,46;3,31;110,88;2,01
22,09.2019 11:40:47;33.2;3.42;309.6;689.2395903680566;296.71;Module 1,6_14;726.14;113,54;33,46;3,34;111,78;1,76
22,09.2019 11:42:46;33.1;3.45;309.6;693.5770430056602;296.89;Module 1,6_14;730.44;114,20;33,46;3,36;112,50;1,69
22,09.2019 11:44:47;33;3.48;309.6;700.7759636550023;296.91;Module 1,6_14;737.75;114,84;33,46;3,40;113,70;1,14
22,09.2019 11:46:52;33;3.51;309.6;708.6485041413476;297.11;Module 1,6_14;745.76;115,83;33,46;3,44;115,01;0,82
22,09.2019 11:48:55;33;3.51;309.6;712.7720104024629;297.12;Module 1,6_14;749.83;115,83;33,46;3,46;115,69;0,14
22,09.2019 11:51:04;33;3.56;310.1;719.6061255758386;296.92;Module 1,6_14;756.74;117,48;33,37;3,49;116,52;0,96
22,09.2019 11:53:14;33;3.58;310.1;724.6818121628162;296.76;Module 1,6_14;761.8;118,14;33,37;3,52;117,36;0,78
22,09.2019 11:55:07;33;3.6;311.6;730.7114901528064;296.84;Module 1,6_14;767.9;118,80;33,09;3,55;117,42;1,38
22,09.2019 11:56:59;32.9;3.64;311.6;736.9672081703085;297;Module 1,6_14;774.24;119,76;33,09;3,58;118,45;1,31
22,09.2019 11:58:58;32.9;3.66;311.6;740.8940038666943;297.18;Module 1,6_14;778.12;120,41;33,09;3,60;119,09;1,32
22,09.2019 12:01:11;32.8;3.69;311.6;745.9028744227093;297.25;Module 1,6_14;783.11;121,03;33,09;3,62;119,91;1,12
22,09.2019 12:03:06;32.9;3.7;311.6;750.3516131041843;297.03;Module 1,6_14;787.55;121,73;33,09;3,65;120,64;1,09
22,09.2019 12:05:00;32.9;3.73;311.6;755.6738234713812;297.02;Module 1,6_14;792.91;122,72;33,09;3,67;121,51;1,21
22,09.2019 12:07:01;32.9;3.73;311.6;760.4170265168539;297.17;Module 1,6_14;797.65;122,72;33,09;3,70;122,29;0,43
22,09.2019 12:09:06;33;3.74;311.6;763.8786050223414;296.92;Module 1,6_14;801.04;123,42;33,08;3,71;122,85;0,57
22,09.2019 12:11:00;33;3.77;311.6;769.6263037021379;296.79;Module 1,6_14;806.85;124,41;33,08;3,74;123,79;0,62
22,09.2019 12:12:54;32.9;3.79;311.6;774.018482728492;296.88;Module 1,6_14;811.24;124,69;33,08;3,76;124,51;0,18
22,09.2019 12:15:09;32.8;3.81;311.6;780.4122242423564;297.17;Module 1,6_14;817.69;124,97;33,07;3,80;125,55;-0,58
22,09.2019 12:17:04;32.8;3.83;311.6;783.896501430394;297.38;Module 1,6_14;821.13;125,62;33,07;3,81;126,12;-0,49
22,09.2019 12:18:58;32.7;3.86;312.1;788.9623186758844;297.67;Module 1,6_14;826.23;126,22;32,98;3,84;126,60;-0,38
22,09.2019 12:20:54;32.7;3.89;312.1;792.1966377684316;297.83;Module 1,6_14;829.41;127,20;32,98;3,86;127,13;0,07
22,09.2019 12:22:54;32.7;3.92;312.1;797.317695844622;298.17;Module 1,6_14;834.56;128,18;32,98;3,88;127,96;0,22
22,09.2019 12:24:49;32.6;3.92;312.1;799.7822465678227;298.37;Module 1,6_14;836.94;127,79;32,98;3,89;128,36;-0,57
22,09.2019 12:26:42;32.5;3.94;312.1;800.8266524808311;298.68;Module 1,6_14;837.84;128,05;32,97;3,90;128,53;-0,48
22,09.2019 12:28:42;32.5;3.94;313.6;800.5600339702657;298.67;Module 1,6_14;837.36;128,05;32,70;3,90;127,45;0,60
22,09.2019 12:30:34;32.7;3.95;313.6;813.8848180426372;298.87;Module 1,6_14;851.11;129,17;32,70;3,96;129,59;-0,43
22,09.2019 12:32:27;32.8;3.25;314.1;684.2691901525285;298.81;Module 1,6_14;715.41;106,60;32,66;3,32;108,32;-1,72
22,09.2019 12:34:20;32.8;3.4;314.1;690.9020922786788;298.48;Module 1,6_14;722.19;111,52;32,66;3,35;109,40;2,12
22,09.2019 12:36:17;32.9;4.05;314.1;816.6724794459535;298.32;Module 1,6_14;853.47;133,24;32,60;3,98;129,69;3,56
22,09.2019 12:38:17;32.8;4.09;314.1;841.238392011431;298.53;Module 1,6_14;878.95;134,15;32,59;4,10;133,61;0,54
22,09.2019 12:40:10;32.6;4.11;314.1;845.8029404338097;298.86;Module 1,6_14;883.54;133,99;32,59;4,12;134,34;-0,36
22,09.2019 12:42:05;32.5;4.13;314.1;848.6074492683662;299.22;Module 1,6_14;886.29;134,22;32,59;4,14;134,79;-0,56
22,09.2019 12:44:00;32.5;4.14;314.1;850.4043810324983;299.42;Module 1,6_14;887.99;134,55;32,59;4,15;135,08;-0,53
22,09.2019 12:45:56;32.5;4.11;315.6;845.2558511441705;299.35;Module 1,6_14;882.44;133,58;32,32;4,12;133,15;0,42
22,09.2019 12:48:08;32.4;3.94;315.6;810.8073736167306;299.4;Module 1,6_14;846.29;127,66;32,34;3,95;127,69;-0,04
22,09.2019 12:50:00;32.2;4.08;315.6;843.6415441608913;299.62;Module 1,6_14;880.4;131,38;32,32;4,11;132,90;-1,52
22,09.2019 12:51:58;32.3;4.17;315.6;846.9831523337382;299.91;Module 1,6_14;883.72;134,69;32,32;4,13;133,43;1,26
22,09.2019 12:53:59;32.2;4.18;315.6;854.3339239615916;300.16;Module 1,6_14;891.22;134,60;32,31;4,17;134,59;0,01
22,09.2019 12:55:56;32.1;4.06;315.6;824.4877459314936;300.32;Module 1,6_14;859.93;130,33;32,33;4,02;129,86;0,46
22,09.2019 12:58:01;32.2;4.11;315.6;835.5470623146003;300.66;Module 1,6_14;871.3;132,34;32,33;4,07;131,62;0,72
22,09.2019 12:59:58;32.2;3.79;315.6;767.2483214389176;300.85;Module 1,6_14;799.94;122,04;32,37;3,73;120,75;1,28
22,09.2019 13:01:54;32.2;4.24;315.6;861.8010851488375;301.06;Module 1,6_14;898.37;136,53;32,30;4,20;135,77;0,76
22,09.2019 13:03:54;32.1;4.1;315.6;828.1948248149516;300.75;Module 1,6_14;863.19;131,61;32,33;4,04;130,45;1,16
22,09.2019 13:05:53;32.1;4.12;315.6;835.5393217549451;300.69;Module 1,6_14;870.7;132,25;32,33;4,07;131,62;0,64
22,09.2019 13:07:47;32;4.13;315.6;842.6761843335703;300.75;Module 1,6_14;878;132,16;32,32;4,11;132,75;-0,59
22,09.2019 13:09:30;32;4.14;316.1;842.3514234397708;300.89;Module 1,6_14;877.54;132,48;32,23;4,11;132,33;0,15
22,09.2019 13:11:23;32;4.28;316.1;867.9471343569753;300.96;Module 1,6_14;904.07;136,96;32,21;4,23;136,36;0,60
22,09.2019 13:13:16;31.9;4.01;316.1;817.1459964496469;300.79;Module 1,6_14;851.03;127,92;32,25;3,98;128,34;-0,43
22,09.2019 13:15:11;32;4.35;317.6;885.6692925418422;300.65;Module 1,6_14;922.26;139,20;31,93;4,32;137,98;1,22
22,09.2019 13:17:04;31.9;4.37;317.6;891.0475989969916;300.58;Module 1,6_14;927.73;139,40;31,92;4,35;138,82;0,59
22,09.2019 13:19:08;31.8;4.37;317.6;886.1295066909906;300.76;Module 1,6_14;922.47;138,97;31,93;4,32;138,05;0,91
22,09.2019 13:21:09;31.9;4.41;317.6;900.1209108385589;300.92;Module 1,6_14;936.9;140,68;31,91;4,39;140,23;0,45
22,09.2019 13:23:02;31.8;4.31;317.6;876.265947433995;301.17;Module 1,6_14;911.95;137,06;31,94;4,27;136,52;0,54
22,09.2019 13:24:55;31.7;4.3;317.6;880.2808296429578;301.28;Module 1,6_14;916.01;136,31;31,94;4,29;137,14;-0,83
22,09.2019 13:26:48;31.8;4.48;317.6;913.1086381929351;301.6;Module 1,6_14;950.05;142,46;31,91;4,46;142,24;0,22
22,09.2019 13:28:42;31.5;3.48;317.6;698.8093468131624;301.8;Module 1,6_14;726.99;109,62;32,02;3,39;108,57;1,05
22,09.2019 13:30:35;31.5;2.72;317.6;536.5023164859396;301.35;Module 1,6_14;558.07;85,68;31,98;2,58;82,52;3,16
22,09.2019 13:32:28;31.9;2.52;317.6;526.7205471310001;301.03;Module 1,6_14;547.83;80,39;31,98;2,53;80,94;-0,55
22,09.2019 13:34:28;32.7;3.51;317.6;791.5964713667994;300.67;Module 1,6_14;823.22;114,78;31,99;3,85;123,26;-8,48
22,09.2019 13:36:21;32.4;3.99;317.6;800.9376914039536;300.5;Module 1,6_14;832.84;129,28;31,98;3,90;124,73;4,55
22,09.2019 13:38:15;32.2;4.11;316.1;843.740835661101;300.38;Module 1,6_14;877.25;132,34;32,23;4,11;132,55;-0,20
22,09.2019 13:40:08;32.4;4.43;316.1;909.2129287299346;300.22;Module 1,6_14;945.22;143,53;32,18;4,44;142,83;0,70
22,09.2019 13:42:07;32.2;4.43;316.1;905.0427710661468;300.46;Module 1,6_14;940.78;142,65;32,18;4,42;142,18;0,47
22,09.2019 13:44:03;31.9;4.25;316.1;872.6960254014635;300.94;Module 1,6_14;907.06;135,57;32,21;4,26;137,11;-1,53
22,09.2019 13:45:54;32;4.27;316.1;879.5081116895922;300.89;Module 1,6_14;914.05;136,64;32,20;4,29;138,18;-1,54
22,09.2019 13:48:10;31.9;4.36;317.6;882.7585524650058;301.01;Module 1,6_14;917.32;139,08;31,93;4,31;137,53;1,56
22,09.2019 13:50:20;31.9;4.38;317.6;878.3509031814544;301.64;Module 1,6_14;912.64;139,72;31,94;4,28;136,84;2,88
22,09.2019 13:52:13;31.9;4.21;317.6;859.3357365814942;301.61;Module 1,6_14;892.8;134,30;31,95;4,19;133,88;0,42
22,09.2019 13:54:06;31.8;3.87;317.6;801.0215121675506;301.77;Module 1,6_14;832.14;123,07;31,98;3,90;124,74;-1,68
22,09.2019 13:55:59;31.7;3.92;318.1;804.0952764398785;302.11;Module 1,6_14;835.26;124,26;31,90;3,91;124,87;-0,61
22,09.2019 13:57:54;31.7;3.82;318.1;781.5976156270583;302.28;Module 1,6_14;811.82;121,09;31,91;3,80;121,34;-0,25
22,09.2019 13:59:49;31.7;3.79;318.1;781.326453405507;302.53;Module 1,6_14;811.47;120,14;31,91;3,80;121,30;-1,16
22,09.2019 14:01:44;31.9;4.19;319.7;859.7633726145298;302.69;Module 1,6_14;892.86;133,66;31,57;4,19;132,36;1,30
22,09.2019 14:03:41;31.6;3.78;319.7;753.892054825765;302.89;Module 1,6_14;782.85;119,45;31,63;3,66;115,93;3,52
22,09.2019 14:05:50;31.5;3.26;319.7;658.8226389031813;302.97;Module 1,6_14;684.07;102,69;31,65;3,19;100,99;1,70
22,09.2019 14:07:44;31.7;3.61;319.7;733.2946634212531;302.59;Module 1,6_14;761.34;114,44;31,64;3,56;112,70;1,73
22,09.2019 14:09:45;31.8;3.64;319.7;773.1893649362644;302.34;Module 1,6_14;802.7;115,75;31,63;3,76;118,94;-3,19
22,09.2019 14:11:39;31.7;2.68;319.7;525.2595834634893;302.17;Module 1,6_14;545.27;84,96;31,59;2,52;79,76;5,20
22,09.2019 14:13:35;32;4.12;319.7;868.677356491628;302.01;Module 1,6_14;901.71;131,84;31,56;4,24;133,73;-1,89
22,09.2019 14:15:28;32;3.87;319.7;817.7091422999911;301.96;Module 1,6_14;848.75;123,84;31,60;3,98;125,86;-2,02
22,09.2019 14:17:23;32;3.96;319.7;805.9088943133263;302.21;Module 1,6_14;836.45;126,72;31,61;3,92;124,03;2,69
22,09.2019 14:19:18;31.7;4.05;319.7;817.4712210412813;302.57;Module 1,6_14;848.4;128,38;31,60;3,98;125,82;2,56
22,09.2019 14:21:13;31.8;3.8;319.7;780.1784209767111;302.86;Module 1,6_14;809.65;120,84;31,62;3,80;120,03;0,81
22,09.2019 14:23:14;31.6;3.31;319.7;715.3403770004297;303.15;Module 1,6_14;742.32;104,60;31,64;3,47;109,89;-5,29
22,09.2019 14:24:19;32;3.71;319.7;762.6014509825824;303.28;Module 1,6_14;791.34;118,72;31,63;3,71;117,29;1,43
22,09.2019 14:26:17;32;3.56;319.7;732.514847772166;303.1;Module 1,6_14;760.08;113,92;31,64;3,56;112,58;1,34
22,09.2019 14:28:09;32.1;3.55;319.7;731.7012079342385;302.93;Module 1,6_14;759.2;113,95;31,64;3,55;112,45;1,50
22,09.2019 14:30:04;32.1;3.32;319.7;704.9116204795669;302.71;Module 1,6_14;731.37;106,57;31,65;3,42;108,25;-1,68
22,09.2019 14:31:58;32.3;3.94;319.7;828.0565349677199;302.47;Module 1,6_14;859.1;127,26;31,59;4,03;127,46;-0,20
22,09.2019 14:34:07;32.1;4.13;317.6;837.714402798551;302.97;Module 1,6_14;869.08;132,57;31,96;4,08;130,50;2,07
22,09.2019 14:36:02;32;4.07;317.6;809.743910541819;303.23;Module 1,6_14;840.03;130,24;31,98;3,94;126,11;4,13
22,09.2019 14:38:10;31.8;4.19;317.6;853.1458501018393;303.39;Module 1,6_14;885.02;133,24;31,95;4,16;132,91;0,33
22,09.2019 14:40:04;31.7;4.54;317.6;930.5651898991151;303.74;Module 1,6_14;965.3;143,92;31,89;4,54;144,94;-1,02
22,09.2019 14:41:57;31.7;4.34;317.6;890.4504731587897;303.83;Module 1,6_14;923.66;137,58;31,92;4,35;138,72;-1,15
22,09.2019 14:43:56;31.6;4.24;319.7;871.3300296607626;303.6;Module 1,6_14;903.8;133,98;31,56;4,25;134,14;-0,16
22,09.2019 14:45:53;31.7;4.31;319.7;881.3794777395391;303.29;Module 1,6_14;914.2;136,63;31,55;4,30;135,69;0,94
22,09.2019 14:47:46;31.6;4.02;319.7;815.3765857192474;303.37;Module 1,6_14;845.72;127,03;31,60;3,97;125,50;1,54
22,09.2019 14:49:42;31.6;3.83;319.7;787.2792828281983;303.4;Module 1,6_14;816.56;121,03;31,62;3,83;121,13;-0,10
22,09.2019 14:51:35;31.8;3.95;319.7;817.1437361883268;303.39;Module 1,6_14;847.52;125,61;31,60;3,98;125,77;-0,16
22,09.2019 14:53:41;31.7;3.73;319.7;733.0623402553828;303.43;Module 1,6_14;760.3;118,24;31,64;3,56;112,67;5,57
22,09.2019 14:55:36;31.7;3.84;319.7;806.1765059855247;303.42;Module 1,6_14;836.12;121,73;31,61;3,93;124,07;-2,34
22,09.2019 14:57:29;31.6;3.26;319.7;655.6252914484594;303.22;Module 1,6_14;679.97;103,02;31,65;3,18;100,49;2,53
22,09.2019 14:59:46;31.8;3.22;319.7;654.4837752024525;303.05;Module 1,6_14;678.78;102,40;31,65;3,17;100,31;2,09
22,09.2019 15:01:38;31.9;3.11;319.7;634.1612203882881;302.57;Module 1,6_14;657.7;99,21;31,65;3,07;97,09;2,12
22,09.2019 15:03:31;32.2;3.32;319.7;677.8220887550309;302.42;Module 1,6_14;702.98;106,90;31,65;3,29;103,99;2,92
22,09.2019 15:05:24;32.2;3.16;319.7;653.0415188113329;302.53;Module 1,6_14;677.28;101,75;31,65;3,16;100,08;1,67
22,09.2019 15:07:40;32.3;3.36;319.7;680.4031313083552;302.57;Module 1,6_14;705.66;108,53;31,65;3,30;104,40;4,13
22,09.2019 15:09:41;32.3;3.43;318.1;699.6729310597035;302.83;Module 1,6_14;725.65;110,79;31,94;3,39;108,40;2,39
22,09.2019 15:11:37;32.2;3.59;318.1;740.5578254792101;303.07;Module 1,6_14;768.06;115,60;31,92;3,60;114,88;0,72
22,09.2019 15:13:41;32.2;3.44;317.6;713.0979407008901;303.6;Module 1,6_14;739.59;110,77;32,02;3,46;110,84;-0,07
22,09.2019 15:15:37;32.2;3.31;317.6;700.8229398675535;303.65;Module 1,6_14;726.87;106,58;32,02;3,40;108,89;-2,31
22,09.2019 15:17:32;32;2.61;317.6;547.9350710236647;303.39;Module 1,6_14;568.31;83,52;31,99;2,64;84,37;-0,85
22,09.2019 15:19:28;32.5;3.2;317.6;649.8897850075401;303.03;Module 1,6_14;674.07;104,00;32,03;3,15;100,76;3,24
22,09.2019 15:21:31;32.4;3.55;317.6;727.5896606699343;303.21;Module 1,6_14;754.68;115,02;32,02;3,53;113,14;1,88
22,09.2019 15:23:24;32.1;3.36;317.6;694.3773185434591;303.7;Module 1,6_14;720.25;107,86;32,02;3,37;107,86;-0,01
22,09.2019 15:25:07;32.1;3.31;317.6;683.9375370046398;304.19;Module 1,6_14;709.44;106,25;32,03;3,32;106,20;0,05
22,09.2019 15:27:00;32.1;3.52;317.6;716.605778375895;304.27;Module 1,6_14;743.35;112,99;32,02;3,48;111,40;1,59
22,09.2019 15:29:11;32.1;3.52;317.6;704.4594668805803;304.36;Module 1,6_14;730.78;112,99;32,02;3,42;109,47;3,52
22,09.2019 15:31:05;32.1;3.49;317.6;714.717628233735;304.39;Module 1,6_14;741.45;112,03;32,02;3,47;111,10;0,93
22,09.2019 15:33:01;32.2;3.74;317.6;771.5770277884815;304.72;Module 1,6_14;800.47;120,43;32,00;3,75;120,10;0,32
22,09.2019 15:35:25;32;3.68;317.6;758.7427008919226;305.02;Module 1,6_14;787.2;117,76;32,01;3,69;118,08;-0,32
22,09.2019 15:37:20;32;3.54;318.1;724.8277007973774;305.14;Module 1,6_14;752.05;113,28;31,93;3,52;112,39;0,89
22,09.2019 15:39:36;31.9;3.7;318.1;759.19768468107;305.42;Module 1,6_14;787.76;118,03;31,91;3,69;117,82;0,21
22,09.2019 15:41:30;31.9;3.31;319.7;663.489867676538;305.42;Module 1,6_14;688.49;105,59;31,65;3,21;101,73;3,86
22,09.2019 15:43:24;31.9;2.86;319.7;574.777188640276;305.17;Module 1,6_14;596.47;91,23;31,63;2,77;87,66;3,57
22,09.2019 15:45:18;31.9;2.55;319.7;515.5393757733663;304.93;Module 1,6_14;535.03;81,34;31,59;2,48;78,21;3,14
22,09.2019 15:47:27;32.3;2.54;319.7;522.9003510774363;304.85;Module 1,6_14;542.71;82,04;31,59;2,51;79,38;2,66
22,09.2019 15:49:53;32.2;2.33;317.6;475.9927550803817;304.35;Module 1,6_14;494.07;75,03;31,93;2,28;72,72;2,31
22,09.2019 15:51:50;32.5;2.68;317.6;542.5421638253512;304.1;Module 1,6_14;563.19;87,10;31,99;2,61;83,50;3,60
22,09.2019 15:53:43;32.5;2.26;317.6;448.79379642966035;303.85;Module 1,6_14;465.91;73,45;31,89;2,14;68,30;5,15
22,09.2019 15:55:44;32.6;2.34;317.6;517.795290929324;303.67;Module 1,6_14;537.59;76,28;31,97;2,49;79,50;-3,21
22,09.2019 15:57:45;32.6;2.51;317.6;505.4203332235758;303.42;Module 1,6_14;524.79;81,83;31,96;2,42;77,49;4,33
22,09.2019 15:59:42;32.5;2.55;316.1;515.2346350203787;302.84;Module 1,6_14;535.03;82,88;32,24;2,47;79,74;3,13
22,09.2019 16:01:35;32.4;1.85;316.1;377.14351082242206;302.43;Module 1,6_14;391.67;59,94;32,02;1,78;57,10;2,84
22,09.2019 16:04:10;33.3;3.04;316.1;631.055313798019;302.04;Module 1,6_14;655.45;101,23;32,30;3,05;98,56;2,67
22,09.2019 16:06:02;33;2.76;315.6;554.4960918373445;302.05;Module 1,6_14;575.99;91,08;32,36;2,67;86,38;4,70
22,09.2019 16:07:57;32.5;2.06;315.6;428.7613847266092;302.01;Module 1,6_14;445.43;66,95;32,22;2,04;65,76;1,19
22,09.2019 16:09:49;32.6;1.98;315.6;399.1469048510442;301.81;Module 1,6_14;414.71;64,55;32,16;1,89;60,88;3,67
22,09.2019 16:11:53;32.8;2.04;315.6;411.41422105208255;301.7;Module 1,6_14;427.51;66,91;32,19;1,95;62,90;4,01
22,09.2019 16:13:52;32.6;1.76;315.6;352.24267597427803;301.52;Module 1,6_14;366.07;57,38;32,05;1,66;53,15;4,23
22,09.2019 16:15:46;32.6;1.58;313.6;309.00919806864846;301.24;Module 1,6_14;321.18;51,51;32,27;1,44;46,51;4,99
22,09.2019 16:19:41;32.7;1.5;312.1;306.4617020514119;300.76;Module 1,6_14;318.62;49,05;32,53;1,43;46,46;2,59
22,09.2019 16:21:35;33;1.72;312.1;342.2034508878233;300.65;Module 1,6_14;355.83;56,76;32,66;1,61;52,47;4,29
22,09.2019 16:23:29;33;1.57;312.1;314.1141652570985;300.44;Module 1,6_14;326.67;51,81;32,56;1,47;47,74;4,07
24,09.2019 09:42:39;35.1;1.41;292;278.957913377645;286.76;Module 1,6_14;309.56;49,49;36,05;1,28;46,09;3,41
24,09.2019 09:44:32;34.8;1.28;292;287.8009331932548;286.95;Module 1,6_14;318.84;44,54;36,09;1,32;47,73;-3,19
24,09.2019 10:10:30;35.6;1.87;293.5;357.7096551424142;287.14;Module 1,6_14;389.11;66,57;36,05;1,67;60,32;6,25
24,09.2019 10:12:22;36.6;2.14;293.5;435.8276708238097;287.81;Module 1,6_14;473.59;78,32;36,20;2,06;74,73;3,59
24,09.2019 10:14:15;36.4;1.95;293.5;443.34988278474077;288.5;Module 1,6_14;481.27;70,98;36,21;2,10;76,12;-5,14
24,09.2019 10:21:54;36.7;2.12;295.5;468.753584618117;289.19;Module 1,6_14;506.87;77,80;35,89;2,23;80,05;-2,25
24,09.2019 10:25:35;36.3;2.13;296;433.99136931884124;289.85;Module 1,6_14;468.47;77,32;35,76;2,06;73,54;3,78
24,09.2019 10:27:36;36.5;2.18;296;458.1243748934949;290.31;Module 1,6_14;494.07;79,57;35,79;2,18;77,93;1,64
24,09.2019 10:29:29;36.4;2.17;296;453.7527248928364;290.69;Module 1,6_14;488.95;78,99;35,78;2,16;77,14;1,85
24,09.2019 10:31:22;36.2;2.17;297.5;449.3642943281054;291.17;Module 1,6_14;483.83;78,55;35,51;2,13;75,80;2,75
24,09.2019 10:33:15;36.1;2.24;297.5;456.8572289725111;291.55;Module 1,6_14;491.51;80,86;35,52;2,17;77,15;3,71
24,09.2019 10:35:21;35.8;2.31;298;469.15647247921964;292.05;Module 1,6_14;504.31;82,70;35,45;2,23;79,19;3,51
24,09.2019 10:37:14;35.5;2.38;298;479.0412021068478;292.4;Module 1,6_14;514.55;84,49;35,46;2,28;80,96;3,53
24,09.2019 10:39:07;35.2;2.4;299.5;484.16163069504404;292.62;Module 1,6_14;519.67;84,48;35,20;2,31;81,30;3,18
24,09.2019 10:41:02;35.3;2.39;299.5;486.9001822457532;292.97;Module 1,6_14;522.23;84,37;35,20;2,32;81,79;2,58
24,09.2019 10:42:56;35.2;2.44;299.5;499.18501287440625;293.3;Module 1,6_14;535.03;85,89;35,21;2,39;83,98;1,91
24,09.2019 10:44:48;35.2;2.5;300;511.47242888142597;293.49;Module 1,6_14;547.83;88,00;35,13;2,45;85,96;2,04
24,09.2019 10:46:41;35.2;2.52;300;514.2044823473973;293.68;Module 1,6_14;550.39;88,70;35,13;2,46;86,45;2,25
24,09.2019 10:49:05;34.9;2.46;301.5;500.26736646913434;293.81;Module 1,6_14;535.03;85,85;34,85;2,39;83,36;2,49
24,09.2019 10:50:58;34.6;2.31;301.5;435.91358380861965;293.86;Module 1,6_14;465.91;79,93;34,78;2,07;71,98;7,95
24,09.2019 10:52:52;34.5;2.55;301.5;510.4821579272905;293.74;Module 1,6_14;545.27;87,97;34,87;2,44;85,17;2,81
24,09.2019 10:54:46;34.5;2.64;303.5;532.3764688111604;293.77;Module 1,6_14;568.31;91,08;34,52;2,55;88,15;2,93
24,09.2019 10:56:39;34;2.6;303.5;518.2937125271968;294.03;Module 1,6_14;552.95;88,40;34,52;2,48;85,69;2,71
24,09.2019 10:58:32;34;2.68;303.5;537.8008258013855;294.37;Module 1,6_14;573.43;91,12;34,52;2,58;89,10;2,02
24,09.2019 11:00:26;34.2;2.7;303.5;545.3146256895551;294.64;Module 1,6_14;581.11;92,34;34,53;2,62;90,41;1,93
24,09.2019 11:02:19;34.2;2.6;303.5;528.790995674782;294.82;Module 1,6_14;563.19;88,92;34,52;2,54;87,53;1,39
24,09.2019 11:04:12;34.2;2.7;304;550.7219677650841;294.81;Module 1,6_14;586.23;92,34;34,45;2,65;91,12;1,22
24,09.2019 11:06:05;34.2;2.77;304;565.4513998057203;294.98;Module 1,6_14;601.59;94,73;34,45;2,72;93,68;1,06
24,09.2019 11:07:58;34.1;2.87;304;580.1899026416543;295.09;Module 1,6_14;616.95;97,87;34,45;2,79;96,23;1,63
24,09.2019 11:10:34;33.9;2.92;304;585.4140884155242;295.33;Module 1,6_14;622.07;98,99;34,46;2,82;97,14;1,85
24,09.2019 11:12:27;33.7;3.03;304;602.5758825863442;295.48;Module 1,6_14;639.99;102,11;34,46;2,91;100,11;2,00
24,09.2019 11:14:20;33.6;3.07;305.1;610.1022462806568;295.71;Module 1,6_14;647.67;103,15;34,27;2,94;100,85;2,30
24,09.2019 11:16:13;33.6;3.06;305.1;615.2170723264102;295.72;Module 1,6_14;652.79;102,82;34,27;2,97;101,73;1,09
24,09.2019 11:18:23;33.7;3.07;305.1;619.1854937141347;295.71;Module 1,6_14;656.65;103,46;34,27;2,99;102,41;1,05
24,09.2019 11:20:16;33.7;3.09;305.1;622.6271526609041;295.89;Module 1,6_14;660;104,13;34,27;3,01;103,00;1,13
24,09.2019 11:22:12;33.5;3.14;305.1;631.5003966850247;296.18;Module 1,6_14;669.1;105,19;34,27;3,05;104,53;0,66
24,09.2019 11:24:09;33.5;3.07;307.6;622.9287595997353;296.03;Module 1,6_14;659.72;102,84;33,82;3,01;101,75;1,09
24,09.2019 11:26:06;33.5;3.15;307.6;632.5092592917991;295.92;Module 1,6_14;669.57;105,52;33,83;3,06;103,37;2,15
24,09.2019 11:27:59;33.4;3.23;308.1;652.1288183698359;296;Module 1,6_14;690.05;107,88;33,73;3,15;106,42;1,47
24,09.2019 11:29:53;33.3;3.3;308.1;655.5947114877717;296.22;Module 1,6_14;693.43;109,89;33,73;3,17;107,00;2,89
24,09.2019 11:31:46;33.2;3.28;309.6;663.0471017184784;296.49;Module 1,6_14;701.03;108,90;33,47;3,21;107,41;1,48
24,09.2019 11:34:01;33;2.86;309.6;545.0387396772568;296.44;Module 1,6_14;575.99;94,38;33,44;2,62;87,60;6,78
24,09.2019 11:35:54;33.2;3.36;309.6;668.4247493707107;296.23;Module 1,6_14;706.11;111,55;33,47;3,24;108,31;3,24
24,09.2019 11:38:11;33.2;3.53;309.6;697.9955476523141;296.1;Module 1,6_14;737.01;117,20;33,46;3,38;113,24;3,96
24,09.2019 11:40:30;33;3.51;309.6;703.8083350524203;296.04;Module 1,6_14;742.81;115,83;33,46;3,41;114,21;1,62
24,09.2019 11:42:27;33;3.59;310.1;718.5740417492144;296.1;Module 1,6_14;758.11;118,47;33,37;3,49;116,35;2,12
24,09.2019 11:44:20;33;3.67;310.1;733.7629827724993;296.25;Module 1,6_14;773.86;121,11;33,36;3,56;118,86;2,25
24,09.2019 11:48:32;33.2;3.68;311.6;742.6675599711895;296.16;Module 1,6_14;782.65;122,18;33,09;3,61;119,38;2,79
24,09.2019 11:50:25;33;3.71;311.6;755.8442614008449;296.28;Module 1,6_14;796.27;122,43;33,09;3,67;121,54;0,89
24,09.2019 11:52:19;32.8;1.43;311.6;302.3162125493442;296.46;Module 1,6_14;318.38;46,90;32,60;1,41;45,88;1,02
24,09.2019 11:54:11;33.6;1.96;311.6;292.4867903617775;296.31;Module 1,6_14;307.93;65,86;32,56;1,36;44,22;21,63
24,09.2019 11:59:55;34.7;2.27;310.1;781.7984782104968;295.16;Module 1,6_14;822.3;78,77;33,34;3,80;126,78;-48,01
24,09.2019 12:01:50;33.6;1.63;310.1;321.36437116823913;295.03;Module 1,6_14;337.91;54,77;32,95;1,50;49,47;5,29
24,09.2019 12:04:05;33.8;3.93;310.1;865.1934649424231;294.58;Module 1,6_14;909.42;132,83;33,28;4,22;140,42;-7,59
24,09.2019 12:08:21;33.7;4.21;308.1;842.1697863157258;295.6;Module 1,6_14;884.65;141,88;33,66;4,10;138,11;3,77
24,09.2019 12:10:13;33.7;4.06;308.1;684.9850473075279;295.95;Module 1,6_14;719.34;136,82;33,73;3,32;111,94;24,88
24,09.2019 12:15:56;34.7;3.34;307.6;641.9666659225483;294.64;Module 1,6_14;673.62;115,90;33,83;3,10;104,97;10,93
24,09.2019 12:17:53;33.5;1.42;307.6;293.7766291262201;294.35;Module 1,6_14;308.18;47,57;33,30;1,36;45,36;2,21
24,09.2019 12:19:47;33.5;1.57;307.6;317.317005122025;294.07;Module 1,6_14;332.79;52,59;33,39;1,48;49,41;3,18
24,09.2019 12:22:10;36.3;4.46;307.6;913.8671411411322;294.03;Module 1,6_14;958.13;161,90;33,69;4,46;150,28;11,62
24,09.2019 12:24:05;33.7;4.8;307.6;967.1554443673937;294.82;Module 1,6_14;1013.75;161,76;33,63;4,73;158,98;2,78
24,09.2019 12:25:59;33;1.43;307.6;290.30674484141537;295.41;Module 1,6_14;304.22;47,19;33,28;1,35;44,76;2,43
24,09.2019 12:28:06;33.1;1.55;307.6;307.9744143479924;295.46;Module 1,6_14;322.65;51,31;33,36;1,43;47,81;3,50
24,09.2019 12:29:59;33.2;3.11;307.6;727.9460598867018;295.47;Module 1,6_14;762.46;103,25;33,81;3,53;119,45;-16,20
24,09.2019 12:31:52;33.8;4.75;307.6;874.3404488265861;296.11;Module 1,6_14;915.59;160,55;33,72;4,26;143,78;16,77
24,09.2019 12:33:46;32.9;5.08;307.6;1014.7521835652535;296.92;Module 1,6_14;1062.39;167,13;33,58;4,96;166,70;0,43
24,09.2019 12:41:33;33.8;2.23;309.6;425.826657833208;295.92;Module 1,6_14;445.43;75,37;33,30;2,02;67,39;7,98
24,09.2019 12:43:29;33.4;1.6;309.6;300.6347264532341;295.73;Module 1,6_14;314.41;53,44;32,96;1,40;46,07;7,37
24,09.2019 12:45:22;34.4;2.22;309.6;440.68811337412296;295.93;Module 1,6_14;460.79;76,37;33,33;2,10;69,92;6,45
24,09.2019 12:47:14;33.7;1.88;309.6;467.7092337773727;296.14;Module 1,6_14;488.95;63,36;33,37;2,23;74,51;-11,15
24,09.2019 12:49:16;34.1;2.03;309.6;423.71776335767595;296.42;Module 1,6_14;442.87;69,22;33,30;2,01;67,03;2,19
24,09.2019 12:51:50;33.6;1.96;309.6;414.0251891544947;296.64;Module 1,6_14;432.63;65,86;33,28;1,96;65,39;0,47
24,09.2019 12:53:44;35.4;1.62;309.6;384.6966380725445;296.77;Module 1,6_14;401.91;57,35;33,23;1,82;60,39;-3,04
24,09.2019 12:55:37;33;2.55;309.6;790.9459239881637;296.67;Module 1,6_14;826.19;84,15;33,42;3,85;128,62;-44,47
24,09.2019 12:57:29;34;3.66;309.6;710.5277611888393;296.57;Module 1,6_14;742.06;124,44;33,46;3,45;115,32;9,12
24,09.2019 12:59:22;34.2;1.25;309.6;306.04300307819506;296.82;Module 1,6_14;319.57;42,75;32,98;1,42;46,99;-4,24
24,09.2019 13:12:50;34.3;2.5;305.1;321.5192210057022;294.22;Module 1,6_14;335.35;85,75;33,86;1,50;50,77;34,98
24,09.2019 13:14:49;34.7;4.04;305.1;880.629216410967;294.67;Module 1,6_14;918.37;140,19;34,16;4,29;146,69;-6,50
24,09.2019 13:16:42;33.4;3.98;305.1;806.7746539773875;295.42;Module 1,6_14;841.23;132,93;34,21;3,93;134,32;-1,38
24,09.2019 13:18:42;33.5;4.21;305.1;854.7195102617148;296.42;Module 1,6_14;891.09;141,03;34,18;4,17;142,36;-1,33
24,09.2019 13:20:36;33;4.32;305.1;871.3378887637073;297.29;Module 1,6_14;908.29;142,56;34,16;4,25;145,14;-2,58
24,09.2019 13:22:37;32.7;4.12;305.1;827.2416830607857;298.07;Module 1,6_14;862.2;134,72;34,20;4,03;137,76;-3,03
24,09.2019 13:24:35;32.7;4.17;308.1;833.5921907873648;298.53;Module 1,6_14;868.7;136,36;33,66;4,06;136,70;-0,34
24,09.2019 13:26:29;32.4;4.08;308.1;823.8437569960497;298.89;Module 1,6_14;858.43;132,19;33,67;4,01;135,09;-2,89
24,09.2019 13:28:24;32.3;4.02;308.1;810.0216954611528;299.26;Module 1,6_14;843.92;129,85;33,68;3,94;132,80;-2,95
24,09.2019 13:30:22;32.5;3.3;311.6;781.0866944868507;299.5;Module 1,6_14;813.67;107,25;33,07;3,80;125,66;-18,41
24,09.2019 13:32:54;33.5;2.64;311.6;366.214434794836;299.25;Module 1,6_14;381.43;88,44;32,81;1,73;56,65;31,79
24,09.2019 13:34:47;33.7;4;312.1;810.7718954667688;298.77;Module 1,6_14;844.36;134,80;32,97;3,95;130,14;4,66
24,09.2019 13:36:42;32.7;3.52;312.1;560.5166663717833;298.75;Module 1,6_14;583.67;115,10;33,00;2,70;89,03;26,08
24,09.2019 13:38:37;33.8;1.76;312.1;349.12942364730816;298.57;Module 1,6_14;363.51;59,49;32,67;1,64;53,63;5,86
24,09.2019 13:40:30;33.5;1.82;312.1;371.2980691203339;298.39;Module 1,6_14;386.55;60,97;32,73;1,75;57,36;3,61
24,09.2019 13:42:23;32.9;3.88;312.1;773.6648322778058;298.48;Module 1,6_14;805.36;127,65;32,98;3,76;124,12;3,53
24,09.2019 13:44:17;32.5;3.51;312.1;747.0459996518571;298.88;Module 1,6_14;777.57;114,07;33,00;3,63;119,78;-5,70
24,09.2019 13:46:10;32.6;4.03;312.1;818.828410203842;299;Module 1,6_14;852.2;131,38;32,96;3,99;131,45;-0,07
24,09.2019 13:48:02;32.7;2.69;312.1;511.6683509506113;299.17;Module 1,6_14;532.47;87,96;32,96;2,45;80,89;7,08
24,09.2019 13:51:48;33.4;2.57;313.6;497.0016808487971;299.07;Module 1,6_14;517.11;85,84;32,68;2,38;77,81;8,03
24,09.2019 13:53:51;33.1;3.55;314.1;745.7821586042483;298.6;Module 1,6_14;775.88;117,50;32,64;3,62;118,29;-0,78
24,09.2019 13:55:44;32.9;3.79;314.1;867.8159991608268;298.82;Module 1,6_14;902.76;124,69;32,57;4,23;137,85;-13,16
24,09.2019 13:57:37;32.7;4.19;313.6;834.1453707595715;299.14;Module 1,6_14;867.66;137,01;32,68;4,07;132,84;4,17
24,09.2019 14:01:33;33.6;4.52;313.6;916.5073245475163;298.94;Module 1,6_14;953.17;151,87;32,62;4,48;145,97;5,90
24,09.2019 14:03:25;32.6;4;313.6;803.7805704683288;299.33;Module 1,6_14;835.87;130,40;32,70;3,91;127,97;2,43
24,09.2019 14:05:23;32.3;3.57;313.6;715.53169454884;299.65;Module 1,6_14;744.04;115,31;32,74;3,47;113,70;1,61
24,09.2019 14:07:16;32.4;3.59;313.6;758.2178035063885;299.82;Module 1,6_14;788.37;116,32;32,73;3,69;120,62;-4,31
24,09.2019 14:10:08;32.2;3.75;313.6;759.8267397352133;300.41;Module 1,6_14;789.96;120,75;32,73;3,69;120,88;-0,13
24,09.2019 14:12:04;32.1;3.6;314.1;721.9495903581692;300.69;Module 1,6_14;750.53;115,56;32,65;3,51;114,44;1,12
24,09.2019 14:13:57;32;3.67;314.1;688.2105580981205;301.03;Module 1,6_14;715.41;117,44;32,66;3,34;108,96;8,48
24,09.2019 14:15:58;32;3.66;315.6;706.6015278430323;300.89;Module 1,6_14;734.48;117,12;32,38;3,43;111,03;6,09
24,09.2019 14:18:10;31.9;2.39;315.6;394.0700183078305;300.48;Module 1,6_14;409.59;76,24;32,16;1,87;60,05;16,20
24,09.2019 14:20:03;32.9;3.92;315.6;784.9412125216032;300.14;Module 1,6_14;815.81;128,97;32,35;3,82;123,58;5,39
24,09.2019 14:21:58;32.3;1.54;315.6;311.14139496685584;300.03;Module 1,6_14;323.36;49,74;31,91;1,45;46,37;3,37
24,09.2019 14:23:57;33.2;3.37;315.6;670.2269660303035;299.68;Module 1,6_14;696.51;111,88;32,39;3,25;105,17;6,71
24,09.2019 14:25:58;33.7;3.16;315.6;684.9365411445978;299.38;Module 1,6_14;711.76;106,49;32,39;3,32;107,55;-1,05
24,09.2019 14:27:51;32.6;3.33;315.6;669.1559885265659;299.3;Module 1,6_14;695.33;108,56;32,39;3,24;105,00;3,56
24,09.2019 14:29:55;33.1;3.4;315.6;618.3917019478305;299.23;Module 1,6_14;642.55;112,54;32,38;2,99;96,78;15,76
24,09.2019 14:31:49;32.8;2.72;315.6;534.6457910402466;299.16;Module 1,6_14;555.51;89,22;32,35;2,57;83,14;6,08
24,09.2019 14:34:11;32.1;1.52;315.6;311.1237243934166;299.03;Module 1,6_14;323.25;48,79;31,91;1,45;46,37;2,43
24,09.2019 14:36:03;32.3;1.91;315.6;409.0225558500895;298.63;Module 1,6_14;424.95;61,69;32,19;1,94;62,51;-0,82
24,09.2019 14:37:58;33.3;2.69;313.6;544.5629710799025;298.5;Module 1,6_14;565.75;89,58;32,72;2,62;85,68;3,90
24,09.2019 14:39:51;33.2;3.39;313.6;611.1124453096345;298.66;Module 1,6_14;634.87;112,55;32,74;2,95;96,64;15,90
24,09.2019 14:41:46;33;3.58;313.6;745.7783851692673;299.02;Module 1,6_14;774.75;118,14;32,73;3,62;118,61;-0,47
24,09.2019 14:43:39;32.8;3.37;313.6;670.3745864149845;299.17;Module 1,6_14;696.4;110,54;32,75;3,25;106,35;4,19
24,09.2019 14:45:37;32.6;2.82;313.6;566.7989930093828;299.53;Module 1,6_14;588.79;91,93;32,73;2,73;89,35;2,58
24,09.2019 14:47:32;32.6;2.75;312.1;574.2033249544022;299.79;Module 1,6_14;596.47;89,65;33,01;2,77;91,30;-1,65
24,09.2019 14:49:35;32.7;2.41;312.1;394.3067462752218;299.75;Module 1,6_14;409.59;78,81;32,79;1,87;61,22;17,58
24,09.2019 14:51:59;32.9;2.63;313.6;561.9007836370232;299.64;Module 1,6_14;583.67;86,53;32,73;2,71;88,54;-2,02
24,09.2019 14:56:36;32.8;2.97;312.1;579.1645155226856;300.11;Module 1,6_14;601.59;97,42;33,01;2,79;92,13;5,29
24,09.2019 14:59:33;32.7;2.81;312.1;564.3799347397133;300.37;Module 1,6_14;586.23;91,89;33,00;2,72;89,67;2,22
24,09.2019 15:04:46;32.6;2.26;312.1;446.0767165848212;300.24;Module 1,6_14;463.35;73,68;32,88;2,13;69,91;3,76
24,09.2019 15:08:00;32.5;1.61;312.1;311.63769727616295;299.8;Module 1,6_14;323.71;52,33;32,55;1,45;47,33;5,00
24,09.2019 15:10:34;33.1;2.25;312.1;347.482715570835;299.56;Module 1,6_14;360.95;74,48;32,67;1,63;53,35;21,12
24,09.2019 15:12:41;32.4;1.5;312.1;290.4861083073234;299.25;Module 1,6_14;301.75;48,60;32,46;1,35;43,77;4,83
24,09.2019 15:15:14;32.9;1.88;312.1;359.7886705224149;298.89;Module 1,6_14;373.75;61,85;32,70;1,69;55,42;6,43
24,09.2019 15:17:20;33;1.55;311.6;299.817587784522;298.48;Module 1,6_14;311.46;51,15;32,59;1,39;45,46;5,69
24,09.2019 15:21:13;33.2;1.8;310.1;330.1882025495466;297.93;Module 1,6_14;343.03;59,76;32,98;1,55;50,97;8,79
24,09.2019 15:23:23;33.5;2.26;310.1;445.98684645434105;297.82;Module 1,6_14;463.35;75,71;33,25;2,12;70,64;5,07
24,09.2019 15:26:04;33.4;2.27;309.6;441.0353996950838;297.92;Module 1,6_14;458.23;75,82;33,33;2,10;69,98;5,84
24,09.2019 15:28:00;33.2;2.34;309.6;443.4807186430372;298.28;Module 1,6_14;460.79;77,69;33,34;2,11;70,39;7,29
24,09.2019 15:29:57;33.1;2.21;309.6;463.1702270941796;298.2;Module 1,6_14;481.27;73,15;33,36;2,21;73,74;-0,59
24,09.2019 15:31:49;33.4;2.54;309.6;507.493395639852;298.1;Module 1,6_14;527.35;84,84;33,41;2,43;81,25;3,59
24,09.2019 15:33:44;33.2;2.35;309.6;475.4419978930743;298.25;Module 1,6_14;494.07;78,02;33,38;2,27;75,82;2,20
24,09.2019 15:36:36;33.2;2.31;309.6;465.54921398538136;298.23;Module 1,6_14;483.83;76,69;33,37;2,22;74,14;2,55
24,09.2019 15:38:39;33.2;2.33;309.6;458.1298536675473;298.17;Module 1,6_14;476.15;77,36;33,35;2,19;72,88;4,47
24,09.2019 15:40:33;33.3;2.34;309.6;467.95265674492134;298.08;Module 1,6_14;486.39;77,92;33,37;2,23;74,55;3,37
24,09.2019 15:42:45;33.3;2.2;309.6;440.82579943349396;297.96;Module 1,6_14;458.23;73,26;33,33;2,10;69,94;3,32
24,09.2019 15:45:01;32.8;1.5;309.6;291.9477696085801;297.89;Module 1,6_14;303.5;49,20;32,93;1,35;44,59;4,61
25,09.2019 09:35:44;35.9;1.36;293.5;272.6497735882747;289.48;Module 1,6_14;305.17;48,82;35,75;1,25;44,61;4,21
25,09.2019 09:37:48;34.6;1.12;293.5;307.1292274428304;289.92;Module 1,6_14;343.03;38,75;35,89;1,42;50,98;-12,23
25,09.2019 09:39:43;34.8;1.83;294;346.7532285640438;290.42;Module 1,6_14;386.55;63,68;35,93;1,62;58,17;5,52
25,09.2019 09:41:36;34.7;1.39;294;303.66747335643794;291.03;Module 1,6_14;337.91;48,23;35,79;1,40;50,23;-1,99
25,09.2019 10:39:46;35.8;1.5;295.5;307.39148989976087;290.28;Module 1,6_14;330.23;53,70;35,54;1,42;50,57;3,13
25,09.2019 10:45:25;34.4;1.36;296;286.8941753416799;291.11;Module 1,6_14;307.56;46,78;35,37;1,32;46,71;0,07
25,09.2019 10:49:14;35.4;2.61;296;502.14262010322295;291.5;Module 1,6_14;537.59;92,39;35,84;2,40;85,92;6,47
25,09.2019 11:38:00;36.2;1.43;296;312.46135937856104;290.89;Module 1,6_14;330.23;51,77;35,47;1,45;51,38;0,39
25,09.2019 11:39:54;35.7;2.54;296;421.6228326280833;291.44;Module 1,6_14;445.43;90,68;35,73;1,99;71,29;19,39
25,09.2019 11:42:21;35;3.94;297.5;752.746501933531;292.45;Module 1,6_14;794.87;137,90;35,59;3,65;129,97;7,93
25,09.2019 11:44:17;34;2.11;297.5;371.05090875506676;293.03;Module 1,6_14;391.67;71,74;35,37;1,74;61,63;10,11
25,09.2019 11:46:10;34.3;2.86;297.5;596.8082459876885;293.45;Module 1,6_14;629.75;98,10;35,62;2,87;102,30;-4,21
25,09.2019 11:48:10;34.3;2.3;299.5;669.2875117673494;293.92;Module 1,6_14;705.97;78,89;35,26;3,24;114,11;-35,22
25,09.2019 11:50:20;33.7;1.67;299.5;332.61684821074095;294.18;Module 1,6_14;350.71;56,28;34,91;1,55;54,16;2,12
25,09.2019 11:52:13;33.7;1.47;301.5;295.3382757248344;294.06;Module 1,6_14;311.3;49,54;34,41;1,37;47,02;2,52
25,09.2019 11:56:00;34.5;3.48;301.5;721.7756903333906;293.71;Module 1,6_14;760.29;120,06;34,89;3,50;122,12;-2,06
25,09.2019 11:58:01;34.3;3.66;301.5;637.3374574927452;293.96;Module 1,6_14;671.12;125,54;34,91;3,08;107,43;18,10
25,09.2019 11:59:54;33.5;1.53;301.5;301.724896626048;293.93;Module 1,6_14;317.62;51,26;34,44;1,40;48,16;3,10
25,09.2019 12:15:46;33.9;1.5;299.5;297.96141708113015;292.13;Module 1,6_14;312.91;50,85;34,78;1,38;47,94;2,91
25,09.2019 12:19:32;33.9;1.6;299.5;304.7840398388814;292.43;Module 1,6_14;319.91;54,24;34,81;1,41;49,16;5,08
25,09.2019 12:48:40;34.2;1.57;299.5;299.45887637889143;292.14;Module 1,6_14;313.25;53,69;34,79;1,39;48,21;5,48
25,09.2019 12:50:32;34.2;1.52;298;291.9900259394646;292.14;Module 1,6_14;305.38;51,98;35,03;1,35;47,20;4,78
25,09.2019 13:06:03;34.4;1.59;299.5;308.5507063375818;292.76;Module 1,6_14;322.24;54,70;34,82;1,43;49,84;4,86
25,09.2019 13:15:55;34.5;1.54;299.5;307.9812777579838;292.87;Module 1,6_14;321.39;53,13;34,82;1,43;49,74;3,39
25,09.2019 13:17:48;34.6;2.1;299.5;409.73206593601697;292.92;Module 1,6_14;427.51;72,66;35,09;1,94;67,99;4,67
25,09.2019 13:19:45;35.6;3.07;299.5;576.6560264100946;293.3;Module 1,6_14;601.59;109,29;35,26;2,77;97,76;11,53
25,09.2019 13:21:41;34.4;3.14;299.5;670.2948685276659;293.8;Module 1,6_14;699.18;108,02;35,26;3,24;114,29;-6,27
25,09.2019 13:23:42;34.1;2.95;301.5;601.3646518156916;294.42;Module 1,6_14;627.19;100,60;34,91;2,90;101,14;-0,55
25,09.2019 13:25:36;34.2;3.56;301.5;709.7377387207428;294.9;Module 1,6_14;740.12;121,75;34,90;3,44;120,03;1,72
25,09.2019 13:27:32;33.9;3.52;303.5;712.8802582438152;295.53;Module 1,6_14;743.3;119,33;34,54;3,46;119,38;-0,06
25,09.2019 13:29:24;34.1;4.49;303.5;843.4663110883203;296.05;Module 1,6_14;879.35;153,11;34,47;4,11;141,62;11,49
25,09.2019 13:35:06;33.5;2.27;304;296.7082561037362;295.18;Module 1,6_14;309.22;76,05;33,96;1,37;46,69;29,35
25,09.2019 13:38:52;33.5;5.05;304;1012.260490076339;295.36;Module 1,6_14;1054.71;169,17;34,22;4,95;169,41;-0,24
25,09.2019 13:40:50;33.7;4.65;304;948.4860952127156;295.92;Module 1,6_14;988.15;156,71;34,29;4,63;158,85;-2,14
25,09.2019 13:42:50;33.3;4.52;304;921.3191332271357;296.7;Module 1,6_14;959.74;150,52;34,31;4,50;154,32;-3,81
25,09.2019 13:44:43;33.1;4.56;304;936.2559176145201;297.32;Module 1,6_14;975.2;150,94;34,30;4,57;156,81;-5,88
25,09.2019 13:46:36;33;4.46;307.6;919.191063634453;297.46;Module 1,6_14;957.33;147,18;33,68;4,49;151,15;-3,97
25,09.2019 13:51:14;33.3;3.79;308.1;776.24131193328;297.64;Module 1,6_14;808.26;126,21;33,70;3,77;127,19;-0,99
25,09.2019 13:53:07;33.2;4.45;308.1;903.3340984330544;297.79;Module 1,6_14;940.51;147,74;33,61;4,41;148,16;-0,42
25,09.2019 13:55:00;33.1;4.81;309.6;968.8467058920533;298.15;Module 1,6_14;1008.63;159,21;33,28;4,74;157,59;1,62
25,09.2019 13:56:54;33.6;1.35;309.6;291.33324247790665;298.07;Module 1,6_14;303.27;45,36;32,92;1,35;44,49;0,87
25,09.2019 14:02:42;34.3;2.58;308.1;450.1420386592741;296.44;Module 1,6_14;468.47;88,49;33,62;2,14;72,08;16,41
25,09.2019 14:06:42;34.1;4.77;307.6;974.2411962294918;296.68;Module 1,6_14;1013.75;162,66;33,63;4,76;160,13;2,53
25,09.2019 14:16:20;34.3;3.51;305.1;811.1241819510308;295.55;Module 1,6_14;843.74;120,39;34,21;3,95;135,05;-14,65
25,09.2019 14:18:21;33.9;4.25;305.1;865.3003093602413;296.11;Module 1,6_14;900.04;144,07;34,17;4,22;144,13;-0,06
25,09.2019 14:22:17;34.1;3.92;305.1;701.1218789707394;296.21;Module 1,6_14;729.19;133,67;34,27;3,40;116,43;17,25
25,09.2019 14:24:09;33.6;4.89;305.1;999.3914688522508;296.16;Module 1,6_14;1039.35;164,30;34,04;4,89;166,35;-2,05
25,09.2019 14:26:02;33.5;4.67;305.1;967.4357152335335;296.84;Module 1,6_14;1006.07;156,44;34,07;4,73;161,09;-4,65
25,09.2019 14:28:02;33;4.79;305.1;955.1715559830059;297.38;Module 1,6_14;993.27;158,07;34,09;4,67;159,07;-1,00
25,09.2019 14:30:12;32.8;5.05;305.1;1021.6884010501078;298.08;Module 1,6_14;1062.39;165,64;34,02;5,00;170,01;-4,37
25,09.2019 14:32:34;32.4;4.24;305.1;827.4762483438845;299.1;Module 1,6_14;860.4;137,38;34,20;4,03;137,80;-0,42
25,09.2019 14:35:18;32.6;1.88;305.1;371.7769718397455;299.41;Module 1,6_14;386.55;61,29;34,01;1,75;59,54;1,75
25,09.2019 14:41:12;32.8;1.5;310.1;300.8723967860891;297.6;Module 1,6_14;312.8;49,20;32,88;1,40;45,99;3,21
25,09.2019 14:43:08;33.5;1.98;309.6;393.9809878696551;297.07;Module 1,6_14;409.59;66,33;33,24;1,86;61,97;4,36
25,09.2019 14:45:00;33.5;2.11;309.6;361.9766129651918;296.33;Module 1,6_14;376.31;70,69;33,16;1,70;56,52;14,16
25,09.2019 14:46:56;33.7;3.92;308.1;814.3396830733031;296.09;Module 1,6_14;846.57;132,10;33,68;3,96;133,51;-1,41
25,09.2019 15:20:05;35.4;1.58;296;312.9211882746787;288.71;Module 1,6_14;325.35;55,93;35,47;1,45;51,46;4,47
25,09.2019 15:21:58;36;3.03;296;529.3459729984901;288.87;Module 1,6_14;550.39;109,08;35,85;2,53;90,85;18,23
25,09.2019 15:23:50;35.5;2.18;296;425.9210021730799;289.37;Module 1,6_14;442.87;77,39;35,74;2,02;72,07;5,32
25,09.2019 15:25:44;35.2;1.84;296;361.89334009928405;289.66;Module 1,6_14;376.31;64,77;35,62;1,70;60,40;4,37
25,09.2019 15:27:39;35;1.69;296;332.3352772517935;290.04;Module 1,6_14;345.59;59,15;35,53;1,55;55,00;4,15
25,09.2019 15:29:41;34.8;1.6;296;317.5480555783715;290.32;Module 1,6_14;330.23;55,68;35,48;1,47;52,30;3,38
25,09.2019 16:08:39;35.1;2.12;297.5;361.2025474264476;291.14;Module 1,6_14;376.31;74,41;35,34;1,69;59,85;14,56
25,09.2019 16:10:31;35;2.32;297.5;474.1722228232971;291.51;Module 1,6_14;494.07;81,20;35,54;2,26;80,28;0,92
25,09.2019 16:12:25;34.6;1.65;297.5;331.6257188966457;292.04;Module 1,6_14;345.59;57,09;35,26;1,55;54,49;2,60
25,09.2019 16:14:20;34.2;1.67;298;336.4897410597464;292.39;Module 1,6_14;350.71;57,11;35,19;1,57;55,24;1,87
25,09.2019 16:16:12;34.2;1.65;298;336.4402214953983;292.68;Module 1,6_14;350.71;56,43;35,19;1,57;55,23;1,20
25,09.2019 16:18:06;34.3;1.7;298;348.66533425850906;292.92;Module 1,6_14;363.51;58,31;35,22;1,63;57,44;0,87
25,09.2019 16:20:03;34.6;2.47;299.5;532.7368011120674;293.22;Module 1,6_14;555.51;85,46;35,23;2,55;89,96;-4,50
25,09.2019 16:22:06;34.8;2.47;299.5;333.81757314232664;293.75;Module 1,6_14;348.15;85,96;34,91;1,56;54,37;31,58
25,09.2019 16:25:59;33.9;1.4;301.5;302.4319246458267;293.68;Module 1,6_14;315.53;47,46;34,44;1,40;48,28;-0,82
25,09.2019 16:27:53;34.5;1.9;301.5;426.8607672471531;293.67;Module 1,6_14;445.43;65,55;34,77;2,02;70,37;-4,82
25,09.2019 16:29:47;34.8;3;301.5;554.3254042656685;293.6;Module 1,6_14;578.55;104,40;34,89;2,66;92,89;11,51
25,09.2019 16:31:35;34.6;1.92;301.5;380.10494878663553;293.68;Module 1,6_14;396.79;66,43;34,67;1,79;62,08;4,35
25,09.2019 16:33:28;34.4;1.85;301.5;380.0283239834362;293.68;Module 1,6_14;396.79;63,64;34,67;1,79;62,06;1,58
25,09.2019 16:43:41;35;2.36;301.5;504.46062044070635;293.04;Module 1,6_14;527.35;82,60;34,86;2,41;84,10;-1,50
25,09.2019 16:59:13;34.6;1.88;300;444.6673591958141;293.01;Module 1,6_14;465.91;65,05;35,06;2,11;74,07;-9,02
25,09.2019 17:01:06;34.9;1.94;300;317.5151155944406;293.52;Module 1,6_14;332.79;67,71;34,77;1,48;51,33;16,38
25,09.2019 17:08:51;34.2;1.56;300;409.7439340274732;293.62;Module 1,6_14;430.07;53,35;35,00;1,94;67,83;-14,48
25,09.2019 17:10:43;35.4;2.22;300;624.1438396482897;294.21;Module 1,6_14;655.35;78,59;35,17;3,01;105,90;-27,31
25,09.2019 17:22:37;34.1;1.55;301.5;305.1817964505855;294.37;Module 1,6_14;321.3;52,86;34,45;1,42;48,77;4,09
25,09.2019 17:24:32;34.3;1.59;301.5;328.0939451405741;294.42;Module 1,6_14;345.59;54,54;34,53;1,53;52,84;1,70
25,09.2019 17:28:18;34.3;2.86;301.5;594.8403662957403;295.23;Module 1,6_14;627.19;98,10;34,91;2,86;100,00;-1,90
25,09.2019 17:30:11;35;2.24;302;536.2863987049179;295.55;Module 1,6_14;565.75;78,40;34,79;2,57;89,49;-11,09
25,09.2019 17:32:06;34.6;2.44;302;504.45927256193875;296.1;Module 1,6_14;532.47;84,42;34,77;2,41;83,90;0,53
25,09.2019 17:34:06;33.9;2.78;303.5;569.6009671343555;296.14;Module 1,6_14;601.59;94,24;34,54;2,74;94,63;-0,39
25,09.2019 17:37:54;33.7;2.01;303.5;389.76478121777;295.56;Module 1,6_14;412.15;67,74;34,34;1,84;63,17;4,56
25,09.2019 17:41:41;35;1.76;303.5;348.1603271227055;295.5;Module 1,6_14;368.63;61,60;34,23;1,63;55,86;5,74
25,09.2019 17:51:09;35.6;2.25;302;486.6106603903224;294.73;Module 1,6_14;517.11;80,10;34,75;2,32;80,75;-0,65
25,09.2019 17:54:56;34.8;1.93;302;394.41009028861805;294.8;Module 1,6_14;419.83;67,16;34,62;1,86;64,46;2,70
25,09.2019 17:56:50;35.2;2.19;301.5;470.95177880548925;295.07;Module 1,6_14;501.75;77,09;34,83;2,24;78,18;-1,09
25,09.2019 17:58:55;35.2;1.99;301.5;381.65835643476237;295.57;Module 1,6_14;407.03;70,05;34,68;1,80;62,35;7,69
26,09.2019 10:27:39;34.8;1.52;296;286.753146327273;290.53;Module 1,6_14;310.01;52,90;35,37;1,32;46,68;6,21
26,09.2019 10:47:02;34.9;2.75;299.5;498.81550549734095;291.39;Module 1,6_14;535.03;95,97;35,21;2,38;83,92;12,06
26,09.2019 11:23:54;34.2;1.62;299.5;369.1169987054025;291.53;Module 1,6_14;391.67;55,40;35,01;1,73;60,71;-5,30
26,09.2019 11:25:52;34.3;1.47;299.5;306.5026148345689;291.67;Module 1,6_14;325.08;50,42;34,81;1,42;49,47;0,95
26,09.2019 11:27:45;35.6;3.75;299.5;821.6650835447513;292.08;Module 1,6_14;871.09;133,50;35,19;4,00;140,69;-7,19
26,09.2019 11:29:38;34.8;3.83;299.5;813.6811447283804;292.85;Module 1,6_14;862.26;133,28;35,20;3,96;139,31;-6,02
26,09.2019 11:31:33;34.3;3.93;299.5;682.2347410570685;293.6;Module 1,6_14;722.66;134,80;35,26;3,30;116,39;18,41
26,09.2019 11:33:55;34.3;1.93;301.5;286.7255173246666;294.21;Module 1,6_14;303.56;66,20;34,38;1,32;45,49;20,71
26,09.2019 11:35:54;33.9;3.18;301.5;587.8181256324194;294.32;Module 1,6_14;622.07;107,80;34,91;2,83;98,77;9,03
26,09.2019 11:37:46;34.1;3.17;303.5;571.1055380252807;294.53;Module 1,6_14;604.15;108,10;34,54;2,75;94,90;13,20
26,09.2019 11:39:39;33.9;2.22;303.5;597.9540528025791;294.62;Module 1,6_14;632.31;75,26;34,55;2,88;99,56;-24,30
26,09.2019 11:41:33;34.1;1.87;303.5;576.384132270015;294.88;Module 1,6_14;609.27;63,77;34,55;2,77;95,81;-32,05
26,09.2019 11:43:27;34.2;3.26;304;717.7502184713487;295.01;Module 1,6_14;758.42;111,49;34,45;3,48;119,92;-8,43
26,09.2019 11:45:29;33.6;3.64;304;711.1187977731223;295.36;Module 1,6_14;751.12;122,30;34,45;3,45;118,78;3,52
26,09.2019 11:47:21;33.6;3.75;305.1;755.4358636644747;295.57;Module 1,6_14;797.65;126,00;34,24;3,67;125,65;0,35
26,09.2019 11:49:20;33.2;2.84;305.1;637.2558745900667;295.81;Module 1,6_14;672.62;94,29;34,27;3,08;105,51;-11,22
26,09.2019 11:51:13;33.3;1.91;307.6;422.1545714229901;295.73;Module 1,6_14;445.43;63,60;33,66;2,00;67,46;-3,86
26,09.2019 11:53:07;33.2;1.4;307.6;293.7108201126508;295.27;Module 1,6_14;309.8;46,48;33,30;1,36;45,35;1,13
26,09.2019 11:55:01;33.8;2.36;307.6;388.44689432429305;294.9;Module 1,6_14;409.59;79,77;33,59;1,84;61,66;18,11
26,09.2019 11:56:51;33.7;1.74;307.6;366.7112133822713;294.63;Module 1,6_14;386.55;58,64;33,54;1,73;57,92;0,72
26,09.2019 11:58:45;34.1;2.32;307.6;507.73282199476455;294.53;Module 1,6_14;535.03;79,11;33,77;2,43;82,14;-3,02
26,09.2019 12:00:38;34.4;4.19;307.6;842.1016865404209;294.77;Module 1,6_14;887.1;144,14;33,74;4,10;138,46;5,68
26,09.2019 12:02:33;33.7;4.31;307.6;824.5110361718105;295.53;Module 1,6_14;868.3;145,25;33,76;4,02;135,55;9,70
26,09.2019 12:04:57;33.2;4.25;307.6;802.1213365897371;296.57;Module 1,6_14;844.4;141,10;33,77;3,90;131,83;9,27
26,09.2019 12:06:51;33.4;4.78;307.6;896.0486464552661;297.01;Module 1,6_14;943;159,65;33,70;4,37;147,35;12,30
26,09.2019 12:08:46;32.2;3.47;307.6;717.1527960809428;297.56;Module 1,6_14;754.51;111,73;33,81;3,48;117,64;-5,91
26,09.2019 12:10:43;32.5;3.91;309.6;545.1973210149752;297.5;Module 1,6_14;573.43;127,08;33,44;2,62;87,62;39,45
26,09.2019 12:12:35;32.4;1.87;309.6;367.6190047618663;297.14;Module 1,6_14;386.55;60,59;33,18;1,73;57,48;3,10
26,09.2019 12:14:28;33.7;2.38;310.1;717.7246874794378;297.19;Module 1,6_14;754.48;80,21;33,37;3,48;116,21;-36,01
26,09.2019 12:16:20;33.4;3.62;310.1;863.2422979797425;297.03;Module 1,6_14;907.21;120,91;33,29;4,21;140,10;-19,20
26,09.2019 12:18:13;33.9;4.22;310.1;846.0696562190949;297.11;Module 1,6_14;888.93;143,06;33,30;4,12;137,31;5,75
26,09.2019 12:20:38;32.9;3.95;310.1;798.2004464985904;297.59;Module 1,6_14;838.36;129,96;33,33;3,88;129,48;0,48
26,09.2019 12:22:34;32.4;2.18;310.1;808.091475920222;297.67;Module 1,6_14;848.53;70,63;33,33;3,93;131,10;-60,47
26,09.2019 12:24:29;33;2.22;311.6;456.0103676911116;297.68;Module 1,6_14;478.71;73,26;32,99;2,18;71,77;1,49
26,09.2019 12:26:22;33.5;3.13;311.6;521.9790526971537;297.82;Module 1,6_14;547.83;104,85;33,06;2,51;82,83;22,03
26,09.2019 12:28:15;32.3;1.55;311.6;305.86815035720366;297.78;Module 1,6_14;320.94;50,06;32,62;1,42;46,48;3,59
26,09.2019 13:18:28;33.9;1.72;301.5;360.41135497508054;294.62;Module 1,6_14;376.31;58,31;34,63;1,69;58,58;-0,27
26,09.2019 13:20:21;33.9;1.65;301.5;316.32210688110695;294.78;Module 1,6_14;330.23;55,93;34,49;1,47;50,75;5,19
26,09.2019 13:22:38;34.1;1.67;301.5;333.5422164417912;295.11;Module 1,6_14;348.15;56,95;34,55;1,56;53,81;3,14
26,09.2019 13:24:30;34;1.65;301.5;326.22724421685166;295.32;Module 1,6_14;340.47;56,10;34,52;1,52;52,51;3,59
26,09.2019 13:26:25;34.1;2.21;303.5;473.46410287155425;295.48;Module 1,6_14;494.07;75,36;34,47;2,26;77,86;-2,50
26,09.2019 13:28:17;34.3;3.33;303.5;608.4681244201105;295.83;Module 1,6_14;634.87;114,22;34,55;2,93;101,38;12,84
26,09.2019 13:30:10;34.3;2.63;303.5;510.38966310159185;296.23;Module 1,6_14;532.47;90,21;34,51;2,44;84,31;5,89
26,09.2019 13:32:03;33.2;1.54;304;294.7651001145091;296.48;Module 1,6_14;307.48;51,13;33,95;1,37;46,35;4,77
26,09.2019 13:40:05;33.5;1.66;304;316.7275490817354;295.46;Module 1,6_14;330.23;55,61;34,04;1,47;50,21;5,40
26,09.2019 13:41:59;33.6;2.14;304;414.9850547962481;295.27;Module 1,6_14;432.63;71,90;34,30;1,97;67,44;4,47
26,09.2019 13:43:52;33.8;2.17;304;424.85134812843984;295.3;Module 1,6_14;442.87;73,35;34,31;2,02;69,16;4,18
26,09.2019 13:45:48;33.6;2.11;304;422.43916059613;295.42;Module 1,6_14;440.31;70,90;34,30;2,00;68,74;2,15
26,09.2019 13:47:41;33.5;2.28;304;451.95659582541333;295.65;Module 1,6_14;471.03;76,38;34,35;2,15;73,91;2,47
26,09.2019 13:49:34;33.2;1.8;304;356.1933475279025;295.82;Module 1,6_14;371.19;59,76;34,16;1,67;57,13;2,63
26,09.2019 13:51:32;33.1;1.52;304;298.34879743530007;295.77;Module 1,6_14;310.88;50,31;33,97;1,38;46,98;3,33
26,09.2019 14:04:54;34;1.89;303.5;427.7236154975668;294.47;Module 1,6_14;445.43;64,26;34,41;2,03;69,84;-5,58
26,09.2019 14:14:19;33.3;1.96;303.5;390.9793129072283;294.96;Module 1,6_14;407.03;65,27;34,34;1,85;63,39;1,88
26,09.2019 14:16:12;34;2.75;303.5;558.2272944352258;295.21;Module 1,6_14;581.11;93,50;34,54;2,68;92,66;0,84
26,09.2019 14:18:05;33.6;2;303.5;395.9426297435086;295.55;Module 1,6_14;412.15;67,20;34,35;1,87;64,26;2,94
26,09.2019 14:20:02;33.5;2.13;303.5;425.478031197404;295.75;Module 1,6_14;442.87;71,35;34,41;2,02;69,44;1,91
26,09.2019 14:21:59;34.6;3.07;303.5;486.99015971499557;296.18;Module 1,6_14;506.87;106,22;34,48;2,33;80,22;26,00
26,09.2019 14:39:09;33.5;1.71;304;322.3070454214367;295.57;Module 1,6_14;335.35;57,28;34,06;1,50;51,18;6,10
27,09.2019 10:47:30;34.5;1.23;297.5;283.3686799938905;291.36;Module 1,6_14;304.23;42,44;35,08;1,30;45,75;-3,32
27,09.2019 10:51:15;34.9;1.38;297.5;292.0005741900768;291.7;Module 1,6_14;313.08;48,16;35,12;1,35;47,31;0,85
27,09.2019 10:53:08;35.1;1.99;297.5;394.2056547774855;291.92;Module 1,6_14;422.39;69,85;35,42;1,86;65,83;4,02
27,09.2019 10:55:13;35.5;2.18;299.5;430.34392058001765;292.5;Module 1,6_14;460.79;77,39;35,13;2,04;71,68;5,71
27,09.2019 10:57:06;35.1;1.78;299.5;354.0550262411034;292.85;Module 1,6_14;378.87;62,48;34,97;1,66;58,01;4,47
27,09.2019 10:59:01;34.5;2.23;299.5;438.05534796708645;293.15;Module 1,6_14;468.47;76,94;35,14;2,08;73,06;3,87
27,09.2019 11:01:09;34.4;2.16;300;414.3939066231302;293.49;Module 1,6_14;442.87;74,30;35,01;1,96;68,66;5,64
27,09.2019 11:03:02;34.2;1.81;300;376.28419440095473;293.66;Module 1,6_14;401.91;61,90;34,93;1,77;61,85;0,06
27,09.2019 11:04:54;34.1;1.91;301.5;374.09633012564694;293.78;Module 1,6_14;399.35;65,13;34,66;1,76;61,01;4,12
27,09.2019 11:06:47;33.9;1.86;301.5;367.1044710837537;293.88;Module 1,6_14;391.67;63,05;34,64;1,73;59,77;3,28
27,09.2019 11:08:40;34;1.69;301.5;319.2881441410635;293.85;Module 1,6_14;340.47;57,46;34,50;1,49;51,27;6,19
27,09.2019 11:10:34;33.9;1.66;301.5;321.86054457873735;293.93;Module 1,6_14;343.03;56,27;34,51;1,50;51,73;4,54
27,09.2019 11:12:27;33.9;1.57;301.5;306.4905643702622;293.86;Module 1,6_14;326.48;53,22;34,45;1,42;49,00;4,22
27,09.2019 11:14:20;33.9;1.53;302;300.3624724430759;293.82;Module 1,6_14;319.79;51,87;34,34;1,39;47,80;4,07
27,09.2019 11:16:17;33.9;1.48;302;288.35682898684826;293.79;Module 1,6_14;306.85;50,17;34,29;1,33;45,67;4,50
27,09.2019 11:18:22;33.9;1.52;302.5;302.5025815304682;293.78;Module 1,6_14;321.73;51,53;34,26;1,40;48,06;3,47
27,09.2019 11:39:29;33.8;1.57;301.5;283.8328550032628;293.18;Module 1,6_14;300.42;53,07;34,36;1,31;44,98;8,09
27,09.2019 11:43:30;33.7;1.56;301.5;319.509913062832;293.43;Module 1,6_14;337.91;52,57;34,50;1,49;51,31;1,26
27,09.2019 11:45:24;34.2;1.28;301.5;290.825404796428;293.6;Module 1,6_14;307.46;43,78;34,39;1,34;46,22;-2,44
27,09.2019 11:51:29;34.1;1.88;301.5;312.71864875125453;293.87;Module 1,6_14;330.23;64,11;34,48;1,45;50,11;14,00
27,09.2019 11:53:22;34.1;1.48;301.5;480.15412293829263;294.01;Module 1,6_14;506.87;50,47;34,84;2,29;79,81;-29,34
27,09.2019 11:55:15;33.8;2.61;301.5;460.90647732077946;294.14;Module 1,6_14;486.39;88,22;34,81;2,19;76,40;11,81
27,09.2019 11:57:08;34.6;3.27;301.5;659.6922927394828;294.49;Module 1,6_14;695.94;113,14;34,91;3,19;111,33;1,81
27,09.2019 11:59:01;34.1;4.56;301.5;893.8192422276702;295.44;Module 1,6_14;942.63;155,50;34,78;4,36;151,61;3,89
27,09.2019 12:00:54;33.8;2.12;303.5;505.05638455031624;296.09;Module 1,6_14;532.47;71,66;34,50;2,42;83,38;-11,73
27,09.2019 12:02:46;33.2;2.3;303.5;502.78167705025436;296.42;Module 1,6_14;529.91;76,36;34,50;2,41;82,99;-6,63
27,09.2019 12:04:47;33.4;1.88;303.5;376.5985152847355;296.64;Module 1,6_14;396.79;62,79;34,30;1,77;60,86;1,93
27,09.2019 12:06:45;33.3;1.65;304;315.95306838554643;296.57;Module 1,6_14;332.79;54,94;34,04;1,47;50,07;4,88
27,09.2019 12:08:37;33.2;1.63;304;320.9065440646177;296.57;Module 1,6_14;337.91;54,12;34,05;1,50;50,94;3,18
27,09.2019 12:10:35;33.6;2.97;305.1;520.4186130177407;296.51;Module 1,6_14;547.83;99,79;34,23;2,49;85,38;14,41
27,09.2019 12:12:49;33.1;1.74;305.1;355.1667212537352;296.46;Module 1,6_14;373.75;57,59;33,96;1,67;56,64;0,95
27,09.2019 12:14:42;33.6;1.78;305.1;345.53058207147546;296.67;Module 1,6_14;363.51;59,81;33,94;1,62;54,96;4,85
27,09.2019 12:16:36;33.2;1.82;305.1;369.9648336020201;296.58;Module 1,6_14;389.11;60,42;34,00;1,74;59,22;1,20
27,09.2019 12:18:40;33.5;2.07;305.1;404.15848318325544;296.6;Module 1,6_14;424.95;69,34;34,08;1,91;65,18;4,16
27,09.2019 12:20:46;33.1;1.75;305.1;360.4369912279278;296.53;Module 1,6_14;378.87;57,93;33,98;1,69;57,56;0,37
27,09.2019 12:22:39;33.7;3.95;305.1;765.7530275724112;296.85;Module 1,6_14;804.71;133,12;34,23;3,72;127,39;5,72
27,09.2019 12:24:33;33.5;4.03;307.6;747.7750737656875;297.53;Module 1,6_14;785.62;135,00;33,80;3,63;122,77;12,23
27,09.2019 12:26:36;33.6;2.48;307.6;480.14402516326084;298.03;Module 1,6_14;504.31;83,33;33,74;2,29;77,41;5,92
27,09.2019 12:28:29;32.9;2.77;307.6;639.4757073370531;298.19;Module 1,6_14;671.5;91,13;33,83;3,09;104,55;-13,42
27,09.2019 12:30:22;32.7;1.58;308.1;300.810050717539;298.36;Module 1,6_14;315.8;51,67;33,23;1,40;46,45;5,21
27,09.2019 12:34:30;33.2;1.6;309.6;317.15256764687575;297.64;Module 1,6_14;332.79;53,12;33,02;1,48;48,88;4,24
27,09.2019 12:36:32;33.1;2.52;309.6;429.48190105714275;297.28;Module 1,6_14;450.55;83,41;33,31;2,04;68,01;15,40
27,09.2019 12:50:16;33.5;1.59;305.1;334.8107264577832;295.66;Module 1,6_14;350.71;53,27;33,91;1,57;53,09;0,18
27,09.2019 12:52:11;33.5;1.5;305.1;296.9868224628104;295.66;Module 1,6_14;311.03;50,25;33,77;1,38;46,49;3,76
27,09.2019 12:54:07;33.6;1.57;305.1;307.9689861454543;295.65;Module 1,6_14;322.47;52,75;33,81;1,43;48,41;4,35
27,09.2019 12:56:00;33.5;1.46;305.1;287.97529325389286;295.69;Module 1,6_14;301.48;48,91;33,73;1,33;44,92;3,99
27,09.2019 13:02:10;33.4;1.67;304;315.61782139065326;295.58;Module 1,6_14;330.23;55,78;34,04;1,47;50,01;5,77
27,09.2019 13:09:49;33.5;1.59;303.5;302.2548330372165;295.45;Module 1,6_14;316.04;53,27;34,08;1,40;47,78;5,48
28,09.2019 09:43:01;34.8;1.3;291.5;278.1045349834801;287.39;Module 1,6_14;310.75;45,24;36,13;1,27;46,03;-0,79
28,09.2019 10:21:11;35.7;1.71;295.5;419.0668258281103;289.1;Module 1,6_14;455.67;61,05;35,82;1,98;70,99;-9,94
28,09.2019 10:23:04;35.9;2.52;295.5;523.1666324468918;289.36;Module 1,6_14;568.31;90,47;35,94;2,50;89,94;0,52
28,09.2019 10:25:25;36.8;1.8;295.5;462.4376333199917;290.1;Module 1,6_14;501.75;66,24;35,88;2,20;78,90;-12,66
28,09.2019 10:29:10;34.2;1.64;295.5;300.9345662287099;289.79;Module 1,6_14;325.93;56,09;35,52;1,39;49,38;6,70
28,09.2019 10:30:53;36.5;2.33;296;484.92901074199847;289.99;Module 1,6_14;524.79;85,05;35,82;2,31;82,80;2,24
28,09.2019 10:33:11;36.3;2.28;296;466.48750112766885;290.75;Module 1,6_14;504.31;82,76;35,80;2,22;79,45;3,31
28,09.2019 10:35:04;35.8;2.28;296;466.87247672367994;291.25;Module 1,6_14;504.31;81,62;35,80;2,22;79,52;2,10
28,09.2019 10:36:56;35.7;2.33;297.5;471.9887895348219;291.75;Module 1,6_14;509.43;83,18;35,54;2,25;79,89;3,30
28,09.2019 10:38:51;35.3;2.31;297.5;477.11369819483866;292.12;Module 1,6_14;514.55;81,54;35,55;2,27;80,81;0,73
28,09.2019 10:40:45;35.8;2.35;298.5;484.60948394743673;292.32;Module 1,6_14;522.23;84,13;35,38;2,31;81,77;2,36
28,09.2019 10:42:38;35.5;2.38;298.5;489.7269207680428;292.61;Module 1,6_14;527.35;84,49;35,38;2,34;82,69;1,80
28,09.2019 10:44:33;35.3;2.42;298.5;494.8493935928816;292.85;Module 1,6_14;532.47;85,43;35,38;2,36;83,61;1,82
28,09.2019 10:46:27;35.1;2.45;299.5;499.9673165525354;293.01;Module 1,6_14;537.59;86,00;35,21;2,39;84,12;1,87
28,09.2019 10:48:54;34.8;2.51;299.5;512.3341472687528;293.11;Module 1,6_14;550.39;87,35;35,22;2,45;86,32;1,02
28,09.2019 10:50:47;35.1;2.56;299.5;522.2191643566857;292.98;Module 1,6_14;560.63;89,86;35,23;2,50;88,09;1,77
28,09.2019 10:52:41;35.1;2.67;299.5;548.8156563631264;293.1;Module 1,6_14;588.79;93,72;35,24;2,63;92,82;0,90
28,09.2019 10:56:30;34.8;2.86;302;587.7551578217076;292.95;Module 1,6_14;629.75;99,53;34,81;2,83;98,52;1,01
28,09.2019 10:58:24;34.7;3.32;302;662.7210887164506;293.25;Module 1,6_14;709.63;115,20;34,82;3,20;111,59;3,62
28,09.2019 11:00:16;34;2.18;301.5;394.70484769251175;293.49;Module 1,6_14;422.39;74,12;34,70;1,86;64,67;9,45
28,09.2019 11:06:33;34.3;2.66;301.5;361.9092405419204;292.8;Module 1,6_14;386.55;91,24;34,63;1,70;58,85;32,39
28,09.2019 11:12:12;34.8;1.29;301.5;290.89591898333146;292.49;Module 1,6_14;310.2;44,89;34,39;1,34;46,23;-1,34
28,09.2019 11:14:05;34;3.87;301.5;716.187568670072;292.42;Module 1,6_14;763.32;131,58;34,90;3,47;121,15;10,43
28,09.2019 11:23:47;33.2;2.02;300;701.3397590207715;291.38;Module 1,6_14;745.63;67,06;35,16;3,40;119,45;-52,38
28,09.2019 11:27:35;35.4;3.07;300;676.907207288451;291.79;Module 1,6_14;719;108,68;35,17;3,27;115,17;-6,49
28,09.2019 11:53:36;35.5;4.07;297.5;770.8661194728717;290.89;Module 1,6_14;814.43;144,49;35,57;3,74;133,16;11,33
28,09.2019 11:57:22;33.7;2.4;297.5;436.4323645957784;291.47;Module 1,6_14;460.79;80,88;35,49;2,07;73,47;7,41
28,09.2019 11:59:14;35;3.11;297.5;523.8885274274596;292.06;Module 1,6_14;552.95;108,85;35,59;2,51;89,23;19,62
28,09.2019 12:06:55;33.6;3.96;298;804.0919192069247;291.32;Module 1,6_14;847.63;133,06;35,46;3,91;138,65;-5,59
28,09.2019 12:08:48;36.2;4.39;298;891.9891646993774;291.85;Module 1,6_14;940.01;158,92;35,39;4,35;153,92;5,00
28,09.2019 12:10:44;34.8;4.47;298;899.742654212863;292.64;Module 1,6_14;947.9;155,56;35,38;4,39;155,26;0,30
28,09.2019 12:12:41;34.4;4.21;299.5;699.705447803897;293.36;Module 1,6_14;736.94;144,82;35,25;3,39;119,45;25,37
28,09.2019 12:16:26;34.5;4.23;301.5;873.3682891544577;293.97;Module 1,6_14;919.34;145,94;34,80;4,26;148,14;-2,20
28,09.2019 12:18:20;33.5;3.8;301.5;900.3158912580404;294.17;Module 1,6_14;947.45;127,30;34,77;4,39;152,71;-25,41
28,09.2019 12:20:13;34.1;2.58;301.5;528.0130801184376;294.39;Module 1,6_14;555.51;87,98;34,88;2,53;88,26;-0,28
28,09.2019 12:22:26;33.3;1.71;303.5;408.90617159303406;294.45;Module 1,6_14;430.07;56,94;34,38;1,94;66,54;-9,59
28,09.2019 12:26:14;33.8;1.51;304;310.8845097706144;293.89;Module 1,6_14;326.81;51,04;34,02;1,45;49,18;1,86
28,09.2019 12:32:27;33.1;1.34;303.5;414.30871240946027;293.07;Module 1,6_14;435.19;44,35;34,38;1,96;67,48;-23,13
28,09.2019 12:38:23;35.8;1.69;302;317.0459680207291;292.8;Module 1,6_14;332.79;60,50;34,41;1,48;50,75;9,75
28,09.2019 12:45:57;34.2;1.85;301.5;361.25005097666656;292.42;Module 1,6_14;378.87;63,27;34,63;1,70;58,73;4,54
28,09.2019 12:47:49;35.4;2.35;301.5;395.50156607809765;293;Module 1,6_14;414.71;83,19;34,70;1,87;64,81;18,38
28,09.2019 12:49:42;34.4;1.67;301.5;341.8571802815576;293.1;Module 1,6_14;358.39;57,45;34,57;1,60;55,28;2,16
28,09.2019 12:51:40;34.1;2.37;301.5;446.94878192296005;293.17;Module 1,6_14;468.47;80,82;34,80;2,12;73,93;6,88
28,09.2019 12:53:37;34.3;1.99;301.5;398.1785102840481;293.33;Module 1,6_14;417.27;68,26;34,71;1,88;65,29;2,97
28,09.2019 12:55:30;34.1;2.07;301.5;430.01521690317884;293.58;Module 1,6_14;450.55;70,59;34,77;2,04;70,93;-0,35
28,09.2019 12:57:23;34.4;3.14;301.5;620.7067156882156;293.8;Module 1,6_14;650.23;108,02;34,91;2,99;104,53;3,49
28,09.2019 12:59:19;34.3;5.07;301.5;1094.9964898384576;294.56;Module 1,6_14;1146.87;173,90;34,55;5,36;185,30;-11,40
28,09.2019 13:01:20;33.2;1.59;301.5;342.24350083711005;295.03;Module 1,6_14;358.39;52,79;34,58;1,60;55,35;-2,57
28,09.2019 13:03:12;33.4;1.69;303.5;334.9659959463936;294.98;Module 1,6_14;350.71;56,45;34,20;1,57;53,54;2,91
28,09.2019 13:05:13;33.5;1.64;303.5;332.58025715585165;294.8;Module 1,6_14;348.15;54,94;34,19;1,55;53,12;1,82
28,09.2019 13:07:05;33.7;1.49;303.5;297.60786453441756;294.42;Module 1,6_14;311.49;50,21;34,06;1,38;46,97;3,25
28,09.2019 13:11:08;34;1.58;303.5;325.4068134089101;293.32;Module 1,6_14;340.47;53,72;34,16;1,52;51,86;1,86
28,09.2019 13:13:01;34.1;1.7;302;352.3747792137543;293.24;Module 1,6_14;368.63;57,97;34,52;1,65;57,01;0,96
28,09.2019 13:14:55;34.2;2.36;302;457.6696960445106;293.21;Module 1,6_14;478.71;80,71;34,72;2,18;75,65;5,07
28,09.2019 13:16:49;34.5;2.51;302;504.2462925105051;293.46;Module 1,6_14;527.35;86,59;34,77;2,41;83,86;2,74
28,09.2019 13:18:45;34.1;2.04;302;403.94402468640266;293.77;Module 1,6_14;422.39;69,56;34,63;1,91;66,15;3,42
28,09.2019 13:20:39;34.1;2.16;302;433.3836366482571;294.07;Module 1,6_14;453.11;73,66;34,69;2,06;71,36;2,30
28,09.2019 13:22:47;33.8;1.76;302;352.6360738395926;294.29;Module 1,6_14;368.63;59,49;34,52;1,65;57,06;2,43
28,09.2019 13:24:40;33.8;1.53;302;303.48751826853754;294.23;Module 1,6_14;317.21;51,71;34,35;1,41;48,35;3,36
28,09.2019 13:26:34;33.8;1.72;302;347.8302946704389;294.12;Module 1,6_14;363.51;58,14;34,50;1,63;56,21;1,93
28,09.2019 13:28:26;34;1.98;302;391.97210935087094;294.07;Module 1,6_14;409.59;67,32;34,61;1,85;64,03;3,29
28,09.2019 13:30:20;34;1.98;302;392.02125400624317;294.05;Module 1,6_14;409.59;67,32;34,61;1,85;64,04;3,28
28,09.2019 13:32:14;33.9;1.9;302;372.46528172248617;294.03;Module 1,6_14;389.11;64,41;34,56;1,75;60,57;3,84
28,09.2019 13:34:07;33.9;2.18;302;433.7789159424227;294.19;Module 1,6_14;453.11;73,90;34,69;2,06;71,43;2,48
28,09.2019 13:36:01;33.9;2.26;303.5;468.14436297053703;294.29;Module 1,6_14;488.95;76,61;34,46;2,23;76,93;-0,31
28,09.2019 13:37:56;33.8;2.04;303.5;406.91423358331997;294.45;Module 1,6_14;424.95;68,95;34,37;1,93;66,19;2,77
28,09.2019 13:39:49;33.8;2.19;303.5;441.28144486619294;294.72;Module 1,6_14;460.79;74,02;34,43;2,10;72,22;1,80
28,09.2019 13:41:42;33.9;2.34;303.5;478.106697290363;295.06;Module 1,6_14;499.19;79,33;34,48;2,28;78,67;0,66
28,09.2019 13:43:41;33.6;2.01;303.5;419.30743060052913;295.01;Module 1,6_14;437.75;67,54;34,39;1,99;68,36;-0,83
28,09.2019 13:45:33;34.1;2.36;302;480.6591367302003;295;Module 1,6_14;501.75;80,48;34,75;2,29;79,70;0,77
28,09.2019 13:47:26;33.9;2.03;302;446.36942684899725;295.01;Module 1,6_14;465.91;68,82;34,70;2,12;73,65;-4,83
28,09.2019 13:49:19;35;4.4;302;1059.6283417316881;295.17;Module 1,6_14;1105.91;154,00;34,51;5,19;179,00;-25,00
28,09.2019 13:51:47;34.6;5.25;303.5;1121.0851244037653;296.05;Module 1,6_14;1169.91;181,65;34,17;5,49;187,70;-6,05
28,09.2019 13:53:40;33.3;1.87;303.5;385.1709572332939;296.66;Module 1,6_14;401.91;62,27;34,33;1,82;62,37;-0,09
28,09.2019 13:55:34;33.9;3.19;305.1;601.1205246286199;296.7;Module 1,6_14;627.19;108,14;34,27;2,90;99,31;8,83
28,09.2019 14:28:39;34;1.7;299.5;290.7159380145921;292.37;Module 1,6_14;303;57,80;34,75;1,34;46,64;11,16
28,09.2019 14:38:02;34.1;1.56;299.5;312.19707307864894;292.85;Module 1,6_14;325.34;53,20;34,84;1,45;50,49;2,70
28,09.2019 14:41:53;34.1;1.43;299.5;288.41093990308326;293.02;Module 1,6_14;300.54;48,76;34,74;1,33;46,23;2,53
28,09.2019 14:43:50;34.1;1.48;299.5;298.09868448283214;293.03;Module 1,6_14;310.63;50,47;34,78;1,38;47,97;2,50
28,09.2019 14:45:43;34;1.45;299.5;290.8570932938233;293.1;Module 1,6_14;303.08;49,30;34,75;1,34;46,67;2,63
28,09.2019 14:55:28;34.1;1.55;299.5;313.94416565923444;293.19;Module 1,6_14;327.13;52,86;34,84;1,46;50,81;2,05
28,09.2019 14:57:21;34.2;2.09;299.5;412.7329487732891;293.35;Module 1,6_14;430.07;71,48;35,10;1,95;68,53;2,95
28,09.2019 14:59:13;35.9;4.44;299.5;857.3114054056024;293.77;Module 1,6_14;893.33;159,40;35,16;4,18;146,84;12,56
28,09.2019 15:16:38;33.7;1.7;301.5;334.0402641475497;293.78;Module 1,6_14;348.15;57,29;34,55;1,56;53,90;3,39
28,09.2019 15:18:32;33.9;1.85;301;365.95676283361155;294.02;Module 1,6_14;381.43;62,72;34,73;1,72;59,71;3,01
28,09.2019 15:20:49;33.9;1.64;301;309.16112343216537;294.17;Module 1,6_14;322.25;55,60;34,55;1,44;49,59;6,00
28,09.2019 15:58:42;35.2;2.09;295.5;402.1008348168107;291.46;Module 1,6_14;419.83;73,57;35,79;1,90;67,89;5,68
28,09.2019 16:08:16;35;1.46;296;421.419155903944;292.25;Module 1,6_14;440.31;51,10;35,73;1,99;71,25;-20,15
28,09.2019 16:10:19;34.8;3.18;297.5;335.6068537483427;292.78;Module 1,6_14;350.71;110,66;35,27;1,57;55,21;55,45
28,09.2019 16:12:16;34.1;1.51;297.5;377.19007298706265;293;Module 1,6_14;394.23;51,49;35,38;1,77;62,75;-11,26
28,09.2019 16:33:47;35.3;2.37;299.5;537.6283187563898;292.6;Module 1,6_14;563.19;83,66;35,23;2,58;90,83;-7,17
28,09.2019 16:37:41;34.5;2.61;298;508.04518369906964;293.52;Module 1,6_14;532.47;90,05;35,48;2,43;86,18;3,87
28,09.2019 16:39:36;34.3;2.91;298;610.4736471027222;293.92;Module 1,6_14;639.99;99,81;35,53;2,94;104,49;-4,68
28,09.2019 16:41:28;35;2.94;298;593.2243560532918;294.39;Module 1,6_14;622.07;102,90;35,52;2,86;101,42;1,48
28,09.2019 16:43:21;34.7;2.9;301.5;605.2654260000775;294.77;Module 1,6_14;634.87;100,63;34,91;2,92;101,83;-1,20
28,09.2019 17:14:00;33.7;1.55;298;292.2377634274373;292.28;Module 1,6_14;308.34;52,24;35,03;1,35;47,25;4,99
28,09.2019 17:31:11;34.1;1.71;299.5;330.7645920990857;292.84;Module 1,6_14;350.71;58,31;34,90;1,54;53,83;4,48
28,09.2019 18:04:32;34.5;1.4;297.5;320.8813084214169;291.83;Module 1,6_14;345.59;48,30;35,23;1,49;52,54;-4,24
28,09.2019 18:06:49;35.8;1.51;298;322.76411391799155;292.39;Module 1,6_14;348.15;54,06;35,14;1,50;52,76;1,30