date;V;I;T;G;Tamb;Name;G_orig;Pmax;V_sim;I_sim;Pmax_sim;deviation
01,09.2019 09:38:52;33.3;1.44;304;295.91002717594006;298.4;Module 1,12_9;317.71;47,95;34,29;1,35;46,13;1,82
01,09.2019 09:40:48;33.5;1.54;304;319.85347329904096;298.67;Module 1,12_9;343.03;51,59;34,41;1,47;50,48;1,11
01,09.2019 09:42:41;33.6;1.51;304;313.0253047015129;298.93;Module 1,12_9;335.35;50,74;34,38;1,43;49,24;1,49
01,09.2019 09:44:35;33.5;1.5;305.5;300.49367024416506;299.16;Module 1,12_9;321.59;50,25;34,04;1,37;46,64;3,61
01,09.2019 10:19:27;33.3;1.75;305.5;371.3487978584089;298.26;Module 1,12_9;391.67;58,27;34,33;1,73;59,44;-1,16
01,09.2019 10:23:30;34.1;2.97;306;614.8526888870941;299.29;Module 1,12_9;647.67;101,28;34,66;2,97;103,12;-1,84
01,09.2019 10:25:23;33.8;2.84;306;542.2547192943434;299.81;Module 1,12_9;570.87;95,99;34,59;2,60;90,09;5,90
01,09.2019 10:38:59;32.9;2.06;308.1;417.37779448252707;299.56;Module 1,12_9;437.75;67,77;34,00;1,97;66,92;0,85
01,09.2019 10:40:54;33.6;2.88;309.6;588.523085882626;300.03;Module 1,12_9;616.95;96,77;34,00;2,84;96,68;0,09
01,09.2019 10:44:39;32.8;2.92;309.6;606.1734068990077;300.86;Module 1,12_9;634.87;95,78;34,02;2,93;99,79;-4,01
01,09.2019 10:46:36;33;2.88;309.6;599.1173724563841;301.57;Module 1,12_9;627.19;95,04;34,02;2,90;98,55;-3,51
01,09.2019 10:48:28;32.7;2.75;309.6;560.2333377895268;302.3;Module 1,12_9;586.23;89,93;33,98;2,70;91,70;-1,77
01,09.2019 10:50:21;32.6;2.88;311.1;597.1860998531566;302.67;Module 1,12_9;624.63;93,89;33,74;2,89;97,47;-3,58
01,09.2019 10:52:17;32.5;2.84;311.1;553.368859983862;303;Module 1,12_9;578.55;92,30;33,70;2,67;89,81;2,49
01,09.2019 10:54:11;32.4;1.61;313.6;590.3421370036776;303.17;Module 1,12_9;616.95;52,16;33,29;2,86;95,06;-42,90
01,09.2019 10:58:08;32.6;2.97;313.6;615.3518728316747;303.3;Module 1,12_9;642.55;96,82;33,31;2,98;99,37;-2,55
01,09.2019 11:00:01;32.4;2.6;313.6;544.4646049289252;303.6;Module 1,12_9;568.31;84,24;33,24;2,62;87,14;-2,90
01,09.2019 11:01:54;32.4;3.02;313.6;625.6369095480217;303.58;Module 1,12_9;652.79;97,85;33,32;3,04;101,14;-3,29
01,09.2019 11:03:53;32.4;3.15;315.6;644.8846443628723;303.53;Module 1,12_9;672.61;102,06;32,97;3,14;103,37;-1,31
01,09.2019 11:05:47;31.1;1.81;315.6;395.30612884546866;303.55;Module 1,12_9;412.15;56,29;32,59;1,86;60,68;-4,39
01,09.2019 11:07:40;32.2;2.9;315.6;651.9820319450738;303.25;Module 1,12_9;679.52;93,38;32,98;3,17;104,58;-11,20
01,09.2019 11:09:41;32.6;3.21;315.6;662.6696523124126;303.02;Module 1,12_9;690.4;104,65;32,98;3,23;106,40;-1,75
01,09.2019 11:11:34;32.4;3.14;315.6;647.8420206729982;303.07;Module 1,12_9;674.72;101,74;32,97;3,15;103,88;-2,14
01,09.2019 11:13:27;32.4;3.21;315.6;663.8798232200301;303.12;Module 1,12_9;691.19;104,00;32,98;3,23;106,60;-2,60
01,09.2019 11:15:21;32.3;3.23;315.6;667.4356549872106;303.12;Module 1,12_9;694.66;104,33;32,98;3,25;107,21;-2,88
01,09.2019 11:17:14;32.2;3.17;316.1;648.6993834982296;303.31;Module 1,12_9;674.94;102,07;32,88;3,16;103,75;-1,68
01,09.2019 11:19:11;32.2;3.23;316.1;667.3830707878094;303.6;Module 1,12_9;694.15;104,01;32,89;3,25;106,92;-2,91
01,09.2019 11:21:04;32.2;3.25;316.1;670.1312821706679;303.74;Module 1,12_9;696.79;104,65;32,89;3,26;107,38;-2,73
01,09.2019 11:22:58;32.2;3.26;317.6;671.6189752063727;303.75;Module 1,12_9;698.12;104,97;32,63;3,27;106,78;-1,81
01,09.2019 11:24:51;32.2;3.27;317.6;674.4493112459318;303.75;Module 1,12_9;700.85;105,29;32,63;3,29;107,26;-1,96
01,09.2019 11:26:47;32.1;3.29;317.6;677.398547794552;303.82;Module 1,12_9;703.7;105,61;32,63;3,30;107,75;-2,14
01,09.2019 11:28:41;32;3.3;317.6;680.3905067092778;303.93;Module 1,12_9;706.6;105,60;32,63;3,32;108,25;-2,65
01,09.2019 11:30:33;32;3.37;317.6;692.6237920894707;304.01;Module 1,12_9;719.1;107,84;32,63;3,38;110,31;-2,47
01,09.2019 11:32:27;32;3.2;318.1;654.8896487052142;303.89;Module 1,12_9;679.73;102,40;32,52;3,19;103,69;-1,29
01,09.2019 11:34:47;32.1;3.43;318.1;713.0859054673143;303.92;Module 1,12_9;739.88;110,10;32,55;3,49;113,43;-3,33
01,09.2019 11:36:48;32;3.44;318.1;712.8592908084299;303.97;Module 1,12_9;739.43;110,08;32,55;3,48;113,39;-3,31
01,09.2019 11:38:41;31.9;3.46;318.1;715.5277186581993;304.12;Module 1,12_9;742;110,37;32,55;3,50;113,84;-3,46
01,09.2019 11:40:34;31.8;3.5;318.1;725.1585908063607;304.42;Module 1,12_9;751.79;111,30;32,55;3,55;115,44;-4,14
01,09.2019 11:42:30;31.8;3.55;318.1;731.2746542347901;304.78;Module 1,12_9;757.93;112,89;32,55;3,58;116,46;-3,57
01,09.2019 11:44:35;31.8;3.56;318.1;733.1975477931721;305.07;Module 1,12_9;759.71;113,21;32,55;3,59;116,78;-3,58
01,09.2019 11:46:28;31.7;3.63;320.1;741.3925312080999;305.3;Module 1,12_9;768.01;115,07;32,20;3,63;116,88;-1,81
01,09.2019 11:48:21;31.6;3.63;320.1;748.9416044002832;305.63;Module 1,12_9;775.64;114,71;32,20;3,67;118,12;-3,41
01,09.2019 11:50:20;31.6;3.62;320.1;744.6792807099422;305.71;Module 1,12_9;771.03;114,39;32,20;3,65;117,42;-3,03
01,09.2019 11:52:17;31.4;3.66;321.7;749.6537179052242;305.76;Module 1,12_9;775.99;114,92;31,91;3,67;117,20;-2,28
01,09.2019 11:54:10;31.4;3.67;321.7;755.1044814249444;305.82;Module 1,12_9;781.45;115,24;31,91;3,70;118,09;-2,85
01,09.2019 11:56:05;31.4;3.65;321.7;750.4289718564969;306.03;Module 1,12_9;776.43;114,61;31,91;3,68;117,33;-2,72
01,09.2019 11:57:58;31.4;3.66;321.7;752.2999357328997;305.83;Module 1,12_9;778.19;114,92;31,91;3,69;117,63;-2,71
01,09.2019 11:59:51;31.4;3.68;322.2;759.99973330086;305.84000000000003;Module 1,12_9;785.98;115,55;31,82;3,73;118,56;-3,01
01,09.2019 12:01:45;31.4;3.84;322.2;791.0876510075242;305.82;Module 1,12_9;817.95;120,58;31,82;3,88;123,60;-3,03
01,09.2019 12:03:41;31.3;2.6;322.2;477.9499139159251;305.77;Module 1,12_9;494.07;81,38;31,59;2,29;72,27;9,11
01,09.2019 12:05:34;31.8;4.03;322.2;844.8214460802579;305.71;Module 1,12_9;873.13;128,15;31,81;4,16;132,29;-4,13
01,09.2019 12:07:30;30.9;3.6;322.2;745.6593849035214;305.78;Module 1,12_9;770.48;111,24;31,82;3,65;116,23;-4,99
01,09.2019 12:09:25;31.4;2.81;322.2;564.9855660557505;305.83;Module 1,12_9;583.67;88,23;31,71;2,73;86,63;1,60
01,09.2019 12:11:18;31.4;4.04;322.2;849.8331878115705;305.78;Module 1,12_9;877.76;126,86;31,81;4,18;133,10;-6,24
01,09.2019 12:13:18;31.6;3.68;322.2;772.5225893510503;306.07;Module 1,12_9;797.74;116,29;31,82;3,79;120,59;-4,30
01,09.2019 12:15:11;31.4;3.99;323.7;826.255978175558;306.2;Module 1,12_9;853.06;125,29;31,55;4,06;128,21;-2,92
01,09.2019 12:17:04;31.4;4.01;323.7;820.1284091046839;306.3;Module 1,12_9;846.57;125,91;31,55;4,03;127,23;-1,31
01,09.2019 12:18:57;31.4;4.12;323.7;843.0452422511771;306.43;Module 1,12_9;870.06;129,37;31,55;4,15;130,90;-1,53
01,09.2019 12:20:52;31.1;3.29;323.7;674.0823207570398;306.57;Module 1,12_9;695.55;102,32;31,52;3,29;103,68;-1,36
01,09.2019 12:22:47;31.4;4.01;323.7;835.3678739607468;306.76;Module 1,12_9;861.81;125,91;31,55;4,11;129,67;-3,75
01,09.2019 12:24:42;30.8;2.04;324.2;402.06029286573005;306.57;Module 1,12_9;414.71;62,83;31,04;1,90;59,06;3,77
01,09.2019 12:26:38;31;2.34;324.2;568.4530978848697;306.34000000000003;Module 1,12_9;586.23;72,54;31,35;2,75;86,24;-13,70
01,09.2019 12:28:31;31.8;3.06;323.7;643.3190214696582;306.1;Module 1,12_9;663.32;97,31;31,51;3,13;98,68;-1,37
01,09.2019 12:30:24;31.5;2.36;323.7;474.28931099257363;305.65;Module 1,12_9;488.95;74,34;31,30;2,27;71,07;3,27
01,09.2019 12:32:17;31.8;4.03;323.7;830.3887873322963;305.52;Module 1,12_9;855.91;128,15;31,55;4,09;128,87;-0,72
01,09.2019 12:34:10;31.6;4.21;323.7;877.8432538796561;305.65;Module 1,12_9;904.67;133,04;31,54;4,33;136,45;-3,41
01,09.2019 12:36:03;31.5;4.27;323.7;891.8483667355423;305.89;Module 1,12_9;918.95;134,50;31,53;4,40;138,68;-4,17
01,09.2019 12:37:55;31.4;4.37;323.7;911.3097860038289;306.12;Module 1,12_9;938.85;137,22;31,52;4,50;141,77;-4,55
01,09.2019 12:39:50;31.4;2.65;323.7;611.3776105758501;306.58;Module 1,12_9;629.75;83,21;31,48;2,97;93,48;-10,27
01,09.2019 12:41:43;31.2;4.31;323.7;924.3251358784364;306.57;Module 1,12_9;951.95;134,47;31,52;4,56;143,84;-9,36
01,09.2019 12:43:37;30.9;4.48;325.7;919.208198279917;306.5;Module 1,12_9;946.53;138,43;31,16;4,54;141,40;-2,97
01,09.2019 12:45:51;30.7;4.85;325.7;1002.0744896968579;307;Module 1,12_9;1031.67;148,89;31,13;4,96;154,33;-5,44
01,09.2019 12:47:45;30.5;4.92;325.7;1039.532657055971;307.65999999999997;Module 1,12_9;1070.07;150,06;31,10;5,15;160,14;-10,08
01,09.2019 12:49:43;29.6;3.59;325.7;753.9146241235685;307.77;Module 1,12_9;775.94;106,26;31,19;3,70;115,27;-9,01
01,09.2019 12:51:36;30.7;2.96;325.7;602.0140071711346;307.67;Module 1,12_9;619.51;90,87;31,11;2,92;90,93;-0,05
01,09.2019 12:53:32;30.9;2.61;326.2;539.902281599127;307.35;Module 1,12_9;555.51;80,65;30,95;2,61;80,67;-0,02
01,09.2019 12:55:25;31.4;2.57;326.2;542.4683129021478;307.14;Module 1,12_9;558.07;80,70;30,95;2,62;81,09;-0,39
01,09.2019 12:57:18;31.3;2.18;325.7;433.0386847528624;306.85;Module 1,12_9;445.43;68,23;30,84;2,06;63,59;4,64
01,09.2019 12:59:11;31.5;2.61;325.7;565.0231521180191;306.42;Module 1,12_9;581.11;82,21;31,08;2,73;84,96;-2,74
01,09.2019 13:01:04;32.8;4.5;324.2;920.6971009856651;306.38;Module 1,12_9;946.78;147,60;31,43;4,55;142,85;4,75
01,09.2019 13:02:57;31.5;4.21;324.2;777.2007781786401;306.87;Module 1,12_9;799.11;132,62;31,46;3,81;120,00;12,62
01,09.2019 13:04:50;31.6;3.67;324.2;798.2181419582373;307.25;Module 1,12_9;820.61;115,97;31,46;3,92;123,37;-7,39
01,09.2019 13:06:56;32.2;5.5;324.2;1135.6636470966118;307.82;Module 1,12_9;1167.35;177,10;31,30;5,64;176,44;0,66
01,09.2019 13:08:58;31.2;5.01;324.2;1001.3163254161354;308.35;Module 1,12_9;1029.11;156,31;31,39;4,96;155,55;0,76
01,09.2019 13:10:53;31.3;4.83;325.7;1108.5676017955823;308.4;Module 1,12_9;1139.19;151,18;31,05;5,50;170,77;-19,59
01,09.2019 13:12:46;30.3;4.2;325.7;882.6038081395253;308.28;Module 1,12_9;906.87;127,26;31,17;4,35;135,65;-8,39
01,09.2019 13:14:39;32.3;5.19;325.7;1248.3864167764389;307.62;Module 1,12_9;1282.55;167,64;30,93;6,21;192,03;-24,39
01,09.2019 13:16:32;30.4;3.72;326.2;836.2891940708537;307.1;Module 1,12_9;859.07;113,09;31,09;4,12;127,98;-14,89
01,09.2019 13:18:27;30.6;2.18;326.2;443.6410629605535;306.68;Module 1,12_9;455.67;66,71;30,78;2,12;65,13;1,58
01,09.2019 13:20:20;31.2;2.4;325.7;483.5773358124866;305.87;Module 1,12_9;496.63;74,88;30,95;2,32;71,79;3,09
01,09.2019 13:22:16;31.6;2.21;325.7;451.2263452239515;305.35;Module 1,12_9;463.35;69,84;30,89;2,15;66,54;3,29
01,09.2019 13:24:09;31.8;2.13;325.7;436.31867753422677;304.8;Module 1,12_9;447.99;67,73;30,85;2,08;64,13;3,61
01,09.2019 13:26:02;31.8;2.01;323.7;411.43250195968585;304.78;Module 1,12_9;422.39;63,92;31,16;1,95;60,76;3,15
01,09.2019 13:27:56;31.9;2;323.7;411.47911684988975;304.82;Module 1,12_9;422.39;63,80;31,16;1,95;60,77;3,03
01,09.2019 13:29:49;32.1;2.17;323.7;433.97199062410067;304.75;Module 1,12_9;445.43;69,66;31,21;2,07;64,46;5,20
01,09.2019 13:31:44;32.1;1.9;321.7;386.62609055018186;304.49;Module 1,12_9;396.79;60,99;31,45;1,82;57,32;3,67
01,09.2019 13:33:40;32.3;1.93;321.7;399.1422364218494;304.35;Module 1,12_9;409.59;62,34;31,48;1,89;59,39;2,95
01,09.2019 13:35:33;32.4;2.08;319.6;431.6190241855231;304.19;Module 1,12_9;442.87;67,39;31,95;2,05;65,52;1,87
01,09.2019 13:37:27;32.5;2.32;319.6;474.08329745476476;304.1;Module 1,12_9;486.39;75,40;32,05;2,27;72,64;2,76
01,09.2019 13:39:26;32.6;3.3;319.6;710.914315991358;304.14;Module 1,12_9;729.29;107,58;32,28;3,47;112,16;-4,58
01,09.2019 13:41:19;33.1;3.6;318.1;714.1059326105104;304.27;Module 1,12_9;732.49;119,16;32,55;3,49;113,60;5,56
01,09.2019 13:43:12;32.2;3.99;318.1;586.5497285553295;304.15;Module 1,12_9;601.59;128,48;32,48;2,84;92,21;36,27
01,09.2019 13:45:08;32.2;2.76;318.1;551.6613518645356;304.32;Module 1,12_9;565.75;88,87;32,44;2,66;86,33;2,54
01,09.2019 13:47:07;32.2;2.95;318.1;606.6405741605823;304.2;Module 1,12_9;622.07;94,99;32,49;2,94;95,59;-0,60
01,09.2019 13:49:17;32.6;3.85;318.1;764.9791202767376;304.2;Module 1,12_9;784.35;125,51;32,55;3,75;122,07;3,44
01,09.2019 13:51:17;31.6;2.56;318.1;581.7968718418806;304.42;Module 1,12_9;596.47;80,90;32,47;2,82;91,41;-10,52
01,09.2019 13:53:10;31.8;2.64;318.1;549.3860831959327;304.38;Module 1,12_9;563.19;83,95;32,44;2,65;85,95;-2,00
01,09.2019 13:55:02;31.9;2.3;319.6;482.00349288259326;304.21;Module 1,12_9;494.07;73,37;32,06;2,31;73,97;-0,60
01,09.2019 13:56:55;31.9;2.47;319.6;539.4935868371246;304.41;Module 1,12_9;552.95;78,79;32,16;2,60;83,61;-4,81
01,09.2019 13:58:48;31.7;2.04;319.6;424.6366246575175;304.26;Module 1,12_9;435.19;64,67;31,94;2,01;64,35;0,32
01,09.2019 14:00:41;31.9;2.03;319.6;424.6733090336279;304.23;Module 1,12_9;435.19;64,76;31,94;2,01;64,35;0,40
01,09.2019 14:02:35;32.1;2.16;319.6;432.2047803634138;304.31;Module 1,12_9;442.87;69,34;31,96;2,05;65,62;3,72
01,09.2019 14:04:29;31.9;1.66;318.1;342.29306157655185;304.16;Module 1,12_9;350.71;52,95;31,95;1,59;50,93;2,03
01,09.2019 14:06:22;32.3;2.67;318.1;512.2373337909845;303.74;Module 1,12_9;524.79;86,24;32,38;2,46;79,68;6,56
01,09.2019 14:08:15;32.8;2.59;317.6;534.7695072698511;303.38;Module 1,12_9;547.83;84,95;32,51;2,57;83,70;1,25
01,09.2019 14:10:14;33;2.26;317.6;504.82417822850147;303.39;Module 1,12_9;517.11;74,58;32,46;2,42;78,63;-4,05
01,09.2019 14:12:07;32.3;2.23;317.6;454.87618749587944;303.4;Module 1,12_9;465.91;72,03;32,38;2,17;70,16;1,87
01,09.2019 14:14:01;32.4;2.12;317.6;432.4153597982211;303.54;Module 1,12_9;442.87;68,69;32,32;2,05;66,35;2,34
01,09.2019 14:16:00;32.2;1.72;317.6;357.45677031944706;303.46;Module 1,12_9;366.07;55,38;32,09;1,67;53,63;1,75
01,09.2019 14:17:20;32.3;1.72;317.6;359.9754882329169;303.32;Module 1,12_9;368.63;55,56;32,11;1,68;54,06;1,50
01,09.2019 14:19:14;32.4;1.73;316.1;362.50217355552405;303.14;Module 1,12_9;371.19;56,05;32,39;1,70;54,91;1,14
01,09.2019 14:21:07;32.6;1.88;316.1;392.5314037483645;302.99;Module 1,12_9;401.91;61,29;32,48;1,85;60,05;1,24
01,09.2019 14:23:09;32.6;1.97;315.6;412.5649524955232;302.96;Module 1,12_9;422.39;64,22;32,63;1,95;63,64;0,58
01,09.2019 14:25:05;32.8;2.56;315.6;550.1289715652705;302.99;Module 1,12_9;563.19;83,97;32,89;2,65;87,21;-3,25
01,09.2019 14:27:00;33.2;2.9;315.6;641.2705111854799;303.29;Module 1,12_9;656.45;96,28;32,97;3,12;102,76;-6,48
01,09.2019 14:28:54;32.8;3.9;316.1;831.6903478965817;303.85;Module 1,12_9;851.32;127,92;32,91;4,09;134,56;-6,64
01,09.2019 14:30:47;33.2;2.99;316.1;582.7547590809937;303.96;Module 1,12_9;596.47;99,27;32,84;2,82;92,55;6,72
01,09.2019 14:32:41;31.8;3.07;316.1;730.9454573624059;303.91;Module 1,12_9;748.1;97,63;32,91;3,57;117,65;-20,03
01,09.2019 14:34:44;32.9;4.96;317.6;1065.6156357794493;304.49;Module 1,12_9;1090.55;163,18;32,53;5,28;171,79;-8,61
01,09.2019 14:36:41;31.3;5.62;317.6;1155.7420305362814;305.27;Module 1,12_9;1182.71;175,91;32,46;5,74;186,29;-10,38
01,09.2019 14:38:38;30.8;5.37;319.6;1080.7605291840644;306.42;Module 1,12_9;1105.91;165,40;32,16;5,36;172,34;-6,95
01,09.2019 14:40:31;30.6;4.72;319.6;978.2450221713952;307.25;Module 1,12_9;1000.95;144,43;32,23;4,84;155,89;-11,46
01,09.2019 14:42:24;30.7;5.39;319.6;1123.4217286282137;307.89;Module 1,12_9;1149.43;165,47;32,13;5,57;179,13;-13,66
01,09.2019 14:44:19;29.5;2.99;323.7;598.0203648005539;308.12;Module 1,12_9;611.83;88,21;31,48;2,90;91,31;-3,10
01,09.2019 14:46:13;30.3;2.22;323.7;460.4239605469688;307.61;Module 1,12_9;471.03;67,27;31,27;2,20;68,80;-1,53
01,09.2019 14:48:05;31.1;2.26;324.2;465.45351861933966;307.05;Module 1,12_9;476.15;70,29;31,20;2,23;69,43;0,86
01,09.2019 14:49:58;31.3;3.84;324.2;796.0490193670469;306.67;Module 1,12_9;814.3;120,19;31,46;3,91;123,02;-2,83
01,09.2019 14:51:52;32.4;5.27;324.2;1093.6929110160736;306.84000000000003;Module 1,12_9;1118.71;170,75;31,34;5,42;169,95;0,80
01,09.2019 14:53:45;31.2;1.6;324.2;322.861424603407;306.94;Module 1,12_9;330.23;49,92;30,75;1,50;46,12;3,80
01,09.2019 14:55:41;32.3;5.12;323.7;1053.754482774813;306.78;Module 1,12_9;1077.75;165,38;31,45;5,22;164,21;1,17
01,09.2019 14:57:34;31.3;5.1;323.7;1058.8108443873075;307.03;Module 1,12_9;1082.87;159,63;31,45;5,25;165,00;-5,37
01,09.2019 14:59:45;30.8;5.13;325.7;1066.3773288938096;307.38;Module 1,12_9;1090.55;158,00;31,09;5,28;164,28;-6,28
01,09.2019 15:01:39;30.9;5.13;325.7;1066.425570264023;307.74;Module 1,12_9;1090.55;158,52;31,09;5,28;164,29;-5,77
01,09.2019 15:03:32;29.4;4.58;325.7;753.6643635156358;307.94;Module 1,12_9;770.68;134,65;31,19;3,69;115,23;19,42
01,09.2019 15:05:24;30.5;2.62;325.7;548.2749955688042;307.93;Module 1,12_9;560.63;79,91;31,05;2,65;82,25;-2,34
01,09.2019 15:07:21;31.1;3.92;325.7;926.0718281882345;307.8;Module 1,12_9;946.9;121,91;31,16;4,57;142,47;-20,56
01,09.2019 15:09:14;31.2;4.81;325.7;976.4680446064133;307.75;Module 1,12_9;998.39;150,07;31,14;4,83;150,35;-0,28
01,09.2019 15:11:06;30.8;4.86;325.7;1106.7072778908098;307.93;Module 1,12_9;1131.51;149,69;31,05;5,49;170,48;-20,80
01,09.2019 15:13:00;30.3;5.25;326.2;1079.2050253872508;308.53;Module 1,12_9;1103.35;159,08;30,98;5,35;165,77;-6,70
01,09.2019 15:14:53;30.5;4.69;326.2;994.1054249251727;309.15999999999997;Module 1,12_9;1016.31;143,05;31,04;4,92;152,65;-9,60
01,09.2019 15:16:47;30.2;2.96;327.2;621.0208824009912;309.08;Module 1,12_9;634.87;89,39;30,85;3,02;93,18;-3,79
01,09.2019 15:18:44;31.4;2.21;327.2;455.76228584730063;308.43;Module 1,12_9;465.91;69,39;30,63;2,18;66,71;2,69
01,09.2019 15:21:08;31.3;2.33;326.2;468.30244014904497;307.25;Module 1,12_9;478.71;72,93;30,84;2,24;69,11;3,81
01,09.2019 15:23:01;31.7;2.61;326.2;510.8917304503195;306.68;Module 1,12_9;522.23;82,74;30,91;2,46;75,99;6,74
01,09.2019 15:24:58;31.7;2.06;326.2;433.26769792103056;306.3;Module 1,12_9;442.87;65,30;30,76;2,06;63,45;1,85
01,09.2019 15:26:52;31.8;3.56;324.2;718.1347145377392;306.11;Module 1,12_9;734.03;113,21;31,45;3,51;110,50;2,71
01,09.2019 15:28:45;31.9;2.99;324.2;566.0364226913555;306.43;Module 1,12_9;578.55;95,38;31,35;2,74;85,85;9,53
01,09.2019 15:30:38;32.2;3.31;324.2;693.8093021736506;306.14;Module 1,12_9;709.13;106,58;31,45;3,39;106,58;0,01
01,09.2019 15:32:31;32;4.38;323.7;886.916373495173;306.34000000000003;Module 1,12_9;906.48;140,16;31,53;4,37;137,89;2,27
01,09.2019 15:34:28;30.9;2.35;323.7;480.91322554666505;306.65;Module 1,12_9;491.51;72,61;31,31;2,30;72,16;0,46
01,09.2019 15:36:21;31.5;3.6;323.2;802.1419691510456;306.42;Module 1,12_9;819.8;113,40;31,64;3,94;124,69;-11,29
01,09.2019 15:38:13;32.8;4.83;323.2;964.3793386413438;306.6;Module 1,12_9;985.59;158,42;31,59;4,77;150,60;7,83
01,09.2019 15:40:06;31.1;3.53;323.2;663.0782713103745;307.25;Module 1,12_9;677.65;109,78;31,61;3,23;102,18;7,61
01,09.2019 15:42:01;31.2;1.79;323.2;363.2142396252874;307.07;Module 1,12_9;371.19;55,85;31,09;1,70;53,00;2,85
01,09.2019 15:43:54;31.6;2.44;323.7;463.42089201237206;306.87;Module 1,12_9;473.59;77,10;31,28;2,22;69,29;7,81
01,09.2019 15:45:47;32.3;2.84;323.7;601.2056821815524;306.82;Module 1,12_9;614.39;91,73;31,48;2,92;91,83;-0,09
01,09.2019 15:47:39;32.6;2.18;322.2;450.90718225221246;306.83;Module 1,12_9;460.79;71,07;31,53;2,15;67,80;3,27
01,09.2019 15:49:32;32;2.73;322.2;516.0450642957828;306.65999999999997;Module 1,12_9;527.35;87,36;31,65;2,48;78,56;8,80
01,09.2019 15:51:26;32.2;3.67;322.2;654.6252849664226;306.49;Module 1,12_9;668.96;118,17;31,79;3,19;101,36;16,81
01,09.2019 15:53:18;31.9;2.09;321.7;430.87807516788985;306.23;Module 1,12_9;440.31;66,67;31,57;2,05;64,66;2,01
01,09.2019 15:55:12;32.4;3.43;321.7;675.331130041546;305.87;Module 1,12_9;690.11;111,13;31,89;3,29;105,04;6,09
01,09.2019 15:57:06;32.3;2.56;320.1;508.54337989452796;305.64;Module 1,12_9;519.67;82,69;32,02;2,44;78,21;4,48
01,09.2019 15:58:58;32.3;4.07;320.1;882.4059729464865;305.82;Module 1,12_9;901.71;131,46;32,18;4,35;139,96;-8,49
01,09.2019 16:00:51;31.1;1.7;320.1;333.18152672939726;306.61;Module 1,12_9;340.47;52,87;31,55;1,55;48,87;4,00
01,09.2019 16:03:02;31.6;2.01;320.1;345.70728123453995;306.25;Module 1,12_9;353.27;63,52;31,59;1,61;50,97;12,55
02,09.2019 09:32:32;34.1;1.5;298;327.24454919645234;291.97;Module 1,12_9;353.27;51,15;35,51;1,50;53,24;-2,09
02,09.2019 09:34:32;33.5;1.56;298;334.80553366249944;292.39;Module 1,12_9;360.95;52,26;35,54;1,54;54,65;-2,39
02,09.2019 09:36:24;33.9;1.59;298;339.9635217737195;292.66;Module 1,12_9;366.07;53,90;35,55;1,56;55,62;-1,72
02,09.2019 09:38:17;34.2;1.61;299.5;347.50360031359264;293.03;Module 1,12_9;373.75;55,06;35,32;1,60;56,65;-1,59
02,09.2019 09:40:16;34.3;1.65;299.5;355.0684285115833;293.2;Module 1,12_9;381.43;56,59;35,34;1,64;58,06;-1,47
02,09.2019 09:42:11;34.5;1.67;299.5;362.6224288525369;293.41;Module 1,12_9;389.11;57,61;35,38;1,68;59,47;-1,85
02,09.2019 09:44:04;34.6;1.71;299.5;370.1727885233842;293.37;Module 1,12_9;396.79;59,17;35,40;1,72;60,87;-1,71
02,09.2019 09:45:57;34.7;1.74;299.5;377.7263628894518;293.15;Module 1,12_9;404.47;60,38;35,42;1,76;62,28;-1,90
02,09.2019 09:47:56;34.7;1.78;301.5;380.5166129240072;293.03;Module 1,12_9;407.03;61,77;35,08;1,77;62,23;-0,47
02,09.2019 09:50:03;34.6;1.81;301.5;390.51288790200397;292.95;Module 1,12_9;417.27;62,63;35,10;1,83;64,08;-1,45
02,09.2019 09:51:56;34.5;1.85;301.5;398.07232341101553;292.95;Module 1,12_9;424.95;63,83;35,13;1,86;65,47;-1,65
02,09.2019 09:53:48;34.5;1.9;301.5;408.0315480971946;292.83;Module 1,12_9;435.19;65,55;35,16;1,91;67,31;-1,76
02,09.2019 09:55:57;34.5;1.93;301.5;413.24691952535557;293.04;Module 1,12_9;440.31;66,58;35,16;1,94;68,27;-1,68
02,09.2019 09:57:51;34.4;1.97;302;420.81692846834005;293.24;Module 1,12_9;447.99;67,77;35,09;1,98;69,51;-1,74
02,09.2019 09:59:45;34.3;2.01;302;428.38930565766657;293.37;Module 1,12_9;455.67;68,94;35,12;2,02;70,90;-1,96
02,09.2019 10:01:39;33.9;2.09;302;435.9639527282635;293.48;Module 1,12_9;463.35;70,85;35,13;2,06;72,29;-1,44
02,09.2019 10:03:47;32.3;2.14;302;445.99403796968176;293.39;Module 1,12_9;473.59;69,12;35,16;2,11;74,14;-5,01
02,09.2019 10:05:41;33.3;2.17;303.5;451.1616883893104;293.24;Module 1,12_9;478.71;72,26;34,90;2,14;74,56;-2,30
02,09.2019 10:07:33;33;2.22;303.5;458.7362479411041;293.55;Module 1,12_9;486.39;73,26;34,91;2,18;75,95;-2,69
02,09.2019 10:09:26;32.6;2.25;303.5;466.31579233856456;293.9;Module 1,12_9;494.07;73,35;34,93;2,21;77,33;-3,98
02,09.2019 10:11:25;33;2.28;303.5;471.49670993714903;294.32;Module 1,12_9;499.19;75,24;34,94;2,24;78,28;-3,04
02,09.2019 10:13:17;33.3;2.29;303.5;479.07531784177286;294.59;Module 1,12_9;506.87;76,26;34,95;2,28;79,66;-3,40
02,09.2019 10:15:10;33.7;2.3;303.5;484.2373916326907;295.08;Module 1,12_9;511.99;77,51;34,96;2,31;80,60;-3,09
02,09.2019 10:17:15;33.8;2.34;305.5;491.85437052702804;295.56;Module 1,12_9;519.67;79,09;34,62;2,35;81,22;-2,13
02,09.2019 10:19:09;33.7;2.38;305.5;501.866530453004;295.91;Module 1,12_9;529.91;80,21;34,63;2,40;83,02;-2,82
02,09.2019 10:21:02;33.7;2.42;306;507.02851273962784;295.78;Module 1,12_9;535.03;81,55;34,55;2,42;83,76;-2,20
02,09.2019 10:23:02;33.7;2.45;306;514.6355783581408;295.6;Module 1,12_9;542.71;82,57;34,56;2,46;85,12;-2,56
02,09.2019 10:25:00;33.7;2.49;307.6;522.23844736214;295.71;Module 1,12_9;550.39;83,91;34,29;2,50;85,83;-1,91
02,09.2019 10:26:52;33.7;2.54;307.6;532.2570509394814;295.46;Module 1,12_9;560.63;85,60;34,30;2,55;87,61;-2,02
02,09.2019 10:28:45;33.7;2.57;307.6;539.850685006241;295.09;Module 1,12_9;568.31;86,61;34,31;2,59;88,97;-2,36
02,09.2019 10:30:38;33.7;2.59;307.6;547.4456659695269;294.87;Module 1,12_9;575.99;87,28;34,32;2,63;90,32;-3,04
02,09.2019 10:32:37;33.7;2.64;307.6;552.6230214480717;294.76;Module 1,12_9;581.11;88,97;34,33;2,66;91,25;-2,28
02,09.2019 10:34:31;33.8;2.68;307.6;562.65749240182;294.65;Module 1,12_9;591.35;90,58;34,34;2,71;93,03;-2,45
02,09.2019 10:36:24;33.7;2.71;307.6;567.8190413091993;294.71;Module 1,12_9;596.47;91,33;34,34;2,74;93,95;-2,63
02,09.2019 10:38:21;33.6;2.74;307.6;575.4276340544333;294.82;Module 1,12_9;604.15;92,06;34,35;2,77;95,31;-3,24
02,09.2019 10:40:21;33.5;2.78;308.1;583.0446693177093;294.96;Module 1,12_9;611.83;93,13;34,27;2,81;96,43;-3,30
02,09.2019 10:42:13;33.4;2.82;308.1;590.6427603240181;295.39;Module 1,12_9;619.51;94,19;34,27;2,85;97,78;-3,59
02,09.2019 10:44:07;33.3;2.86;309.6;595.8050017414862;296.03;Module 1,12_9;624.63;95,24;34,01;2,88;97,96;-2,73
02,09.2019 10:45:59;33.2;2.89;309.6;603.4041411379744;296.47;Module 1,12_9;632.31;95,95;34,02;2,92;99,30;-3,35
02,09.2019 10:47:52;33.2;2.92;309.6;606.1186128212453;296.73;Module 1,12_9;634.87;96,94;34,02;2,93;99,78;-2,83
02,09.2019 10:50:01;33.2;2.96;310.1;613.7577444813166;296.91;Module 1,12_9;642.55;98,27;33,94;2,97;100,87;-2,60
02,09.2019 10:51:55;33.2;2.98;310.1;618.9158684335471;296.98;Module 1,12_9;647.67;98,94;33,94;3,00;101,78;-2,84
02,09.2019 10:53:48;33.1;3;310.1;624.0705537538546;297.12;Module 1,12_9;652.79;99,30;33,95;3,02;102,68;-3,38
02,09.2019 10:55:41;33;3.03;310.1;628.7459799610596;297.1;Module 1,12_9;657.41;99,99;33,95;3,05;103,50;-3,51
02,09.2019 10:57:35;33;3.06;310.1;636.2734526930144;296.92;Module 1,12_9;665.01;100,98;33,95;3,09;104,82;-3,84
02,09.2019 10:59:29;32.9;3.12;311.1;644.2516309684391;297.03;Module 1,12_9;673.08;102,65;33,77;3,13;105,68;-3,03
02,09.2019 11:01:22;32.9;3.12;311.1;644.4726740720198;297.2;Module 1,12_9;673.05;102,65;33,77;3,13;105,72;-3,07
02,09.2019 11:03:15;32.8;3.16;311.1;653.3484296091351;297.22;Module 1,12_9;682.06;103,65;33,78;3,18;107,27;-3,62
02,09.2019 11:05:31;32.7;3.17;311.1;653.976539516153;297.34;Module 1,12_9;682.41;103,66;33,78;3,18;107,38;-3,72
02,09.2019 11:07:23;32.6;3.21;311.1;661.8918166054945;297.63;Module 1,12_9;690.42;104,65;33,78;3,22;108,75;-4,11
02,09.2019 11:09:18;32.6;3.24;311.1;668.4335217486112;297.8;Module 1,12_9;696.99;105,62;33,79;3,25;109,89;-4,27
02,09.2019 11:11:17;32.7;3.28;311.1;678.7635150292364;297.36;Module 1,12_9;707.5;107,26;33,79;3,31;111,69;-4,43
02,09.2019 11:13:12;32.8;3.29;313.6;681.275681772879;297.03;Module 1,12_9;709.87;107,91;33,34;3,32;110,70;-2,79
02,09.2019 11:15:05;32.8;3.34;313.6;691.6245673044576;297.17;Module 1,12_9;720.41;109,55;33,35;3,37;112,47;-2,92
02,09.2019 11:16:58;32.7;3.37;313.6;698.3362877475066;297.18;Module 1,12_9;727.16;110,20;33,35;3,41;113,62;-3,42
02,09.2019 11:18:51;32.7;3.39;314.1;701.0421576496032;297.49;Module 1,12_9;729.74;110,85;33,27;3,42;113,79;-2,94
02,09.2019 11:20:49;32.6;3.39;314.1;697.7012111718657;297.93;Module 1,12_9;726.02;110,51;33,27;3,40;113,22;-2,71
02,09.2019 11:22:41;32.6;3.46;314.1;713.7699407516875;298.32;Module 1,12_9;742.51;112,80;33,27;3,49;115,96;-3,17
02,09.2019 11:24:34;32.5;3.49;314.1;718.7787076500925;298.42;Module 1,12_9;747.49;113,43;33,27;3,51;116,82;-3,39
02,09.2019 11:26:27;32.5;3.54;315.6;728.5094256893354;298.64;Module 1,12_9;757.38;115,05;33,00;3,56;117,55;-2,50
02,09.2019 11:28:19;32.4;3.57;315.6;736.1618835742834;298.99;Module 1,12_9;765.11;115,67;33,00;3,60;118,85;-3,18
02,09.2019 11:30:12;32.4;3.57;315.6;680.3243704017947;299.25;Module 1,12_9;706.87;115,67;32,98;3,32;109,39;6,27
02,09.2019 11:32:06;32.4;3.61;315.6;743.455054499169;299.33;Module 1,12_9;772.24;116,96;33,01;3,64;120,08;-3,11
02,09.2019 11:33:58;32.2;3.63;315.6;747.6982490473229;299.6;Module 1,12_9;776.43;116,89;33,01;3,66;120,79;-3,91
02,09.2019 11:35:53;32.3;3.64;315.6;749.3930722346586;299.67;Module 1,12_9;777.97;117,57;33,01;3,67;121,08;-3,51
02,09.2019 11:37:46;32.4;3.67;315.6;755.6005230272779;299.78;Module 1,12_9;784.2;118,91;33,01;3,70;122,13;-3,22
02,09.2019 11:39:39;32.3;3.71;315.6;762.3282822088678;299.86;Module 1,12_9;790.97;119,83;33,01;3,73;123,26;-3,43
02,09.2019 11:41:48;32.2;3.75;316.1;771.6683888651658;300.1;Module 1,12_9;800.42;120,75;32,91;3,78;124,51;-3,76
02,09.2019 11:43:40;32.2;3.77;316.1;779.021894266042;300.35;Module 1,12_9;807.84;121,39;32,91;3,82;125,74;-4,35
02,09.2019 11:45:34;32.1;3.77;316.1;779.8009661703995;300.27;Module 1,12_9;808.44;121,02;32,91;3,82;125,87;-4,85
02,09.2019 11:47:27;32.1;3.82;317.6;792.625936540125;299.66;Module 1,12_9;821.53;122,62;32,65;3,89;127,00;-4,38
02,09.2019 11:49:20;32.1;3.84;317.6;794.5489030562192;299.25;Module 1,12_9;823.32;123,26;32,65;3,90;127,32;-4,06
02,09.2019 11:51:13;32.2;3.84;317.6;792.1258091966049;299.35;Module 1,12_9;820.61;123,65;32,65;3,89;126,92;-3,27
02,09.2019 11:53:05;32.2;3.9;317.6;808.2926382726262;299.35;Module 1,12_9;837.16;125,58;32,65;3,97;129,61;-4,03
02,09.2019 11:54:58;32.2;3.92;317.6;810.98390791951;298.95;Module 1,12_9;839.75;126,22;32,65;3,98;130,05;-3,83
02,09.2019 11:56:51;32.1;3.94;317.6;818.0492060535364;298.95;Module 1,12_9;846.87;126,47;32,65;4,02;131,23;-4,75
02,09.2019 11:58:45;32.1;4;317.6;825.4255546804507;299.07;Module 1,12_9;854.31;128,40;32,64;4,06;132,45;-4,05
02,09.2019 12:00:37;32;4.02;317.6;830.4892434508366;299.1;Module 1,12_9;859.36;128,64;32,64;4,08;133,29;-4,65
02,09.2019 12:02:30;32;4.08;317.6;844.5241036973897;298.86;Module 1,12_9;873.69;130,56;32,64;4,15;135,61;-5,05
02,09.2019 12:04:23;32;4.13;317.6;856.3868168881444;299.01;Module 1,12_9;885.77;132,16;32,64;4,21;137,57;-5,41
02,09.2019 12:06:16;32;4.23;318.1;880.9682334969502;299.16;Module 1,12_9;911;135,36;32,54;4,34;141,25;-5,89
02,09.2019 12:08:09;32.1;4.16;318.1;861.779961234557;298.77;Module 1,12_9;890.97;133,54;32,55;4,24;138,09;-4,56
02,09.2019 12:10:11;32.1;4.09;318.1;851.7564456961659;298.43;Module 1,12_9;880.41;131,29;32,55;4,19;136,44;-5,15
02,09.2019 12:12:04;32.1;4.14;318.1;857.3973831752851;298.28;Module 1,12_9;886.06;132,89;32,55;4,22;137,37;-4,48
02,09.2019 12:13:57;32;4.17;318.1;867.9061827358992;298.62;Module 1,12_9;896.74;133,44;32,55;4,27;139,10;-5,66
02,09.2019 12:15:49;32;4.19;318.1;869.7413789712471;298.89;Module 1,12_9;898.46;134,08;32,55;4,28;139,40;-5,32
02,09.2019 12:17:46;31.9;4.21;318.1;873.2668917846131;299.3;Module 1,12_9;901.92;134,30;32,55;4,30;139,99;-5,69
02,09.2019 12:19:44;31.9;4.21;319.6;871.8922952194199;299.82;Module 1,12_9;900.32;134,30;32,27;4,30;138,62;-4,33
02,09.2019 12:21:42;31.8;4.25;319.6;880.7042353037815;300.02;Module 1,12_9;909.24;135,15;32,27;4,34;140,06;-4,91
02,09.2019 12:27:20;32.3;4.41;318.1;914.6321584150132;298.69;Module 1,12_9;943.75;142,44;32,53;4,51;146,78;-4,34
02,09.2019 12:29:13;32.1;4.42;318.1;914.688174656507;299.15;Module 1,12_9;943.64;141,88;32,53;4,51;146,79;-4,91
02,09.2019 12:31:05;32;3.94;318.1;897.4738159677383;299.71;Module 1,12_9;925.72;126,08;32,54;4,42;143,96;-17,88
02,09.2019 12:32:58;31.8;4;318.1;741.8828361357256;300.16;Module 1,12_9;765.1;127,20;32,55;3,63;118,23;8,97
02,09.2019 12:34:57;29.9;0.82;319.6;355.0250848622365;299.78;Module 1,12_9;366.07;24,52;31,73;1,66;52,66;-28,15
02,09.2019 12:44:50;33.8;4.37;315.6;913.066497512786;296.24;Module 1,12_9;940.67;147,71;32,98;4,50;148,50;-0,79
02,09.2019 12:46:48;33.2;4.48;315.6;930.5628438923513;296.97;Module 1,12_9;958.54;148,74;32,97;4,59;151,40;-2,67
02,09.2019 12:48:43;32.7;4.52;314.1;941.679477270522;297.87;Module 1,12_9;969.84;147,80;33,23;4,65;154,46;-6,66
02,09.2019 12:50:40;32.5;4.06;314.1;937.9806813590701;298.4;Module 1,12_9;965.88;131,95;33,23;4,63;153,84;-21,89
02,09.2019 12:52:41;32.2;4.6;314.1;953.8350628179792;299.32;Module 1,12_9;982.05;148,12;33,23;4,71;156,49;-8,37
02,09.2019 12:56:28;30.9;4.43;315.6;957.5522988558591;298.84;Module 1,12_9;985.59;136,89;32,95;4,73;155,87;-18,99
02,09.2019 12:58:25;32.6;4.64;315.6;965.1555904662412;298.67;Module 1,12_9;993.27;151,26;32,95;4,77;157,13;-5,87
02,09.2019 13:00:18;32.4;4.67;315.6;972.7541971616723;298.98;Module 1,12_9;1000.95;151,31;32,95;4,81;158,39;-7,08
02,09.2019 13:04:06;32;2.02;316.1;292.8448953564206;298.79;Module 1,12_9;301.25;64,64;32,09;1,34;43,02;21,62
02,09.2019 13:06:00;34.7;4.8;316.1;1000.5321317522803;299.05;Module 1,12_9;1029.11;166,56;32,84;4,95;162,54;4,02
02,09.2019 13:08:10;32.4;4.9;317.6;1018.1088256879245;299.84;Module 1,12_9;1047.03;158,76;32,56;5,04;164,09;-5,33
02,09.2019 13:11:55;32.4;4.88;317.6;1005.9203523636866;299.65;Module 1,12_9;1034.23;158,11;32,57;4,98;162,11;-4,00
02,09.2019 13:13:49;31.9;4.96;317.6;1030.9506907958817;300.2;Module 1,12_9;1059.83;158,22;32,55;5,10;166,18;-7,95
02,09.2019 13:15:41;31.6;5.01;317.6;1038.549277723043;301.14;Module 1,12_9;1067.51;158,32;32,55;5,14;167,41;-9,09
02,09.2019 13:17:34;31.1;5.07;320.1;1048.639856666979;301.92;Module 1,12_9;1077.75;157,68;32,10;5,19;166,75;-9,07
02,09.2019 13:19:27;30.9;4.92;320.1;1036.3106239780047;301.86;Module 1,12_9;1064.95;152,03;32,11;5,13;164,78;-12,75
02,09.2019 13:21:28;30.6;2.8;320.1;296.7771092915205;301.35;Module 1,12_9;304.94;85,68;31,38;1,36;42,80;42,88
02,09.2019 13:23:22;30.5;5.03;321.7;1051.5155225277533;300.84;Module 1,12_9;1080.31;153,42;31,81;5,21;165,72;-12,31
02,09.2019 13:25:15;31.6;5.12;321.7;1061.6050301692237;300.98;Module 1,12_9;1090.55;161,79;31,80;5,26;167,32;-5,53
02,09.2019 13:32:52;32.2;1.41;320.1;295.3339701879707;299.02;Module 1,12_9;303.25;45,40;31,37;1,36;42,56;2,85
02,09.2019 13:34:47;32.9;2.87;317.6;513.6400083349283;298.26;Module 1,12_9;527.35;94,42;32,48;2,47;80,13;14,30
02,09.2019 13:36:40;32.7;5.29;317.6;1097.2218788768687;298.25;Module 1,12_9;1126.39;172,98;32,51;5,44;176,89;-3,91
02,09.2019 13:38:32;32.6;3.67;317.6;673.779687069341;298.44;Module 1,12_9;691.62;119,64;32,63;3,28;107,14;12,50
02,09.2019 13:44:21;32.2;1.49;317.6;305.44978607729064;298.13;Module 1,12_9;313.44;47,98;31,88;1,41;44,82;3,16
02,09.2019 13:46:14;32.5;2.67;315.6;859.3562550414485;298.14;Module 1,12_9;881.75;86,77;32,99;4,23;139,55;-52,77
02,09.2019 13:48:07;32.6;1.76;315.6;354.31199205362464;298.04;Module 1,12_9;363.51;57,38;32,45;1,65;53,65;3,73
02,09.2019 13:57:51;33.2;1.59;311.1;327.0191622239504;297.02;Module 1,12_9;335.35;52,79;33,16;1,51;50,08;2,71
02,09.2019 13:59:47;33.5;1.59;310.1;334.5382650497165;296.58;Module 1,12_9;343.03;53,27;33,37;1,55;51,65;1,62
02,09.2019 14:01:40;33.3;4.17;310.1;926.7765637723089;296.52;Module 1,12_9;950.22;138,86;33,95;4,57;155,14;-16,28
02,09.2019 14:03:56;34.2;5;310.1;900.2509224383006;297.4;Module 1,12_9;922.93;171,00;33,95;4,44;150,60;20,40
02,09.2019 14:05:49;32.7;4.87;310.1;1011.3965071914721;298.37;Module 1,12_9;1036.79;159,25;33,90;5,00;169,54;-10,30
02,09.2019 14:07:43;32.2;4.86;310.1;1013.9767918260877;299.6;Module 1,12_9;1039.35;156,49;33,90;5,01;169,98;-13,49
02,09.2019 14:09:35;32;4.78;313.6;999.0707353965823;300.52;Module 1,12_9;1023.99;152,96;33,29;4,94;164,45;-11,49
02,09.2019 14:11:29;31.8;4.76;313.6;996.6518388667309;300.57;Module 1,12_9;1021.43;151,37;33,29;4,93;164,05;-12,68
02,09.2019 14:13:22;31.7;4.78;316.1;991.7324125427516;300.68;Module 1,12_9;1016.31;151,53;32,84;4,90;161,09;-9,56
02,09.2019 14:15:15;31.4;4.87;316.1;1009.2954066789159;301.06;Module 1,12_9;1034.23;152,92;32,84;4,99;163,97;-11,06
02,09.2019 14:17:08;31.1;5;316.1;1034.3550659095426;301.33;Module 1,12_9;1059.83;155,50;32,82;5,12;168,08;-12,58
02,09.2019 14:19:02;31;5.13;319.6;1059.417700623219;302.05;Module 1,12_9;1085.43;159,03;32,18;5,25;168,93;-9,90
02,09.2019 14:20:33;31;5.2;319.6;1076.9704741790088;302.32;Module 1,12_9;1103.35;161,20;32,16;5,34;171,74;-10,54
02,09.2019 14:22:27;31;5.24;322.2;1082.0450650405178;302.58;Module 1,12_9;1108.47;162,44;31,70;5,36;170,06;-7,62
02,09.2019 14:32:04;32.7;1.43;319.6;304.6363530776633;297.45;Module 1,12_9;311.97;46,76;31,51;1,40;44,22;2,54
02,09.2019 14:33:57;34.2;2.5;319.6;612.4845923041036;297.25;Module 1,12_9;627.19;85,50;32,23;2,97;95,80;-10,30
02,09.2019 14:35:50;34.5;1.76;319.6;365.0092132850706;297.58;Module 1,12_9;373.75;60,72;31,76;1,71;54,34;6,38
02,09.2019 14:37:48;34.1;5.05;319.6;1107.617079291788;297.6;Module 1,12_9;1134.07;172,21;32,14;5,50;176,62;-4,42
02,09.2019 14:40:41;32.3;1.63;315.6;330.05744218341647;297.69;Module 1,12_9;337.91;52,65;32,35;1,53;49,49;3,16
02,09.2019 14:48:20;33;3.41;313.6;407.66361132144186;296.97;Module 1,12_9;417.27;112,53;32,98;1,92;63,44;49,09
02,09.2019 14:50:13;33;1.44;311.1;298.9803802567044;296.99;Module 1,12_9;306.01;47,52;33,02;1,37;45,16;2,36
02,09.2019 14:52:06;33.1;1.69;311.1;355.1772633881257;297.11;Module 1,12_9;363.51;55,94;33,27;1,65;55,02;0,92
02,09.2019 14:55:53;32.4;1.73;311.1;357.71312034085355;298.42;Module 1,12_9;366.07;56,05;33,27;1,67;55,46;0,59
02,09.2019 14:57:45;32.6;1.95;311.1;397.7562407995748;298.75;Module 1,12_9;407.03;63,57;33,41;1,87;62,50;1,07
02,09.2019 14:59:38;32.9;1.9;311.1;402.77763996882953;298.5;Module 1,12_9;412.15;62,51;33,42;1,90;63,38;-0,87
02,09.2019 15:01:32;33.7;4.93;311.1;1160.869503487902;298.34;Module 1,12_9;1187.83;166,14;33,60;5,76;193,68;-27,54
02,09.2019 15:03:26;33.1;5.36;311.1;1093.364875560014;299.04;Module 1,12_9;1118.71;177,42;33,66;5,42;182,44;-5,02
02,09.2019 15:05:25;32.3;2.13;313.6;350.28549821091224;300;Module 1,12_9;358.39;68,80;32,80;1,63;53,49;15,31
02,09.2019 15:07:31;33.4;3.39;313.6;746.052244494866;299.44;Module 1,12_9;763.28;113,23;33,36;3,65;121,78;-8,55
02,09.2019 15:09:24;32.5;4.71;314.1;985.9019985691934;299.07;Module 1,12_9;1008.63;153,07;33,20;4,87;161,84;-8,76
02,09.2019 15:11:16;32.3;4.67;314.1;978.4306330435099;299.46;Module 1,12_9;1000.95;150,84;33,21;4,84;160,59;-9,75
02,09.2019 15:13:13;32;4.63;314.1;973.461436257068;299.82;Module 1,12_9;995.83;148,16;33,21;4,81;159,76;-11,60
02,09.2019 15:15:05;32;4.67;316.1;981.0019608233131;300.14;Module 1,12_9;1003.51;149,44;32,85;4,85;159,32;-9,88
02,09.2019 15:16:59;31.9;4.72;316.1;996.0502322370205;300.35;Module 1,12_9;1018.87;150,57;32,84;4,93;161,80;-11,23
02,09.2019 15:18:55;31.7;4.93;318.1;1018.6068761313511;301.16;Module 1,12_9;1041.91;156,28;32,48;5,04;163,73;-7,45
02,09.2019 15:38:01;33.5;2.27;311.1;510.67144900170365;296.87;Module 1,12_9;522.23;76,05;33,64;2,45;82,33;-6,28
02,09.2019 15:40:08;33.2;1.53;311.1;315.98359763507966;296.82;Module 1,12_9;323.13;50,80;33,11;1,45;48,14;2,65
02,09.2019 15:45:47;33;1.45;310.1;303.7907805167651;297.11;Module 1,12_9;310.65;47,85;33,23;1,39;46,23;1,62
02,09.2019 15:47:44;33.1;1.47;310.1;311.47040747165505;297.04;Module 1,12_9;318.5;48,66;33,27;1,43;47,58;1,08
02,09.2019 15:49:38;34.1;3.16;309.6;741.4323643184575;297.17;Module 1,12_9;758.16;107,76;34,07;3,62;123,48;-15,73
02,09.2019 15:51:31;33.7;2.6;310.1;528.2355812444139;297.68;Module 1,12_9;540.15;87,62;33,85;2,54;85,83;1,79
02,09.2019 15:53:24;35.6;4.73;310.1;1038.9607695151576;298.14;Module 1,12_9;1062.39;168,39;33,88;5,14;174,21;-5,82
02,09.2019 15:55:17;32.7;4.9;311.1;1016.4316875187858;298.96;Module 1,12_9;1039.35;160,23;33,72;5,03;169,53;-9,30
02,09.2019 15:57:10;32.5;4.82;311.1;998.9079558394021;299.7;Module 1,12_9;1021.43;156,65;33,73;4,94;166,57;-9,92
02,09.2019 15:59:03;32.1;4.79;311.1;996.4038632986574;300.2;Module 1,12_9;1018.87;153,76;33,73;4,93;166,15;-12,39
02,09.2019 16:00:56;31.9;4.24;311.1;858.2567414828133;300.62;Module 1,12_9;877.61;135,26;33,80;4,22;142,66;-7,40
02,09.2019 16:02:51;31.4;3.75;316.1;805.806160077011;301.2;Module 1,12_9;823.98;117,75;32,91;3,96;130,23;-12,48
02,09.2019 16:04:48;32.4;2.24;316.1;360.49729423611717;301.53;Module 1,12_9;368.63;72,58;32,38;1,69;54,57;18,01
02,09.2019 16:06:40;31.4;1.92;316.1;400.5506492286045;301.52;Module 1,12_9;409.59;60,29;32,51;1,89;61,42;-1,13
02,09.2019 16:08:33;32.8;4.3;316.1;880.0512371721679;301.42;Module 1,12_9;899.92;141,04;32,90;4,34;142,62;-1,58
02,09.2019 16:10:25;31.9;3.28;316.1;768.9704264727287;302.06;Module 1,12_9;786.34;104,63;32,91;3,77;124,05;-19,42
02,09.2019 16:12:19;32.2;4.12;317.6;853.079162756487;302.39;Module 1,12_9;872.36;132,66;32,64;4,20;137,03;-4,36
02,09.2019 16:14:11;32.1;4.11;317.6;846.0258521501595;302.73;Module 1,12_9;865.16;131,93;32,64;4,16;135,86;-3,93
02,09.2019 16:16:04;31.8;4;317.6;823.4620678106119;303.04;Module 1,12_9;842.1;127,20;32,65;4,05;132,12;-4,92
02,09.2019 16:18:13;31.8;4.07;319.6;843.1088614801533;303.09;Module 1,12_9;862.21;129,43;32,28;4,15;133,92;-4,49
02,09.2019 16:20:12;31.7;4.12;319.6;838.9931326293402;303.54;Module 1,12_9;858.02;130,60;32,28;4,13;133,25;-2,64
02,09.2019 16:22:05;31.5;4.02;320.1;754.149442325473;304.11;Module 1,12_9;771.27;126,63;32,20;3,70;118,98;7,65
02,09.2019 16:24:00;31.5;3.8;320.1;796.1647797033238;303.96;Module 1,12_9;814.26;119,70;32,20;3,91;125,88;-6,18
02,09.2019 16:25:53;31.7;4.16;321.7;853.2925877515554;303.38;Module 1,12_9;872.71;131,87;31,91;4,20;134,03;-2,15
02,09.2019 16:27:46;31.7;4.05;321.7;837.2426423774326;303.26;Module 1,12_9;856.32;128,38;31,91;4,12;131,43;-3,05
02,09.2019 16:29:40;31.6;4.09;321.7;842.4466044974922;303.39;Module 1,12_9;861.67;129,24;31,91;4,15;132,27;-3,03
02,09.2019 16:31:33;31.5;4.11;322.2;842.6918540786082;303.66;Module 1,12_9;861.95;129,47;31,81;4,15;131,95;-2,48
02,09.2019 16:33:25;31.6;4.09;322.2;837.3336735769258;304.07;Module 1,12_9;856.5;129,24;31,82;4,12;131,08;-1,84
02,09.2019 16:43:07;33.2;3.95;319.6;815.7315392220303;300.43;Module 1,12_9;834.59;131,14;32,29;4,01;129,43;1,71
02,09.2019 17:09:32;34.3;1.81;307.6;404.9397244945026;296.61;Module 1,12_9;414.71;62,08;34,05;1,90;64,86;-2,77
02,09.2019 17:11:25;33.5;1.64;307.6;357.4116063514999;297;Module 1,12_9;366.07;54,94;33,91;1,66;56,36;-1,42
02,09.2019 17:15:10;33;3.17;307.6;666.7308776221967;297.09;Module 1,12_9;683.02;104,61;34,41;3,24;111,52;-6,91
02,09.2019 17:17:03;33.6;3.2;307.6;662.8236451812472;297.64;Module 1,12_9;679.09;107,52;34,41;3,22;110,83;-3,31
02,09.2019 17:19:11;33.1;3.12;308.1;647.5155122099952;298.39;Module 1,12_9;663.49;103,27;34,31;3,14;107,85;-4,58
02,09.2019 17:21:03;32.8;3.07;308.1;634.5017352250827;299.29;Module 1,12_9;650.23;100,70;34,30;3,08;105,55;-4,85
02,09.2019 17:22:56;32.6;3.01;308.1;619.4385815240619;300.1;Module 1,12_9;634.87;98,13;34,30;3,00;102,88;-4,76
02,09.2019 17:30:35;29.4;2.63;310.1;499.2762371853882;297.32;Module 1,12_9;511.99;77,32;33,80;2,39;80,73;-3,41
02,09.2019 17:32:27;33.6;2.77;309.6;571.5902356346501;297.35;Module 1,12_9;586.23;93,07;33,98;2,76;93,70;-0,63
02,09.2019 17:51:34;32.9;2.5;303.5;518.2269752112803;295;Module 1,12_9;532.47;82,25;35,01;2,48;86,80;-4,55
02,09.2019 17:53:28;33.2;2.51;303.5;513.1303777066425;295.82;Module 1,12_9;527.35;83,33;35,00;2,45;85,87;-2,54
02,09.2019 17:55:22;32.7;2.47;303.5;505.54131907819885;296.89;Module 1,12_9;519.67;80,77;34,99;2,41;84,49;-3,72
02,09.2019 17:57:24;32.8;2.4;305.5;490.47354229959876;297.82;Module 1,12_9;504.31;78,72;34,62;2,34;80,97;-2,25
02,09.2019 17:59:17;32.7;2.33;305.5;475.4179289556048;298.6;Module 1,12_9;488.95;76,19;34,59;2,26;78,25;-2,06
02,09.2019 18:01:11;32.6;2.31;306;475.29533648049676;299.14;Module 1,12_9;488.95;75,31;34,50;2,26;78,04;-2,73
02,09.2019 18:03:07;32.4;2.27;306;467.70223855774213;299.79;Module 1,12_9;481.27;73,55;34,48;2,22;76,67;-3,12
02,09.2019 18:05:12;32.4;2.21;306;452.63669792761823;300.16;Module 1,12_9;465.91;71,60;34,45;2,15;73,96;-2,35
02,09.2019 18:07:04;32.3;2.17;307.6;445.0484151895185;300.53;Module 1,12_9;458.23;70,09;34,16;2,11;72,03;-1,94
02,09.2019 18:08:59;32.3;2.13;307.6;437.4560079520952;300.85;Module 1,12_9;450.55;68,80;34,13;2,07;70,67;-1,88
02,09.2019 18:10:54;32.9;2.11;309.6;424.89326716181904;301.17;Module 1,12_9;437.75;69,42;33,75;2,01;67,77;1,65
02,09.2019 18:37:19;34.9;1.47;302;326.01187834580674;294.84;Module 1,12_9;337.91;51,30;34,79;1,50;52,07;-0,77
02,09.2019 18:39:12;34.5;1.44;302;315.3099660144833;295.6;Module 1,12_9;327.01;49,68;34,74;1,44;50,11;-0,43
02,09.2019 18:41:04;34.3;1.42;302;308.9114032714898;296.2;Module 1,12_9;320.57;48,71;34,71;1,41;48,93;-0,23
03,09.2019 09:28:31;40.2;1.28;297.5;309.2855963561734;288.06;Module 1,12_9;335.35;51,46;35,52;1,41;49,98;1,47
03,09.2019 09:30:24;27.5;1.49;297.5;283.3660924713023;288.47;Module 1,12_9;306.82;40,98;35,38;1,28;45,13;-4,15
03,09.2019 09:32:17;30.1;1.49;297.5;326.7026823390542;288.67;Module 1,12_9;353.27;44,85;35,59;1,50;53,25;-8,40
03,09.2019 09:34:10;30.7;1.57;293.4;331.866589371352;288.94;Module 1,12_9;358.39;48,20;36,34;1,52;55,18;-6,98
03,09.2019 09:36:03;28.5;1.61;293.4;337.0285659411552;289.19;Module 1,12_9;363.51;45,89;36,36;1,54;56,17;-10,28
03,09.2019 09:37:55;33;1.63;294;342.18510417947397;289.4;Module 1,12_9;368.63;53,79;36,27;1,57;57,01;-3,22
03,09.2019 09:39:48;34.2;1.64;294;349.722677706175;289.6;Module 1,12_9;376.31;56,09;36,30;1,61;58,45;-2,36
03,09.2019 09:41:40;34.7;1.67;294;357.26043849370944;289.88;Module 1,12_9;383.99;57,95;36,33;1,65;59,89;-1,94
03,09.2019 09:43:33;34.9;1.69;295;362.42088124877944;290.13;Module 1,12_9;389.11;58,98;36,17;1,68;60,61;-1,63
03,09.2019 09:45:26;35;1.73;295;369.9665709520743;290.42;Module 1,12_9;396.79;60,55;36,20;1,71;62,05;-1,50
03,09.2019 09:47:22;34.9;1.76;298;375.1362377386678;290.6;Module 1,12_9;401.91;61,42;35,68;1,74;62,21;-0,79
03,09.2019 09:49:16;34.9;1.79;298;382.6891961092913;290.78;Module 1,12_9;409.59;62,47;35,70;1,78;63,63;-1,15
03,09.2019 09:51:09;34.9;1.81;298;387.84769174702274;291;Module 1,12_9;414.71;63,17;35,72;1,81;64,59;-1,42
03,09.2019 09:53:03;34.8;1.83;299.5;390.6114024704575;291.07;Module 1,12_9;417.27;63,68;35,46;1,82;64,68;-0,99
03,09.2019 09:54:59;34.8;1.88;299.5;400.57142123406015;291.03;Module 1,12_9;427.51;65,42;35,49;1,87;66,53;-1,11
03,09.2019 09:56:52;34.8;1.92;299.5;405.7273620503587;291.01;Module 1,12_9;432.63;66,82;35,50;1,90;67,49;-0,68
03,09.2019 09:58:45;34.7;1.94;299.5;410.88187425936854;291.14;Module 1,12_9;437.75;67,32;35,52;1,93;68,45;-1,13
03,09.2019 10:00:40;34.7;1.98;299.5;418.4459926904825;291.27;Module 1,12_9;445.43;68,71;35,53;1,97;69,86;-1,15
03,09.2019 10:02:33;34.1;2.08;301.5;428.4134094609647;291.33;Module 1,12_9;455.67;70,93;35,20;2,02;71,07;-0,14
03,09.2019 10:04:28;31.6;2.14;301.5;438.3931593543389;291.44;Module 1,12_9;465.91;67,62;35,23;2,07;72,91;-5,28
03,09.2019 10:06:20;27.3;2.17;299.5;438.72730157793865;291.57;Module 1,12_9;465.91;59,24;35,58;2,07;73,64;-14,39
03,09.2019 10:08:13;28.2;2.25;299.5;455.94295357470236;291.82;Module 1,12_9;483.83;63,45;35,62;2,16;76,84;-13,39
03,09.2019 10:10:06;32.1;2.28;299.5;463.51810088061353;292.04;Module 1,12_9;491.51;73,19;35,63;2,20;78,25;-5,06
03,09.2019 10:11:59;32.8;2.29;301.5;471.0952278403495;292.38;Module 1,12_9;499.19;75,11;35,29;2,24;78,93;-3,82
03,09.2019 10:13:52;33.7;2.32;301.5;481.09185198669115;292.87;Module 1,12_9;509.43;78,18;35,31;2,29;80,78;-2,59
03,09.2019 10:15:44;33.8;2.35;302;486.2522481466727;293.29;Module 1,12_9;514.55;79,43;35,23;2,31;81,54;-2,11
03,09.2019 10:17:37;33.9;2.4;302;496.2556987663249;293.63;Module 1,12_9;524.79;81,36;35,24;2,37;83,37;-2,01
03,09.2019 10:19:30;33.9;2.44;302;506.2639517045192;293.86;Module 1,12_9;535.03;82,72;35,26;2,42;85,21;-2,50
03,09.2019 10:21:22;33.9;2.52;304;521.1217364439037;294.02;Module 1,12_9;550.39;85,43;34,93;2,49;87,12;-1,69
03,09.2019 10:23:15;33.8;2.64;304;545.6941577116926;294.28;Module 1,12_9;575.99;89,23;34,95;2,62;91,58;-2,35
03,09.2019 10:25:09;33.8;2.78;305.5;572.7179949262858;294.32;Module 1,12_9;604.15;93,96;34,72;2,76;95,80;-1,83
03,09.2019 10:27:01;33.7;2.92;305.5;597.331348162245;294.27;Module 1,12_9;629.75;98,40;34,74;2,88;100,22;-1,82
03,09.2019 10:28:54;33.5;3.13;305.5;643.1129334496751;294.53;Module 1,12_9;677.63;104,85;34,77;3,12;108,44;-3,59
03,09.2019 10:30:47;33.5;2.45;306;615.0213932353147;295.08;Module 1,12_9;647.67;82,08;34,66;2,98;103,15;-21,08
03,09.2019 10:32:40;33;2.23;306;445.09690397592436;295.18;Module 1,12_9;468.47;73,59;34,44;2,11;72,60;0,99
03,09.2019 10:34:34;33.3;2.38;306;584.0499622299255;295.18;Module 1,12_9;614.39;79,25;34,64;2,82;97,60;-18,35
03,09.2019 10:36:26;33.5;2.94;307.6;572.1769749714921;295.12;Module 1,12_9;601.59;98,49;34,34;2,76;94,73;3,76
03,09.2019 10:38:21;33.6;3.53;307.6;727.5460706428534;295.28;Module 1,12_9;764.55;118,61;34,42;3,55;122,27;-3,66
03,09.2019 10:40:14;33.5;3;308.1;694.5474858336609;295.57;Module 1,12_9;729.51;100,50;34,33;3,38;116,16;-15,66
03,09.2019 10:42:07;33.2;3.48;308.1;716.1273052011239;295.72;Module 1,12_9;751.81;115,54;34,34;3,49;119,96;-4,42
03,09.2019 10:43:59;33.2;2.55;308.1;575.7474760477659;295.88;Module 1,12_9;604.15;84,66;34,26;2,78;95,13;-10,47
03,09.2019 10:45:52;33.2;3.5;309.6;658.526181691542;296.32;Module 1,12_9;690.69;116,20;34,05;3,20;108,99;7,21
03,09.2019 10:47:45;33;3.21;309.6;672.7726127649179;296.72;Module 1,12_9;705.31;105,93;34,05;3,27;111,48;-5,55
03,09.2019 10:49:38;33;2.19;310.1;403.08456779895346;297.09;Module 1,12_9;422.39;72,27;33,60;1,90;63,75;8,52
03,09.2019 10:51:32;33.5;2.36;310.1;466.80872093798445;297.16;Module 1,12_9;488.95;79,06;33,75;2,22;75,00;4,06
03,09.2019 10:53:26;32.7;2.2;310.1;432.7790144198556;297.29;Module 1,12_9;453.11;71,94;33,68;2,05;68,99;2,95
03,09.2019 10:55:21;32.9;2.61;310.1;540.5961262616025;297.41;Module 1,12_9;565.75;85,87;33,87;2,60;88,01;-2,14
03,09.2019 10:57:15;33.2;2.21;310.1;550.6096202440118;297.7;Module 1,12_9;575.99;73,37;33,88;2,65;89,77;-16,40
03,09.2019 10:59:09;33.1;2.65;311.1;526.3519969471331;297.99;Module 1,12_9;550.39;87,72;33,66;2,53;85,08;2,64
03,09.2019 11:01:07;32.8;2.66;311.1;538.8155145290982;297.84;Module 1,12_9;563.19;87,25;33,68;2,59;87,26;-0,01
03,09.2019 11:02:59;32.8;2.09;311.1;438.56665387971435;297.82;Module 1,12_9;458.23;68,55;33,51;2,08;69,67;-1,12
03,09.2019 11:04:52;33.1;3.51;311.1;724.7628968697699;297.74;Module 1,12_9;756.97;116,18;33,80;3,54;119,67;-3,49
03,09.2019 11:06:45;32.8;3.38;311.1;711.6815004414684;297.78;Module 1,12_9;743.03;110,86;33,80;3,47;117,40;-6,54
03,09.2019 11:08:38;33;3.37;311.1;719.8660540285587;297.94;Module 1,12_9;751.3;111,21;33,80;3,51;118,82;-7,61
03,09.2019 11:10:32;32.7;3.45;311.1;610.9816488653735;298.32;Module 1,12_9;637.43;112,82;33,75;2,96;99,88;12,93
03,09.2019 11:12:24;32.8;3.41;311.1;711.7297968596787;298.42;Module 1,12_9;742.28;111,85;33,80;3,47;117,41;-5,56
03,09.2019 11:14:17;32.6;3.4;313.6;698.3174453515917;298.55;Module 1,12_9;728.04;110,84;33,35;3,41;113,62;-2,78
03,09.2019 11:16:10;32.6;3.4;313.6;694.6015267248456;298.67;Module 1,12_9;723.92;110,84;33,35;3,39;112,98;-2,14
03,09.2019 11:18:02;32.5;3.41;313.6;694.6775922651408;298.56;Module 1,12_9;723.76;110,83;33,35;3,39;113,00;-2,17
03,09.2019 11:19:55;32.5;3.41;313.6;694.7131129936638;298.56;Module 1,12_9;723.56;110,83;33,35;3,39;113,00;-2,18
03,09.2019 11:21:48;32.4;3.43;313.6;700.1709962856902;298.71;Module 1,12_9;729.01;111,13;33,35;3,42;113,94;-2,81
03,09.2019 11:23:42;32.4;3.46;314.1;703.7375655174152;298.98;Module 1,12_9;732.49;112,10;33,27;3,43;114,25;-2,15
03,09.2019 11:25:36;32.2;3.48;314.1;705.8511397860908;298.82;Module 1,12_9;734.46;112,06;33,27;3,45;114,61;-2,56
03,09.2019 11:27:30;32.3;3.5;315.6;711.5863132100482;298.6;Module 1,12_9;740.2;113,05;33,00;3,48;114,69;-1,64
03,09.2019 11:29:32;32.2;3.52;315.6;719.5671737760256;298.67;Module 1,12_9;748.26;113,34;33,00;3,52;116,04;-2,70
03,09.2019 11:31:25;32.2;3.55;315.6;725.2713150177356;298.79;Module 1,12_9;753.97;114,31;33,00;3,55;117,00;-2,69
03,09.2019 11:33:19;32.2;3.58;315.6;730.2456269613494;298.96;Module 1,12_9;758.92;115,28;33,00;3,57;117,85;-2,57
03,09.2019 11:35:12;32.2;3.62;315.6;737.8448584915883;299.24;Module 1,12_9;766.6;116,56;33,00;3,61;119,13;-2,57
03,09.2019 11:37:06;32.1;3.63;316.1;739.8914552527164;299.4;Module 1,12_9;768.51;116,52;32,91;3,62;119,16;-2,64
03,09.2019 11:38:59;32;3.66;316.1;748.2801493455704;299.56;Module 1,12_9;777.01;117,12;32,91;3,66;120,57;-3,45
03,09.2019 11:40:52;32;3.69;317.6;751.0924989191476;299.71;Module 1,12_9;779.72;118,08;32,65;3,68;120,08;-2,00
03,09.2019 11:42:45;31.9;3.7;317.6;755.145897851296;299.96;Module 1,12_9;783.72;118,03;32,65;3,70;120,76;-2,73
03,09.2019 11:44:37;31.8;3.73;317.6;759.1866907815893;300.26;Module 1,12_9;787.71;118,61;32,65;3,72;121,44;-2,82
03,09.2019 11:46:30;31.7;3.74;317.6;762.1675876491755;300.47;Module 1,12_9;790.6;118,56;32,65;3,73;121,93;-3,37
03,09.2019 11:48:23;31.8;3.77;317.6;772.0027901951145;300.28;Module 1,12_9;800.6;119,89;32,65;3,78;123,57;-3,69
03,09.2019 11:50:16;31.8;3.81;318.1;777.6633339141376;300.42;Module 1,12_9;806.27;121,16;32,56;3,81;124,18;-3,02
03,09.2019 11:52:09;31.8;3.82;318.1;784.1435418317423;300.48;Module 1,12_9;812.79;121,48;32,55;3,85;125,26;-3,78
03,09.2019 11:54:03;31.8;3.85;318.1;790.7605334544328;300.28;Module 1,12_9;819.45;122,43;32,55;3,88;126,35;-3,92
03,09.2019 11:55:56;31.8;3.85;319.6;793.9397414793405;299.76;Module 1,12_9;822.55;122,43;32,29;3,90;125,85;-3,42
03,09.2019 11:57:50;31.7;3.89;319.6;800.9711633120486;299.35;Module 1,12_9;829.64;123,31;32,29;3,93;127,01;-3,70
03,09.2019 11:59:42;31.8;3.9;319.6;803.3354129496136;299.08;Module 1,12_9;831.9;124,02;32,29;3,95;127,40;-3,38
03,09.2019 12:01:35;31.7;3.91;319.6;804.5210609882373;299.28;Module 1,12_9;832.94;123,95;32,29;3,95;127,59;-3,65
03,09.2019 12:03:28;31.8;3.93;319.6;805.7236792662467;299.69;Module 1,12_9;834;124,97;32,29;3,96;127,79;-2,82
03,09.2019 12:05:21;31.7;3.95;320.1;810.798889123016;300.18;Module 1,12_9;839.07;125,22;32,20;3,98;128,27;-3,06
03,09.2019 12:07:14;31.6;3.97;320.1;814.2594325885536;300.66;Module 1,12_9;842.47;125,45;32,20;4,00;128,84;-3,39
03,09.2019 12:09:07;31.5;4;320.1;821.4115764294434;300.96;Module 1,12_9;849.69;126,00;32,20;4,04;130,01;-4,01
03,09.2019 12:11:03;31.5;4;320.1;825.7741467887208;300.69;Module 1,12_9;854.02;126,00;32,20;4,06;130,72;-4,72
03,09.2019 12:12:57;31.6;4.02;321.7;831.3416699456108;300.6;Module 1,12_9;859.6;127,03;31,91;4,09;130,48;-3,44
03,09.2019 12:14:50;31.7;4.04;321.7;832.5156707208213;300.04;Module 1,12_9;860.64;128,07;31,91;4,10;130,67;-2,60
03,09.2019 12:16:45;31.6;4.05;321.7;836.5349657459057;299.89;Module 1,12_9;864.62;127,98;31,91;4,12;131,32;-3,34
03,09.2019 12:18:38;31.6;4.06;321.7;835.8956686768065;300.1;Module 1,12_9;863.79;128,30;31,91;4,11;131,21;-2,92
03,09.2019 12:20:32;31.6;4.09;321.7;846.8020271259857;300.28;Module 1,12_9;874.89;129,24;31,91;4,17;132,98;-3,73
03,09.2019 12:22:25;31.6;4.12;321.7;852.9747276419816;300.14;Module 1,12_9;881.1;130,19;31,91;4,20;133,98;-3,78
03,09.2019 12:24:19;31.5;4.15;321.7;856.8829752207134;300.27;Module 1,12_9;884.97;130,73;31,91;4,22;134,61;-3,88
03,09.2019 12:26:12;31.5;4.15;321.7;856.760111210619;300.68;Module 1,12_9;884.68;130,73;31,91;4,22;134,59;-3,86
03,09.2019 12:28:05;31.4;4.16;322.2;858.6689146512549;300.98;Module 1,12_9;886.49;130,62;31,81;4,23;134,52;-3,90
03,09.2019 12:29:59;31.5;4.18;322.2;864.9369748957836;301.19;Module 1,12_9;892.8;131,67;31,81;4,26;135,53;-3,86
03,09.2019 12:31:52;31.5;4.21;323.7;868.1222713553464;301.07;Module 1,12_9;895.93;132,62;31,54;4,28;134,90;-2,28
03,09.2019 12:33:45;31.4;4.25;323.7;876.1617376019119;301.21;Module 1,12_9;904.07;133,45;31,54;4,32;136,18;-2,73
03,09.2019 12:35:38;31.4;4.25;323.7;878.7348752246867;301.19;Module 1,12_9;906.57;133,45;31,54;4,33;136,59;-3,14
03,09.2019 12:37:32;31.4;4.32;323.7;886.9986905838423;301.38;Module 1,12_9;914.94;135,65;31,53;4,37;137,91;-2,26
03,09.2019 12:39:32;31.4;4.33;323.7;895.3387418350962;301.35;Module 1,12_9;923.38;135,96;31,53;4,42;139,23;-3,27
03,09.2019 12:41:24;31.4;4.33;323.7;895.619601406023;300.97;Module 1,12_9;923.52;135,96;31,53;4,42;139,28;-3,32
03,09.2019 12:43:17;31.4;4.41;323.7;908.5089804063248;301.03;Module 1,12_9;936.66;138,47;31,53;4,48;141,33;-2,85
03,09.2019 12:45:11;31.4;4.42;323.7;908.4119581033847;301.5;Module 1,12_9;936.41;138,79;31,53;4,48;141,31;-2,52
03,09.2019 12:47:14;31.4;4.28;323.7;882.9418138529122;302;Module 1,12_9;910;134,39;31,54;4,35;137,26;-2,87
03,09.2019 12:49:11;31.2;4.05;323.7;811.9604065136859;302.33;Module 1,12_9;836.71;126,36;31,55;3,99;125,92;0,44
03,09.2019 12:51:04;31.5;3.77;323.7;773.7363986717545;302.21;Module 1,12_9;797.2;118,75;31,55;3,80;119,78;-1,02
03,09.2019 12:52:57;31.3;3.87;323.7;799.2749704125162;301.9;Module 1,12_9;823.39;121,13;31,55;3,93;123,88;-2,75
03,09.2019 12:54:49;31.4;4.32;324.2;891.8946140096396;301.53;Module 1,12_9;918.67;135,65;31,45;4,40;138,29;-2,64
03,09.2019 12:56:43;31.6;4.55;324.2;941.6139702297633;301.07;Module 1,12_9;969.74;143,78;31,42;4,65;146,16;-2,38
03,09.2019 12:58:36;31.4;4.19;324.2;920.0825941807204;301.14;Module 1,12_9;947.43;131,57;31,43;4,54;142,76;-11,19
03,09.2019 13:00:41;31.6;4.51;323.7;937.4856720617225;300.92;Module 1,12_9;965.2;142,52;31,52;4,63;145,92;-3,41
03,09.2019 13:02:34;31.4;4.51;323.7;934.953967075207;300.97;Module 1,12_9;962.46;141,61;31,52;4,62;145,52;-3,91
03,09.2019 13:04:29;31.5;4.16;323.7;901.5264137096218;301.06;Module 1,12_9;927.92;131,04;31,53;4,45;140,22;-9,18
03,09.2019 13:06:23;31.5;4.31;323.7;894.3708969906161;301.39;Module 1,12_9;920.43;135,76;31,53;4,41;139,08;-3,31
03,09.2019 13:08:20;31.4;4.52;323.7;934.280067251628;301.65;Module 1,12_9;961.37;141,93;31,52;4,61;145,41;-3,49
03,09.2019 13:10:13;31.4;4.51;323.7;929.2605118130363;301.78;Module 1,12_9;956.08;141,61;31,52;4,59;144,62;-3,00
03,09.2019 13:12:06;31.3;4.5;323.7;925.8223461671097;301.96;Module 1,12_9;952.42;140,85;31,52;4,57;144,07;-3,22
03,09.2019 13:13:59;31.2;4.5;324.2;928.5549940339315;302.06;Module 1,12_9;955.11;140,40;31,43;4,58;144,10;-3,70
03,09.2019 13:15:51;31.3;4.5;324.2;933.3079873259844;302.19;Module 1,12_9;959.88;140,85;31,43;4,61;144,85;-4,00
03,09.2019 13:17:45;31.3;4.52;325.7;933.2489137453524;302.32;Module 1,12_9;959.7;141,48;31,16;4,61;143,60;-2,12
03,09.2019 13:19:39;31.1;4.55;325.7;939.8501068265508;302.5;Module 1,12_9;966.37;141,50;31,16;4,64;144,63;-3,13
03,09.2019 13:21:32;31;4.61;325.7;954.1440313551336;302.76;Module 1,12_9;980.95;142,91;31,15;4,72;146,87;-3,96
03,09.2019 13:23:24;30.9;4.58;325.7;958.7691424464949;302.54;Module 1,12_9;985.59;141,52;31,15;4,74;147,59;-6,07
03,09.2019 13:25:20;30.9;4.17;325.7;782.3501007803819;302.77;Module 1,12_9;804.14;128,85;31,19;3,84;119,80;9,06
03,09.2019 13:27:14;30.9;4.39;325.7;912.143176642951;302.91;Module 1,12_9;937.44;135,65;31,16;4,50;140,29;-4,64
03,09.2019 13:29:08;31.1;4.67;325.7;964.0851219042489;303.12;Module 1,12_9;990.71;145,24;31,14;4,77;148,42;-3,18
03,09.2019 13:31:01;31.2;4.67;325.7;966.6834526877508;303.4;Module 1,12_9;993.27;145,70;31,14;4,78;148,82;-3,12
03,09.2019 13:32:54;31;4.61;326.2;952.0234184024175;303.5;Module 1,12_9;978.1;142,91;31,06;4,70;146,11;-3,20
03,09.2019 13:34:48;31.1;4.35;326.2;885.5722275853166;303.52;Module 1,12_9;909.73;135,28;31,09;4,37;135,73;-0,44
03,09.2019 13:36:42;31.4;4.63;326.2;955.2268798161394;303.15;Module 1,12_9;981.18;145,38;31,05;4,72;146,61;-1,23
03,09.2019 13:38:35;31.4;4.57;325.7;945.2978407097658;303.06;Module 1,12_9;970.88;143,50;31,16;4,67;145,48;-1,99
03,09.2019 13:40:29;31.4;4.66;325.7;959.7195865227125;303.14;Module 1,12_9;985.59;146,32;31,15;4,74;147,74;-1,41
03,09.2019 13:42:22;31.3;4.62;325.7;944.5660551030694;303.64;Module 1,12_9;969.93;144,61;31,16;4,67;145,37;-0,76
03,09.2019 13:44:15;31.1;4.71;325.7;936.6638931692816;304.05;Module 1,12_9;961.72;146,48;31,16;4,63;144,13;2,35
03,09.2019 13:46:09;30.9;2.98;325.7;598.4421247027882;304.2;Module 1,12_9;614.39;92,08;31,11;2,90;90,35;1,73
03,09.2019 13:48:02;30.7;4.23;325.7;975.0620159339306;304.1;Module 1,12_9;1000.95;129,86;31,14;4,82;150,13;-20,27
03,09.2019 13:49:55;31.3;4.45;325.7;949.0353811857818;304.18;Module 1,12_9;974.14;139,28;31,15;4,69;146,07;-6,78
03,09.2019 13:51:47;31.1;4.15;325.7;841.6947234825503;304.12;Module 1,12_9;863.88;129,07;31,19;4,14;129,20;-0,13
03,09.2019 13:53:44;31.1;4.66;325.7;962.8648330303688;303.92;Module 1,12_9;988.15;144,93;31,14;4,76;148,23;-3,30
03,09.2019 13:55:37;31.2;4.71;325.7;970.4358912378311;303.39;Module 1,12_9;995.83;146,95;31,14;4,80;149,41;-2,46
03,09.2019 13:57:33;31.2;4.7;325.7;973.019252784799;302.98;Module 1,12_9;998.39;146,64;31,14;4,81;149,81;-3,17
03,09.2019 13:59:27;31.1;4.71;325.7;973.1049065839552;303.28;Module 1,12_9;998.39;146,48;31,14;4,81;149,82;-3,34
03,09.2019 14:01:20;31.1;4.36;325.7;968.1976305108232;303.64;Module 1,12_9;993.27;135,60;31,14;4,79;149,06;-13,46
03,09.2019 14:03:14;31.4;4.76;325.7;985.7491515540984;303.57;Module 1,12_9;1011.19;149,46;31,13;4,88;151,79;-2,33
03,09.2019 14:05:08;31.3;4.76;325.7;985.8315765814776;303.81;Module 1,12_9;1011.19;148,99;31,13;4,88;151,81;-2,82
03,09.2019 14:07:01;31.1;4.82;325.7;993.3998813609668;304.21;Module 1,12_9;1018.87;149,90;31,13;4,92;152,98;-3,08
03,09.2019 14:08:55;31.1;4.88;325.7;1005.9611032342485;304.39;Module 1,12_9;1031.67;151,77;31,13;4,98;154,93;-3,17
03,09.2019 14:10:47;31;3.94;326.2;807.2538699106178;304.67;Module 1,12_9;827.82;122,14;31,10;3,97;123,39;-1,25
03,09.2019 14:12:40;31.1;3.59;326.2;710.6609940809207;304.57;Module 1,12_9;728.71;111,65;31,09;3,48;108,06;3,59
03,09.2019 14:13:36;31.2;3.49;326.2;721.9716708554952;304.38;Module 1,12_9;740.28;108,89;31,09;3,53;109,86;-0,97
03,09.2019 14:15:30;31.4;3.12;326.2;641.2777918415177;303.96;Module 1,12_9;657.49;97,97;31,05;3,12;96,97;1,00
03,09.2019 14:17:23;31.5;3.9;326.2;836.1835541026617;303.55;Module 1,12_9;857.26;122,85;31,09;4,12;127,96;-5,11
03,09.2019 14:19:20;31.8;4.65;325.7;961.4304321433377;303.56;Module 1,12_9;985.59;147,87;31,15;4,75;148,00;-0,13
03,09.2019 14:21:12;31.4;4.62;325.7;955.5666308870623;303.76;Module 1,12_9;979.51;145,07;31,15;4,72;147,09;-2,02
03,09.2019 14:23:05;31.3;4.57;325.7;945.1451386257401;304.04;Module 1,12_9;968.76;143,04;31,16;4,67;145,46;-2,42
03,09.2019 14:24:59;31.3;4.54;325.7;939.6194416505525;304.14;Module 1,12_9;963.03;142,10;31,16;4,64;144,60;-2,49
03,09.2019 14:26:52;31.2;4.57;325.7;940.8433706720264;304.38;Module 1,12_9;964.22;142,58;31,16;4,65;144,79;-2,20
03,09.2019 14:28:46;30.8;4.03;325.7;838.3955673400885;304.86;Module 1,12_9;859.17;124,12;31,19;4,13;128,68;-4,55
03,09.2019 14:30:38;30.9;4.6;326.2;947.3670593098068;305.25;Module 1,12_9;970.78;142,14;31,06;4,68;145,39;-3,25
03,09.2019 14:32:31;30.8;4.61;326.2;953.0869833147997;305.85;Module 1,12_9;976.58;141,99;31,06;4,71;146,28;-4,29
03,09.2019 14:34:35;30.5;4.55;326.2;935.8464942155654;306.26;Module 1,12_9;958.85;138,78;31,06;4,62;143,59;-4,81
03,09.2019 14:36:27;30.7;4.57;326.2;939.8844448513071;306.74;Module 1,12_9;962.93;140,30;31,06;4,64;144,22;-3,92
03,09.2019 14:38:21;30.6;4.57;326.2;940.6330539058499;306.82;Module 1,12_9;963.64;139,84;31,06;4,65;144,34;-4,49
03,09.2019 14:40:13;30.6;4.56;327.2;935.6395804380165;306.33;Module 1,12_9;958.47;139,54;30,88;4,62;142,72;-3,19
03,09.2019 14:42:07;30.6;4.57;327.2;935.184717112226;305.92;Module 1,12_9;957.95;139,84;30,88;4,62;142,65;-2,81
03,09.2019 14:44:00;30.7;4.51;327.2;932.2385436591151;305.67;Module 1,12_9;954.88;138,46;30,89;4,60;142,20;-3,74
03,09.2019 14:45:53;30.7;4.52;327.2;936.789097950123;304.97;Module 1,12_9;959.49;138,76;30,88;4,63;142,90;-4,14
03,09.2019 14:47:46;30.8;4.35;327.2;918.198399226835;304.76;Module 1,12_9;940.4;133,98;30,89;4,53;140,02;-6,04
03,09.2019 14:49:41;30.7;4.02;327.2;829.2722730957994;304.8;Module 1,12_9;849.28;123,41;30,91;4,08;126,14;-2,72
03,09.2019 14:51:34;31;4.3;327.2;895.9389462031004;304.68;Module 1,12_9;917.51;133,30;30,90;4,42;136,55;-3,25
03,09.2019 14:53:27;30.9;4.42;327.2;916.4402475635724;304.8;Module 1,12_9;938.46;136,58;30,89;4,52;139,74;-3,17
03,09.2019 14:55:21;30.9;4.43;327.2;915.3503987586571;304.55;Module 1,12_9;937.3;136,89;30,89;4,52;139,57;-2,69
03,09.2019 14:57:15;31.1;4.39;327.2;904.5026929972273;304.46;Module 1,12_9;926.15;136,53;30,90;4,46;137,89;-1,36
03,09.2019 14:59:08;31.1;4.09;327.2;846.3230335127848;304.38;Module 1,12_9;866.54;127,20;30,91;4,17;128,81;-1,61
03,09.2019 15:01:05;31.1;4.4;327.2;910.6766881838658;304.49;Module 1,12_9;932.39;136,84;30,90;4,49;138,85;-2,01
03,09.2019 15:02:59;31;4.37;327.2;901.0152164981445;304.74;Module 1,12_9;922.46;135,47;30,90;4,45;137,35;-1,88
03,09.2019 15:04:52;31.1;4.39;327.2;902.1156415666727;304.8;Module 1,12_9;923.55;136,53;30,90;4,45;137,52;-0,99
03,09.2019 15:06:45;31.2;4.37;327.2;897.6469943236939;304.51;Module 1,12_9;918.94;136,34;30,90;4,43;136,82;-0,48
03,09.2019 15:08:37;31.2;4.38;327.2;897.2597852964057;304.62;Module 1,12_9;918.51;136,66;30,90;4,43;136,76;-0,10
03,09.2019 15:10:30;31.2;4.33;327.2;885.1488190873813;304.66;Module 1,12_9;906.08;135,10;30,91;4,36;134,87;0,22
03,09.2019 15:12:30;31.1;4.25;327.2;873.4283635668068;304.69;Module 1,12_9;894.05;132,18;30,91;4,30;133,04;-0,87
03,09.2019 15:14:29;31;4.26;327.2;874.9531503634909;304.79;Module 1,12_9;895.58;132,06;30,91;4,31;133,28;-1,22
03,09.2019 15:16:22;31.1;4.25;326.2;871.131080071133;304.48;Module 1,12_9;891.64;132,18;31,09;4,29;133,46;-1,28
03,09.2019 15:18:15;31.3;4.24;326.2;867.1316845786438;303.92;Module 1,12_9;887.52;132,71;31,09;4,27;132,83;-0,12
03,09.2019 15:20:08;31.4;4.24;326.2;869.9506749674335;303.6;Module 1,12_9;890.38;133,14;31,09;4,29;133,27;-0,14
03,09.2019 15:22:01;31.4;4.21;326.2;868.9384198614949;303.61;Module 1,12_9;889.32;132,19;31,09;4,28;133,11;-0,92
03,09.2019 15:23:55;31.3;4.21;326.2;858.8184172745557;303.87;Module 1,12_9;878.94;131,77;31,09;4,23;131,52;0,25
03,09.2019 15:25:47;31.3;4.2;326.2;864.7016882361556;304.23;Module 1,12_9;884.94;131,46;31,09;4,26;132,45;-0,99
03,09.2019 15:27:40;31.3;4.16;326.2;851.2854025556019;304.49;Module 1,12_9;871.19;130,21;31,09;4,19;130,34;-0,13
03,09.2019 15:29:33;31.1;4.14;325.7;850.111258119218;304.82;Module 1,12_9;869.97;128,75;31,18;4,19;130,53;-1,77
03,09.2019 15:31:27;31.2;4.2;325.7;856.724173130094;305.23;Module 1,12_9;876.72;131,04;31,18;4,22;131,57;-0,53
03,09.2019 15:33:19;31.1;4.1;325.7;841.0846990572918;305.31;Module 1,12_9;860.7;127,51;31,19;4,14;129,10;-1,59
03,09.2019 15:35:12;31.1;4.13;326.2;843.0824916903302;305.15;Module 1,12_9;862.73;128,44;31,09;4,15;129,05;-0,60
03,09.2019 15:37:05;31.1;4.08;326.2;841.5414526125023;304.87;Module 1,12_9;861.14;126,89;31,09;4,14;128,80;-1,92
03,09.2019 15:38:58;31.1;3.96;326.2;791.7227061250588;304.64;Module 1,12_9;810.15;123,16;31,10;3,89;120,94;2,22
03,09.2019 15:40:51;31.3;4.07;326.2;834.184704658687;304.51;Module 1,12_9;853.59;127,39;31,09;4,11;127,64;-0,25
03,09.2019 15:42:44;31.2;3.98;326.2;828.8575319123895;304.81;Module 1,12_9;848.13;124,18;31,09;4,08;126,80;-2,63
03,09.2019 15:44:36;31.1;4.03;326.2;826.3434643263199;305.17;Module 1,12_9;845.55;125,33;31,09;4,07;126,41;-1,07
03,09.2019 15:46:30;31.1;4.04;326.2;825.9097832373059;305.48;Module 1,12_9;845.1;125,64;31,09;4,06;126,34;-0,70
03,09.2019 15:48:23;31.3;4.04;326.2;822.7773558558447;305.43;Module 1,12_9;841.89;126,45;31,09;4,05;125,84;0,61
03,09.2019 15:50:16;31.3;3.92;326.2;802.482126880273;305.55;Module 1,12_9;821.12;122,70;31,10;3,94;122,64;0,06
03,09.2019 15:52:09;31.3;3.99;326.2;816.156529084961;305.64;Module 1,12_9;835.11;124,89;31,09;4,01;124,80;0,09
03,09.2019 15:54:02;31.4;3.97;325.7;818.7371898431389;305.07;Module 1,12_9;837.75;124,66;31,19;4,03;125,57;-0,91
03,09.2019 15:55:55;31.5;3.88;325.7;795.3103966512706;304.64;Module 1,12_9;813.78;122,22;31,19;3,91;121,85;0,37
03,09.2019 15:57:47;31.4;3.78;325.7;776.6906637619984;304.72;Module 1,12_9;794.73;118,69;31,19;3,81;118,90;-0,20
03,09.2019 15:59:43;31.4;3.75;325.7;764.9008877252265;304.7;Module 1,12_9;782.67;117,75;31,19;3,75;117,02;0,73
03,09.2019 16:01:37;31.3;3.83;325.7;795.8272780410523;304.96;Module 1,12_9;814.32;119,88;31,19;3,91;121,94;-2,06
03,09.2019 16:03:30;31.3;3.89;325.7;798.3813080691721;305.02;Module 1,12_9;816.94;121,76;31,19;3,92;122,34;-0,58
03,09.2019 16:05:23;31.3;3.85;325.7;793.203601308547;304.71;Module 1,12_9;811.65;120,51;31,19;3,90;121,52;-1,01
03,09.2019 16:07:16;31.5;3.7;325.7;783.7441274112795;304.68;Module 1,12_9;801.98;116,55;31,19;3,85;120,02;-3,47
03,09.2019 16:09:09;31.6;3.82;325.7;783.8799904417964;304.67;Module 1,12_9;802.13;120,71;31,19;3,85;120,04;0,67
03,09.2019 16:11:01;31.6;3.81;325.7;779.1282952232739;304.68;Module 1,12_9;797.28;120,40;31,19;3,82;119,28;1,11
03,09.2019 16:12:54;31.6;3.71;323.7;762.5703688246367;304.48;Module 1,12_9;780.35;117,24;31,55;3,74;117,98;-0,75
03,09.2019 16:14:47;31.6;3.73;323.7;775.0831463709957;304.23;Module 1,12_9;793.17;117,87;31,55;3,80;120,00;-2,13
03,09.2019 16:16:40;31.9;3.74;323.7;771.2261526370404;303.66;Module 1,12_9;789.24;119,31;31,55;3,78;119,38;-0,07
03,09.2019 16:18:34;31.9;3.71;323.7;764.0648059640289;303.75;Module 1,12_9;781.93;118,35;31,55;3,75;118,22;0,13
03,09.2019 16:20:27;31.9;3.64;323.7;752.7788906223075;303.86;Module 1,12_9;770.4;116,12;31,55;3,69;116,40;-0,29
03,09.2019 16:22:19;31.9;3.63;323.7;751.3315657469677;303.73;Module 1,12_9;768.94;115,80;31,55;3,68;116,17;-0,37
03,09.2019 16:24:13;31.9;3.61;323.7;749.0517986477796;303.01;Module 1,12_9;766.63;115,16;31,55;3,67;115,80;-0,64
03,09.2019 16:26:05;31.9;3.59;323.7;744.5823590357077;302.67;Module 1,12_9;762.08;114,52;31,55;3,65;115,08;-0,56
03,09.2019 16:27:58;31.9;3.58;323.7;742.7687870959952;302.68;Module 1,12_9;760.25;114,20;31,55;3,64;114,79;-0,59
03,09.2019 16:29:50;31.8;3.56;323.7;736.45981906988;303.16;Module 1,12_9;753.82;113,21;31,55;3,61;113,77;-0,56
03,09.2019 16:31:43;31.8;3.51;323.7;732.3083856509066;303.59;Module 1,12_9;749.6;111,62;31,55;3,59;113,10;-1,48
03,09.2019 16:33:37;31.8;3.49;323.7;723.0363447197151;303.56;Module 1,12_9;740.14;110,98;31,54;3,54;111,60;-0,62
03,09.2019 16:35:31;31.6;3.49;323.7;716.2444941325712;304;Module 1,12_9;733.22;110,28;31,54;3,50;110,51;-0,22
03,09.2019 16:37:26;31.6;3.32;323.7;684.8748052991106;304.4;Module 1,12_9;701.14;104,91;31,53;3,34;105,43;-0,52
03,09.2019 16:39:19;31.6;3.35;323.7;689.8421783362495;304.66;Module 1,12_9;706.26;105,86;31,53;3,37;106,23;-0,37
03,09.2019 16:41:11;31.8;3.38;323.7;699.1636701484144;304.53;Module 1,12_9;715.84;107,48;31,54;3,42;107,74;-0,26
03,09.2019 16:43:05;31.8;3.37;323.7;694.3885819997977;304.19;Module 1,12_9;710.99;107,17;31,53;3,39;106,97;0,20
03,09.2019 16:44:57;31.9;3.33;323.7;687.5717244933519;304.21;Module 1,12_9;704.05;106,23;31,53;3,36;105,87;0,36
03,09.2019 16:46:50;32.1;3.25;322.2;675.5875151318088;304.35;Module 1,12_9;691.82;104,33;31,80;3,30;104,79;-0,47
03,09.2019 16:48:42;32.2;3.21;322.2;661.1913162430469;304.34;Module 1,12_9;677.12;103,36;31,79;3,22;102,44;0,92
03,09.2019 16:50:36;32.1;3.25;322.2;676.7798552638528;304.06;Module 1,12_9;693.13;104,33;31,80;3,30;104,99;-0,66
03,09.2019 16:52:29;32.2;3.02;322.2;667.1651932186282;303.78;Module 1,12_9;683.33;97,24;31,80;3,25;103,42;-6,17
03,09.2019 16:54:21;32.2;3.28;322.2;675.3477311675458;303.71;Module 1,12_9;691.76;105,62;31,80;3,29;104,76;0,86
03,09.2019 16:56:14;32.2;3.29;321.7;676.7907218838739;303.82;Module 1,12_9;693.29;105,94;31,89;3,30;105,28;0,66
03,09.2019 16:58:09;32;3.24;321.7;666.1752009574334;303.71;Module 1,12_9;682.47;103,68;31,88;3,25;103,54;0,14
03,09.2019 17:00:01;32.2;3.16;321.7;651.7149317081789;303.57;Module 1,12_9;667.71;101,75;31,88;3,17;101,17;0,59
03,09.2019 17:01:54;32.1;3.11;321.7;650.0687418676256;303.22;Module 1,12_9;666.08;99,83;31,88;3,17;100,89;-1,06
03,09.2019 17:03:47;32.2;3.07;320.1;640.4964339845224;303.13;Module 1,12_9;656.33;98,85;32,16;3,12;100,19;-1,34
03,09.2019 17:05:43;31.8;2.67;320.1;537.0613627516232;303.32;Module 1,12_9;550.39;84,91;32,06;2,59;82,97;1,93
03,09.2019 17:07:37;31.8;2.81;320.1;561.9870147238211;303.38;Module 1,12_9;575.99;89,36;32,09;2,72;87,13;2,22
03,09.2019 17:09:29;31.8;2.99;320.1;614.3792848921618;303.53;Module 1,12_9;629.75;95,08;32,14;2,98;95,86;-0,77
03,09.2019 17:11:22;31.9;2.99;320.1;611.8183172388731;303.78;Module 1,12_9;627.19;95,38;32,14;2,97;95,43;-0,05
03,09.2019 17:13:16;32;3;319.6;611.7517940644906;303.76;Module 1,12_9;627.19;96,00;32,23;2,97;95,68;0,32
03,09.2019 17:15:08;31.9;2.97;319.6;604.1937826302485;303.74;Module 1,12_9;619.51;94,74;32,22;2,93;94,42;0,33
03,09.2019 17:17:01;32;2.94;319.6;599.1307079892297;303.7;Module 1,12_9;614.39;94,08;32,22;2,90;93,57;0,51
03,09.2019 17:18:54;32;2.92;319.6;594.0661623030152;303.71;Module 1,12_9;609.27;93,44;32,21;2,88;92,73;0,71
03,09.2019 17:20:46;32;2.75;319.6;559.0511068638287;303.78;Module 1,12_9;573.43;88,00;32,18;2,70;86,88;1,12
03,09.2019 17:22:40;32;2.87;319.6;581.4371161717416;303.83;Module 1,12_9;596.47;91,84;32,20;2,81;90,62;1,22
03,09.2019 17:24:32;32;2.71;319.6;543.9321949030514;304.08;Module 1,12_9;558.07;86,72;32,16;2,62;84,35;2,37
03,09.2019 17:26:26;32;2.47;319.6;493.95953214628844;304.4;Module 1,12_9;506.87;79,04;32,09;2,37;75,98;3,06
03,09.2019 17:28:19;32;2.76;318.1;556.24864031381;304.49;Module 1,12_9;570.87;88,32;32,45;2,68;87,11;1,21
03,09.2019 17:30:12;31.9;2.73;318.1;551.1767902070012;304.69;Module 1,12_9;565.75;87,09;32,44;2,66;86,25;0,84
03,09.2019 17:32:05;31.6;2.69;318.1;541.1160741764741;304.85;Module 1,12_9;555.51;85,00;32,43;2,61;84,55;0,45
03,09.2019 17:33:58;31.4;2.46;318.1;488.6699383139354;304.82;Module 1,12_9;501.75;77,24;32,34;2,34;75,69;1,55
03,09.2019 17:35:51;31.4;2.65;318.1;530.9662764002295;304.61;Module 1,12_9;545.27;83,21;32,41;2,56;82,84;0,37
03,09.2019 17:37:46;31.4;2.59;317.6;520.9025798734035;304.47;Module 1,12_9;535.03;81,33;32,49;2,50;81,36;-0,03
03,09.2019 17:39:41;31.5;2.54;317.6;508.34708888755245;304.11;Module 1,12_9;522.23;80,01;32,47;2,44;79,23;0,78
03,09.2019 17:41:37;31.5;2.44;317.6;493.30046950378437;303.82;Module 1,12_9;506.87;76,86;32,45;2,36;76,68;0,18
03,09.2019 17:43:33;31.8;2.35;317.6;473.27419537775324;303.62;Module 1,12_9;486.39;74,73;32,41;2,26;73,28;1,45
03,09.2019 17:45:31;31.8;2.32;317.6;475.66479405019663;303.31;Module 1,12_9;488.95;73,78;32,41;2,27;73,69;0,09
03,09.2019 17:47:24;31.8;2.44;315.6;492.99449939276474;303.43;Module 1,12_9;506.87;77,59;32,80;2,36;77,43;0,16
03,09.2019 17:49:21;31.8;2.42;315.6;487.9047032871441;303.56;Module 1,12_9;501.75;76,96;32,80;2,33;76,56;0,40
03,09.2019 17:51:14;31.7;2.23;315.6;462.90653280193976;303.41;Module 1,12_9;476.15;70,69;32,75;2,21;72,27;-1,58
03,09.2019 17:53:10;31.5;2.12;315.6;415.5193706594981;303.19;Module 1,12_9;427.51;66,78;32,64;1,97;64,15;2,63
03,09.2019 17:55:08;31.6;2.19;315.6;440.28934886944756;302.83;Module 1,12_9;453.11;69,20;32,70;2,09;68,40;0,81
03,09.2019 17:57:06;31.8;2.19;314.1;447.6336820823486;302.66;Module 1,12_9;460.79;69,64;32,99;2,13;70,19;-0,55
03,09.2019 17:58:59;31.9;2.21;314.1;454.9747312542738;301.75;Module 1,12_9;468.47;70,50;33,01;2,17;71,46;-0,96
03,09.2019 18:00:54;31.6;2.19;313.6;444.90603367835115;301.35;Module 1,12_9;458.23;69,20;33,07;2,11;69,90;-0,70
03,09.2019 18:02:52;31.8;1.99;313.6;405.01692183079626;301.71;Module 1,12_9;417.27;63,28;32,98;1,91;62,98;0,30
03,09.2019 18:04:51;31.9;2.1;313.6;427.2473976961843;302;Module 1,12_9;440.31;66,99;33,03;2,02;66,84;0,15
03,09.2019 18:06:48;32.1;2.06;313.6;422.1448738294829;302.39;Module 1,12_9;435.19;66,13;33,02;2,00;65,95;0,17
03,09.2019 18:08:45;32.1;2.02;313.6;414.55771668770456;302.64;Module 1,12_9;427.51;64,84;33,00;1,96;64,64;0,21
03,09.2019 18:10:42;32.2;1.98;313.6;404.4884273662851;302.67;Module 1,12_9;417.27;63,76;32,98;1,91;62,89;0,87
03,09.2019 18:12:42;32.3;1.93;313.6;396.8973654328787;302.64;Module 1,12_9;409.59;62,34;32,95;1,87;61,57;0,77
03,09.2019 18:14:43;32.4;1.89;313.6;386.82471059654574;302.66;Module 1,12_9;399.35;61,24;32,92;1,82;59,83;1,41
03,09.2019 18:16:41;32.4;1.84;313.6;379.23601291830664;302.59;Module 1,12_9;391.67;59,62;32,90;1,78;58,51;1,11
03,09.2019 18:18:43;32.4;1.81;313.6;369.1639605574527;302.6;Module 1,12_9;381.43;58,64;32,87;1,73;56,76;1,88
03,09.2019 18:20:43;32.4;1.73;311.1;356.6196100209724;302.65;Module 1,12_9;368.63;56,05;33,27;1,66;55,27;0,78
03,09.2019 18:22:38;32.4;1.7;311.1;351.51263045442323;302.64;Module 1,12_9;363.51;55,08;33,26;1,63;54,37;0,71
03,09.2019 18:24:39;32.5;1.64;311.1;343.92071239803073;302.58;Module 1,12_9;355.83;53,30;33,23;1,60;53,04;0,26
03,09.2019 18:26:34;33.1;1.61;311.1;336.3370883514575;302.57;Module 1,12_9;348.15;53,29;33,20;1,56;51,71;1,58
03,09.2019 18:28:31;32.9;1.58;311.1;331.2225920784502;302.57;Module 1,12_9;343.03;51,98;33,17;1,53;50,81;1,17
03,09.2019 18:30:27;32.8;1.55;311.1;326.10709493448996;302.56;Module 1,12_9;337.91;50,84;33,15;1,51;49,92;0,92
03,09.2019 18:32:26;32.7;1.51;311.1;315.63127299217456;302.5;Module 1,12_9;327.24;49,38;33,10;1,45;48,08;1,30
03,09.2019 18:34:25;32.8;1.48;311.1;309.9979137774262;302.49;Module 1,12_9;321.59;48,54;33,08;1,42;47,09;1,45
03,09.2019 18:36:23;32.8;1.44;311.1;304.0748962587958;302.46;Module 1,12_9;315.64;47,23;33,05;1,39;46,06;1,18
04,09.2019 09:27:47;38.5;1.13;299.5;293.3667620996716;290.6;Module 1,12_9;318.77;43,50;35,08;1,33;46,60;-3,09
04,09.2019 09:29:39;31.8;1.42;299.5;300.56905815276326;291;Module 1,12_9;326.13;45,16;35,12;1,36;47,93;-2,78
04,09.2019 09:31:32;28;1.46;296;309.49623010048595;291.32;Module 1,12_9;335.35;40,88;35,78;1,41;50,35;-9,47
04,09.2019 09:33:33;29.2;1.5;296;317.0386097244853;291.63;Module 1,12_9;343.03;43,80;35,82;1,45;51,77;-7,97
04,09.2019 09:35:31;32.2;1.53;296;324.574062810129;291.89;Module 1,12_9;350.71;49,27;35,85;1,48;53,19;-3,93
04,09.2019 09:37:28;32.4;1.57;296;329.73770125841986;292.11;Module 1,12_9;355.83;50,87;35,88;1,51;54,17;-3,30
04,09.2019 09:39:21;33.9;1.59;296;337.2604741818174;292.36;Module 1,12_9;363.51;53,90;35,90;1,55;55,59;-1,69
04,09.2019 09:41:14;34.1;1.62;296;344.78740849455875;292.44;Module 1,12_9;371.19;55,24;35,93;1,59;57,02;-1,77
04,09.2019 09:43:09;34.3;1.65;296;352.3252272092234;292.55;Module 1,12_9;378.87;56,59;35,96;1,63;58,44;-1,85
04,09.2019 09:45:01;34.4;1.67;299.5;357.473195683471;292.75;Module 1,12_9;383.99;57,45;35,35;1,66;58,51;-1,06
04,09.2019 09:46:54;34.5;1.71;299.5;367.39466518872234;292.98;Module 1,12_9;394.23;58,99;35,39;1,71;60,36;-1,36
04,09.2019 09:48:50;34.5;1.74;301.5;372.5581629530465;293.02;Module 1,12_9;399.35;60,03;35,05;1,73;60,77;-0,74
04,09.2019 09:50:44;34.5;1.77;301.5;380.1039666503092;293;Module 1,12_9;407.03;61,06;35,07;1,77;62,16;-1,09
04,09.2019 09:52:37;34.3;1.82;301.5;387.6496593046526;293.08;Module 1,12_9;414.71;62,43;35,09;1,81;63,55;-1,12
04,09.2019 09:54:31;34.3;1.85;301.5;395.2016551683403;293.25;Module 1,12_9;422.39;63,45;35,12;1,85;64,94;-1,49
04,09.2019 09:56:25;34.3;1.9;301.5;400.3591137618736;293.32;Module 1,12_9;427.51;65,17;35,13;1,88;65,89;-0,72
04,09.2019 09:58:17;34.3;1.93;302;407.9083210093946;293.53;Module 1,12_9;435.19;66,20;35,06;1,91;67,13;-0,93
04,09.2019 10:00:13;34.2;1.97;302;415.47279653396646;293.81;Module 1,12_9;442.87;67,37;35,09;1,95;68,52;-1,15
04,09.2019 10:02:06;34.1;2.02;302;423.03048974839066;294.06;Module 1,12_9;450.55;68,88;35,10;1,99;69,91;-1,03
04,09.2019 10:04:02;32.8;2.09;303.5;430.5998676977814;294.38;Module 1,12_9;458.23;68,55;34,85;2,03;70,81;-2,26
04,09.2019 10:05:55;32.9;2.1;303.5;435.7549050293459;294.76;Module 1,12_9;463.35;69,09;34,87;2,06;71,75;-2,66
04,09.2019 10:07:47;33;2.15;303.5;440.90562017130975;295.07;Module 1,12_9;468.47;70,95;34,88;2,08;72,69;-1,74
04,09.2019 10:09:40;32.9;2.2;303.5;448.4691962983128;295.31;Module 1,12_9;476.15;72,38;34,89;2,12;74,07;-1,69
04,09.2019 10:11:34;32.9;2.22;304;456.0379204862734;295.48;Module 1,12_9;483.83;73,04;34,82;2,16;75,28;-2,24
04,09.2019 10:13:26;33.2;2.24;304;463.6029950967074;295.71;Module 1,12_9;491.51;74,37;34,84;2,20;76,66;-2,29
04,09.2019 10:15:21;33.5;2.27;304;471.1787460347867;295.96;Module 1,12_9;499.19;76,05;34,84;2,24;78,03;-1,99
04,09.2019 10:17:15;33.6;2.3;305.5;476.3355670091393;296.05;Module 1,12_9;504.31;77,28;34,59;2,27;78,41;-1,13
04,09.2019 10:19:15;33.6;2.34;305.5;486.34701212195597;296.02;Module 1,12_9;514.55;78,62;34,61;2,32;80,22;-1,60
04,09.2019 10:21:17;33.7;2.37;307.6;491.52609591563703;295.71;Module 1,12_9;519.67;79,87;34,24;2,35;80,34;-0,47
04,09.2019 10:23:11;33.7;2.41;307.6;499.1044201193961;295.75;Module 1,12_9;527.35;81,22;34,25;2,39;81,70;-0,48
04,09.2019 10:25:03;33.5;2.44;307.6;506.6790467079926;295.87;Module 1,12_9;535.03;81,74;34,27;2,42;83,05;-1,31
04,09.2019 10:26:59;33.5;2.47;307.6;514.266112158103;296.19;Module 1,12_9;542.71;82,75;34,27;2,46;84,40;-1,66
04,09.2019 10:28:52;33.5;2.5;307.6;519.4194655779381;296.42;Module 1,12_9;547.83;83,75;34,28;2,49;85,32;-1,57
04,09.2019 10:30:45;33.4;2.54;308.1;524.5716285000518;296.61;Module 1,12_9;552.95;84,84;34,20;2,52;86,03;-1,20
04,09.2019 10:32:48;33.3;2.58;308.1;532.1784014066689;296.85;Module 1,12_9;560.63;85,91;34,21;2,55;87,39;-1,47
04,09.2019 10:34:41;33.3;2.61;309.6;539.7606682374706;297.14;Module 1,12_9;568.31;86,91;33,95;2,59;88,08;-1,17
04,09.2019 10:36:34;33.3;2.65;309.6;547.3443972885874;297.2;Module 1,12_9;575.99;88,24;33,96;2,63;89,42;-1,18
04,09.2019 10:38:28;33.3;2.68;309.6;552.4980952019694;297.34;Module 1,12_9;581.11;89,24;33,97;2,66;90,33;-1,09
04,09.2019 10:40:22;33.2;2.71;309.6;560.0858221895885;297.42;Module 1,12_9;588.79;89,97;33,98;2,70;91,67;-1,70
04,09.2019 10:42:14;33.2;2.74;309.6;567.6699254033206;297.54;Module 1,12_9;596.47;90,97;33,98;2,74;93,01;-2,04
04,09.2019 10:44:09;33.2;2.77;309.6;570.3874924270852;297.66;Module 1,12_9;599.03;91,96;33,98;2,75;93,49;-1,52
04,09.2019 10:46:01;33.1;2.8;310.1;577.9718613524328;297.75;Module 1,12_9;606.71;92,68;33,91;2,79;94,59;-1,91
04,09.2019 10:47:54;33;2.83;310.1;583.1200262707339;297.92;Module 1,12_9;611.83;93,39;33,91;2,82;95,49;-2,10
04,09.2019 10:49:57;33;2.87;312.1;590.7316600905114;298.07;Module 1,12_9;619.51;94,71;33,56;2,86;95,86;-1,15
04,09.2019 10:51:49;33;2.9;312.1;595.8763106340983;298.24;Module 1,12_9;624.63;95,70;33,56;2,88;96,75;-1,05
04,09.2019 10:53:46;33;2.93;311.1;603.474753502064;298.39;Module 1,12_9;632.31;96,69;33,75;2,92;98,57;-1,88
04,09.2019 10:55:39;32.9;2.96;311.1;608.6207495257786;298.5;Module 1,12_9;637.43;97,38;33,75;2,95;99,47;-2,09
04,09.2019 10:57:35;32.8;2.99;311.1;616.2178795517002;298.69;Module 1,12_9;645.11;98,07;33,76;2,99;100,80;-2,72
04,09.2019 10:59:29;32.8;3.02;311.1;621.3651442827437;298.84;Module 1,12_9;650.23;99,06;33,76;3,01;101,69;-2,64
04,09.2019 11:01:22;32.7;3.06;311.1;624.0618881518333;298.99;Module 1,12_9;652.79;100,06;33,77;3,03;102,16;-2,10
04,09.2019 11:03:17;32.6;3.08;311.1;632.1349460753775;299.15;Module 1,12_9;660.97;100,41;33,77;3,07;103,57;-3,16
04,09.2019 11:05:28;32.6;3.13;313.6;639.057472670575;299.32;Module 1,12_9;667.91;102,04;33,33;3,10;103,45;-1,41
04,09.2019 11:07:20;32.5;3.15;313.6;644.2832666010685;299.39;Module 1,12_9;673.12;102,38;33,33;3,13;104,35;-1,97
04,09.2019 11:09:13;32.4;3.18;314.1;649.6157478844989;299.32;Module 1,12_9;678.44;103,03;33,24;3,16;104,99;-1,96
04,09.2019 11:11:06;32.5;3.2;314.1;656.5854715939068;299.04;Module 1,12_9;685.47;104,00;33,24;3,19;106,19;-2,19
04,09.2019 11:13:00;32.6;3.23;314.1;662.0150358779638;298.96;Module 1,12_9;690.89;105,30;33,25;3,22;107,12;-1,82
04,09.2019 11:14:53;32.6;3.26;315.6;667.5952573877095;298.96;Module 1,12_9;696.47;106,28;32,98;3,25;107,23;-0,96
04,09.2019 11:16:46;32.5;3.29;315.6;673.8749505208646;299.07;Module 1,12_9;702.78;106,92;32,98;3,28;108,30;-1,37
04,09.2019 11:18:44;32.5;3.32;315.6;679.0519840940191;299.18;Module 1,12_9;707.93;107,90;32,98;3,31;109,18;-1,28
04,09.2019 11:20:56;32.4;3.35;315.6;686.4627834535129;299.51;Module 1,12_9;715.38;108,54;32,99;3,35;110,43;-1,89
04,09.2019 11:22:48;32.4;3.37;315.6;690.9353994321287;299.6;Module 1,12_9;719.81;109,19;32,99;3,37;111,19;-2,00
04,09.2019 11:24:41;32.4;3.41;315.6;698.010932551538;299.84;Module 1,12_9;726.95;110,48;32,99;3,41;112,39;-1,91
04,09.2019 11:26:33;32.4;3.44;315.6;702.4436545541184;299.83;Module 1,12_9;731.34;111,46;32,99;3,43;113,14;-1,69
04,09.2019 11:28:27;32.4;3.47;316.1;706.2929705910274;299.69;Module 1,12_9;735.12;112,43;32,91;3,45;113,50;-1,07
04,09.2019 11:30:20;32.4;3.49;316.1;715.7419261100354;299.78;Module 1,12_9;744.73;113,08;32,91;3,50;115,09;-2,01
04,09.2019 11:32:13;32.4;3.52;316.1;719.9629254113408;299.85;Module 1,12_9;748.9;114,05;32,91;3,52;115,80;-1,75
04,09.2019 11:34:09;32.3;3.54;316.1;724.7748239359782;299.86;Module 1,12_9;753.68;114,34;32,91;3,54;116,61;-2,27
04,09.2019 11:36:15;32.3;3.56;316.1;728.9017731685773;299.75;Module 1,12_9;757.73;114,99;32,91;3,56;117,31;-2,32
04,09.2019 11:38:22;32.3;3.59;317.6;735.6844929913104;299.76;Module 1,12_9;764.54;115,96;32,65;3,60;117,51;-1,56
04,09.2019 11:40:16;32.2;3.62;317.6;740.0470014291743;299.9;Module 1,12_9;768.86;116,56;32,65;3,62;118,24;-1,68
04,09.2019 11:42:09;32.2;3.63;317.6;744.6376808846308;300.11;Module 1,12_9;773.42;116,89;32,65;3,65;119,01;-2,12
04,09.2019 11:44:08;32.1;3.66;317.6;750.8365820923038;300.3;Module 1,12_9;779.64;117,49;32,65;3,68;120,04;-2,56
04,09.2019 11:46:04;32;3.67;318.1;755.6428191514398;300.42;Module 1,12_9;784.42;117,44;32,55;3,70;120,52;-3,08
04,09.2019 11:47:59;32;3.69;318.1;759.1456036888286;300.61;Module 1,12_9;787.85;118,08;32,55;3,72;121,10;-3,02
04,09.2019 11:50:12;31.9;3.72;318.1;766.5905068096267;300.9;Module 1,12_9;795.34;118,67;32,55;3,76;122,34;-3,67
04,09.2019 11:52:13;32;3.75;318.1;770.6311696147828;300.89;Module 1,12_9;799.32;120,00;32,55;3,78;123,01;-3,01
04,09.2019 11:54:06;32;3.77;318.1;774.8114080320024;300.86;Module 1,12_9;803.46;120,64;32,55;3,80;123,71;-3,07
04,09.2019 11:56:01;32.1;3.78;319.1;779.1192583508533;300.85;Module 1,12_9;807.73;121,34;32,38;3,82;123,75;-2,41
04,09.2019 11:57:54;32.1;3.82;319.1;784.8410721857542;300.75;Module 1,12_9;813.47;122,62;32,38;3,85;124,70;-2,07
04,09.2019 11:59:52;32;3.83;319.1;790.8022347873424;300.81;Module 1,12_9;819.45;122,56;32,38;3,88;125,68;-3,12
04,09.2019 12:01:46;32;3.86;319.6;794.8164829988334;300.84;Module 1,12_9;823.42;123,52;32,29;3,90;126,00;-2,48
04,09.2019 12:03:44;31.9;3.88;319.6;798.3048921410501;300.71;Module 1,12_9;826.84;123,77;32,29;3,92;126,57;-2,80
04,09.2019 12:05:40;31.9;3.92;319.6;806.1537021119076;300.89;Module 1,12_9;834.78;125,05;32,29;3,96;127,86;-2,81
04,09.2019 12:07:56;31.9;3.92;319.6;807.842291547841;301.04;Module 1,12_9;836.31;125,05;32,29;3,97;128,14;-3,09
04,09.2019 12:09:49;31.8;3.94;319.6;810.082287547158;301.34;Module 1,12_9;838.45;125,29;32,29;3,98;128,51;-3,21
04,09.2019 12:11:45;31.8;3.96;320.1;815.5430406737531;301.46;Module 1,12_9;843.92;125,93;32,20;4,01;129,05;-3,12
04,09.2019 12:13:38;31.7;3.97;320.1;816.8618981898368;301.63;Module 1,12_9;845.11;125,85;32,20;4,02;129,27;-3,42
04,09.2019 12:15:31;31.8;4;320.1;820.5762596960349;301.66;Module 1,12_9;848.78;127,20;32,20;4,03;129,87;-2,67
04,09.2019 12:17:26;31.7;4.01;320.1;822.4455217077533;301.72;Module 1,12_9;850.54;127,12;32,20;4,04;130,18;-3,06
04,09.2019 12:19:18;31.7;4.03;320.1;830.9046325249491;301.89;Module 1,12_9;859.12;127,75;32,20;4,09;131,56;-3,81
04,09.2019 12:21:11;31.7;4.04;321.7;831.8303553702214;302.03;Module 1,12_9;859.91;128,07;31,91;4,09;130,56;-2,49
04,09.2019 12:23:13;31.7;4.08;321.7;838.1557745885518;302.35;Module 1,12_9;866.27;129,34;31,91;4,12;131,58;-2,24
04,09.2019 12:25:08;31.7;4.07;321.7;838.829286913126;302.59;Module 1,12_9;866.8;129,02;31,91;4,13;131,69;-2,67
04,09.2019 12:27:00;31.6;4.1;321.7;841.2483748498094;302.65;Module 1,12_9;869.14;129,56;31,91;4,14;132,08;-2,52
04,09.2019 12:28:58;31.6;4.11;321.7;842.5124207990353;302.57;Module 1,12_9;870.28;129,88;31,91;4,15;132,28;-2,41
04,09.2019 12:30:58;31.7;4.12;321.7;850.0708732292617;302.59;Module 1,12_9;877.92;130,60;31,91;4,18;133,51;-2,90
04,09.2019 12:32:55;31.6;4.16;321.7;852.8801551204855;302.5;Module 1,12_9;880.66;131,46;31,91;4,20;133,96;-2,50
04,09.2019 12:34:49;31.7;4.17;322.2;858.2703227486551;302.48;Module 1,12_9;886.07;132,19;31,81;4,23;134,46;-2,27
04,09.2019 12:36:42;31.6;4.17;322.2;860.1905027903892;302.74;Module 1,12_9;887.9;131,77;31,81;4,24;134,76;-2,99
04,09.2019 12:38:42;31.5;4.21;323.7;866.429974430001;303.02;Module 1,12_9;894.18;132,62;31,54;4,27;134,63;-2,01
04,09.2019 12:40:35;31.4;4.2;323.7;868.3767274701509;303.18;Module 1,12_9;896.04;131,88;31,54;4,28;134,94;-3,06
04,09.2019 12:42:31;31.4;4.21;323.7;867.47600608503;303.23;Module 1,12_9;894.96;132,19;31,54;4,27;134,80;-2,60
04,09.2019 12:44:26;31.5;4.26;323.7;873.6097197163419;303.15;Module 1,12_9;901.14;134,19;31,54;4,30;135,77;-1,58
04,09.2019 12:46:24;31.5;4.27;323.7;877.7883255167494;302.93;Module 1,12_9;905.3;134,50;31,54;4,33;136,44;-1,94
04,09.2019 12:48:17;31.4;4.28;323.7;883.7831306423391;303.11;Module 1,12_9;911.34;134,39;31,54;4,36;137,39;-3,00
04,09.2019 12:50:10;31.2;4.31;323.7;888.1385871453521;303.43;Module 1,12_9;915.69;134,47;31,53;4,38;138,09;-3,62
04,09.2019 12:52:03;31.2;4.32;323.7;891.5717820977736;303.58;Module 1,12_9;919.09;134,78;31,53;4,40;138,63;-3,85
04,09.2019 12:53:57;31.2;4.3;324.2;886.7778289855966;303.41;Module 1,12_9;914.01;134,16;31,45;4,37;137,48;-3,32
04,09.2019 12:55:53;31.2;4.3;324.2;888.3870416917669;303.33;Module 1,12_9;915.53;134,16;31,45;4,38;137,74;-3,58
04,09.2019 12:57:46;31.3;4.36;325.7;897.5611294183014;303.31;Module 1,12_9;924.85;136,47;31,17;4,43;138,00;-1,53
04,09.2019 12:59:39;31.3;4.36;325.7;899.4173541711248;303.31;Module 1,12_9;926.63;136,47;31,17;4,44;138,29;-1,83
04,09.2019 13:01:32;31.3;4.34;325.7;895.9232508508962;303.41;Module 1,12_9;922.9;135,84;31,17;4,42;137,74;-1,90
04,09.2019 13:03:25;31.4;4.36;325.7;895.6885275129732;303.42;Module 1,12_9;922.53;136,90;31,17;4,42;137,71;-0,80
04,09.2019 13:05:18;31.4;4.36;325.7;900.7634604754523;303.34;Module 1,12_9;927.63;136,90;31,17;4,44;138,50;-1,60
04,09.2019 13:08:15;31.2;4.4;325.7;907.3437775941384;303.46;Module 1,12_9;934.21;137,28;31,16;4,48;139,54;-2,26
04,09.2019 13:10:14;31.2;4.4;325.7;906.7216953200793;303.5;Module 1,12_9;933.44;137,28;31,16;4,47;139,44;-2,16
04,09.2019 13:12:07;31.3;4.42;325.7;909.841268559537;303.59;Module 1,12_9;936.53;138,35;31,16;4,49;139,93;-1,58
04,09.2019 13:14:05;31.3;4.43;325.7;910.963436381203;303.75;Module 1,12_9;937.56;138,66;31,16;4,50;140,11;-1,45
04,09.2019 13:15:59;31.2;4.44;325.7;912.8573705060661;303.97;Module 1,12_9;939.39;138,53;31,16;4,51;140,40;-1,88
04,09.2019 13:17:55;30.9;4.48;325.7;918.3576843089882;304.42;Module 1,12_9;944.93;138,43;31,16;4,53;141,27;-2,83
04,09.2019 13:19:50;31;4.46;325.7;913.1062705809876;304.55;Module 1,12_9;939.41;138,26;31,16;4,51;140,44;-2,18
04,09.2019 13:21:44;30.9;4.44;326.2;912.2545512046183;304.54;Module 1,12_9;938.42;137,20;31,08;4,50;139,90;-2,71
04,09.2019 13:23:37;31;4.46;326.2;915.5125300511065;304.17;Module 1,12_9;941.66;138,26;31,08;4,52;140,41;-2,15
04,09.2019 13:25:31;31.1;4.46;325.7;919.0330976019234;303.91;Module 1,12_9;945.17;138,71;31,16;4,54;141,37;-2,67
04,09.2019 13:27:24;31.1;4.47;325.7;920.7917405284345;303.82;Module 1,12_9;946.87;139,02;31,16;4,55;141,65;-2,63
04,09.2019 13:29:17;31.1;4.46;325.7;920.0107584401146;303.95;Module 1,12_9;945.96;138,71;31,16;4,54;141,52;-2,82
04,09.2019 13:31:12;30.9;4.47;325.7;921.5447691744029;304.1;Module 1,12_9;947.43;138,12;31,16;4,55;141,77;-3,64
04,09.2019 13:33:19;31;4.47;325.7;920.2572792183776;304;Module 1,12_9;945.99;138,57;31,16;4,54;141,56;-2,99
04,09.2019 13:35:12;31.1;4.48;326.2;924.1895667735025;304.1;Module 1,12_9;949.93;139,33;31,07;4,56;141,77;-2,44
04,09.2019 13:37:05;31;4.49;326.2;925.7859227793409;304.19;Module 1,12_9;951.47;139,19;31,07;4,57;142,02;-2,83
04,09.2019 13:38:58;30.9;4.46;326.2;922.0776349193843;304.45;Module 1,12_9;947.56;137,81;31,07;4,55;141,44;-3,63
04,09.2019 13:40:51;30.9;4.49;326.2;924.5469227752199;304.69;Module 1,12_9;950;138,74;31,07;4,56;141,83;-3,08
04,09.2019 13:42:49;30.9;4.49;326.2;922.6199498953471;304.47;Module 1,12_9;947.92;138,74;31,07;4,55;141,52;-2,78
04,09.2019 13:44:42;31.1;4.46;327.2;918.8179900771474;304.03;Module 1,12_9;943.92;138,71;30,89;4,54;140,11;-1,41
04,09.2019 13:46:35;31.1;4.44;327.2;914.3226196736794;303.98;Module 1,12_9;939.21;138,08;30,89;4,51;139,41;-1,33
04,09.2019 13:48:41;31;4.47;327.2;921.050839774523;304.03;Module 1,12_9;946.02;138,57;30,89;4,55;140,46;-1,89
04,09.2019 13:50:33;30.7;4.51;326.2;926.84291693205;304.51;Module 1,12_9;951.88;138,46;31,07;4,58;142,18;-3,73
04,09.2019 13:52:26;30.6;4.53;326.2;928.3604790664592;305;Module 1,12_9;953.35;138,62;31,07;4,58;142,42;-3,80
04,09.2019 13:54:22;30.5;4.53;327.2;929.1681856164712;305.24;Module 1,12_9;954.09;138,17;30,89;4,59;141,72;-3,56
04,09.2019 13:56:18;30.5;4.53;327.2;930.1888096810865;305;Module 1,12_9;955.05;138,17;30,89;4,59;141,88;-3,71
04,09.2019 13:58:12;30.6;4.51;327.2;925.6740488196144;305.01;Module 1,12_9;950.33;138,01;30,89;4,57;141,18;-3,17
04,09.2019 14:00:04;30.5;4.52;327.2;924.4482530880655;305.40999999999997;Module 1,12_9;948.99;137,86;30,89;4,56;140,99;-3,13
04,09.2019 14:01:59;30.5;4.51;327.2;928.8442224224763;305.7;Module 1,12_9;953.42;137,56;30,89;4,59;141,67;-4,12
04,09.2019 14:04:00;30.6;4.51;327.2;922.341079599716;305.67;Module 1,12_9;946.66;138,01;30,89;4,55;140,66;-2,65
04,09.2019 14:05:56;30.6;4.5;327.2;921.4054462374121;305.64;Module 1,12_9;945.62;137,70;30,89;4,55;140,52;-2,82
04,09.2019 14:07:49;30.6;4.5;327.2;924.3739041110125;305.48;Module 1,12_9;948.59;137,70;30,89;4,56;140,98;-3,28
04,09.2019 14:09:42;30.5;4.49;327.2;922.6344115732696;305.59000000000003;Module 1,12_9;946.73;136,94;30,89;4,55;140,71;-3,76
04,09.2019 14:11:35;30.6;4.48;327.2;919.1097388442496;305.51;Module 1,12_9;943.04;137,09;30,89;4,54;140,16;-3,07
04,09.2019 14:13:28;30.7;4.47;327.2;914.871660872739;305.08;Module 1,12_9;938.62;137,23;30,89;4,52;139,50;-2,27
04,09.2019 14:15:21;30.9;4.45;327.2;914.9498609475876;304.91;Module 1,12_9;938.63;137,50;30,89;4,52;139,51;-2,01
04,09.2019 14:17:22;31;4.43;327.2;912.3213858400231;304.82;Module 1,12_9;935.86;137,33;30,90;4,50;139,10;-1,77
04,09.2019 14:20:38;30.8;4.45;327.2;911.0985816101542;304.93;Module 1,12_9;934.49;137,06;30,90;4,50;138,91;-1,85
04,09.2019 14:22:33;30.8;4.44;327.2;912.0599638020437;305.14;Module 1,12_9;935.41;136,75;30,90;4,50;139,06;-2,31
04,09.2019 14:24:26;30.7;4.44;327.2;910.6885595168601;305.32;Module 1,12_9;933.94;136,31;30,90;4,49;138,85;-2,54
04,09.2019 14:26:24;30.7;4.45;327.2;912.692430303393;305.45;Module 1,12_9;935.93;136,62;30,90;4,50;139,16;-2,55
04,09.2019 14:28:17;30.9;4.45;327.2;912.0984471786187;305.61;Module 1,12_9;935.26;137,50;30,90;4,50;139,07;-1,56
04,09.2019 14:30:10;30.7;4.44;327.2;911.4640976541053;305.63;Module 1,12_9;934.55;136,31;30,90;4,50;138,97;-2,66
04,09.2019 14:32:05;30.7;4.49;327.2;920.4854427677948;305.7;Module 1,12_9;943.74;137,84;30,89;4,54;140,37;-2,53
04,09.2019 14:34:09;30.7;4.46;327.2;915.172303627317;305.74;Module 1,12_9;938.23;136,92;30,89;4,52;139,55;-2,62
04,09.2019 14:36:02;30.7;4.44;327.2;908.8274816649741;305.51;Module 1,12_9;931.67;136,31;30,90;4,48;138,56;-2,25
04,09.2019 14:38:47;30.9;4.42;327.2;907.8894294250579;305.3;Module 1,12_9;930.63;136,58;30,90;4,48;138,41;-1,84
04,09.2019 14:40:40;30.9;4.44;327.2;910.0280664745296;305.33;Module 1,12_9;932.77;137,20;30,90;4,49;138,75;-1,55
04,09.2019 14:42:39;30.7;4.39;327.2;901.6505091259173;305.84000000000003;Module 1,12_9;924.13;134,77;30,90;4,45;137,44;-2,67
04,09.2019 14:44:35;30.6;4.4;327.2;897.1332561653647;305.89;Module 1,12_9;919.45;134,64;30,90;4,43;136,74;-2,10
04,09.2019 14:46:28;30.7;4.37;327.2;899.4239317256648;306.14;Module 1,12_9;921.75;134,16;30,90;4,44;137,10;-2,94
04,09.2019 14:48:21;30.8;4.37;327.2;901.2256784883565;306.04;Module 1,12_9;923.55;134,60;30,90;4,45;137,38;-2,78
04,09.2019 14:50:14;30.8;4.4;327.2;903.1434570109919;306.15999999999997;Module 1,12_9;925.47;135,52;30,90;4,46;137,68;-2,16
04,09.2019 14:52:07;30.9;4.36;327.2;897.8285834460994;305.84000000000003;Module 1,12_9;919.98;134,72;30,90;4,43;136,85;-2,12
04,09.2019 14:54:01;31;4.34;327.2;889.9748053044178;305.61;Module 1,12_9;911.89;134,54;30,90;4,39;135,63;-1,09
04,09.2019 14:55:57;31.1;4.28;327.2;877.8350371979706;305.65999999999997;Module 1,12_9;899.41;133,11;30,91;4,33;133,73;-0,62
04,09.2019 14:57:50;30.9;4.32;327.2;888.2485158616906;306.05;Module 1,12_9;910.04;133,49;30,91;4,38;135,36;-1,87
04,09.2019 14:59:44;30.7;4.31;327.2;885.7286971831081;306.22;Module 1,12_9;907.42;132,32;30,91;4,37;134,96;-2,65
04,09.2019 15:01:43;30.7;4.29;327.2;876.6395512462195;306.22;Module 1,12_9;898.07;131,70;30,91;4,32;133,55;-1,84
04,09.2019 15:03:36;30.7;4.29;327.2;878.2551535930259;306.2;Module 1,12_9;899.69;131,70;30,91;4,33;133,80;-2,10
04,09.2019 15:05:30;30.7;4.32;327.2;886.3812594370842;306.12;Module 1,12_9;907.98;132,62;30,91;4,37;135,07;-2,44
04,09.2019 15:07:23;31;4.31;327.2;885.3394416720377;305.83;Module 1,12_9;906.88;133,61;30,91;4,36;134,90;-1,29
04,09.2019 15:09:19;31.2;4.28;327.2;884.9316678472836;305.56;Module 1,12_9;906.43;133,54;30,91;4,36;134,84;-1,30
04,09.2019 15:11:12;31.1;4.26;327.2;882.5203184676093;305.53;Module 1,12_9;903.93;132,49;30,91;4,35;134,46;-1,98
04,09.2019 15:13:06;31;4.29;327.2;882.2947974960227;305.6;Module 1,12_9;903.67;132,99;30,91;4,35;134,43;-1,44
04,09.2019 15:14:58;30.9;4.26;327.2;879.6949052698455;305.87;Module 1,12_9;900.98;131,63;30,91;4,34;134,02;-2,39
04,09.2019 15:16:51;31;4.26;327.2;878.1971555982642;306.04;Module 1,12_9;899.42;132,06;30,91;4,33;133,79;-1,73
04,09.2019 15:18:46;30.9;4.24;327.2;872.0603999536447;306.31;Module 1,12_9;893.11;131,02;30,91;4,30;132,83;-1,82
04,09.2019 15:20:39;30.8;4.22;327.2;868.5287300235805;306.56;Module 1,12_9;889.47;129,98;30,91;4,28;132,28;-2,30
04,09.2019 15:22:33;31;4.18;327.2;863.7751717849304;306.46;Module 1,12_9;884.58;129,58;30,91;4,26;131,54;-1,96
04,09.2019 15:24:26;31;4.18;327.2;861.8126996243532;306.67;Module 1,12_9;882.55;129,58;30,91;4,25;131,23;-1,65
04,09.2019 15:26:20;31;4.15;328.2;851.8122041884002;306.59000000000003;Module 1,12_9;872.29;128,65;30,73;4,20;128,91;-0,26
04,09.2019 15:28:13;30.9;4.15;328.2;852.747118211071;306.6;Module 1,12_9;873.23;128,24;30,73;4,20;129,06;-0,82
04,09.2019 15:30:06;30.9;4.16;327.2;856.8448196330936;306.42;Module 1,12_9;877.41;128,54;30,91;4,22;130,45;-1,91
04,09.2019 15:32:02;30.8;4.18;327.2;852.7775115392749;306.5;Module 1,12_9;873.23;128,74;30,91;4,20;129,82;-1,07
04,09.2019 15:34:00;30.8;4.15;327.2;846.2088026614688;306.69;Module 1,12_9;866.49;127,82;30,91;4,17;128,79;-0,97
04,09.2019 15:35:53;30.8;4.12;327.2;843.827612275493;306.87;Module 1,12_9;864.04;126,90;30,91;4,15;128,42;-1,52
04,09.2019 15:37:51;30.9;4.09;327.2;840.0879320407452;306.75;Module 1,12_9;860.2;126,38;30,91;4,14;127,83;-1,45
04,09.2019 15:39:49;31;4.07;327.2;831.1510203205751;306.89;Module 1,12_9;851.04;126,17;30,91;4,09;126,43;-0,26
04,09.2019 15:41:42;31;4;327.2;820.7569847037681;307.12;Module 1,12_9;840.39;124,00;30,91;4,04;124,80;-0,80
04,09.2019 15:43:39;31.1;4;327.2;819.2197845553538;307.25;Module 1,12_9;838.81;124,40;30,91;4,03;124,56;-0,16
04,09.2019 15:45:32;31.1;3.98;327.2;814.8389240281599;307.14;Module 1,12_9;834.32;123,78;30,91;4,01;123,87;-0,09
04,09.2019 15:47:25;31;3.98;327.2;814.7636961545808;307.04;Module 1,12_9;834.24;123,38;30,91;4,01;123,86;-0,48
04,09.2019 15:49:20;31.1;3.99;326.2;812.9974790625515;306.96;Module 1,12_9;832.43;124,09;31,10;4,00;124,30;-0,21
04,09.2019 15:51:33;30.9;3.94;326.2;805.858078004159;307.1;Module 1,12_9;825.12;121,75;31,10;3,96;123,17;-1,43
04,09.2019 15:53:26;31;3.89;326.2;801.6861897158383;307.13;Module 1,12_9;820.85;120,59;31,10;3,94;122,51;-1,92
04,09.2019 15:55:19;31.3;3.87;327.2;797.2687388740162;306.92;Module 1,12_9;816.33;121,13;30,91;3,92;121,11;0,02
04,09.2019 15:57:13;31.3;3.88;327.2;796.5708642087318;306.75;Module 1,12_9;815.62;121,44;30,91;3,91;121,00;0,44
04,09.2019 15:59:07;31.1;3.86;326.2;795.109741073149;306.6;Module 1,12_9;814.13;120,05;31,10;3,91;121,47;-1,43
04,09.2019 16:01:00;31.3;3.85;326.2;792.2994675774811;306.57;Module 1,12_9;811.26;120,51;31,10;3,89;121,03;-0,52
04,09.2019 16:02:55;31.4;3.85;326.2;787.8761740774243;306.39;Module 1,12_9;806.74;120,89;31,10;3,87;120,33;0,56
04,09.2019 16:04:47;31.4;3.83;326.2;781.8989220523988;306.2;Module 1,12_9;800.63;120,26;31,10;3,84;119,38;0,88
04,09.2019 16:06:48;31.4;3.77;326.2;775.5091884535018;306.28;Module 1,12_9;794.1;118,38;31,10;3,81;118,37;0,01
04,09.2019 16:08:42;31.2;3.75;326.2;770.5152851541034;306.65;Module 1,12_9;789;117,00;31,10;3,78;117,58;-0,58
04,09.2019 16:10:38;31.1;3.74;325.7;759.9728985666884;306.98;Module 1,12_9;778.22;116,31;31,19;3,73;116,24;0,08
04,09.2019 16:12:39;31.1;3.71;325.7;757.7388486168683;307.06;Module 1,12_9;775.95;115,38;31,19;3,72;115,88;-0,50
04,09.2019 18:06:58;35.8;1.91;321.7;404.2163016780205;305.36;Module 1,12_9;417.27;68,38;31,50;1,91;60,24;8,14
04,09.2019 18:08:59;32.2;1.88;321.7;399.109259927347;305.47;Module 1,12_9;412.15;60,54;31,48;1,89;59,39;1,15
04,09.2019 18:10:52;32.2;1.87;318.1;394.00997380218325;305.6;Module 1,12_9;407.03;60,21;32,13;1,86;59,68;0,54
04,09.2019 18:12:55;32.2;1.83;318.1;383.94140563861725;305.69;Module 1,12_9;396.79;58,93;32,09;1,81;57,97;0,95
04,09.2019 18:14:47;32.3;1.78;316.6;376.3648889100489;305.46;Module 1,12_9;389.11;57,49;32,34;1,77;57,13;0,36
04,09.2019 18:16:44;32.4;1.77;316.6;368.7816645849315;305.23;Module 1,12_9;381.43;57,35;32,32;1,73;55,84;1,51
04,09.2019 18:18:38;32.2;1.74;316.6;361.2023974174914;305.26;Module 1,12_9;373.75;56,03;32,30;1,69;54,55;1,48
04,09.2019 18:20:59;32.1;1.7;316.1;353.58502892079497;304.89;Module 1,12_9;366.07;54,57;32,36;1,65;53,38;1,19
04,09.2019 18:22:51;32.1;1.66;316.1;343.5364865566389;304.6;Module 1,12_9;355.83;53,29;32,32;1,60;51,67;1,62
04,09.2019 18:24:50;32;1.61;315.6;333.48039389725517;304.6;Module 1,12_9;345.59;51,52;32,37;1,55;50,08;1,44
04,09.2019 18:26:42;32;1.59;315.6;330.8444413362575;304.7;Module 1,12_9;343.03;50,88;32,36;1,53;49,62;1,26
04,09.2019 18:28:36;32.1;1.56;315.6;325.7330023287893;304.5;Module 1,12_9;337.91;50,08;32,34;1,51;48,75;1,33
04,09.2019 18:30:29;32.2;1.51;314.1;318.1544353661294;304.21;Module 1,12_9;330.23;48,62;32,57;1,47;47,81;0,81
04,09.2019 18:32:22;32.4;1.48;314.1;309.0550218114967;303.88;Module 1,12_9;320.97;47,95;32,53;1,42;46,24;1,71
04,09.2019 18:34:29;32.4;1.45;313.6;304.93864671370216;303.87;Module 1,12_9;316.91;46,98;32,60;1,40;45,64;1,34
04,09.2019 18:36:33;32.3;1.4;313.6;295.03359941925055;303.91;Module 1,12_9;306.83;45,22;32,55;1,35;43,93;1,29
05,09.2019 10:58:57;34.5;1.5;298;303.83430890432385;291.35;Module 1,12_9;318.25;51,75;35,40;1,38;48,86;2,89
05,09.2019 11:54:15;35;1.51;297.5;306.544383592328;291.11;Module 1,12_9;318.09;52,85;35,50;1,39;49,47;3,38
05,09.2019 11:56:08;35;2.28;297.5;451.5757889836795;291.47;Module 1,12_9;468.47;79,80;35,96;2,13;76,71;3,09
05,09.2019 11:58:00;34.9;2.08;298;404.7857722648204;291.92;Module 1,12_9;419.83;72,59;35,77;1,89;67,77;4,82
05,09.2019 12:05:33;34.1;1.5;300;296.18473762998923;292.35;Module 1,12_9;306.91;51,15;35,01;1,34;47,01;4,14
05,09.2019 12:13:05;34.1;1.53;301.5;306.30187971900205;292.14;Module 1,12_9;317.12;52,17;34,79;1,40;48,56;3,61
05,09.2019 12:14:57;34.3;1.77;301.5;348.7082868910064;292.35;Module 1,12_9;360.95;60,71;34,97;1,61;56,37;4,34
05,09.2019 12:16:50;34.3;2.14;301.5;435.35829192143217;292.71;Module 1,12_9;450.55;73,40;35,22;2,05;72,35;1,06
05,09.2019 12:18:48;34.2;2.57;301.5;507.201402367704;293.32;Module 1,12_9;524.79;87,89;35,35;2,42;85,58;2,31
05,09.2019 12:20:51;34;1.71;301.5;339.0286637524408;293.39;Module 1,12_9;350.71;58,14;34,93;1,56;54,59;3,55
05,09.2019 12:22:44;33.8;1.71;301.5;344.04499228854723;293.35;Module 1,12_9;355.83;57,80;34,95;1,59;55,51;2,29
05,09.2019 12:24:38;33.9;1.82;301.5;363.91695769908233;293.26;Module 1,12_9;376.31;61,70;35,02;1,69;59,17;2,52
05,09.2019 12:26:32;33.8;1.74;303.5;349.12917838271596;293.35;Module 1,12_9;360.95;58,81;34,61;1,62;55,94;2,88
05,09.2019 12:28:24;33.7;1.52;303.5;301.9151624003238;293.4;Module 1,12_9;312.08;51,22;34,41;1,38;47,33;3,89
05,09.2019 12:30:18;33.7;1.52;304;315.18835305639067;293.47;Module 1,12_9;325.74;51,22;34,38;1,44;49,64;1,59
05,09.2019 12:32:11;33.7;1.74;304;356.75323524749217;293.66;Module 1,12_9;368.63;58,64;34,55;1,66;57,20;1,44
05,09.2019 12:34:07;33.9;1.99;304;401.4216360344084;293.82;Module 1,12_9;414.71;67,46;34,69;1,88;65,33;2,13
05,09.2019 12:36:00;33.7;1.74;305.5;351.9236384636736;293.85;Module 1,12_9;363.51;58,64;34,27;1,63;55,93;2,71
05,09.2019 12:37:54;33.8;1.82;305.5;376.7730175499575;293.88;Module 1,12_9;389.11;61,52;34,35;1,76;60,42;1,10
05,09.2019 12:39:51;33.9;1.83;305.5;357.0049187412077;294.05;Module 1,12_9;368.63;62,04;34,28;1,66;56,84;5,19
05,09.2019 12:41:45;33.6;1.45;305.5;292.1185227674736;294.14;Module 1,12_9;301.58;48,72;34,00;1,33;45,14;3,58
05,09.2019 12:58:51;33.9;1.8;304;387.36466540723274;293.47;Module 1,12_9;399.35;61,02;34,65;1,81;62,77;-1,75
05,09.2019 13:00:45;37.3;4.58;304;932.6617216120788;294.07;Module 1,12_9;961.38;170,83;35,02;4,60;160,94;9,89
05,09.2019 13:02:39;33;2.71;305.5;576.2507682319235;294.6;Module 1,12_9;593.91;89,43;34,72;2,78;96,43;-7,00
05,09.2019 13:04:54;33.6;5.16;305.5;1088.110679893997;295.28;Module 1,12_9;1121.27;173,38;34,65;5,39;186,76;-13,39
05,09.2019 13:06:47;32.8;5.22;307.6;1095.7130829009357;295.52;Module 1,12_9;1128.95;171,22;34,27;5,43;186,12;-14,90
05,09.2019 13:08:40;33.3;1.44;307.6;301.5351161417397;295.84;Module 1,12_9;310.64;47,95;33,67;1,38;46,38;1,57
05,09.2019 13:10:32;32.7;4.91;307.6;1011.5042741312752;295.54;Module 1,12_9;1041.91;160,56;34,34;5,00;171,72;-11,16
05,09.2019 13:12:25;32.3;1.43;310.1;305.46867573320066;295.5;Module 1,12_9;314.61;46,19;33,23;1,40;46,52;-0,33
05,09.2019 13:14:18;32.8;1.47;310.1;323.1619465807037;295.27;Module 1,12_9;332.79;48,22;33,32;1,49;49,64;-1,42
05,09.2019 13:16:11;33.1;1.49;310.1;345.57908645675445;294.8;Module 1,12_9;355.83;49,32;33,41;1,60;53,59;-4,27
05,09.2019 13:18:06;34.6;4.84;310.1;1136.3507551296175;294.54;Module 1,12_9;1169.91;167,46;33,80;5,64;190,58;-23,12
05,09.2019 13:20:04;32.9;1.52;310.1;430.2212160923242;294.6;Module 1,12_9;442.87;50,01;33,67;2,04;68,54;-18,53
05,09.2019 13:22:07;33.3;5.06;310.1;1049.59312999276;294.97;Module 1,12_9;1080.31;168,50;33,87;5,20;176,01;-7,51
05,09.2019 13:26:09;33.1;3.12;310.1;655.6908941048291;294.53;Module 1,12_9;674.71;103,27;33,96;3,19;108,22;-4,95
05,09.2019 13:29:55;29.4;3.69;310.1;920.9816893201837;294.75;Module 1,12_9;947.48;108,49;33,95;4,54;154,15;-45,66
05,09.2019 13:31:49;33.7;5.02;310.1;1065.146767768914;295.1;Module 1,12_9;1095.67;169,17;33,86;5,28;178,63;-9,46
05,09.2019 13:33:48;34;4.97;310.1;1077.7143843083516;295.47;Module 1,12_9;1108.47;168,98;33,85;5,34;180,75;-11,77
05,09.2019 13:35:40;32.9;4.93;310.1;1035.512393266438;296.23;Module 1,12_9;1064.95;162,20;33,88;5,12;173,63;-11,43
05,09.2019 13:37:33;32.5;4.92;310.1;1030.6431303363634;296.78;Module 1,12_9;1059.83;159,90;33,88;5,10;172,80;-12,90
05,09.2019 13:39:28;32.3;5.13;310.1;1068.098947073242;296.89;Module 1,12_9;1098.23;165,70;33,86;5,29;179,13;-13,43
05,09.2019 13:41:21;32.9;4.28;310.1;832.3375432859016;296.79;Module 1,12_9;855.73;140,81;33,98;4,09;138,92;1,90
05,09.2019 13:43:16;32.2;5.04;315.6;1058.3570807252006;297.22;Module 1,12_9;1087.99;162,29;32,89;5,24;172,46;-10,18
05,09.2019 13:45:08;31.9;4.88;315.6;1008.6507813424653;297.78;Module 1,12_9;1036.79;155,67;32,93;4,99;164,31;-8,63
05,09.2019 13:47:16;31.8;5.07;315.6;1056.0872818322468;298.14;Module 1,12_9;1085.43;161,23;32,89;5,23;172,09;-10,87
05,09.2019 13:49:13;31.7;5.43;318.1;1140.8873961004854;298.74;Module 1,12_9;1172.47;172,13;32,38;5,66;183,41;-11,28
05,09.2019 13:51:06;32.4;4.31;318.1;1138.5034905593225;298.78;Module 1,12_9;1169.91;139,64;32,38;5,65;183,03;-43,38
05,09.2019 13:52:59;31.6;2.16;320.1;465.9020183042007;298.71;Module 1,12_9;478.71;68,26;31,94;2,23;71,08;-2,83
05,09.2019 13:54:57;31.3;1.45;320.1;300.4594564467913;297.85;Module 1,12_9;308.69;45,38;31,39;1,38;43,41;1,98
05,09.2019 14:06:20;32.5;4.91;311.1;1076.9791478454815;294.09;Module 1,12_9;1105.91;159,58;33,67;5,34;179,70;-20,12
05,09.2019 14:08:14;33;4.97;311.1;1039.6676442842552;294.62;Module 1,12_9;1067.51;164,01;33,70;5,15;173,44;-9,43
05,09.2019 14:10:07;33;4.9;311.1;1032.2690117432983;295.45;Module 1,12_9;1059.83;161,70;33,70;5,11;172,20;-10,50
05,09.2019 14:11:59;32.4;4.66;311.1;1052.2967806884708;296.32;Module 1,12_9;1080.31;150,98;33,70;5,21;175,56;-24,58
05,09.2019 14:15:49;31.8;4.21;311.1;1062.4329949387275;296.68;Module 1,12_9;1090.55;133,88;33,69;5,26;177,26;-43,38
05,09.2019 14:22:18;32;4.27;313.6;890.7005886624058;295.76;Module 1,12_9;914.05;136,64;33,34;4,39;146,30;-9,66
05,09.2019 14:24:15;30.4;2.65;313.6;456.5348459135792;295.85;Module 1,12_9;468.47;80,56;33,10;2,17;71,92;8,64
05,09.2019 14:28:04;30.8;4.06;313.6;1015.4997635758461;296.54;Module 1,12_9;1041.91;125,05;33,27;5,02;167,19;-42,14
05,09.2019 14:29:58;32.8;4.88;313.6;1020.5549603232737;297.25;Module 1,12_9;1047.03;160,06;33,27;5,05;168,03;-7,97
05,09.2019 14:37:48;32.8;4.42;311.1;1085.7001449616316;296.08;Module 1,12_9;1113.59;144,98;33,66;5,38;181,16;-36,18
05,09.2019 14:39:42;33.6;5.16;311.1;1070.7850048651226;296.96;Module 1,12_9;1098.23;173,38;33,68;5,30;178,66;-5,29
05,09.2019 14:41:34;32.8;5.21;311.1;1085.8195586865907;297.78;Module 1,12_9;1113.59;170,89;33,66;5,38;181,18;-10,29
05,09.2019 14:43:36;32.4;5.22;311.1;1085.881443411071;298.57;Module 1,12_9;1113.59;169,13;33,66;5,38;181,19;-12,06
05,09.2019 14:45:31;32.2;5.18;315.6;1080.9452580162945;299.54;Module 1,12_9;1108.47;166,80;32,88;5,36;176,16;-9,36
05,09.2019 14:49:23;30.9;1.49;317.6;316.48389108460356;299.21;Module 1,12_9;324.51;46,04;31,93;1,46;46,69;-0,65
05,09.2019 14:59:04;33.4;2.15;311.1;514.423175989431;295.17;Module 1,12_9;527.35;71,81;33,65;2,47;82,99;-11,18
05,09.2019 15:01:00;32.4;4.36;311.1;961.4693624358448;295.63;Module 1,12_9;985.59;141,26;33,75;4,75;160,24;-18,98
05,09.2019 15:08:46;33.6;1.56;310.1;354.66588179491225;294.79;Module 1,12_9;363.51;52,42;33,45;1,65;55,20;-2,78
05,09.2019 15:10:40;35.7;2.69;309.6;574.4833443973735;295.52;Module 1,12_9;588.79;96,03;33,99;2,77;94,21;1,83
05,09.2019 15:12:39;33.9;2.62;309.6;532.0378088512475;296.14;Module 1,12_9;545.27;88,82;33,95;2,55;86,72;2,10
05,09.2019 15:14:33;32.8;1.54;309.6;312.21428320210856;296.38;Module 1,12_9;319.97;50,51;33,36;1,43;47,83;2,69
05,09.2019 15:16:30;32.8;1.47;309.6;303.66542425611743;296.52;Module 1,12_9;311.2;48,22;33,32;1,39;46,32;1,90
05,09.2019 15:18:23;33.3;1.56;309.6;318.5934191152151;296.07;Module 1,12_9;326.49;51,95;33,39;1,47;48,95;3,00
05,09.2019 15:20:16;33.4;1.51;308.1;310.1308501374807;295.63;Module 1,12_9;317.81;50,43;33,62;1,42;47,80;2,64
05,09.2019 15:22:09;33.4;1.52;308.1;317.8373962972185;295.4;Module 1,12_9;325.7;50,77;33,66;1,46;49,17;1,60
05,09.2019 15:24:06;33.5;1.57;309.6;324.7633138926066;295.1;Module 1,12_9;332.79;52,59;33,41;1,50;50,04;2,55
05,09.2019 15:26:00;34;2.96;309.6;502.1492236869721;295.11;Module 1,12_9;514.55;100,64;33,90;2,40;81,44;19,20
05,09.2019 15:27:54;33.7;1.82;307.6;372.2441480383282;295.07;Module 1,12_9;381.43;61,33;33,96;1,74;59,01;2,33
05,09.2019 15:29:47;33.6;1.68;307.6;352.2630827930316;294.74;Module 1,12_9;360.95;56,45;33,89;1,64;55,44;1,01
05,09.2019 15:31:40;33.7;1.97;307.6;404.7351738801225;294.46;Module 1,12_9;414.71;66,39;34,05;1,90;64,82;1,57
05,09.2019 15:33:35;34;4.14;307.6;909.0387725367725;294.37;Module 1,12_9;931.43;140,76;34,39;4,48;154,02;-13,26
05,09.2019 15:35:32;34.6;4.75;307.6;902.041943825968;295.17;Module 1,12_9;924.25;164,35;34,40;4,44;152,81;11,54
05,09.2019 15:37:25;33.3;4.48;307.6;966.9143397967983;295.98;Module 1,12_9;990.71;149,18;34,37;4,77;164,04;-14,86
05,09.2019 15:39:18;32.8;4.42;309.6;923.5686009070914;296.71;Module 1,12_9;946.29;144,98;34,03;4,55;154,98;-10,01
05,09.2019 15:41:13;32.6;4.37;309.6;909.9398199863418;297.39;Module 1,12_9;932.32;142,46;34,04;4,48;152,64;-10,18
05,09.2019 15:43:07;32.5;4.37;312.1;911.5543620727025;297.57;Module 1,12_9;933.97;142,03;33,60;4,49;150,98;-8,96
05,09.2019 15:45:03;32.3;4.58;312.1;954.374159870151;297.82;Module 1,12_9;977.84;147,93;33,58;4,71;158,22;-10,29
05,09.2019 15:47:01;31.3;2.28;312.1;482.2139631144239;298.01;Module 1,12_9;494.07;71,36;33,42;2,30;76,95;-5,58
05,09.2019 15:49:03;32.8;3.9;313.6;1004.4137515890526;298.22;Module 1,12_9;1029.11;127,92;33,28;4,97;165,34;-37,42
05,09.2019 15:51:05;32.8;4.76;313.6;989.4192642205509;298.49;Module 1,12_9;1013.75;156,13;33,29;4,89;162,85;-6,72
05,09.2019 15:52:58;32;4.38;315.6;898.3249470786734;299.51;Module 1,12_9;920.42;140,16;32,98;4,43;146,04;-5,88
05,09.2019 15:54:55;32;3.1;315.6;728.750608531433;299.64;Module 1,12_9;746.68;99,20;33,00;3,56;117,59;-18,39
05,09.2019 15:56:48;32.1;2.71;315.6;569.6499378140525;299.11;Module 1,12_9;583.67;86,99;32,91;2,75;90,55;-3,56
05,09.2019 15:58:40;32.2;1.68;315.6;367.2670190474263;298.37;Module 1,12_9;376.31;54,10;32,49;1,72;55,87;-1,77
05,09.2019 16:08:11;34.3;4.34;311.1;893.4451971943388;296.1;Module 1,12_9;915.52;148,86;33,78;4,40;148,67;0,19
05,09.2019 16:19:34;33.5;1.62;309.6;367.17405099258167;295.33;Module 1,12_9;376.31;54,27;33,58;1,71;57,55;-3,28
05,09.2019 16:38:27;33.8;1.67;304;362.0061686719423;294.61;Module 1,12_9;371.19;56,45;34,57;1,68;58,15;-1,71
05,09.2019 16:40:21;34.5;1.85;304;421.8995309315449;295.1;Module 1,12_9;432.63;63,83;34,74;1,99;69,06;-5,24
05,09.2019 16:42:14;34;1.5;305.5;297.33770599326544;295.26;Module 1,12_9;304.92;51,00;34,02;1,35;46,08;4,92
05,09.2019 16:44:09;33.8;1.84;305.5;381.9039971762854;295.39;Module 1,12_9;391.67;62,19;34,37;1,78;61,34;0,85
05,09.2019 16:46:02;34.5;2.52;305.5;484.21232640367464;295.5;Module 1,12_9;496.63;86,94;34,60;2,31;79,84;7,10
05,09.2019 16:47:55;34.1;2.31;305.5;464.20979664646507;295.79;Module 1,12_9;476.15;78,77;34,57;2,20;76,22;2,55
05,09.2019 16:57:24;33.8;1.54;305.5;310.9557231984178;295.72;Module 1,12_9;319.09;52,05;34,09;1,42;48,53;3,52
05,09.2019 16:59:44;34;1.86;305.5;404.0901726644137;295.51;Module 1,12_9;414.71;63,24;34,43;1,90;65,36;-2,12
05,09.2019 17:01:37;34.5;1.88;306;379.1077749064554;295.7;Module 1,12_9;389.11;64,86;34,27;1,77;60,70;4,16
05,09.2019 17:03:30;33.7;1.58;306;346.6471831777743;295.67;Module 1,12_9;355.83;53,25;34,16;1,61;54,84;-1,60
05,09.2019 17:56:53;34;1.34;303.5;369.64336019461064;294.6;Module 1,12_9;381.43;45,56;34,68;1,72;59,68;-14,12
05,09.2019 18:06:25;34.1;1.66;303.5;386.37382956388444;294.34;Module 1,12_9;399.35;56,61;34,73;1,81;62,74;-6,13
05,09.2019 18:08:18;35;2.46;304;522.4086656158569;294.8;Module 1,12_9;540.15;86,10;34,93;2,50;87,35;-1,25
05,09.2019 18:12:04;34.3;1.58;304;310.74879543484775;295.38;Module 1,12_9;321.55;54,19;34,36;1,42;48,83;5,37
05,09.2019 18:13:57;34.1;1.59;305.5;328.89867528501645;295.67;Module 1,12_9;340.47;54,22;34,17;1,51;51,77;2,45
05,09.2019 18:17:43;34.2;1.37;305.5;300.98005871731726;295.25;Module 1,12_9;311.84;46,85;34,05;1,37;46,73;0,12
05,09.2019 18:27:21;34.3;1.56;304;327.7669935388887;294.57;Module 1,12_9;340.47;53,51;34,44;1,51;51,92;1,59
05,09.2019 18:29:14;34.6;1.76;304;371.91451319576487;294.9;Module 1,12_9;386.55;60,90;34,60;1,73;59,96;0,94
05,09.2019 18:31:06;34.6;1.85;304;371.69382016036167;295.41;Module 1,12_9;386.55;64,01;34,60;1,73;59,92;4,09
05,09.2019 18:33:06;34.8;1.88;304;393.5861598647877;295.74;Module 1,12_9;409.59;65,42;34,66;1,84;63,90;1,52
05,09.2019 18:34:59;34.5;1.93;304;410.53611200471516;296.02;Module 1,12_9;427.51;66,58;34,71;1,93;66,99;-0,41
05,09.2019 18:36:57;34.7;1.75;305.5;370.9354399643196;296.25;Module 1,12_9;386.55;60,73;34,33;1,73;59,36;1,36
06,09.2019 09:23:44;39.8;0.58;297.5;282.5402607535597;287.83;Module 1,12_9;309.06;23,08;35,38;1,27;44,97;-21,89
06,09.2019 09:25:39;40;0.6;297.5;289.0905479084081;288.14;Module 1,12_9;315.7;24,00;35,41;1,30;46,20;-22,20
06,09.2019 09:27:31;40;0.64;297.5;297.9515409033986;288.59;Module 1,12_9;324.87;25,60;35,46;1,35;47,86;-22,26
06,09.2019 09:29:24;39.2;0.94;298;305.678056017207;289.02;Module 1,12_9;332.79;36,85;35,41;1,39;49,20;-12,35
06,09.2019 09:31:17;36.5;1.34;298;284.7286296117707;289.38;Module 1,12_9;309.53;48,91;35,30;1,28;45,29;3,62
06,09.2019 09:40:55;34.1;1.52;295;317.6725304916812;290.35;Module 1,12_9;343.03;51,83;36,00;1,45;52,11;-0,28
06,09.2019 09:42:47;34.3;1.69;297.5;351.27528447332463;290.57;Module 1,12_9;378.87;57,97;35,69;1,62;57,86;0,10
06,09.2019 09:44:40;34.8;1.36;297.5;289.0507154463375;290.82;Module 1,12_9;311.4;47,33;35,41;1,30;46,19;1,14
06,09.2019 09:48:27;35.1;1.58;298;333.39984967754975;291.01;Module 1,12_9;358.39;55,46;35,53;1,53;54,39;1,07
06,09.2019 09:50:20;35.1;1.59;298;340.8998918967094;291.21;Module 1,12_9;366.07;55,81;35,56;1,57;55,79;0,02
06,09.2019 09:52:13;35;1.68;299.5;362.72270512215533;291.3;Module 1,12_9;389.11;58,80;35,38;1,68;59,49;-0,69
06,09.2019 09:54:16;35;1.62;299.5;341.6097656623215;291.32;Module 1,12_9;366.07;56,70;35,30;1,57;55,56;1,14
06,09.2019 09:56:08;34.8;1.73;300;361.06164317746243;291.38;Module 1,12_9;386.55;60,20;35,28;1,67;59,04;1,16
06,09.2019 09:58:03;34.8;1.7;300;347.04064432885764;291.32;Module 1,12_9;371.19;59,16;35,23;1,60;56,44;2,72
06,09.2019 09:59:55;34.7;1.74;300;356.9318999267433;291.39;Module 1,12_9;381.43;60,38;35,27;1,65;58,28;2,10
06,09.2019 10:01:53;34.4;1.39;299.5;287.62840958696455;291.39;Module 1,12_9;307.09;47,82;35,05;1,30;45,53;2,29
06,09.2019 10:03:45;34.4;1.41;299.5;295.52888528039966;291.3;Module 1,12_9;315.26;48,50;35,09;1,34;47,00;1,51
06,09.2019 10:05:38;34.8;1.42;299.5;294.00898424416056;291.16;Module 1,12_9;313.38;49,42;35,09;1,33;46,71;2,70
06,09.2019 10:07:40;34.9;1.62;300;343.73953751756557;290.98;Module 1,12_9;366.07;56,54;35,22;1,59;55,83;0,71
06,09.2019 10:09:32;34.4;1.67;300;356.033871787362;290.95;Module 1,12_9;378.87;57,45;35,26;1,65;58,11;-0,66
06,09.2019 10:11:27;34.1;1.85;300;377.9772093470662;291.12;Module 1,12_9;401.91;63,09;35,34;1,76;62,19;0,90
06,09.2019 10:13:20;33.9;1.61;300;322.8421186201502;291.27;Module 1,12_9;343.03;54,58;35,13;1,48;51,95;2,63
06,09.2019 10:15:13;34;1.61;300;301.7519857449165;291.4;Module 1,12_9;320.39;54,74;35,03;1,37;48,05;6,69
06,09.2019 11:43:33;34.5;1.44;299.5;296.5902772758003;291.03;Module 1,12_9;308.43;49,68;35,09;1,34;47,19;2,49
06,09.2019 11:45:26;34.5;1.55;299.5;322.56426401313337;291.18;Module 1,12_9;335.35;53,48;35,22;1,48;52,02;1,46
06,09.2019 11:47:21;35.2;3.2;300;645.3322687280906;291.52;Module 1,12_9;670.73;112,64;35,74;3,13;111,71;0,93
06,09.2019 11:49:14;35.3;3.09;300;564.1796451940525;292.39;Module 1,12_9;586.23;109,08;35,68;2,71;96,73;12,35
06,09.2019 11:51:07;33.9;2.58;300;591.4327325681463;292.96;Module 1,12_9;614.39;87,46;35,71;2,85;101,77;-14,30
06,09.2019 11:53:01;34.3;4.3;302;881.2278232513878;293.5;Module 1,12_9;915.2;147,49;35,39;4,33;153,31;-5,82
06,09.2019 11:54:54;33.5;4.13;302;840.2836330697979;294.55;Module 1,12_9;872.46;138,35;35,41;4,12;145,97;-7,61
06,09.2019 11:56:53;33.3;4.44;305.5;925.8741334138534;295.45;Module 1,12_9;961.08;147,85;34,76;4,56;158,58;-10,73
06,09.2019 11:58:46;32.8;4.81;305.5;949.715036929589;296.32;Module 1,12_9;985.59;157,77;34,74;4,68;162,75;-4,98
06,09.2019 12:00:41;31.6;3.86;308.6;806.9594828084869;296.67;Module 1,12_9;837.24;121,98;34,25;3,96;135,55;-13,57
06,09.2019 12:02:34;32.8;3.71;308.6;730.6110935196868;297.2;Module 1,12_9;757.85;121,69;34,25;3,57;122,20;-0,51
06,09.2019 12:04:28;32.5;4.38;308.6;905.1125117238292;297.52;Module 1,12_9;938.64;142,35;34,22;4,46;152,58;-10,23
06,09.2019 12:06:26;32.3;4.2;311.1;868.2501167389942;297.96;Module 1,12_9;900.2;135,66;33,79;4,27;144,37;-8,71
06,09.2019 12:08:24;32.2;4.25;311.1;876.5357887506448;298.6;Module 1,12_9;908.58;136,85;33,79;4,31;145,78;-8,93
06,09.2019 12:10:17;32.2;4.4;314.1;906.5631967137069;299.06;Module 1,12_9;939.5;141,68;33,24;4,47;148,58;-6,90
06,09.2019 12:12:10;32;4.34;314.1;881.9536914980159;299.3;Module 1,12_9;913.8;138,88;33,26;4,34;144,45;-5,57
06,09.2019 12:14:02;31.8;4.28;314.1;881.57872920404;299.43;Module 1,12_9;913.22;136,10;33,26;4,34;144,39;-8,29
06,09.2019 12:15:55;31.8;4.1;316.1;842.995389266738;299.63;Module 1,12_9;873.07;130,38;32,91;4,15;136,45;-6,07
06,09.2019 12:17:47;31.9;4.11;316.1;843.3308945807548;299.45;Module 1,12_9;873.24;131,11;32,91;4,15;136,50;-5,39
06,09.2019 12:19:42;31.9;4.22;317.6;870.0677007749102;299.54;Module 1,12_9;900.74;134,62;32,63;4,29;139,83;-5,22
06,09.2019 12:22:28;31.9;4.4;317.6;907.1050926240878;299.53;Module 1,12_9;938.81;140,36;32,63;4,47;145,94;-5,58
06,09.2019 12:24:22;31.6;4.28;318.1;878.802484798686;299.51;Module 1,12_9;909.34;135,25;32,54;4,33;140,90;-5,65
06,09.2019 12:26:17;31.8;4.05;318.1;824.1669164171772;299.64;Module 1,12_9;852.64;128,79;32,55;4,05;131,89;-3,10
06,09.2019 12:28:13;32;4.07;318.1;838.0352578555617;299.71;Module 1,12_9;866.82;130,24;32,55;4,12;134,18;-3,94
06,09.2019 12:30:06;32.1;3.9;319.6;814.4126895695983;299.39;Module 1,12_9;842.23;125,19;32,29;4,00;129,22;-4,03
06,09.2019 12:31:59;32;4.36;319.6;896.9623114307844;299.39;Module 1,12_9;927.43;139,52;32,27;4,42;142,71;-3,19
06,09.2019 12:33:52;32;4.34;320.6;877.1192507106291;299.27;Module 1,12_9;906.75;138,88;32,09;4,32;138,71;0,17
06,09.2019 12:36:03;31.9;3.71;320.6;763.9733114874368;299.26;Module 1,12_9;789.62;118,35;32,11;3,75;120,26;-1,91
06,09.2019 12:38:05;32;3.64;320.6;742.4594409029573;299.07;Module 1,12_9;767.24;116,48;32,11;3,64;116,73;-0,25
06,09.2019 12:40:06;32;3.43;319.6;708.3420783318993;298.88;Module 1,12_9;731.85;109,76;32,28;3,46;111,73;-1,97
06,09.2019 12:41:58;32.2;3.43;319.6;674.8207924187507;299;Module 1,12_9;697.1;110,45;32,27;3,29;106,17;4,27
06,09.2019 12:43:52;32.3;3.61;318.1;756.8725225768441;299;Module 1,12_9;781.73;116,60;32,55;3,71;120,73;-4,12
06,09.2019 12:45:44;32.3;2.99;318.1;648.5775132104103;298.86;Module 1,12_9;669.77;96,58;32,52;3,16;102,63;-6,06
06,09.2019 12:47:45;32.4;3.43;318.1;704.1661988710051;298.66;Module 1,12_9;727.05;111,13;32,55;3,44;111,94;-0,81
06,09.2019 12:49:39;32.1;3.87;318.1;791.5275027703663;298.39;Module 1,12_9;817.12;124,23;32,55;3,89;126,48;-2,25
06,09.2019 12:51:32;32.3;3.98;318.1;815.4355511673324;298.68;Module 1,12_9;841.67;128,55;32,55;4,01;130,44;-1,89
06,09.2019 12:53:25;32.3;3.22;318.1;729.3893084667386;299.01;Module 1,12_9;752.74;104,01;32,55;3,57;116,15;-12,14
06,09.2019 12:55:18;32.3;3.92;318.1;806.118546327702;299.05;Module 1,12_9;831.8;126,62;32,55;3,96;128,90;-2,28
06,09.2019 12:57:21;32.3;3.78;318.1;693.1919183950564;299.16;Module 1,12_9;715.16;122,09;32,55;3,38;110,11;11,99
06,09.2019 12:59:14;32.4;3.16;317.6;673.4298526570358;298.94;Module 1,12_9;694.67;102,38;32,63;3,28;107,09;-4,70
06,09.2019 13:01:07;32.1;3.02;317.6;635.4036544433197;298.5;Module 1,12_9;655.35;96,94;32,60;3,09;100,69;-3,75
06,09.2019 13:03:02;32.6;3.41;317.6;687.4327609293725;298.47;Module 1,12_9;708.91;111,17;32,63;3,35;109,43;1,73
06,09.2019 13:05:00;32.4;3.15;317.6;637.6441973284824;298.49;Module 1,12_9;657.47;102,06;32,61;3,10;101,07;0,99
06,09.2019 13:06:52;32.6;3.17;317.6;647.0041033083077;298.5;Module 1,12_9;667.03;103,34;32,61;3,15;102,64;0,70
06,09.2019 13:08:45;32.5;2.88;317.6;588.5747698300296;298.56;Module 1,12_9;606.71;93,60;32,57;2,85;92,80;0,80
06,09.2019 13:10:38;32.8;3.08;317.6;641.8320352087827;298.41;Module 1,12_9;661.52;101,02;32,61;3,12;101,77;-0,75
06,09.2019 13:12:31;32.6;3.37;316.6;698.1102127969532;298.45;Module 1,12_9;719.43;109,86;32,81;3,41;111,82;-1,96
06,09.2019 13:14:23;32.6;3.37;316.6;692.745549148029;298.46;Module 1,12_9;713.81;109,86;32,81;3,38;110,91;-1,05
06,09.2019 13:16:18;32.5;3.26;315.6;662.5424005731129;298.2;Module 1,12_9;682.6;105,95;32,98;3,23;106,37;-0,42
06,09.2019 13:18:10;32.4;3.05;315.6;621.2616419225958;298.32;Module 1,12_9;639.99;98,82;32,95;3,01;99,35;-0,53
06,09.2019 13:20:04;32.6;3.36;315.6;680.794301565466;298.39;Module 1,12_9;701.23;109,54;32,98;3,32;109,47;0,06
06,09.2019 13:21:57;32.5;3.29;315.6;695.8688726073473;298.5;Module 1,12_9;716.67;106,92;32,99;3,40;112,03;-5,10
06,09.2019 13:23:51;32.3;2.8;315.6;574.2555213360763;298.73;Module 1,12_9;591.35;90,44;32,91;2,77;91,34;-0,90
06,09.2019 13:25:46;32.6;3.52;315.6;703.4173700082399;298.81;Module 1,12_9;724.27;114,75;32,99;3,43;113,31;1,44
06,09.2019 13:27:41;32.5;3.46;315.6;679.829122633419;299.15;Module 1,12_9;699.9;112,45;32,98;3,31;109,31;3,14
06,09.2019 13:29:33;32.5;3.22;315.6;657.446381699772;299.32;Module 1,12_9;676.78;104,65;32,98;3,20;105,51;-0,86
06,09.2019 13:31:26;32.4;2.78;316.1;554.6241166225234;299.5;Module 1,12_9;570.87;90,07;32,80;2,68;87,75;2,32
06,09.2019 13:33:39;32.5;2.95;316.1;596.9830431862011;299.3;Module 1,12_9;614.39;95,88;32,84;2,89;94,97;0,91
06,09.2019 13:35:33;32.6;3.06;315.6;621.9256611336596;299.24;Module 1,12_9;639.99;99,76;32,95;3,02;99,47;0,29
06,09.2019 13:37:26;32.6;3.24;315.6;644.1895776841255;299.37;Module 1,12_9;662.83;105,62;32,97;3,13;103,26;2,37
06,09.2019 13:39:25;32.7;3.15;315.6;642.4235633538296;299.37;Module 1,12_9;660.94;103,01;32,97;3,12;102,95;0,05
06,09.2019 13:41:18;32.4;3.04;315.6;624.6130585531042;299.2;Module 1,12_9;642.55;98,50;32,96;3,03;99,92;-1,43
06,09.2019 13:43:11;32.4;3.05;315.6;622.187503889329;299.37;Module 1,12_9;639.99;98,82;32,95;3,02;99,51;-0,69
06,09.2019 13:45:04;32.3;2.49;315.6;565.0015969671251;299.62;Module 1,12_9;581.11;80,43;32,91;2,73;89,76;-9,33
06,09.2019 13:47:10;32.5;1.86;315.6;370.8971694396597;299.53;Module 1,12_9;381.43;60,45;32,51;1,74;56,49;3,96
06,09.2019 13:49:05;32.5;1.91;315.6;388.3602642187339;299.27;Module 1,12_9;399.35;62,07;32,56;1,83;59,49;2,59
06,09.2019 13:50:58;32.6;1.91;315.6;383.4173288164825;298.95;Module 1,12_9;394.23;62,27;32,55;1,80;58,64;3,63
06,09.2019 13:52:52;33;2.1;315.6;428.2735241396839;298.79;Module 1,12_9;440.31;69,30;32,67;2,03;66,33;2,97
06,09.2019 13:54:58;32.7;1.81;314.1;366.0601800344292;298.25;Module 1,12_9;376.31;59,19;32,77;1,71;56,09;3,10
06,09.2019 13:56:51;33;1.78;314.1;356.13088232921626;297.78;Module 1,12_9;366.07;58,74;32,73;1,66;54,37;4,37
06,09.2019 13:58:44;33.1;1.79;314.1;361.14352819122234;297.54;Module 1,12_9;371.19;59,25;32,75;1,69;55,24;4,01
06,09.2019 14:00:40;33.2;1.93;314.1;388.5756870213703;297.1;Module 1,12_9;399.35;64,08;32,84;1,83;59,98;4,10
06,09.2019 14:02:34;33.3;2.03;314.1;411.02909362391506;297.02;Module 1,12_9;422.39;67,60;32,90;1,94;63,86;3,74
06,09.2019 14:04:26;33.3;2.07;311.1;423.5196056555312;297.01;Module 1,12_9;435.19;68,93;33,48;2,00;67,02;1,91
06,09.2019 14:06:19;33.3;2.14;311.1;436.0118101620636;297.12;Module 1,12_9;447.99;71,26;33,51;2,07;69,22;2,04
06,09.2019 14:08:12;33.5;2.87;311.1;585.5516235379046;297.18;Module 1,12_9;601.59;96,15;33,73;2,83;95,44;0,71
06,09.2019 14:10:05;33.1;2.65;311.1;533.2665834333452;297.59;Module 1,12_9;547.83;87,72;33,67;2,56;86,29;1,43
06,09.2019 14:11:58;33.2;2.88;311.1;603.0873111515473;297.97;Module 1,12_9;619.51;95,62;33,75;2,92;98,50;-2,89
06,09.2019 14:13:55;33.5;2.73;311.1;553.2876283547447;298.37;Module 1,12_9;568.31;91,45;33,70;2,66;89,80;1,66
06,09.2019 14:15:49;32.8;2.54;311.1;520.9260066092701;298.38;Module 1,12_9;535.03;83,31;33,66;2,50;84,13;-0,81
06,09.2019 14:17:58;33;2.39;311.1;473.60711916048695;298.19;Module 1,12_9;486.39;78,87;33,59;2,26;75,82;3,05
06,09.2019 14:19:51;32.7;2.07;311.1;411.318046824428;298.22;Module 1,12_9;422.39;67,69;33,45;1,94;64,88;2,81
06,09.2019 14:21:32;32.7;1.97;311.1;396.3850920925837;298.28;Module 1,12_9;407.03;64,42;33,40;1,86;62,26;2,16
06,09.2019 14:23:26;33.2;2.27;311.1;476.19509492669147;298.33;Module 1,12_9;488.95;75,36;33,59;2,27;76,28;-0,91
06,09.2019 14:25:32;32.7;1.96;311.1;411.40163584370026;298.23;Module 1,12_9;422.39;64,09;33,45;1,94;64,90;-0,80
06,09.2019 14:27:27;32.8;1.88;311.1;396.46717524737744;298.14;Module 1,12_9;407.03;61,66;33,40;1,86;62,27;-0,61
06,09.2019 14:29:36;33;1.72;311.1;351.6081702407438;298.17;Module 1,12_9;360.95;56,76;33,26;1,64;54,39;2,37
06,09.2019 14:31:30;32.9;1.63;311.1;331.6786699323311;297.96;Module 1,12_9;340.47;53,63;33,17;1,53;50,89;2,73
06,09.2019 14:33:27;33;1.57;312.1;321.7229344060321;297.76;Module 1,12_9;330.23;51,81;32,95;1,48;48,91;2,90
06,09.2019 14:35:21;33.2;1.51;312.1;307.1663220507108;297.32;Module 1,12_9;315.27;50,13;32,88;1,41;46,37;3,76
06,09.2019 14:37:18;33.2;1.63;312.1;334.23236232649117;297.01;Module 1,12_9;343.03;54,12;33,01;1,55;51,09;3,02
06,09.2019 14:39:12;33.3;1.8;312.1;371.66817331852866;297.09;Module 1,12_9;381.43;59,94;33,15;1,74;57,63;2,31
06,09.2019 14:41:05;33.5;2.12;312.1;441.53734930681975;297.22;Module 1,12_9;453.11;71,02;33,34;2,10;69,84;1,18
06,09.2019 14:42:58;33.7;2.52;310.1;518.8974961989593;297.5;Module 1,12_9;532.47;84,92;33,84;2,49;84,19;0,74
06,09.2019 14:44:50;33.4;2.58;310.1;536.387642166191;297.82;Module 1,12_9;550.39;86,17;33,86;2,58;87,27;-1,10
06,09.2019 14:46:45;34.1;2.39;310.1;471.5445689309884;298.25;Module 1,12_9;483.83;81,50;33,76;2,25;75,84;5,66
06,09.2019 14:48:47;33;2.13;310.1;444.1224318955516;298.71;Module 1,12_9;455.67;70,29;33,70;2,11;71,00;-0,71
06,09.2019 14:51:01;33.7;2.98;310.1;623.8053692535932;299.06;Module 1,12_9;639.99;100,43;33,94;3,02;102,63;-2,21
06,09.2019 14:52:54;33;3.44;311.1;738.5615801198414;299.1;Module 1,12_9;757.69;113,52;33,80;3,61;122,05;-8,53
06,09.2019 14:54:48;33.1;3.91;311.1;799.703452249991;299.44;Module 1,12_9;820.38;129,42;33,80;3,92;132,60;-3,18
06,09.2019 14:56:51;32.7;4.38;312.1;902.175540556588;300.28;Module 1,12_9;925.46;143,23;33,60;4,45;149,39;-6,17
06,09.2019 14:58:47;32.2;4.24;312.1;874.1942090283625;301.01;Module 1,12_9;896.72;136,53;33,61;4,30;144,64;-8,11
06,09.2019 15:00:40;31.7;4.01;312.1;813.3147196761529;301.66;Module 1,12_9;834.24;127,12;33,63;3,99;134,26;-7,14
06,09.2019 15:02:36;31.8;3.92;315.6;813.9399878058633;302.17;Module 1,12_9;834.85;124,66;33,00;4,00;131,94;-7,28
06,09.2019 15:04:41;31.7;2.11;315.6;396.8507021004964;302.08;Module 1,12_9;407.03;66,89;32,59;1,87;60,94;5,95
06,09.2019 15:06:33;32;3.34;317.6;702.0266929261751;301.75;Module 1,12_9;720.01;106,88;32,64;3,43;111,88;-5,00
06,09.2019 15:08:30;32.2;1.76;317.6;346.9540531700745;301.57;Module 1,12_9;355.83;56,67;32,05;1,62;51,85;4,82
06,09.2019 15:10:25;32;1.63;317.6;322.00253709216975;301;Module 1,12_9;330.23;52,16;31,95;1,49;47,62;4,54
06,09.2019 15:12:19;32.1;1.48;317.6;294.3478699303959;299.92;Module 1,12_9;301.86;47,51;31,82;1,35;42,94;4,57
06,09.2019 15:14:13;32.4;1.48;317.6;298.0907046334977;299.38;Module 1,12_9;305.69;47,95;31,84;1,37;43,58;4,38
06,09.2019 15:16:06;32.6;1.51;315.6;303.06190452534065;298.79;Module 1,12_9;310.78;49,23;32,23;1,39;44,87;4,36
06,09.2019 15:17:59;32.9;1.46;315.6;295.55045581764927;298.63;Module 1,12_9;303.07;48,03;32,19;1,35;43,59;4,45
07,09.2019 12:22:01;34.7;1.61;300;321.32571903173067;290.98;Module 1,12_9;332.79;55,87;35,13;1,47;51,67;4,19
07,09.2019 12:24:14;34.7;1.75;300;346.12410266450695;291.18;Module 1,12_9;358.39;60,73;35,23;1,60;56,27;4,45
07,09.2019 12:26:07;34.6;1.88;301.5;378.33839238316;291.33;Module 1,12_9;391.67;65,05;35,07;1,76;61,83;3,22
07,09.2019 12:28:07;34.5;2.15;301.5;425.4089176976719;291.5;Module 1,12_9;440.31;74,17;35,20;2,00;70,51;3,66
07,09.2019 12:30:01;34.4;2.05;302;410.6464542701833;291.81;Module 1,12_9;424.95;70,52;35,07;1,93;67,63;2,89
07,09.2019 12:31:54;34.2;2.24;302;450.310938738244;292.25;Module 1,12_9;465.91;76,61;35,16;2,13;74,93;1,68
07,09.2019 12:33:48;34.1;2.74;302;566.7064885954219;292.67;Module 1,12_9;586.23;93,43;35,34;2,73;96,30;-2,86
07,09.2019 12:35:46;34.1;3.4;303.5;683.7852302592629;293.18;Module 1,12_9;707.21;115,94;35,14;3,32;116,84;-0,90
07,09.2019 12:37:38;33.8;3.22;303.5;584.2408907444772;293.61;Module 1,12_9;604.15;108,84;35,09;2,82;98,81;10,03
07,09.2019 12:39:32;33.6;2.98;305.5;596.7235223597638;293.95;Module 1,12_9;616.95;100,13;34,74;2,88;100,11;0,01
07,09.2019 12:41:25;33.5;3.03;305.5;619.1139241012677;294.28;Module 1,12_9;639.99;101,50;34,76;3,00;104,14;-2,63
07,09.2019 12:43:17;33.6;3.08;305.5;619.2171696254871;294.45;Module 1,12_9;639.99;103,49;34,76;3,00;104,15;-0,67
07,09.2019 12:45:12;33.4;3.15;307.6;629.2308712691158;294.59;Module 1,12_9;650.23;105,21;34,39;3,05;104,87;0,34
07,09.2019 12:47:05;33.5;3.41;307.6;679.3333083770536;294.7;Module 1,12_9;701.89;114,23;34,41;3,31;113,75;0,48
07,09.2019 12:49:03;33.1;3.11;309.6;629.4390344663057;295.03;Module 1,12_9;650.23;102,94;34,03;3,05;103,88;-0,94
07,09.2019 12:50:59;33.2;3.76;309.6;788.5166738639508;295.31;Module 1,12_9;814.43;124,83;34,07;3,86;131,67;-6,84
07,09.2019 12:52:56;33.1;4.36;309.6;887.2592256448634;295.72;Module 1,12_9;916.27;144,32;34,05;4,37;148,74;-4,43
07,09.2019 12:54:49;32.7;4.64;310.1;948.0804489050596;296.06;Module 1,12_9;978.93;151,73;33,94;4,68;158,78;-7,05
07,09.2019 12:56:43;32.6;3.73;310.1;740.5302053613453;296.56;Module 1,12_9;764.51;121,60;33,98;3,62;123,01;-1,42
07,09.2019 12:58:36;32.5;4.31;312.1;872.5682698866245;297.03;Module 1,12_9;900.69;140,07;33,61;4,30;144,36;-4,29
07,09.2019 13:00:29;32.2;4.57;312.1;914.8147380320667;297.29;Module 1,12_9;944.16;147,15;33,59;4,51;151,53;-4,38
07,09.2019 13:02:24;32.1;4.69;312.1;951.2109908139017;297.72;Module 1,12_9;981.58;150,55;33,58;4,70;157,69;-7,14
07,09.2019 13:04:17;32;4.17;316.1;824.5164596513173;298.09;Module 1,12_9;850.72;133,44;32,91;4,05;133,36;0,08
07,09.2019 13:06:34;31.5;2.75;316.1;498.78524244673457;298.27;Module 1,12_9;514.55;86,63;32,73;2,39;78,22;8,40
07,09.2019 13:08:26;32;2.35;317.6;469.0700806741265;297.61;Module 1,12_9;483.83;75,20;32,40;2,24;72,57;2,63
07,09.2019 13:10:20;32.9;3.24;317.6;648.3788171334696;297.05;Module 1,12_9;668.69;106,60;32,62;3,15;102,88;3,72
07,09.2019 13:12:12;32.6;2.76;317.6;556.0854255922098;296.73;Module 1,12_9;573.43;89,98;32,53;2,68;87,31;2,67
07,09.2019 13:14:06;33;3.35;316.1;678.8680175971159;296.5;Module 1,12_9;699.95;110,55;32,90;3,31;108,86;1,69
07,09.2019 13:16:05;33;3.68;316.1;738.7417401963503;296.42;Module 1,12_9;761.58;121,44;32,91;3,61;118,97;2,47
07,09.2019 13:17:58;32.8;3.61;316.1;742.8709175892694;296.53;Module 1,12_9;765.74;118,41;32,91;3,64;119,66;-1,25
07,09.2019 13:19:50;32.4;3;316.1;608.533826228626;296.58;Module 1,12_9;627.19;97,20;32,86;2,95;96,93;0,27
07,09.2019 13:21:52;32.9;3.2;316.1;638.3856060357352;296.58;Module 1,12_9;657.87;105,28;32,88;3,10;102,00;3,28
07,09.2019 13:23:49;32.8;2.21;315.6;419.8689547626103;296.53;Module 1,12_9;432.63;72,49;32,66;1,99;64,89;7,60
07,09.2019 13:25:42;32.8;1.86;315.6;362.76866164417936;296.37;Module 1,12_9;373.75;61,01;32,48;1,70;55,10;5,91
07,09.2019 13:27:43;32.8;1.56;314.1;305.17138754090774;295.99;Module 1,12_9;314.37;51,17;32,51;1,40;45,57;5,60
07,09.2019 13:40:56;33.9;1.49;309.6;295.59296314621685;293.51;Module 1,12_9;304.27;50,51;33,28;1,35;44,89;5,62
07,09.2019 13:42:50;34;1.65;307.6;330.7946126570667;293.5;Module 1,12_9;340.47;56,10;33,80;1,53;51,60;4,50
07,09.2019 13:44:43;34.2;1.79;307.6;363.1652199026852;293.6;Module 1,12_9;373.75;61,22;33,93;1,69;57,38;3,83
07,09.2019 13:46:36;34.2;2.36;307.6;442.80876424635585;293.58;Module 1,12_9;455.67;80,71;34,15;2,10;71,63;9,08
07,09.2019 13:48:30;34.4;2.73;307.6;539.883433563084;293.89;Module 1,12_9;555.51;93,91;34,31;2,59;88,97;4,94
07,09.2019 13:50:24;34.2;3.97;307.6;802.9386093543116;294.43;Module 1,12_9;826.1;135,77;34,42;3,94;135,52;0,25
07,09.2019 13:52:20;33.9;3.24;307.6;789.474721476282;295.32;Module 1,12_9;812.17;109,84;34,43;3,87;133,16;-23,32
07,09.2019 13:54:17;33.6;4.37;307.6;875.4290932009042;296.17;Module 1,12_9;900.51;146,83;34,41;4,31;148,18;-1,35
07,09.2019 13:56:15;33;5.02;309.6;1032.8972713170735;296.85;Module 1,12_9;1062.39;165,66;33,97;5,11;173,63;-7,97
07,09.2019 13:58:11;32.4;5.08;309.6;1055.3930926099176;297.61;Module 1,12_9;1085.43;164,59;33,95;5,23;177,44;-12,84
07,09.2019 14:00:03;32.2;4.44;313.6;975.8236466639478;298.3;Module 1,12_9;1003.51;142,97;33,30;4,82;160,58;-17,61
07,09.2019 14:01:58;31.6;2.06;313.6;428.19901560806693;298.55;Module 1,12_9;440.31;65,10;33,04;2,03;67,00;-1,91
07,09.2019 14:04:02;32.2;1.77;315.6;358.5233072279996;297.67;Module 1,12_9;368.63;56,99;32,47;1,67;54,37;2,63
07,09.2019 14:06:01;32.9;1.92;314.1;403.37450144314386;297.15;Module 1,12_9;414.71;63,17;32,88;1,90;62,54;0,63
07,09.2019 14:07:56;33.2;2.78;314.1;565.2720576370613;297.1;Module 1,12_9;581.11;92,30;33,17;2,73;90,50;1,79
07,09.2019 14:09:49;32.6;1.63;313.6;331.2164871063766;296.89;Module 1,12_9;340.47;53,14;32,72;1,53;50,19;2,95
07,09.2019 14:11:42;32.2;1.95;313.6;405.9602383207201;296.85;Module 1,12_9;417.27;62,79;32,98;1,91;63,15;-0,36
07,09.2019 14:13:35;32.8;1.51;313.6;304.7824632340446;296.6;Module 1,12_9;313.25;49,53;32,60;1,40;45,62;3,91
07,09.2019 14:22:31;33.7;1.45;309.6;302.1105011412498;294.57;Module 1,12_9;310.4;48,87;33,31;1,38;46,04;2,82
07,09.2019 14:24:28;34;2.13;309.6;455.99027562014794;294.72;Module 1,12_9;468.47;72,42;33,82;2,17;73,27;-0,85
07,09.2019 14:26:22;33.5;2.74;309.6;560.68246990653;295.02;Module 1,12_9;575.99;91,79;33,98;2,70;91,77;0,02
07,09.2019 14:28:16;33.5;2.32;309.6;463.52523489221574;295.49;Module 1,12_9;476.15;77,72;33,84;2,20;74,60;3,12
07,09.2019 14:30:09;33.9;3.7;309.6;698.3047004344098;295.84;Module 1,12_9;717.28;125,43;34,06;3,40;115,95;9,48
07,09.2019 14:32:04;34.4;3.51;310.1;733.42619325842;296.4;Module 1,12_9;753.31;120,74;33,98;3,58;121,78;-1,04
07,09.2019 14:33:58;32.8;2.31;310.1;478.56460335038946;296.75;Module 1,12_9;491.51;75,77;33,77;2,28;77,08;-1,31
07,09.2019 14:35:56;32.8;2.51;310.1;545.8964443248608;296.73;Module 1,12_9;560.63;82,33;33,87;2,63;88,94;-6,62
07,09.2019 14:37:48;33.9;3.64;311.1;669.9070492399915;296.86;Module 1,12_9;687.95;123,40;33,79;3,26;110,15;13,25
07,09.2019 14:39:41;33.2;3.39;311.1;693.8503869664676;297.07;Module 1,12_9;712.5;112,55;33,80;3,38;114,31;-1,76
07,09.2019 14:41:34;32.8;2.91;311.1;568.422118080634;297.5;Module 1,12_9;583.67;95,45;33,72;2,74;92,44;3,00
07,09.2019 14:43:28;32.5;2.34;311.1;466.2278968225544;297.7;Module 1,12_9;478.71;76,05;33,57;2,22;74,53;1,52
07,09.2019 14:45:30;33.1;2.34;311.1;478.7194587180715;297.45;Module 1,12_9;491.51;77,45;33,59;2,28;76,72;0,73
07,09.2019 14:47:23;33.2;2.87;311.1;573.4951233253713;297.22;Module 1,12_9;588.79;95,28;33,72;2,77;93,33;1,95
07,09.2019 14:49:15;33;1.89;311.1;386.5002373289592;297.11;Module 1,12_9;396.79;62,37;33,38;1,81;60,52;1,85
07,09.2019 14:51:11;33.3;2.32;311.1;478.78569029921624;297.12;Module 1,12_9;491.51;77,26;33,59;2,28;76,73;0,52
07,09.2019 14:53:16;33.2;1.96;311.1;401.4991312096739;296.89;Module 1,12_9;412.15;65,07;33,41;1,89;63,16;1,92
07,09.2019 14:55:11;33.6;1.95;311.1;394.03405524691016;296.57;Module 1,12_9;404.47;65,52;33,40;1,85;61,84;3,68
08,09.2019 12:17:14;34.4;1.52;300;296.729225642928;291.41;Module 1,12_9;307.68;52,29;35,01;1,35;47,12;5,17
09,09.2019 15:39:39;35.8;1.83;295;361.2964101857514;287.8;Module 1,12_9;371.19;65,51;36,16;1,67;60,40;5,12
09,09.2019 15:41:32;35.8;1.78;295;366.277698563816;288.18;Module 1,12_9;376.31;63,72;36,19;1,70;61,35;2,38
09,09.2019 15:43:24;35.6;1.7;295;348.8326253642417;288.73;Module 1,12_9;358.39;60,52;36,13;1,61;58,03;2,49
09,09.2019 15:45:33;35.3;1.6;297.5;328.8948996957058;289.25;Module 1,12_9;337.91;56,48;35,60;1,51;53,66;2,82
09,09.2019 16:39:33;34.7;1.5;299.5;305.4976057391048;289.95;Module 1,12_9;314.29;52,05;35,14;1,39;48,85;3,20
09,09.2019 16:41:26;34.8;1.7;299.5;348.3324826372464;290.13;Module 1,12_9;358.39;59,16;35,32;1,61;56,81;2,35
09,09.2019 16:43:18;34.8;1.75;299.5;355.76388702754696;290.46;Module 1,12_9;366.07;60,90;35,35;1,65;58,19;2,71
09,09.2019 16:45:11;34.6;1.59;299.5;330.85235461573467;290.68;Module 1,12_9;340.47;55,01;35,26;1,52;53,56;1,46
09,09.2019 16:51:03;34.4;1.44;300;292.80918703514106;290.6;Module 1,12_9;301.42;49,54;34,98;1,33;46,39;3,15
09,09.2019 16:52:55;35.1;2.34;301.5;477.41490522975863;290.68;Module 1,12_9;491.51;82,13;35,30;2,27;80,10;2,04
09,09.2019 16:55:00;35;1.91;301.5;395.30579470557905;290.85;Module 1,12_9;407.03;66,85;35,12;1,85;64,96;1,89
09,09.2019 16:56:53;35.4;2.11;301.5;457.4060733686684;291.04;Module 1,12_9;471.03;74,69;35,27;2,17;76,41;-1,72
09,09.2019 16:58:46;34.7;2.17;301.5;434.9770230482185;291;Module 1,12_9;447.99;75,30;35,22;2,05;72,28;3,02
09,09.2019 17:00:40;34.7;1.88;301.5;370.30105646513744;291.21;Module 1,12_9;381.43;65,24;35,04;1,72;60,35;4,89
09,09.2019 17:02:41;34.4;1.92;301.5;464.6745038587369;291.43;Module 1,12_9;478.71;66,05;35,28;2,20;77,75;-11,70
09,09.2019 17:04:34;34.1;1.56;301.5;309.3507374382516;291.75;Module 1,12_9;318.74;53,20;34,80;1,41;49,13;4,07
09,09.2019 17:06:33;33.9;2.22;302;494.34675258386414;291.62;Module 1,12_9;509.43;75,26;35,24;2,36;83,02;-7,77
09,09.2019 17:08:25;34;3;302;637.3927526252978;291.71;Module 1,12_9;656.94;102,00;35,38;3,09;109,22;-7,22
09,09.2019 17:10:21;33.5;2.22;302;437.0729006102807;292.03;Module 1,12_9;450.55;74,37;35,13;2,06;72,50;1,87
09,09.2019 17:12:14;33.5;1.79;303.5;320.29949754273673;292.13;Module 1,12_9;330.23;59,97;34,49;1,47;50,68;9,29
09,09.2019 17:14:06;33.8;1.55;303.5;313.9906873594438;292.1;Module 1,12_9;323.78;52,39;34,47;1,44;49,53;2,86
09,09.2019 17:15:59;34.5;2.6;303.5;496.42315437736363;292.27;Module 1,12_9;511.99;89,70;34,98;2,37;82,82;6,88
09,09.2019 17:17:52;33.8;1.9;304;362.32049263216766;292.26;Module 1,12_9;373.75;64,22;34,57;1,68;58,21;6,01
09,09.2019 17:19:46;34.3;1.72;304;352.3268374670923;292.34;Module 1,12_9;363.51;59,00;34,53;1,63;56,39;2,61
09,09.2019 17:23:37;34.6;2.57;304;443.95309424334454;291.84;Module 1,12_9;458.23;88,92;34,80;2,10;73,08;15,84
09,09.2019 17:27:22;34.1;2.01;303.5;438.80722881843224;291.86;Module 1,12_9;453.11;68,54;34,87;2,07;72,31;-3,77
09,09.2019 17:34:54;34.2;1.83;302;378.9499757255601;290.63;Module 1,12_9;391.67;62,59;34,98;1,77;61,80;0,78
09,09.2019 17:36:49;35.3;2.32;302;472.9473517102526;290.67;Module 1,12_9;488.95;81,90;35,20;2,25;79,09;2,80
09,09.2019 18:18:42;35.5;1.89;298;397.5758924365286;290.67;Module 1,12_9;414.71;67,09;35,75;1,86;66,42;0,68
09,09.2019 18:20:39;35.4;1.86;299.5;404.68249677003354;291.14;Module 1,12_9;422.39;65,84;35,50;1,90;67,30;-1,45
09,09.2019 18:22:33;35.4;1.91;299.5;397.06882855729003;291.57;Module 1,12_9;414.71;67,61;35,48;1,86;65,88;1,73
09,09.2019 18:35:57;34.9;1.27;300;285.98040418493565;291.23;Module 1,12_9;300.32;44,32;34,95;1,29;45,13;-0,80
10,09.2019 09:52:32;35.8;1.32;293.4;280.46866324648477;284.15;Module 1,12_9;302.41;47,26;36,09;1,26;45,36;1,90
10,09.2019 09:54:24;36;1.31;293.4;282.65781955515035;284.53;Module 1,12_9;304.45;47,16;36,11;1,27;45,78;1,38
10,09.2019 09:56:18;35.9;1.37;293.4;294.7455826726876;284.8;Module 1,12_9;317.14;49,18;36,17;1,33;48,08;1,10
10,09.2019 09:58:13;36;1.37;293.4;293.74310240302395;285.02;Module 1,12_9;315.74;49,32;36,16;1,32;47,89;1,43
10,09.2019 10:00:05;35.8;1.37;293.4;288.9692965126182;285.3;Module 1,12_9;310.31;49,05;36,14;1,30;46,98;2,07
10,09.2019 10:02:03;35.8;1.4;293.4;294.2968297934239;285.5;Module 1,12_9;315.72;50,12;36,17;1,33;48,00;2,12
10,09.2019 10:04:02;35.8;1.42;293.4;303.15527726048913;285.73;Module 1,12_9;324.91;50,84;36,21;1,37;49,69;1,15
10,09.2019 10:06:07;35.8;1.47;294;325.1584675046232;286.01;Module 1,12_9;348.15;52,63;36,21;1,48;53,76;-1,13
10,09.2019 10:08:00;35.8;1.53;294;320.65307166713353;286.12;Module 1,12_9;343.03;54,77;36,19;1,46;52,90;1,87
10,09.2019 10:09:53;35.6;1.58;294;332.89743774446947;286.33;Module 1,12_9;355.83;56,25;36,24;1,52;55,24;1,01
10,09.2019 10:11:46;34.6;1.67;295;340.3605324783433;286.58;Module 1,12_9;363.51;57,78;36,09;1,56;56,42;1,36
10,09.2019 10:13:39;34.5;1.85;295;381.4124910907757;286.91;Module 1,12_9;407.03;63,83;36,23;1,77;64,22;-0,40
10,09.2019 10:15:32;34.7;1.87;295;379.307595765164;287.2;Module 1,12_9;404.47;64,89;36,23;1,76;63,82;1,07
10,09.2019 10:17:29;34.3;1.95;295;391.61740772715257;287.5;Module 1,12_9;417.27;66,88;36,26;1,82;66,16;0,72
10,09.2019 10:19:21;34.7;2.01;295;408.7337674055277;287.87;Module 1,12_9;435.19;69,75;36,30;1,91;69,42;0,33
10,09.2019 10:21:14;34.9;2.1;297.5;428.2759938113128;288.11;Module 1,12_9;455.67;73,29;35,91;2,01;72,34;0,95
10,09.2019 10:23:11;35.2;2.13;297.5;428.5863759122221;288.35;Module 1,12_9;455.67;74,98;35,91;2,02;72,39;2,58
10,09.2019 10:25:04;35.2;2.09;298;428.87892466479923;288.4;Module 1,12_9;455.67;73,57;35,83;2,02;72,29;1,28
10,09.2019 10:27:10;35;2.23;298;460.54360182115283;288.51;Module 1,12_9;488.95;78,05;35,89;2,18;78,22;-0,17
10,09.2019 10:29:03;35;2.19;298;451.190915570812;288.7;Module 1,12_9;478.71;76,65;35,88;2,13;76,47;0,18
10,09.2019 10:30:56;34.9;2.11;299.5;436.9904382679635;288.91;Module 1,12_9;463.35;73,64;35,58;2,06;73,31;0,33
10,09.2019 10:32:49;34.9;2.09;299.5;430.0131367844915;289.16;Module 1,12_9;455.67;72,94;35,56;2,02;72,01;0,93
10,09.2019 10:34:56;34.8;2.38;300;495.5771250206502;289.33;Module 1,12_9;524.79;82,82;35,60;2,36;84,02;-1,20
10,09.2019 10:36:49;34.7;2.46;300;512.8013380829782;289.6;Module 1,12_9;542.71;85,36;35,63;2,45;87,21;-1,85
10,09.2019 10:38:47;34.6;2.55;300;534.892706973953;289.81;Module 1,12_9;565.75;88,23;35,65;2,56;91,31;-3,08
10,09.2019 10:40:39;34.5;2.5;301.5;525.5038509053281;290.14;Module 1,12_9;555.51;86,25;35,38;2,51;88,95;-2,70
10,09.2019 10:42:33;33.9;2.68;301.5;562.1412408588789;290.25;Module 1,12_9;593.91;90,85;35,41;2,70;95,68;-4,83
10,09.2019 10:44:27;34.4;2.27;302;569.7192496184347;290.46;Module 1,12_9;601.59;78,09;35,34;2,74;96,85;-18,76
10,09.2019 10:46:20;34.1;2.55;302;526.3571130315452;290.77;Module 1,12_9;555.51;86,95;35,29;2,52;88,90;-1,95
10,09.2019 10:48:29;34.3;2.41;302;536.3741698929823;290.96;Module 1,12_9;565.75;82,66;35,30;2,57;90,74;-8,08
10,09.2019 10:50:22;34.4;2.69;303;565.78302712757;291.17;Module 1,12_9;596.47;92,54;35,16;2,72;95,68;-3,14
10,09.2019 10:52:19;34;2.2;303;442.16487815907897;291.28;Module 1,12_9;465.91;74,80;34,97;2,09;73,09;1,71
10,09.2019 10:54:13;34.4;2.79;303.5;583.360473951088;291.25;Module 1,12_9;614.39;95,98;35,09;2,81;98,65;-2,67
10,09.2019 10:56:11;34.2;2.86;303.5;588.5110215114589;291.26;Module 1,12_9;619.51;97,81;35,09;2,84;99,58;-1,77
10,09.2019 10:58:05;34.1;2.61;303.5;540.1239399441121;291.46;Module 1,12_9;568.31;89,00;35,04;2,59;90,79;-1,78
10,09.2019 11:00:04;34;2.51;305.5;520.9070489587368;291.45;Module 1,12_9;547.83;85,34;34,66;2,49;86,46;-1,12
10,09.2019 11:01:58;34.2;2.77;305.5;586.8916332334343;291.55;Module 1,12_9;616.95;94,73;34,73;2,83;98,35;-3,61
10,09.2019 11:03:52;34;2.85;305.5;570.0935830807067;291.74;Module 1,12_9;599.03;96,90;34,72;2,75;95,32;1,58
10,09.2019 11:05:47;34;2.62;305.5;538.653640980133;291.79;Module 1,12_9;565.75;89,08;34,68;2,59;89,66;-0,58
10,09.2019 11:07:40;33.9;2.76;305.5;575.4536718923017;292.02;Module 1,12_9;604.15;93,56;34,72;2,77;96,29;-2,72
10,09.2019 11:09:45;33.8;2.39;306;517.1648958858315;292.21;Module 1,12_9;542.71;80,78;34,56;2,48;85,58;-4,80
10,09.2019 11:11:40;33.9;2.49;306;510.05338684671335;292.32;Module 1,12_9;535.03;84,41;34,55;2,44;84,30;0,11
10,09.2019 11:13:33;33.9;2.81;307.6;583.4963467193403;292.5;Module 1,12_9;611.83;95,26;34,35;2,82;96,75;-1,49
10,09.2019 11:15:25;33.9;2.86;307.6;593.4878193146303;292.73;Module 1,12_9;622.07;96,95;34,37;2,87;98,52;-1,57
10,09.2019 11:17:21;33.8;3.01;307.6;623.0370372507523;292.9;Module 1,12_9;652.79;101,74;34,38;3,02;103,77;-2,04
10,09.2019 11:19:17;33.8;2.96;307.6;601.2749874683088;293.08;Module 1,12_9;629.75;100,05;34,37;2,91;99,91;0,14
10,09.2019 11:21:12;33.7;2.37;307.6;547.7034025523486;293.23;Module 1,12_9;573.43;79,87;34,32;2,63;90,37;-10,50
10,09.2019 11:23:05;33.7;2.98;308.1;623.7245985352922;293.31;Module 1,12_9;652.79;100,43;34,30;3,02;103,64;-3,22
10,09.2019 11:24:58;33.6;3.1;308.1;644.9126803714075;293.46;Module 1,12_9;674.73;104,16;34,31;3,13;107,39;-3,23
10,09.2019 11:26:50;33.5;3.12;308.1;607.0202093423225;293.34;Module 1,12_9;634.87;104,52;34,29;2,94;100,68;3,84
10,09.2019 11:28:43;33.6;3.09;309.6;648.6102207470824;293.36;Module 1,12_9;678.14;103,82;34,05;3,15;107,25;-3,42
10,09.2019 11:30:48;33.5;2.68;309.6;551.1095064558356;293.63;Module 1,12_9;575.99;89,78;33,97;2,65;90,09;-0,31
10,09.2019 11:32:43;33.6;3.09;309.6;631.4211247759681;293.78;Module 1,12_9;659.71;103,82;34,04;3,06;104,23;-0,40
10,09.2019 11:34:38;33.4;2.47;309.6;519.6062403179214;294.08;Module 1,12_9;542.71;82,50;33,93;2,49;84,52;-2,03
10,09.2019 11:36:42;33.3;2.24;310.1;470.7469921499369;294.3;Module 1,12_9;491.51;74,59;33,76;2,24;75,70;-1,10
10,09.2019 11:38:40;33.5;2.94;310.1;600.8874467525992;294.47;Module 1,12_9;627.19;98,49;33,92;2,91;98,61;-0,12
10,09.2019 11:40:33;33.2;2.5;310.1;512.7464924171636;294.39;Module 1,12_9;535.03;83,00;33,83;2,46;83,10;-0,10
10,09.2019 11:42:26;33.1;1.65;310.1;319.0238294772893;294.11;Module 1,12_9;332.79;54,62;33,30;1,47;48,91;5,70
10,09.2019 11:44:19;33.8;2.89;310.1;594.0558203109777;293.92;Module 1,12_9;619.51;97,68;33,92;2,87;97,41;0,27
10,09.2019 11:46:15;33.7;2.75;309.6;505.8305538181908;294.07;Module 1,12_9;527.35;92,68;33,91;2,42;82,09;10,59
10,09.2019 11:48:08;33.9;2.89;309.6;662.8540247365714;294.1;Module 1,12_9;690.86;97,97;34,05;3,22;109,74;-11,77
10,09.2019 11:50:02;34;4.21;309.6;865.4067407523861;294.23;Module 1,12_9;901.72;143,14;34,05;4,26;144,98;-1,84
10,09.2019 11:52:11;33.3;3.43;309.6;743.2900185880407;294.65;Module 1,12_9;774.24;114,22;34,07;3,63;123,81;-9,59
10,09.2019 11:54:08;33.4;2.91;309.6;506.4085946012858;294.78;Module 1,12_9;527.35;97,19;33,91;2,42;82,19;15,00
10,09.2019 11:56:01;33.2;2.99;310.1;646.4530782552729;294.97;Module 1,12_9;673.01;99,27;33,95;3,14;106,60;-7,33
10,09.2019 11:57:55;33.3;3.28;310.1;649.8295345058555;295.3;Module 1,12_9;676.35;109,22;33,95;3,16;107,19;2,03
10,09.2019 11:59:48;32.9;3.16;310.1;624.8914322991874;295.5;Module 1,12_9;650.23;103,96;33,95;3,03;102,82;1,14
10,09.2019 12:01:41;33.1;3.54;310.1;732.468483953166;295.84;Module 1,12_9;761.98;117,17;33,98;3,58;121,61;-4,44
10,09.2019 12:03:46;32.9;4.22;310.1;863.4052989481801;296.44;Module 1,12_9;897.95;138,84;33,97;4,25;144,27;-5,43
10,09.2019 12:05:41;33;3.5;311.1;748.3292819127557;296.74;Module 1,12_9;778.08;115,50;33,80;3,66;123,74;-8,24
10,09.2019 12:07:37;33.2;3.95;311.1;862.6608684093534;297.04;Module 1,12_9;896.74;131,14;33,80;4,24;143,41;-12,27
10,09.2019 12:09:29;32.5;3.29;311.1;678.007447407019;297.29;Module 1,12_9;704.63;106,92;33,79;3,30;111,56;-4,63
10,09.2019 12:11:22;33.2;2.48;314.1;532.1796208520569;297.1;Module 1,12_9;552.95;82,34;33,13;2,56;84,80;-2,46
10,09.2019 12:13:19;32.7;2.74;314.1;586.5202778450383;296.88;Module 1,12_9;609.27;89,60;33,20;2,84;94,16;-4,56
10,09.2019 12:15:13;32.3;1.63;314.1;337.6898754255129;296.4;Module 1,12_9;350.71;52,65;32,66;1,57;51,18;1,47
10,09.2019 12:17:08;32.8;2.15;314.1;461.03967651909096;295.71;Module 1,12_9;478.71;70,52;33,02;2,20;72,51;-1,99
10,09.2019 12:19:07;34.4;4.39;313.6;873.8901981750993;295.61;Module 1,12_9;907.18;151,02;33,34;4,30;143,47;7,55
10,09.2019 12:21:01;32.8;4.21;313.6;874.0078054150785;295.98;Module 1,12_9;907.11;138,09;33,34;4,30;143,49;-5,40
10,09.2019 12:22:53;32.6;3.45;313.6;726.4603429317028;296.44;Module 1,12_9;753.82;112,47;33,36;3,55;118,43;-5,96
10,09.2019 12:24:46;32.5;3.94;314.1;812.8868066611576;296.67;Module 1,12_9;843.33;128,05;33,27;3,99;132,80;-4,75
10,09.2019 12:26:45;32.4;4.14;314.1;848.9901364998777;296.76;Module 1,12_9;880.6;134,14;33,27;4,18;138,90;-4,77
10,09.2019 12:28:38;32.9;4.27;314.1;872.3291038843037;296.92;Module 1,12_9;904.63;140,48;33,26;4,29;142,83;-2,35
10,09.2019 12:30:32;32.4;4.38;315.6;899.8039309772716;296.88;Module 1,12_9;932.94;141,91;32,98;4,44;146,29;-4,38
10,09.2019 12:32:25;31.9;3.66;315.6;774.2214872452537;297.03;Module 1,12_9;802.58;116,75;33,01;3,79;125,26;-8,51
10,09.2019 12:34:23;32;3.74;317.6;719.5113624057713;297.28;Module 1,12_9;745.72;119,68;32,64;3,52;114,81;4,87
10,09.2019 12:36:15;32.2;4.33;317.6;822.7757070626029;297.32;Module 1,12_9;852.59;139,43;32,65;4,04;132,01;7,42
10,09.2019 12:38:13;32.1;4.29;317.6;911.8277641908085;297.37;Module 1,12_9;944.69;137,71;32,62;4,50;146,71;-9,01
10,09.2019 12:40:06;32;4.19;317.6;860.7188657639556;297.25;Module 1,12_9;891.58;134,08;32,64;4,24;138,29;-4,21
10,09.2019 12:42:03;32.1;3.94;317.6;805.7611260294271;297.32;Module 1,12_9;834.5;126,47;32,65;3,96;129,19;-2,71
10,09.2019 12:43:56;31.9;3.37;318.1;683.13696776112;297.39;Module 1,12_9;707.38;107,50;32,54;3,33;108,42;-0,92
10,09.2019 12:45:49;32;3.41;318.1;700.5329722296975;297.57;Module 1,12_9;725.27;109,12;32,55;3,42;111,33;-2,21
10,09.2019 12:47:41;31.9;4;318.1;817.696176576886;297.8;Module 1,12_9;846.43;127,60;32,55;4,02;130,82;-3,22
10,09.2019 12:49:49;29.6;2.26;319.6;576.3290209133762;297.46;Module 1,12_9;596.47;66,90;32,20;2,79;89,77;-22,87
10,09.2019 12:51:46;32.9;2.59;318.1;427.98730187001945;297.33;Module 1,12_9;442.87;85,21;32,22;2,03;65,43;19,78
10,09.2019 12:53:41;32.6;2.2;318.1;470.1209358365818;296.97;Module 1,12_9;486.39;71,72;32,31;2,25;72,56;-0,84
10,09.2019 12:55:40;33.1;4.13;318.1;848.3756699375956;296.96;Module 1,12_9;877.59;136,70;32,55;4,18;135,88;0,82
10,09.2019 12:57:33;32.6;4.09;317.6;773.4296556077682;297.35;Module 1,12_9;799.94;133,33;32,65;3,79;123,81;9,53
10,09.2019 12:59:26;32.5;3.57;317.6;750.7255087870644;297.59;Module 1,12_9;776.34;116,02;32,65;3,68;120,02;-4,00
10,09.2019 13:01:21;32.4;3.72;317.6;768.9928747768762;297.89;Module 1,12_9;795.11;120,53;32,65;3,77;123,07;-2,54
10,09.2019 13:03:19;32.3;4.26;317.6;898.3710458878211;298.18;Module 1,12_9;928.74;137,60;32,63;4,43;144,50;-6,90
10,09.2019 13:05:14;32;3.89;317.6;804.8544244160596;298.54;Module 1,12_9;831.94;124,48;32,65;3,95;129,04;-4,56
10,09.2019 13:07:07;32.3;3.66;317.6;761.7661583846597;298.71;Module 1,12_9;787.29;118,22;32,65;3,73;121,87;-3,65
10,09.2019 13:09:00;32.2;4;317.6;810.519531085901;298.78;Module 1,12_9;837.56;128,80;32,65;3,98;129,98;-1,18
10,09.2019 13:10:54;32.2;4.17;318.1;846.3648062710621;298.56;Module 1,12_9;874.48;134,27;32,55;4,16;135,55;-1,28
10,09.2019 13:12:46;31.6;4.26;318.1;877.8212785410831;298.66;Module 1,12_9;906.86;134,62;32,54;4,33;140,73;-6,12
10,09.2019 13:14:39;32.3;1.89;317.6;421.3106855805175;298.61;Module 1,12_9;435.19;61,05;32,30;2,00;64,47;-3,42
10,09.2019 13:16:32;33.1;3.79;317.6;754.680311072606;298.23;Module 1,12_9;779.44;125,45;32,65;3,70;120,68;4,77
10,09.2019 13:18:25;32.5;3.84;317.6;785.6292332582178;298.25;Module 1,12_9;811.3;124,80;32,65;3,85;125,84;-1,04
10,09.2019 13:20:21;32.4;3.74;317.6;729.7915329566879;298.16;Module 1,12_9;753.54;121,18;32,64;3,57;116,53;4,65
10,09.2019 13:22:15;32.5;3.08;317.6;653.3438119945788;297.79;Module 1,12_9;674.52;100,10;32,62;3,18;103,71;-3,61
10,09.2019 13:24:09;33.3;3.88;317.6;804.1191837068365;297.8;Module 1,12_9;830.08;129,20;32,65;3,95;128,91;0,29
10,09.2019 13:26:04;32.3;3.24;317.6;668.6278320703804;298.15;Module 1,12_9;690.13;104,65;32,63;3,26;106,28;-1,63
10,09.2019 13:28:01;33;3.82;317.6;783.2117192976573;298.42;Module 1,12_9;808.3;126,06;32,65;3,84;125,44;0,62
10,09.2019 13:29:57;32.4;3.95;317.6;805.1866759826635;298.56;Module 1,12_9;830.88;127,98;32,65;3,95;129,09;-1,11
10,09.2019 13:31:52;32.3;4.45;317.6;919.4601845040004;298.94;Module 1,12_9;948.69;143,73;32,62;4,54;147,97;-4,23
10,09.2019 13:33:54;32;4.41;317.6;905.1672893839531;299.39;Module 1,12_9;933.83;141,12;32,63;4,46;145,62;-4,50
10,09.2019 13:35:46;32.2;4.58;317.6;918.94418896205;299.96;Module 1,12_9;947.94;147,48;32,62;4,53;147,88;-0,41
10,09.2019 13:37:41;32;3.33;317.6;625.4458633893312;300.1;Module 1,12_9;645.11;106,56;32,60;3,04;99,02;7,54
10,09.2019 13:39:34;32.4;5.03;319.6;1022.6688070340845;300.05;Module 1,12_9;1054.71;162,97;32,20;5,06;163,04;-0,07
10,09.2019 13:41:27;31.4;3.82;319.6;821.4997415752731;300.41;Module 1,12_9;847.15;119,95;32,29;4,04;130,38;-10,43
10,09.2019 13:43:22;32;3.26;320.1;679.3121544304906;300.6;Module 1,12_9;700.45;104,32;32,18;3,31;106,63;-2,31
10,09.2019 13:45:15;32;2.82;320.1;571.0790086456282;300.52;Module 1,12_9;588.79;90,24;32,10;2,76;88,65;1,59
10,09.2019 13:47:08;32.6;4.89;320.1;993.2857570993743;300.18;Module 1,12_9;1023.99;159,41;32,13;4,91;157,88;1,53
10,09.2019 13:49:01;27.9;2.09;321.7;563.7398865862805;299.74;Module 1,12_9;581.11;58,31;31,80;2,72;86,67;-28,36
10,09.2019 13:50:59;31.3;1.44;320.1;294.6414458659435;299.28;Module 1,12_9;303.69;45,07;31,36;1,35;42,44;2,63
10,09.2019 13:56:44;32.8;1.74;317.6;558.9833924984395;297.41;Module 1,12_9;575.99;57,07;32,54;2,70;87,80;-30,73
10,09.2019 14:14:08;34.7;1.49;307.6;314.28781468669126;293.96;Module 1,12_9;323.61;51,70;33,73;1,44;48,65;3,05
10,09.2019 14:16:03;34.3;4.27;307.6;828.3810659419465;294.53;Module 1,12_9;852.89;146,46;34,42;4,07;139,97;6,49
10,09.2019 14:17:58;35.4;1.74;307.6;372.981958173403;294.97;Module 1,12_9;383.99;61,60;33,96;1,74;59,14;2,46
10,09.2019 14:19:50;34.8;4.07;308.1;857.4626107020209;295.22;Module 1,12_9;882.71;141,64;34,33;4,21;144,69;-3,06
10,09.2019 14:21:49;33.3;4.45;308.1;915.849178322697;296.05;Module 1,12_9;942.75;148,19;34,30;4,51;154,82;-6,63
10,09.2019 14:23:42;32.8;3.68;310.1;771.3545384804919;296.82;Module 1,12_9;793.96;120,70;33,98;3,78;128,37;-7,66
10,09.2019 14:25:36;32.7;3.87;310.1;806.351476101596;297.42;Module 1,12_9;829.93;126,55;33,98;3,96;134,43;-7,88
10,09.2019 14:27:35;32.6;3.29;310.1;589.5111124896957;298.04;Module 1,12_9;606.71;107,25;33,91;2,85;96,61;10,64
10,09.2019 14:29:28;33.5;4.7;311.1;1007.4590656934079;298.12;Module 1,12_9;1036.79;157,45;33,73;4,98;168,02;-10,57
10,09.2019 14:31:20;32.6;4.44;311.1;910.9911900249303;298.3;Module 1,12_9;937.46;144,74;33,77;4,49;151,66;-6,92
10,09.2019 14:33:15;32;3.8;314.1;722.121137922058;298.28;Module 1,12_9;743.06;121,60;33,27;3,53;117,39;4,21
10,09.2019 14:35:08;32.3;3.1;314.1;626.9653349945804;298.46;Module 1,12_9;645.11;100,13;33,23;3,04;101,11;-0,98
10,09.2019 14:37:11;32.4;3.51;314.1;747.500971640832;298.46;Module 1,12_9;769.09;113,72;33,27;3,66;121,71;-7,99
10,09.2019 14:39:04;32.3;3.04;315.6;699.5912478280894;298.25;Module 1,12_9;719.76;98,19;32,99;3,41;112,66;-14,47
10,09.2019 14:40:58;32.6;3.53;315.6;735.4937009267746;298.21;Module 1,12_9;756.66;115,08;33,00;3,60;118,73;-3,65
10,09.2019 14:42:51;32.7;3.86;316.1;706.7455154579541;297.97;Module 1,12_9;727.05;126,22;32,91;3,45;113,57;12,65
10,09.2019 14:44:44;32.8;3.76;316.1;831.3352389807036;297.96;Module 1,12_9;855.18;123,33;32,91;4,09;134,50;-11,17
10,09.2019 14:46:38;32.4;4.09;316.1;845.2643712525289;298.18;Module 1,12_9;869.47;132,52;32,91;4,16;136,83;-4,31
10,09.2019 14:48:31;32.5;3.64;317.6;747.7300283561964;298.27;Module 1,12_9;769.11;118,30;32,65;3,66;119,52;-1,22
10,09.2019 14:50:23;32.3;3.67;317.6;743.1323180377348;298.32;Module 1,12_9;764.35;118,54;32,65;3,64;118,76;-0,22
10,09.2019 14:52:18;32.5;3.45;317.6;706.429085791597;298.17;Module 1,12_9;726.57;112,13;32,64;3,45;112,62;-0,49
10,09.2019 14:54:20;32.5;3.52;317.6;743.3083322325372;298.34;Module 1,12_9;764.47;114,40;32,65;3,64;118,79;-4,39
10,09.2019 14:56:21;32.3;2.81;317.6;572.5130971104888;298.28;Module 1,12_9;588.79;90,76;32,55;2,77;90,09;0,68
10,09.2019 14:58:18;32.4;3.69;317.6;724.2743140764359;298.59;Module 1,12_9;744.84;119,56;32,64;3,54;115,60;3,95
10,09.2019 15:00:11;28.6;4.34;317.6;857.9953847432294;298.86;Module 1,12_9;882.33;124,12;32,64;4,22;137,84;-13,72
10,09.2019 15:02:11;32.2;3.93;317.6;840.0518447134349;299.03;Module 1,12_9;863.85;126,55;32,64;4,13;134,87;-8,33
10,09.2019 15:04:04;32.1;3.61;317.6;737.5568743229562;299.2;Module 1,12_9;758.43;115,88;32,65;3,61;117,82;-1,94
10,09.2019 15:06:01;32.2;3.56;317.6;725.3429571342045;299.59;Module 1,12_9;745.85;114,63;32,64;3,55;115,78;-1,15
10,09.2019 15:08:11;32.4;3.25;318.1;679.1292225449546;299.67;Module 1,12_9;698.31;105,30;32,54;3,31;107,75;-2,45
10,09.2019 15:10:13;32.2;3.72;318.1;746.1451541842013;299.6;Module 1,12_9;767.2;119,78;32,55;3,65;118,94;0,84
10,09.2019 15:12:07;32.4;3.62;318.1;703.8633687905692;299.73;Module 1,12_9;723.71;117,29;32,55;3,44;111,89;5,40
10,09.2019 15:14:02;32.4;3.28;318.1;682.5673173552952;299.87;Module 1,12_9;701.8;106,27;32,54;3,33;108,33;-2,06
10,09.2019 15:15:58;32.4;3.73;318.1;775.6971253221124;299.78;Module 1,12_9;797.54;120,85;32,55;3,80;123,85;-3,00
10,09.2019 15:17:59;32.2;3.33;318.1;670.9965404485072;299.96;Module 1,12_9;689.88;107,23;32,53;3,27;106,39;0,83
10,09.2019 15:19:52;32.2;3.59;318.1;738.2051354498385;300.12;Module 1,12_9;758.97;115,60;32,55;3,61;117,62;-2,02
10,09.2019 15:21:47;32.2;3.03;319.6;632.4474619552866;299.93;Module 1,12_9;650.23;97,57;32,24;3,07;99,13;-1,56
10,09.2019 15:23:42;32.1;3.27;319.6;659.1530643398132;299.71;Module 1,12_9;677.68;104,97;32,26;3,21;103,57;1,40
10,09.2019 15:25:35;32.3;3.15;319.6;653.001011517043;299.77;Module 1,12_9;671.35;101,74;32,26;3,18;102,55;-0,80
10,09.2019 15:27:29;29.8;3.02;319.6;610.0513998215984;299.78;Module 1,12_9;627.19;90,00;32,23;2,96;95,39;-5,40
10,09.2019 15:29:22;32.4;3.21;319.6;663.7065096139875;299.96;Module 1,12_9;682.35;104,00;32,26;3,23;104,33;-0,32
10,09.2019 15:31:18;32.4;3.41;318.1;699.9204856635935;299.85;Module 1,12_9;719.58;110,48;32,55;3,42;111,23;-0,75
10,09.2019 15:33:12;32.4;3.19;318.1;649.0296831703738;299.67;Module 1,12_9;667.26;103,36;32,52;3,16;102,71;0,65
10,09.2019 15:35:04;32.4;2.04;318.1;390.92844558554526;299.26;Module 1,12_9;401.91;66,10;32,12;1,84;59,15;6,94
10,09.2019 15:36:57;32.4;2.45;318.1;582.6599196135247;298.99;Module 1,12_9;599.03;79,38;32,48;2,82;91,56;-12,18
10,09.2019 15:39:07;32.8;3.18;318.1;645.2757074017024;298.91;Module 1,12_9;663.41;104,30;32,52;3,14;102,08;2,22
10,09.2019 15:40:59;33.1;3.59;317.6;745.4051010998613;299.03;Module 1,12_9;766.36;118,83;32,65;3,65;119,14;-0,31
10,09.2019 15:42:52;32.6;3.32;317.6;665.2315308744927;299.41;Module 1,12_9;683.94;108,23;32,63;3,24;105,71;2,52
10,09.2019 15:44:47;32.6;3.94;317.6;801.4691952413724;299.69;Module 1,12_9;824.02;128,44;32,65;3,94;128,47;-0,03
10,09.2019 15:46:40;32.4;4;317.6;791.6433274218983;300.3;Module 1,12_9;813.93;129,60;32,65;3,89;126,84;2,76
10,09.2019 15:48:43;32.3;2.31;317.6;425.7556420449408;300.65;Module 1,12_9;437.75;74,61;32,30;2,02;65,22;9,39
10,09.2019 15:50:39;32.2;2.93;317.6;575.1353224677223;300.6;Module 1,12_9;591.35;94,35;32,55;2,78;90,53;3,82
10,09.2019 15:52:33;32.4;2.98;317.6;634.8765194151174;300.5;Module 1,12_9;652.79;96,55;32,60;3,09;100,60;-4,05
10,09.2019 15:54:26;32.6;3.58;317.6;735.8393542604828;300.36;Module 1,12_9;756.62;116,71;32,65;3,60;117,54;-0,83
10,09.2019 15:56:20;32.6;3.17;317.6;629.8647205711668;300.43;Module 1,12_9;647.67;103,34;32,60;3,06;99,76;3,58
10,09.2019 15:58:14;32.2;3.57;317.6;672.7520823357067;300.58;Module 1,12_9;691.79;114,95;32,63;3,28;106,97;7,98
10,09.2019 16:00:09;32.6;3.37;317.6;688.6300696348452;300.87;Module 1,12_9;708.14;109,86;32,63;3,36;109,64;0,23
10,09.2019 16:02:02;32.6;3.29;317.6;659.2591842857665;300.9;Module 1,12_9;677.96;107,25;32,62;3,21;104,70;2,55
10,09.2019 16:04:03;32.3;3.19;317.6;652.9810291357303;300.84;Module 1,12_9;671.53;103,04;32,62;3,18;103,65;-0,61
10,09.2019 16:06:00;32.6;3.54;317.6;719.9778628114968;300.67;Module 1,12_9;740.46;115,40;32,64;3,52;114,89;0,52
10,09.2019 16:07:53;32.5;3.09;317.6;670.720348881636;300.66;Module 1,12_9;689.83;100,42;32,63;3,27;106,63;-6,21
10,09.2019 16:09:47;32.5;3;317.6;599.8324111183637;300.45;Module 1,12_9;616.95;97,50;32,58;2,91;94,70;2,80
10,09.2019 16:11:44;32.5;3.03;317.6;612.2474105434941;300.36;Module 1,12_9;629.75;98,47;32,59;2,97;96,79;1,68
10,09.2019 16:13:37;32.6;3.47;317.6;734.3977803303627;300.28;Module 1,12_9;755.43;113,12;32,64;3,59;117,30;-4,18
10,09.2019 16:15:31;32.4;3.08;317.6;638.6451311821439;300.46;Module 1,12_9;656.97;99,79;32,61;3,10;101,24;-1,45
10,09.2019 16:17:24;32.4;2.81;317.6;572.3351323414114;300.61;Module 1,12_9;588.79;91,04;32,55;2,77;90,06;0,99
10,09.2019 16:19:20;32.4;2.83;317.6;564.835916242876;300.81;Module 1,12_9;581.11;91,69;32,55;2,73;88,79;2,90
10,09.2019 16:21:42;32.6;2.84;317.6;569.768330961559;300.75;Module 1,12_9;586.23;92,58;32,55;2,75;89,62;2,96
10,09.2019 16:23:34;32.7;2.84;317.6;599.5870040279383;300.87;Module 1,12_9;616.95;92,87;32,58;2,91;94,66;-1,79
10,09.2019 16:25:28;32.6;2.81;317.6;572.180161732244;301.11;Module 1,12_9;588.79;91,61;32,55;2,77;90,03;1,58
10,09.2019 16:27:27;32.6;2.93;317.6;609.4510551587255;301.07;Module 1,12_9;627.19;95,52;32,59;2,96;96,32;-0,80
10,09.2019 16:29:19;32.5;2.95;317.6;606.9185235177176;300.92;Module 1,12_9;624.63;95,88;32,59;2,94;95,89;-0,02
10,09.2019 16:31:13;32.6;2.97;317.6;609.3579922761526;300.96;Module 1,12_9;627.19;96,82;32,59;2,96;96,30;0,52
10,09.2019 16:33:06;32.4;2.24;317.6;425.26947235194285;300.81;Module 1,12_9;437.75;72,58;32,30;2,02;65,14;7,44
10,09.2019 16:34:59;32.6;1.67;317.6;333.22174283932435;300.14;Module 1,12_9;343.03;54,44;32,00;1,55;49,52;4,92
10,09.2019 16:36:53;33.4;2.7;317.6;544.5513794169881;299.66;Module 1,12_9;560.63;90,18;32,52;2,62;85,36;4,82
10,09.2019 16:38:46;33.2;2.84;317.6;574.3375334317067;299.48;Module 1,12_9;591.35;94,29;32,55;2,78;90,39;3,89
10,09.2019 16:40:40;32.8;2.29;317.6;440.03207652469075;299.36;Module 1,12_9;453.11;75,11;32,34;2,09;67,64;7,47
10,09.2019 16:42:45;32.8;1.74;315.6;348.0075744400237;299.05;Module 1,12_9;358.39;57,07;32,43;1,62;52,56;4,51
10,09.2019 16:52:26;33.5;2.24;311.1;462.08938719486287;297.44;Module 1,12_9;476.15;75,04;33,56;2,20;73,80;1,24
10,09.2019 16:54:22;33;1.52;311.1;397.44370123976216;297.58;Module 1,12_9;409.59;50,16;33,41;1,87;62,44;-12,28
10,09.2019 17:20:52;33.4;1.14;307.6;312.28886511732816;295.84;Module 1,12_9;322.58;38,08;33,72;1,43;48,30;-10,22
10,09.2019 17:26:30;34.4;1.95;305.5;463.1351617548675;296;Module 1,12_9;478.71;67,08;34,56;2,20;76,03;-8,95
10,09.2019 17:32:13;34.7;2.42;305.5;499.9184283667061;296.4;Module 1,12_9;517.11;83,97;34,63;2,39;82,67;1,30
10,09.2019 17:34:06;33.7;2.52;305.5;509.6858862000741;296.99;Module 1,12_9;527.35;84,92;34,64;2,44;84,44;0,49
10,09.2019 17:36:01;33.4;2.24;306;484.81099798147267;297.67;Module 1,12_9;501.75;74,82;34,52;2,31;79,75;-4,94
10,09.2019 17:38:03;33.1;2.18;306;462.409946759788;298.22;Module 1,12_9;478.71;72,16;34,48;2,20;75,72;-3,56
10,09.2019 17:40:04;33.1;2.23;306;444.96256307089743;298.63;Module 1,12_9;460.79;73,81;34,44;2,11;72,57;1,24
10,09.2019 17:41:57;32.9;2.06;307.6;417.64482888328007;298.98;Module 1,12_9;432.63;67,77;34,09;1,97;67,13;0,64
10,09.2019 17:43:51;32.8;1.96;307.6;395.2792769115188;299.14;Module 1,12_9;409.59;64,29;34,03;1,86;63,13;1,16
10,09.2019 17:45:44;32.8;1.72;307.6;340.81762862162856;299.14;Module 1,12_9;353.27;56,42;33,84;1,58;53,39;3,03
10,09.2019 17:55:43;33.5;1.56;308.1;320.4480517914169;297.92;Module 1,12_9;332.79;52,26;33,67;1,47;49,63;2,63
10,09.2019 17:57:36;33.8;1.65;308.1;340.0316244820203;297.75;Module 1,12_9;353.27;55,77;33,75;1,57;53,12;2,65
10,09.2019 17:59:29;34.2;1.68;308.1;359.5939353143997;297.69;Module 1,12_9;373.75;57,46;33,82;1,67;56,61;0,85
10,09.2019 18:01:40;34.3;1.64;307.6;344.64192501699927;297.82;Module 1,12_9;358.39;56,25;33,86;1,60;54,07;2,18
10,09.2019 18:03:32;34;1.78;307.6;366.6335142309815;297.69;Module 1,12_9;381.43;60,52;33,94;1,71;58,00;2,52
10,09.2019 18:05:25;34;1.75;308.1;378.7588071742325;297.73;Module 1,12_9;394.23;59,50;33,89;1,77;60,03;-0,53
10,09.2019 18:07:20;33.9;1.48;308.1;302.07465835810876;297.62;Module 1,12_9;314.57;50,17;33,58;1,38;46,36;3,81
10,09.2019 18:09:40;33.7;1.48;307.6;297.7761463694977;297.59;Module 1,12_9;310.29;49,88;33,65;1,36;45,71;4,17
10,09.2019 18:13:28;33.9;1.45;307.6;321.47185342738555;297.18;Module 1,12_9;335.35;49,15;33,77;1,48;49,93;-0,78
10,09.2019 18:15:22;34.1;1.47;307.6;299.42129608292225;297.22;Module 1,12_9;312.53;50,13;33,66;1,37;46,00;4,13
10,09.2019 18:17:20;34.1;1.57;307.6;325.98378071428976;297.42;Module 1,12_9;340.47;53,54;33,78;1,50;50,74;2,80
10,09.2019 18:19:14;34;1.47;307.6;301.6833115528312;297.26;Module 1,12_9;315.29;49,98;33,67;1,38;46,40;3,58
10,09.2019 18:21:08;34.2;1.6;307.6;330.45645883433707;297.2;Module 1,12_9;345.59;54,72;33,80;1,52;51,54;3,18
11,09.2019 09:32:36;40.3;0.71;295;279.9284340889666;283.71;Module 1,12_9;306.46;28,61;35,81;1,26;44,96;-16,34
11,09.2019 09:35:02;30.6;1.36;295;288.56263541930434;283.76;Module 1,12_9;315.29;41,62;35,86;1,30;46,59;-4,97
11,09.2019 09:43:47;31.8;1.52;289.9;315.9680842625457;285.25;Module 1,12_9;343.03;48,34;36,89;1,43;52,90;-4,56
11,09.2019 09:45:50;33.5;1.55;289.9;321.1212006580319;285.72;Module 1,12_9;348.15;51,93;36,91;1,46;53,90;-1,97
11,09.2019 09:47:43;35.1;1.56;293.4;328.60224448135483;286.27;Module 1,12_9;355.83;54,76;36,33;1,50;54,55;0,20
11,09.2019 09:49:38;35.3;1.59;293.4;333.728158820113;286.75;Module 1,12_9;360.95;56,13;36,35;1,53;55,53;0,59
11,09.2019 09:51:32;35.3;1.63;294;341.21948490040995;287.22;Module 1,12_9;368.63;57,54;36,27;1,57;56,82;0,71
11,09.2019 09:53:40;35.4;1.66;294;348.7620619046728;287.64;Module 1,12_9;376.31;58,76;36,30;1,61;58,26;0,50
11,09.2019 09:55:36;35.6;1.7;295;358.6435898597151;288.11;Module 1,12_9;386.55;60,52;36,16;1,66;59,89;0,63
11,09.2019 09:57:36;35.5;1.74;295;363.7918231573396;288.56;Module 1,12_9;391.67;61,77;36,17;1,68;60,87;0,90
11,09.2019 09:59:30;35.4;1.78;295;371.29940266747525;288.96;Module 1,12_9;399.35;63,01;36,20;1,72;62,30;0,71
11,09.2019 10:01:36;35.4;1.81;297.5;376.4664320774888;289.3;Module 1,12_9;404.47;64,07;35,77;1,75;62,60;1,48
11,09.2019 10:03:30;35.4;1.85;297.5;381.5937763057245;289.6;Module 1,12_9;409.59;65,49;35,79;1,78;63,56;1,93
11,09.2019 10:05:23;35.3;1.89;297.5;389.10435908099635;289.8;Module 1,12_9;417.27;66,72;35,81;1,81;64,97;1,74
11,09.2019 10:07:16;35.2;1.92;297.5;394.22910426968934;289.99;Module 1,12_9;422.39;67,58;35,83;1,84;65,94;1,65
11,09.2019 10:09:16;35.1;1.96;297.5;404.1571849910688;290.32;Module 1,12_9;432.63;68,80;35,85;1,89;67,80;0,99
11,09.2019 10:11:13;34.8;2.03;299.5;409.2961022300964;290.48;Module 1,12_9;437.75;70,64;35,52;1,92;68,16;2,49
11,09.2019 10:13:08;33.7;2.08;299.5;419.2190982142755;290.65;Module 1,12_9;447.99;70,10;35,54;1,97;70,00;0,09
11,09.2019 10:15:00;32;2.13;299.5;426.74244588057786;290.71;Module 1,12_9;455.67;68,16;35,55;2,01;71,40;-3,24
11,09.2019 10:17:05;33;2.16;299.5;436.70642459349574;290.73;Module 1,12_9;465.91;71,28;35,58;2,06;73,26;-1,98
11,09.2019 10:19:26;33.7;2.18;299.5;444.321527244887;290.95;Module 1,12_9;473.59;73,47;35,59;2,10;74,68;-1,21
11,09.2019 10:21:34;34.3;2.21;299.5;451.9000292310887;291.32;Module 1,12_9;481.27;75,80;35,61;2,14;76,09;-0,28
11,09.2019 10:23:27;34.3;2.23;299.5;457.0319773797819;291.6;Module 1,12_9;486.39;76,49;35,62;2,16;77,04;-0,55
11,09.2019 10:25:23;34.3;2.27;301.5;464.5785644738514;291.96;Module 1,12_9;494.07;77,86;35,28;2,20;77,73;0,13
11,09.2019 10:27:16;34.3;2.3;301.5;474.5277991252245;291.85;Module 1,12_9;504.31;78,89;35,30;2,25;79,57;-0,68
11,09.2019 10:29:44;34.3;2.33;302;484.57988319018585;291.57;Module 1,12_9;514.55;79,92;35,23;2,31;81,23;-1,31
11,09.2019 10:32:14;34.2;2.37;302;494.6413411880412;291.52;Module 1,12_9;524.79;81,05;35,24;2,36;83,08;-2,02
11,09.2019 10:34:31;34.2;2.41;302;499.84156931078695;291.67;Module 1,12_9;529.91;82,42;35,25;2,38;84,03;-1,61
11,09.2019 10:37:06;34.1;2.46;302;512.3365916269164;291.75;Module 1,12_9;542.71;83,89;35,27;2,45;86,33;-2,44
11,09.2019 10:39:52;34;2.53;304;517.6113555264703;292;Module 1,12_9;547.83;86,02;34,92;2,48;86,48;-0,46
11,09.2019 10:41:54;33.9;2.55;304;527.6077777798703;292.34;Module 1,12_9;558.07;86,44;34,94;2,53;88,30;-1,85
11,09.2019 10:44:29;33.9;2.59;305.5;532.8494056395373;292.75;Module 1,12_9;563.19;87,80;34,67;2,56;88,61;-0,81
11,09.2019 10:46:24;33.9;2.62;305.5;540.4096683957073;292.94;Module 1,12_9;570.87;88,82;34,69;2,59;89,98;-1,16
11,09.2019 10:48:32;33.9;2.66;306;548.0040363255614;293.12;Module 1,12_9;578.55;90,17;34,60;2,63;91,13;-0,95
11,09.2019 10:50:30;33.8;2.69;306;553.1483615984826;293.33;Module 1,12_9;583.67;90,92;34,61;2,66;92,05;-1,13
11,09.2019 10:52:49;33.8;2.7;306;558.3425601796881;293.57;Module 1,12_9;588.79;91,26;34,62;2,69;92,98;-1,72
11,09.2019 10:54:54;33.8;2.74;306;561.0716579549688;293.7;Module 1,12_9;591.35;92,61;34,62;2,70;93,47;-0,86
11,09.2019 10:56:54;33.7;2.77;307.6;573.5054808982553;293.82;Module 1,12_9;604.15;93,35;34,34;2,77;94,97;-1,62
11,09.2019 10:59:32;33.6;2.81;307.6;578.7403660516884;294;Module 1,12_9;609.27;94,42;34,35;2,79;95,90;-1,48
11,09.2019 11:01:29;33.5;2.85;308.1;588.7425061633971;294.06;Module 1,12_9;619.51;95,48;34,27;2,84;97,44;-1,96
11,09.2019 11:03:50;33.5;2.87;308.1;591.5009954168544;294.19;Module 1,12_9;622.07;96,15;34,27;2,86;97,93;-1,78
11,09.2019 11:05:46;33.5;2.9;308.1;601.5040746552385;294.39;Module 1,12_9;632.31;97,15;34,28;2,91;99,70;-2,55
11,09.2019 11:07:41;33.4;2.92;309.6;606.6355026556594;294.37;Module 1,12_9;637.43;97,53;34,02;2,94;99,87;-2,34
11,09.2019 11:09:35;33.3;2.96;309.6;611.7637748416796;294.62;Module 1,12_9;642.55;98,57;34,02;2,96;100,77;-2,20
11,09.2019 11:11:34;33.3;2.98;309.6;616.9021514787548;294.95;Module 1,12_9;647.67;99,23;34,02;2,99;101,68;-2,44
11,09.2019 11:13:29;33.3;2.99;309.6;619.5913730121524;295.21;Module 1,12_9;650.23;99,57;34,03;3,00;102,15;-2,58
11,09.2019 11:15:23;33.2;3.03;309.6;626.2125869684753;295.34;Module 1,12_9;656.92;100,60;34,03;3,04;103,31;-2,72
11,09.2019 11:17:15;33.2;3.05;310.1;629.8450812635017;295.32;Module 1,12_9;660.48;101,26;33,95;3,05;103,69;-2,43
11,09.2019 11:19:32;33.2;3.08;310.1;633.346526185201;295.52;Module 1,12_9;663.85;102,26;33,95;3,07;104,30;-2,05
11,09.2019 11:21:28;33.3;3.11;310.1;640.4092092564937;295.48;Module 1,12_9;671;103,56;33,95;3,11;105,54;-1,98
11,09.2019 11:23:21;33.3;3.14;310.1;644.0960674068234;295.39;Module 1,12_9;674.62;104,56;33,95;3,13;106,19;-1,63
11,09.2019 11:25:19;33.3;3.18;310.1;654.199994309512;295.53;Module 1,12_9;684.95;105,89;33,96;3,18;107,96;-2,06
11,09.2019 11:27:27;33.2;3.21;311.1;659.1576175506426;295.64;Module 1,12_9;689.87;106,57;33,78;3,21;108,28;-1,71
11,09.2019 11:29:23;33.2;3.24;311.1;664.9597686148335;295.78;Module 1,12_9;695.7;107,57;33,79;3,23;109,29;-1,72
11,09.2019 11:31:37;33.1;3.26;311.1;672.1641254318174;295.96;Module 1,12_9;702.96;107,91;33,79;3,27;110,54;-2,63
11,09.2019 11:33:37;33;3.29;311.1;677.5907915606813;296.14;Module 1,12_9;708.39;108,57;33,79;3,30;111,48;-2,91
11,09.2019 11:36:19;32.8;3.34;312.6;687.9773246639049;296.67;Module 1,12_9;718.92;109,55;33,52;3,35;112,43;-2,87
11,09.2019 11:38:11;32.8;3.37;312.6;694.2495103911002;296.64;Module 1,12_9;725.25;110,54;33,53;3,39;113,51;-2,97
11,09.2019 11:40:28;32.6;3.41;313.6;698.5290287739743;296.59;Module 1,12_9;729.45;111,17;33,35;3,41;113,66;-2,49
11,09.2019 11:42:25;32.6;3.43;313.6;705.0202908655676;296.96;Module 1,12_9;736;111,82;33,35;3,44;114,77;-2,95
11,09.2019 11:44:26;32.5;3.46;314.1;711.3943295507177;297.21;Module 1,12_9;742.42;112,45;33,27;3,47;115,56;-3,11
11,09.2019 11:46:19;32.4;3.49;314.1;715.8461880661378;297.5;Module 1,12_9;746.85;113,08;33,27;3,50;116,32;-3,24
11,09.2019 11:48:19;32.4;3.5;314.1;716.9058939528865;297.96;Module 1,12_9;747.73;113,40;33,27;3,50;116,50;-3,10
11,09.2019 11:50:30;32.3;3.53;315.6;726.8626844790745;298.49;Module 1,12_9;757.87;114,02;33,00;3,55;117,27;-3,26
11,09.2019 11:52:23;32.3;3.57;315.6;729.699771756694;298.71;Module 1,12_9;760.62;115,31;33,00;3,57;117,75;-2,44
11,09.2019 11:54:28;32.2;3.59;315.6;734.7052716303606;299.03;Module 1,12_9;765.61;115,60;33,00;3,59;118,60;-3,00
11,09.2019 11:56:21;32.2;3.61;315.6;737.2509381167556;299.13;Module 1,12_9;768.06;116,24;33,00;3,61;119,03;-2,79
11,09.2019 11:58:14;32.2;3.64;315.6;744.0480269515108;299.03;Module 1,12_9;774.94;117,21;33,01;3,64;120,18;-2,97
11,09.2019 12:00:16;32.2;3.65;317.6;745.1652864389182;299.1;Module 1,12_9;775.89;117,53;32,65;3,65;119,10;-1,57
11,09.2019 12:02:11;32.2;3.65;317.6;748.6503401210558;299.21;Module 1,12_9;779.32;117,53;32,65;3,67;119,68;-2,15
11,09.2019 12:04:08;32.1;3.65;317.6;749.9367010267463;299.39;Module 1,12_9;780.46;117,17;32,65;3,67;119,89;-2,73
11,09.2019 12:06:02;32;3.68;317.6;753.9067593839757;299.29;Module 1,12_9;784.4;117,76;32,65;3,69;120,55;-2,79
11,09.2019 12:07:55;32.1;3.72;318.1;757.5471961630537;299.22;Module 1,12_9;788;119,41;32,55;3,71;120,84;-1,43
11,09.2019 12:09:57;32;3.73;318.1;758.4406427806767;299.22;Module 1,12_9;788.73;119,36;32,55;3,72;120,99;-1,63
11,09.2019 12:11:50;31.9;3.74;318.1;766.1558459291745;299.39;Module 1,12_9;796.57;119,31;32,55;3,76;122,27;-2,96
11,09.2019 12:13:42;31.9;3.77;318.1;769.993121790734;299.44;Module 1,12_9;800.38;120,26;32,55;3,78;122,91;-2,64
11,09.2019 12:15:43;31.9;3.78;318.1;775.6230800767568;299.63;Module 1,12_9;806.04;120,58;32,55;3,80;123,84;-3,26
11,09.2019 12:17:36;31.9;3.79;319.6;780.0854806873836;299.85;Module 1,12_9;810.5;120,90;32,29;3,83;123,58;-2,67
11,09.2019 12:20:19;32;3.84;319.6;789.6850793996133;299.5;Module 1,12_9;820.22;122,88;32,29;3,88;125,15;-2,27
11,09.2019 12:22:17;31.9;3.85;319.6;796.2526859122595;299.27;Module 1,12_9;826.86;122,81;32,29;3,91;126,23;-3,42
11,09.2019 12:24:31;31.8;3.86;319.6;798.557125996681;299.27;Module 1,12_9;829.05;122,75;32,29;3,92;126,61;-3,87
11,09.2019 12:26:42;31.8;3.9;319.6;803.0802130738725;299.54;Module 1,12_9;833.55;124,02;32,29;3,94;127,36;-3,34
11,09.2019 12:28:35;31.8;3.93;320.1;808.6943079247835;299.67;Module 1,12_9;839.21;124,97;32,20;3,97;127,93;-2,95
11,09.2019 12:30:43;31.8;3.95;320.1;814.5217666175929;299.81;Module 1,12_9;845.07;125,61;32,20;4,00;128,88;-3,27
11,09.2019 12:32:47;31.7;3.98;321.7;817.9328131205416;299.71;Module 1,12_9;848.43;126,17;31,91;4,02;128,30;-2,14
11,09.2019 12:34:42;31.8;3.98;321.7;818.2636930294063;299.87;Module 1,12_9;848.61;126,56;31,91;4,02;128,36;-1,79
11,09.2019 12:36:35;31.8;3.97;321.7;819.3802656371279;300.17;Module 1,12_9;849.61;126,25;31,91;4,03;128,54;-2,29
11,09.2019 12:38:36;31.7;3.98;321.7;818.0841623667106;300.34;Module 1,12_9;848.1;126,17;31,91;4,02;128,33;-2,16
11,09.2019 12:40:29;31.7;3.99;321.7;818.3084834030678;300.59;Module 1,12_9;848.18;126,48;31,91;4,02;128,37;-1,88
11,09.2019 12:42:35;31.7;4.03;321.7;825.9966104372074;300.8;Module 1,12_9;855.98;127,75;31,91;4,06;129,61;-1,86
11,09.2019 12:44:32;31.6;4.03;321.7;829.1951060775474;300.92;Module 1,12_9;859.14;127,35;31,91;4,08;130,13;-2,78
11,09.2019 12:46:26;31.6;4.06;321.7;837.1281875825923;300.51;Module 1,12_9;867.21;128,30;31,91;4,12;131,41;-3,12
11,09.2019 12:48:19;31.6;4.06;321.7;841.208142808946;299.86;Module 1,12_9;871.29;128,30;31,91;4,14;132,07;-3,78
11,09.2019 12:50:15;31.6;4.05;321.7;836.8318660065145;299.71;Module 1,12_9;866.61;127,98;31,91;4,12;131,37;-3,39
11,09.2019 12:52:08;31.6;4.06;321.7;839.8075496604467;299.4;Module 1,12_9;869.55;128,30;31,91;4,13;131,85;-3,55
11,09.2019 12:55:24;31.6;4.07;321.7;840.4549499543442;299.53;Module 1,12_9;869.98;128,61;31,91;4,14;131,95;-3,34
11,09.2019 12:57:23;31.6;4.09;321.7;840.9599181878036;299.94;Module 1,12_9;870.36;129,24;31,91;4,14;132,03;-2,79
11,09.2019 12:59:25;31.5;4.09;322.2;842.1715366337859;300.28;Module 1,12_9;871.47;128,84;31,81;4,14;131,86;-3,03
11,09.2019 13:01:26;31.5;4.08;322.2;840.2000886149772;300.57;Module 1,12_9;869.29;128,52;31,82;4,13;131,54;-3,02
11,09.2019 13:03:26;31.4;4.12;322.2;846.8957465120795;300.75;Module 1,12_9;876.08;129,37;31,81;4,17;132,62;-3,26
11,09.2019 13:05:19;31.4;4.14;323.7;853.4675402134326;300.78;Module 1,12_9;882.75;130,00;31,55;4,20;132,56;-2,56
11,09.2019 13:07:12;31.4;4.12;323.7;853.8119256488546;300.28;Module 1,12_9;882.98;129,37;31,55;4,20;132,62;-3,25
11,09.2019 13:09:46;31.4;4.16;323.7;856.7410815414927;300.17;Module 1,12_9;885.84;130,62;31,55;4,22;133,08;-2,46
11,09.2019 13:12:01;31.4;4.18;323.7;858.5356397000827;300.42;Module 1,12_9;887.55;131,25;31,54;4,23;133,37;-2,12
11,09.2019 13:14:26;31.4;4.17;324.2;859.9317736216624;300.92;Module 1,12_9;888.84;130,94;31,45;4,24;133,21;-2,28
11,09.2019 13:16:26;31.3;4.2;324.2;862.9840012691269;301.39;Module 1,12_9;891.87;131,46;31,45;4,25;133,70;-2,24
11,09.2019 13:18:43;31.3;4.18;324.2;861.6966736918972;301.45;Module 1,12_9;890.4;130,83;31,45;4,24;133,50;-2,66
11,09.2019 13:20:45;31.3;4.19;324.2;861.5920320505775;301.42;Module 1,12_9;890.17;131,15;31,45;4,24;133,48;-2,33
11,09.2019 13:22:38;31.3;4.26;324.2;873.5769301956486;301.66;Module 1,12_9;902.44;133,34;31,45;4,31;135,38;-2,05
11,09.2019 13:24:38;31.3;4.26;324.2;877.630808864507;301.78;Module 1,12_9;906.51;133,34;31,45;4,33;136,03;-2,69
11,09.2019 13:26:53;31.3;4.25;324.2;872.4020560862008;301.75;Module 1,12_9;900.98;133,03;31,45;4,30;135,20;-2,17
11,09.2019 13:29:27;31.3;4.29;324.2;881.131634080818;301.04;Module 1,12_9;909.85;134,28;31,45;4,34;136,58;-2,31
11,09.2019 13:31:20;31.2;4.28;324.2;879.3829957956943;300.9;Module 1,12_9;907.94;133,54;31,45;4,33;136,31;-2,77
11,09.2019 13:33:15;31.2;4.25;325.7;872.7518644336576;300.73;Module 1,12_9;900.99;132,60;31,18;4,30;134,10;-1,50
11,09.2019 13:35:17;31.1;4.26;325.7;878.8142366337257;300.63;Module 1,12_9;907.14;132,49;31,18;4,33;135,05;-2,57
11,09.2019 13:37:11;31.2;4.28;325.7;879.908583755978;300.69;Module 1,12_9;908.17;133,54;31,18;4,34;135,23;-1,69
11,09.2019 13:40:04;31.2;4.27;325.7;876.117402356369;301.23;Module 1,12_9;904.11;133,22;31,18;4,32;134,63;-1,40
11,09.2019 13:42:14;31.2;4.29;325.7;886.8437801010476;301.6;Module 1,12_9;915.07;133,85;31,17;4,37;136,32;-2,47
11,09.2019 13:44:26;31.3;4.26;325.7;872.749035859612;301.95;Module 1,12_9;900.42;133,34;31,18;4,30;134,10;-0,76
11,09.2019 13:46:10;31.3;4.26;325.7;871.8498301731329;302.25;Module 1,12_9;899.41;133,34;31,18;4,30;133,96;-0,62
11,09.2019 13:48:35;31.1;4.25;325.7;873.1899465453128;302.56;Module 1,12_9;900.68;132,18;31,18;4,30;134,17;-1,99
11,09.2019 13:51:02;31.2;4.29;326.2;877.8160718379531;302.65;Module 1,12_9;905.34;133,85;31,09;4,33;134,51;-0,66
11,09.2019 13:53:18;31.2;4.28;326.2;872.8132162331391;302.67;Module 1,12_9;900.08;133,54;31,09;4,30;133,72;-0,19
11,09.2019 13:55:11;31.1;4.27;326.2;874.4342106799947;302.74;Module 1,12_9;901.67;132,80;31,09;4,31;133,98;-1,18
11,09.2019 13:57:05;31.4;4.25;325.7;875.0846859907308;302.1;Module 1,12_9;902.26;133,45;31,18;4,31;134,47;-1,02
11,09.2019 13:59:31;31.4;4.2;325.7;861.4378539063458;301.32;Module 1,12_9;888.09;131,88;31,18;4,24;132,32;-0,44
11,09.2019 14:01:28;31.4;4.23;325.7;873.0182999014294;301.63;Module 1,12_9;899.95;132,82;31,18;4,30;134,14;-1,32
11,09.2019 14:03:21;31.4;4.2;325.7;866.4352102850125;301.64;Module 1,12_9;893.09;131,88;31,18;4,27;133,10;-1,22
11,09.2019 14:05:19;31.3;4.26;325.7;883.0799869006028;302.03;Module 1,12_9;910.17;133,34;31,17;4,35;135,72;-2,39
11,09.2019 14:07:24;31.3;4.29;325.7;882.4002343650716;302.32;Module 1,12_9;909.39;134,28;31,17;4,35;135,62;-1,34
11,09.2019 14:09:32;31.2;4.25;325.7;875.4805149776695;302.67;Module 1,12_9;902.18;132,60;31,18;4,31;134,53;-1,93
11,09.2019 14:11:36;31.2;4.28;325.7;880.744639754613;302.89;Module 1,12_9;907.53;133,54;31,18;4,34;135,36;-1,82
11,09.2019 14:13:53;31.3;4.21;325.7;868.7971537583363;302.97;Module 1,12_9;895.14;131,77;31,18;4,28;133,48;-1,70
11,09.2019 14:15:49;31.4;4.25;325.7;870.9085182978488;303.2;Module 1,12_9;897.25;133,45;31,18;4,29;133,81;-0,36
11,09.2019 14:17:42;31.3;4.29;325.7;879.821669063844;303.32;Module 1,12_9;906.37;134,28;31,18;4,34;135,21;-0,94
11,09.2019 14:19:37;31.4;4.29;325.7;879.4549343133527;303.19;Module 1,12_9;905.93;134,71;31,18;4,33;135,15;-0,45
11,09.2019 14:21:52;31.2;4.26;325.7;872.8637568922125;302.88;Module 1,12_9;899.07;132,91;31,18;4,30;134,12;-1,20
11,09.2019 14:23:46;31.1;4.27;325.7;875.7160271123296;303;Module 1,12_9;901.95;132,80;31,18;4,32;134,57;-1,77
11,09.2019 14:25:38;31.1;4.3;326.2;881.2169236515803;303.24;Module 1,12_9;907.56;133,73;31,09;4,34;135,04;-1,31
11,09.2019 14:27:32;30.9;4.33;326.2;884.4457028445531;303.53;Module 1,12_9;910.83;133,80;31,09;4,36;135,55;-1,75
11,09.2019 14:30:02;31.1;4.32;326.2;879.6778780087711;303.81;Module 1,12_9;905.85;134,35;31,09;4,34;134,80;-0,45
11,09.2019 14:31:55;31.2;4.32;326.2;884.62193964177;303.76;Module 1,12_9;910.89;134,78;31,09;4,36;135,58;-0,79
11,09.2019 14:34:26;31.1;4.33;326.2;891.4554404159633;303.48;Module 1,12_9;917.86;134,66;31,09;4,40;136,65;-1,98
11,09.2019 14:36:27;31.2;4.29;326.2;883.0161044023465;303;Module 1,12_9;909.12;133,85;31,09;4,35;135,32;-1,48
11,09.2019 14:38:19;31.1;4.29;326.2;879.6021717728814;303.1;Module 1,12_9;905.56;133,42;31,09;4,34;134,79;-1,37
11,09.2019 14:40:12;31.1;4.28;326.2;880.9951230835934;303.03;Module 1,12_9;906.95;133,11;31,09;4,34;135,01;-1,90
11,09.2019 14:42:08;31.3;4.27;326.2;875.3448996700687;302.93;Module 1,12_9;901.09;133,65;31,09;4,31;134,12;-0,47
11,09.2019 14:44:30;31.3;4.17;326.2;863.9695875567727;303.1;Module 1,12_9;889.33;130,52;31,09;4,26;132,33;-1,81
11,09.2019 14:46:38;31.3;4.21;326.2;868.8982521599056;303.46;Module 1,12_9;894.36;131,77;31,09;4,28;133,11;-1,33
11,09.2019 14:48:32;31.2;4.21;326.2;865.7085020356504;303.82;Module 1,12_9;891.04;131,35;31,09;4,27;132,61;-1,25
11,09.2019 14:50:24;31.4;4.22;326.2;863.9932156887298;303.96;Module 1,12_9;889.24;132,51;31,09;4,26;132,34;0,17
11,09.2019 14:52:53;31.5;4.21;326.2;864.7059780023993;303.54;Module 1,12_9;889.93;132,62;31,09;4,26;132,45;0,17
11,09.2019 14:54:55;31.6;4.22;325.7;867.2942412556575;303.21;Module 1,12_9;892.56;133,35;31,18;4,27;133,24;0,11
11,09.2019 14:56:56;31.6;4.22;325.7;864.2057721512731;302.85;Module 1,12_9;889.35;133,35;31,18;4,26;132,75;0,60
11,09.2019 14:58:51;31.5;4.22;325.7;866.1184991215969;302.66;Module 1,12_9;891.29;132,93;31,18;4,27;133,05;-0,12
11,09.2019 15:01:08;31.4;4.21;325.7;865.235777362911;302.87;Module 1,12_9;890.35;132,19;31,18;4,26;132,91;-0,72
11,09.2019 15:03:01;31.6;4.19;325.7;864.9775812248743;302.91;Module 1,12_9;890.06;132,40;31,18;4,26;132,87;-0,47
11,09.2019 15:05:04;31.6;4.18;325.7;858.6067733099234;302.92;Module 1,12_9;883.48;132,09;31,18;4,23;131,87;0,22
11,09.2019 15:07:00;31.8;4.12;325.7;849.0351382772847;302.67;Module 1,12_9;873.61;131,02;31,18;4,18;130,36;0,66
11,09.2019 15:09:43;31.8;4.15;325.7;856.0782770020282;302.5;Module 1,12_9;880.83;131,97;31,18;4,22;131,47;0,50
11,09.2019 15:11:36;31.7;4.14;325.7;854.9185194181316;302.64;Module 1,12_9;879.62;131,24;31,18;4,21;131,29;-0,05
11,09.2019 15:13:31;31.8;4.11;325.7;845.1946282424979;302.42;Module 1,12_9;869.6;130,70;31,19;4,16;129,75;0,95
11,09.2019 15:16:07;31.8;4.1;325.7;841.8392997319472;302.16;Module 1,12_9;866.13;130,38;31,19;4,14;129,22;1,16
11,09.2019 15:18:00;31.6;4.08;323.7;839.4783254532169;302.33;Module 1,12_9;863.69;128,93;31,55;4,13;130,33;-1,40
11,09.2019 15:19:54;31.7;4.06;323.7;839.020841142306;302.44;Module 1,12_9;863.21;128,70;31,55;4,13;130,25;-1,55
11,09.2019 15:22:04;31.7;4.05;323.7;838.6209293272168;302.62;Module 1,12_9;862.79;128,38;31,55;4,13;130,19;-1,80
11,09.2019 15:24:09;31.6;4.06;323.7;836.8967407101242;302.77;Module 1,12_9;861.01;128,30;31,55;4,12;129,91;-1,62
11,09.2019 15:26:09;31.6;4.03;323.7;828.1428480949975;302.99;Module 1,12_9;852;127,35;31,55;4,07;128,51;-1,16
11,09.2019 15:28:02;31.7;4.02;323.7;824.5483024523446;302.99;Module 1,12_9;848.3;127,43;31,55;4,06;127,94;-0,50
11,09.2019 15:30:40;31.6;3.94;323.7;811.3872182759064;303.39;Module 1,12_9;834.76;124,50;31,55;3,99;125,83;-1,32
11,09.2019 15:32:37;31.6;3.92;323.7;808.119079729486;303.18;Module 1,12_9;831.4;123,87;31,55;3,97;125,30;-1,43
11,09.2019 15:33:35;31.6;3.91;323.7;810.9847070512393;303.1;Module 1,12_9;834.35;123,56;31,55;3,99;125,76;-2,21
11,09.2019 15:35:32;31.6;3.84;323.7;794.6600801416274;302.82;Module 1,12_9;817.56;121,34;31,55;3,90;123,14;-1,80
11,09.2019 15:37:53;31.6;3.85;323.7;794.4963771874026;303;Module 1,12_9;817.4;121,66;31,55;3,90;123,12;-1,46
11,09.2019 15:40:28;31.5;3.83;323.7;791.3643246265841;303.42;Module 1,12_9;814.19;120,64;31,55;3,89;122,61;-1,97
11,09.2019 15:42:21;31.6;3.74;324.2;774.6942880694208;303.57;Module 1,12_9;797.05;118,18;31,46;3,80;119,60;-1,41
11,09.2019 15:44:26;31.8;3.79;324.2;780.5608332923551;303.67;Module 1,12_9;803.1;120,52;31,46;3,83;120,54;-0,01
11,09.2019 15:46:29;31.6;3.79;324.2;779.4177862210703;303.68;Module 1,12_9;801.94;119,76;31,46;3,83;120,35;-0,59
11,09.2019 15:48:25;31.8;3.81;323.7;788.0801728349509;303.39;Module 1,12_9;810.87;121,16;31,55;3,87;122,09;-0,93
11,09.2019 15:50:18;31.8;3.84;323.7;789.3253876586938;303.14;Module 1,12_9;812.17;122,11;31,55;3,88;122,29;-0,17
11,09.2019 15:52:30;31.8;3.85;323.7;795.8228028481662;303.11;Module 1,12_9;818.88;122,43;31,55;3,91;123,33;-0,90
11,09.2019 15:54:38;31.8;3.6;323.7;775.8556382876773;303.07;Module 1,12_9;798.36;114,48;31,55;3,81;120,12;-5,64
11,09.2019 15:56:31;31.7;3.8;323.7;784.0820434719269;303.16;Module 1,12_9;806.85;120,46;31,55;3,85;121,44;-0,98
11,09.2019 15:58:25;31.8;3.66;323.7;737.5574157373504;303.31;Module 1,12_9;759;116,39;31,55;3,61;113,95;2,44
11,09.2019 16:00:57;31.8;3.79;323.7;782.1321384568323;303.36;Module 1,12_9;804.91;120,52;31,55;3,84;121,13;-0,61
11,09.2019 16:02:54;31.8;3.46;323.7;727.2985044866368;303.34;Module 1,12_9;748.51;110,03;31,55;3,56;112,29;-2,26
11,09.2019 16:04:51;31.8;3.4;323.7;621.8266690736787;303.14;Module 1,12_9;639.99;108,12;31,49;3,02;95,19;12,93
11,09.2019 16:06:44;31.5;3.73;323.7;758.9367433301996;303.04;Module 1,12_9;781.14;117,50;31,55;3,72;117,40;0,10
11,09.2019 16:08:39;31.9;3.71;323.7;765.6618864422713;303.27;Module 1,12_9;788.1;118,35;31,55;3,76;118,48;-0,13
11,09.2019 16:10:35;31.8;3.22;323.7;591.8928061053432;303.68;Module 1,12_9;609.27;102,40;31,47;2,87;90,31;12,09
11,09.2019 16:12:28;31.8;3.44;323.7;739.1296811562688;304.14;Module 1,12_9;760.87;109,39;31,55;3,62;114,20;-4,81
11,09.2019 16:14:28;31.7;3.72;322.2;764.477239611828;304.14;Module 1,12_9;787.01;117,92;31,82;3,75;119,29;-1,36
11,09.2019 16:16:21;31.8;3.85;322.2;792.8332164580501;304.07;Module 1,12_9;816.25;122,43;31,82;3,89;123,89;-1,46
11,09.2019 16:18:15;31.5;2.79;323.7;624.0772769306496;303.17;Module 1,12_9;642.55;87,89;31,49;3,03;95,55;-7,67
11,09.2019 16:20:18;31.1;4.01;323.7;828.9911782511197;302.82;Module 1,12_9;853.59;124,71;31,55;4,08;128,65;-3,94
11,09.2019 16:22:13;31.4;3.75;323.7;651.0738025975488;302.79;Module 1,12_9;670.44;117,75;31,52;3,17;99,94;17,81
11,09.2019 16:24:40;32;3.72;321.7;763.5833459641178;303.09;Module 1,12_9;786.37;119,04;31,91;3,74;119,47;-0,43
11,09.2019 16:26:33;32.2;3.62;321.7;750.2330658336518;303.49;Module 1,12_9;772.68;116,56;31,91;3,68;117,30;-0,73
11,09.2019 16:28:27;30.9;3.62;321.7;680.9693340873596;303.88;Module 1,12_9;701.4;111,86;31,89;3,32;105,97;5,89
11,09.2019 16:30:49;32;3.3;321.7;621.2831930249662;304.06;Module 1,12_9;639.99;105,60;31,85;3,02;96,16;9,44
11,09.2019 16:32:42;32.2;2.76;321.7;593.8945827454908;304;Module 1,12_9;611.83;88,87;31,84;2,88;91,64;-2,77
11,09.2019 16:39:47;33.4;3.48;319.6;721.697044097565;302.15;Module 1,12_9;743.76;116,23;32,28;3,53;113,94;2,29
11,09.2019 16:41:40;33.2;3.25;319.6;691.0589446113052;302.21;Module 1,12_9;712.26;107,90;32,27;3,37;108,87;-0,97
11,09.2019 16:43:33;32.7;3.34;319.6;678.633922534531;302.31;Module 1,12_9;699.53;109,22;32,27;3,31;106,80;2,41
11,09.2019 16:56:49;32.8;1.74;313.6;302.99213640995777;299.32;Module 1,12_9;312.6;57,07;32,59;1,39;45,31;11,76
11,09.2019 16:58:42;33.3;3.47;313.6;709.3888786884247;299.89;Module 1,12_9;731.99;115,55;33,35;3,46;115,52;0,04
11,09.2019 17:09:23;33.1;2.24;311.1;644.3835705766908;299.37;Module 1,12_9;665.53;74,14;33,77;3,13;105,71;-31,56
11,09.2019 17:11:34;33.2;2.99;311.1;609.6109614631199;299.82;Module 1,12_9;629.75;99,27;33,75;2,95;99,64;-0,37
11,09.2019 17:21:33;33.7;1.73;311.1;358.93024628992197;299.03;Module 1,12_9;371.19;58,30;33,28;1,67;55,68;2,62
11,09.2019 17:26:08;34.2;2.4;310.1;512.1179304523371;299.24;Module 1,12_9;529.91;82,08;33,83;2,45;82,99;-0,91
11,09.2019 17:28:02;33.8;2;310.1;398.21274647871473;299.65;Module 1,12_9;412.15;67,60;33,59;1,87;62,89;4,71
11,09.2019 17:29:55;33.4;2.18;310.1;442.6216032055645;300;Module 1,12_9;458.23;72,81;33,70;2,10;70,73;2,08
11,09.2019 17:31:48;33.2;2.13;310.1;440.03268889247283;300.25;Module 1,12_9;455.67;70,72;33,70;2,09;70,27;0,44
11,09.2019 17:34:13;32.7;1.78;311.1;328.6703248709418;300.6;Module 1,12_9;340.47;58,21;33,16;1,52;50,37;7,84
11,09.2019 17:36:34;32.6;2.23;311.1;424.89829029024327;300.75;Module 1,12_9;440.31;72,70;33,48;2,01;67,27;5,43
11,09.2019 17:40:52;32.8;1.73;311.1;306.55975025699064;300.62;Module 1,12_9;317.9;56,74;33,06;1,41;46,49;10,25
11,09.2019 17:44:52;31.6;1.52;311.1;325.62862363120917;300.27;Module 1,12_9;337.91;48,03;33,15;1,50;49,83;-1,80
11,09.2019 17:46:45;32.6;2.2;311.1;463.61728154619584;300.25;Module 1,12_9;481.27;71,72;33,56;2,21;74,07;-2,35
11,09.2019 17:48:39;33.7;2;310.1;448.65790284713853;300.4;Module 1,12_9;465.91;67,40;33,71;2,13;71,80;-4,40
11,09.2019 17:50:46;33.9;2.14;310.1;455.8621315312824;300.62;Module 1,12_9;473.59;72,55;33,73;2,17;73,07;-0,52
11,09.2019 17:52:41;33.9;1.63;310.1;315.039246140725;300.47;Module 1,12_9;327.42;55,26;33,28;1,45;48,21;7,05
11,09.2019 17:54:36;33.5;1.44;311.1;327.46156492691665;300.43;Module 1,12_9;340.47;48,24;33,16;1,51;50,15;-1,91
11,09.2019 17:56:33;33.9;2;311.1;423.3036863501627;300.37;Module 1,12_9;440.31;67,80;33,48;2,00;66,99;0,81
11,09.2019 18:00:23;32.5;1.76;310.1;376.20333957519375;300.11;Module 1,12_9;391.67;57,20;33,52;1,76;59,00;-1,80
11,09.2019 18:02:16;33.9;1.79;310.1;380.9427299314198;300.28;Module 1,12_9;396.79;60,68;33,54;1,78;59,84;0,84
11,09.2019 18:06:08;33.9;1.77;310.1;378.09946288495723;300.42;Module 1,12_9;394.23;60,00;33,52;1,77;59,33;0,67
11,09.2019 18:08:01;33.9;1.73;310.1;370.5386087668399;300.44;Module 1,12_9;386.55;58,65;33,50;1,73;58,00;0,65
11,09.2019 18:16:27;34.1;1.63;309.6;349.98476674064955;298.99;Module 1,12_9;366.07;55,58;33,52;1,63;54,50;1,08
11,09.2019 18:18:19;34.2;1.47;309.6;317.96024000450046;299.1;Module 1,12_9;332.79;50,27;33,38;1,46;48,84;1,43
11,09.2019 18:20:20;34.3;1.55;309.6;337.2800382986917;299.17;Module 1,12_9;353.27;53,16;33,47;1,56;52,26;0,91
11,09.2019 18:22:27;34.4;1.47;309.6;322.3550032914784;299.25;Module 1,12_9;337.91;50,57;33,41;1,49;49,62;0,95
11,09.2019 18:25:12;34.4;1.36;309.6;296.41202275254585;299.3;Module 1,12_9;311.06;46,78;33,28;1,35;45,04;1,75
12,09.2019 09:39:03;35.5;2.12;295;420.0176711001124;291.02;Module 1,12_9;458.23;75,26;36,34;1,97;71,56;3,70
12,09.2019 10:18:16;33.9;1.68;303;306.3409603028401;294.66;Module 1,12_9;327.04;56,95;34,52;1,40;48,25;8,71
12,09.2019 11:25:31;33.7;1.42;304;289.81383894628635;295.12;Module 1,12_9;303.67;47,85;34,26;1,31;45,03;2,83
12,09.2019 11:27:23;34.3;2.11;304;476.5784371049254;295.25;Module 1,12_9;499.19;72,37;34,86;2,27;79,02;-6,64
12,09.2019 11:29:19;33.8;1.48;304;300.2650926846918;295.3;Module 1,12_9;314.4;50,02;34,31;1,37;46,92;3,10
12,09.2019 11:31:23;33.9;1.56;304;320.39214192021717;295.4;Module 1,12_9;335.35;52,88;34,41;1,47;50,58;2,30
12,09.2019 11:33:16;33.8;2.58;305.5;499.10223656082167;295.61;Module 1,12_9;522.23;87,20;34,63;2,38;82,53;4,68
12,09.2019 11:35:23;33.7;1.85;305.5;396.4889965371471;296.04;Module 1,12_9;414.71;62,35;34,41;1,86;63,98;-1,64
12,09.2019 11:37:22;34.8;2.81;305.5;499.4528348464663;296.64;Module 1,12_9;522.23;97,79;34,63;2,39;82,59;15,20
12,09.2019 11:39:15;33.5;4.27;306.5;849.268117763401;296.94;Module 1,12_9;887.72;143,04;34,61;4,17;144,40;-1,36
12,09.2019 11:41:00;33.2;3.2;306.5;607.5443442534363;297.26;Module 1,12_9;634.87;106,24;34,57;2,94;101,57;4,67
12,09.2019 11:42:56;33;3.19;308.1;541.5677241754648;297.28;Module 1,12_9;565.75;105,27;34,22;2,60;89,06;16,21
12,09.2019 11:44:49;33.4;2.99;308.1;669.6659520656519;297.23;Module 1,12_9;699.36;99,87;34,32;3,26;111,77;-11,90
12,09.2019 11:46:42;34;3.35;308.1;631.999105344257;297.4;Module 1,12_9;659.83;113,90;34,30;3,06;105,11;8,79
12,09.2019 11:48:35;33.3;2.92;309.6;596.003003413958;297.63;Module 1,12_9;622.07;97,24;34,01;2,88;98,00;-0,76
12,09.2019 11:50:53;33.7;3.55;309.6;768.7249055868615;297.8;Module 1,12_9;802.07;119,64;34,07;3,76;128,23;-8,60
12,09.2019 11:52:45;33.9;3.18;310.1;877.6701243872781;298.07;Module 1,12_9;915.49;107,80;33,97;4,32;146,72;-38,92
12,09.2019 11:54:38;33.2;3.57;310.1;789.560721419309;298.39;Module 1,12_9;823.36;118,52;33,98;3,87;131,52;-13,00
12,09.2019 11:56:31;32.9;4;310.1;830.3845272308469;298.84;Module 1,12_9;865.7;131,60;33,98;4,08;138,58;-6,98
12,09.2019 11:58:29;32.6;3.98;311.1;628.7879939271629;299.36;Module 1,12_9;655.35;129,75;33,77;3,05;102,99;26,76
12,09.2019 12:00:22;32.4;4.08;311.1;842.7080118057811;299.88;Module 1,12_9;878.08;132,19;33,80;4,14;139,99;-7,80
12,09.2019 12:02:14;32.3;4.3;314.1;888.2972623078266;300.42;Module 1,12_9;925.35;138,89;33,25;4,38;145,52;-6,63
12,09.2019 12:04:11;32.2;3.71;314.1;715.7664983134703;301.17;Module 1,12_9;745.43;119,46;33,27;3,50;116,30;3,16
12,09.2019 12:06:49;31.9;3.01;316.1;572.9300154295219;301.6;Module 1,12_9;596.47;96,02;32,82;2,77;90,87;5,15
12,09.2019 12:08:43;32.1;2.91;316.1;587.8259172961607;301.49;Module 1,12_9;611.83;93,41;32,84;2,84;93,41;0,00
12,09.2019 12:10:36;32.2;2.73;316.1;560.9028942598753;301.17;Module 1,12_9;583.67;87,91;32,81;2,71;88,82;-0,92
12,09.2019 12:12:30;32.4;2.99;317.6;649.8217594529857;300.96;Module 1,12_9;676.04;96,88;32,62;3,16;103,12;-6,24
12,09.2019 12:14:33;32.1;2.04;317.6;406.10951522575147;300.66;Module 1,12_9;422.39;65,48;32,25;1,92;61,89;3,60
12,09.2019 12:16:26;32.4;1.85;317.6;376.6579012418991;300.32;Module 1,12_9;391.67;59,94;32,16;1,77;56,89;3,05
12,09.2019 12:18:30;32.5;1.84;317.6;371.82392343296993;299.89;Module 1,12_9;386.55;59,80;32,15;1,74;56,07;3,73
12,09.2019 12:24:44;33.2;2.05;315.6;426.2977585718848;298.46;Module 1,12_9;442.87;68,06;32,67;2,02;65,99;2,07
12,09.2019 12:26:57;33.2;2.25;313.6;470.76680482074806;298.39;Module 1,12_9;488.95;74,70;33,13;2,25;74,38;0,32
12,09.2019 12:29:03;33.3;2.08;313.6;433.8919886758358;298.39;Module 1,12_9;450.55;69,26;33,05;2,06;67,99;1,27
12,09.2019 12:31:01;33;1.87;313.6;392.0618201943179;298.39;Module 1,12_9;407.03;61,71;32,94;1,84;60,73;0,98
12,09.2019 12:32:58;33.2;2.21;313.6;483.39567621362835;298.37;Module 1,12_9;501.75;73,37;33,15;2,31;76,57;-3,20
12,09.2019 12:34:53;33.2;1.6;313.6;340.41326657198897;298.24;Module 1,12_9;353.27;53,12;32,76;1,58;51,78;1,34
12,09.2019 12:36:54;33.2;1.75;311.1;377.4915835831673;298.16;Module 1,12_9;391.67;58,10;33,34;1,77;58,94;-0,84
12,09.2019 12:38:59;33.2;1.72;311.1;362.7615729242288;298.32;Module 1,12_9;376.31;57,10;33,30;1,69;56,35;0,75
12,09.2019 12:40:52;33.3;1.65;311.1;365.29558925418934;298.22;Module 1,12_9;378.87;54,94;33,30;1,71;56,80;-1,85
12,09.2019 12:42:35;33.6;3.4;311.1;975.1189600690103;298.42;Module 1,12_9;1011.19;114,24;33,74;4,82;162,55;-48,31
12,09.2019 12:44:28;34.9;4.31;311.1;892.4495693877849;299.32;Module 1,12_9;925.3;150,42;33,78;4,40;148,50;1,92
12,09.2019 12:46:21;33.3;2.16;311.1;444.50763468329274;300.27;Module 1,12_9;460.79;71,93;33,52;2,11;70,71;1,22
12,09.2019 12:48:14;32.6;2.86;311.1;508.8021933108843;300.66;Module 1,12_9;527.35;93,24;33,64;2,44;82,00;11,24
12,09.2019 12:50:06;31.6;1.84;314.1;377.95695940571954;300.59;Module 1,12_9;391.67;58,14;32,80;1,77;58,14;0,00
12,09.2019 12:51:59;32.1;1.84;314.1;382.96073084507026;300.59;Module 1,12_9;396.79;59,06;32,82;1,80;59,01;0,06
12,09.2019 12:53:53;32.5;1.84;314.1;373.13857377761406;300.6;Module 1,12_9;386.55;59,80;32,79;1,75;57,31;2,49
12,09.2019 12:55:50;32.4;1.88;314.1;390.5012135185102;300.35;Module 1,12_9;404.47;60,91;32,84;1,84;60,31;0,60
12,09.2019 12:57:44;32.5;1.91;314.1;395.5068632999085;299.91;Module 1,12_9;409.59;62,07;32,86;1,86;61,18;0,90
12,09.2019 12:59:38;32.7;2.07;314.1;417.8195798918104;299.43;Module 1,12_9;432.63;67,69;32,92;1,98;65,04;2,65
12,09.2019 13:01:31;33.9;2.04;313.6;420.35561198931197;299.17;Module 1,12_9;435.19;69,16;33,02;1,99;65,64;3,51
12,09.2019 13:03:26;32.9;2.12;313.6;425.36556906646433;298.89;Module 1,12_9;440.31;69,75;33,03;2,01;66,51;3,24
12,09.2019 13:05:19;32.7;1.66;313.6;333.90934499500247;298.87;Module 1,12_9;345.59;54,28;32,73;1,55;50,66;3,63
12,09.2019 13:32:15;33.5;1.6;308.1;324.6133919560616;297.28;Module 1,12_9;335.35;53,60;33,69;1,50;50,38;3,22
12,09.2019 13:34:08;33.6;1.63;308.1;329.6065110430721;297.42;Module 1,12_9;340.47;54,77;33,71;1,52;51,27;3,50
12,09.2019 13:36:02;33.4;1.48;308.1;299.6483522867839;297.51;Module 1,12_9;309.49;49,43;33,57;1,37;45,93;3,50
12,09.2019 13:37:55;33.3;1.53;308.1;302.45015867668707;297.67;Module 1,12_9;312.35;50,95;33,59;1,38;46,43;4,52
12,09.2019 14:12:31;33.4;1.52;307.6;307.400468011592;298.08;Module 1,12_9;316.94;50,77;33,70;1,41;47,42;3,34
12,09.2019 14:14:24;33.5;1.68;307.6;345.14467251422565;297.97;Module 1,12_9;355.83;56,28;33,86;1,60;54,16;2,12
12,09.2019 14:16:25;33.7;2.01;307;412.219877472648;298.16;Module 1,12_9;424.95;67,74;34,18;1,94;66,35;1,39
12,09.2019 14:18:19;34.6;2.5;307;553.8065712055483;298.46;Module 1,12_9;570.87;86,50;34,43;2,66;91,72;-5,22
12,09.2019 14:20:19;33.7;2.44;309.6;481.8194595249008;299.13;Module 1,12_9;496.63;82,23;33,87;2,30;77,84;4,39
12,09.2019 14:22:12;33.8;2.38;309.6;536.4943741559039;299.67;Module 1,12_9;552.95;80,44;33,95;2,58;87,51;-7,06
12,09.2019 14:24:05;33.9;4.82;309.6;1249.4274364476746;300.11;Module 1,12_9;1287.67;163,40;33,78;6,21;209,90;-46,51
12,09.2019 14:25:58;32.6;4.92;311.1;1251.9874500540432;301.14;Module 1,12_9;1290.23;160,39;33,52;6,23;208,71;-48,31
12,09.2019 14:27:50;30.9;1.99;311.1;407.4100079378577;301.84;Module 1,12_9;419.83;61,49;33,43;1,92;64,19;-2,70
12,09.2019 14:29:43;31.8;2.19;315.6;442.21503554446525;301.7;Module 1,12_9;455.67;69,64;32,70;2,10;68,73;0,92
12,09.2019 14:31:36;32.6;2.12;315.6;427.33227028421845;301.57;Module 1,12_9;440.31;69,11;32,67;2,03;66,17;2,94
12,09.2019 14:33:28;32.1;4.31;315.6;964.0455618959215;301.53;Module 1,12_9;993.27;138,35;32,95;4,76;156,95;-18,60
12,09.2019 14:35:33;31.8;3.54;315.6;676.7254454993193;301.73;Module 1,12_9;697.2;112,57;32,98;3,30;108,78;3,79
12,09.2019 14:37:44;31.5;1.66;315.6;337.94544458644657;301.73;Module 1,12_9;348.15;52,29;32,38;1,57;50,84;1,45
12,09.2019 14:47:18;33.9;4.16;315.6;834.0385204302702;299.55;Module 1,12_9;859.03;141,02;33,00;4,10;135,31;5,71
12,09.2019 14:49:11;35.1;4.89;313.6;1103.6052008530016;300.06;Module 1,12_9;1136.63;171,64;33,21;5,47;181,77;-10,13
12,09.2019 14:51:17;32.8;1.69;313.6;343.0198420043698;300.8;Module 1,12_9;353.27;55,43;32,77;1,59;52,23;3,20
12,09.2019 14:53:10;32.4;2.05;314.1;417.60608626635076;301.03;Module 1,12_9;430.07;66,42;32,92;1,97;65,00;1,42
12,09.2019 14:55:05;33.1;2.17;314.1;439.99319784014574;301.31;Module 1,12_9;453.11;71,83;32,98;2,09;68,87;2,95
12,09.2019 14:56:59;32.5;1.83;314.1;355.48408480533084;301.35;Module 1,12_9;366.07;59,48;32,73;1,66;54,26;5,22
12,09.2019 15:03:03;33;2.99;313.6;559.3830299675003;300.89;Module 1,12_9;575.99;98,67;33,26;2,70;89,72;8,95
12,09.2019 15:04:55;32.9;1.5;313.6;302.58412924367144;300.79;Module 1,12_9;311.56;49,35;32,59;1,39;45,24;4,11
12,09.2019 15:18:52;33.9;1.84;311.1;417.72780687407317;299.81;Module 1,12_9;430.07;62,38;33,46;1,97;66,01;-3,63
12,09.2019 15:20:46;34.5;3.89;311.1;755.8046829081206;300.21;Module 1,12_9;778.13;134,21;33,80;3,70;125,04;9,17
12,09.2019 15:22:43;32.8;5.26;311.1;1071.699584663806;301.33;Module 1,12_9;1103.35;172,53;33,68;5,31;178,81;-6,29
12,09.2019 15:24:36;31.7;1.63;311.1;561.9556341691193;301.62;Module 1,12_9;578.55;51,67;33,71;2,71;91,31;-39,64
12,09.2019 15:26:29;32.2;3.04;313.6;786.1074012526462;301.32;Module 1,12_9;809.32;97,89;33,36;3,86;128,60;-30,71
12,09.2019 15:28:22;33.2;4.91;313.6;1009.5388014390752;301.81;Module 1,12_9;1039.35;163,01;33,28;4,99;166,20;-3,19
12,09.2019 15:30:15;31.9;4.77;313.6;982.1835067733876;302.96;Module 1,12_9;1011.19;152,16;33,30;4,85;161,64;-9,48
12,09.2019 15:32:09;31.6;4.55;316.1;939.5573253302803;303.65;Module 1,12_9;967.31;143,78;32,88;4,64;152,49;-8,71
12,09.2019 15:34:06;31.3;4.61;316.1;950.5258834471765;304.52;Module 1,12_9;978.61;144,29;32,87;4,69;154,30;-10,01
12,09.2019 15:49:28;32.4;1.68;317.6;556.8937210133533;300.6;Module 1,12_9;573.43;54,43;32,54;2,69;87,45;-33,01
12,09.2019 16:35:40;33;1.34;309.6;449.3112876291845;299.19;Module 1,12_9;463.35;44,22;33,80;2,13;72,09;-27,87
12,09.2019 16:45:09;33.5;1.75;309.6;642.9573823356388;299.17;Module 1,12_9;663.42;58,63;34,04;3,12;106,25;-47,63
12,09.2019 16:47:02;34.7;1.68;309.6;342.33099769777243;299.63;Module 1,12_9;353.27;58,30;33,49;1,59;53,15;5,15
12,09.2019 16:54:34;33.8;3.86;309.6;500.8244514074896;299.96;Module 1,12_9;517.11;130,47;33,90;2,40;81,20;49,26
12,09.2019 17:43:12;33.6;2.38;307.6;483.03074854567956;297.85;Module 1,12_9;501.75;79,97;34,23;2,30;78,82;1,14
12,09.2019 17:47:07;33;2.54;307.6;559.0075512719437;298.76;Module 1,12_9;581.11;83,82;34,33;2,69;92,38;-8,56
12,09.2019 17:59:07;34.2;2.58;307.6;547.6773712049921;299;Module 1,12_9;570.87;88,24;34,32;2,63;90,36;-2,13
12,09.2019 18:01:03;34.1;2.56;308.1;530.2218449216396;299.82;Module 1,12_9;552.95;87,30;34,21;2,54;87,04;0,26
12,09.2019 18:04:54;34;2.29;309.6;340.84638603914186;300.03;Module 1,12_9;355.83;77,86;33,48;1,58;52,89;24,97
12,09.2019 18:06:51;33.9;2.39;309.6;502.40838885473335;300.62;Module 1,12_9;524.79;81,02;33,90;2,40;81,48;-0,46
12,09.2019 18:08:43;33.6;2.23;309.6;465.384775530703;301.13;Module 1,12_9;486.39;74,93;33,84;2,21;74,93;-0,01
12,09.2019 18:10:36;33.7;2.26;310.1;474.9027014931381;301.14;Module 1,12_9;496.63;76,16;33,77;2,26;76,43;-0,27
12,09.2019 18:18:11;33.2;1.59;310.1;344.2522988643972;299.78;Module 1,12_9;360.95;52,79;33,41;1,60;53,36;-0,57
12,09.2019 18:21:59;34.4;1.79;310.1;390.059025001986;299.83;Module 1,12_9;409.59;61,58;33,56;1,83;61,45;0,13
12,09.2019 18:23:53;34.4;1.79;310.1;392.184103584213;300.12;Module 1,12_9;412.15;61,58;33,57;1,84;61,82;-0,25
12,09.2019 18:25:45;34.3;1.81;310.1;391.8631034118338;300.49;Module 1,12_9;412.15;62,08;33,57;1,84;61,77;0,32
12,09.2019 18:27:38;34.2;1.82;310.1;393.956586566606;300.85;Module 1,12_9;414.71;62,24;33,58;1,85;62,13;0,11
12,09.2019 18:29:30;34.2;1.75;310.1;320.71235877635905;301.18;Module 1,12_9;337.91;59,85;33,31;1,48;49,21;10,64
12,09.2019 18:33:29;34.4;1.57;310.1;344.3004017400158;301.26;Module 1,12_9;363.51;54,01;33,41;1,60;53,37;0,64
12,09.2019 18:35:32;34;1.4;310.1;305.1464285616215;301.45;Module 1,12_9;322.54;47,60;33,23;1,40;46,47;1,13
13,09.2019 11:03:38;33.7;2.1;302;398.4743995550645;294.62;Module 1,12_9;419.83;70,77;35,04;1,87;65,40;5,37
13,09.2019 11:07:24;33.6;1.89;303.5;556.9026467433392;294.92;Module 1,12_9;586.23;63,50;35,05;2,68;93,84;-30,33
13,09.2019 11:09:20;34.2;1.65;304;347.9098561057274;295.14;Module 1,12_9;366.07;56,43;34,52;1,61;55,59;0,84
13,09.2019 11:11:13;34;2.01;304;651.4347966173962;295.69;Module 1,12_9;685.15;68,34;35,04;3,16;110,73;-42,39
13,09.2019 11:13:21;32.9;1.59;304;328.73740077211403;296.26;Module 1,12_9;345.59;52,31;34,44;1,51;52,10;0,21
13,09.2019 11:15:19;32.9;1.53;305.5;306.8264714340546;296.39;Module 1,12_9;322.42;50,34;34,07;1,40;47,79;2,55
13,09.2019 11:17:12;33.8;3.95;305.5;905.2875659752876;296.5;Module 1,12_9;950.92;133,51;34,77;4,46;154,97;-21,46
13,09.2019 11:21:22;33;3.2;307.6;470.7599227597089;296.79;Module 1,12_9;494.07;105,60;34,20;2,24;76,63;28,97
13,09.2019 11:23:15;34.1;2.77;307.6;505.0968194996512;297.51;Module 1,12_9;529.91;94,46;34,27;2,42;82,77;11,69
13,09.2019 11:25:10;33.8;1.85;308.1;353.9403511469961;298;Module 1,12_9;371.19;62,53;33,80;1,64;55,60;6,93
13,09.2019 11:27:10;32.6;1.51;308.1;309.97650964285174;297.96;Module 1,12_9;324.96;49,23;33,62;1,42;47,77;1,46
13,09.2019 11:29:02;33.4;1.97;309.6;400.61158456648496;297.86;Module 1,12_9;419.83;65,80;33,69;1,88;63,47;2,33
13,09.2019 11:30:56;33.3;2.41;309.6;527.8213380442862;298.03;Module 1,12_9;552.95;80,25;33,94;2,53;85,97;-5,72
13,09.2019 11:32:52;33.4;2.53;310.1;520.6711829884056;298.25;Module 1,12_9;545.27;84,50;33,84;2,50;84,50;0,00
13,09.2019 11:34:48;32.7;1.65;310.1;335.0025786986755;298.27;Module 1,12_9;350.71;53,95;33,37;1,55;51,73;2,23
13,09.2019 11:36:41;32.4;1.84;310.1;391.3730865162778;298.22;Module 1,12_9;409.59;59,62;33,57;1,84;61,68;-2,06
13,09.2019 11:38:34;33.2;1.7;310.1;347.45379541620406;298.25;Module 1,12_9;363.51;56,44;33,42;1,61;53,92;2,52
13,09.2019 11:40:28;32.9;2.19;310.1;403.861208348378;298.28;Module 1,12_9;422.39;72,05;33,60;1,90;63,88;8,17
13,09.2019 11:42:21;32.9;1.7;310.1;347.67147445811355;298.26;Module 1,12_9;363.51;55,93;33,42;1,61;53,96;1,97
13,09.2019 11:44:15;33.2;1.8;310.1;360.02398965121336;298.14;Module 1,12_9;376.31;59,76;33,47;1,68;56,14;3,62
13,09.2019 11:46:07;34.3;1.94;310.1;431.1784460436477;298.32;Module 1,12_9;450.55;66,54;33,67;2,04;68,71;-2,17
13,09.2019 11:48:01;33.9;3.66;310.1;655.904750662432;298.57;Module 1,12_9;685.17;124,07;33,96;3,19;108,25;15,82
13,09.2019 11:49:57;32.7;2.16;310.1;411.8223629959392;298.85;Module 1,12_9;430.07;70,63;33,63;1,94;65,29;5,34
13,09.2019 11:51:53;33.4;3.83;310.1;831.0964550893706;298.89;Module 1,12_9;867.67;127,92;33,98;4,08;138,70;-10,78
13,09.2019 11:53:47;32;1.62;311.1;336.0212416714372;299.3;Module 1,12_9;350.71;51,84;33,20;1,56;51,66;0,18
13,09.2019 11:55:43;32.7;2;311.1;640.2591152656681;299.19;Module 1,12_9;668.06;65,40;33,77;3,11;104,99;-39,59
13,09.2019 11:57:36;33.3;2.15;311.1;734.8284876084203;298.9;Module 1,12_9;766.53;71,59;33,80;3,59;121,41;-49,81
13,09.2019 11:59:28;31.2;1.85;311.1;380.47935247545354;299.21;Module 1,12_9;396.79;57,72;33,35;1,78;59,46;-1,74
13,09.2019 12:01:21;32.4;1.65;311.1;341.2915786463668;299.14;Module 1,12_9;355.83;53,46;33,21;1,58;52,58;0,88
13,09.2019 12:03:50;32.6;2.04;311.1;688.098730333594;299.4;Module 1,12_9;717.17;66,50;33,80;3,35;113,31;-46,80
13,09.2019 12:05:43;32.4;1.81;311.1;363.6027524728583;299.65;Module 1,12_9;378.87;58,64;33,30;1,70;56,50;2,15
13,09.2019 12:07:38;32.6;2.28;311.1;437.41708707610144;299.65;Module 1,12_9;455.67;74,33;33,51;2,07;69,47;4,86
13,09.2019 12:09:37;33.1;2.7;311.1;594.8450190776919;299.92;Module 1,12_9;619.51;89,37;33,74;2,88;97,06;-7,69
13,09.2019 12:11:29;32.9;2.44;313.6;472.0519830036334;300.4;Module 1,12_9;491.51;80,28;33,13;2,25;74,60;5,67
13,09.2019 12:13:25;33.1;2.08;313.6;425.439264418163;300.64;Module 1,12_9;442.87;68,85;33,03;2,01;66,52;2,32
13,09.2019 12:15:18;33.3;1.74;313.6;346.8229394187284;300.96;Module 1,12_9;360.95;57,94;32,78;1,61;52,89;5,05
13,09.2019 12:17:13;31.1;3.39;314.1;1025.9643284421015;300.99;Module 1,12_9;1067.51;105,43;33,18;5,08;168,48;-63,06
13,09.2019 12:19:06;31.9;1.86;314.1;383.89299368582516;301.1;Module 1,12_9;399.35;59,33;32,82;1,80;59,17;0,17
13,09.2019 12:21:22;31.4;2.16;315.6;563.6872527048564;300.38;Module 1,12_9;586.23;67,82;32,91;2,72;89,53;-21,71
13,09.2019 12:23:15;33.2;2.03;315.6;416.08260105706665;300.07;Module 1,12_9;432.63;67,40;32,64;1,97;64,24;3,15
13,09.2019 12:25:08;32.1;1.88;315.6;386.61880161958317;299.64;Module 1,12_9;401.91;60,35;32,56;1,82;59,19;1,16
13,09.2019 12:27:01;32.6;1.6;315.6;334.9733857789695;299.52;Module 1,12_9;348.15;52,16;32,38;1,55;50,33;1,83
13,09.2019 12:28:56;33.1;3.87;315.6;942.238369848469;299.47;Module 1,12_9;979.1;128,10;32,96;4,65;153,34;-25,24
13,09.2019 12:30:51;32.4;1.56;315.6;322.7902353953474;299.4;Module 1,12_9;335.35;50,54;32,32;1,49;48,25;2,30
13,09.2019 12:32:44;32.4;1.49;315.6;305.9384202087583;299.36;Module 1,12_9;317.78;48,28;32,24;1,41;45,36;2,91
13,09.2019 12:36:40;33.1;2.02;314.1;396.95075173024986;299.14;Module 1,12_9;412.15;66,86;32,86;1,87;61,43;5,43
13,09.2019 12:38:42;33.5;2.73;314.1;584.4536158355772;299.53;Module 1,12_9;606.71;91,45;33,20;2,83;93,80;-2,35
13,09.2019 12:40:35;33.3;1.76;313.6;350.23939942228964;299.68;Module 1,12_9;363.51;58,61;32,80;1,63;53,49;5,12
13,09.2019 12:42:30;32.4;1.72;313.6;370.0397431804407;299.72;Module 1,12_9;383.99;55,73;32,87;1,73;56,92;-1,19
13,09.2019 12:44:24;32.7;2.59;313.6;491.0105154665391;299.59;Module 1,12_9;509.43;84,69;33,16;2,35;77,89;6,80
13,09.2019 12:46:17;32.9;1.59;313.6;340.5562925493398;299.5;Module 1,12_9;353.27;52,31;32,76;1,58;51,81;0,50
13,09.2019 12:48:11;34.3;4.23;313.6;839.0474132770096;299.53;Module 1,12_9;870.22;145,09;33,36;4,12;137,58;7,51
13,09.2019 12:50:11;33.1;2.21;313.6;491.2695801338357;300.14;Module 1,12_9;509.43;73,15;33,16;2,35;77,93;-4,78
13,09.2019 12:52:03;32.4;3.57;313.6;548.1408288833793;300.07;Module 1,12_9;568.31;115,67;33,24;2,64;87,78;27,89
13,09.2019 12:54:00;32.4;2.12;315.6;427.22490823363;300.28;Module 1,12_9;442.87;68,69;32,67;2,02;66,15;2,53
13,09.2019 12:55:53;33.5;1.97;315.6;531.0318732655398;300.78;Module 1,12_9;550.39;66,00;32,87;2,55;83,95;-17,95
13,09.2019 12:57:53;31.5;1.6;315.6;323.6094378386363;300.79;Module 1,12_9;335.35;50,40;32,33;1,50;48,39;2,01
13,09.2019 12:59:50;32.1;1.88;315.6;370.60608592521464;300.6;Module 1,12_9;383.99;60,35;32,51;1,74;56,44;3,91
13,09.2019 13:01:46;32.1;1.49;315.6;304.3482541645511;300.21;Module 1,12_9;315.29;47,83;32,23;1,40;45,09;2,74
13,09.2019 13:20:47;33.2;1.58;309.6;301.4888379082608;297.71;Module 1,12_9;311.89;52,46;33,30;1,38;45,93;6,52
13,09.2019 13:22:43;33.1;2.54;309.6;512.3043790209115;297.81;Module 1,12_9;529.91;84,07;33,91;2,45;83,23;0,84
13,09.2019 13:32:19;35.2;4.47;309.6;950.6771344710924;297.82;Module 1,12_9;982.75;157,34;34,02;4,69;159,62;-2,28
13,09.2019 13:34:15;33.5;4.89;310.1;988.2091253889876;298.88;Module 1,12_9;1021.43;163,81;33,91;4,88;165,61;-1,79
13,09.2019 13:36:07;32.7;4.79;310.1;990.7944826115762;299.71;Module 1,12_9;1023.99;156,63;33,91;4,90;166,05;-9,42
13,09.2019 13:38:00;30.6;4.56;313.6;980.9929197690901;300.33;Module 1,12_9;1013.75;139,54;33,30;4,85;161,44;-21,91
13,09.2019 13:40:00;31.9;4.9;313.6;897.6410202650126;300.75;Module 1,12_9;927.51;156,31;33,34;4,42;147,47;8,84
13,09.2019 13:41:52;30.7;3.09;313.6;638.9279577709386;301.14;Module 1,12_9;660.12;94,86;33,33;3,10;103,43;-8,57
13,09.2019 13:43:45;32;4.53;317.6;1097.7749104692452;301.56;Module 1,12_9;1134.07;144,96;32,51;5,44;176,98;-32,02
13,09.2019 13:45:38;33.1;2.03;317.6;391.56450803927555;302.2;Module 1,12_9;404.47;67,19;32,21;1,84;59,42;7,78
13,09.2019 13:47:31;33.3;5.14;317.6;1040.9860800046363;302.34;Module 1,12_9;1075.19;171,16;32,55;5,16;167,80;3,36
13,09.2019 13:55:35;32.5;4.98;318.1;1031.4832264964157;301.32;Module 1,12_9;1064.95;161,85;32,47;5,11;165,81;-3,96
13,09.2019 13:57:27;32.3;4.91;318.1;1016.6946234017248;301.57;Module 1,12_9;1049.59;158,59;32,48;5,03;163,42;-4,82
13,09.2019 13:59:23;32;4.78;318.1;987.0246528798552;302.18;Module 1,12_9;1018.87;152,96;32,49;4,88;158,60;-5,64
13,09.2019 14:01:17;31.6;4.62;321.7;957.3460994574353;302.71;Module 1,12_9;988.15;145,99;31,87;4,73;150,75;-4,76
13,09.2019 14:03:09;31.4;4.56;321.7;941.6988190848487;303.23;Module 1,12_9;971.92;143,18;31,88;4,65;148,25;-5,06
13,09.2019 14:05:02;31.2;4.5;321.7;929.7397437734803;303.79;Module 1,12_9;959.5;140,40;31,88;4,59;146,33;-5,93
13,09.2019 14:06:55;31.1;4.57;323.7;944.3098698876256;304.06;Module 1,12_9;974.46;142,13;31,52;4,66;147,00;-4,87
13,09.2019 14:08:48;31.2;4.53;323.7;931.4636863956207;303.89;Module 1,12_9;961.13;141,34;31,52;4,60;144,97;-3,63
13,09.2019 14:10:38;31.1;4.58;323.7;944.8386890052193;304.1;Module 1,12_9;974.86;142,44;31,52;4,67;147,08;-4,65
13,09.2019 14:12:31;30.9;4.75;325.7;977.6400571343811;304.67;Module 1,12_9;1008.63;146,78;31,14;4,83;150,53;-3,75
13,09.2019 14:14:29;30.8;5.03;325.7;1044.7138953757253;305.19;Module 1,12_9;1077.75;154,92;31,09;5,18;160,94;-6,01
13,09.2019 14:16:21;30.3;5.04;326.2;1029.8953553212646;305.68;Module 1,12_9;1062.39;152,71;31,02;5,10;158,19;-5,47
13,09.2019 14:19:05;30.7;4.85;326.2;995.2482692909145;305.46;Module 1,12_9;1026.55;148,89;31,04;4,92;152,83;-3,93
13,09.2019 14:21:02;30.9;4.67;326.2;1005.2433339052803;305.64;Module 1,12_9;1036.79;144,30;31,03;4,97;154,37;-10,07
13,09.2019 14:23:24;30.9;4.91;326.2;1007.8046745843887;305.81;Module 1,12_9;1039.35;151,72;31,03;4,99;154,77;-3,05
13,09.2019 14:25:22;30.9;4.79;327.2;980.561267475393;305.92;Module 1,12_9;1011.19;148,01;30,87;4,85;149,67;-1,66
13,09.2019 14:27:16;30.5;5.34;327.2;1102.2668635296175;306.07;Module 1,12_9;1136.63;162,87;30,79;5,47;168,32;-5,45
13,09.2019 14:29:15;30.4;4.27;329.7;1114.7464519877024;306.09000000000003;Module 1,12_9;1149.43;129,81;30,33;5,53;167,70;-37,89
13,09.2019 14:31:16;31.3;5.76;329.7;1157.0211023350284;306.75;Module 1,12_9;1192.95;180,29;30,29;5,74;174,01;6,28
13,09.2019 14:33:09;30.7;3.27;331.7;407.2072202978975;307.05;Module 1,12_9;419.83;100,39;29,67;1,93;57,38;43,01
13,09.2019 14:35:02;30;1.83;331.7;360.04802901832477;306.68;Module 1,12_9;371.19;54,90;29,52;1,69;50,01;4,89
13,09.2019 14:36:56;31;1.79;331.7;360.06590412822646;306.02;Module 1,12_9;371.19;55,49;29,52;1,69;50,01;5,48
13,09.2019 14:39:06;31.4;1.89;327.2;384.9196200223209;305.35;Module 1,12_9;396.79;59,35;30,44;1,82;55,32;4,02
13,09.2019 14:40:59;31.8;2.05;327.2;409.7723162340068;304.92;Module 1,12_9;422.39;65,19;30,51;1,94;59,32;5,87
13,09.2019 14:42:52;31.8;1.6;325.7;320.3792424762668;304.37;Module 1,12_9;330.23;50,88;30,46;1,49;45,34;5,54
13,09.2019 14:48:37;32.1;1.45;321.7;291.8333913379308;303.1;Module 1,12_9;300.77;46,55;31,05;1,34;41,62;4,93
13,09.2019 14:50:30;32.5;1.57;321.7;320.42957523208725;302.93;Module 1,12_9;330.23;51,02;31,20;1,49;46,35;4,68
13,09.2019 14:52:24;32.5;1.7;319.6;531.5899985198482;302.81;Module 1,12_9;547.83;55,25;32,14;2,56;82,28;-27,03
13,09.2019 15:11:30;33.1;1.85;311.1;370.2108340430844;300.65;Module 1,12_9;381.43;61,24;33,32;1,73;57,66;3,58
13,09.2019 15:13:23;33.2;1.76;311.1;357.79183161839524;300.84;Module 1,12_9;368.63;58,43;33,27;1,67;55,48;2,95
13,09.2019 15:15:17;33.4;1.75;311.1;360.2804091542997;300.98;Module 1,12_9;371.19;58,45;33,29;1,68;55,91;2,54
13,09.2019 15:17:10;32.9;1.54;311.1;310.6849366678347;300.84;Module 1,12_9;320.09;50,67;33,08;1,43;47,21;3,45
13,09.2019 15:19:03;32.8;1.57;311.1;315.9380319360048;300.81;Module 1,12_9;325.5;51,50;33,11;1,45;48,13;3,36
13,09.2019 15:21:08;32.9;1.61;311.1;327.9850452315403;300.86;Module 1,12_9;337.91;52,97;33,16;1,52;50,25;2,72
13,09.2019 15:23:03;32.9;1.78;311.1;367.7427797926629;300.94;Module 1,12_9;378.87;58,56;33,31;1,72;57,22;1,34
13,09.2019 15:24:56;33.1;1.7;311.1;342.8946398651271;301.17;Module 1,12_9;353.27;56,27;33,22;1,59;52,86;3,41
13,09.2019 15:26:51;32.6;1.61;311.1;327.98504081896385;301.09;Module 1,12_9;337.91;52,49;33,16;1,52;50,25;2,24
13,09.2019 15:28:44;32.6;1.57;311.1;320.52923431001517;300.96;Module 1,12_9;330.23;51,18;33,13;1,48;48,94;2,24
13,09.2019 15:30:43;32.6;1.61;311.1;327.9813707264601;301.06;Module 1,12_9;337.91;52,49;33,16;1,52;50,25;2,24
13,09.2019 15:32:39;32.6;1.49;311.1;300.48105514127116;301.17;Module 1,12_9;309.58;48,57;33,03;1,38;45,43;3,15
14,09.2019 09:42:23;34.4;1.43;298;292.74105307917137;290.87;Module 1,12_9;319.58;49,19;35,34;1,32;46,78;2,41
14,09.2019 09:44:16;34.5;1.44;298;295.3979426919531;291.28;Module 1,12_9;322.04;49,68;35,36;1,34;47,28;2,40
14,09.2019 09:46:09;34.9;1.47;298;303.3112191192584;291.64;Module 1,12_9;330.23;51,30;35,40;1,38;48,76;2,55
14,09.2019 09:48:01;34.5;1.4;298;284.9814327568266;291.92;Module 1,12_9;309.88;48,30;35,30;1,28;45,33;2,97
14,09.2019 09:53:52;34.6;1.5;299.5;319.0091429463498;292.47;Module 1,12_9;345.59;51,90;35,20;1,46;51,36;0,54
14,09.2019 10:01:24;35.4;1.65;299.5;351.2395326466717;292.59;Module 1,12_9;378.87;58,41;35,34;1,62;57,35;1,06
14,09.2019 10:03:20;35.2;1.52;299.5;320.715686221042;292.83;Module 1,12_9;345.59;53,50;35,21;1,47;51,67;1,83
14,09.2019 10:05:13;35.2;1.68;300;351.94209161497787;293.05;Module 1,12_9;378.87;59,14;35,25;1,63;57,35;1,78
14,09.2019 10:07:05;35.1;1.8;300;376.07457795510345;293.39;Module 1,12_9;404.47;63,18;35,33;1,75;61,83;1,35
14,09.2019 10:09:03;35;1.83;300;388.348239057378;293.6;Module 1,12_9;417.27;64,05;35,37;1,81;64,11;-0,06
14,09.2019 10:10:58;34.8;1.84;301.5;395.8554496385562;293.75;Module 1,12_9;424.95;64,03;35,12;1,85;65,06;-1,03
14,09.2019 10:12:50;34.6;1.82;301.5;384.2625989226503;293.83;Module 1,12_9;412.15;62,97;35,09;1,79;62,92;0,05
14,09.2019 10:14:44;33.5;1.77;301.5;377.4242365604042;294.07;Module 1,12_9;404.47;59,30;35,06;1,76;61,66;-2,37
14,09.2019 10:16:46;33.5;1.96;301.5;406.4510674041316;294.33;Module 1,12_9;435.19;65,66;35,15;1,91;67,02;-1,36
14,09.2019 10:18:51;29.7;2.13;301.5;437.9206540426968;294.58;Module 1,12_9;468.47;63,26;35,23;2,07;72,82;-9,56
14,09.2019 10:20:44;33.5;2.09;301.5;435.8667916180765;294.73;Module 1,12_9;465.91;70,02;35,22;2,06;72,44;-2,43
14,09.2019 10:22:39;33.8;2.13;301.5;440.99706501791417;294.8;Module 1,12_9;471.03;71,99;35,23;2,08;73,39;-1,39
14,09.2019 10:24:33;33.9;2.24;303;467.7104967475073;294.84;Module 1,12_9;499.19;75,94;35,02;2,22;77,77;-1,83
14,09.2019 10:26:25;33.9;2.14;303;441.6420536410796;294.82;Module 1,12_9;471.03;72,55;34,97;2,09;73,00;-0,45
14,09.2019 10:28:18;34.1;2.35;303;489.9925592754828;294.91;Module 1,12_9;522.23;80,14;35,05;2,33;81,84;-1,71
14,09.2019 10:30:10;34;2.23;304;463.8868049282362;295.13;Module 1,12_9;494.07;75,82;34,84;2,20;76,71;-0,89
14,09.2019 10:32:03;33.9;2.15;304;442.5512321429348;295.28;Module 1,12_9;471.03;72,88;34,79;2,09;72,82;0,06
14,09.2019 10:34:04;33.9;2.54;305.5;527.1033988083111;295.43;Module 1,12_9;560.63;86,11;34,66;2,53;87,58;-1,47
14,09.2019 10:35:58;33.8;2.31;305.5;479.27408751970404;295.53;Module 1,12_9;509.43;78,08;34,59;2,28;78,95;-0,87
14,09.2019 10:37:51;33.7;2.09;305.5;428.96410352935663;295.59;Module 1,12_9;455.67;70,43;34,49;2,03;69,85;0,58
14,09.2019 10:39:45;34;2.55;306;537.7432415146568;295.51;Module 1,12_9;570.87;86,70;34,59;2,58;89,28;-2,58
14,09.2019 10:41:40;33.7;2.43;306;504.2887567601103;295.58;Module 1,12_9;535.03;81,89;34,55;2,41;83,26;-1,37
14,09.2019 10:43:33;33.7;2.02;307.6;436.98176914992786;295.5;Module 1,12_9;463.35;68,07;34,13;2,07;70,59;-2,52
14,09.2019 10:45:26;33.7;2.5;307.6;524.1956793148823;295.45;Module 1,12_9;555.51;84,25;34,29;2,51;86,18;-1,93
14,09.2019 10:47:26;33.8;2.51;307.6;519.6714880459908;295.51;Module 1,12_9;550.39;84,84;34,28;2,49;85,37;-0,53
14,09.2019 10:49:18;33.7;2.41;307.6;495.76772120717555;295.75;Module 1,12_9;524.79;81,22;34,25;2,37;81,10;0,12
14,09.2019 10:51:11;33.7;2.42;307.6;476.6742018803162;296.2;Module 1,12_9;504.31;81,55;34,22;2,27;77,69;3,87
14,09.2019 10:53:07;33.6;2.48;307.6;498.7184162842672;296.39;Module 1,12_9;527.35;83,33;34,25;2,38;81,63;1,70
14,09.2019 10:55:04;33.5;2.07;307.6;431.1577344662237;296.31;Module 1,12_9;455.67;69,34;34,13;2,04;69,55;-0,20
14,09.2019 10:56:56;33.6;2.26;307.6;462.8763903871711;296.3;Module 1,12_9;488.95;75,94;34,19;2,20;75,22;0,72
14,09.2019 10:58:49;33.5;2.17;308.1;441.2806506871922;296.33;Module 1,12_9;465.91;72,69;34,05;2,09;71,19;1,51
14,09.2019 11:00:42;33.6;2.36;308.1;487.5827582523317;296.39;Module 1,12_9;514.55;79,30;34,15;2,33;79,44;-0,15
14,09.2019 11:02:36;33.5;2.21;308.1;448.9817873575022;296.37;Module 1,12_9;473.59;74,03;34,07;2,13;72,56;1,48
14,09.2019 11:04:30;33.5;2.56;308.1;556.0264959623946;296.47;Module 1,12_9;586.23;85,76;34,24;2,68;91,63;-5,87
14,09.2019 11:06:36;33.6;2.91;309.6;612.1796832608234;296.59;Module 1,12_9;645.11;97,78;34,02;2,96;100,85;-3,07
14,09.2019 11:08:30;33.5;2.95;309.6;610.0211031454581;296.75;Module 1,12_9;642.55;98,83;34,02;2,95;100,47;-1,64
14,09.2019 11:10:23;33.3;2.96;309.6;615.1471564879806;296.98;Module 1,12_9;647.67;98,57;34,02;2,98;101,37;-2,80
14,09.2019 11:12:16;33.3;3.02;309.6;608.1098832300332;297.07;Module 1,12_9;639.99;100,57;34,02;2,94;100,13;0,44
14,09.2019 11:14:09;33.3;3.07;309.6;633.3338085585233;297.36;Module 1,12_9;666.26;102,23;34,04;3,07;104,56;-2,33
14,09.2019 11:16:07;32.9;2.77;310.1;579.4060648264203;297.69;Module 1,12_9;609.27;91,13;33,91;2,80;94,84;-3,71
14,09.2019 11:18:01;32.8;2.81;310.1;560.1550079373341;297.87;Module 1,12_9;588.79;92,17;33,88;2,70;91,45;0,71
14,09.2019 11:19:54;32.9;3.17;310.1;648.81897848327;297.77;Module 1,12_9;681.72;104,29;33,95;3,15;107,01;-2,72
14,09.2019 11:21:46;32.9;3.13;311.1;630.299697463486;298;Module 1,12_9;662.01;102,98;33,77;3,06;103,25;-0,27
14,09.2019 11:23:41;32.8;3.13;311.1;636.5606148035122;298.21;Module 1,12_9;668.33;102,66;33,77;3,09;104,34;-1,68
14,09.2019 11:25:34;33;3.23;311.1;641.8074117159181;298.29;Module 1,12_9;673.59;106,59;33,77;3,12;105,26;1,33
14,09.2019 11:27:27;32.8;3.46;311.1;709.2568696491996;298.54;Module 1,12_9;744.11;113,49;33,80;3,46;116,98;-3,49
14,09.2019 11:29:25;32.6;3.14;311.1;642.5643079175469;298.84;Module 1,12_9;673.89;102,36;33,77;3,12;105,39;-3,02
14,09.2019 11:31:21;32.6;3.42;313.6;704.8808451711593;298.88;Module 1,12_9;738.98;111,49;33,35;3,44;114,74;-3,25
14,09.2019 11:33:13;32.6;3.44;313.6;721.9994361386267;298.68;Module 1,12_9;756.67;112,14;33,36;3,53;117,67;-5,53
14,09.2019 11:35:07;32.6;3.82;314.1;784.2583454171994;298.95;Module 1,12_9;821.64;124,53;33,27;3,85;127,95;-3,42
14,09.2019 11:37:05;32.5;3.28;314.1;702.9953671047384;299.09;Module 1,12_9;736.25;106,60;33,27;3,43;114,13;-7,53
14,09.2019 11:38:59;32.3;3.19;314.1;656.1650600450434;299.5;Module 1,12_9;686.98;103,04;33,24;3,19;106,12;-3,08
14,09.2019 11:40:57;32.3;3.1;315.6;639.1654658788982;299.93;Module 1,12_9;668.96;100,13;32,97;3,11;102,40;-2,27
14,09.2019 11:42:50;32.4;2.65;315.6;533.380783016259;300;Module 1,12_9;558.07;85,86;32,87;2,57;84,35;1,51
14,09.2019 11:44:43;32.5;3.07;315.6;639.1021101555483;299.92;Module 1,12_9;668.48;99,77;32,97;3,11;102,39;-2,61
14,09.2019 11:46:37;32.6;3.22;315.6;659.7333792323451;299.75;Module 1,12_9;689.85;104,97;32,98;3,21;105,90;-0,93
14,09.2019 11:48:30;32.7;3.42;315.6;693.6305594663224;299.78;Module 1,12_9;725.08;111,83;32,99;3,38;111,65;0,18
14,09.2019 11:50:23;32.6;3.07;315.6;658.6755898595011;299.71;Module 1,12_9;688.34;100,08;32,98;3,21;105,72;-5,64
14,09.2019 11:52:17;32.5;3.24;315.6;650.4997035991513;299.77;Module 1,12_9;679.6;105,30;32,98;3,16;104,33;0,97
14,09.2019 11:54:09;32.5;3.23;315.6;657.6413865171495;299.76;Module 1,12_9;686.87;104,97;32,98;3,20;105,54;-0,57
14,09.2019 11:56:02;32.6;3.21;315.6;655.466928251621;299.76;Module 1,12_9;684.41;104,65;32,98;3,19;105,17;-0,53
14,09.2019 11:58:08;32.4;3.21;315.6;618.01559525433;299.86;Module 1,12_9;645.11;104,00;32,95;3,00;98,80;5,20
14,09.2019 12:00:00;32.5;3;315.6;593.6473478015722;299.77;Module 1,12_9;619.51;97,50;32,93;2,87;94,65;2,85
14,09.2019 12:01:55;32.5;3.2;315.6;655.74420301504;299.92;Module 1,12_9;684.13;104,00;32,98;3,19;105,22;-1,22
14,09.2019 12:03:50;32.4;3.44;315.6;714.7548266806766;300.02;Module 1,12_9;745.5;111,46;33,00;3,49;115,23;-3,77
14,09.2019 12:05:49;32.1;3.43;315.6;704.7794319942809;300.26;Module 1,12_9;734.9;110,10;33,00;3,44;113,54;-3,43
14,09.2019 12:07:44;32.1;3.22;315.6;658.9419507093716;300.43;Module 1,12_9;686.93;103,36;32,98;3,21;105,76;-2,40
14,09.2019 12:09:46;32.2;2.8;317.6;584.5999871376267;300.75;Module 1,12_9;609.27;90,16;32,56;2,83;92,13;-1,97
14,09.2019 12:11:46;32.1;3.3;317.6;652.4880429939349;300.61;Module 1,12_9;679.85;105,93;32,62;3,18;103,57;2,36
14,09.2019 12:13:43;32.4;3;317.6;619.2970853107507;300.59;Module 1,12_9;645.11;97,20;32,59;3,01;97,98;-0,78
14,09.2019 12:15:36;32.3;3.71;317.6;749.2702009277083;300.49;Module 1,12_9;780.32;119,83;32,65;3,67;119,78;0,05
14,09.2019 12:17:31;32.4;3.43;317.6;686.7851275097428;300.55;Module 1,12_9;715.08;111,13;32,63;3,35;109,33;1,81
14,09.2019 12:19:28;32;3.85;317.6;792.0300267872872;300.89;Module 1,12_9;824.47;123,20;32,65;3,89;126,90;-3,70
14,09.2019 12:21:28;32.2;3.78;317.6;775.5436180437644;301.23;Module 1,12_9;807.12;121,72;32,65;3,80;124,16;-2,44
14,09.2019 12:23:22;31.8;3.71;318.1;741.7381760140815;301.61;Module 1,12_9;771.77;117,98;32,55;3,63;118,21;-0,23
14,09.2019 12:25:14;32;3.8;318.1;804.3012539611057;301.94;Module 1,12_9;836.69;121,60;32,55;3,95;128,60;-7,00
14,09.2019 12:27:10;31.7;3.88;318.1;795.8683455949803;302.29;Module 1,12_9;827.74;123,00;32,55;3,91;127,20;-4,20
14,09.2019 12:29:10;31.8;3.67;318.1;750.9090441833059;302.63;Module 1,12_9;780.81;116,71;32,55;3,68;119,73;-3,03
14,09.2019 12:31:09;32.1;3.73;318.1;767.6134253134042;302.62;Module 1,12_9;798.01;119,73;32,55;3,76;122,51;-2,78
14,09.2019 12:33:10;31.7;3.63;319.6;747.5238686337846;302.59;Module 1,12_9;776.96;115,07;32,29;3,66;118,21;-3,14
14,09.2019 12:35:03;32;3.7;319.6;771.5634695604961;302.15;Module 1,12_9;801.79;118,40;32,29;3,78;122,17;-3,77
14,09.2019 12:37:04;31.8;3.69;320.1;796.9969381666989;302.25;Module 1,12_9;828.05;117,34;32,20;3,91;126,01;-8,67
14,09.2019 12:39:00;31.6;3.87;320.1;748.5738941781451;302.39;Module 1,12_9;777.59;122,29;32,20;3,67;118,06;4,23
14,09.2019 12:40:53;31.4;3.58;320.1;744.4566151445792;302.5;Module 1,12_9;773.17;112,41;32,20;3,65;117,38;-4,97
14,09.2019 12:42:47;31.5;3.7;321.7;762.2747590279845;302.62;Module 1,12_9;791.53;116,55;31,91;3,74;119,26;-2,71
14,09.2019 12:44:40;31.7;3.72;321.7;690.5170975233268;302.73;Module 1,12_9;716.89;117,92;31,89;3,37;107,53;10,39
14,09.2019 12:46:33;31.6;3.62;321.7;750.3683641773716;302.55;Module 1,12_9;778.89;114,39;31,91;3,68;117,32;-2,93
14,09.2019 12:48:25;31.6;3.86;321.7;773.063457917909;302.44;Module 1,12_9;802.31;121,98;31,91;3,79;121,02;0,96
14,09.2019 12:50:20;31.6;3.97;321.7;821.9132171794408;302.7;Module 1,12_9;852.86;125,45;31,91;4,04;128,95;-3,50
14,09.2019 12:52:21;31.3;3.87;322.2;783.1773441798009;302.96;Module 1,12_9;812.52;121,13;31,82;3,84;122,32;-1,19
14,09.2019 12:54:20;31.4;3.88;322.2;798.0629939623734;303.04;Module 1,12_9;827.82;121,83;31,82;3,92;124,73;-2,90
14,09.2019 12:56:13;31.6;4.04;323.7;806.8795172084201;303.17;Module 1,12_9;836.83;127,66;31,55;3,97;125,10;2,56
14,09.2019 12:58:05;31.5;4.21;323.7;861.859517663898;303.35;Module 1,12_9;893.71;132,62;31,54;4,25;133,90;-1,29
14,09.2019 13:00:00;31.4;3.93;323.7;808.099500050571;303.5;Module 1,12_9;837.83;123,40;31,55;3,97;125,30;-1,90
14,09.2019 13:01:53;31;2.4;323.7;311.25818194626856;303.22;Module 1,12_9;322.66;74,40;30,79;1,44;44,35;30,05
14,09.2019 13:05:39;33.3;3.73;322.2;766.5192878208231;301.8;Module 1,12_9;794.36;124,21;31,82;3,76;119,62;4,59
14,09.2019 13:07:51;32.1;4.15;322.2;886.0829409078274;302.05;Module 1,12_9;918.11;133,22;31,80;4,37;138,93;-5,71
14,09.2019 13:09:44;32;4.34;322.2;907.841050558659;302.33;Module 1,12_9;940.52;138,88;31,80;4,48;142,42;-3,54
14,09.2019 13:11:40;31.8;3.55;322.2;730.8512753902407;302.6;Module 1,12_9;757.05;112,89;31,81;3,58;113,82;-0,93
14,09.2019 13:13:33;31.3;3.91;322.2;877.5481763470204;302.99;Module 1,12_9;908.88;122,38;31,80;4,33;137,56;-15,17
14,09.2019 13:15:36;31.5;4.19;322.2;862.8836524462456;303.28;Module 1,12_9;893.56;131,99;31,81;4,25;135,20;-3,21
14,09.2019 13:17:32;31.3;4.16;323.7;828.1844109143232;303.25;Module 1,12_9;857.51;130,21;31,55;4,07;128,52;1,69
14,09.2019 13:19:33;31.3;4.17;323.7;875.6987806088215;303.35;Module 1,12_9;906.58;130,52;31,54;4,32;136,11;-5,59
14,09.2019 13:21:29;31.2;4.26;323.7;868.191803715242;303.76;Module 1,12_9;898.69;132,91;31,54;4,28;134,91;-2,00
14,09.2019 13:23:28;31.2;3.74;323.7;802.4995426095647;304.04;Module 1,12_9;830.58;116,69;31,55;3,94;124,40;-7,71
14,09.2019 13:25:21;30.9;3.73;323.7;802.5890056323939;303.7;Module 1,12_9;830.57;115,26;31,55;3,94;124,42;-9,16
14,09.2019 13:27:13;31.4;4.43;323.7;938.6424792243868;303.33;Module 1,12_9;971.25;139,10;31,52;4,64;146,10;-7,00
14,09.2019 13:29:07;31.2;4.39;323.7;906.55001240397;303.02;Module 1,12_9;937.93;136,97;31,53;4,47;141,02;-4,05
14,09.2019 13:31:00;30.9;4.23;325.7;876.7089473763342;303.32;Module 1,12_9;906.95;130,71;31,18;4,32;134,72;-4,02
14,09.2019 13:32:52;31;3.84;325.7;763.0395706141713;303.54;Module 1,12_9;789.27;119,04;31,19;3,74;116,72;2,32
14,09.2019 13:34:45;30.9;4.32;325.7;888.4904727329312;303.84;Module 1,12_9;918.93;133,49;31,17;4,38;136,58;-3,09
14,09.2019 13:36:47;30.9;3.94;325.7;840.3821815362256;304.45;Module 1,12_9;869.07;121,75;31,19;4,14;128,99;-7,25
14,09.2019 13:38:51;31;4.44;325.7;912.8405920432899;304.89;Module 1,12_9;943.89;137,64;31,16;4,51;140,40;-2,76
14,09.2019 13:40:44;31;4.5;326.2;930.3759444799977;305.17;Module 1,12_9;961.92;139,50;31,07;4,59;142,74;-3,24
14,09.2019 13:42:46;30.9;4.43;326.2;902.0023094181319;305.32;Module 1,12_9;932.48;136,89;31,08;4,45;138,30;-1,41
14,09.2019 13:44:41;30.8;4.1;326.2;853.0572002427529;305.55;Module 1,12_9;881.79;126,28;31,09;4,20;130,62;-4,34
14,09.2019 13:46:42;31;4.67;326.2;949.5514879669154;305.53;Module 1,12_9;981.43;144,77;31,06;4,69;145,73;-0,96
14,09.2019 13:48:35;30.9;4.38;326.2;915.4193890363327;305.89;Module 1,12_9;946.06;135,34;31,08;4,52;140,40;-5,06
14,09.2019 13:50:28;31;3.76;326.2;767.8832426486094;305.98;Module 1,12_9;793.51;116,56;31,09;3,77;117,16;-0,60
14,09.2019 13:52:21;31.1;4.35;326.2;709.4419623664239;305.95;Module 1,12_9;733.05;135,28;31,09;3,47;107,86;27,42
14,09.2019 13:54:34;31.2;1.77;326.2;332.01822541239727;305.31;Module 1,12_9;343.03;55,22;30,42;1,55;47,09;8,13
14,09.2019 13:58:13;31.4;1.63;323.7;332.07484287861865;303.83;Module 1,12_9;343.03;51,18;30,88;1,55;47,75;3,43
14,09.2019 14:00:07;33.3;3.29;323.7;797.549540311262;303.53;Module 1,12_9;823.79;109,56;31,55;3,92;123,61;-14,05
14,09.2019 14:02:11;31.7;1.48;323.7;304.39368332089134;303.02;Module 1,12_9;314.38;46,92;30,75;1,41;43,23;3,69
14,09.2019 14:04:06;32.1;1.93;321.7;532.9507222362477;302.5;Module 1,12_9;550.39;61,95;31,77;2,57;81,58;-19,62
14,09.2019 14:06:03;32.7;4.51;321.7;928.2346068304638;302.91;Module 1,12_9;958.53;147,48;31,88;4,58;146,09;1,39
14,09.2019 14:07:56;32.3;4.58;321.7;954.5128855190623;303.12;Module 1,12_9;985.59;147,93;31,87;4,72;150,30;-2,36
14,09.2019 14:09:51;31.9;4.64;321.7;954.5858552736428;303.76;Module 1,12_9;985.59;148,02;31,87;4,72;150,31;-2,29
14,09.2019 14:11:35;31.5;4.84;321.7;984.4058582466564;304.42;Module 1,12_9;1016.31;152,46;31,85;4,87;155,07;-2,61
14,09.2019 14:13:29;31.3;4.99;322.2;1011.7547609518401;304.87;Module 1,12_9;1044.47;156,19;31,75;5,01;158,97;-2,79
14,09.2019 14:15:21;30.8;4.75;322.2;959.744788293982;305.49;Module 1,12_9;990.71;146,30;31,77;4,74;150,71;-4,41
14,09.2019 14:17:27;30.8;4.73;325.7;957.3368931161885;306.43;Module 1,12_9;988.15;145,68;31,15;4,73;147,36;-1,68
14,09.2019 14:19:22;30.5;4.55;325.7;950.4150926100384;306.72;Module 1,12_9;980.94;138,78;31,15;4,70;146,28;-7,51
14,09.2019 14:21:19;30.5;4.67;325.7;951.1268603989821;307.24;Module 1,12_9;981.61;142,44;31,15;4,70;146,39;-3,96
14,09.2019 14:23:14;30.3;4.78;326.2;867.9779454302627;307.53;Module 1,12_9;895.74;144,83;31,09;4,28;132,96;11,87
14,09.2019 14:25:00;30.4;4.77;326.2;945.1445169539534;307.79;Module 1,12_9;975.32;145,01;31,06;4,67;145,04;-0,03
14,09.2019 14:26:53;30.4;4.91;327.2;1007.251899642067;308.09000000000003;Module 1,12_9;1039.35;149,26;30,85;4,98;153,79;-4,52
14,09.2019 14:55:45;33.3;2.7;311.1;600.7696848008516;300.61;Module 1,12_9;619.51;89,91;33,74;2,91;98,10;-8,19
14,09.2019 15:01:36;26.6;1.8;311.1;528.8163282263341;300.89;Module 1,12_9;545.27;47,88;33,67;2,54;85,51;-37,63
14,09.2019 15:03:35;30.7;1.73;311.1;605.7948706954382;301.2;Module 1,12_9;624.63;53,11;33,75;2,93;98,98;-45,87
14,09.2019 15:11:11;33.8;2.04;310.1;501.5487261986664;300.32;Module 1,12_9;517.11;68,95;33,81;2,40;81,13;-12,18
14,09.2019 15:13:04;28.8;4.35;310.1;902.4596750797155;300.42;Module 1,12_9;930.45;125,28;33,95;4,45;150,97;-25,69
14,09.2019 15:14:57;33.3;4.31;311.1;887.9766111429553;301.1;Module 1,12_9;915.51;143,52;33,78;4,37;147,74;-4,21
14,09.2019 15:16:51;32.4;3.85;311.1;811.9881390553812;302.07;Module 1,12_9;837.16;124,74;33,80;3,99;134,72;-9,98
14,09.2019 15:18:49;32.1;4.2;311.1;873.2916457926028;302.99;Module 1,12_9;900.36;134,82;33,79;4,30;145,23;-10,41
14,09.2019 15:20:42;31.8;4.22;315.6;868.8801792507388;303.85;Module 1,12_9;895.81;134,20;32,99;4,28;141,14;-6,94
14,09.2019 15:23:09;31.6;4.13;315.6;849.3839037929616;304.58;Module 1,12_9;875.71;130,51;33,00;4,18;137,88;-7,37
14,09.2019 15:25:01;31.6;4.09;318.1;842.3008835723831;304.85;Module 1,12_9;868.41;129,24;32,55;4,14;134,88;-5,64
14,09.2019 15:26:54;31.5;4.09;318.1;840.6670557402135;305.38;Module 1,12_9;866.73;128,84;32,55;4,13;134,61;-5,78
14,09.2019 15:28:48;31.4;4.13;321.7;850.3309084245784;305.72;Module 1,12_9;876.7;129,68;31,91;4,19;133,55;-3,87
14,09.2019 15:30:40;31.3;4.16;321.7;854.1345350308992;305.90999999999997;Module 1,12_9;880.63;130,21;31,91;4,20;134,16;-3,95
14,09.2019 15:32:33;31.2;4.11;321.7;842.3885485503375;306.42;Module 1,12_9;868.53;128,23;31,91;4,15;132,26;-4,03
14,09.2019 15:34:32;31.2;4.13;323.7;845.0818614798955;306.85;Module 1,12_9;871.32;128,86;31,55;4,16;131,22;-2,37
14,09.2019 15:36:27;31.1;4.17;323.7;850.5957583462225;307.09000000000003;Module 1,12_9;877.02;129,69;31,55;4,19;132,10;-2,42
14,09.2019 15:38:21;31.1;4.18;324.2;856.5633534712293;307.28;Module 1,12_9;883.19;130,00;31,45;4,22;132,68;-2,68
14,09.2019 15:40:14;31;4.17;324.2;851.2108603999151;307.42;Module 1,12_9;877.69;129,27;31,45;4,19;131,83;-2,56
14,09.2019 15:42:07;31;4.11;324.2;838.6411723210799;307.64;Module 1,12_9;864.75;127,41;31,45;4,13;129,82;-2,41
14,09.2019 15:44:01;30.9;4.06;325.7;829.6968315750116;307.93;Module 1,12_9;855.55;125,45;31,19;4,08;127,30;-1,85
14,09.2019 15:45:53;30.9;4.09;325.7;832.8829398892927;308.14;Module 1,12_9;858.86;126,38;31,19;4,10;127,81;-1,43
14,09.2019 15:48:04;30.9;4.18;326.2;852.6831288418382;307.62;Module 1,12_9;879.31;129,16;31,09;4,20;130,56;-1,40
14,09.2019 15:50:05;31;4.21;326.2;860.156953940263;307.35;Module 1,12_9;887.05;130,51;31,09;4,24;131,73;-1,22
14,09.2019 15:51:59;30.8;4.2;326.2;845.2502599130844;307.39;Module 1,12_9;871.71;129,36;31,09;4,16;129,39;-0,03
14,09.2019 15:53:52;30.8;1.63;326.2;325.1578597113328;307.37;Module 1,12_9;335.35;50,20;30,39;1,51;45,98;4,22
14,09.2019 16:07:06;33.2;2.24;317.6;597.9842340851089;301.76;Module 1,12_9;616.95;74,37;32,58;2,90;94,39;-20,02
14,09.2019 16:13:00;33.5;3.62;317.6;753.3935322919675;301.87;Module 1,12_9;777.45;121,27;32,65;3,69;120,47;0,80
14,09.2019 16:14:53;33.1;3.58;317.6;738.6777374813627;302.41;Module 1,12_9;762.32;118,50;32,65;3,61;118,01;0,49
14,09.2019 16:16:45;32.7;3.55;316.1;730.415142095275;303.1;Module 1,12_9;753.85;116,09;32,91;3,57;117,56;-1,48
14,09.2019 16:18:38;32.3;3.49;316.1;717.8686101963523;303.84;Module 1,12_9;740.96;112,73;32,91;3,51;115,45;-2,72
14,09.2019 16:20:33;32.2;3.51;316.1;718.9218717324384;304.37;Module 1,12_9;742.11;113,02;32,91;3,51;115,63;-2,60
14,09.2019 16:22:28;32;3.49;317.6;714.3830928247335;304.81;Module 1,12_9;737.49;111,68;32,64;3,49;113,95;-2,27
14,09.2019 16:24:36;31.9;3.48;317.6;710.2997982016557;305.19;Module 1,12_9;733.35;111,01;32,64;3,47;113,27;-2,25
14,09.2019 16:26:32;31.8;3.43;319.6;706.9282220792875;305.64;Module 1,12_9;729.94;109,07;32,28;3,45;111,50;-2,42
14,09.2019 16:28:25;31.6;3.42;319.6;708.4466694214586;305.9;Module 1,12_9;731.58;108,07;32,28;3,46;111,75;-3,67
14,09.2019 16:30:25;31.7;3.44;319.6;707.7207385425667;306.36;Module 1,12_9;730.91;109,05;32,28;3,46;111,63;-2,58
14,09.2019 16:32:22;31.7;3.46;321.7;706.3741972228211;306.6;Module 1,12_9;729.6;109,68;31,90;3,45;110,13;-0,45
14,09.2019 16:34:18;31.6;3.39;321.7;692.1213753601285;306.93;Module 1,12_9;714.96;107,12;31,90;3,38;107,80;-0,67
14,09.2019 16:36:12;31.6;3.35;321.7;684.5490197757317;307.32;Module 1,12_9;707.22;105,86;31,89;3,34;106,55;-0,69
14,09.2019 16:38:07;31.8;3.35;321.7;690.9210965016149;307.65999999999997;Module 1,12_9;713.89;106,53;31,89;3,37;107,60;-1,07
14,09.2019 16:39:59;31.9;3.35;321.7;686.9266309384487;307.5;Module 1,12_9;709.85;106,86;31,89;3,35;106,94;-0,08
14,09.2019 16:41:57;31.9;3.36;323.7;685.876470191903;307.02;Module 1,12_9;708.86;107,18;31,53;3,35;105,59;1,59
14,09.2019 16:43:49;32;3.36;323.7;686.5114150004952;306.72;Module 1,12_9;709.61;107,52;31,53;3,35;105,69;1,83
14,09.2019 16:45:42;31.8;3.34;323.7;682.1701120553914;306.9;Module 1,12_9;705.22;106,21;31,53;3,33;104,99;1,22
14,09.2019 16:47:42;31.8;3.22;323.7;655.1211274819202;306.8;Module 1,12_9;677.36;102,40;31,52;3,19;100,60;1,80
14,09.2019 16:49:35;32;3.12;323.7;631.2641745105349;306.18;Module 1,12_9;652.79;99,84;31,50;3,07;96,72;3,12
14,09.2019 16:51:36;32.2;3.03;322.2;613.8340795916821;305.67;Module 1,12_9;634.87;97,57;31,76;2,98;94,67;2,90
14,09.2019 16:53:32;32;3.03;322.2;616.2085152592997;305.43;Module 1,12_9;637.43;96,96;31,76;2,99;95,06;1,90
14,09.2019 16:55:26;32;3.06;321.7;616.1060606609716;305.2;Module 1,12_9;637.43;97,92;31,85;2,99;95,31;2,61
14,09.2019 16:57:20;31.9;2.98;321.7;601.156477351051;305.25;Module 1,12_9;622.07;95,06;31,84;2,92;92,84;2,22
14,09.2019 16:59:24;31.7;2.92;321.7;591.1461441940298;305.46;Module 1,12_9;611.83;92,56;31,83;2,87;91,19;1,37
14,09.2019 17:01:17;31.9;2.91;321.7;591.0380188193446;305.82;Module 1,12_9;611.83;92,83;31,83;2,86;91,17;1,66
14,09.2019 17:03:10;31.8;2.92;321.7;585.9811884875846;305.86;Module 1,12_9;606.71;92,86;31,83;2,84;90,34;2,52
14,09.2019 17:05:05;31.7;2.96;320.1;593.2807181758454;305.2;Module 1,12_9;614.39;93,83;32,13;2,87;92,35;1,49
14,09.2019 17:08:50;29.4;2.49;320.1;548.5593898556726;303.91;Module 1,12_9;568.31;73,21;32,07;2,65;84,89;-11,69
14,09.2019 17:10:46;32.7;2.87;318.1;587.9655086688066;303.75;Module 1,12_9;609.27;93,85;32,48;2,85;92,45;1,40
14,09.2019 17:12:42;32.4;2.81;318.1;565.6014081077599;303.65;Module 1,12_9;586.23;91,04;32,45;2,73;88,68;2,36
14,09.2019 17:14:35;32.4;2.66;318.1;550.6546767020395;303.72;Module 1,12_9;570.87;86,18;32,44;2,66;86,16;0,02
14,09.2019 17:16:33;32.6;2.55;318.1;533.2361852413068;303.83;Module 1,12_9;552.95;83,13;32,41;2,57;83,22;-0,09
14,09.2019 17:18:26;32.8;2.51;318.1;523.2319408181487;303.71;Module 1,12_9;542.71;82,33;32,40;2,52;81,53;0,79
14,09.2019 17:20:21;33;2.5;317.6;523.0959060698847;303.64;Module 1,12_9;542.71;82,50;32,49;2,52;81,73;0,77
14,09.2019 17:22:14;32.9;2.47;317.6;518.0240831297501;303.93;Module 1,12_9;537.59;81,26;32,48;2,49;80,87;0,39
14,09.2019 17:24:10;32.8;2.44;317.6;508.0142823894263;304.36;Module 1,12_9;527.35;80,03;32,47;2,44;79,17;0,86
14,09.2019 17:26:03;32.5;2.4;317.6;495.54356837005525;304.51;Module 1,12_9;514.55;78,00;32,45;2,37;77,06;0,94
14,09.2019 17:27:56;32.4;2.44;317.6;488.00467051553085;304.2;Module 1,12_9;506.87;79,06;32,44;2,34;75,78;3,27
14,09.2019 17:29:53;32.6;1.96;317.6;379.4382863859636;303.99;Module 1,12_9;394.23;63,90;32,17;1,78;57,36;6,54
14,09.2019 17:31:50;32.4;2.35;317.6;475.3781809883092;303.6;Module 1,12_9;494.07;76,14;32,41;2,27;73,64;2,50
14,09.2019 17:34:08;32.2;1.77;317.6;344.6943946807679;303.63;Module 1,12_9;358.39;56,99;32,05;1,61;51,47;5,53
14,09.2019 17:36:09;30.7;1.59;317.6;324.8794262210961;303.43;Module 1,12_9;337.91;48,81;31,97;1,50;48,11;0,70
14,09.2019 17:38:02;31.1;2.04;317.6;401.03868609296933;303.3;Module 1,12_9;417.27;63,44;32,24;1,89;61,02;2,42
14,09.2019 17:39:57;32.5;2.29;315.6;464.8380798735525;303.49;Module 1,12_9;483.83;74,42;32,76;2,22;72,61;1,82
14,09.2019 17:49:31;32.6;1.7;311.1;409.88760322696635;301.71;Module 1,12_9;427.51;55,42;33,44;1,93;64,63;-9,21
14,09.2019 17:51:25;34.1;2.04;311.1;434.23557572952797;301.98;Module 1,12_9;453.11;69,56;33,50;2,06;68,91;0,66
14,09.2019 17:53:21;33.9;2;311.1;424.2191865828178;302.36;Module 1,12_9;442.87;67,80;33,48;2,01;67,15;0,65
14,09.2019 17:55:22;33.6;1.98;311.1;416.64659155770687;302.71;Module 1,12_9;435.19;66,53;33,46;1,97;65,82;0,71
14,09.2019 17:57:14;33.5;1.95;311.1;411.5395998322796;303.23;Module 1,12_9;430.07;65,33;33,45;1,94;64,92;0,41
14,09.2019 17:59:07;33.3;1.92;311.1;408.87648585506247;303.6;Module 1,12_9;427.51;63,94;33,44;1,93;64,45;-0,52
14,09.2019 18:00:59;33.3;1.87;311.1;398.8685805236761;303.71;Module 1,12_9;417.27;62,27;33,41;1,88;62,69;-0,42
14,09.2019 18:02:53;33.3;1.86;311.1;396.1964836349695;303.85;Module 1,12_9;414.71;61,94;33,40;1,86;62,22;-0,29
14,09.2019 18:04:49;33.2;1.83;311.1;386.1815541364532;304.08;Module 1,12_9;404.47;60,76;33,38;1,81;60,46;0,29
14,09.2019 18:06:42;33.3;1.86;313.6;390.83206161960265;304.33;Module 1,12_9;409.59;61,94;32,94;1,84;60,52;1,42
14,09.2019 18:08:35;33.3;1.84;313.6;385.7022374274593;304.51;Module 1,12_9;404.47;61,27;32,92;1,81;59,63;1,64
14,09.2019 18:10:28;33.3;1.81;313.6;383.0085486598792;304.67;Module 1,12_9;401.91;60,27;32,91;1,80;59,17;1,11
14,09.2019 18:12:21;33.4;1.8;314.1;377.8699730553138;304.66;Module 1,12_9;396.79;60,12;32,80;1,77;58,13;1,99
14,09.2019 18:14:14;33.4;1.75;314.1;372.7275724089217;304.77;Module 1,12_9;391.67;58,45;32,79;1,75;57,24;1,21
14,09.2019 18:16:34;33.5;1.69;313.6;357.7783000237011;304.46;Module 1,12_9;376.31;56,61;32,83;1,67;54,79;1,82
14,09.2019 18:18:40;33.7;1.58;313.6;335.5782662831771;304.26;Module 1,12_9;353.27;53,25;32,74;1,56;50,95;2,30
15,09.2019 09:37:20;36;1.26;299.5;279.67864662194177;290.52;Module 1,12_9;307.02;45,36;35,01;1,26;44,06;1,30
15,09.2019 09:39:20;35.5;1.37;298;287.632968338878;290.98;Module 1,12_9;315.24;48,64;35,32;1,30;45,83;2,81
15,09.2019 09:41:13;35.5;1.44;298;296.77472308025324;291.34;Module 1,12_9;324.78;51,12;35,37;1,34;47,54;3,58
15,09.2019 09:43:10;35.5;1.49;298;306.88544624915767;291.6;Module 1,12_9;335.35;52,90;35,41;1,40;49,43;3,47
15,09.2019 09:48:52;32.1;1.54;294;326.9422307001492;292.42;Module 1,12_9;355.83;49,43;36,22;1,49;54,10;-4,67
15,09.2019 09:50:45;34.1;1.59;294;334.4156425461993;292.64;Module 1,12_9;363.51;54,22;36,24;1,53;55,53;-1,31
15,09.2019 09:52:37;34;1.62;297.5;341.8903825062746;292.71;Module 1,12_9;371.19;55,08;35,66;1,57;56,10;-1,02
15,09.2019 09:54:33;34.3;1.63;297.5;349.38416135154387;292.82;Module 1,12_9;378.87;55,91;35,68;1,61;57,51;-1,60
15,09.2019 09:56:26;34.9;1.6;297.5;345.05438251570865;292.98;Module 1,12_9;373.75;55,84;35,66;1,59;56,70;-0,86
15,09.2019 09:58:18;34.8;1.69;299.5;361.9938507350258;293.26;Module 1,12_9;391.67;58,81;35,37;1,68;59,35;-0,54
15,09.2019 10:00:12;34.7;1.71;299.5;367.1220610300559;293.53;Module 1,12_9;396.79;59,34;35,39;1,70;60,30;-0,97
15,09.2019 10:02:05;34.7;1.78;301.5;376.98795750686054;293.67;Module 1,12_9;407.03;61,77;35,06;1,76;61,58;0,18
15,09.2019 10:03:58;34.5;1.76;301.5;372.6218451425205;293.78;Module 1,12_9;401.91;60,72;35,05;1,73;60,78;-0,06
15,09.2019 10:05:51;34.5;1.81;301.5;384.8665178593569;293.89;Module 1,12_9;414.71;62,45;35,09;1,80;63,04;-0,59
15,09.2019 10:07:43;34.3;1.82;301.5;385.2306371880836;294.02;Module 1,12_9;414.71;62,43;35,09;1,80;63,10;-0,68
15,09.2019 10:09:39;34.3;1.9;301.5;402.25972491535543;294.1;Module 1,12_9;432.63;65,17;35,14;1,89;66,24;-1,07
15,09.2019 10:11:38;34.3;1.93;302;409.7895306835393;294.17;Module 1,12_9;440.31;66,20;35,07;1,92;67,48;-1,28
15,09.2019 10:13:39;33.8;2.02;302;417.32853576547654;294.35;Module 1,12_9;447.99;68,28;35,09;1,96;68,86;-0,59
15,09.2019 10:15:32;33;2.02;303.5;415.29754594395274;294.6;Module 1,12_9;445.43;66,66;34,81;1,95;68,02;-1,36
15,09.2019 10:17:25;33;1.99;303.5;410.86482324193014;294.85;Module 1,12_9;440.31;65,67;34,80;1,93;67,21;-1,54
15,09.2019 10:19:27;29.6;1.98;303.5;404.0507074586491;295.08;Module 1,12_9;432.63;58,61;34,79;1,90;65,96;-7,35
15,09.2019 10:21:23;32.7;2.07;303.5;428.30518296724955;295.28;Module 1,12_9;458.23;67,69;34,84;2,02;70,39;-2,70
15,09.2019 10:23:15;33.4;2.09;303.5;433.4199448367449;295.4;Module 1,12_9;463.35;69,81;34,86;2,05;71,33;-1,52
15,09.2019 10:25:12;33.5;2.17;305.5;450.5308115896786;295.64;Module 1,12_9;481.27;72,69;34,54;2,14;73,75;-1,06
15,09.2019 10:27:04;33.7;2.2;305.5;455.65272683818193;295.75;Module 1,12_9;486.39;74,14;34,55;2,16;74,68;-0,54
15,09.2019 10:28:57;33.7;2.17;305.5;451.1769595342367;295.99;Module 1,12_9;481.27;73,13;34,54;2,14;73,87;-0,74
15,09.2019 10:30:50;33.6;2.11;306;439.48219150461864;296.25;Module 1,12_9;468.47;70,90;34,43;2,08;71,58;-0,69
15,09.2019 10:32:57;33.6;2.24;306;466.2540631120388;296.53;Module 1,12_9;496.63;75,26;34,48;2,22;76,41;-1,15
15,09.2019 10:34:50;33.6;2.25;307.6;468.96671200009945;296.8;Module 1,12_9;499.19;75,60;34,20;2,23;76,31;-0,71
15,09.2019 10:36:42;33.5;2.27;307.6;471.67285075690415;296.93;Module 1,12_9;501.75;76,05;34,20;2,25;76,79;-0,75
15,09.2019 10:38:36;33.5;2.29;308.1;476.7886440116217;297.04;Module 1,12_9;506.87;76,72;34,13;2,27;77,52;-0,80
15,09.2019 10:40:32;33.5;2.34;308.1;484.31849209020663;296.98;Module 1,12_9;514.55;78,39;34,14;2,31;78,86;-0,47
15,09.2019 10:42:24;33.5;2.42;308.1;501.484242882693;297.02;Module 1,12_9;532.47;81,07;34,16;2,40;81,92;-0,85
15,09.2019 10:44:23;33.5;2.5;308.1;518.6820967455355;296.96;Module 1,12_9;550.39;83,75;34,20;2,49;84,98;-1,23
15,09.2019 10:46:16;33.5;2.52;308.1;526.2215693686801;296.96;Module 1,12_9;558.07;84,42;34,20;2,52;86,33;-1,91
15,09.2019 10:48:14;33.4;2.55;308.1;528.94528575906;297.03;Module 1,12_9;560.63;85,17;34,20;2,54;86,81;-1,64
15,09.2019 10:50:07;33.3;2.5;308.1;517.152336617014;297.07;Module 1,12_9;547.83;83,25;34,19;2,48;84,71;-1,46
15,09.2019 10:52:00;33.3;2.58;309.6;536.7735620507509;297.22;Module 1,12_9;568.31;85,91;33,95;2,58;87,56;-1,64
15,09.2019 10:54:06;33.3;2.59;309.6;539.5070788874395;297.37;Module 1,12_9;570.87;86,25;33,95;2,59;88,04;-1,79
15,09.2019 10:56:00;33.2;2.61;309.6;539.786353737619;297.5;Module 1,12_9;570.87;86,65;33,95;2,59;88,09;-1,44
15,09.2019 10:57:52;33.2;2.7;310.1;557.0078225244101;297.56;Module 1,12_9;588.79;89,64;33,88;2,68;90,90;-1,26
15,09.2019 10:59:45;33.2;2.75;310.1;569.3968883917975;297.57;Module 1,12_9;601.59;91,30;33,90;2,75;93,08;-1,78
15,09.2019 11:01:41;33.1;2.79;311.1;579.3752770252877;297.71;Module 1,12_9;611.83;92,35;33,73;2,80;94,36;-2,01
15,09.2019 11:03:34;33.1;2.83;311.1;584.4992933847918;297.87;Module 1,12_9;616.95;93,67;33,73;2,82;95,26;-1,58
15,09.2019 11:05:27;32.9;2.86;311.1;589.6223828555696;298.04;Module 1,12_9;622.07;94,09;33,73;2,85;96,15;-2,06
15,09.2019 11:07:22;32.9;2.88;311.1;589.8941042258097;298.08;Module 1,12_9;622.07;94,75;33,73;2,85;96,20;-1,45
15,09.2019 11:09:19;32.9;2.9;311.1;597.4511239578509;298.08;Module 1,12_9;629.75;95,41;33,74;2,89;97,52;-2,11
15,09.2019 11:11:11;32.8;2.92;311.1;600.1382615193953;298.24;Module 1,12_9;632.31;95,78;33,74;2,90;97,99;-2,21
15,09.2019 11:13:04;32.8;2.92;311.1;602.8247989341044;298.46;Module 1,12_9;634.87;95,78;33,75;2,92;98,46;-2,68
15,09.2019 11:15:00;32.7;2.78;313.6;542.2876627937871;298.51;Module 1,12_9;570.87;90,91;33,24;2,61;86,76;4,14
15,09.2019 11:16:52;32.5;2.95;313.6;608.1937575803502;298.35;Module 1,12_9;639.99;95,88;33,30;2,95;98,14;-2,26
15,09.2019 11:18:47;32.7;3;313.6;615.7437960957666;298.34;Module 1,12_9;647.67;98,10;33,31;2,99;99,44;-1,34
15,09.2019 11:20:40;32.6;3.03;313.6;623.290653563758;298.43;Module 1,12_9;655.35;98,78;33,31;3,02;100,74;-1,96
15,09.2019 11:22:30;32.7;3.07;313.6;633.1632616472857;298.63;Module 1,12_9;665.48;100,39;33,32;3,07;102,44;-2,05
15,09.2019 11:24:23;32.6;3.13;314.1;643.10229502624;298.92;Module 1,12_9;675.67;102,04;33,24;3,12;103,88;-1,84
15,09.2019 11:26:16;32.4;3.14;314.1;644.1319805584609;299.27;Module 1,12_9;676.5;101,74;33,24;3,13;104,05;-2,32
15,09.2019 11:28:10;32.4;3.18;314.1;650.8654425981603;299.4;Module 1,12_9;683.32;103,03;33,24;3,16;105,21;-2,18
15,09.2019 11:30:03;32.3;3.26;315.6;666.9731975198779;299.64;Module 1,12_9;699.98;105,30;32,98;3,25;107,13;-1,83
15,09.2019 11:31:55;32.3;3.24;315.6;661.0578538367845;299.64;Module 1,12_9;693.53;104,65;32,98;3,22;106,12;-1,47
15,09.2019 11:33:55;32.2;3.26;315.6;670.6448602576321;299.81;Module 1,12_9;703.33;104,97;32,98;3,27;107,75;-2,78
15,09.2019 11:35:47;32.2;3.33;315.6;681.3624562463967;299.92;Module 1,12_9;714.33;107,23;32,99;3,32;109,57;-2,34
15,09.2019 11:37:40;32.2;3.39;315.6;694.1746541642979;300.19;Module 1,12_9;727.52;109,16;32,99;3,39;111,74;-2,58
15,09.2019 11:39:33;32.1;3.41;317.6;697.255403161612;300.49;Module 1,12_9;730.51;109,46;32,63;3,40;111,08;-1,62
15,09.2019 11:41:34;32.1;3.4;317.6;695.8335269359422;300.71;Module 1,12_9;728.77;109,14;32,63;3,40;110,84;-1,70
15,09.2019 11:43:30;32;3.4;317.6;694.1099393462937;301.11;Module 1,12_9;726.73;108,80;32,63;3,39;110,55;-1,75
15,09.2019 11:45:25;31.9;3.43;317.6;701.0352784063584;301.38;Module 1,12_9;733.75;109,42;32,63;3,42;111,71;-2,30
15,09.2019 11:47:18;32.1;3.43;317.6;710.2986202173304;301.57;Module 1,12_9;743.22;110,10;32,64;3,47;113,27;-3,16
15,09.2019 11:49:22;32;3.5;318.1;724.1063382985288;301.61;Module 1,12_9;757.42;112,00;32,55;3,54;115,27;-3,27
15,09.2019 11:51:16;31.9;3.5;318.1;718.104086881663;301.67;Module 1,12_9;750.92;111,65;32,55;3,51;114,27;-2,62
15,09.2019 11:53:11;31.8;3.54;319.6;725.0197190233938;301.88;Module 1,12_9;757.93;112,57;32,28;3,55;114,49;-1,92
15,09.2019 11:55:05;31.8;3.53;319.6;727.1686336167664;302.1;Module 1,12_9;759.96;112,25;32,28;3,56;114,84;-2,59
15,09.2019 11:57:04;31.8;3.51;319.6;719.9728043980648;302.17;Module 1,12_9;752.22;111,62;32,28;3,52;113,65;-2,04
15,09.2019 11:58:57;31.8;3.48;320.1;717.3254893292155;302.25;Module 1,12_9;749.25;110,66;32,20;3,51;112,91;-2,24
15,09.2019 12:00:50;31.8;3.31;320.1;678.6466392715965;302.29;Module 1,12_9;708.66;105,26;32,18;3,31;106,52;-1,26
15,09.2019 12:02:45;31.8;3.37;321.7;701.4253482561332;302.21;Module 1,12_9;732.25;107,17;31,90;3,43;109,32;-2,15
15,09.2019 12:04:59;31.8;3.49;321.7;721.8772749421017;302.33;Module 1,12_9;753.37;110,98;31,91;3,53;112,67;-1,68
15,09.2019 12:06:53;31.8;3.58;321.7;739.6492600143679;302.56;Module 1,12_9;771.72;113,84;31,91;3,62;115,57;-1,73
15,09.2019 12:08:46;31.8;3.54;321.7;729.1346455993199;302.65;Module 1,12_9;760.56;112,57;31,91;3,57;113,85;-1,28
15,09.2019 12:10:43;31.8;3.53;321.7;723.7865079666624;302.64;Module 1,12_9;754.79;112,25;31,91;3,54;112,98;-0,72
15,09.2019 12:12:38;31.8;3.51;321.7;723.4362220034363;302.64;Module 1,12_9;754.24;111,62;31,91;3,54;112,92;-1,30
15,09.2019 12:14:31;31.8;3.64;321.7;753.3387364089788;302.87;Module 1,12_9;785.23;115,75;31,91;3,69;117,80;-2,05
15,09.2019 12:16:26;31.8;3.69;321.7;753.7665426528234;303.09;Module 1,12_9;785.49;117,34;31,91;3,69;117,87;-0,53
15,09.2019 12:18:20;31.5;3.71;321.7;768.9426199390751;303.21;Module 1,12_9;801.12;116,86;31,91;3,77;120,34;-3,48
15,09.2019 12:20:20;31.4;3.82;321.7;783.4598475204742;303.42;Module 1,12_9;816.05;119,95;31,91;3,84;122,71;-2,76
15,09.2019 12:22:14;31.4;3.86;323.7;790.567585087285;303.55;Module 1,12_9;823.27;121,20;31,55;3,88;122,49;-1,28
15,09.2019 12:24:07;31.3;3.88;323.7;797.7219758365716;303.88;Module 1,12_9;830.54;121,44;31,55;3,92;123,63;-2,19
15,09.2019 12:26:06;31.2;3.91;323.7;804.1650527974455;304.16;Module 1,12_9;837.06;121,99;31,55;3,95;124,67;-2,68
15,09.2019 12:28:06;31.1;3.87;323.7;793.9181892203544;304.27;Module 1,12_9;826.21;120,36;31,55;3,90;123,02;-2,67
15,09.2019 12:29:59;31.1;3.96;323.7;812.9196509479582;304.25;Module 1,12_9;845.81;123,16;31,55;4,00;126,07;-2,92
15,09.2019 12:31:52;31.1;4.02;324.2;821.3997415132287;304.43;Module 1,12_9;854.46;125,02;31,46;4,04;127,07;-2,05
15,09.2019 12:33:46;31;4.04;324.2;826.1320440419379;304.69;Module 1,12_9;859.21;125,24;31,46;4,06;127,83;-2,59
15,09.2019 12:35:49;30.9;4.02;325.7;826.317784784432;304.82;Module 1,12_9;859.22;124,22;31,19;4,06;126,77;-2,55
15,09.2019 12:37:42;30.9;4.02;325.7;824.2548538192424;305.08;Module 1,12_9;856.91;124,22;31,19;4,05;126,44;-2,22
15,09.2019 12:39:36;30.9;3.97;325.7;810.6449325862363;305.12;Module 1,12_9;842.6;122,67;31,19;3,99;124,29;-1,61
15,09.2019 12:41:28;31;3.84;326.2;785.2370332728607;304.96;Module 1,12_9;816.04;119,04;31,10;3,86;119,91;-0,87
15,09.2019 12:43:23;31;3.95;326.2;809.1168705149684;304.92;Module 1,12_9;840.7;122,45;31,10;3,98;123,69;-1,24
15,09.2019 12:45:18;31.1;4.03;325.7;831.6456730154556;304.85;Module 1,12_9;863.95;125,33;31,19;4,09;127,61;-2,28
15,09.2019 12:47:16;31;3.94;325.7;807.103773031585;304.38;Module 1,12_9;838.3;122,14;31,19;3,97;123,72;-1,58
15,09.2019 12:49:09;31;3.93;325.7;811.4232800389182;304.23;Module 1,12_9;842.64;121,83;31,19;3,99;124,41;-2,58
15,09.2019 12:51:02;30.9;4.14;326.2;853.1975628660998;304.3;Module 1,12_9;885.87;127,93;31,09;4,20;130,64;-2,71
15,09.2019 12:52:55;30.8;4.26;326.2;875.968389607161;304.85;Module 1,12_9;909.36;131,21;31,09;4,32;134,22;-3,01
15,09.2019 12:54:49;30.7;4.28;326.2;876.9525839433284;305.22;Module 1,12_9;910.23;131,40;31,09;4,32;134,37;-2,98
15,09.2019 12:56:42;30.8;4.41;326.2;902.9868701483388;305.61;Module 1,12_9;937.1;135,83;31,08;4,46;138,45;-2,63
15,09.2019 12:58:39;30.7;4.28;326.2;867.4385740089862;306.19;Module 1,12_9;900.06;131,40;31,09;4,27;132,88;-1,48
15,09.2019 13:00:32;30.5;4.22;326.2;846.6578539045083;306.5;Module 1,12_9;878.36;128,71;31,09;4,17;129,61;-0,90
15,09.2019 13:02:24;30.5;3.96;326.2;809.3626506806127;305.89;Module 1,12_9;839.54;120,78;31,10;3,98;123,73;-2,95
15,09.2019 13:04:18;30.9;4.16;327.2;857.6579635581024;305.77;Module 1,12_9;889.5;128,54;30,91;4,22;130,58;-2,04
15,09.2019 13:06:11;30.7;4.26;327.2;733.597250693886;305.89;Module 1,12_9;760.72;130,78;30,91;3,59;111,07;19,71
15,09.2019 13:08:26;30.6;3.97;327.2;839.6772363755637;305.54;Module 1,12_9;870.57;121,48;30,91;4,13;127,77;-6,29
15,09.2019 13:10:19;30.9;4.06;326.2;786.8188966041574;304.89;Module 1,12_9;815.65;125,45;31,10;3,86;120,16;5,29
15,09.2019 13:12:13;28.7;3.4;326.2;729.2169857820971;304.35;Module 1,12_9;755.83;97,58;31,09;3,57;111,01;-13,43
15,09.2019 13:14:06;31.6;4.06;325.7;836.057692335439;304.53;Module 1,12_9;866.45;128,30;31,19;4,11;128,31;-0,01
15,09.2019 13:17:56;31.6;3.98;325.7;850.4558523945747;304.35;Module 1,12_9;881.13;125,77;31,18;4,19;130,58;-4,81
15,09.2019 13:20:03;31.5;3.95;325.7;809.9116279017633;304.5;Module 1,12_9;839;124,43;31,19;3,98;124,17;0,26
15,09.2019 13:23:49;31.3;3.95;325.7;780.4649058059949;305.06;Module 1,12_9;808.29;123,64;31,19;3,83;119,50;4,14
15,09.2019 13:25:42;31.3;4.28;325.7;888.3523475240318;305.29;Module 1,12_9;919.91;133,96;31,17;4,38;136,55;-2,59
15,09.2019 13:27:35;31.1;4.09;325.7;856.2600735109236;305.64;Module 1,12_9;886.57;127,20;31,18;4,22;131,50;-4,30
15,09.2019 13:33:24;31.5;1.57;325.7;467.45757408071745;303.89;Module 1,12_9;483.83;49,46;30,92;2,24;69,17;-19,72
15,09.2019 13:35:17;32.3;4.3;325.7;901.2007493790755;303.78;Module 1,12_9;932.66;138,89;31,17;4,45;138,57;0,32
15,09.2019 13:37:15;31.9;4.71;325.7;969.7724247339328;304.41;Module 1,12_9;1003.51;150,25;31,14;4,79;149,30;0,95
15,09.2019 13:39:07;31.5;4.71;324.2;992.1439317764516;305.31;Module 1,12_9;1026.55;148,37;31,40;4,91;154,11;-5,74
15,09.2019 13:41:00;31;4.66;324.2;957.6064308217547;306.08;Module 1,12_9;990.71;144,46;31,41;4,73;148,68;-4,22
15,09.2019 13:42:52;31.1;4.67;325.7;938.6997783267575;306.55;Module 1,12_9;971.05;145,24;31,16;4,64;144,45;0,79
15,09.2019 13:44:45;30.8;4.66;325.7;948.8883230246704;306.77;Module 1,12_9;981.49;143,53;31,15;4,69;146,04;-2,52
15,09.2019 13:46:44;30.6;3.8;326.2;941.7940260576174;307.08;Module 1,12_9;974.05;116,28;31,06;4,65;144,52;-28,24
15,09.2019 13:48:41;27.7;4.48;326.2;940.3996788873851;307.25;Module 1,12_9;972.51;124,10;31,06;4,65;144,30;-20,20
15,09.2019 13:50:52;30.9;1.63;327.2;371.3522977885906;307.28;Module 1,12_9;383.99;50,37;30,39;1,75;53,14;-2,77
15,09.2019 13:54:38;30.8;3.66;327.2;883.1040613273819;305.82;Module 1,12_9;912.99;112,73;30,91;4,35;134,55;-21,83
15,09.2019 13:56:33;31.6;4.59;327.2;948.8476639348265;305.06;Module 1,12_9;980.87;145,04;30,88;4,69;144,77;0,27
15,09.2019 13:58:26;31.4;4.51;326.2;931.3805411938678;304.96;Module 1,12_9;962.73;141,61;31,07;4,60;142,89;-1,28
15,09.2019 14:00:24;31.1;4.47;326.2;921.6908094350717;305.32;Module 1,12_9;952.63;139,02;31,07;4,55;141,38;-2,36
15,09.2019 14:02:21;30.8;4.46;326.2;917.8797535313576;305.90999999999997;Module 1,12_9;948.61;137,37;31,07;4,53;140,78;-3,42
15,09.2019 14:04:19;30.7;4.31;327.2;887.4069780760966;306.11;Module 1,12_9;917.04;132,32;30,91;4,38;135,23;-2,91
15,09.2019 14:06:12;30.7;4.42;327.2;908.7576323827541;306.25;Module 1,12_9;939.03;135,69;30,90;4,48;138,55;-2,86
15,09.2019 14:08:06;30.7;4.43;327.2;911.5860208250912;306.67;Module 1,12_9;941.88;136,00;30,90;4,50;138,99;-2,99
15,09.2019 14:10:01;30.7;4.43;327.2;914.1909857310399;306.6;Module 1,12_9;944.5;136,00;30,89;4,51;139,39;-3,39
15,09.2019 14:11:56;30.9;4.37;327.2;910.3477241043772;306.36;Module 1,12_9;940.46;135,03;30,90;4,49;138,80;-3,76
15,09.2019 14:13:01;30.9;4.35;327.2;900.3464587510108;306.37;Module 1,12_9;930.09;134,41;30,90;4,44;137,24;-2,83
15,09.2019 14:14:55;30.7;4.37;327.2;904.659336059261;306.51;Module 1,12_9;934.48;134,16;30,90;4,46;137,91;-3,75
15,09.2019 14:16:49;30.9;4.44;327.2;916.5419785264407;306.40999999999997;Module 1,12_9;946.69;137,20;30,89;4,52;139,76;-2,56
15,09.2019 14:19:02;30.9;4.25;327.2;876.3049989308049;306.71;Module 1,12_9;905.06;131,32;30,91;4,32;133,49;-2,17
15,09.2019 14:20:56;30.8;4.25;327.2;879.2850379819381;307.17;Module 1,12_9;908.08;130,90;30,91;4,33;133,96;-3,06
15,09.2019 14:22:51;30.7;4.35;329.7;893.7875562099031;307.35;Module 1,12_9;923;133,54;30,45;4,41;134,23;-0,68
15,09.2019 14:24:44;30.6;4.28;329.7;874.9081014189669;307.53;Module 1,12_9;903.45;130,97;30,45;4,31;131,33;-0,36
15,09.2019 14:26:38;30.6;4.36;329.7;893.7177921658952;307.71;Module 1,12_9;922.82;133,42;30,45;4,41;134,22;-0,80
15,09.2019 14:28:32;30.6;4.32;329.7;885.777395085832;307.75;Module 1,12_9;914.57;132,19;30,45;4,37;133,00;-0,81
15,09.2019 14:30:27;30.5;4.35;330.2;887.3267800996374;307.83;Module 1,12_9;916.12;132,67;30,36;4,38;132,84;-0,16
15,09.2019 14:32:21;30.6;2.89;330.2;498.4037793433147;307.58;Module 1,12_9;514.55;88,43;30,16;2,40;72,28;16,15
15,09.2019 14:34:20;30.7;4.51;330.2;925.2649408899238;307.37;Module 1,12_9;955.19;138,46;30,34;4,57;138,63;-0,18
15,09.2019 14:36:13;30.6;4.44;330.2;915.7669514823097;307.25;Module 1,12_9;945.34;135,86;30,35;4,52;137,18;-1,32
15,09.2019 14:38:06;30.5;4.26;330.2;873.8418679830397;307.28;Module 1,12_9;902.02;129,93;30,36;4,31;130,77;-0,84
15,09.2019 14:40:04;30.7;4.21;330.2;852.1609437699367;306.85;Module 1,12_9;879.6;129,25;30,37;4,20;127,45;1,80
15,09.2019 14:41:58;30.8;4.18;330.2;863.8518266964838;306.86;Module 1,12_9;891.63;128,74;30,37;4,26;129,24;-0,50
15,09.2019 14:43:51;30.9;4.18;330.2;859.5356856797189;306.86;Module 1,12_9;887.14;129,16;30,37;4,23;128,58;0,58
15,09.2019 14:45:45;30.8;4.1;330.2;832.0412223625269;307.07;Module 1,12_9;858.73;126,28;30,37;4,09;124,35;1,93
15,09.2019 14:47:39;30.9;4.13;329.7;848.5530203508499;307.28;Module 1,12_9;875.74;127,62;30,46;4,18;127,27;0,35
15,09.2019 14:49:40;30.8;2.6;329.7;640.7060166127832;307.40999999999997;Module 1,12_9;661.21;80,08;30,41;3,12;94,93;-14,85
15,09.2019 14:51:32;31.3;4.05;329.7;830.4892877008702;307.57;Module 1,12_9;857.04;126,77;30,46;4,09;124,48;2,28
15,09.2019 14:53:26;30.9;3.68;329.7;749.0654104171861;307.59000000000003;Module 1,12_9;772.99;113,71;30,46;3,67;111,86;1,85
15,09.2019 14:55:20;31;3.99;329.7;818.2879076621788;307.75;Module 1,12_9;844.4;123,69;30,46;4,02;122,60;1,09
15,09.2019 14:57:18;30.9;4.03;329.7;825.1708711955395;308.09000000000003;Module 1,12_9;851.48;124,53;30,46;4,06;123,66;0,86
15,09.2019 14:59:11;30.9;3.96;329.7;811.5157974292672;308.40999999999997;Module 1,12_9;837.37;122,36;30,46;3,99;121,55;0,81
15,09.2019 15:01:12;30.8;3.95;329.7;813.6373134229063;308.03;Module 1,12_9;839.54;121,66;30,46;4,00;121,88;-0,22
15,09.2019 15:03:06;30.9;4;329.7;817.9173402834242;307.86;Module 1,12_9;843.94;123,60;30,46;4,02;122,54;1,06
15,09.2019 15:04:59;30.9;4.03;329.7;828.8830472579687;307.86;Module 1,12_9;855.24;124,53;30,46;4,08;124,24;0,29
15,09.2019 15:06:52;30.9;4.07;327.2;826.8310805106601;307.83;Module 1,12_9;853.11;125,76;30,91;4,07;125,75;0,01
15,09.2019 15:08:45;30.9;4.12;327.2;846.6039127851851;307.69;Module 1,12_9;873.5;127,31;30,91;4,17;128,85;-1,54
15,09.2019 15:10:40;30.9;4.03;327.2;828.5469456976615;307.56;Module 1,12_9;854.86;124,53;30,91;4,08;126,02;-1,50
15,09.2019 15:12:33;30.8;4.02;327.2;824.0762677508806;307.85;Module 1,12_9;850.24;123,82;30,91;4,05;125,32;-1,51
15,09.2019 15:14:26;30.8;3.99;327.2;814.7866658159855;307.96;Module 1,12_9;840.65;122,89;30,91;4,01;123,86;-0,97
15,09.2019 15:16:19;30.9;3.96;327.2;818.4054596426013;307.71;Module 1,12_9;844.38;122,36;30,91;4,03;124,43;-2,07
15,09.2019 15:18:22;31;4.01;327.2;826.0158362603233;307.65999999999997;Module 1,12_9;852.23;124,31;30,91;4,06;125,63;-1,32
15,09.2019 15:20:15;30.8;4.06;327.2;832.6743247420281;307.9;Module 1,12_9;859.1;125,05;30,91;4,10;126,67;-1,62
15,09.2019 15:22:30;30.8;4.01;329.7;821.0795895181035;308.17;Module 1,12_9;847.14;123,51;30,46;4,04;123,03;0,48
15,09.2019 15:24:25;30.9;3.92;329.7;804.7727947943445;308.14;Module 1,12_9;830.32;121,13;30,46;3,96;120,51;0,62
15,09.2019 15:26:18;30.9;3.92;329.7;805.4549468129408;308;Module 1,12_9;831.03;121,13;30,46;3,96;120,61;0,51
15,09.2019 15:28:11;31;3.87;329.7;796.6660007001608;308;Module 1,12_9;821.97;119,97;30,46;3,91;119,25;0,72
15,09.2019 15:30:06;31.1;3.89;329.7;799.7964117873034;307.83;Module 1,12_9;825.21;120,98;30,46;3,93;119,74;1,24
15,09.2019 15:32:00;31.1;3.87;327.2;802.0041703038332;307.7;Module 1,12_9;827.5;120,36;30,91;3,94;121,86;-1,50
15,09.2019 15:33:57;31.1;3.82;327.2;788.3732509205614;307.23;Module 1,12_9;813.45;118,80;30,91;3,87;119,71;-0,91
15,09.2019 15:35:50;31.1;3.83;327.2;787.3016006247442;307.33;Module 1,12_9;812.36;119,11;30,91;3,87;119,54;-0,43
15,09.2019 15:37:44;30.9;3.87;327.2;797.5182996387266;307.59000000000003;Module 1,12_9;822.92;119,58;30,91;3,92;121,15;-1,57
15,09.2019 15:39:37;30.9;3.84;327.2;791.8877676512849;308;Module 1,12_9;817.13;118,66;30,91;3,89;120,26;-1,61
15,09.2019 15:41:32;30.9;3.82;327.2;785.2279159620414;308.12;Module 1,12_9;810.28;118,04;30,91;3,86;119,22;-1,18
15,09.2019 15:43:26;31.1;3.78;327.2;778.0239153543823;307.96;Module 1,12_9;802.87;117,56;30,91;3,82;118,08;-0,52
15,09.2019 15:45:21;31.1;3.74;327.2;767.5331026244346;307.69;Module 1,12_9;792.07;116,31;30,91;3,77;116,43;-0,11
15,09.2019 15:47:14;31.2;3.74;327.2;768.5432890429621;307.85;Module 1,12_9;793.14;116,69;30,91;3,77;116,59;0,10
15,09.2019 15:49:28;31.2;3.73;327.2;769.6232987867868;308.13;Module 1,12_9;794.29;116,38;30,91;3,78;116,76;-0,38
15,09.2019 15:51:21;31.2;3.72;327.2;764.7572339807;307.89;Module 1,12_9;789.3;116,06;30,91;3,75;115,99;0,07
15,09.2019 15:53:15;31.2;3.7;327.2;764.4428248313423;307.75;Module 1,12_9;789.01;115,44;30,91;3,75;115,94;-0,50
15,09.2019 15:55:08;31.3;3.67;327.2;754.7871733270787;307.78;Module 1,12_9;779.08;114,87;30,91;3,70;114,42;0,45
15,09.2019 15:57:10;31.3;3.64;327.2;751.2402090102406;307.81;Module 1,12_9;775.46;113,93;30,91;3,68;113,86;0,08
15,09.2019 15:59:04;31.3;3.57;327.2;737.1930501785638;307.81;Module 1,12_9;761;111,74;30,91;3,61;111,64;0,10
15,09.2019 16:01:00;31.3;3.59;327.2;741.7815135523392;308.02;Module 1,12_9;765.78;112,37;30,91;3,63;112,36;0,00
15,09.2019 16:02:52;31.3;3.52;327.2;727.9457911429447;308.18;Module 1,12_9;751.54;110,18;30,91;3,56;110,17;0,00
15,09.2019 16:04:56;31.3;3.53;327.2;729.1268017600241;308.17;Module 1,12_9;752.81;110,49;30,91;3,57;110,36;0,13
15,09.2019 16:06:49;31.5;3.48;327.2;719.6563682487994;308.02;Module 1,12_9;743.08;109,62;30,91;3,52;108,86;0,76
15,09.2019 16:08:43;31.5;3.5;327.2;719.5199434674597;307.74;Module 1,12_9;742.99;110,25;30,91;3,52;108,84;1,41
15,09.2019 16:10:40;31.5;3.47;327.2;712.9596713617784;307.65999999999997;Module 1,12_9;736.27;109,31;30,91;3,49;107,80;1,50
15,09.2019 16:12:37;31.6;3.48;327.2;717.7846510981517;307.72;Module 1,12_9;741.31;109,97;30,91;3,51;108,57;1,40
15,09.2019 16:14:32;31.6;3.39;326.2;699.1868083215621;307.82;Module 1,12_9;722.16;107,12;31,09;3,42;106,23;0,90
15,09.2019 16:16:25;31.6;3.45;326.2;712.8962915765342;307.56;Module 1,12_9;736.38;109,02;31,09;3,49;108,41;0,61
15,09.2019 16:18:21;31.6;3.42;325.7;707.442086414406;307.12;Module 1,12_9;730.81;108,07;31,18;3,46;107,85;0,22
15,09.2019 16:20:23;31.6;3.38;325.7;700.4340869176895;307.3;Module 1,12_9;723.64;106,81;31,17;3,42;106,73;0,08
15,09.2019 16:22:16;31.6;3.33;325.7;689.1518190377462;307.59000000000003;Module 1,12_9;712.05;105,23;31,17;3,37;104,93;0,30
15,09.2019 16:24:08;31.6;3.35;325.7;693.6633410978899;307.71;Module 1,12_9;716.78;105,86;31,17;3,39;105,65;0,21
15,09.2019 16:26:05;31.6;3.35;325.7;690.7753506623869;307.65;Module 1,12_9;713.87;105,86;31,17;3,37;105,19;0,67
15,09.2019 16:27:58;31.7;3.29;325.7;680.1956329476819;307.64;Module 1,12_9;703.01;104,29;31,16;3,32;103,49;0,80
15,09.2019 16:29:51;31.7;3.24;325.7;668.5415514834476;307.78;Module 1,12_9;691.04;102,71;31,16;3,26;101,62;1,09
15,09.2019 16:31:44;31.7;3.21;325.7;666.6766907657802;308.03;Module 1,12_9;689.19;101,76;31,16;3,25;101,32;0,43
15,09.2019 16:33:38;31.7;3.21;325.7;664.3734766894381;307.92;Module 1,12_9;686.89;101,76;31,16;3,24;100,95;0,80
15,09.2019 16:35:35;31.8;3.19;325.7;661.7562287672897;307.73;Module 1,12_9;684.27;101,44;31,16;3,23;100,53;0,91
15,09.2019 16:37:28;31.9;3.15;325.7;659.2748493671077;307.03;Module 1,12_9;681.79;100,48;31,16;3,21;100,14;0,35
15,09.2019 16:39:21;32.2;3.03;325.7;633.62535196067;306.8;Module 1,12_9;655.35;97,57;31,14;3,08;96,01;1,55
15,09.2019 16:41:14;32.2;3.04;325.7;633.5397548433756;307.1;Module 1,12_9;655.35;97,89;31,14;3,08;96,00;1,89
15,09.2019 16:43:06;31.8;3.01;323.7;623.5540857135471;307.49;Module 1,12_9;645.11;95,72;31,49;3,03;95,47;0,25
15,09.2019 16:44:59;31.8;2.98;323.7;616.0415016512701;307.67;Module 1,12_9;637.43;94,76;31,49;2,99;94,24;0,52
15,09.2019 16:46:52;31.8;2.96;324.2;618.4229189162297;307.48;Module 1,12_9;639.99;94,13;31,40;3,01;94,37;-0,24
15,09.2019 16:48:45;31.8;2.97;324.2;615.8536844377345;307.42;Module 1,12_9;637.43;94,45;31,40;2,99;93,95;0,50
15,09.2019 16:50:44;31.7;2.93;324.2;603.3849200855211;307.68;Module 1,12_9;624.63;92,88;31,39;2,93;91,92;0,96
15,09.2019 16:52:37;31.8;2.92;323.7;603.2846405498689;307.85;Module 1,12_9;624.63;92,86;31,48;2,93;92,17;0,69
15,09.2019 16:54:43;31.6;2.93;323.7;600.6967668204501;307.92;Module 1,12_9;622.07;92,59;31,48;2,91;91,74;0,84
15,09.2019 16:56:37;31.5;2.89;323.7;590.7022636089143;307.92;Module 1,12_9;611.83;91,04;31,47;2,86;90,11;0,92
15,09.2019 16:58:34;31.4;2.86;323.7;583.1760097099984;308.14;Module 1,12_9;604.15;89,80;31,46;2,83;88,89;0,92
15,09.2019 17:00:28;31.6;2.81;323.7;578.1223942941455;308.3;Module 1,12_9;599.03;88,80;31,45;2,80;88,06;0,73
15,09.2019 17:02:24;32.1;2.77;323.7;573.0649325373183;308.42;Module 1,12_9;593.91;88,92;31,45;2,77;87,24;1,68
15,09.2019 17:04:28;31.1;2.8;323.7;565.5275854346932;308.63;Module 1,12_9;586.23;87,08;31,44;2,74;86,00;1,08
15,09.2019 17:06:21;31.2;2.76;323.7;553.0625565347968;308.48;Module 1,12_9;573.43;86,11;31,42;2,67;83,97;2,14
15,09.2019 17:08:14;31.7;2.7;323.7;550.4730935694604;308.17;Module 1,12_9;570.87;85,59;31,42;2,66;83,54;2,05
15,09.2019 17:10:07;32;2.74;322.2;547.8807459967004;307.92;Module 1,12_9;568.31;87,68;31,70;2,64;83,81;3,87
15,09.2019 17:12:00;31;2.71;322.2;540.3506423864751;307.62;Module 1,12_9;560.63;84,01;31,68;2,61;82,57;1,44
15,09.2019 17:13:53;31.7;2.62;322.2;535.286685792079;307.46;Module 1,12_9;555.51;83,05;31,67;2,58;81,74;1,32
15,09.2019 17:15:55;32.5;2.54;321.7;530.2101637034625;307.36;Module 1,12_9;550.39;82,55;31,76;2,55;81,12;1,43
15,09.2019 17:17:51;32.6;2.44;321.7;510.3456619511752;307.28;Module 1,12_9;529.91;79,54;31,73;2,45;77,83;1,71
15,09.2019 17:19:46;32.6;2.45;321.7;517.6013307858539;307.36;Module 1,12_9;537.59;79,87;31,74;2,49;79,04;0,83
15,09.2019 17:21:39;32.5;2.46;321.7;519.9224947796482;307.45;Module 1,12_9;540.15;79,95;31,74;2,50;79,42;0,53
15,09.2019 17:23:32;32.5;2.42;321.7;507.45691676855705;307.07;Module 1,12_9;527.35;78,65;31,73;2,44;77,36;1,29
15,09.2019 17:25:25;32.2;2.43;321.7;502.38176580282015;307.1;Module 1,12_9;522.23;78,25;31,72;2,41;76,51;1,73
15,09.2019 17:27:18;32;2.4;321.7;494.8426581137609;307.06;Module 1,12_9;514.55;76,80;31,70;2,37;75,27;1,53
15,09.2019 17:29:10;31.8;2.36;320.1;484.8432646571989;306.8;Module 1,12_9;504.31;75,05;31,98;2,32;74,25;0,80
15,09.2019 17:31:05;31.6;2.35;320.1;479.7616165520559;306.59000000000003;Module 1,12_9;499.19;74,26;31,97;2,30;73,40;0,86
15,09.2019 17:33:00;31.7;2.32;319.6;477.1373228957258;306.24;Module 1,12_9;496.63;73,54;32,05;2,28;73,16;0,39
15,09.2019 17:34:53;31.8;2.27;319.6;467.1360712042182;306.24;Module 1,12_9;486.39;72,19;32,03;2,23;71,48;0,71
15,09.2019 17:37:07;31.8;2.17;319.6;444.81688379088934;306.22;Module 1,12_9;463.35;69,01;31,98;2,12;67,73;1,27
15,09.2019 17:39:02;31.8;2.17;318.1;447.10319810428086;306.13;Module 1,12_9;465.91;69,01;32,27;2,13;68,66;0,34
15,09.2019 17:40:55;31.8;2.16;318.1;442.0175914153225;306.23;Module 1,12_9;460.79;68,69;32,25;2,10;67,80;0,89
15,09.2019 17:42:47;31.8;2.09;318.1;436.9314608382293;306.13;Module 1,12_9;455.67;66,46;32,24;2,08;66,94;-0,48
15,09.2019 17:44:43;32;2.08;318.1;434.2904208025645;306.05;Module 1,12_9;453.11;66,56;32,23;2,06;66,49;0,07
15,09.2019 17:46:42;32.6;1.99;318.1;424.28204145283695;306.2;Module 1,12_9;442.87;64,87;32,21;2,01;64,80;0,07
15,09.2019 17:48:36;33;1.96;318.1;419.1867852954463;306.2;Module 1,12_9;437.75;64,68;32,20;1,99;63,94;0,74
15,09.2019 17:50:28;33;1.93;318.1;414.09263738167766;306.28;Module 1,12_9;432.63;63,69;32,19;1,96;63,07;0,62
15,09.2019 17:52:21;33;1.91;317.6;406.5453201614396;306.26;Module 1,12_9;424.95;63,03;32,26;1,92;61,96;1,07
15,09.2019 17:54:14;33;1.87;317.6;398.9980466516753;306.33;Module 1,12_9;417.27;61,71;32,23;1,88;60,68;1,03
15,09.2019 17:56:10;33;1.82;317.6;393.8919751078008;306.28;Module 1,12_9;412.15;60,06;32,22;1,86;59,81;0,25
15,09.2019 17:58:11;33.1;1.79;317.6;383.8833380190486;305.98;Module 1,12_9;401.91;59,25;32,19;1,81;58,11;1,14
15,09.2019 18:00:04;33.1;1.75;317.6;376.33625056610697;305.8;Module 1,12_9;394.23;57,93;32,16;1,77;56,83;1,09
15,09.2019 18:02:04;33.2;1.71;317.6;366.3336020062595;305.8;Module 1,12_9;383.99;56,77;32,13;1,72;55,14;1,64
15,09.2019 18:03:58;33.2;1.67;317.6;361.2273291084673;305.85;Module 1,12_9;378.87;55,44;32,11;1,69;54,27;1,17
15,09.2019 18:05:51;33.3;1.62;317.6;351.2419750694148;305.93;Module 1,12_9;368.63;53,95;32,08;1,64;52,58;1,37
15,09.2019 18:07:44;33.3;1.59;317.6;346.1357172624929;305.96;Module 1,12_9;363.51;52,95;32,05;1,61;51,71;1,24
15,09.2019 18:09:39;33.3;1.55;317.6;338.5867324163218;305.75;Module 1,12_9;355.83;51,61;32,02;1,57;50,43;1,18
15,09.2019 18:11:34;33.4;1.5;315.6;331.0384076587742;305.36;Module 1,12_9;348.15;50,10;32,36;1,53;49,66;0,44
15,09.2019 18:13:26;33.5;1.47;315.6;323.4973772659418;305.14;Module 1,12_9;340.47;49,24;32,33;1,50;48,37;0,88
15,09.2019 18:15:20;33.6;1.43;315.6;318.38353935279923;304.97;Module 1,12_9;335.35;48,05;32,30;1,47;47,49;0,56
15,09.2019 18:17:13;33.7;1.41;315.6;313.2691376651106;304.89;Module 1,12_9;330.23;47,52;32,28;1,44;46,62;0,90
15,09.2019 18:19:05;33.6;1.39;315.6;307.78458315999256;304.78;Module 1,12_9;324.72;46,70;32,25;1,42;45,68;1,03
15,09.2019 18:20:59;33.6;1.35;314.1;300.2759042752301;304.49;Module 1,12_9;317.08;45,36;32,48;1,38;44,73;0,63
15,09.2019 18:22:51;33.6;1.32;314.1;293.4640200345995;304.44;Module 1,12_9;310.17;44,35;32,45;1,34;43,55;0,80
15,09.2019 18:24:50;33.6;1.27;314.1;284.7445221898763;304.44;Module 1,12_9;301.26;42,67;32,41;1,30;42,05;0,62
16,09.2019 09:37:55;36.7;1.58;295;342.39318997242293;287.84;Module 1,12_9;376.31;57,99;36,10;1,57;56,81;1,18
16,09.2019 09:39:49;36.6;1.71;295;354.5918377608417;288.47;Module 1,12_9;389.11;62,59;36,14;1,64;59,12;3,46
16,09.2019 09:41:44;36;1.8;295;376.158602911765;289.33;Module 1,12_9;412.15;64,80;36,22;1,75;63,22;1,58
16,09.2019 09:43:37;35.4;1.99;295;402.4391521132594;290.16;Module 1,12_9;440.31;70,45;36,29;1,88;68,22;2,22
16,09.2019 09:45:29;34.7;1.93;295;384.2511831627965;290.78;Module 1,12_9;419.83;66,97;36,24;1,79;64,76;2,21
16,09.2019 09:47:24;28.5;1.97;295;394.16399047694836;291.46;Module 1,12_9;430.07;56,14;36,27;1,84;66,65;-10,50
16,09.2019 09:49:17;29.6;1.98;295;399.3774182600767;291.99;Module 1,12_9;435.19;58,61;36,28;1,86;67,64;-9,03
16,09.2019 10:23:55;34.3;1.42;297.5;292.1250636566008;289.97;Module 1,12_9;312.57;48,71;35,43;1,32;46,77;1,94
16,09.2019 10:35:20;35.6;2.41;299.5;516.6075970348256;291.24;Module 1,12_9;550.39;85,80;35,72;2,47;88,12;-2,33
16,09.2019 10:37:14;34.7;2.06;299.5;449.6227163601751;291.96;Module 1,12_9;478.71;71,48;35,60;2,13;75,66;-4,18
16,09.2019 10:39:07;34.3;1.57;299.5;315.1740830891549;292.51;Module 1,12_9;335.35;53,85;35,19;1,44;50,64;3,21
16,09.2019 10:43:06;33.8;2.16;300;467.3576009927323;292.82;Module 1,12_9;496.63;73,01;35,55;2,22;78,78;-5,78
16,09.2019 10:44:59;34.8;2.02;301.5;371.2132733445118;293.48;Module 1,12_9;394.23;70,30;35,05;1,73;60,52;9,78
16,09.2019 10:48:45;33.6;1.42;301.5;285.5710167563581;293.63;Module 1,12_9;302.93;47,71;34,68;1,29;44,76;2,96
16,09.2019 11:06:10;33.9;1.5;303.5;298.9654758345117;293.75;Module 1,12_9;315.65;50,85;34,39;1,36;46,79;4,06
16,09.2019 11:08:03;33.9;1.54;303.5;306.0382812508462;293.73;Module 1,12_9;322.97;52,21;34,43;1,40;48,08;4,12
16,09.2019 11:09:56;33.9;1.52;304;303.0753191334518;293.76;Module 1,12_9;319.7;51,53;34,32;1,38;47,43;4,09
16,09.2019 11:34:43;33.9;1.45;304;291.9650603354875;294.32;Module 1,12_9;306.4;49,15;34,27;1,33;45,42;3,74
16,09.2019 11:36:38;33.9;1.59;304;322.10238859306264;294.5;Module 1,12_9;337.91;53,90;34,41;1,48;50,89;3,01
16,09.2019 11:38:34;33.9;1.72;305.5;346.6239261819168;294.69;Module 1,12_9;363.51;58,31;34,24;1,61;54,97;3,34
16,09.2019 11:40:29;34;2.79;305.5;551.8592572548821;295.05;Module 1,12_9;578.55;94,86;34,70;2,65;92,04;2,82
16,09.2019 11:42:22;34.3;2.54;305.5;515.3970931320184;295.49;Module 1,12_9;540.15;87,12;34,65;2,47;85,47;1,66
16,09.2019 11:44:19;33.7;2.43;305.5;474.0269247962707;295.95;Module 1,12_9;496.63;81,89;34,59;2,26;78,00;3,89
16,09.2019 11:46:28;34.4;2.28;305.5;415.53060971539924;296.29;Module 1,12_9;435.19;78,43;34,46;1,96;67,42;11,01
16,09.2019 12:05:05;33.9;2.65;306;470.61785032912746;295.67;Module 1,12_9;491.51;89,83;34,49;2,24;77,20;12,64
16,09.2019 12:10:08;33.6;2.92;307.6;608.2965118498573;296.32;Module 1,12_9;634.87;98,11;34,38;2,94;101,16;-3,04
16,09.2019 12:12:36;33.8;2.39;307.6;495.6241523234516;296.75;Module 1,12_9;517.11;80,78;34,25;2,37;81,07;-0,29
16,09.2019 12:15:29;33.3;1.96;308.1;370.6242285732499;297.32;Module 1,12_9;386.55;65,27;33,86;1,73;58,58;6,69
16,09.2019 12:20:22;33.3;2.29;309.6;454.34949092704835;297.2;Module 1,12_9;473.59;76,26;33,81;2,16;72,98;3,28
16,09.2019 12:22:41;33.2;2.09;309.6;479.04082925778954;297.71;Module 1,12_9;499.19;69,39;33,86;2,28;77,35;-7,96
16,09.2019 12:24:53;33.1;1.98;309.6;432.4745056039113;297.83;Module 1,12_9;450.55;65,54;33,77;2,05;69,11;-3,57
16,09.2019 12:28:29;33.1;2.28;309.6;457.23352917135014;298.11;Module 1,12_9;476.15;75,47;33,82;2,17;73,49;1,98
16,09.2019 12:30:39;32.8;2.21;310.1;447.50715690657074;298.47;Module 1,12_9;465.91;72,49;33,71;2,12;71,59;0,89
16,09.2019 12:32:38;32.8;3.13;310.1;585.3301583152606;298.6;Module 1,12_9;609.27;102,66;33,91;2,83;95,88;6,78
16,09.2019 12:35:24;32.8;2.46;311.1;523.998355946348;298.73;Module 1,12_9;545.27;80,69;33,66;2,51;84,66;-3,98
16,09.2019 12:37:58;32.9;3.47;311.1;682.6080609514554;299.06;Module 1,12_9;710.13;114,16;33,79;3,33;112,35;1,81
16,09.2019 12:39:52;32.9;3.37;313.6;561.1571933815592;299.29;Module 1,12_9;583.67;110,87;33,26;2,71;90,02;20,85
16,09.2019 12:42:13;32;2.13;313.6;425.8874919873091;299.47;Module 1,12_9;442.87;68,16;33,03;2,02;66,60;1,56
16,09.2019 12:44:36;31.8;1.55;313.1;308.88743096493704;299.49;Module 1,12_9;321.13;49,29;32,71;1,42;46,44;2,85
16,09.2019 12:46:38;32.3;1.7;313.1;347.25671473014233;299.39;Module 1,12_9;360.95;54,91;32,88;1,62;53,10;1,81
16,09.2019 12:48:42;32.6;2.24;313.6;504.9788831978278;299.4;Module 1,12_9;524.79;73,02;33,19;2,42;80,31;-7,28
16,09.2019 12:50:55;32.8;1.96;313.6;394.20800930516265;299.47;Module 1,12_9;409.59;64,29;32,95;1,85;61,11;3,18
16,09.2019 12:52:51;32.6;2.2;313.6;450.95538155329734;299.53;Module 1,12_9;468.47;71,72;33,09;2,14;70,95;0,77
16,09.2019 12:54:55;33;1.93;313.6;382.0251541211181;299.54;Module 1,12_9;396.79;63,69;32,91;1,79;58,99;4,70
16,09.2019 12:56:58;32.7;1.9;313.6;382.09319556542556;299.64;Module 1,12_9;396.79;62,13;32,91;1,79;59,01;3,12
16,09.2019 12:58:52;32.8;1.93;313.6;392.0174545646332;299.73;Module 1,12_9;407.03;63,30;32,94;1,84;60,73;2,58
16,09.2019 13:00:50;32.7;1.83;313.6;369.8882060911674;299.45;Module 1,12_9;383.99;59,84;32,87;1,73;56,89;2,95
16,09.2019 13:02:45;32.8;1.8;313.6;362.54744930838467;299.35;Module 1,12_9;376.31;59,04;32,84;1,69;55,62;3,42
16,09.2019 13:05:06;32.8;1.64;313.6;335.48095084073327;299.32;Module 1,12_9;348.15;53,79;32,74;1,56;50,93;2,86
16,09.2019 13:07:00;32.9;1.69;311.1;345.4002432257761;299.18;Module 1,12_9;358.39;55,60;33,23;1,60;53,30;2,30
16,09.2019 13:08:58;33.1;1.89;311.1;407.1427913740346;299.12;Module 1,12_9;422.39;62,56;33,43;1,92;64,15;-1,59
16,09.2019 13:10:51;33.5;2.1;311.1;426.94486478751674;299.21;Module 1,12_9;442.87;70,35;33,48;2,02;67,63;2,72
16,09.2019 13:12:50;33.7;2.15;312.1;434.41324182405765;299.53;Module 1,12_9;450.55;72,45;33,32;2,06;68,60;3,86
16,09.2019 13:14:50;33.1;3.29;312.1;663.4563327083383;299.83;Module 1,12_9;688;108,90;33,61;3,23;108,47;0,43
16,09.2019 13:16:53;32.7;2.33;313.6;469.1078722308365;300.18;Module 1,12_9;486.39;76,19;33,13;2,24;74,09;2,10
16,09.2019 13:18:57;32.6;1.76;313.6;350.6451753389282;300.3;Module 1,12_9;363.51;57,38;32,80;1,63;53,56;3,82
16,09.2019 13:21:04;32.6;1.87;313.6;372.92442074835844;300.13;Module 1,12_9;386.55;60,96;32,88;1,75;57,42;3,55
16,09.2019 13:23:02;33.2;2.08;313.6;419.9059283351402;300.12;Module 1,12_9;435.19;69,06;33,02;1,99;65,56;3,49
16,09.2019 13:25:02;32.8;1.96;313.6;392.7871776328218;300.1;Module 1,12_9;407.03;64,29;32,94;1,85;60,86;3,43
16,09.2019 13:26:57;32.9;2.14;313.6;434.83868471710673;300.07;Module 1,12_9;450.55;70,41;33,05;2,06;68,15;2,25
16,09.2019 13:28:50;33;2.16;313.6;442.30416957475774;299.95;Module 1,12_9;458.23;71,28;33,07;2,10;69,45;1,83
16,09.2019 13:30:45;32.9;3.57;313.6;754.4199692451476;300.05;Module 1,12_9;781.49;117,45;33,36;3,69;123,21;-5,75
16,09.2019 13:32:38;32.9;2.24;313.6;459.70991161536836;300.14;Module 1,12_9;476.15;73,70;33,11;2,19;72,47;1,23
16,09.2019 13:34:32;32.9;2.72;313.6;672.9827669799747;300.13;Module 1,12_9;696.97;89,49;33,34;3,28;109,28;-19,79
16,09.2019 13:36:25;33.1;3.75;313.6;808.5634927920308;300.52;Module 1,12_9;837.29;124,13;33,36;3,97;132,42;-8,29
16,09.2019 13:38:41;32.4;4.3;313.6;931.0289382980914;301.09;Module 1,12_9;963.98;139,32;33,32;4,59;153,08;-13,76
16,09.2019 13:40:35;31.9;4.72;317.6;974.257356040779;301.67;Module 1,12_9;1008.63;150,57;32,59;4,82;156,94;-6,38
16,09.2019 13:42:29;31.6;4.41;317.6;913.5004065534827;302.64;Module 1,12_9;945.63;139,36;32,62;4,51;146,99;-7,63
16,09.2019 13:44:22;31.3;4.69;317.6;1014.031702452682;303.49;Module 1,12_9;1049.59;146,80;32,57;5,02;163,43;-16,63
16,09.2019 13:46:25;31;4.44;321.7;1073.5069061135475;304.42;Module 1,12_9;1111.03;137,64;31,80;5,32;169,20;-31,56
16,09.2019 13:48:18;30.7;4.83;321.7;977.1342239515564;304.87;Module 1,12_9;1011.19;148,28;31,86;4,83;153,91;-5,63
16,09.2019 13:50:11;30.1;1.64;323.7;299.24024251060484;304.66;Module 1,12_9;309.64;49,36;30,73;1,38;42,38;6,98
16,09.2019 13:54:27;31.5;1.47;321.7;298.86769564116713;303.39;Module 1,12_9;309.19;46,30;31,09;1,38;42,78;3,52
16,09.2019 13:56:20;32;1.72;321.7;356.354890448741;302.94;Module 1,12_9;368.63;55,04;31,34;1,67;52,30;2,74
16,09.2019 13:58:18;32.3;1.84;321.7;371.23696838482044;302.47;Module 1,12_9;383.99;59,43;31,40;1,74;54,76;4,67
16,09.2019 14:03:21;32.5;1.8;319.6;393.5990751266553;301.16;Module 1,12_9;407.03;58,50;31,85;1,86;59,14;-0,64
16,09.2019 14:06:05;33.2;2.54;317.6;527.3376097924529;300.44;Module 1,12_9;545.27;84,33;32,50;2,54;82,45;1,88
16,09.2019 14:15:09;31.9;5.08;317.6;970.8447985072586;302.27;Module 1,12_9;1003.51;162,05;32,59;4,80;156,39;5,66
16,09.2019 14:18:14;31.5;5.08;321.7;1079.9344911952066;304.14;Module 1,12_9;1116.15;160,02;31,79;5,35;170,21;-10,19
17,09.2019 11:33:42;34.9;1.48;297.5;314.35361778687667;289.77;Module 1,12_9;330.23;51,65;35,54;1,43;50,93;0,72
17,09.2019 11:35:48;35.2;2;298;392.48803993497444;290.12;Module 1,12_9;412.15;70,40;35,73;1,83;65,46;4,94
17,09.2019 11:37:41;35.2;1.98;298;417.00962303896927;290.45;Module 1,12_9;437.75;69,70;35,80;1,96;70,06;-0,37
17,09.2019 11:39:41;34.6;1.96;298;400.0814813058297;291.05;Module 1,12_9;419.83;67,82;35,75;1,87;66,89;0,93
17,09.2019 11:41:34;34.6;1.74;300;358.726972905788;291.62;Module 1,12_9;376.31;60,20;35,27;1,66;58,61;1,59
17,09.2019 11:43:27;34.1;3.27;300;666.1833698393997;292.08;Module 1,12_9;698.61;111,51;35,75;3,23;115,54;-4,04
17,09.2019 11:45:20;33.9;1.64;301.5;332.0959546998887;292.56;Module 1,12_9;348.15;55,60;34,91;1,53;53,31;2,28
17,09.2019 11:47:18;33.8;1.91;301.5;378.6165452519515;292.64;Module 1,12_9;396.79;64,56;35,07;1,76;61,88;2,67
17,09.2019 11:49:12;34;1.91;301.5;398.2817628904452;292.66;Module 1,12_9;417.27;64,94;35,13;1,87;65,51;-0,57
17,09.2019 11:51:04;33.8;1.69;303.5;339.73908943049327;292.65;Module 1,12_9;355.83;57,12;34,58;1,57;54,22;2,90
17,09.2019 11:52:57;33.6;1.62;303.5;325.16992695302946;292.5;Module 1,12_9;340.47;54,43;34,52;1,49;51,57;2,86
17,09.2019 11:55:06;33.7;1.48;303.5;303.5906793135784;292.48;Module 1,12_9;317.77;49,88;34,41;1,38;47,64;2,24
17,09.2019 11:56:58;33.6;1.43;303.5;289.1123867778374;292.55;Module 1,12_9;302.53;48,05;34,34;1,31;45,00;3,05
17,09.2019 11:58:52;33.8;1.67;303.5;340.1445706698194;292.62;Module 1,12_9;355.83;56,45;34,58;1,57;54,30;2,15
17,09.2019 12:00:44;33.9;1.53;304;315.7591867264433;292.29;Module 1,12_9;330.23;51,87;34,38;1,45;49,74;2,13
17,09.2019 12:02:50;33.9;1.68;304;345.2370456052621;292;Module 1,12_9;360.95;56,95;34,51;1,60;55,10;1,85
17,09.2019 12:04:43;34;1.82;304;352.67628425736183;291.94;Module 1,12_9;368.63;61,88;34,53;1,63;56,45;5,43
17,09.2019 12:06:35;34;1.94;304;389.5150678554901;292;Module 1,12_9;407.03;65,96;34,66;1,82;63,16;2,80
17,09.2019 12:08:29;33.9;1.88;304;377.3634400324149;292.28;Module 1,12_9;394.23;63,73;34,62;1,76;60,95;2,78
17,09.2019 12:10:30;33.9;1.59;304;311.8877613900027;292.48;Module 1,12_9;325.74;53,90;34,37;1,43;49,04;4,87
17,09.2019 12:24:27;34;1.48;304;294.52240662684613;292.23;Module 1,12_9;307.07;50,32;34,28;1,34;45,88;4,44
17,09.2019 12:26:20;34.1;1.51;304;298.44317838523574;292.43;Module 1,12_9;311.09;51,49;34,30;1,36;46,59;4,90
17,09.2019 14:07:45;34.3;1.61;301.5;331.5474389894462;292.26;Module 1,12_9;343.03;55,22;34,90;1,52;53,21;2,01
17,09.2019 14:09:38;34.3;1.84;301.5;415.7044987403393;292.46;Module 1,12_9;430.07;63,11;35,17;1,95;68,72;-5,61
17,09.2019 14:11:30;34.5;2.79;301.5;601.3338705569852;292.67;Module 1,12_9;622.07;96,25;35,45;2,90;102,87;-6,62
17,09.2019 14:13:27;34.9;2.09;302;445.46206529147855;293.04;Module 1,12_9;460.79;72,94;35,15;2,11;74,04;-1,10
17,09.2019 14:15:19;33.9;1.61;302;331.64146381744695;293.25;Module 1,12_9;343.03;54,58;34,81;1,53;53,11;1,47
17,09.2019 14:17:13;33.8;1.58;303.5;324.2378345197833;293.25;Module 1,12_9;335.35;53,40;34,51;1,49;51,40;2,01
17,09.2019 14:19:06;33.9;1.88;303.5;443.074150311112;293.25;Module 1,12_9;458.23;63,73;34,88;2,10;73,09;-9,36
17,09.2019 14:21:10;35.3;2.63;303.5;586.6826152895968;293.16;Module 1,12_9;606.71;92,84;35,09;2,83;99,25;-6,41
17,09.2019 14:23:03;34;4.28;305.5;934.6995735945104;293.59;Module 1,12_9;966.55;145,52;34,75;4,61;160,12;-14,60
17,09.2019 14:24:59;33.5;4.79;305.5;987.828929062126;294.34;Module 1,12_9;1021.43;160,47;34,72;4,88;169,40;-8,93
17,09.2019 14:26:52;33.6;4.17;308.1;847.5293666970613;295.25;Module 1,12_9;876.31;140,11;34,33;4,16;142,96;-2,85
17,09.2019 14:28:49;33;4.07;308.1;864.2311034513904;296;Module 1,12_9;893.53;134,31;34,32;4,25;145,87;-11,56
17,09.2019 14:30:42;33.2;2.15;310.1;428.37001842982016;296.45;Module 1,12_9;442.87;71,38;33,66;2,03;68,21;3,17
17,09.2019 14:32:34;33;3.43;310.1;702.3607289582853;296.28;Module 1,12_9;726.1;113,19;33,98;3,42;116,37;-3,18
17,09.2019 14:34:27;31.8;2.73;310.1;537.3731300045265;296.03;Module 1,12_9;555.51;86,81;33,86;2,58;87,44;-0,63
17,09.2019 14:36:25;33.1;3.59;311.1;859.4346191332717;295.82;Module 1,12_9;888.4;118,83;33,80;4,23;142,86;-24,03
17,09.2019 14:38:19;32.7;3.12;311.1;645.2130837638703;295.6;Module 1,12_9;666.93;102,02;33,77;3,13;105,85;-3,83
17,09.2019 14:40:11;33;2.94;311.1;634.0355673531353;295.47;Module 1,12_9;655.35;97,02;33,77;3,08;103,90;-6,88
17,09.2019 14:42:05;32.9;2.61;311.1;510.2183558307435;295.49;Module 1,12_9;527.35;85,87;33,64;2,44;82,25;3,62
17,09.2019 14:43:58;33.7;2.87;311.1;574.6369213332888;295.48;Module 1,12_9;593.91;96,72;33,72;2,77;93,53;3,19
17,09.2019 14:45:56;33.6;3.08;311.1;433.46766160721916;295.6;Module 1,12_9;447.99;103,49;33,50;2,05;68,77;34,72
17,09.2019 14:47:49;33.2;1.82;311.1;453.2982886526057;295.74;Module 1,12_9;468.47;60,42;33,54;2,15;72,26;-11,83
17,09.2019 14:49:42;32.8;1.56;311.1;322.02201590788275;295.66;Module 1,12_9;332.79;51,17;33,13;1,48;49,20;1,97
17,09.2019 14:51:35;33.3;2.37;311.1;369.09845962111655;295.47;Module 1,12_9;381.43;78,92;33,32;1,72;57,46;21,46
17,09.2019 14:54:17;33.6;3.04;310.1;614.3670525574461;295.69;Module 1,12_9;634.87;102,14;33,94;2,98;100,98;1,17
17,09.2019 14:56:09;33.9;2.53;310.1;549.9689510277402;296.1;Module 1,12_9;568.31;85,77;33,88;2,65;89,66;-3,89
17,09.2019 14:58:03;33.8;3.81;310.1;778.9202731962943;296.5;Module 1,12_9;804.88;128,78;33,98;3,82;129,68;-0,90
17,09.2019 14:59:56;33.3;3.12;311.1;679.554809480734;296.76;Module 1,12_9;702.19;103,90;33,79;3,31;111,82;-7,93
17,09.2019 15:01:55;33.5;3;311.1;664.5947862406726;297.14;Module 1,12_9;686.72;100,50;33,79;3,23;109,22;-8,72
17,09.2019 15:03:48;33.4;3.04;311.1;634.7572348267882;297.46;Module 1,12_9;655.88;101,54;33,77;3,08;104,03;-2,49
17,09.2019 15:05:40;33.1;2.97;311.1;621.8637490062774;297.48;Module 1,12_9;642.55;98,31;33,76;3,02;101,78;-3,47
17,09.2019 15:07:46;33.4;2.33;311.1;455.8704289750625;297.36;Module 1,12_9;471.03;77,82;33,55;2,17;72,71;5,11
17,09.2019 15:09:40;33;3;311.1;557.4563471991481;296.91;Module 1,12_9;575.99;99,00;33,70;2,69;90,53;8,47
17,09.2019 15:11:33;33.7;3.13;311.1;655.0353609311014;296.5;Module 1,12_9;676.81;105,48;33,78;3,18;107,56;-2,08
17,09.2019 15:13:26;33.1;1.61;311.1;331.9947002751656;296.6;Module 1,12_9;343.03;53,29;33,18;1,54;50,95;2,34
17,09.2019 15:15:19;32.8;3.88;311.1;831.6467177078706;296.39;Module 1,12_9;859.29;127,26;33,80;4,09;138,09;-10,83
17,09.2019 15:17:18;33.1;3.46;311.1;704.8109425350093;296.64;Module 1,12_9;728.24;114,53;33,80;3,44;116,21;-1,68
17,09.2019 15:19:12;33.3;3.62;311.1;744.3335581414522;296.85;Module 1,12_9;769.08;120,55;33,80;3,64;123,05;-2,51
17,09.2019 15:21:05;33;2.69;311.1;550.0198199295435;297.12;Module 1,12_9;568.31;88,77;33,70;2,65;89,22;-0,45
17,09.2019 15:23:06;33.1;3.37;313.6;661.3216904350198;296.74;Module 1,12_9;683.32;111,55;33,34;3,22;107,28;4,27
17,09.2019 15:24:59;33.2;3.15;313.6;677.0597955559682;296.37;Module 1,12_9;699.59;104,58;33,34;3,30;109,98;-5,40
17,09.2019 15:26:52;33.2;3.14;311.1;795.322566757575;296.23;Module 1,12_9;821.8;104,25;33,80;3,90;131,85;-27,60
17,09.2019 15:28:44;33.4;4.37;311.1;927.3898189008901;296.6;Module 1,12_9;958.28;145,96;33,77;4,57;154,45;-8,50
17,09.2019 15:30:43;32.9;3.09;311.1;629.2569322261853;296.85;Module 1,12_9;650.23;101,66;33,77;3,05;103,07;-1,41
17,09.2019 15:32:36;33;4.22;313.6;825.042617661178;297.19;Module 1,12_9;852.56;139,26;33,36;4,05;135,21;4,05
17,09.2019 15:34:29;33.1;3.52;313.6;741.7130144686978;297.07;Module 1,12_9;766.47;116,51;33,36;3,63;121,04;-4,53
17,09.2019 15:36:23;33.1;2.28;313.6;500.39359627069894;297.14;Module 1,12_9;517.11;75,47;33,18;2,40;79,51;-4,05
17,09.2019 15:38:16;32.7;3.5;313.6;804.1803085653834;297.31;Module 1,12_9;831.07;114,45;33,36;3,95;131,67;-17,22
17,09.2019 15:40:08;32.9;2.72;314.1;665.6114989361198;297.16;Module 1,12_9;687.89;89,49;33,25;3,24;107,73;-18,25
17,09.2019 15:42:01;33.2;2.56;314.1;591.9939668841004;296.69;Module 1,12_9;611.83;84,99;33,20;2,86;95,10;-10,11
17,09.2019 15:43:54;31.1;3.25;313.6;562.2485692485864;296.48;Module 1,12_9;581.11;101,08;33,26;2,71;90,21;10,86
17,09.2019 15:45:47;33.2;2.97;313.6;629.0994369695184;296.32;Module 1,12_9;650.23;98,60;33,32;3,05;101,74;-3,13
17,09.2019 15:47:40;33.2;4.05;313.6;876.3259279911124;296.28;Module 1,12_9;905.8;134,46;33,34;4,32;143,88;-9,42
17,09.2019 15:49:32;33.2;3.63;314.1;796.8123045905427;296.9;Module 1,12_9;823.65;120,52;33,27;3,91;130,08;-9,57
17,09.2019 15:51:36;32.4;3.22;314.1;629.0087886750578;297.32;Module 1,12_9;650.23;104,33;33,23;3,05;101,46;2,87
17,09.2019 15:55:22;31.8;3.02;313.6;584.3693279436303;296.46;Module 1,12_9;604.15;96,04;33,28;2,83;94,03;2,00
17,09.2019 15:57:14;34.1;3.47;311.1;707.460134780148;296.35;Module 1,12_9;731.45;118,33;33,80;3,45;116,67;1,66
17,09.2019 15:59:07;33.5;3.05;311.1;618.9614889352448;296.67;Module 1,12_9;639.99;102,17;33,76;3,00;101,27;0,90
17,09.2019 16:01:02;33.1;1.68;311.1;356.4940849162298;296.64;Module 1,12_9;368.63;55,61;33,27;1,66;55,25;0,36
17,09.2019 16:02:55;33.8;3.9;311.1;784.9431158461855;297.02;Module 1,12_9;811.72;131,82;33,80;3,85;130,06;1,76
17,09.2019 16:04:48;33.1;3.51;311.1;679.4707060737555;297.35;Module 1,12_9;702.7;116,18;33,79;3,31;111,81;4,37
17,09.2019 16:08:36;33.3;3.64;311.1;756.1093463636635;297.46;Module 1,12_9;782.08;121,21;33,80;3,70;125,09;-3,88
17,09.2019 16:10:28;33.2;1.57;313.6;633.5361204687781;297.42;Module 1,12_9;655.35;52,12;33,32;3,08;102,50;-50,38
17,09.2019 16:12:21;33.4;3.13;313.6;654.7670548152636;297.47;Module 1,12_9;677.37;104,54;33,34;3,18;106,15;-1,61
17,09.2019 16:14:16;34.2;2.86;313.6;598.7832938698226;297.14;Module 1,12_9;619.51;97,81;33,30;2,90;96,52;1,30
17,09.2019 16:16:08;33.7;3.36;313.6;455.2289042278542;297.1;Module 1,12_9;471.03;113,23;33,09;2,17;71,69;41,54
17,09.2019 16:18:07;33.3;2.9;311.1;559.0849146264882;296.98;Module 1,12_9;578.55;96,57;33,70;2,69;90,81;5,76
17,09.2019 16:20:03;33.6;3.2;311.1;663.9525303050634;296.88;Module 1,12_9;687.14;107,52;33,79;3,23;109,11;-1,59
17,09.2019 16:22:10;33.3;3;311.1;618.3203473456157;296.85;Module 1,12_9;639.99;99,90;33,76;3,00;101,16;-1,26
17,09.2019 16:24:03;33.6;3.04;311.1;581.1567583225809;296.98;Module 1,12_9;601.59;102,14;33,73;2,81;94,67;7,47
17,09.2019 16:25:57;34.1;2.86;311.1;605.8175864422774;296.96;Module 1,12_9;627.19;97,53;33,75;2,93;98,98;-1,45
17,09.2019 16:27:51;33.2;2.51;313.6;494.48417784269714;296.93;Module 1,12_9;511.99;83,33;33,17;2,37;78,49;4,84
17,09.2019 16:31:40;33.5;2.1;311.1;452.33758317786254;296.28;Module 1,12_9;468.47;70,35;33,54;2,15;72,09;-1,74
17,09.2019 16:33:33;34.1;2.88;311.1;575.8537379435503;295.71;Module 1,12_9;596.47;98,21;33,73;2,78;93,74;4,46
17,09.2019 16:35:26;33.8;2.67;311.1;583.1885740460564;295.45;Module 1,12_9;604.15;90,25;33,73;2,82;95,03;-4,78
17,09.2019 16:37:48;33.8;2.46;311.1;474.37194863182003;295.93;Module 1,12_9;491.51;83,15;33,59;2,26;75,96;7,19
17,09.2019 16:39:41;33.3;3.01;310.1;558.2945003540892;296.35;Module 1,12_9;578.55;100,23;33,88;2,69;91,13;9,11
17,09.2019 16:41:34;33.6;2.08;310.1;427.29940834042293;296.7;Module 1,12_9;442.87;69,89;33,66;2,02;68,02;1,86
17,09.2019 16:43:27;33.7;2.31;310.1;513.66793740069;296.57;Module 1,12_9;532.47;77,85;33,83;2,46;83,27;-5,42
17,09.2019 16:45:21;33.9;2.98;310.1;629.6353423959955;296.74;Module 1,12_9;652.79;101,02;33,95;3,05;103,65;-2,63
17,09.2019 16:47:15;33.8;1.86;310.1;394.9942529070866;296.97;Module 1,12_9;409.59;62,87;33,58;1,86;62,32;0,55
17,09.2019 16:49:10;33.5;2.23;310.1;508.4672574948969;296.75;Module 1,12_9;527.35;74,70;33,82;2,43;82,35;-7,65
17,09.2019 16:51:05;33.6;1.55;310.1;340.5577418288819;296.85;Module 1,12_9;353.27;52,08;33,39;1,58;52,71;-0,63
17,09.2019 16:53:24;33.5;2.35;310.1;486.0502604375354;296.68;Module 1,12_9;504.31;78,73;33,78;2,32;78,40;0,33
17,09.2019 16:55:17;33.1;1.67;309.6;357.6804551657361;296.57;Module 1,12_9;371.19;55,28;33,55;1,67;55,86;-0,59
17,09.2019 16:57:10;33.3;2.2;309.6;456.26167857847753;296.65;Module 1,12_9;473.59;73,26;33,82;2,17;73,32;-0,06
17,09.2019 16:59:03;33.5;2.25;309.6;463.56420234188244;296.51;Module 1,12_9;481.27;75,38;33,84;2,21;74,61;0,76
17,09.2019 17:01:02;33.9;2;309.6;406.7582110318865;296.26;Module 1,12_9;422.39;67,80;33,70;1,92;64,55;3,25
17,09.2019 17:02:55;33.8;2.19;309.6;473.2149478934435;296.33;Module 1,12_9;491.51;74,02;33,85;2,25;76,32;-2,30
17,09.2019 17:04:48;34.2;2.19;309.6;460.78550439522456;296.6;Module 1,12_9;478.71;74,90;33,83;2,19;74,12;0,78
17,09.2019 17:06:40;33.8;2.7;309.6;561.6833281627929;296.68;Module 1,12_9;583.67;91,26;33,98;2,71;91,95;-0,69
17,09.2019 17:09:02;33.2;2.13;309.6;445.7578672311623;296.69;Module 1,12_9;463.35;70,72;33,80;2,11;71,46;-0,74
17,09.2019 17:10:55;33.3;1.83;309.6;393.9384171653071;296.64;Module 1,12_9;409.59;60,94;33,66;1,85;62,28;-1,34
17,09.2019 17:12:49;34.3;2.62;309.6;556.2939623595416;296.72;Module 1,12_9;578.55;89,87;33,97;2,68;91,00;-1,13
17,09.2019 17:14:42;34.1;2.3;309.6;487.2386279614385;296.85;Module 1,12_9;506.87;78,43;33,88;2,33;78,80;-0,37
17,09.2019 17:16:34;34.1;2.57;309.6;536.3060116904757;296.75;Module 1,12_9;558.07;87,64;33,95;2,58;87,47;0,16
17,09.2019 17:18:28;34.1;2.61;309.6;555.8242662553579;296.87;Module 1,12_9;578.55;89,00;33,97;2,68;90,92;-1,92
17,09.2019 17:20:21;34.1;2.09;309.6;464.68528693363845;296.88;Module 1,12_9;483.83;71,27;33,84;2,21;74,81;-3,54
17,09.2019 17:22:26;33.7;1.82;309.6;405.5368789781213;296.92;Module 1,12_9;422.39;61,33;33,70;1,91;64,34;-3,00
17,09.2019 17:24:23;33.6;1.68;309.6;353.80384808345764;296.71;Module 1,12_9;368.63;56,45;33,53;1,65;55,18;1,27
17,09.2019 17:26:15;33.5;1.65;309.6;373.33687753198944;296.59;Module 1,12_9;389.11;55,27;33,60;1,75;58,64;-3,36
17,09.2019 17:28:08;33.3;2.08;308.1;432.13752505332434;296.62;Module 1,12_9;450.55;69,26;34,03;2,04;69,55;-0,29
17,09.2019 17:30:01;33.2;1.49;308.1;305.8163017217921;296.58;Module 1,12_9;318.96;49,47;33,60;1,40;47,03;2,44
17,09.2019 17:31:53;33.2;1.65;308.1;321.41365102290035;296.5;Module 1,12_9;335.35;54,78;33,67;1,48;49,81;4,97
17,09.2019 17:41:40;33.9;1.68;305.5;335.4214614881579;295.18;Module 1,12_9;350.71;56,95;34,20;1,55;52,95;4,01
17,09.2019 17:43:34;34.1;1.63;305.5;347.5039440726696;295.28;Module 1,12_9;363.51;55,58;34,25;1,61;55,13;0,46
17,09.2019 17:53:06;34.8;1.42;305.5;300.74835090808136;295.08;Module 1,12_9;315.41;49,42;34,04;1,37;46,69;2,73
17,09.2019 17:55:10;34.8;1.54;305.5;331.76003097811633;295.14;Module 1,12_9;348.15;53,59;34,19;1,53;52,28;1,31
17,09.2019 17:57:03;34.8;1.45;305.5;304.02226690807197;295.23;Module 1,12_9;319.23;50,46;34,06;1,39;47,28;3,18
17,09.2019 17:58:56;34.9;1.97;305.5;428.82381731156295;295.53;Module 1,12_9;450.55;68,75;34,49;2,02;69,83;-1,07
17,09.2019 18:00:49;34.8;1.75;305.5;367.67616213885;295.85;Module 1,12_9;386.55;60,90;34,32;1,71;58,77;2,13
17,09.2019 18:03:00;34.4;1.39;305.5;289.5524703434355;295.67;Module 1,12_9;304.65;47,82;33,98;1,31;44,67;3,14
18,09.2019 09:32:26;37.1;1.19;294;278.67392275714195;283.82;Module 1,12_9;308.87;44,15;35,98;1,25;44,90;-0,76
18,09.2019 09:34:19;36.5;1.26;294;285.3738038978572;284.42;Module 1,12_9;315.73;45,99;36,02;1,28;46,18;-0,19
18,09.2019 09:36:14;35.8;1.28;294;292.0595112479817;284.96;Module 1,12_9;322.56;45,82;36,05;1,32;47,45;-1,63
18,09.2019 09:38:30;36.2;1.36;294;301.92393355625416;285.65;Module 1,12_9;332.79;49,23;36,10;1,37;49,33;-0,10
18,09.2019 09:40:22;35.6;1.4;294;307.05390314288775;286.21;Module 1,12_9;337.91;49,84;36,13;1,39;50,31;-0,47
18,09.2019 09:42:17;35.5;1.43;294;314.525044734462;286.64;Module 1,12_9;345.59;50,77;36,16;1,43;51,73;-0,97
18,09.2019 09:44:13;35.4;1.47;294;322.0057594246375;287.02;Module 1,12_9;353.27;52,04;36,20;1,47;53,16;-1,12
18,09.2019 09:46:15;34.7;1.56;295;331.85325596892335;287.32;Module 1,12_9;363.51;54,13;36,05;1,52;54,80;-0,67
18,09.2019 09:50:02;28;1.65;295;346.8246576476042;287.55;Module 1,12_9;378.87;46,20;36,12;1,60;57,65;-11,45
18,09.2019 09:51:55;32.7;1.67;293.4;351.96861917690796;287.89;Module 1,12_9;383.99;54,61;36,41;1,62;59,03;-4,42
18,09.2019 09:54:09;34.7;1.7;293.4;361.8929970194947;288.15;Module 1,12_9;394.23;58,99;36,45;1,67;60,93;-1,94
18,09.2019 09:56:02;35.2;1.71;295;369.39097805234763;288.39;Module 1,12_9;401.91;60,19;36,20;1,71;61,94;-1,75
18,09.2019 09:57:57;35.4;1.73;295;374.54490304738533;288.57;Module 1,12_9;407.03;61,24;36,21;1,74;62,92;-1,68
18,09.2019 09:59:49;35.4;1.78;297.5;384.402287669456;288.82;Module 1,12_9;417.27;63,01;35,80;1,79;64,09;-1,08
18,09.2019 10:01:43;35.4;1.81;297.5;389.5541991062419;288.99;Module 1,12_9;422.39;64,07;35,81;1,82;65,06;-0,98
18,09.2019 10:03:36;35.3;1.84;297.5;394.70059512140097;289.15;Module 1,12_9;427.51;64,95;35,83;1,84;66,02;-1,07
18,09.2019 10:05:29;35.2;1.86;298;402.2113622693601;289.46;Module 1,12_9;435.19;65,47;35,76;1,88;67,29;-1,81
18,09.2019 10:07:23;35.2;1.9;298;407.36056203538965;289.48;Module 1,12_9;440.31;66,88;35,77;1,91;68,25;-1,37
18,09.2019 10:09:16;35.1;1.94;299.5;417.24604296595726;289.57;Module 1,12_9;450.55;68,09;35,53;1,96;69,64;-1,54
18,09.2019 10:11:09;35.1;1.98;299.5;424.76604972696634;289.46;Module 1,12_9;458.23;69,50;35,55;2,00;71,04;-1,54
18,09.2019 10:13:02;35;2.01;299.5;429.9136184287925;289.58;Module 1,12_9;463.35;70,35;35,56;2,02;71,99;-1,64
18,09.2019 10:14:55;35;2.05;299.5;435.0595702959222;289.89;Module 1,12_9;468.47;71,75;35,57;2,05;72,95;-1,20
18,09.2019 10:16:51;34.1;2.17;299.5;444.9733333861733;290.19;Module 1,12_9;478.71;74,00;35,59;2,10;74,80;-0,80
18,09.2019 10:18:44;27.5;2.21;299.5;450.12015104973017;290.31;Module 1,12_9;483.83;60,77;35,61;2,13;75,76;-14,98
18,09.2019 10:21:04;27.8;2.25;299.5;460.12346800661004;289.89;Module 1,12_9;494.07;62,55;35,63;2,18;77,62;-15,07
18,09.2019 10:22:57;32.2;2.29;299.5;470.04186823928967;289.68;Module 1,12_9;504.31;73,74;35,64;2,23;79,46;-5,73
18,09.2019 10:24:50;33.3;2.29;301.5;477.57834968458485;289.46;Module 1,12_9;511.99;76,26;35,30;2,27;80,13;-3,87
18,09.2019 10:26:43;34.5;2.31;301.5;485.1169279809529;289.66;Module 1,12_9;519.67;79,70;35,31;2,31;81,52;-1,82
18,09.2019 10:28:36;34.5;2.33;301.5;487.8743418574272;289.89;Module 1,12_9;522.23;80,39;35,32;2,32;82,02;-1,64
18,09.2019 10:30:30;34.5;2.37;301.5;495.4165191952016;290.32;Module 1,12_9;529.91;81,77;35,34;2,36;83,41;-1,65
18,09.2019 10:32:24;34.5;2.4;302;502.960564088733;290.61;Module 1,12_9;537.59;82,80;35,26;2,40;84,61;-1,81
18,09.2019 10:34:25;34.5;2.44;302;510.52826253488774;290.9;Module 1,12_9;545.27;84,18;35,27;2,44;86,00;-1,82
18,09.2019 10:36:53;34.4;2.48;302;515.7813671623077;291.23;Module 1,12_9;550.39;85,31;35,27;2,47;86,96;-1,65
18,09.2019 10:38:46;34.3;2.52;302;523.3247651997451;291.49;Module 1,12_9;558.07;86,44;35,28;2,50;88,34;-1,91
18,09.2019 10:40:39;34.3;2.57;302;535.674175456227;291.58;Module 1,12_9;570.87;88,15;35,30;2,57;90,61;-2,46
18,09.2019 10:42:31;34.3;2.59;304;540.8172145130553;291.27;Module 1,12_9;575.99;88,84;34,95;2,59;90,70;-1,86
18,09.2019 10:44:24;34.3;2.62;304;543.5566260234169;291.2;Module 1,12_9;578.55;89,87;34,95;2,61;91,19;-1,33
18,09.2019 10:46:17;34.2;2.65;304;551.1048922673334;291.39;Module 1,12_9;586.23;90,63;34,96;2,65;92,56;-1,93
18,09.2019 10:48:09;34.1;2.69;304;558.6517146398363;291.32;Module 1,12_9;593.91;91,73;34,97;2,69;93,93;-2,20
18,09.2019 10:50:08;34.1;2.73;304;566.2200034471161;291.36;Module 1,12_9;601.59;93,09;34,98;2,72;95,31;-2,21
18,09.2019 10:52:01;34.1;2.75;305.5;571.3614518515726;290.98;Module 1,12_9;606.71;93,78;34,72;2,75;95,55;-1,78
18,09.2019 10:53:56;34.1;2.77;305.5;576.5070808394272;290.96;Module 1,12_9;611.83;94,46;34,72;2,78;96,48;-2,02
18,09.2019 10:55:49;34.1;2.81;305.5;586.4727139702666;290.85;Module 1,12_9;622.07;95,82;34,73;2,83;98,27;-2,45
18,09.2019 10:57:41;34.1;2.85;305.5;594.0245838987877;290.92;Module 1,12_9;629.75;97,19;34,73;2,87;99,63;-2,44
18,09.2019 10:59:34;34.1;2.87;305.5;596.7483209296174;290.61;Module 1,12_9;632.31;97,87;34,74;2,88;100,12;-2,25
18,09.2019 11:01:30;34.1;2.9;306;601.8935101608187;290.8;Module 1,12_9;637.43;98,89;34,66;2,91;100,80;-1,91
18,09.2019 11:03:27;33.9;2.93;306;607.0398246622924;291.07;Module 1,12_9;642.55;99,33;34,66;2,94;101,72;-2,39
18,09.2019 11:05:23;33.9;2.96;306;612.1819871813098;291.41;Module 1,12_9;647.67;100,34;34,66;2,96;102,64;-2,30
18,09.2019 11:07:24;33.9;2.99;306;619.7565049821021;291.67;Module 1,12_9;655.35;101,36;34,66;3,00;104,00;-2,64
18,09.2019 11:09:17;33.9;3.02;306;625.191907288445;291.4;Module 1,12_9;660.79;102,38;34,67;3,03;104,97;-2,59
18,09.2019 11:11:18;33.9;3.07;307.6;636.4017593392061;291.05;Module 1,12_9;672.31;104,07;34,39;3,09;106,15;-2,07
18,09.2019 11:13:11;33.8;3.09;307.6;642.6330903898152;290.96;Module 1,12_9;678.59;104,44;34,40;3,12;107,25;-2,81
18,09.2019 11:15:04;33.8;3.12;307.6;648.2009398910059;290.92;Module 1,12_9;684.17;105,46;34,40;3,15;108,24;-2,78
18,09.2019 11:16:58;33.7;3.16;307.6;654.5570904970892;291;Module 1,12_9;690.58;106,49;34,41;3,18;109,37;-2,87
18,09.2019 11:19:13;33.6;3.2;308.1;663.0787796585355;291.26;Module 1,12_9;699.22;107,52;34,32;3,22;110,60;-3,08
18,09.2019 11:21:05;33.6;3.24;308.1;672.1812117522286;291.55;Module 1,12_9;708.53;108,86;34,32;3,27;112,21;-3,35
18,09.2019 11:23:00;33.5;3.29;308.1;681.0176500027912;291.92;Module 1,12_9;717.55;110,22;34,33;3,31;113,77;-3,56
18,09.2019 11:24:52;33.4;3.31;309.6;682.9270064785524;292.21;Module 1,12_9;719.28;110,55;34,06;3,33;113,26;-2,71
18,09.2019 11:26:45;33.3;3.32;309.6;686.2502822345306;292.46;Module 1,12_9;722.5;110,56;34,06;3,34;113,84;-3,29
18,09.2019 11:28:37;33.3;3.37;309.6;695.336319491132;292.72;Module 1,12_9;731.79;112,22;34,06;3,39;115,43;-3,21
18,09.2019 11:30:30;33.2;3.15;309.6;661.880294816744;293.14;Module 1,12_9;696.32;104,58;34,05;3,22;109,57;-4,99
18,09.2019 11:32:23;33.2;3.4;309.6;704.8938136981592;292.93;Module 1,12_9;741.3;112,88;34,07;3,44;117,10;-4,22
18,09.2019 11:34:17;33.3;3.44;310.1;711.4276968278315;292.32;Module 1,12_9;747.9;114,55;33,98;3,47;117,95;-3,40
18,09.2019 11:36:16;33.3;3.49;310.1;722.3783350329185;292.1;Module 1,12_9;759.13;116,22;33,98;3,53;119,86;-3,64
18,09.2019 11:38:10;33.1;3.55;310.1;733.1683279551878;292.42;Module 1,12_9;770.2;117,50;33,98;3,58;121,73;-4,23
18,09.2019 11:40:04;33.1;3.61;310.1;743.7514953595155;292.69;Module 1,12_9;781.05;119,49;33,98;3,64;123,57;-4,08
18,09.2019 11:41:57;33;3.65;310.1;749.6197042604585;292.85;Module 1,12_9;786.95;120,45;33,98;3,67;124,59;-4,14
18,09.2019 11:43:50;33;3.7;311.1;755.7254127861022;292.91;Module 1,12_9;793.1;122,10;33,80;3,70;125,02;-2,92
18,09.2019 11:45:42;32.9;3.72;311.1;763.1056658421462;293.26;Module 1,12_9;800.59;122,39;33,80;3,74;126,30;-3,91
18,09.2019 11:47:38;32.7;3.74;311.1;770.7712379294733;293.82;Module 1,12_9;808.37;122,30;33,80;3,78;127,62;-5,32
18,09.2019 11:49:31;32.6;3.82;311.1;789.6281572710085;294.14;Module 1,12_9;827.89;124,53;33,80;3,87;130,87;-6,34
18,09.2019 11:51:25;32.1;3.88;311.1;800.108071642403;294.03;Module 1,12_9;838.62;124,55;33,80;3,92;132,67;-8,13
18,09.2019 11:53:32;32.9;2.52;314.1;459.32289175373035;293.68;Module 1,12_9;481.27;82,91;33,02;2,19;72,21;10,69
18,09.2019 11:55:25;33;3.3;314.1;686.3939818232657;293.63;Module 1,12_9;718.98;108,90;33,26;3,35;111,29;-2,39
18,09.2019 11:57:19;32.8;3.14;314.1;652.4538610579611;293.71;Module 1,12_9;683.23;102,99;33,24;3,17;105,48;-2,49
18,09.2019 11:59:11;32.8;3.88;314.1;797.6684169342318;293.88;Module 1,12_9;835.06;127,26;33,27;3,91;130,23;-2,96
18,09.2019 12:04:50;32.2;3.94;311.1;799.7663437749464;293.46;Module 1,12_9;836.57;126,87;33,80;3,92;132,62;-5,75
18,09.2019 12:06:49;33.3;4.11;311.1;847.07539555327;293.67;Module 1,12_9;885.81;136,86;33,80;4,16;140,74;-3,88
18,09.2019 12:08:42;33.6;2.92;311.1;335.46110898713675;293.58;Module 1,12_9;350.71;98,11;33,19;1,55;51,56;46,55
18,09.2019 12:10:40;34;3.29;311.1;290.2757432740385;292.96;Module 1,12_9;303.39;111,86;32,98;1,32;43,64;68,22
18,09.2019 12:12:33;33.5;4.19;311.1;863.3602445020232;292.95;Module 1,12_9;902.14;140,37;33,80;4,25;143,53;-3,16
18,09.2019 12:14:26;33.3;4.19;311.1;867.296208621786;293.28;Module 1,12_9;906.03;139,53;33,79;4,27;144,20;-4,68
18,09.2019 12:16:19;33.1;4.13;311.1;850.9318127619758;293.7;Module 1,12_9;888.72;136,70;33,80;4,18;141,40;-4,70
18,09.2019 12:18:11;33.2;3.91;311.1;817.1527630467251;294.09;Module 1,12_9;853.24;129,81;33,80;4,01;135,61;-5,79
18,09.2019 12:19:54;33;3.68;311.1;756.0301841080175;294.28;Module 1,12_9;789.25;121,44;33,80;3,70;125,07;-3,63
18,09.2019 12:21:47;33.1;3.61;311.1;760.1131519959775;294.27;Module 1,12_9;793.33;119,49;33,80;3,72;125,78;-6,29
18,09.2019 12:23:39;33.3;3.99;311.1;829.5333767290037;294.14;Module 1,12_9;865.59;132,87;33,80;4,07;137,73;-4,87
18,09.2019 12:25:32;33;4.15;311.1;857.4391427135245;294.42;Module 1,12_9;894.51;136,95;33,80;4,22;142,52;-5,57
18,09.2019 12:27:25;32.7;4.18;311.1;861.7490863892085;294.69;Module 1,12_9;898.81;136,69;33,80;4,24;143,25;-6,57
18,09.2019 12:29:18;32.6;3.82;311.1;789.1864205899035;294.68;Module 1,12_9;822.95;124,53;33,80;3,87;130,79;-6,26
18,09.2019 12:31:14;32.5;4.16;315.6;857.9866765681774;294.73;Module 1,12_9;894.5;135,20;32,99;4,22;139,32;-4,12
18,09.2019 12:33:09;32.4;4.23;315.6;873.2683674990229;294.98;Module 1,12_9;910.24;137,05;32,99;4,30;141,87;-4,82
18,09.2019 12:35:01;32.4;4.24;315.6;875.9684134116119;295.36;Module 1,12_9;912.87;137,38;32,99;4,31;142,32;-4,94
18,09.2019 12:36:55;32.2;3.94;315.6;824.2218447552107;295.55;Module 1,12_9;858.77;126,87;33,00;4,05;133,66;-6,80
18,09.2019 12:38:49;32.1;3.97;315.6;811.8772343635271;295.46;Module 1,12_9;845.74;127,44;33,00;3,99;131,59;-4,16
18,09.2019 12:40:44;32.1;4.27;317.6;884.0194914496651;295.16;Module 1,12_9;920.71;137,07;32,63;4,36;142,14;-5,07
18,09.2019 12:42:37;32.3;4.28;317.6;885.090259375452;295.05;Module 1,12_9;921.65;138,24;32,63;4,36;142,31;-4,07
18,09.2019 12:44:29;32.3;4.33;317.6;897.0684609000938;295.06;Module 1,12_9;933.95;139,86;32,63;4,42;144,29;-4,43
18,09.2019 12:46:22;32.4;3.22;318.1;866.1069808488282;295.32;Module 1,12_9;901.55;104,33;32,55;4,26;138,81;-34,48
18,09.2019 12:48:19;32.6;4.3;318.1;893.1634497226739;295.66;Module 1,12_9;929.54;140,18;32,54;4,40;143,26;-3,08
18,09.2019 12:50:13;30.5;3.55;318.1;526.4854033394408;295.39;Module 1,12_9;547.83;108,27;32,41;2,53;82,08;26,19
18,09.2019 12:53:58;33.2;4.54;318.1;939.8722212000484;294.31;Module 1,12_9;977.64;150,73;32,52;4,64;150,91;-0,18
18,09.2019 12:55:57;33;4.62;317.6;957.5290330067783;294.82;Module 1,12_9;995.83;152,46;32,60;4,73;154,21;-1,75
18,09.2019 12:58:01;32.5;4.75;317.6;979.8602509578393;295.53;Module 1,12_9;1018.87;154,38;32,59;4,84;157,86;-3,48
18,09.2019 12:59:53;32.3;4.84;317.6;1002.1789629911093;295.39;Module 1,12_9;1041.91;156,33;32,58;4,96;161,50;-5,17
18,09.2019 13:01:47;32.1;4.86;317.6;1019.5792500044538;295.52;Module 1,12_9;1059.83;156,01;32,56;5,05;164,33;-8,32
18,09.2019 13:03:46;31.8;4.69;318.1;965.5569992370488;296;Module 1,12_9;1003.51;149,14;32,51;4,77;155,10;-5,96
18,09.2019 13:05:30;31.9;4.64;318.1;963.2298355536652;296.25;Module 1,12_9;1000.95;148,02;32,51;4,76;154,72;-6,71
18,09.2019 13:07:23;31.8;4.56;320.1;910.5937536745505;296.46;Module 1,12_9;946.11;145,01;32,17;4,49;144,53;0,48
18,09.2019 13:11:21;32.3;4.31;321.7;869.7170569153096;296.44;Module 1,12_9;903.36;139,21;31,90;4,28;136,68;2,53
18,09.2019 13:15:07;33.1;4.4;321.7;883.5028284189485;295.63;Module 1,12_9;917.42;145,64;31,90;4,35;138,90;6,74
18,09.2019 13:17:00;32.3;4.03;320.1;811.4158494287774;295.71;Module 1,12_9;842.45;130,17;32,20;3,99;128,37;1,79
18,09.2019 13:18:53;32.3;4.34;320.1;892.3934977773232;295.79;Module 1,12_9;926.4;140,18;32,18;4,40;141,58;-1,40
18,09.2019 13:20:51;32.3;4.31;320.1;898.152650123466;296.17;Module 1,12_9;932.25;139,21;32,18;4,43;142,51;-3,30
18,09.2019 13:22:43;32;4.42;320.1;917.3269769388075;295.93;Module 1,12_9;952.03;141,44;32,17;4,53;145,62;-4,18
18,09.2019 13:24:38;32.2;4.47;320.1;925.6464643563104;295.46;Module 1,12_9;960.54;143,93;32,16;4,57;146,97;-3,04
18,09.2019 13:26:33;32.5;4.48;321.7;924.0000691995796;295.12;Module 1,12_9;958.71;145,60;31,88;4,56;145,41;0,19
18,09.2019 13:28:27;32.4;4.38;321.7;908.8744142806656;295.25;Module 1,12_9;942.9;141,91;31,89;4,48;142,98;-1,07
18,09.2019 13:30:19;32.3;4.35;320.1;901.5495807183818;295.36;Module 1,12_9;935.19;140,50;32,18;4,45;143,07;-2,56
18,09.2019 13:32:13;32.2;4.36;320.1;903.8448758580972;295.6;Module 1,12_9;937.46;140,39;32,18;4,46;143,44;-3,05
18,09.2019 13:34:15;32.2;4.35;320.1;905.3936832789307;295.7;Module 1,12_9;938.95;140,07;32,17;4,47;143,69;-3,62
18,09.2019 13:36:08;32.1;4.37;320.1;907.231307711593;295.82;Module 1,12_9;940.75;140,28;32,17;4,48;143,99;-3,71
18,09.2019 13:38:01;32.2;4.4;320.1;911.9895810711521;295.95;Module 1,12_9;945.58;141,68;32,17;4,50;144,76;-3,08
18,09.2019 13:39:53;32.2;4.37;321.7;904.7079577466214;296.46;Module 1,12_9;937.93;140,71;31,89;4,46;142,31;-1,60
18,09.2019 13:41:46;32.2;4.36;321.7;902.4688586645378;296.96;Module 1,12_9;935.51;140,39;31,89;4,45;141,95;-1,56
18,09.2019 13:43:44;32.1;4.37;321.7;907.6311935808656;297.03;Module 1,12_9;940.76;140,28;31,89;4,48;142,78;-2,50
18,09.2019 13:45:37;32.1;4.38;321.7;907.4139613530872;296.98;Module 1,12_9;940.44;140,60;31,89;4,48;142,75;-2,15
18,09.2019 13:47:33;32;4.36;321.7;904.8906850624628;297.24;Module 1,12_9;937.73;139,52;31,89;4,46;142,34;-2,82
18,09.2019 13:49:26;32;4.4;321.7;909.079396387446;296.31;Module 1,12_9;941.98;140,80;31,89;4,48;143,01;-2,21
18,09.2019 13:51:21;32.1;4.36;321.7;908.1723121244809;295.92;Module 1,12_9;940.95;139,96;31,89;4,48;142,87;-2,91
18,09.2019 13:53:15;32.1;4.39;321.7;910.1000961793352;296.11;Module 1,12_9;942.86;140,92;31,89;4,49;143,18;-2,26
18,09.2019 13:55:20;31.9;4.39;321.7;909.9585427716169;296.22;Module 1,12_9;942.62;140,04;31,89;4,49;143,16;-3,11
18,09.2019 13:57:12;32;4.36;321.7;905.6058844503971;296.25;Module 1,12_9;938.03;139,52;31,89;4,47;142,46;-2,94
18,09.2019 13:59:07;32.1;4.33;321.7;902.951866984266;295.95;Module 1,12_9;935.2;138,99;31,89;4,45;142,03;-3,04
18,09.2019 14:01:00;32.2;4.37;321.7;908.2699019848421;295.93;Module 1,12_9;940.63;140,71;31,89;4,48;142,88;-2,17
18,09.2019 14:03:09;32.1;4.39;321.7;910.1592905416751;295.81;Module 1,12_9;942.5;140,92;31,89;4,49;143,19;-2,27
18,09.2019 14:05:03;32;4.4;321.7;911.1872746999793;295.78;Module 1,12_9;943.49;140,80;31,88;4,50;143,35;-2,55
18,09.2019 14:06:55;32;4.39;321.7;910.1936273899939;296.16;Module 1,12_9;942.39;140,48;31,89;4,49;143,19;-2,71
18,09.2019 14:08:50;32;4.4;321.7;911.1025260881505;296.72;Module 1,12_9;943.26;140,80;31,88;4,50;143,34;-2,54
18,09.2019 14:10:49;32;4.38;321.7;905.7426197452451;297.17;Module 1,12_9;937.64;140,16;31,89;4,47;142,48;-2,32
18,09.2019 14:12:42;32.1;4.39;321.7;907.6411943178375;297.24;Module 1,12_9;939.54;140,92;31,89;4,48;142,78;-1,86
18,09.2019 14:14:35;31.9;4.37;321.7;906.0021337226565;297.55;Module 1,12_9;937.78;139,40;31,89;4,47;142,52;-3,12
18,09.2019 14:16:30;31.9;4.35;321.7;901.7436305947147;297.5;Module 1,12_9;933.31;138,76;31,89;4,45;141,84;-3,07
18,09.2019 14:18:42;32.2;4.34;321.7;902.3608752294007;296.92;Module 1,12_9;933.88;139,75;31,89;4,45;141,93;-2,19
18,09.2019 14:20:36;32.3;4.32;321.7;901.2953317641379;296.79;Module 1,12_9;932.72;139,54;31,89;4,45;141,76;-2,23
18,09.2019 14:23:00;32.2;4.34;321.7;903.1212573693421;296.98;Module 1,12_9;934.54;139,75;31,89;4,45;142,06;-2,31
18,09.2019 14:24:55;32.1;4.33;321.7;899.4423116553512;297.1;Module 1,12_9;930.68;138,99;31,89;4,44;141,47;-2,47
18,09.2019 14:26:49;32.1;4.3;321.7;896.1665036186126;297;Module 1,12_9;927.24;138,03;31,89;4,42;140,94;-2,91
18,09.2019 14:28:44;32;4.3;321.7;896.6100059670598;297.18;Module 1,12_9;927.65;137,60;31,89;4,42;141,01;-3,41
18,09.2019 14:30:41;31.9;4.29;322.2;889.1166785427035;297.42;Module 1,12_9;919.85;136,85;31,80;4,38;139,41;-2,56
18,09.2019 14:32:40;31.9;4.28;322.2;888.1171156866096;297.7;Module 1,12_9;918.77;136,53;31,80;4,38;139,25;-2,72
18,09.2019 14:34:32;32;4.23;322.2;880.2108542331463;297.91;Module 1,12_9;910.55;135,36;31,80;4,34;137,98;-2,62
18,09.2019 14:36:25;32;4.32;322.2;895.281384635564;297.29;Module 1,12_9;926.1;138,24;31,80;4,41;140,40;-2,16
18,09.2019 14:38:25;32;4.27;322.2;882.095023688649;297.42;Module 1,12_9;912.42;136,64;31,80;4,35;138,29;-1,65
18,09.2019 14:40:18;31.9;4.25;322.2;879.4318790300327;297.85;Module 1,12_9;909.63;135,57;31,80;4,33;137,86;-2,28
18,09.2019 14:42:10;31.9;4.2;322.2;871.0330433192913;298.21;Module 1,12_9;900.91;133,98;31,81;4,29;136,51;-2,53
18,09.2019 14:44:08;32.1;4.29;322.2;886.1766485917665;298.45;Module 1,12_9;916.54;137,71;31,80;4,37;138,94;-1,23
18,09.2019 14:46:03;32.2;4.27;322.2;881.9127398199369;298.55;Module 1,12_9;912.1;137,49;31,80;4,35;138,26;-0,76
18,09.2019 14:47:57;32.2;4.16;322.2;885.1884476316382;298.79;Module 1,12_9;915.46;133,95;31,80;4,36;138,78;-4,83
18,09.2019 14:49:50;32.1;4.27;322.2;883.8788001710485;298.65;Module 1,12_9;914.08;137,07;31,80;4,36;138,57;-1,51
18,09.2019 14:51:44;32.2;4.28;321.7;885.739068978429;298.37;Module 1,12_9;915.98;137,82;31,90;4,37;139,26;-1,44
18,09.2019 14:53:36;32.1;4.18;321.7;867.347968090937;298.55;Module 1,12_9;896.94;134,18;31,90;4,27;136,30;-2,12
18,09.2019 14:55:46;32.2;4.16;321.7;861.6733696630497;298.75;Module 1,12_9;891.05;133,95;31,90;4,24;135,38;-1,43
18,09.2019 14:57:39;32.2;4.19;321.7;866.0800534937762;298.94;Module 1,12_9;895.59;134,92;31,90;4,27;136,09;-1,17
18,09.2019 14:59:35;32.2;4.23;321.7;878.6086863176749;299;Module 1,12_9;908.53;136,21;31,90;4,33;138,11;-1,91
18,09.2019 15:01:28;32.3;4.23;321.7;874.6272773469775;298.78;Module 1,12_9;904.4;136,63;31,90;4,31;137,47;-0,84
18,09.2019 15:03:31;32.2;4.23;321.7;873.9714331009324;299.02;Module 1,12_9;903.71;136,21;31,90;4,31;137,36;-1,16
18,09.2019 15:05:24;32.2;4.21;321.7;870.8077792786991;299.29;Module 1,12_9;900.43;135,56;31,90;4,29;136,85;-1,29
18,09.2019 15:07:18;32.1;4.07;321.7;836.7429857483637;299.35;Module 1,12_9;865.2;130,65;31,91;4,12;131,35;-0,70
18,09.2019 15:09:11;32.3;4.17;321.7;868.5749377301267;298.81;Module 1,12_9;898.11;134,69;31,90;4,28;136,49;-1,80
18,09.2019 15:11:09;32.2;4.13;321.7;854.9506839019956;298.29;Module 1,12_9;884.02;132,99;31,91;4,21;134,29;-1,31
18,09.2019 15:13:11;32.3;4.06;321.7;847.6007607913654;298.23;Module 1,12_9;876.42;131,14;31,91;4,17;133,11;-1,97
18,09.2019 15:15:03;32.3;4.13;321.7;853.401542080417;297.92;Module 1,12_9;882.42;133,40;31,91;4,20;134,04;-0,65
18,09.2019 15:16:56;32.2;4.1;321.7;850.9701246438478;297.79;Module 1,12_9;879.91;132,02;31,91;4,19;133,65;-1,63
18,09.2019 15:19:01;32.2;4.1;321.7;851.59196679448;297.56;Module 1,12_9;880.56;132,02;31,91;4,19;133,75;-1,73
18,09.2019 15:20:56;32.2;4.09;321.7;849.2721293926978;297.79;Module 1,12_9;878.17;131,70;31,91;4,18;133,38;-1,68
18,09.2019 15:22:49;32.3;4.07;321.7;843.7396651337776;298.09;Module 1,12_9;872.46;131,46;31,91;4,15;132,48;-1,02
18,09.2019 15:24:42;32.3;4.06;321.7;840.1103652164047;298.1;Module 1,12_9;868.72;131,14;31,91;4,13;131,90;-0,76
18,09.2019 15:26:37;32.3;4.01;321.7;829.0711821519857;298.4;Module 1,12_9;857.32;129,52;31,91;4,08;130,11;-0,59
18,09.2019 15:28:33;32.3;3.97;321.7;820.3702810170076;298.85;Module 1,12_9;848.34;128,23;31,91;4,03;128,70;-0,47
18,09.2019 15:30:25;32.3;4;321.7;836.181872033651;298.86;Module 1,12_9;864.71;129,20;31,91;4,11;131,26;-2,06
18,09.2019 15:32:24;32;3.66;321.7;828.5108199280851;297.98;Module 1,12_9;856.8;117,12;31,91;4,08;130,02;-12,90
18,09.2019 15:34:44;32.4;3.97;320.1;827.2731060801085;297.7;Module 1,12_9;855.55;128,63;32,20;4,07;130,97;-2,34
18,09.2019 15:36:37;32.4;3.44;320.1;692.1203374091333;297.66;Module 1,12_9;715.8;111,46;32,18;3,38;108,75;2,71
18,09.2019 15:38:29;32.4;3.26;320.1;671.3089465242583;297.58;Module 1,12_9;694.3;105,62;32,17;3,27;105,30;0,32
18,09.2019 15:40:22;32.6;3.93;320.1;813.2178899728134;297.82;Module 1,12_9;841.1;128,12;32,20;4,00;128,67;-0,55
18,09.2019 15:42:28;32.2;3.96;320.1;818.5669428370934;297.66;Module 1,12_9;846.67;127,51;32,20;4,02;129,54;-2,03
18,09.2019 15:44:26;32.3;3.96;319.6;822.242677128597;298.09;Module 1,12_9;850.51;127,91;32,29;4,04;130,50;-2,59
18,09.2019 15:46:22;32.4;3.95;319.6;808.8438991765973;298.12;Module 1,12_9;836.69;127,98;32,29;3,97;128,30;-0,32
18,09.2019 15:48:15;32.4;3.77;320.1;784.4442448851041;298;Module 1,12_9;811.49;122,15;32,20;3,85;123,95;-1,81
18,09.2019 15:50:28;32.4;3.48;320.1;742.9574322834342;297.82;Module 1,12_9;768.62;112,75;32,20;3,64;117,13;-4,38
18,09.2019 15:52:20;32.7;3.49;319.6;751.0550125065183;296.89;Module 1,12_9;777.04;114,12;32,29;3,68;118,79;-4,67
18,09.2019 15:54:13;32.9;3.52;319.6;736.2332004088283;296.55;Module 1,12_9;761.75;115,81;32,29;3,60;116,34;-0,54
18,09.2019 15:56:15;32.8;3.47;319.6;729.8925122215193;296.41;Module 1,12_9;755.24;113,82;32,28;3,57;115,30;-1,48
18,09.2019 15:58:08;32.8;3.44;318.1;734.377201571183;296.14;Module 1,12_9;759.93;112,83;32,55;3,59;116,98;-4,15
18,09.2019 16:00:01;32.8;3.55;318.1;725.1856060426154;296.19;Module 1,12_9;750.47;116,44;32,55;3,55;115,45;0,99
18,09.2019 16:01:54;32.9;3.62;317.6;761.0099498051277;296.19;Module 1,12_9;787.6;119,10;32,65;3,73;121,74;-2,64
18,09.2019 16:03:47;32.8;3.48;317.6;720.4316433761588;296.3;Module 1,12_9;745.66;114,14;32,64;3,52;114,96;-0,82
18,09.2019 16:05:59;32.9;3.46;317.6;725.4563423807933;296.5;Module 1,12_9;750.93;113,83;32,64;3,55;115,80;-1,97
18,09.2019 16:07:52;32.7;3.19;317.6;686.8529136713697;296.65;Module 1,12_9;711.03;104,31;32,63;3,35;109,34;-5,02
18,09.2019 16:09:45;32.8;3.22;317.6;667.8229354109619;296.58;Module 1,12_9;691.39;105,62;32,63;3,25;106,14;-0,53
18,09.2019 16:11:39;32.9;3.26;317.6;686.2770031008304;296.39;Module 1,12_9;710.56;107,25;32,63;3,35;109,24;-1,99
18,09.2019 16:13:32;33.2;3.12;317.6;687.5741425008785;296.46;Module 1,12_9;711.97;103,58;32,63;3,35;109,46;-5,87
18,09.2019 16:15:25;33.1;3.29;317.6;675.2238763703733;296.25;Module 1,12_9;699.25;108,90;32,63;3,29;107,39;1,51
18,09.2019 16:17:23;33.3;2.93;317.6;633.6725087302424;295.56;Module 1,12_9;656.29;97,57;32,60;3,08;100,40;-2,83
18,09.2019 16:19:17;33.5;2.97;317.6;639.3779841224521;295.24;Module 1,12_9;662.27;99,50;32,61;3,11;101,36;-1,87
18,09.2019 16:21:31;33.4;2.94;315.6;630.1429979138787;295.3;Module 1,12_9;652.79;98,20;32,96;3,06;100,87;-2,67
18,09.2019 16:23:26;33.3;3.14;315.6;651.6508072814981;295.75;Module 1,12_9;675.15;104,56;32,98;3,17;104,52;0,04
18,09.2019 16:25:19;33.1;3;315.6;634.9638284274839;296.25;Module 1,12_9;657.94;99,30;32,96;3,09;101,69;-2,39
18,09.2019 16:27:11;33.1;3.13;315.6;615.0944121422817;296.67;Module 1,12_9;637.43;103,60;32,95;2,98;98,30;5,30
18,09.2019 16:29:06;33.1;2.94;315.6;617.4838575621907;297.01;Module 1,12_9;639.99;97,31;32,95;3,00;98,71;-1,40
18,09.2019 16:31:01;33.1;2.9;315.6;602.5822052097172;297.05;Module 1,12_9;624.63;95,99;32,94;2,92;96,17;-0,18
18,09.2019 16:32:54;33.3;2.99;315.6;624.722605321979;297.04;Module 1,12_9;647.67;99,57;32,96;3,03;99,94;-0,38
18,09.2019 16:34:46;33.3;2.88;314.1;604.8824373568657;297.39;Module 1,12_9;627.19;95,90;33,21;2,93;97,32;-1,41
18,09.2019 16:37:02;33.2;2.6;314.1;535.6561046964038;297.17;Module 1,12_9;555.51;86,32;33,14;2,58;85,40;0,92
18,09.2019 16:39:12;33.4;2.53;314.1;538.0288525140966;296.85;Module 1,12_9;558.07;84,50;33,14;2,59;85,81;-1,30
18,09.2019 16:41:41;33.6;2.71;313.6;565.0573999510112;296.87;Module 1,12_9;586.23;91,06;33,27;2,73;90,70;0,36
18,09.2019 16:43:34;33.7;2.61;313.6;547.6927666032748;296.97;Module 1,12_9;568.31;87,96;33,24;2,64;87,70;0,26
18,09.2019 16:45:26;33.6;2.37;311.1;495.7978983440612;296.89;Module 1,12_9;514.55;79,63;33,62;2,37;79,72;-0,09
18,09.2019 16:47:20;33.6;2.52;311.1;537.6346847630925;296.19;Module 1,12_9;558.07;84,67;33,68;2,58;87,05;-2,38
18,09.2019 16:49:17;33.6;2.74;311.1;520.2710505587943;296.04;Module 1,12_9;540.15;92,06;33,66;2,50;84,01;8,05
18,09.2019 16:51:10;33.4;1.97;311.1;406.7669937894297;296.03;Module 1,12_9;422.39;65,80;33,43;1,92;64,08;1,72
18,09.2019 16:53:26;33.4;2.21;311.1;451.0348040717266;296.03;Module 1,12_9;468.47;73,81;33,54;2,14;71,86;1,95
18,09.2019 16:55:19;33.5;2.73;310.1;581.5454386096259;296.35;Module 1,12_9;604.15;91,45;33,91;2,81;95,22;-3,76
18,09.2019 16:57:11;33.5;2.8;310.1;578.9592126608704;296.54;Module 1,12_9;601.59;93,80;33,91;2,79;94,76;-0,96
18,09.2019 16:59:14;33.2;2.7;310.1;554.1895891511023;296.61;Module 1,12_9;575.99;89,64;33,88;2,67;90,40;-0,76
18,09.2019 17:01:06;33.3;2.75;310.1;558.9898102519197;296.36;Module 1,12_9;581.11;91,57;33,88;2,69;91,25;0,33
18,09.2019 17:02:59;32.9;2.52;310.1;573.6304192247617;296.24;Module 1,12_9;596.47;82,91;33,90;2,77;93,82;-10,92
18,09.2019 17:04:51;33;2.81;310.1;585.7994980104086;296.13;Module 1,12_9;609.27;92,73;33,91;2,83;95,96;-3,23
18,09.2019 17:06:59;33.4;2.77;310.1;570.8689312431077;296.06;Module 1,12_9;593.91;92,52;33,90;2,75;93,34;-0,82
18,09.2019 17:08:53;32.7;2.74;311.1;568.2593386214684;295.79;Module 1,12_9;591.35;89,60;33,72;2,74;92,42;-2,82
18,09.2019 17:10:46;33.2;2.67;311.1;555.8100216283723;296.02;Module 1,12_9;578.55;88,64;33,70;2,68;90,24;-1,59
18,09.2019 17:12:41;33.7;2.61;311.1;548.2772205562142;296.35;Module 1,12_9;570.87;87,96;33,70;2,64;88,92;-0,96
18,09.2019 17:14:36;33.9;2.53;311.1;538.2855513485417;296.69;Module 1,12_9;560.63;85,77;33,68;2,59;87,17;-1,40
18,09.2019 17:16:28;33.8;2.52;311.1;535.6704586134304;296.48;Module 1,12_9;558.07;85,18;33,68;2,57;86,71;-1,53
18,09.2019 17:18:23;33.8;2.49;311.1;530.5908568794604;296.31;Module 1,12_9;552.95;84,16;33,67;2,55;85,82;-1,66
18,09.2019 17:20:16;33.7;2.47;311.1;525.5118380775143;296.07;Module 1,12_9;547.83;83,24;33,66;2,52;84,93;-1,69
18,09.2019 17:22:09;33.8;2.46;311.1;517.9756044687572;296.01;Module 1,12_9;540.15;83,15;33,66;2,48;83,61;-0,46
18,09.2019 17:24:02;33.6;2.43;311.1;505.5305190142373;296.28;Module 1,12_9;527.35;81,65;33,63;2,42;81,43;0,22
18,09.2019 17:25:55;33.4;2.38;311.1;500.44786507513186;296.32;Module 1,12_9;522.23;79,49;33,63;2,40;80,53;-1,04
18,09.2019 17:28:04;33.5;2.35;310.1;492.8849115432647;296.15;Module 1,12_9;514.55;78,73;33,80;2,36;79,60;-0,88
18,09.2019 17:29:57;33.5;2.33;310.1;490.2491602565117;296.23;Module 1,12_9;511.99;78,06;33,79;2,34;79,14;-1,08
18,09.2019 17:31:50;33.3;2.31;310.1;482.7084094302732;295.84;Module 1,12_9;504.31;76,92;33,78;2,30;77,81;-0,88
18,09.2019 17:33:43;33.2;2.29;310.1;480.0658522287341;295.53;Module 1,12_9;501.75;76,03;33,77;2,29;77,34;-1,31
18,09.2019 17:35:35;33.2;2.27;310.1;472.5238071665587;295.54;Module 1,12_9;494.07;75,36;33,76;2,25;76,01;-0,65
18,09.2019 17:37:31;33.1;2.27;310.1;472.3159839463616;295.82;Module 1,12_9;494.07;75,14;33,76;2,25;75,97;-0,84
18,09.2019 17:39:27;33.1;2.21;310.1;462.3161273015331;296.06;Module 1,12_9;483.83;73,15;33,74;2,20;74,21;-1,06
18,09.2019 17:41:19;33.4;2.13;309.6;440.1000542613125;296.28;Module 1,12_9;460.79;71,14;33,78;2,09;70,46;0,68
18,09.2019 17:43:12;33.5;2.01;309.6;425.2273054571701;296.41;Module 1,12_9;445.43;67,33;33,75;2,01;67,82;-0,49
18,09.2019 17:45:05;34;1.95;309.6;420.13236077864565;296.4;Module 1,12_9;440.31;66,30;33,73;1,98;66,92;-0,62
18,09.2019 17:47:06;34.2;1.94;309.6;415.01964905107155;295.85;Module 1,12_9;435.19;66,35;33,73;1,96;66,02;0,33
18,09.2019 17:49:04;34.3;1.9;309.6;412.34951852319796;295.64;Module 1,12_9;432.63;65,17;33,72;1,94;65,54;-0,37
18,09.2019 17:50:57;34.4;1.89;309.6;409.6836547744899;295.55;Module 1,12_9;430.07;65,02;33,71;1,93;65,07;-0,06
18,09.2019 17:52:50;34.4;1.87;309.6;407.01225486043245;295.24;Module 1,12_9;427.51;64,33;33,70;1,92;64,60;-0,27
18,09.2019 17:54:53;34.6;1.83;309.6;399.44206292697316;295;Module 1,12_9;419.83;63,32;33,68;1,88;63,26;0,06
18,09.2019 17:56:46;34.6;1.79;308.1;389.45866344975394;295.39;Module 1,12_9;409.59;61,93;33,92;1,83;61,94;-0,00
18,09.2019 17:58:38;34.5;1.74;308.1;381.9132425359463;295.35;Module 1,12_9;401.91;60,03;33,90;1,79;60,59;-0,56
18,09.2019 18:00:32;34.6;1.68;307.6;369.50158010211123;295.39;Module 1,12_9;389.11;58,13;33,95;1,72;58,52;-0,39
18,09.2019 18:03:02;34.5;1.64;307.6;357.0159835778422;295.87;Module 1,12_9;376.31;56,58;33,91;1,66;56,29;0,29
18,09.2019 18:04:55;34.5;1.6;307.6;349.4745746776697;296.01;Module 1,12_9;368.63;55,20;33,88;1,62;54,94;0,26
18,09.2019 18:06:49;34.6;1.55;307.6;341.93149027970503;295.62;Module 1,12_9;360.95;53,63;33,85;1,58;53,59;0,04
18,09.2019 18:08:42;34.7;1.51;307.6;334.3914893363615;295.5;Module 1,12_9;353.27;52,40;33,82;1,54;52,24;0,16
18,09.2019 18:10:35;34.7;1.49;306;329.27358725499255;295.39;Module 1,12_9;348.15;51,70;34,09;1,52;51,71;-0,01
18,09.2019 18:12:29;34.7;1.46;306;321.73093652639517;295.44;Module 1,12_9;340.47;50,66;34,05;1,48;50,36;0,30
18,09.2019 18:14:21;34.7;1.42;306;316.61131262797016;295.25;Module 1,12_9;335.35;49,27;34,03;1,45;49,44;-0,16
18,09.2019 18:16:14;34.8;1.39;306;311.48589034342064;294.57;Module 1,12_9;330.23;48,37;34,01;1,43;48,51;-0,14
18,09.2019 18:18:09;35;1.35;306;301.6966400573832;293.97;Module 1,12_9;320.17;47,25;33,96;1,38;46,75;0,50
18,09.2019 18:20:01;35;1.3;305.5;294.4158407229684;293.54;Module 1,12_9;312.76;45,50;34,01;1,34;45,55;-0,05
18,09.2019 18:21:54;35;1.27;305.5;285.80754479163693;293.44;Module 1,12_9;303.94;44,45;33,96;1,30;44,00;0,45
19,09.2019 09:33:47;36.9;1.23;291.4;275.32843948982014;279.71;Module 1,12_9;305.32;45,39;36,42;1,23;44,74;0,65
19,09.2019 09:35:59;37.1;1.27;291.4;283.71672753895024;280.59;Module 1,12_9;313.97;47,12;36,47;1,27;46,35;0,76
19,09.2019 09:37:51;36.4;1.31;291.4;289.5015932587634;281.25;Module 1,12_9;319.83;47,68;36,50;1,30;47,47;0,22
19,09.2019 09:39:49;36.2;1.35;291.4;296.4556888101205;282.02;Module 1,12_9;326.95;48,87;36,54;1,34;48,81;0,06
19,09.2019 09:41:41;36.1;1.37;291.4;302.22649665877515;282.78;Module 1,12_9;332.79;49,46;36,56;1,37;49,92;-0,46
19,09.2019 09:43:39;36;1.39;291.4;309.69678510002774;283.47;Module 1,12_9;340.47;50,04;36,60;1,40;51,36;-1,32
19,09.2019 09:45:32;35.9;1.45;291.4;317.15211868163453;284;Module 1,12_9;348.15;52,05;36,63;1,44;52,80;-0,75
19,09.2019 09:47:25;35.7;1.51;291.4;324.6130726310474;284.6;Module 1,12_9;355.83;53,91;36,66;1,48;54,24;-0,33
19,09.2019 09:49:18;27.3;1.58;289.9;332.07937362506306;285.1;Module 1,12_9;363.51;43,13;36,96;1,52;56,03;-12,89
19,09.2019 09:51:34;28.8;1.62;289.9;339.6417648880546;285.53;Module 1,12_9;371.19;46,66;36,99;1,55;57,50;-10,84
19,09.2019 09:53:27;33.9;1.64;289.9;344.77166689328504;285.89;Module 1,12_9;376.31;55,60;37,01;1,58;58,50;-2,90
19,09.2019 09:55:21;35.2;1.64;291.4;354.60096271593875;286.23;Module 1,12_9;386.55;57,73;36,78;1,63;60,03;-2,30
19,09.2019 09:57:15;35.4;1.68;291.4;359.73786248958;286.57;Module 1,12_9;391.67;59,47;36,80;1,66;61,03;-1,55
19,09.2019 09:59:16;35.5;1.71;293.4;367.253734887376;286.96;Module 1,12_9;399.35;60,70;36,47;1,70;61,95;-1,25
19,09.2019 10:01:20;35.6;1.75;293.4;374.78421846111894;287.23;Module 1,12_9;407.03;62,30;36,49;1,74;63,40;-1,10
19,09.2019 10:03:13;35.6;1.79;294;382.2773303529528;287.44;Module 1,12_9;414.71;63,72;36,41;1,78;64,67;-0,94
19,09.2019 10:05:06;35.5;1.81;294;394.4988388699936;287.61;Module 1,12_9;427.51;64,25;36,45;1,84;67,00;-2,75
19,09.2019 10:07:10;35.5;1.86;294;402.04432465148403;287.96;Module 1,12_9;435.19;66,03;36,47;1,88;68,44;-2,41
19,09.2019 10:09:03;35.4;1.9;295;407.1851903776002;288.15;Module 1,12_9;440.31;67,26;36,30;1,90;69,12;-1,86
19,09.2019 10:10:56;35.4;1.93;295;414.69429455520657;288.31;Module 1,12_9;447.99;68,32;36,32;1,94;70,55;-2,23
19,09.2019 10:12:49;35.3;1.98;297.5;424.57847548879;288.41;Module 1,12_9;458.23;69,89;35,91;2,00;71,64;-1,75
19,09.2019 10:14:43;35.2;1.98;297.5;427.35086773079047;288.41;Module 1,12_9;460.79;69,70;35,91;2,01;72,16;-2,47
19,09.2019 10:16:40;34.9;2.06;297.5;437.2568105960632;288.53;Module 1,12_9;471.03;71,89;35,93;2,06;74,02;-2,13
19,09.2019 10:18:32;34;2.14;298;444.7738782347762;288.75;Module 1,12_9;478.71;72,76;35,86;2,10;75,27;-2,51
19,09.2019 10:20:25;34;2.19;298;452.29698209279525;288.97;Module 1,12_9;486.39;74,46;35,88;2,14;76,68;-2,22
19,09.2019 10:22:37;29.7;2.24;297.5;459.8861788956675;289.28;Module 1,12_9;494.07;66,53;35,98;2,18;78,28;-11,75
19,09.2019 10:24:31;32.6;2.28;297.5;465.032029109007;289.38;Module 1,12_9;499.19;74,33;35,98;2,20;79,24;-4,91
19,09.2019 10:26:23;34.3;2.28;297.5;470.1698014858808;289.46;Module 1,12_9;504.31;78,20;36,00;2,23;80,21;-2,00
19,09.2019 10:28:17;34.4;2.24;299.5;465.75840779445195;289.53;Module 1,12_9;499.19;77,06;35,63;2,21;78,67;-1,61
19,09.2019 10:30:25;34.6;2.31;299.5;485.27922733390204;289.76;Module 1,12_9;519.67;79,93;35,67;2,31;82,30;-2,37
19,09.2019 10:32:18;34.6;2.36;300;495.20352788066566;289.82;Module 1,12_9;529.91;81,66;35,59;2,36;83,95;-2,30
19,09.2019 10:34:16;34.6;2.39;300;500.3607756203645;290.02;Module 1,12_9;535.03;82,69;35,60;2,38;84,91;-2,21
19,09.2019 10:36:20;34.5;2.44;300;510.32645233934636;290.35;Module 1,12_9;545.27;84,18;35,62;2,44;86,76;-2,58
19,09.2019 10:38:19;34.5;2.48;301.5;520.2814639668961;290.42;Module 1,12_9;555.51;85,56;35,37;2,49;87,99;-2,43
19,09.2019 10:40:13;34.5;2.51;301.5;527.8266192094576;290.31;Module 1,12_9;563.19;86,59;35,38;2,53;89,38;-2,78
19,09.2019 10:42:06;34.5;2.54;302;535.3703244935698;289.85;Module 1,12_9;570.87;87,63;35,30;2,57;90,55;-2,92
19,09.2019 10:43:59;34.5;2.58;302;542.9155933299902;289.48;Module 1,12_9;578.55;89,01;35,30;2,60;91,94;-2,93
19,09.2019 10:45:51;34.4;2.61;302;545.6517977920628;289.5;Module 1,12_9;581.11;89,78;35,31;2,62;92,44;-2,66
19,09.2019 10:47:44;34.3;2.66;302;555.602366158877;289.92;Module 1,12_9;591.35;91,24;35,32;2,67;94,26;-3,03
19,09.2019 10:49:37;34.3;2.68;302;560.7438781517261;290.26;Module 1,12_9;596.47;91,92;35,33;2,69;95,21;-3,28
19,09.2019 10:51:38;34.3;2.72;303.5;570.7231291337971;290.39;Module 1,12_9;606.71;93,30;35,07;2,75;96,35;-3,06
19,09.2019 10:53:57;34.2;2.77;303.5;578.3478051751705;290.41;Module 1,12_9;614.39;94,73;35,08;2,79;97,74;-3,00
19,09.2019 10:55:54;34.1;2.81;304;585.9102731044409;290.46;Module 1,12_9;622.07;95,82;35,00;2,83;98,88;-3,06
19,09.2019 10:57:51;34.1;2.84;304;591.0611914846756;290.52;Module 1,12_9;627.19;96,84;35,00;2,85;99,81;-2,97
19,09.2019 10:59:45;34;2.87;304;598.6160068136678;290.64;Module 1,12_9;634.87;97,58;35,01;2,89;101,18;-3,60
19,09.2019 11:01:39;34;2.92;305.5;608.5869498962976;290.5;Module 1,12_9;645.11;99,28;34,75;2,94;102,25;-2,97
19,09.2019 11:03:32;33.9;2.96;305.5;616.1423519011927;290.51;Module 1,12_9;652.79;100,34;34,75;2,98;103,60;-3,26
19,09.2019 11:05:40;33.8;3;305.5;624.0601930266903;290.59;Module 1,12_9;660.81;101,40;34,76;3,02;105,02;-3,62
19,09.2019 11:07:33;33.7;3.07;305.5;632.9117712757221;290.84;Module 1,12_9;669.86;103,46;34,77;3,07;106,61;-3,15
19,09.2019 11:09:36;33.7;3.01;305.5;609.8399298419436;291.1;Module 1,12_9;645.11;101,44;34,75;2,95;102,47;-1,03
19,09.2019 11:11:35;33.7;3.17;306;655.3638925932424;291.38;Module 1,12_9;692.93;106,83;34,69;3,18;110,37;-3,54
19,09.2019 11:13:27;33.6;2.94;306;612.8321246746084;291.56;Module 1,12_9;647.67;98,78;34,66;2,96;102,76;-3,98
19,09.2019 11:15:26;33.5;2.79;307.6;571.9197500031164;291.8;Module 1,12_9;604.15;93,47;34,34;2,76;94,68;-1,22
19,09.2019 11:17:18;33.6;2.56;307.6;533.3742825822291;291.73;Module 1,12_9;563.19;86,02;34,30;2,56;87,81;-1,80
19,09.2019 11:19:13;33.5;2.71;307.6;553.0094721147158;291.66;Module 1,12_9;583.67;90,78;34,33;2,66;91,31;-0,53
19,09.2019 11:21:06;33.7;2.99;307.6;613.9035593919182;291.6;Module 1,12_9;647.67;100,76;34,38;2,97;102,15;-1,39
19,09.2019 11:22:59;33.7;3.14;307.6;644.0057612785193;291.82;Module 1,12_9;679.15;105,82;34,40;3,13;107,50;-1,68
19,09.2019 11:24:56;33.6;3.3;308.1;683.3954795446657;291.92;Module 1,12_9;720.39;110,88;34,33;3,33;114,19;-3,31
19,09.2019 11:26:51;33.5;3.32;308.1;686.8388152570515;292.28;Module 1,12_9;723.73;111,22;34,33;3,34;114,80;-3,58
19,09.2019 11:28:46;33.4;3.32;308.1;683.709634606729;292.62;Module 1,12_9;720.15;110,89;34,33;3,33;114,25;-3,36
19,09.2019 11:30:42;33.3;3.24;308.1;664.8468775829429;292.71;Module 1,12_9;700.01;107,89;34,32;3,23;110,92;-3,02
19,09.2019 11:32:54;33.2;3.16;308.1;638.8242607504584;292.96;Module 1,12_9;672.32;104,91;34,30;3,10;106,32;-1,40
19,09.2019 11:34:47;33.2;3.09;309.6;632.5071313657529;292.84;Module 1,12_9;665.43;102,59;34,04;3,07;104,42;-1,83
19,09.2019 11:36:40;33.3;3.38;309.6;703.3531408703324;292.86;Module 1,12_9;739.7;112,55;34,06;3,43;116,83;-4,28
19,09.2019 11:38:33;33.2;3.42;309.6;707.6322818489942;292.96;Module 1,12_9;743.94;113,54;34,07;3,45;117,58;-4,04
19,09.2019 11:40:30;33.3;3.35;309.6;684.352415794291;293.32;Module 1,12_9;719.21;111,55;34,06;3,33;113,51;-1,96
19,09.2019 11:42:23;33.2;3.48;309.6;719.7825869865612;293.39;Module 1,12_9;756.19;115,54;34,07;3,51;119,70;-4,17
19,09.2019 11:44:15;33.2;3.56;309.6;733.5108381807256;293.44;Module 1,12_9;770.36;118,19;34,07;3,58;122,10;-3,91
19,09.2019 11:46:09;33.2;3.57;309.6;735.4943042655717;293.43;Module 1,12_9;772.19;118,52;34,07;3,59;122,45;-3,92
19,09.2019 11:48:26;33.2;3.61;310.1;751.1190783208631;293.68;Module 1,12_9;788.29;119,85;33,98;3,67;124,86;-5,00
19,09.2019 11:50:19;33.1;3.7;310.1;762.7340547359864;293.9;Module 1,12_9;800.23;122,47;33,98;3,73;126,87;-4,40
19,09.2019 11:52:12;33;2.47;310.1;653.8280902211819;293.91;Module 1,12_9;685.76;81,51;33,96;3,18;107,89;-26,38
19,09.2019 11:54:06;34.6;3.59;310.1;774.9113835321192;293.35;Module 1,12_9;812.51;124,21;33,98;3,80;128,98;-4,77
19,09.2019 11:55:59;28.9;2.05;310.1;652.2357830225822;293.17;Module 1,12_9;683.68;59,24;33,96;3,17;107,61;-48,37
19,09.2019 11:57:51;33.5;2.54;310.1;631.3626053888476;293.31;Module 1,12_9;661.61;85,09;33,95;3,06;103,96;-18,87
19,09.2019 11:59:44;34.1;2.91;310.1;793.8743837364713;293.17;Module 1,12_9;831.67;99,23;33,98;3,89;132,27;-33,04
19,09.2019 12:03:31;33.9;4.25;309.6;879.8458781581709;292.83;Module 1,12_9;921.22;144,07;34,05;4,33;147,47;-3,39
19,09.2019 12:12:57;33.5;4.31;309.6;919.1375672449401;291.19;Module 1,12_9;961.1;144,38;34,04;4,53;154,22;-9,84
19,09.2019 12:14:50;34.8;4.46;306;924.2249590950214;291.57;Module 1,12_9;966.18;155,21;34,67;4,55;157,90;-2,69
19,09.2019 12:16:51;33.7;4.6;306;950.386475720078;292.59;Module 1,12_9;993.27;155,02;34,66;4,69;162,47;-7,45
19,09.2019 12:18:43;33.5;4.69;308.1;970.2123342711923;293.35;Module 1,12_9;1013.75;157,12;34,27;4,79;164,20;-7,08
19,09.2019 12:20:36;33.2;3.13;308.1;615.0989561537684;294.05;Module 1,12_9;642.55;103,92;34,29;2,98;102,11;1,80
19,09.2019 12:22:28;33;4.7;308.1;973.1140992119234;294.54;Module 1,12_9;1016.31;155,10;34,27;4,81;164,70;-9,60
19,09.2019 12:24:33;32.6;4.66;309.6;935.0777128544725;295.14;Module 1,12_9;976.34;151,92;34,03;4,61;156,95;-5,04
19,09.2019 12:26:26;31.9;1.8;309.6;326.15367964529855;295;Module 1,12_9;340.47;57,42;33,42;1,50;50,29;7,13
19,09.2019 12:30:15;32.6;2.25;311.1;852.942365310043;293.51;Module 1,12_9;889.99;73,35;33,80;4,19;141,75;-68,40
19,09.2019 12:32:03;33.6;4.38;311.1;911.9709022935734;293.51;Module 1,12_9;951.39;147,17;33,77;4,50;151,83;-4,66
19,09.2019 12:33:56;33.3;4.42;310.1;917.7119349329923;293.41;Module 1,12_9;957.18;147,19;33,95;4,52;153,59;-6,40
19,09.2019 12:35:50;33.5;3.68;310.1;908.4938345504448;293.53;Module 1,12_9;947.37;123,28;33,95;4,48;152,01;-28,73
19,09.2019 12:38:06;33.2;4.25;311.1;886.2488363229872;293.93;Module 1,12_9;923.95;141,10;33,79;4,36;147,44;-6,34
19,09.2019 12:40:28;32.8;4.32;311.1;893.0396603584753;294.38;Module 1,12_9;930.8;141,70;33,78;4,40;148,60;-6,91
19,09.2019 12:42:36;32.6;4.46;311.1;920.209749341766;294.83;Module 1,12_9;958.91;145,40;33,77;4,54;153,23;-7,84
19,09.2019 12:44:29;32.5;4.57;313.6;942.3058264850777;295.27;Module 1,12_9;981.75;148,53;33,32;4,65;154,97;-6,45
19,09.2019 12:46:22;32.4;4.71;313.6;973.200665044446;295.92;Module 1,12_9;1013.75;152,60;33,30;4,81;160,14;-7,54
19,09.2019 12:48:24;32.3;4.74;313.6;978.3082453737544;296.04;Module 1,12_9;1018.87;153,10;33,30;4,84;160,99;-7,89
19,09.2019 12:50:17;32.3;4.65;315.6;963.732087223291;295.92;Module 1,12_9;1003.51;150,19;32,95;4,76;156,90;-6,70
19,09.2019 12:52:22;32.1;4.8;315.6;986.0502890704076;296.24;Module 1,12_9;1026.55;154,08;32,94;4,88;160,58;-6,50
19,09.2019 12:54:15;31.9;4.34;315.6;895.2118508025826;296.6;Module 1,12_9;931.82;138,45;32,98;4,41;145,53;-7,08
19,09.2019 12:56:11;31.9;4.88;317.6;1006.070405576032;297.03;Module 1,12_9;1047.03;155,67;32,57;4,98;162,13;-6,46
19,09.2019 12:58:03;31.8;4.77;317.6;976.7130695092153;297.26;Module 1,12_9;1016.31;151,69;32,59;4,83;157,35;-5,66
19,09.2019 13:12:07;36.1;3.61;313.6;743.9401978348324;290.33;Module 1,12_9;773.21;130,32;33,36;3,64;121,42;8,90
19,09.2019 13:14:00;35.4;3.75;310.1;888.5423927276603;290.35;Module 1,12_9;923.37;132,75;33,96;4,38;148,59;-15,84
19,09.2019 13:15:55;34.3;4.33;310.1;901.9212177234868;291.17;Module 1,12_9;937.14;148,52;33,95;4,44;150,88;-2,36
19,09.2019 13:17:48;33.6;4.27;310.1;874.0345833848736;292.03;Module 1,12_9;908.04;143,47;33,97;4,30;146,10;-2,62
19,09.2019 13:19:53;33.3;4.37;310.1;909.1679667809658;292.88;Module 1,12_9;944.4;145,52;33,95;4,48;152,12;-6,60
19,09.2019 13:21:46;33.1;4.35;310.1;902.2878871107055;293.42;Module 1,12_9;937.13;143,98;33,95;4,45;150,95;-6,96
19,09.2019 13:23:39;32.8;4.32;310.1;901.7880214498762;294;Module 1,12_9;936.49;141,70;33,95;4,44;150,86;-9,16
19,09.2019 13:25:32;32.6;4.52;310.1;931.4489778071925;294.58;Module 1,12_9;967.17;147,35;33,95;4,59;155,94;-8,58
19,09.2019 13:27:27;32.5;4.51;313.6;936.411337575054;294.94;Module 1,12_9;972.2;146,57;33,32;4,62;153,98;-7,41
19,09.2019 13:29:54;32.2;4.48;313.6;938.3314174360089;295.76;Module 1,12_9;974.04;144,26;33,32;4,63;154,31;-10,05
19,09.2019 13:31:47;32.1;4.25;315.6;889.1135860202356;296.31;Module 1,12_9;922.84;136,43;32,98;4,38;144,51;-8,09
19,09.2019 13:33:55;32;4.44;315.6;915.7382015473955;296.46;Module 1,12_9;950.35;142,08;32,98;4,52;148,94;-6,86
19,09.2019 13:35:48;32;4.47;315.6;937.0526022853646;296.68;Module 1,12_9;972.36;143,04;32,97;4,62;152,48;-9,44
19,09.2019 13:37:41;32;4.52;317.6;952.3747199651862;296.86;Module 1,12_9;988.15;144,64;32,60;4,70;153,37;-8,73
19,09.2019 13:39:33;32;4.7;317.6;974.6852820746883;297.24;Module 1,12_9;1011.19;150,40;32,59;4,82;157,01;-6,61
19,09.2019 13:41:26;31.8;4.36;318.1;885.3678810797065;297.46;Module 1,12_9;918.43;138,65;32,54;4,36;141,98;-3,33
19,09.2019 13:43:19;31.8;4.18;318.1;864.6544100448887;297.41;Module 1,12_9;896.85;132,92;32,55;4,26;138,57;-5,64
19,09.2019 13:45:11;32.1;4.47;318.1;927.0863988243971;297.53;Module 1,12_9;961.51;143,49;32,52;4,58;148,82;-5,33
19,09.2019 13:47:04;32;4.55;318.1;962.7414660764333;297.54;Module 1,12_9;998.39;145,60;32,51;4,76;154,64;-9,04
19,09.2019 13:49:44;32;4.85;318.1;1009.782502974884;297.6;Module 1,12_9;1047.03;155,20;32,48;5,00;162,30;-7,10
19,09.2019 13:51:45;31.9;4.87;320.1;990.1302455309947;296.96;Module 1,12_9;1026.55;155,35;32,13;4,90;157,37;-2,02
19,09.2019 13:53:44;31.8;4.4;320.1;897.0435111260938;296.96;Module 1,12_9;929.95;139,92;32,18;4,42;142,33;-2,41
19,09.2019 13:55:39;31.8;4.91;321.7;1007.6022858974695;297.39;Module 1,12_9;1044.47;156,14;31,84;4,99;158,76;-2,62
19,09.2019 13:57:33;31.8;4.96;321.7;1027.4491178240594;297.05;Module 1,12_9;1064.95;157,73;31,83;5,09;161,91;-4,18
19,09.2019 13:59:25;32.3;1.49;321.7;305.83386738314084;296.65;Module 1,12_9;316.97;48,13;31,13;1,41;43,93;4,19
19,09.2019 14:01:20;31.6;1.93;321.7;387.82207994762337;296.2;Module 1,12_9;401.91;60,99;31,45;1,83;57,52;3,47
19,09.2019 14:03:12;33.9;4.9;321.7;1027.7023285291862;296.29;Module 1,12_9;1064.95;166,11;31,83;5,09;161,95;4,16
19,09.2019 14:10:44;33.5;4.81;316.1;993.4117296006709;295.32;Module 1,12_9;1029.11;161,13;32,84;4,91;161,37;-0,23
19,09.2019 14:12:37;32.8;4.21;316.1;958.8811550782395;296.15;Module 1,12_9;993.27;138,09;32,87;4,74;155,68;-17,59
19,09.2019 14:14:30;29;4.55;316.1;938.4199618422481;296.24;Module 1,12_9;972.01;131,95;32,88;4,63;152,30;-20,35
19,09.2019 14:16:23;32.6;4.59;316.1;961.4790171996508;296.35;Module 1,12_9;995.83;149,63;32,87;4,75;156,11;-6,47
19,09.2019 14:18:16;32.4;4.6;316.1;951.6517645981022;296.55;Module 1,12_9;985.59;149,04;32,87;4,70;154,49;-5,45
19,09.2019 14:21:29;31.5;1.33;317.6;303.74958084352295;295.62;Module 1,12_9;314.55;41,90;31,87;1,40;44,53;-2,64
19,09.2019 14:23:22;33.2;4.37;317.6;902.9083255009757;295.27;Module 1,12_9;934.96;145,08;32,63;4,45;145,25;-0,16
19,09.2019 14:25:16;32.8;4.01;316.1;836.908878510988;295.5;Module 1,12_9;866.57;131,53;32,91;4,11;135,43;-3,90
19,09.2019 14:27:12;32.7;3.85;316.1;801.7399248290044;295.67;Module 1,12_9;830.11;125,90;32,91;3,94;129,55;-3,65
19,09.2019 14:29:05;32.7;3.92;315.6;805.6726122752021;295.83;Module 1,12_9;834.14;128,18;33,01;3,96;130,55;-2,37
19,09.2019 14:30:59;32.6;4.15;315.6;819.0123314338728;296.07;Module 1,12_9;847.91;135,29;33,00;4,02;132,79;2,50
19,09.2019 14:32:54;33.5;4.57;315.6;945.6883923401949;296;Module 1,12_9;979.01;153,09;32,96;4,67;153,91;-0,81
19,09.2019 14:34:55;32.9;2.2;316.1;524.2627562038115;296.04;Module 1,12_9;542.71;72,38;32,77;2,52;82,57;-10,19
19,09.2019 14:36:48;33.1;4.16;316.1;940.7770808379819;295.71;Module 1,12_9;973.84;137,70;32,88;4,64;152,69;-14,99
19,09.2019 14:38:40;32.8;4.05;315.6;926.8246432317328;295.83;Module 1,12_9;959.36;132,84;32,97;4,57;150,78;-17,94
19,09.2019 14:40:34;32.6;4.41;315.6;920.5697408244922;296.12;Module 1,12_9;952.85;143,77;32,98;4,54;149,74;-5,98
19,09.2019 14:42:30;32.6;4.17;315.6;867.6764870974217;296.29;Module 1,12_9;898.07;135,94;32,99;4,27;140,93;-4,99
19,09.2019 14:44:23;32.6;4.28;316.1;890.4197753847964;296.69;Module 1,12_9;921.58;139,53;32,90;4,39;144,34;-4,82
19,09.2019 14:46:24;32.6;4.16;316.1;873.617045098577;297.11;Module 1,12_9;904.16;135,62;32,90;4,30;141,55;-5,93
19,09.2019 14:48:19;32.7;3.98;316.1;823.0105162575926;297.11;Module 1,12_9;851.76;130,15;32,91;4,04;133,11;-2,96
19,09.2019 14:50:22;32.5;4.39;317.6;911.8146594801184;297.32;Module 1,12_9;943.64;142,67;32,62;4,50;146,71;-4,04
19,09.2019 14:52:37;32.5;4.41;317.6;910.9893803767898;297.39;Module 1,12_9;942.76;143,33;32,62;4,49;146,58;-3,25
19,09.2019 14:54:29;32.4;4.25;317.6;879.4479207192769;297.32;Module 1,12_9;910.1;137,70;32,63;4,33;141,38;-3,68
19,09.2019 14:56:22;32.4;4.15;317.6;852.3389086128986;297.51;Module 1,12_9;882.03;134,46;32,64;4,19;136,91;-2,45
19,09.2019 14:58:28;32.4;4.2;317.6;871.3042243946231;297.52;Module 1,12_9;901.64;136,08;32,63;4,29;140,04;-3,96
19,09.2019 15:00:20;32.3;4.25;317.6;889.1260132872638;297.56;Module 1,12_9;920.07;137,27;32,63;4,38;142,98;-5,70
19,09.2019 15:02:13;32.2;4.24;317.6;875.751598302213;297.51;Module 1,12_9;906.22;136,53;32,63;4,31;140,77;-4,24
19,09.2019 15:04:06;32.3;4.31;317.6;887.075731577085;297.51;Module 1,12_9;917.93;139,21;32,63;4,37;142,64;-3,43
19,09.2019 15:05:59;32.3;4.15;317.6;857.606491923829;297.54;Module 1,12_9;887.43;134,04;32,64;4,22;137,78;-3,73
19,09.2019 15:07:53;32.4;3.83;317.6;797.809381754188;297.42;Module 1,12_9;825.55;124,09;32,65;3,92;127,87;-3,77
19,09.2019 15:09:47;32.3;4;318.1;822.144686998722;297.39;Module 1,12_9;850.73;129,20;32,55;4,04;131,55;-2,35
19,09.2019 15:11:39;32.4;4.08;318.1;848.3335167426997;297.59;Module 1,12_9;877.83;132,19;32,55;4,17;135,88;-3,68
19,09.2019 15:13:32;32.3;4.02;318.1;827.4084149308518;297.96;Module 1,12_9;856.18;129,85;32,55;4,07;132,42;-2,58
19,09.2019 15:15:26;32.3;3.89;318.1;813.6810230344572;298.03;Module 1,12_9;841.98;125,65;32,55;4,00;130,15;-4,50
19,09.2019 15:17:18;32.4;4.02;318.1;823.6765858280346;298.03;Module 1,12_9;852.33;130,25;32,55;4,05;131,80;-1,56
19,09.2019 15:19:11;32.4;3.95;318.1;810.602552429014;297.95;Module 1,12_9;838.81;127,98;32,55;3,98;129,64;-1,66
19,09.2019 15:21:08;32.4;3.61;318.1;746.9278181116216;297.69;Module 1,12_9;772.93;116,96;32,55;3,66;119,07;-2,11
19,09.2019 15:23:00;32.7;4.14;317.6;857.8331444745;297.89;Module 1,12_9;887.71;135,38;32,64;4,22;137,81;-2,44
19,09.2019 15:24:43;32.5;4.08;317.6;854.2048754606507;297.78;Module 1,12_9;883.97;132,60;32,64;4,20;137,21;-4,61
19,09.2019 15:26:36;32.5;4.13;317.6;859.7434962232583;297.5;Module 1,12_9;889.72;134,22;32,64;4,23;138,13;-3,90
19,09.2019 15:28:29;32.5;4.02;317.6;836.6968765736954;297.52;Module 1,12_9;865.89;130,65;32,64;4,12;134,32;-3,67
19,09.2019 15:30:23;32.5;4.11;317.6;855.3237517295904;297.62;Module 1,12_9;885.19;133,58;32,64;4,21;137,40;-3,82
19,09.2019 15:32:16;32.5;3.84;318.1;769.0436263897972;297.04;Module 1,12_9;795.92;124,80;32,55;3,77;122,75;2,05
19,09.2019 15:34:09;32.6;3.81;318.1;740.7580185481916;296.19;Module 1,12_9;766.67;124,21;32,55;3,63;118,04;6,16
19,09.2019 15:36:02;32.8;3.78;318.1;793.1569627818011;295.6;Module 1,12_9;820.93;123,98;32,55;3,89;126,75;-2,77
19,09.2019 15:37:55;32.7;3.85;317.6;802.8468495796448;295.71;Module 1,12_9;830.99;125,90;32,65;3,94;128,70;-2,81
19,09.2019 15:39:48;32.7;3.81;317.6;798.3900664940426;296.19;Module 1,12_9;826.41;124,59;32,65;3,92;127,96;-3,37
19,09.2019 15:41:41;32.7;3.95;317.6;820.7972634207765;296.66;Module 1,12_9;849.64;129,17;32,65;4,03;131,68;-2,52
19,09.2019 15:43:34;32.8;3.8;317.6;795.7883407107312;297.03;Module 1,12_9;823.79;124,64;32,65;3,91;127,53;-2,89
19,09.2019 15:45:27;32.5;3.76;317.6;777.415553403741;297.17;Module 1,12_9;804.81;122,20;32,65;3,81;124,47;-2,27
19,09.2019 15:47:29;32.8;4.02;317.6;839.0354624456016;297.1;Module 1,12_9;868.65;131,86;32,64;4,13;134,70;-2,85
19,09.2019 15:49:30;32.8;4.23;317.6;877.4266173799441;297.08;Module 1,12_9;908.45;138,74;32,63;4,32;141,05;-2,31
19,09.2019 15:51:23;32.7;4.02;317.6;768.9842124451715;297.4;Module 1,12_9;796.22;131,45;32,65;3,77;123,07;8,39
19,09.2019 15:53:18;32.7;3.57;317.6;746.5791330367902;297.59;Module 1,12_9;773.07;116,74;32,65;3,66;119,33;-2,59
19,09.2019 15:55:11;32.6;3;317.6;610.6028234830102;297.67;Module 1,12_9;632.31;97,80;32,59;2,96;96,51;1,29
19,09.2019 15:57:04;32.9;3.11;317.6;630.3366211553803;297.36;Module 1,12_9;652.79;102,32;32,60;3,06;99,84;2,48
19,09.2019 15:58:57;33.1;2.66;317.6;561.0818439150074;297.08;Module 1,12_9;581.11;88,05;32,54;2,71;88,15;-0,11
19,09.2019 16:00:50;33.2;2.98;315.6;615.4144511125348;296.7;Module 1,12_9;637.43;98,94;32,95;2,98;98,36;0,58
19,09.2019 16:02:44;33.5;3.43;315.6;707.7432714584479;296.71;Module 1,12_9;733.12;114,91;33,00;3,46;114,04;0,87
19,09.2019 16:04:47;33;2.76;315.6;627.6661051674712;296.92;Module 1,12_9;650.23;91,08;32,96;3,05;100,44;-9,36
19,09.2019 16:06:41;33;3.18;315.6;676.9531973184672;297.21;Module 1,12_9;701.35;104,94;32,98;3,30;108,82;-3,88
19,09.2019 16:08:33;33.2;3.3;315.6;698.2703572323833;297.18;Module 1,12_9;723.5;109,56;32,99;3,41;112,44;-2,88
19,09.2019 16:10:38;33.1;3.51;314.1;721.0592152232026;297;Module 1,12_9;747.19;116,18;33,27;3,52;117,21;-1,03
19,09.2019 16:12:31;33;3.26;314.1;689.4254756306323;296.94;Module 1,12_9;714.48;107,58;33,26;3,36;111,81;-4,23
19,09.2019 16:14:23;33;3.27;314.1;645.7258390361103;296.92;Module 1,12_9;669.26;107,91;33,24;3,14;104,33;3,58
19,09.2019 16:16:16;33.2;3.47;315.6;734.2873293409256;296.84;Module 1,12_9;761.13;115,20;33,00;3,59;118,53;-3,32
19,09.2019 16:18:09;33.1;3.45;315.6;715.453997663129;296.73;Module 1,12_9;741.69;114,20;33,00;3,50;115,34;-1,15
19,09.2019 16:20:03;33.1;3.39;314.1;710.1436422158503;296.9;Module 1,12_9;736.27;112,21;33,27;3,47;115,35;-3,14
19,09.2019 16:21:55;33.1;3.46;314.1;720.0415174647223;297.1;Module 1,12_9;746.62;114,53;33,27;3,52;117,03;-2,51
19,09.2019 16:23:48;33;3.34;314.1;692.0174631494015;297.19;Module 1,12_9;717.65;110,22;33,26;3,38;112,25;-2,03
19,09.2019 16:25:40;33;3.35;314.1;703.9143036970744;297.27;Module 1,12_9;730.08;110,55;33,27;3,44;114,28;-3,73
19,09.2019 16:27:33;33;3.2;314.1;621.9072012205024;297.45;Module 1,12_9;645.11;105,60;33,23;3,02;100,24;5,36
19,09.2019 16:29:28;33.2;3.15;314.1;660.2220321527943;297.29;Module 1,12_9;684.95;104,58;33,25;3,21;106,81;-2,23
19,09.2019 16:31:21;33.3;3.17;314.1;661.8629330352302;297.3;Module 1,12_9;686.75;105,56;33,25;3,22;107,09;-1,53
19,09.2019 16:34:14;33.5;3.27;313.6;689.5780604530598;297.15;Module 1,12_9;715.67;109,55;33,35;3,36;112,12;-2,58
19,09.2019 16:36:11;33.5;3.27;313.6;685.4114037289902;297.35;Module 1,12_9;711.46;109,55;33,35;3,34;111,41;-1,86
19,09.2019 16:38:05;33.1;3.04;313.6;634.7595960701558;297.55;Module 1,12_9;658.99;100,62;33,32;3,08;102,71;-2,09
19,09.2019 16:39:57;33.2;3.06;313.6;606.4948461152334;297.53;Module 1,12_9;629.75;101,59;33,30;2,94;97,85;3,75
19,09.2019 16:41:50;33.3;3.02;313.6;635.5378918808082;297.35;Module 1,12_9;660.02;100,57;33,32;3,09;102,85;-2,28
19,09.2019 16:43:43;33.4;3.08;313.6;649.9816494037896;297.3;Module 1,12_9;675.14;102,87;33,33;3,16;105,33;-2,46
19,09.2019 16:45:35;33.3;3.06;313.6;642.8560380360553;297.38;Module 1,12_9;667.86;101,90;33,33;3,12;104,10;-2,21
19,09.2019 16:47:30;33.3;2.85;313.6;596.2011714597253;297.39;Module 1,12_9;619.51;94,91;33,30;2,89;96,07;-1,17
19,09.2019 16:49:23;33.4;2.98;313.6;630.5691509378562;297.21;Module 1,12_9;655.35;99,53;33,32;3,06;101,99;-2,46
19,09.2019 16:51:16;33.5;2.96;313.6;610.7399428792364;297.32;Module 1,12_9;634.87;99,16;33,30;2,96;98,58;0,58
19,09.2019 16:53:23;33.1;2.97;313.6;617.9825354464156;297.64;Module 1,12_9;642.55;98,31;33,31;3,00;99,82;-1,52
19,09.2019 16:55:23;33.2;2.95;313.6;615.3785925199301;297.96;Module 1,12_9;639.99;97,94;33,31;2,98;99,38;-1,44
19,09.2019 16:57:18;33.5;2.91;311.1;605.3941205877264;297.85;Module 1,12_9;629.75;97,48;33,75;2,93;98,91;-1,42
19,09.2019 16:59:11;32.9;2.54;311.1;521.5995240375346;297.68;Module 1,12_9;542.71;83,57;33,66;2,50;84,24;-0,68
19,09.2019 17:01:03;32.7;2.57;311.1;533.7750060050895;297.33;Module 1,12_9;555.51;84,04;33,68;2,56;86,38;-2,34
19,09.2019 17:02:56;33.5;2.55;311.1;533.6431413610205;296.87;Module 1,12_9;555.51;85,42;33,68;2,56;86,35;-0,93
19,09.2019 17:04:49;33.6;2.69;311.1;560.5516348951891;296.81;Module 1,12_9;583.67;90,38;33,71;2,70;91,07;-0,68
19,09.2019 17:06:46;33.5;2.57;311.1;535.819360056672;296.98;Module 1,12_9;558.07;86,09;33,68;2,58;86,74;-0,64
19,09.2019 17:08:38;34;2.59;310.1;547.9611055425607;296.83;Module 1,12_9;570.87;88,06;33,88;2,64;89,31;-1,25
19,09.2019 17:10:33;34;2.58;310.1;542.8911675059092;296.81;Module 1,12_9;565.75;87,72;33,87;2,61;88,42;-0,70
19,09.2019 17:12:29;34;2.52;310.1;535.361724561404;296.55;Module 1,12_9;558.07;85,68;33,86;2,57;87,09;-1,41
19,09.2019 17:14:28;34;2.48;310.1;527.8271444598665;295.78;Module 1,12_9;550.39;84,32;33,84;2,53;85,76;-1,44
19,09.2019 17:16:20;34.1;2.46;310.1;525.2103590716243;295.16;Module 1,12_9;547.83;83,89;33,84;2,52;85,30;-1,42
19,09.2019 17:18:21;34.2;2.4;310.1;510.30902257168;294.9;Module 1,12_9;532.47;82,08;33,82;2,44;82,68;-0,60
19,09.2019 17:20:14;34.3;2.4;310.1;512.5921688545275;294.97;Module 1,12_9;535.03;82,32;33,83;2,46;83,08;-0,76
19,09.2019 17:22:15;34.1;2.39;309.6;507.50012204821763;295.1;Module 1,12_9;529.91;81,50;33,91;2,43;82,38;-0,88
19,09.2019 17:24:10;33.8;2.39;309.6;502.4148001594241;295.09;Module 1,12_9;524.79;80,78;33,90;2,40;81,48;-0,70
19,09.2019 17:26:03;33.7;2.35;309.6;494.880296245586;295.14;Module 1,12_9;517.11;79,20;33,89;2,37;80,15;-0,96
19,09.2019 17:27:57;33.8;2.33;309.6;489.792576876862;295.21;Module 1,12_9;511.99;78,75;33,88;2,34;79,25;-0,50
19,09.2019 17:29:50;33.7;2.29;309.6;479.8079560274555;295.57;Module 1,12_9;501.75;77,17;33,86;2,29;77,49;-0,31
19,09.2019 17:31:46;33.7;2.29;308.1;477.1607451695609;295.92;Module 1,12_9;499.19;77,17;34,13;2,27;77,59;-0,41
19,09.2019 17:33:41;33.5;2.31;308.1;479.4024486940306;296.15;Module 1,12_9;501.75;77,39;34,13;2,28;77,99;-0,60
19,09.2019 17:35:54;33.4;2.3;307.6;471.82192387658887;296.46;Module 1,12_9;494.07;76,82;34,20;2,25;76,82;0,00
19,09.2019 17:37:46;33.4;2.25;307.6;464.2791613199722;296.32;Module 1,12_9;486.39;75,15;34,20;2,21;75,47;-0,32
19,09.2019 17:39:39;33.8;2.14;307.6;446.9641082582988;296.12;Module 1,12_9;468.47;72,33;34,16;2,12;72,37;-0,04
19,09.2019 17:41:33;34.1;1.8;307.6;368.6241291163834;295.9;Module 1,12_9;386.55;61,38;33,95;1,72;58,36;3,02
19,09.2019 17:43:26;34.3;1.92;307.6;412.35973191307215;295.79;Module 1,12_9;432.63;65,86;34,08;1,94;66,18;-0,33
19,09.2019 17:45:21;34.4;1.86;307.6;397.50846704338926;295.53;Module 1,12_9;417.27;63,98;34,03;1,87;63,53;0,46
19,09.2019 17:47:13;34.6;1.89;307.6;402.17057213555063;295.2;Module 1,12_9;422.39;65,39;34,05;1,89;64,36;1,03
19,09.2019 17:49:08;34.6;1.77;306;377.58071378788196;295.04;Module 1,12_9;396.79;61,24;34,26;1,76;60,42;0,82
19,09.2019 17:51:01;34.6;1.85;306;389.5346343315877;294.89;Module 1,12_9;409.59;64,01;34,30;1,82;62,58;1,43
19,09.2019 17:52:54;34.5;1.79;306;367.40124486864676;294.89;Module 1,12_9;386.55;61,76;34,23;1,71;58,58;3,17
19,09.2019 17:54:47;34.3;1.37;306;286.25222549476007;294.67;Module 1,12_9;301.36;46,99;33,88;1,30;43,98;3,01
19,09.2019 17:56:48;34.5;1.45;306;315.88651739235473;294.3;Module 1,12_9;332.79;50,02;34,02;1,45;49,31;0,72
19,09.2019 17:58:41;34.9;1.64;305.5;359.38278684522066;294;Module 1,12_9;378.87;57,24;34,29;1,67;57,27;-0,04
19,09.2019 18:00:34;34.8;1.5;305.5;325.1575773913488;293.92;Module 1,12_9;343.03;52,20;34,16;1,50;51,09;1,11
20,09.2019 09:42:59;36.4;1.29;289.4;280.4180806059648;280.88;Module 1,12_9;308.96;46,96;36,80;1,25;46,09;0,87
20,09.2019 09:44:51;36.3;1.39;289.4;304.8322168482162;281.41;Module 1,12_9;335.35;50,46;36,93;1,38;50,84;-0,38
20,09.2019 09:46:46;36.5;1.21;289.4;294.01208976565147;281.93;Module 1,12_9;322.96;44,16;36,88;1,32;48,73;-4,57
20,09.2019 09:48:40;35.8;1.55;289.4;322.0697761668707;282.39;Module 1,12_9;353.27;55,49;37,01;1,46;54,19;1,30
20,09.2019 09:52:29;30.2;1.59;287.4;332.32125624370104;283.09;Module 1,12_9;363.51;48,02;37,40;1,51;56,64;-8,63
20,09.2019 09:54:25;33.2;1.66;287.4;351.51179392816744;283.48;Module 1,12_9;383.99;55,11;37,48;1,61;60,42;-5,31
20,09.2019 09:56:20;34.8;1.68;287.4;361.3473690916626;283.88;Module 1,12_9;394.23;58,46;37,51;1,66;62,35;-3,89
20,09.2019 09:58:24;35.8;1.72;287.4;366.5290998089743;284.35;Module 1,12_9;399.35;61,58;37,52;1,69;63,37;-1,80
20,09.2019 10:00:16;36;1.65;287.4;357.54797180872913;284.7;Module 1,12_9;389.11;59,40;37,49;1,64;61,61;-2,21
20,09.2019 10:02:16;35.9;1.75;291.4;374.4685353682311;285;Module 1,12_9;407.03;62,82;36,84;1,73;63,87;-1,05
20,09.2019 10:04:08;35.8;1.77;291.4;381.9536200950391;285.46;Module 1,12_9;414.71;63,37;36,87;1,77;65,32;-1,95
20,09.2019 10:06:18;35.9;1.7;293.4;363.5404674345981;285.89;Module 1,12_9;394.23;61,03;36,46;1,68;61,24;-0,21
20,09.2019 10:08:20;35.8;1.83;293.4;392.30968485544264;286.03;Module 1,12_9;424.95;65,51;36,55;1,83;66,75;-1,24
20,09.2019 10:10:14;35.6;1.5;294;328.83392569568787;286.25;Module 1,12_9;355.83;53,40;36,23;1,50;54,46;-1,06
20,09.2019 10:12:07;35.6;1.96;294;419.1452789608634;286.45;Module 1,12_9;453.11;69,78;36,51;1,96;71,71;-1,93
20,09.2019 10:14:03;35.7;2.05;294;436.1497998442623;286.67;Module 1,12_9;471.03;73,19;36,55;2,05;74,96;-1,77
20,09.2019 10:15:56;35.7;1.99;295;422.3197987498349;286.86;Module 1,12_9;455.67;71,04;36,34;1,98;72,00;-0,96
20,09.2019 10:17:49;35.5;2.08;295;432.2014821985198;287.14;Module 1,12_9;465.91;73,84;36,36;2,03;73,88;-0,04
20,09.2019 10:19:44;34;2.13;295;439.7201520590227;287.38;Module 1,12_9;473.59;72,42;36,38;2,07;75,31;-2,89
20,09.2019 10:21:45;34;2.04;295;418.712328107688;287.48;Module 1,12_9;450.55;69,36;36,33;1,96;71,32;-1,96
20,09.2019 10:23:42;34.3;2.32;295;478.60331197097713;287.5;Module 1,12_9;514.55;79,58;36,45;2,27;82,70;-3,13
20,09.2019 10:25:35;33.5;2.17;295;445.6294088753997;287.68;Module 1,12_9;478.71;72,69;36,39;2,10;76,44;-3,74
20,09.2019 10:27:28;34.5;1.89;295;395.8982628893951;287.88;Module 1,12_9;424.95;65,20;36,27;1,85;66,98;-1,77
20,09.2019 10:29:21;34.9;2.19;297.5;465.422700320137;288.1;Module 1,12_9;499.19;76,43;35,99;2,20;79,32;-2,88
20,09.2019 10:31:15;35.1;2.17;297.5;453.8338763586254;288.21;Module 1,12_9;486.39;76,17;35,97;2,14;77,14;-0,97
20,09.2019 10:33:08;35;2.01;297.5;415.92160247052396;288.28;Module 1,12_9;445.43;70,35;35,88;1,95;70,01;0,34
20,09.2019 10:35:06;35;2.33;297.5;492.78411660642575;288.33;Module 1,12_9;527.35;81,55;36,04;2,34;84,45;-2,90
20,09.2019 10:37:14;35;2.3;297.5;485.9926020775535;288.53;Module 1,12_9;519.67;80,50;36,02;2,31;83,18;-2,68
20,09.2019 10:39:07;34.5;1.87;298;392.89076696143485;288.7;Module 1,12_9;419.83;64,52;35,73;1,83;65,54;-1,02
20,09.2019 10:41:19;34.8;2.09;298;433.9553218680016;288.78;Module 1,12_9;463.35;72,73;35,84;2,04;73,24;-0,51
20,09.2019 10:43:26;34.6;2.42;299.5;496.65427030234395;288.77;Module 1,12_9;529.91;83,73;35,69;2,37;84,41;-0,68
20,09.2019 10:45:19;34.9;2.4;299.5;499.36923866853294;288.87;Module 1,12_9;532.47;83,76;35,70;2,38;84,92;-1,16
20,09.2019 10:47:13;34.8;2.47;299.5;518.8995267005006;289.13;Module 1,12_9;552.95;85,96;35,72;2,48;88,55;-2,59
20,09.2019 10:49:20;34.8;2.44;299.5;504.82760902520636;289.34;Module 1,12_9;537.59;84,91;35,70;2,41;85,93;-1,02
20,09.2019 10:51:33;34.7;2.67;299.5;555.6958342792876;289.56;Module 1,12_9;591.35;92,65;35,77;2,67;95,38;-2,73
20,09.2019 10:53:30;34.6;2.56;301.5;531.955361607112;289.77;Module 1,12_9;565.75;88,58;35,38;2,55;90,14;-1,56
20,09.2019 10:55:23;34.4;2.44;301.5;512.9865978019294;289.94;Module 1,12_9;545.27;83,94;35,36;2,45;86,65;-2,71
20,09.2019 10:57:16;34.4;2.43;301.5;498.8099379375372;290.08;Module 1,12_9;529.91;83,59;35,34;2,38;84,04;-0,45
20,09.2019 10:59:09;34.3;2.06;301.5;419.513506134022;290.1;Module 1,12_9;445.43;70,66;35,18;1,97;69,42;1,23
20,09.2019 11:01:01;34.3;2.49;302;528.2863616615497;290.1;Module 1,12_9;560.63;85,41;35,29;2,53;89,25;-3,85
20,09.2019 11:02:57;34.4;2.68;302;557.5289127656572;290.32;Module 1,12_9;591.35;92,19;35,32;2,68;94,62;-2,42
20,09.2019 11:04:50;34.3;2.48;302;504.68455430486193;290.57;Module 1,12_9;535.03;85,06;35,26;2,41;84,92;0,14
20,09.2019 11:07:09;34.3;2.9;302;599.2251209003048;290.69;Module 1,12_9;634.87;99,47;35,36;2,89;102,25;-2,78
20,09.2019 11:09:03;34.2;2.66;302;585.01172019776;290.85;Module 1,12_9;619.51;90,97;35,35;2,82;99,65;-8,68
20,09.2019 11:10:56;34.2;3.07;302;625.1188967523794;291.12;Module 1,12_9;661.67;104,99;35,38;3,02;106,98;-1,99
20,09.2019 11:12:48;34;2.7;302;551.6804777803677;291.36;Module 1,12_9;583.67;91,80;35,32;2,65;93,54;-1,74
20,09.2019 11:14:42;34.1;2.82;302;588.2447719742853;291.35;Module 1,12_9;622.07;96,16;35,35;2,84;100,24;-4,08
20,09.2019 11:16:45;34;2.97;303.5;617.5926445138325;291.28;Module 1,12_9;652.79;100,98;35,11;2,99;104,86;-3,88
20,09.2019 11:18:49;33.9;3.33;303.5;687.5139746865856;291.49;Module 1,12_9;726.35;112,89;35,14;3,34;117,51;-4,62
20,09.2019 11:20:43;33.7;2.96;303.5;615.7280755154757;291.85;Module 1,12_9;650.23;99,75;35,11;2,98;104,52;-4,77
20,09.2019 11:22:42;33.5;2.73;303.5;538.3911355166755;292.02;Module 1,12_9;568.31;91,45;35,04;2,58;90,47;0,99
20,09.2019 11:24:35;33.7;2.64;303.5;543.4636077142504;291.89;Module 1,12_9;573.43;88,97;35,04;2,61;91,39;-2,42
20,09.2019 11:26:35;33.7;3.09;305.5;633.6643033975798;292;Module 1,12_9;668.32;104,13;34,77;3,07;106,75;-2,61
20,09.2019 11:28:30;33.7;3.3;305.5;671.2609290316805;292.16;Module 1,12_9;707.69;111,21;34,78;3,26;113,48;-2,27
20,09.2019 11:30:26;33.6;3.23;306;663.6978731301108;292.35;Module 1,12_9;699.44;108,53;34,69;3,22;111,86;-3,33
20,09.2019 11:32:32;33.5;3.24;306;673.9352657250414;292.46;Module 1,12_9;709.93;108,54;34,70;3,28;113,68;-5,14
20,09.2019 11:34:35;33.6;3.44;306;711.1014441189311;292.61;Module 1,12_9;748.78;115,58;34,70;3,47;120,31;-4,72
20,09.2019 11:36:32;33.5;3.19;307.6;659.3631859227349;292.53;Module 1,12_9;694.04;106,86;34,41;3,20;110,22;-3,35
20,09.2019 11:38:27;33.5;3.24;307.6;671.2153038806634;292.53;Module 1,12_9;706.26;108,54;34,41;3,26;112,32;-3,78
20,09.2019 11:40:20;33.3;3.32;307.6;683.0290763566602;292.72;Module 1,12_9;718.44;110,56;34,41;3,32;114,41;-3,85
20,09.2019 11:42:12;33.4;3.55;307.6;724.1268195757175;292.9;Module 1,12_9;761.41;118,57;34,42;3,53;121,67;-3,10
20,09.2019 11:44:05;33.3;3.67;307.6;756.1835389683673;293.22;Module 1,12_9;794.85;122,21;34,43;3,70;127,31;-5,10
20,09.2019 11:45:59;33.2;3.55;308.1;727.8281199932742;293.67;Module 1,12_9;764.79;117,86;34,34;3,55;122,02;-4,16
20,09.2019 11:48:03;33;3.2;308.1;653.3064387232596;293.65;Module 1,12_9;686.24;105,60;34,31;3,17;108,88;-3,28
20,09.2019 11:50:01;33;2.91;309.6;602.1642177064699;293.37;Module 1,12_9;632.31;96,03;34,02;2,91;99,08;-3,05
20,09.2019 11:51:57;33.2;3.01;309.6;627.3919529587436;293.42;Module 1,12_9;658.59;99,93;34,03;3,04;103,52;-3,59
20,09.2019 11:53:58;33.2;2.71;309.6;561.082119640045;293.1;Module 1,12_9;588.79;89,97;33,98;2,70;91,85;-1,87
20,09.2019 11:55:58;33.2;2.59;309.6;536.8578157258075;293.09;Module 1,12_9;563.19;85,99;33,95;2,58;87,57;-1,58
20,09.2019 11:57:52;33.3;2.8;309.6;612.6892839738584;292.87;Module 1,12_9;642.55;93,24;34,02;2,97;100,93;-7,69
20,09.2019 11:59:50;33.4;3.39;308.1;704.5168985314612;292.85;Module 1,12_9;738.63;113,23;34,34;3,43;117,91;-4,69
20,09.2019 12:01:44;33.4;3.58;308.1;735.5548495803093;293.15;Module 1,12_9;770.95;119,57;34,34;3,59;123,38;-3,80
20,09.2019 12:03:45;33.2;3.56;309.6;729.7809232063044;293.39;Module 1,12_9;764.67;118,19;34,07;3,56;121,45;-3,26
20,09.2019 12:05:42;33;3.44;309.6;699.2385670053309;293.54;Module 1,12_9;732.46;113,52;34,06;3,41;116,11;-2,59
20,09.2019 12:07:40;32.9;3.38;309.6;705.3551575857267;293.68;Module 1,12_9;738.66;111,20;34,07;3,44;117,18;-5,98
20,09.2019 12:09:51;32.9;3.13;309.6;642.670444296419;293.8;Module 1,12_9;672.81;102,98;34,04;3,12;106,20;-3,23
20,09.2019 12:11:53;33;3.51;309.6;717.9496177803627;294.18;Module 1,12_9;751.41;115,83;34,07;3,50;119,38;-3,55
20,09.2019 12:13:53;32.8;3.58;310.1;730.9974375706566;294.52;Module 1,12_9;764.86;117,42;33,98;3,57;121,36;-3,93
20,09.2019 12:15:57;32.7;3.4;310.1;695.8636769030015;294.88;Module 1,12_9;727.9;111,18;33,98;3,39;115,24;-4,06
20,09.2019 12:18:10;32.7;3.42;311.1;702.4416918355312;295;Module 1,12_9;734.57;111,83;33,80;3,43;115,80;-3,96
20,09.2019 12:20:11;32.9;3.81;311.1;782.4420977925588;295.01;Module 1,12_9;818.02;125,35;33,80;3,83;129,63;-4,28
20,09.2019 12:22:11;32.9;3.54;311.1;722.9840405197646;295.03;Module 1,12_9;755.67;116,47;33,80;3,53;119,36;-2,89
20,09.2019 12:24:25;32.8;3.67;311.1;750.9154402283634;294.89;Module 1,12_9;784.65;120,38;33,80;3,67;124,19;-3,81
20,09.2019 12:26:30;32.7;3.36;311.1;702.522634029535;294.61;Module 1,12_9;733.9;109,87;33,80;3,43;115,81;-5,94
20,09.2019 12:28:37;32.8;3.63;311.1;748.5608196136869;294.39;Module 1,12_9;781.8;119,06;33,80;3,66;123,78;-4,72
20,09.2019 12:30:30;32.8;3.69;311.1;755.4751447158424;294.56;Module 1,12_9;788.85;121,03;33,80;3,70;124,98;-3,95
20,09.2019 12:32:46;32.6;3.53;311.1;725.848300213469;294.85;Module 1,12_9;757.72;115,08;33,80;3,55;119,85;-4,78
20,09.2019 12:35:01;32.5;2.92;311.1;581.3350656595755;294.75;Module 1,12_9;606.71;94,90;33,73;2,81;94,70;0,20
20,09.2019 12:36:56;32.8;3.36;311.1;683.2452390894698;294.83;Module 1,12_9;712.92;110,21;33,80;3,33;112,47;-2,26
20,09.2019 12:38:55;32.7;3.45;311.1;714.9175054168691;295.1;Module 1,12_9;745.81;112,82;33,80;3,49;117,96;-5,15
20,09.2019 12:40:47;32.6;3.24;313.6;661.6349415806745;295.37;Module 1,12_9;690.09;105,62;33,34;3,22;107,33;-1,71
20,09.2019 12:42:40;32.7;3.38;313.6;704.417484711405;295.34;Module 1,12_9;734.57;110,53;33,35;3,44;114,66;-4,14
20,09.2019 12:44:35;33;3.69;313.6;752.9138496680378;295.12;Module 1,12_9;784.99;121,77;33,36;3,69;122,95;-1,18
20,09.2019 12:46:30;33;3.93;313.6;812.6310988055268;295.3;Module 1,12_9;847.09;129,69;33,36;3,99;133,11;-3,42
20,09.2019 12:48:24;32.8;3.95;313.6;804.2710690325997;295.4;Module 1,12_9;838.22;129,56;33,36;3,95;131,69;-2,13
20,09.2019 12:50:18;32.6;3.85;313.6;782.2779231475151;295.79;Module 1,12_9;815.15;125,51;33,36;3,84;127,95;-2,44
20,09.2019 12:52:20;32.7;3.53;313.6;722.2637772877638;296;Module 1,12_9;752.47;115,43;33,36;3,53;117,72;-2,29
20,09.2019 12:54:21;32.7;3.54;313.6;759.6092453125741;296.32;Module 1,12_9;791.23;115,76;33,36;3,72;124,09;-8,33
20,09.2019 12:56:20;32.4;3.63;313.6;768.9156951073924;296.79;Module 1,12_9;800.78;117,61;33,36;3,77;125,68;-8,06
20,09.2019 12:58:13;32.4;3.9;313.6;798.9503484932734;297.12;Module 1,12_9;831.92;126,36;33,36;3,92;130,78;-4,42
20,09.2019 13:00:14;32.2;3.85;314.1;791.1184726140118;297.31;Module 1,12_9;823.62;123,97;33,27;3,88;129,12;-5,15
20,09.2019 13:02:18;32.2;3.77;314.1;772.217109832277;297.45;Module 1,12_9;803.8;121,39;33,27;3,78;125,91;-4,52
20,09.2019 13:04:32;32.4;3.73;314.1;759.9949638679757;297.66;Module 1,12_9;790.93;120,85;33,27;3,72;123,84;-2,98
20,09.2019 13:06:24;32.4;3.55;315.6;702.9682989088546;297.78;Module 1,12_9;731.47;115,02;32,99;3,43;113,23;1,79
20,09.2019 13:08:48;32.5;3.48;315.6;718.5891950783035;297.69;Module 1,12_9;747.58;113,10;33,00;3,51;115,88;-2,78
20,09.2019 13:10:41;32.6;3.8;315.6;780.2325376371963;297.57;Module 1,12_9;811.59;123,88;33,01;3,83;126,28;-2,40
20,09.2019 13:12:38;32.6;3.83;315.6;784.8209984848241;297.36;Module 1,12_9;816.24;124,86;33,01;3,85;127,05;-2,19
20,09.2019 13:14:33;32.3;3.89;314.1;797.4266675495553;297.32;Module 1,12_9;829.23;125,65;33,27;3,91;130,19;-4,54
20,09.2019 13:16:26;32.4;3.7;314.1;752.7383871320969;297.48;Module 1,12_9;782.65;119,88;33,27;3,68;122,60;-2,72
20,09.2019 13:18:24;32.5;3.3;314.1;652.3063422974687;297.22;Module 1,12_9;678.13;107,25;33,24;3,17;105,46;1,79
20,09.2019 13:20:23;32.5;3;315.6;625.5572615348009;297.08;Module 1,12_9;650.23;97,50;32,96;3,04;100,08;-2,58
20,09.2019 13:22:16;32.6;3.24;315.6;664.3481762464446;296.92;Module 1,12_9;690.46;105,62;32,98;3,23;106,68;-1,06
20,09.2019 13:24:13;32.7;3.33;314.1;674.5411515672022;296.82;Module 1,12_9;700.96;108,89;33,26;3,29;109,26;-0,37
20,09.2019 13:26:05;32.7;2.86;314.1;593.7718068320805;296.75;Module 1,12_9;616.95;93,52;33,20;2,87;95,41;-1,88
20,09.2019 13:28:00;32.9;3.05;314.1;625.8803592474634;296.53;Module 1,12_9;650.23;100,34;33,23;3,04;100,92;-0,58
20,09.2019 13:29:53;33.1;3.37;314.1;697.232263200038;296.33;Module 1,12_9;724.27;111,55;33,27;3,40;113,14;-1,59
20,09.2019 13:31:45;33;3.17;314.1;650.5712567417254;296.14;Module 1,12_9;675.72;104,61;33,24;3,16;105,16;-0,55
20,09.2019 13:33:53;33;3.19;313.6;653.3048375461078;296.07;Module 1,12_9;678.47;105,27;33,34;3,18;105,90;-0,63
20,09.2019 13:35:47;33.2;3.15;313.6;640.4944452941547;296.01;Module 1,12_9;665.09;104,58;33,33;3,11;103,70;0,88
20,09.2019 13:37:58;33.1;3.18;313.6;653.3287707073341;296;Module 1,12_9;678.33;105,26;33,34;3,18;105,90;-0,65
20,09.2019 13:39:51;33.2;3.13;311.1;651.1165934425832;295.89;Module 1,12_9;675.96;103,92;33,78;3,16;106,88;-2,96
20,09.2019 13:41:47;33;3.19;311.1;646.9389369070734;295.84;Module 1,12_9;671.55;105,27;33,77;3,14;106,15;-0,88
20,09.2019 13:43:43;33;3.03;311.1;621.533858183598;295.79;Module 1,12_9;645.11;99,99;33,76;3,01;101,72;-1,73
20,09.2019 13:45:37;33;3.2;311.1;662.0952613330803;295.71;Module 1,12_9;687.14;105,60;33,78;3,22;108,79;-3,19
20,09.2019 13:47:30;33;3.23;311.1;669.8793556054006;295.82;Module 1,12_9;695.15;106,59;33,79;3,26;110,14;-3,55
20,09.2019 13:49:23;33.1;3.14;311.1;654.4854487571664;295.92;Module 1,12_9;679.11;103,93;33,78;3,18;107,46;-3,53
20,09.2019 13:52:04;33;3.3;311.1;691.0453632094813;295.85;Module 1,12_9;716.95;108,90;33,80;3,37;113,82;-4,92
20,09.2019 13:53:57;33.1;3.5;311.1;720.4315357255762;295.87;Module 1,12_9;747.37;115,85;33,80;3,52;118,92;-3,07
20,09.2019 13:55:50;33.1;3.45;311.1;710.9415438791104;296.1;Module 1,12_9;737.46;114,20;33,80;3,47;117,27;-3,08
20,09.2019 13:57:46;32.9;3.46;311.1;710.7247409205365;296.32;Module 1,12_9;737.17;113,83;33,80;3,47;117,23;-3,40
20,09.2019 13:59:52;32.8;3.34;311.1;687.3219847999239;296.71;Module 1,12_9;712.83;109,55;33,80;3,35;113,17;-3,62
20,09.2019 14:01:46;32.9;3.29;311.1;668.75775824313;296.71;Module 1,12_9;693.52;108,24;33,79;3,25;109,95;-1,71
20,09.2019 14:03:43;32.8;3.45;311.1;710.4733309015078;296.82;Module 1,12_9;736.72;113,16;33,80;3,47;117,19;-4,03
20,09.2019 14:05:44;32.7;3.68;311.1;747.2193346227192;296.88;Module 1,12_9;774.76;120,34;33,80;3,65;123,55;-3,22
20,09.2019 14:07:42;32.6;3.81;313.6;784.6044131898361;297.22;Module 1,12_9;813.46;124,21;33,36;3,85;128,35;-4,14
20,09.2019 14:09:34;32.5;2.98;313.6;612.3931090859367;297.21;Module 1,12_9;634.87;96,85;33,30;2,97;98,86;-2,01
20,09.2019 14:11:29;32.6;3.66;313.6;752.9398983782901;297.16;Module 1,12_9;780.52;119,32;33,36;3,69;122,95;-3,64
20,09.2019 14:13:32;32.7;3.85;313.6;798.6173924197511;297.42;Module 1,12_9;827.81;125,90;33,36;3,92;130,73;-4,83
20,09.2019 14:15:26;32.7;3.89;313.6;805.0856612666518;297.58;Module 1,12_9;834.46;127,20;33,36;3,95;131,83;-4,62
20,09.2019 14:17:19;32.5;4.08;313.6;840.2088121853212;297.8;Module 1,12_9;870.81;132,60;33,35;4,13;137,78;-5,18
20,09.2019 14:19:17;32.4;3.86;313.6;789.7965824959881;298.23;Module 1,12_9;818.51;125,06;33,36;3,87;129,23;-4,17
20,09.2019 14:21:14;32.4;3.76;314.1;775.6107480711798;298.42;Module 1,12_9;803.76;121,82;33,27;3,80;126,49;-4,66
20,09.2019 14:23:07;32.4;3.83;314.1;786.5107513038189;298.51;Module 1,12_9;815.01;124,09;33,27;3,86;128,34;-4,24
20,09.2019 14:25:02;32.4;3.85;315.6;794.6025535529709;298.6;Module 1,12_9;823.35;124,74;33,01;3,90;128,69;-3,95
20,09.2019 14:27:31;32.4;3.78;315.6;777.9976386048451;298.68;Module 1,12_9;806.09;122,47;33,01;3,81;125,90;-3,43
20,09.2019 14:29:29;32.5;3.8;315.6;774.6588553820716;298.58;Module 1,12_9;802.59;123,50;33,01;3,80;125,34;-1,84
20,09.2019 14:31:22;32.4;3.65;315.6;745.5153719111784;298.53;Module 1,12_9;772.36;118,26;33,01;3,65;120,42;-2,16
20,09.2019 14:33:18;32.4;3.68;315.6;758.1074233825657;298.6;Module 1,12_9;785.37;119,23;33,01;3,71;122,55;-3,32
20,09.2019 14:35:13;32.3;3.79;315.6;783.7014930454737;298.71;Module 1,12_9;811.85;122,42;33,01;3,84;126,86;-4,44
20,09.2019 14:37:12;32.3;3.47;315.6;715.1639258381666;298.83;Module 1,12_9;740.82;112,08;33,00;3,49;115,30;-3,21
20,09.2019 14:39:13;32.3;3.48;316.1;716.8141648991805;298.8;Module 1,12_9;742.5;112,40;32,91;3,50;115,27;-2,87
20,09.2019 14:41:06;32.4;3.22;316.1;665.2845564703824;298.75;Module 1,12_9;689.1;104,33;32,89;3,24;106,56;-2,23
20,09.2019 14:42:58;32.4;3.42;316.1;706.0584851121457;298.81;Module 1,12_9;731.31;110,81;32,91;3,45;113,46;-2,65
20,09.2019 14:44:51;32.6;3.61;316.1;749.4983494188566;298.76;Module 1,12_9;776.28;117,69;32,91;3,67;120,78;-3,09
20,09.2019 14:46:45;32.5;3.73;316.1;761.3471740107593;298.57;Module 1,12_9;788.53;121,22;32,91;3,73;122,77;-1,55
20,09.2019 14:49:11;32.5;3.78;315.6;776.3671894753586;298.73;Module 1,12_9;804.06;122,85;33,01;3,81;125,63;-2,78
20,09.2019 14:51:12;32.4;3.68;315.6;757.8854141130407;298.84;Module 1,12_9;784.9;119,23;33,01;3,71;122,51;-3,28
20,09.2019 14:53:28;32.5;3.18;315.6;620.4497030488452;298.98;Module 1,12_9;642.55;103,35;32,95;3,01;99,21;4,14
20,09.2019 14:55:22;32.8;3.71;315.6;783.1389707983396;298.39;Module 1,12_9;811.02;121,69;33,01;3,84;126,77;-5,08
20,09.2019 14:57:15;32.6;3.74;315.6;767.3529299366394;298.32;Module 1,12_9;794.66;121,92;33,01;3,76;124,11;-2,18
20,09.2019 14:59:08;32.4;3.84;315.6;786.144535469173;298.59;Module 1,12_9;814.11;124,42;33,01;3,86;127,27;-2,85
20,09.2019 15:01:03;32.3;3.69;315.6;767.8631830383231;299.04;Module 1,12_9;795.17;119,19;33,01;3,76;124,19;-5,01
20,09.2019 15:03:06;32.3;3.57;315.6;739.3052396067872;299.14;Module 1,12_9;765.59;115,31;33,00;3,62;119,38;-4,07
20,09.2019 15:05:11;32.4;3.54;315.6;729.9906901482993;299.35;Module 1,12_9;755.94;114,70;33,00;3,57;117,80;-3,11
20,09.2019 15:07:06;32.4;3.72;315.6;771.6807836083074;299.43;Module 1,12_9;799.11;120,53;33,01;3,78;124,84;-4,31
20,09.2019 15:09:06;32.3;3.76;315.6;781.0671431751822;299.64;Module 1,12_9;808.83;121,45;33,01;3,83;126,42;-4,97
20,09.2019 15:11:00;32.2;3.63;315.6;746.4843770419488;299.78;Module 1,12_9;773.02;116,89;33,01;3,65;120,59;-3,70
20,09.2019 15:12:53;32.2;3.53;316.1;728.4225969309906;300.04;Module 1,12_9;754.32;113,67;32,91;3,56;117,23;-3,56
20,09.2019 15:14:45;32.2;3.78;316.1;780.813862343547;300.3;Module 1,12_9;808.58;121,72;32,91;3,83;126,04;-4,32
20,09.2019 15:16:46;32.2;3.82;317.6;792.5765936520582;300.55;Module 1,12_9;820.77;123,00;32,65;3,89;127,00;-3,99
20,09.2019 15:18:47;32.3;3.7;317.6;744.1871853290331;299.89;Module 1,12_9;770.67;119,51;32,65;3,64;118,93;0,58
20,09.2019 15:20:43;32.2;3.35;317.6;657.9162549554644;299.39;Module 1,12_9;681.34;107,87;32,62;3,20;104,48;3,39
20,09.2019 15:22:35;32.3;3.57;317.6;741.2551698696344;298.96;Module 1,12_9;767.66;115,31;32,65;3,63;118,44;-3,13
20,09.2019 15:24:30;32.4;3.35;317.6;696.2914135337833;298.71;Module 1,12_9;721.11;108,54;32,63;3,40;110,92;-2,38
20,09.2019 15:26:23;32.6;3.7;316.1;771.0188514577487;298.78;Module 1,12_9;798.52;120,62;32,91;3,78;124,40;-3,78
20,09.2019 15:28:27;32.3;3.44;316.1;716.6272303726078;298.95;Module 1,12_9;742.21;111,11;32,91;3,50;115,24;-4,13
20,09.2019 15:30:20;32.4;3.07;316.1;640.3602818175708;299.1;Module 1,12_9;663.24;99,47;32,88;3,11;102,34;-2,87
20,09.2019 15:32:25;32.6;2.96;317.6;625.3049205461344;298.03;Module 1,12_9;647.67;96,50;32,60;3,04;98,99;-2,50
20,09.2019 15:34:25;32.7;3.07;317.6;643.4410672079592;297.89;Module 1,12_9;666.48;100,39;32,61;3,13;102,05;-1,66
20,09.2019 15:36:26;32.9;3.35;315.6;702.4867616065652;297.76;Module 1,12_9;727.67;110,22;32,99;3,43;113,15;-2,93
20,09.2019 15:38:26;32.8;3.4;315.6;711.037537741791;297.52;Module 1,12_9;736.56;111,52;33,00;3,47;114,60;-3,08
20,09.2019 15:40:19;32.7;3.5;315.6;727.23242827492;297.53;Module 1,12_9;753.37;114,45;33,00;3,56;117,34;-2,89
20,09.2019 15:42:12;32.7;3.11;315.6;653.2587190664882;297.77;Module 1,12_9;676.77;101,70;32,98;3,18;104,80;-3,10
20,09.2019 15:44:06;32.8;3.41;315.6;706.7460160559302;297.63;Module 1,12_9;732.22;111,85;33,00;3,45;113,87;-2,02
20,09.2019 15:46:18;32.7;3.12;315.6;632.7031818206979;297.81;Module 1,12_9;655.55;102,02;32,96;3,07;101,30;0,72
20,09.2019 15:48:11;32.7;3.24;315.6;671.472983508402;298.17;Module 1,12_9;695.76;105,95;32,98;3,27;107,89;-1,94
20,09.2019 15:50:04;32.6;3.17;315.6;653.685017314865;298.6;Module 1,12_9;677.37;103,34;32,98;3,18;104,87;-1,53
20,09.2019 15:52:17;32.8;3.27;315.6;676.9873361899596;298.77;Module 1,12_9;701.57;107,26;32,98;3,30;108,83;-1,57
20,09.2019 15:54:14;32.8;3.21;315.6;641.1419332672456;298.94;Module 1,12_9;664.47;105,29;32,97;3,12;102,74;2,55
20,09.2019 15:56:21;32.7;2.91;315.6;600.1819134585928;298.97;Module 1,12_9;622.07;95,16;32,94;2,91;95,76;-0,60
20,09.2019 15:58:27;32.8;2.88;315.6;592.7219536479286;298.92;Module 1,12_9;614.39;94,46;32,93;2,87;94,49;-0,02
20,09.2019 16:00:44;32.9;3.09;314.1;641.9188673855475;299.11;Module 1,12_9;665.45;101,66;33,23;3,12;103,67;-2,01
20,09.2019 16:02:42;32.9;3.29;314.1;675.9401329425668;299.29;Module 1,12_9;700.78;108,24;33,26;3,29;109,50;-1,26
20,09.2019 16:04:41;32.9;3.26;314.1;674.9611980782199;299.37;Module 1,12_9;699.83;107,25;33,26;3,29;109,33;-2,08
20,09.2019 16:06:45;32.7;2.97;314.1;609.7788853098821;299.44;Module 1,12_9;632.31;97,12;33,22;2,95;98,16;-1,04
20,09.2019 16:08:51;32.8;2.71;314.1;555.4060039382592;299.33;Module 1,12_9;575.99;88,89;33,16;2,68;88,80;0,09
20,09.2019 16:10:44;32.9;2.76;314.1;577.5645015026712;299.37;Module 1,12_9;599.03;90,80;33,19;2,79;92,62;-1,81
20,09.2019 16:12:42;33.1;2.78;314.1;575.0333143528599;299.27;Module 1,12_9;596.47;92,02;33,19;2,78;92,18;-0,16
20,09.2019 16:14:39;33.1;2.62;313.6;535.4849008799031;299.26;Module 1,12_9;555.51;86,72;33,23;2,58;85,59;1,13
20,09.2019 16:16:33;33.1;2.77;313.6;577.3700207582028;299.03;Module 1,12_9;599.03;91,69;33,28;2,79;92,82;-1,14
20,09.2019 16:18:34;33.3;2.63;313.6;542.7574016331824;298.81;Module 1,12_9;563.19;87,58;33,24;2,61;86,84;0,73
20,09.2019 16:20:34;33.3;2.6;313.6;532.8195076261275;298.79;Module 1,12_9;552.95;86,58;33,23;2,56;85,13;1,45
20,09.2019 16:22:28;33.3;2.75;313.6;564.8153567735537;298.6;Module 1,12_9;586.23;91,57;33,27;2,73;90,66;0,92
20,09.2019 16:24:22;33.4;2.63;311.1;545.0108717563753;298.28;Module 1,12_9;565.75;87,84;33,69;2,62;88,35;-0,50
20,09.2019 16:26:17;33.3;2.59;311.1;537.5375219857328;298.21;Module 1,12_9;558.07;86,25;33,68;2,58;87,04;-0,79
20,09.2019 16:28:10;33.3;2.75;311.1;581.839640951889;298.03;Module 1,12_9;604.15;91,57;33,73;2,81;94,79;-3,22
20,09.2019 16:30:05;33.5;2.96;311.1;606.4036422646059;297.8;Module 1,12_9;629.75;99,16;33,75;2,94;99,08;0,08
20,09.2019 16:31:58;33.4;2.78;311.1;586.5937066431944;297.92;Module 1,12_9;609.27;92,85;33,73;2,83;95,62;-2,77
20,09.2019 16:34:16;33.3;2.95;311.1;611.1230719291684;297.96;Module 1,12_9;634.87;98,23;33,76;2,96;99,91;-1,67
20,09.2019 16:36:18;33.2;2.76;311.1;576.5214909768237;297.66;Module 1,12_9;599.03;91,63;33,73;2,78;93,86;-2,23
20,09.2019 16:38:14;33.2;2.69;311.1;554.2504961427143;297.49;Module 1,12_9;575.99;89,31;33,70;2,67;89,96;-0,66
20,09.2019 16:40:11;33.2;2.73;311.1;564.0012844907354;297.46;Module 1,12_9;586.23;90,64;33,72;2,72;91,67;-1,03
20,09.2019 16:42:05;33.3;2.49;311.1;519.5731842919615;297.25;Module 1,12_9;540.15;82,92;33,66;2,49;83,89;-0,97
20,09.2019 16:44:01;33.3;2.26;311.1;467.7708251598425;297.2;Module 1,12_9;486.39;75,26;33,57;2,23;74,80;0,46
20,09.2019 16:45:56;33.4;2.16;311.1;450.44765509981625;297.25;Module 1,12_9;468.47;72,14;33,54;2,14;71,76;0,39
20,09.2019 16:47:55;33.3;2.2;311.1;462.6572363200442;297.29;Module 1,12_9;481.27;73,26;33,56;2,20;73,90;-0,64
20,09.2019 16:49:47;33.5;2.23;311.1;467.4829021720059;297.32;Module 1,12_9;486.39;74,70;33,57;2,23;74,75;-0,04
20,09.2019 16:52:15;33.2;2.34;311.1;484.569385925275;297.44;Module 1,12_9;504.31;77,69;33,60;2,31;77,75;-0,06
20,09.2019 16:54:08;33.2;2.28;310.1;477.0831992655542;297.45;Module 1,12_9;496.63;75,70;33,77;2,27;76,81;-1,12
20,09.2019 16:56:05;33.6;2.44;310.1;521.2247121646243;297.64;Module 1,12_9;542.71;81,98;33,84;2,50;84,60;-2,62
20,09.2019 16:57:58;33.6;2.44;310.1;511.2679311150863;297.81;Module 1,12_9;532.47;81,98;33,83;2,45;82,84;-0,86
20,09.2019 16:59:51;33.5;2.55;310.1;540.6313296386893;297.79;Module 1,12_9;563.19;85,42;33,87;2,60;88,02;-2,59
20,09.2019 17:01:43;33.7;2.62;310.1;560.1496010356699;297.92;Module 1,12_9;583.67;88,29;33,88;2,70;91,45;-3,16
20,09.2019 17:03:50;33.8;2.71;310.1;567.3521377954211;297.72;Module 1,12_9;591.35;91,60;33,89;2,74;92,72;-1,12
20,09.2019 17:05:47;34;2.56;310.1;542.6378233921043;297.66;Module 1,12_9;565.75;87,04;33,87;2,61;88,37;-1,33
20,09.2019 17:07:40;33.9;2.36;310.1;498.29993201149694;297.65;Module 1,12_9;519.67;80,00;33,80;2,38;80,56;-0,55
20,09.2019 17:09:33;33.6;2.28;310.1;480.97695444485277;297.82;Module 1,12_9;501.75;76,61;33,77;2,29;77,50;-0,89
20,09.2019 17:11:26;33.6;2.29;310.1;478.37927394228166;298.26;Module 1,12_9;499.19;76,94;33,77;2,28;77,04;-0,10
20,09.2019 17:13:27;33.8;2.22;310.1;463.5055171319387;298.35;Module 1,12_9;483.83;75,04;33,74;2,21;74,42;0,62
20,09.2019 17:15:21;33.8;2.37;310.1;502.58210602738086;298.49;Module 1,12_9;524.79;80,11;33,81;2,40;81,31;-1,21
20,09.2019 17:17:05;33.8;2.32;310.1;490.1743522072313;298.66;Module 1,12_9;511.99;78,42;33,79;2,34;79,12;-0,71
20,09.2019 17:19:04;33.9;2.34;310.1;494.89795630501357;298.42;Module 1,12_9;517.11;79,33;33,80;2,37;79,96;-0,63
20,09.2019 17:21:00;33.9;2.24;310.1;470.2268231066518;298.53;Module 1,12_9;491.51;75,94;33,76;2,24;75,60;0,33
20,09.2019 17:22:55;33.4;2.21;310.1;457.81066708807106;298.59;Module 1,12_9;478.71;73,81;33,73;2,18;73,41;0,40
20,09.2019 17:24:56;33.1;2.22;310.1;457.6251759987465;298.28;Module 1,12_9;478.71;73,48;33,73;2,18;73,38;0,10
20,09.2019 17:26:55;33.2;2.24;310.1;462.3287900686275;298.07;Module 1,12_9;483.83;74,37;33,74;2,20;74,21;0,16
20,09.2019 17:29:00;33.2;2.1;310.1;435.22457129487304;298.1;Module 1,12_9;455.67;69,72;33,68;2,06;69,42;0,30
20,09.2019 17:30:53;33.1;2.01;309.6;417.9327157861962;298.05;Module 1,12_9;437.75;66,53;33,73;1,97;66,53;-0,00
20,09.2019 17:32:46;33.2;2.09;309.6;434.8521744473527;298.04;Module 1,12_9;455.67;69,39;33,77;2,06;69,53;-0,14
20,09.2019 17:34:43;33;2.15;309.6;446.85892625473934;297.98;Module 1,12_9;468.47;70,95;33,80;2,12;71,65;-0,70
20,09.2019 17:36:40;33.1;2.08;309.6;427.11727432600657;297.9;Module 1,12_9;447.99;68,85;33,75;2,02;68,16;0,69
20,09.2019 17:38:46;33.4;2.11;309.6;448.8413875925282;297.94;Module 1,12_9;471.03;70,47;33,80;2,13;72,01;-1,53
20,09.2019 17:40:45;33.5;2.07;309.6;441.2894591148938;298.1;Module 1,12_9;463.35;69,34;33,79;2,09;70,67;-1,32
20,09.2019 17:42:38;34;1.96;309.6;419.1279339310537;298.36;Module 1,12_9;440.31;66,64;33,73;1,98;66,74;-0,10
20,09.2019 17:44:37;34;1.93;309.6;411.583112827833;298.53;Module 1,12_9;432.63;65,62;33,71;1,94;65,41;0,21
20,09.2019 17:46:31;33.9;1.82;309.6;387.0095851806392;298.65;Module 1,12_9;407.03;61,70;33,64;1,81;61,06;0,64
20,09.2019 17:48:43;34;1.81;309.6;391.61096176216705;298.6;Module 1,12_9;412.15;61,54;33,66;1,84;61,87;-0,33
20,09.2019 17:50:37;33.9;1.85;309.6;396.2332800677176;298.63;Module 1,12_9;417.27;62,72;33,67;1,86;62,69;0,02
20,09.2019 17:52:30;34.1;1.83;309.6;391.12516553367817;298.52;Module 1,12_9;412.15;62,40;33,66;1,84;61,79;0,62
20,09.2019 17:54:48;34.1;1.6;309.6;342.26272169017136;298.29;Module 1,12_9;360.95;54,56;33,49;1,59;53,14;1,42
20,09.2019 17:56:42;34.2;1.66;309.6;363.8586856228594;297.96;Module 1,12_9;383.99;56,77;33,57;1,70;56,96;-0,19
20,09.2019 17:58:36;34.3;1.56;309.6;339.3573259159221;297.82;Module 1,12_9;358.39;53,51;33,48;1,57;52,62;0,88
20,09.2019 18:00:30;34.2;1.44;308.1;312.45969393813715;297.52;Module 1,12_9;330.23;49,25;33,63;1,43;48,21;1,04
20,09.2019 18:02:38;34.3;1.41;308.1;305.24801990207646;297.47;Module 1,12_9;322.89;48,36;33,59;1,40;46,93;1,43
20,09.2019 18:04:45;34.3;1.35;308.1;291.99405487325697;297.39;Module 1,12_9;309.15;46,30;33,53;1,33;44,57;1,73
20,09.2019 18:06:38;34.4;1.39;308.1;303.38442757813027;297.21;Module 1,12_9;321.48;47,82;33,59;1,39;46,60;1,22
20,09.2019 18:08:32;34.6;1.42;307.6;313.7801453199699;297.03;Module 1,12_9;332.79;49,13;33,73;1,44;48,56;0,57
20,09.2019 18:10:26;34.5;1.36;307.6;293.8405791111541;296.96;Module 1,12_9;311.93;46,92;33,63;1,34;45,01;1,91
21,09.2019 09:33:12;36.3;1.17;289.9;274.4400368629174;280.37;Module 1,12_9;305.64;42,47;36,68;1,22;44,84;-2,37
21,09.2019 09:35:02;36.3;1.23;289.9;279.2969495192365;281.02;Module 1,12_9;310.48;44,65;36,71;1,25;45,78;-1,13
21,09.2019 09:37:12;36;1.28;289.9;287.36967656789193;282;Module 1,12_9;318.79;46,08;36,75;1,29;47,34;-1,26
21,09.2019 09:39:16;36;1.32;289.9;294.17664004401877;282.76;Module 1,12_9;325.72;47,52;36,79;1,32;48,66;-1,14
21,09.2019 09:41:09;35.9;1.35;291.4;303.3810856072488;283.44;Module 1,12_9;335.35;48,47;36,57;1,37;50,14;-1,68
21,09.2019 09:43:02;35.9;1.39;291.4;308.5108757034221;283.96;Module 1,12_9;340.47;49,90;36,59;1,40;51,13;-1,23
21,09.2019 09:44:59;35.8;1.43;291.4;315.9797772587306;284.46;Module 1,12_9;348.15;51,19;36,63;1,44;52,57;-1,38
21,09.2019 09:46:51;35.9;1.46;291.4;323.43282355892484;284.85;Module 1,12_9;355.83;52,41;36,66;1,47;54,01;-1,60
21,09.2019 09:49:02;27.5;1.55;291.4;330.9709697083801;285.23;Module 1,12_9;363.51;42,63;36,69;1,51;55,47;-12,84
21,09.2019 09:53:02;28.8;1.63;291.4;345.96741447050687;286;Module 1,12_9;378.87;46,94;36,75;1,59;58,36;-11,42
21,09.2019 09:54:55;32.5;1.66;289.9;351.1028646125769;286.33;Module 1,12_9;383.99;53,95;37,03;1,61;59,73;-5,78
21,09.2019 09:56:48;34.5;1.68;289.9;358.5805597290632;286.73;Module 1,12_9;391.67;57,96;37,05;1,65;61,18;-3,22
21,09.2019 09:58:41;35.3;1.69;289.9;366.06260800256615;287.16;Module 1,12_9;399.35;59,66;37,09;1,69;62,64;-2,98
21,09.2019 10:01:03;35.4;1.72;289.9;373.66130051979803;287.58;Module 1,12_9;407.03;60,89;37,11;1,73;64,12;-3,23
21,09.2019 10:03:18;35.5;1.77;289.9;381.23433436767556;287.87;Module 1,12_9;414.71;62,84;37,13;1,77;65,59;-2,76
21,09.2019 10:05:11;35.5;1.8;289.9;391.08235804575725;288.17;Module 1,12_9;424.95;63,90;37,16;1,82;67,51;-3,61
21,09.2019 10:07:06;35.4;1.84;289.9;396.2295358407147;288.46;Module 1,12_9;430.07;65,14;37,17;1,84;68,51;-3,37
21,09.2019 10:09:07;35.4;1.88;295;403.7581637671721;288.77;Module 1,12_9;437.75;66,55;36,30;1,89;68,47;-1,92
21,09.2019 10:11:04;35.3;1.92;295;411.2749001234068;289.02;Module 1,12_9;445.43;67,78;36,31;1,93;69,90;-2,13
21,09.2019 10:12:56;35.3;1.95;295;418.77645198912944;289.21;Module 1,12_9;453.11;68,83;36,33;1,96;71,33;-2,49
21,09.2019 10:14:52;35.2;1.99;297.5;426.2954399957764;289.38;Module 1,12_9;460.79;70,05;35,91;2,00;71,96;-1,91
21,09.2019 10:16:45;35.2;2.03;297.5;431.43591468462415;289.53;Module 1,12_9;465.91;71,46;35,92;2,03;72,93;-1,47
21,09.2019 10:18:49;34.3;2.13;298;438.985978292828;289.85;Module 1,12_9;473.59;73,06;35,85;2,07;74,18;-1,12
21,09.2019 10:20:51;33.7;2.15;298;446.5310665403587;290.17;Module 1,12_9;481.27;72,45;35,87;2,11;75,60;-3,14
21,09.2019 10:22:43;34;2.21;298;451.6667717000878;290.43;Module 1,12_9;486.39;75,14;35,88;2,13;76,56;-1,42
21,09.2019 10:25:19;28.4;2.26;298;461.70774141650725;290.59;Module 1,12_9;496.63;64,18;35,89;2,19;78,44;-14,26
21,09.2019 10:27:15;33.9;2.26;298;469.2376750509224;290.75;Module 1,12_9;504.31;76,61;35,91;2,22;79,85;-3,24
21,09.2019 10:29:16;34.3;2.29;299.5;476.78616156152543;290.92;Module 1,12_9;511.99;78,55;35,66;2,26;80,72;-2,17
21,09.2019 10:31:18;34.3;2.32;299.5;484.33959268073465;291.18;Module 1,12_9;519.67;79,58;35,67;2,30;82,12;-2,55
21,09.2019 10:33:16;34.4;2.36;300;489.4938864703375;291.42;Module 1,12_9;524.79;81,18;35,59;2,33;82,89;-1,71
21,09.2019 10:35:12;34.3;2.39;300;499.4191836000157;291.66;Module 1,12_9;535.03;81,98;35,60;2,38;84,73;-2,76
21,09.2019 10:37:06;34.3;2.42;301.5;504.5607959676389;291.92;Module 1,12_9;540.15;83,01;35,34;2,41;85,10;-2,09
21,09.2019 10:39:02;34.3;2.46;301.5;509.7070631453279;292.07;Module 1,12_9;545.27;84,38;35,35;2,43;86,04;-1,67
21,09.2019 10:41:08;34.3;2.49;301.5;517.2770174070637;292.21;Module 1,12_9;552.95;85,41;35,37;2,47;87,44;-2,03
21,09.2019 10:43:04;34.2;2.53;302;524.8176519671588;292.44;Module 1,12_9;560.63;86,53;35,29;2,51;88,62;-2,09
21,09.2019 10:45:07;34.1;2.56;302;532.3808733953962;292.44;Module 1,12_9;568.31;87,30;35,30;2,55;90,01;-2,71
21,09.2019 10:47:01;34.1;2.59;302;539.9184045234132;292.49;Module 1,12_9;575.99;88,32;35,30;2,59;91,39;-3,07
21,09.2019 10:49:02;33.9;2.63;302;545.0768377020642;292.64;Module 1,12_9;581.11;89,16;35,31;2,61;92,33;-3,18
21,09.2019 10:51:03;33.9;2.65;302;552.636058676667;292.93;Module 1,12_9;588.79;89,83;35,32;2,65;93,72;-3,89
21,09.2019 10:53:03;33.8;2.68;304;557.7891515330182;293.27;Module 1,12_9;593.91;90,58;34,97;2,68;93,78;-3,19
21,09.2019 10:54:58;33.8;2.72;305.5;562.9262463248522;293.44;Module 1,12_9;599.03;91,94;34,71;2,71;94,03;-2,10
21,09.2019 10:56:52;33.9;2.75;305.5;570.4661645696596;293.39;Module 1,12_9;606.71;93,22;34,72;2,75;95,39;-2,17
21,09.2019 10:58:45;33.8;2.79;305.5;578.0046144862241;293.37;Module 1,12_9;614.39;94,30;34,73;2,79;96,75;-2,45
21,09.2019 11:00:48;33.8;2.82;305.5;585.5718873749087;293.34;Module 1,12_9;622.07;95,32;34,73;2,83;98,11;-2,79
21,09.2019 11:02:42;33.8;2.85;305.5;590.7042979704031;293.4;Module 1,12_9;627.19;96,33;34,73;2,85;99,03;-2,70
21,09.2019 11:04:42;33.8;2.88;305.5;595.8514315945464;293.62;Module 1,12_9;632.31;97,34;34,74;2,88;99,96;-2,61
21,09.2019 11:06:38;33.7;2.91;305.5;603.3998771012565;293.82;Module 1,12_9;639.99;98,07;34,74;2,92;101,31;-3,25
21,09.2019 11:08:38;33.7;2.94;305.5;608.5449483391075;294.01;Module 1,12_9;645.11;99,08;34,75;2,94;102,24;-3,16
21,09.2019 11:10:33;33.6;2.97;306;613.6753757001134;294.09;Module 1,12_9;650.23;99,79;34,66;2,97;102,91;-3,12
21,09.2019 11:12:27;33.6;3;306;618.8018970623826;294.22;Module 1,12_9;655.35;100,80;34,66;3,00;103,83;-3,03
21,09.2019 11:14:25;33.4;3.03;306;624.5040626626575;294.57;Module 1,12_9;661.07;101,20;34,67;3,02;104,85;-3,65
21,09.2019 11:16:19;33.3;3.06;306;629.5053423220002;294.64;Module 1,12_9;666.06;101,90;34,67;3,05;105,74;-3,85
21,09.2019 11:18:17;33.3;3.08;306;635.8294582516978;294.73;Module 1,12_9;672.44;102,56;34,68;3,08;106,88;-4,31
21,09.2019 11:20:19;33.3;3.12;307.6;642.1440443682866;294.84;Module 1,12_9;678.8;103,90;34,40;3,12;107,17;-3,27
21,09.2019 11:22:27;33.3;3.15;307.6;647.1853045234868;294.96;Module 1,12_9;683.8;104,89;34,40;3,14;108,06;-3,16
21,09.2019 11:24:24;33.3;3.17;307.6;653.145143786238;295.11;Module 1,12_9;689.8;105,56;34,41;3,17;109,12;-3,56
21,09.2019 11:26:27;33.2;3.2;307.6;659.1089785533939;295.17;Module 1,12_9;695.79;106,24;34,41;3,20;110,17;-3,93
21,09.2019 11:28:20;33.1;3.23;307.6;664.8022001557375;295.21;Module 1,12_9;701.52;106,91;34,41;3,23;111,18;-4,27
21,09.2019 11:30:16;33.1;3.26;309.6;669.9423283912519;295.25;Module 1,12_9;706.66;107,91;34,05;3,26;110,99;-3,08
21,09.2019 11:32:12;33.1;3.28;309.6;676.3805416048208;295.42;Module 1,12_9;713.17;108,57;34,05;3,29;112,11;-3,55
21,09.2019 11:34:13;33.2;3.31;309.6;677.5544809543752;295.42;Module 1,12_9;714.12;109,89;34,05;3,30;112,32;-2,43
21,09.2019 11:36:25;33;3.34;309.6;685.3638358844827;295.6;Module 1,12_9;722.04;110,22;34,06;3,34;113,69;-3,47
21,09.2019 11:38:23;33;3.37;309.6;689.7527276632188;295.64;Module 1,12_9;726.39;111,21;34,06;3,36;114,46;-3,25
21,09.2019 11:40:16;32.9;3.39;310.1;694.8509326573543;295.85;Module 1,12_9;731.5;111,53;33,98;3,39;115,06;-3,53
21,09.2019 11:42:11;32.9;3.42;310.1;701.1591591911042;295.94;Module 1,12_9;737.88;112,52;33,98;3,42;116,16;-3,64
21,09.2019 11:44:33;32.8;3.45;310.1;706.3262567780014;296.24;Module 1,12_9;743;113,16;33,98;3,45;117,06;-3,90
21,09.2019 11:46:26;32.7;3.46;310.1;710.3464575287156;296.48;Module 1,12_9;746.98;113,14;33,98;3,47;117,76;-4,62
21,09.2019 11:48:19;32.6;3.51;311.1;717.237767855715;296.63;Module 1,12_9;753.98;114,43;33,80;3,50;118,36;-3,94
21,09.2019 11:50:42;32.6;3.52;311.1;718.7182602957425;296.5;Module 1,12_9;755.23;114,75;33,80;3,51;118,62;-3,87
21,09.2019 11:52:42;32.6;3.54;311.1;726.4021859078647;296.4;Module 1,12_9;763.05;115,40;33,80;3,55;119,95;-4,55
21,09.2019 11:54:34;32.6;3.57;311.1;731.5947604446907;296.1;Module 1,12_9;768.27;116,38;33,80;3,57;120,85;-4,47
21,09.2019 11:56:28;32.7;3.6;311.1;740.6291497466477;296.09;Module 1,12_9;777.52;117,72;33,80;3,62;122,41;-4,69
21,09.2019 11:58:21;32.8;3.62;311.1;742.2879669878467;296.07;Module 1,12_9;779.03;118,74;33,80;3,63;122,70;-3,96
21,09.2019 12:00:14;32.7;3.64;311.1;747.7467025594489;296.22;Module 1,12_9;784.53;119,03;33,80;3,66;123,64;-4,61
21,09.2019 12:02:10;32.7;3.66;311.1;751.3798267569472;296.12;Module 1,12_9;788.11;119,68;33,80;3,68;124,27;-4,59
21,09.2019 12:04:05;32.7;3.68;311.1;757.0690542074983;296.31;Module 1,12_9;793.85;120,34;33,80;3,71;125,25;-4,92
21,09.2019 12:06:05;32.8;3.71;311.1;760.9733762897368;296.4;Module 1,12_9;797.71;121,69;33,80;3,73;125,93;-4,24
21,09.2019 12:07:59;32.8;3.73;311.1;763.881990666445;296.28;Module 1,12_9;800.54;122,34;33,80;3,74;126,43;-4,09
21,09.2019 12:09:59;32.8;3.74;311.1;769.3285347471608;296.32;Module 1,12_9;806.02;122,67;33,80;3,77;127,37;-4,70
21,09.2019 12:11:53;32.8;3.76;311.1;772.5197545672881;296.35;Module 1,12_9;809.15;123,33;33,80;3,78;127,92;-4,59
21,09.2019 12:13:46;32.8;3.78;311.1;776.1465345011968;296.34;Module 1,12_9;812.74;123,98;33,80;3,80;128,55;-4,56
21,09.2019 12:15:40;32.7;3.79;311.1;778.0730643165568;296.39;Module 1,12_9;814.55;123,93;33,80;3,81;128,88;-4,95
21,09.2019 12:17:33;32.6;3.82;311.1;784.9063720524719;296.59;Module 1,12_9;821.5;124,53;33,80;3,85;130,06;-5,52
21,09.2019 12:19:31;32.6;3.83;311.1;787.4760816959146;296.47;Module 1,12_9;823.98;124,86;33,80;3,86;130,50;-5,64
21,09.2019 12:21:30;32.7;3.85;311.1;789.9207772995007;296.37;Module 1,12_9;826.33;125,90;33,80;3,87;130,92;-5,03
21,09.2019 12:23:40;32.6;3.87;311.1;795.2781883165638;296.64;Module 1,12_9;831.71;126,16;33,80;3,90;131,84;-5,68
21,09.2019 12:25:34;32.4;3.87;313.6;795.5201513592089;296.96;Module 1,12_9;831.77;125,39;33,36;3,90;130,20;-4,81
21,09.2019 12:27:28;32.5;3.89;313.6;800.4177591063137;296.98;Module 1,12_9;836.7;126,42;33,36;3,93;131,03;-4,61
21,09.2019 12:29:27;32.6;3.89;313.6;804.7384858131767;297;Module 1,12_9;841.02;126,81;33,36;3,95;131,77;-4,95
21,09.2019 12:31:20;32.6;3.93;313.6;807.4214255158917;297;Module 1,12_9;843.64;128,12;33,36;3,96;132,22;-4,10
21,09.2019 12:33:58;32.4;3.94;313.6;812.4108705737957;297.17;Module 1,12_9;848.6;127,66;33,36;3,99;133,07;-5,41
21,09.2019 12:35:58;32.3;3.97;314.1;816.4308988709979;297.59;Module 1,12_9;852.61;128,23;33,27;4,01;133,40;-5,17
21,09.2019 12:37:57;32.1;3.96;314.1;819.2314444829126;298.07;Module 1,12_9;855.35;127,12;33,27;4,02;133,88;-6,76
21,09.2019 12:39:50;32.1;3.98;314.1;820.0286134809483;298.25;Module 1,12_9;856.01;127,76;33,27;4,03;134,01;-6,25
21,09.2019 12:41:46;32;3.99;315.6;821.8335066586689;298.47;Module 1,12_9;857.72;127,68;33,00;4,04;133,26;-5,58
21,09.2019 12:43:40;32;4.02;315.6;822.7611765252697;298.68;Module 1,12_9;858.52;128,64;33,00;4,04;133,42;-4,78
21,09.2019 12:45:33;32;4.02;315.6;827.9887319957636;298.92;Module 1,12_9;863.81;128,64;33,00;4,07;134,30;-5,66
21,09.2019 12:47:55;32;4.05;317.6;832.0757794640722;299.15;Module 1,12_9;867.87;129,60;32,64;4,09;133,55;-3,95
21,09.2019 12:49:55;32;4.05;317.6;833.4458197892027;299.1;Module 1,12_9;869.13;129,60;32,64;4,10;133,78;-4,18
21,09.2019 12:51:48;32;4.06;317.6;834.2957531599818;299.1;Module 1,12_9;869.86;129,92;32,64;4,10;133,92;-4,00
21,09.2019 12:54:13;31.8;4.08;317.6;838.5613789854233;299.22;Module 1,12_9;874.11;129,74;32,64;4,12;134,63;-4,88
21,09.2019 12:56:11;31.9;4.1;317.6;842.214496857053;299.18;Module 1,12_9;877.76;130,79;32,64;4,14;135,23;-4,44
21,09.2019 12:58:03;32;4.11;317.6;845.6185853505284;299.29;Module 1,12_9;881.16;131,52;32,64;4,16;135,79;-4,27
21,09.2019 12:59:56;32;4.11;317.6;845.3943251269789;299.2;Module 1,12_9;880.78;131,52;32,64;4,16;135,76;-4,24
21,09.2019 13:01:53;32;4.13;317.6;848.2729891567312;299.16;Module 1,12_9;883.63;132,16;32,64;4,17;136,23;-4,07
21,09.2019 13:03:47;31.9;4.15;317.6;850.8966497532962;299.26;Module 1,12_9;886.22;132,39;32,64;4,19;136,67;-4,28
21,09.2019 13:05:40;31.8;4.14;318.1;852.2209951367092;299.5;Module 1,12_9;887.46;131,65;32,55;4,19;136,52;-4,87
21,09.2019 13:07:35;31.7;4.16;318.1;854.4771747259283;299.95;Module 1,12_9;889.67;131,87;32,55;4,21;136,89;-5,02
21,09.2019 13:09:40;31.7;4.17;318.1;855.2250602715004;300.17;Module 1,12_9;890.3;132,19;32,55;4,21;137,01;-4,82
21,09.2019 13:11:33;31.8;4.18;318.1;856.18745742952;300.22;Module 1,12_9;891.17;132,92;32,55;4,21;137,17;-4,25
21,09.2019 13:13:27;31.8;4.19;318.1;858.945652062894;300.28;Module 1,12_9;893.91;133,24;32,55;4,23;137,63;-4,38
21,09.2019 13:15:23;32;4.2;318.1;859.907221465515;299.89;Module 1,12_9;894.78;134,40;32,55;4,23;137,78;-3,38
21,09.2019 13:17:18;32;4.2;318.1;861.7593829122088;299.54;Module 1,12_9;896.58;134,40;32,55;4,24;138,09;-3,69
21,09.2019 13:19:35;31.9;4.2;318.1;864.6320982510539;299.64;Module 1,12_9;899.42;133,98;32,55;4,26;138,56;-4,58
21,09.2019 13:21:29;31.9;4.2;318.1;865.8541780648146;299.64;Module 1,12_9;900.57;133,98;32,55;4,26;138,76;-4,78
21,09.2019 13:23:38;31.8;4.21;319.6;867.089095221619;299.67;Module 1,12_9;901.72;133,88;32,28;4,27;137,84;-3,96
21,09.2019 13:25:44;31.9;4.22;319.6;869.7129815749445;299.73;Module 1,12_9;904.32;134,62;32,27;4,28;138,27;-3,65
21,09.2019 13:27:38;31.9;4.22;319.6;870.6304766933544;299.94;Module 1,12_9;905.16;134,62;32,27;4,29;138,42;-3,80
21,09.2019 13:29:35;31.9;4.22;319.6;871.8084266162176;300.16;Module 1,12_9;906.27;134,62;32,27;4,29;138,61;-3,99
21,09.2019 13:31:28;31.8;4.22;319.6;871.5663373450136;300.53;Module 1,12_9;905.91;134,20;32,27;4,29;138,57;-4,38
21,09.2019 13:33:37;31.7;4.22;319.6;869.8063012535241;300.77;Module 1,12_9;903.96;133,77;32,27;4,28;138,28;-4,51
21,09.2019 13:35:30;31.6;4.22;319.6;872.8984536572573;300.81;Module 1,12_9;907.07;133,35;32,27;4,30;138,79;-5,44
21,09.2019 13:37:49;31.7;4.22;320.1;874.6542475424554;301.06;Module 1,12_9;908.77;133,77;32,19;4,31;138,70;-4,92
21,09.2019 13:39:51;31.7;4.24;320.1;873.9963109036169;301.07;Module 1,12_9;907.98;134,41;32,19;4,31;138,59;-4,18
21,09.2019 13:41:45;31.8;4.25;320.1;873.5795345632272;300.65;Module 1,12_9;907.45;135,15;32,19;4,30;138,52;-3,37
21,09.2019 13:43:38;31.9;4.23;321.7;875.7977054742005;300.45;Module 1,12_9;909.66;134,94;31,90;4,32;137,66;-2,72
21,09.2019 13:45:31;31.9;4.24;321.7;876.7720952444648;300.53;Module 1,12_9;910.58;135,26;31,90;4,32;137,82;-2,56
21,09.2019 13:47:24;31.9;4.24;320.1;877.9371543748908;300.6;Module 1,12_9;911.7;135,26;32,19;4,33;139,23;-3,97
21,09.2019 13:49:30;31.8;4.25;320.1;876.8370911727405;300.55;Module 1,12_9;910.46;135,15;32,19;4,32;139,05;-3,90
21,09.2019 13:51:26;31.8;4.25;320.1;878.42389711763;300.26;Module 1,12_9;912.02;135,15;32,19;4,33;139,31;-4,16
21,09.2019 13:53:26;31.7;4.25;321.7;877.4686129666289;300.14;Module 1,12_9;910.94;134,72;31,90;4,32;137,93;-3,20
21,09.2019 13:55:22;31.6;4.25;321.7;879.4077629355215;300.35;Module 1,12_9;912.87;134,30;31,90;4,33;138,24;-3,94
21,09.2019 13:57:15;31.5;4.25;321.7;875.8322903017431;300.44;Module 1,12_9;909.08;133,88;31,90;4,32;137,66;-3,79
21,09.2019 13:59:44;31.6;4.25;321.7;876.2275626532387;299.95;Module 1,12_9;909.39;134,30;31,90;4,32;137,73;-3,43
21,09.2019 14:01:37;31.6;4.24;321.7;879.7096655650581;299.75;Module 1,12_9;912.93;133,98;31,90;4,34;138,29;-4,31
21,09.2019 14:03:32;31.6;4.24;321.7;881.0039241872314;300.04;Module 1,12_9;914.2;133,98;31,90;4,34;138,50;-4,51
21,09.2019 14:05:36;31.6;4.23;321.7;878.9861853978819;300.43;Module 1,12_9;912.03;133,67;31,90;4,33;138,17;-4,50
21,09.2019 14:07:36;31.6;4.25;322.2;876.683915955767;300.84;Module 1,12_9;909.57;134,30;31,80;4,32;137,42;-3,12
21,09.2019 14:09:32;31.5;4.23;322.2;876.3528799568901;301.09;Module 1,12_9;909.16;133,25;31,80;4,32;137,36;-4,12
21,09.2019 14:11:24;31.4;4.24;322.2;874.6776458296944;301.39;Module 1,12_9;907.36;133,14;31,81;4,31;137,10;-3,96
21,09.2019 14:13:22;31.4;4.24;322.2;873.1189474635249;301.44;Module 1,12_9;905.68;133,14;31,81;4,30;136,84;-3,71
21,09.2019 14:15:23;31.5;4.21;322.2;872.3016921623334;301.26;Module 1,12_9;904.77;132,62;31,81;4,30;136,71;-4,10
21,09.2019 14:17:26;31.6;4.21;323.7;872.0711325640654;301.39;Module 1,12_9;904.47;133,04;31,54;4,30;135,53;-2,49
21,09.2019 14:19:29;31.8;4.21;323.7;872.5228030363498;301.38;Module 1,12_9;904.88;133,88;31,54;4,30;135,60;-1,72
21,09.2019 14:21:27;31.8;4.2;322.2;870.4049941942039;301.58;Module 1,12_9;902.63;133,56;31,81;4,29;136,41;-2,85
21,09.2019 14:23:21;31.8;4.2;322.2;867.559875538157;301.92;Module 1,12_9;899.63;133,56;31,81;4,27;135,95;-2,39
21,09.2019 14:25:13;31.8;4.21;321.7;867.6145085548313;302.05;Module 1,12_9;899.64;133,88;31,90;4,27;136,34;-2,46
21,09.2019 14:27:08;31.7;4.21;321.7;864.9292935878516;302.23;Module 1,12_9;896.81;133,46;31,90;4,26;135,91;-2,45
21,09.2019 14:29:01;31.6;4.2;321.7;863.0223029689834;302.39;Module 1,12_9;894.79;132,72;31,90;4,25;135,60;-2,88
21,09.2019 14:31:07;31.5;4.2;321.7;863.0948632968046;302.72;Module 1,12_9;894.82;132,30;31,90;4,25;135,61;-3,31
21,09.2019 14:33:05;31.5;4.17;321.7;859.140101418225;302.71;Module 1,12_9;890.68;131,35;31,91;4,23;134,97;-3,62
21,09.2019 14:35:27;31.5;4.16;321.7;858.6529905136473;302.63;Module 1,12_9;890.13;131,04;31,91;4,23;134,89;-3,85
21,09.2019 14:37:21;31.7;4.16;321.7;857.2578752494439;302.38;Module 1,12_9;888.65;131,87;31,91;4,22;134,67;-2,80
21,09.2019 14:38:12;31.8;4.15;321.7;858.1110673504213;302.23;Module 1,12_9;889.52;131,97;31,91;4,23;134,80;-2,83
21,09.2019 14:40:07;31.7;4.15;321.7;855.8449466960598;302.17;Module 1,12_9;887.14;131,56;31,91;4,21;134,44;-2,88
21,09.2019 14:42:02;31.6;4.14;321.7;855.9499191540158;302.22;Module 1,12_9;887.22;130,82;31,91;4,21;134,46;-3,63
21,09.2019 14:44:11;31.9;4.13;322.2;852.7659060328691;301.94;Module 1,12_9;883.89;131,75;31,81;4,20;133,57;-1,82
21,09.2019 14:46:08;32;4.12;322.2;852.8089192264973;301.85;Module 1,12_9;883.91;131,84;31,81;4,20;133,58;-1,74
21,09.2019 14:48:03;32;4.11;322.2;848.440128979641;301.77;Module 1,12_9;879.36;131,52;31,81;4,18;132,87;-1,35
21,09.2019 14:50:26;31.8;4.1;321.7;848.1740355418051;302.14;Module 1,12_9;879.06;130,38;31,91;4,17;133,20;-2,82
21,09.2019 14:52:31;31.7;4.1;321.7;846.3102887569255;302.21;Module 1,12_9;877.11;129,97;31,91;4,17;132,90;-2,93
21,09.2019 14:54:21;31.8;4.08;321.7;842.2133784568814;301.83;Module 1,12_9;872.85;129,74;31,91;4,14;132,24;-2,49
21,09.2019 14:56:14;31.7;4.08;321.7;842.6594611164236;301.78;Module 1,12_9;873.3;129,34;31,91;4,15;132,31;-2,97
21,09.2019 14:58:10;31.6;4.07;322.2;839.9966900237782;301.95;Module 1,12_9;870.53;128,61;31,82;4,13;131,51;-2,90
21,09.2019 15:00:15;31.5;4.04;322.2;835.6049910938299;302.38;Module 1,12_9;865.97;127,26;31,82;4,11;130,80;-3,54
21,09.2019 15:02:08;31.5;4.03;322.2;829.9075855412985;302.8;Module 1,12_9;860.06;126,95;31,82;4,08;129,88;-2,94
21,09.2019 15:04:07;31.6;4.03;323.7;829.312745255922;303.01;Module 1,12_9;859.44;127,35;31,55;4,08;128,70;-1,35
21,09.2019 15:06:01;31.7;4.03;323.7;828.069090764164;302.82;Module 1,12_9;858.15;127,75;31,55;4,07;128,50;-0,75
21,09.2019 15:08:07;31.8;4;322.2;828.0485662366636;303.05;Module 1,12_9;858.13;127,20;31,82;4,07;129,58;-2,38
21,09.2019 15:10:07;31.6;3.99;322.2;822.2263705451078;303.17;Module 1,12_9;852.1;126,08;31,82;4,04;128,64;-2,56
21,09.2019 15:12:02;31.6;3.98;322.2;820.9759450330336;303.16;Module 1,12_9;850.81;125,77;31,82;4,04;128,44;-2,67
21,09.2019 15:13:58;31.7;3.95;321.7;816.8960264582141;303.07;Module 1,12_9;846.59;125,22;31,91;4,02;128,14;-2,92
21,09.2019 15:15:53;31.7;3.93;321.7;811.2122832437958;302.82;Module 1,12_9;840.71;124,58;31,91;3,99;127,21;-2,63
21,09.2019 15:17:55;31.8;3.93;322.2;808.372109703193;302.4;Module 1,12_9;837.78;124,97;31,82;3,97;126,40;-1,43
21,09.2019 15:19:51;31.8;3.91;322.2;807.9135852286757;302.32;Module 1,12_9;837.32;124,34;31,82;3,97;126,33;-1,99
21,09.2019 15:21:43;31.8;3.89;321.7;805.4464848646497;301.98;Module 1,12_9;834.78;123,70;31,91;3,96;126,28;-2,58
21,09.2019 15:23:37;31.8;3.86;321.7;802.3015865527071;301.92;Module 1,12_9;831.54;122,75;31,91;3,94;125,77;-3,02
21,09.2019 15:25:34;31.7;3.84;321.7;799.8004211665034;302.2;Module 1,12_9;828.97;121,73;31,91;3,93;125,36;-3,63
21,09.2019 15:27:32;31.8;3.84;322.2;797.5186741372179;302.46;Module 1,12_9;826.63;122,11;31,82;3,92;124,65;-2,53
21,09.2019 15:29:29;32;3.83;322.2;793.0641399646265;302.48;Module 1,12_9;822.04;122,56;31,82;3,89;123,92;-1,36
21,09.2019 15:31:22;32;3.8;321.7;788.9364773994524;302.29;Module 1,12_9;817.79;121,60;31,91;3,87;123,60;-2,00
21,09.2019 15:33:16;32;3.8;321.7;786.5333124106107;302.18;Module 1,12_9;815.33;121,60;31,91;3,86;123,21;-1,61
21,09.2019 15:35:13;32.1;3.77;321.7;780.528974034679;301.77;Module 1,12_9;809.14;121,02;31,91;3,83;122,23;-1,21
21,09.2019 15:37:12;32;3.75;321.7;776.3836881881576;301.6;Module 1,12_9;804.88;120,00;31,91;3,81;121,56;-1,56
21,09.2019 15:39:25;31.9;3.73;321.7;775.2601434385413;301.65;Module 1,12_9;803.76;118,99;31,91;3,80;121,37;-2,39
21,09.2019 15:41:17;31.9;3.71;321.7;772.1637360553229;302.03;Module 1,12_9;800.59;118,35;31,91;3,79;120,87;-2,52
21,09.2019 15:43:11;31.8;3.69;321.7;766.0361527752324;302.51;Module 1,12_9;794.28;117,34;31,91;3,76;119,87;-2,53
21,09.2019 15:45:05;31.8;3.67;321.7;762.2887836112278;302.6;Module 1,12_9;790.44;116,71;31,91;3,74;119,26;-2,56
21,09.2019 15:46:58;31.8;3.65;321.7;758.6458185977176;302.85;Module 1,12_9;786.71;116,07;31,91;3,72;118,67;-2,60
21,09.2019 15:49:00;31.8;3.63;321.7;752.3162041287953;302.92;Module 1,12_9;780.2;115,43;31,91;3,69;117,64;-2,20
21,09.2019 15:50:53;31.9;3.62;321.7;747.8013212664672;302.72;Module 1,12_9;775.57;115,48;31,91;3,66;116,90;-1,42
21,09.2019 15:52:56;32;3.59;321.7;741.0333079259799;302.62;Module 1,12_9;768.61;114,88;31,91;3,63;115,79;-0,91
21,09.2019 15:55:06;32;3.57;321.7;737.9809851021303;302.55;Module 1,12_9;765.51;114,24;31,91;3,61;115,30;-1,06
21,09.2019 15:57:01;32;3.55;321.7;734.9143091448758;302.57;Module 1,12_9;762.39;113,60;31,91;3,60;114,80;-1,20
21,09.2019 15:58:53;32;3.53;321.7;728.9360714053967;302.5;Module 1,12_9;756.25;112,96;31,91;3,57;113,82;-0,86
21,09.2019 16:00:48;32;3.49;321.7;723.1376031126599;302.63;Module 1,12_9;750.3;111,68;31,91;3,54;112,87;-1,19
21,09.2019 16:02:43;32.1;3.46;321.7;720.5946734829456;302.93;Module 1,12_9;747.73;111,07;31,91;3,52;112,46;-1,39
21,09.2019 16:04:37;32.4;3.43;321.7;713.9834724254816;302.64;Module 1,12_9;740.94;111,13;31,90;3,49;111,38;-0,24
21,09.2019 16:06:31;32.2;3.42;321.7;708.7388854192648;302.46;Module 1,12_9;735.57;110,12;31,90;3,46;110,52;-0,39
21,09.2019 16:09:03;32.2;3.41;321.7;706.030314484389;302.44;Module 1,12_9;732.86;109,80;31,90;3,45;110,07;-0,27
21,09.2019 16:10:56;32.2;3.38;320.1;700.2036616310654;302.75;Module 1,12_9;726.89;108,84;32,19;3,42;110,08;-1,25
21,09.2019 16:12:49;32.2;3.37;320.1;696.3691031030113;303.15;Module 1,12_9;722.99;108,51;32,19;3,40;109,45;-0,93
21,09.2019 16:15:03;32.1;3.33;319.6;688.8383118319529;303.34;Module 1,12_9;715.27;106,89;32,27;3,36;108,50;-1,60
21,09.2019 16:16:56;32.2;3.3;319.6;683.1313339190265;303.14;Module 1,12_9;709.43;106,26;32,27;3,33;107,55;-1,29
21,09.2019 16:18:48;32.2;3.28;319.6;677.8663229544121;303.21;Module 1,12_9;704.05;105,62;32,27;3,31;106,68;-1,06
21,09.2019 16:20:42;32.2;3.26;319.6;673.474017502997;303.41;Module 1,12_9;699.58;104,97;32,27;3,28;105,95;-0,98
21,09.2019 16:22:53;32.3;3.24;319.6;667.1984373665471;303.41;Module 1,12_9;693.17;104,65;32,27;3,25;104,91;-0,25
21,09.2019 16:24:52;32.4;3.21;318.1;660.8728299462407;303.27;Module 1,12_9;686.7;104,00;32,53;3,22;104,70;-0,69
21,09.2019 16:26:46;32.4;3.19;318.1;658.7355428637015;302.98;Module 1,12_9;684.58;103,36;32,53;3,21;104,34;-0,98
21,09.2019 16:28:41;32.6;3.17;318.1;654.1315829532512;302.7;Module 1,12_9;679.9;103,34;32,52;3,18;103,57;-0,22
21,09.2019 16:30:34;32.6;3.13;318.1;648.4307020874704;302.67;Module 1,12_9;674.08;102,04;32,52;3,15;102,61;-0,57
21,09.2019 16:32:26;32.6;3.12;318.1;644.3256466239134;302.84;Module 1,12_9;669.92;101,71;32,52;3,13;101,92;-0,21
21,09.2019 16:34:34;32.6;3.05;317.6;636.250742015373;302.82;Module 1,12_9;661.65;99,43;32,61;3,09;100,84;-1,41
21,09.2019 16:36:28;32.6;3.04;317.6;630.0821241216561;302.71;Module 1,12_9;655.35;99,10;32,60;3,06;99,80;-0,69
21,09.2019 16:38:22;32.5;3.01;318.1;627.5070918589174;302.79;Module 1,12_9;652.79;97,82;32,51;3,05;99,10;-1,27
21,09.2019 16:40:15;32.5;2.99;318.1;622.469810580382;303.07;Module 1,12_9;647.67;97,18;32,51;3,02;98,25;-1,08
21,09.2019 16:42:08;32.6;2.94;318.1;614.9706542309516;302.99;Module 1,12_9;639.99;95,84;32,50;2,98;96,99;-1,15
21,09.2019 16:44:14;32.9;2.9;317.6;607.4564062914882;303.1;Module 1,12_9;632.31;95,41;32,59;2,95;95,98;-0,57
21,09.2019 16:46:18;32.8;2.89;317.6;602.4016282036323;303.07;Module 1,12_9;627.19;94,79;32,58;2,92;95,13;-0,34
21,09.2019 16:48:11;32.7;2.86;317.6;597.3568485181323;302.99;Module 1,12_9;622.07;93,52;32,58;2,89;94,28;-0,76
21,09.2019 16:50:09;32.4;2.86;317.6;589.8464907436794;302.82;Module 1,12_9;614.39;92,66;32,57;2,86;93,01;-0,35
21,09.2019 16:52:09;32.4;2.82;317.6;584.789766043953;302.56;Module 1,12_9;609.27;91,37;32,56;2,83;92,16;-0,79
21,09.2019 16:54:01;32.5;2.81;317.6;577.2838655378997;302.61;Module 1,12_9;601.59;91,33;32,55;2,79;90,89;0,43
21,09.2019 16:55:54;32.3;2.73;317.6;572.2319023413033;302.85;Module 1,12_9;596.47;88,18;32,55;2,77;90,04;-1,86
21,09.2019 16:57:59;32.2;2.72;317.6;564.7072680005633;302.99;Module 1,12_9;588.79;87,58;32,55;2,73;88,77;-1,18
21,09.2019 16:59:56;32.6;2.71;317.6;559.6462809611814;302.81;Module 1,12_9;583.67;88,35;32,54;2,70;87,91;0,43
21,09.2019 17:01:52;32.3;2.69;316.1;554.5843249737821;302.58;Module 1,12_9;578.55;86,89;32,80;2,67;87,75;-0,86
21,09.2019 17:03:46;32.7;2.63;316.1;547.0695633051382;302.31;Module 1,12_9;570.87;86,00;32,80;2,64;86,46;-0,46
21,09.2019 17:06:09;31.9;2.64;316.1;539.513631126111;302.32;Module 1,12_9;563.19;84,22;32,79;2,60;85,18;-0,96
21,09.2019 17:08:02;32.7;2.55;315.6;531.9980702617333;302.28;Module 1,12_9;555.51;83,39;32,87;2,56;84,11;-0,73
21,09.2019 17:09:55;32.9;2.52;315.6;526.9327660727105;302.22;Module 1,12_9;550.39;82,91;32,86;2,53;83,25;-0,34
21,09.2019 17:11:51;33;2.48;315.6;519.4107447115167;302.04;Module 1,12_9;542.71;81,84;32,85;2,49;81,96;-0,12
21,09.2019 17:13:44;33;2.45;315.6;514.3418094784322;301.88;Module 1,12_9;537.59;80,85;32,84;2,47;81,09;-0,24
21,09.2019 17:15:38;33;2.42;315.6;506.82067521398767;302.05;Module 1,12_9;529.91;79,86;32,83;2,43;79,80;0,06
21,09.2019 17:17:35;33;2.38;315.6;499.2942546110187;302.32;Module 1,12_9;522.23;78,54;32,82;2,39;78,51;0,03
21,09.2019 17:19:41;33;2.36;315.6;491.7526985347863;302.55;Module 1,12_9;514.55;77,88;32,80;2,35;77,22;0,66
21,09.2019 17:21:50;32.8;2.35;315.6;486.65052319664574;302.6;Module 1,12_9;509.43;77,08;32,80;2,33;76,35;0,73
21,09.2019 17:23:46;32.6;2.31;315.6;479.12221301454724;302.47;Module 1,12_9;501.75;75,31;32,78;2,29;75,06;0,25
21,09.2019 17:25:57;32.7;2.26;314.1;469.12423714737787;302.38;Module 1,12_9;491.51;73,90;33,03;2,24;73,91;-0,01
21,09.2019 17:27:50;32.6;2.22;314.1;464.0430842618624;302.57;Module 1,12_9;486.39;72,37;33,02;2,21;73,03;-0,66
21,09.2019 17:29:42;32.6;2.19;314.1;456.5200444898663;302.78;Module 1,12_9;478.71;71,39;33,01;2,17;71,73;-0,34
21,09.2019 17:31:35;32.7;2.16;314.1;448.99505463521587;302.85;Module 1,12_9;471.03;70,63;32,99;2,13;70,43;0,20
21,09.2019 17:33:31;32.7;2.13;314.1;441.464402104656;302.84;Module 1,12_9;463.35;69,65;32,98;2,10;69,13;0,52
21,09.2019 17:35:35;32.5;2.1;314.1;436.3562632580018;302.89;Module 1,12_9;458.23;68,25;32,96;2,07;68,24;0,01
21,09.2019 17:37:40;32.8;2.03;314.1;433.67918270630565;302.85;Module 1,12_9;455.67;66,58;32,96;2,06;67,78;-1,20
21,09.2019 17:39:34;33;2;314.1;421.2770370497264;302.81;Module 1,12_9;442.87;66,00;32,93;1,99;65,63;0,37
21,09.2019 17:41:28;33.4;1.93;314.1;416.18166679792404;302.88;Module 1,12_9;437.75;64,46;32,91;1,97;64,75;-0,29
21,09.2019 17:43:25;33.5;1.89;313.6;408.64500754834967;302.71;Module 1,12_9;430.07;63,31;32,98;1,93;63,61;-0,30
21,09.2019 17:45:22;33.7;1.85;313.6;401.1082276165762;302.29;Module 1,12_9;422.39;62,35;32,96;1,89;62,30;0,04
21,09.2019 17:47:18;33.7;1.83;313.6;393.573520262149;302.23;Module 1,12_9;414.71;61,67;32,95;1,85;61,00;0,67
21,09.2019 17:49:16;33.8;1.79;311.1;386.03459518125317;301.96;Module 1,12_9;407.03;60,50;33,37;1,81;60,44;0,06
21,09.2019 17:51:12;33.7;1.75;311.1;378.5000992043545;301.82;Module 1,12_9;399.35;58,98;33,34;1,77;59,11;-0,14
21,09.2019 17:53:12;33.7;1.71;311.1;370.9569024571536;301.63;Module 1,12_9;391.67;57,63;33,32;1,73;57,79;-0,16
21,09.2019 17:55:21;33.9;1.66;311.1;363.3930959832111;301.42;Module 1,12_9;383.99;56,27;33,30;1,70;56,46;-0,19
21,09.2019 17:57:17;34.1;1.62;311.1;358.27985120302867;301.35;Module 1,12_9;378.87;55,24;33,28;1,67;55,56;-0,32
21,09.2019 17:59:24;34.3;1.58;311.1;350.7179709764571;301.02;Module 1,12_9;371.19;54,19;33,25;1,63;54,24;-0,04
21,09.2019 18:01:22;34.3;1.56;311.1;343.17770142139415;300.96;Module 1,12_9;363.51;53,51;33,22;1,59;52,91;0,60
21,09.2019 18:03:14;34.3;1.52;310.1;335.6529290765919;300.98;Module 1,12_9;355.83;52,14;33,38;1,55;51,84;0,29
21,09.2019 18:05:24;34.3;1.48;310.1;328.0834413474896;301.15;Module 1,12_9;348.15;50,76;33,34;1,51;50,51;0,26
21,09.2019 18:07:20;34.1;1.44;310.1;320.5499250499821;301.23;Module 1,12_9;340.47;49,10;33,30;1,48;49,18;-0,08
21,09.2019 18:09:08;34.1;1.41;310.1;313.0386934082435;301.19;Module 1,12_9;332.79;48,08;33,27;1,44;47,86;0,22
21,09.2019 18:11:01;34.1;1.38;310.1;302.9974779223012;300.98;Module 1,12_9;322.43;47,06;33,23;1,39;46,09;0,97
21,09.2019 18:12:54;34.1;1.34;309.6;297.27205190411604;300.92;Module 1,12_9;316.66;45,69;33,29;1,36;45,19;0,51
21,09.2019 18:14:47;34.2;1.3;309.6;290.31630709732696;300.63;Module 1,12_9;309.58;44,46;33,25;1,32;43,96;0,50
21,09.2019 18:16:50;34.2;1.27;309.6;282.77084880965975;300.57;Module 1,12_9;301.9;43,43;33,21;1,28;42,63;0,80
22,09.2019 09:35:39;35.3;1.24;291.4;280.2530243956852;283.5;Module 1,12_9;311.93;43,77;36,45;1,25;45,69;-1,92
22,09.2019 09:37:33;35.5;1.27;291.9;285.96448549303403;284.15;Module 1,12_9;317.7;45,09;36,39;1,28;46,69;-1,61
22,09.2019 09:39:28;35.5;1.31;291.9;292.97966740556035;284.99;Module 1,12_9;324.91;46,51;36,43;1,32;48,04;-1,54
22,09.2019 09:41:21;35.5;1.34;291.9;300.5962280155313;285.61;Module 1,12_9;332.79;47,57;36,47;1,36;49,51;-1,94
22,09.2019 09:43:20;35.4;1.38;294;308.0652174021035;286.33;Module 1,12_9;340.47;48,85;36,13;1,40;50,50;-1,65
22,09.2019 09:45:15;35.4;1.42;294;315.5223183893011;286.97;Module 1,12_9;348.15;50,27;36,16;1,44;51,92;-1,65
22,09.2019 09:47:08;35.4;1.46;294;322.9764062457308;287.51;Module 1,12_9;355.83;51,68;36,20;1,47;53,34;-1,66
22,09.2019 09:49:11;35;1.56;294;330.4784848857089;288.02;Module 1,12_9;363.51;54,60;36,23;1,51;54,77;-0,17
22,09.2019 09:54:56;31.2;1.67;293.4;350.57367761344665;289.35;Module 1,12_9;383.99;52,10;36,41;1,61;58,76;-6,66
22,09.2019 09:56:49;32.5;1.69;294;358.04895869253585;289.74;Module 1,12_9;391.67;54,92;36,34;1,65;60,04;-5,11
22,09.2019 09:58:42;34.4;1.71;294;365.52862627615303;290.11;Module 1,12_9;399.35;58,82;36,36;1,69;61,47;-2,64
22,09.2019 10:00:37;34.9;1.71;294;373.02039928437284;290.4;Module 1,12_9;407.03;59,68;36,38;1,73;62,90;-3,22
22,09.2019 10:02:32;35.1;1.76;297.5;378.16708135258216;290.53;Module 1,12_9;412.15;61,78;35,78;1,76;62,92;-1,14
22,09.2019 10:04:36;35;1.8;297.5;388.0501236868243;290.73;Module 1,12_9;422.39;63,00;35,80;1,81;64,77;-1,77
22,09.2019 10:06:31;35.1;1.83;298;395.55249967803957;290.82;Module 1,12_9;430.07;64,23;35,74;1,85;66,04;-1,80
22,09.2019 10:08:24;35.1;1.87;298;400.69354295460704;290.69;Module 1,12_9;435.19;65,64;35,76;1,87;67,00;-1,37
22,09.2019 10:10:28;35.1;1.91;298;408.23353660293486;290.8;Module 1,12_9;442.87;67,04;35,77;1,91;68,42;-1,37
22,09.2019 10:12:21;35;1.94;299.5;415.7353569208934;291;Module 1,12_9;450.55;67,90;35,53;1,95;69,36;-1,46
22,09.2019 10:14:24;34.8;1.99;299.5;425.6415029367731;291.34;Module 1,12_9;460.79;69,25;35,55;2,00;71,20;-1,95
22,09.2019 10:16:19;34.8;2.02;300;430.7915441365358;291.49;Module 1,12_9;465.91;70,30;35,48;2,03;72,00;-1,70
22,09.2019 10:18:13;34.8;2.07;300;438.3054426168188;291.46;Module 1,12_9;473.59;72,04;35,49;2,07;73,39;-1,35
22,09.2019 10:20:32;32.7;2.16;300;445.91023565246456;291.2;Module 1,12_9;481.27;70,63;35,51;2,11;74,80;-4,17
22,09.2019 10:22:24;33.5;2.19;300;453.42150599910184;291.25;Module 1,12_9;488.95;73,36;35,52;2,14;76,20;-2,83
22,09.2019 10:24:17;33.9;2.23;300;460.93879875737844;291.32;Module 1,12_9;496.63;75,60;35,54;2,18;77,59;-2,00
22,09.2019 10:26:16;32.4;2.27;300;466.10089937280645;291.54;Module 1,12_9;501.75;73,55;35,55;2,21;78,55;-5,00
22,09.2019 10:28:09;33.7;2.28;300;473.6207527749342;291.58;Module 1,12_9;509.43;76,84;35,56;2,25;79,95;-3,11
22,09.2019 10:30:03;34.2;2.3;301.5;478.76423051033686;291.53;Module 1,12_9;514.55;78,66;35,30;2,28;80,35;-1,69
22,09.2019 10:31:56;34.4;2.33;301.5;486.2865987080571;291.64;Module 1,12_9;522.23;80,15;35,32;2,31;81,73;-1,58
22,09.2019 10:33:57;34.4;2.36;301.5;493.8371453489251;291.92;Module 1,12_9;529.91;81,18;35,33;2,35;83,12;-1,94
22,09.2019 10:36:23;34.4;2.4;301.5;501.4695498305696;292.1;Module 1,12_9;537.59;82,56;35,34;2,39;84,53;-1,97
22,09.2019 10:38:16;34.3;2.43;301.5;508.99677495266496;292.23;Module 1,12_9;545.27;83,35;35,35;2,43;85,91;-2,56
22,09.2019 10:40:09;34.3;2.46;302;514.1344896092271;292.32;Module 1,12_9;550.39;84,38;35,27;2,46;86,66;-2,28
22,09.2019 10:42:04;34.3;2.49;302;519.2769081938757;292.4;Module 1,12_9;555.51;85,41;35,28;2,48;87,60;-2,19
22,09.2019 10:43:58;34.3;2.52;303.5;526.8092931215266;292.48;Module 1,12_9;563.19;86,44;35,02;2,52;88,36;-1,92
22,09.2019 10:45:51;34.3;2.55;303.5;531.9440991576835;292.59;Module 1,12_9;568.31;87,46;35,03;2,55;89,30;-1,83
22,09.2019 10:47:50;34.2;2.59;303.5;539.4931739740733;292.85;Module 1,12_9;575.99;88,58;35,04;2,59;90,67;-2,09
22,09.2019 10:50:04;34.2;2.62;303.5;544.6883762169451;293.19;Module 1,12_9;581.11;89,60;35,05;2,61;91,62;-2,01
22,09.2019 10:52:02;34.1;2.66;303.5;552.2350374025826;293.33;Module 1,12_9;588.79;90,71;35,05;2,65;92,99;-2,28
22,09.2019 10:53:58;34;2.69;304;557.3746354693255;293.53;Module 1,12_9;593.91;91,46;34,97;2,68;93,70;-2,24
22,09.2019 10:55:57;34;2.72;304;564.925158595585;293.8;Module 1,12_9;601.59;92,48;34,98;2,72;95,07;-2,59
22,09.2019 10:57:52;34;2.75;304;567.6547639030362;293.7;Module 1,12_9;604.15;93,50;34,98;2,73;95,57;-2,07
22,09.2019 10:59:45;34;2.77;305.5;575.1880669520726;293.6;Module 1,12_9;611.83;94,18;34,72;2,77;96,24;-2,06
22,09.2019 11:01:40;33.9;2.8;305.5;582.7282128005995;293.88;Module 1,12_9;619.51;94,92;34,73;2,81;97,60;-2,68
22,09.2019 11:03:35;33.8;2.83;305.5;585.4509369115891;293.96;Module 1,12_9;622.07;95,65;34,73;2,82;98,09;-2,43
22,09.2019 11:05:59;33.7;2.87;305.5;593.0685166264759;294.14;Module 1,12_9;629.75;96,72;34,73;2,86;99,46;-2,74
22,09.2019 11:07:52;33.8;2.89;306;598.1915001946506;294.1;Module 1,12_9;634.87;97,68;34,65;2,89;100,14;-2,45
22,09.2019 11:09:45;33.9;2.92;306;605.7265586544903;293.97;Module 1,12_9;642.55;98,99;34,66;2,93;101,49;-2,50
22,09.2019 11:11:37;33.9;2.95;306;613.2601556412142;293.89;Module 1,12_9;650.23;100,00;34,66;2,97;102,84;-2,83
22,09.2019 11:13:30;33.7;2.98;306;618.3818618826168;294.01;Module 1,12_9;655.35;100,43;34,66;2,99;103,75;-3,33
22,09.2019 11:15:27;33.7;3.01;306;624.0883610217246;294.21;Module 1,12_9;661.08;101,44;34,67;3,02;104,78;-3,34
22,09.2019 11:17:21;33.7;3.03;307.6;628.5586206636469;294.21;Module 1,12_9;665.51;102,11;34,39;3,05;104,76;-2,64
22,09.2019 11:19:24;33.5;3.05;307.6;629.6947522398644;294.45;Module 1,12_9;666.39;102,17;34,39;3,05;104,96;-2,78
22,09.2019 11:21:21;33.4;3.09;307.6;640.1037589548231;294.59;Module 1,12_9;677.1;103,21;34,40;3,10;106,80;-3,60
22,09.2019 11:23:15;33.4;3.12;307.6;646.3285023938936;294.92;Module 1,12_9;683.39;104,21;34,40;3,14;107,91;-3,70
22,09.2019 11:25:13;33.3;3.15;307.6;651.2284438455656;295.25;Module 1,12_9;688.27;104,89;34,40;3,16;108,78;-3,88
22,09.2019 11:27:05;33.2;3.17;308.1;655.0619293844646;295.64;Module 1,12_9;692.04;105,24;34,31;3,18;109,19;-3,94
22,09.2019 11:28:58;33.1;3.2;308.1;659.5585178364586;295.86;Module 1,12_9;696.51;105,92;34,32;3,20;109,98;-4,06
22,09.2019 11:30:52;33;3.22;308.1;663.3547986653506;296.36;Module 1,12_9;700.24;106,26;34,32;3,22;110,65;-4,39
22,09.2019 11:32:56;32.8;3.25;309.6;669.209152195625;296.79;Module 1,12_9;706.12;106,60;34,05;3,26;110,86;-4,26
22,09.2019 11:34:50;33;3.27;309.6;672.02508351313;296.84;Module 1,12_9;708.82;107,91;34,05;3,27;111,35;-3,44
22,09.2019 11:36:55;33.1;3.3;310.1;677.6034778476183;296.73;Module 1,12_9;714.41;109,23;33,97;3,30;112,05;-2,82
22,09.2019 11:39:00;33.1;3.32;310.1;683.8352661659565;296.64;Module 1,12_9;720.69;109,89;33,97;3,33;113,14;-3,24
22,09.2019 11:40:53;33;3.35;310.1;690.7332907931159;296.75;Module 1,12_9;727.7;110,55;33,98;3,37;114,34;-3,79
22,09.2019 11:42:51;32.8;3.38;310.1;693.5876904913526;296.89;Module 1,12_9;730.44;110,86;33,98;3,38;114,84;-3,97
22,09.2019 11:44:52;32.8;3.41;310.1;700.786510328474;296.91;Module 1,12_9;737.75;111,85;33,98;3,42;116,09;-4,25
22,09.2019 11:46:58;32.7;3.44;311.1;710.865630817679;297.14;Module 1,12_9;748.08;112,49;33,80;3,47;117,26;-4,77
22,09.2019 11:49:01;32.7;3.45;311.1;712.7843722315536;297.12;Module 1,12_9;749.83;112,82;33,80;3,48;117,59;-4,78
22,09.2019 11:51:10;32.7;3.49;311.1;719.6183479501174;296.92;Module 1,12_9;756.74;114,12;33,80;3,51;118,78;-4,65
22,09.2019 11:53:20;32.7;3.52;311.1;724.6938653832265;296.76;Module 1,12_9;761.8;115,10;33,80;3,54;119,65;-4,55
22,09.2019 11:55:12;32.6;3.55;311.1;730.7214365434313;296.84;Module 1,12_9;767.9;115,73;33,80;3,57;120,70;-4,97
22,09.2019 11:57:05;32.6;3.57;311.1;736.9790310280607;297;Module 1,12_9;774.24;116,38;33,80;3,60;121,78;-5,40
22,09.2019 11:59:04;32.5;3.59;311.1;740.9056659394344;297.18;Module 1,12_9;778.12;116,67;33,80;3,62;122,46;-5,78
22,09.2019 12:01:17;32.5;3.62;313.6;746.7335215916629;297.21;Module 1,12_9;783.97;117,65;33,36;3,65;121,90;-4,25
22,09.2019 12:03:12;32.7;3.65;313.6;750.3629673469006;297.03;Module 1,12_9;787.55;119,36;33,36;3,67;122,51;-3,16
22,09.2019 12:05:06;32.7;3.66;313.6;755.6850535706606;297.02;Module 1,12_9;792.91;119,68;33,36;3,70;123,42;-3,74
22,09.2019 12:07:07;32.7;3.68;313.6;760.4281129853548;297.17;Module 1,12_9;797.65;120,34;33,36;3,72;124,23;-3,89
22,09.2019 12:09:12;32.8;3.7;313.6;763.8895243961667;296.92;Module 1,12_9;801.04;121,36;33,36;3,74;124,82;-3,46
22,09.2019 12:11:06;32.8;3.73;313.6;769.1887865017192;296.8;Module 1,12_9;806.38;122,34;33,36;3,77;125,72;-3,38
22,09.2019 12:13:00;32.8;3.75;313.6;774.0291571188081;296.88;Module 1,12_9;811.24;123,00;33,36;3,79;126,55;-3,55
22,09.2019 12:15:15;32.5;3.78;313.6;780.4227609239197;297.17;Module 1,12_9;817.69;122,85;33,36;3,83;127,64;-4,79
22,09.2019 12:17:09;32.5;3.79;313.6;784.1724707938318;297.42;Module 1,12_9;821.41;123,17;33,36;3,85;128,27;-5,10
22,09.2019 12:19:04;32.4;3.82;313.6;788.9725950440395;297.67;Module 1,12_9;826.23;123,77;33,36;3,87;129,09;-5,32
22,09.2019 12:20:59;32.4;3.84;313.6;792.2050822720751;297.83;Module 1,12_9;829.41;124,42;33,36;3,89;129,64;-5,22
22,09.2019 12:23:00;32.4;3.87;313.6;798.0251364531107;298.22;Module 1,12_9;835.29;125,39;33,36;3,92;130,63;-5,24
22,09.2019 12:24:55;32.3;3.87;313.6;799.7921063964437;298.37;Module 1,12_9;836.94;125,00;33,36;3,92;130,93;-5,93
22,09.2019 12:26:48;32.3;3.85;313.6;799.9665425157282;298.69;Module 1,12_9;836.93;124,35;33,36;3,93;130,96;-6,60
22,09.2019 12:28:47;32.2;3.86;314.1;804.8798031361921;298.71;Module 1,12_9;841.87;124,29;33,27;3,95;131,45;-7,16
22,09.2019 12:30:40;32.2;3.92;314.1;813.8943233108637;298.87;Module 1,12_9;851.11;126,22;33,27;4,00;132,97;-6,75
22,09.2019 12:32:33;32;3.28;315.6;684.277041048632;298.81;Module 1,12_9;715.41;104,96;32,99;3,34;110,06;-5,10
22,09.2019 12:34:26;32.3;3.38;315.6;720.6150150660832;298.45;Module 1,12_9;753.24;109,17;33,00;3,52;116,22;-7,04
22,09.2019 12:36:22;32.5;4.03;315.6;835.3107298068855;298.32;Module 1,12_9;872.94;130,97;33,00;4,11;135,52;-4,55
22,09.2019 12:38:23;32.2;4.07;315.6;841.2475259481834;298.53;Module 1,12_9;878.95;131,05;33,00;4,14;136,52;-5,46
22,09.2019 12:40:16;32.1;4.1;315.6;846.3097567687657;298.93;Module 1,12_9;884.06;131,61;33,00;4,16;137,36;-5,75
22,09.2019 12:42:11;32.1;4.11;317.6;848.6163364717792;299.22;Module 1,12_9;886.29;131,93;32,64;4,18;136,29;-4,36
22,09.2019 12:44:06;32.1;4.1;317.6;850.4131256672185;299.42;Module 1,12_9;887.99;131,61;32,64;4,18;136,59;-4,98
22,09.2019 12:46:02;32.1;4.1;317.6;845.264383431744;299.35;Module 1,12_9;882.44;131,61;32,64;4,16;135,74;-4,13
22,09.2019 12:48:13;32;3.94;317.6;810.8140520354771;299.4;Module 1,12_9;846.29;126,08;32,65;3,98;130,03;-3,95
22,09.2019 12:50:06;32;4.06;317.6;843.649733363191;299.62;Module 1,12_9;880.4;129,92;32,64;4,15;135,47;-5,55
22,09.2019 12:52:04;31.9;4.11;317.6;846.9912188733083;299.91;Module 1,12_9;883.72;131,11;32,64;4,17;136,02;-4,91
22,09.2019 12:54:05;31.9;4.12;317.6;854.3419023750386;300.16;Module 1,12_9;891.22;131,43;32,64;4,20;137,24;-5,81
22,09.2019 12:56:01;31.8;3.99;317.6;824.4940417237603;300.32;Module 1,12_9;859.93;126,88;32,65;4,05;132,29;-5,41
22,09.2019 12:58:06;31.9;3.88;317.6;730.2292911917024;300.73;Module 1,12_9;761.47;123,77;32,64;3,57;116,60;7,17
22,09.2019 13:00:04;31.7;3.74;318.1;767.2550772713762;300.85;Module 1,12_9;799.94;118,56;32,55;3,76;122,45;-3,89
22,09.2019 13:02:00;31.8;4.16;318.1;861.8085289899211;301.06;Module 1,12_9;898.37;132,29;32,55;4,24;138,10;-5,81
22,09.2019 13:04:00;31.8;4;318.1;824.0473468592745;300.74;Module 1,12_9;858.86;127,20;32,55;4,05;131,87;-4,67
22,09.2019 13:05:59;31.8;4.04;319.6;835.5462555967937;300.69;Module 1,12_9;870.7;128,47;32,28;4,11;132,68;-4,21
22,09.2019 13:07:52;31.9;4.05;319.6;842.6819009925275;300.75;Module 1,12_9;878;129,19;32,28;4,15;133,85;-4,66
22,09.2019 13:09:35;31.8;4.09;319.6;842.3570384182966;300.89;Module 1,12_9;877.54;130,06;32,28;4,14;133,80;-3,74
22,09.2019 13:11:29;31.8;4.23;319.6;869.3556184967997;300.93;Module 1,12_9;905.53;134,51;32,27;4,28;138,21;-3,70
22,09.2019 13:13:22;31.6;3.84;319.6;817.1522823012729;300.79;Module 1,12_9;851.03;121,34;32,29;4,02;129,67;-8,32
22,09.2019 13:15:17;31.8;4.27;319.6;885.6759700061638;300.65;Module 1,12_9;922.26;135,79;32,27;4,36;140,87;-5,09
22,09.2019 13:17:10;31.8;4.3;319.6;892.8214439969328;300.56;Module 1,12_9;929.57;136,74;32,27;4,40;142,04;-5,30
22,09.2019 13:19:14;31.7;4.28;320.1;886.1359127015323;300.76;Module 1,12_9;922.47;135,68;32,18;4,37;140,56;-4,89
22,09.2019 13:21:15;31.8;4.33;320.1;900.1272777027945;300.92;Module 1,12_9;936.9;137,69;32,18;4,44;142,83;-5,14
22,09.2019 13:23:08;31.7;4.22;320.1;872.7455997132446;301.19;Module 1,12_9;908.28;133,77;32,19;4,30;138,38;-4,61
22,09.2019 13:25:01;31.6;4.26;321.7;880.2868037001966;301.28;Module 1,12_9;916.01;134,62;31,90;4,34;138,38;-3,77
22,09.2019 13:26:53;31.6;4.4;321.7;913.1136951050241;301.6;Module 1,12_9;950.05;139,04;31,88;4,51;143,66;-4,62
22,09.2019 13:28:48;31.2;3.39;321.7;663.9784531868928;301.77;Module 1,12_9;690.75;105,77;31,88;3,24;103,18;2,59
22,09.2019 13:30:40;31.3;2.65;321.7;536.5051623494064;301.35;Module 1,12_9;558.07;82,94;31,77;2,59;82,16;0,78
22,09.2019 13:32:34;31.8;2.52;319.6;526.7238270341891;301.03;Module 1,12_9;547.83;80,14;32,13;2,54;81,47;-1,33
22,09.2019 13:34:33;32.7;3.45;319.6;791.6004837930323;300.67;Module 1,12_9;823.22;112,82;32,29;3,89;125,47;-12,65
22,09.2019 13:36:27;32.1;3.9;319.6;795.6434855855285;300.51;Module 1,12_9;827.33;125,19;32,29;3,91;126,13;-0,94
22,09.2019 13:38:21;32;4.1;318.1;843.7457383426049;300.38;Module 1,12_9;877.25;131,20;32,55;4,15;135,12;-3,92
22,09.2019 13:40:13;32.4;4.39;318.1;909.2172305706493;300.22;Module 1,12_9;945.22;142,24;32,53;4,48;145,89;-3,65
22,09.2019 13:42:13;32.2;4.38;318.1;905.0477826418842;300.46;Module 1,12_9;940.78;141,04;32,53;4,46;145,21;-4,17
22,09.2019 13:44:09;31.8;4.35;318.1;907.7219147324237;300.92;Module 1,12_9;943.46;138,33;32,53;4,48;145,65;-7,32
22,09.2019 13:46:00;32;4.26;318.1;879.5127497852418;300.89;Module 1,12_9;914.05;136,32;32,54;4,33;141,01;-4,69
22,09.2019 13:48:16;31.9;4.35;318.1;908.466860557754;301.1;Module 1,12_9;944.03;138,76;32,53;4,48;145,77;-7,00
22,09.2019 13:50:26;31.8;4.27;318.1;878.3552670969723;301.64;Module 1,12_9;912.64;135,79;32,54;4,33;140,82;-5,04
22,09.2019 13:52:19;31.7;4.02;319.6;802.6377078038784;301.58;Module 1,12_9;833.89;127,43;32,29;3,94;127,28;0,15
22,09.2019 13:54:12;31.6;3.88;319.6;801.0252864916356;301.77;Module 1,12_9;832.14;122,61;32,29;3,93;127,02;-4,41
22,09.2019 13:56:05;31.5;3.88;319.6;804.098962870695;302.11;Module 1,12_9;835.26;122,22;32,29;3,95;127,52;-5,30
22,09.2019 13:58:00;31.6;3.64;320.1;778.7609078097764;302.32;Module 1,12_9;808.87;115,02;32,20;3,82;123,02;-8,00
22,09.2019 13:59:55;31.4;3.8;320.1;781.3298342295874;302.53;Module 1,12_9;811.47;119,32;32,20;3,83;123,44;-4,12
22,09.2019 14:01:50;31.7;4.16;321.7;859.7669827436204;302.69;Module 1,12_9;892.86;131,87;31,91;4,23;135,07;-3,20
22,09.2019 14:03:47;31.6;3.68;321.7;753.895122510889;302.89;Module 1,12_9;782.85;116,29;31,91;3,69;117,89;-1,61
22,09.2019 14:05:56;31.6;3.21;321.7;658.8252257097515;302.97;Module 1,12_9;684.07;101,44;31,88;3,21;102,33;-0,90
22,09.2019 14:07:50;31.9;3.64;321.7;733.2974503963993;302.59;Module 1,12_9;761.34;116,12;31,91;3,59;114,53;1,58
22,09.2019 14:09:51;31.8;3.67;321.7;774.1843370156;302.32;Module 1,12_9;803.73;116,71;31,91;3,80;121,20;-4,49
22,09.2019 14:11:44;31.5;2.5;321.7;525.2611341563564;302.17;Module 1,12_9;545.27;78,75;31,75;2,53;80,30;-1,55
22,09.2019 14:13:41;32.2;4.24;321.7;868.6803228788657;302.01;Module 1,12_9;901.71;136,53;31,90;4,28;136,51;0,02
22,09.2019 14:15:34;31.9;4.09;320.1;817.7118333840199;301.96;Module 1,12_9;848.75;130,47;32,20;4,02;129,40;1,07
22,09.2019 14:17:29;31.8;3.89;320.1;805.9114450611512;302.21;Module 1,12_9;836.45;123,70;32,20;3,96;127,47;-3,77
22,09.2019 14:19:23;31.8;3.98;320.1;817.473291756592;302.57;Module 1,12_9;848.4;126,56;32,20;4,02;129,37;-2,80
22,09.2019 14:21:19;31.8;3.82;321.7;783.5051221772881;302.96;Module 1,12_9;813.1;121,48;31,91;3,85;122,71;-1,24
22,09.2019 14:23:20;31.6;3.42;321.7;715.3423661904432;303.15;Module 1,12_9;742.32;108,07;31,91;3,50;111,60;-3,53
22,09.2019 14:24:25;31.6;3.76;321.7;762.6035173020827;303.28;Module 1,12_9;791.34;118,82;31,91;3,74;119,31;-0,50
22,09.2019 14:26:22;32;3.57;320.1;732.5164231329724;303.1;Module 1,12_9;760.08;114,24;32,20;3,58;115,41;-1,17
22,09.2019 14:28:15;32.1;3.55;320.1;731.7030059008164;302.93;Module 1,12_9;759.2;113,95;32,20;3,58;115,28;-1,33
22,09.2019 14:30:09;32.2;3.15;319.6;626.7081962226939;302.66;Module 1,12_9;650.23;101,43;32,24;3,04;98,17;3,26
22,09.2019 14:32:04;32.3;3.95;319.6;839.4994653459173;302.51;Module 1,12_9;870.97;127,58;32,28;4,13;133,33;-5,74
22,09.2019 14:34:13;32.1;4.04;319.6;837.7161307602978;302.97;Module 1,12_9;869.08;129,68;32,28;4,12;133,04;-3,35
22,09.2019 14:36:08;31.8;3.94;319.6;809.7454776700954;303.23;Module 1,12_9;840.03;125,29;32,29;3,98;128,45;-3,16
22,09.2019 14:38:16;31.8;4.13;319.6;839.9407640727137;303.42;Module 1,12_9;871.32;131,33;32,28;4,13;133,40;-2,07
22,09.2019 14:40:10;31.7;4.47;320.1;930.5667401345916;303.74;Module 1,12_9;965.3;141,70;32,16;4,59;147,77;-6,07
22,09.2019 14:42:03;31.5;4.3;320.1;870.9202474559886;303.76;Module 1,12_9;903.4;135,45;32,19;4,29;138,09;-2,64
22,09.2019 14:44:01;31.6;4.22;320.1;885.8500212234425;303.54;Module 1,12_9;918.86;133,35;32,18;4,37;140,52;-7,16
22,09.2019 14:45:59;31.7;4.27;321.7;881.3805999917123;303.29;Module 1,12_9;914.2;135,36;31,90;4,34;138,56;-3,20
22,09.2019 14:47:51;31.5;4;321.7;830.9961425034528;303.43;Module 1,12_9;861.92;126,00;31,91;4,09;130,42;-4,42
22,09.2019 14:49:48;31.6;3.81;321.7;787.2800799099441;303.4;Module 1,12_9;816.56;120,40;31,91;3,86;123,33;-2,93
22,09.2019 14:51:41;31.6;3.95;321.7;817.1444574459941;303.39;Module 1,12_9;847.52;124,82;31,91;4,02;128,18;-3,36
22,09.2019 14:53:47;31.7;3.59;321.7;733.0628805132121;303.43;Module 1,12_9;760.3;113,80;31,91;3,59;114,49;-0,69
22,09.2019 14:55:41;31.6;3.72;321.7;726.3517829791032;303.41;Module 1,12_9;753.33;117,55;31,91;3,55;113,40;4,15
22,09.2019 14:57:35;31.6;3.19;321.7;655.6256000197523;303.22;Module 1,12_9;679.97;100,80;31,88;3,19;101,81;-1,00
22,09.2019 14:59:52;31.9;3.23;322.2;645.8928988261633;303;Module 1,12_9;669.87;103,04;31,78;3,14;99,93;3,11
22,09.2019 15:01:44;32;3.06;322.2;634.1613315601148;302.57;Module 1,12_9;657.7;97,92;31,77;3,08;98,01;-0,09
22,09.2019 15:03:37;32.2;3.31;321.7;677.8221155748529;302.42;Module 1,12_9;702.98;106,58;31,89;3,31;105,45;1,13
22,09.2019 15:05:30;32.1;3.09;321.7;626.9595225815749;302.52;Module 1,12_9;650.23;99,19;31,86;3,05;97,09;2,10
22,09.2019 15:07:46;32.2;3.3;320.1;680.402951909609;302.57;Module 1,12_9;705.66;106,26;32,18;3,32;106,81;-0,55
22,09.2019 15:09:47;32.1;3.4;320.1;699.6726419381057;302.83;Module 1,12_9;725.65;109,14;32,19;3,42;109,99;-0,85
22,09.2019 15:11:43;32.1;3.64;320.1;740.5574122081136;303.07;Module 1,12_9;768.06;116,84;32,20;3,63;116,74;0,10
22,09.2019 15:13:47;31.8;3.4;319.6;713.097431178498;303.6;Module 1,12_9;739.59;108,12;32,28;3,49;112,52;-4,40
22,09.2019 15:15:42;32;3.3;319.6;655.246368474863;303.6;Module 1,12_9;679.6;105,60;32,26;3,19;102,92;2,68
22,09.2019 15:17:38;32;2.55;319.6;547.9345171329027;303.39;Module 1,12_9;568.31;81,60;32,16;2,64;85,02;-3,42
22,09.2019 15:19:33;32.5;3.15;319.6;649.8891559328335;303.03;Module 1,12_9;674.07;102,38;32,25;3,16;102,03;0,35
22,09.2019 15:21:36;32.3;3.53;318.1;727.5888578897401;303.21;Module 1,12_9;754.68;114,02;32,55;3,56;115,85;-1,83
22,09.2019 15:23:30;32;3.38;318.1;691.0116658627144;303.82;Module 1,12_9;716.76;108,16;32,55;3,37;109,74;-1,58
22,09.2019 15:25:13;31.9;3.35;318.1;703.2174549039831;304.25;Module 1,12_9;729.44;106,86;32,55;3,43;111,78;-4,92
22,09.2019 15:27:06;31.9;3.51;319.6;716.6045100504903;304.27;Module 1,12_9;743.35;111,97;32,28;3,50;113,10;-1,13
22,09.2019 15:29:17;31.9;3.45;319.6;704.4580918808341;304.36;Module 1,12_9;730.78;110,06;32,28;3,44;111,09;-1,03
22,09.2019 15:31:11;31.8;3.48;319.6;705.6936045778353;304.43;Module 1,12_9;732.09;110,66;32,28;3,45;111,29;-0,63
22,09.2019 15:33:07;31.7;3.73;319.6;771.5752699219354;304.72;Module 1,12_9;800.47;118,24;32,29;3,78;122,17;-3,93
22,09.2019 15:35:31;31.7;3.69;319.6;758.740813550306;305.02;Module 1,12_9;787.2;116,97;32,29;3,72;120,06;-3,09
22,09.2019 15:37:26;31.6;3.5;320.1;724.8257746896618;305.14;Module 1,12_9;752.05;110,60;32,20;3,55;114,15;-3,55
22,09.2019 15:39:42;31.7;3.54;320.1;709.7556703600221;305.48;Module 1,12_9;736.46;112,22;32,19;3,47;111,66;0,56
22,09.2019 15:41:36;31.6;3.25;321.7;663.4878534803711;305.42;Module 1,12_9;688.49;102,70;31,88;3,23;103,10;-0,40
22,09.2019 15:43:30;31.7;2.78;321.7;574.7753420213759;305.17;Module 1,12_9;596.47;88,13;31,81;2,78;88,49;-0,36
22,09.2019 15:45:23;31.8;2.52;321.7;515.5379185780158;304.92;Module 1,12_9;535.03;80,14;31,73;2,48;78,69;1,44
22,09.2019 15:47:33;32.2;2.43;321.7;522.8984687085867;304.85;Module 1,12_9;542.71;78,25;31,75;2,52;79,91;-1,67
22,09.2019 15:49:59;31.8;2.35;320.1;475.9909276083474;304.35;Module 1,12_9;494.07;74,73;31,96;2,28;72,77;1,96
22,09.2019 15:51:56;32.3;2.65;320.1;542.5399746253152;304.1;Module 1,12_9;563.19;85,59;32,06;2,62;83,89;1,71
22,09.2019 15:53:49;32.2;2.29;320.1;448.79189910510024;303.85;Module 1,12_9;465.91;73,74;31,91;2,14;68,22;5,52
22,09.2019 15:55:50;32.3;2.28;319.6;446.28691632116374;303.65;Module 1,12_9;463.35;73,64;31,99;2,12;67,98;5,66
22,09.2019 15:57:51;32.4;2.48;319.6;525.1419863679214;303.34;Module 1,12_9;545.27;80,35;32,13;2,53;81,20;-0,85
22,09.2019 15:59:48;32.5;2.59;318.1;515.2321291680702;302.84;Module 1,12_9;535.03;84,17;32,39;2,48;80,18;3,99
22,09.2019 16:01:41;32.6;1.85;318.1;377.1415980333495;302.43;Module 1,12_9;391.67;60,31;32,08;1,77;56,82;3,49
22,09.2019 16:04:15;33;2.96;317.6;591.5208503983105;302.03;Module 1,12_9;614.39;97,68;32,57;2,86;93,30;4,38
22,09.2019 16:06:08;32.9;2.72;317.6;554.4929973905004;302.05;Module 1,12_9;575.99;89,49;32,53;2,68;87,04;2,45
22,09.2019 16:08:02;32.4;2.02;317.6;406.5816064916234;302;Module 1,12_9;422.39;65,45;32,26;1,92;61,97;3,48
22,09.2019 16:09:55;32.3;1.96;317.6;399.14449673968545;301.81;Module 1,12_9;414.71;63,31;32,23;1,88;60,70;2,60
22,09.2019 16:11:59;32.5;2.03;317.6;411.4116338338731;301.7;Module 1,12_9;427.51;65,97;32,27;1,95;62,79;3,19
22,09.2019 16:13:58;32.5;1.73;316.1;352.2403724824648;301.52;Module 1,12_9;366.07;56,23;32,35;1,64;53,15;3,07
22,09.2019 16:15:51;32.5;1.54;316.1;309.0074510279103;301.24;Module 1,12_9;321.18;50,05;32,16;1,42;45,77;4,28
22,09.2019 16:19:46;32.7;1.49;315.6;306.45983533892985;300.76;Module 1,12_9;318.62;48,72;32,24;1,41;45,45;3,27
22,09.2019 16:21:41;33;1.69;315.6;349.58669644387527;300.61;Module 1,12_9;363.51;55,77;32,43;1,63;52,84;2,93
22,09.2019 16:23:34;33;1.54;314.1;314.1121120544319;300.44;Module 1,12_9;326.67;50,82;32,55;1,45;47,11;3,71
24,09.2019 09:42:45;35.5;1.32;293.4;278.98306983031034;286.76;Module 1,12_9;309.56;46,86;36,09;1,25;45,07;1,79
24,09.2019 09:44:37;35.2;1.32;294;287.8218267360701;286.95;Module 1,12_9;318.84;46,46;36,03;1,29;46,64;-0,18
24,09.2019 10:10:36;35.8;1.74;294;357.72995351641;287.14;Module 1,12_9;389.11;62,29;36,33;1,65;59,98;2,32
24,09.2019 10:12:28;36.3;2.03;295;435.8517245477623;287.81;Module 1,12_9;473.59;73,69;36,37;2,05;74,58;-0,89
24,09.2019 10:14:21;36.1;1.92;295;356.1121561505412;288.62;Module 1,12_9;386.55;69,31;36,15;1,64;59,41;9,90
24,09.2019 10:21:59;36.4;2.19;298;423.78829443690773;289.42;Module 1,12_9;458.23;79,72;35,81;1,99;71,33;8,38
24,09.2019 10:25:41;35.6;2.13;297.5;434.01122870296706;289.85;Module 1,12_9;468.47;75,83;35,92;2,04;73,41;2,41
24,09.2019 10:27:42;34.7;2.27;297.5;458.1447742270042;290.31;Module 1,12_9;494.07;78,77;35,98;2,17;77,95;0,82
24,09.2019 10:29:35;34.3;2.23;297.5;453.77242703752546;290.69;Module 1,12_9;488.95;76,49;35,97;2,14;77,13;-0,64
24,09.2019 10:31:27;34.5;2.19;298;451.7578773724806;291.22;Module 1,12_9;486.39;75,55;35,88;2,13;76,58;-1,02
24,09.2019 10:33:20;34.8;2.22;298;456.8729617232409;291.55;Module 1,12_9;491.51;77,26;35,88;2,16;77,54;-0,28
24,09.2019 10:35:27;34.7;2.28;300;469.1753377984662;292.05;Module 1,12_9;504.31;79,12;35,55;2,23;79,12;-0,01
24,09.2019 10:37:20;34.6;2.32;300;479.0600054845429;292.4;Module 1,12_9;514.55;80,27;35,57;2,28;80,96;-0,68
24,09.2019 10:39:12;34.6;2.35;300;484.1770953453144;292.68;Module 1,12_9;519.67;81,31;35,58;2,30;81,91;-0,60
24,09.2019 10:41:09;34.5;2.37;301.5;489.3083485621852;293.03;Module 1,12_9;524.79;81,77;35,32;2,33;82,29;-0,52
24,09.2019 10:43:01;34.3;2.44;301.5;499.20021450826397;293.3;Module 1,12_9;535.03;83,69;35,34;2,38;84,11;-0,42
24,09.2019 10:44:54;34.1;2.51;302;511.4906931583612;293.49;Module 1,12_9;547.83;85,59;35,27;2,44;86,17;-0,58
24,09.2019 10:46:47;34;2.53;302;514.222426815526;293.68;Module 1,12_9;550.39;86,02;35,27;2,46;86,67;-0,65
24,09.2019 10:49:11;33.9;2.44;303.5;500.2843255810365;293.81;Module 1,12_9;535.03;82,72;34,98;2,39;83,53;-0,81
24,09.2019 10:51:04;33.7;2.23;303.5;435.9280320706347;293.86;Module 1,12_9;465.91;75,15;34,87;2,06;71,78;3,37
24,09.2019 10:52:58;34;2.48;303.5;510.4987009769351;293.74;Module 1,12_9;545.27;84,32;35,00;2,44;85,39;-1,07
24,09.2019 10:54:52;34;2.57;305.5;520.402288372566;293.8;Module 1,12_9;555.51;87,38;34,66;2,49;86,37;1,01
24,09.2019 10:56:45;33.9;2.48;305.5;518.3097810625742;294.03;Module 1,12_9;552.95;84,07;34,66;2,48;85,99;-1,92
24,09.2019 10:58:37;33.7;2.62;305.5;537.8144222812531;294.37;Module 1,12_9;573.43;88,29;34,68;2,58;89,51;-1,22
24,09.2019 11:00:31;33.7;2.64;305.5;538.1210116193201;294.69;Module 1,12_9;573.43;88,97;34,68;2,58;89,56;-0,60
24,09.2019 11:02:25;33.7;2.59;305.5;528.8063583709175;294.82;Module 1,12_9;563.19;87,28;34,67;2,53;87,89;-0,60
24,09.2019 11:04:18;33.7;2.69;306;545.9276132829034;294.81;Module 1,12_9;581.11;90,65;34,60;2,62;90,75;-0,10
24,09.2019 11:06:11;33.6;2.74;306;565.4671463091879;294.98;Module 1,12_9;601.59;92,06;34,63;2,72;94,26;-2,20
24,09.2019 11:08:03;33.5;2.82;307.6;580.2030889388084;295.09;Module 1,12_9;616.95;94,47;34,35;2,80;96,16;-1,69
24,09.2019 11:10:40;33.4;2.86;307.6;585.4296019139741;295.33;Module 1,12_9;622.07;95,52;34,36;2,83;97,09;-1,57
24,09.2019 11:12:33;33.4;2.95;307.6;600.1811217189984;295.53;Module 1,12_9;637.43;98,53;34,37;2,90;99,71;-1,18
24,09.2019 11:14:26;33.3;2.98;307.6;610.1177639063956;295.71;Module 1,12_9;647.67;99,23;34,38;2,95;101,48;-2,25
24,09.2019 11:16:19;33.3;3;307.6;615.2324055493922;295.72;Module 1,12_9;652.79;99,90;34,38;2,98;102,39;-2,49
24,09.2019 11:18:29;33.2;3.02;308.1;619.2005719124284;295.71;Module 1,12_9;656.65;100,26;34,30;3,00;102,84;-2,58
24,09.2019 11:20:22;33.2;3.03;308.1;621.4910695668444;295.92;Module 1,12_9;658.78;100,60;34,30;3,01;103,25;-2,65
24,09.2019 11:22:18;33.1;3.08;308.1;629.646385948449;296.18;Module 1,12_9;667.12;101,95;34,30;3,05;104,69;-2,74
24,09.2019 11:24:15;33.1;3.01;308.1;622.9430320633858;296.03;Module 1,12_9;659.72;99,63;34,30;3,02;103,50;-3,87
24,09.2019 11:26:12;33.1;3.09;308.1;632.5234592170706;295.92;Module 1,12_9;669.57;102,28;34,30;3,07;105,20;-2,92
24,09.2019 11:28:05;33.1;3.18;310.1;652.1431753354478;296;Module 1,12_9;690.05;105,26;33,96;3,17;107,60;-2,34
24,09.2019 11:29:59;33;3.21;310.1;657.528143952673;296.3;Module 1,12_9;695.46;105,93;33,96;3,20;108,54;-2,61
24,09.2019 11:31:51;32.9;3.19;310.1;663.058802372421;296.49;Module 1,12_9;701.03;104,95;33,96;3,22;109,51;-4,55
24,09.2019 11:34:07;32.8;3.11;310.1;545.0500185252017;296.44;Module 1,12_9;575.99;102,01;33,87;2,62;88,80;13,21
24,09.2019 11:36:00;32.8;3.25;311.1;668.4383195278785;296.23;Module 1,12_9;706.11;106,60;33,79;3,25;109,89;-3,29
24,09.2019 11:38:16;32.8;3.42;311.1;698.0070880491425;296.1;Module 1,12_9;737.01;112,18;33,80;3,40;115,03;-2,85
24,09.2019 11:40:36;32.7;3.45;311.1;703.8219766592999;296.04;Module 1,12_9;742.81;112,82;33,80;3,43;116,04;-3,22
24,09.2019 11:42:33;32.7;3.52;311.1;721.2796439560076;296.12;Module 1,12_9;760.95;115,10;33,80;3,52;119,06;-3,96
24,09.2019 11:44:25;32.6;3.59;311.1;733.7743909853207;296.25;Module 1,12_9;773.86;117,03;33,80;3,59;121,23;-4,19
24,09.2019 11:48:38;32.8;3.61;313.6;742.6808511480891;296.16;Module 1,12_9;782.65;118,41;33,36;3,63;121,20;-2,80
24,09.2019 11:50:30;32.9;3.65;313.6;761.5318131999242;296.32;Module 1,12_9;802.25;120,08;33,36;3,73;124,42;-4,33
24,09.2019 11:52:24;32.9;2.02;313.6;302.3205572429696;296.46;Module 1,12_9;318.38;66,46;32,59;1,39;45,19;21,27
24,09.2019 11:54:17;34.8;1.83;313.6;292.49174295507055;296.31;Module 1,12_9;307.93;63,68;32,54;1,34;43,49;20,19
24,09.2019 12:00:01;35.2;3.41;311.1;642.2677665204291;295.18;Module 1,12_9;675.53;120,03;33,77;3,12;105,34;14,70
24,09.2019 12:01:55;33.7;1.56;311.1;321.3685818979221;295.03;Module 1,12_9;337.91;52,57;33,13;1,48;49,09;3,49
24,09.2019 12:04:10;33.3;3.53;311.1;865.204558227993;294.58;Module 1,12_9;909.42;117,55;33,79;4,26;143,85;-26,30
24,09.2019 12:06:33;33.7;1.24;309.6;394.6900575097745;295.06;Module 1,12_9;414.71;41,79;33,66;1,85;62,42;-20,63
24,09.2019 12:08:26;33.3;4.12;309.6;842.1801507406956;295.6;Module 1,12_9;884.65;137,20;34,06;4,14;140,97;-3,77
24,09.2019 12:10:19;33.8;3.81;309.6;684.9949832017115;295.95;Module 1,12_9;719.34;128,78;34,06;3,34;113,62;15,16
24,09.2019 12:16:01;33.7;2.73;310.1;641.9740137939876;294.64;Module 1,12_9;673.62;92,00;33,95;3,12;105,82;-13,82
24,09.2019 12:17:58;33.2;1.4;310.1;293.77992962121;294.35;Module 1,12_9;308.18;46,48;33,18;1,34;44,47;2,01
24,09.2019 12:19:53;33.5;1.55;308.1;317.3212059165829;294.07;Module 1,12_9;332.79;51,93;33,66;1,46;49,08;2,85
24,09.2019 12:22:16;35.7;3.91;308.1;913.8789673342053;294.03;Module 1,12_9;958.13;139,59;34,30;4,50;154,48;-14,89
24,09.2019 12:24:11;33.8;4.73;308.1;962.2829995859358;295.02;Module 1,12_9;1008.63;159,87;34,28;4,75;162,83;-2,96
24,09.2019 12:26:05;32.8;1.42;308.1;290.31036723512386;295.41;Module 1,12_9;304.22;46,58;33,52;1,32;44,27;2,30
24,09.2019 12:28:12;33.1;1.51;308.1;310.53631296891376;295.44;Module 1,12_9;325.33;49,98;33,63;1,42;47,87;2,11
24,09.2019 12:30:05;33.2;3.01;308.1;727.9548021817159;295.47;Module 1,12_9;762.46;99,93;34,34;3,55;122,04;-22,11
24,09.2019 12:31:57;34.2;3.97;309.6;874.3490434118979;296.11;Module 1,12_9;915.59;135,77;34,05;4,30;146,52;-10,75
24,09.2019 12:33:52;32.8;4.98;309.6;1012.3186989401847;297.04;Module 1,12_9;1059.83;163,34;33,98;5,01;170,13;-6,79
24,09.2019 12:41:39;33.5;2.53;310.1;425.83123292143745;295.92;Module 1,12_9;445.43;84,75;33,66;2,01;67,76;16,99
24,09.2019 12:43:35;33.7;1.88;310.1;599.7171916401803;295.72;Module 1,12_9;627.19;63,36;33,92;2,90;98,41;-35,05
24,09.2019 12:45:27;33.8;2.04;310.1;440.69191544205955;295.93;Module 1,12_9;460.79;68,95;33,70;2,09;70,39;-1,44
24,09.2019 12:47:20;33.8;1.95;310.1;467.7139879752767;296.14;Module 1,12_9;488.95;65,91;33,75;2,23;75,16;-9,25
24,09.2019 12:49:22;30.8;2.02;310.1;423.72198515823146;296.42;Module 1,12_9;442.87;62,22;33,66;2,00;67,39;-5,18
24,09.2019 12:51:56;33.2;2.27;309.6;414.02921111804665;296.64;Module 1,12_9;432.63;75,36;33,72;1,95;65,84;9,52
24,09.2019 12:53:50;35.2;1.6;309.6;312.82564193764887;296.76;Module 1,12_9;326.82;56,32;33,36;1,44;47,93;8,39
24,09.2019 12:55:42;32.8;3.42;309.6;790.952090579977;296.67;Module 1,12_9;826.19;112,18;34,07;3,88;132,10;-19,92
24,09.2019 12:57:35;33.9;2.59;309.6;451.0187372008417;296.58;Module 1,12_9;471.03;87,80;33,80;2,14;72,39;15,41
24,09.2019 12:59:28;35.4;1.29;310.1;306.04575997211333;296.82;Module 1,12_9;319.57;45,67;33,24;1,40;46,63;-0,96
24,09.2019 13:12:56;34.8;1.86;307.6;321.5217387156154;294.22;Module 1,12_9;335.35;64,73;33,77;1,48;49,94;14,78
24,09.2019 13:14:55;34.2;4.18;307.6;857.0659109158958;294.82;Module 1,12_9;893.79;142,96;34,41;4,21;144,98;-2,03
24,09.2019 13:16:48;33.6;3.92;307.6;806.780712691676;295.42;Module 1,12_9;841.23;131,71;34,42;3,96;136,19;-4,48
24,09.2019 13:18:48;33;4.13;307.6;854.7257894080204;296.42;Module 1,12_9;891.09;136,29;34,41;4,20;144,57;-8,28
24,09.2019 13:20:42;32.7;4.24;307.6;871.3441562465923;297.29;Module 1,12_9;908.29;138,65;34,41;4,29;147,47;-8,82
24,09.2019 13:22:43;32.4;4.05;310.1;827.2474998909843;298.07;Module 1,12_9;862.2;131,22;33,98;4,06;138,04;-6,82
24,09.2019 13:24:40;30.4;4.08;310.1;833.5969675949922;298.53;Module 1,12_9;868.7;124,03;33,98;4,09;139,13;-15,10
24,09.2019 13:26:34;32.1;3.99;310.1;814.7502748081644;298.96;Module 1,12_9;848.95;128,08;33,98;4,00;135,88;-7,80
24,09.2019 13:28:30;32;3.94;313.6;810.0270234580644;299.26;Module 1,12_9;843.92;126,08;33,36;3,98;132,67;-6,59
24,09.2019 13:30:28;33.1;3.26;313.6;781.0917137090863;299.5;Module 1,12_9;813.67;107,91;33,36;3,83;127,75;-19,84
24,09.2019 13:33:00;32.6;2.4;315.6;366.2167172233211;299.25;Module 1,12_9;381.43;78,24;32,49;1,71;55,69;22,55
24,09.2019 13:34:53;33.9;3.92;315.6;776.3431113469737;298.78;Module 1,12_9;808.5;132,89;33,01;3,81;125,62;7,27
24,09.2019 13:36:47;32.6;1.87;315.6;560.5194440436635;298.75;Module 1,12_9;583.67;60,96;32,90;2,70;88,99;-28,03
24,09.2019 13:38:43;33.6;1.58;315.6;462.23348131904237;298.54;Module 1,12_9;481.27;53,09;32,75;2,20;72,16;-19,07
24,09.2019 13:40:35;29.4;1.84;315.6;418.02087550028295;298.32;Module 1,12_9;435.19;54,10;32,65;1,98;64,57;-10,48
24,09.2019 13:42:29;33.2;3.77;314.1;773.6691068942155;298.48;Module 1,12_9;805.36;125,16;33,27;3,79;126,16;-0,99
24,09.2019 13:44:22;32.6;3.58;314.1;747.0493531582856;298.88;Module 1,12_9;777.57;116,71;33,27;3,66;121,63;-4,93
24,09.2019 13:46:16;32.5;3.97;314.1;808.532442617503;299.02;Module 1,12_9;841.48;129,03;33,27;3,97;132,07;-3,04
24,09.2019 13:48:08;33;2.44;315.6;511.67096787864193;299.17;Module 1,12_9;532.47;80,52;32,84;2,46;80,63;-0,11
24,09.2019 13:51:54;32.1;2.49;315.6;624.948209237522;298.99;Module 1,12_9;650.23;79,93;32,96;3,03;99,98;-20,05
24,09.2019 13:53:57;33.2;3.66;315.6;541.3453463651115;298.63;Module 1,12_9;563.19;121,51;32,88;2,61;85,71;35,80
24,09.2019 13:55:49;32.8;4.04;315.6;867.8193009000875;298.82;Module 1,12_9;902.76;132,51;32,99;4,27;140,96;-8,45
24,09.2019 13:57:43;32.6;4.06;315.6;811.4413239382752;299.21;Module 1,12_9;844.04;132,36;33,00;3,99;131,52;0,83
24,09.2019 14:01:38;33.3;4.47;315.6;916.510499087368;298.94;Module 1,12_9;953.17;148,85;32,98;4,52;149,07;-0,22
24,09.2019 14:03:31;32.4;3.93;315.6;803.7838060523447;299.33;Module 1,12_9;835.87;127,33;33,01;3,95;130,24;-2,90
24,09.2019 14:05:29;32.1;3.51;316.1;715.53447681634;299.65;Module 1,12_9;744.04;112,67;32,91;3,50;115,06;-2,38
24,09.2019 14:07:22;32.2;3.44;316.1;731.416474747992;299.88;Module 1,12_9;760.5;110,77;32,91;3,58;117,73;-6,97
24,09.2019 14:10:14;32.2;3.61;317.6;728.3670643792718;300.44;Module 1,12_9;757.25;116,24;32,64;3,56;116,29;-0,05
24,09.2019 14:12:10;31.9;3.52;317.6;721.9520628182177;300.69;Module 1,12_9;750.53;112,29;32,64;3,53;115,22;-2,93
24,09.2019 14:14:03;32;3.32;317.6;688.2128253420834;301.03;Module 1,12_9;715.41;106,24;32,63;3,36;109,57;-3,33
24,09.2019 14:16:04;32;3.56;317.6;706.6037571918969;300.89;Module 1,12_9;734.48;113,92;32,64;3,45;112,65;1,27
24,09.2019 14:18:16;33.3;2.01;317.6;394.071201697186;300.48;Module 1,12_9;409.59;66,93;32,22;1,86;59,84;7,09
24,09.2019 14:20:08;33.3;3.87;318.1;784.9430920934368;300.14;Module 1,12_9;815.81;128,87;32,55;3,85;125,39;3,48
24,09.2019 14:22:04;32.4;1.53;318.1;325.1424940885587;299.95;Module 1,12_9;337.91;49,57;31,88;1,51;48,03;1,54
24,09.2019 14:24:03;32.6;3.35;318.1;670.2287107160024;299.68;Module 1,12_9;696.51;109,21;32,53;3,27;106,26;2,95
24,09.2019 14:26:04;26.5;3.1;317.6;684.9382284269325;299.38;Module 1,12_9;711.76;82,15;32,63;3,34;109,02;-26,87
24,09.2019 14:27:56;32.8;3.28;316.1;664.9806503040209;299.3;Module 1,12_9;690.99;107,58;32,89;3,24;106,51;1,08
24,09.2019 14:30:01;32.6;3.27;316.1;618.3930556195509;299.23;Module 1,12_9;642.55;106,60;32,87;3,00;98,61;8,00
24,09.2019 14:31:55;32.9;2.6;316.1;534.6468905971208;299.16;Module 1,12_9;555.51;85,54;32,78;2,57;84,35;1,19
24,09.2019 14:34:16;32.1;1.5;316.1;311.1242148636623;299.03;Module 1,12_9;323.25;48,15;32,18;1,43;46,13;2,02
24,09.2019 14:36:09;32.6;1.98;316.1;409.0232758100483;298.63;Module 1,12_9;424.95;64,55;32,53;1,93;62,87;1,68
24,09.2019 14:38:03;33.6;2.69;314.1;544.5637088897071;298.5;Module 1,12_9;565.75;90,38;33,15;2,62;86,93;3,45
24,09.2019 14:39:56;33.2;3.48;314.1;611.1132055089349;298.66;Module 1,12_9;634.87;115,54;33,22;2,96;98,39;17,15
24,09.2019 14:41:52;33;3.52;314.1;745.7793965305598;299.02;Module 1,12_9;774.75;116,16;33,27;3,65;121,42;-5,26
24,09.2019 14:43:45;32.7;3.26;314.1;625.9307867887671;299.2;Module 1,12_9;650.23;106,60;33,23;3,04;100,93;5,67
24,09.2019 14:45:43;32.6;2.78;314.1;566.7996056539431;299.53;Module 1,12_9;588.79;90,63;33,18;2,74;90,77;-0,14
24,09.2019 14:47:38;32.6;2.77;315.6;566.8105595228102;299.82;Module 1,12_9;588.79;90,30;32,91;2,74;90,06;0,24
24,09.2019 14:49:41;31;2.56;315.6;589.0009232739731;299.71;Module 1,12_9;611.83;79,36;32,93;2,85;93,85;-14,49
24,09.2019 14:52:05;32.9;2.73;315.6;561.9011314017407;299.64;Module 1,12_9;583.67;89,82;32,90;2,71;89,23;0,59
24,09.2019 14:56:42;32.8;2.89;315.6;579.1646762648766;300.11;Module 1,12_9;601.59;94,79;32,92;2,80;92,17;2,62
24,09.2019 14:59:38;32.6;2.8;315.6;564.3799614494772;300.37;Module 1,12_9;586.23;91,28;32,91;2,72;89,65;1,63
24,09.2019 15:04:51;32.6;2.21;315.6;446.0765895640209;300.24;Module 1,12_9;463.35;72,05;32,72;2,12;69,39;2,66
24,09.2019 15:08:06;33.1;1.57;315.6;311.63751205386524;299.8;Module 1,12_9;323.71;51,97;32,27;1,44;46,34;5,63
24,09.2019 15:10:39;33.1;2.18;314.1;347.4824848620673;299.56;Module 1,12_9;360.95;72,16;32,70;1,62;52,87;19,28
24,09.2019 15:12:47;32.6;1.46;314.1;288.95518130085736;299.21;Module 1,12_9;300.16;47,60;32,43;1,32;42,78;4,82
24,09.2019 15:15:20;33.2;1.81;314.1;359.7882481367209;298.89;Module 1,12_9;373.75;60,09;32,74;1,68;55,00;5,09
24,09.2019 15:17:26;33.1;1.5;314.1;299.8171839862253;298.48;Module 1,12_9;311.46;49,65;32,48;1,37;44,65;5,00
24,09.2019 15:21:19;33.2;1.82;311.1;330.1876503495814;297.93;Module 1,12_9;343.03;60,42;33,17;1,53;50,63;9,79
24,09.2019 15:23:28;33.4;2.25;311.1;445.98615632088473;297.82;Module 1,12_9;463.35;75,15;33,52;2,12;70,97;4,18
24,09.2019 15:26:10;33.3;2.24;311.1;441.03447755872753;297.92;Module 1,12_9;458.23;74,59;33,52;2,09;70,10;4,49
24,09.2019 15:28:06;33.3;2.33;311.1;443.4797156613773;298.28;Module 1,12_9;460.79;77,59;33,52;2,10;70,53;7,06
24,09.2019 15:30:03;33.3;2.23;311.1;463.16909867718664;298.2;Module 1,12_9;481.27;74,26;33,56;2,20;73,99;0,27
24,09.2019 15:31:55;33.3;2.53;311.1;507.49207316734237;298.1;Module 1,12_9;527.35;84,25;33,64;2,43;81,77;2,48
24,09.2019 15:33:49;33.2;2.3;312.6;475.44089574021274;298.25;Module 1,12_9;494.07;76,36;33,31;2,27;75,57;0,79
24,09.2019 15:36:42;33.3;2.25;312.6;465.54779320779863;298.23;Module 1,12_9;483.83;74,92;33,30;2,22;73,85;1,07
24,09.2019 15:38:45;33.3;2.31;311.1;458.12836555509955;298.17;Module 1,12_9;476.15;76,92;33,55;2,18;73,11;3,82
24,09.2019 15:40:39;33.4;2.32;311.1;470.41400101112794;298.07;Module 1,12_9;488.95;77,49;33,58;2,24;75,26;2,23
24,09.2019 15:42:51;33.5;2.2;310.1;440.8241897999609;297.96;Module 1,12_9;458.23;73,70;33,70;2,09;70,41;3,29
24,09.2019 15:45:06;32.8;1.47;310.1;291.9468257198957;297.89;Module 1,12_9;303.5;48,22;33,16;1,33;44,14;4,07
25,09.2019 09:35:50;35.4;1.31;295;272.67844662326314;289.48;Module 1,12_9;305.17;46,37;35,77;1,22;43,58;2,79
25,09.2019 09:37:54;34.7;1.43;295;307.16023798252166;289.92;Module 1,12_9;343.03;49,62;35,95;1,39;50,12;-0,50
25,09.2019 09:39:48;35.4;1.71;295;351.3745967806003;290.52;Module 1,12_9;391.67;60,53;36,13;1,62;58,51;2,02
25,09.2019 09:41:42;35.5;1.44;295;303.6959802602132;291.03;Module 1,12_9;337.91;51,12;35,93;1,38;49,46;1,66
25,09.2019 10:39:51;35.4;1.54;297.5;331.231682629718;290.35;Module 1,12_9;355.83;54,52;35,61;1,52;54,10;0,42
25,09.2019 10:45:31;34.3;2.46;298;386.85840598907026;291.19;Module 1,12_9;414.71;84,38;35,72;1,80;64,41;19,97
25,09.2019 10:49:20;33.5;2.42;298;432.8127157345149;291.54;Module 1,12_9;463.35;81,07;35,84;2,04;73,02;8,05
25,09.2019 11:38:06;34.7;1.47;298;312.46765931657075;290.89;Module 1,12_9;330.23;51,01;35,44;1,42;50,47;0,54
25,09.2019 11:40:00;34.8;1.99;298;421.6311718902395;291.44;Module 1,12_9;445.43;69,25;35,80;1,98;70,93;-1,68
25,09.2019 11:42:27;34.7;3.68;299.5;752.7610282739006;292.45;Module 1,12_9;794.87;127,70;35,85;3,67;131,72;-4,02
25,09.2019 11:44:23;33.9;3.1;299.5;775.3971089076106;293.11;Module 1,12_9;818.47;105,09;35,85;3,79;135,86;-30,77
25,09.2019 11:46:16;34.2;2.84;301.5;596.8193324250012;293.45;Module 1,12_9;629.75;97,13;35,45;2,88;102,05;-4,92
25,09.2019 11:48:16;34.4;2.39;301.5;669.2997002032906;293.92;Module 1,12_9;705.97;82,22;35,48;3,25;115,31;-33,09
25,09.2019 11:50:26;33.5;1.63;303.5;332.62277712895207;294.18;Module 1,12_9;350.71;54,60;34,55;1,53;52,93;1,68
25,09.2019 11:52:18;33.5;1.42;303.5;295.34258244584055;294.06;Module 1,12_9;311.3;47,57;34,38;1,34;46,14;1,43
25,09.2019 11:56:05;33.8;3.44;304;721.7858320513176;293.71;Module 1,12_9;760.29;116,27;35,06;3,52;123,39;-7,12
25,09.2019 11:58:07;32.6;3.43;304;637.347993486175;293.96;Module 1,12_9;671.12;111,82;35,03;3,09;108,18;3,64
25,09.2019 12:15:52;34.4;1.49;302;297.96556606422484;292.13;Module 1,12_9;312.91;51,26;34,66;1,35;46,93;4,33
25,09.2019 12:19:38;34.2;1.54;302;304.7881329532133;292.43;Module 1,12_9;319.91;52,67;34,69;1,39;48,18;4,49
25,09.2019 12:48:45;34.5;1.54;301.5;299.4614017263374;292.14;Module 1,12_9;313.25;53,13;34,76;1,36;47,31;5,82
25,09.2019 12:50:38;34.5;1.48;301.5;291.9929261374787;292.14;Module 1,12_9;305.38;51,06;34,72;1,32;45,93;5,13
25,09.2019 13:06:09;34.3;1.57;302;308.5533213181645;292.76;Module 1,12_9;322.24;53,85;34,71;1,41;48,87;4,98
25,09.2019 13:16:01;34.3;1.51;302;328.72093968975685;292.87;Module 1,12_9;343.03;51,79;34,80;1,51;52,57;-0,78
25,09.2019 13:17:54;34.8;1.94;302;409.7351237411898;292.92;Module 1,12_9;427.51;67,51;35,07;1,92;67,47;0,05
25,09.2019 13:19:51;35.2;2.92;302;576.6602367473506;293.3;Module 1,12_9;601.59;102,78;35,34;2,78;98,12;4,66
25,09.2019 13:21:47;34.3;3.3;302;670.2996561998608;293.8;Module 1,12_9;699.18;113,19;35,40;3,25;115,22;-2,03
25,09.2019 13:23:48;33.8;2.85;303.5;601.3688485959641;294.42;Module 1,12_9;627.19;96,33;35,09;2,90;101,92;-5,59
25,09.2019 13:25:41;33.9;3.33;303.5;628.451160701254;295;Module 1,12_9;655.35;112,89;35,12;3,04;106,83;6,06
25,09.2019 13:27:37;33.7;2.98;305.5;712.8842220114593;295.53;Module 1,12_9;743.3;100,43;34,80;3,47;120,92;-20,49
25,09.2019 13:29:30;33.5;4.19;305.5;843.4718138210869;296.05;Module 1,12_9;879.35;140,37;34,79;4,14;144,09;-3,73
25,09.2019 13:35:11;31.5;1.5;307.6;296.70975966115515;295.18;Module 1,12_9;309.22;47,25;33,64;1,35;45,52;1,73
25,09.2019 13:38:58;33.8;4.95;307.6;1012.2663536410546;295.36;Module 1,12_9;1054.71;167,31;34,34;5,00;171,85;-4,54
25,09.2019 13:40:56;33.4;4.54;308.1;937.4145962723794;296.02;Module 1,12_9;976.61;151,64;34,29;4,62;158,55;-6,91
25,09.2019 13:42:55;33;4.45;309.6;921.3233514946797;296.7;Module 1,12_9;959.74;146,85;34,04;4,54;154,60;-7,75
25,09.2019 13:44:49;32.9;4.5;310.1;936.2609294383185;297.32;Module 1,12_9;975.2;148,05;33,94;4,62;156,76;-8,71
25,09.2019 13:46:41;33.1;4.41;311.1;935.0857933395771;297.43;Module 1,12_9;973.88;145,97;33,77;4,61;155,76;-9,79
25,09.2019 13:51:20;32.8;3.66;311.1;752.3697903732532;297.63;Module 1,12_9;783.4;120,05;33,80;3,68;124,44;-4,39
25,09.2019 13:53:13;32.9;4.38;311.1;903.3383758174558;297.79;Module 1,12_9;940.51;144,10;33,78;4,45;150,36;-6,26
25,09.2019 13:55:06;31.3;4.84;313.6;644.5944103050658;298.24;Module 1,12_9;671.06;151,49;33,33;3,13;104,40;47,09
25,09.2019 13:56:59;32.7;1.49;313.6;291.33432560977656;298.07;Module 1,12_9;303.27;48,72;32,53;1,33;43,29;5,43
25,09.2019 14:02:48;32.8;2.16;311.1;450.1438590652678;296.44;Module 1,12_9;468.47;70,85;33,54;2,14;71,70;-0,85
25,09.2019 14:04:46;34.8;1.26;311.1;484.6196675378236;296.28;Module 1,12_9;504.31;43,85;33,60;2,31;77,76;-33,91
25,09.2019 14:06:47;35.4;4.6;311.1;974.244248268042;296.68;Module 1,12_9;1013.75;162,84;33,74;4,81;162,40;0,44
25,09.2019 14:14:31;31.8;1.27;310.1;317.44642337678914;295.64;Module 1,12_9;330.23;40,39;33,30;1,46;48,63;-8,25
25,09.2019 14:16:26;33.9;4.27;310.1;887.7171688782347;295.64;Module 1,12_9;923.41;144,75;33,96;4,37;148,45;-3,69
25,09.2019 14:18:27;33.7;4.1;310.1;590.6775431185902;296.25;Module 1,12_9;614.39;138,17;33,91;2,85;96,82;41,35
25,09.2019 14:22:22;33;4.5;309.6;701.1234295797041;296.21;Module 1,12_9;729.19;148,50;34,06;3,42;116,44;32,06
25,09.2019 14:24:15;33.8;4.85;309.6;999.393988140756;296.16;Module 1,12_9;1039.35;163,93;33,99;4,94;167,94;-4,01
25,09.2019 14:26:08;33.3;4.69;310.1;967.4380244416789;296.84;Module 1,12_9;1006.07;156,18;33,92;4,78;162,08;-5,90
25,09.2019 14:28:07;32.8;4.75;311.1;955.1733430268271;297.38;Module 1,12_9;993.27;155,80;33,76;4,72;159,17;-3,37
25,09.2019 14:30:18;32.6;4.97;311.1;1021.6905362025818;298.08;Module 1,12_9;1062.39;162,02;33,71;5,06;170,41;-8,39
25,09.2019 14:32:40;32;4.05;313.6;827.4778373932645;299.1;Module 1,12_9;860.4;129,60;33,36;4,07;135,62;-6,02
25,09.2019 14:35:24;31.9;1.88;314.1;371.777612718846;299.41;Module 1,12_9;386.55;59,97;32,78;1,74;57,07;2,90
25,09.2019 14:41:18;33;1.47;313.6;300.87278670621606;297.6;Module 1,12_9;312.8;48,51;32,58;1,38;44,94;3,57
25,09.2019 14:43:13;33.4;1.92;311.1;376.74426146217235;296.89;Module 1,12_9;391.67;64,13;33,34;1,76;58,81;5,32
25,09.2019 14:45:06;34.1;1.8;311.1;361.97698115011576;296.33;Module 1,12_9;376.31;61,38;33,29;1,69;56,21;5,17
25,09.2019 15:20:11;35.5;1.59;298;312.9206356763424;288.71;Module 1,12_9;325.35;56,45;35,45;1,43;50,56;5,89
25,09.2019 15:22:03;35.6;2.5;298;472.71647510744276;288.94;Module 1,12_9;491.51;89,00;35,91;2,24;80,50;8,50
25,09.2019 15:23:56;35.4;2.16;299.5;425.9201093703423;289.37;Module 1,12_9;442.87;76,46;35,55;2,00;71,25;5,21
25,09.2019 15:25:50;35.1;1.82;299.5;361.8925197754672;289.66;Module 1,12_9;376.31;63,88;35,37;1,68;59,33;4,55
25,09.2019 15:27:45;35.1;1.68;299.5;332.3344659636568;290.04;Module 1,12_9;345.59;58,97;35,26;1,53;53,83;5,14
25,09.2019 15:29:46;35;1.57;299.5;317.54736010470117;290.32;Module 1,12_9;330.23;54,95;35,20;1,45;51,08;3,87
25,09.2019 16:08:45;35.1;1.84;299.5;361.2000324087363;291.14;Module 1,12_9;376.31;64,58;35,37;1,67;59,20;5,38
25,09.2019 16:10:37;35.2;2.21;299.5;427.48802557606945;291.63;Module 1,12_9;445.43;77,79;35,55;2,01;71,54;6,25
25,09.2019 16:12:31;34.6;1.61;299.5;331.6232375109855;292.04;Module 1,12_9;345.59;55,71;35,26;1,52;53,70;2,01
25,09.2019 16:14:25;34.3;1.64;301.5;336.4875665592332;292.39;Module 1,12_9;350.71;56,25;34,92;1,55;54,12;2,13
25,09.2019 16:16:18;34.2;1.65;301.5;343.80497542562716;292.75;Module 1,12_9;358.39;56,43;34,95;1,59;55,47;0,96
25,09.2019 16:18:11;34.2;1.68;301.5;348.66291942413454;292.92;Module 1,12_9;363.51;57,46;34,97;1,61;56,36;1,09
25,09.2019 16:20:09;34.5;2.5;301.5;532.7322137517083;293.22;Module 1,12_9;555.51;86,25;35,38;2,55;90,28;-4,03
25,09.2019 16:22:12;34.7;1.84;301.5;333.81459115491543;293.75;Module 1,12_9;348.15;63,85;34,91;1,54;53,63;10,22
25,09.2019 16:26:04;33.9;1.44;303.5;302.4295138452045;293.68;Module 1,12_9;315.53;48,82;34,41;1,38;47,42;1,39
25,09.2019 16:27:58;34.4;1.78;303.5;426.85724986050707;293.67;Module 1,12_9;445.43;61,23;34,84;2,01;70,13;-8,90
25,09.2019 16:29:53;34.5;2.58;303.5;554.3197387945826;293.6;Module 1,12_9;578.55;89,01;35,05;2,66;93,37;-4,36
25,09.2019 16:31:41;34.1;2.05;303.5;380.10094167774486;293.68;Module 1,12_9;396.79;69,91;34,72;1,77;61,59;8,32
25,09.2019 16:33:34;34.2;1.83;305.5;380.02418643985425;293.68;Module 1,12_9;396.79;62,59;34,36;1,78;61,00;1,58
25,09.2019 16:43:47;34.4;2.43;303.5;504.4540949771964;293.04;Module 1,12_9;527.35;83,59;34,99;2,41;84,29;-0,70
25,09.2019 16:59:19;34.5;2.12;302;444.65990983800185;293.01;Module 1,12_9;465.91;73,14;35,15;2,10;73,89;-0,75
25,09.2019 17:01:12;34.6;1.79;302;317.5096267417697;293.52;Module 1,12_9;332.79;61,93;34,75;1,45;50,51;11,42
25,09.2019 17:08:57;34.3;1.64;302;409.73586775000547;293.62;Module 1,12_9;430.07;56,25;35,07;1,92;67,47;-11,22
25,09.2019 17:10:49;35;1.98;303.5;346.193511168474;294.35;Module 1,12_9;363.51;69,30;34,60;1,60;55,40;13,90
25,09.2019 17:22:43;34.2;1.51;304;305.1741886441825;294.37;Module 1,12_9;321.3;51,64;34,34;1,39;47,82;3,83
25,09.2019 17:24:38;34.5;1.93;304;405.85614813449445;294.48;Module 1,12_9;427.51;66,58;34,70;1,91;66,14;0,45
25,09.2019 17:28:24;34.1;2.9;304;594.8239707726223;295.23;Module 1,12_9;627.19;98,89;35,01;2,87;100,49;-1,60
25,09.2019 17:30:17;33.7;2.58;305.5;427.07370437986924;295.64;Module 1,12_9;450.55;86,95;34,48;2,02;69,51;17,44
25,09.2019 17:32:12;33.7;2.48;305.5;504.44438338593966;296.1;Module 1,12_9;532.47;83,58;34,63;2,41;83,49;0,09
25,09.2019 17:34:12;33.3;2.75;305.5;569.5835308482016;296.14;Module 1,12_9;601.59;91,57;34,72;2,74;95,23;-3,66
25,09.2019 17:37:59;33.7;1.93;305.5;389.7541166003107;295.56;Module 1,12_9;412.15;65,04;34,39;1,83;62,76;2,28
25,09.2019 17:41:47;33.7;1.71;305.5;394.0854961596116;295.46;Module 1,12_9;417.27;57,63;34,40;1,85;63,55;-5,92
25,09.2019 17:51:15;34.9;2.26;305.5;486.59000765492397;294.73;Module 1,12_9;517.11;78,87;34,61;2,32;80,27;-1,39
25,09.2019 17:55:02;34.8;1.87;305.5;394.3920073648996;294.8;Module 1,12_9;419.83;65,08;34,40;1,85;63,60;1,47
25,09.2019 17:56:56;35.2;2.15;305.5;456.5128249310278;295.15;Module 1,12_9;486.39;75,68;34,55;2,17;74,83;0,85
25,09.2019 17:59:00;35;1.99;305.5;420.0477280207478;295.64;Module 1,12_9;447.99;69,65;34,47;1,98;68,24;1,41
26,09.2019 10:27:45;35.4;1.36;298;286.76636359932746;290.53;Module 1,12_9;310.01;48,14;35,31;1,29;45,67;2,48
26,09.2019 10:47:08;35.2;2.79;301.5;498.8334265831878;291.39;Module 1,12_9;535.03;98,21;35,34;2,38;84,04;14,17
26,09.2019 11:10:31;34.5;1.34;300;358.2434969931094;291.05;Module 1,12_9;381.43;46,23;35,27;1,66;58,52;-12,29
26,09.2019 11:24:00;34.3;1.62;301.5;369.1257360005394;291.53;Module 1,12_9;391.67;55,57;35,04;1,72;60,13;-4,57
26,09.2019 11:25:58;34.3;1.44;301.5;306.5097211412367;291.67;Module 1,12_9;325.08;49,39;34,79;1,40;48,60;0,79
26,09.2019 11:27:51;34.7;3.81;301.5;856.9247876129629;292.25;Module 1,12_9;908.45;132,21;35,48;4,21;149,31;-17,10
26,09.2019 11:29:44;29;3.97;301.5;813.6992817224215;292.85;Module 1,12_9;862.26;115,13;35,50;3,99;141,52;-26,39
26,09.2019 11:31:38;34;3.81;301.5;682.2471652903068;293.6;Module 1,12_9;722.66;129,54;35,49;3,32;117,67;11,87
26,09.2019 11:34:01;34.1;1.56;303.5;286.73163166301754;294.21;Module 1,12_9;303.56;53,20;34,33;1,30;44,57;8,63
26,09.2019 11:35:59;32.7;2.62;303.5;587.8283621228709;294.32;Module 1,12_9;622.07;85,67;35,09;2,83;99,46;-13,79
26,09.2019 11:37:52;33.9;2.81;305.5;571.1172464172001;294.53;Module 1,12_9;604.15;95,26;34,72;2,75;95,51;-0,25
26,09.2019 11:39:45;31.9;3.37;305.5;791.8977013038855;294.65;Module 1,12_9;837.38;107,50;34,80;3,88;134,97;-27,47
26,09.2019 11:41:39;33.7;2.17;305.5;576.3955043201286;294.88;Module 1,12_9;609.27;73,13;34,72;2,78;96,46;-23,33
26,09.2019 11:43:33;33.4;3.5;307.6;717.7641112427391;295.01;Module 1,12_9;758.42;116,90;34,42;3,50;120,54;-3,64
26,09.2019 11:45:34;33.5;3.36;307.6;711.130037376721;295.36;Module 1,12_9;751.12;112,56;34,42;3,47;119,37;-6,81
26,09.2019 11:47:27;31.4;3.63;307.6;744.558339086633;295.58;Module 1,12_9;786.15;113,98;34,43;3,64;125,27;-11,28
26,09.2019 11:49:25;33.2;3.07;307.6;698.3753010289036;295.82;Module 1,12_9;737.12;101,92;34,42;3,40;117,12;-15,20
26,09.2019 11:51:19;31;2.12;307.6;422.1621334216825;295.73;Module 1,12_9;445.43;65,72;34,10;1,99;67,94;-2,22
26,09.2019 11:53:13;32.8;1.43;307.6;293.715983363937;295.27;Module 1,12_9;309.8;46,90;33,63;1,34;44,98;1,92
26,09.2019 11:55:07;33;1.88;307.6;352.0351824482525;294.86;Module 1,12_9;371.19;62,04;33,89;1,63;55,39;6,65
26,09.2019 11:56:57;33.4;1.99;308.1;366.7174271659729;294.63;Module 1,12_9;386.55;66,47;33,85;1,71;57,88;8,58
26,09.2019 11:58:51;34.1;2.5;308.1;507.7412665131786;294.53;Module 1,12_9;535.03;85,25;34,18;2,43;83,04;2,21
26,09.2019 12:00:44;33.7;4.1;308.1;847.2131253949591;294.89;Module 1,12_9;892.47;138,17;34,33;4,16;142,91;-4,74
26,09.2019 12:02:39;33.2;3.77;308.1;824.5242490696251;295.53;Module 1,12_9;868.3;125,16;34,34;4,05;138,95;-13,79
26,09.2019 12:05:03;32.7;3.63;308.1;802.1338936143022;296.57;Module 1,12_9;844.4;118,70;34,34;3,93;135,04;-16,34
26,09.2019 12:06:57;32.7;4.8;308.1;896.062417020759;297.01;Module 1,12_9;943;156,96;34,31;4,41;151,39;5,57
26,09.2019 12:08:51;32.5;3.24;308.1;717.1618118007093;297.56;Module 1,12_9;754.51;105,30;34,34;3,50;120,14;-14,84
26,09.2019 12:10:48;32.2;2.69;311.1;545.2040464883656;297.5;Module 1,12_9;573.43;86,62;33,69;2,62;88,38;-1,76
26,09.2019 12:12:41;32.2;1.87;311.1;367.6243486738977;297.14;Module 1,12_9;386.55;60,21;33,31;1,72;57,20;3,01
26,09.2019 12:14:33;34.1;2.79;311.1;717.7332253812554;297.19;Module 1,12_9;754.48;95,14;33,80;3,50;118,45;-23,31
26,09.2019 12:16:26;33.5;4.12;311.1;835.2503239648854;297.07;Module 1,12_9;877.78;138,02;33,80;4,10;138,71;-0,69
26,09.2019 12:18:19;29.9;4.2;311.1;846.0813023358803;297.11;Module 1,12_9;888.93;125,58;33,80;4,16;140,57;-14,99
26,09.2019 12:20:43;32.4;3.65;313.6;719.0892039883685;297.63;Module 1,12_9;755.26;118,26;33,36;3,51;117,17;1,09
26,09.2019 12:24:35;33.1;3.03;313.6;456.01627510338767;297.68;Module 1,12_9;478.71;100,29;33,10;2,17;71,83;28,47
26,09.2019 12:26:28;33.1;2.45;313.6;519.5464623364176;297.83;Module 1,12_9;545.27;81,10;33,21;2,49;82,83;-1,74
26,09.2019 12:28:20;32;1.52;313.6;305.8713340891424;297.78;Module 1,12_9;320.94;48,64;32,60;1,41;45,81;2,83
26,09.2019 13:18:33;34;1.61;303.5;360.4135925620091;294.62;Module 1,12_9;376.31;54,74;34,65;1,67;58,00;-3,26
26,09.2019 13:20:26;33.9;1.58;303.5;316.32402888286043;294.78;Module 1,12_9;330.23;53,56;34,48;1,45;49,96;3,61
26,09.2019 13:22:43;34.2;1.68;303.5;333.5441901006261;295.11;Module 1,12_9;348.15;57,46;34,55;1,54;53,09;4,36
26,09.2019 13:24:36;33.8;1.63;303.5;348.305839632819;295.35;Module 1,12_9;363.51;55,09;34,61;1,61;55,79;-0,69
26,09.2019 13:26:30;33.8;2.34;305.5;473.4667817015705;295.48;Module 1,12_9;494.07;79,09;34,59;2,25;77,90;1,20
26,09.2019 13:28:23;34.3;2.96;305.5;608.4721630003149;295.83;Module 1,12_9;634.87;101,53;34,75;2,94;102,22;-0,70
26,09.2019 13:30:16;34.2;2.4;305.5;441.6849365611;296.3;Module 1,12_9;460.79;82,08;34,52;2,09;72,15;9,93
26,09.2019 13:32:08;33.2;1.49;306;294.7666564308272;296.48;Module 1,12_9;307.48;49,47;33,92;1,34;45,51;3,96
26,09.2019 13:40:11;33.6;1.63;306;316.72935624547347;295.46;Module 1,12_9;330.23;54,77;34,03;1,45;49,46;5,31
26,09.2019 13:42:05;33.9;2.09;306;414.9873619120473;295.27;Module 1,12_9;432.63;70,85;34,37;1,95;67,17;3,68
26,09.2019 13:43:58;33.9;2.11;306;419.94193509437343;295.32;Module 1,12_9;437.75;71,53;34,38;1,98;68,06;3,47
26,09.2019 13:45:53;33.7;2.05;306;422.4410154354067;295.42;Module 1,12_9;440.31;69,08;34,39;1,99;68,51;0,57
26,09.2019 13:47:47;33.7;2.18;306;451.95891249235854;295.65;Module 1,12_9;471.03;73,47;34,45;2,14;73,83;-0,37
26,09.2019 13:49:40;33.5;1.76;307.6;356.19512283001546;295.82;Module 1,12_9;371.19;58,96;33,90;1,66;56,14;2,82
26,09.2019 13:51:38;33.3;1.47;307.6;298.35024048115923;295.77;Module 1,12_9;310.88;48,95;33,66;1,36;45,81;3,14
26,09.2019 14:05:00;34.5;1.6;305.5;300.7702820020702;294.5;Module 1,12_9;313.22;55,20;34,05;1,37;46,69;8,51
26,09.2019 14:14:25;33.9;1.93;305.5;390.9805504392841;294.96;Module 1,12_9;407.03;65,43;34,39;1,83;62,98;2,44
26,09.2019 14:16:17;34.2;2.68;305.5;504.126312255447;295.28;Module 1,12_9;524.79;91,66;34,63;2,41;83,43;8,22
26,09.2019 14:18:11;33.8;1.95;305.5;395.9437746823629;295.55;Module 1,12_9;412.15;65,91;34,41;1,86;63,88;2,03
26,09.2019 14:20:08;33.6;2.09;305.5;425.4792012641571;295.75;Module 1,12_9;442.87;70,22;34,48;2,01;69,22;1,00
26,09.2019 14:22:05;34.3;2.69;305.5;486.9914298905129;296.18;Module 1,12_9;506.87;92,27;34,61;2,32;80,34;11,93
26,09.2019 14:39:15;33.8;1.65;306;322.3074793756584;295.57;Module 1,12_9;335.35;55,77;34,05;1,48;50,46;5,31
27,09.2019 10:47:35;34.7;1.34;299.5;283.37725768066315;291.36;Module 1,12_9;304.23;46,50;35,02;1,28;44,74;1,76
27,09.2019 10:51:21;34.5;1.42;299.5;292.0107081301381;291.7;Module 1,12_9;313.08;48,99;35,07;1,32;46,34;2,65
27,09.2019 10:53:14;34.7;1.97;299.5;415.72239587201403;292.03;Module 1,12_9;445.43;68,36;35,53;1,95;69,35;-0,99
27,09.2019 10:55:18;34.9;2.15;300;430.35579280569596;292.5;Module 1,12_9;460.79;75,03;35,48;2,03;71,91;3,12
27,09.2019 10:57:12;34.4;1.78;300;368.42091503270626;292.9;Module 1,12_9;394.23;61,23;35,30;1,71;60,41;0,82
27,09.2019 10:59:07;34.4;2.11;300;438.06921689838464;293.15;Module 1,12_9;468.47;72,58;35,49;2,07;73,35;-0,76
27,09.2019 11:01:15;34.2;2.08;301.5;414.4067064849913;293.49;Module 1,12_9;442.87;71,14;35,17;1,95;68,48;2,65
27,09.2019 11:03:07;34.1;1.82;301.5;376.29367378577047;293.66;Module 1,12_9;401.91;62,06;35,06;1,75;61,46;0,61
27,09.2019 11:05:00;34;1.83;301.5;369.31103146384544;293.81;Module 1,12_9;394.23;62,22;35,04;1,72;60,17;2,05
27,09.2019 11:06:53;33.9;1.82;302;367.1151053975342;293.88;Module 1,12_9;391.67;61,70;34,95;1,71;59,63;2,07
27,09.2019 11:08:46;33.9;1.64;302;319.29719989704773;293.85;Module 1,12_9;340.47;55,60;34,76;1,46;50,84;4,76
27,09.2019 11:10:40;33.9;1.56;303.5;314.6632387756152;293.92;Module 1,12_9;335.35;52,88;34,47;1,44;49,65;3,23
27,09.2019 11:12:33;33.9;1.51;303.5;306.49889946499684;293.86;Module 1,12_9;326.48;51,19;34,43;1,40;48,17;3,02
27,09.2019 11:14:26;33.9;1.5;303.5;310.1764953534614;293.82;Module 1,12_9;330.23;50,85;34,45;1,42;48,84;2,01
27,09.2019 11:16:22;33.9;1.44;304;288.3630957441324;293.79;Module 1,12_9;306.85;48,82;34,25;1,31;44,76;4,05
27,09.2019 11:18:28;33.9;1.51;304;302.5102936185385;293.78;Module 1,12_9;321.73;51,19;34,32;1,38;47,33;3,86
27,09.2019 11:39:35;34.3;1.44;302;290.3956095993624;293.21;Module 1,12_9;307.36;49,39;34,62;1,32;45,54;3,85
27,09.2019 11:43:36;34;1.57;302;319.5161814962771;293.43;Module 1,12_9;337.91;53,38;34,76;1,46;50,88;2,50
27,09.2019 11:45:29;34.3;1.22;302;290.8300697317443;293.6;Module 1,12_9;307.46;41,85;34,62;1,32;45,62;-3,77
27,09.2019 11:51:35;34.1;1.65;302;312.72431209354943;293.87;Module 1,12_9;330.23;56,27;34,73;1,43;49,63;6,63
27,09.2019 11:53:28;34.3;1.82;303;480.16265726217864;294.01;Module 1,12_9;506.87;62,43;35,04;2,28;80,04;-17,62
27,09.2019 11:55:21;33.9;1.8;303;528.8401592120183;294.18;Module 1,12_9;558.07;61,02;35,12;2,53;88,94;-27,92
27,09.2019 11:57:14;34.4;3.39;303;706.7778773722627;294.59;Module 1,12_9;745.6;116,62;35,23;3,44;121,27;-4,66
27,09.2019 11:59:07;34.1;4.29;303.5;893.834265931932;295.44;Module 1,12_9;942.63;146,29;35,12;4,40;154,45;-8,16
27,09.2019 12:01:00;33.3;2.41;303.5;505.06471786777377;296.09;Module 1,12_9;532.47;80,25;34,99;2,41;84,40;-4,15
27,09.2019 12:02:52;33.3;2.18;305.5;459.0681429682293;296.49;Module 1,12_9;483.83;72,59;34,55;2,18;75,29;-2,70
27,09.2019 12:04:53;34.2;1.85;305.5;376.60449671526726;296.64;Module 1,12_9;396.79;63,27;34,35;1,76;60,39;2,88
27,09.2019 12:06:50;33.7;1.55;305.5;315.9571708299081;296.57;Module 1,12_9;332.79;52,24;34,12;1,45;49,43;2,80
27,09.2019 12:08:43;33.4;1.61;307.6;342.7924273001089;296.58;Module 1,12_9;360.95;53,77;33,85;1,59;53,74;0,03
27,09.2019 12:10:41;33.7;3.2;307.6;491.2431003178881;296.53;Module 1,12_9;517.11;107,84;34,24;2,34;80,29;27,55
27,09.2019 12:12:55;33.3;1.77;307.6;355.17193647867805;296.46;Module 1,12_9;373.75;58,94;33,90;1,65;55,96;2,99
27,09.2019 12:14:47;34.5;1.75;307.6;345.5347336215298;296.67;Module 1,12_9;363.51;60,38;33,86;1,60;54,23;6,14
27,09.2019 12:16:42;33.6;1.89;307.6;369.97006946319544;296.58;Module 1,12_9;389.11;63,50;33,95;1,73;58,60;4,90
27,09.2019 12:18:46;33.9;2.12;307.6;404.16408891682744;296.6;Module 1,12_9;424.95;71,87;34,05;1,90;64,72;7,15
27,09.2019 12:20:52;33.3;1.75;307.6;360.44188924230446;296.53;Module 1,12_9;378.87;58,27;33,91;1,68;56,90;1,38
27,09.2019 12:22:45;34.3;4.08;308.1;765.7632440814363;296.85;Module 1,12_9;804.71;139,94;34,34;3,75;128,68;11,27
27,09.2019 12:24:39;33.4;3.55;308.1;747.7848670479416;297.53;Module 1,12_9;785.62;118,57;34,34;3,66;125,52;-6,95
27,09.2019 12:26:42;33;2.38;309.6;480.15018874178185;298.03;Module 1,12_9;504.31;78,54;33,87;2,29;77,55;0,99
27,09.2019 12:28:35;33;3.03;309.6;529.0240164650082;298.26;Module 1,12_9;555.51;99,99;33,94;2,54;86,19;13,80
27,09.2019 12:30:28;32.6;1.52;309.6;300.8137723459755;298.36;Module 1,12_9;315.8;49,55;33,30;1,38;45,81;3,74
27,09.2019 12:34:36;33.2;1.56;310.1;317.1563352445059;297.57;Module 1,12_9;332.79;51,79;33,29;1,46;48,58;3,21
27,09.2019 12:36:38;33.5;2.62;310.1;429.48690166194683;297.28;Module 1,12_9;450.55;87,77;33,67;2,03;68,41;19,36
27,09.2019 12:50:22;33.9;1.57;308.1;334.81412376562275;295.66;Module 1,12_9;350.71;53,22;33,73;1,55;52,19;1,03
27,09.2019 12:52:16;33.7;1.48;308.1;296.98928529293437;295.66;Module 1,12_9;311.03;49,88;33,55;1,35;45,46;4,42
27,09.2019 12:54:13;33.7;1.54;307.6;307.97199033470815;295.65;Module 1,12_9;322.47;51,90;33,70;1,41;47,53;4,37
27,09.2019 13:02:16;33.6;1.56;306;288.9740607950061;295.6;Module 1,12_9;302.35;52,42;33,89;1,31;44,47;7,95
28,09.2019 10:21:17;35.3;2.1;297.5;419.0887157844191;289.1;Module 1,12_9;455.67;74,13;35,89;1,97;70,61;3,52
28,09.2019 10:23:10;35.3;2.49;297.5;513.7661725145357;289.48;Module 1,12_9;558.07;87,90;36,06;2,45;88,39;-0,49
28,09.2019 10:29:16;33.9;1.44;297.5;300.94863974554687;289.79;Module 1,12_9;325.93;48,82;35,48;1,36;48,42;0,40
28,09.2019 10:30:59;35.7;2.37;298;484.95117072980776;289.99;Module 1,12_9;524.79;84,61;35,94;2,30;82,80;1,81
28,09.2019 10:33:17;34.2;2.27;298;466.50817547680737;290.75;Module 1,12_9;504.31;77,63;35,91;2,21;79,34;-1,71
28,09.2019 10:35:09;34.5;2.27;299.5;464.51925576994483;291.34;Module 1,12_9;501.75;78,31;35,63;2,20;78,44;-0,12
28,09.2019 10:37:02;34.6;2.27;299.5;472.0087052680659;291.75;Module 1,12_9;509.43;78,54;35,65;2,24;79,83;-1,29
28,09.2019 10:38:57;34.6;2.31;300;477.13333844758415;292.14;Module 1,12_9;514.55;79,93;35,57;2,27;80,60;-0,67
28,09.2019 10:40:51;34.5;2.35;300;484.6289546811329;292.36;Module 1,12_9;522.23;81,08;35,58;2,30;81,99;-0,91
28,09.2019 10:42:44;34.4;2.37;300;489.7461339724739;292.61;Module 1,12_9;527.35;81,53;35,59;2,33;82,94;-1,41
28,09.2019 10:44:39;34.4;2.41;301.5;494.8683471711238;292.85;Module 1,12_9;532.47;82,90;35,33;2,36;83,31;-0,41
28,09.2019 10:46:33;34.3;2.41;301.5;499.98601991049253;293.03;Module 1,12_9;537.59;82,66;35,34;2,38;84,25;-1,59
28,09.2019 10:49:00;34.3;2.48;302;512.3527451968071;293.11;Module 1,12_9;550.39;85,06;35,27;2,45;86,33;-1,27
28,09.2019 10:50:53;34.3;2.53;302;529.3917606640165;292.98;Module 1,12_9;568.31;86,78;35,29;2,53;89,46;-2,68
28,09.2019 10:52:47;34.3;2.65;302;548.834686967694;293.1;Module 1,12_9;588.79;90,89;35,31;2,63;93,02;-2,13
28,09.2019 10:54:40;31.8;1.31;304;448.9006077592763;293.04;Module 1,12_9;481.27;41,66;34,80;2,13;73,98;-32,32
28,09.2019 10:56:36;34.3;2.83;303.5;587.7746340214451;292.95;Module 1,12_9;629.75;97,07;35,09;2,83;99,45;-2,38
28,09.2019 10:58:29;34.5;3.25;304;662.7389865901267;293.25;Module 1,12_9;709.63;112,13;35,05;3,22;112,77;-0,64
28,09.2019 11:06:38;34.6;3.39;305.5;743.5074733196566;292.85;Module 1,12_9;794.11;117,29;34,80;3,63;126,37;-9,08
28,09.2019 11:14:11;35;3.72;303.5;731.9231653605191;292.52;Module 1,12_9;780.07;130,20;35,15;3,57;125,51;4,69
28,09.2019 11:23:53;36.9;3.18;302;701.356884837557;291.38;Module 1,12_9;745.63;117,34;35,41;3,41;120,87;-3,52
28,09.2019 11:27:40;34.7;1.86;302;721.6875689414638;291.87;Module 1,12_9;766.55;64,54;35,41;3,52;124,56;-60,01
28,09.2019 11:47:12;35;0.93;300;355.75809453404275;290.66;Module 1,12_9;376.31;32,55;35,26;1,65;58,06;-25,51
28,09.2019 11:53:42;34.3;3.86;299.5;770.8799744282824;290.89;Module 1,12_9;814.43;132,40;35,85;3,77;135,04;-2,64
28,09.2019 11:57:28;33.2;2.09;299.5;436.43992012762965;291.47;Module 1,12_9;460.79;69,39;35,58;2,06;73,21;-3,82
28,09.2019 11:59:20;34;3.82;299.5;523.8974306737005;292.06;Module 1,12_9;552.95;129,88;35,73;2,50;89,48;40,40
28,09.2019 12:07:01;33.5;3.82;301.5;621.6980766859117;291.42;Module 1,12_9;655.35;127,97;35,46;3,01;106,60;21,37
28,09.2019 12:08:53;32.1;4.3;301.5;892.0006607118249;291.85;Module 1,12_9;940.01;138,03;35,47;4,39;155,61;-17,58
28,09.2019 12:10:49;34.5;4.35;301.5;899.7540318749168;292.64;Module 1,12_9;947.9;150,07;35,47;4,43;157,00;-6,92
28,09.2019 12:12:47;33.9;4.14;301.5;699.7158633401928;293.36;Module 1,12_9;736.94;140,35;35,50;3,40;120,85;19,49
28,09.2019 12:16:32;34.1;4.23;305.5;868.0987728676369;294.04;Module 1,12_9;913.78;144,24;34,78;4,27;148,43;-4,19
28,09.2019 12:18:26;34.7;4.26;305.5;900.3285703178863;294.17;Module 1,12_9;947.45;147,82;34,77;4,43;154,10;-6,28
28,09.2019 12:20:18;32.3;2.51;306;528.019163706546;294.39;Module 1,12_9;555.51;81,07;34,58;2,53;87,53;-6,46
28,09.2019 12:22:32;33.1;1.78;307.6;408.9117029700395;294.45;Module 1,12_9;430.07;58,92;34,06;1,92;65,57;-6,65
28,09.2019 12:26:20;33.4;1.58;307.6;310.888560899194;293.89;Module 1,12_9;326.81;52,77;33,71;1,43;48,05;4,73
28,09.2019 12:38:29;33.8;1.62;305.5;317.049630606743;292.8;Module 1,12_9;332.79;54,76;34,12;1,45;49,63;5,13
28,09.2019 12:46:02;35.3;1.93;303.5;449.1280108563888;292.45;Module 1,12_9;471.03;68,13;34,89;2,13;74,19;-6,06
28,09.2019 12:47:55;34.6;1.95;304;395.5057198407146;293;Module 1,12_9;414.71;67,47;34,67;1,85;64,25;3,22
28,09.2019 12:49:47;33.9;1.71;303.5;341.86011536060767;293.1;Module 1,12_9;358.39;57,97;34,59;1,58;54,61;3,36
28,09.2019 12:51:45;34.2;2.29;304;446.95254236863;293.17;Module 1,12_9;468.47;78,32;34,80;2,12;73,62;4,69
28,09.2019 12:53:43;34.2;1.93;304;398.18244969119894;293.43;Module 1,12_9;417.27;66,01;34,68;1,87;64,74;1,27
28,09.2019 12:55:36;34.2;2.05;304;430.01938858191136;293.58;Module 1,12_9;450.55;70,11;34,77;2,03;70,54;-0,43
28,09.2019 12:57:29;34.3;3.09;304;620.7126194771381;293.8;Module 1,12_9;650.23;105,99;35,02;3,00;105,18;0,81
28,09.2019 12:59:25;34.1;4.8;304;1095.006694148414;294.56;Module 1,12_9;1146.87;163,68;34,91;5,42;189,34;-25,66
28,09.2019 13:01:25;33.2;1.65;306;342.24610240535435;295.03;Module 1,12_9;358.39;54,78;34,14;1,58;54,05;0,73
28,09.2019 13:03:18;33.3;1.64;306;334.96899053862853;294.98;Module 1,12_9;350.71;54,61;34,11;1,55;52,74;1,87
28,09.2019 13:05:19;33.5;1.62;306;332.58316615918807;294.8;Module 1,12_9;348.15;54,27;34,10;1,53;52,31;1,96
28,09.2019 13:07:11;33.6;1.45;306;297.6104150690259;294.42;Module 1,12_9;311.49;48,72;33,94;1,36;46,02;2,70
28,09.2019 13:11:14;34;1.58;305.5;337.64327806454435;293.3;Module 1,12_9;353.27;53,72;34,21;1,56;53,35;0,37
28,09.2019 13:13:07;34.1;1.7;305.5;352.37760576695;293.24;Module 1,12_9;368.63;57,97;34,27;1,63;56,01;1,96
28,09.2019 13:15:01;34.2;2.26;305.5;457.6732885973494;293.21;Module 1,12_9;478.71;77,29;34,55;2,17;75,04;2,25
28,09.2019 13:16:55;34.3;2.43;305.5;484.6672629004894;293.51;Module 1,12_9;506.87;83,35;34,60;2,31;79,92;3,43
28,09.2019 13:18:51;34.1;1.99;305.5;403.94705760622077;293.77;Module 1,12_9;422.39;67,86;34,43;1,90;65,33;2,53
28,09.2019 13:20:45;33.9;2.15;305.5;433.38681834988955;294.07;Module 1,12_9;453.11;72,88;34,50;2,05;70,65;2,23
28,09.2019 13:22:53;33.8;1.7;305.5;335.49597828920173;294.29;Module 1,12_9;350.71;57,46;34,20;1,55;52,96;4,50
28,09.2019 13:24:46;33.8;1.5;305.5;303.48964089261824;294.23;Module 1,12_9;317.21;50,70;34,05;1,39;47,18;3,52
28,09.2019 13:26:39;33.9;1.7;305.5;347.8322751950232;294.12;Module 1,12_9;363.51;57,63;34,25;1,61;55,19;2,44
28,09.2019 13:28:32;34.1;1.95;305.5;396.87452909994863;294.05;Module 1,12_9;414.71;66,50;34,41;1,86;64,05;2,44
28,09.2019 13:30:26;34.1;1.92;305.5;392.0238078821445;294.05;Module 1,12_9;409.59;65,47;34,40;1,84;63,17;2,30
28,09.2019 13:32:20;34;1.84;305.5;372.4676492693755;294.03;Module 1,12_9;389.11;62,56;34,34;1,74;59,64;2,92
28,09.2019 13:34:13;34;2.12;305.5;433.7816057032361;294.19;Module 1,12_9;453.11;72,08;34,50;2,05;70,72;1,36
28,09.2019 13:36:07;33.9;2.3;305.5;468.14719281259136;294.29;Module 1,12_9;488.95;77,97;34,58;2,22;76,93;1,04
28,09.2019 13:38:02;33.9;1.99;305.5;416.7220804879979;294.46;Module 1,12_9;435.19;67,46;34,46;1,96;67,64;-0,18
28,09.2019 13:39:55;33.8;2.15;305.5;441.28397612499623;294.72;Module 1,12_9;460.79;72,67;34,52;2,09;72,08;0,59
28,09.2019 13:41:47;33.9;2.36;305.5;478.1089225716084;295.06;Module 1,12_9;499.19;80,00;34,59;2,28;78,73;1,27
28,09.2019 13:43:46;33.7;1.98;306;419.30932677398886;295.01;Module 1,12_9;437.75;66,73;34,38;1,98;67,95;-1,22
28,09.2019 13:45:39;34.2;2.35;306;480.6616734029214;295;Module 1,12_9;501.75;80,37;34,51;2,29;79,01;1,36
28,09.2019 13:47:32;33.9;2.06;306;446.371716036295;295.01;Module 1,12_9;465.91;69,83;34,45;2,11;72,83;-2,99
28,09.2019 13:49:24;34.8;4.73;306;1059.632739905503;295.17;Module 1,12_9;1105.91;164,60;34,59;5,24;181,40;-16,80
28,09.2019 13:51:53;34.8;4.85;306;1121.0904909404267;296.05;Module 1,12_9;1169.91;168,78;34,53;5,56;191,96;-23,18
28,09.2019 13:53:46;34.3;1.81;308.1;370.4524007089335;296.67;Module 1,12_9;386.55;62,08;33,86;1,73;58,55;3,54
28,09.2019 13:55:39;33.1;2.96;308.1;601.1227753766416;296.7;Module 1,12_9;627.19;97,98;34,28;2,91;99,64;-1,66
28,09.2019 14:28:46;34.4;1.46;301.5;290.71660201016164;292.37;Module 1,12_9;303;50,22;34,71;1,32;45,70;4,52
28,09.2019 14:38:08;34.2;1.57;301.5;312.19745681504486;292.85;Module 1,12_9;325.34;53,69;34,81;1,43;49,65;4,05
28,09.2019 14:41:59;34.1;1.42;301.5;288.4112068115211;293.02;Module 1,12_9;300.54;48,42;34,70;1,30;45,28;3,15
28,09.2019 14:43:56;34.2;1.46;302;298.0989141300599;293.03;Module 1,12_9;310.63;49,93;34,66;1,35;46,95;2,98
28,09.2019 14:45:49;34.2;1.43;302;290.8572735447844;293.1;Module 1,12_9;303.08;48,91;34,62;1,32;45,62;3,28
28,09.2019 14:55:34;34.2;1.55;302;313.94411027680917;293.19;Module 1,12_9;327.13;53,01;34,73;1,44;49,86;3,15
28,09.2019 14:57:27;34.5;2.06;302;422.56001118964593;293.39;Module 1,12_9;440.31;71,07;35,10;1,99;69,83;1,24
28,09.2019 14:59:19;34.5;3.75;302;857.3109843640451;293.77;Module 1,12_9;893.33;129,38;35,40;4,21;149,02;-19,65
28,09.2019 15:01:30;34.6;3.11;302;469.22953838614126;294.5;Module 1,12_9;488.95;107,61;35,20;2,23;78,41;29,20
28,09.2019 15:16:44;34;1.7;303.5;341.4083161891548;293.82;Module 1,12_9;355.83;57,80;34,58;1,58;54,53;3,27
28,09.2019 15:18:38;34.2;1.82;303.5;365.95595275380947;294.02;Module 1,12_9;381.43;62,24;34,67;1,70;59,01;3,24
28,09.2019 15:20:54;34.1;1.57;303.5;309.1604973386991;294.17;Module 1,12_9;322.25;53,54;34,45;1,41;48,65;4,89
28,09.2019 15:58:48;35.2;1.91;298;402.09814056053517;291.46;Module 1,12_9;419.83;67,23;35,76;1,88;67,27;-0,03
28,09.2019 16:08:21;34.9;1.46;299.5;421.4163265244167;292.25;Module 1,12_9;440.31;50,95;35,54;1,98;70,41;-19,46
28,09.2019 16:10:25;34.3;1.78;300;335.6040450545862;292.78;Module 1,12_9;350.71;61,05;35,19;1,54;54,32;6,73
28,09.2019 16:12:22;34.1;2.43;300;377.18680197191566;293;Module 1,12_9;394.23;82,86;35,33;1,76;62,04;20,82
28,09.2019 16:33:53;35;1.54;300;537.6215542847937;292.6;Module 1,12_9;563.19;53,90;35,66;2,57;91,81;-37,91
28,09.2019 16:37:47;34.2;2.97;301.5;663.5020896945332;293.56;Module 1,12_9;695.41;101,57;35,48;3,22;114,25;-12,67
28,09.2019 16:39:41;35.1;2.95;301.5;610.4665973233203;293.92;Module 1,12_9;639.99;103,55;35,46;2,95;104,55;-1,00
28,09.2019 16:41:34;34.5;2.8;302;593.2158764037994;294.39;Module 1,12_9;622.07;96,60;35,36;2,86;101,15;-4,55
28,09.2019 16:43:26;34.2;2.94;302;605.2579895135755;294.82;Module 1,12_9;634.87;100,55;35,37;2,92;103,35;-2,80
28,09.2019 17:31:16;34.5;1.86;300;337.99845259157337;292.91;Module 1,12_9;358.39;64,17;35,20;1,56;54,76;9,41
28,09.2019 17:55:09;34.4;0.92;300;283.87583993653806;292.07;Module 1,12_9;304.05;31,65;34,94;1,28;44,74;-13,09
28,09.2019 18:04:38;34.7;1.47;299.5;320.86034502482784;291.83;Module 1,12_9;345.59;51,01;35,21;1,47;51,70;-0,69
28,09.2019 18:06:54;36;1.47;300;322.7455948566409;292.39;Module 1,12_9;348.15;52,92;35,13;1,48;51,94;0,98