module_id;temperature;voltage;ts;utc_ts;timestamp
1380556832687962;17.4;29.8;Sun Sep 01 2019 06:38:57 GMT+0200 (CEST);Sun Sep 01 2019 04:38:57 GMT+0200 (CEST);1567312737000
1380556832687962;17.4;29.5;Sun Sep 01 2019 06:41:03 GMT+0200 (CEST);Sun Sep 01 2019 04:41:03 GMT+0200 (CEST);1567312863000
1380556832687962;17.4;29.4;Sun Sep 01 2019 06:43:00 GMT+0200 (CEST);Sun Sep 01 2019 04:43:00 GMT+0200 (CEST);1567312980000
1380556832687962;17.4;29.4;Sun Sep 01 2019 06:44:53 GMT+0200 (CEST);Sun Sep 01 2019 04:44:53 GMT+0200 (CEST);1567313093000
1380556832687962;17.4;29.3;Sun Sep 01 2019 06:46:46 GMT+0200 (CEST);Sun Sep 01 2019 04:46:46 GMT+0200 (CEST);1567313206000
1380556832687962;17.4;29.5;Sun Sep 01 2019 06:48:38 GMT+0200 (CEST);Sun Sep 01 2019 04:48:38 GMT+0200 (CEST);1567313318000
1380556832687962;17.4;29.7;Sun Sep 01 2019 06:50:34 GMT+0200 (CEST);Sun Sep 01 2019 04:50:34 GMT+0200 (CEST);1567313434000
1380556832687962;17.4;29.8;Sun Sep 01 2019 06:52:27 GMT+0200 (CEST);Sun Sep 01 2019 04:52:27 GMT+0200 (CEST);1567313547000
1380556832687962;17.4;29.9;Sun Sep 01 2019 06:54:27 GMT+0200 (CEST);Sun Sep 01 2019 04:54:27 GMT+0200 (CEST);1567313667000
1380556832687962;17.4;31.8;Sun Sep 01 2019 06:56:29 GMT+0200 (CEST);Sun Sep 01 2019 04:56:29 GMT+0200 (CEST);1567313789000
1380556832687962;17.4;32.1;Sun Sep 01 2019 06:58:29 GMT+0200 (CEST);Sun Sep 01 2019 04:58:29 GMT+0200 (CEST);1567313909000
1380556832687962;17.4;32.1;Sun Sep 01 2019 07:00:21 GMT+0200 (CEST);Sun Sep 01 2019 05:00:21 GMT+0200 (CEST);1567314021000
1380556832687962;17.4;32.3;Sun Sep 01 2019 07:02:15 GMT+0200 (CEST);Sun Sep 01 2019 05:02:15 GMT+0200 (CEST);1567314135000
1380556832687962;17.4;32.5;Sun Sep 01 2019 07:04:08 GMT+0200 (CEST);Sun Sep 01 2019 05:04:08 GMT+0200 (CEST);1567314248000
1380556832687962;17.4;32.6;Sun Sep 01 2019 07:06:01 GMT+0200 (CEST);Sun Sep 01 2019 05:06:01 GMT+0200 (CEST);1567314361000
1380556832687962;17.4;32.8;Sun Sep 01 2019 07:07:55 GMT+0200 (CEST);Sun Sep 01 2019 05:07:55 GMT+0200 (CEST);1567314475000
1380556832687962;17.4;33.1;Sun Sep 01 2019 07:09:48 GMT+0200 (CEST);Sun Sep 01 2019 05:09:48 GMT+0200 (CEST);1567314588000
1380556832687962;22;33.4;Sun Sep 01 2019 07:11:41 GMT+0200 (CEST);Sun Sep 01 2019 05:11:41 GMT+0200 (CEST);1567314701000
1380556832687962;22;33.5;Sun Sep 01 2019 07:13:34 GMT+0200 (CEST);Sun Sep 01 2019 05:13:34 GMT+0200 (CEST);1567314814000
1380556832687962;23;33.7;Sun Sep 01 2019 07:15:28 GMT+0200 (CEST);Sun Sep 01 2019 05:15:28 GMT+0200 (CEST);1567314928000
1380556832687962;23;34;Sun Sep 01 2019 07:17:20 GMT+0200 (CEST);Sun Sep 01 2019 05:17:20 GMT+0200 (CEST);1567315040000
1380556832687962;23;34;Sun Sep 01 2019 07:19:15 GMT+0200 (CEST);Sun Sep 01 2019 05:19:15 GMT+0200 (CEST);1567315155000
1380556832687962;23;34;Sun Sep 01 2019 07:21:09 GMT+0200 (CEST);Sun Sep 01 2019 05:21:09 GMT+0200 (CEST);1567315269000
1380556832687962;23;34.1;Sun Sep 01 2019 07:23:02 GMT+0200 (CEST);Sun Sep 01 2019 05:23:02 GMT+0200 (CEST);1567315382000
1380556832687962;23;34;Sun Sep 01 2019 07:25:00 GMT+0200 (CEST);Sun Sep 01 2019 05:25:00 GMT+0200 (CEST);1567315500000
1380556832687962;23;33.9;Sun Sep 01 2019 07:26:53 GMT+0200 (CEST);Sun Sep 01 2019 05:26:53 GMT+0200 (CEST);1567315613000
1380556832687962;23;34.2;Sun Sep 01 2019 07:28:46 GMT+0200 (CEST);Sun Sep 01 2019 05:28:46 GMT+0200 (CEST);1567315726000
1380556832687962;23;34.3;Sun Sep 01 2019 07:30:46 GMT+0200 (CEST);Sun Sep 01 2019 05:30:46 GMT+0200 (CEST);1567315846000
1380556832687962;23;34.5;Sun Sep 01 2019 07:32:39 GMT+0200 (CEST);Sun Sep 01 2019 05:32:39 GMT+0200 (CEST);1567315959000
1380556832687962;23;34.4;Sun Sep 01 2019 07:34:32 GMT+0200 (CEST);Sun Sep 01 2019 05:34:32 GMT+0200 (CEST);1567316072000
1380556832687962;23;34.2;Sun Sep 01 2019 07:36:28 GMT+0200 (CEST);Sun Sep 01 2019 05:36:28 GMT+0200 (CEST);1567316188000
1380556832687962;23;34.3;Sun Sep 01 2019 07:38:21 GMT+0200 (CEST);Sun Sep 01 2019 05:38:21 GMT+0200 (CEST);1567316301000
1380556832687962;25.5;34.5;Sun Sep 01 2019 07:40:14 GMT+0200 (CEST);Sun Sep 01 2019 05:40:14 GMT+0200 (CEST);1567316414000
1380556832687962;25.5;34.6;Sun Sep 01 2019 07:42:07 GMT+0200 (CEST);Sun Sep 01 2019 05:42:07 GMT+0200 (CEST);1567316527000
1380556832687962;25.5;35.2;Sun Sep 01 2019 07:44:00 GMT+0200 (CEST);Sun Sep 01 2019 05:44:00 GMT+0200 (CEST);1567316640000
1380556832687962;25.5;37.3;Sun Sep 01 2019 07:45:57 GMT+0200 (CEST);Sun Sep 01 2019 05:45:57 GMT+0200 (CEST);1567316757000
1380556832687962;25.5;37.7;Sun Sep 01 2019 07:47:50 GMT+0200 (CEST);Sun Sep 01 2019 05:47:50 GMT+0200 (CEST);1567316870000
1380556832687962;27.5;38.4;Sun Sep 01 2019 07:49:43 GMT+0200 (CEST);Sun Sep 01 2019 05:49:43 GMT+0200 (CEST);1567316983000
1380556832687962;27.5;37;Sun Sep 01 2019 07:51:36 GMT+0200 (CEST);Sun Sep 01 2019 05:51:36 GMT+0200 (CEST);1567317096000
1380556832687962;27.5;38.4;Sun Sep 01 2019 07:53:36 GMT+0200 (CEST);Sun Sep 01 2019 05:53:36 GMT+0200 (CEST);1567317216000
1380556832687962;28;38.4;Sun Sep 01 2019 07:55:31 GMT+0200 (CEST);Sun Sep 01 2019 05:55:31 GMT+0200 (CEST);1567317331000
1380556832687962;28;38.4;Sun Sep 01 2019 07:57:24 GMT+0200 (CEST);Sun Sep 01 2019 05:57:24 GMT+0200 (CEST);1567317444000
1380556832687962;29.5;38.3;Sun Sep 01 2019 07:59:19 GMT+0200 (CEST);Sun Sep 01 2019 05:59:19 GMT+0200 (CEST);1567317559000
1380556832687962;29.5;38.3;Sun Sep 01 2019 08:01:12 GMT+0200 (CEST);Sun Sep 01 2019 06:01:12 GMT+0200 (CEST);1567317672000
1380556832687962;29.5;38.4;Sun Sep 01 2019 08:03:05 GMT+0200 (CEST);Sun Sep 01 2019 06:03:05 GMT+0200 (CEST);1567317785000
1380556832687962;29.5;38.4;Sun Sep 01 2019 08:04:58 GMT+0200 (CEST);Sun Sep 01 2019 06:04:58 GMT+0200 (CEST);1567317898000
1380556832687962;29.5;38.2;Sun Sep 01 2019 08:06:56 GMT+0200 (CEST);Sun Sep 01 2019 06:06:56 GMT+0200 (CEST);1567318016000
1380556832687962;30;37.5;Sun Sep 01 2019 08:08:49 GMT+0200 (CEST);Sun Sep 01 2019 06:08:49 GMT+0200 (CEST);1567318129000
1380556832687962;30;37.3;Sun Sep 01 2019 08:10:46 GMT+0200 (CEST);Sun Sep 01 2019 06:10:46 GMT+0200 (CEST);1567318246000
1380556832687962;30;37.3;Sun Sep 01 2019 08:12:39 GMT+0200 (CEST);Sun Sep 01 2019 06:12:39 GMT+0200 (CEST);1567318359000
1380556832687962;30;37.5;Sun Sep 01 2019 08:14:35 GMT+0200 (CEST);Sun Sep 01 2019 06:14:35 GMT+0200 (CEST);1567318475000
1380556832687962;30;38;Sun Sep 01 2019 08:16:30 GMT+0200 (CEST);Sun Sep 01 2019 06:16:30 GMT+0200 (CEST);1567318590000
1380556832687962;30;37.8;Sun Sep 01 2019 08:18:24 GMT+0200 (CEST);Sun Sep 01 2019 06:18:24 GMT+0200 (CEST);1567318704000
1380556832687962;30;34.6;Sun Sep 01 2019 08:20:22 GMT+0200 (CEST);Sun Sep 01 2019 06:20:22 GMT+0200 (CEST);1567318822000
1380556832687962;30;34.7;Sun Sep 01 2019 08:22:18 GMT+0200 (CEST);Sun Sep 01 2019 06:22:18 GMT+0200 (CEST);1567318938000
1380556832687962;30;35;Sun Sep 01 2019 08:24:11 GMT+0200 (CEST);Sun Sep 01 2019 06:24:11 GMT+0200 (CEST);1567319051000
1380556832687962;30;34.8;Sun Sep 01 2019 08:26:04 GMT+0200 (CEST);Sun Sep 01 2019 06:26:04 GMT+0200 (CEST);1567319164000
1380556832687962;30;34.8;Sun Sep 01 2019 08:27:59 GMT+0200 (CEST);Sun Sep 01 2019 06:27:59 GMT+0200 (CEST);1567319279000
1380556832687962;30;34.6;Sun Sep 01 2019 08:29:52 GMT+0200 (CEST);Sun Sep 01 2019 06:29:52 GMT+0200 (CEST);1567319392000
1380556832687962;30;34.7;Sun Sep 01 2019 08:31:46 GMT+0200 (CEST);Sun Sep 01 2019 06:31:46 GMT+0200 (CEST);1567319506000
1380556832687962;31.5;34.8;Sun Sep 01 2019 08:33:42 GMT+0200 (CEST);Sun Sep 01 2019 06:33:42 GMT+0200 (CEST);1567319622000
1380556832687962;31.5;34.7;Sun Sep 01 2019 08:36:10 GMT+0200 (CEST);Sun Sep 01 2019 06:36:10 GMT+0200 (CEST);1567319770000
1380556832687962;31.5;34.7;Sun Sep 01 2019 08:38:03 GMT+0200 (CEST);Sun Sep 01 2019 06:38:03 GMT+0200 (CEST);1567319883000
1380556832687962;31.5;34.7;Sun Sep 01 2019 08:39:56 GMT+0200 (CEST);Sun Sep 01 2019 06:39:56 GMT+0200 (CEST);1567319996000
1380556832687962;32;34.7;Sun Sep 01 2019 08:41:51 GMT+0200 (CEST);Sun Sep 01 2019 06:41:51 GMT+0200 (CEST);1567320111000
1380556832687962;32;34.5;Sun Sep 01 2019 08:43:44 GMT+0200 (CEST);Sun Sep 01 2019 06:43:44 GMT+0200 (CEST);1567320224000
1380556832687962;32;34.3;Sun Sep 01 2019 08:45:39 GMT+0200 (CEST);Sun Sep 01 2019 06:45:39 GMT+0200 (CEST);1567320339000
1380556832687962;33.5;33.5;Sun Sep 01 2019 08:47:32 GMT+0200 (CEST);Sun Sep 01 2019 06:47:32 GMT+0200 (CEST);1567320452000
1380556832687962;33.5;33.1;Sun Sep 01 2019 08:49:28 GMT+0200 (CEST);Sun Sep 01 2019 06:49:28 GMT+0200 (CEST);1567320568000
1380556832687962;33.5;33.6;Sun Sep 01 2019 08:51:23 GMT+0200 (CEST);Sun Sep 01 2019 06:51:23 GMT+0200 (CEST);1567320683000
1380556832687962;33.5;33;Sun Sep 01 2019 08:53:16 GMT+0200 (CEST);Sun Sep 01 2019 06:53:16 GMT+0200 (CEST);1567320796000
1380556832687962;33.5;33.1;Sun Sep 01 2019 08:55:16 GMT+0200 (CEST);Sun Sep 01 2019 06:55:16 GMT+0200 (CEST);1567320916000
1380556832687962;33.5;33.3;Sun Sep 01 2019 08:57:09 GMT+0200 (CEST);Sun Sep 01 2019 06:57:09 GMT+0200 (CEST);1567321029000
1380556832687962;33.5;33.4;Sun Sep 01 2019 08:59:03 GMT+0200 (CEST);Sun Sep 01 2019 06:59:03 GMT+0200 (CEST);1567321143000
1380556832687962;33.5;33.4;Sun Sep 01 2019 09:00:56 GMT+0200 (CEST);Sun Sep 01 2019 07:00:56 GMT+0200 (CEST);1567321256000
1380556832687962;33.5;33.3;Sun Sep 01 2019 09:02:49 GMT+0200 (CEST);Sun Sep 01 2019 07:02:49 GMT+0200 (CEST);1567321369000
1380556832687962;33.5;33.3;Sun Sep 01 2019 09:04:42 GMT+0200 (CEST);Sun Sep 01 2019 07:04:42 GMT+0200 (CEST);1567321482000
1380556832687962;32;33.5;Sun Sep 01 2019 09:06:35 GMT+0200 (CEST);Sun Sep 01 2019 07:06:35 GMT+0200 (CEST);1567321595000
1380556832687962;32;33.5;Sun Sep 01 2019 09:08:28 GMT+0200 (CEST);Sun Sep 01 2019 07:08:28 GMT+0200 (CEST);1567321708000
1380556832687962;31.5;33.6;Sun Sep 01 2019 09:10:29 GMT+0200 (CEST);Sun Sep 01 2019 07:10:29 GMT+0200 (CEST);1567321829000
1380556832687962;31.5;33.5;Sun Sep 01 2019 09:12:21 GMT+0200 (CEST);Sun Sep 01 2019 07:12:21 GMT+0200 (CEST);1567321941000
1380556832687962;31.5;33.5;Sun Sep 01 2019 09:14:14 GMT+0200 (CEST);Sun Sep 01 2019 07:14:14 GMT+0200 (CEST);1567322054000
1380556832687962;31.5;33.7;Sun Sep 01 2019 09:16:07 GMT+0200 (CEST);Sun Sep 01 2019 07:16:07 GMT+0200 (CEST);1567322167000
1380556832687962;31.5;33.5;Sun Sep 01 2019 09:18:33 GMT+0200 (CEST);Sun Sep 01 2019 07:18:33 GMT+0200 (CEST);1567322313000
1380556832687962;31.5;34.2;Sun Sep 01 2019 09:20:30 GMT+0200 (CEST);Sun Sep 01 2019 07:20:30 GMT+0200 (CEST);1567322430000
1380556832687962;31.5;33.7;Sun Sep 01 2019 09:22:38 GMT+0200 (CEST);Sun Sep 01 2019 07:22:38 GMT+0200 (CEST);1567322558000
1380556832687962;31.5;33.8;Sun Sep 01 2019 09:24:34 GMT+0200 (CEST);Sun Sep 01 2019 07:24:34 GMT+0200 (CEST);1567322674000
1380556832687962;31.5;33.4;Sun Sep 01 2019 09:26:27 GMT+0200 (CEST);Sun Sep 01 2019 07:26:27 GMT+0200 (CEST);1567322787000
1380556832687962;31.5;32.9;Sun Sep 01 2019 09:28:22 GMT+0200 (CEST);Sun Sep 01 2019 07:28:22 GMT+0200 (CEST);1567322902000
1380556832687962;35.6;32.7;Sun Sep 01 2019 09:30:15 GMT+0200 (CEST);Sun Sep 01 2019 07:30:15 GMT+0200 (CEST);1567323015000
1380556832687962;35.6;32.7;Sun Sep 01 2019 09:32:20 GMT+0200 (CEST);Sun Sep 01 2019 07:32:20 GMT+0200 (CEST);1567323140000
1380556832687962;35.6;32.6;Sun Sep 01 2019 09:34:14 GMT+0200 (CEST);Sun Sep 01 2019 07:34:14 GMT+0200 (CEST);1567323254000
1380556832687962;35.6;32.8;Sun Sep 01 2019 09:36:15 GMT+0200 (CEST);Sun Sep 01 2019 07:36:15 GMT+0200 (CEST);1567323375000
1380556832687962;35.6;32.9;Sun Sep 01 2019 09:38:08 GMT+0200 (CEST);Sun Sep 01 2019 07:38:08 GMT+0200 (CEST);1567323488000
1380556832687962;35.6;34.1;Sun Sep 01 2019 09:40:03 GMT+0200 (CEST);Sun Sep 01 2019 07:40:03 GMT+0200 (CEST);1567323603000
1380556832687962;35.6;34.1;Sun Sep 01 2019 09:41:57 GMT+0200 (CEST);Sun Sep 01 2019 07:41:57 GMT+0200 (CEST);1567323717000
1380556832687962;35.6;34.1;Sun Sep 01 2019 09:43:50 GMT+0200 (CEST);Sun Sep 01 2019 07:43:50 GMT+0200 (CEST);1567323830000
1380556832687962;35.6;33.5;Sun Sep 01 2019 09:45:43 GMT+0200 (CEST);Sun Sep 01 2019 07:45:43 GMT+0200 (CEST);1567323943000
1380556832687962;35.6;33.3;Sun Sep 01 2019 09:47:39 GMT+0200 (CEST);Sun Sep 01 2019 07:47:39 GMT+0200 (CEST);1567324059000
1380556832687962;35.6;33.1;Sun Sep 01 2019 09:49:32 GMT+0200 (CEST);Sun Sep 01 2019 07:49:32 GMT+0200 (CEST);1567324172000
1380556832687962;35.6;33.1;Sun Sep 01 2019 09:51:25 GMT+0200 (CEST);Sun Sep 01 2019 07:51:25 GMT+0200 (CEST);1567324285000
1380556832687962;38.1;32.8;Sun Sep 01 2019 09:53:21 GMT+0200 (CEST);Sun Sep 01 2019 07:53:21 GMT+0200 (CEST);1567324401000
1380556832687962;38.1;32.8;Sun Sep 01 2019 09:55:14 GMT+0200 (CEST);Sun Sep 01 2019 07:55:14 GMT+0200 (CEST);1567324514000
1380556832687962;38.1;32.9;Sun Sep 01 2019 09:57:17 GMT+0200 (CEST);Sun Sep 01 2019 07:57:17 GMT+0200 (CEST);1567324637000
1380556832687962;38.1;33.1;Sun Sep 01 2019 09:59:12 GMT+0200 (CEST);Sun Sep 01 2019 07:59:12 GMT+0200 (CEST);1567324752000
1380556832687962;38.1;32.7;Sun Sep 01 2019 10:01:04 GMT+0200 (CEST);Sun Sep 01 2019 08:01:04 GMT+0200 (CEST);1567324864000
1380556832687962;38.1;33;Sun Sep 01 2019 10:02:57 GMT+0200 (CEST);Sun Sep 01 2019 08:02:57 GMT+0200 (CEST);1567324977000
1380556832687962;39.1;32.7;Sun Sep 01 2019 10:04:56 GMT+0200 (CEST);Sun Sep 01 2019 08:04:56 GMT+0200 (CEST);1567325096000
1380556832687962;39.1;33.1;Sun Sep 01 2019 10:06:51 GMT+0200 (CEST);Sun Sep 01 2019 08:06:51 GMT+0200 (CEST);1567325211000
1380556832687962;39.1;33.1;Sun Sep 01 2019 10:08:43 GMT+0200 (CEST);Sun Sep 01 2019 08:08:43 GMT+0200 (CEST);1567325323000
1380556832687962;39.1;33.2;Sun Sep 01 2019 10:10:45 GMT+0200 (CEST);Sun Sep 01 2019 08:10:45 GMT+0200 (CEST);1567325445000
1380556832687962;39.1;33;Sun Sep 01 2019 10:12:38 GMT+0200 (CEST);Sun Sep 01 2019 08:12:38 GMT+0200 (CEST);1567325558000
1380556832687962;41.6;32.9;Sun Sep 01 2019 10:14:31 GMT+0200 (CEST);Sun Sep 01 2019 08:14:31 GMT+0200 (CEST);1567325671000
1380556832687962;41.6;32.9;Sun Sep 01 2019 10:16:24 GMT+0200 (CEST);Sun Sep 01 2019 08:16:24 GMT+0200 (CEST);1567325784000
1380556832687962;41.6;32.9;Sun Sep 01 2019 10:18:17 GMT+0200 (CEST);Sun Sep 01 2019 08:18:17 GMT+0200 (CEST);1567325897000
1380556832687962;41.6;32.9;Sun Sep 01 2019 10:20:14 GMT+0200 (CEST);Sun Sep 01 2019 08:20:14 GMT+0200 (CEST);1567326014000
1380556832687962;41.6;32.8;Sun Sep 01 2019 10:22:07 GMT+0200 (CEST);Sun Sep 01 2019 08:22:07 GMT+0200 (CEST);1567326127000
1380556832687962;41.6;32.8;Sun Sep 01 2019 10:24:02 GMT+0200 (CEST);Sun Sep 01 2019 08:24:02 GMT+0200 (CEST);1567326242000
1380556832687962;41.6;32.9;Sun Sep 01 2019 10:25:55 GMT+0200 (CEST);Sun Sep 01 2019 08:25:55 GMT+0200 (CEST);1567326355000
1380556832687962;41.6;32.7;Sun Sep 01 2019 10:27:51 GMT+0200 (CEST);Sun Sep 01 2019 08:27:51 GMT+0200 (CEST);1567326471000
1380556832687962;41.6;32.7;Sun Sep 01 2019 10:29:44 GMT+0200 (CEST);Sun Sep 01 2019 08:29:44 GMT+0200 (CEST);1567326584000
1380556832687962;41.6;32.7;Sun Sep 01 2019 10:31:38 GMT+0200 (CEST);Sun Sep 01 2019 08:31:38 GMT+0200 (CEST);1567326698000
1380556832687962;41.6;32.7;Sun Sep 01 2019 10:33:31 GMT+0200 (CEST);Sun Sep 01 2019 08:33:31 GMT+0200 (CEST);1567326811000
1380556832687962;41.6;32.4;Sun Sep 01 2019 10:35:50 GMT+0200 (CEST);Sun Sep 01 2019 08:35:50 GMT+0200 (CEST);1567326950000
1380556832687962;42.1;32.4;Sun Sep 01 2019 10:37:52 GMT+0200 (CEST);Sun Sep 01 2019 08:37:52 GMT+0200 (CEST);1567327072000
1380556832687962;42.1;32.2;Sun Sep 01 2019 10:39:45 GMT+0200 (CEST);Sun Sep 01 2019 08:39:45 GMT+0200 (CEST);1567327185000
1380556832687962;42.1;32.1;Sun Sep 01 2019 10:41:37 GMT+0200 (CEST);Sun Sep 01 2019 08:41:37 GMT+0200 (CEST);1567327297000
1380556832687962;43.6;32.1;Sun Sep 01 2019 10:43:33 GMT+0200 (CEST);Sun Sep 01 2019 08:43:33 GMT+0200 (CEST);1567327413000
1380556832687962;43.6;32.1;Sun Sep 01 2019 10:45:38 GMT+0200 (CEST);Sun Sep 01 2019 08:45:38 GMT+0200 (CEST);1567327538000
1380556832687962;43.6;32.1;Sun Sep 01 2019 10:47:32 GMT+0200 (CEST);Sun Sep 01 2019 08:47:32 GMT+0200 (CEST);1567327652000
1380556832687962;43.6;32.2;Sun Sep 01 2019 10:49:24 GMT+0200 (CEST);Sun Sep 01 2019 08:49:24 GMT+0200 (CEST);1567327764000
1380556832687962;43.6;32.1;Sun Sep 01 2019 10:51:23 GMT+0200 (CEST);Sun Sep 01 2019 08:51:23 GMT+0200 (CEST);1567327883000
1380556832687962;44.1;32.1;Sun Sep 01 2019 10:53:20 GMT+0200 (CEST);Sun Sep 01 2019 08:53:20 GMT+0200 (CEST);1567328000000
1380556832687962;44.1;32;Sun Sep 01 2019 10:55:14 GMT+0200 (CEST);Sun Sep 01 2019 08:55:14 GMT+0200 (CEST);1567328114000
1380556832687962;45.6;31.9;Sun Sep 01 2019 10:57:09 GMT+0200 (CEST);Sun Sep 01 2019 08:57:09 GMT+0200 (CEST);1567328229000
1380556832687962;45.6;32.1;Sun Sep 01 2019 10:59:02 GMT+0200 (CEST);Sun Sep 01 2019 08:59:02 GMT+0200 (CEST);1567328342000
1380556832687962;45.6;32;Sun Sep 01 2019 11:00:55 GMT+0200 (CEST);Sun Sep 01 2019 09:00:55 GMT+0200 (CEST);1567328455000
1380556832687962;45.6;31.8;Sun Sep 01 2019 11:02:49 GMT+0200 (CEST);Sun Sep 01 2019 09:02:49 GMT+0200 (CEST);1567328569000
1380556832687962;45.6;32;Sun Sep 01 2019 11:04:45 GMT+0200 (CEST);Sun Sep 01 2019 09:04:45 GMT+0200 (CEST);1567328685000
1380556832687962;45.6;32.3;Sun Sep 01 2019 11:06:38 GMT+0200 (CEST);Sun Sep 01 2019 09:06:38 GMT+0200 (CEST);1567328798000
1380556832687962;44.1;32;Sun Sep 01 2019 11:08:34 GMT+0200 (CEST);Sun Sep 01 2019 09:08:34 GMT+0200 (CEST);1567328914000
1380556832687962;44.1;32.1;Sun Sep 01 2019 11:10:29 GMT+0200 (CEST);Sun Sep 01 2019 09:10:29 GMT+0200 (CEST);1567329029000
1380556832687962;44.1;32.1;Sun Sep 01 2019 11:12:22 GMT+0200 (CEST);Sun Sep 01 2019 09:12:22 GMT+0200 (CEST);1567329142000
1380556832687962;45.6;32.1;Sun Sep 01 2019 11:14:21 GMT+0200 (CEST);Sun Sep 01 2019 09:14:21 GMT+0200 (CEST);1567329261000
1380556832687962;45.6;32;Sun Sep 01 2019 11:16:15 GMT+0200 (CEST);Sun Sep 01 2019 09:16:15 GMT+0200 (CEST);1567329375000
1380556832687962;45.6;31.8;Sun Sep 01 2019 11:18:07 GMT+0200 (CEST);Sun Sep 01 2019 09:18:07 GMT+0200 (CEST);1567329487000
1380556832687962;45.6;31.7;Sun Sep 01 2019 11:20:00 GMT+0200 (CEST);Sun Sep 01 2019 09:20:00 GMT+0200 (CEST);1567329600000
1380556832687962;45.6;31.8;Sun Sep 01 2019 11:21:55 GMT+0200 (CEST);Sun Sep 01 2019 09:21:55 GMT+0200 (CEST);1567329715000
1380556832687962;46.1;31.8;Sun Sep 01 2019 11:23:50 GMT+0200 (CEST);Sun Sep 01 2019 09:23:50 GMT+0200 (CEST);1567329830000
1380556832687962;46.1;31.2;Sun Sep 01 2019 11:25:46 GMT+0200 (CEST);Sun Sep 01 2019 09:25:46 GMT+0200 (CEST);1567329946000
1380556832687962;46.1;31.4;Sun Sep 01 2019 11:27:42 GMT+0200 (CEST);Sun Sep 01 2019 09:27:42 GMT+0200 (CEST);1567330062000
1380556832687962;46.1;32.1;Sun Sep 01 2019 11:29:35 GMT+0200 (CEST);Sun Sep 01 2019 09:29:35 GMT+0200 (CEST);1567330175000
1380556832687962;46.1;32.1;Sun Sep 01 2019 11:31:28 GMT+0200 (CEST);Sun Sep 01 2019 09:31:28 GMT+0200 (CEST);1567330288000
1380556832687962;44.1;32.1;Sun Sep 01 2019 11:33:20 GMT+0200 (CEST);Sun Sep 01 2019 09:33:20 GMT+0200 (CEST);1567330400000
1380556832687962;44.1;32.1;Sun Sep 01 2019 11:35:13 GMT+0200 (CEST);Sun Sep 01 2019 09:35:13 GMT+0200 (CEST);1567330513000
1380556832687962;44.1;31.8;Sun Sep 01 2019 11:37:06 GMT+0200 (CEST);Sun Sep 01 2019 09:37:06 GMT+0200 (CEST);1567330626000
1380556832687962;44.1;31.6;Sun Sep 01 2019 11:38:59 GMT+0200 (CEST);Sun Sep 01 2019 09:38:59 GMT+0200 (CEST);1567330739000
1380556832687962;44.1;31.6;Sun Sep 01 2019 11:40:54 GMT+0200 (CEST);Sun Sep 01 2019 09:40:54 GMT+0200 (CEST);1567330854000
1380556832687962;44.1;31.7;Sun Sep 01 2019 11:42:47 GMT+0200 (CEST);Sun Sep 01 2019 09:42:47 GMT+0200 (CEST);1567330967000
1380556832687962;45.6;31.9;Sun Sep 01 2019 11:44:41 GMT+0200 (CEST);Sun Sep 01 2019 09:44:41 GMT+0200 (CEST);1567331081000
1380556832687962;45.6;31.4;Sun Sep 01 2019 11:46:55 GMT+0200 (CEST);Sun Sep 01 2019 09:46:55 GMT+0200 (CEST);1567331215000
1380556832687962;45.6;31.4;Sun Sep 01 2019 11:48:48 GMT+0200 (CEST);Sun Sep 01 2019 09:48:48 GMT+0200 (CEST);1567331328000
1380556832687962;45.6;31.1;Sun Sep 01 2019 11:50:46 GMT+0200 (CEST);Sun Sep 01 2019 09:50:46 GMT+0200 (CEST);1567331446000
1380556832687962;45.6;31.7;Sun Sep 01 2019 11:52:40 GMT+0200 (CEST);Sun Sep 01 2019 09:52:40 GMT+0200 (CEST);1567331560000
1380556832687962;45.6;31.6;Sun Sep 01 2019 11:54:35 GMT+0200 (CEST);Sun Sep 01 2019 09:54:35 GMT+0200 (CEST);1567331675000
1380556832687962;45.6;31.6;Sun Sep 01 2019 11:56:28 GMT+0200 (CEST);Sun Sep 01 2019 09:56:28 GMT+0200 (CEST);1567331788000
1380556832687962;46.1;31.6;Sun Sep 01 2019 11:58:21 GMT+0200 (CEST);Sun Sep 01 2019 09:58:21 GMT+0200 (CEST);1567331901000
1380556832687962;46.1;32.1;Sun Sep 01 2019 12:00:14 GMT+0200 (CEST);Sun Sep 01 2019 10:00:14 GMT+0200 (CEST);1567332014000
1380556832687962;45.6;32.1;Sun Sep 01 2019 12:02:08 GMT+0200 (CEST);Sun Sep 01 2019 10:02:08 GMT+0200 (CEST);1567332128000
1380556832687962;45.6;32.1;Sun Sep 01 2019 12:04:01 GMT+0200 (CEST);Sun Sep 01 2019 10:04:01 GMT+0200 (CEST);1567332241000
1380556832687962;45.6;31.5;Sun Sep 01 2019 12:05:54 GMT+0200 (CEST);Sun Sep 01 2019 10:05:54 GMT+0200 (CEST);1567332354000
1380556832687962;45.6;31.2;Sun Sep 01 2019 12:08:00 GMT+0200 (CEST);Sun Sep 01 2019 10:08:00 GMT+0200 (CEST);1567332480000
1380556832687962;45.6;30.8;Sun Sep 01 2019 12:10:01 GMT+0200 (CEST);Sun Sep 01 2019 10:10:01 GMT+0200 (CEST);1567332601000
1380556832687962;45.6;31.2;Sun Sep 01 2019 12:11:56 GMT+0200 (CEST);Sun Sep 01 2019 10:11:56 GMT+0200 (CEST);1567332716000
1380556832687962;45.6;31;Sun Sep 01 2019 12:13:50 GMT+0200 (CEST);Sun Sep 01 2019 10:13:50 GMT+0200 (CEST);1567332830000
1380556832687962;45.6;29.9;Sun Sep 01 2019 12:15:43 GMT+0200 (CEST);Sun Sep 01 2019 10:15:43 GMT+0200 (CEST);1567332943000
1380556832687962;46.1;31.2;Sun Sep 01 2019 12:17:35 GMT+0200 (CEST);Sun Sep 01 2019 10:17:35 GMT+0200 (CEST);1567333055000
1380556832687962;46.1;31.7;Sun Sep 01 2019 12:19:30 GMT+0200 (CEST);Sun Sep 01 2019 10:19:30 GMT+0200 (CEST);1567333170000
1380556832687962;45.6;32;Sun Sep 01 2019 12:21:24 GMT+0200 (CEST);Sun Sep 01 2019 10:21:24 GMT+0200 (CEST);1567333284000
1380556832687962;45.6;32;Sun Sep 01 2019 12:23:19 GMT+0200 (CEST);Sun Sep 01 2019 10:23:19 GMT+0200 (CEST);1567333399000
1380556832687962;45.6;32;Sun Sep 01 2019 12:25:13 GMT+0200 (CEST);Sun Sep 01 2019 10:25:13 GMT+0200 (CEST);1567333513000
1380556832687962;45.6;32.2;Sun Sep 01 2019 12:27:06 GMT+0200 (CEST);Sun Sep 01 2019 10:27:06 GMT+0200 (CEST);1567333626000
1380556832687962;45.6;32.2;Sun Sep 01 2019 12:29:00 GMT+0200 (CEST);Sun Sep 01 2019 10:29:00 GMT+0200 (CEST);1567333740000
1380556832687962;45.6;32.2;Sun Sep 01 2019 12:30:53 GMT+0200 (CEST);Sun Sep 01 2019 10:30:53 GMT+0200 (CEST);1567333853000
1380556832687962;45.6;32.2;Sun Sep 01 2019 12:32:47 GMT+0200 (CEST);Sun Sep 01 2019 10:32:47 GMT+0200 (CEST);1567333967000
1380556832687962;45.6;32.5;Sun Sep 01 2019 12:34:43 GMT+0200 (CEST);Sun Sep 01 2019 10:34:43 GMT+0200 (CEST);1567334083000
1380556832687962;42.1;32.6;Sun Sep 01 2019 12:36:37 GMT+0200 (CEST);Sun Sep 01 2019 10:36:37 GMT+0200 (CEST);1567334197000
1380556832687962;42.1;32.7;Sun Sep 01 2019 12:38:30 GMT+0200 (CEST);Sun Sep 01 2019 10:38:30 GMT+0200 (CEST);1567334310000
1380556832687962;42.1;32.7;Sun Sep 01 2019 12:40:30 GMT+0200 (CEST);Sun Sep 01 2019 10:40:30 GMT+0200 (CEST);1567334430000
1380556832687962;42.1;32.3;Sun Sep 01 2019 12:42:23 GMT+0200 (CEST);Sun Sep 01 2019 10:42:23 GMT+0200 (CEST);1567334543000
1380556832687962;42.1;32.3;Sun Sep 01 2019 12:44:16 GMT+0200 (CEST);Sun Sep 01 2019 10:44:16 GMT+0200 (CEST);1567334656000
1380556832687962;42.1;32.2;Sun Sep 01 2019 12:46:11 GMT+0200 (CEST);Sun Sep 01 2019 10:46:11 GMT+0200 (CEST);1567334771000
1380556832687962;42.1;32.7;Sun Sep 01 2019 12:48:11 GMT+0200 (CEST);Sun Sep 01 2019 10:48:11 GMT+0200 (CEST);1567334891000
1380556832687962;41.6;32.1;Sun Sep 01 2019 12:50:21 GMT+0200 (CEST);Sun Sep 01 2019 10:50:21 GMT+0200 (CEST);1567335021000
1380556832687962;41.6;32.1;Sun Sep 01 2019 12:52:20 GMT+0200 (CEST);Sun Sep 01 2019 10:52:20 GMT+0200 (CEST);1567335140000
1380556832687962;41.6;32;Sun Sep 01 2019 12:54:13 GMT+0200 (CEST);Sun Sep 01 2019 10:54:13 GMT+0200 (CEST);1567335253000
1380556832687962;41.6;32.2;Sun Sep 01 2019 12:56:06 GMT+0200 (CEST);Sun Sep 01 2019 10:56:06 GMT+0200 (CEST);1567335366000
1380556832687962;41.6;32.1;Sun Sep 01 2019 12:57:59 GMT+0200 (CEST);Sun Sep 01 2019 10:57:59 GMT+0200 (CEST);1567335479000
1380556832687962;41.6;32.2;Sun Sep 01 2019 12:59:51 GMT+0200 (CEST);Sun Sep 01 2019 10:59:51 GMT+0200 (CEST);1567335591000
1380556832687962;41.6;32.4;Sun Sep 01 2019 13:01:44 GMT+0200 (CEST);Sun Sep 01 2019 11:01:44 GMT+0200 (CEST);1567335704000
1380556832687962;41.6;32.4;Sun Sep 01 2019 13:03:39 GMT+0200 (CEST);Sun Sep 01 2019 11:03:39 GMT+0200 (CEST);1567335819000
1380556832687962;41.6;32.4;Sun Sep 01 2019 13:05:32 GMT+0200 (CEST);Sun Sep 01 2019 11:05:32 GMT+0200 (CEST);1567335932000
1380556832687962;41.6;32.4;Sun Sep 01 2019 13:07:25 GMT+0200 (CEST);Sun Sep 01 2019 11:07:25 GMT+0200 (CEST);1567336045000
1380556832687962;41.6;32.9;Sun Sep 01 2019 13:09:19 GMT+0200 (CEST);Sun Sep 01 2019 11:09:19 GMT+0200 (CEST);1567336159000
1380556832687962;41.6;32.8;Sun Sep 01 2019 13:11:17 GMT+0200 (CEST);Sun Sep 01 2019 11:11:17 GMT+0200 (CEST);1567336277000
1380556832687962;41.6;32.6;Sun Sep 01 2019 13:13:11 GMT+0200 (CEST);Sun Sep 01 2019 11:13:11 GMT+0200 (CEST);1567336391000
1380556832687962;41.6;32.3;Sun Sep 01 2019 13:15:05 GMT+0200 (CEST);Sun Sep 01 2019 11:15:05 GMT+0200 (CEST);1567336505000
1380556832687962;41.6;32.4;Sun Sep 01 2019 13:18:25 GMT+0200 (CEST);Sun Sep 01 2019 11:18:25 GMT+0200 (CEST);1567336705000
1380556832687962;41.6;32.4;Sun Sep 01 2019 13:20:18 GMT+0200 (CEST);Sun Sep 01 2019 11:20:18 GMT+0200 (CEST);1567336818000
1380556832687962;41.6;32.7;Sun Sep 01 2019 13:22:12 GMT+0200 (CEST);Sun Sep 01 2019 11:22:12 GMT+0200 (CEST);1567336932000
1380556832687962;39.1;32.7;Sun Sep 01 2019 13:24:13 GMT+0200 (CEST);Sun Sep 01 2019 11:24:13 GMT+0200 (CEST);1567337053000
1380556832687962;39.1;32.9;Sun Sep 01 2019 13:26:08 GMT+0200 (CEST);Sun Sep 01 2019 11:26:08 GMT+0200 (CEST);1567337168000
1380556832687962;39.1;32.9;Sun Sep 01 2019 13:28:04 GMT+0200 (CEST);Sun Sep 01 2019 11:28:04 GMT+0200 (CEST);1567337284000
1380556832687962;39.1;32.4;Sun Sep 01 2019 13:29:58 GMT+0200 (CEST);Sun Sep 01 2019 11:29:58 GMT+0200 (CEST);1567337398000
1380556832687962;39.1;32.1;Sun Sep 01 2019 13:31:52 GMT+0200 (CEST);Sun Sep 01 2019 11:31:52 GMT+0200 (CEST);1567337512000
1380556832687962;39.1;32.2;Sun Sep 01 2019 13:33:44 GMT+0200 (CEST);Sun Sep 01 2019 11:33:44 GMT+0200 (CEST);1567337624000
1380556832687962;39.1;32.9;Sun Sep 01 2019 13:35:47 GMT+0200 (CEST);Sun Sep 01 2019 11:35:47 GMT+0200 (CEST);1567337747000
1380556832687962;39.1;32.5;Sun Sep 01 2019 13:37:45 GMT+0200 (CEST);Sun Sep 01 2019 11:37:45 GMT+0200 (CEST);1567337865000
1380556832687962;39.1;31.5;Sun Sep 01 2019 13:39:41 GMT+0200 (CEST);Sun Sep 01 2019 11:39:41 GMT+0200 (CEST);1567337981000
1380556832687962;39.1;31.4;Sun Sep 01 2019 13:41:35 GMT+0200 (CEST);Sun Sep 01 2019 11:41:35 GMT+0200 (CEST);1567338095000
1380556832687962;39.1;31.4;Sun Sep 01 2019 13:43:27 GMT+0200 (CEST);Sun Sep 01 2019 11:43:27 GMT+0200 (CEST);1567338207000
1380556832687962;39.1;30.9;Sun Sep 01 2019 13:45:22 GMT+0200 (CEST);Sun Sep 01 2019 11:45:22 GMT+0200 (CEST);1567338322000
1380556832687962;39.1;30.7;Sun Sep 01 2019 13:47:16 GMT+0200 (CEST);Sun Sep 01 2019 11:47:16 GMT+0200 (CEST);1567338436000
1380556832687962;39.1;31.4;Sun Sep 01 2019 13:49:09 GMT+0200 (CEST);Sun Sep 01 2019 11:49:09 GMT+0200 (CEST);1567338549000
1380556832687962;39.1;31.9;Sun Sep 01 2019 13:51:02 GMT+0200 (CEST);Sun Sep 01 2019 11:51:02 GMT+0200 (CEST);1567338662000
1380556832687962;39.1;32.5;Sun Sep 01 2019 13:52:56 GMT+0200 (CEST);Sun Sep 01 2019 11:52:56 GMT+0200 (CEST);1567338776000
1380556832687962;39.1;31;Sun Sep 01 2019 13:54:50 GMT+0200 (CEST);Sun Sep 01 2019 11:54:50 GMT+0200 (CEST);1567338890000
1380556832687962;45.6;32.7;Sun Sep 01 2019 13:56:45 GMT+0200 (CEST);Sun Sep 01 2019 11:56:45 GMT+0200 (CEST);1567339005000
1380556832687962;45.6;32.3;Sun Sep 01 2019 13:58:37 GMT+0200 (CEST);Sun Sep 01 2019 11:58:37 GMT+0200 (CEST);1567339117000
1380556832687962;45.6;32;Sun Sep 01 2019 14:00:49 GMT+0200 (CEST);Sun Sep 01 2019 12:00:49 GMT+0200 (CEST);1567339249000
1380556832687962;45.6;31;Sun Sep 01 2019 14:02:42 GMT+0200 (CEST);Sun Sep 01 2019 12:02:42 GMT+0200 (CEST);1567339362000
1380556832687962;46.1;31.4;Sun Sep 01 2019 14:04:35 GMT+0200 (CEST);Sun Sep 01 2019 12:04:35 GMT+0200 (CEST);1567339475000
1380556832687962;46.1;31.1;Sun Sep 01 2019 14:06:28 GMT+0200 (CEST);Sun Sep 01 2019 12:06:28 GMT+0200 (CEST);1567339588000
1380556832687962;46.1;31.8;Sun Sep 01 2019 14:08:24 GMT+0200 (CEST);Sun Sep 01 2019 12:08:24 GMT+0200 (CEST);1567339704000
1380556832687962;48.2;31.8;Sun Sep 01 2019 14:10:17 GMT+0200 (CEST);Sun Sep 01 2019 12:10:17 GMT+0200 (CEST);1567339817000
1380556832687962;48.2;31.6;Sun Sep 01 2019 14:12:10 GMT+0200 (CEST);Sun Sep 01 2019 12:12:10 GMT+0200 (CEST);1567339930000
1380556832687962;49.7;31.5;Sun Sep 01 2019 14:14:03 GMT+0200 (CEST);Sun Sep 01 2019 12:14:03 GMT+0200 (CEST);1567340043000
1380556832687962;49.7;31;Sun Sep 01 2019 14:15:57 GMT+0200 (CEST);Sun Sep 01 2019 12:15:57 GMT+0200 (CEST);1567340157000
1380556832687962;49.7;31.2;Sun Sep 01 2019 14:17:50 GMT+0200 (CEST);Sun Sep 01 2019 12:17:50 GMT+0200 (CEST);1567340270000
1380556832687962;49.7;31.3;Sun Sep 01 2019 14:19:49 GMT+0200 (CEST);Sun Sep 01 2019 12:19:49 GMT+0200 (CEST);1567340389000
1380556832687962;49.7;31.7;Sun Sep 01 2019 14:22:11 GMT+0200 (CEST);Sun Sep 01 2019 12:22:11 GMT+0200 (CEST);1567340531000
1380556832687962;47.6;31.7;Sun Sep 01 2019 14:24:04 GMT+0200 (CEST);Sun Sep 01 2019 12:24:04 GMT+0200 (CEST);1567340644000
1380556832687962;47.6;31.7;Sun Sep 01 2019 14:26:01 GMT+0200 (CEST);Sun Sep 01 2019 12:26:01 GMT+0200 (CEST);1567340761000
1380556832687962;47.6;32.5;Sun Sep 01 2019 14:27:56 GMT+0200 (CEST);Sun Sep 01 2019 12:27:56 GMT+0200 (CEST);1567340876000
1380556832687962;47.6;32;Sun Sep 01 2019 14:29:48 GMT+0200 (CEST);Sun Sep 01 2019 12:29:48 GMT+0200 (CEST);1567340988000
1380556832687962;47.6;32.5;Sun Sep 01 2019 14:31:41 GMT+0200 (CEST);Sun Sep 01 2019 12:31:41 GMT+0200 (CEST);1567341101000
1380556832687962;47.6;32.4;Sun Sep 01 2019 14:33:34 GMT+0200 (CEST);Sun Sep 01 2019 12:33:34 GMT+0200 (CEST);1567341214000
1380556832687962;47.6;31.3;Sun Sep 01 2019 14:35:31 GMT+0200 (CEST);Sun Sep 01 2019 12:35:31 GMT+0200 (CEST);1567341331000
1380556832687962;47.6;32.4;Sun Sep 01 2019 14:37:24 GMT+0200 (CEST);Sun Sep 01 2019 12:37:24 GMT+0200 (CEST);1567341444000
1380556832687962;47.6;32;Sun Sep 01 2019 14:39:17 GMT+0200 (CEST);Sun Sep 01 2019 12:39:17 GMT+0200 (CEST);1567341557000
1380556832687962;47.6;31.4;Sun Sep 01 2019 14:41:10 GMT+0200 (CEST);Sun Sep 01 2019 12:41:10 GMT+0200 (CEST);1567341670000
1380556832687962;45.6;31.4;Sun Sep 01 2019 14:43:04 GMT+0200 (CEST);Sun Sep 01 2019 12:43:04 GMT+0200 (CEST);1567341784000
1380556832687962;45.6;31.4;Sun Sep 01 2019 14:44:57 GMT+0200 (CEST);Sun Sep 01 2019 12:44:57 GMT+0200 (CEST);1567341897000
1380556832687962;45.6;31.4;Sun Sep 01 2019 14:46:50 GMT+0200 (CEST);Sun Sep 01 2019 12:46:50 GMT+0200 (CEST);1567342010000
1380556832687962;45.6;31.6;Sun Sep 01 2019 14:48:43 GMT+0200 (CEST);Sun Sep 01 2019 12:48:43 GMT+0200 (CEST);1567342123000
1380556832687962;45.6;31.9;Sun Sep 01 2019 14:50:36 GMT+0200 (CEST);Sun Sep 01 2019 12:50:36 GMT+0200 (CEST);1567342236000
1380556832687962;45.6;32.1;Sun Sep 01 2019 14:52:29 GMT+0200 (CEST);Sun Sep 01 2019 12:52:29 GMT+0200 (CEST);1567342349000
1380556832687962;45.6;31.8;Sun Sep 01 2019 14:54:22 GMT+0200 (CEST);Sun Sep 01 2019 12:54:22 GMT+0200 (CEST);1567342462000
1380556832687962;45.6;32.7;Sun Sep 01 2019 14:56:16 GMT+0200 (CEST);Sun Sep 01 2019 12:56:16 GMT+0200 (CEST);1567342576000
1380556832687962;43.6;32.1;Sun Sep 01 2019 14:58:09 GMT+0200 (CEST);Sun Sep 01 2019 12:58:09 GMT+0200 (CEST);1567342689000
1380556832687962;43.6;32.7;Sun Sep 01 2019 15:00:02 GMT+0200 (CEST);Sun Sep 01 2019 13:00:02 GMT+0200 (CEST);1567342802000
1380556832687962;43.6;32.7;Sun Sep 01 2019 15:01:55 GMT+0200 (CEST);Sun Sep 01 2019 13:01:55 GMT+0200 (CEST);1567342915000
1380556832687962;43.6;31.9;Sun Sep 01 2019 15:04:05 GMT+0200 (CEST);Sun Sep 01 2019 13:04:05 GMT+0200 (CEST);1567343045000
1380556832687962;43.6;31.3;Sun Sep 01 2019 15:05:59 GMT+0200 (CEST);Sun Sep 01 2019 13:05:59 GMT+0200 (CEST);1567343159000
1380556832687962;43.6;31.3;Sun Sep 01 2019 15:07:54 GMT+0200 (CEST);Sun Sep 01 2019 13:07:54 GMT+0200 (CEST);1567343274000
1380556832687962;43.6;31.4;Sun Sep 01 2019 15:09:47 GMT+0200 (CEST);Sun Sep 01 2019 13:09:47 GMT+0200 (CEST);1567343387000
1380556832687962;43.6;31.4;Sun Sep 01 2019 15:11:41 GMT+0200 (CEST);Sun Sep 01 2019 13:11:41 GMT+0200 (CEST);1567343501000
1380556832687962;43.6;32.2;Sun Sep 01 2019 15:13:33 GMT+0200 (CEST);Sun Sep 01 2019 13:13:33 GMT+0200 (CEST);1567343613000
1380556832687962;43.6;32.7;Sun Sep 01 2019 15:15:32 GMT+0200 (CEST);Sun Sep 01 2019 13:15:32 GMT+0200 (CEST);1567343732000
1380556832687962;38.6;32.7;Sun Sep 01 2019 15:17:26 GMT+0200 (CEST);Sun Sep 01 2019 13:17:26 GMT+0200 (CEST);1567343846000
1380556832687962;38.6;32.9;Sun Sep 01 2019 15:19:19 GMT+0200 (CEST);Sun Sep 01 2019 13:19:19 GMT+0200 (CEST);1567343959000
1380556832687962;38.6;32.9;Sun Sep 01 2019 15:21:12 GMT+0200 (CEST);Sun Sep 01 2019 13:21:12 GMT+0200 (CEST);1567344072000
1380556832687962;38.6;32.7;Sun Sep 01 2019 15:23:08 GMT+0200 (CEST);Sun Sep 01 2019 13:23:08 GMT+0200 (CEST);1567344188000
1380556832687962;38.6;32.7;Sun Sep 01 2019 15:25:18 GMT+0200 (CEST);Sun Sep 01 2019 13:25:18 GMT+0200 (CEST);1567344318000
1380556832687962;37.6;32.8;Sun Sep 01 2019 15:27:13 GMT+0200 (CEST);Sun Sep 01 2019 13:27:13 GMT+0200 (CEST);1567344433000
1380556832687962;37.6;32.7;Sun Sep 01 2019 15:29:05 GMT+0200 (CEST);Sun Sep 01 2019 13:29:05 GMT+0200 (CEST);1567344545000
1380556832687962;36.1;32.7;Sun Sep 01 2019 15:30:58 GMT+0200 (CEST);Sun Sep 01 2019 13:30:58 GMT+0200 (CEST);1567344658000
1380556832687962;36.1;32.7;Sun Sep 01 2019 15:32:51 GMT+0200 (CEST);Sun Sep 01 2019 13:32:51 GMT+0200 (CEST);1567344771000
1380556832687962;36.1;32.7;Sun Sep 01 2019 15:34:46 GMT+0200 (CEST);Sun Sep 01 2019 13:34:46 GMT+0200 (CEST);1567344886000
1380556832687962;36.1;32.7;Sun Sep 01 2019 15:36:40 GMT+0200 (CEST);Sun Sep 01 2019 13:36:40 GMT+0200 (CEST);1567345000000
1380556832687962;36.1;32.7;Sun Sep 01 2019 15:38:37 GMT+0200 (CEST);Sun Sep 01 2019 13:38:37 GMT+0200 (CEST);1567345117000
1380556832687962;36.1;32.8;Sun Sep 01 2019 15:40:32 GMT+0200 (CEST);Sun Sep 01 2019 13:40:32 GMT+0200 (CEST);1567345232000
1380556832687962;35.6;32.8;Sun Sep 01 2019 15:42:25 GMT+0200 (CEST);Sun Sep 01 2019 13:42:25 GMT+0200 (CEST);1567345345000
1380556832687962;35.6;32.7;Sun Sep 01 2019 15:44:22 GMT+0200 (CEST);Sun Sep 01 2019 13:44:22 GMT+0200 (CEST);1567345462000
1380556832687962;34;32.9;Sun Sep 01 2019 15:46:20 GMT+0200 (CEST);Sun Sep 01 2019 13:46:20 GMT+0200 (CEST);1567345580000
1380556832687962;34;32.9;Sun Sep 01 2019 15:48:14 GMT+0200 (CEST);Sun Sep 01 2019 13:48:14 GMT+0200 (CEST);1567345694000
1380556832687962;34;32.9;Sun Sep 01 2019 15:50:14 GMT+0200 (CEST);Sun Sep 01 2019 13:50:14 GMT+0200 (CEST);1567345814000
1380556832687962;34;32.9;Sun Sep 01 2019 15:52:08 GMT+0200 (CEST);Sun Sep 01 2019 13:52:08 GMT+0200 (CEST);1567345928000
1380556832687962;34;32.9;Sun Sep 01 2019 15:54:03 GMT+0200 (CEST);Sun Sep 01 2019 13:54:03 GMT+0200 (CEST);1567346043000
1380556832687962;33.5;32.9;Sun Sep 01 2019 15:56:04 GMT+0200 (CEST);Sun Sep 01 2019 13:56:04 GMT+0200 (CEST);1567346164000
1380556832687962;33.5;33.2;Sun Sep 01 2019 15:57:57 GMT+0200 (CEST);Sun Sep 01 2019 13:57:57 GMT+0200 (CEST);1567346277000
1380556832687962;33.5;33.2;Sun Sep 01 2019 15:59:50 GMT+0200 (CEST);Sun Sep 01 2019 13:59:50 GMT+0200 (CEST);1567346390000
1380556832687962;34;33.1;Sun Sep 01 2019 16:01:45 GMT+0200 (CEST);Sun Sep 01 2019 14:01:45 GMT+0200 (CEST);1567346505000
1380556832687962;34;33;Sun Sep 01 2019 16:03:42 GMT+0200 (CEST);Sun Sep 01 2019 14:03:42 GMT+0200 (CEST);1567346622000
1380556832687962;34;33;Sun Sep 01 2019 16:05:35 GMT+0200 (CEST);Sun Sep 01 2019 14:05:35 GMT+0200 (CEST);1567346735000
1380556832687962;34;33;Sun Sep 01 2019 16:07:38 GMT+0200 (CEST);Sun Sep 01 2019 14:07:38 GMT+0200 (CEST);1567346858000
1380556832687962;34;32.9;Sun Sep 01 2019 16:09:31 GMT+0200 (CEST);Sun Sep 01 2019 14:09:31 GMT+0200 (CEST);1567346971000
1380556832687962;34;33;Sun Sep 01 2019 16:11:26 GMT+0200 (CEST);Sun Sep 01 2019 14:11:26 GMT+0200 (CEST);1567347086000
1380556832687962;34;33;Sun Sep 01 2019 16:13:20 GMT+0200 (CEST);Sun Sep 01 2019 14:13:20 GMT+0200 (CEST);1567347200000
1380556832687962;34;33.3;Sun Sep 01 2019 16:15:13 GMT+0200 (CEST);Sun Sep 01 2019 14:15:13 GMT+0200 (CEST);1567347313000
1380556832687962;34;33;Sun Sep 01 2019 16:17:08 GMT+0200 (CEST);Sun Sep 01 2019 14:17:08 GMT+0200 (CEST);1567347428000
1380556832687962;34;33.2;Sun Sep 01 2019 16:19:01 GMT+0200 (CEST);Sun Sep 01 2019 14:19:01 GMT+0200 (CEST);1567347541000
1380556832687962;35.6;33.1;Sun Sep 01 2019 16:20:53 GMT+0200 (CEST);Sun Sep 01 2019 14:20:53 GMT+0200 (CEST);1567347653000
1380556832687962;35.6;33.1;Sun Sep 01 2019 16:22:46 GMT+0200 (CEST);Sun Sep 01 2019 14:22:46 GMT+0200 (CEST);1567347766000
1380556832687962;35.6;32.9;Sun Sep 01 2019 16:24:45 GMT+0200 (CEST);Sun Sep 01 2019 14:24:45 GMT+0200 (CEST);1567347885000
1380556832687962;35.6;32.7;Sun Sep 01 2019 16:26:38 GMT+0200 (CEST);Sun Sep 01 2019 14:26:38 GMT+0200 (CEST);1567347998000
1380556832687962;35.6;32.6;Sun Sep 01 2019 16:28:35 GMT+0200 (CEST);Sun Sep 01 2019 14:28:35 GMT+0200 (CEST);1567348115000
1380556832687962;35.6;32.6;Sun Sep 01 2019 16:30:28 GMT+0200 (CEST);Sun Sep 01 2019 14:30:28 GMT+0200 (CEST);1567348228000
1380556832687962;35.6;32.5;Sun Sep 01 2019 16:32:20 GMT+0200 (CEST);Sun Sep 01 2019 14:32:20 GMT+0200 (CEST);1567348340000
1380556832687962;35.6;32.5;Sun Sep 01 2019 16:34:13 GMT+0200 (CEST);Sun Sep 01 2019 14:34:13 GMT+0200 (CEST);1567348453000
1380556832687962;35.6;32.7;Sun Sep 01 2019 16:36:24 GMT+0200 (CEST);Sun Sep 01 2019 14:36:24 GMT+0200 (CEST);1567348584000
1380556832687962;35.6;32.7;Sun Sep 01 2019 16:38:17 GMT+0200 (CEST);Sun Sep 01 2019 14:38:17 GMT+0200 (CEST);1567348697000
1380556832687962;33.5;32.7;Sun Sep 01 2019 16:40:10 GMT+0200 (CEST);Sun Sep 01 2019 14:40:10 GMT+0200 (CEST);1567348810000
1380556832687962;33.5;32.6;Sun Sep 01 2019 16:42:03 GMT+0200 (CEST);Sun Sep 01 2019 14:42:03 GMT+0200 (CEST);1567348923000
1380556832687962;33.5;32.2;Sun Sep 01 2019 16:43:56 GMT+0200 (CEST);Sun Sep 01 2019 14:43:56 GMT+0200 (CEST);1567349036000
1380556832687962;33.5;32.3;Sun Sep 01 2019 16:45:50 GMT+0200 (CEST);Sun Sep 01 2019 14:45:50 GMT+0200 (CEST);1567349150000
1380556832687962;33.5;32;Sun Sep 01 2019 16:47:45 GMT+0200 (CEST);Sun Sep 01 2019 14:47:45 GMT+0200 (CEST);1567349265000
1380556832687962;33.5;32.3;Sun Sep 01 2019 16:49:54 GMT+0200 (CEST);Sun Sep 01 2019 14:49:54 GMT+0200 (CEST);1567349394000
1380556832687962;33.5;32.3;Sun Sep 01 2019 16:51:47 GMT+0200 (CEST);Sun Sep 01 2019 14:51:47 GMT+0200 (CEST);1567349507000
1380556832687962;33.5;32.8;Sun Sep 01 2019 16:53:47 GMT+0200 (CEST);Sun Sep 01 2019 14:53:47 GMT+0200 (CEST);1567349627000
1380556832687962;33.5;33.1;Sun Sep 01 2019 16:55:40 GMT+0200 (CEST);Sun Sep 01 2019 14:55:40 GMT+0200 (CEST);1567349740000
1380556832687962;33.5;33;Sun Sep 01 2019 16:57:33 GMT+0200 (CEST);Sun Sep 01 2019 14:57:33 GMT+0200 (CEST);1567349853000
1380556832687962;33.5;32.9;Sun Sep 01 2019 16:59:26 GMT+0200 (CEST);Sun Sep 01 2019 14:59:26 GMT+0200 (CEST);1567349966000
1380556832687962;33.5;32.8;Sun Sep 01 2019 17:01:29 GMT+0200 (CEST);Sun Sep 01 2019 15:01:29 GMT+0200 (CEST);1567350089000
1380556832687962;33.5;32.6;Sun Sep 01 2019 17:03:22 GMT+0200 (CEST);Sun Sep 01 2019 15:03:22 GMT+0200 (CEST);1567350202000
1380556832687962;33.5;32.5;Sun Sep 01 2019 17:05:14 GMT+0200 (CEST);Sun Sep 01 2019 15:05:14 GMT+0200 (CEST);1567350314000
1380556832687962;33.5;32.3;Sun Sep 01 2019 17:07:07 GMT+0200 (CEST);Sun Sep 01 2019 15:07:07 GMT+0200 (CEST);1567350427000
1380556832687962;31.5;32.3;Sun Sep 01 2019 17:08:54 GMT+0200 (CEST);Sun Sep 01 2019 15:08:54 GMT+0200 (CEST);1567350534000
1380556832687962;31.5;32.5;Sun Sep 01 2019 17:10:59 GMT+0200 (CEST);Sun Sep 01 2019 15:10:59 GMT+0200 (CEST);1567350659000
1380556832687962;31;32.5;Sun Sep 01 2019 17:12:52 GMT+0200 (CEST);Sun Sep 01 2019 15:12:52 GMT+0200 (CEST);1567350772000
1380556832687962;31;32.6;Sun Sep 01 2019 17:14:45 GMT+0200 (CEST);Sun Sep 01 2019 15:14:45 GMT+0200 (CEST);1567350885000
1380556832687962;31;32.4;Sun Sep 01 2019 17:16:39 GMT+0200 (CEST);Sun Sep 01 2019 15:16:39 GMT+0200 (CEST);1567350999000
1380556832687962;30;32.5;Sun Sep 01 2019 17:18:32 GMT+0200 (CEST);Sun Sep 01 2019 15:18:32 GMT+0200 (CEST);1567351112000
1380556832687962;30;32.5;Sun Sep 01 2019 17:20:27 GMT+0200 (CEST);Sun Sep 01 2019 15:20:27 GMT+0200 (CEST);1567351227000
1380556832687962;30;32.5;Sun Sep 01 2019 17:22:21 GMT+0200 (CEST);Sun Sep 01 2019 15:22:21 GMT+0200 (CEST);1567351341000
1380556832687962;30;32.3;Sun Sep 01 2019 17:24:14 GMT+0200 (CEST);Sun Sep 01 2019 15:24:14 GMT+0200 (CEST);1567351454000
1380556832687962;30;31.6;Sun Sep 01 2019 17:26:07 GMT+0200 (CEST);Sun Sep 01 2019 15:26:07 GMT+0200 (CEST);1567351567000
1380556832687962;30;31.6;Sun Sep 01 2019 17:28:02 GMT+0200 (CEST);Sun Sep 01 2019 15:28:02 GMT+0200 (CEST);1567351682000
1380556832687962;30;31.5;Sun Sep 01 2019 17:29:55 GMT+0200 (CEST);Sun Sep 01 2019 15:29:55 GMT+0200 (CEST);1567351795000
1380556832687962;30;31.9;Sun Sep 01 2019 17:31:48 GMT+0200 (CEST);Sun Sep 01 2019 15:31:48 GMT+0200 (CEST);1567351908000
1380556832687962;30;32;Sun Sep 01 2019 17:33:43 GMT+0200 (CEST);Sun Sep 01 2019 15:33:43 GMT+0200 (CEST);1567352023000
1380556832687962;30;31.9;Sun Sep 01 2019 17:35:36 GMT+0200 (CEST);Sun Sep 01 2019 15:35:36 GMT+0200 (CEST);1567352136000
1380556832687962;30;32;Sun Sep 01 2019 17:37:28 GMT+0200 (CEST);Sun Sep 01 2019 15:37:28 GMT+0200 (CEST);1567352248000
1380556832687962;30;32.2;Sun Sep 01 2019 17:39:44 GMT+0200 (CEST);Sun Sep 01 2019 15:39:44 GMT+0200 (CEST);1567352384000
1380556832687962;30;32.2;Sun Sep 01 2019 17:41:37 GMT+0200 (CEST);Sun Sep 01 2019 15:41:37 GMT+0200 (CEST);1567352497000
1380556832687962;30;32.2;Sun Sep 01 2019 17:43:30 GMT+0200 (CEST);Sun Sep 01 2019 15:43:30 GMT+0200 (CEST);1567352610000
1380556832687962;30;31.8;Sun Sep 01 2019 17:45:23 GMT+0200 (CEST);Sun Sep 01 2019 15:45:23 GMT+0200 (CEST);1567352723000
1380556832687962;29.5;32;Sun Sep 01 2019 17:47:15 GMT+0200 (CEST);Sun Sep 01 2019 15:47:15 GMT+0200 (CEST);1567352835000
1380556832687962;29.5;32.1;Sun Sep 01 2019 17:49:08 GMT+0200 (CEST);Sun Sep 01 2019 15:49:08 GMT+0200 (CEST);1567352948000
1380556832687962;29.5;32.1;Sun Sep 01 2019 17:51:05 GMT+0200 (CEST);Sun Sep 01 2019 15:51:05 GMT+0200 (CEST);1567353065000
1380556832687962;29.5;32.1;Sun Sep 01 2019 17:52:57 GMT+0200 (CEST);Sun Sep 01 2019 15:52:57 GMT+0200 (CEST);1567353177000
1380556832687962;29.5;32.1;Sun Sep 01 2019 17:54:50 GMT+0200 (CEST);Sun Sep 01 2019 15:54:50 GMT+0200 (CEST);1567353290000
1380556832687962;29.5;32;Sun Sep 01 2019 17:56:43 GMT+0200 (CEST);Sun Sep 01 2019 15:56:43 GMT+0200 (CEST);1567353403000
1380556832687962;29.5;32;Sun Sep 01 2019 17:58:35 GMT+0200 (CEST);Sun Sep 01 2019 15:58:35 GMT+0200 (CEST);1567353515000
1380556832687962;29.5;31.6;Sun Sep 01 2019 18:00:43 GMT+0200 (CEST);Sun Sep 01 2019 16:00:43 GMT+0200 (CEST);1567353643000
1380556832687962;29.5;31.4;Sun Sep 01 2019 18:02:35 GMT+0200 (CEST);Sun Sep 01 2019 16:02:35 GMT+0200 (CEST);1567353755000
1380556832687962;29.5;31.4;Sun Sep 01 2019 18:04:28 GMT+0200 (CEST);Sun Sep 01 2019 16:04:28 GMT+0200 (CEST);1567353868000
1380556832687962;29.5;31.4;Sun Sep 01 2019 18:06:27 GMT+0200 (CEST);Sun Sep 01 2019 16:06:27 GMT+0200 (CEST);1567353987000
1380556832687962;29.5;31.2;Sun Sep 01 2019 18:08:32 GMT+0200 (CEST);Sun Sep 01 2019 16:08:32 GMT+0200 (CEST);1567354112000
1380556832687962;29.5;31;Sun Sep 01 2019 18:10:27 GMT+0200 (CEST);Sun Sep 01 2019 16:10:27 GMT+0200 (CEST);1567354227000
1380556832687962;29.5;30.9;Sun Sep 01 2019 18:12:22 GMT+0200 (CEST);Sun Sep 01 2019 16:12:22 GMT+0200 (CEST);1567354342000
1380556832687962;29.5;31;Sun Sep 01 2019 18:14:14 GMT+0200 (CEST);Sun Sep 01 2019 16:14:14 GMT+0200 (CEST);1567354454000
1380556832687962;29.5;31.1;Sun Sep 01 2019 18:16:11 GMT+0200 (CEST);Sun Sep 01 2019 16:16:11 GMT+0200 (CEST);1567354571000
1380556832687962;29.5;31;Sun Sep 01 2019 18:18:08 GMT+0200 (CEST);Sun Sep 01 2019 16:18:08 GMT+0200 (CEST);1567354688000
1380556832687962;29.5;31;Sun Sep 01 2019 18:20:00 GMT+0200 (CEST);Sun Sep 01 2019 16:20:00 GMT+0200 (CEST);1567354800000
1380556832687962;29.5;30.7;Sun Sep 01 2019 18:22:02 GMT+0200 (CEST);Sun Sep 01 2019 16:22:02 GMT+0200 (CEST);1567354922000
1380556832687962;29.5;30.6;Sun Sep 01 2019 18:23:56 GMT+0200 (CEST);Sun Sep 01 2019 16:23:56 GMT+0200 (CEST);1567355036000
1380556832687962;29.5;30.8;Sun Sep 01 2019 18:25:52 GMT+0200 (CEST);Sun Sep 01 2019 16:25:52 GMT+0200 (CEST);1567355152000
1380556832687962;29.5;30.2;Sun Sep 01 2019 18:27:51 GMT+0200 (CEST);Sun Sep 01 2019 16:27:51 GMT+0200 (CEST);1567355271000
1380556832687962;29.5;30.9;Sun Sep 01 2019 18:29:44 GMT+0200 (CEST);Sun Sep 01 2019 16:29:44 GMT+0200 (CEST);1567355384000
1380556832687962;28;30.5;Sun Sep 01 2019 18:31:37 GMT+0200 (CEST);Sun Sep 01 2019 16:31:37 GMT+0200 (CEST);1567355497000
1380556832687962;28;30.9;Sun Sep 01 2019 18:33:35 GMT+0200 (CEST);Sun Sep 01 2019 16:33:35 GMT+0200 (CEST);1567355615000
1380556832687962;28;30.9;Sun Sep 01 2019 18:35:27 GMT+0200 (CEST);Sun Sep 01 2019 16:35:27 GMT+0200 (CEST);1567355727000
1380556832687962;28;31;Sun Sep 01 2019 18:37:20 GMT+0200 (CEST);Sun Sep 01 2019 16:37:20 GMT+0200 (CEST);1567355840000
1380556832687962;28;31;Sun Sep 01 2019 18:39:13 GMT+0200 (CEST);Sun Sep 01 2019 16:39:13 GMT+0200 (CEST);1567355953000
1380556832687962;28;30.9;Sun Sep 01 2019 18:41:06 GMT+0200 (CEST);Sun Sep 01 2019 16:41:06 GMT+0200 (CEST);1567356066000
1380556832687962;28;30.9;Sun Sep 01 2019 18:43:06 GMT+0200 (CEST);Sun Sep 01 2019 16:43:06 GMT+0200 (CEST);1567356186000
1380556832687962;28;30.8;Sun Sep 01 2019 18:44:59 GMT+0200 (CEST);Sun Sep 01 2019 16:44:59 GMT+0200 (CEST);1567356299000
1380556832687962;28;30.8;Sun Sep 01 2019 18:46:53 GMT+0200 (CEST);Sun Sep 01 2019 16:46:53 GMT+0200 (CEST);1567356413000
1380556832687962;28;31;Sun Sep 01 2019 18:48:47 GMT+0200 (CEST);Sun Sep 01 2019 16:48:47 GMT+0200 (CEST);1567356527000
1380556832687962;28;31;Sun Sep 01 2019 18:50:42 GMT+0200 (CEST);Sun Sep 01 2019 16:50:42 GMT+0200 (CEST);1567356642000
1380556832687962;28;31;Sun Sep 01 2019 18:52:35 GMT+0200 (CEST);Sun Sep 01 2019 16:52:35 GMT+0200 (CEST);1567356755000
1380556832687962;28;31;Sun Sep 01 2019 18:54:35 GMT+0200 (CEST);Sun Sep 01 2019 16:54:35 GMT+0200 (CEST);1567356875000
1380556832687962;28;31;Sun Sep 01 2019 18:56:28 GMT+0200 (CEST);Sun Sep 01 2019 16:56:28 GMT+0200 (CEST);1567356988000
1380556832687962;28;30.9;Sun Sep 01 2019 18:58:24 GMT+0200 (CEST);Sun Sep 01 2019 16:58:24 GMT+0200 (CEST);1567357104000
1380556832687962;28;31;Sun Sep 01 2019 19:00:17 GMT+0200 (CEST);Sun Sep 01 2019 17:00:17 GMT+0200 (CEST);1567357217000
1380556832687962;28;31.1;Sun Sep 01 2019 19:02:10 GMT+0200 (CEST);Sun Sep 01 2019 17:02:10 GMT+0200 (CEST);1567357330000
1380556832687962;28;31;Sun Sep 01 2019 19:04:20 GMT+0200 (CEST);Sun Sep 01 2019 17:04:20 GMT+0200 (CEST);1567357460000
1380556832687962;28;30.9;Sun Sep 01 2019 19:06:13 GMT+0200 (CEST);Sun Sep 01 2019 17:06:13 GMT+0200 (CEST);1567357573000
1380556832687962;28;30.9;Sun Sep 01 2019 19:08:18 GMT+0200 (CEST);Sun Sep 01 2019 17:08:18 GMT+0200 (CEST);1567357698000
1380556832687962;28;30.9;Sun Sep 01 2019 19:10:12 GMT+0200 (CEST);Sun Sep 01 2019 17:10:12 GMT+0200 (CEST);1567357812000
1380556832687962;28;30.7;Sun Sep 01 2019 19:12:05 GMT+0200 (CEST);Sun Sep 01 2019 17:12:05 GMT+0200 (CEST);1567357925000
1380556832687962;28;30.8;Sun Sep 01 2019 19:14:00 GMT+0200 (CEST);Sun Sep 01 2019 17:14:00 GMT+0200 (CEST);1567358040000
1380556832687962;28;29.9;Sun Sep 01 2019 19:15:53 GMT+0200 (CEST);Sun Sep 01 2019 17:15:53 GMT+0200 (CEST);1567358153000
1380556832687962;27.5;30.6;Sun Sep 01 2019 19:17:50 GMT+0200 (CEST);Sun Sep 01 2019 17:17:50 GMT+0200 (CEST);1567358270000
1380556832687962;27.5;30.8;Sun Sep 01 2019 19:19:44 GMT+0200 (CEST);Sun Sep 01 2019 17:19:44 GMT+0200 (CEST);1567358384000
1380556832687962;27.5;30.7;Sun Sep 01 2019 19:21:37 GMT+0200 (CEST);Sun Sep 01 2019 17:21:37 GMT+0200 (CEST);1567358497000
1380556832687962;27.5;29.8;Sun Sep 01 2019 19:23:29 GMT+0200 (CEST);Sun Sep 01 2019 17:23:29 GMT+0200 (CEST);1567358609000
1380556832687962;27.5;29.5;Sun Sep 01 2019 19:25:29 GMT+0200 (CEST);Sun Sep 01 2019 17:25:29 GMT+0200 (CEST);1567358729000
1380556832687962;27.5;29.5;Sun Sep 01 2019 19:27:22 GMT+0200 (CEST);Sun Sep 01 2019 17:27:22 GMT+0200 (CEST);1567358842000
1380556832687962;27.5;29.2;Sun Sep 01 2019 19:29:18 GMT+0200 (CEST);Sun Sep 01 2019 17:29:18 GMT+0200 (CEST);1567358958000
1380556832687962;27.5;28.5;Sun Sep 01 2019 19:31:11 GMT+0200 (CEST);Sun Sep 01 2019 17:31:11 GMT+0200 (CEST);1567359071000
1380556832687962;27.5;27.5;Sun Sep 01 2019 19:33:05 GMT+0200 (CEST);Sun Sep 01 2019 17:33:05 GMT+0200 (CEST);1567359185000
1380556832687962;27.5;28.1;Sun Sep 01 2019 19:34:59 GMT+0200 (CEST);Sun Sep 01 2019 17:34:59 GMT+0200 (CEST);1567359299000
1380556832687962;25.5;29.1;Sun Sep 01 2019 19:36:52 GMT+0200 (CEST);Sun Sep 01 2019 17:36:52 GMT+0200 (CEST);1567359412000
1380556832687962;25.5;28.7;Sun Sep 01 2019 19:38:44 GMT+0200 (CEST);Sun Sep 01 2019 17:38:44 GMT+0200 (CEST);1567359524000
1380556832687962;25.5;28.4;Sun Sep 01 2019 19:40:38 GMT+0200 (CEST);Sun Sep 01 2019 17:40:38 GMT+0200 (CEST);1567359638000
1380556832687962;25.5;28.9;Sun Sep 01 2019 19:42:32 GMT+0200 (CEST);Sun Sep 01 2019 17:42:32 GMT+0200 (CEST);1567359752000
1380556832687962;25.5;27.4;Sun Sep 01 2019 19:44:24 GMT+0200 (CEST);Sun Sep 01 2019 17:44:24 GMT+0200 (CEST);1567359864000
1380556832687962;25.5;27.7;Sun Sep 01 2019 19:46:17 GMT+0200 (CEST);Sun Sep 01 2019 17:46:17 GMT+0200 (CEST);1567359977000
1380556832687962;25.5;27.3;Sun Sep 01 2019 19:48:14 GMT+0200 (CEST);Sun Sep 01 2019 17:48:14 GMT+0200 (CEST);1567360094000
1380556832687962;25.5;27.4;Sun Sep 01 2019 19:50:07 GMT+0200 (CEST);Sun Sep 01 2019 17:50:07 GMT+0200 (CEST);1567360207000
1380556832687962;25.5;28.5;Sun Sep 01 2019 19:52:03 GMT+0200 (CEST);Sun Sep 01 2019 17:52:03 GMT+0200 (CEST);1567360323000
1380556832687962;25.5;28.5;Sun Sep 01 2019 19:53:55 GMT+0200 (CEST);Sun Sep 01 2019 17:53:55 GMT+0200 (CEST);1567360435000
1380556832687962;25.5;23.3;Sun Sep 01 2019 19:55:52 GMT+0200 (CEST);Sun Sep 01 2019 17:55:52 GMT+0200 (CEST);1567360552000
1380556832687962;25.5;21.7;Sun Sep 01 2019 19:57:50 GMT+0200 (CEST);Sun Sep 01 2019 17:57:50 GMT+0200 (CEST);1567360670000
1380556832687962;25.5;21.7;Sun Sep 01 2019 19:59:44 GMT+0200 (CEST);Sun Sep 01 2019 17:59:44 GMT+0200 (CEST);1567360784000
1380556832687962;25.5;21.7;Sun Sep 01 2019 20:01:30 GMT+0200 (CEST);Sun Sep 01 2019 18:01:30 GMT+0200 (CEST);1567360890000
1380556832687962;13.4;28.6;Mon Sep 02 2019 06:54:44 GMT+0200 (CEST);Mon Sep 02 2019 04:54:44 GMT+0200 (CEST);1567400084000
1380556832687962;13.4;27.9;Mon Sep 02 2019 06:56:40 GMT+0200 (CEST);Mon Sep 02 2019 04:56:40 GMT+0200 (CEST);1567400200000
1380556832687962;13.9;28;Mon Sep 02 2019 06:58:36 GMT+0200 (CEST);Mon Sep 02 2019 04:58:36 GMT+0200 (CEST);1567400316000
1380556832687962;13.9;27.4;Mon Sep 02 2019 07:00:29 GMT+0200 (CEST);Mon Sep 02 2019 05:00:29 GMT+0200 (CEST);1567400429000
1380556832687962;15.4;28.3;Mon Sep 02 2019 07:02:23 GMT+0200 (CEST);Mon Sep 02 2019 05:02:23 GMT+0200 (CEST);1567400543000
1380556832687962;15.4;27.6;Mon Sep 02 2019 07:04:16 GMT+0200 (CEST);Mon Sep 02 2019 05:04:16 GMT+0200 (CEST);1567400656000
1380556832687962;15.4;27.7;Mon Sep 02 2019 07:06:08 GMT+0200 (CEST);Mon Sep 02 2019 05:06:08 GMT+0200 (CEST);1567400768000
1380556832687962;15.4;27.9;Mon Sep 02 2019 07:08:01 GMT+0200 (CEST);Mon Sep 02 2019 05:08:01 GMT+0200 (CEST);1567400881000
1380556832687962;15.4;29.1;Mon Sep 02 2019 07:09:54 GMT+0200 (CEST);Mon Sep 02 2019 05:09:54 GMT+0200 (CEST);1567400994000
1380556832687962;15.9;31;Mon Sep 02 2019 07:11:46 GMT+0200 (CEST);Mon Sep 02 2019 05:11:46 GMT+0200 (CEST);1567401106000
1380556832687962;15.9;31.3;Mon Sep 02 2019 07:13:40 GMT+0200 (CEST);Mon Sep 02 2019 05:13:40 GMT+0200 (CEST);1567401220000
1380556832687962;17.4;31.4;Mon Sep 02 2019 07:15:33 GMT+0200 (CEST);Mon Sep 02 2019 05:15:33 GMT+0200 (CEST);1567401333000
1380556832687962;17.4;32.3;Mon Sep 02 2019 07:17:25 GMT+0200 (CEST);Mon Sep 02 2019 05:17:25 GMT+0200 (CEST);1567401445000
1380556832687962;17.4;32;Mon Sep 02 2019 07:19:18 GMT+0200 (CEST);Mon Sep 02 2019 05:19:18 GMT+0200 (CEST);1567401558000
1380556832687962;17.4;32.6;Mon Sep 02 2019 07:21:12 GMT+0200 (CEST);Mon Sep 02 2019 05:21:12 GMT+0200 (CEST);1567401672000
1380556832687962;17.9;33;Mon Sep 02 2019 07:23:06 GMT+0200 (CEST);Mon Sep 02 2019 05:23:06 GMT+0200 (CEST);1567401786000
1380556832687962;17.9;33;Mon Sep 02 2019 07:25:02 GMT+0200 (CEST);Mon Sep 02 2019 05:25:02 GMT+0200 (CEST);1567401902000
1380556832687962;19.4;32.8;Mon Sep 02 2019 07:26:57 GMT+0200 (CEST);Mon Sep 02 2019 05:26:57 GMT+0200 (CEST);1567402017000
1380556832687962;19.4;32.6;Mon Sep 02 2019 07:28:51 GMT+0200 (CEST);Mon Sep 02 2019 05:28:51 GMT+0200 (CEST);1567402131000
1380556832687962;19.4;33;Mon Sep 02 2019 07:30:47 GMT+0200 (CEST);Mon Sep 02 2019 05:30:47 GMT+0200 (CEST);1567402247000
1380556832687962;19.4;33.2;Mon Sep 02 2019 07:32:40 GMT+0200 (CEST);Mon Sep 02 2019 05:32:40 GMT+0200 (CEST);1567402360000
1380556832687962;19.4;33;Mon Sep 02 2019 07:34:33 GMT+0200 (CEST);Mon Sep 02 2019 05:34:33 GMT+0200 (CEST);1567402473000
1380556832687962;19.4;32.8;Mon Sep 02 2019 07:36:27 GMT+0200 (CEST);Mon Sep 02 2019 05:36:27 GMT+0200 (CEST);1567402587000
1380556832687962;19.4;32.9;Mon Sep 02 2019 07:38:37 GMT+0200 (CEST);Mon Sep 02 2019 05:38:37 GMT+0200 (CEST);1567402717000
1380556832687962;19.4;32.9;Mon Sep 02 2019 07:40:31 GMT+0200 (CEST);Mon Sep 02 2019 05:40:31 GMT+0200 (CEST);1567402831000
1380556832687962;19.4;33;Mon Sep 02 2019 07:42:23 GMT+0200 (CEST);Mon Sep 02 2019 05:42:23 GMT+0200 (CEST);1567402943000
1380556832687962;19.4;33.1;Mon Sep 02 2019 07:44:16 GMT+0200 (CEST);Mon Sep 02 2019 05:44:16 GMT+0200 (CEST);1567403056000
1380556832687962;19.4;33.5;Mon Sep 02 2019 07:46:09 GMT+0200 (CEST);Mon Sep 02 2019 05:46:09 GMT+0200 (CEST);1567403169000
1380556832687962;19.4;33.3;Mon Sep 02 2019 07:48:02 GMT+0200 (CEST);Mon Sep 02 2019 05:48:02 GMT+0200 (CEST);1567403282000
1380556832687962;19.4;33.5;Mon Sep 02 2019 07:49:56 GMT+0200 (CEST);Mon Sep 02 2019 05:49:56 GMT+0200 (CEST);1567403396000
1380556832687962;19.4;33.9;Mon Sep 02 2019 07:51:49 GMT+0200 (CEST);Mon Sep 02 2019 05:51:49 GMT+0200 (CEST);1567403509000
1380556832687962;19.4;34.2;Mon Sep 02 2019 07:53:43 GMT+0200 (CEST);Mon Sep 02 2019 05:53:43 GMT+0200 (CEST);1567403623000
1380556832687962;19.4;34.2;Mon Sep 02 2019 07:55:36 GMT+0200 (CEST);Mon Sep 02 2019 05:55:36 GMT+0200 (CEST);1567403736000
1380556832687962;19.4;34.6;Mon Sep 02 2019 07:57:29 GMT+0200 (CEST);Mon Sep 02 2019 05:57:29 GMT+0200 (CEST);1567403849000
1380556832687962;19.4;34.6;Mon Sep 02 2019 07:59:22 GMT+0200 (CEST);Mon Sep 02 2019 05:59:22 GMT+0200 (CEST);1567403962000
1380556832687962;19.9;34.4;Mon Sep 02 2019 08:01:18 GMT+0200 (CEST);Mon Sep 02 2019 06:01:18 GMT+0200 (CEST);1567404078000
1380556832687962;19.9;34.4;Mon Sep 02 2019 08:03:02 GMT+0200 (CEST);Mon Sep 02 2019 06:03:02 GMT+0200 (CEST);1567404182000
1380556832687962;19.9;35;Mon Sep 02 2019 08:04:55 GMT+0200 (CEST);Mon Sep 02 2019 06:04:55 GMT+0200 (CEST);1567404295000
1380556832687962;19.9;38.4;Mon Sep 02 2019 08:06:55 GMT+0200 (CEST);Mon Sep 02 2019 06:06:55 GMT+0200 (CEST);1567404415000
1380556832687962;19.9;37.5;Mon Sep 02 2019 08:08:47 GMT+0200 (CEST);Mon Sep 02 2019 06:08:47 GMT+0200 (CEST);1567404527000
1380556832687962;22;38.3;Mon Sep 02 2019 08:10:41 GMT+0200 (CEST);Mon Sep 02 2019 06:10:41 GMT+0200 (CEST);1567404641000
1380556832687962;22;37.3;Mon Sep 02 2019 08:12:35 GMT+0200 (CEST);Mon Sep 02 2019 06:12:35 GMT+0200 (CEST);1567404755000
1380556832687962;22;37.3;Mon Sep 02 2019 08:14:27 GMT+0200 (CEST);Mon Sep 02 2019 06:14:27 GMT+0200 (CEST);1567404867000
1380556832687962;22;40.4;Mon Sep 02 2019 08:16:22 GMT+0200 (CEST);Mon Sep 02 2019 06:16:22 GMT+0200 (CEST);1567404982000
1380556832687962;22;36.8;Mon Sep 02 2019 08:18:16 GMT+0200 (CEST);Mon Sep 02 2019 06:18:16 GMT+0200 (CEST);1567405096000
1380556832687962;22;36.6;Mon Sep 02 2019 08:20:11 GMT+0200 (CEST);Mon Sep 02 2019 06:20:11 GMT+0200 (CEST);1567405211000
1380556832687962;22;36.4;Mon Sep 02 2019 08:22:04 GMT+0200 (CEST);Mon Sep 02 2019 06:22:04 GMT+0200 (CEST);1567405324000
1380556832687962;23;36.2;Mon Sep 02 2019 08:23:57 GMT+0200 (CEST);Mon Sep 02 2019 06:23:57 GMT+0200 (CEST);1567405437000
1380556832687962;23;36.3;Mon Sep 02 2019 08:25:58 GMT+0200 (CEST);Mon Sep 02 2019 06:25:58 GMT+0200 (CEST);1567405558000
1380556832687962;23;35.9;Mon Sep 02 2019 08:27:52 GMT+0200 (CEST);Mon Sep 02 2019 06:27:52 GMT+0200 (CEST);1567405672000
1380556832687962;23;35;Mon Sep 02 2019 08:29:45 GMT+0200 (CEST);Mon Sep 02 2019 06:29:45 GMT+0200 (CEST);1567405785000
1380556832687962;23;35.2;Mon Sep 02 2019 08:31:38 GMT+0200 (CEST);Mon Sep 02 2019 06:31:38 GMT+0200 (CEST);1567405898000
1380556832687962;23;36.1;Mon Sep 02 2019 08:33:35 GMT+0200 (CEST);Mon Sep 02 2019 06:33:35 GMT+0200 (CEST);1567406015000
1380556832687962;23;36;Mon Sep 02 2019 08:35:35 GMT+0200 (CEST);Mon Sep 02 2019 06:35:35 GMT+0200 (CEST);1567406135000
1380556832687962;25.5;35.9;Mon Sep 02 2019 08:37:28 GMT+0200 (CEST);Mon Sep 02 2019 06:37:28 GMT+0200 (CEST);1567406248000
1380556832687962;25.5;35.8;Mon Sep 02 2019 08:39:21 GMT+0200 (CEST);Mon Sep 02 2019 06:39:21 GMT+0200 (CEST);1567406361000
1380556832687962;25.5;35.7;Mon Sep 02 2019 08:41:20 GMT+0200 (CEST);Mon Sep 02 2019 06:41:20 GMT+0200 (CEST);1567406480000
1380556832687962;26;35.7;Mon Sep 02 2019 08:43:15 GMT+0200 (CEST);Mon Sep 02 2019 06:43:15 GMT+0200 (CEST);1567406595000
1380556832687962;26;35.6;Mon Sep 02 2019 08:45:08 GMT+0200 (CEST);Mon Sep 02 2019 06:45:08 GMT+0200 (CEST);1567406708000
1380556832687962;27.5;35.6;Mon Sep 02 2019 08:47:01 GMT+0200 (CEST);Mon Sep 02 2019 06:47:01 GMT+0200 (CEST);1567406821000
1380556832687962;27.5;35.2;Mon Sep 02 2019 08:48:59 GMT+0200 (CEST);Mon Sep 02 2019 06:48:59 GMT+0200 (CEST);1567406939000
1380556832687962;27.5;34.4;Mon Sep 02 2019 08:51:06 GMT+0200 (CEST);Mon Sep 02 2019 06:51:06 GMT+0200 (CEST);1567407066000
1380556832687962;27.5;34.4;Mon Sep 02 2019 08:52:59 GMT+0200 (CEST);Mon Sep 02 2019 06:52:59 GMT+0200 (CEST);1567407179000
1380556832687962;27.5;34.6;Mon Sep 02 2019 08:54:52 GMT+0200 (CEST);Mon Sep 02 2019 06:54:52 GMT+0200 (CEST);1567407292000
1380556832687962;27.5;35.2;Mon Sep 02 2019 08:57:00 GMT+0200 (CEST);Mon Sep 02 2019 06:57:00 GMT+0200 (CEST);1567407420000
1380556832687962;27.5;35.2;Mon Sep 02 2019 08:58:54 GMT+0200 (CEST);Mon Sep 02 2019 06:58:54 GMT+0200 (CEST);1567407534000
1380556832687962;27.5;35.2;Mon Sep 02 2019 09:00:50 GMT+0200 (CEST);Mon Sep 02 2019 07:00:50 GMT+0200 (CEST);1567407650000
1380556832687962;28;35.1;Mon Sep 02 2019 09:02:43 GMT+0200 (CEST);Mon Sep 02 2019 07:02:43 GMT+0200 (CEST);1567407763000
1380556832687962;28;35;Mon Sep 02 2019 09:04:51 GMT+0200 (CEST);Mon Sep 02 2019 07:04:51 GMT+0200 (CEST);1567407891000
1380556832687962;28;35.2;Mon Sep 02 2019 09:06:44 GMT+0200 (CEST);Mon Sep 02 2019 07:06:44 GMT+0200 (CEST);1567408004000
1380556832687962;28;35.2;Mon Sep 02 2019 09:08:36 GMT+0200 (CEST);Mon Sep 02 2019 07:08:36 GMT+0200 (CEST);1567408116000
1380556832687962;28;35;Mon Sep 02 2019 09:10:30 GMT+0200 (CEST);Mon Sep 02 2019 07:10:30 GMT+0200 (CEST);1567408230000
1380556832687962;28;34.8;Mon Sep 02 2019 09:12:28 GMT+0200 (CEST);Mon Sep 02 2019 07:12:28 GMT+0200 (CEST);1567408348000
1380556832687962;28;34.8;Mon Sep 02 2019 09:14:21 GMT+0200 (CEST);Mon Sep 02 2019 07:14:21 GMT+0200 (CEST);1567408461000
1380556832687962;28;34.7;Mon Sep 02 2019 09:16:14 GMT+0200 (CEST);Mon Sep 02 2019 07:16:14 GMT+0200 (CEST);1567408574000
1380556832687962;28;34.9;Mon Sep 02 2019 09:18:20 GMT+0200 (CEST);Mon Sep 02 2019 07:18:20 GMT+0200 (CEST);1567408700000
1380556832687962;31.5;34.8;Mon Sep 02 2019 09:20:12 GMT+0200 (CEST);Mon Sep 02 2019 07:20:12 GMT+0200 (CEST);1567408812000
1380556832687962;31.5;34.7;Mon Sep 02 2019 09:22:06 GMT+0200 (CEST);Mon Sep 02 2019 07:22:06 GMT+0200 (CEST);1567408926000
1380556832687962;31.5;34.5;Mon Sep 02 2019 09:24:05 GMT+0200 (CEST);Mon Sep 02 2019 07:24:05 GMT+0200 (CEST);1567409045000
1380556832687962;32;34.5;Mon Sep 02 2019 09:26:03 GMT+0200 (CEST);Mon Sep 02 2019 07:26:03 GMT+0200 (CEST);1567409163000
1380556832687962;32;34.5;Mon Sep 02 2019 09:27:56 GMT+0200 (CEST);Mon Sep 02 2019 07:27:56 GMT+0200 (CEST);1567409276000
1380556832687962;32;34.6;Mon Sep 02 2019 09:29:48 GMT+0200 (CEST);Mon Sep 02 2019 07:29:48 GMT+0200 (CEST);1567409388000
1380556832687962;32;34.6;Mon Sep 02 2019 09:31:41 GMT+0200 (CEST);Mon Sep 02 2019 07:31:41 GMT+0200 (CEST);1567409501000
1380556832687962;32;34.4;Mon Sep 02 2019 09:33:41 GMT+0200 (CEST);Mon Sep 02 2019 07:33:41 GMT+0200 (CEST);1567409621000
1380556832687962;33.5;34.4;Mon Sep 02 2019 09:35:34 GMT+0200 (CEST);Mon Sep 02 2019 07:35:34 GMT+0200 (CEST);1567409734000
1380556832687962;33.5;34.4;Mon Sep 02 2019 09:37:28 GMT+0200 (CEST);Mon Sep 02 2019 07:37:28 GMT+0200 (CEST);1567409848000
1380556832687962;33.5;34.4;Mon Sep 02 2019 09:39:24 GMT+0200 (CEST);Mon Sep 02 2019 07:39:24 GMT+0200 (CEST);1567409964000
1380556832687962;33.5;34.4;Mon Sep 02 2019 09:41:24 GMT+0200 (CEST);Mon Sep 02 2019 07:41:24 GMT+0200 (CEST);1567410084000
1380556832687962;33.5;34.2;Mon Sep 02 2019 09:43:17 GMT+0200 (CEST);Mon Sep 02 2019 07:43:17 GMT+0200 (CEST);1567410197000
1380556832687962;33.5;34.1;Mon Sep 02 2019 09:45:10 GMT+0200 (CEST);Mon Sep 02 2019 07:45:10 GMT+0200 (CEST);1567410310000
1380556832687962;33.5;34.1;Mon Sep 02 2019 09:47:03 GMT+0200 (CEST);Mon Sep 02 2019 07:47:03 GMT+0200 (CEST);1567410423000
1380556832687962;34;34.2;Mon Sep 02 2019 09:48:55 GMT+0200 (CEST);Mon Sep 02 2019 07:48:55 GMT+0200 (CEST);1567410535000
1380556832687962;34;34.1;Mon Sep 02 2019 09:51:06 GMT+0200 (CEST);Mon Sep 02 2019 07:51:06 GMT+0200 (CEST);1567410666000
1380556832687962;34;33.9;Mon Sep 02 2019 09:52:59 GMT+0200 (CEST);Mon Sep 02 2019 07:52:59 GMT+0200 (CEST);1567410779000
1380556832687962;34;33.8;Mon Sep 02 2019 09:54:51 GMT+0200 (CEST);Mon Sep 02 2019 07:54:51 GMT+0200 (CEST);1567410891000
1380556832687962;34;33.8;Mon Sep 02 2019 09:56:44 GMT+0200 (CEST);Mon Sep 02 2019 07:56:44 GMT+0200 (CEST);1567411004000
1380556832687962;35.6;34;Mon Sep 02 2019 09:58:39 GMT+0200 (CEST);Mon Sep 02 2019 07:58:39 GMT+0200 (CEST);1567411119000
1380556832687962;35.6;33.8;Mon Sep 02 2019 10:00:33 GMT+0200 (CEST);Mon Sep 02 2019 08:00:33 GMT+0200 (CEST);1567411233000
1380556832687962;35.6;33.7;Mon Sep 02 2019 10:02:26 GMT+0200 (CEST);Mon Sep 02 2019 08:02:26 GMT+0200 (CEST);1567411346000
1380556832687962;35.6;33.7;Mon Sep 02 2019 10:04:18 GMT+0200 (CEST);Mon Sep 02 2019 08:04:18 GMT+0200 (CEST);1567411458000
1380556832687962;35.6;33.8;Mon Sep 02 2019 10:06:34 GMT+0200 (CEST);Mon Sep 02 2019 08:06:34 GMT+0200 (CEST);1567411594000
1380556832687962;35.6;33.8;Mon Sep 02 2019 10:08:27 GMT+0200 (CEST);Mon Sep 02 2019 08:08:27 GMT+0200 (CEST);1567411707000
1380556832687962;35.6;33.7;Mon Sep 02 2019 10:10:22 GMT+0200 (CEST);Mon Sep 02 2019 08:10:22 GMT+0200 (CEST);1567411822000
1380556832687962;35.6;33.7;Mon Sep 02 2019 10:12:20 GMT+0200 (CEST);Mon Sep 02 2019 08:12:20 GMT+0200 (CEST);1567411940000
1380556832687962;35.6;33.7;Mon Sep 02 2019 10:14:16 GMT+0200 (CEST);Mon Sep 02 2019 08:14:16 GMT+0200 (CEST);1567412056000
1380556832687962;35.6;33.6;Mon Sep 02 2019 10:16:08 GMT+0200 (CEST);Mon Sep 02 2019 08:16:08 GMT+0200 (CEST);1567412168000
1380556832687962;36.1;33.8;Mon Sep 02 2019 10:18:01 GMT+0200 (CEST);Mon Sep 02 2019 08:18:01 GMT+0200 (CEST);1567412281000
1380556832687962;36.1;33.8;Mon Sep 02 2019 10:19:54 GMT+0200 (CEST);Mon Sep 02 2019 08:19:54 GMT+0200 (CEST);1567412394000
1380556832687962;36.1;33.5;Mon Sep 02 2019 10:21:52 GMT+0200 (CEST);Mon Sep 02 2019 08:21:52 GMT+0200 (CEST);1567412512000
1380556832687962;36.1;33.4;Mon Sep 02 2019 10:23:45 GMT+0200 (CEST);Mon Sep 02 2019 08:23:45 GMT+0200 (CEST);1567412625000
1380556832687962;36.1;33.3;Mon Sep 02 2019 10:25:37 GMT+0200 (CEST);Mon Sep 02 2019 08:25:37 GMT+0200 (CEST);1567412737000
1380556832687962;37.6;33.3;Mon Sep 02 2019 10:27:30 GMT+0200 (CEST);Mon Sep 02 2019 08:27:30 GMT+0200 (CEST);1567412850000
1380556832687962;37.6;33.5;Mon Sep 02 2019 10:29:23 GMT+0200 (CEST);Mon Sep 02 2019 08:29:23 GMT+0200 (CEST);1567412963000
1380556832687962;37.6;33.3;Mon Sep 02 2019 10:31:16 GMT+0200 (CEST);Mon Sep 02 2019 08:31:16 GMT+0200 (CEST);1567413076000
1380556832687962;38.1;33.1;Mon Sep 02 2019 10:33:09 GMT+0200 (CEST);Mon Sep 02 2019 08:33:09 GMT+0200 (CEST);1567413189000
1380556832687962;38.1;33;Mon Sep 02 2019 10:35:02 GMT+0200 (CEST);Mon Sep 02 2019 08:35:02 GMT+0200 (CEST);1567413302000
1380556832687962;38.1;32.9;Mon Sep 02 2019 10:36:56 GMT+0200 (CEST);Mon Sep 02 2019 08:36:56 GMT+0200 (CEST);1567413416000
1380556832687962;39.1;32.9;Mon Sep 02 2019 10:38:49 GMT+0200 (CEST);Mon Sep 02 2019 08:38:49 GMT+0200 (CEST);1567413529000
1380556832687962;39.1;33;Mon Sep 02 2019 10:40:43 GMT+0200 (CEST);Mon Sep 02 2019 08:40:43 GMT+0200 (CEST);1567413643000
1380556832687962;39.1;32.9;Mon Sep 02 2019 10:42:51 GMT+0200 (CEST);Mon Sep 02 2019 08:42:51 GMT+0200 (CEST);1567413771000
1380556832687962;39.1;32.8;Mon Sep 02 2019 10:44:44 GMT+0200 (CEST);Mon Sep 02 2019 08:44:44 GMT+0200 (CEST);1567413884000
1380556832687962;39.1;32.6;Mon Sep 02 2019 10:46:38 GMT+0200 (CEST);Mon Sep 02 2019 08:46:38 GMT+0200 (CEST);1567413998000
1380556832687962;41.6;32.7;Mon Sep 02 2019 10:48:31 GMT+0200 (CEST);Mon Sep 02 2019 08:48:31 GMT+0200 (CEST);1567414111000
1380556832687962;41.6;32.9;Mon Sep 02 2019 10:50:23 GMT+0200 (CEST);Mon Sep 02 2019 08:50:23 GMT+0200 (CEST);1567414223000
1380556832687962;41.6;32.9;Mon Sep 02 2019 10:52:16 GMT+0200 (CEST);Mon Sep 02 2019 08:52:16 GMT+0200 (CEST);1567414336000
1380556832687962;39.1;32.9;Mon Sep 02 2019 10:54:09 GMT+0200 (CEST);Mon Sep 02 2019 08:54:09 GMT+0200 (CEST);1567414449000
1380556832687962;39.1;32.9;Mon Sep 02 2019 10:56:02 GMT+0200 (CEST);Mon Sep 02 2019 08:56:02 GMT+0200 (CEST);1567414562000
1380556832687962;39.1;32.9;Mon Sep 02 2019 10:57:55 GMT+0200 (CEST);Mon Sep 02 2019 08:57:55 GMT+0200 (CEST);1567414675000
1380556832687962;39.1;32.7;Mon Sep 02 2019 10:59:48 GMT+0200 (CEST);Mon Sep 02 2019 08:59:48 GMT+0200 (CEST);1567414788000
1380556832687962;39.1;32.7;Mon Sep 02 2019 11:01:41 GMT+0200 (CEST);Mon Sep 02 2019 09:01:41 GMT+0200 (CEST);1567414901000
1380556832687962;39.1;32.6;Mon Sep 02 2019 11:03:34 GMT+0200 (CEST);Mon Sep 02 2019 09:03:34 GMT+0200 (CEST);1567415014000
1380556832687962;39.1;32.6;Mon Sep 02 2019 11:05:27 GMT+0200 (CEST);Mon Sep 02 2019 09:05:27 GMT+0200 (CEST);1567415127000
1380556832687962;41.6;32.6;Mon Sep 02 2019 11:07:19 GMT+0200 (CEST);Mon Sep 02 2019 09:07:19 GMT+0200 (CEST);1567415239000
1380556832687962;41.6;32.8;Mon Sep 02 2019 11:09:12 GMT+0200 (CEST);Mon Sep 02 2019 09:09:12 GMT+0200 (CEST);1567415352000
1380556832687962;41.6;32.8;Mon Sep 02 2019 11:11:14 GMT+0200 (CEST);Mon Sep 02 2019 09:11:14 GMT+0200 (CEST);1567415474000
1380556832687962;39.1;32.8;Mon Sep 02 2019 11:13:08 GMT+0200 (CEST);Mon Sep 02 2019 09:13:08 GMT+0200 (CEST);1567415588000
1380556832687962;39.1;32.7;Mon Sep 02 2019 11:15:00 GMT+0200 (CEST);Mon Sep 02 2019 09:15:00 GMT+0200 (CEST);1567415700000
1380556832687962;39.1;32.7;Mon Sep 02 2019 11:16:53 GMT+0200 (CEST);Mon Sep 02 2019 09:16:53 GMT+0200 (CEST);1567415813000
1380556832687962;39.1;32.7;Mon Sep 02 2019 11:18:49 GMT+0200 (CEST);Mon Sep 02 2019 09:18:49 GMT+0200 (CEST);1567415929000
1380556832687962;39.1;32.5;Mon Sep 02 2019 11:20:48 GMT+0200 (CEST);Mon Sep 02 2019 09:20:48 GMT+0200 (CEST);1567416048000
1380556832687962;41.6;32.5;Mon Sep 02 2019 11:22:45 GMT+0200 (CEST);Mon Sep 02 2019 09:22:45 GMT+0200 (CEST);1567416165000
1380556832687962;41.6;30.9;Mon Sep 02 2019 11:24:38 GMT+0200 (CEST);Mon Sep 02 2019 09:24:38 GMT+0200 (CEST);1567416278000
1380556832687962;41.6;31.2;Mon Sep 02 2019 11:26:31 GMT+0200 (CEST);Mon Sep 02 2019 09:26:31 GMT+0200 (CEST);1567416391000
1380556832687962;39.1;33;Mon Sep 02 2019 11:28:23 GMT+0200 (CEST);Mon Sep 02 2019 09:28:23 GMT+0200 (CEST);1567416503000
1380556832687962;39.1;32.7;Mon Sep 02 2019 11:30:16 GMT+0200 (CEST);Mon Sep 02 2019 09:30:16 GMT+0200 (CEST);1567416616000
1380556832687962;39.1;32.5;Mon Sep 02 2019 11:32:09 GMT+0200 (CEST);Mon Sep 02 2019 09:32:09 GMT+0200 (CEST);1567416729000
1380556832687962;41.6;33.1;Mon Sep 02 2019 11:34:01 GMT+0200 (CEST);Mon Sep 02 2019 09:34:01 GMT+0200 (CEST);1567416841000
1380556832687962;41.6;32.5;Mon Sep 02 2019 11:36:00 GMT+0200 (CEST);Mon Sep 02 2019 09:36:00 GMT+0200 (CEST);1567416960000
1380556832687962;41.6;31.1;Mon Sep 02 2019 11:37:57 GMT+0200 (CEST);Mon Sep 02 2019 09:37:57 GMT+0200 (CEST);1567417077000
1380556832687962;41.6;31.4;Mon Sep 02 2019 11:40:07 GMT+0200 (CEST);Mon Sep 02 2019 09:40:07 GMT+0200 (CEST);1567417207000
1380556832687962;41.6;31.9;Mon Sep 02 2019 11:42:00 GMT+0200 (CEST);Mon Sep 02 2019 09:42:00 GMT+0200 (CEST);1567417320000
1380556832687962;41.6;34.8;Mon Sep 02 2019 11:43:53 GMT+0200 (CEST);Mon Sep 02 2019 09:43:53 GMT+0200 (CEST);1567417433000
1380556832687962;41.6;34;Mon Sep 02 2019 11:45:53 GMT+0200 (CEST);Mon Sep 02 2019 09:45:53 GMT+0200 (CEST);1567417553000
1380556832687962;41.6;33.5;Mon Sep 02 2019 11:47:52 GMT+0200 (CEST);Mon Sep 02 2019 09:47:52 GMT+0200 (CEST);1567417672000
1380556832687962;41.6;33.1;Mon Sep 02 2019 11:49:47 GMT+0200 (CEST);Mon Sep 02 2019 09:49:47 GMT+0200 (CEST);1567417787000
1380556832687962;41.6;33;Mon Sep 02 2019 11:51:44 GMT+0200 (CEST);Mon Sep 02 2019 09:51:44 GMT+0200 (CEST);1567417904000
1380556832687962;41.6;32.5;Mon Sep 02 2019 11:53:44 GMT+0200 (CEST);Mon Sep 02 2019 09:53:44 GMT+0200 (CEST);1567418024000
1380556832687962;41.6;31.6;Mon Sep 02 2019 11:55:37 GMT+0200 (CEST);Mon Sep 02 2019 09:55:37 GMT+0200 (CEST);1567418137000
1380556832687962;41.6;33.1;Mon Sep 02 2019 11:57:32 GMT+0200 (CEST);Mon Sep 02 2019 09:57:32 GMT+0200 (CEST);1567418252000
1380556832687962;41.6;32.7;Mon Sep 02 2019 11:59:28 GMT+0200 (CEST);Mon Sep 02 2019 09:59:28 GMT+0200 (CEST);1567418368000
1380556832687962;41.6;32.7;Mon Sep 02 2019 12:01:22 GMT+0200 (CEST);Mon Sep 02 2019 10:01:22 GMT+0200 (CEST);1567418482000
1380556832687962;41.6;32.4;Mon Sep 02 2019 12:03:15 GMT+0200 (CEST);Mon Sep 02 2019 10:03:15 GMT+0200 (CEST);1567418595000
1380556832687962;39.1;32.4;Mon Sep 02 2019 12:05:09 GMT+0200 (CEST);Mon Sep 02 2019 10:05:09 GMT+0200 (CEST);1567418709000
1380556832687962;39.1;33.3;Mon Sep 02 2019 12:07:04 GMT+0200 (CEST);Mon Sep 02 2019 10:07:04 GMT+0200 (CEST);1567418824000
1380556832687962;38.1;32.7;Mon Sep 02 2019 12:09:13 GMT+0200 (CEST);Mon Sep 02 2019 10:09:13 GMT+0200 (CEST);1567418953000
1380556832687962;38.1;32.7;Mon Sep 02 2019 12:11:06 GMT+0200 (CEST);Mon Sep 02 2019 10:11:06 GMT+0200 (CEST);1567419066000
1380556832687962;38.1;29.9;Mon Sep 02 2019 12:12:59 GMT+0200 (CEST);Mon Sep 02 2019 10:12:59 GMT+0200 (CEST);1567419179000
1380556832687962;38.1;32.8;Mon Sep 02 2019 12:14:52 GMT+0200 (CEST);Mon Sep 02 2019 10:14:52 GMT+0200 (CEST);1567419292000
1380556832687962;38.1;31;Mon Sep 02 2019 12:16:45 GMT+0200 (CEST);Mon Sep 02 2019 10:16:45 GMT+0200 (CEST);1567419405000
1380556832687962;38.1;28.6;Mon Sep 02 2019 12:18:37 GMT+0200 (CEST);Mon Sep 02 2019 10:18:37 GMT+0200 (CEST);1567419517000
1380556832687962;38.1;27.6;Mon Sep 02 2019 12:20:30 GMT+0200 (CEST);Mon Sep 02 2019 10:20:30 GMT+0200 (CEST);1567419630000
1380556832687962;38.1;33.2;Mon Sep 02 2019 12:22:31 GMT+0200 (CEST);Mon Sep 02 2019 10:22:31 GMT+0200 (CEST);1567419751000
1380556832687962;38.1;27.4;Mon Sep 02 2019 12:24:26 GMT+0200 (CEST);Mon Sep 02 2019 10:24:26 GMT+0200 (CEST);1567419866000
1380556832687962;43.6;32.3;Mon Sep 02 2019 12:26:19 GMT+0200 (CEST);Mon Sep 02 2019 10:26:19 GMT+0200 (CEST);1567419979000
1380556832687962;43.6;31.4;Mon Sep 02 2019 12:28:12 GMT+0200 (CEST);Mon Sep 02 2019 10:28:12 GMT+0200 (CEST);1567420092000
1380556832687962;43.6;31.4;Mon Sep 02 2019 12:30:04 GMT+0200 (CEST);Mon Sep 02 2019 10:30:04 GMT+0200 (CEST);1567420204000
1380556832687962;43.6;32.3;Mon Sep 02 2019 12:31:57 GMT+0200 (CEST);Mon Sep 02 2019 10:31:57 GMT+0200 (CEST);1567420317000
1380556832687962;41.6;32.7;Mon Sep 02 2019 12:33:55 GMT+0200 (CEST);Mon Sep 02 2019 10:33:55 GMT+0200 (CEST);1567420435000
1380556832687962;41.6;32.7;Mon Sep 02 2019 12:35:50 GMT+0200 (CEST);Mon Sep 02 2019 10:35:50 GMT+0200 (CEST);1567420550000
1380556832687962;41.6;31;Mon Sep 02 2019 12:37:43 GMT+0200 (CEST);Mon Sep 02 2019 10:37:43 GMT+0200 (CEST);1567420663000
1380556832687962;41.6;32.4;Mon Sep 02 2019 12:39:36 GMT+0200 (CEST);Mon Sep 02 2019 10:39:36 GMT+0200 (CEST);1567420776000
1380556832687962;41.6;32;Mon Sep 02 2019 12:41:30 GMT+0200 (CEST);Mon Sep 02 2019 10:41:30 GMT+0200 (CEST);1567420890000
1380556832687962;41.6;32.4;Mon Sep 02 2019 12:43:31 GMT+0200 (CEST);Mon Sep 02 2019 10:43:31 GMT+0200 (CEST);1567421011000
1380556832687962;41.6;32.8;Mon Sep 02 2019 12:45:25 GMT+0200 (CEST);Mon Sep 02 2019 10:45:25 GMT+0200 (CEST);1567421125000
1380556832687962;38.1;31.9;Mon Sep 02 2019 12:47:18 GMT+0200 (CEST);Mon Sep 02 2019 10:47:18 GMT+0200 (CEST);1567421238000
1380556832687962;38.1;35.4;Mon Sep 02 2019 12:49:10 GMT+0200 (CEST);Mon Sep 02 2019 10:49:10 GMT+0200 (CEST);1567421350000
1380556832687962;38.1;32.8;Mon Sep 02 2019 12:51:22 GMT+0200 (CEST);Mon Sep 02 2019 10:51:22 GMT+0200 (CEST);1567421482000
1380556832687962;38.1;32.9;Mon Sep 02 2019 12:53:16 GMT+0200 (CEST);Mon Sep 02 2019 10:53:16 GMT+0200 (CEST);1567421596000
1380556832687962;36.1;33.1;Mon Sep 02 2019 12:55:08 GMT+0200 (CEST);Mon Sep 02 2019 10:55:08 GMT+0200 (CEST);1567421708000
1380556832687962;36.1;33.3;Mon Sep 02 2019 12:57:01 GMT+0200 (CEST);Mon Sep 02 2019 10:57:01 GMT+0200 (CEST);1567421821000
1380556832687962;35.6;33.4;Mon Sep 02 2019 12:58:54 GMT+0200 (CEST);Mon Sep 02 2019 10:58:54 GMT+0200 (CEST);1567421934000
1380556832687962;35.6;34.1;Mon Sep 02 2019 13:00:51 GMT+0200 (CEST);Mon Sep 02 2019 11:00:51 GMT+0200 (CEST);1567422051000
1380556832687962;35.6;35.2;Mon Sep 02 2019 13:02:44 GMT+0200 (CEST);Mon Sep 02 2019 11:02:44 GMT+0200 (CEST);1567422164000
1380556832687962;34;35;Mon Sep 02 2019 13:05:00 GMT+0200 (CEST);Mon Sep 02 2019 11:05:00 GMT+0200 (CEST);1567422300000
1380556832687962;34;34.4;Mon Sep 02 2019 13:06:53 GMT+0200 (CEST);Mon Sep 02 2019 11:06:53 GMT+0200 (CEST);1567422413000
1380556832687962;37.6;33.6;Mon Sep 02 2019 13:08:46 GMT+0200 (CEST);Mon Sep 02 2019 11:08:46 GMT+0200 (CEST);1567422526000
1380556832687962;37.6;33.6;Mon Sep 02 2019 13:10:39 GMT+0200 (CEST);Mon Sep 02 2019 11:10:39 GMT+0200 (CEST);1567422639000
1380556832687962;37.6;33.6;Mon Sep 02 2019 13:12:32 GMT+0200 (CEST);Mon Sep 02 2019 11:12:32 GMT+0200 (CEST);1567422752000
1380556832687962;39.1;33;Mon Sep 02 2019 13:14:26 GMT+0200 (CEST);Mon Sep 02 2019 11:14:26 GMT+0200 (CEST);1567422866000
1380556832687962;39.1;32.7;Mon Sep 02 2019 13:16:18 GMT+0200 (CEST);Mon Sep 02 2019 11:16:18 GMT+0200 (CEST);1567422978000
1380556832687962;39.1;32.7;Mon Sep 02 2019 13:18:11 GMT+0200 (CEST);Mon Sep 02 2019 11:18:11 GMT+0200 (CEST);1567423091000
1380556832687962;39.1;32.6;Mon Sep 02 2019 13:21:38 GMT+0200 (CEST);Mon Sep 02 2019 11:21:38 GMT+0200 (CEST);1567423298000
1380556832687962;39.1;31.9;Mon Sep 02 2019 13:23:30 GMT+0200 (CEST);Mon Sep 02 2019 11:23:30 GMT+0200 (CEST);1567423410000
1380556832687962;39.1;31.8;Mon Sep 02 2019 13:25:26 GMT+0200 (CEST);Mon Sep 02 2019 11:25:26 GMT+0200 (CEST);1567423526000
1380556832687962;39.1;31.3;Mon Sep 02 2019 13:27:20 GMT+0200 (CEST);Mon Sep 02 2019 11:27:20 GMT+0200 (CEST);1567423640000
1380556832687962;39.1;31.9;Mon Sep 02 2019 13:29:13 GMT+0200 (CEST);Mon Sep 02 2019 11:29:13 GMT+0200 (CEST);1567423753000
1380556832687962;41.6;32.1;Mon Sep 02 2019 13:31:06 GMT+0200 (CEST);Mon Sep 02 2019 11:31:06 GMT+0200 (CEST);1567423866000
1380556832687962;41.6;33.8;Mon Sep 02 2019 13:33:08 GMT+0200 (CEST);Mon Sep 02 2019 11:33:08 GMT+0200 (CEST);1567423988000
1380556832687962;41.6;33.8;Mon Sep 02 2019 13:35:01 GMT+0200 (CEST);Mon Sep 02 2019 11:35:01 GMT+0200 (CEST);1567424101000
1380556832687962;38.1;33.1;Mon Sep 02 2019 13:36:54 GMT+0200 (CEST);Mon Sep 02 2019 11:36:54 GMT+0200 (CEST);1567424214000
1380556832687962;38.1;34.2;Mon Sep 02 2019 13:38:52 GMT+0200 (CEST);Mon Sep 02 2019 11:38:52 GMT+0200 (CEST);1567424332000
1380556832687962;38.1;32.9;Mon Sep 02 2019 13:41:44 GMT+0200 (CEST);Mon Sep 02 2019 11:41:44 GMT+0200 (CEST);1567424504000
1380556832687962;38.1;32.7;Mon Sep 02 2019 13:43:39 GMT+0200 (CEST);Mon Sep 02 2019 11:43:39 GMT+0200 (CEST);1567424619000
1380556832687962;36.1;32.8;Mon Sep 02 2019 13:45:36 GMT+0200 (CEST);Mon Sep 02 2019 11:45:36 GMT+0200 (CEST);1567424736000
1380556832687962;36.1;33;Mon Sep 02 2019 13:47:30 GMT+0200 (CEST);Mon Sep 02 2019 11:47:30 GMT+0200 (CEST);1567424850000
1380556832687962;36.1;33.6;Mon Sep 02 2019 13:49:24 GMT+0200 (CEST);Mon Sep 02 2019 11:49:24 GMT+0200 (CEST);1567424964000
1380556832687962;35.6;33.6;Mon Sep 02 2019 13:51:16 GMT+0200 (CEST);Mon Sep 02 2019 11:51:16 GMT+0200 (CEST);1567425076000
1380556832687962;35.6;35.1;Mon Sep 02 2019 13:53:09 GMT+0200 (CEST);Mon Sep 02 2019 11:53:09 GMT+0200 (CEST);1567425189000
1380556832687962;35.6;33.5;Mon Sep 02 2019 13:55:03 GMT+0200 (CEST);Mon Sep 02 2019 11:55:03 GMT+0200 (CEST);1567425303000
1380556832687962;35.6;33.1;Mon Sep 02 2019 13:56:56 GMT+0200 (CEST);Mon Sep 02 2019 11:56:56 GMT+0200 (CEST);1567425416000
1380556832687962;35.6;33.1;Mon Sep 02 2019 13:58:49 GMT+0200 (CEST);Mon Sep 02 2019 11:58:49 GMT+0200 (CEST);1567425529000
1380556832687962;35.6;33.1;Mon Sep 02 2019 14:00:41 GMT+0200 (CEST);Mon Sep 02 2019 12:00:41 GMT+0200 (CEST);1567425641000
1380556832687962;35.6;33.6;Mon Sep 02 2019 14:02:35 GMT+0200 (CEST);Mon Sep 02 2019 12:02:35 GMT+0200 (CEST);1567425755000
1380556832687962;35.6;33.6;Mon Sep 02 2019 14:04:30 GMT+0200 (CEST);Mon Sep 02 2019 12:04:30 GMT+0200 (CEST);1567425870000
1380556832687962;35.6;31.8;Mon Sep 02 2019 14:06:28 GMT+0200 (CEST);Mon Sep 02 2019 12:06:28 GMT+0200 (CEST);1567425988000
1380556832687962;35.6;33.5;Mon Sep 02 2019 14:08:34 GMT+0200 (CEST);Mon Sep 02 2019 12:08:34 GMT+0200 (CEST);1567426114000
1380556832687962;35.6;33.6;Mon Sep 02 2019 14:10:27 GMT+0200 (CEST);Mon Sep 02 2019 12:10:27 GMT+0200 (CEST);1567426227000
1380556832687962;35.6;33.7;Mon Sep 02 2019 14:12:20 GMT+0200 (CEST);Mon Sep 02 2019 12:12:20 GMT+0200 (CEST);1567426340000
1380556832687962;35.6;33.7;Mon Sep 02 2019 14:14:16 GMT+0200 (CEST);Mon Sep 02 2019 12:14:16 GMT+0200 (CEST);1567426456000
1380556832687962;35.6;33.7;Mon Sep 02 2019 14:16:09 GMT+0200 (CEST);Mon Sep 02 2019 12:16:09 GMT+0200 (CEST);1567426569000
1380556832687962;35.6;33;Mon Sep 02 2019 14:18:02 GMT+0200 (CEST);Mon Sep 02 2019 12:18:02 GMT+0200 (CEST);1567426682000
1380556832687962;35.6;32.7;Mon Sep 02 2019 14:19:58 GMT+0200 (CEST);Mon Sep 02 2019 12:19:58 GMT+0200 (CEST);1567426798000
1380556832687962;35.6;30.9;Mon Sep 02 2019 14:21:50 GMT+0200 (CEST);Mon Sep 02 2019 12:21:50 GMT+0200 (CEST);1567426910000
1380556832687962;35.6;32.1;Mon Sep 02 2019 14:23:47 GMT+0200 (CEST);Mon Sep 02 2019 12:23:47 GMT+0200 (CEST);1567427027000
1380556832687962;41.6;31.6;Mon Sep 02 2019 14:25:40 GMT+0200 (CEST);Mon Sep 02 2019 12:25:40 GMT+0200 (CEST);1567427140000
1380556832687962;41.6;32.5;Mon Sep 02 2019 14:27:34 GMT+0200 (CEST);Mon Sep 02 2019 12:27:34 GMT+0200 (CEST);1567427254000
1380556832687962;41.6;33;Mon Sep 02 2019 14:29:29 GMT+0200 (CEST);Mon Sep 02 2019 12:29:29 GMT+0200 (CEST);1567427369000
1380556832687962;41.6;33.2;Mon Sep 02 2019 14:31:22 GMT+0200 (CEST);Mon Sep 02 2019 12:31:22 GMT+0200 (CEST);1567427482000
1380556832687962;41.6;33.3;Mon Sep 02 2019 14:33:17 GMT+0200 (CEST);Mon Sep 02 2019 12:33:17 GMT+0200 (CEST);1567427597000
1380556832687962;36.1;33.5;Mon Sep 02 2019 14:35:10 GMT+0200 (CEST);Mon Sep 02 2019 12:35:10 GMT+0200 (CEST);1567427710000
1380556832687962;36.1;33.5;Mon Sep 02 2019 14:37:12 GMT+0200 (CEST);Mon Sep 02 2019 12:37:12 GMT+0200 (CEST);1567427832000
1380556832687962;35.6;34.4;Mon Sep 02 2019 14:39:05 GMT+0200 (CEST);Mon Sep 02 2019 12:39:05 GMT+0200 (CEST);1567427945000
1380556832687962;35.6;33.5;Mon Sep 02 2019 14:41:11 GMT+0200 (CEST);Mon Sep 02 2019 12:41:11 GMT+0200 (CEST);1567428071000
1380556832687962;35.6;33.7;Mon Sep 02 2019 14:43:04 GMT+0200 (CEST);Mon Sep 02 2019 12:43:04 GMT+0200 (CEST);1567428184000
1380556832687962;35.6;33.5;Mon Sep 02 2019 14:44:58 GMT+0200 (CEST);Mon Sep 02 2019 12:44:58 GMT+0200 (CEST);1567428298000
1380556832687962;35.6;33;Mon Sep 02 2019 14:46:52 GMT+0200 (CEST);Mon Sep 02 2019 12:46:52 GMT+0200 (CEST);1567428412000
1380556832687962;35.6;33.2;Mon Sep 02 2019 14:48:48 GMT+0200 (CEST);Mon Sep 02 2019 12:48:48 GMT+0200 (CEST);1567428528000
1380556832687962;35.6;33.7;Mon Sep 02 2019 14:50:41 GMT+0200 (CEST);Mon Sep 02 2019 12:50:41 GMT+0200 (CEST);1567428641000
1380556832687962;35.6;34.2;Mon Sep 02 2019 14:52:35 GMT+0200 (CEST);Mon Sep 02 2019 12:52:35 GMT+0200 (CEST);1567428755000
1380556832687962;34;33.7;Mon Sep 02 2019 14:54:28 GMT+0200 (CEST);Mon Sep 02 2019 12:54:28 GMT+0200 (CEST);1567428868000
1380556832687962;34;33.5;Mon Sep 02 2019 14:56:20 GMT+0200 (CEST);Mon Sep 02 2019 12:56:20 GMT+0200 (CEST);1567428980000
1380556832687962;34;33.5;Mon Sep 02 2019 14:58:13 GMT+0200 (CEST);Mon Sep 02 2019 12:58:13 GMT+0200 (CEST);1567429093000
1380556832687962;34;33;Mon Sep 02 2019 15:00:06 GMT+0200 (CEST);Mon Sep 02 2019 13:00:06 GMT+0200 (CEST);1567429206000
1380556832687962;34;32.7;Mon Sep 02 2019 15:01:59 GMT+0200 (CEST);Mon Sep 02 2019 13:01:59 GMT+0200 (CEST);1567429319000
1380556832687962;38.1;32.7;Mon Sep 02 2019 15:03:54 GMT+0200 (CEST);Mon Sep 02 2019 13:03:54 GMT+0200 (CEST);1567429434000
1380556832687962;38.1;31.4;Mon Sep 02 2019 15:05:51 GMT+0200 (CEST);Mon Sep 02 2019 13:05:51 GMT+0200 (CEST);1567429551000
1380556832687962;38.1;32;Mon Sep 02 2019 15:07:43 GMT+0200 (CEST);Mon Sep 02 2019 13:07:43 GMT+0200 (CEST);1567429663000
1380556832687962;39.1;32.7;Mon Sep 02 2019 15:09:36 GMT+0200 (CEST);Mon Sep 02 2019 13:09:36 GMT+0200 (CEST);1567429776000
1380556832687962;39.1;32.7;Mon Sep 02 2019 15:11:29 GMT+0200 (CEST);Mon Sep 02 2019 13:11:29 GMT+0200 (CEST);1567429889000
1380556832687962;39.1;32.6;Mon Sep 02 2019 15:13:22 GMT+0200 (CEST);Mon Sep 02 2019 13:13:22 GMT+0200 (CEST);1567430002000
1380556832687962;39.1;32.7;Mon Sep 02 2019 15:15:15 GMT+0200 (CEST);Mon Sep 02 2019 13:15:15 GMT+0200 (CEST);1567430115000
1380556832687962;39.1;32;Mon Sep 02 2019 15:17:07 GMT+0200 (CEST);Mon Sep 02 2019 13:17:07 GMT+0200 (CEST);1567430227000
1380556832687962;39.1;32;Mon Sep 02 2019 15:19:17 GMT+0200 (CEST);Mon Sep 02 2019 13:19:17 GMT+0200 (CEST);1567430357000
1380556832687962;39.1;31.8;Mon Sep 02 2019 15:21:16 GMT+0200 (CEST);Mon Sep 02 2019 13:21:16 GMT+0200 (CEST);1567430476000
1380556832687962;43.6;31.8;Mon Sep 02 2019 15:23:09 GMT+0200 (CEST);Mon Sep 02 2019 13:23:09 GMT+0200 (CEST);1567430589000
1380556832687962;43.6;31.8;Mon Sep 02 2019 15:25:03 GMT+0200 (CEST);Mon Sep 02 2019 13:25:03 GMT+0200 (CEST);1567430703000
1380556832687962;43.6;31.8;Mon Sep 02 2019 15:26:56 GMT+0200 (CEST);Mon Sep 02 2019 13:26:56 GMT+0200 (CEST);1567430816000
1380556832687962;43.6;32;Mon Sep 02 2019 15:28:49 GMT+0200 (CEST);Mon Sep 02 2019 13:28:49 GMT+0200 (CEST);1567430929000
1380556832687962;43.6;32;Mon Sep 02 2019 15:30:44 GMT+0200 (CEST);Mon Sep 02 2019 13:30:44 GMT+0200 (CEST);1567431044000
1380556832687962;43.6;32;Mon Sep 02 2019 15:32:36 GMT+0200 (CEST);Mon Sep 02 2019 13:32:36 GMT+0200 (CEST);1567431156000
1380556832687962;44.1;31.8;Mon Sep 02 2019 15:34:29 GMT+0200 (CEST);Mon Sep 02 2019 13:34:29 GMT+0200 (CEST);1567431269000
1380556832687962;43.6;31.2;Mon Sep 02 2019 15:36:24 GMT+0200 (CEST);Mon Sep 02 2019 13:36:24 GMT+0200 (CEST);1567431384000
1380556832687962;43.6;31.6;Mon Sep 02 2019 15:38:16 GMT+0200 (CEST);Mon Sep 02 2019 13:38:16 GMT+0200 (CEST);1567431496000
1380556832687962;42.1;32.9;Mon Sep 02 2019 15:40:26 GMT+0200 (CEST);Mon Sep 02 2019 13:40:26 GMT+0200 (CEST);1567431626000
1380556832687962;39.1;33.3;Mon Sep 02 2019 15:42:18 GMT+0200 (CEST);Mon Sep 02 2019 13:42:18 GMT+0200 (CEST);1567431738000
1380556832687962;39.1;33.4;Mon Sep 02 2019 15:44:11 GMT+0200 (CEST);Mon Sep 02 2019 13:44:11 GMT+0200 (CEST);1567431851000
1380556832687962;39.1;31.8;Mon Sep 02 2019 15:46:03 GMT+0200 (CEST);Mon Sep 02 2019 13:46:03 GMT+0200 (CEST);1567431963000
1380556832687962;39.1;31.5;Mon Sep 02 2019 15:47:56 GMT+0200 (CEST);Mon Sep 02 2019 13:47:56 GMT+0200 (CEST);1567432076000
1380556832687962;38.1;31.8;Mon Sep 02 2019 15:49:51 GMT+0200 (CEST);Mon Sep 02 2019 13:49:51 GMT+0200 (CEST);1567432191000
1380556832687962;37.6;31.9;Mon Sep 02 2019 15:51:47 GMT+0200 (CEST);Mon Sep 02 2019 13:51:47 GMT+0200 (CEST);1567432307000
1380556832687962;37.6;32;Mon Sep 02 2019 15:53:40 GMT+0200 (CEST);Mon Sep 02 2019 13:53:40 GMT+0200 (CEST);1567432420000
1380556832687962;35.6;32.1;Mon Sep 02 2019 15:55:33 GMT+0200 (CEST);Mon Sep 02 2019 13:55:33 GMT+0200 (CEST);1567432533000
1380556832687962;35.6;32.6;Mon Sep 02 2019 15:57:25 GMT+0200 (CEST);Mon Sep 02 2019 13:57:25 GMT+0200 (CEST);1567432645000
1380556832687962;33.5;32.5;Mon Sep 02 2019 15:59:18 GMT+0200 (CEST);Mon Sep 02 2019 13:59:18 GMT+0200 (CEST);1567432758000
1380556832687962;33.5;33;Mon Sep 02 2019 16:01:11 GMT+0200 (CEST);Mon Sep 02 2019 14:01:11 GMT+0200 (CEST);1567432871000
1380556832687962;32;33.7;Mon Sep 02 2019 16:03:05 GMT+0200 (CEST);Mon Sep 02 2019 14:03:05 GMT+0200 (CEST);1567432985000
1380556832687962;31.5;33.8;Mon Sep 02 2019 16:04:51 GMT+0200 (CEST);Mon Sep 02 2019 14:04:51 GMT+0200 (CEST);1567433091000
1380556832687962;31.5;34;Mon Sep 02 2019 16:06:45 GMT+0200 (CEST);Mon Sep 02 2019 14:06:45 GMT+0200 (CEST);1567433205000
1380556832687962;31.5;34.9;Mon Sep 02 2019 16:08:42 GMT+0200 (CEST);Mon Sep 02 2019 14:08:42 GMT+0200 (CEST);1567433322000
1380556832687962;32;33.8;Mon Sep 02 2019 16:10:35 GMT+0200 (CEST);Mon Sep 02 2019 14:10:35 GMT+0200 (CEST);1567433435000
1380556832687962;32;33.2;Mon Sep 02 2019 16:12:28 GMT+0200 (CEST);Mon Sep 02 2019 14:12:28 GMT+0200 (CEST);1567433548000
1380556832687962;32;33;Mon Sep 02 2019 16:14:20 GMT+0200 (CEST);Mon Sep 02 2019 14:14:20 GMT+0200 (CEST);1567433660000
1380556832687962;32;34.4;Mon Sep 02 2019 16:16:13 GMT+0200 (CEST);Mon Sep 02 2019 14:16:13 GMT+0200 (CEST);1567433773000
1380556832687962;32;33.7;Mon Sep 02 2019 16:18:06 GMT+0200 (CEST);Mon Sep 02 2019 14:18:06 GMT+0200 (CEST);1567433886000
1380556832687962;33.5;33.4;Mon Sep 02 2019 16:20:14 GMT+0200 (CEST);Mon Sep 02 2019 14:20:14 GMT+0200 (CEST);1567434014000
1380556832687962;33.5;33.1;Mon Sep 02 2019 16:22:07 GMT+0200 (CEST);Mon Sep 02 2019 14:22:07 GMT+0200 (CEST);1567434127000
1380556832687962;33.5;32.7;Mon Sep 02 2019 16:23:59 GMT+0200 (CEST);Mon Sep 02 2019 14:23:59 GMT+0200 (CEST);1567434239000
1380556832687962;35.6;31;Mon Sep 02 2019 16:25:54 GMT+0200 (CEST);Mon Sep 02 2019 14:25:54 GMT+0200 (CEST);1567434354000
1380556832687962;35.6;31;Mon Sep 02 2019 16:27:49 GMT+0200 (CEST);Mon Sep 02 2019 14:27:49 GMT+0200 (CEST);1567434469000
1380556832687962;35.6;31.6;Mon Sep 02 2019 16:29:44 GMT+0200 (CEST);Mon Sep 02 2019 14:29:44 GMT+0200 (CEST);1567434584000
1380556832687962;33.5;31.6;Mon Sep 02 2019 16:31:38 GMT+0200 (CEST);Mon Sep 02 2019 14:31:38 GMT+0200 (CEST);1567434698000
1380556832687962;33.5;33.9;Mon Sep 02 2019 16:33:31 GMT+0200 (CEST);Mon Sep 02 2019 14:33:31 GMT+0200 (CEST);1567434811000
1380556832687962;33.5;31.9;Mon Sep 02 2019 16:35:29 GMT+0200 (CEST);Mon Sep 02 2019 14:35:29 GMT+0200 (CEST);1567434929000
1380556832687962;33.5;31.2;Mon Sep 02 2019 16:37:22 GMT+0200 (CEST);Mon Sep 02 2019 14:37:22 GMT+0200 (CEST);1567435042000
1380556832687962;33.5;31.7;Mon Sep 02 2019 16:39:15 GMT+0200 (CEST);Mon Sep 02 2019 14:39:15 GMT+0200 (CEST);1567435155000
1380556832687962;33.5;31.9;Mon Sep 02 2019 16:41:11 GMT+0200 (CEST);Mon Sep 02 2019 14:41:11 GMT+0200 (CEST);1567435271000
1380556832687962;33.5;32.3;Mon Sep 02 2019 16:43:05 GMT+0200 (CEST);Mon Sep 02 2019 14:43:05 GMT+0200 (CEST);1567435385000
1380556832687962;30;32.1;Mon Sep 02 2019 16:44:58 GMT+0200 (CEST);Mon Sep 02 2019 14:44:58 GMT+0200 (CEST);1567435498000
1380556832687962;30;32.8;Mon Sep 02 2019 16:46:51 GMT+0200 (CEST);Mon Sep 02 2019 14:46:51 GMT+0200 (CEST);1567435611000
1380556832687962;30;32.9;Mon Sep 02 2019 16:48:45 GMT+0200 (CEST);Mon Sep 02 2019 14:48:45 GMT+0200 (CEST);1567435725000
1380556832687962;29.5;32.9;Mon Sep 02 2019 16:50:45 GMT+0200 (CEST);Mon Sep 02 2019 14:50:45 GMT+0200 (CEST);1567435845000
1380556832687962;29.5;35.2;Mon Sep 02 2019 16:52:38 GMT+0200 (CEST);Mon Sep 02 2019 14:52:38 GMT+0200 (CEST);1567435958000
1380556832687962;29.5;34.4;Mon Sep 02 2019 16:54:32 GMT+0200 (CEST);Mon Sep 02 2019 14:54:32 GMT+0200 (CEST);1567436072000
1380556832687962;29.5;34.2;Mon Sep 02 2019 16:56:26 GMT+0200 (CEST);Mon Sep 02 2019 14:56:26 GMT+0200 (CEST);1567436186000
1380556832687962;29.5;34;Mon Sep 02 2019 16:58:28 GMT+0200 (CEST);Mon Sep 02 2019 14:58:28 GMT+0200 (CEST);1567436308000
1380556832687962;29.5;33.7;Mon Sep 02 2019 17:00:20 GMT+0200 (CEST);Mon Sep 02 2019 15:00:20 GMT+0200 (CEST);1567436420000
1380556832687962;29.5;33.7;Mon Sep 02 2019 17:02:15 GMT+0200 (CEST);Mon Sep 02 2019 15:02:15 GMT+0200 (CEST);1567436535000
1380556832687962;29.5;33.8;Mon Sep 02 2019 17:04:10 GMT+0200 (CEST);Mon Sep 02 2019 15:04:10 GMT+0200 (CEST);1567436650000
1380556832687962;33.5;33.5;Mon Sep 02 2019 17:06:15 GMT+0200 (CEST);Mon Sep 02 2019 15:06:15 GMT+0200 (CEST);1567436775000
1380556832687962;33.5;33.8;Mon Sep 02 2019 17:08:08 GMT+0200 (CEST);Mon Sep 02 2019 15:08:08 GMT+0200 (CEST);1567436888000
1380556832687962;34;33.8;Mon Sep 02 2019 17:10:02 GMT+0200 (CEST);Mon Sep 02 2019 15:10:02 GMT+0200 (CEST);1567437002000
1380556832687962;34;33.4;Mon Sep 02 2019 17:11:57 GMT+0200 (CEST);Mon Sep 02 2019 15:11:57 GMT+0200 (CEST);1567437117000
1380556832687962;34;32.4;Mon Sep 02 2019 17:13:49 GMT+0200 (CEST);Mon Sep 02 2019 15:13:49 GMT+0200 (CEST);1567437229000
1380556832687962;34;31.3;Mon Sep 02 2019 17:15:42 GMT+0200 (CEST);Mon Sep 02 2019 15:15:42 GMT+0200 (CEST);1567437342000
1380556832687962;34;32.6;Mon Sep 02 2019 17:17:35 GMT+0200 (CEST);Mon Sep 02 2019 15:17:35 GMT+0200 (CEST);1567437455000
1380556832687962;34;32.6;Mon Sep 02 2019 17:19:27 GMT+0200 (CEST);Mon Sep 02 2019 15:19:27 GMT+0200 (CEST);1567437567000
1380556832687962;34;31.6;Mon Sep 02 2019 17:21:20 GMT+0200 (CEST);Mon Sep 02 2019 15:21:20 GMT+0200 (CEST);1567437680000
1380556832687962;34;32;Mon Sep 02 2019 17:23:16 GMT+0200 (CEST);Mon Sep 02 2019 15:23:16 GMT+0200 (CEST);1567437796000
1380556832687962;31.5;31.6;Mon Sep 02 2019 17:25:11 GMT+0200 (CEST);Mon Sep 02 2019 15:25:11 GMT+0200 (CEST);1567437911000
1380556832687962;31.5;31.7;Mon Sep 02 2019 17:27:04 GMT+0200 (CEST);Mon Sep 02 2019 15:27:04 GMT+0200 (CEST);1567438024000
1380556832687962;29.5;31.7;Mon Sep 02 2019 17:28:57 GMT+0200 (CEST);Mon Sep 02 2019 15:28:57 GMT+0200 (CEST);1567438137000
1380556832687962;29.5;31.9;Mon Sep 02 2019 17:30:51 GMT+0200 (CEST);Mon Sep 02 2019 15:30:51 GMT+0200 (CEST);1567438251000
1380556832687962;29.5;32;Mon Sep 02 2019 17:32:44 GMT+0200 (CEST);Mon Sep 02 2019 15:32:44 GMT+0200 (CEST);1567438364000
1380556832687962;28;32.2;Mon Sep 02 2019 17:34:36 GMT+0200 (CEST);Mon Sep 02 2019 15:34:36 GMT+0200 (CEST);1567438476000
1380556832687962;28;34.2;Mon Sep 02 2019 17:36:29 GMT+0200 (CEST);Mon Sep 02 2019 15:36:29 GMT+0200 (CEST);1567438589000
1380556832687962;28;34.6;Mon Sep 02 2019 17:38:22 GMT+0200 (CEST);Mon Sep 02 2019 15:38:22 GMT+0200 (CEST);1567438702000
1380556832687962;28;34.4;Mon Sep 02 2019 17:40:15 GMT+0200 (CEST);Mon Sep 02 2019 15:40:15 GMT+0200 (CEST);1567438815000
1380556832687962;28;33.9;Mon Sep 02 2019 17:42:08 GMT+0200 (CEST);Mon Sep 02 2019 15:42:08 GMT+0200 (CEST);1567438928000
1380556832687962;29.5;33.1;Mon Sep 02 2019 17:44:00 GMT+0200 (CEST);Mon Sep 02 2019 15:44:00 GMT+0200 (CEST);1567439040000
1380556832687962;29.5;32.5;Mon Sep 02 2019 17:45:53 GMT+0200 (CEST);Mon Sep 02 2019 15:45:53 GMT+0200 (CEST);1567439153000
1380556832687962;29.5;33.8;Mon Sep 02 2019 17:47:46 GMT+0200 (CEST);Mon Sep 02 2019 15:47:46 GMT+0200 (CEST);1567439266000
1380556832687962;29.5;33.3;Mon Sep 02 2019 17:49:39 GMT+0200 (CEST);Mon Sep 02 2019 15:49:39 GMT+0200 (CEST);1567439379000
1380556832687962;29.5;33.6;Mon Sep 02 2019 17:51:32 GMT+0200 (CEST);Mon Sep 02 2019 15:51:32 GMT+0200 (CEST);1567439492000
1380556832687962;29.5;33;Mon Sep 02 2019 17:53:24 GMT+0200 (CEST);Mon Sep 02 2019 15:53:24 GMT+0200 (CEST);1567439604000
1380556832687962;29.5;33.7;Mon Sep 02 2019 17:55:17 GMT+0200 (CEST);Mon Sep 02 2019 15:55:17 GMT+0200 (CEST);1567439717000
1380556832687962;29.5;31.5;Mon Sep 02 2019 17:57:11 GMT+0200 (CEST);Mon Sep 02 2019 15:57:11 GMT+0200 (CEST);1567439831000
1380556832687962;29.5;33.4;Mon Sep 02 2019 17:59:04 GMT+0200 (CEST);Mon Sep 02 2019 15:59:04 GMT+0200 (CEST);1567439944000
1380556832687962;29.5;33.8;Mon Sep 02 2019 18:00:56 GMT+0200 (CEST);Mon Sep 02 2019 16:00:56 GMT+0200 (CEST);1567440056000
1380556832687962;29.5;33.7;Mon Sep 02 2019 18:02:50 GMT+0200 (CEST);Mon Sep 02 2019 16:02:50 GMT+0200 (CEST);1567440170000
1380556832687962;29.5;33.8;Mon Sep 02 2019 18:04:43 GMT+0200 (CEST);Mon Sep 02 2019 16:04:43 GMT+0200 (CEST);1567440283000
1380556832687962;29.5;33.8;Mon Sep 02 2019 18:06:36 GMT+0200 (CEST);Mon Sep 02 2019 16:06:36 GMT+0200 (CEST);1567440396000
1380556832687962;29.5;33.6;Mon Sep 02 2019 18:08:29 GMT+0200 (CEST);Mon Sep 02 2019 16:08:29 GMT+0200 (CEST);1567440509000
1380556832687962;29.5;33.4;Mon Sep 02 2019 18:10:21 GMT+0200 (CEST);Mon Sep 02 2019 16:10:21 GMT+0200 (CEST);1567440621000
1380556832687962;29.5;33.2;Mon Sep 02 2019 18:12:15 GMT+0200 (CEST);Mon Sep 02 2019 16:12:15 GMT+0200 (CEST);1567440735000
1380556832687962;29.5;33.5;Mon Sep 02 2019 18:14:07 GMT+0200 (CEST);Mon Sep 02 2019 16:14:07 GMT+0200 (CEST);1567440847000
1380556832687962;29.5;33.3;Mon Sep 02 2019 18:16:00 GMT+0200 (CEST);Mon Sep 02 2019 16:16:00 GMT+0200 (CEST);1567440960000
1380556832687962;29.5;33.8;Mon Sep 02 2019 18:17:53 GMT+0200 (CEST);Mon Sep 02 2019 16:17:53 GMT+0200 (CEST);1567441073000
1380556832687962;29.5;33.9;Mon Sep 02 2019 18:19:45 GMT+0200 (CEST);Mon Sep 02 2019 16:19:45 GMT+0200 (CEST);1567441185000
1380556832687962;29.5;33.8;Mon Sep 02 2019 18:21:38 GMT+0200 (CEST);Mon Sep 02 2019 16:21:38 GMT+0200 (CEST);1567441298000
1380556832687962;29.5;33.5;Mon Sep 02 2019 18:23:31 GMT+0200 (CEST);Mon Sep 02 2019 16:23:31 GMT+0200 (CEST);1567441411000
1380556832687962;29.5;33.4;Mon Sep 02 2019 18:25:26 GMT+0200 (CEST);Mon Sep 02 2019 16:25:26 GMT+0200 (CEST);1567441526000
1380556832687962;29.5;33.2;Mon Sep 02 2019 18:27:19 GMT+0200 (CEST);Mon Sep 02 2019 16:27:19 GMT+0200 (CEST);1567441639000
1380556832687962;29.5;33.2;Mon Sep 02 2019 18:29:12 GMT+0200 (CEST);Mon Sep 02 2019 16:29:12 GMT+0200 (CEST);1567441752000
1380556832687962;29.5;33.3;Mon Sep 02 2019 18:31:04 GMT+0200 (CEST);Mon Sep 02 2019 16:31:04 GMT+0200 (CEST);1567441864000
1380556832687962;29.5;33.3;Mon Sep 02 2019 18:33:01 GMT+0200 (CEST);Mon Sep 02 2019 16:33:01 GMT+0200 (CEST);1567441981000
1380556832687962;29.5;33.3;Mon Sep 02 2019 18:34:54 GMT+0200 (CEST);Mon Sep 02 2019 16:34:54 GMT+0200 (CEST);1567442094000
1380556832687962;28;33.5;Mon Sep 02 2019 18:36:52 GMT+0200 (CEST);Mon Sep 02 2019 16:36:52 GMT+0200 (CEST);1567442212000
1380556832687962;28;33.8;Mon Sep 02 2019 18:38:45 GMT+0200 (CEST);Mon Sep 02 2019 16:38:45 GMT+0200 (CEST);1567442325000
1380556832687962;28;33.4;Mon Sep 02 2019 18:40:41 GMT+0200 (CEST);Mon Sep 02 2019 16:40:41 GMT+0200 (CEST);1567442441000
1380556832687962;28;33.2;Mon Sep 02 2019 18:42:33 GMT+0200 (CEST);Mon Sep 02 2019 16:42:33 GMT+0200 (CEST);1567442553000
1380556832687962;28;33.3;Mon Sep 02 2019 18:44:27 GMT+0200 (CEST);Mon Sep 02 2019 16:44:27 GMT+0200 (CEST);1567442667000
1380556832687962;27.5;33.5;Mon Sep 02 2019 18:46:19 GMT+0200 (CEST);Mon Sep 02 2019 16:46:19 GMT+0200 (CEST);1567442779000
1380556832687962;27.5;33.3;Mon Sep 02 2019 18:48:12 GMT+0200 (CEST);Mon Sep 02 2019 16:48:12 GMT+0200 (CEST);1567442892000
1380556832687962;27.5;33.2;Mon Sep 02 2019 18:50:05 GMT+0200 (CEST);Mon Sep 02 2019 16:50:05 GMT+0200 (CEST);1567443005000
1380556832687962;27.5;33;Mon Sep 02 2019 18:51:58 GMT+0200 (CEST);Mon Sep 02 2019 16:51:58 GMT+0200 (CEST);1567443118000
1380556832687962;27.5;33.1;Mon Sep 02 2019 18:53:52 GMT+0200 (CEST);Mon Sep 02 2019 16:53:52 GMT+0200 (CEST);1567443232000
1380556832687962;27.5;32.9;Mon Sep 02 2019 18:55:45 GMT+0200 (CEST);Mon Sep 02 2019 16:55:45 GMT+0200 (CEST);1567443345000
1380556832687962;27.5;31.2;Mon Sep 02 2019 18:57:53 GMT+0200 (CEST);Mon Sep 02 2019 16:57:53 GMT+0200 (CEST);1567443473000
1380556832687962;26;31.1;Mon Sep 02 2019 18:59:46 GMT+0200 (CEST);Mon Sep 02 2019 16:59:46 GMT+0200 (CEST);1567443586000
1380556832687962;26;31.4;Mon Sep 02 2019 19:01:40 GMT+0200 (CEST);Mon Sep 02 2019 17:01:40 GMT+0200 (CEST);1567443700000
1380556832687962;26;31.2;Mon Sep 02 2019 19:03:33 GMT+0200 (CEST);Mon Sep 02 2019 17:03:33 GMT+0200 (CEST);1567443813000
1380556832687962;25.5;31.2;Mon Sep 02 2019 19:05:25 GMT+0200 (CEST);Mon Sep 02 2019 17:05:25 GMT+0200 (CEST);1567443925000
1380556832687962;25.5;30.9;Mon Sep 02 2019 19:07:18 GMT+0200 (CEST);Mon Sep 02 2019 17:07:18 GMT+0200 (CEST);1567444038000
1380556832687962;25.5;30.6;Mon Sep 02 2019 19:09:10 GMT+0200 (CEST);Mon Sep 02 2019 17:09:10 GMT+0200 (CEST);1567444150000
1380556832687962;25.5;30.3;Mon Sep 02 2019 19:11:03 GMT+0200 (CEST);Mon Sep 02 2019 17:11:03 GMT+0200 (CEST);1567444263000
1380556832687962;25.5;31;Mon Sep 02 2019 19:12:56 GMT+0200 (CEST);Mon Sep 02 2019 17:12:56 GMT+0200 (CEST);1567444376000
1380556832687962;23;30.8;Mon Sep 02 2019 19:14:48 GMT+0200 (CEST);Mon Sep 02 2019 17:14:48 GMT+0200 (CEST);1567444488000
1380556832687962;23;30.8;Mon Sep 02 2019 19:16:41 GMT+0200 (CEST);Mon Sep 02 2019 17:16:41 GMT+0200 (CEST);1567444601000
1380556832687962;23;30.9;Mon Sep 02 2019 19:18:34 GMT+0200 (CEST);Mon Sep 02 2019 17:18:34 GMT+0200 (CEST);1567444714000
1380556832687962;23;30.9;Mon Sep 02 2019 19:20:27 GMT+0200 (CEST);Mon Sep 02 2019 17:20:27 GMT+0200 (CEST);1567444827000
1380556832687962;23;30.8;Mon Sep 02 2019 19:22:20 GMT+0200 (CEST);Mon Sep 02 2019 17:22:20 GMT+0200 (CEST);1567444940000
1380556832687962;23;30.8;Mon Sep 02 2019 19:24:12 GMT+0200 (CEST);Mon Sep 02 2019 17:24:12 GMT+0200 (CEST);1567445052000
1380556832687962;23;30.5;Mon Sep 02 2019 19:26:05 GMT+0200 (CEST);Mon Sep 02 2019 17:26:05 GMT+0200 (CEST);1567445165000
1380556832687962;23;30.5;Mon Sep 02 2019 19:27:58 GMT+0200 (CEST);Mon Sep 02 2019 17:27:58 GMT+0200 (CEST);1567445278000
1380556832687962;23;29.5;Mon Sep 02 2019 19:29:51 GMT+0200 (CEST);Mon Sep 02 2019 17:29:51 GMT+0200 (CEST);1567445391000
1380556832687962;23;27.4;Mon Sep 02 2019 19:31:44 GMT+0200 (CEST);Mon Sep 02 2019 17:31:44 GMT+0200 (CEST);1567445504000
1380556832687962;23;27.2;Mon Sep 02 2019 19:33:39 GMT+0200 (CEST);Mon Sep 02 2019 17:33:39 GMT+0200 (CEST);1567445619000
1380556832687962;23;27.1;Mon Sep 02 2019 19:35:32 GMT+0200 (CEST);Mon Sep 02 2019 17:35:32 GMT+0200 (CEST);1567445732000
1380556832687962;21.5;27.4;Mon Sep 02 2019 19:37:25 GMT+0200 (CEST);Mon Sep 02 2019 17:37:25 GMT+0200 (CEST);1567445845000
1380556832687962;21.5;27.4;Mon Sep 02 2019 19:39:18 GMT+0200 (CEST);Mon Sep 02 2019 17:39:18 GMT+0200 (CEST);1567445958000
1380556832687962;21.5;26.5;Mon Sep 02 2019 19:41:10 GMT+0200 (CEST);Mon Sep 02 2019 17:41:10 GMT+0200 (CEST);1567446070000
1380556832687962;21.5;25.9;Mon Sep 02 2019 19:43:03 GMT+0200 (CEST);Mon Sep 02 2019 17:43:03 GMT+0200 (CEST);1567446183000
1380556832687962;21.5;25.1;Mon Sep 02 2019 19:44:55 GMT+0200 (CEST);Mon Sep 02 2019 17:44:55 GMT+0200 (CEST);1567446295000
1380556832687962;19.4;25.1;Mon Sep 02 2019 19:46:48 GMT+0200 (CEST);Mon Sep 02 2019 17:46:48 GMT+0200 (CEST);1567446408000
1380556832687962;19.4;24.4;Mon Sep 02 2019 19:48:41 GMT+0200 (CEST);Mon Sep 02 2019 17:48:41 GMT+0200 (CEST);1567446521000
1380556832687962;19.4;24.3;Mon Sep 02 2019 19:50:33 GMT+0200 (CEST);Mon Sep 02 2019 17:50:33 GMT+0200 (CEST);1567446633000
1380556832687962;19.4;23.7;Mon Sep 02 2019 19:52:27 GMT+0200 (CEST);Mon Sep 02 2019 17:52:27 GMT+0200 (CEST);1567446747000
1380556832687962;19.4;23.3;Mon Sep 02 2019 19:54:20 GMT+0200 (CEST);Mon Sep 02 2019 17:54:20 GMT+0200 (CEST);1567446860000
1380556832687962;19.4;29.8;Mon Sep 02 2019 19:56:13 GMT+0200 (CEST);Mon Sep 02 2019 17:56:13 GMT+0200 (CEST);1567446973000
1380556832687962;19.4;28.5;Mon Sep 02 2019 19:58:06 GMT+0200 (CEST);Mon Sep 02 2019 17:58:06 GMT+0200 (CEST);1567447086000
1380556832687962;19.4;28.5;Mon Sep 02 2019 19:59:59 GMT+0200 (CEST);Mon Sep 02 2019 17:59:59 GMT+0200 (CEST);1567447199000
1380556832687962;19.4;26.5;Mon Sep 02 2019 20:01:52 GMT+0200 (CEST);Mon Sep 02 2019 18:01:52 GMT+0200 (CEST);1567447312000
1380556832687962;19.4;26.5;Mon Sep 02 2019 20:03:45 GMT+0200 (CEST);Mon Sep 02 2019 18:03:45 GMT+0200 (CEST);1567447425000
1380556832687962;6.8;29.9;Tue Sep 03 2019 06:49:25 GMT+0200 (CEST);Tue Sep 03 2019 04:49:25 GMT+0200 (CEST);1567486165000
1380556832687962;7.9;31;Tue Sep 03 2019 06:51:18 GMT+0200 (CEST);Tue Sep 03 2019 04:51:18 GMT+0200 (CEST);1567486278000
1380556832687962;9.4;30.9;Tue Sep 03 2019 06:53:10 GMT+0200 (CEST);Tue Sep 03 2019 04:53:10 GMT+0200 (CEST);1567486390000
1380556832687962;9.4;32.3;Tue Sep 03 2019 06:55:05 GMT+0200 (CEST);Tue Sep 03 2019 04:55:05 GMT+0200 (CEST);1567486505000
1380556832687962;9.9;34.2;Tue Sep 03 2019 06:56:57 GMT+0200 (CEST);Tue Sep 03 2019 04:56:57 GMT+0200 (CEST);1567486617000
1380556832687962;11.4;34.9;Tue Sep 03 2019 06:58:52 GMT+0200 (CEST);Tue Sep 03 2019 04:58:52 GMT+0200 (CEST);1567486732000
1380556832687962;11.9;32.9;Tue Sep 03 2019 07:00:45 GMT+0200 (CEST);Tue Sep 03 2019 05:00:45 GMT+0200 (CEST);1567486845000
1380556832687962;11.9;32.7;Tue Sep 03 2019 07:02:39 GMT+0200 (CEST);Tue Sep 03 2019 05:02:39 GMT+0200 (CEST);1567486959000
1380556832687962;11.4;32;Tue Sep 03 2019 07:04:32 GMT+0200 (CEST);Tue Sep 03 2019 05:04:32 GMT+0200 (CEST);1567487072000
1380556832687962;11.4;31.7;Tue Sep 03 2019 07:06:25 GMT+0200 (CEST);Tue Sep 03 2019 05:06:25 GMT+0200 (CEST);1567487185000
1380556832687962;11.4;31.9;Tue Sep 03 2019 07:08:17 GMT+0200 (CEST);Tue Sep 03 2019 05:08:17 GMT+0200 (CEST);1567487297000
1380556832687962;11.4;32.1;Tue Sep 03 2019 07:10:10 GMT+0200 (CEST);Tue Sep 03 2019 05:10:10 GMT+0200 (CEST);1567487410000
1380556832687962;11.4;32.3;Tue Sep 03 2019 07:12:03 GMT+0200 (CEST);Tue Sep 03 2019 05:12:03 GMT+0200 (CEST);1567487523000
1380556832687962;11.4;32.5;Tue Sep 03 2019 07:13:56 GMT+0200 (CEST);Tue Sep 03 2019 05:13:56 GMT+0200 (CEST);1567487636000
1380556832687962;11.4;32.6;Tue Sep 03 2019 07:15:48 GMT+0200 (CEST);Tue Sep 03 2019 05:15:48 GMT+0200 (CEST);1567487748000
1380556832687962;11.9;32.8;Tue Sep 03 2019 07:17:41 GMT+0200 (CEST);Tue Sep 03 2019 05:17:41 GMT+0200 (CEST);1567487861000
1380556832687962;11.9;32.9;Tue Sep 03 2019 07:19:33 GMT+0200 (CEST);Tue Sep 03 2019 05:19:33 GMT+0200 (CEST);1567487973000
1380556832687962;11.9;33.1;Tue Sep 03 2019 07:21:31 GMT+0200 (CEST);Tue Sep 03 2019 05:21:31 GMT+0200 (CEST);1567488091000
1380556832687962;11.9;33.1;Tue Sep 03 2019 07:23:23 GMT+0200 (CEST);Tue Sep 03 2019 05:23:23 GMT+0200 (CEST);1567488203000
1380556832687962;11.9;33.2;Tue Sep 03 2019 07:25:16 GMT+0200 (CEST);Tue Sep 03 2019 05:25:16 GMT+0200 (CEST);1567488316000
1380556832687962;11.9;33.3;Tue Sep 03 2019 07:27:09 GMT+0200 (CEST);Tue Sep 03 2019 05:27:09 GMT+0200 (CEST);1567488429000
1380556832687962;11.9;33.4;Tue Sep 03 2019 07:29:04 GMT+0200 (CEST);Tue Sep 03 2019 05:29:04 GMT+0200 (CEST);1567488544000
1380556832687962;11.9;33.5;Tue Sep 03 2019 07:31:01 GMT+0200 (CEST);Tue Sep 03 2019 05:31:01 GMT+0200 (CEST);1567488661000
1380556832687962;11.9;34.3;Tue Sep 03 2019 07:32:54 GMT+0200 (CEST);Tue Sep 03 2019 05:32:54 GMT+0200 (CEST);1567488774000
1380556832687962;11.9;34.3;Tue Sep 03 2019 07:34:47 GMT+0200 (CEST);Tue Sep 03 2019 05:34:47 GMT+0200 (CEST);1567488887000
1380556832687962;13.4;34.5;Tue Sep 03 2019 07:36:40 GMT+0200 (CEST);Tue Sep 03 2019 05:36:40 GMT+0200 (CEST);1567489000000
1380556832687962;13.4;34.4;Tue Sep 03 2019 07:38:33 GMT+0200 (CEST);Tue Sep 03 2019 05:38:33 GMT+0200 (CEST);1567489113000
1380556832687962;13.4;34.6;Tue Sep 03 2019 07:40:27 GMT+0200 (CEST);Tue Sep 03 2019 05:40:27 GMT+0200 (CEST);1567489227000
1380556832687962;13.4;34.7;Tue Sep 03 2019 07:42:20 GMT+0200 (CEST);Tue Sep 03 2019 05:42:20 GMT+0200 (CEST);1567489340000
1380556832687962;13.4;34.9;Tue Sep 03 2019 07:44:14 GMT+0200 (CEST);Tue Sep 03 2019 05:44:14 GMT+0200 (CEST);1567489454000
1380556832687962;13.4;36.4;Tue Sep 03 2019 07:46:07 GMT+0200 (CEST);Tue Sep 03 2019 05:46:07 GMT+0200 (CEST);1567489567000
1380556832687962;13.4;39.5;Tue Sep 03 2019 07:48:00 GMT+0200 (CEST);Tue Sep 03 2019 05:48:00 GMT+0200 (CEST);1567489680000
1380556832687962;13.4;40.4;Tue Sep 03 2019 07:49:56 GMT+0200 (CEST);Tue Sep 03 2019 05:49:56 GMT+0200 (CEST);1567489796000
1380556832687962;17.4;40.4;Tue Sep 03 2019 07:51:48 GMT+0200 (CEST);Tue Sep 03 2019 05:51:48 GMT+0200 (CEST);1567489908000
1380556832687962;17.4;40.4;Tue Sep 03 2019 07:53:42 GMT+0200 (CEST);Tue Sep 03 2019 05:53:42 GMT+0200 (CEST);1567490022000
1380556832687962;19.4;40.4;Tue Sep 03 2019 07:55:37 GMT+0200 (CEST);Tue Sep 03 2019 05:55:37 GMT+0200 (CEST);1567490137000
1380556832687962;19.4;40.4;Tue Sep 03 2019 07:57:30 GMT+0200 (CEST);Tue Sep 03 2019 05:57:30 GMT+0200 (CEST);1567490250000
1380556832687962;19.4;40.4;Tue Sep 03 2019 07:59:22 GMT+0200 (CEST);Tue Sep 03 2019 05:59:22 GMT+0200 (CEST);1567490362000
1380556832687962;19.4;40.4;Tue Sep 03 2019 08:01:15 GMT+0200 (CEST);Tue Sep 03 2019 06:01:15 GMT+0200 (CEST);1567490475000
1380556832687962;19.4;40.4;Tue Sep 03 2019 08:03:09 GMT+0200 (CEST);Tue Sep 03 2019 06:03:09 GMT+0200 (CEST);1567490589000
1380556832687962;21.5;40.4;Tue Sep 03 2019 08:05:01 GMT+0200 (CEST);Tue Sep 03 2019 06:05:01 GMT+0200 (CEST);1567490701000
1380556832687962;21.5;40.4;Tue Sep 03 2019 08:06:58 GMT+0200 (CEST);Tue Sep 03 2019 06:06:58 GMT+0200 (CEST);1567490818000
1380556832687962;21.5;40.4;Tue Sep 03 2019 08:08:51 GMT+0200 (CEST);Tue Sep 03 2019 06:08:51 GMT+0200 (CEST);1567490931000
1380556832687962;21.5;40.4;Tue Sep 03 2019 08:10:44 GMT+0200 (CEST);Tue Sep 03 2019 06:10:44 GMT+0200 (CEST);1567491044000
1380556832687962;21.5;40.4;Tue Sep 03 2019 08:12:37 GMT+0200 (CEST);Tue Sep 03 2019 06:12:37 GMT+0200 (CEST);1567491157000
1380556832687962;22;40.4;Tue Sep 03 2019 08:14:31 GMT+0200 (CEST);Tue Sep 03 2019 06:14:31 GMT+0200 (CEST);1567491271000
1380556832687962;22;40.4;Tue Sep 03 2019 08:16:24 GMT+0200 (CEST);Tue Sep 03 2019 06:16:24 GMT+0200 (CEST);1567491384000
1380556832687962;22;36.8;Tue Sep 03 2019 08:18:17 GMT+0200 (CEST);Tue Sep 03 2019 06:18:17 GMT+0200 (CEST);1567491497000
1380556832687962;22;36.5;Tue Sep 03 2019 08:20:10 GMT+0200 (CEST);Tue Sep 03 2019 06:20:10 GMT+0200 (CEST);1567491610000
1380556832687962;22;36.4;Tue Sep 03 2019 08:22:03 GMT+0200 (CEST);Tue Sep 03 2019 06:22:03 GMT+0200 (CEST);1567491723000
1380556832687962;22;36.4;Tue Sep 03 2019 08:23:56 GMT+0200 (CEST);Tue Sep 03 2019 06:23:56 GMT+0200 (CEST);1567491836000
1380556832687962;21.5;36.4;Tue Sep 03 2019 08:25:49 GMT+0200 (CEST);Tue Sep 03 2019 06:25:49 GMT+0200 (CEST);1567491949000
1380556832687962;21.5;36.4;Tue Sep 03 2019 08:27:42 GMT+0200 (CEST);Tue Sep 03 2019 06:27:42 GMT+0200 (CEST);1567492062000
1380556832687962;22;36.3;Tue Sep 03 2019 08:29:35 GMT+0200 (CEST);Tue Sep 03 2019 06:29:35 GMT+0200 (CEST);1567492175000
1380556832687962;22;36.1;Tue Sep 03 2019 08:31:28 GMT+0200 (CEST);Tue Sep 03 2019 06:31:28 GMT+0200 (CEST);1567492288000
1380556832687962;22;36.3;Tue Sep 03 2019 08:33:20 GMT+0200 (CEST);Tue Sep 03 2019 06:33:20 GMT+0200 (CEST);1567492400000
1380556832687962;23;36.1;Tue Sep 03 2019 08:35:14 GMT+0200 (CEST);Tue Sep 03 2019 06:35:14 GMT+0200 (CEST);1567492514000
1380556832687962;23;36.1;Tue Sep 03 2019 08:37:06 GMT+0200 (CEST);Tue Sep 03 2019 06:37:06 GMT+0200 (CEST);1567492626000
1380556832687962;23;35.9;Tue Sep 03 2019 08:38:59 GMT+0200 (CEST);Tue Sep 03 2019 06:38:59 GMT+0200 (CEST);1567492739000
1380556832687962;23;36;Tue Sep 03 2019 08:40:51 GMT+0200 (CEST);Tue Sep 03 2019 06:40:51 GMT+0200 (CEST);1567492851000
1380556832687962;23;35.9;Tue Sep 03 2019 08:42:44 GMT+0200 (CEST);Tue Sep 03 2019 06:42:44 GMT+0200 (CEST);1567492964000
1380556832687962;25.5;35.9;Tue Sep 03 2019 08:44:36 GMT+0200 (CEST);Tue Sep 03 2019 06:44:36 GMT+0200 (CEST);1567493076000
1380556832687962;25.5;35.9;Tue Sep 03 2019 08:46:31 GMT+0200 (CEST);Tue Sep 03 2019 06:46:31 GMT+0200 (CEST);1567493191000
1380556832687962;25.5;35.7;Tue Sep 03 2019 08:48:25 GMT+0200 (CEST);Tue Sep 03 2019 06:48:25 GMT+0200 (CEST);1567493305000
1380556832687962;25.5;35;Tue Sep 03 2019 08:50:20 GMT+0200 (CEST);Tue Sep 03 2019 06:50:20 GMT+0200 (CEST);1567493420000
1380556832687962;25.5;34.5;Tue Sep 03 2019 08:52:13 GMT+0200 (CEST);Tue Sep 03 2019 06:52:13 GMT+0200 (CEST);1567493533000
1380556832687962;26;34.6;Tue Sep 03 2019 08:54:06 GMT+0200 (CEST);Tue Sep 03 2019 06:54:06 GMT+0200 (CEST);1567493646000
1380556832687962;26;34.6;Tue Sep 03 2019 08:56:02 GMT+0200 (CEST);Tue Sep 03 2019 06:56:02 GMT+0200 (CEST);1567493762000
1380556832687962;26;35.2;Tue Sep 03 2019 08:57:55 GMT+0200 (CEST);Tue Sep 03 2019 06:57:55 GMT+0200 (CEST);1567493875000
1380556832687962;26;35.4;Tue Sep 03 2019 08:59:48 GMT+0200 (CEST);Tue Sep 03 2019 06:59:48 GMT+0200 (CEST);1567493988000
1380556832687962;26;35.4;Tue Sep 03 2019 09:01:44 GMT+0200 (CEST);Tue Sep 03 2019 07:01:44 GMT+0200 (CEST);1567494104000
1380556832687962;26;35.5;Tue Sep 03 2019 09:03:36 GMT+0200 (CEST);Tue Sep 03 2019 07:03:36 GMT+0200 (CEST);1567494216000
1380556832687962;26;35.3;Tue Sep 03 2019 09:05:31 GMT+0200 (CEST);Tue Sep 03 2019 07:05:31 GMT+0200 (CEST);1567494331000
1380556832687962;26;35.4;Tue Sep 03 2019 09:07:24 GMT+0200 (CEST);Tue Sep 03 2019 07:07:24 GMT+0200 (CEST);1567494444000
1380556832687962;26;35.1;Tue Sep 03 2019 09:09:17 GMT+0200 (CEST);Tue Sep 03 2019 07:09:17 GMT+0200 (CEST);1567494557000
1380556832687962;26;35.1;Tue Sep 03 2019 09:11:10 GMT+0200 (CEST);Tue Sep 03 2019 07:11:10 GMT+0200 (CEST);1567494670000
1380556832687962;29.5;35;Tue Sep 03 2019 09:13:03 GMT+0200 (CEST);Tue Sep 03 2019 07:13:03 GMT+0200 (CEST);1567494783000
1380556832687962;29.5;35;Tue Sep 03 2019 09:14:55 GMT+0200 (CEST);Tue Sep 03 2019 07:14:55 GMT+0200 (CEST);1567494895000
1380556832687962;29.5;35;Tue Sep 03 2019 09:16:48 GMT+0200 (CEST);Tue Sep 03 2019 07:16:48 GMT+0200 (CEST);1567495008000
1380556832687962;29.5;34.9;Tue Sep 03 2019 09:18:40 GMT+0200 (CEST);Tue Sep 03 2019 07:18:40 GMT+0200 (CEST);1567495120000
1380556832687962;29.5;34.8;Tue Sep 03 2019 09:20:33 GMT+0200 (CEST);Tue Sep 03 2019 07:20:33 GMT+0200 (CEST);1567495233000
1380556832687962;30;34.5;Tue Sep 03 2019 09:22:26 GMT+0200 (CEST);Tue Sep 03 2019 07:22:26 GMT+0200 (CEST);1567495346000
1380556832687962;30;34.4;Tue Sep 03 2019 09:24:19 GMT+0200 (CEST);Tue Sep 03 2019 07:24:19 GMT+0200 (CEST);1567495459000
1380556832687962;30;34.4;Tue Sep 03 2019 09:26:12 GMT+0200 (CEST);Tue Sep 03 2019 07:26:12 GMT+0200 (CEST);1567495572000
1380556832687962;32;34.3;Tue Sep 03 2019 09:28:05 GMT+0200 (CEST);Tue Sep 03 2019 07:28:05 GMT+0200 (CEST);1567495685000
1380556832687962;32;34.1;Tue Sep 03 2019 09:29:57 GMT+0200 (CEST);Tue Sep 03 2019 07:29:57 GMT+0200 (CEST);1567495797000
1380556832687962;32;33.5;Tue Sep 03 2019 09:31:50 GMT+0200 (CEST);Tue Sep 03 2019 07:31:50 GMT+0200 (CEST);1567495910000
1380556832687962;33.5;33.7;Tue Sep 03 2019 09:33:43 GMT+0200 (CEST);Tue Sep 03 2019 07:33:43 GMT+0200 (CEST);1567496023000
1380556832687962;33.5;33.6;Tue Sep 03 2019 09:35:37 GMT+0200 (CEST);Tue Sep 03 2019 07:35:37 GMT+0200 (CEST);1567496137000
1380556832687962;34;34.1;Tue Sep 03 2019 09:37:32 GMT+0200 (CEST);Tue Sep 03 2019 07:37:32 GMT+0200 (CEST);1567496252000
1380556832687962;34;33.7;Tue Sep 03 2019 09:39:25 GMT+0200 (CEST);Tue Sep 03 2019 07:39:25 GMT+0200 (CEST);1567496365000
1380556832687962;34;33.4;Tue Sep 03 2019 09:41:18 GMT+0200 (CEST);Tue Sep 03 2019 07:41:18 GMT+0200 (CEST);1567496478000
1380556832687962;34;33.3;Tue Sep 03 2019 09:43:10 GMT+0200 (CEST);Tue Sep 03 2019 07:43:10 GMT+0200 (CEST);1567496590000
1380556832687962;34;33.7;Tue Sep 03 2019 09:45:03 GMT+0200 (CEST);Tue Sep 03 2019 07:45:03 GMT+0200 (CEST);1567496703000
1380556832687962;36.1;33.4;Tue Sep 03 2019 09:46:56 GMT+0200 (CEST);Tue Sep 03 2019 07:46:56 GMT+0200 (CEST);1567496816000
1380556832687962;36.1;33.4;Tue Sep 03 2019 09:48:48 GMT+0200 (CEST);Tue Sep 03 2019 07:48:48 GMT+0200 (CEST);1567496928000
1380556832687962;36.1;33.1;Tue Sep 03 2019 09:50:41 GMT+0200 (CEST);Tue Sep 03 2019 07:50:41 GMT+0200 (CEST);1567497041000
1380556832687962;37.6;33.5;Tue Sep 03 2019 09:52:35 GMT+0200 (CEST);Tue Sep 03 2019 07:52:35 GMT+0200 (CEST);1567497155000
1380556832687962;37.6;33.3;Tue Sep 03 2019 09:54:29 GMT+0200 (CEST);Tue Sep 03 2019 07:54:29 GMT+0200 (CEST);1567497269000
1380556832687962;37.6;33.3;Tue Sep 03 2019 09:56:24 GMT+0200 (CEST);Tue Sep 03 2019 07:56:24 GMT+0200 (CEST);1567497384000
1380556832687962;37.6;33.6;Tue Sep 03 2019 09:58:18 GMT+0200 (CEST);Tue Sep 03 2019 07:58:18 GMT+0200 (CEST);1567497498000
1380556832687962;37.6;33.6;Tue Sep 03 2019 10:00:12 GMT+0200 (CEST);Tue Sep 03 2019 08:00:12 GMT+0200 (CEST);1567497612000
1380556832687962;37.6;33.3;Tue Sep 03 2019 10:02:10 GMT+0200 (CEST);Tue Sep 03 2019 08:02:10 GMT+0200 (CEST);1567497730000
1380556832687962;37.6;33.3;Tue Sep 03 2019 10:04:03 GMT+0200 (CEST);Tue Sep 03 2019 08:04:03 GMT+0200 (CEST);1567497843000
1380556832687962;37.6;33.3;Tue Sep 03 2019 10:05:56 GMT+0200 (CEST);Tue Sep 03 2019 08:05:56 GMT+0200 (CEST);1567497956000
1380556832687962;38.1;33.4;Tue Sep 03 2019 10:07:49 GMT+0200 (CEST);Tue Sep 03 2019 08:07:49 GMT+0200 (CEST);1567498069000
1380556832687962;38.1;33.2;Tue Sep 03 2019 10:09:42 GMT+0200 (CEST);Tue Sep 03 2019 08:09:42 GMT+0200 (CEST);1567498182000
1380556832687962;38.1;33.1;Tue Sep 03 2019 10:11:35 GMT+0200 (CEST);Tue Sep 03 2019 08:11:35 GMT+0200 (CEST);1567498295000
1380556832687962;38.1;33.1;Tue Sep 03 2019 10:13:28 GMT+0200 (CEST);Tue Sep 03 2019 08:13:28 GMT+0200 (CEST);1567498408000
1380556832687962;38.1;33.1;Tue Sep 03 2019 10:15:20 GMT+0200 (CEST);Tue Sep 03 2019 08:15:20 GMT+0200 (CEST);1567498520000
1380556832687962;39.1;33.1;Tue Sep 03 2019 10:17:13 GMT+0200 (CEST);Tue Sep 03 2019 08:17:13 GMT+0200 (CEST);1567498633000
1380556832687962;39.1;33.1;Tue Sep 03 2019 10:19:05 GMT+0200 (CEST);Tue Sep 03 2019 08:19:05 GMT+0200 (CEST);1567498745000
1380556832687962;39.1;33.1;Tue Sep 03 2019 10:20:58 GMT+0200 (CEST);Tue Sep 03 2019 08:20:58 GMT+0200 (CEST);1567498858000
1380556832687962;39.1;32.7;Tue Sep 03 2019 10:22:51 GMT+0200 (CEST);Tue Sep 03 2019 08:22:51 GMT+0200 (CEST);1567498971000
1380556832687962;39.1;32.7;Tue Sep 03 2019 10:24:47 GMT+0200 (CEST);Tue Sep 03 2019 08:24:47 GMT+0200 (CEST);1567499087000
1380556832687962;39.1;32.7;Tue Sep 03 2019 10:26:40 GMT+0200 (CEST);Tue Sep 03 2019 08:26:40 GMT+0200 (CEST);1567499200000
1380556832687962;39.1;33;Tue Sep 03 2019 10:28:33 GMT+0200 (CEST);Tue Sep 03 2019 08:28:33 GMT+0200 (CEST);1567499313000
1380556832687962;41.6;32.9;Tue Sep 03 2019 10:30:36 GMT+0200 (CEST);Tue Sep 03 2019 08:30:36 GMT+0200 (CEST);1567499436000
1380556832687962;41.6;32.7;Tue Sep 03 2019 10:32:28 GMT+0200 (CEST);Tue Sep 03 2019 08:32:28 GMT+0200 (CEST);1567499548000
1380556832687962;41.6;32.7;Tue Sep 03 2019 10:34:22 GMT+0200 (CEST);Tue Sep 03 2019 08:34:22 GMT+0200 (CEST);1567499662000
1380556832687962;41.6;32.5;Tue Sep 03 2019 10:36:16 GMT+0200 (CEST);Tue Sep 03 2019 08:36:16 GMT+0200 (CEST);1567499776000
1380556832687962;41.6;32.4;Tue Sep 03 2019 10:38:10 GMT+0200 (CEST);Tue Sep 03 2019 08:38:10 GMT+0200 (CEST);1567499890000
1380556832687962;41.6;32.5;Tue Sep 03 2019 10:40:02 GMT+0200 (CEST);Tue Sep 03 2019 08:40:02 GMT+0200 (CEST);1567500002000
1380556832687962;41.6;32.7;Tue Sep 03 2019 10:41:55 GMT+0200 (CEST);Tue Sep 03 2019 08:41:55 GMT+0200 (CEST);1567500115000
1380556832687962;41.6;32.4;Tue Sep 03 2019 10:43:48 GMT+0200 (CEST);Tue Sep 03 2019 08:43:48 GMT+0200 (CEST);1567500228000
1380556832687962;42.1;32.2;Tue Sep 03 2019 10:45:41 GMT+0200 (CEST);Tue Sep 03 2019 08:45:41 GMT+0200 (CEST);1567500341000
1380556832687962;42.1;32.2;Tue Sep 03 2019 10:47:34 GMT+0200 (CEST);Tue Sep 03 2019 08:47:34 GMT+0200 (CEST);1567500454000
1380556832687962;43.6;32.3;Tue Sep 03 2019 10:49:26 GMT+0200 (CEST);Tue Sep 03 2019 08:49:26 GMT+0200 (CEST);1567500566000
1380556832687962;43.6;32.2;Tue Sep 03 2019 10:51:20 GMT+0200 (CEST);Tue Sep 03 2019 08:51:20 GMT+0200 (CEST);1567500680000
1380556832687962;43.6;32.3;Tue Sep 03 2019 10:53:14 GMT+0200 (CEST);Tue Sep 03 2019 08:53:14 GMT+0200 (CEST);1567500794000
1380556832687962;43.6;32.3;Tue Sep 03 2019 10:55:07 GMT+0200 (CEST);Tue Sep 03 2019 08:55:07 GMT+0200 (CEST);1567500907000
1380556832687962;43.6;32.4;Tue Sep 03 2019 10:56:59 GMT+0200 (CEST);Tue Sep 03 2019 08:56:59 GMT+0200 (CEST);1567501019000
1380556832687962;43.6;32.5;Tue Sep 03 2019 10:58:53 GMT+0200 (CEST);Tue Sep 03 2019 08:58:53 GMT+0200 (CEST);1567501133000
1380556832687962;43.6;32.5;Tue Sep 03 2019 11:00:46 GMT+0200 (CEST);Tue Sep 03 2019 09:00:46 GMT+0200 (CEST);1567501246000
1380556832687962;43.6;32.4;Tue Sep 03 2019 11:02:39 GMT+0200 (CEST);Tue Sep 03 2019 09:02:39 GMT+0200 (CEST);1567501359000
1380556832687962;43.6;32.3;Tue Sep 03 2019 11:04:32 GMT+0200 (CEST);Tue Sep 03 2019 09:04:32 GMT+0200 (CEST);1567501472000
1380556832687962;43.6;32.1;Tue Sep 03 2019 11:06:25 GMT+0200 (CEST);Tue Sep 03 2019 09:06:25 GMT+0200 (CEST);1567501585000
1380556832687962;43.6;32.1;Tue Sep 03 2019 11:08:18 GMT+0200 (CEST);Tue Sep 03 2019 09:08:18 GMT+0200 (CEST);1567501698000
1380556832687962;44.1;32.1;Tue Sep 03 2019 11:10:11 GMT+0200 (CEST);Tue Sep 03 2019 09:10:11 GMT+0200 (CEST);1567501811000
1380556832687962;44.1;32.2;Tue Sep 03 2019 11:12:06 GMT+0200 (CEST);Tue Sep 03 2019 09:12:06 GMT+0200 (CEST);1567501926000
1380556832687962;44.1;32.1;Tue Sep 03 2019 11:14:00 GMT+0200 (CEST);Tue Sep 03 2019 09:14:00 GMT+0200 (CEST);1567502040000
1380556832687962;44.1;32.3;Tue Sep 03 2019 11:15:53 GMT+0200 (CEST);Tue Sep 03 2019 09:15:53 GMT+0200 (CEST);1567502153000
1380556832687962;44.1;32.2;Tue Sep 03 2019 11:17:48 GMT+0200 (CEST);Tue Sep 03 2019 09:17:48 GMT+0200 (CEST);1567502268000
1380556832687962;44.1;32.1;Tue Sep 03 2019 11:19:43 GMT+0200 (CEST);Tue Sep 03 2019 09:19:43 GMT+0200 (CEST);1567502383000
1380556832687962;44.1;31.9;Tue Sep 03 2019 11:21:35 GMT+0200 (CEST);Tue Sep 03 2019 09:21:35 GMT+0200 (CEST);1567502495000
1380556832687962;45.6;32;Tue Sep 03 2019 11:23:28 GMT+0200 (CEST);Tue Sep 03 2019 09:23:28 GMT+0200 (CEST);1567502608000
1380556832687962;45.6;31.9;Tue Sep 03 2019 11:25:23 GMT+0200 (CEST);Tue Sep 03 2019 09:25:23 GMT+0200 (CEST);1567502723000
1380556832687962;45.6;31.9;Tue Sep 03 2019 11:27:16 GMT+0200 (CEST);Tue Sep 03 2019 09:27:16 GMT+0200 (CEST);1567502836000
1380556832687962;45.6;31.9;Tue Sep 03 2019 11:29:09 GMT+0200 (CEST);Tue Sep 03 2019 09:29:09 GMT+0200 (CEST);1567502949000
1380556832687962;45.6;32;Tue Sep 03 2019 11:31:02 GMT+0200 (CEST);Tue Sep 03 2019 09:31:02 GMT+0200 (CEST);1567503062000
1380556832687962;45.6;32;Tue Sep 03 2019 11:32:55 GMT+0200 (CEST);Tue Sep 03 2019 09:32:55 GMT+0200 (CEST);1567503175000
1380556832687962;45.6;32.1;Tue Sep 03 2019 11:34:48 GMT+0200 (CEST);Tue Sep 03 2019 09:34:48 GMT+0200 (CEST);1567503288000
1380556832687962;45.6;32.1;Tue Sep 03 2019 11:36:42 GMT+0200 (CEST);Tue Sep 03 2019 09:36:42 GMT+0200 (CEST);1567503402000
1380556832687962;45.6;32.1;Tue Sep 03 2019 11:38:35 GMT+0200 (CEST);Tue Sep 03 2019 09:38:35 GMT+0200 (CEST);1567503515000
1380556832687962;45.6;32;Tue Sep 03 2019 11:40:35 GMT+0200 (CEST);Tue Sep 03 2019 09:40:35 GMT+0200 (CEST);1567503635000
1380556832687962;45.6;32.1;Tue Sep 03 2019 11:42:28 GMT+0200 (CEST);Tue Sep 03 2019 09:42:28 GMT+0200 (CEST);1567503748000
1380556832687962;45.6;31.9;Tue Sep 03 2019 11:44:21 GMT+0200 (CEST);Tue Sep 03 2019 09:44:21 GMT+0200 (CEST);1567503861000
1380556832687962;45.6;31.8;Tue Sep 03 2019 11:46:15 GMT+0200 (CEST);Tue Sep 03 2019 09:46:15 GMT+0200 (CEST);1567503975000
1380556832687962;45.6;31.8;Tue Sep 03 2019 11:48:18 GMT+0200 (CEST);Tue Sep 03 2019 09:48:18 GMT+0200 (CEST);1567504098000
1380556832687962;45.6;31.6;Tue Sep 03 2019 11:50:15 GMT+0200 (CEST);Tue Sep 03 2019 09:50:15 GMT+0200 (CEST);1567504215000
1380556832687962;45.6;31.8;Tue Sep 03 2019 11:52:07 GMT+0200 (CEST);Tue Sep 03 2019 09:52:07 GMT+0200 (CEST);1567504327000
1380556832687962;45.6;32.1;Tue Sep 03 2019 11:54:00 GMT+0200 (CEST);Tue Sep 03 2019 09:54:00 GMT+0200 (CEST);1567504440000
1380556832687962;45.6;32.2;Tue Sep 03 2019 11:55:53 GMT+0200 (CEST);Tue Sep 03 2019 09:55:53 GMT+0200 (CEST);1567504553000
1380556832687962;45.6;32;Tue Sep 03 2019 11:57:47 GMT+0200 (CEST);Tue Sep 03 2019 09:57:47 GMT+0200 (CEST);1567504667000
1380556832687962;45.6;32;Tue Sep 03 2019 11:59:39 GMT+0200 (CEST);Tue Sep 03 2019 09:59:39 GMT+0200 (CEST);1567504779000
1380556832687962;45.6;31.9;Tue Sep 03 2019 12:01:45 GMT+0200 (CEST);Tue Sep 03 2019 10:01:45 GMT+0200 (CEST);1567504905000
1380556832687962;45.6;32;Tue Sep 03 2019 12:03:37 GMT+0200 (CEST);Tue Sep 03 2019 10:03:37 GMT+0200 (CEST);1567505017000
1380556832687962;45.6;32.1;Tue Sep 03 2019 12:05:33 GMT+0200 (CEST);Tue Sep 03 2019 10:05:33 GMT+0200 (CEST);1567505133000
1380556832687962;45.6;32;Tue Sep 03 2019 12:07:26 GMT+0200 (CEST);Tue Sep 03 2019 10:07:26 GMT+0200 (CEST);1567505246000
1380556832687962;44.1;31.9;Tue Sep 03 2019 12:09:24 GMT+0200 (CEST);Tue Sep 03 2019 10:09:24 GMT+0200 (CEST);1567505364000
1380556832687962;44.1;27.9;Tue Sep 03 2019 12:11:17 GMT+0200 (CEST);Tue Sep 03 2019 10:11:17 GMT+0200 (CEST);1567505477000
1380556832687962;44.1;24.3;Tue Sep 03 2019 12:13:09 GMT+0200 (CEST);Tue Sep 03 2019 10:13:09 GMT+0200 (CEST);1567505589000
1380556832687962;44.1;21.2;Tue Sep 03 2019 12:15:02 GMT+0200 (CEST);Tue Sep 03 2019 10:15:02 GMT+0200 (CEST);1567505702000
1380556832687962;44.1;30.8;Tue Sep 03 2019 12:16:54 GMT+0200 (CEST);Tue Sep 03 2019 10:16:54 GMT+0200 (CEST);1567505814000
1380556832687962;46.1;32.2;Tue Sep 03 2019 12:18:49 GMT+0200 (CEST);Tue Sep 03 2019 10:18:49 GMT+0200 (CEST);1567505929000
1380556832687962;46.1;26.8;Tue Sep 03 2019 12:20:42 GMT+0200 (CEST);Tue Sep 03 2019 10:20:42 GMT+0200 (CEST);1567506042000
1380556832687962;46.1;31.8;Tue Sep 03 2019 12:22:35 GMT+0200 (CEST);Tue Sep 03 2019 10:22:35 GMT+0200 (CEST);1567506155000
1380556832687962;46.1;30.9;Tue Sep 03 2019 12:24:28 GMT+0200 (CEST);Tue Sep 03 2019 10:24:28 GMT+0200 (CEST);1567506268000
1380556832687962;47.6;25.9;Tue Sep 03 2019 12:26:24 GMT+0200 (CEST);Tue Sep 03 2019 10:26:24 GMT+0200 (CEST);1567506384000
1380556832687962;47.6;26.1;Tue Sep 03 2019 12:28:17 GMT+0200 (CEST);Tue Sep 03 2019 10:28:17 GMT+0200 (CEST);1567506497000
1380556832687962;48.2;29;Tue Sep 03 2019 12:30:11 GMT+0200 (CEST);Tue Sep 03 2019 10:30:11 GMT+0200 (CEST);1567506611000
1380556832687962;48.2;31.7;Tue Sep 03 2019 12:32:04 GMT+0200 (CEST);Tue Sep 03 2019 10:32:04 GMT+0200 (CEST);1567506724000
1380556832687962;48.2;25.4;Tue Sep 03 2019 12:33:58 GMT+0200 (CEST);Tue Sep 03 2019 10:33:58 GMT+0200 (CEST);1567506838000
1380556832687962;48.2;25.8;Tue Sep 03 2019 12:35:52 GMT+0200 (CEST);Tue Sep 03 2019 10:35:52 GMT+0200 (CEST);1567506952000
1380556832687962;48.2;30.5;Tue Sep 03 2019 12:37:45 GMT+0200 (CEST);Tue Sep 03 2019 10:37:45 GMT+0200 (CEST);1567507065000
1380556832687962;46.1;31.6;Tue Sep 03 2019 12:39:40 GMT+0200 (CEST);Tue Sep 03 2019 10:39:40 GMT+0200 (CEST);1567507180000
1380556832687962;46.1;21.4;Tue Sep 03 2019 12:41:32 GMT+0200 (CEST);Tue Sep 03 2019 10:41:32 GMT+0200 (CEST);1567507292000
1380556832687962;46.1;30.8;Tue Sep 03 2019 12:43:26 GMT+0200 (CEST);Tue Sep 03 2019 10:43:26 GMT+0200 (CEST);1567507406000
1380556832687962;46.1;30.8;Tue Sep 03 2019 12:45:19 GMT+0200 (CEST);Tue Sep 03 2019 10:45:19 GMT+0200 (CEST);1567507519000
1380556832687962;46.1;30.9;Tue Sep 03 2019 12:47:12 GMT+0200 (CEST);Tue Sep 03 2019 10:47:12 GMT+0200 (CEST);1567507632000
1380556832687962;46.1;24.4;Tue Sep 03 2019 12:49:05 GMT+0200 (CEST);Tue Sep 03 2019 10:49:05 GMT+0200 (CEST);1567507745000
1380556832687962;46.1;31.6;Tue Sep 03 2019 12:50:58 GMT+0200 (CEST);Tue Sep 03 2019 10:50:58 GMT+0200 (CEST);1567507858000
1380556832687962;45.6;25;Tue Sep 03 2019 12:52:51 GMT+0200 (CEST);Tue Sep 03 2019 10:52:51 GMT+0200 (CEST);1567507971000
1380556832687962;45.6;30.6;Tue Sep 03 2019 12:54:47 GMT+0200 (CEST);Tue Sep 03 2019 10:54:47 GMT+0200 (CEST);1567508087000
1380556832687962;45.6;32.7;Tue Sep 03 2019 12:56:40 GMT+0200 (CEST);Tue Sep 03 2019 10:56:40 GMT+0200 (CEST);1567508200000
1380556832687962;47.6;32.6;Tue Sep 03 2019 12:58:36 GMT+0200 (CEST);Tue Sep 03 2019 10:58:36 GMT+0200 (CEST);1567508316000
1380556832687962;47.6;32.4;Tue Sep 03 2019 13:00:30 GMT+0200 (CEST);Tue Sep 03 2019 11:00:30 GMT+0200 (CEST);1567508430000
1380556832687962;48.2;32.6;Tue Sep 03 2019 13:02:23 GMT+0200 (CEST);Tue Sep 03 2019 11:02:23 GMT+0200 (CEST);1567508543000
1380556832687962;48.2;32.9;Tue Sep 03 2019 13:04:18 GMT+0200 (CEST);Tue Sep 03 2019 11:04:18 GMT+0200 (CEST);1567508658000
1380556832687962;48.2;33.2;Tue Sep 03 2019 13:06:11 GMT+0200 (CEST);Tue Sep 03 2019 11:06:11 GMT+0200 (CEST);1567508771000
1380556832687962;48.2;32.6;Tue Sep 03 2019 13:08:04 GMT+0200 (CEST);Tue Sep 03 2019 11:08:04 GMT+0200 (CEST);1567508884000
1380556832687962;48.2;32.8;Tue Sep 03 2019 13:09:58 GMT+0200 (CEST);Tue Sep 03 2019 11:09:58 GMT+0200 (CEST);1567508998000
1380556832687962;48.2;32.5;Tue Sep 03 2019 13:11:51 GMT+0200 (CEST);Tue Sep 03 2019 11:11:51 GMT+0200 (CEST);1567509111000
1380556832687962;47.6;32.9;Tue Sep 03 2019 13:14:41 GMT+0200 (CEST);Tue Sep 03 2019 11:14:41 GMT+0200 (CEST);1567509281000
1380556832687962;47.6;33.2;Tue Sep 03 2019 13:16:33 GMT+0200 (CEST);Tue Sep 03 2019 11:16:33 GMT+0200 (CEST);1567509393000
1380556832687962;47.6;33.5;Tue Sep 03 2019 13:18:28 GMT+0200 (CEST);Tue Sep 03 2019 11:18:28 GMT+0200 (CEST);1567509508000
1380556832687962;47.6;33.2;Tue Sep 03 2019 13:20:23 GMT+0200 (CEST);Tue Sep 03 2019 11:20:23 GMT+0200 (CEST);1567509623000
1380556832687962;46.1;33.2;Tue Sep 03 2019 13:22:16 GMT+0200 (CEST);Tue Sep 03 2019 11:22:16 GMT+0200 (CEST);1567509736000
1380556832687962;46.1;32.8;Tue Sep 03 2019 13:24:09 GMT+0200 (CEST);Tue Sep 03 2019 11:24:09 GMT+0200 (CEST);1567509849000
1380556832687962;46.1;32.8;Tue Sep 03 2019 13:26:03 GMT+0200 (CEST);Tue Sep 03 2019 11:26:03 GMT+0200 (CEST);1567509963000
1380556832687962;46.1;32.7;Tue Sep 03 2019 13:27:56 GMT+0200 (CEST);Tue Sep 03 2019 11:27:56 GMT+0200 (CEST);1567510076000
1380556832687962;46.1;32.7;Tue Sep 03 2019 13:29:49 GMT+0200 (CEST);Tue Sep 03 2019 11:29:49 GMT+0200 (CEST);1567510189000
1380556832687962;47.6;32.5;Tue Sep 03 2019 13:31:42 GMT+0200 (CEST);Tue Sep 03 2019 11:31:42 GMT+0200 (CEST);1567510302000
1380556832687962;47.6;32.1;Tue Sep 03 2019 13:33:34 GMT+0200 (CEST);Tue Sep 03 2019 11:33:34 GMT+0200 (CEST);1567510414000
1380556832687962;47.6;32.6;Tue Sep 03 2019 13:35:38 GMT+0200 (CEST);Tue Sep 03 2019 11:35:38 GMT+0200 (CEST);1567510538000
1380556832687962;47.6;32.2;Tue Sep 03 2019 13:37:31 GMT+0200 (CEST);Tue Sep 03 2019 11:37:31 GMT+0200 (CEST);1567510651000
1380556832687962;47.6;32.3;Tue Sep 03 2019 13:39:24 GMT+0200 (CEST);Tue Sep 03 2019 11:39:24 GMT+0200 (CEST);1567510764000
1380556832687962;47.6;32.4;Tue Sep 03 2019 13:41:17 GMT+0200 (CEST);Tue Sep 03 2019 11:41:17 GMT+0200 (CEST);1567510877000
1380556832687962;47.6;32.2;Tue Sep 03 2019 13:43:11 GMT+0200 (CEST);Tue Sep 03 2019 11:43:11 GMT+0200 (CEST);1567510991000
1380556832687962;47.6;32.2;Tue Sep 03 2019 13:45:04 GMT+0200 (CEST);Tue Sep 03 2019 11:45:04 GMT+0200 (CEST);1567511104000
1380556832687962;50.2;32.4;Tue Sep 03 2019 13:46:57 GMT+0200 (CEST);Tue Sep 03 2019 11:46:57 GMT+0200 (CEST);1567511217000
1380556832687962;50.2;32.3;Tue Sep 03 2019 13:48:50 GMT+0200 (CEST);Tue Sep 03 2019 11:48:50 GMT+0200 (CEST);1567511330000
1380556832687962;50.2;32.3;Tue Sep 03 2019 13:50:45 GMT+0200 (CEST);Tue Sep 03 2019 11:50:45 GMT+0200 (CEST);1567511445000
1380556832687962;49.7;32.6;Tue Sep 03 2019 13:52:38 GMT+0200 (CEST);Tue Sep 03 2019 11:52:38 GMT+0200 (CEST);1567511558000
1380556832687962;49.7;32.7;Tue Sep 03 2019 13:54:31 GMT+0200 (CEST);Tue Sep 03 2019 11:54:31 GMT+0200 (CEST);1567511671000
1380556832687962;49.7;32.9;Tue Sep 03 2019 13:56:24 GMT+0200 (CEST);Tue Sep 03 2019 11:56:24 GMT+0200 (CEST);1567511784000
1380556832687962;49.7;32.9;Tue Sep 03 2019 13:58:19 GMT+0200 (CEST);Tue Sep 03 2019 11:58:19 GMT+0200 (CEST);1567511899000
1380556832687962;49.7;32.7;Tue Sep 03 2019 14:00:12 GMT+0200 (CEST);Tue Sep 03 2019 12:00:12 GMT+0200 (CEST);1567512012000
1380556832687962;49.7;32.7;Tue Sep 03 2019 14:02:09 GMT+0200 (CEST);Tue Sep 03 2019 12:02:09 GMT+0200 (CEST);1567512129000
1380556832687962;49.7;32.5;Tue Sep 03 2019 14:04:02 GMT+0200 (CEST);Tue Sep 03 2019 12:04:02 GMT+0200 (CEST);1567512242000
1380556832687962;49.7;32.5;Tue Sep 03 2019 14:05:55 GMT+0200 (CEST);Tue Sep 03 2019 12:05:55 GMT+0200 (CEST);1567512355000
1380556832687962;49.7;32.6;Tue Sep 03 2019 14:07:48 GMT+0200 (CEST);Tue Sep 03 2019 12:07:48 GMT+0200 (CEST);1567512468000
1380556832687962;49.7;32.6;Tue Sep 03 2019 14:09:41 GMT+0200 (CEST);Tue Sep 03 2019 12:09:41 GMT+0200 (CEST);1567512581000
1380556832687962;49.7;32.6;Tue Sep 03 2019 14:11:33 GMT+0200 (CEST);Tue Sep 03 2019 12:11:33 GMT+0200 (CEST);1567512693000
1380556832687962;49.7;32.1;Tue Sep 03 2019 14:13:34 GMT+0200 (CEST);Tue Sep 03 2019 12:13:34 GMT+0200 (CEST);1567512814000
1380556832687962;49.7;32.4;Tue Sep 03 2019 14:15:33 GMT+0200 (CEST);Tue Sep 03 2019 12:15:33 GMT+0200 (CEST);1567512933000
1380556832687962;49.7;32.5;Tue Sep 03 2019 14:17:25 GMT+0200 (CEST);Tue Sep 03 2019 12:17:25 GMT+0200 (CEST);1567513045000
1380556832687962;49.7;32.6;Tue Sep 03 2019 14:19:18 GMT+0200 (CEST);Tue Sep 03 2019 12:19:18 GMT+0200 (CEST);1567513158000
1380556832687962;49.7;32.6;Tue Sep 03 2019 14:21:11 GMT+0200 (CEST);Tue Sep 03 2019 12:21:11 GMT+0200 (CEST);1567513271000
1380556832687962;49.7;32.6;Tue Sep 03 2019 14:23:04 GMT+0200 (CEST);Tue Sep 03 2019 12:23:04 GMT+0200 (CEST);1567513384000
1380556832687962;49.7;32.3;Tue Sep 03 2019 14:24:58 GMT+0200 (CEST);Tue Sep 03 2019 12:24:58 GMT+0200 (CEST);1567513498000
1380556832687962;49.7;32.3;Tue Sep 03 2019 14:26:50 GMT+0200 (CEST);Tue Sep 03 2019 12:26:50 GMT+0200 (CEST);1567513610000
1380556832687962;49.7;32;Tue Sep 03 2019 14:28:43 GMT+0200 (CEST);Tue Sep 03 2019 12:28:43 GMT+0200 (CEST);1567513723000
1380556832687962;49.7;32.2;Tue Sep 03 2019 14:30:37 GMT+0200 (CEST);Tue Sep 03 2019 12:30:37 GMT+0200 (CEST);1567513837000
1380556832687962;49.7;32.3;Tue Sep 03 2019 14:32:30 GMT+0200 (CEST);Tue Sep 03 2019 12:32:30 GMT+0200 (CEST);1567513950000
1380556832687962;49.7;31.8;Tue Sep 03 2019 14:34:23 GMT+0200 (CEST);Tue Sep 03 2019 12:34:23 GMT+0200 (CEST);1567514063000
1380556832687962;50.2;31.8;Tue Sep 03 2019 14:36:16 GMT+0200 (CEST);Tue Sep 03 2019 12:36:16 GMT+0200 (CEST);1567514176000
1380556832687962;50.2;31.8;Tue Sep 03 2019 14:38:08 GMT+0200 (CEST);Tue Sep 03 2019 12:38:08 GMT+0200 (CEST);1567514288000
1380556832687962;51.7;32.1;Tue Sep 03 2019 14:40:01 GMT+0200 (CEST);Tue Sep 03 2019 12:40:01 GMT+0200 (CEST);1567514401000
1380556832687962;51.7;32.5;Tue Sep 03 2019 14:41:54 GMT+0200 (CEST);Tue Sep 03 2019 12:41:54 GMT+0200 (CEST);1567514514000
1380556832687962;51.7;32;Tue Sep 03 2019 14:43:47 GMT+0200 (CEST);Tue Sep 03 2019 12:43:47 GMT+0200 (CEST);1567514627000
1380556832687962;51.7;32;Tue Sep 03 2019 14:45:40 GMT+0200 (CEST);Tue Sep 03 2019 12:45:40 GMT+0200 (CEST);1567514740000
1380556832687962;51.7;32;Tue Sep 03 2019 14:47:34 GMT+0200 (CEST);Tue Sep 03 2019 12:47:34 GMT+0200 (CEST);1567514854000
1380556832687962;51.7;32.3;Tue Sep 03 2019 14:49:27 GMT+0200 (CEST);Tue Sep 03 2019 12:49:27 GMT+0200 (CEST);1567514967000
1380556832687962;51.7;32.7;Tue Sep 03 2019 14:51:20 GMT+0200 (CEST);Tue Sep 03 2019 12:51:20 GMT+0200 (CEST);1567515080000
1380556832687962;51.7;32.4;Tue Sep 03 2019 14:53:13 GMT+0200 (CEST);Tue Sep 03 2019 12:53:13 GMT+0200 (CEST);1567515193000
1380556832687962;49.7;32.3;Tue Sep 03 2019 14:55:05 GMT+0200 (CEST);Tue Sep 03 2019 12:55:05 GMT+0200 (CEST);1567515305000
1380556832687962;49.7;32.6;Tue Sep 03 2019 14:56:58 GMT+0200 (CEST);Tue Sep 03 2019 12:56:58 GMT+0200 (CEST);1567515418000
1380556832687962;49.7;32.2;Tue Sep 03 2019 14:58:51 GMT+0200 (CEST);Tue Sep 03 2019 12:58:51 GMT+0200 (CEST);1567515531000
1380556832687962;49.7;32;Tue Sep 03 2019 15:00:47 GMT+0200 (CEST);Tue Sep 03 2019 13:00:47 GMT+0200 (CEST);1567515647000
1380556832687962;49.7;32;Tue Sep 03 2019 15:02:41 GMT+0200 (CEST);Tue Sep 03 2019 13:02:41 GMT+0200 (CEST);1567515761000
1380556832687962;49.7;32.5;Tue Sep 03 2019 15:04:33 GMT+0200 (CEST);Tue Sep 03 2019 13:04:33 GMT+0200 (CEST);1567515873000
1380556832687962;49.7;32.2;Tue Sep 03 2019 15:06:27 GMT+0200 (CEST);Tue Sep 03 2019 13:06:27 GMT+0200 (CEST);1567515987000
1380556832687962;48.2;31.9;Tue Sep 03 2019 15:08:19 GMT+0200 (CEST);Tue Sep 03 2019 13:08:19 GMT+0200 (CEST);1567516099000
1380556832687962;48.2;32.1;Tue Sep 03 2019 15:10:12 GMT+0200 (CEST);Tue Sep 03 2019 13:10:12 GMT+0200 (CEST);1567516212000
1380556832687962;48.2;32.5;Tue Sep 03 2019 15:12:05 GMT+0200 (CEST);Tue Sep 03 2019 13:12:05 GMT+0200 (CEST);1567516325000
1380556832687962;48.2;32.3;Tue Sep 03 2019 15:13:57 GMT+0200 (CEST);Tue Sep 03 2019 13:13:57 GMT+0200 (CEST);1567516437000
1380556832687962;48.2;32.3;Tue Sep 03 2019 15:15:51 GMT+0200 (CEST);Tue Sep 03 2019 13:15:51 GMT+0200 (CEST);1567516551000
1380556832687962;48.2;32.4;Tue Sep 03 2019 15:17:44 GMT+0200 (CEST);Tue Sep 03 2019 13:17:44 GMT+0200 (CEST);1567516664000
1380556832687962;46.1;32.4;Tue Sep 03 2019 15:19:37 GMT+0200 (CEST);Tue Sep 03 2019 13:19:37 GMT+0200 (CEST);1567516777000
1380556832687962;46.1;32.7;Tue Sep 03 2019 15:21:30 GMT+0200 (CEST);Tue Sep 03 2019 13:21:30 GMT+0200 (CEST);1567516890000
1380556832687962;46.1;32.7;Tue Sep 03 2019 15:23:23 GMT+0200 (CEST);Tue Sep 03 2019 13:23:23 GMT+0200 (CEST);1567517003000
1380556832687962;46.1;32.7;Tue Sep 03 2019 15:25:16 GMT+0200 (CEST);Tue Sep 03 2019 13:25:16 GMT+0200 (CEST);1567517116000
1380556832687962;46.1;32.2;Tue Sep 03 2019 15:27:08 GMT+0200 (CEST);Tue Sep 03 2019 13:27:08 GMT+0200 (CEST);1567517228000
1380556832687962;46.1;32.2;Tue Sep 03 2019 15:29:01 GMT+0200 (CEST);Tue Sep 03 2019 13:29:01 GMT+0200 (CEST);1567517341000
1380556832687962;46.1;32.3;Tue Sep 03 2019 15:30:54 GMT+0200 (CEST);Tue Sep 03 2019 13:30:54 GMT+0200 (CEST);1567517454000
1380556832687962;44.1;32.1;Tue Sep 03 2019 15:32:46 GMT+0200 (CEST);Tue Sep 03 2019 13:32:46 GMT+0200 (CEST);1567517566000
1380556832687962;44.1;32;Tue Sep 03 2019 15:34:40 GMT+0200 (CEST);Tue Sep 03 2019 13:34:40 GMT+0200 (CEST);1567517680000
1380556832687962;44.1;31.8;Tue Sep 03 2019 15:36:34 GMT+0200 (CEST);Tue Sep 03 2019 13:36:34 GMT+0200 (CEST);1567517794000
1380556832687962;45.6;31.8;Tue Sep 03 2019 15:38:29 GMT+0200 (CEST);Tue Sep 03 2019 13:38:29 GMT+0200 (CEST);1567517909000
1380556832687962;45.6;31.8;Tue Sep 03 2019 15:40:22 GMT+0200 (CEST);Tue Sep 03 2019 13:40:22 GMT+0200 (CEST);1567518022000
1380556832687962;45.6;31.8;Tue Sep 03 2019 15:42:15 GMT+0200 (CEST);Tue Sep 03 2019 13:42:15 GMT+0200 (CEST);1567518135000
1380556832687962;45.6;31.9;Tue Sep 03 2019 15:44:08 GMT+0200 (CEST);Tue Sep 03 2019 13:44:08 GMT+0200 (CEST);1567518248000
1380556832687962;45.6;32.1;Tue Sep 03 2019 15:46:00 GMT+0200 (CEST);Tue Sep 03 2019 13:46:00 GMT+0200 (CEST);1567518360000
1380556832687962;45.6;32.1;Tue Sep 03 2019 15:47:53 GMT+0200 (CEST);Tue Sep 03 2019 13:47:53 GMT+0200 (CEST);1567518473000
1380556832687962;45.6;32.2;Tue Sep 03 2019 15:49:46 GMT+0200 (CEST);Tue Sep 03 2019 13:49:46 GMT+0200 (CEST);1567518586000
1380556832687962;45.6;32.1;Tue Sep 03 2019 15:51:39 GMT+0200 (CEST);Tue Sep 03 2019 13:51:39 GMT+0200 (CEST);1567518699000
1380556832687962;45.6;32.3;Tue Sep 03 2019 15:53:32 GMT+0200 (CEST);Tue Sep 03 2019 13:53:32 GMT+0200 (CEST);1567518812000
1380556832687962;45.6;32.5;Tue Sep 03 2019 15:55:25 GMT+0200 (CEST);Tue Sep 03 2019 13:55:25 GMT+0200 (CEST);1567518925000
1380556832687962;45.6;32.5;Tue Sep 03 2019 15:57:19 GMT+0200 (CEST);Tue Sep 03 2019 13:57:19 GMT+0200 (CEST);1567519039000
1380556832687962;45.6;32.3;Tue Sep 03 2019 15:59:12 GMT+0200 (CEST);Tue Sep 03 2019 13:59:12 GMT+0200 (CEST);1567519152000
1380556832687962;45.6;32.1;Tue Sep 03 2019 16:01:04 GMT+0200 (CEST);Tue Sep 03 2019 14:01:04 GMT+0200 (CEST);1567519264000
1380556832687962;45.6;32.1;Tue Sep 03 2019 16:02:58 GMT+0200 (CEST);Tue Sep 03 2019 14:02:58 GMT+0200 (CEST);1567519378000
1380556832687962;45.6;32.2;Tue Sep 03 2019 16:04:50 GMT+0200 (CEST);Tue Sep 03 2019 14:04:50 GMT+0200 (CEST);1567519490000
1380556832687962;44.1;32.2;Tue Sep 03 2019 16:06:47 GMT+0200 (CEST);Tue Sep 03 2019 14:06:47 GMT+0200 (CEST);1567519607000
1380556832687962;44.1;32.2;Tue Sep 03 2019 16:08:40 GMT+0200 (CEST);Tue Sep 03 2019 14:08:40 GMT+0200 (CEST);1567519720000
1380556832687962;44.1;32.3;Tue Sep 03 2019 16:10:33 GMT+0200 (CEST);Tue Sep 03 2019 14:10:33 GMT+0200 (CEST);1567519833000
1380556832687962;44.1;32.3;Tue Sep 03 2019 16:12:26 GMT+0200 (CEST);Tue Sep 03 2019 14:12:26 GMT+0200 (CEST);1567519946000
1380556832687962;44.1;32.2;Tue Sep 03 2019 16:14:19 GMT+0200 (CEST);Tue Sep 03 2019 14:14:19 GMT+0200 (CEST);1567520059000
1380556832687962;44.1;32.2;Tue Sep 03 2019 16:16:12 GMT+0200 (CEST);Tue Sep 03 2019 14:16:12 GMT+0200 (CEST);1567520172000
1380556832687962;44.1;32.3;Tue Sep 03 2019 16:18:05 GMT+0200 (CEST);Tue Sep 03 2019 14:18:05 GMT+0200 (CEST);1567520285000
1380556832687962;44.1;32.3;Tue Sep 03 2019 16:19:57 GMT+0200 (CEST);Tue Sep 03 2019 14:19:57 GMT+0200 (CEST);1567520397000
1380556832687962;44.1;32.3;Tue Sep 03 2019 16:21:50 GMT+0200 (CEST);Tue Sep 03 2019 14:21:50 GMT+0200 (CEST);1567520510000
1380556832687962;44.1;32.3;Tue Sep 03 2019 16:23:43 GMT+0200 (CEST);Tue Sep 03 2019 14:23:43 GMT+0200 (CEST);1567520623000
1380556832687962;44.1;32.3;Tue Sep 03 2019 16:25:36 GMT+0200 (CEST);Tue Sep 03 2019 14:25:36 GMT+0200 (CEST);1567520736000
1380556832687962;43.6;32.2;Tue Sep 03 2019 16:27:30 GMT+0200 (CEST);Tue Sep 03 2019 14:27:30 GMT+0200 (CEST);1567520850000
1380556832687962;43.6;32.3;Tue Sep 03 2019 16:29:22 GMT+0200 (CEST);Tue Sep 03 2019 14:29:22 GMT+0200 (CEST);1567520962000
1380556832687962;43.6;32.3;Tue Sep 03 2019 16:31:15 GMT+0200 (CEST);Tue Sep 03 2019 14:31:15 GMT+0200 (CEST);1567521075000
1380556832687962;43.6;32.3;Tue Sep 03 2019 16:33:08 GMT+0200 (CEST);Tue Sep 03 2019 14:33:08 GMT+0200 (CEST);1567521188000
1380556832687962;43.6;32.3;Tue Sep 03 2019 16:35:01 GMT+0200 (CEST);Tue Sep 03 2019 14:35:01 GMT+0200 (CEST);1567521301000
1380556832687962;43.6;32.3;Tue Sep 03 2019 16:36:55 GMT+0200 (CEST);Tue Sep 03 2019 14:36:55 GMT+0200 (CEST);1567521415000
1380556832687962;43.6;32.4;Tue Sep 03 2019 16:38:49 GMT+0200 (CEST);Tue Sep 03 2019 14:38:49 GMT+0200 (CEST);1567521529000
1380556832687962;42.1;32.6;Tue Sep 03 2019 16:40:44 GMT+0200 (CEST);Tue Sep 03 2019 14:40:44 GMT+0200 (CEST);1567521644000
1380556832687962;42.1;32.6;Tue Sep 03 2019 16:42:40 GMT+0200 (CEST);Tue Sep 03 2019 14:42:40 GMT+0200 (CEST);1567521760000
1380556832687962;42.1;32.6;Tue Sep 03 2019 16:44:36 GMT+0200 (CEST);Tue Sep 03 2019 14:44:36 GMT+0200 (CEST);1567521876000
1380556832687962;41.6;32.6;Tue Sep 03 2019 16:46:34 GMT+0200 (CEST);Tue Sep 03 2019 14:46:34 GMT+0200 (CEST);1567521994000
1380556832687962;41.6;32.6;Tue Sep 03 2019 16:48:27 GMT+0200 (CEST);Tue Sep 03 2019 14:48:27 GMT+0200 (CEST);1567522107000
1380556832687962;39.1;32.7;Tue Sep 03 2019 16:50:24 GMT+0200 (CEST);Tue Sep 03 2019 14:50:24 GMT+0200 (CEST);1567522224000
1380556832687962;39.1;32.7;Tue Sep 03 2019 16:52:17 GMT+0200 (CEST);Tue Sep 03 2019 14:52:17 GMT+0200 (CEST);1567522337000
1380556832687962;39.1;32.6;Tue Sep 03 2019 16:54:13 GMT+0200 (CEST);Tue Sep 03 2019 14:54:13 GMT+0200 (CEST);1567522453000
1380556832687962;39.1;33;Tue Sep 03 2019 16:56:11 GMT+0200 (CEST);Tue Sep 03 2019 14:56:11 GMT+0200 (CEST);1567522571000
1380556832687962;39.1;32.9;Tue Sep 03 2019 16:58:10 GMT+0200 (CEST);Tue Sep 03 2019 14:58:10 GMT+0200 (CEST);1567522690000
1380556832687962;39.1;32.9;Tue Sep 03 2019 17:00:02 GMT+0200 (CEST);Tue Sep 03 2019 15:00:02 GMT+0200 (CEST);1567522802000
1380556832687962;39.1;33;Tue Sep 03 2019 17:01:57 GMT+0200 (CEST);Tue Sep 03 2019 15:01:57 GMT+0200 (CEST);1567522917000
1380556832687962;39.1;33.2;Tue Sep 03 2019 17:03:55 GMT+0200 (CEST);Tue Sep 03 2019 15:03:55 GMT+0200 (CEST);1567523035000
1380556832687962;39.1;32.6;Tue Sep 03 2019 17:05:54 GMT+0200 (CEST);Tue Sep 03 2019 15:05:54 GMT+0200 (CEST);1567523154000
1380556832687962;39.1;32.6;Tue Sep 03 2019 17:07:51 GMT+0200 (CEST);Tue Sep 03 2019 15:07:51 GMT+0200 (CEST);1567523271000
1380556832687962;39.1;32.9;Tue Sep 03 2019 17:09:48 GMT+0200 (CEST);Tue Sep 03 2019 15:09:48 GMT+0200 (CEST);1567523388000
1380556832687962;39.1;33.6;Tue Sep 03 2019 17:11:46 GMT+0200 (CEST);Tue Sep 03 2019 15:11:46 GMT+0200 (CEST);1567523506000
1380556832687962;38.1;32.6;Tue Sep 03 2019 17:13:46 GMT+0200 (CEST);Tue Sep 03 2019 15:13:46 GMT+0200 (CEST);1567523626000
1380556832687962;38.1;32.5;Tue Sep 03 2019 17:15:46 GMT+0200 (CEST);Tue Sep 03 2019 15:15:46 GMT+0200 (CEST);1567523746000
1380556832687962;38.1;32.7;Tue Sep 03 2019 17:17:45 GMT+0200 (CEST);Tue Sep 03 2019 15:17:45 GMT+0200 (CEST);1567523865000
1380556832687962;37.6;32.6;Tue Sep 03 2019 17:19:47 GMT+0200 (CEST);Tue Sep 03 2019 15:19:47 GMT+0200 (CEST);1567523987000
1380556832687962;37.6;33.1;Tue Sep 03 2019 17:21:46 GMT+0200 (CEST);Tue Sep 03 2019 15:21:46 GMT+0200 (CEST);1567524106000
1380556832687962;38.1;33.2;Tue Sep 03 2019 17:23:41 GMT+0200 (CEST);Tue Sep 03 2019 15:23:41 GMT+0200 (CEST);1567524221000
1380556832687962;38.1;33.1;Tue Sep 03 2019 17:25:43 GMT+0200 (CEST);Tue Sep 03 2019 15:25:43 GMT+0200 (CEST);1567524343000
1380556832687962;38.1;33.1;Tue Sep 03 2019 17:27:38 GMT+0200 (CEST);Tue Sep 03 2019 15:27:38 GMT+0200 (CEST);1567524458000
1380556832687962;38.1;33.2;Tue Sep 03 2019 17:29:35 GMT+0200 (CEST);Tue Sep 03 2019 15:29:35 GMT+0200 (CEST);1567524575000
1380556832687962;38.1;32.9;Tue Sep 03 2019 17:31:30 GMT+0200 (CEST);Tue Sep 03 2019 15:31:30 GMT+0200 (CEST);1567524690000
1380556832687962;38.1;32.8;Tue Sep 03 2019 17:33:29 GMT+0200 (CEST);Tue Sep 03 2019 15:33:29 GMT+0200 (CEST);1567524809000
1380556832687962;38.1;33.2;Tue Sep 03 2019 17:35:28 GMT+0200 (CEST);Tue Sep 03 2019 15:35:28 GMT+0200 (CEST);1567524928000
1380556832687962;38.1;33.2;Tue Sep 03 2019 17:37:26 GMT+0200 (CEST);Tue Sep 03 2019 15:37:26 GMT+0200 (CEST);1567525046000
1380556832687962;37.6;32.9;Tue Sep 03 2019 17:39:19 GMT+0200 (CEST);Tue Sep 03 2019 15:39:19 GMT+0200 (CEST);1567525159000
1380556832687962;37.6;33.1;Tue Sep 03 2019 17:41:12 GMT+0200 (CEST);Tue Sep 03 2019 15:41:12 GMT+0200 (CEST);1567525272000
1380556832687962;37.6;32.8;Tue Sep 03 2019 17:43:09 GMT+0200 (CEST);Tue Sep 03 2019 15:43:09 GMT+0200 (CEST);1567525389000
1380556832687962;37.6;32.7;Tue Sep 03 2019 17:45:07 GMT+0200 (CEST);Tue Sep 03 2019 15:45:07 GMT+0200 (CEST);1567525507000
1380556832687962;35.6;32.9;Tue Sep 03 2019 17:47:05 GMT+0200 (CEST);Tue Sep 03 2019 15:47:05 GMT+0200 (CEST);1567525625000
1380556832687962;35.6;32.9;Tue Sep 03 2019 17:49:06 GMT+0200 (CEST);Tue Sep 03 2019 15:49:06 GMT+0200 (CEST);1567525746000
1380556832687962;35.6;32.9;Tue Sep 03 2019 17:51:05 GMT+0200 (CEST);Tue Sep 03 2019 15:51:05 GMT+0200 (CEST);1567525865000
1380556832687962;35.6;33.2;Tue Sep 03 2019 17:52:56 GMT+0200 (CEST);Tue Sep 03 2019 15:52:56 GMT+0200 (CEST);1567525976000
1380556832687962;35.6;33;Tue Sep 03 2019 17:54:50 GMT+0200 (CEST);Tue Sep 03 2019 15:54:50 GMT+0200 (CEST);1567526090000
1380556832687962;35.6;32.8;Tue Sep 03 2019 17:56:42 GMT+0200 (CEST);Tue Sep 03 2019 15:56:42 GMT+0200 (CEST);1567526202000
1380556832687962;35.6;32.8;Tue Sep 03 2019 17:58:35 GMT+0200 (CEST);Tue Sep 03 2019 15:58:35 GMT+0200 (CEST);1567526315000
1380556832687962;35.6;33;Tue Sep 03 2019 18:00:27 GMT+0200 (CEST);Tue Sep 03 2019 16:00:27 GMT+0200 (CEST);1567526427000
1380556832687962;34;32.9;Tue Sep 03 2019 18:02:20 GMT+0200 (CEST);Tue Sep 03 2019 16:02:20 GMT+0200 (CEST);1567526540000
1380556832687962;34;32.9;Tue Sep 03 2019 18:04:14 GMT+0200 (CEST);Tue Sep 03 2019 16:04:14 GMT+0200 (CEST);1567526654000
1380556832687962;34;32.9;Tue Sep 03 2019 18:06:06 GMT+0200 (CEST);Tue Sep 03 2019 16:06:06 GMT+0200 (CEST);1567526766000
1380556832687962;34;32.9;Tue Sep 03 2019 18:08:00 GMT+0200 (CEST);Tue Sep 03 2019 16:08:00 GMT+0200 (CEST);1567526880000
1380556832687962;34;32.9;Tue Sep 03 2019 18:09:53 GMT+0200 (CEST);Tue Sep 03 2019 16:09:53 GMT+0200 (CEST);1567526993000
1380556832687962;33.5;32.9;Tue Sep 03 2019 18:11:45 GMT+0200 (CEST);Tue Sep 03 2019 16:11:45 GMT+0200 (CEST);1567527105000
1380556832687962;33.5;32.9;Tue Sep 03 2019 18:13:38 GMT+0200 (CEST);Tue Sep 03 2019 16:13:38 GMT+0200 (CEST);1567527218000
1380556832687962;33.5;33.5;Tue Sep 03 2019 18:15:31 GMT+0200 (CEST);Tue Sep 03 2019 16:15:31 GMT+0200 (CEST);1567527331000
1380556832687962;33.5;33.1;Tue Sep 03 2019 18:17:24 GMT+0200 (CEST);Tue Sep 03 2019 16:17:24 GMT+0200 (CEST);1567527444000
1380556832687962;33.5;33;Tue Sep 03 2019 18:19:16 GMT+0200 (CEST);Tue Sep 03 2019 16:19:16 GMT+0200 (CEST);1567527556000
1380556832687962;32;33.1;Tue Sep 03 2019 18:21:09 GMT+0200 (CEST);Tue Sep 03 2019 16:21:09 GMT+0200 (CEST);1567527669000
1380556832687962;32;32.9;Tue Sep 03 2019 18:23:01 GMT+0200 (CEST);Tue Sep 03 2019 16:23:01 GMT+0200 (CEST);1567527781000
1380556832687962;32;32.9;Tue Sep 03 2019 18:24:54 GMT+0200 (CEST);Tue Sep 03 2019 16:24:54 GMT+0200 (CEST);1567527894000
1380556832687962;31.5;32.9;Tue Sep 03 2019 18:26:47 GMT+0200 (CEST);Tue Sep 03 2019 16:26:47 GMT+0200 (CEST);1567528007000
1380556832687962;31.5;32.9;Tue Sep 03 2019 18:28:39 GMT+0200 (CEST);Tue Sep 03 2019 16:28:39 GMT+0200 (CEST);1567528119000
1380556832687962;31.5;32.8;Tue Sep 03 2019 18:30:32 GMT+0200 (CEST);Tue Sep 03 2019 16:30:32 GMT+0200 (CEST);1567528232000
1380556832687962;31.5;32.8;Tue Sep 03 2019 18:32:25 GMT+0200 (CEST);Tue Sep 03 2019 16:32:25 GMT+0200 (CEST);1567528345000
1380556832687962;31.5;33.3;Tue Sep 03 2019 18:34:17 GMT+0200 (CEST);Tue Sep 03 2019 16:34:17 GMT+0200 (CEST);1567528457000
1380556832687962;30;32.9;Tue Sep 03 2019 18:36:10 GMT+0200 (CEST);Tue Sep 03 2019 16:36:10 GMT+0200 (CEST);1567528570000
1380556832687962;30;32.7;Tue Sep 03 2019 18:38:02 GMT+0200 (CEST);Tue Sep 03 2019 16:38:02 GMT+0200 (CEST);1567528682000
1380556832687962;30;32.6;Tue Sep 03 2019 18:39:58 GMT+0200 (CEST);Tue Sep 03 2019 16:39:58 GMT+0200 (CEST);1567528798000
1380556832687962;30;32.5;Tue Sep 03 2019 18:41:50 GMT+0200 (CEST);Tue Sep 03 2019 16:41:50 GMT+0200 (CEST);1567528910000
1380556832687962;30;32.6;Tue Sep 03 2019 18:43:43 GMT+0200 (CEST);Tue Sep 03 2019 16:43:43 GMT+0200 (CEST);1567529023000
1380556832687962;29.5;32.5;Tue Sep 03 2019 18:45:38 GMT+0200 (CEST);Tue Sep 03 2019 16:45:38 GMT+0200 (CEST);1567529138000
1380556832687962;29.5;32.6;Tue Sep 03 2019 18:47:31 GMT+0200 (CEST);Tue Sep 03 2019 16:47:31 GMT+0200 (CEST);1567529251000
1380556832687962;29.5;32.3;Tue Sep 03 2019 18:49:23 GMT+0200 (CEST);Tue Sep 03 2019 16:49:23 GMT+0200 (CEST);1567529363000
1380556832687962;29.5;32.5;Tue Sep 03 2019 18:51:18 GMT+0200 (CEST);Tue Sep 03 2019 16:51:18 GMT+0200 (CEST);1567529478000
1380556832687962;29.5;32.4;Tue Sep 03 2019 18:53:21 GMT+0200 (CEST);Tue Sep 03 2019 16:53:21 GMT+0200 (CEST);1567529601000
1380556832687962;28;32.1;Tue Sep 03 2019 18:55:13 GMT+0200 (CEST);Tue Sep 03 2019 16:55:13 GMT+0200 (CEST);1567529713000
1380556832687962;28;32.4;Tue Sep 03 2019 18:57:06 GMT+0200 (CEST);Tue Sep 03 2019 16:57:06 GMT+0200 (CEST);1567529826000
1380556832687962;28;31.9;Tue Sep 03 2019 18:59:00 GMT+0200 (CEST);Tue Sep 03 2019 16:59:00 GMT+0200 (CEST);1567529940000
1380556832687962;28;31.9;Tue Sep 03 2019 19:00:53 GMT+0200 (CEST);Tue Sep 03 2019 17:00:53 GMT+0200 (CEST);1567530053000
1380556832687962;28;31.6;Tue Sep 03 2019 19:02:45 GMT+0200 (CEST);Tue Sep 03 2019 17:02:45 GMT+0200 (CEST);1567530165000
1380556832687962;27.5;31.2;Tue Sep 03 2019 19:04:38 GMT+0200 (CEST);Tue Sep 03 2019 17:04:38 GMT+0200 (CEST);1567530278000
1380556832687962;27.5;29.9;Tue Sep 03 2019 19:06:31 GMT+0200 (CEST);Tue Sep 03 2019 17:06:31 GMT+0200 (CEST);1567530391000
1380556832687962;27.5;30.1;Tue Sep 03 2019 19:08:23 GMT+0200 (CEST);Tue Sep 03 2019 17:08:23 GMT+0200 (CEST);1567530503000
1380556832687962;26;30.6;Tue Sep 03 2019 19:10:17 GMT+0200 (CEST);Tue Sep 03 2019 17:10:17 GMT+0200 (CEST);1567530617000
1380556832687962;26;30.6;Tue Sep 03 2019 19:12:09 GMT+0200 (CEST);Tue Sep 03 2019 17:12:09 GMT+0200 (CEST);1567530729000
1380556832687962;26;30.7;Tue Sep 03 2019 19:14:01 GMT+0200 (CEST);Tue Sep 03 2019 17:14:01 GMT+0200 (CEST);1567530841000
1380556832687962;26;30.7;Tue Sep 03 2019 19:15:57 GMT+0200 (CEST);Tue Sep 03 2019 17:15:57 GMT+0200 (CEST);1567530957000
1380556832687962;26;30.7;Tue Sep 03 2019 19:17:49 GMT+0200 (CEST);Tue Sep 03 2019 17:17:49 GMT+0200 (CEST);1567531069000
1380556832687962;26;30.5;Tue Sep 03 2019 19:19:42 GMT+0200 (CEST);Tue Sep 03 2019 17:19:42 GMT+0200 (CEST);1567531182000
1380556832687962;26;29.4;Tue Sep 03 2019 19:21:37 GMT+0200 (CEST);Tue Sep 03 2019 17:21:37 GMT+0200 (CEST);1567531297000
1380556832687962;25.5;28.4;Tue Sep 03 2019 19:23:30 GMT+0200 (CEST);Tue Sep 03 2019 17:23:30 GMT+0200 (CEST);1567531410000
1380556832687962;25.5;28.6;Tue Sep 03 2019 19:25:23 GMT+0200 (CEST);Tue Sep 03 2019 17:25:23 GMT+0200 (CEST);1567531523000
1380556832687962;25.5;30.1;Tue Sep 03 2019 19:27:15 GMT+0200 (CEST);Tue Sep 03 2019 17:27:15 GMT+0200 (CEST);1567531635000
1380556832687962;25.5;29.9;Tue Sep 03 2019 19:29:09 GMT+0200 (CEST);Tue Sep 03 2019 17:29:09 GMT+0200 (CEST);1567531749000
1380556832687962;25.5;29.9;Tue Sep 03 2019 19:31:03 GMT+0200 (CEST);Tue Sep 03 2019 17:31:03 GMT+0200 (CEST);1567531863000
1380556832687962;25.5;28.8;Tue Sep 03 2019 19:32:56 GMT+0200 (CEST);Tue Sep 03 2019 17:32:56 GMT+0200 (CEST);1567531976000
1380556832687962;25.5;29.3;Tue Sep 03 2019 19:34:49 GMT+0200 (CEST);Tue Sep 03 2019 17:34:49 GMT+0200 (CEST);1567532089000
1380556832687962;25.5;28.8;Tue Sep 03 2019 19:36:42 GMT+0200 (CEST);Tue Sep 03 2019 17:36:42 GMT+0200 (CEST);1567532202000
1380556832687962;23;28.8;Tue Sep 03 2019 19:38:34 GMT+0200 (CEST);Tue Sep 03 2019 17:38:34 GMT+0200 (CEST);1567532314000
1380556832687962;23;28.8;Tue Sep 03 2019 19:40:18 GMT+0200 (CEST);Tue Sep 03 2019 17:40:18 GMT+0200 (CEST);1567532418000
1380556832687962;23;30.2;Tue Sep 03 2019 19:42:11 GMT+0200 (CEST);Tue Sep 03 2019 17:42:11 GMT+0200 (CEST);1567532531000
1380556832687962;23;31.2;Tue Sep 03 2019 19:44:04 GMT+0200 (CEST);Tue Sep 03 2019 17:44:04 GMT+0200 (CEST);1567532644000
1380556832687962;23;31.3;Tue Sep 03 2019 19:45:57 GMT+0200 (CEST);Tue Sep 03 2019 17:45:57 GMT+0200 (CEST);1567532757000
1380556832687962;23;31.9;Tue Sep 03 2019 19:47:52 GMT+0200 (CEST);Tue Sep 03 2019 17:47:52 GMT+0200 (CEST);1567532872000
1380556832687962;23;31.2;Tue Sep 03 2019 19:49:48 GMT+0200 (CEST);Tue Sep 03 2019 17:49:48 GMT+0200 (CEST);1567532988000
1380556832687962;23;30.8;Tue Sep 03 2019 19:51:40 GMT+0200 (CEST);Tue Sep 03 2019 17:51:40 GMT+0200 (CEST);1567533100000
1380556832687962;23;29;Tue Sep 03 2019 19:53:33 GMT+0200 (CEST);Tue Sep 03 2019 17:53:33 GMT+0200 (CEST);1567533213000
1380556832687962;23;29;Tue Sep 03 2019 19:55:27 GMT+0200 (CEST);Tue Sep 03 2019 17:55:27 GMT+0200 (CEST);1567533327000
1380556832687962;23;29;Tue Sep 03 2019 19:57:19 GMT+0200 (CEST);Tue Sep 03 2019 17:57:19 GMT+0200 (CEST);1567533439000
1380556832687962;-273.2;18.3;Wed Sep 04 2019 06:46:03 GMT+0200 (CEST);Wed Sep 04 2019 04:46:03 GMT+0200 (CEST);1567572363000
1380556832687962;-273.2;18.4;Wed Sep 04 2019 06:47:56 GMT+0200 (CEST);Wed Sep 04 2019 04:47:56 GMT+0200 (CEST);1567572476000
1380556832687962;-273.2;32.3;Wed Sep 04 2019 06:49:55 GMT+0200 (CEST);Wed Sep 04 2019 04:49:55 GMT+0200 (CEST);1567572595000
1380556832687962;9.4;30.6;Wed Sep 04 2019 06:51:48 GMT+0200 (CEST);Wed Sep 04 2019 04:51:48 GMT+0200 (CEST);1567572708000
1380556832687962;9.4;31.1;Wed Sep 04 2019 06:53:42 GMT+0200 (CEST);Wed Sep 04 2019 04:53:42 GMT+0200 (CEST);1567572822000
1380556832687962;9.4;31.2;Wed Sep 04 2019 06:55:35 GMT+0200 (CEST);Wed Sep 04 2019 04:55:35 GMT+0200 (CEST);1567572935000
1380556832687962;11.4;30.8;Wed Sep 04 2019 06:57:29 GMT+0200 (CEST);Wed Sep 04 2019 04:57:29 GMT+0200 (CEST);1567573049000
1380556832687962;11.4;31.4;Wed Sep 04 2019 06:59:21 GMT+0200 (CEST);Wed Sep 04 2019 04:59:21 GMT+0200 (CEST);1567573161000
1380556832687962;11.9;31.5;Wed Sep 04 2019 07:01:14 GMT+0200 (CEST);Wed Sep 04 2019 05:01:14 GMT+0200 (CEST);1567573274000
1380556832687962;11.9;32.9;Wed Sep 04 2019 07:03:07 GMT+0200 (CEST);Wed Sep 04 2019 05:03:07 GMT+0200 (CEST);1567573387000
1380556832687962;11.9;32.9;Wed Sep 04 2019 07:05:00 GMT+0200 (CEST);Wed Sep 04 2019 05:05:00 GMT+0200 (CEST);1567573500000
1380556832687962;11.9;34.2;Wed Sep 04 2019 07:06:54 GMT+0200 (CEST);Wed Sep 04 2019 05:06:54 GMT+0200 (CEST);1567573614000
1380556832687962;11.9;34.2;Wed Sep 04 2019 07:08:47 GMT+0200 (CEST);Wed Sep 04 2019 05:08:47 GMT+0200 (CEST);1567573727000
1380556832687962;13.9;36;Wed Sep 04 2019 07:10:41 GMT+0200 (CEST);Wed Sep 04 2019 05:10:41 GMT+0200 (CEST);1567573841000
1380556832687962;13.9;36.6;Wed Sep 04 2019 07:12:35 GMT+0200 (CEST);Wed Sep 04 2019 05:12:35 GMT+0200 (CEST);1567573955000
1380556832687962;13.9;38;Wed Sep 04 2019 07:14:28 GMT+0200 (CEST);Wed Sep 04 2019 05:14:28 GMT+0200 (CEST);1567574068000
1380556832687962;15.4;38;Wed Sep 04 2019 07:16:22 GMT+0200 (CEST);Wed Sep 04 2019 05:16:22 GMT+0200 (CEST);1567574182000
1380556832687962;15.4;37.4;Wed Sep 04 2019 07:18:21 GMT+0200 (CEST);Wed Sep 04 2019 05:18:21 GMT+0200 (CEST);1567574301000
1380556832687962;15.4;37.4;Wed Sep 04 2019 07:20:17 GMT+0200 (CEST);Wed Sep 04 2019 05:20:17 GMT+0200 (CEST);1567574417000
1380556832687962;15.4;37.8;Wed Sep 04 2019 07:22:10 GMT+0200 (CEST);Wed Sep 04 2019 05:22:10 GMT+0200 (CEST);1567574530000
1380556832687962;15.4;37.8;Wed Sep 04 2019 07:24:06 GMT+0200 (CEST);Wed Sep 04 2019 05:24:06 GMT+0200 (CEST);1567574646000
1380556832687962;15.9;37.5;Wed Sep 04 2019 07:25:59 GMT+0200 (CEST);Wed Sep 04 2019 05:25:59 GMT+0200 (CEST);1567574759000
1380556832687962;15.9;37.9;Wed Sep 04 2019 07:27:51 GMT+0200 (CEST);Wed Sep 04 2019 05:27:51 GMT+0200 (CEST);1567574871000
1380556832687962;15.9;38.4;Wed Sep 04 2019 07:29:45 GMT+0200 (CEST);Wed Sep 04 2019 05:29:45 GMT+0200 (CEST);1567574985000
1380556832687962;15.9;38.4;Wed Sep 04 2019 07:31:42 GMT+0200 (CEST);Wed Sep 04 2019 05:31:42 GMT+0200 (CEST);1567575102000
1380556832687962;15.9;37.8;Wed Sep 04 2019 07:33:35 GMT+0200 (CEST);Wed Sep 04 2019 05:33:35 GMT+0200 (CEST);1567575215000
1380556832687962;17.4;38.6;Wed Sep 04 2019 07:35:28 GMT+0200 (CEST);Wed Sep 04 2019 05:35:28 GMT+0200 (CEST);1567575328000
1380556832687962;17.4;38.6;Wed Sep 04 2019 07:37:21 GMT+0200 (CEST);Wed Sep 04 2019 05:37:21 GMT+0200 (CEST);1567575441000
1380556832687962;17.4;38.6;Wed Sep 04 2019 07:39:26 GMT+0200 (CEST);Wed Sep 04 2019 05:39:26 GMT+0200 (CEST);1567575566000
1380556832687962;17.4;37.1;Wed Sep 04 2019 07:41:20 GMT+0200 (CEST);Wed Sep 04 2019 05:41:20 GMT+0200 (CEST);1567575680000
1380556832687962;17.4;37.1;Wed Sep 04 2019 07:43:13 GMT+0200 (CEST);Wed Sep 04 2019 05:43:13 GMT+0200 (CEST);1567575793000
1380556832687962;17.4;37.1;Wed Sep 04 2019 07:45:06 GMT+0200 (CEST);Wed Sep 04 2019 05:45:06 GMT+0200 (CEST);1567575906000
1380556832687962;17.4;37.6;Wed Sep 04 2019 07:47:02 GMT+0200 (CEST);Wed Sep 04 2019 05:47:02 GMT+0200 (CEST);1567576022000
1380556832687962;17.4;39.6;Wed Sep 04 2019 07:48:58 GMT+0200 (CEST);Wed Sep 04 2019 05:48:58 GMT+0200 (CEST);1567576138000
1380556832687962;19.4;40.2;Wed Sep 04 2019 07:50:51 GMT+0200 (CEST);Wed Sep 04 2019 05:50:51 GMT+0200 (CEST);1567576251000
1380556832687962;19.4;40.4;Wed Sep 04 2019 07:52:44 GMT+0200 (CEST);Wed Sep 04 2019 05:52:44 GMT+0200 (CEST);1567576364000
1380556832687962;21.5;40.4;Wed Sep 04 2019 07:54:41 GMT+0200 (CEST);Wed Sep 04 2019 05:54:41 GMT+0200 (CEST);1567576481000
1380556832687962;21.5;40.4;Wed Sep 04 2019 07:56:35 GMT+0200 (CEST);Wed Sep 04 2019 05:56:35 GMT+0200 (CEST);1567576595000
1380556832687962;21.5;40.4;Wed Sep 04 2019 07:58:28 GMT+0200 (CEST);Wed Sep 04 2019 05:58:28 GMT+0200 (CEST);1567576708000
1380556832687962;21.5;40.4;Wed Sep 04 2019 08:00:21 GMT+0200 (CEST);Wed Sep 04 2019 06:00:21 GMT+0200 (CEST);1567576821000
1380556832687962;21.5;40.4;Wed Sep 04 2019 08:02:14 GMT+0200 (CEST);Wed Sep 04 2019 06:02:14 GMT+0200 (CEST);1567576934000
1380556832687962;21.5;40.4;Wed Sep 04 2019 08:04:07 GMT+0200 (CEST);Wed Sep 04 2019 06:04:07 GMT+0200 (CEST);1567577047000
1380556832687962;23;40.4;Wed Sep 04 2019 08:06:00 GMT+0200 (CEST);Wed Sep 04 2019 06:06:00 GMT+0200 (CEST);1567577160000
1380556832687962;23;40.4;Wed Sep 04 2019 08:07:52 GMT+0200 (CEST);Wed Sep 04 2019 06:07:52 GMT+0200 (CEST);1567577272000
1380556832687962;23;40.4;Wed Sep 04 2019 08:09:47 GMT+0200 (CEST);Wed Sep 04 2019 06:09:47 GMT+0200 (CEST);1567577387000
1380556832687962;23;40.4;Wed Sep 04 2019 08:11:41 GMT+0200 (CEST);Wed Sep 04 2019 06:11:41 GMT+0200 (CEST);1567577501000
1380556832687962;23;40.4;Wed Sep 04 2019 08:13:34 GMT+0200 (CEST);Wed Sep 04 2019 06:13:34 GMT+0200 (CEST);1567577614000
1380556832687962;25.5;40.4;Wed Sep 04 2019 08:15:27 GMT+0200 (CEST);Wed Sep 04 2019 06:15:27 GMT+0200 (CEST);1567577727000
1380556832687962;25.5;40.4;Wed Sep 04 2019 08:17:20 GMT+0200 (CEST);Wed Sep 04 2019 06:17:20 GMT+0200 (CEST);1567577840000
1380556832687962;25.5;39.7;Wed Sep 04 2019 08:19:13 GMT+0200 (CEST);Wed Sep 04 2019 06:19:13 GMT+0200 (CEST);1567577953000
1380556832687962;25.5;36.1;Wed Sep 04 2019 08:21:07 GMT+0200 (CEST);Wed Sep 04 2019 06:21:07 GMT+0200 (CEST);1567578067000
1380556832687962;25.5;36.1;Wed Sep 04 2019 08:23:08 GMT+0200 (CEST);Wed Sep 04 2019 06:23:08 GMT+0200 (CEST);1567578188000
1380556832687962;25.5;35.9;Wed Sep 04 2019 08:25:02 GMT+0200 (CEST);Wed Sep 04 2019 06:25:02 GMT+0200 (CEST);1567578302000
1380556832687962;25.5;35.9;Wed Sep 04 2019 08:26:55 GMT+0200 (CEST);Wed Sep 04 2019 06:26:55 GMT+0200 (CEST);1567578415000
1380556832687962;25.5;35.8;Wed Sep 04 2019 08:28:50 GMT+0200 (CEST);Wed Sep 04 2019 06:28:50 GMT+0200 (CEST);1567578530000
1380556832687962;25.5;35.9;Wed Sep 04 2019 08:30:43 GMT+0200 (CEST);Wed Sep 04 2019 06:30:43 GMT+0200 (CEST);1567578643000
1380556832687962;25.5;35.8;Wed Sep 04 2019 08:32:35 GMT+0200 (CEST);Wed Sep 04 2019 06:32:35 GMT+0200 (CEST);1567578755000
1380556832687962;26;35.6;Wed Sep 04 2019 08:34:38 GMT+0200 (CEST);Wed Sep 04 2019 06:34:38 GMT+0200 (CEST);1567578878000
1380556832687962;26;35.7;Wed Sep 04 2019 08:36:34 GMT+0200 (CEST);Wed Sep 04 2019 06:36:34 GMT+0200 (CEST);1567578994000
1380556832687962;26;35.5;Wed Sep 04 2019 08:38:31 GMT+0200 (CEST);Wed Sep 04 2019 06:38:31 GMT+0200 (CEST);1567579111000
1380556832687962;26;35.4;Wed Sep 04 2019 08:40:25 GMT+0200 (CEST);Wed Sep 04 2019 06:40:25 GMT+0200 (CEST);1567579225000
1380556832687962;26;35.4;Wed Sep 04 2019 08:42:18 GMT+0200 (CEST);Wed Sep 04 2019 06:42:18 GMT+0200 (CEST);1567579338000
1380556832687962;26;35.4;Wed Sep 04 2019 08:44:12 GMT+0200 (CEST);Wed Sep 04 2019 06:44:12 GMT+0200 (CEST);1567579452000
1380556832687962;27.5;35.3;Wed Sep 04 2019 08:46:05 GMT+0200 (CEST);Wed Sep 04 2019 06:46:05 GMT+0200 (CEST);1567579565000
1380556832687962;27.5;35.3;Wed Sep 04 2019 08:47:58 GMT+0200 (CEST);Wed Sep 04 2019 06:47:58 GMT+0200 (CEST);1567579678000
1380556832687962;27.5;35.3;Wed Sep 04 2019 08:49:53 GMT+0200 (CEST);Wed Sep 04 2019 06:49:53 GMT+0200 (CEST);1567579793000
1380556832687962;27.5;34.8;Wed Sep 04 2019 08:51:48 GMT+0200 (CEST);Wed Sep 04 2019 06:51:48 GMT+0200 (CEST);1567579908000
1380556832687962;27.5;34;Wed Sep 04 2019 08:53:40 GMT+0200 (CEST);Wed Sep 04 2019 06:53:40 GMT+0200 (CEST);1567580020000
1380556832687962;28;34.2;Wed Sep 04 2019 08:55:35 GMT+0200 (CEST);Wed Sep 04 2019 06:55:35 GMT+0200 (CEST);1567580135000
1380556832687962;28;34.6;Wed Sep 04 2019 08:57:28 GMT+0200 (CEST);Wed Sep 04 2019 06:57:28 GMT+0200 (CEST);1567580248000
1380556832687962;28;34.6;Wed Sep 04 2019 08:59:21 GMT+0200 (CEST);Wed Sep 04 2019 06:59:21 GMT+0200 (CEST);1567580361000
1380556832687962;28;34.6;Wed Sep 04 2019 09:01:16 GMT+0200 (CEST);Wed Sep 04 2019 07:01:16 GMT+0200 (CEST);1567580476000
1380556832687962;28;34.8;Wed Sep 04 2019 09:03:09 GMT+0200 (CEST);Wed Sep 04 2019 07:03:09 GMT+0200 (CEST);1567580589000
1380556832687962;28;34.9;Wed Sep 04 2019 09:05:05 GMT+0200 (CEST);Wed Sep 04 2019 07:05:05 GMT+0200 (CEST);1567580705000
1380556832687962;28;35.1;Wed Sep 04 2019 09:06:58 GMT+0200 (CEST);Wed Sep 04 2019 07:06:58 GMT+0200 (CEST);1567580818000
1380556832687962;28;34.9;Wed Sep 04 2019 09:08:51 GMT+0200 (CEST);Wed Sep 04 2019 07:08:51 GMT+0200 (CEST);1567580931000
1380556832687962;28;34.7;Wed Sep 04 2019 09:10:43 GMT+0200 (CEST);Wed Sep 04 2019 07:10:43 GMT+0200 (CEST);1567581043000
1380556832687962;28;34.6;Wed Sep 04 2019 09:12:37 GMT+0200 (CEST);Wed Sep 04 2019 07:12:37 GMT+0200 (CEST);1567581157000
1380556832687962;28;34.6;Wed Sep 04 2019 09:14:30 GMT+0200 (CEST);Wed Sep 04 2019 07:14:30 GMT+0200 (CEST);1567581270000
1380556832687962;28;34.4;Wed Sep 04 2019 09:16:24 GMT+0200 (CEST);Wed Sep 04 2019 07:16:24 GMT+0200 (CEST);1567581384000
1380556832687962;28;34.5;Wed Sep 04 2019 09:18:18 GMT+0200 (CEST);Wed Sep 04 2019 07:18:18 GMT+0200 (CEST);1567581498000
1380556832687962;28;34.5;Wed Sep 04 2019 09:20:18 GMT+0200 (CEST);Wed Sep 04 2019 07:20:18 GMT+0200 (CEST);1567581618000
1380556832687962;33.5;34.2;Wed Sep 04 2019 09:22:21 GMT+0200 (CEST);Wed Sep 04 2019 07:22:21 GMT+0200 (CEST);1567581741000
1380556832687962;33.5;34.3;Wed Sep 04 2019 09:24:14 GMT+0200 (CEST);Wed Sep 04 2019 07:24:14 GMT+0200 (CEST);1567581854000
1380556832687962;33.5;34.4;Wed Sep 04 2019 09:26:08 GMT+0200 (CEST);Wed Sep 04 2019 07:26:08 GMT+0200 (CEST);1567581968000
1380556832687962;33.5;34.4;Wed Sep 04 2019 09:28:03 GMT+0200 (CEST);Wed Sep 04 2019 07:28:03 GMT+0200 (CEST);1567582083000
1380556832687962;33.5;34.2;Wed Sep 04 2019 09:29:56 GMT+0200 (CEST);Wed Sep 04 2019 07:29:56 GMT+0200 (CEST);1567582196000
1380556832687962;33.5;34;Wed Sep 04 2019 09:31:48 GMT+0200 (CEST);Wed Sep 04 2019 07:31:48 GMT+0200 (CEST);1567582308000
1380556832687962;34;34;Wed Sep 04 2019 09:33:51 GMT+0200 (CEST);Wed Sep 04 2019 07:33:51 GMT+0200 (CEST);1567582431000
1380556832687962;34;34;Wed Sep 04 2019 09:35:44 GMT+0200 (CEST);Wed Sep 04 2019 07:35:44 GMT+0200 (CEST);1567582544000
1380556832687962;34;34;Wed Sep 04 2019 09:37:37 GMT+0200 (CEST);Wed Sep 04 2019 07:37:37 GMT+0200 (CEST);1567582657000
1380556832687962;34;33.8;Wed Sep 04 2019 09:39:33 GMT+0200 (CEST);Wed Sep 04 2019 07:39:33 GMT+0200 (CEST);1567582773000
1380556832687962;35.6;33.7;Wed Sep 04 2019 09:41:25 GMT+0200 (CEST);Wed Sep 04 2019 07:41:25 GMT+0200 (CEST);1567582885000
1380556832687962;35.6;33.8;Wed Sep 04 2019 09:43:18 GMT+0200 (CEST);Wed Sep 04 2019 07:43:18 GMT+0200 (CEST);1567582998000
1380556832687962;35.6;33.8;Wed Sep 04 2019 09:45:12 GMT+0200 (CEST);Wed Sep 04 2019 07:45:12 GMT+0200 (CEST);1567583112000
1380556832687962;35.6;33.5;Wed Sep 04 2019 09:47:05 GMT+0200 (CEST);Wed Sep 04 2019 07:47:05 GMT+0200 (CEST);1567583225000
1380556832687962;35.6;33.5;Wed Sep 04 2019 09:48:58 GMT+0200 (CEST);Wed Sep 04 2019 07:48:58 GMT+0200 (CEST);1567583338000
1380556832687962;35.6;33.5;Wed Sep 04 2019 09:51:00 GMT+0200 (CEST);Wed Sep 04 2019 07:51:00 GMT+0200 (CEST);1567583460000
1380556832687962;35.6;33.6;Wed Sep 04 2019 09:52:53 GMT+0200 (CEST);Wed Sep 04 2019 07:52:53 GMT+0200 (CEST);1567583573000
1380556832687962;35.6;33.6;Wed Sep 04 2019 09:54:49 GMT+0200 (CEST);Wed Sep 04 2019 07:54:49 GMT+0200 (CEST);1567583689000
1380556832687962;37.6;33.5;Wed Sep 04 2019 09:56:43 GMT+0200 (CEST);Wed Sep 04 2019 07:56:43 GMT+0200 (CEST);1567583803000
1380556832687962;37.6;33.5;Wed Sep 04 2019 09:58:38 GMT+0200 (CEST);Wed Sep 04 2019 07:58:38 GMT+0200 (CEST);1567583918000
1380556832687962;37.6;33.2;Wed Sep 04 2019 10:00:33 GMT+0200 (CEST);Wed Sep 04 2019 08:00:33 GMT+0200 (CEST);1567584033000
1380556832687962;38.1;33.1;Wed Sep 04 2019 10:02:26 GMT+0200 (CEST);Wed Sep 04 2019 08:02:26 GMT+0200 (CEST);1567584146000
1380556832687962;38.1;33.4;Wed Sep 04 2019 10:04:20 GMT+0200 (CEST);Wed Sep 04 2019 08:04:20 GMT+0200 (CEST);1567584260000
1380556832687962;39.1;33.2;Wed Sep 04 2019 10:06:31 GMT+0200 (CEST);Wed Sep 04 2019 08:06:31 GMT+0200 (CEST);1567584391000
1380556832687962;39.1;33.1;Wed Sep 04 2019 10:08:24 GMT+0200 (CEST);Wed Sep 04 2019 08:08:24 GMT+0200 (CEST);1567584504000
1380556832687962;39.1;33.1;Wed Sep 04 2019 10:10:16 GMT+0200 (CEST);Wed Sep 04 2019 08:10:16 GMT+0200 (CEST);1567584616000
1380556832687962;39.1;33.1;Wed Sep 04 2019 10:12:09 GMT+0200 (CEST);Wed Sep 04 2019 08:12:09 GMT+0200 (CEST);1567584729000
1380556832687962;39.1;33.1;Wed Sep 04 2019 10:14:04 GMT+0200 (CEST);Wed Sep 04 2019 08:14:04 GMT+0200 (CEST);1567584844000
1380556832687962;39.1;33.4;Wed Sep 04 2019 10:15:57 GMT+0200 (CEST);Wed Sep 04 2019 08:15:57 GMT+0200 (CEST);1567584957000
1380556832687962;39.1;33.1;Wed Sep 04 2019 10:17:50 GMT+0200 (CEST);Wed Sep 04 2019 08:17:50 GMT+0200 (CEST);1567585070000
1380556832687962;39.1;32.9;Wed Sep 04 2019 10:19:48 GMT+0200 (CEST);Wed Sep 04 2019 08:19:48 GMT+0200 (CEST);1567585188000
1380556832687962;39.1;32.9;Wed Sep 04 2019 10:21:59 GMT+0200 (CEST);Wed Sep 04 2019 08:21:59 GMT+0200 (CEST);1567585319000
1380556832687962;39.1;32.9;Wed Sep 04 2019 10:23:51 GMT+0200 (CEST);Wed Sep 04 2019 08:23:51 GMT+0200 (CEST);1567585431000
1380556832687962;39.1;32.9;Wed Sep 04 2019 10:25:44 GMT+0200 (CEST);Wed Sep 04 2019 08:25:44 GMT+0200 (CEST);1567585544000
1380556832687962;39.1;33.1;Wed Sep 04 2019 10:27:37 GMT+0200 (CEST);Wed Sep 04 2019 08:27:37 GMT+0200 (CEST);1567585657000
1380556832687962;39.1;32.9;Wed Sep 04 2019 10:29:31 GMT+0200 (CEST);Wed Sep 04 2019 08:29:31 GMT+0200 (CEST);1567585771000
1380556832687962;41.6;32.7;Wed Sep 04 2019 10:31:23 GMT+0200 (CEST);Wed Sep 04 2019 08:31:23 GMT+0200 (CEST);1567585883000
1380556832687962;41.6;32.7;Wed Sep 04 2019 10:33:16 GMT+0200 (CEST);Wed Sep 04 2019 08:33:16 GMT+0200 (CEST);1567585996000
1380556832687962;41.6;32.7;Wed Sep 04 2019 10:35:12 GMT+0200 (CEST);Wed Sep 04 2019 08:35:12 GMT+0200 (CEST);1567586112000
1380556832687962;41.6;32.7;Wed Sep 04 2019 10:37:18 GMT+0200 (CEST);Wed Sep 04 2019 08:37:18 GMT+0200 (CEST);1567586238000
1380556832687962;41.6;32.7;Wed Sep 04 2019 10:39:25 GMT+0200 (CEST);Wed Sep 04 2019 08:39:25 GMT+0200 (CEST);1567586365000
1380556832687962;42.1;32.6;Wed Sep 04 2019 10:41:19 GMT+0200 (CEST);Wed Sep 04 2019 08:41:19 GMT+0200 (CEST);1567586479000
1380556832687962;42.1;32.4;Wed Sep 04 2019 10:43:12 GMT+0200 (CEST);Wed Sep 04 2019 08:43:12 GMT+0200 (CEST);1567586592000
1380556832687962;42.1;32.3;Wed Sep 04 2019 10:45:11 GMT+0200 (CEST);Wed Sep 04 2019 08:45:11 GMT+0200 (CEST);1567586711000
1380556832687962;42.1;32.3;Wed Sep 04 2019 10:47:07 GMT+0200 (CEST);Wed Sep 04 2019 08:47:07 GMT+0200 (CEST);1567586827000
1380556832687962;42.1;32.2;Wed Sep 04 2019 10:49:03 GMT+0200 (CEST);Wed Sep 04 2019 08:49:03 GMT+0200 (CEST);1567586943000
1380556832687962;43.6;32.1;Wed Sep 04 2019 10:51:17 GMT+0200 (CEST);Wed Sep 04 2019 08:51:17 GMT+0200 (CEST);1567587077000
1380556832687962;43.6;32.3;Wed Sep 04 2019 10:53:16 GMT+0200 (CEST);Wed Sep 04 2019 08:53:16 GMT+0200 (CEST);1567587196000
1380556832687962;43.6;32.4;Wed Sep 04 2019 10:55:09 GMT+0200 (CEST);Wed Sep 04 2019 08:55:09 GMT+0200 (CEST);1567587309000
1380556832687962;43.6;32.4;Wed Sep 04 2019 10:57:05 GMT+0200 (CEST);Wed Sep 04 2019 08:57:05 GMT+0200 (CEST);1567587425000
1380556832687962;43.6;32.5;Wed Sep 04 2019 10:58:57 GMT+0200 (CEST);Wed Sep 04 2019 08:58:57 GMT+0200 (CEST);1567587537000
1380556832687962;43.6;32.3;Wed Sep 04 2019 11:00:55 GMT+0200 (CEST);Wed Sep 04 2019 09:00:55 GMT+0200 (CEST);1567587655000
1380556832687962;43.6;32.3;Wed Sep 04 2019 11:02:50 GMT+0200 (CEST);Wed Sep 04 2019 09:02:50 GMT+0200 (CEST);1567587770000
1380556832687962;43.6;32.2;Wed Sep 04 2019 11:04:48 GMT+0200 (CEST);Wed Sep 04 2019 09:04:48 GMT+0200 (CEST);1567587888000
1380556832687962;43.6;32.2;Wed Sep 04 2019 11:06:44 GMT+0200 (CEST);Wed Sep 04 2019 09:06:44 GMT+0200 (CEST);1567588004000
1380556832687962;43.6;32.1;Wed Sep 04 2019 11:09:00 GMT+0200 (CEST);Wed Sep 04 2019 09:09:00 GMT+0200 (CEST);1567588140000
1380556832687962;43.6;32.1;Wed Sep 04 2019 11:10:53 GMT+0200 (CEST);Wed Sep 04 2019 09:10:53 GMT+0200 (CEST);1567588253000
1380556832687962;43.6;32.1;Wed Sep 04 2019 11:12:48 GMT+0200 (CEST);Wed Sep 04 2019 09:12:48 GMT+0200 (CEST);1567588368000
1380556832687962;44.1;32.1;Wed Sep 04 2019 11:14:41 GMT+0200 (CEST);Wed Sep 04 2019 09:14:41 GMT+0200 (CEST);1567588481000
1380556832687962;44.1;32.1;Wed Sep 04 2019 11:16:35 GMT+0200 (CEST);Wed Sep 04 2019 09:16:35 GMT+0200 (CEST);1567588595000
1380556832687962;45.6;32.1;Wed Sep 04 2019 11:18:29 GMT+0200 (CEST);Wed Sep 04 2019 09:18:29 GMT+0200 (CEST);1567588709000
1380556832687962;45.6;32.1;Wed Sep 04 2019 11:20:22 GMT+0200 (CEST);Wed Sep 04 2019 09:20:22 GMT+0200 (CEST);1567588822000
1380556832687962;45.6;31.9;Wed Sep 04 2019 11:22:15 GMT+0200 (CEST);Wed Sep 04 2019 09:22:15 GMT+0200 (CEST);1567588935000
1380556832687962;44.1;31.9;Wed Sep 04 2019 11:24:17 GMT+0200 (CEST);Wed Sep 04 2019 09:24:17 GMT+0200 (CEST);1567589057000
1380556832687962;44.1;31.9;Wed Sep 04 2019 11:26:11 GMT+0200 (CEST);Wed Sep 04 2019 09:26:11 GMT+0200 (CEST);1567589171000
1380556832687962;44.1;31.8;Wed Sep 04 2019 11:28:05 GMT+0200 (CEST);Wed Sep 04 2019 09:28:05 GMT+0200 (CEST);1567589285000
1380556832687962;45.6;31.8;Wed Sep 04 2019 11:30:02 GMT+0200 (CEST);Wed Sep 04 2019 09:30:02 GMT+0200 (CEST);1567589402000
1380556832687962;45.6;31.8;Wed Sep 04 2019 11:32:01 GMT+0200 (CEST);Wed Sep 04 2019 09:32:01 GMT+0200 (CEST);1567589521000
1380556832687962;45.6;31.9;Wed Sep 04 2019 11:33:58 GMT+0200 (CEST);Wed Sep 04 2019 09:33:58 GMT+0200 (CEST);1567589638000
1380556832687962;45.6;31.9;Wed Sep 04 2019 11:35:52 GMT+0200 (CEST);Wed Sep 04 2019 09:35:52 GMT+0200 (CEST);1567589752000
1380556832687962;45.6;31.9;Wed Sep 04 2019 11:37:45 GMT+0200 (CEST);Wed Sep 04 2019 09:37:45 GMT+0200 (CEST);1567589865000
1380556832687962;46.1;31.8;Wed Sep 04 2019 11:39:46 GMT+0200 (CEST);Wed Sep 04 2019 09:39:46 GMT+0200 (CEST);1567589986000
1380556832687962;46.1;31.6;Wed Sep 04 2019 11:41:38 GMT+0200 (CEST);Wed Sep 04 2019 09:41:38 GMT+0200 (CEST);1567590098000
1380556832687962;46.1;31.8;Wed Sep 04 2019 11:43:35 GMT+0200 (CEST);Wed Sep 04 2019 09:43:35 GMT+0200 (CEST);1567590215000
1380556832687962;46.1;31.8;Wed Sep 04 2019 11:45:29 GMT+0200 (CEST);Wed Sep 04 2019 09:45:29 GMT+0200 (CEST);1567590329000
1380556832687962;46.1;31.8;Wed Sep 04 2019 11:47:28 GMT+0200 (CEST);Wed Sep 04 2019 09:47:28 GMT+0200 (CEST);1567590448000
1380556832687962;46.1;31.5;Wed Sep 04 2019 11:49:20 GMT+0200 (CEST);Wed Sep 04 2019 09:49:20 GMT+0200 (CEST);1567590560000
1380556832687962;46.1;31.4;Wed Sep 04 2019 11:51:13 GMT+0200 (CEST);Wed Sep 04 2019 09:51:13 GMT+0200 (CEST);1567590673000
1380556832687962;46.1;31.6;Wed Sep 04 2019 11:53:06 GMT+0200 (CEST);Wed Sep 04 2019 09:53:06 GMT+0200 (CEST);1567590786000
1380556832687962;46.1;31.6;Wed Sep 04 2019 11:55:02 GMT+0200 (CEST);Wed Sep 04 2019 09:55:02 GMT+0200 (CEST);1567590902000
1380556832687962;46.1;31.8;Wed Sep 04 2019 11:56:57 GMT+0200 (CEST);Wed Sep 04 2019 09:56:57 GMT+0200 (CEST);1567591017000
1380556832687962;46.1;31.7;Wed Sep 04 2019 11:58:50 GMT+0200 (CEST);Wed Sep 04 2019 09:58:50 GMT+0200 (CEST);1567591130000
1380556832687962;46.1;31.7;Wed Sep 04 2019 12:00:43 GMT+0200 (CEST);Wed Sep 04 2019 10:00:43 GMT+0200 (CEST);1567591243000
1380556832687962;47.6;31.7;Wed Sep 04 2019 12:02:36 GMT+0200 (CEST);Wed Sep 04 2019 10:02:36 GMT+0200 (CEST);1567591356000
1380556832687962;47.6;31.6;Wed Sep 04 2019 12:04:29 GMT+0200 (CEST);Wed Sep 04 2019 10:04:29 GMT+0200 (CEST);1567591469000
1380556832687962;47.6;31.7;Wed Sep 04 2019 12:06:22 GMT+0200 (CEST);Wed Sep 04 2019 10:06:22 GMT+0200 (CEST);1567591582000
1380556832687962;47.6;31.4;Wed Sep 04 2019 12:09:18 GMT+0200 (CEST);Wed Sep 04 2019 10:09:18 GMT+0200 (CEST);1567591758000
1380556832687962;47.6;30.7;Wed Sep 04 2019 12:11:18 GMT+0200 (CEST);Wed Sep 04 2019 10:11:18 GMT+0200 (CEST);1567591878000
1380556832687962;48.2;30.6;Wed Sep 04 2019 12:13:11 GMT+0200 (CEST);Wed Sep 04 2019 10:13:11 GMT+0200 (CEST);1567591991000
1380556832687962;48.2;26;Wed Sep 04 2019 12:15:08 GMT+0200 (CEST);Wed Sep 04 2019 10:15:08 GMT+0200 (CEST);1567592108000
1380556832687962;48.2;31.8;Wed Sep 04 2019 12:17:02 GMT+0200 (CEST);Wed Sep 04 2019 10:17:02 GMT+0200 (CEST);1567592222000
1380556832687962;48.2;28.3;Wed Sep 04 2019 12:18:58 GMT+0200 (CEST);Wed Sep 04 2019 10:18:58 GMT+0200 (CEST);1567592338000
1380556832687962;48.2;31;Wed Sep 04 2019 12:20:54 GMT+0200 (CEST);Wed Sep 04 2019 10:20:54 GMT+0200 (CEST);1567592454000
1380556832687962;48.2;28.9;Wed Sep 04 2019 12:22:47 GMT+0200 (CEST);Wed Sep 04 2019 10:22:47 GMT+0200 (CEST);1567592567000
1380556832687962;48.2;31.3;Wed Sep 04 2019 12:24:40 GMT+0200 (CEST);Wed Sep 04 2019 10:24:40 GMT+0200 (CEST);1567592680000
1380556832687962;48.2;21;Wed Sep 04 2019 12:26:35 GMT+0200 (CEST);Wed Sep 04 2019 10:26:35 GMT+0200 (CEST);1567592795000
1380556832687962;46.1;21;Wed Sep 04 2019 12:28:28 GMT+0200 (CEST);Wed Sep 04 2019 10:28:28 GMT+0200 (CEST);1567592908000
1380556832687962;46.1;20.9;Wed Sep 04 2019 12:30:21 GMT+0200 (CEST);Wed Sep 04 2019 10:30:21 GMT+0200 (CEST);1567593021000
1380556832687962;46.1;29.1;Wed Sep 04 2019 12:32:16 GMT+0200 (CEST);Wed Sep 04 2019 10:32:16 GMT+0200 (CEST);1567593136000
1380556832687962;46.1;21.4;Wed Sep 04 2019 12:34:22 GMT+0200 (CEST);Wed Sep 04 2019 10:34:22 GMT+0200 (CEST);1567593262000
1380556832687962;48.2;20.7;Wed Sep 04 2019 12:36:15 GMT+0200 (CEST);Wed Sep 04 2019 10:36:15 GMT+0200 (CEST);1567593375000
1380556832687962;48.2;27.1;Wed Sep 04 2019 12:38:09 GMT+0200 (CEST);Wed Sep 04 2019 10:38:09 GMT+0200 (CEST);1567593489000
1380556832687962;48.2;22.5;Wed Sep 04 2019 12:40:01 GMT+0200 (CEST);Wed Sep 04 2019 10:40:01 GMT+0200 (CEST);1567593601000
1380556832687962;48.2;28.2;Wed Sep 04 2019 12:41:55 GMT+0200 (CEST);Wed Sep 04 2019 10:41:55 GMT+0200 (CEST);1567593715000
1380556832687962;49.7;30.6;Wed Sep 04 2019 12:43:53 GMT+0200 (CEST);Wed Sep 04 2019 10:43:53 GMT+0200 (CEST);1567593833000
1380556832687962;49.7;26.4;Wed Sep 04 2019 12:45:45 GMT+0200 (CEST);Wed Sep 04 2019 10:45:45 GMT+0200 (CEST);1567593945000
1380556832687962;49.7;26.4;Wed Sep 04 2019 12:47:38 GMT+0200 (CEST);Wed Sep 04 2019 10:47:38 GMT+0200 (CEST);1567594058000
1380556832687962;49.7;24;Wed Sep 04 2019 12:49:44 GMT+0200 (CEST);Wed Sep 04 2019 10:49:44 GMT+0200 (CEST);1567594184000
1380556832687962;49.7;24;Wed Sep 04 2019 12:51:37 GMT+0200 (CEST);Wed Sep 04 2019 10:51:37 GMT+0200 (CEST);1567594297000
1380556832687962;49.7;25.5;Wed Sep 04 2019 12:53:29 GMT+0200 (CEST);Wed Sep 04 2019 10:53:29 GMT+0200 (CEST);1567594409000
1380556832687962;49.7;25.5;Wed Sep 04 2019 12:55:25 GMT+0200 (CEST);Wed Sep 04 2019 10:55:25 GMT+0200 (CEST);1567594525000
1380556832687962;49.7;32.1;Wed Sep 04 2019 12:57:22 GMT+0200 (CEST);Wed Sep 04 2019 10:57:22 GMT+0200 (CEST);1567594642000
1380556832687962;49.7;32.1;Wed Sep 04 2019 12:59:15 GMT+0200 (CEST);Wed Sep 04 2019 10:59:15 GMT+0200 (CEST);1567594755000
1380556832687962;51.7;32.1;Wed Sep 04 2019 13:01:08 GMT+0200 (CEST);Wed Sep 04 2019 11:01:08 GMT+0200 (CEST);1567594868000
1380556832687962;51.7;32;Wed Sep 04 2019 13:03:03 GMT+0200 (CEST);Wed Sep 04 2019 11:03:03 GMT+0200 (CEST);1567594983000
1380556832687962;51.7;32.5;Wed Sep 04 2019 13:05:04 GMT+0200 (CEST);Wed Sep 04 2019 11:05:04 GMT+0200 (CEST);1567595104000
1380556832687962;51.7;32.1;Wed Sep 04 2019 13:06:59 GMT+0200 (CEST);Wed Sep 04 2019 11:06:59 GMT+0200 (CEST);1567595219000
1380556832687962;51.7;32;Wed Sep 04 2019 13:08:52 GMT+0200 (CEST);Wed Sep 04 2019 11:08:52 GMT+0200 (CEST);1567595332000
1380556832687962;51.7;32.3;Wed Sep 04 2019 13:10:45 GMT+0200 (CEST);Wed Sep 04 2019 11:10:45 GMT+0200 (CEST);1567595445000
1380556832687962;51.7;32.1;Wed Sep 04 2019 13:12:38 GMT+0200 (CEST);Wed Sep 04 2019 11:12:38 GMT+0200 (CEST);1567595558000
1380556832687962;51.7;32.4;Wed Sep 04 2019 13:14:31 GMT+0200 (CEST);Wed Sep 04 2019 11:14:31 GMT+0200 (CEST);1567595671000
1380556832687962;51.7;32.4;Wed Sep 04 2019 13:16:24 GMT+0200 (CEST);Wed Sep 04 2019 11:16:24 GMT+0200 (CEST);1567595784000
1380556832687962;51.7;32.3;Wed Sep 04 2019 13:18:25 GMT+0200 (CEST);Wed Sep 04 2019 11:18:25 GMT+0200 (CEST);1567595905000
1380556832687962;51.7;32.3;Wed Sep 04 2019 13:21:42 GMT+0200 (CEST);Wed Sep 04 2019 11:21:42 GMT+0200 (CEST);1567596102000
1380556832687962;51.7;32;Wed Sep 04 2019 13:23:36 GMT+0200 (CEST);Wed Sep 04 2019 11:23:36 GMT+0200 (CEST);1567596216000
1380556832687962;51.7;32.1;Wed Sep 04 2019 13:25:31 GMT+0200 (CEST);Wed Sep 04 2019 11:25:31 GMT+0200 (CEST);1567596331000
1380556832687962;51.7;32.1;Wed Sep 04 2019 13:27:28 GMT+0200 (CEST);Wed Sep 04 2019 11:27:28 GMT+0200 (CEST);1567596448000
1380556832687962;51.7;32.1;Wed Sep 04 2019 13:29:21 GMT+0200 (CEST);Wed Sep 04 2019 11:29:21 GMT+0200 (CEST);1567596561000
1380556832687962;51.7;32.1;Wed Sep 04 2019 13:31:14 GMT+0200 (CEST);Wed Sep 04 2019 11:31:14 GMT+0200 (CEST);1567596674000
1380556832687962;51.7;32.3;Wed Sep 04 2019 13:33:10 GMT+0200 (CEST);Wed Sep 04 2019 11:33:10 GMT+0200 (CEST);1567596790000
1380556832687962;51.7;32.3;Wed Sep 04 2019 13:35:13 GMT+0200 (CEST);Wed Sep 04 2019 11:35:13 GMT+0200 (CEST);1567596913000
1380556832687962;51.7;32.4;Wed Sep 04 2019 13:37:06 GMT+0200 (CEST);Wed Sep 04 2019 11:37:06 GMT+0200 (CEST);1567597026000
1380556832687962;51.7;32.3;Wed Sep 04 2019 13:39:51 GMT+0200 (CEST);Wed Sep 04 2019 11:39:51 GMT+0200 (CEST);1567597191000
1380556832687962;51.7;32.3;Wed Sep 04 2019 13:41:44 GMT+0200 (CEST);Wed Sep 04 2019 11:41:44 GMT+0200 (CEST);1567597304000
1380556832687962;51.7;32;Wed Sep 04 2019 13:43:43 GMT+0200 (CEST);Wed Sep 04 2019 11:43:43 GMT+0200 (CEST);1567597423000
1380556832687962;51.7;32;Wed Sep 04 2019 13:45:39 GMT+0200 (CEST);Wed Sep 04 2019 11:45:39 GMT+0200 (CEST);1567597539000
1380556832687962;51.7;32;Wed Sep 04 2019 13:47:32 GMT+0200 (CEST);Wed Sep 04 2019 11:47:32 GMT+0200 (CEST);1567597652000
1380556832687962;51.7;32;Wed Sep 04 2019 13:49:24 GMT+0200 (CEST);Wed Sep 04 2019 11:49:24 GMT+0200 (CEST);1567597764000
1380556832687962;51.7;31.8;Wed Sep 04 2019 13:51:17 GMT+0200 (CEST);Wed Sep 04 2019 11:51:17 GMT+0200 (CEST);1567597877000
1380556832687962;51.7;32.1;Wed Sep 04 2019 13:53:10 GMT+0200 (CEST);Wed Sep 04 2019 11:53:10 GMT+0200 (CEST);1567597990000
1380556832687962;51.7;32;Wed Sep 04 2019 13:55:07 GMT+0200 (CEST);Wed Sep 04 2019 11:55:07 GMT+0200 (CEST);1567598107000
1380556832687962;51.7;32;Wed Sep 04 2019 13:57:01 GMT+0200 (CEST);Wed Sep 04 2019 11:57:01 GMT+0200 (CEST);1567598221000
1380556832687962;51.7;32;Wed Sep 04 2019 13:58:53 GMT+0200 (CEST);Wed Sep 04 2019 11:58:53 GMT+0200 (CEST);1567598333000
1380556832687962;51.7;32.1;Wed Sep 04 2019 14:00:47 GMT+0200 (CEST);Wed Sep 04 2019 12:00:47 GMT+0200 (CEST);1567598447000
1380556832687962;52.2;32.1;Wed Sep 04 2019 14:02:46 GMT+0200 (CEST);Wed Sep 04 2019 12:02:46 GMT+0200 (CEST);1567598566000
1380556832687962;52.2;32;Wed Sep 04 2019 14:04:39 GMT+0200 (CEST);Wed Sep 04 2019 12:04:39 GMT+0200 (CEST);1567598679000
1380556832687962;52.2;32;Wed Sep 04 2019 14:06:33 GMT+0200 (CEST);Wed Sep 04 2019 12:06:33 GMT+0200 (CEST);1567598793000
1380556832687962;52.2;32.1;Wed Sep 04 2019 14:08:26 GMT+0200 (CEST);Wed Sep 04 2019 12:08:26 GMT+0200 (CEST);1567598906000
1380556832687962;52.2;32.4;Wed Sep 04 2019 14:10:23 GMT+0200 (CEST);Wed Sep 04 2019 12:10:23 GMT+0200 (CEST);1567599023000
1380556832687962;51.7;32.3;Wed Sep 04 2019 14:12:15 GMT+0200 (CEST);Wed Sep 04 2019 12:12:15 GMT+0200 (CEST);1567599135000
1380556832687962;51.7;32.4;Wed Sep 04 2019 14:14:09 GMT+0200 (CEST);Wed Sep 04 2019 12:14:09 GMT+0200 (CEST);1567599249000
1380556832687962;51.7;32.4;Wed Sep 04 2019 14:16:02 GMT+0200 (CEST);Wed Sep 04 2019 12:16:02 GMT+0200 (CEST);1567599362000
1380556832687962;51.7;32.4;Wed Sep 04 2019 14:17:55 GMT+0200 (CEST);Wed Sep 04 2019 12:17:55 GMT+0200 (CEST);1567599475000
1380556832687962;51.7;32.1;Wed Sep 04 2019 14:19:49 GMT+0200 (CEST);Wed Sep 04 2019 12:19:49 GMT+0200 (CEST);1567599589000
1380556832687962;51.7;32.2;Wed Sep 04 2019 14:21:42 GMT+0200 (CEST);Wed Sep 04 2019 12:21:42 GMT+0200 (CEST);1567599702000
1380556832687962;51.7;32.3;Wed Sep 04 2019 14:23:37 GMT+0200 (CEST);Wed Sep 04 2019 12:23:37 GMT+0200 (CEST);1567599817000
1380556832687962;51.7;32.2;Wed Sep 04 2019 14:25:31 GMT+0200 (CEST);Wed Sep 04 2019 12:25:31 GMT+0200 (CEST);1567599931000
1380556832687962;51.7;32.4;Wed Sep 04 2019 14:27:24 GMT+0200 (CEST);Wed Sep 04 2019 12:27:24 GMT+0200 (CEST);1567600044000
1380556832687962;51.7;32;Wed Sep 04 2019 14:29:16 GMT+0200 (CEST);Wed Sep 04 2019 12:29:16 GMT+0200 (CEST);1567600156000
1380556832687962;51.7;32.4;Wed Sep 04 2019 14:31:09 GMT+0200 (CEST);Wed Sep 04 2019 12:31:09 GMT+0200 (CEST);1567600269000
1380556832687962;51.7;31.9;Wed Sep 04 2019 14:33:06 GMT+0200 (CEST);Wed Sep 04 2019 12:33:06 GMT+0200 (CEST);1567600386000
1380556832687962;51.7;31.7;Wed Sep 04 2019 14:35:04 GMT+0200 (CEST);Wed Sep 04 2019 12:35:04 GMT+0200 (CEST);1567600504000
1380556832687962;51.7;32;Wed Sep 04 2019 14:36:57 GMT+0200 (CEST);Wed Sep 04 2019 12:36:57 GMT+0200 (CEST);1567600617000
1380556832687962;51.7;31.8;Wed Sep 04 2019 14:38:55 GMT+0200 (CEST);Wed Sep 04 2019 12:38:55 GMT+0200 (CEST);1567600735000
1380556832687962;51.7;31.6;Wed Sep 04 2019 14:40:52 GMT+0200 (CEST);Wed Sep 04 2019 12:40:52 GMT+0200 (CEST);1567600852000
1380556832687962;51.7;31.8;Wed Sep 04 2019 14:42:46 GMT+0200 (CEST);Wed Sep 04 2019 12:42:46 GMT+0200 (CEST);1567600966000
1380556832687962;51.7;32.4;Wed Sep 04 2019 14:44:42 GMT+0200 (CEST);Wed Sep 04 2019 12:44:42 GMT+0200 (CEST);1567601082000
1380556832687962;52.2;32.1;Wed Sep 04 2019 14:46:36 GMT+0200 (CEST);Wed Sep 04 2019 12:46:36 GMT+0200 (CEST);1567601196000
1380556832687962;52.2;32.4;Wed Sep 04 2019 14:48:29 GMT+0200 (CEST);Wed Sep 04 2019 12:48:29 GMT+0200 (CEST);1567601309000
1380556832687962;52.2;32.4;Wed Sep 04 2019 14:50:23 GMT+0200 (CEST);Wed Sep 04 2019 12:50:23 GMT+0200 (CEST);1567601423000
1380556832687962;51.7;31.6;Wed Sep 04 2019 14:52:36 GMT+0200 (CEST);Wed Sep 04 2019 12:52:36 GMT+0200 (CEST);1567601556000
1380556832687962;51.7;31.8;Wed Sep 04 2019 14:54:29 GMT+0200 (CEST);Wed Sep 04 2019 12:54:29 GMT+0200 (CEST);1567601669000
1380556832687962;51.7;31.8;Wed Sep 04 2019 14:56:22 GMT+0200 (CEST);Wed Sep 04 2019 12:56:22 GMT+0200 (CEST);1567601782000
1380556832687962;51.7;31.6;Wed Sep 04 2019 14:58:17 GMT+0200 (CEST);Wed Sep 04 2019 12:58:17 GMT+0200 (CEST);1567601897000
1380556832687962;51.7;31.7;Wed Sep 04 2019 15:00:11 GMT+0200 (CEST);Wed Sep 04 2019 13:00:11 GMT+0200 (CEST);1567602011000
1380556832687962;51.7;32.2;Wed Sep 04 2019 15:02:03 GMT+0200 (CEST);Wed Sep 04 2019 13:02:03 GMT+0200 (CEST);1567602123000
1380556832687962;51.7;32.1;Wed Sep 04 2019 15:03:58 GMT+0200 (CEST);Wed Sep 04 2019 13:03:58 GMT+0200 (CEST);1567602238000
1380556832687962;51.7;31.9;Wed Sep 04 2019 15:05:51 GMT+0200 (CEST);Wed Sep 04 2019 13:05:51 GMT+0200 (CEST);1567602351000
1380556832687962;51.7;31.8;Wed Sep 04 2019 15:07:52 GMT+0200 (CEST);Wed Sep 04 2019 13:07:52 GMT+0200 (CEST);1567602472000
1380556832687962;51.7;31.8;Wed Sep 04 2019 15:09:47 GMT+0200 (CEST);Wed Sep 04 2019 13:09:47 GMT+0200 (CEST);1567602587000
1380556832687962;51.7;31.4;Wed Sep 04 2019 15:11:41 GMT+0200 (CEST);Wed Sep 04 2019 13:11:41 GMT+0200 (CEST);1567602701000
1380556832687962;51.7;31.6;Wed Sep 04 2019 15:13:42 GMT+0200 (CEST);Wed Sep 04 2019 13:13:42 GMT+0200 (CEST);1567602822000
1380556832687962;50.2;32;Wed Sep 04 2019 15:15:38 GMT+0200 (CEST);Wed Sep 04 2019 13:15:38 GMT+0200 (CEST);1567602938000
1380556832687962;50.2;32.1;Wed Sep 04 2019 15:17:33 GMT+0200 (CEST);Wed Sep 04 2019 13:17:33 GMT+0200 (CEST);1567603053000
1380556832687962;50.2;32.1;Wed Sep 04 2019 15:19:26 GMT+0200 (CEST);Wed Sep 04 2019 13:19:26 GMT+0200 (CEST);1567603166000
1380556832687962;50.2;32;Wed Sep 04 2019 15:21:24 GMT+0200 (CEST);Wed Sep 04 2019 13:21:24 GMT+0200 (CEST);1567603284000
1380556832687962;50.2;31.7;Wed Sep 04 2019 15:23:16 GMT+0200 (CEST);Wed Sep 04 2019 13:23:16 GMT+0200 (CEST);1567603396000
1380556832687962;50.2;32;Wed Sep 04 2019 15:25:25 GMT+0200 (CEST);Wed Sep 04 2019 13:25:25 GMT+0200 (CEST);1567603525000
1380556832687962;50.2;31.8;Wed Sep 04 2019 15:27:19 GMT+0200 (CEST);Wed Sep 04 2019 13:27:19 GMT+0200 (CEST);1567603639000
1380556832687962;50.2;31.8;Wed Sep 04 2019 15:29:11 GMT+0200 (CEST);Wed Sep 04 2019 13:29:11 GMT+0200 (CEST);1567603751000
1380556832687962;49.7;31.9;Wed Sep 04 2019 15:31:10 GMT+0200 (CEST);Wed Sep 04 2019 13:31:10 GMT+0200 (CEST);1567603870000
1380556832687962;49.7;31.4;Wed Sep 04 2019 15:33:10 GMT+0200 (CEST);Wed Sep 04 2019 13:33:10 GMT+0200 (CEST);1567603990000
1380556832687962;49.7;31.4;Wed Sep 04 2019 15:35:22 GMT+0200 (CEST);Wed Sep 04 2019 13:35:22 GMT+0200 (CEST);1567604122000
1380556832687962;49.7;31.4;Wed Sep 04 2019 15:37:17 GMT+0200 (CEST);Wed Sep 04 2019 13:37:17 GMT+0200 (CEST);1567604237000
1380556832687962;49.7;31.5;Wed Sep 04 2019 15:39:10 GMT+0200 (CEST);Wed Sep 04 2019 13:39:10 GMT+0200 (CEST);1567604350000
1380556832687962;49.7;31.7;Wed Sep 04 2019 15:41:02 GMT+0200 (CEST);Wed Sep 04 2019 13:41:02 GMT+0200 (CEST);1567604462000
1380556832687962;49.7;31.7;Wed Sep 04 2019 15:42:57 GMT+0200 (CEST);Wed Sep 04 2019 13:42:57 GMT+0200 (CEST);1567604577000
1380556832687962;48.2;31.9;Wed Sep 04 2019 15:44:50 GMT+0200 (CEST);Wed Sep 04 2019 13:44:50 GMT+0200 (CEST);1567604690000
1380556832687962;48.2;32;Wed Sep 04 2019 15:46:44 GMT+0200 (CEST);Wed Sep 04 2019 13:46:44 GMT+0200 (CEST);1567604804000
1380556832687962;48.2;31.7;Wed Sep 04 2019 15:48:39 GMT+0200 (CEST);Wed Sep 04 2019 13:48:39 GMT+0200 (CEST);1567604919000
1380556832687962;47.6;31.7;Wed Sep 04 2019 15:50:48 GMT+0200 (CEST);Wed Sep 04 2019 13:50:48 GMT+0200 (CEST);1567605048000
1380556832687962;47.6;31.8;Wed Sep 04 2019 15:52:45 GMT+0200 (CEST);Wed Sep 04 2019 13:52:45 GMT+0200 (CEST);1567605165000
1380556832687962;47.6;31.9;Wed Sep 04 2019 15:54:39 GMT+0200 (CEST);Wed Sep 04 2019 13:54:39 GMT+0200 (CEST);1567605279000
1380556832687962;47.6;32.1;Wed Sep 04 2019 15:56:39 GMT+0200 (CEST);Wed Sep 04 2019 13:56:39 GMT+0200 (CEST);1567605399000
1380556832687962;47.6;32;Wed Sep 04 2019 15:58:32 GMT+0200 (CEST);Wed Sep 04 2019 13:58:32 GMT+0200 (CEST);1567605512000
1380556832687962;48.7;31.8;Wed Sep 04 2019 16:00:25 GMT+0200 (CEST);Wed Sep 04 2019 14:00:25 GMT+0200 (CEST);1567605625000
1380556832687962;48.7;31.8;Wed Sep 04 2019 16:02:18 GMT+0200 (CEST);Wed Sep 04 2019 14:02:18 GMT+0200 (CEST);1567605738000
1380556832687962;48.2;31.8;Wed Sep 04 2019 16:04:14 GMT+0200 (CEST);Wed Sep 04 2019 14:04:14 GMT+0200 (CEST);1567605854000
1380556832687962;48.2;31.6;Wed Sep 04 2019 16:06:08 GMT+0200 (CEST);Wed Sep 04 2019 14:06:08 GMT+0200 (CEST);1567605968000
1380556832687962;48.2;31.6;Wed Sep 04 2019 16:08:02 GMT+0200 (CEST);Wed Sep 04 2019 14:08:02 GMT+0200 (CEST);1567606082000
1380556832687962;48.2;31.6;Wed Sep 04 2019 16:09:56 GMT+0200 (CEST);Wed Sep 04 2019 14:09:56 GMT+0200 (CEST);1567606196000
1380556832687962;48.2;31.6;Wed Sep 04 2019 16:11:48 GMT+0200 (CEST);Wed Sep 04 2019 14:11:48 GMT+0200 (CEST);1567606308000
1380556832687962;48.2;31.8;Wed Sep 04 2019 16:13:41 GMT+0200 (CEST);Wed Sep 04 2019 14:13:41 GMT+0200 (CEST);1567606421000
1380556832687962;47.6;31.8;Wed Sep 04 2019 16:15:33 GMT+0200 (CEST);Wed Sep 04 2019 14:15:33 GMT+0200 (CEST);1567606533000
1380556832687962;47.6;31.8;Wed Sep 04 2019 16:17:40 GMT+0200 (CEST);Wed Sep 04 2019 14:17:40 GMT+0200 (CEST);1567606660000
1380556832687962;46.1;31.9;Wed Sep 04 2019 16:19:38 GMT+0200 (CEST);Wed Sep 04 2019 14:19:38 GMT+0200 (CEST);1567606778000
1380556832687962;46.1;32;Wed Sep 04 2019 16:21:31 GMT+0200 (CEST);Wed Sep 04 2019 14:21:31 GMT+0200 (CEST);1567606891000
1380556832687962;46.1;32;Wed Sep 04 2019 16:23:24 GMT+0200 (CEST);Wed Sep 04 2019 14:23:24 GMT+0200 (CEST);1567607004000
1380556832687962;46.1;32;Wed Sep 04 2019 16:25:25 GMT+0200 (CEST);Wed Sep 04 2019 14:25:25 GMT+0200 (CEST);1567607125000
1380556832687962;46.1;32;Wed Sep 04 2019 16:27:21 GMT+0200 (CEST);Wed Sep 04 2019 14:27:21 GMT+0200 (CEST);1567607241000
1380556832687962;46.1;32;Wed Sep 04 2019 16:29:13 GMT+0200 (CEST);Wed Sep 04 2019 14:29:13 GMT+0200 (CEST);1567607353000
1380556832687962;46.1;32;Wed Sep 04 2019 16:31:10 GMT+0200 (CEST);Wed Sep 04 2019 14:31:10 GMT+0200 (CEST);1567607470000
1380556832687962;46.1;32;Wed Sep 04 2019 16:33:05 GMT+0200 (CEST);Wed Sep 04 2019 14:33:05 GMT+0200 (CEST);1567607585000
1380556832687962;45.6;32;Wed Sep 04 2019 16:34:56 GMT+0200 (CEST);Wed Sep 04 2019 14:34:56 GMT+0200 (CEST);1567607696000
1380556832687962;45.6;32;Wed Sep 04 2019 16:36:48 GMT+0200 (CEST);Wed Sep 04 2019 14:36:48 GMT+0200 (CEST);1567607808000
1380556832687962;45.6;32;Wed Sep 04 2019 16:38:56 GMT+0200 (CEST);Wed Sep 04 2019 14:38:56 GMT+0200 (CEST);1567607936000
1380556832687962;45.6;32;Wed Sep 04 2019 16:40:49 GMT+0200 (CEST);Wed Sep 04 2019 14:40:49 GMT+0200 (CEST);1567608049000
1380556832687962;45.6;31.9;Wed Sep 04 2019 16:42:42 GMT+0200 (CEST);Wed Sep 04 2019 14:42:42 GMT+0200 (CEST);1567608162000
1380556832687962;45.6;31.9;Wed Sep 04 2019 16:44:43 GMT+0200 (CEST);Wed Sep 04 2019 14:44:43 GMT+0200 (CEST);1567608283000
1380556832687962;45.6;32.1;Wed Sep 04 2019 16:46:37 GMT+0200 (CEST);Wed Sep 04 2019 14:46:37 GMT+0200 (CEST);1567608397000
1380556832687962;45.6;32.2;Wed Sep 04 2019 16:48:29 GMT+0200 (CEST);Wed Sep 04 2019 14:48:29 GMT+0200 (CEST);1567608509000
1380556832687962;45.6;32.2;Wed Sep 04 2019 16:50:28 GMT+0200 (CEST);Wed Sep 04 2019 14:50:28 GMT+0200 (CEST);1567608628000
1380556832687962;45.6;32.2;Wed Sep 04 2019 16:52:21 GMT+0200 (CEST);Wed Sep 04 2019 14:52:21 GMT+0200 (CEST);1567608741000
1380556832687962;45.6;32.2;Wed Sep 04 2019 16:54:17 GMT+0200 (CEST);Wed Sep 04 2019 14:54:17 GMT+0200 (CEST);1567608857000
1380556832687962;45.6;32.3;Wed Sep 04 2019 16:56:09 GMT+0200 (CEST);Wed Sep 04 2019 14:56:09 GMT+0200 (CEST);1567608969000
1380556832687962;44.1;32.3;Wed Sep 04 2019 16:58:04 GMT+0200 (CEST);Wed Sep 04 2019 14:58:04 GMT+0200 (CEST);1567609084000
1380556832687962;44.1;32.5;Wed Sep 04 2019 16:59:59 GMT+0200 (CEST);Wed Sep 04 2019 14:59:59 GMT+0200 (CEST);1567609199000
1380556832687962;44.1;32.5;Wed Sep 04 2019 17:01:54 GMT+0200 (CEST);Wed Sep 04 2019 15:01:54 GMT+0200 (CEST);1567609314000
1380556832687962;42.1;32.9;Wed Sep 04 2019 17:03:46 GMT+0200 (CEST);Wed Sep 04 2019 15:03:46 GMT+0200 (CEST);1567609426000
1380556832687962;42.1;32.9;Wed Sep 04 2019 17:05:55 GMT+0200 (CEST);Wed Sep 04 2019 15:05:55 GMT+0200 (CEST);1567609555000
1380556832687962;42.1;32.3;Wed Sep 04 2019 17:08:02 GMT+0200 (CEST);Wed Sep 04 2019 15:08:02 GMT+0200 (CEST);1567609682000
1380556832687962;42.1;32.5;Wed Sep 04 2019 17:10:03 GMT+0200 (CEST);Wed Sep 04 2019 15:10:03 GMT+0200 (CEST);1567609803000
1380556832687962;42.1;32.4;Wed Sep 04 2019 17:11:55 GMT+0200 (CEST);Wed Sep 04 2019 15:11:55 GMT+0200 (CEST);1567609915000
1380556832687962;42.1;32.1;Wed Sep 04 2019 17:13:58 GMT+0200 (CEST);Wed Sep 04 2019 15:13:58 GMT+0200 (CEST);1567610038000
1380556832687962;42.1;32.2;Wed Sep 04 2019 17:15:51 GMT+0200 (CEST);Wed Sep 04 2019 15:15:51 GMT+0200 (CEST);1567610151000
1380556832687962;42.1;33.2;Wed Sep 04 2019 17:17:47 GMT+0200 (CEST);Wed Sep 04 2019 15:17:47 GMT+0200 (CEST);1567610267000
1380556832687962;42.1;32.1;Wed Sep 04 2019 17:19:41 GMT+0200 (CEST);Wed Sep 04 2019 15:19:41 GMT+0200 (CEST);1567610381000
1380556832687962;42.1;32.8;Wed Sep 04 2019 17:22:02 GMT+0200 (CEST);Wed Sep 04 2019 15:22:02 GMT+0200 (CEST);1567610522000
1380556832687962;41.6;32.8;Wed Sep 04 2019 17:23:55 GMT+0200 (CEST);Wed Sep 04 2019 15:23:55 GMT+0200 (CEST);1567610635000
1380556832687962;41.6;32.8;Wed Sep 04 2019 17:25:53 GMT+0200 (CEST);Wed Sep 04 2019 15:25:53 GMT+0200 (CEST);1567610753000
1380556832687962;41.6;32.7;Wed Sep 04 2019 17:27:46 GMT+0200 (CEST);Wed Sep 04 2019 15:27:46 GMT+0200 (CEST);1567610866000
1380556832687962;41.6;32.7;Wed Sep 04 2019 17:29:39 GMT+0200 (CEST);Wed Sep 04 2019 15:29:39 GMT+0200 (CEST);1567610979000
1380556832687962;41.6;32.7;Wed Sep 04 2019 17:31:32 GMT+0200 (CEST);Wed Sep 04 2019 15:31:32 GMT+0200 (CEST);1567611092000
1380556832687962;39.1;32.5;Wed Sep 04 2019 17:33:25 GMT+0200 (CEST);Wed Sep 04 2019 15:33:25 GMT+0200 (CEST);1567611205000
1380556832687962;39.1;32.5;Wed Sep 04 2019 17:35:32 GMT+0200 (CEST);Wed Sep 04 2019 15:35:32 GMT+0200 (CEST);1567611332000
1380556832687962;39.1;32.7;Wed Sep 04 2019 17:37:36 GMT+0200 (CEST);Wed Sep 04 2019 15:37:36 GMT+0200 (CEST);1567611456000
1380556832687962;39.1;32.5;Wed Sep 04 2019 17:39:34 GMT+0200 (CEST);Wed Sep 04 2019 15:39:34 GMT+0200 (CEST);1567611574000
1380556832687962;39.1;32.6;Wed Sep 04 2019 17:41:28 GMT+0200 (CEST);Wed Sep 04 2019 15:41:28 GMT+0200 (CEST);1567611688000
1380556832687962;39.1;32.6;Wed Sep 04 2019 17:43:21 GMT+0200 (CEST);Wed Sep 04 2019 15:43:21 GMT+0200 (CEST);1567611801000
1380556832687962;39.1;32.5;Wed Sep 04 2019 17:45:14 GMT+0200 (CEST);Wed Sep 04 2019 15:45:14 GMT+0200 (CEST);1567611914000
1380556832687962;38.1;32.4;Wed Sep 04 2019 17:47:13 GMT+0200 (CEST);Wed Sep 04 2019 15:47:13 GMT+0200 (CEST);1567612033000
1380556832687962;38.1;32.4;Wed Sep 04 2019 17:49:06 GMT+0200 (CEST);Wed Sep 04 2019 15:49:06 GMT+0200 (CEST);1567612146000
1380556832687962;38.1;32.6;Wed Sep 04 2019 17:50:59 GMT+0200 (CEST);Wed Sep 04 2019 15:50:59 GMT+0200 (CEST);1567612259000
1380556832687962;38.1;32.7;Wed Sep 04 2019 17:53:04 GMT+0200 (CEST);Wed Sep 04 2019 15:53:04 GMT+0200 (CEST);1567612384000
1380556832687962;38.1;32.6;Wed Sep 04 2019 17:54:57 GMT+0200 (CEST);Wed Sep 04 2019 15:54:57 GMT+0200 (CEST);1567612497000
1380556832687962;37.6;32.6;Wed Sep 04 2019 17:56:49 GMT+0200 (CEST);Wed Sep 04 2019 15:56:49 GMT+0200 (CEST);1567612609000
1380556832687962;37.6;32.6;Wed Sep 04 2019 17:58:42 GMT+0200 (CEST);Wed Sep 04 2019 15:58:42 GMT+0200 (CEST);1567612722000
1380556832687962;37.6;32.6;Wed Sep 04 2019 18:00:38 GMT+0200 (CEST);Wed Sep 04 2019 16:00:38 GMT+0200 (CEST);1567612838000
1380556832687962;37.6;32.6;Wed Sep 04 2019 18:02:30 GMT+0200 (CEST);Wed Sep 04 2019 16:02:30 GMT+0200 (CEST);1567612950000
1380556832687962;37.6;32.5;Wed Sep 04 2019 18:04:25 GMT+0200 (CEST);Wed Sep 04 2019 16:04:25 GMT+0200 (CEST);1567613065000
1380556832687962;36.1;32.5;Wed Sep 04 2019 18:06:17 GMT+0200 (CEST);Wed Sep 04 2019 16:06:17 GMT+0200 (CEST);1567613177000
1380556832687962;36.1;32.5;Wed Sep 04 2019 18:08:13 GMT+0200 (CEST);Wed Sep 04 2019 16:08:13 GMT+0200 (CEST);1567613293000
1380556832687962;36.1;32.5;Wed Sep 04 2019 18:10:07 GMT+0200 (CEST);Wed Sep 04 2019 16:10:07 GMT+0200 (CEST);1567613407000
1380556832687962;36.1;32.5;Wed Sep 04 2019 18:12:00 GMT+0200 (CEST);Wed Sep 04 2019 16:12:00 GMT+0200 (CEST);1567613520000
1380556832687962;36.1;32.8;Wed Sep 04 2019 18:13:53 GMT+0200 (CEST);Wed Sep 04 2019 16:13:53 GMT+0200 (CEST);1567613633000
1380556832687962;36.1;32.5;Wed Sep 04 2019 18:15:48 GMT+0200 (CEST);Wed Sep 04 2019 16:15:48 GMT+0200 (CEST);1567613748000
1380556832687962;36.1;32.5;Wed Sep 04 2019 18:17:42 GMT+0200 (CEST);Wed Sep 04 2019 16:17:42 GMT+0200 (CEST);1567613862000
1380556832687962;36.1;32.5;Wed Sep 04 2019 18:19:35 GMT+0200 (CEST);Wed Sep 04 2019 16:19:35 GMT+0200 (CEST);1567613975000
1380556832687962;34;32.6;Wed Sep 04 2019 18:21:30 GMT+0200 (CEST);Wed Sep 04 2019 16:21:30 GMT+0200 (CEST);1567614090000
1380556832687962;34;32.5;Wed Sep 04 2019 18:23:38 GMT+0200 (CEST);Wed Sep 04 2019 16:23:38 GMT+0200 (CEST);1567614218000
1380556832687962;33.5;32.3;Wed Sep 04 2019 18:25:31 GMT+0200 (CEST);Wed Sep 04 2019 16:25:31 GMT+0200 (CEST);1567614331000
1380556832687962;33.5;32.4;Wed Sep 04 2019 18:27:24 GMT+0200 (CEST);Wed Sep 04 2019 16:27:24 GMT+0200 (CEST);1567614444000
1380556832687962;33.5;32.3;Wed Sep 04 2019 18:29:17 GMT+0200 (CEST);Wed Sep 04 2019 16:29:17 GMT+0200 (CEST);1567614557000
1380556832687962;33.5;32.7;Wed Sep 04 2019 18:31:16 GMT+0200 (CEST);Wed Sep 04 2019 16:31:16 GMT+0200 (CEST);1567614676000
1380556832687962;33.5;32.5;Wed Sep 04 2019 18:33:08 GMT+0200 (CEST);Wed Sep 04 2019 16:33:08 GMT+0200 (CEST);1567614788000
1380556832687962;33.5;32.3;Wed Sep 04 2019 18:35:05 GMT+0200 (CEST);Wed Sep 04 2019 16:35:05 GMT+0200 (CEST);1567614905000
1380556832687962;33.5;32.3;Wed Sep 04 2019 18:36:59 GMT+0200 (CEST);Wed Sep 04 2019 16:36:59 GMT+0200 (CEST);1567615019000
1380556832687962;33.5;32;Wed Sep 04 2019 18:38:51 GMT+0200 (CEST);Wed Sep 04 2019 16:38:51 GMT+0200 (CEST);1567615131000
1380556832687962;32;32.1;Wed Sep 04 2019 18:40:44 GMT+0200 (CEST);Wed Sep 04 2019 16:40:44 GMT+0200 (CEST);1567615244000
1380556832687962;32;32.2;Wed Sep 04 2019 18:42:38 GMT+0200 (CEST);Wed Sep 04 2019 16:42:38 GMT+0200 (CEST);1567615358000
1380556832687962;31.5;32.5;Wed Sep 04 2019 18:44:31 GMT+0200 (CEST);Wed Sep 04 2019 16:44:31 GMT+0200 (CEST);1567615471000
1380556832687962;31.5;32.2;Wed Sep 04 2019 18:46:23 GMT+0200 (CEST);Wed Sep 04 2019 16:46:23 GMT+0200 (CEST);1567615583000
1380556832687962;31.5;32.1;Wed Sep 04 2019 18:48:19 GMT+0200 (CEST);Wed Sep 04 2019 16:48:19 GMT+0200 (CEST);1567615699000
1380556832687962;31.5;32.1;Wed Sep 04 2019 18:50:12 GMT+0200 (CEST);Wed Sep 04 2019 16:50:12 GMT+0200 (CEST);1567615812000
1380556832687962;31.5;32.1;Wed Sep 04 2019 18:52:06 GMT+0200 (CEST);Wed Sep 04 2019 16:52:06 GMT+0200 (CEST);1567615926000
1380556832687962;31.5;32;Wed Sep 04 2019 18:53:59 GMT+0200 (CEST);Wed Sep 04 2019 16:53:59 GMT+0200 (CEST);1567616039000
1380556832687962;31.5;32;Wed Sep 04 2019 18:55:52 GMT+0200 (CEST);Wed Sep 04 2019 16:55:52 GMT+0200 (CEST);1567616152000
1380556832687962;31.5;31.8;Wed Sep 04 2019 18:57:44 GMT+0200 (CEST);Wed Sep 04 2019 16:57:44 GMT+0200 (CEST);1567616264000
1380556832687962;29.5;31.7;Wed Sep 04 2019 18:59:37 GMT+0200 (CEST);Wed Sep 04 2019 16:59:37 GMT+0200 (CEST);1567616377000
1380556832687962;29.5;31.4;Wed Sep 04 2019 19:01:30 GMT+0200 (CEST);Wed Sep 04 2019 17:01:30 GMT+0200 (CEST);1567616490000
1380556832687962;29.5;30.5;Wed Sep 04 2019 19:03:22 GMT+0200 (CEST);Wed Sep 04 2019 17:03:22 GMT+0200 (CEST);1567616602000
1380556832687962;29.5;29.9;Wed Sep 04 2019 19:05:16 GMT+0200 (CEST);Wed Sep 04 2019 17:05:16 GMT+0200 (CEST);1567616716000
1380556832687962;29.5;30.1;Wed Sep 04 2019 19:07:13 GMT+0200 (CEST);Wed Sep 04 2019 17:07:13 GMT+0200 (CEST);1567616833000
1380556832687962;29.5;30.1;Wed Sep 04 2019 19:09:07 GMT+0200 (CEST);Wed Sep 04 2019 17:09:07 GMT+0200 (CEST);1567616947000
1380556832687962;29.5;30.1;Wed Sep 04 2019 19:11:01 GMT+0200 (CEST);Wed Sep 04 2019 17:11:01 GMT+0200 (CEST);1567617061000
1380556832687962;29.5;29.3;Wed Sep 04 2019 19:12:54 GMT+0200 (CEST);Wed Sep 04 2019 17:12:54 GMT+0200 (CEST);1567617174000
1380556832687962;27.5;30;Wed Sep 04 2019 19:14:47 GMT+0200 (CEST);Wed Sep 04 2019 17:14:47 GMT+0200 (CEST);1567617287000
1380556832687962;27.5;29.4;Wed Sep 04 2019 19:16:41 GMT+0200 (CEST);Wed Sep 04 2019 17:16:41 GMT+0200 (CEST);1567617401000
1380556832687962;27.5;29.1;Wed Sep 04 2019 19:18:33 GMT+0200 (CEST);Wed Sep 04 2019 17:18:33 GMT+0200 (CEST);1567617513000
1380556832687962;27.5;29;Wed Sep 04 2019 19:20:30 GMT+0200 (CEST);Wed Sep 04 2019 17:20:30 GMT+0200 (CEST);1567617630000
1380556832687962;27.5;28.6;Wed Sep 04 2019 19:22:23 GMT+0200 (CEST);Wed Sep 04 2019 17:22:23 GMT+0200 (CEST);1567617743000
1380556832687962;27.5;28.7;Wed Sep 04 2019 19:24:15 GMT+0200 (CEST);Wed Sep 04 2019 17:24:15 GMT+0200 (CEST);1567617855000
1380556832687962;27.5;28.5;Wed Sep 04 2019 19:26:08 GMT+0200 (CEST);Wed Sep 04 2019 17:26:08 GMT+0200 (CEST);1567617968000
1380556832687962;27.5;25.9;Wed Sep 04 2019 19:28:12 GMT+0200 (CEST);Wed Sep 04 2019 17:28:12 GMT+0200 (CEST);1567618092000
1380556832687962;27.5;25.8;Wed Sep 04 2019 19:30:05 GMT+0200 (CEST);Wed Sep 04 2019 17:30:05 GMT+0200 (CEST);1567618205000
1380556832687962;27.5;26.5;Wed Sep 04 2019 19:31:58 GMT+0200 (CEST);Wed Sep 04 2019 17:31:58 GMT+0200 (CEST);1567618318000
1380556832687962;23;25.6;Wed Sep 04 2019 19:33:51 GMT+0200 (CEST);Wed Sep 04 2019 17:33:51 GMT+0200 (CEST);1567618431000
1380556832687962;23;25;Wed Sep 04 2019 19:35:47 GMT+0200 (CEST);Wed Sep 04 2019 17:35:47 GMT+0200 (CEST);1567618547000
1380556832687962;23;24.2;Wed Sep 04 2019 19:37:44 GMT+0200 (CEST);Wed Sep 04 2019 17:37:44 GMT+0200 (CEST);1567618664000
1380556832687962;23;23.9;Wed Sep 04 2019 19:39:37 GMT+0200 (CEST);Wed Sep 04 2019 17:39:37 GMT+0200 (CEST);1567618777000
1380556832687962;23;24;Wed Sep 04 2019 19:41:34 GMT+0200 (CEST);Wed Sep 04 2019 17:41:34 GMT+0200 (CEST);1567618894000
1380556832687962;23;23.2;Wed Sep 04 2019 19:43:27 GMT+0200 (CEST);Wed Sep 04 2019 17:43:27 GMT+0200 (CEST);1567619007000
1380556832687962;23;23.2;Wed Sep 04 2019 19:45:20 GMT+0200 (CEST);Wed Sep 04 2019 17:45:20 GMT+0200 (CEST);1567619120000
1380556832687962;23;22;Wed Sep 04 2019 19:47:14 GMT+0200 (CEST);Wed Sep 04 2019 17:47:14 GMT+0200 (CEST);1567619234000
1380556832687962;23;30.2;Wed Sep 04 2019 19:49:07 GMT+0200 (CEST);Wed Sep 04 2019 17:49:07 GMT+0200 (CEST);1567619347000
1380556832687962;23;29.5;Wed Sep 04 2019 19:51:01 GMT+0200 (CEST);Wed Sep 04 2019 17:51:01 GMT+0200 (CEST);1567619461000
1380556832687962;23;28.6;Wed Sep 04 2019 19:52:53 GMT+0200 (CEST);Wed Sep 04 2019 17:52:53 GMT+0200 (CEST);1567619573000
1380556832687962;23;26.6;Wed Sep 04 2019 19:54:46 GMT+0200 (CEST);Wed Sep 04 2019 17:54:46 GMT+0200 (CEST);1567619686000
1380556832687962;23;26.6;Wed Sep 04 2019 19:56:38 GMT+0200 (CEST);Wed Sep 04 2019 17:56:38 GMT+0200 (CEST);1567619798000
1380556832687962;23;26.6;Wed Sep 04 2019 19:58:32 GMT+0200 (CEST);Wed Sep 04 2019 17:58:32 GMT+0200 (CEST);1567619912000
1380556832687962;-273.2;28.3;Thu Sep 05 2019 06:59:26 GMT+0200 (CEST);Thu Sep 05 2019 04:59:26 GMT+0200 (CEST);1567659566000
1380556832687962;-273.2;28.5;Thu Sep 05 2019 07:01:20 GMT+0200 (CEST);Thu Sep 05 2019 05:01:20 GMT+0200 (CEST);1567659680000
1380556832687962;-273.2;28.5;Thu Sep 05 2019 07:03:13 GMT+0200 (CEST);Thu Sep 05 2019 05:03:13 GMT+0200 (CEST);1567659793000
1380556832687962;-273.2;31;Thu Sep 05 2019 07:05:05 GMT+0200 (CEST);Thu Sep 05 2019 05:05:05 GMT+0200 (CEST);1567659905000
1380556832687962;-273.2;31.2;Thu Sep 05 2019 07:06:58 GMT+0200 (CEST);Thu Sep 05 2019 05:06:58 GMT+0200 (CEST);1567660018000
1380556832687962;19.4;31.5;Thu Sep 05 2019 07:09:04 GMT+0200 (CEST);Thu Sep 05 2019 05:09:04 GMT+0200 (CEST);1567660144000
1380556832687962;19.4;31.7;Thu Sep 05 2019 07:10:59 GMT+0200 (CEST);Thu Sep 05 2019 05:10:59 GMT+0200 (CEST);1567660259000
1380556832687962;19.4;31.7;Thu Sep 05 2019 07:12:55 GMT+0200 (CEST);Thu Sep 05 2019 05:12:55 GMT+0200 (CEST);1567660375000
1380556832687962;19.9;31.6;Thu Sep 05 2019 07:14:47 GMT+0200 (CEST);Thu Sep 05 2019 05:14:47 GMT+0200 (CEST);1567660487000
1380556832687962;19.9;31.9;Thu Sep 05 2019 07:16:42 GMT+0200 (CEST);Thu Sep 05 2019 05:16:42 GMT+0200 (CEST);1567660602000
1380556832687962;19.9;32.2;Thu Sep 05 2019 07:18:35 GMT+0200 (CEST);Thu Sep 05 2019 05:18:35 GMT+0200 (CEST);1567660715000
1380556832687962;19.9;32.1;Thu Sep 05 2019 07:20:28 GMT+0200 (CEST);Thu Sep 05 2019 05:20:28 GMT+0200 (CEST);1567660828000
1380556832687962;19.9;32.3;Thu Sep 05 2019 07:22:20 GMT+0200 (CEST);Thu Sep 05 2019 05:22:20 GMT+0200 (CEST);1567660940000
1380556832687962;19.9;32.2;Thu Sep 05 2019 07:24:13 GMT+0200 (CEST);Thu Sep 05 2019 05:24:13 GMT+0200 (CEST);1567661053000
1380556832687962;19.9;32.6;Thu Sep 05 2019 07:26:08 GMT+0200 (CEST);Thu Sep 05 2019 05:26:08 GMT+0200 (CEST);1567661168000
1380556832687962;19.9;33.1;Thu Sep 05 2019 07:28:01 GMT+0200 (CEST);Thu Sep 05 2019 05:28:01 GMT+0200 (CEST);1567661281000
1380556832687962;19.9;33.3;Thu Sep 05 2019 07:30:01 GMT+0200 (CEST);Thu Sep 05 2019 05:30:01 GMT+0200 (CEST);1567661401000
1380556832687962;19.9;33.7;Thu Sep 05 2019 07:31:54 GMT+0200 (CEST);Thu Sep 05 2019 05:31:54 GMT+0200 (CEST);1567661514000
1380556832687962;19.9;33.7;Thu Sep 05 2019 07:33:46 GMT+0200 (CEST);Thu Sep 05 2019 05:33:46 GMT+0200 (CEST);1567661626000
1380556832687962;19.9;34;Thu Sep 05 2019 07:35:40 GMT+0200 (CEST);Thu Sep 05 2019 05:35:40 GMT+0200 (CEST);1567661740000
1380556832687962;19.9;34;Thu Sep 05 2019 07:37:32 GMT+0200 (CEST);Thu Sep 05 2019 05:37:32 GMT+0200 (CEST);1567661852000
1380556832687962;22;33.9;Thu Sep 05 2019 07:39:25 GMT+0200 (CEST);Thu Sep 05 2019 05:39:25 GMT+0200 (CEST);1567661965000
1380556832687962;22;34;Thu Sep 05 2019 07:41:18 GMT+0200 (CEST);Thu Sep 05 2019 05:41:18 GMT+0200 (CEST);1567662078000
1380556832687962;22;34.4;Thu Sep 05 2019 07:43:11 GMT+0200 (CEST);Thu Sep 05 2019 05:43:11 GMT+0200 (CEST);1567662191000
1380556832687962;22;35;Thu Sep 05 2019 07:45:09 GMT+0200 (CEST);Thu Sep 05 2019 05:45:09 GMT+0200 (CEST);1567662309000
1380556832687962;22;34.6;Thu Sep 05 2019 07:47:06 GMT+0200 (CEST);Thu Sep 05 2019 05:47:06 GMT+0200 (CEST);1567662426000
1380556832687962;22;35.3;Thu Sep 05 2019 07:48:59 GMT+0200 (CEST);Thu Sep 05 2019 05:48:59 GMT+0200 (CEST);1567662539000
1380556832687962;22;37.6;Thu Sep 05 2019 07:50:52 GMT+0200 (CEST);Thu Sep 05 2019 05:50:52 GMT+0200 (CEST);1567662652000
1380556832687962;22;38.5;Thu Sep 05 2019 07:52:51 GMT+0200 (CEST);Thu Sep 05 2019 05:52:51 GMT+0200 (CEST);1567662771000
1380556832687962;25.5;37.6;Thu Sep 05 2019 07:54:44 GMT+0200 (CEST);Thu Sep 05 2019 05:54:44 GMT+0200 (CEST);1567662884000
1380556832687962;25.5;34;Thu Sep 05 2019 07:56:38 GMT+0200 (CEST);Thu Sep 05 2019 05:56:38 GMT+0200 (CEST);1567662998000
1380556832687962;23;34.2;Thu Sep 05 2019 07:58:33 GMT+0200 (CEST);Thu Sep 05 2019 05:58:33 GMT+0200 (CEST);1567663113000
1380556832687962;23;34.2;Thu Sep 05 2019 08:00:25 GMT+0200 (CEST);Thu Sep 05 2019 06:00:25 GMT+0200 (CEST);1567663225000
1380556832687962;23;34;Thu Sep 05 2019 08:02:19 GMT+0200 (CEST);Thu Sep 05 2019 06:02:19 GMT+0200 (CEST);1567663339000
1380556832687962;23;34;Thu Sep 05 2019 08:04:21 GMT+0200 (CEST);Thu Sep 05 2019 06:04:21 GMT+0200 (CEST);1567663461000
1380556832687962;23;34.4;Thu Sep 05 2019 08:06:15 GMT+0200 (CEST);Thu Sep 05 2019 06:06:15 GMT+0200 (CEST);1567663575000
1380556832687962;23;33.3;Thu Sep 05 2019 08:08:07 GMT+0200 (CEST);Thu Sep 05 2019 06:08:07 GMT+0200 (CEST);1567663687000
1380556832687962;23;33;Thu Sep 05 2019 08:10:04 GMT+0200 (CEST);Thu Sep 05 2019 06:10:04 GMT+0200 (CEST);1567663804000
1380556832687962;23;33.1;Thu Sep 05 2019 08:11:56 GMT+0200 (CEST);Thu Sep 05 2019 06:11:56 GMT+0200 (CEST);1567663916000
1380556832687962;23;33.1;Thu Sep 05 2019 08:13:49 GMT+0200 (CEST);Thu Sep 05 2019 06:13:49 GMT+0200 (CEST);1567664029000
1380556832687962;23;32.9;Thu Sep 05 2019 08:15:42 GMT+0200 (CEST);Thu Sep 05 2019 06:15:42 GMT+0200 (CEST);1567664142000
1380556832687962;23;32.5;Thu Sep 05 2019 08:17:36 GMT+0200 (CEST);Thu Sep 05 2019 06:17:36 GMT+0200 (CEST);1567664256000
1380556832687962;23;32.7;Thu Sep 05 2019 08:19:46 GMT+0200 (CEST);Thu Sep 05 2019 06:19:46 GMT+0200 (CEST);1567664386000
1380556832687962;23;32.5;Thu Sep 05 2019 08:21:42 GMT+0200 (CEST);Thu Sep 05 2019 06:21:42 GMT+0200 (CEST);1567664502000
1380556832687962;23;32.2;Thu Sep 05 2019 08:23:37 GMT+0200 (CEST);Thu Sep 05 2019 06:23:37 GMT+0200 (CEST);1567664617000
1380556832687962;23;32.5;Thu Sep 05 2019 08:25:29 GMT+0200 (CEST);Thu Sep 05 2019 06:25:29 GMT+0200 (CEST);1567664729000
1380556832687962;22;32.1;Thu Sep 05 2019 08:27:22 GMT+0200 (CEST);Thu Sep 05 2019 06:27:22 GMT+0200 (CEST);1567664842000
1380556832687962;22;31.4;Thu Sep 05 2019 08:29:16 GMT+0200 (CEST);Thu Sep 05 2019 06:29:16 GMT+0200 (CEST);1567664956000
1380556832687962;22;31.5;Thu Sep 05 2019 08:31:09 GMT+0200 (CEST);Thu Sep 05 2019 06:31:09 GMT+0200 (CEST);1567665069000
1380556832687962;21.5;31.6;Thu Sep 05 2019 08:33:02 GMT+0200 (CEST);Thu Sep 05 2019 06:33:02 GMT+0200 (CEST);1567665182000
1380556832687962;21.5;31.4;Thu Sep 05 2019 08:35:01 GMT+0200 (CEST);Thu Sep 05 2019 06:35:01 GMT+0200 (CEST);1567665301000
1380556832687962;22;31.6;Thu Sep 05 2019 08:36:54 GMT+0200 (CEST);Thu Sep 05 2019 06:36:54 GMT+0200 (CEST);1567665414000
1380556832687962;22;31.8;Thu Sep 05 2019 08:38:48 GMT+0200 (CEST);Thu Sep 05 2019 06:38:48 GMT+0200 (CEST);1567665528000
1380556832687962;22;31.8;Thu Sep 05 2019 08:40:49 GMT+0200 (CEST);Thu Sep 05 2019 06:40:49 GMT+0200 (CEST);1567665649000
1380556832687962;22;32.3;Thu Sep 05 2019 08:42:41 GMT+0200 (CEST);Thu Sep 05 2019 06:42:41 GMT+0200 (CEST);1567665761000
1380556832687962;22;33;Thu Sep 05 2019 08:44:35 GMT+0200 (CEST);Thu Sep 05 2019 06:44:35 GMT+0200 (CEST);1567665875000
1380556832687962;22;33.7;Thu Sep 05 2019 08:46:28 GMT+0200 (CEST);Thu Sep 05 2019 06:46:28 GMT+0200 (CEST);1567665988000
1380556832687962;22;34.1;Thu Sep 05 2019 08:48:23 GMT+0200 (CEST);Thu Sep 05 2019 06:48:23 GMT+0200 (CEST);1567666103000
1380556832687962;22;33.9;Thu Sep 05 2019 08:50:24 GMT+0200 (CEST);Thu Sep 05 2019 06:50:24 GMT+0200 (CEST);1567666224000
1380556832687962;22;33.8;Thu Sep 05 2019 08:52:17 GMT+0200 (CEST);Thu Sep 05 2019 06:52:17 GMT+0200 (CEST);1567666337000
1380556832687962;22;34;Thu Sep 05 2019 08:54:18 GMT+0200 (CEST);Thu Sep 05 2019 06:54:18 GMT+0200 (CEST);1567666458000
1380556832687962;22;34.2;Thu Sep 05 2019 08:56:10 GMT+0200 (CEST);Thu Sep 05 2019 06:56:10 GMT+0200 (CEST);1567666570000
1380556832687962;22;34.6;Thu Sep 05 2019 08:58:04 GMT+0200 (CEST);Thu Sep 05 2019 06:58:04 GMT+0200 (CEST);1567666684000
1380556832687962;22;34.6;Thu Sep 05 2019 09:00:00 GMT+0200 (CEST);Thu Sep 05 2019 07:00:00 GMT+0200 (CEST);1567666800000
1380556832687962;23;34.6;Thu Sep 05 2019 09:02:09 GMT+0200 (CEST);Thu Sep 05 2019 07:02:09 GMT+0200 (CEST);1567666929000
1380556832687962;23;34;Thu Sep 05 2019 09:04:03 GMT+0200 (CEST);Thu Sep 05 2019 07:04:03 GMT+0200 (CEST);1567667043000
1380556832687962;23;33.2;Thu Sep 05 2019 09:05:57 GMT+0200 (CEST);Thu Sep 05 2019 07:05:57 GMT+0200 (CEST);1567667157000
1380556832687962;23;33.2;Thu Sep 05 2019 09:07:49 GMT+0200 (CEST);Thu Sep 05 2019 07:07:49 GMT+0200 (CEST);1567667269000
1380556832687962;23;33.8;Thu Sep 05 2019 09:09:45 GMT+0200 (CEST);Thu Sep 05 2019 07:09:45 GMT+0200 (CEST);1567667385000
1380556832687962;23;33.9;Thu Sep 05 2019 09:11:40 GMT+0200 (CEST);Thu Sep 05 2019 07:11:40 GMT+0200 (CEST);1567667500000
1380556832687962;23;34;Thu Sep 05 2019 09:13:34 GMT+0200 (CEST);Thu Sep 05 2019 07:13:34 GMT+0200 (CEST);1567667614000
1380556832687962;23;34;Thu Sep 05 2019 09:15:27 GMT+0200 (CEST);Thu Sep 05 2019 07:15:27 GMT+0200 (CEST);1567667727000
1380556832687962;23;34;Thu Sep 05 2019 09:17:22 GMT+0200 (CEST);Thu Sep 05 2019 07:17:22 GMT+0200 (CEST);1567667842000
1380556832687962;23;33.8;Thu Sep 05 2019 09:19:15 GMT+0200 (CEST);Thu Sep 05 2019 07:19:15 GMT+0200 (CEST);1567667955000
1380556832687962;23;33.6;Thu Sep 05 2019 09:21:08 GMT+0200 (CEST);Thu Sep 05 2019 07:21:08 GMT+0200 (CEST);1567668068000
1380556832687962;23;33.4;Thu Sep 05 2019 09:23:24 GMT+0200 (CEST);Thu Sep 05 2019 07:23:24 GMT+0200 (CEST);1567668204000
1380556832687962;23;33.3;Thu Sep 05 2019 09:25:17 GMT+0200 (CEST);Thu Sep 05 2019 07:25:17 GMT+0200 (CEST);1567668317000
1380556832687962;23;33.4;Thu Sep 05 2019 09:27:11 GMT+0200 (CEST);Thu Sep 05 2019 07:27:11 GMT+0200 (CEST);1567668431000
1380556832687962;23;33.7;Thu Sep 05 2019 09:29:05 GMT+0200 (CEST);Thu Sep 05 2019 07:29:05 GMT+0200 (CEST);1567668545000
1380556832687962;23;33.8;Thu Sep 05 2019 09:30:58 GMT+0200 (CEST);Thu Sep 05 2019 07:30:58 GMT+0200 (CEST);1567668658000
1380556832687962;23;34;Thu Sep 05 2019 09:33:08 GMT+0200 (CEST);Thu Sep 05 2019 07:33:08 GMT+0200 (CEST);1567668788000
1380556832687962;23;33.9;Thu Sep 05 2019 09:35:03 GMT+0200 (CEST);Thu Sep 05 2019 07:35:03 GMT+0200 (CEST);1567668903000
1380556832687962;23;34;Thu Sep 05 2019 09:36:55 GMT+0200 (CEST);Thu Sep 05 2019 07:36:55 GMT+0200 (CEST);1567669015000
1380556832687962;23;34.1;Thu Sep 05 2019 09:38:48 GMT+0200 (CEST);Thu Sep 05 2019 07:38:48 GMT+0200 (CEST);1567669128000
1380556832687962;23;34.1;Thu Sep 05 2019 09:40:50 GMT+0200 (CEST);Thu Sep 05 2019 07:40:50 GMT+0200 (CEST);1567669250000
1380556832687962;23;34.1;Thu Sep 05 2019 09:42:43 GMT+0200 (CEST);Thu Sep 05 2019 07:42:43 GMT+0200 (CEST);1567669363000
1380556832687962;23;34.1;Thu Sep 05 2019 09:44:38 GMT+0200 (CEST);Thu Sep 05 2019 07:44:38 GMT+0200 (CEST);1567669478000
1380556832687962;23;34.2;Thu Sep 05 2019 09:46:32 GMT+0200 (CEST);Thu Sep 05 2019 07:46:32 GMT+0200 (CEST);1567669592000
1380556832687962;23;34.2;Thu Sep 05 2019 09:48:29 GMT+0200 (CEST);Thu Sep 05 2019 07:48:29 GMT+0200 (CEST);1567669709000
1380556832687962;25.5;34.5;Thu Sep 05 2019 09:50:22 GMT+0200 (CEST);Thu Sep 05 2019 07:50:22 GMT+0200 (CEST);1567669822000
1380556832687962;25.5;34.5;Thu Sep 05 2019 09:52:23 GMT+0200 (CEST);Thu Sep 05 2019 07:52:23 GMT+0200 (CEST);1567669943000
1380556832687962;25.5;34.4;Thu Sep 05 2019 09:54:16 GMT+0200 (CEST);Thu Sep 05 2019 07:54:16 GMT+0200 (CEST);1567670056000
1380556832687962;25.5;34.6;Thu Sep 05 2019 09:56:10 GMT+0200 (CEST);Thu Sep 05 2019 07:56:10 GMT+0200 (CEST);1567670170000
1380556832687962;25.5;34.6;Thu Sep 05 2019 09:58:03 GMT+0200 (CEST);Thu Sep 05 2019 07:58:03 GMT+0200 (CEST);1567670283000
1380556832687962;25.5;35;Thu Sep 05 2019 10:00:02 GMT+0200 (CEST);Thu Sep 05 2019 08:00:02 GMT+0200 (CEST);1567670402000
1380556832687962;25.5;35;Thu Sep 05 2019 10:01:54 GMT+0200 (CEST);Thu Sep 05 2019 08:01:54 GMT+0200 (CEST);1567670514000
1380556832687962;26;34.6;Thu Sep 05 2019 10:03:52 GMT+0200 (CEST);Thu Sep 05 2019 08:03:52 GMT+0200 (CEST);1567670632000
1380556832687962;26;34.1;Thu Sep 05 2019 10:05:47 GMT+0200 (CEST);Thu Sep 05 2019 08:05:47 GMT+0200 (CEST);1567670747000
1380556832687962;26;33.5;Thu Sep 05 2019 10:07:40 GMT+0200 (CEST);Thu Sep 05 2019 08:07:40 GMT+0200 (CEST);1567670860000
1380556832687962;26;33.8;Thu Sep 05 2019 10:09:34 GMT+0200 (CEST);Thu Sep 05 2019 08:09:34 GMT+0200 (CEST);1567670974000
1380556832687962;26;34.1;Thu Sep 05 2019 10:11:34 GMT+0200 (CEST);Thu Sep 05 2019 08:11:34 GMT+0200 (CEST);1567671094000
1380556832687962;26;33.7;Thu Sep 05 2019 10:13:27 GMT+0200 (CEST);Thu Sep 05 2019 08:13:27 GMT+0200 (CEST);1567671207000
1380556832687962;26;33.1;Thu Sep 05 2019 10:15:20 GMT+0200 (CEST);Thu Sep 05 2019 08:15:20 GMT+0200 (CEST);1567671320000
1380556832687962;26;33.4;Thu Sep 05 2019 10:17:17 GMT+0200 (CEST);Thu Sep 05 2019 08:17:17 GMT+0200 (CEST);1567671437000
1380556832687962;26;33;Thu Sep 05 2019 10:19:20 GMT+0200 (CEST);Thu Sep 05 2019 08:19:20 GMT+0200 (CEST);1567671560000
1380556832687962;26;33;Thu Sep 05 2019 10:21:13 GMT+0200 (CEST);Thu Sep 05 2019 08:21:13 GMT+0200 (CEST);1567671673000
1380556832687962;25.5;32.5;Thu Sep 05 2019 10:23:06 GMT+0200 (CEST);Thu Sep 05 2019 08:23:06 GMT+0200 (CEST);1567671786000
1380556832687962;25.5;32.3;Thu Sep 05 2019 10:25:01 GMT+0200 (CEST);Thu Sep 05 2019 08:25:01 GMT+0200 (CEST);1567671901000
1380556832687962;25.5;32.9;Thu Sep 05 2019 10:26:56 GMT+0200 (CEST);Thu Sep 05 2019 08:26:56 GMT+0200 (CEST);1567672016000
1380556832687962;25.5;33.4;Thu Sep 05 2019 10:28:49 GMT+0200 (CEST);Thu Sep 05 2019 08:28:49 GMT+0200 (CEST);1567672129000
1380556832687962;25.5;33.3;Thu Sep 05 2019 10:30:42 GMT+0200 (CEST);Thu Sep 05 2019 08:30:42 GMT+0200 (CEST);1567672242000
1380556832687962;23;32.2;Thu Sep 05 2019 10:32:35 GMT+0200 (CEST);Thu Sep 05 2019 08:32:35 GMT+0200 (CEST);1567672355000
1380556832687962;23;31.8;Thu Sep 05 2019 10:34:30 GMT+0200 (CEST);Thu Sep 05 2019 08:34:30 GMT+0200 (CEST);1567672470000
1380556832687962;23;31.3;Thu Sep 05 2019 10:36:23 GMT+0200 (CEST);Thu Sep 05 2019 08:36:23 GMT+0200 (CEST);1567672583000
1380556832687962;23;31.2;Thu Sep 05 2019 10:38:16 GMT+0200 (CEST);Thu Sep 05 2019 08:38:16 GMT+0200 (CEST);1567672696000
1380556832687962;23;31.3;Thu Sep 05 2019 10:40:09 GMT+0200 (CEST);Thu Sep 05 2019 08:40:09 GMT+0200 (CEST);1567672809000
1380556832687962;23;31.3;Thu Sep 05 2019 10:42:03 GMT+0200 (CEST);Thu Sep 05 2019 08:42:03 GMT+0200 (CEST);1567672923000
1380556832687962;22;32.7;Thu Sep 05 2019 10:43:56 GMT+0200 (CEST);Thu Sep 05 2019 08:43:56 GMT+0200 (CEST);1567673036000
1380556832687962;22;33;Thu Sep 05 2019 10:45:51 GMT+0200 (CEST);Thu Sep 05 2019 08:45:51 GMT+0200 (CEST);1567673151000
1380556832687962;23;32.8;Thu Sep 05 2019 10:47:45 GMT+0200 (CEST);Thu Sep 05 2019 08:47:45 GMT+0200 (CEST);1567673265000
1380556832687962;23;33.5;Thu Sep 05 2019 10:49:38 GMT+0200 (CEST);Thu Sep 05 2019 08:49:38 GMT+0200 (CEST);1567673378000
1380556832687962;23;34;Thu Sep 05 2019 10:51:31 GMT+0200 (CEST);Thu Sep 05 2019 08:51:31 GMT+0200 (CEST);1567673491000
1380556832687962;23;34.5;Thu Sep 05 2019 10:53:24 GMT+0200 (CEST);Thu Sep 05 2019 08:53:24 GMT+0200 (CEST);1567673604000
1380556832687962;23;34.8;Thu Sep 05 2019 10:55:18 GMT+0200 (CEST);Thu Sep 05 2019 08:55:18 GMT+0200 (CEST);1567673718000
1380556832687962;23;34.9;Thu Sep 05 2019 10:57:11 GMT+0200 (CEST);Thu Sep 05 2019 08:57:11 GMT+0200 (CEST);1567673831000
1380556832687962;25.5;34.7;Thu Sep 05 2019 10:59:04 GMT+0200 (CEST);Thu Sep 05 2019 08:59:04 GMT+0200 (CEST);1567673944000
1380556832687962;25.5;34.2;Thu Sep 05 2019 11:00:56 GMT+0200 (CEST);Thu Sep 05 2019 09:00:56 GMT+0200 (CEST);1567674056000
1380556832687962;25.5;34.2;Thu Sep 05 2019 11:02:49 GMT+0200 (CEST);Thu Sep 05 2019 09:02:49 GMT+0200 (CEST);1567674169000
1380556832687962;25.5;34.4;Thu Sep 05 2019 11:04:42 GMT+0200 (CEST);Thu Sep 05 2019 09:04:42 GMT+0200 (CEST);1567674282000
1380556832687962;25.5;34.4;Thu Sep 05 2019 11:06:36 GMT+0200 (CEST);Thu Sep 05 2019 09:06:36 GMT+0200 (CEST);1567674396000
1380556832687962;25.5;34.1;Thu Sep 05 2019 11:08:29 GMT+0200 (CEST);Thu Sep 05 2019 09:08:29 GMT+0200 (CEST);1567674509000
1380556832687962;25.5;34.1;Thu Sep 05 2019 11:10:22 GMT+0200 (CEST);Thu Sep 05 2019 09:10:22 GMT+0200 (CEST);1567674622000
1380556832687962;28;34.4;Thu Sep 05 2019 11:12:15 GMT+0200 (CEST);Thu Sep 05 2019 09:12:15 GMT+0200 (CEST);1567674735000
1380556832687962;28;34.6;Thu Sep 05 2019 11:14:08 GMT+0200 (CEST);Thu Sep 05 2019 09:14:08 GMT+0200 (CEST);1567674848000
1380556832687962;28;34.7;Thu Sep 05 2019 11:16:01 GMT+0200 (CEST);Thu Sep 05 2019 09:16:01 GMT+0200 (CEST);1567674961000
1380556832687962;27.5;34.8;Thu Sep 05 2019 11:17:53 GMT+0200 (CEST);Thu Sep 05 2019 09:17:53 GMT+0200 (CEST);1567675073000
1380556832687962;27.5;34.4;Thu Sep 05 2019 11:19:52 GMT+0200 (CEST);Thu Sep 05 2019 09:19:52 GMT+0200 (CEST);1567675192000
1380556832687962;29.5;34.2;Thu Sep 05 2019 11:21:54 GMT+0200 (CEST);Thu Sep 05 2019 09:21:54 GMT+0200 (CEST);1567675314000
1380556832687962;29.5;34.2;Thu Sep 05 2019 11:23:47 GMT+0200 (CEST);Thu Sep 05 2019 09:23:47 GMT+0200 (CEST);1567675427000
1380556832687962;29.5;34.2;Thu Sep 05 2019 11:25:42 GMT+0200 (CEST);Thu Sep 05 2019 09:25:42 GMT+0200 (CEST);1567675542000
1380556832687962;29.5;34.2;Thu Sep 05 2019 11:27:35 GMT+0200 (CEST);Thu Sep 05 2019 09:27:35 GMT+0200 (CEST);1567675655000
1380556832687962;29.5;34.1;Thu Sep 05 2019 11:29:28 GMT+0200 (CEST);Thu Sep 05 2019 09:29:28 GMT+0200 (CEST);1567675768000
1380556832687962;29.5;34;Thu Sep 05 2019 11:31:21 GMT+0200 (CEST);Thu Sep 05 2019 09:31:21 GMT+0200 (CEST);1567675881000
1380556832687962;29.5;34;Thu Sep 05 2019 11:33:14 GMT+0200 (CEST);Thu Sep 05 2019 09:33:14 GMT+0200 (CEST);1567675994000
1380556832687962;29.5;34.4;Thu Sep 05 2019 11:35:10 GMT+0200 (CEST);Thu Sep 05 2019 09:35:10 GMT+0200 (CEST);1567676110000
1380556832687962;30;34.2;Thu Sep 05 2019 11:37:03 GMT+0200 (CEST);Thu Sep 05 2019 09:37:03 GMT+0200 (CEST);1567676223000
1380556832687962;30;34.2;Thu Sep 05 2019 11:38:57 GMT+0200 (CEST);Thu Sep 05 2019 09:38:57 GMT+0200 (CEST);1567676337000
1380556832687962;30;34.1;Thu Sep 05 2019 11:40:55 GMT+0200 (CEST);Thu Sep 05 2019 09:40:55 GMT+0200 (CEST);1567676455000
1380556832687962;30;34;Thu Sep 05 2019 11:42:48 GMT+0200 (CEST);Thu Sep 05 2019 09:42:48 GMT+0200 (CEST);1567676568000
1380556832687962;30;33.5;Thu Sep 05 2019 11:44:50 GMT+0200 (CEST);Thu Sep 05 2019 09:44:50 GMT+0200 (CEST);1567676690000
1380556832687962;30;33.4;Thu Sep 05 2019 11:46:46 GMT+0200 (CEST);Thu Sep 05 2019 09:46:46 GMT+0200 (CEST);1567676806000
1380556832687962;30;33.6;Thu Sep 05 2019 11:48:43 GMT+0200 (CEST);Thu Sep 05 2019 09:48:43 GMT+0200 (CEST);1567676923000
1380556832687962;30;34.1;Thu Sep 05 2019 11:50:27 GMT+0200 (CEST);Thu Sep 05 2019 09:50:27 GMT+0200 (CEST);1567677027000
1380556832687962;30;34.3;Thu Sep 05 2019 11:52:26 GMT+0200 (CEST);Thu Sep 05 2019 09:52:26 GMT+0200 (CEST);1567677146000
1380556832687962;30;34.1;Thu Sep 05 2019 11:54:21 GMT+0200 (CEST);Thu Sep 05 2019 09:54:21 GMT+0200 (CEST);1567677261000
1380556832687962;29.5;34.2;Thu Sep 05 2019 11:56:17 GMT+0200 (CEST);Thu Sep 05 2019 09:56:17 GMT+0200 (CEST);1567677377000
1380556832687962;29.5;34.2;Thu Sep 05 2019 11:58:10 GMT+0200 (CEST);Thu Sep 05 2019 09:58:10 GMT+0200 (CEST);1567677490000
1380556832687962;29.5;35.5;Thu Sep 05 2019 11:59:54 GMT+0200 (CEST);Thu Sep 05 2019 09:59:54 GMT+0200 (CEST);1567677594000
1380556832687962;29.5;35.4;Thu Sep 05 2019 12:01:48 GMT+0200 (CEST);Thu Sep 05 2019 10:01:48 GMT+0200 (CEST);1567677708000
1380556832687962;29.5;33.8;Thu Sep 05 2019 12:03:42 GMT+0200 (CEST);Thu Sep 05 2019 10:03:42 GMT+0200 (CEST);1567677822000
1380556832687962;29.5;33.3;Thu Sep 05 2019 12:05:58 GMT+0200 (CEST);Thu Sep 05 2019 10:05:58 GMT+0200 (CEST);1567677958000
1380556832687962;31.5;33.4;Thu Sep 05 2019 12:07:51 GMT+0200 (CEST);Thu Sep 05 2019 10:07:51 GMT+0200 (CEST);1567678071000
1380556832687962;31.5;32.3;Thu Sep 05 2019 12:09:43 GMT+0200 (CEST);Thu Sep 05 2019 10:09:43 GMT+0200 (CEST);1567678183000
1380556832687962;31.5;32.3;Thu Sep 05 2019 12:11:36 GMT+0200 (CEST);Thu Sep 05 2019 10:11:36 GMT+0200 (CEST);1567678296000
1380556832687962;31.5;33;Thu Sep 05 2019 12:13:29 GMT+0200 (CEST);Thu Sep 05 2019 10:13:29 GMT+0200 (CEST);1567678409000
1380556832687962;33.5;33.4;Thu Sep 05 2019 12:15:21 GMT+0200 (CEST);Thu Sep 05 2019 10:15:21 GMT+0200 (CEST);1567678521000
1380556832687962;33.5;31.9;Thu Sep 05 2019 12:17:14 GMT+0200 (CEST);Thu Sep 05 2019 10:17:14 GMT+0200 (CEST);1567678634000
1380556832687962;33.5;27.6;Thu Sep 05 2019 12:19:09 GMT+0200 (CEST);Thu Sep 05 2019 10:19:09 GMT+0200 (CEST);1567678749000
1380556832687962;32;28.6;Thu Sep 05 2019 12:21:08 GMT+0200 (CEST);Thu Sep 05 2019 10:21:08 GMT+0200 (CEST);1567678868000
1380556832687962;31.5;27.9;Thu Sep 05 2019 12:23:10 GMT+0200 (CEST);Thu Sep 05 2019 10:23:10 GMT+0200 (CEST);1567678990000
1380556832687962;31.5;32.8;Thu Sep 05 2019 12:25:07 GMT+0200 (CEST);Thu Sep 05 2019 10:25:07 GMT+0200 (CEST);1567679107000
1380556832687962;31.5;34.8;Thu Sep 05 2019 12:27:13 GMT+0200 (CEST);Thu Sep 05 2019 10:27:13 GMT+0200 (CEST);1567679233000
1380556832687962;31.5;32.9;Thu Sep 05 2019 12:29:05 GMT+0200 (CEST);Thu Sep 05 2019 10:29:05 GMT+0200 (CEST);1567679345000
1380556832687962;31.5;32.9;Thu Sep 05 2019 12:30:58 GMT+0200 (CEST);Thu Sep 05 2019 10:30:58 GMT+0200 (CEST);1567679458000
1380556832687962;31.5;22.7;Thu Sep 05 2019 12:32:52 GMT+0200 (CEST);Thu Sep 05 2019 10:32:52 GMT+0200 (CEST);1567679572000
1380556832687962;31.5;31.2;Thu Sep 05 2019 12:34:51 GMT+0200 (CEST);Thu Sep 05 2019 10:34:51 GMT+0200 (CEST);1567679691000
1380556832687962;31.5;22.1;Thu Sep 05 2019 12:36:44 GMT+0200 (CEST);Thu Sep 05 2019 10:36:44 GMT+0200 (CEST);1567679804000
1380556832687962;33.5;32.7;Thu Sep 05 2019 12:38:38 GMT+0200 (CEST);Thu Sep 05 2019 10:38:38 GMT+0200 (CEST);1567679918000
1380556832687962;33.5;21.1;Thu Sep 05 2019 12:40:31 GMT+0200 (CEST);Thu Sep 05 2019 10:40:31 GMT+0200 (CEST);1567680031000
1380556832687962;33.5;32.3;Thu Sep 05 2019 12:42:25 GMT+0200 (CEST);Thu Sep 05 2019 10:42:25 GMT+0200 (CEST);1567680145000
1380556832687962;35.6;21.9;Thu Sep 05 2019 12:44:19 GMT+0200 (CEST);Thu Sep 05 2019 10:44:19 GMT+0200 (CEST);1567680259000
1380556832687962;35.6;31.6;Thu Sep 05 2019 12:46:12 GMT+0200 (CEST);Thu Sep 05 2019 10:46:12 GMT+0200 (CEST);1567680372000
1380556832687962;35.6;29.5;Thu Sep 05 2019 12:48:20 GMT+0200 (CEST);Thu Sep 05 2019 10:48:20 GMT+0200 (CEST);1567680500000
1380556832687962;35.6;30.7;Thu Sep 05 2019 12:50:16 GMT+0200 (CEST);Thu Sep 05 2019 10:50:16 GMT+0200 (CEST);1567680616000
1380556832687962;38.1;31.9;Thu Sep 05 2019 12:52:09 GMT+0200 (CEST);Thu Sep 05 2019 10:52:09 GMT+0200 (CEST);1567680729000
1380556832687962;38.1;31.6;Thu Sep 05 2019 12:54:03 GMT+0200 (CEST);Thu Sep 05 2019 10:54:03 GMT+0200 (CEST);1567680843000
1380556832687962;38.1;32.4;Thu Sep 05 2019 12:56:01 GMT+0200 (CEST);Thu Sep 05 2019 10:56:01 GMT+0200 (CEST);1567680961000
1380556832687962;38.1;32.4;Thu Sep 05 2019 12:57:54 GMT+0200 (CEST);Thu Sep 05 2019 10:57:54 GMT+0200 (CEST);1567681074000
1380556832687962;38.1;32.8;Thu Sep 05 2019 12:59:48 GMT+0200 (CEST);Thu Sep 05 2019 10:59:48 GMT+0200 (CEST);1567681188000
1380556832687962;38.1;33.2;Thu Sep 05 2019 13:01:45 GMT+0200 (CEST);Thu Sep 05 2019 11:01:45 GMT+0200 (CEST);1567681305000
1380556832687962;38.1;33.3;Thu Sep 05 2019 13:03:38 GMT+0200 (CEST);Thu Sep 05 2019 11:03:38 GMT+0200 (CEST);1567681418000
1380556832687962;38.1;34.8;Thu Sep 05 2019 13:05:31 GMT+0200 (CEST);Thu Sep 05 2019 11:05:31 GMT+0200 (CEST);1567681531000
1380556832687962;38.1;36.2;Thu Sep 05 2019 13:07:24 GMT+0200 (CEST);Thu Sep 05 2019 11:07:24 GMT+0200 (CEST);1567681644000
1380556832687962;38.1;35.3;Thu Sep 05 2019 13:09:17 GMT+0200 (CEST);Thu Sep 05 2019 11:09:17 GMT+0200 (CEST);1567681757000
1380556832687962;38.1;34.6;Thu Sep 05 2019 13:11:10 GMT+0200 (CEST);Thu Sep 05 2019 11:11:10 GMT+0200 (CEST);1567681870000
1380556832687962;38.1;34.6;Thu Sep 05 2019 13:13:03 GMT+0200 (CEST);Thu Sep 05 2019 11:13:03 GMT+0200 (CEST);1567681983000
1380556832687962;38.1;31.9;Thu Sep 05 2019 13:14:59 GMT+0200 (CEST);Thu Sep 05 2019 11:14:59 GMT+0200 (CEST);1567682099000
1380556832687962;38.1;32.1;Thu Sep 05 2019 13:16:52 GMT+0200 (CEST);Thu Sep 05 2019 11:16:52 GMT+0200 (CEST);1567682212000
1380556832687962;38.1;31.6;Thu Sep 05 2019 13:18:45 GMT+0200 (CEST);Thu Sep 05 2019 11:18:45 GMT+0200 (CEST);1567682325000
1380556832687962;35.6;32.3;Thu Sep 05 2019 13:21:28 GMT+0200 (CEST);Thu Sep 05 2019 11:21:28 GMT+0200 (CEST);1567682488000
1380556832687962;35.6;34.6;Thu Sep 05 2019 13:23:21 GMT+0200 (CEST);Thu Sep 05 2019 11:23:21 GMT+0200 (CEST);1567682601000
1380556832687962;35.6;35.2;Thu Sep 05 2019 13:25:20 GMT+0200 (CEST);Thu Sep 05 2019 11:25:20 GMT+0200 (CEST);1567682720000
1380556832687962;35.6;32.1;Thu Sep 05 2019 13:27:14 GMT+0200 (CEST);Thu Sep 05 2019 11:27:14 GMT+0200 (CEST);1567682834000
1380556832687962;36.1;35.4;Thu Sep 05 2019 13:29:08 GMT+0200 (CEST);Thu Sep 05 2019 11:29:08 GMT+0200 (CEST);1567682948000
1380556832687962;36.1;33.7;Thu Sep 05 2019 13:31:01 GMT+0200 (CEST);Thu Sep 05 2019 11:31:01 GMT+0200 (CEST);1567683061000
1380556832687962;36.1;31.9;Thu Sep 05 2019 13:32:55 GMT+0200 (CEST);Thu Sep 05 2019 11:32:55 GMT+0200 (CEST);1567683175000
1380556832687962;36.1;32.2;Thu Sep 05 2019 13:34:49 GMT+0200 (CEST);Thu Sep 05 2019 11:34:49 GMT+0200 (CEST);1567683289000
1380556832687962;36.1;33.1;Thu Sep 05 2019 13:36:57 GMT+0200 (CEST);Thu Sep 05 2019 11:36:57 GMT+0200 (CEST);1567683417000
1380556832687962;35.6;35.1;Thu Sep 05 2019 13:38:51 GMT+0200 (CEST);Thu Sep 05 2019 11:38:51 GMT+0200 (CEST);1567683531000
1380556832687962;35.6;34.6;Thu Sep 05 2019 13:40:45 GMT+0200 (CEST);Thu Sep 05 2019 11:40:45 GMT+0200 (CEST);1567683645000
1380556832687962;35.6;34.6;Thu Sep 05 2019 13:42:38 GMT+0200 (CEST);Thu Sep 05 2019 11:42:38 GMT+0200 (CEST);1567683758000
1380556832687962;35.6;33.3;Thu Sep 05 2019 13:44:39 GMT+0200 (CEST);Thu Sep 05 2019 11:44:39 GMT+0200 (CEST);1567683879000
1380556832687962;35.6;33;Thu Sep 05 2019 13:46:34 GMT+0200 (CEST);Thu Sep 05 2019 11:46:34 GMT+0200 (CEST);1567683994000
1380556832687962;35.6;31.1;Thu Sep 05 2019 13:48:30 GMT+0200 (CEST);Thu Sep 05 2019 11:48:30 GMT+0200 (CEST);1567684110000
1380556832687962;35.6;32;Thu Sep 05 2019 13:50:26 GMT+0200 (CEST);Thu Sep 05 2019 11:50:26 GMT+0200 (CEST);1567684226000
1380556832687962;37.6;32;Thu Sep 05 2019 13:52:30 GMT+0200 (CEST);Thu Sep 05 2019 11:52:30 GMT+0200 (CEST);1567684350000
1380556832687962;37.6;32.5;Thu Sep 05 2019 13:54:24 GMT+0200 (CEST);Thu Sep 05 2019 11:54:24 GMT+0200 (CEST);1567684464000
1380556832687962;37.6;32.5;Thu Sep 05 2019 13:56:18 GMT+0200 (CEST);Thu Sep 05 2019 11:56:18 GMT+0200 (CEST);1567684578000
1380556832687962;35.6;32.6;Thu Sep 05 2019 13:58:11 GMT+0200 (CEST);Thu Sep 05 2019 11:58:11 GMT+0200 (CEST);1567684691000
1380556832687962;35.6;33.8;Thu Sep 05 2019 14:00:08 GMT+0200 (CEST);Thu Sep 05 2019 12:00:08 GMT+0200 (CEST);1567684808000
1380556832687962;35.6;33.9;Thu Sep 05 2019 14:02:03 GMT+0200 (CEST);Thu Sep 05 2019 12:02:03 GMT+0200 (CEST);1567684923000
1380556832687962;33.5;33.3;Thu Sep 05 2019 14:03:55 GMT+0200 (CEST);Thu Sep 05 2019 12:03:55 GMT+0200 (CEST);1567685035000
1380556832687962;33.5;32.6;Thu Sep 05 2019 14:06:04 GMT+0200 (CEST);Thu Sep 05 2019 12:06:04 GMT+0200 (CEST);1567685164000
1380556832687962;33.5;32.6;Thu Sep 05 2019 14:07:57 GMT+0200 (CEST);Thu Sep 05 2019 12:07:57 GMT+0200 (CEST);1567685277000
1380556832687962;32;33.7;Thu Sep 05 2019 14:09:49 GMT+0200 (CEST);Thu Sep 05 2019 12:09:49 GMT+0200 (CEST);1567685389000
1380556832687962;32;34.3;Thu Sep 05 2019 14:11:43 GMT+0200 (CEST);Thu Sep 05 2019 12:11:43 GMT+0200 (CEST);1567685503000
1380556832687962;32;34.3;Thu Sep 05 2019 14:13:42 GMT+0200 (CEST);Thu Sep 05 2019 12:13:42 GMT+0200 (CEST);1567685622000
1380556832687962;33.5;33;Thu Sep 05 2019 14:15:36 GMT+0200 (CEST);Thu Sep 05 2019 12:15:36 GMT+0200 (CEST);1567685736000
1380556832687962;33.5;32.9;Thu Sep 05 2019 14:17:33 GMT+0200 (CEST);Thu Sep 05 2019 12:17:33 GMT+0200 (CEST);1567685853000
1380556832687962;33.5;33.4;Thu Sep 05 2019 14:19:26 GMT+0200 (CEST);Thu Sep 05 2019 12:19:26 GMT+0200 (CEST);1567685966000
1380556832687962;33.5;33.6;Thu Sep 05 2019 14:21:20 GMT+0200 (CEST);Thu Sep 05 2019 12:21:20 GMT+0200 (CEST);1567686080000
1380556832687962;33.5;33.7;Thu Sep 05 2019 14:23:13 GMT+0200 (CEST);Thu Sep 05 2019 12:23:13 GMT+0200 (CEST);1567686193000
1380556832687962;32;33.7;Thu Sep 05 2019 14:25:09 GMT+0200 (CEST);Thu Sep 05 2019 12:25:09 GMT+0200 (CEST);1567686309000
1380556832687962;32;34.4;Thu Sep 05 2019 14:27:05 GMT+0200 (CEST);Thu Sep 05 2019 12:27:05 GMT+0200 (CEST);1567686425000
1380556832687962;32;33.9;Thu Sep 05 2019 14:28:58 GMT+0200 (CEST);Thu Sep 05 2019 12:28:58 GMT+0200 (CEST);1567686538000
1380556832687962;31.5;34;Thu Sep 05 2019 14:30:51 GMT+0200 (CEST);Thu Sep 05 2019 12:30:51 GMT+0200 (CEST);1567686651000
1380556832687962;31.5;34;Thu Sep 05 2019 14:32:44 GMT+0200 (CEST);Thu Sep 05 2019 12:32:44 GMT+0200 (CEST);1567686764000
1380556832687962;31.5;34.9;Thu Sep 05 2019 14:34:38 GMT+0200 (CEST);Thu Sep 05 2019 12:34:38 GMT+0200 (CEST);1567686878000
1380556832687962;31.5;34.9;Thu Sep 05 2019 14:36:36 GMT+0200 (CEST);Thu Sep 05 2019 12:36:36 GMT+0200 (CEST);1567686996000
1380556832687962;31.5;33.9;Thu Sep 05 2019 14:38:28 GMT+0200 (CEST);Thu Sep 05 2019 12:38:28 GMT+0200 (CEST);1567687108000
1380556832687962;31.5;34;Thu Sep 05 2019 14:40:21 GMT+0200 (CEST);Thu Sep 05 2019 12:40:21 GMT+0200 (CEST);1567687221000
1380556832687962;31.5;33.8;Thu Sep 05 2019 14:42:16 GMT+0200 (CEST);Thu Sep 05 2019 12:42:16 GMT+0200 (CEST);1567687336000
1380556832687962;31.5;33.8;Thu Sep 05 2019 14:44:10 GMT+0200 (CEST);Thu Sep 05 2019 12:44:10 GMT+0200 (CEST);1567687450000
1380556832687962;31.5;32.8;Thu Sep 05 2019 14:46:06 GMT+0200 (CEST);Thu Sep 05 2019 12:46:06 GMT+0200 (CEST);1567687566000
1380556832687962;31.5;32.5;Thu Sep 05 2019 14:48:04 GMT+0200 (CEST);Thu Sep 05 2019 12:48:04 GMT+0200 (CEST);1567687684000
1380556832687962;31.5;33.1;Thu Sep 05 2019 14:50:06 GMT+0200 (CEST);Thu Sep 05 2019 12:50:06 GMT+0200 (CEST);1567687806000
1380556832687962;31.5;34;Thu Sep 05 2019 14:52:08 GMT+0200 (CEST);Thu Sep 05 2019 12:52:08 GMT+0200 (CEST);1567687928000
1380556832687962;31.5;33.1;Thu Sep 05 2019 14:54:01 GMT+0200 (CEST);Thu Sep 05 2019 12:54:01 GMT+0200 (CEST);1567688041000
1380556832687962;31.5;32.6;Thu Sep 05 2019 14:55:58 GMT+0200 (CEST);Thu Sep 05 2019 12:55:58 GMT+0200 (CEST);1567688158000
1380556832687962;38.1;32.4;Thu Sep 05 2019 14:57:51 GMT+0200 (CEST);Thu Sep 05 2019 12:57:51 GMT+0200 (CEST);1567688271000
1380556832687962;38.1;32.7;Thu Sep 05 2019 14:59:44 GMT+0200 (CEST);Thu Sep 05 2019 12:59:44 GMT+0200 (CEST);1567688384000
1380556832687962;38.1;32.7;Thu Sep 05 2019 15:01:37 GMT+0200 (CEST);Thu Sep 05 2019 13:01:37 GMT+0200 (CEST);1567688497000
1380556832687962;38.1;32.9;Thu Sep 05 2019 15:03:30 GMT+0200 (CEST);Thu Sep 05 2019 13:03:30 GMT+0200 (CEST);1567688610000
1380556832687962;38.1;33;Thu Sep 05 2019 15:05:27 GMT+0200 (CEST);Thu Sep 05 2019 13:05:27 GMT+0200 (CEST);1567688727000
1380556832687962;35.6;33.2;Thu Sep 05 2019 15:07:21 GMT+0200 (CEST);Thu Sep 05 2019 13:07:21 GMT+0200 (CEST);1567688841000
1380556832687962;35.6;33.5;Thu Sep 05 2019 15:09:14 GMT+0200 (CEST);Thu Sep 05 2019 13:09:14 GMT+0200 (CEST);1567688954000
1380556832687962;35.6;33;Thu Sep 05 2019 15:11:09 GMT+0200 (CEST);Thu Sep 05 2019 13:11:09 GMT+0200 (CEST);1567689069000
1380556832687962;35.6;33.1;Thu Sep 05 2019 15:13:02 GMT+0200 (CEST);Thu Sep 05 2019 13:13:02 GMT+0200 (CEST);1567689182000
1380556832687962;35.6;33.3;Thu Sep 05 2019 15:14:56 GMT+0200 (CEST);Thu Sep 05 2019 13:14:56 GMT+0200 (CEST);1567689296000
1380556832687962;33.5;33.4;Thu Sep 05 2019 15:16:49 GMT+0200 (CEST);Thu Sep 05 2019 13:16:49 GMT+0200 (CEST);1567689409000
1380556832687962;33.5;33.5;Thu Sep 05 2019 15:18:42 GMT+0200 (CEST);Thu Sep 05 2019 13:18:42 GMT+0200 (CEST);1567689522000
1380556832687962;33.5;33.8;Thu Sep 05 2019 15:20:38 GMT+0200 (CEST);Thu Sep 05 2019 13:20:38 GMT+0200 (CEST);1567689638000
1380556832687962;32;33.8;Thu Sep 05 2019 15:22:30 GMT+0200 (CEST);Thu Sep 05 2019 13:22:30 GMT+0200 (CEST);1567689750000
1380556832687962;32;33.6;Thu Sep 05 2019 15:24:25 GMT+0200 (CEST);Thu Sep 05 2019 13:24:25 GMT+0200 (CEST);1567689865000
1380556832687962;32;33.7;Thu Sep 05 2019 15:26:20 GMT+0200 (CEST);Thu Sep 05 2019 13:26:20 GMT+0200 (CEST);1567689980000
1380556832687962;31.5;33.5;Thu Sep 05 2019 15:28:13 GMT+0200 (CEST);Thu Sep 05 2019 13:28:13 GMT+0200 (CEST);1567690093000
1380556832687962;31.5;33.4;Thu Sep 05 2019 15:30:06 GMT+0200 (CEST);Thu Sep 05 2019 13:30:06 GMT+0200 (CEST);1567690206000
1380556832687962;30;33.5;Thu Sep 05 2019 15:31:59 GMT+0200 (CEST);Thu Sep 05 2019 13:31:59 GMT+0200 (CEST);1567690319000
1380556832687962;30;33.6;Thu Sep 05 2019 15:33:51 GMT+0200 (CEST);Thu Sep 05 2019 13:33:51 GMT+0200 (CEST);1567690431000
1380556832687962;30;33.6;Thu Sep 05 2019 15:35:44 GMT+0200 (CEST);Thu Sep 05 2019 13:35:44 GMT+0200 (CEST);1567690544000
1380556832687962;30;33.7;Thu Sep 05 2019 15:37:36 GMT+0200 (CEST);Thu Sep 05 2019 13:37:36 GMT+0200 (CEST);1567690656000
1380556832687962;30;33.7;Thu Sep 05 2019 15:39:31 GMT+0200 (CEST);Thu Sep 05 2019 13:39:31 GMT+0200 (CEST);1567690771000
1380556832687962;30;34.3;Thu Sep 05 2019 15:41:25 GMT+0200 (CEST);Thu Sep 05 2019 13:41:25 GMT+0200 (CEST);1567690885000
1380556832687962;30;33.7;Thu Sep 05 2019 15:43:18 GMT+0200 (CEST);Thu Sep 05 2019 13:43:18 GMT+0200 (CEST);1567690998000
1380556832687962;30;34;Thu Sep 05 2019 15:45:13 GMT+0200 (CEST);Thu Sep 05 2019 13:45:13 GMT+0200 (CEST);1567691113000
1380556832687962;30;34;Thu Sep 05 2019 15:47:06 GMT+0200 (CEST);Thu Sep 05 2019 13:47:06 GMT+0200 (CEST);1567691226000
1380556832687962;30;33.8;Thu Sep 05 2019 15:48:58 GMT+0200 (CEST);Thu Sep 05 2019 13:48:58 GMT+0200 (CEST);1567691338000
1380556832687962;30;33.4;Thu Sep 05 2019 15:50:51 GMT+0200 (CEST);Thu Sep 05 2019 13:50:51 GMT+0200 (CEST);1567691451000
1380556832687962;30;33.4;Thu Sep 05 2019 15:52:47 GMT+0200 (CEST);Thu Sep 05 2019 13:52:47 GMT+0200 (CEST);1567691567000
1380556832687962;30;33.4;Thu Sep 05 2019 15:54:40 GMT+0200 (CEST);Thu Sep 05 2019 13:54:40 GMT+0200 (CEST);1567691680000
1380556832687962;30;33.5;Thu Sep 05 2019 15:56:33 GMT+0200 (CEST);Thu Sep 05 2019 13:56:33 GMT+0200 (CEST);1567691793000
1380556832687962;30;33.5;Thu Sep 05 2019 15:58:28 GMT+0200 (CEST);Thu Sep 05 2019 13:58:28 GMT+0200 (CEST);1567691908000
1380556832687962;30;34.2;Thu Sep 05 2019 16:00:48 GMT+0200 (CEST);Thu Sep 05 2019 14:00:48 GMT+0200 (CEST);1567692048000
1380556832687962;30;34.1;Thu Sep 05 2019 16:02:41 GMT+0200 (CEST);Thu Sep 05 2019 14:02:41 GMT+0200 (CEST);1567692161000
1380556832687962;30;34;Thu Sep 05 2019 16:04:34 GMT+0200 (CEST);Thu Sep 05 2019 14:04:34 GMT+0200 (CEST);1567692274000
1380556832687962;30;33.5;Thu Sep 05 2019 16:06:27 GMT+0200 (CEST);Thu Sep 05 2019 14:06:27 GMT+0200 (CEST);1567692387000
1380556832687962;30;33.5;Thu Sep 05 2019 16:08:20 GMT+0200 (CEST);Thu Sep 05 2019 14:08:20 GMT+0200 (CEST);1567692500000
1380556832687962;30;33.4;Thu Sep 05 2019 16:10:20 GMT+0200 (CEST);Thu Sep 05 2019 14:10:20 GMT+0200 (CEST);1567692620000
1380556832687962;30;33.4;Thu Sep 05 2019 16:12:13 GMT+0200 (CEST);Thu Sep 05 2019 14:12:13 GMT+0200 (CEST);1567692733000
1380556832687962;30;33.5;Thu Sep 05 2019 16:14:08 GMT+0200 (CEST);Thu Sep 05 2019 14:14:08 GMT+0200 (CEST);1567692848000
1380556832687962;30;33.5;Thu Sep 05 2019 16:16:01 GMT+0200 (CEST);Thu Sep 05 2019 14:16:01 GMT+0200 (CEST);1567692961000
1380556832687962;30;33.2;Thu Sep 05 2019 16:17:55 GMT+0200 (CEST);Thu Sep 05 2019 14:17:55 GMT+0200 (CEST);1567693075000
1380556832687962;30;33.2;Thu Sep 05 2019 16:19:47 GMT+0200 (CEST);Thu Sep 05 2019 14:19:47 GMT+0200 (CEST);1567693187000
1380556832687962;29.5;33.2;Thu Sep 05 2019 16:21:44 GMT+0200 (CEST);Thu Sep 05 2019 14:21:44 GMT+0200 (CEST);1567693304000
1380556832687962;29.5;33.2;Thu Sep 05 2019 16:23:36 GMT+0200 (CEST);Thu Sep 05 2019 14:23:36 GMT+0200 (CEST);1567693416000
1380556832687962;29.5;33.3;Thu Sep 05 2019 16:25:31 GMT+0200 (CEST);Thu Sep 05 2019 14:25:31 GMT+0200 (CEST);1567693531000
1380556832687962;29.5;33.7;Thu Sep 05 2019 16:27:24 GMT+0200 (CEST);Thu Sep 05 2019 14:27:24 GMT+0200 (CEST);1567693644000
1380556832687962;29.5;33.7;Thu Sep 05 2019 16:29:16 GMT+0200 (CEST);Thu Sep 05 2019 14:29:16 GMT+0200 (CEST);1567693756000
1380556832687962;29.5;33.8;Thu Sep 05 2019 16:31:11 GMT+0200 (CEST);Thu Sep 05 2019 14:31:11 GMT+0200 (CEST);1567693871000
1380556832687962;29.5;33.7;Thu Sep 05 2019 16:33:04 GMT+0200 (CEST);Thu Sep 05 2019 14:33:04 GMT+0200 (CEST);1567693984000
1380556832687962;29.5;33.8;Thu Sep 05 2019 16:35:04 GMT+0200 (CEST);Thu Sep 05 2019 14:35:04 GMT+0200 (CEST);1567694104000
1380556832687962;28;33.7;Thu Sep 05 2019 16:36:58 GMT+0200 (CEST);Thu Sep 05 2019 14:36:58 GMT+0200 (CEST);1567694218000
1380556832687962;28;33.7;Thu Sep 05 2019 16:38:51 GMT+0200 (CEST);Thu Sep 05 2019 14:38:51 GMT+0200 (CEST);1567694331000
1380556832687962;29.5;34.1;Thu Sep 05 2019 16:40:46 GMT+0200 (CEST);Thu Sep 05 2019 14:40:46 GMT+0200 (CEST);1567694446000
1380556832687962;29.5;34.1;Thu Sep 05 2019 16:42:39 GMT+0200 (CEST);Thu Sep 05 2019 14:42:39 GMT+0200 (CEST);1567694559000
1380556832687962;28;34;Thu Sep 05 2019 16:44:31 GMT+0200 (CEST);Thu Sep 05 2019 14:44:31 GMT+0200 (CEST);1567694671000
1380556832687962;28;33.9;Thu Sep 05 2019 16:46:24 GMT+0200 (CEST);Thu Sep 05 2019 14:46:24 GMT+0200 (CEST);1567694784000
1380556832687962;28;33.9;Thu Sep 05 2019 16:48:17 GMT+0200 (CEST);Thu Sep 05 2019 14:48:17 GMT+0200 (CEST);1567694897000
1380556832687962;28;34;Thu Sep 05 2019 16:50:20 GMT+0200 (CEST);Thu Sep 05 2019 14:50:20 GMT+0200 (CEST);1567695020000
1380556832687962;28;34;Thu Sep 05 2019 16:52:14 GMT+0200 (CEST);Thu Sep 05 2019 14:52:14 GMT+0200 (CEST);1567695134000
1380556832687962;28;34;Thu Sep 05 2019 16:54:07 GMT+0200 (CEST);Thu Sep 05 2019 14:54:07 GMT+0200 (CEST);1567695247000
1380556832687962;28;34;Thu Sep 05 2019 16:56:04 GMT+0200 (CEST);Thu Sep 05 2019 14:56:04 GMT+0200 (CEST);1567695364000
1380556832687962;28;33.6;Thu Sep 05 2019 16:57:56 GMT+0200 (CEST);Thu Sep 05 2019 14:57:56 GMT+0200 (CEST);1567695476000
1380556832687962;29.5;33.9;Thu Sep 05 2019 16:59:49 GMT+0200 (CEST);Thu Sep 05 2019 14:59:49 GMT+0200 (CEST);1567695589000
1380556832687962;29.5;33.8;Thu Sep 05 2019 17:01:48 GMT+0200 (CEST);Thu Sep 05 2019 15:01:48 GMT+0200 (CEST);1567695708000
1380556832687962;29.5;34;Thu Sep 05 2019 17:03:43 GMT+0200 (CEST);Thu Sep 05 2019 15:03:43 GMT+0200 (CEST);1567695823000
1380556832687962;29.5;33.9;Thu Sep 05 2019 17:05:35 GMT+0200 (CEST);Thu Sep 05 2019 15:05:35 GMT+0200 (CEST);1567695935000
1380556832687962;29.5;35;Thu Sep 05 2019 17:07:29 GMT+0200 (CEST);Thu Sep 05 2019 15:07:29 GMT+0200 (CEST);1567696049000
1380556832687962;29.5;34.9;Thu Sep 05 2019 17:09:21 GMT+0200 (CEST);Thu Sep 05 2019 15:09:21 GMT+0200 (CEST);1567696161000
1380556832687962;29.5;33.9;Thu Sep 05 2019 17:11:15 GMT+0200 (CEST);Thu Sep 05 2019 15:11:15 GMT+0200 (CEST);1567696275000
1380556832687962;29.5;34.2;Thu Sep 05 2019 17:13:08 GMT+0200 (CEST);Thu Sep 05 2019 15:13:08 GMT+0200 (CEST);1567696388000
1380556832687962;29.5;33.6;Thu Sep 05 2019 17:15:01 GMT+0200 (CEST);Thu Sep 05 2019 15:15:01 GMT+0200 (CEST);1567696501000
1380556832687962;29.5;33.7;Thu Sep 05 2019 17:16:54 GMT+0200 (CEST);Thu Sep 05 2019 15:16:54 GMT+0200 (CEST);1567696614000
1380556832687962;29.5;33.9;Thu Sep 05 2019 17:18:46 GMT+0200 (CEST);Thu Sep 05 2019 15:18:46 GMT+0200 (CEST);1567696726000
1380556832687962;29.5;33.7;Thu Sep 05 2019 17:20:41 GMT+0200 (CEST);Thu Sep 05 2019 15:20:41 GMT+0200 (CEST);1567696841000
1380556832687962;29.5;33.3;Thu Sep 05 2019 17:22:33 GMT+0200 (CEST);Thu Sep 05 2019 15:22:33 GMT+0200 (CEST);1567696953000
1380556832687962;29.5;33.4;Thu Sep 05 2019 17:24:39 GMT+0200 (CEST);Thu Sep 05 2019 15:24:39 GMT+0200 (CEST);1567697079000
1380556832687962;29.5;33.4;Thu Sep 05 2019 17:26:32 GMT+0200 (CEST);Thu Sep 05 2019 15:26:32 GMT+0200 (CEST);1567697192000
1380556832687962;29.5;34.2;Thu Sep 05 2019 17:28:24 GMT+0200 (CEST);Thu Sep 05 2019 15:28:24 GMT+0200 (CEST);1567697304000
1380556832687962;29.5;34.2;Thu Sep 05 2019 17:30:17 GMT+0200 (CEST);Thu Sep 05 2019 15:30:17 GMT+0200 (CEST);1567697417000
1380556832687962;29.5;34.2;Thu Sep 05 2019 17:32:10 GMT+0200 (CEST);Thu Sep 05 2019 15:32:10 GMT+0200 (CEST);1567697530000
1380556832687962;30;34.5;Thu Sep 05 2019 17:34:09 GMT+0200 (CEST);Thu Sep 05 2019 15:34:09 GMT+0200 (CEST);1567697649000
1380556832687962;30;34.2;Thu Sep 05 2019 17:36:02 GMT+0200 (CEST);Thu Sep 05 2019 15:36:02 GMT+0200 (CEST);1567697762000
1380556832687962;30;34.2;Thu Sep 05 2019 17:38:00 GMT+0200 (CEST);Thu Sep 05 2019 15:38:00 GMT+0200 (CEST);1567697880000
1380556832687962;30;34.2;Thu Sep 05 2019 17:39:53 GMT+0200 (CEST);Thu Sep 05 2019 15:39:53 GMT+0200 (CEST);1567697993000
1380556832687962;30;33.6;Thu Sep 05 2019 17:41:49 GMT+0200 (CEST);Thu Sep 05 2019 15:41:49 GMT+0200 (CEST);1567698109000
1380556832687962;30;33;Thu Sep 05 2019 17:43:42 GMT+0200 (CEST);Thu Sep 05 2019 15:43:42 GMT+0200 (CEST);1567698222000
1380556832687962;30;33.1;Thu Sep 05 2019 17:45:36 GMT+0200 (CEST);Thu Sep 05 2019 15:45:36 GMT+0200 (CEST);1567698336000
1380556832687962;30;32.9;Thu Sep 05 2019 17:47:33 GMT+0200 (CEST);Thu Sep 05 2019 15:47:33 GMT+0200 (CEST);1567698453000
1380556832687962;30;33.1;Thu Sep 05 2019 17:49:26 GMT+0200 (CEST);Thu Sep 05 2019 15:49:26 GMT+0200 (CEST);1567698566000
1380556832687962;30;33.3;Thu Sep 05 2019 17:51:27 GMT+0200 (CEST);Thu Sep 05 2019 15:51:27 GMT+0200 (CEST);1567698687000
1380556832687962;29.5;33.3;Thu Sep 05 2019 17:53:20 GMT+0200 (CEST);Thu Sep 05 2019 15:53:20 GMT+0200 (CEST);1567698800000
1380556832687962;29.5;33;Thu Sep 05 2019 17:55:13 GMT+0200 (CEST);Thu Sep 05 2019 15:55:13 GMT+0200 (CEST);1567698913000
1380556832687962;27.5;33;Thu Sep 05 2019 17:57:08 GMT+0200 (CEST);Thu Sep 05 2019 15:57:08 GMT+0200 (CEST);1567699028000
1380556832687962;27.5;33;Thu Sep 05 2019 17:59:05 GMT+0200 (CEST);Thu Sep 05 2019 15:59:05 GMT+0200 (CEST);1567699145000
1380556832687962;27.5;32.9;Thu Sep 05 2019 18:00:57 GMT+0200 (CEST);Thu Sep 05 2019 16:00:57 GMT+0200 (CEST);1567699257000
1380556832687962;27.5;32.9;Thu Sep 05 2019 18:02:52 GMT+0200 (CEST);Thu Sep 05 2019 16:02:52 GMT+0200 (CEST);1567699372000
1380556832687962;27.5;33.1;Thu Sep 05 2019 18:04:52 GMT+0200 (CEST);Thu Sep 05 2019 16:04:52 GMT+0200 (CEST);1567699492000
1380556832687962;26;33.1;Thu Sep 05 2019 18:06:53 GMT+0200 (CEST);Thu Sep 05 2019 16:06:53 GMT+0200 (CEST);1567699613000
1380556832687962;26;33.3;Thu Sep 05 2019 18:08:46 GMT+0200 (CEST);Thu Sep 05 2019 16:08:46 GMT+0200 (CEST);1567699726000
1380556832687962;26;33.3;Thu Sep 05 2019 18:10:42 GMT+0200 (CEST);Thu Sep 05 2019 16:10:42 GMT+0200 (CEST);1567699842000
1380556832687962;26;33.4;Thu Sep 05 2019 18:12:37 GMT+0200 (CEST);Thu Sep 05 2019 16:12:37 GMT+0200 (CEST);1567699957000
1380556832687962;26;34;Thu Sep 05 2019 18:14:30 GMT+0200 (CEST);Thu Sep 05 2019 16:14:30 GMT+0200 (CEST);1567700070000
1380556832687962;26;34.2;Thu Sep 05 2019 18:16:22 GMT+0200 (CEST);Thu Sep 05 2019 16:16:22 GMT+0200 (CEST);1567700182000
1380556832687962;26;34.3;Thu Sep 05 2019 18:18:15 GMT+0200 (CEST);Thu Sep 05 2019 16:18:15 GMT+0200 (CEST);1567700295000
1380556832687962;26;32.9;Thu Sep 05 2019 18:20:08 GMT+0200 (CEST);Thu Sep 05 2019 16:20:08 GMT+0200 (CEST);1567700408000
1380556832687962;26;32.5;Thu Sep 05 2019 18:22:08 GMT+0200 (CEST);Thu Sep 05 2019 16:22:08 GMT+0200 (CEST);1567700528000
1380556832687962;26;32.3;Thu Sep 05 2019 18:24:01 GMT+0200 (CEST);Thu Sep 05 2019 16:24:01 GMT+0200 (CEST);1567700641000
1380556832687962;25.5;32.2;Thu Sep 05 2019 18:25:58 GMT+0200 (CEST);Thu Sep 05 2019 16:25:58 GMT+0200 (CEST);1567700758000
1380556832687962;25.5;32.4;Thu Sep 05 2019 18:27:53 GMT+0200 (CEST);Thu Sep 05 2019 16:27:53 GMT+0200 (CEST);1567700873000
1380556832687962;25.5;32.1;Thu Sep 05 2019 18:29:54 GMT+0200 (CEST);Thu Sep 05 2019 16:29:54 GMT+0200 (CEST);1567700994000
1380556832687962;25.5;32.1;Thu Sep 05 2019 18:31:58 GMT+0200 (CEST);Thu Sep 05 2019 16:31:58 GMT+0200 (CEST);1567701118000
1380556832687962;25.5;32.5;Thu Sep 05 2019 18:34:00 GMT+0200 (CEST);Thu Sep 05 2019 16:34:00 GMT+0200 (CEST);1567701240000
1380556832687962;25.5;33.5;Thu Sep 05 2019 18:36:10 GMT+0200 (CEST);Thu Sep 05 2019 16:36:10 GMT+0200 (CEST);1567701370000
1380556832687962;25.5;34.1;Thu Sep 05 2019 18:38:03 GMT+0200 (CEST);Thu Sep 05 2019 16:38:03 GMT+0200 (CEST);1567701483000
1380556832687962;25.5;33.9;Thu Sep 05 2019 18:40:19 GMT+0200 (CEST);Thu Sep 05 2019 16:40:19 GMT+0200 (CEST);1567701619000
1380556832687962;25.5;33.7;Thu Sep 05 2019 18:42:25 GMT+0200 (CEST);Thu Sep 05 2019 16:42:25 GMT+0200 (CEST);1567701745000
1380556832687962;25.5;33.4;Thu Sep 05 2019 18:44:17 GMT+0200 (CEST);Thu Sep 05 2019 16:44:17 GMT+0200 (CEST);1567701857000
1380556832687962;25.5;33.1;Thu Sep 05 2019 18:46:10 GMT+0200 (CEST);Thu Sep 05 2019 16:46:10 GMT+0200 (CEST);1567701970000
1380556832687962;25.5;33.3;Thu Sep 05 2019 18:48:11 GMT+0200 (CEST);Thu Sep 05 2019 16:48:11 GMT+0200 (CEST);1567702091000
1380556832687962;25.5;32.4;Thu Sep 05 2019 18:50:12 GMT+0200 (CEST);Thu Sep 05 2019 16:50:12 GMT+0200 (CEST);1567702212000
1380556832687962;25.5;32.1;Thu Sep 05 2019 18:52:28 GMT+0200 (CEST);Thu Sep 05 2019 16:52:28 GMT+0200 (CEST);1567702348000
1380556832687962;24;32.7;Thu Sep 05 2019 18:54:22 GMT+0200 (CEST);Thu Sep 05 2019 16:54:22 GMT+0200 (CEST);1567702462000
1380556832687962;24;32.7;Thu Sep 05 2019 18:56:21 GMT+0200 (CEST);Thu Sep 05 2019 16:56:21 GMT+0200 (CEST);1567702581000
1380556832687962;24;32.5;Thu Sep 05 2019 18:58:14 GMT+0200 (CEST);Thu Sep 05 2019 16:58:14 GMT+0200 (CEST);1567702694000
1380556832687962;25.5;31.9;Thu Sep 05 2019 19:00:09 GMT+0200 (CEST);Thu Sep 05 2019 17:00:09 GMT+0200 (CEST);1567702809000
1380556832687962;25.5;31.5;Thu Sep 05 2019 19:02:32 GMT+0200 (CEST);Thu Sep 05 2019 17:02:32 GMT+0200 (CEST);1567702952000
1380556832687962;23;31.8;Thu Sep 05 2019 19:04:50 GMT+0200 (CEST);Thu Sep 05 2019 17:04:50 GMT+0200 (CEST);1567703090000
1380556832687962;23;31.6;Thu Sep 05 2019 19:06:44 GMT+0200 (CEST);Thu Sep 05 2019 17:06:44 GMT+0200 (CEST);1567703204000
1380556832687962;23;32.1;Thu Sep 05 2019 19:08:58 GMT+0200 (CEST);Thu Sep 05 2019 17:08:58 GMT+0200 (CEST);1567703338000
1380556832687962;23;32;Thu Sep 05 2019 19:10:53 GMT+0200 (CEST);Thu Sep 05 2019 17:10:53 GMT+0200 (CEST);1567703453000
1380556832687962;23;31.8;Thu Sep 05 2019 19:12:54 GMT+0200 (CEST);Thu Sep 05 2019 17:12:54 GMT+0200 (CEST);1567703574000
1380556832687962;23;32.1;Thu Sep 05 2019 19:15:12 GMT+0200 (CEST);Thu Sep 05 2019 17:15:12 GMT+0200 (CEST);1567703712000
1380556832687962;23;31.5;Thu Sep 05 2019 19:17:26 GMT+0200 (CEST);Thu Sep 05 2019 17:17:26 GMT+0200 (CEST);1567703846000
1380556832687962;23;31.6;Thu Sep 05 2019 19:19:29 GMT+0200 (CEST);Thu Sep 05 2019 17:19:29 GMT+0200 (CEST);1567703969000
1380556832687962;23;31.3;Thu Sep 05 2019 19:21:22 GMT+0200 (CEST);Thu Sep 05 2019 17:21:22 GMT+0200 (CEST);1567704082000
1380556832687962;23;31.4;Thu Sep 05 2019 19:23:15 GMT+0200 (CEST);Thu Sep 05 2019 17:23:15 GMT+0200 (CEST);1567704195000
1380556832687962;23;31;Thu Sep 05 2019 19:25:22 GMT+0200 (CEST);Thu Sep 05 2019 17:25:22 GMT+0200 (CEST);1567704322000
1380556832687962;23;31.1;Thu Sep 05 2019 19:27:18 GMT+0200 (CEST);Thu Sep 05 2019 17:27:18 GMT+0200 (CEST);1567704438000
1380556832687962;23;31.1;Thu Sep 05 2019 19:29:12 GMT+0200 (CEST);Thu Sep 05 2019 17:29:12 GMT+0200 (CEST);1567704552000
1380556832687962;23;30.6;Thu Sep 05 2019 19:31:15 GMT+0200 (CEST);Thu Sep 05 2019 17:31:15 GMT+0200 (CEST);1567704675000
1380556832687962;23;30.1;Thu Sep 05 2019 19:33:08 GMT+0200 (CEST);Thu Sep 05 2019 17:33:08 GMT+0200 (CEST);1567704788000
1380556832687962;22;29;Thu Sep 05 2019 19:35:10 GMT+0200 (CEST);Thu Sep 05 2019 17:35:10 GMT+0200 (CEST);1567704910000
1380556832687962;22;29;Thu Sep 05 2019 19:37:02 GMT+0200 (CEST);Thu Sep 05 2019 17:37:02 GMT+0200 (CEST);1567705022000
1380556832687962;22;29;Thu Sep 05 2019 19:38:58 GMT+0200 (CEST);Thu Sep 05 2019 17:38:58 GMT+0200 (CEST);1567705138000
1380556832687962;22;27.3;Thu Sep 05 2019 19:40:50 GMT+0200 (CEST);Thu Sep 05 2019 17:40:50 GMT+0200 (CEST);1567705250000
1380556832687962;22;26.8;Thu Sep 05 2019 19:42:44 GMT+0200 (CEST);Thu Sep 05 2019 17:42:44 GMT+0200 (CEST);1567705364000
1380556832687962;22;27.2;Thu Sep 05 2019 19:44:37 GMT+0200 (CEST);Thu Sep 05 2019 17:44:37 GMT+0200 (CEST);1567705477000
1380556832687962;22;27.8;Thu Sep 05 2019 19:46:31 GMT+0200 (CEST);Thu Sep 05 2019 17:46:31 GMT+0200 (CEST);1567705591000
1380556832687962;21.5;31.2;Thu Sep 05 2019 19:48:27 GMT+0200 (CEST);Thu Sep 05 2019 17:48:27 GMT+0200 (CEST);1567705707000
1380556832687962;21.5;32.3;Thu Sep 05 2019 19:50:20 GMT+0200 (CEST);Thu Sep 05 2019 17:50:20 GMT+0200 (CEST);1567705820000
1380556832687962;21.5;32.3;Thu Sep 05 2019 19:52:20 GMT+0200 (CEST);Thu Sep 05 2019 17:52:20 GMT+0200 (CEST);1567705940000
1380556832687962;21.5;32.1;Thu Sep 05 2019 19:54:14 GMT+0200 (CEST);Thu Sep 05 2019 17:54:14 GMT+0200 (CEST);1567706054000
1380556832687962;21.5;32.1;Thu Sep 05 2019 19:56:06 GMT+0200 (CEST);Thu Sep 05 2019 17:56:06 GMT+0200 (CEST);1567706166000
1380556832687962;21.5;26.1;Thu Sep 05 2019 19:58:00 GMT+0200 (CEST);Thu Sep 05 2019 17:58:00 GMT+0200 (CEST);1567706280000
1380556832687962;21.5;24.6;Thu Sep 05 2019 19:59:55 GMT+0200 (CEST);Thu Sep 05 2019 17:59:55 GMT+0200 (CEST);1567706395000
1380556832687962;21.5;24.6;Thu Sep 05 2019 20:01:54 GMT+0200 (CEST);Thu Sep 05 2019 18:01:54 GMT+0200 (CEST);1567706514000
1380556832687962;21.5;24.6;Thu Sep 05 2019 20:03:48 GMT+0200 (CEST);Thu Sep 05 2019 18:03:48 GMT+0200 (CEST);1567706628000
1380556832687962;-273.2;24.5;Fri Sep 06 2019 06:43:02 GMT+0200 (CEST);Fri Sep 06 2019 04:43:02 GMT+0200 (CEST);1567744982000
1380556832687962;-273.2;24.5;Fri Sep 06 2019 06:45:06 GMT+0200 (CEST);Fri Sep 06 2019 04:45:06 GMT+0200 (CEST);1567745106000
1380556832687962;-273.2;24.5;Fri Sep 06 2019 06:47:03 GMT+0200 (CEST);Fri Sep 06 2019 04:47:03 GMT+0200 (CEST);1567745223000
1380556832687962;-273.2;29;Fri Sep 06 2019 06:56:39 GMT+0200 (CEST);Fri Sep 06 2019 04:56:39 GMT+0200 (CEST);1567745799000
1380556832687962;9.9;29.9;Fri Sep 06 2019 06:58:32 GMT+0200 (CEST);Fri Sep 06 2019 04:58:32 GMT+0200 (CEST);1567745912000
1380556832687962;11.9;33;Fri Sep 06 2019 07:00:25 GMT+0200 (CEST);Fri Sep 06 2019 05:00:25 GMT+0200 (CEST);1567746025000
1380556832687962;13.4;34.3;Fri Sep 06 2019 07:02:19 GMT+0200 (CEST);Fri Sep 06 2019 05:02:19 GMT+0200 (CEST);1567746139000
1380556832687962;13.9;35.9;Fri Sep 06 2019 07:04:12 GMT+0200 (CEST);Fri Sep 06 2019 05:04:12 GMT+0200 (CEST);1567746252000
1380556832687962;15.4;33;Fri Sep 06 2019 07:06:16 GMT+0200 (CEST);Fri Sep 06 2019 05:06:16 GMT+0200 (CEST);1567746376000
1380556832687962;15.4;34.3;Fri Sep 06 2019 07:08:20 GMT+0200 (CEST);Fri Sep 06 2019 05:08:20 GMT+0200 (CEST);1567746500000
1380556832687962;15.4;36.1;Fri Sep 06 2019 07:10:13 GMT+0200 (CEST);Fri Sep 06 2019 05:10:13 GMT+0200 (CEST);1567746613000
1380556832687962;15.9;37.4;Fri Sep 06 2019 07:12:06 GMT+0200 (CEST);Fri Sep 06 2019 05:12:06 GMT+0200 (CEST);1567746726000
1380556832687962;17.4;38;Fri Sep 06 2019 07:13:59 GMT+0200 (CEST);Fri Sep 06 2019 05:13:59 GMT+0200 (CEST);1567746839000
1380556832687962;17.4;37.6;Fri Sep 06 2019 07:15:56 GMT+0200 (CEST);Fri Sep 06 2019 05:15:56 GMT+0200 (CEST);1567746956000
1380556832687962;17.4;38.3;Fri Sep 06 2019 07:17:49 GMT+0200 (CEST);Fri Sep 06 2019 05:17:49 GMT+0200 (CEST);1567747069000
1380556832687962;17.4;38.1;Fri Sep 06 2019 07:19:48 GMT+0200 (CEST);Fri Sep 06 2019 05:19:48 GMT+0200 (CEST);1567747188000
1380556832687962;17.4;32.9;Fri Sep 06 2019 07:21:49 GMT+0200 (CEST);Fri Sep 06 2019 05:21:49 GMT+0200 (CEST);1567747309000
1380556832687962;15.9;32.9;Fri Sep 06 2019 07:23:43 GMT+0200 (CEST);Fri Sep 06 2019 05:23:43 GMT+0200 (CEST);1567747423000
1380556832687962;15.9;32.9;Fri Sep 06 2019 07:25:37 GMT+0200 (CEST);Fri Sep 06 2019 05:25:37 GMT+0200 (CEST);1567747537000
1380556832687962;15.4;33.5;Fri Sep 06 2019 07:27:34 GMT+0200 (CEST);Fri Sep 06 2019 05:27:34 GMT+0200 (CEST);1567747654000
1380556832687962;15.4;33.9;Fri Sep 06 2019 07:29:37 GMT+0200 (CEST);Fri Sep 06 2019 05:29:37 GMT+0200 (CEST);1567747777000
1380556832687962;15.4;33.7;Fri Sep 06 2019 07:31:30 GMT+0200 (CEST);Fri Sep 06 2019 05:31:30 GMT+0200 (CEST);1567747890000
1380556832687962;15.9;33.7;Fri Sep 06 2019 07:33:22 GMT+0200 (CEST);Fri Sep 06 2019 05:33:22 GMT+0200 (CEST);1567748002000
1380556832687962;15.9;33.8;Fri Sep 06 2019 07:35:15 GMT+0200 (CEST);Fri Sep 06 2019 05:35:15 GMT+0200 (CEST);1567748115000
1380556832687962;15.9;34;Fri Sep 06 2019 07:37:08 GMT+0200 (CEST);Fri Sep 06 2019 05:37:08 GMT+0200 (CEST);1567748228000
1380556832687962;15.9;34.6;Fri Sep 06 2019 07:39:00 GMT+0200 (CEST);Fri Sep 06 2019 05:39:00 GMT+0200 (CEST);1567748340000
1380556832687962;15.9;34.6;Fri Sep 06 2019 07:40:53 GMT+0200 (CEST);Fri Sep 06 2019 05:40:53 GMT+0200 (CEST);1567748453000
1380556832687962;17.4;34.6;Fri Sep 06 2019 07:42:46 GMT+0200 (CEST);Fri Sep 06 2019 05:42:46 GMT+0200 (CEST);1567748566000
1380556832687962;17.4;34.8;Fri Sep 06 2019 07:44:38 GMT+0200 (CEST);Fri Sep 06 2019 05:44:38 GMT+0200 (CEST);1567748678000
1380556832687962;17.4;35;Fri Sep 06 2019 07:46:31 GMT+0200 (CEST);Fri Sep 06 2019 05:46:31 GMT+0200 (CEST);1567748791000
1380556832687962;17.4;35.5;Fri Sep 06 2019 07:48:23 GMT+0200 (CEST);Fri Sep 06 2019 05:48:23 GMT+0200 (CEST);1567748903000
1380556832687962;17.4;35.4;Fri Sep 06 2019 07:50:17 GMT+0200 (CEST);Fri Sep 06 2019 05:50:17 GMT+0200 (CEST);1567749017000
1380556832687962;17.9;35.4;Fri Sep 06 2019 07:52:13 GMT+0200 (CEST);Fri Sep 06 2019 05:52:13 GMT+0200 (CEST);1567749133000
1380556832687962;17.9;38.2;Fri Sep 06 2019 07:54:06 GMT+0200 (CEST);Fri Sep 06 2019 05:54:06 GMT+0200 (CEST);1567749246000
1380556832687962;17.9;39.4;Fri Sep 06 2019 07:55:58 GMT+0200 (CEST);Fri Sep 06 2019 05:55:58 GMT+0200 (CEST);1567749358000
1380556832687962;19.4;37.9;Fri Sep 06 2019 07:57:52 GMT+0200 (CEST);Fri Sep 06 2019 05:57:52 GMT+0200 (CEST);1567749472000
1380556832687962;19.4;39.5;Fri Sep 06 2019 07:59:47 GMT+0200 (CEST);Fri Sep 06 2019 05:59:47 GMT+0200 (CEST);1567749587000
1380556832687962;19.4;39.1;Fri Sep 06 2019 08:01:44 GMT+0200 (CEST);Fri Sep 06 2019 06:01:44 GMT+0200 (CEST);1567749704000
1380556832687962;21.5;39.9;Fri Sep 06 2019 08:03:41 GMT+0200 (CEST);Fri Sep 06 2019 06:03:41 GMT+0200 (CEST);1567749821000
1380556832687962;21.5;38.7;Fri Sep 06 2019 08:05:34 GMT+0200 (CEST);Fri Sep 06 2019 06:05:34 GMT+0200 (CEST);1567749934000
1380556832687962;22;39.9;Fri Sep 06 2019 08:07:36 GMT+0200 (CEST);Fri Sep 06 2019 06:07:36 GMT+0200 (CEST);1567750056000
1380556832687962;22;40.1;Fri Sep 06 2019 08:09:28 GMT+0200 (CEST);Fri Sep 06 2019 06:09:28 GMT+0200 (CEST);1567750168000
1380556832687962;22;39.7;Fri Sep 06 2019 08:11:21 GMT+0200 (CEST);Fri Sep 06 2019 06:11:21 GMT+0200 (CEST);1567750281000
1380556832687962;22;40;Fri Sep 06 2019 08:13:14 GMT+0200 (CEST);Fri Sep 06 2019 06:13:14 GMT+0200 (CEST);1567750394000
1380556832687962;22;40.1;Fri Sep 06 2019 08:15:11 GMT+0200 (CEST);Fri Sep 06 2019 06:15:11 GMT+0200 (CEST);1567750511000
1380556832687962;23;40.4;Fri Sep 06 2019 08:17:04 GMT+0200 (CEST);Fri Sep 06 2019 06:17:04 GMT+0200 (CEST);1567750624000
1380556832687962;23;39.8;Fri Sep 06 2019 08:19:06 GMT+0200 (CEST);Fri Sep 06 2019 06:19:06 GMT+0200 (CEST);1567750746000
1380556832687962;23;38.9;Fri Sep 06 2019 08:21:02 GMT+0200 (CEST);Fri Sep 06 2019 06:21:02 GMT+0200 (CEST);1567750862000
1380556832687962;23;39.5;Fri Sep 06 2019 08:22:54 GMT+0200 (CEST);Fri Sep 06 2019 06:22:54 GMT+0200 (CEST);1567750974000
1380556832687962;23;36.6;Fri Sep 06 2019 08:24:47 GMT+0200 (CEST);Fri Sep 06 2019 06:24:47 GMT+0200 (CEST);1567751087000
1380556832687962;23;36.5;Fri Sep 06 2019 08:26:42 GMT+0200 (CEST);Fri Sep 06 2019 06:26:42 GMT+0200 (CEST);1567751202000
1380556832687962;23;36.5;Fri Sep 06 2019 08:28:35 GMT+0200 (CEST);Fri Sep 06 2019 06:28:35 GMT+0200 (CEST);1567751315000
1380556832687962;23;36.4;Fri Sep 06 2019 08:30:27 GMT+0200 (CEST);Fri Sep 06 2019 06:30:27 GMT+0200 (CEST);1567751427000
1380556832687962;23;36.2;Fri Sep 06 2019 08:32:21 GMT+0200 (CEST);Fri Sep 06 2019 06:32:21 GMT+0200 (CEST);1567751541000
1380556832687962;23;35.9;Fri Sep 06 2019 08:34:13 GMT+0200 (CEST);Fri Sep 06 2019 06:34:13 GMT+0200 (CEST);1567751653000
1380556832687962;23;36;Fri Sep 06 2019 08:36:06 GMT+0200 (CEST);Fri Sep 06 2019 06:36:06 GMT+0200 (CEST);1567751766000
1380556832687962;23;35.7;Fri Sep 06 2019 08:37:59 GMT+0200 (CEST);Fri Sep 06 2019 06:37:59 GMT+0200 (CEST);1567751879000
1380556832687962;23;36;Fri Sep 06 2019 08:40:03 GMT+0200 (CEST);Fri Sep 06 2019 06:40:03 GMT+0200 (CEST);1567752003000
1380556832687962;24;36.1;Fri Sep 06 2019 08:41:58 GMT+0200 (CEST);Fri Sep 06 2019 06:41:58 GMT+0200 (CEST);1567752118000
1380556832687962;24;36.1;Fri Sep 06 2019 08:43:51 GMT+0200 (CEST);Fri Sep 06 2019 06:43:51 GMT+0200 (CEST);1567752231000
1380556832687962;24;35.9;Fri Sep 06 2019 08:45:43 GMT+0200 (CEST);Fri Sep 06 2019 06:45:43 GMT+0200 (CEST);1567752343000
1380556832687962;24;35.4;Fri Sep 06 2019 08:47:38 GMT+0200 (CEST);Fri Sep 06 2019 06:47:38 GMT+0200 (CEST);1567752458000
1380556832687962;24;35.7;Fri Sep 06 2019 08:49:31 GMT+0200 (CEST);Fri Sep 06 2019 06:49:31 GMT+0200 (CEST);1567752571000
1380556832687962;25.5;35.7;Fri Sep 06 2019 08:51:24 GMT+0200 (CEST);Fri Sep 06 2019 06:51:24 GMT+0200 (CEST);1567752684000
1380556832687962;25.5;35.7;Fri Sep 06 2019 08:53:16 GMT+0200 (CEST);Fri Sep 06 2019 06:53:16 GMT+0200 (CEST);1567752796000
1380556832687962;25.5;34.4;Fri Sep 06 2019 08:55:19 GMT+0200 (CEST);Fri Sep 06 2019 06:55:19 GMT+0200 (CEST);1567752919000
1380556832687962;25.5;34.3;Fri Sep 06 2019 08:57:12 GMT+0200 (CEST);Fri Sep 06 2019 06:57:12 GMT+0200 (CEST);1567753032000
1380556832687962;25.5;35.1;Fri Sep 06 2019 08:59:06 GMT+0200 (CEST);Fri Sep 06 2019 06:59:06 GMT+0200 (CEST);1567753146000
1380556832687962;27.5;35;Fri Sep 06 2019 09:00:59 GMT+0200 (CEST);Fri Sep 06 2019 07:00:59 GMT+0200 (CEST);1567753259000
1380556832687962;27.5;34.9;Fri Sep 06 2019 09:02:56 GMT+0200 (CEST);Fri Sep 06 2019 07:02:56 GMT+0200 (CEST);1567753376000
1380556832687962;27.5;35.1;Fri Sep 06 2019 09:04:49 GMT+0200 (CEST);Fri Sep 06 2019 07:04:49 GMT+0200 (CEST);1567753489000
1380556832687962;27.5;35.2;Fri Sep 06 2019 09:06:41 GMT+0200 (CEST);Fri Sep 06 2019 07:06:41 GMT+0200 (CEST);1567753601000
1380556832687962;27.5;35.3;Fri Sep 06 2019 09:08:43 GMT+0200 (CEST);Fri Sep 06 2019 07:08:43 GMT+0200 (CEST);1567753723000
1380556832687962;27.5;35.2;Fri Sep 06 2019 09:10:36 GMT+0200 (CEST);Fri Sep 06 2019 07:10:36 GMT+0200 (CEST);1567753836000
1380556832687962;27.5;35.4;Fri Sep 06 2019 09:12:31 GMT+0200 (CEST);Fri Sep 06 2019 07:12:31 GMT+0200 (CEST);1567753951000
1380556832687962;27.5;35;Fri Sep 06 2019 09:14:23 GMT+0200 (CEST);Fri Sep 06 2019 07:14:23 GMT+0200 (CEST);1567754063000
1380556832687962;27.5;34.8;Fri Sep 06 2019 09:16:16 GMT+0200 (CEST);Fri Sep 06 2019 07:16:16 GMT+0200 (CEST);1567754176000
1380556832687962;27.5;34.6;Fri Sep 06 2019 09:18:10 GMT+0200 (CEST);Fri Sep 06 2019 07:18:10 GMT+0200 (CEST);1567754290000
1380556832687962;27.5;34.6;Fri Sep 06 2019 09:20:10 GMT+0200 (CEST);Fri Sep 06 2019 07:20:10 GMT+0200 (CEST);1567754410000
1380556832687962;27.5;34.6;Fri Sep 06 2019 09:22:04 GMT+0200 (CEST);Fri Sep 06 2019 07:22:04 GMT+0200 (CEST);1567754524000
1380556832687962;27.5;34.5;Fri Sep 06 2019 09:23:57 GMT+0200 (CEST);Fri Sep 06 2019 07:23:57 GMT+0200 (CEST);1567754637000
1380556832687962;27.5;34;Fri Sep 06 2019 09:25:51 GMT+0200 (CEST);Fri Sep 06 2019 07:25:51 GMT+0200 (CEST);1567754751000
1380556832687962;27.5;34;Fri Sep 06 2019 09:27:44 GMT+0200 (CEST);Fri Sep 06 2019 07:27:44 GMT+0200 (CEST);1567754864000
1380556832687962;26;34;Fri Sep 06 2019 09:29:39 GMT+0200 (CEST);Fri Sep 06 2019 07:29:39 GMT+0200 (CEST);1567754979000
1380556832687962;26;34;Fri Sep 06 2019 09:31:32 GMT+0200 (CEST);Fri Sep 06 2019 07:31:32 GMT+0200 (CEST);1567755092000
1380556832687962;26;34.2;Fri Sep 06 2019 09:33:26 GMT+0200 (CEST);Fri Sep 06 2019 07:33:26 GMT+0200 (CEST);1567755206000
1380556832687962;26;34.2;Fri Sep 06 2019 09:35:22 GMT+0200 (CEST);Fri Sep 06 2019 07:35:22 GMT+0200 (CEST);1567755322000
1380556832687962;26;34.2;Fri Sep 06 2019 09:37:16 GMT+0200 (CEST);Fri Sep 06 2019 07:37:16 GMT+0200 (CEST);1567755436000
1380556832687962;25.5;34.2;Fri Sep 06 2019 09:39:09 GMT+0200 (CEST);Fri Sep 06 2019 07:39:09 GMT+0200 (CEST);1567755549000
1380556832687962;25.5;34.3;Fri Sep 06 2019 09:41:10 GMT+0200 (CEST);Fri Sep 06 2019 07:41:10 GMT+0200 (CEST);1567755670000
1380556832687962;25.5;34.3;Fri Sep 06 2019 09:43:03 GMT+0200 (CEST);Fri Sep 06 2019 07:43:03 GMT+0200 (CEST);1567755783000
1380556832687962;25.5;34.4;Fri Sep 06 2019 09:44:57 GMT+0200 (CEST);Fri Sep 06 2019 07:44:57 GMT+0200 (CEST);1567755897000
1380556832687962;25.5;34.4;Fri Sep 06 2019 09:46:53 GMT+0200 (CEST);Fri Sep 06 2019 07:46:53 GMT+0200 (CEST);1567756013000
1380556832687962;23;34.4;Fri Sep 06 2019 09:48:45 GMT+0200 (CEST);Fri Sep 06 2019 07:48:45 GMT+0200 (CEST);1567756125000
1380556832687962;23;34.6;Fri Sep 06 2019 09:51:00 GMT+0200 (CEST);Fri Sep 06 2019 07:51:00 GMT+0200 (CEST);1567756260000
1380556832687962;23;34.6;Fri Sep 06 2019 09:52:53 GMT+0200 (CEST);Fri Sep 06 2019 07:52:53 GMT+0200 (CEST);1567756373000
1380556832687962;23;34.5;Fri Sep 06 2019 09:54:49 GMT+0200 (CEST);Fri Sep 06 2019 07:54:49 GMT+0200 (CEST);1567756489000
1380556832687962;23;34.6;Fri Sep 06 2019 09:56:46 GMT+0200 (CEST);Fri Sep 06 2019 07:56:46 GMT+0200 (CEST);1567756606000
1380556832687962;23;34.5;Fri Sep 06 2019 09:58:39 GMT+0200 (CEST);Fri Sep 06 2019 07:58:39 GMT+0200 (CEST);1567756719000
1380556832687962;23;34.5;Fri Sep 06 2019 10:00:31 GMT+0200 (CEST);Fri Sep 06 2019 08:00:31 GMT+0200 (CEST);1567756831000
1380556832687962;23;34.4;Fri Sep 06 2019 10:02:24 GMT+0200 (CEST);Fri Sep 06 2019 08:02:24 GMT+0200 (CEST);1567756944000
1380556832687962;23;34.5;Fri Sep 06 2019 10:04:22 GMT+0200 (CEST);Fri Sep 06 2019 08:04:22 GMT+0200 (CEST);1567757062000
1380556832687962;23;34.5;Fri Sep 06 2019 10:06:14 GMT+0200 (CEST);Fri Sep 06 2019 08:06:14 GMT+0200 (CEST);1567757174000
1380556832687962;23;34.5;Fri Sep 06 2019 10:08:07 GMT+0200 (CEST);Fri Sep 06 2019 08:08:07 GMT+0200 (CEST);1567757287000
1380556832687962;23;34.5;Fri Sep 06 2019 10:10:07 GMT+0200 (CEST);Fri Sep 06 2019 08:10:07 GMT+0200 (CEST);1567757407000
1380556832687962;23;34.5;Fri Sep 06 2019 10:12:03 GMT+0200 (CEST);Fri Sep 06 2019 08:12:03 GMT+0200 (CEST);1567757523000
1380556832687962;23;34.4;Fri Sep 06 2019 10:13:57 GMT+0200 (CEST);Fri Sep 06 2019 08:13:57 GMT+0200 (CEST);1567757637000
1380556832687962;23;34.5;Fri Sep 06 2019 10:15:49 GMT+0200 (CEST);Fri Sep 06 2019 08:15:49 GMT+0200 (CEST);1567757749000
1380556832687962;25.5;34.6;Fri Sep 06 2019 10:17:44 GMT+0200 (CEST);Fri Sep 06 2019 08:17:44 GMT+0200 (CEST);1567757864000
1380556832687962;25.5;34.6;Fri Sep 06 2019 10:19:41 GMT+0200 (CEST);Fri Sep 06 2019 08:19:41 GMT+0200 (CEST);1567757981000
1380556832687962;25.5;34.6;Fri Sep 06 2019 10:21:34 GMT+0200 (CEST);Fri Sep 06 2019 08:21:34 GMT+0200 (CEST);1567758094000
1380556832687962;25.5;34.6;Fri Sep 06 2019 10:23:28 GMT+0200 (CEST);Fri Sep 06 2019 08:23:28 GMT+0200 (CEST);1567758208000
1380556832687962;25.5;34.8;Fri Sep 06 2019 10:25:24 GMT+0200 (CEST);Fri Sep 06 2019 08:25:24 GMT+0200 (CEST);1567758324000
1380556832687962;25.5;34.7;Fri Sep 06 2019 10:27:16 GMT+0200 (CEST);Fri Sep 06 2019 08:27:16 GMT+0200 (CEST);1567758436000
1380556832687962;25.5;34.6;Fri Sep 06 2019 10:29:09 GMT+0200 (CEST);Fri Sep 06 2019 08:29:09 GMT+0200 (CEST);1567758549000
1380556832687962;25.5;34.6;Fri Sep 06 2019 10:31:07 GMT+0200 (CEST);Fri Sep 06 2019 08:31:07 GMT+0200 (CEST);1567758667000
1380556832687962;25.5;34.6;Fri Sep 06 2019 10:33:08 GMT+0200 (CEST);Fri Sep 06 2019 08:33:08 GMT+0200 (CEST);1567758788000
1380556832687962;25.5;34.6;Fri Sep 06 2019 10:35:03 GMT+0200 (CEST);Fri Sep 06 2019 08:35:03 GMT+0200 (CEST);1567758903000
1380556832687962;25.5;34.6;Fri Sep 06 2019 10:37:06 GMT+0200 (CEST);Fri Sep 06 2019 08:37:06 GMT+0200 (CEST);1567759026000
1380556832687962;25.5;34.6;Fri Sep 06 2019 10:38:58 GMT+0200 (CEST);Fri Sep 06 2019 08:38:58 GMT+0200 (CEST);1567759138000
1380556832687962;25.5;34.6;Fri Sep 06 2019 10:40:51 GMT+0200 (CEST);Fri Sep 06 2019 08:40:51 GMT+0200 (CEST);1567759251000
1380556832687962;25.5;34.6;Fri Sep 06 2019 10:42:44 GMT+0200 (CEST);Fri Sep 06 2019 08:42:44 GMT+0200 (CEST);1567759364000
1380556832687962;25.5;34.7;Fri Sep 06 2019 10:44:36 GMT+0200 (CEST);Fri Sep 06 2019 08:44:36 GMT+0200 (CEST);1567759476000
1380556832687962;25.5;34.8;Fri Sep 06 2019 10:46:30 GMT+0200 (CEST);Fri Sep 06 2019 08:46:30 GMT+0200 (CEST);1567759590000
1380556832687962;25.5;35.1;Fri Sep 06 2019 10:48:24 GMT+0200 (CEST);Fri Sep 06 2019 08:48:24 GMT+0200 (CEST);1567759704000
1380556832687962;25.5;34.6;Fri Sep 06 2019 10:50:17 GMT+0200 (CEST);Fri Sep 06 2019 08:50:17 GMT+0200 (CEST);1567759817000
1380556832687962;25.5;34.6;Fri Sep 06 2019 10:52:11 GMT+0200 (CEST);Fri Sep 06 2019 08:52:11 GMT+0200 (CEST);1567759931000
1380556832687962;25.5;34.4;Fri Sep 06 2019 10:54:05 GMT+0200 (CEST);Fri Sep 06 2019 08:54:05 GMT+0200 (CEST);1567760045000
1380556832687962;25.5;33.7;Fri Sep 06 2019 10:55:57 GMT+0200 (CEST);Fri Sep 06 2019 08:55:57 GMT+0200 (CEST);1567760157000
1380556832687962;25.5;33.7;Fri Sep 06 2019 10:57:56 GMT+0200 (CEST);Fri Sep 06 2019 08:57:56 GMT+0200 (CEST);1567760276000
1380556832687962;25.5;32.9;Fri Sep 06 2019 10:59:50 GMT+0200 (CEST);Fri Sep 06 2019 08:59:50 GMT+0200 (CEST);1567760390000
1380556832687962;34;32.9;Fri Sep 06 2019 11:01:44 GMT+0200 (CEST);Fri Sep 06 2019 09:01:44 GMT+0200 (CEST);1567760504000
1380556832687962;34;33;Fri Sep 06 2019 11:03:37 GMT+0200 (CEST);Fri Sep 06 2019 09:03:37 GMT+0200 (CEST);1567760617000
1380556832687962;34;33;Fri Sep 06 2019 11:05:31 GMT+0200 (CEST);Fri Sep 06 2019 09:05:31 GMT+0200 (CEST);1567760731000
1380556832687962;36.1;32.8;Fri Sep 06 2019 11:07:29 GMT+0200 (CEST);Fri Sep 06 2019 09:07:29 GMT+0200 (CEST);1567760849000
1380556832687962;36.1;32.7;Fri Sep 06 2019 11:09:27 GMT+0200 (CEST);Fri Sep 06 2019 09:09:27 GMT+0200 (CEST);1567760967000
1380556832687962;38.1;32.7;Fri Sep 06 2019 11:11:20 GMT+0200 (CEST);Fri Sep 06 2019 09:11:20 GMT+0200 (CEST);1567761080000
1380556832687962;38.1;32.3;Fri Sep 06 2019 11:13:13 GMT+0200 (CEST);Fri Sep 06 2019 09:13:13 GMT+0200 (CEST);1567761193000
1380556832687962;38.1;32.3;Fri Sep 06 2019 11:15:06 GMT+0200 (CEST);Fri Sep 06 2019 09:15:06 GMT+0200 (CEST);1567761306000
1380556832687962;39.1;32.2;Fri Sep 06 2019 11:16:58 GMT+0200 (CEST);Fri Sep 06 2019 09:16:58 GMT+0200 (CEST);1567761418000
1380556832687962;39.1;32.3;Fri Sep 06 2019 11:18:51 GMT+0200 (CEST);Fri Sep 06 2019 09:18:51 GMT+0200 (CEST);1567761531000
1380556832687962;39.1;32.3;Fri Sep 06 2019 11:20:45 GMT+0200 (CEST);Fri Sep 06 2019 09:20:45 GMT+0200 (CEST);1567761645000
1380556832687962;41.6;32.1;Fri Sep 06 2019 11:23:31 GMT+0200 (CEST);Fri Sep 06 2019 09:23:31 GMT+0200 (CEST);1567761811000
1380556832687962;41.6;32.1;Fri Sep 06 2019 11:25:26 GMT+0200 (CEST);Fri Sep 06 2019 09:25:26 GMT+0200 (CEST);1567761926000
1380556832687962;42.1;32.1;Fri Sep 06 2019 11:27:20 GMT+0200 (CEST);Fri Sep 06 2019 09:27:20 GMT+0200 (CEST);1567762040000
1380556832687962;42.1;32.1;Fri Sep 06 2019 11:29:17 GMT+0200 (CEST);Fri Sep 06 2019 09:29:17 GMT+0200 (CEST);1567762157000
1380556832687962;43.6;32.2;Fri Sep 06 2019 11:31:09 GMT+0200 (CEST);Fri Sep 06 2019 09:31:09 GMT+0200 (CEST);1567762269000
1380556832687962;43.6;32.2;Fri Sep 06 2019 11:33:02 GMT+0200 (CEST);Fri Sep 06 2019 09:33:02 GMT+0200 (CEST);1567762382000
1380556832687962;43.6;32.3;Fri Sep 06 2019 11:34:56 GMT+0200 (CEST);Fri Sep 06 2019 09:34:56 GMT+0200 (CEST);1567762496000
1380556832687962;43.6;32.3;Fri Sep 06 2019 11:37:06 GMT+0200 (CEST);Fri Sep 06 2019 09:37:06 GMT+0200 (CEST);1567762626000
1380556832687962;43.6;32.1;Fri Sep 06 2019 11:39:08 GMT+0200 (CEST);Fri Sep 06 2019 09:39:08 GMT+0200 (CEST);1567762748000
1380556832687962;43.6;32.3;Fri Sep 06 2019 11:41:09 GMT+0200 (CEST);Fri Sep 06 2019 09:41:09 GMT+0200 (CEST);1567762869000
1380556832687962;43.6;32.4;Fri Sep 06 2019 11:43:02 GMT+0200 (CEST);Fri Sep 06 2019 09:43:02 GMT+0200 (CEST);1567762982000
1380556832687962;42.6;32.4;Fri Sep 06 2019 11:44:55 GMT+0200 (CEST);Fri Sep 06 2019 09:44:55 GMT+0200 (CEST);1567763095000
1380556832687962;42.6;32.5;Fri Sep 06 2019 11:46:48 GMT+0200 (CEST);Fri Sep 06 2019 09:46:48 GMT+0200 (CEST);1567763208000
1380556832687962;42.6;32.6;Fri Sep 06 2019 11:48:49 GMT+0200 (CEST);Fri Sep 06 2019 09:48:49 GMT+0200 (CEST);1567763329000
1380556832687962;42.1;32.6;Fri Sep 06 2019 11:50:42 GMT+0200 (CEST);Fri Sep 06 2019 09:50:42 GMT+0200 (CEST);1567763442000
1380556832687962;42.1;32.5;Fri Sep 06 2019 11:52:35 GMT+0200 (CEST);Fri Sep 06 2019 09:52:35 GMT+0200 (CEST);1567763555000
1380556832687962;41.6;32.5;Fri Sep 06 2019 11:54:28 GMT+0200 (CEST);Fri Sep 06 2019 09:54:28 GMT+0200 (CEST);1567763668000
1380556832687962;41.6;32.4;Fri Sep 06 2019 11:56:22 GMT+0200 (CEST);Fri Sep 06 2019 09:56:22 GMT+0200 (CEST);1567763782000
1380556832687962;41.6;32.4;Fri Sep 06 2019 11:58:24 GMT+0200 (CEST);Fri Sep 06 2019 09:58:24 GMT+0200 (CEST);1567763904000
1380556832687962;41.6;32.3;Fri Sep 06 2019 12:00:18 GMT+0200 (CEST);Fri Sep 06 2019 10:00:18 GMT+0200 (CEST);1567764018000
1380556832687962;41.6;32.4;Fri Sep 06 2019 12:02:10 GMT+0200 (CEST);Fri Sep 06 2019 10:02:10 GMT+0200 (CEST);1567764130000
1380556832687962;41.6;32.5;Fri Sep 06 2019 12:04:05 GMT+0200 (CEST);Fri Sep 06 2019 10:04:05 GMT+0200 (CEST);1567764245000
1380556832687962;41.6;32.5;Fri Sep 06 2019 12:06:03 GMT+0200 (CEST);Fri Sep 06 2019 10:06:03 GMT+0200 (CEST);1567764363000
1380556832687962;41.6;32.8;Fri Sep 06 2019 12:07:56 GMT+0200 (CEST);Fri Sep 06 2019 10:07:56 GMT+0200 (CEST);1567764476000
1380556832687962;41.6;32.7;Fri Sep 06 2019 12:09:49 GMT+0200 (CEST);Fri Sep 06 2019 10:09:49 GMT+0200 (CEST);1567764589000
1380556832687962;41.6;32.6;Fri Sep 06 2019 12:11:41 GMT+0200 (CEST);Fri Sep 06 2019 10:11:41 GMT+0200 (CEST);1567764701000
1380556832687962;41.6;32.7;Fri Sep 06 2019 12:13:34 GMT+0200 (CEST);Fri Sep 06 2019 10:13:34 GMT+0200 (CEST);1567764814000
1380556832687962;41.6;32.5;Fri Sep 06 2019 12:15:26 GMT+0200 (CEST);Fri Sep 06 2019 10:15:26 GMT+0200 (CEST);1567764926000
1380556832687962;41.6;32.5;Fri Sep 06 2019 12:17:21 GMT+0200 (CEST);Fri Sep 06 2019 10:17:21 GMT+0200 (CEST);1567765041000
1380556832687962;39.1;32.6;Fri Sep 06 2019 12:19:15 GMT+0200 (CEST);Fri Sep 06 2019 10:19:15 GMT+0200 (CEST);1567765155000
1380556832687962;39.1;32.7;Fri Sep 06 2019 12:21:08 GMT+0200 (CEST);Fri Sep 06 2019 10:21:08 GMT+0200 (CEST);1567765268000
1380556832687962;39.1;32.5;Fri Sep 06 2019 12:23:00 GMT+0200 (CEST);Fri Sep 06 2019 10:23:00 GMT+0200 (CEST);1567765380000
1380556832687962;39.1;32.5;Fri Sep 06 2019 12:24:55 GMT+0200 (CEST);Fri Sep 06 2019 10:24:55 GMT+0200 (CEST);1567765495000
1380556832687962;39.1;32.5;Fri Sep 06 2019 12:26:49 GMT+0200 (CEST);Fri Sep 06 2019 10:26:49 GMT+0200 (CEST);1567765609000
1380556832687962;39.1;32.4;Fri Sep 06 2019 12:28:44 GMT+0200 (CEST);Fri Sep 06 2019 10:28:44 GMT+0200 (CEST);1567765724000
1380556832687962;39.1;32.4;Fri Sep 06 2019 12:30:37 GMT+0200 (CEST);Fri Sep 06 2019 10:30:37 GMT+0200 (CEST);1567765837000
1380556832687962;39.1;32.3;Fri Sep 06 2019 12:32:30 GMT+0200 (CEST);Fri Sep 06 2019 10:32:30 GMT+0200 (CEST);1567765950000
1380556832687962;39.1;32.5;Fri Sep 06 2019 12:34:44 GMT+0200 (CEST);Fri Sep 06 2019 10:34:44 GMT+0200 (CEST);1567766084000
1380556832687962;41.6;32.5;Fri Sep 06 2019 12:36:37 GMT+0200 (CEST);Fri Sep 06 2019 10:36:37 GMT+0200 (CEST);1567766197000
1380556832687962;41.6;32.5;Fri Sep 06 2019 12:38:29 GMT+0200 (CEST);Fri Sep 06 2019 10:38:29 GMT+0200 (CEST);1567766309000
1380556832687962;41.6;32.5;Fri Sep 06 2019 12:40:28 GMT+0200 (CEST);Fri Sep 06 2019 10:40:28 GMT+0200 (CEST);1567766428000
1380556832687962;41.6;32.6;Fri Sep 06 2019 12:42:22 GMT+0200 (CEST);Fri Sep 06 2019 10:42:22 GMT+0200 (CEST);1567766542000
1380556832687962;41.6;32.6;Fri Sep 06 2019 12:44:14 GMT+0200 (CEST);Fri Sep 06 2019 10:44:14 GMT+0200 (CEST);1567766654000
1380556832687962;41.6;32.4;Fri Sep 06 2019 12:46:07 GMT+0200 (CEST);Fri Sep 06 2019 10:46:07 GMT+0200 (CEST);1567766767000
1380556832687962;41.6;32.3;Fri Sep 06 2019 12:48:14 GMT+0200 (CEST);Fri Sep 06 2019 10:48:14 GMT+0200 (CEST);1567766894000
1380556832687962;39.1;32.7;Fri Sep 06 2019 12:50:09 GMT+0200 (CEST);Fri Sep 06 2019 10:50:09 GMT+0200 (CEST);1567767009000
1380556832687962;39.1;33.2;Fri Sep 06 2019 12:52:01 GMT+0200 (CEST);Fri Sep 06 2019 10:52:01 GMT+0200 (CEST);1567767121000
1380556832687962;39.1;33;Fri Sep 06 2019 12:53:56 GMT+0200 (CEST);Fri Sep 06 2019 10:53:56 GMT+0200 (CEST);1567767236000
1380556832687962;39.1;33;Fri Sep 06 2019 12:56:02 GMT+0200 (CEST);Fri Sep 06 2019 10:56:02 GMT+0200 (CEST);1567767362000
1380556832687962;39.1;32.9;Fri Sep 06 2019 12:57:54 GMT+0200 (CEST);Fri Sep 06 2019 10:57:54 GMT+0200 (CEST);1567767474000
1380556832687962;39.1;33.2;Fri Sep 06 2019 12:59:47 GMT+0200 (CEST);Fri Sep 06 2019 10:59:47 GMT+0200 (CEST);1567767587000
1380556832687962;39.1;33.3;Fri Sep 06 2019 13:01:44 GMT+0200 (CEST);Fri Sep 06 2019 11:01:44 GMT+0200 (CEST);1567767704000
1380556832687962;39.1;33.2;Fri Sep 06 2019 13:03:37 GMT+0200 (CEST);Fri Sep 06 2019 11:03:37 GMT+0200 (CEST);1567767817000
1380556832687962;37.6;33.3;Fri Sep 06 2019 13:05:30 GMT+0200 (CEST);Fri Sep 06 2019 11:05:30 GMT+0200 (CEST);1567767930000
1380556832687962;37.6;33.5;Fri Sep 06 2019 13:07:22 GMT+0200 (CEST);Fri Sep 06 2019 11:07:22 GMT+0200 (CEST);1567768042000
1380556832687962;37.6;33.7;Fri Sep 06 2019 13:09:15 GMT+0200 (CEST);Fri Sep 06 2019 11:09:15 GMT+0200 (CEST);1567768155000
1380556832687962;37.6;33.2;Fri Sep 06 2019 13:11:08 GMT+0200 (CEST);Fri Sep 06 2019 11:11:08 GMT+0200 (CEST);1567768268000
1380556832687962;37.6;33.3;Fri Sep 06 2019 13:13:01 GMT+0200 (CEST);Fri Sep 06 2019 11:13:01 GMT+0200 (CEST);1567768381000
1380556832687962;37.6;33.1;Fri Sep 06 2019 13:14:59 GMT+0200 (CEST);Fri Sep 06 2019 11:14:59 GMT+0200 (CEST);1567768499000
1380556832687962;37.6;33;Fri Sep 06 2019 13:16:53 GMT+0200 (CEST);Fri Sep 06 2019 11:16:53 GMT+0200 (CEST);1567768613000
1380556832687962;37.6;33;Fri Sep 06 2019 13:19:01 GMT+0200 (CEST);Fri Sep 06 2019 11:19:01 GMT+0200 (CEST);1567768741000
1380556832687962;37.6;33.1;Fri Sep 06 2019 13:22:36 GMT+0200 (CEST);Fri Sep 06 2019 11:22:36 GMT+0200 (CEST);1567768956000
1380556832687962;37.6;32.8;Fri Sep 06 2019 13:24:29 GMT+0200 (CEST);Fri Sep 06 2019 11:24:29 GMT+0200 (CEST);1567769069000
1380556832687962;37.6;32.9;Fri Sep 06 2019 13:26:37 GMT+0200 (CEST);Fri Sep 06 2019 11:26:37 GMT+0200 (CEST);1567769197000
1380556832687962;37.6;32.8;Fri Sep 06 2019 13:28:30 GMT+0200 (CEST);Fri Sep 06 2019 11:28:30 GMT+0200 (CEST);1567769310000
1380556832687962;37.6;32.9;Fri Sep 06 2019 13:30:40 GMT+0200 (CEST);Fri Sep 06 2019 11:30:40 GMT+0200 (CEST);1567769440000
1380556832687962;37.6;32.8;Fri Sep 06 2019 13:32:35 GMT+0200 (CEST);Fri Sep 06 2019 11:32:35 GMT+0200 (CEST);1567769555000
1380556832687962;37.6;32.8;Fri Sep 06 2019 13:34:31 GMT+0200 (CEST);Fri Sep 06 2019 11:34:31 GMT+0200 (CEST);1567769671000
1380556832687962;37.6;32.8;Fri Sep 06 2019 13:36:24 GMT+0200 (CEST);Fri Sep 06 2019 11:36:24 GMT+0200 (CEST);1567769784000
1380556832687962;37.6;32.8;Fri Sep 06 2019 13:38:21 GMT+0200 (CEST);Fri Sep 06 2019 11:38:21 GMT+0200 (CEST);1567769901000
1380556832687962;37.6;33.4;Fri Sep 06 2019 13:40:15 GMT+0200 (CEST);Fri Sep 06 2019 11:40:15 GMT+0200 (CEST);1567770015000
1380556832687962;37.6;33.5;Fri Sep 06 2019 13:42:08 GMT+0200 (CEST);Fri Sep 06 2019 11:42:08 GMT+0200 (CEST);1567770128000
1380556832687962;35.6;33.3;Fri Sep 06 2019 13:44:01 GMT+0200 (CEST);Fri Sep 06 2019 11:44:01 GMT+0200 (CEST);1567770241000
1380556832687962;35.6;33.4;Fri Sep 06 2019 13:45:54 GMT+0200 (CEST);Fri Sep 06 2019 11:45:54 GMT+0200 (CEST);1567770354000
1380556832687962;35.6;33;Fri Sep 06 2019 13:47:48 GMT+0200 (CEST);Fri Sep 06 2019 11:47:48 GMT+0200 (CEST);1567770468000
1380556832687962;36.1;32.9;Fri Sep 06 2019 13:49:51 GMT+0200 (CEST);Fri Sep 06 2019 11:49:51 GMT+0200 (CEST);1567770591000
1380556832687962;36.1;33.2;Fri Sep 06 2019 13:52:05 GMT+0200 (CEST);Fri Sep 06 2019 11:52:05 GMT+0200 (CEST);1567770725000
1380556832687962;36.1;32.7;Fri Sep 06 2019 13:53:57 GMT+0200 (CEST);Fri Sep 06 2019 11:53:57 GMT+0200 (CEST);1567770837000
1380556832687962;36.1;32.7;Fri Sep 06 2019 13:55:52 GMT+0200 (CEST);Fri Sep 06 2019 11:55:52 GMT+0200 (CEST);1567770952000
1380556832687962;38.1;32.5;Fri Sep 06 2019 13:57:54 GMT+0200 (CEST);Fri Sep 06 2019 11:57:54 GMT+0200 (CEST);1567771074000
1380556832687962;38.1;32.5;Fri Sep 06 2019 13:59:50 GMT+0200 (CEST);Fri Sep 06 2019 11:59:50 GMT+0200 (CEST);1567771190000
1380556832687962;38.1;32.1;Fri Sep 06 2019 14:01:43 GMT+0200 (CEST);Fri Sep 06 2019 12:01:43 GMT+0200 (CEST);1567771303000
1380556832687962;41.6;32.5;Fri Sep 06 2019 14:03:40 GMT+0200 (CEST);Fri Sep 06 2019 12:03:40 GMT+0200 (CEST);1567771420000
1380556832687962;41.6;31.7;Fri Sep 06 2019 14:05:44 GMT+0200 (CEST);Fri Sep 06 2019 12:05:44 GMT+0200 (CEST);1567771544000
1380556832687962;41.6;32.4;Fri Sep 06 2019 14:07:36 GMT+0200 (CEST);Fri Sep 06 2019 12:07:36 GMT+0200 (CEST);1567771656000
1380556832687962;41.6;31.8;Fri Sep 06 2019 14:09:34 GMT+0200 (CEST);Fri Sep 06 2019 12:09:34 GMT+0200 (CEST);1567771774000
1380556832687962;41.6;32.8;Fri Sep 06 2019 14:11:28 GMT+0200 (CEST);Fri Sep 06 2019 12:11:28 GMT+0200 (CEST);1567771888000
1380556832687962;41.6;32.2;Fri Sep 06 2019 14:13:22 GMT+0200 (CEST);Fri Sep 06 2019 12:13:22 GMT+0200 (CEST);1567772002000
1380556832687962;41.6;32.6;Fri Sep 06 2019 14:15:17 GMT+0200 (CEST);Fri Sep 06 2019 12:15:17 GMT+0200 (CEST);1567772117000
1380556832687962;39.1;32.8;Fri Sep 06 2019 14:17:09 GMT+0200 (CEST);Fri Sep 06 2019 12:17:09 GMT+0200 (CEST);1567772229000
1380556832687962;39.1;32.8;Fri Sep 06 2019 14:19:03 GMT+0200 (CEST);Fri Sep 06 2019 12:19:03 GMT+0200 (CEST);1567772343000
1380556832687962;39.1;32.9;Fri Sep 06 2019 14:21:36 GMT+0200 (CEST);Fri Sep 06 2019 12:21:36 GMT+0200 (CEST);1567772496000
1380556832687962;38.1;33.1;Fri Sep 06 2019 14:23:29 GMT+0200 (CEST);Fri Sep 06 2019 12:23:29 GMT+0200 (CEST);1567772609000
1380556832687962;38.1;33.1;Fri Sep 06 2019 14:25:25 GMT+0200 (CEST);Fri Sep 06 2019 12:25:25 GMT+0200 (CEST);1567772725000
1380556832687962;35.6;33.1;Fri Sep 06 2019 14:27:22 GMT+0200 (CEST);Fri Sep 06 2019 12:27:22 GMT+0200 (CEST);1567772842000
1380556832687962;35.6;32.9;Fri Sep 06 2019 14:29:15 GMT+0200 (CEST);Fri Sep 06 2019 12:29:15 GMT+0200 (CEST);1567772955000
1380556832687962;35.6;32.7;Fri Sep 06 2019 14:31:09 GMT+0200 (CEST);Fri Sep 06 2019 12:31:09 GMT+0200 (CEST);1567773069000
1380556832687962;35.6;32.7;Fri Sep 06 2019 14:33:04 GMT+0200 (CEST);Fri Sep 06 2019 12:33:04 GMT+0200 (CEST);1567773184000
1380556832687962;35.6;32.9;Fri Sep 06 2019 14:35:00 GMT+0200 (CEST);Fri Sep 06 2019 12:35:00 GMT+0200 (CEST);1567773300000
1380556832687962;31.5;32.6;Fri Sep 06 2019 14:37:03 GMT+0200 (CEST);Fri Sep 06 2019 12:37:03 GMT+0200 (CEST);1567773423000
1380556832687962;31.5;32.7;Fri Sep 06 2019 14:39:01 GMT+0200 (CEST);Fri Sep 06 2019 12:39:01 GMT+0200 (CEST);1567773541000
1380556832687962;31.5;32.7;Fri Sep 06 2019 14:40:54 GMT+0200 (CEST);Fri Sep 06 2019 12:40:54 GMT+0200 (CEST);1567773654000
1380556832687962;30;32.7;Fri Sep 06 2019 14:42:48 GMT+0200 (CEST);Fri Sep 06 2019 12:42:48 GMT+0200 (CEST);1567773768000
1380556832687962;30;32.7;Fri Sep 06 2019 14:44:41 GMT+0200 (CEST);Fri Sep 06 2019 12:44:41 GMT+0200 (CEST);1567773881000
1380556832687962;29.5;32.7;Fri Sep 06 2019 14:46:34 GMT+0200 (CEST);Fri Sep 06 2019 12:46:34 GMT+0200 (CEST);1567773994000
1380556832687962;29.5;33.1;Fri Sep 06 2019 14:48:42 GMT+0200 (CEST);Fri Sep 06 2019 12:48:42 GMT+0200 (CEST);1567774122000
1380556832687962;29.5;33.5;Fri Sep 06 2019 14:50:35 GMT+0200 (CEST);Fri Sep 06 2019 12:50:35 GMT+0200 (CEST);1567774235000
1380556832687962;29.5;33.5;Fri Sep 06 2019 14:52:35 GMT+0200 (CEST);Fri Sep 06 2019 12:52:35 GMT+0200 (CEST);1567774355000
1380556832687962;29.5;33.3;Fri Sep 06 2019 14:54:29 GMT+0200 (CEST);Fri Sep 06 2019 12:54:29 GMT+0200 (CEST);1567774469000
1380556832687962;29.5;33.1;Fri Sep 06 2019 14:56:21 GMT+0200 (CEST);Fri Sep 06 2019 12:56:21 GMT+0200 (CEST);1567774581000
1380556832687962;29.5;32.8;Fri Sep 06 2019 14:58:14 GMT+0200 (CEST);Fri Sep 06 2019 12:58:14 GMT+0200 (CEST);1567774694000
1380556832687962;29.5;32.3;Fri Sep 06 2019 15:00:17 GMT+0200 (CEST);Fri Sep 06 2019 13:00:17 GMT+0200 (CEST);1567774817000
1380556832687962;28;32.3;Fri Sep 06 2019 15:02:12 GMT+0200 (CEST);Fri Sep 06 2019 13:02:12 GMT+0200 (CEST);1567774932000
1380556832687962;28;32.3;Fri Sep 06 2019 15:04:05 GMT+0200 (CEST);Fri Sep 06 2019 13:04:05 GMT+0200 (CEST);1567775045000
1380556832687962;28;31.5;Fri Sep 06 2019 15:05:57 GMT+0200 (CEST);Fri Sep 06 2019 13:05:57 GMT+0200 (CEST);1567775157000
1380556832687962;28;31.5;Fri Sep 06 2019 15:07:52 GMT+0200 (CEST);Fri Sep 06 2019 13:07:52 GMT+0200 (CEST);1567775272000
1380556832687962;28;31.6;Fri Sep 06 2019 15:09:47 GMT+0200 (CEST);Fri Sep 06 2019 13:09:47 GMT+0200 (CEST);1567775387000
1380556832687962;28;31;Fri Sep 06 2019 15:11:39 GMT+0200 (CEST);Fri Sep 06 2019 13:11:39 GMT+0200 (CEST);1567775499000
1380556832687962;28;31.4;Fri Sep 06 2019 15:13:32 GMT+0200 (CEST);Fri Sep 06 2019 13:13:32 GMT+0200 (CEST);1567775612000
1380556832687962;28;31.3;Fri Sep 06 2019 15:15:28 GMT+0200 (CEST);Fri Sep 06 2019 13:15:28 GMT+0200 (CEST);1567775728000
1380556832687962;28;31.2;Fri Sep 06 2019 15:17:21 GMT+0200 (CEST);Fri Sep 06 2019 13:17:21 GMT+0200 (CEST);1567775841000
1380556832687962;28;31.4;Fri Sep 06 2019 15:19:18 GMT+0200 (CEST);Fri Sep 06 2019 13:19:18 GMT+0200 (CEST);1567775958000
1380556832687962;25.5;31.8;Fri Sep 06 2019 15:21:12 GMT+0200 (CEST);Fri Sep 06 2019 13:21:12 GMT+0200 (CEST);1567776072000
1380556832687962;25.5;31.5;Fri Sep 06 2019 15:23:05 GMT+0200 (CEST);Fri Sep 06 2019 13:23:05 GMT+0200 (CEST);1567776185000
1380556832687962;25;31.7;Fri Sep 06 2019 15:25:03 GMT+0200 (CEST);Fri Sep 06 2019 13:25:03 GMT+0200 (CEST);1567776303000
1380556832687962;25;31.8;Fri Sep 06 2019 15:26:55 GMT+0200 (CEST);Fri Sep 06 2019 13:26:55 GMT+0200 (CEST);1567776415000
1380556832687962;25;32.1;Fri Sep 06 2019 15:28:48 GMT+0200 (CEST);Fri Sep 06 2019 13:28:48 GMT+0200 (CEST);1567776528000
1380556832687962;25;32;Fri Sep 06 2019 15:30:34 GMT+0200 (CEST);Fri Sep 06 2019 13:30:34 GMT+0200 (CEST);1567776634000
1380556832687962;25;32.1;Fri Sep 06 2019 15:32:35 GMT+0200 (CEST);Fri Sep 06 2019 13:32:35 GMT+0200 (CEST);1567776755000
1380556832687962;25.5;32.1;Fri Sep 06 2019 15:34:28 GMT+0200 (CEST);Fri Sep 06 2019 13:34:28 GMT+0200 (CEST);1567776868000
1380556832687962;25.5;32.2;Fri Sep 06 2019 15:36:24 GMT+0200 (CEST);Fri Sep 06 2019 13:36:24 GMT+0200 (CEST);1567776984000
1380556832687962;25.5;32.4;Fri Sep 06 2019 15:38:37 GMT+0200 (CEST);Fri Sep 06 2019 13:38:37 GMT+0200 (CEST);1567777117000
1380556832687962;25.5;32.8;Fri Sep 06 2019 15:40:29 GMT+0200 (CEST);Fri Sep 06 2019 13:40:29 GMT+0200 (CEST);1567777229000
1380556832687962;25.5;33;Fri Sep 06 2019 15:42:22 GMT+0200 (CEST);Fri Sep 06 2019 13:42:22 GMT+0200 (CEST);1567777342000
1380556832687962;25.5;33;Fri Sep 06 2019 15:44:15 GMT+0200 (CEST);Fri Sep 06 2019 13:44:15 GMT+0200 (CEST);1567777455000
1380556832687962;25.5;33.2;Fri Sep 06 2019 15:46:09 GMT+0200 (CEST);Fri Sep 06 2019 13:46:09 GMT+0200 (CEST);1567777569000
1380556832687962;25.5;33;Fri Sep 06 2019 15:48:04 GMT+0200 (CEST);Fri Sep 06 2019 13:48:04 GMT+0200 (CEST);1567777684000
1380556832687962;26;33.3;Fri Sep 06 2019 15:50:01 GMT+0200 (CEST);Fri Sep 06 2019 13:50:01 GMT+0200 (CEST);1567777801000
1380556832687962;26;33.4;Fri Sep 06 2019 15:52:16 GMT+0200 (CEST);Fri Sep 06 2019 13:52:16 GMT+0200 (CEST);1567777936000
1380556832687962;27.5;33.4;Fri Sep 06 2019 15:54:08 GMT+0200 (CEST);Fri Sep 06 2019 13:54:08 GMT+0200 (CEST);1567778048000
1380556832687962;27.5;33.8;Fri Sep 06 2019 15:56:05 GMT+0200 (CEST);Fri Sep 06 2019 13:56:05 GMT+0200 (CEST);1567778165000
1380556832687962;27.5;33.8;Fri Sep 06 2019 15:57:57 GMT+0200 (CEST);Fri Sep 06 2019 13:57:57 GMT+0200 (CEST);1567778277000
1380556832687962;27.5;34;Fri Sep 06 2019 15:59:50 GMT+0200 (CEST);Fri Sep 06 2019 13:59:50 GMT+0200 (CEST);1567778390000
1380556832687962;27.5;34.1;Fri Sep 06 2019 16:01:51 GMT+0200 (CEST);Fri Sep 06 2019 14:01:51 GMT+0200 (CEST);1567778511000
1380556832687962;27.5;33.8;Fri Sep 06 2019 16:03:45 GMT+0200 (CEST);Fri Sep 06 2019 14:03:45 GMT+0200 (CEST);1567778625000
1380556832687962;27.5;33.8;Fri Sep 06 2019 16:05:38 GMT+0200 (CEST);Fri Sep 06 2019 14:05:38 GMT+0200 (CEST);1567778738000
1380556832687962;27.5;33.8;Fri Sep 06 2019 16:07:33 GMT+0200 (CEST);Fri Sep 06 2019 14:07:33 GMT+0200 (CEST);1567778853000
1380556832687962;27.5;33.8;Fri Sep 06 2019 16:09:28 GMT+0200 (CEST);Fri Sep 06 2019 14:09:28 GMT+0200 (CEST);1567778968000
1380556832687962;27.5;33.5;Fri Sep 06 2019 16:11:47 GMT+0200 (CEST);Fri Sep 06 2019 14:11:47 GMT+0200 (CEST);1567779107000
1380556832687962;30;33.3;Fri Sep 06 2019 16:13:40 GMT+0200 (CEST);Fri Sep 06 2019 14:13:40 GMT+0200 (CEST);1567779220000
1380556832687962;30;33.3;Fri Sep 06 2019 16:15:33 GMT+0200 (CEST);Fri Sep 06 2019 14:15:33 GMT+0200 (CEST);1567779333000
1380556832687962;30;33.3;Fri Sep 06 2019 16:17:27 GMT+0200 (CEST);Fri Sep 06 2019 14:17:27 GMT+0200 (CEST);1567779447000
1380556832687962;30;33.2;Fri Sep 06 2019 16:19:20 GMT+0200 (CEST);Fri Sep 06 2019 14:19:20 GMT+0200 (CEST);1567779560000
1380556832687962;30;33.2;Fri Sep 06 2019 16:21:13 GMT+0200 (CEST);Fri Sep 06 2019 14:21:13 GMT+0200 (CEST);1567779673000
1380556832687962;30;33;Fri Sep 06 2019 16:23:05 GMT+0200 (CEST);Fri Sep 06 2019 14:23:05 GMT+0200 (CEST);1567779785000
1380556832687962;30;33.1;Fri Sep 06 2019 16:24:59 GMT+0200 (CEST);Fri Sep 06 2019 14:24:59 GMT+0200 (CEST);1567779899000
1380556832687962;30;33.1;Fri Sep 06 2019 16:26:53 GMT+0200 (CEST);Fri Sep 06 2019 14:26:53 GMT+0200 (CEST);1567780013000
1380556832687962;30;33.1;Fri Sep 06 2019 16:28:48 GMT+0200 (CEST);Fri Sep 06 2019 14:28:48 GMT+0200 (CEST);1567780128000
1380556832687962;30;33.2;Fri Sep 06 2019 16:30:41 GMT+0200 (CEST);Fri Sep 06 2019 14:30:41 GMT+0200 (CEST);1567780241000
1380556832687962;29.5;33.2;Fri Sep 06 2019 16:32:34 GMT+0200 (CEST);Fri Sep 06 2019 14:32:34 GMT+0200 (CEST);1567780354000
1380556832687962;29.5;33.1;Fri Sep 06 2019 16:34:50 GMT+0200 (CEST);Fri Sep 06 2019 14:34:50 GMT+0200 (CEST);1567780490000
1380556832687962;29.5;33.1;Fri Sep 06 2019 16:36:44 GMT+0200 (CEST);Fri Sep 06 2019 14:36:44 GMT+0200 (CEST);1567780604000
1380556832687962;29.5;33.1;Fri Sep 06 2019 16:38:36 GMT+0200 (CEST);Fri Sep 06 2019 14:38:36 GMT+0200 (CEST);1567780716000
1380556832687962;29.5;32.8;Fri Sep 06 2019 16:40:34 GMT+0200 (CEST);Fri Sep 06 2019 14:40:34 GMT+0200 (CEST);1567780834000
1380556832687962;29.5;32.8;Fri Sep 06 2019 16:42:27 GMT+0200 (CEST);Fri Sep 06 2019 14:42:27 GMT+0200 (CEST);1567780947000
1380556832687962;29.5;32.7;Fri Sep 06 2019 16:44:22 GMT+0200 (CEST);Fri Sep 06 2019 14:44:22 GMT+0200 (CEST);1567781062000
1380556832687962;29.5;32.9;Fri Sep 06 2019 16:46:15 GMT+0200 (CEST);Fri Sep 06 2019 14:46:15 GMT+0200 (CEST);1567781175000
1380556832687962;29.5;32.8;Fri Sep 06 2019 16:48:11 GMT+0200 (CEST);Fri Sep 06 2019 14:48:11 GMT+0200 (CEST);1567781291000
1380556832687962;29.5;32.9;Fri Sep 06 2019 16:50:20 GMT+0200 (CEST);Fri Sep 06 2019 14:50:20 GMT+0200 (CEST);1567781420000
1380556832687962;29.5;32.7;Fri Sep 06 2019 16:52:12 GMT+0200 (CEST);Fri Sep 06 2019 14:52:12 GMT+0200 (CEST);1567781532000
1380556832687962;29.5;32.9;Fri Sep 06 2019 16:54:05 GMT+0200 (CEST);Fri Sep 06 2019 14:54:05 GMT+0200 (CEST);1567781645000
1380556832687962;29.5;33.1;Fri Sep 06 2019 16:56:18 GMT+0200 (CEST);Fri Sep 06 2019 14:56:18 GMT+0200 (CEST);1567781778000
1380556832687962;29.5;33;Fri Sep 06 2019 16:58:10 GMT+0200 (CEST);Fri Sep 06 2019 14:58:10 GMT+0200 (CEST);1567781890000
1380556832687962;29.5;33;Fri Sep 06 2019 17:00:08 GMT+0200 (CEST);Fri Sep 06 2019 15:00:08 GMT+0200 (CEST);1567782008000
1380556832687962;28;32.9;Fri Sep 06 2019 17:02:03 GMT+0200 (CEST);Fri Sep 06 2019 15:02:03 GMT+0200 (CEST);1567782123000
1380556832687962;28;32.8;Fri Sep 06 2019 17:04:01 GMT+0200 (CEST);Fri Sep 06 2019 15:04:01 GMT+0200 (CEST);1567782241000
1380556832687962;28;33;Fri Sep 06 2019 17:05:53 GMT+0200 (CEST);Fri Sep 06 2019 15:05:53 GMT+0200 (CEST);1567782353000
1380556832687962;28;32.9;Fri Sep 06 2019 17:07:47 GMT+0200 (CEST);Fri Sep 06 2019 15:07:47 GMT+0200 (CEST);1567782467000
1380556832687962;28;33;Fri Sep 06 2019 17:09:40 GMT+0200 (CEST);Fri Sep 06 2019 15:09:40 GMT+0200 (CEST);1567782580000
1380556832687962;28;33;Fri Sep 06 2019 17:11:32 GMT+0200 (CEST);Fri Sep 06 2019 15:11:32 GMT+0200 (CEST);1567782692000
1380556832687962;28;32.8;Fri Sep 06 2019 17:13:25 GMT+0200 (CEST);Fri Sep 06 2019 15:13:25 GMT+0200 (CEST);1567782805000
1380556832687962;28;32.7;Fri Sep 06 2019 17:15:19 GMT+0200 (CEST);Fri Sep 06 2019 15:15:19 GMT+0200 (CEST);1567782919000
1380556832687962;27.5;32.6;Fri Sep 06 2019 17:17:26 GMT+0200 (CEST);Fri Sep 06 2019 15:17:26 GMT+0200 (CEST);1567783046000
1380556832687962;27.5;32.4;Fri Sep 06 2019 17:19:22 GMT+0200 (CEST);Fri Sep 06 2019 15:19:22 GMT+0200 (CEST);1567783162000
1380556832687962;27.5;32.5;Fri Sep 06 2019 17:21:21 GMT+0200 (CEST);Fri Sep 06 2019 15:21:21 GMT+0200 (CEST);1567783281000
1380556832687962;27.5;32.5;Fri Sep 06 2019 17:23:15 GMT+0200 (CEST);Fri Sep 06 2019 15:23:15 GMT+0200 (CEST);1567783395000
1380556832687962;27.5;32.2;Fri Sep 06 2019 17:25:23 GMT+0200 (CEST);Fri Sep 06 2019 15:25:23 GMT+0200 (CEST);1567783523000
1380556832687962;27.5;32;Fri Sep 06 2019 17:27:15 GMT+0200 (CEST);Fri Sep 06 2019 15:27:15 GMT+0200 (CEST);1567783635000
1380556832687962;27.5;31.9;Fri Sep 06 2019 17:29:10 GMT+0200 (CEST);Fri Sep 06 2019 15:29:10 GMT+0200 (CEST);1567783750000
1380556832687962;27.5;31.9;Fri Sep 06 2019 17:31:02 GMT+0200 (CEST);Fri Sep 06 2019 15:31:02 GMT+0200 (CEST);1567783862000
1380556832687962;26;31.6;Fri Sep 06 2019 17:32:55 GMT+0200 (CEST);Fri Sep 06 2019 15:32:55 GMT+0200 (CEST);1567783975000
1380556832687962;26;31.6;Fri Sep 06 2019 17:34:48 GMT+0200 (CEST);Fri Sep 06 2019 15:34:48 GMT+0200 (CEST);1567784088000
1380556832687962;26;31.7;Fri Sep 06 2019 17:36:40 GMT+0200 (CEST);Fri Sep 06 2019 15:36:40 GMT+0200 (CEST);1567784200000
1380556832687962;26;31.9;Fri Sep 06 2019 17:38:43 GMT+0200 (CEST);Fri Sep 06 2019 15:38:43 GMT+0200 (CEST);1567784323000
1380556832687962;26;31.6;Fri Sep 06 2019 17:40:36 GMT+0200 (CEST);Fri Sep 06 2019 15:40:36 GMT+0200 (CEST);1567784436000
1380556832687962;26;31.6;Fri Sep 06 2019 17:42:29 GMT+0200 (CEST);Fri Sep 06 2019 15:42:29 GMT+0200 (CEST);1567784549000
1380556832687962;26;31.6;Fri Sep 06 2019 17:44:21 GMT+0200 (CEST);Fri Sep 06 2019 15:44:21 GMT+0200 (CEST);1567784661000
1380556832687962;25.5;31.5;Fri Sep 06 2019 17:46:15 GMT+0200 (CEST);Fri Sep 06 2019 15:46:15 GMT+0200 (CEST);1567784775000
1380556832687962;25.5;31.6;Fri Sep 06 2019 17:48:11 GMT+0200 (CEST);Fri Sep 06 2019 15:48:11 GMT+0200 (CEST);1567784891000
1380556832687962;25.5;31.9;Fri Sep 06 2019 17:50:04 GMT+0200 (CEST);Fri Sep 06 2019 15:50:04 GMT+0200 (CEST);1567785004000
1380556832687962;25.5;31.6;Fri Sep 06 2019 17:51:57 GMT+0200 (CEST);Fri Sep 06 2019 15:51:57 GMT+0200 (CEST);1567785117000
1380556832687962;25.5;31.6;Fri Sep 06 2019 17:53:49 GMT+0200 (CEST);Fri Sep 06 2019 15:53:49 GMT+0200 (CEST);1567785229000
1380556832687962;25.5;31.5;Fri Sep 06 2019 17:55:44 GMT+0200 (CEST);Fri Sep 06 2019 15:55:44 GMT+0200 (CEST);1567785344000
1380556832687962;25.5;31.4;Fri Sep 06 2019 17:57:46 GMT+0200 (CEST);Fri Sep 06 2019 15:57:46 GMT+0200 (CEST);1567785466000
1380556832687962;25.5;31.7;Fri Sep 06 2019 17:59:50 GMT+0200 (CEST);Fri Sep 06 2019 15:59:50 GMT+0200 (CEST);1567785590000
1380556832687962;25.5;31.7;Fri Sep 06 2019 18:01:45 GMT+0200 (CEST);Fri Sep 06 2019 16:01:45 GMT+0200 (CEST);1567785705000
1380556832687962;25.5;31.7;Fri Sep 06 2019 18:03:39 GMT+0200 (CEST);Fri Sep 06 2019 16:03:39 GMT+0200 (CEST);1567785819000
1380556832687962;25.5;31.7;Fri Sep 06 2019 18:05:33 GMT+0200 (CEST);Fri Sep 06 2019 16:05:33 GMT+0200 (CEST);1567785933000
1380556832687962;25.5;31.8;Fri Sep 06 2019 18:07:39 GMT+0200 (CEST);Fri Sep 06 2019 16:07:39 GMT+0200 (CEST);1567786059000
1380556832687962;25.5;31.6;Fri Sep 06 2019 18:09:32 GMT+0200 (CEST);Fri Sep 06 2019 16:09:32 GMT+0200 (CEST);1567786172000
1380556832687962;24;31.7;Fri Sep 06 2019 18:11:24 GMT+0200 (CEST);Fri Sep 06 2019 16:11:24 GMT+0200 (CEST);1567786284000
1380556832687962;24;31.4;Fri Sep 06 2019 18:13:20 GMT+0200 (CEST);Fri Sep 06 2019 16:13:20 GMT+0200 (CEST);1567786400000
1380556832687962;23;31.4;Fri Sep 06 2019 18:15:13 GMT+0200 (CEST);Fri Sep 06 2019 16:15:13 GMT+0200 (CEST);1567786513000
1380556832687962;23;31.3;Fri Sep 06 2019 18:17:06 GMT+0200 (CEST);Fri Sep 06 2019 16:17:06 GMT+0200 (CEST);1567786626000
1380556832687962;23;31.1;Fri Sep 06 2019 18:18:59 GMT+0200 (CEST);Fri Sep 06 2019 16:18:59 GMT+0200 (CEST);1567786739000
1380556832687962;23;31.2;Fri Sep 06 2019 18:20:58 GMT+0200 (CEST);Fri Sep 06 2019 16:20:58 GMT+0200 (CEST);1567786858000
1380556832687962;23;31.2;Fri Sep 06 2019 18:22:51 GMT+0200 (CEST);Fri Sep 06 2019 16:22:51 GMT+0200 (CEST);1567786971000
1380556832687962;23;30.9;Fri Sep 06 2019 18:24:44 GMT+0200 (CEST);Fri Sep 06 2019 16:24:44 GMT+0200 (CEST);1567787084000
1380556832687962;23;30.9;Fri Sep 06 2019 18:26:39 GMT+0200 (CEST);Fri Sep 06 2019 16:26:39 GMT+0200 (CEST);1567787199000
1380556832687962;23;31;Fri Sep 06 2019 18:28:38 GMT+0200 (CEST);Fri Sep 06 2019 16:28:38 GMT+0200 (CEST);1567787318000
1380556832687962;23;30.9;Fri Sep 06 2019 18:30:35 GMT+0200 (CEST);Fri Sep 06 2019 16:30:35 GMT+0200 (CEST);1567787435000
1380556832687962;23;30.5;Fri Sep 06 2019 18:32:28 GMT+0200 (CEST);Fri Sep 06 2019 16:32:28 GMT+0200 (CEST);1567787548000
1380556832687962;23;30.8;Fri Sep 06 2019 18:34:20 GMT+0200 (CEST);Fri Sep 06 2019 16:34:20 GMT+0200 (CEST);1567787660000
1380556832687962;23;30.2;Fri Sep 06 2019 18:36:21 GMT+0200 (CEST);Fri Sep 06 2019 16:36:21 GMT+0200 (CEST);1567787781000
1380556832687962;23;28.6;Fri Sep 06 2019 18:38:13 GMT+0200 (CEST);Fri Sep 06 2019 16:38:13 GMT+0200 (CEST);1567787893000
1380556832687962;23;28.5;Fri Sep 06 2019 18:40:08 GMT+0200 (CEST);Fri Sep 06 2019 16:40:08 GMT+0200 (CEST);1567788008000
1380556832687962;23;27.6;Fri Sep 06 2019 18:42:03 GMT+0200 (CEST);Fri Sep 06 2019 16:42:03 GMT+0200 (CEST);1567788123000
1380556832687962;23;26.9;Fri Sep 06 2019 18:43:55 GMT+0200 (CEST);Fri Sep 06 2019 16:43:55 GMT+0200 (CEST);1567788235000
1380556832687962;21.5;26.9;Fri Sep 06 2019 18:45:48 GMT+0200 (CEST);Fri Sep 06 2019 16:45:48 GMT+0200 (CEST);1567788348000
1380556832687962;21.5;27.4;Fri Sep 06 2019 18:47:44 GMT+0200 (CEST);Fri Sep 06 2019 16:47:44 GMT+0200 (CEST);1567788464000
1380556832687962;21.5;27.4;Fri Sep 06 2019 18:49:55 GMT+0200 (CEST);Fri Sep 06 2019 16:49:55 GMT+0200 (CEST);1567788595000
1380556832687962;21.5;27.1;Fri Sep 06 2019 18:51:48 GMT+0200 (CEST);Fri Sep 06 2019 16:51:48 GMT+0200 (CEST);1567788708000
1380556832687962;21.5;28.8;Fri Sep 06 2019 18:53:41 GMT+0200 (CEST);Fri Sep 06 2019 16:53:41 GMT+0200 (CEST);1567788821000
1380556832687962;21.5;28.8;Fri Sep 06 2019 18:55:36 GMT+0200 (CEST);Fri Sep 06 2019 16:55:36 GMT+0200 (CEST);1567788936000
1380556832687962;21.5;28.8;Fri Sep 06 2019 18:57:32 GMT+0200 (CEST);Fri Sep 06 2019 16:57:32 GMT+0200 (CEST);1567789052000
1380556832687962;21.5;28.4;Fri Sep 06 2019 18:59:25 GMT+0200 (CEST);Fri Sep 06 2019 16:59:25 GMT+0200 (CEST);1567789165000
1380556832687962;21.5;27.9;Fri Sep 06 2019 19:01:17 GMT+0200 (CEST);Fri Sep 06 2019 17:01:17 GMT+0200 (CEST);1567789277000
1380556832687962;21.5;27.6;Fri Sep 06 2019 19:03:20 GMT+0200 (CEST);Fri Sep 06 2019 17:03:20 GMT+0200 (CEST);1567789400000
1380556832687962;21.5;27.6;Fri Sep 06 2019 19:05:15 GMT+0200 (CEST);Fri Sep 06 2019 17:05:15 GMT+0200 (CEST);1567789515000
1380556832687962;21.5;26.3;Fri Sep 06 2019 19:07:10 GMT+0200 (CEST);Fri Sep 06 2019 17:07:10 GMT+0200 (CEST);1567789630000
1380556832687962;21.5;28.2;Fri Sep 06 2019 19:09:02 GMT+0200 (CEST);Fri Sep 06 2019 17:09:02 GMT+0200 (CEST);1567789742000
1380556832687962;21.5;31;Fri Sep 06 2019 19:10:58 GMT+0200 (CEST);Fri Sep 06 2019 17:10:58 GMT+0200 (CEST);1567789858000
1380556832687962;21.5;31.6;Fri Sep 06 2019 19:12:53 GMT+0200 (CEST);Fri Sep 06 2019 17:12:53 GMT+0200 (CEST);1567789973000
1380556832687962;21.5;31.3;Fri Sep 06 2019 19:14:47 GMT+0200 (CEST);Fri Sep 06 2019 17:14:47 GMT+0200 (CEST);1567790087000
1380556832687962;21.5;31.1;Fri Sep 06 2019 19:16:42 GMT+0200 (CEST);Fri Sep 06 2019 17:16:42 GMT+0200 (CEST);1567790202000
1380556832687962;21.5;30.8;Fri Sep 06 2019 19:18:36 GMT+0200 (CEST);Fri Sep 06 2019 17:18:36 GMT+0200 (CEST);1567790316000
1380556832687962;21.5;26.2;Fri Sep 06 2019 19:20:30 GMT+0200 (CEST);Fri Sep 06 2019 17:20:30 GMT+0200 (CEST);1567790430000
1380556832687962;21.5;30.1;Fri Sep 06 2019 19:22:26 GMT+0200 (CEST);Fri Sep 06 2019 17:22:26 GMT+0200 (CEST);1567790546000
1380556832687962;21.5;30.4;Fri Sep 06 2019 19:24:19 GMT+0200 (CEST);Fri Sep 06 2019 17:24:19 GMT+0200 (CEST);1567790659000
1380556832687962;21.5;30.4;Fri Sep 06 2019 19:26:14 GMT+0200 (CEST);Fri Sep 06 2019 17:26:14 GMT+0200 (CEST);1567790774000
1380556832687962;21.5;29.7;Fri Sep 06 2019 19:28:08 GMT+0200 (CEST);Fri Sep 06 2019 17:28:08 GMT+0200 (CEST);1567790888000
1380556832687962;21.5;28.8;Fri Sep 06 2019 19:30:03 GMT+0200 (CEST);Fri Sep 06 2019 17:30:03 GMT+0200 (CEST);1567791003000
1380556832687962;21.5;28.8;Fri Sep 06 2019 19:32:00 GMT+0200 (CEST);Fri Sep 06 2019 17:32:00 GMT+0200 (CEST);1567791120000
1380556832687962;21.5;28.8;Fri Sep 06 2019 19:33:54 GMT+0200 (CEST);Fri Sep 06 2019 17:33:54 GMT+0200 (CEST);1567791234000
1380556832687962;13.4;28.4;Sat Sep 07 2019 07:27:39 GMT+0200 (CEST);Sat Sep 07 2019 05:27:39 GMT+0200 (CEST);1567834059000
1380556832687962;13.4;26.9;Sat Sep 07 2019 07:29:32 GMT+0200 (CEST);Sat Sep 07 2019 05:29:32 GMT+0200 (CEST);1567834172000
1380556832687962;13.4;27;Sat Sep 07 2019 07:31:30 GMT+0200 (CEST);Sat Sep 07 2019 05:31:30 GMT+0200 (CEST);1567834290000
1380556832687962;13.9;25.5;Sat Sep 07 2019 07:33:22 GMT+0200 (CEST);Sat Sep 07 2019 05:33:22 GMT+0200 (CEST);1567834402000
1380556832687962;13.9;24.5;Sat Sep 07 2019 07:35:15 GMT+0200 (CEST);Sat Sep 07 2019 05:35:15 GMT+0200 (CEST);1567834515000
1380556832687962;13.4;25.4;Sat Sep 07 2019 07:37:07 GMT+0200 (CEST);Sat Sep 07 2019 05:37:07 GMT+0200 (CEST);1567834627000
1380556832687962;13.4;24.1;Sat Sep 07 2019 07:39:01 GMT+0200 (CEST);Sat Sep 07 2019 05:39:01 GMT+0200 (CEST);1567834741000
1380556832687962;13.4;24.6;Sat Sep 07 2019 07:40:57 GMT+0200 (CEST);Sat Sep 07 2019 05:40:57 GMT+0200 (CEST);1567834857000
1380556832687962;13.4;23.9;Sat Sep 07 2019 07:42:50 GMT+0200 (CEST);Sat Sep 07 2019 05:42:50 GMT+0200 (CEST);1567834970000
1380556832687962;13.4;23.3;Sat Sep 07 2019 07:44:43 GMT+0200 (CEST);Sat Sep 07 2019 05:44:43 GMT+0200 (CEST);1567835083000
1380556832687962;13.4;22.9;Sat Sep 07 2019 07:46:40 GMT+0200 (CEST);Sat Sep 07 2019 05:46:40 GMT+0200 (CEST);1567835200000
1380556832687962;13.4;21.8;Sat Sep 07 2019 07:48:32 GMT+0200 (CEST);Sat Sep 07 2019 05:48:32 GMT+0200 (CEST);1567835312000
1380556832687962;13.4;22.7;Sat Sep 07 2019 07:50:25 GMT+0200 (CEST);Sat Sep 07 2019 05:50:25 GMT+0200 (CEST);1567835425000
1380556832687962;13.4;22.7;Sat Sep 07 2019 07:52:17 GMT+0200 (CEST);Sat Sep 07 2019 05:52:17 GMT+0200 (CEST);1567835537000
1380556832687962;13.4;22.9;Sat Sep 07 2019 07:54:10 GMT+0200 (CEST);Sat Sep 07 2019 05:54:10 GMT+0200 (CEST);1567835650000
1380556832687962;13.4;23.4;Sat Sep 07 2019 07:56:03 GMT+0200 (CEST);Sat Sep 07 2019 05:56:03 GMT+0200 (CEST);1567835763000
1380556832687962;13.4;24.1;Sat Sep 07 2019 07:57:55 GMT+0200 (CEST);Sat Sep 07 2019 05:57:55 GMT+0200 (CEST);1567835875000
1380556832687962;13.4;24.1;Sat Sep 07 2019 07:59:48 GMT+0200 (CEST);Sat Sep 07 2019 05:59:48 GMT+0200 (CEST);1567835988000
1380556832687962;13.4;23.9;Sat Sep 07 2019 08:01:41 GMT+0200 (CEST);Sat Sep 07 2019 06:01:41 GMT+0200 (CEST);1567836101000
1380556832687962;13.4;23.9;Sat Sep 07 2019 08:03:36 GMT+0200 (CEST);Sat Sep 07 2019 06:03:36 GMT+0200 (CEST);1567836216000
1380556832687962;13.4;23.9;Sat Sep 07 2019 08:05:30 GMT+0200 (CEST);Sat Sep 07 2019 06:05:30 GMT+0200 (CEST);1567836330000
1380556832687962;13.4;24.1;Sat Sep 07 2019 08:07:27 GMT+0200 (CEST);Sat Sep 07 2019 06:07:27 GMT+0200 (CEST);1567836447000
1380556832687962;13.4;24.1;Sat Sep 07 2019 08:09:20 GMT+0200 (CEST);Sat Sep 07 2019 06:09:20 GMT+0200 (CEST);1567836560000
1380556832687962;13.4;24.3;Sat Sep 07 2019 08:11:13 GMT+0200 (CEST);Sat Sep 07 2019 06:11:13 GMT+0200 (CEST);1567836673000
1380556832687962;13.4;24.4;Sat Sep 07 2019 08:13:06 GMT+0200 (CEST);Sat Sep 07 2019 06:13:06 GMT+0200 (CEST);1567836786000
1380556832687962;13.4;28;Sat Sep 07 2019 08:14:58 GMT+0200 (CEST);Sat Sep 07 2019 06:14:58 GMT+0200 (CEST);1567836898000
1380556832687962;13.4;31.2;Sat Sep 07 2019 08:16:53 GMT+0200 (CEST);Sat Sep 07 2019 06:16:53 GMT+0200 (CEST);1567837013000
1380556832687962;15.9;31.3;Sat Sep 07 2019 08:18:46 GMT+0200 (CEST);Sat Sep 07 2019 06:18:46 GMT+0200 (CEST);1567837126000
1380556832687962;15.9;31.4;Sat Sep 07 2019 08:20:38 GMT+0200 (CEST);Sat Sep 07 2019 06:20:38 GMT+0200 (CEST);1567837238000
1380556832687962;15.9;31.4;Sat Sep 07 2019 08:22:32 GMT+0200 (CEST);Sat Sep 07 2019 06:22:32 GMT+0200 (CEST);1567837352000
1380556832687962;15.9;31.9;Sat Sep 07 2019 08:24:26 GMT+0200 (CEST);Sat Sep 07 2019 06:24:26 GMT+0200 (CEST);1567837466000
1380556832687962;15.9;31.9;Sat Sep 07 2019 08:26:19 GMT+0200 (CEST);Sat Sep 07 2019 06:26:19 GMT+0200 (CEST);1567837579000
1380556832687962;17.4;32;Sat Sep 07 2019 08:28:27 GMT+0200 (CEST);Sat Sep 07 2019 06:28:27 GMT+0200 (CEST);1567837707000
1380556832687962;17.4;32.7;Sat Sep 07 2019 08:30:28 GMT+0200 (CEST);Sat Sep 07 2019 06:30:28 GMT+0200 (CEST);1567837828000
1380556832687962;17.9;32.6;Sat Sep 07 2019 08:32:21 GMT+0200 (CEST);Sat Sep 07 2019 06:32:21 GMT+0200 (CEST);1567837941000
1380556832687962;17.9;33.1;Sat Sep 07 2019 08:34:14 GMT+0200 (CEST);Sat Sep 07 2019 06:34:14 GMT+0200 (CEST);1567838054000
1380556832687962;17.9;32.7;Sat Sep 07 2019 08:36:09 GMT+0200 (CEST);Sat Sep 07 2019 06:36:09 GMT+0200 (CEST);1567838169000
1380556832687962;17.9;32.7;Sat Sep 07 2019 08:38:03 GMT+0200 (CEST);Sat Sep 07 2019 06:38:03 GMT+0200 (CEST);1567838283000
1380556832687962;17.9;32.7;Sat Sep 07 2019 08:39:56 GMT+0200 (CEST);Sat Sep 07 2019 06:39:56 GMT+0200 (CEST);1567838396000
1380556832687962;17.9;32.6;Sat Sep 07 2019 08:41:48 GMT+0200 (CEST);Sat Sep 07 2019 06:41:48 GMT+0200 (CEST);1567838508000
1380556832687962;17.9;32.7;Sat Sep 07 2019 08:43:41 GMT+0200 (CEST);Sat Sep 07 2019 06:43:41 GMT+0200 (CEST);1567838621000
1380556832687962;17.9;32.7;Sat Sep 07 2019 08:45:33 GMT+0200 (CEST);Sat Sep 07 2019 06:45:33 GMT+0200 (CEST);1567838733000
1380556832687962;19.4;32.6;Sat Sep 07 2019 08:47:26 GMT+0200 (CEST);Sat Sep 07 2019 06:47:26 GMT+0200 (CEST);1567838846000
1380556832687962;19.4;32.9;Sat Sep 07 2019 08:49:41 GMT+0200 (CEST);Sat Sep 07 2019 06:49:41 GMT+0200 (CEST);1567838981000
1380556832687962;19.4;32.6;Sat Sep 07 2019 08:51:34 GMT+0200 (CEST);Sat Sep 07 2019 06:51:34 GMT+0200 (CEST);1567839094000
1380556832687962;19.4;32.8;Sat Sep 07 2019 08:53:30 GMT+0200 (CEST);Sat Sep 07 2019 06:53:30 GMT+0200 (CEST);1567839210000
1380556832687962;19.4;32.8;Sat Sep 07 2019 08:55:30 GMT+0200 (CEST);Sat Sep 07 2019 06:55:30 GMT+0200 (CEST);1567839330000
1380556832687962;19.4;33.5;Sat Sep 07 2019 08:57:23 GMT+0200 (CEST);Sat Sep 07 2019 06:57:23 GMT+0200 (CEST);1567839443000
1380556832687962;19.4;33.6;Sat Sep 07 2019 08:59:16 GMT+0200 (CEST);Sat Sep 07 2019 06:59:16 GMT+0200 (CEST);1567839556000
1380556832687962;19.4;33.8;Sat Sep 07 2019 09:01:10 GMT+0200 (CEST);Sat Sep 07 2019 07:01:10 GMT+0200 (CEST);1567839670000
1380556832687962;19.4;33.7;Sat Sep 07 2019 09:03:03 GMT+0200 (CEST);Sat Sep 07 2019 07:03:03 GMT+0200 (CEST);1567839783000
1380556832687962;19.4;34;Sat Sep 07 2019 09:04:57 GMT+0200 (CEST);Sat Sep 07 2019 07:04:57 GMT+0200 (CEST);1567839897000
1380556832687962;19.9;34.1;Sat Sep 07 2019 09:06:53 GMT+0200 (CEST);Sat Sep 07 2019 07:06:53 GMT+0200 (CEST);1567840013000
1380556832687962;19.9;34.1;Sat Sep 07 2019 09:08:45 GMT+0200 (CEST);Sat Sep 07 2019 07:08:45 GMT+0200 (CEST);1567840125000
1380556832687962;19.9;34.2;Sat Sep 07 2019 09:11:04 GMT+0200 (CEST);Sat Sep 07 2019 07:11:04 GMT+0200 (CEST);1567840264000
1380556832687962;19.9;34.3;Sat Sep 07 2019 09:12:57 GMT+0200 (CEST);Sat Sep 07 2019 07:12:57 GMT+0200 (CEST);1567840377000
1380556832687962;19.9;34.4;Sat Sep 07 2019 09:14:49 GMT+0200 (CEST);Sat Sep 07 2019 07:14:49 GMT+0200 (CEST);1567840489000
1380556832687962;19.9;34.4;Sat Sep 07 2019 09:16:42 GMT+0200 (CEST);Sat Sep 07 2019 07:16:42 GMT+0200 (CEST);1567840602000
1380556832687962;19.9;34.5;Sat Sep 07 2019 09:18:36 GMT+0200 (CEST);Sat Sep 07 2019 07:18:36 GMT+0200 (CEST);1567840716000
1380556832687962;21.5;34.5;Sat Sep 07 2019 09:20:28 GMT+0200 (CEST);Sat Sep 07 2019 07:20:28 GMT+0200 (CEST);1567840828000
1380556832687962;21.5;34.5;Sat Sep 07 2019 09:22:23 GMT+0200 (CEST);Sat Sep 07 2019 07:22:23 GMT+0200 (CEST);1567840943000
1380556832687962;21.5;34.8;Sat Sep 07 2019 09:24:16 GMT+0200 (CEST);Sat Sep 07 2019 07:24:16 GMT+0200 (CEST);1567841056000
1380556832687962;21.5;34.7;Sat Sep 07 2019 09:26:09 GMT+0200 (CEST);Sat Sep 07 2019 07:26:09 GMT+0200 (CEST);1567841169000
1380556832687962;21.5;34.7;Sat Sep 07 2019 09:28:02 GMT+0200 (CEST);Sat Sep 07 2019 07:28:02 GMT+0200 (CEST);1567841282000
1380556832687962;21.5;34.7;Sat Sep 07 2019 09:29:55 GMT+0200 (CEST);Sat Sep 07 2019 07:29:55 GMT+0200 (CEST);1567841395000
1380556832687962;21.5;34.5;Sat Sep 07 2019 09:31:59 GMT+0200 (CEST);Sat Sep 07 2019 07:31:59 GMT+0200 (CEST);1567841519000
1380556832687962;21.5;34.5;Sat Sep 07 2019 09:33:52 GMT+0200 (CEST);Sat Sep 07 2019 07:33:52 GMT+0200 (CEST);1567841632000
1380556832687962;22;34.5;Sat Sep 07 2019 09:35:58 GMT+0200 (CEST);Sat Sep 07 2019 07:35:58 GMT+0200 (CEST);1567841758000
1380556832687962;22;34.5;Sat Sep 07 2019 09:37:50 GMT+0200 (CEST);Sat Sep 07 2019 07:37:50 GMT+0200 (CEST);1567841870000
1380556832687962;22;34.5;Sat Sep 07 2019 09:39:43 GMT+0200 (CEST);Sat Sep 07 2019 07:39:43 GMT+0200 (CEST);1567841983000
1380556832687962;22;34.5;Sat Sep 07 2019 09:41:35 GMT+0200 (CEST);Sat Sep 07 2019 07:41:35 GMT+0200 (CEST);1567842095000
1380556832687962;22;34.4;Sat Sep 07 2019 09:43:28 GMT+0200 (CEST);Sat Sep 07 2019 07:43:28 GMT+0200 (CEST);1567842208000
1380556832687962;22;34.5;Sat Sep 07 2019 09:45:22 GMT+0200 (CEST);Sat Sep 07 2019 07:45:22 GMT+0200 (CEST);1567842322000
1380556832687962;22;34.5;Sat Sep 07 2019 09:47:16 GMT+0200 (CEST);Sat Sep 07 2019 07:47:16 GMT+0200 (CEST);1567842436000
1380556832687962;22;34.6;Sat Sep 07 2019 09:49:09 GMT+0200 (CEST);Sat Sep 07 2019 07:49:09 GMT+0200 (CEST);1567842549000
1380556832687962;22;34.8;Sat Sep 07 2019 09:51:14 GMT+0200 (CEST);Sat Sep 07 2019 07:51:14 GMT+0200 (CEST);1567842674000
1380556832687962;22;34.7;Sat Sep 07 2019 09:53:12 GMT+0200 (CEST);Sat Sep 07 2019 07:53:12 GMT+0200 (CEST);1567842792000
1380556832687962;24;34.6;Sat Sep 07 2019 09:55:09 GMT+0200 (CEST);Sat Sep 07 2019 07:55:09 GMT+0200 (CEST);1567842909000
1380556832687962;24;34.6;Sat Sep 07 2019 09:57:08 GMT+0200 (CEST);Sat Sep 07 2019 07:57:08 GMT+0200 (CEST);1567843028000
1380556832687962;25.5;34.4;Sat Sep 07 2019 09:59:01 GMT+0200 (CEST);Sat Sep 07 2019 07:59:01 GMT+0200 (CEST);1567843141000
1380556832687962;25.5;34.1;Sat Sep 07 2019 10:00:58 GMT+0200 (CEST);Sat Sep 07 2019 08:00:58 GMT+0200 (CEST);1567843258000
1380556832687962;25.5;34;Sat Sep 07 2019 10:02:53 GMT+0200 (CEST);Sat Sep 07 2019 08:02:53 GMT+0200 (CEST);1567843373000
1380556832687962;25.5;34;Sat Sep 07 2019 10:04:46 GMT+0200 (CEST);Sat Sep 07 2019 08:04:46 GMT+0200 (CEST);1567843486000
1380556832687962;25.5;34.1;Sat Sep 07 2019 10:06:46 GMT+0200 (CEST);Sat Sep 07 2019 08:06:46 GMT+0200 (CEST);1567843606000
1380556832687962;25.5;34;Sat Sep 07 2019 10:08:39 GMT+0200 (CEST);Sat Sep 07 2019 08:08:39 GMT+0200 (CEST);1567843719000
1380556832687962;25.5;34.2;Sat Sep 07 2019 10:10:32 GMT+0200 (CEST);Sat Sep 07 2019 08:10:32 GMT+0200 (CEST);1567843832000
1380556832687962;25.5;34.2;Sat Sep 07 2019 10:12:27 GMT+0200 (CEST);Sat Sep 07 2019 08:12:27 GMT+0200 (CEST);1567843947000
1380556832687962;26;34.2;Sat Sep 07 2019 10:14:19 GMT+0200 (CEST);Sat Sep 07 2019 08:14:19 GMT+0200 (CEST);1567844059000
1380556832687962;26;34.3;Sat Sep 07 2019 10:16:12 GMT+0200 (CEST);Sat Sep 07 2019 08:16:12 GMT+0200 (CEST);1567844172000
1380556832687962;26;34.4;Sat Sep 07 2019 10:18:06 GMT+0200 (CEST);Sat Sep 07 2019 08:18:06 GMT+0200 (CEST);1567844286000
1380556832687962;26;34.5;Sat Sep 07 2019 10:20:01 GMT+0200 (CEST);Sat Sep 07 2019 08:20:01 GMT+0200 (CEST);1567844401000
1380556832687962;26;34.4;Sat Sep 07 2019 10:21:58 GMT+0200 (CEST);Sat Sep 07 2019 08:21:58 GMT+0200 (CEST);1567844518000
1380556832687962;26;34.4;Sat Sep 07 2019 10:23:50 GMT+0200 (CEST);Sat Sep 07 2019 08:23:50 GMT+0200 (CEST);1567844630000
1380556832687962;26;34.3;Sat Sep 07 2019 10:25:43 GMT+0200 (CEST);Sat Sep 07 2019 08:25:43 GMT+0200 (CEST);1567844743000
1380556832687962;26;34.2;Sat Sep 07 2019 10:27:35 GMT+0200 (CEST);Sat Sep 07 2019 08:27:35 GMT+0200 (CEST);1567844855000
1380556832687962;26;34.2;Sat Sep 07 2019 10:29:28 GMT+0200 (CEST);Sat Sep 07 2019 08:29:28 GMT+0200 (CEST);1567844968000
1380556832687962;26;34.2;Sat Sep 07 2019 10:31:21 GMT+0200 (CEST);Sat Sep 07 2019 08:31:21 GMT+0200 (CEST);1567845081000
1380556832687962;26;34.2;Sat Sep 07 2019 10:33:13 GMT+0200 (CEST);Sat Sep 07 2019 08:33:13 GMT+0200 (CEST);1567845193000
1380556832687962;26;34.2;Sat Sep 07 2019 10:35:06 GMT+0200 (CEST);Sat Sep 07 2019 08:35:06 GMT+0200 (CEST);1567845306000
1380556832687962;26;34.3;Sat Sep 07 2019 10:37:02 GMT+0200 (CEST);Sat Sep 07 2019 08:37:02 GMT+0200 (CEST);1567845422000
1380556832687962;26;34.3;Sat Sep 07 2019 10:38:55 GMT+0200 (CEST);Sat Sep 07 2019 08:38:55 GMT+0200 (CEST);1567845535000
1380556832687962;26;34.4;Sat Sep 07 2019 10:40:47 GMT+0200 (CEST);Sat Sep 07 2019 08:40:47 GMT+0200 (CEST);1567845647000
1380556832687962;26;34.4;Sat Sep 07 2019 10:42:43 GMT+0200 (CEST);Sat Sep 07 2019 08:42:43 GMT+0200 (CEST);1567845763000
1380556832687962;25.5;34.4;Sat Sep 07 2019 10:44:36 GMT+0200 (CEST);Sat Sep 07 2019 08:44:36 GMT+0200 (CEST);1567845876000
1380556832687962;25.5;34.4;Sat Sep 07 2019 10:46:32 GMT+0200 (CEST);Sat Sep 07 2019 08:46:32 GMT+0200 (CEST);1567845992000
1380556832687962;25.5;34.4;Sat Sep 07 2019 10:48:24 GMT+0200 (CEST);Sat Sep 07 2019 08:48:24 GMT+0200 (CEST);1567846104000
1380556832687962;25.5;34.3;Sat Sep 07 2019 10:50:17 GMT+0200 (CEST);Sat Sep 07 2019 08:50:17 GMT+0200 (CEST);1567846217000
1380556832687962;25.5;34.3;Sat Sep 07 2019 10:52:09 GMT+0200 (CEST);Sat Sep 07 2019 08:52:09 GMT+0200 (CEST);1567846329000
1380556832687962;25.5;34.2;Sat Sep 07 2019 10:54:02 GMT+0200 (CEST);Sat Sep 07 2019 08:54:02 GMT+0200 (CEST);1567846442000
1380556832687962;25.5;34.3;Sat Sep 07 2019 10:56:02 GMT+0200 (CEST);Sat Sep 07 2019 08:56:02 GMT+0200 (CEST);1567846562000
1380556832687962;25.5;34.3;Sat Sep 07 2019 10:57:55 GMT+0200 (CEST);Sat Sep 07 2019 08:57:55 GMT+0200 (CEST);1567846675000
1380556832687962;25.5;34.5;Sat Sep 07 2019 10:59:48 GMT+0200 (CEST);Sat Sep 07 2019 08:59:48 GMT+0200 (CEST);1567846788000
1380556832687962;25.5;34.5;Sat Sep 07 2019 11:01:49 GMT+0200 (CEST);Sat Sep 07 2019 09:01:49 GMT+0200 (CEST);1567846909000
1380556832687962;25.5;34.5;Sat Sep 07 2019 11:04:07 GMT+0200 (CEST);Sat Sep 07 2019 09:04:07 GMT+0200 (CEST);1567847047000
1380556832687962;25.5;34.5;Sat Sep 07 2019 11:06:00 GMT+0200 (CEST);Sat Sep 07 2019 09:06:00 GMT+0200 (CEST);1567847160000
1380556832687962;25.5;34.2;Sat Sep 07 2019 11:07:56 GMT+0200 (CEST);Sat Sep 07 2019 09:07:56 GMT+0200 (CEST);1567847276000
1380556832687962;25.5;34.1;Sat Sep 07 2019 11:09:48 GMT+0200 (CEST);Sat Sep 07 2019 09:09:48 GMT+0200 (CEST);1567847388000
1380556832687962;25.5;34.1;Sat Sep 07 2019 11:11:44 GMT+0200 (CEST);Sat Sep 07 2019 09:11:44 GMT+0200 (CEST);1567847504000
1380556832687962;27.5;34.1;Sat Sep 07 2019 11:13:38 GMT+0200 (CEST);Sat Sep 07 2019 09:13:38 GMT+0200 (CEST);1567847618000
1380556832687962;27.5;34.4;Sat Sep 07 2019 11:15:31 GMT+0200 (CEST);Sat Sep 07 2019 09:15:31 GMT+0200 (CEST);1567847731000
1380556832687962;26;34.3;Sat Sep 07 2019 11:17:23 GMT+0200 (CEST);Sat Sep 07 2019 09:17:23 GMT+0200 (CEST);1567847843000
1380556832687962;26;34.4;Sat Sep 07 2019 11:19:18 GMT+0200 (CEST);Sat Sep 07 2019 09:19:18 GMT+0200 (CEST);1567847958000
1380556832687962;26;34.4;Sat Sep 07 2019 11:21:11 GMT+0200 (CEST);Sat Sep 07 2019 09:21:11 GMT+0200 (CEST);1567848071000
1380556832687962;27;34.5;Sat Sep 07 2019 11:23:04 GMT+0200 (CEST);Sat Sep 07 2019 09:23:04 GMT+0200 (CEST);1567848184000
1380556832687962;27;34.5;Sat Sep 07 2019 11:25:17 GMT+0200 (CEST);Sat Sep 07 2019 09:25:17 GMT+0200 (CEST);1567848317000
1380556832687962;27;34.5;Sat Sep 07 2019 11:27:10 GMT+0200 (CEST);Sat Sep 07 2019 09:27:10 GMT+0200 (CEST);1567848430000
1380556832687962;27.5;34.5;Sat Sep 07 2019 11:29:10 GMT+0200 (CEST);Sat Sep 07 2019 09:29:10 GMT+0200 (CEST);1567848550000
1380556832687962;27.5;34.4;Sat Sep 07 2019 11:31:05 GMT+0200 (CEST);Sat Sep 07 2019 09:31:05 GMT+0200 (CEST);1567848665000
1380556832687962;27.5;34.4;Sat Sep 07 2019 11:32:59 GMT+0200 (CEST);Sat Sep 07 2019 09:32:59 GMT+0200 (CEST);1567848779000
1380556832687962;27.5;34.4;Sat Sep 07 2019 11:34:53 GMT+0200 (CEST);Sat Sep 07 2019 09:34:53 GMT+0200 (CEST);1567848893000
1380556832687962;27.5;34.2;Sat Sep 07 2019 11:36:49 GMT+0200 (CEST);Sat Sep 07 2019 09:36:49 GMT+0200 (CEST);1567849009000
1380556832687962;30;34.1;Sat Sep 07 2019 11:38:42 GMT+0200 (CEST);Sat Sep 07 2019 09:38:42 GMT+0200 (CEST);1567849122000
1380556832687962;30;34.1;Sat Sep 07 2019 11:40:35 GMT+0200 (CEST);Sat Sep 07 2019 09:40:35 GMT+0200 (CEST);1567849235000
1380556832687962;32;33.6;Sat Sep 07 2019 11:42:28 GMT+0200 (CEST);Sat Sep 07 2019 09:42:28 GMT+0200 (CEST);1567849348000
1380556832687962;32;33.3;Sat Sep 07 2019 11:44:21 GMT+0200 (CEST);Sat Sep 07 2019 09:44:21 GMT+0200 (CEST);1567849461000
1380556832687962;32;33.3;Sat Sep 07 2019 11:46:16 GMT+0200 (CEST);Sat Sep 07 2019 09:46:16 GMT+0200 (CEST);1567849576000
1380556832687962;32;33.3;Sat Sep 07 2019 11:48:10 GMT+0200 (CEST);Sat Sep 07 2019 09:48:10 GMT+0200 (CEST);1567849690000
1380556832687962;32;33.1;Sat Sep 07 2019 11:50:07 GMT+0200 (CEST);Sat Sep 07 2019 09:50:07 GMT+0200 (CEST);1567849807000
1380556832687962;32;33.3;Sat Sep 07 2019 11:52:03 GMT+0200 (CEST);Sat Sep 07 2019 09:52:03 GMT+0200 (CEST);1567849923000
1380556832687962;32;33.1;Sat Sep 07 2019 11:53:59 GMT+0200 (CEST);Sat Sep 07 2019 09:53:59 GMT+0200 (CEST);1567850039000
1380556832687962;32;32.6;Sat Sep 07 2019 11:55:52 GMT+0200 (CEST);Sat Sep 07 2019 09:55:52 GMT+0200 (CEST);1567850152000
1380556832687962;37.6;32.6;Sat Sep 07 2019 11:57:47 GMT+0200 (CEST);Sat Sep 07 2019 09:57:47 GMT+0200 (CEST);1567850267000
1380556832687962;37.6;32.3;Sat Sep 07 2019 11:59:40 GMT+0200 (CEST);Sat Sep 07 2019 09:59:40 GMT+0200 (CEST);1567850380000
1380556832687962;37.6;32;Sat Sep 07 2019 12:01:33 GMT+0200 (CEST);Sat Sep 07 2019 10:01:33 GMT+0200 (CEST);1567850493000
1380556832687962;37.6;31.9;Sat Sep 07 2019 12:03:27 GMT+0200 (CEST);Sat Sep 07 2019 10:03:27 GMT+0200 (CEST);1567850607000
1380556832687962;37.6;31.8;Sat Sep 07 2019 12:05:20 GMT+0200 (CEST);Sat Sep 07 2019 10:05:20 GMT+0200 (CEST);1567850720000
1380556832687962;41.6;32;Sat Sep 07 2019 12:07:37 GMT+0200 (CEST);Sat Sep 07 2019 10:07:37 GMT+0200 (CEST);1567850857000
1380556832687962;41.6;32.6;Sat Sep 07 2019 12:09:30 GMT+0200 (CEST);Sat Sep 07 2019 10:09:30 GMT+0200 (CEST);1567850970000
1380556832687962;41.6;33;Sat Sep 07 2019 12:11:23 GMT+0200 (CEST);Sat Sep 07 2019 10:11:23 GMT+0200 (CEST);1567851083000
1380556832687962;41.6;32.9;Sat Sep 07 2019 12:13:16 GMT+0200 (CEST);Sat Sep 07 2019 10:13:16 GMT+0200 (CEST);1567851196000
1380556832687962;41.6;33;Sat Sep 07 2019 12:15:09 GMT+0200 (CEST);Sat Sep 07 2019 10:15:09 GMT+0200 (CEST);1567851309000
1380556832687962;41.6;32.8;Sat Sep 07 2019 12:17:09 GMT+0200 (CEST);Sat Sep 07 2019 10:17:09 GMT+0200 (CEST);1567851429000
1380556832687962;41.6;32.9;Sat Sep 07 2019 12:19:01 GMT+0200 (CEST);Sat Sep 07 2019 10:19:01 GMT+0200 (CEST);1567851541000
1380556832687962;39.1;32.9;Sat Sep 07 2019 12:20:54 GMT+0200 (CEST);Sat Sep 07 2019 10:20:54 GMT+0200 (CEST);1567851654000
1380556832687962;39.1;32.9;Sat Sep 07 2019 12:22:56 GMT+0200 (CEST);Sat Sep 07 2019 10:22:56 GMT+0200 (CEST);1567851776000
1380556832687962;39.1;32.8;Sat Sep 07 2019 12:24:52 GMT+0200 (CEST);Sat Sep 07 2019 10:24:52 GMT+0200 (CEST);1567851892000
1380556832687962;39.1;32.8;Sat Sep 07 2019 12:26:45 GMT+0200 (CEST);Sat Sep 07 2019 10:26:45 GMT+0200 (CEST);1567852005000
1380556832687962;39.1;32.9;Sat Sep 07 2019 12:28:47 GMT+0200 (CEST);Sat Sep 07 2019 10:28:47 GMT+0200 (CEST);1567852127000
1380556832687962;39.1;33.1;Sat Sep 07 2019 12:30:40 GMT+0200 (CEST);Sat Sep 07 2019 10:30:40 GMT+0200 (CEST);1567852240000
1380556832687962;39.1;33.1;Sat Sep 07 2019 12:32:32 GMT+0200 (CEST);Sat Sep 07 2019 10:32:32 GMT+0200 (CEST);1567852352000
1380556832687962;37.6;33.2;Sat Sep 07 2019 12:34:25 GMT+0200 (CEST);Sat Sep 07 2019 10:34:25 GMT+0200 (CEST);1567852465000
1380556832687962;37.6;33.4;Sat Sep 07 2019 12:36:18 GMT+0200 (CEST);Sat Sep 07 2019 10:36:18 GMT+0200 (CEST);1567852578000
1380556832687962;37.6;33.5;Sat Sep 07 2019 12:38:11 GMT+0200 (CEST);Sat Sep 07 2019 10:38:11 GMT+0200 (CEST);1567852691000
1380556832687962;35.6;33.7;Sat Sep 07 2019 12:40:05 GMT+0200 (CEST);Sat Sep 07 2019 10:40:05 GMT+0200 (CEST);1567852805000
1380556832687962;35.6;33.9;Sat Sep 07 2019 12:41:59 GMT+0200 (CEST);Sat Sep 07 2019 10:41:59 GMT+0200 (CEST);1567852919000
1380556832687962;35.6;34;Sat Sep 07 2019 12:43:53 GMT+0200 (CEST);Sat Sep 07 2019 10:43:53 GMT+0200 (CEST);1567853033000
1380556832687962;33.5;34;Sat Sep 07 2019 12:45:47 GMT+0200 (CEST);Sat Sep 07 2019 10:45:47 GMT+0200 (CEST);1567853147000
1380556832687962;33.5;34.2;Sat Sep 07 2019 12:47:40 GMT+0200 (CEST);Sat Sep 07 2019 10:47:40 GMT+0200 (CEST);1567853260000
1380556832687962;33.5;34.3;Sat Sep 07 2019 12:49:34 GMT+0200 (CEST);Sat Sep 07 2019 10:49:34 GMT+0200 (CEST);1567853374000
1380556832687962;33.5;34.2;Sat Sep 07 2019 12:51:28 GMT+0200 (CEST);Sat Sep 07 2019 10:51:28 GMT+0200 (CEST);1567853488000
1380556832687962;33.5;33.4;Sat Sep 07 2019 12:53:24 GMT+0200 (CEST);Sat Sep 07 2019 10:53:24 GMT+0200 (CEST);1567853604000
1380556832687962;34;33.5;Sat Sep 07 2019 12:55:20 GMT+0200 (CEST);Sat Sep 07 2019 10:55:20 GMT+0200 (CEST);1567853720000
1380556832687962;34;33.6;Sat Sep 07 2019 12:57:18 GMT+0200 (CEST);Sat Sep 07 2019 10:57:18 GMT+0200 (CEST);1567853838000
1380556832687962;37.6;33.1;Sat Sep 07 2019 12:59:14 GMT+0200 (CEST);Sat Sep 07 2019 10:59:14 GMT+0200 (CEST);1567853954000
1380556832687962;37.6;32.7;Sat Sep 07 2019 13:01:07 GMT+0200 (CEST);Sat Sep 07 2019 11:01:07 GMT+0200 (CEST);1567854067000
1380556832687962;37.6;31.3;Sat Sep 07 2019 13:03:02 GMT+0200 (CEST);Sat Sep 07 2019 11:03:02 GMT+0200 (CEST);1567854182000
1380556832687962;39.1;31.7;Sat Sep 07 2019 13:05:06 GMT+0200 (CEST);Sat Sep 07 2019 11:05:06 GMT+0200 (CEST);1567854306000
1380556832687962;39.1;32.6;Sat Sep 07 2019 13:07:05 GMT+0200 (CEST);Sat Sep 07 2019 11:07:05 GMT+0200 (CEST);1567854425000
1380556832687962;39.1;33.3;Sat Sep 07 2019 13:09:00 GMT+0200 (CEST);Sat Sep 07 2019 11:09:00 GMT+0200 (CEST);1567854540000
1380556832687962;39.1;32.7;Sat Sep 07 2019 13:10:52 GMT+0200 (CEST);Sat Sep 07 2019 11:10:52 GMT+0200 (CEST);1567854652000
1380556832687962;39.1;33.1;Sat Sep 07 2019 13:12:46 GMT+0200 (CEST);Sat Sep 07 2019 11:12:46 GMT+0200 (CEST);1567854766000
1380556832687962;38.1;32.6;Sat Sep 07 2019 13:14:39 GMT+0200 (CEST);Sat Sep 07 2019 11:14:39 GMT+0200 (CEST);1567854879000
1380556832687962;38.1;32.6;Sat Sep 07 2019 13:17:53 GMT+0200 (CEST);Sat Sep 07 2019 11:17:53 GMT+0200 (CEST);1567855073000
1380556832687962;38.1;32.8;Sat Sep 07 2019 13:19:46 GMT+0200 (CEST);Sat Sep 07 2019 11:19:46 GMT+0200 (CEST);1567855186000
1380556832687962;38.1;32.9;Sat Sep 07 2019 13:21:39 GMT+0200 (CEST);Sat Sep 07 2019 11:21:39 GMT+0200 (CEST);1567855299000
1380556832687962;38.1;33.3;Sat Sep 07 2019 13:23:35 GMT+0200 (CEST);Sat Sep 07 2019 11:23:35 GMT+0200 (CEST);1567855415000
1380556832687962;38.1;33.9;Sat Sep 07 2019 13:25:31 GMT+0200 (CEST);Sat Sep 07 2019 11:25:31 GMT+0200 (CEST);1567855531000
1380556832687962;38.1;33.9;Sat Sep 07 2019 13:27:26 GMT+0200 (CEST);Sat Sep 07 2019 11:27:26 GMT+0200 (CEST);1567855646000
1380556832687962;38.1;33.5;Sat Sep 07 2019 13:29:20 GMT+0200 (CEST);Sat Sep 07 2019 11:29:20 GMT+0200 (CEST);1567855760000
1380556832687962;38.1;33.7;Sat Sep 07 2019 13:31:13 GMT+0200 (CEST);Sat Sep 07 2019 11:31:13 GMT+0200 (CEST);1567855873000
1380556832687962;38.1;32.8;Sat Sep 07 2019 13:33:08 GMT+0200 (CEST);Sat Sep 07 2019 11:33:08 GMT+0200 (CEST);1567855988000
1380556832687962;36.1;32.9;Sat Sep 07 2019 13:35:02 GMT+0200 (CEST);Sat Sep 07 2019 11:35:02 GMT+0200 (CEST);1567856102000
1380556832687962;36.1;32.9;Sat Sep 07 2019 13:36:59 GMT+0200 (CEST);Sat Sep 07 2019 11:36:59 GMT+0200 (CEST);1567856219000
1380556832687962;36.1;33.2;Sat Sep 07 2019 13:38:52 GMT+0200 (CEST);Sat Sep 07 2019 11:38:52 GMT+0200 (CEST);1567856332000
1380556832687962;36.1;33.2;Sat Sep 07 2019 13:40:45 GMT+0200 (CEST);Sat Sep 07 2019 11:40:45 GMT+0200 (CEST);1567856445000
1380556832687962;36.1;32.5;Sat Sep 07 2019 13:42:37 GMT+0200 (CEST);Sat Sep 07 2019 11:42:37 GMT+0200 (CEST);1567856557000
1380556832687962;36.1;32.5;Sat Sep 07 2019 13:44:31 GMT+0200 (CEST);Sat Sep 07 2019 11:44:31 GMT+0200 (CEST);1567856671000
1380556832687962;36.1;32.6;Sat Sep 07 2019 13:46:33 GMT+0200 (CEST);Sat Sep 07 2019 11:46:33 GMT+0200 (CEST);1567856793000
1380556832687962;36.1;32.8;Sat Sep 07 2019 13:48:26 GMT+0200 (CEST);Sat Sep 07 2019 11:48:26 GMT+0200 (CEST);1567856906000
1380556832687962;36.1;32.9;Sat Sep 07 2019 13:50:19 GMT+0200 (CEST);Sat Sep 07 2019 11:50:19 GMT+0200 (CEST);1567857019000
1380556832687962;36.1;32.9;Sat Sep 07 2019 13:52:16 GMT+0200 (CEST);Sat Sep 07 2019 11:52:16 GMT+0200 (CEST);1567857136000
1380556832687962;37.6;32.9;Sat Sep 07 2019 13:54:19 GMT+0200 (CEST);Sat Sep 07 2019 11:54:19 GMT+0200 (CEST);1567857259000
1380556832687962;37.6;33;Sat Sep 07 2019 13:56:14 GMT+0200 (CEST);Sat Sep 07 2019 11:56:14 GMT+0200 (CEST);1567857374000
1380556832687962;37.6;33.1;Sat Sep 07 2019 13:58:07 GMT+0200 (CEST);Sat Sep 07 2019 11:58:07 GMT+0200 (CEST);1567857487000
1380556832687962;36.1;33.1;Sat Sep 07 2019 14:00:00 GMT+0200 (CEST);Sat Sep 07 2019 12:00:00 GMT+0200 (CEST);1567857600000
1380556832687962;36.1;33.1;Sat Sep 07 2019 14:01:53 GMT+0200 (CEST);Sat Sep 07 2019 12:01:53 GMT+0200 (CEST);1567857713000
1380556832687962;36.1;32.9;Sat Sep 07 2019 14:03:45 GMT+0200 (CEST);Sat Sep 07 2019 12:03:45 GMT+0200 (CEST);1567857825000
1380556832687962;36.1;32.8;Sat Sep 07 2019 14:07:57 GMT+0200 (CEST);Sat Sep 07 2019 12:07:57 GMT+0200 (CEST);1567858077000
1380556832687962;36.1;32.7;Sat Sep 07 2019 14:09:53 GMT+0200 (CEST);Sat Sep 07 2019 12:09:53 GMT+0200 (CEST);1567858193000
1380556832687962;36.1;33;Sat Sep 07 2019 14:11:46 GMT+0200 (CEST);Sat Sep 07 2019 12:11:46 GMT+0200 (CEST);1567858306000
1380556832687962;36.1;33.2;Sat Sep 07 2019 14:13:39 GMT+0200 (CEST);Sat Sep 07 2019 12:13:39 GMT+0200 (CEST);1567858419000
1380556832687962;36.1;33.3;Sat Sep 07 2019 14:15:31 GMT+0200 (CEST);Sat Sep 07 2019 12:15:31 GMT+0200 (CEST);1567858531000
1380556832687962;36.1;33.5;Sat Sep 07 2019 14:17:26 GMT+0200 (CEST);Sat Sep 07 2019 12:17:26 GMT+0200 (CEST);1567858646000
1380556832687962;36.1;33.2;Sat Sep 07 2019 14:19:27 GMT+0200 (CEST);Sat Sep 07 2019 12:19:27 GMT+0200 (CEST);1567858767000
1380556832687962;36.1;32.8;Sat Sep 07 2019 14:21:20 GMT+0200 (CEST);Sat Sep 07 2019 12:21:20 GMT+0200 (CEST);1567858880000
1380556832687962;36.1;32.3;Sat Sep 07 2019 14:23:15 GMT+0200 (CEST);Sat Sep 07 2019 12:23:15 GMT+0200 (CEST);1567858995000
1380556832687962;29.5;31.9;Sat Sep 07 2019 14:25:17 GMT+0200 (CEST);Sat Sep 07 2019 12:25:17 GMT+0200 (CEST);1567859117000
1380556832687962;29.5;31.8;Sat Sep 07 2019 14:27:10 GMT+0200 (CEST);Sat Sep 07 2019 12:27:10 GMT+0200 (CEST);1567859230000
1380556832687962;29.5;31.6;Sat Sep 07 2019 14:29:02 GMT+0200 (CEST);Sat Sep 07 2019 12:29:02 GMT+0200 (CEST);1567859342000
1380556832687962;29.5;31.4;Sat Sep 07 2019 14:30:55 GMT+0200 (CEST);Sat Sep 07 2019 12:30:55 GMT+0200 (CEST);1567859455000
1380556832687962;29.5;31;Sat Sep 07 2019 14:32:48 GMT+0200 (CEST);Sat Sep 07 2019 12:32:48 GMT+0200 (CEST);1567859568000
1380556832687962;26;30.9;Sat Sep 07 2019 14:34:41 GMT+0200 (CEST);Sat Sep 07 2019 12:34:41 GMT+0200 (CEST);1567859681000
1380556832687962;26;30.9;Sat Sep 07 2019 14:36:50 GMT+0200 (CEST);Sat Sep 07 2019 12:36:50 GMT+0200 (CEST);1567859810000
1380556832687962;26;30.6;Sat Sep 07 2019 14:38:43 GMT+0200 (CEST);Sat Sep 07 2019 12:38:43 GMT+0200 (CEST);1567859923000
1380556832687962;26;30.4;Sat Sep 07 2019 14:40:37 GMT+0200 (CEST);Sat Sep 07 2019 12:40:37 GMT+0200 (CEST);1567860037000
1380556832687962;23;30.4;Sat Sep 07 2019 14:42:31 GMT+0200 (CEST);Sat Sep 07 2019 12:42:31 GMT+0200 (CEST);1567860151000
1380556832687962;23;30.4;Sat Sep 07 2019 14:44:24 GMT+0200 (CEST);Sat Sep 07 2019 12:44:24 GMT+0200 (CEST);1567860264000
1380556832687962;23;30.4;Sat Sep 07 2019 14:46:17 GMT+0200 (CEST);Sat Sep 07 2019 12:46:17 GMT+0200 (CEST);1567860377000
1380556832687962;23;31;Sat Sep 07 2019 14:48:10 GMT+0200 (CEST);Sat Sep 07 2019 12:48:10 GMT+0200 (CEST);1567860490000
1380556832687962;23;31.2;Sat Sep 07 2019 14:50:02 GMT+0200 (CEST);Sat Sep 07 2019 12:50:02 GMT+0200 (CEST);1567860602000
1380556832687962;23;33.8;Sat Sep 07 2019 14:51:55 GMT+0200 (CEST);Sat Sep 07 2019 12:51:55 GMT+0200 (CEST);1567860715000
1380556832687962;23;34.4;Sat Sep 07 2019 14:54:00 GMT+0200 (CEST);Sat Sep 07 2019 12:54:00 GMT+0200 (CEST);1567860840000
1380556832687962;23;34.7;Sat Sep 07 2019 14:55:52 GMT+0200 (CEST);Sat Sep 07 2019 12:55:52 GMT+0200 (CEST);1567860952000
1380556832687962;23;34.9;Sat Sep 07 2019 14:57:45 GMT+0200 (CEST);Sat Sep 07 2019 12:57:45 GMT+0200 (CEST);1567861065000
1380556832687962;23;35.1;Sat Sep 07 2019 14:59:38 GMT+0200 (CEST);Sat Sep 07 2019 12:59:38 GMT+0200 (CEST);1567861178000
1380556832687962;23;34.8;Sat Sep 07 2019 15:01:31 GMT+0200 (CEST);Sat Sep 07 2019 13:01:31 GMT+0200 (CEST);1567861291000
1380556832687962;23;35.4;Sat Sep 07 2019 15:03:24 GMT+0200 (CEST);Sat Sep 07 2019 13:03:24 GMT+0200 (CEST);1567861404000
1380556832687962;23;35.4;Sat Sep 07 2019 15:05:18 GMT+0200 (CEST);Sat Sep 07 2019 13:05:18 GMT+0200 (CEST);1567861518000
1380556832687962;23;35.3;Sat Sep 07 2019 15:07:10 GMT+0200 (CEST);Sat Sep 07 2019 13:07:10 GMT+0200 (CEST);1567861630000
1380556832687962;23;35.5;Sat Sep 07 2019 15:09:06 GMT+0200 (CEST);Sat Sep 07 2019 13:09:06 GMT+0200 (CEST);1567861746000
1380556832687962;23;35.5;Sat Sep 07 2019 15:11:00 GMT+0200 (CEST);Sat Sep 07 2019 13:11:00 GMT+0200 (CEST);1567861860000
1380556832687962;22;35.7;Sat Sep 07 2019 15:12:53 GMT+0200 (CEST);Sat Sep 07 2019 13:12:53 GMT+0200 (CEST);1567861973000
1380556832687962;22;36.1;Sat Sep 07 2019 15:14:45 GMT+0200 (CEST);Sat Sep 07 2019 13:14:45 GMT+0200 (CEST);1567862085000
1380556832687962;22;35.9;Sat Sep 07 2019 15:16:45 GMT+0200 (CEST);Sat Sep 07 2019 13:16:45 GMT+0200 (CEST);1567862205000
1380556832687962;22;36.8;Sat Sep 07 2019 15:18:58 GMT+0200 (CEST);Sat Sep 07 2019 13:18:58 GMT+0200 (CEST);1567862338000
1380556832687962;22;36.8;Sat Sep 07 2019 15:20:50 GMT+0200 (CEST);Sat Sep 07 2019 13:20:50 GMT+0200 (CEST);1567862450000
1380556832687962;23;36.9;Sat Sep 07 2019 15:22:43 GMT+0200 (CEST);Sat Sep 07 2019 13:22:43 GMT+0200 (CEST);1567862563000
1380556832687962;23;37.3;Sat Sep 07 2019 15:24:36 GMT+0200 (CEST);Sat Sep 07 2019 13:24:36 GMT+0200 (CEST);1567862676000
1380556832687962;23;35.7;Sat Sep 07 2019 15:26:29 GMT+0200 (CEST);Sat Sep 07 2019 13:26:29 GMT+0200 (CEST);1567862789000
1380556832687962;23;35.8;Sat Sep 07 2019 15:28:22 GMT+0200 (CEST);Sat Sep 07 2019 13:28:22 GMT+0200 (CEST);1567862902000
1380556832687962;23;35.7;Sat Sep 07 2019 15:30:15 GMT+0200 (CEST);Sat Sep 07 2019 13:30:15 GMT+0200 (CEST);1567863015000
1380556832687962;23;35.7;Sat Sep 07 2019 15:32:17 GMT+0200 (CEST);Sat Sep 07 2019 13:32:17 GMT+0200 (CEST);1567863137000
1380556832687962;23;35.7;Sat Sep 07 2019 15:34:10 GMT+0200 (CEST);Sat Sep 07 2019 13:34:10 GMT+0200 (CEST);1567863250000
1380556832687962;23;35.7;Sat Sep 07 2019 15:36:02 GMT+0200 (CEST);Sat Sep 07 2019 13:36:02 GMT+0200 (CEST);1567863362000
1380556832687962;23;35.7;Sat Sep 07 2019 15:38:00 GMT+0200 (CEST);Sat Sep 07 2019 13:38:00 GMT+0200 (CEST);1567863480000
1380556832687962;23;35.3;Sat Sep 07 2019 15:39:58 GMT+0200 (CEST);Sat Sep 07 2019 13:39:58 GMT+0200 (CEST);1567863598000
1380556832687962;23;35;Sat Sep 07 2019 15:41:51 GMT+0200 (CEST);Sat Sep 07 2019 13:41:51 GMT+0200 (CEST);1567863711000
1380556832687962;23;34.1;Sat Sep 07 2019 15:43:45 GMT+0200 (CEST);Sat Sep 07 2019 13:43:45 GMT+0200 (CEST);1567863825000
1380556832687962;23;33.7;Sat Sep 07 2019 15:45:39 GMT+0200 (CEST);Sat Sep 07 2019 13:45:39 GMT+0200 (CEST);1567863939000
1380556832687962;23;33.3;Sat Sep 07 2019 15:47:32 GMT+0200 (CEST);Sat Sep 07 2019 13:47:32 GMT+0200 (CEST);1567864052000
1380556832687962;23;33.3;Sat Sep 07 2019 15:49:24 GMT+0200 (CEST);Sat Sep 07 2019 13:49:24 GMT+0200 (CEST);1567864164000
1380556832687962;23;33.4;Sat Sep 07 2019 15:51:23 GMT+0200 (CEST);Sat Sep 07 2019 13:51:23 GMT+0200 (CEST);1567864283000
1380556832687962;23;34;Sat Sep 07 2019 15:53:15 GMT+0200 (CEST);Sat Sep 07 2019 13:53:15 GMT+0200 (CEST);1567864395000
1380556832687962;23;34.3;Sat Sep 07 2019 15:55:09 GMT+0200 (CEST);Sat Sep 07 2019 13:55:09 GMT+0200 (CEST);1567864509000
1380556832687962;23;34.7;Sat Sep 07 2019 15:57:05 GMT+0200 (CEST);Sat Sep 07 2019 13:57:05 GMT+0200 (CEST);1567864625000
1380556832687962;23;35.7;Sat Sep 07 2019 15:58:58 GMT+0200 (CEST);Sat Sep 07 2019 13:58:58 GMT+0200 (CEST);1567864738000
1380556832687962;23;35.6;Sat Sep 07 2019 16:00:51 GMT+0200 (CEST);Sat Sep 07 2019 14:00:51 GMT+0200 (CEST);1567864851000
1380556832687962;23;35.6;Sat Sep 07 2019 16:02:45 GMT+0200 (CEST);Sat Sep 07 2019 14:02:45 GMT+0200 (CEST);1567864965000
1380556832687962;23;35.9;Sat Sep 07 2019 16:04:38 GMT+0200 (CEST);Sat Sep 07 2019 14:04:38 GMT+0200 (CEST);1567865078000
1380556832687962;23;35.9;Sat Sep 07 2019 16:06:38 GMT+0200 (CEST);Sat Sep 07 2019 14:06:38 GMT+0200 (CEST);1567865198000
1380556832687962;23;36.1;Sat Sep 07 2019 16:08:33 GMT+0200 (CEST);Sat Sep 07 2019 14:08:33 GMT+0200 (CEST);1567865313000
1380556832687962;23;36.1;Sat Sep 07 2019 16:10:27 GMT+0200 (CEST);Sat Sep 07 2019 14:10:27 GMT+0200 (CEST);1567865427000
1380556832687962;23;36.4;Sat Sep 07 2019 16:12:20 GMT+0200 (CEST);Sat Sep 07 2019 14:12:20 GMT+0200 (CEST);1567865540000
1380556832687962;23;36.1;Sat Sep 07 2019 16:14:19 GMT+0200 (CEST);Sat Sep 07 2019 14:14:19 GMT+0200 (CEST);1567865659000
1380556832687962;23;36.5;Sat Sep 07 2019 16:16:16 GMT+0200 (CEST);Sat Sep 07 2019 14:16:16 GMT+0200 (CEST);1567865776000
1380556832687962;23;36.5;Sat Sep 07 2019 16:18:09 GMT+0200 (CEST);Sat Sep 07 2019 14:18:09 GMT+0200 (CEST);1567865889000
1380556832687962;23;36.7;Sat Sep 07 2019 16:20:04 GMT+0200 (CEST);Sat Sep 07 2019 14:20:04 GMT+0200 (CEST);1567866004000
1380556832687962;23;37.3;Sat Sep 07 2019 16:22:00 GMT+0200 (CEST);Sat Sep 07 2019 14:22:00 GMT+0200 (CEST);1567866120000
1380556832687962;23;37.3;Sat Sep 07 2019 16:23:53 GMT+0200 (CEST);Sat Sep 07 2019 14:23:53 GMT+0200 (CEST);1567866233000
1380556832687962;23;37.4;Sat Sep 07 2019 16:25:46 GMT+0200 (CEST);Sat Sep 07 2019 14:25:46 GMT+0200 (CEST);1567866346000
1380556832687962;23;36.1;Sat Sep 07 2019 16:27:44 GMT+0200 (CEST);Sat Sep 07 2019 14:27:44 GMT+0200 (CEST);1567866464000
1380556832687962;23;36.1;Sat Sep 07 2019 16:29:37 GMT+0200 (CEST);Sat Sep 07 2019 14:29:37 GMT+0200 (CEST);1567866577000
1380556832687962;23;36.1;Sat Sep 07 2019 16:31:33 GMT+0200 (CEST);Sat Sep 07 2019 14:31:33 GMT+0200 (CEST);1567866693000
1380556832687962;23;36.1;Sat Sep 07 2019 16:33:26 GMT+0200 (CEST);Sat Sep 07 2019 14:33:26 GMT+0200 (CEST);1567866806000
1380556832687962;23;36.1;Sat Sep 07 2019 16:35:19 GMT+0200 (CEST);Sat Sep 07 2019 14:35:19 GMT+0200 (CEST);1567866919000
1380556832687962;23;35.8;Sat Sep 07 2019 16:37:15 GMT+0200 (CEST);Sat Sep 07 2019 14:37:15 GMT+0200 (CEST);1567867035000
1380556832687962;23;35.8;Sat Sep 07 2019 16:39:07 GMT+0200 (CEST);Sat Sep 07 2019 14:39:07 GMT+0200 (CEST);1567867147000
1380556832687962;23;35.8;Sat Sep 07 2019 16:41:03 GMT+0200 (CEST);Sat Sep 07 2019 14:41:03 GMT+0200 (CEST);1567867263000
1380556832687962;23;35.8;Sat Sep 07 2019 16:42:56 GMT+0200 (CEST);Sat Sep 07 2019 14:42:56 GMT+0200 (CEST);1567867376000
1380556832687962;23;35.8;Sat Sep 07 2019 16:44:49 GMT+0200 (CEST);Sat Sep 07 2019 14:44:49 GMT+0200 (CEST);1567867489000
1380556832687962;23;35.8;Sat Sep 07 2019 16:46:43 GMT+0200 (CEST);Sat Sep 07 2019 14:46:43 GMT+0200 (CEST);1567867603000
1380556832687962;23;35.8;Sat Sep 07 2019 16:48:35 GMT+0200 (CEST);Sat Sep 07 2019 14:48:35 GMT+0200 (CEST);1567867715000
1380556832687962;23;35.7;Sat Sep 07 2019 16:50:51 GMT+0200 (CEST);Sat Sep 07 2019 14:50:51 GMT+0200 (CEST);1567867851000
1380556832687962;23;35.8;Sat Sep 07 2019 16:52:45 GMT+0200 (CEST);Sat Sep 07 2019 14:52:45 GMT+0200 (CEST);1567867965000
1380556832687962;23;35.4;Sat Sep 07 2019 16:54:43 GMT+0200 (CEST);Sat Sep 07 2019 14:54:43 GMT+0200 (CEST);1567868083000
1380556832687962;23;35.4;Sat Sep 07 2019 16:56:36 GMT+0200 (CEST);Sat Sep 07 2019 14:56:36 GMT+0200 (CEST);1567868196000
1380556832687962;23;35.4;Sat Sep 07 2019 16:58:30 GMT+0200 (CEST);Sat Sep 07 2019 14:58:30 GMT+0200 (CEST);1567868310000
1380556832687962;22;35.4;Sat Sep 07 2019 17:00:25 GMT+0200 (CEST);Sat Sep 07 2019 15:00:25 GMT+0200 (CEST);1567868425000
1380556832687962;22;35.4;Sat Sep 07 2019 17:02:18 GMT+0200 (CEST);Sat Sep 07 2019 15:02:18 GMT+0200 (CEST);1567868538000
1380556832687962;22;35.4;Sat Sep 07 2019 17:04:11 GMT+0200 (CEST);Sat Sep 07 2019 15:04:11 GMT+0200 (CEST);1567868651000
1380556832687962;22;35.4;Sat Sep 07 2019 17:06:03 GMT+0200 (CEST);Sat Sep 07 2019 15:06:03 GMT+0200 (CEST);1567868763000
1380556832687962;22;33.8;Sat Sep 07 2019 17:07:56 GMT+0200 (CEST);Sat Sep 07 2019 15:07:56 GMT+0200 (CEST);1567868876000
1380556832687962;22;31.2;Sat Sep 07 2019 17:09:50 GMT+0200 (CEST);Sat Sep 07 2019 15:09:50 GMT+0200 (CEST);1567868990000
1380556832687962;22;31.6;Sat Sep 07 2019 17:11:51 GMT+0200 (CEST);Sat Sep 07 2019 15:11:51 GMT+0200 (CEST);1567869111000
1380556832687962;22;31.6;Sat Sep 07 2019 17:13:44 GMT+0200 (CEST);Sat Sep 07 2019 15:13:44 GMT+0200 (CEST);1567869224000
1380556832687962;22;31.7;Sat Sep 07 2019 17:15:37 GMT+0200 (CEST);Sat Sep 07 2019 15:15:37 GMT+0200 (CEST);1567869337000
1380556832687962;22;32.1;Sat Sep 07 2019 17:17:34 GMT+0200 (CEST);Sat Sep 07 2019 15:17:34 GMT+0200 (CEST);1567869454000
1380556832687962;21.5;32.1;Sat Sep 07 2019 17:19:26 GMT+0200 (CEST);Sat Sep 07 2019 15:19:26 GMT+0200 (CEST);1567869566000
1380556832687962;21.5;32.1;Sat Sep 07 2019 17:21:22 GMT+0200 (CEST);Sat Sep 07 2019 15:21:22 GMT+0200 (CEST);1567869682000
1380556832687962;21.5;32;Sat Sep 07 2019 17:23:15 GMT+0200 (CEST);Sat Sep 07 2019 15:23:15 GMT+0200 (CEST);1567869795000
1380556832687962;21.5;32;Sat Sep 07 2019 17:25:08 GMT+0200 (CEST);Sat Sep 07 2019 15:25:08 GMT+0200 (CEST);1567869908000
1380556832687962;21.5;31.9;Sat Sep 07 2019 17:27:01 GMT+0200 (CEST);Sat Sep 07 2019 15:27:01 GMT+0200 (CEST);1567870021000
1380556832687962;21.5;32.2;Sat Sep 07 2019 17:28:58 GMT+0200 (CEST);Sat Sep 07 2019 15:28:58 GMT+0200 (CEST);1567870138000
1380556832687962;21.5;32.3;Sat Sep 07 2019 17:30:53 GMT+0200 (CEST);Sat Sep 07 2019 15:30:53 GMT+0200 (CEST);1567870253000
1380556832687962;21.5;32.8;Sat Sep 07 2019 17:32:35 GMT+0200 (CEST);Sat Sep 07 2019 15:32:35 GMT+0200 (CEST);1567870355000
1380556832687962;21.5;33.1;Sat Sep 07 2019 17:34:28 GMT+0200 (CEST);Sat Sep 07 2019 15:34:28 GMT+0200 (CEST);1567870468000
1380556832687962;21.5;33.1;Sat Sep 07 2019 17:36:22 GMT+0200 (CEST);Sat Sep 07 2019 15:36:22 GMT+0200 (CEST);1567870582000
1380556832687962;22;33.5;Sat Sep 07 2019 17:38:15 GMT+0200 (CEST);Sat Sep 07 2019 15:38:15 GMT+0200 (CEST);1567870695000
1380556832687962;22;33.9;Sat Sep 07 2019 17:40:10 GMT+0200 (CEST);Sat Sep 07 2019 15:40:10 GMT+0200 (CEST);1567870810000
1380556832687962;22;34;Sat Sep 07 2019 17:42:02 GMT+0200 (CEST);Sat Sep 07 2019 15:42:02 GMT+0200 (CEST);1567870922000
1380556832687962;22;34.1;Sat Sep 07 2019 17:43:56 GMT+0200 (CEST);Sat Sep 07 2019 15:43:56 GMT+0200 (CEST);1567871036000
1380556832687962;22;34.1;Sat Sep 07 2019 17:45:49 GMT+0200 (CEST);Sat Sep 07 2019 15:45:49 GMT+0200 (CEST);1567871149000
1380556832687962;23;34;Sat Sep 07 2019 17:47:36 GMT+0200 (CEST);Sat Sep 07 2019 15:47:36 GMT+0200 (CEST);1567871256000
1380556832687962;23;34;Sat Sep 07 2019 17:49:31 GMT+0200 (CEST);Sat Sep 07 2019 15:49:31 GMT+0200 (CEST);1567871371000
1380556832687962;23;34;Sat Sep 07 2019 17:51:24 GMT+0200 (CEST);Sat Sep 07 2019 15:51:24 GMT+0200 (CEST);1567871484000
1380556832687962;23;34;Sat Sep 07 2019 17:53:16 GMT+0200 (CEST);Sat Sep 07 2019 15:53:16 GMT+0200 (CEST);1567871596000
1380556832687962;23;33.9;Sat Sep 07 2019 17:55:13 GMT+0200 (CEST);Sat Sep 07 2019 15:55:13 GMT+0200 (CEST);1567871713000
1380556832687962;23;34;Sat Sep 07 2019 17:57:08 GMT+0200 (CEST);Sat Sep 07 2019 15:57:08 GMT+0200 (CEST);1567871828000
1380556832687962;23;33.8;Sat Sep 07 2019 17:59:01 GMT+0200 (CEST);Sat Sep 07 2019 15:59:01 GMT+0200 (CEST);1567871941000
1380556832687962;23;33.8;Sat Sep 07 2019 18:00:53 GMT+0200 (CEST);Sat Sep 07 2019 16:00:53 GMT+0200 (CEST);1567872053000
1380556832687962;23;33.5;Sat Sep 07 2019 18:02:46 GMT+0200 (CEST);Sat Sep 07 2019 16:02:46 GMT+0200 (CEST);1567872166000
1380556832687962;23;33.5;Sat Sep 07 2019 18:04:40 GMT+0200 (CEST);Sat Sep 07 2019 16:04:40 GMT+0200 (CEST);1567872280000
1380556832687962;23;33.5;Sat Sep 07 2019 18:06:33 GMT+0200 (CEST);Sat Sep 07 2019 16:06:33 GMT+0200 (CEST);1567872393000
1380556832687962;23;33.4;Sat Sep 07 2019 18:08:48 GMT+0200 (CEST);Sat Sep 07 2019 16:08:48 GMT+0200 (CEST);1567872528000
1380556832687962;23;33.3;Sat Sep 07 2019 18:10:41 GMT+0200 (CEST);Sat Sep 07 2019 16:10:41 GMT+0200 (CEST);1567872641000
1380556832687962;23;33.4;Sat Sep 07 2019 18:12:25 GMT+0200 (CEST);Sat Sep 07 2019 16:12:25 GMT+0200 (CEST);1567872745000
1380556832687962;23;33.1;Sat Sep 07 2019 18:14:17 GMT+0200 (CEST);Sat Sep 07 2019 16:14:17 GMT+0200 (CEST);1567872857000
1380556832687962;23;33;Sat Sep 07 2019 18:16:10 GMT+0200 (CEST);Sat Sep 07 2019 16:16:10 GMT+0200 (CEST);1567872970000
1380556832687962;24;33;Sat Sep 07 2019 18:18:04 GMT+0200 (CEST);Sat Sep 07 2019 16:18:04 GMT+0200 (CEST);1567873084000
1380556832687962;24;33.3;Sat Sep 07 2019 18:19:57 GMT+0200 (CEST);Sat Sep 07 2019 16:19:57 GMT+0200 (CEST);1567873197000
1380556832687962;23;33.3;Sat Sep 07 2019 18:21:50 GMT+0200 (CEST);Sat Sep 07 2019 16:21:50 GMT+0200 (CEST);1567873310000
1380556832687962;23;33.5;Sat Sep 07 2019 18:23:53 GMT+0200 (CEST);Sat Sep 07 2019 16:23:53 GMT+0200 (CEST);1567873433000
1380556832687962;23;33.5;Sat Sep 07 2019 18:25:46 GMT+0200 (CEST);Sat Sep 07 2019 16:25:46 GMT+0200 (CEST);1567873546000
1380556832687962;23;33.3;Sat Sep 07 2019 18:27:38 GMT+0200 (CEST);Sat Sep 07 2019 16:27:38 GMT+0200 (CEST);1567873658000
1380556832687962;23;33.3;Sat Sep 07 2019 18:29:31 GMT+0200 (CEST);Sat Sep 07 2019 16:29:31 GMT+0200 (CEST);1567873771000
1380556832687962;23;34;Sat Sep 07 2019 18:31:23 GMT+0200 (CEST);Sat Sep 07 2019 16:31:23 GMT+0200 (CEST);1567873883000
1380556832687962;23;34.4;Sat Sep 07 2019 18:33:16 GMT+0200 (CEST);Sat Sep 07 2019 16:33:16 GMT+0200 (CEST);1567873996000
1380556832687962;23;33.9;Sat Sep 07 2019 18:35:08 GMT+0200 (CEST);Sat Sep 07 2019 16:35:08 GMT+0200 (CEST);1567874108000
1380556832687962;23;34;Sat Sep 07 2019 18:37:10 GMT+0200 (CEST);Sat Sep 07 2019 16:37:10 GMT+0200 (CEST);1567874230000
1380556832687962;23;34;Sat Sep 07 2019 18:39:08 GMT+0200 (CEST);Sat Sep 07 2019 16:39:08 GMT+0200 (CEST);1567874348000
1380556832687962;23;33.6;Sat Sep 07 2019 18:41:00 GMT+0200 (CEST);Sat Sep 07 2019 16:41:00 GMT+0200 (CEST);1567874460000
1380556832687962;23;32.4;Sat Sep 07 2019 18:42:53 GMT+0200 (CEST);Sat Sep 07 2019 16:42:53 GMT+0200 (CEST);1567874573000
1380556832687962;23;32.3;Sat Sep 07 2019 18:44:46 GMT+0200 (CEST);Sat Sep 07 2019 16:44:46 GMT+0200 (CEST);1567874686000
1380556832687962;23;32.3;Sat Sep 07 2019 18:46:39 GMT+0200 (CEST);Sat Sep 07 2019 16:46:39 GMT+0200 (CEST);1567874799000
1380556832687962;23;32.3;Sat Sep 07 2019 18:48:32 GMT+0200 (CEST);Sat Sep 07 2019 16:48:32 GMT+0200 (CEST);1567874912000
1380556832687962;23;32.3;Sat Sep 07 2019 18:50:35 GMT+0200 (CEST);Sat Sep 07 2019 16:50:35 GMT+0200 (CEST);1567875035000
1380556832687962;23;32.7;Sat Sep 07 2019 18:52:27 GMT+0200 (CEST);Sat Sep 07 2019 16:52:27 GMT+0200 (CEST);1567875147000
1380556832687962;23;32.7;Sat Sep 07 2019 18:54:30 GMT+0200 (CEST);Sat Sep 07 2019 16:54:30 GMT+0200 (CEST);1567875270000
1380556832687962;22;32.7;Sat Sep 07 2019 18:56:24 GMT+0200 (CEST);Sat Sep 07 2019 16:56:24 GMT+0200 (CEST);1567875384000
1380556832687962;22;32.7;Sat Sep 07 2019 18:58:24 GMT+0200 (CEST);Sat Sep 07 2019 16:58:24 GMT+0200 (CEST);1567875504000
1380556832687962;22;32.7;Sat Sep 07 2019 19:00:16 GMT+0200 (CEST);Sat Sep 07 2019 17:00:16 GMT+0200 (CEST);1567875616000
1380556832687962;22;32;Sat Sep 07 2019 19:02:13 GMT+0200 (CEST);Sat Sep 07 2019 17:02:13 GMT+0200 (CEST);1567875733000
1380556832687962;22;31.7;Sat Sep 07 2019 19:04:16 GMT+0200 (CEST);Sat Sep 07 2019 17:04:16 GMT+0200 (CEST);1567875856000
1380556832687962;22;31.6;Sat Sep 07 2019 19:06:08 GMT+0200 (CEST);Sat Sep 07 2019 17:06:08 GMT+0200 (CEST);1567875968000
1380556832687962;22;31.7;Sat Sep 07 2019 19:08:05 GMT+0200 (CEST);Sat Sep 07 2019 17:08:05 GMT+0200 (CEST);1567876085000
1380556832687962;22;31.1;Sat Sep 07 2019 19:09:58 GMT+0200 (CEST);Sat Sep 07 2019 17:09:58 GMT+0200 (CEST);1567876198000
1380556832687962;22;31.1;Sat Sep 07 2019 19:11:51 GMT+0200 (CEST);Sat Sep 07 2019 17:11:51 GMT+0200 (CEST);1567876311000
1380556832687962;22;31;Sat Sep 07 2019 19:13:44 GMT+0200 (CEST);Sat Sep 07 2019 17:13:44 GMT+0200 (CEST);1567876424000
1380556832687962;21.5;31;Sat Sep 07 2019 19:15:38 GMT+0200 (CEST);Sat Sep 07 2019 17:15:38 GMT+0200 (CEST);1567876538000
1380556832687962;21.5;31;Sat Sep 07 2019 19:17:32 GMT+0200 (CEST);Sat Sep 07 2019 17:17:32 GMT+0200 (CEST);1567876652000
1380556832687962;21.5;30.6;Sat Sep 07 2019 19:19:25 GMT+0200 (CEST);Sat Sep 07 2019 17:19:25 GMT+0200 (CEST);1567876765000
1380556832687962;21.5;30.7;Sat Sep 07 2019 19:21:18 GMT+0200 (CEST);Sat Sep 07 2019 17:21:18 GMT+0200 (CEST);1567876878000
1380556832687962;21.5;30.6;Sat Sep 07 2019 19:23:11 GMT+0200 (CEST);Sat Sep 07 2019 17:23:11 GMT+0200 (CEST);1567876991000
1380556832687962;19.9;30.6;Sat Sep 07 2019 19:25:12 GMT+0200 (CEST);Sat Sep 07 2019 17:25:12 GMT+0200 (CEST);1567877112000
1380556832687962;19.9;30.5;Sat Sep 07 2019 19:27:04 GMT+0200 (CEST);Sat Sep 07 2019 17:27:04 GMT+0200 (CEST);1567877224000
1380556832687962;19.9;30.3;Sat Sep 07 2019 19:28:57 GMT+0200 (CEST);Sat Sep 07 2019 17:28:57 GMT+0200 (CEST);1567877337000
1380556832687962;19.9;29.9;Sat Sep 07 2019 19:30:50 GMT+0200 (CEST);Sat Sep 07 2019 17:30:50 GMT+0200 (CEST);1567877450000
1380556832687962;19.9;28.9;Sat Sep 07 2019 19:32:44 GMT+0200 (CEST);Sat Sep 07 2019 17:32:44 GMT+0200 (CEST);1567877564000
1380556832687962;19.4;28.4;Sat Sep 07 2019 19:34:37 GMT+0200 (CEST);Sat Sep 07 2019 17:34:37 GMT+0200 (CEST);1567877677000
1380556832687962;19.4;28.1;Sat Sep 07 2019 19:36:29 GMT+0200 (CEST);Sat Sep 07 2019 17:36:29 GMT+0200 (CEST);1567877789000
1380556832687962;19.4;27.4;Sat Sep 07 2019 19:38:29 GMT+0200 (CEST);Sat Sep 07 2019 17:38:29 GMT+0200 (CEST);1567877909000
1380556832687962;19.4;27.4;Sat Sep 07 2019 19:40:22 GMT+0200 (CEST);Sat Sep 07 2019 17:40:22 GMT+0200 (CEST);1567878022000
1380556832687962;19.4;27.4;Sat Sep 07 2019 19:42:17 GMT+0200 (CEST);Sat Sep 07 2019 17:42:17 GMT+0200 (CEST);1567878137000
1380556832687962;19.4;29.5;Sat Sep 07 2019 19:44:10 GMT+0200 (CEST);Sat Sep 07 2019 17:44:10 GMT+0200 (CEST);1567878250000
1380556832687962;19.4;24.8;Sat Sep 07 2019 19:46:03 GMT+0200 (CEST);Sat Sep 07 2019 17:46:03 GMT+0200 (CEST);1567878363000
1380556832687962;19.4;22.5;Sat Sep 07 2019 19:47:56 GMT+0200 (CEST);Sat Sep 07 2019 17:47:56 GMT+0200 (CEST);1567878476000
1380556832687962;19.4;22.5;Sat Sep 07 2019 19:49:50 GMT+0200 (CEST);Sat Sep 07 2019 17:49:50 GMT+0200 (CEST);1567878590000
1380556832687962;19.4;22.5;Sat Sep 07 2019 19:51:42 GMT+0200 (CEST);Sat Sep 07 2019 17:51:42 GMT+0200 (CEST);1567878702000
1380556832687962;-273.2;33.8;Sun Sep 08 2019 06:54:27 GMT+0200 (CEST);Sun Sep 08 2019 04:54:27 GMT+0200 (CEST);1567918467000
1380556832687962;9.4;28;Sun Sep 08 2019 06:56:20 GMT+0200 (CEST);Sun Sep 08 2019 04:56:20 GMT+0200 (CEST);1567918580000
1380556832687962;9.4;28;Sun Sep 08 2019 06:58:15 GMT+0200 (CEST);Sun Sep 08 2019 04:58:15 GMT+0200 (CEST);1567918695000
1380556832687962;9.4;28.1;Sun Sep 08 2019 07:00:07 GMT+0200 (CEST);Sun Sep 08 2019 05:00:07 GMT+0200 (CEST);1567918807000
1380556832687962;9.4;28.6;Sun Sep 08 2019 07:02:02 GMT+0200 (CEST);Sun Sep 08 2019 05:02:02 GMT+0200 (CEST);1567918922000
1380556832687962;9.4;28.5;Sun Sep 08 2019 07:04:08 GMT+0200 (CEST);Sun Sep 08 2019 05:04:08 GMT+0200 (CEST);1567919048000
1380556832687962;11.4;28.7;Sun Sep 08 2019 07:06:03 GMT+0200 (CEST);Sun Sep 08 2019 05:06:03 GMT+0200 (CEST);1567919163000
1380556832687962;11.4;29;Sun Sep 08 2019 07:07:56 GMT+0200 (CEST);Sun Sep 08 2019 05:07:56 GMT+0200 (CEST);1567919276000
1380556832687962;11.4;29.2;Sun Sep 08 2019 07:09:49 GMT+0200 (CEST);Sun Sep 08 2019 05:09:49 GMT+0200 (CEST);1567919389000
1380556832687962;11.4;29.5;Sun Sep 08 2019 07:11:51 GMT+0200 (CEST);Sun Sep 08 2019 05:11:51 GMT+0200 (CEST);1567919511000
1380556832687962;11.4;29.7;Sun Sep 08 2019 07:13:44 GMT+0200 (CEST);Sun Sep 08 2019 05:13:44 GMT+0200 (CEST);1567919624000
1380556832687962;11.9;30.7;Sun Sep 08 2019 07:15:37 GMT+0200 (CEST);Sun Sep 08 2019 05:15:37 GMT+0200 (CEST);1567919737000
1380556832687962;11.9;32.5;Sun Sep 08 2019 07:17:29 GMT+0200 (CEST);Sun Sep 08 2019 05:17:29 GMT+0200 (CEST);1567919849000
1380556832687962;11.9;32.5;Sun Sep 08 2019 07:19:25 GMT+0200 (CEST);Sun Sep 08 2019 05:19:25 GMT+0200 (CEST);1567919965000
1380556832687962;11.9;32.6;Sun Sep 08 2019 07:21:18 GMT+0200 (CEST);Sun Sep 08 2019 05:21:18 GMT+0200 (CEST);1567920078000
1380556832687962;13.4;32.3;Sun Sep 08 2019 07:23:17 GMT+0200 (CEST);Sun Sep 08 2019 05:23:17 GMT+0200 (CEST);1567920197000
1380556832687962;13.4;32.3;Sun Sep 08 2019 07:25:10 GMT+0200 (CEST);Sun Sep 08 2019 05:25:10 GMT+0200 (CEST);1567920310000
1380556832687962;13.4;32.3;Sun Sep 08 2019 07:27:02 GMT+0200 (CEST);Sun Sep 08 2019 05:27:02 GMT+0200 (CEST);1567920422000
1380556832687962;13.4;32.3;Sun Sep 08 2019 07:28:55 GMT+0200 (CEST);Sun Sep 08 2019 05:28:55 GMT+0200 (CEST);1567920535000
1380556832687962;13.4;32.8;Sun Sep 08 2019 07:30:51 GMT+0200 (CEST);Sun Sep 08 2019 05:30:51 GMT+0200 (CEST);1567920651000
1380556832687962;13.4;33.3;Sun Sep 08 2019 07:32:45 GMT+0200 (CEST);Sun Sep 08 2019 05:32:45 GMT+0200 (CEST);1567920765000
1380556832687962;13.9;33.8;Sun Sep 08 2019 07:34:39 GMT+0200 (CEST);Sun Sep 08 2019 05:34:39 GMT+0200 (CEST);1567920879000
1380556832687962;13.9;33.8;Sun Sep 08 2019 07:36:35 GMT+0200 (CEST);Sun Sep 08 2019 05:36:35 GMT+0200 (CEST);1567920995000
1380556832687962;13.9;34.2;Sun Sep 08 2019 07:38:28 GMT+0200 (CEST);Sun Sep 08 2019 05:38:28 GMT+0200 (CEST);1567921108000
1380556832687962;13.9;34.6;Sun Sep 08 2019 07:40:24 GMT+0200 (CEST);Sun Sep 08 2019 05:40:24 GMT+0200 (CEST);1567921224000
1380556832687962;13.9;35.4;Sun Sep 08 2019 07:42:16 GMT+0200 (CEST);Sun Sep 08 2019 05:42:16 GMT+0200 (CEST);1567921336000
1380556832687962;13.9;34.9;Sun Sep 08 2019 07:44:09 GMT+0200 (CEST);Sun Sep 08 2019 05:44:09 GMT+0200 (CEST);1567921449000
1380556832687962;13.9;34.9;Sun Sep 08 2019 07:46:02 GMT+0200 (CEST);Sun Sep 08 2019 05:46:02 GMT+0200 (CEST);1567921562000
1380556832687962;13.9;34.6;Sun Sep 08 2019 07:47:54 GMT+0200 (CEST);Sun Sep 08 2019 05:47:54 GMT+0200 (CEST);1567921674000
1380556832687962;13.9;34.6;Sun Sep 08 2019 07:49:47 GMT+0200 (CEST);Sun Sep 08 2019 05:49:47 GMT+0200 (CEST);1567921787000
1380556832687962;13.9;34.4;Sun Sep 08 2019 07:51:39 GMT+0200 (CEST);Sun Sep 08 2019 05:51:39 GMT+0200 (CEST);1567921899000
1380556832687962;17.4;34.4;Sun Sep 08 2019 07:53:23 GMT+0200 (CEST);Sun Sep 08 2019 05:53:23 GMT+0200 (CEST);1567922003000
1380556832687962;17.4;35.3;Sun Sep 08 2019 07:55:15 GMT+0200 (CEST);Sun Sep 08 2019 05:55:15 GMT+0200 (CEST);1567922115000
1380556832687962;17.4;35.5;Sun Sep 08 2019 07:57:08 GMT+0200 (CEST);Sun Sep 08 2019 05:57:08 GMT+0200 (CEST);1567922228000
1380556832687962;17.4;34.7;Sun Sep 08 2019 07:59:02 GMT+0200 (CEST);Sun Sep 08 2019 05:59:02 GMT+0200 (CEST);1567922342000
1380556832687962;17.4;34.4;Sun Sep 08 2019 08:01:00 GMT+0200 (CEST);Sun Sep 08 2019 06:01:00 GMT+0200 (CEST);1567922460000
1380556832687962;17.4;34.4;Sun Sep 08 2019 08:02:53 GMT+0200 (CEST);Sun Sep 08 2019 06:02:53 GMT+0200 (CEST);1567922573000
1380556832687962;17.4;34.1;Sun Sep 08 2019 08:04:46 GMT+0200 (CEST);Sun Sep 08 2019 06:04:46 GMT+0200 (CEST);1567922686000
1380556832687962;17.4;34.1;Sun Sep 08 2019 08:06:38 GMT+0200 (CEST);Sun Sep 08 2019 06:06:38 GMT+0200 (CEST);1567922798000
1380556832687962;17.4;33.9;Sun Sep 08 2019 08:08:40 GMT+0200 (CEST);Sun Sep 08 2019 06:08:40 GMT+0200 (CEST);1567922920000
1380556832687962;17.4;33.8;Sun Sep 08 2019 08:10:34 GMT+0200 (CEST);Sun Sep 08 2019 06:10:34 GMT+0200 (CEST);1567923034000
1380556832687962;17.4;33.7;Sun Sep 08 2019 08:12:27 GMT+0200 (CEST);Sun Sep 08 2019 06:12:27 GMT+0200 (CEST);1567923147000
1380556832687962;17.4;33.7;Sun Sep 08 2019 08:14:20 GMT+0200 (CEST);Sun Sep 08 2019 06:14:20 GMT+0200 (CEST);1567923260000
1380556832687962;17.4;33.7;Sun Sep 08 2019 08:16:12 GMT+0200 (CEST);Sun Sep 08 2019 06:16:12 GMT+0200 (CEST);1567923372000
1380556832687962;17.4;33.6;Sun Sep 08 2019 08:18:05 GMT+0200 (CEST);Sun Sep 08 2019 06:18:05 GMT+0200 (CEST);1567923485000
1380556832687962;17.4;33.7;Sun Sep 08 2019 08:19:59 GMT+0200 (CEST);Sun Sep 08 2019 06:19:59 GMT+0200 (CEST);1567923599000
1380556832687962;17.4;33.6;Sun Sep 08 2019 08:21:52 GMT+0200 (CEST);Sun Sep 08 2019 06:21:52 GMT+0200 (CEST);1567923712000
1380556832687962;17.4;33.7;Sun Sep 08 2019 08:23:44 GMT+0200 (CEST);Sun Sep 08 2019 06:23:44 GMT+0200 (CEST);1567923824000
1380556832687962;17.4;33.8;Sun Sep 08 2019 08:25:37 GMT+0200 (CEST);Sun Sep 08 2019 06:25:37 GMT+0200 (CEST);1567923937000
1380556832687962;17.4;33.8;Sun Sep 08 2019 08:27:30 GMT+0200 (CEST);Sun Sep 08 2019 06:27:30 GMT+0200 (CEST);1567924050000
1380556832687962;17.4;33.7;Sun Sep 08 2019 08:29:23 GMT+0200 (CEST);Sun Sep 08 2019 06:29:23 GMT+0200 (CEST);1567924163000
1380556832687962;17.9;33.8;Sun Sep 08 2019 08:31:17 GMT+0200 (CEST);Sun Sep 08 2019 06:31:17 GMT+0200 (CEST);1567924277000
1380556832687962;17.9;33.8;Sun Sep 08 2019 08:33:09 GMT+0200 (CEST);Sun Sep 08 2019 06:33:09 GMT+0200 (CEST);1567924389000
1380556832687962;17.9;33.8;Sun Sep 08 2019 08:35:03 GMT+0200 (CEST);Sun Sep 08 2019 06:35:03 GMT+0200 (CEST);1567924503000
1380556832687962;17.9;33.9;Sun Sep 08 2019 08:37:14 GMT+0200 (CEST);Sun Sep 08 2019 06:37:14 GMT+0200 (CEST);1567924634000
1380556832687962;17.9;34;Sun Sep 08 2019 08:39:07 GMT+0200 (CEST);Sun Sep 08 2019 06:39:07 GMT+0200 (CEST);1567924747000
1380556832687962;17.9;34.2;Sun Sep 08 2019 08:41:02 GMT+0200 (CEST);Sun Sep 08 2019 06:41:02 GMT+0200 (CEST);1567924862000
1380556832687962;17.9;34.2;Sun Sep 08 2019 08:42:56 GMT+0200 (CEST);Sun Sep 08 2019 06:42:56 GMT+0200 (CEST);1567924976000
1380556832687962;17.9;34;Sun Sep 08 2019 08:44:49 GMT+0200 (CEST);Sun Sep 08 2019 06:44:49 GMT+0200 (CEST);1567925089000
1380556832687962;17.9;34;Sun Sep 08 2019 08:46:43 GMT+0200 (CEST);Sun Sep 08 2019 06:46:43 GMT+0200 (CEST);1567925203000
1380556832687962;17.9;34.2;Sun Sep 08 2019 08:48:36 GMT+0200 (CEST);Sun Sep 08 2019 06:48:36 GMT+0200 (CEST);1567925316000
1380556832687962;17.9;34.4;Sun Sep 08 2019 08:50:31 GMT+0200 (CEST);Sun Sep 08 2019 06:50:31 GMT+0200 (CEST);1567925431000
1380556832687962;17.9;34.4;Sun Sep 08 2019 08:52:25 GMT+0200 (CEST);Sun Sep 08 2019 06:52:25 GMT+0200 (CEST);1567925545000
1380556832687962;17.9;34.5;Sun Sep 08 2019 08:54:17 GMT+0200 (CEST);Sun Sep 08 2019 06:54:17 GMT+0200 (CEST);1567925657000
1380556832687962;17.9;34.5;Sun Sep 08 2019 08:56:10 GMT+0200 (CEST);Sun Sep 08 2019 06:56:10 GMT+0200 (CEST);1567925770000
1380556832687962;17.9;34.4;Sun Sep 08 2019 08:58:02 GMT+0200 (CEST);Sun Sep 08 2019 06:58:02 GMT+0200 (CEST);1567925882000
1380556832687962;17.9;34.5;Sun Sep 08 2019 08:59:56 GMT+0200 (CEST);Sun Sep 08 2019 06:59:56 GMT+0200 (CEST);1567925996000
1380556832687962;19.4;34.4;Sun Sep 08 2019 09:01:49 GMT+0200 (CEST);Sun Sep 08 2019 07:01:49 GMT+0200 (CEST);1567926109000
1380556832687962;19.4;34.4;Sun Sep 08 2019 09:03:41 GMT+0200 (CEST);Sun Sep 08 2019 07:03:41 GMT+0200 (CEST);1567926221000
1380556832687962;19.4;34.4;Sun Sep 08 2019 09:06:16 GMT+0200 (CEST);Sun Sep 08 2019 07:06:16 GMT+0200 (CEST);1567926376000
1380556832687962;19.4;34.5;Sun Sep 08 2019 09:08:09 GMT+0200 (CEST);Sun Sep 08 2019 07:08:09 GMT+0200 (CEST);1567926489000
1380556832687962;19.4;34.4;Sun Sep 08 2019 09:10:01 GMT+0200 (CEST);Sun Sep 08 2019 07:10:01 GMT+0200 (CEST);1567926601000
1380556832687962;19.4;34.4;Sun Sep 08 2019 09:11:59 GMT+0200 (CEST);Sun Sep 08 2019 07:11:59 GMT+0200 (CEST);1567926719000
1380556832687962;19.4;34.4;Sun Sep 08 2019 09:13:52 GMT+0200 (CEST);Sun Sep 08 2019 07:13:52 GMT+0200 (CEST);1567926832000
1380556832687962;19.9;34.4;Sun Sep 08 2019 09:15:46 GMT+0200 (CEST);Sun Sep 08 2019 07:15:46 GMT+0200 (CEST);1567926946000
1380556832687962;19.9;34.3;Sun Sep 08 2019 09:17:38 GMT+0200 (CEST);Sun Sep 08 2019 07:17:38 GMT+0200 (CEST);1567927058000
1380556832687962;19.9;34.3;Sun Sep 08 2019 09:19:31 GMT+0200 (CEST);Sun Sep 08 2019 07:19:31 GMT+0200 (CEST);1567927171000
1380556832687962;21.5;34.1;Sun Sep 08 2019 09:21:24 GMT+0200 (CEST);Sun Sep 08 2019 07:21:24 GMT+0200 (CEST);1567927284000
1380556832687962;21.5;34.3;Sun Sep 08 2019 09:23:16 GMT+0200 (CEST);Sun Sep 08 2019 07:23:16 GMT+0200 (CEST);1567927396000
1380556832687962;21.5;34.3;Sun Sep 08 2019 09:25:10 GMT+0200 (CEST);Sun Sep 08 2019 07:25:10 GMT+0200 (CEST);1567927510000
1380556832687962;21.5;34.4;Sun Sep 08 2019 09:27:03 GMT+0200 (CEST);Sun Sep 08 2019 07:27:03 GMT+0200 (CEST);1567927623000
1380556832687962;21.5;34.4;Sun Sep 08 2019 09:28:56 GMT+0200 (CEST);Sun Sep 08 2019 07:28:56 GMT+0200 (CEST);1567927736000
1380556832687962;21.5;34.4;Sun Sep 08 2019 09:30:48 GMT+0200 (CEST);Sun Sep 08 2019 07:30:48 GMT+0200 (CEST);1567927848000
1380556832687962;21.5;34.4;Sun Sep 08 2019 09:32:41 GMT+0200 (CEST);Sun Sep 08 2019 07:32:41 GMT+0200 (CEST);1567927961000
1380556832687962;21.5;34.5;Sun Sep 08 2019 09:34:34 GMT+0200 (CEST);Sun Sep 08 2019 07:34:34 GMT+0200 (CEST);1567928074000
1380556832687962;21.5;34.4;Sun Sep 08 2019 09:36:35 GMT+0200 (CEST);Sun Sep 08 2019 07:36:35 GMT+0200 (CEST);1567928195000
1380556832687962;21.5;34.6;Sun Sep 08 2019 09:38:28 GMT+0200 (CEST);Sun Sep 08 2019 07:38:28 GMT+0200 (CEST);1567928308000
1380556832687962;22;34.5;Sun Sep 08 2019 09:40:34 GMT+0200 (CEST);Sun Sep 08 2019 07:40:34 GMT+0200 (CEST);1567928434000
1380556832687962;22;34.6;Sun Sep 08 2019 09:42:27 GMT+0200 (CEST);Sun Sep 08 2019 07:42:27 GMT+0200 (CEST);1567928547000
1380556832687962;22;34.7;Sun Sep 08 2019 09:44:21 GMT+0200 (CEST);Sun Sep 08 2019 07:44:21 GMT+0200 (CEST);1567928661000
1380556832687962;22;34.7;Sun Sep 08 2019 09:46:15 GMT+0200 (CEST);Sun Sep 08 2019 07:46:15 GMT+0200 (CEST);1567928775000
1380556832687962;22;34.7;Sun Sep 08 2019 09:48:09 GMT+0200 (CEST);Sun Sep 08 2019 07:48:09 GMT+0200 (CEST);1567928889000
1380556832687962;22;34.7;Sun Sep 08 2019 09:50:01 GMT+0200 (CEST);Sun Sep 08 2019 07:50:01 GMT+0200 (CEST);1567929001000
1380556832687962;22;34.8;Sun Sep 08 2019 09:52:02 GMT+0200 (CEST);Sun Sep 08 2019 07:52:02 GMT+0200 (CEST);1567929122000
1380556832687962;22;34.8;Sun Sep 08 2019 09:53:54 GMT+0200 (CEST);Sun Sep 08 2019 07:53:54 GMT+0200 (CEST);1567929234000
1380556832687962;22;35;Sun Sep 08 2019 09:55:47 GMT+0200 (CEST);Sun Sep 08 2019 07:55:47 GMT+0200 (CEST);1567929347000
1380556832687962;22;35;Sun Sep 08 2019 09:57:40 GMT+0200 (CEST);Sun Sep 08 2019 07:57:40 GMT+0200 (CEST);1567929460000
1380556832687962;23;35;Sun Sep 08 2019 09:59:37 GMT+0200 (CEST);Sun Sep 08 2019 07:59:37 GMT+0200 (CEST);1567929577000
1380556832687962;23;35;Sun Sep 08 2019 10:01:46 GMT+0200 (CEST);Sun Sep 08 2019 08:01:46 GMT+0200 (CEST);1567929706000
1380556832687962;23;34.6;Sun Sep 08 2019 10:03:39 GMT+0200 (CEST);Sun Sep 08 2019 08:03:39 GMT+0200 (CEST);1567929819000
1380556832687962;23;34.5;Sun Sep 08 2019 10:05:32 GMT+0200 (CEST);Sun Sep 08 2019 08:05:32 GMT+0200 (CEST);1567929932000
1380556832687962;23;34.7;Sun Sep 08 2019 10:07:30 GMT+0200 (CEST);Sun Sep 08 2019 08:07:30 GMT+0200 (CEST);1567930050000
1380556832687962;23;34.6;Sun Sep 08 2019 10:09:33 GMT+0200 (CEST);Sun Sep 08 2019 08:09:33 GMT+0200 (CEST);1567930173000
1380556832687962;23;34.6;Sun Sep 08 2019 10:11:26 GMT+0200 (CEST);Sun Sep 08 2019 08:11:26 GMT+0200 (CEST);1567930286000
1380556832687962;23;34.6;Sun Sep 08 2019 10:13:19 GMT+0200 (CEST);Sun Sep 08 2019 08:13:19 GMT+0200 (CEST);1567930399000
1380556832687962;25.5;34.6;Sun Sep 08 2019 10:15:16 GMT+0200 (CEST);Sun Sep 08 2019 08:15:16 GMT+0200 (CEST);1567930516000
1380556832687962;25.5;34.6;Sun Sep 08 2019 10:17:09 GMT+0200 (CEST);Sun Sep 08 2019 08:17:09 GMT+0200 (CEST);1567930629000
1380556832687962;25.5;34.6;Sun Sep 08 2019 10:19:02 GMT+0200 (CEST);Sun Sep 08 2019 08:19:02 GMT+0200 (CEST);1567930742000
1380556832687962;25.5;34.4;Sun Sep 08 2019 10:20:55 GMT+0200 (CEST);Sun Sep 08 2019 08:20:55 GMT+0200 (CEST);1567930855000
1380556832687962;25.5;34.5;Sun Sep 08 2019 10:22:59 GMT+0200 (CEST);Sun Sep 08 2019 08:22:59 GMT+0200 (CEST);1567930979000
1380556832687962;25.5;34.4;Sun Sep 08 2019 10:24:57 GMT+0200 (CEST);Sun Sep 08 2019 08:24:57 GMT+0200 (CEST);1567931097000
1380556832687962;25.5;34.5;Sun Sep 08 2019 10:26:54 GMT+0200 (CEST);Sun Sep 08 2019 08:26:54 GMT+0200 (CEST);1567931214000
1380556832687962;25.5;34.5;Sun Sep 08 2019 10:28:46 GMT+0200 (CEST);Sun Sep 08 2019 08:28:46 GMT+0200 (CEST);1567931326000
1380556832687962;25.5;34.4;Sun Sep 08 2019 10:30:39 GMT+0200 (CEST);Sun Sep 08 2019 08:30:39 GMT+0200 (CEST);1567931439000
1380556832687962;25.5;34.6;Sun Sep 08 2019 10:32:32 GMT+0200 (CEST);Sun Sep 08 2019 08:32:32 GMT+0200 (CEST);1567931552000
1380556832687962;25.5;34.6;Sun Sep 08 2019 10:34:30 GMT+0200 (CEST);Sun Sep 08 2019 08:34:30 GMT+0200 (CEST);1567931670000
1380556832687962;25.5;34.6;Sun Sep 08 2019 10:36:23 GMT+0200 (CEST);Sun Sep 08 2019 08:36:23 GMT+0200 (CEST);1567931783000
1380556832687962;25.5;34.6;Sun Sep 08 2019 10:38:15 GMT+0200 (CEST);Sun Sep 08 2019 08:38:15 GMT+0200 (CEST);1567931895000
1380556832687962;25.5;34.6;Sun Sep 08 2019 10:40:10 GMT+0200 (CEST);Sun Sep 08 2019 08:40:10 GMT+0200 (CEST);1567932010000
1380556832687962;25.5;34.7;Sun Sep 08 2019 10:42:03 GMT+0200 (CEST);Sun Sep 08 2019 08:42:03 GMT+0200 (CEST);1567932123000
1380556832687962;25.5;34.6;Sun Sep 08 2019 10:43:56 GMT+0200 (CEST);Sun Sep 08 2019 08:43:56 GMT+0200 (CEST);1567932236000
1380556832687962;25.5;34.6;Sun Sep 08 2019 10:45:49 GMT+0200 (CEST);Sun Sep 08 2019 08:45:49 GMT+0200 (CEST);1567932349000
1380556832687962;26;34.6;Sun Sep 08 2019 10:47:42 GMT+0200 (CEST);Sun Sep 08 2019 08:47:42 GMT+0200 (CEST);1567932462000
1380556832687962;26;34.6;Sun Sep 08 2019 10:49:39 GMT+0200 (CEST);Sun Sep 08 2019 08:49:39 GMT+0200 (CEST);1567932579000
1380556832687962;26;34.4;Sun Sep 08 2019 10:51:37 GMT+0200 (CEST);Sun Sep 08 2019 08:51:37 GMT+0200 (CEST);1567932697000
1380556832687962;26;34.3;Sun Sep 08 2019 10:53:29 GMT+0200 (CEST);Sun Sep 08 2019 08:53:29 GMT+0200 (CEST);1567932809000
1380556832687962;26;34.3;Sun Sep 08 2019 10:55:22 GMT+0200 (CEST);Sun Sep 08 2019 08:55:22 GMT+0200 (CEST);1567932922000
1380556832687962;26;34.3;Sun Sep 08 2019 10:57:16 GMT+0200 (CEST);Sun Sep 08 2019 08:57:16 GMT+0200 (CEST);1567933036000
1380556832687962;26;34.3;Sun Sep 08 2019 10:59:09 GMT+0200 (CEST);Sun Sep 08 2019 08:59:09 GMT+0200 (CEST);1567933149000
1380556832687962;26;34.3;Sun Sep 08 2019 11:01:02 GMT+0200 (CEST);Sun Sep 08 2019 09:01:02 GMT+0200 (CEST);1567933262000
1380556832687962;26;34.3;Sun Sep 08 2019 11:02:55 GMT+0200 (CEST);Sun Sep 08 2019 09:02:55 GMT+0200 (CEST);1567933375000
1380556832687962;26;34.3;Sun Sep 08 2019 11:04:48 GMT+0200 (CEST);Sun Sep 08 2019 09:04:48 GMT+0200 (CEST);1567933488000
1380556832687962;26;34.4;Sun Sep 08 2019 11:06:41 GMT+0200 (CEST);Sun Sep 08 2019 09:06:41 GMT+0200 (CEST);1567933601000
1380556832687962;26;34.4;Sun Sep 08 2019 11:08:35 GMT+0200 (CEST);Sun Sep 08 2019 09:08:35 GMT+0200 (CEST);1567933715000
1380556832687962;26;34.5;Sun Sep 08 2019 11:10:30 GMT+0200 (CEST);Sun Sep 08 2019 09:10:30 GMT+0200 (CEST);1567933830000
1380556832687962;26;34.5;Sun Sep 08 2019 11:12:27 GMT+0200 (CEST);Sun Sep 08 2019 09:12:27 GMT+0200 (CEST);1567933947000
1380556832687962;26;34.5;Sun Sep 08 2019 11:14:24 GMT+0200 (CEST);Sun Sep 08 2019 09:14:24 GMT+0200 (CEST);1567934064000
1380556832687962;26;34.5;Sun Sep 08 2019 11:16:17 GMT+0200 (CEST);Sun Sep 08 2019 09:16:17 GMT+0200 (CEST);1567934177000
1380556832687962;26;34.5;Sun Sep 08 2019 11:18:17 GMT+0200 (CEST);Sun Sep 08 2019 09:18:17 GMT+0200 (CEST);1567934297000
1380556832687962;26;34.4;Sun Sep 08 2019 11:20:10 GMT+0200 (CEST);Sun Sep 08 2019 09:20:10 GMT+0200 (CEST);1567934410000
1380556832687962;27.5;34.4;Sun Sep 08 2019 11:22:12 GMT+0200 (CEST);Sun Sep 08 2019 09:22:12 GMT+0200 (CEST);1567934532000
1380556832687962;27.5;34.2;Sun Sep 08 2019 11:24:05 GMT+0200 (CEST);Sun Sep 08 2019 09:24:05 GMT+0200 (CEST);1567934645000
1380556832687962;27.5;34;Sun Sep 08 2019 11:25:58 GMT+0200 (CEST);Sun Sep 08 2019 09:25:58 GMT+0200 (CEST);1567934758000
1380556832687962;27.5;34;Sun Sep 08 2019 11:27:50 GMT+0200 (CEST);Sun Sep 08 2019 09:27:50 GMT+0200 (CEST);1567934870000
1380556832687962;27.5;34;Sun Sep 08 2019 11:29:43 GMT+0200 (CEST);Sun Sep 08 2019 09:29:43 GMT+0200 (CEST);1567934983000
1380556832687962;28;33.9;Sun Sep 08 2019 11:31:37 GMT+0200 (CEST);Sun Sep 08 2019 09:31:37 GMT+0200 (CEST);1567935097000
1380556832687962;28;33.9;Sun Sep 08 2019 11:33:40 GMT+0200 (CEST);Sun Sep 08 2019 09:33:40 GMT+0200 (CEST);1567935220000
1380556832687962;28;33.9;Sun Sep 08 2019 11:35:36 GMT+0200 (CEST);Sun Sep 08 2019 09:35:36 GMT+0200 (CEST);1567935336000
1380556832687962;28;34;Sun Sep 08 2019 11:37:29 GMT+0200 (CEST);Sun Sep 08 2019 09:37:29 GMT+0200 (CEST);1567935449000
1380556832687962;28;34.2;Sun Sep 08 2019 11:39:23 GMT+0200 (CEST);Sun Sep 08 2019 09:39:23 GMT+0200 (CEST);1567935563000
1380556832687962;28;34.2;Sun Sep 08 2019 11:41:15 GMT+0200 (CEST);Sun Sep 08 2019 09:41:15 GMT+0200 (CEST);1567935675000
1380556832687962;28;34.3;Sun Sep 08 2019 11:43:10 GMT+0200 (CEST);Sun Sep 08 2019 09:43:10 GMT+0200 (CEST);1567935790000
1380556832687962;28;34.3;Sun Sep 08 2019 11:45:02 GMT+0200 (CEST);Sun Sep 08 2019 09:45:02 GMT+0200 (CEST);1567935902000
1380556832687962;28;34.3;Sun Sep 08 2019 11:46:58 GMT+0200 (CEST);Sun Sep 08 2019 09:46:58 GMT+0200 (CEST);1567936018000
1380556832687962;28;34.4;Sun Sep 08 2019 11:48:52 GMT+0200 (CEST);Sun Sep 08 2019 09:48:52 GMT+0200 (CEST);1567936132000
1380556832687962;27.5;34.3;Sun Sep 08 2019 11:50:45 GMT+0200 (CEST);Sun Sep 08 2019 09:50:45 GMT+0200 (CEST);1567936245000
1380556832687962;27.5;34.1;Sun Sep 08 2019 11:52:38 GMT+0200 (CEST);Sun Sep 08 2019 09:52:38 GMT+0200 (CEST);1567936358000
1380556832687962;27.5;34.1;Sun Sep 08 2019 11:54:32 GMT+0200 (CEST);Sun Sep 08 2019 09:54:32 GMT+0200 (CEST);1567936472000
1380556832687962;27.5;34;Sun Sep 08 2019 11:56:26 GMT+0200 (CEST);Sun Sep 08 2019 09:56:26 GMT+0200 (CEST);1567936586000
1380556832687962;27.5;33.9;Sun Sep 08 2019 11:58:19 GMT+0200 (CEST);Sun Sep 08 2019 09:58:19 GMT+0200 (CEST);1567936699000
1380556832687962;27.5;33.8;Sun Sep 08 2019 12:00:12 GMT+0200 (CEST);Sun Sep 08 2019 10:00:12 GMT+0200 (CEST);1567936812000
1380556832687962;27.5;34;Sun Sep 08 2019 12:02:10 GMT+0200 (CEST);Sun Sep 08 2019 10:02:10 GMT+0200 (CEST);1567936930000
1380556832687962;27.5;34;Sun Sep 08 2019 12:04:03 GMT+0200 (CEST);Sun Sep 08 2019 10:04:03 GMT+0200 (CEST);1567937043000
1380556832687962;27.5;34;Sun Sep 08 2019 12:05:56 GMT+0200 (CEST);Sun Sep 08 2019 10:05:56 GMT+0200 (CEST);1567937156000
1380556832687962;27.5;34.1;Sun Sep 08 2019 12:07:49 GMT+0200 (CEST);Sun Sep 08 2019 10:07:49 GMT+0200 (CEST);1567937269000
1380556832687962;27.5;34.1;Sun Sep 08 2019 12:09:43 GMT+0200 (CEST);Sun Sep 08 2019 10:09:43 GMT+0200 (CEST);1567937383000
1380556832687962;27.5;34.2;Sun Sep 08 2019 12:11:36 GMT+0200 (CEST);Sun Sep 08 2019 10:11:36 GMT+0200 (CEST);1567937496000
1380556832687962;27.5;34.3;Sun Sep 08 2019 12:13:29 GMT+0200 (CEST);Sun Sep 08 2019 10:13:29 GMT+0200 (CEST);1567937609000
1380556832687962;27.5;34.3;Sun Sep 08 2019 12:15:21 GMT+0200 (CEST);Sun Sep 08 2019 10:15:21 GMT+0200 (CEST);1567937721000
1380556832687962;27.5;34.3;Sun Sep 08 2019 12:17:14 GMT+0200 (CEST);Sun Sep 08 2019 10:17:14 GMT+0200 (CEST);1567937834000
1380556832687962;27.5;34;Sun Sep 08 2019 12:19:08 GMT+0200 (CEST);Sun Sep 08 2019 10:19:08 GMT+0200 (CEST);1567937948000
1380556832687962;27.5;34;Sun Sep 08 2019 12:21:01 GMT+0200 (CEST);Sun Sep 08 2019 10:21:01 GMT+0200 (CEST);1567938061000
1380556832687962;27.5;34;Sun Sep 08 2019 12:23:15 GMT+0200 (CEST);Sun Sep 08 2019 10:23:15 GMT+0200 (CEST);1567938195000
1380556832687962;27.5;34;Sun Sep 08 2019 12:25:08 GMT+0200 (CEST);Sun Sep 08 2019 10:25:08 GMT+0200 (CEST);1567938308000
1380556832687962;27.5;34;Sun Sep 08 2019 12:27:01 GMT+0200 (CEST);Sun Sep 08 2019 10:27:01 GMT+0200 (CEST);1567938421000
1380556832687962;27.5;34;Sun Sep 08 2019 12:28:54 GMT+0200 (CEST);Sun Sep 08 2019 10:28:54 GMT+0200 (CEST);1567938534000
1380556832687962;27.5;34;Sun Sep 08 2019 12:30:48 GMT+0200 (CEST);Sun Sep 08 2019 10:30:48 GMT+0200 (CEST);1567938648000
1380556832687962;27.5;34;Sun Sep 08 2019 12:32:40 GMT+0200 (CEST);Sun Sep 08 2019 10:32:40 GMT+0200 (CEST);1567938760000
1380556832687962;27.5;34;Sun Sep 08 2019 12:34:33 GMT+0200 (CEST);Sun Sep 08 2019 10:34:33 GMT+0200 (CEST);1567938873000
1380556832687962;27.5;34;Sun Sep 08 2019 12:36:26 GMT+0200 (CEST);Sun Sep 08 2019 10:36:26 GMT+0200 (CEST);1567938986000
1380556832687962;27.5;34;Sun Sep 08 2019 12:38:20 GMT+0200 (CEST);Sun Sep 08 2019 10:38:20 GMT+0200 (CEST);1567939100000
1380556832687962;27.5;33.9;Sun Sep 08 2019 12:40:13 GMT+0200 (CEST);Sun Sep 08 2019 10:40:13 GMT+0200 (CEST);1567939213000
1380556832687962;27.5;33.9;Sun Sep 08 2019 12:42:05 GMT+0200 (CEST);Sun Sep 08 2019 10:42:05 GMT+0200 (CEST);1567939325000
1380556832687962;27.5;34;Sun Sep 08 2019 12:43:58 GMT+0200 (CEST);Sun Sep 08 2019 10:43:58 GMT+0200 (CEST);1567939438000
1380556832687962;27.5;34;Sun Sep 08 2019 12:45:51 GMT+0200 (CEST);Sun Sep 08 2019 10:45:51 GMT+0200 (CEST);1567939551000
1380556832687962;27.5;34;Sun Sep 08 2019 12:47:43 GMT+0200 (CEST);Sun Sep 08 2019 10:47:43 GMT+0200 (CEST);1567939663000
1380556832687962;27.5;34;Sun Sep 08 2019 12:49:36 GMT+0200 (CEST);Sun Sep 08 2019 10:49:36 GMT+0200 (CEST);1567939776000
1380556832687962;27.5;34;Sun Sep 08 2019 12:51:44 GMT+0200 (CEST);Sun Sep 08 2019 10:51:44 GMT+0200 (CEST);1567939904000
1380556832687962;26;34.2;Sun Sep 08 2019 12:53:37 GMT+0200 (CEST);Sun Sep 08 2019 10:53:37 GMT+0200 (CEST);1567940017000
1380556832687962;26;34.2;Sun Sep 08 2019 12:55:30 GMT+0200 (CEST);Sun Sep 08 2019 10:55:30 GMT+0200 (CEST);1567940130000
1380556832687962;26;34.1;Sun Sep 08 2019 12:57:22 GMT+0200 (CEST);Sun Sep 08 2019 10:57:22 GMT+0200 (CEST);1567940242000
1380556832687962;26;34.1;Sun Sep 08 2019 12:59:19 GMT+0200 (CEST);Sun Sep 08 2019 10:59:19 GMT+0200 (CEST);1567940359000
1380556832687962;26;34.2;Sun Sep 08 2019 13:01:16 GMT+0200 (CEST);Sun Sep 08 2019 11:01:16 GMT+0200 (CEST);1567940476000
1380556832687962;26;34.2;Sun Sep 08 2019 13:03:09 GMT+0200 (CEST);Sun Sep 08 2019 11:03:09 GMT+0200 (CEST);1567940589000
1380556832687962;26;34.2;Sun Sep 08 2019 13:05:01 GMT+0200 (CEST);Sun Sep 08 2019 11:05:01 GMT+0200 (CEST);1567940701000
1380556832687962;27.5;34.2;Sun Sep 08 2019 13:06:55 GMT+0200 (CEST);Sun Sep 08 2019 11:06:55 GMT+0200 (CEST);1567940815000
1380556832687962;27.5;34.2;Sun Sep 08 2019 13:08:48 GMT+0200 (CEST);Sun Sep 08 2019 11:08:48 GMT+0200 (CEST);1567940928000
1380556832687962;27.5;34.3;Sun Sep 08 2019 13:10:43 GMT+0200 (CEST);Sun Sep 08 2019 11:10:43 GMT+0200 (CEST);1567941043000
1380556832687962;27.5;34.3;Sun Sep 08 2019 13:14:11 GMT+0200 (CEST);Sun Sep 08 2019 11:14:11 GMT+0200 (CEST);1567941251000
1380556832687962;27.5;34;Sun Sep 08 2019 13:16:04 GMT+0200 (CEST);Sun Sep 08 2019 11:16:04 GMT+0200 (CEST);1567941364000
1380556832687962;27.5;34;Sun Sep 08 2019 13:17:59 GMT+0200 (CEST);Sun Sep 08 2019 11:17:59 GMT+0200 (CEST);1567941479000
1380556832687962;27.5;34;Sun Sep 08 2019 13:19:57 GMT+0200 (CEST);Sun Sep 08 2019 11:19:57 GMT+0200 (CEST);1567941597000
1380556832687962;27.5;34.2;Sun Sep 08 2019 13:22:03 GMT+0200 (CEST);Sun Sep 08 2019 11:22:03 GMT+0200 (CEST);1567941723000
1380556832687962;27.5;34.3;Sun Sep 08 2019 13:24:07 GMT+0200 (CEST);Sun Sep 08 2019 11:24:07 GMT+0200 (CEST);1567941847000
1380556832687962;28;34.3;Sun Sep 08 2019 13:26:08 GMT+0200 (CEST);Sun Sep 08 2019 11:26:08 GMT+0200 (CEST);1567941968000
1380556832687962;28;34.2;Sun Sep 08 2019 13:28:03 GMT+0200 (CEST);Sun Sep 08 2019 11:28:03 GMT+0200 (CEST);1567942083000
1380556832687962;28;34.2;Sun Sep 08 2019 13:29:56 GMT+0200 (CEST);Sun Sep 08 2019 11:29:56 GMT+0200 (CEST);1567942196000
1380556832687962;28;34.2;Sun Sep 08 2019 13:31:49 GMT+0200 (CEST);Sun Sep 08 2019 11:31:49 GMT+0200 (CEST);1567942309000
1380556832687962;28;34.1;Sun Sep 08 2019 13:34:01 GMT+0200 (CEST);Sun Sep 08 2019 11:34:01 GMT+0200 (CEST);1567942441000
1380556832687962;28;34.2;Sun Sep 08 2019 13:35:53 GMT+0200 (CEST);Sun Sep 08 2019 11:35:53 GMT+0200 (CEST);1567942553000
1380556832687962;28;34.1;Sun Sep 08 2019 13:37:52 GMT+0200 (CEST);Sun Sep 08 2019 11:37:52 GMT+0200 (CEST);1567942672000
1380556832687962;28;34;Sun Sep 08 2019 13:39:46 GMT+0200 (CEST);Sun Sep 08 2019 11:39:46 GMT+0200 (CEST);1567942786000
1380556832687962;28;34;Sun Sep 08 2019 13:41:42 GMT+0200 (CEST);Sun Sep 08 2019 11:41:42 GMT+0200 (CEST);1567942902000
1380556832687962;28;33.9;Sun Sep 08 2019 13:43:35 GMT+0200 (CEST);Sun Sep 08 2019 11:43:35 GMT+0200 (CEST);1567943015000
1380556832687962;29.5;34;Sun Sep 08 2019 13:45:28 GMT+0200 (CEST);Sun Sep 08 2019 11:45:28 GMT+0200 (CEST);1567943128000
1380556832687962;29.5;34;Sun Sep 08 2019 13:47:22 GMT+0200 (CEST);Sun Sep 08 2019 11:47:22 GMT+0200 (CEST);1567943242000
1380556832687962;29.5;34.1;Sun Sep 08 2019 13:49:15 GMT+0200 (CEST);Sun Sep 08 2019 11:49:15 GMT+0200 (CEST);1567943355000
1380556832687962;29.5;34;Sun Sep 08 2019 13:51:12 GMT+0200 (CEST);Sun Sep 08 2019 11:51:12 GMT+0200 (CEST);1567943472000
1380556832687962;29.5;34;Sun Sep 08 2019 13:53:05 GMT+0200 (CEST);Sun Sep 08 2019 11:53:05 GMT+0200 (CEST);1567943585000
1380556832687962;29.5;34;Sun Sep 08 2019 13:55:09 GMT+0200 (CEST);Sun Sep 08 2019 11:55:09 GMT+0200 (CEST);1567943709000
1380556832687962;29.5;34.1;Sun Sep 08 2019 13:57:03 GMT+0200 (CEST);Sun Sep 08 2019 11:57:03 GMT+0200 (CEST);1567943823000
1380556832687962;29.5;34;Sun Sep 08 2019 13:58:56 GMT+0200 (CEST);Sun Sep 08 2019 11:58:56 GMT+0200 (CEST);1567943936000
1380556832687962;29.5;34;Sun Sep 08 2019 14:00:49 GMT+0200 (CEST);Sun Sep 08 2019 12:00:49 GMT+0200 (CEST);1567944049000
1380556832687962;29.5;34;Sun Sep 08 2019 14:02:42 GMT+0200 (CEST);Sun Sep 08 2019 12:02:42 GMT+0200 (CEST);1567944162000
1380556832687962;29.5;34;Sun Sep 08 2019 14:04:35 GMT+0200 (CEST);Sun Sep 08 2019 12:04:35 GMT+0200 (CEST);1567944275000
1380556832687962;28;33.9;Sun Sep 08 2019 14:06:28 GMT+0200 (CEST);Sun Sep 08 2019 12:06:28 GMT+0200 (CEST);1567944388000
1380556832687962;28;34;Sun Sep 08 2019 14:08:29 GMT+0200 (CEST);Sun Sep 08 2019 12:08:29 GMT+0200 (CEST);1567944509000
1380556832687962;28;34;Sun Sep 08 2019 14:10:22 GMT+0200 (CEST);Sun Sep 08 2019 12:10:22 GMT+0200 (CEST);1567944622000
1380556832687962;28;34.1;Sun Sep 08 2019 14:12:14 GMT+0200 (CEST);Sun Sep 08 2019 12:12:14 GMT+0200 (CEST);1567944734000
1380556832687962;28;34;Sun Sep 08 2019 14:14:07 GMT+0200 (CEST);Sun Sep 08 2019 12:14:07 GMT+0200 (CEST);1567944847000
1380556832687962;27.5;34;Sun Sep 08 2019 14:16:01 GMT+0200 (CEST);Sun Sep 08 2019 12:16:01 GMT+0200 (CEST);1567944961000
1380556832687962;27.5;34;Sun Sep 08 2019 14:17:55 GMT+0200 (CEST);Sun Sep 08 2019 12:17:55 GMT+0200 (CEST);1567945075000
1380556832687962;27.5;34;Sun Sep 08 2019 14:19:47 GMT+0200 (CEST);Sun Sep 08 2019 12:19:47 GMT+0200 (CEST);1567945187000
1380556832687962;27.5;34;Sun Sep 08 2019 14:21:44 GMT+0200 (CEST);Sun Sep 08 2019 12:21:44 GMT+0200 (CEST);1567945304000
1380556832687962;27.5;33.9;Sun Sep 08 2019 14:23:43 GMT+0200 (CEST);Sun Sep 08 2019 12:23:43 GMT+0200 (CEST);1567945423000
1380556832687962;28;34;Sun Sep 08 2019 14:25:36 GMT+0200 (CEST);Sun Sep 08 2019 12:25:36 GMT+0200 (CEST);1567945536000
1380556832687962;28;34;Sun Sep 08 2019 14:27:28 GMT+0200 (CEST);Sun Sep 08 2019 12:27:28 GMT+0200 (CEST);1567945648000
1380556832687962;28;34;Sun Sep 08 2019 14:29:23 GMT+0200 (CEST);Sun Sep 08 2019 12:29:23 GMT+0200 (CEST);1567945763000
1380556832687962;28;34;Sun Sep 08 2019 14:31:15 GMT+0200 (CEST);Sun Sep 08 2019 12:31:15 GMT+0200 (CEST);1567945875000
1380556832687962;28;34;Sun Sep 08 2019 14:33:08 GMT+0200 (CEST);Sun Sep 08 2019 12:33:08 GMT+0200 (CEST);1567945988000
1380556832687962;28;34.3;Sun Sep 08 2019 14:35:01 GMT+0200 (CEST);Sun Sep 08 2019 12:35:01 GMT+0200 (CEST);1567946101000
1380556832687962;28;34.2;Sun Sep 08 2019 14:36:54 GMT+0200 (CEST);Sun Sep 08 2019 12:36:54 GMT+0200 (CEST);1567946214000
1380556832687962;28;34.1;Sun Sep 08 2019 14:38:51 GMT+0200 (CEST);Sun Sep 08 2019 12:38:51 GMT+0200 (CEST);1567946331000
1380556832687962;28;34;Sun Sep 08 2019 14:40:44 GMT+0200 (CEST);Sun Sep 08 2019 12:40:44 GMT+0200 (CEST);1567946444000
1380556832687962;28;34.1;Sun Sep 08 2019 14:42:37 GMT+0200 (CEST);Sun Sep 08 2019 12:42:37 GMT+0200 (CEST);1567946557000
1380556832687962;28;34.1;Sun Sep 08 2019 14:44:33 GMT+0200 (CEST);Sun Sep 08 2019 12:44:33 GMT+0200 (CEST);1567946673000
1380556832687962;28;34.1;Sun Sep 08 2019 14:46:26 GMT+0200 (CEST);Sun Sep 08 2019 12:46:26 GMT+0200 (CEST);1567946786000
1380556832687962;28;34;Sun Sep 08 2019 14:48:19 GMT+0200 (CEST);Sun Sep 08 2019 12:48:19 GMT+0200 (CEST);1567946899000
1380556832687962;28;34;Sun Sep 08 2019 14:50:23 GMT+0200 (CEST);Sun Sep 08 2019 12:50:23 GMT+0200 (CEST);1567947023000
1380556832687962;28;33.8;Sun Sep 08 2019 14:52:15 GMT+0200 (CEST);Sun Sep 08 2019 12:52:15 GMT+0200 (CEST);1567947135000
1380556832687962;28;33.6;Sun Sep 08 2019 14:54:08 GMT+0200 (CEST);Sun Sep 08 2019 12:54:08 GMT+0200 (CEST);1567947248000
1380556832687962;28;33.6;Sun Sep 08 2019 14:56:01 GMT+0200 (CEST);Sun Sep 08 2019 12:56:01 GMT+0200 (CEST);1567947361000
1380556832687962;28;33.5;Sun Sep 08 2019 14:57:54 GMT+0200 (CEST);Sun Sep 08 2019 12:57:54 GMT+0200 (CEST);1567947474000
1380556832687962;28;33.6;Sun Sep 08 2019 14:59:47 GMT+0200 (CEST);Sun Sep 08 2019 12:59:47 GMT+0200 (CEST);1567947587000
1380556832687962;28;33.6;Sun Sep 08 2019 15:01:40 GMT+0200 (CEST);Sun Sep 08 2019 13:01:40 GMT+0200 (CEST);1567947700000
1380556832687962;28;33.5;Sun Sep 08 2019 15:03:33 GMT+0200 (CEST);Sun Sep 08 2019 13:03:33 GMT+0200 (CEST);1567947813000
1380556832687962;28;33.5;Sun Sep 08 2019 15:05:26 GMT+0200 (CEST);Sun Sep 08 2019 13:05:26 GMT+0200 (CEST);1567947926000
1380556832687962;28;33.6;Sun Sep 08 2019 15:07:21 GMT+0200 (CEST);Sun Sep 08 2019 13:07:21 GMT+0200 (CEST);1567948041000
1380556832687962;28;33.7;Sun Sep 08 2019 15:09:14 GMT+0200 (CEST);Sun Sep 08 2019 13:09:14 GMT+0200 (CEST);1567948154000
1380556832687962;28;33.8;Sun Sep 08 2019 15:11:07 GMT+0200 (CEST);Sun Sep 08 2019 13:11:07 GMT+0200 (CEST);1567948267000
1380556832687962;27.5;33.7;Sun Sep 08 2019 15:12:59 GMT+0200 (CEST);Sun Sep 08 2019 13:12:59 GMT+0200 (CEST);1567948379000
1380556832687962;27.5;33.7;Sun Sep 08 2019 15:14:52 GMT+0200 (CEST);Sun Sep 08 2019 13:14:52 GMT+0200 (CEST);1567948492000
1380556832687962;27.5;33.8;Sun Sep 08 2019 15:16:45 GMT+0200 (CEST);Sun Sep 08 2019 13:16:45 GMT+0200 (CEST);1567948605000
1380556832687962;27.5;33.8;Sun Sep 08 2019 15:18:37 GMT+0200 (CEST);Sun Sep 08 2019 13:18:37 GMT+0200 (CEST);1567948717000
1380556832687962;27.5;33.9;Sun Sep 08 2019 15:20:34 GMT+0200 (CEST);Sun Sep 08 2019 13:20:34 GMT+0200 (CEST);1567948834000
1380556832687962;27.5;33.9;Sun Sep 08 2019 15:22:28 GMT+0200 (CEST);Sun Sep 08 2019 13:22:28 GMT+0200 (CEST);1567948948000
1380556832687962;27.5;34;Sun Sep 08 2019 15:24:30 GMT+0200 (CEST);Sun Sep 08 2019 13:24:30 GMT+0200 (CEST);1567949070000
1380556832687962;27.5;34;Sun Sep 08 2019 15:26:22 GMT+0200 (CEST);Sun Sep 08 2019 13:26:22 GMT+0200 (CEST);1567949182000
1380556832687962;27.5;34;Sun Sep 08 2019 15:28:15 GMT+0200 (CEST);Sun Sep 08 2019 13:28:15 GMT+0200 (CEST);1567949295000
1380556832687962;27.5;33.8;Sun Sep 08 2019 15:30:08 GMT+0200 (CEST);Sun Sep 08 2019 13:30:08 GMT+0200 (CEST);1567949408000
1380556832687962;27.5;33.8;Sun Sep 08 2019 15:32:01 GMT+0200 (CEST);Sun Sep 08 2019 13:32:01 GMT+0200 (CEST);1567949521000
1380556832687962;27.5;33.7;Sun Sep 08 2019 15:34:35 GMT+0200 (CEST);Sun Sep 08 2019 13:34:35 GMT+0200 (CEST);1567949675000
1380556832687962;27.5;33.7;Sun Sep 08 2019 15:36:27 GMT+0200 (CEST);Sun Sep 08 2019 13:36:27 GMT+0200 (CEST);1567949787000
1380556832687962;27.5;33.6;Sun Sep 08 2019 15:38:20 GMT+0200 (CEST);Sun Sep 08 2019 13:38:20 GMT+0200 (CEST);1567949900000
1380556832687962;27.5;33.5;Sun Sep 08 2019 15:40:14 GMT+0200 (CEST);Sun Sep 08 2019 13:40:14 GMT+0200 (CEST);1567950014000
1380556832687962;27.5;33.6;Sun Sep 08 2019 15:42:07 GMT+0200 (CEST);Sun Sep 08 2019 13:42:07 GMT+0200 (CEST);1567950127000
1380556832687962;27.5;33.7;Sun Sep 08 2019 15:43:59 GMT+0200 (CEST);Sun Sep 08 2019 13:43:59 GMT+0200 (CEST);1567950239000
1380556832687962;27.5;33.5;Sun Sep 08 2019 15:45:52 GMT+0200 (CEST);Sun Sep 08 2019 13:45:52 GMT+0200 (CEST);1567950352000
1380556832687962;27.5;33.5;Sun Sep 08 2019 15:47:47 GMT+0200 (CEST);Sun Sep 08 2019 13:47:47 GMT+0200 (CEST);1567950467000
1380556832687962;27.5;33.4;Sun Sep 08 2019 15:49:44 GMT+0200 (CEST);Sun Sep 08 2019 13:49:44 GMT+0200 (CEST);1567950584000
1380556832687962;27.5;33.4;Sun Sep 08 2019 15:51:38 GMT+0200 (CEST);Sun Sep 08 2019 13:51:38 GMT+0200 (CEST);1567950698000
1380556832687962;27.5;33.4;Sun Sep 08 2019 15:53:32 GMT+0200 (CEST);Sun Sep 08 2019 13:53:32 GMT+0200 (CEST);1567950812000
1380556832687962;27.5;33.4;Sun Sep 08 2019 15:55:30 GMT+0200 (CEST);Sun Sep 08 2019 13:55:30 GMT+0200 (CEST);1567950930000
1380556832687962;27.5;33.3;Sun Sep 08 2019 15:57:24 GMT+0200 (CEST);Sun Sep 08 2019 13:57:24 GMT+0200 (CEST);1567951044000
1380556832687962;27.5;33.2;Sun Sep 08 2019 15:59:18 GMT+0200 (CEST);Sun Sep 08 2019 13:59:18 GMT+0200 (CEST);1567951158000
1380556832687962;26;33.4;Sun Sep 08 2019 16:01:11 GMT+0200 (CEST);Sun Sep 08 2019 14:01:11 GMT+0200 (CEST);1567951271000
1380556832687962;26;33.5;Sun Sep 08 2019 16:03:03 GMT+0200 (CEST);Sun Sep 08 2019 14:03:03 GMT+0200 (CEST);1567951383000
1380556832687962;26;33.5;Sun Sep 08 2019 16:04:59 GMT+0200 (CEST);Sun Sep 08 2019 14:04:59 GMT+0200 (CEST);1567951499000
1380556832687962;26;33.5;Sun Sep 08 2019 16:06:51 GMT+0200 (CEST);Sun Sep 08 2019 14:06:51 GMT+0200 (CEST);1567951611000
1380556832687962;26;33.4;Sun Sep 08 2019 16:08:45 GMT+0200 (CEST);Sun Sep 08 2019 14:08:45 GMT+0200 (CEST);1567951725000
1380556832687962;26;33.2;Sun Sep 08 2019 16:10:37 GMT+0200 (CEST);Sun Sep 08 2019 14:10:37 GMT+0200 (CEST);1567951837000
1380556832687962;26;33.2;Sun Sep 08 2019 16:12:34 GMT+0200 (CEST);Sun Sep 08 2019 14:12:34 GMT+0200 (CEST);1567951954000
1380556832687962;26;33.2;Sun Sep 08 2019 16:14:27 GMT+0200 (CEST);Sun Sep 08 2019 14:14:27 GMT+0200 (CEST);1567952067000
1380556832687962;25.5;33.2;Sun Sep 08 2019 16:16:22 GMT+0200 (CEST);Sun Sep 08 2019 14:16:22 GMT+0200 (CEST);1567952182000
1380556832687962;25.5;33.1;Sun Sep 08 2019 16:18:15 GMT+0200 (CEST);Sun Sep 08 2019 14:18:15 GMT+0200 (CEST);1567952295000
1380556832687962;25.5;33.1;Sun Sep 08 2019 16:20:26 GMT+0200 (CEST);Sun Sep 08 2019 14:20:26 GMT+0200 (CEST);1567952426000
1380556832687962;25.5;33.2;Sun Sep 08 2019 16:22:19 GMT+0200 (CEST);Sun Sep 08 2019 14:22:19 GMT+0200 (CEST);1567952539000
1380556832687962;25.5;33;Sun Sep 08 2019 16:24:11 GMT+0200 (CEST);Sun Sep 08 2019 14:24:11 GMT+0200 (CEST);1567952651000
1380556832687962;25.5;32.9;Sun Sep 08 2019 16:26:04 GMT+0200 (CEST);Sun Sep 08 2019 14:26:04 GMT+0200 (CEST);1567952764000
1380556832687962;25.5;32.9;Sun Sep 08 2019 16:28:02 GMT+0200 (CEST);Sun Sep 08 2019 14:28:02 GMT+0200 (CEST);1567952882000
1380556832687962;25.5;33.3;Sun Sep 08 2019 16:29:56 GMT+0200 (CEST);Sun Sep 08 2019 14:29:56 GMT+0200 (CEST);1567952996000
1380556832687962;24;33.2;Sun Sep 08 2019 16:31:53 GMT+0200 (CEST);Sun Sep 08 2019 14:31:53 GMT+0200 (CEST);1567953113000
1380556832687962;24;33.2;Sun Sep 08 2019 16:33:45 GMT+0200 (CEST);Sun Sep 08 2019 14:33:45 GMT+0200 (CEST);1567953225000
1380556832687962;23;33.2;Sun Sep 08 2019 16:35:54 GMT+0200 (CEST);Sun Sep 08 2019 14:35:54 GMT+0200 (CEST);1567953354000
1380556832687962;23;33.3;Sun Sep 08 2019 16:37:48 GMT+0200 (CEST);Sun Sep 08 2019 14:37:48 GMT+0200 (CEST);1567953468000
1380556832687962;23;33.3;Sun Sep 08 2019 16:39:38 GMT+0200 (CEST);Sun Sep 08 2019 14:39:38 GMT+0200 (CEST);1567953578000
1380556832687962;23;33.2;Sun Sep 08 2019 16:41:31 GMT+0200 (CEST);Sun Sep 08 2019 14:41:31 GMT+0200 (CEST);1567953691000
1380556832687962;23;33.1;Sun Sep 08 2019 16:43:29 GMT+0200 (CEST);Sun Sep 08 2019 14:43:29 GMT+0200 (CEST);1567953809000
1380556832687962;23;33.1;Sun Sep 08 2019 16:45:22 GMT+0200 (CEST);Sun Sep 08 2019 14:45:22 GMT+0200 (CEST);1567953922000
1380556832687962;23;33.1;Sun Sep 08 2019 16:47:17 GMT+0200 (CEST);Sun Sep 08 2019 14:47:17 GMT+0200 (CEST);1567954037000
1380556832687962;23;33.2;Sun Sep 08 2019 16:49:10 GMT+0200 (CEST);Sun Sep 08 2019 14:49:10 GMT+0200 (CEST);1567954150000
1380556832687962;23;33.2;Sun Sep 08 2019 16:51:03 GMT+0200 (CEST);Sun Sep 08 2019 14:51:03 GMT+0200 (CEST);1567954263000
1380556832687962;23;33.3;Sun Sep 08 2019 16:52:56 GMT+0200 (CEST);Sun Sep 08 2019 14:52:56 GMT+0200 (CEST);1567954376000
1380556832687962;23;33.5;Sun Sep 08 2019 16:54:49 GMT+0200 (CEST);Sun Sep 08 2019 14:54:49 GMT+0200 (CEST);1567954489000
1380556832687962;23;33.5;Sun Sep 08 2019 16:56:43 GMT+0200 (CEST);Sun Sep 08 2019 14:56:43 GMT+0200 (CEST);1567954603000
1380556832687962;23;33.5;Sun Sep 08 2019 16:58:45 GMT+0200 (CEST);Sun Sep 08 2019 14:58:45 GMT+0200 (CEST);1567954725000
1380556832687962;22;33.6;Sun Sep 08 2019 17:00:38 GMT+0200 (CEST);Sun Sep 08 2019 15:00:38 GMT+0200 (CEST);1567954838000
1380556832687962;22;33.6;Sun Sep 08 2019 17:02:30 GMT+0200 (CEST);Sun Sep 08 2019 15:02:30 GMT+0200 (CEST);1567954950000
1380556832687962;22;33.5;Sun Sep 08 2019 17:04:27 GMT+0200 (CEST);Sun Sep 08 2019 15:04:27 GMT+0200 (CEST);1567955067000
1380556832687962;22;33.6;Sun Sep 08 2019 17:06:20 GMT+0200 (CEST);Sun Sep 08 2019 15:06:20 GMT+0200 (CEST);1567955180000
1380556832687962;22;33.6;Sun Sep 08 2019 17:08:13 GMT+0200 (CEST);Sun Sep 08 2019 15:08:13 GMT+0200 (CEST);1567955293000
1380556832687962;22;33.3;Sun Sep 08 2019 17:10:07 GMT+0200 (CEST);Sun Sep 08 2019 15:10:07 GMT+0200 (CEST);1567955407000
1380556832687962;22;33.1;Sun Sep 08 2019 17:12:00 GMT+0200 (CEST);Sun Sep 08 2019 15:12:00 GMT+0200 (CEST);1567955520000
1380556832687962;22;33.1;Sun Sep 08 2019 17:13:52 GMT+0200 (CEST);Sun Sep 08 2019 15:13:52 GMT+0200 (CEST);1567955632000
1380556832687962;21.5;32.8;Sun Sep 08 2019 17:15:48 GMT+0200 (CEST);Sun Sep 08 2019 15:15:48 GMT+0200 (CEST);1567955748000
1380556832687962;21.5;32.9;Sun Sep 08 2019 17:17:40 GMT+0200 (CEST);Sun Sep 08 2019 15:17:40 GMT+0200 (CEST);1567955860000
1380556832687962;21.5;32.9;Sun Sep 08 2019 17:19:33 GMT+0200 (CEST);Sun Sep 08 2019 15:19:33 GMT+0200 (CEST);1567955973000
1380556832687962;21.5;32.8;Sun Sep 08 2019 17:21:26 GMT+0200 (CEST);Sun Sep 08 2019 15:21:26 GMT+0200 (CEST);1567956086000
1380556832687962;21.5;32.7;Sun Sep 08 2019 17:23:18 GMT+0200 (CEST);Sun Sep 08 2019 15:23:18 GMT+0200 (CEST);1567956198000
1380556832687962;21.5;32.7;Sun Sep 08 2019 17:25:11 GMT+0200 (CEST);Sun Sep 08 2019 15:25:11 GMT+0200 (CEST);1567956311000
1380556832687962;21.5;32.7;Sun Sep 08 2019 17:27:18 GMT+0200 (CEST);Sun Sep 08 2019 15:27:18 GMT+0200 (CEST);1567956438000
1380556832687962;21.5;32.4;Sun Sep 08 2019 17:29:12 GMT+0200 (CEST);Sun Sep 08 2019 15:29:12 GMT+0200 (CEST);1567956552000
1380556832687962;21.5;32.3;Sun Sep 08 2019 17:31:06 GMT+0200 (CEST);Sun Sep 08 2019 15:31:06 GMT+0200 (CEST);1567956666000
1380556832687962;21.5;32.5;Sun Sep 08 2019 17:32:58 GMT+0200 (CEST);Sun Sep 08 2019 15:32:58 GMT+0200 (CEST);1567956778000
1380556832687962;21.5;32.8;Sun Sep 08 2019 17:34:51 GMT+0200 (CEST);Sun Sep 08 2019 15:34:51 GMT+0200 (CEST);1567956891000
1380556832687962;21.5;32.7;Sun Sep 08 2019 17:36:44 GMT+0200 (CEST);Sun Sep 08 2019 15:36:44 GMT+0200 (CEST);1567957004000
1380556832687962;19.9;32.7;Sun Sep 08 2019 17:38:38 GMT+0200 (CEST);Sun Sep 08 2019 15:38:38 GMT+0200 (CEST);1567957118000
1380556832687962;19.9;32.8;Sun Sep 08 2019 17:40:32 GMT+0200 (CEST);Sun Sep 08 2019 15:40:32 GMT+0200 (CEST);1567957232000
1380556832687962;19.9;32.7;Sun Sep 08 2019 17:42:24 GMT+0200 (CEST);Sun Sep 08 2019 15:42:24 GMT+0200 (CEST);1567957344000
1380556832687962;19.9;32.8;Sun Sep 08 2019 17:44:18 GMT+0200 (CEST);Sun Sep 08 2019 15:44:18 GMT+0200 (CEST);1567957458000
1380556832687962;19.9;32.6;Sun Sep 08 2019 17:46:10 GMT+0200 (CEST);Sun Sep 08 2019 15:46:10 GMT+0200 (CEST);1567957570000
1380556832687962;19.9;32.8;Sun Sep 08 2019 17:48:04 GMT+0200 (CEST);Sun Sep 08 2019 15:48:04 GMT+0200 (CEST);1567957684000
1380556832687962;19.9;32.7;Sun Sep 08 2019 17:49:58 GMT+0200 (CEST);Sun Sep 08 2019 15:49:58 GMT+0200 (CEST);1567957798000
1380556832687962;19.9;32.5;Sun Sep 08 2019 17:51:51 GMT+0200 (CEST);Sun Sep 08 2019 15:51:51 GMT+0200 (CEST);1567957911000
1380556832687962;19.9;32.6;Sun Sep 08 2019 17:53:34 GMT+0200 (CEST);Sun Sep 08 2019 15:53:34 GMT+0200 (CEST);1567958014000
1380556832687962;19.9;32.5;Sun Sep 08 2019 17:55:26 GMT+0200 (CEST);Sun Sep 08 2019 15:55:26 GMT+0200 (CEST);1567958126000
1380556832687962;19.9;32.5;Sun Sep 08 2019 17:57:19 GMT+0200 (CEST);Sun Sep 08 2019 15:57:19 GMT+0200 (CEST);1567958239000
1380556832687962;19.9;32.5;Sun Sep 08 2019 17:59:13 GMT+0200 (CEST);Sun Sep 08 2019 15:59:13 GMT+0200 (CEST);1567958353000
1380556832687962;19.9;32.5;Sun Sep 08 2019 18:01:07 GMT+0200 (CEST);Sun Sep 08 2019 16:01:07 GMT+0200 (CEST);1567958467000
1380556832687962;19.9;32.5;Sun Sep 08 2019 18:03:00 GMT+0200 (CEST);Sun Sep 08 2019 16:03:00 GMT+0200 (CEST);1567958580000
1380556832687962;19.9;32.7;Sun Sep 08 2019 18:04:54 GMT+0200 (CEST);Sun Sep 08 2019 16:04:54 GMT+0200 (CEST);1567958694000
1380556832687962;19.9;32.6;Sun Sep 08 2019 18:06:50 GMT+0200 (CEST);Sun Sep 08 2019 16:06:50 GMT+0200 (CEST);1567958810000
1380556832687962;19.4;32.9;Sun Sep 08 2019 18:08:50 GMT+0200 (CEST);Sun Sep 08 2019 16:08:50 GMT+0200 (CEST);1567958930000
1380556832687962;19.4;32.9;Sun Sep 08 2019 18:10:42 GMT+0200 (CEST);Sun Sep 08 2019 16:10:42 GMT+0200 (CEST);1567959042000
1380556832687962;19.4;32.3;Sun Sep 08 2019 18:12:44 GMT+0200 (CEST);Sun Sep 08 2019 16:12:44 GMT+0200 (CEST);1567959164000
1380556832687962;19.4;32.3;Sun Sep 08 2019 18:14:38 GMT+0200 (CEST);Sun Sep 08 2019 16:14:38 GMT+0200 (CEST);1567959278000
1380556832687962;19.4;31.2;Sun Sep 08 2019 18:16:41 GMT+0200 (CEST);Sun Sep 08 2019 16:16:41 GMT+0200 (CEST);1567959401000
1380556832687962;19.4;31.3;Sun Sep 08 2019 18:18:35 GMT+0200 (CEST);Sun Sep 08 2019 16:18:35 GMT+0200 (CEST);1567959515000
1380556832687962;19.4;31.5;Sun Sep 08 2019 18:20:28 GMT+0200 (CEST);Sun Sep 08 2019 16:20:28 GMT+0200 (CEST);1567959628000
1380556832687962;19.4;31.6;Sun Sep 08 2019 18:22:21 GMT+0200 (CEST);Sun Sep 08 2019 16:22:21 GMT+0200 (CEST);1567959741000
1380556832687962;19.4;31.7;Sun Sep 08 2019 18:24:16 GMT+0200 (CEST);Sun Sep 08 2019 16:24:16 GMT+0200 (CEST);1567959856000
1380556832687962;19.4;31.1;Sun Sep 08 2019 18:26:08 GMT+0200 (CEST);Sun Sep 08 2019 16:26:08 GMT+0200 (CEST);1567959968000
1380556832687962;19.4;31.5;Sun Sep 08 2019 18:28:01 GMT+0200 (CEST);Sun Sep 08 2019 16:28:01 GMT+0200 (CEST);1567960081000
1380556832687962;19.4;31.5;Sun Sep 08 2019 18:29:53 GMT+0200 (CEST);Sun Sep 08 2019 16:29:53 GMT+0200 (CEST);1567960193000
1380556832687962;19.4;31;Sun Sep 08 2019 18:31:46 GMT+0200 (CEST);Sun Sep 08 2019 16:31:46 GMT+0200 (CEST);1567960306000
1380556832687962;17.9;31.2;Sun Sep 08 2019 18:33:40 GMT+0200 (CEST);Sun Sep 08 2019 16:33:40 GMT+0200 (CEST);1567960420000
1380556832687962;17.9;31.2;Sun Sep 08 2019 18:35:33 GMT+0200 (CEST);Sun Sep 08 2019 16:35:33 GMT+0200 (CEST);1567960533000
1380556832687962;17.9;31.2;Sun Sep 08 2019 18:37:26 GMT+0200 (CEST);Sun Sep 08 2019 16:37:26 GMT+0200 (CEST);1567960646000
1380556832687962;17.4;30.8;Sun Sep 08 2019 18:39:19 GMT+0200 (CEST);Sun Sep 08 2019 16:39:19 GMT+0200 (CEST);1567960759000
1380556832687962;17.4;31;Sun Sep 08 2019 18:41:11 GMT+0200 (CEST);Sun Sep 08 2019 16:41:11 GMT+0200 (CEST);1567960871000
1380556832687962;17.4;30.8;Sun Sep 08 2019 18:43:06 GMT+0200 (CEST);Sun Sep 08 2019 16:43:06 GMT+0200 (CEST);1567960986000
1380556832687962;17.4;30.5;Sun Sep 08 2019 18:44:59 GMT+0200 (CEST);Sun Sep 08 2019 16:44:59 GMT+0200 (CEST);1567961099000
1380556832687962;17.4;31.4;Sun Sep 08 2019 18:46:51 GMT+0200 (CEST);Sun Sep 08 2019 16:46:51 GMT+0200 (CEST);1567961211000
1380556832687962;17.4;32.1;Sun Sep 08 2019 18:48:44 GMT+0200 (CEST);Sun Sep 08 2019 16:48:44 GMT+0200 (CEST);1567961324000
1380556832687962;17.4;31.3;Sun Sep 08 2019 18:50:36 GMT+0200 (CEST);Sun Sep 08 2019 16:50:36 GMT+0200 (CEST);1567961436000
1380556832687962;17.4;31.5;Sun Sep 08 2019 18:52:30 GMT+0200 (CEST);Sun Sep 08 2019 16:52:30 GMT+0200 (CEST);1567961550000
1380556832687962;17.4;31.6;Sun Sep 08 2019 18:54:22 GMT+0200 (CEST);Sun Sep 08 2019 16:54:22 GMT+0200 (CEST);1567961662000
1380556832687962;17.4;32.2;Sun Sep 08 2019 18:56:22 GMT+0200 (CEST);Sun Sep 08 2019 16:56:22 GMT+0200 (CEST);1567961782000
1380556832687962;17.4;32.2;Sun Sep 08 2019 18:58:15 GMT+0200 (CEST);Sun Sep 08 2019 16:58:15 GMT+0200 (CEST);1567961895000
1380556832687962;17.4;32.2;Sun Sep 08 2019 19:00:13 GMT+0200 (CEST);Sun Sep 08 2019 17:00:13 GMT+0200 (CEST);1567962013000
1380556832687962;17.4;30.8;Sun Sep 08 2019 19:02:05 GMT+0200 (CEST);Sun Sep 08 2019 17:02:05 GMT+0200 (CEST);1567962125000
1380556832687962;17.4;30.6;Sun Sep 08 2019 19:03:58 GMT+0200 (CEST);Sun Sep 08 2019 17:03:58 GMT+0200 (CEST);1567962238000
1380556832687962;17.4;29.9;Sun Sep 08 2019 19:06:06 GMT+0200 (CEST);Sun Sep 08 2019 17:06:06 GMT+0200 (CEST);1567962366000
1380556832687962;15.9;28.5;Sun Sep 08 2019 19:08:03 GMT+0200 (CEST);Sun Sep 08 2019 17:08:03 GMT+0200 (CEST);1567962483000
1380556832687962;15.9;28.7;Sun Sep 08 2019 19:09:56 GMT+0200 (CEST);Sun Sep 08 2019 17:09:56 GMT+0200 (CEST);1567962596000
1380556832687962;15.9;26.5;Sun Sep 08 2019 19:11:49 GMT+0200 (CEST);Sun Sep 08 2019 17:11:49 GMT+0200 (CEST);1567962709000
1380556832687962;15.4;26.8;Sun Sep 08 2019 19:13:41 GMT+0200 (CEST);Sun Sep 08 2019 17:13:41 GMT+0200 (CEST);1567962821000
1380556832687962;15.4;25.8;Sun Sep 08 2019 19:15:38 GMT+0200 (CEST);Sun Sep 08 2019 17:15:38 GMT+0200 (CEST);1567962938000
1380556832687962;13.9;25.8;Sun Sep 08 2019 19:17:34 GMT+0200 (CEST);Sun Sep 08 2019 17:17:34 GMT+0200 (CEST);1567963054000
1380556832687962;13.9;26.3;Sun Sep 08 2019 19:19:27 GMT+0200 (CEST);Sun Sep 08 2019 17:19:27 GMT+0200 (CEST);1567963167000
1380556832687962;13.9;26.7;Sun Sep 08 2019 19:21:19 GMT+0200 (CEST);Sun Sep 08 2019 17:21:19 GMT+0200 (CEST);1567963279000
1380556832687962;13.9;27.8;Sun Sep 08 2019 19:23:15 GMT+0200 (CEST);Sun Sep 08 2019 17:23:15 GMT+0200 (CEST);1567963395000
1380556832687962;13.9;28.9;Sun Sep 08 2019 19:25:13 GMT+0200 (CEST);Sun Sep 08 2019 17:25:13 GMT+0200 (CEST);1567963513000
1380556832687962;14.9;30.4;Sun Sep 08 2019 19:27:10 GMT+0200 (CEST);Sun Sep 08 2019 17:27:10 GMT+0200 (CEST);1567963630000
1380556832687962;14.9;29.6;Sun Sep 08 2019 19:29:02 GMT+0200 (CEST);Sun Sep 08 2019 17:29:02 GMT+0200 (CEST);1567963742000
1380556832687962;14.9;29;Sun Sep 08 2019 19:30:57 GMT+0200 (CEST);Sun Sep 08 2019 17:30:57 GMT+0200 (CEST);1567963857000
1380556832687962;14.9;32.2;Sun Sep 08 2019 19:32:50 GMT+0200 (CEST);Sun Sep 08 2019 17:32:50 GMT+0200 (CEST);1567963970000
1380556832687962;14.9;32.2;Sun Sep 08 2019 19:34:44 GMT+0200 (CEST);Sun Sep 08 2019 17:34:44 GMT+0200 (CEST);1567964084000
1380556832687962;14.9;31;Sun Sep 08 2019 19:36:39 GMT+0200 (CEST);Sun Sep 08 2019 17:36:39 GMT+0200 (CEST);1567964199000
1380556832687962;14.9;30.6;Sun Sep 08 2019 19:38:32 GMT+0200 (CEST);Sun Sep 08 2019 17:38:32 GMT+0200 (CEST);1567964312000
1380556832687962;14.9;30.6;Sun Sep 08 2019 19:40:25 GMT+0200 (CEST);Sun Sep 08 2019 17:40:25 GMT+0200 (CEST);1567964425000
1380556832687962;14.9;30.6;Sun Sep 08 2019 19:42:18 GMT+0200 (CEST);Sun Sep 08 2019 17:42:18 GMT+0200 (CEST);1567964538000
1380556832687962;-273.2;29.3;Mon Sep 09 2019 07:34:59 GMT+0200 (CEST);Mon Sep 09 2019 05:34:59 GMT+0200 (CEST);1568007299000
1380556832687962;-273.2;26.7;Mon Sep 09 2019 07:36:51 GMT+0200 (CEST);Mon Sep 09 2019 05:36:51 GMT+0200 (CEST);1568007411000
1380556832687962;-273.2;26.4;Mon Sep 09 2019 07:38:44 GMT+0200 (CEST);Mon Sep 09 2019 05:38:44 GMT+0200 (CEST);1568007524000
1380556832687962;13.4;25.5;Mon Sep 09 2019 07:40:37 GMT+0200 (CEST);Mon Sep 09 2019 05:40:37 GMT+0200 (CEST);1568007637000
1380556832687962;13.4;25;Mon Sep 09 2019 07:42:30 GMT+0200 (CEST);Mon Sep 09 2019 05:42:30 GMT+0200 (CEST);1568007750000
1380556832687962;11.9;23.7;Mon Sep 09 2019 07:44:23 GMT+0200 (CEST);Mon Sep 09 2019 05:44:23 GMT+0200 (CEST);1568007863000
1380556832687962;11.9;22.4;Mon Sep 09 2019 07:46:16 GMT+0200 (CEST);Mon Sep 09 2019 05:46:16 GMT+0200 (CEST);1568007976000
1380556832687962;11.9;23.2;Mon Sep 09 2019 07:48:11 GMT+0200 (CEST);Mon Sep 09 2019 05:48:11 GMT+0200 (CEST);1568008091000
1380556832687962;11.9;23.5;Mon Sep 09 2019 07:50:04 GMT+0200 (CEST);Mon Sep 09 2019 05:50:04 GMT+0200 (CEST);1568008204000
1380556832687962;11.9;23.7;Mon Sep 09 2019 07:52:01 GMT+0200 (CEST);Mon Sep 09 2019 05:52:01 GMT+0200 (CEST);1568008321000
1380556832687962;11.9;23.7;Mon Sep 09 2019 07:53:54 GMT+0200 (CEST);Mon Sep 09 2019 05:53:54 GMT+0200 (CEST);1568008434000
1380556832687962;11.9;23.7;Mon Sep 09 2019 07:55:58 GMT+0200 (CEST);Mon Sep 09 2019 05:55:58 GMT+0200 (CEST);1568008558000
1380556832687962;11.9;23.8;Mon Sep 09 2019 07:57:52 GMT+0200 (CEST);Mon Sep 09 2019 05:57:52 GMT+0200 (CEST);1568008672000
1380556832687962;11.9;24;Mon Sep 09 2019 07:59:44 GMT+0200 (CEST);Mon Sep 09 2019 05:59:44 GMT+0200 (CEST);1568008784000
1380556832687962;11.9;24;Mon Sep 09 2019 08:01:37 GMT+0200 (CEST);Mon Sep 09 2019 06:01:37 GMT+0200 (CEST);1568008897000
1380556832687962;11.9;24;Mon Sep 09 2019 08:03:32 GMT+0200 (CEST);Mon Sep 09 2019 06:03:32 GMT+0200 (CEST);1568009012000
1380556832687962;11.9;31.4;Mon Sep 09 2019 08:05:25 GMT+0200 (CEST);Mon Sep 09 2019 06:05:25 GMT+0200 (CEST);1568009125000
1380556832687962;11.9;31.4;Mon Sep 09 2019 08:07:18 GMT+0200 (CEST);Mon Sep 09 2019 06:07:18 GMT+0200 (CEST);1568009238000
1380556832687962;11.9;31.5;Mon Sep 09 2019 08:09:10 GMT+0200 (CEST);Mon Sep 09 2019 06:09:10 GMT+0200 (CEST);1568009350000
1380556832687962;11.9;31.2;Mon Sep 09 2019 08:11:03 GMT+0200 (CEST);Mon Sep 09 2019 06:11:03 GMT+0200 (CEST);1568009463000
1380556832687962;11.9;31.2;Mon Sep 09 2019 08:12:48 GMT+0200 (CEST);Mon Sep 09 2019 06:12:48 GMT+0200 (CEST);1568009568000
1380556832687962;15.9;31.3;Mon Sep 09 2019 08:14:40 GMT+0200 (CEST);Mon Sep 09 2019 06:14:40 GMT+0200 (CEST);1568009680000
1380556832687962;15.9;31.3;Mon Sep 09 2019 08:16:48 GMT+0200 (CEST);Mon Sep 09 2019 06:16:48 GMT+0200 (CEST);1568009808000
1380556832687962;15.9;30.7;Mon Sep 09 2019 08:18:41 GMT+0200 (CEST);Mon Sep 09 2019 06:18:41 GMT+0200 (CEST);1568009921000
1380556832687962;15.9;31.2;Mon Sep 09 2019 08:20:34 GMT+0200 (CEST);Mon Sep 09 2019 06:20:34 GMT+0200 (CEST);1568010034000
1380556832687962;15.9;30.6;Mon Sep 09 2019 08:22:27 GMT+0200 (CEST);Mon Sep 09 2019 06:22:27 GMT+0200 (CEST);1568010147000
1380556832687962;15.9;30.6;Mon Sep 09 2019 08:24:20 GMT+0200 (CEST);Mon Sep 09 2019 06:24:20 GMT+0200 (CEST);1568010260000
1380556832687962;15.9;30.6;Mon Sep 09 2019 08:26:18 GMT+0200 (CEST);Mon Sep 09 2019 06:26:18 GMT+0200 (CEST);1568010378000
1380556832687962;15.4;30.6;Mon Sep 09 2019 08:28:11 GMT+0200 (CEST);Mon Sep 09 2019 06:28:11 GMT+0200 (CEST);1568010491000
1380556832687962;15.4;30.9;Mon Sep 09 2019 08:30:09 GMT+0200 (CEST);Mon Sep 09 2019 06:30:09 GMT+0200 (CEST);1568010609000
1380556832687962;15.9;30.6;Mon Sep 09 2019 08:32:03 GMT+0200 (CEST);Mon Sep 09 2019 06:32:03 GMT+0200 (CEST);1568010723000
1380556832687962;15.9;30;Mon Sep 09 2019 08:33:57 GMT+0200 (CEST);Mon Sep 09 2019 06:33:57 GMT+0200 (CEST);1568010837000
1380556832687962;15.9;31.2;Mon Sep 09 2019 08:35:52 GMT+0200 (CEST);Mon Sep 09 2019 06:35:52 GMT+0200 (CEST);1568010952000
1380556832687962;15.9;31.2;Mon Sep 09 2019 08:38:05 GMT+0200 (CEST);Mon Sep 09 2019 06:38:05 GMT+0200 (CEST);1568011085000
1380556832687962;15.9;31.4;Mon Sep 09 2019 08:39:57 GMT+0200 (CEST);Mon Sep 09 2019 06:39:57 GMT+0200 (CEST);1568011197000
1380556832687962;17.4;31.2;Mon Sep 09 2019 08:41:50 GMT+0200 (CEST);Mon Sep 09 2019 06:41:50 GMT+0200 (CEST);1568011310000
1380556832687962;17.4;31.1;Mon Sep 09 2019 08:43:49 GMT+0200 (CEST);Mon Sep 09 2019 06:43:49 GMT+0200 (CEST);1568011429000
1380556832687962;17.4;31.4;Mon Sep 09 2019 08:45:42 GMT+0200 (CEST);Mon Sep 09 2019 06:45:42 GMT+0200 (CEST);1568011542000
1380556832687962;15.9;30.5;Mon Sep 09 2019 08:47:35 GMT+0200 (CEST);Mon Sep 09 2019 06:47:35 GMT+0200 (CEST);1568011655000
1380556832687962;15.9;30.2;Mon Sep 09 2019 08:49:31 GMT+0200 (CEST);Mon Sep 09 2019 06:49:31 GMT+0200 (CEST);1568011771000
1380556832687962;15.4;29.3;Mon Sep 09 2019 08:51:25 GMT+0200 (CEST);Mon Sep 09 2019 06:51:25 GMT+0200 (CEST);1568011885000
1380556832687962;15.4;29.1;Mon Sep 09 2019 08:53:19 GMT+0200 (CEST);Mon Sep 09 2019 06:53:19 GMT+0200 (CEST);1568011999000
1380556832687962;15.4;31.2;Mon Sep 09 2019 08:55:13 GMT+0200 (CEST);Mon Sep 09 2019 06:55:13 GMT+0200 (CEST);1568012113000
1380556832687962;15.9;32.8;Mon Sep 09 2019 08:57:14 GMT+0200 (CEST);Mon Sep 09 2019 06:57:14 GMT+0200 (CEST);1568012234000
1380556832687962;15.9;34.2;Mon Sep 09 2019 08:59:14 GMT+0200 (CEST);Mon Sep 09 2019 06:59:14 GMT+0200 (CEST);1568012354000
1380556832687962;15.9;36.3;Mon Sep 09 2019 09:01:07 GMT+0200 (CEST);Mon Sep 09 2019 07:01:07 GMT+0200 (CEST);1568012467000
1380556832687962;17.4;36.2;Mon Sep 09 2019 09:02:59 GMT+0200 (CEST);Mon Sep 09 2019 07:02:59 GMT+0200 (CEST);1568012579000
1380556832687962;17.4;36.3;Mon Sep 09 2019 09:05:10 GMT+0200 (CEST);Mon Sep 09 2019 07:05:10 GMT+0200 (CEST);1568012710000
1380556832687962;17.4;36.7;Mon Sep 09 2019 09:07:04 GMT+0200 (CEST);Mon Sep 09 2019 07:07:04 GMT+0200 (CEST);1568012824000
1380556832687962;17.4;37;Mon Sep 09 2019 09:08:56 GMT+0200 (CEST);Mon Sep 09 2019 07:08:56 GMT+0200 (CEST);1568012936000
1380556832687962;17.4;37.4;Mon Sep 09 2019 09:10:49 GMT+0200 (CEST);Mon Sep 09 2019 07:10:49 GMT+0200 (CEST);1568013049000
1380556832687962;19.4;38.1;Mon Sep 09 2019 09:12:42 GMT+0200 (CEST);Mon Sep 09 2019 07:12:42 GMT+0200 (CEST);1568013162000
1380556832687962;19.4;36.9;Mon Sep 09 2019 09:14:40 GMT+0200 (CEST);Mon Sep 09 2019 07:14:40 GMT+0200 (CEST);1568013280000
1380556832687962;19.4;32.6;Mon Sep 09 2019 09:16:36 GMT+0200 (CEST);Mon Sep 09 2019 07:16:36 GMT+0200 (CEST);1568013396000
1380556832687962;19.4;32.3;Mon Sep 09 2019 09:18:44 GMT+0200 (CEST);Mon Sep 09 2019 07:18:44 GMT+0200 (CEST);1568013524000
1380556832687962;19.4;32.8;Mon Sep 09 2019 09:20:44 GMT+0200 (CEST);Mon Sep 09 2019 07:20:44 GMT+0200 (CEST);1568013644000
1380556832687962;17.4;33.1;Mon Sep 09 2019 09:22:37 GMT+0200 (CEST);Mon Sep 09 2019 07:22:37 GMT+0200 (CEST);1568013757000
1380556832687962;17.4;32.7;Mon Sep 09 2019 09:24:29 GMT+0200 (CEST);Mon Sep 09 2019 07:24:29 GMT+0200 (CEST);1568013869000
1380556832687962;17.4;33.1;Mon Sep 09 2019 09:26:23 GMT+0200 (CEST);Mon Sep 09 2019 07:26:23 GMT+0200 (CEST);1568013983000
1380556832687962;17.4;33.5;Mon Sep 09 2019 09:28:15 GMT+0200 (CEST);Mon Sep 09 2019 07:28:15 GMT+0200 (CEST);1568014095000
1380556832687962;17.4;33.3;Mon Sep 09 2019 09:30:08 GMT+0200 (CEST);Mon Sep 09 2019 07:30:08 GMT+0200 (CEST);1568014208000
1380556832687962;17.4;33.5;Mon Sep 09 2019 09:32:03 GMT+0200 (CEST);Mon Sep 09 2019 07:32:03 GMT+0200 (CEST);1568014323000
1380556832687962;17.4;33.4;Mon Sep 09 2019 09:34:03 GMT+0200 (CEST);Mon Sep 09 2019 07:34:03 GMT+0200 (CEST);1568014443000
1380556832687962;17.4;32.8;Mon Sep 09 2019 09:35:56 GMT+0200 (CEST);Mon Sep 09 2019 07:35:56 GMT+0200 (CEST);1568014556000
1380556832687962;17.4;32.8;Mon Sep 09 2019 09:37:48 GMT+0200 (CEST);Mon Sep 09 2019 07:37:48 GMT+0200 (CEST);1568014668000
1380556832687962;17.4;32.8;Mon Sep 09 2019 09:39:41 GMT+0200 (CEST);Mon Sep 09 2019 07:39:41 GMT+0200 (CEST);1568014781000
1380556832687962;17.4;32.7;Mon Sep 09 2019 09:41:40 GMT+0200 (CEST);Mon Sep 09 2019 07:41:40 GMT+0200 (CEST);1568014900000
1380556832687962;17.4;32.5;Mon Sep 09 2019 09:43:32 GMT+0200 (CEST);Mon Sep 09 2019 07:43:32 GMT+0200 (CEST);1568015012000
1380556832687962;17.4;32.5;Mon Sep 09 2019 09:45:26 GMT+0200 (CEST);Mon Sep 09 2019 07:45:26 GMT+0200 (CEST);1568015126000
1380556832687962;17.4;32.5;Mon Sep 09 2019 09:47:19 GMT+0200 (CEST);Mon Sep 09 2019 07:47:19 GMT+0200 (CEST);1568015239000
1380556832687962;17.4;32.5;Mon Sep 09 2019 09:49:16 GMT+0200 (CEST);Mon Sep 09 2019 07:49:16 GMT+0200 (CEST);1568015356000
1380556832687962;17.4;32.3;Mon Sep 09 2019 09:51:10 GMT+0200 (CEST);Mon Sep 09 2019 07:51:10 GMT+0200 (CEST);1568015470000
1380556832687962;17.4;32.3;Mon Sep 09 2019 09:53:04 GMT+0200 (CEST);Mon Sep 09 2019 07:53:04 GMT+0200 (CEST);1568015584000
1380556832687962;17.4;32.7;Mon Sep 09 2019 09:54:57 GMT+0200 (CEST);Mon Sep 09 2019 07:54:57 GMT+0200 (CEST);1568015697000
1380556832687962;17.4;33.1;Mon Sep 09 2019 09:56:49 GMT+0200 (CEST);Mon Sep 09 2019 07:56:49 GMT+0200 (CEST);1568015809000
1380556832687962;17.4;32.8;Mon Sep 09 2019 09:58:42 GMT+0200 (CEST);Mon Sep 09 2019 07:58:42 GMT+0200 (CEST);1568015922000
1380556832687962;17.4;32.9;Mon Sep 09 2019 10:00:35 GMT+0200 (CEST);Mon Sep 09 2019 08:00:35 GMT+0200 (CEST);1568016035000
1380556832687962;17.4;33;Mon Sep 09 2019 10:02:28 GMT+0200 (CEST);Mon Sep 09 2019 08:02:28 GMT+0200 (CEST);1568016148000
1380556832687962;17.4;32.9;Mon Sep 09 2019 10:04:21 GMT+0200 (CEST);Mon Sep 09 2019 08:04:21 GMT+0200 (CEST);1568016261000
1380556832687962;17.4;32.9;Mon Sep 09 2019 10:06:15 GMT+0200 (CEST);Mon Sep 09 2019 08:06:15 GMT+0200 (CEST);1568016375000
1380556832687962;17.4;32.8;Mon Sep 09 2019 10:08:07 GMT+0200 (CEST);Mon Sep 09 2019 08:08:07 GMT+0200 (CEST);1568016487000
1380556832687962;17.4;32.9;Mon Sep 09 2019 10:10:01 GMT+0200 (CEST);Mon Sep 09 2019 08:10:01 GMT+0200 (CEST);1568016601000
1380556832687962;17.4;33;Mon Sep 09 2019 10:11:55 GMT+0200 (CEST);Mon Sep 09 2019 08:11:55 GMT+0200 (CEST);1568016715000
1380556832687962;17.4;32.8;Mon Sep 09 2019 10:13:48 GMT+0200 (CEST);Mon Sep 09 2019 08:13:48 GMT+0200 (CEST);1568016828000
1380556832687962;17.4;32.7;Mon Sep 09 2019 10:15:42 GMT+0200 (CEST);Mon Sep 09 2019 08:15:42 GMT+0200 (CEST);1568016942000
1380556832687962;17.4;32.6;Mon Sep 09 2019 10:17:36 GMT+0200 (CEST);Mon Sep 09 2019 08:17:36 GMT+0200 (CEST);1568017056000
1380556832687962;17.4;32.6;Mon Sep 09 2019 10:19:29 GMT+0200 (CEST);Mon Sep 09 2019 08:19:29 GMT+0200 (CEST);1568017169000
1380556832687962;17.4;32.7;Mon Sep 09 2019 10:21:22 GMT+0200 (CEST);Mon Sep 09 2019 08:21:22 GMT+0200 (CEST);1568017282000
1380556832687962;17.4;33;Mon Sep 09 2019 10:23:18 GMT+0200 (CEST);Mon Sep 09 2019 08:23:18 GMT+0200 (CEST);1568017398000
1380556832687962;17.4;32.9;Mon Sep 09 2019 10:25:16 GMT+0200 (CEST);Mon Sep 09 2019 08:25:16 GMT+0200 (CEST);1568017516000
1380556832687962;17.4;32.7;Mon Sep 09 2019 10:27:15 GMT+0200 (CEST);Mon Sep 09 2019 08:27:15 GMT+0200 (CEST);1568017635000
1380556832687962;15.9;30.8;Mon Sep 09 2019 10:29:08 GMT+0200 (CEST);Mon Sep 09 2019 08:29:08 GMT+0200 (CEST);1568017748000
1380556832687962;15.9;30.8;Mon Sep 09 2019 10:31:06 GMT+0200 (CEST);Mon Sep 09 2019 08:31:06 GMT+0200 (CEST);1568017866000
1380556832687962;15.9;32;Mon Sep 09 2019 10:33:00 GMT+0200 (CEST);Mon Sep 09 2019 08:33:00 GMT+0200 (CEST);1568017980000
1380556832687962;15.9;32.9;Mon Sep 09 2019 10:34:53 GMT+0200 (CEST);Mon Sep 09 2019 08:34:53 GMT+0200 (CEST);1568018093000
1380556832687962;15.9;33.6;Mon Sep 09 2019 10:36:48 GMT+0200 (CEST);Mon Sep 09 2019 08:36:48 GMT+0200 (CEST);1568018208000
1380556832687962;15.9;33.4;Mon Sep 09 2019 10:38:49 GMT+0200 (CEST);Mon Sep 09 2019 08:38:49 GMT+0200 (CEST);1568018329000
1380556832687962;17.4;33.8;Mon Sep 09 2019 10:40:42 GMT+0200 (CEST);Mon Sep 09 2019 08:40:42 GMT+0200 (CEST);1568018442000
1380556832687962;17.4;34;Mon Sep 09 2019 10:42:34 GMT+0200 (CEST);Mon Sep 09 2019 08:42:34 GMT+0200 (CEST);1568018554000
1380556832687962;17.9;33.6;Mon Sep 09 2019 10:44:27 GMT+0200 (CEST);Mon Sep 09 2019 08:44:27 GMT+0200 (CEST);1568018667000
1380556832687962;17.9;33.2;Mon Sep 09 2019 10:46:23 GMT+0200 (CEST);Mon Sep 09 2019 08:46:23 GMT+0200 (CEST);1568018783000
1380556832687962;17.9;32.7;Mon Sep 09 2019 10:48:15 GMT+0200 (CEST);Mon Sep 09 2019 08:48:15 GMT+0200 (CEST);1568018895000
1380556832687962;17.9;33.3;Mon Sep 09 2019 10:50:08 GMT+0200 (CEST);Mon Sep 09 2019 08:50:08 GMT+0200 (CEST);1568019008000
1380556832687962;17.9;33.8;Mon Sep 09 2019 10:52:04 GMT+0200 (CEST);Mon Sep 09 2019 08:52:04 GMT+0200 (CEST);1568019124000
1380556832687962;17.9;33.5;Mon Sep 09 2019 10:54:21 GMT+0200 (CEST);Mon Sep 09 2019 08:54:21 GMT+0200 (CEST);1568019261000
1380556832687962;17.9;33.9;Mon Sep 09 2019 10:56:15 GMT+0200 (CEST);Mon Sep 09 2019 08:56:15 GMT+0200 (CEST);1568019375000
1380556832687962;17.9;34;Mon Sep 09 2019 10:58:08 GMT+0200 (CEST);Mon Sep 09 2019 08:58:08 GMT+0200 (CEST);1568019488000
1380556832687962;17.9;33.8;Mon Sep 09 2019 11:00:02 GMT+0200 (CEST);Mon Sep 09 2019 09:00:02 GMT+0200 (CEST);1568019602000
1380556832687962;17.9;33.7;Mon Sep 09 2019 11:01:55 GMT+0200 (CEST);Mon Sep 09 2019 09:01:55 GMT+0200 (CEST);1568019715000
1380556832687962;19.4;33.3;Mon Sep 09 2019 11:03:48 GMT+0200 (CEST);Mon Sep 09 2019 09:03:48 GMT+0200 (CEST);1568019828000
1380556832687962;19.4;33.6;Mon Sep 09 2019 11:05:44 GMT+0200 (CEST);Mon Sep 09 2019 09:05:44 GMT+0200 (CEST);1568019944000
1380556832687962;19.4;33.6;Mon Sep 09 2019 11:07:38 GMT+0200 (CEST);Mon Sep 09 2019 09:07:38 GMT+0200 (CEST);1568020058000
1380556832687962;19.4;33.7;Mon Sep 09 2019 11:09:31 GMT+0200 (CEST);Mon Sep 09 2019 09:09:31 GMT+0200 (CEST);1568020171000
1380556832687962;19.4;33.3;Mon Sep 09 2019 11:11:24 GMT+0200 (CEST);Mon Sep 09 2019 09:11:24 GMT+0200 (CEST);1568020284000
1380556832687962;19.4;32.8;Mon Sep 09 2019 11:13:17 GMT+0200 (CEST);Mon Sep 09 2019 09:13:17 GMT+0200 (CEST);1568020397000
1380556832687962;19.4;33.7;Mon Sep 09 2019 11:15:10 GMT+0200 (CEST);Mon Sep 09 2019 09:15:10 GMT+0200 (CEST);1568020510000
1380556832687962;19.4;33.5;Mon Sep 09 2019 11:17:05 GMT+0200 (CEST);Mon Sep 09 2019 09:17:05 GMT+0200 (CEST);1568020625000
1380556832687962;19.4;32.3;Mon Sep 09 2019 11:18:57 GMT+0200 (CEST);Mon Sep 09 2019 09:18:57 GMT+0200 (CEST);1568020737000
1380556832687962;19.4;32.5;Mon Sep 09 2019 11:20:50 GMT+0200 (CEST);Mon Sep 09 2019 09:20:50 GMT+0200 (CEST);1568020850000
1380556832687962;19.4;32.4;Mon Sep 09 2019 11:22:58 GMT+0200 (CEST);Mon Sep 09 2019 09:22:58 GMT+0200 (CEST);1568020978000
1380556832687962;19.4;32.7;Mon Sep 09 2019 11:24:56 GMT+0200 (CEST);Mon Sep 09 2019 09:24:56 GMT+0200 (CEST);1568021096000
1380556832687962;19.4;32.3;Mon Sep 09 2019 11:26:48 GMT+0200 (CEST);Mon Sep 09 2019 09:26:48 GMT+0200 (CEST);1568021208000
1380556832687962;19.4;32.3;Mon Sep 09 2019 11:28:44 GMT+0200 (CEST);Mon Sep 09 2019 09:28:44 GMT+0200 (CEST);1568021324000
1380556832687962;19.4;32.9;Mon Sep 09 2019 11:30:37 GMT+0200 (CEST);Mon Sep 09 2019 09:30:37 GMT+0200 (CEST);1568021437000
1380556832687962;19.4;32.8;Mon Sep 09 2019 11:32:37 GMT+0200 (CEST);Mon Sep 09 2019 09:32:37 GMT+0200 (CEST);1568021557000
1380556832687962;19.4;32.3;Mon Sep 09 2019 11:34:21 GMT+0200 (CEST);Mon Sep 09 2019 09:34:21 GMT+0200 (CEST);1568021661000
1380556832687962;19.4;32.7;Mon Sep 09 2019 11:36:16 GMT+0200 (CEST);Mon Sep 09 2019 09:36:16 GMT+0200 (CEST);1568021776000
1380556832687962;19.4;32.5;Mon Sep 09 2019 11:38:09 GMT+0200 (CEST);Mon Sep 09 2019 09:38:09 GMT+0200 (CEST);1568021889000
1380556832687962;19.4;32.6;Mon Sep 09 2019 11:40:03 GMT+0200 (CEST);Mon Sep 09 2019 09:40:03 GMT+0200 (CEST);1568022003000
1380556832687962;19.4;32.9;Mon Sep 09 2019 11:41:55 GMT+0200 (CEST);Mon Sep 09 2019 09:41:55 GMT+0200 (CEST);1568022115000
1380556832687962;19.4;32.4;Mon Sep 09 2019 11:43:38 GMT+0200 (CEST);Mon Sep 09 2019 09:43:38 GMT+0200 (CEST);1568022218000
1380556832687962;19.4;33;Mon Sep 09 2019 11:45:31 GMT+0200 (CEST);Mon Sep 09 2019 09:45:31 GMT+0200 (CEST);1568022331000
1380556832687962;19.4;32.8;Mon Sep 09 2019 11:47:23 GMT+0200 (CEST);Mon Sep 09 2019 09:47:23 GMT+0200 (CEST);1568022443000
1380556832687962;19.4;33;Mon Sep 09 2019 11:49:16 GMT+0200 (CEST);Mon Sep 09 2019 09:49:16 GMT+0200 (CEST);1568022556000
1380556832687962;19.4;33.9;Mon Sep 09 2019 11:51:09 GMT+0200 (CEST);Mon Sep 09 2019 09:51:09 GMT+0200 (CEST);1568022669000
1380556832687962;19.4;34;Mon Sep 09 2019 11:53:02 GMT+0200 (CEST);Mon Sep 09 2019 09:53:02 GMT+0200 (CEST);1568022782000
1380556832687962;19.4;34;Mon Sep 09 2019 11:54:56 GMT+0200 (CEST);Mon Sep 09 2019 09:54:56 GMT+0200 (CEST);1568022896000
1380556832687962;19.4;32.9;Mon Sep 09 2019 11:56:56 GMT+0200 (CEST);Mon Sep 09 2019 09:56:56 GMT+0200 (CEST);1568023016000
1380556832687962;19.4;33.2;Mon Sep 09 2019 11:58:52 GMT+0200 (CEST);Mon Sep 09 2019 09:58:52 GMT+0200 (CEST);1568023132000
1380556832687962;19.4;33.2;Mon Sep 09 2019 12:00:46 GMT+0200 (CEST);Mon Sep 09 2019 10:00:46 GMT+0200 (CEST);1568023246000
1380556832687962;19.4;33.9;Mon Sep 09 2019 12:02:39 GMT+0200 (CEST);Mon Sep 09 2019 10:02:39 GMT+0200 (CEST);1568023359000
1380556832687962;19.4;33.3;Mon Sep 09 2019 12:04:31 GMT+0200 (CEST);Mon Sep 09 2019 10:04:31 GMT+0200 (CEST);1568023471000
1380556832687962;19.4;32.8;Mon Sep 09 2019 12:06:26 GMT+0200 (CEST);Mon Sep 09 2019 10:06:26 GMT+0200 (CEST);1568023586000
1380556832687962;19.4;32.9;Mon Sep 09 2019 12:08:18 GMT+0200 (CEST);Mon Sep 09 2019 10:08:18 GMT+0200 (CEST);1568023698000
1380556832687962;19.4;32.7;Mon Sep 09 2019 12:10:11 GMT+0200 (CEST);Mon Sep 09 2019 10:10:11 GMT+0200 (CEST);1568023811000
1380556832687962;19.4;32.4;Mon Sep 09 2019 12:12:05 GMT+0200 (CEST);Mon Sep 09 2019 10:12:05 GMT+0200 (CEST);1568023925000
1380556832687962;19.4;32.4;Mon Sep 09 2019 12:13:58 GMT+0200 (CEST);Mon Sep 09 2019 10:13:58 GMT+0200 (CEST);1568024038000
1380556832687962;19.4;32.6;Mon Sep 09 2019 12:15:51 GMT+0200 (CEST);Mon Sep 09 2019 10:15:51 GMT+0200 (CEST);1568024151000
1380556832687962;19.4;31.6;Mon Sep 09 2019 12:17:48 GMT+0200 (CEST);Mon Sep 09 2019 10:17:48 GMT+0200 (CEST);1568024268000
1380556832687962;19.4;31;Mon Sep 09 2019 12:19:42 GMT+0200 (CEST);Mon Sep 09 2019 10:19:42 GMT+0200 (CEST);1568024382000
1380556832687962;19.4;31;Mon Sep 09 2019 12:21:35 GMT+0200 (CEST);Mon Sep 09 2019 10:21:35 GMT+0200 (CEST);1568024495000
1380556832687962;19.4;31.7;Mon Sep 09 2019 12:23:34 GMT+0200 (CEST);Mon Sep 09 2019 10:23:34 GMT+0200 (CEST);1568024614000
1380556832687962;19.4;31;Mon Sep 09 2019 12:25:27 GMT+0200 (CEST);Mon Sep 09 2019 10:25:27 GMT+0200 (CEST);1568024727000
1380556832687962;17.9;31.2;Mon Sep 09 2019 12:27:20 GMT+0200 (CEST);Mon Sep 09 2019 10:27:20 GMT+0200 (CEST);1568024840000
1380556832687962;17.9;31.1;Mon Sep 09 2019 12:29:13 GMT+0200 (CEST);Mon Sep 09 2019 10:29:13 GMT+0200 (CEST);1568024953000
1380556832687962;17.4;31.7;Mon Sep 09 2019 12:31:06 GMT+0200 (CEST);Mon Sep 09 2019 10:31:06 GMT+0200 (CEST);1568025066000
1380556832687962;17.4;32.2;Mon Sep 09 2019 12:33:01 GMT+0200 (CEST);Mon Sep 09 2019 10:33:01 GMT+0200 (CEST);1568025181000
1380556832687962;17.4;32.2;Mon Sep 09 2019 12:34:54 GMT+0200 (CEST);Mon Sep 09 2019 10:34:54 GMT+0200 (CEST);1568025294000
1380556832687962;17.9;32.7;Mon Sep 09 2019 12:36:46 GMT+0200 (CEST);Mon Sep 09 2019 10:36:46 GMT+0200 (CEST);1568025406000
1380556832687962;17.9;32.9;Mon Sep 09 2019 12:38:39 GMT+0200 (CEST);Mon Sep 09 2019 10:38:39 GMT+0200 (CEST);1568025519000
1380556832687962;17.9;32.8;Mon Sep 09 2019 12:40:33 GMT+0200 (CEST);Mon Sep 09 2019 10:40:33 GMT+0200 (CEST);1568025633000
1380556832687962;17.9;33.2;Mon Sep 09 2019 12:42:26 GMT+0200 (CEST);Mon Sep 09 2019 10:42:26 GMT+0200 (CEST);1568025746000
1380556832687962;17.9;33.1;Mon Sep 09 2019 12:44:19 GMT+0200 (CEST);Mon Sep 09 2019 10:44:19 GMT+0200 (CEST);1568025859000
1380556832687962;17.9;32.9;Mon Sep 09 2019 12:46:21 GMT+0200 (CEST);Mon Sep 09 2019 10:46:21 GMT+0200 (CEST);1568025981000
1380556832687962;17.9;33.1;Mon Sep 09 2019 12:48:21 GMT+0200 (CEST);Mon Sep 09 2019 10:48:21 GMT+0200 (CEST);1568026101000
1380556832687962;17.9;33.2;Mon Sep 09 2019 12:50:26 GMT+0200 (CEST);Mon Sep 09 2019 10:50:26 GMT+0200 (CEST);1568026226000
1380556832687962;17.9;33.3;Mon Sep 09 2019 12:52:19 GMT+0200 (CEST);Mon Sep 09 2019 10:52:19 GMT+0200 (CEST);1568026339000
1380556832687962;17.9;33.5;Mon Sep 09 2019 12:54:13 GMT+0200 (CEST);Mon Sep 09 2019 10:54:13 GMT+0200 (CEST);1568026453000
1380556832687962;19.4;33.4;Mon Sep 09 2019 12:56:06 GMT+0200 (CEST);Mon Sep 09 2019 10:56:06 GMT+0200 (CEST);1568026566000
1380556832687962;19.4;33.4;Mon Sep 09 2019 12:57:59 GMT+0200 (CEST);Mon Sep 09 2019 10:57:59 GMT+0200 (CEST);1568026679000
1380556832687962;19.4;33.7;Mon Sep 09 2019 12:59:52 GMT+0200 (CEST);Mon Sep 09 2019 10:59:52 GMT+0200 (CEST);1568026792000
1380556832687962;19.4;33.8;Mon Sep 09 2019 13:01:52 GMT+0200 (CEST);Mon Sep 09 2019 11:01:52 GMT+0200 (CEST);1568026912000
1380556832687962;19.4;34.1;Mon Sep 09 2019 13:03:45 GMT+0200 (CEST);Mon Sep 09 2019 11:03:45 GMT+0200 (CEST);1568027025000
1380556832687962;19.4;34.1;Mon Sep 09 2019 13:05:46 GMT+0200 (CEST);Mon Sep 09 2019 11:05:46 GMT+0200 (CEST);1568027146000
1380556832687962;19.4;33.6;Mon Sep 09 2019 13:07:39 GMT+0200 (CEST);Mon Sep 09 2019 11:07:39 GMT+0200 (CEST);1568027259000
1380556832687962;19.4;33;Mon Sep 09 2019 13:09:31 GMT+0200 (CEST);Mon Sep 09 2019 11:09:31 GMT+0200 (CEST);1568027371000
1380556832687962;19.4;32.4;Mon Sep 09 2019 13:11:29 GMT+0200 (CEST);Mon Sep 09 2019 11:11:29 GMT+0200 (CEST);1568027489000
1380556832687962;19.4;32.2;Mon Sep 09 2019 13:13:55 GMT+0200 (CEST);Mon Sep 09 2019 11:13:55 GMT+0200 (CEST);1568027635000
1380556832687962;19.4;32.4;Mon Sep 09 2019 13:15:47 GMT+0200 (CEST);Mon Sep 09 2019 11:15:47 GMT+0200 (CEST);1568027747000
1380556832687962;19.4;33.4;Mon Sep 09 2019 13:17:41 GMT+0200 (CEST);Mon Sep 09 2019 11:17:41 GMT+0200 (CEST);1568027861000
1380556832687962;19.4;33.9;Mon Sep 09 2019 13:19:35 GMT+0200 (CEST);Mon Sep 09 2019 11:19:35 GMT+0200 (CEST);1568027975000
1380556832687962;19.4;34.3;Mon Sep 09 2019 13:21:41 GMT+0200 (CEST);Mon Sep 09 2019 11:21:41 GMT+0200 (CEST);1568028101000
1380556832687962;19.4;34.2;Mon Sep 09 2019 13:23:38 GMT+0200 (CEST);Mon Sep 09 2019 11:23:38 GMT+0200 (CEST);1568028218000
1380556832687962;19.4;33.9;Mon Sep 09 2019 13:25:31 GMT+0200 (CEST);Mon Sep 09 2019 11:25:31 GMT+0200 (CEST);1568028331000
1380556832687962;19.4;33.9;Mon Sep 09 2019 13:27:24 GMT+0200 (CEST);Mon Sep 09 2019 11:27:24 GMT+0200 (CEST);1568028444000
1380556832687962;19.4;33.9;Mon Sep 09 2019 13:29:18 GMT+0200 (CEST);Mon Sep 09 2019 11:29:18 GMT+0200 (CEST);1568028558000
1380556832687962;19.4;33.9;Mon Sep 09 2019 13:31:11 GMT+0200 (CEST);Mon Sep 09 2019 11:31:11 GMT+0200 (CEST);1568028671000
1380556832687962;19.4;33.9;Mon Sep 09 2019 13:33:03 GMT+0200 (CEST);Mon Sep 09 2019 11:33:03 GMT+0200 (CEST);1568028783000
1380556832687962;19.4;34.2;Mon Sep 09 2019 13:34:56 GMT+0200 (CEST);Mon Sep 09 2019 11:34:56 GMT+0200 (CEST);1568028896000
1380556832687962;19.4;34.2;Mon Sep 09 2019 13:37:04 GMT+0200 (CEST);Mon Sep 09 2019 11:37:04 GMT+0200 (CEST);1568029024000
1380556832687962;19.4;34;Mon Sep 09 2019 13:38:57 GMT+0200 (CEST);Mon Sep 09 2019 11:38:57 GMT+0200 (CEST);1568029137000
1380556832687962;19.4;33.8;Mon Sep 09 2019 13:40:50 GMT+0200 (CEST);Mon Sep 09 2019 11:40:50 GMT+0200 (CEST);1568029250000
1380556832687962;19.4;33.8;Mon Sep 09 2019 13:42:44 GMT+0200 (CEST);Mon Sep 09 2019 11:42:44 GMT+0200 (CEST);1568029364000
1380556832687962;19.4;33.8;Mon Sep 09 2019 13:44:36 GMT+0200 (CEST);Mon Sep 09 2019 11:44:36 GMT+0200 (CEST);1568029476000
1380556832687962;19.4;33.8;Mon Sep 09 2019 13:46:30 GMT+0200 (CEST);Mon Sep 09 2019 11:46:30 GMT+0200 (CEST);1568029590000
1380556832687962;19.4;34;Mon Sep 09 2019 13:48:25 GMT+0200 (CEST);Mon Sep 09 2019 11:48:25 GMT+0200 (CEST);1568029705000
1380556832687962;19.4;34.2;Mon Sep 09 2019 13:50:17 GMT+0200 (CEST);Mon Sep 09 2019 11:50:17 GMT+0200 (CEST);1568029817000
1380556832687962;19.4;34.5;Mon Sep 09 2019 13:52:10 GMT+0200 (CEST);Mon Sep 09 2019 11:52:10 GMT+0200 (CEST);1568029930000
1380556832687962;19.4;34.8;Mon Sep 09 2019 13:54:03 GMT+0200 (CEST);Mon Sep 09 2019 11:54:03 GMT+0200 (CEST);1568030043000
1380556832687962;19.4;34.9;Mon Sep 09 2019 13:55:56 GMT+0200 (CEST);Mon Sep 09 2019 11:55:56 GMT+0200 (CEST);1568030156000
1380556832687962;19.4;35;Mon Sep 09 2019 13:57:49 GMT+0200 (CEST);Mon Sep 09 2019 11:57:49 GMT+0200 (CEST);1568030269000
1380556832687962;19.9;34.8;Mon Sep 09 2019 13:59:44 GMT+0200 (CEST);Mon Sep 09 2019 11:59:44 GMT+0200 (CEST);1568030384000
1380556832687962;19.9;34.8;Mon Sep 09 2019 14:01:44 GMT+0200 (CEST);Mon Sep 09 2019 12:01:44 GMT+0200 (CEST);1568030504000
1380556832687962;21.5;34.6;Mon Sep 09 2019 14:04:06 GMT+0200 (CEST);Mon Sep 09 2019 12:04:06 GMT+0200 (CEST);1568030646000
1380556832687962;21.5;34.7;Mon Sep 09 2019 14:05:58 GMT+0200 (CEST);Mon Sep 09 2019 12:05:58 GMT+0200 (CEST);1568030758000
1380556832687962;21.5;34.8;Mon Sep 09 2019 14:07:58 GMT+0200 (CEST);Mon Sep 09 2019 12:07:58 GMT+0200 (CEST);1568030878000
1380556832687962;21.5;34.7;Mon Sep 09 2019 14:09:50 GMT+0200 (CEST);Mon Sep 09 2019 12:09:50 GMT+0200 (CEST);1568030990000
1380556832687962;21.5;34.7;Mon Sep 09 2019 14:11:43 GMT+0200 (CEST);Mon Sep 09 2019 12:11:43 GMT+0200 (CEST);1568031103000
1380556832687962;21.5;34.6;Mon Sep 09 2019 14:13:35 GMT+0200 (CEST);Mon Sep 09 2019 12:13:35 GMT+0200 (CEST);1568031215000
1380556832687962;21.5;34.6;Mon Sep 09 2019 14:15:30 GMT+0200 (CEST);Mon Sep 09 2019 12:15:30 GMT+0200 (CEST);1568031330000
1380556832687962;21.5;34.7;Mon Sep 09 2019 14:17:22 GMT+0200 (CEST);Mon Sep 09 2019 12:17:22 GMT+0200 (CEST);1568031442000
1380556832687962;22;34.5;Mon Sep 09 2019 14:19:15 GMT+0200 (CEST);Mon Sep 09 2019 12:19:15 GMT+0200 (CEST);1568031555000
1380556832687962;22;33.2;Mon Sep 09 2019 14:21:07 GMT+0200 (CEST);Mon Sep 09 2019 12:21:07 GMT+0200 (CEST);1568031667000
1380556832687962;21.5;32.9;Mon Sep 09 2019 14:23:09 GMT+0200 (CEST);Mon Sep 09 2019 12:23:09 GMT+0200 (CEST);1568031789000
1380556832687962;21.5;32.9;Mon Sep 09 2019 14:25:05 GMT+0200 (CEST);Mon Sep 09 2019 12:25:05 GMT+0200 (CEST);1568031905000
1380556832687962;21.5;32.9;Mon Sep 09 2019 14:27:00 GMT+0200 (CEST);Mon Sep 09 2019 12:27:00 GMT+0200 (CEST);1568032020000
1380556832687962;21.5;34.1;Mon Sep 09 2019 14:28:52 GMT+0200 (CEST);Mon Sep 09 2019 12:28:52 GMT+0200 (CEST);1568032132000
1380556832687962;21.5;33.5;Mon Sep 09 2019 14:30:50 GMT+0200 (CEST);Mon Sep 09 2019 12:30:50 GMT+0200 (CEST);1568032250000
1380556832687962;21.5;33.3;Mon Sep 09 2019 14:32:44 GMT+0200 (CEST);Mon Sep 09 2019 12:32:44 GMT+0200 (CEST);1568032364000
1380556832687962;21.5;34.2;Mon Sep 09 2019 14:34:37 GMT+0200 (CEST);Mon Sep 09 2019 12:34:37 GMT+0200 (CEST);1568032477000
1380556832687962;21.5;35.4;Mon Sep 09 2019 14:36:30 GMT+0200 (CEST);Mon Sep 09 2019 12:36:30 GMT+0200 (CEST);1568032590000
1380556832687962;21.5;35.1;Mon Sep 09 2019 14:38:46 GMT+0200 (CEST);Mon Sep 09 2019 12:38:46 GMT+0200 (CEST);1568032726000
1380556832687962;21.5;35.6;Mon Sep 09 2019 14:40:42 GMT+0200 (CEST);Mon Sep 09 2019 12:40:42 GMT+0200 (CEST);1568032842000
1380556832687962;22;35.4;Mon Sep 09 2019 14:42:35 GMT+0200 (CEST);Mon Sep 09 2019 12:42:35 GMT+0200 (CEST);1568032955000
1380556832687962;22;35.2;Mon Sep 09 2019 14:44:28 GMT+0200 (CEST);Mon Sep 09 2019 12:44:28 GMT+0200 (CEST);1568033068000
1380556832687962;23;35.2;Mon Sep 09 2019 14:46:37 GMT+0200 (CEST);Mon Sep 09 2019 12:46:37 GMT+0200 (CEST);1568033197000
1380556832687962;23;34.6;Mon Sep 09 2019 14:48:29 GMT+0200 (CEST);Mon Sep 09 2019 12:48:29 GMT+0200 (CEST);1568033309000
1380556832687962;23;34.1;Mon Sep 09 2019 14:50:22 GMT+0200 (CEST);Mon Sep 09 2019 12:50:22 GMT+0200 (CEST);1568033422000
1380556832687962;23;34;Mon Sep 09 2019 14:52:14 GMT+0200 (CEST);Mon Sep 09 2019 12:52:14 GMT+0200 (CEST);1568033534000
1380556832687962;23;34;Mon Sep 09 2019 14:54:17 GMT+0200 (CEST);Mon Sep 09 2019 12:54:17 GMT+0200 (CEST);1568033657000
1380556832687962;23;34.3;Mon Sep 09 2019 14:56:18 GMT+0200 (CEST);Mon Sep 09 2019 12:56:18 GMT+0200 (CEST);1568033778000
1380556832687962;23;34.4;Mon Sep 09 2019 14:58:13 GMT+0200 (CEST);Mon Sep 09 2019 12:58:13 GMT+0200 (CEST);1568033893000
1380556832687962;23;34;Mon Sep 09 2019 15:00:07 GMT+0200 (CEST);Mon Sep 09 2019 13:00:07 GMT+0200 (CEST);1568034007000
1380556832687962;23;34.3;Mon Sep 09 2019 15:02:06 GMT+0200 (CEST);Mon Sep 09 2019 13:02:06 GMT+0200 (CEST);1568034126000
1380556832687962;23;34.4;Mon Sep 09 2019 15:04:04 GMT+0200 (CEST);Mon Sep 09 2019 13:04:04 GMT+0200 (CEST);1568034244000
1380556832687962;23;34.6;Mon Sep 09 2019 15:05:58 GMT+0200 (CEST);Mon Sep 09 2019 13:05:58 GMT+0200 (CEST);1568034358000
1380556832687962;23;34;Mon Sep 09 2019 15:07:57 GMT+0200 (CEST);Mon Sep 09 2019 13:07:57 GMT+0200 (CEST);1568034477000
1380556832687962;23;33.8;Mon Sep 09 2019 15:09:57 GMT+0200 (CEST);Mon Sep 09 2019 13:09:57 GMT+0200 (CEST);1568034597000
1380556832687962;23;34.1;Mon Sep 09 2019 15:11:50 GMT+0200 (CEST);Mon Sep 09 2019 13:11:50 GMT+0200 (CEST);1568034710000
1380556832687962;23;34;Mon Sep 09 2019 15:13:43 GMT+0200 (CEST);Mon Sep 09 2019 13:13:43 GMT+0200 (CEST);1568034823000
1380556832687962;23;33.8;Mon Sep 09 2019 15:15:36 GMT+0200 (CEST);Mon Sep 09 2019 13:15:36 GMT+0200 (CEST);1568034936000
1380556832687962;23;34.4;Mon Sep 09 2019 15:17:29 GMT+0200 (CEST);Mon Sep 09 2019 13:17:29 GMT+0200 (CEST);1568035049000
1380556832687962;23;34.8;Mon Sep 09 2019 15:19:21 GMT+0200 (CEST);Mon Sep 09 2019 13:19:21 GMT+0200 (CEST);1568035161000
1380556832687962;23;34.4;Mon Sep 09 2019 15:21:17 GMT+0200 (CEST);Mon Sep 09 2019 13:21:17 GMT+0200 (CEST);1568035277000
1380556832687962;23;34.5;Mon Sep 09 2019 15:23:10 GMT+0200 (CEST);Mon Sep 09 2019 13:23:10 GMT+0200 (CEST);1568035390000
1380556832687962;23;34.4;Mon Sep 09 2019 15:25:11 GMT+0200 (CEST);Mon Sep 09 2019 13:25:11 GMT+0200 (CEST);1568035511000
1380556832687962;23;34.1;Mon Sep 09 2019 15:27:05 GMT+0200 (CEST);Mon Sep 09 2019 13:27:05 GMT+0200 (CEST);1568035625000
1380556832687962;23;34.7;Mon Sep 09 2019 15:28:58 GMT+0200 (CEST);Mon Sep 09 2019 13:28:58 GMT+0200 (CEST);1568035738000
1380556832687962;23;34.6;Mon Sep 09 2019 15:30:50 GMT+0200 (CEST);Mon Sep 09 2019 13:30:50 GMT+0200 (CEST);1568035850000
1380556832687962;23;34.7;Mon Sep 09 2019 15:32:48 GMT+0200 (CEST);Mon Sep 09 2019 13:32:48 GMT+0200 (CEST);1568035968000
1380556832687962;25.5;34.5;Mon Sep 09 2019 15:34:41 GMT+0200 (CEST);Mon Sep 09 2019 13:34:41 GMT+0200 (CEST);1568036081000
1380556832687962;25.5;34.4;Mon Sep 09 2019 15:36:33 GMT+0200 (CEST);Mon Sep 09 2019 13:36:33 GMT+0200 (CEST);1568036193000
1380556832687962;25.5;34.5;Mon Sep 09 2019 15:38:27 GMT+0200 (CEST);Mon Sep 09 2019 13:38:27 GMT+0200 (CEST);1568036307000
1380556832687962;25.5;34.9;Mon Sep 09 2019 15:40:36 GMT+0200 (CEST);Mon Sep 09 2019 13:40:36 GMT+0200 (CEST);1568036436000
1380556832687962;25.5;34.9;Mon Sep 09 2019 15:42:29 GMT+0200 (CEST);Mon Sep 09 2019 13:42:29 GMT+0200 (CEST);1568036549000
1380556832687962;25.5;34.6;Mon Sep 09 2019 15:44:21 GMT+0200 (CEST);Mon Sep 09 2019 13:44:21 GMT+0200 (CEST);1568036661000
1380556832687962;25.5;34.5;Mon Sep 09 2019 15:46:14 GMT+0200 (CEST);Mon Sep 09 2019 13:46:14 GMT+0200 (CEST);1568036774000
1380556832687962;25.5;34.4;Mon Sep 09 2019 15:48:16 GMT+0200 (CEST);Mon Sep 09 2019 13:48:16 GMT+0200 (CEST);1568036896000
1380556832687962;25.5;34.3;Mon Sep 09 2019 15:50:13 GMT+0200 (CEST);Mon Sep 09 2019 13:50:13 GMT+0200 (CEST);1568037013000
1380556832687962;25.5;34.6;Mon Sep 09 2019 15:52:06 GMT+0200 (CEST);Mon Sep 09 2019 13:52:06 GMT+0200 (CEST);1568037126000
1380556832687962;26;34.8;Mon Sep 09 2019 15:53:59 GMT+0200 (CEST);Mon Sep 09 2019 13:53:59 GMT+0200 (CEST);1568037239000
1380556832687962;26;34.8;Mon Sep 09 2019 15:56:04 GMT+0200 (CEST);Mon Sep 09 2019 13:56:04 GMT+0200 (CEST);1568037364000
1380556832687962;26;34.9;Mon Sep 09 2019 15:57:57 GMT+0200 (CEST);Mon Sep 09 2019 13:57:57 GMT+0200 (CEST);1568037477000
1380556832687962;26;34.8;Mon Sep 09 2019 15:59:49 GMT+0200 (CEST);Mon Sep 09 2019 13:59:49 GMT+0200 (CEST);1568037589000
1380556832687962;26;34.4;Mon Sep 09 2019 16:01:43 GMT+0200 (CEST);Mon Sep 09 2019 14:01:43 GMT+0200 (CEST);1568037703000
1380556832687962;27.5;34.9;Mon Sep 09 2019 16:03:44 GMT+0200 (CEST);Mon Sep 09 2019 14:03:44 GMT+0200 (CEST);1568037824000
1380556832687962;27.5;34.5;Mon Sep 09 2019 16:05:38 GMT+0200 (CEST);Mon Sep 09 2019 14:05:38 GMT+0200 (CEST);1568037938000
1380556832687962;27.5;35;Mon Sep 09 2019 16:07:36 GMT+0200 (CEST);Mon Sep 09 2019 14:07:36 GMT+0200 (CEST);1568038056000
1380556832687962;28;34.6;Mon Sep 09 2019 16:09:29 GMT+0200 (CEST);Mon Sep 09 2019 14:09:29 GMT+0200 (CEST);1568038169000
1380556832687962;28;33.7;Mon Sep 09 2019 16:11:24 GMT+0200 (CEST);Mon Sep 09 2019 14:11:24 GMT+0200 (CEST);1568038284000
1380556832687962;29.5;33.8;Mon Sep 09 2019 16:13:17 GMT+0200 (CEST);Mon Sep 09 2019 14:13:17 GMT+0200 (CEST);1568038397000
1380556832687962;29.5;33.7;Mon Sep 09 2019 16:15:10 GMT+0200 (CEST);Mon Sep 09 2019 14:15:10 GMT+0200 (CEST);1568038510000
1380556832687962;29.5;33.5;Mon Sep 09 2019 16:17:02 GMT+0200 (CEST);Mon Sep 09 2019 14:17:02 GMT+0200 (CEST);1568038622000
1380556832687962;28;33.5;Mon Sep 09 2019 16:18:56 GMT+0200 (CEST);Mon Sep 09 2019 14:18:56 GMT+0200 (CEST);1568038736000
1380556832687962;28;34.2;Mon Sep 09 2019 16:20:49 GMT+0200 (CEST);Mon Sep 09 2019 14:20:49 GMT+0200 (CEST);1568038849000
1380556832687962;29.5;33.2;Mon Sep 09 2019 16:22:44 GMT+0200 (CEST);Mon Sep 09 2019 14:22:44 GMT+0200 (CEST);1568038964000
1380556832687962;29.5;35.2;Mon Sep 09 2019 16:24:41 GMT+0200 (CEST);Mon Sep 09 2019 14:24:41 GMT+0200 (CEST);1568039081000
1380556832687962;29.5;33.6;Mon Sep 09 2019 16:26:33 GMT+0200 (CEST);Mon Sep 09 2019 14:26:33 GMT+0200 (CEST);1568039193000
1380556832687962;29.5;34.6;Mon Sep 09 2019 16:28:26 GMT+0200 (CEST);Mon Sep 09 2019 14:28:26 GMT+0200 (CEST);1568039306000
1380556832687962;29.5;33.7;Mon Sep 09 2019 16:30:19 GMT+0200 (CEST);Mon Sep 09 2019 14:30:19 GMT+0200 (CEST);1568039419000
1380556832687962;27.5;33.7;Mon Sep 09 2019 16:32:11 GMT+0200 (CEST);Mon Sep 09 2019 14:32:11 GMT+0200 (CEST);1568039531000
1380556832687962;27.5;33;Mon Sep 09 2019 16:34:04 GMT+0200 (CEST);Mon Sep 09 2019 14:34:04 GMT+0200 (CEST);1568039644000
1380556832687962;27.5;34.9;Mon Sep 09 2019 16:35:57 GMT+0200 (CEST);Mon Sep 09 2019 14:35:57 GMT+0200 (CEST);1568039757000
1380556832687962;27.5;35.2;Mon Sep 09 2019 16:37:53 GMT+0200 (CEST);Mon Sep 09 2019 14:37:53 GMT+0200 (CEST);1568039873000
1380556832687962;27.5;35.4;Mon Sep 09 2019 16:39:51 GMT+0200 (CEST);Mon Sep 09 2019 14:39:51 GMT+0200 (CEST);1568039991000
1380556832687962;27.5;33.7;Mon Sep 09 2019 16:41:45 GMT+0200 (CEST);Mon Sep 09 2019 14:41:45 GMT+0200 (CEST);1568040105000
1380556832687962;27.5;33.9;Mon Sep 09 2019 16:43:37 GMT+0200 (CEST);Mon Sep 09 2019 14:43:37 GMT+0200 (CEST);1568040217000
1380556832687962;27.5;34.2;Mon Sep 09 2019 16:45:30 GMT+0200 (CEST);Mon Sep 09 2019 14:45:30 GMT+0200 (CEST);1568040330000
1380556832687962;27.5;33.8;Mon Sep 09 2019 16:47:26 GMT+0200 (CEST);Mon Sep 09 2019 14:47:26 GMT+0200 (CEST);1568040446000
1380556832687962;27.5;34.2;Mon Sep 09 2019 16:49:20 GMT+0200 (CEST);Mon Sep 09 2019 14:49:20 GMT+0200 (CEST);1568040560000
1380556832687962;27.5;34;Mon Sep 09 2019 16:51:13 GMT+0200 (CEST);Mon Sep 09 2019 14:51:13 GMT+0200 (CEST);1568040673000
1380556832687962;25.5;33.8;Mon Sep 09 2019 16:53:06 GMT+0200 (CEST);Mon Sep 09 2019 14:53:06 GMT+0200 (CEST);1568040786000
1380556832687962;25.5;34;Mon Sep 09 2019 16:54:59 GMT+0200 (CEST);Mon Sep 09 2019 14:54:59 GMT+0200 (CEST);1568040899000
1380556832687962;25.5;33.8;Mon Sep 09 2019 16:56:51 GMT+0200 (CEST);Mon Sep 09 2019 14:56:51 GMT+0200 (CEST);1568041011000
1380556832687962;25.5;33.7;Mon Sep 09 2019 16:58:35 GMT+0200 (CEST);Mon Sep 09 2019 14:58:35 GMT+0200 (CEST);1568041115000
1380556832687962;25.5;33.7;Mon Sep 09 2019 17:00:28 GMT+0200 (CEST);Mon Sep 09 2019 15:00:28 GMT+0200 (CEST);1568041228000
1380556832687962;25.5;33.7;Mon Sep 09 2019 17:02:23 GMT+0200 (CEST);Mon Sep 09 2019 15:02:23 GMT+0200 (CEST);1568041343000
1380556832687962;25.5;32.7;Mon Sep 09 2019 17:04:16 GMT+0200 (CEST);Mon Sep 09 2019 15:04:16 GMT+0200 (CEST);1568041456000
1380556832687962;23;32.7;Mon Sep 09 2019 17:06:21 GMT+0200 (CEST);Mon Sep 09 2019 15:06:21 GMT+0200 (CEST);1568041581000
1380556832687962;23;32.7;Mon Sep 09 2019 17:08:13 GMT+0200 (CEST);Mon Sep 09 2019 15:08:13 GMT+0200 (CEST);1568041693000
1380556832687962;23;33.9;Mon Sep 09 2019 17:10:06 GMT+0200 (CEST);Mon Sep 09 2019 15:10:06 GMT+0200 (CEST);1568041806000
1380556832687962;23;34.3;Mon Sep 09 2019 17:11:58 GMT+0200 (CEST);Mon Sep 09 2019 15:11:58 GMT+0200 (CEST);1568041918000
1380556832687962;23;34.2;Mon Sep 09 2019 17:14:02 GMT+0200 (CEST);Mon Sep 09 2019 15:14:02 GMT+0200 (CEST);1568042042000
1380556832687962;23;34.6;Mon Sep 09 2019 17:15:55 GMT+0200 (CEST);Mon Sep 09 2019 15:15:55 GMT+0200 (CEST);1568042155000
1380556832687962;23;34.8;Mon Sep 09 2019 17:17:52 GMT+0200 (CEST);Mon Sep 09 2019 15:17:52 GMT+0200 (CEST);1568042272000
1380556832687962;25.5;34.8;Mon Sep 09 2019 17:19:45 GMT+0200 (CEST);Mon Sep 09 2019 15:19:45 GMT+0200 (CEST);1568042385000
1380556832687962;25.5;35.1;Mon Sep 09 2019 17:21:43 GMT+0200 (CEST);Mon Sep 09 2019 15:21:43 GMT+0200 (CEST);1568042503000
1380556832687962;25.5;34.8;Mon Sep 09 2019 17:23:37 GMT+0200 (CEST);Mon Sep 09 2019 15:23:37 GMT+0200 (CEST);1568042617000
1380556832687962;25.5;34;Mon Sep 09 2019 17:25:29 GMT+0200 (CEST);Mon Sep 09 2019 15:25:29 GMT+0200 (CEST);1568042729000
1380556832687962;25.5;34.2;Mon Sep 09 2019 17:27:22 GMT+0200 (CEST);Mon Sep 09 2019 15:27:22 GMT+0200 (CEST);1568042842000
1380556832687962;26;33.7;Mon Sep 09 2019 17:29:22 GMT+0200 (CEST);Mon Sep 09 2019 15:29:22 GMT+0200 (CEST);1568042962000
1380556832687962;26;34.1;Mon Sep 09 2019 17:31:14 GMT+0200 (CEST);Mon Sep 09 2019 15:31:14 GMT+0200 (CEST);1568043074000
1380556832687962;26;34.2;Mon Sep 09 2019 17:33:08 GMT+0200 (CEST);Mon Sep 09 2019 15:33:08 GMT+0200 (CEST);1568043188000
1380556832687962;26;33.9;Mon Sep 09 2019 17:35:00 GMT+0200 (CEST);Mon Sep 09 2019 15:35:00 GMT+0200 (CEST);1568043300000
1380556832687962;26;34.8;Mon Sep 09 2019 17:37:01 GMT+0200 (CEST);Mon Sep 09 2019 15:37:01 GMT+0200 (CEST);1568043421000
1380556832687962;26;34.8;Mon Sep 09 2019 17:38:53 GMT+0200 (CEST);Mon Sep 09 2019 15:38:53 GMT+0200 (CEST);1568043533000
1380556832687962;25.5;33.8;Mon Sep 09 2019 17:40:48 GMT+0200 (CEST);Mon Sep 09 2019 15:40:48 GMT+0200 (CEST);1568043648000
1380556832687962;25.5;33.6;Mon Sep 09 2019 17:42:42 GMT+0200 (CEST);Mon Sep 09 2019 15:42:42 GMT+0200 (CEST);1568043762000
1380556832687962;25.5;33.1;Mon Sep 09 2019 17:44:36 GMT+0200 (CEST);Mon Sep 09 2019 15:44:36 GMT+0200 (CEST);1568043876000
1380556832687962;25.5;33.1;Mon Sep 09 2019 17:46:29 GMT+0200 (CEST);Mon Sep 09 2019 15:46:29 GMT+0200 (CEST);1568043989000
1380556832687962;25.5;33.4;Mon Sep 09 2019 17:48:22 GMT+0200 (CEST);Mon Sep 09 2019 15:48:22 GMT+0200 (CEST);1568044102000
1380556832687962;23;34;Mon Sep 09 2019 17:50:18 GMT+0200 (CEST);Mon Sep 09 2019 15:50:18 GMT+0200 (CEST);1568044218000
1380556832687962;23;34;Mon Sep 09 2019 17:52:11 GMT+0200 (CEST);Mon Sep 09 2019 15:52:11 GMT+0200 (CEST);1568044331000
1380556832687962;23;34.7;Mon Sep 09 2019 17:54:04 GMT+0200 (CEST);Mon Sep 09 2019 15:54:04 GMT+0200 (CEST);1568044444000
1380556832687962;23;34.8;Mon Sep 09 2019 17:55:57 GMT+0200 (CEST);Mon Sep 09 2019 15:55:57 GMT+0200 (CEST);1568044557000
1380556832687962;23;34.8;Mon Sep 09 2019 17:57:49 GMT+0200 (CEST);Mon Sep 09 2019 15:57:49 GMT+0200 (CEST);1568044669000
1380556832687962;23;34.8;Mon Sep 09 2019 17:59:43 GMT+0200 (CEST);Mon Sep 09 2019 15:59:43 GMT+0200 (CEST);1568044783000
1380556832687962;23;34.8;Mon Sep 09 2019 18:01:36 GMT+0200 (CEST);Mon Sep 09 2019 16:01:36 GMT+0200 (CEST);1568044896000
1380556832687962;25.5;34.8;Mon Sep 09 2019 18:03:28 GMT+0200 (CEST);Mon Sep 09 2019 16:03:28 GMT+0200 (CEST);1568045008000
1380556832687962;25.5;35.1;Mon Sep 09 2019 18:05:22 GMT+0200 (CEST);Mon Sep 09 2019 16:05:22 GMT+0200 (CEST);1568045122000
1380556832687962;25.5;34.8;Mon Sep 09 2019 18:07:21 GMT+0200 (CEST);Mon Sep 09 2019 16:07:21 GMT+0200 (CEST);1568045241000
1380556832687962;25.5;34.9;Mon Sep 09 2019 18:09:14 GMT+0200 (CEST);Mon Sep 09 2019 16:09:14 GMT+0200 (CEST);1568045354000
1380556832687962;25.5;34.8;Mon Sep 09 2019 18:11:18 GMT+0200 (CEST);Mon Sep 09 2019 16:11:18 GMT+0200 (CEST);1568045478000
1380556832687962;25.5;34.8;Mon Sep 09 2019 18:13:11 GMT+0200 (CEST);Mon Sep 09 2019 16:13:11 GMT+0200 (CEST);1568045591000
1380556832687962;25.5;34.1;Mon Sep 09 2019 18:15:04 GMT+0200 (CEST);Mon Sep 09 2019 16:15:04 GMT+0200 (CEST);1568045704000
1380556832687962;25.5;33.7;Mon Sep 09 2019 18:16:57 GMT+0200 (CEST);Mon Sep 09 2019 16:16:57 GMT+0200 (CEST);1568045817000
1380556832687962;25.5;34.2;Mon Sep 09 2019 18:18:51 GMT+0200 (CEST);Mon Sep 09 2019 16:18:51 GMT+0200 (CEST);1568045931000
1380556832687962;25.5;34.2;Mon Sep 09 2019 18:20:44 GMT+0200 (CEST);Mon Sep 09 2019 16:20:44 GMT+0200 (CEST);1568046044000
1380556832687962;25.5;34.2;Mon Sep 09 2019 18:22:36 GMT+0200 (CEST);Mon Sep 09 2019 16:22:36 GMT+0200 (CEST);1568046156000
1380556832687962;25.5;34.6;Mon Sep 09 2019 18:24:29 GMT+0200 (CEST);Mon Sep 09 2019 16:24:29 GMT+0200 (CEST);1568046269000
1380556832687962;25.5;34.1;Mon Sep 09 2019 18:26:21 GMT+0200 (CEST);Mon Sep 09 2019 16:26:21 GMT+0200 (CEST);1568046381000
1380556832687962;25.5;34;Mon Sep 09 2019 18:28:20 GMT+0200 (CEST);Mon Sep 09 2019 16:28:20 GMT+0200 (CEST);1568046500000
1380556832687962;25.5;33.8;Mon Sep 09 2019 18:30:12 GMT+0200 (CEST);Mon Sep 09 2019 16:30:12 GMT+0200 (CEST);1568046612000
1380556832687962;23;33.8;Mon Sep 09 2019 18:32:07 GMT+0200 (CEST);Mon Sep 09 2019 16:32:07 GMT+0200 (CEST);1568046727000
1380556832687962;23;33.8;Mon Sep 09 2019 18:34:00 GMT+0200 (CEST);Mon Sep 09 2019 16:34:00 GMT+0200 (CEST);1568046840000
1380556832687962;22;32.7;Mon Sep 09 2019 18:36:01 GMT+0200 (CEST);Mon Sep 09 2019 16:36:01 GMT+0200 (CEST);1568046961000
1380556832687962;22;33.4;Mon Sep 09 2019 18:37:54 GMT+0200 (CEST);Mon Sep 09 2019 16:37:54 GMT+0200 (CEST);1568047074000
1380556832687962;22;33.3;Mon Sep 09 2019 18:39:50 GMT+0200 (CEST);Mon Sep 09 2019 16:39:50 GMT+0200 (CEST);1568047190000
1380556832687962;21.5;33.6;Mon Sep 09 2019 18:41:48 GMT+0200 (CEST);Mon Sep 09 2019 16:41:48 GMT+0200 (CEST);1568047308000
1380556832687962;21.5;33.5;Mon Sep 09 2019 18:43:40 GMT+0200 (CEST);Mon Sep 09 2019 16:43:40 GMT+0200 (CEST);1568047420000
1380556832687962;21.5;33.2;Mon Sep 09 2019 18:45:33 GMT+0200 (CEST);Mon Sep 09 2019 16:45:33 GMT+0200 (CEST);1568047533000
1380556832687962;21.5;32.6;Mon Sep 09 2019 18:47:26 GMT+0200 (CEST);Mon Sep 09 2019 16:47:26 GMT+0200 (CEST);1568047646000
1380556832687962;21.5;32.2;Mon Sep 09 2019 18:49:19 GMT+0200 (CEST);Mon Sep 09 2019 16:49:19 GMT+0200 (CEST);1568047759000
1380556832687962;19.9;31.8;Mon Sep 09 2019 18:51:12 GMT+0200 (CEST);Mon Sep 09 2019 16:51:12 GMT+0200 (CEST);1568047872000
1380556832687962;19.9;30.9;Mon Sep 09 2019 18:53:06 GMT+0200 (CEST);Mon Sep 09 2019 16:53:06 GMT+0200 (CEST);1568047986000
1380556832687962;19.9;30.7;Mon Sep 09 2019 18:54:58 GMT+0200 (CEST);Mon Sep 09 2019 16:54:58 GMT+0200 (CEST);1568048098000
1380556832687962;19.9;30.9;Mon Sep 09 2019 18:56:51 GMT+0200 (CEST);Mon Sep 09 2019 16:56:51 GMT+0200 (CEST);1568048211000
1380556832687962;19.9;30.9;Mon Sep 09 2019 18:58:45 GMT+0200 (CEST);Mon Sep 09 2019 16:58:45 GMT+0200 (CEST);1568048325000
1380556832687962;19.4;31.4;Mon Sep 09 2019 19:00:46 GMT+0200 (CEST);Mon Sep 09 2019 17:00:46 GMT+0200 (CEST);1568048446000
1380556832687962;19.4;31.1;Mon Sep 09 2019 19:02:40 GMT+0200 (CEST);Mon Sep 09 2019 17:02:40 GMT+0200 (CEST);1568048560000
1380556832687962;19.4;30.9;Mon Sep 09 2019 19:04:40 GMT+0200 (CEST);Mon Sep 09 2019 17:04:40 GMT+0200 (CEST);1568048680000
1380556832687962;17.9;30.6;Mon Sep 09 2019 19:06:33 GMT+0200 (CEST);Mon Sep 09 2019 17:06:33 GMT+0200 (CEST);1568048793000
1380556832687962;17.9;30.6;Mon Sep 09 2019 19:08:27 GMT+0200 (CEST);Mon Sep 09 2019 17:08:27 GMT+0200 (CEST);1568048907000
1380556832687962;17.9;30.9;Mon Sep 09 2019 19:10:19 GMT+0200 (CEST);Mon Sep 09 2019 17:10:19 GMT+0200 (CEST);1568049019000
1380556832687962;17.9;30.2;Mon Sep 09 2019 19:12:12 GMT+0200 (CEST);Mon Sep 09 2019 17:12:12 GMT+0200 (CEST);1568049132000
1380556832687962;17.9;30.2;Mon Sep 09 2019 19:14:12 GMT+0200 (CEST);Mon Sep 09 2019 17:14:12 GMT+0200 (CEST);1568049252000
1380556832687962;17.4;33.1;Mon Sep 09 2019 19:16:04 GMT+0200 (CEST);Mon Sep 09 2019 17:16:04 GMT+0200 (CEST);1568049364000
1380556832687962;17.4;34.4;Mon Sep 09 2019 19:17:58 GMT+0200 (CEST);Mon Sep 09 2019 17:17:58 GMT+0200 (CEST);1568049478000
1380556832687962;17.4;35.6;Mon Sep 09 2019 19:19:56 GMT+0200 (CEST);Mon Sep 09 2019 17:19:56 GMT+0200 (CEST);1568049596000
1380556832687962;17.4;34.8;Mon Sep 09 2019 19:21:57 GMT+0200 (CEST);Mon Sep 09 2019 17:21:57 GMT+0200 (CEST);1568049717000
1380556832687962;17.4;35.4;Mon Sep 09 2019 19:23:50 GMT+0200 (CEST);Mon Sep 09 2019 17:23:50 GMT+0200 (CEST);1568049830000
1380556832687962;19.4;35.5;Mon Sep 09 2019 19:25:43 GMT+0200 (CEST);Mon Sep 09 2019 17:25:43 GMT+0200 (CEST);1568049943000
1380556832687962;19.4;35.7;Mon Sep 09 2019 19:27:36 GMT+0200 (CEST);Mon Sep 09 2019 17:27:36 GMT+0200 (CEST);1568050056000
1380556832687962;19.4;34.7;Mon Sep 09 2019 19:29:28 GMT+0200 (CEST);Mon Sep 09 2019 17:29:28 GMT+0200 (CEST);1568050168000
1380556832687962;18.9;34.2;Mon Sep 09 2019 19:31:21 GMT+0200 (CEST);Mon Sep 09 2019 17:31:21 GMT+0200 (CEST);1568050281000
1380556832687962;18.9;33;Mon Sep 09 2019 19:33:15 GMT+0200 (CEST);Mon Sep 09 2019 17:33:15 GMT+0200 (CEST);1568050395000
1380556832687962;17.9;33.1;Mon Sep 09 2019 19:35:08 GMT+0200 (CEST);Mon Sep 09 2019 17:35:08 GMT+0200 (CEST);1568050508000
1380556832687962;17.9;32.1;Mon Sep 09 2019 19:37:01 GMT+0200 (CEST);Mon Sep 09 2019 17:37:01 GMT+0200 (CEST);1568050621000
1380556832687962;17.9;31.4;Mon Sep 09 2019 19:38:58 GMT+0200 (CEST);Mon Sep 09 2019 17:38:58 GMT+0200 (CEST);1568050738000
1380556832687962;17.9;30.9;Mon Sep 09 2019 19:40:53 GMT+0200 (CEST);Mon Sep 09 2019 17:40:53 GMT+0200 (CEST);1568050853000
1380556832687962;17.9;30.9;Mon Sep 09 2019 19:42:45 GMT+0200 (CEST);Mon Sep 09 2019 17:42:45 GMT+0200 (CEST);1568050965000
1380556832687962;-273.2;29.9;Tue Sep 10 2019 06:53:57 GMT+0200 (CEST);Tue Sep 10 2019 04:53:57 GMT+0200 (CEST);1568091237000
1380556832687962;-273.2;30.2;Tue Sep 10 2019 06:55:50 GMT+0200 (CEST);Tue Sep 10 2019 04:55:50 GMT+0200 (CEST);1568091350000
1380556832687962;-273.2;32.5;Tue Sep 10 2019 06:57:43 GMT+0200 (CEST);Tue Sep 10 2019 04:57:43 GMT+0200 (CEST);1568091463000
1380556832687962;9.4;33.4;Tue Sep 10 2019 06:59:43 GMT+0200 (CEST);Tue Sep 10 2019 04:59:43 GMT+0200 (CEST);1568091583000
1380556832687962;9.4;32.6;Tue Sep 10 2019 07:01:36 GMT+0200 (CEST);Tue Sep 10 2019 05:01:36 GMT+0200 (CEST);1568091696000
1380556832687962;9.4;34.9;Tue Sep 10 2019 07:03:34 GMT+0200 (CEST);Tue Sep 10 2019 05:03:34 GMT+0200 (CEST);1568091814000
1380556832687962;9.9;36.6;Tue Sep 10 2019 07:05:27 GMT+0200 (CEST);Tue Sep 10 2019 05:05:27 GMT+0200 (CEST);1568091927000
1380556832687962;9.9;36;Tue Sep 10 2019 07:07:23 GMT+0200 (CEST);Tue Sep 10 2019 05:07:23 GMT+0200 (CEST);1568092043000
1380556832687962;11.4;33.1;Tue Sep 10 2019 07:09:16 GMT+0200 (CEST);Tue Sep 10 2019 05:09:16 GMT+0200 (CEST);1568092156000
1380556832687962;11.4;33.3;Tue Sep 10 2019 07:11:19 GMT+0200 (CEST);Tue Sep 10 2019 05:11:19 GMT+0200 (CEST);1568092279000
1380556832687962;9.9;33.3;Tue Sep 10 2019 07:13:13 GMT+0200 (CEST);Tue Sep 10 2019 05:13:13 GMT+0200 (CEST);1568092393000
1380556832687962;9.9;33.3;Tue Sep 10 2019 07:15:07 GMT+0200 (CEST);Tue Sep 10 2019 05:15:07 GMT+0200 (CEST);1568092507000
1380556832687962;9.9;33.4;Tue Sep 10 2019 07:17:00 GMT+0200 (CEST);Tue Sep 10 2019 05:17:00 GMT+0200 (CEST);1568092620000
1380556832687962;11.4;33.8;Tue Sep 10 2019 07:19:07 GMT+0200 (CEST);Tue Sep 10 2019 05:19:07 GMT+0200 (CEST);1568092747000
1380556832687962;11.4;33.7;Tue Sep 10 2019 07:21:07 GMT+0200 (CEST);Tue Sep 10 2019 05:21:07 GMT+0200 (CEST);1568092867000
1380556832687962;11.4;33.7;Tue Sep 10 2019 07:23:00 GMT+0200 (CEST);Tue Sep 10 2019 05:23:00 GMT+0200 (CEST);1568092980000
1380556832687962;11.4;33.3;Tue Sep 10 2019 07:24:57 GMT+0200 (CEST);Tue Sep 10 2019 05:24:57 GMT+0200 (CEST);1568093097000
1380556832687962;11.4;33.8;Tue Sep 10 2019 07:26:49 GMT+0200 (CEST);Tue Sep 10 2019 05:26:49 GMT+0200 (CEST);1568093209000
1380556832687962;11.4;33.8;Tue Sep 10 2019 07:28:42 GMT+0200 (CEST);Tue Sep 10 2019 05:28:42 GMT+0200 (CEST);1568093322000
1380556832687962;11.4;33.8;Tue Sep 10 2019 07:30:36 GMT+0200 (CEST);Tue Sep 10 2019 05:30:36 GMT+0200 (CEST);1568093436000
1380556832687962;11.4;34.6;Tue Sep 10 2019 07:32:30 GMT+0200 (CEST);Tue Sep 10 2019 05:32:30 GMT+0200 (CEST);1568093550000
1380556832687962;11.4;34.8;Tue Sep 10 2019 07:34:35 GMT+0200 (CEST);Tue Sep 10 2019 05:34:35 GMT+0200 (CEST);1568093675000
1380556832687962;11.4;35.1;Tue Sep 10 2019 07:36:28 GMT+0200 (CEST);Tue Sep 10 2019 05:36:28 GMT+0200 (CEST);1568093788000
1380556832687962;11.4;35.5;Tue Sep 10 2019 07:38:21 GMT+0200 (CEST);Tue Sep 10 2019 05:38:21 GMT+0200 (CEST);1568093901000
1380556832687962;11.4;35.5;Tue Sep 10 2019 07:40:16 GMT+0200 (CEST);Tue Sep 10 2019 05:40:16 GMT+0200 (CEST);1568094016000
1380556832687962;13.4;35.9;Tue Sep 10 2019 07:42:30 GMT+0200 (CEST);Tue Sep 10 2019 05:42:30 GMT+0200 (CEST);1568094150000
1380556832687962;13.4;36.1;Tue Sep 10 2019 07:44:25 GMT+0200 (CEST);Tue Sep 10 2019 05:44:25 GMT+0200 (CEST);1568094265000
1380556832687962;13.4;36.1;Tue Sep 10 2019 07:46:21 GMT+0200 (CEST);Tue Sep 10 2019 05:46:21 GMT+0200 (CEST);1568094381000
1380556832687962;13.4;35.8;Tue Sep 10 2019 07:48:15 GMT+0200 (CEST);Tue Sep 10 2019 05:48:15 GMT+0200 (CEST);1568094495000
1380556832687962;13.4;35.9;Tue Sep 10 2019 07:50:12 GMT+0200 (CEST);Tue Sep 10 2019 05:50:12 GMT+0200 (CEST);1568094612000
1380556832687962;13.4;36.4;Tue Sep 10 2019 07:52:05 GMT+0200 (CEST);Tue Sep 10 2019 05:52:05 GMT+0200 (CEST);1568094725000
1380556832687962;13.4;36.6;Tue Sep 10 2019 07:53:58 GMT+0200 (CEST);Tue Sep 10 2019 05:53:58 GMT+0200 (CEST);1568094838000
1380556832687962;13.4;37.4;Tue Sep 10 2019 07:55:51 GMT+0200 (CEST);Tue Sep 10 2019 05:55:51 GMT+0200 (CEST);1568094951000
1380556832687962;13.4;38;Tue Sep 10 2019 07:57:46 GMT+0200 (CEST);Tue Sep 10 2019 05:57:46 GMT+0200 (CEST);1568095066000
1380556832687962;13.4;38.5;Tue Sep 10 2019 07:59:39 GMT+0200 (CEST);Tue Sep 10 2019 05:59:39 GMT+0200 (CEST);1568095179000
1380556832687962;15.4;38.7;Tue Sep 10 2019 08:01:31 GMT+0200 (CEST);Tue Sep 10 2019 06:01:31 GMT+0200 (CEST);1568095291000
1380556832687962;15.4;38.9;Tue Sep 10 2019 08:03:31 GMT+0200 (CEST);Tue Sep 10 2019 06:03:31 GMT+0200 (CEST);1568095411000
1380556832687962;15.9;38.7;Tue Sep 10 2019 08:05:39 GMT+0200 (CEST);Tue Sep 10 2019 06:05:39 GMT+0200 (CEST);1568095539000
1380556832687962;15.9;39.1;Tue Sep 10 2019 08:07:37 GMT+0200 (CEST);Tue Sep 10 2019 06:07:37 GMT+0200 (CEST);1568095657000
1380556832687962;15.9;39.1;Tue Sep 10 2019 08:09:30 GMT+0200 (CEST);Tue Sep 10 2019 06:09:30 GMT+0200 (CEST);1568095770000
1380556832687962;15.9;39.5;Tue Sep 10 2019 08:11:22 GMT+0200 (CEST);Tue Sep 10 2019 06:11:22 GMT+0200 (CEST);1568095882000
1380556832687962;15.9;39.6;Tue Sep 10 2019 08:13:17 GMT+0200 (CEST);Tue Sep 10 2019 06:13:17 GMT+0200 (CEST);1568095997000
1380556832687962;15.9;39.9;Tue Sep 10 2019 08:15:10 GMT+0200 (CEST);Tue Sep 10 2019 06:15:10 GMT+0200 (CEST);1568096110000
1380556832687962;17.4;39.8;Tue Sep 10 2019 08:17:02 GMT+0200 (CEST);Tue Sep 10 2019 06:17:02 GMT+0200 (CEST);1568096222000
1380556832687962;17.4;40.2;Tue Sep 10 2019 08:18:55 GMT+0200 (CEST);Tue Sep 10 2019 06:18:55 GMT+0200 (CEST);1568096335000
1380556832687962;17.9;40.3;Tue Sep 10 2019 08:21:06 GMT+0200 (CEST);Tue Sep 10 2019 06:21:06 GMT+0200 (CEST);1568096466000
1380556832687962;17.9;40.3;Tue Sep 10 2019 08:22:58 GMT+0200 (CEST);Tue Sep 10 2019 06:22:58 GMT+0200 (CEST);1568096578000
1380556832687962;17.9;40.1;Tue Sep 10 2019 08:24:56 GMT+0200 (CEST);Tue Sep 10 2019 06:24:56 GMT+0200 (CEST);1568096696000
1380556832687962;19.4;39.8;Tue Sep 10 2019 08:26:49 GMT+0200 (CEST);Tue Sep 10 2019 06:26:49 GMT+0200 (CEST);1568096809000
1380556832687962;19.4;37.3;Tue Sep 10 2019 08:28:43 GMT+0200 (CEST);Tue Sep 10 2019 06:28:43 GMT+0200 (CEST);1568096923000
1380556832687962;19.4;37.4;Tue Sep 10 2019 08:30:36 GMT+0200 (CEST);Tue Sep 10 2019 06:30:36 GMT+0200 (CEST);1568097036000
1380556832687962;19.4;37.3;Tue Sep 10 2019 08:32:29 GMT+0200 (CEST);Tue Sep 10 2019 06:32:29 GMT+0200 (CEST);1568097149000
1380556832687962;19.4;37.2;Tue Sep 10 2019 08:34:22 GMT+0200 (CEST);Tue Sep 10 2019 06:34:22 GMT+0200 (CEST);1568097262000
1380556832687962;17.9;36.9;Tue Sep 10 2019 08:36:18 GMT+0200 (CEST);Tue Sep 10 2019 06:36:18 GMT+0200 (CEST);1568097378000
1380556832687962;17.9;36.5;Tue Sep 10 2019 08:38:11 GMT+0200 (CEST);Tue Sep 10 2019 06:38:11 GMT+0200 (CEST);1568097491000
1380556832687962;17.9;36.5;Tue Sep 10 2019 08:40:08 GMT+0200 (CEST);Tue Sep 10 2019 06:40:08 GMT+0200 (CEST);1568097608000
1380556832687962;17.9;36.5;Tue Sep 10 2019 08:42:00 GMT+0200 (CEST);Tue Sep 10 2019 06:42:00 GMT+0200 (CEST);1568097720000
1380556832687962;17.9;36.4;Tue Sep 10 2019 08:43:54 GMT+0200 (CEST);Tue Sep 10 2019 06:43:54 GMT+0200 (CEST);1568097834000
1380556832687962;17.9;36.3;Tue Sep 10 2019 08:45:48 GMT+0200 (CEST);Tue Sep 10 2019 06:45:48 GMT+0200 (CEST);1568097948000
1380556832687962;17.9;36.3;Tue Sep 10 2019 08:47:41 GMT+0200 (CEST);Tue Sep 10 2019 06:47:41 GMT+0200 (CEST);1568098061000
1380556832687962;19.4;36.3;Tue Sep 10 2019 08:49:34 GMT+0200 (CEST);Tue Sep 10 2019 06:49:34 GMT+0200 (CEST);1568098174000
1380556832687962;19.4;36.3;Tue Sep 10 2019 08:51:27 GMT+0200 (CEST);Tue Sep 10 2019 06:51:27 GMT+0200 (CEST);1568098287000
1380556832687962;19.4;36.3;Tue Sep 10 2019 08:53:35 GMT+0200 (CEST);Tue Sep 10 2019 06:53:35 GMT+0200 (CEST);1568098415000
1380556832687962;19.9;36.6;Tue Sep 10 2019 08:55:29 GMT+0200 (CEST);Tue Sep 10 2019 06:55:29 GMT+0200 (CEST);1568098529000
1380556832687962;19.9;36.7;Tue Sep 10 2019 08:57:21 GMT+0200 (CEST);Tue Sep 10 2019 06:57:21 GMT+0200 (CEST);1568098641000
1380556832687962;19.9;36.7;Tue Sep 10 2019 08:59:16 GMT+0200 (CEST);Tue Sep 10 2019 06:59:16 GMT+0200 (CEST);1568098756000
1380556832687962;19.9;35.5;Tue Sep 10 2019 09:01:09 GMT+0200 (CEST);Tue Sep 10 2019 07:01:09 GMT+0200 (CEST);1568098869000
1380556832687962;19.9;36;Tue Sep 10 2019 09:03:06 GMT+0200 (CEST);Tue Sep 10 2019 07:03:06 GMT+0200 (CEST);1568098986000
1380556832687962;21.5;36.1;Tue Sep 10 2019 09:05:05 GMT+0200 (CEST);Tue Sep 10 2019 07:05:05 GMT+0200 (CEST);1568099105000
1380556832687962;21.5;36.6;Tue Sep 10 2019 09:07:10 GMT+0200 (CEST);Tue Sep 10 2019 07:07:10 GMT+0200 (CEST);1568099230000
1380556832687962;21.5;36.5;Tue Sep 10 2019 09:09:03 GMT+0200 (CEST);Tue Sep 10 2019 07:09:03 GMT+0200 (CEST);1568099343000
1380556832687962;22;36.4;Tue Sep 10 2019 09:10:56 GMT+0200 (CEST);Tue Sep 10 2019 07:10:56 GMT+0200 (CEST);1568099456000
1380556832687962;22;36.3;Tue Sep 10 2019 09:12:49 GMT+0200 (CEST);Tue Sep 10 2019 07:12:49 GMT+0200 (CEST);1568099569000
1380556832687962;22;36.2;Tue Sep 10 2019 09:14:42 GMT+0200 (CEST);Tue Sep 10 2019 07:14:42 GMT+0200 (CEST);1568099682000
1380556832687962;22;36.1;Tue Sep 10 2019 09:16:36 GMT+0200 (CEST);Tue Sep 10 2019 07:16:36 GMT+0200 (CEST);1568099796000
1380556832687962;22;35.9;Tue Sep 10 2019 09:18:32 GMT+0200 (CEST);Tue Sep 10 2019 07:18:32 GMT+0200 (CEST);1568099912000
1380556832687962;23;35.9;Tue Sep 10 2019 09:20:25 GMT+0200 (CEST);Tue Sep 10 2019 07:20:25 GMT+0200 (CEST);1568100025000
1380556832687962;23;35.9;Tue Sep 10 2019 09:22:18 GMT+0200 (CEST);Tue Sep 10 2019 07:22:18 GMT+0200 (CEST);1568100138000
1380556832687962;23;35.8;Tue Sep 10 2019 09:24:14 GMT+0200 (CEST);Tue Sep 10 2019 07:24:14 GMT+0200 (CEST);1568100254000
1380556832687962;23;35.8;Tue Sep 10 2019 09:26:08 GMT+0200 (CEST);Tue Sep 10 2019 07:26:08 GMT+0200 (CEST);1568100368000
1380556832687962;23;35.8;Tue Sep 10 2019 09:28:14 GMT+0200 (CEST);Tue Sep 10 2019 07:28:14 GMT+0200 (CEST);1568100494000
1380556832687962;25.5;35.7;Tue Sep 10 2019 09:30:07 GMT+0200 (CEST);Tue Sep 10 2019 07:30:07 GMT+0200 (CEST);1568100607000
1380556832687962;25.5;35.5;Tue Sep 10 2019 09:32:00 GMT+0200 (CEST);Tue Sep 10 2019 07:32:00 GMT+0200 (CEST);1568100720000
1380556832687962;25.5;35.4;Tue Sep 10 2019 09:33:52 GMT+0200 (CEST);Tue Sep 10 2019 07:33:52 GMT+0200 (CEST);1568100832000
1380556832687962;25.5;35.4;Tue Sep 10 2019 09:36:00 GMT+0200 (CEST);Tue Sep 10 2019 07:36:00 GMT+0200 (CEST);1568100960000
1380556832687962;27.5;35.4;Tue Sep 10 2019 09:37:52 GMT+0200 (CEST);Tue Sep 10 2019 07:37:52 GMT+0200 (CEST);1568101072000
1380556832687962;27.5;35.3;Tue Sep 10 2019 09:39:50 GMT+0200 (CEST);Tue Sep 10 2019 07:39:50 GMT+0200 (CEST);1568101190000
1380556832687962;27.5;35;Tue Sep 10 2019 09:41:44 GMT+0200 (CEST);Tue Sep 10 2019 07:41:44 GMT+0200 (CEST);1568101304000
1380556832687962;27.5;35;Tue Sep 10 2019 09:43:37 GMT+0200 (CEST);Tue Sep 10 2019 07:43:37 GMT+0200 (CEST);1568101417000
1380556832687962;27.5;35;Tue Sep 10 2019 09:45:31 GMT+0200 (CEST);Tue Sep 10 2019 07:45:31 GMT+0200 (CEST);1568101531000
1380556832687962;28;34.9;Tue Sep 10 2019 09:47:23 GMT+0200 (CEST);Tue Sep 10 2019 07:47:23 GMT+0200 (CEST);1568101643000
1380556832687962;28;34.9;Tue Sep 10 2019 09:49:32 GMT+0200 (CEST);Tue Sep 10 2019 07:49:32 GMT+0200 (CEST);1568101772000
1380556832687962;28;34.7;Tue Sep 10 2019 09:51:25 GMT+0200 (CEST);Tue Sep 10 2019 07:51:25 GMT+0200 (CEST);1568101885000
1380556832687962;28;34.6;Tue Sep 10 2019 09:53:22 GMT+0200 (CEST);Tue Sep 10 2019 07:53:22 GMT+0200 (CEST);1568102002000
1380556832687962;28;34.7;Tue Sep 10 2019 09:55:16 GMT+0200 (CEST);Tue Sep 10 2019 07:55:16 GMT+0200 (CEST);1568102116000
1380556832687962;30;34.7;Tue Sep 10 2019 09:57:15 GMT+0200 (CEST);Tue Sep 10 2019 07:57:15 GMT+0200 (CEST);1568102235000
1380556832687962;30;34.6;Tue Sep 10 2019 09:59:09 GMT+0200 (CEST);Tue Sep 10 2019 07:59:09 GMT+0200 (CEST);1568102349000
1380556832687962;30;34.6;Tue Sep 10 2019 10:01:07 GMT+0200 (CEST);Tue Sep 10 2019 08:01:07 GMT+0200 (CEST);1568102467000
1380556832687962;30;34.7;Tue Sep 10 2019 10:03:03 GMT+0200 (CEST);Tue Sep 10 2019 08:03:03 GMT+0200 (CEST);1568102583000
1380556832687962;30;34.4;Tue Sep 10 2019 10:04:56 GMT+0200 (CEST);Tue Sep 10 2019 08:04:56 GMT+0200 (CEST);1568102696000
1380556832687962;30;34.4;Tue Sep 10 2019 10:06:50 GMT+0200 (CEST);Tue Sep 10 2019 08:06:50 GMT+0200 (CEST);1568102810000
1380556832687962;30;34.3;Tue Sep 10 2019 10:08:44 GMT+0200 (CEST);Tue Sep 10 2019 08:08:44 GMT+0200 (CEST);1568102924000
1380556832687962;30;34.2;Tue Sep 10 2019 10:10:48 GMT+0200 (CEST);Tue Sep 10 2019 08:10:48 GMT+0200 (CEST);1568103048000
1380556832687962;32;34.3;Tue Sep 10 2019 10:12:43 GMT+0200 (CEST);Tue Sep 10 2019 08:12:43 GMT+0200 (CEST);1568103163000
1380556832687962;32;34.3;Tue Sep 10 2019 10:14:36 GMT+0200 (CEST);Tue Sep 10 2019 08:14:36 GMT+0200 (CEST);1568103276000
1380556832687962;32;34.2;Tue Sep 10 2019 10:16:29 GMT+0200 (CEST);Tue Sep 10 2019 08:16:29 GMT+0200 (CEST);1568103389000
1380556832687962;33.5;34.1;Tue Sep 10 2019 10:18:24 GMT+0200 (CEST);Tue Sep 10 2019 08:18:24 GMT+0200 (CEST);1568103504000
1380556832687962;33.5;34;Tue Sep 10 2019 10:20:21 GMT+0200 (CEST);Tue Sep 10 2019 08:20:21 GMT+0200 (CEST);1568103621000
1380556832687962;33.5;34;Tue Sep 10 2019 10:22:16 GMT+0200 (CEST);Tue Sep 10 2019 08:22:16 GMT+0200 (CEST);1568103736000
1380556832687962;33.5;33.8;Tue Sep 10 2019 10:24:08 GMT+0200 (CEST);Tue Sep 10 2019 08:24:08 GMT+0200 (CEST);1568103848000
1380556832687962;33.5;33.8;Tue Sep 10 2019 10:26:01 GMT+0200 (CEST);Tue Sep 10 2019 08:26:01 GMT+0200 (CEST);1568103961000
1380556832687962;34;33.8;Tue Sep 10 2019 10:27:54 GMT+0200 (CEST);Tue Sep 10 2019 08:27:54 GMT+0200 (CEST);1568104074000
1380556832687962;34;33.9;Tue Sep 10 2019 10:29:47 GMT+0200 (CEST);Tue Sep 10 2019 08:29:47 GMT+0200 (CEST);1568104187000
1380556832687962;34;33.7;Tue Sep 10 2019 10:31:51 GMT+0200 (CEST);Tue Sep 10 2019 08:31:51 GMT+0200 (CEST);1568104311000
1380556832687962;34;33.8;Tue Sep 10 2019 10:33:46 GMT+0200 (CEST);Tue Sep 10 2019 08:33:46 GMT+0200 (CEST);1568104426000
1380556832687962;34;33.8;Tue Sep 10 2019 10:35:42 GMT+0200 (CEST);Tue Sep 10 2019 08:35:42 GMT+0200 (CEST);1568104542000
1380556832687962;35.6;33.7;Tue Sep 10 2019 10:37:46 GMT+0200 (CEST);Tue Sep 10 2019 08:37:46 GMT+0200 (CEST);1568104666000
1380556832687962;35.6;33.7;Tue Sep 10 2019 10:39:44 GMT+0200 (CEST);Tue Sep 10 2019 08:39:44 GMT+0200 (CEST);1568104784000
1380556832687962;35.6;33.8;Tue Sep 10 2019 10:41:37 GMT+0200 (CEST);Tue Sep 10 2019 08:41:37 GMT+0200 (CEST);1568104897000
1380556832687962;35.6;33.1;Tue Sep 10 2019 10:43:30 GMT+0200 (CEST);Tue Sep 10 2019 08:43:30 GMT+0200 (CEST);1568105010000
1380556832687962;35.6;33.8;Tue Sep 10 2019 10:45:23 GMT+0200 (CEST);Tue Sep 10 2019 08:45:23 GMT+0200 (CEST);1568105123000
1380556832687962;35.6;33.8;Tue Sep 10 2019 10:47:19 GMT+0200 (CEST);Tue Sep 10 2019 08:47:19 GMT+0200 (CEST);1568105239000
1380556832687962;35.6;33.8;Tue Sep 10 2019 10:49:12 GMT+0200 (CEST);Tue Sep 10 2019 08:49:12 GMT+0200 (CEST);1568105352000
1380556832687962;35.6;33.8;Tue Sep 10 2019 10:51:05 GMT+0200 (CEST);Tue Sep 10 2019 08:51:05 GMT+0200 (CEST);1568105465000
1380556832687962;35.6;33.6;Tue Sep 10 2019 10:53:15 GMT+0200 (CEST);Tue Sep 10 2019 08:53:15 GMT+0200 (CEST);1568105595000
1380556832687962;35.6;33.7;Tue Sep 10 2019 10:55:11 GMT+0200 (CEST);Tue Sep 10 2019 08:55:11 GMT+0200 (CEST);1568105711000
1380556832687962;35.6;33.5;Tue Sep 10 2019 10:57:05 GMT+0200 (CEST);Tue Sep 10 2019 08:57:05 GMT+0200 (CEST);1568105825000
1380556832687962;35.6;33.5;Tue Sep 10 2019 10:58:59 GMT+0200 (CEST);Tue Sep 10 2019 08:58:59 GMT+0200 (CEST);1568105939000
1380556832687962;35.6;33.3;Tue Sep 10 2019 11:00:52 GMT+0200 (CEST);Tue Sep 10 2019 09:00:52 GMT+0200 (CEST);1568106052000
1380556832687962;35.6;33.3;Tue Sep 10 2019 11:02:45 GMT+0200 (CEST);Tue Sep 10 2019 09:02:45 GMT+0200 (CEST);1568106165000
1380556832687962;35.6;33.1;Tue Sep 10 2019 11:04:49 GMT+0200 (CEST);Tue Sep 10 2019 09:04:49 GMT+0200 (CEST);1568106289000
1380556832687962;37.6;32.9;Tue Sep 10 2019 11:06:44 GMT+0200 (CEST);Tue Sep 10 2019 09:06:44 GMT+0200 (CEST);1568106404000
1380556832687962;37.6;33;Tue Sep 10 2019 11:08:40 GMT+0200 (CEST);Tue Sep 10 2019 09:08:40 GMT+0200 (CEST);1568106520000
1380556832687962;38.1;32;Tue Sep 10 2019 11:10:33 GMT+0200 (CEST);Tue Sep 10 2019 09:10:33 GMT+0200 (CEST);1568106633000
1380556832687962;38.1;33.6;Tue Sep 10 2019 11:12:25 GMT+0200 (CEST);Tue Sep 10 2019 09:12:25 GMT+0200 (CEST);1568106745000
1380556832687962;38.1;32.7;Tue Sep 10 2019 11:14:23 GMT+0200 (CEST);Tue Sep 10 2019 09:14:23 GMT+0200 (CEST);1568106863000
1380556832687962;38.1;32.7;Tue Sep 10 2019 11:16:17 GMT+0200 (CEST);Tue Sep 10 2019 09:16:17 GMT+0200 (CEST);1568106977000
1380556832687962;38.1;31.7;Tue Sep 10 2019 11:18:12 GMT+0200 (CEST);Tue Sep 10 2019 09:18:12 GMT+0200 (CEST);1568107092000
1380556832687962;38.1;33.2;Tue Sep 10 2019 11:20:10 GMT+0200 (CEST);Tue Sep 10 2019 09:20:10 GMT+0200 (CEST);1568107210000
1380556832687962;38.1;33.1;Tue Sep 10 2019 11:22:04 GMT+0200 (CEST);Tue Sep 10 2019 09:22:04 GMT+0200 (CEST);1568107324000
1380556832687962;38.1;32.8;Tue Sep 10 2019 11:23:57 GMT+0200 (CEST);Tue Sep 10 2019 09:23:57 GMT+0200 (CEST);1568107437000
1380556832687962;38.1;32.7;Tue Sep 10 2019 11:25:49 GMT+0200 (CEST);Tue Sep 10 2019 09:25:49 GMT+0200 (CEST);1568107549000
1380556832687962;38.1;32.7;Tue Sep 10 2019 11:27:48 GMT+0200 (CEST);Tue Sep 10 2019 09:27:48 GMT+0200 (CEST);1568107668000
1380556832687962;38.1;32.9;Tue Sep 10 2019 11:29:42 GMT+0200 (CEST);Tue Sep 10 2019 09:29:42 GMT+0200 (CEST);1568107782000
1380556832687962;38.1;32.5;Tue Sep 10 2019 11:31:36 GMT+0200 (CEST);Tue Sep 10 2019 09:31:36 GMT+0200 (CEST);1568107896000
1380556832687962;38.1;32.5;Tue Sep 10 2019 11:33:29 GMT+0200 (CEST);Tue Sep 10 2019 09:33:29 GMT+0200 (CEST);1568108009000
1380556832687962;39.1;32.4;Tue Sep 10 2019 11:35:26 GMT+0200 (CEST);Tue Sep 10 2019 09:35:26 GMT+0200 (CEST);1568108126000
1380556832687962;39.1;32.5;Tue Sep 10 2019 11:37:19 GMT+0200 (CEST);Tue Sep 10 2019 09:37:19 GMT+0200 (CEST);1568108239000
1380556832687962;41.6;32.4;Tue Sep 10 2019 11:39:16 GMT+0200 (CEST);Tue Sep 10 2019 09:39:16 GMT+0200 (CEST);1568108356000
1380556832687962;41.6;32.4;Tue Sep 10 2019 11:41:09 GMT+0200 (CEST);Tue Sep 10 2019 09:41:09 GMT+0200 (CEST);1568108469000
1380556832687962;41.6;32.3;Tue Sep 10 2019 11:43:07 GMT+0200 (CEST);Tue Sep 10 2019 09:43:07 GMT+0200 (CEST);1568108587000
1380556832687962;41.6;32.2;Tue Sep 10 2019 11:44:59 GMT+0200 (CEST);Tue Sep 10 2019 09:44:59 GMT+0200 (CEST);1568108699000
1380556832687962;41.6;32.2;Tue Sep 10 2019 11:46:52 GMT+0200 (CEST);Tue Sep 10 2019 09:46:52 GMT+0200 (CEST);1568108812000
1380556832687962;42.1;32.3;Tue Sep 10 2019 11:48:45 GMT+0200 (CEST);Tue Sep 10 2019 09:48:45 GMT+0200 (CEST);1568108925000
1380556832687962;42.1;33;Tue Sep 10 2019 11:50:53 GMT+0200 (CEST);Tue Sep 10 2019 09:50:53 GMT+0200 (CEST);1568109053000
1380556832687962;42.1;35.5;Tue Sep 10 2019 11:52:49 GMT+0200 (CEST);Tue Sep 10 2019 09:52:49 GMT+0200 (CEST);1568109169000
1380556832687962;42.1;33.1;Tue Sep 10 2019 11:54:44 GMT+0200 (CEST);Tue Sep 10 2019 09:54:44 GMT+0200 (CEST);1568109284000
1380556832687962;42.1;33.1;Tue Sep 10 2019 11:56:44 GMT+0200 (CEST);Tue Sep 10 2019 09:56:44 GMT+0200 (CEST);1568109404000
1380556832687962;42.1;32.7;Tue Sep 10 2019 11:58:37 GMT+0200 (CEST);Tue Sep 10 2019 09:58:37 GMT+0200 (CEST);1568109517000
1380556832687962;42.1;32.5;Tue Sep 10 2019 12:00:29 GMT+0200 (CEST);Tue Sep 10 2019 10:00:29 GMT+0200 (CEST);1568109629000
1380556832687962;42.1;32.4;Tue Sep 10 2019 12:02:24 GMT+0200 (CEST);Tue Sep 10 2019 10:02:24 GMT+0200 (CEST);1568109744000
1380556832687962;41.6;32.4;Tue Sep 10 2019 12:04:22 GMT+0200 (CEST);Tue Sep 10 2019 10:04:22 GMT+0200 (CEST);1568109862000
1380556832687962;41.6;32.3;Tue Sep 10 2019 12:06:18 GMT+0200 (CEST);Tue Sep 10 2019 10:06:18 GMT+0200 (CEST);1568109978000
1380556832687962;42.1;33.1;Tue Sep 10 2019 12:08:10 GMT+0200 (CEST);Tue Sep 10 2019 10:08:10 GMT+0200 (CEST);1568110090000
1380556832687962;42.1;32.8;Tue Sep 10 2019 12:10:04 GMT+0200 (CEST);Tue Sep 10 2019 10:10:04 GMT+0200 (CEST);1568110204000
1380556832687962;42.1;33.1;Tue Sep 10 2019 12:11:57 GMT+0200 (CEST);Tue Sep 10 2019 10:11:57 GMT+0200 (CEST);1568110317000
1380556832687962;42.1;32;Tue Sep 10 2019 12:13:50 GMT+0200 (CEST);Tue Sep 10 2019 10:13:50 GMT+0200 (CEST);1568110430000
1380556832687962;42.1;32.9;Tue Sep 10 2019 12:15:42 GMT+0200 (CEST);Tue Sep 10 2019 10:15:42 GMT+0200 (CEST);1568110542000
1380556832687962;41.6;33.2;Tue Sep 10 2019 12:17:36 GMT+0200 (CEST);Tue Sep 10 2019 10:17:36 GMT+0200 (CEST);1568110656000
1380556832687962;41.6;32.9;Tue Sep 10 2019 12:19:29 GMT+0200 (CEST);Tue Sep 10 2019 10:19:29 GMT+0200 (CEST);1568110769000
1380556832687962;41.6;32.9;Tue Sep 10 2019 12:21:25 GMT+0200 (CEST);Tue Sep 10 2019 10:21:25 GMT+0200 (CEST);1568110885000
1380556832687962;41.6;32.9;Tue Sep 10 2019 12:23:19 GMT+0200 (CEST);Tue Sep 10 2019 10:23:19 GMT+0200 (CEST);1568110999000
1380556832687962;41.6;32.3;Tue Sep 10 2019 12:25:13 GMT+0200 (CEST);Tue Sep 10 2019 10:25:13 GMT+0200 (CEST);1568111113000
1380556832687962;41.6;33.9;Tue Sep 10 2019 12:27:09 GMT+0200 (CEST);Tue Sep 10 2019 10:27:09 GMT+0200 (CEST);1568111229000
1380556832687962;41.6;32.4;Tue Sep 10 2019 12:29:05 GMT+0200 (CEST);Tue Sep 10 2019 10:29:05 GMT+0200 (CEST);1568111345000
1380556832687962;41.6;32.4;Tue Sep 10 2019 12:31:00 GMT+0200 (CEST);Tue Sep 10 2019 10:31:00 GMT+0200 (CEST);1568111460000
1380556832687962;41.6;32.6;Tue Sep 10 2019 12:32:55 GMT+0200 (CEST);Tue Sep 10 2019 10:32:55 GMT+0200 (CEST);1568111575000
1380556832687962;41.6;31.3;Tue Sep 10 2019 12:34:57 GMT+0200 (CEST);Tue Sep 10 2019 10:34:57 GMT+0200 (CEST);1568111697000
1380556832687962;41.6;31.8;Tue Sep 10 2019 12:36:50 GMT+0200 (CEST);Tue Sep 10 2019 10:36:50 GMT+0200 (CEST);1568111810000
1380556832687962;43.6;32.1;Tue Sep 10 2019 12:38:45 GMT+0200 (CEST);Tue Sep 10 2019 10:38:45 GMT+0200 (CEST);1568111925000
1380556832687962;43.6;32;Tue Sep 10 2019 12:40:38 GMT+0200 (CEST);Tue Sep 10 2019 10:40:38 GMT+0200 (CEST);1568112038000
1380556832687962;43.6;31.7;Tue Sep 10 2019 12:42:31 GMT+0200 (CEST);Tue Sep 10 2019 10:42:31 GMT+0200 (CEST);1568112151000
1380556832687962;43.6;31.2;Tue Sep 10 2019 12:44:26 GMT+0200 (CEST);Tue Sep 10 2019 10:44:26 GMT+0200 (CEST);1568112266000
1380556832687962;43.6;31.6;Tue Sep 10 2019 12:46:19 GMT+0200 (CEST);Tue Sep 10 2019 10:46:19 GMT+0200 (CEST);1568112379000
1380556832687962;43.6;32;Tue Sep 10 2019 12:48:11 GMT+0200 (CEST);Tue Sep 10 2019 10:48:11 GMT+0200 (CEST);1568112491000
1380556832687962;43.6;31.4;Tue Sep 10 2019 12:50:04 GMT+0200 (CEST);Tue Sep 10 2019 10:50:04 GMT+0200 (CEST);1568112604000
1380556832687962;43.6;31.6;Tue Sep 10 2019 12:52:03 GMT+0200 (CEST);Tue Sep 10 2019 10:52:03 GMT+0200 (CEST);1568112723000
1380556832687962;43.6;31.6;Tue Sep 10 2019 12:53:56 GMT+0200 (CEST);Tue Sep 10 2019 10:53:56 GMT+0200 (CEST);1568112836000
1380556832687962;43.6;32.3;Tue Sep 10 2019 12:55:49 GMT+0200 (CEST);Tue Sep 10 2019 10:55:49 GMT+0200 (CEST);1568112949000
1380556832687962;39.1;32.8;Tue Sep 10 2019 12:57:48 GMT+0200 (CEST);Tue Sep 10 2019 10:57:48 GMT+0200 (CEST);1568113068000
1380556832687962;39.1;32.6;Tue Sep 10 2019 12:59:47 GMT+0200 (CEST);Tue Sep 10 2019 10:59:47 GMT+0200 (CEST);1568113187000
1380556832687962;39.1;32.9;Tue Sep 10 2019 13:01:48 GMT+0200 (CEST);Tue Sep 10 2019 11:01:48 GMT+0200 (CEST);1568113308000
1380556832687962;39.1;32.8;Tue Sep 10 2019 13:03:47 GMT+0200 (CEST);Tue Sep 10 2019 11:03:47 GMT+0200 (CEST);1568113427000
1380556832687962;39.1;33.2;Tue Sep 10 2019 13:05:40 GMT+0200 (CEST);Tue Sep 10 2019 11:05:40 GMT+0200 (CEST);1568113540000
1380556832687962;35.6;33.1;Tue Sep 10 2019 13:07:43 GMT+0200 (CEST);Tue Sep 10 2019 11:07:43 GMT+0200 (CEST);1568113663000
1380556832687962;35.6;33.3;Tue Sep 10 2019 13:09:36 GMT+0200 (CEST);Tue Sep 10 2019 11:09:36 GMT+0200 (CEST);1568113776000
1380556832687962;33.5;33.5;Tue Sep 10 2019 13:11:23 GMT+0200 (CEST);Tue Sep 10 2019 11:11:23 GMT+0200 (CEST);1568113883000
1380556832687962;33.5;33.7;Tue Sep 10 2019 13:13:17 GMT+0200 (CEST);Tue Sep 10 2019 11:13:17 GMT+0200 (CEST);1568113997000
1380556832687962;33.5;32.9;Tue Sep 10 2019 13:15:12 GMT+0200 (CEST);Tue Sep 10 2019 11:15:12 GMT+0200 (CEST);1568114112000
1380556832687962;33.5;35;Tue Sep 10 2019 13:17:06 GMT+0200 (CEST);Tue Sep 10 2019 11:17:06 GMT+0200 (CEST);1568114226000
1380556832687962;33.5;34.2;Tue Sep 10 2019 13:19:01 GMT+0200 (CEST);Tue Sep 10 2019 11:19:01 GMT+0200 (CEST);1568114341000
1380556832687962;33.5;34.4;Tue Sep 10 2019 13:20:54 GMT+0200 (CEST);Tue Sep 10 2019 11:20:54 GMT+0200 (CEST);1568114454000
1380556832687962;33.5;34.4;Tue Sep 10 2019 13:22:53 GMT+0200 (CEST);Tue Sep 10 2019 11:22:53 GMT+0200 (CEST);1568114573000
1380556832687962;35.6;33.3;Tue Sep 10 2019 13:24:46 GMT+0200 (CEST);Tue Sep 10 2019 11:24:46 GMT+0200 (CEST);1568114686000
1380556832687962;35.6;33.3;Tue Sep 10 2019 13:26:39 GMT+0200 (CEST);Tue Sep 10 2019 11:26:39 GMT+0200 (CEST);1568114799000
1380556832687962;35.6;32.5;Tue Sep 10 2019 13:28:39 GMT+0200 (CEST);Tue Sep 10 2019 11:28:39 GMT+0200 (CEST);1568114919000
1380556832687962;37.6;33.2;Tue Sep 10 2019 13:30:31 GMT+0200 (CEST);Tue Sep 10 2019 11:30:31 GMT+0200 (CEST);1568115031000
1380556832687962;37.6;33.4;Tue Sep 10 2019 13:32:24 GMT+0200 (CEST);Tue Sep 10 2019 11:32:24 GMT+0200 (CEST);1568115144000
1380556832687962;39.1;33.1;Tue Sep 10 2019 13:34:18 GMT+0200 (CEST);Tue Sep 10 2019 11:34:18 GMT+0200 (CEST);1568115258000
1380556832687962;39.1;33.1;Tue Sep 10 2019 13:36:12 GMT+0200 (CEST);Tue Sep 10 2019 11:36:12 GMT+0200 (CEST);1568115372000
1380556832687962;39.1;33.1;Tue Sep 10 2019 13:38:14 GMT+0200 (CEST);Tue Sep 10 2019 11:38:14 GMT+0200 (CEST);1568115494000
1380556832687962;39.1;32.8;Tue Sep 10 2019 13:40:07 GMT+0200 (CEST);Tue Sep 10 2019 11:40:07 GMT+0200 (CEST);1568115607000
1380556832687962;39.1;32.9;Tue Sep 10 2019 13:42:02 GMT+0200 (CEST);Tue Sep 10 2019 11:42:02 GMT+0200 (CEST);1568115722000
1380556832687962;39.1;32.9;Tue Sep 10 2019 13:43:54 GMT+0200 (CEST);Tue Sep 10 2019 11:43:54 GMT+0200 (CEST);1568115834000
1380556832687962;39.1;32.9;Tue Sep 10 2019 13:45:48 GMT+0200 (CEST);Tue Sep 10 2019 11:45:48 GMT+0200 (CEST);1568115948000
1380556832687962;39.1;33.2;Tue Sep 10 2019 13:47:41 GMT+0200 (CEST);Tue Sep 10 2019 11:47:41 GMT+0200 (CEST);1568116061000
1380556832687962;41.6;32.9;Tue Sep 10 2019 13:49:34 GMT+0200 (CEST);Tue Sep 10 2019 11:49:34 GMT+0200 (CEST);1568116174000
1380556832687962;41.6;32.9;Tue Sep 10 2019 13:51:27 GMT+0200 (CEST);Tue Sep 10 2019 11:51:27 GMT+0200 (CEST);1568116287000
1380556832687962;41.6;32.9;Tue Sep 10 2019 13:53:22 GMT+0200 (CEST);Tue Sep 10 2019 11:53:22 GMT+0200 (CEST);1568116402000
1380556832687962;41.6;32.9;Tue Sep 10 2019 13:55:23 GMT+0200 (CEST);Tue Sep 10 2019 11:55:23 GMT+0200 (CEST);1568116523000
1380556832687962;41.6;32.9;Tue Sep 10 2019 13:57:25 GMT+0200 (CEST);Tue Sep 10 2019 11:57:25 GMT+0200 (CEST);1568116645000
1380556832687962;41.6;35.1;Tue Sep 10 2019 13:59:21 GMT+0200 (CEST);Tue Sep 10 2019 11:59:21 GMT+0200 (CEST);1568116761000
1380556832687962;41.6;33.5;Tue Sep 10 2019 14:01:14 GMT+0200 (CEST);Tue Sep 10 2019 12:01:14 GMT+0200 (CEST);1568116874000
1380556832687962;41.6;35.7;Tue Sep 10 2019 14:03:14 GMT+0200 (CEST);Tue Sep 10 2019 12:03:14 GMT+0200 (CEST);1568116994000
1380556832687962;41.6;35.7;Tue Sep 10 2019 14:05:07 GMT+0200 (CEST);Tue Sep 10 2019 12:05:07 GMT+0200 (CEST);1568117107000
1380556832687962;41.6;32.7;Tue Sep 10 2019 14:07:04 GMT+0200 (CEST);Tue Sep 10 2019 12:07:04 GMT+0200 (CEST);1568117224000
1380556832687962;42.1;32.5;Tue Sep 10 2019 14:09:14 GMT+0200 (CEST);Tue Sep 10 2019 12:09:14 GMT+0200 (CEST);1568117354000
1380556832687962;42.1;32.8;Tue Sep 10 2019 14:11:17 GMT+0200 (CEST);Tue Sep 10 2019 12:11:17 GMT+0200 (CEST);1568117477000
1380556832687962;42.1;33.2;Tue Sep 10 2019 14:13:10 GMT+0200 (CEST);Tue Sep 10 2019 12:13:10 GMT+0200 (CEST);1568117590000
1380556832687962;42.1;32.6;Tue Sep 10 2019 14:15:05 GMT+0200 (CEST);Tue Sep 10 2019 12:15:05 GMT+0200 (CEST);1568117705000
1380556832687962;42.1;33.5;Tue Sep 10 2019 14:17:02 GMT+0200 (CEST);Tue Sep 10 2019 12:17:02 GMT+0200 (CEST);1568117822000
1380556832687962;42.1;32.7;Tue Sep 10 2019 14:19:03 GMT+0200 (CEST);Tue Sep 10 2019 12:19:03 GMT+0200 (CEST);1568117943000
1380556832687962;42.1;32.6;Tue Sep 10 2019 14:20:55 GMT+0200 (CEST);Tue Sep 10 2019 12:20:55 GMT+0200 (CEST);1568118055000
1380556832687962;42.1;32.5;Tue Sep 10 2019 14:22:51 GMT+0200 (CEST);Tue Sep 10 2019 12:22:51 GMT+0200 (CEST);1568118171000
1380556832687962;42.1;32.4;Tue Sep 10 2019 14:24:45 GMT+0200 (CEST);Tue Sep 10 2019 12:24:45 GMT+0200 (CEST);1568118285000
1380556832687962;42.1;34.4;Tue Sep 10 2019 14:26:38 GMT+0200 (CEST);Tue Sep 10 2019 12:26:38 GMT+0200 (CEST);1568118398000
1380556832687962;42.1;32.8;Tue Sep 10 2019 14:28:32 GMT+0200 (CEST);Tue Sep 10 2019 12:28:32 GMT+0200 (CEST);1568118512000
1380556832687962;42.1;32.6;Tue Sep 10 2019 14:30:25 GMT+0200 (CEST);Tue Sep 10 2019 12:30:25 GMT+0200 (CEST);1568118625000
1380556832687962;42.1;32.7;Tue Sep 10 2019 14:32:22 GMT+0200 (CEST);Tue Sep 10 2019 12:32:22 GMT+0200 (CEST);1568118742000
1380556832687962;42.1;32.7;Tue Sep 10 2019 14:34:15 GMT+0200 (CEST);Tue Sep 10 2019 12:34:15 GMT+0200 (CEST);1568118855000
1380556832687962;42.1;32.7;Tue Sep 10 2019 14:36:08 GMT+0200 (CEST);Tue Sep 10 2019 12:36:08 GMT+0200 (CEST);1568118968000
1380556832687962;42.1;32.4;Tue Sep 10 2019 14:38:00 GMT+0200 (CEST);Tue Sep 10 2019 12:38:00 GMT+0200 (CEST);1568119080000
1380556832687962;42.1;32.7;Tue Sep 10 2019 14:40:10 GMT+0200 (CEST);Tue Sep 10 2019 12:40:10 GMT+0200 (CEST);1568119210000
1380556832687962;41.6;32.7;Tue Sep 10 2019 14:42:03 GMT+0200 (CEST);Tue Sep 10 2019 12:42:03 GMT+0200 (CEST);1568119323000
1380556832687962;41.6;32.3;Tue Sep 10 2019 14:43:56 GMT+0200 (CEST);Tue Sep 10 2019 12:43:56 GMT+0200 (CEST);1568119436000
1380556832687962;41.6;32.9;Tue Sep 10 2019 14:45:51 GMT+0200 (CEST);Tue Sep 10 2019 12:45:51 GMT+0200 (CEST);1568119551000
1380556832687962;41.6;32.4;Tue Sep 10 2019 14:47:43 GMT+0200 (CEST);Tue Sep 10 2019 12:47:43 GMT+0200 (CEST);1568119663000
1380556832687962;41.6;32.1;Tue Sep 10 2019 14:49:46 GMT+0200 (CEST);Tue Sep 10 2019 12:49:46 GMT+0200 (CEST);1568119786000
1380556832687962;42.1;32.6;Tue Sep 10 2019 14:51:43 GMT+0200 (CEST);Tue Sep 10 2019 12:51:43 GMT+0200 (CEST);1568119903000
1380556832687962;42.1;32.5;Tue Sep 10 2019 14:53:36 GMT+0200 (CEST);Tue Sep 10 2019 12:53:36 GMT+0200 (CEST);1568120016000
1380556832687962;42.1;33.2;Tue Sep 10 2019 14:55:30 GMT+0200 (CEST);Tue Sep 10 2019 12:55:30 GMT+0200 (CEST);1568120130000
1380556832687962;42.1;32.5;Tue Sep 10 2019 14:57:23 GMT+0200 (CEST);Tue Sep 10 2019 12:57:23 GMT+0200 (CEST);1568120243000
1380556832687962;42.1;33.4;Tue Sep 10 2019 14:59:18 GMT+0200 (CEST);Tue Sep 10 2019 12:59:18 GMT+0200 (CEST);1568120358000
1380556832687962;42.1;33;Tue Sep 10 2019 15:01:12 GMT+0200 (CEST);Tue Sep 10 2019 13:01:12 GMT+0200 (CEST);1568120472000
1380556832687962;42.1;32.9;Tue Sep 10 2019 15:03:05 GMT+0200 (CEST);Tue Sep 10 2019 13:03:05 GMT+0200 (CEST);1568120585000
1380556832687962;42.1;32.9;Tue Sep 10 2019 15:05:07 GMT+0200 (CEST);Tue Sep 10 2019 13:05:07 GMT+0200 (CEST);1568120707000
1380556832687962;42.1;33;Tue Sep 10 2019 15:07:03 GMT+0200 (CEST);Tue Sep 10 2019 13:07:03 GMT+0200 (CEST);1568120823000
1380556832687962;42.1;33;Tue Sep 10 2019 15:08:56 GMT+0200 (CEST);Tue Sep 10 2019 13:08:56 GMT+0200 (CEST);1568120936000
1380556832687962;43.6;32.5;Tue Sep 10 2019 15:10:51 GMT+0200 (CEST);Tue Sep 10 2019 13:10:51 GMT+0200 (CEST);1568121051000
1380556832687962;43.6;32.2;Tue Sep 10 2019 15:12:47 GMT+0200 (CEST);Tue Sep 10 2019 13:12:47 GMT+0200 (CEST);1568121167000
1380556832687962;43.6;33.2;Tue Sep 10 2019 15:14:41 GMT+0200 (CEST);Tue Sep 10 2019 13:14:41 GMT+0200 (CEST);1568121281000
1380556832687962;43.6;32.2;Tue Sep 10 2019 15:16:35 GMT+0200 (CEST);Tue Sep 10 2019 13:16:35 GMT+0200 (CEST);1568121395000
1380556832687962;43.6;32.2;Tue Sep 10 2019 15:18:28 GMT+0200 (CEST);Tue Sep 10 2019 13:18:28 GMT+0200 (CEST);1568121508000
1380556832687962;43.6;32.3;Tue Sep 10 2019 15:20:24 GMT+0200 (CEST);Tue Sep 10 2019 13:20:24 GMT+0200 (CEST);1568121624000
1380556832687962;43.6;32.5;Tue Sep 10 2019 15:22:45 GMT+0200 (CEST);Tue Sep 10 2019 13:22:45 GMT+0200 (CEST);1568121765000
1380556832687962;43.6;32.7;Tue Sep 10 2019 15:24:38 GMT+0200 (CEST);Tue Sep 10 2019 13:24:38 GMT+0200 (CEST);1568121878000
1380556832687962;43.6;32.5;Tue Sep 10 2019 15:26:31 GMT+0200 (CEST);Tue Sep 10 2019 13:26:31 GMT+0200 (CEST);1568121991000
1380556832687962;43.6;32.4;Tue Sep 10 2019 15:28:30 GMT+0200 (CEST);Tue Sep 10 2019 13:28:30 GMT+0200 (CEST);1568122110000
1380556832687962;43.6;32.3;Tue Sep 10 2019 15:30:23 GMT+0200 (CEST);Tue Sep 10 2019 13:30:23 GMT+0200 (CEST);1568122223000
1380556832687962;43.6;32.7;Tue Sep 10 2019 15:32:16 GMT+0200 (CEST);Tue Sep 10 2019 13:32:16 GMT+0200 (CEST);1568122336000
1380556832687962;43.6;32.4;Tue Sep 10 2019 15:34:09 GMT+0200 (CEST);Tue Sep 10 2019 13:34:09 GMT+0200 (CEST);1568122449000
1380556832687962;43.6;31.9;Tue Sep 10 2019 15:36:03 GMT+0200 (CEST);Tue Sep 10 2019 13:36:03 GMT+0200 (CEST);1568122563000
1380556832687962;43.6;33.3;Tue Sep 10 2019 15:37:56 GMT+0200 (CEST);Tue Sep 10 2019 13:37:56 GMT+0200 (CEST);1568122676000
1380556832687962;43.6;32.8;Tue Sep 10 2019 15:39:49 GMT+0200 (CEST);Tue Sep 10 2019 13:39:49 GMT+0200 (CEST);1568122789000
1380556832687962;43.6;33.1;Tue Sep 10 2019 15:41:43 GMT+0200 (CEST);Tue Sep 10 2019 13:41:43 GMT+0200 (CEST);1568122903000
1380556832687962;43.6;32.3;Tue Sep 10 2019 15:43:48 GMT+0200 (CEST);Tue Sep 10 2019 13:43:48 GMT+0200 (CEST);1568123028000
1380556832687962;43.6;32.7;Tue Sep 10 2019 15:45:41 GMT+0200 (CEST);Tue Sep 10 2019 13:45:41 GMT+0200 (CEST);1568123141000
1380556832687962;43.6;32.7;Tue Sep 10 2019 15:47:37 GMT+0200 (CEST);Tue Sep 10 2019 13:47:37 GMT+0200 (CEST);1568123257000
1380556832687962;38.1;33;Tue Sep 10 2019 15:49:32 GMT+0200 (CEST);Tue Sep 10 2019 13:49:32 GMT+0200 (CEST);1568123372000
1380556832687962;38.1;33;Tue Sep 10 2019 15:51:37 GMT+0200 (CEST);Tue Sep 10 2019 13:51:37 GMT+0200 (CEST);1568123497000
1380556832687962;38.1;34.1;Tue Sep 10 2019 15:53:30 GMT+0200 (CEST);Tue Sep 10 2019 13:53:30 GMT+0200 (CEST);1568123610000
1380556832687962;38.1;34;Tue Sep 10 2019 15:55:26 GMT+0200 (CEST);Tue Sep 10 2019 13:55:26 GMT+0200 (CEST);1568123726000
1380556832687962;38.1;34;Tue Sep 10 2019 15:57:19 GMT+0200 (CEST);Tue Sep 10 2019 13:57:19 GMT+0200 (CEST);1568123839000
1380556832687962;35.6;34;Tue Sep 10 2019 15:59:12 GMT+0200 (CEST);Tue Sep 10 2019 13:59:12 GMT+0200 (CEST);1568123952000
1380556832687962;35.6;32.9;Tue Sep 10 2019 16:01:05 GMT+0200 (CEST);Tue Sep 10 2019 14:01:05 GMT+0200 (CEST);1568124065000
1380556832687962;35.6;33.1;Tue Sep 10 2019 16:02:57 GMT+0200 (CEST);Tue Sep 10 2019 14:02:57 GMT+0200 (CEST);1568124177000
1380556832687962;35.6;33.1;Tue Sep 10 2019 16:04:51 GMT+0200 (CEST);Tue Sep 10 2019 14:04:51 GMT+0200 (CEST);1568124291000
1380556832687962;35.6;33.6;Tue Sep 10 2019 16:06:52 GMT+0200 (CEST);Tue Sep 10 2019 14:06:52 GMT+0200 (CEST);1568124412000
1380556832687962;33.5;33.4;Tue Sep 10 2019 16:08:46 GMT+0200 (CEST);Tue Sep 10 2019 14:08:46 GMT+0200 (CEST);1568124526000
1380556832687962;33.5;33.3;Tue Sep 10 2019 16:10:35 GMT+0200 (CEST);Tue Sep 10 2019 14:10:35 GMT+0200 (CEST);1568124635000
1380556832687962;33.5;33.4;Tue Sep 10 2019 16:12:29 GMT+0200 (CEST);Tue Sep 10 2019 14:12:29 GMT+0200 (CEST);1568124749000
1380556832687962;33.5;33.6;Tue Sep 10 2019 16:14:22 GMT+0200 (CEST);Tue Sep 10 2019 14:14:22 GMT+0200 (CEST);1568124862000
1380556832687962;33.5;33.4;Tue Sep 10 2019 16:16:14 GMT+0200 (CEST);Tue Sep 10 2019 14:16:14 GMT+0200 (CEST);1568124974000
1380556832687962;32;33.5;Tue Sep 10 2019 16:18:07 GMT+0200 (CEST);Tue Sep 10 2019 14:18:07 GMT+0200 (CEST);1568125087000
1380556832687962;32;33.5;Tue Sep 10 2019 16:20:00 GMT+0200 (CEST);Tue Sep 10 2019 14:20:00 GMT+0200 (CEST);1568125200000
1380556832687962;32;33.5;Tue Sep 10 2019 16:21:55 GMT+0200 (CEST);Tue Sep 10 2019 14:21:55 GMT+0200 (CEST);1568125315000
1380556832687962;31.5;33.5;Tue Sep 10 2019 16:23:48 GMT+0200 (CEST);Tue Sep 10 2019 14:23:48 GMT+0200 (CEST);1568125428000
1380556832687962;31.5;33.5;Tue Sep 10 2019 16:25:41 GMT+0200 (CEST);Tue Sep 10 2019 14:25:41 GMT+0200 (CEST);1568125541000
1380556832687962;31.5;34;Tue Sep 10 2019 16:27:33 GMT+0200 (CEST);Tue Sep 10 2019 14:27:33 GMT+0200 (CEST);1568125653000
1380556832687962;31.5;33.2;Tue Sep 10 2019 16:29:27 GMT+0200 (CEST);Tue Sep 10 2019 14:29:27 GMT+0200 (CEST);1568125767000
1380556832687962;31.5;34.4;Tue Sep 10 2019 16:31:23 GMT+0200 (CEST);Tue Sep 10 2019 14:31:23 GMT+0200 (CEST);1568125883000
1380556832687962;31.5;34.4;Tue Sep 10 2019 16:33:17 GMT+0200 (CEST);Tue Sep 10 2019 14:33:17 GMT+0200 (CEST);1568125997000
1380556832687962;31.5;34.3;Tue Sep 10 2019 16:35:09 GMT+0200 (CEST);Tue Sep 10 2019 14:35:09 GMT+0200 (CEST);1568126109000
1380556832687962;31.5;33.8;Tue Sep 10 2019 16:37:05 GMT+0200 (CEST);Tue Sep 10 2019 14:37:05 GMT+0200 (CEST);1568126225000
1380556832687962;31.5;33.6;Tue Sep 10 2019 16:39:07 GMT+0200 (CEST);Tue Sep 10 2019 14:39:07 GMT+0200 (CEST);1568126347000
1380556832687962;31.5;33.4;Tue Sep 10 2019 16:41:07 GMT+0200 (CEST);Tue Sep 10 2019 14:41:07 GMT+0200 (CEST);1568126467000
1380556832687962;33.5;33.4;Tue Sep 10 2019 16:43:00 GMT+0200 (CEST);Tue Sep 10 2019 14:43:00 GMT+0200 (CEST);1568126580000
1380556832687962;33.5;33.2;Tue Sep 10 2019 16:44:55 GMT+0200 (CEST);Tue Sep 10 2019 14:44:55 GMT+0200 (CEST);1568126695000
1380556832687962;34;32.9;Tue Sep 10 2019 16:46:48 GMT+0200 (CEST);Tue Sep 10 2019 14:46:48 GMT+0200 (CEST);1568126808000
1380556832687962;34;32.4;Tue Sep 10 2019 16:48:40 GMT+0200 (CEST);Tue Sep 10 2019 14:48:40 GMT+0200 (CEST);1568126920000
1380556832687962;34;32.4;Tue Sep 10 2019 16:50:33 GMT+0200 (CEST);Tue Sep 10 2019 14:50:33 GMT+0200 (CEST);1568127033000
1380556832687962;34;32.8;Tue Sep 10 2019 16:52:25 GMT+0200 (CEST);Tue Sep 10 2019 14:52:25 GMT+0200 (CEST);1568127145000
1380556832687962;34;33.2;Tue Sep 10 2019 16:54:54 GMT+0200 (CEST);Tue Sep 10 2019 14:54:54 GMT+0200 (CEST);1568127294000
1380556832687962;34;33.2;Tue Sep 10 2019 16:56:47 GMT+0200 (CEST);Tue Sep 10 2019 14:56:47 GMT+0200 (CEST);1568127407000
1380556832687962;34;33.2;Tue Sep 10 2019 16:58:39 GMT+0200 (CEST);Tue Sep 10 2019 14:58:39 GMT+0200 (CEST);1568127519000
1380556832687962;34;33.9;Tue Sep 10 2019 17:00:32 GMT+0200 (CEST);Tue Sep 10 2019 15:00:32 GMT+0200 (CEST);1568127632000
1380556832687962;34;33.7;Tue Sep 10 2019 17:02:43 GMT+0200 (CEST);Tue Sep 10 2019 15:02:43 GMT+0200 (CEST);1568127763000
1380556832687962;34;33.8;Tue Sep 10 2019 17:04:36 GMT+0200 (CEST);Tue Sep 10 2019 15:04:36 GMT+0200 (CEST);1568127876000
1380556832687962;34;33.8;Tue Sep 10 2019 17:06:29 GMT+0200 (CEST);Tue Sep 10 2019 15:06:29 GMT+0200 (CEST);1568127989000
1380556832687962;34;33.8;Tue Sep 10 2019 17:08:24 GMT+0200 (CEST);Tue Sep 10 2019 15:08:24 GMT+0200 (CEST);1568128104000
1380556832687962;34;33.5;Tue Sep 10 2019 17:10:43 GMT+0200 (CEST);Tue Sep 10 2019 15:10:43 GMT+0200 (CEST);1568128243000
1380556832687962;34;33.4;Tue Sep 10 2019 17:12:36 GMT+0200 (CEST);Tue Sep 10 2019 15:12:36 GMT+0200 (CEST);1568128356000
1380556832687962;34;33.8;Tue Sep 10 2019 17:14:32 GMT+0200 (CEST);Tue Sep 10 2019 15:14:32 GMT+0200 (CEST);1568128472000
1380556832687962;33.5;33.9;Tue Sep 10 2019 17:16:25 GMT+0200 (CEST);Tue Sep 10 2019 15:16:25 GMT+0200 (CEST);1568128585000
1380556832687962;33.5;33.5;Tue Sep 10 2019 17:18:23 GMT+0200 (CEST);Tue Sep 10 2019 15:18:23 GMT+0200 (CEST);1568128703000
1380556832687962;33.5;33.7;Tue Sep 10 2019 17:20:18 GMT+0200 (CEST);Tue Sep 10 2019 15:20:18 GMT+0200 (CEST);1568128818000
1380556832687962;33.5;33.7;Tue Sep 10 2019 17:22:11 GMT+0200 (CEST);Tue Sep 10 2019 15:22:11 GMT+0200 (CEST);1568128931000
1380556832687962;33.5;33.3;Tue Sep 10 2019 17:24:21 GMT+0200 (CEST);Tue Sep 10 2019 15:24:21 GMT+0200 (CEST);1568129061000
1380556832687962;33.5;33.2;Tue Sep 10 2019 17:26:18 GMT+0200 (CEST);Tue Sep 10 2019 15:26:18 GMT+0200 (CEST);1568129178000
1380556832687962;33.5;33.1;Tue Sep 10 2019 17:28:11 GMT+0200 (CEST);Tue Sep 10 2019 15:28:11 GMT+0200 (CEST);1568129291000
1380556832687962;32;33.1;Tue Sep 10 2019 17:30:16 GMT+0200 (CEST);Tue Sep 10 2019 15:30:16 GMT+0200 (CEST);1568129416000
1380556832687962;32;33.2;Tue Sep 10 2019 17:32:09 GMT+0200 (CEST);Tue Sep 10 2019 15:32:09 GMT+0200 (CEST);1568129529000
1380556832687962;32;33.4;Tue Sep 10 2019 17:34:02 GMT+0200 (CEST);Tue Sep 10 2019 15:34:02 GMT+0200 (CEST);1568129642000
1380556832687962;31.5;33.4;Tue Sep 10 2019 17:35:55 GMT+0200 (CEST);Tue Sep 10 2019 15:35:55 GMT+0200 (CEST);1568129755000
1380556832687962;31.5;33.5;Tue Sep 10 2019 17:37:47 GMT+0200 (CEST);Tue Sep 10 2019 15:37:47 GMT+0200 (CEST);1568129867000
1380556832687962;31.5;33.4;Tue Sep 10 2019 17:39:40 GMT+0200 (CEST);Tue Sep 10 2019 15:39:40 GMT+0200 (CEST);1568129980000
1380556832687962;31.5;33.6;Tue Sep 10 2019 17:41:34 GMT+0200 (CEST);Tue Sep 10 2019 15:41:34 GMT+0200 (CEST);1568130094000
1380556832687962;31.5;33.6;Tue Sep 10 2019 17:43:26 GMT+0200 (CEST);Tue Sep 10 2019 15:43:26 GMT+0200 (CEST);1568130206000
1380556832687962;30.5;33.7;Tue Sep 10 2019 17:45:15 GMT+0200 (CEST);Tue Sep 10 2019 15:45:15 GMT+0200 (CEST);1568130315000
1380556832687962;30.5;33.8;Tue Sep 10 2019 17:47:08 GMT+0200 (CEST);Tue Sep 10 2019 15:47:08 GMT+0200 (CEST);1568130428000
1380556832687962;30.5;33.6;Tue Sep 10 2019 17:49:13 GMT+0200 (CEST);Tue Sep 10 2019 15:49:13 GMT+0200 (CEST);1568130553000
1380556832687962;30.5;33.6;Tue Sep 10 2019 17:51:06 GMT+0200 (CEST);Tue Sep 10 2019 15:51:06 GMT+0200 (CEST);1568130666000
1380556832687962;30.5;33.5;Tue Sep 10 2019 17:53:02 GMT+0200 (CEST);Tue Sep 10 2019 15:53:02 GMT+0200 (CEST);1568130782000
1380556832687962;30;33.5;Tue Sep 10 2019 17:54:59 GMT+0200 (CEST);Tue Sep 10 2019 15:54:59 GMT+0200 (CEST);1568130899000
1380556832687962;30;33.3;Tue Sep 10 2019 17:57:00 GMT+0200 (CEST);Tue Sep 10 2019 15:57:00 GMT+0200 (CEST);1568131020000
1380556832687962;30;33.5;Tue Sep 10 2019 17:58:53 GMT+0200 (CEST);Tue Sep 10 2019 15:58:53 GMT+0200 (CEST);1568131133000
1380556832687962;30;34;Tue Sep 10 2019 18:00:46 GMT+0200 (CEST);Tue Sep 10 2019 16:00:46 GMT+0200 (CEST);1568131246000
1380556832687962;30;33.6;Tue Sep 10 2019 18:02:38 GMT+0200 (CEST);Tue Sep 10 2019 16:02:38 GMT+0200 (CEST);1568131358000
1380556832687962;30;33.2;Tue Sep 10 2019 18:04:54 GMT+0200 (CEST);Tue Sep 10 2019 16:04:54 GMT+0200 (CEST);1568131494000
1380556832687962;30;33.1;Tue Sep 10 2019 18:06:49 GMT+0200 (CEST);Tue Sep 10 2019 16:06:49 GMT+0200 (CEST);1568131609000
1380556832687962;29.5;32.9;Tue Sep 10 2019 18:08:43 GMT+0200 (CEST);Tue Sep 10 2019 16:08:43 GMT+0200 (CEST);1568131723000
1380556832687962;29.5;33.2;Tue Sep 10 2019 18:10:36 GMT+0200 (CEST);Tue Sep 10 2019 16:10:36 GMT+0200 (CEST);1568131836000
1380556832687962;29.5;32.9;Tue Sep 10 2019 18:12:31 GMT+0200 (CEST);Tue Sep 10 2019 16:12:31 GMT+0200 (CEST);1568131951000
1380556832687962;28;33;Tue Sep 10 2019 18:14:24 GMT+0200 (CEST);Tue Sep 10 2019 16:14:24 GMT+0200 (CEST);1568132064000
1380556832687962;28;33.3;Tue Sep 10 2019 18:16:17 GMT+0200 (CEST);Tue Sep 10 2019 16:16:17 GMT+0200 (CEST);1568132177000
1380556832687962;28;33.7;Tue Sep 10 2019 18:18:10 GMT+0200 (CEST);Tue Sep 10 2019 16:18:10 GMT+0200 (CEST);1568132290000
1380556832687962;28;33.8;Tue Sep 10 2019 18:20:12 GMT+0200 (CEST);Tue Sep 10 2019 16:20:12 GMT+0200 (CEST);1568132412000
1380556832687962;28;33.3;Tue Sep 10 2019 18:22:12 GMT+0200 (CEST);Tue Sep 10 2019 16:22:12 GMT+0200 (CEST);1568132532000
1380556832687962;27.5;33.2;Tue Sep 10 2019 18:24:05 GMT+0200 (CEST);Tue Sep 10 2019 16:24:05 GMT+0200 (CEST);1568132645000
1380556832687962;27.5;33;Tue Sep 10 2019 18:25:58 GMT+0200 (CEST);Tue Sep 10 2019 16:25:58 GMT+0200 (CEST);1568132758000
1380556832687962;27.5;33;Tue Sep 10 2019 18:27:52 GMT+0200 (CEST);Tue Sep 10 2019 16:27:52 GMT+0200 (CEST);1568132872000
1380556832687962;27.5;32.8;Tue Sep 10 2019 18:29:44 GMT+0200 (CEST);Tue Sep 10 2019 16:29:44 GMT+0200 (CEST);1568132984000
1380556832687962;27.5;33.3;Tue Sep 10 2019 18:31:37 GMT+0200 (CEST);Tue Sep 10 2019 16:31:37 GMT+0200 (CEST);1568133097000
1380556832687962;26;32.9;Tue Sep 10 2019 18:33:30 GMT+0200 (CEST);Tue Sep 10 2019 16:33:30 GMT+0200 (CEST);1568133210000
1380556832687962;26;31.9;Tue Sep 10 2019 18:35:58 GMT+0200 (CEST);Tue Sep 10 2019 16:35:58 GMT+0200 (CEST);1568133358000
1380556832687962;25.5;31.9;Tue Sep 10 2019 18:37:58 GMT+0200 (CEST);Tue Sep 10 2019 16:37:58 GMT+0200 (CEST);1568133478000
1380556832687962;25.5;31.1;Tue Sep 10 2019 18:39:53 GMT+0200 (CEST);Tue Sep 10 2019 16:39:53 GMT+0200 (CEST);1568133593000
1380556832687962;23;31.3;Tue Sep 10 2019 18:41:56 GMT+0200 (CEST);Tue Sep 10 2019 16:41:56 GMT+0200 (CEST);1568133716000
1380556832687962;23;30.9;Tue Sep 10 2019 18:43:52 GMT+0200 (CEST);Tue Sep 10 2019 16:43:52 GMT+0200 (CEST);1568133832000
1380556832687962;23;30.8;Tue Sep 10 2019 18:45:45 GMT+0200 (CEST);Tue Sep 10 2019 16:45:45 GMT+0200 (CEST);1568133945000
1380556832687962;22;30.9;Tue Sep 10 2019 18:47:39 GMT+0200 (CEST);Tue Sep 10 2019 16:47:39 GMT+0200 (CEST);1568134059000
1380556832687962;22;31;Tue Sep 10 2019 18:49:32 GMT+0200 (CEST);Tue Sep 10 2019 16:49:32 GMT+0200 (CEST);1568134172000
1380556832687962;22;31.1;Tue Sep 10 2019 18:51:26 GMT+0200 (CEST);Tue Sep 10 2019 16:51:26 GMT+0200 (CEST);1568134286000
1380556832687962;22;30.9;Tue Sep 10 2019 18:53:19 GMT+0200 (CEST);Tue Sep 10 2019 16:53:19 GMT+0200 (CEST);1568134399000
1380556832687962;22;30.9;Tue Sep 10 2019 18:55:11 GMT+0200 (CEST);Tue Sep 10 2019 16:55:11 GMT+0200 (CEST);1568134511000
1380556832687962;22;31;Tue Sep 10 2019 18:57:05 GMT+0200 (CEST);Tue Sep 10 2019 16:57:05 GMT+0200 (CEST);1568134625000
1380556832687962;22;31.2;Tue Sep 10 2019 18:58:58 GMT+0200 (CEST);Tue Sep 10 2019 16:58:58 GMT+0200 (CEST);1568134738000
1380556832687962;21.5;31.2;Tue Sep 10 2019 19:00:53 GMT+0200 (CEST);Tue Sep 10 2019 17:00:53 GMT+0200 (CEST);1568134853000
1380556832687962;21.5;30.6;Tue Sep 10 2019 19:02:46 GMT+0200 (CEST);Tue Sep 10 2019 17:02:46 GMT+0200 (CEST);1568134966000
1380556832687962;21.5;30.6;Tue Sep 10 2019 19:04:42 GMT+0200 (CEST);Tue Sep 10 2019 17:04:42 GMT+0200 (CEST);1568135082000
1380556832687962;21.5;30.7;Tue Sep 10 2019 19:06:38 GMT+0200 (CEST);Tue Sep 10 2019 17:06:38 GMT+0200 (CEST);1568135198000
1380556832687962;21.5;31.1;Tue Sep 10 2019 19:08:29 GMT+0200 (CEST);Tue Sep 10 2019 17:08:29 GMT+0200 (CEST);1568135309000
1380556832687962;21.5;32;Tue Sep 10 2019 19:10:24 GMT+0200 (CEST);Tue Sep 10 2019 17:10:24 GMT+0200 (CEST);1568135424000
1380556832687962;21.5;31.4;Tue Sep 10 2019 19:12:17 GMT+0200 (CEST);Tue Sep 10 2019 17:12:17 GMT+0200 (CEST);1568135537000
1380556832687962;21.5;31.4;Tue Sep 10 2019 19:14:10 GMT+0200 (CEST);Tue Sep 10 2019 17:14:10 GMT+0200 (CEST);1568135650000
1380556832687962;21.5;33.2;Tue Sep 10 2019 19:16:04 GMT+0200 (CEST);Tue Sep 10 2019 17:16:04 GMT+0200 (CEST);1568135764000
1380556832687962;21.5;33.5;Tue Sep 10 2019 19:17:57 GMT+0200 (CEST);Tue Sep 10 2019 17:17:57 GMT+0200 (CEST);1568135877000
1380556832687962;21.5;34.4;Tue Sep 10 2019 19:19:51 GMT+0200 (CEST);Tue Sep 10 2019 17:19:51 GMT+0200 (CEST);1568135991000
1380556832687962;21.5;33.8;Tue Sep 10 2019 19:21:49 GMT+0200 (CEST);Tue Sep 10 2019 17:21:49 GMT+0200 (CEST);1568136109000
1380556832687962;21.5;33.8;Tue Sep 10 2019 19:23:44 GMT+0200 (CEST);Tue Sep 10 2019 17:23:44 GMT+0200 (CEST);1568136224000
1380556832687962;21.5;33.8;Tue Sep 10 2019 19:25:37 GMT+0200 (CEST);Tue Sep 10 2019 17:25:37 GMT+0200 (CEST);1568136337000
1380556832687962;21.5;34.3;Tue Sep 10 2019 19:27:30 GMT+0200 (CEST);Tue Sep 10 2019 17:27:30 GMT+0200 (CEST);1568136450000
1380556832687962;21.5;34.1;Tue Sep 10 2019 19:29:27 GMT+0200 (CEST);Tue Sep 10 2019 17:29:27 GMT+0200 (CEST);1568136567000
1380556832687962;21.5;32.7;Tue Sep 10 2019 19:31:26 GMT+0200 (CEST);Tue Sep 10 2019 17:31:26 GMT+0200 (CEST);1568136686000
1380556832687962;21.5;32.4;Tue Sep 10 2019 19:33:20 GMT+0200 (CEST);Tue Sep 10 2019 17:33:20 GMT+0200 (CEST);1568136800000
1380556832687962;19.9;31.5;Tue Sep 10 2019 19:35:14 GMT+0200 (CEST);Tue Sep 10 2019 17:35:14 GMT+0200 (CEST);1568136914000
1380556832687962;19.9;31.5;Tue Sep 10 2019 19:37:09 GMT+0200 (CEST);Tue Sep 10 2019 17:37:09 GMT+0200 (CEST);1568137029000
1380556832687962;19.4;29.8;Tue Sep 10 2019 19:39:03 GMT+0200 (CEST);Tue Sep 10 2019 17:39:03 GMT+0200 (CEST);1568137143000
1380556832687962;19.4;29.8;Tue Sep 10 2019 19:40:55 GMT+0200 (CEST);Tue Sep 10 2019 17:40:55 GMT+0200 (CEST);1568137255000
1380556832687962;19.4;29.8;Tue Sep 10 2019 19:42:50 GMT+0200 (CEST);Tue Sep 10 2019 17:42:50 GMT+0200 (CEST);1568137370000
1380556832687962;-273.2;18.3;Wed Sep 11 2019 06:58:17 GMT+0200 (CEST);Wed Sep 11 2019 04:58:17 GMT+0200 (CEST);1568177897000
1380556832687962;5.3;30.1;Wed Sep 11 2019 07:00:40 GMT+0200 (CEST);Wed Sep 11 2019 05:00:40 GMT+0200 (CEST);1568178040000
1380556832687962;6.8;30.7;Wed Sep 11 2019 07:02:32 GMT+0200 (CEST);Wed Sep 11 2019 05:02:32 GMT+0200 (CEST);1568178152000
1380556832687962;6.8;30.2;Wed Sep 11 2019 07:05:08 GMT+0200 (CEST);Wed Sep 11 2019 05:05:08 GMT+0200 (CEST);1568178308000
1380556832687962;6.8;28.1;Wed Sep 11 2019 07:07:15 GMT+0200 (CEST);Wed Sep 11 2019 05:07:15 GMT+0200 (CEST);1568178435000
1380556832687962;6.8;28.4;Wed Sep 11 2019 07:09:34 GMT+0200 (CEST);Wed Sep 11 2019 05:09:34 GMT+0200 (CEST);1568178574000
1380556832687962;6.8;27.8;Wed Sep 11 2019 07:11:27 GMT+0200 (CEST);Wed Sep 11 2019 05:11:27 GMT+0200 (CEST);1568178687000
1380556832687962;6.8;28.2;Wed Sep 11 2019 07:13:21 GMT+0200 (CEST);Wed Sep 11 2019 05:13:21 GMT+0200 (CEST);1568178801000
1380556832687962;6.8;28;Wed Sep 11 2019 07:15:29 GMT+0200 (CEST);Wed Sep 11 2019 05:15:29 GMT+0200 (CEST);1568178929000
1380556832687962;6.8;28.2;Wed Sep 11 2019 07:17:21 GMT+0200 (CEST);Wed Sep 11 2019 05:17:21 GMT+0200 (CEST);1568179041000
1380556832687962;6.8;28.4;Wed Sep 11 2019 07:19:17 GMT+0200 (CEST);Wed Sep 11 2019 05:19:17 GMT+0200 (CEST);1568179157000
1380556832687962;6.8;28.6;Wed Sep 11 2019 07:21:52 GMT+0200 (CEST);Wed Sep 11 2019 05:21:52 GMT+0200 (CEST);1568179312000
1380556832687962;6.8;28.9;Wed Sep 11 2019 07:24:02 GMT+0200 (CEST);Wed Sep 11 2019 05:24:02 GMT+0200 (CEST);1568179442000
1380556832687962;6.8;29.1;Wed Sep 11 2019 07:26:11 GMT+0200 (CEST);Wed Sep 11 2019 05:26:11 GMT+0200 (CEST);1568179571000
1380556832687962;7.9;29.3;Wed Sep 11 2019 07:28:04 GMT+0200 (CEST);Wed Sep 11 2019 05:28:04 GMT+0200 (CEST);1568179684000
1380556832687962;7.9;29.5;Wed Sep 11 2019 07:30:27 GMT+0200 (CEST);Wed Sep 11 2019 05:30:27 GMT+0200 (CEST);1568179827000
1380556832687962;7.9;30.2;Wed Sep 11 2019 07:32:20 GMT+0200 (CEST);Wed Sep 11 2019 05:32:20 GMT+0200 (CEST);1568179940000
1380556832687962;9.4;33.3;Wed Sep 11 2019 07:34:12 GMT+0200 (CEST);Wed Sep 11 2019 05:34:12 GMT+0200 (CEST);1568180052000
1380556832687962;9.9;34.2;Wed Sep 11 2019 07:36:44 GMT+0200 (CEST);Wed Sep 11 2019 05:36:44 GMT+0200 (CEST);1568180204000
1380556832687962;9.9;34.5;Wed Sep 11 2019 07:38:44 GMT+0200 (CEST);Wed Sep 11 2019 05:38:44 GMT+0200 (CEST);1568180324000
1380556832687962;11.4;34.4;Wed Sep 11 2019 07:41:09 GMT+0200 (CEST);Wed Sep 11 2019 05:41:09 GMT+0200 (CEST);1568180469000
1380556832687962;11.4;35.2;Wed Sep 11 2019 07:43:03 GMT+0200 (CEST);Wed Sep 11 2019 05:43:03 GMT+0200 (CEST);1568180583000
1380556832687962;11.9;35.3;Wed Sep 11 2019 07:45:01 GMT+0200 (CEST);Wed Sep 11 2019 05:45:01 GMT+0200 (CEST);1568180701000
1380556832687962;11.9;35.3;Wed Sep 11 2019 07:46:55 GMT+0200 (CEST);Wed Sep 11 2019 05:46:55 GMT+0200 (CEST);1568180815000
1380556832687962;11.9;35.6;Wed Sep 11 2019 07:48:47 GMT+0200 (CEST);Wed Sep 11 2019 05:48:47 GMT+0200 (CEST);1568180927000
1380556832687962;11.9;35.6;Wed Sep 11 2019 07:50:40 GMT+0200 (CEST);Wed Sep 11 2019 05:50:40 GMT+0200 (CEST);1568181040000
1380556832687962;11.9;35.6;Wed Sep 11 2019 07:53:17 GMT+0200 (CEST);Wed Sep 11 2019 05:53:17 GMT+0200 (CEST);1568181197000
1380556832687962;12.9;36.6;Wed Sep 11 2019 07:55:35 GMT+0200 (CEST);Wed Sep 11 2019 05:55:35 GMT+0200 (CEST);1568181335000
1380556832687962;12.9;39.7;Wed Sep 11 2019 07:57:28 GMT+0200 (CEST);Wed Sep 11 2019 05:57:28 GMT+0200 (CEST);1568181448000
1380556832687962;13.9;40.4;Wed Sep 11 2019 08:00:06 GMT+0200 (CEST);Wed Sep 11 2019 06:00:06 GMT+0200 (CEST);1568181606000
1380556832687962;13.9;40.4;Wed Sep 11 2019 08:02:01 GMT+0200 (CEST);Wed Sep 11 2019 06:02:01 GMT+0200 (CEST);1568181721000
1380556832687962;17.4;40.4;Wed Sep 11 2019 08:04:09 GMT+0200 (CEST);Wed Sep 11 2019 06:04:09 GMT+0200 (CEST);1568181849000
1380556832687962;17.4;40.4;Wed Sep 11 2019 08:06:07 GMT+0200 (CEST);Wed Sep 11 2019 06:06:07 GMT+0200 (CEST);1568181967000
1380556832687962;17.4;40.4;Wed Sep 11 2019 08:08:04 GMT+0200 (CEST);Wed Sep 11 2019 06:08:04 GMT+0200 (CEST);1568182084000
1380556832687962;17.9;40.4;Wed Sep 11 2019 08:10:35 GMT+0200 (CEST);Wed Sep 11 2019 06:10:35 GMT+0200 (CEST);1568182235000
1380556832687962;17.9;40.4;Wed Sep 11 2019 08:12:29 GMT+0200 (CEST);Wed Sep 11 2019 06:12:29 GMT+0200 (CEST);1568182349000
1380556832687962;19.4;40.4;Wed Sep 11 2019 08:14:23 GMT+0200 (CEST);Wed Sep 11 2019 06:14:23 GMT+0200 (CEST);1568182463000
1380556832687962;19.4;40.4;Wed Sep 11 2019 08:16:23 GMT+0200 (CEST);Wed Sep 11 2019 06:16:23 GMT+0200 (CEST);1568182583000
1380556832687962;19.9;40.4;Wed Sep 11 2019 08:18:17 GMT+0200 (CEST);Wed Sep 11 2019 06:18:17 GMT+0200 (CEST);1568182697000
1380556832687962;19.9;40.4;Wed Sep 11 2019 08:20:49 GMT+0200 (CEST);Wed Sep 11 2019 06:20:49 GMT+0200 (CEST);1568182849000
1380556832687962;21.5;40.4;Wed Sep 11 2019 08:23:25 GMT+0200 (CEST);Wed Sep 11 2019 06:23:25 GMT+0200 (CEST);1568183005000
1380556832687962;21.5;40.4;Wed Sep 11 2019 08:25:32 GMT+0200 (CEST);Wed Sep 11 2019 06:25:32 GMT+0200 (CEST);1568183132000
1380556832687962;21.5;38.9;Wed Sep 11 2019 08:27:25 GMT+0200 (CEST);Wed Sep 11 2019 06:27:25 GMT+0200 (CEST);1568183245000
1380556832687962;21.5;37.5;Wed Sep 11 2019 08:29:20 GMT+0200 (CEST);Wed Sep 11 2019 06:29:20 GMT+0200 (CEST);1568183360000
1380556832687962;21.5;37.5;Wed Sep 11 2019 08:31:41 GMT+0200 (CEST);Wed Sep 11 2019 06:31:41 GMT+0200 (CEST);1568183501000
1380556832687962;21.5;37.5;Wed Sep 11 2019 08:33:40 GMT+0200 (CEST);Wed Sep 11 2019 06:33:40 GMT+0200 (CEST);1568183620000
1380556832687962;21.5;37.5;Wed Sep 11 2019 08:36:06 GMT+0200 (CEST);Wed Sep 11 2019 06:36:06 GMT+0200 (CEST);1568183766000
1380556832687962;21.5;37.6;Wed Sep 11 2019 08:38:05 GMT+0200 (CEST);Wed Sep 11 2019 06:38:05 GMT+0200 (CEST);1568183885000
1380556832687962;21.5;36.7;Wed Sep 11 2019 08:40:55 GMT+0200 (CEST);Wed Sep 11 2019 06:40:55 GMT+0200 (CEST);1568184055000
1380556832687962;21.5;36.7;Wed Sep 11 2019 08:42:47 GMT+0200 (CEST);Wed Sep 11 2019 06:42:47 GMT+0200 (CEST);1568184167000
1380556832687962;21.5;36.7;Wed Sep 11 2019 08:44:51 GMT+0200 (CEST);Wed Sep 11 2019 06:44:51 GMT+0200 (CEST);1568184291000
1380556832687962;21.5;36.7;Wed Sep 11 2019 08:46:54 GMT+0200 (CEST);Wed Sep 11 2019 06:46:54 GMT+0200 (CEST);1568184414000
1380556832687962;22;36.6;Wed Sep 11 2019 08:48:46 GMT+0200 (CEST);Wed Sep 11 2019 06:48:46 GMT+0200 (CEST);1568184526000
1380556832687962;22;36.5;Wed Sep 11 2019 08:50:41 GMT+0200 (CEST);Wed Sep 11 2019 06:50:41 GMT+0200 (CEST);1568184641000
1380556832687962;23;36.5;Wed Sep 11 2019 08:52:35 GMT+0200 (CEST);Wed Sep 11 2019 06:52:35 GMT+0200 (CEST);1568184755000
1380556832687962;23;36.7;Wed Sep 11 2019 08:54:43 GMT+0200 (CEST);Wed Sep 11 2019 06:54:43 GMT+0200 (CEST);1568184883000
1380556832687962;23;36.7;Wed Sep 11 2019 08:56:39 GMT+0200 (CEST);Wed Sep 11 2019 06:56:39 GMT+0200 (CEST);1568184999000
1380556832687962;23;36.7;Wed Sep 11 2019 08:58:39 GMT+0200 (CEST);Wed Sep 11 2019 06:58:39 GMT+0200 (CEST);1568185119000
1380556832687962;23;35.2;Wed Sep 11 2019 09:00:33 GMT+0200 (CEST);Wed Sep 11 2019 07:00:33 GMT+0200 (CEST);1568185233000
1380556832687962;23;35.4;Wed Sep 11 2019 09:02:40 GMT+0200 (CEST);Wed Sep 11 2019 07:02:40 GMT+0200 (CEST);1568185360000
1380556832687962;23;35.9;Wed Sep 11 2019 09:04:34 GMT+0200 (CEST);Wed Sep 11 2019 07:04:34 GMT+0200 (CEST);1568185474000
1380556832687962;23;35.7;Wed Sep 11 2019 09:06:26 GMT+0200 (CEST);Wed Sep 11 2019 07:06:26 GMT+0200 (CEST);1568185586000
1380556832687962;23;35.7;Wed Sep 11 2019 09:08:19 GMT+0200 (CEST);Wed Sep 11 2019 07:08:19 GMT+0200 (CEST);1568185699000
1380556832687962;23;36;Wed Sep 11 2019 09:10:19 GMT+0200 (CEST);Wed Sep 11 2019 07:10:19 GMT+0200 (CEST);1568185819000
1380556832687962;25.5;35.9;Wed Sep 11 2019 09:12:16 GMT+0200 (CEST);Wed Sep 11 2019 07:12:16 GMT+0200 (CEST);1568185936000
1380556832687962;25.5;35.8;Wed Sep 11 2019 09:14:11 GMT+0200 (CEST);Wed Sep 11 2019 07:14:11 GMT+0200 (CEST);1568186051000
1380556832687962;26;35.6;Wed Sep 11 2019 09:16:04 GMT+0200 (CEST);Wed Sep 11 2019 07:16:04 GMT+0200 (CEST);1568186164000
1380556832687962;26;35.5;Wed Sep 11 2019 09:18:09 GMT+0200 (CEST);Wed Sep 11 2019 07:18:09 GMT+0200 (CEST);1568186289000
1380556832687962;26;35.6;Wed Sep 11 2019 09:20:30 GMT+0200 (CEST);Wed Sep 11 2019 07:20:30 GMT+0200 (CEST);1568186430000
1380556832687962;26;35.4;Wed Sep 11 2019 09:22:37 GMT+0200 (CEST);Wed Sep 11 2019 07:22:37 GMT+0200 (CEST);1568186557000
1380556832687962;26;35.3;Wed Sep 11 2019 09:24:30 GMT+0200 (CEST);Wed Sep 11 2019 07:24:30 GMT+0200 (CEST);1568186670000
1380556832687962;27.5;35.3;Wed Sep 11 2019 09:26:27 GMT+0200 (CEST);Wed Sep 11 2019 07:26:27 GMT+0200 (CEST);1568186787000
1380556832687962;27.5;35.3;Wed Sep 11 2019 09:28:19 GMT+0200 (CEST);Wed Sep 11 2019 07:28:19 GMT+0200 (CEST);1568186899000
1380556832687962;29.5;35;Wed Sep 11 2019 09:30:47 GMT+0200 (CEST);Wed Sep 11 2019 07:30:47 GMT+0200 (CEST);1568187047000
1380556832687962;29.5;35;Wed Sep 11 2019 09:33:18 GMT+0200 (CEST);Wed Sep 11 2019 07:33:18 GMT+0200 (CEST);1568187198000
1380556832687962;29.5;35;Wed Sep 11 2019 09:35:35 GMT+0200 (CEST);Wed Sep 11 2019 07:35:35 GMT+0200 (CEST);1568187335000
1380556832687962;29.5;34.7;Wed Sep 11 2019 09:38:10 GMT+0200 (CEST);Wed Sep 11 2019 07:38:10 GMT+0200 (CEST);1568187490000
1380556832687962;30;34.6;Wed Sep 11 2019 09:40:55 GMT+0200 (CEST);Wed Sep 11 2019 07:40:55 GMT+0200 (CEST);1568187655000
1380556832687962;30;34.6;Wed Sep 11 2019 09:42:58 GMT+0200 (CEST);Wed Sep 11 2019 07:42:58 GMT+0200 (CEST);1568187778000
1380556832687962;31;34.6;Wed Sep 11 2019 09:45:32 GMT+0200 (CEST);Wed Sep 11 2019 07:45:32 GMT+0200 (CEST);1568187932000
1380556832687962;31;34.6;Wed Sep 11 2019 09:47:28 GMT+0200 (CEST);Wed Sep 11 2019 07:47:28 GMT+0200 (CEST);1568188048000
1380556832687962;31.5;34.3;Wed Sep 11 2019 09:49:35 GMT+0200 (CEST);Wed Sep 11 2019 07:49:35 GMT+0200 (CEST);1568188175000
1380556832687962;31.5;34.3;Wed Sep 11 2019 09:51:34 GMT+0200 (CEST);Wed Sep 11 2019 07:51:34 GMT+0200 (CEST);1568188294000
1380556832687962;31.5;34.3;Wed Sep 11 2019 09:53:52 GMT+0200 (CEST);Wed Sep 11 2019 07:53:52 GMT+0200 (CEST);1568188432000
1380556832687962;31.5;34.3;Wed Sep 11 2019 09:55:57 GMT+0200 (CEST);Wed Sep 11 2019 07:55:57 GMT+0200 (CEST);1568188557000
1380556832687962;31.5;34;Wed Sep 11 2019 09:57:57 GMT+0200 (CEST);Wed Sep 11 2019 07:57:57 GMT+0200 (CEST);1568188677000
1380556832687962;33.5;34;Wed Sep 11 2019 10:00:36 GMT+0200 (CEST);Wed Sep 11 2019 08:00:36 GMT+0200 (CEST);1568188836000
1380556832687962;33.5;34;Wed Sep 11 2019 10:02:33 GMT+0200 (CEST);Wed Sep 11 2019 08:02:33 GMT+0200 (CEST);1568188953000
1380556832687962;33.5;34;Wed Sep 11 2019 10:04:54 GMT+0200 (CEST);Wed Sep 11 2019 08:04:54 GMT+0200 (CEST);1568189094000
1380556832687962;33.5;34.1;Wed Sep 11 2019 10:06:50 GMT+0200 (CEST);Wed Sep 11 2019 08:06:50 GMT+0200 (CEST);1568189210000
1380556832687962;34;34;Wed Sep 11 2019 10:08:45 GMT+0200 (CEST);Wed Sep 11 2019 08:08:45 GMT+0200 (CEST);1568189325000
1380556832687962;34;33.8;Wed Sep 11 2019 10:10:38 GMT+0200 (CEST);Wed Sep 11 2019 08:10:38 GMT+0200 (CEST);1568189438000
1380556832687962;35.6;33.8;Wed Sep 11 2019 10:12:38 GMT+0200 (CEST);Wed Sep 11 2019 08:12:38 GMT+0200 (CEST);1568189558000
1380556832687962;35.6;33.8;Wed Sep 11 2019 10:14:33 GMT+0200 (CEST);Wed Sep 11 2019 08:14:33 GMT+0200 (CEST);1568189673000
1380556832687962;35.6;34;Wed Sep 11 2019 10:16:26 GMT+0200 (CEST);Wed Sep 11 2019 08:16:26 GMT+0200 (CEST);1568189786000
1380556832687962;35.6;33.9;Wed Sep 11 2019 10:18:19 GMT+0200 (CEST);Wed Sep 11 2019 08:18:19 GMT+0200 (CEST);1568189899000
1380556832687962;35.6;33.8;Wed Sep 11 2019 10:20:35 GMT+0200 (CEST);Wed Sep 11 2019 08:20:35 GMT+0200 (CEST);1568190035000
1380556832687962;35.6;33.4;Wed Sep 11 2019 10:22:31 GMT+0200 (CEST);Wed Sep 11 2019 08:22:31 GMT+0200 (CEST);1568190151000
1380556832687962;35.6;33.4;Wed Sep 11 2019 10:24:24 GMT+0200 (CEST);Wed Sep 11 2019 08:24:24 GMT+0200 (CEST);1568190264000
1380556832687962;35.6;33.4;Wed Sep 11 2019 10:26:23 GMT+0200 (CEST);Wed Sep 11 2019 08:26:23 GMT+0200 (CEST);1568190383000
1380556832687962;37.1;33.6;Wed Sep 11 2019 10:28:30 GMT+0200 (CEST);Wed Sep 11 2019 08:28:30 GMT+0200 (CEST);1568190510000
1380556832687962;37.1;33.6;Wed Sep 11 2019 10:30:27 GMT+0200 (CEST);Wed Sep 11 2019 08:30:27 GMT+0200 (CEST);1568190627000
1380556832687962;37.1;33.3;Wed Sep 11 2019 10:32:40 GMT+0200 (CEST);Wed Sep 11 2019 08:32:40 GMT+0200 (CEST);1568190760000
1380556832687962;37.1;33.3;Wed Sep 11 2019 10:34:42 GMT+0200 (CEST);Wed Sep 11 2019 08:34:42 GMT+0200 (CEST);1568190882000
1380556832687962;37.6;32.9;Wed Sep 11 2019 10:37:22 GMT+0200 (CEST);Wed Sep 11 2019 08:37:22 GMT+0200 (CEST);1568191042000
1380556832687962;37.6;33.3;Wed Sep 11 2019 10:39:15 GMT+0200 (CEST);Wed Sep 11 2019 08:39:15 GMT+0200 (CEST);1568191155000
1380556832687962;37.6;33.4;Wed Sep 11 2019 10:41:32 GMT+0200 (CEST);Wed Sep 11 2019 08:41:32 GMT+0200 (CEST);1568191292000
1380556832687962;37.6;33.4;Wed Sep 11 2019 10:43:28 GMT+0200 (CEST);Wed Sep 11 2019 08:43:28 GMT+0200 (CEST);1568191408000
1380556832687962;37.6;33;Wed Sep 11 2019 10:45:29 GMT+0200 (CEST);Wed Sep 11 2019 08:45:29 GMT+0200 (CEST);1568191529000
1380556832687962;38.1;33;Wed Sep 11 2019 10:47:22 GMT+0200 (CEST);Wed Sep 11 2019 08:47:22 GMT+0200 (CEST);1568191642000
1380556832687962;38.1;32.9;Wed Sep 11 2019 10:49:22 GMT+0200 (CEST);Wed Sep 11 2019 08:49:22 GMT+0200 (CEST);1568191762000
1380556832687962;39.1;32.9;Wed Sep 11 2019 10:51:34 GMT+0200 (CEST);Wed Sep 11 2019 08:51:34 GMT+0200 (CEST);1568191894000
1380556832687962;39.1;33;Wed Sep 11 2019 10:53:27 GMT+0200 (CEST);Wed Sep 11 2019 08:53:27 GMT+0200 (CEST);1568192007000
1380556832687962;39.1;32.8;Wed Sep 11 2019 10:55:32 GMT+0200 (CEST);Wed Sep 11 2019 08:55:32 GMT+0200 (CEST);1568192132000
1380556832687962;39.1;32.6;Wed Sep 11 2019 10:57:24 GMT+0200 (CEST);Wed Sep 11 2019 08:57:24 GMT+0200 (CEST);1568192244000
1380556832687962;39.1;32.6;Wed Sep 11 2019 10:59:17 GMT+0200 (CEST);Wed Sep 11 2019 08:59:17 GMT+0200 (CEST);1568192357000
1380556832687962;41.6;32.6;Wed Sep 11 2019 11:01:19 GMT+0200 (CEST);Wed Sep 11 2019 09:01:19 GMT+0200 (CEST);1568192479000
1380556832687962;41.6;32.6;Wed Sep 11 2019 11:03:15 GMT+0200 (CEST);Wed Sep 11 2019 09:03:15 GMT+0200 (CEST);1568192595000
1380556832687962;41.6;32.6;Wed Sep 11 2019 11:05:11 GMT+0200 (CEST);Wed Sep 11 2019 09:05:11 GMT+0200 (CEST);1568192711000
1380556832687962;41.6;32.6;Wed Sep 11 2019 11:07:05 GMT+0200 (CEST);Wed Sep 11 2019 09:07:05 GMT+0200 (CEST);1568192825000
1380556832687962;41.6;32.6;Wed Sep 11 2019 11:08:59 GMT+0200 (CEST);Wed Sep 11 2019 09:08:59 GMT+0200 (CEST);1568192939000
1380556832687962;41.6;32.5;Wed Sep 11 2019 11:11:00 GMT+0200 (CEST);Wed Sep 11 2019 09:11:00 GMT+0200 (CEST);1568193060000
1380556832687962;41.6;32.3;Wed Sep 11 2019 11:12:53 GMT+0200 (CEST);Wed Sep 11 2019 09:12:53 GMT+0200 (CEST);1568193173000
1380556832687962;41.6;32.3;Wed Sep 11 2019 11:14:45 GMT+0200 (CEST);Wed Sep 11 2019 09:14:45 GMT+0200 (CEST);1568193285000
1380556832687962;41.6;32.3;Wed Sep 11 2019 11:16:47 GMT+0200 (CEST);Wed Sep 11 2019 09:16:47 GMT+0200 (CEST);1568193407000
1380556832687962;41.6;32.3;Wed Sep 11 2019 11:18:40 GMT+0200 (CEST);Wed Sep 11 2019 09:18:40 GMT+0200 (CEST);1568193520000
1380556832687962;41.6;32.3;Wed Sep 11 2019 11:21:22 GMT+0200 (CEST);Wed Sep 11 2019 09:21:22 GMT+0200 (CEST);1568193682000
1380556832687962;41.6;32.3;Wed Sep 11 2019 11:23:21 GMT+0200 (CEST);Wed Sep 11 2019 09:23:21 GMT+0200 (CEST);1568193801000
1380556832687962;43.6;32.3;Wed Sep 11 2019 11:25:35 GMT+0200 (CEST);Wed Sep 11 2019 09:25:35 GMT+0200 (CEST);1568193935000
1380556832687962;43.6;32.3;Wed Sep 11 2019 11:27:46 GMT+0200 (CEST);Wed Sep 11 2019 09:27:46 GMT+0200 (CEST);1568194066000
1380556832687962;43.6;32.3;Wed Sep 11 2019 11:29:39 GMT+0200 (CEST);Wed Sep 11 2019 09:29:39 GMT+0200 (CEST);1568194179000
1380556832687962;43.6;32.3;Wed Sep 11 2019 11:31:46 GMT+0200 (CEST);Wed Sep 11 2019 09:31:46 GMT+0200 (CEST);1568194306000
1380556832687962;43.6;32.3;Wed Sep 11 2019 11:33:50 GMT+0200 (CEST);Wed Sep 11 2019 09:33:50 GMT+0200 (CEST);1568194430000
1380556832687962;43.6;32.3;Wed Sep 11 2019 11:35:46 GMT+0200 (CEST);Wed Sep 11 2019 09:35:46 GMT+0200 (CEST);1568194546000
1380556832687962;43.6;32.3;Wed Sep 11 2019 11:37:39 GMT+0200 (CEST);Wed Sep 11 2019 09:37:39 GMT+0200 (CEST);1568194659000
1380556832687962;43.6;32.3;Wed Sep 11 2019 11:39:39 GMT+0200 (CEST);Wed Sep 11 2019 09:39:39 GMT+0200 (CEST);1568194779000
1380556832687962;43.6;32.2;Wed Sep 11 2019 11:41:32 GMT+0200 (CEST);Wed Sep 11 2019 09:41:32 GMT+0200 (CEST);1568194892000
1380556832687962;43.6;32.1;Wed Sep 11 2019 11:43:38 GMT+0200 (CEST);Wed Sep 11 2019 09:43:38 GMT+0200 (CEST);1568195018000
1380556832687962;43.6;32;Wed Sep 11 2019 11:45:35 GMT+0200 (CEST);Wed Sep 11 2019 09:45:35 GMT+0200 (CEST);1568195135000
1380556832687962;43.6;32;Wed Sep 11 2019 11:47:30 GMT+0200 (CEST);Wed Sep 11 2019 09:47:30 GMT+0200 (CEST);1568195250000
1380556832687962;43.6;32.1;Wed Sep 11 2019 11:49:23 GMT+0200 (CEST);Wed Sep 11 2019 09:49:23 GMT+0200 (CEST);1568195363000
1380556832687962;43.6;32.2;Wed Sep 11 2019 11:51:19 GMT+0200 (CEST);Wed Sep 11 2019 09:51:19 GMT+0200 (CEST);1568195479000
1380556832687962;43.6;32.4;Wed Sep 11 2019 11:53:12 GMT+0200 (CEST);Wed Sep 11 2019 09:53:12 GMT+0200 (CEST);1568195592000
1380556832687962;43.6;32.5;Wed Sep 11 2019 11:56:27 GMT+0200 (CEST);Wed Sep 11 2019 09:56:27 GMT+0200 (CEST);1568195787000
1380556832687962;43.6;32.2;Wed Sep 11 2019 11:58:28 GMT+0200 (CEST);Wed Sep 11 2019 09:58:28 GMT+0200 (CEST);1568195908000
1380556832687962;43.6;32.2;Wed Sep 11 2019 12:00:28 GMT+0200 (CEST);Wed Sep 11 2019 10:00:28 GMT+0200 (CEST);1568196028000
1380556832687962;43.6;32;Wed Sep 11 2019 12:02:30 GMT+0200 (CEST);Wed Sep 11 2019 10:02:30 GMT+0200 (CEST);1568196150000
1380556832687962;43.6;31.9;Wed Sep 11 2019 12:04:30 GMT+0200 (CEST);Wed Sep 11 2019 10:04:30 GMT+0200 (CEST);1568196270000
1380556832687962;43.6;31.9;Wed Sep 11 2019 12:06:22 GMT+0200 (CEST);Wed Sep 11 2019 10:06:22 GMT+0200 (CEST);1568196382000
1380556832687962;43.6;31.8;Wed Sep 11 2019 12:08:15 GMT+0200 (CEST);Wed Sep 11 2019 10:08:15 GMT+0200 (CEST);1568196495000
1380556832687962;43.6;32.5;Wed Sep 11 2019 12:10:49 GMT+0200 (CEST);Wed Sep 11 2019 10:10:49 GMT+0200 (CEST);1568196649000
1380556832687962;43.6;32.5;Wed Sep 11 2019 12:13:04 GMT+0200 (CEST);Wed Sep 11 2019 10:13:04 GMT+0200 (CEST);1568196784000
1380556832687962;43.6;32.3;Wed Sep 11 2019 12:15:29 GMT+0200 (CEST);Wed Sep 11 2019 10:15:29 GMT+0200 (CEST);1568196929000
1380556832687962;45.6;31.8;Wed Sep 11 2019 12:17:30 GMT+0200 (CEST);Wed Sep 11 2019 10:17:30 GMT+0200 (CEST);1568197050000
1380556832687962;45.6;31.3;Wed Sep 11 2019 12:19:46 GMT+0200 (CEST);Wed Sep 11 2019 10:19:46 GMT+0200 (CEST);1568197186000
1380556832687962;45.6;32.3;Wed Sep 11 2019 12:21:49 GMT+0200 (CEST);Wed Sep 11 2019 10:21:49 GMT+0200 (CEST);1568197309000
1380556832687962;46.1;31.7;Wed Sep 11 2019 12:23:42 GMT+0200 (CEST);Wed Sep 11 2019 10:23:42 GMT+0200 (CEST);1568197422000
1380556832687962;46.1;30.8;Wed Sep 11 2019 12:25:41 GMT+0200 (CEST);Wed Sep 11 2019 10:25:41 GMT+0200 (CEST);1568197541000
1380556832687962;46.1;31.9;Wed Sep 11 2019 12:27:57 GMT+0200 (CEST);Wed Sep 11 2019 10:27:57 GMT+0200 (CEST);1568197677000
1380556832687962;46.1;31.9;Wed Sep 11 2019 12:30:30 GMT+0200 (CEST);Wed Sep 11 2019 10:30:30 GMT+0200 (CEST);1568197830000
1380556832687962;46.1;32.3;Wed Sep 11 2019 12:32:23 GMT+0200 (CEST);Wed Sep 11 2019 10:32:23 GMT+0200 (CEST);1568197943000
1380556832687962;45.6;31.9;Wed Sep 11 2019 12:34:19 GMT+0200 (CEST);Wed Sep 11 2019 10:34:19 GMT+0200 (CEST);1568198059000
1380556832687962;45.6;30.9;Wed Sep 11 2019 12:36:21 GMT+0200 (CEST);Wed Sep 11 2019 10:36:21 GMT+0200 (CEST);1568198181000
1380556832687962;45.6;31.5;Wed Sep 11 2019 12:38:15 GMT+0200 (CEST);Wed Sep 11 2019 10:38:15 GMT+0200 (CEST);1568198295000
1380556832687962;45.6;30.8;Wed Sep 11 2019 12:41:08 GMT+0200 (CEST);Wed Sep 11 2019 10:41:08 GMT+0200 (CEST);1568198468000
1380556832687962;45.6;32.2;Wed Sep 11 2019 12:43:17 GMT+0200 (CEST);Wed Sep 11 2019 10:43:17 GMT+0200 (CEST);1568198597000
1380556832687962;45.6;31.2;Wed Sep 11 2019 12:45:30 GMT+0200 (CEST);Wed Sep 11 2019 10:45:30 GMT+0200 (CEST);1568198730000
1380556832687962;45.6;31;Wed Sep 11 2019 12:47:13 GMT+0200 (CEST);Wed Sep 11 2019 10:47:13 GMT+0200 (CEST);1568198833000
1380556832687962;45.6;31.4;Wed Sep 11 2019 12:49:38 GMT+0200 (CEST);Wed Sep 11 2019 10:49:38 GMT+0200 (CEST);1568198978000
1380556832687962;46.1;31.3;Wed Sep 11 2019 12:52:06 GMT+0200 (CEST);Wed Sep 11 2019 10:52:06 GMT+0200 (CEST);1568199126000
1380556832687962;46.1;32.9;Wed Sep 11 2019 12:54:22 GMT+0200 (CEST);Wed Sep 11 2019 10:54:22 GMT+0200 (CEST);1568199262000
1380556832687962;47.6;32.8;Wed Sep 11 2019 12:56:15 GMT+0200 (CEST);Wed Sep 11 2019 10:56:15 GMT+0200 (CEST);1568199375000
1380556832687962;47.6;32.8;Wed Sep 11 2019 12:58:08 GMT+0200 (CEST);Wed Sep 11 2019 10:58:08 GMT+0200 (CEST);1568199488000
1380556832687962;47.6;33.5;Wed Sep 11 2019 13:00:34 GMT+0200 (CEST);Wed Sep 11 2019 11:00:34 GMT+0200 (CEST);1568199634000
1380556832687962;47.6;33.2;Wed Sep 11 2019 13:02:31 GMT+0200 (CEST);Wed Sep 11 2019 11:02:31 GMT+0200 (CEST);1568199751000
1380556832687962;47.6;33.4;Wed Sep 11 2019 13:04:24 GMT+0200 (CEST);Wed Sep 11 2019 11:04:24 GMT+0200 (CEST);1568199864000
1380556832687962;46.1;33.1;Wed Sep 11 2019 13:06:22 GMT+0200 (CEST);Wed Sep 11 2019 11:06:22 GMT+0200 (CEST);1568199982000
1380556832687962;46.1;33.5;Wed Sep 11 2019 13:08:28 GMT+0200 (CEST);Wed Sep 11 2019 11:08:28 GMT+0200 (CEST);1568200108000
1380556832687962;46.1;33.1;Wed Sep 11 2019 13:10:35 GMT+0200 (CEST);Wed Sep 11 2019 11:10:35 GMT+0200 (CEST);1568200235000
1380556832687962;46.1;33.3;Wed Sep 11 2019 13:12:40 GMT+0200 (CEST);Wed Sep 11 2019 11:12:40 GMT+0200 (CEST);1568200360000
1380556832687962;46.1;33.1;Wed Sep 11 2019 13:14:56 GMT+0200 (CEST);Wed Sep 11 2019 11:14:56 GMT+0200 (CEST);1568200496000
1380556832687962;46.1;32.8;Wed Sep 11 2019 13:16:53 GMT+0200 (CEST);Wed Sep 11 2019 11:16:53 GMT+0200 (CEST);1568200613000
1380556832687962;46.1;32.8;Wed Sep 11 2019 13:18:46 GMT+0200 (CEST);Wed Sep 11 2019 11:18:46 GMT+0200 (CEST);1568200726000
1380556832687962;46.1;32.6;Wed Sep 11 2019 13:20:41 GMT+0200 (CEST);Wed Sep 11 2019 11:20:41 GMT+0200 (CEST);1568200841000
1380556832687962;46.1;32.7;Wed Sep 11 2019 13:22:55 GMT+0200 (CEST);Wed Sep 11 2019 11:22:55 GMT+0200 (CEST);1568200975000
1380556832687962;46.1;32.7;Wed Sep 11 2019 13:24:49 GMT+0200 (CEST);Wed Sep 11 2019 11:24:49 GMT+0200 (CEST);1568201089000
1380556832687962;46.1;32.4;Wed Sep 11 2019 13:26:42 GMT+0200 (CEST);Wed Sep 11 2019 11:26:42 GMT+0200 (CEST);1568201202000
1380556832687962;46.1;32.5;Wed Sep 11 2019 13:28:35 GMT+0200 (CEST);Wed Sep 11 2019 11:28:35 GMT+0200 (CEST);1568201315000
1380556832687962;49.7;32.4;Wed Sep 11 2019 13:31:06 GMT+0200 (CEST);Wed Sep 11 2019 11:31:06 GMT+0200 (CEST);1568201466000
1380556832687962;49.7;32.8;Wed Sep 11 2019 13:32:59 GMT+0200 (CEST);Wed Sep 11 2019 11:32:59 GMT+0200 (CEST);1568201579000
1380556832687962;47.6;32.8;Wed Sep 11 2019 13:35:29 GMT+0200 (CEST);Wed Sep 11 2019 11:35:29 GMT+0200 (CEST);1568201729000
1380556832687962;47.6;32.9;Wed Sep 11 2019 13:37:30 GMT+0200 (CEST);Wed Sep 11 2019 11:37:30 GMT+0200 (CEST);1568201850000
1380556832687962;47.6;32.6;Wed Sep 11 2019 13:39:23 GMT+0200 (CEST);Wed Sep 11 2019 11:39:23 GMT+0200 (CEST);1568201963000
1380556832687962;47.6;32.9;Wed Sep 11 2019 13:41:16 GMT+0200 (CEST);Wed Sep 11 2019 11:41:16 GMT+0200 (CEST);1568202076000
1380556832687962;47.6;32.9;Wed Sep 11 2019 13:43:11 GMT+0200 (CEST);Wed Sep 11 2019 11:43:11 GMT+0200 (CEST);1568202191000
1380556832687962;47.6;32.8;Wed Sep 11 2019 13:45:33 GMT+0200 (CEST);Wed Sep 11 2019 11:45:33 GMT+0200 (CEST);1568202333000
1380556832687962;47.6;32.6;Wed Sep 11 2019 13:47:41 GMT+0200 (CEST);Wed Sep 11 2019 11:47:41 GMT+0200 (CEST);1568202461000
1380556832687962;47.6;32.6;Wed Sep 11 2019 13:49:35 GMT+0200 (CEST);Wed Sep 11 2019 11:49:35 GMT+0200 (CEST);1568202575000
1380556832687962;47.6;32.6;Wed Sep 11 2019 13:51:28 GMT+0200 (CEST);Wed Sep 11 2019 11:51:28 GMT+0200 (CEST);1568202688000
1380556832687962;47.6;32.7;Wed Sep 11 2019 13:53:57 GMT+0200 (CEST);Wed Sep 11 2019 11:53:57 GMT+0200 (CEST);1568202837000
1380556832687962;48.2;32.7;Wed Sep 11 2019 13:55:59 GMT+0200 (CEST);Wed Sep 11 2019 11:55:59 GMT+0200 (CEST);1568202959000
1380556832687962;48.2;32.6;Wed Sep 11 2019 13:57:59 GMT+0200 (CEST);Wed Sep 11 2019 11:57:59 GMT+0200 (CEST);1568203079000
1380556832687962;48.2;32.6;Wed Sep 11 2019 13:59:55 GMT+0200 (CEST);Wed Sep 11 2019 11:59:55 GMT+0200 (CEST);1568203195000
1380556832687962;48.2;32.8;Wed Sep 11 2019 14:02:12 GMT+0200 (CEST);Wed Sep 11 2019 12:02:12 GMT+0200 (CEST);1568203332000
1380556832687962;48.2;32.9;Wed Sep 11 2019 14:04:04 GMT+0200 (CEST);Wed Sep 11 2019 12:04:04 GMT+0200 (CEST);1568203444000
1380556832687962;48.2;32.9;Wed Sep 11 2019 14:06:08 GMT+0200 (CEST);Wed Sep 11 2019 12:06:08 GMT+0200 (CEST);1568203568000
1380556832687962;48.2;32.9;Wed Sep 11 2019 14:08:03 GMT+0200 (CEST);Wed Sep 11 2019 12:08:03 GMT+0200 (CEST);1568203683000
1380556832687962;48.2;33.1;Wed Sep 11 2019 14:10:46 GMT+0200 (CEST);Wed Sep 11 2019 12:10:46 GMT+0200 (CEST);1568203846000
1380556832687962;48.2;33;Wed Sep 11 2019 14:12:40 GMT+0200 (CEST);Wed Sep 11 2019 12:12:40 GMT+0200 (CEST);1568203960000
1380556832687962;47.6;32.9;Wed Sep 11 2019 14:14:34 GMT+0200 (CEST);Wed Sep 11 2019 12:14:34 GMT+0200 (CEST);1568204074000
1380556832687962;47.6;32.8;Wed Sep 11 2019 14:17:10 GMT+0200 (CEST);Wed Sep 11 2019 12:17:10 GMT+0200 (CEST);1568204230000
1380556832687962;47.6;32.7;Wed Sep 11 2019 14:19:03 GMT+0200 (CEST);Wed Sep 11 2019 12:19:03 GMT+0200 (CEST);1568204343000
1380556832687962;47.6;32.9;Wed Sep 11 2019 14:20:58 GMT+0200 (CEST);Wed Sep 11 2019 12:20:58 GMT+0200 (CEST);1568204458000
1380556832687962;47.6;32.9;Wed Sep 11 2019 14:23:07 GMT+0200 (CEST);Wed Sep 11 2019 12:23:07 GMT+0200 (CEST);1568204587000
1380556832687962;47.6;32.7;Wed Sep 11 2019 14:25:13 GMT+0200 (CEST);Wed Sep 11 2019 12:25:13 GMT+0200 (CEST);1568204713000
1380556832687962;47.6;32.3;Wed Sep 11 2019 14:27:12 GMT+0200 (CEST);Wed Sep 11 2019 12:27:12 GMT+0200 (CEST);1568204832000
1380556832687962;47.6;32.3;Wed Sep 11 2019 14:29:06 GMT+0200 (CEST);Wed Sep 11 2019 12:29:06 GMT+0200 (CEST);1568204946000
1380556832687962;47.6;32.1;Wed Sep 11 2019 14:31:44 GMT+0200 (CEST);Wed Sep 11 2019 12:31:44 GMT+0200 (CEST);1568205104000
1380556832687962;47.6;32.8;Wed Sep 11 2019 14:34:39 GMT+0200 (CEST);Wed Sep 11 2019 12:34:39 GMT+0200 (CEST);1568205279000
1380556832687962;47.6;32.9;Wed Sep 11 2019 14:36:36 GMT+0200 (CEST);Wed Sep 11 2019 12:36:36 GMT+0200 (CEST);1568205396000
1380556832687962;47.6;32.8;Wed Sep 11 2019 14:38:57 GMT+0200 (CEST);Wed Sep 11 2019 12:38:57 GMT+0200 (CEST);1568205537000
1380556832687962;47.6;32.8;Wed Sep 11 2019 14:41:32 GMT+0200 (CEST);Wed Sep 11 2019 12:41:32 GMT+0200 (CEST);1568205692000
1380556832687962;46.1;32.5;Wed Sep 11 2019 14:43:24 GMT+0200 (CEST);Wed Sep 11 2019 12:43:24 GMT+0200 (CEST);1568205804000
1380556832687962;46.1;32.8;Wed Sep 11 2019 14:45:29 GMT+0200 (CEST);Wed Sep 11 2019 12:45:29 GMT+0200 (CEST);1568205929000
1380556832687962;46.1;32.8;Wed Sep 11 2019 14:47:32 GMT+0200 (CEST);Wed Sep 11 2019 12:47:32 GMT+0200 (CEST);1568206052000
1380556832687962;46.1;33.2;Wed Sep 11 2019 14:49:29 GMT+0200 (CEST);Wed Sep 11 2019 12:49:29 GMT+0200 (CEST);1568206169000
1380556832687962;46.1;33.1;Wed Sep 11 2019 14:51:22 GMT+0200 (CEST);Wed Sep 11 2019 12:51:22 GMT+0200 (CEST);1568206282000
1380556832687962;46.1;32.8;Wed Sep 11 2019 14:53:33 GMT+0200 (CEST);Wed Sep 11 2019 12:53:33 GMT+0200 (CEST);1568206413000
1380556832687962;46.1;32.7;Wed Sep 11 2019 14:55:41 GMT+0200 (CEST);Wed Sep 11 2019 12:55:41 GMT+0200 (CEST);1568206541000
1380556832687962;45.6;32.7;Wed Sep 11 2019 14:57:35 GMT+0200 (CEST);Wed Sep 11 2019 12:57:35 GMT+0200 (CEST);1568206655000
1380556832687962;45.6;32.9;Wed Sep 11 2019 14:59:28 GMT+0200 (CEST);Wed Sep 11 2019 12:59:28 GMT+0200 (CEST);1568206768000
1380556832687962;46.1;32.6;Wed Sep 11 2019 15:02:01 GMT+0200 (CEST);Wed Sep 11 2019 13:02:01 GMT+0200 (CEST);1568206921000
1380556832687962;46.1;32.5;Wed Sep 11 2019 15:03:57 GMT+0200 (CEST);Wed Sep 11 2019 13:03:57 GMT+0200 (CEST);1568207037000
1380556832687962;46.1;32.7;Wed Sep 11 2019 15:05:55 GMT+0200 (CEST);Wed Sep 11 2019 13:05:55 GMT+0200 (CEST);1568207155000
1380556832687962;46.1;32.7;Wed Sep 11 2019 15:07:48 GMT+0200 (CEST);Wed Sep 11 2019 13:07:48 GMT+0200 (CEST);1568207268000
1380556832687962;46.1;32.6;Wed Sep 11 2019 15:09:42 GMT+0200 (CEST);Wed Sep 11 2019 13:09:42 GMT+0200 (CEST);1568207382000
1380556832687962;46.1;32.4;Wed Sep 11 2019 15:11:38 GMT+0200 (CEST);Wed Sep 11 2019 13:11:38 GMT+0200 (CEST);1568207498000
1380556832687962;46.1;32;Wed Sep 11 2019 15:13:31 GMT+0200 (CEST);Wed Sep 11 2019 13:13:31 GMT+0200 (CEST);1568207611000
1380556832687962;46.1;32.7;Wed Sep 11 2019 15:15:31 GMT+0200 (CEST);Wed Sep 11 2019 13:15:31 GMT+0200 (CEST);1568207731000
1380556832687962;46.1;32.3;Wed Sep 11 2019 15:17:24 GMT+0200 (CEST);Wed Sep 11 2019 13:17:24 GMT+0200 (CEST);1568207844000
1380556832687962;46.1;32.1;Wed Sep 11 2019 15:19:18 GMT+0200 (CEST);Wed Sep 11 2019 13:19:18 GMT+0200 (CEST);1568207958000
1380556832687962;44.1;32.1;Wed Sep 11 2019 15:21:21 GMT+0200 (CEST);Wed Sep 11 2019 13:21:21 GMT+0200 (CEST);1568208081000
1380556832687962;44.1;32.9;Wed Sep 11 2019 15:23:16 GMT+0200 (CEST);Wed Sep 11 2019 13:23:16 GMT+0200 (CEST);1568208196000
1380556832687962;44.1;33.1;Wed Sep 11 2019 15:25:44 GMT+0200 (CEST);Wed Sep 11 2019 13:25:44 GMT+0200 (CEST);1568208344000
1380556832687962;44.1;32.7;Wed Sep 11 2019 15:27:37 GMT+0200 (CEST);Wed Sep 11 2019 13:27:37 GMT+0200 (CEST);1568208457000
1380556832687962;44.1;32.4;Wed Sep 11 2019 15:29:30 GMT+0200 (CEST);Wed Sep 11 2019 13:29:30 GMT+0200 (CEST);1568208570000
1380556832687962;45.6;32.5;Wed Sep 11 2019 15:31:53 GMT+0200 (CEST);Wed Sep 11 2019 13:31:53 GMT+0200 (CEST);1568208713000
1380556832687962;45.6;32.1;Wed Sep 11 2019 15:33:45 GMT+0200 (CEST);Wed Sep 11 2019 13:33:45 GMT+0200 (CEST);1568208825000
1380556832687962;45.6;31;Wed Sep 11 2019 15:36:11 GMT+0200 (CEST);Wed Sep 11 2019 13:36:11 GMT+0200 (CEST);1568208971000
1380556832687962;45.6;31;Wed Sep 11 2019 15:38:03 GMT+0200 (CEST);Wed Sep 11 2019 13:38:03 GMT+0200 (CEST);1568209083000
1380556832687962;43.6;32.8;Wed Sep 11 2019 15:40:51 GMT+0200 (CEST);Wed Sep 11 2019 13:40:51 GMT+0200 (CEST);1568209251000
1380556832687962;43.6;32.9;Wed Sep 11 2019 15:42:43 GMT+0200 (CEST);Wed Sep 11 2019 13:42:43 GMT+0200 (CEST);1568209363000
1380556832687962;43.6;32.9;Wed Sep 11 2019 15:44:38 GMT+0200 (CEST);Wed Sep 11 2019 13:44:38 GMT+0200 (CEST);1568209478000
1380556832687962;43.6;31.5;Wed Sep 11 2019 15:47:10 GMT+0200 (CEST);Wed Sep 11 2019 13:47:10 GMT+0200 (CEST);1568209630000
1380556832687962;41.6;30.9;Wed Sep 11 2019 15:49:06 GMT+0200 (CEST);Wed Sep 11 2019 13:49:06 GMT+0200 (CEST);1568209746000
1380556832687962;41.6;31.5;Wed Sep 11 2019 15:51:02 GMT+0200 (CEST);Wed Sep 11 2019 13:51:02 GMT+0200 (CEST);1568209862000
1380556832687962;41.6;31.8;Wed Sep 11 2019 15:52:55 GMT+0200 (CEST);Wed Sep 11 2019 13:52:55 GMT+0200 (CEST);1568209975000
1380556832687962;41.6;32.5;Wed Sep 11 2019 15:55:47 GMT+0200 (CEST);Wed Sep 11 2019 13:55:47 GMT+0200 (CEST);1568210147000
1380556832687962;41.6;34.5;Wed Sep 11 2019 15:57:52 GMT+0200 (CEST);Wed Sep 11 2019 13:57:52 GMT+0200 (CEST);1568210272000
1380556832687962;38.1;33.9;Wed Sep 11 2019 15:59:46 GMT+0200 (CEST);Wed Sep 11 2019 13:59:46 GMT+0200 (CEST);1568210386000
1380556832687962;38.1;32.6;Wed Sep 11 2019 16:01:48 GMT+0200 (CEST);Wed Sep 11 2019 14:01:48 GMT+0200 (CEST);1568210508000
1380556832687962;37.6;32;Wed Sep 11 2019 16:03:41 GMT+0200 (CEST);Wed Sep 11 2019 14:03:41 GMT+0200 (CEST);1568210621000
1380556832687962;37.6;32.3;Wed Sep 11 2019 16:05:50 GMT+0200 (CEST);Wed Sep 11 2019 14:05:50 GMT+0200 (CEST);1568210750000
1380556832687962;37.6;32.6;Wed Sep 11 2019 16:07:43 GMT+0200 (CEST);Wed Sep 11 2019 14:07:43 GMT+0200 (CEST);1568210863000
1380556832687962;37.6;32.8;Wed Sep 11 2019 16:10:26 GMT+0200 (CEST);Wed Sep 11 2019 14:10:26 GMT+0200 (CEST);1568211026000
1380556832687962;37.6;33.3;Wed Sep 11 2019 16:12:37 GMT+0200 (CEST);Wed Sep 11 2019 14:12:37 GMT+0200 (CEST);1568211157000
1380556832687962;37.6;32.1;Wed Sep 11 2019 16:14:32 GMT+0200 (CEST);Wed Sep 11 2019 14:14:32 GMT+0200 (CEST);1568211272000
1380556832687962;37.6;32.3;Wed Sep 11 2019 16:16:25 GMT+0200 (CEST);Wed Sep 11 2019 14:16:25 GMT+0200 (CEST);1568211385000
1380556832687962;36.1;32.5;Wed Sep 11 2019 16:18:23 GMT+0200 (CEST);Wed Sep 11 2019 14:18:23 GMT+0200 (CEST);1568211503000
1380556832687962;36.1;33.1;Wed Sep 11 2019 16:20:35 GMT+0200 (CEST);Wed Sep 11 2019 14:20:35 GMT+0200 (CEST);1568211635000
1380556832687962;36.1;33.4;Wed Sep 11 2019 16:22:36 GMT+0200 (CEST);Wed Sep 11 2019 14:22:36 GMT+0200 (CEST);1568211756000
1380556832687962;36.1;32.5;Wed Sep 11 2019 16:24:31 GMT+0200 (CEST);Wed Sep 11 2019 14:24:31 GMT+0200 (CEST);1568211871000
1380556832687962;36.1;33.5;Wed Sep 11 2019 16:27:12 GMT+0200 (CEST);Wed Sep 11 2019 14:27:12 GMT+0200 (CEST);1568212032000
1380556832687962;36.1;33.2;Wed Sep 11 2019 16:29:05 GMT+0200 (CEST);Wed Sep 11 2019 14:29:05 GMT+0200 (CEST);1568212145000
1380556832687962;36.1;33.2;Wed Sep 11 2019 16:30:58 GMT+0200 (CEST);Wed Sep 11 2019 14:30:58 GMT+0200 (CEST);1568212258000
1380556832687962;36.1;32.9;Wed Sep 11 2019 16:32:51 GMT+0200 (CEST);Wed Sep 11 2019 14:32:51 GMT+0200 (CEST);1568212371000
1380556832687962;36.1;32.8;Wed Sep 11 2019 16:35:17 GMT+0200 (CEST);Wed Sep 11 2019 14:35:17 GMT+0200 (CEST);1568212517000
1380556832687962;36.1;32.6;Wed Sep 11 2019 16:37:38 GMT+0200 (CEST);Wed Sep 11 2019 14:37:38 GMT+0200 (CEST);1568212658000
1380556832687962;36.1;32.7;Wed Sep 11 2019 16:39:31 GMT+0200 (CEST);Wed Sep 11 2019 14:39:31 GMT+0200 (CEST);1568212771000
1380556832687962;37.6;32.7;Wed Sep 11 2019 16:41:56 GMT+0200 (CEST);Wed Sep 11 2019 14:41:56 GMT+0200 (CEST);1568212916000
1380556832687962;37.6;33.3;Wed Sep 11 2019 16:43:49 GMT+0200 (CEST);Wed Sep 11 2019 14:43:49 GMT+0200 (CEST);1568213029000
1380556832687962;37.6;33.2;Wed Sep 11 2019 16:45:55 GMT+0200 (CEST);Wed Sep 11 2019 14:45:55 GMT+0200 (CEST);1568213155000
1380556832687962;36.1;33.7;Wed Sep 11 2019 16:47:48 GMT+0200 (CEST);Wed Sep 11 2019 14:47:48 GMT+0200 (CEST);1568213268000
1380556832687962;36.1;33.7;Wed Sep 11 2019 16:49:43 GMT+0200 (CEST);Wed Sep 11 2019 14:49:43 GMT+0200 (CEST);1568213383000
1380556832687962;35.6;33.3;Wed Sep 11 2019 16:51:50 GMT+0200 (CEST);Wed Sep 11 2019 14:51:50 GMT+0200 (CEST);1568213510000
1380556832687962;35.6;32.9;Wed Sep 11 2019 16:53:44 GMT+0200 (CEST);Wed Sep 11 2019 14:53:44 GMT+0200 (CEST);1568213624000
1380556832687962;35.6;33.1;Wed Sep 11 2019 16:55:39 GMT+0200 (CEST);Wed Sep 11 2019 14:55:39 GMT+0200 (CEST);1568213739000
1380556832687962;35.6;33.6;Wed Sep 11 2019 16:57:36 GMT+0200 (CEST);Wed Sep 11 2019 14:57:36 GMT+0200 (CEST);1568213856000
1380556832687962;35.6;32.7;Wed Sep 11 2019 16:59:29 GMT+0200 (CEST);Wed Sep 11 2019 14:59:29 GMT+0200 (CEST);1568213969000
1380556832687962;35.6;33.1;Wed Sep 11 2019 17:01:27 GMT+0200 (CEST);Wed Sep 11 2019 15:01:27 GMT+0200 (CEST);1568214087000
1380556832687962;35.6;33.6;Wed Sep 11 2019 17:03:20 GMT+0200 (CEST);Wed Sep 11 2019 15:03:20 GMT+0200 (CEST);1568214200000
1380556832687962;35.6;33.5;Wed Sep 11 2019 17:05:15 GMT+0200 (CEST);Wed Sep 11 2019 15:05:15 GMT+0200 (CEST);1568214315000
1380556832687962;35.6;33.8;Wed Sep 11 2019 17:07:12 GMT+0200 (CEST);Wed Sep 11 2019 15:07:12 GMT+0200 (CEST);1568214432000
1380556832687962;35.6;32.9;Wed Sep 11 2019 17:09:04 GMT+0200 (CEST);Wed Sep 11 2019 15:09:04 GMT+0200 (CEST);1568214544000
1380556832687962;35.6;32.5;Wed Sep 11 2019 17:10:59 GMT+0200 (CEST);Wed Sep 11 2019 15:10:59 GMT+0200 (CEST);1568214659000
1380556832687962;35.6;32.5;Wed Sep 11 2019 17:12:57 GMT+0200 (CEST);Wed Sep 11 2019 15:12:57 GMT+0200 (CEST);1568214777000
1380556832687962;34;33.9;Wed Sep 11 2019 17:15:37 GMT+0200 (CEST);Wed Sep 11 2019 15:15:37 GMT+0200 (CEST);1568214937000
1380556832687962;34;33.8;Wed Sep 11 2019 17:17:30 GMT+0200 (CEST);Wed Sep 11 2019 15:17:30 GMT+0200 (CEST);1568215050000
1380556832687962;34;33.8;Wed Sep 11 2019 17:19:23 GMT+0200 (CEST);Wed Sep 11 2019 15:19:23 GMT+0200 (CEST);1568215163000
1380556832687962;33.5;33.6;Wed Sep 11 2019 17:21:24 GMT+0200 (CEST);Wed Sep 11 2019 15:21:24 GMT+0200 (CEST);1568215284000
1380556832687962;33.5;33.9;Wed Sep 11 2019 17:23:31 GMT+0200 (CEST);Wed Sep 11 2019 15:23:31 GMT+0200 (CEST);1568215411000
1380556832687962;33.5;33.9;Wed Sep 11 2019 17:26:15 GMT+0200 (CEST);Wed Sep 11 2019 15:26:15 GMT+0200 (CEST);1568215575000
1380556832687962;33.5;33.4;Wed Sep 11 2019 17:30:33 GMT+0200 (CEST);Wed Sep 11 2019 15:30:33 GMT+0200 (CEST);1568215833000
1380556832687962;33.5;33.8;Wed Sep 11 2019 17:32:25 GMT+0200 (CEST);Wed Sep 11 2019 15:32:25 GMT+0200 (CEST);1568215945000
1380556832687962;33.5;33.7;Wed Sep 11 2019 17:34:18 GMT+0200 (CEST);Wed Sep 11 2019 15:34:18 GMT+0200 (CEST);1568216058000
1380556832687962;33.5;32.9;Wed Sep 11 2019 17:38:05 GMT+0200 (CEST);Wed Sep 11 2019 15:38:05 GMT+0200 (CEST);1568216285000
1380556832687962;33.5;33.7;Wed Sep 11 2019 17:40:32 GMT+0200 (CEST);Wed Sep 11 2019 15:40:32 GMT+0200 (CEST);1568216432000
1380556832687962;33.5;34;Wed Sep 11 2019 17:42:30 GMT+0200 (CEST);Wed Sep 11 2019 15:42:30 GMT+0200 (CEST);1568216550000
1380556832687962;33.5;33.5;Wed Sep 11 2019 17:44:25 GMT+0200 (CEST);Wed Sep 11 2019 15:44:25 GMT+0200 (CEST);1568216665000
1380556832687962;33.5;33.3;Wed Sep 11 2019 17:46:18 GMT+0200 (CEST);Wed Sep 11 2019 15:46:18 GMT+0200 (CEST);1568216778000
1380556832687962;33.5;33.2;Wed Sep 11 2019 17:48:11 GMT+0200 (CEST);Wed Sep 11 2019 15:48:11 GMT+0200 (CEST);1568216891000
1380556832687962;33.5;33.2;Wed Sep 11 2019 17:50:57 GMT+0200 (CEST);Wed Sep 11 2019 15:50:57 GMT+0200 (CEST);1568217057000
1380556832687962;33.5;33.3;Wed Sep 11 2019 17:53:30 GMT+0200 (CEST);Wed Sep 11 2019 15:53:30 GMT+0200 (CEST);1568217210000
1380556832687962;32;33.3;Wed Sep 11 2019 17:55:38 GMT+0200 (CEST);Wed Sep 11 2019 15:55:38 GMT+0200 (CEST);1568217338000
1380556832687962;32;33.3;Wed Sep 11 2019 17:57:30 GMT+0200 (CEST);Wed Sep 11 2019 15:57:30 GMT+0200 (CEST);1568217450000
1380556832687962;33.5;33.8;Wed Sep 11 2019 17:59:42 GMT+0200 (CEST);Wed Sep 11 2019 15:59:42 GMT+0200 (CEST);1568217582000
1380556832687962;33.5;33.3;Wed Sep 11 2019 18:01:34 GMT+0200 (CEST);Wed Sep 11 2019 16:01:34 GMT+0200 (CEST);1568217694000
1380556832687962;33.5;33.3;Wed Sep 11 2019 18:03:33 GMT+0200 (CEST);Wed Sep 11 2019 16:03:33 GMT+0200 (CEST);1568217813000
1380556832687962;32;33.4;Wed Sep 11 2019 18:05:36 GMT+0200 (CEST);Wed Sep 11 2019 16:05:36 GMT+0200 (CEST);1568217936000
1380556832687962;32;33.3;Wed Sep 11 2019 18:07:42 GMT+0200 (CEST);Wed Sep 11 2019 16:07:42 GMT+0200 (CEST);1568218062000
1380556832687962;32;33.3;Wed Sep 11 2019 18:09:35 GMT+0200 (CEST);Wed Sep 11 2019 16:09:35 GMT+0200 (CEST);1568218175000
1380556832687962;32;33.3;Wed Sep 11 2019 18:11:31 GMT+0200 (CEST);Wed Sep 11 2019 16:11:31 GMT+0200 (CEST);1568218291000
1380556832687962;32;33.2;Wed Sep 11 2019 18:13:24 GMT+0200 (CEST);Wed Sep 11 2019 16:13:24 GMT+0200 (CEST);1568218404000
1380556832687962;32;33.2;Wed Sep 11 2019 18:15:20 GMT+0200 (CEST);Wed Sep 11 2019 16:15:20 GMT+0200 (CEST);1568218520000
1380556832687962;32;33.7;Wed Sep 11 2019 18:17:40 GMT+0200 (CEST);Wed Sep 11 2019 16:17:40 GMT+0200 (CEST);1568218660000
1380556832687962;32;33.5;Wed Sep 11 2019 18:19:33 GMT+0200 (CEST);Wed Sep 11 2019 16:19:33 GMT+0200 (CEST);1568218773000
1380556832687962;32;33.5;Wed Sep 11 2019 18:21:34 GMT+0200 (CEST);Wed Sep 11 2019 16:21:34 GMT+0200 (CEST);1568218894000
1380556832687962;32;33.3;Wed Sep 11 2019 18:23:29 GMT+0200 (CEST);Wed Sep 11 2019 16:23:29 GMT+0200 (CEST);1568219009000
1380556832687962;32;33.2;Wed Sep 11 2019 18:25:46 GMT+0200 (CEST);Wed Sep 11 2019 16:25:46 GMT+0200 (CEST);1568219146000
1380556832687962;32;32.9;Wed Sep 11 2019 18:27:44 GMT+0200 (CEST);Wed Sep 11 2019 16:27:44 GMT+0200 (CEST);1568219264000
1380556832687962;32;32.9;Wed Sep 11 2019 18:29:37 GMT+0200 (CEST);Wed Sep 11 2019 16:29:37 GMT+0200 (CEST);1568219377000
1380556832687962;32;33.2;Wed Sep 11 2019 18:31:45 GMT+0200 (CEST);Wed Sep 11 2019 16:31:45 GMT+0200 (CEST);1568219505000
1380556832687962;28;32.8;Wed Sep 11 2019 18:33:44 GMT+0200 (CEST);Wed Sep 11 2019 16:33:44 GMT+0200 (CEST);1568219624000
1380556832687962;28;33;Wed Sep 11 2019 18:35:43 GMT+0200 (CEST);Wed Sep 11 2019 16:35:43 GMT+0200 (CEST);1568219743000
1380556832687962;28;33.1;Wed Sep 11 2019 18:37:35 GMT+0200 (CEST);Wed Sep 11 2019 16:37:35 GMT+0200 (CEST);1568219855000
1380556832687962;28;33.1;Wed Sep 11 2019 18:39:45 GMT+0200 (CEST);Wed Sep 11 2019 16:39:45 GMT+0200 (CEST);1568219985000
1380556832687962;28;33;Wed Sep 11 2019 18:41:57 GMT+0200 (CEST);Wed Sep 11 2019 16:41:57 GMT+0200 (CEST);1568220117000
1380556832687962;28;32.9;Wed Sep 11 2019 18:43:51 GMT+0200 (CEST);Wed Sep 11 2019 16:43:51 GMT+0200 (CEST);1568220231000
1380556832687962;28;33.1;Wed Sep 11 2019 18:45:45 GMT+0200 (CEST);Wed Sep 11 2019 16:45:45 GMT+0200 (CEST);1568220345000
1380556832687962;26;32;Wed Sep 11 2019 18:47:57 GMT+0200 (CEST);Wed Sep 11 2019 16:47:57 GMT+0200 (CEST);1568220477000
1380556832687962;26;30.8;Wed Sep 11 2019 18:49:56 GMT+0200 (CEST);Wed Sep 11 2019 16:49:56 GMT+0200 (CEST);1568220596000
1380556832687962;26;30.8;Wed Sep 11 2019 18:51:51 GMT+0200 (CEST);Wed Sep 11 2019 16:51:51 GMT+0200 (CEST);1568220711000
1380556832687962;25.5;30.9;Wed Sep 11 2019 18:53:44 GMT+0200 (CEST);Wed Sep 11 2019 16:53:44 GMT+0200 (CEST);1568220824000
1380556832687962;25.5;30.8;Wed Sep 11 2019 18:55:55 GMT+0200 (CEST);Wed Sep 11 2019 16:55:55 GMT+0200 (CEST);1568220955000
1380556832687962;25.5;30.6;Wed Sep 11 2019 18:57:56 GMT+0200 (CEST);Wed Sep 11 2019 16:57:56 GMT+0200 (CEST);1568221076000
1380556832687962;25.5;30.6;Wed Sep 11 2019 18:59:48 GMT+0200 (CEST);Wed Sep 11 2019 16:59:48 GMT+0200 (CEST);1568221188000
1380556832687962;25.5;30.8;Wed Sep 11 2019 19:02:33 GMT+0200 (CEST);Wed Sep 11 2019 17:02:33 GMT+0200 (CEST);1568221353000
1380556832687962;25.5;30.3;Wed Sep 11 2019 19:04:30 GMT+0200 (CEST);Wed Sep 11 2019 17:04:30 GMT+0200 (CEST);1568221470000
1380556832687962;25.5;30.3;Wed Sep 11 2019 19:06:23 GMT+0200 (CEST);Wed Sep 11 2019 17:06:23 GMT+0200 (CEST);1568221583000
1380556832687962;25.5;29.4;Wed Sep 11 2019 19:08:15 GMT+0200 (CEST);Wed Sep 11 2019 17:08:15 GMT+0200 (CEST);1568221695000
1380556832687962;25.5;28;Wed Sep 11 2019 19:10:19 GMT+0200 (CEST);Wed Sep 11 2019 17:10:19 GMT+0200 (CEST);1568221819000
1380556832687962;22;26.3;Wed Sep 11 2019 19:12:28 GMT+0200 (CEST);Wed Sep 11 2019 17:12:28 GMT+0200 (CEST);1568221948000
1380556832687962;22;25.7;Wed Sep 11 2019 19:14:20 GMT+0200 (CEST);Wed Sep 11 2019 17:14:20 GMT+0200 (CEST);1568222060000
1380556832687962;21.5;24.6;Wed Sep 11 2019 19:16:13 GMT+0200 (CEST);Wed Sep 11 2019 17:16:13 GMT+0200 (CEST);1568222173000
1380556832687962;21.5;25.8;Wed Sep 11 2019 19:18:21 GMT+0200 (CEST);Wed Sep 11 2019 17:18:21 GMT+0200 (CEST);1568222301000
1380556832687962;19.9;25.9;Wed Sep 11 2019 19:20:44 GMT+0200 (CEST);Wed Sep 11 2019 17:20:44 GMT+0200 (CEST);1568222444000
1380556832687962;19.9;25.9;Wed Sep 11 2019 19:22:38 GMT+0200 (CEST);Wed Sep 11 2019 17:22:38 GMT+0200 (CEST);1568222558000
1380556832687962;19.9;23.1;Wed Sep 11 2019 19:24:32 GMT+0200 (CEST);Wed Sep 11 2019 17:24:32 GMT+0200 (CEST);1568222672000
1380556832687962;19.4;23.2;Wed Sep 11 2019 19:26:46 GMT+0200 (CEST);Wed Sep 11 2019 17:26:46 GMT+0200 (CEST);1568222806000
1380556832687962;19.4;23;Wed Sep 11 2019 19:28:40 GMT+0200 (CEST);Wed Sep 11 2019 17:28:40 GMT+0200 (CEST);1568222920000
1380556832687962;19.4;22;Wed Sep 11 2019 19:30:38 GMT+0200 (CEST);Wed Sep 11 2019 17:30:38 GMT+0200 (CEST);1568223038000
1380556832687962;19.4;21.9;Wed Sep 11 2019 19:32:37 GMT+0200 (CEST);Wed Sep 11 2019 17:32:37 GMT+0200 (CEST);1568223157000
1380556832687962;19.4;29;Wed Sep 11 2019 19:34:30 GMT+0200 (CEST);Wed Sep 11 2019 17:34:30 GMT+0200 (CEST);1568223270000
1380556832687962;19.9;29.9;Wed Sep 11 2019 19:36:35 GMT+0200 (CEST);Wed Sep 11 2019 17:36:35 GMT+0200 (CEST);1568223395000
1380556832687962;19.9;29;Wed Sep 11 2019 19:38:28 GMT+0200 (CEST);Wed Sep 11 2019 17:38:28 GMT+0200 (CEST);1568223508000
1380556832687962;19.9;27.3;Wed Sep 11 2019 19:40:42 GMT+0200 (CEST);Wed Sep 11 2019 17:40:42 GMT+0200 (CEST);1568223642000
1380556832687962;19.9;27.3;Wed Sep 11 2019 19:42:35 GMT+0200 (CEST);Wed Sep 11 2019 17:42:35 GMT+0200 (CEST);1568223755000
1380556832687962;19.9;27.3;Wed Sep 11 2019 19:44:28 GMT+0200 (CEST);Wed Sep 11 2019 17:44:28 GMT+0200 (CEST);1568223868000
1380556832687962;-273.2;24.2;Thu Sep 12 2019 06:46:18 GMT+0200 (CEST);Thu Sep 12 2019 04:46:18 GMT+0200 (CEST);1568263578000
1380556832687962;-273.2;24.2;Thu Sep 12 2019 06:48:12 GMT+0200 (CEST);Thu Sep 12 2019 04:48:12 GMT+0200 (CEST);1568263692000
1380556832687962;-273.2;24.2;Thu Sep 12 2019 06:50:08 GMT+0200 (CEST);Thu Sep 12 2019 04:50:08 GMT+0200 (CEST);1568263808000
1380556832687962;-273.2;28.4;Thu Sep 12 2019 07:01:26 GMT+0200 (CEST);Thu Sep 12 2019 05:01:26 GMT+0200 (CEST);1568264486000
1380556832687962;15.9;31.4;Thu Sep 12 2019 07:03:20 GMT+0200 (CEST);Thu Sep 12 2019 05:03:20 GMT+0200 (CEST);1568264600000
1380556832687962;17.4;31.7;Thu Sep 12 2019 07:05:41 GMT+0200 (CEST);Thu Sep 12 2019 05:05:41 GMT+0200 (CEST);1568264741000
1380556832687962;17.9;32.3;Thu Sep 12 2019 07:07:43 GMT+0200 (CEST);Thu Sep 12 2019 05:07:43 GMT+0200 (CEST);1568264863000
1380556832687962;19.4;34.2;Thu Sep 12 2019 07:09:36 GMT+0200 (CEST);Thu Sep 12 2019 05:09:36 GMT+0200 (CEST);1568264976000
1380556832687962;19.4;35.9;Thu Sep 12 2019 07:11:30 GMT+0200 (CEST);Thu Sep 12 2019 05:11:30 GMT+0200 (CEST);1568265090000
1380556832687962;19.9;36.4;Thu Sep 12 2019 07:13:23 GMT+0200 (CEST);Thu Sep 12 2019 05:13:23 GMT+0200 (CEST);1568265203000
1380556832687962;21.5;36.1;Thu Sep 12 2019 07:15:21 GMT+0200 (CEST);Thu Sep 12 2019 05:15:21 GMT+0200 (CEST);1568265321000
1380556832687962;21.5;35.3;Thu Sep 12 2019 07:17:14 GMT+0200 (CEST);Thu Sep 12 2019 05:17:14 GMT+0200 (CEST);1568265434000
1380556832687962;21.5;35;Thu Sep 12 2019 07:19:08 GMT+0200 (CEST);Thu Sep 12 2019 05:19:08 GMT+0200 (CEST);1568265548000
1380556832687962;21.5;36;Thu Sep 12 2019 07:21:01 GMT+0200 (CEST);Thu Sep 12 2019 05:21:01 GMT+0200 (CEST);1568265661000
1380556832687962;21.5;36.2;Thu Sep 12 2019 07:22:54 GMT+0200 (CEST);Thu Sep 12 2019 05:22:54 GMT+0200 (CEST);1568265774000
1380556832687962;21.5;35.7;Thu Sep 12 2019 07:24:51 GMT+0200 (CEST);Thu Sep 12 2019 05:24:51 GMT+0200 (CEST);1568265891000
1380556832687962;21.5;34;Thu Sep 12 2019 07:26:48 GMT+0200 (CEST);Thu Sep 12 2019 05:26:48 GMT+0200 (CEST);1568266008000
1380556832687962;21.5;35.9;Thu Sep 12 2019 07:28:41 GMT+0200 (CEST);Thu Sep 12 2019 05:28:41 GMT+0200 (CEST);1568266121000
1380556832687962;21.5;36.5;Thu Sep 12 2019 07:30:34 GMT+0200 (CEST);Thu Sep 12 2019 05:30:34 GMT+0200 (CEST);1568266234000
1380556832687962;21.5;37.2;Thu Sep 12 2019 07:32:27 GMT+0200 (CEST);Thu Sep 12 2019 05:32:27 GMT+0200 (CEST);1568266347000
1380556832687962;22;36.9;Thu Sep 12 2019 07:34:20 GMT+0200 (CEST);Thu Sep 12 2019 05:34:20 GMT+0200 (CEST);1568266460000
1380556832687962;22;36.9;Thu Sep 12 2019 07:36:13 GMT+0200 (CEST);Thu Sep 12 2019 05:36:13 GMT+0200 (CEST);1568266573000
1380556832687962;22;32;Thu Sep 12 2019 07:38:06 GMT+0200 (CEST);Thu Sep 12 2019 05:38:06 GMT+0200 (CEST);1568266686000
1380556832687962;22;32.3;Thu Sep 12 2019 07:40:08 GMT+0200 (CEST);Thu Sep 12 2019 05:40:08 GMT+0200 (CEST);1568266808000
1380556832687962;22;32.3;Thu Sep 12 2019 07:42:00 GMT+0200 (CEST);Thu Sep 12 2019 05:42:00 GMT+0200 (CEST);1568266920000
1380556832687962;22;31.8;Thu Sep 12 2019 07:43:56 GMT+0200 (CEST);Thu Sep 12 2019 05:43:56 GMT+0200 (CEST);1568267036000
1380556832687962;22;32.5;Thu Sep 12 2019 07:45:50 GMT+0200 (CEST);Thu Sep 12 2019 05:45:50 GMT+0200 (CEST);1568267150000
1380556832687962;22;32.8;Thu Sep 12 2019 07:48:01 GMT+0200 (CEST);Thu Sep 12 2019 05:48:01 GMT+0200 (CEST);1568267281000
1380556832687962;22;32.5;Thu Sep 12 2019 07:49:54 GMT+0200 (CEST);Thu Sep 12 2019 05:49:54 GMT+0200 (CEST);1568267394000
1380556832687962;21.5;32.9;Thu Sep 12 2019 07:51:53 GMT+0200 (CEST);Thu Sep 12 2019 05:51:53 GMT+0200 (CEST);1568267513000
1380556832687962;21.5;33.1;Thu Sep 12 2019 07:53:45 GMT+0200 (CEST);Thu Sep 12 2019 05:53:45 GMT+0200 (CEST);1568267625000
1380556832687962;21.5;33.7;Thu Sep 12 2019 07:55:40 GMT+0200 (CEST);Thu Sep 12 2019 05:55:40 GMT+0200 (CEST);1568267740000
1380556832687962;21.5;33.8;Thu Sep 12 2019 07:57:33 GMT+0200 (CEST);Thu Sep 12 2019 05:57:33 GMT+0200 (CEST);1568267853000
1380556832687962;21.5;33.2;Thu Sep 12 2019 07:59:26 GMT+0200 (CEST);Thu Sep 12 2019 05:59:26 GMT+0200 (CEST);1568267966000
1380556832687962;21.5;32.3;Thu Sep 12 2019 08:01:21 GMT+0200 (CEST);Thu Sep 12 2019 06:01:21 GMT+0200 (CEST);1568268081000
1380556832687962;21.5;31.9;Thu Sep 12 2019 08:03:16 GMT+0200 (CEST);Thu Sep 12 2019 06:03:16 GMT+0200 (CEST);1568268196000
1380556832687962;21.5;33.4;Thu Sep 12 2019 08:05:09 GMT+0200 (CEST);Thu Sep 12 2019 06:05:09 GMT+0200 (CEST);1568268309000
1380556832687962;21.5;33.4;Thu Sep 12 2019 08:07:02 GMT+0200 (CEST);Thu Sep 12 2019 06:07:02 GMT+0200 (CEST);1568268422000
1380556832687962;21.5;33.4;Thu Sep 12 2019 08:08:58 GMT+0200 (CEST);Thu Sep 12 2019 06:08:58 GMT+0200 (CEST);1568268538000
1380556832687962;22;32;Thu Sep 12 2019 08:11:04 GMT+0200 (CEST);Thu Sep 12 2019 06:11:04 GMT+0200 (CEST);1568268664000
1380556832687962;22;32.1;Thu Sep 12 2019 08:12:57 GMT+0200 (CEST);Thu Sep 12 2019 06:12:57 GMT+0200 (CEST);1568268777000
1380556832687962;22;32.1;Thu Sep 12 2019 08:14:49 GMT+0200 (CEST);Thu Sep 12 2019 06:14:49 GMT+0200 (CEST);1568268889000
1380556832687962;22;32.6;Thu Sep 12 2019 08:16:45 GMT+0200 (CEST);Thu Sep 12 2019 06:16:45 GMT+0200 (CEST);1568269005000
1380556832687962;22;32.7;Thu Sep 12 2019 08:18:38 GMT+0200 (CEST);Thu Sep 12 2019 06:18:38 GMT+0200 (CEST);1568269118000
1380556832687962;22;32.7;Thu Sep 12 2019 08:20:31 GMT+0200 (CEST);Thu Sep 12 2019 06:20:31 GMT+0200 (CEST);1568269231000
1380556832687962;22;32.5;Thu Sep 12 2019 08:22:24 GMT+0200 (CEST);Thu Sep 12 2019 06:22:24 GMT+0200 (CEST);1568269344000
1380556832687962;22;32.5;Thu Sep 12 2019 08:24:26 GMT+0200 (CEST);Thu Sep 12 2019 06:24:26 GMT+0200 (CEST);1568269466000
1380556832687962;22;32.2;Thu Sep 12 2019 08:26:24 GMT+0200 (CEST);Thu Sep 12 2019 06:26:24 GMT+0200 (CEST);1568269584000
1380556832687962;22;32.2;Thu Sep 12 2019 08:28:17 GMT+0200 (CEST);Thu Sep 12 2019 06:28:17 GMT+0200 (CEST);1568269697000
1380556832687962;22;32.6;Thu Sep 12 2019 08:30:09 GMT+0200 (CEST);Thu Sep 12 2019 06:30:09 GMT+0200 (CEST);1568269809000
1380556832687962;22;33.5;Thu Sep 12 2019 08:32:12 GMT+0200 (CEST);Thu Sep 12 2019 06:32:12 GMT+0200 (CEST);1568269932000
1380556832687962;23;33.9;Thu Sep 12 2019 08:34:11 GMT+0200 (CEST);Thu Sep 12 2019 06:34:11 GMT+0200 (CEST);1568270051000
1380556832687962;23;35.2;Thu Sep 12 2019 08:36:04 GMT+0200 (CEST);Thu Sep 12 2019 06:36:04 GMT+0200 (CEST);1568270164000
1380556832687962;23;35.2;Thu Sep 12 2019 08:37:58 GMT+0200 (CEST);Thu Sep 12 2019 06:37:58 GMT+0200 (CEST);1568270278000
1380556832687962;23;35.9;Thu Sep 12 2019 08:40:06 GMT+0200 (CEST);Thu Sep 12 2019 06:40:06 GMT+0200 (CEST);1568270406000
1380556832687962;23;35;Thu Sep 12 2019 08:42:03 GMT+0200 (CEST);Thu Sep 12 2019 06:42:03 GMT+0200 (CEST);1568270523000
1380556832687962;23;35.9;Thu Sep 12 2019 08:43:56 GMT+0200 (CEST);Thu Sep 12 2019 06:43:56 GMT+0200 (CEST);1568270636000
1380556832687962;23;35.5;Thu Sep 12 2019 08:45:52 GMT+0200 (CEST);Thu Sep 12 2019 06:45:52 GMT+0200 (CEST);1568270752000
1380556832687962;23;34.8;Thu Sep 12 2019 08:47:52 GMT+0200 (CEST);Thu Sep 12 2019 06:47:52 GMT+0200 (CEST);1568270872000
1380556832687962;23;34.3;Thu Sep 12 2019 08:49:50 GMT+0200 (CEST);Thu Sep 12 2019 06:49:50 GMT+0200 (CEST);1568270990000
1380556832687962;23;34.5;Thu Sep 12 2019 08:51:47 GMT+0200 (CEST);Thu Sep 12 2019 06:51:47 GMT+0200 (CEST);1568271107000
1380556832687962;27.5;34.2;Thu Sep 12 2019 08:53:42 GMT+0200 (CEST);Thu Sep 12 2019 06:53:42 GMT+0200 (CEST);1568271222000
1380556832687962;27.5;34.2;Thu Sep 12 2019 08:55:45 GMT+0200 (CEST);Thu Sep 12 2019 06:55:45 GMT+0200 (CEST);1568271345000
1380556832687962;27.5;35;Thu Sep 12 2019 08:57:40 GMT+0200 (CEST);Thu Sep 12 2019 06:57:40 GMT+0200 (CEST);1568271460000
1380556832687962;27.5;34.4;Thu Sep 12 2019 08:59:32 GMT+0200 (CEST);Thu Sep 12 2019 06:59:32 GMT+0200 (CEST);1568271572000
1380556832687962;27.5;34.2;Thu Sep 12 2019 09:01:26 GMT+0200 (CEST);Thu Sep 12 2019 07:01:26 GMT+0200 (CEST);1568271686000
1380556832687962;28;34.4;Thu Sep 12 2019 09:03:19 GMT+0200 (CEST);Thu Sep 12 2019 07:03:19 GMT+0200 (CEST);1568271799000
1380556832687962;28;34.6;Thu Sep 12 2019 09:05:22 GMT+0200 (CEST);Thu Sep 12 2019 07:05:22 GMT+0200 (CEST);1568271922000
1380556832687962;29.5;34.6;Thu Sep 12 2019 09:07:17 GMT+0200 (CEST);Thu Sep 12 2019 07:07:17 GMT+0200 (CEST);1568272037000
1380556832687962;29.5;34.6;Thu Sep 12 2019 09:09:10 GMT+0200 (CEST);Thu Sep 12 2019 07:09:10 GMT+0200 (CEST);1568272150000
1380556832687962;29.5;34.7;Thu Sep 12 2019 09:11:17 GMT+0200 (CEST);Thu Sep 12 2019 07:11:17 GMT+0200 (CEST);1568272277000
1380556832687962;29.5;34.7;Thu Sep 12 2019 09:13:11 GMT+0200 (CEST);Thu Sep 12 2019 07:13:11 GMT+0200 (CEST);1568272391000
1380556832687962;29.5;34.4;Thu Sep 12 2019 09:15:12 GMT+0200 (CEST);Thu Sep 12 2019 07:15:12 GMT+0200 (CEST);1568272512000
1380556832687962;29.5;34.5;Thu Sep 12 2019 09:17:05 GMT+0200 (CEST);Thu Sep 12 2019 07:17:05 GMT+0200 (CEST);1568272625000
1380556832687962;29.5;34.6;Thu Sep 12 2019 09:19:19 GMT+0200 (CEST);Thu Sep 12 2019 07:19:19 GMT+0200 (CEST);1568272759000
1380556832687962;29.5;33.7;Thu Sep 12 2019 09:21:12 GMT+0200 (CEST);Thu Sep 12 2019 07:21:12 GMT+0200 (CEST);1568272872000
1380556832687962;29.5;33.7;Thu Sep 12 2019 09:23:05 GMT+0200 (CEST);Thu Sep 12 2019 07:23:05 GMT+0200 (CEST);1568272985000
1380556832687962;29.5;33.9;Thu Sep 12 2019 09:24:59 GMT+0200 (CEST);Thu Sep 12 2019 07:24:59 GMT+0200 (CEST);1568273099000
1380556832687962;29.5;33.9;Thu Sep 12 2019 09:26:52 GMT+0200 (CEST);Thu Sep 12 2019 07:26:52 GMT+0200 (CEST);1568273212000
1380556832687962;29.5;33.9;Thu Sep 12 2019 09:28:45 GMT+0200 (CEST);Thu Sep 12 2019 07:28:45 GMT+0200 (CEST);1568273325000
1380556832687962;29.5;33.5;Thu Sep 12 2019 09:30:38 GMT+0200 (CEST);Thu Sep 12 2019 07:30:38 GMT+0200 (CEST);1568273438000
1380556832687962;29.5;33.6;Thu Sep 12 2019 09:32:42 GMT+0200 (CEST);Thu Sep 12 2019 07:32:42 GMT+0200 (CEST);1568273562000
1380556832687962;29.5;33.5;Thu Sep 12 2019 09:34:34 GMT+0200 (CEST);Thu Sep 12 2019 07:34:34 GMT+0200 (CEST);1568273674000
1380556832687962;29.5;33.5;Thu Sep 12 2019 09:36:27 GMT+0200 (CEST);Thu Sep 12 2019 07:36:27 GMT+0200 (CEST);1568273787000
1380556832687962;29.5;33.3;Thu Sep 12 2019 09:38:19 GMT+0200 (CEST);Thu Sep 12 2019 07:38:19 GMT+0200 (CEST);1568273899000
1380556832687962;29.5;33.3;Thu Sep 12 2019 09:40:19 GMT+0200 (CEST);Thu Sep 12 2019 07:40:19 GMT+0200 (CEST);1568274019000
1380556832687962;29.5;33.3;Thu Sep 12 2019 09:42:12 GMT+0200 (CEST);Thu Sep 12 2019 07:42:12 GMT+0200 (CEST);1568274132000
1380556832687962;29.5;33.4;Thu Sep 12 2019 09:44:06 GMT+0200 (CEST);Thu Sep 12 2019 07:44:06 GMT+0200 (CEST);1568274246000
1380556832687962;29.5;33.5;Thu Sep 12 2019 09:45:59 GMT+0200 (CEST);Thu Sep 12 2019 07:45:59 GMT+0200 (CEST);1568274359000
1380556832687962;29.5;33.7;Thu Sep 12 2019 09:47:51 GMT+0200 (CEST);Thu Sep 12 2019 07:47:51 GMT+0200 (CEST);1568274471000
1380556832687962;29.5;34.1;Thu Sep 12 2019 09:49:46 GMT+0200 (CEST);Thu Sep 12 2019 07:49:46 GMT+0200 (CEST);1568274586000
1380556832687962;29.5;34;Thu Sep 12 2019 09:51:43 GMT+0200 (CEST);Thu Sep 12 2019 07:51:43 GMT+0200 (CEST);1568274703000
1380556832687962;29.5;33.6;Thu Sep 12 2019 09:53:36 GMT+0200 (CEST);Thu Sep 12 2019 07:53:36 GMT+0200 (CEST);1568274816000
1380556832687962;29.5;33.7;Thu Sep 12 2019 09:55:29 GMT+0200 (CEST);Thu Sep 12 2019 07:55:29 GMT+0200 (CEST);1568274929000
1380556832687962;29.5;33.8;Thu Sep 12 2019 09:57:30 GMT+0200 (CEST);Thu Sep 12 2019 07:57:30 GMT+0200 (CEST);1568275050000
1380556832687962;29.5;33.8;Thu Sep 12 2019 09:59:24 GMT+0200 (CEST);Thu Sep 12 2019 07:59:24 GMT+0200 (CEST);1568275164000
1380556832687962;29.5;33.4;Thu Sep 12 2019 10:01:17 GMT+0200 (CEST);Thu Sep 12 2019 08:01:17 GMT+0200 (CEST);1568275277000
1380556832687962;29.5;33.5;Thu Sep 12 2019 10:03:11 GMT+0200 (CEST);Thu Sep 12 2019 08:03:11 GMT+0200 (CEST);1568275391000
1380556832687962;29.5;33.5;Thu Sep 12 2019 10:05:11 GMT+0200 (CEST);Thu Sep 12 2019 08:05:11 GMT+0200 (CEST);1568275511000
1380556832687962;29.5;33;Thu Sep 12 2019 10:07:26 GMT+0200 (CEST);Thu Sep 12 2019 08:07:26 GMT+0200 (CEST);1568275646000
1380556832687962;29.5;33.1;Thu Sep 12 2019 10:09:19 GMT+0200 (CEST);Thu Sep 12 2019 08:09:19 GMT+0200 (CEST);1568275759000
1380556832687962;29.5;33.3;Thu Sep 12 2019 10:11:12 GMT+0200 (CEST);Thu Sep 12 2019 08:11:12 GMT+0200 (CEST);1568275872000
1380556832687962;29.5;33.5;Thu Sep 12 2019 10:13:05 GMT+0200 (CEST);Thu Sep 12 2019 08:13:05 GMT+0200 (CEST);1568275985000
1380556832687962;29.5;33.6;Thu Sep 12 2019 10:15:00 GMT+0200 (CEST);Thu Sep 12 2019 08:15:00 GMT+0200 (CEST);1568276100000
1380556832687962;29.5;33.5;Thu Sep 12 2019 10:16:57 GMT+0200 (CEST);Thu Sep 12 2019 08:16:57 GMT+0200 (CEST);1568276217000
1380556832687962;29.5;33.5;Thu Sep 12 2019 10:18:50 GMT+0200 (CEST);Thu Sep 12 2019 08:18:50 GMT+0200 (CEST);1568276330000
1380556832687962;29.5;33.7;Thu Sep 12 2019 10:20:55 GMT+0200 (CEST);Thu Sep 12 2019 08:20:55 GMT+0200 (CEST);1568276455000
1380556832687962;29.5;33.7;Thu Sep 12 2019 10:22:49 GMT+0200 (CEST);Thu Sep 12 2019 08:22:49 GMT+0200 (CEST);1568276569000
1380556832687962;29.5;33.8;Thu Sep 12 2019 10:24:41 GMT+0200 (CEST);Thu Sep 12 2019 08:24:41 GMT+0200 (CEST);1568276681000
1380556832687962;29.5;33.8;Thu Sep 12 2019 10:26:34 GMT+0200 (CEST);Thu Sep 12 2019 08:26:34 GMT+0200 (CEST);1568276794000
1380556832687962;29.5;34.3;Thu Sep 12 2019 10:28:27 GMT+0200 (CEST);Thu Sep 12 2019 08:28:27 GMT+0200 (CEST);1568276907000
1380556832687962;29.5;34.3;Thu Sep 12 2019 10:30:22 GMT+0200 (CEST);Thu Sep 12 2019 08:30:22 GMT+0200 (CEST);1568277022000
1380556832687962;29.5;34.3;Thu Sep 12 2019 10:32:27 GMT+0200 (CEST);Thu Sep 12 2019 08:32:27 GMT+0200 (CEST);1568277147000
1380556832687962;29.5;34.1;Thu Sep 12 2019 10:34:20 GMT+0200 (CEST);Thu Sep 12 2019 08:34:20 GMT+0200 (CEST);1568277260000
1380556832687962;29.5;34.5;Thu Sep 12 2019 10:36:26 GMT+0200 (CEST);Thu Sep 12 2019 08:36:26 GMT+0200 (CEST);1568277386000
1380556832687962;29.5;34.5;Thu Sep 12 2019 10:38:25 GMT+0200 (CEST);Thu Sep 12 2019 08:38:25 GMT+0200 (CEST);1568277505000
1380556832687962;29.5;34.4;Thu Sep 12 2019 10:40:19 GMT+0200 (CEST);Thu Sep 12 2019 08:40:19 GMT+0200 (CEST);1568277619000
1380556832687962;32;33.5;Thu Sep 12 2019 10:42:03 GMT+0200 (CEST);Thu Sep 12 2019 08:42:03 GMT+0200 (CEST);1568277723000
1380556832687962;32;33.7;Thu Sep 12 2019 10:44:00 GMT+0200 (CEST);Thu Sep 12 2019 08:44:00 GMT+0200 (CEST);1568277840000
1380556832687962;32;34;Thu Sep 12 2019 10:45:52 GMT+0200 (CEST);Thu Sep 12 2019 08:45:52 GMT+0200 (CEST);1568277952000
1380556832687962;32;33.7;Thu Sep 12 2019 10:47:45 GMT+0200 (CEST);Thu Sep 12 2019 08:47:45 GMT+0200 (CEST);1568278065000
1380556832687962;32;33.8;Thu Sep 12 2019 10:49:38 GMT+0200 (CEST);Thu Sep 12 2019 08:49:38 GMT+0200 (CEST);1568278178000
1380556832687962;34;34.6;Thu Sep 12 2019 10:51:56 GMT+0200 (CEST);Thu Sep 12 2019 08:51:56 GMT+0200 (CEST);1568278316000
1380556832687962;34;34;Thu Sep 12 2019 10:53:49 GMT+0200 (CEST);Thu Sep 12 2019 08:53:49 GMT+0200 (CEST);1568278429000
1380556832687962;34;33.8;Thu Sep 12 2019 10:55:41 GMT+0200 (CEST);Thu Sep 12 2019 08:55:41 GMT+0200 (CEST);1568278541000
1380556832687962;34;33.8;Thu Sep 12 2019 10:57:34 GMT+0200 (CEST);Thu Sep 12 2019 08:57:34 GMT+0200 (CEST);1568278654000
1380556832687962;34;33;Thu Sep 12 2019 10:59:32 GMT+0200 (CEST);Thu Sep 12 2019 08:59:32 GMT+0200 (CEST);1568278772000
1380556832687962;34;33;Thu Sep 12 2019 11:01:25 GMT+0200 (CEST);Thu Sep 12 2019 09:01:25 GMT+0200 (CEST);1568278885000
1380556832687962;34;32.7;Thu Sep 12 2019 11:03:18 GMT+0200 (CEST);Thu Sep 12 2019 09:03:18 GMT+0200 (CEST);1568278998000
1380556832687962;34;32.1;Thu Sep 12 2019 11:05:15 GMT+0200 (CEST);Thu Sep 12 2019 09:05:15 GMT+0200 (CEST);1568279115000
1380556832687962;34;31.9;Thu Sep 12 2019 11:07:53 GMT+0200 (CEST);Thu Sep 12 2019 09:07:53 GMT+0200 (CEST);1568279273000
1380556832687962;39.1;32.4;Thu Sep 12 2019 11:09:47 GMT+0200 (CEST);Thu Sep 12 2019 09:09:47 GMT+0200 (CEST);1568279387000
1380556832687962;39.1;32.6;Thu Sep 12 2019 11:11:40 GMT+0200 (CEST);Thu Sep 12 2019 09:11:40 GMT+0200 (CEST);1568279500000
1380556832687962;39.1;32.7;Thu Sep 12 2019 11:13:35 GMT+0200 (CEST);Thu Sep 12 2019 09:13:35 GMT+0200 (CEST);1568279615000
1380556832687962;39.1;32.4;Thu Sep 12 2019 11:15:36 GMT+0200 (CEST);Thu Sep 12 2019 09:15:36 GMT+0200 (CEST);1568279736000
1380556832687962;39.1;32.6;Thu Sep 12 2019 11:17:29 GMT+0200 (CEST);Thu Sep 12 2019 09:17:29 GMT+0200 (CEST);1568279849000
1380556832687962;39.1;32.8;Thu Sep 12 2019 11:19:33 GMT+0200 (CEST);Thu Sep 12 2019 09:19:33 GMT+0200 (CEST);1568279973000
1380556832687962;39.1;33.3;Thu Sep 12 2019 11:25:47 GMT+0200 (CEST);Thu Sep 12 2019 09:25:47 GMT+0200 (CEST);1568280347000
1380556832687962;39.1;33.5;Thu Sep 12 2019 11:28:01 GMT+0200 (CEST);Thu Sep 12 2019 09:28:01 GMT+0200 (CEST);1568280481000
1380556832687962;37.6;33.2;Thu Sep 12 2019 11:30:07 GMT+0200 (CEST);Thu Sep 12 2019 09:30:07 GMT+0200 (CEST);1568280607000
1380556832687962;37.6;33.2;Thu Sep 12 2019 11:32:04 GMT+0200 (CEST);Thu Sep 12 2019 09:32:04 GMT+0200 (CEST);1568280724000
1380556832687962;36.1;33.5;Thu Sep 12 2019 11:34:02 GMT+0200 (CEST);Thu Sep 12 2019 09:34:02 GMT+0200 (CEST);1568280842000
1380556832687962;36.1;33.3;Thu Sep 12 2019 11:35:56 GMT+0200 (CEST);Thu Sep 12 2019 09:35:56 GMT+0200 (CEST);1568280956000
1380556832687962;36.1;33.3;Thu Sep 12 2019 11:37:57 GMT+0200 (CEST);Thu Sep 12 2019 09:37:57 GMT+0200 (CEST);1568281077000
1380556832687962;36.1;33.3;Thu Sep 12 2019 11:40:02 GMT+0200 (CEST);Thu Sep 12 2019 09:40:02 GMT+0200 (CEST);1568281202000
1380556832687962;36.1;33.7;Thu Sep 12 2019 11:41:55 GMT+0200 (CEST);Thu Sep 12 2019 09:41:55 GMT+0200 (CEST);1568281315000
1380556832687962;36.1;33.7;Thu Sep 12 2019 11:43:39 GMT+0200 (CEST);Thu Sep 12 2019 09:43:39 GMT+0200 (CEST);1568281419000
1380556832687962;36.1;33;Thu Sep 12 2019 11:45:32 GMT+0200 (CEST);Thu Sep 12 2019 09:45:32 GMT+0200 (CEST);1568281532000
1380556832687962;36.1;32.6;Thu Sep 12 2019 11:47:24 GMT+0200 (CEST);Thu Sep 12 2019 09:47:24 GMT+0200 (CEST);1568281644000
1380556832687962;36.1;32.1;Thu Sep 12 2019 11:49:17 GMT+0200 (CEST);Thu Sep 12 2019 09:49:17 GMT+0200 (CEST);1568281757000
1380556832687962;36.1;32.3;Thu Sep 12 2019 11:51:09 GMT+0200 (CEST);Thu Sep 12 2019 09:51:09 GMT+0200 (CEST);1568281869000
1380556832687962;38.1;32.5;Thu Sep 12 2019 11:53:02 GMT+0200 (CEST);Thu Sep 12 2019 09:53:02 GMT+0200 (CEST);1568281982000
1380556832687962;38.1;32.7;Thu Sep 12 2019 11:54:56 GMT+0200 (CEST);Thu Sep 12 2019 09:54:56 GMT+0200 (CEST);1568282096000
1380556832687962;38.1;32.7;Thu Sep 12 2019 11:56:53 GMT+0200 (CEST);Thu Sep 12 2019 09:56:53 GMT+0200 (CEST);1568282213000
1380556832687962;38.1;32.7;Thu Sep 12 2019 11:58:47 GMT+0200 (CEST);Thu Sep 12 2019 09:58:47 GMT+0200 (CEST);1568282327000
1380556832687962;38.1;33.3;Thu Sep 12 2019 12:00:42 GMT+0200 (CEST);Thu Sep 12 2019 10:00:42 GMT+0200 (CEST);1568282442000
1380556832687962;37.6;33.3;Thu Sep 12 2019 12:02:35 GMT+0200 (CEST);Thu Sep 12 2019 10:02:35 GMT+0200 (CEST);1568282555000
1380556832687962;37.6;33.3;Thu Sep 12 2019 12:04:30 GMT+0200 (CEST);Thu Sep 12 2019 10:04:30 GMT+0200 (CEST);1568282670000
1380556832687962;37.6;33;Thu Sep 12 2019 12:06:23 GMT+0200 (CEST);Thu Sep 12 2019 10:06:23 GMT+0200 (CEST);1568282783000
1380556832687962;37.6;32.9;Thu Sep 12 2019 12:08:17 GMT+0200 (CEST);Thu Sep 12 2019 10:08:17 GMT+0200 (CEST);1568282897000
1380556832687962;37.6;32.9;Thu Sep 12 2019 12:10:10 GMT+0200 (CEST);Thu Sep 12 2019 10:10:10 GMT+0200 (CEST);1568283010000
1380556832687962;37.6;33.1;Thu Sep 12 2019 12:12:05 GMT+0200 (CEST);Thu Sep 12 2019 10:12:05 GMT+0200 (CEST);1568283125000
1380556832687962;37.6;33.1;Thu Sep 12 2019 12:13:58 GMT+0200 (CEST);Thu Sep 12 2019 10:13:58 GMT+0200 (CEST);1568283238000
1380556832687962;37.6;33.1;Thu Sep 12 2019 12:15:50 GMT+0200 (CEST);Thu Sep 12 2019 10:15:50 GMT+0200 (CEST);1568283350000
1380556832687962;35.6;33.1;Thu Sep 12 2019 12:17:43 GMT+0200 (CEST);Thu Sep 12 2019 10:17:43 GMT+0200 (CEST);1568283463000
1380556832687962;35.6;33.1;Thu Sep 12 2019 12:19:52 GMT+0200 (CEST);Thu Sep 12 2019 10:19:52 GMT+0200 (CEST);1568283592000
1380556832687962;35.6;33.2;Thu Sep 12 2019 12:21:51 GMT+0200 (CEST);Thu Sep 12 2019 10:21:51 GMT+0200 (CEST);1568283711000
1380556832687962;34;33.4;Thu Sep 12 2019 12:23:47 GMT+0200 (CEST);Thu Sep 12 2019 10:23:47 GMT+0200 (CEST);1568283827000
1380556832687962;34;33.5;Thu Sep 12 2019 12:25:42 GMT+0200 (CEST);Thu Sep 12 2019 10:25:42 GMT+0200 (CEST);1568283942000
1380556832687962;33.5;33.5;Thu Sep 12 2019 12:27:36 GMT+0200 (CEST);Thu Sep 12 2019 10:27:36 GMT+0200 (CEST);1568284056000
1380556832687962;33.5;33.5;Thu Sep 12 2019 12:29:29 GMT+0200 (CEST);Thu Sep 12 2019 10:29:29 GMT+0200 (CEST);1568284169000
1380556832687962;33.5;33.4;Thu Sep 12 2019 12:31:21 GMT+0200 (CEST);Thu Sep 12 2019 10:31:21 GMT+0200 (CEST);1568284281000
1380556832687962;33.5;33.8;Thu Sep 12 2019 12:33:18 GMT+0200 (CEST);Thu Sep 12 2019 10:33:18 GMT+0200 (CEST);1568284398000
1380556832687962;33.5;33.8;Thu Sep 12 2019 12:35:13 GMT+0200 (CEST);Thu Sep 12 2019 10:35:13 GMT+0200 (CEST);1568284513000
1380556832687962;33.5;33.5;Thu Sep 12 2019 12:37:05 GMT+0200 (CEST);Thu Sep 12 2019 10:37:05 GMT+0200 (CEST);1568284625000
1380556832687962;33.5;33.7;Thu Sep 12 2019 12:38:58 GMT+0200 (CEST);Thu Sep 12 2019 10:38:58 GMT+0200 (CEST);1568284738000
1380556832687962;33.5;33.3;Thu Sep 12 2019 12:40:51 GMT+0200 (CEST);Thu Sep 12 2019 10:40:51 GMT+0200 (CEST);1568284851000
1380556832687962;33.5;33.4;Thu Sep 12 2019 12:42:44 GMT+0200 (CEST);Thu Sep 12 2019 10:42:44 GMT+0200 (CEST);1568284964000
1380556832687962;33.5;33.4;Thu Sep 12 2019 12:44:37 GMT+0200 (CEST);Thu Sep 12 2019 10:44:37 GMT+0200 (CEST);1568285077000
1380556832687962;33.5;33.5;Thu Sep 12 2019 12:46:29 GMT+0200 (CEST);Thu Sep 12 2019 10:46:29 GMT+0200 (CEST);1568285189000
1380556832687962;33.5;33.5;Thu Sep 12 2019 12:48:22 GMT+0200 (CEST);Thu Sep 12 2019 10:48:22 GMT+0200 (CEST);1568285302000
1380556832687962;33.5;33.4;Thu Sep 12 2019 12:50:35 GMT+0200 (CEST);Thu Sep 12 2019 10:50:35 GMT+0200 (CEST);1568285435000
1380556832687962;33.5;33.3;Thu Sep 12 2019 12:52:28 GMT+0200 (CEST);Thu Sep 12 2019 10:52:28 GMT+0200 (CEST);1568285548000
1380556832687962;33.5;33;Thu Sep 12 2019 12:54:23 GMT+0200 (CEST);Thu Sep 12 2019 10:54:23 GMT+0200 (CEST);1568285663000
1380556832687962;32;33.3;Thu Sep 12 2019 12:56:25 GMT+0200 (CEST);Thu Sep 12 2019 10:56:25 GMT+0200 (CEST);1568285785000
1380556832687962;32;33.4;Thu Sep 12 2019 12:58:19 GMT+0200 (CEST);Thu Sep 12 2019 10:58:19 GMT+0200 (CEST);1568285899000
1380556832687962;32;33.5;Thu Sep 12 2019 13:00:17 GMT+0200 (CEST);Thu Sep 12 2019 11:00:17 GMT+0200 (CEST);1568286017000
1380556832687962;33.5;33.5;Thu Sep 12 2019 13:02:12 GMT+0200 (CEST);Thu Sep 12 2019 11:02:12 GMT+0200 (CEST);1568286132000
1380556832687962;33.5;33.6;Thu Sep 12 2019 13:04:04 GMT+0200 (CEST);Thu Sep 12 2019 11:04:04 GMT+0200 (CEST);1568286244000
1380556832687962;33.5;33.4;Thu Sep 12 2019 13:06:02 GMT+0200 (CEST);Thu Sep 12 2019 11:06:02 GMT+0200 (CEST);1568286362000
1380556832687962;33.5;33.4;Thu Sep 12 2019 13:07:55 GMT+0200 (CEST);Thu Sep 12 2019 11:07:55 GMT+0200 (CEST);1568286475000
1380556832687962;33.5;32.9;Thu Sep 12 2019 13:09:48 GMT+0200 (CEST);Thu Sep 12 2019 11:09:48 GMT+0200 (CEST);1568286588000
1380556832687962;33.5;33.1;Thu Sep 12 2019 13:11:41 GMT+0200 (CEST);Thu Sep 12 2019 11:11:41 GMT+0200 (CEST);1568286701000
1380556832687962;33.5;33.2;Thu Sep 12 2019 13:13:34 GMT+0200 (CEST);Thu Sep 12 2019 11:13:34 GMT+0200 (CEST);1568286814000
1380556832687962;33.5;33.5;Thu Sep 12 2019 13:15:27 GMT+0200 (CEST);Thu Sep 12 2019 11:15:27 GMT+0200 (CEST);1568286927000
1380556832687962;33.5;33.6;Thu Sep 12 2019 13:17:29 GMT+0200 (CEST);Thu Sep 12 2019 11:17:29 GMT+0200 (CEST);1568287049000
1380556832687962;33.5;33.6;Thu Sep 12 2019 13:19:23 GMT+0200 (CEST);Thu Sep 12 2019 11:19:23 GMT+0200 (CEST);1568287163000
1380556832687962;33.5;34.2;Thu Sep 12 2019 13:21:23 GMT+0200 (CEST);Thu Sep 12 2019 11:21:23 GMT+0200 (CEST);1568287283000
1380556832687962;33.5;32.2;Thu Sep 12 2019 13:23:15 GMT+0200 (CEST);Thu Sep 12 2019 11:23:15 GMT+0200 (CEST);1568287395000
1380556832687962;35.6;34.1;Thu Sep 12 2019 13:25:08 GMT+0200 (CEST);Thu Sep 12 2019 11:25:08 GMT+0200 (CEST);1568287508000
1380556832687962;35.6;32.9;Thu Sep 12 2019 13:27:01 GMT+0200 (CEST);Thu Sep 12 2019 11:27:01 GMT+0200 (CEST);1568287621000
1380556832687962;37.6;31.7;Thu Sep 12 2019 13:28:54 GMT+0200 (CEST);Thu Sep 12 2019 11:28:54 GMT+0200 (CEST);1568287734000
1380556832687962;37.6;31.9;Thu Sep 12 2019 13:30:46 GMT+0200 (CEST);Thu Sep 12 2019 11:30:46 GMT+0200 (CEST);1568287846000
1380556832687962;38.1;33.7;Thu Sep 12 2019 13:34:32 GMT+0200 (CEST);Thu Sep 12 2019 11:34:32 GMT+0200 (CEST);1568288072000
1380556832687962;38.1;32.7;Thu Sep 12 2019 13:36:37 GMT+0200 (CEST);Thu Sep 12 2019 11:36:37 GMT+0200 (CEST);1568288197000
1380556832687962;39.1;32.3;Thu Sep 12 2019 13:38:49 GMT+0200 (CEST);Thu Sep 12 2019 11:38:49 GMT+0200 (CEST);1568288329000
1380556832687962;39.1;32;Thu Sep 12 2019 13:40:41 GMT+0200 (CEST);Thu Sep 12 2019 11:40:41 GMT+0200 (CEST);1568288441000
1380556832687962;38.1;31.9;Thu Sep 12 2019 13:42:35 GMT+0200 (CEST);Thu Sep 12 2019 11:42:35 GMT+0200 (CEST);1568288555000
1380556832687962;38.1;32.1;Thu Sep 12 2019 13:44:31 GMT+0200 (CEST);Thu Sep 12 2019 11:44:31 GMT+0200 (CEST);1568288671000
1380556832687962;38.1;32.2;Thu Sep 12 2019 13:46:25 GMT+0200 (CEST);Thu Sep 12 2019 11:46:25 GMT+0200 (CEST);1568288785000
1380556832687962;38.1;33.8;Thu Sep 12 2019 13:48:22 GMT+0200 (CEST);Thu Sep 12 2019 11:48:22 GMT+0200 (CEST);1568288902000
1380556832687962;38.1;34.1;Thu Sep 12 2019 13:50:14 GMT+0200 (CEST);Thu Sep 12 2019 11:50:14 GMT+0200 (CEST);1568289014000
1380556832687962;38.1;32.7;Thu Sep 12 2019 13:52:21 GMT+0200 (CEST);Thu Sep 12 2019 11:52:21 GMT+0200 (CEST);1568289141000
1380556832687962;37.6;32.5;Thu Sep 12 2019 13:54:14 GMT+0200 (CEST);Thu Sep 12 2019 11:54:14 GMT+0200 (CEST);1568289254000
1380556832687962;37.6;32.4;Thu Sep 12 2019 13:56:09 GMT+0200 (CEST);Thu Sep 12 2019 11:56:09 GMT+0200 (CEST);1568289369000
1380556832687962;37.6;32.3;Thu Sep 12 2019 13:58:02 GMT+0200 (CEST);Thu Sep 12 2019 11:58:02 GMT+0200 (CEST);1568289482000
1380556832687962;37.6;32.2;Thu Sep 12 2019 14:00:15 GMT+0200 (CEST);Thu Sep 12 2019 12:00:15 GMT+0200 (CEST);1568289615000
1380556832687962;37.6;32.2;Thu Sep 12 2019 14:02:10 GMT+0200 (CEST);Thu Sep 12 2019 12:02:10 GMT+0200 (CEST);1568289730000
1380556832687962;37.6;33.5;Thu Sep 12 2019 14:04:06 GMT+0200 (CEST);Thu Sep 12 2019 12:04:06 GMT+0200 (CEST);1568289846000
1380556832687962;37.6;32.9;Thu Sep 12 2019 14:06:00 GMT+0200 (CEST);Thu Sep 12 2019 12:06:00 GMT+0200 (CEST);1568289960000
1380556832687962;37.6;32.8;Thu Sep 12 2019 14:08:25 GMT+0200 (CEST);Thu Sep 12 2019 12:08:25 GMT+0200 (CEST);1568290105000
1380556832687962;37.6;32.9;Thu Sep 12 2019 14:10:21 GMT+0200 (CEST);Thu Sep 12 2019 12:10:21 GMT+0200 (CEST);1568290221000
1380556832687962;37.6;33.1;Thu Sep 12 2019 14:12:19 GMT+0200 (CEST);Thu Sep 12 2019 12:12:19 GMT+0200 (CEST);1568290339000
1380556832687962;35.6;33;Thu Sep 12 2019 14:14:12 GMT+0200 (CEST);Thu Sep 12 2019 12:14:12 GMT+0200 (CEST);1568290452000
1380556832687962;35.6;32.9;Thu Sep 12 2019 14:16:09 GMT+0200 (CEST);Thu Sep 12 2019 12:16:09 GMT+0200 (CEST);1568290569000
1380556832687962;35.6;33.1;Thu Sep 12 2019 14:18:02 GMT+0200 (CEST);Thu Sep 12 2019 12:18:02 GMT+0200 (CEST);1568290682000
1380556832687962;35.6;34;Thu Sep 12 2019 14:19:56 GMT+0200 (CEST);Thu Sep 12 2019 12:19:56 GMT+0200 (CEST);1568290796000
1380556832687962;35.6;34.2;Thu Sep 12 2019 14:21:50 GMT+0200 (CEST);Thu Sep 12 2019 12:21:50 GMT+0200 (CEST);1568290910000
1380556832687962;36.1;34.2;Thu Sep 12 2019 14:23:46 GMT+0200 (CEST);Thu Sep 12 2019 12:23:46 GMT+0200 (CEST);1568291026000
1380556832687962;36.1;31.6;Thu Sep 12 2019 14:25:40 GMT+0200 (CEST);Thu Sep 12 2019 12:25:40 GMT+0200 (CEST);1568291140000
1380556832687962;37.6;33.3;Thu Sep 12 2019 14:27:33 GMT+0200 (CEST);Thu Sep 12 2019 12:27:33 GMT+0200 (CEST);1568291253000
1380556832687962;37.6;33.2;Thu Sep 12 2019 14:29:25 GMT+0200 (CEST);Thu Sep 12 2019 12:29:25 GMT+0200 (CEST);1568291365000
1380556832687962;37.6;33;Thu Sep 12 2019 14:31:19 GMT+0200 (CEST);Thu Sep 12 2019 12:31:19 GMT+0200 (CEST);1568291479000
1380556832687962;37.6;32.9;Thu Sep 12 2019 14:33:12 GMT+0200 (CEST);Thu Sep 12 2019 12:33:12 GMT+0200 (CEST);1568291592000
1380556832687962;41.6;32.8;Thu Sep 12 2019 14:35:09 GMT+0200 (CEST);Thu Sep 12 2019 12:35:09 GMT+0200 (CEST);1568291709000
1380556832687962;41.6;30.3;Thu Sep 12 2019 14:37:02 GMT+0200 (CEST);Thu Sep 12 2019 12:37:02 GMT+0200 (CEST);1568291822000
1380556832687962;41.6;30.9;Thu Sep 12 2019 14:38:58 GMT+0200 (CEST);Thu Sep 12 2019 12:38:58 GMT+0200 (CEST);1568291938000
1380556832687962;41.6;31.2;Thu Sep 12 2019 14:40:57 GMT+0200 (CEST);Thu Sep 12 2019 12:40:57 GMT+0200 (CEST);1568292057000
1380556832687962;41.6;31.4;Thu Sep 12 2019 14:42:50 GMT+0200 (CEST);Thu Sep 12 2019 12:42:50 GMT+0200 (CEST);1568292170000
1380556832687962;41.6;32.1;Thu Sep 12 2019 14:44:43 GMT+0200 (CEST);Thu Sep 12 2019 12:44:43 GMT+0200 (CEST);1568292283000
1380556832687962;41.6;32.1;Thu Sep 12 2019 14:46:37 GMT+0200 (CEST);Thu Sep 12 2019 12:46:37 GMT+0200 (CEST);1568292397000
1380556832687962;40.6;32.5;Thu Sep 12 2019 14:48:32 GMT+0200 (CEST);Thu Sep 12 2019 12:48:32 GMT+0200 (CEST);1568292512000
1380556832687962;40.6;32.5;Thu Sep 12 2019 14:50:31 GMT+0200 (CEST);Thu Sep 12 2019 12:50:31 GMT+0200 (CEST);1568292631000
1380556832687962;40.6;32.5;Thu Sep 12 2019 14:52:25 GMT+0200 (CEST);Thu Sep 12 2019 12:52:25 GMT+0200 (CEST);1568292745000
1380556832687962;40.6;32.6;Thu Sep 12 2019 14:54:23 GMT+0200 (CEST);Thu Sep 12 2019 12:54:23 GMT+0200 (CEST);1568292863000
1380556832687962;40.6;32.3;Thu Sep 12 2019 14:56:16 GMT+0200 (CEST);Thu Sep 12 2019 12:56:16 GMT+0200 (CEST);1568292976000
1380556832687962;37.6;32.3;Thu Sep 12 2019 14:58:09 GMT+0200 (CEST);Thu Sep 12 2019 12:58:09 GMT+0200 (CEST);1568293089000
1380556832687962;37.6;32.3;Thu Sep 12 2019 15:00:04 GMT+0200 (CEST);Thu Sep 12 2019 13:00:04 GMT+0200 (CEST);1568293204000
1380556832687962;37.6;32.3;Thu Sep 12 2019 15:01:51 GMT+0200 (CEST);Thu Sep 12 2019 13:01:51 GMT+0200 (CEST);1568293311000
1380556832687962;37.6;32.5;Thu Sep 12 2019 15:04:12 GMT+0200 (CEST);Thu Sep 12 2019 13:04:12 GMT+0200 (CEST);1568293452000
1380556832687962;37.6;32.7;Thu Sep 12 2019 15:06:05 GMT+0200 (CEST);Thu Sep 12 2019 13:06:05 GMT+0200 (CEST);1568293565000
1380556832687962;37.6;32.9;Thu Sep 12 2019 15:07:58 GMT+0200 (CEST);Thu Sep 12 2019 13:07:58 GMT+0200 (CEST);1568293678000
1380556832687962;37.6;32.9;Thu Sep 12 2019 15:09:57 GMT+0200 (CEST);Thu Sep 12 2019 13:09:57 GMT+0200 (CEST);1568293797000
1380556832687962;37.6;32.9;Thu Sep 12 2019 15:11:57 GMT+0200 (CEST);Thu Sep 12 2019 13:11:57 GMT+0200 (CEST);1568293917000
1380556832687962;33.5;33;Thu Sep 12 2019 15:13:40 GMT+0200 (CEST);Thu Sep 12 2019 13:13:40 GMT+0200 (CEST);1568294020000
1380556832687962;33.5;33.3;Thu Sep 12 2019 15:15:33 GMT+0200 (CEST);Thu Sep 12 2019 13:15:33 GMT+0200 (CEST);1568294133000
1380556832687962;33.5;33.2;Thu Sep 12 2019 15:17:25 GMT+0200 (CEST);Thu Sep 12 2019 13:17:25 GMT+0200 (CEST);1568294245000
1380556832687962;33.5;33;Thu Sep 12 2019 15:19:20 GMT+0200 (CEST);Thu Sep 12 2019 13:19:20 GMT+0200 (CEST);1568294360000
1380556832687962;33.5;33;Thu Sep 12 2019 15:21:16 GMT+0200 (CEST);Thu Sep 12 2019 13:21:16 GMT+0200 (CEST);1568294476000
1380556832687962;33.5;33.3;Thu Sep 12 2019 15:23:10 GMT+0200 (CEST);Thu Sep 12 2019 13:23:10 GMT+0200 (CEST);1568294590000
1380556832687962;33.5;32.9;Thu Sep 12 2019 15:25:20 GMT+0200 (CEST);Thu Sep 12 2019 13:25:20 GMT+0200 (CEST);1568294720000
1380556832687962;33.5;32.9;Thu Sep 12 2019 15:27:13 GMT+0200 (CEST);Thu Sep 12 2019 13:27:13 GMT+0200 (CEST);1568294833000
1380556832687962;33.5;32.6;Thu Sep 12 2019 15:29:07 GMT+0200 (CEST);Thu Sep 12 2019 13:29:07 GMT+0200 (CEST);1568294947000
1380556832687962;33.5;32.5;Thu Sep 12 2019 15:31:00 GMT+0200 (CEST);Thu Sep 12 2019 13:31:00 GMT+0200 (CEST);1568295060000
1380556832687962;33.5;32.6;Thu Sep 12 2019 15:32:56 GMT+0200 (CEST);Thu Sep 12 2019 13:32:56 GMT+0200 (CEST);1568295176000
1380556832687962;33.5;33.2;Thu Sep 12 2019 15:34:49 GMT+0200 (CEST);Thu Sep 12 2019 13:34:49 GMT+0200 (CEST);1568295289000
1380556832687962;33.5;33.5;Thu Sep 12 2019 15:36:44 GMT+0200 (CEST);Thu Sep 12 2019 13:36:44 GMT+0200 (CEST);1568295404000
1380556832687962;33.5;32.9;Thu Sep 12 2019 15:38:37 GMT+0200 (CEST);Thu Sep 12 2019 13:38:37 GMT+0200 (CEST);1568295517000
1380556832687962;33.5;32.7;Thu Sep 12 2019 15:40:33 GMT+0200 (CEST);Thu Sep 12 2019 13:40:33 GMT+0200 (CEST);1568295633000
1380556832687962;34;32.8;Thu Sep 12 2019 15:42:26 GMT+0200 (CEST);Thu Sep 12 2019 13:42:26 GMT+0200 (CEST);1568295746000
1380556832687962;34;32.9;Thu Sep 12 2019 15:44:19 GMT+0200 (CEST);Thu Sep 12 2019 13:44:19 GMT+0200 (CEST);1568295859000
1380556832687962;34;34.7;Thu Sep 12 2019 15:46:12 GMT+0200 (CEST);Thu Sep 12 2019 13:46:12 GMT+0200 (CEST);1568295972000
1380556832687962;34;33.3;Thu Sep 12 2019 15:48:05 GMT+0200 (CEST);Thu Sep 12 2019 13:48:05 GMT+0200 (CEST);1568296085000
1380556832687962;34;32.7;Thu Sep 12 2019 15:49:58 GMT+0200 (CEST);Thu Sep 12 2019 13:49:58 GMT+0200 (CEST);1568296198000
1380556832687962;34;32.5;Thu Sep 12 2019 15:51:52 GMT+0200 (CEST);Thu Sep 12 2019 13:51:52 GMT+0200 (CEST);1568296312000
1380556832687962;34;32.5;Thu Sep 12 2019 15:53:45 GMT+0200 (CEST);Thu Sep 12 2019 13:53:45 GMT+0200 (CEST);1568296425000
1380556832687962;34;33.3;Thu Sep 12 2019 15:55:38 GMT+0200 (CEST);Thu Sep 12 2019 13:55:38 GMT+0200 (CEST);1568296538000
1380556832687962;35.6;32.9;Thu Sep 12 2019 15:57:32 GMT+0200 (CEST);Thu Sep 12 2019 13:57:32 GMT+0200 (CEST);1568296652000
1380556832687962;35.6;32.7;Thu Sep 12 2019 15:59:24 GMT+0200 (CEST);Thu Sep 12 2019 13:59:24 GMT+0200 (CEST);1568296764000
1380556832687962;34;32.3;Thu Sep 12 2019 16:01:17 GMT+0200 (CEST);Thu Sep 12 2019 14:01:17 GMT+0200 (CEST);1568296877000
1380556832687962;34;32.3;Thu Sep 12 2019 16:03:10 GMT+0200 (CEST);Thu Sep 12 2019 14:03:10 GMT+0200 (CEST);1568296990000
1380556832687962;34;32.1;Thu Sep 12 2019 16:05:21 GMT+0200 (CEST);Thu Sep 12 2019 14:05:21 GMT+0200 (CEST);1568297121000
1380556832687962;33.5;32.4;Thu Sep 12 2019 16:07:16 GMT+0200 (CEST);Thu Sep 12 2019 14:07:16 GMT+0200 (CEST);1568297236000
1380556832687962;33.5;32.7;Thu Sep 12 2019 16:09:16 GMT+0200 (CEST);Thu Sep 12 2019 14:09:16 GMT+0200 (CEST);1568297356000
1380556832687962;33.5;33.1;Thu Sep 12 2019 16:11:10 GMT+0200 (CEST);Thu Sep 12 2019 14:11:10 GMT+0200 (CEST);1568297470000
1380556832687962;33.5;33.3;Thu Sep 12 2019 16:13:03 GMT+0200 (CEST);Thu Sep 12 2019 14:13:03 GMT+0200 (CEST);1568297583000
1380556832687962;33.5;33.4;Thu Sep 12 2019 16:14:56 GMT+0200 (CEST);Thu Sep 12 2019 14:14:56 GMT+0200 (CEST);1568297696000
1380556832687962;33.5;33.4;Thu Sep 12 2019 16:16:50 GMT+0200 (CEST);Thu Sep 12 2019 14:16:50 GMT+0200 (CEST);1568297810000
1380556832687962;33.5;33.2;Thu Sep 12 2019 16:18:43 GMT+0200 (CEST);Thu Sep 12 2019 14:18:43 GMT+0200 (CEST);1568297923000
1380556832687962;33.5;33.1;Thu Sep 12 2019 16:20:43 GMT+0200 (CEST);Thu Sep 12 2019 14:20:43 GMT+0200 (CEST);1568298043000
1380556832687962;33.5;33.1;Thu Sep 12 2019 16:22:59 GMT+0200 (CEST);Thu Sep 12 2019 14:22:59 GMT+0200 (CEST);1568298179000
1380556832687962;33.5;33.3;Thu Sep 12 2019 16:24:52 GMT+0200 (CEST);Thu Sep 12 2019 14:24:52 GMT+0200 (CEST);1568298292000
1380556832687962;32;33.2;Thu Sep 12 2019 16:26:46 GMT+0200 (CEST);Thu Sep 12 2019 14:26:46 GMT+0200 (CEST);1568298406000
1380556832687962;32;33.2;Thu Sep 12 2019 16:28:49 GMT+0200 (CEST);Thu Sep 12 2019 14:28:49 GMT+0200 (CEST);1568298529000
1380556832687962;32;32.9;Thu Sep 12 2019 16:30:42 GMT+0200 (CEST);Thu Sep 12 2019 14:30:42 GMT+0200 (CEST);1568298642000
1380556832687962;32;33.1;Thu Sep 12 2019 16:32:35 GMT+0200 (CEST);Thu Sep 12 2019 14:32:35 GMT+0200 (CEST);1568298755000
1380556832687962;32;33;Thu Sep 12 2019 16:34:30 GMT+0200 (CEST);Thu Sep 12 2019 14:34:30 GMT+0200 (CEST);1568298870000
1380556832687962;32;32.8;Thu Sep 12 2019 16:36:28 GMT+0200 (CEST);Thu Sep 12 2019 14:36:28 GMT+0200 (CEST);1568298988000
1380556832687962;32;32.8;Thu Sep 12 2019 16:38:21 GMT+0200 (CEST);Thu Sep 12 2019 14:38:21 GMT+0200 (CEST);1568299101000
1380556832687962;32;33.2;Thu Sep 12 2019 16:40:22 GMT+0200 (CEST);Thu Sep 12 2019 14:40:22 GMT+0200 (CEST);1568299222000
1380556832687962;32;33.4;Thu Sep 12 2019 16:42:15 GMT+0200 (CEST);Thu Sep 12 2019 14:42:15 GMT+0200 (CEST);1568299335000
1380556832687962;32;33.1;Thu Sep 12 2019 16:44:15 GMT+0200 (CEST);Thu Sep 12 2019 14:44:15 GMT+0200 (CEST);1568299455000
1380556832687962;32;32.8;Thu Sep 12 2019 16:46:08 GMT+0200 (CEST);Thu Sep 12 2019 14:46:08 GMT+0200 (CEST);1568299568000
1380556832687962;32;33.6;Thu Sep 12 2019 16:48:12 GMT+0200 (CEST);Thu Sep 12 2019 14:48:12 GMT+0200 (CEST);1568299692000
1380556832687962;33.5;33.6;Thu Sep 12 2019 16:50:04 GMT+0200 (CEST);Thu Sep 12 2019 14:50:04 GMT+0200 (CEST);1568299804000
1380556832687962;33.5;32.2;Thu Sep 12 2019 16:52:18 GMT+0200 (CEST);Thu Sep 12 2019 14:52:18 GMT+0200 (CEST);1568299938000
1380556832687962;33.5;32.5;Thu Sep 12 2019 16:54:20 GMT+0200 (CEST);Thu Sep 12 2019 14:54:20 GMT+0200 (CEST);1568300060000
1380556832687962;33.5;33.6;Thu Sep 12 2019 16:56:20 GMT+0200 (CEST);Thu Sep 12 2019 14:56:20 GMT+0200 (CEST);1568300180000
1380556832687962;33.5;32.9;Thu Sep 12 2019 16:58:17 GMT+0200 (CEST);Thu Sep 12 2019 14:58:17 GMT+0200 (CEST);1568300297000
1380556832687962;33.5;33.8;Thu Sep 12 2019 17:00:11 GMT+0200 (CEST);Thu Sep 12 2019 15:00:11 GMT+0200 (CEST);1568300411000
1380556832687962;33.5;33.7;Thu Sep 12 2019 17:02:07 GMT+0200 (CEST);Thu Sep 12 2019 15:02:07 GMT+0200 (CEST);1568300527000
1380556832687962;33.5;33.7;Thu Sep 12 2019 17:04:01 GMT+0200 (CEST);Thu Sep 12 2019 15:04:01 GMT+0200 (CEST);1568300641000
1380556832687962;33.5;33.6;Thu Sep 12 2019 17:05:57 GMT+0200 (CEST);Thu Sep 12 2019 15:05:57 GMT+0200 (CEST);1568300757000
1380556832687962;33.5;33.5;Thu Sep 12 2019 17:07:54 GMT+0200 (CEST);Thu Sep 12 2019 15:07:54 GMT+0200 (CEST);1568300874000
1380556832687962;33.5;32.9;Thu Sep 12 2019 17:09:47 GMT+0200 (CEST);Thu Sep 12 2019 15:09:47 GMT+0200 (CEST);1568300987000
1380556832687962;33.5;32.3;Thu Sep 12 2019 17:11:40 GMT+0200 (CEST);Thu Sep 12 2019 15:11:40 GMT+0200 (CEST);1568301100000
1380556832687962;35.6;32.2;Thu Sep 12 2019 17:13:34 GMT+0200 (CEST);Thu Sep 12 2019 15:13:34 GMT+0200 (CEST);1568301214000
1380556832687962;35.6;32.7;Thu Sep 12 2019 17:15:27 GMT+0200 (CEST);Thu Sep 12 2019 15:15:27 GMT+0200 (CEST);1568301327000
1380556832687962;35.6;32.3;Thu Sep 12 2019 17:17:20 GMT+0200 (CEST);Thu Sep 12 2019 15:17:20 GMT+0200 (CEST);1568301440000
1380556832687962;35.6;33.7;Thu Sep 12 2019 17:19:15 GMT+0200 (CEST);Thu Sep 12 2019 15:19:15 GMT+0200 (CEST);1568301555000
1380556832687962;35.6;32.7;Thu Sep 12 2019 17:21:09 GMT+0200 (CEST);Thu Sep 12 2019 15:21:09 GMT+0200 (CEST);1568301669000
1380556832687962;35.6;34;Thu Sep 12 2019 17:23:03 GMT+0200 (CEST);Thu Sep 12 2019 15:23:03 GMT+0200 (CEST);1568301783000
1380556832687962;35.6;33.6;Thu Sep 12 2019 17:24:56 GMT+0200 (CEST);Thu Sep 12 2019 15:24:56 GMT+0200 (CEST);1568301896000
1380556832687962;35.6;33.3;Thu Sep 12 2019 17:26:48 GMT+0200 (CEST);Thu Sep 12 2019 15:26:48 GMT+0200 (CEST);1568302008000
1380556832687962;35.6;33.8;Thu Sep 12 2019 17:28:41 GMT+0200 (CEST);Thu Sep 12 2019 15:28:41 GMT+0200 (CEST);1568302121000
1380556832687962;35.6;33.1;Thu Sep 12 2019 17:30:34 GMT+0200 (CEST);Thu Sep 12 2019 15:30:34 GMT+0200 (CEST);1568302234000
1380556832687962;35.6;32.1;Thu Sep 12 2019 17:32:27 GMT+0200 (CEST);Thu Sep 12 2019 15:32:27 GMT+0200 (CEST);1568302347000
1380556832687962;35.6;33.6;Thu Sep 12 2019 17:34:32 GMT+0200 (CEST);Thu Sep 12 2019 15:34:32 GMT+0200 (CEST);1568302472000
1380556832687962;35.6;32.9;Thu Sep 12 2019 17:36:36 GMT+0200 (CEST);Thu Sep 12 2019 15:36:36 GMT+0200 (CEST);1568302596000
1380556832687962;35.6;32.9;Thu Sep 12 2019 17:38:28 GMT+0200 (CEST);Thu Sep 12 2019 15:38:28 GMT+0200 (CEST);1568302708000
1380556832687962;35.6;32.9;Thu Sep 12 2019 17:40:21 GMT+0200 (CEST);Thu Sep 12 2019 15:40:21 GMT+0200 (CEST);1568302821000
1380556832687962;35.6;31;Thu Sep 12 2019 17:42:13 GMT+0200 (CEST);Thu Sep 12 2019 15:42:13 GMT+0200 (CEST);1568302933000
1380556832687962;35.6;31.2;Thu Sep 12 2019 17:44:06 GMT+0200 (CEST);Thu Sep 12 2019 15:44:06 GMT+0200 (CEST);1568303046000
1380556832687962;35.6;31.1;Thu Sep 12 2019 17:46:00 GMT+0200 (CEST);Thu Sep 12 2019 15:46:00 GMT+0200 (CEST);1568303160000
1380556832687962;33.5;31;Thu Sep 12 2019 17:47:52 GMT+0200 (CEST);Thu Sep 12 2019 15:47:52 GMT+0200 (CEST);1568303272000
1380556832687962;33.5;31.3;Thu Sep 12 2019 17:49:45 GMT+0200 (CEST);Thu Sep 12 2019 15:49:45 GMT+0200 (CEST);1568303385000
1380556832687962;33.5;31.6;Thu Sep 12 2019 17:51:38 GMT+0200 (CEST);Thu Sep 12 2019 15:51:38 GMT+0200 (CEST);1568303498000
1380556832687962;31.5;32.1;Thu Sep 12 2019 17:53:40 GMT+0200 (CEST);Thu Sep 12 2019 15:53:40 GMT+0200 (CEST);1568303620000
1380556832687962;31.5;34.2;Thu Sep 12 2019 17:55:44 GMT+0200 (CEST);Thu Sep 12 2019 15:55:44 GMT+0200 (CEST);1568303744000
1380556832687962;31.5;33.8;Thu Sep 12 2019 17:57:38 GMT+0200 (CEST);Thu Sep 12 2019 15:57:38 GMT+0200 (CEST);1568303858000
1380556832687962;31.5;33.6;Thu Sep 12 2019 17:59:20 GMT+0200 (CEST);Thu Sep 12 2019 15:59:20 GMT+0200 (CEST);1568303960000
1380556832687962;31.5;32.7;Thu Sep 12 2019 18:01:14 GMT+0200 (CEST);Thu Sep 12 2019 16:01:14 GMT+0200 (CEST);1568304074000
1380556832687962;31.5;33.3;Thu Sep 12 2019 18:03:07 GMT+0200 (CEST);Thu Sep 12 2019 16:03:07 GMT+0200 (CEST);1568304187000
1380556832687962;31.5;32.1;Thu Sep 12 2019 18:04:59 GMT+0200 (CEST);Thu Sep 12 2019 16:04:59 GMT+0200 (CEST);1568304299000
1380556832687962;30;32.1;Thu Sep 12 2019 18:06:58 GMT+0200 (CEST);Thu Sep 12 2019 16:06:58 GMT+0200 (CEST);1568304418000
1380556832687962;30;32.7;Thu Sep 12 2019 18:08:59 GMT+0200 (CEST);Thu Sep 12 2019 16:08:59 GMT+0200 (CEST);1568304539000
1380556832687962;30;32.9;Thu Sep 12 2019 18:10:55 GMT+0200 (CEST);Thu Sep 12 2019 16:10:55 GMT+0200 (CEST);1568304655000
1380556832687962;30;33.1;Thu Sep 12 2019 18:12:49 GMT+0200 (CEST);Thu Sep 12 2019 16:12:49 GMT+0200 (CEST);1568304769000
1380556832687962;30;33.5;Thu Sep 12 2019 18:14:41 GMT+0200 (CEST);Thu Sep 12 2019 16:14:41 GMT+0200 (CEST);1568304881000
1380556832687962;30;33.2;Thu Sep 12 2019 18:16:45 GMT+0200 (CEST);Thu Sep 12 2019 16:16:45 GMT+0200 (CEST);1568305005000
1380556832687962;30;33.1;Thu Sep 12 2019 18:18:52 GMT+0200 (CEST);Thu Sep 12 2019 16:18:52 GMT+0200 (CEST);1568305132000
1380556832687962;29.5;33.1;Thu Sep 12 2019 18:20:45 GMT+0200 (CEST);Thu Sep 12 2019 16:20:45 GMT+0200 (CEST);1568305245000
1380556832687962;29.5;32.8;Thu Sep 12 2019 18:22:38 GMT+0200 (CEST);Thu Sep 12 2019 16:22:38 GMT+0200 (CEST);1568305358000
1380556832687962;29.5;32.8;Thu Sep 12 2019 18:24:42 GMT+0200 (CEST);Thu Sep 12 2019 16:24:42 GMT+0200 (CEST);1568305482000
1380556832687962;29.5;32.3;Thu Sep 12 2019 18:26:36 GMT+0200 (CEST);Thu Sep 12 2019 16:26:36 GMT+0200 (CEST);1568305596000
1380556832687962;29.5;32.3;Thu Sep 12 2019 18:28:30 GMT+0200 (CEST);Thu Sep 12 2019 16:28:30 GMT+0200 (CEST);1568305710000
1380556832687962;29.5;32.7;Thu Sep 12 2019 18:30:22 GMT+0200 (CEST);Thu Sep 12 2019 16:30:22 GMT+0200 (CEST);1568305822000
1380556832687962;29.5;33.2;Thu Sep 12 2019 18:32:15 GMT+0200 (CEST);Thu Sep 12 2019 16:32:15 GMT+0200 (CEST);1568305935000
1380556832687962;29.5;32.8;Thu Sep 12 2019 18:34:07 GMT+0200 (CEST);Thu Sep 12 2019 16:34:07 GMT+0200 (CEST);1568306047000
1380556832687962;29.5;32.9;Thu Sep 12 2019 18:36:01 GMT+0200 (CEST);Thu Sep 12 2019 16:36:01 GMT+0200 (CEST);1568306161000
1380556832687962;29.5;32.7;Thu Sep 12 2019 18:38:05 GMT+0200 (CEST);Thu Sep 12 2019 16:38:05 GMT+0200 (CEST);1568306285000
1380556832687962;28;32.7;Thu Sep 12 2019 18:40:09 GMT+0200 (CEST);Thu Sep 12 2019 16:40:09 GMT+0200 (CEST);1568306409000
1380556832687962;28;32.3;Thu Sep 12 2019 18:42:14 GMT+0200 (CEST);Thu Sep 12 2019 16:42:14 GMT+0200 (CEST);1568306534000
1380556832687962;28;32.9;Thu Sep 12 2019 18:44:06 GMT+0200 (CEST);Thu Sep 12 2019 16:44:06 GMT+0200 (CEST);1568306646000
1380556832687962;28;29.6;Thu Sep 12 2019 18:46:00 GMT+0200 (CEST);Thu Sep 12 2019 16:46:00 GMT+0200 (CEST);1568306760000
1380556832687962;28;29;Thu Sep 12 2019 18:47:53 GMT+0200 (CEST);Thu Sep 12 2019 16:47:53 GMT+0200 (CEST);1568306873000
1380556832687962;26;29.5;Thu Sep 12 2019 18:49:47 GMT+0200 (CEST);Thu Sep 12 2019 16:49:47 GMT+0200 (CEST);1568306987000
1380556832687962;26;29.3;Thu Sep 12 2019 18:51:40 GMT+0200 (CEST);Thu Sep 12 2019 16:51:40 GMT+0200 (CEST);1568307100000
1380556832687962;26;30.6;Thu Sep 12 2019 18:53:33 GMT+0200 (CEST);Thu Sep 12 2019 16:53:33 GMT+0200 (CEST);1568307213000
1380556832687962;26;30.7;Thu Sep 12 2019 18:55:26 GMT+0200 (CEST);Thu Sep 12 2019 16:55:26 GMT+0200 (CEST);1568307326000
1380556832687962;26;30.7;Thu Sep 12 2019 18:57:18 GMT+0200 (CEST);Thu Sep 12 2019 16:57:18 GMT+0200 (CEST);1568307438000
1380556832687962;26;29.2;Thu Sep 12 2019 18:59:15 GMT+0200 (CEST);Thu Sep 12 2019 16:59:15 GMT+0200 (CEST);1568307555000
1380556832687962;26;29.2;Thu Sep 12 2019 19:01:08 GMT+0200 (CEST);Thu Sep 12 2019 17:01:08 GMT+0200 (CEST);1568307668000
1380556832687962;26;28.9;Thu Sep 12 2019 19:03:01 GMT+0200 (CEST);Thu Sep 12 2019 17:03:01 GMT+0200 (CEST);1568307781000
1380556832687962;26;28.3;Thu Sep 12 2019 19:05:05 GMT+0200 (CEST);Thu Sep 12 2019 17:05:05 GMT+0200 (CEST);1568307905000
1380556832687962;26;29.1;Thu Sep 12 2019 19:06:59 GMT+0200 (CEST);Thu Sep 12 2019 17:06:59 GMT+0200 (CEST);1568308019000
1380556832687962;26;28.2;Thu Sep 12 2019 19:08:52 GMT+0200 (CEST);Thu Sep 12 2019 17:08:52 GMT+0200 (CEST);1568308132000
1380556832687962;26;27;Thu Sep 12 2019 19:10:47 GMT+0200 (CEST);Thu Sep 12 2019 17:10:47 GMT+0200 (CEST);1568308247000
1380556832687962;26;26.2;Thu Sep 12 2019 19:12:43 GMT+0200 (CEST);Thu Sep 12 2019 17:12:43 GMT+0200 (CEST);1568308363000
1380556832687962;23;26.2;Thu Sep 12 2019 19:14:36 GMT+0200 (CEST);Thu Sep 12 2019 17:14:36 GMT+0200 (CEST);1568308476000
1380556832687962;23;25.9;Thu Sep 12 2019 19:16:29 GMT+0200 (CEST);Thu Sep 12 2019 17:16:29 GMT+0200 (CEST);1568308589000
1380556832687962;22;25.8;Thu Sep 12 2019 19:18:21 GMT+0200 (CEST);Thu Sep 12 2019 17:18:21 GMT+0200 (CEST);1568308701000
1380556832687962;22;26.1;Thu Sep 12 2019 19:20:28 GMT+0200 (CEST);Thu Sep 12 2019 17:20:28 GMT+0200 (CEST);1568308828000
1380556832687962;22;25.9;Thu Sep 12 2019 19:22:21 GMT+0200 (CEST);Thu Sep 12 2019 17:22:21 GMT+0200 (CEST);1568308941000
1380556832687962;22;25.8;Thu Sep 12 2019 19:24:14 GMT+0200 (CEST);Thu Sep 12 2019 17:24:14 GMT+0200 (CEST);1568309054000
1380556832687962;22;25.7;Thu Sep 12 2019 19:26:14 GMT+0200 (CEST);Thu Sep 12 2019 17:26:14 GMT+0200 (CEST);1568309174000
1380556832687962;22;25.2;Thu Sep 12 2019 19:28:07 GMT+0200 (CEST);Thu Sep 12 2019 17:28:07 GMT+0200 (CEST);1568309287000
1380556832687962;22;25.2;Thu Sep 12 2019 19:30:00 GMT+0200 (CEST);Thu Sep 12 2019 17:30:00 GMT+0200 (CEST);1568309400000
1380556832687962;22;24.4;Thu Sep 12 2019 19:31:54 GMT+0200 (CEST);Thu Sep 12 2019 17:31:54 GMT+0200 (CEST);1568309514000
1380556832687962;21.5;30.5;Thu Sep 12 2019 19:33:50 GMT+0200 (CEST);Thu Sep 12 2019 17:33:50 GMT+0200 (CEST);1568309630000
1380556832687962;21.5;29.6;Thu Sep 12 2019 19:35:45 GMT+0200 (CEST);Thu Sep 12 2019 17:35:45 GMT+0200 (CEST);1568309745000
1380556832687962;21.5;29.2;Thu Sep 12 2019 19:37:38 GMT+0200 (CEST);Thu Sep 12 2019 17:37:38 GMT+0200 (CEST);1568309858000
1380556832687962;21.5;27.7;Thu Sep 12 2019 19:39:30 GMT+0200 (CEST);Thu Sep 12 2019 17:39:30 GMT+0200 (CEST);1568309970000
1380556832687962;21.5;27.1;Thu Sep 12 2019 19:41:35 GMT+0200 (CEST);Thu Sep 12 2019 17:41:35 GMT+0200 (CEST);1568310095000
1380556832687962;21.5;27.1;Thu Sep 12 2019 19:43:28 GMT+0200 (CEST);Thu Sep 12 2019 17:43:28 GMT+0200 (CEST);1568310208000
1380556832687962;21.5;27.1;Thu Sep 12 2019 19:45:23 GMT+0200 (CEST);Thu Sep 12 2019 17:45:23 GMT+0200 (CEST);1568310323000
1380556832687962;-273.2;34.8;Fri Sep 13 2019 07:00:46 GMT+0200 (CEST);Fri Sep 13 2019 05:00:46 GMT+0200 (CEST);1568350846000
1380556832687962;-273.2;33;Fri Sep 13 2019 07:02:50 GMT+0200 (CEST);Fri Sep 13 2019 05:02:50 GMT+0200 (CEST);1568350970000
1380556832687962;-273.2;35.3;Fri Sep 13 2019 07:04:45 GMT+0200 (CEST);Fri Sep 13 2019 05:04:45 GMT+0200 (CEST);1568351085000
1380556832687962;14.9;36.2;Fri Sep 13 2019 07:06:39 GMT+0200 (CEST);Fri Sep 13 2019 05:06:39 GMT+0200 (CEST);1568351199000
1380556832687962;14.9;36.4;Fri Sep 13 2019 07:08:40 GMT+0200 (CEST);Fri Sep 13 2019 05:08:40 GMT+0200 (CEST);1568351320000
1380556832687962;17.4;36.5;Fri Sep 13 2019 07:10:42 GMT+0200 (CEST);Fri Sep 13 2019 05:10:42 GMT+0200 (CEST);1568351442000
1380556832687962;17.4;37.5;Fri Sep 13 2019 07:12:35 GMT+0200 (CEST);Fri Sep 13 2019 05:12:35 GMT+0200 (CEST);1568351555000
1380556832687962;17.4;38;Fri Sep 13 2019 07:14:28 GMT+0200 (CEST);Fri Sep 13 2019 05:14:28 GMT+0200 (CEST);1568351668000
1380556832687962;17.4;37;Fri Sep 13 2019 07:16:21 GMT+0200 (CEST);Fri Sep 13 2019 05:16:21 GMT+0200 (CEST);1568351781000
1380556832687962;17.4;35.9;Fri Sep 13 2019 07:18:14 GMT+0200 (CEST);Fri Sep 13 2019 05:18:14 GMT+0200 (CEST);1568351894000
1380556832687962;17.4;35.9;Fri Sep 13 2019 07:20:12 GMT+0200 (CEST);Fri Sep 13 2019 05:20:12 GMT+0200 (CEST);1568352012000
1380556832687962;17.4;34.8;Fri Sep 13 2019 07:22:12 GMT+0200 (CEST);Fri Sep 13 2019 05:22:12 GMT+0200 (CEST);1568352132000
1380556832687962;17.4;34.7;Fri Sep 13 2019 07:24:04 GMT+0200 (CEST);Fri Sep 13 2019 05:24:04 GMT+0200 (CEST);1568352244000
1380556832687962;17.4;34.7;Fri Sep 13 2019 07:26:07 GMT+0200 (CEST);Fri Sep 13 2019 05:26:07 GMT+0200 (CEST);1568352367000
1380556832687962;17.4;34.6;Fri Sep 13 2019 07:28:00 GMT+0200 (CEST);Fri Sep 13 2019 05:28:00 GMT+0200 (CEST);1568352480000
1380556832687962;17.9;34.6;Fri Sep 13 2019 07:29:57 GMT+0200 (CEST);Fri Sep 13 2019 05:29:57 GMT+0200 (CEST);1568352597000
1380556832687962;17.9;34.6;Fri Sep 13 2019 07:31:56 GMT+0200 (CEST);Fri Sep 13 2019 05:31:56 GMT+0200 (CEST);1568352716000
1380556832687962;17.9;34.6;Fri Sep 13 2019 07:33:51 GMT+0200 (CEST);Fri Sep 13 2019 05:33:51 GMT+0200 (CEST);1568352831000
1380556832687962;17.9;34.1;Fri Sep 13 2019 07:35:45 GMT+0200 (CEST);Fri Sep 13 2019 05:35:45 GMT+0200 (CEST);1568352945000
1380556832687962;17.9;32;Fri Sep 13 2019 07:37:38 GMT+0200 (CEST);Fri Sep 13 2019 05:37:38 GMT+0200 (CEST);1568353058000
1380556832687962;17.4;32;Fri Sep 13 2019 07:39:31 GMT+0200 (CEST);Fri Sep 13 2019 05:39:31 GMT+0200 (CEST);1568353171000
1380556832687962;17.4;32.1;Fri Sep 13 2019 07:41:38 GMT+0200 (CEST);Fri Sep 13 2019 05:41:38 GMT+0200 (CEST);1568353298000
1380556832687962;17.4;32.7;Fri Sep 13 2019 07:43:33 GMT+0200 (CEST);Fri Sep 13 2019 05:43:33 GMT+0200 (CEST);1568353413000
1380556832687962;17.4;32.7;Fri Sep 13 2019 07:45:29 GMT+0200 (CEST);Fri Sep 13 2019 05:45:29 GMT+0200 (CEST);1568353529000
1380556832687962;17.4;34;Fri Sep 13 2019 07:47:25 GMT+0200 (CEST);Fri Sep 13 2019 05:47:25 GMT+0200 (CEST);1568353645000
1380556832687962;19.4;34;Fri Sep 13 2019 07:49:22 GMT+0200 (CEST);Fri Sep 13 2019 05:49:22 GMT+0200 (CEST);1568353762000
1380556832687962;19.4;34.7;Fri Sep 13 2019 07:51:19 GMT+0200 (CEST);Fri Sep 13 2019 05:51:19 GMT+0200 (CEST);1568353879000
1380556832687962;19.4;34.8;Fri Sep 13 2019 07:53:15 GMT+0200 (CEST);Fri Sep 13 2019 05:53:15 GMT+0200 (CEST);1568353995000
1380556832687962;19.4;34.7;Fri Sep 13 2019 07:55:14 GMT+0200 (CEST);Fri Sep 13 2019 05:55:14 GMT+0200 (CEST);1568354114000
1380556832687962;19.4;34;Fri Sep 13 2019 07:57:18 GMT+0200 (CEST);Fri Sep 13 2019 05:57:18 GMT+0200 (CEST);1568354238000
1380556832687962;19.4;33.8;Fri Sep 13 2019 07:59:28 GMT+0200 (CEST);Fri Sep 13 2019 05:59:28 GMT+0200 (CEST);1568354368000
1380556832687962;19.4;33.4;Fri Sep 13 2019 08:01:21 GMT+0200 (CEST);Fri Sep 13 2019 06:01:21 GMT+0200 (CEST);1568354481000
1380556832687962;19.4;33.3;Fri Sep 13 2019 08:03:07 GMT+0200 (CEST);Fri Sep 13 2019 06:03:07 GMT+0200 (CEST);1568354587000
1380556832687962;19.4;33.1;Fri Sep 13 2019 08:05:05 GMT+0200 (CEST);Fri Sep 13 2019 06:05:05 GMT+0200 (CEST);1568354705000
1380556832687962;19.4;33.3;Fri Sep 13 2019 08:07:04 GMT+0200 (CEST);Fri Sep 13 2019 06:07:04 GMT+0200 (CEST);1568354824000
1380556832687962;19.4;33.1;Fri Sep 13 2019 08:08:59 GMT+0200 (CEST);Fri Sep 13 2019 06:08:59 GMT+0200 (CEST);1568354939000
1380556832687962;19.4;32.9;Fri Sep 13 2019 08:10:53 GMT+0200 (CEST);Fri Sep 13 2019 06:10:53 GMT+0200 (CEST);1568355053000
1380556832687962;19.4;33.2;Fri Sep 13 2019 08:12:46 GMT+0200 (CEST);Fri Sep 13 2019 06:12:46 GMT+0200 (CEST);1568355166000
1380556832687962;19.4;33.6;Fri Sep 13 2019 08:14:48 GMT+0200 (CEST);Fri Sep 13 2019 06:14:48 GMT+0200 (CEST);1568355288000
1380556832687962;19.4;33.9;Fri Sep 13 2019 08:16:42 GMT+0200 (CEST);Fri Sep 13 2019 06:16:42 GMT+0200 (CEST);1568355402000
1380556832687962;19.9;33.9;Fri Sep 13 2019 08:18:36 GMT+0200 (CEST);Fri Sep 13 2019 06:18:36 GMT+0200 (CEST);1568355516000
1380556832687962;19.9;33.8;Fri Sep 13 2019 08:20:29 GMT+0200 (CEST);Fri Sep 13 2019 06:20:29 GMT+0200 (CEST);1568355629000
1380556832687962;19.9;33.9;Fri Sep 13 2019 08:22:22 GMT+0200 (CEST);Fri Sep 13 2019 06:22:22 GMT+0200 (CEST);1568355742000
1380556832687962;19.9;33.9;Fri Sep 13 2019 08:24:15 GMT+0200 (CEST);Fri Sep 13 2019 06:24:15 GMT+0200 (CEST);1568355855000
1380556832687962;19.9;34;Fri Sep 13 2019 08:26:10 GMT+0200 (CEST);Fri Sep 13 2019 06:26:10 GMT+0200 (CEST);1568355970000
1380556832687962;21.5;34;Fri Sep 13 2019 08:28:21 GMT+0200 (CEST);Fri Sep 13 2019 06:28:21 GMT+0200 (CEST);1568356101000
1380556832687962;21.5;36.4;Fri Sep 13 2019 08:30:19 GMT+0200 (CEST);Fri Sep 13 2019 06:30:19 GMT+0200 (CEST);1568356219000
1380556832687962;21.5;34.1;Fri Sep 13 2019 08:32:03 GMT+0200 (CEST);Fri Sep 13 2019 06:32:03 GMT+0200 (CEST);1568356323000
1380556832687962;21.5;34.1;Fri Sep 13 2019 08:34:02 GMT+0200 (CEST);Fri Sep 13 2019 06:34:02 GMT+0200 (CEST);1568356442000
1380556832687962;21.5;34.3;Fri Sep 13 2019 08:36:06 GMT+0200 (CEST);Fri Sep 13 2019 06:36:06 GMT+0200 (CEST);1568356566000
1380556832687962;21.5;34.2;Fri Sep 13 2019 08:37:58 GMT+0200 (CEST);Fri Sep 13 2019 06:37:58 GMT+0200 (CEST);1568356678000
1380556832687962;21.5;34.2;Fri Sep 13 2019 08:39:42 GMT+0200 (CEST);Fri Sep 13 2019 06:39:42 GMT+0200 (CEST);1568356782000
1380556832687962;21.5;34.4;Fri Sep 13 2019 08:41:35 GMT+0200 (CEST);Fri Sep 13 2019 06:41:35 GMT+0200 (CEST);1568356895000
1380556832687962;21.5;34.5;Fri Sep 13 2019 08:43:29 GMT+0200 (CEST);Fri Sep 13 2019 06:43:29 GMT+0200 (CEST);1568357009000
1380556832687962;21.5;34.7;Fri Sep 13 2019 08:45:22 GMT+0200 (CEST);Fri Sep 13 2019 06:45:22 GMT+0200 (CEST);1568357122000
1380556832687962;21.5;34.4;Fri Sep 13 2019 08:47:15 GMT+0200 (CEST);Fri Sep 13 2019 06:47:15 GMT+0200 (CEST);1568357235000
1380556832687962;21.5;34.4;Fri Sep 13 2019 08:49:09 GMT+0200 (CEST);Fri Sep 13 2019 06:49:09 GMT+0200 (CEST);1568357349000
1380556832687962;21.5;34.2;Fri Sep 13 2019 08:51:03 GMT+0200 (CEST);Fri Sep 13 2019 06:51:03 GMT+0200 (CEST);1568357463000
1380556832687962;21.5;34.2;Fri Sep 13 2019 08:52:59 GMT+0200 (CEST);Fri Sep 13 2019 06:52:59 GMT+0200 (CEST);1568357579000
1380556832687962;21.5;34.2;Fri Sep 13 2019 08:54:53 GMT+0200 (CEST);Fri Sep 13 2019 06:54:53 GMT+0200 (CEST);1568357693000
1380556832687962;21.5;34.1;Fri Sep 13 2019 08:56:58 GMT+0200 (CEST);Fri Sep 13 2019 06:56:58 GMT+0200 (CEST);1568357818000
1380556832687962;21.5;34.2;Fri Sep 13 2019 08:58:51 GMT+0200 (CEST);Fri Sep 13 2019 06:58:51 GMT+0200 (CEST);1568357931000
1380556832687962;21.5;34.2;Fri Sep 13 2019 09:00:44 GMT+0200 (CEST);Fri Sep 13 2019 07:00:44 GMT+0200 (CEST);1568358044000
1380556832687962;21.5;34.1;Fri Sep 13 2019 09:02:36 GMT+0200 (CEST);Fri Sep 13 2019 07:02:36 GMT+0200 (CEST);1568358156000
1380556832687962;22;33.9;Fri Sep 13 2019 09:04:29 GMT+0200 (CEST);Fri Sep 13 2019 07:04:29 GMT+0200 (CEST);1568358269000
1380556832687962;22;34.1;Fri Sep 13 2019 09:06:28 GMT+0200 (CEST);Fri Sep 13 2019 07:06:28 GMT+0200 (CEST);1568358388000
1380556832687962;23;34;Fri Sep 13 2019 09:08:21 GMT+0200 (CEST);Fri Sep 13 2019 07:08:21 GMT+0200 (CEST);1568358501000
1380556832687962;23;33.9;Fri Sep 13 2019 09:10:34 GMT+0200 (CEST);Fri Sep 13 2019 07:10:34 GMT+0200 (CEST);1568358634000
1380556832687962;23;33.8;Fri Sep 13 2019 09:12:34 GMT+0200 (CEST);Fri Sep 13 2019 07:12:34 GMT+0200 (CEST);1568358754000
1380556832687962;23;33.9;Fri Sep 13 2019 09:14:27 GMT+0200 (CEST);Fri Sep 13 2019 07:14:27 GMT+0200 (CEST);1568358867000
1380556832687962;23;33.7;Fri Sep 13 2019 09:16:21 GMT+0200 (CEST);Fri Sep 13 2019 07:16:21 GMT+0200 (CEST);1568358981000
1380556832687962;23;33.6;Fri Sep 13 2019 09:18:23 GMT+0200 (CEST);Fri Sep 13 2019 07:18:23 GMT+0200 (CEST);1568359103000
1380556832687962;23;33.6;Fri Sep 13 2019 09:20:16 GMT+0200 (CEST);Fri Sep 13 2019 07:20:16 GMT+0200 (CEST);1568359216000
1380556832687962;23;33.5;Fri Sep 13 2019 09:22:10 GMT+0200 (CEST);Fri Sep 13 2019 07:22:10 GMT+0200 (CEST);1568359330000
1380556832687962;23;33.8;Fri Sep 13 2019 09:24:04 GMT+0200 (CEST);Fri Sep 13 2019 07:24:04 GMT+0200 (CEST);1568359444000
1380556832687962;23;33.7;Fri Sep 13 2019 09:26:02 GMT+0200 (CEST);Fri Sep 13 2019 07:26:02 GMT+0200 (CEST);1568359562000
1380556832687962;23;33.8;Fri Sep 13 2019 09:27:55 GMT+0200 (CEST);Fri Sep 13 2019 07:27:55 GMT+0200 (CEST);1568359675000
1380556832687962;23;33.8;Fri Sep 13 2019 09:29:49 GMT+0200 (CEST);Fri Sep 13 2019 07:29:49 GMT+0200 (CEST);1568359789000
1380556832687962;23;33.8;Fri Sep 13 2019 09:31:43 GMT+0200 (CEST);Fri Sep 13 2019 07:31:43 GMT+0200 (CEST);1568359903000
1380556832687962;25.5;34.2;Fri Sep 13 2019 09:33:43 GMT+0200 (CEST);Fri Sep 13 2019 07:33:43 GMT+0200 (CEST);1568360023000
1380556832687962;25.5;34;Fri Sep 13 2019 09:35:40 GMT+0200 (CEST);Fri Sep 13 2019 07:35:40 GMT+0200 (CEST);1568360140000
1380556832687962;25.5;33.9;Fri Sep 13 2019 09:37:38 GMT+0200 (CEST);Fri Sep 13 2019 07:37:38 GMT+0200 (CEST);1568360258000
1380556832687962;25.5;33.8;Fri Sep 13 2019 09:39:37 GMT+0200 (CEST);Fri Sep 13 2019 07:39:37 GMT+0200 (CEST);1568360377000
1380556832687962;25.5;33.9;Fri Sep 13 2019 09:41:36 GMT+0200 (CEST);Fri Sep 13 2019 07:41:36 GMT+0200 (CEST);1568360496000
1380556832687962;25.5;33.9;Fri Sep 13 2019 09:43:30 GMT+0200 (CEST);Fri Sep 13 2019 07:43:30 GMT+0200 (CEST);1568360610000
1380556832687962;25.5;34;Fri Sep 13 2019 09:45:23 GMT+0200 (CEST);Fri Sep 13 2019 07:45:23 GMT+0200 (CEST);1568360723000
1380556832687962;25.5;34;Fri Sep 13 2019 09:47:17 GMT+0200 (CEST);Fri Sep 13 2019 07:47:17 GMT+0200 (CEST);1568360837000
1380556832687962;27.5;34.3;Fri Sep 13 2019 09:49:15 GMT+0200 (CEST);Fri Sep 13 2019 07:49:15 GMT+0200 (CEST);1568360955000
1380556832687962;27.5;34;Fri Sep 13 2019 09:51:09 GMT+0200 (CEST);Fri Sep 13 2019 07:51:09 GMT+0200 (CEST);1568361069000
1380556832687962;27.5;34.1;Fri Sep 13 2019 09:53:17 GMT+0200 (CEST);Fri Sep 13 2019 07:53:17 GMT+0200 (CEST);1568361197000
1380556832687962;27.5;34.3;Fri Sep 13 2019 09:55:15 GMT+0200 (CEST);Fri Sep 13 2019 07:55:15 GMT+0200 (CEST);1568361315000
1380556832687962;27.5;34.2;Fri Sep 13 2019 09:57:04 GMT+0200 (CEST);Fri Sep 13 2019 07:57:04 GMT+0200 (CEST);1568361424000
1380556832687962;29.5;34.2;Fri Sep 13 2019 09:58:57 GMT+0200 (CEST);Fri Sep 13 2019 07:58:57 GMT+0200 (CEST);1568361537000
1380556832687962;29.5;33.9;Fri Sep 13 2019 10:00:50 GMT+0200 (CEST);Fri Sep 13 2019 08:00:50 GMT+0200 (CEST);1568361650000
1380556832687962;29.5;34.1;Fri Sep 13 2019 10:02:48 GMT+0200 (CEST);Fri Sep 13 2019 08:02:48 GMT+0200 (CEST);1568361768000
1380556832687962;29.5;33.9;Fri Sep 13 2019 10:04:42 GMT+0200 (CEST);Fri Sep 13 2019 08:04:42 GMT+0200 (CEST);1568361882000
1380556832687962;29.5;33.9;Fri Sep 13 2019 10:06:35 GMT+0200 (CEST);Fri Sep 13 2019 08:06:35 GMT+0200 (CEST);1568361995000
1380556832687962;30;34.3;Fri Sep 13 2019 10:08:27 GMT+0200 (CEST);Fri Sep 13 2019 08:08:27 GMT+0200 (CEST);1568362107000
1380556832687962;30;33.8;Fri Sep 13 2019 10:10:24 GMT+0200 (CEST);Fri Sep 13 2019 08:10:24 GMT+0200 (CEST);1568362224000
1380556832687962;31.5;34.2;Fri Sep 13 2019 10:12:16 GMT+0200 (CEST);Fri Sep 13 2019 08:12:16 GMT+0200 (CEST);1568362336000
1380556832687962;31.5;33.3;Fri Sep 13 2019 10:14:24 GMT+0200 (CEST);Fri Sep 13 2019 08:14:24 GMT+0200 (CEST);1568362464000
1380556832687962;31.5;33.7;Fri Sep 13 2019 10:16:22 GMT+0200 (CEST);Fri Sep 13 2019 08:16:22 GMT+0200 (CEST);1568362582000
1380556832687962;33.5;32.7;Fri Sep 13 2019 10:18:16 GMT+0200 (CEST);Fri Sep 13 2019 08:18:16 GMT+0200 (CEST);1568362696000
1380556832687962;33.5;32.8;Fri Sep 13 2019 10:20:17 GMT+0200 (CEST);Fri Sep 13 2019 08:20:17 GMT+0200 (CEST);1568362817000
1380556832687962;34;33.8;Fri Sep 13 2019 10:22:25 GMT+0200 (CEST);Fri Sep 13 2019 08:22:25 GMT+0200 (CEST);1568362945000
1380556832687962;34;34.3;Fri Sep 13 2019 10:24:18 GMT+0200 (CEST);Fri Sep 13 2019 08:24:18 GMT+0200 (CEST);1568363058000
1380556832687962;34;32.9;Fri Sep 13 2019 10:26:14 GMT+0200 (CEST);Fri Sep 13 2019 08:26:14 GMT+0200 (CEST);1568363174000
1380556832687962;35.6;33.1;Fri Sep 13 2019 10:28:13 GMT+0200 (CEST);Fri Sep 13 2019 08:28:13 GMT+0200 (CEST);1568363293000
1380556832687962;35.6;33.5;Fri Sep 13 2019 10:30:06 GMT+0200 (CEST);Fri Sep 13 2019 08:30:06 GMT+0200 (CEST);1568363406000
1380556832687962;35.6;33.2;Fri Sep 13 2019 10:32:00 GMT+0200 (CEST);Fri Sep 13 2019 08:32:00 GMT+0200 (CEST);1568363520000
1380556832687962;35.6;33.1;Fri Sep 13 2019 10:33:55 GMT+0200 (CEST);Fri Sep 13 2019 08:33:55 GMT+0200 (CEST);1568363635000
1380556832687962;35.6;33.1;Fri Sep 13 2019 10:35:52 GMT+0200 (CEST);Fri Sep 13 2019 08:35:52 GMT+0200 (CEST);1568363752000
1380556832687962;35.6;33.3;Fri Sep 13 2019 10:37:45 GMT+0200 (CEST);Fri Sep 13 2019 08:37:45 GMT+0200 (CEST);1568363865000
1380556832687962;35.6;33.4;Fri Sep 13 2019 10:39:39 GMT+0200 (CEST);Fri Sep 13 2019 08:39:39 GMT+0200 (CEST);1568363979000
1380556832687962;35.6;33.6;Fri Sep 13 2019 10:41:32 GMT+0200 (CEST);Fri Sep 13 2019 08:41:32 GMT+0200 (CEST);1568364092000
1380556832687962;35.6;33.4;Fri Sep 13 2019 10:43:24 GMT+0200 (CEST);Fri Sep 13 2019 08:43:24 GMT+0200 (CEST);1568364204000
1380556832687962;35.6;33.3;Fri Sep 13 2019 10:45:18 GMT+0200 (CEST);Fri Sep 13 2019 08:45:18 GMT+0200 (CEST);1568364318000
1380556832687962;36.1;33.5;Fri Sep 13 2019 10:47:11 GMT+0200 (CEST);Fri Sep 13 2019 08:47:11 GMT+0200 (CEST);1568364431000
1380556832687962;36.1;33.1;Fri Sep 13 2019 10:49:05 GMT+0200 (CEST);Fri Sep 13 2019 08:49:05 GMT+0200 (CEST);1568364545000
1380556832687962;36.1;33.4;Fri Sep 13 2019 10:51:01 GMT+0200 (CEST);Fri Sep 13 2019 08:51:01 GMT+0200 (CEST);1568364661000
1380556832687962;36.1;33.6;Fri Sep 13 2019 10:52:57 GMT+0200 (CEST);Fri Sep 13 2019 08:52:57 GMT+0200 (CEST);1568364777000
1380556832687962;36.1;32.8;Fri Sep 13 2019 10:54:51 GMT+0200 (CEST);Fri Sep 13 2019 08:54:51 GMT+0200 (CEST);1568364891000
1380556832687962;37.6;33.1;Fri Sep 13 2019 10:56:46 GMT+0200 (CEST);Fri Sep 13 2019 08:56:46 GMT+0200 (CEST);1568365006000
1380556832687962;37.6;33.6;Fri Sep 13 2019 10:58:39 GMT+0200 (CEST);Fri Sep 13 2019 08:58:39 GMT+0200 (CEST);1568365119000
1380556832687962;37.6;32.9;Fri Sep 13 2019 11:00:32 GMT+0200 (CEST);Fri Sep 13 2019 09:00:32 GMT+0200 (CEST);1568365232000
1380556832687962;37.6;33;Fri Sep 13 2019 11:02:25 GMT+0200 (CEST);Fri Sep 13 2019 09:02:25 GMT+0200 (CEST);1568365345000
1380556832687962;37.6;33.1;Fri Sep 13 2019 11:04:54 GMT+0200 (CEST);Fri Sep 13 2019 09:04:54 GMT+0200 (CEST);1568365494000
1380556832687962;37.6;32.9;Fri Sep 13 2019 11:06:47 GMT+0200 (CEST);Fri Sep 13 2019 09:06:47 GMT+0200 (CEST);1568365607000
1380556832687962;37.6;33.1;Fri Sep 13 2019 11:08:42 GMT+0200 (CEST);Fri Sep 13 2019 09:08:42 GMT+0200 (CEST);1568365722000
1380556832687962;37.6;33.6;Fri Sep 13 2019 11:10:40 GMT+0200 (CEST);Fri Sep 13 2019 09:10:40 GMT+0200 (CEST);1568365840000
1380556832687962;37.6;33.3;Fri Sep 13 2019 11:12:34 GMT+0200 (CEST);Fri Sep 13 2019 09:12:34 GMT+0200 (CEST);1568365954000
1380556832687962;38.1;32.9;Fri Sep 13 2019 11:14:29 GMT+0200 (CEST);Fri Sep 13 2019 09:14:29 GMT+0200 (CEST);1568366069000
1380556832687962;38.1;32.4;Fri Sep 13 2019 11:16:22 GMT+0200 (CEST);Fri Sep 13 2019 09:16:22 GMT+0200 (CEST);1568366182000
1380556832687962;38.1;32.7;Fri Sep 13 2019 11:18:16 GMT+0200 (CEST);Fri Sep 13 2019 09:18:16 GMT+0200 (CEST);1568366296000
1380556832687962;39.1;31.8;Fri Sep 13 2019 11:20:10 GMT+0200 (CEST);Fri Sep 13 2019 09:20:10 GMT+0200 (CEST);1568366410000
1380556832687962;39.1;32.5;Fri Sep 13 2019 11:22:26 GMT+0200 (CEST);Fri Sep 13 2019 09:22:26 GMT+0200 (CEST);1568366546000
1380556832687962;39.1;32.1;Fri Sep 13 2019 11:24:19 GMT+0200 (CEST);Fri Sep 13 2019 09:24:19 GMT+0200 (CEST);1568366659000
1380556832687962;39.1;33;Fri Sep 13 2019 11:26:12 GMT+0200 (CEST);Fri Sep 13 2019 09:26:12 GMT+0200 (CEST);1568366772000
1380556832687962;38.1;32.7;Fri Sep 13 2019 11:28:06 GMT+0200 (CEST);Fri Sep 13 2019 09:28:06 GMT+0200 (CEST);1568366886000
1380556832687962;38.1;33.4;Fri Sep 13 2019 11:30:00 GMT+0200 (CEST);Fri Sep 13 2019 09:30:00 GMT+0200 (CEST);1568367000000
1380556832687962;38.1;32.9;Fri Sep 13 2019 11:31:54 GMT+0200 (CEST);Fri Sep 13 2019 09:31:54 GMT+0200 (CEST);1568367114000
1380556832687962;38.1;32.9;Fri Sep 13 2019 11:33:47 GMT+0200 (CEST);Fri Sep 13 2019 09:33:47 GMT+0200 (CEST);1568367227000
1380556832687962;38.1;32.8;Fri Sep 13 2019 11:35:50 GMT+0200 (CEST);Fri Sep 13 2019 09:35:50 GMT+0200 (CEST);1568367350000
1380556832687962;37.6;34.4;Fri Sep 13 2019 11:37:43 GMT+0200 (CEST);Fri Sep 13 2019 09:37:43 GMT+0200 (CEST);1568367463000
1380556832687962;37.6;33.2;Fri Sep 13 2019 11:39:46 GMT+0200 (CEST);Fri Sep 13 2019 09:39:46 GMT+0200 (CEST);1568367586000
1380556832687962;37.6;32.8;Fri Sep 13 2019 11:41:40 GMT+0200 (CEST);Fri Sep 13 2019 09:41:40 GMT+0200 (CEST);1568367700000
1380556832687962;37.6;33.2;Fri Sep 13 2019 11:43:34 GMT+0200 (CEST);Fri Sep 13 2019 09:43:34 GMT+0200 (CEST);1568367814000
1380556832687962;37.6;33.1;Fri Sep 13 2019 11:45:28 GMT+0200 (CEST);Fri Sep 13 2019 09:45:28 GMT+0200 (CEST);1568367928000
1380556832687962;37.6;33.5;Fri Sep 13 2019 11:47:21 GMT+0200 (CEST);Fri Sep 13 2019 09:47:21 GMT+0200 (CEST);1568368041000
1380556832687962;37.6;33.3;Fri Sep 13 2019 11:49:14 GMT+0200 (CEST);Fri Sep 13 2019 09:49:14 GMT+0200 (CEST);1568368154000
1380556832687962;37.6;32.6;Fri Sep 13 2019 11:51:14 GMT+0200 (CEST);Fri Sep 13 2019 09:51:14 GMT+0200 (CEST);1568368274000
1380556832687962;37.6;32.6;Fri Sep 13 2019 11:53:07 GMT+0200 (CEST);Fri Sep 13 2019 09:53:07 GMT+0200 (CEST);1568368387000
1380556832687962;37.6;33.2;Fri Sep 13 2019 11:55:03 GMT+0200 (CEST);Fri Sep 13 2019 09:55:03 GMT+0200 (CEST);1568368503000
1380556832687962;37.6;33.2;Fri Sep 13 2019 11:56:57 GMT+0200 (CEST);Fri Sep 13 2019 09:56:57 GMT+0200 (CEST);1568368617000
1380556832687962;38.1;32.4;Fri Sep 13 2019 11:58:56 GMT+0200 (CEST);Fri Sep 13 2019 09:58:56 GMT+0200 (CEST);1568368736000
1380556832687962;38.1;32.7;Fri Sep 13 2019 12:00:53 GMT+0200 (CEST);Fri Sep 13 2019 10:00:53 GMT+0200 (CEST);1568368853000
1380556832687962;38.1;32.5;Fri Sep 13 2019 12:02:50 GMT+0200 (CEST);Fri Sep 13 2019 10:02:50 GMT+0200 (CEST);1568368970000
1380556832687962;37.6;32.4;Fri Sep 13 2019 12:04:44 GMT+0200 (CEST);Fri Sep 13 2019 10:04:44 GMT+0200 (CEST);1568369084000
1380556832687962;37.6;32.9;Fri Sep 13 2019 12:06:46 GMT+0200 (CEST);Fri Sep 13 2019 10:06:46 GMT+0200 (CEST);1568369206000
1380556832687962;37.6;32.4;Fri Sep 13 2019 12:08:41 GMT+0200 (CEST);Fri Sep 13 2019 10:08:41 GMT+0200 (CEST);1568369321000
1380556832687962;37.6;32.5;Fri Sep 13 2019 12:10:36 GMT+0200 (CEST);Fri Sep 13 2019 10:10:36 GMT+0200 (CEST);1568369436000
1380556832687962;37.6;32.5;Fri Sep 13 2019 12:12:29 GMT+0200 (CEST);Fri Sep 13 2019 10:12:29 GMT+0200 (CEST);1568369549000
1380556832687962;37.6;32.9;Fri Sep 13 2019 12:14:22 GMT+0200 (CEST);Fri Sep 13 2019 10:14:22 GMT+0200 (CEST);1568369662000
1380556832687962;37.6;33;Fri Sep 13 2019 12:16:15 GMT+0200 (CEST);Fri Sep 13 2019 10:16:15 GMT+0200 (CEST);1568369775000
1380556832687962;37.6;33.1;Fri Sep 13 2019 12:18:10 GMT+0200 (CEST);Fri Sep 13 2019 10:18:10 GMT+0200 (CEST);1568369890000
1380556832687962;37.6;33.7;Fri Sep 13 2019 12:20:03 GMT+0200 (CEST);Fri Sep 13 2019 10:20:03 GMT+0200 (CEST);1568370003000
1380556832687962;37.6;34.3;Fri Sep 13 2019 12:21:51 GMT+0200 (CEST);Fri Sep 13 2019 10:21:51 GMT+0200 (CEST);1568370111000
1380556832687962;33.5;38.1;Fri Sep 13 2019 12:23:46 GMT+0200 (CEST);Fri Sep 13 2019 10:23:46 GMT+0200 (CEST);1568370226000
1380556832687962;34;34.3;Fri Sep 13 2019 12:25:39 GMT+0200 (CEST);Fri Sep 13 2019 10:25:39 GMT+0200 (CEST);1568370339000
1380556832687962;34;32.4;Fri Sep 13 2019 12:27:43 GMT+0200 (CEST);Fri Sep 13 2019 10:27:43 GMT+0200 (CEST);1568370463000
1380556832687962;34;32.4;Fri Sep 13 2019 12:29:37 GMT+0200 (CEST);Fri Sep 13 2019 10:29:37 GMT+0200 (CEST);1568370577000
1380556832687962;34;32.2;Fri Sep 13 2019 12:31:30 GMT+0200 (CEST);Fri Sep 13 2019 10:31:30 GMT+0200 (CEST);1568370690000
1380556832687962;34;34.4;Fri Sep 13 2019 12:33:22 GMT+0200 (CEST);Fri Sep 13 2019 10:33:22 GMT+0200 (CEST);1568370802000
1380556832687962;34;32.6;Fri Sep 13 2019 12:35:18 GMT+0200 (CEST);Fri Sep 13 2019 10:35:18 GMT+0200 (CEST);1568370918000
1380556832687962;34;32.8;Fri Sep 13 2019 12:37:11 GMT+0200 (CEST);Fri Sep 13 2019 10:37:11 GMT+0200 (CEST);1568371031000
1380556832687962;34;32.6;Fri Sep 13 2019 12:39:04 GMT+0200 (CEST);Fri Sep 13 2019 10:39:04 GMT+0200 (CEST);1568371144000
1380556832687962;37.6;32.8;Fri Sep 13 2019 12:41:03 GMT+0200 (CEST);Fri Sep 13 2019 10:41:03 GMT+0200 (CEST);1568371263000
1380556832687962;37.6;32.2;Fri Sep 13 2019 12:42:56 GMT+0200 (CEST);Fri Sep 13 2019 10:42:56 GMT+0200 (CEST);1568371376000
1380556832687962;39.1;32.2;Fri Sep 13 2019 12:44:49 GMT+0200 (CEST);Fri Sep 13 2019 10:44:49 GMT+0200 (CEST);1568371489000
1380556832687962;39.1;32.9;Fri Sep 13 2019 12:46:41 GMT+0200 (CEST);Fri Sep 13 2019 10:46:41 GMT+0200 (CEST);1568371601000
1380556832687962;39.1;33;Fri Sep 13 2019 12:48:34 GMT+0200 (CEST);Fri Sep 13 2019 10:48:34 GMT+0200 (CEST);1568371714000
1380556832687962;41.6;31.2;Fri Sep 13 2019 12:50:56 GMT+0200 (CEST);Fri Sep 13 2019 10:50:56 GMT+0200 (CEST);1568371856000
1380556832687962;41.6;31.5;Fri Sep 13 2019 12:52:49 GMT+0200 (CEST);Fri Sep 13 2019 10:52:49 GMT+0200 (CEST);1568371969000
1380556832687962;39.1;34.6;Fri Sep 13 2019 12:54:45 GMT+0200 (CEST);Fri Sep 13 2019 10:54:45 GMT+0200 (CEST);1568372085000
1380556832687962;39.1;34.2;Fri Sep 13 2019 12:56:38 GMT+0200 (CEST);Fri Sep 13 2019 10:56:38 GMT+0200 (CEST);1568372198000
1380556832687962;39.1;34.2;Fri Sep 13 2019 12:58:31 GMT+0200 (CEST);Fri Sep 13 2019 10:58:31 GMT+0200 (CEST);1568372311000
1380556832687962;39.1;34.2;Fri Sep 13 2019 13:00:26 GMT+0200 (CEST);Fri Sep 13 2019 11:00:26 GMT+0200 (CEST);1568372426000
1380556832687962;39.1;33.4;Fri Sep 13 2019 13:02:20 GMT+0200 (CEST);Fri Sep 13 2019 11:02:20 GMT+0200 (CEST);1568372540000
1380556832687962;39.1;33.1;Fri Sep 13 2019 13:04:13 GMT+0200 (CEST);Fri Sep 13 2019 11:04:13 GMT+0200 (CEST);1568372653000
1380556832687962;39.1;32.9;Fri Sep 13 2019 13:06:06 GMT+0200 (CEST);Fri Sep 13 2019 11:06:06 GMT+0200 (CEST);1568372766000
1380556832687962;44.1;32.6;Fri Sep 13 2019 13:07:58 GMT+0200 (CEST);Fri Sep 13 2019 11:07:58 GMT+0200 (CEST);1568372878000
1380556832687962;44.1;31.5;Fri Sep 13 2019 13:09:51 GMT+0200 (CEST);Fri Sep 13 2019 11:09:51 GMT+0200 (CEST);1568372991000
1380556832687962;45.6;31.5;Fri Sep 13 2019 13:11:42 GMT+0200 (CEST);Fri Sep 13 2019 11:11:42 GMT+0200 (CEST);1568373102000
1380556832687962;45.6;32.6;Fri Sep 13 2019 13:13:35 GMT+0200 (CEST);Fri Sep 13 2019 11:13:35 GMT+0200 (CEST);1568373215000
1380556832687962;45.6;31.9;Fri Sep 13 2019 13:15:32 GMT+0200 (CEST);Fri Sep 13 2019 11:15:32 GMT+0200 (CEST);1568373332000
1380556832687962;45.6;31.7;Fri Sep 13 2019 13:17:25 GMT+0200 (CEST);Fri Sep 13 2019 11:17:25 GMT+0200 (CEST);1568373445000
1380556832687962;47.6;32.3;Fri Sep 13 2019 13:20:10 GMT+0200 (CEST);Fri Sep 13 2019 11:20:10 GMT+0200 (CEST);1568373610000
1380556832687962;47.6;31.6;Fri Sep 13 2019 13:22:07 GMT+0200 (CEST);Fri Sep 13 2019 11:22:07 GMT+0200 (CEST);1568373727000
1380556832687962;47.6;32.4;Fri Sep 13 2019 13:24:28 GMT+0200 (CEST);Fri Sep 13 2019 11:24:28 GMT+0200 (CEST);1568373868000
1380556832687962;47.6;32.8;Fri Sep 13 2019 13:26:26 GMT+0200 (CEST);Fri Sep 13 2019 11:26:26 GMT+0200 (CEST);1568373986000
1380556832687962;47.6;32.6;Fri Sep 13 2019 13:28:20 GMT+0200 (CEST);Fri Sep 13 2019 11:28:20 GMT+0200 (CEST);1568374100000
1380556832687962;46.1;31.7;Fri Sep 13 2019 13:30:21 GMT+0200 (CEST);Fri Sep 13 2019 11:30:21 GMT+0200 (CEST);1568374221000
1380556832687962;46.1;31.7;Fri Sep 13 2019 13:32:20 GMT+0200 (CEST);Fri Sep 13 2019 11:32:20 GMT+0200 (CEST);1568374340000
1380556832687962;47.6;30.4;Fri Sep 13 2019 13:34:13 GMT+0200 (CEST);Fri Sep 13 2019 11:34:13 GMT+0200 (CEST);1568374453000
1380556832687962;47.6;30.7;Fri Sep 13 2019 13:36:07 GMT+0200 (CEST);Fri Sep 13 2019 11:36:07 GMT+0200 (CEST);1568374567000
1380556832687962;47.6;31.3;Fri Sep 13 2019 13:37:59 GMT+0200 (CEST);Fri Sep 13 2019 11:37:59 GMT+0200 (CEST);1568374679000
1380556832687962;47.6;32;Fri Sep 13 2019 13:40:09 GMT+0200 (CEST);Fri Sep 13 2019 11:40:09 GMT+0200 (CEST);1568374809000
1380556832687962;47.6;32.1;Fri Sep 13 2019 13:42:02 GMT+0200 (CEST);Fri Sep 13 2019 11:42:02 GMT+0200 (CEST);1568374922000
1380556832687962;47.6;31.8;Fri Sep 13 2019 13:43:56 GMT+0200 (CEST);Fri Sep 13 2019 11:43:56 GMT+0200 (CEST);1568375036000
1380556832687962;47.6;31.8;Fri Sep 13 2019 13:45:51 GMT+0200 (CEST);Fri Sep 13 2019 11:45:51 GMT+0200 (CEST);1568375151000
1380556832687962;47.6;32;Fri Sep 13 2019 13:47:48 GMT+0200 (CEST);Fri Sep 13 2019 11:47:48 GMT+0200 (CEST);1568375268000
1380556832687962;47.6;32.4;Fri Sep 13 2019 13:49:41 GMT+0200 (CEST);Fri Sep 13 2019 11:49:41 GMT+0200 (CEST);1568375381000
1380556832687962;47.6;32.5;Fri Sep 13 2019 13:51:35 GMT+0200 (CEST);Fri Sep 13 2019 11:51:35 GMT+0200 (CEST);1568375495000
1380556832687962;41.6;32.6;Fri Sep 13 2019 13:53:28 GMT+0200 (CEST);Fri Sep 13 2019 11:53:28 GMT+0200 (CEST);1568375608000
1380556832687962;41.6;31.9;Fri Sep 13 2019 13:55:35 GMT+0200 (CEST);Fri Sep 13 2019 11:55:35 GMT+0200 (CEST);1568375735000
1380556832687962;41.6;32.2;Fri Sep 13 2019 13:57:28 GMT+0200 (CEST);Fri Sep 13 2019 11:57:28 GMT+0200 (CEST);1568375848000
1380556832687962;41.6;32.4;Fri Sep 13 2019 13:59:22 GMT+0200 (CEST);Fri Sep 13 2019 11:59:22 GMT+0200 (CEST);1568375962000
1380556832687962;38.1;32.6;Fri Sep 13 2019 14:01:16 GMT+0200 (CEST);Fri Sep 13 2019 12:01:16 GMT+0200 (CEST);1568376076000
1380556832687962;38.1;32.6;Fri Sep 13 2019 14:03:09 GMT+0200 (CEST);Fri Sep 13 2019 12:03:09 GMT+0200 (CEST);1568376189000
1380556832687962;38.1;32.5;Fri Sep 13 2019 14:05:02 GMT+0200 (CEST);Fri Sep 13 2019 12:05:02 GMT+0200 (CEST);1568376302000
1380556832687962;37.6;32.5;Fri Sep 13 2019 14:06:55 GMT+0200 (CEST);Fri Sep 13 2019 12:06:55 GMT+0200 (CEST);1568376415000
1380556832687962;37.6;32.5;Fri Sep 13 2019 14:08:48 GMT+0200 (CEST);Fri Sep 13 2019 12:08:48 GMT+0200 (CEST);1568376528000
1380556832687962;37.6;32.9;Fri Sep 13 2019 14:10:41 GMT+0200 (CEST);Fri Sep 13 2019 12:10:41 GMT+0200 (CEST);1568376641000
1380556832687962;37.6;33.1;Fri Sep 13 2019 14:12:34 GMT+0200 (CEST);Fri Sep 13 2019 12:12:34 GMT+0200 (CEST);1568376754000
1380556832687962;37.6;33.1;Fri Sep 13 2019 14:14:26 GMT+0200 (CEST);Fri Sep 13 2019 12:14:26 GMT+0200 (CEST);1568376866000
1380556832687962;37.6;32.9;Fri Sep 13 2019 14:16:20 GMT+0200 (CEST);Fri Sep 13 2019 12:16:20 GMT+0200 (CEST);1568376980000
1380556832687962;37.6;32.8;Fri Sep 13 2019 14:18:14 GMT+0200 (CEST);Fri Sep 13 2019 12:18:14 GMT+0200 (CEST);1568377094000
1380556832687962;37.6;32.8;Fri Sep 13 2019 14:20:07 GMT+0200 (CEST);Fri Sep 13 2019 12:20:07 GMT+0200 (CEST);1568377207000
1380556832687962;37.6;32.7;Fri Sep 13 2019 14:22:11 GMT+0200 (CEST);Fri Sep 13 2019 12:22:11 GMT+0200 (CEST);1568377331000
1380556832687962;37.6;33.6;Fri Sep 13 2019 14:24:06 GMT+0200 (CEST);Fri Sep 13 2019 12:24:06 GMT+0200 (CEST);1568377446000
1380556832687962;37.6;32.6;Fri Sep 13 2019 14:26:00 GMT+0200 (CEST);Fri Sep 13 2019 12:26:00 GMT+0200 (CEST);1568377560000
1380556832687962;37.6;32.7;Fri Sep 13 2019 14:27:55 GMT+0200 (CEST);Fri Sep 13 2019 12:27:55 GMT+0200 (CEST);1568377675000
1380556832687962;37.6;32.6;Fri Sep 13 2019 14:29:48 GMT+0200 (CEST);Fri Sep 13 2019 12:29:48 GMT+0200 (CEST);1568377788000
1380556832687962;37.6;32.9;Fri Sep 13 2019 14:31:46 GMT+0200 (CEST);Fri Sep 13 2019 12:31:46 GMT+0200 (CEST);1568377906000
1380556832687962;37.6;32.9;Fri Sep 13 2019 14:33:43 GMT+0200 (CEST);Fri Sep 13 2019 12:33:43 GMT+0200 (CEST);1568378023000
1380556832687962;37.6;32.5;Fri Sep 13 2019 14:35:43 GMT+0200 (CEST);Fri Sep 13 2019 12:35:43 GMT+0200 (CEST);1568378143000
1380556832687962;37.6;32.6;Fri Sep 13 2019 14:37:41 GMT+0200 (CEST);Fri Sep 13 2019 12:37:41 GMT+0200 (CEST);1568378261000
1380556832687962;37.6;32.4;Fri Sep 13 2019 14:39:34 GMT+0200 (CEST);Fri Sep 13 2019 12:39:34 GMT+0200 (CEST);1568378374000
1380556832687962;37.6;32.3;Fri Sep 13 2019 14:41:28 GMT+0200 (CEST);Fri Sep 13 2019 12:41:28 GMT+0200 (CEST);1568378488000
1380556832687962;37.6;32.3;Fri Sep 13 2019 14:43:21 GMT+0200 (CEST);Fri Sep 13 2019 12:43:21 GMT+0200 (CEST);1568378601000
1380556832687962;37.6;32.5;Fri Sep 13 2019 14:45:21 GMT+0200 (CEST);Fri Sep 13 2019 12:45:21 GMT+0200 (CEST);1568378721000
1380556832687962;37.6;32.9;Fri Sep 13 2019 14:47:14 GMT+0200 (CEST);Fri Sep 13 2019 12:47:14 GMT+0200 (CEST);1568378834000
1380556832687962;37.6;32.9;Fri Sep 13 2019 14:49:12 GMT+0200 (CEST);Fri Sep 13 2019 12:49:12 GMT+0200 (CEST);1568378952000
1380556832687962;37.6;33.1;Fri Sep 13 2019 14:51:14 GMT+0200 (CEST);Fri Sep 13 2019 12:51:14 GMT+0200 (CEST);1568379074000
1380556832687962;37.6;33.2;Fri Sep 13 2019 14:53:07 GMT+0200 (CEST);Fri Sep 13 2019 12:53:07 GMT+0200 (CEST);1568379187000
1380556832687962;35.6;33.2;Fri Sep 13 2019 14:55:00 GMT+0200 (CEST);Fri Sep 13 2019 12:55:00 GMT+0200 (CEST);1568379300000
1380556832687962;35.6;33.1;Fri Sep 13 2019 14:56:52 GMT+0200 (CEST);Fri Sep 13 2019 12:56:52 GMT+0200 (CEST);1568379412000
1380556832687962;35.6;32.9;Fri Sep 13 2019 14:58:50 GMT+0200 (CEST);Fri Sep 13 2019 12:58:50 GMT+0200 (CEST);1568379530000
1380556832687962;35.6;32.8;Fri Sep 13 2019 15:00:43 GMT+0200 (CEST);Fri Sep 13 2019 13:00:43 GMT+0200 (CEST);1568379643000
1380556832687962;35.6;32.8;Fri Sep 13 2019 15:02:36 GMT+0200 (CEST);Fri Sep 13 2019 13:02:36 GMT+0200 (CEST);1568379756000
1380556832687962;35.6;32.7;Fri Sep 13 2019 15:04:29 GMT+0200 (CEST);Fri Sep 13 2019 13:04:29 GMT+0200 (CEST);1568379869000
1380556832687962;35.6;32.7;Fri Sep 13 2019 15:06:56 GMT+0200 (CEST);Fri Sep 13 2019 13:06:56 GMT+0200 (CEST);1568380016000
1380556832687962;35.6;32.1;Fri Sep 13 2019 15:08:49 GMT+0200 (CEST);Fri Sep 13 2019 13:08:49 GMT+0200 (CEST);1568380129000
1380556832687962;35.6;32.1;Fri Sep 13 2019 15:10:41 GMT+0200 (CEST);Fri Sep 13 2019 13:10:41 GMT+0200 (CEST);1568380241000
1380556832687962;35.6;32.3;Fri Sep 13 2019 15:12:35 GMT+0200 (CEST);Fri Sep 13 2019 13:12:35 GMT+0200 (CEST);1568380355000
1380556832687962;35.6;32.3;Fri Sep 13 2019 15:14:30 GMT+0200 (CEST);Fri Sep 13 2019 13:14:30 GMT+0200 (CEST);1568380470000
1380556832687962;35.6;32.3;Fri Sep 13 2019 15:16:23 GMT+0200 (CEST);Fri Sep 13 2019 13:16:23 GMT+0200 (CEST);1568380583000
1380556832687962;35.6;33;Fri Sep 13 2019 15:18:16 GMT+0200 (CEST);Fri Sep 13 2019 13:18:16 GMT+0200 (CEST);1568380696000
1380556832687962;35.6;32.8;Fri Sep 13 2019 15:20:15 GMT+0200 (CEST);Fri Sep 13 2019 13:20:15 GMT+0200 (CEST);1568380815000
1380556832687962;35.6;32.8;Fri Sep 13 2019 15:22:10 GMT+0200 (CEST);Fri Sep 13 2019 13:22:10 GMT+0200 (CEST);1568380930000
1380556832687962;34;32.7;Fri Sep 13 2019 15:24:03 GMT+0200 (CEST);Fri Sep 13 2019 13:24:03 GMT+0200 (CEST);1568381043000
1380556832687962;34;32.5;Fri Sep 13 2019 15:26:06 GMT+0200 (CEST);Fri Sep 13 2019 13:26:06 GMT+0200 (CEST);1568381166000
1380556832687962;34;32.6;Fri Sep 13 2019 15:27:59 GMT+0200 (CEST);Fri Sep 13 2019 13:27:59 GMT+0200 (CEST);1568381279000
1380556832687962;34;32.7;Fri Sep 13 2019 15:29:53 GMT+0200 (CEST);Fri Sep 13 2019 13:29:53 GMT+0200 (CEST);1568381393000
1380556832687962;34;32.9;Fri Sep 13 2019 15:31:46 GMT+0200 (CEST);Fri Sep 13 2019 13:31:46 GMT+0200 (CEST);1568381506000
1380556832687962;34;33;Fri Sep 13 2019 15:33:39 GMT+0200 (CEST);Fri Sep 13 2019 13:33:39 GMT+0200 (CEST);1568381619000
1380556832687962;33.5;33;Fri Sep 13 2019 15:35:32 GMT+0200 (CEST);Fri Sep 13 2019 13:35:32 GMT+0200 (CEST);1568381732000
1380556832687962;33.5;33;Fri Sep 13 2019 15:37:46 GMT+0200 (CEST);Fri Sep 13 2019 13:37:46 GMT+0200 (CEST);1568381866000
1380556832687962;33.5;33;Fri Sep 13 2019 15:39:39 GMT+0200 (CEST);Fri Sep 13 2019 13:39:39 GMT+0200 (CEST);1568381979000
1380556832687962;33.5;33;Fri Sep 13 2019 15:41:32 GMT+0200 (CEST);Fri Sep 13 2019 13:41:32 GMT+0200 (CEST);1568382092000
1380556832687962;33.5;32.7;Fri Sep 13 2019 15:43:25 GMT+0200 (CEST);Fri Sep 13 2019 13:43:25 GMT+0200 (CEST);1568382205000
1380556832687962;33.5;32.6;Fri Sep 13 2019 15:45:20 GMT+0200 (CEST);Fri Sep 13 2019 13:45:20 GMT+0200 (CEST);1568382320000
1380556832687962;33.5;32.5;Fri Sep 13 2019 15:47:14 GMT+0200 (CEST);Fri Sep 13 2019 13:47:14 GMT+0200 (CEST);1568382434000
1380556832687962;33.5;32.6;Fri Sep 13 2019 15:49:08 GMT+0200 (CEST);Fri Sep 13 2019 13:49:08 GMT+0200 (CEST);1568382548000
1380556832687962;33.5;32.5;Fri Sep 13 2019 15:51:01 GMT+0200 (CEST);Fri Sep 13 2019 13:51:01 GMT+0200 (CEST);1568382661000
1380556832687962;33.5;32.5;Fri Sep 13 2019 15:53:55 GMT+0200 (CEST);Fri Sep 13 2019 13:53:55 GMT+0200 (CEST);1568382835000
1380556832687962;33.5;32.2;Fri Sep 13 2019 15:55:53 GMT+0200 (CEST);Fri Sep 13 2019 13:55:53 GMT+0200 (CEST);1568382953000
1380556832687962;33.5;32.3;Fri Sep 13 2019 15:57:46 GMT+0200 (CEST);Fri Sep 13 2019 13:57:46 GMT+0200 (CEST);1568383066000
1380556832687962;33.5;32;Fri Sep 13 2019 15:59:39 GMT+0200 (CEST);Fri Sep 13 2019 13:59:39 GMT+0200 (CEST);1568383179000
1380556832687962;33.5;31.9;Fri Sep 13 2019 16:01:36 GMT+0200 (CEST);Fri Sep 13 2019 14:01:36 GMT+0200 (CEST);1568383296000
1380556832687962;33.5;31.8;Fri Sep 13 2019 16:03:28 GMT+0200 (CEST);Fri Sep 13 2019 14:03:28 GMT+0200 (CEST);1568383408000
1380556832687962;33.5;31.9;Fri Sep 13 2019 16:05:33 GMT+0200 (CEST);Fri Sep 13 2019 14:05:33 GMT+0200 (CEST);1568383533000
1380556832687962;33.5;32.1;Fri Sep 13 2019 16:07:19 GMT+0200 (CEST);Fri Sep 13 2019 14:07:19 GMT+0200 (CEST);1568383639000
1380556832687962;33.5;32.3;Fri Sep 13 2019 16:09:06 GMT+0200 (CEST);Fri Sep 13 2019 14:09:06 GMT+0200 (CEST);1568383746000
1380556832687962;33.5;32.6;Fri Sep 13 2019 16:11:00 GMT+0200 (CEST);Fri Sep 13 2019 14:11:00 GMT+0200 (CEST);1568383860000
1380556832687962;33.5;32.5;Fri Sep 13 2019 16:12:53 GMT+0200 (CEST);Fri Sep 13 2019 14:12:53 GMT+0200 (CEST);1568383973000
1380556832687962;30;32.5;Fri Sep 13 2019 16:14:48 GMT+0200 (CEST);Fri Sep 13 2019 14:14:48 GMT+0200 (CEST);1568384088000
1380556832687962;30;32.3;Fri Sep 13 2019 16:16:58 GMT+0200 (CEST);Fri Sep 13 2019 14:16:58 GMT+0200 (CEST);1568384218000
1380556832687962;30;32.5;Fri Sep 13 2019 16:18:51 GMT+0200 (CEST);Fri Sep 13 2019 14:18:51 GMT+0200 (CEST);1568384331000
1380556832687962;30;32.3;Fri Sep 13 2019 16:20:53 GMT+0200 (CEST);Fri Sep 13 2019 14:20:53 GMT+0200 (CEST);1568384453000
1380556832687962;30;32.5;Fri Sep 13 2019 16:22:46 GMT+0200 (CEST);Fri Sep 13 2019 14:22:46 GMT+0200 (CEST);1568384566000
1380556832687962;30;32.5;Fri Sep 13 2019 16:25:00 GMT+0200 (CEST);Fri Sep 13 2019 14:25:00 GMT+0200 (CEST);1568384700000
1380556832687962;30;32.5;Fri Sep 13 2019 16:26:56 GMT+0200 (CEST);Fri Sep 13 2019 14:26:56 GMT+0200 (CEST);1568384816000
1380556832687962;30;32.3;Fri Sep 13 2019 16:28:50 GMT+0200 (CEST);Fri Sep 13 2019 14:28:50 GMT+0200 (CEST);1568384930000
1380556832687962;30;32.1;Fri Sep 13 2019 16:30:52 GMT+0200 (CEST);Fri Sep 13 2019 14:30:52 GMT+0200 (CEST);1568385052000
1380556832687962;30;32.3;Fri Sep 13 2019 16:32:46 GMT+0200 (CEST);Fri Sep 13 2019 14:32:46 GMT+0200 (CEST);1568385166000
1380556832687962;30;32.4;Fri Sep 13 2019 16:34:38 GMT+0200 (CEST);Fri Sep 13 2019 14:34:38 GMT+0200 (CEST);1568385278000
1380556832687962;30;32.4;Fri Sep 13 2019 16:36:31 GMT+0200 (CEST);Fri Sep 13 2019 14:36:31 GMT+0200 (CEST);1568385391000
1380556832687962;30;32.3;Fri Sep 13 2019 16:38:28 GMT+0200 (CEST);Fri Sep 13 2019 14:38:28 GMT+0200 (CEST);1568385508000
1380556832687962;30;32.2;Fri Sep 13 2019 16:40:23 GMT+0200 (CEST);Fri Sep 13 2019 14:40:23 GMT+0200 (CEST);1568385623000
1380556832687962;30;32.3;Fri Sep 13 2019 16:42:16 GMT+0200 (CEST);Fri Sep 13 2019 14:42:16 GMT+0200 (CEST);1568385736000
1380556832687962;30;32.4;Fri Sep 13 2019 16:43:59 GMT+0200 (CEST);Fri Sep 13 2019 14:43:59 GMT+0200 (CEST);1568385839000
1380556832687962;30;32.4;Fri Sep 13 2019 16:45:52 GMT+0200 (CEST);Fri Sep 13 2019 14:45:52 GMT+0200 (CEST);1568385952000
1380556832687962;30;32;Fri Sep 13 2019 16:47:48 GMT+0200 (CEST);Fri Sep 13 2019 14:47:48 GMT+0200 (CEST);1568386068000
1380556832687962;30;32;Fri Sep 13 2019 16:49:41 GMT+0200 (CEST);Fri Sep 13 2019 14:49:41 GMT+0200 (CEST);1568386181000
1380556832687962;30;32.1;Fri Sep 13 2019 16:51:34 GMT+0200 (CEST);Fri Sep 13 2019 14:51:34 GMT+0200 (CEST);1568386294000
1380556832687962;30;32.3;Fri Sep 13 2019 16:53:26 GMT+0200 (CEST);Fri Sep 13 2019 14:53:26 GMT+0200 (CEST);1568386406000
1380556832687962;30;32.3;Fri Sep 13 2019 16:55:57 GMT+0200 (CEST);Fri Sep 13 2019 14:55:57 GMT+0200 (CEST);1568386557000
1380556832687962;30;32.3;Fri Sep 13 2019 16:57:50 GMT+0200 (CEST);Fri Sep 13 2019 14:57:50 GMT+0200 (CEST);1568386670000
1380556832687962;30;32.5;Fri Sep 13 2019 16:59:45 GMT+0200 (CEST);Fri Sep 13 2019 14:59:45 GMT+0200 (CEST);1568386785000
1380556832687962;30;32.4;Fri Sep 13 2019 17:01:46 GMT+0200 (CEST);Fri Sep 13 2019 15:01:46 GMT+0200 (CEST);1568386906000
1380556832687962;29.5;32.4;Fri Sep 13 2019 17:03:43 GMT+0200 (CEST);Fri Sep 13 2019 15:03:43 GMT+0200 (CEST);1568387023000
1380556832687962;29.5;32.5;Fri Sep 13 2019 17:05:39 GMT+0200 (CEST);Fri Sep 13 2019 15:05:39 GMT+0200 (CEST);1568387139000
1380556832687962;29.5;32.4;Fri Sep 13 2019 17:07:39 GMT+0200 (CEST);Fri Sep 13 2019 15:07:39 GMT+0200 (CEST);1568387259000
1380556832687962;29.5;32.3;Fri Sep 13 2019 17:09:33 GMT+0200 (CEST);Fri Sep 13 2019 15:09:33 GMT+0200 (CEST);1568387373000
1380556832687962;29.5;31.8;Fri Sep 13 2019 17:11:28 GMT+0200 (CEST);Fri Sep 13 2019 15:11:28 GMT+0200 (CEST);1568387488000
1380556832687962;29.5;31.8;Fri Sep 13 2019 17:13:21 GMT+0200 (CEST);Fri Sep 13 2019 15:13:21 GMT+0200 (CEST);1568387601000
1380556832687962;29.5;32.1;Fri Sep 13 2019 17:15:18 GMT+0200 (CEST);Fri Sep 13 2019 15:15:18 GMT+0200 (CEST);1568387718000
1380556832687962;29.5;32.5;Fri Sep 13 2019 17:17:11 GMT+0200 (CEST);Fri Sep 13 2019 15:17:11 GMT+0200 (CEST);1568387831000
1380556832687962;29.5;32.5;Fri Sep 13 2019 17:19:05 GMT+0200 (CEST);Fri Sep 13 2019 15:19:05 GMT+0200 (CEST);1568387945000
1380556832687962;29.5;32.3;Fri Sep 13 2019 17:21:15 GMT+0200 (CEST);Fri Sep 13 2019 15:21:15 GMT+0200 (CEST);1568388075000
1380556832687962;29.5;32.1;Fri Sep 13 2019 17:23:09 GMT+0200 (CEST);Fri Sep 13 2019 15:23:09 GMT+0200 (CEST);1568388189000
1380556832687962;29.5;31.9;Fri Sep 13 2019 17:25:02 GMT+0200 (CEST);Fri Sep 13 2019 15:25:02 GMT+0200 (CEST);1568388302000
1380556832687962;29.5;31.6;Fri Sep 13 2019 17:26:54 GMT+0200 (CEST);Fri Sep 13 2019 15:26:54 GMT+0200 (CEST);1568388414000
1380556832687962;29.5;31.4;Fri Sep 13 2019 17:28:49 GMT+0200 (CEST);Fri Sep 13 2019 15:28:49 GMT+0200 (CEST);1568388529000
1380556832687962;29.5;31.4;Fri Sep 13 2019 17:30:42 GMT+0200 (CEST);Fri Sep 13 2019 15:30:42 GMT+0200 (CEST);1568388642000
1380556832687962;29.5;31.2;Fri Sep 13 2019 17:32:35 GMT+0200 (CEST);Fri Sep 13 2019 15:32:35 GMT+0200 (CEST);1568388755000
1380556832687962;29.5;31.1;Fri Sep 13 2019 17:34:51 GMT+0200 (CEST);Fri Sep 13 2019 15:34:51 GMT+0200 (CEST);1568388891000
1380556832687962;29.5;30.7;Fri Sep 13 2019 17:36:49 GMT+0200 (CEST);Fri Sep 13 2019 15:36:49 GMT+0200 (CEST);1568389009000
1380556832687962;29.5;30.9;Fri Sep 13 2019 17:38:42 GMT+0200 (CEST);Fri Sep 13 2019 15:38:42 GMT+0200 (CEST);1568389122000
1380556832687962;29.5;30.4;Fri Sep 13 2019 17:40:25 GMT+0200 (CEST);Fri Sep 13 2019 15:40:25 GMT+0200 (CEST);1568389225000
1380556832687962;27.5;29.6;Fri Sep 13 2019 17:42:18 GMT+0200 (CEST);Fri Sep 13 2019 15:42:18 GMT+0200 (CEST);1568389338000
1380556832687962;27.5;30.4;Fri Sep 13 2019 17:44:11 GMT+0200 (CEST);Fri Sep 13 2019 15:44:11 GMT+0200 (CEST);1568389451000
1380556832687962;27.5;30.8;Fri Sep 13 2019 17:46:05 GMT+0200 (CEST);Fri Sep 13 2019 15:46:05 GMT+0200 (CEST);1568389565000
1380556832687962;27.5;30.9;Fri Sep 13 2019 17:47:57 GMT+0200 (CEST);Fri Sep 13 2019 15:47:57 GMT+0200 (CEST);1568389677000
1380556832687962;27.5;30.9;Fri Sep 13 2019 17:49:50 GMT+0200 (CEST);Fri Sep 13 2019 15:49:50 GMT+0200 (CEST);1568389790000
1380556832687962;27.5;30.9;Fri Sep 13 2019 17:51:53 GMT+0200 (CEST);Fri Sep 13 2019 15:51:53 GMT+0200 (CEST);1568389913000
1380556832687962;27.5;30.7;Fri Sep 13 2019 17:53:46 GMT+0200 (CEST);Fri Sep 13 2019 15:53:46 GMT+0200 (CEST);1568390026000
1380556832687962;27.5;30.7;Fri Sep 13 2019 17:55:54 GMT+0200 (CEST);Fri Sep 13 2019 15:55:54 GMT+0200 (CEST);1568390154000
1380556832687962;27.5;30.7;Fri Sep 13 2019 17:57:47 GMT+0200 (CEST);Fri Sep 13 2019 15:57:47 GMT+0200 (CEST);1568390267000
1380556832687962;27.5;31;Fri Sep 13 2019 17:59:42 GMT+0200 (CEST);Fri Sep 13 2019 15:59:42 GMT+0200 (CEST);1568390382000
1380556832687962;27.5;31.1;Fri Sep 13 2019 18:01:36 GMT+0200 (CEST);Fri Sep 13 2019 16:01:36 GMT+0200 (CEST);1568390496000
1380556832687962;27.5;31.3;Fri Sep 13 2019 18:03:41 GMT+0200 (CEST);Fri Sep 13 2019 16:03:41 GMT+0200 (CEST);1568390621000
1380556832687962;27.5;31.4;Fri Sep 13 2019 18:05:36 GMT+0200 (CEST);Fri Sep 13 2019 16:05:36 GMT+0200 (CEST);1568390736000
1380556832687962;27.5;31.3;Fri Sep 13 2019 18:07:35 GMT+0200 (CEST);Fri Sep 13 2019 16:07:35 GMT+0200 (CEST);1568390855000
1380556832687962;27.5;31.2;Fri Sep 13 2019 18:09:28 GMT+0200 (CEST);Fri Sep 13 2019 16:09:28 GMT+0200 (CEST);1568390968000
1380556832687962;27.5;31;Fri Sep 13 2019 18:11:22 GMT+0200 (CEST);Fri Sep 13 2019 16:11:22 GMT+0200 (CEST);1568391082000
1380556832687962;27.5;31;Fri Sep 13 2019 18:13:15 GMT+0200 (CEST);Fri Sep 13 2019 16:13:15 GMT+0200 (CEST);1568391195000
1380556832687962;27.5;30.9;Fri Sep 13 2019 18:15:08 GMT+0200 (CEST);Fri Sep 13 2019 16:15:08 GMT+0200 (CEST);1568391308000
1380556832687962;27.5;31;Fri Sep 13 2019 18:17:03 GMT+0200 (CEST);Fri Sep 13 2019 16:17:03 GMT+0200 (CEST);1568391423000
1380556832687962;27.5;31;Fri Sep 13 2019 18:18:55 GMT+0200 (CEST);Fri Sep 13 2019 16:18:55 GMT+0200 (CEST);1568391535000
1380556832687962;27.5;30.9;Fri Sep 13 2019 18:20:48 GMT+0200 (CEST);Fri Sep 13 2019 16:20:48 GMT+0200 (CEST);1568391648000
1380556832687962;27.5;31;Fri Sep 13 2019 18:22:42 GMT+0200 (CEST);Fri Sep 13 2019 16:22:42 GMT+0200 (CEST);1568391762000
1380556832687962;27.5;30.9;Fri Sep 13 2019 18:24:37 GMT+0200 (CEST);Fri Sep 13 2019 16:24:37 GMT+0200 (CEST);1568391877000
1380556832687962;27.5;30.9;Fri Sep 13 2019 18:26:30 GMT+0200 (CEST);Fri Sep 13 2019 16:26:30 GMT+0200 (CEST);1568391990000
1380556832687962;27.5;30.8;Fri Sep 13 2019 18:28:22 GMT+0200 (CEST);Fri Sep 13 2019 16:28:22 GMT+0200 (CEST);1568392102000
1380556832687962;27.5;30.7;Fri Sep 13 2019 18:30:29 GMT+0200 (CEST);Fri Sep 13 2019 16:30:29 GMT+0200 (CEST);1568392229000
1380556832687962;26;30.7;Fri Sep 13 2019 18:32:22 GMT+0200 (CEST);Fri Sep 13 2019 16:32:22 GMT+0200 (CEST);1568392342000
1380556832687962;26;30.8;Fri Sep 13 2019 18:34:16 GMT+0200 (CEST);Fri Sep 13 2019 16:34:16 GMT+0200 (CEST);1568392456000
1380556832687962;26;30.7;Fri Sep 13 2019 18:36:16 GMT+0200 (CEST);Fri Sep 13 2019 16:36:16 GMT+0200 (CEST);1568392576000
1380556832687962;26;30.7;Fri Sep 13 2019 18:38:23 GMT+0200 (CEST);Fri Sep 13 2019 16:38:23 GMT+0200 (CEST);1568392703000
1380556832687962;26;30.9;Fri Sep 13 2019 18:40:22 GMT+0200 (CEST);Fri Sep 13 2019 16:40:22 GMT+0200 (CEST);1568392822000
1380556832687962;26;30.7;Fri Sep 13 2019 18:42:16 GMT+0200 (CEST);Fri Sep 13 2019 16:42:16 GMT+0200 (CEST);1568392936000
1380556832687962;26;30.9;Fri Sep 13 2019 18:44:11 GMT+0200 (CEST);Fri Sep 13 2019 16:44:11 GMT+0200 (CEST);1568393051000
1380556832687962;26;30.5;Fri Sep 13 2019 18:46:06 GMT+0200 (CEST);Fri Sep 13 2019 16:46:06 GMT+0200 (CEST);1568393166000
1380556832687962;26;30.8;Fri Sep 13 2019 18:47:59 GMT+0200 (CEST);Fri Sep 13 2019 16:47:59 GMT+0200 (CEST);1568393279000
1380556832687962;26;30.1;Fri Sep 13 2019 18:49:54 GMT+0200 (CEST);Fri Sep 13 2019 16:49:54 GMT+0200 (CEST);1568393394000
1380556832687962;26;30.4;Fri Sep 13 2019 18:51:48 GMT+0200 (CEST);Fri Sep 13 2019 16:51:48 GMT+0200 (CEST);1568393508000
1380556832687962;26;28.7;Fri Sep 13 2019 18:53:54 GMT+0200 (CEST);Fri Sep 13 2019 16:53:54 GMT+0200 (CEST);1568393634000
1380556832687962;25.5;29.9;Fri Sep 13 2019 18:55:46 GMT+0200 (CEST);Fri Sep 13 2019 16:55:46 GMT+0200 (CEST);1568393746000
1380556832687962;25.5;28.6;Fri Sep 13 2019 18:57:42 GMT+0200 (CEST);Fri Sep 13 2019 16:57:42 GMT+0200 (CEST);1568393862000
1380556832687962;25.5;29.7;Fri Sep 13 2019 18:59:39 GMT+0200 (CEST);Fri Sep 13 2019 16:59:39 GMT+0200 (CEST);1568393979000
1380556832687962;25.5;29.3;Fri Sep 13 2019 19:01:32 GMT+0200 (CEST);Fri Sep 13 2019 17:01:32 GMT+0200 (CEST);1568394092000
1380556832687962;25.5;29.3;Fri Sep 13 2019 19:03:25 GMT+0200 (CEST);Fri Sep 13 2019 17:03:25 GMT+0200 (CEST);1568394205000
1380556832687962;23;28.2;Fri Sep 13 2019 19:05:20 GMT+0200 (CEST);Fri Sep 13 2019 17:05:20 GMT+0200 (CEST);1568394320000
1380556832687962;23;27.1;Fri Sep 13 2019 19:07:13 GMT+0200 (CEST);Fri Sep 13 2019 17:07:13 GMT+0200 (CEST);1568394433000
1380556832687962;23;27.3;Fri Sep 13 2019 19:09:12 GMT+0200 (CEST);Fri Sep 13 2019 17:09:12 GMT+0200 (CEST);1568394552000
1380556832687962;23;26.9;Fri Sep 13 2019 19:11:07 GMT+0200 (CEST);Fri Sep 13 2019 17:11:07 GMT+0200 (CEST);1568394667000
1380556832687962;23;28;Fri Sep 13 2019 19:13:00 GMT+0200 (CEST);Fri Sep 13 2019 17:13:00 GMT+0200 (CEST);1568394780000
1380556832687962;23;29.1;Fri Sep 13 2019 19:14:54 GMT+0200 (CEST);Fri Sep 13 2019 17:14:54 GMT+0200 (CEST);1568394894000
1380556832687962;23;30.3;Fri Sep 13 2019 19:16:46 GMT+0200 (CEST);Fri Sep 13 2019 17:16:46 GMT+0200 (CEST);1568395006000
1380556832687962;23;29.8;Fri Sep 13 2019 19:18:39 GMT+0200 (CEST);Fri Sep 13 2019 17:18:39 GMT+0200 (CEST);1568395119000
1380556832687962;23;29.1;Fri Sep 13 2019 19:20:32 GMT+0200 (CEST);Fri Sep 13 2019 17:20:32 GMT+0200 (CEST);1568395232000
1380556832687962;23;29.1;Fri Sep 13 2019 19:22:25 GMT+0200 (CEST);Fri Sep 13 2019 17:22:25 GMT+0200 (CEST);1568395345000
1380556832687962;23;29.1;Fri Sep 13 2019 19:24:23 GMT+0200 (CEST);Fri Sep 13 2019 17:24:23 GMT+0200 (CEST);1568395463000
1380556832687962;-273.2;30.3;Sat Sep 14 2019 07:05:19 GMT+0200 (CEST);Sat Sep 14 2019 05:05:19 GMT+0200 (CEST);1568437519000
1380556832687962;13.4;29.1;Sat Sep 14 2019 07:07:14 GMT+0200 (CEST);Sat Sep 14 2019 05:07:14 GMT+0200 (CEST);1568437634000
1380556832687962;13.4;29.4;Sat Sep 14 2019 07:09:06 GMT+0200 (CEST);Sat Sep 14 2019 05:09:06 GMT+0200 (CEST);1568437746000
1380556832687962;13.4;28.6;Sat Sep 14 2019 07:10:59 GMT+0200 (CEST);Sat Sep 14 2019 05:10:59 GMT+0200 (CEST);1568437859000
1380556832687962;13.4;28.6;Sat Sep 14 2019 07:12:55 GMT+0200 (CEST);Sat Sep 14 2019 05:12:55 GMT+0200 (CEST);1568437975000
1380556832687962;13.4;29.9;Sat Sep 14 2019 07:14:49 GMT+0200 (CEST);Sat Sep 14 2019 05:14:49 GMT+0200 (CEST);1568438089000
1380556832687962;13.9;29.7;Sat Sep 14 2019 07:16:44 GMT+0200 (CEST);Sat Sep 14 2019 05:16:44 GMT+0200 (CEST);1568438204000
1380556832687962;13.9;29.7;Sat Sep 14 2019 07:18:37 GMT+0200 (CEST);Sat Sep 14 2019 05:18:37 GMT+0200 (CEST);1568438317000
1380556832687962;13.9;29.9;Sat Sep 14 2019 07:20:57 GMT+0200 (CEST);Sat Sep 14 2019 05:20:57 GMT+0200 (CEST);1568438457000
1380556832687962;13.9;30.3;Sat Sep 14 2019 07:22:50 GMT+0200 (CEST);Sat Sep 14 2019 05:22:50 GMT+0200 (CEST);1568438570000
1380556832687962;13.9;30.4;Sat Sep 14 2019 07:24:44 GMT+0200 (CEST);Sat Sep 14 2019 05:24:44 GMT+0200 (CEST);1568438684000
1380556832687962;13.9;30.4;Sat Sep 14 2019 07:26:38 GMT+0200 (CEST);Sat Sep 14 2019 05:26:38 GMT+0200 (CEST);1568438798000
1380556832687962;13.9;30.4;Sat Sep 14 2019 07:28:31 GMT+0200 (CEST);Sat Sep 14 2019 05:28:31 GMT+0200 (CEST);1568438911000
1380556832687962;13.9;30.4;Sat Sep 14 2019 07:30:24 GMT+0200 (CEST);Sat Sep 14 2019 05:30:24 GMT+0200 (CEST);1568439024000
1380556832687962;15.4;30.4;Sat Sep 14 2019 07:32:17 GMT+0200 (CEST);Sat Sep 14 2019 05:32:17 GMT+0200 (CEST);1568439137000
1380556832687962;15.4;33.8;Sat Sep 14 2019 07:34:11 GMT+0200 (CEST);Sat Sep 14 2019 05:34:11 GMT+0200 (CEST);1568439251000
1380556832687962;15.4;33.7;Sat Sep 14 2019 07:35:54 GMT+0200 (CEST);Sat Sep 14 2019 05:35:54 GMT+0200 (CEST);1568439354000
1380556832687962;15.4;33.8;Sat Sep 14 2019 07:37:58 GMT+0200 (CEST);Sat Sep 14 2019 05:37:58 GMT+0200 (CEST);1568439478000
1380556832687962;15.4;34.1;Sat Sep 14 2019 07:39:57 GMT+0200 (CEST);Sat Sep 14 2019 05:39:57 GMT+0200 (CEST);1568439597000
1380556832687962;17.4;34.2;Sat Sep 14 2019 07:41:50 GMT+0200 (CEST);Sat Sep 14 2019 05:41:50 GMT+0200 (CEST);1568439710000
1380556832687962;17.4;34.2;Sat Sep 14 2019 07:43:42 GMT+0200 (CEST);Sat Sep 14 2019 05:43:42 GMT+0200 (CEST);1568439822000
1380556832687962;17.4;34.3;Sat Sep 14 2019 07:45:49 GMT+0200 (CEST);Sat Sep 14 2019 05:45:49 GMT+0200 (CEST);1568439949000
1380556832687962;17.4;34.4;Sat Sep 14 2019 07:47:41 GMT+0200 (CEST);Sat Sep 14 2019 05:47:41 GMT+0200 (CEST);1568440061000
1380556832687962;17.9;34.4;Sat Sep 14 2019 07:49:34 GMT+0200 (CEST);Sat Sep 14 2019 05:49:34 GMT+0200 (CEST);1568440174000
1380556832687962;17.9;34.7;Sat Sep 14 2019 07:51:28 GMT+0200 (CEST);Sat Sep 14 2019 05:51:28 GMT+0200 (CEST);1568440288000
1380556832687962;17.9;34.8;Sat Sep 14 2019 07:53:21 GMT+0200 (CEST);Sat Sep 14 2019 05:53:21 GMT+0200 (CEST);1568440401000
1380556832687962;17.9;35.2;Sat Sep 14 2019 07:55:30 GMT+0200 (CEST);Sat Sep 14 2019 05:55:30 GMT+0200 (CEST);1568440530000
1380556832687962;17.9;35.5;Sat Sep 14 2019 07:57:25 GMT+0200 (CEST);Sat Sep 14 2019 05:57:25 GMT+0200 (CEST);1568440645000
1380556832687962;17.9;35.7;Sat Sep 14 2019 07:59:22 GMT+0200 (CEST);Sat Sep 14 2019 05:59:22 GMT+0200 (CEST);1568440762000
1380556832687962;17.9;37.4;Sat Sep 14 2019 08:01:15 GMT+0200 (CEST);Sat Sep 14 2019 06:01:15 GMT+0200 (CEST);1568440875000
1380556832687962;17.9;39.1;Sat Sep 14 2019 08:03:09 GMT+0200 (CEST);Sat Sep 14 2019 06:03:09 GMT+0200 (CEST);1568440989000
1380556832687962;19.9;39.8;Sat Sep 14 2019 08:05:11 GMT+0200 (CEST);Sat Sep 14 2019 06:05:11 GMT+0200 (CEST);1568441111000
1380556832687962;19.9;39.3;Sat Sep 14 2019 08:07:04 GMT+0200 (CEST);Sat Sep 14 2019 06:07:04 GMT+0200 (CEST);1568441224000
1380556832687962;21.5;39.7;Sat Sep 14 2019 08:08:57 GMT+0200 (CEST);Sat Sep 14 2019 06:08:57 GMT+0200 (CEST);1568441337000
1380556832687962;21.5;40.1;Sat Sep 14 2019 08:10:50 GMT+0200 (CEST);Sat Sep 14 2019 06:10:50 GMT+0200 (CEST);1568441450000
1380556832687962;21.5;40.4;Sat Sep 14 2019 08:12:43 GMT+0200 (CEST);Sat Sep 14 2019 06:12:43 GMT+0200 (CEST);1568441563000
1380556832687962;22;40.4;Sat Sep 14 2019 08:14:36 GMT+0200 (CEST);Sat Sep 14 2019 06:14:36 GMT+0200 (CEST);1568441676000
1380556832687962;22;40;Sat Sep 14 2019 08:16:29 GMT+0200 (CEST);Sat Sep 14 2019 06:16:29 GMT+0200 (CEST);1568441789000
1380556832687962;23;39.8;Sat Sep 14 2019 08:18:22 GMT+0200 (CEST);Sat Sep 14 2019 06:18:22 GMT+0200 (CEST);1568441902000
1380556832687962;23;39.7;Sat Sep 14 2019 08:20:23 GMT+0200 (CEST);Sat Sep 14 2019 06:20:23 GMT+0200 (CEST);1568442023000
1380556832687962;23;39.4;Sat Sep 14 2019 08:22:15 GMT+0200 (CEST);Sat Sep 14 2019 06:22:15 GMT+0200 (CEST);1568442135000
1380556832687962;23;40;Sat Sep 14 2019 08:24:12 GMT+0200 (CEST);Sat Sep 14 2019 06:24:12 GMT+0200 (CEST);1568442252000
1380556832687962;23;40;Sat Sep 14 2019 08:26:06 GMT+0200 (CEST);Sat Sep 14 2019 06:26:06 GMT+0200 (CEST);1568442366000
1380556832687962;25.5;40;Sat Sep 14 2019 08:28:05 GMT+0200 (CEST);Sat Sep 14 2019 06:28:05 GMT+0200 (CEST);1568442485000
1380556832687962;25.5;39.4;Sat Sep 14 2019 08:29:58 GMT+0200 (CEST);Sat Sep 14 2019 06:29:58 GMT+0200 (CEST);1568442598000
1380556832687962;25.5;37.5;Sat Sep 14 2019 08:31:51 GMT+0200 (CEST);Sat Sep 14 2019 06:31:51 GMT+0200 (CEST);1568442711000
1380556832687962;23;36.9;Sat Sep 14 2019 08:33:44 GMT+0200 (CEST);Sat Sep 14 2019 06:33:44 GMT+0200 (CEST);1568442824000
1380556832687962;23;36.9;Sat Sep 14 2019 08:35:42 GMT+0200 (CEST);Sat Sep 14 2019 06:35:42 GMT+0200 (CEST);1568442942000
1380556832687962;23;36.8;Sat Sep 14 2019 08:37:36 GMT+0200 (CEST);Sat Sep 14 2019 06:37:36 GMT+0200 (CEST);1568443056000
1380556832687962;23;36.3;Sat Sep 14 2019 08:39:29 GMT+0200 (CEST);Sat Sep 14 2019 06:39:29 GMT+0200 (CEST);1568443169000
1380556832687962;23;36.3;Sat Sep 14 2019 08:41:31 GMT+0200 (CEST);Sat Sep 14 2019 06:41:31 GMT+0200 (CEST);1568443291000
1380556832687962;23;35.7;Sat Sep 14 2019 08:43:26 GMT+0200 (CEST);Sat Sep 14 2019 06:43:26 GMT+0200 (CEST);1568443406000
1380556832687962;23;36.4;Sat Sep 14 2019 08:45:20 GMT+0200 (CEST);Sat Sep 14 2019 06:45:20 GMT+0200 (CEST);1568443520000
1380556832687962;23;36.5;Sat Sep 14 2019 08:47:12 GMT+0200 (CEST);Sat Sep 14 2019 06:47:12 GMT+0200 (CEST);1568443632000
1380556832687962;25.5;36.5;Sat Sep 14 2019 08:49:05 GMT+0200 (CEST);Sat Sep 14 2019 06:49:05 GMT+0200 (CEST);1568443745000
1380556832687962;25.5;36;Sat Sep 14 2019 08:51:01 GMT+0200 (CEST);Sat Sep 14 2019 06:51:01 GMT+0200 (CEST);1568443861000
1380556832687962;26;36.1;Sat Sep 14 2019 08:52:54 GMT+0200 (CEST);Sat Sep 14 2019 06:52:54 GMT+0200 (CEST);1568443974000
1380556832687962;26;36.8;Sat Sep 14 2019 08:54:56 GMT+0200 (CEST);Sat Sep 14 2019 06:54:56 GMT+0200 (CEST);1568444096000
1380556832687962;26;36.8;Sat Sep 14 2019 08:56:49 GMT+0200 (CEST);Sat Sep 14 2019 06:56:49 GMT+0200 (CEST);1568444209000
1380556832687962;26;36.2;Sat Sep 14 2019 08:58:41 GMT+0200 (CEST);Sat Sep 14 2019 06:58:41 GMT+0200 (CEST);1568444321000
1380556832687962;26;35.6;Sat Sep 14 2019 09:00:34 GMT+0200 (CEST);Sat Sep 14 2019 07:00:34 GMT+0200 (CEST);1568444434000
1380556832687962;26;35.1;Sat Sep 14 2019 09:02:27 GMT+0200 (CEST);Sat Sep 14 2019 07:02:27 GMT+0200 (CEST);1568444547000
1380556832687962;26;35;Sat Sep 14 2019 09:04:23 GMT+0200 (CEST);Sat Sep 14 2019 07:04:23 GMT+0200 (CEST);1568444663000
1380556832687962;26;35.2;Sat Sep 14 2019 09:06:16 GMT+0200 (CEST);Sat Sep 14 2019 07:06:16 GMT+0200 (CEST);1568444776000
1380556832687962;26;35.5;Sat Sep 14 2019 09:08:09 GMT+0200 (CEST);Sat Sep 14 2019 07:08:09 GMT+0200 (CEST);1568444889000
1380556832687962;26;35.6;Sat Sep 14 2019 09:10:06 GMT+0200 (CEST);Sat Sep 14 2019 07:10:06 GMT+0200 (CEST);1568445006000
1380556832687962;26;35.2;Sat Sep 14 2019 09:12:01 GMT+0200 (CEST);Sat Sep 14 2019 07:12:01 GMT+0200 (CEST);1568445121000
1380556832687962;28;35.2;Sat Sep 14 2019 09:13:54 GMT+0200 (CEST);Sat Sep 14 2019 07:13:54 GMT+0200 (CEST);1568445234000
1380556832687962;28;35.1;Sat Sep 14 2019 09:15:48 GMT+0200 (CEST);Sat Sep 14 2019 07:15:48 GMT+0200 (CEST);1568445348000
1380556832687962;29.5;34.9;Sat Sep 14 2019 09:17:49 GMT+0200 (CEST);Sat Sep 14 2019 07:17:49 GMT+0200 (CEST);1568445469000
1380556832687962;29.5;35.1;Sat Sep 14 2019 09:19:55 GMT+0200 (CEST);Sat Sep 14 2019 07:19:55 GMT+0200 (CEST);1568445595000
1380556832687962;29.5;35;Sat Sep 14 2019 09:21:48 GMT+0200 (CEST);Sat Sep 14 2019 07:21:48 GMT+0200 (CEST);1568445708000
1380556832687962;29.5;34.9;Sat Sep 14 2019 09:23:42 GMT+0200 (CEST);Sat Sep 14 2019 07:23:42 GMT+0200 (CEST);1568445822000
1380556832687962;29.5;34.8;Sat Sep 14 2019 09:25:36 GMT+0200 (CEST);Sat Sep 14 2019 07:25:36 GMT+0200 (CEST);1568445936000
1380556832687962;30;34.8;Sat Sep 14 2019 09:27:28 GMT+0200 (CEST);Sat Sep 14 2019 07:27:28 GMT+0200 (CEST);1568446048000
1380556832687962;30;34.8;Sat Sep 14 2019 09:29:21 GMT+0200 (CEST);Sat Sep 14 2019 07:29:21 GMT+0200 (CEST);1568446161000
1380556832687962;30;34.7;Sat Sep 14 2019 09:31:14 GMT+0200 (CEST);Sat Sep 14 2019 07:31:14 GMT+0200 (CEST);1568446274000
1380556832687962;30;34.8;Sat Sep 14 2019 09:33:06 GMT+0200 (CEST);Sat Sep 14 2019 07:33:06 GMT+0200 (CEST);1568446386000
1380556832687962;30;34.8;Sat Sep 14 2019 09:35:08 GMT+0200 (CEST);Sat Sep 14 2019 07:35:08 GMT+0200 (CEST);1568446508000
1380556832687962;30;34.6;Sat Sep 14 2019 09:37:01 GMT+0200 (CEST);Sat Sep 14 2019 07:37:01 GMT+0200 (CEST);1568446621000
1380556832687962;30;34.5;Sat Sep 14 2019 09:38:54 GMT+0200 (CEST);Sat Sep 14 2019 07:38:54 GMT+0200 (CEST);1568446734000
1380556832687962;30;34.5;Sat Sep 14 2019 09:40:48 GMT+0200 (CEST);Sat Sep 14 2019 07:40:48 GMT+0200 (CEST);1568446848000
1380556832687962;30;34.5;Sat Sep 14 2019 09:42:44 GMT+0200 (CEST);Sat Sep 14 2019 07:42:44 GMT+0200 (CEST);1568446964000
1380556832687962;30;34.3;Sat Sep 14 2019 09:44:36 GMT+0200 (CEST);Sat Sep 14 2019 07:44:36 GMT+0200 (CEST);1568447076000
1380556832687962;33.5;34.5;Sat Sep 14 2019 09:46:30 GMT+0200 (CEST);Sat Sep 14 2019 07:46:30 GMT+0200 (CEST);1568447190000
1380556832687962;33.5;34.4;Sat Sep 14 2019 09:48:29 GMT+0200 (CEST);Sat Sep 14 2019 07:48:29 GMT+0200 (CEST);1568447309000
1380556832687962;33.5;34.3;Sat Sep 14 2019 09:50:22 GMT+0200 (CEST);Sat Sep 14 2019 07:50:22 GMT+0200 (CEST);1568447422000
1380556832687962;33.5;34.2;Sat Sep 14 2019 09:52:14 GMT+0200 (CEST);Sat Sep 14 2019 07:52:14 GMT+0200 (CEST);1568447534000
1380556832687962;33.5;34.1;Sat Sep 14 2019 09:54:10 GMT+0200 (CEST);Sat Sep 14 2019 07:54:10 GMT+0200 (CEST);1568447650000
1380556832687962;33.5;34.2;Sat Sep 14 2019 09:56:07 GMT+0200 (CEST);Sat Sep 14 2019 07:56:07 GMT+0200 (CEST);1568447767000
1380556832687962;33.5;34.2;Sat Sep 14 2019 09:58:00 GMT+0200 (CEST);Sat Sep 14 2019 07:58:00 GMT+0200 (CEST);1568447880000
1380556832687962;33.5;34.2;Sat Sep 14 2019 09:59:53 GMT+0200 (CEST);Sat Sep 14 2019 07:59:53 GMT+0200 (CEST);1568447993000
1380556832687962;33.5;34.2;Sat Sep 14 2019 10:01:46 GMT+0200 (CEST);Sat Sep 14 2019 08:01:46 GMT+0200 (CEST);1568448106000
1380556832687962;33.5;34.2;Sat Sep 14 2019 10:03:39 GMT+0200 (CEST);Sat Sep 14 2019 08:03:39 GMT+0200 (CEST);1568448219000
1380556832687962;33.5;34.1;Sat Sep 14 2019 10:05:33 GMT+0200 (CEST);Sat Sep 14 2019 08:05:33 GMT+0200 (CEST);1568448333000
1380556832687962;33.5;34.1;Sat Sep 14 2019 10:07:39 GMT+0200 (CEST);Sat Sep 14 2019 08:07:39 GMT+0200 (CEST);1568448459000
1380556832687962;33.5;34;Sat Sep 14 2019 10:09:34 GMT+0200 (CEST);Sat Sep 14 2019 08:09:34 GMT+0200 (CEST);1568448574000
1380556832687962;35.6;33.7;Sat Sep 14 2019 10:11:27 GMT+0200 (CEST);Sat Sep 14 2019 08:11:27 GMT+0200 (CEST);1568448687000
1380556832687962;35.6;33.7;Sat Sep 14 2019 10:13:19 GMT+0200 (CEST);Sat Sep 14 2019 08:13:19 GMT+0200 (CEST);1568448799000
1380556832687962;35.6;33.5;Sat Sep 14 2019 10:15:12 GMT+0200 (CEST);Sat Sep 14 2019 08:15:12 GMT+0200 (CEST);1568448912000
1380556832687962;35.6;33.5;Sat Sep 14 2019 10:17:10 GMT+0200 (CEST);Sat Sep 14 2019 08:17:10 GMT+0200 (CEST);1568449030000
1380556832687962;35.6;33.4;Sat Sep 14 2019 10:19:04 GMT+0200 (CEST);Sat Sep 14 2019 08:19:04 GMT+0200 (CEST);1568449144000
1380556832687962;36.1;33.5;Sat Sep 14 2019 10:20:57 GMT+0200 (CEST);Sat Sep 14 2019 08:20:57 GMT+0200 (CEST);1568449257000
1380556832687962;36.1;33.5;Sat Sep 14 2019 10:22:50 GMT+0200 (CEST);Sat Sep 14 2019 08:22:50 GMT+0200 (CEST);1568449370000
1380556832687962;36.1;33.3;Sat Sep 14 2019 10:24:44 GMT+0200 (CEST);Sat Sep 14 2019 08:24:44 GMT+0200 (CEST);1568449484000
1380556832687962;37.6;33.3;Sat Sep 14 2019 10:26:38 GMT+0200 (CEST);Sat Sep 14 2019 08:26:38 GMT+0200 (CEST);1568449598000
1380556832687962;37.6;33.2;Sat Sep 14 2019 10:28:32 GMT+0200 (CEST);Sat Sep 14 2019 08:28:32 GMT+0200 (CEST);1568449712000
1380556832687962;37.6;33.1;Sat Sep 14 2019 10:30:28 GMT+0200 (CEST);Sat Sep 14 2019 08:30:28 GMT+0200 (CEST);1568449828000
1380556832687962;37.6;33.3;Sat Sep 14 2019 10:32:24 GMT+0200 (CEST);Sat Sep 14 2019 08:32:24 GMT+0200 (CEST);1568449944000
1380556832687962;38.1;33;Sat Sep 14 2019 10:34:17 GMT+0200 (CEST);Sat Sep 14 2019 08:34:17 GMT+0200 (CEST);1568450057000
1380556832687962;38.1;33;Sat Sep 14 2019 10:36:10 GMT+0200 (CEST);Sat Sep 14 2019 08:36:10 GMT+0200 (CEST);1568450170000
1380556832687962;38.1;32.9;Sat Sep 14 2019 10:38:09 GMT+0200 (CEST);Sat Sep 14 2019 08:38:09 GMT+0200 (CEST);1568450289000
1380556832687962;38.1;32.7;Sat Sep 14 2019 10:40:02 GMT+0200 (CEST);Sat Sep 14 2019 08:40:02 GMT+0200 (CEST);1568450402000
1380556832687962;38.1;32.7;Sat Sep 14 2019 10:42:00 GMT+0200 (CEST);Sat Sep 14 2019 08:42:00 GMT+0200 (CEST);1568450520000
1380556832687962;39.1;32.6;Sat Sep 14 2019 10:43:53 GMT+0200 (CEST);Sat Sep 14 2019 08:43:53 GMT+0200 (CEST);1568450633000
1380556832687962;39.1;32.8;Sat Sep 14 2019 10:45:46 GMT+0200 (CEST);Sat Sep 14 2019 08:45:46 GMT+0200 (CEST);1568450746000
1380556832687962;39.1;32.8;Sat Sep 14 2019 10:47:40 GMT+0200 (CEST);Sat Sep 14 2019 08:47:40 GMT+0200 (CEST);1568450860000
1380556832687962;41.6;32.7;Sat Sep 14 2019 10:49:33 GMT+0200 (CEST);Sat Sep 14 2019 08:49:33 GMT+0200 (CEST);1568450973000
1380556832687962;41.6;32.7;Sat Sep 14 2019 10:51:27 GMT+0200 (CEST);Sat Sep 14 2019 08:51:27 GMT+0200 (CEST);1568451087000
1380556832687962;41.6;32.9;Sat Sep 14 2019 10:53:20 GMT+0200 (CEST);Sat Sep 14 2019 08:53:20 GMT+0200 (CEST);1568451200000
1380556832687962;41.6;32.6;Sat Sep 14 2019 10:55:13 GMT+0200 (CEST);Sat Sep 14 2019 08:55:13 GMT+0200 (CEST);1568451313000
1380556832687962;41.6;32.6;Sat Sep 14 2019 10:57:05 GMT+0200 (CEST);Sat Sep 14 2019 08:57:05 GMT+0200 (CEST);1568451425000
1380556832687962;41.6;32.6;Sat Sep 14 2019 10:59:11 GMT+0200 (CEST);Sat Sep 14 2019 08:59:11 GMT+0200 (CEST);1568451551000
1380556832687962;41.6;32.5;Sat Sep 14 2019 11:01:04 GMT+0200 (CEST);Sat Sep 14 2019 09:01:04 GMT+0200 (CEST);1568451664000
1380556832687962;41.6;32.6;Sat Sep 14 2019 11:02:58 GMT+0200 (CEST);Sat Sep 14 2019 09:02:58 GMT+0200 (CEST);1568451778000
1380556832687962;41.6;32.6;Sat Sep 14 2019 11:04:54 GMT+0200 (CEST);Sat Sep 14 2019 09:04:54 GMT+0200 (CEST);1568451894000
1380556832687962;41.6;32.5;Sat Sep 14 2019 11:06:52 GMT+0200 (CEST);Sat Sep 14 2019 09:06:52 GMT+0200 (CEST);1568452012000
1380556832687962;42.1;32.6;Sat Sep 14 2019 11:08:47 GMT+0200 (CEST);Sat Sep 14 2019 09:08:47 GMT+0200 (CEST);1568452127000
1380556832687962;42.1;32.5;Sat Sep 14 2019 11:10:49 GMT+0200 (CEST);Sat Sep 14 2019 09:10:49 GMT+0200 (CEST);1568452249000
1380556832687962;42.1;32.8;Sat Sep 14 2019 11:12:50 GMT+0200 (CEST);Sat Sep 14 2019 09:12:50 GMT+0200 (CEST);1568452370000
1380556832687962;42.1;32.6;Sat Sep 14 2019 11:14:46 GMT+0200 (CEST);Sat Sep 14 2019 09:14:46 GMT+0200 (CEST);1568452486000
1380556832687962;42.1;32.6;Sat Sep 14 2019 11:16:39 GMT+0200 (CEST);Sat Sep 14 2019 09:16:39 GMT+0200 (CEST);1568452599000
1380556832687962;42.1;32.5;Sat Sep 14 2019 11:18:35 GMT+0200 (CEST);Sat Sep 14 2019 09:18:35 GMT+0200 (CEST);1568452715000
1380556832687962;42.1;32.3;Sat Sep 14 2019 11:20:32 GMT+0200 (CEST);Sat Sep 14 2019 09:20:32 GMT+0200 (CEST);1568452832000
1380556832687962;42.1;32.4;Sat Sep 14 2019 11:22:31 GMT+0200 (CEST);Sat Sep 14 2019 09:22:31 GMT+0200 (CEST);1568452951000
1380556832687962;42.1;32.4;Sat Sep 14 2019 11:24:25 GMT+0200 (CEST);Sat Sep 14 2019 09:24:25 GMT+0200 (CEST);1568453065000
1380556832687962;42.1;32.4;Sat Sep 14 2019 11:26:18 GMT+0200 (CEST);Sat Sep 14 2019 09:26:18 GMT+0200 (CEST);1568453178000
1380556832687962;43.6;32.3;Sat Sep 14 2019 11:28:15 GMT+0200 (CEST);Sat Sep 14 2019 09:28:15 GMT+0200 (CEST);1568453295000
1380556832687962;43.6;32.1;Sat Sep 14 2019 11:30:14 GMT+0200 (CEST);Sat Sep 14 2019 09:30:14 GMT+0200 (CEST);1568453414000
1380556832687962;43.6;32.3;Sat Sep 14 2019 11:32:12 GMT+0200 (CEST);Sat Sep 14 2019 09:32:12 GMT+0200 (CEST);1568453532000
1380556832687962;43.6;32.2;Sat Sep 14 2019 11:34:13 GMT+0200 (CEST);Sat Sep 14 2019 09:34:13 GMT+0200 (CEST);1568453653000
1380556832687962;43.6;32.1;Sat Sep 14 2019 11:36:06 GMT+0200 (CEST);Sat Sep 14 2019 09:36:06 GMT+0200 (CEST);1568453766000
1380556832687962;43.6;32;Sat Sep 14 2019 11:38:08 GMT+0200 (CEST);Sat Sep 14 2019 09:38:08 GMT+0200 (CEST);1568453888000
1380556832687962;43.6;32;Sat Sep 14 2019 11:40:04 GMT+0200 (CEST);Sat Sep 14 2019 09:40:04 GMT+0200 (CEST);1568454004000
1380556832687962;43.6;32;Sat Sep 14 2019 11:41:57 GMT+0200 (CEST);Sat Sep 14 2019 09:41:57 GMT+0200 (CEST);1568454117000
1380556832687962;44.1;31.9;Sat Sep 14 2019 11:43:50 GMT+0200 (CEST);Sat Sep 14 2019 09:43:50 GMT+0200 (CEST);1568454230000
1380556832687962;44.1;31.9;Sat Sep 14 2019 11:45:43 GMT+0200 (CEST);Sat Sep 14 2019 09:45:43 GMT+0200 (CEST);1568454343000
1380556832687962;45.6;32;Sat Sep 14 2019 11:47:36 GMT+0200 (CEST);Sat Sep 14 2019 09:47:36 GMT+0200 (CEST);1568454456000
1380556832687962;45.6;31.8;Sat Sep 14 2019 11:49:29 GMT+0200 (CEST);Sat Sep 14 2019 09:49:29 GMT+0200 (CEST);1568454569000
1380556832687962;45.6;31.9;Sat Sep 14 2019 11:51:23 GMT+0200 (CEST);Sat Sep 14 2019 09:51:23 GMT+0200 (CEST);1568454683000
1380556832687962;45.6;31.8;Sat Sep 14 2019 11:53:25 GMT+0200 (CEST);Sat Sep 14 2019 09:53:25 GMT+0200 (CEST);1568454805000
1380556832687962;45.6;31.9;Sat Sep 14 2019 11:55:23 GMT+0200 (CEST);Sat Sep 14 2019 09:55:23 GMT+0200 (CEST);1568454923000
1380556832687962;45.6;32;Sat Sep 14 2019 11:57:16 GMT+0200 (CEST);Sat Sep 14 2019 09:57:16 GMT+0200 (CEST);1568455036000
1380556832687962;45.6;32;Sat Sep 14 2019 11:59:09 GMT+0200 (CEST);Sat Sep 14 2019 09:59:09 GMT+0200 (CEST);1568455149000
1380556832687962;45.6;32.1;Sat Sep 14 2019 12:01:04 GMT+0200 (CEST);Sat Sep 14 2019 10:01:04 GMT+0200 (CEST);1568455264000
1380556832687962;45.6;30.8;Sat Sep 14 2019 12:02:57 GMT+0200 (CEST);Sat Sep 14 2019 10:02:57 GMT+0200 (CEST);1568455377000
1380556832687962;45.6;30.3;Sat Sep 14 2019 12:04:49 GMT+0200 (CEST);Sat Sep 14 2019 10:04:49 GMT+0200 (CEST);1568455489000
1380556832687962;45.6;32.7;Sat Sep 14 2019 12:06:43 GMT+0200 (CEST);Sat Sep 14 2019 10:06:43 GMT+0200 (CEST);1568455603000
1380556832687962;45.6;33.1;Sat Sep 14 2019 12:08:54 GMT+0200 (CEST);Sat Sep 14 2019 10:08:54 GMT+0200 (CEST);1568455734000
1380556832687962;45.6;33.2;Sat Sep 14 2019 12:10:47 GMT+0200 (CEST);Sat Sep 14 2019 10:10:47 GMT+0200 (CEST);1568455847000
1380556832687962;45.6;32.9;Sat Sep 14 2019 12:12:44 GMT+0200 (CEST);Sat Sep 14 2019 10:12:44 GMT+0200 (CEST);1568455964000
1380556832687962;45.6;32.1;Sat Sep 14 2019 12:14:36 GMT+0200 (CEST);Sat Sep 14 2019 10:14:36 GMT+0200 (CEST);1568456076000
1380556832687962;45.6;32.8;Sat Sep 14 2019 12:16:40 GMT+0200 (CEST);Sat Sep 14 2019 10:16:40 GMT+0200 (CEST);1568456200000
1380556832687962;45.6;31.7;Sat Sep 14 2019 12:18:35 GMT+0200 (CEST);Sat Sep 14 2019 10:18:35 GMT+0200 (CEST);1568456315000
1380556832687962;45.6;32.7;Sat Sep 14 2019 12:20:36 GMT+0200 (CEST);Sat Sep 14 2019 10:20:36 GMT+0200 (CEST);1568456436000
1380556832687962;45.6;32.1;Sat Sep 14 2019 12:22:33 GMT+0200 (CEST);Sat Sep 14 2019 10:22:33 GMT+0200 (CEST);1568456553000
1380556832687962;45.6;32.3;Sat Sep 14 2019 12:24:31 GMT+0200 (CEST);Sat Sep 14 2019 10:24:31 GMT+0200 (CEST);1568456671000
1380556832687962;45.6;32.3;Sat Sep 14 2019 12:26:24 GMT+0200 (CEST);Sat Sep 14 2019 10:26:24 GMT+0200 (CEST);1568456784000
1380556832687962;45.6;32.3;Sat Sep 14 2019 12:28:17 GMT+0200 (CEST);Sat Sep 14 2019 10:28:17 GMT+0200 (CEST);1568456897000
1380556832687962;46.1;32.3;Sat Sep 14 2019 12:30:10 GMT+0200 (CEST);Sat Sep 14 2019 10:30:10 GMT+0200 (CEST);1568457010000
1380556832687962;46.1;32.3;Sat Sep 14 2019 12:32:03 GMT+0200 (CEST);Sat Sep 14 2019 10:32:03 GMT+0200 (CEST);1568457123000
1380556832687962;46.1;31.9;Sat Sep 14 2019 12:33:56 GMT+0200 (CEST);Sat Sep 14 2019 10:33:56 GMT+0200 (CEST);1568457236000
1380556832687962;46.1;31.9;Sat Sep 14 2019 12:35:49 GMT+0200 (CEST);Sat Sep 14 2019 10:35:49 GMT+0200 (CEST);1568457349000
1380556832687962;46.1;32.1;Sat Sep 14 2019 12:37:51 GMT+0200 (CEST);Sat Sep 14 2019 10:37:51 GMT+0200 (CEST);1568457471000
1380556832687962;46.1;31.9;Sat Sep 14 2019 12:39:55 GMT+0200 (CEST);Sat Sep 14 2019 10:39:55 GMT+0200 (CEST);1568457595000
1380556832687962;46.1;32;Sat Sep 14 2019 12:41:47 GMT+0200 (CEST);Sat Sep 14 2019 10:41:47 GMT+0200 (CEST);1568457707000
1380556832687962;48.2;32;Sat Sep 14 2019 12:43:50 GMT+0200 (CEST);Sat Sep 14 2019 10:43:50 GMT+0200 (CEST);1568457830000
1380556832687962;48.2;31.8;Sat Sep 14 2019 12:45:44 GMT+0200 (CEST);Sat Sep 14 2019 10:45:44 GMT+0200 (CEST);1568457944000
1380556832687962;48.2;32;Sat Sep 14 2019 12:47:46 GMT+0200 (CEST);Sat Sep 14 2019 10:47:46 GMT+0200 (CEST);1568458066000
1380556832687962;49.7;31.6;Sat Sep 14 2019 12:49:38 GMT+0200 (CEST);Sat Sep 14 2019 10:49:38 GMT+0200 (CEST);1568458178000
1380556832687962;49.7;32;Sat Sep 14 2019 12:51:31 GMT+0200 (CEST);Sat Sep 14 2019 10:51:31 GMT+0200 (CEST);1568458291000
1380556832687962;49.7;32.3;Sat Sep 14 2019 12:53:25 GMT+0200 (CEST);Sat Sep 14 2019 10:53:25 GMT+0200 (CEST);1568458405000
1380556832687962;49.7;31.4;Sat Sep 14 2019 12:55:37 GMT+0200 (CEST);Sat Sep 14 2019 10:55:37 GMT+0200 (CEST);1568458537000
1380556832687962;49.7;31.7;Sat Sep 14 2019 12:57:22 GMT+0200 (CEST);Sat Sep 14 2019 10:57:22 GMT+0200 (CEST);1568458642000
1380556832687962;47.6;32.3;Sat Sep 14 2019 12:59:17 GMT+0200 (CEST);Sat Sep 14 2019 10:59:17 GMT+0200 (CEST);1568458757000
1380556832687962;47.6;32.9;Sat Sep 14 2019 13:01:11 GMT+0200 (CEST);Sat Sep 14 2019 11:01:11 GMT+0200 (CEST);1568458871000
1380556832687962;45.6;31.5;Sat Sep 14 2019 13:03:15 GMT+0200 (CEST);Sat Sep 14 2019 11:03:15 GMT+0200 (CEST);1568458995000
1380556832687962;45.6;31.8;Sat Sep 14 2019 13:05:10 GMT+0200 (CEST);Sat Sep 14 2019 11:05:10 GMT+0200 (CEST);1568459110000
1380556832687962;45.6;31.8;Sat Sep 14 2019 13:07:06 GMT+0200 (CEST);Sat Sep 14 2019 11:07:06 GMT+0200 (CEST);1568459226000
1380556832687962;45.6;31.8;Sat Sep 14 2019 13:08:59 GMT+0200 (CEST);Sat Sep 14 2019 11:08:59 GMT+0200 (CEST);1568459339000
1380556832687962;45.6;32.7;Sat Sep 14 2019 13:10:54 GMT+0200 (CEST);Sat Sep 14 2019 11:10:54 GMT+0200 (CEST);1568459454000
1380556832687962;45.6;32.3;Sat Sep 14 2019 13:12:39 GMT+0200 (CEST);Sat Sep 14 2019 11:12:39 GMT+0200 (CEST);1568459559000
1380556832687962;45.6;32;Sat Sep 14 2019 13:14:32 GMT+0200 (CEST);Sat Sep 14 2019 11:14:32 GMT+0200 (CEST);1568459672000
1380556832687962;45.6;31.7;Sat Sep 14 2019 13:16:26 GMT+0200 (CEST);Sat Sep 14 2019 11:16:26 GMT+0200 (CEST);1568459786000
1380556832687962;46.1;31.7;Sat Sep 14 2019 13:18:30 GMT+0200 (CEST);Sat Sep 14 2019 11:18:30 GMT+0200 (CEST);1568459910000
1380556832687962;46.1;31.7;Sat Sep 14 2019 13:20:26 GMT+0200 (CEST);Sat Sep 14 2019 11:20:26 GMT+0200 (CEST);1568460026000
1380556832687962;46.1;31.8;Sat Sep 14 2019 13:22:24 GMT+0200 (CEST);Sat Sep 14 2019 11:22:24 GMT+0200 (CEST);1568460144000
1380556832687962;46.1;31.8;Sat Sep 14 2019 13:24:17 GMT+0200 (CEST);Sat Sep 14 2019 11:24:17 GMT+0200 (CEST);1568460257000
1380556832687962;46.1;31.4;Sat Sep 14 2019 13:26:04 GMT+0200 (CEST);Sat Sep 14 2019 11:26:04 GMT+0200 (CEST);1568460364000
1380556832687962;49.7;31.4;Sat Sep 14 2019 13:27:57 GMT+0200 (CEST);Sat Sep 14 2019 11:27:57 GMT+0200 (CEST);1568460477000
1380556832687962;49.7;31.4;Sat Sep 14 2019 13:29:53 GMT+0200 (CEST);Sat Sep 14 2019 11:29:53 GMT+0200 (CEST);1568460593000
1380556832687962;49.7;30.3;Sat Sep 14 2019 13:31:45 GMT+0200 (CEST);Sat Sep 14 2019 11:31:45 GMT+0200 (CEST);1568460705000
1380556832687962;49.7;31;Sat Sep 14 2019 13:33:39 GMT+0200 (CEST);Sat Sep 14 2019 11:33:39 GMT+0200 (CEST);1568460819000
1380556832687962;49.7;31.1;Sat Sep 14 2019 13:35:36 GMT+0200 (CEST);Sat Sep 14 2019 11:35:36 GMT+0200 (CEST);1568460936000
1380556832687962;49.7;31.5;Sat Sep 14 2019 13:37:29 GMT+0200 (CEST);Sat Sep 14 2019 11:37:29 GMT+0200 (CEST);1568461049000
1380556832687962;49.7;31.4;Sat Sep 14 2019 13:39:23 GMT+0200 (CEST);Sat Sep 14 2019 11:39:23 GMT+0200 (CEST);1568461163000
1380556832687962;49.7;31.8;Sat Sep 14 2019 13:41:21 GMT+0200 (CEST);Sat Sep 14 2019 11:41:21 GMT+0200 (CEST);1568461281000
1380556832687962;43.6;31.8;Sat Sep 14 2019 13:43:14 GMT+0200 (CEST);Sat Sep 14 2019 11:43:14 GMT+0200 (CEST);1568461394000
1380556832687962;43.6;31.9;Sat Sep 14 2019 13:45:16 GMT+0200 (CEST);Sat Sep 14 2019 11:45:16 GMT+0200 (CEST);1568461516000
1380556832687962;39.1;32.1;Sat Sep 14 2019 13:47:11 GMT+0200 (CEST);Sat Sep 14 2019 11:47:11 GMT+0200 (CEST);1568461631000
1380556832687962;39.1;32.2;Sat Sep 14 2019 13:49:10 GMT+0200 (CEST);Sat Sep 14 2019 11:49:10 GMT+0200 (CEST);1568461750000
1380556832687962;38.1;32.3;Sat Sep 14 2019 13:51:02 GMT+0200 (CEST);Sat Sep 14 2019 11:51:02 GMT+0200 (CEST);1568461862000
1380556832687962;38.1;32.5;Sat Sep 14 2019 13:53:00 GMT+0200 (CEST);Sat Sep 14 2019 11:53:00 GMT+0200 (CEST);1568461980000
1380556832687962;38.1;33;Sat Sep 14 2019 13:54:53 GMT+0200 (CEST);Sat Sep 14 2019 11:54:53 GMT+0200 (CEST);1568462093000
1380556832687962;37.6;32.6;Sat Sep 14 2019 13:56:48 GMT+0200 (CEST);Sat Sep 14 2019 11:56:48 GMT+0200 (CEST);1568462208000
1380556832687962;37.6;32.6;Sat Sep 14 2019 13:58:42 GMT+0200 (CEST);Sat Sep 14 2019 11:58:42 GMT+0200 (CEST);1568462322000
1380556832687962;37.6;32.1;Sat Sep 14 2019 14:00:35 GMT+0200 (CEST);Sat Sep 14 2019 12:00:35 GMT+0200 (CEST);1568462435000
1380556832687962;37.6;32.8;Sat Sep 14 2019 14:02:39 GMT+0200 (CEST);Sat Sep 14 2019 12:02:39 GMT+0200 (CEST);1568462559000
1380556832687962;37.6;32.7;Sat Sep 14 2019 14:04:39 GMT+0200 (CEST);Sat Sep 14 2019 12:04:39 GMT+0200 (CEST);1568462679000
1380556832687962;37.6;32.5;Sat Sep 14 2019 14:06:31 GMT+0200 (CEST);Sat Sep 14 2019 12:06:31 GMT+0200 (CEST);1568462791000
1380556832687962;37.6;32.5;Sat Sep 14 2019 14:08:24 GMT+0200 (CEST);Sat Sep 14 2019 12:08:24 GMT+0200 (CEST);1568462904000
1380556832687962;35.6;32;Sat Sep 14 2019 14:10:21 GMT+0200 (CEST);Sat Sep 14 2019 12:10:21 GMT+0200 (CEST);1568463021000
1380556832687962;35.6;33.9;Sat Sep 14 2019 14:12:14 GMT+0200 (CEST);Sat Sep 14 2019 12:12:14 GMT+0200 (CEST);1568463134000
1380556832687962;35.6;34.8;Sat Sep 14 2019 14:14:08 GMT+0200 (CEST);Sat Sep 14 2019 12:14:08 GMT+0200 (CEST);1568463248000
1380556832687962;35.6;34.8;Sat Sep 14 2019 14:16:01 GMT+0200 (CEST);Sat Sep 14 2019 12:16:01 GMT+0200 (CEST);1568463361000
1380556832687962;35.6;33.8;Sat Sep 14 2019 14:17:55 GMT+0200 (CEST);Sat Sep 14 2019 12:17:55 GMT+0200 (CEST);1568463475000
1380556832687962;35.6;34;Sat Sep 14 2019 14:19:52 GMT+0200 (CEST);Sat Sep 14 2019 12:19:52 GMT+0200 (CEST);1568463592000
1380556832687962;35.6;33.5;Sat Sep 14 2019 14:21:45 GMT+0200 (CEST);Sat Sep 14 2019 12:21:45 GMT+0200 (CEST);1568463705000
1380556832687962;39.1;33.1;Sat Sep 14 2019 14:24:12 GMT+0200 (CEST);Sat Sep 14 2019 12:24:12 GMT+0200 (CEST);1568463852000
1380556832687962;39.1;32.8;Sat Sep 14 2019 14:26:05 GMT+0200 (CEST);Sat Sep 14 2019 12:26:05 GMT+0200 (CEST);1568463965000
1380556832687962;39.1;32.9;Sat Sep 14 2019 14:27:57 GMT+0200 (CEST);Sat Sep 14 2019 12:27:57 GMT+0200 (CEST);1568464077000
1380556832687962;43.6;32.8;Sat Sep 14 2019 14:29:51 GMT+0200 (CEST);Sat Sep 14 2019 12:29:51 GMT+0200 (CEST);1568464191000
1380556832687962;43.6;32.5;Sat Sep 14 2019 14:31:44 GMT+0200 (CEST);Sat Sep 14 2019 12:31:44 GMT+0200 (CEST);1568464304000
1380556832687962;43.6;32.3;Sat Sep 14 2019 14:33:37 GMT+0200 (CEST);Sat Sep 14 2019 12:33:37 GMT+0200 (CEST);1568464417000
1380556832687962;43.6;32;Sat Sep 14 2019 14:35:35 GMT+0200 (CEST);Sat Sep 14 2019 12:35:35 GMT+0200 (CEST);1568464535000
1380556832687962;43.6;32.1;Sat Sep 14 2019 14:37:30 GMT+0200 (CEST);Sat Sep 14 2019 12:37:30 GMT+0200 (CEST);1568464650000
1380556832687962;43.6;31.9;Sat Sep 14 2019 14:39:24 GMT+0200 (CEST);Sat Sep 14 2019 12:39:24 GMT+0200 (CEST);1568464764000
1380556832687962;43.6;32;Sat Sep 14 2019 14:41:17 GMT+0200 (CEST);Sat Sep 14 2019 12:41:17 GMT+0200 (CEST);1568464877000
1380556832687962;43.6;32;Sat Sep 14 2019 14:43:11 GMT+0200 (CEST);Sat Sep 14 2019 12:43:11 GMT+0200 (CEST);1568464991000
1380556832687962;47.6;31.8;Sat Sep 14 2019 14:45:04 GMT+0200 (CEST);Sat Sep 14 2019 12:45:04 GMT+0200 (CEST);1568465104000
1380556832687962;47.6;31.8;Sat Sep 14 2019 14:46:57 GMT+0200 (CEST);Sat Sep 14 2019 12:46:57 GMT+0200 (CEST);1568465217000
1380556832687962;47.6;32.1;Sat Sep 14 2019 14:49:07 GMT+0200 (CEST);Sat Sep 14 2019 12:49:07 GMT+0200 (CEST);1568465347000
1380556832687962;47.6;32.2;Sat Sep 14 2019 14:51:09 GMT+0200 (CEST);Sat Sep 14 2019 12:51:09 GMT+0200 (CEST);1568465469000
1380556832687962;48.2;32;Sat Sep 14 2019 14:53:02 GMT+0200 (CEST);Sat Sep 14 2019 12:53:02 GMT+0200 (CEST);1568465582000
1380556832687962;48.2;28.9;Sat Sep 14 2019 14:54:56 GMT+0200 (CEST);Sat Sep 14 2019 12:54:56 GMT+0200 (CEST);1568465696000
1380556832687962;48.2;29.7;Sat Sep 14 2019 14:56:49 GMT+0200 (CEST);Sat Sep 14 2019 12:56:49 GMT+0200 (CEST);1568465809000
1380556832687962;48.2;30.1;Sat Sep 14 2019 14:58:45 GMT+0200 (CEST);Sat Sep 14 2019 12:58:45 GMT+0200 (CEST);1568465925000
1380556832687962;48.2;30.2;Sat Sep 14 2019 15:00:38 GMT+0200 (CEST);Sat Sep 14 2019 13:00:38 GMT+0200 (CEST);1568466038000
1380556832687962;48.2;31;Sat Sep 14 2019 15:02:31 GMT+0200 (CEST);Sat Sep 14 2019 13:02:31 GMT+0200 (CEST);1568466151000
1380556832687962;48.2;31.5;Sat Sep 14 2019 15:04:24 GMT+0200 (CEST);Sat Sep 14 2019 13:04:24 GMT+0200 (CEST);1568466264000
1380556832687962;48.2;33.2;Sat Sep 14 2019 15:06:16 GMT+0200 (CEST);Sat Sep 14 2019 13:06:16 GMT+0200 (CEST);1568466376000
1380556832687962;41.6;33.8;Sat Sep 14 2019 15:08:09 GMT+0200 (CEST);Sat Sep 14 2019 13:08:09 GMT+0200 (CEST);1568466489000
1380556832687962;41.6;31.4;Sat Sep 14 2019 15:10:17 GMT+0200 (CEST);Sat Sep 14 2019 13:10:17 GMT+0200 (CEST);1568466617000
1380556832687962;39.1;31.7;Sat Sep 14 2019 15:12:10 GMT+0200 (CEST);Sat Sep 14 2019 13:12:10 GMT+0200 (CEST);1568466730000
1380556832687962;39.1;34.5;Sat Sep 14 2019 15:14:03 GMT+0200 (CEST);Sat Sep 14 2019 13:14:03 GMT+0200 (CEST);1568466843000
1380556832687962;41.6;34.5;Sat Sep 14 2019 15:15:56 GMT+0200 (CEST);Sat Sep 14 2019 13:15:56 GMT+0200 (CEST);1568466956000
1380556832687962;41.6;33.5;Sat Sep 14 2019 15:17:49 GMT+0200 (CEST);Sat Sep 14 2019 13:17:49 GMT+0200 (CEST);1568467069000
1380556832687962;41.6;33.6;Sat Sep 14 2019 15:19:41 GMT+0200 (CEST);Sat Sep 14 2019 13:19:41 GMT+0200 (CEST);1568467181000
1380556832687962;42.1;33;Sat Sep 14 2019 15:21:37 GMT+0200 (CEST);Sat Sep 14 2019 13:21:37 GMT+0200 (CEST);1568467297000
1380556832687962;42.1;32.9;Sat Sep 14 2019 15:23:31 GMT+0200 (CEST);Sat Sep 14 2019 13:23:31 GMT+0200 (CEST);1568467411000
1380556832687962;42.1;32.7;Sat Sep 14 2019 15:25:39 GMT+0200 (CEST);Sat Sep 14 2019 13:25:39 GMT+0200 (CEST);1568467539000
1380556832687962;43.6;32.4;Sat Sep 14 2019 15:27:35 GMT+0200 (CEST);Sat Sep 14 2019 13:27:35 GMT+0200 (CEST);1568467655000
1380556832687962;43.6;32.4;Sat Sep 14 2019 15:29:28 GMT+0200 (CEST);Sat Sep 14 2019 13:29:28 GMT+0200 (CEST);1568467768000
1380556832687962;45.6;32.2;Sat Sep 14 2019 15:31:29 GMT+0200 (CEST);Sat Sep 14 2019 13:31:29 GMT+0200 (CEST);1568467889000
1380556832687962;45.6;32;Sat Sep 14 2019 15:33:26 GMT+0200 (CEST);Sat Sep 14 2019 13:33:26 GMT+0200 (CEST);1568468006000
1380556832687962;45.6;32.2;Sat Sep 14 2019 15:35:22 GMT+0200 (CEST);Sat Sep 14 2019 13:35:22 GMT+0200 (CEST);1568468122000
1380556832687962;46.1;32.3;Sat Sep 14 2019 15:37:16 GMT+0200 (CEST);Sat Sep 14 2019 13:37:16 GMT+0200 (CEST);1568468236000
1380556832687962;46.1;32.3;Sat Sep 14 2019 15:39:10 GMT+0200 (CEST);Sat Sep 14 2019 13:39:10 GMT+0200 (CEST);1568468350000
1380556832687962;47.6;32.4;Sat Sep 14 2019 15:41:03 GMT+0200 (CEST);Sat Sep 14 2019 13:41:03 GMT+0200 (CEST);1568468463000
1380556832687962;47.6;32.3;Sat Sep 14 2019 15:43:00 GMT+0200 (CEST);Sat Sep 14 2019 13:43:00 GMT+0200 (CEST);1568468580000
1380556832687962;47.6;32;Sat Sep 14 2019 15:44:53 GMT+0200 (CEST);Sat Sep 14 2019 13:44:53 GMT+0200 (CEST);1568468693000
1380556832687962;49.7;32;Sat Sep 14 2019 15:46:47 GMT+0200 (CEST);Sat Sep 14 2019 13:46:47 GMT+0200 (CEST);1568468807000
1380556832687962;49.7;32;Sat Sep 14 2019 15:48:46 GMT+0200 (CEST);Sat Sep 14 2019 13:48:46 GMT+0200 (CEST);1568468926000
1380556832687962;49.7;32;Sat Sep 14 2019 15:50:38 GMT+0200 (CEST);Sat Sep 14 2019 13:50:38 GMT+0200 (CEST);1568469038000
1380556832687962;49.7;32;Sat Sep 14 2019 15:52:39 GMT+0200 (CEST);Sat Sep 14 2019 13:52:39 GMT+0200 (CEST);1568469159000
1380556832687962;49.7;32.1;Sat Sep 14 2019 15:54:36 GMT+0200 (CEST);Sat Sep 14 2019 13:54:36 GMT+0200 (CEST);1568469276000
1380556832687962;46.1;32.5;Sat Sep 14 2019 15:56:30 GMT+0200 (CEST);Sat Sep 14 2019 13:56:30 GMT+0200 (CEST);1568469390000
1380556832687962;46.1;32.6;Sat Sep 14 2019 15:58:23 GMT+0200 (CEST);Sat Sep 14 2019 13:58:23 GMT+0200 (CEST);1568469503000
1380556832687962;46.1;32.4;Sat Sep 14 2019 16:00:27 GMT+0200 (CEST);Sat Sep 14 2019 14:00:27 GMT+0200 (CEST);1568469627000
1380556832687962;46.1;32.2;Sat Sep 14 2019 16:02:21 GMT+0200 (CEST);Sat Sep 14 2019 14:02:21 GMT+0200 (CEST);1568469741000
1380556832687962;46.1;32.2;Sat Sep 14 2019 16:04:13 GMT+0200 (CEST);Sat Sep 14 2019 14:04:13 GMT+0200 (CEST);1568469853000
1380556832687962;46.1;32.2;Sat Sep 14 2019 16:06:08 GMT+0200 (CEST);Sat Sep 14 2019 14:06:08 GMT+0200 (CEST);1568469968000
1380556832687962;46.1;31.6;Sat Sep 14 2019 16:08:01 GMT+0200 (CEST);Sat Sep 14 2019 14:08:01 GMT+0200 (CEST);1568470081000
1380556832687962;46.1;33.1;Sat Sep 14 2019 16:09:54 GMT+0200 (CEST);Sat Sep 14 2019 14:09:54 GMT+0200 (CEST);1568470194000
1380556832687962;46.1;33.3;Sat Sep 14 2019 16:11:50 GMT+0200 (CEST);Sat Sep 14 2019 14:11:50 GMT+0200 (CEST);1568470310000
1380556832687962;46.1;32.9;Sat Sep 14 2019 16:13:45 GMT+0200 (CEST);Sat Sep 14 2019 14:13:45 GMT+0200 (CEST);1568470425000
1380556832687962;43.6;33;Sat Sep 14 2019 16:15:38 GMT+0200 (CEST);Sat Sep 14 2019 14:15:38 GMT+0200 (CEST);1568470538000
1380556832687962;43.6;33;Sat Sep 14 2019 16:17:36 GMT+0200 (CEST);Sat Sep 14 2019 14:17:36 GMT+0200 (CEST);1568470656000
1380556832687962;43.6;33;Sat Sep 14 2019 16:19:29 GMT+0200 (CEST);Sat Sep 14 2019 14:19:29 GMT+0200 (CEST);1568470769000
1380556832687962;43.6;32.3;Sat Sep 14 2019 16:21:24 GMT+0200 (CEST);Sat Sep 14 2019 14:21:24 GMT+0200 (CEST);1568470884000
1380556832687962;43.6;32.3;Sat Sep 14 2019 16:23:17 GMT+0200 (CEST);Sat Sep 14 2019 14:23:17 GMT+0200 (CEST);1568470997000
1380556832687962;43.6;32.3;Sat Sep 14 2019 16:25:13 GMT+0200 (CEST);Sat Sep 14 2019 14:25:13 GMT+0200 (CEST);1568471113000
1380556832687962;43.6;32.3;Sat Sep 14 2019 16:27:07 GMT+0200 (CEST);Sat Sep 14 2019 14:27:07 GMT+0200 (CEST);1568471227000
1380556832687962;43.6;32.2;Sat Sep 14 2019 16:28:59 GMT+0200 (CEST);Sat Sep 14 2019 14:28:59 GMT+0200 (CEST);1568471339000
1380556832687962;43.6;32.1;Sat Sep 14 2019 16:30:56 GMT+0200 (CEST);Sat Sep 14 2019 14:30:56 GMT+0200 (CEST);1568471456000
1380556832687962;43.6;32.1;Sat Sep 14 2019 16:32:54 GMT+0200 (CEST);Sat Sep 14 2019 14:32:54 GMT+0200 (CEST);1568471574000
1380556832687962;43.6;33.1;Sat Sep 14 2019 16:35:11 GMT+0200 (CEST);Sat Sep 14 2019 14:35:11 GMT+0200 (CEST);1568471711000
1380556832687962;43.6;33.1;Sat Sep 14 2019 16:37:13 GMT+0200 (CEST);Sat Sep 14 2019 14:37:13 GMT+0200 (CEST);1568471833000
1380556832687962;43.6;33.9;Sat Sep 14 2019 16:39:05 GMT+0200 (CEST);Sat Sep 14 2019 14:39:05 GMT+0200 (CEST);1568471945000
1380556832687962;43.6;31.3;Sat Sep 14 2019 16:41:01 GMT+0200 (CEST);Sat Sep 14 2019 14:41:01 GMT+0200 (CEST);1568472061000
1380556832687962;43.6;31.3;Sat Sep 14 2019 16:42:53 GMT+0200 (CEST);Sat Sep 14 2019 14:42:53 GMT+0200 (CEST);1568472173000
1380556832687962;41.6;33.9;Sat Sep 14 2019 16:44:46 GMT+0200 (CEST);Sat Sep 14 2019 14:44:46 GMT+0200 (CEST);1568472286000
1380556832687962;41.6;32.8;Sat Sep 14 2019 16:46:44 GMT+0200 (CEST);Sat Sep 14 2019 14:46:44 GMT+0200 (CEST);1568472404000
1380556832687962;39.1;31.9;Sat Sep 14 2019 16:48:42 GMT+0200 (CEST);Sat Sep 14 2019 14:48:42 GMT+0200 (CEST);1568472522000
1380556832687962;39.1;32.2;Sat Sep 14 2019 16:50:35 GMT+0200 (CEST);Sat Sep 14 2019 14:50:35 GMT+0200 (CEST);1568472635000
1380556832687962;39.1;33.1;Sat Sep 14 2019 16:52:29 GMT+0200 (CEST);Sat Sep 14 2019 14:52:29 GMT+0200 (CEST);1568472749000
1380556832687962;39.1;32.8;Sat Sep 14 2019 16:54:24 GMT+0200 (CEST);Sat Sep 14 2019 14:54:24 GMT+0200 (CEST);1568472864000
1380556832687962;39.1;32.7;Sat Sep 14 2019 16:56:25 GMT+0200 (CEST);Sat Sep 14 2019 14:56:25 GMT+0200 (CEST);1568472985000
1380556832687962;39.1;32.7;Sat Sep 14 2019 16:58:17 GMT+0200 (CEST);Sat Sep 14 2019 14:58:17 GMT+0200 (CEST);1568473097000
1380556832687962;39.1;32.5;Sat Sep 14 2019 17:00:10 GMT+0200 (CEST);Sat Sep 14 2019 15:00:10 GMT+0200 (CEST);1568473210000
1380556832687962;39.1;32.4;Sat Sep 14 2019 17:02:02 GMT+0200 (CEST);Sat Sep 14 2019 15:02:02 GMT+0200 (CEST);1568473322000
1380556832687962;39.1;32.5;Sat Sep 14 2019 17:03:56 GMT+0200 (CEST);Sat Sep 14 2019 15:03:56 GMT+0200 (CEST);1568473436000
1380556832687962;39.1;32.5;Sat Sep 14 2019 17:05:52 GMT+0200 (CEST);Sat Sep 14 2019 15:05:52 GMT+0200 (CEST);1568473552000
1380556832687962;39.1;32.7;Sat Sep 14 2019 17:07:45 GMT+0200 (CEST);Sat Sep 14 2019 15:07:45 GMT+0200 (CEST);1568473665000
1380556832687962;39.1;32.7;Sat Sep 14 2019 17:09:38 GMT+0200 (CEST);Sat Sep 14 2019 15:09:38 GMT+0200 (CEST);1568473778000
1380556832687962;39.1;32.5;Sat Sep 14 2019 17:11:32 GMT+0200 (CEST);Sat Sep 14 2019 15:11:32 GMT+0200 (CEST);1568473892000
1380556832687962;39.1;32.9;Sat Sep 14 2019 17:13:24 GMT+0200 (CEST);Sat Sep 14 2019 15:13:24 GMT+0200 (CEST);1568474004000
1380556832687962;39.1;33.1;Sat Sep 14 2019 17:15:17 GMT+0200 (CEST);Sat Sep 14 2019 15:15:17 GMT+0200 (CEST);1568474117000
1380556832687962;39.1;32.9;Sat Sep 14 2019 17:17:37 GMT+0200 (CEST);Sat Sep 14 2019 15:17:37 GMT+0200 (CEST);1568474257000
1380556832687962;39.1;32.9;Sat Sep 14 2019 17:19:43 GMT+0200 (CEST);Sat Sep 14 2019 15:19:43 GMT+0200 (CEST);1568474383000
1380556832687962;39.1;32.5;Sat Sep 14 2019 17:21:37 GMT+0200 (CEST);Sat Sep 14 2019 15:21:37 GMT+0200 (CEST);1568474497000
1380556832687962;39.1;33.4;Sat Sep 14 2019 17:23:31 GMT+0200 (CEST);Sat Sep 14 2019 15:23:31 GMT+0200 (CEST);1568474611000
1380556832687962;39.1;31.4;Sat Sep 14 2019 17:25:24 GMT+0200 (CEST);Sat Sep 14 2019 15:25:24 GMT+0200 (CEST);1568474724000
1380556832687962;37.6;31.5;Sat Sep 14 2019 17:27:26 GMT+0200 (CEST);Sat Sep 14 2019 15:27:26 GMT+0200 (CEST);1568474846000
1380556832687962;37.6;31.4;Sat Sep 14 2019 17:29:20 GMT+0200 (CEST);Sat Sep 14 2019 15:29:20 GMT+0200 (CEST);1568474960000
1380556832687962;37.6;31.3;Sat Sep 14 2019 17:31:28 GMT+0200 (CEST);Sat Sep 14 2019 15:31:28 GMT+0200 (CEST);1568475088000
1380556832687962;37.6;31.5;Sat Sep 14 2019 17:33:21 GMT+0200 (CEST);Sat Sep 14 2019 15:33:21 GMT+0200 (CEST);1568475201000
1380556832687962;37.6;31.2;Sat Sep 14 2019 17:35:14 GMT+0200 (CEST);Sat Sep 14 2019 15:35:14 GMT+0200 (CEST);1568475314000
1380556832687962;35.6;31.3;Sat Sep 14 2019 17:37:09 GMT+0200 (CEST);Sat Sep 14 2019 15:37:09 GMT+0200 (CEST);1568475429000
1380556832687962;35.6;31.6;Sat Sep 14 2019 17:39:07 GMT+0200 (CEST);Sat Sep 14 2019 15:39:07 GMT+0200 (CEST);1568475547000
1380556832687962;33.5;31.4;Sat Sep 14 2019 17:41:00 GMT+0200 (CEST);Sat Sep 14 2019 15:41:00 GMT+0200 (CEST);1568475660000
1380556832687962;33.5;31.2;Sat Sep 14 2019 17:42:58 GMT+0200 (CEST);Sat Sep 14 2019 15:42:58 GMT+0200 (CEST);1568475778000
1380556832687962;33.5;31.1;Sat Sep 14 2019 17:44:50 GMT+0200 (CEST);Sat Sep 14 2019 15:44:50 GMT+0200 (CEST);1568475890000
1380556832687962;33.5;31.2;Sat Sep 14 2019 17:46:44 GMT+0200 (CEST);Sat Sep 14 2019 15:46:44 GMT+0200 (CEST);1568476004000
1380556832687962;33.5;31.1;Sat Sep 14 2019 17:48:36 GMT+0200 (CEST);Sat Sep 14 2019 15:48:36 GMT+0200 (CEST);1568476116000
1380556832687962;31.5;31.1;Sat Sep 14 2019 17:50:43 GMT+0200 (CEST);Sat Sep 14 2019 15:50:43 GMT+0200 (CEST);1568476243000
1380556832687962;31.5;30.8;Sat Sep 14 2019 17:53:00 GMT+0200 (CEST);Sat Sep 14 2019 15:53:00 GMT+0200 (CEST);1568476380000
1380556832687962;31.5;31;Sat Sep 14 2019 17:54:53 GMT+0200 (CEST);Sat Sep 14 2019 15:54:53 GMT+0200 (CEST);1568476493000
1380556832687962;30;31.2;Sat Sep 14 2019 17:56:48 GMT+0200 (CEST);Sat Sep 14 2019 15:56:48 GMT+0200 (CEST);1568476608000
1380556832687962;30;31.1;Sat Sep 14 2019 17:58:41 GMT+0200 (CEST);Sat Sep 14 2019 15:58:41 GMT+0200 (CEST);1568476721000
1380556832687962;29.5;31.2;Sat Sep 14 2019 18:00:34 GMT+0200 (CEST);Sat Sep 14 2019 16:00:34 GMT+0200 (CEST);1568476834000
1380556832687962;29.5;31.2;Sat Sep 14 2019 18:02:28 GMT+0200 (CEST);Sat Sep 14 2019 16:02:28 GMT+0200 (CEST);1568476948000
1380556832687962;29.5;32.7;Sat Sep 14 2019 18:04:22 GMT+0200 (CEST);Sat Sep 14 2019 16:04:22 GMT+0200 (CEST);1568477062000
1380556832687962;29.5;33.2;Sat Sep 14 2019 18:06:15 GMT+0200 (CEST);Sat Sep 14 2019 16:06:15 GMT+0200 (CEST);1568477175000
1380556832687962;29.5;33.3;Sat Sep 14 2019 18:08:08 GMT+0200 (CEST);Sat Sep 14 2019 16:08:08 GMT+0200 (CEST);1568477288000
1380556832687962;29.5;33.7;Sat Sep 14 2019 18:10:00 GMT+0200 (CEST);Sat Sep 14 2019 16:10:00 GMT+0200 (CEST);1568477400000
1380556832687962;29.5;33.3;Sat Sep 14 2019 18:11:53 GMT+0200 (CEST);Sat Sep 14 2019 16:11:53 GMT+0200 (CEST);1568477513000
1380556832687962;29.5;33.3;Sat Sep 14 2019 18:14:05 GMT+0200 (CEST);Sat Sep 14 2019 16:14:05 GMT+0200 (CEST);1568477645000
1380556832687962;30;32.9;Sat Sep 14 2019 18:15:58 GMT+0200 (CEST);Sat Sep 14 2019 16:15:58 GMT+0200 (CEST);1568477758000
1380556832687962;30;33;Sat Sep 14 2019 18:17:54 GMT+0200 (CEST);Sat Sep 14 2019 16:17:54 GMT+0200 (CEST);1568477874000
1380556832687962;29.5;32.8;Sat Sep 14 2019 18:19:47 GMT+0200 (CEST);Sat Sep 14 2019 16:19:47 GMT+0200 (CEST);1568477987000
1380556832687962;29.5;32.6;Sat Sep 14 2019 18:21:40 GMT+0200 (CEST);Sat Sep 14 2019 16:21:40 GMT+0200 (CEST);1568478100000
1380556832687962;29.5;32.6;Sat Sep 14 2019 18:23:32 GMT+0200 (CEST);Sat Sep 14 2019 16:23:32 GMT+0200 (CEST);1568478212000
1380556832687962;29.5;32.5;Sat Sep 14 2019 18:25:28 GMT+0200 (CEST);Sat Sep 14 2019 16:25:28 GMT+0200 (CEST);1568478328000
1380556832687962;29.5;32.3;Sat Sep 14 2019 18:27:20 GMT+0200 (CEST);Sat Sep 14 2019 16:27:20 GMT+0200 (CEST);1568478440000
1380556832687962;29.5;31.7;Sat Sep 14 2019 18:29:17 GMT+0200 (CEST);Sat Sep 14 2019 16:29:17 GMT+0200 (CEST);1568478557000
1380556832687962;29.5;32.6;Sat Sep 14 2019 18:31:10 GMT+0200 (CEST);Sat Sep 14 2019 16:31:10 GMT+0200 (CEST);1568478670000
1380556832687962;29.5;33;Sat Sep 14 2019 18:33:03 GMT+0200 (CEST);Sat Sep 14 2019 16:33:03 GMT+0200 (CEST);1568478783000
1380556832687962;29.5;33.1;Sat Sep 14 2019 18:34:56 GMT+0200 (CEST);Sat Sep 14 2019 16:34:56 GMT+0200 (CEST);1568478896000
1380556832687962;29.5;33.1;Sat Sep 14 2019 18:36:51 GMT+0200 (CEST);Sat Sep 14 2019 16:36:51 GMT+0200 (CEST);1568479011000
1380556832687962;29.5;32.6;Sat Sep 14 2019 18:38:45 GMT+0200 (CEST);Sat Sep 14 2019 16:38:45 GMT+0200 (CEST);1568479125000
1380556832687962;29.5;28.7;Sat Sep 14 2019 18:40:38 GMT+0200 (CEST);Sat Sep 14 2019 16:40:38 GMT+0200 (CEST);1568479238000
1380556832687962;29.5;28.7;Sat Sep 14 2019 18:42:31 GMT+0200 (CEST);Sat Sep 14 2019 16:42:31 GMT+0200 (CEST);1568479351000
1380556832687962;27.5;28.6;Sat Sep 14 2019 18:44:24 GMT+0200 (CEST);Sat Sep 14 2019 16:44:24 GMT+0200 (CEST);1568479464000
1380556832687962;27.5;28.8;Sat Sep 14 2019 18:46:17 GMT+0200 (CEST);Sat Sep 14 2019 16:46:17 GMT+0200 (CEST);1568479577000
1380556832687962;27.5;29.6;Sat Sep 14 2019 18:48:13 GMT+0200 (CEST);Sat Sep 14 2019 16:48:13 GMT+0200 (CEST);1568479693000
1380556832687962;27.5;30.6;Sat Sep 14 2019 18:50:11 GMT+0200 (CEST);Sat Sep 14 2019 16:50:11 GMT+0200 (CEST);1568479811000
1380556832687962;27.5;30.7;Sat Sep 14 2019 18:52:05 GMT+0200 (CEST);Sat Sep 14 2019 16:52:05 GMT+0200 (CEST);1568479925000
1380556832687962;27.5;30.6;Sat Sep 14 2019 18:53:57 GMT+0200 (CEST);Sat Sep 14 2019 16:53:57 GMT+0200 (CEST);1568480037000
1380556832687962;27.5;30.5;Sat Sep 14 2019 18:55:52 GMT+0200 (CEST);Sat Sep 14 2019 16:55:52 GMT+0200 (CEST);1568480152000
1380556832687962;27.5;30.5;Sat Sep 14 2019 18:57:45 GMT+0200 (CEST);Sat Sep 14 2019 16:57:45 GMT+0200 (CEST);1568480265000
1380556832687962;27.5;30.6;Sat Sep 14 2019 18:59:37 GMT+0200 (CEST);Sat Sep 14 2019 16:59:37 GMT+0200 (CEST);1568480377000
1380556832687962;27.5;30.5;Sat Sep 14 2019 19:01:30 GMT+0200 (CEST);Sat Sep 14 2019 17:01:30 GMT+0200 (CEST);1568480490000
1380556832687962;26;30.3;Sat Sep 14 2019 19:03:26 GMT+0200 (CEST);Sat Sep 14 2019 17:03:26 GMT+0200 (CEST);1568480606000
1380556832687962;26;29.5;Sat Sep 14 2019 19:05:34 GMT+0200 (CEST);Sat Sep 14 2019 17:05:34 GMT+0200 (CEST);1568480734000
1380556832687962;25.5;28.9;Sat Sep 14 2019 19:07:27 GMT+0200 (CEST);Sat Sep 14 2019 17:07:27 GMT+0200 (CEST);1568480847000
1380556832687962;25.5;28.9;Sat Sep 14 2019 19:09:19 GMT+0200 (CEST);Sat Sep 14 2019 17:09:19 GMT+0200 (CEST);1568480959000
1380556832687962;25.5;29.1;Sat Sep 14 2019 19:11:12 GMT+0200 (CEST);Sat Sep 14 2019 17:11:12 GMT+0200 (CEST);1568481072000
1380556832687962;25.5;29.1;Sat Sep 14 2019 19:13:07 GMT+0200 (CEST);Sat Sep 14 2019 17:13:07 GMT+0200 (CEST);1568481187000
1380556832687962;25.5;29.1;Sat Sep 14 2019 19:15:04 GMT+0200 (CEST);Sat Sep 14 2019 17:15:04 GMT+0200 (CEST);1568481304000
1380556832687962;25.5;28.5;Sat Sep 14 2019 19:16:56 GMT+0200 (CEST);Sat Sep 14 2019 17:16:56 GMT+0200 (CEST);1568481416000
1380556832687962;25.5;27;Sat Sep 14 2019 19:18:57 GMT+0200 (CEST);Sat Sep 14 2019 17:18:57 GMT+0200 (CEST);1568481537000
1380556832687962;25.5;26.2;Sat Sep 14 2019 19:20:50 GMT+0200 (CEST);Sat Sep 14 2019 17:20:50 GMT+0200 (CEST);1568481650000
1380556832687962;23;25.9;Sat Sep 14 2019 19:22:43 GMT+0200 (CEST);Sat Sep 14 2019 17:22:43 GMT+0200 (CEST);1568481763000
1380556832687962;23;25.9;Sat Sep 14 2019 19:24:36 GMT+0200 (CEST);Sat Sep 14 2019 17:24:36 GMT+0200 (CEST);1568481876000
1380556832687962;23;25.2;Sat Sep 14 2019 19:26:32 GMT+0200 (CEST);Sat Sep 14 2019 17:26:32 GMT+0200 (CEST);1568481992000
1380556832687962;22;25.3;Sat Sep 14 2019 19:28:26 GMT+0200 (CEST);Sat Sep 14 2019 17:28:26 GMT+0200 (CEST);1568482106000
1380556832687962;22;28.9;Sat Sep 14 2019 19:30:19 GMT+0200 (CEST);Sat Sep 14 2019 17:30:19 GMT+0200 (CEST);1568482219000
1380556832687962;23;27.6;Sat Sep 14 2019 19:32:15 GMT+0200 (CEST);Sat Sep 14 2019 17:32:15 GMT+0200 (CEST);1568482335000
1380556832687962;23;24.7;Sat Sep 14 2019 19:34:10 GMT+0200 (CEST);Sat Sep 14 2019 17:34:10 GMT+0200 (CEST);1568482450000
1380556832687962;23;24.7;Sat Sep 14 2019 19:36:05 GMT+0200 (CEST);Sat Sep 14 2019 17:36:05 GMT+0200 (CEST);1568482565000
1380556832687962;23;24.7;Sat Sep 14 2019 19:37:57 GMT+0200 (CEST);Sat Sep 14 2019 17:37:57 GMT+0200 (CEST);1568482677000
1380556832687962;-273.2;25;Sun Sep 15 2019 06:49:07 GMT+0200 (CEST);Sun Sep 15 2019 04:49:07 GMT+0200 (CEST);1568522947000
1380556832687962;-273.2;25;Sun Sep 15 2019 06:51:12 GMT+0200 (CEST);Sun Sep 15 2019 04:51:12 GMT+0200 (CEST);1568523072000
1380556832687962;-273.2;20.5;Sun Sep 15 2019 07:02:31 GMT+0200 (CEST);Sun Sep 15 2019 05:02:31 GMT+0200 (CEST);1568523751000
1380556832687962;9.9;20.5;Sun Sep 15 2019 07:04:24 GMT+0200 (CEST);Sun Sep 15 2019 05:04:24 GMT+0200 (CEST);1568523864000
1380556832687962;9.9;28.7;Sun Sep 15 2019 07:06:17 GMT+0200 (CEST);Sun Sep 15 2019 05:06:17 GMT+0200 (CEST);1568523977000
1380556832687962;9.9;28.8;Sun Sep 15 2019 07:08:10 GMT+0200 (CEST);Sun Sep 15 2019 05:08:10 GMT+0200 (CEST);1568524090000
1380556832687962;9.9;28.8;Sun Sep 15 2019 07:10:04 GMT+0200 (CEST);Sun Sep 15 2019 05:10:04 GMT+0200 (CEST);1568524204000
1380556832687962;9.9;28.8;Sun Sep 15 2019 07:11:56 GMT+0200 (CEST);Sun Sep 15 2019 05:11:56 GMT+0200 (CEST);1568524316000
1380556832687962;9.9;28.2;Sun Sep 15 2019 07:13:49 GMT+0200 (CEST);Sun Sep 15 2019 05:13:49 GMT+0200 (CEST);1568524429000
1380556832687962;9.9;28.3;Sun Sep 15 2019 07:15:42 GMT+0200 (CEST);Sun Sep 15 2019 05:15:42 GMT+0200 (CEST);1568524542000
1380556832687962;9.9;28.5;Sun Sep 15 2019 07:17:35 GMT+0200 (CEST);Sun Sep 15 2019 05:17:35 GMT+0200 (CEST);1568524655000
1380556832687962;9.9;28.8;Sun Sep 15 2019 07:19:28 GMT+0200 (CEST);Sun Sep 15 2019 05:19:28 GMT+0200 (CEST);1568524768000
1380556832687962;9.9;29;Sun Sep 15 2019 07:21:22 GMT+0200 (CEST);Sun Sep 15 2019 05:21:22 GMT+0200 (CEST);1568524882000
1380556832687962;13.4;29.3;Sun Sep 15 2019 07:23:15 GMT+0200 (CEST);Sun Sep 15 2019 05:23:15 GMT+0200 (CEST);1568524995000
1380556832687962;13.4;29.5;Sun Sep 15 2019 07:25:08 GMT+0200 (CEST);Sun Sep 15 2019 05:25:08 GMT+0200 (CEST);1568525108000
1380556832687962;13.4;29.8;Sun Sep 15 2019 07:27:01 GMT+0200 (CEST);Sun Sep 15 2019 05:27:01 GMT+0200 (CEST);1568525221000
1380556832687962;13.4;30;Sun Sep 15 2019 07:29:00 GMT+0200 (CEST);Sun Sep 15 2019 05:29:00 GMT+0200 (CEST);1568525340000
1380556832687962;13.4;30.3;Sun Sep 15 2019 07:30:52 GMT+0200 (CEST);Sun Sep 15 2019 05:30:52 GMT+0200 (CEST);1568525452000
1380556832687962;13.9;31.9;Sun Sep 15 2019 07:32:45 GMT+0200 (CEST);Sun Sep 15 2019 05:32:45 GMT+0200 (CEST);1568525565000
1380556832687962;13.9;33.3;Sun Sep 15 2019 07:34:38 GMT+0200 (CEST);Sun Sep 15 2019 05:34:38 GMT+0200 (CEST);1568525678000
1380556832687962;13.9;33.7;Sun Sep 15 2019 07:36:31 GMT+0200 (CEST);Sun Sep 15 2019 05:36:31 GMT+0200 (CEST);1568525791000
1380556832687962;15.4;33.5;Sun Sep 15 2019 07:38:25 GMT+0200 (CEST);Sun Sep 15 2019 05:38:25 GMT+0200 (CEST);1568525905000
1380556832687962;15.4;33.8;Sun Sep 15 2019 07:40:39 GMT+0200 (CEST);Sun Sep 15 2019 05:40:39 GMT+0200 (CEST);1568526039000
1380556832687962;15.9;33.7;Sun Sep 15 2019 07:42:31 GMT+0200 (CEST);Sun Sep 15 2019 05:42:31 GMT+0200 (CEST);1568526151000
1380556832687962;15.9;34;Sun Sep 15 2019 07:44:24 GMT+0200 (CEST);Sun Sep 15 2019 05:44:24 GMT+0200 (CEST);1568526264000
1380556832687962;15.9;34.2;Sun Sep 15 2019 07:46:17 GMT+0200 (CEST);Sun Sep 15 2019 05:46:17 GMT+0200 (CEST);1568526377000
1380556832687962;15.9;34.2;Sun Sep 15 2019 07:48:10 GMT+0200 (CEST);Sun Sep 15 2019 05:48:10 GMT+0200 (CEST);1568526490000
1380556832687962;15.9;34.3;Sun Sep 15 2019 07:50:04 GMT+0200 (CEST);Sun Sep 15 2019 05:50:04 GMT+0200 (CEST);1568526604000
1380556832687962;17.4;34.4;Sun Sep 15 2019 07:52:00 GMT+0200 (CEST);Sun Sep 15 2019 05:52:00 GMT+0200 (CEST);1568526720000
1380556832687962;17.4;34.4;Sun Sep 15 2019 07:53:54 GMT+0200 (CEST);Sun Sep 15 2019 05:53:54 GMT+0200 (CEST);1568526834000
1380556832687962;17.4;34.9;Sun Sep 15 2019 07:55:47 GMT+0200 (CEST);Sun Sep 15 2019 05:55:47 GMT+0200 (CEST);1568526947000
1380556832687962;17.4;34.7;Sun Sep 15 2019 07:57:40 GMT+0200 (CEST);Sun Sep 15 2019 05:57:40 GMT+0200 (CEST);1568527060000
1380556832687962;17.4;34.8;Sun Sep 15 2019 07:59:35 GMT+0200 (CEST);Sun Sep 15 2019 05:59:35 GMT+0200 (CEST);1568527175000
1380556832687962;17.4;37.2;Sun Sep 15 2019 08:01:46 GMT+0200 (CEST);Sun Sep 15 2019 06:01:46 GMT+0200 (CEST);1568527306000
1380556832687962;17.4;39.7;Sun Sep 15 2019 08:03:46 GMT+0200 (CEST);Sun Sep 15 2019 06:03:46 GMT+0200 (CEST);1568527426000
1380556832687962;17.4;40.4;Sun Sep 15 2019 08:05:42 GMT+0200 (CEST);Sun Sep 15 2019 06:05:42 GMT+0200 (CEST);1568527542000
1380556832687962;21.5;40.4;Sun Sep 15 2019 08:07:54 GMT+0200 (CEST);Sun Sep 15 2019 06:07:54 GMT+0200 (CEST);1568527674000
1380556832687962;21.5;40.4;Sun Sep 15 2019 08:09:47 GMT+0200 (CEST);Sun Sep 15 2019 06:09:47 GMT+0200 (CEST);1568527787000
1380556832687962;22;40.4;Sun Sep 15 2019 08:11:44 GMT+0200 (CEST);Sun Sep 15 2019 06:11:44 GMT+0200 (CEST);1568527904000
1380556832687962;22;40.4;Sun Sep 15 2019 08:13:37 GMT+0200 (CEST);Sun Sep 15 2019 06:13:37 GMT+0200 (CEST);1568528017000
1380556832687962;22;40.4;Sun Sep 15 2019 08:15:31 GMT+0200 (CEST);Sun Sep 15 2019 06:15:31 GMT+0200 (CEST);1568528131000
1380556832687962;23;40.4;Sun Sep 15 2019 08:17:25 GMT+0200 (CEST);Sun Sep 15 2019 06:17:25 GMT+0200 (CEST);1568528245000
1380556832687962;23;40.4;Sun Sep 15 2019 08:19:18 GMT+0200 (CEST);Sun Sep 15 2019 06:19:18 GMT+0200 (CEST);1568528358000
1380556832687962;23;40.4;Sun Sep 15 2019 08:21:11 GMT+0200 (CEST);Sun Sep 15 2019 06:21:11 GMT+0200 (CEST);1568528471000
1380556832687962;23;40.4;Sun Sep 15 2019 08:23:08 GMT+0200 (CEST);Sun Sep 15 2019 06:23:08 GMT+0200 (CEST);1568528588000
1380556832687962;23;40.4;Sun Sep 15 2019 08:25:03 GMT+0200 (CEST);Sun Sep 15 2019 06:25:03 GMT+0200 (CEST);1568528703000
1380556832687962;25.5;40.4;Sun Sep 15 2019 08:26:57 GMT+0200 (CEST);Sun Sep 15 2019 06:26:57 GMT+0200 (CEST);1568528817000
1380556832687962;25.5;40.4;Sun Sep 15 2019 08:28:51 GMT+0200 (CEST);Sun Sep 15 2019 06:28:51 GMT+0200 (CEST);1568528931000
1380556832687962;25.5;40.4;Sun Sep 15 2019 08:30:49 GMT+0200 (CEST);Sun Sep 15 2019 06:30:49 GMT+0200 (CEST);1568529049000
1380556832687962;25.5;40.4;Sun Sep 15 2019 08:32:42 GMT+0200 (CEST);Sun Sep 15 2019 06:32:42 GMT+0200 (CEST);1568529162000
1380556832687962;25.5;37.9;Sun Sep 15 2019 08:34:35 GMT+0200 (CEST);Sun Sep 15 2019 06:34:35 GMT+0200 (CEST);1568529275000
1380556832687962;25.5;37.6;Sun Sep 15 2019 08:36:30 GMT+0200 (CEST);Sun Sep 15 2019 06:36:30 GMT+0200 (CEST);1568529390000
1380556832687962;25.5;37.4;Sun Sep 15 2019 08:38:23 GMT+0200 (CEST);Sun Sep 15 2019 06:38:23 GMT+0200 (CEST);1568529503000
1380556832687962;25.5;37.2;Sun Sep 15 2019 08:40:24 GMT+0200 (CEST);Sun Sep 15 2019 06:40:24 GMT+0200 (CEST);1568529624000
1380556832687962;25.5;36.7;Sun Sep 15 2019 08:42:16 GMT+0200 (CEST);Sun Sep 15 2019 06:42:16 GMT+0200 (CEST);1568529736000
1380556832687962;25.5;36.8;Sun Sep 15 2019 08:44:13 GMT+0200 (CEST);Sun Sep 15 2019 06:44:13 GMT+0200 (CEST);1568529853000
1380556832687962;25.5;36.7;Sun Sep 15 2019 08:46:09 GMT+0200 (CEST);Sun Sep 15 2019 06:46:09 GMT+0200 (CEST);1568529969000
1380556832687962;25.5;36.6;Sun Sep 15 2019 08:48:03 GMT+0200 (CEST);Sun Sep 15 2019 06:48:03 GMT+0200 (CEST);1568530083000
1380556832687962;25.5;36.2;Sun Sep 15 2019 08:49:55 GMT+0200 (CEST);Sun Sep 15 2019 06:49:55 GMT+0200 (CEST);1568530195000
1380556832687962;26;37.2;Sun Sep 15 2019 08:51:48 GMT+0200 (CEST);Sun Sep 15 2019 06:51:48 GMT+0200 (CEST);1568530308000
1380556832687962;26;36.5;Sun Sep 15 2019 08:53:41 GMT+0200 (CEST);Sun Sep 15 2019 06:53:41 GMT+0200 (CEST);1568530421000
1380556832687962;26;36.5;Sun Sep 15 2019 08:55:36 GMT+0200 (CEST);Sun Sep 15 2019 06:55:36 GMT+0200 (CEST);1568530536000
1380556832687962;26;36.5;Sun Sep 15 2019 08:57:29 GMT+0200 (CEST);Sun Sep 15 2019 06:57:29 GMT+0200 (CEST);1568530649000
1380556832687962;26;36;Sun Sep 15 2019 08:59:21 GMT+0200 (CEST);Sun Sep 15 2019 06:59:21 GMT+0200 (CEST);1568530761000
1380556832687962;27.5;36.1;Sun Sep 15 2019 09:01:16 GMT+0200 (CEST);Sun Sep 15 2019 07:01:16 GMT+0200 (CEST);1568530876000
1380556832687962;27.5;35.5;Sun Sep 15 2019 09:03:08 GMT+0200 (CEST);Sun Sep 15 2019 07:03:08 GMT+0200 (CEST);1568530988000
1380556832687962;27.5;34.5;Sun Sep 15 2019 09:05:01 GMT+0200 (CEST);Sun Sep 15 2019 07:05:01 GMT+0200 (CEST);1568531101000
1380556832687962;27.5;35.1;Sun Sep 15 2019 09:06:54 GMT+0200 (CEST);Sun Sep 15 2019 07:06:54 GMT+0200 (CEST);1568531214000
1380556832687962;27.5;35.4;Sun Sep 15 2019 09:08:47 GMT+0200 (CEST);Sun Sep 15 2019 07:08:47 GMT+0200 (CEST);1568531327000
1380556832687962;28;35.9;Sun Sep 15 2019 09:10:42 GMT+0200 (CEST);Sun Sep 15 2019 07:10:42 GMT+0200 (CEST);1568531442000
1380556832687962;28;35.2;Sun Sep 15 2019 09:12:42 GMT+0200 (CEST);Sun Sep 15 2019 07:12:42 GMT+0200 (CEST);1568531562000
1380556832687962;29.5;35.1;Sun Sep 15 2019 09:14:43 GMT+0200 (CEST);Sun Sep 15 2019 07:14:43 GMT+0200 (CEST);1568531683000
1380556832687962;29.5;34.8;Sun Sep 15 2019 09:16:35 GMT+0200 (CEST);Sun Sep 15 2019 07:16:35 GMT+0200 (CEST);1568531795000
1380556832687962;29.5;34.6;Sun Sep 15 2019 09:18:29 GMT+0200 (CEST);Sun Sep 15 2019 07:18:29 GMT+0200 (CEST);1568531909000
1380556832687962;29.5;34.7;Sun Sep 15 2019 09:20:30 GMT+0200 (CEST);Sun Sep 15 2019 07:20:30 GMT+0200 (CEST);1568532030000
1380556832687962;29.5;34.8;Sun Sep 15 2019 09:22:26 GMT+0200 (CEST);Sun Sep 15 2019 07:22:26 GMT+0200 (CEST);1568532146000
1380556832687962;29.5;34.6;Sun Sep 15 2019 09:24:19 GMT+0200 (CEST);Sun Sep 15 2019 07:24:19 GMT+0200 (CEST);1568532259000
1380556832687962;29.5;34.5;Sun Sep 15 2019 09:26:15 GMT+0200 (CEST);Sun Sep 15 2019 07:26:15 GMT+0200 (CEST);1568532375000
1380556832687962;29.5;34.5;Sun Sep 15 2019 09:28:08 GMT+0200 (CEST);Sun Sep 15 2019 07:28:08 GMT+0200 (CEST);1568532488000
1380556832687962;32;34.5;Sun Sep 15 2019 09:30:01 GMT+0200 (CEST);Sun Sep 15 2019 07:30:01 GMT+0200 (CEST);1568532601000
1380556832687962;32;34.4;Sun Sep 15 2019 09:31:53 GMT+0200 (CEST);Sun Sep 15 2019 07:31:53 GMT+0200 (CEST);1568532713000
1380556832687962;32;34.4;Sun Sep 15 2019 09:34:00 GMT+0200 (CEST);Sun Sep 15 2019 07:34:00 GMT+0200 (CEST);1568532840000
1380556832687962;32;34.2;Sun Sep 15 2019 09:35:53 GMT+0200 (CEST);Sun Sep 15 2019 07:35:53 GMT+0200 (CEST);1568532953000
1380556832687962;32;34.2;Sun Sep 15 2019 09:37:46 GMT+0200 (CEST);Sun Sep 15 2019 07:37:46 GMT+0200 (CEST);1568533066000
1380556832687962;32;34.2;Sun Sep 15 2019 09:39:40 GMT+0200 (CEST);Sun Sep 15 2019 07:39:40 GMT+0200 (CEST);1568533180000
1380556832687962;32;34.2;Sun Sep 15 2019 09:41:35 GMT+0200 (CEST);Sun Sep 15 2019 07:41:35 GMT+0200 (CEST);1568533295000
1380556832687962;32;34.2;Sun Sep 15 2019 09:43:28 GMT+0200 (CEST);Sun Sep 15 2019 07:43:28 GMT+0200 (CEST);1568533408000
1380556832687962;32;34.1;Sun Sep 15 2019 09:45:26 GMT+0200 (CEST);Sun Sep 15 2019 07:45:26 GMT+0200 (CEST);1568533526000
1380556832687962;32;34.1;Sun Sep 15 2019 09:47:19 GMT+0200 (CEST);Sun Sep 15 2019 07:47:19 GMT+0200 (CEST);1568533639000
1380556832687962;32;34.1;Sun Sep 15 2019 09:49:17 GMT+0200 (CEST);Sun Sep 15 2019 07:49:17 GMT+0200 (CEST);1568533757000
1380556832687962;32;33.9;Sun Sep 15 2019 09:51:10 GMT+0200 (CEST);Sun Sep 15 2019 07:51:10 GMT+0200 (CEST);1568533870000
1380556832687962;32;33.8;Sun Sep 15 2019 09:53:03 GMT+0200 (CEST);Sun Sep 15 2019 07:53:03 GMT+0200 (CEST);1568533983000
1380556832687962;32;33.8;Sun Sep 15 2019 09:55:09 GMT+0200 (CEST);Sun Sep 15 2019 07:55:09 GMT+0200 (CEST);1568534109000
1380556832687962;32;33.8;Sun Sep 15 2019 09:57:03 GMT+0200 (CEST);Sun Sep 15 2019 07:57:03 GMT+0200 (CEST);1568534223000
1380556832687962;36.1;33.7;Sun Sep 15 2019 09:58:56 GMT+0200 (CEST);Sun Sep 15 2019 07:58:56 GMT+0200 (CEST);1568534336000
1380556832687962;36.1;33.8;Sun Sep 15 2019 10:00:48 GMT+0200 (CEST);Sun Sep 15 2019 08:00:48 GMT+0200 (CEST);1568534448000
1380556832687962;36.1;33.7;Sun Sep 15 2019 10:02:44 GMT+0200 (CEST);Sun Sep 15 2019 08:02:44 GMT+0200 (CEST);1568534564000
1380556832687962;37.6;33.7;Sun Sep 15 2019 10:04:37 GMT+0200 (CEST);Sun Sep 15 2019 08:04:37 GMT+0200 (CEST);1568534677000
1380556832687962;37.6;33.4;Sun Sep 15 2019 10:06:31 GMT+0200 (CEST);Sun Sep 15 2019 08:06:31 GMT+0200 (CEST);1568534791000
1380556832687962;37.6;33.4;Sun Sep 15 2019 10:08:27 GMT+0200 (CEST);Sun Sep 15 2019 08:08:27 GMT+0200 (CEST);1568534907000
1380556832687962;37.6;33.4;Sun Sep 15 2019 10:10:22 GMT+0200 (CEST);Sun Sep 15 2019 08:10:22 GMT+0200 (CEST);1568535022000
1380556832687962;37.6;33.4;Sun Sep 15 2019 10:12:15 GMT+0200 (CEST);Sun Sep 15 2019 08:12:15 GMT+0200 (CEST);1568535135000
1380556832687962;37.6;33.4;Sun Sep 15 2019 10:14:08 GMT+0200 (CEST);Sun Sep 15 2019 08:14:08 GMT+0200 (CEST);1568535248000
1380556832687962;37.6;33.2;Sun Sep 15 2019 10:16:03 GMT+0200 (CEST);Sun Sep 15 2019 08:16:03 GMT+0200 (CEST);1568535363000
1380556832687962;37.6;33.3;Sun Sep 15 2019 10:17:56 GMT+0200 (CEST);Sun Sep 15 2019 08:17:56 GMT+0200 (CEST);1568535476000
1380556832687962;37.6;33.2;Sun Sep 15 2019 10:19:50 GMT+0200 (CEST);Sun Sep 15 2019 08:19:50 GMT+0200 (CEST);1568535590000
1380556832687962;37.6;33.2;Sun Sep 15 2019 10:21:44 GMT+0200 (CEST);Sun Sep 15 2019 08:21:44 GMT+0200 (CEST);1568535704000
1380556832687962;37.6;33.3;Sun Sep 15 2019 10:23:33 GMT+0200 (CEST);Sun Sep 15 2019 08:23:33 GMT+0200 (CEST);1568535813000
1380556832687962;37.6;33.1;Sun Sep 15 2019 10:25:26 GMT+0200 (CEST);Sun Sep 15 2019 08:25:26 GMT+0200 (CEST);1568535926000
1380556832687962;37.6;33.1;Sun Sep 15 2019 10:27:20 GMT+0200 (CEST);Sun Sep 15 2019 08:27:20 GMT+0200 (CEST);1568536040000
1380556832687962;37.6;33.1;Sun Sep 15 2019 10:29:13 GMT+0200 (CEST);Sun Sep 15 2019 08:29:13 GMT+0200 (CEST);1568536153000
1380556832687962;37.6;33;Sun Sep 15 2019 10:31:06 GMT+0200 (CEST);Sun Sep 15 2019 08:31:06 GMT+0200 (CEST);1568536266000
1380556832687962;39.1;33;Sun Sep 15 2019 10:32:59 GMT+0200 (CEST);Sun Sep 15 2019 08:32:59 GMT+0200 (CEST);1568536379000
1380556832687962;39.1;33;Sun Sep 15 2019 10:34:58 GMT+0200 (CEST);Sun Sep 15 2019 08:34:58 GMT+0200 (CEST);1568536498000
1380556832687962;39.1;32.8;Sun Sep 15 2019 10:36:51 GMT+0200 (CEST);Sun Sep 15 2019 08:36:51 GMT+0200 (CEST);1568536611000
1380556832687962;39.1;32.7;Sun Sep 15 2019 10:38:44 GMT+0200 (CEST);Sun Sep 15 2019 08:38:44 GMT+0200 (CEST);1568536724000
1380556832687962;39.1;32.6;Sun Sep 15 2019 10:40:36 GMT+0200 (CEST);Sun Sep 15 2019 08:40:36 GMT+0200 (CEST);1568536836000
1380556832687962;39.1;32.6;Sun Sep 15 2019 10:42:38 GMT+0200 (CEST);Sun Sep 15 2019 08:42:38 GMT+0200 (CEST);1568536958000
1380556832687962;39.1;32.3;Sun Sep 15 2019 10:44:34 GMT+0200 (CEST);Sun Sep 15 2019 08:44:34 GMT+0200 (CEST);1568537074000
1380556832687962;39.1;32.4;Sun Sep 15 2019 10:46:28 GMT+0200 (CEST);Sun Sep 15 2019 08:46:28 GMT+0200 (CEST);1568537188000
1380556832687962;43.6;32.3;Sun Sep 15 2019 10:48:21 GMT+0200 (CEST);Sun Sep 15 2019 08:48:21 GMT+0200 (CEST);1568537301000
1380556832687962;43.6;32.4;Sun Sep 15 2019 10:50:25 GMT+0200 (CEST);Sun Sep 15 2019 08:50:25 GMT+0200 (CEST);1568537425000
1380556832687962;43.6;32.3;Sun Sep 15 2019 10:52:20 GMT+0200 (CEST);Sun Sep 15 2019 08:52:20 GMT+0200 (CEST);1568537540000
1380556832687962;43.6;32.3;Sun Sep 15 2019 10:54:15 GMT+0200 (CEST);Sun Sep 15 2019 08:54:15 GMT+0200 (CEST);1568537655000
1380556832687962;43.6;32.2;Sun Sep 15 2019 10:56:08 GMT+0200 (CEST);Sun Sep 15 2019 08:56:08 GMT+0200 (CEST);1568537768000
1380556832687962;43.6;32.1;Sun Sep 15 2019 10:58:08 GMT+0200 (CEST);Sun Sep 15 2019 08:58:08 GMT+0200 (CEST);1568537888000
1380556832687962;43.6;32.1;Sun Sep 15 2019 11:00:01 GMT+0200 (CEST);Sun Sep 15 2019 09:00:01 GMT+0200 (CEST);1568538001000
1380556832687962;44.1;32.1;Sun Sep 15 2019 11:01:54 GMT+0200 (CEST);Sun Sep 15 2019 09:01:54 GMT+0200 (CEST);1568538114000
1380556832687962;44.1;32.1;Sun Sep 15 2019 11:03:49 GMT+0200 (CEST);Sun Sep 15 2019 09:03:49 GMT+0200 (CEST);1568538229000
1380556832687962;45.6;32.1;Sun Sep 15 2019 11:06:03 GMT+0200 (CEST);Sun Sep 15 2019 09:06:03 GMT+0200 (CEST);1568538363000
1380556832687962;45.6;32;Sun Sep 15 2019 11:07:57 GMT+0200 (CEST);Sun Sep 15 2019 09:07:57 GMT+0200 (CEST);1568538477000
1380556832687962;45.6;32;Sun Sep 15 2019 11:09:49 GMT+0200 (CEST);Sun Sep 15 2019 09:09:49 GMT+0200 (CEST);1568538589000
1380556832687962;45.6;32;Sun Sep 15 2019 11:11:47 GMT+0200 (CEST);Sun Sep 15 2019 09:11:47 GMT+0200 (CEST);1568538707000
1380556832687962;45.6;32;Sun Sep 15 2019 11:13:41 GMT+0200 (CEST);Sun Sep 15 2019 09:13:41 GMT+0200 (CEST);1568538821000
1380556832687962;45.6;32;Sun Sep 15 2019 11:15:35 GMT+0200 (CEST);Sun Sep 15 2019 09:15:35 GMT+0200 (CEST);1568538935000
1380556832687962;45.6;31.8;Sun Sep 15 2019 11:17:29 GMT+0200 (CEST);Sun Sep 15 2019 09:17:29 GMT+0200 (CEST);1568539049000
1380556832687962;45.6;31.7;Sun Sep 15 2019 11:19:24 GMT+0200 (CEST);Sun Sep 15 2019 09:19:24 GMT+0200 (CEST);1568539164000
1380556832687962;46.1;31.7;Sun Sep 15 2019 11:21:24 GMT+0200 (CEST);Sun Sep 15 2019 09:21:24 GMT+0200 (CEST);1568539284000
1380556832687962;46.1;31.6;Sun Sep 15 2019 11:23:18 GMT+0200 (CEST);Sun Sep 15 2019 09:23:18 GMT+0200 (CEST);1568539398000
1380556832687962;46.1;31.6;Sun Sep 15 2019 11:25:10 GMT+0200 (CEST);Sun Sep 15 2019 09:25:10 GMT+0200 (CEST);1568539510000
1380556832687962;46.1;31.6;Sun Sep 15 2019 11:27:09 GMT+0200 (CEST);Sun Sep 15 2019 09:27:09 GMT+0200 (CEST);1568539629000
1380556832687962;47.6;31.7;Sun Sep 15 2019 11:29:09 GMT+0200 (CEST);Sun Sep 15 2019 09:29:09 GMT+0200 (CEST);1568539749000
1380556832687962;47.6;31.6;Sun Sep 15 2019 11:31:03 GMT+0200 (CEST);Sun Sep 15 2019 09:31:03 GMT+0200 (CEST);1568539863000
1380556832687962;47.6;31.4;Sun Sep 15 2019 11:32:56 GMT+0200 (CEST);Sun Sep 15 2019 09:32:56 GMT+0200 (CEST);1568539976000
1380556832687962;48.2;31.4;Sun Sep 15 2019 11:34:50 GMT+0200 (CEST);Sun Sep 15 2019 09:34:50 GMT+0200 (CEST);1568540090000
1380556832687962;48.2;31.4;Sun Sep 15 2019 11:36:53 GMT+0200 (CEST);Sun Sep 15 2019 09:36:53 GMT+0200 (CEST);1568540213000
1380556832687962;48.2;31.4;Sun Sep 15 2019 11:38:45 GMT+0200 (CEST);Sun Sep 15 2019 09:38:45 GMT+0200 (CEST);1568540325000
1380556832687962;48.2;31.4;Sun Sep 15 2019 11:40:39 GMT+0200 (CEST);Sun Sep 15 2019 09:40:39 GMT+0200 (CEST);1568540439000
1380556832687962;48.2;31.4;Sun Sep 15 2019 11:42:32 GMT+0200 (CEST);Sun Sep 15 2019 09:42:32 GMT+0200 (CEST);1568540552000
1380556832687962;49.7;31.4;Sun Sep 15 2019 11:44:26 GMT+0200 (CEST);Sun Sep 15 2019 09:44:26 GMT+0200 (CEST);1568540666000
1380556832687962;49.7;31.4;Sun Sep 15 2019 11:46:22 GMT+0200 (CEST);Sun Sep 15 2019 09:46:22 GMT+0200 (CEST);1568540782000
1380556832687962;49.7;31.5;Sun Sep 15 2019 11:48:20 GMT+0200 (CEST);Sun Sep 15 2019 09:48:20 GMT+0200 (CEST);1568540900000
1380556832687962;49.7;31.5;Sun Sep 15 2019 11:50:13 GMT+0200 (CEST);Sun Sep 15 2019 09:50:13 GMT+0200 (CEST);1568541013000
1380556832687962;49.7;31.5;Sun Sep 15 2019 11:52:06 GMT+0200 (CEST);Sun Sep 15 2019 09:52:06 GMT+0200 (CEST);1568541126000
1380556832687962;48.2;31.4;Sun Sep 15 2019 11:53:58 GMT+0200 (CEST);Sun Sep 15 2019 09:53:58 GMT+0200 (CEST);1568541238000
1380556832687962;48.2;31.4;Sun Sep 15 2019 11:55:52 GMT+0200 (CEST);Sun Sep 15 2019 09:55:52 GMT+0200 (CEST);1568541352000
1380556832687962;49.7;31.4;Sun Sep 15 2019 11:57:45 GMT+0200 (CEST);Sun Sep 15 2019 09:57:45 GMT+0200 (CEST);1568541465000
1380556832687962;49.7;31.7;Sun Sep 15 2019 11:59:42 GMT+0200 (CEST);Sun Sep 15 2019 09:59:42 GMT+0200 (CEST);1568541582000
1380556832687962;49.7;31.5;Sun Sep 15 2019 12:01:35 GMT+0200 (CEST);Sun Sep 15 2019 10:01:35 GMT+0200 (CEST);1568541695000
1380556832687962;49.7;31.6;Sun Sep 15 2019 12:03:28 GMT+0200 (CEST);Sun Sep 15 2019 10:03:28 GMT+0200 (CEST);1568541808000
1380556832687962;49.7;32.5;Sun Sep 15 2019 12:05:22 GMT+0200 (CEST);Sun Sep 15 2019 10:05:22 GMT+0200 (CEST);1568541922000
1380556832687962;49.7;32.1;Sun Sep 15 2019 12:07:14 GMT+0200 (CEST);Sun Sep 15 2019 10:07:14 GMT+0200 (CEST);1568542034000
1380556832687962;49.7;32.1;Sun Sep 15 2019 12:09:29 GMT+0200 (CEST);Sun Sep 15 2019 10:09:29 GMT+0200 (CEST);1568542169000
1380556832687962;49.7;32.7;Sun Sep 15 2019 12:11:22 GMT+0200 (CEST);Sun Sep 15 2019 10:11:22 GMT+0200 (CEST);1568542282000
1380556832687962;49.7;32.2;Sun Sep 15 2019 12:13:16 GMT+0200 (CEST);Sun Sep 15 2019 10:13:16 GMT+0200 (CEST);1568542396000
1380556832687962;49.7;32.7;Sun Sep 15 2019 12:15:09 GMT+0200 (CEST);Sun Sep 15 2019 10:15:09 GMT+0200 (CEST);1568542509000
1380556832687962;49.7;32.7;Sun Sep 15 2019 12:17:04 GMT+0200 (CEST);Sun Sep 15 2019 10:17:04 GMT+0200 (CEST);1568542624000
1380556832687962;49.7;32.7;Sun Sep 15 2019 12:18:59 GMT+0200 (CEST);Sun Sep 15 2019 10:18:59 GMT+0200 (CEST);1568542739000
1380556832687962;49.7;33.1;Sun Sep 15 2019 12:21:07 GMT+0200 (CEST);Sun Sep 15 2019 10:21:07 GMT+0200 (CEST);1568542867000
1380556832687962;49.7;33.1;Sun Sep 15 2019 12:23:00 GMT+0200 (CEST);Sun Sep 15 2019 10:23:00 GMT+0200 (CEST);1568542980000
1380556832687962;49.7;32.7;Sun Sep 15 2019 12:24:53 GMT+0200 (CEST);Sun Sep 15 2019 10:24:53 GMT+0200 (CEST);1568543093000
1380556832687962;49.7;31;Sun Sep 15 2019 12:26:46 GMT+0200 (CEST);Sun Sep 15 2019 10:26:46 GMT+0200 (CEST);1568543206000
1380556832687962;46.1;32;Sun Sep 15 2019 12:28:38 GMT+0200 (CEST);Sun Sep 15 2019 10:28:38 GMT+0200 (CEST);1568543318000
1380556832687962;46.1;30.8;Sun Sep 15 2019 12:30:42 GMT+0200 (CEST);Sun Sep 15 2019 10:30:42 GMT+0200 (CEST);1568543442000
1380556832687962;46.1;31;Sun Sep 15 2019 12:32:35 GMT+0200 (CEST);Sun Sep 15 2019 10:32:35 GMT+0200 (CEST);1568543555000
1380556832687962;46.1;33.2;Sun Sep 15 2019 12:34:28 GMT+0200 (CEST);Sun Sep 15 2019 10:34:28 GMT+0200 (CEST);1568543668000
1380556832687962;46.1;33;Sun Sep 15 2019 12:36:21 GMT+0200 (CEST);Sun Sep 15 2019 10:36:21 GMT+0200 (CEST);1568543781000
1380556832687962;45.6;33;Sun Sep 15 2019 12:38:18 GMT+0200 (CEST);Sun Sep 15 2019 10:38:18 GMT+0200 (CEST);1568543898000
1380556832687962;45.6;32.1;Sun Sep 15 2019 12:40:11 GMT+0200 (CEST);Sun Sep 15 2019 10:40:11 GMT+0200 (CEST);1568544011000
1380556832687962;45.6;31.7;Sun Sep 15 2019 12:42:03 GMT+0200 (CEST);Sun Sep 15 2019 10:42:03 GMT+0200 (CEST);1568544123000
1380556832687962;45.6;31.4;Sun Sep 15 2019 12:43:56 GMT+0200 (CEST);Sun Sep 15 2019 10:43:56 GMT+0200 (CEST);1568544236000
1380556832687962;45.6;31.4;Sun Sep 15 2019 12:45:49 GMT+0200 (CEST);Sun Sep 15 2019 10:45:49 GMT+0200 (CEST);1568544349000
1380556832687962;48.2;31.4;Sun Sep 15 2019 12:47:49 GMT+0200 (CEST);Sun Sep 15 2019 10:47:49 GMT+0200 (CEST);1568544469000
1380556832687962;48.2;32.3;Sun Sep 15 2019 12:49:45 GMT+0200 (CEST);Sun Sep 15 2019 10:49:45 GMT+0200 (CEST);1568544585000
1380556832687962;48.2;32.3;Sun Sep 15 2019 12:51:56 GMT+0200 (CEST);Sun Sep 15 2019 10:51:56 GMT+0200 (CEST);1568544716000
1380556832687962;48.2;29.9;Sun Sep 15 2019 12:53:49 GMT+0200 (CEST);Sun Sep 15 2019 10:53:49 GMT+0200 (CEST);1568544829000
1380556832687962;48.2;33.6;Sun Sep 15 2019 12:55:41 GMT+0200 (CEST);Sun Sep 15 2019 10:55:41 GMT+0200 (CEST);1568544941000
1380556832687962;48.2;33.3;Sun Sep 15 2019 12:57:36 GMT+0200 (CEST);Sun Sep 15 2019 10:57:36 GMT+0200 (CEST);1568545056000
1380556832687962;48.2;33.1;Sun Sep 15 2019 12:59:30 GMT+0200 (CEST);Sun Sep 15 2019 10:59:30 GMT+0200 (CEST);1568545170000
1380556832687962;48.2;32.7;Sun Sep 15 2019 13:01:28 GMT+0200 (CEST);Sun Sep 15 2019 11:01:28 GMT+0200 (CEST);1568545288000
1380556832687962;48.2;32.7;Sun Sep 15 2019 13:03:24 GMT+0200 (CEST);Sun Sep 15 2019 11:03:24 GMT+0200 (CEST);1568545404000
1380556832687962;48.2;32.5;Sun Sep 15 2019 13:05:23 GMT+0200 (CEST);Sun Sep 15 2019 11:05:23 GMT+0200 (CEST);1568545523000
1380556832687962;48.2;32.5;Sun Sep 15 2019 13:07:16 GMT+0200 (CEST);Sun Sep 15 2019 11:07:16 GMT+0200 (CEST);1568545636000
1380556832687962;48.2;32.3;Sun Sep 15 2019 13:09:09 GMT+0200 (CEST);Sun Sep 15 2019 11:09:09 GMT+0200 (CEST);1568545749000
1380556832687962;49.7;32.4;Sun Sep 15 2019 13:11:05 GMT+0200 (CEST);Sun Sep 15 2019 11:11:05 GMT+0200 (CEST);1568545865000
1380556832687962;49.7;32.6;Sun Sep 15 2019 13:14:05 GMT+0200 (CEST);Sun Sep 15 2019 11:14:05 GMT+0200 (CEST);1568546045000
1380556832687962;49.7;32.5;Sun Sep 15 2019 13:15:59 GMT+0200 (CEST);Sun Sep 15 2019 11:15:59 GMT+0200 (CEST);1568546159000
1380556832687962;49.7;32.3;Sun Sep 15 2019 13:17:53 GMT+0200 (CEST);Sun Sep 15 2019 11:17:53 GMT+0200 (CEST);1568546273000
1380556832687962;49.7;32.4;Sun Sep 15 2019 13:20:06 GMT+0200 (CEST);Sun Sep 15 2019 11:20:06 GMT+0200 (CEST);1568546406000
1380556832687962;49.7;32.4;Sun Sep 15 2019 13:22:00 GMT+0200 (CEST);Sun Sep 15 2019 11:22:00 GMT+0200 (CEST);1568546520000
1380556832687962;49.7;32.4;Sun Sep 15 2019 13:23:55 GMT+0200 (CEST);Sun Sep 15 2019 11:23:55 GMT+0200 (CEST);1568546635000
1380556832687962;49.7;32.2;Sun Sep 15 2019 13:25:48 GMT+0200 (CEST);Sun Sep 15 2019 11:25:48 GMT+0200 (CEST);1568546748000
1380556832687962;49.7;32.1;Sun Sep 15 2019 13:27:42 GMT+0200 (CEST);Sun Sep 15 2019 11:27:42 GMT+0200 (CEST);1568546862000
1380556832687962;49.7;31.9;Sun Sep 15 2019 13:29:36 GMT+0200 (CEST);Sun Sep 15 2019 11:29:36 GMT+0200 (CEST);1568546976000
1380556832687962;49.7;31.9;Sun Sep 15 2019 13:31:31 GMT+0200 (CEST);Sun Sep 15 2019 11:31:31 GMT+0200 (CEST);1568547091000
1380556832687962;51.7;32;Sun Sep 15 2019 13:33:24 GMT+0200 (CEST);Sun Sep 15 2019 11:33:24 GMT+0200 (CEST);1568547204000
1380556832687962;51.7;32;Sun Sep 15 2019 13:35:23 GMT+0200 (CEST);Sun Sep 15 2019 11:35:23 GMT+0200 (CEST);1568547323000
1380556832687962;51.7;32;Sun Sep 15 2019 13:37:16 GMT+0200 (CEST);Sun Sep 15 2019 11:37:16 GMT+0200 (CEST);1568547436000
1380556832687962;51.7;32;Sun Sep 15 2019 13:39:09 GMT+0200 (CEST);Sun Sep 15 2019 11:39:09 GMT+0200 (CEST);1568547549000
1380556832687962;51.7;32.3;Sun Sep 15 2019 13:41:08 GMT+0200 (CEST);Sun Sep 15 2019 11:41:08 GMT+0200 (CEST);1568547668000
1380556832687962;51.7;32.4;Sun Sep 15 2019 13:43:02 GMT+0200 (CEST);Sun Sep 15 2019 11:43:02 GMT+0200 (CEST);1568547782000
1380556832687962;51.7;32.1;Sun Sep 15 2019 13:44:55 GMT+0200 (CEST);Sun Sep 15 2019 11:44:55 GMT+0200 (CEST);1568547895000
1380556832687962;51.7;32.4;Sun Sep 15 2019 13:46:49 GMT+0200 (CEST);Sun Sep 15 2019 11:46:49 GMT+0200 (CEST);1568548009000
1380556832687962;50.2;32.3;Sun Sep 15 2019 13:48:43 GMT+0200 (CEST);Sun Sep 15 2019 11:48:43 GMT+0200 (CEST);1568548123000
1380556832687962;50.2;32.6;Sun Sep 15 2019 13:50:43 GMT+0200 (CEST);Sun Sep 15 2019 11:50:43 GMT+0200 (CEST);1568548243000
1380556832687962;49.7;32.7;Sun Sep 15 2019 13:52:36 GMT+0200 (CEST);Sun Sep 15 2019 11:52:36 GMT+0200 (CEST);1568548356000
1380556832687962;49.7;32.5;Sun Sep 15 2019 13:54:31 GMT+0200 (CEST);Sun Sep 15 2019 11:54:31 GMT+0200 (CEST);1568548471000
1380556832687962;49.7;32.5;Sun Sep 15 2019 13:56:24 GMT+0200 (CEST);Sun Sep 15 2019 11:56:24 GMT+0200 (CEST);1568548584000
1380556832687962;49.7;32.4;Sun Sep 15 2019 13:58:22 GMT+0200 (CEST);Sun Sep 15 2019 11:58:22 GMT+0200 (CEST);1568548702000
1380556832687962;49.7;32.5;Sun Sep 15 2019 14:00:15 GMT+0200 (CEST);Sun Sep 15 2019 12:00:15 GMT+0200 (CEST);1568548815000
1380556832687962;49.7;32.5;Sun Sep 15 2019 14:02:15 GMT+0200 (CEST);Sun Sep 15 2019 12:02:15 GMT+0200 (CEST);1568548935000
1380556832687962;49.7;32.5;Sun Sep 15 2019 14:04:10 GMT+0200 (CEST);Sun Sep 15 2019 12:04:10 GMT+0200 (CEST);1568549050000
1380556832687962;49.7;32.3;Sun Sep 15 2019 14:07:56 GMT+0200 (CEST);Sun Sep 15 2019 12:07:56 GMT+0200 (CEST);1568549276000
1380556832687962;49.7;32.4;Sun Sep 15 2019 14:09:49 GMT+0200 (CEST);Sun Sep 15 2019 12:09:49 GMT+0200 (CEST);1568549389000
1380556832687962;49.7;32.5;Sun Sep 15 2019 14:11:44 GMT+0200 (CEST);Sun Sep 15 2019 12:11:44 GMT+0200 (CEST);1568549504000
1380556832687962;49.7;32.5;Sun Sep 15 2019 14:13:37 GMT+0200 (CEST);Sun Sep 15 2019 12:13:37 GMT+0200 (CEST);1568549617000
1380556832687962;49.7;32.2;Sun Sep 15 2019 14:15:29 GMT+0200 (CEST);Sun Sep 15 2019 12:15:29 GMT+0200 (CEST);1568549729000
1380556832687962;49.7;32.6;Sun Sep 15 2019 14:17:22 GMT+0200 (CEST);Sun Sep 15 2019 12:17:22 GMT+0200 (CEST);1568549842000
1380556832687962;49.7;32.5;Sun Sep 15 2019 14:19:25 GMT+0200 (CEST);Sun Sep 15 2019 12:19:25 GMT+0200 (CEST);1568549965000
1380556832687962;50.2;32.5;Sun Sep 15 2019 14:21:19 GMT+0200 (CEST);Sun Sep 15 2019 12:21:19 GMT+0200 (CEST);1568550079000
1380556832687962;50.2;32.3;Sun Sep 15 2019 14:23:34 GMT+0200 (CEST);Sun Sep 15 2019 12:23:34 GMT+0200 (CEST);1568550214000
1380556832687962;50.2;32.2;Sun Sep 15 2019 14:25:29 GMT+0200 (CEST);Sun Sep 15 2019 12:25:29 GMT+0200 (CEST);1568550329000
1380556832687962;50.2;32.7;Sun Sep 15 2019 14:27:22 GMT+0200 (CEST);Sun Sep 15 2019 12:27:22 GMT+0200 (CEST);1568550442000
1380556832687962;50.2;32.7;Sun Sep 15 2019 14:29:16 GMT+0200 (CEST);Sun Sep 15 2019 12:29:16 GMT+0200 (CEST);1568550556000
1380556832687962;49.7;32.7;Sun Sep 15 2019 14:31:09 GMT+0200 (CEST);Sun Sep 15 2019 12:31:09 GMT+0200 (CEST);1568550669000
1380556832687962;49.7;32.7;Sun Sep 15 2019 14:33:04 GMT+0200 (CEST);Sun Sep 15 2019 12:33:04 GMT+0200 (CEST);1568550784000
1380556832687962;49.7;32.7;Sun Sep 15 2019 14:35:01 GMT+0200 (CEST);Sun Sep 15 2019 12:35:01 GMT+0200 (CEST);1568550901000
1380556832687962;49.7;32.2;Sun Sep 15 2019 14:36:54 GMT+0200 (CEST);Sun Sep 15 2019 12:36:54 GMT+0200 (CEST);1568551014000
1380556832687962;49.7;32.3;Sun Sep 15 2019 14:38:48 GMT+0200 (CEST);Sun Sep 15 2019 12:38:48 GMT+0200 (CEST);1568551128000
1380556832687962;49.7;32.3;Sun Sep 15 2019 14:40:41 GMT+0200 (CEST);Sun Sep 15 2019 12:40:41 GMT+0200 (CEST);1568551241000
1380556832687962;49.7;32.3;Sun Sep 15 2019 14:42:36 GMT+0200 (CEST);Sun Sep 15 2019 12:42:36 GMT+0200 (CEST);1568551356000
1380556832687962;49.7;32.1;Sun Sep 15 2019 14:44:31 GMT+0200 (CEST);Sun Sep 15 2019 12:44:31 GMT+0200 (CEST);1568551471000
1380556832687962;49.7;32.3;Sun Sep 15 2019 14:46:24 GMT+0200 (CEST);Sun Sep 15 2019 12:46:24 GMT+0200 (CEST);1568551584000
1380556832687962;49.7;31.9;Sun Sep 15 2019 14:48:17 GMT+0200 (CEST);Sun Sep 15 2019 12:48:17 GMT+0200 (CEST);1568551697000
1380556832687962;49.7;32.6;Sun Sep 15 2019 14:50:32 GMT+0200 (CEST);Sun Sep 15 2019 12:50:32 GMT+0200 (CEST);1568551832000
1380556832687962;49.7;32.7;Sun Sep 15 2019 14:52:24 GMT+0200 (CEST);Sun Sep 15 2019 12:52:24 GMT+0200 (CEST);1568551944000
1380556832687962;49.7;32.7;Sun Sep 15 2019 14:54:19 GMT+0200 (CEST);Sun Sep 15 2019 12:54:19 GMT+0200 (CEST);1568552059000
1380556832687962;49.7;32.9;Sun Sep 15 2019 14:56:12 GMT+0200 (CEST);Sun Sep 15 2019 12:56:12 GMT+0200 (CEST);1568552172000
1380556832687962;49.7;32.9;Sun Sep 15 2019 14:58:14 GMT+0200 (CEST);Sun Sep 15 2019 12:58:14 GMT+0200 (CEST);1568552294000
1380556832687962;49.7;33;Sun Sep 15 2019 15:00:07 GMT+0200 (CEST);Sun Sep 15 2019 13:00:07 GMT+0200 (CEST);1568552407000
1380556832687962;49.7;32.6;Sun Sep 15 2019 15:02:03 GMT+0200 (CEST);Sun Sep 15 2019 13:02:03 GMT+0200 (CEST);1568552523000
1380556832687962;49.7;32.6;Sun Sep 15 2019 15:03:56 GMT+0200 (CEST);Sun Sep 15 2019 13:03:56 GMT+0200 (CEST);1568552636000
1380556832687962;49.7;32.6;Sun Sep 15 2019 15:06:00 GMT+0200 (CEST);Sun Sep 15 2019 13:06:00 GMT+0200 (CEST);1568552760000
1380556832687962;49.7;32.9;Sun Sep 15 2019 15:07:53 GMT+0200 (CEST);Sun Sep 15 2019 13:07:53 GMT+0200 (CEST);1568552873000
1380556832687962;49.7;32.8;Sun Sep 15 2019 15:09:46 GMT+0200 (CEST);Sun Sep 15 2019 13:09:46 GMT+0200 (CEST);1568552986000
1380556832687962;49.7;32.6;Sun Sep 15 2019 15:11:43 GMT+0200 (CEST);Sun Sep 15 2019 13:11:43 GMT+0200 (CEST);1568553103000
1380556832687962;49.7;32.7;Sun Sep 15 2019 15:13:42 GMT+0200 (CEST);Sun Sep 15 2019 13:13:42 GMT+0200 (CEST);1568553222000
1380556832687962;49.7;32.9;Sun Sep 15 2019 15:15:36 GMT+0200 (CEST);Sun Sep 15 2019 13:15:36 GMT+0200 (CEST);1568553336000
1380556832687962;49.7;32.9;Sun Sep 15 2019 15:17:29 GMT+0200 (CEST);Sun Sep 15 2019 13:17:29 GMT+0200 (CEST);1568553449000
1380556832687962;49.7;32.7;Sun Sep 15 2019 15:19:25 GMT+0200 (CEST);Sun Sep 15 2019 13:19:25 GMT+0200 (CEST);1568553565000
1380556832687962;47.6;32.6;Sun Sep 15 2019 15:21:26 GMT+0200 (CEST);Sun Sep 15 2019 13:21:26 GMT+0200 (CEST);1568553686000
1380556832687962;47.6;32.7;Sun Sep 15 2019 15:23:19 GMT+0200 (CEST);Sun Sep 15 2019 13:23:19 GMT+0200 (CEST);1568553799000
1380556832687962;47.6;32.7;Sun Sep 15 2019 15:25:12 GMT+0200 (CEST);Sun Sep 15 2019 13:25:12 GMT+0200 (CEST);1568553912000
1380556832687962;47.6;33.3;Sun Sep 15 2019 15:27:08 GMT+0200 (CEST);Sun Sep 15 2019 13:27:08 GMT+0200 (CEST);1568554028000
1380556832687962;47.6;32.7;Sun Sep 15 2019 15:29:02 GMT+0200 (CEST);Sun Sep 15 2019 13:29:02 GMT+0200 (CEST);1568554142000
1380556832687962;46.1;32.9;Sun Sep 15 2019 15:30:55 GMT+0200 (CEST);Sun Sep 15 2019 13:30:55 GMT+0200 (CEST);1568554255000
1380556832687962;46.1;32.9;Sun Sep 15 2019 15:32:48 GMT+0200 (CEST);Sun Sep 15 2019 13:32:48 GMT+0200 (CEST);1568554368000
1380556832687962;46.1;32.8;Sun Sep 15 2019 15:34:42 GMT+0200 (CEST);Sun Sep 15 2019 13:34:42 GMT+0200 (CEST);1568554482000
1380556832687962;46.1;32.8;Sun Sep 15 2019 15:36:39 GMT+0200 (CEST);Sun Sep 15 2019 13:36:39 GMT+0200 (CEST);1568554599000
1380556832687962;46.1;33.1;Sun Sep 15 2019 15:38:31 GMT+0200 (CEST);Sun Sep 15 2019 13:38:31 GMT+0200 (CEST);1568554711000
1380556832687962;46.1;32.8;Sun Sep 15 2019 15:40:25 GMT+0200 (CEST);Sun Sep 15 2019 13:40:25 GMT+0200 (CEST);1568554825000
1380556832687962;46.1;32.6;Sun Sep 15 2019 15:42:17 GMT+0200 (CEST);Sun Sep 15 2019 13:42:17 GMT+0200 (CEST);1568554937000
1380556832687962;46.1;32.5;Sun Sep 15 2019 15:44:10 GMT+0200 (CEST);Sun Sep 15 2019 13:44:10 GMT+0200 (CEST);1568555050000
1380556832687962;46.1;32.9;Sun Sep 15 2019 15:46:03 GMT+0200 (CEST);Sun Sep 15 2019 13:46:03 GMT+0200 (CEST);1568555163000
1380556832687962;46.1;32.9;Sun Sep 15 2019 15:47:55 GMT+0200 (CEST);Sun Sep 15 2019 13:47:55 GMT+0200 (CEST);1568555275000
1380556832687962;46.1;32.3;Sun Sep 15 2019 15:49:48 GMT+0200 (CEST);Sun Sep 15 2019 13:49:48 GMT+0200 (CEST);1568555388000
1380556832687962;46.1;32.3;Sun Sep 15 2019 15:51:48 GMT+0200 (CEST);Sun Sep 15 2019 13:51:48 GMT+0200 (CEST);1568555508000
1380556832687962;46.1;32.5;Sun Sep 15 2019 15:53:40 GMT+0200 (CEST);Sun Sep 15 2019 13:53:40 GMT+0200 (CEST);1568555620000
1380556832687962;46.1;32.6;Sun Sep 15 2019 15:55:46 GMT+0200 (CEST);Sun Sep 15 2019 13:55:46 GMT+0200 (CEST);1568555746000
1380556832687962;46.1;33;Sun Sep 15 2019 15:57:41 GMT+0200 (CEST);Sun Sep 15 2019 13:57:41 GMT+0200 (CEST);1568555861000
1380556832687962;46.1;33;Sun Sep 15 2019 15:59:39 GMT+0200 (CEST);Sun Sep 15 2019 13:59:39 GMT+0200 (CEST);1568555979000
1380556832687962;46.1;33;Sun Sep 15 2019 16:01:31 GMT+0200 (CEST);Sun Sep 15 2019 14:01:31 GMT+0200 (CEST);1568556091000
1380556832687962;46.1;32.9;Sun Sep 15 2019 16:03:27 GMT+0200 (CEST);Sun Sep 15 2019 14:03:27 GMT+0200 (CEST);1568556207000
1380556832687962;46.1;32.6;Sun Sep 15 2019 16:05:31 GMT+0200 (CEST);Sun Sep 15 2019 14:05:31 GMT+0200 (CEST);1568556331000
1380556832687962;46.1;32.4;Sun Sep 15 2019 16:07:24 GMT+0200 (CEST);Sun Sep 15 2019 14:07:24 GMT+0200 (CEST);1568556444000
1380556832687962;45.6;32.3;Sun Sep 15 2019 16:09:17 GMT+0200 (CEST);Sun Sep 15 2019 14:09:17 GMT+0200 (CEST);1568556557000
1380556832687962;45.6;32.4;Sun Sep 15 2019 16:11:10 GMT+0200 (CEST);Sun Sep 15 2019 14:11:10 GMT+0200 (CEST);1568556670000
1380556832687962;45.6;32.8;Sun Sep 15 2019 16:13:03 GMT+0200 (CEST);Sun Sep 15 2019 14:13:03 GMT+0200 (CEST);1568556783000
1380556832687962;45.6;32.9;Sun Sep 15 2019 16:14:56 GMT+0200 (CEST);Sun Sep 15 2019 14:14:56 GMT+0200 (CEST);1568556896000
1380556832687962;45.6;32.5;Sun Sep 15 2019 16:16:58 GMT+0200 (CEST);Sun Sep 15 2019 14:16:58 GMT+0200 (CEST);1568557018000
1380556832687962;45.6;32.9;Sun Sep 15 2019 16:18:54 GMT+0200 (CEST);Sun Sep 15 2019 14:18:54 GMT+0200 (CEST);1568557134000
1380556832687962;45.6;32.6;Sun Sep 15 2019 16:20:49 GMT+0200 (CEST);Sun Sep 15 2019 14:20:49 GMT+0200 (CEST);1568557249000
1380556832687962;45.6;32.3;Sun Sep 15 2019 16:22:42 GMT+0200 (CEST);Sun Sep 15 2019 14:22:42 GMT+0200 (CEST);1568557362000
1380556832687962;45.6;32.5;Sun Sep 15 2019 16:24:35 GMT+0200 (CEST);Sun Sep 15 2019 14:24:35 GMT+0200 (CEST);1568557475000
1380556832687962;45.6;32.7;Sun Sep 15 2019 16:26:28 GMT+0200 (CEST);Sun Sep 15 2019 14:26:28 GMT+0200 (CEST);1568557588000
1380556832687962;45.6;32.4;Sun Sep 15 2019 16:28:21 GMT+0200 (CEST);Sun Sep 15 2019 14:28:21 GMT+0200 (CEST);1568557701000
1380556832687962;45.6;32.3;Sun Sep 15 2019 16:30:14 GMT+0200 (CEST);Sun Sep 15 2019 14:30:14 GMT+0200 (CEST);1568557814000
1380556832687962;45.6;32.3;Sun Sep 15 2019 16:32:09 GMT+0200 (CEST);Sun Sep 15 2019 14:32:09 GMT+0200 (CEST);1568557929000
1380556832687962;43.6;32.6;Sun Sep 15 2019 16:34:03 GMT+0200 (CEST);Sun Sep 15 2019 14:34:03 GMT+0200 (CEST);1568558043000
1380556832687962;43.6;32.9;Sun Sep 15 2019 16:35:56 GMT+0200 (CEST);Sun Sep 15 2019 14:35:56 GMT+0200 (CEST);1568558156000
1380556832687962;43.6;32.6;Sun Sep 15 2019 16:38:10 GMT+0200 (CEST);Sun Sep 15 2019 14:38:10 GMT+0200 (CEST);1568558290000
1380556832687962;43.6;32.6;Sun Sep 15 2019 16:40:05 GMT+0200 (CEST);Sun Sep 15 2019 14:40:05 GMT+0200 (CEST);1568558405000
1380556832687962;43.6;32.6;Sun Sep 15 2019 16:41:58 GMT+0200 (CEST);Sun Sep 15 2019 14:41:58 GMT+0200 (CEST);1568558518000
1380556832687962;42.1;32.5;Sun Sep 15 2019 16:43:50 GMT+0200 (CEST);Sun Sep 15 2019 14:43:50 GMT+0200 (CEST);1568558630000
1380556832687962;42.1;32.3;Sun Sep 15 2019 16:45:46 GMT+0200 (CEST);Sun Sep 15 2019 14:45:46 GMT+0200 (CEST);1568558746000
1380556832687962;42.1;32.2;Sun Sep 15 2019 16:47:46 GMT+0200 (CEST);Sun Sep 15 2019 14:47:46 GMT+0200 (CEST);1568558866000
1380556832687962;42.1;32.5;Sun Sep 15 2019 16:49:39 GMT+0200 (CEST);Sun Sep 15 2019 14:49:39 GMT+0200 (CEST);1568558979000
1380556832687962;42.1;32.5;Sun Sep 15 2019 16:51:32 GMT+0200 (CEST);Sun Sep 15 2019 14:51:32 GMT+0200 (CEST);1568559092000
1380556832687962;42.1;32.5;Sun Sep 15 2019 16:53:25 GMT+0200 (CEST);Sun Sep 15 2019 14:53:25 GMT+0200 (CEST);1568559205000
1380556832687962;42.1;32.4;Sun Sep 15 2019 16:55:17 GMT+0200 (CEST);Sun Sep 15 2019 14:55:17 GMT+0200 (CEST);1568559317000
1380556832687962;42.1;32.4;Sun Sep 15 2019 16:57:13 GMT+0200 (CEST);Sun Sep 15 2019 14:57:13 GMT+0200 (CEST);1568559433000
1380556832687962;42.1;32.5;Sun Sep 15 2019 16:59:15 GMT+0200 (CEST);Sun Sep 15 2019 14:59:15 GMT+0200 (CEST);1568559555000
1380556832687962;42.1;32.5;Sun Sep 15 2019 17:01:07 GMT+0200 (CEST);Sun Sep 15 2019 15:01:07 GMT+0200 (CEST);1568559667000
1380556832687962;39.1;32.5;Sun Sep 15 2019 17:03:07 GMT+0200 (CEST);Sun Sep 15 2019 15:03:07 GMT+0200 (CEST);1568559787000
1380556832687962;39.1;32.8;Sun Sep 15 2019 17:05:02 GMT+0200 (CEST);Sun Sep 15 2019 15:05:02 GMT+0200 (CEST);1568559902000
1380556832687962;39.1;32.8;Sun Sep 15 2019 17:06:54 GMT+0200 (CEST);Sun Sep 15 2019 15:06:54 GMT+0200 (CEST);1568560014000
1380556832687962;39.1;32.6;Sun Sep 15 2019 17:08:47 GMT+0200 (CEST);Sun Sep 15 2019 15:08:47 GMT+0200 (CEST);1568560127000
1380556832687962;39.1;32.6;Sun Sep 15 2019 17:10:44 GMT+0200 (CEST);Sun Sep 15 2019 15:10:44 GMT+0200 (CEST);1568560244000
1380556832687962;39.1;32.9;Sun Sep 15 2019 17:12:37 GMT+0200 (CEST);Sun Sep 15 2019 15:12:37 GMT+0200 (CEST);1568560357000
1380556832687962;39.1;32.8;Sun Sep 15 2019 17:14:30 GMT+0200 (CEST);Sun Sep 15 2019 15:14:30 GMT+0200 (CEST);1568560470000
1380556832687962;39.1;33.1;Sun Sep 15 2019 17:16:23 GMT+0200 (CEST);Sun Sep 15 2019 15:16:23 GMT+0200 (CEST);1568560583000
1380556832687962;38.1;33;Sun Sep 15 2019 17:18:16 GMT+0200 (CEST);Sun Sep 15 2019 15:18:16 GMT+0200 (CEST);1568560696000
1380556832687962;38.1;33;Sun Sep 15 2019 17:20:10 GMT+0200 (CEST);Sun Sep 15 2019 15:20:10 GMT+0200 (CEST);1568560810000
1380556832687962;38.1;32.9;Sun Sep 15 2019 17:22:02 GMT+0200 (CEST);Sun Sep 15 2019 15:22:02 GMT+0200 (CEST);1568560922000
1380556832687962;38.1;32.9;Sun Sep 15 2019 17:23:55 GMT+0200 (CEST);Sun Sep 15 2019 15:23:55 GMT+0200 (CEST);1568561035000
1380556832687962;38.1;33;Sun Sep 15 2019 17:25:53 GMT+0200 (CEST);Sun Sep 15 2019 15:25:53 GMT+0200 (CEST);1568561153000
1380556832687962;37.6;32.9;Sun Sep 15 2019 17:27:50 GMT+0200 (CEST);Sun Sep 15 2019 15:27:50 GMT+0200 (CEST);1568561270000
1380556832687962;37.6;32.8;Sun Sep 15 2019 17:29:43 GMT+0200 (CEST);Sun Sep 15 2019 15:29:43 GMT+0200 (CEST);1568561383000
1380556832687962;37.6;33.1;Sun Sep 15 2019 17:31:35 GMT+0200 (CEST);Sun Sep 15 2019 15:31:35 GMT+0200 (CEST);1568561495000
1380556832687962;37.6;32.8;Sun Sep 15 2019 17:33:28 GMT+0200 (CEST);Sun Sep 15 2019 15:33:28 GMT+0200 (CEST);1568561608000
1380556832687962;37.6;33.2;Sun Sep 15 2019 17:35:21 GMT+0200 (CEST);Sun Sep 15 2019 15:35:21 GMT+0200 (CEST);1568561721000
1380556832687962;37.6;32.9;Sun Sep 15 2019 17:37:16 GMT+0200 (CEST);Sun Sep 15 2019 15:37:16 GMT+0200 (CEST);1568561836000
1380556832687962;37.6;32.7;Sun Sep 15 2019 17:39:08 GMT+0200 (CEST);Sun Sep 15 2019 15:39:08 GMT+0200 (CEST);1568561948000
1380556832687962;37.6;32.8;Sun Sep 15 2019 17:41:09 GMT+0200 (CEST);Sun Sep 15 2019 15:41:09 GMT+0200 (CEST);1568562069000
1380556832687962;37.6;33;Sun Sep 15 2019 17:43:02 GMT+0200 (CEST);Sun Sep 15 2019 15:43:02 GMT+0200 (CEST);1568562182000
1380556832687962;37.6;32.7;Sun Sep 15 2019 17:44:57 GMT+0200 (CEST);Sun Sep 15 2019 15:44:57 GMT+0200 (CEST);1568562297000
1380556832687962;37.6;32.7;Sun Sep 15 2019 17:46:51 GMT+0200 (CEST);Sun Sep 15 2019 15:46:51 GMT+0200 (CEST);1568562411000
1380556832687962;37.6;32.9;Sun Sep 15 2019 17:48:47 GMT+0200 (CEST);Sun Sep 15 2019 15:48:47 GMT+0200 (CEST);1568562527000
1380556832687962;35.6;33;Sun Sep 15 2019 17:50:41 GMT+0200 (CEST);Sun Sep 15 2019 15:50:41 GMT+0200 (CEST);1568562641000
1380556832687962;35.6;32.7;Sun Sep 15 2019 17:52:37 GMT+0200 (CEST);Sun Sep 15 2019 15:52:37 GMT+0200 (CEST);1568562757000
1380556832687962;35.6;32.9;Sun Sep 15 2019 17:54:30 GMT+0200 (CEST);Sun Sep 15 2019 15:54:30 GMT+0200 (CEST);1568562870000
1380556832687962;35.6;32.7;Sun Sep 15 2019 17:56:23 GMT+0200 (CEST);Sun Sep 15 2019 15:56:23 GMT+0200 (CEST);1568562983000
1380556832687962;35.6;32.6;Sun Sep 15 2019 17:58:18 GMT+0200 (CEST);Sun Sep 15 2019 15:58:18 GMT+0200 (CEST);1568563098000
1380556832687962;34;32.7;Sun Sep 15 2019 18:00:10 GMT+0200 (CEST);Sun Sep 15 2019 16:00:10 GMT+0200 (CEST);1568563210000
1380556832687962;34;32.7;Sun Sep 15 2019 18:02:10 GMT+0200 (CEST);Sun Sep 15 2019 16:02:10 GMT+0200 (CEST);1568563330000
1380556832687962;34;32.7;Sun Sep 15 2019 18:04:04 GMT+0200 (CEST);Sun Sep 15 2019 16:04:04 GMT+0200 (CEST);1568563444000
1380556832687962;34;32.5;Sun Sep 15 2019 18:05:59 GMT+0200 (CEST);Sun Sep 15 2019 16:05:59 GMT+0200 (CEST);1568563559000
1380556832687962;34;32.9;Sun Sep 15 2019 18:07:51 GMT+0200 (CEST);Sun Sep 15 2019 16:07:51 GMT+0200 (CEST);1568563671000
1380556832687962;33.5;32.7;Sun Sep 15 2019 18:09:49 GMT+0200 (CEST);Sun Sep 15 2019 16:09:49 GMT+0200 (CEST);1568563789000
1380556832687962;33.5;32.7;Sun Sep 15 2019 18:11:43 GMT+0200 (CEST);Sun Sep 15 2019 16:11:43 GMT+0200 (CEST);1568563903000
1380556832687962;33.5;32.5;Sun Sep 15 2019 18:13:36 GMT+0200 (CEST);Sun Sep 15 2019 16:13:36 GMT+0200 (CEST);1568564016000
1380556832687962;33.5;32.3;Sun Sep 15 2019 18:15:28 GMT+0200 (CEST);Sun Sep 15 2019 16:15:28 GMT+0200 (CEST);1568564128000
1380556832687962;33.5;32.3;Sun Sep 15 2019 18:17:22 GMT+0200 (CEST);Sun Sep 15 2019 16:17:22 GMT+0200 (CEST);1568564242000
1380556832687962;33.5;32.3;Sun Sep 15 2019 18:19:15 GMT+0200 (CEST);Sun Sep 15 2019 16:19:15 GMT+0200 (CEST);1568564355000
1380556832687962;33.5;32.3;Sun Sep 15 2019 18:21:08 GMT+0200 (CEST);Sun Sep 15 2019 16:21:08 GMT+0200 (CEST);1568564468000
1380556832687962;33.5;32.2;Sun Sep 15 2019 18:23:02 GMT+0200 (CEST);Sun Sep 15 2019 16:23:02 GMT+0200 (CEST);1568564582000
1380556832687962;32;32.4;Sun Sep 15 2019 18:24:56 GMT+0200 (CEST);Sun Sep 15 2019 16:24:56 GMT+0200 (CEST);1568564696000
1380556832687962;32;32.1;Sun Sep 15 2019 18:26:49 GMT+0200 (CEST);Sun Sep 15 2019 16:26:49 GMT+0200 (CEST);1568564809000
1380556832687962;32;32.7;Sun Sep 15 2019 18:28:41 GMT+0200 (CEST);Sun Sep 15 2019 16:28:41 GMT+0200 (CEST);1568564921000
1380556832687962;32;32.1;Sun Sep 15 2019 18:30:35 GMT+0200 (CEST);Sun Sep 15 2019 16:30:35 GMT+0200 (CEST);1568565035000
1380556832687962;32;32.1;Sun Sep 15 2019 18:32:28 GMT+0200 (CEST);Sun Sep 15 2019 16:32:28 GMT+0200 (CEST);1568565148000
1380556832687962;31.5;32.2;Sun Sep 15 2019 18:34:20 GMT+0200 (CEST);Sun Sep 15 2019 16:34:20 GMT+0200 (CEST);1568565260000
1380556832687962;31.5;32.7;Sun Sep 15 2019 18:36:13 GMT+0200 (CEST);Sun Sep 15 2019 16:36:13 GMT+0200 (CEST);1568565373000
1380556832687962;31.5;32.7;Sun Sep 15 2019 18:38:08 GMT+0200 (CEST);Sun Sep 15 2019 16:38:08 GMT+0200 (CEST);1568565488000
1380556832687962;31.5;30.1;Sun Sep 15 2019 18:40:01 GMT+0200 (CEST);Sun Sep 15 2019 16:40:01 GMT+0200 (CEST);1568565601000
1380556832687962;31.5;28.4;Sun Sep 15 2019 18:41:55 GMT+0200 (CEST);Sun Sep 15 2019 16:41:55 GMT+0200 (CEST);1568565715000
1380556832687962;29.5;29;Sun Sep 15 2019 18:43:48 GMT+0200 (CEST);Sun Sep 15 2019 16:43:48 GMT+0200 (CEST);1568565828000
1380556832687962;29.5;29;Sun Sep 15 2019 18:45:42 GMT+0200 (CEST);Sun Sep 15 2019 16:45:42 GMT+0200 (CEST);1568565942000
1380556832687962;29.5;30.4;Sun Sep 15 2019 18:47:34 GMT+0200 (CEST);Sun Sep 15 2019 16:47:34 GMT+0200 (CEST);1568566054000
1380556832687962;29.5;29.1;Sun Sep 15 2019 18:49:27 GMT+0200 (CEST);Sun Sep 15 2019 16:49:27 GMT+0200 (CEST);1568566167000
1380556832687962;29.5;28.8;Sun Sep 15 2019 18:51:20 GMT+0200 (CEST);Sun Sep 15 2019 16:51:20 GMT+0200 (CEST);1568566280000
1380556832687962;28;29;Sun Sep 15 2019 18:53:16 GMT+0200 (CEST);Sun Sep 15 2019 16:53:16 GMT+0200 (CEST);1568566396000
1380556832687962;28;29.1;Sun Sep 15 2019 18:55:10 GMT+0200 (CEST);Sun Sep 15 2019 16:55:10 GMT+0200 (CEST);1568566510000
1380556832687962;28;28;Sun Sep 15 2019 18:57:05 GMT+0200 (CEST);Sun Sep 15 2019 16:57:05 GMT+0200 (CEST);1568566625000
1380556832687962;28;28.2;Sun Sep 15 2019 18:59:06 GMT+0200 (CEST);Sun Sep 15 2019 16:59:06 GMT+0200 (CEST);1568566746000
1380556832687962;28;28;Sun Sep 15 2019 19:00:59 GMT+0200 (CEST);Sun Sep 15 2019 17:00:59 GMT+0200 (CEST);1568566859000
1380556832687962;28;28.8;Sun Sep 15 2019 19:02:52 GMT+0200 (CEST);Sun Sep 15 2019 17:02:52 GMT+0200 (CEST);1568566972000
1380556832687962;28;29.5;Sun Sep 15 2019 19:04:46 GMT+0200 (CEST);Sun Sep 15 2019 17:04:46 GMT+0200 (CEST);1568567086000
1380556832687962;28;29.9;Sun Sep 15 2019 19:06:51 GMT+0200 (CEST);Sun Sep 15 2019 17:06:51 GMT+0200 (CEST);1568567211000
1380556832687962;28;31;Sun Sep 15 2019 19:08:57 GMT+0200 (CEST);Sun Sep 15 2019 17:08:57 GMT+0200 (CEST);1568567337000
1380556832687962;28;32.3;Sun Sep 15 2019 19:10:55 GMT+0200 (CEST);Sun Sep 15 2019 17:10:55 GMT+0200 (CEST);1568567455000
1380556832687962;27.5;31.7;Sun Sep 15 2019 19:12:48 GMT+0200 (CEST);Sun Sep 15 2019 17:12:48 GMT+0200 (CEST);1568567568000
1380556832687962;27.5;32.4;Sun Sep 15 2019 19:14:43 GMT+0200 (CEST);Sun Sep 15 2019 17:14:43 GMT+0200 (CEST);1568567683000
1380556832687962;27.5;32.3;Sun Sep 15 2019 19:16:37 GMT+0200 (CEST);Sun Sep 15 2019 17:16:37 GMT+0200 (CEST);1568567797000
1380556832687962;28;32.1;Sun Sep 15 2019 19:18:30 GMT+0200 (CEST);Sun Sep 15 2019 17:18:30 GMT+0200 (CEST);1568567910000
1380556832687962;28;31.5;Sun Sep 15 2019 19:20:44 GMT+0200 (CEST);Sun Sep 15 2019 17:20:44 GMT+0200 (CEST);1568568044000
1380556832687962;27.5;31;Sun Sep 15 2019 19:22:38 GMT+0200 (CEST);Sun Sep 15 2019 17:22:38 GMT+0200 (CEST);1568568158000
1380556832687962;27.5;30.5;Sun Sep 15 2019 19:24:31 GMT+0200 (CEST);Sun Sep 15 2019 17:24:31 GMT+0200 (CEST);1568568271000
1380556832687962;27.5;29.5;Sun Sep 15 2019 19:26:24 GMT+0200 (CEST);Sun Sep 15 2019 17:26:24 GMT+0200 (CEST);1568568384000
1380556832687962;26;28.7;Sun Sep 15 2019 19:28:17 GMT+0200 (CEST);Sun Sep 15 2019 17:28:17 GMT+0200 (CEST);1568568497000
1380556832687962;26;28.7;Sun Sep 15 2019 19:30:11 GMT+0200 (CEST);Sun Sep 15 2019 17:30:11 GMT+0200 (CEST);1568568611000
1380556832687962;26;28.7;Sun Sep 15 2019 19:32:08 GMT+0200 (CEST);Sun Sep 15 2019 17:32:08 GMT+0200 (CEST);1568568728000
1380556832687962;-273.2;28;Mon Sep 16 2019 07:09:29 GMT+0200 (CEST);Mon Sep 16 2019 05:09:29 GMT+0200 (CEST);1568610569000
1380556832687962;9.4;29;Mon Sep 16 2019 07:11:25 GMT+0200 (CEST);Mon Sep 16 2019 05:11:25 GMT+0200 (CEST);1568610685000
1380556832687962;9.4;29;Mon Sep 16 2019 07:13:18 GMT+0200 (CEST);Mon Sep 16 2019 05:13:18 GMT+0200 (CEST);1568610798000
1380556832687962;9.4;27.7;Mon Sep 16 2019 07:15:11 GMT+0200 (CEST);Mon Sep 16 2019 05:15:11 GMT+0200 (CEST);1568610911000
1380556832687962;9.9;27.7;Mon Sep 16 2019 07:17:05 GMT+0200 (CEST);Mon Sep 16 2019 05:17:05 GMT+0200 (CEST);1568611025000
1380556832687962;9.9;27.8;Mon Sep 16 2019 07:18:58 GMT+0200 (CEST);Mon Sep 16 2019 05:18:58 GMT+0200 (CEST);1568611138000
1380556832687962;11.4;27.8;Mon Sep 16 2019 07:20:51 GMT+0200 (CEST);Mon Sep 16 2019 05:20:51 GMT+0200 (CEST);1568611251000
1380556832687962;11.4;26.7;Mon Sep 16 2019 07:22:45 GMT+0200 (CEST);Mon Sep 16 2019 05:22:45 GMT+0200 (CEST);1568611365000
1380556832687962;11.4;26.8;Mon Sep 16 2019 07:24:38 GMT+0200 (CEST);Mon Sep 16 2019 05:24:38 GMT+0200 (CEST);1568611478000
1380556832687962;11.4;26.7;Mon Sep 16 2019 07:26:30 GMT+0200 (CEST);Mon Sep 16 2019 05:26:30 GMT+0200 (CEST);1568611590000
1380556832687962;11.4;26.8;Mon Sep 16 2019 07:28:26 GMT+0200 (CEST);Mon Sep 16 2019 05:28:26 GMT+0200 (CEST);1568611706000
1380556832687962;11.4;27.1;Mon Sep 16 2019 07:30:22 GMT+0200 (CEST);Mon Sep 16 2019 05:30:22 GMT+0200 (CEST);1568611822000
1380556832687962;11.4;28.2;Mon Sep 16 2019 07:32:15 GMT+0200 (CEST);Mon Sep 16 2019 05:32:15 GMT+0200 (CEST);1568611935000
1380556832687962;11.4;28.4;Mon Sep 16 2019 07:34:08 GMT+0200 (CEST);Mon Sep 16 2019 05:34:08 GMT+0200 (CEST);1568612048000
1380556832687962;11.4;29.1;Mon Sep 16 2019 07:36:02 GMT+0200 (CEST);Mon Sep 16 2019 05:36:02 GMT+0200 (CEST);1568612162000
1380556832687962;11.4;30;Mon Sep 16 2019 07:37:55 GMT+0200 (CEST);Mon Sep 16 2019 05:37:55 GMT+0200 (CEST);1568612275000
1380556832687962;11.4;33.4;Mon Sep 16 2019 07:39:47 GMT+0200 (CEST);Mon Sep 16 2019 05:39:47 GMT+0200 (CEST);1568612387000
1380556832687962;11.4;33.9;Mon Sep 16 2019 07:41:44 GMT+0200 (CEST);Mon Sep 16 2019 05:41:44 GMT+0200 (CEST);1568612504000
1380556832687962;11.4;33.9;Mon Sep 16 2019 07:43:38 GMT+0200 (CEST);Mon Sep 16 2019 05:43:38 GMT+0200 (CEST);1568612618000
1380556832687962;11.4;34.1;Mon Sep 16 2019 07:45:31 GMT+0200 (CEST);Mon Sep 16 2019 05:45:31 GMT+0200 (CEST);1568612731000
1380556832687962;11.4;34.2;Mon Sep 16 2019 07:47:23 GMT+0200 (CEST);Mon Sep 16 2019 05:47:23 GMT+0200 (CEST);1568612843000
1380556832687962;11.4;34.4;Mon Sep 16 2019 07:49:16 GMT+0200 (CEST);Mon Sep 16 2019 05:49:16 GMT+0200 (CEST);1568612956000
1380556832687962;11.4;34.4;Mon Sep 16 2019 07:51:10 GMT+0200 (CEST);Mon Sep 16 2019 05:51:10 GMT+0200 (CEST);1568613070000
1380556832687962;11.4;34.6;Mon Sep 16 2019 07:53:06 GMT+0200 (CEST);Mon Sep 16 2019 05:53:06 GMT+0200 (CEST);1568613186000
1380556832687962;15.9;34.8;Mon Sep 16 2019 07:54:58 GMT+0200 (CEST);Mon Sep 16 2019 05:54:58 GMT+0200 (CEST);1568613298000
1380556832687962;15.9;35;Mon Sep 16 2019 07:56:57 GMT+0200 (CEST);Mon Sep 16 2019 05:56:57 GMT+0200 (CEST);1568613417000
1380556832687962;15.4;35.4;Mon Sep 16 2019 07:58:49 GMT+0200 (CEST);Mon Sep 16 2019 05:58:49 GMT+0200 (CEST);1568613529000
1380556832687962;15.4;35.4;Mon Sep 16 2019 08:00:43 GMT+0200 (CEST);Mon Sep 16 2019 06:00:43 GMT+0200 (CEST);1568613643000
1380556832687962;15.4;36.7;Mon Sep 16 2019 08:02:37 GMT+0200 (CEST);Mon Sep 16 2019 06:02:37 GMT+0200 (CEST);1568613757000
1380556832687962;17.4;40.3;Mon Sep 16 2019 08:04:30 GMT+0200 (CEST);Mon Sep 16 2019 06:04:30 GMT+0200 (CEST);1568613870000
1380556832687962;17.4;40.4;Mon Sep 16 2019 08:06:24 GMT+0200 (CEST);Mon Sep 16 2019 06:06:24 GMT+0200 (CEST);1568613984000
1380556832687962;19.9;40.4;Mon Sep 16 2019 08:08:22 GMT+0200 (CEST);Mon Sep 16 2019 06:08:22 GMT+0200 (CEST);1568614102000
1380556832687962;19.9;40.4;Mon Sep 16 2019 08:10:15 GMT+0200 (CEST);Mon Sep 16 2019 06:10:15 GMT+0200 (CEST);1568614215000
1380556832687962;19.9;39.2;Mon Sep 16 2019 08:12:08 GMT+0200 (CEST);Mon Sep 16 2019 06:12:08 GMT+0200 (CEST);1568614328000
1380556832687962;21.5;39.7;Mon Sep 16 2019 08:14:01 GMT+0200 (CEST);Mon Sep 16 2019 06:14:01 GMT+0200 (CEST);1568614441000
1380556832687962;21.5;40.3;Mon Sep 16 2019 08:15:53 GMT+0200 (CEST);Mon Sep 16 2019 06:15:53 GMT+0200 (CEST);1568614553000
1380556832687962;21.5;40.4;Mon Sep 16 2019 08:17:52 GMT+0200 (CEST);Mon Sep 16 2019 06:17:52 GMT+0200 (CEST);1568614672000
1380556832687962;21.5;40.4;Mon Sep 16 2019 08:19:56 GMT+0200 (CEST);Mon Sep 16 2019 06:19:56 GMT+0200 (CEST);1568614796000
1380556832687962;21.5;38.6;Mon Sep 16 2019 08:21:49 GMT+0200 (CEST);Mon Sep 16 2019 06:21:49 GMT+0200 (CEST);1568614909000
1380556832687962;21.5;40.4;Mon Sep 16 2019 08:23:46 GMT+0200 (CEST);Mon Sep 16 2019 06:23:46 GMT+0200 (CEST);1568615026000
1380556832687962;21.5;40.3;Mon Sep 16 2019 08:25:40 GMT+0200 (CEST);Mon Sep 16 2019 06:25:40 GMT+0200 (CEST);1568615140000
1380556832687962;23;39.3;Mon Sep 16 2019 08:27:37 GMT+0200 (CEST);Mon Sep 16 2019 06:27:37 GMT+0200 (CEST);1568615257000
1380556832687962;23;40.3;Mon Sep 16 2019 08:29:30 GMT+0200 (CEST);Mon Sep 16 2019 06:29:30 GMT+0200 (CEST);1568615370000
1380556832687962;23;40.3;Mon Sep 16 2019 08:31:25 GMT+0200 (CEST);Mon Sep 16 2019 06:31:25 GMT+0200 (CEST);1568615485000
1380556832687962;23;37.6;Mon Sep 16 2019 08:33:18 GMT+0200 (CEST);Mon Sep 16 2019 06:33:18 GMT+0200 (CEST);1568615598000
1380556832687962;23;36.8;Mon Sep 16 2019 08:35:10 GMT+0200 (CEST);Mon Sep 16 2019 06:35:10 GMT+0200 (CEST);1568615710000
1380556832687962;23;37.5;Mon Sep 16 2019 08:37:03 GMT+0200 (CEST);Mon Sep 16 2019 06:37:03 GMT+0200 (CEST);1568615823000
1380556832687962;23;37.5;Mon Sep 16 2019 08:39:00 GMT+0200 (CEST);Mon Sep 16 2019 06:39:00 GMT+0200 (CEST);1568615940000
1380556832687962;23;38.5;Mon Sep 16 2019 08:40:53 GMT+0200 (CEST);Mon Sep 16 2019 06:40:53 GMT+0200 (CEST);1568616053000
1380556832687962;23;37.5;Mon Sep 16 2019 08:42:47 GMT+0200 (CEST);Mon Sep 16 2019 06:42:47 GMT+0200 (CEST);1568616167000
1380556832687962;23;37.5;Mon Sep 16 2019 08:44:40 GMT+0200 (CEST);Mon Sep 16 2019 06:44:40 GMT+0200 (CEST);1568616280000
1380556832687962;24;38.1;Mon Sep 16 2019 08:46:33 GMT+0200 (CEST);Mon Sep 16 2019 06:46:33 GMT+0200 (CEST);1568616393000
1380556832687962;24;36.9;Mon Sep 16 2019 08:48:28 GMT+0200 (CEST);Mon Sep 16 2019 06:48:28 GMT+0200 (CEST);1568616508000
1380556832687962;24;36.8;Mon Sep 16 2019 08:50:20 GMT+0200 (CEST);Mon Sep 16 2019 06:50:20 GMT+0200 (CEST);1568616620000
1380556832687962;24;35.9;Mon Sep 16 2019 08:52:14 GMT+0200 (CEST);Mon Sep 16 2019 06:52:14 GMT+0200 (CEST);1568616734000
1380556832687962;24;35.8;Mon Sep 16 2019 08:54:07 GMT+0200 (CEST);Mon Sep 16 2019 06:54:07 GMT+0200 (CEST);1568616847000
1380556832687962;25.5;35.6;Mon Sep 16 2019 08:56:01 GMT+0200 (CEST);Mon Sep 16 2019 06:56:01 GMT+0200 (CEST);1568616961000
1380556832687962;25.5;35.1;Mon Sep 16 2019 08:57:53 GMT+0200 (CEST);Mon Sep 16 2019 06:57:53 GMT+0200 (CEST);1568617073000
1380556832687962;25.5;35.1;Mon Sep 16 2019 08:59:56 GMT+0200 (CEST);Mon Sep 16 2019 06:59:56 GMT+0200 (CEST);1568617196000
1380556832687962;25.5;34.5;Mon Sep 16 2019 09:01:48 GMT+0200 (CEST);Mon Sep 16 2019 07:01:48 GMT+0200 (CEST);1568617308000
1380556832687962;25.5;34.4;Mon Sep 16 2019 09:03:44 GMT+0200 (CEST);Mon Sep 16 2019 07:03:44 GMT+0200 (CEST);1568617424000
1380556832687962;25.5;34.4;Mon Sep 16 2019 09:05:38 GMT+0200 (CEST);Mon Sep 16 2019 07:05:38 GMT+0200 (CEST);1568617538000
1380556832687962;25.5;34.4;Mon Sep 16 2019 09:07:31 GMT+0200 (CEST);Mon Sep 16 2019 07:07:31 GMT+0200 (CEST);1568617651000
1380556832687962;25.5;34.4;Mon Sep 16 2019 09:09:25 GMT+0200 (CEST);Mon Sep 16 2019 07:09:25 GMT+0200 (CEST);1568617765000
1380556832687962;25.5;34.4;Mon Sep 16 2019 09:11:19 GMT+0200 (CEST);Mon Sep 16 2019 07:11:19 GMT+0200 (CEST);1568617879000
1380556832687962;25.5;34.4;Mon Sep 16 2019 09:13:11 GMT+0200 (CEST);Mon Sep 16 2019 07:13:11 GMT+0200 (CEST);1568617991000
1380556832687962;-273.2;34.5;Mon Sep 16 2019 09:17:01 GMT+0200 (CEST);Mon Sep 16 2019 07:17:01 GMT+0200 (CEST);1568618221000
1380556832687962;-273.2;34.4;Mon Sep 16 2019 09:18:54 GMT+0200 (CEST);Mon Sep 16 2019 07:18:54 GMT+0200 (CEST);1568618334000
1380556832687962;23;34.6;Mon Sep 16 2019 09:21:13 GMT+0200 (CEST);Mon Sep 16 2019 07:21:13 GMT+0200 (CEST);1568618473000
1380556832687962;23;34.6;Mon Sep 16 2019 09:23:06 GMT+0200 (CEST);Mon Sep 16 2019 07:23:06 GMT+0200 (CEST);1568618586000
1380556832687962;25.5;35.3;Mon Sep 16 2019 09:24:59 GMT+0200 (CEST);Mon Sep 16 2019 07:24:59 GMT+0200 (CEST);1568618699000
1380556832687962;25.5;34.6;Mon Sep 16 2019 09:26:51 GMT+0200 (CEST);Mon Sep 16 2019 07:26:51 GMT+0200 (CEST);1568618811000
1380556832687962;25.5;35.4;Mon Sep 16 2019 09:28:44 GMT+0200 (CEST);Mon Sep 16 2019 07:28:44 GMT+0200 (CEST);1568618924000
1380556832687962;25.5;35;Mon Sep 16 2019 09:30:37 GMT+0200 (CEST);Mon Sep 16 2019 07:30:37 GMT+0200 (CEST);1568619037000
1380556832687962;25.5;34.6;Mon Sep 16 2019 09:32:35 GMT+0200 (CEST);Mon Sep 16 2019 07:32:35 GMT+0200 (CEST);1568619155000
1380556832687962;25.5;34.8;Mon Sep 16 2019 09:34:27 GMT+0200 (CEST);Mon Sep 16 2019 07:34:27 GMT+0200 (CEST);1568619267000
1380556832687962;25.5;35.7;Mon Sep 16 2019 09:36:23 GMT+0200 (CEST);Mon Sep 16 2019 07:36:23 GMT+0200 (CEST);1568619383000
1380556832687962;25.5;35.3;Mon Sep 16 2019 09:38:18 GMT+0200 (CEST);Mon Sep 16 2019 07:38:18 GMT+0200 (CEST);1568619498000
1380556832687962;27.5;34.4;Mon Sep 16 2019 09:40:11 GMT+0200 (CEST);Mon Sep 16 2019 07:40:11 GMT+0200 (CEST);1568619611000
1380556832687962;27.5;34.4;Mon Sep 16 2019 09:42:16 GMT+0200 (CEST);Mon Sep 16 2019 07:42:16 GMT+0200 (CEST);1568619736000
1380556832687962;27.5;34.6;Mon Sep 16 2019 09:44:09 GMT+0200 (CEST);Mon Sep 16 2019 07:44:09 GMT+0200 (CEST);1568619849000
1380556832687962;27.5;34.8;Mon Sep 16 2019 09:46:03 GMT+0200 (CEST);Mon Sep 16 2019 07:46:03 GMT+0200 (CEST);1568619963000
1380556832687962;27.5;34.5;Mon Sep 16 2019 09:47:55 GMT+0200 (CEST);Mon Sep 16 2019 07:47:55 GMT+0200 (CEST);1568620075000
1380556832687962;29.5;34.1;Mon Sep 16 2019 09:49:48 GMT+0200 (CEST);Mon Sep 16 2019 07:49:48 GMT+0200 (CEST);1568620188000
1380556832687962;29.5;34.2;Mon Sep 16 2019 09:51:41 GMT+0200 (CEST);Mon Sep 16 2019 07:51:41 GMT+0200 (CEST);1568620301000
1380556832687962;29.5;34.1;Mon Sep 16 2019 09:53:34 GMT+0200 (CEST);Mon Sep 16 2019 07:53:34 GMT+0200 (CEST);1568620414000
1380556832687962;29.5;34.2;Mon Sep 16 2019 09:55:26 GMT+0200 (CEST);Mon Sep 16 2019 07:55:26 GMT+0200 (CEST);1568620526000
1380556832687962;29.5;34.2;Mon Sep 16 2019 09:57:23 GMT+0200 (CEST);Mon Sep 16 2019 07:57:23 GMT+0200 (CEST);1568620643000
1380556832687962;29.5;34.2;Mon Sep 16 2019 09:59:17 GMT+0200 (CEST);Mon Sep 16 2019 07:59:17 GMT+0200 (CEST);1568620757000
1380556832687962;29.5;34.2;Mon Sep 16 2019 10:01:15 GMT+0200 (CEST);Mon Sep 16 2019 08:01:15 GMT+0200 (CEST);1568620875000
1380556832687962;30;34.2;Mon Sep 16 2019 10:03:28 GMT+0200 (CEST);Mon Sep 16 2019 08:03:28 GMT+0200 (CEST);1568621008000
1380556832687962;30;34.3;Mon Sep 16 2019 10:05:21 GMT+0200 (CEST);Mon Sep 16 2019 08:05:21 GMT+0200 (CEST);1568621121000
1380556832687962;30;34.4;Mon Sep 16 2019 10:07:13 GMT+0200 (CEST);Mon Sep 16 2019 08:07:13 GMT+0200 (CEST);1568621233000
1380556832687962;30;34.5;Mon Sep 16 2019 10:09:06 GMT+0200 (CEST);Mon Sep 16 2019 08:09:06 GMT+0200 (CEST);1568621346000
1380556832687962;30;34.4;Mon Sep 16 2019 10:10:59 GMT+0200 (CEST);Mon Sep 16 2019 08:10:59 GMT+0200 (CEST);1568621459000
1380556832687962;30;34.2;Mon Sep 16 2019 10:12:52 GMT+0200 (CEST);Mon Sep 16 2019 08:12:52 GMT+0200 (CEST);1568621572000
1380556832687962;30;34.2;Mon Sep 16 2019 10:14:45 GMT+0200 (CEST);Mon Sep 16 2019 08:14:45 GMT+0200 (CEST);1568621685000
1380556832687962;30;34.2;Mon Sep 16 2019 10:16:39 GMT+0200 (CEST);Mon Sep 16 2019 08:16:39 GMT+0200 (CEST);1568621799000
1380556832687962;30;34.2;Mon Sep 16 2019 10:18:32 GMT+0200 (CEST);Mon Sep 16 2019 08:18:32 GMT+0200 (CEST);1568621912000
1380556832687962;30;34.2;Mon Sep 16 2019 10:20:25 GMT+0200 (CEST);Mon Sep 16 2019 08:20:25 GMT+0200 (CEST);1568622025000
1380556832687962;30;34.1;Mon Sep 16 2019 10:22:18 GMT+0200 (CEST);Mon Sep 16 2019 08:22:18 GMT+0200 (CEST);1568622138000
1380556832687962;30;34.1;Mon Sep 16 2019 10:24:18 GMT+0200 (CEST);Mon Sep 16 2019 08:24:18 GMT+0200 (CEST);1568622258000
1380556832687962;30;34.2;Mon Sep 16 2019 10:26:10 GMT+0200 (CEST);Mon Sep 16 2019 08:26:10 GMT+0200 (CEST);1568622370000
1380556832687962;30;34.2;Mon Sep 16 2019 10:28:03 GMT+0200 (CEST);Mon Sep 16 2019 08:28:03 GMT+0200 (CEST);1568622483000
1380556832687962;30;34.2;Mon Sep 16 2019 10:30:02 GMT+0200 (CEST);Mon Sep 16 2019 08:30:02 GMT+0200 (CEST);1568622602000
1380556832687962;30;34.2;Mon Sep 16 2019 10:31:54 GMT+0200 (CEST);Mon Sep 16 2019 08:31:54 GMT+0200 (CEST);1568622714000
1380556832687962;30;34.2;Mon Sep 16 2019 10:33:49 GMT+0200 (CEST);Mon Sep 16 2019 08:33:49 GMT+0200 (CEST);1568622829000
1380556832687962;30;34.2;Mon Sep 16 2019 10:35:47 GMT+0200 (CEST);Mon Sep 16 2019 08:35:47 GMT+0200 (CEST);1568622947000
1380556832687962;30;34.2;Mon Sep 16 2019 10:37:41 GMT+0200 (CEST);Mon Sep 16 2019 08:37:41 GMT+0200 (CEST);1568623061000
1380556832687962;30;34.2;Mon Sep 16 2019 10:39:38 GMT+0200 (CEST);Mon Sep 16 2019 08:39:38 GMT+0200 (CEST);1568623178000
1380556832687962;31.5;34.3;Mon Sep 16 2019 10:41:32 GMT+0200 (CEST);Mon Sep 16 2019 08:41:32 GMT+0200 (CEST);1568623292000
1380556832687962;31.5;34.3;Mon Sep 16 2019 10:43:26 GMT+0200 (CEST);Mon Sep 16 2019 08:43:26 GMT+0200 (CEST);1568623406000
1380556832687962;33.5;33.8;Mon Sep 16 2019 10:45:23 GMT+0200 (CEST);Mon Sep 16 2019 08:45:23 GMT+0200 (CEST);1568623523000
1380556832687962;33.5;33.7;Mon Sep 16 2019 10:47:32 GMT+0200 (CEST);Mon Sep 16 2019 08:47:32 GMT+0200 (CEST);1568623652000
1380556832687962;33.5;33.1;Mon Sep 16 2019 10:49:41 GMT+0200 (CEST);Mon Sep 16 2019 08:49:41 GMT+0200 (CEST);1568623781000
1380556832687962;33.5;33;Mon Sep 16 2019 10:52:24 GMT+0200 (CEST);Mon Sep 16 2019 08:52:24 GMT+0200 (CEST);1568623944000
1380556832687962;33.5;33.3;Mon Sep 16 2019 10:55:29 GMT+0200 (CEST);Mon Sep 16 2019 08:55:29 GMT+0200 (CEST);1568624129000
1380556832687962;33.5;33.4;Mon Sep 16 2019 10:58:22 GMT+0200 (CEST);Mon Sep 16 2019 08:58:22 GMT+0200 (CEST);1568624302000
1380556832687962;33.5;33.7;Mon Sep 16 2019 11:00:50 GMT+0200 (CEST);Mon Sep 16 2019 09:00:50 GMT+0200 (CEST);1568624450000
1380556832687962;33.5;34;Mon Sep 16 2019 11:03:15 GMT+0200 (CEST);Mon Sep 16 2019 09:03:15 GMT+0200 (CEST);1568624595000
1380556832687962;32;34.2;Mon Sep 16 2019 11:06:08 GMT+0200 (CEST);Mon Sep 16 2019 09:06:08 GMT+0200 (CEST);1568624768000
1380556832687962;33.5;34;Mon Sep 16 2019 11:11:11 GMT+0200 (CEST);Mon Sep 16 2019 09:11:11 GMT+0200 (CEST);1568625071000
1380556832687962;33.5;33.8;Mon Sep 16 2019 11:13:40 GMT+0200 (CEST);Mon Sep 16 2019 09:13:40 GMT+0200 (CEST);1568625220000
1380556832687962;34;33.1;Mon Sep 16 2019 11:16:33 GMT+0200 (CEST);Mon Sep 16 2019 09:16:33 GMT+0200 (CEST);1568625393000
1380556832687962;35.6;33.4;Mon Sep 16 2019 11:21:26 GMT+0200 (CEST);Mon Sep 16 2019 09:21:26 GMT+0200 (CEST);1568625686000
1380556832687962;35.6;33.8;Mon Sep 16 2019 11:23:45 GMT+0200 (CEST);Mon Sep 16 2019 09:23:45 GMT+0200 (CEST);1568625825000
1380556832687962;35.6;33.1;Mon Sep 16 2019 11:25:57 GMT+0200 (CEST);Mon Sep 16 2019 09:25:57 GMT+0200 (CEST);1568625957000
1380556832687962;35.6;33.1;Mon Sep 16 2019 11:29:32 GMT+0200 (CEST);Mon Sep 16 2019 09:29:32 GMT+0200 (CEST);1568626172000
1380556832687962;35.6;32.9;Mon Sep 16 2019 11:31:42 GMT+0200 (CEST);Mon Sep 16 2019 09:31:42 GMT+0200 (CEST);1568626302000
1380556832687962;35.6;32.9;Mon Sep 16 2019 11:33:41 GMT+0200 (CEST);Mon Sep 16 2019 09:33:41 GMT+0200 (CEST);1568626421000
1380556832687962;35.6;33.3;Mon Sep 16 2019 11:36:28 GMT+0200 (CEST);Mon Sep 16 2019 09:36:28 GMT+0200 (CEST);1568626588000
1380556832687962;35.6;33;Mon Sep 16 2019 11:39:01 GMT+0200 (CEST);Mon Sep 16 2019 09:39:01 GMT+0200 (CEST);1568626741000
1380556832687962;35.6;33.1;Mon Sep 16 2019 11:40:55 GMT+0200 (CEST);Mon Sep 16 2019 09:40:55 GMT+0200 (CEST);1568626855000
1380556832687962;35.6;32.2;Mon Sep 16 2019 11:43:16 GMT+0200 (CEST);Mon Sep 16 2019 09:43:16 GMT+0200 (CEST);1568626996000
1380556832687962;35.6;32.4;Mon Sep 16 2019 11:45:40 GMT+0200 (CEST);Mon Sep 16 2019 09:45:40 GMT+0200 (CEST);1568627140000
1380556832687962;35.6;32.9;Mon Sep 16 2019 11:47:41 GMT+0200 (CEST);Mon Sep 16 2019 09:47:41 GMT+0200 (CEST);1568627261000
1380556832687962;39.1;32.9;Mon Sep 16 2019 11:49:46 GMT+0200 (CEST);Mon Sep 16 2019 09:49:46 GMT+0200 (CEST);1568627386000
1380556832687962;39.1;32.7;Mon Sep 16 2019 11:51:58 GMT+0200 (CEST);Mon Sep 16 2019 09:51:58 GMT+0200 (CEST);1568627518000
1380556832687962;38.1;32.9;Mon Sep 16 2019 11:53:54 GMT+0200 (CEST);Mon Sep 16 2019 09:53:54 GMT+0200 (CEST);1568627634000
1380556832687962;38.1;33;Mon Sep 16 2019 11:55:58 GMT+0200 (CEST);Mon Sep 16 2019 09:55:58 GMT+0200 (CEST);1568627758000
1380556832687962;38.1;32.8;Mon Sep 16 2019 11:58:01 GMT+0200 (CEST);Mon Sep 16 2019 09:58:01 GMT+0200 (CEST);1568627881000
1380556832687962;38.1;32.9;Mon Sep 16 2019 11:59:56 GMT+0200 (CEST);Mon Sep 16 2019 09:59:56 GMT+0200 (CEST);1568627996000
1380556832687962;38.1;32.9;Mon Sep 16 2019 12:01:53 GMT+0200 (CEST);Mon Sep 16 2019 10:01:53 GMT+0200 (CEST);1568628113000
1380556832687962;38.1;32.9;Mon Sep 16 2019 12:03:48 GMT+0200 (CEST);Mon Sep 16 2019 10:03:48 GMT+0200 (CEST);1568628228000
1380556832687962;38.1;32.8;Mon Sep 16 2019 12:06:09 GMT+0200 (CEST);Mon Sep 16 2019 10:06:09 GMT+0200 (CEST);1568628369000
1380556832687962;38.1;32.8;Mon Sep 16 2019 12:08:04 GMT+0200 (CEST);Mon Sep 16 2019 10:08:04 GMT+0200 (CEST);1568628484000
1380556832687962;37.6;32.8;Mon Sep 16 2019 12:10:02 GMT+0200 (CEST);Mon Sep 16 2019 10:10:02 GMT+0200 (CEST);1568628602000
1380556832687962;37.6;32.8;Mon Sep 16 2019 12:11:55 GMT+0200 (CEST);Mon Sep 16 2019 10:11:55 GMT+0200 (CEST);1568628715000
1380556832687962;37.6;33.1;Mon Sep 16 2019 12:13:54 GMT+0200 (CEST);Mon Sep 16 2019 10:13:54 GMT+0200 (CEST);1568628834000
1380556832687962;37.6;33.2;Mon Sep 16 2019 12:15:54 GMT+0200 (CEST);Mon Sep 16 2019 10:15:54 GMT+0200 (CEST);1568628954000
1380556832687962;37.6;32.8;Mon Sep 16 2019 12:17:57 GMT+0200 (CEST);Mon Sep 16 2019 10:17:57 GMT+0200 (CEST);1568629077000
1380556832687962;37.6;32.7;Mon Sep 16 2019 12:20:01 GMT+0200 (CEST);Mon Sep 16 2019 10:20:01 GMT+0200 (CEST);1568629201000
1380556832687962;37.6;33;Mon Sep 16 2019 12:22:07 GMT+0200 (CEST);Mon Sep 16 2019 10:22:07 GMT+0200 (CEST);1568629327000
1380556832687962;38.1;33;Mon Sep 16 2019 12:24:06 GMT+0200 (CEST);Mon Sep 16 2019 10:24:06 GMT+0200 (CEST);1568629446000
1380556832687962;38.1;33;Mon Sep 16 2019 12:26:05 GMT+0200 (CEST);Mon Sep 16 2019 10:26:05 GMT+0200 (CEST);1568629565000
1380556832687962;38.1;33;Mon Sep 16 2019 12:28:00 GMT+0200 (CEST);Mon Sep 16 2019 10:28:00 GMT+0200 (CEST);1568629680000
1380556832687962;38.1;33;Mon Sep 16 2019 12:29:53 GMT+0200 (CEST);Mon Sep 16 2019 10:29:53 GMT+0200 (CEST);1568629793000
1380556832687962;38.1;33;Mon Sep 16 2019 12:31:48 GMT+0200 (CEST);Mon Sep 16 2019 10:31:48 GMT+0200 (CEST);1568629908000
1380556832687962;38.1;32.6;Mon Sep 16 2019 12:33:43 GMT+0200 (CEST);Mon Sep 16 2019 10:33:43 GMT+0200 (CEST);1568630023000
1380556832687962;38.1;32.4;Mon Sep 16 2019 12:35:36 GMT+0200 (CEST);Mon Sep 16 2019 10:35:36 GMT+0200 (CEST);1568630136000
1380556832687962;38.1;33.5;Mon Sep 16 2019 12:37:29 GMT+0200 (CEST);Mon Sep 16 2019 10:37:29 GMT+0200 (CEST);1568630249000
1380556832687962;38.1;33;Mon Sep 16 2019 12:39:45 GMT+0200 (CEST);Mon Sep 16 2019 10:39:45 GMT+0200 (CEST);1568630385000
1380556832687962;38.1;33.1;Mon Sep 16 2019 12:41:38 GMT+0200 (CEST);Mon Sep 16 2019 10:41:38 GMT+0200 (CEST);1568630498000
1380556832687962;39.1;32.7;Mon Sep 16 2019 12:43:32 GMT+0200 (CEST);Mon Sep 16 2019 10:43:32 GMT+0200 (CEST);1568630612000
1380556832687962;39.1;32;Mon Sep 16 2019 12:45:25 GMT+0200 (CEST);Mon Sep 16 2019 10:45:25 GMT+0200 (CEST);1568630725000
1380556832687962;39.1;32.1;Mon Sep 16 2019 12:47:28 GMT+0200 (CEST);Mon Sep 16 2019 10:47:28 GMT+0200 (CEST);1568630848000
1380556832687962;39.1;32.1;Mon Sep 16 2019 12:49:21 GMT+0200 (CEST);Mon Sep 16 2019 10:49:21 GMT+0200 (CEST);1568630961000
1380556832687962;39.1;30.7;Mon Sep 16 2019 12:51:14 GMT+0200 (CEST);Mon Sep 16 2019 10:51:14 GMT+0200 (CEST);1568631074000
1380556832687962;39.1;31;Mon Sep 16 2019 12:53:09 GMT+0200 (CEST);Mon Sep 16 2019 10:53:09 GMT+0200 (CEST);1568631189000
1380556832687962;39.1;31.7;Mon Sep 16 2019 12:55:30 GMT+0200 (CEST);Mon Sep 16 2019 10:55:30 GMT+0200 (CEST);1568631330000
1380556832687962;39.1;31.9;Mon Sep 16 2019 12:57:23 GMT+0200 (CEST);Mon Sep 16 2019 10:57:23 GMT+0200 (CEST);1568631443000
1380556832687962;39.1;32.3;Mon Sep 16 2019 12:59:21 GMT+0200 (CEST);Mon Sep 16 2019 10:59:21 GMT+0200 (CEST);1568631561000
1380556832687962;41.6;32.7;Mon Sep 16 2019 13:04:25 GMT+0200 (CEST);Mon Sep 16 2019 11:04:25 GMT+0200 (CEST);1568631865000
1380556832687962;39.1;33.3;Mon Sep 16 2019 13:07:08 GMT+0200 (CEST);Mon Sep 16 2019 11:07:08 GMT+0200 (CEST);1568632028000
1380556832687962;41.6;32.9;Mon Sep 16 2019 13:16:13 GMT+0200 (CEST);Mon Sep 16 2019 11:16:13 GMT+0200 (CEST);1568632573000
1380556832687962;41.6;32.2;Mon Sep 16 2019 13:19:17 GMT+0200 (CEST);Mon Sep 16 2019 11:19:17 GMT+0200 (CEST);1568632757000
1380556832687962;13.9;27.7;Tue Sep 17 2019 07:25:14 GMT+0200 (CEST);Tue Sep 17 2019 05:25:14 GMT+0200 (CEST);1568697914000
1380556832687962;15.9;29.7;Tue Sep 17 2019 07:28:07 GMT+0200 (CEST);Tue Sep 17 2019 05:28:07 GMT+0200 (CEST);1568698087000
1380556832687962;17.4;29.8;Tue Sep 17 2019 07:30:54 GMT+0200 (CEST);Tue Sep 17 2019 05:30:54 GMT+0200 (CEST);1568698254000
1380556832687962;17.4;30.9;Tue Sep 17 2019 07:33:47 GMT+0200 (CEST);Tue Sep 17 2019 05:33:47 GMT+0200 (CEST);1568698427000
1380556832687962;19.4;32.5;Tue Sep 17 2019 07:38:40 GMT+0200 (CEST);Tue Sep 17 2019 05:38:40 GMT+0200 (CEST);1568698720000
1380556832687962;19.4;31.2;Tue Sep 17 2019 07:42:03 GMT+0200 (CEST);Tue Sep 17 2019 05:42:03 GMT+0200 (CEST);1568698923000
1380556832687962;19.4;32.5;Tue Sep 17 2019 07:44:56 GMT+0200 (CEST);Tue Sep 17 2019 05:44:56 GMT+0200 (CEST);1568699096000
1380556832687962;19.4;34.8;Tue Sep 17 2019 07:46:50 GMT+0200 (CEST);Tue Sep 17 2019 05:46:50 GMT+0200 (CEST);1568699210000
1380556832687962;17.9;31.9;Tue Sep 17 2019 07:58:13 GMT+0200 (CEST);Tue Sep 17 2019 05:58:13 GMT+0200 (CEST);1568699893000
1380556832687962;19.4;32.9;Tue Sep 17 2019 08:07:27 GMT+0200 (CEST);Tue Sep 17 2019 06:07:27 GMT+0200 (CEST);1568700447000
1380556832687962;19.4;32.6;Tue Sep 17 2019 08:09:20 GMT+0200 (CEST);Tue Sep 17 2019 06:09:20 GMT+0200 (CEST);1568700560000
1380556832687962;19.4;31.6;Tue Sep 17 2019 08:11:24 GMT+0200 (CEST);Tue Sep 17 2019 06:11:24 GMT+0200 (CEST);1568700684000
1380556832687962;19.4;30.5;Tue Sep 17 2019 08:13:24 GMT+0200 (CEST);Tue Sep 17 2019 06:13:24 GMT+0200 (CEST);1568700804000
1380556832687962;19.9;31.4;Tue Sep 17 2019 08:15:18 GMT+0200 (CEST);Tue Sep 17 2019 06:15:18 GMT+0200 (CEST);1568700918000
1380556832687962;19.9;31.3;Tue Sep 17 2019 08:17:10 GMT+0200 (CEST);Tue Sep 17 2019 06:17:10 GMT+0200 (CEST);1568701030000
1380556832687962;19.9;31.1;Tue Sep 17 2019 08:19:03 GMT+0200 (CEST);Tue Sep 17 2019 06:19:03 GMT+0200 (CEST);1568701143000
1380556832687962;19.9;31.1;Tue Sep 17 2019 08:20:59 GMT+0200 (CEST);Tue Sep 17 2019 06:20:59 GMT+0200 (CEST);1568701259000
1380556832687962;19.9;30.6;Tue Sep 17 2019 08:22:53 GMT+0200 (CEST);Tue Sep 17 2019 06:22:53 GMT+0200 (CEST);1568701373000
1380556832687962;19.4;30.8;Tue Sep 17 2019 08:24:50 GMT+0200 (CEST);Tue Sep 17 2019 06:24:50 GMT+0200 (CEST);1568701490000
1380556832687962;19.4;31.4;Tue Sep 17 2019 08:26:43 GMT+0200 (CEST);Tue Sep 17 2019 06:26:43 GMT+0200 (CEST);1568701603000
1380556832687962;19.4;33;Tue Sep 17 2019 08:28:35 GMT+0200 (CEST);Tue Sep 17 2019 06:28:35 GMT+0200 (CEST);1568701715000
1380556832687962;19.4;33.1;Tue Sep 17 2019 08:30:28 GMT+0200 (CEST);Tue Sep 17 2019 06:30:28 GMT+0200 (CEST);1568701828000
1380556832687962;19.4;33.1;Tue Sep 17 2019 08:32:22 GMT+0200 (CEST);Tue Sep 17 2019 06:32:22 GMT+0200 (CEST);1568701942000
1380556832687962;19.9;32.3;Tue Sep 17 2019 08:34:14 GMT+0200 (CEST);Tue Sep 17 2019 06:34:14 GMT+0200 (CEST);1568702054000
1380556832687962;19.9;31.6;Tue Sep 17 2019 08:36:07 GMT+0200 (CEST);Tue Sep 17 2019 06:36:07 GMT+0200 (CEST);1568702167000
1380556832687962;19.9;31.7;Tue Sep 17 2019 08:38:00 GMT+0200 (CEST);Tue Sep 17 2019 06:38:00 GMT+0200 (CEST);1568702280000
1380556832687962;19.9;31.6;Tue Sep 17 2019 08:39:53 GMT+0200 (CEST);Tue Sep 17 2019 06:39:53 GMT+0200 (CEST);1568702393000
1380556832687962;19.9;31.6;Tue Sep 17 2019 08:41:46 GMT+0200 (CEST);Tue Sep 17 2019 06:41:46 GMT+0200 (CEST);1568702506000
1380556832687962;19.9;31.5;Tue Sep 17 2019 08:43:40 GMT+0200 (CEST);Tue Sep 17 2019 06:43:40 GMT+0200 (CEST);1568702620000
1380556832687962;19.9;32.3;Tue Sep 17 2019 08:45:33 GMT+0200 (CEST);Tue Sep 17 2019 06:45:33 GMT+0200 (CEST);1568702733000
1380556832687962;19.9;32.2;Tue Sep 17 2019 08:47:26 GMT+0200 (CEST);Tue Sep 17 2019 06:47:26 GMT+0200 (CEST);1568702846000
1380556832687962;19.9;32.6;Tue Sep 17 2019 08:49:20 GMT+0200 (CEST);Tue Sep 17 2019 06:49:20 GMT+0200 (CEST);1568702960000
1380556832687962;19.9;32.4;Tue Sep 17 2019 08:51:14 GMT+0200 (CEST);Tue Sep 17 2019 06:51:14 GMT+0200 (CEST);1568703074000
1380556832687962;19.9;32.7;Tue Sep 17 2019 08:53:06 GMT+0200 (CEST);Tue Sep 17 2019 06:53:06 GMT+0200 (CEST);1568703186000
1380556832687962;19.9;32.7;Tue Sep 17 2019 08:54:59 GMT+0200 (CEST);Tue Sep 17 2019 06:54:59 GMT+0200 (CEST);1568703299000
1380556832687962;19.9;33.2;Tue Sep 17 2019 08:56:52 GMT+0200 (CEST);Tue Sep 17 2019 06:56:52 GMT+0200 (CEST);1568703412000
1380556832687962;19.9;33.2;Tue Sep 17 2019 08:58:44 GMT+0200 (CEST);Tue Sep 17 2019 06:58:44 GMT+0200 (CEST);1568703524000
1380556832687962;19.9;32.5;Tue Sep 17 2019 09:00:37 GMT+0200 (CEST);Tue Sep 17 2019 07:00:37 GMT+0200 (CEST);1568703637000
1380556832687962;19.9;32.6;Tue Sep 17 2019 09:02:30 GMT+0200 (CEST);Tue Sep 17 2019 07:02:30 GMT+0200 (CEST);1568703750000
1380556832687962;19.9;32.5;Tue Sep 17 2019 09:04:23 GMT+0200 (CEST);Tue Sep 17 2019 07:04:23 GMT+0200 (CEST);1568703863000
1380556832687962;19.9;32.5;Tue Sep 17 2019 09:06:16 GMT+0200 (CEST);Tue Sep 17 2019 07:06:16 GMT+0200 (CEST);1568703976000
1380556832687962;19.9;32.6;Tue Sep 17 2019 09:08:09 GMT+0200 (CEST);Tue Sep 17 2019 07:08:09 GMT+0200 (CEST);1568704089000
1380556832687962;19.9;32.6;Tue Sep 17 2019 09:10:02 GMT+0200 (CEST);Tue Sep 17 2019 07:10:02 GMT+0200 (CEST);1568704202000
1380556832687962;19.9;32.8;Tue Sep 17 2019 09:11:55 GMT+0200 (CEST);Tue Sep 17 2019 07:11:55 GMT+0200 (CEST);1568704315000
1380556832687962;19.9;33.1;Tue Sep 17 2019 09:13:47 GMT+0200 (CEST);Tue Sep 17 2019 07:13:47 GMT+0200 (CEST);1568704427000
1380556832687962;19.9;32.8;Tue Sep 17 2019 09:15:40 GMT+0200 (CEST);Tue Sep 17 2019 07:15:40 GMT+0200 (CEST);1568704540000
1380556832687962;21.5;32.9;Tue Sep 17 2019 09:17:32 GMT+0200 (CEST);Tue Sep 17 2019 07:17:32 GMT+0200 (CEST);1568704652000
1380556832687962;21.5;32.9;Tue Sep 17 2019 09:19:25 GMT+0200 (CEST);Tue Sep 17 2019 07:19:25 GMT+0200 (CEST);1568704765000
1380556832687962;21.5;32.6;Tue Sep 17 2019 09:21:18 GMT+0200 (CEST);Tue Sep 17 2019 07:21:18 GMT+0200 (CEST);1568704878000
1380556832687962;21.5;32.2;Tue Sep 17 2019 09:23:10 GMT+0200 (CEST);Tue Sep 17 2019 07:23:10 GMT+0200 (CEST);1568704990000
1380556832687962;21.5;32.5;Tue Sep 17 2019 09:25:03 GMT+0200 (CEST);Tue Sep 17 2019 07:25:03 GMT+0200 (CEST);1568705103000
1380556832687962;21.5;32.4;Tue Sep 17 2019 09:26:56 GMT+0200 (CEST);Tue Sep 17 2019 07:26:56 GMT+0200 (CEST);1568705216000
1380556832687962;21.5;32.7;Tue Sep 17 2019 09:28:49 GMT+0200 (CEST);Tue Sep 17 2019 07:28:49 GMT+0200 (CEST);1568705329000
1380556832687962;21.5;32.9;Tue Sep 17 2019 09:30:44 GMT+0200 (CEST);Tue Sep 17 2019 07:30:44 GMT+0200 (CEST);1568705444000
1380556832687962;21.5;33;Tue Sep 17 2019 09:32:37 GMT+0200 (CEST);Tue Sep 17 2019 07:32:37 GMT+0200 (CEST);1568705557000
1380556832687962;21.5;32.8;Tue Sep 17 2019 09:34:29 GMT+0200 (CEST);Tue Sep 17 2019 07:34:29 GMT+0200 (CEST);1568705669000
1380556832687962;21.5;32.9;Tue Sep 17 2019 09:36:22 GMT+0200 (CEST);Tue Sep 17 2019 07:36:22 GMT+0200 (CEST);1568705782000
1380556832687962;21.5;33.2;Tue Sep 17 2019 09:38:40 GMT+0200 (CEST);Tue Sep 17 2019 07:38:40 GMT+0200 (CEST);1568705920000
1380556832687962;21.5;33.2;Tue Sep 17 2019 09:40:33 GMT+0200 (CEST);Tue Sep 17 2019 07:40:33 GMT+0200 (CEST);1568706033000
1380556832687962;21.5;33;Tue Sep 17 2019 09:42:26 GMT+0200 (CEST);Tue Sep 17 2019 07:42:26 GMT+0200 (CEST);1568706146000
1380556832687962;21.5;32.9;Tue Sep 17 2019 09:44:19 GMT+0200 (CEST);Tue Sep 17 2019 07:44:19 GMT+0200 (CEST);1568706259000
1380556832687962;21.5;33.1;Tue Sep 17 2019 09:46:12 GMT+0200 (CEST);Tue Sep 17 2019 07:46:12 GMT+0200 (CEST);1568706372000
1380556832687962;21.5;32.9;Tue Sep 17 2019 09:48:05 GMT+0200 (CEST);Tue Sep 17 2019 07:48:05 GMT+0200 (CEST);1568706485000
1380556832687962;21.5;33.5;Tue Sep 17 2019 09:49:59 GMT+0200 (CEST);Tue Sep 17 2019 07:49:59 GMT+0200 (CEST);1568706599000
1380556832687962;21.5;33.5;Tue Sep 17 2019 09:51:52 GMT+0200 (CEST);Tue Sep 17 2019 07:51:52 GMT+0200 (CEST);1568706712000
1380556832687962;21.5;33.5;Tue Sep 17 2019 09:54:16 GMT+0200 (CEST);Tue Sep 17 2019 07:54:16 GMT+0200 (CEST);1568706856000
1380556832687962;21.5;33.5;Tue Sep 17 2019 09:56:09 GMT+0200 (CEST);Tue Sep 17 2019 07:56:09 GMT+0200 (CEST);1568706969000
1380556832687962;21.5;33.5;Tue Sep 17 2019 09:58:02 GMT+0200 (CEST);Tue Sep 17 2019 07:58:02 GMT+0200 (CEST);1568707082000
1380556832687962;21.5;33.5;Tue Sep 17 2019 09:59:56 GMT+0200 (CEST);Tue Sep 17 2019 07:59:56 GMT+0200 (CEST);1568707196000
1380556832687962;21.5;33.3;Tue Sep 17 2019 10:01:50 GMT+0200 (CEST);Tue Sep 17 2019 08:01:50 GMT+0200 (CEST);1568707310000
1380556832687962;21.5;33.3;Tue Sep 17 2019 10:03:44 GMT+0200 (CEST);Tue Sep 17 2019 08:03:44 GMT+0200 (CEST);1568707424000
1380556832687962;21.5;33.7;Tue Sep 17 2019 10:05:37 GMT+0200 (CEST);Tue Sep 17 2019 08:05:37 GMT+0200 (CEST);1568707537000
1380556832687962;21.5;34;Tue Sep 17 2019 10:07:32 GMT+0200 (CEST);Tue Sep 17 2019 08:07:32 GMT+0200 (CEST);1568707652000
1380556832687962;21.5;33.8;Tue Sep 17 2019 10:09:49 GMT+0200 (CEST);Tue Sep 17 2019 08:09:49 GMT+0200 (CEST);1568707789000
1380556832687962;22;33.9;Tue Sep 17 2019 10:11:42 GMT+0200 (CEST);Tue Sep 17 2019 08:11:42 GMT+0200 (CEST);1568707902000
1380556832687962;22;33.8;Tue Sep 17 2019 10:13:34 GMT+0200 (CEST);Tue Sep 17 2019 08:13:34 GMT+0200 (CEST);1568708014000
1380556832687962;22;33.9;Tue Sep 17 2019 10:15:29 GMT+0200 (CEST);Tue Sep 17 2019 08:15:29 GMT+0200 (CEST);1568708129000
1380556832687962;22;34;Tue Sep 17 2019 10:17:22 GMT+0200 (CEST);Tue Sep 17 2019 08:17:22 GMT+0200 (CEST);1568708242000
1380556832687962;22;33.9;Tue Sep 17 2019 10:19:15 GMT+0200 (CEST);Tue Sep 17 2019 08:19:15 GMT+0200 (CEST);1568708355000
1380556832687962;22;34;Tue Sep 17 2019 10:21:09 GMT+0200 (CEST);Tue Sep 17 2019 08:21:09 GMT+0200 (CEST);1568708469000
1380556832687962;22;34.1;Tue Sep 17 2019 10:23:02 GMT+0200 (CEST);Tue Sep 17 2019 08:23:02 GMT+0200 (CEST);1568708582000
1380556832687962;22;34.4;Tue Sep 17 2019 10:25:14 GMT+0200 (CEST);Tue Sep 17 2019 08:25:14 GMT+0200 (CEST);1568708714000
1380556832687962;22;34.6;Tue Sep 17 2019 10:27:07 GMT+0200 (CEST);Tue Sep 17 2019 08:27:07 GMT+0200 (CEST);1568708827000
1380556832687962;22;34.6;Tue Sep 17 2019 10:29:00 GMT+0200 (CEST);Tue Sep 17 2019 08:29:00 GMT+0200 (CEST);1568708940000
1380556832687962;23;34.7;Tue Sep 17 2019 10:30:53 GMT+0200 (CEST);Tue Sep 17 2019 08:30:53 GMT+0200 (CEST);1568709053000
1380556832687962;23;34.7;Tue Sep 17 2019 10:32:52 GMT+0200 (CEST);Tue Sep 17 2019 08:32:52 GMT+0200 (CEST);1568709172000
1380556832687962;23;35.1;Tue Sep 17 2019 10:34:45 GMT+0200 (CEST);Tue Sep 17 2019 08:34:45 GMT+0200 (CEST);1568709285000
1380556832687962;23;35.2;Tue Sep 17 2019 10:36:52 GMT+0200 (CEST);Tue Sep 17 2019 08:36:52 GMT+0200 (CEST);1568709412000
1380556832687962;23;35;Tue Sep 17 2019 10:38:44 GMT+0200 (CEST);Tue Sep 17 2019 08:38:44 GMT+0200 (CEST);1568709524000
1380556832687962;25.5;35;Tue Sep 17 2019 10:40:44 GMT+0200 (CEST);Tue Sep 17 2019 08:40:44 GMT+0200 (CEST);1568709644000
1380556832687962;25.5;34.5;Tue Sep 17 2019 10:42:37 GMT+0200 (CEST);Tue Sep 17 2019 08:42:37 GMT+0200 (CEST);1568709757000
1380556832687962;27.5;34.9;Tue Sep 17 2019 10:44:30 GMT+0200 (CEST);Tue Sep 17 2019 08:44:30 GMT+0200 (CEST);1568709870000
1380556832687962;27.5;34.2;Tue Sep 17 2019 10:46:23 GMT+0200 (CEST);Tue Sep 17 2019 08:46:23 GMT+0200 (CEST);1568709983000
1380556832687962;27.5;34.4;Tue Sep 17 2019 10:48:22 GMT+0200 (CEST);Tue Sep 17 2019 08:48:22 GMT+0200 (CEST);1568710102000
1380556832687962;27.5;34.3;Tue Sep 17 2019 10:50:15 GMT+0200 (CEST);Tue Sep 17 2019 08:50:15 GMT+0200 (CEST);1568710215000
1380556832687962;27.5;34;Tue Sep 17 2019 10:52:08 GMT+0200 (CEST);Tue Sep 17 2019 08:52:08 GMT+0200 (CEST);1568710328000
1380556832687962;29.5;34.1;Tue Sep 17 2019 10:54:00 GMT+0200 (CEST);Tue Sep 17 2019 08:54:00 GMT+0200 (CEST);1568710440000
1380556832687962;29.5;34.1;Tue Sep 17 2019 10:56:09 GMT+0200 (CEST);Tue Sep 17 2019 08:56:09 GMT+0200 (CEST);1568710569000
1380556832687962;29.5;34.1;Tue Sep 17 2019 10:58:02 GMT+0200 (CEST);Tue Sep 17 2019 08:58:02 GMT+0200 (CEST);1568710682000
1380556832687962;29.5;34.4;Tue Sep 17 2019 10:59:55 GMT+0200 (CEST);Tue Sep 17 2019 08:59:55 GMT+0200 (CEST);1568710795000
1380556832687962;29.5;34.4;Tue Sep 17 2019 11:01:48 GMT+0200 (CEST);Tue Sep 17 2019 09:01:48 GMT+0200 (CEST);1568710908000
1380556832687962;29.5;34.5;Tue Sep 17 2019 11:03:53 GMT+0200 (CEST);Tue Sep 17 2019 09:03:53 GMT+0200 (CEST);1568711033000
1380556832687962;29.5;34.4;Tue Sep 17 2019 11:05:46 GMT+0200 (CEST);Tue Sep 17 2019 09:05:46 GMT+0200 (CEST);1568711146000
1380556832687962;29.5;34.4;Tue Sep 17 2019 11:07:39 GMT+0200 (CEST);Tue Sep 17 2019 09:07:39 GMT+0200 (CEST);1568711259000
1380556832687962;29.5;34.4;Tue Sep 17 2019 11:09:32 GMT+0200 (CEST);Tue Sep 17 2019 09:09:32 GMT+0200 (CEST);1568711372000
1380556832687962;29.5;34;Tue Sep 17 2019 11:11:33 GMT+0200 (CEST);Tue Sep 17 2019 09:11:33 GMT+0200 (CEST);1568711493000
1380556832687962;29.5;33.8;Tue Sep 17 2019 11:13:27 GMT+0200 (CEST);Tue Sep 17 2019 09:13:27 GMT+0200 (CEST);1568711607000
1380556832687962;29.5;33.7;Tue Sep 17 2019 11:15:19 GMT+0200 (CEST);Tue Sep 17 2019 09:15:19 GMT+0200 (CEST);1568711719000
1380556832687962;29.5;33.7;Tue Sep 17 2019 11:17:12 GMT+0200 (CEST);Tue Sep 17 2019 09:17:12 GMT+0200 (CEST);1568711832000
1380556832687962;29.5;33.9;Tue Sep 17 2019 11:19:51 GMT+0200 (CEST);Tue Sep 17 2019 09:19:51 GMT+0200 (CEST);1568711991000
1380556832687962;29.5;34.2;Tue Sep 17 2019 11:21:45 GMT+0200 (CEST);Tue Sep 17 2019 09:21:45 GMT+0200 (CEST);1568712105000
1380556832687962;29.5;34.3;Tue Sep 17 2019 11:23:38 GMT+0200 (CEST);Tue Sep 17 2019 09:23:38 GMT+0200 (CEST);1568712218000
1380556832687962;29.5;34.4;Tue Sep 17 2019 11:25:31 GMT+0200 (CEST);Tue Sep 17 2019 09:25:31 GMT+0200 (CEST);1568712331000
1380556832687962;29.5;34.4;Tue Sep 17 2019 11:27:23 GMT+0200 (CEST);Tue Sep 17 2019 09:27:23 GMT+0200 (CEST);1568712443000
1380556832687962;29.5;34.3;Tue Sep 17 2019 11:29:16 GMT+0200 (CEST);Tue Sep 17 2019 09:29:16 GMT+0200 (CEST);1568712556000
1380556832687962;29.5;34.2;Tue Sep 17 2019 11:31:10 GMT+0200 (CEST);Tue Sep 17 2019 09:31:10 GMT+0200 (CEST);1568712670000
1380556832687962;29.5;34.2;Tue Sep 17 2019 11:33:13 GMT+0200 (CEST);Tue Sep 17 2019 09:33:13 GMT+0200 (CEST);1568712793000
1380556832687962;29.5;34.2;Tue Sep 17 2019 11:35:07 GMT+0200 (CEST);Tue Sep 17 2019 09:35:07 GMT+0200 (CEST);1568712907000
1380556832687962;29.5;34.2;Tue Sep 17 2019 11:37:00 GMT+0200 (CEST);Tue Sep 17 2019 09:37:00 GMT+0200 (CEST);1568713020000
1380556832687962;29.5;34.2;Tue Sep 17 2019 11:38:53 GMT+0200 (CEST);Tue Sep 17 2019 09:38:53 GMT+0200 (CEST);1568713133000
1380556832687962;29.5;34.2;Tue Sep 17 2019 11:40:46 GMT+0200 (CEST);Tue Sep 17 2019 09:40:46 GMT+0200 (CEST);1568713246000
1380556832687962;29.5;34.2;Tue Sep 17 2019 11:42:39 GMT+0200 (CEST);Tue Sep 17 2019 09:42:39 GMT+0200 (CEST);1568713359000
1380556832687962;29.5;34;Tue Sep 17 2019 11:44:32 GMT+0200 (CEST);Tue Sep 17 2019 09:44:32 GMT+0200 (CEST);1568713472000
1380556832687962;29.5;34;Tue Sep 17 2019 11:46:24 GMT+0200 (CEST);Tue Sep 17 2019 09:46:24 GMT+0200 (CEST);1568713584000
1380556832687962;29.5;34.2;Tue Sep 17 2019 11:48:17 GMT+0200 (CEST);Tue Sep 17 2019 09:48:17 GMT+0200 (CEST);1568713697000
1380556832687962;29.5;34.1;Tue Sep 17 2019 11:50:33 GMT+0200 (CEST);Tue Sep 17 2019 09:50:33 GMT+0200 (CEST);1568713833000
1380556832687962;28;34.2;Tue Sep 17 2019 11:52:26 GMT+0200 (CEST);Tue Sep 17 2019 09:52:26 GMT+0200 (CEST);1568713946000
1380556832687962;28;34.2;Tue Sep 17 2019 11:54:25 GMT+0200 (CEST);Tue Sep 17 2019 09:54:25 GMT+0200 (CEST);1568714065000
1380556832687962;28;34.2;Tue Sep 17 2019 11:56:17 GMT+0200 (CEST);Tue Sep 17 2019 09:56:17 GMT+0200 (CEST);1568714177000
1380556832687962;28;33.7;Tue Sep 17 2019 11:58:12 GMT+0200 (CEST);Tue Sep 17 2019 09:58:12 GMT+0200 (CEST);1568714292000
1380556832687962;28;33.8;Tue Sep 17 2019 12:00:05 GMT+0200 (CEST);Tue Sep 17 2019 10:00:05 GMT+0200 (CEST);1568714405000
1380556832687962;28;33.7;Tue Sep 17 2019 12:01:58 GMT+0200 (CEST);Tue Sep 17 2019 10:01:58 GMT+0200 (CEST);1568714518000
1380556832687962;28;33.7;Tue Sep 17 2019 12:03:51 GMT+0200 (CEST);Tue Sep 17 2019 10:03:51 GMT+0200 (CEST);1568714631000
1380556832687962;28;33.7;Tue Sep 17 2019 12:06:05 GMT+0200 (CEST);Tue Sep 17 2019 10:06:05 GMT+0200 (CEST);1568714765000
1380556832687962;27.5;33.4;Tue Sep 17 2019 12:07:57 GMT+0200 (CEST);Tue Sep 17 2019 10:07:57 GMT+0200 (CEST);1568714877000
1380556832687962;27.5;33.4;Tue Sep 17 2019 12:09:51 GMT+0200 (CEST);Tue Sep 17 2019 10:09:51 GMT+0200 (CEST);1568714991000
1380556832687962;27.5;33.4;Tue Sep 17 2019 12:11:45 GMT+0200 (CEST);Tue Sep 17 2019 10:11:45 GMT+0200 (CEST);1568715105000
1380556832687962;27.5;33.8;Tue Sep 17 2019 12:13:38 GMT+0200 (CEST);Tue Sep 17 2019 10:13:38 GMT+0200 (CEST);1568715218000
1380556832687962;27.5;33.7;Tue Sep 17 2019 12:15:31 GMT+0200 (CEST);Tue Sep 17 2019 10:15:31 GMT+0200 (CEST);1568715331000
1380556832687962;26;33.6;Tue Sep 17 2019 12:17:23 GMT+0200 (CEST);Tue Sep 17 2019 10:17:23 GMT+0200 (CEST);1568715443000
1380556832687962;26;33.5;Tue Sep 17 2019 12:19:16 GMT+0200 (CEST);Tue Sep 17 2019 10:19:16 GMT+0200 (CEST);1568715556000
1380556832687962;25.5;33.6;Tue Sep 17 2019 12:21:32 GMT+0200 (CEST);Tue Sep 17 2019 10:21:32 GMT+0200 (CEST);1568715692000
1380556832687962;25.5;33.7;Tue Sep 17 2019 12:23:25 GMT+0200 (CEST);Tue Sep 17 2019 10:23:25 GMT+0200 (CEST);1568715805000
1380556832687962;25.5;34.4;Tue Sep 17 2019 12:25:18 GMT+0200 (CEST);Tue Sep 17 2019 10:25:18 GMT+0200 (CEST);1568715918000
1380556832687962;25.5;34.4;Tue Sep 17 2019 12:27:10 GMT+0200 (CEST);Tue Sep 17 2019 10:27:10 GMT+0200 (CEST);1568716030000
1380556832687962;25.5;34.2;Tue Sep 17 2019 12:29:04 GMT+0200 (CEST);Tue Sep 17 2019 10:29:04 GMT+0200 (CEST);1568716144000
1380556832687962;25.5;34;Tue Sep 17 2019 12:30:56 GMT+0200 (CEST);Tue Sep 17 2019 10:30:56 GMT+0200 (CEST);1568716256000
1380556832687962;25.5;34.5;Tue Sep 17 2019 12:32:49 GMT+0200 (CEST);Tue Sep 17 2019 10:32:49 GMT+0200 (CEST);1568716369000
1380556832687962;25.5;34.6;Tue Sep 17 2019 12:34:42 GMT+0200 (CEST);Tue Sep 17 2019 10:34:42 GMT+0200 (CEST);1568716482000
1380556832687962;25.5;34.4;Tue Sep 17 2019 12:36:41 GMT+0200 (CEST);Tue Sep 17 2019 10:36:41 GMT+0200 (CEST);1568716601000
1380556832687962;25.5;34.1;Tue Sep 17 2019 12:38:34 GMT+0200 (CEST);Tue Sep 17 2019 10:38:34 GMT+0200 (CEST);1568716714000
1380556832687962;25.5;34;Tue Sep 17 2019 12:40:27 GMT+0200 (CEST);Tue Sep 17 2019 10:40:27 GMT+0200 (CEST);1568716827000
1380556832687962;25.5;34;Tue Sep 17 2019 12:42:20 GMT+0200 (CEST);Tue Sep 17 2019 10:42:20 GMT+0200 (CEST);1568716940000
1380556832687962;25.5;33.9;Tue Sep 17 2019 12:44:13 GMT+0200 (CEST);Tue Sep 17 2019 10:44:13 GMT+0200 (CEST);1568717053000
1380556832687962;25.5;33.8;Tue Sep 17 2019 12:46:06 GMT+0200 (CEST);Tue Sep 17 2019 10:46:06 GMT+0200 (CEST);1568717166000
1380556832687962;25.5;33.9;Tue Sep 17 2019 12:47:59 GMT+0200 (CEST);Tue Sep 17 2019 10:47:59 GMT+0200 (CEST);1568717279000
1380556832687962;25.5;34;Tue Sep 17 2019 12:49:53 GMT+0200 (CEST);Tue Sep 17 2019 10:49:53 GMT+0200 (CEST);1568717393000
1380556832687962;25.5;34;Tue Sep 17 2019 12:51:46 GMT+0200 (CEST);Tue Sep 17 2019 10:51:46 GMT+0200 (CEST);1568717506000
1380556832687962;25.5;34.5;Tue Sep 17 2019 12:53:41 GMT+0200 (CEST);Tue Sep 17 2019 10:53:41 GMT+0200 (CEST);1568717621000
1380556832687962;25.5;34.6;Tue Sep 17 2019 12:55:34 GMT+0200 (CEST);Tue Sep 17 2019 10:55:34 GMT+0200 (CEST);1568717734000
1380556832687962;25.5;34.6;Tue Sep 17 2019 12:57:27 GMT+0200 (CEST);Tue Sep 17 2019 10:57:27 GMT+0200 (CEST);1568717847000
1380556832687962;25.5;34.6;Tue Sep 17 2019 12:59:20 GMT+0200 (CEST);Tue Sep 17 2019 10:59:20 GMT+0200 (CEST);1568717960000
1380556832687962;26;34.3;Tue Sep 17 2019 13:01:13 GMT+0200 (CEST);Tue Sep 17 2019 11:01:13 GMT+0200 (CEST);1568718073000
1380556832687962;26;34.3;Tue Sep 17 2019 13:03:05 GMT+0200 (CEST);Tue Sep 17 2019 11:03:05 GMT+0200 (CEST);1568718185000
1380556832687962;26;34.4;Tue Sep 17 2019 13:05:01 GMT+0200 (CEST);Tue Sep 17 2019 11:05:01 GMT+0200 (CEST);1568718301000
1380556832687962;26;34.3;Tue Sep 17 2019 13:06:56 GMT+0200 (CEST);Tue Sep 17 2019 11:06:56 GMT+0200 (CEST);1568718416000
1380556832687962;26;34.4;Tue Sep 17 2019 13:08:48 GMT+0200 (CEST);Tue Sep 17 2019 11:08:48 GMT+0200 (CEST);1568718528000
1380556832687962;26;34.6;Tue Sep 17 2019 13:10:41 GMT+0200 (CEST);Tue Sep 17 2019 11:10:41 GMT+0200 (CEST);1568718641000
1380556832687962;26;35.3;Tue Sep 17 2019 13:12:34 GMT+0200 (CEST);Tue Sep 17 2019 11:12:34 GMT+0200 (CEST);1568718754000
1380556832687962;28;34.7;Tue Sep 17 2019 13:14:30 GMT+0200 (CEST);Tue Sep 17 2019 11:14:30 GMT+0200 (CEST);1568718870000
1380556832687962;28;33.9;Tue Sep 17 2019 13:16:24 GMT+0200 (CEST);Tue Sep 17 2019 11:16:24 GMT+0200 (CEST);1568718984000
1380556832687962;28;33.8;Tue Sep 17 2019 13:18:16 GMT+0200 (CEST);Tue Sep 17 2019 11:18:16 GMT+0200 (CEST);1568719096000
1380556832687962;29.5;34.5;Tue Sep 17 2019 13:20:09 GMT+0200 (CEST);Tue Sep 17 2019 11:20:09 GMT+0200 (CEST);1568719209000
1380556832687962;29.5;35.2;Tue Sep 17 2019 13:22:13 GMT+0200 (CEST);Tue Sep 17 2019 11:22:13 GMT+0200 (CEST);1568719333000
1380556832687962;29.5;34.8;Tue Sep 17 2019 13:24:06 GMT+0200 (CEST);Tue Sep 17 2019 11:24:06 GMT+0200 (CEST);1568719446000
1380556832687962;29.5;34.1;Tue Sep 17 2019 13:26:03 GMT+0200 (CEST);Tue Sep 17 2019 11:26:03 GMT+0200 (CEST);1568719563000
1380556832687962;29.5;33.8;Tue Sep 17 2019 13:27:55 GMT+0200 (CEST);Tue Sep 17 2019 11:27:55 GMT+0200 (CEST);1568719675000
1380556832687962;29.5;33.7;Tue Sep 17 2019 13:29:52 GMT+0200 (CEST);Tue Sep 17 2019 11:29:52 GMT+0200 (CEST);1568719792000
1380556832687962;29.5;32.7;Tue Sep 17 2019 13:31:45 GMT+0200 (CEST);Tue Sep 17 2019 11:31:45 GMT+0200 (CEST);1568719905000
1380556832687962;29.5;33.5;Tue Sep 17 2019 13:33:38 GMT+0200 (CEST);Tue Sep 17 2019 11:33:38 GMT+0200 (CEST);1568720018000
1380556832687962;35.6;33.2;Tue Sep 17 2019 13:35:30 GMT+0200 (CEST);Tue Sep 17 2019 11:35:30 GMT+0200 (CEST);1568720130000
1380556832687962;35.6;33.7;Tue Sep 17 2019 13:37:29 GMT+0200 (CEST);Tue Sep 17 2019 11:37:29 GMT+0200 (CEST);1568720249000
1380556832687962;35.6;33;Tue Sep 17 2019 13:39:22 GMT+0200 (CEST);Tue Sep 17 2019 11:39:22 GMT+0200 (CEST);1568720362000
1380556832687962;35.6;33;Tue Sep 17 2019 13:41:15 GMT+0200 (CEST);Tue Sep 17 2019 11:41:15 GMT+0200 (CEST);1568720475000
1380556832687962;35.6;33.8;Tue Sep 17 2019 13:43:08 GMT+0200 (CEST);Tue Sep 17 2019 11:43:08 GMT+0200 (CEST);1568720588000
1380556832687962;35.6;33.8;Tue Sep 17 2019 13:45:01 GMT+0200 (CEST);Tue Sep 17 2019 11:45:01 GMT+0200 (CEST);1568720701000
1380556832687962;35.6;33.5;Tue Sep 17 2019 13:46:59 GMT+0200 (CEST);Tue Sep 17 2019 11:46:59 GMT+0200 (CEST);1568720819000
1380556832687962;35.6;33.2;Tue Sep 17 2019 13:48:52 GMT+0200 (CEST);Tue Sep 17 2019 11:48:52 GMT+0200 (CEST);1568720932000
1380556832687962;35.6;33.1;Tue Sep 17 2019 13:50:45 GMT+0200 (CEST);Tue Sep 17 2019 11:50:45 GMT+0200 (CEST);1568721045000
1380556832687962;35.6;33.5;Tue Sep 17 2019 13:52:38 GMT+0200 (CEST);Tue Sep 17 2019 11:52:38 GMT+0200 (CEST);1568721158000
1380556832687962;33.5;34.1;Tue Sep 17 2019 13:55:20 GMT+0200 (CEST);Tue Sep 17 2019 11:55:20 GMT+0200 (CEST);1568721320000
1380556832687962;33.5;33.7;Tue Sep 17 2019 13:57:13 GMT+0200 (CEST);Tue Sep 17 2019 11:57:13 GMT+0200 (CEST);1568721433000
1380556832687962;34;33.7;Tue Sep 17 2019 13:59:06 GMT+0200 (CEST);Tue Sep 17 2019 11:59:06 GMT+0200 (CEST);1568721546000
1380556832687962;34;34;Tue Sep 17 2019 14:01:00 GMT+0200 (CEST);Tue Sep 17 2019 12:01:00 GMT+0200 (CEST);1568721660000
1380556832687962;35.6;33.8;Tue Sep 17 2019 14:02:58 GMT+0200 (CEST);Tue Sep 17 2019 12:02:58 GMT+0200 (CEST);1568721778000
1380556832687962;35.6;33.8;Tue Sep 17 2019 14:04:51 GMT+0200 (CEST);Tue Sep 17 2019 12:04:51 GMT+0200 (CEST);1568721891000
1380556832687962;35.6;33.4;Tue Sep 17 2019 14:06:44 GMT+0200 (CEST);Tue Sep 17 2019 12:06:44 GMT+0200 (CEST);1568722004000
1380556832687962;35.6;32.4;Tue Sep 17 2019 14:08:49 GMT+0200 (CEST);Tue Sep 17 2019 12:08:49 GMT+0200 (CEST);1568722129000
1380556832687962;35.6;33.7;Tue Sep 17 2019 14:10:43 GMT+0200 (CEST);Tue Sep 17 2019 12:10:43 GMT+0200 (CEST);1568722243000
1380556832687962;35.6;33.4;Tue Sep 17 2019 14:12:36 GMT+0200 (CEST);Tue Sep 17 2019 12:12:36 GMT+0200 (CEST);1568722356000
1380556832687962;35.6;32.5;Tue Sep 17 2019 14:14:29 GMT+0200 (CEST);Tue Sep 17 2019 12:14:29 GMT+0200 (CEST);1568722469000
1380556832687962;35.6;34.2;Tue Sep 17 2019 14:16:22 GMT+0200 (CEST);Tue Sep 17 2019 12:16:22 GMT+0200 (CEST);1568722582000
1380556832687962;35.6;34.2;Tue Sep 17 2019 14:18:22 GMT+0200 (CEST);Tue Sep 17 2019 12:18:22 GMT+0200 (CEST);1568722702000
1380556832687962;35.6;34.2;Tue Sep 17 2019 14:20:15 GMT+0200 (CEST);Tue Sep 17 2019 12:20:15 GMT+0200 (CEST);1568722815000
1380556832687962;35.6;33.1;Tue Sep 17 2019 14:22:08 GMT+0200 (CEST);Tue Sep 17 2019 12:22:08 GMT+0200 (CEST);1568722928000
1380556832687962;35.6;33.1;Tue Sep 17 2019 14:24:10 GMT+0200 (CEST);Tue Sep 17 2019 12:24:10 GMT+0200 (CEST);1568723050000
1380556832687962;35.6;33.3;Tue Sep 17 2019 14:26:03 GMT+0200 (CEST);Tue Sep 17 2019 12:26:03 GMT+0200 (CEST);1568723163000
1380556832687962;35.6;33.2;Tue Sep 17 2019 14:27:55 GMT+0200 (CEST);Tue Sep 17 2019 12:27:55 GMT+0200 (CEST);1568723275000
1380556832687962;35.6;33.8;Tue Sep 17 2019 14:29:48 GMT+0200 (CEST);Tue Sep 17 2019 12:29:48 GMT+0200 (CEST);1568723388000
1380556832687962;35.6;33.4;Tue Sep 17 2019 14:31:47 GMT+0200 (CEST);Tue Sep 17 2019 12:31:47 GMT+0200 (CEST);1568723507000
1380556832687962;35.6;33.4;Tue Sep 17 2019 14:33:39 GMT+0200 (CEST);Tue Sep 17 2019 12:33:39 GMT+0200 (CEST);1568723619000
1380556832687962;35.6;33.3;Tue Sep 17 2019 14:35:33 GMT+0200 (CEST);Tue Sep 17 2019 12:35:33 GMT+0200 (CEST);1568723733000
1380556832687962;35.6;33.1;Tue Sep 17 2019 14:37:26 GMT+0200 (CEST);Tue Sep 17 2019 12:37:26 GMT+0200 (CEST);1568723846000
1380556832687962;35.6;33.1;Tue Sep 17 2019 14:39:19 GMT+0200 (CEST);Tue Sep 17 2019 12:39:19 GMT+0200 (CEST);1568723959000
1380556832687962;35.6;33.2;Tue Sep 17 2019 14:41:12 GMT+0200 (CEST);Tue Sep 17 2019 12:41:12 GMT+0200 (CEST);1568724072000
1380556832687962;35.6;33.3;Tue Sep 17 2019 14:43:05 GMT+0200 (CEST);Tue Sep 17 2019 12:43:05 GMT+0200 (CEST);1568724185000
1380556832687962;35.6;34.1;Tue Sep 17 2019 14:44:57 GMT+0200 (CEST);Tue Sep 17 2019 12:44:57 GMT+0200 (CEST);1568724297000
1380556832687962;35.6;33.3;Tue Sep 17 2019 14:46:50 GMT+0200 (CEST);Tue Sep 17 2019 12:46:50 GMT+0200 (CEST);1568724410000
1380556832687962;35.6;33.9;Tue Sep 17 2019 14:48:43 GMT+0200 (CEST);Tue Sep 17 2019 12:48:43 GMT+0200 (CEST);1568724523000
1380556832687962;35.6;34;Tue Sep 17 2019 14:50:36 GMT+0200 (CEST);Tue Sep 17 2019 12:50:36 GMT+0200 (CEST);1568724636000
1380556832687962;35.6;34.1;Tue Sep 17 2019 14:52:40 GMT+0200 (CEST);Tue Sep 17 2019 12:52:40 GMT+0200 (CEST);1568724760000
1380556832687962;35.6;32.5;Tue Sep 17 2019 14:54:32 GMT+0200 (CEST);Tue Sep 17 2019 12:54:32 GMT+0200 (CEST);1568724872000
1380556832687962;35.6;33.3;Tue Sep 17 2019 14:56:25 GMT+0200 (CEST);Tue Sep 17 2019 12:56:25 GMT+0200 (CEST);1568724985000
1380556832687962;35.6;34.6;Tue Sep 17 2019 14:58:18 GMT+0200 (CEST);Tue Sep 17 2019 12:58:18 GMT+0200 (CEST);1568725098000
1380556832687962;35.6;34.5;Tue Sep 17 2019 15:00:11 GMT+0200 (CEST);Tue Sep 17 2019 13:00:11 GMT+0200 (CEST);1568725211000
1380556832687962;35.6;35;Tue Sep 17 2019 15:02:05 GMT+0200 (CEST);Tue Sep 17 2019 13:02:05 GMT+0200 (CEST);1568725325000
1380556832687962;34;34.6;Tue Sep 17 2019 15:03:58 GMT+0200 (CEST);Tue Sep 17 2019 13:03:58 GMT+0200 (CEST);1568725438000
1380556832687962;34;34;Tue Sep 17 2019 15:05:51 GMT+0200 (CEST);Tue Sep 17 2019 13:05:51 GMT+0200 (CEST);1568725551000
1380556832687962;35.6;34;Tue Sep 17 2019 15:07:46 GMT+0200 (CEST);Tue Sep 17 2019 13:07:46 GMT+0200 (CEST);1568725666000
1380556832687962;35.6;34.1;Tue Sep 17 2019 15:09:39 GMT+0200 (CEST);Tue Sep 17 2019 13:09:39 GMT+0200 (CEST);1568725779000
1380556832687962;35.6;33.5;Tue Sep 17 2019 15:11:32 GMT+0200 (CEST);Tue Sep 17 2019 13:11:32 GMT+0200 (CEST);1568725892000
1380556832687962;35.6;33.4;Tue Sep 17 2019 15:13:25 GMT+0200 (CEST);Tue Sep 17 2019 13:13:25 GMT+0200 (CEST);1568726005000
1380556832687962;35.6;33.4;Tue Sep 17 2019 15:15:19 GMT+0200 (CEST);Tue Sep 17 2019 13:15:19 GMT+0200 (CEST);1568726119000
1380556832687962;35.6;34;Tue Sep 17 2019 15:17:12 GMT+0200 (CEST);Tue Sep 17 2019 13:17:12 GMT+0200 (CEST);1568726232000
1380556832687962;35.6;33.8;Tue Sep 17 2019 15:19:11 GMT+0200 (CEST);Tue Sep 17 2019 13:19:11 GMT+0200 (CEST);1568726351000
1380556832687962;35.6;34.1;Tue Sep 17 2019 15:21:06 GMT+0200 (CEST);Tue Sep 17 2019 13:21:06 GMT+0200 (CEST);1568726466000
1380556832687962;35.6;34.1;Tue Sep 17 2019 15:23:14 GMT+0200 (CEST);Tue Sep 17 2019 13:23:14 GMT+0200 (CEST);1568726594000
1380556832687962;35.6;34.1;Tue Sep 17 2019 15:25:07 GMT+0200 (CEST);Tue Sep 17 2019 13:25:07 GMT+0200 (CEST);1568726707000
1380556832687962;35.6;34.1;Tue Sep 17 2019 15:27:01 GMT+0200 (CEST);Tue Sep 17 2019 13:27:01 GMT+0200 (CEST);1568726821000
1380556832687962;35.6;33.3;Tue Sep 17 2019 15:28:54 GMT+0200 (CEST);Tue Sep 17 2019 13:28:54 GMT+0200 (CEST);1568726934000
1380556832687962;35.6;33.3;Tue Sep 17 2019 15:30:51 GMT+0200 (CEST);Tue Sep 17 2019 13:30:51 GMT+0200 (CEST);1568727051000
1380556832687962;35.6;33.8;Tue Sep 17 2019 15:32:44 GMT+0200 (CEST);Tue Sep 17 2019 13:32:44 GMT+0200 (CEST);1568727164000
1380556832687962;35.6;34.4;Tue Sep 17 2019 15:34:36 GMT+0200 (CEST);Tue Sep 17 2019 13:34:36 GMT+0200 (CEST);1568727276000
1380556832687962;35.6;34.4;Tue Sep 17 2019 15:36:30 GMT+0200 (CEST);Tue Sep 17 2019 13:36:30 GMT+0200 (CEST);1568727390000
1380556832687962;35.6;33.6;Tue Sep 17 2019 15:38:51 GMT+0200 (CEST);Tue Sep 17 2019 13:38:51 GMT+0200 (CEST);1568727531000
1380556832687962;35.6;34.5;Tue Sep 17 2019 15:40:44 GMT+0200 (CEST);Tue Sep 17 2019 13:40:44 GMT+0200 (CEST);1568727644000
1380556832687962;35.6;33.9;Tue Sep 17 2019 15:42:37 GMT+0200 (CEST);Tue Sep 17 2019 13:42:37 GMT+0200 (CEST);1568727757000
1380556832687962;35.6;33.9;Tue Sep 17 2019 15:44:31 GMT+0200 (CEST);Tue Sep 17 2019 13:44:31 GMT+0200 (CEST);1568727871000
1380556832687962;35.6;34.4;Tue Sep 17 2019 15:46:24 GMT+0200 (CEST);Tue Sep 17 2019 13:46:24 GMT+0200 (CEST);1568727984000
1380556832687962;33.5;33.4;Tue Sep 17 2019 15:48:20 GMT+0200 (CEST);Tue Sep 17 2019 13:48:20 GMT+0200 (CEST);1568728100000
1380556832687962;33.5;34;Tue Sep 17 2019 15:50:13 GMT+0200 (CEST);Tue Sep 17 2019 13:50:13 GMT+0200 (CEST);1568728213000
1380556832687962;33.5;33.4;Tue Sep 17 2019 15:52:08 GMT+0200 (CEST);Tue Sep 17 2019 13:52:08 GMT+0200 (CEST);1568728328000
1380556832687962;33.5;33.8;Tue Sep 17 2019 15:54:27 GMT+0200 (CEST);Tue Sep 17 2019 13:54:27 GMT+0200 (CEST);1568728467000
1380556832687962;33.5;33.6;Tue Sep 17 2019 15:56:20 GMT+0200 (CEST);Tue Sep 17 2019 13:56:20 GMT+0200 (CEST);1568728580000
1380556832687962;33.5;33.6;Tue Sep 17 2019 15:58:14 GMT+0200 (CEST);Tue Sep 17 2019 13:58:14 GMT+0200 (CEST);1568728694000
1380556832687962;33.5;34.2;Tue Sep 17 2019 16:00:06 GMT+0200 (CEST);Tue Sep 17 2019 14:00:06 GMT+0200 (CEST);1568728806000
1380556832687962;33.5;34.8;Tue Sep 17 2019 16:02:06 GMT+0200 (CEST);Tue Sep 17 2019 14:02:06 GMT+0200 (CEST);1568728926000
1380556832687962;33.5;34;Tue Sep 17 2019 16:03:58 GMT+0200 (CEST);Tue Sep 17 2019 14:03:58 GMT+0200 (CEST);1568729038000
1380556832687962;33.5;34.7;Tue Sep 17 2019 16:05:51 GMT+0200 (CEST);Tue Sep 17 2019 14:05:51 GMT+0200 (CEST);1568729151000
1380556832687962;33.5;34.4;Tue Sep 17 2019 16:07:44 GMT+0200 (CEST);Tue Sep 17 2019 14:07:44 GMT+0200 (CEST);1568729264000
1380556832687962;33.5;34.2;Tue Sep 17 2019 16:10:06 GMT+0200 (CEST);Tue Sep 17 2019 14:10:06 GMT+0200 (CEST);1568729406000
1380556832687962;33.5;34.2;Tue Sep 17 2019 16:11:59 GMT+0200 (CEST);Tue Sep 17 2019 14:11:59 GMT+0200 (CEST);1568729519000
1380556832687962;33.5;34.9;Tue Sep 17 2019 16:13:53 GMT+0200 (CEST);Tue Sep 17 2019 14:13:53 GMT+0200 (CEST);1568729633000
1380556832687962;33.5;34.5;Tue Sep 17 2019 16:15:45 GMT+0200 (CEST);Tue Sep 17 2019 14:15:45 GMT+0200 (CEST);1568729745000
1380556832687962;33.5;34.8;Tue Sep 17 2019 16:17:38 GMT+0200 (CEST);Tue Sep 17 2019 14:17:38 GMT+0200 (CEST);1568729858000
1380556832687962;33.5;34.3;Tue Sep 17 2019 16:19:32 GMT+0200 (CEST);Tue Sep 17 2019 14:19:32 GMT+0200 (CEST);1568729972000
1380556832687962;33.5;34.1;Tue Sep 17 2019 16:21:25 GMT+0200 (CEST);Tue Sep 17 2019 14:21:25 GMT+0200 (CEST);1568730085000
1380556832687962;33.5;34.1;Tue Sep 17 2019 16:23:29 GMT+0200 (CEST);Tue Sep 17 2019 14:23:29 GMT+0200 (CEST);1568730209000
1380556832687962;33.5;33.7;Tue Sep 17 2019 16:25:26 GMT+0200 (CEST);Tue Sep 17 2019 14:25:26 GMT+0200 (CEST);1568730326000
1380556832687962;33.5;34.1;Tue Sep 17 2019 16:27:19 GMT+0200 (CEST);Tue Sep 17 2019 14:27:19 GMT+0200 (CEST);1568730439000
1380556832687962;33.5;34.1;Tue Sep 17 2019 16:29:11 GMT+0200 (CEST);Tue Sep 17 2019 14:29:11 GMT+0200 (CEST);1568730551000
1380556832687962;33.5;33.8;Tue Sep 17 2019 16:31:04 GMT+0200 (CEST);Tue Sep 17 2019 14:31:04 GMT+0200 (CEST);1568730664000
1380556832687962;33.5;33.9;Tue Sep 17 2019 16:32:57 GMT+0200 (CEST);Tue Sep 17 2019 14:32:57 GMT+0200 (CEST);1568730777000
1380556832687962;32;33.7;Tue Sep 17 2019 16:34:49 GMT+0200 (CEST);Tue Sep 17 2019 14:34:49 GMT+0200 (CEST);1568730889000
1380556832687962;32;33.6;Tue Sep 17 2019 16:38:45 GMT+0200 (CEST);Tue Sep 17 2019 14:38:45 GMT+0200 (CEST);1568731125000
1380556832687962;32;34.2;Tue Sep 17 2019 16:40:50 GMT+0200 (CEST);Tue Sep 17 2019 14:40:50 GMT+0200 (CEST);1568731250000
1380556832687962;32;34.4;Tue Sep 17 2019 16:42:45 GMT+0200 (CEST);Tue Sep 17 2019 14:42:45 GMT+0200 (CEST);1568731365000
1380556832687962;30;34.1;Tue Sep 17 2019 16:44:38 GMT+0200 (CEST);Tue Sep 17 2019 14:44:38 GMT+0200 (CEST);1568731478000
1380556832687962;30;34.1;Tue Sep 17 2019 16:46:31 GMT+0200 (CEST);Tue Sep 17 2019 14:46:31 GMT+0200 (CEST);1568731591000
1380556832687962;30;33.7;Tue Sep 17 2019 16:48:31 GMT+0200 (CEST);Tue Sep 17 2019 14:48:31 GMT+0200 (CEST);1568731711000
1380556832687962;30;34;Tue Sep 17 2019 16:50:24 GMT+0200 (CEST);Tue Sep 17 2019 14:50:24 GMT+0200 (CEST);1568731824000
1380556832687962;30;34.2;Tue Sep 17 2019 16:52:17 GMT+0200 (CEST);Tue Sep 17 2019 14:52:17 GMT+0200 (CEST);1568731937000
1380556832687962;29.5;34.5;Tue Sep 17 2019 16:54:09 GMT+0200 (CEST);Tue Sep 17 2019 14:54:09 GMT+0200 (CEST);1568732049000
1380556832687962;29.5;34.5;Tue Sep 17 2019 16:56:13 GMT+0200 (CEST);Tue Sep 17 2019 14:56:13 GMT+0200 (CEST);1568732173000
1380556832687962;29.5;34;Tue Sep 17 2019 16:58:06 GMT+0200 (CEST);Tue Sep 17 2019 14:58:06 GMT+0200 (CEST);1568732286000
1380556832687962;29.5;34.4;Tue Sep 17 2019 16:59:59 GMT+0200 (CEST);Tue Sep 17 2019 14:59:59 GMT+0200 (CEST);1568732399000
1380556832687962;29.5;34.2;Tue Sep 17 2019 17:01:52 GMT+0200 (CEST);Tue Sep 17 2019 15:01:52 GMT+0200 (CEST);1568732512000
1380556832687962;29.5;34.2;Tue Sep 17 2019 17:04:03 GMT+0200 (CEST);Tue Sep 17 2019 15:04:03 GMT+0200 (CEST);1568732643000
1380556832687962;29.5;34;Tue Sep 17 2019 17:06:00 GMT+0200 (CEST);Tue Sep 17 2019 15:06:00 GMT+0200 (CEST);1568732760000
1380556832687962;29.5;34;Tue Sep 17 2019 17:07:53 GMT+0200 (CEST);Tue Sep 17 2019 15:07:53 GMT+0200 (CEST);1568732873000
1380556832687962;29.5;34.3;Tue Sep 17 2019 17:09:46 GMT+0200 (CEST);Tue Sep 17 2019 15:09:46 GMT+0200 (CEST);1568732986000
1380556832687962;29.5;33.7;Tue Sep 17 2019 17:11:40 GMT+0200 (CEST);Tue Sep 17 2019 15:11:40 GMT+0200 (CEST);1568733100000
1380556832687962;29.5;34;Tue Sep 17 2019 17:13:35 GMT+0200 (CEST);Tue Sep 17 2019 15:13:35 GMT+0200 (CEST);1568733215000
1380556832687962;29.5;33.7;Tue Sep 17 2019 17:15:27 GMT+0200 (CEST);Tue Sep 17 2019 15:15:27 GMT+0200 (CEST);1568733327000
1380556832687962;29.5;34;Tue Sep 17 2019 17:17:20 GMT+0200 (CEST);Tue Sep 17 2019 15:17:20 GMT+0200 (CEST);1568733440000
1380556832687962;29.5;34.2;Tue Sep 17 2019 17:19:35 GMT+0200 (CEST);Tue Sep 17 2019 15:19:35 GMT+0200 (CEST);1568733575000
1380556832687962;29.5;34.2;Tue Sep 17 2019 17:21:27 GMT+0200 (CEST);Tue Sep 17 2019 15:21:27 GMT+0200 (CEST);1568733687000
1380556832687962;29.5;34.4;Tue Sep 17 2019 17:23:21 GMT+0200 (CEST);Tue Sep 17 2019 15:23:21 GMT+0200 (CEST);1568733801000
1380556832687962;29.5;34.3;Tue Sep 17 2019 17:25:14 GMT+0200 (CEST);Tue Sep 17 2019 15:25:14 GMT+0200 (CEST);1568733914000
1380556832687962;28;34.3;Tue Sep 17 2019 17:27:07 GMT+0200 (CEST);Tue Sep 17 2019 15:27:07 GMT+0200 (CEST);1568734027000
1380556832687962;28;34.4;Tue Sep 17 2019 17:29:00 GMT+0200 (CEST);Tue Sep 17 2019 15:29:00 GMT+0200 (CEST);1568734140000
1380556832687962;28;34;Tue Sep 17 2019 17:30:53 GMT+0200 (CEST);Tue Sep 17 2019 15:30:53 GMT+0200 (CEST);1568734253000
1380556832687962;28;33.8;Tue Sep 17 2019 17:32:49 GMT+0200 (CEST);Tue Sep 17 2019 15:32:49 GMT+0200 (CEST);1568734369000
1380556832687962;28;33.5;Tue Sep 17 2019 17:35:18 GMT+0200 (CEST);Tue Sep 17 2019 15:35:18 GMT+0200 (CEST);1568734518000
1380556832687962;28;33.8;Tue Sep 17 2019 17:37:14 GMT+0200 (CEST);Tue Sep 17 2019 15:37:14 GMT+0200 (CEST);1568734634000
1380556832687962;28;33.8;Tue Sep 17 2019 17:39:07 GMT+0200 (CEST);Tue Sep 17 2019 15:39:07 GMT+0200 (CEST);1568734747000
1380556832687962;28;34.1;Tue Sep 17 2019 17:40:59 GMT+0200 (CEST);Tue Sep 17 2019 15:40:59 GMT+0200 (CEST);1568734859000
1380556832687962;27.5;34;Tue Sep 17 2019 17:42:52 GMT+0200 (CEST);Tue Sep 17 2019 15:42:52 GMT+0200 (CEST);1568734972000
1380556832687962;27.5;34.4;Tue Sep 17 2019 17:44:45 GMT+0200 (CEST);Tue Sep 17 2019 15:44:45 GMT+0200 (CEST);1568735085000
1380556832687962;27.5;34.4;Tue Sep 17 2019 17:46:38 GMT+0200 (CEST);Tue Sep 17 2019 15:46:38 GMT+0200 (CEST);1568735198000
1380556832687962;27.5;34.4;Tue Sep 17 2019 17:48:36 GMT+0200 (CEST);Tue Sep 17 2019 15:48:36 GMT+0200 (CEST);1568735316000
1380556832687962;27.5;34.1;Tue Sep 17 2019 17:50:48 GMT+0200 (CEST);Tue Sep 17 2019 15:50:48 GMT+0200 (CEST);1568735448000
1380556832687962;27.5;34.2;Tue Sep 17 2019 17:52:40 GMT+0200 (CEST);Tue Sep 17 2019 15:52:40 GMT+0200 (CEST);1568735560000
1380556832687962;27.5;34;Tue Sep 17 2019 17:54:33 GMT+0200 (CEST);Tue Sep 17 2019 15:54:33 GMT+0200 (CEST);1568735673000
1380556832687962;27.5;34;Tue Sep 17 2019 17:56:25 GMT+0200 (CEST);Tue Sep 17 2019 15:56:25 GMT+0200 (CEST);1568735785000
1380556832687962;27.5;33.4;Tue Sep 17 2019 17:58:24 GMT+0200 (CEST);Tue Sep 17 2019 15:58:24 GMT+0200 (CEST);1568735904000
1380556832687962;27.5;33.8;Tue Sep 17 2019 18:00:17 GMT+0200 (CEST);Tue Sep 17 2019 16:00:17 GMT+0200 (CEST);1568736017000
1380556832687962;26;33.8;Tue Sep 17 2019 18:02:11 GMT+0200 (CEST);Tue Sep 17 2019 16:02:11 GMT+0200 (CEST);1568736131000
1380556832687962;26;34.1;Tue Sep 17 2019 18:04:08 GMT+0200 (CEST);Tue Sep 17 2019 16:04:08 GMT+0200 (CEST);1568736248000
1380556832687962;25.5;33.4;Tue Sep 17 2019 18:06:22 GMT+0200 (CEST);Tue Sep 17 2019 16:06:22 GMT+0200 (CEST);1568736382000
1380556832687962;25.5;33.3;Tue Sep 17 2019 18:08:14 GMT+0200 (CEST);Tue Sep 17 2019 16:08:14 GMT+0200 (CEST);1568736494000
1380556832687962;25.5;33.1;Tue Sep 17 2019 18:10:07 GMT+0200 (CEST);Tue Sep 17 2019 16:10:07 GMT+0200 (CEST);1568736607000
1380556832687962;25.5;33.3;Tue Sep 17 2019 18:11:59 GMT+0200 (CEST);Tue Sep 17 2019 16:11:59 GMT+0200 (CEST);1568736719000
1380556832687962;25.5;33.2;Tue Sep 17 2019 18:13:54 GMT+0200 (CEST);Tue Sep 17 2019 16:13:54 GMT+0200 (CEST);1568736834000
1380556832687962;25.5;33.9;Tue Sep 17 2019 18:15:47 GMT+0200 (CEST);Tue Sep 17 2019 16:15:47 GMT+0200 (CEST);1568736947000
1380556832687962;25.5;34;Tue Sep 17 2019 18:17:40 GMT+0200 (CEST);Tue Sep 17 2019 16:17:40 GMT+0200 (CEST);1568737060000
1380556832687962;25.5;33.8;Tue Sep 17 2019 18:19:32 GMT+0200 (CEST);Tue Sep 17 2019 16:19:32 GMT+0200 (CEST);1568737172000
1380556832687962;25.5;34;Tue Sep 17 2019 18:22:06 GMT+0200 (CEST);Tue Sep 17 2019 16:22:06 GMT+0200 (CEST);1568737326000
1380556832687962;25.5;33.8;Tue Sep 17 2019 18:24:03 GMT+0200 (CEST);Tue Sep 17 2019 16:24:03 GMT+0200 (CEST);1568737443000
1380556832687962;23;33.7;Tue Sep 17 2019 18:25:55 GMT+0200 (CEST);Tue Sep 17 2019 16:25:55 GMT+0200 (CEST);1568737555000
1380556832687962;23;33.8;Tue Sep 17 2019 18:27:48 GMT+0200 (CEST);Tue Sep 17 2019 16:27:48 GMT+0200 (CEST);1568737668000
1380556832687962;23;33.8;Tue Sep 17 2019 18:29:41 GMT+0200 (CEST);Tue Sep 17 2019 16:29:41 GMT+0200 (CEST);1568737781000
1380556832687962;23;33.6;Tue Sep 17 2019 18:31:35 GMT+0200 (CEST);Tue Sep 17 2019 16:31:35 GMT+0200 (CEST);1568737895000
1380556832687962;23;33.3;Tue Sep 17 2019 18:33:28 GMT+0200 (CEST);Tue Sep 17 2019 16:33:28 GMT+0200 (CEST);1568738008000
1380556832687962;23;31.5;Tue Sep 17 2019 18:35:20 GMT+0200 (CEST);Tue Sep 17 2019 16:35:20 GMT+0200 (CEST);1568738120000
1380556832687962;23;29.9;Tue Sep 17 2019 18:37:24 GMT+0200 (CEST);Tue Sep 17 2019 16:37:24 GMT+0200 (CEST);1568738244000
1380556832687962;23;29.7;Tue Sep 17 2019 18:39:19 GMT+0200 (CEST);Tue Sep 17 2019 16:39:19 GMT+0200 (CEST);1568738359000
1380556832687962;23;31;Tue Sep 17 2019 18:41:12 GMT+0200 (CEST);Tue Sep 17 2019 16:41:12 GMT+0200 (CEST);1568738472000
1380556832687962;23;31.6;Tue Sep 17 2019 18:43:05 GMT+0200 (CEST);Tue Sep 17 2019 16:43:05 GMT+0200 (CEST);1568738585000
1380556832687962;23;31.4;Tue Sep 17 2019 18:45:13 GMT+0200 (CEST);Tue Sep 17 2019 16:45:13 GMT+0200 (CEST);1568738713000
1380556832687962;23;31.3;Tue Sep 17 2019 18:47:08 GMT+0200 (CEST);Tue Sep 17 2019 16:47:08 GMT+0200 (CEST);1568738828000
1380556832687962;23;31.4;Tue Sep 17 2019 18:49:01 GMT+0200 (CEST);Tue Sep 17 2019 16:49:01 GMT+0200 (CEST);1568738941000
1380556832687962;22;31.4;Tue Sep 17 2019 18:50:54 GMT+0200 (CEST);Tue Sep 17 2019 16:50:54 GMT+0200 (CEST);1568739054000
1380556832687962;22;31.8;Tue Sep 17 2019 18:52:57 GMT+0200 (CEST);Tue Sep 17 2019 16:52:57 GMT+0200 (CEST);1568739177000
1380556832687962;22;31.4;Tue Sep 17 2019 18:54:51 GMT+0200 (CEST);Tue Sep 17 2019 16:54:51 GMT+0200 (CEST);1568739291000
1380556832687962;22;31.2;Tue Sep 17 2019 18:56:46 GMT+0200 (CEST);Tue Sep 17 2019 16:56:46 GMT+0200 (CEST);1568739406000
1380556832687962;22;31.2;Tue Sep 17 2019 18:58:39 GMT+0200 (CEST);Tue Sep 17 2019 16:58:39 GMT+0200 (CEST);1568739519000
1380556832687962;21.5;31.2;Tue Sep 17 2019 19:00:35 GMT+0200 (CEST);Tue Sep 17 2019 17:00:35 GMT+0200 (CEST);1568739635000
1380556832687962;21.5;31.1;Tue Sep 17 2019 19:02:27 GMT+0200 (CEST);Tue Sep 17 2019 17:02:27 GMT+0200 (CEST);1568739747000
1380556832687962;21.5;31.1;Tue Sep 17 2019 19:04:20 GMT+0200 (CEST);Tue Sep 17 2019 17:04:20 GMT+0200 (CEST);1568739860000
1380556832687962;21.5;30.6;Tue Sep 17 2019 19:06:20 GMT+0200 (CEST);Tue Sep 17 2019 17:06:20 GMT+0200 (CEST);1568739980000
1380556832687962;21.5;29.1;Tue Sep 17 2019 19:08:16 GMT+0200 (CEST);Tue Sep 17 2019 17:08:16 GMT+0200 (CEST);1568740096000
1380556832687962;21.5;30.1;Tue Sep 17 2019 19:10:09 GMT+0200 (CEST);Tue Sep 17 2019 17:10:09 GMT+0200 (CEST);1568740209000
1380556832687962;21.5;30.7;Tue Sep 17 2019 19:12:02 GMT+0200 (CEST);Tue Sep 17 2019 17:12:02 GMT+0200 (CEST);1568740322000
1380556832687962;21.5;32.9;Tue Sep 17 2019 19:15:46 GMT+0200 (CEST);Tue Sep 17 2019 17:15:46 GMT+0200 (CEST);1568740546000
1380556832687962;21.5;32.9;Tue Sep 17 2019 19:17:39 GMT+0200 (CEST);Tue Sep 17 2019 17:17:39 GMT+0200 (CEST);1568740659000
1380556832687962;21.5;32.1;Tue Sep 17 2019 19:19:33 GMT+0200 (CEST);Tue Sep 17 2019 17:19:33 GMT+0200 (CEST);1568740773000
1380556832687962;21.5;32.1;Tue Sep 17 2019 19:21:28 GMT+0200 (CEST);Tue Sep 17 2019 17:21:28 GMT+0200 (CEST);1568740888000
1380556832687962;21.5;30.2;Tue Sep 17 2019 19:23:21 GMT+0200 (CEST);Tue Sep 17 2019 17:23:21 GMT+0200 (CEST);1568741001000
1380556832687962;19.9;30.2;Tue Sep 17 2019 19:25:13 GMT+0200 (CEST);Tue Sep 17 2019 17:25:13 GMT+0200 (CEST);1568741113000
1380556832687962;19.9;30.2;Tue Sep 17 2019 19:27:06 GMT+0200 (CEST);Tue Sep 17 2019 17:27:06 GMT+0200 (CEST);1568741226000
1380556832687962;19.9;30.2;Tue Sep 17 2019 19:28:59 GMT+0200 (CEST);Tue Sep 17 2019 17:28:59 GMT+0200 (CEST);1568741339000
1380556832687962;5.8;34.7;Wed Sep 18 2019 07:07:42 GMT+0200 (CEST);Wed Sep 18 2019 05:07:42 GMT+0200 (CEST);1568783262000
1380556832687962;5.8;30.3;Wed Sep 18 2019 07:09:43 GMT+0200 (CEST);Wed Sep 18 2019 05:09:43 GMT+0200 (CEST);1568783383000
1380556832687962;5.8;31.8;Wed Sep 18 2019 07:11:37 GMT+0200 (CEST);Wed Sep 18 2019 05:11:37 GMT+0200 (CEST);1568783497000
1380556832687962;9.4;31.9;Wed Sep 18 2019 07:13:38 GMT+0200 (CEST);Wed Sep 18 2019 05:13:38 GMT+0200 (CEST);1568783618000
1380556832687962;9.4;31.2;Wed Sep 18 2019 07:15:42 GMT+0200 (CEST);Wed Sep 18 2019 05:15:42 GMT+0200 (CEST);1568783742000
1380556832687962;9.4;31.2;Wed Sep 18 2019 07:17:35 GMT+0200 (CEST);Wed Sep 18 2019 05:17:35 GMT+0200 (CEST);1568783855000
1380556832687962;9.4;32.4;Wed Sep 18 2019 07:19:33 GMT+0200 (CEST);Wed Sep 18 2019 05:19:33 GMT+0200 (CEST);1568783973000
1380556832687962;9.4;31.8;Wed Sep 18 2019 07:21:30 GMT+0200 (CEST);Wed Sep 18 2019 05:21:30 GMT+0200 (CEST);1568784090000
1380556832687962;9.9;31.8;Wed Sep 18 2019 07:23:25 GMT+0200 (CEST);Wed Sep 18 2019 05:23:25 GMT+0200 (CEST);1568784205000
1380556832687962;9.9;30.7;Wed Sep 18 2019 07:25:19 GMT+0200 (CEST);Wed Sep 18 2019 05:25:19 GMT+0200 (CEST);1568784319000
1380556832687962;9.9;30.9;Wed Sep 18 2019 07:27:13 GMT+0200 (CEST);Wed Sep 18 2019 05:27:13 GMT+0200 (CEST);1568784433000
1380556832687962;9.9;31.1;Wed Sep 18 2019 07:29:17 GMT+0200 (CEST);Wed Sep 18 2019 05:29:17 GMT+0200 (CEST);1568784557000
1380556832687962;9.9;31.3;Wed Sep 18 2019 07:31:17 GMT+0200 (CEST);Wed Sep 18 2019 05:31:17 GMT+0200 (CEST);1568784677000
1380556832687962;9.9;31.5;Wed Sep 18 2019 07:33:10 GMT+0200 (CEST);Wed Sep 18 2019 05:33:10 GMT+0200 (CEST);1568784790000
1380556832687962;9.9;31.6;Wed Sep 18 2019 07:35:08 GMT+0200 (CEST);Wed Sep 18 2019 05:35:08 GMT+0200 (CEST);1568784908000
1380556832687962;9.9;32;Wed Sep 18 2019 07:37:07 GMT+0200 (CEST);Wed Sep 18 2019 05:37:07 GMT+0200 (CEST);1568785027000
1380556832687962;9.9;32.1;Wed Sep 18 2019 07:39:02 GMT+0200 (CEST);Wed Sep 18 2019 05:39:02 GMT+0200 (CEST);1568785142000
1380556832687962;9.9;32.4;Wed Sep 18 2019 07:40:55 GMT+0200 (CEST);Wed Sep 18 2019 05:40:55 GMT+0200 (CEST);1568785255000
1380556832687962;9.9;32.7;Wed Sep 18 2019 07:42:48 GMT+0200 (CEST);Wed Sep 18 2019 05:42:48 GMT+0200 (CEST);1568785368000
1380556832687962;9.9;33.1;Wed Sep 18 2019 07:44:57 GMT+0200 (CEST);Wed Sep 18 2019 05:44:57 GMT+0200 (CEST);1568785497000
1380556832687962;11.4;34.7;Wed Sep 18 2019 07:46:50 GMT+0200 (CEST);Wed Sep 18 2019 05:46:50 GMT+0200 (CEST);1568785610000
1380556832687962;11.4;34.7;Wed Sep 18 2019 07:48:44 GMT+0200 (CEST);Wed Sep 18 2019 05:48:44 GMT+0200 (CEST);1568785724000
1380556832687962;11.4;34.9;Wed Sep 18 2019 07:50:36 GMT+0200 (CEST);Wed Sep 18 2019 05:50:36 GMT+0200 (CEST);1568785836000
1380556832687962;11.9;35.1;Wed Sep 18 2019 07:53:07 GMT+0200 (CEST);Wed Sep 18 2019 05:53:07 GMT+0200 (CEST);1568785987000
1380556832687962;11.9;35.1;Wed Sep 18 2019 07:55:02 GMT+0200 (CEST);Wed Sep 18 2019 05:55:02 GMT+0200 (CEST);1568786102000
1380556832687962;13.4;35.1;Wed Sep 18 2019 07:56:55 GMT+0200 (CEST);Wed Sep 18 2019 05:56:55 GMT+0200 (CEST);1568786215000
1380556832687962;13.4;35.4;Wed Sep 18 2019 07:58:42 GMT+0200 (CEST);Wed Sep 18 2019 05:58:42 GMT+0200 (CEST);1568786322000
1380556832687962;13.4;35.4;Wed Sep 18 2019 08:00:37 GMT+0200 (CEST);Wed Sep 18 2019 06:00:37 GMT+0200 (CEST);1568786437000
1380556832687962;13.4;35.7;Wed Sep 18 2019 08:02:29 GMT+0200 (CEST);Wed Sep 18 2019 06:02:29 GMT+0200 (CEST);1568786549000
1380556832687962;13.4;36.6;Wed Sep 18 2019 08:04:22 GMT+0200 (CEST);Wed Sep 18 2019 06:04:22 GMT+0200 (CEST);1568786662000
1380556832687962;13.9;39.5;Wed Sep 18 2019 08:06:15 GMT+0200 (CEST);Wed Sep 18 2019 06:06:15 GMT+0200 (CEST);1568786775000
1380556832687962;13.9;40.4;Wed Sep 18 2019 08:08:17 GMT+0200 (CEST);Wed Sep 18 2019 06:08:17 GMT+0200 (CEST);1568786897000
1380556832687962;13.9;40.4;Wed Sep 18 2019 08:10:12 GMT+0200 (CEST);Wed Sep 18 2019 06:10:12 GMT+0200 (CEST);1568787012000
1380556832687962;13.9;40.4;Wed Sep 18 2019 08:12:06 GMT+0200 (CEST);Wed Sep 18 2019 06:12:06 GMT+0200 (CEST);1568787126000
1380556832687962;13.9;40.4;Wed Sep 18 2019 08:13:59 GMT+0200 (CEST);Wed Sep 18 2019 06:13:59 GMT+0200 (CEST);1568787239000
1380556832687962;19.4;40.4;Wed Sep 18 2019 08:16:03 GMT+0200 (CEST);Wed Sep 18 2019 06:16:03 GMT+0200 (CEST);1568787363000
1380556832687962;19.4;40.4;Wed Sep 18 2019 08:17:56 GMT+0200 (CEST);Wed Sep 18 2019 06:17:56 GMT+0200 (CEST);1568787476000
1380556832687962;19.9;40.4;Wed Sep 18 2019 08:20:01 GMT+0200 (CEST);Wed Sep 18 2019 06:20:01 GMT+0200 (CEST);1568787601000
1380556832687962;19.9;40.4;Wed Sep 18 2019 08:22:01 GMT+0200 (CEST);Wed Sep 18 2019 06:22:01 GMT+0200 (CEST);1568787721000
1380556832687962;19.9;40.4;Wed Sep 18 2019 08:24:04 GMT+0200 (CEST);Wed Sep 18 2019 06:24:04 GMT+0200 (CEST);1568787844000
1380556832687962;21.5;40.4;Wed Sep 18 2019 08:25:56 GMT+0200 (CEST);Wed Sep 18 2019 06:25:56 GMT+0200 (CEST);1568787956000
1380556832687962;21.5;40.4;Wed Sep 18 2019 08:27:49 GMT+0200 (CEST);Wed Sep 18 2019 06:27:49 GMT+0200 (CEST);1568788069000
1380556832687962;22;40.4;Wed Sep 18 2019 08:29:43 GMT+0200 (CEST);Wed Sep 18 2019 06:29:43 GMT+0200 (CEST);1568788183000
1380556832687962;22;40.4;Wed Sep 18 2019 08:31:36 GMT+0200 (CEST);Wed Sep 18 2019 06:31:36 GMT+0200 (CEST);1568788296000
1380556832687962;22;39.8;Wed Sep 18 2019 08:33:29 GMT+0200 (CEST);Wed Sep 18 2019 06:33:29 GMT+0200 (CEST);1568788409000
1380556832687962;22;39.1;Wed Sep 18 2019 08:35:22 GMT+0200 (CEST);Wed Sep 18 2019 06:35:22 GMT+0200 (CEST);1568788522000
1380556832687962;22;39.1;Wed Sep 18 2019 08:37:17 GMT+0200 (CEST);Wed Sep 18 2019 06:37:17 GMT+0200 (CEST);1568788637000
1380556832687962;22;39.1;Wed Sep 18 2019 08:39:33 GMT+0200 (CEST);Wed Sep 18 2019 06:39:33 GMT+0200 (CEST);1568788773000
1380556832687962;-273.2;38;Wed Sep 18 2019 08:41:26 GMT+0200 (CEST);Wed Sep 18 2019 06:41:26 GMT+0200 (CEST);1568788886000
1380556832687962;23;38.6;Wed Sep 18 2019 08:43:20 GMT+0200 (CEST);Wed Sep 18 2019 06:43:20 GMT+0200 (CEST);1568789000000
1380556832687962;23;38.2;Wed Sep 18 2019 08:45:16 GMT+0200 (CEST);Wed Sep 18 2019 06:45:16 GMT+0200 (CEST);1568789116000
1380556832687962;23;37.7;Wed Sep 18 2019 08:47:19 GMT+0200 (CEST);Wed Sep 18 2019 06:47:19 GMT+0200 (CEST);1568789239000
1380556832687962;23;37.4;Wed Sep 18 2019 08:49:13 GMT+0200 (CEST);Wed Sep 18 2019 06:49:13 GMT+0200 (CEST);1568789353000
1380556832687962;23;37.2;Wed Sep 18 2019 08:51:06 GMT+0200 (CEST);Wed Sep 18 2019 06:51:06 GMT+0200 (CEST);1568789466000
1380556832687962;23;36.9;Wed Sep 18 2019 08:52:59 GMT+0200 (CEST);Wed Sep 18 2019 06:52:59 GMT+0200 (CEST);1568789579000
1380556832687962;23;36.6;Wed Sep 18 2019 08:55:13 GMT+0200 (CEST);Wed Sep 18 2019 06:55:13 GMT+0200 (CEST);1568789713000
1380556832687962;23;36.5;Wed Sep 18 2019 08:57:06 GMT+0200 (CEST);Wed Sep 18 2019 06:57:06 GMT+0200 (CEST);1568789826000
1380556832687962;23;36.5;Wed Sep 18 2019 08:59:00 GMT+0200 (CEST);Wed Sep 18 2019 06:59:00 GMT+0200 (CEST);1568789940000
1380556832687962;23;36.5;Wed Sep 18 2019 09:00:53 GMT+0200 (CEST);Wed Sep 18 2019 07:00:53 GMT+0200 (CEST);1568790053000
1380556832687962;25.5;36.5;Wed Sep 18 2019 09:02:47 GMT+0200 (CEST);Wed Sep 18 2019 07:02:47 GMT+0200 (CEST);1568790167000
1380556832687962;25.5;36.7;Wed Sep 18 2019 09:04:39 GMT+0200 (CEST);Wed Sep 18 2019 07:04:39 GMT+0200 (CEST);1568790279000
1380556832687962;25.5;36.7;Wed Sep 18 2019 09:06:32 GMT+0200 (CEST);Wed Sep 18 2019 07:06:32 GMT+0200 (CEST);1568790392000
1380556832687962;25.5;35.1;Wed Sep 18 2019 09:08:27 GMT+0200 (CEST);Wed Sep 18 2019 07:08:27 GMT+0200 (CEST);1568790507000
1380556832687962;25.5;35.7;Wed Sep 18 2019 09:10:20 GMT+0200 (CEST);Wed Sep 18 2019 07:10:20 GMT+0200 (CEST);1568790620000
1380556832687962;25.5;35.6;Wed Sep 18 2019 09:12:12 GMT+0200 (CEST);Wed Sep 18 2019 07:12:12 GMT+0200 (CEST);1568790732000
1380556832687962;25.5;35.8;Wed Sep 18 2019 09:14:05 GMT+0200 (CEST);Wed Sep 18 2019 07:14:05 GMT+0200 (CEST);1568790845000
1380556832687962;25.5;35.7;Wed Sep 18 2019 09:15:58 GMT+0200 (CEST);Wed Sep 18 2019 07:15:58 GMT+0200 (CEST);1568790958000
1380556832687962;26;35.9;Wed Sep 18 2019 09:17:54 GMT+0200 (CEST);Wed Sep 18 2019 07:17:54 GMT+0200 (CEST);1568791074000
1380556832687962;26;35.8;Wed Sep 18 2019 09:19:47 GMT+0200 (CEST);Wed Sep 18 2019 07:19:47 GMT+0200 (CEST);1568791187000
1380556832687962;26;35.7;Wed Sep 18 2019 09:22:07 GMT+0200 (CEST);Wed Sep 18 2019 07:22:07 GMT+0200 (CEST);1568791327000
1380556832687962;26;35.8;Wed Sep 18 2019 09:24:01 GMT+0200 (CEST);Wed Sep 18 2019 07:24:01 GMT+0200 (CEST);1568791441000
1380556832687962;26;35.9;Wed Sep 18 2019 09:25:53 GMT+0200 (CEST);Wed Sep 18 2019 07:25:53 GMT+0200 (CEST);1568791553000
1380556832687962;26;35.7;Wed Sep 18 2019 09:27:46 GMT+0200 (CEST);Wed Sep 18 2019 07:27:46 GMT+0200 (CEST);1568791666000
1380556832687962;26;35.4;Wed Sep 18 2019 09:29:40 GMT+0200 (CEST);Wed Sep 18 2019 07:29:40 GMT+0200 (CEST);1568791780000
1380556832687962;27;35.4;Wed Sep 18 2019 09:31:33 GMT+0200 (CEST);Wed Sep 18 2019 07:31:33 GMT+0200 (CEST);1568791893000
1380556832687962;27;35.6;Wed Sep 18 2019 09:33:28 GMT+0200 (CEST);Wed Sep 18 2019 07:33:28 GMT+0200 (CEST);1568792008000
1380556832687962;27;35.5;Wed Sep 18 2019 09:35:28 GMT+0200 (CEST);Wed Sep 18 2019 07:35:28 GMT+0200 (CEST);1568792128000
1380556832687962;28;35.4;Wed Sep 18 2019 09:37:57 GMT+0200 (CEST);Wed Sep 18 2019 07:37:57 GMT+0200 (CEST);1568792277000
1380556832687962;28;35.4;Wed Sep 18 2019 09:39:50 GMT+0200 (CEST);Wed Sep 18 2019 07:39:50 GMT+0200 (CEST);1568792390000
1380556832687962;28;35.2;Wed Sep 18 2019 09:41:42 GMT+0200 (CEST);Wed Sep 18 2019 07:41:42 GMT+0200 (CEST);1568792502000
1380556832687962;28;35.4;Wed Sep 18 2019 09:43:35 GMT+0200 (CEST);Wed Sep 18 2019 07:43:35 GMT+0200 (CEST);1568792615000
1380556832687962;29.5;35.4;Wed Sep 18 2019 09:45:27 GMT+0200 (CEST);Wed Sep 18 2019 07:45:27 GMT+0200 (CEST);1568792727000
1380556832687962;29.5;35.2;Wed Sep 18 2019 09:47:20 GMT+0200 (CEST);Wed Sep 18 2019 07:47:20 GMT+0200 (CEST);1568792840000
1380556832687962;29.5;35;Wed Sep 18 2019 09:49:13 GMT+0200 (CEST);Wed Sep 18 2019 07:49:13 GMT+0200 (CEST);1568792953000
1380556832687962;29.5;34.8;Wed Sep 18 2019 09:51:11 GMT+0200 (CEST);Wed Sep 18 2019 07:51:11 GMT+0200 (CEST);1568793071000
1380556832687962;29.5;34.7;Wed Sep 18 2019 09:53:05 GMT+0200 (CEST);Wed Sep 18 2019 07:53:05 GMT+0200 (CEST);1568793185000
1380556832687962;29.5;34.8;Wed Sep 18 2019 09:54:59 GMT+0200 (CEST);Wed Sep 18 2019 07:54:59 GMT+0200 (CEST);1568793299000
1380556832687962;29.5;34.8;Wed Sep 18 2019 09:56:52 GMT+0200 (CEST);Wed Sep 18 2019 07:56:52 GMT+0200 (CEST);1568793412000
1380556832687962;29.5;35;Wed Sep 18 2019 09:58:45 GMT+0200 (CEST);Wed Sep 18 2019 07:58:45 GMT+0200 (CEST);1568793525000
1380556832687962;30;34.6;Wed Sep 18 2019 10:00:37 GMT+0200 (CEST);Wed Sep 18 2019 08:00:37 GMT+0200 (CEST);1568793637000
1380556832687962;30;34.6;Wed Sep 18 2019 10:02:33 GMT+0200 (CEST);Wed Sep 18 2019 08:02:33 GMT+0200 (CEST);1568793753000
1380556832687962;30;34.6;Wed Sep 18 2019 10:04:31 GMT+0200 (CEST);Wed Sep 18 2019 08:04:31 GMT+0200 (CEST);1568793871000
1380556832687962;30;34.7;Wed Sep 18 2019 10:06:27 GMT+0200 (CEST);Wed Sep 18 2019 08:06:27 GMT+0200 (CEST);1568793987000
1380556832687962;30;34.7;Wed Sep 18 2019 10:08:27 GMT+0200 (CEST);Wed Sep 18 2019 08:08:27 GMT+0200 (CEST);1568794107000
1380556832687962;30;34.7;Wed Sep 18 2019 10:10:21 GMT+0200 (CEST);Wed Sep 18 2019 08:10:21 GMT+0200 (CEST);1568794221000
1380556832687962;30;34.7;Wed Sep 18 2019 10:12:21 GMT+0200 (CEST);Wed Sep 18 2019 08:12:21 GMT+0200 (CEST);1568794341000
1380556832687962;30;34.7;Wed Sep 18 2019 10:14:15 GMT+0200 (CEST);Wed Sep 18 2019 08:14:15 GMT+0200 (CEST);1568794455000
1380556832687962;33.5;34.5;Wed Sep 18 2019 10:16:08 GMT+0200 (CEST);Wed Sep 18 2019 08:16:08 GMT+0200 (CEST);1568794568000
1380556832687962;33.5;34.5;Wed Sep 18 2019 10:18:01 GMT+0200 (CEST);Wed Sep 18 2019 08:18:01 GMT+0200 (CEST);1568794681000
1380556832687962;33.5;34.7;Wed Sep 18 2019 10:20:16 GMT+0200 (CEST);Wed Sep 18 2019 08:20:16 GMT+0200 (CEST);1568794816000
1380556832687962;33.5;34.7;Wed Sep 18 2019 10:22:09 GMT+0200 (CEST);Wed Sep 18 2019 08:22:09 GMT+0200 (CEST);1568794929000
1380556832687962;33.5;34.6;Wed Sep 18 2019 10:24:03 GMT+0200 (CEST);Wed Sep 18 2019 08:24:03 GMT+0200 (CEST);1568795043000
1380556832687962;33.5;34.4;Wed Sep 18 2019 10:25:56 GMT+0200 (CEST);Wed Sep 18 2019 08:25:56 GMT+0200 (CEST);1568795156000
1380556832687962;33.5;34.4;Wed Sep 18 2019 10:27:48 GMT+0200 (CEST);Wed Sep 18 2019 08:27:48 GMT+0200 (CEST);1568795268000
1380556832687962;33.5;34.4;Wed Sep 18 2019 10:29:41 GMT+0200 (CEST);Wed Sep 18 2019 08:29:41 GMT+0200 (CEST);1568795381000
1380556832687962;33.5;34.3;Wed Sep 18 2019 10:31:33 GMT+0200 (CEST);Wed Sep 18 2019 08:31:33 GMT+0200 (CEST);1568795493000
1380556832687962;33.5;34.4;Wed Sep 18 2019 10:33:27 GMT+0200 (CEST);Wed Sep 18 2019 08:33:27 GMT+0200 (CEST);1568795607000
1380556832687962;33.5;34.4;Wed Sep 18 2019 10:35:20 GMT+0200 (CEST);Wed Sep 18 2019 08:35:20 GMT+0200 (CEST);1568795720000
1380556832687962;33.5;34.2;Wed Sep 18 2019 10:37:19 GMT+0200 (CEST);Wed Sep 18 2019 08:37:19 GMT+0200 (CEST);1568795839000
1380556832687962;33.5;34.2;Wed Sep 18 2019 10:39:13 GMT+0200 (CEST);Wed Sep 18 2019 08:39:13 GMT+0200 (CEST);1568795953000
1380556832687962;33.5;34.2;Wed Sep 18 2019 10:41:07 GMT+0200 (CEST);Wed Sep 18 2019 08:41:07 GMT+0200 (CEST);1568796067000
1380556832687962;33.5;33.7;Wed Sep 18 2019 10:43:00 GMT+0200 (CEST);Wed Sep 18 2019 08:43:00 GMT+0200 (CEST);1568796180000
1380556832687962;34;33.7;Wed Sep 18 2019 10:44:53 GMT+0200 (CEST);Wed Sep 18 2019 08:44:53 GMT+0200 (CEST);1568796293000
1380556832687962;34;33.6;Wed Sep 18 2019 10:46:46 GMT+0200 (CEST);Wed Sep 18 2019 08:46:46 GMT+0200 (CEST);1568796406000
1380556832687962;34;33.3;Wed Sep 18 2019 10:48:42 GMT+0200 (CEST);Wed Sep 18 2019 08:48:42 GMT+0200 (CEST);1568796522000
1380556832687962;34;33.3;Wed Sep 18 2019 10:50:34 GMT+0200 (CEST);Wed Sep 18 2019 08:50:34 GMT+0200 (CEST);1568796634000
1380556832687962;34;33.6;Wed Sep 18 2019 10:52:28 GMT+0200 (CEST);Wed Sep 18 2019 08:52:28 GMT+0200 (CEST);1568796748000
1380556832687962;35.6;33.5;Wed Sep 18 2019 10:54:35 GMT+0200 (CEST);Wed Sep 18 2019 08:54:35 GMT+0200 (CEST);1568796875000
1380556832687962;35.6;33.7;Wed Sep 18 2019 10:56:28 GMT+0200 (CEST);Wed Sep 18 2019 08:56:28 GMT+0200 (CEST);1568796988000
1380556832687962;35.6;33.7;Wed Sep 18 2019 10:58:22 GMT+0200 (CEST);Wed Sep 18 2019 08:58:22 GMT+0200 (CEST);1568797102000
1380556832687962;35.6;33.8;Wed Sep 18 2019 11:00:15 GMT+0200 (CEST);Wed Sep 18 2019 09:00:15 GMT+0200 (CEST);1568797215000
1380556832687962;35.6;33.9;Wed Sep 18 2019 11:02:08 GMT+0200 (CEST);Wed Sep 18 2019 09:02:08 GMT+0200 (CEST);1568797328000
1380556832687962;35.6;33.7;Wed Sep 18 2019 11:04:00 GMT+0200 (CEST);Wed Sep 18 2019 09:04:00 GMT+0200 (CEST);1568797440000
1380556832687962;35.6;34.2;Wed Sep 18 2019 11:05:54 GMT+0200 (CEST);Wed Sep 18 2019 09:05:54 GMT+0200 (CEST);1568797554000
1380556832687962;35.6;33.9;Wed Sep 18 2019 11:07:53 GMT+0200 (CEST);Wed Sep 18 2019 09:07:53 GMT+0200 (CEST);1568797673000
1380556832687962;35.6;33.9;Wed Sep 18 2019 11:09:46 GMT+0200 (CEST);Wed Sep 18 2019 09:09:46 GMT+0200 (CEST);1568797786000
1380556832687962;35.6;32.3;Wed Sep 18 2019 11:11:44 GMT+0200 (CEST);Wed Sep 18 2019 09:11:44 GMT+0200 (CEST);1568797904000
1380556832687962;34;34;Wed Sep 18 2019 11:13:36 GMT+0200 (CEST);Wed Sep 18 2019 09:13:36 GMT+0200 (CEST);1568798016000
1380556832687962;34;33.7;Wed Sep 18 2019 11:15:29 GMT+0200 (CEST);Wed Sep 18 2019 09:15:29 GMT+0200 (CEST);1568798129000
1380556832687962;34;33.5;Wed Sep 18 2019 11:17:22 GMT+0200 (CEST);Wed Sep 18 2019 09:17:22 GMT+0200 (CEST);1568798242000
1380556832687962;35.6;33.3;Wed Sep 18 2019 11:19:15 GMT+0200 (CEST);Wed Sep 18 2019 09:19:15 GMT+0200 (CEST);1568798355000
1380556832687962;35.6;33.3;Wed Sep 18 2019 11:20:58 GMT+0200 (CEST);Wed Sep 18 2019 09:20:58 GMT+0200 (CEST);1568798458000
1380556832687962;36.1;33.3;Wed Sep 18 2019 11:22:50 GMT+0200 (CEST);Wed Sep 18 2019 09:22:50 GMT+0200 (CEST);1568798570000
1380556832687962;36.1;33.4;Wed Sep 18 2019 11:24:43 GMT+0200 (CEST);Wed Sep 18 2019 09:24:43 GMT+0200 (CEST);1568798683000
1380556832687962;36.1;33.4;Wed Sep 18 2019 11:26:35 GMT+0200 (CEST);Wed Sep 18 2019 09:26:35 GMT+0200 (CEST);1568798795000
1380556832687962;36.1;33.2;Wed Sep 18 2019 11:28:28 GMT+0200 (CEST);Wed Sep 18 2019 09:28:28 GMT+0200 (CEST);1568798908000
1380556832687962;36.1;32.9;Wed Sep 18 2019 11:30:21 GMT+0200 (CEST);Wed Sep 18 2019 09:30:21 GMT+0200 (CEST);1568799021000
1380556832687962;36.1;32.9;Wed Sep 18 2019 11:32:17 GMT+0200 (CEST);Wed Sep 18 2019 09:32:17 GMT+0200 (CEST);1568799137000
1380556832687962;37.6;32.9;Wed Sep 18 2019 11:34:12 GMT+0200 (CEST);Wed Sep 18 2019 09:34:12 GMT+0200 (CEST);1568799252000
1380556832687962;37.6;33.1;Wed Sep 18 2019 11:36:05 GMT+0200 (CEST);Wed Sep 18 2019 09:36:05 GMT+0200 (CEST);1568799365000
1380556832687962;38.1;33;Wed Sep 18 2019 11:37:58 GMT+0200 (CEST);Wed Sep 18 2019 09:37:58 GMT+0200 (CEST);1568799478000
1380556832687962;38.1;32.7;Wed Sep 18 2019 11:39:53 GMT+0200 (CEST);Wed Sep 18 2019 09:39:53 GMT+0200 (CEST);1568799593000
1380556832687962;38.1;32.8;Wed Sep 18 2019 11:41:47 GMT+0200 (CEST);Wed Sep 18 2019 09:41:47 GMT+0200 (CEST);1568799707000
1380556832687962;38.1;33;Wed Sep 18 2019 11:43:40 GMT+0200 (CEST);Wed Sep 18 2019 09:43:40 GMT+0200 (CEST);1568799820000
1380556832687962;38.1;32.9;Wed Sep 18 2019 11:45:33 GMT+0200 (CEST);Wed Sep 18 2019 09:45:33 GMT+0200 (CEST);1568799933000
1380556832687962;39.1;31.5;Wed Sep 18 2019 11:47:25 GMT+0200 (CEST);Wed Sep 18 2019 09:47:25 GMT+0200 (CEST);1568800045000
1380556832687962;39.1;33.8;Wed Sep 18 2019 11:49:23 GMT+0200 (CEST);Wed Sep 18 2019 09:49:23 GMT+0200 (CEST);1568800163000
1380556832687962;39.1;32.5;Wed Sep 18 2019 11:51:16 GMT+0200 (CEST);Wed Sep 18 2019 09:51:16 GMT+0200 (CEST);1568800276000
1380556832687962;39.1;31.9;Wed Sep 18 2019 11:53:09 GMT+0200 (CEST);Wed Sep 18 2019 09:53:09 GMT+0200 (CEST);1568800389000
1380556832687962;39.1;33.7;Wed Sep 18 2019 11:55:02 GMT+0200 (CEST);Wed Sep 18 2019 09:55:02 GMT+0200 (CEST);1568800502000
1380556832687962;39.1;33.6;Wed Sep 18 2019 11:57:00 GMT+0200 (CEST);Wed Sep 18 2019 09:57:00 GMT+0200 (CEST);1568800620000
1380556832687962;39.1;33.8;Wed Sep 18 2019 11:59:04 GMT+0200 (CEST);Wed Sep 18 2019 09:59:04 GMT+0200 (CEST);1568800744000
1380556832687962;39.1;33.1;Wed Sep 18 2019 12:00:57 GMT+0200 (CEST);Wed Sep 18 2019 10:00:57 GMT+0200 (CEST);1568800857000
1380556832687962;38.1;33.6;Wed Sep 18 2019 12:02:52 GMT+0200 (CEST);Wed Sep 18 2019 10:02:52 GMT+0200 (CEST);1568800972000
1380556832687962;38.1;33.4;Wed Sep 18 2019 12:04:50 GMT+0200 (CEST);Wed Sep 18 2019 10:04:50 GMT+0200 (CEST);1568801090000
1380556832687962;38.1;33.4;Wed Sep 18 2019 12:06:33 GMT+0200 (CEST);Wed Sep 18 2019 10:06:33 GMT+0200 (CEST);1568801193000
1380556832687962;39.1;33.3;Wed Sep 18 2019 12:08:27 GMT+0200 (CEST);Wed Sep 18 2019 10:08:27 GMT+0200 (CEST);1568801307000
1380556832687962;39.1;33.3;Wed Sep 18 2019 12:10:21 GMT+0200 (CEST);Wed Sep 18 2019 10:10:21 GMT+0200 (CEST);1568801421000
1380556832687962;39.1;33.5;Wed Sep 18 2019 12:12:25 GMT+0200 (CEST);Wed Sep 18 2019 10:12:25 GMT+0200 (CEST);1568801545000
1380556832687962;39.1;34.9;Wed Sep 18 2019 12:14:17 GMT+0200 (CEST);Wed Sep 18 2019 10:14:17 GMT+0200 (CEST);1568801657000
1380556832687962;39.1;33.4;Wed Sep 18 2019 12:16:10 GMT+0200 (CEST);Wed Sep 18 2019 10:16:10 GMT+0200 (CEST);1568801770000
1380556832687962;39.1;33.8;Wed Sep 18 2019 12:18:03 GMT+0200 (CEST);Wed Sep 18 2019 10:18:03 GMT+0200 (CEST);1568801883000
1380556832687962;39.1;33.8;Wed Sep 18 2019 12:19:56 GMT+0200 (CEST);Wed Sep 18 2019 10:19:56 GMT+0200 (CEST);1568801996000
1380556832687962;39.1;33.2;Wed Sep 18 2019 12:21:54 GMT+0200 (CEST);Wed Sep 18 2019 10:21:54 GMT+0200 (CEST);1568802114000
1380556832687962;39.1;33.7;Wed Sep 18 2019 12:23:47 GMT+0200 (CEST);Wed Sep 18 2019 10:23:47 GMT+0200 (CEST);1568802227000
1380556832687962;39.1;33.2;Wed Sep 18 2019 12:25:41 GMT+0200 (CEST);Wed Sep 18 2019 10:25:41 GMT+0200 (CEST);1568802341000
1380556832687962;39.1;34;Wed Sep 18 2019 12:27:36 GMT+0200 (CEST);Wed Sep 18 2019 10:27:36 GMT+0200 (CEST);1568802456000
1380556832687962;39.1;33.3;Wed Sep 18 2019 12:29:30 GMT+0200 (CEST);Wed Sep 18 2019 10:29:30 GMT+0200 (CEST);1568802570000
1380556832687962;39.1;33.8;Wed Sep 18 2019 12:31:24 GMT+0200 (CEST);Wed Sep 18 2019 10:31:24 GMT+0200 (CEST);1568802684000
1380556832687962;39.1;32.9;Wed Sep 18 2019 12:33:16 GMT+0200 (CEST);Wed Sep 18 2019 10:33:16 GMT+0200 (CEST);1568802796000
1380556832687962;39.1;33.2;Wed Sep 18 2019 12:35:19 GMT+0200 (CEST);Wed Sep 18 2019 10:35:19 GMT+0200 (CEST);1568802919000
1380556832687962;39.1;33.3;Wed Sep 18 2019 12:37:11 GMT+0200 (CEST);Wed Sep 18 2019 10:37:11 GMT+0200 (CEST);1568803031000
1380556832687962;39.1;33.3;Wed Sep 18 2019 12:39:04 GMT+0200 (CEST);Wed Sep 18 2019 10:39:04 GMT+0200 (CEST);1568803144000
1380556832687962;39.1;33.8;Wed Sep 18 2019 12:40:57 GMT+0200 (CEST);Wed Sep 18 2019 10:40:57 GMT+0200 (CEST);1568803257000
1380556832687962;41.6;33.5;Wed Sep 18 2019 12:42:49 GMT+0200 (CEST);Wed Sep 18 2019 10:42:49 GMT+0200 (CEST);1568803369000
1380556832687962;41.6;34;Wed Sep 18 2019 12:44:47 GMT+0200 (CEST);Wed Sep 18 2019 10:44:47 GMT+0200 (CEST);1568803487000
1380556832687962;39.1;33.3;Wed Sep 18 2019 12:46:41 GMT+0200 (CEST);Wed Sep 18 2019 10:46:41 GMT+0200 (CEST);1568803601000
1380556832687962;39.1;34.2;Wed Sep 18 2019 12:48:37 GMT+0200 (CEST);Wed Sep 18 2019 10:48:37 GMT+0200 (CEST);1568803717000
1380556832687962;39.1;34;Wed Sep 18 2019 12:50:29 GMT+0200 (CEST);Wed Sep 18 2019 10:50:29 GMT+0200 (CEST);1568803829000
1380556832687962;39.1;34.3;Wed Sep 18 2019 12:52:25 GMT+0200 (CEST);Wed Sep 18 2019 10:52:25 GMT+0200 (CEST);1568803945000
1380556832687962;39.1;33.7;Wed Sep 18 2019 12:54:18 GMT+0200 (CEST);Wed Sep 18 2019 10:54:18 GMT+0200 (CEST);1568804058000
1380556832687962;39.1;33.8;Wed Sep 18 2019 12:56:23 GMT+0200 (CEST);Wed Sep 18 2019 10:56:23 GMT+0200 (CEST);1568804183000
1380556832687962;39.1;34.3;Wed Sep 18 2019 12:58:16 GMT+0200 (CEST);Wed Sep 18 2019 10:58:16 GMT+0200 (CEST);1568804296000
1380556832687962;39.1;34.1;Wed Sep 18 2019 13:00:11 GMT+0200 (CEST);Wed Sep 18 2019 11:00:11 GMT+0200 (CEST);1568804411000
1380556832687962;42.1;34.6;Wed Sep 18 2019 13:02:03 GMT+0200 (CEST);Wed Sep 18 2019 11:02:03 GMT+0200 (CEST);1568804523000
1380556832687962;42.1;34.6;Wed Sep 18 2019 13:04:12 GMT+0200 (CEST);Wed Sep 18 2019 11:04:12 GMT+0200 (CEST);1568804652000
1380556832687962;42.1;34.3;Wed Sep 18 2019 13:06:06 GMT+0200 (CEST);Wed Sep 18 2019 11:06:06 GMT+0200 (CEST);1568804766000
1380556832687962;42.1;34.4;Wed Sep 18 2019 13:07:59 GMT+0200 (CEST);Wed Sep 18 2019 11:07:59 GMT+0200 (CEST);1568804879000
1380556832687962;42.1;34.4;Wed Sep 18 2019 13:09:54 GMT+0200 (CEST);Wed Sep 18 2019 11:09:54 GMT+0200 (CEST);1568804994000
1380556832687962;42.1;33.9;Wed Sep 18 2019 13:11:52 GMT+0200 (CEST);Wed Sep 18 2019 11:11:52 GMT+0200 (CEST);1568805112000
1380556832687962;42.1;33.7;Wed Sep 18 2019 13:13:46 GMT+0200 (CEST);Wed Sep 18 2019 11:13:46 GMT+0200 (CEST);1568805226000
1380556832687962;41.1;33.7;Wed Sep 18 2019 13:15:38 GMT+0200 (CEST);Wed Sep 18 2019 11:15:38 GMT+0200 (CEST);1568805338000
1380556832687962;41.1;33.8;Wed Sep 18 2019 13:17:34 GMT+0200 (CEST);Wed Sep 18 2019 11:17:34 GMT+0200 (CEST);1568805454000
1380556832687962;41.1;34;Wed Sep 18 2019 13:19:45 GMT+0200 (CEST);Wed Sep 18 2019 11:19:45 GMT+0200 (CEST);1568805585000
1380556832687962;41.6;34.2;Wed Sep 18 2019 13:21:40 GMT+0200 (CEST);Wed Sep 18 2019 11:21:40 GMT+0200 (CEST);1568805700000
1380556832687962;41.6;34.2;Wed Sep 18 2019 13:24:05 GMT+0200 (CEST);Wed Sep 18 2019 11:24:05 GMT+0200 (CEST);1568805845000
1380556832687962;41.6;34.3;Wed Sep 18 2019 13:25:58 GMT+0200 (CEST);Wed Sep 18 2019 11:25:58 GMT+0200 (CEST);1568805958000
1380556832687962;41.6;34.2;Wed Sep 18 2019 13:27:54 GMT+0200 (CEST);Wed Sep 18 2019 11:27:54 GMT+0200 (CEST);1568806074000
1380556832687962;41.6;34;Wed Sep 18 2019 13:29:47 GMT+0200 (CEST);Wed Sep 18 2019 11:29:47 GMT+0200 (CEST);1568806187000
1380556832687962;39.1;34;Wed Sep 18 2019 13:31:45 GMT+0200 (CEST);Wed Sep 18 2019 11:31:45 GMT+0200 (CEST);1568806305000
1380556832687962;39.1;33.7;Wed Sep 18 2019 13:33:43 GMT+0200 (CEST);Wed Sep 18 2019 11:33:43 GMT+0200 (CEST);1568806423000
1380556832687962;39.1;33.8;Wed Sep 18 2019 13:35:36 GMT+0200 (CEST);Wed Sep 18 2019 11:35:36 GMT+0200 (CEST);1568806536000
1380556832687962;39.1;34;Wed Sep 18 2019 13:37:29 GMT+0200 (CEST);Wed Sep 18 2019 11:37:29 GMT+0200 (CEST);1568806649000
1380556832687962;39.1;34;Wed Sep 18 2019 13:39:28 GMT+0200 (CEST);Wed Sep 18 2019 11:39:28 GMT+0200 (CEST);1568806768000
1380556832687962;39.1;33.8;Wed Sep 18 2019 13:41:21 GMT+0200 (CEST);Wed Sep 18 2019 11:41:21 GMT+0200 (CEST);1568806881000
1380556832687962;39.1;33.8;Wed Sep 18 2019 13:43:14 GMT+0200 (CEST);Wed Sep 18 2019 11:43:14 GMT+0200 (CEST);1568806994000
1380556832687962;41.6;34;Wed Sep 18 2019 13:45:12 GMT+0200 (CEST);Wed Sep 18 2019 11:45:12 GMT+0200 (CEST);1568807112000
1380556832687962;41.6;33.8;Wed Sep 18 2019 13:47:07 GMT+0200 (CEST);Wed Sep 18 2019 11:47:07 GMT+0200 (CEST);1568807227000
1380556832687962;41.6;33.8;Wed Sep 18 2019 13:49:00 GMT+0200 (CEST);Wed Sep 18 2019 11:49:00 GMT+0200 (CEST);1568807340000
1380556832687962;41.6;33.9;Wed Sep 18 2019 13:50:55 GMT+0200 (CEST);Wed Sep 18 2019 11:50:55 GMT+0200 (CEST);1568807455000
1380556832687962;41.6;33.8;Wed Sep 18 2019 13:52:47 GMT+0200 (CEST);Wed Sep 18 2019 11:52:47 GMT+0200 (CEST);1568807567000
1380556832687962;41.6;33.8;Wed Sep 18 2019 13:54:40 GMT+0200 (CEST);Wed Sep 18 2019 11:54:40 GMT+0200 (CEST);1568807680000
1380556832687962;41.6;33.8;Wed Sep 18 2019 13:56:50 GMT+0200 (CEST);Wed Sep 18 2019 11:56:50 GMT+0200 (CEST);1568807810000
1380556832687962;41.6;33.8;Wed Sep 18 2019 13:58:44 GMT+0200 (CEST);Wed Sep 18 2019 11:58:44 GMT+0200 (CEST);1568807924000
1380556832687962;42.1;33.8;Wed Sep 18 2019 14:00:39 GMT+0200 (CEST);Wed Sep 18 2019 12:00:39 GMT+0200 (CEST);1568808039000
1380556832687962;42.1;33.8;Wed Sep 18 2019 14:02:32 GMT+0200 (CEST);Wed Sep 18 2019 12:02:32 GMT+0200 (CEST);1568808152000
1380556832687962;42.1;33.7;Wed Sep 18 2019 14:04:34 GMT+0200 (CEST);Wed Sep 18 2019 12:04:34 GMT+0200 (CEST);1568808274000
1380556832687962;42.1;33.5;Wed Sep 18 2019 14:06:27 GMT+0200 (CEST);Wed Sep 18 2019 12:06:27 GMT+0200 (CEST);1568808387000
1380556832687962;42.1;33.8;Wed Sep 18 2019 14:08:22 GMT+0200 (CEST);Wed Sep 18 2019 12:08:22 GMT+0200 (CEST);1568808502000
1380556832687962;43.6;34.1;Wed Sep 18 2019 14:10:15 GMT+0200 (CEST);Wed Sep 18 2019 12:10:15 GMT+0200 (CEST);1568808615000
1380556832687962;43.6;34.1;Wed Sep 18 2019 14:12:13 GMT+0200 (CEST);Wed Sep 18 2019 12:12:13 GMT+0200 (CEST);1568808733000
1380556832687962;43.6;34.1;Wed Sep 18 2019 14:14:14 GMT+0200 (CEST);Wed Sep 18 2019 12:14:14 GMT+0200 (CEST);1568808854000
1380556832687962;43.6;34;Wed Sep 18 2019 14:16:07 GMT+0200 (CEST);Wed Sep 18 2019 12:16:07 GMT+0200 (CEST);1568808967000
1380556832687962;43.6;34.4;Wed Sep 18 2019 14:17:59 GMT+0200 (CEST);Wed Sep 18 2019 12:17:59 GMT+0200 (CEST);1568809079000
1380556832687962;41.6;34.1;Wed Sep 18 2019 14:20:05 GMT+0200 (CEST);Wed Sep 18 2019 12:20:05 GMT+0200 (CEST);1568809205000
1380556832687962;41.6;34.1;Wed Sep 18 2019 14:22:00 GMT+0200 (CEST);Wed Sep 18 2019 12:22:00 GMT+0200 (CEST);1568809320000
1380556832687962;41.6;34.1;Wed Sep 18 2019 14:23:53 GMT+0200 (CEST);Wed Sep 18 2019 12:23:53 GMT+0200 (CEST);1568809433000
1380556832687962;39.1;34.2;Wed Sep 18 2019 14:25:46 GMT+0200 (CEST);Wed Sep 18 2019 12:25:46 GMT+0200 (CEST);1568809546000
1380556832687962;39.1;33.8;Wed Sep 18 2019 14:27:40 GMT+0200 (CEST);Wed Sep 18 2019 12:27:40 GMT+0200 (CEST);1568809660000
1380556832687962;39.1;33.5;Wed Sep 18 2019 14:29:36 GMT+0200 (CEST);Wed Sep 18 2019 12:29:36 GMT+0200 (CEST);1568809776000
1380556832687962;39.1;33.8;Wed Sep 18 2019 14:31:30 GMT+0200 (CEST);Wed Sep 18 2019 12:31:30 GMT+0200 (CEST);1568809890000
1380556832687962;39.1;34.3;Wed Sep 18 2019 14:33:28 GMT+0200 (CEST);Wed Sep 18 2019 12:33:28 GMT+0200 (CEST);1568810008000
1380556832687962;41.6;34.2;Wed Sep 18 2019 14:35:47 GMT+0200 (CEST);Wed Sep 18 2019 12:35:47 GMT+0200 (CEST);1568810147000
1380556832687962;41.6;33.5;Wed Sep 18 2019 14:37:40 GMT+0200 (CEST);Wed Sep 18 2019 12:37:40 GMT+0200 (CEST);1568810260000
1380556832687962;41.6;33.8;Wed Sep 18 2019 14:39:33 GMT+0200 (CEST);Wed Sep 18 2019 12:39:33 GMT+0200 (CEST);1568810373000
1380556832687962;41.6;34;Wed Sep 18 2019 14:41:25 GMT+0200 (CEST);Wed Sep 18 2019 12:41:25 GMT+0200 (CEST);1568810485000
1380556832687962;39.1;33.4;Wed Sep 18 2019 14:43:31 GMT+0200 (CEST);Wed Sep 18 2019 12:43:31 GMT+0200 (CEST);1568810611000
1380556832687962;39.1;33.7;Wed Sep 18 2019 14:45:29 GMT+0200 (CEST);Wed Sep 18 2019 12:45:29 GMT+0200 (CEST);1568810729000
1380556832687962;39.1;33.8;Wed Sep 18 2019 14:47:25 GMT+0200 (CEST);Wed Sep 18 2019 12:47:25 GMT+0200 (CEST);1568810845000
1380556832687962;39.1;33.8;Wed Sep 18 2019 14:49:19 GMT+0200 (CEST);Wed Sep 18 2019 12:49:19 GMT+0200 (CEST);1568810959000
1380556832687962;39.1;34;Wed Sep 18 2019 14:51:31 GMT+0200 (CEST);Wed Sep 18 2019 12:51:31 GMT+0200 (CEST);1568811091000
1380556832687962;39.1;34;Wed Sep 18 2019 14:53:24 GMT+0200 (CEST);Wed Sep 18 2019 12:53:24 GMT+0200 (CEST);1568811204000
1380556832687962;39.1;33.9;Wed Sep 18 2019 14:55:17 GMT+0200 (CEST);Wed Sep 18 2019 12:55:17 GMT+0200 (CEST);1568811317000
1380556832687962;39.1;34.2;Wed Sep 18 2019 14:57:18 GMT+0200 (CEST);Wed Sep 18 2019 12:57:18 GMT+0200 (CEST);1568811438000
1380556832687962;39.1;33.6;Wed Sep 18 2019 14:59:11 GMT+0200 (CEST);Wed Sep 18 2019 12:59:11 GMT+0200 (CEST);1568811551000
1380556832687962;39.1;34.1;Wed Sep 18 2019 15:01:05 GMT+0200 (CEST);Wed Sep 18 2019 13:01:05 GMT+0200 (CEST);1568811665000
1380556832687962;39.1;33.9;Wed Sep 18 2019 15:02:57 GMT+0200 (CEST);Wed Sep 18 2019 13:02:57 GMT+0200 (CEST);1568811777000
1380556832687962;39.1;33.9;Wed Sep 18 2019 15:04:50 GMT+0200 (CEST);Wed Sep 18 2019 13:04:50 GMT+0200 (CEST);1568811890000
1380556832687962;39.1;34.4;Wed Sep 18 2019 15:07:03 GMT+0200 (CEST);Wed Sep 18 2019 13:07:03 GMT+0200 (CEST);1568812023000
1380556832687962;39.1;34;Wed Sep 18 2019 15:08:55 GMT+0200 (CEST);Wed Sep 18 2019 13:08:55 GMT+0200 (CEST);1568812135000
1380556832687962;39.1;34.2;Wed Sep 18 2019 15:10:48 GMT+0200 (CEST);Wed Sep 18 2019 13:10:48 GMT+0200 (CEST);1568812248000
1380556832687962;39.1;34.2;Wed Sep 18 2019 15:12:42 GMT+0200 (CEST);Wed Sep 18 2019 13:12:42 GMT+0200 (CEST);1568812362000
1380556832687962;39.1;34.3;Wed Sep 18 2019 15:14:36 GMT+0200 (CEST);Wed Sep 18 2019 13:14:36 GMT+0200 (CEST);1568812476000
1380556832687962;39.1;34.3;Wed Sep 18 2019 15:16:29 GMT+0200 (CEST);Wed Sep 18 2019 13:16:29 GMT+0200 (CEST);1568812589000
1380556832687962;38.1;34.4;Wed Sep 18 2019 15:18:27 GMT+0200 (CEST);Wed Sep 18 2019 13:18:27 GMT+0200 (CEST);1568812707000
1380556832687962;38.1;34.4;Wed Sep 18 2019 15:20:21 GMT+0200 (CEST);Wed Sep 18 2019 13:20:21 GMT+0200 (CEST);1568812821000
1380556832687962;38.1;34.5;Wed Sep 18 2019 15:22:34 GMT+0200 (CEST);Wed Sep 18 2019 13:22:34 GMT+0200 (CEST);1568812954000
1380556832687962;38.1;34.5;Wed Sep 18 2019 15:24:29 GMT+0200 (CEST);Wed Sep 18 2019 13:24:29 GMT+0200 (CEST);1568813069000
1380556832687962;38.1;34.1;Wed Sep 18 2019 15:26:22 GMT+0200 (CEST);Wed Sep 18 2019 13:26:22 GMT+0200 (CEST);1568813182000
1380556832687962;37.6;34;Wed Sep 18 2019 15:28:15 GMT+0200 (CEST);Wed Sep 18 2019 13:28:15 GMT+0200 (CEST);1568813295000
1380556832687962;37.6;34;Wed Sep 18 2019 15:30:09 GMT+0200 (CEST);Wed Sep 18 2019 13:30:09 GMT+0200 (CEST);1568813409000
1380556832687962;37.6;34.3;Wed Sep 18 2019 15:32:05 GMT+0200 (CEST);Wed Sep 18 2019 13:32:05 GMT+0200 (CEST);1568813525000
1380556832687962;37.6;34.4;Wed Sep 18 2019 15:33:57 GMT+0200 (CEST);Wed Sep 18 2019 13:33:57 GMT+0200 (CEST);1568813637000
1380556832687962;36.1;34.2;Wed Sep 18 2019 15:35:50 GMT+0200 (CEST);Wed Sep 18 2019 13:35:50 GMT+0200 (CEST);1568813750000
1380556832687962;36.1;34.1;Wed Sep 18 2019 15:38:07 GMT+0200 (CEST);Wed Sep 18 2019 13:38:07 GMT+0200 (CEST);1568813887000
1380556832687962;36.1;34.3;Wed Sep 18 2019 15:40:16 GMT+0200 (CEST);Wed Sep 18 2019 13:40:16 GMT+0200 (CEST);1568814016000
1380556832687962;36.1;34.2;Wed Sep 18 2019 15:42:44 GMT+0200 (CEST);Wed Sep 18 2019 13:42:44 GMT+0200 (CEST);1568814164000
1380556832687962;36.1;34.3;Wed Sep 18 2019 15:44:37 GMT+0200 (CEST);Wed Sep 18 2019 13:44:37 GMT+0200 (CEST);1568814277000
1380556832687962;36.1;34.2;Wed Sep 18 2019 15:46:29 GMT+0200 (CEST);Wed Sep 18 2019 13:46:29 GMT+0200 (CEST);1568814389000
1380556832687962;36.1;34;Wed Sep 18 2019 15:48:23 GMT+0200 (CEST);Wed Sep 18 2019 13:48:23 GMT+0200 (CEST);1568814503000
1380556832687962;35.6;34.2;Wed Sep 18 2019 15:50:20 GMT+0200 (CEST);Wed Sep 18 2019 13:50:20 GMT+0200 (CEST);1568814620000
1380556832687962;35.6;33.8;Wed Sep 18 2019 15:52:13 GMT+0200 (CEST);Wed Sep 18 2019 13:52:13 GMT+0200 (CEST);1568814733000
1380556832687962;35.6;34.5;Wed Sep 18 2019 15:54:29 GMT+0200 (CEST);Wed Sep 18 2019 13:54:29 GMT+0200 (CEST);1568814869000
1380556832687962;35.6;34.6;Wed Sep 18 2019 15:56:22 GMT+0200 (CEST);Wed Sep 18 2019 13:56:22 GMT+0200 (CEST);1568814982000
1380556832687962;35.6;34.9;Wed Sep 18 2019 15:58:15 GMT+0200 (CEST);Wed Sep 18 2019 13:58:15 GMT+0200 (CEST);1568815095000
1380556832687962;35.6;34.7;Wed Sep 18 2019 16:00:17 GMT+0200 (CEST);Wed Sep 18 2019 14:00:17 GMT+0200 (CEST);1568815217000
1380556832687962;35.6;34.8;Wed Sep 18 2019 16:02:10 GMT+0200 (CEST);Wed Sep 18 2019 14:02:10 GMT+0200 (CEST);1568815330000
1380556832687962;35.6;34.6;Wed Sep 18 2019 16:04:02 GMT+0200 (CEST);Wed Sep 18 2019 14:04:02 GMT+0200 (CEST);1568815442000
1380556832687962;35.6;34.9;Wed Sep 18 2019 16:05:55 GMT+0200 (CEST);Wed Sep 18 2019 14:05:55 GMT+0200 (CEST);1568815555000
1380556832687962;35.6;34.7;Wed Sep 18 2019 16:08:02 GMT+0200 (CEST);Wed Sep 18 2019 14:08:02 GMT+0200 (CEST);1568815682000
1380556832687962;35.6;34.8;Wed Sep 18 2019 16:09:56 GMT+0200 (CEST);Wed Sep 18 2019 14:09:56 GMT+0200 (CEST);1568815796000
1380556832687962;35.6;34.8;Wed Sep 18 2019 16:11:49 GMT+0200 (CEST);Wed Sep 18 2019 14:11:49 GMT+0200 (CEST);1568815909000
1380556832687962;35.6;34.6;Wed Sep 18 2019 16:13:44 GMT+0200 (CEST);Wed Sep 18 2019 14:13:44 GMT+0200 (CEST);1568816024000
1380556832687962;35.6;34.7;Wed Sep 18 2019 16:15:39 GMT+0200 (CEST);Wed Sep 18 2019 14:15:39 GMT+0200 (CEST);1568816139000
1380556832687962;35.6;34.6;Wed Sep 18 2019 16:17:33 GMT+0200 (CEST);Wed Sep 18 2019 14:17:33 GMT+0200 (CEST);1568816253000
1380556832687962;35.6;34.5;Wed Sep 18 2019 16:19:27 GMT+0200 (CEST);Wed Sep 18 2019 14:19:27 GMT+0200 (CEST);1568816367000
1380556832687962;35.6;34.2;Wed Sep 18 2019 16:21:19 GMT+0200 (CEST);Wed Sep 18 2019 14:21:19 GMT+0200 (CEST);1568816479000
1380556832687962;35.6;34.1;Wed Sep 18 2019 16:23:12 GMT+0200 (CEST);Wed Sep 18 2019 14:23:12 GMT+0200 (CEST);1568816592000
1380556832687962;35.6;34.6;Wed Sep 18 2019 16:25:05 GMT+0200 (CEST);Wed Sep 18 2019 14:25:05 GMT+0200 (CEST);1568816705000
1380556832687962;35.6;34.6;Wed Sep 18 2019 16:26:59 GMT+0200 (CEST);Wed Sep 18 2019 14:26:59 GMT+0200 (CEST);1568816819000
1380556832687962;35.6;34.2;Wed Sep 18 2019 16:29:08 GMT+0200 (CEST);Wed Sep 18 2019 14:29:08 GMT+0200 (CEST);1568816948000
1380556832687962;35.6;34.6;Wed Sep 18 2019 16:31:01 GMT+0200 (CEST);Wed Sep 18 2019 14:31:01 GMT+0200 (CEST);1568817061000
1380556832687962;35.6;34.6;Wed Sep 18 2019 16:32:53 GMT+0200 (CEST);Wed Sep 18 2019 14:32:53 GMT+0200 (CEST);1568817173000
1380556832687962;34;34.2;Wed Sep 18 2019 16:34:46 GMT+0200 (CEST);Wed Sep 18 2019 14:34:46 GMT+0200 (CEST);1568817286000
1380556832687962;34;34.3;Wed Sep 18 2019 16:36:38 GMT+0200 (CEST);Wed Sep 18 2019 14:36:38 GMT+0200 (CEST);1568817398000
1380556832687962;34;34.3;Wed Sep 18 2019 16:38:34 GMT+0200 (CEST);Wed Sep 18 2019 14:38:34 GMT+0200 (CEST);1568817514000
1380556832687962;34;34.3;Wed Sep 18 2019 16:40:30 GMT+0200 (CEST);Wed Sep 18 2019 14:40:30 GMT+0200 (CEST);1568817630000
1380556832687962;34;34;Wed Sep 18 2019 16:42:23 GMT+0200 (CEST);Wed Sep 18 2019 14:42:23 GMT+0200 (CEST);1568817743000
1380556832687962;34;34;Wed Sep 18 2019 16:44:16 GMT+0200 (CEST);Wed Sep 18 2019 14:44:16 GMT+0200 (CEST);1568817856000
1380556832687962;34;34.1;Wed Sep 18 2019 16:46:09 GMT+0200 (CEST);Wed Sep 18 2019 14:46:09 GMT+0200 (CEST);1568817969000
1380556832687962;33.5;34.1;Wed Sep 18 2019 16:48:09 GMT+0200 (CEST);Wed Sep 18 2019 14:48:09 GMT+0200 (CEST);1568818089000
1380556832687962;33.5;34.2;Wed Sep 18 2019 16:50:08 GMT+0200 (CEST);Wed Sep 18 2019 14:50:08 GMT+0200 (CEST);1568818208000
1380556832687962;33.5;34.2;Wed Sep 18 2019 16:52:00 GMT+0200 (CEST);Wed Sep 18 2019 14:52:00 GMT+0200 (CEST);1568818320000
1380556832687962;32;34.2;Wed Sep 18 2019 16:53:53 GMT+0200 (CEST);Wed Sep 18 2019 14:53:53 GMT+0200 (CEST);1568818433000
1380556832687962;32;34.2;Wed Sep 18 2019 16:55:56 GMT+0200 (CEST);Wed Sep 18 2019 14:55:56 GMT+0200 (CEST);1568818556000
1380556832687962;31.5;34.3;Wed Sep 18 2019 16:57:49 GMT+0200 (CEST);Wed Sep 18 2019 14:57:49 GMT+0200 (CEST);1568818669000
1380556832687962;31.5;34.2;Wed Sep 18 2019 16:59:42 GMT+0200 (CEST);Wed Sep 18 2019 14:59:42 GMT+0200 (CEST);1568818782000
1380556832687962;31.5;34.4;Wed Sep 18 2019 17:01:35 GMT+0200 (CEST);Wed Sep 18 2019 15:01:35 GMT+0200 (CEST);1568818895000
1380556832687962;31.5;34.2;Wed Sep 18 2019 17:04:06 GMT+0200 (CEST);Wed Sep 18 2019 15:04:06 GMT+0200 (CEST);1568819046000
1380556832687962;31.5;34.2;Wed Sep 18 2019 17:05:59 GMT+0200 (CEST);Wed Sep 18 2019 15:05:59 GMT+0200 (CEST);1568819159000
1380556832687962;31.5;34.5;Wed Sep 18 2019 17:07:53 GMT+0200 (CEST);Wed Sep 18 2019 15:07:53 GMT+0200 (CEST);1568819273000
1380556832687962;31.5;34.2;Wed Sep 18 2019 17:09:45 GMT+0200 (CEST);Wed Sep 18 2019 15:09:45 GMT+0200 (CEST);1568819385000
1380556832687962;31.5;34.2;Wed Sep 18 2019 17:11:38 GMT+0200 (CEST);Wed Sep 18 2019 15:11:38 GMT+0200 (CEST);1568819498000
1380556832687962;30;34.3;Wed Sep 18 2019 17:13:32 GMT+0200 (CEST);Wed Sep 18 2019 15:13:32 GMT+0200 (CEST);1568819612000
1380556832687962;30;34.5;Wed Sep 18 2019 17:15:24 GMT+0200 (CEST);Wed Sep 18 2019 15:15:24 GMT+0200 (CEST);1568819724000
1380556832687962;30;34.3;Wed Sep 18 2019 17:17:17 GMT+0200 (CEST);Wed Sep 18 2019 15:17:17 GMT+0200 (CEST);1568819837000
1380556832687962;29.5;34.5;Wed Sep 18 2019 17:19:12 GMT+0200 (CEST);Wed Sep 18 2019 15:19:12 GMT+0200 (CEST);1568819952000
1380556832687962;29.5;34.4;Wed Sep 18 2019 17:21:05 GMT+0200 (CEST);Wed Sep 18 2019 15:21:05 GMT+0200 (CEST);1568820065000
1380556832687962;29.5;34.4;Wed Sep 18 2019 17:22:57 GMT+0200 (CEST);Wed Sep 18 2019 15:22:57 GMT+0200 (CEST);1568820177000
1380556832687962;29.5;34.1;Wed Sep 18 2019 17:24:51 GMT+0200 (CEST);Wed Sep 18 2019 15:24:51 GMT+0200 (CEST);1568820291000
1380556832687962;29.5;34.4;Wed Sep 18 2019 17:26:50 GMT+0200 (CEST);Wed Sep 18 2019 15:26:50 GMT+0200 (CEST);1568820410000
1380556832687962;29.5;34.4;Wed Sep 18 2019 17:28:42 GMT+0200 (CEST);Wed Sep 18 2019 15:28:42 GMT+0200 (CEST);1568820522000
1380556832687962;29.5;34.7;Wed Sep 18 2019 17:30:36 GMT+0200 (CEST);Wed Sep 18 2019 15:30:36 GMT+0200 (CEST);1568820636000
1380556832687962;28;34.2;Wed Sep 18 2019 17:32:29 GMT+0200 (CEST);Wed Sep 18 2019 15:32:29 GMT+0200 (CEST);1568820749000
1380556832687962;28;34.2;Wed Sep 18 2019 17:34:24 GMT+0200 (CEST);Wed Sep 18 2019 15:34:24 GMT+0200 (CEST);1568820864000
1380556832687962;28;34.2;Wed Sep 18 2019 17:36:17 GMT+0200 (CEST);Wed Sep 18 2019 15:36:17 GMT+0200 (CEST);1568820977000
1380556832687962;28;34.2;Wed Sep 18 2019 17:38:10 GMT+0200 (CEST);Wed Sep 18 2019 15:38:10 GMT+0200 (CEST);1568821090000
1380556832687962;28;34.2;Wed Sep 18 2019 17:40:02 GMT+0200 (CEST);Wed Sep 18 2019 15:40:02 GMT+0200 (CEST);1568821202000
1380556832687962;27.5;34.1;Wed Sep 18 2019 17:41:55 GMT+0200 (CEST);Wed Sep 18 2019 15:41:55 GMT+0200 (CEST);1568821315000
1380556832687962;27.5;34.7;Wed Sep 18 2019 17:43:48 GMT+0200 (CEST);Wed Sep 18 2019 15:43:48 GMT+0200 (CEST);1568821428000
1380556832687962;27.5;34.1;Wed Sep 18 2019 17:45:41 GMT+0200 (CEST);Wed Sep 18 2019 15:45:41 GMT+0200 (CEST);1568821541000
1380556832687962;27.5;34.1;Wed Sep 18 2019 17:47:34 GMT+0200 (CEST);Wed Sep 18 2019 15:47:34 GMT+0200 (CEST);1568821654000
1380556832687962;27.5;34.3;Wed Sep 18 2019 17:49:28 GMT+0200 (CEST);Wed Sep 18 2019 15:49:28 GMT+0200 (CEST);1568821768000
1380556832687962;26;34.2;Wed Sep 18 2019 17:51:46 GMT+0200 (CEST);Wed Sep 18 2019 15:51:46 GMT+0200 (CEST);1568821906000
1380556832687962;26;34.2;Wed Sep 18 2019 17:53:39 GMT+0200 (CEST);Wed Sep 18 2019 15:53:39 GMT+0200 (CEST);1568822019000
1380556832687962;26;34.1;Wed Sep 18 2019 17:55:33 GMT+0200 (CEST);Wed Sep 18 2019 15:55:33 GMT+0200 (CEST);1568822133000
1380556832687962;26;34.1;Wed Sep 18 2019 17:57:26 GMT+0200 (CEST);Wed Sep 18 2019 15:57:26 GMT+0200 (CEST);1568822246000
1380556832687962;26;34;Wed Sep 18 2019 17:59:18 GMT+0200 (CEST);Wed Sep 18 2019 15:59:18 GMT+0200 (CEST);1568822358000
1380556832687962;25.5;34.4;Wed Sep 18 2019 18:01:11 GMT+0200 (CEST);Wed Sep 18 2019 16:01:11 GMT+0200 (CEST);1568822471000
1380556832687962;25.5;34.5;Wed Sep 18 2019 18:03:05 GMT+0200 (CEST);Wed Sep 18 2019 16:03:05 GMT+0200 (CEST);1568822585000
1380556832687962;25.5;34.4;Wed Sep 18 2019 18:04:57 GMT+0200 (CEST);Wed Sep 18 2019 16:04:57 GMT+0200 (CEST);1568822697000
1380556832687962;25.5;34.2;Wed Sep 18 2019 18:07:05 GMT+0200 (CEST);Wed Sep 18 2019 16:07:05 GMT+0200 (CEST);1568822825000
1380556832687962;25.5;34.2;Wed Sep 18 2019 18:08:59 GMT+0200 (CEST);Wed Sep 18 2019 16:08:59 GMT+0200 (CEST);1568822939000
1380556832687962;23;34;Wed Sep 18 2019 18:10:52 GMT+0200 (CEST);Wed Sep 18 2019 16:10:52 GMT+0200 (CEST);1568823052000
1380556832687962;23;34.1;Wed Sep 18 2019 18:12:44 GMT+0200 (CEST);Wed Sep 18 2019 16:12:44 GMT+0200 (CEST);1568823164000
1380556832687962;23;34.1;Wed Sep 18 2019 18:14:38 GMT+0200 (CEST);Wed Sep 18 2019 16:14:38 GMT+0200 (CEST);1568823278000
1380556832687962;23;33.8;Wed Sep 18 2019 18:16:30 GMT+0200 (CEST);Wed Sep 18 2019 16:16:30 GMT+0200 (CEST);1568823390000
1380556832687962;23;33.9;Wed Sep 18 2019 18:18:24 GMT+0200 (CEST);Wed Sep 18 2019 16:18:24 GMT+0200 (CEST);1568823504000
1380556832687962;23;34.1;Wed Sep 18 2019 18:20:17 GMT+0200 (CEST);Wed Sep 18 2019 16:20:17 GMT+0200 (CEST);1568823617000
1380556832687962;23;34.1;Wed Sep 18 2019 18:22:14 GMT+0200 (CEST);Wed Sep 18 2019 16:22:14 GMT+0200 (CEST);1568823734000
1380556832687962;23;33.5;Wed Sep 18 2019 18:24:13 GMT+0200 (CEST);Wed Sep 18 2019 16:24:13 GMT+0200 (CEST);1568823853000
1380556832687962;23;33.8;Wed Sep 18 2019 18:26:07 GMT+0200 (CEST);Wed Sep 18 2019 16:26:07 GMT+0200 (CEST);1568823967000
1380556832687962;23;33.6;Wed Sep 18 2019 18:28:00 GMT+0200 (CEST);Wed Sep 18 2019 16:28:00 GMT+0200 (CEST);1568824080000
1380556832687962;22;34.5;Wed Sep 18 2019 18:29:53 GMT+0200 (CEST);Wed Sep 18 2019 16:29:53 GMT+0200 (CEST);1568824193000
1380556832687962;22;34.5;Wed Sep 18 2019 18:31:48 GMT+0200 (CEST);Wed Sep 18 2019 16:31:48 GMT+0200 (CEST);1568824308000
1380556832687962;22;29;Wed Sep 18 2019 18:33:41 GMT+0200 (CEST);Wed Sep 18 2019 16:33:41 GMT+0200 (CEST);1568824421000
1380556832687962;21.5;29;Wed Sep 18 2019 18:35:34 GMT+0200 (CEST);Wed Sep 18 2019 16:35:34 GMT+0200 (CEST);1568824534000
1380556832687962;21.5;29.1;Wed Sep 18 2019 18:37:41 GMT+0200 (CEST);Wed Sep 18 2019 16:37:41 GMT+0200 (CEST);1568824661000
1380556832687962;21.5;30.9;Wed Sep 18 2019 18:39:34 GMT+0200 (CEST);Wed Sep 18 2019 16:39:34 GMT+0200 (CEST);1568824774000
1380556832687962;21.5;30.9;Wed Sep 18 2019 18:41:26 GMT+0200 (CEST);Wed Sep 18 2019 16:41:26 GMT+0200 (CEST);1568824886000
1380556832687962;21.5;31.2;Wed Sep 18 2019 18:43:19 GMT+0200 (CEST);Wed Sep 18 2019 16:43:19 GMT+0200 (CEST);1568824999000
1380556832687962;21.5;31.3;Wed Sep 18 2019 18:45:12 GMT+0200 (CEST);Wed Sep 18 2019 16:45:12 GMT+0200 (CEST);1568825112000
1380556832687962;21.5;31.1;Wed Sep 18 2019 18:47:09 GMT+0200 (CEST);Wed Sep 18 2019 16:47:09 GMT+0200 (CEST);1568825229000
1380556832687962;19.4;31;Wed Sep 18 2019 18:49:04 GMT+0200 (CEST);Wed Sep 18 2019 16:49:04 GMT+0200 (CEST);1568825344000
1380556832687962;19.4;30.8;Wed Sep 18 2019 18:50:56 GMT+0200 (CEST);Wed Sep 18 2019 16:50:56 GMT+0200 (CEST);1568825456000
1380556832687962;19.4;30.5;Wed Sep 18 2019 18:53:25 GMT+0200 (CEST);Wed Sep 18 2019 16:53:25 GMT+0200 (CEST);1568825605000
1380556832687962;19.4;30;Wed Sep 18 2019 18:55:20 GMT+0200 (CEST);Wed Sep 18 2019 16:55:20 GMT+0200 (CEST);1568825720000
1380556832687962;19.4;29;Wed Sep 18 2019 18:57:17 GMT+0200 (CEST);Wed Sep 18 2019 16:57:17 GMT+0200 (CEST);1568825837000
1380556832687962;19.4;29;Wed Sep 18 2019 18:59:16 GMT+0200 (CEST);Wed Sep 18 2019 16:59:16 GMT+0200 (CEST);1568825956000
1380556832687962;19.4;27.3;Wed Sep 18 2019 19:01:09 GMT+0200 (CEST);Wed Sep 18 2019 17:01:09 GMT+0200 (CEST);1568826069000
1380556832687962;17.4;27;Wed Sep 18 2019 19:03:02 GMT+0200 (CEST);Wed Sep 18 2019 17:03:02 GMT+0200 (CEST);1568826182000
1380556832687962;17.4;26.4;Wed Sep 18 2019 19:04:56 GMT+0200 (CEST);Wed Sep 18 2019 17:04:56 GMT+0200 (CEST);1568826296000
1380556832687962;17.4;25.1;Wed Sep 18 2019 19:06:48 GMT+0200 (CEST);Wed Sep 18 2019 17:06:48 GMT+0200 (CEST);1568826408000
1380556832687962;15.9;26.2;Wed Sep 18 2019 19:08:42 GMT+0200 (CEST);Wed Sep 18 2019 17:08:42 GMT+0200 (CEST);1568826522000
1380556832687962;15.9;27.1;Wed Sep 18 2019 19:10:34 GMT+0200 (CEST);Wed Sep 18 2019 17:10:34 GMT+0200 (CEST);1568826634000
1380556832687962;15.9;27.2;Wed Sep 18 2019 19:12:28 GMT+0200 (CEST);Wed Sep 18 2019 17:12:28 GMT+0200 (CEST);1568826748000
1380556832687962;15.9;28.4;Wed Sep 18 2019 19:14:21 GMT+0200 (CEST);Wed Sep 18 2019 17:14:21 GMT+0200 (CEST);1568826861000
1380556832687962;15.9;27.6;Wed Sep 18 2019 19:16:14 GMT+0200 (CEST);Wed Sep 18 2019 17:16:14 GMT+0200 (CEST);1568826974000
1380556832687962;15.9;27.1;Wed Sep 18 2019 19:18:08 GMT+0200 (CEST);Wed Sep 18 2019 17:18:08 GMT+0200 (CEST);1568827088000
1380556832687962;15.9;27.2;Wed Sep 18 2019 19:20:01 GMT+0200 (CEST);Wed Sep 18 2019 17:20:01 GMT+0200 (CEST);1568827201000
1380556832687962;15.9;29.8;Wed Sep 18 2019 19:21:56 GMT+0200 (CEST);Wed Sep 18 2019 17:21:56 GMT+0200 (CEST);1568827316000
1380556832687962;17.4;29.9;Wed Sep 18 2019 19:23:49 GMT+0200 (CEST);Wed Sep 18 2019 17:23:49 GMT+0200 (CEST);1568827429000
1380556832687962;17.4;28;Wed Sep 18 2019 19:25:42 GMT+0200 (CEST);Wed Sep 18 2019 17:25:42 GMT+0200 (CEST);1568827542000
1380556832687962;17.4;28;Wed Sep 18 2019 19:27:35 GMT+0200 (CEST);Wed Sep 18 2019 17:27:35 GMT+0200 (CEST);1568827655000
1380556832687962;17.4;28;Wed Sep 18 2019 19:29:28 GMT+0200 (CEST);Wed Sep 18 2019 17:29:28 GMT+0200 (CEST);1568827768000
1380556832687962;-273.2;25.9;Thu Sep 19 2019 06:54:06 GMT+0200 (CEST);Thu Sep 19 2019 04:54:06 GMT+0200 (CEST);1568868846000
1380556832687962;-273.2;25.9;Thu Sep 19 2019 06:55:59 GMT+0200 (CEST);Thu Sep 19 2019 04:55:59 GMT+0200 (CEST);1568868959000
1380556832687962;-273.2;19;Thu Sep 19 2019 07:03:39 GMT+0200 (CEST);Thu Sep 19 2019 05:03:39 GMT+0200 (CEST);1568869419000
1380556832687962;-273.2;19.3;Thu Sep 19 2019 07:05:34 GMT+0200 (CEST);Thu Sep 19 2019 05:05:34 GMT+0200 (CEST);1568869534000
1380556832687962;-273.2;31;Thu Sep 19 2019 07:07:27 GMT+0200 (CEST);Thu Sep 19 2019 05:07:27 GMT+0200 (CEST);1568869647000
1380556832687962;-273.2;31;Thu Sep 19 2019 07:09:34 GMT+0200 (CEST);Thu Sep 19 2019 05:09:34 GMT+0200 (CEST);1568869774000
1380556832687962;-273.2;29.3;Thu Sep 19 2019 07:11:29 GMT+0200 (CEST);Thu Sep 19 2019 05:11:29 GMT+0200 (CEST);1568869889000
1380556832687962;5.3;30;Thu Sep 19 2019 07:13:22 GMT+0200 (CEST);Thu Sep 19 2019 05:13:22 GMT+0200 (CEST);1568870002000
1380556832687962;5.3;30;Thu Sep 19 2019 07:15:15 GMT+0200 (CEST);Thu Sep 19 2019 05:15:15 GMT+0200 (CEST);1568870115000
1380556832687962;5.3;29.9;Thu Sep 19 2019 07:17:12 GMT+0200 (CEST);Thu Sep 19 2019 05:17:12 GMT+0200 (CEST);1568870232000
1380556832687962;5.3;29.8;Thu Sep 19 2019 07:19:18 GMT+0200 (CEST);Thu Sep 19 2019 05:19:18 GMT+0200 (CEST);1568870358000
1380556832687962;5.3;29.9;Thu Sep 19 2019 07:21:10 GMT+0200 (CEST);Thu Sep 19 2019 05:21:10 GMT+0200 (CEST);1568870470000
1380556832687962;5.3;30.3;Thu Sep 19 2019 07:23:31 GMT+0200 (CEST);Thu Sep 19 2019 05:23:31 GMT+0200 (CEST);1568870611000
1380556832687962;5.3;30.6;Thu Sep 19 2019 07:25:24 GMT+0200 (CEST);Thu Sep 19 2019 05:25:24 GMT+0200 (CEST);1568870724000
1380556832687962;5.8;30.8;Thu Sep 19 2019 07:27:16 GMT+0200 (CEST);Thu Sep 19 2019 05:27:16 GMT+0200 (CEST);1568870836000
1380556832687962;5.8;31;Thu Sep 19 2019 07:29:09 GMT+0200 (CEST);Thu Sep 19 2019 05:29:09 GMT+0200 (CEST);1568870949000
1380556832687962;5.8;31.2;Thu Sep 19 2019 07:31:02 GMT+0200 (CEST);Thu Sep 19 2019 05:31:02 GMT+0200 (CEST);1568871062000
1380556832687962;5.8;31.4;Thu Sep 19 2019 07:32:54 GMT+0200 (CEST);Thu Sep 19 2019 05:32:54 GMT+0200 (CEST);1568871174000
1380556832687962;5.8;31.7;Thu Sep 19 2019 07:34:54 GMT+0200 (CEST);Thu Sep 19 2019 05:34:54 GMT+0200 (CEST);1568871294000
1380556832687962;6.8;31.7;Thu Sep 19 2019 07:36:46 GMT+0200 (CEST);Thu Sep 19 2019 05:36:46 GMT+0200 (CEST);1568871406000
1380556832687962;6.8;34.4;Thu Sep 19 2019 07:38:43 GMT+0200 (CEST);Thu Sep 19 2019 05:38:43 GMT+0200 (CEST);1568871523000
1380556832687962;6.8;34.9;Thu Sep 19 2019 07:40:45 GMT+0200 (CEST);Thu Sep 19 2019 05:40:45 GMT+0200 (CEST);1568871645000
1380556832687962;6.8;35;Thu Sep 19 2019 07:42:38 GMT+0200 (CEST);Thu Sep 19 2019 05:42:38 GMT+0200 (CEST);1568871758000
1380556832687962;9.4;35;Thu Sep 19 2019 07:44:34 GMT+0200 (CEST);Thu Sep 19 2019 05:44:34 GMT+0200 (CEST);1568871874000
1380556832687962;9.4;35.5;Thu Sep 19 2019 07:46:28 GMT+0200 (CEST);Thu Sep 19 2019 05:46:28 GMT+0200 (CEST);1568871988000
1380556832687962;9.4;35.8;Thu Sep 19 2019 07:48:24 GMT+0200 (CEST);Thu Sep 19 2019 05:48:24 GMT+0200 (CEST);1568872104000
1380556832687962;9.4;35.9;Thu Sep 19 2019 07:50:28 GMT+0200 (CEST);Thu Sep 19 2019 05:50:28 GMT+0200 (CEST);1568872228000
1380556832687962;9.4;36;Thu Sep 19 2019 07:52:21 GMT+0200 (CEST);Thu Sep 19 2019 05:52:21 GMT+0200 (CEST);1568872341000
1380556832687962;9.9;35.9;Thu Sep 19 2019 07:54:13 GMT+0200 (CEST);Thu Sep 19 2019 05:54:13 GMT+0200 (CEST);1568872453000
1380556832687962;9.9;36.1;Thu Sep 19 2019 07:56:07 GMT+0200 (CEST);Thu Sep 19 2019 05:56:07 GMT+0200 (CEST);1568872567000
1380556832687962;9.9;36.1;Thu Sep 19 2019 07:57:59 GMT+0200 (CEST);Thu Sep 19 2019 05:57:59 GMT+0200 (CEST);1568872679000
1380556832687962;9.9;36.3;Thu Sep 19 2019 07:59:58 GMT+0200 (CEST);Thu Sep 19 2019 05:59:58 GMT+0200 (CEST);1568872798000
1380556832687962;9.9;36.4;Thu Sep 19 2019 08:01:55 GMT+0200 (CEST);Thu Sep 19 2019 06:01:55 GMT+0200 (CEST);1568872915000
1380556832687962;9.9;36.4;Thu Sep 19 2019 08:03:48 GMT+0200 (CEST);Thu Sep 19 2019 06:03:48 GMT+0200 (CEST);1568873028000
1380556832687962;9.9;36.6;Thu Sep 19 2019 08:05:41 GMT+0200 (CEST);Thu Sep 19 2019 06:05:41 GMT+0200 (CEST);1568873141000
1380556832687962;9.9;39.1;Thu Sep 19 2019 08:07:36 GMT+0200 (CEST);Thu Sep 19 2019 06:07:36 GMT+0200 (CEST);1568873256000
1380556832687962;13.4;40.4;Thu Sep 19 2019 08:09:32 GMT+0200 (CEST);Thu Sep 19 2019 06:09:32 GMT+0200 (CEST);1568873372000
1380556832687962;13.4;40.4;Thu Sep 19 2019 08:11:27 GMT+0200 (CEST);Thu Sep 19 2019 06:11:27 GMT+0200 (CEST);1568873487000
1380556832687962;13.4;40.4;Thu Sep 19 2019 08:13:24 GMT+0200 (CEST);Thu Sep 19 2019 06:13:24 GMT+0200 (CEST);1568873604000
1380556832687962;14.9;40.4;Thu Sep 19 2019 08:15:17 GMT+0200 (CEST);Thu Sep 19 2019 06:15:17 GMT+0200 (CEST);1568873717000
1380556832687962;14.9;40.4;Thu Sep 19 2019 08:17:09 GMT+0200 (CEST);Thu Sep 19 2019 06:17:09 GMT+0200 (CEST);1568873829000
1380556832687962;15.9;40.4;Thu Sep 19 2019 08:19:03 GMT+0200 (CEST);Thu Sep 19 2019 06:19:03 GMT+0200 (CEST);1568873943000
1380556832687962;15.9;40.4;Thu Sep 19 2019 08:21:24 GMT+0200 (CEST);Thu Sep 19 2019 06:21:24 GMT+0200 (CEST);1568874084000
1380556832687962;17.9;40.4;Thu Sep 19 2019 08:23:16 GMT+0200 (CEST);Thu Sep 19 2019 06:23:16 GMT+0200 (CEST);1568874196000
1380556832687962;17.9;40.4;Thu Sep 19 2019 08:25:09 GMT+0200 (CEST);Thu Sep 19 2019 06:25:09 GMT+0200 (CEST);1568874309000
1380556832687962;17.9;40.4;Thu Sep 19 2019 08:27:10 GMT+0200 (CEST);Thu Sep 19 2019 06:27:10 GMT+0200 (CEST);1568874430000
1380556832687962;19.4;40.4;Thu Sep 19 2019 08:29:02 GMT+0200 (CEST);Thu Sep 19 2019 06:29:02 GMT+0200 (CEST);1568874542000
1380556832687962;19.4;40.4;Thu Sep 19 2019 08:31:01 GMT+0200 (CEST);Thu Sep 19 2019 06:31:01 GMT+0200 (CEST);1568874661000
1380556832687962;19.9;40.4;Thu Sep 19 2019 08:32:54 GMT+0200 (CEST);Thu Sep 19 2019 06:32:54 GMT+0200 (CEST);1568874774000
1380556832687962;19.9;40.4;Thu Sep 19 2019 08:34:51 GMT+0200 (CEST);Thu Sep 19 2019 06:34:51 GMT+0200 (CEST);1568874891000
1380556832687962;19.9;39.9;Thu Sep 19 2019 08:37:02 GMT+0200 (CEST);Thu Sep 19 2019 06:37:02 GMT+0200 (CEST);1568875022000
1380556832687962;19.9;38.4;Thu Sep 19 2019 08:38:55 GMT+0200 (CEST);Thu Sep 19 2019 06:38:55 GMT+0200 (CEST);1568875135000
1380556832687962;19.9;38.6;Thu Sep 19 2019 08:40:52 GMT+0200 (CEST);Thu Sep 19 2019 06:40:52 GMT+0200 (CEST);1568875252000
1380556832687962;19.9;39.2;Thu Sep 19 2019 08:42:46 GMT+0200 (CEST);Thu Sep 19 2019 06:42:46 GMT+0200 (CEST);1568875366000
1380556832687962;19.9;39.4;Thu Sep 19 2019 08:44:43 GMT+0200 (CEST);Thu Sep 19 2019 06:44:43 GMT+0200 (CEST);1568875483000
1380556832687962;19.9;38.2;Thu Sep 19 2019 08:46:35 GMT+0200 (CEST);Thu Sep 19 2019 06:46:35 GMT+0200 (CEST);1568875595000
1380556832687962;19.9;38.3;Thu Sep 19 2019 08:48:29 GMT+0200 (CEST);Thu Sep 19 2019 06:48:29 GMT+0200 (CEST);1568875709000
1380556832687962;19.9;38;Thu Sep 19 2019 08:50:22 GMT+0200 (CEST);Thu Sep 19 2019 06:50:22 GMT+0200 (CEST);1568875822000
1380556832687962;19.9;38;Thu Sep 19 2019 08:52:38 GMT+0200 (CEST);Thu Sep 19 2019 06:52:38 GMT+0200 (CEST);1568875958000
1380556832687962;19.9;37.4;Thu Sep 19 2019 08:54:30 GMT+0200 (CEST);Thu Sep 19 2019 06:54:30 GMT+0200 (CEST);1568876070000
1380556832687962;19.9;36.9;Thu Sep 19 2019 08:56:24 GMT+0200 (CEST);Thu Sep 19 2019 06:56:24 GMT+0200 (CEST);1568876184000
1380556832687962;21.5;36.9;Thu Sep 19 2019 08:58:19 GMT+0200 (CEST);Thu Sep 19 2019 06:58:19 GMT+0200 (CEST);1568876299000
1380556832687962;21.5;36.9;Thu Sep 19 2019 09:00:20 GMT+0200 (CEST);Thu Sep 19 2019 07:00:20 GMT+0200 (CEST);1568876420000
1380556832687962;21.5;37.1;Thu Sep 19 2019 09:02:24 GMT+0200 (CEST);Thu Sep 19 2019 07:02:24 GMT+0200 (CEST);1568876544000
1380556832687962;21.5;37.1;Thu Sep 19 2019 09:04:16 GMT+0200 (CEST);Thu Sep 19 2019 07:04:16 GMT+0200 (CEST);1568876656000
1380556832687962;21.5;36.9;Thu Sep 19 2019 09:06:09 GMT+0200 (CEST);Thu Sep 19 2019 07:06:09 GMT+0200 (CEST);1568876769000
1380556832687962;23;35.4;Thu Sep 19 2019 09:08:14 GMT+0200 (CEST);Thu Sep 19 2019 07:08:14 GMT+0200 (CEST);1568876894000
1380556832687962;23;35.5;Thu Sep 19 2019 09:10:06 GMT+0200 (CEST);Thu Sep 19 2019 07:10:06 GMT+0200 (CEST);1568877006000
1380556832687962;23;35.7;Thu Sep 19 2019 09:12:00 GMT+0200 (CEST);Thu Sep 19 2019 07:12:00 GMT+0200 (CEST);1568877120000
1380556832687962;23;35.8;Thu Sep 19 2019 09:13:53 GMT+0200 (CEST);Thu Sep 19 2019 07:13:53 GMT+0200 (CEST);1568877233000
1380556832687962;23;35.8;Thu Sep 19 2019 09:15:46 GMT+0200 (CEST);Thu Sep 19 2019 07:15:46 GMT+0200 (CEST);1568877346000
1380556832687962;25.5;35.9;Thu Sep 19 2019 09:17:43 GMT+0200 (CEST);Thu Sep 19 2019 07:17:43 GMT+0200 (CEST);1568877463000
1380556832687962;25.5;35.7;Thu Sep 19 2019 09:19:36 GMT+0200 (CEST);Thu Sep 19 2019 07:19:36 GMT+0200 (CEST);1568877576000
1380556832687962;25.5;35.5;Thu Sep 19 2019 09:21:28 GMT+0200 (CEST);Thu Sep 19 2019 07:21:28 GMT+0200 (CEST);1568877688000
1380556832687962;25.5;35.8;Thu Sep 19 2019 09:23:40 GMT+0200 (CEST);Thu Sep 19 2019 07:23:40 GMT+0200 (CEST);1568877820000
1380556832687962;25.5;35.9;Thu Sep 19 2019 09:25:34 GMT+0200 (CEST);Thu Sep 19 2019 07:25:34 GMT+0200 (CEST);1568877934000
1380556832687962;25.5;35.6;Thu Sep 19 2019 09:27:27 GMT+0200 (CEST);Thu Sep 19 2019 07:27:27 GMT+0200 (CEST);1568878047000
1380556832687962;25.5;35.5;Thu Sep 19 2019 09:29:20 GMT+0200 (CEST);Thu Sep 19 2019 07:29:20 GMT+0200 (CEST);1568878160000
1380556832687962;25.5;35.4;Thu Sep 19 2019 09:31:28 GMT+0200 (CEST);Thu Sep 19 2019 07:31:28 GMT+0200 (CEST);1568878288000
1380556832687962;25.5;35.5;Thu Sep 19 2019 09:33:21 GMT+0200 (CEST);Thu Sep 19 2019 07:33:21 GMT+0200 (CEST);1568878401000
1380556832687962;25.5;35.5;Thu Sep 19 2019 09:35:20 GMT+0200 (CEST);Thu Sep 19 2019 07:35:20 GMT+0200 (CEST);1568878520000
1380556832687962;25.5;35.4;Thu Sep 19 2019 09:37:23 GMT+0200 (CEST);Thu Sep 19 2019 07:37:23 GMT+0200 (CEST);1568878643000
1380556832687962;25.5;35.2;Thu Sep 19 2019 09:39:23 GMT+0200 (CEST);Thu Sep 19 2019 07:39:23 GMT+0200 (CEST);1568878763000
1380556832687962;28;35.3;Thu Sep 19 2019 09:41:16 GMT+0200 (CEST);Thu Sep 19 2019 07:41:16 GMT+0200 (CEST);1568878876000
1380556832687962;28;35.4;Thu Sep 19 2019 09:43:09 GMT+0200 (CEST);Thu Sep 19 2019 07:43:09 GMT+0200 (CEST);1568878989000
1380556832687962;28;35.4;Thu Sep 19 2019 09:45:02 GMT+0200 (CEST);Thu Sep 19 2019 07:45:02 GMT+0200 (CEST);1568879102000
1380556832687962;28;35.2;Thu Sep 19 2019 09:46:55 GMT+0200 (CEST);Thu Sep 19 2019 07:46:55 GMT+0200 (CEST);1568879215000
1380556832687962;28;35;Thu Sep 19 2019 09:48:47 GMT+0200 (CEST);Thu Sep 19 2019 07:48:47 GMT+0200 (CEST);1568879327000
1380556832687962;29.5;34.9;Thu Sep 19 2019 09:50:40 GMT+0200 (CEST);Thu Sep 19 2019 07:50:40 GMT+0200 (CEST);1568879440000
1380556832687962;29.5;35;Thu Sep 19 2019 09:52:42 GMT+0200 (CEST);Thu Sep 19 2019 07:52:42 GMT+0200 (CEST);1568879562000
1380556832687962;29.5;35;Thu Sep 19 2019 09:55:00 GMT+0200 (CEST);Thu Sep 19 2019 07:55:00 GMT+0200 (CEST);1568879700000
1380556832687962;29.5;35;Thu Sep 19 2019 09:56:57 GMT+0200 (CEST);Thu Sep 19 2019 07:56:57 GMT+0200 (CEST);1568879817000
1380556832687962;29.5;34.9;Thu Sep 19 2019 09:58:54 GMT+0200 (CEST);Thu Sep 19 2019 07:58:54 GMT+0200 (CEST);1568879934000
1380556832687962;29.5;34.6;Thu Sep 19 2019 10:00:49 GMT+0200 (CEST);Thu Sep 19 2019 08:00:49 GMT+0200 (CEST);1568880049000
1380556832687962;29.5;34.6;Thu Sep 19 2019 10:02:43 GMT+0200 (CEST);Thu Sep 19 2019 08:02:43 GMT+0200 (CEST);1568880163000
1380556832687962;29.5;34.6;Thu Sep 19 2019 10:04:36 GMT+0200 (CEST);Thu Sep 19 2019 08:04:36 GMT+0200 (CEST);1568880276000
1380556832687962;30;34.6;Thu Sep 19 2019 10:06:43 GMT+0200 (CEST);Thu Sep 19 2019 08:06:43 GMT+0200 (CEST);1568880403000
1380556832687962;30;34.6;Thu Sep 19 2019 10:08:36 GMT+0200 (CEST);Thu Sep 19 2019 08:08:36 GMT+0200 (CEST);1568880516000
1380556832687962;31.5;34.3;Thu Sep 19 2019 10:10:39 GMT+0200 (CEST);Thu Sep 19 2019 08:10:39 GMT+0200 (CEST);1568880639000
1380556832687962;31.5;34.2;Thu Sep 19 2019 10:12:38 GMT+0200 (CEST);Thu Sep 19 2019 08:12:38 GMT+0200 (CEST);1568880758000
1380556832687962;32;34.2;Thu Sep 19 2019 10:14:31 GMT+0200 (CEST);Thu Sep 19 2019 08:14:31 GMT+0200 (CEST);1568880871000
1380556832687962;32;34.2;Thu Sep 19 2019 10:16:29 GMT+0200 (CEST);Thu Sep 19 2019 08:16:29 GMT+0200 (CEST);1568880989000
1380556832687962;32;34.2;Thu Sep 19 2019 10:18:23 GMT+0200 (CEST);Thu Sep 19 2019 08:18:23 GMT+0200 (CEST);1568881103000
1380556832687962;32;34.5;Thu Sep 19 2019 10:20:17 GMT+0200 (CEST);Thu Sep 19 2019 08:20:17 GMT+0200 (CEST);1568881217000
1380556832687962;32;34.5;Thu Sep 19 2019 10:22:10 GMT+0200 (CEST);Thu Sep 19 2019 08:22:10 GMT+0200 (CEST);1568881330000
1380556832687962;33.5;34.2;Thu Sep 19 2019 10:24:03 GMT+0200 (CEST);Thu Sep 19 2019 08:24:03 GMT+0200 (CEST);1568881443000
1380556832687962;33.5;34.2;Thu Sep 19 2019 10:26:00 GMT+0200 (CEST);Thu Sep 19 2019 08:26:00 GMT+0200 (CEST);1568881560000
1380556832687962;33.5;34.2;Thu Sep 19 2019 10:27:55 GMT+0200 (CEST);Thu Sep 19 2019 08:27:55 GMT+0200 (CEST);1568881675000
1380556832687962;33.5;34.2;Thu Sep 19 2019 10:29:49 GMT+0200 (CEST);Thu Sep 19 2019 08:29:49 GMT+0200 (CEST);1568881789000
1380556832687962;33.5;34.2;Thu Sep 19 2019 10:31:45 GMT+0200 (CEST);Thu Sep 19 2019 08:31:45 GMT+0200 (CEST);1568881905000
1380556832687962;33.5;34;Thu Sep 19 2019 10:33:57 GMT+0200 (CEST);Thu Sep 19 2019 08:33:57 GMT+0200 (CEST);1568882037000
1380556832687962;33.5;34;Thu Sep 19 2019 10:35:51 GMT+0200 (CEST);Thu Sep 19 2019 08:35:51 GMT+0200 (CEST);1568882151000
1380556832687962;34;33.9;Thu Sep 19 2019 10:37:43 GMT+0200 (CEST);Thu Sep 19 2019 08:37:43 GMT+0200 (CEST);1568882263000
1380556832687962;34;33.9;Thu Sep 19 2019 10:39:36 GMT+0200 (CEST);Thu Sep 19 2019 08:39:36 GMT+0200 (CEST);1568882376000
1380556832687962;34;34.2;Thu Sep 19 2019 10:41:33 GMT+0200 (CEST);Thu Sep 19 2019 08:41:33 GMT+0200 (CEST);1568882493000
1380556832687962;34;34.1;Thu Sep 19 2019 10:43:26 GMT+0200 (CEST);Thu Sep 19 2019 08:43:26 GMT+0200 (CEST);1568882606000
1380556832687962;34;34.1;Thu Sep 19 2019 10:45:19 GMT+0200 (CEST);Thu Sep 19 2019 08:45:19 GMT+0200 (CEST);1568882719000
1380556832687962;34;34;Thu Sep 19 2019 10:47:12 GMT+0200 (CEST);Thu Sep 19 2019 08:47:12 GMT+0200 (CEST);1568882832000
1380556832687962;35.6;33.8;Thu Sep 19 2019 10:49:30 GMT+0200 (CEST);Thu Sep 19 2019 08:49:30 GMT+0200 (CEST);1568882970000
1380556832687962;35.6;33.8;Thu Sep 19 2019 10:51:22 GMT+0200 (CEST);Thu Sep 19 2019 08:51:22 GMT+0200 (CEST);1568883082000
1380556832687962;35.6;33.5;Thu Sep 19 2019 10:53:16 GMT+0200 (CEST);Thu Sep 19 2019 08:53:16 GMT+0200 (CEST);1568883196000
1380556832687962;35.6;35.5;Thu Sep 19 2019 10:55:09 GMT+0200 (CEST);Thu Sep 19 2019 08:55:09 GMT+0200 (CEST);1568883309000
1380556832687962;35.6;34.1;Thu Sep 19 2019 10:57:02 GMT+0200 (CEST);Thu Sep 19 2019 08:57:02 GMT+0200 (CEST);1568883422000
1380556832687962;35.6;33.8;Thu Sep 19 2019 10:58:55 GMT+0200 (CEST);Thu Sep 19 2019 08:58:55 GMT+0200 (CEST);1568883535000
1380556832687962;35.6;31.6;Thu Sep 19 2019 11:00:47 GMT+0200 (CEST);Thu Sep 19 2019 09:00:47 GMT+0200 (CEST);1568883647000
1380556832687962;35.6;33.7;Thu Sep 19 2019 11:02:40 GMT+0200 (CEST);Thu Sep 19 2019 09:02:40 GMT+0200 (CEST);1568883760000
1380556832687962;35.6;34.4;Thu Sep 19 2019 11:04:34 GMT+0200 (CEST);Thu Sep 19 2019 09:04:34 GMT+0200 (CEST);1568883874000
1380556832687962;35.6;33.1;Thu Sep 19 2019 11:06:28 GMT+0200 (CEST);Thu Sep 19 2019 09:06:28 GMT+0200 (CEST);1568883988000
1380556832687962;35.6;33.3;Thu Sep 19 2019 11:08:22 GMT+0200 (CEST);Thu Sep 19 2019 09:08:22 GMT+0200 (CEST);1568884102000
1380556832687962;35.6;33.5;Thu Sep 19 2019 11:10:15 GMT+0200 (CEST);Thu Sep 19 2019 09:10:15 GMT+0200 (CEST);1568884215000
1380556832687962;35.6;33.9;Thu Sep 19 2019 11:12:08 GMT+0200 (CEST);Thu Sep 19 2019 09:12:08 GMT+0200 (CEST);1568884328000
1380556832687962;35.6;35.2;Thu Sep 19 2019 11:14:01 GMT+0200 (CEST);Thu Sep 19 2019 09:14:01 GMT+0200 (CEST);1568884441000
1380556832687962;35.6;34.5;Thu Sep 19 2019 11:15:54 GMT+0200 (CEST);Thu Sep 19 2019 09:15:54 GMT+0200 (CEST);1568884554000
1380556832687962;31.5;34.3;Thu Sep 19 2019 11:17:54 GMT+0200 (CEST);Thu Sep 19 2019 09:17:54 GMT+0200 (CEST);1568884674000
1380556832687962;31.5;33.7;Thu Sep 19 2019 11:19:46 GMT+0200 (CEST);Thu Sep 19 2019 09:19:46 GMT+0200 (CEST);1568884786000
1380556832687962;31.5;32.9;Thu Sep 19 2019 11:21:39 GMT+0200 (CEST);Thu Sep 19 2019 09:21:39 GMT+0200 (CEST);1568884899000
1380556832687962;33.5;33.3;Thu Sep 19 2019 11:23:32 GMT+0200 (CEST);Thu Sep 19 2019 09:23:32 GMT+0200 (CEST);1568885012000
1380556832687962;33.5;32.9;Thu Sep 19 2019 11:25:36 GMT+0200 (CEST);Thu Sep 19 2019 09:25:36 GMT+0200 (CEST);1568885136000
1380556832687962;34;31.5;Thu Sep 19 2019 11:27:30 GMT+0200 (CEST);Thu Sep 19 2019 09:27:30 GMT+0200 (CEST);1568885250000
1380556832687962;34;32.3;Thu Sep 19 2019 11:29:25 GMT+0200 (CEST);Thu Sep 19 2019 09:29:25 GMT+0200 (CEST);1568885365000
1380556832687962;34;34.7;Thu Sep 19 2019 11:31:19 GMT+0200 (CEST);Thu Sep 19 2019 09:31:19 GMT+0200 (CEST);1568885479000
1380556832687962;34;34.2;Thu Sep 19 2019 11:33:06 GMT+0200 (CEST);Thu Sep 19 2019 09:33:06 GMT+0200 (CEST);1568885586000
1380556832687962;34;34.2;Thu Sep 19 2019 11:34:59 GMT+0200 (CEST);Thu Sep 19 2019 09:34:59 GMT+0200 (CEST);1568885699000
1380556832687962;34;33.4;Thu Sep 19 2019 11:36:54 GMT+0200 (CEST);Thu Sep 19 2019 09:36:54 GMT+0200 (CEST);1568885814000
1380556832687962;34;33.5;Thu Sep 19 2019 11:39:09 GMT+0200 (CEST);Thu Sep 19 2019 09:39:09 GMT+0200 (CEST);1568885949000
1380556832687962;34;33.4;Thu Sep 19 2019 11:41:31 GMT+0200 (CEST);Thu Sep 19 2019 09:41:31 GMT+0200 (CEST);1568886091000
1380556832687962;35.6;33.1;Thu Sep 19 2019 11:43:40 GMT+0200 (CEST);Thu Sep 19 2019 09:43:40 GMT+0200 (CEST);1568886220000
1380556832687962;35.6;32.8;Thu Sep 19 2019 11:45:32 GMT+0200 (CEST);Thu Sep 19 2019 09:45:32 GMT+0200 (CEST);1568886332000
1380556832687962;35.6;32.7;Thu Sep 19 2019 11:47:26 GMT+0200 (CEST);Thu Sep 19 2019 09:47:26 GMT+0200 (CEST);1568886446000
1380556832687962;37.6;32.7;Thu Sep 19 2019 11:49:28 GMT+0200 (CEST);Thu Sep 19 2019 09:49:28 GMT+0200 (CEST);1568886568000
1380556832687962;37.6;32.4;Thu Sep 19 2019 11:51:20 GMT+0200 (CEST);Thu Sep 19 2019 09:51:20 GMT+0200 (CEST);1568886680000
1380556832687962;37.6;32.1;Thu Sep 19 2019 11:53:26 GMT+0200 (CEST);Thu Sep 19 2019 09:53:26 GMT+0200 (CEST);1568886806000
1380556832687962;37.6;32.2;Thu Sep 19 2019 11:55:19 GMT+0200 (CEST);Thu Sep 19 2019 09:55:19 GMT+0200 (CEST);1568886919000
1380556832687962;39.1;32;Thu Sep 19 2019 11:57:14 GMT+0200 (CEST);Thu Sep 19 2019 09:57:14 GMT+0200 (CEST);1568887034000
1380556832687962;39.1;32.9;Thu Sep 19 2019 11:59:07 GMT+0200 (CEST);Thu Sep 19 2019 09:59:07 GMT+0200 (CEST);1568887147000
1380556832687962;39.1;31.7;Thu Sep 19 2019 12:00:59 GMT+0200 (CEST);Thu Sep 19 2019 10:00:59 GMT+0200 (CEST);1568887259000
1380556832687962;39.1;32.2;Thu Sep 19 2019 12:02:52 GMT+0200 (CEST);Thu Sep 19 2019 10:02:52 GMT+0200 (CEST);1568887372000
1380556832687962;39.1;32.8;Thu Sep 19 2019 12:04:55 GMT+0200 (CEST);Thu Sep 19 2019 10:04:55 GMT+0200 (CEST);1568887495000
1380556832687962;39.1;33;Thu Sep 19 2019 12:07:06 GMT+0200 (CEST);Thu Sep 19 2019 10:07:06 GMT+0200 (CEST);1568887626000
1380556832687962;39.1;33.2;Thu Sep 19 2019 12:09:20 GMT+0200 (CEST);Thu Sep 19 2019 10:09:20 GMT+0200 (CEST);1568887760000
1380556832687962;39.1;33.8;Thu Sep 19 2019 12:11:13 GMT+0200 (CEST);Thu Sep 19 2019 10:11:13 GMT+0200 (CEST);1568887873000
1380556832687962;33.5;36.5;Thu Sep 19 2019 12:13:10 GMT+0200 (CEST);Thu Sep 19 2019 10:13:10 GMT+0200 (CEST);1568887990000
1380556832687962;33.5;36.5;Thu Sep 19 2019 12:15:03 GMT+0200 (CEST);Thu Sep 19 2019 10:15:03 GMT+0200 (CEST);1568888103000
1380556832687962;33.5;34.3;Thu Sep 19 2019 12:16:58 GMT+0200 (CEST);Thu Sep 19 2019 10:16:58 GMT+0200 (CEST);1568888218000
1380556832687962;33.5;35.2;Thu Sep 19 2019 12:18:52 GMT+0200 (CEST);Thu Sep 19 2019 10:18:52 GMT+0200 (CEST);1568888332000
1380556832687962;33.5;33.3;Thu Sep 19 2019 12:20:57 GMT+0200 (CEST);Thu Sep 19 2019 10:20:57 GMT+0200 (CEST);1568888457000
1380556832687962;33.5;34.5;Thu Sep 19 2019 12:22:49 GMT+0200 (CEST);Thu Sep 19 2019 10:22:49 GMT+0200 (CEST);1568888569000
1380556832687962;33.5;33.8;Thu Sep 19 2019 12:24:43 GMT+0200 (CEST);Thu Sep 19 2019 10:24:43 GMT+0200 (CEST);1568888683000
1380556832687962;35.6;34;Thu Sep 19 2019 12:26:37 GMT+0200 (CEST);Thu Sep 19 2019 10:26:37 GMT+0200 (CEST);1568888797000
1380556832687962;35.6;33.5;Thu Sep 19 2019 12:28:30 GMT+0200 (CEST);Thu Sep 19 2019 10:28:30 GMT+0200 (CEST);1568888910000
1380556832687962;35.6;33.8;Thu Sep 19 2019 12:30:58 GMT+0200 (CEST);Thu Sep 19 2019 10:30:58 GMT+0200 (CEST);1568889058000
1380556832687962;37.6;33.2;Thu Sep 19 2019 12:32:50 GMT+0200 (CEST);Thu Sep 19 2019 10:32:50 GMT+0200 (CEST);1568889170000
1380556832687962;37.6;33.7;Thu Sep 19 2019 12:34:59 GMT+0200 (CEST);Thu Sep 19 2019 10:34:59 GMT+0200 (CEST);1568889299000
1380556832687962;37.6;33.1;Thu Sep 19 2019 12:36:51 GMT+0200 (CEST);Thu Sep 19 2019 10:36:51 GMT+0200 (CEST);1568889411000
1380556832687962;37.6;33.4;Thu Sep 19 2019 12:38:44 GMT+0200 (CEST);Thu Sep 19 2019 10:38:44 GMT+0200 (CEST);1568889524000
1380556832687962;37.6;33.3;Thu Sep 19 2019 12:40:37 GMT+0200 (CEST);Thu Sep 19 2019 10:40:37 GMT+0200 (CEST);1568889637000
1380556832687962;37.6;33.6;Thu Sep 19 2019 12:42:29 GMT+0200 (CEST);Thu Sep 19 2019 10:42:29 GMT+0200 (CEST);1568889749000
1380556832687962;37.6;33.5;Thu Sep 19 2019 12:44:22 GMT+0200 (CEST);Thu Sep 19 2019 10:44:22 GMT+0200 (CEST);1568889862000
1380556832687962;39.1;33.9;Thu Sep 19 2019 12:46:15 GMT+0200 (CEST);Thu Sep 19 2019 10:46:15 GMT+0200 (CEST);1568889975000
1380556832687962;39.1;33.8;Thu Sep 19 2019 12:48:08 GMT+0200 (CEST);Thu Sep 19 2019 10:48:08 GMT+0200 (CEST);1568890088000
1380556832687962;41.6;33.8;Thu Sep 19 2019 12:50:48 GMT+0200 (CEST);Thu Sep 19 2019 10:50:48 GMT+0200 (CEST);1568890248000
1380556832687962;41.6;33.6;Thu Sep 19 2019 12:52:48 GMT+0200 (CEST);Thu Sep 19 2019 10:52:48 GMT+0200 (CEST);1568890368000
1380556832687962;41.6;33.3;Thu Sep 19 2019 12:54:47 GMT+0200 (CEST);Thu Sep 19 2019 10:54:47 GMT+0200 (CEST);1568890487000
1380556832687962;41.6;33.3;Thu Sep 19 2019 12:56:43 GMT+0200 (CEST);Thu Sep 19 2019 10:56:43 GMT+0200 (CEST);1568890603000
1380556832687962;41.6;33.5;Thu Sep 19 2019 12:58:36 GMT+0200 (CEST);Thu Sep 19 2019 10:58:36 GMT+0200 (CEST);1568890716000
1380556832687962;42.1;31.8;Thu Sep 19 2019 13:00:29 GMT+0200 (CEST);Thu Sep 19 2019 11:00:29 GMT+0200 (CEST);1568890829000
1380556832687962;42.1;32.8;Thu Sep 19 2019 13:02:23 GMT+0200 (CEST);Thu Sep 19 2019 11:02:23 GMT+0200 (CEST);1568890943000
1380556832687962;42.1;34;Thu Sep 19 2019 13:04:16 GMT+0200 (CEST);Thu Sep 19 2019 11:04:16 GMT+0200 (CEST);1568891056000
1380556832687962;39.1;34;Thu Sep 19 2019 13:06:08 GMT+0200 (CEST);Thu Sep 19 2019 11:06:08 GMT+0200 (CEST);1568891168000
1380556832687962;39.1;32.5;Thu Sep 19 2019 13:08:01 GMT+0200 (CEST);Thu Sep 19 2019 11:08:01 GMT+0200 (CEST);1568891281000
1380556832687962;39.1;35.2;Thu Sep 19 2019 13:09:55 GMT+0200 (CEST);Thu Sep 19 2019 11:09:55 GMT+0200 (CEST);1568891395000
1380556832687962;39.1;34.7;Thu Sep 19 2019 13:11:48 GMT+0200 (CEST);Thu Sep 19 2019 11:11:48 GMT+0200 (CEST);1568891508000
1380556832687962;39.1;34.2;Thu Sep 19 2019 13:13:41 GMT+0200 (CEST);Thu Sep 19 2019 11:13:41 GMT+0200 (CEST);1568891621000
1380556832687962;38.1;34.2;Thu Sep 19 2019 13:15:33 GMT+0200 (CEST);Thu Sep 19 2019 11:15:33 GMT+0200 (CEST);1568891733000
1380556832687962;38.1;34.2;Thu Sep 19 2019 13:17:27 GMT+0200 (CEST);Thu Sep 19 2019 11:17:27 GMT+0200 (CEST);1568891847000
1380556832687962;38.1;33.7;Thu Sep 19 2019 13:19:20 GMT+0200 (CEST);Thu Sep 19 2019 11:19:20 GMT+0200 (CEST);1568891960000
1380556832687962;38.1;32;Thu Sep 19 2019 13:22:33 GMT+0200 (CEST);Thu Sep 19 2019 11:22:33 GMT+0200 (CEST);1568892153000
1380556832687962;38.1;34.4;Thu Sep 19 2019 13:24:26 GMT+0200 (CEST);Thu Sep 19 2019 11:24:26 GMT+0200 (CEST);1568892266000
1380556832687962;38.1;34;Thu Sep 19 2019 13:26:21 GMT+0200 (CEST);Thu Sep 19 2019 11:26:21 GMT+0200 (CEST);1568892381000
1380556832687962;38.1;34;Thu Sep 19 2019 13:28:16 GMT+0200 (CEST);Thu Sep 19 2019 11:28:16 GMT+0200 (CEST);1568892496000
1380556832687962;38.1;33.9;Thu Sep 19 2019 13:30:09 GMT+0200 (CEST);Thu Sep 19 2019 11:30:09 GMT+0200 (CEST);1568892609000
1380556832687962;38.1;33.9;Thu Sep 19 2019 13:32:02 GMT+0200 (CEST);Thu Sep 19 2019 11:32:02 GMT+0200 (CEST);1568892722000
1380556832687962;38.1;33.8;Thu Sep 19 2019 13:33:57 GMT+0200 (CEST);Thu Sep 19 2019 11:33:57 GMT+0200 (CEST);1568892837000
1380556832687962;38.1;32.1;Thu Sep 19 2019 13:35:59 GMT+0200 (CEST);Thu Sep 19 2019 11:35:59 GMT+0200 (CEST);1568892959000
1380556832687962;38.1;34.7;Thu Sep 19 2019 13:37:51 GMT+0200 (CEST);Thu Sep 19 2019 11:37:51 GMT+0200 (CEST);1568893071000
1380556832687962;37.6;34.7;Thu Sep 19 2019 13:39:44 GMT+0200 (CEST);Thu Sep 19 2019 11:39:44 GMT+0200 (CEST);1568893184000
1380556832687962;37.6;34.4;Thu Sep 19 2019 13:41:37 GMT+0200 (CEST);Thu Sep 19 2019 11:41:37 GMT+0200 (CEST);1568893297000
1380556832687962;37.6;34.4;Thu Sep 19 2019 13:43:33 GMT+0200 (CEST);Thu Sep 19 2019 11:43:33 GMT+0200 (CEST);1568893413000
1380556832687962;38.1;33.9;Thu Sep 19 2019 13:45:26 GMT+0200 (CEST);Thu Sep 19 2019 11:45:26 GMT+0200 (CEST);1568893526000
1380556832687962;38.1;34.1;Thu Sep 19 2019 13:47:27 GMT+0200 (CEST);Thu Sep 19 2019 11:47:27 GMT+0200 (CEST);1568893647000
1380556832687962;38.1;33.7;Thu Sep 19 2019 13:49:23 GMT+0200 (CEST);Thu Sep 19 2019 11:49:23 GMT+0200 (CEST);1568893763000
1380556832687962;38.1;33.9;Thu Sep 19 2019 13:51:25 GMT+0200 (CEST);Thu Sep 19 2019 11:51:25 GMT+0200 (CEST);1568893885000
1380556832687962;39.1;33.8;Thu Sep 19 2019 13:53:40 GMT+0200 (CEST);Thu Sep 19 2019 11:53:40 GMT+0200 (CEST);1568894020000
1380556832687962;39.1;33.7;Thu Sep 19 2019 13:55:33 GMT+0200 (CEST);Thu Sep 19 2019 11:55:33 GMT+0200 (CEST);1568894133000
1380556832687962;39.1;33.7;Thu Sep 19 2019 13:57:26 GMT+0200 (CEST);Thu Sep 19 2019 11:57:26 GMT+0200 (CEST);1568894246000
1380556832687962;39.1;33.6;Thu Sep 19 2019 13:59:31 GMT+0200 (CEST);Thu Sep 19 2019 11:59:31 GMT+0200 (CEST);1568894371000
1380556832687962;39.1;33.8;Thu Sep 19 2019 14:01:24 GMT+0200 (CEST);Thu Sep 19 2019 12:01:24 GMT+0200 (CEST);1568894484000
1380556832687962;41.6;33.7;Thu Sep 19 2019 14:03:16 GMT+0200 (CEST);Thu Sep 19 2019 12:03:16 GMT+0200 (CEST);1568894596000
1380556832687962;41.6;33.8;Thu Sep 19 2019 14:05:09 GMT+0200 (CEST);Thu Sep 19 2019 12:05:09 GMT+0200 (CEST);1568894709000
1380556832687962;41.6;33.5;Thu Sep 19 2019 14:07:03 GMT+0200 (CEST);Thu Sep 19 2019 12:07:03 GMT+0200 (CEST);1568894823000
1380556832687962;41.6;33.7;Thu Sep 19 2019 14:08:56 GMT+0200 (CEST);Thu Sep 19 2019 12:08:56 GMT+0200 (CEST);1568894936000
1380556832687962;41.6;33.8;Thu Sep 19 2019 14:10:50 GMT+0200 (CEST);Thu Sep 19 2019 12:10:50 GMT+0200 (CEST);1568895050000
1380556832687962;41.6;33.8;Thu Sep 19 2019 14:12:43 GMT+0200 (CEST);Thu Sep 19 2019 12:12:43 GMT+0200 (CEST);1568895163000
1380556832687962;41.6;33.6;Thu Sep 19 2019 14:14:35 GMT+0200 (CEST);Thu Sep 19 2019 12:14:35 GMT+0200 (CEST);1568895275000
1380556832687962;41.6;33.7;Thu Sep 19 2019 14:16:29 GMT+0200 (CEST);Thu Sep 19 2019 12:16:29 GMT+0200 (CEST);1568895389000
1380556832687962;41.6;33.8;Thu Sep 19 2019 14:18:22 GMT+0200 (CEST);Thu Sep 19 2019 12:18:22 GMT+0200 (CEST);1568895502000
1380556832687962;41.6;33.6;Thu Sep 19 2019 14:20:14 GMT+0200 (CEST);Thu Sep 19 2019 12:20:14 GMT+0200 (CEST);1568895614000
1380556832687962;41.6;33.8;Thu Sep 19 2019 14:22:11 GMT+0200 (CEST);Thu Sep 19 2019 12:22:11 GMT+0200 (CEST);1568895731000
1380556832687962;41.6;33.8;Thu Sep 19 2019 14:24:04 GMT+0200 (CEST);Thu Sep 19 2019 12:24:04 GMT+0200 (CEST);1568895844000
1380556832687962;41.6;34;Thu Sep 19 2019 14:25:47 GMT+0200 (CEST);Thu Sep 19 2019 12:25:47 GMT+0200 (CEST);1568895947000
1380556832687962;41.6;33.9;Thu Sep 19 2019 14:27:39 GMT+0200 (CEST);Thu Sep 19 2019 12:27:39 GMT+0200 (CEST);1568896059000
1380556832687962;41.6;33.5;Thu Sep 19 2019 14:29:32 GMT+0200 (CEST);Thu Sep 19 2019 12:29:32 GMT+0200 (CEST);1568896172000
1380556832687962;41.6;33.7;Thu Sep 19 2019 14:31:26 GMT+0200 (CEST);Thu Sep 19 2019 12:31:26 GMT+0200 (CEST);1568896286000
1380556832687962;41.6;33.7;Thu Sep 19 2019 14:33:19 GMT+0200 (CEST);Thu Sep 19 2019 12:33:19 GMT+0200 (CEST);1568896399000
1380556832687962;41.6;34;Thu Sep 19 2019 14:35:12 GMT+0200 (CEST);Thu Sep 19 2019 12:35:12 GMT+0200 (CEST);1568896512000
1380556832687962;41.6;34.1;Thu Sep 19 2019 14:37:05 GMT+0200 (CEST);Thu Sep 19 2019 12:37:05 GMT+0200 (CEST);1568896625000
1380556832687962;39.1;34.2;Thu Sep 19 2019 14:38:58 GMT+0200 (CEST);Thu Sep 19 2019 12:38:58 GMT+0200 (CEST);1568896738000
1380556832687962;39.1;33.8;Thu Sep 19 2019 14:40:51 GMT+0200 (CEST);Thu Sep 19 2019 12:40:51 GMT+0200 (CEST);1568896851000
1380556832687962;38.1;33.7;Thu Sep 19 2019 14:42:45 GMT+0200 (CEST);Thu Sep 19 2019 12:42:45 GMT+0200 (CEST);1568896965000
1380556832687962;38.1;33.5;Thu Sep 19 2019 14:44:37 GMT+0200 (CEST);Thu Sep 19 2019 12:44:37 GMT+0200 (CEST);1568897077000
1380556832687962;38.1;33.4;Thu Sep 19 2019 14:46:30 GMT+0200 (CEST);Thu Sep 19 2019 12:46:30 GMT+0200 (CEST);1568897190000
1380556832687962;38.1;33.3;Thu Sep 19 2019 14:48:33 GMT+0200 (CEST);Thu Sep 19 2019 12:48:33 GMT+0200 (CEST);1568897313000
1380556832687962;38.1;33.6;Thu Sep 19 2019 14:50:33 GMT+0200 (CEST);Thu Sep 19 2019 12:50:33 GMT+0200 (CEST);1568897433000
1380556832687962;39.1;33.7;Thu Sep 19 2019 14:52:27 GMT+0200 (CEST);Thu Sep 19 2019 12:52:27 GMT+0200 (CEST);1568897547000
1380556832687962;39.1;33.3;Thu Sep 19 2019 14:54:22 GMT+0200 (CEST);Thu Sep 19 2019 12:54:22 GMT+0200 (CEST);1568897662000
1380556832687962;39.1;32.6;Thu Sep 19 2019 14:56:15 GMT+0200 (CEST);Thu Sep 19 2019 12:56:15 GMT+0200 (CEST);1568897775000
1380556832687962;39.1;33.3;Thu Sep 19 2019 14:58:08 GMT+0200 (CEST);Thu Sep 19 2019 12:58:08 GMT+0200 (CEST);1568897888000
1380556832687962;39.1;33.7;Thu Sep 19 2019 15:00:01 GMT+0200 (CEST);Thu Sep 19 2019 13:00:01 GMT+0200 (CEST);1568898001000
1380556832687962;38.1;33.7;Thu Sep 19 2019 15:01:55 GMT+0200 (CEST);Thu Sep 19 2019 13:01:55 GMT+0200 (CEST);1568898115000
1380556832687962;38.1;33.8;Thu Sep 19 2019 15:03:48 GMT+0200 (CEST);Thu Sep 19 2019 13:03:48 GMT+0200 (CEST);1568898228000
1380556832687962;38.1;33.7;Thu Sep 19 2019 15:05:51 GMT+0200 (CEST);Thu Sep 19 2019 13:05:51 GMT+0200 (CEST);1568898351000
1380556832687962;38.1;34.2;Thu Sep 19 2019 15:07:44 GMT+0200 (CEST);Thu Sep 19 2019 13:07:44 GMT+0200 (CEST);1568898464000
1380556832687962;38.1;34.3;Thu Sep 19 2019 15:09:37 GMT+0200 (CEST);Thu Sep 19 2019 13:09:37 GMT+0200 (CEST);1568898577000
1380556832687962;38.1;34.2;Thu Sep 19 2019 15:11:41 GMT+0200 (CEST);Thu Sep 19 2019 13:11:41 GMT+0200 (CEST);1568898701000
1380556832687962;38.1;34.2;Thu Sep 19 2019 15:13:34 GMT+0200 (CEST);Thu Sep 19 2019 13:13:34 GMT+0200 (CEST);1568898814000
1380556832687962;38.1;34;Thu Sep 19 2019 15:15:27 GMT+0200 (CEST);Thu Sep 19 2019 13:15:27 GMT+0200 (CEST);1568898927000
1380556832687962;38.1;34.4;Thu Sep 19 2019 15:17:19 GMT+0200 (CEST);Thu Sep 19 2019 13:17:19 GMT+0200 (CEST);1568899039000
1380556832687962;38.1;34.2;Thu Sep 19 2019 15:19:13 GMT+0200 (CEST);Thu Sep 19 2019 13:19:13 GMT+0200 (CEST);1568899153000
1380556832687962;38.1;33.9;Thu Sep 19 2019 15:21:06 GMT+0200 (CEST);Thu Sep 19 2019 13:21:06 GMT+0200 (CEST);1568899266000
1380556832687962;38.1;34.2;Thu Sep 19 2019 15:22:58 GMT+0200 (CEST);Thu Sep 19 2019 13:22:58 GMT+0200 (CEST);1568899378000
1380556832687962;38.1;34.2;Thu Sep 19 2019 15:24:51 GMT+0200 (CEST);Thu Sep 19 2019 13:24:51 GMT+0200 (CEST);1568899491000
1380556832687962;38.1;34.2;Thu Sep 19 2019 15:26:44 GMT+0200 (CEST);Thu Sep 19 2019 13:26:44 GMT+0200 (CEST);1568899604000
1380556832687962;38.1;33.9;Thu Sep 19 2019 15:28:36 GMT+0200 (CEST);Thu Sep 19 2019 13:28:36 GMT+0200 (CEST);1568899716000
1380556832687962;38.1;33.7;Thu Sep 19 2019 15:30:32 GMT+0200 (CEST);Thu Sep 19 2019 13:30:32 GMT+0200 (CEST);1568899832000
1380556832687962;38.1;34;Thu Sep 19 2019 15:32:24 GMT+0200 (CEST);Thu Sep 19 2019 13:32:24 GMT+0200 (CEST);1568899944000
1380556832687962;38.1;34.2;Thu Sep 19 2019 15:35:17 GMT+0200 (CEST);Thu Sep 19 2019 13:35:17 GMT+0200 (CEST);1568900117000
1380556832687962;38.1;34.4;Thu Sep 19 2019 15:37:15 GMT+0200 (CEST);Thu Sep 19 2019 13:37:15 GMT+0200 (CEST);1568900235000
1380556832687962;38.1;34.5;Thu Sep 19 2019 15:39:08 GMT+0200 (CEST);Thu Sep 19 2019 13:39:08 GMT+0200 (CEST);1568900348000
1380556832687962;37.6;34.2;Thu Sep 19 2019 15:41:01 GMT+0200 (CEST);Thu Sep 19 2019 13:41:01 GMT+0200 (CEST);1568900461000
1380556832687962;37.6;34.3;Thu Sep 19 2019 15:42:53 GMT+0200 (CEST);Thu Sep 19 2019 13:42:53 GMT+0200 (CEST);1568900573000
1380556832687962;37.6;34.2;Thu Sep 19 2019 15:44:46 GMT+0200 (CEST);Thu Sep 19 2019 13:44:46 GMT+0200 (CEST);1568900686000
1380556832687962;37.6;34.2;Thu Sep 19 2019 15:46:40 GMT+0200 (CEST);Thu Sep 19 2019 13:46:40 GMT+0200 (CEST);1568900800000
1380556832687962;37.6;34.2;Thu Sep 19 2019 15:48:33 GMT+0200 (CEST);Thu Sep 19 2019 13:48:33 GMT+0200 (CEST);1568900913000
1380556832687962;37.6;34.2;Thu Sep 19 2019 15:50:27 GMT+0200 (CEST);Thu Sep 19 2019 13:50:27 GMT+0200 (CEST);1568901027000
1380556832687962;37.6;34.2;Thu Sep 19 2019 15:52:20 GMT+0200 (CEST);Thu Sep 19 2019 13:52:20 GMT+0200 (CEST);1568901140000
1380556832687962;37.6;34.3;Thu Sep 19 2019 15:54:26 GMT+0200 (CEST);Thu Sep 19 2019 13:54:26 GMT+0200 (CEST);1568901266000
1380556832687962;37.6;34.6;Thu Sep 19 2019 15:56:27 GMT+0200 (CEST);Thu Sep 19 2019 13:56:27 GMT+0200 (CEST);1568901387000
1380556832687962;37.6;34.7;Thu Sep 19 2019 15:58:21 GMT+0200 (CEST);Thu Sep 19 2019 13:58:21 GMT+0200 (CEST);1568901501000
1380556832687962;37.6;34.4;Thu Sep 19 2019 16:00:14 GMT+0200 (CEST);Thu Sep 19 2019 14:00:14 GMT+0200 (CEST);1568901614000
1380556832687962;37.6;34.6;Thu Sep 19 2019 16:02:06 GMT+0200 (CEST);Thu Sep 19 2019 14:02:06 GMT+0200 (CEST);1568901726000
1380556832687962;37.6;34.8;Thu Sep 19 2019 16:03:59 GMT+0200 (CEST);Thu Sep 19 2019 14:03:59 GMT+0200 (CEST);1568901839000
1380556832687962;37.6;34.8;Thu Sep 19 2019 16:05:52 GMT+0200 (CEST);Thu Sep 19 2019 14:05:52 GMT+0200 (CEST);1568901952000
1380556832687962;37.6;35.2;Thu Sep 19 2019 16:07:49 GMT+0200 (CEST);Thu Sep 19 2019 14:07:49 GMT+0200 (CEST);1568902069000
1380556832687962;35.6;34.7;Thu Sep 19 2019 16:09:42 GMT+0200 (CEST);Thu Sep 19 2019 14:09:42 GMT+0200 (CEST);1568902182000
1380556832687962;35.6;34.9;Thu Sep 19 2019 16:11:37 GMT+0200 (CEST);Thu Sep 19 2019 14:11:37 GMT+0200 (CEST);1568902297000
1380556832687962;35.6;34.9;Thu Sep 19 2019 16:13:32 GMT+0200 (CEST);Thu Sep 19 2019 14:13:32 GMT+0200 (CEST);1568902412000
1380556832687962;35.6;35.3;Thu Sep 19 2019 16:15:31 GMT+0200 (CEST);Thu Sep 19 2019 14:15:31 GMT+0200 (CEST);1568902531000
1380556832687962;35.6;35.2;Thu Sep 19 2019 16:17:24 GMT+0200 (CEST);Thu Sep 19 2019 14:17:24 GMT+0200 (CEST);1568902644000
1380556832687962;34;35;Thu Sep 19 2019 16:19:24 GMT+0200 (CEST);Thu Sep 19 2019 14:19:24 GMT+0200 (CEST);1568902764000
1380556832687962;34;35;Thu Sep 19 2019 16:21:17 GMT+0200 (CEST);Thu Sep 19 2019 14:21:17 GMT+0200 (CEST);1568902877000
1380556832687962;34;35;Thu Sep 19 2019 16:23:18 GMT+0200 (CEST);Thu Sep 19 2019 14:23:18 GMT+0200 (CEST);1568902998000
1380556832687962;33.5;34.8;Thu Sep 19 2019 16:25:13 GMT+0200 (CEST);Thu Sep 19 2019 14:25:13 GMT+0200 (CEST);1568903113000
1380556832687962;33.5;34.8;Thu Sep 19 2019 16:27:07 GMT+0200 (CEST);Thu Sep 19 2019 14:27:07 GMT+0200 (CEST);1568903227000
1380556832687962;33.5;34.9;Thu Sep 19 2019 16:29:01 GMT+0200 (CEST);Thu Sep 19 2019 14:29:01 GMT+0200 (CEST);1568903341000
1380556832687962;33.5;34.9;Thu Sep 19 2019 16:30:53 GMT+0200 (CEST);Thu Sep 19 2019 14:30:53 GMT+0200 (CEST);1568903453000
1380556832687962;33.5;34.6;Thu Sep 19 2019 16:32:50 GMT+0200 (CEST);Thu Sep 19 2019 14:32:50 GMT+0200 (CEST);1568903570000
1380556832687962;33.5;34.6;Thu Sep 19 2019 16:34:45 GMT+0200 (CEST);Thu Sep 19 2019 14:34:45 GMT+0200 (CEST);1568903685000
1380556832687962;33.5;34.6;Thu Sep 19 2019 16:36:57 GMT+0200 (CEST);Thu Sep 19 2019 14:36:57 GMT+0200 (CEST);1568903817000
1380556832687962;33.5;34.4;Thu Sep 19 2019 16:38:50 GMT+0200 (CEST);Thu Sep 19 2019 14:38:50 GMT+0200 (CEST);1568903930000
1380556832687962;33.5;34.1;Thu Sep 19 2019 16:40:43 GMT+0200 (CEST);Thu Sep 19 2019 14:40:43 GMT+0200 (CEST);1568904043000
1380556832687962;33.5;34.2;Thu Sep 19 2019 16:42:36 GMT+0200 (CEST);Thu Sep 19 2019 14:42:36 GMT+0200 (CEST);1568904156000
1380556832687962;31.5;34.2;Thu Sep 19 2019 16:44:30 GMT+0200 (CEST);Thu Sep 19 2019 14:44:30 GMT+0200 (CEST);1568904270000
1380556832687962;31.5;34.2;Thu Sep 19 2019 16:46:24 GMT+0200 (CEST);Thu Sep 19 2019 14:46:24 GMT+0200 (CEST);1568904384000
1380556832687962;31.5;34.4;Thu Sep 19 2019 16:48:16 GMT+0200 (CEST);Thu Sep 19 2019 14:48:16 GMT+0200 (CEST);1568904496000
1380556832687962;31.5;34.4;Thu Sep 19 2019 16:50:11 GMT+0200 (CEST);Thu Sep 19 2019 14:50:11 GMT+0200 (CEST);1568904611000
1380556832687962;31.5;34.4;Thu Sep 19 2019 16:52:04 GMT+0200 (CEST);Thu Sep 19 2019 14:52:04 GMT+0200 (CEST);1568904724000
1380556832687962;30;34.4;Thu Sep 19 2019 16:53:58 GMT+0200 (CEST);Thu Sep 19 2019 14:53:58 GMT+0200 (CEST);1568904838000
1380556832687962;30;34.2;Thu Sep 19 2019 16:55:51 GMT+0200 (CEST);Thu Sep 19 2019 14:55:51 GMT+0200 (CEST);1568904951000
1380556832687962;30;34.4;Thu Sep 19 2019 16:57:52 GMT+0200 (CEST);Thu Sep 19 2019 14:57:52 GMT+0200 (CEST);1568905072000
1380556832687962;30;34.3;Thu Sep 19 2019 16:59:44 GMT+0200 (CEST);Thu Sep 19 2019 14:59:44 GMT+0200 (CEST);1568905184000
1380556832687962;30;34.5;Thu Sep 19 2019 17:01:37 GMT+0200 (CEST);Thu Sep 19 2019 15:01:37 GMT+0200 (CEST);1568905297000
1380556832687962;28.5;34.4;Thu Sep 19 2019 17:03:30 GMT+0200 (CEST);Thu Sep 19 2019 15:03:30 GMT+0200 (CEST);1568905410000
1380556832687962;28.5;34.4;Thu Sep 19 2019 17:05:23 GMT+0200 (CEST);Thu Sep 19 2019 15:05:23 GMT+0200 (CEST);1568905523000
1380556832687962;28.5;34.3;Thu Sep 19 2019 17:07:16 GMT+0200 (CEST);Thu Sep 19 2019 15:07:16 GMT+0200 (CEST);1568905636000
1380556832687962;29.5;34.3;Thu Sep 19 2019 17:09:08 GMT+0200 (CEST);Thu Sep 19 2019 15:09:08 GMT+0200 (CEST);1568905748000
1380556832687962;29.5;34.4;Thu Sep 19 2019 17:11:01 GMT+0200 (CEST);Thu Sep 19 2019 15:11:01 GMT+0200 (CEST);1568905861000
1380556832687962;28;34.5;Thu Sep 19 2019 17:12:53 GMT+0200 (CEST);Thu Sep 19 2019 15:12:53 GMT+0200 (CEST);1568905973000
1380556832687962;28;34.6;Thu Sep 19 2019 17:14:46 GMT+0200 (CEST);Thu Sep 19 2019 15:14:46 GMT+0200 (CEST);1568906086000
1380556832687962;28;34.6;Thu Sep 19 2019 17:16:44 GMT+0200 (CEST);Thu Sep 19 2019 15:16:44 GMT+0200 (CEST);1568906204000
1380556832687962;28;34.6;Thu Sep 19 2019 17:18:38 GMT+0200 (CEST);Thu Sep 19 2019 15:18:38 GMT+0200 (CEST);1568906318000
1380556832687962;28;34.4;Thu Sep 19 2019 17:20:31 GMT+0200 (CEST);Thu Sep 19 2019 15:20:31 GMT+0200 (CEST);1568906431000
1380556832687962;27.5;34.6;Thu Sep 19 2019 17:22:26 GMT+0200 (CEST);Thu Sep 19 2019 15:22:26 GMT+0200 (CEST);1568906546000
1380556832687962;27.5;34.5;Thu Sep 19 2019 17:24:36 GMT+0200 (CEST);Thu Sep 19 2019 15:24:36 GMT+0200 (CEST);1568906676000
1380556832687962;27.5;34.5;Thu Sep 19 2019 17:26:29 GMT+0200 (CEST);Thu Sep 19 2019 15:26:29 GMT+0200 (CEST);1568906789000
1380556832687962;27.5;34.8;Thu Sep 19 2019 17:28:24 GMT+0200 (CEST);Thu Sep 19 2019 15:28:24 GMT+0200 (CEST);1568906904000
1380556832687962;27.5;34.6;Thu Sep 19 2019 17:30:17 GMT+0200 (CEST);Thu Sep 19 2019 15:30:17 GMT+0200 (CEST);1568907017000
1380556832687962;27.5;34.1;Thu Sep 19 2019 17:32:12 GMT+0200 (CEST);Thu Sep 19 2019 15:32:12 GMT+0200 (CEST);1568907132000
1380556832687962;27.5;34.3;Thu Sep 19 2019 17:34:10 GMT+0200 (CEST);Thu Sep 19 2019 15:34:10 GMT+0200 (CEST);1568907250000
1380556832687962;27.5;34.6;Thu Sep 19 2019 17:36:06 GMT+0200 (CEST);Thu Sep 19 2019 15:36:06 GMT+0200 (CEST);1568907366000
1380556832687962;26;34.5;Thu Sep 19 2019 17:37:58 GMT+0200 (CEST);Thu Sep 19 2019 15:37:58 GMT+0200 (CEST);1568907478000
1380556832687962;26;35;Thu Sep 19 2019 17:39:50 GMT+0200 (CEST);Thu Sep 19 2019 15:39:50 GMT+0200 (CEST);1568907590000
1380556832687962;26;35;Thu Sep 19 2019 17:41:45 GMT+0200 (CEST);Thu Sep 19 2019 15:41:45 GMT+0200 (CEST);1568907705000
1380556832687962;26;34.7;Thu Sep 19 2019 17:43:37 GMT+0200 (CEST);Thu Sep 19 2019 15:43:37 GMT+0200 (CEST);1568907817000
1380556832687962;26;34.4;Thu Sep 19 2019 17:45:31 GMT+0200 (CEST);Thu Sep 19 2019 15:45:31 GMT+0200 (CEST);1568907931000
1380556832687962;25.5;34.5;Thu Sep 19 2019 17:47:31 GMT+0200 (CEST);Thu Sep 19 2019 15:47:31 GMT+0200 (CEST);1568908051000
1380556832687962;25.5;34.3;Thu Sep 19 2019 17:49:24 GMT+0200 (CEST);Thu Sep 19 2019 15:49:24 GMT+0200 (CEST);1568908164000
1380556832687962;25.5;34.3;Thu Sep 19 2019 17:51:17 GMT+0200 (CEST);Thu Sep 19 2019 15:51:17 GMT+0200 (CEST);1568908277000
1380556832687962;25.5;34.3;Thu Sep 19 2019 17:53:10 GMT+0200 (CEST);Thu Sep 19 2019 15:53:10 GMT+0200 (CEST);1568908390000
1380556832687962;25.5;34.7;Thu Sep 19 2019 17:55:11 GMT+0200 (CEST);Thu Sep 19 2019 15:55:11 GMT+0200 (CEST);1568908511000
1380556832687962;25.5;34.6;Thu Sep 19 2019 17:57:04 GMT+0200 (CEST);Thu Sep 19 2019 15:57:04 GMT+0200 (CEST);1568908624000
1380556832687962;25.5;34.6;Thu Sep 19 2019 17:59:00 GMT+0200 (CEST);Thu Sep 19 2019 15:59:00 GMT+0200 (CEST);1568908740000
1380556832687962;23;34.7;Thu Sep 19 2019 18:00:53 GMT+0200 (CEST);Thu Sep 19 2019 16:00:53 GMT+0200 (CEST);1568908853000
1380556832687962;23;34.6;Thu Sep 19 2019 18:02:46 GMT+0200 (CEST);Thu Sep 19 2019 16:02:46 GMT+0200 (CEST);1568908966000
1380556832687962;23;34.2;Thu Sep 19 2019 18:04:39 GMT+0200 (CEST);Thu Sep 19 2019 16:04:39 GMT+0200 (CEST);1568909079000
1380556832687962;23;34.4;Thu Sep 19 2019 18:06:37 GMT+0200 (CEST);Thu Sep 19 2019 16:06:37 GMT+0200 (CEST);1568909197000
1380556832687962;23;34.2;Thu Sep 19 2019 18:08:30 GMT+0200 (CEST);Thu Sep 19 2019 16:08:30 GMT+0200 (CEST);1568909310000
1380556832687962;23;34.4;Thu Sep 19 2019 18:10:23 GMT+0200 (CEST);Thu Sep 19 2019 16:10:23 GMT+0200 (CEST);1568909423000
1380556832687962;23;34;Thu Sep 19 2019 18:12:16 GMT+0200 (CEST);Thu Sep 19 2019 16:12:16 GMT+0200 (CEST);1568909536000
1380556832687962;23;34.1;Thu Sep 19 2019 18:14:11 GMT+0200 (CEST);Thu Sep 19 2019 16:14:11 GMT+0200 (CEST);1568909651000
1380556832687962;22;34.1;Thu Sep 19 2019 18:16:04 GMT+0200 (CEST);Thu Sep 19 2019 16:16:04 GMT+0200 (CEST);1568909764000
1380556832687962;22;34.6;Thu Sep 19 2019 18:18:03 GMT+0200 (CEST);Thu Sep 19 2019 16:18:03 GMT+0200 (CEST);1568909883000
1380556832687962;22;34.4;Thu Sep 19 2019 18:19:55 GMT+0200 (CEST);Thu Sep 19 2019 16:19:55 GMT+0200 (CEST);1568909995000
1380556832687962;22;34.6;Thu Sep 19 2019 18:21:50 GMT+0200 (CEST);Thu Sep 19 2019 16:21:50 GMT+0200 (CEST);1568910110000
1380556832687962;22;34.4;Thu Sep 19 2019 18:23:43 GMT+0200 (CEST);Thu Sep 19 2019 16:23:43 GMT+0200 (CEST);1568910223000
1380556832687962;22;34.7;Thu Sep 19 2019 18:25:36 GMT+0200 (CEST);Thu Sep 19 2019 16:25:36 GMT+0200 (CEST);1568910336000
1380556832687962;22;33.2;Thu Sep 19 2019 18:27:28 GMT+0200 (CEST);Thu Sep 19 2019 16:27:28 GMT+0200 (CEST);1568910448000
1380556832687962;22;34.1;Thu Sep 19 2019 18:29:21 GMT+0200 (CEST);Thu Sep 19 2019 16:29:21 GMT+0200 (CEST);1568910561000
1380556832687962;21.5;32.3;Thu Sep 19 2019 18:31:14 GMT+0200 (CEST);Thu Sep 19 2019 16:31:14 GMT+0200 (CEST);1568910674000
1380556832687962;21.5;31.4;Thu Sep 19 2019 18:33:08 GMT+0200 (CEST);Thu Sep 19 2019 16:33:08 GMT+0200 (CEST);1568910788000
1380556832687962;21.5;31.3;Thu Sep 19 2019 18:35:08 GMT+0200 (CEST);Thu Sep 19 2019 16:35:08 GMT+0200 (CEST);1568910908000
1380556832687962;19.4;31.5;Thu Sep 19 2019 18:37:04 GMT+0200 (CEST);Thu Sep 19 2019 16:37:04 GMT+0200 (CEST);1568911024000
1380556832687962;19.4;31.2;Thu Sep 19 2019 18:38:57 GMT+0200 (CEST);Thu Sep 19 2019 16:38:57 GMT+0200 (CEST);1568911137000
1380556832687962;19.4;31.7;Thu Sep 19 2019 18:40:49 GMT+0200 (CEST);Thu Sep 19 2019 16:40:49 GMT+0200 (CEST);1568911249000
1380556832687962;19.4;31.3;Thu Sep 19 2019 18:42:42 GMT+0200 (CEST);Thu Sep 19 2019 16:42:42 GMT+0200 (CEST);1568911362000
1380556832687962;19.4;31.3;Thu Sep 19 2019 18:44:43 GMT+0200 (CEST);Thu Sep 19 2019 16:44:43 GMT+0200 (CEST);1568911483000
1380556832687962;19.4;31.4;Thu Sep 19 2019 18:46:38 GMT+0200 (CEST);Thu Sep 19 2019 16:46:38 GMT+0200 (CEST);1568911598000
1380556832687962;17.9;31.4;Thu Sep 19 2019 18:50:32 GMT+0200 (CEST);Thu Sep 19 2019 16:50:32 GMT+0200 (CEST);1568911832000
1380556832687962;17.9;30.8;Thu Sep 19 2019 18:54:06 GMT+0200 (CEST);Thu Sep 19 2019 16:54:06 GMT+0200 (CEST);1568912046000
1380556832687962;17.4;31.1;Thu Sep 19 2019 18:56:59 GMT+0200 (CEST);Thu Sep 19 2019 16:56:59 GMT+0200 (CEST);1568912219000
1380556832687962;17.4;31;Thu Sep 19 2019 18:58:57 GMT+0200 (CEST);Thu Sep 19 2019 16:58:57 GMT+0200 (CEST);1568912337000
1380556832687962;17.4;31.6;Thu Sep 19 2019 19:02:18 GMT+0200 (CEST);Thu Sep 19 2019 17:02:18 GMT+0200 (CEST);1568912538000
1380556832687962;17.4;32.1;Thu Sep 19 2019 19:04:19 GMT+0200 (CEST);Thu Sep 19 2019 17:04:19 GMT+0200 (CEST);1568912659000
1380556832687962;17.4;31.8;Thu Sep 19 2019 19:06:48 GMT+0200 (CEST);Thu Sep 19 2019 17:06:48 GMT+0200 (CEST);1568912808000
1380556832687962;17.4;31.8;Thu Sep 19 2019 19:09:00 GMT+0200 (CEST);Thu Sep 19 2019 17:09:00 GMT+0200 (CEST);1568912940000
1380556832687962;17.4;33.3;Thu Sep 19 2019 19:12:05 GMT+0200 (CEST);Thu Sep 19 2019 17:12:05 GMT+0200 (CEST);1568913125000
1380556832687962;17.4;32.6;Thu Sep 19 2019 19:14:07 GMT+0200 (CEST);Thu Sep 19 2019 17:14:07 GMT+0200 (CEST);1568913247000
1380556832687962;17.4;32;Thu Sep 19 2019 19:16:02 GMT+0200 (CEST);Thu Sep 19 2019 17:16:02 GMT+0200 (CEST);1568913362000
1380556832687962;17.4;30.6;Thu Sep 19 2019 19:18:07 GMT+0200 (CEST);Thu Sep 19 2019 17:18:07 GMT+0200 (CEST);1568913487000
1380556832687962;17.4;29.9;Thu Sep 19 2019 19:20:04 GMT+0200 (CEST);Thu Sep 19 2019 17:20:04 GMT+0200 (CEST);1568913604000
1380556832687962;17.4;29.9;Thu Sep 19 2019 19:21:57 GMT+0200 (CEST);Thu Sep 19 2019 17:21:57 GMT+0200 (CEST);1568913717000
1380556832687962;17.4;29.9;Thu Sep 19 2019 19:23:50 GMT+0200 (CEST);Thu Sep 19 2019 17:23:50 GMT+0200 (CEST);1568913830000
1380556832687962;-273.2;25.9;Fri Sep 20 2019 06:54:15 GMT+0200 (CEST);Fri Sep 20 2019 04:54:15 GMT+0200 (CEST);1568955255000
1380556832687962;-273.2;25.9;Fri Sep 20 2019 06:56:08 GMT+0200 (CEST);Fri Sep 20 2019 04:56:08 GMT+0200 (CEST);1568955368000
1380556832687962;-273.2;18.3;Fri Sep 20 2019 07:03:44 GMT+0200 (CEST);Fri Sep 20 2019 05:03:44 GMT+0200 (CEST);1568955824000
1380556832687962;-273.2;19;Fri Sep 20 2019 07:05:38 GMT+0200 (CEST);Fri Sep 20 2019 05:05:38 GMT+0200 (CEST);1568955938000
1380556832687962;-273.2;29.3;Fri Sep 20 2019 07:07:31 GMT+0200 (CEST);Fri Sep 20 2019 05:07:31 GMT+0200 (CEST);1568956051000
1380556832687962;3.3;31.4;Fri Sep 20 2019 07:09:28 GMT+0200 (CEST);Fri Sep 20 2019 05:09:28 GMT+0200 (CEST);1568956168000
1380556832687962;3.3;30.2;Fri Sep 20 2019 07:11:21 GMT+0200 (CEST);Fri Sep 20 2019 05:11:21 GMT+0200 (CEST);1568956281000
1380556832687962;3.3;29.8;Fri Sep 20 2019 07:13:14 GMT+0200 (CEST);Fri Sep 20 2019 05:13:14 GMT+0200 (CEST);1568956394000
1380556832687962;3.3;29.7;Fri Sep 20 2019 07:15:09 GMT+0200 (CEST);Fri Sep 20 2019 05:15:09 GMT+0200 (CEST);1568956509000
1380556832687962;3.3;29.7;Fri Sep 20 2019 07:17:10 GMT+0200 (CEST);Fri Sep 20 2019 05:17:10 GMT+0200 (CEST);1568956630000
1380556832687962;3.3;29.7;Fri Sep 20 2019 07:19:06 GMT+0200 (CEST);Fri Sep 20 2019 05:19:06 GMT+0200 (CEST);1568956746000
1380556832687962;3.3;30.1;Fri Sep 20 2019 07:21:08 GMT+0200 (CEST);Fri Sep 20 2019 05:21:08 GMT+0200 (CEST);1568956868000
1380556832687962;3.3;30.5;Fri Sep 20 2019 07:22:54 GMT+0200 (CEST);Fri Sep 20 2019 05:22:54 GMT+0200 (CEST);1568956974000
1380556832687962;3.3;30.8;Fri Sep 20 2019 07:24:54 GMT+0200 (CEST);Fri Sep 20 2019 05:24:54 GMT+0200 (CEST);1568957094000
1380556832687962;3.3;31.1;Fri Sep 20 2019 07:26:49 GMT+0200 (CEST);Fri Sep 20 2019 05:26:49 GMT+0200 (CEST);1568957209000
1380556832687962;5.3;31.3;Fri Sep 20 2019 07:28:43 GMT+0200 (CEST);Fri Sep 20 2019 05:28:43 GMT+0200 (CEST);1568957323000
1380556832687962;5.3;32.1;Fri Sep 20 2019 07:30:36 GMT+0200 (CEST);Fri Sep 20 2019 05:30:36 GMT+0200 (CEST);1568957436000
1380556832687962;5.3;34.4;Fri Sep 20 2019 07:32:28 GMT+0200 (CEST);Fri Sep 20 2019 05:32:28 GMT+0200 (CEST);1568957548000
1380556832687962;5.3;34.4;Fri Sep 20 2019 07:34:24 GMT+0200 (CEST);Fri Sep 20 2019 05:34:24 GMT+0200 (CEST);1568957664000
1380556832687962;5.3;34;Fri Sep 20 2019 07:36:30 GMT+0200 (CEST);Fri Sep 20 2019 05:36:30 GMT+0200 (CEST);1568957790000
1380556832687962;5.3;34.5;Fri Sep 20 2019 07:38:31 GMT+0200 (CEST);Fri Sep 20 2019 05:38:31 GMT+0200 (CEST);1568957911000
1380556832687962;5.3;35;Fri Sep 20 2019 07:40:24 GMT+0200 (CEST);Fri Sep 20 2019 05:40:24 GMT+0200 (CEST);1568958024000
1380556832687962;6.8;35;Fri Sep 20 2019 07:42:17 GMT+0200 (CEST);Fri Sep 20 2019 05:42:17 GMT+0200 (CEST);1568958137000
1380556832687962;6.8;35.5;Fri Sep 20 2019 07:44:10 GMT+0200 (CEST);Fri Sep 20 2019 05:44:10 GMT+0200 (CEST);1568958250000
1380556832687962;6.8;35.5;Fri Sep 20 2019 07:46:07 GMT+0200 (CEST);Fri Sep 20 2019 05:46:07 GMT+0200 (CEST);1568958367000
1380556832687962;6.8;35.5;Fri Sep 20 2019 07:48:01 GMT+0200 (CEST);Fri Sep 20 2019 05:48:01 GMT+0200 (CEST);1568958481000
1380556832687962;6.8;36;Fri Sep 20 2019 07:49:54 GMT+0200 (CEST);Fri Sep 20 2019 05:49:54 GMT+0200 (CEST);1568958594000
1380556832687962;9.4;36.3;Fri Sep 20 2019 07:51:50 GMT+0200 (CEST);Fri Sep 20 2019 05:51:50 GMT+0200 (CEST);1568958710000
1380556832687962;9.4;36.3;Fri Sep 20 2019 07:54:05 GMT+0200 (CEST);Fri Sep 20 2019 05:54:05 GMT+0200 (CEST);1568958845000
1380556832687962;9.4;36.1;Fri Sep 20 2019 07:56:00 GMT+0200 (CEST);Fri Sep 20 2019 05:56:00 GMT+0200 (CEST);1568958960000
1380556832687962;9.4;36.1;Fri Sep 20 2019 07:57:52 GMT+0200 (CEST);Fri Sep 20 2019 05:57:52 GMT+0200 (CEST);1568959072000
1380556832687962;9.4;36.7;Fri Sep 20 2019 07:59:44 GMT+0200 (CEST);Fri Sep 20 2019 05:59:44 GMT+0200 (CEST);1568959184000
1380556832687962;9.9;36.8;Fri Sep 20 2019 08:01:37 GMT+0200 (CEST);Fri Sep 20 2019 06:01:37 GMT+0200 (CEST);1568959297000
1380556832687962;9.9;36.7;Fri Sep 20 2019 08:03:20 GMT+0200 (CEST);Fri Sep 20 2019 06:03:20 GMT+0200 (CEST);1568959400000
1380556832687962;9.9;36.7;Fri Sep 20 2019 08:05:19 GMT+0200 (CEST);Fri Sep 20 2019 06:05:19 GMT+0200 (CEST);1568959519000
1380556832687962;11.4;37.3;Fri Sep 20 2019 08:07:12 GMT+0200 (CEST);Fri Sep 20 2019 06:07:12 GMT+0200 (CEST);1568959632000
1380556832687962;11.4;40.3;Fri Sep 20 2019 08:09:28 GMT+0200 (CEST);Fri Sep 20 2019 06:09:28 GMT+0200 (CEST);1568959768000
1380556832687962;11.4;40.4;Fri Sep 20 2019 08:11:21 GMT+0200 (CEST);Fri Sep 20 2019 06:11:21 GMT+0200 (CEST);1568959881000
1380556832687962;13.9;40.4;Fri Sep 20 2019 08:13:14 GMT+0200 (CEST);Fri Sep 20 2019 06:13:14 GMT+0200 (CEST);1568959994000
1380556832687962;13.9;40.4;Fri Sep 20 2019 08:15:10 GMT+0200 (CEST);Fri Sep 20 2019 06:15:10 GMT+0200 (CEST);1568960110000
1380556832687962;13.9;40.4;Fri Sep 20 2019 08:17:03 GMT+0200 (CEST);Fri Sep 20 2019 06:17:03 GMT+0200 (CEST);1568960223000
1380556832687962;15.4;40.4;Fri Sep 20 2019 08:19:17 GMT+0200 (CEST);Fri Sep 20 2019 06:19:17 GMT+0200 (CEST);1568960357000
1380556832687962;15.4;40.4;Fri Sep 20 2019 08:21:09 GMT+0200 (CEST);Fri Sep 20 2019 06:21:09 GMT+0200 (CEST);1568960469000
1380556832687962;17.4;40.4;Fri Sep 20 2019 08:23:02 GMT+0200 (CEST);Fri Sep 20 2019 06:23:02 GMT+0200 (CEST);1568960582000
1380556832687962;17.4;40.4;Fri Sep 20 2019 08:24:56 GMT+0200 (CEST);Fri Sep 20 2019 06:24:56 GMT+0200 (CEST);1568960696000
1380556832687962;17.4;40.4;Fri Sep 20 2019 08:26:49 GMT+0200 (CEST);Fri Sep 20 2019 06:26:49 GMT+0200 (CEST);1568960809000
1380556832687962;17.4;40.4;Fri Sep 20 2019 08:28:47 GMT+0200 (CEST);Fri Sep 20 2019 06:28:47 GMT+0200 (CEST);1568960927000
1380556832687962;17.4;40.4;Fri Sep 20 2019 08:30:40 GMT+0200 (CEST);Fri Sep 20 2019 06:30:40 GMT+0200 (CEST);1568961040000
1380556832687962;17.9;40.4;Fri Sep 20 2019 08:32:33 GMT+0200 (CEST);Fri Sep 20 2019 06:32:33 GMT+0200 (CEST);1568961153000
1380556832687962;17.9;40.4;Fri Sep 20 2019 08:34:26 GMT+0200 (CEST);Fri Sep 20 2019 06:34:26 GMT+0200 (CEST);1568961266000
1380556832687962;17.9;40.4;Fri Sep 20 2019 08:36:19 GMT+0200 (CEST);Fri Sep 20 2019 06:36:19 GMT+0200 (CEST);1568961379000
1380556832687962;17.9;40.3;Fri Sep 20 2019 08:38:11 GMT+0200 (CEST);Fri Sep 20 2019 06:38:11 GMT+0200 (CEST);1568961491000
1380556832687962;17.9;38.9;Fri Sep 20 2019 08:40:14 GMT+0200 (CEST);Fri Sep 20 2019 06:40:14 GMT+0200 (CEST);1568961614000
1380556832687962;17.9;39;Fri Sep 20 2019 08:42:08 GMT+0200 (CEST);Fri Sep 20 2019 06:42:08 GMT+0200 (CEST);1568961728000
1380556832687962;17.9;39.3;Fri Sep 20 2019 08:44:02 GMT+0200 (CEST);Fri Sep 20 2019 06:44:02 GMT+0200 (CEST);1568961842000
1380556832687962;17.9;39.7;Fri Sep 20 2019 08:45:55 GMT+0200 (CEST);Fri Sep 20 2019 06:45:55 GMT+0200 (CEST);1568961955000
1380556832687962;17.9;39.3;Fri Sep 20 2019 08:47:50 GMT+0200 (CEST);Fri Sep 20 2019 06:47:50 GMT+0200 (CEST);1568962070000
1380556832687962;17.9;39.1;Fri Sep 20 2019 08:49:43 GMT+0200 (CEST);Fri Sep 20 2019 06:49:43 GMT+0200 (CEST);1568962183000
1380556832687962;19.4;39.2;Fri Sep 20 2019 08:51:38 GMT+0200 (CEST);Fri Sep 20 2019 06:51:38 GMT+0200 (CEST);1568962298000
1380556832687962;19.4;38.1;Fri Sep 20 2019 08:53:33 GMT+0200 (CEST);Fri Sep 20 2019 06:53:33 GMT+0200 (CEST);1568962413000
1380556832687962;19.4;37.8;Fri Sep 20 2019 08:55:28 GMT+0200 (CEST);Fri Sep 20 2019 06:55:28 GMT+0200 (CEST);1568962528000
1380556832687962;17.9;37.4;Fri Sep 20 2019 08:57:23 GMT+0200 (CEST);Fri Sep 20 2019 06:57:23 GMT+0200 (CEST);1568962643000
1380556832687962;17.9;37.2;Fri Sep 20 2019 08:59:27 GMT+0200 (CEST);Fri Sep 20 2019 06:59:27 GMT+0200 (CEST);1568962767000
1380556832687962;19.4;37.4;Fri Sep 20 2019 09:01:20 GMT+0200 (CEST);Fri Sep 20 2019 07:01:20 GMT+0200 (CEST);1568962880000
1380556832687962;19.4;37.4;Fri Sep 20 2019 09:03:19 GMT+0200 (CEST);Fri Sep 20 2019 07:03:19 GMT+0200 (CEST);1568962999000
1380556832687962;19.4;36.9;Fri Sep 20 2019 09:05:12 GMT+0200 (CEST);Fri Sep 20 2019 07:05:12 GMT+0200 (CEST);1568963112000
1380556832687962;19.9;36.1;Fri Sep 20 2019 09:07:21 GMT+0200 (CEST);Fri Sep 20 2019 07:07:21 GMT+0200 (CEST);1568963241000
1380556832687962;19.9;35.6;Fri Sep 20 2019 09:09:24 GMT+0200 (CEST);Fri Sep 20 2019 07:09:24 GMT+0200 (CEST);1568963364000
1380556832687962;21.5;35.5;Fri Sep 20 2019 09:11:18 GMT+0200 (CEST);Fri Sep 20 2019 07:11:18 GMT+0200 (CEST);1568963478000
1380556832687962;21.5;35.9;Fri Sep 20 2019 09:13:11 GMT+0200 (CEST);Fri Sep 20 2019 07:13:11 GMT+0200 (CEST);1568963591000
1380556832687962;21.5;36.1;Fri Sep 20 2019 09:15:06 GMT+0200 (CEST);Fri Sep 20 2019 07:15:06 GMT+0200 (CEST);1568963706000
1380556832687962;21.5;35.9;Fri Sep 20 2019 09:16:59 GMT+0200 (CEST);Fri Sep 20 2019 07:16:59 GMT+0200 (CEST);1568963819000
1380556832687962;21.5;36;Fri Sep 20 2019 09:18:53 GMT+0200 (CEST);Fri Sep 20 2019 07:18:53 GMT+0200 (CEST);1568963933000
1380556832687962;21.5;35.9;Fri Sep 20 2019 09:20:48 GMT+0200 (CEST);Fri Sep 20 2019 07:20:48 GMT+0200 (CEST);1568964048000
1380556832687962;21.5;35.9;Fri Sep 20 2019 09:22:49 GMT+0200 (CEST);Fri Sep 20 2019 07:22:49 GMT+0200 (CEST);1568964169000
1380556832687962;21.5;35.9;Fri Sep 20 2019 09:24:45 GMT+0200 (CEST);Fri Sep 20 2019 07:24:45 GMT+0200 (CEST);1568964285000
1380556832687962;21.5;35.5;Fri Sep 20 2019 09:26:39 GMT+0200 (CEST);Fri Sep 20 2019 07:26:39 GMT+0200 (CEST);1568964399000
1380556832687962;21.5;35.5;Fri Sep 20 2019 09:28:31 GMT+0200 (CEST);Fri Sep 20 2019 07:28:31 GMT+0200 (CEST);1568964511000
1380556832687962;25.5;35.5;Fri Sep 20 2019 09:30:25 GMT+0200 (CEST);Fri Sep 20 2019 07:30:25 GMT+0200 (CEST);1568964625000
1380556832687962;25.5;35.5;Fri Sep 20 2019 09:32:18 GMT+0200 (CEST);Fri Sep 20 2019 07:32:18 GMT+0200 (CEST);1568964738000
1380556832687962;25.5;35.4;Fri Sep 20 2019 09:34:11 GMT+0200 (CEST);Fri Sep 20 2019 07:34:11 GMT+0200 (CEST);1568964851000
1380556832687962;25.5;35.4;Fri Sep 20 2019 09:36:09 GMT+0200 (CEST);Fri Sep 20 2019 07:36:09 GMT+0200 (CEST);1568964969000
1380556832687962;25.5;35.5;Fri Sep 20 2019 09:38:18 GMT+0200 (CEST);Fri Sep 20 2019 07:38:18 GMT+0200 (CEST);1568965098000
1380556832687962;26;35.4;Fri Sep 20 2019 09:40:11 GMT+0200 (CEST);Fri Sep 20 2019 07:40:11 GMT+0200 (CEST);1568965211000
1380556832687962;26;35.2;Fri Sep 20 2019 09:42:22 GMT+0200 (CEST);Fri Sep 20 2019 07:42:22 GMT+0200 (CEST);1568965342000
1380556832687962;27.5;35.3;Fri Sep 20 2019 09:44:30 GMT+0200 (CEST);Fri Sep 20 2019 07:44:30 GMT+0200 (CEST);1568965470000
1380556832687962;27.5;35.4;Fri Sep 20 2019 09:46:22 GMT+0200 (CEST);Fri Sep 20 2019 07:46:22 GMT+0200 (CEST);1568965582000
1380556832687962;27.5;35.4;Fri Sep 20 2019 09:48:16 GMT+0200 (CEST);Fri Sep 20 2019 07:48:16 GMT+0200 (CEST);1568965696000
1380556832687962;27.5;35.4;Fri Sep 20 2019 09:50:24 GMT+0200 (CEST);Fri Sep 20 2019 07:50:24 GMT+0200 (CEST);1568965824000
1380556832687962;27.5;35.1;Fri Sep 20 2019 09:52:36 GMT+0200 (CEST);Fri Sep 20 2019 07:52:36 GMT+0200 (CEST);1568965956000
1380556832687962;27.5;35;Fri Sep 20 2019 09:54:34 GMT+0200 (CEST);Fri Sep 20 2019 07:54:34 GMT+0200 (CEST);1568966074000
1380556832687962;27.5;35;Fri Sep 20 2019 09:56:27 GMT+0200 (CEST);Fri Sep 20 2019 07:56:27 GMT+0200 (CEST);1568966187000
1380556832687962;28;35;Fri Sep 20 2019 09:58:19 GMT+0200 (CEST);Fri Sep 20 2019 07:58:19 GMT+0200 (CEST);1568966299000
1380556832687962;28;34.8;Fri Sep 20 2019 10:00:12 GMT+0200 (CEST);Fri Sep 20 2019 08:00:12 GMT+0200 (CEST);1568966412000
1380556832687962;28;35;Fri Sep 20 2019 10:02:05 GMT+0200 (CEST);Fri Sep 20 2019 08:02:05 GMT+0200 (CEST);1568966525000
1380556832687962;29.5;35;Fri Sep 20 2019 10:04:01 GMT+0200 (CEST);Fri Sep 20 2019 08:04:01 GMT+0200 (CEST);1568966641000
1380556832687962;29.5;35;Fri Sep 20 2019 10:05:53 GMT+0200 (CEST);Fri Sep 20 2019 08:05:53 GMT+0200 (CEST);1568966753000
1380556832687962;29.5;34.8;Fri Sep 20 2019 10:08:13 GMT+0200 (CEST);Fri Sep 20 2019 08:08:13 GMT+0200 (CEST);1568966893000
1380556832687962;29.5;34.8;Fri Sep 20 2019 10:10:06 GMT+0200 (CEST);Fri Sep 20 2019 08:10:06 GMT+0200 (CEST);1568967006000
1380556832687962;29.5;34.7;Fri Sep 20 2019 10:11:59 GMT+0200 (CEST);Fri Sep 20 2019 08:11:59 GMT+0200 (CEST);1568967119000
1380556832687962;29.5;34.6;Fri Sep 20 2019 10:13:52 GMT+0200 (CEST);Fri Sep 20 2019 08:13:52 GMT+0200 (CEST);1568967232000
1380556832687962;29.5;34.6;Fri Sep 20 2019 10:15:46 GMT+0200 (CEST);Fri Sep 20 2019 08:15:46 GMT+0200 (CEST);1568967346000
1380556832687962;31;34.5;Fri Sep 20 2019 10:17:49 GMT+0200 (CEST);Fri Sep 20 2019 08:17:49 GMT+0200 (CEST);1568967469000
1380556832687962;31;34.5;Fri Sep 20 2019 10:19:53 GMT+0200 (CEST);Fri Sep 20 2019 08:19:53 GMT+0200 (CEST);1568967593000
1380556832687962;31;34.5;Fri Sep 20 2019 10:21:46 GMT+0200 (CEST);Fri Sep 20 2019 08:21:46 GMT+0200 (CEST);1568967706000
1380556832687962;31;34.3;Fri Sep 20 2019 10:23:46 GMT+0200 (CEST);Fri Sep 20 2019 08:23:46 GMT+0200 (CEST);1568967826000
1380556832687962;31;34.4;Fri Sep 20 2019 10:25:39 GMT+0200 (CEST);Fri Sep 20 2019 08:25:39 GMT+0200 (CEST);1568967939000
1380556832687962;31.5;34.4;Fri Sep 20 2019 10:27:38 GMT+0200 (CEST);Fri Sep 20 2019 08:27:38 GMT+0200 (CEST);1568968058000
1380556832687962;31.5;34.4;Fri Sep 20 2019 10:29:33 GMT+0200 (CEST);Fri Sep 20 2019 08:29:33 GMT+0200 (CEST);1568968173000
1380556832687962;31.5;34.4;Fri Sep 20 2019 10:31:29 GMT+0200 (CEST);Fri Sep 20 2019 08:31:29 GMT+0200 (CEST);1568968289000
1380556832687962;33.5;34.2;Fri Sep 20 2019 10:33:35 GMT+0200 (CEST);Fri Sep 20 2019 08:33:35 GMT+0200 (CEST);1568968415000
1380556832687962;33.5;34;Fri Sep 20 2019 10:35:39 GMT+0200 (CEST);Fri Sep 20 2019 08:35:39 GMT+0200 (CEST);1568968539000
1380556832687962;33.5;34;Fri Sep 20 2019 10:37:35 GMT+0200 (CEST);Fri Sep 20 2019 08:37:35 GMT+0200 (CEST);1568968655000
1380556832687962;33.5;34;Fri Sep 20 2019 10:39:30 GMT+0200 (CEST);Fri Sep 20 2019 08:39:30 GMT+0200 (CEST);1568968770000
1380556832687962;33.5;33.9;Fri Sep 20 2019 10:41:23 GMT+0200 (CEST);Fri Sep 20 2019 08:41:23 GMT+0200 (CEST);1568968883000
1380556832687962;33.5;33.8;Fri Sep 20 2019 10:43:16 GMT+0200 (CEST);Fri Sep 20 2019 08:43:16 GMT+0200 (CEST);1568968996000
1380556832687962;33.5;33.7;Fri Sep 20 2019 10:45:09 GMT+0200 (CEST);Fri Sep 20 2019 08:45:09 GMT+0200 (CEST);1568969109000
1380556832687962;33.5;33.5;Fri Sep 20 2019 10:47:03 GMT+0200 (CEST);Fri Sep 20 2019 08:47:03 GMT+0200 (CEST);1568969223000
1380556832687962;33.5;33.4;Fri Sep 20 2019 10:49:06 GMT+0200 (CEST);Fri Sep 20 2019 08:49:06 GMT+0200 (CEST);1568969346000
1380556832687962;33.5;33.4;Fri Sep 20 2019 10:51:04 GMT+0200 (CEST);Fri Sep 20 2019 08:51:04 GMT+0200 (CEST);1568969464000
1380556832687962;33.5;33.6;Fri Sep 20 2019 10:53:00 GMT+0200 (CEST);Fri Sep 20 2019 08:53:00 GMT+0200 (CEST);1568969580000
1380556832687962;33.5;33.6;Fri Sep 20 2019 10:55:01 GMT+0200 (CEST);Fri Sep 20 2019 08:55:01 GMT+0200 (CEST);1568969701000
1380556832687962;33.5;33.8;Fri Sep 20 2019 10:57:01 GMT+0200 (CEST);Fri Sep 20 2019 08:57:01 GMT+0200 (CEST);1568969821000
1380556832687962;33.5;33.9;Fri Sep 20 2019 10:58:55 GMT+0200 (CEST);Fri Sep 20 2019 08:58:55 GMT+0200 (CEST);1568969935000
1380556832687962;33.5;33.9;Fri Sep 20 2019 11:00:54 GMT+0200 (CEST);Fri Sep 20 2019 09:00:54 GMT+0200 (CEST);1568970054000
1380556832687962;35.6;33.7;Fri Sep 20 2019 11:02:47 GMT+0200 (CEST);Fri Sep 20 2019 09:02:47 GMT+0200 (CEST);1568970167000
1380556832687962;35.6;33.6;Fri Sep 20 2019 11:04:49 GMT+0200 (CEST);Fri Sep 20 2019 09:04:49 GMT+0200 (CEST);1568970289000
1380556832687962;35.6;33.4;Fri Sep 20 2019 11:06:45 GMT+0200 (CEST);Fri Sep 20 2019 09:06:45 GMT+0200 (CEST);1568970405000
1380556832687962;35.6;33.4;Fri Sep 20 2019 11:08:43 GMT+0200 (CEST);Fri Sep 20 2019 09:08:43 GMT+0200 (CEST);1568970523000
1380556832687962;36.1;33.4;Fri Sep 20 2019 11:10:55 GMT+0200 (CEST);Fri Sep 20 2019 09:10:55 GMT+0200 (CEST);1568970655000
1380556832687962;36.1;33.4;Fri Sep 20 2019 11:12:56 GMT+0200 (CEST);Fri Sep 20 2019 09:12:56 GMT+0200 (CEST);1568970776000
1380556832687962;36.1;33.3;Fri Sep 20 2019 11:14:56 GMT+0200 (CEST);Fri Sep 20 2019 09:14:56 GMT+0200 (CEST);1568970896000
1380556832687962;36.1;33.3;Fri Sep 20 2019 11:17:01 GMT+0200 (CEST);Fri Sep 20 2019 09:17:01 GMT+0200 (CEST);1568971021000
1380556832687962;36.1;33.3;Fri Sep 20 2019 11:19:13 GMT+0200 (CEST);Fri Sep 20 2019 09:19:13 GMT+0200 (CEST);1568971153000
1380556832687962;37.6;33.2;Fri Sep 20 2019 11:21:14 GMT+0200 (CEST);Fri Sep 20 2019 09:21:14 GMT+0200 (CEST);1568971274000
1380556832687962;37.6;33;Fri Sep 20 2019 11:23:15 GMT+0200 (CEST);Fri Sep 20 2019 09:23:15 GMT+0200 (CEST);1568971395000
1380556832687962;37.6;33.3;Fri Sep 20 2019 11:25:28 GMT+0200 (CEST);Fri Sep 20 2019 09:25:28 GMT+0200 (CEST);1568971528000
1380556832687962;37.6;33.3;Fri Sep 20 2019 11:27:34 GMT+0200 (CEST);Fri Sep 20 2019 09:27:34 GMT+0200 (CEST);1568971654000
1380556832687962;37.6;33.3;Fri Sep 20 2019 11:29:40 GMT+0200 (CEST);Fri Sep 20 2019 09:29:40 GMT+0200 (CEST);1568971780000
1380556832687962;37.6;33.1;Fri Sep 20 2019 11:31:33 GMT+0200 (CEST);Fri Sep 20 2019 09:31:33 GMT+0200 (CEST);1568971893000
1380556832687962;37.6;33;Fri Sep 20 2019 11:33:49 GMT+0200 (CEST);Fri Sep 20 2019 09:33:49 GMT+0200 (CEST);1568972029000
1380556832687962;37.6;33;Fri Sep 20 2019 11:36:04 GMT+0200 (CEST);Fri Sep 20 2019 09:36:04 GMT+0200 (CEST);1568972164000
1380556832687962;37.6;33.1;Fri Sep 20 2019 11:38:00 GMT+0200 (CEST);Fri Sep 20 2019 09:38:00 GMT+0200 (CEST);1568972280000
1380556832687962;38.1;33;Fri Sep 20 2019 11:39:58 GMT+0200 (CEST);Fri Sep 20 2019 09:39:58 GMT+0200 (CEST);1568972398000
1380556832687962;38.1;33.1;Fri Sep 20 2019 11:41:51 GMT+0200 (CEST);Fri Sep 20 2019 09:41:51 GMT+0200 (CEST);1568972511000
1380556832687962;38.1;33.1;Fri Sep 20 2019 11:43:43 GMT+0200 (CEST);Fri Sep 20 2019 09:43:43 GMT+0200 (CEST);1568972623000
1380556832687962;38.1;33.1;Fri Sep 20 2019 11:45:39 GMT+0200 (CEST);Fri Sep 20 2019 09:45:39 GMT+0200 (CEST);1568972739000
1380556832687962;38.1;32.9;Fri Sep 20 2019 11:47:34 GMT+0200 (CEST);Fri Sep 20 2019 09:47:34 GMT+0200 (CEST);1568972854000
1380556832687962;38.1;32.9;Fri Sep 20 2019 11:49:28 GMT+0200 (CEST);Fri Sep 20 2019 09:49:28 GMT+0200 (CEST);1568972968000
1380556832687962;38.1;32.9;Fri Sep 20 2019 11:51:21 GMT+0200 (CEST);Fri Sep 20 2019 09:51:21 GMT+0200 (CEST);1568973081000
1380556832687962;38.1;32.6;Fri Sep 20 2019 11:53:23 GMT+0200 (CEST);Fri Sep 20 2019 09:53:23 GMT+0200 (CEST);1568973203000
1380556832687962;38.1;32.7;Fri Sep 20 2019 11:55:25 GMT+0200 (CEST);Fri Sep 20 2019 09:55:25 GMT+0200 (CEST);1568973325000
1380556832687962;38.1;32.6;Fri Sep 20 2019 11:57:23 GMT+0200 (CEST);Fri Sep 20 2019 09:57:23 GMT+0200 (CEST);1568973443000
1380556832687962;39.1;33.3;Fri Sep 20 2019 11:59:18 GMT+0200 (CEST);Fri Sep 20 2019 09:59:18 GMT+0200 (CEST);1568973558000
1380556832687962;39.1;33.1;Fri Sep 20 2019 12:01:17 GMT+0200 (CEST);Fri Sep 20 2019 10:01:17 GMT+0200 (CEST);1568973677000
1380556832687962;39.1;33.2;Fri Sep 20 2019 12:03:21 GMT+0200 (CEST);Fri Sep 20 2019 10:03:21 GMT+0200 (CEST);1568973801000
1380556832687962;39.1;33.6;Fri Sep 20 2019 12:05:35 GMT+0200 (CEST);Fri Sep 20 2019 10:05:35 GMT+0200 (CEST);1568973935000
1380556832687962;39.1;33.5;Fri Sep 20 2019 12:07:28 GMT+0200 (CEST);Fri Sep 20 2019 10:07:28 GMT+0200 (CEST);1568974048000
1380556832687962;39.1;33.3;Fri Sep 20 2019 12:09:52 GMT+0200 (CEST);Fri Sep 20 2019 10:09:52 GMT+0200 (CEST);1568974192000
1380556832687962;39.1;33.5;Fri Sep 20 2019 12:11:45 GMT+0200 (CEST);Fri Sep 20 2019 10:11:45 GMT+0200 (CEST);1568974305000
1380556832687962;39.1;33.7;Fri Sep 20 2019 12:13:42 GMT+0200 (CEST);Fri Sep 20 2019 10:13:42 GMT+0200 (CEST);1568974422000
1380556832687962;39.1;33.7;Fri Sep 20 2019 12:15:36 GMT+0200 (CEST);Fri Sep 20 2019 10:15:36 GMT+0200 (CEST);1568974536000
1380556832687962;39.1;33.5;Fri Sep 20 2019 12:17:29 GMT+0200 (CEST);Fri Sep 20 2019 10:17:29 GMT+0200 (CEST);1568974649000
1380556832687962;39.1;33.5;Fri Sep 20 2019 12:19:28 GMT+0200 (CEST);Fri Sep 20 2019 10:19:28 GMT+0200 (CEST);1568974768000
1380556832687962;39.1;33.2;Fri Sep 20 2019 12:21:27 GMT+0200 (CEST);Fri Sep 20 2019 10:21:27 GMT+0200 (CEST);1568974887000
1380556832687962;39.1;33.7;Fri Sep 20 2019 12:23:19 GMT+0200 (CEST);Fri Sep 20 2019 10:23:19 GMT+0200 (CEST);1568974999000
1380556832687962;39.1;33.7;Fri Sep 20 2019 12:25:16 GMT+0200 (CEST);Fri Sep 20 2019 10:25:16 GMT+0200 (CEST);1568975116000
1380556832687962;38.1;33.5;Fri Sep 20 2019 12:27:09 GMT+0200 (CEST);Fri Sep 20 2019 10:27:09 GMT+0200 (CEST);1568975229000
1380556832687962;38.1;33.5;Fri Sep 20 2019 12:29:03 GMT+0200 (CEST);Fri Sep 20 2019 10:29:03 GMT+0200 (CEST);1568975343000
1380556832687962;38.1;33.7;Fri Sep 20 2019 12:30:56 GMT+0200 (CEST);Fri Sep 20 2019 10:30:56 GMT+0200 (CEST);1568975456000
1380556832687962;38.1;33.7;Fri Sep 20 2019 12:32:49 GMT+0200 (CEST);Fri Sep 20 2019 10:32:49 GMT+0200 (CEST);1568975569000
1380556832687962;38.1;33.5;Fri Sep 20 2019 12:34:57 GMT+0200 (CEST);Fri Sep 20 2019 10:34:57 GMT+0200 (CEST);1568975697000
1380556832687962;36.1;33.5;Fri Sep 20 2019 12:36:50 GMT+0200 (CEST);Fri Sep 20 2019 10:36:50 GMT+0200 (CEST);1568975810000
1380556832687962;36.1;33.6;Fri Sep 20 2019 12:39:01 GMT+0200 (CEST);Fri Sep 20 2019 10:39:01 GMT+0200 (CEST);1568975941000
1380556832687962;36.1;34.1;Fri Sep 20 2019 12:40:55 GMT+0200 (CEST);Fri Sep 20 2019 10:40:55 GMT+0200 (CEST);1568976055000
1380556832687962;37.6;33.5;Fri Sep 20 2019 12:42:51 GMT+0200 (CEST);Fri Sep 20 2019 10:42:51 GMT+0200 (CEST);1568976171000
1380556832687962;37.6;33.9;Fri Sep 20 2019 12:44:46 GMT+0200 (CEST);Fri Sep 20 2019 10:44:46 GMT+0200 (CEST);1568976286000
1380556832687962;37.6;33.6;Fri Sep 20 2019 12:46:40 GMT+0200 (CEST);Fri Sep 20 2019 10:46:40 GMT+0200 (CEST);1568976400000
1380556832687962;37.6;33.6;Fri Sep 20 2019 12:48:33 GMT+0200 (CEST);Fri Sep 20 2019 10:48:33 GMT+0200 (CEST);1568976513000
1380556832687962;37.6;34.1;Fri Sep 20 2019 12:50:26 GMT+0200 (CEST);Fri Sep 20 2019 10:50:26 GMT+0200 (CEST);1568976626000
1380556832687962;37.6;34.2;Fri Sep 20 2019 12:53:08 GMT+0200 (CEST);Fri Sep 20 2019 10:53:08 GMT+0200 (CEST);1568976788000
1380556832687962;37.6;34.5;Fri Sep 20 2019 12:55:00 GMT+0200 (CEST);Fri Sep 20 2019 10:55:00 GMT+0200 (CEST);1568976900000
1380556832687962;37.6;34.2;Fri Sep 20 2019 12:56:54 GMT+0200 (CEST);Fri Sep 20 2019 10:56:54 GMT+0200 (CEST);1568977014000
1380556832687962;37.6;34.3;Fri Sep 20 2019 12:58:49 GMT+0200 (CEST);Fri Sep 20 2019 10:58:49 GMT+0200 (CEST);1568977129000
1380556832687962;37.6;33.9;Fri Sep 20 2019 13:00:55 GMT+0200 (CEST);Fri Sep 20 2019 11:00:55 GMT+0200 (CEST);1568977255000
1380556832687962;37.6;33.9;Fri Sep 20 2019 13:02:50 GMT+0200 (CEST);Fri Sep 20 2019 11:02:50 GMT+0200 (CEST);1568977370000
1380556832687962;37.6;33.8;Fri Sep 20 2019 13:04:47 GMT+0200 (CEST);Fri Sep 20 2019 11:04:47 GMT+0200 (CEST);1568977487000
1380556832687962;37.6;33.9;Fri Sep 20 2019 13:06:48 GMT+0200 (CEST);Fri Sep 20 2019 11:06:48 GMT+0200 (CEST);1568977608000
1380556832687962;37.6;33.7;Fri Sep 20 2019 13:08:45 GMT+0200 (CEST);Fri Sep 20 2019 11:08:45 GMT+0200 (CEST);1568977725000
1380556832687962;37.6;33.3;Fri Sep 20 2019 13:10:38 GMT+0200 (CEST);Fri Sep 20 2019 11:10:38 GMT+0200 (CEST);1568977838000
1380556832687962;37.6;33.7;Fri Sep 20 2019 13:12:33 GMT+0200 (CEST);Fri Sep 20 2019 11:12:33 GMT+0200 (CEST);1568977953000
1380556832687962;37.6;33.8;Fri Sep 20 2019 13:14:37 GMT+0200 (CEST);Fri Sep 20 2019 11:14:37 GMT+0200 (CEST);1568978077000
1380556832687962;39.1;33.5;Fri Sep 20 2019 13:16:30 GMT+0200 (CEST);Fri Sep 20 2019 11:16:30 GMT+0200 (CEST);1568978190000
1380556832687962;39.1;33.3;Fri Sep 20 2019 13:18:22 GMT+0200 (CEST);Fri Sep 20 2019 11:18:22 GMT+0200 (CEST);1568978302000
1380556832687962;39.1;33.3;Fri Sep 20 2019 13:20:21 GMT+0200 (CEST);Fri Sep 20 2019 11:20:21 GMT+0200 (CEST);1568978421000
1380556832687962;39.1;33.4;Fri Sep 20 2019 13:22:18 GMT+0200 (CEST);Fri Sep 20 2019 11:22:18 GMT+0200 (CEST);1568978538000
1380556832687962;39.1;33.2;Fri Sep 20 2019 13:24:10 GMT+0200 (CEST);Fri Sep 20 2019 11:24:10 GMT+0200 (CEST);1568978650000
1380556832687962;39.1;33.3;Fri Sep 20 2019 13:26:06 GMT+0200 (CEST);Fri Sep 20 2019 11:26:06 GMT+0200 (CEST);1568978766000
1380556832687962;39.1;33.4;Fri Sep 20 2019 13:28:35 GMT+0200 (CEST);Fri Sep 20 2019 11:28:35 GMT+0200 (CEST);1568978915000
1380556832687962;39.1;32.9;Fri Sep 20 2019 13:30:33 GMT+0200 (CEST);Fri Sep 20 2019 11:30:33 GMT+0200 (CEST);1568979033000
1380556832687962;39.1;33.2;Fri Sep 20 2019 13:32:27 GMT+0200 (CEST);Fri Sep 20 2019 11:32:27 GMT+0200 (CEST);1568979147000
1380556832687962;39.1;32.7;Fri Sep 20 2019 13:34:22 GMT+0200 (CEST);Fri Sep 20 2019 11:34:22 GMT+0200 (CEST);1568979262000
1380556832687962;39.1;33.2;Fri Sep 20 2019 13:36:17 GMT+0200 (CEST);Fri Sep 20 2019 11:36:17 GMT+0200 (CEST);1568979377000
1380556832687962;39.1;32.9;Fri Sep 20 2019 13:38:16 GMT+0200 (CEST);Fri Sep 20 2019 11:38:16 GMT+0200 (CEST);1568979496000
1380556832687962;39.1;33.2;Fri Sep 20 2019 13:40:17 GMT+0200 (CEST);Fri Sep 20 2019 11:40:17 GMT+0200 (CEST);1568979617000
1380556832687962;39.1;33.2;Fri Sep 20 2019 13:42:09 GMT+0200 (CEST);Fri Sep 20 2019 11:42:09 GMT+0200 (CEST);1568979729000
1380556832687962;39.1;33.3;Fri Sep 20 2019 13:44:02 GMT+0200 (CEST);Fri Sep 20 2019 11:44:02 GMT+0200 (CEST);1568979842000
1380556832687962;39.1;33.2;Fri Sep 20 2019 13:45:54 GMT+0200 (CEST);Fri Sep 20 2019 11:45:54 GMT+0200 (CEST);1568979954000
1380556832687962;39.1;33.2;Fri Sep 20 2019 13:47:49 GMT+0200 (CEST);Fri Sep 20 2019 11:47:49 GMT+0200 (CEST);1568980069000
1380556832687962;39.1;32.9;Fri Sep 20 2019 13:50:14 GMT+0200 (CEST);Fri Sep 20 2019 11:50:14 GMT+0200 (CEST);1568980214000
1380556832687962;39.1;32.9;Fri Sep 20 2019 13:52:16 GMT+0200 (CEST);Fri Sep 20 2019 11:52:16 GMT+0200 (CEST);1568980336000
1380556832687962;39.1;32.5;Fri Sep 20 2019 13:54:32 GMT+0200 (CEST);Fri Sep 20 2019 11:54:32 GMT+0200 (CEST);1568980472000
1380556832687962;39.1;33.3;Fri Sep 20 2019 13:56:26 GMT+0200 (CEST);Fri Sep 20 2019 11:56:26 GMT+0200 (CEST);1568980586000
1380556832687962;39.1;33.1;Fri Sep 20 2019 13:58:19 GMT+0200 (CEST);Fri Sep 20 2019 11:58:19 GMT+0200 (CEST);1568980699000
1380556832687962;41.6;33;Fri Sep 20 2019 14:00:11 GMT+0200 (CEST);Fri Sep 20 2019 12:00:11 GMT+0200 (CEST);1568980811000
1380556832687962;41.6;33.3;Fri Sep 20 2019 14:02:10 GMT+0200 (CEST);Fri Sep 20 2019 12:02:10 GMT+0200 (CEST);1568980930000
1380556832687962;41.6;33.3;Fri Sep 20 2019 14:04:10 GMT+0200 (CEST);Fri Sep 20 2019 12:04:10 GMT+0200 (CEST);1568981050000
1380556832687962;41.6;33.3;Fri Sep 20 2019 14:06:14 GMT+0200 (CEST);Fri Sep 20 2019 12:06:14 GMT+0200 (CEST);1568981174000
1380556832687962;41.6;33.4;Fri Sep 20 2019 14:08:09 GMT+0200 (CEST);Fri Sep 20 2019 12:08:09 GMT+0200 (CEST);1568981289000
1380556832687962;41.6;33.1;Fri Sep 20 2019 14:10:09 GMT+0200 (CEST);Fri Sep 20 2019 12:10:09 GMT+0200 (CEST);1568981409000
1380556832687962;41.6;33.2;Fri Sep 20 2019 14:12:03 GMT+0200 (CEST);Fri Sep 20 2019 12:12:03 GMT+0200 (CEST);1568981523000
1380556832687962;42.1;33;Fri Sep 20 2019 14:13:56 GMT+0200 (CEST);Fri Sep 20 2019 12:13:56 GMT+0200 (CEST);1568981636000
1380556832687962;42.1;33;Fri Sep 20 2019 14:15:48 GMT+0200 (CEST);Fri Sep 20 2019 12:15:48 GMT+0200 (CEST);1568981748000
1380556832687962;42.1;33.1;Fri Sep 20 2019 14:17:50 GMT+0200 (CEST);Fri Sep 20 2019 12:17:50 GMT+0200 (CEST);1568981870000
1380556832687962;42.1;33;Fri Sep 20 2019 14:19:51 GMT+0200 (CEST);Fri Sep 20 2019 12:19:51 GMT+0200 (CEST);1568981991000
1380556832687962;42.1;33;Fri Sep 20 2019 14:21:46 GMT+0200 (CEST);Fri Sep 20 2019 12:21:46 GMT+0200 (CEST);1568982106000
1380556832687962;42.1;33.1;Fri Sep 20 2019 14:23:39 GMT+0200 (CEST);Fri Sep 20 2019 12:23:39 GMT+0200 (CEST);1568982219000
1380556832687962;42.1;33.5;Fri Sep 20 2019 14:25:34 GMT+0200 (CEST);Fri Sep 20 2019 12:25:34 GMT+0200 (CEST);1568982334000
1380556832687962;42.1;33.3;Fri Sep 20 2019 14:27:27 GMT+0200 (CEST);Fri Sep 20 2019 12:27:27 GMT+0200 (CEST);1568982447000
1380556832687962;41.6;33.3;Fri Sep 20 2019 14:29:31 GMT+0200 (CEST);Fri Sep 20 2019 12:29:31 GMT+0200 (CEST);1568982571000
1380556832687962;41.6;32.9;Fri Sep 20 2019 14:31:24 GMT+0200 (CEST);Fri Sep 20 2019 12:31:24 GMT+0200 (CEST);1568982684000
1380556832687962;41.6;33.1;Fri Sep 20 2019 14:33:28 GMT+0200 (CEST);Fri Sep 20 2019 12:33:28 GMT+0200 (CEST);1568982808000
1380556832687962;41.6;33.3;Fri Sep 20 2019 14:35:28 GMT+0200 (CEST);Fri Sep 20 2019 12:35:28 GMT+0200 (CEST);1568982928000
1380556832687962;41.6;33.6;Fri Sep 20 2019 14:37:29 GMT+0200 (CEST);Fri Sep 20 2019 12:37:29 GMT+0200 (CEST);1568983049000
1380556832687962;41.6;33.5;Fri Sep 20 2019 14:39:30 GMT+0200 (CEST);Fri Sep 20 2019 12:39:30 GMT+0200 (CEST);1568983170000
1380556832687962;41.6;33.5;Fri Sep 20 2019 14:41:22 GMT+0200 (CEST);Fri Sep 20 2019 12:41:22 GMT+0200 (CEST);1568983282000
1380556832687962;39.1;33.4;Fri Sep 20 2019 14:43:15 GMT+0200 (CEST);Fri Sep 20 2019 12:43:15 GMT+0200 (CEST);1568983395000
1380556832687962;39.1;33.8;Fri Sep 20 2019 14:45:10 GMT+0200 (CEST);Fri Sep 20 2019 12:45:10 GMT+0200 (CEST);1568983510000
1380556832687962;39.1;33;Fri Sep 20 2019 14:47:21 GMT+0200 (CEST);Fri Sep 20 2019 12:47:21 GMT+0200 (CEST);1568983641000
1380556832687962;39.1;33;Fri Sep 20 2019 14:49:14 GMT+0200 (CEST);Fri Sep 20 2019 12:49:14 GMT+0200 (CEST);1568983754000
1380556832687962;39.1;33.1;Fri Sep 20 2019 14:51:08 GMT+0200 (CEST);Fri Sep 20 2019 12:51:08 GMT+0200 (CEST);1568983868000
1380556832687962;39.1;33.4;Fri Sep 20 2019 14:53:20 GMT+0200 (CEST);Fri Sep 20 2019 12:53:20 GMT+0200 (CEST);1568984000000
1380556832687962;39.1;33.3;Fri Sep 20 2019 14:55:17 GMT+0200 (CEST);Fri Sep 20 2019 12:55:17 GMT+0200 (CEST);1568984117000
1380556832687962;39.1;33.4;Fri Sep 20 2019 14:57:25 GMT+0200 (CEST);Fri Sep 20 2019 12:57:25 GMT+0200 (CEST);1568984245000
1380556832687962;39.1;33.2;Fri Sep 20 2019 14:59:31 GMT+0200 (CEST);Fri Sep 20 2019 12:59:31 GMT+0200 (CEST);1568984371000
1380556832687962;39.1;33.6;Fri Sep 20 2019 15:01:47 GMT+0200 (CEST);Fri Sep 20 2019 13:01:47 GMT+0200 (CEST);1568984507000
1380556832687962;39.1;33.6;Fri Sep 20 2019 15:03:46 GMT+0200 (CEST);Fri Sep 20 2019 13:03:46 GMT+0200 (CEST);1568984626000
1380556832687962;39.1;33.1;Fri Sep 20 2019 15:05:44 GMT+0200 (CEST);Fri Sep 20 2019 13:05:44 GMT+0200 (CEST);1568984744000
1380556832687962;39.1;33.1;Fri Sep 20 2019 15:07:48 GMT+0200 (CEST);Fri Sep 20 2019 13:07:48 GMT+0200 (CEST);1568984868000
1380556832687962;39.1;33.1;Fri Sep 20 2019 15:09:55 GMT+0200 (CEST);Fri Sep 20 2019 13:09:55 GMT+0200 (CEST);1568984995000
1380556832687962;39.1;32.9;Fri Sep 20 2019 15:11:47 GMT+0200 (CEST);Fri Sep 20 2019 13:11:47 GMT+0200 (CEST);1568985107000
1380556832687962;39.1;33.2;Fri Sep 20 2019 15:13:46 GMT+0200 (CEST);Fri Sep 20 2019 13:13:46 GMT+0200 (CEST);1568985226000
1380556832687962;39.1;32.9;Fri Sep 20 2019 15:15:42 GMT+0200 (CEST);Fri Sep 20 2019 13:15:42 GMT+0200 (CEST);1568985342000
1380556832687962;39.1;33.6;Fri Sep 20 2019 15:17:37 GMT+0200 (CEST);Fri Sep 20 2019 13:17:37 GMT+0200 (CEST);1568985457000
1380556832687962;39.1;33.1;Fri Sep 20 2019 15:19:38 GMT+0200 (CEST);Fri Sep 20 2019 13:19:38 GMT+0200 (CEST);1568985578000
1380556832687962;38.1;33.7;Fri Sep 20 2019 15:21:38 GMT+0200 (CEST);Fri Sep 20 2019 13:21:38 GMT+0200 (CEST);1568985698000
1380556832687962;38.1;33.6;Fri Sep 20 2019 15:23:32 GMT+0200 (CEST);Fri Sep 20 2019 13:23:32 GMT+0200 (CEST);1568985812000
1380556832687962;38.1;33.4;Fri Sep 20 2019 15:25:25 GMT+0200 (CEST);Fri Sep 20 2019 13:25:25 GMT+0200 (CEST);1568985925000
1380556832687962;38.1;33.5;Fri Sep 20 2019 15:27:21 GMT+0200 (CEST);Fri Sep 20 2019 13:27:21 GMT+0200 (CEST);1568986041000
1380556832687962;38.1;33.5;Fri Sep 20 2019 15:29:13 GMT+0200 (CEST);Fri Sep 20 2019 13:29:13 GMT+0200 (CEST);1568986153000
1380556832687962;38.1;33.8;Fri Sep 20 2019 15:31:09 GMT+0200 (CEST);Fri Sep 20 2019 13:31:09 GMT+0200 (CEST);1568986269000
1380556832687962;38.1;33.8;Fri Sep 20 2019 15:33:01 GMT+0200 (CEST);Fri Sep 20 2019 13:33:01 GMT+0200 (CEST);1568986381000
1380556832687962;38.1;33.5;Fri Sep 20 2019 15:35:19 GMT+0200 (CEST);Fri Sep 20 2019 13:35:19 GMT+0200 (CEST);1568986519000
1380556832687962;38.1;33.6;Fri Sep 20 2019 15:37:21 GMT+0200 (CEST);Fri Sep 20 2019 13:37:21 GMT+0200 (CEST);1568986641000
1380556832687962;38.1;33.6;Fri Sep 20 2019 15:39:17 GMT+0200 (CEST);Fri Sep 20 2019 13:39:17 GMT+0200 (CEST);1568986757000
1380556832687962;38.1;33.7;Fri Sep 20 2019 15:41:14 GMT+0200 (CEST);Fri Sep 20 2019 13:41:14 GMT+0200 (CEST);1568986874000
1380556832687962;38.1;33.5;Fri Sep 20 2019 15:43:09 GMT+0200 (CEST);Fri Sep 20 2019 13:43:09 GMT+0200 (CEST);1568986989000
1380556832687962;38.1;32.8;Fri Sep 20 2019 15:45:04 GMT+0200 (CEST);Fri Sep 20 2019 13:45:04 GMT+0200 (CEST);1568987104000
1380556832687962;38.1;33;Fri Sep 20 2019 15:47:00 GMT+0200 (CEST);Fri Sep 20 2019 13:47:00 GMT+0200 (CEST);1568987220000
1380556832687962;38.1;33.4;Fri Sep 20 2019 15:48:58 GMT+0200 (CEST);Fri Sep 20 2019 13:48:58 GMT+0200 (CEST);1568987338000
1380556832687962;37.6;33.5;Fri Sep 20 2019 15:50:51 GMT+0200 (CEST);Fri Sep 20 2019 13:50:51 GMT+0200 (CEST);1568987451000
1380556832687962;37.6;33.8;Fri Sep 20 2019 15:53:18 GMT+0200 (CEST);Fri Sep 20 2019 13:53:18 GMT+0200 (CEST);1568987598000
1380556832687962;37.6;34.3;Fri Sep 20 2019 15:55:11 GMT+0200 (CEST);Fri Sep 20 2019 13:55:11 GMT+0200 (CEST);1568987711000
1380556832687962;37.6;34.5;Fri Sep 20 2019 15:57:08 GMT+0200 (CEST);Fri Sep 20 2019 13:57:08 GMT+0200 (CEST);1568987828000
1380556832687962;37.6;34.2;Fri Sep 20 2019 15:59:01 GMT+0200 (CEST);Fri Sep 20 2019 13:59:01 GMT+0200 (CEST);1568987941000
1380556832687962;37.6;34.2;Fri Sep 20 2019 16:00:54 GMT+0200 (CEST);Fri Sep 20 2019 14:00:54 GMT+0200 (CEST);1568988054000
1380556832687962;37.6;34.4;Fri Sep 20 2019 16:02:47 GMT+0200 (CEST);Fri Sep 20 2019 14:02:47 GMT+0200 (CEST);1568988167000
1380556832687962;37.6;34.4;Fri Sep 20 2019 16:04:53 GMT+0200 (CEST);Fri Sep 20 2019 14:04:53 GMT+0200 (CEST);1568988293000
1380556832687962;37.6;34.6;Fri Sep 20 2019 16:06:50 GMT+0200 (CEST);Fri Sep 20 2019 14:06:50 GMT+0200 (CEST);1568988410000
1380556832687962;37.6;34.3;Fri Sep 20 2019 16:08:44 GMT+0200 (CEST);Fri Sep 20 2019 14:08:44 GMT+0200 (CEST);1568988524000
1380556832687962;37.6;34.1;Fri Sep 20 2019 16:10:36 GMT+0200 (CEST);Fri Sep 20 2019 14:10:36 GMT+0200 (CEST);1568988636000
1380556832687962;37.6;34;Fri Sep 20 2019 16:12:29 GMT+0200 (CEST);Fri Sep 20 2019 14:12:29 GMT+0200 (CEST);1568988749000
1380556832687962;37.6;34.4;Fri Sep 20 2019 16:14:31 GMT+0200 (CEST);Fri Sep 20 2019 14:14:31 GMT+0200 (CEST);1568988871000
1380556832687962;37.6;34.6;Fri Sep 20 2019 16:16:24 GMT+0200 (CEST);Fri Sep 20 2019 14:16:24 GMT+0200 (CEST);1568988984000
1380556832687962;37.6;34.6;Fri Sep 20 2019 16:18:08 GMT+0200 (CEST);Fri Sep 20 2019 14:18:08 GMT+0200 (CEST);1568989088000
1380556832687962;37.6;34.2;Fri Sep 20 2019 16:20:08 GMT+0200 (CEST);Fri Sep 20 2019 14:20:08 GMT+0200 (CEST);1568989208000
1380556832687962;37.6;34;Fri Sep 20 2019 16:22:03 GMT+0200 (CEST);Fri Sep 20 2019 14:22:03 GMT+0200 (CEST);1568989323000
1380556832687962;37.6;34;Fri Sep 20 2019 16:23:58 GMT+0200 (CEST);Fri Sep 20 2019 14:23:58 GMT+0200 (CEST);1568989438000
1380556832687962;37.6;34.2;Fri Sep 20 2019 16:25:59 GMT+0200 (CEST);Fri Sep 20 2019 14:25:59 GMT+0200 (CEST);1568989559000
1380556832687962;37.6;34.3;Fri Sep 20 2019 16:27:58 GMT+0200 (CEST);Fri Sep 20 2019 14:27:58 GMT+0200 (CEST);1568989678000
1380556832687962;37.6;34.6;Fri Sep 20 2019 16:30:03 GMT+0200 (CEST);Fri Sep 20 2019 14:30:03 GMT+0200 (CEST);1568989803000
1380556832687962;36.1;33.9;Fri Sep 20 2019 16:31:56 GMT+0200 (CEST);Fri Sep 20 2019 14:31:56 GMT+0200 (CEST);1568989916000
1380556832687962;36.1;34.1;Fri Sep 20 2019 16:33:49 GMT+0200 (CEST);Fri Sep 20 2019 14:33:49 GMT+0200 (CEST);1568990029000
1380556832687962;36.1;33.9;Fri Sep 20 2019 16:35:46 GMT+0200 (CEST);Fri Sep 20 2019 14:35:46 GMT+0200 (CEST);1568990146000
1380556832687962;36.1;33.6;Fri Sep 20 2019 16:37:43 GMT+0200 (CEST);Fri Sep 20 2019 14:37:43 GMT+0200 (CEST);1568990263000
1380556832687962;36.1;34;Fri Sep 20 2019 16:39:49 GMT+0200 (CEST);Fri Sep 20 2019 14:39:49 GMT+0200 (CEST);1568990389000
1380556832687962;35.6;34;Fri Sep 20 2019 16:41:48 GMT+0200 (CEST);Fri Sep 20 2019 14:41:48 GMT+0200 (CEST);1568990508000
1380556832687962;35.6;33.7;Fri Sep 20 2019 16:43:42 GMT+0200 (CEST);Fri Sep 20 2019 14:43:42 GMT+0200 (CEST);1568990622000
1380556832687962;35.6;33.7;Fri Sep 20 2019 16:45:40 GMT+0200 (CEST);Fri Sep 20 2019 14:45:40 GMT+0200 (CEST);1568990740000
1380556832687962;35.6;33.8;Fri Sep 20 2019 16:47:34 GMT+0200 (CEST);Fri Sep 20 2019 14:47:34 GMT+0200 (CEST);1568990854000
1380556832687962;35.6;33.8;Fri Sep 20 2019 16:49:47 GMT+0200 (CEST);Fri Sep 20 2019 14:49:47 GMT+0200 (CEST);1568990987000
1380556832687962;35.6;33.8;Fri Sep 20 2019 16:51:40 GMT+0200 (CEST);Fri Sep 20 2019 14:51:40 GMT+0200 (CEST);1568991100000
1380556832687962;35.6;33.8;Fri Sep 20 2019 16:53:33 GMT+0200 (CEST);Fri Sep 20 2019 14:53:33 GMT+0200 (CEST);1568991213000
1380556832687962;35.6;33.8;Fri Sep 20 2019 16:55:51 GMT+0200 (CEST);Fri Sep 20 2019 14:55:51 GMT+0200 (CEST);1568991351000
1380556832687962;35.6;33.9;Fri Sep 20 2019 16:57:45 GMT+0200 (CEST);Fri Sep 20 2019 14:57:45 GMT+0200 (CEST);1568991465000
1380556832687962;35.6;33.7;Fri Sep 20 2019 16:59:40 GMT+0200 (CEST);Fri Sep 20 2019 14:59:40 GMT+0200 (CEST);1568991580000
1380556832687962;34;34;Fri Sep 20 2019 17:01:33 GMT+0200 (CEST);Fri Sep 20 2019 15:01:33 GMT+0200 (CEST);1568991693000
1380556832687962;34;33.9;Fri Sep 20 2019 17:03:42 GMT+0200 (CEST);Fri Sep 20 2019 15:03:42 GMT+0200 (CEST);1568991822000
1380556832687962;33.5;33.6;Fri Sep 20 2019 17:05:48 GMT+0200 (CEST);Fri Sep 20 2019 15:05:48 GMT+0200 (CEST);1568991948000
1380556832687962;33.5;33.7;Fri Sep 20 2019 17:07:42 GMT+0200 (CEST);Fri Sep 20 2019 15:07:42 GMT+0200 (CEST);1568992062000
1380556832687962;33.5;33.9;Fri Sep 20 2019 17:09:36 GMT+0200 (CEST);Fri Sep 20 2019 15:09:36 GMT+0200 (CEST);1568992176000
1380556832687962;33.5;34.2;Fri Sep 20 2019 17:11:29 GMT+0200 (CEST);Fri Sep 20 2019 15:11:29 GMT+0200 (CEST);1568992289000
1380556832687962;33.5;33.9;Fri Sep 20 2019 17:13:24 GMT+0200 (CEST);Fri Sep 20 2019 15:13:24 GMT+0200 (CEST);1568992404000
1380556832687962;33.5;33.9;Fri Sep 20 2019 17:15:17 GMT+0200 (CEST);Fri Sep 20 2019 15:15:17 GMT+0200 (CEST);1568992517000
1380556832687962;33.5;33.4;Fri Sep 20 2019 17:17:13 GMT+0200 (CEST);Fri Sep 20 2019 15:17:13 GMT+0200 (CEST);1568992633000
1380556832687962;31.5;33.3;Fri Sep 20 2019 17:19:21 GMT+0200 (CEST);Fri Sep 20 2019 15:19:21 GMT+0200 (CEST);1568992761000
1380556832687962;31.5;34;Fri Sep 20 2019 17:21:14 GMT+0200 (CEST);Fri Sep 20 2019 15:21:14 GMT+0200 (CEST);1568992874000
1380556832687962;31.5;34;Fri Sep 20 2019 17:23:12 GMT+0200 (CEST);Fri Sep 20 2019 15:23:12 GMT+0200 (CEST);1568992992000
1380556832687962;31.5;34.2;Fri Sep 20 2019 17:25:12 GMT+0200 (CEST);Fri Sep 20 2019 15:25:12 GMT+0200 (CEST);1568993112000
1380556832687962;31.5;33.9;Fri Sep 20 2019 17:27:07 GMT+0200 (CEST);Fri Sep 20 2019 15:27:07 GMT+0200 (CEST);1568993227000
1380556832687962;31.5;33.1;Fri Sep 20 2019 17:29:12 GMT+0200 (CEST);Fri Sep 20 2019 15:29:12 GMT+0200 (CEST);1568993352000
1380556832687962;31.5;33.8;Fri Sep 20 2019 17:31:14 GMT+0200 (CEST);Fri Sep 20 2019 15:31:14 GMT+0200 (CEST);1568993474000
1380556832687962;31.5;33.6;Fri Sep 20 2019 17:33:12 GMT+0200 (CEST);Fri Sep 20 2019 15:33:12 GMT+0200 (CEST);1568993592000
1380556832687962;29.5;33.6;Fri Sep 20 2019 17:35:22 GMT+0200 (CEST);Fri Sep 20 2019 15:35:22 GMT+0200 (CEST);1568993722000
1380556832687962;29.5;34.3;Fri Sep 20 2019 17:37:15 GMT+0200 (CEST);Fri Sep 20 2019 15:37:15 GMT+0200 (CEST);1568993835000
1380556832687962;29.5;34.4;Fri Sep 20 2019 17:39:12 GMT+0200 (CEST);Fri Sep 20 2019 15:39:12 GMT+0200 (CEST);1568993952000
1380556832687962;29.5;34.1;Fri Sep 20 2019 17:41:16 GMT+0200 (CEST);Fri Sep 20 2019 15:41:16 GMT+0200 (CEST);1568994076000
1380556832687962;29.5;33.8;Fri Sep 20 2019 17:43:13 GMT+0200 (CEST);Fri Sep 20 2019 15:43:13 GMT+0200 (CEST);1568994193000
1380556832687962;29.5;33.4;Fri Sep 20 2019 17:45:19 GMT+0200 (CEST);Fri Sep 20 2019 15:45:19 GMT+0200 (CEST);1568994319000
1380556832687962;29.5;33.8;Fri Sep 20 2019 17:47:16 GMT+0200 (CEST);Fri Sep 20 2019 15:47:16 GMT+0200 (CEST);1568994436000
1380556832687962;28;34.2;Fri Sep 20 2019 17:49:09 GMT+0200 (CEST);Fri Sep 20 2019 15:49:09 GMT+0200 (CEST);1568994549000
1380556832687962;28;33.9;Fri Sep 20 2019 17:51:03 GMT+0200 (CEST);Fri Sep 20 2019 15:51:03 GMT+0200 (CEST);1568994663000
1380556832687962;28;33.4;Fri Sep 20 2019 17:53:13 GMT+0200 (CEST);Fri Sep 20 2019 15:53:13 GMT+0200 (CEST);1568994793000
1380556832687962;28;33.4;Fri Sep 20 2019 17:55:08 GMT+0200 (CEST);Fri Sep 20 2019 15:55:08 GMT+0200 (CEST);1568994908000
1380556832687962;28;34.1;Fri Sep 20 2019 17:57:07 GMT+0200 (CEST);Fri Sep 20 2019 15:57:07 GMT+0200 (CEST);1568995027000
1380556832687962;28;33.8;Fri Sep 20 2019 17:59:03 GMT+0200 (CEST);Fri Sep 20 2019 15:59:03 GMT+0200 (CEST);1568995143000
1380556832687962;28;34.1;Fri Sep 20 2019 18:00:55 GMT+0200 (CEST);Fri Sep 20 2019 16:00:55 GMT+0200 (CEST);1568995255000
1380556832687962;26;34.1;Fri Sep 20 2019 18:02:48 GMT+0200 (CEST);Fri Sep 20 2019 16:02:48 GMT+0200 (CEST);1568995368000
1380556832687962;26;33.9;Fri Sep 20 2019 18:05:01 GMT+0200 (CEST);Fri Sep 20 2019 16:05:01 GMT+0200 (CEST);1568995501000
1380556832687962;25.5;33.9;Fri Sep 20 2019 18:07:12 GMT+0200 (CEST);Fri Sep 20 2019 16:07:12 GMT+0200 (CEST);1568995632000
1380556832687962;25.5;33.6;Fri Sep 20 2019 18:09:12 GMT+0200 (CEST);Fri Sep 20 2019 16:09:12 GMT+0200 (CEST);1568995752000
1380556832687962;25.5;33.2;Fri Sep 20 2019 18:11:06 GMT+0200 (CEST);Fri Sep 20 2019 16:11:06 GMT+0200 (CEST);1568995866000
1380556832687962;25.5;33.4;Fri Sep 20 2019 18:13:02 GMT+0200 (CEST);Fri Sep 20 2019 16:13:02 GMT+0200 (CEST);1568995982000
1380556832687962;25.5;33.4;Fri Sep 20 2019 18:14:55 GMT+0200 (CEST);Fri Sep 20 2019 16:14:55 GMT+0200 (CEST);1568996095000
1380556832687962;25.5;33.3;Fri Sep 20 2019 18:16:57 GMT+0200 (CEST);Fri Sep 20 2019 16:16:57 GMT+0200 (CEST);1568996217000
1380556832687962;23;33.3;Fri Sep 20 2019 18:18:52 GMT+0200 (CEST);Fri Sep 20 2019 16:18:52 GMT+0200 (CEST);1568996332000
1380556832687962;23;33.9;Fri Sep 20 2019 18:21:08 GMT+0200 (CEST);Fri Sep 20 2019 16:21:08 GMT+0200 (CEST);1568996468000
1380556832687962;23;33.1;Fri Sep 20 2019 18:23:10 GMT+0200 (CEST);Fri Sep 20 2019 16:23:10 GMT+0200 (CEST);1568996590000
1380556832687962;23;33.1;Fri Sep 20 2019 18:25:06 GMT+0200 (CEST);Fri Sep 20 2019 16:25:06 GMT+0200 (CEST);1568996706000
1380556832687962;23;32.9;Fri Sep 20 2019 18:27:01 GMT+0200 (CEST);Fri Sep 20 2019 16:27:01 GMT+0200 (CEST);1568996821000
1380556832687962;23;31.7;Fri Sep 20 2019 18:28:57 GMT+0200 (CEST);Fri Sep 20 2019 16:28:57 GMT+0200 (CEST);1568996937000
1380556832687962;23;29.3;Fri Sep 20 2019 18:30:49 GMT+0200 (CEST);Fri Sep 20 2019 16:30:49 GMT+0200 (CEST);1568997049000
1380556832687962;21.5;29.9;Fri Sep 20 2019 18:32:42 GMT+0200 (CEST);Fri Sep 20 2019 16:32:42 GMT+0200 (CEST);1568997162000
1380556832687962;21.5;30.5;Fri Sep 20 2019 18:34:56 GMT+0200 (CEST);Fri Sep 20 2019 16:34:56 GMT+0200 (CEST);1568997296000
1380556832687962;21.5;30.5;Fri Sep 20 2019 18:36:52 GMT+0200 (CEST);Fri Sep 20 2019 16:36:52 GMT+0200 (CEST);1568997412000
1380556832687962;21.5;31.6;Fri Sep 20 2019 18:38:46 GMT+0200 (CEST);Fri Sep 20 2019 16:38:46 GMT+0200 (CEST);1568997526000
1380556832687962;21.5;30.9;Fri Sep 20 2019 18:40:40 GMT+0200 (CEST);Fri Sep 20 2019 16:40:40 GMT+0200 (CEST);1568997640000
1380556832687962;21.5;30.9;Fri Sep 20 2019 18:42:54 GMT+0200 (CEST);Fri Sep 20 2019 16:42:54 GMT+0200 (CEST);1568997774000
1380556832687962;21.5;30.7;Fri Sep 20 2019 18:44:53 GMT+0200 (CEST);Fri Sep 20 2019 16:44:53 GMT+0200 (CEST);1568997893000
1380556832687962;19.9;30.8;Fri Sep 20 2019 18:46:45 GMT+0200 (CEST);Fri Sep 20 2019 16:46:45 GMT+0200 (CEST);1568998005000
1380556832687962;19.9;30.6;Fri Sep 20 2019 18:48:44 GMT+0200 (CEST);Fri Sep 20 2019 16:48:44 GMT+0200 (CEST);1568998124000
1380556832687962;19.9;30.5;Fri Sep 20 2019 18:50:52 GMT+0200 (CEST);Fri Sep 20 2019 16:50:52 GMT+0200 (CEST);1568998252000
1380556832687962;19.4;30.3;Fri Sep 20 2019 18:52:48 GMT+0200 (CEST);Fri Sep 20 2019 16:52:48 GMT+0200 (CEST);1568998368000
1380556832687962;19.4;30.2;Fri Sep 20 2019 18:54:32 GMT+0200 (CEST);Fri Sep 20 2019 16:54:32 GMT+0200 (CEST);1568998472000
1380556832687962;19.4;30.4;Fri Sep 20 2019 18:56:26 GMT+0200 (CEST);Fri Sep 20 2019 16:56:26 GMT+0200 (CEST);1568998586000
1380556832687962;19.4;31.1;Fri Sep 20 2019 18:58:23 GMT+0200 (CEST);Fri Sep 20 2019 16:58:23 GMT+0200 (CEST);1568998703000
1380556832687962;19.4;31.1;Fri Sep 20 2019 19:00:18 GMT+0200 (CEST);Fri Sep 20 2019 17:00:18 GMT+0200 (CEST);1568998818000
1380556832687962;19.4;32.4;Fri Sep 20 2019 19:02:12 GMT+0200 (CEST);Fri Sep 20 2019 17:02:12 GMT+0200 (CEST);1568998932000
1380556832687962;19.4;32.3;Fri Sep 20 2019 19:04:11 GMT+0200 (CEST);Fri Sep 20 2019 17:04:11 GMT+0200 (CEST);1568999051000
1380556832687962;19.4;32.3;Fri Sep 20 2019 19:06:03 GMT+0200 (CEST);Fri Sep 20 2019 17:06:03 GMT+0200 (CEST);1568999163000
1380556832687962;19.4;33.8;Fri Sep 20 2019 19:07:56 GMT+0200 (CEST);Fri Sep 20 2019 17:07:56 GMT+0200 (CEST);1568999276000
1380556832687962;19.4;33.2;Fri Sep 20 2019 19:10:00 GMT+0200 (CEST);Fri Sep 20 2019 17:10:00 GMT+0200 (CEST);1568999400000
1380556832687962;19.4;33.2;Fri Sep 20 2019 19:11:54 GMT+0200 (CEST);Fri Sep 20 2019 17:11:54 GMT+0200 (CEST);1568999514000
1380556832687962;19.4;33.2;Fri Sep 20 2019 19:13:48 GMT+0200 (CEST);Fri Sep 20 2019 17:13:48 GMT+0200 (CEST);1568999628000
1380556832687962;19.4;31.7;Fri Sep 20 2019 19:15:42 GMT+0200 (CEST);Fri Sep 20 2019 17:15:42 GMT+0200 (CEST);1568999742000
1380556832687962;19.4;26.1;Fri Sep 20 2019 19:17:38 GMT+0200 (CEST);Fri Sep 20 2019 17:17:38 GMT+0200 (CEST);1568999858000
1380556832687962;19.4;28.3;Fri Sep 20 2019 19:19:32 GMT+0200 (CEST);Fri Sep 20 2019 17:19:32 GMT+0200 (CEST);1568999972000
1380556832687962;17.4;26.7;Fri Sep 20 2019 19:21:24 GMT+0200 (CEST);Fri Sep 20 2019 17:21:24 GMT+0200 (CEST);1569000084000
1380556832687962;17.4;22.7;Fri Sep 20 2019 19:23:19 GMT+0200 (CEST);Fri Sep 20 2019 17:23:19 GMT+0200 (CEST);1569000199000
1380556832687962;17.4;22.7;Fri Sep 20 2019 19:25:13 GMT+0200 (CEST);Fri Sep 20 2019 17:25:13 GMT+0200 (CEST);1569000313000
1380556832687962;17.4;22.7;Fri Sep 20 2019 19:27:10 GMT+0200 (CEST);Fri Sep 20 2019 17:27:10 GMT+0200 (CEST);1569000430000
1380556832687962;-273.2;25.4;Sat Sep 21 2019 06:55:19 GMT+0200 (CEST);Sat Sep 21 2019 04:55:19 GMT+0200 (CEST);1569041719000
1380556832687962;-273.2;25.4;Sat Sep 21 2019 06:57:13 GMT+0200 (CEST);Sat Sep 21 2019 04:57:13 GMT+0200 (CEST);1569041833000
1380556832687962;-273.2;25.4;Sat Sep 21 2019 06:59:06 GMT+0200 (CEST);Sat Sep 21 2019 04:59:06 GMT+0200 (CEST);1569041946000
1380556832687962;-273.2;18.5;Sat Sep 21 2019 07:06:42 GMT+0200 (CEST);Sat Sep 21 2019 05:06:42 GMT+0200 (CEST);1569042402000
1380556832687962;-273.2;18.9;Sat Sep 21 2019 07:08:36 GMT+0200 (CEST);Sat Sep 21 2019 05:08:36 GMT+0200 (CEST);1569042516000
1380556832687962;3.3;34.8;Sat Sep 21 2019 07:10:32 GMT+0200 (CEST);Sat Sep 21 2019 05:10:32 GMT+0200 (CEST);1569042632000
1380556832687962;3.3;30.8;Sat Sep 21 2019 07:12:26 GMT+0200 (CEST);Sat Sep 21 2019 05:12:26 GMT+0200 (CEST);1569042746000
1380556832687962;3.3;31.2;Sat Sep 21 2019 07:14:19 GMT+0200 (CEST);Sat Sep 21 2019 05:14:19 GMT+0200 (CEST);1569042859000
1380556832687962;3.3;30.8;Sat Sep 21 2019 07:16:12 GMT+0200 (CEST);Sat Sep 21 2019 05:16:12 GMT+0200 (CEST);1569042972000
1380556832687962;3.3;31.2;Sat Sep 21 2019 07:18:06 GMT+0200 (CEST);Sat Sep 21 2019 05:18:06 GMT+0200 (CEST);1569043086000
1380556832687962;5.8;30.6;Sat Sep 21 2019 07:20:12 GMT+0200 (CEST);Sat Sep 21 2019 05:20:12 GMT+0200 (CEST);1569043212000
1380556832687962;5.8;30.3;Sat Sep 21 2019 07:22:07 GMT+0200 (CEST);Sat Sep 21 2019 05:22:07 GMT+0200 (CEST);1569043327000
1380556832687962;5.8;31.2;Sat Sep 21 2019 07:24:13 GMT+0200 (CEST);Sat Sep 21 2019 05:24:13 GMT+0200 (CEST);1569043453000
1380556832687962;5.8;30.9;Sat Sep 21 2019 07:26:21 GMT+0200 (CEST);Sat Sep 21 2019 05:26:21 GMT+0200 (CEST);1569043581000
1380556832687962;5.8;31;Sat Sep 21 2019 07:28:14 GMT+0200 (CEST);Sat Sep 21 2019 05:28:14 GMT+0200 (CEST);1569043694000
1380556832687962;5.8;31.2;Sat Sep 21 2019 07:30:12 GMT+0200 (CEST);Sat Sep 21 2019 05:30:12 GMT+0200 (CEST);1569043812000
1380556832687962;5.8;31.3;Sat Sep 21 2019 07:32:06 GMT+0200 (CEST);Sat Sep 21 2019 05:32:06 GMT+0200 (CEST);1569043926000
1380556832687962;6.8;31.4;Sat Sep 21 2019 07:33:59 GMT+0200 (CEST);Sat Sep 21 2019 05:33:59 GMT+0200 (CEST);1569044039000
1380556832687962;6.8;31.6;Sat Sep 21 2019 07:35:54 GMT+0200 (CEST);Sat Sep 21 2019 05:35:54 GMT+0200 (CEST);1569044154000
1380556832687962;6.8;31.7;Sat Sep 21 2019 07:37:50 GMT+0200 (CEST);Sat Sep 21 2019 05:37:50 GMT+0200 (CEST);1569044270000
1380556832687962;6.8;31.9;Sat Sep 21 2019 07:39:51 GMT+0200 (CEST);Sat Sep 21 2019 05:39:51 GMT+0200 (CEST);1569044391000
1380556832687962;6.8;32.2;Sat Sep 21 2019 07:41:46 GMT+0200 (CEST);Sat Sep 21 2019 05:41:46 GMT+0200 (CEST);1569044506000
1380556832687962;6.8;32.5;Sat Sep 21 2019 07:43:39 GMT+0200 (CEST);Sat Sep 21 2019 05:43:39 GMT+0200 (CEST);1569044619000
1380556832687962;6.8;32.6;Sat Sep 21 2019 07:45:40 GMT+0200 (CEST);Sat Sep 21 2019 05:45:40 GMT+0200 (CEST);1569044740000
1380556832687962;7.9;32.9;Sat Sep 21 2019 07:47:33 GMT+0200 (CEST);Sat Sep 21 2019 05:47:33 GMT+0200 (CEST);1569044853000
1380556832687962;7.9;34.7;Sat Sep 21 2019 07:49:26 GMT+0200 (CEST);Sat Sep 21 2019 05:49:26 GMT+0200 (CEST);1569044966000
1380556832687962;7.9;34.8;Sat Sep 21 2019 07:51:33 GMT+0200 (CEST);Sat Sep 21 2019 05:51:33 GMT+0200 (CEST);1569045093000
1380556832687962;9.4;34.8;Sat Sep 21 2019 07:53:31 GMT+0200 (CEST);Sat Sep 21 2019 05:53:31 GMT+0200 (CEST);1569045211000
1380556832687962;9.4;35.2;Sat Sep 21 2019 07:55:37 GMT+0200 (CEST);Sat Sep 21 2019 05:55:37 GMT+0200 (CEST);1569045337000
1380556832687962;9.4;35.2;Sat Sep 21 2019 07:57:33 GMT+0200 (CEST);Sat Sep 21 2019 05:57:33 GMT+0200 (CEST);1569045453000
1380556832687962;9.4;35.2;Sat Sep 21 2019 07:59:26 GMT+0200 (CEST);Sat Sep 21 2019 05:59:26 GMT+0200 (CEST);1569045566000
1380556832687962;9.4;35.4;Sat Sep 21 2019 08:01:18 GMT+0200 (CEST);Sat Sep 21 2019 06:01:18 GMT+0200 (CEST);1569045678000
1380556832687962;9.9;35.4;Sat Sep 21 2019 08:03:11 GMT+0200 (CEST);Sat Sep 21 2019 06:03:11 GMT+0200 (CEST);1569045791000
1380556832687962;9.9;35.4;Sat Sep 21 2019 08:05:12 GMT+0200 (CEST);Sat Sep 21 2019 06:05:12 GMT+0200 (CEST);1569045912000
1380556832687962;11.4;35.7;Sat Sep 21 2019 08:07:28 GMT+0200 (CEST);Sat Sep 21 2019 06:07:28 GMT+0200 (CEST);1569046048000
1380556832687962;11.4;37.6;Sat Sep 21 2019 08:09:20 GMT+0200 (CEST);Sat Sep 21 2019 06:09:20 GMT+0200 (CEST);1569046160000
1380556832687962;11.4;40.4;Sat Sep 21 2019 08:11:13 GMT+0200 (CEST);Sat Sep 21 2019 06:11:13 GMT+0200 (CEST);1569046273000
1380556832687962;13.4;40.4;Sat Sep 21 2019 08:13:05 GMT+0200 (CEST);Sat Sep 21 2019 06:13:05 GMT+0200 (CEST);1569046385000
1380556832687962;13.4;40.4;Sat Sep 21 2019 08:14:58 GMT+0200 (CEST);Sat Sep 21 2019 06:14:58 GMT+0200 (CEST);1569046498000
1380556832687962;15.4;40.4;Sat Sep 21 2019 08:16:51 GMT+0200 (CEST);Sat Sep 21 2019 06:16:51 GMT+0200 (CEST);1569046611000
1380556832687962;15.4;40.4;Sat Sep 21 2019 08:18:43 GMT+0200 (CEST);Sat Sep 21 2019 06:18:43 GMT+0200 (CEST);1569046723000
1380556832687962;15.4;40.4;Sat Sep 21 2019 08:20:39 GMT+0200 (CEST);Sat Sep 21 2019 06:20:39 GMT+0200 (CEST);1569046839000
1380556832687962;17.4;40.4;Sat Sep 21 2019 08:22:36 GMT+0200 (CEST);Sat Sep 21 2019 06:22:36 GMT+0200 (CEST);1569046956000
1380556832687962;17.4;40.4;Sat Sep 21 2019 08:24:29 GMT+0200 (CEST);Sat Sep 21 2019 06:24:29 GMT+0200 (CEST);1569047069000
1380556832687962;17.9;40.4;Sat Sep 21 2019 08:26:22 GMT+0200 (CEST);Sat Sep 21 2019 06:26:22 GMT+0200 (CEST);1569047182000
1380556832687962;17.9;40.4;Sat Sep 21 2019 08:28:33 GMT+0200 (CEST);Sat Sep 21 2019 06:28:33 GMT+0200 (CEST);1569047313000
1380556832687962;17.9;40.4;Sat Sep 21 2019 08:30:29 GMT+0200 (CEST);Sat Sep 21 2019 06:30:29 GMT+0200 (CEST);1569047429000
1380556832687962;19.9;40.4;Sat Sep 21 2019 08:32:22 GMT+0200 (CEST);Sat Sep 21 2019 06:32:22 GMT+0200 (CEST);1569047542000
1380556832687962;19.9;40.4;Sat Sep 21 2019 08:34:16 GMT+0200 (CEST);Sat Sep 21 2019 06:34:16 GMT+0200 (CEST);1569047656000
1380556832687962;19.9;40.4;Sat Sep 21 2019 08:36:05 GMT+0200 (CEST);Sat Sep 21 2019 06:36:05 GMT+0200 (CEST);1569047765000
1380556832687962;19.9;39.1;Sat Sep 21 2019 08:38:15 GMT+0200 (CEST);Sat Sep 21 2019 06:38:15 GMT+0200 (CEST);1569047895000
1380556832687962;19.9;37.8;Sat Sep 21 2019 08:40:20 GMT+0200 (CEST);Sat Sep 21 2019 06:40:20 GMT+0200 (CEST);1569048020000
1380556832687962;19.9;37.4;Sat Sep 21 2019 08:42:13 GMT+0200 (CEST);Sat Sep 21 2019 06:42:13 GMT+0200 (CEST);1569048133000
1380556832687962;19.9;37.8;Sat Sep 21 2019 08:44:05 GMT+0200 (CEST);Sat Sep 21 2019 06:44:05 GMT+0200 (CEST);1569048245000
1380556832687962;19.9;38.5;Sat Sep 21 2019 08:46:02 GMT+0200 (CEST);Sat Sep 21 2019 06:46:02 GMT+0200 (CEST);1569048362000
1380556832687962;19.9;37.6;Sat Sep 21 2019 08:47:55 GMT+0200 (CEST);Sat Sep 21 2019 06:47:55 GMT+0200 (CEST);1569048475000
1380556832687962;19.9;38.4;Sat Sep 21 2019 08:50:05 GMT+0200 (CEST);Sat Sep 21 2019 06:50:05 GMT+0200 (CEST);1569048605000
1380556832687962;21.5;37.7;Sat Sep 21 2019 08:52:04 GMT+0200 (CEST);Sat Sep 21 2019 06:52:04 GMT+0200 (CEST);1569048724000
1380556832687962;21.5;37.7;Sat Sep 21 2019 08:54:05 GMT+0200 (CEST);Sat Sep 21 2019 06:54:05 GMT+0200 (CEST);1569048845000
1380556832687962;21.5;37.1;Sat Sep 21 2019 08:55:58 GMT+0200 (CEST);Sat Sep 21 2019 06:55:58 GMT+0200 (CEST);1569048958000
1380556832687962;21.5;36.9;Sat Sep 21 2019 08:57:51 GMT+0200 (CEST);Sat Sep 21 2019 06:57:51 GMT+0200 (CEST);1569049071000
1380556832687962;21.5;37.1;Sat Sep 21 2019 08:59:44 GMT+0200 (CEST);Sat Sep 21 2019 06:59:44 GMT+0200 (CEST);1569049184000
1380556832687962;22;36.9;Sat Sep 21 2019 09:02:06 GMT+0200 (CEST);Sat Sep 21 2019 07:02:06 GMT+0200 (CEST);1569049326000
1380556832687962;22;36.7;Sat Sep 21 2019 09:04:22 GMT+0200 (CEST);Sat Sep 21 2019 07:04:22 GMT+0200 (CEST);1569049462000
1380556832687962;22;36.3;Sat Sep 21 2019 09:06:15 GMT+0200 (CEST);Sat Sep 21 2019 07:06:15 GMT+0200 (CEST);1569049575000
1380556832687962;22;36.1;Sat Sep 21 2019 09:08:09 GMT+0200 (CEST);Sat Sep 21 2019 07:08:09 GMT+0200 (CEST);1569049689000
1380556832687962;23;35.2;Sat Sep 21 2019 09:10:11 GMT+0200 (CEST);Sat Sep 21 2019 07:10:11 GMT+0200 (CEST);1569049811000
1380556832687962;23;35.2;Sat Sep 21 2019 09:12:07 GMT+0200 (CEST);Sat Sep 21 2019 07:12:07 GMT+0200 (CEST);1569049927000
1380556832687962;23;35.8;Sat Sep 21 2019 09:14:00 GMT+0200 (CEST);Sat Sep 21 2019 07:14:00 GMT+0200 (CEST);1569050040000
1380556832687962;23;35.7;Sat Sep 21 2019 09:15:55 GMT+0200 (CEST);Sat Sep 21 2019 07:15:55 GMT+0200 (CEST);1569050155000
1380556832687962;23;35.6;Sat Sep 21 2019 09:17:48 GMT+0200 (CEST);Sat Sep 21 2019 07:17:48 GMT+0200 (CEST);1569050268000
1380556832687962;25.5;36.1;Sat Sep 21 2019 09:19:53 GMT+0200 (CEST);Sat Sep 21 2019 07:19:53 GMT+0200 (CEST);1569050393000
1380556832687962;25.5;35.8;Sat Sep 21 2019 09:21:54 GMT+0200 (CEST);Sat Sep 21 2019 07:21:54 GMT+0200 (CEST);1569050514000
1380556832687962;25.5;35.6;Sat Sep 21 2019 09:23:47 GMT+0200 (CEST);Sat Sep 21 2019 07:23:47 GMT+0200 (CEST);1569050627000
1380556832687962;25.5;35.4;Sat Sep 21 2019 09:26:23 GMT+0200 (CEST);Sat Sep 21 2019 07:26:23 GMT+0200 (CEST);1569050783000
1380556832687962;25.5;35.5;Sat Sep 21 2019 09:28:18 GMT+0200 (CEST);Sat Sep 21 2019 07:28:18 GMT+0200 (CEST);1569050898000
1380556832687962;27.5;35.5;Sat Sep 21 2019 09:30:20 GMT+0200 (CEST);Sat Sep 21 2019 07:30:20 GMT+0200 (CEST);1569051020000
1380556832687962;27.5;35.3;Sat Sep 21 2019 09:32:22 GMT+0200 (CEST);Sat Sep 21 2019 07:32:22 GMT+0200 (CEST);1569051142000
1380556832687962;28;35.2;Sat Sep 21 2019 09:34:20 GMT+0200 (CEST);Sat Sep 21 2019 07:34:20 GMT+0200 (CEST);1569051260000
1380556832687962;28;35.2;Sat Sep 21 2019 09:36:15 GMT+0200 (CEST);Sat Sep 21 2019 07:36:15 GMT+0200 (CEST);1569051375000
1380556832687962;28;35.3;Sat Sep 21 2019 09:38:10 GMT+0200 (CEST);Sat Sep 21 2019 07:38:10 GMT+0200 (CEST);1569051490000
1380556832687962;28;35.3;Sat Sep 21 2019 09:40:06 GMT+0200 (CEST);Sat Sep 21 2019 07:40:06 GMT+0200 (CEST);1569051606000
1380556832687962;28;35.2;Sat Sep 21 2019 09:42:11 GMT+0200 (CEST);Sat Sep 21 2019 07:42:11 GMT+0200 (CEST);1569051731000
1380556832687962;28;34.9;Sat Sep 21 2019 09:44:07 GMT+0200 (CEST);Sat Sep 21 2019 07:44:07 GMT+0200 (CEST);1569051847000
1380556832687962;29.5;34.8;Sat Sep 21 2019 09:46:11 GMT+0200 (CEST);Sat Sep 21 2019 07:46:11 GMT+0200 (CEST);1569051971000
1380556832687962;29.5;34.7;Sat Sep 21 2019 09:48:05 GMT+0200 (CEST);Sat Sep 21 2019 07:48:05 GMT+0200 (CEST);1569052085000
1380556832687962;29.5;34.8;Sat Sep 21 2019 09:50:06 GMT+0200 (CEST);Sat Sep 21 2019 07:50:06 GMT+0200 (CEST);1569052206000
1380556832687962;29.5;34.9;Sat Sep 21 2019 09:52:06 GMT+0200 (CEST);Sat Sep 21 2019 07:52:06 GMT+0200 (CEST);1569052326000
1380556832687962;30;34.6;Sat Sep 21 2019 09:54:06 GMT+0200 (CEST);Sat Sep 21 2019 07:54:06 GMT+0200 (CEST);1569052446000
1380556832687962;30;34.6;Sat Sep 21 2019 09:56:02 GMT+0200 (CEST);Sat Sep 21 2019 07:56:02 GMT+0200 (CEST);1569052562000
1380556832687962;30;34.5;Sat Sep 21 2019 09:57:55 GMT+0200 (CEST);Sat Sep 21 2019 07:57:55 GMT+0200 (CEST);1569052675000
1380556832687962;30;34.6;Sat Sep 21 2019 09:59:49 GMT+0200 (CEST);Sat Sep 21 2019 07:59:49 GMT+0200 (CEST);1569052789000
1380556832687962;30;34.6;Sat Sep 21 2019 10:01:52 GMT+0200 (CEST);Sat Sep 21 2019 08:01:52 GMT+0200 (CEST);1569052912000
1380556832687962;30;34.8;Sat Sep 21 2019 10:03:45 GMT+0200 (CEST);Sat Sep 21 2019 08:03:45 GMT+0200 (CEST);1569053025000
1380556832687962;30;34.7;Sat Sep 21 2019 10:05:46 GMT+0200 (CEST);Sat Sep 21 2019 08:05:46 GMT+0200 (CEST);1569053146000
1380556832687962;30;34.7;Sat Sep 21 2019 10:07:41 GMT+0200 (CEST);Sat Sep 21 2019 08:07:41 GMT+0200 (CEST);1569053261000
1380556832687962;32;34.4;Sat Sep 21 2019 10:09:42 GMT+0200 (CEST);Sat Sep 21 2019 08:09:42 GMT+0200 (CEST);1569053382000
1380556832687962;32;34.4;Sat Sep 21 2019 10:11:37 GMT+0200 (CEST);Sat Sep 21 2019 08:11:37 GMT+0200 (CEST);1569053497000
1380556832687962;32;34.3;Sat Sep 21 2019 10:13:30 GMT+0200 (CEST);Sat Sep 21 2019 08:13:30 GMT+0200 (CEST);1569053610000
1380556832687962;32;34.2;Sat Sep 21 2019 10:15:29 GMT+0200 (CEST);Sat Sep 21 2019 08:15:29 GMT+0200 (CEST);1569053729000
1380556832687962;32;34.3;Sat Sep 21 2019 10:17:22 GMT+0200 (CEST);Sat Sep 21 2019 08:17:22 GMT+0200 (CEST);1569053842000
1380556832687962;33.5;34.3;Sat Sep 21 2019 10:19:21 GMT+0200 (CEST);Sat Sep 21 2019 08:19:21 GMT+0200 (CEST);1569053961000
1380556832687962;33.5;34.2;Sat Sep 21 2019 10:21:23 GMT+0200 (CEST);Sat Sep 21 2019 08:21:23 GMT+0200 (CEST);1569054083000
1380556832687962;33.5;34;Sat Sep 21 2019 10:23:31 GMT+0200 (CEST);Sat Sep 21 2019 08:23:31 GMT+0200 (CEST);1569054211000
1380556832687962;33.5;34;Sat Sep 21 2019 10:25:28 GMT+0200 (CEST);Sat Sep 21 2019 08:25:28 GMT+0200 (CEST);1569054328000
1380556832687962;33.5;33.9;Sat Sep 21 2019 10:27:31 GMT+0200 (CEST);Sat Sep 21 2019 08:27:31 GMT+0200 (CEST);1569054451000
1380556832687962;35.6;34;Sat Sep 21 2019 10:29:23 GMT+0200 (CEST);Sat Sep 21 2019 08:29:23 GMT+0200 (CEST);1569054563000
1380556832687962;35.6;33.9;Sat Sep 21 2019 10:31:19 GMT+0200 (CEST);Sat Sep 21 2019 08:31:19 GMT+0200 (CEST);1569054679000
1380556832687962;35.6;33.9;Sat Sep 21 2019 10:33:15 GMT+0200 (CEST);Sat Sep 21 2019 08:33:15 GMT+0200 (CEST);1569054795000
1380556832687962;35.6;33.9;Sat Sep 21 2019 10:35:17 GMT+0200 (CEST);Sat Sep 21 2019 08:35:17 GMT+0200 (CEST);1569054917000
1380556832687962;35.6;33.6;Sat Sep 21 2019 10:37:28 GMT+0200 (CEST);Sat Sep 21 2019 08:37:28 GMT+0200 (CEST);1569055048000
1380556832687962;35.6;33.6;Sat Sep 21 2019 10:39:26 GMT+0200 (CEST);Sat Sep 21 2019 08:39:26 GMT+0200 (CEST);1569055166000
1380556832687962;35.6;33.6;Sat Sep 21 2019 10:41:20 GMT+0200 (CEST);Sat Sep 21 2019 08:41:20 GMT+0200 (CEST);1569055280000
1380556832687962;37.6;33.6;Sat Sep 21 2019 10:43:14 GMT+0200 (CEST);Sat Sep 21 2019 08:43:14 GMT+0200 (CEST);1569055394000
1380556832687962;37.6;33.6;Sat Sep 21 2019 10:45:36 GMT+0200 (CEST);Sat Sep 21 2019 08:45:36 GMT+0200 (CEST);1569055536000
1380556832687962;37.6;33.4;Sat Sep 21 2019 10:47:29 GMT+0200 (CEST);Sat Sep 21 2019 08:47:29 GMT+0200 (CEST);1569055649000
1380556832687962;37.6;33.4;Sat Sep 21 2019 10:49:22 GMT+0200 (CEST);Sat Sep 21 2019 08:49:22 GMT+0200 (CEST);1569055762000
1380556832687962;37.6;33.3;Sat Sep 21 2019 10:51:45 GMT+0200 (CEST);Sat Sep 21 2019 08:51:45 GMT+0200 (CEST);1569055905000
1380556832687962;37.6;33.2;Sat Sep 21 2019 10:53:45 GMT+0200 (CEST);Sat Sep 21 2019 08:53:45 GMT+0200 (CEST);1569056025000
1380556832687962;37.6;33.3;Sat Sep 21 2019 10:55:38 GMT+0200 (CEST);Sat Sep 21 2019 08:55:38 GMT+0200 (CEST);1569056138000
1380556832687962;37.6;33.2;Sat Sep 21 2019 10:57:32 GMT+0200 (CEST);Sat Sep 21 2019 08:57:32 GMT+0200 (CEST);1569056252000
1380556832687962;37.6;33.2;Sat Sep 21 2019 10:59:24 GMT+0200 (CEST);Sat Sep 21 2019 08:59:24 GMT+0200 (CEST);1569056364000
1380556832687962;38.1;33.2;Sat Sep 21 2019 11:01:17 GMT+0200 (CEST);Sat Sep 21 2019 09:01:17 GMT+0200 (CEST);1569056477000
1380556832687962;38.1;33.2;Sat Sep 21 2019 11:03:13 GMT+0200 (CEST);Sat Sep 21 2019 09:03:13 GMT+0200 (CEST);1569056593000
1380556832687962;38.1;33.2;Sat Sep 21 2019 11:05:08 GMT+0200 (CEST);Sat Sep 21 2019 09:05:08 GMT+0200 (CEST);1569056708000
1380556832687962;38.1;33.2;Sat Sep 21 2019 11:07:09 GMT+0200 (CEST);Sat Sep 21 2019 09:07:09 GMT+0200 (CEST);1569056829000
1380556832687962;38.1;33.2;Sat Sep 21 2019 11:09:02 GMT+0200 (CEST);Sat Sep 21 2019 09:09:02 GMT+0200 (CEST);1569056942000
1380556832687962;38.1;33.2;Sat Sep 21 2019 11:11:02 GMT+0200 (CEST);Sat Sep 21 2019 09:11:02 GMT+0200 (CEST);1569057062000
1380556832687962;38.1;33.2;Sat Sep 21 2019 11:12:56 GMT+0200 (CEST);Sat Sep 21 2019 09:12:56 GMT+0200 (CEST);1569057176000
1380556832687962;38.1;33.1;Sat Sep 21 2019 11:14:49 GMT+0200 (CEST);Sat Sep 21 2019 09:14:49 GMT+0200 (CEST);1569057289000
1380556832687962;38.1;32.9;Sat Sep 21 2019 11:16:43 GMT+0200 (CEST);Sat Sep 21 2019 09:16:43 GMT+0200 (CEST);1569057403000
1380556832687962;38.1;32.9;Sat Sep 21 2019 11:18:37 GMT+0200 (CEST);Sat Sep 21 2019 09:18:37 GMT+0200 (CEST);1569057517000
1380556832687962;38.1;32.9;Sat Sep 21 2019 11:20:35 GMT+0200 (CEST);Sat Sep 21 2019 09:20:35 GMT+0200 (CEST);1569057635000
1380556832687962;38.1;32.9;Sat Sep 21 2019 11:22:34 GMT+0200 (CEST);Sat Sep 21 2019 09:22:34 GMT+0200 (CEST);1569057754000
1380556832687962;38.1;32.8;Sat Sep 21 2019 11:24:43 GMT+0200 (CEST);Sat Sep 21 2019 09:24:43 GMT+0200 (CEST);1569057883000
1380556832687962;38.1;32.8;Sat Sep 21 2019 11:26:38 GMT+0200 (CEST);Sat Sep 21 2019 09:26:38 GMT+0200 (CEST);1569057998000
1380556832687962;38.1;32.8;Sat Sep 21 2019 11:28:31 GMT+0200 (CEST);Sat Sep 21 2019 09:28:31 GMT+0200 (CEST);1569058111000
1380556832687962;39.1;32.7;Sat Sep 21 2019 11:30:31 GMT+0200 (CEST);Sat Sep 21 2019 09:30:31 GMT+0200 (CEST);1569058231000
1380556832687962;39.1;32.7;Sat Sep 21 2019 11:32:24 GMT+0200 (CEST);Sat Sep 21 2019 09:32:24 GMT+0200 (CEST);1569058344000
1380556832687962;39.1;32.7;Sat Sep 21 2019 11:35:01 GMT+0200 (CEST);Sat Sep 21 2019 09:35:01 GMT+0200 (CEST);1569058501000
1380556832687962;41.6;32.5;Sat Sep 21 2019 11:37:02 GMT+0200 (CEST);Sat Sep 21 2019 09:37:02 GMT+0200 (CEST);1569058622000
1380556832687962;41.6;32.4;Sat Sep 21 2019 11:39:00 GMT+0200 (CEST);Sat Sep 21 2019 09:39:00 GMT+0200 (CEST);1569058740000
1380556832687962;41.6;32.2;Sat Sep 21 2019 11:40:53 GMT+0200 (CEST);Sat Sep 21 2019 09:40:53 GMT+0200 (CEST);1569058853000
1380556832687962;41.6;32.2;Sat Sep 21 2019 11:42:49 GMT+0200 (CEST);Sat Sep 21 2019 09:42:49 GMT+0200 (CEST);1569058969000
1380556832687962;42.1;32.2;Sat Sep 21 2019 11:44:44 GMT+0200 (CEST);Sat Sep 21 2019 09:44:44 GMT+0200 (CEST);1569059084000
1380556832687962;42.1;32.1;Sat Sep 21 2019 11:46:37 GMT+0200 (CEST);Sat Sep 21 2019 09:46:37 GMT+0200 (CEST);1569059197000
1380556832687962;42.1;32.3;Sat Sep 21 2019 11:48:58 GMT+0200 (CEST);Sat Sep 21 2019 09:48:58 GMT+0200 (CEST);1569059338000
1380556832687962;43.6;32.4;Sat Sep 21 2019 11:50:59 GMT+0200 (CEST);Sat Sep 21 2019 09:50:59 GMT+0200 (CEST);1569059459000
1380556832687962;43.6;32.5;Sat Sep 21 2019 11:52:52 GMT+0200 (CEST);Sat Sep 21 2019 09:52:52 GMT+0200 (CEST);1569059572000
1380556832687962;43.6;32.2;Sat Sep 21 2019 11:55:17 GMT+0200 (CEST);Sat Sep 21 2019 09:55:17 GMT+0200 (CEST);1569059717000
1380556832687962;43.6;32.5;Sat Sep 21 2019 11:57:14 GMT+0200 (CEST);Sat Sep 21 2019 09:57:14 GMT+0200 (CEST);1569059834000
1380556832687962;43.6;32.7;Sat Sep 21 2019 11:59:07 GMT+0200 (CEST);Sat Sep 21 2019 09:59:07 GMT+0200 (CEST);1569059947000
1380556832687962;43.6;33.1;Sat Sep 21 2019 12:00:59 GMT+0200 (CEST);Sat Sep 21 2019 10:00:59 GMT+0200 (CEST);1569060059000
1380556832687962;43.6;33.4;Sat Sep 21 2019 12:02:56 GMT+0200 (CEST);Sat Sep 21 2019 10:02:56 GMT+0200 (CEST);1569060176000
1380556832687962;44.1;29.1;Sat Sep 21 2019 12:04:51 GMT+0200 (CEST);Sat Sep 21 2019 10:04:51 GMT+0200 (CEST);1569060291000
1380556832687962;44.1;31.8;Sat Sep 21 2019 12:06:43 GMT+0200 (CEST);Sat Sep 21 2019 10:06:43 GMT+0200 (CEST);1569060403000
1380556832687962;44.1;31.6;Sat Sep 21 2019 12:08:38 GMT+0200 (CEST);Sat Sep 21 2019 10:08:38 GMT+0200 (CEST);1569060518000
1380556832687962;44.1;32.5;Sat Sep 21 2019 12:10:44 GMT+0200 (CEST);Sat Sep 21 2019 10:10:44 GMT+0200 (CEST);1569060644000
1380556832687962;44.1;32.5;Sat Sep 21 2019 12:12:36 GMT+0200 (CEST);Sat Sep 21 2019 10:12:36 GMT+0200 (CEST);1569060756000
1380556832687962;43.6;31.4;Sat Sep 21 2019 12:14:30 GMT+0200 (CEST);Sat Sep 21 2019 10:14:30 GMT+0200 (CEST);1569060870000
1380556832687962;43.6;31.4;Sat Sep 21 2019 12:16:26 GMT+0200 (CEST);Sat Sep 21 2019 10:16:26 GMT+0200 (CEST);1569060986000
1380556832687962;43.6;32;Sat Sep 21 2019 12:18:22 GMT+0200 (CEST);Sat Sep 21 2019 10:18:22 GMT+0200 (CEST);1569061102000
1380556832687962;44.1;33;Sat Sep 21 2019 12:20:39 GMT+0200 (CEST);Sat Sep 21 2019 10:20:39 GMT+0200 (CEST);1569061239000
1380556832687962;44.1;32;Sat Sep 21 2019 12:22:32 GMT+0200 (CEST);Sat Sep 21 2019 10:22:32 GMT+0200 (CEST);1569061352000
1380556832687962;44.1;32.5;Sat Sep 21 2019 12:24:41 GMT+0200 (CEST);Sat Sep 21 2019 10:24:41 GMT+0200 (CEST);1569061481000
1380556832687962;44.1;32.4;Sat Sep 21 2019 12:26:48 GMT+0200 (CEST);Sat Sep 21 2019 10:26:48 GMT+0200 (CEST);1569061608000
1380556832687962;44.1;31.8;Sat Sep 21 2019 12:28:42 GMT+0200 (CEST);Sat Sep 21 2019 10:28:42 GMT+0200 (CEST);1569061722000
1380556832687962;44.1;32.7;Sat Sep 21 2019 12:30:39 GMT+0200 (CEST);Sat Sep 21 2019 10:30:39 GMT+0200 (CEST);1569061839000
1380556832687962;44.1;32.9;Sat Sep 21 2019 12:32:31 GMT+0200 (CEST);Sat Sep 21 2019 10:32:31 GMT+0200 (CEST);1569061951000
1380556832687962;45.6;33.1;Sat Sep 21 2019 12:34:40 GMT+0200 (CEST);Sat Sep 21 2019 10:34:40 GMT+0200 (CEST);1569062080000
1380556832687962;45.6;33.1;Sat Sep 21 2019 12:36:33 GMT+0200 (CEST);Sat Sep 21 2019 10:36:33 GMT+0200 (CEST);1569062193000
1380556832687962;45.6;33.2;Sat Sep 21 2019 12:38:53 GMT+0200 (CEST);Sat Sep 21 2019 10:38:53 GMT+0200 (CEST);1569062333000
1380556832687962;45.6;33;Sat Sep 21 2019 12:40:55 GMT+0200 (CEST);Sat Sep 21 2019 10:40:55 GMT+0200 (CEST);1569062455000
1380556832687962;45.6;33;Sat Sep 21 2019 12:42:49 GMT+0200 (CEST);Sat Sep 21 2019 10:42:49 GMT+0200 (CEST);1569062569000
1380556832687962;45.6;33.1;Sat Sep 21 2019 12:44:42 GMT+0200 (CEST);Sat Sep 21 2019 10:44:42 GMT+0200 (CEST);1569062682000
1380556832687962;45.6;33.6;Sat Sep 21 2019 12:46:34 GMT+0200 (CEST);Sat Sep 21 2019 10:46:34 GMT+0200 (CEST);1569062794000
1380556832687962;45.6;33.4;Sat Sep 21 2019 12:48:27 GMT+0200 (CEST);Sat Sep 21 2019 10:48:27 GMT+0200 (CEST);1569062907000
1380556832687962;45.6;32.6;Sat Sep 21 2019 12:50:33 GMT+0200 (CEST);Sat Sep 21 2019 10:50:33 GMT+0200 (CEST);1569063033000
1380556832687962;45.6;33.8;Sat Sep 21 2019 12:52:29 GMT+0200 (CEST);Sat Sep 21 2019 10:52:29 GMT+0200 (CEST);1569063149000
1380556832687962;45.6;33.6;Sat Sep 21 2019 12:54:29 GMT+0200 (CEST);Sat Sep 21 2019 10:54:29 GMT+0200 (CEST);1569063269000
1380556832687962;45.6;33.7;Sat Sep 21 2019 12:56:26 GMT+0200 (CEST);Sat Sep 21 2019 10:56:26 GMT+0200 (CEST);1569063386000
1380556832687962;45.6;33.7;Sat Sep 21 2019 12:58:19 GMT+0200 (CEST);Sat Sep 21 2019 10:58:19 GMT+0200 (CEST);1569063499000
1380556832687962;45.6;33.7;Sat Sep 21 2019 13:00:48 GMT+0200 (CEST);Sat Sep 21 2019 11:00:48 GMT+0200 (CEST);1569063648000
1380556832687962;45.6;33.4;Sat Sep 21 2019 13:02:40 GMT+0200 (CEST);Sat Sep 21 2019 11:02:40 GMT+0200 (CEST);1569063760000
1380556832687962;45.6;33.3;Sat Sep 21 2019 13:04:36 GMT+0200 (CEST);Sat Sep 21 2019 11:04:36 GMT+0200 (CEST);1569063876000
1380556832687962;45.6;33.3;Sat Sep 21 2019 13:06:39 GMT+0200 (CEST);Sat Sep 21 2019 11:06:39 GMT+0200 (CEST);1569063999000
1380556832687962;46.1;33.3;Sat Sep 21 2019 13:08:39 GMT+0200 (CEST);Sat Sep 21 2019 11:08:39 GMT+0200 (CEST);1569064119000
1380556832687962;46.1;33.2;Sat Sep 21 2019 13:10:35 GMT+0200 (CEST);Sat Sep 21 2019 11:10:35 GMT+0200 (CEST);1569064235000
1380556832687962;46.1;33.1;Sat Sep 21 2019 13:12:28 GMT+0200 (CEST);Sat Sep 21 2019 11:12:28 GMT+0200 (CEST);1569064348000
1380556832687962;46.1;33.1;Sat Sep 21 2019 13:14:25 GMT+0200 (CEST);Sat Sep 21 2019 11:14:25 GMT+0200 (CEST);1569064465000
1380556832687962;46.1;33.1;Sat Sep 21 2019 13:16:27 GMT+0200 (CEST);Sat Sep 21 2019 11:16:27 GMT+0200 (CEST);1569064587000
1380556832687962;46.1;33.1;Sat Sep 21 2019 13:18:29 GMT+0200 (CEST);Sat Sep 21 2019 11:18:29 GMT+0200 (CEST);1569064709000
1380556832687962;46.1;33.1;Sat Sep 21 2019 13:20:34 GMT+0200 (CEST);Sat Sep 21 2019 11:20:34 GMT+0200 (CEST);1569064834000
1380556832687962;46.1;33.1;Sat Sep 21 2019 13:22:31 GMT+0200 (CEST);Sat Sep 21 2019 11:22:31 GMT+0200 (CEST);1569064951000
1380556832687962;46.1;32.8;Sat Sep 21 2019 13:24:24 GMT+0200 (CEST);Sat Sep 21 2019 11:24:24 GMT+0200 (CEST);1569065064000
1380556832687962;46.1;32.9;Sat Sep 21 2019 13:26:17 GMT+0200 (CEST);Sat Sep 21 2019 11:26:17 GMT+0200 (CEST);1569065177000
1380556832687962;47.6;33;Sat Sep 21 2019 13:28:11 GMT+0200 (CEST);Sat Sep 21 2019 11:28:11 GMT+0200 (CEST);1569065291000
1380556832687962;47.6;33.1;Sat Sep 21 2019 13:30:04 GMT+0200 (CEST);Sat Sep 21 2019 11:30:04 GMT+0200 (CEST);1569065404000
1380556832687962;47.6;33.2;Sat Sep 21 2019 13:32:10 GMT+0200 (CEST);Sat Sep 21 2019 11:32:10 GMT+0200 (CEST);1569065530000
1380556832687962;47.6;32.8;Sat Sep 21 2019 13:34:09 GMT+0200 (CEST);Sat Sep 21 2019 11:34:09 GMT+0200 (CEST);1569065649000
1380556832687962;47.6;32.9;Sat Sep 21 2019 13:36:31 GMT+0200 (CEST);Sat Sep 21 2019 11:36:31 GMT+0200 (CEST);1569065791000
1380556832687962;47.6;32.8;Sat Sep 21 2019 13:39:17 GMT+0200 (CEST);Sat Sep 21 2019 11:39:17 GMT+0200 (CEST);1569065957000
1380556832687962;47.6;32.8;Sat Sep 21 2019 13:41:11 GMT+0200 (CEST);Sat Sep 21 2019 11:41:11 GMT+0200 (CEST);1569066071000
1380556832687962;47.6;33;Sat Sep 21 2019 13:43:07 GMT+0200 (CEST);Sat Sep 21 2019 11:43:07 GMT+0200 (CEST);1569066187000
1380556832687962;47.6;33.1;Sat Sep 21 2019 13:45:15 GMT+0200 (CEST);Sat Sep 21 2019 11:45:15 GMT+0200 (CEST);1569066315000
1380556832687962;46.1;32.9;Sat Sep 21 2019 13:47:11 GMT+0200 (CEST);Sat Sep 21 2019 11:47:11 GMT+0200 (CEST);1569066431000
1380556832687962;46.1;33;Sat Sep 21 2019 13:49:06 GMT+0200 (CEST);Sat Sep 21 2019 11:49:06 GMT+0200 (CEST);1569066546000
1380556832687962;46.1;32.9;Sat Sep 21 2019 13:51:30 GMT+0200 (CEST);Sat Sep 21 2019 11:51:30 GMT+0200 (CEST);1569066690000
1380556832687962;46.1;32.9;Sat Sep 21 2019 13:53:35 GMT+0200 (CEST);Sat Sep 21 2019 11:53:35 GMT+0200 (CEST);1569066815000
1380556832687962;46.1;33.1;Sat Sep 21 2019 13:55:24 GMT+0200 (CEST);Sat Sep 21 2019 11:55:24 GMT+0200 (CEST);1569066924000
1380556832687962;46.1;33;Sat Sep 21 2019 13:57:17 GMT+0200 (CEST);Sat Sep 21 2019 11:57:17 GMT+0200 (CEST);1569067037000
1380556832687962;46.1;33.1;Sat Sep 21 2019 13:59:13 GMT+0200 (CEST);Sat Sep 21 2019 11:59:13 GMT+0200 (CEST);1569067153000
1380556832687962;46.1;32.9;Sat Sep 21 2019 14:01:18 GMT+0200 (CEST);Sat Sep 21 2019 12:01:18 GMT+0200 (CEST);1569067278000
1380556832687962;46.1;32.9;Sat Sep 21 2019 14:03:11 GMT+0200 (CEST);Sat Sep 21 2019 12:03:11 GMT+0200 (CEST);1569067391000
1380556832687962;46.1;33.1;Sat Sep 21 2019 14:05:12 GMT+0200 (CEST);Sat Sep 21 2019 12:05:12 GMT+0200 (CEST);1569067512000
1380556832687962;46.1;33.1;Sat Sep 21 2019 14:07:05 GMT+0200 (CEST);Sat Sep 21 2019 12:07:05 GMT+0200 (CEST);1569067625000
1380556832687962;46.1;33;Sat Sep 21 2019 14:09:10 GMT+0200 (CEST);Sat Sep 21 2019 12:09:10 GMT+0200 (CEST);1569067750000
1380556832687962;46.1;33;Sat Sep 21 2019 14:11:11 GMT+0200 (CEST);Sat Sep 21 2019 12:11:11 GMT+0200 (CEST);1569067871000
1380556832687962;47.6;33;Sat Sep 21 2019 14:13:07 GMT+0200 (CEST);Sat Sep 21 2019 12:13:07 GMT+0200 (CEST);1569067987000
1380556832687962;47.6;33.2;Sat Sep 21 2019 14:15:01 GMT+0200 (CEST);Sat Sep 21 2019 12:15:01 GMT+0200 (CEST);1569068101000
1380556832687962;47.6;33;Sat Sep 21 2019 14:16:56 GMT+0200 (CEST);Sat Sep 21 2019 12:16:56 GMT+0200 (CEST);1569068216000
1380556832687962;47.6;33.1;Sat Sep 21 2019 14:18:59 GMT+0200 (CEST);Sat Sep 21 2019 12:18:59 GMT+0200 (CEST);1569068339000
1380556832687962;47.6;33.1;Sat Sep 21 2019 14:20:54 GMT+0200 (CEST);Sat Sep 21 2019 12:20:54 GMT+0200 (CEST);1569068454000
1380556832687962;47.6;33.1;Sat Sep 21 2019 14:22:47 GMT+0200 (CEST);Sat Sep 21 2019 12:22:47 GMT+0200 (CEST);1569068567000
1380556832687962;47.6;33.1;Sat Sep 21 2019 14:24:40 GMT+0200 (CEST);Sat Sep 21 2019 12:24:40 GMT+0200 (CEST);1569068680000
1380556832687962;46.1;33.1;Sat Sep 21 2019 14:26:38 GMT+0200 (CEST);Sat Sep 21 2019 12:26:38 GMT+0200 (CEST);1569068798000
1380556832687962;46.1;33.2;Sat Sep 21 2019 14:28:35 GMT+0200 (CEST);Sat Sep 21 2019 12:28:35 GMT+0200 (CEST);1569068915000
1380556832687962;46.1;32.9;Sat Sep 21 2019 14:30:33 GMT+0200 (CEST);Sat Sep 21 2019 12:30:33 GMT+0200 (CEST);1569069033000
1380556832687962;46.1;33.3;Sat Sep 21 2019 14:32:26 GMT+0200 (CEST);Sat Sep 21 2019 12:32:26 GMT+0200 (CEST);1569069146000
1380556832687962;46.1;33.3;Sat Sep 21 2019 14:34:20 GMT+0200 (CEST);Sat Sep 21 2019 12:34:20 GMT+0200 (CEST);1569069260000
1380556832687962;46.1;33.3;Sat Sep 21 2019 14:36:17 GMT+0200 (CEST);Sat Sep 21 2019 12:36:17 GMT+0200 (CEST);1569069377000
1380556832687962;46.1;32.8;Sat Sep 21 2019 14:38:15 GMT+0200 (CEST);Sat Sep 21 2019 12:38:15 GMT+0200 (CEST);1569069495000
1380556832687962;46.1;32.6;Sat Sep 21 2019 14:40:28 GMT+0200 (CEST);Sat Sep 21 2019 12:40:28 GMT+0200 (CEST);1569069628000
1380556832687962;45.6;33.2;Sat Sep 21 2019 14:42:21 GMT+0200 (CEST);Sat Sep 21 2019 12:42:21 GMT+0200 (CEST);1569069741000
1380556832687962;45.6;32.9;Sat Sep 21 2019 14:44:14 GMT+0200 (CEST);Sat Sep 21 2019 12:44:14 GMT+0200 (CEST);1569069854000
1380556832687962;46.1;32.9;Sat Sep 21 2019 14:46:08 GMT+0200 (CEST);Sat Sep 21 2019 12:46:08 GMT+0200 (CEST);1569069968000
1380556832687962;46.1;32.9;Sat Sep 21 2019 14:48:01 GMT+0200 (CEST);Sat Sep 21 2019 12:48:01 GMT+0200 (CEST);1569070081000
1380556832687962;46.1;32.8;Sat Sep 21 2019 14:50:04 GMT+0200 (CEST);Sat Sep 21 2019 12:50:04 GMT+0200 (CEST);1569070204000
1380556832687962;46.1;33.1;Sat Sep 21 2019 14:51:56 GMT+0200 (CEST);Sat Sep 21 2019 12:51:56 GMT+0200 (CEST);1569070316000
1380556832687962;46.1;33.2;Sat Sep 21 2019 14:54:00 GMT+0200 (CEST);Sat Sep 21 2019 12:54:00 GMT+0200 (CEST);1569070440000
1380556832687962;46.1;33.3;Sat Sep 21 2019 14:56:10 GMT+0200 (CEST);Sat Sep 21 2019 12:56:10 GMT+0200 (CEST);1569070570000
1380556832687962;46.1;33.2;Sat Sep 21 2019 14:58:04 GMT+0200 (CEST);Sat Sep 21 2019 12:58:04 GMT+0200 (CEST);1569070684000
1380556832687962;46.1;33.4;Sat Sep 21 2019 14:59:58 GMT+0200 (CEST);Sat Sep 21 2019 12:59:58 GMT+0200 (CEST);1569070798000
1380556832687962;45.6;33.4;Sat Sep 21 2019 15:01:52 GMT+0200 (CEST);Sat Sep 21 2019 13:01:52 GMT+0200 (CEST);1569070912000
1380556832687962;45.6;33.1;Sat Sep 21 2019 15:03:46 GMT+0200 (CEST);Sat Sep 21 2019 13:03:46 GMT+0200 (CEST);1569071026000
1380556832687962;45.6;32.9;Sat Sep 21 2019 15:05:41 GMT+0200 (CEST);Sat Sep 21 2019 13:05:41 GMT+0200 (CEST);1569071141000
1380556832687962;45.6;32.8;Sat Sep 21 2019 15:07:35 GMT+0200 (CEST);Sat Sep 21 2019 13:07:35 GMT+0200 (CEST);1569071255000
1380556832687962;46.1;33.2;Sat Sep 21 2019 15:10:07 GMT+0200 (CEST);Sat Sep 21 2019 13:10:07 GMT+0200 (CEST);1569071407000
1380556832687962;46.1;33.2;Sat Sep 21 2019 15:11:59 GMT+0200 (CEST);Sat Sep 21 2019 13:11:59 GMT+0200 (CEST);1569071519000
1380556832687962;46.1;33.2;Sat Sep 21 2019 15:13:53 GMT+0200 (CEST);Sat Sep 21 2019 13:13:53 GMT+0200 (CEST);1569071633000
1380556832687962;46.1;33;Sat Sep 21 2019 15:16:06 GMT+0200 (CEST);Sat Sep 21 2019 13:16:06 GMT+0200 (CEST);1569071766000
1380556832687962;46.1;33;Sat Sep 21 2019 15:17:59 GMT+0200 (CEST);Sat Sep 21 2019 13:17:59 GMT+0200 (CEST);1569071879000
1380556832687962;45.6;33.3;Sat Sep 21 2019 15:19:52 GMT+0200 (CEST);Sat Sep 21 2019 13:19:52 GMT+0200 (CEST);1569071992000
1380556832687962;45.6;33.3;Sat Sep 21 2019 15:21:46 GMT+0200 (CEST);Sat Sep 21 2019 13:21:46 GMT+0200 (CEST);1569072106000
1380556832687962;45.6;33.3;Sat Sep 21 2019 15:23:56 GMT+0200 (CEST);Sat Sep 21 2019 13:23:56 GMT+0200 (CEST);1569072236000
1380556832687962;45.6;33.2;Sat Sep 21 2019 15:25:55 GMT+0200 (CEST);Sat Sep 21 2019 13:25:55 GMT+0200 (CEST);1569072355000
1380556832687962;45.6;33.2;Sat Sep 21 2019 15:27:50 GMT+0200 (CEST);Sat Sep 21 2019 13:27:50 GMT+0200 (CEST);1569072470000
1380556832687962;45.6;33.3;Sat Sep 21 2019 15:29:44 GMT+0200 (CEST);Sat Sep 21 2019 13:29:44 GMT+0200 (CEST);1569072584000
1380556832687962;45.6;33.3;Sat Sep 21 2019 15:31:37 GMT+0200 (CEST);Sat Sep 21 2019 13:31:37 GMT+0200 (CEST);1569072697000
1380556832687962;45.6;33.5;Sat Sep 21 2019 15:33:30 GMT+0200 (CEST);Sat Sep 21 2019 13:33:30 GMT+0200 (CEST);1569072810000
1380556832687962;44.1;33.5;Sat Sep 21 2019 15:35:38 GMT+0200 (CEST);Sat Sep 21 2019 13:35:38 GMT+0200 (CEST);1569072938000
1380556832687962;44.1;33.5;Sat Sep 21 2019 15:37:32 GMT+0200 (CEST);Sat Sep 21 2019 13:37:32 GMT+0200 (CEST);1569073052000
1380556832687962;44.1;33.5;Sat Sep 21 2019 15:39:25 GMT+0200 (CEST);Sat Sep 21 2019 13:39:25 GMT+0200 (CEST);1569073165000
1380556832687962;44.1;33.6;Sat Sep 21 2019 15:41:18 GMT+0200 (CEST);Sat Sep 21 2019 13:41:18 GMT+0200 (CEST);1569073278000
1380556832687962;44.1;33.4;Sat Sep 21 2019 15:43:11 GMT+0200 (CEST);Sat Sep 21 2019 13:43:11 GMT+0200 (CEST);1569073391000
1380556832687962;44.1;33.3;Sat Sep 21 2019 15:45:17 GMT+0200 (CEST);Sat Sep 21 2019 13:45:17 GMT+0200 (CEST);1569073517000
1380556832687962;44.1;33.3;Sat Sep 21 2019 15:47:21 GMT+0200 (CEST);Sat Sep 21 2019 13:47:21 GMT+0200 (CEST);1569073641000
1380556832687962;43.6;33.3;Sat Sep 21 2019 15:49:14 GMT+0200 (CEST);Sat Sep 21 2019 13:49:14 GMT+0200 (CEST);1569073754000
1380556832687962;43.6;33.2;Sat Sep 21 2019 15:51:12 GMT+0200 (CEST);Sat Sep 21 2019 13:51:12 GMT+0200 (CEST);1569073872000
1380556832687962;43.6;33.5;Sat Sep 21 2019 15:53:12 GMT+0200 (CEST);Sat Sep 21 2019 13:53:12 GMT+0200 (CEST);1569073992000
1380556832687962;43.6;33.7;Sat Sep 21 2019 15:55:05 GMT+0200 (CEST);Sat Sep 21 2019 13:55:05 GMT+0200 (CEST);1569074105000
1380556832687962;43.6;33.4;Sat Sep 21 2019 15:56:57 GMT+0200 (CEST);Sat Sep 21 2019 13:56:57 GMT+0200 (CEST);1569074217000
1380556832687962;43.6;33.8;Sat Sep 21 2019 15:59:02 GMT+0200 (CEST);Sat Sep 21 2019 13:59:02 GMT+0200 (CEST);1569074342000
1380556832687962;43.6;33.8;Sat Sep 21 2019 16:01:00 GMT+0200 (CEST);Sat Sep 21 2019 14:01:00 GMT+0200 (CEST);1569074460000
1380556832687962;43.6;33.9;Sat Sep 21 2019 16:02:56 GMT+0200 (CEST);Sat Sep 21 2019 14:02:56 GMT+0200 (CEST);1569074576000
1380556832687962;43.6;33.8;Sat Sep 21 2019 16:04:50 GMT+0200 (CEST);Sat Sep 21 2019 14:04:50 GMT+0200 (CEST);1569074690000
1380556832687962;43.6;34;Sat Sep 21 2019 16:07:13 GMT+0200 (CEST);Sat Sep 21 2019 14:07:13 GMT+0200 (CEST);1569074833000
1380556832687962;42.6;34;Sat Sep 21 2019 16:09:05 GMT+0200 (CEST);Sat Sep 21 2019 14:09:05 GMT+0200 (CEST);1569074945000
1380556832687962;42.6;33.8;Sat Sep 21 2019 16:10:58 GMT+0200 (CEST);Sat Sep 21 2019 14:10:58 GMT+0200 (CEST);1569075058000
1380556832687962;43.6;33.9;Sat Sep 21 2019 16:12:55 GMT+0200 (CEST);Sat Sep 21 2019 14:12:55 GMT+0200 (CEST);1569075175000
1380556832687962;43.6;34;Sat Sep 21 2019 16:14:47 GMT+0200 (CEST);Sat Sep 21 2019 14:14:47 GMT+0200 (CEST);1569075287000
1380556832687962;43.6;33.8;Sat Sep 21 2019 16:16:42 GMT+0200 (CEST);Sat Sep 21 2019 14:16:42 GMT+0200 (CEST);1569075402000
1380556832687962;43.6;33.9;Sat Sep 21 2019 16:18:39 GMT+0200 (CEST);Sat Sep 21 2019 14:18:39 GMT+0200 (CEST);1569075519000
1380556832687962;43.6;33.9;Sat Sep 21 2019 16:20:44 GMT+0200 (CEST);Sat Sep 21 2019 14:20:44 GMT+0200 (CEST);1569075644000
1380556832687962;42.1;33.4;Sat Sep 21 2019 16:22:53 GMT+0200 (CEST);Sat Sep 21 2019 14:22:53 GMT+0200 (CEST);1569075773000
1380556832687962;42.1;33.7;Sat Sep 21 2019 16:24:49 GMT+0200 (CEST);Sat Sep 21 2019 14:24:49 GMT+0200 (CEST);1569075889000
1380556832687962;42.1;33.8;Sat Sep 21 2019 16:27:00 GMT+0200 (CEST);Sat Sep 21 2019 14:27:00 GMT+0200 (CEST);1569076020000
1380556832687962;41.6;34.2;Sat Sep 21 2019 16:28:53 GMT+0200 (CEST);Sat Sep 21 2019 14:28:53 GMT+0200 (CEST);1569076133000
1380556832687962;41.6;33.8;Sat Sep 21 2019 16:30:45 GMT+0200 (CEST);Sat Sep 21 2019 14:30:45 GMT+0200 (CEST);1569076245000
1380556832687962;41.6;33.8;Sat Sep 21 2019 16:32:38 GMT+0200 (CEST);Sat Sep 21 2019 14:32:38 GMT+0200 (CEST);1569076358000
1380556832687962;41.6;33.7;Sat Sep 21 2019 16:34:35 GMT+0200 (CEST);Sat Sep 21 2019 14:34:35 GMT+0200 (CEST);1569076475000
1380556832687962;41.6;33.4;Sat Sep 21 2019 16:36:38 GMT+0200 (CEST);Sat Sep 21 2019 14:36:38 GMT+0200 (CEST);1569076598000
1380556832687962;41.6;33.7;Sat Sep 21 2019 16:38:44 GMT+0200 (CEST);Sat Sep 21 2019 14:38:44 GMT+0200 (CEST);1569076724000
1380556832687962;41.6;33.7;Sat Sep 21 2019 16:40:37 GMT+0200 (CEST);Sat Sep 21 2019 14:40:37 GMT+0200 (CEST);1569076837000
1380556832687962;39.1;32.7;Sat Sep 21 2019 16:42:32 GMT+0200 (CEST);Sat Sep 21 2019 14:42:32 GMT+0200 (CEST);1569076952000
1380556832687962;39.1;32.7;Sat Sep 21 2019 16:44:28 GMT+0200 (CEST);Sat Sep 21 2019 14:44:28 GMT+0200 (CEST);1569077068000
1380556832687962;39.1;32.7;Sat Sep 21 2019 16:46:25 GMT+0200 (CEST);Sat Sep 21 2019 14:46:25 GMT+0200 (CEST);1569077185000
1380556832687962;39.1;32.7;Sat Sep 21 2019 16:48:21 GMT+0200 (CEST);Sat Sep 21 2019 14:48:21 GMT+0200 (CEST);1569077301000
1380556832687962;39.1;33;Sat Sep 21 2019 16:50:20 GMT+0200 (CEST);Sat Sep 21 2019 14:50:20 GMT+0200 (CEST);1569077420000
1380556832687962;39.1;33.1;Sat Sep 21 2019 16:52:16 GMT+0200 (CEST);Sat Sep 21 2019 14:52:16 GMT+0200 (CEST);1569077536000
1380556832687962;39.1;32.9;Sat Sep 21 2019 16:54:15 GMT+0200 (CEST);Sat Sep 21 2019 14:54:15 GMT+0200 (CEST);1569077655000
1380556832687962;39.1;33.2;Sat Sep 21 2019 16:56:24 GMT+0200 (CEST);Sat Sep 21 2019 14:56:24 GMT+0200 (CEST);1569077784000
1380556832687962;39.1;33.4;Sat Sep 21 2019 16:58:21 GMT+0200 (CEST);Sat Sep 21 2019 14:58:21 GMT+0200 (CEST);1569077901000
1380556832687962;39.1;33.1;Sat Sep 21 2019 17:00:28 GMT+0200 (CEST);Sat Sep 21 2019 15:00:28 GMT+0200 (CEST);1569078028000
1380556832687962;37.6;32.7;Sat Sep 21 2019 17:02:25 GMT+0200 (CEST);Sat Sep 21 2019 15:02:25 GMT+0200 (CEST);1569078145000
1380556832687962;37.6;32.8;Sat Sep 21 2019 17:04:18 GMT+0200 (CEST);Sat Sep 21 2019 15:04:18 GMT+0200 (CEST);1569078258000
1380556832687962;37.6;33.2;Sat Sep 21 2019 17:06:27 GMT+0200 (CEST);Sat Sep 21 2019 15:06:27 GMT+0200 (CEST);1569078387000
1380556832687962;37.6;32.9;Sat Sep 21 2019 17:08:23 GMT+0200 (CEST);Sat Sep 21 2019 15:08:23 GMT+0200 (CEST);1569078503000
1380556832687962;37.6;32.9;Sat Sep 21 2019 17:10:12 GMT+0200 (CEST);Sat Sep 21 2019 15:10:12 GMT+0200 (CEST);1569078612000
1380556832687962;37.6;32.9;Sat Sep 21 2019 17:12:05 GMT+0200 (CEST);Sat Sep 21 2019 15:12:05 GMT+0200 (CEST);1569078725000
1380556832687962;37.6;33.5;Sat Sep 21 2019 17:13:57 GMT+0200 (CEST);Sat Sep 21 2019 15:13:57 GMT+0200 (CEST);1569078837000
1380556832687962;37.6;33.6;Sat Sep 21 2019 17:15:50 GMT+0200 (CEST);Sat Sep 21 2019 15:15:50 GMT+0200 (CEST);1569078950000
1380556832687962;36.1;33.1;Sat Sep 21 2019 17:17:53 GMT+0200 (CEST);Sat Sep 21 2019 15:17:53 GMT+0200 (CEST);1569079073000
1380556832687962;36.1;33.1;Sat Sep 21 2019 17:19:46 GMT+0200 (CEST);Sat Sep 21 2019 15:19:46 GMT+0200 (CEST);1569079186000
1380556832687962;35.6;33.5;Sat Sep 21 2019 17:21:40 GMT+0200 (CEST);Sat Sep 21 2019 15:21:40 GMT+0200 (CEST);1569079300000
1380556832687962;35.6;33.4;Sat Sep 21 2019 17:23:59 GMT+0200 (CEST);Sat Sep 21 2019 15:23:59 GMT+0200 (CEST);1569079439000
1380556832687962;35.6;33.2;Sat Sep 21 2019 17:25:54 GMT+0200 (CEST);Sat Sep 21 2019 15:25:54 GMT+0200 (CEST);1569079554000
1380556832687962;35.6;32.4;Sat Sep 21 2019 17:27:54 GMT+0200 (CEST);Sat Sep 21 2019 15:27:54 GMT+0200 (CEST);1569079674000
1380556832687962;35.6;33.1;Sat Sep 21 2019 17:29:48 GMT+0200 (CEST);Sat Sep 21 2019 15:29:48 GMT+0200 (CEST);1569079788000
1380556832687962;34;32.7;Sat Sep 21 2019 17:31:47 GMT+0200 (CEST);Sat Sep 21 2019 15:31:47 GMT+0200 (CEST);1569079907000
1380556832687962;34;32.7;Sat Sep 21 2019 17:33:48 GMT+0200 (CEST);Sat Sep 21 2019 15:33:48 GMT+0200 (CEST);1569080028000
1380556832687962;34;33.1;Sat Sep 21 2019 17:35:49 GMT+0200 (CEST);Sat Sep 21 2019 15:35:49 GMT+0200 (CEST);1569080149000
1380556832687962;34;32.9;Sat Sep 21 2019 17:37:55 GMT+0200 (CEST);Sat Sep 21 2019 15:37:55 GMT+0200 (CEST);1569080275000
1380556832687962;34;33.3;Sat Sep 21 2019 17:39:49 GMT+0200 (CEST);Sat Sep 21 2019 15:39:49 GMT+0200 (CEST);1569080389000
1380556832687962;34;33.3;Sat Sep 21 2019 17:41:47 GMT+0200 (CEST);Sat Sep 21 2019 15:41:47 GMT+0200 (CEST);1569080507000
1380556832687962;34;33.3;Sat Sep 21 2019 17:43:44 GMT+0200 (CEST);Sat Sep 21 2019 15:43:44 GMT+0200 (CEST);1569080624000
1380556832687962;31.5;32.9;Sat Sep 21 2019 17:49:43 GMT+0200 (CEST);Sat Sep 21 2019 15:49:43 GMT+0200 (CEST);1569080983000
1380556832687962;31.5;33.4;Sat Sep 21 2019 17:51:45 GMT+0200 (CEST);Sat Sep 21 2019 15:51:45 GMT+0200 (CEST);1569081105000
1380556832687962;31.5;33.4;Sat Sep 21 2019 17:53:31 GMT+0200 (CEST);Sat Sep 21 2019 15:53:31 GMT+0200 (CEST);1569081211000
1380556832687962;31.5;33.6;Sat Sep 21 2019 17:55:28 GMT+0200 (CEST);Sat Sep 21 2019 15:55:28 GMT+0200 (CEST);1569081328000
1380556832687962;31.5;33.6;Sat Sep 21 2019 17:57:21 GMT+0200 (CEST);Sat Sep 21 2019 15:57:21 GMT+0200 (CEST);1569081441000
1380556832687962;30;33.5;Sat Sep 21 2019 17:59:16 GMT+0200 (CEST);Sat Sep 21 2019 15:59:16 GMT+0200 (CEST);1569081556000
1380556832687962;30;33.5;Sat Sep 21 2019 18:01:09 GMT+0200 (CEST);Sat Sep 21 2019 16:01:09 GMT+0200 (CEST);1569081669000
1380556832687962;30;33.5;Sat Sep 21 2019 18:03:13 GMT+0200 (CEST);Sat Sep 21 2019 16:03:13 GMT+0200 (CEST);1569081793000
1380556832687962;30;33.1;Sat Sep 21 2019 18:05:15 GMT+0200 (CEST);Sat Sep 21 2019 16:05:15 GMT+0200 (CEST);1569081915000
1380556832687962;30;33.2;Sat Sep 21 2019 18:07:27 GMT+0200 (CEST);Sat Sep 21 2019 16:07:27 GMT+0200 (CEST);1569082047000
1380556832687962;30;33;Sat Sep 21 2019 18:09:19 GMT+0200 (CEST);Sat Sep 21 2019 16:09:19 GMT+0200 (CEST);1569082159000
1380556832687962;30;33.2;Sat Sep 21 2019 18:11:17 GMT+0200 (CEST);Sat Sep 21 2019 16:11:17 GMT+0200 (CEST);1569082277000
1380556832687962;30;33.3;Sat Sep 21 2019 18:13:13 GMT+0200 (CEST);Sat Sep 21 2019 16:13:13 GMT+0200 (CEST);1569082393000
1380556832687962;29.5;33.5;Sat Sep 21 2019 18:15:23 GMT+0200 (CEST);Sat Sep 21 2019 16:15:23 GMT+0200 (CEST);1569082523000
1380556832687962;29.5;33.6;Sat Sep 21 2019 18:17:15 GMT+0200 (CEST);Sat Sep 21 2019 16:17:15 GMT+0200 (CEST);1569082635000
1380556832687962;28;33.2;Sat Sep 21 2019 18:19:10 GMT+0200 (CEST);Sat Sep 21 2019 16:19:10 GMT+0200 (CEST);1569082750000
1380556832687962;28;33.1;Sat Sep 21 2019 18:21:08 GMT+0200 (CEST);Sat Sep 21 2019 16:21:08 GMT+0200 (CEST);1569082868000
1380556832687962;28;33.5;Sat Sep 21 2019 18:23:00 GMT+0200 (CEST);Sat Sep 21 2019 16:23:00 GMT+0200 (CEST);1569082980000
1380556832687962;28;31.9;Sat Sep 21 2019 18:24:54 GMT+0200 (CEST);Sat Sep 21 2019 16:24:54 GMT+0200 (CEST);1569083094000
1380556832687962;28;28.6;Sat Sep 21 2019 18:26:48 GMT+0200 (CEST);Sat Sep 21 2019 16:26:48 GMT+0200 (CEST);1569083208000
1380556832687962;25.5;26.8;Sat Sep 21 2019 18:28:52 GMT+0200 (CEST);Sat Sep 21 2019 16:28:52 GMT+0200 (CEST);1569083332000
1380556832687962;25.5;27.8;Sat Sep 21 2019 18:30:45 GMT+0200 (CEST);Sat Sep 21 2019 16:30:45 GMT+0200 (CEST);1569083445000
1380556832687962;25.5;29.6;Sat Sep 21 2019 18:32:38 GMT+0200 (CEST);Sat Sep 21 2019 16:32:38 GMT+0200 (CEST);1569083558000
1380556832687962;25.5;30;Sat Sep 21 2019 18:34:31 GMT+0200 (CEST);Sat Sep 21 2019 16:34:31 GMT+0200 (CEST);1569083671000
1380556832687962;25.5;30.8;Sat Sep 21 2019 18:36:55 GMT+0200 (CEST);Sat Sep 21 2019 16:36:55 GMT+0200 (CEST);1569083815000
1380556832687962;25.5;30.5;Sat Sep 21 2019 18:38:49 GMT+0200 (CEST);Sat Sep 21 2019 16:38:49 GMT+0200 (CEST);1569083929000
1380556832687962;25.5;30.1;Sat Sep 21 2019 18:40:39 GMT+0200 (CEST);Sat Sep 21 2019 16:40:39 GMT+0200 (CEST);1569084039000
1380556832687962;25.5;30.2;Sat Sep 21 2019 18:42:32 GMT+0200 (CEST);Sat Sep 21 2019 16:42:32 GMT+0200 (CEST);1569084152000
1380556832687962;25.5;30.2;Sat Sep 21 2019 18:44:29 GMT+0200 (CEST);Sat Sep 21 2019 16:44:29 GMT+0200 (CEST);1569084269000
1380556832687962;25.5;29.6;Sat Sep 21 2019 18:46:22 GMT+0200 (CEST);Sat Sep 21 2019 16:46:22 GMT+0200 (CEST);1569084382000
1380556832687962;23;29.9;Sat Sep 21 2019 18:48:16 GMT+0200 (CEST);Sat Sep 21 2019 16:48:16 GMT+0200 (CEST);1569084496000
1380556832687962;23;29.3;Sat Sep 21 2019 18:50:16 GMT+0200 (CEST);Sat Sep 21 2019 16:50:16 GMT+0200 (CEST);1569084616000
1380556832687962;23;28.4;Sat Sep 21 2019 18:52:05 GMT+0200 (CEST);Sat Sep 21 2019 16:52:05 GMT+0200 (CEST);1569084725000
1380556832687962;23;27.6;Sat Sep 21 2019 18:53:59 GMT+0200 (CEST);Sat Sep 21 2019 16:53:59 GMT+0200 (CEST);1569084839000
1380556832687962;23;27.4;Sat Sep 21 2019 18:55:52 GMT+0200 (CEST);Sat Sep 21 2019 16:55:52 GMT+0200 (CEST);1569084952000
1380556832687962;22;28.5;Sat Sep 21 2019 18:57:46 GMT+0200 (CEST);Sat Sep 21 2019 16:57:46 GMT+0200 (CEST);1569085066000
1380556832687962;22;29;Sat Sep 21 2019 18:59:43 GMT+0200 (CEST);Sat Sep 21 2019 16:59:43 GMT+0200 (CEST);1569085183000
1380556832687962;22;28.7;Sat Sep 21 2019 19:01:30 GMT+0200 (CEST);Sat Sep 21 2019 17:01:30 GMT+0200 (CEST);1569085290000
1380556832687962;22;27.9;Sat Sep 21 2019 19:03:23 GMT+0200 (CEST);Sat Sep 21 2019 17:03:23 GMT+0200 (CEST);1569085403000
1380556832687962;22;27.7;Sat Sep 21 2019 19:05:31 GMT+0200 (CEST);Sat Sep 21 2019 17:05:31 GMT+0200 (CEST);1569085531000
1380556832687962;22;27.1;Sat Sep 21 2019 19:07:26 GMT+0200 (CEST);Sat Sep 21 2019 17:07:26 GMT+0200 (CEST);1569085646000
1380556832687962;22;25.9;Sat Sep 21 2019 19:09:20 GMT+0200 (CEST);Sat Sep 21 2019 17:09:20 GMT+0200 (CEST);1569085760000
1380556832687962;19.9;25.9;Sat Sep 21 2019 19:11:14 GMT+0200 (CEST);Sat Sep 21 2019 17:11:14 GMT+0200 (CEST);1569085874000
1380556832687962;19.9;28.2;Sat Sep 21 2019 19:13:07 GMT+0200 (CEST);Sat Sep 21 2019 17:13:07 GMT+0200 (CEST);1569085987000
1380556832687962;19.9;29.9;Sat Sep 21 2019 19:15:01 GMT+0200 (CEST);Sat Sep 21 2019 17:15:01 GMT+0200 (CEST);1569086101000
1380556832687962;21.5;28.9;Sat Sep 21 2019 19:16:54 GMT+0200 (CEST);Sat Sep 21 2019 17:16:54 GMT+0200 (CEST);1569086214000
1380556832687962;21.5;28.9;Sat Sep 21 2019 19:18:47 GMT+0200 (CEST);Sat Sep 21 2019 17:18:47 GMT+0200 (CEST);1569086327000
1380556832687962;21.5;26.7;Sat Sep 21 2019 19:20:41 GMT+0200 (CEST);Sat Sep 21 2019 17:20:41 GMT+0200 (CEST);1569086441000
1380556832687962;21.5;26.7;Sat Sep 21 2019 19:22:58 GMT+0200 (CEST);Sat Sep 21 2019 17:22:58 GMT+0200 (CEST);1569086578000
1380556832687962;-273.2;18.4;Sun Sep 22 2019 07:07:24 GMT+0200 (CEST);Sun Sep 22 2019 05:07:24 GMT+0200 (CEST);1569128844000
1380556832687962;3.8;18.4;Sun Sep 22 2019 07:09:18 GMT+0200 (CEST);Sun Sep 22 2019 05:09:18 GMT+0200 (CEST);1569128958000
1380556832687962;3.8;18.4;Sun Sep 22 2019 07:11:12 GMT+0200 (CEST);Sun Sep 22 2019 05:11:12 GMT+0200 (CEST);1569129072000
1380556832687962;6.8;27.7;Sun Sep 22 2019 07:13:05 GMT+0200 (CEST);Sun Sep 22 2019 05:13:05 GMT+0200 (CEST);1569129185000
1380556832687962;6.8;30.5;Sun Sep 22 2019 07:15:03 GMT+0200 (CEST);Sun Sep 22 2019 05:15:03 GMT+0200 (CEST);1569129303000
1380556832687962;6.8;31;Sun Sep 22 2019 07:17:02 GMT+0200 (CEST);Sun Sep 22 2019 05:17:02 GMT+0200 (CEST);1569129422000
1380556832687962;8.9;32.2;Sun Sep 22 2019 07:18:54 GMT+0200 (CEST);Sun Sep 22 2019 05:18:54 GMT+0200 (CEST);1569129534000
1380556832687962;8.9;32.9;Sun Sep 22 2019 07:20:47 GMT+0200 (CEST);Sun Sep 22 2019 05:20:47 GMT+0200 (CEST);1569129647000
1380556832687962;8.9;33.3;Sun Sep 22 2019 07:22:42 GMT+0200 (CEST);Sun Sep 22 2019 05:22:42 GMT+0200 (CEST);1569129762000
1380556832687962;8.9;34.6;Sun Sep 22 2019 07:24:37 GMT+0200 (CEST);Sun Sep 22 2019 05:24:37 GMT+0200 (CEST);1569129877000
1380556832687962;8.9;35.1;Sun Sep 22 2019 07:26:30 GMT+0200 (CEST);Sun Sep 22 2019 05:26:30 GMT+0200 (CEST);1569129990000
1380556832687962;11.4;36.1;Sun Sep 22 2019 07:28:22 GMT+0200 (CEST);Sun Sep 22 2019 05:28:22 GMT+0200 (CEST);1569130102000
1380556832687962;11.4;37.1;Sun Sep 22 2019 07:30:15 GMT+0200 (CEST);Sun Sep 22 2019 05:30:15 GMT+0200 (CEST);1569130215000
1380556832687962;13.4;37.1;Sun Sep 22 2019 07:32:08 GMT+0200 (CEST);Sun Sep 22 2019 05:32:08 GMT+0200 (CEST);1569130328000
1380556832687962;13.4;37.8;Sun Sep 22 2019 07:34:01 GMT+0200 (CEST);Sun Sep 22 2019 05:34:01 GMT+0200 (CEST);1569130441000
1380556832687962;13.4;38.4;Sun Sep 22 2019 07:35:57 GMT+0200 (CEST);Sun Sep 22 2019 05:35:57 GMT+0200 (CEST);1569130557000
1380556832687962;13.4;38;Sun Sep 22 2019 07:37:54 GMT+0200 (CEST);Sun Sep 22 2019 05:37:54 GMT+0200 (CEST);1569130674000
1380556832687962;13.4;38;Sun Sep 22 2019 07:40:05 GMT+0200 (CEST);Sun Sep 22 2019 05:40:05 GMT+0200 (CEST);1569130805000
1380556832687962;13.4;38.7;Sun Sep 22 2019 07:41:59 GMT+0200 (CEST);Sun Sep 22 2019 05:41:59 GMT+0200 (CEST);1569130919000
1380556832687962;13.4;38.8;Sun Sep 22 2019 07:43:56 GMT+0200 (CEST);Sun Sep 22 2019 05:43:56 GMT+0200 (CEST);1569131036000
1380556832687962;13.4;38.9;Sun Sep 22 2019 07:45:56 GMT+0200 (CEST);Sun Sep 22 2019 05:45:56 GMT+0200 (CEST);1569131156000
1380556832687962;13.4;39;Sun Sep 22 2019 07:47:51 GMT+0200 (CEST);Sun Sep 22 2019 05:47:51 GMT+0200 (CEST);1569131271000
1380556832687962;13.4;38.7;Sun Sep 22 2019 07:50:00 GMT+0200 (CEST);Sun Sep 22 2019 05:50:00 GMT+0200 (CEST);1569131400000
1380556832687962;13.9;39.1;Sun Sep 22 2019 07:51:52 GMT+0200 (CEST);Sun Sep 22 2019 05:51:52 GMT+0200 (CEST);1569131512000
1380556832687962;13.9;38.4;Sun Sep 22 2019 07:53:45 GMT+0200 (CEST);Sun Sep 22 2019 05:53:45 GMT+0200 (CEST);1569131625000
1380556832687962;13.9;37.4;Sun Sep 22 2019 07:55:38 GMT+0200 (CEST);Sun Sep 22 2019 05:55:38 GMT+0200 (CEST);1569131738000
1380556832687962;13.9;37.4;Sun Sep 22 2019 07:57:31 GMT+0200 (CEST);Sun Sep 22 2019 05:57:31 GMT+0200 (CEST);1569131851000
1380556832687962;13.9;37.4;Sun Sep 22 2019 07:59:24 GMT+0200 (CEST);Sun Sep 22 2019 05:59:24 GMT+0200 (CEST);1569131964000
1380556832687962;13.9;37.4;Sun Sep 22 2019 08:01:16 GMT+0200 (CEST);Sun Sep 22 2019 06:01:16 GMT+0200 (CEST);1569132076000
1380556832687962;13.9;37.4;Sun Sep 22 2019 08:03:09 GMT+0200 (CEST);Sun Sep 22 2019 06:03:09 GMT+0200 (CEST);1569132189000
1380556832687962;13.9;37.4;Sun Sep 22 2019 08:05:01 GMT+0200 (CEST);Sun Sep 22 2019 06:05:01 GMT+0200 (CEST);1569132301000
1380556832687962;13.9;37.5;Sun Sep 22 2019 08:07:04 GMT+0200 (CEST);Sun Sep 22 2019 06:07:04 GMT+0200 (CEST);1569132424000
1380556832687962;13.9;37.5;Sun Sep 22 2019 08:08:57 GMT+0200 (CEST);Sun Sep 22 2019 06:08:57 GMT+0200 (CEST);1569132537000
1380556832687962;13.9;39.1;Sun Sep 22 2019 08:11:04 GMT+0200 (CEST);Sun Sep 22 2019 06:11:04 GMT+0200 (CEST);1569132664000
1380556832687962;15.4;40.4;Sun Sep 22 2019 08:12:57 GMT+0200 (CEST);Sun Sep 22 2019 06:12:57 GMT+0200 (CEST);1569132777000
1380556832687962;15.4;40.4;Sun Sep 22 2019 08:14:57 GMT+0200 (CEST);Sun Sep 22 2019 06:14:57 GMT+0200 (CEST);1569132897000
1380556832687962;17.9;40.4;Sun Sep 22 2019 08:16:50 GMT+0200 (CEST);Sun Sep 22 2019 06:16:50 GMT+0200 (CEST);1569133010000
1380556832687962;17.9;40.4;Sun Sep 22 2019 08:18:54 GMT+0200 (CEST);Sun Sep 22 2019 06:18:54 GMT+0200 (CEST);1569133134000
1380556832687962;17.9;40.4;Sun Sep 22 2019 08:20:55 GMT+0200 (CEST);Sun Sep 22 2019 06:20:55 GMT+0200 (CEST);1569133255000
1380556832687962;19.4;40.4;Sun Sep 22 2019 08:22:49 GMT+0200 (CEST);Sun Sep 22 2019 06:22:49 GMT+0200 (CEST);1569133369000
1380556832687962;19.4;40.4;Sun Sep 22 2019 08:24:43 GMT+0200 (CEST);Sun Sep 22 2019 06:24:43 GMT+0200 (CEST);1569133483000
1380556832687962;19.9;40.4;Sun Sep 22 2019 08:26:43 GMT+0200 (CEST);Sun Sep 22 2019 06:26:43 GMT+0200 (CEST);1569133603000
1380556832687962;19.9;40.4;Sun Sep 22 2019 08:28:35 GMT+0200 (CEST);Sun Sep 22 2019 06:28:35 GMT+0200 (CEST);1569133715000
1380556832687962;19.9;40.4;Sun Sep 22 2019 08:30:37 GMT+0200 (CEST);Sun Sep 22 2019 06:30:37 GMT+0200 (CEST);1569133837000
1380556832687962;21.5;40.4;Sun Sep 22 2019 08:32:46 GMT+0200 (CEST);Sun Sep 22 2019 06:32:46 GMT+0200 (CEST);1569133966000
1380556832687962;21.5;40.4;Sun Sep 22 2019 08:34:41 GMT+0200 (CEST);Sun Sep 22 2019 06:34:41 GMT+0200 (CEST);1569134081000
1380556832687962;22;40.4;Sun Sep 22 2019 08:36:42 GMT+0200 (CEST);Sun Sep 22 2019 06:36:42 GMT+0200 (CEST);1569134202000
1380556832687962;22;40.4;Sun Sep 22 2019 08:38:36 GMT+0200 (CEST);Sun Sep 22 2019 06:38:36 GMT+0200 (CEST);1569134316000
1380556832687962;22;40.1;Sun Sep 22 2019 08:40:31 GMT+0200 (CEST);Sun Sep 22 2019 06:40:31 GMT+0200 (CEST);1569134431000
1380556832687962;22;37.2;Sun Sep 22 2019 08:42:25 GMT+0200 (CEST);Sun Sep 22 2019 06:42:25 GMT+0200 (CEST);1569134545000
1380556832687962;22;36.9;Sun Sep 22 2019 08:44:24 GMT+0200 (CEST);Sun Sep 22 2019 06:44:24 GMT+0200 (CEST);1569134664000
1380556832687962;22;37.1;Sun Sep 22 2019 08:46:19 GMT+0200 (CEST);Sun Sep 22 2019 06:46:19 GMT+0200 (CEST);1569134779000
1380556832687962;22;36.6;Sun Sep 22 2019 08:48:11 GMT+0200 (CEST);Sun Sep 22 2019 06:48:11 GMT+0200 (CEST);1569134891000
1380556832687962;22;37.3;Sun Sep 22 2019 08:50:14 GMT+0200 (CEST);Sun Sep 22 2019 06:50:14 GMT+0200 (CEST);1569135014000
1380556832687962;22;36.6;Sun Sep 22 2019 08:52:12 GMT+0200 (CEST);Sun Sep 22 2019 06:52:12 GMT+0200 (CEST);1569135132000
1380556832687962;22;36.5;Sun Sep 22 2019 08:54:06 GMT+0200 (CEST);Sun Sep 22 2019 06:54:06 GMT+0200 (CEST);1569135246000
1380556832687962;23;36.5;Sun Sep 22 2019 08:55:59 GMT+0200 (CEST);Sun Sep 22 2019 06:55:59 GMT+0200 (CEST);1569135359000
1380556832687962;23;36.7;Sun Sep 22 2019 08:57:53 GMT+0200 (CEST);Sun Sep 22 2019 06:57:53 GMT+0200 (CEST);1569135473000
1380556832687962;23;36.7;Sun Sep 22 2019 08:59:46 GMT+0200 (CEST);Sun Sep 22 2019 06:59:46 GMT+0200 (CEST);1569135586000
1380556832687962;24;36.7;Sun Sep 22 2019 09:01:40 GMT+0200 (CEST);Sun Sep 22 2019 07:01:40 GMT+0200 (CEST);1569135700000
1380556832687962;24;36;Sun Sep 22 2019 09:03:35 GMT+0200 (CEST);Sun Sep 22 2019 07:03:35 GMT+0200 (CEST);1569135815000
1380556832687962;25.5;36;Sun Sep 22 2019 09:05:39 GMT+0200 (CEST);Sun Sep 22 2019 07:05:39 GMT+0200 (CEST);1569135939000
1380556832687962;25.5;36;Sun Sep 22 2019 09:07:35 GMT+0200 (CEST);Sun Sep 22 2019 07:07:35 GMT+0200 (CEST);1569136055000
1380556832687962;25.5;35.5;Sun Sep 22 2019 09:09:27 GMT+0200 (CEST);Sun Sep 22 2019 07:09:27 GMT+0200 (CEST);1569136167000
1380556832687962;25.5;34.5;Sun Sep 22 2019 09:11:31 GMT+0200 (CEST);Sun Sep 22 2019 07:11:31 GMT+0200 (CEST);1569136291000
1380556832687962;25.5;34.5;Sun Sep 22 2019 09:13:24 GMT+0200 (CEST);Sun Sep 22 2019 07:13:24 GMT+0200 (CEST);1569136404000
1380556832687962;25.5;34.8;Sun Sep 22 2019 09:15:27 GMT+0200 (CEST);Sun Sep 22 2019 07:15:27 GMT+0200 (CEST);1569136527000
1380556832687962;25.5;35.4;Sun Sep 22 2019 09:17:23 GMT+0200 (CEST);Sun Sep 22 2019 07:17:23 GMT+0200 (CEST);1569136643000
1380556832687962;27.5;35.4;Sun Sep 22 2019 09:19:16 GMT+0200 (CEST);Sun Sep 22 2019 07:19:16 GMT+0200 (CEST);1569136756000
1380556832687962;27.5;35.6;Sun Sep 22 2019 09:21:35 GMT+0200 (CEST);Sun Sep 22 2019 07:21:35 GMT+0200 (CEST);1569136895000
1380556832687962;27.5;35.2;Sun Sep 22 2019 09:23:28 GMT+0200 (CEST);Sun Sep 22 2019 07:23:28 GMT+0200 (CEST);1569137008000
1380556832687962;28;35.1;Sun Sep 22 2019 09:25:20 GMT+0200 (CEST);Sun Sep 22 2019 07:25:20 GMT+0200 (CEST);1569137120000
1380556832687962;28;35.2;Sun Sep 22 2019 09:27:19 GMT+0200 (CEST);Sun Sep 22 2019 07:27:19 GMT+0200 (CEST);1569137239000
1380556832687962;29.5;35.3;Sun Sep 22 2019 09:29:12 GMT+0200 (CEST);Sun Sep 22 2019 07:29:12 GMT+0200 (CEST);1569137352000
1380556832687962;29.5;35;Sun Sep 22 2019 09:31:07 GMT+0200 (CEST);Sun Sep 22 2019 07:31:07 GMT+0200 (CEST);1569137467000
1380556832687962;29.5;35;Sun Sep 22 2019 09:33:00 GMT+0200 (CEST);Sun Sep 22 2019 07:33:00 GMT+0200 (CEST);1569137580000
1380556832687962;29.5;35;Sun Sep 22 2019 09:35:00 GMT+0200 (CEST);Sun Sep 22 2019 07:35:00 GMT+0200 (CEST);1569137700000
1380556832687962;29.5;34.9;Sun Sep 22 2019 09:37:27 GMT+0200 (CEST);Sun Sep 22 2019 07:37:27 GMT+0200 (CEST);1569137847000
1380556832687962;30;34.9;Sun Sep 22 2019 09:39:19 GMT+0200 (CEST);Sun Sep 22 2019 07:39:19 GMT+0200 (CEST);1569137959000
1380556832687962;30;34.7;Sun Sep 22 2019 09:41:14 GMT+0200 (CEST);Sun Sep 22 2019 07:41:14 GMT+0200 (CEST);1569138074000
1380556832687962;30;34.6;Sun Sep 22 2019 09:43:08 GMT+0200 (CEST);Sun Sep 22 2019 07:43:08 GMT+0200 (CEST);1569138188000
1380556832687962;30;34.6;Sun Sep 22 2019 09:45:01 GMT+0200 (CEST);Sun Sep 22 2019 07:45:01 GMT+0200 (CEST);1569138301000
1380556832687962;30;34.6;Sun Sep 22 2019 09:46:54 GMT+0200 (CEST);Sun Sep 22 2019 07:46:54 GMT+0200 (CEST);1569138414000
1380556832687962;30;34.7;Sun Sep 22 2019 09:48:55 GMT+0200 (CEST);Sun Sep 22 2019 07:48:55 GMT+0200 (CEST);1569138535000
1380556832687962;30;34.7;Sun Sep 22 2019 09:51:07 GMT+0200 (CEST);Sun Sep 22 2019 07:51:07 GMT+0200 (CEST);1569138667000
1380556832687962;30;34.6;Sun Sep 22 2019 09:53:05 GMT+0200 (CEST);Sun Sep 22 2019 07:53:05 GMT+0200 (CEST);1569138785000
1380556832687962;31.5;34.3;Sun Sep 22 2019 09:55:01 GMT+0200 (CEST);Sun Sep 22 2019 07:55:01 GMT+0200 (CEST);1569138901000
1380556832687962;31.5;34.3;Sun Sep 22 2019 09:57:01 GMT+0200 (CEST);Sun Sep 22 2019 07:57:01 GMT+0200 (CEST);1569139021000
1380556832687962;32;34.4;Sun Sep 22 2019 09:58:55 GMT+0200 (CEST);Sun Sep 22 2019 07:58:55 GMT+0200 (CEST);1569139135000
1380556832687962;32;34.4;Sun Sep 22 2019 10:00:48 GMT+0200 (CEST);Sun Sep 22 2019 08:00:48 GMT+0200 (CEST);1569139248000
1380556832687962;32;34.6;Sun Sep 22 2019 10:02:43 GMT+0200 (CEST);Sun Sep 22 2019 08:02:43 GMT+0200 (CEST);1569139363000
1380556832687962;33.5;34.6;Sun Sep 22 2019 10:04:38 GMT+0200 (CEST);Sun Sep 22 2019 08:04:38 GMT+0200 (CEST);1569139478000
1380556832687962;33.5;34.2;Sun Sep 22 2019 10:07:03 GMT+0200 (CEST);Sun Sep 22 2019 08:07:03 GMT+0200 (CEST);1569139623000
1380556832687962;33.5;34.2;Sun Sep 22 2019 10:08:55 GMT+0200 (CEST);Sun Sep 22 2019 08:08:55 GMT+0200 (CEST);1569139735000
1380556832687962;33.5;34.2;Sun Sep 22 2019 10:10:48 GMT+0200 (CEST);Sun Sep 22 2019 08:10:48 GMT+0200 (CEST);1569139848000
1380556832687962;33.5;34.1;Sun Sep 22 2019 10:12:41 GMT+0200 (CEST);Sun Sep 22 2019 08:12:41 GMT+0200 (CEST);1569139961000
1380556832687962;33.5;33.9;Sun Sep 22 2019 10:14:33 GMT+0200 (CEST);Sun Sep 22 2019 08:14:33 GMT+0200 (CEST);1569140073000
1380556832687962;33.5;34;Sun Sep 22 2019 10:16:30 GMT+0200 (CEST);Sun Sep 22 2019 08:16:30 GMT+0200 (CEST);1569140190000
1380556832687962;34;34;Sun Sep 22 2019 10:18:24 GMT+0200 (CEST);Sun Sep 22 2019 08:18:24 GMT+0200 (CEST);1569140304000
1380556832687962;34;33.9;Sun Sep 22 2019 10:20:27 GMT+0200 (CEST);Sun Sep 22 2019 08:20:27 GMT+0200 (CEST);1569140427000
1380556832687962;34;34;Sun Sep 22 2019 10:22:24 GMT+0200 (CEST);Sun Sep 22 2019 08:22:24 GMT+0200 (CEST);1569140544000
1380556832687962;34;34;Sun Sep 22 2019 10:24:18 GMT+0200 (CEST);Sun Sep 22 2019 08:24:18 GMT+0200 (CEST);1569140658000
1380556832687962;34;33.8;Sun Sep 22 2019 10:26:16 GMT+0200 (CEST);Sun Sep 22 2019 08:26:16 GMT+0200 (CEST);1569140776000
1380556832687962;35.6;33.8;Sun Sep 22 2019 10:28:09 GMT+0200 (CEST);Sun Sep 22 2019 08:28:09 GMT+0200 (CEST);1569140889000
1380556832687962;35.6;33.7;Sun Sep 22 2019 10:30:02 GMT+0200 (CEST);Sun Sep 22 2019 08:30:02 GMT+0200 (CEST);1569141002000
1380556832687962;35.6;33.4;Sun Sep 22 2019 10:31:55 GMT+0200 (CEST);Sun Sep 22 2019 08:31:55 GMT+0200 (CEST);1569141115000
1380556832687962;37.6;33.4;Sun Sep 22 2019 10:34:00 GMT+0200 (CEST);Sun Sep 22 2019 08:34:00 GMT+0200 (CEST);1569141240000
1380556832687962;37.6;33.6;Sun Sep 22 2019 10:35:53 GMT+0200 (CEST);Sun Sep 22 2019 08:35:53 GMT+0200 (CEST);1569141353000
1380556832687962;37.6;33.6;Sun Sep 22 2019 10:37:59 GMT+0200 (CEST);Sun Sep 22 2019 08:37:59 GMT+0200 (CEST);1569141479000
1380556832687962;37.6;33.5;Sun Sep 22 2019 10:40:04 GMT+0200 (CEST);Sun Sep 22 2019 08:40:04 GMT+0200 (CEST);1569141604000
1380556832687962;37.6;33.3;Sun Sep 22 2019 10:41:57 GMT+0200 (CEST);Sun Sep 22 2019 08:41:57 GMT+0200 (CEST);1569141717000
1380556832687962;37.6;33.3;Sun Sep 22 2019 10:43:55 GMT+0200 (CEST);Sun Sep 22 2019 08:43:55 GMT+0200 (CEST);1569141835000
1380556832687962;37.6;33.2;Sun Sep 22 2019 10:45:56 GMT+0200 (CEST);Sun Sep 22 2019 08:45:56 GMT+0200 (CEST);1569141956000
1380556832687962;38.1;33.2;Sun Sep 22 2019 10:48:01 GMT+0200 (CEST);Sun Sep 22 2019 08:48:01 GMT+0200 (CEST);1569142081000
1380556832687962;38.1;33.2;Sun Sep 22 2019 10:50:04 GMT+0200 (CEST);Sun Sep 22 2019 08:50:04 GMT+0200 (CEST);1569142204000
1380556832687962;39.1;33.2;Sun Sep 22 2019 10:52:13 GMT+0200 (CEST);Sun Sep 22 2019 08:52:13 GMT+0200 (CEST);1569142333000
1380556832687962;39.1;33.3;Sun Sep 22 2019 10:54:23 GMT+0200 (CEST);Sun Sep 22 2019 08:54:23 GMT+0200 (CEST);1569142463000
1380556832687962;39.1;33.3;Sun Sep 22 2019 10:56:16 GMT+0200 (CEST);Sun Sep 22 2019 08:56:16 GMT+0200 (CEST);1569142576000
1380556832687962;39.1;33.3;Sun Sep 22 2019 10:58:08 GMT+0200 (CEST);Sun Sep 22 2019 08:58:08 GMT+0200 (CEST);1569142688000
1380556832687962;39.1;33.2;Sun Sep 22 2019 11:00:07 GMT+0200 (CEST);Sun Sep 22 2019 09:00:07 GMT+0200 (CEST);1569142807000
1380556832687962;39.1;33.2;Sun Sep 22 2019 11:02:20 GMT+0200 (CEST);Sun Sep 22 2019 09:02:20 GMT+0200 (CEST);1569142940000
1380556832687962;39.1;33.2;Sun Sep 22 2019 11:04:16 GMT+0200 (CEST);Sun Sep 22 2019 09:04:16 GMT+0200 (CEST);1569143056000
1380556832687962;39.1;33.3;Sun Sep 22 2019 11:06:09 GMT+0200 (CEST);Sun Sep 22 2019 09:06:09 GMT+0200 (CEST);1569143169000
1380556832687962;39.1;33.1;Sun Sep 22 2019 11:08:10 GMT+0200 (CEST);Sun Sep 22 2019 09:08:10 GMT+0200 (CEST);1569143290000
1380556832687962;39.1;33.2;Sun Sep 22 2019 11:10:15 GMT+0200 (CEST);Sun Sep 22 2019 09:10:15 GMT+0200 (CEST);1569143415000
1380556832687962;39.1;32.9;Sun Sep 22 2019 11:12:09 GMT+0200 (CEST);Sun Sep 22 2019 09:12:09 GMT+0200 (CEST);1569143529000
1380556832687962;39.1;32.9;Sun Sep 22 2019 11:14:03 GMT+0200 (CEST);Sun Sep 22 2019 09:14:03 GMT+0200 (CEST);1569143643000
1380556832687962;39.1;32.9;Sun Sep 22 2019 11:16:19 GMT+0200 (CEST);Sun Sep 22 2019 09:16:19 GMT+0200 (CEST);1569143779000
1380556832687962;39.1;32.7;Sun Sep 22 2019 11:18:13 GMT+0200 (CEST);Sun Sep 22 2019 09:18:13 GMT+0200 (CEST);1569143893000
1380556832687962;39.1;32.7;Sun Sep 22 2019 11:20:07 GMT+0200 (CEST);Sun Sep 22 2019 09:20:07 GMT+0200 (CEST);1569144007000
1380556832687962;39.1;32.6;Sun Sep 22 2019 11:22:03 GMT+0200 (CEST);Sun Sep 22 2019 09:22:03 GMT+0200 (CEST);1569144123000
1380556832687962;39.1;32.5;Sun Sep 22 2019 11:24:04 GMT+0200 (CEST);Sun Sep 22 2019 09:24:04 GMT+0200 (CEST);1569144244000
1380556832687962;41.6;32.6;Sun Sep 22 2019 11:25:59 GMT+0200 (CEST);Sun Sep 22 2019 09:25:59 GMT+0200 (CEST);1569144359000
1380556832687962;41.6;32.6;Sun Sep 22 2019 11:27:52 GMT+0200 (CEST);Sun Sep 22 2019 09:27:52 GMT+0200 (CEST);1569144472000
1380556832687962;41.6;32.6;Sun Sep 22 2019 11:29:51 GMT+0200 (CEST);Sun Sep 22 2019 09:29:51 GMT+0200 (CEST);1569144591000
1380556832687962;41.6;32.6;Sun Sep 22 2019 11:31:44 GMT+0200 (CEST);Sun Sep 22 2019 09:31:44 GMT+0200 (CEST);1569144704000
1380556832687962;41.6;32.6;Sun Sep 22 2019 11:33:36 GMT+0200 (CEST);Sun Sep 22 2019 09:33:36 GMT+0200 (CEST);1569144816000
1380556832687962;41.6;32.8;Sun Sep 22 2019 11:35:29 GMT+0200 (CEST);Sun Sep 22 2019 09:35:29 GMT+0200 (CEST);1569144929000
1380556832687962;41.6;32.6;Sun Sep 22 2019 11:37:26 GMT+0200 (CEST);Sun Sep 22 2019 09:37:26 GMT+0200 (CEST);1569145046000
1380556832687962;41.6;32.5;Sun Sep 22 2019 11:39:26 GMT+0200 (CEST);Sun Sep 22 2019 09:39:26 GMT+0200 (CEST);1569145166000
1380556832687962;41.6;32.5;Sun Sep 22 2019 11:41:19 GMT+0200 (CEST);Sun Sep 22 2019 09:41:19 GMT+0200 (CEST);1569145279000
1380556832687962;41.6;32.5;Sun Sep 22 2019 11:43:14 GMT+0200 (CEST);Sun Sep 22 2019 09:43:14 GMT+0200 (CEST);1569145394000
1380556832687962;42.1;32.5;Sun Sep 22 2019 11:45:10 GMT+0200 (CEST);Sun Sep 22 2019 09:45:10 GMT+0200 (CEST);1569145510000
1380556832687962;42.1;32.5;Sun Sep 22 2019 11:47:05 GMT+0200 (CEST);Sun Sep 22 2019 09:47:05 GMT+0200 (CEST);1569145625000
1380556832687962;42.1;32.5;Sun Sep 22 2019 11:49:17 GMT+0200 (CEST);Sun Sep 22 2019 09:49:17 GMT+0200 (CEST);1569145757000
1380556832687962;43.6;32.6;Sun Sep 22 2019 11:51:10 GMT+0200 (CEST);Sun Sep 22 2019 09:51:10 GMT+0200 (CEST);1569145870000
1380556832687962;43.6;32.6;Sun Sep 22 2019 11:53:07 GMT+0200 (CEST);Sun Sep 22 2019 09:53:07 GMT+0200 (CEST);1569145987000
1380556832687962;43.6;32.5;Sun Sep 22 2019 11:55:08 GMT+0200 (CEST);Sun Sep 22 2019 09:55:08 GMT+0200 (CEST);1569146108000
1380556832687962;43.6;33.1;Sun Sep 22 2019 11:57:05 GMT+0200 (CEST);Sun Sep 22 2019 09:57:05 GMT+0200 (CEST);1569146225000
1380556832687962;43.6;32.7;Sun Sep 22 2019 11:59:11 GMT+0200 (CEST);Sun Sep 22 2019 09:59:11 GMT+0200 (CEST);1569146351000
1380556832687962;43.6;33.4;Sun Sep 22 2019 12:01:07 GMT+0200 (CEST);Sun Sep 22 2019 10:01:07 GMT+0200 (CEST);1569146467000
1380556832687962;43.6;33.6;Sun Sep 22 2019 12:03:03 GMT+0200 (CEST);Sun Sep 22 2019 10:03:03 GMT+0200 (CEST);1569146583000
1380556832687962;43.6;30.6;Sun Sep 22 2019 12:05:04 GMT+0200 (CEST);Sun Sep 22 2019 10:05:04 GMT+0200 (CEST);1569146704000
1380556832687962;43.6;32.6;Sun Sep 22 2019 12:07:02 GMT+0200 (CEST);Sun Sep 22 2019 10:07:02 GMT+0200 (CEST);1569146822000
1380556832687962;43.6;30.4;Sun Sep 22 2019 12:08:56 GMT+0200 (CEST);Sun Sep 22 2019 10:08:56 GMT+0200 (CEST);1569146936000
1380556832687962;43.6;32;Sun Sep 22 2019 12:10:39 GMT+0200 (CEST);Sun Sep 22 2019 10:10:39 GMT+0200 (CEST);1569147039000
1380556832687962;43.6;31.3;Sun Sep 22 2019 12:12:33 GMT+0200 (CEST);Sun Sep 22 2019 10:12:33 GMT+0200 (CEST);1569147153000
1380556832687962;43.6;32;Sun Sep 22 2019 12:14:25 GMT+0200 (CEST);Sun Sep 22 2019 10:14:25 GMT+0200 (CEST);1569147265000
1380556832687962;43.6;32.1;Sun Sep 22 2019 12:16:21 GMT+0200 (CEST);Sun Sep 22 2019 10:16:21 GMT+0200 (CEST);1569147381000
1380556832687962;43.6;31.8;Sun Sep 22 2019 12:18:13 GMT+0200 (CEST);Sun Sep 22 2019 10:18:13 GMT+0200 (CEST);1569147493000
1380556832687962;44.1;30.8;Sun Sep 22 2019 12:20:17 GMT+0200 (CEST);Sun Sep 22 2019 10:20:17 GMT+0200 (CEST);1569147617000
1380556832687962;44.1;31.8;Sun Sep 22 2019 12:22:19 GMT+0200 (CEST);Sun Sep 22 2019 10:22:19 GMT+0200 (CEST);1569147739000
1380556832687962;44.1;32.7;Sun Sep 22 2019 12:24:11 GMT+0200 (CEST);Sun Sep 22 2019 10:24:11 GMT+0200 (CEST);1569147851000
1380556832687962;44.1;32.7;Sun Sep 22 2019 12:26:04 GMT+0200 (CEST);Sun Sep 22 2019 10:26:04 GMT+0200 (CEST);1569147964000
1380556832687962;44.1;31;Sun Sep 22 2019 12:27:57 GMT+0200 (CEST);Sun Sep 22 2019 10:27:57 GMT+0200 (CEST);1569148077000
1380556832687962;44.1;32.1;Sun Sep 22 2019 12:29:51 GMT+0200 (CEST);Sun Sep 22 2019 10:29:51 GMT+0200 (CEST);1569148191000
1380556832687962;45.6;32.3;Sun Sep 22 2019 12:31:44 GMT+0200 (CEST);Sun Sep 22 2019 10:31:44 GMT+0200 (CEST);1569148304000
1380556832687962;45.6;32.6;Sun Sep 22 2019 12:33:37 GMT+0200 (CEST);Sun Sep 22 2019 10:33:37 GMT+0200 (CEST);1569148417000
1380556832687962;45.6;33.5;Sun Sep 22 2019 12:35:37 GMT+0200 (CEST);Sun Sep 22 2019 10:35:37 GMT+0200 (CEST);1569148537000
1380556832687962;45.6;32.5;Sun Sep 22 2019 12:37:31 GMT+0200 (CEST);Sun Sep 22 2019 10:37:31 GMT+0200 (CEST);1569148651000
1380556832687962;43.6;33.5;Sun Sep 22 2019 12:39:24 GMT+0200 (CEST);Sun Sep 22 2019 10:39:24 GMT+0200 (CEST);1569148764000
1380556832687962;43.6;32.5;Sun Sep 22 2019 12:41:17 GMT+0200 (CEST);Sun Sep 22 2019 10:41:17 GMT+0200 (CEST);1569148877000
1380556832687962;43.6;33.3;Sun Sep 22 2019 12:43:17 GMT+0200 (CEST);Sun Sep 22 2019 10:43:17 GMT+0200 (CEST);1569148997000
1380556832687962;44.1;32.8;Sun Sep 22 2019 12:45:12 GMT+0200 (CEST);Sun Sep 22 2019 10:45:12 GMT+0200 (CEST);1569149112000
1380556832687962;44.1;32.3;Sun Sep 22 2019 12:47:04 GMT+0200 (CEST);Sun Sep 22 2019 10:47:04 GMT+0200 (CEST);1569149224000
1380556832687962;45.6;32.8;Sun Sep 22 2019 12:49:19 GMT+0200 (CEST);Sun Sep 22 2019 10:49:19 GMT+0200 (CEST);1569149359000
1380556832687962;45.6;32.7;Sun Sep 22 2019 12:51:30 GMT+0200 (CEST);Sun Sep 22 2019 10:51:30 GMT+0200 (CEST);1569149490000
1380556832687962;45.6;32.8;Sun Sep 22 2019 12:53:22 GMT+0200 (CEST);Sun Sep 22 2019 10:53:22 GMT+0200 (CEST);1569149602000
1380556832687962;45.6;32.8;Sun Sep 22 2019 12:55:15 GMT+0200 (CEST);Sun Sep 22 2019 10:55:15 GMT+0200 (CEST);1569149715000
1380556832687962;45.6;33.3;Sun Sep 22 2019 12:57:08 GMT+0200 (CEST);Sun Sep 22 2019 10:57:08 GMT+0200 (CEST);1569149828000
1380556832687962;47.6;32.9;Sun Sep 22 2019 12:59:03 GMT+0200 (CEST);Sun Sep 22 2019 10:59:03 GMT+0200 (CEST);1569149943000
1380556832687962;47.6;32.7;Sun Sep 22 2019 13:00:58 GMT+0200 (CEST);Sun Sep 22 2019 11:00:58 GMT+0200 (CEST);1569150058000
1380556832687962;47.6;32.7;Sun Sep 22 2019 13:02:53 GMT+0200 (CEST);Sun Sep 22 2019 11:02:53 GMT+0200 (CEST);1569150173000
1380556832687962;47.6;32.4;Sun Sep 22 2019 13:04:50 GMT+0200 (CEST);Sun Sep 22 2019 11:04:50 GMT+0200 (CEST);1569150290000
1380556832687962;47.6;32.4;Sun Sep 22 2019 13:07:00 GMT+0200 (CEST);Sun Sep 22 2019 11:07:00 GMT+0200 (CEST);1569150420000
1380556832687962;47.6;32.9;Sun Sep 22 2019 13:08:53 GMT+0200 (CEST);Sun Sep 22 2019 11:08:53 GMT+0200 (CEST);1569150533000
1380556832687962;47.6;32.9;Sun Sep 22 2019 13:10:54 GMT+0200 (CEST);Sun Sep 22 2019 11:10:54 GMT+0200 (CEST);1569150654000
1380556832687962;47.6;32.6;Sun Sep 22 2019 13:12:48 GMT+0200 (CEST);Sun Sep 22 2019 11:12:48 GMT+0200 (CEST);1569150768000
1380556832687962;47.6;32.6;Sun Sep 22 2019 13:14:45 GMT+0200 (CEST);Sun Sep 22 2019 11:14:45 GMT+0200 (CEST);1569150885000
1380556832687962;47.6;32.7;Sun Sep 22 2019 13:16:37 GMT+0200 (CEST);Sun Sep 22 2019 11:16:37 GMT+0200 (CEST);1569150997000
1380556832687962;47.6;32.7;Sun Sep 22 2019 13:18:32 GMT+0200 (CEST);Sun Sep 22 2019 11:18:32 GMT+0200 (CEST);1569151112000
1380556832687962;47.6;32.4;Sun Sep 22 2019 13:20:27 GMT+0200 (CEST);Sun Sep 22 2019 11:20:27 GMT+0200 (CEST);1569151227000
1380556832687962;47.6;32.3;Sun Sep 22 2019 13:22:22 GMT+0200 (CEST);Sun Sep 22 2019 11:22:22 GMT+0200 (CEST);1569151342000
1380556832687962;46.1;32.5;Sun Sep 22 2019 13:25:29 GMT+0200 (CEST);Sun Sep 22 2019 11:25:29 GMT+0200 (CEST);1569151529000
1380556832687962;46.1;32.6;Sun Sep 22 2019 13:27:26 GMT+0200 (CEST);Sun Sep 22 2019 11:27:26 GMT+0200 (CEST);1569151646000
1380556832687962;46.1;32.9;Sun Sep 22 2019 13:29:20 GMT+0200 (CEST);Sun Sep 22 2019 11:29:20 GMT+0200 (CEST);1569151760000
1380556832687962;46.1;32.6;Sun Sep 22 2019 13:31:13 GMT+0200 (CEST);Sun Sep 22 2019 11:31:13 GMT+0200 (CEST);1569151873000
1380556832687962;46.1;32.9;Sun Sep 22 2019 13:33:08 GMT+0200 (CEST);Sun Sep 22 2019 11:33:08 GMT+0200 (CEST);1569151988000
1380556832687962;46.1;32.7;Sun Sep 22 2019 13:35:17 GMT+0200 (CEST);Sun Sep 22 2019 11:35:17 GMT+0200 (CEST);1569152117000
1380556832687962;46.1;32.8;Sun Sep 22 2019 13:37:12 GMT+0200 (CEST);Sun Sep 22 2019 11:37:12 GMT+0200 (CEST);1569152232000
1380556832687962;46.1;32.4;Sun Sep 22 2019 13:39:20 GMT+0200 (CEST);Sun Sep 22 2019 11:39:20 GMT+0200 (CEST);1569152360000
1380556832687962;46.1;32.4;Sun Sep 22 2019 13:41:13 GMT+0200 (CEST);Sun Sep 22 2019 11:41:13 GMT+0200 (CEST);1569152473000
1380556832687962;46.1;32.3;Sun Sep 22 2019 13:43:06 GMT+0200 (CEST);Sun Sep 22 2019 11:43:06 GMT+0200 (CEST);1569152586000
1380556832687962;46.1;32.4;Sun Sep 22 2019 13:45:05 GMT+0200 (CEST);Sun Sep 22 2019 11:45:05 GMT+0200 (CEST);1569152705000
1380556832687962;46.1;32.2;Sun Sep 22 2019 13:47:02 GMT+0200 (CEST);Sun Sep 22 2019 11:47:02 GMT+0200 (CEST);1569152822000
1380556832687962;46.1;32.2;Sun Sep 22 2019 13:48:55 GMT+0200 (CEST);Sun Sep 22 2019 11:48:55 GMT+0200 (CEST);1569152935000
1380556832687962;46.1;32.1;Sun Sep 22 2019 13:50:51 GMT+0200 (CEST);Sun Sep 22 2019 11:50:51 GMT+0200 (CEST);1569153051000
1380556832687962;47.1;32.3;Sun Sep 22 2019 13:52:44 GMT+0200 (CEST);Sun Sep 22 2019 11:52:44 GMT+0200 (CEST);1569153164000
1380556832687962;47.1;32.3;Sun Sep 22 2019 13:54:51 GMT+0200 (CEST);Sun Sep 22 2019 11:54:51 GMT+0200 (CEST);1569153291000
1380556832687962;47.1;32.3;Sun Sep 22 2019 13:56:45 GMT+0200 (CEST);Sun Sep 22 2019 11:56:45 GMT+0200 (CEST);1569153405000
1380556832687962;47.1;32.4;Sun Sep 22 2019 13:58:39 GMT+0200 (CEST);Sun Sep 22 2019 11:58:39 GMT+0200 (CEST);1569153519000
1380556832687962;47.1;32.4;Sun Sep 22 2019 14:00:55 GMT+0200 (CEST);Sun Sep 22 2019 12:00:55 GMT+0200 (CEST);1569153655000
1380556832687962;46.1;32.3;Sun Sep 22 2019 14:02:48 GMT+0200 (CEST);Sun Sep 22 2019 12:02:48 GMT+0200 (CEST);1569153768000
1380556832687962;46.1;32.5;Sun Sep 22 2019 14:04:41 GMT+0200 (CEST);Sun Sep 22 2019 12:04:41 GMT+0200 (CEST);1569153881000
1380556832687962;46.1;32.4;Sun Sep 22 2019 14:06:33 GMT+0200 (CEST);Sun Sep 22 2019 12:06:33 GMT+0200 (CEST);1569153993000
1380556832687962;46.1;32.6;Sun Sep 22 2019 14:08:50 GMT+0200 (CEST);Sun Sep 22 2019 12:08:50 GMT+0200 (CEST);1569154130000
1380556832687962;46.1;32.7;Sun Sep 22 2019 14:10:50 GMT+0200 (CEST);Sun Sep 22 2019 12:10:50 GMT+0200 (CEST);1569154250000
1380556832687962;46.1;32.7;Sun Sep 22 2019 14:12:46 GMT+0200 (CEST);Sun Sep 22 2019 12:12:46 GMT+0200 (CEST);1569154366000
1380556832687962;46.1;32.5;Sun Sep 22 2019 14:14:50 GMT+0200 (CEST);Sun Sep 22 2019 12:14:50 GMT+0200 (CEST);1569154490000
1380556832687962;45.6;32.3;Sun Sep 22 2019 14:16:46 GMT+0200 (CEST);Sun Sep 22 2019 12:16:46 GMT+0200 (CEST);1569154606000
1380556832687962;45.6;32.7;Sun Sep 22 2019 14:18:41 GMT+0200 (CEST);Sun Sep 22 2019 12:18:41 GMT+0200 (CEST);1569154721000
1380556832687962;45.6;32.7;Sun Sep 22 2019 14:20:37 GMT+0200 (CEST);Sun Sep 22 2019 12:20:37 GMT+0200 (CEST);1569154837000
1380556832687962;45.6;32.6;Sun Sep 22 2019 14:22:40 GMT+0200 (CEST);Sun Sep 22 2019 12:22:40 GMT+0200 (CEST);1569154960000
1380556832687962;45.6;32.6;Sun Sep 22 2019 14:24:33 GMT+0200 (CEST);Sun Sep 22 2019 12:24:33 GMT+0200 (CEST);1569155073000
1380556832687962;45.6;32.6;Sun Sep 22 2019 14:26:16 GMT+0200 (CEST);Sun Sep 22 2019 12:26:16 GMT+0200 (CEST);1569155176000
1380556832687962;45.6;32.7;Sun Sep 22 2019 14:28:10 GMT+0200 (CEST);Sun Sep 22 2019 12:28:10 GMT+0200 (CEST);1569155290000
1380556832687962;45.6;32.3;Sun Sep 22 2019 14:30:21 GMT+0200 (CEST);Sun Sep 22 2019 12:30:21 GMT+0200 (CEST);1569155421000
1380556832687962;45.1;32.4;Sun Sep 22 2019 14:32:14 GMT+0200 (CEST);Sun Sep 22 2019 12:32:14 GMT+0200 (CEST);1569155534000
1380556832687962;45.1;32.3;Sun Sep 22 2019 14:34:11 GMT+0200 (CEST);Sun Sep 22 2019 12:34:11 GMT+0200 (CEST);1569155651000
1380556832687962;46.1;32.3;Sun Sep 22 2019 14:36:34 GMT+0200 (CEST);Sun Sep 22 2019 12:36:34 GMT+0200 (CEST);1569155794000
1380556832687962;46.1;32.1;Sun Sep 22 2019 14:38:29 GMT+0200 (CEST);Sun Sep 22 2019 12:38:29 GMT+0200 (CEST);1569155909000
1380556832687962;46.1;32.3;Sun Sep 22 2019 14:40:46 GMT+0200 (CEST);Sun Sep 22 2019 12:40:46 GMT+0200 (CEST);1569156046000
1380556832687962;46.1;32;Sun Sep 22 2019 14:42:39 GMT+0200 (CEST);Sun Sep 22 2019 12:42:39 GMT+0200 (CEST);1569156159000
1380556832687962;46.1;32;Sun Sep 22 2019 14:44:33 GMT+0200 (CEST);Sun Sep 22 2019 12:44:33 GMT+0200 (CEST);1569156273000
1380556832687962;46.1;32;Sun Sep 22 2019 14:46:27 GMT+0200 (CEST);Sun Sep 22 2019 12:46:27 GMT+0200 (CEST);1569156387000
1380556832687962;46.1;31.9;Sun Sep 22 2019 14:48:36 GMT+0200 (CEST);Sun Sep 22 2019 12:48:36 GMT+0200 (CEST);1569156516000
1380556832687962;46.1;31.9;Sun Sep 22 2019 14:51:02 GMT+0200 (CEST);Sun Sep 22 2019 12:51:02 GMT+0200 (CEST);1569156662000
1380556832687962;46.1;32.6;Sun Sep 22 2019 14:52:59 GMT+0200 (CEST);Sun Sep 22 2019 12:52:59 GMT+0200 (CEST);1569156779000
1380556832687962;46.1;32.6;Sun Sep 22 2019 14:54:52 GMT+0200 (CEST);Sun Sep 22 2019 12:54:52 GMT+0200 (CEST);1569156892000
1380556832687962;44.1;32.1;Sun Sep 22 2019 14:56:53 GMT+0200 (CEST);Sun Sep 22 2019 12:56:53 GMT+0200 (CEST);1569157013000
1380556832687962;44.1;32.3;Sun Sep 22 2019 14:58:55 GMT+0200 (CEST);Sun Sep 22 2019 12:58:55 GMT+0200 (CEST);1569157135000
1380556832687962;43.6;32.9;Sun Sep 22 2019 15:00:51 GMT+0200 (CEST);Sun Sep 22 2019 13:00:51 GMT+0200 (CEST);1569157251000
1380556832687962;43.6;32.2;Sun Sep 22 2019 15:02:44 GMT+0200 (CEST);Sun Sep 22 2019 13:02:44 GMT+0200 (CEST);1569157364000
1380556832687962;42.1;32.8;Sun Sep 22 2019 15:05:19 GMT+0200 (CEST);Sun Sep 22 2019 13:05:19 GMT+0200 (CEST);1569157519000
1380556832687962;42.1;32.5;Sun Sep 22 2019 15:07:12 GMT+0200 (CEST);Sun Sep 22 2019 13:07:12 GMT+0200 (CEST);1569157632000
1380556832687962;42.1;32.4;Sun Sep 22 2019 15:09:06 GMT+0200 (CEST);Sun Sep 22 2019 13:09:06 GMT+0200 (CEST);1569157746000
1380556832687962;41.6;32.3;Sun Sep 22 2019 15:10:58 GMT+0200 (CEST);Sun Sep 22 2019 13:10:58 GMT+0200 (CEST);1569157858000
1380556832687962;41.6;32.3;Sun Sep 22 2019 15:13:02 GMT+0200 (CEST);Sun Sep 22 2019 13:13:02 GMT+0200 (CEST);1569157982000
1380556832687962;41.6;32.3;Sun Sep 22 2019 15:15:02 GMT+0200 (CEST);Sun Sep 22 2019 13:15:02 GMT+0200 (CEST);1569158102000
1380556832687962;41.6;32.3;Sun Sep 22 2019 15:16:55 GMT+0200 (CEST);Sun Sep 22 2019 13:16:55 GMT+0200 (CEST);1569158215000
1380556832687962;41.6;32.3;Sun Sep 22 2019 15:18:48 GMT+0200 (CEST);Sun Sep 22 2019 13:18:48 GMT+0200 (CEST);1569158328000
1380556832687962;39.1;32.7;Sun Sep 22 2019 15:20:50 GMT+0200 (CEST);Sun Sep 22 2019 13:20:50 GMT+0200 (CEST);1569158450000
1380556832687962;39.1;32.8;Sun Sep 22 2019 15:22:45 GMT+0200 (CEST);Sun Sep 22 2019 13:22:45 GMT+0200 (CEST);1569158565000
1380556832687962;39.1;32.7;Sun Sep 22 2019 15:24:38 GMT+0200 (CEST);Sun Sep 22 2019 13:24:38 GMT+0200 (CEST);1569158678000
1380556832687962;39.1;32.6;Sun Sep 22 2019 15:26:32 GMT+0200 (CEST);Sun Sep 22 2019 13:26:32 GMT+0200 (CEST);1569158792000
1380556832687962;39.1;32.6;Sun Sep 22 2019 15:28:26 GMT+0200 (CEST);Sun Sep 22 2019 13:28:26 GMT+0200 (CEST);1569158906000
1380556832687962;37.6;32.6;Sun Sep 22 2019 15:30:24 GMT+0200 (CEST);Sun Sep 22 2019 13:30:24 GMT+0200 (CEST);1569159024000
1380556832687962;37.6;32.4;Sun Sep 22 2019 15:32:17 GMT+0200 (CEST);Sun Sep 22 2019 13:32:17 GMT+0200 (CEST);1569159137000
1380556832687962;37.6;32.4;Sun Sep 22 2019 15:34:16 GMT+0200 (CEST);Sun Sep 22 2019 13:34:16 GMT+0200 (CEST);1569159256000
1380556832687962;37.6;32.3;Sun Sep 22 2019 15:36:24 GMT+0200 (CEST);Sun Sep 22 2019 13:36:24 GMT+0200 (CEST);1569159384000
1380556832687962;37.6;32.3;Sun Sep 22 2019 15:38:16 GMT+0200 (CEST);Sun Sep 22 2019 13:38:16 GMT+0200 (CEST);1569159496000
1380556832687962;37.6;32.5;Sun Sep 22 2019 15:40:40 GMT+0200 (CEST);Sun Sep 22 2019 13:40:40 GMT+0200 (CEST);1569159640000
1380556832687962;37.6;32.5;Sun Sep 22 2019 15:42:34 GMT+0200 (CEST);Sun Sep 22 2019 13:42:34 GMT+0200 (CEST);1569159754000
1380556832687962;35.6;32.6;Sun Sep 22 2019 15:44:27 GMT+0200 (CEST);Sun Sep 22 2019 13:44:27 GMT+0200 (CEST);1569159867000
1380556832687962;35.6;32.6;Sun Sep 22 2019 15:46:20 GMT+0200 (CEST);Sun Sep 22 2019 13:46:20 GMT+0200 (CEST);1569159980000
1380556832687962;35.6;32.7;Sun Sep 22 2019 15:48:28 GMT+0200 (CEST);Sun Sep 22 2019 13:48:28 GMT+0200 (CEST);1569160108000
1380556832687962;34;32.8;Sun Sep 22 2019 15:50:21 GMT+0200 (CEST);Sun Sep 22 2019 13:50:21 GMT+0200 (CEST);1569160221000
1380556832687962;34;32.9;Sun Sep 22 2019 15:52:15 GMT+0200 (CEST);Sun Sep 22 2019 13:52:15 GMT+0200 (CEST);1569160335000
1380556832687962;34;33.2;Sun Sep 22 2019 15:54:08 GMT+0200 (CEST);Sun Sep 22 2019 13:54:08 GMT+0200 (CEST);1569160448000
1380556832687962;34;33;Sun Sep 22 2019 15:56:18 GMT+0200 (CEST);Sun Sep 22 2019 13:56:18 GMT+0200 (CEST);1569160578000
1380556832687962;34;33;Sun Sep 22 2019 15:58:10 GMT+0200 (CEST);Sun Sep 22 2019 13:58:10 GMT+0200 (CEST);1569160690000
1380556832687962;33.5;33;Sun Sep 22 2019 16:00:07 GMT+0200 (CEST);Sun Sep 22 2019 14:00:07 GMT+0200 (CEST);1569160807000
1380556832687962;33.5;33;Sun Sep 22 2019 16:02:11 GMT+0200 (CEST);Sun Sep 22 2019 14:02:11 GMT+0200 (CEST);1569160931000
1380556832687962;33.5;33.1;Sun Sep 22 2019 16:04:05 GMT+0200 (CEST);Sun Sep 22 2019 14:04:05 GMT+0200 (CEST);1569161045000
1380556832687962;33.5;33.1;Sun Sep 22 2019 16:05:59 GMT+0200 (CEST);Sun Sep 22 2019 14:05:59 GMT+0200 (CEST);1569161159000
1380556832687962;33.5;33.2;Sun Sep 22 2019 16:07:56 GMT+0200 (CEST);Sun Sep 22 2019 14:07:56 GMT+0200 (CEST);1569161276000
1380556832687962;33.5;33.1;Sun Sep 22 2019 16:10:03 GMT+0200 (CEST);Sun Sep 22 2019 14:10:03 GMT+0200 (CEST);1569161403000
1380556832687962;33.5;33.1;Sun Sep 22 2019 16:11:55 GMT+0200 (CEST);Sun Sep 22 2019 14:11:55 GMT+0200 (CEST);1569161515000
1380556832687962;33.5;32.9;Sun Sep 22 2019 16:13:51 GMT+0200 (CEST);Sun Sep 22 2019 14:13:51 GMT+0200 (CEST);1569161631000
1380556832687962;33.5;32.8;Sun Sep 22 2019 16:15:56 GMT+0200 (CEST);Sun Sep 22 2019 14:15:56 GMT+0200 (CEST);1569161756000
1380556832687962;33.5;33;Sun Sep 22 2019 16:17:48 GMT+0200 (CEST);Sun Sep 22 2019 14:17:48 GMT+0200 (CEST);1569161868000
1380556832687962;33.5;32.7;Sun Sep 22 2019 16:19:41 GMT+0200 (CEST);Sun Sep 22 2019 14:19:41 GMT+0200 (CEST);1569161981000
1380556832687962;33.5;32.7;Sun Sep 22 2019 16:21:33 GMT+0200 (CEST);Sun Sep 22 2019 14:21:33 GMT+0200 (CEST);1569162093000
1380556832687962;33.5;32.7;Sun Sep 22 2019 16:24:20 GMT+0200 (CEST);Sun Sep 22 2019 14:24:20 GMT+0200 (CEST);1569162260000
1380556832687962;33.5;32.7;Sun Sep 22 2019 16:26:15 GMT+0200 (CEST);Sun Sep 22 2019 14:26:15 GMT+0200 (CEST);1569162375000
1380556832687962;33.5;32.7;Sun Sep 22 2019 16:28:12 GMT+0200 (CEST);Sun Sep 22 2019 14:28:12 GMT+0200 (CEST);1569162492000
1380556832687962;33.5;32.6;Sun Sep 22 2019 16:30:12 GMT+0200 (CEST);Sun Sep 22 2019 14:30:12 GMT+0200 (CEST);1569162612000
1380556832687962;33.5;32.6;Sun Sep 22 2019 16:32:09 GMT+0200 (CEST);Sun Sep 22 2019 14:32:09 GMT+0200 (CEST);1569162729000
1380556832687962;32;32.5;Sun Sep 22 2019 16:34:04 GMT+0200 (CEST);Sun Sep 22 2019 14:34:04 GMT+0200 (CEST);1569162844000
1380556832687962;32;32.6;Sun Sep 22 2019 16:35:57 GMT+0200 (CEST);Sun Sep 22 2019 14:35:57 GMT+0200 (CEST);1569162957000
1380556832687962;32;32.6;Sun Sep 22 2019 16:38:11 GMT+0200 (CEST);Sun Sep 22 2019 14:38:11 GMT+0200 (CEST);1569163091000
1380556832687962;32;32.6;Sun Sep 22 2019 16:40:07 GMT+0200 (CEST);Sun Sep 22 2019 14:40:07 GMT+0200 (CEST);1569163207000
1380556832687962;32;32.7;Sun Sep 22 2019 16:42:04 GMT+0200 (CEST);Sun Sep 22 2019 14:42:04 GMT+0200 (CEST);1569163324000
1380556832687962;31.5;32.8;Sun Sep 22 2019 16:44:03 GMT+0200 (CEST);Sun Sep 22 2019 14:44:03 GMT+0200 (CEST);1569163443000
1380556832687962;31.5;32.6;Sun Sep 22 2019 16:46:09 GMT+0200 (CEST);Sun Sep 22 2019 14:46:09 GMT+0200 (CEST);1569163569000
1380556832687962;31.5;32.6;Sun Sep 22 2019 16:48:08 GMT+0200 (CEST);Sun Sep 22 2019 14:48:08 GMT+0200 (CEST);1569163688000
1380556832687962;31.5;32.5;Sun Sep 22 2019 16:50:04 GMT+0200 (CEST);Sun Sep 22 2019 14:50:04 GMT+0200 (CEST);1569163804000
1380556832687962;31.5;32.4;Sun Sep 22 2019 16:51:57 GMT+0200 (CEST);Sun Sep 22 2019 14:51:57 GMT+0200 (CEST);1569163917000
1380556832687962;31.5;32.5;Sun Sep 22 2019 16:53:51 GMT+0200 (CEST);Sun Sep 22 2019 14:53:51 GMT+0200 (CEST);1569164031000
1380556832687962;31.5;32.5;Sun Sep 22 2019 16:55:44 GMT+0200 (CEST);Sun Sep 22 2019 14:55:44 GMT+0200 (CEST);1569164144000
1380556832687962;30;32.5;Sun Sep 22 2019 16:57:37 GMT+0200 (CEST);Sun Sep 22 2019 14:57:37 GMT+0200 (CEST);1569164257000
1380556832687962;30;32.3;Sun Sep 22 2019 16:59:30 GMT+0200 (CEST);Sun Sep 22 2019 14:59:30 GMT+0200 (CEST);1569164370000
1380556832687962;30;32.5;Sun Sep 22 2019 17:01:31 GMT+0200 (CEST);Sun Sep 22 2019 15:01:31 GMT+0200 (CEST);1569164491000
1380556832687962;30;32.6;Sun Sep 22 2019 17:03:26 GMT+0200 (CEST);Sun Sep 22 2019 15:03:26 GMT+0200 (CEST);1569164606000
1380556832687962;30;32.6;Sun Sep 22 2019 17:05:36 GMT+0200 (CEST);Sun Sep 22 2019 15:05:36 GMT+0200 (CEST);1569164736000
1380556832687962;30;32.5;Sun Sep 22 2019 17:07:31 GMT+0200 (CEST);Sun Sep 22 2019 15:07:31 GMT+0200 (CEST);1569164851000
1380556832687962;30;32.6;Sun Sep 22 2019 17:09:24 GMT+0200 (CEST);Sun Sep 22 2019 15:09:24 GMT+0200 (CEST);1569164964000
1380556832687962;30;32.6;Sun Sep 22 2019 17:11:18 GMT+0200 (CEST);Sun Sep 22 2019 15:11:18 GMT+0200 (CEST);1569165078000
1380556832687962;30;32.5;Sun Sep 22 2019 17:13:10 GMT+0200 (CEST);Sun Sep 22 2019 15:13:10 GMT+0200 (CEST);1569165190000
1380556832687962;30;32.6;Sun Sep 22 2019 17:15:03 GMT+0200 (CEST);Sun Sep 22 2019 15:15:03 GMT+0200 (CEST);1569165303000
1380556832687962;30;32.6;Sun Sep 22 2019 17:16:58 GMT+0200 (CEST);Sun Sep 22 2019 15:16:58 GMT+0200 (CEST);1569165418000
1380556832687962;30;32.4;Sun Sep 22 2019 17:18:52 GMT+0200 (CEST);Sun Sep 22 2019 15:18:52 GMT+0200 (CEST);1569165532000
1380556832687962;30;32.6;Sun Sep 22 2019 17:20:50 GMT+0200 (CEST);Sun Sep 22 2019 15:20:50 GMT+0200 (CEST);1569165650000
1380556832687962;29.5;32.7;Sun Sep 22 2019 17:22:51 GMT+0200 (CEST);Sun Sep 22 2019 15:22:51 GMT+0200 (CEST);1569165771000
1380556832687962;29.5;32.5;Sun Sep 22 2019 17:24:46 GMT+0200 (CEST);Sun Sep 22 2019 15:24:46 GMT+0200 (CEST);1569165886000
1380556832687962;29.5;32.4;Sun Sep 22 2019 17:26:39 GMT+0200 (CEST);Sun Sep 22 2019 15:26:39 GMT+0200 (CEST);1569165999000
1380556832687962;29.5;32.3;Sun Sep 22 2019 17:28:34 GMT+0200 (CEST);Sun Sep 22 2019 15:28:34 GMT+0200 (CEST);1569166114000
1380556832687962;29.5;32.4;Sun Sep 22 2019 17:30:35 GMT+0200 (CEST);Sun Sep 22 2019 15:30:35 GMT+0200 (CEST);1569166235000
1380556832687962;30;32.3;Sun Sep 22 2019 17:32:46 GMT+0200 (CEST);Sun Sep 22 2019 15:32:46 GMT+0200 (CEST);1569166366000
1380556832687962;30;32.1;Sun Sep 22 2019 17:34:39 GMT+0200 (CEST);Sun Sep 22 2019 15:34:39 GMT+0200 (CEST);1569166479000
1380556832687962;29.5;32.1;Sun Sep 22 2019 17:36:33 GMT+0200 (CEST);Sun Sep 22 2019 15:36:33 GMT+0200 (CEST);1569166593000
1380556832687962;29.5;32.1;Sun Sep 22 2019 17:38:26 GMT+0200 (CEST);Sun Sep 22 2019 15:38:26 GMT+0200 (CEST);1569166706000
1380556832687962;29.5;32.1;Sun Sep 22 2019 17:40:34 GMT+0200 (CEST);Sun Sep 22 2019 15:40:34 GMT+0200 (CEST);1569166834000
1380556832687962;29.5;32.1;Sun Sep 22 2019 17:42:28 GMT+0200 (CEST);Sun Sep 22 2019 15:42:28 GMT+0200 (CEST);1569166948000
1380556832687962;29.5;32;Sun Sep 22 2019 17:44:21 GMT+0200 (CEST);Sun Sep 22 2019 15:44:21 GMT+0200 (CEST);1569167061000
1380556832687962;29.5;31.9;Sun Sep 22 2019 17:46:14 GMT+0200 (CEST);Sun Sep 22 2019 15:46:14 GMT+0200 (CEST);1569167174000
1380556832687962;29.5;31.9;Sun Sep 22 2019 17:48:11 GMT+0200 (CEST);Sun Sep 22 2019 15:48:11 GMT+0200 (CEST);1569167291000
1380556832687962;29.5;31.8;Sun Sep 22 2019 17:50:20 GMT+0200 (CEST);Sun Sep 22 2019 15:50:20 GMT+0200 (CEST);1569167420000
1380556832687962;29.5;31.9;Sun Sep 22 2019 17:52:27 GMT+0200 (CEST);Sun Sep 22 2019 15:52:27 GMT+0200 (CEST);1569167547000
1380556832687962;29.5;31.6;Sun Sep 22 2019 17:54:20 GMT+0200 (CEST);Sun Sep 22 2019 15:54:20 GMT+0200 (CEST);1569167660000
1380556832687962;28;31.6;Sun Sep 22 2019 17:56:19 GMT+0200 (CEST);Sun Sep 22 2019 15:56:19 GMT+0200 (CEST);1569167779000
1380556832687962;28;31.4;Sun Sep 22 2019 17:58:11 GMT+0200 (CEST);Sun Sep 22 2019 15:58:11 GMT+0200 (CEST);1569167891000
1380556832687962;27.5;31.4;Sun Sep 22 2019 18:00:11 GMT+0200 (CEST);Sun Sep 22 2019 16:00:11 GMT+0200 (CEST);1569168011000
1380556832687962;27.5;31.4;Sun Sep 22 2019 18:02:04 GMT+0200 (CEST);Sun Sep 22 2019 16:02:04 GMT+0200 (CEST);1569168124000
1380556832687962;27.5;31.1;Sun Sep 22 2019 18:04:04 GMT+0200 (CEST);Sun Sep 22 2019 16:04:04 GMT+0200 (CEST);1569168244000
1380556832687962;28;31.2;Sun Sep 22 2019 18:06:01 GMT+0200 (CEST);Sun Sep 22 2019 16:06:01 GMT+0200 (CEST);1569168361000
1380556832687962;28;31.2;Sun Sep 22 2019 18:07:55 GMT+0200 (CEST);Sun Sep 22 2019 16:07:55 GMT+0200 (CEST);1569168475000
1380556832687962;27.5;31.1;Sun Sep 22 2019 18:09:50 GMT+0200 (CEST);Sun Sep 22 2019 16:09:50 GMT+0200 (CEST);1569168590000
1380556832687962;27.5;31.2;Sun Sep 22 2019 18:11:55 GMT+0200 (CEST);Sun Sep 22 2019 16:11:55 GMT+0200 (CEST);1569168715000
1380556832687962;27.5;31.1;Sun Sep 22 2019 18:13:54 GMT+0200 (CEST);Sun Sep 22 2019 16:13:54 GMT+0200 (CEST);1569168834000
1380556832687962;27.5;31;Sun Sep 22 2019 18:15:50 GMT+0200 (CEST);Sun Sep 22 2019 16:15:50 GMT+0200 (CEST);1569168950000
1380556832687962;27.5;31.1;Sun Sep 22 2019 18:17:45 GMT+0200 (CEST);Sun Sep 22 2019 16:17:45 GMT+0200 (CEST);1569169065000
1380556832687962;27.5;31;Sun Sep 22 2019 18:19:54 GMT+0200 (CEST);Sun Sep 22 2019 16:19:54 GMT+0200 (CEST);1569169194000
1380556832687962;27.5;31;Sun Sep 22 2019 18:21:47 GMT+0200 (CEST);Sun Sep 22 2019 16:21:47 GMT+0200 (CEST);1569169307000
1380556832687962;27.5;30.9;Sun Sep 22 2019 18:23:39 GMT+0200 (CEST);Sun Sep 22 2019 16:23:39 GMT+0200 (CEST);1569169419000
1380556832687962;26;30.8;Sun Sep 22 2019 18:25:51 GMT+0200 (CEST);Sun Sep 22 2019 16:25:51 GMT+0200 (CEST);1569169551000
1380556832687962;26;30.7;Sun Sep 22 2019 18:27:54 GMT+0200 (CEST);Sun Sep 22 2019 16:27:54 GMT+0200 (CEST);1569169674000
1380556832687962;26;30.8;Sun Sep 22 2019 18:29:46 GMT+0200 (CEST);Sun Sep 22 2019 16:29:46 GMT+0200 (CEST);1569169786000
1380556832687962;26;30.8;Sun Sep 22 2019 18:31:45 GMT+0200 (CEST);Sun Sep 22 2019 16:31:45 GMT+0200 (CEST);1569169905000
1380556832687962;26;30.7;Sun Sep 22 2019 18:33:39 GMT+0200 (CEST);Sun Sep 22 2019 16:33:39 GMT+0200 (CEST);1569170019000
1380556832687962;26;31.1;Sun Sep 22 2019 18:35:41 GMT+0200 (CEST);Sun Sep 22 2019 16:35:41 GMT+0200 (CEST);1569170141000
1380556832687962;26;31.1;Sun Sep 22 2019 18:37:42 GMT+0200 (CEST);Sun Sep 22 2019 16:37:42 GMT+0200 (CEST);1569170262000
1380556832687962;26;30.8;Sun Sep 22 2019 18:39:34 GMT+0200 (CEST);Sun Sep 22 2019 16:39:34 GMT+0200 (CEST);1569170374000
1380556832687962;26;30.8;Sun Sep 22 2019 18:41:33 GMT+0200 (CEST);Sun Sep 22 2019 16:41:33 GMT+0200 (CEST);1569170493000
1380556832687962;26;30.2;Sun Sep 22 2019 18:43:25 GMT+0200 (CEST);Sun Sep 22 2019 16:43:25 GMT+0200 (CEST);1569170605000
1380556832687962;25.5;29.9;Sun Sep 22 2019 18:45:20 GMT+0200 (CEST);Sun Sep 22 2019 16:45:20 GMT+0200 (CEST);1569170720000
1380556832687962;25.5;29.9;Sun Sep 22 2019 18:47:13 GMT+0200 (CEST);Sun Sep 22 2019 16:47:13 GMT+0200 (CEST);1569170833000
1380556832687962;25.5;29.3;Sun Sep 22 2019 18:49:12 GMT+0200 (CEST);Sun Sep 22 2019 16:49:12 GMT+0200 (CEST);1569170952000
1380556832687962;25.5;29;Sun Sep 22 2019 18:51:06 GMT+0200 (CEST);Sun Sep 22 2019 16:51:06 GMT+0200 (CEST);1569171066000
1380556832687962;25.5;28.5;Sun Sep 22 2019 18:53:01 GMT+0200 (CEST);Sun Sep 22 2019 16:53:01 GMT+0200 (CEST);1569171181000
1380556832687962;25.5;27.7;Sun Sep 22 2019 18:55:05 GMT+0200 (CEST);Sun Sep 22 2019 16:55:05 GMT+0200 (CEST);1569171305000
1380556832687962;25.5;26.5;Sun Sep 22 2019 18:57:00 GMT+0200 (CEST);Sun Sep 22 2019 16:57:00 GMT+0200 (CEST);1569171420000
1380556832687962;23;25.9;Sun Sep 22 2019 18:58:53 GMT+0200 (CEST);Sun Sep 22 2019 16:58:53 GMT+0200 (CEST);1569171533000
1380556832687962;23;26;Sun Sep 22 2019 19:00:45 GMT+0200 (CEST);Sun Sep 22 2019 17:00:45 GMT+0200 (CEST);1569171645000
1380556832687962;23;26.2;Sun Sep 22 2019 19:02:58 GMT+0200 (CEST);Sun Sep 22 2019 17:02:58 GMT+0200 (CEST);1569171778000
1380556832687962;22;29.9;Sun Sep 22 2019 19:05:02 GMT+0200 (CEST);Sun Sep 22 2019 17:05:02 GMT+0200 (CEST);1569171902000
1380556832687962;22;28.4;Sun Sep 22 2019 19:07:03 GMT+0200 (CEST);Sun Sep 22 2019 17:07:03 GMT+0200 (CEST);1569172023000
1380556832687962;22;27;Sun Sep 22 2019 19:08:59 GMT+0200 (CEST);Sun Sep 22 2019 17:08:59 GMT+0200 (CEST);1569172139000
1380556832687962;22;25.2;Sun Sep 22 2019 19:10:56 GMT+0200 (CEST);Sun Sep 22 2019 17:10:56 GMT+0200 (CEST);1569172256000
1380556832687962;22;25.2;Sun Sep 22 2019 19:12:52 GMT+0200 (CEST);Sun Sep 22 2019 17:12:52 GMT+0200 (CEST);1569172372000
1380556832687962;22;25.2;Sun Sep 22 2019 19:14:48 GMT+0200 (CEST);Sun Sep 22 2019 17:14:48 GMT+0200 (CEST);1569172488000
1380556832687962;-273.2;31.6;Mon Sep 23 2019 07:17:25 GMT+0200 (CEST);Mon Sep 23 2019 05:17:25 GMT+0200 (CEST);1569215845000
1380556832687962;-273.2;32.1;Mon Sep 23 2019 07:19:17 GMT+0200 (CEST);Mon Sep 23 2019 05:19:17 GMT+0200 (CEST);1569215957000
1380556832687962;-273.2;33.4;Mon Sep 23 2019 07:21:24 GMT+0200 (CEST);Mon Sep 23 2019 05:21:24 GMT+0200 (CEST);1569216084000
1380556832687962;-273.2;33.2;Mon Sep 23 2019 07:23:17 GMT+0200 (CEST);Mon Sep 23 2019 05:23:17 GMT+0200 (CEST);1569216197000
1380556832687962;-273.2;34.2;Mon Sep 23 2019 07:25:18 GMT+0200 (CEST);Mon Sep 23 2019 05:25:18 GMT+0200 (CEST);1569216318000
1380556832687962;-273.2;34.4;Mon Sep 23 2019 07:27:11 GMT+0200 (CEST);Mon Sep 23 2019 05:27:11 GMT+0200 (CEST);1569216431000
1380556832687962;-273.2;34.3;Mon Sep 23 2019 07:29:04 GMT+0200 (CEST);Mon Sep 23 2019 05:29:04 GMT+0200 (CEST);1569216544000
1380556832687962;-273.2;35.7;Mon Sep 23 2019 07:30:58 GMT+0200 (CEST);Mon Sep 23 2019 05:30:58 GMT+0200 (CEST);1569216658000
1380556832687962;-273.2;35.2;Mon Sep 23 2019 07:32:51 GMT+0200 (CEST);Mon Sep 23 2019 05:32:51 GMT+0200 (CEST);1569216771000
1380556832687962;-273.2;35.8;Mon Sep 23 2019 07:35:09 GMT+0200 (CEST);Mon Sep 23 2019 05:35:09 GMT+0200 (CEST);1569216909000
1380556832687962;-273.2;36.1;Mon Sep 23 2019 07:37:06 GMT+0200 (CEST);Mon Sep 23 2019 05:37:06 GMT+0200 (CEST);1569217026000
1380556832687962;-273.2;35.5;Mon Sep 23 2019 07:38:59 GMT+0200 (CEST);Mon Sep 23 2019 05:38:59 GMT+0200 (CEST);1569217139000
1380556832687962;17.9;35.9;Mon Sep 23 2019 07:40:53 GMT+0200 (CEST);Mon Sep 23 2019 05:40:53 GMT+0200 (CEST);1569217253000
1380556832687962;17.9;36.1;Mon Sep 23 2019 07:42:47 GMT+0200 (CEST);Mon Sep 23 2019 05:42:47 GMT+0200 (CEST);1569217367000
1380556832687962;17.9;36.4;Mon Sep 23 2019 07:44:43 GMT+0200 (CEST);Mon Sep 23 2019 05:44:43 GMT+0200 (CEST);1569217483000
1380556832687962;17.9;36.3;Mon Sep 23 2019 07:46:36 GMT+0200 (CEST);Mon Sep 23 2019 05:46:36 GMT+0200 (CEST);1569217596000
1380556832687962;17.9;36.4;Mon Sep 23 2019 07:48:29 GMT+0200 (CEST);Mon Sep 23 2019 05:48:29 GMT+0200 (CEST);1569217709000
1380556832687962;17.9;36.2;Mon Sep 23 2019 07:50:29 GMT+0200 (CEST);Mon Sep 23 2019 05:50:29 GMT+0200 (CEST);1569217829000
1380556832687962;17.9;36.2;Mon Sep 23 2019 07:52:22 GMT+0200 (CEST);Mon Sep 23 2019 05:52:22 GMT+0200 (CEST);1569217942000
1380556832687962;17.9;36.3;Mon Sep 23 2019 07:54:15 GMT+0200 (CEST);Mon Sep 23 2019 05:54:15 GMT+0200 (CEST);1569218055000
1380556832687962;17.9;35.4;Mon Sep 23 2019 07:56:15 GMT+0200 (CEST);Mon Sep 23 2019 05:56:15 GMT+0200 (CEST);1569218175000
1380556832687962;17.9;34.2;Mon Sep 23 2019 07:58:08 GMT+0200 (CEST);Mon Sep 23 2019 05:58:08 GMT+0200 (CEST);1569218288000
1380556832687962;17.9;34.2;Mon Sep 23 2019 08:00:14 GMT+0200 (CEST);Mon Sep 23 2019 06:00:14 GMT+0200 (CEST);1569218414000
1380556832687962;17.9;34.9;Mon Sep 23 2019 08:02:08 GMT+0200 (CEST);Mon Sep 23 2019 06:02:08 GMT+0200 (CEST);1569218528000
1380556832687962;17.9;35.2;Mon Sep 23 2019 08:04:00 GMT+0200 (CEST);Mon Sep 23 2019 06:04:00 GMT+0200 (CEST);1569218640000
1380556832687962;17.9;34.6;Mon Sep 23 2019 08:05:53 GMT+0200 (CEST);Mon Sep 23 2019 06:05:53 GMT+0200 (CEST);1569218753000
1380556832687962;17.9;35.2;Mon Sep 23 2019 08:07:48 GMT+0200 (CEST);Mon Sep 23 2019 06:07:48 GMT+0200 (CEST);1569218868000
1380556832687962;19.4;35.5;Mon Sep 23 2019 08:09:40 GMT+0200 (CEST);Mon Sep 23 2019 06:09:40 GMT+0200 (CEST);1569218980000
1380556832687962;19.4;35.1;Mon Sep 23 2019 08:11:33 GMT+0200 (CEST);Mon Sep 23 2019 06:11:33 GMT+0200 (CEST);1569219093000
1380556832687962;19.4;34.7;Mon Sep 23 2019 08:13:26 GMT+0200 (CEST);Mon Sep 23 2019 06:13:26 GMT+0200 (CEST);1569219206000
1380556832687962;19.4;34.4;Mon Sep 23 2019 08:15:20 GMT+0200 (CEST);Mon Sep 23 2019 06:15:20 GMT+0200 (CEST);1569219320000
1380556832687962;19.4;34.5;Mon Sep 23 2019 08:17:31 GMT+0200 (CEST);Mon Sep 23 2019 06:17:31 GMT+0200 (CEST);1569219451000
1380556832687962;19.4;35.2;Mon Sep 23 2019 08:19:24 GMT+0200 (CEST);Mon Sep 23 2019 06:19:24 GMT+0200 (CEST);1569219564000
1380556832687962;19.4;35.3;Mon Sep 23 2019 08:21:17 GMT+0200 (CEST);Mon Sep 23 2019 06:21:17 GMT+0200 (CEST);1569219677000
1380556832687962;19.4;36.5;Mon Sep 23 2019 08:23:12 GMT+0200 (CEST);Mon Sep 23 2019 06:23:12 GMT+0200 (CEST);1569219792000
1380556832687962;19.4;35.9;Mon Sep 23 2019 08:25:08 GMT+0200 (CEST);Mon Sep 23 2019 06:25:08 GMT+0200 (CEST);1569219908000
1380556832687962;19.4;35.9;Mon Sep 23 2019 08:27:04 GMT+0200 (CEST);Mon Sep 23 2019 06:27:04 GMT+0200 (CEST);1569220024000
1380556832687962;19.4;35.9;Mon Sep 23 2019 08:29:01 GMT+0200 (CEST);Mon Sep 23 2019 06:29:01 GMT+0200 (CEST);1569220141000
1380556832687962;19.4;36.6;Mon Sep 23 2019 08:30:55 GMT+0200 (CEST);Mon Sep 23 2019 06:30:55 GMT+0200 (CEST);1569220255000
1380556832687962;19.4;36;Mon Sep 23 2019 08:32:48 GMT+0200 (CEST);Mon Sep 23 2019 06:32:48 GMT+0200 (CEST);1569220368000
1380556832687962;19.4;30.8;Mon Sep 23 2019 08:34:43 GMT+0200 (CEST);Mon Sep 23 2019 06:34:43 GMT+0200 (CEST);1569220483000
1380556832687962;19.4;30.9;Mon Sep 23 2019 08:36:36 GMT+0200 (CEST);Mon Sep 23 2019 06:36:36 GMT+0200 (CEST);1569220596000
1380556832687962;17.4;30.9;Mon Sep 23 2019 08:38:44 GMT+0200 (CEST);Mon Sep 23 2019 06:38:44 GMT+0200 (CEST);1569220724000
1380556832687962;17.4;30.9;Mon Sep 23 2019 08:40:41 GMT+0200 (CEST);Mon Sep 23 2019 06:40:41 GMT+0200 (CEST);1569220841000
1380556832687962;17.4;30.9;Mon Sep 23 2019 08:42:34 GMT+0200 (CEST);Mon Sep 23 2019 06:42:34 GMT+0200 (CEST);1569220954000
1380556832687962;17.4;30.8;Mon Sep 23 2019 08:44:27 GMT+0200 (CEST);Mon Sep 23 2019 06:44:27 GMT+0200 (CEST);1569221067000
1380556832687962;17.4;30.8;Mon Sep 23 2019 08:46:20 GMT+0200 (CEST);Mon Sep 23 2019 06:46:20 GMT+0200 (CEST);1569221180000
1380556832687962;17.4;30.8;Mon Sep 23 2019 08:48:16 GMT+0200 (CEST);Mon Sep 23 2019 06:48:16 GMT+0200 (CEST);1569221296000
1380556832687962;17.4;32.1;Mon Sep 23 2019 08:50:09 GMT+0200 (CEST);Mon Sep 23 2019 06:50:09 GMT+0200 (CEST);1569221409000
1380556832687962;17.9;33.4;Mon Sep 23 2019 08:52:05 GMT+0200 (CEST);Mon Sep 23 2019 06:52:05 GMT+0200 (CEST);1569221525000
1380556832687962;17.9;32.9;Mon Sep 23 2019 08:53:57 GMT+0200 (CEST);Mon Sep 23 2019 06:53:57 GMT+0200 (CEST);1569221637000
1380556832687962;17.9;32.9;Mon Sep 23 2019 08:55:54 GMT+0200 (CEST);Mon Sep 23 2019 06:55:54 GMT+0200 (CEST);1569221754000
1380556832687962;17.9;32.2;Mon Sep 23 2019 08:57:51 GMT+0200 (CEST);Mon Sep 23 2019 06:57:51 GMT+0200 (CEST);1569221871000
1380556832687962;17.9;32.2;Mon Sep 23 2019 08:59:55 GMT+0200 (CEST);Mon Sep 23 2019 06:59:55 GMT+0200 (CEST);1569221995000
1380556832687962;17.9;32.2;Mon Sep 23 2019 09:01:47 GMT+0200 (CEST);Mon Sep 23 2019 07:01:47 GMT+0200 (CEST);1569222107000
1380556832687962;17.9;32.3;Mon Sep 23 2019 09:03:40 GMT+0200 (CEST);Mon Sep 23 2019 07:03:40 GMT+0200 (CEST);1569222220000
1380556832687962;17.9;32.2;Mon Sep 23 2019 09:05:36 GMT+0200 (CEST);Mon Sep 23 2019 07:05:36 GMT+0200 (CEST);1569222336000
1380556832687962;17.9;32.1;Mon Sep 23 2019 09:07:30 GMT+0200 (CEST);Mon Sep 23 2019 07:07:30 GMT+0200 (CEST);1569222450000
1380556832687962;17.9;31.9;Mon Sep 23 2019 09:09:22 GMT+0200 (CEST);Mon Sep 23 2019 07:09:22 GMT+0200 (CEST);1569222562000
1380556832687962;17.9;31.9;Mon Sep 23 2019 09:11:18 GMT+0200 (CEST);Mon Sep 23 2019 07:11:18 GMT+0200 (CEST);1569222678000
1380556832687962;17.9;31.9;Mon Sep 23 2019 09:13:10 GMT+0200 (CEST);Mon Sep 23 2019 07:13:10 GMT+0200 (CEST);1569222790000
1380556832687962;17.9;31.9;Mon Sep 23 2019 09:15:09 GMT+0200 (CEST);Mon Sep 23 2019 07:15:09 GMT+0200 (CEST);1569222909000
1380556832687962;18.4;31.9;Mon Sep 23 2019 09:17:03 GMT+0200 (CEST);Mon Sep 23 2019 07:17:03 GMT+0200 (CEST);1569223023000
1380556832687962;18.4;31.9;Mon Sep 23 2019 09:19:09 GMT+0200 (CEST);Mon Sep 23 2019 07:19:09 GMT+0200 (CEST);1569223149000
1380556832687962;18.4;31.9;Mon Sep 23 2019 09:21:32 GMT+0200 (CEST);Mon Sep 23 2019 07:21:32 GMT+0200 (CEST);1569223292000
1380556832687962;18.4;31.9;Mon Sep 23 2019 09:23:27 GMT+0200 (CEST);Mon Sep 23 2019 07:23:27 GMT+0200 (CEST);1569223407000
1380556832687962;17.9;30.6;Mon Sep 23 2019 09:25:24 GMT+0200 (CEST);Mon Sep 23 2019 07:25:24 GMT+0200 (CEST);1569223524000
1380556832687962;17.9;30.4;Mon Sep 23 2019 09:27:17 GMT+0200 (CEST);Mon Sep 23 2019 07:27:17 GMT+0200 (CEST);1569223637000
1380556832687962;17.9;30.4;Mon Sep 23 2019 09:29:10 GMT+0200 (CEST);Mon Sep 23 2019 07:29:10 GMT+0200 (CEST);1569223750000
1380556832687962;17.9;30.3;Mon Sep 23 2019 09:31:02 GMT+0200 (CEST);Mon Sep 23 2019 07:31:02 GMT+0200 (CEST);1569223862000
1380556832687962;17.9;30.5;Mon Sep 23 2019 09:32:55 GMT+0200 (CEST);Mon Sep 23 2019 07:32:55 GMT+0200 (CEST);1569223975000
1380556832687962;17.9;30.5;Mon Sep 23 2019 09:35:14 GMT+0200 (CEST);Mon Sep 23 2019 07:35:14 GMT+0200 (CEST);1569224114000
1380556832687962;17.9;30.6;Mon Sep 23 2019 09:37:36 GMT+0200 (CEST);Mon Sep 23 2019 07:37:36 GMT+0200 (CEST);1569224256000
1380556832687962;17.9;30.7;Mon Sep 23 2019 09:39:29 GMT+0200 (CEST);Mon Sep 23 2019 07:39:29 GMT+0200 (CEST);1569224369000
1380556832687962;17.9;31.1;Mon Sep 23 2019 09:41:25 GMT+0200 (CEST);Mon Sep 23 2019 07:41:25 GMT+0200 (CEST);1569224485000
1380556832687962;17.9;30.8;Mon Sep 23 2019 09:43:18 GMT+0200 (CEST);Mon Sep 23 2019 07:43:18 GMT+0200 (CEST);1569224598000
1380556832687962;17.9;31.3;Mon Sep 23 2019 09:45:15 GMT+0200 (CEST);Mon Sep 23 2019 07:45:15 GMT+0200 (CEST);1569224715000
1380556832687962;17.9;31.2;Mon Sep 23 2019 09:47:08 GMT+0200 (CEST);Mon Sep 23 2019 07:47:08 GMT+0200 (CEST);1569224828000
1380556832687962;17.9;30.8;Mon Sep 23 2019 09:49:16 GMT+0200 (CEST);Mon Sep 23 2019 07:49:16 GMT+0200 (CEST);1569224956000
1380556832687962;17.9;31.5;Mon Sep 23 2019 09:51:13 GMT+0200 (CEST);Mon Sep 23 2019 07:51:13 GMT+0200 (CEST);1569225073000
1380556832687962;17.9;31.5;Mon Sep 23 2019 09:53:06 GMT+0200 (CEST);Mon Sep 23 2019 07:53:06 GMT+0200 (CEST);1569225186000
1380556832687962;17.9;31;Mon Sep 23 2019 09:54:58 GMT+0200 (CEST);Mon Sep 23 2019 07:54:58 GMT+0200 (CEST);1569225298000
1380556832687962;17.9;31.4;Mon Sep 23 2019 09:57:05 GMT+0200 (CEST);Mon Sep 23 2019 07:57:05 GMT+0200 (CEST);1569225425000
1380556832687962;17.9;31.4;Mon Sep 23 2019 09:58:58 GMT+0200 (CEST);Mon Sep 23 2019 07:58:58 GMT+0200 (CEST);1569225538000
1380556832687962;17.9;31.5;Mon Sep 23 2019 10:00:52 GMT+0200 (CEST);Mon Sep 23 2019 08:00:52 GMT+0200 (CEST);1569225652000
1380556832687962;17.9;31.7;Mon Sep 23 2019 10:02:47 GMT+0200 (CEST);Mon Sep 23 2019 08:02:47 GMT+0200 (CEST);1569225767000
1380556832687962;19.4;31.7;Mon Sep 23 2019 10:05:08 GMT+0200 (CEST);Mon Sep 23 2019 08:05:08 GMT+0200 (CEST);1569225908000
1380556832687962;19.4;31.3;Mon Sep 23 2019 10:07:07 GMT+0200 (CEST);Mon Sep 23 2019 08:07:07 GMT+0200 (CEST);1569226027000
1380556832687962;19.4;31.2;Mon Sep 23 2019 10:09:04 GMT+0200 (CEST);Mon Sep 23 2019 08:09:04 GMT+0200 (CEST);1569226144000
1380556832687962;19.4;31.3;Mon Sep 23 2019 10:11:12 GMT+0200 (CEST);Mon Sep 23 2019 08:11:12 GMT+0200 (CEST);1569226272000
1380556832687962;19.4;31;Mon Sep 23 2019 10:13:07 GMT+0200 (CEST);Mon Sep 23 2019 08:13:07 GMT+0200 (CEST);1569226387000
1380556832687962;17.9;31;Mon Sep 23 2019 10:15:06 GMT+0200 (CEST);Mon Sep 23 2019 08:15:06 GMT+0200 (CEST);1569226506000
1380556832687962;17.9;30.4;Mon Sep 23 2019 10:16:58 GMT+0200 (CEST);Mon Sep 23 2019 08:16:58 GMT+0200 (CEST);1569226618000
1380556832687962;17.9;31;Mon Sep 23 2019 10:18:51 GMT+0200 (CEST);Mon Sep 23 2019 08:18:51 GMT+0200 (CEST);1569226731000
1380556832687962;17.9;31.2;Mon Sep 23 2019 10:20:46 GMT+0200 (CEST);Mon Sep 23 2019 08:20:46 GMT+0200 (CEST);1569226846000
1380556832687962;17.9;30.8;Mon Sep 23 2019 10:22:43 GMT+0200 (CEST);Mon Sep 23 2019 08:22:43 GMT+0200 (CEST);1569226963000
1380556832687962;17.9;30.6;Mon Sep 23 2019 10:24:37 GMT+0200 (CEST);Mon Sep 23 2019 08:24:37 GMT+0200 (CEST);1569227077000
1380556832687962;17.9;30.8;Mon Sep 23 2019 10:26:30 GMT+0200 (CEST);Mon Sep 23 2019 08:26:30 GMT+0200 (CEST);1569227190000
1380556832687962;17.9;30.5;Mon Sep 23 2019 10:28:13 GMT+0200 (CEST);Mon Sep 23 2019 08:28:13 GMT+0200 (CEST);1569227293000
1380556832687962;17.9;29.5;Mon Sep 23 2019 10:30:12 GMT+0200 (CEST);Mon Sep 23 2019 08:30:12 GMT+0200 (CEST);1569227412000
1380556832687962;17.9;30.2;Mon Sep 23 2019 10:32:05 GMT+0200 (CEST);Mon Sep 23 2019 08:32:05 GMT+0200 (CEST);1569227525000
1380556832687962;17.4;30.2;Mon Sep 23 2019 10:34:03 GMT+0200 (CEST);Mon Sep 23 2019 08:34:03 GMT+0200 (CEST);1569227643000
1380556832687962;17.4;30.5;Mon Sep 23 2019 10:35:57 GMT+0200 (CEST);Mon Sep 23 2019 08:35:57 GMT+0200 (CEST);1569227757000
1380556832687962;17.4;30.9;Mon Sep 23 2019 10:37:55 GMT+0200 (CEST);Mon Sep 23 2019 08:37:55 GMT+0200 (CEST);1569227875000
1380556832687962;17.4;30.6;Mon Sep 23 2019 10:39:53 GMT+0200 (CEST);Mon Sep 23 2019 08:39:53 GMT+0200 (CEST);1569227993000
1380556832687962;17.4;30;Mon Sep 23 2019 10:41:47 GMT+0200 (CEST);Mon Sep 23 2019 08:41:47 GMT+0200 (CEST);1569228107000
1380556832687962;17.9;30.5;Mon Sep 23 2019 10:43:40 GMT+0200 (CEST);Mon Sep 23 2019 08:43:40 GMT+0200 (CEST);1569228220000
1380556832687962;17.9;30.2;Mon Sep 23 2019 10:45:35 GMT+0200 (CEST);Mon Sep 23 2019 08:45:35 GMT+0200 (CEST);1569228335000
1380556832687962;17.9;30;Mon Sep 23 2019 10:47:28 GMT+0200 (CEST);Mon Sep 23 2019 08:47:28 GMT+0200 (CEST);1569228448000
1380556832687962;17.9;29.7;Mon Sep 23 2019 10:49:21 GMT+0200 (CEST);Mon Sep 23 2019 08:49:21 GMT+0200 (CEST);1569228561000
1380556832687962;17.9;29.7;Mon Sep 23 2019 10:51:14 GMT+0200 (CEST);Mon Sep 23 2019 08:51:14 GMT+0200 (CEST);1569228674000
1380556832687962;17.9;29.7;Mon Sep 23 2019 10:53:19 GMT+0200 (CEST);Mon Sep 23 2019 08:53:19 GMT+0200 (CEST);1569228799000
1380556832687962;17.9;29.5;Mon Sep 23 2019 10:55:13 GMT+0200 (CEST);Mon Sep 23 2019 08:55:13 GMT+0200 (CEST);1569228913000
1380556832687962;17.9;29.8;Mon Sep 23 2019 10:57:06 GMT+0200 (CEST);Mon Sep 23 2019 08:57:06 GMT+0200 (CEST);1569229026000
1380556832687962;17.4;30.3;Mon Sep 23 2019 10:58:59 GMT+0200 (CEST);Mon Sep 23 2019 08:58:59 GMT+0200 (CEST);1569229139000
1380556832687962;17.4;29.8;Mon Sep 23 2019 11:00:53 GMT+0200 (CEST);Mon Sep 23 2019 09:00:53 GMT+0200 (CEST);1569229253000
1380556832687962;17.4;30.7;Mon Sep 23 2019 11:02:45 GMT+0200 (CEST);Mon Sep 23 2019 09:02:45 GMT+0200 (CEST);1569229365000
1380556832687962;17.4;30.1;Mon Sep 23 2019 11:04:38 GMT+0200 (CEST);Mon Sep 23 2019 09:04:38 GMT+0200 (CEST);1569229478000
1380556832687962;17.4;30.3;Mon Sep 23 2019 11:06:31 GMT+0200 (CEST);Mon Sep 23 2019 09:06:31 GMT+0200 (CEST);1569229591000
1380556832687962;17.4;30.3;Mon Sep 23 2019 11:08:25 GMT+0200 (CEST);Mon Sep 23 2019 09:08:25 GMT+0200 (CEST);1569229705000
1380556832687962;17.4;30.3;Mon Sep 23 2019 11:10:20 GMT+0200 (CEST);Mon Sep 23 2019 09:10:20 GMT+0200 (CEST);1569229820000
1380556832687962;17.9;30.3;Mon Sep 23 2019 11:12:12 GMT+0200 (CEST);Mon Sep 23 2019 09:12:12 GMT+0200 (CEST);1569229932000
1380556832687962;17.9;30.4;Mon Sep 23 2019 11:14:05 GMT+0200 (CEST);Mon Sep 23 2019 09:14:05 GMT+0200 (CEST);1569230045000
1380556832687962;17.9;30.6;Mon Sep 23 2019 11:15:58 GMT+0200 (CEST);Mon Sep 23 2019 09:15:58 GMT+0200 (CEST);1569230158000
1380556832687962;17.9;30.5;Mon Sep 23 2019 11:17:52 GMT+0200 (CEST);Mon Sep 23 2019 09:17:52 GMT+0200 (CEST);1569230272000
1380556832687962;17.9;30.9;Mon Sep 23 2019 11:19:44 GMT+0200 (CEST);Mon Sep 23 2019 09:19:44 GMT+0200 (CEST);1569230384000
1380556832687962;17.9;31.1;Mon Sep 23 2019 11:21:40 GMT+0200 (CEST);Mon Sep 23 2019 09:21:40 GMT+0200 (CEST);1569230500000
1380556832687962;17.9;31;Mon Sep 23 2019 11:23:33 GMT+0200 (CEST);Mon Sep 23 2019 09:23:33 GMT+0200 (CEST);1569230613000
1380556832687962;17.9;30.6;Mon Sep 23 2019 11:25:26 GMT+0200 (CEST);Mon Sep 23 2019 09:25:26 GMT+0200 (CEST);1569230726000
1380556832687962;17.9;30;Mon Sep 23 2019 11:27:18 GMT+0200 (CEST);Mon Sep 23 2019 09:27:18 GMT+0200 (CEST);1569230838000
1380556832687962;17.9;29.9;Mon Sep 23 2019 11:29:12 GMT+0200 (CEST);Mon Sep 23 2019 09:29:12 GMT+0200 (CEST);1569230952000
1380556832687962;17.9;30.2;Mon Sep 23 2019 11:31:14 GMT+0200 (CEST);Mon Sep 23 2019 09:31:14 GMT+0200 (CEST);1569231074000
1380556832687962;17.9;30.9;Mon Sep 23 2019 11:33:07 GMT+0200 (CEST);Mon Sep 23 2019 09:33:07 GMT+0200 (CEST);1569231187000
1380556832687962;17.9;30.7;Mon Sep 23 2019 11:35:03 GMT+0200 (CEST);Mon Sep 23 2019 09:35:03 GMT+0200 (CEST);1569231303000
1380556832687962;17.9;30.9;Mon Sep 23 2019 11:39:04 GMT+0200 (CEST);Mon Sep 23 2019 09:39:04 GMT+0200 (CEST);1569231544000
1380556832687962;17.9;31.6;Mon Sep 23 2019 11:41:53 GMT+0200 (CEST);Mon Sep 23 2019 09:41:53 GMT+0200 (CEST);1569231713000
1380556832687962;17.9;31.2;Mon Sep 23 2019 11:43:49 GMT+0200 (CEST);Mon Sep 23 2019 09:43:49 GMT+0200 (CEST);1569231829000
1380556832687962;17.9;31.2;Mon Sep 23 2019 11:46:20 GMT+0200 (CEST);Mon Sep 23 2019 09:46:20 GMT+0200 (CEST);1569231980000
1380556832687962;17.9;31.6;Mon Sep 23 2019 11:48:28 GMT+0200 (CEST);Mon Sep 23 2019 09:48:28 GMT+0200 (CEST);1569232108000
1380556832687962;17.9;30;Mon Sep 23 2019 12:00:57 GMT+0200 (CEST);Mon Sep 23 2019 10:00:57 GMT+0200 (CEST);1569232857000
1380556832687962;17.9;30;Mon Sep 23 2019 12:04:23 GMT+0200 (CEST);Mon Sep 23 2019 10:04:23 GMT+0200 (CEST);1569233063000
1380556832687962;17.9;30.1;Mon Sep 23 2019 12:06:26 GMT+0200 (CEST);Mon Sep 23 2019 10:06:26 GMT+0200 (CEST);1569233186000
1380556832687962;17.9;30.5;Mon Sep 23 2019 12:09:49 GMT+0200 (CEST);Mon Sep 23 2019 10:09:49 GMT+0200 (CEST);1569233389000
1380556832687962;17.9;30.6;Mon Sep 23 2019 12:13:59 GMT+0200 (CEST);Mon Sep 23 2019 10:13:59 GMT+0200 (CEST);1569233639000
1380556832687962;17.9;30.1;Mon Sep 23 2019 12:15:57 GMT+0200 (CEST);Mon Sep 23 2019 10:15:57 GMT+0200 (CEST);1569233757000
1380556832687962;17.9;30.2;Mon Sep 23 2019 12:18:50 GMT+0200 (CEST);Mon Sep 23 2019 10:18:50 GMT+0200 (CEST);1569233930000
1380556832687962;17.9;29.9;Mon Sep 23 2019 12:21:16 GMT+0200 (CEST);Mon Sep 23 2019 10:21:16 GMT+0200 (CEST);1569234076000
1380556832687962;17.9;29.9;Mon Sep 23 2019 12:24:04 GMT+0200 (CEST);Mon Sep 23 2019 10:24:04 GMT+0200 (CEST);1569234244000
1380556832687962;17.9;30;Mon Sep 23 2019 12:27:40 GMT+0200 (CEST);Mon Sep 23 2019 10:27:40 GMT+0200 (CEST);1569234460000
1380556832687962;17.4;30;Mon Sep 23 2019 12:29:53 GMT+0200 (CEST);Mon Sep 23 2019 10:29:53 GMT+0200 (CEST);1569234593000
1380556832687962;17.4;30.4;Mon Sep 23 2019 12:31:53 GMT+0200 (CEST);Mon Sep 23 2019 10:31:53 GMT+0200 (CEST);1569234713000
1380556832687962;17.9;29.8;Mon Sep 23 2019 12:34:37 GMT+0200 (CEST);Mon Sep 23 2019 10:34:37 GMT+0200 (CEST);1569234877000
1380556832687962;17.9;31.2;Mon Sep 23 2019 12:41:03 GMT+0200 (CEST);Mon Sep 23 2019 10:41:03 GMT+0200 (CEST);1569235263000
1380556832687962;17.9;30.4;Mon Sep 23 2019 12:43:25 GMT+0200 (CEST);Mon Sep 23 2019 10:43:25 GMT+0200 (CEST);1569235405000
1380556832687962;17.9;31.1;Mon Sep 23 2019 12:45:43 GMT+0200 (CEST);Mon Sep 23 2019 10:45:43 GMT+0200 (CEST);1569235543000
1380556832687962;17.9;31.8;Mon Sep 23 2019 12:47:58 GMT+0200 (CEST);Mon Sep 23 2019 10:47:58 GMT+0200 (CEST);1569235678000
1380556832687962;18.9;33.2;Mon Sep 23 2019 12:54:44 GMT+0200 (CEST);Mon Sep 23 2019 10:54:44 GMT+0200 (CEST);1569236084000
1380556832687962;18.9;32.8;Mon Sep 23 2019 12:59:33 GMT+0200 (CEST);Mon Sep 23 2019 10:59:33 GMT+0200 (CEST);1569236373000
1380556832687962;18.9;33;Mon Sep 23 2019 13:03:56 GMT+0200 (CEST);Mon Sep 23 2019 11:03:56 GMT+0200 (CEST);1569236636000
1380556832687962;19.4;32.8;Mon Sep 23 2019 13:06:11 GMT+0200 (CEST);Mon Sep 23 2019 11:06:11 GMT+0200 (CEST);1569236771000
1380556832687962;19.9;33.2;Mon Sep 23 2019 13:08:43 GMT+0200 (CEST);Mon Sep 23 2019 11:08:43 GMT+0200 (CEST);1569236923000
1380556832687962;19.9;32.9;Mon Sep 23 2019 13:10:53 GMT+0200 (CEST);Mon Sep 23 2019 11:10:53 GMT+0200 (CEST);1569237053000
1380556832687962;19.9;33;Mon Sep 23 2019 13:13:21 GMT+0200 (CEST);Mon Sep 23 2019 11:13:21 GMT+0200 (CEST);1569237201000
1380556832687962;19.9;33.1;Mon Sep 23 2019 13:15:19 GMT+0200 (CEST);Mon Sep 23 2019 11:15:19 GMT+0200 (CEST);1569237319000
1380556832687962;19.9;33;Mon Sep 23 2019 13:17:44 GMT+0200 (CEST);Mon Sep 23 2019 11:17:44 GMT+0200 (CEST);1569237464000
1380556832687962;19.9;33.1;Mon Sep 23 2019 13:20:02 GMT+0200 (CEST);Mon Sep 23 2019 11:20:02 GMT+0200 (CEST);1569237602000
1380556832687962;19.9;33.1;Mon Sep 23 2019 13:22:10 GMT+0200 (CEST);Mon Sep 23 2019 11:22:10 GMT+0200 (CEST);1569237730000
1380556832687962;19.9;33;Mon Sep 23 2019 13:24:00 GMT+0200 (CEST);Mon Sep 23 2019 11:24:00 GMT+0200 (CEST);1569237840000
1380556832687962;21.5;33.6;Mon Sep 23 2019 13:33:25 GMT+0200 (CEST);Mon Sep 23 2019 11:33:25 GMT+0200 (CEST);1569238405000
1380556832687962;21.5;33.6;Mon Sep 23 2019 13:35:35 GMT+0200 (CEST);Mon Sep 23 2019 11:35:35 GMT+0200 (CEST);1569238535000
1380556832687962;21.5;34.2;Mon Sep 23 2019 13:38:01 GMT+0200 (CEST);Mon Sep 23 2019 11:38:01 GMT+0200 (CEST);1569238681000
1380556832687962;21.5;34.2;Mon Sep 23 2019 13:40:02 GMT+0200 (CEST);Mon Sep 23 2019 11:40:02 GMT+0200 (CEST);1569238802000
1380556832687962;21.5;34.2;Mon Sep 23 2019 13:42:05 GMT+0200 (CEST);Mon Sep 23 2019 11:42:05 GMT+0200 (CEST);1569238925000
1380556832687962;21.5;34.2;Mon Sep 23 2019 13:44:15 GMT+0200 (CEST);Mon Sep 23 2019 11:44:15 GMT+0200 (CEST);1569239055000
1380556832687962;21.5;34.4;Mon Sep 23 2019 13:46:29 GMT+0200 (CEST);Mon Sep 23 2019 11:46:29 GMT+0200 (CEST);1569239189000
1380556832687962;22;34.4;Mon Sep 23 2019 13:48:24 GMT+0200 (CEST);Mon Sep 23 2019 11:48:24 GMT+0200 (CEST);1569239304000
1380556832687962;22;34.4;Mon Sep 23 2019 13:50:44 GMT+0200 (CEST);Mon Sep 23 2019 11:50:44 GMT+0200 (CEST);1569239444000
1380556832687962;22;34.5;Mon Sep 23 2019 13:52:32 GMT+0200 (CEST);Mon Sep 23 2019 11:52:32 GMT+0200 (CEST);1569239552000
1380556832687962;22;34.3;Mon Sep 23 2019 13:57:23 GMT+0200 (CEST);Mon Sep 23 2019 11:57:23 GMT+0200 (CEST);1569239843000
1380556832687962;22;33.8;Mon Sep 23 2019 13:59:27 GMT+0200 (CEST);Mon Sep 23 2019 11:59:27 GMT+0200 (CEST);1569239967000
1380556832687962;22;34.4;Mon Sep 23 2019 14:01:58 GMT+0200 (CEST);Mon Sep 23 2019 12:01:58 GMT+0200 (CEST);1569240118000
1380556832687962;22;33.9;Mon Sep 23 2019 14:04:30 GMT+0200 (CEST);Mon Sep 23 2019 12:04:30 GMT+0200 (CEST);1569240270000
1380556832687962;22;34.1;Mon Sep 23 2019 14:06:34 GMT+0200 (CEST);Mon Sep 23 2019 12:06:34 GMT+0200 (CEST);1569240394000
1380556832687962;22;34.1;Mon Sep 23 2019 14:08:52 GMT+0200 (CEST);Mon Sep 23 2019 12:08:52 GMT+0200 (CEST);1569240532000
1380556832687962;22;34;Mon Sep 23 2019 14:10:53 GMT+0200 (CEST);Mon Sep 23 2019 12:10:53 GMT+0200 (CEST);1569240653000
1380556832687962;22;34.3;Mon Sep 23 2019 14:12:56 GMT+0200 (CEST);Mon Sep 23 2019 12:12:56 GMT+0200 (CEST);1569240776000
1380556832687962;22;34.5;Mon Sep 23 2019 14:15:13 GMT+0200 (CEST);Mon Sep 23 2019 12:15:13 GMT+0200 (CEST);1569240913000
1380556832687962;22;34.7;Mon Sep 23 2019 14:17:26 GMT+0200 (CEST);Mon Sep 23 2019 12:17:26 GMT+0200 (CEST);1569241046000
1380556832687962;22;34.5;Mon Sep 23 2019 14:19:38 GMT+0200 (CEST);Mon Sep 23 2019 12:19:38 GMT+0200 (CEST);1569241178000
1380556832687962;22;34.4;Mon Sep 23 2019 14:21:45 GMT+0200 (CEST);Mon Sep 23 2019 12:21:45 GMT+0200 (CEST);1569241305000
1380556832687962;22;34.4;Mon Sep 23 2019 14:23:45 GMT+0200 (CEST);Mon Sep 23 2019 12:23:45 GMT+0200 (CEST);1569241425000
1380556832687962;22;34.2;Mon Sep 23 2019 14:25:51 GMT+0200 (CEST);Mon Sep 23 2019 12:25:51 GMT+0200 (CEST);1569241551000
1380556832687962;22;34.3;Mon Sep 23 2019 14:28:11 GMT+0200 (CEST);Mon Sep 23 2019 12:28:11 GMT+0200 (CEST);1569241691000
1380556832687962;22;34.4;Mon Sep 23 2019 14:30:16 GMT+0200 (CEST);Mon Sep 23 2019 12:30:16 GMT+0200 (CEST);1569241816000
1380556832687962;22;34.3;Mon Sep 23 2019 14:32:41 GMT+0200 (CEST);Mon Sep 23 2019 12:32:41 GMT+0200 (CEST);1569241961000
1380556832687962;22;33.9;Mon Sep 23 2019 14:34:41 GMT+0200 (CEST);Mon Sep 23 2019 12:34:41 GMT+0200 (CEST);1569242081000
1380556832687962;22;34.3;Mon Sep 23 2019 14:36:46 GMT+0200 (CEST);Mon Sep 23 2019 12:36:46 GMT+0200 (CEST);1569242206000
1380556832687962;22;34.3;Mon Sep 23 2019 14:38:38 GMT+0200 (CEST);Mon Sep 23 2019 12:38:38 GMT+0200 (CEST);1569242318000
1380556832687962;22;34.1;Mon Sep 23 2019 14:40:42 GMT+0200 (CEST);Mon Sep 23 2019 12:40:42 GMT+0200 (CEST);1569242442000
1380556832687962;22;33.7;Mon Sep 23 2019 14:42:54 GMT+0200 (CEST);Mon Sep 23 2019 12:42:54 GMT+0200 (CEST);1569242574000
1380556832687962;22;33.7;Mon Sep 23 2019 14:44:49 GMT+0200 (CEST);Mon Sep 23 2019 12:44:49 GMT+0200 (CEST);1569242689000
1380556832687962;22;33.1;Mon Sep 23 2019 14:46:52 GMT+0200 (CEST);Mon Sep 23 2019 12:46:52 GMT+0200 (CEST);1569242812000
1380556832687962;22;33.8;Mon Sep 23 2019 14:49:01 GMT+0200 (CEST);Mon Sep 23 2019 12:49:01 GMT+0200 (CEST);1569242941000
1380556832687962;22;34.2;Mon Sep 23 2019 14:51:23 GMT+0200 (CEST);Mon Sep 23 2019 12:51:23 GMT+0200 (CEST);1569243083000
1380556832687962;22;34.2;Mon Sep 23 2019 14:53:30 GMT+0200 (CEST);Mon Sep 23 2019 12:53:30 GMT+0200 (CEST);1569243210000
1380556832687962;22;34.2;Mon Sep 23 2019 14:55:36 GMT+0200 (CEST);Mon Sep 23 2019 12:55:36 GMT+0200 (CEST);1569243336000
1380556832687962;22;33.6;Mon Sep 23 2019 14:58:08 GMT+0200 (CEST);Mon Sep 23 2019 12:58:08 GMT+0200 (CEST);1569243488000
1380556832687962;22;32.2;Mon Sep 23 2019 15:00:09 GMT+0200 (CEST);Mon Sep 23 2019 13:00:09 GMT+0200 (CEST);1569243609000
1380556832687962;22;32.9;Mon Sep 23 2019 15:02:08 GMT+0200 (CEST);Mon Sep 23 2019 13:02:08 GMT+0200 (CEST);1569243728000
1380556832687962;21.5;33.3;Mon Sep 23 2019 15:04:37 GMT+0200 (CEST);Mon Sep 23 2019 13:04:37 GMT+0200 (CEST);1569243877000
1380556832687962;21.5;31.5;Mon Sep 23 2019 15:06:49 GMT+0200 (CEST);Mon Sep 23 2019 13:06:49 GMT+0200 (CEST);1569244009000
1380556832687962;21.5;31.7;Mon Sep 23 2019 15:08:50 GMT+0200 (CEST);Mon Sep 23 2019 13:08:50 GMT+0200 (CEST);1569244130000
1380556832687962;21.5;32.4;Mon Sep 23 2019 15:11:19 GMT+0200 (CEST);Mon Sep 23 2019 13:11:19 GMT+0200 (CEST);1569244279000
1380556832687962;21.5;33.2;Mon Sep 23 2019 15:13:17 GMT+0200 (CEST);Mon Sep 23 2019 13:13:17 GMT+0200 (CEST);1569244397000
1380556832687962;21.5;32.7;Mon Sep 23 2019 15:15:25 GMT+0200 (CEST);Mon Sep 23 2019 13:15:25 GMT+0200 (CEST);1569244525000
1380556832687962;21.5;33.1;Mon Sep 23 2019 15:18:12 GMT+0200 (CEST);Mon Sep 23 2019 13:18:12 GMT+0200 (CEST);1569244692000
1380556832687962;21.5;33.9;Mon Sep 23 2019 15:20:21 GMT+0200 (CEST);Mon Sep 23 2019 13:20:21 GMT+0200 (CEST);1569244821000
1380556832687962;22;34.6;Mon Sep 23 2019 15:22:23 GMT+0200 (CEST);Mon Sep 23 2019 13:22:23 GMT+0200 (CEST);1569244943000
1380556832687962;22;34.3;Mon Sep 23 2019 15:26:18 GMT+0200 (CEST);Mon Sep 23 2019 13:26:18 GMT+0200 (CEST);1569245178000
1380556832687962;22;34.1;Mon Sep 23 2019 15:28:53 GMT+0200 (CEST);Mon Sep 23 2019 13:28:53 GMT+0200 (CEST);1569245333000
1380556832687962;22;33.4;Mon Sep 23 2019 15:31:37 GMT+0200 (CEST);Mon Sep 23 2019 13:31:37 GMT+0200 (CEST);1569245497000
1380556832687962;22;32.3;Mon Sep 23 2019 15:34:06 GMT+0200 (CEST);Mon Sep 23 2019 13:34:06 GMT+0200 (CEST);1569245646000
1380556832687962;22;32;Mon Sep 23 2019 15:37:39 GMT+0200 (CEST);Mon Sep 23 2019 13:37:39 GMT+0200 (CEST);1569245859000
1380556832687962;22;31.4;Mon Sep 23 2019 15:42:04 GMT+0200 (CEST);Mon Sep 23 2019 13:42:04 GMT+0200 (CEST);1569246124000
1380556832687962;22;30.9;Mon Sep 23 2019 15:44:05 GMT+0200 (CEST);Mon Sep 23 2019 13:44:05 GMT+0200 (CEST);1569246245000
1380556832687962;21.5;30.9;Mon Sep 23 2019 15:46:51 GMT+0200 (CEST);Mon Sep 23 2019 13:46:51 GMT+0200 (CEST);1569246411000
1380556832687962;21.5;30.5;Mon Sep 23 2019 15:49:12 GMT+0200 (CEST);Mon Sep 23 2019 13:49:12 GMT+0200 (CEST);1569246552000
1380556832687962;21.5;30.6;Mon Sep 23 2019 15:51:40 GMT+0200 (CEST);Mon Sep 23 2019 13:51:40 GMT+0200 (CEST);1569246700000
1380556832687962;21.5;31.2;Mon Sep 23 2019 15:53:44 GMT+0200 (CEST);Mon Sep 23 2019 13:53:44 GMT+0200 (CEST);1569246824000
1380556832687962;21.5;29.9;Mon Sep 23 2019 15:56:30 GMT+0200 (CEST);Mon Sep 23 2019 13:56:30 GMT+0200 (CEST);1569246990000
1380556832687962;19.4;29.2;Mon Sep 23 2019 16:00:13 GMT+0200 (CEST);Mon Sep 23 2019 14:00:13 GMT+0200 (CEST);1569247213000
1380556832687962;19.4;28.4;Mon Sep 23 2019 16:02:10 GMT+0200 (CEST);Mon Sep 23 2019 14:02:10 GMT+0200 (CEST);1569247330000
1380556832687962;19.4;28.9;Mon Sep 23 2019 16:04:09 GMT+0200 (CEST);Mon Sep 23 2019 14:04:09 GMT+0200 (CEST);1569247449000
1380556832687962;19.4;28.4;Mon Sep 23 2019 16:07:02 GMT+0200 (CEST);Mon Sep 23 2019 14:07:02 GMT+0200 (CEST);1569247622000
1380556832687962;19.4;30.6;Mon Sep 23 2019 16:18:39 GMT+0200 (CEST);Mon Sep 23 2019 14:18:39 GMT+0200 (CEST);1569248319000
1380556832687962;19.4;31.6;Mon Sep 23 2019 16:21:31 GMT+0200 (CEST);Mon Sep 23 2019 14:21:31 GMT+0200 (CEST);1569248491000
1380556832687962;19.4;31.4;Mon Sep 23 2019 16:24:35 GMT+0200 (CEST);Mon Sep 23 2019 14:24:35 GMT+0200 (CEST);1569248675000
1380556832687962;19.9;31.8;Mon Sep 23 2019 16:27:18 GMT+0200 (CEST);Mon Sep 23 2019 14:27:18 GMT+0200 (CEST);1569248838000
1380556832687962;19.9;31.2;Mon Sep 23 2019 16:30:23 GMT+0200 (CEST);Mon Sep 23 2019 14:30:23 GMT+0200 (CEST);1569249023000
1380556832687962;19.9;30.8;Mon Sep 23 2019 16:33:16 GMT+0200 (CEST);Mon Sep 23 2019 14:33:16 GMT+0200 (CEST);1569249196000
1380556832687962;19.9;31;Mon Sep 23 2019 16:36:39 GMT+0200 (CEST);Mon Sep 23 2019 14:36:39 GMT+0200 (CEST);1569249399000
1380556832687962;19.9;30;Mon Sep 23 2019 16:39:22 GMT+0200 (CEST);Mon Sep 23 2019 14:39:22 GMT+0200 (CEST);1569249562000
1380556832687962;19.9;29.8;Mon Sep 23 2019 16:42:36 GMT+0200 (CEST);Mon Sep 23 2019 14:42:36 GMT+0200 (CEST);1569249756000
1380556832687962;19.9;31;Mon Sep 23 2019 16:45:33 GMT+0200 (CEST);Mon Sep 23 2019 14:45:33 GMT+0200 (CEST);1569249933000
1380556832687962;19.9;32.5;Mon Sep 23 2019 16:48:22 GMT+0200 (CEST);Mon Sep 23 2019 14:48:22 GMT+0200 (CEST);1569250102000
1380556832687962;21.5;33.8;Mon Sep 23 2019 16:52:38 GMT+0200 (CEST);Mon Sep 23 2019 14:52:38 GMT+0200 (CEST);1569250358000
1380556832687962;22;31.9;Mon Sep 23 2019 17:06:53 GMT+0200 (CEST);Mon Sep 23 2019 15:06:53 GMT+0200 (CEST);1569251213000
1380556832687962;22;30.7;Mon Sep 23 2019 17:15:57 GMT+0200 (CEST);Mon Sep 23 2019 15:15:57 GMT+0200 (CEST);1569251757000
1380556832687962;22;32.7;Mon Sep 23 2019 17:26:41 GMT+0200 (CEST);Mon Sep 23 2019 15:26:41 GMT+0200 (CEST);1569252401000
1380556832687962;22;32.4;Mon Sep 23 2019 17:30:03 GMT+0200 (CEST);Mon Sep 23 2019 15:30:03 GMT+0200 (CEST);1569252603000
1380556832687962;22;32.5;Mon Sep 23 2019 17:31:56 GMT+0200 (CEST);Mon Sep 23 2019 15:31:56 GMT+0200 (CEST);1569252716000
1380556832687962;22;31.9;Mon Sep 23 2019 17:33:50 GMT+0200 (CEST);Mon Sep 23 2019 15:33:50 GMT+0200 (CEST);1569252830000
1380556832687962;22;32;Mon Sep 23 2019 17:35:42 GMT+0200 (CEST);Mon Sep 23 2019 15:35:42 GMT+0200 (CEST);1569252942000
1380556832687962;22;31.7;Mon Sep 23 2019 17:37:36 GMT+0200 (CEST);Mon Sep 23 2019 15:37:36 GMT+0200 (CEST);1569253056000
1380556832687962;22;31.8;Mon Sep 23 2019 17:39:35 GMT+0200 (CEST);Mon Sep 23 2019 15:39:35 GMT+0200 (CEST);1569253175000
1380556832687962;22;31.8;Mon Sep 23 2019 17:41:51 GMT+0200 (CEST);Mon Sep 23 2019 15:41:51 GMT+0200 (CEST);1569253311000
1380556832687962;22;31.3;Mon Sep 23 2019 17:43:47 GMT+0200 (CEST);Mon Sep 23 2019 15:43:47 GMT+0200 (CEST);1569253427000
1380556832687962;22;31.9;Mon Sep 23 2019 17:46:08 GMT+0200 (CEST);Mon Sep 23 2019 15:46:08 GMT+0200 (CEST);1569253568000
1380556832687962;22;30.9;Mon Sep 23 2019 17:48:11 GMT+0200 (CEST);Mon Sep 23 2019 15:48:11 GMT+0200 (CEST);1569253691000
1380556832687962;22;30.5;Mon Sep 23 2019 17:51:26 GMT+0200 (CEST);Mon Sep 23 2019 15:51:26 GMT+0200 (CEST);1569253886000
1380556832687962;21.5;30.8;Mon Sep 23 2019 17:53:20 GMT+0200 (CEST);Mon Sep 23 2019 15:53:20 GMT+0200 (CEST);1569254000000
1380556832687962;21.5;31.1;Mon Sep 23 2019 17:58:10 GMT+0200 (CEST);Mon Sep 23 2019 15:58:10 GMT+0200 (CEST);1569254290000
1380556832687962;21.5;30.8;Mon Sep 23 2019 18:00:47 GMT+0200 (CEST);Mon Sep 23 2019 16:00:47 GMT+0200 (CEST);1569254447000
1380556832687962;21.5;31.7;Mon Sep 23 2019 18:03:35 GMT+0200 (CEST);Mon Sep 23 2019 16:03:35 GMT+0200 (CEST);1569254615000
1380556832687962;21.5;31.6;Mon Sep 23 2019 18:05:32 GMT+0200 (CEST);Mon Sep 23 2019 16:05:32 GMT+0200 (CEST);1569254732000
1380556832687962;21.5;30.4;Mon Sep 23 2019 18:09:16 GMT+0200 (CEST);Mon Sep 23 2019 16:09:16 GMT+0200 (CEST);1569254956000
1380556832687962;21.5;30.5;Mon Sep 23 2019 18:11:23 GMT+0200 (CEST);Mon Sep 23 2019 16:11:23 GMT+0200 (CEST);1569255083000
1380556832687962;21.5;29.4;Mon Sep 23 2019 18:16:37 GMT+0200 (CEST);Mon Sep 23 2019 16:16:37 GMT+0200 (CEST);1569255397000
1380556832687962;21.5;29.5;Mon Sep 23 2019 18:20:04 GMT+0200 (CEST);Mon Sep 23 2019 16:20:04 GMT+0200 (CEST);1569255604000
1380556832687962;21.5;29.3;Mon Sep 23 2019 18:22:13 GMT+0200 (CEST);Mon Sep 23 2019 16:22:13 GMT+0200 (CEST);1569255733000
1380556832687962;19.9;29.1;Mon Sep 23 2019 18:28:12 GMT+0200 (CEST);Mon Sep 23 2019 16:28:12 GMT+0200 (CEST);1569256092000
1380556832687962;19.9;28.5;Mon Sep 23 2019 18:34:15 GMT+0200 (CEST);Mon Sep 23 2019 16:34:15 GMT+0200 (CEST);1569256455000
1380556832687962;19.4;28.4;Mon Sep 23 2019 18:36:13 GMT+0200 (CEST);Mon Sep 23 2019 16:36:13 GMT+0200 (CEST);1569256573000
1380556832687962;19.4;28.9;Mon Sep 23 2019 18:42:19 GMT+0200 (CEST);Mon Sep 23 2019 16:42:19 GMT+0200 (CEST);1569256939000
1380556832687962;19.4;28.8;Mon Sep 23 2019 18:45:35 GMT+0200 (CEST);Mon Sep 23 2019 16:45:35 GMT+0200 (CEST);1569257135000
1380556832687962;19.4;33.3;Mon Sep 23 2019 18:47:57 GMT+0200 (CEST);Mon Sep 23 2019 16:47:57 GMT+0200 (CEST);1569257277000
1380556832687962;19.4;27.4;Mon Sep 23 2019 18:56:00 GMT+0200 (CEST);Mon Sep 23 2019 16:56:00 GMT+0200 (CEST);1569257760000
1380556832687962;19.4;29.9;Mon Sep 23 2019 19:01:55 GMT+0200 (CEST);Mon Sep 23 2019 17:01:55 GMT+0200 (CEST);1569258115000
1380556832687962;19.4;29.5;Mon Sep 23 2019 19:03:55 GMT+0200 (CEST);Mon Sep 23 2019 17:03:55 GMT+0200 (CEST);1569258235000
1380556832687962;19.4;28.9;Mon Sep 23 2019 19:06:32 GMT+0200 (CEST);Mon Sep 23 2019 17:06:32 GMT+0200 (CEST);1569258392000
1380556832687962;-273.2;25.2;Tue Sep 24 2019 07:02:56 GMT+0200 (CEST);Tue Sep 24 2019 05:02:56 GMT+0200 (CEST);1569301376000
1380556832687962;-273.2;25.2;Tue Sep 24 2019 07:04:48 GMT+0200 (CEST);Tue Sep 24 2019 05:04:48 GMT+0200 (CEST);1569301488000
1380556832687962;-273.2;25.2;Tue Sep 24 2019 07:06:41 GMT+0200 (CEST);Tue Sep 24 2019 05:06:41 GMT+0200 (CEST);1569301601000
1380556832687962;-273.2;18.3;Tue Sep 24 2019 07:14:33 GMT+0200 (CEST);Tue Sep 24 2019 05:14:33 GMT+0200 (CEST);1569302073000
1380556832687962;-273.2;18.4;Tue Sep 24 2019 07:16:27 GMT+0200 (CEST);Tue Sep 24 2019 05:16:27 GMT+0200 (CEST);1569302187000
1380556832687962;9.4;29.5;Tue Sep 24 2019 07:18:21 GMT+0200 (CEST);Tue Sep 24 2019 05:18:21 GMT+0200 (CEST);1569302301000
1380556832687962;9.9;29.4;Tue Sep 24 2019 07:20:14 GMT+0200 (CEST);Tue Sep 24 2019 05:20:14 GMT+0200 (CEST);1569302414000
1380556832687962;11.4;29.5;Tue Sep 24 2019 07:22:07 GMT+0200 (CEST);Tue Sep 24 2019 05:22:07 GMT+0200 (CEST);1569302527000
1380556832687962;11.4;29.1;Tue Sep 24 2019 07:24:33 GMT+0200 (CEST);Tue Sep 24 2019 05:24:33 GMT+0200 (CEST);1569302673000
1380556832687962;11.4;29;Tue Sep 24 2019 07:26:25 GMT+0200 (CEST);Tue Sep 24 2019 05:26:25 GMT+0200 (CEST);1569302785000
1380556832687962;11.4;29.5;Tue Sep 24 2019 07:28:18 GMT+0200 (CEST);Tue Sep 24 2019 05:28:18 GMT+0200 (CEST);1569302898000
1380556832687962;11.9;29.7;Tue Sep 24 2019 07:30:11 GMT+0200 (CEST);Tue Sep 24 2019 05:30:11 GMT+0200 (CEST);1569303011000
1380556832687962;11.9;30.4;Tue Sep 24 2019 07:32:06 GMT+0200 (CEST);Tue Sep 24 2019 05:32:06 GMT+0200 (CEST);1569303126000
1380556832687962;11.9;31.2;Tue Sep 24 2019 07:34:04 GMT+0200 (CEST);Tue Sep 24 2019 05:34:04 GMT+0200 (CEST);1569303244000
1380556832687962;13.4;31.5;Tue Sep 24 2019 07:36:03 GMT+0200 (CEST);Tue Sep 24 2019 05:36:03 GMT+0200 (CEST);1569303363000
1380556832687962;13.4;31.7;Tue Sep 24 2019 07:37:57 GMT+0200 (CEST);Tue Sep 24 2019 05:37:57 GMT+0200 (CEST);1569303477000
1380556832687962;13.4;33.5;Tue Sep 24 2019 07:40:01 GMT+0200 (CEST);Tue Sep 24 2019 05:40:01 GMT+0200 (CEST);1569303601000
1380556832687962;13.9;33.4;Tue Sep 24 2019 07:41:53 GMT+0200 (CEST);Tue Sep 24 2019 05:41:53 GMT+0200 (CEST);1569303713000
1380556832687962;13.9;33.8;Tue Sep 24 2019 07:43:46 GMT+0200 (CEST);Tue Sep 24 2019 05:43:46 GMT+0200 (CEST);1569303826000
1380556832687962;13.9;33.5;Tue Sep 24 2019 07:45:38 GMT+0200 (CEST);Tue Sep 24 2019 05:45:38 GMT+0200 (CEST);1569303938000
1380556832687962;13.9;34.2;Tue Sep 24 2019 07:47:36 GMT+0200 (CEST);Tue Sep 24 2019 05:47:36 GMT+0200 (CEST);1569304056000
1380556832687962;15.4;34.7;Tue Sep 24 2019 07:49:29 GMT+0200 (CEST);Tue Sep 24 2019 05:49:29 GMT+0200 (CEST);1569304169000
1380556832687962;15.4;34.8;Tue Sep 24 2019 07:51:22 GMT+0200 (CEST);Tue Sep 24 2019 05:51:22 GMT+0200 (CEST);1569304282000
1380556832687962;15.4;34.9;Tue Sep 24 2019 07:53:15 GMT+0200 (CEST);Tue Sep 24 2019 05:53:15 GMT+0200 (CEST);1569304395000
1380556832687962;15.4;35.2;Tue Sep 24 2019 07:55:32 GMT+0200 (CEST);Tue Sep 24 2019 05:55:32 GMT+0200 (CEST);1569304532000
1380556832687962;15.4;35.2;Tue Sep 24 2019 07:57:25 GMT+0200 (CEST);Tue Sep 24 2019 05:57:25 GMT+0200 (CEST);1569304645000
1380556832687962;15.4;34.9;Tue Sep 24 2019 07:59:18 GMT+0200 (CEST);Tue Sep 24 2019 05:59:18 GMT+0200 (CEST);1569304758000
1380556832687962;15.9;35.1;Tue Sep 24 2019 08:01:11 GMT+0200 (CEST);Tue Sep 24 2019 06:01:11 GMT+0200 (CEST);1569304871000
1380556832687962;15.9;34.9;Tue Sep 24 2019 08:03:05 GMT+0200 (CEST);Tue Sep 24 2019 06:03:05 GMT+0200 (CEST);1569304985000
1380556832687962;15.9;35.2;Tue Sep 24 2019 08:05:03 GMT+0200 (CEST);Tue Sep 24 2019 06:05:03 GMT+0200 (CEST);1569305103000
1380556832687962;15.9;35.2;Tue Sep 24 2019 08:06:56 GMT+0200 (CEST);Tue Sep 24 2019 06:06:56 GMT+0200 (CEST);1569305216000
1380556832687962;15.9;35;Tue Sep 24 2019 08:08:49 GMT+0200 (CEST);Tue Sep 24 2019 06:08:49 GMT+0200 (CEST);1569305329000
1380556832687962;17.4;35.2;Tue Sep 24 2019 08:11:01 GMT+0200 (CEST);Tue Sep 24 2019 06:11:01 GMT+0200 (CEST);1569305461000
1380556832687962;17.4;36.7;Tue Sep 24 2019 08:12:55 GMT+0200 (CEST);Tue Sep 24 2019 06:12:55 GMT+0200 (CEST);1569305575000
1380556832687962;17.4;40.3;Tue Sep 24 2019 08:14:50 GMT+0200 (CEST);Tue Sep 24 2019 06:14:50 GMT+0200 (CEST);1569305690000
1380556832687962;17.9;40.4;Tue Sep 24 2019 08:16:43 GMT+0200 (CEST);Tue Sep 24 2019 06:16:43 GMT+0200 (CEST);1569305803000
1380556832687962;17.9;40.4;Tue Sep 24 2019 08:19:02 GMT+0200 (CEST);Tue Sep 24 2019 06:19:02 GMT+0200 (CEST);1569305942000
1380556832687962;21.5;40.4;Tue Sep 24 2019 08:20:56 GMT+0200 (CEST);Tue Sep 24 2019 06:20:56 GMT+0200 (CEST);1569306056000
1380556832687962;21.5;40.3;Tue Sep 24 2019 08:22:50 GMT+0200 (CEST);Tue Sep 24 2019 06:22:50 GMT+0200 (CEST);1569306170000
1380556832687962;21.5;40.4;Tue Sep 24 2019 08:24:43 GMT+0200 (CEST);Tue Sep 24 2019 06:24:43 GMT+0200 (CEST);1569306283000
1380556832687962;21.5;40.4;Tue Sep 24 2019 08:26:27 GMT+0200 (CEST);Tue Sep 24 2019 06:26:27 GMT+0200 (CEST);1569306387000
1380556832687962;21.5;40.4;Tue Sep 24 2019 08:28:20 GMT+0200 (CEST);Tue Sep 24 2019 06:28:20 GMT+0200 (CEST);1569306500000
1380556832687962;22;40.4;Tue Sep 24 2019 08:30:13 GMT+0200 (CEST);Tue Sep 24 2019 06:30:13 GMT+0200 (CEST);1569306613000
1380556832687962;22;40.4;Tue Sep 24 2019 08:32:06 GMT+0200 (CEST);Tue Sep 24 2019 06:32:06 GMT+0200 (CEST);1569306726000
1380556832687962;23;40.4;Tue Sep 24 2019 08:34:20 GMT+0200 (CEST);Tue Sep 24 2019 06:34:20 GMT+0200 (CEST);1569306860000
1380556832687962;23;40.4;Tue Sep 24 2019 08:36:15 GMT+0200 (CEST);Tue Sep 24 2019 06:36:15 GMT+0200 (CEST);1569306975000
1380556832687962;23;40.4;Tue Sep 24 2019 08:38:09 GMT+0200 (CEST);Tue Sep 24 2019 06:38:09 GMT+0200 (CEST);1569307089000
1380556832687962;25.5;40.4;Tue Sep 24 2019 08:40:02 GMT+0200 (CEST);Tue Sep 24 2019 06:40:02 GMT+0200 (CEST);1569307202000
1380556832687962;25.5;40.4;Tue Sep 24 2019 08:41:56 GMT+0200 (CEST);Tue Sep 24 2019 06:41:56 GMT+0200 (CEST);1569307316000
1380556832687962;25.5;40.3;Tue Sep 24 2019 08:43:48 GMT+0200 (CEST);Tue Sep 24 2019 06:43:48 GMT+0200 (CEST);1569307428000
1380556832687962;25.5;36.5;Tue Sep 24 2019 08:45:41 GMT+0200 (CEST);Tue Sep 24 2019 06:45:41 GMT+0200 (CEST);1569307541000
1380556832687962;25.5;35.7;Tue Sep 24 2019 08:47:34 GMT+0200 (CEST);Tue Sep 24 2019 06:47:34 GMT+0200 (CEST);1569307654000
1380556832687962;23;35.2;Tue Sep 24 2019 08:49:59 GMT+0200 (CEST);Tue Sep 24 2019 06:49:59 GMT+0200 (CEST);1569307799000
1380556832687962;23;34.5;Tue Sep 24 2019 08:51:52 GMT+0200 (CEST);Tue Sep 24 2019 06:51:52 GMT+0200 (CEST);1569307912000
1380556832687962;22;34.6;Tue Sep 24 2019 08:53:57 GMT+0200 (CEST);Tue Sep 24 2019 06:53:57 GMT+0200 (CEST);1569308037000
1380556832687962;22;34.6;Tue Sep 24 2019 08:55:51 GMT+0200 (CEST);Tue Sep 24 2019 06:55:51 GMT+0200 (CEST);1569308151000
1380556832687962;22;34.9;Tue Sep 24 2019 08:58:05 GMT+0200 (CEST);Tue Sep 24 2019 06:58:05 GMT+0200 (CEST);1569308285000
1380556832687962;22;35.1;Tue Sep 24 2019 08:59:58 GMT+0200 (CEST);Tue Sep 24 2019 06:59:58 GMT+0200 (CEST);1569308398000
1380556832687962;22;35.3;Tue Sep 24 2019 09:01:51 GMT+0200 (CEST);Tue Sep 24 2019 07:01:51 GMT+0200 (CEST);1569308511000
1380556832687962;22;34.9;Tue Sep 24 2019 09:03:44 GMT+0200 (CEST);Tue Sep 24 2019 07:03:44 GMT+0200 (CEST);1569308624000
1380556832687962;22;35;Tue Sep 24 2019 09:05:50 GMT+0200 (CEST);Tue Sep 24 2019 07:05:50 GMT+0200 (CEST);1569308750000
1380556832687962;22;35.2;Tue Sep 24 2019 09:07:53 GMT+0200 (CEST);Tue Sep 24 2019 07:07:53 GMT+0200 (CEST);1569308873000
1380556832687962;22;35.2;Tue Sep 24 2019 09:09:46 GMT+0200 (CEST);Tue Sep 24 2019 07:09:46 GMT+0200 (CEST);1569308986000
1380556832687962;22;36;Tue Sep 24 2019 09:11:39 GMT+0200 (CEST);Tue Sep 24 2019 07:11:39 GMT+0200 (CEST);1569309099000
1380556832687962;22;35.5;Tue Sep 24 2019 09:13:32 GMT+0200 (CEST);Tue Sep 24 2019 07:13:32 GMT+0200 (CEST);1569309212000
1380556832687962;22;34.6;Tue Sep 24 2019 09:15:24 GMT+0200 (CEST);Tue Sep 24 2019 07:15:24 GMT+0200 (CEST);1569309324000
1380556832687962;23;35.6;Tue Sep 24 2019 09:17:18 GMT+0200 (CEST);Tue Sep 24 2019 07:17:18 GMT+0200 (CEST);1569309438000
1380556832687962;23;36.1;Tue Sep 24 2019 09:19:17 GMT+0200 (CEST);Tue Sep 24 2019 07:19:17 GMT+0200 (CEST);1569309557000
1380556832687962;23;35.3;Tue Sep 24 2019 09:21:10 GMT+0200 (CEST);Tue Sep 24 2019 07:21:10 GMT+0200 (CEST);1569309670000
1380556832687962;23;36.3;Tue Sep 24 2019 09:23:04 GMT+0200 (CEST);Tue Sep 24 2019 07:23:04 GMT+0200 (CEST);1569309784000
1380556832687962;23;36;Tue Sep 24 2019 09:24:49 GMT+0200 (CEST);Tue Sep 24 2019 07:24:49 GMT+0200 (CEST);1569309889000
1380556832687962;23;36;Tue Sep 24 2019 09:26:44 GMT+0200 (CEST);Tue Sep 24 2019 07:26:44 GMT+0200 (CEST);1569310004000
1380556832687962;23;36;Tue Sep 24 2019 09:28:45 GMT+0200 (CEST);Tue Sep 24 2019 07:28:45 GMT+0200 (CEST);1569310125000
1380556832687962;23;35.6;Tue Sep 24 2019 09:30:38 GMT+0200 (CEST);Tue Sep 24 2019 07:30:38 GMT+0200 (CEST);1569310238000
1380556832687962;26;35.5;Tue Sep 24 2019 09:32:31 GMT+0200 (CEST);Tue Sep 24 2019 07:32:31 GMT+0200 (CEST);1569310351000
1380556832687962;26;35.5;Tue Sep 24 2019 09:34:24 GMT+0200 (CEST);Tue Sep 24 2019 07:34:24 GMT+0200 (CEST);1569310464000
1380556832687962;26;35.5;Tue Sep 24 2019 09:36:30 GMT+0200 (CEST);Tue Sep 24 2019 07:36:30 GMT+0200 (CEST);1569310590000
1380556832687962;26;35.2;Tue Sep 24 2019 09:38:23 GMT+0200 (CEST);Tue Sep 24 2019 07:38:23 GMT+0200 (CEST);1569310703000
1380556832687962;26;35;Tue Sep 24 2019 09:40:16 GMT+0200 (CEST);Tue Sep 24 2019 07:40:16 GMT+0200 (CEST);1569310816000
1380556832687962;28;34.9;Tue Sep 24 2019 09:42:12 GMT+0200 (CEST);Tue Sep 24 2019 07:42:12 GMT+0200 (CEST);1569310932000
1380556832687962;28;34.9;Tue Sep 24 2019 09:44:05 GMT+0200 (CEST);Tue Sep 24 2019 07:44:05 GMT+0200 (CEST);1569311045000
1380556832687962;28;34.6;Tue Sep 24 2019 09:45:57 GMT+0200 (CEST);Tue Sep 24 2019 07:45:57 GMT+0200 (CEST);1569311157000
1380556832687962;29.5;34.6;Tue Sep 24 2019 09:47:50 GMT+0200 (CEST);Tue Sep 24 2019 07:47:50 GMT+0200 (CEST);1569311270000
1380556832687962;29.5;34.2;Tue Sep 24 2019 09:50:14 GMT+0200 (CEST);Tue Sep 24 2019 07:50:14 GMT+0200 (CEST);1569311414000
1380556832687962;31.5;34.2;Tue Sep 24 2019 09:52:07 GMT+0200 (CEST);Tue Sep 24 2019 07:52:07 GMT+0200 (CEST);1569311527000
1380556832687962;31.5;34.2;Tue Sep 24 2019 09:54:01 GMT+0200 (CEST);Tue Sep 24 2019 07:54:01 GMT+0200 (CEST);1569311641000
1380556832687962;31.5;34.2;Tue Sep 24 2019 09:55:55 GMT+0200 (CEST);Tue Sep 24 2019 07:55:55 GMT+0200 (CEST);1569311755000
1380556832687962;31.5;34.2;Tue Sep 24 2019 09:57:48 GMT+0200 (CEST);Tue Sep 24 2019 07:57:48 GMT+0200 (CEST);1569311868000
1380556832687962;31.5;34.2;Tue Sep 24 2019 09:59:41 GMT+0200 (CEST);Tue Sep 24 2019 07:59:41 GMT+0200 (CEST);1569311981000
1380556832687962;31.5;34.2;Tue Sep 24 2019 10:01:35 GMT+0200 (CEST);Tue Sep 24 2019 08:01:35 GMT+0200 (CEST);1569312095000
1380556832687962;31.5;34;Tue Sep 24 2019 10:03:28 GMT+0200 (CEST);Tue Sep 24 2019 08:03:28 GMT+0200 (CEST);1569312208000
1380556832687962;31.5;34;Tue Sep 24 2019 10:05:21 GMT+0200 (CEST);Tue Sep 24 2019 08:05:21 GMT+0200 (CEST);1569312321000
1380556832687962;34;34;Tue Sep 24 2019 10:07:14 GMT+0200 (CEST);Tue Sep 24 2019 08:07:14 GMT+0200 (CEST);1569312434000
1380556832687962;34;33.9;Tue Sep 24 2019 10:09:07 GMT+0200 (CEST);Tue Sep 24 2019 08:09:07 GMT+0200 (CEST);1569312547000
1380556832687962;34;33.9;Tue Sep 24 2019 10:11:44 GMT+0200 (CEST);Tue Sep 24 2019 08:11:44 GMT+0200 (CEST);1569312704000
1380556832687962;34;33.9;Tue Sep 24 2019 10:13:36 GMT+0200 (CEST);Tue Sep 24 2019 08:13:36 GMT+0200 (CEST);1569312816000
1380556832687962;34;33.9;Tue Sep 24 2019 10:15:29 GMT+0200 (CEST);Tue Sep 24 2019 08:15:29 GMT+0200 (CEST);1569312929000
1380556832687962;34;33.7;Tue Sep 24 2019 10:17:23 GMT+0200 (CEST);Tue Sep 24 2019 08:17:23 GMT+0200 (CEST);1569313043000
1380556832687962;35.6;33.8;Tue Sep 24 2019 10:19:32 GMT+0200 (CEST);Tue Sep 24 2019 08:19:32 GMT+0200 (CEST);1569313172000
1380556832687962;35.6;33.8;Tue Sep 24 2019 10:21:25 GMT+0200 (CEST);Tue Sep 24 2019 08:21:25 GMT+0200 (CEST);1569313285000
1380556832687962;35.6;33.8;Tue Sep 24 2019 10:23:21 GMT+0200 (CEST);Tue Sep 24 2019 08:23:21 GMT+0200 (CEST);1569313401000
1380556832687962;36.1;33.8;Tue Sep 24 2019 10:25:18 GMT+0200 (CEST);Tue Sep 24 2019 08:25:18 GMT+0200 (CEST);1569313518000
1380556832687962;36.1;33.6;Tue Sep 24 2019 10:27:16 GMT+0200 (CEST);Tue Sep 24 2019 08:27:16 GMT+0200 (CEST);1569313636000
1380556832687962;36.1;33.6;Tue Sep 24 2019 10:29:08 GMT+0200 (CEST);Tue Sep 24 2019 08:29:08 GMT+0200 (CEST);1569313748000
1380556832687962;37.6;33.6;Tue Sep 24 2019 10:31:02 GMT+0200 (CEST);Tue Sep 24 2019 08:31:02 GMT+0200 (CEST);1569313862000
1380556832687962;37.6;33.5;Tue Sep 24 2019 10:32:55 GMT+0200 (CEST);Tue Sep 24 2019 08:32:55 GMT+0200 (CEST);1569313975000
1380556832687962;37.6;33.5;Tue Sep 24 2019 10:35:11 GMT+0200 (CEST);Tue Sep 24 2019 08:35:11 GMT+0200 (CEST);1569314111000
1380556832687962;37.6;33.6;Tue Sep 24 2019 10:37:03 GMT+0200 (CEST);Tue Sep 24 2019 08:37:03 GMT+0200 (CEST);1569314223000
1380556832687962;37.6;33.5;Tue Sep 24 2019 10:39:20 GMT+0200 (CEST);Tue Sep 24 2019 08:39:20 GMT+0200 (CEST);1569314360000
1380556832687962;37.6;33.5;Tue Sep 24 2019 10:41:39 GMT+0200 (CEST);Tue Sep 24 2019 08:41:39 GMT+0200 (CEST);1569314499000
1380556832687962;37.6;33.3;Tue Sep 24 2019 10:43:36 GMT+0200 (CEST);Tue Sep 24 2019 08:43:36 GMT+0200 (CEST);1569314616000
1380556832687962;37.6;33.6;Tue Sep 24 2019 10:45:29 GMT+0200 (CEST);Tue Sep 24 2019 08:45:29 GMT+0200 (CEST);1569314729000
1380556832687962;37.6;33.6;Tue Sep 24 2019 10:47:22 GMT+0200 (CEST);Tue Sep 24 2019 08:47:22 GMT+0200 (CEST);1569314842000
1380556832687962;38.1;33.3;Tue Sep 24 2019 10:49:41 GMT+0200 (CEST);Tue Sep 24 2019 08:49:41 GMT+0200 (CEST);1569314981000
1380556832687962;38.1;33.2;Tue Sep 24 2019 10:51:34 GMT+0200 (CEST);Tue Sep 24 2019 08:51:34 GMT+0200 (CEST);1569315094000
1380556832687962;38.1;31.5;Tue Sep 24 2019 10:53:28 GMT+0200 (CEST);Tue Sep 24 2019 08:53:28 GMT+0200 (CEST);1569315208000
1380556832687962;38.1;32.9;Tue Sep 24 2019 10:55:22 GMT+0200 (CEST);Tue Sep 24 2019 08:55:22 GMT+0200 (CEST);1569315322000
1380556832687962;38.1;32.5;Tue Sep 24 2019 10:57:17 GMT+0200 (CEST);Tue Sep 24 2019 08:57:17 GMT+0200 (CEST);1569315437000
1380556832687962;38.1;33.4;Tue Sep 24 2019 10:59:09 GMT+0200 (CEST);Tue Sep 24 2019 08:59:09 GMT+0200 (CEST);1569315549000
1380556832687962;37.6;33.4;Tue Sep 24 2019 11:01:04 GMT+0200 (CEST);Tue Sep 24 2019 09:01:04 GMT+0200 (CEST);1569315664000
1380556832687962;37.6;33.2;Tue Sep 24 2019 11:02:59 GMT+0200 (CEST);Tue Sep 24 2019 09:02:59 GMT+0200 (CEST);1569315779000
1380556832687962;36.1;34.2;Tue Sep 24 2019 11:05:14 GMT+0200 (CEST);Tue Sep 24 2019 09:05:14 GMT+0200 (CEST);1569315914000
1380556832687962;36.1;34.3;Tue Sep 24 2019 11:07:37 GMT+0200 (CEST);Tue Sep 24 2019 09:07:37 GMT+0200 (CEST);1569316057000
1380556832687962;35.6;34.3;Tue Sep 24 2019 11:09:30 GMT+0200 (CEST);Tue Sep 24 2019 09:09:30 GMT+0200 (CEST);1569316170000
1380556832687962;35.6;33.1;Tue Sep 24 2019 11:11:22 GMT+0200 (CEST);Tue Sep 24 2019 09:11:22 GMT+0200 (CEST);1569316282000
1380556832687962;36.1;32;Tue Sep 24 2019 11:13:19 GMT+0200 (CEST);Tue Sep 24 2019 09:13:19 GMT+0200 (CEST);1569316399000
1380556832687962;36.1;32.2;Tue Sep 24 2019 11:15:12 GMT+0200 (CEST);Tue Sep 24 2019 09:15:12 GMT+0200 (CEST);1569316512000
1380556832687962;36.1;35.4;Tue Sep 24 2019 11:17:05 GMT+0200 (CEST);Tue Sep 24 2019 09:17:05 GMT+0200 (CEST);1569316625000
1380556832687962;35.6;33.6;Tue Sep 24 2019 11:19:02 GMT+0200 (CEST);Tue Sep 24 2019 09:19:02 GMT+0200 (CEST);1569316742000
1380556832687962;35.6;33.6;Tue Sep 24 2019 11:20:56 GMT+0200 (CEST);Tue Sep 24 2019 09:20:56 GMT+0200 (CEST);1569316856000
1380556832687962;35.6;33.6;Tue Sep 24 2019 11:23:19 GMT+0200 (CEST);Tue Sep 24 2019 09:23:19 GMT+0200 (CEST);1569316999000
1380556832687962;34;33.8;Tue Sep 24 2019 11:25:15 GMT+0200 (CEST);Tue Sep 24 2019 09:25:15 GMT+0200 (CEST);1569317115000
1380556832687962;34;32.7;Tue Sep 24 2019 11:27:08 GMT+0200 (CEST);Tue Sep 24 2019 09:27:08 GMT+0200 (CEST);1569317228000
1380556832687962;34;33.1;Tue Sep 24 2019 11:29:15 GMT+0200 (CEST);Tue Sep 24 2019 09:29:15 GMT+0200 (CEST);1569317355000
1380556832687962;35.6;37.4;Tue Sep 24 2019 11:31:08 GMT+0200 (CEST);Tue Sep 24 2019 09:31:08 GMT+0200 (CEST);1569317468000
1380556832687962;35.6;34;Tue Sep 24 2019 11:33:01 GMT+0200 (CEST);Tue Sep 24 2019 09:33:01 GMT+0200 (CEST);1569317581000
1380556832687962;35.6;32.8;Tue Sep 24 2019 11:34:55 GMT+0200 (CEST);Tue Sep 24 2019 09:34:55 GMT+0200 (CEST);1569317695000
1380556832687962;35.6;32.3;Tue Sep 24 2019 11:36:50 GMT+0200 (CEST);Tue Sep 24 2019 09:36:50 GMT+0200 (CEST);1569317810000
1380556832687962;37.6;32.5;Tue Sep 24 2019 11:38:51 GMT+0200 (CEST);Tue Sep 24 2019 09:38:51 GMT+0200 (CEST);1569317931000
1380556832687962;37.6;32.7;Tue Sep 24 2019 11:40:46 GMT+0200 (CEST);Tue Sep 24 2019 09:40:46 GMT+0200 (CEST);1569318046000
1380556832687962;37.6;35;Tue Sep 24 2019 11:42:42 GMT+0200 (CEST);Tue Sep 24 2019 09:42:42 GMT+0200 (CEST);1569318162000
1380556832687962;37.6;32.3;Tue Sep 24 2019 11:44:38 GMT+0200 (CEST);Tue Sep 24 2019 09:44:38 GMT+0200 (CEST);1569318278000
1380556832687962;37.6;33.7;Tue Sep 24 2019 11:46:31 GMT+0200 (CEST);Tue Sep 24 2019 09:46:31 GMT+0200 (CEST);1569318391000
1380556832687962;37.6;35;Tue Sep 24 2019 11:48:23 GMT+0200 (CEST);Tue Sep 24 2019 09:48:23 GMT+0200 (CEST);1569318503000
1380556832687962;37.6;33.2;Tue Sep 24 2019 11:50:25 GMT+0200 (CEST);Tue Sep 24 2019 09:50:25 GMT+0200 (CEST);1569318625000
1380556832687962;37.6;34.1;Tue Sep 24 2019 11:52:59 GMT+0200 (CEST);Tue Sep 24 2019 09:52:59 GMT+0200 (CEST);1569318779000
1380556832687962;37.6;33.6;Tue Sep 24 2019 11:54:53 GMT+0200 (CEST);Tue Sep 24 2019 09:54:53 GMT+0200 (CEST);1569318893000
1380556832687962;37.6;34.1;Tue Sep 24 2019 11:56:46 GMT+0200 (CEST);Tue Sep 24 2019 09:56:46 GMT+0200 (CEST);1569319006000
1380556832687962;37.6;34.2;Tue Sep 24 2019 11:58:39 GMT+0200 (CEST);Tue Sep 24 2019 09:58:39 GMT+0200 (CEST);1569319119000
1380556832687962;35.6;32.7;Tue Sep 24 2019 12:00:32 GMT+0200 (CEST);Tue Sep 24 2019 10:00:32 GMT+0200 (CEST);1569319232000
1380556832687962;35.6;32.5;Tue Sep 24 2019 12:02:30 GMT+0200 (CEST);Tue Sep 24 2019 10:02:30 GMT+0200 (CEST);1569319350000
1380556832687962;35.6;32.6;Tue Sep 24 2019 12:04:24 GMT+0200 (CEST);Tue Sep 24 2019 10:04:24 GMT+0200 (CEST);1569319464000
1380556832687962;35.6;32.7;Tue Sep 24 2019 12:06:17 GMT+0200 (CEST);Tue Sep 24 2019 10:06:17 GMT+0200 (CEST);1569319577000
1380556832687962;35.6;32.7;Tue Sep 24 2019 12:08:14 GMT+0200 (CEST);Tue Sep 24 2019 10:08:14 GMT+0200 (CEST);1569319694000
1380556832687962;33.5;33;Tue Sep 24 2019 12:10:12 GMT+0200 (CEST);Tue Sep 24 2019 10:10:12 GMT+0200 (CEST);1569319812000
1380556832687962;33.5;33.3;Tue Sep 24 2019 12:12:05 GMT+0200 (CEST);Tue Sep 24 2019 10:12:05 GMT+0200 (CEST);1569319925000
1380556832687962;33.5;34.5;Tue Sep 24 2019 12:13:59 GMT+0200 (CEST);Tue Sep 24 2019 10:13:59 GMT+0200 (CEST);1569320039000
1380556832687962;33.5;35.8;Tue Sep 24 2019 12:15:58 GMT+0200 (CEST);Tue Sep 24 2019 10:15:58 GMT+0200 (CEST);1569320158000
1380556832687962;33.5;33.7;Tue Sep 24 2019 12:17:51 GMT+0200 (CEST);Tue Sep 24 2019 10:17:51 GMT+0200 (CEST);1569320271000
1380556832687962;33.5;33;Tue Sep 24 2019 12:19:51 GMT+0200 (CEST);Tue Sep 24 2019 10:19:51 GMT+0200 (CEST);1569320391000
1380556832687962;33.5;33.4;Tue Sep 24 2019 12:21:46 GMT+0200 (CEST);Tue Sep 24 2019 10:21:46 GMT+0200 (CEST);1569320506000
1380556832687962;33.5;32.3;Tue Sep 24 2019 12:23:46 GMT+0200 (CEST);Tue Sep 24 2019 10:23:46 GMT+0200 (CEST);1569320626000
1380556832687962;33.5;32.7;Tue Sep 24 2019 12:25:44 GMT+0200 (CEST);Tue Sep 24 2019 10:25:44 GMT+0200 (CEST);1569320744000
1380556832687962;33.5;31.8;Tue Sep 24 2019 12:27:38 GMT+0200 (CEST);Tue Sep 24 2019 10:27:38 GMT+0200 (CEST);1569320858000
1380556832687962;33.5;32.4;Tue Sep 24 2019 12:29:34 GMT+0200 (CEST);Tue Sep 24 2019 10:29:34 GMT+0200 (CEST);1569320974000
1380556832687962;33.5;31.9;Tue Sep 24 2019 12:31:31 GMT+0200 (CEST);Tue Sep 24 2019 10:31:31 GMT+0200 (CEST);1569321091000
1380556832687962;33.5;31.6;Tue Sep 24 2019 12:34:03 GMT+0200 (CEST);Tue Sep 24 2019 10:34:03 GMT+0200 (CEST);1569321243000
1380556832687962;33.5;33.1;Tue Sep 24 2019 12:35:56 GMT+0200 (CEST);Tue Sep 24 2019 10:35:56 GMT+0200 (CEST);1569321356000
1380556832687962;33.5;30.9;Tue Sep 24 2019 12:37:51 GMT+0200 (CEST);Tue Sep 24 2019 10:37:51 GMT+0200 (CEST);1569321471000
1380556832687962;39.1;34.8;Tue Sep 24 2019 12:39:46 GMT+0200 (CEST);Tue Sep 24 2019 10:39:46 GMT+0200 (CEST);1569321586000
1380556832687962;39.1;33.9;Tue Sep 24 2019 12:41:39 GMT+0200 (CEST);Tue Sep 24 2019 10:41:39 GMT+0200 (CEST);1569321699000
1380556832687962;39.1;33;Tue Sep 24 2019 12:43:33 GMT+0200 (CEST);Tue Sep 24 2019 10:43:33 GMT+0200 (CEST);1569321813000
1380556832687962;39.1;32.9;Tue Sep 24 2019 12:45:26 GMT+0200 (CEST);Tue Sep 24 2019 10:45:26 GMT+0200 (CEST);1569321926000
1380556832687962;39.1;33.3;Tue Sep 24 2019 12:47:19 GMT+0200 (CEST);Tue Sep 24 2019 10:47:19 GMT+0200 (CEST);1569322039000
1380556832687962;39.1;31.1;Tue Sep 24 2019 12:49:12 GMT+0200 (CEST);Tue Sep 24 2019 10:49:12 GMT+0200 (CEST);1569322152000
1380556832687962;39.1;31.6;Tue Sep 24 2019 12:51:05 GMT+0200 (CEST);Tue Sep 24 2019 10:51:05 GMT+0200 (CEST);1569322265000
1380556832687962;39.1;33.9;Tue Sep 24 2019 12:52:58 GMT+0200 (CEST);Tue Sep 24 2019 10:52:58 GMT+0200 (CEST);1569322378000
1380556832687962;41.6;34.4;Tue Sep 24 2019 12:55:00 GMT+0200 (CEST);Tue Sep 24 2019 10:55:00 GMT+0200 (CEST);1569322500000
1380556832687962;41.6;33.8;Tue Sep 24 2019 12:56:53 GMT+0200 (CEST);Tue Sep 24 2019 10:56:53 GMT+0200 (CEST);1569322613000
1380556832687962;41.6;34.1;Tue Sep 24 2019 12:58:47 GMT+0200 (CEST);Tue Sep 24 2019 10:58:47 GMT+0200 (CEST);1569322727000
1380556832687962;41.6;33.8;Tue Sep 24 2019 13:02:42 GMT+0200 (CEST);Tue Sep 24 2019 11:02:42 GMT+0200 (CEST);1569322962000
1380556832687962;41.6;33.5;Tue Sep 24 2019 13:04:34 GMT+0200 (CEST);Tue Sep 24 2019 11:04:34 GMT+0200 (CEST);1569323074000
1380556832687962;41.6;33.3;Tue Sep 24 2019 13:06:32 GMT+0200 (CEST);Tue Sep 24 2019 11:06:32 GMT+0200 (CEST);1569323192000
1380556832687962;41.6;33.6;Tue Sep 24 2019 13:08:25 GMT+0200 (CEST);Tue Sep 24 2019 11:08:25 GMT+0200 (CEST);1569323305000
1380556832687962;41.6;33.2;Tue Sep 24 2019 13:11:17 GMT+0200 (CEST);Tue Sep 24 2019 11:11:17 GMT+0200 (CEST);1569323477000
1380556832687962;41.6;33.5;Tue Sep 24 2019 13:13:13 GMT+0200 (CEST);Tue Sep 24 2019 11:13:13 GMT+0200 (CEST);1569323593000
1380556832687962;43.6;32.9;Tue Sep 24 2019 13:15:06 GMT+0200 (CEST);Tue Sep 24 2019 11:15:06 GMT+0200 (CEST);1569323706000
1380556832687962;43.6;31.4;Tue Sep 24 2019 13:17:07 GMT+0200 (CEST);Tue Sep 24 2019 11:17:07 GMT+0200 (CEST);1569323827000
1380556832687962;43.6;31.8;Tue Sep 24 2019 13:19:19 GMT+0200 (CEST);Tue Sep 24 2019 11:19:19 GMT+0200 (CEST);1569323959000
1380556832687962;43.6;33.5;Tue Sep 24 2019 13:21:12 GMT+0200 (CEST);Tue Sep 24 2019 11:21:12 GMT+0200 (CEST);1569324072000
1380556832687962;42.1;31.8;Tue Sep 24 2019 13:23:08 GMT+0200 (CEST);Tue Sep 24 2019 11:23:08 GMT+0200 (CEST);1569324188000
1380556832687962;42.1;36.1;Tue Sep 24 2019 13:25:06 GMT+0200 (CEST);Tue Sep 24 2019 11:25:06 GMT+0200 (CEST);1569324306000
1380556832687962;42.1;33.9;Tue Sep 24 2019 13:27:07 GMT+0200 (CEST);Tue Sep 24 2019 11:27:07 GMT+0200 (CEST);1569324427000
1380556832687962;42.1;33.4;Tue Sep 24 2019 13:29:00 GMT+0200 (CEST);Tue Sep 24 2019 11:29:00 GMT+0200 (CEST);1569324540000
1380556832687962;42.1;33.7;Tue Sep 24 2019 13:31:04 GMT+0200 (CEST);Tue Sep 24 2019 11:31:04 GMT+0200 (CEST);1569324664000
1380556832687962;42.1;32.9;Tue Sep 24 2019 13:32:58 GMT+0200 (CEST);Tue Sep 24 2019 11:32:58 GMT+0200 (CEST);1569324778000
1380556832687962;41.6;32.1;Tue Sep 24 2019 13:35:20 GMT+0200 (CEST);Tue Sep 24 2019 11:35:20 GMT+0200 (CEST);1569324920000
1380556832687962;41.6;32.4;Tue Sep 24 2019 13:37:13 GMT+0200 (CEST);Tue Sep 24 2019 11:37:13 GMT+0200 (CEST);1569325033000
1380556832687962;41.6;34;Tue Sep 24 2019 13:39:07 GMT+0200 (CEST);Tue Sep 24 2019 11:39:07 GMT+0200 (CEST);1569325147000
1380556832687962;41.6;33.8;Tue Sep 24 2019 13:41:00 GMT+0200 (CEST);Tue Sep 24 2019 11:41:00 GMT+0200 (CEST);1569325260000
1380556832687962;39.1;33.6;Tue Sep 24 2019 13:42:55 GMT+0200 (CEST);Tue Sep 24 2019 11:42:55 GMT+0200 (CEST);1569325375000
1380556832687962;39.1;33.4;Tue Sep 24 2019 13:44:48 GMT+0200 (CEST);Tue Sep 24 2019 11:44:48 GMT+0200 (CEST);1569325488000
1380556832687962;39.1;32.9;Tue Sep 24 2019 13:46:46 GMT+0200 (CEST);Tue Sep 24 2019 11:46:46 GMT+0200 (CEST);1569325606000
1380556832687962;39.1;33;Tue Sep 24 2019 13:48:41 GMT+0200 (CEST);Tue Sep 24 2019 11:48:41 GMT+0200 (CEST);1569325721000
1380556832687962;39.1;32.5;Tue Sep 24 2019 13:50:44 GMT+0200 (CEST);Tue Sep 24 2019 11:50:44 GMT+0200 (CEST);1569325844000
1380556832687962;40.1;32.8;Tue Sep 24 2019 13:53:09 GMT+0200 (CEST);Tue Sep 24 2019 11:53:09 GMT+0200 (CEST);1569325989000
1380556832687962;40.1;32.5;Tue Sep 24 2019 13:57:45 GMT+0200 (CEST);Tue Sep 24 2019 11:57:45 GMT+0200 (CEST);1569326265000
1380556832687962;40.1;33.3;Tue Sep 24 2019 14:00:42 GMT+0200 (CEST);Tue Sep 24 2019 12:00:42 GMT+0200 (CEST);1569326442000
1380556832687962;39.1;32.3;Tue Sep 24 2019 14:05:55 GMT+0200 (CEST);Tue Sep 24 2019 12:05:55 GMT+0200 (CEST);1569326755000
1380556832687962;39.1;32.1;Tue Sep 24 2019 14:09:09 GMT+0200 (CEST);Tue Sep 24 2019 12:09:09 GMT+0200 (CEST);1569326949000
1380556832687962;39.1;32.9;Tue Sep 24 2019 14:11:43 GMT+0200 (CEST);Tue Sep 24 2019 12:11:43 GMT+0200 (CEST);1569327103000
1380556832687962;39.1;32.6;Tue Sep 24 2019 14:13:50 GMT+0200 (CEST);Tue Sep 24 2019 12:13:50 GMT+0200 (CEST);1569327230000
1380556832687962;38.1;33;Tue Sep 24 2019 14:16:23 GMT+0200 (CEST);Tue Sep 24 2019 12:16:23 GMT+0200 (CEST);1569327383000
1380556832687962;38.1;33;Tue Sep 24 2019 14:18:29 GMT+0200 (CEST);Tue Sep 24 2019 12:18:29 GMT+0200 (CEST);1569327509000
1380556832687962;37.6;33.1;Tue Sep 24 2019 14:22:23 GMT+0200 (CEST);Tue Sep 24 2019 12:22:23 GMT+0200 (CEST);1569327743000
1380556832687962;37.6;33.3;Tue Sep 24 2019 14:24:32 GMT+0200 (CEST);Tue Sep 24 2019 12:24:32 GMT+0200 (CEST);1569327872000
1380556832687962;37.1;33.1;Tue Sep 24 2019 14:27:14 GMT+0200 (CEST);Tue Sep 24 2019 12:27:14 GMT+0200 (CEST);1569328034000
1380556832687962;37.1;33;Tue Sep 24 2019 14:29:09 GMT+0200 (CEST);Tue Sep 24 2019 12:29:09 GMT+0200 (CEST);1569328149000
1380556832687962;37.6;32.9;Tue Sep 24 2019 14:31:08 GMT+0200 (CEST);Tue Sep 24 2019 12:31:08 GMT+0200 (CEST);1569328268000
1380556832687962;37.6;33;Tue Sep 24 2019 14:32:58 GMT+0200 (CEST);Tue Sep 24 2019 12:32:58 GMT+0200 (CEST);1569328378000
1380556832687962;37.6;32.9;Tue Sep 24 2019 14:34:53 GMT+0200 (CEST);Tue Sep 24 2019 12:34:53 GMT+0200 (CEST);1569328493000
1380556832687962;37.6;32.9;Tue Sep 24 2019 14:37:46 GMT+0200 (CEST);Tue Sep 24 2019 12:37:46 GMT+0200 (CEST);1569328666000
1380556832687962;37.6;33.2;Tue Sep 24 2019 14:39:48 GMT+0200 (CEST);Tue Sep 24 2019 12:39:48 GMT+0200 (CEST);1569328788000
1380556832687962;37.6;33.1;Tue Sep 24 2019 14:41:43 GMT+0200 (CEST);Tue Sep 24 2019 12:41:43 GMT+0200 (CEST);1569328903000
1380556832687962;37.6;33.1;Tue Sep 24 2019 14:43:54 GMT+0200 (CEST);Tue Sep 24 2019 12:43:54 GMT+0200 (CEST);1569329034000
1380556832687962;37.6;33.1;Tue Sep 24 2019 14:46:10 GMT+0200 (CEST);Tue Sep 24 2019 12:46:10 GMT+0200 (CEST);1569329170000
1380556832687962;37.6;32.7;Tue Sep 24 2019 14:48:07 GMT+0200 (CEST);Tue Sep 24 2019 12:48:07 GMT+0200 (CEST);1569329287000
1380556832687962;37.6;32.6;Tue Sep 24 2019 14:51:11 GMT+0200 (CEST);Tue Sep 24 2019 12:51:11 GMT+0200 (CEST);1569329471000
1380556832687962;37.6;32.6;Tue Sep 24 2019 14:53:29 GMT+0200 (CEST);Tue Sep 24 2019 12:53:29 GMT+0200 (CEST);1569329609000
1380556832687962;35.6;33.1;Tue Sep 24 2019 14:55:30 GMT+0200 (CEST);Tue Sep 24 2019 12:55:30 GMT+0200 (CEST);1569329730000
1380556832687962;35.6;33.1;Tue Sep 24 2019 14:57:32 GMT+0200 (CEST);Tue Sep 24 2019 12:57:32 GMT+0200 (CEST);1569329852000
1380556832687962;35.6;34;Tue Sep 24 2019 14:59:41 GMT+0200 (CEST);Tue Sep 24 2019 12:59:41 GMT+0200 (CEST);1569329981000
1380556832687962;35.6;33.3;Tue Sep 24 2019 15:01:55 GMT+0200 (CEST);Tue Sep 24 2019 13:01:55 GMT+0200 (CEST);1569330115000
1380556832687962;33.5;33.3;Tue Sep 24 2019 15:03:54 GMT+0200 (CEST);Tue Sep 24 2019 13:03:54 GMT+0200 (CEST);1569330234000
1380556832687962;33.5;33.6;Tue Sep 24 2019 15:05:54 GMT+0200 (CEST);Tue Sep 24 2019 13:05:54 GMT+0200 (CEST);1569330354000
1380556832687962;33.5;33.4;Tue Sep 24 2019 15:08:08 GMT+0200 (CEST);Tue Sep 24 2019 13:08:08 GMT+0200 (CEST);1569330488000
1380556832687962;33.5;33;Tue Sep 24 2019 15:11:00 GMT+0200 (CEST);Tue Sep 24 2019 13:11:00 GMT+0200 (CEST);1569330660000
1380556832687962;33.5;33.2;Tue Sep 24 2019 15:13:15 GMT+0200 (CEST);Tue Sep 24 2019 13:13:15 GMT+0200 (CEST);1569330795000
1380556832687962;33.5;33.4;Tue Sep 24 2019 15:15:27 GMT+0200 (CEST);Tue Sep 24 2019 13:15:27 GMT+0200 (CEST);1569330927000
1380556832687962;33.5;33.4;Tue Sep 24 2019 15:17:27 GMT+0200 (CEST);Tue Sep 24 2019 13:17:27 GMT+0200 (CEST);1569331047000
1380556832687962;30;33.4;Tue Sep 24 2019 15:19:45 GMT+0200 (CEST);Tue Sep 24 2019 13:19:45 GMT+0200 (CEST);1569331185000
1380556832687962;30;33.5;Tue Sep 24 2019 15:21:53 GMT+0200 (CEST);Tue Sep 24 2019 13:21:53 GMT+0200 (CEST);1569331313000
1380556832687962;30;33.5;Tue Sep 24 2019 15:23:44 GMT+0200 (CEST);Tue Sep 24 2019 13:23:44 GMT+0200 (CEST);1569331424000
1380556832687962;30;33.4;Tue Sep 24 2019 15:25:47 GMT+0200 (CEST);Tue Sep 24 2019 13:25:47 GMT+0200 (CEST);1569331547000
1380556832687962;30;33.3;Tue Sep 24 2019 15:28:22 GMT+0200 (CEST);Tue Sep 24 2019 13:28:22 GMT+0200 (CEST);1569331702000
1380556832687962;30;33.3;Tue Sep 24 2019 15:30:26 GMT+0200 (CEST);Tue Sep 24 2019 13:30:26 GMT+0200 (CEST);1569331826000
1380556832687962;30;33.3;Tue Sep 24 2019 15:32:28 GMT+0200 (CEST);Tue Sep 24 2019 13:32:28 GMT+0200 (CEST);1569331948000
1380556832687962;30;33.1;Tue Sep 24 2019 15:34:46 GMT+0200 (CEST);Tue Sep 24 2019 13:34:46 GMT+0200 (CEST);1569332086000
1380556832687962;30;33.1;Tue Sep 24 2019 15:36:45 GMT+0200 (CEST);Tue Sep 24 2019 13:36:45 GMT+0200 (CEST);1569332205000
1380556832687962;29.5;33.1;Tue Sep 24 2019 15:39:04 GMT+0200 (CEST);Tue Sep 24 2019 13:39:04 GMT+0200 (CEST);1569332344000
1380556832687962;29.5;33;Tue Sep 24 2019 15:41:39 GMT+0200 (CEST);Tue Sep 24 2019 13:41:39 GMT+0200 (CEST);1569332499000
1380556832687962;29.5;32.9;Tue Sep 24 2019 15:43:36 GMT+0200 (CEST);Tue Sep 24 2019 13:43:36 GMT+0200 (CEST);1569332616000
1380556832687962;29.5;32.9;Tue Sep 24 2019 15:45:33 GMT+0200 (CEST);Tue Sep 24 2019 13:45:33 GMT+0200 (CEST);1569332733000
1380556832687962;29.5;32.9;Tue Sep 24 2019 15:47:30 GMT+0200 (CEST);Tue Sep 24 2019 13:47:30 GMT+0200 (CEST);1569332850000
1380556832687962;29.5;32.9;Tue Sep 24 2019 15:49:23 GMT+0200 (CEST);Tue Sep 24 2019 13:49:23 GMT+0200 (CEST);1569332963000
1380556832687962;29.5;33;Tue Sep 24 2019 15:51:20 GMT+0200 (CEST);Tue Sep 24 2019 13:51:20 GMT+0200 (CEST);1569333080000
1380556832687962;28;33;Tue Sep 24 2019 15:53:13 GMT+0200 (CEST);Tue Sep 24 2019 13:53:13 GMT+0200 (CEST);1569333193000
1380556832687962;28;32.9;Tue Sep 24 2019 15:55:12 GMT+0200 (CEST);Tue Sep 24 2019 13:55:12 GMT+0200 (CEST);1569333312000
1380556832687962;28;32.9;Tue Sep 24 2019 15:57:09 GMT+0200 (CEST);Tue Sep 24 2019 13:57:09 GMT+0200 (CEST);1569333429000
1380556832687962;28;32.9;Tue Sep 24 2019 15:59:02 GMT+0200 (CEST);Tue Sep 24 2019 13:59:02 GMT+0200 (CEST);1569333542000
1380556832687962;28;33;Tue Sep 24 2019 16:00:55 GMT+0200 (CEST);Tue Sep 24 2019 14:00:55 GMT+0200 (CEST);1569333655000
1380556832687962;27.5;33;Tue Sep 24 2019 16:02:52 GMT+0200 (CEST);Tue Sep 24 2019 14:02:52 GMT+0200 (CEST);1569333772000
1380556832687962;27.5;32.7;Tue Sep 24 2019 16:04:45 GMT+0200 (CEST);Tue Sep 24 2019 14:04:45 GMT+0200 (CEST);1569333885000
1380556832687962;27.5;32.7;Tue Sep 24 2019 16:06:38 GMT+0200 (CEST);Tue Sep 24 2019 14:06:38 GMT+0200 (CEST);1569333998000
1380556832687962;27.5;32.7;Tue Sep 24 2019 16:08:35 GMT+0200 (CEST);Tue Sep 24 2019 14:08:35 GMT+0200 (CEST);1569334115000
1380556832687962;27.5;32.2;Tue Sep 24 2019 16:10:34 GMT+0200 (CEST);Tue Sep 24 2019 14:10:34 GMT+0200 (CEST);1569334234000
1380556832687962;27.5;32.3;Tue Sep 24 2019 16:12:28 GMT+0200 (CEST);Tue Sep 24 2019 14:12:28 GMT+0200 (CEST);1569334348000
1380556832687962;27.5;32;Tue Sep 24 2019 16:14:26 GMT+0200 (CEST);Tue Sep 24 2019 14:14:26 GMT+0200 (CEST);1569334466000
1380556832687962;27.5;32;Tue Sep 24 2019 16:16:19 GMT+0200 (CEST);Tue Sep 24 2019 14:16:19 GMT+0200 (CEST);1569334579000
1380556832687962;26;32;Tue Sep 24 2019 16:18:28 GMT+0200 (CEST);Tue Sep 24 2019 14:18:28 GMT+0200 (CEST);1569334708000
1380556832687962;26;32;Tue Sep 24 2019 16:20:24 GMT+0200 (CEST);Tue Sep 24 2019 14:20:24 GMT+0200 (CEST);1569334824000
1380556832687962;25.5;32;Tue Sep 24 2019 16:22:16 GMT+0200 (CEST);Tue Sep 24 2019 14:22:16 GMT+0200 (CEST);1569334936000
1380556832687962;25.5;32.1;Tue Sep 24 2019 16:24:09 GMT+0200 (CEST);Tue Sep 24 2019 14:24:09 GMT+0200 (CEST);1569335049000
1380556832687962;25.5;32.3;Tue Sep 24 2019 16:25:58 GMT+0200 (CEST);Tue Sep 24 2019 14:25:58 GMT+0200 (CEST);1569335158000
1380556832687962;25.5;32.5;Tue Sep 24 2019 16:27:50 GMT+0200 (CEST);Tue Sep 24 2019 14:27:50 GMT+0200 (CEST);1569335270000
1380556832687962;25.5;32.7;Tue Sep 24 2019 16:29:44 GMT+0200 (CEST);Tue Sep 24 2019 14:29:44 GMT+0200 (CEST);1569335384000
1380556832687962;25.5;32.9;Tue Sep 24 2019 16:31:38 GMT+0200 (CEST);Tue Sep 24 2019 14:31:38 GMT+0200 (CEST);1569335498000
1380556832687962;25.5;33;Tue Sep 24 2019 16:33:36 GMT+0200 (CEST);Tue Sep 24 2019 14:33:36 GMT+0200 (CEST);1569335616000
1380556832687962;25.5;33.5;Tue Sep 24 2019 16:35:33 GMT+0200 (CEST);Tue Sep 24 2019 14:35:33 GMT+0200 (CEST);1569335733000
1380556832687962;25.5;33.3;Tue Sep 24 2019 16:37:25 GMT+0200 (CEST);Tue Sep 24 2019 14:37:25 GMT+0200 (CEST);1569335845000
1380556832687962;25.5;33.3;Tue Sep 24 2019 16:39:20 GMT+0200 (CEST);Tue Sep 24 2019 14:39:20 GMT+0200 (CEST);1569335960000
1380556832687962;26;33.3;Tue Sep 24 2019 16:41:15 GMT+0200 (CEST);Tue Sep 24 2019 14:41:15 GMT+0200 (CEST);1569336075000
1380556832687962;26;33;Tue Sep 24 2019 16:43:22 GMT+0200 (CEST);Tue Sep 24 2019 14:43:22 GMT+0200 (CEST);1569336202000
1380556832687962;26;32.9;Tue Sep 24 2019 16:45:18 GMT+0200 (CEST);Tue Sep 24 2019 14:45:18 GMT+0200 (CEST);1569336318000
1380556832687962;26;32.9;Tue Sep 24 2019 16:47:14 GMT+0200 (CEST);Tue Sep 24 2019 14:47:14 GMT+0200 (CEST);1569336434000
1380556832687962;26;32.9;Tue Sep 24 2019 16:49:47 GMT+0200 (CEST);Tue Sep 24 2019 14:49:47 GMT+0200 (CEST);1569336587000
1380556832687962;26;33;Tue Sep 24 2019 16:51:53 GMT+0200 (CEST);Tue Sep 24 2019 14:51:53 GMT+0200 (CEST);1569336713000
1380556832687962;26;32.9;Tue Sep 24 2019 16:53:46 GMT+0200 (CEST);Tue Sep 24 2019 14:53:46 GMT+0200 (CEST);1569336826000
1380556832687962;26;32.8;Tue Sep 24 2019 16:55:39 GMT+0200 (CEST);Tue Sep 24 2019 14:55:39 GMT+0200 (CEST);1569336939000
1380556832687962;26;32.7;Tue Sep 24 2019 16:57:59 GMT+0200 (CEST);Tue Sep 24 2019 14:57:59 GMT+0200 (CEST);1569337079000
1380556832687962;26;32.6;Tue Sep 24 2019 16:59:52 GMT+0200 (CEST);Tue Sep 24 2019 14:59:52 GMT+0200 (CEST);1569337192000
1380556832687962;26;32.3;Tue Sep 24 2019 17:01:55 GMT+0200 (CEST);Tue Sep 24 2019 15:01:55 GMT+0200 (CEST);1569337315000
1380556832687962;26;32.3;Tue Sep 24 2019 17:04:37 GMT+0200 (CEST);Tue Sep 24 2019 15:04:37 GMT+0200 (CEST);1569337477000
1380556832687962;25.5;32.2;Tue Sep 24 2019 17:07:04 GMT+0200 (CEST);Tue Sep 24 2019 15:07:04 GMT+0200 (CEST);1569337624000
1380556832687962;25.5;32.1;Tue Sep 24 2019 17:08:59 GMT+0200 (CEST);Tue Sep 24 2019 15:08:59 GMT+0200 (CEST);1569337739000
1380556832687962;25.5;32.1;Tue Sep 24 2019 17:10:53 GMT+0200 (CEST);Tue Sep 24 2019 15:10:53 GMT+0200 (CEST);1569337853000
1380556832687962;25.5;32.1;Tue Sep 24 2019 17:13:02 GMT+0200 (CEST);Tue Sep 24 2019 15:13:02 GMT+0200 (CEST);1569337982000
1380556832687962;25.5;31.9;Tue Sep 24 2019 17:14:55 GMT+0200 (CEST);Tue Sep 24 2019 15:14:55 GMT+0200 (CEST);1569338095000
1380556832687962;25.5;31.7;Tue Sep 24 2019 17:16:48 GMT+0200 (CEST);Tue Sep 24 2019 15:16:48 GMT+0200 (CEST);1569338208000
1380556832687962;25.5;31.8;Tue Sep 24 2019 17:18:53 GMT+0200 (CEST);Tue Sep 24 2019 15:18:53 GMT+0200 (CEST);1569338333000
1380556832687962;25.5;31.8;Tue Sep 24 2019 17:21:42 GMT+0200 (CEST);Tue Sep 24 2019 15:21:42 GMT+0200 (CEST);1569338502000
1380556832687962;25.5;31.7;Tue Sep 24 2019 17:23:56 GMT+0200 (CEST);Tue Sep 24 2019 15:23:56 GMT+0200 (CEST);1569338636000
1380556832687962;25.5;31.7;Tue Sep 24 2019 17:25:53 GMT+0200 (CEST);Tue Sep 24 2019 15:25:53 GMT+0200 (CEST);1569338753000
1380556832687962;25.5;31.7;Tue Sep 24 2019 17:27:53 GMT+0200 (CEST);Tue Sep 24 2019 15:27:53 GMT+0200 (CEST);1569338873000
1380556832687962;23;31.7;Tue Sep 24 2019 17:29:46 GMT+0200 (CEST);Tue Sep 24 2019 15:29:46 GMT+0200 (CEST);1569338986000
1380556832687962;23;31.7;Tue Sep 24 2019 17:31:39 GMT+0200 (CEST);Tue Sep 24 2019 15:31:39 GMT+0200 (CEST);1569339099000
1380556832687962;23;31.6;Tue Sep 24 2019 17:33:32 GMT+0200 (CEST);Tue Sep 24 2019 15:33:32 GMT+0200 (CEST);1569339212000
1380556832687962;23;31.6;Tue Sep 24 2019 17:35:42 GMT+0200 (CEST);Tue Sep 24 2019 15:35:42 GMT+0200 (CEST);1569339342000
1380556832687962;23;31.7;Tue Sep 24 2019 17:38:11 GMT+0200 (CEST);Tue Sep 24 2019 15:38:11 GMT+0200 (CEST);1569339491000
1380556832687962;23;31.4;Tue Sep 24 2019 17:40:12 GMT+0200 (CEST);Tue Sep 24 2019 15:40:12 GMT+0200 (CEST);1569339612000
1380556832687962;23;31.4;Tue Sep 24 2019 17:42:05 GMT+0200 (CEST);Tue Sep 24 2019 15:42:05 GMT+0200 (CEST);1569339725000
1380556832687962;23;31.3;Tue Sep 24 2019 17:43:57 GMT+0200 (CEST);Tue Sep 24 2019 15:43:57 GMT+0200 (CEST);1569339837000
1380556832687962;23;31.2;Tue Sep 24 2019 17:46:00 GMT+0200 (CEST);Tue Sep 24 2019 15:46:00 GMT+0200 (CEST);1569339960000
1380556832687962;23;31.2;Tue Sep 24 2019 17:47:56 GMT+0200 (CEST);Tue Sep 24 2019 15:47:56 GMT+0200 (CEST);1569340076000
1380556832687962;23;31.2;Tue Sep 24 2019 17:49:48 GMT+0200 (CEST);Tue Sep 24 2019 15:49:48 GMT+0200 (CEST);1569340188000
1380556832687962;23;31.1;Tue Sep 24 2019 17:51:43 GMT+0200 (CEST);Tue Sep 24 2019 15:51:43 GMT+0200 (CEST);1569340303000
1380556832687962;23;31;Tue Sep 24 2019 17:53:46 GMT+0200 (CEST);Tue Sep 24 2019 15:53:46 GMT+0200 (CEST);1569340426000
1380556832687962;23;31.2;Tue Sep 24 2019 17:55:39 GMT+0200 (CEST);Tue Sep 24 2019 15:55:39 GMT+0200 (CEST);1569340539000
1380556832687962;23;31.3;Tue Sep 24 2019 17:57:32 GMT+0200 (CEST);Tue Sep 24 2019 15:57:32 GMT+0200 (CEST);1569340652000
1380556832687962;23;31.3;Tue Sep 24 2019 17:59:24 GMT+0200 (CEST);Tue Sep 24 2019 15:59:24 GMT+0200 (CEST);1569340764000
1380556832687962;23;31.1;Tue Sep 24 2019 18:01:24 GMT+0200 (CEST);Tue Sep 24 2019 16:01:24 GMT+0200 (CEST);1569340884000
1380556832687962;23;31.2;Tue Sep 24 2019 18:03:18 GMT+0200 (CEST);Tue Sep 24 2019 16:03:18 GMT+0200 (CEST);1569340998000
1380556832687962;22;31.4;Tue Sep 24 2019 18:05:11 GMT+0200 (CEST);Tue Sep 24 2019 16:05:11 GMT+0200 (CEST);1569341111000
1380556832687962;22;31.4;Tue Sep 24 2019 18:07:15 GMT+0200 (CEST);Tue Sep 24 2019 16:07:15 GMT+0200 (CEST);1569341235000
1380556832687962;22;31.4;Tue Sep 24 2019 18:09:19 GMT+0200 (CEST);Tue Sep 24 2019 16:09:19 GMT+0200 (CEST);1569341359000
1380556832687962;22;31.1;Tue Sep 24 2019 18:11:27 GMT+0200 (CEST);Tue Sep 24 2019 16:11:27 GMT+0200 (CEST);1569341487000
1380556832687962;22;30.9;Tue Sep 24 2019 18:13:28 GMT+0200 (CEST);Tue Sep 24 2019 16:13:28 GMT+0200 (CEST);1569341608000
1380556832687962;22;30.8;Tue Sep 24 2019 18:15:25 GMT+0200 (CEST);Tue Sep 24 2019 16:15:25 GMT+0200 (CEST);1569341725000
1380556832687962;22;30.8;Tue Sep 24 2019 18:17:18 GMT+0200 (CEST);Tue Sep 24 2019 16:17:18 GMT+0200 (CEST);1569341838000
1380556832687962;22;31;Tue Sep 24 2019 18:19:12 GMT+0200 (CEST);Tue Sep 24 2019 16:19:12 GMT+0200 (CEST);1569341952000
1380556832687962;22;31;Tue Sep 24 2019 18:21:18 GMT+0200 (CEST);Tue Sep 24 2019 16:21:18 GMT+0200 (CEST);1569342078000
1380556832687962;22;30.8;Tue Sep 24 2019 18:23:30 GMT+0200 (CEST);Tue Sep 24 2019 16:23:30 GMT+0200 (CEST);1569342210000
1380556832687962;22;30.8;Tue Sep 24 2019 18:25:29 GMT+0200 (CEST);Tue Sep 24 2019 16:25:29 GMT+0200 (CEST);1569342329000
1380556832687962;22;30.8;Tue Sep 24 2019 18:27:38 GMT+0200 (CEST);Tue Sep 24 2019 16:27:38 GMT+0200 (CEST);1569342458000
1380556832687962;22;30.7;Tue Sep 24 2019 18:29:32 GMT+0200 (CEST);Tue Sep 24 2019 16:29:32 GMT+0200 (CEST);1569342572000
1380556832687962;22;30.7;Tue Sep 24 2019 18:31:36 GMT+0200 (CEST);Tue Sep 24 2019 16:31:36 GMT+0200 (CEST);1569342696000
1380556832687962;21.5;30.7;Tue Sep 24 2019 18:33:29 GMT+0200 (CEST);Tue Sep 24 2019 16:33:29 GMT+0200 (CEST);1569342809000
1380556832687962;21.5;30.3;Tue Sep 24 2019 18:35:27 GMT+0200 (CEST);Tue Sep 24 2019 16:35:27 GMT+0200 (CEST);1569342927000
1380556832687962;21.5;28.6;Tue Sep 24 2019 18:37:21 GMT+0200 (CEST);Tue Sep 24 2019 16:37:21 GMT+0200 (CEST);1569343041000
1380556832687962;21.5;28.9;Tue Sep 24 2019 18:39:35 GMT+0200 (CEST);Tue Sep 24 2019 16:39:35 GMT+0200 (CEST);1569343175000
1380556832687962;21.5;28.9;Tue Sep 24 2019 18:41:45 GMT+0200 (CEST);Tue Sep 24 2019 16:41:45 GMT+0200 (CEST);1569343305000
1380556832687962;21.5;28.7;Tue Sep 24 2019 18:43:42 GMT+0200 (CEST);Tue Sep 24 2019 16:43:42 GMT+0200 (CEST);1569343422000
1380556832687962;21.5;28.2;Tue Sep 24 2019 18:45:56 GMT+0200 (CEST);Tue Sep 24 2019 16:45:56 GMT+0200 (CEST);1569343556000
1380556832687962;19.9;27.8;Tue Sep 24 2019 18:47:48 GMT+0200 (CEST);Tue Sep 24 2019 16:47:48 GMT+0200 (CEST);1569343668000
1380556832687962;19.9;26.9;Tue Sep 24 2019 18:49:50 GMT+0200 (CEST);Tue Sep 24 2019 16:49:50 GMT+0200 (CEST);1569343790000
1380556832687962;19.9;27.4;Tue Sep 24 2019 18:52:01 GMT+0200 (CEST);Tue Sep 24 2019 16:52:01 GMT+0200 (CEST);1569343921000
1380556832687962;19.4;27.8;Tue Sep 24 2019 18:54:02 GMT+0200 (CEST);Tue Sep 24 2019 16:54:02 GMT+0200 (CEST);1569344042000
1380556832687962;19.4;31.8;Tue Sep 24 2019 18:56:00 GMT+0200 (CEST);Tue Sep 24 2019 16:56:00 GMT+0200 (CEST);1569344160000
1380556832687962;21.5;31.4;Tue Sep 24 2019 18:57:53 GMT+0200 (CEST);Tue Sep 24 2019 16:57:53 GMT+0200 (CEST);1569344273000
1380556832687962;21.5;30.3;Tue Sep 24 2019 18:59:45 GMT+0200 (CEST);Tue Sep 24 2019 16:59:45 GMT+0200 (CEST);1569344385000
1380556832687962;21.5;29.2;Tue Sep 24 2019 19:01:55 GMT+0200 (CEST);Tue Sep 24 2019 17:01:55 GMT+0200 (CEST);1569344515000
1380556832687962;21.5;29.2;Tue Sep 24 2019 19:04:01 GMT+0200 (CEST);Tue Sep 24 2019 17:04:01 GMT+0200 (CEST);1569344641000
1380556832687962;21.5;29.2;Tue Sep 24 2019 19:05:58 GMT+0200 (CEST);Tue Sep 24 2019 17:05:58 GMT+0200 (CEST);1569344758000
1380556832687962;-273.2;24.5;Wed Sep 25 2019 07:13:18 GMT+0200 (CEST);Wed Sep 25 2019 05:13:18 GMT+0200 (CEST);1569388398000
1380556832687962;-273.2;24.5;Wed Sep 25 2019 07:15:11 GMT+0200 (CEST);Wed Sep 25 2019 05:15:11 GMT+0200 (CEST);1569388511000
1380556832687962;-273.2;24.5;Wed Sep 25 2019 07:17:16 GMT+0200 (CEST);Wed Sep 25 2019 05:17:16 GMT+0200 (CEST);1569388636000
1380556832687962;13.4;33.6;Wed Sep 25 2019 07:21:06 GMT+0200 (CEST);Wed Sep 25 2019 05:21:06 GMT+0200 (CEST);1569388866000
1380556832687962;13.9;27.3;Wed Sep 25 2019 07:22:58 GMT+0200 (CEST);Wed Sep 25 2019 05:22:58 GMT+0200 (CEST);1569388978000
1380556832687962;13.9;26.9;Wed Sep 25 2019 07:25:03 GMT+0200 (CEST);Wed Sep 25 2019 05:25:03 GMT+0200 (CEST);1569389103000
1380556832687962;13.9;27.3;Wed Sep 25 2019 07:26:58 GMT+0200 (CEST);Wed Sep 25 2019 05:26:58 GMT+0200 (CEST);1569389218000
1380556832687962;15.4;27.5;Wed Sep 25 2019 07:28:50 GMT+0200 (CEST);Wed Sep 25 2019 05:28:50 GMT+0200 (CEST);1569389330000
1380556832687962;15.4;27.4;Wed Sep 25 2019 07:30:52 GMT+0200 (CEST);Wed Sep 25 2019 05:30:52 GMT+0200 (CEST);1569389452000
1380556832687962;15.4;27.4;Wed Sep 25 2019 07:32:45 GMT+0200 (CEST);Wed Sep 25 2019 05:32:45 GMT+0200 (CEST);1569389565000
1380556832687962;15.4;27.2;Wed Sep 25 2019 07:34:37 GMT+0200 (CEST);Wed Sep 25 2019 05:34:37 GMT+0200 (CEST);1569389677000
1380556832687962;15.4;27.4;Wed Sep 25 2019 07:36:31 GMT+0200 (CEST);Wed Sep 25 2019 05:36:31 GMT+0200 (CEST);1569389791000
1380556832687962;15.9;32;Wed Sep 25 2019 07:38:28 GMT+0200 (CEST);Wed Sep 25 2019 05:38:28 GMT+0200 (CEST);1569389908000
1380556832687962;17.4;31.7;Wed Sep 25 2019 07:40:54 GMT+0200 (CEST);Wed Sep 25 2019 05:40:54 GMT+0200 (CEST);1569390054000
1380556832687962;17.4;31.7;Wed Sep 25 2019 07:42:47 GMT+0200 (CEST);Wed Sep 25 2019 05:42:47 GMT+0200 (CEST);1569390167000
1380556832687962;17.4;31.9;Wed Sep 25 2019 07:44:44 GMT+0200 (CEST);Wed Sep 25 2019 05:44:44 GMT+0200 (CEST);1569390284000
1380556832687962;17.4;31.7;Wed Sep 25 2019 07:46:37 GMT+0200 (CEST);Wed Sep 25 2019 05:46:37 GMT+0200 (CEST);1569390397000
1380556832687962;17.4;31.3;Wed Sep 25 2019 07:48:32 GMT+0200 (CEST);Wed Sep 25 2019 05:48:32 GMT+0200 (CEST);1569390512000
1380556832687962;17.9;31.7;Wed Sep 25 2019 07:50:28 GMT+0200 (CEST);Wed Sep 25 2019 05:50:28 GMT+0200 (CEST);1569390628000
1380556832687962;17.9;31.9;Wed Sep 25 2019 07:52:28 GMT+0200 (CEST);Wed Sep 25 2019 05:52:28 GMT+0200 (CEST);1569390748000
1380556832687962;17.9;31.9;Wed Sep 25 2019 07:54:25 GMT+0200 (CEST);Wed Sep 25 2019 05:54:25 GMT+0200 (CEST);1569390865000
1380556832687962;17.9;31.7;Wed Sep 25 2019 07:56:23 GMT+0200 (CEST);Wed Sep 25 2019 05:56:23 GMT+0200 (CEST);1569390983000
1380556832687962;19.4;32.2;Wed Sep 25 2019 07:58:17 GMT+0200 (CEST);Wed Sep 25 2019 05:58:17 GMT+0200 (CEST);1569391097000
1380556832687962;19.4;32.2;Wed Sep 25 2019 08:00:13 GMT+0200 (CEST);Wed Sep 25 2019 06:00:13 GMT+0200 (CEST);1569391213000
1380556832687962;19.4;32.2;Wed Sep 25 2019 08:02:14 GMT+0200 (CEST);Wed Sep 25 2019 06:02:14 GMT+0200 (CEST);1569391334000
1380556832687962;19.4;32.6;Wed Sep 25 2019 08:04:07 GMT+0200 (CEST);Wed Sep 25 2019 06:04:07 GMT+0200 (CEST);1569391447000
1380556832687962;19.4;32.5;Wed Sep 25 2019 08:06:04 GMT+0200 (CEST);Wed Sep 25 2019 06:06:04 GMT+0200 (CEST);1569391564000
1380556832687962;19.4;32.6;Wed Sep 25 2019 08:08:09 GMT+0200 (CEST);Wed Sep 25 2019 06:08:09 GMT+0200 (CEST);1569391689000
1380556832687962;19.4;32.6;Wed Sep 25 2019 08:10:07 GMT+0200 (CEST);Wed Sep 25 2019 06:10:07 GMT+0200 (CEST);1569391807000
1380556832687962;19.4;32.6;Wed Sep 25 2019 08:12:02 GMT+0200 (CEST);Wed Sep 25 2019 06:12:02 GMT+0200 (CEST);1569391922000
1380556832687962;19.4;33.3;Wed Sep 25 2019 08:13:55 GMT+0200 (CEST);Wed Sep 25 2019 06:13:55 GMT+0200 (CEST);1569392035000
1380556832687962;19.4;33.4;Wed Sep 25 2019 08:15:48 GMT+0200 (CEST);Wed Sep 25 2019 06:15:48 GMT+0200 (CEST);1569392148000
1380556832687962;19.9;34.2;Wed Sep 25 2019 08:17:41 GMT+0200 (CEST);Wed Sep 25 2019 06:17:41 GMT+0200 (CEST);1569392261000
1380556832687962;19.9;34.7;Wed Sep 25 2019 08:19:34 GMT+0200 (CEST);Wed Sep 25 2019 06:19:34 GMT+0200 (CEST);1569392374000
1380556832687962;19.9;36.1;Wed Sep 25 2019 08:21:27 GMT+0200 (CEST);Wed Sep 25 2019 06:21:27 GMT+0200 (CEST);1569392487000
1380556832687962;19.9;36.2;Wed Sep 25 2019 08:23:39 GMT+0200 (CEST);Wed Sep 25 2019 06:23:39 GMT+0200 (CEST);1569392619000
1380556832687962;22;35.3;Wed Sep 25 2019 08:25:34 GMT+0200 (CEST);Wed Sep 25 2019 06:25:34 GMT+0200 (CEST);1569392734000
1380556832687962;22;35.2;Wed Sep 25 2019 08:27:27 GMT+0200 (CEST);Wed Sep 25 2019 06:27:27 GMT+0200 (CEST);1569392847000
1380556832687962;22;35.5;Wed Sep 25 2019 08:29:20 GMT+0200 (CEST);Wed Sep 25 2019 06:29:20 GMT+0200 (CEST);1569392960000
1380556832687962;22;38;Wed Sep 25 2019 08:31:13 GMT+0200 (CEST);Wed Sep 25 2019 06:31:13 GMT+0200 (CEST);1569393073000
1380556832687962;22;39.8;Wed Sep 25 2019 08:33:05 GMT+0200 (CEST);Wed Sep 25 2019 06:33:05 GMT+0200 (CEST);1569393185000
1380556832687962;23;39.7;Wed Sep 25 2019 08:35:00 GMT+0200 (CEST);Wed Sep 25 2019 06:35:00 GMT+0200 (CEST);1569393300000
1380556832687962;23;39.8;Wed Sep 25 2019 08:36:53 GMT+0200 (CEST);Wed Sep 25 2019 06:36:53 GMT+0200 (CEST);1569393413000
1380556832687962;23;38.5;Wed Sep 25 2019 08:38:58 GMT+0200 (CEST);Wed Sep 25 2019 06:38:58 GMT+0200 (CEST);1569393538000
1380556832687962;25.5;39.7;Wed Sep 25 2019 08:40:52 GMT+0200 (CEST);Wed Sep 25 2019 06:40:52 GMT+0200 (CEST);1569393652000
1380556832687962;25.5;38.9;Wed Sep 25 2019 08:42:46 GMT+0200 (CEST);Wed Sep 25 2019 06:42:46 GMT+0200 (CEST);1569393766000
1380556832687962;25.5;37.4;Wed Sep 25 2019 08:44:39 GMT+0200 (CEST);Wed Sep 25 2019 06:44:39 GMT+0200 (CEST);1569393879000
1380556832687962;25.5;34.4;Wed Sep 25 2019 08:46:32 GMT+0200 (CEST);Wed Sep 25 2019 06:46:32 GMT+0200 (CEST);1569393992000
1380556832687962;25.5;33.6;Wed Sep 25 2019 08:48:25 GMT+0200 (CEST);Wed Sep 25 2019 06:48:25 GMT+0200 (CEST);1569394105000
1380556832687962;25.5;33.5;Wed Sep 25 2019 08:50:18 GMT+0200 (CEST);Wed Sep 25 2019 06:50:18 GMT+0200 (CEST);1569394218000
1380556832687962;25.5;33.5;Wed Sep 25 2019 08:52:11 GMT+0200 (CEST);Wed Sep 25 2019 06:52:11 GMT+0200 (CEST);1569394331000
1380556832687962;25.5;32.7;Wed Sep 25 2019 08:54:08 GMT+0200 (CEST);Wed Sep 25 2019 06:54:08 GMT+0200 (CEST);1569394448000
1380556832687962;23;32.1;Wed Sep 25 2019 08:56:01 GMT+0200 (CEST);Wed Sep 25 2019 06:56:01 GMT+0200 (CEST);1569394561000
1380556832687962;23;32.5;Wed Sep 25 2019 08:57:55 GMT+0200 (CEST);Wed Sep 25 2019 06:57:55 GMT+0200 (CEST);1569394675000
1380556832687962;23;32.6;Wed Sep 25 2019 08:59:50 GMT+0200 (CEST);Wed Sep 25 2019 06:59:50 GMT+0200 (CEST);1569394790000
1380556832687962;23;32.6;Wed Sep 25 2019 09:01:46 GMT+0200 (CEST);Wed Sep 25 2019 07:01:46 GMT+0200 (CEST);1569394906000
1380556832687962;23;33.1;Wed Sep 25 2019 09:03:47 GMT+0200 (CEST);Wed Sep 25 2019 07:03:47 GMT+0200 (CEST);1569395027000
1380556832687962;23;32.5;Wed Sep 25 2019 09:05:41 GMT+0200 (CEST);Wed Sep 25 2019 07:05:41 GMT+0200 (CEST);1569395141000
1380556832687962;23;32;Wed Sep 25 2019 09:07:48 GMT+0200 (CEST);Wed Sep 25 2019 07:07:48 GMT+0200 (CEST);1569395268000
1380556832687962;23;32.1;Wed Sep 25 2019 09:09:44 GMT+0200 (CEST);Wed Sep 25 2019 07:09:44 GMT+0200 (CEST);1569395384000
1380556832687962;23;31.8;Wed Sep 25 2019 09:11:38 GMT+0200 (CEST);Wed Sep 25 2019 07:11:38 GMT+0200 (CEST);1569395498000
1380556832687962;23;32.3;Wed Sep 25 2019 09:13:33 GMT+0200 (CEST);Wed Sep 25 2019 07:13:33 GMT+0200 (CEST);1569395613000
1380556832687962;23;32;Wed Sep 25 2019 09:15:29 GMT+0200 (CEST);Wed Sep 25 2019 07:15:29 GMT+0200 (CEST);1569395729000
1380556832687962;23;32;Wed Sep 25 2019 09:17:22 GMT+0200 (CEST);Wed Sep 25 2019 07:17:22 GMT+0200 (CEST);1569395842000
1380556832687962;22;33.3;Wed Sep 25 2019 09:19:16 GMT+0200 (CEST);Wed Sep 25 2019 07:19:16 GMT+0200 (CEST);1569395956000
1380556832687962;22;33.3;Wed Sep 25 2019 09:21:14 GMT+0200 (CEST);Wed Sep 25 2019 07:21:14 GMT+0200 (CEST);1569396074000
1380556832687962;22;34.3;Wed Sep 25 2019 09:23:13 GMT+0200 (CEST);Wed Sep 25 2019 07:23:13 GMT+0200 (CEST);1569396193000
1380556832687962;22;34.2;Wed Sep 25 2019 09:25:27 GMT+0200 (CEST);Wed Sep 25 2019 07:25:27 GMT+0200 (CEST);1569396327000
1380556832687962;22;34.3;Wed Sep 25 2019 09:27:20 GMT+0200 (CEST);Wed Sep 25 2019 07:27:20 GMT+0200 (CEST);1569396440000
1380556832687962;23;34.3;Wed Sep 25 2019 09:29:28 GMT+0200 (CEST);Wed Sep 25 2019 07:29:28 GMT+0200 (CEST);1569396568000
1380556832687962;23;34.9;Wed Sep 25 2019 09:31:21 GMT+0200 (CEST);Wed Sep 25 2019 07:31:21 GMT+0200 (CEST);1569396681000
1380556832687962;23;34.7;Wed Sep 25 2019 09:33:13 GMT+0200 (CEST);Wed Sep 25 2019 07:33:13 GMT+0200 (CEST);1569396793000
1380556832687962;23;34.8;Wed Sep 25 2019 09:35:06 GMT+0200 (CEST);Wed Sep 25 2019 07:35:06 GMT+0200 (CEST);1569396906000
1380556832687962;23;35.1;Wed Sep 25 2019 09:37:00 GMT+0200 (CEST);Wed Sep 25 2019 07:37:00 GMT+0200 (CEST);1569397020000
1380556832687962;23;35.5;Wed Sep 25 2019 09:38:58 GMT+0200 (CEST);Wed Sep 25 2019 07:38:58 GMT+0200 (CEST);1569397138000
1380556832687962;23;35.4;Wed Sep 25 2019 09:40:55 GMT+0200 (CEST);Wed Sep 25 2019 07:40:55 GMT+0200 (CEST);1569397255000
1380556832687962;23;35.2;Wed Sep 25 2019 09:42:49 GMT+0200 (CEST);Wed Sep 25 2019 07:42:49 GMT+0200 (CEST);1569397369000
1380556832687962;23;34.6;Wed Sep 25 2019 09:44:42 GMT+0200 (CEST);Wed Sep 25 2019 07:44:42 GMT+0200 (CEST);1569397482000
1380556832687962;25.5;34.8;Wed Sep 25 2019 09:46:34 GMT+0200 (CEST);Wed Sep 25 2019 07:46:34 GMT+0200 (CEST);1569397594000
1380556832687962;25.5;35;Wed Sep 25 2019 09:48:31 GMT+0200 (CEST);Wed Sep 25 2019 07:48:31 GMT+0200 (CEST);1569397711000
1380556832687962;25.5;34.2;Wed Sep 25 2019 09:50:24 GMT+0200 (CEST);Wed Sep 25 2019 07:50:24 GMT+0200 (CEST);1569397824000
1380556832687962;25.5;34.6;Wed Sep 25 2019 09:52:16 GMT+0200 (CEST);Wed Sep 25 2019 07:52:16 GMT+0200 (CEST);1569397936000
1380556832687962;25.5;34.1;Wed Sep 25 2019 09:54:10 GMT+0200 (CEST);Wed Sep 25 2019 07:54:10 GMT+0200 (CEST);1569398050000
1380556832687962;25.5;33.9;Wed Sep 25 2019 09:56:12 GMT+0200 (CEST);Wed Sep 25 2019 07:56:12 GMT+0200 (CEST);1569398172000
1380556832687962;25.5;33.7;Wed Sep 25 2019 09:58:19 GMT+0200 (CEST);Wed Sep 25 2019 07:58:19 GMT+0200 (CEST);1569398299000
1380556832687962;25.5;33.6;Wed Sep 25 2019 10:00:12 GMT+0200 (CEST);Wed Sep 25 2019 08:00:12 GMT+0200 (CEST);1569398412000
1380556832687962;25.5;33.4;Wed Sep 25 2019 10:02:04 GMT+0200 (CEST);Wed Sep 25 2019 08:02:04 GMT+0200 (CEST);1569398524000
1380556832687962;25.5;33.6;Wed Sep 25 2019 10:03:57 GMT+0200 (CEST);Wed Sep 25 2019 08:03:57 GMT+0200 (CEST);1569398637000
1380556832687962;25.5;33.6;Wed Sep 25 2019 10:06:06 GMT+0200 (CEST);Wed Sep 25 2019 08:06:06 GMT+0200 (CEST);1569398766000
1380556832687962;25.5;33.6;Wed Sep 25 2019 10:07:59 GMT+0200 (CEST);Wed Sep 25 2019 08:07:59 GMT+0200 (CEST);1569398879000
1380556832687962;25.5;34.3;Wed Sep 25 2019 10:09:52 GMT+0200 (CEST);Wed Sep 25 2019 08:09:52 GMT+0200 (CEST);1569398992000
1380556832687962;25.5;33.8;Wed Sep 25 2019 10:11:50 GMT+0200 (CEST);Wed Sep 25 2019 08:11:50 GMT+0200 (CEST);1569399110000
1380556832687962;25.5;33.8;Wed Sep 25 2019 10:13:44 GMT+0200 (CEST);Wed Sep 25 2019 08:13:44 GMT+0200 (CEST);1569399224000
1380556832687962;25.5;32.8;Wed Sep 25 2019 10:15:38 GMT+0200 (CEST);Wed Sep 25 2019 08:15:38 GMT+0200 (CEST);1569399338000
1380556832687962;25.5;32.8;Wed Sep 25 2019 10:17:30 GMT+0200 (CEST);Wed Sep 25 2019 08:17:30 GMT+0200 (CEST);1569399450000
1380556832687962;25.5;33.7;Wed Sep 25 2019 10:19:42 GMT+0200 (CEST);Wed Sep 25 2019 08:19:42 GMT+0200 (CEST);1569399582000
1380556832687962;23;33.9;Wed Sep 25 2019 10:21:35 GMT+0200 (CEST);Wed Sep 25 2019 08:21:35 GMT+0200 (CEST);1569399695000
1380556832687962;23;33.8;Wed Sep 25 2019 10:23:27 GMT+0200 (CEST);Wed Sep 25 2019 08:23:27 GMT+0200 (CEST);1569399807000
1380556832687962;23;33.5;Wed Sep 25 2019 10:25:20 GMT+0200 (CEST);Wed Sep 25 2019 08:25:20 GMT+0200 (CEST);1569399920000
1380556832687962;23;33.5;Wed Sep 25 2019 10:27:29 GMT+0200 (CEST);Wed Sep 25 2019 08:27:29 GMT+0200 (CEST);1569400049000
1380556832687962;23;34.5;Wed Sep 25 2019 10:29:22 GMT+0200 (CEST);Wed Sep 25 2019 08:29:22 GMT+0200 (CEST);1569400162000
1380556832687962;23;34.4;Wed Sep 25 2019 10:31:15 GMT+0200 (CEST);Wed Sep 25 2019 08:31:15 GMT+0200 (CEST);1569400275000
1380556832687962;23;33.6;Wed Sep 25 2019 10:33:08 GMT+0200 (CEST);Wed Sep 25 2019 08:33:08 GMT+0200 (CEST);1569400388000
1380556832687962;23;34.2;Wed Sep 25 2019 10:35:22 GMT+0200 (CEST);Wed Sep 25 2019 08:35:22 GMT+0200 (CEST);1569400522000
1380556832687962;23;34.6;Wed Sep 25 2019 10:37:14 GMT+0200 (CEST);Wed Sep 25 2019 08:37:14 GMT+0200 (CEST);1569400634000
1380556832687962;23;34.4;Wed Sep 25 2019 10:39:10 GMT+0200 (CEST);Wed Sep 25 2019 08:39:10 GMT+0200 (CEST);1569400750000
1380556832687962;25.5;34.4;Wed Sep 25 2019 10:41:03 GMT+0200 (CEST);Wed Sep 25 2019 08:41:03 GMT+0200 (CEST);1569400863000
1380556832687962;25.5;35.4;Wed Sep 25 2019 10:43:31 GMT+0200 (CEST);Wed Sep 25 2019 08:43:31 GMT+0200 (CEST);1569401011000
1380556832687962;27.5;34.1;Wed Sep 25 2019 10:45:26 GMT+0200 (CEST);Wed Sep 25 2019 08:45:26 GMT+0200 (CEST);1569401126000
1380556832687962;27.5;34.3;Wed Sep 25 2019 10:47:19 GMT+0200 (CEST);Wed Sep 25 2019 08:47:19 GMT+0200 (CEST);1569401239000
1380556832687962;27.5;33.7;Wed Sep 25 2019 10:49:19 GMT+0200 (CEST);Wed Sep 25 2019 08:49:19 GMT+0200 (CEST);1569401359000
1380556832687962;27.5;33.9;Wed Sep 25 2019 10:51:29 GMT+0200 (CEST);Wed Sep 25 2019 08:51:29 GMT+0200 (CEST);1569401489000
1380556832687962;27.5;33.8;Wed Sep 25 2019 10:53:22 GMT+0200 (CEST);Wed Sep 25 2019 08:53:22 GMT+0200 (CEST);1569401602000
1380556832687962;27.5;34;Wed Sep 25 2019 10:55:14 GMT+0200 (CEST);Wed Sep 25 2019 08:55:14 GMT+0200 (CEST);1569401714000
1380556832687962;27.5;35.4;Wed Sep 25 2019 10:57:09 GMT+0200 (CEST);Wed Sep 25 2019 08:57:09 GMT+0200 (CEST);1569401829000
1380556832687962;27.5;34.7;Wed Sep 25 2019 10:59:10 GMT+0200 (CEST);Wed Sep 25 2019 08:59:10 GMT+0200 (CEST);1569401950000
1380556832687962;27.5;34.7;Wed Sep 25 2019 11:01:03 GMT+0200 (CEST);Wed Sep 25 2019 09:01:03 GMT+0200 (CEST);1569402063000
1380556832687962;27.5;33.3;Wed Sep 25 2019 11:02:56 GMT+0200 (CEST);Wed Sep 25 2019 09:02:56 GMT+0200 (CEST);1569402176000
1380556832687962;27.5;33.7;Wed Sep 25 2019 11:04:50 GMT+0200 (CEST);Wed Sep 25 2019 09:04:50 GMT+0200 (CEST);1569402290000
1380556832687962;27.5;33.7;Wed Sep 25 2019 11:07:06 GMT+0200 (CEST);Wed Sep 25 2019 09:07:06 GMT+0200 (CEST);1569402426000
1380556832687962;27.5;34.1;Wed Sep 25 2019 11:08:59 GMT+0200 (CEST);Wed Sep 25 2019 09:08:59 GMT+0200 (CEST);1569402539000
1380556832687962;29.5;34.1;Wed Sep 25 2019 11:11:02 GMT+0200 (CEST);Wed Sep 25 2019 09:11:02 GMT+0200 (CEST);1569402662000
1380556832687962;29.5;34.3;Wed Sep 25 2019 11:13:09 GMT+0200 (CEST);Wed Sep 25 2019 09:13:09 GMT+0200 (CEST);1569402789000
1380556832687962;28;34.3;Wed Sep 25 2019 11:15:01 GMT+0200 (CEST);Wed Sep 25 2019 09:15:01 GMT+0200 (CEST);1569402901000
1380556832687962;28;34.5;Wed Sep 25 2019 11:16:55 GMT+0200 (CEST);Wed Sep 25 2019 09:16:55 GMT+0200 (CEST);1569403015000
1380556832687962;28;34.4;Wed Sep 25 2019 11:18:48 GMT+0200 (CEST);Wed Sep 25 2019 09:18:48 GMT+0200 (CEST);1569403128000
1380556832687962;28;34.4;Wed Sep 25 2019 11:20:41 GMT+0200 (CEST);Wed Sep 25 2019 09:20:41 GMT+0200 (CEST);1569403241000
1380556832687962;28;34.4;Wed Sep 25 2019 11:22:40 GMT+0200 (CEST);Wed Sep 25 2019 09:22:40 GMT+0200 (CEST);1569403360000
1380556832687962;28;34.1;Wed Sep 25 2019 11:24:39 GMT+0200 (CEST);Wed Sep 25 2019 09:24:39 GMT+0200 (CEST);1569403479000
1380556832687962;28;34.1;Wed Sep 25 2019 11:26:33 GMT+0200 (CEST);Wed Sep 25 2019 09:26:33 GMT+0200 (CEST);1569403593000
1380556832687962;28;34.2;Wed Sep 25 2019 11:28:16 GMT+0200 (CEST);Wed Sep 25 2019 09:28:16 GMT+0200 (CEST);1569403696000
1380556832687962;28;33.7;Wed Sep 25 2019 11:30:10 GMT+0200 (CEST);Wed Sep 25 2019 09:30:10 GMT+0200 (CEST);1569403810000
1380556832687962;28;33.6;Wed Sep 25 2019 11:32:10 GMT+0200 (CEST);Wed Sep 25 2019 09:32:10 GMT+0200 (CEST);1569403930000
1380556832687962;27.5;33.4;Wed Sep 25 2019 11:34:06 GMT+0200 (CEST);Wed Sep 25 2019 09:34:06 GMT+0200 (CEST);1569404046000
1380556832687962;27.5;33.6;Wed Sep 25 2019 11:35:59 GMT+0200 (CEST);Wed Sep 25 2019 09:35:59 GMT+0200 (CEST);1569404159000
1380556832687962;27.5;33.8;Wed Sep 25 2019 11:37:51 GMT+0200 (CEST);Wed Sep 25 2019 09:37:51 GMT+0200 (CEST);1569404271000
1380556832687962;27.5;34;Wed Sep 25 2019 11:40:06 GMT+0200 (CEST);Wed Sep 25 2019 09:40:06 GMT+0200 (CEST);1569404406000
1380556832687962;27.5;34.5;Wed Sep 25 2019 11:41:59 GMT+0200 (CEST);Wed Sep 25 2019 09:41:59 GMT+0200 (CEST);1569404519000
1380556832687962;27.5;34.4;Wed Sep 25 2019 11:43:51 GMT+0200 (CEST);Wed Sep 25 2019 09:43:51 GMT+0200 (CEST);1569404631000
1380556832687962;27.5;34.4;Wed Sep 25 2019 11:45:50 GMT+0200 (CEST);Wed Sep 25 2019 09:45:50 GMT+0200 (CEST);1569404750000
1380556832687962;27.5;34.4;Wed Sep 25 2019 11:47:43 GMT+0200 (CEST);Wed Sep 25 2019 09:47:43 GMT+0200 (CEST);1569404863000
1380556832687962;27.5;34.7;Wed Sep 25 2019 11:49:49 GMT+0200 (CEST);Wed Sep 25 2019 09:49:49 GMT+0200 (CEST);1569404989000
1380556832687962;27.5;34.5;Wed Sep 25 2019 11:51:41 GMT+0200 (CEST);Wed Sep 25 2019 09:51:41 GMT+0200 (CEST);1569405101000
1380556832687962;27.5;34.5;Wed Sep 25 2019 11:53:43 GMT+0200 (CEST);Wed Sep 25 2019 09:53:43 GMT+0200 (CEST);1569405223000
1380556832687962;27.5;34.5;Wed Sep 25 2019 11:55:35 GMT+0200 (CEST);Wed Sep 25 2019 09:55:35 GMT+0200 (CEST);1569405335000
1380556832687962;27.5;34.5;Wed Sep 25 2019 11:57:29 GMT+0200 (CEST);Wed Sep 25 2019 09:57:29 GMT+0200 (CEST);1569405449000
1380556832687962;27.5;34.4;Wed Sep 25 2019 11:59:27 GMT+0200 (CEST);Wed Sep 25 2019 09:59:27 GMT+0200 (CEST);1569405567000
1380556832687962;27.5;34.5;Wed Sep 25 2019 12:01:19 GMT+0200 (CEST);Wed Sep 25 2019 10:01:19 GMT+0200 (CEST);1569405679000
1380556832687962;27.5;34.5;Wed Sep 25 2019 12:03:14 GMT+0200 (CEST);Wed Sep 25 2019 10:03:14 GMT+0200 (CEST);1569405794000
1380556832687962;27.5;34.4;Wed Sep 25 2019 12:05:20 GMT+0200 (CEST);Wed Sep 25 2019 10:05:20 GMT+0200 (CEST);1569405920000
1380556832687962;27.5;34.5;Wed Sep 25 2019 12:07:12 GMT+0200 (CEST);Wed Sep 25 2019 10:07:12 GMT+0200 (CEST);1569406032000
1380556832687962;27.5;34.4;Wed Sep 25 2019 12:09:17 GMT+0200 (CEST);Wed Sep 25 2019 10:09:17 GMT+0200 (CEST);1569406157000
1380556832687962;27.5;34.2;Wed Sep 25 2019 12:11:11 GMT+0200 (CEST);Wed Sep 25 2019 10:11:11 GMT+0200 (CEST);1569406271000
1380556832687962;27.5;34;Wed Sep 25 2019 12:13:05 GMT+0200 (CEST);Wed Sep 25 2019 10:13:05 GMT+0200 (CEST);1569406385000
1380556832687962;27.5;34.2;Wed Sep 25 2019 12:15:10 GMT+0200 (CEST);Wed Sep 25 2019 10:15:10 GMT+0200 (CEST);1569406510000
1380556832687962;28;34.6;Wed Sep 25 2019 12:17:04 GMT+0200 (CEST);Wed Sep 25 2019 10:17:04 GMT+0200 (CEST);1569406624000
1380556832687962;28;34.6;Wed Sep 25 2019 12:18:58 GMT+0200 (CEST);Wed Sep 25 2019 10:18:58 GMT+0200 (CEST);1569406738000
1380556832687962;28;34.5;Wed Sep 25 2019 12:20:55 GMT+0200 (CEST);Wed Sep 25 2019 10:20:55 GMT+0200 (CEST);1569406855000
1380556832687962;29.5;34.6;Wed Sep 25 2019 12:22:51 GMT+0200 (CEST);Wed Sep 25 2019 10:22:51 GMT+0200 (CEST);1569406971000
1380556832687962;29.5;34.8;Wed Sep 25 2019 12:24:52 GMT+0200 (CEST);Wed Sep 25 2019 10:24:52 GMT+0200 (CEST);1569407092000
1380556832687962;30;34.8;Wed Sep 25 2019 12:26:45 GMT+0200 (CEST);Wed Sep 25 2019 10:26:45 GMT+0200 (CEST);1569407205000
1380556832687962;30;34.6;Wed Sep 25 2019 12:28:41 GMT+0200 (CEST);Wed Sep 25 2019 10:28:41 GMT+0200 (CEST);1569407321000
1380556832687962;30;34.6;Wed Sep 25 2019 12:30:33 GMT+0200 (CEST);Wed Sep 25 2019 10:30:33 GMT+0200 (CEST);1569407433000
1380556832687962;30;32.6;Wed Sep 25 2019 12:32:29 GMT+0200 (CEST);Wed Sep 25 2019 10:32:29 GMT+0200 (CEST);1569407549000
1380556832687962;30;32.8;Wed Sep 25 2019 12:34:22 GMT+0200 (CEST);Wed Sep 25 2019 10:34:22 GMT+0200 (CEST);1569407662000
1380556832687962;30;33.3;Wed Sep 25 2019 12:36:15 GMT+0200 (CEST);Wed Sep 25 2019 10:36:15 GMT+0200 (CEST);1569407775000
1380556832687962;32;35.1;Wed Sep 25 2019 12:38:09 GMT+0200 (CEST);Wed Sep 25 2019 10:38:09 GMT+0200 (CEST);1569407889000
1380556832687962;32;35.1;Wed Sep 25 2019 12:40:01 GMT+0200 (CEST);Wed Sep 25 2019 10:40:01 GMT+0200 (CEST);1569408001000
1380556832687962;33.5;34;Wed Sep 25 2019 12:42:00 GMT+0200 (CEST);Wed Sep 25 2019 10:42:00 GMT+0200 (CEST);1569408120000
1380556832687962;33.5;32.9;Wed Sep 25 2019 12:43:59 GMT+0200 (CEST);Wed Sep 25 2019 10:43:59 GMT+0200 (CEST);1569408239000
1380556832687962;33.5;33.3;Wed Sep 25 2019 12:45:52 GMT+0200 (CEST);Wed Sep 25 2019 10:45:52 GMT+0200 (CEST);1569408352000
1380556832687962;33.5;31.8;Wed Sep 25 2019 12:47:46 GMT+0200 (CEST);Wed Sep 25 2019 10:47:46 GMT+0200 (CEST);1569408466000
1380556832687962;33.5;32.7;Wed Sep 25 2019 12:49:40 GMT+0200 (CEST);Wed Sep 25 2019 10:49:40 GMT+0200 (CEST);1569408580000
1380556832687962;36.1;34.7;Wed Sep 25 2019 12:52:23 GMT+0200 (CEST);Wed Sep 25 2019 10:52:23 GMT+0200 (CEST);1569408743000
1380556832687962;36.1;35.2;Wed Sep 25 2019 12:54:16 GMT+0200 (CEST);Wed Sep 25 2019 10:54:16 GMT+0200 (CEST);1569408856000
1380556832687962;37.6;34.8;Wed Sep 25 2019 12:56:09 GMT+0200 (CEST);Wed Sep 25 2019 10:56:09 GMT+0200 (CEST);1569408969000
1380556832687962;37.6;34.8;Wed Sep 25 2019 12:58:03 GMT+0200 (CEST);Wed Sep 25 2019 10:58:03 GMT+0200 (CEST);1569409083000
1380556832687962;37.6;32.3;Wed Sep 25 2019 13:00:03 GMT+0200 (CEST);Wed Sep 25 2019 11:00:03 GMT+0200 (CEST);1569409203000
1380556832687962;37.6;35.2;Wed Sep 25 2019 13:01:58 GMT+0200 (CEST);Wed Sep 25 2019 11:01:58 GMT+0200 (CEST);1569409318000
1380556832687962;37.6;35.2;Wed Sep 25 2019 13:03:51 GMT+0200 (CEST);Wed Sep 25 2019 11:03:51 GMT+0200 (CEST);1569409431000
1380556832687962;35.6;32.8;Wed Sep 25 2019 13:05:49 GMT+0200 (CEST);Wed Sep 25 2019 11:05:49 GMT+0200 (CEST);1569409549000
1380556832687962;35.6;34.7;Wed Sep 25 2019 13:07:51 GMT+0200 (CEST);Wed Sep 25 2019 11:07:51 GMT+0200 (CEST);1569409671000
1380556832687962;35.6;32.5;Wed Sep 25 2019 13:09:44 GMT+0200 (CEST);Wed Sep 25 2019 11:09:44 GMT+0200 (CEST);1569409784000
1380556832687962;35.6;32.5;Wed Sep 25 2019 13:11:44 GMT+0200 (CEST);Wed Sep 25 2019 11:11:44 GMT+0200 (CEST);1569409904000
1380556832687962;34;32.8;Wed Sep 25 2019 13:13:42 GMT+0200 (CEST);Wed Sep 25 2019 11:13:42 GMT+0200 (CEST);1569410022000
1380556832687962;34;35.2;Wed Sep 25 2019 13:15:35 GMT+0200 (CEST);Wed Sep 25 2019 11:15:35 GMT+0200 (CEST);1569410135000
1380556832687962;33.5;35.8;Wed Sep 25 2019 13:17:31 GMT+0200 (CEST);Wed Sep 25 2019 11:17:31 GMT+0200 (CEST);1569410251000
1380556832687962;33.5;35.2;Wed Sep 25 2019 13:19:30 GMT+0200 (CEST);Wed Sep 25 2019 11:19:30 GMT+0200 (CEST);1569410370000
1380556832687962;33.5;35;Wed Sep 25 2019 13:21:28 GMT+0200 (CEST);Wed Sep 25 2019 11:21:28 GMT+0200 (CEST);1569410488000
1380556832687962;33.5;32.8;Wed Sep 25 2019 13:23:26 GMT+0200 (CEST);Wed Sep 25 2019 11:23:26 GMT+0200 (CEST);1569410606000
1380556832687962;33.5;34.7;Wed Sep 25 2019 13:25:19 GMT+0200 (CEST);Wed Sep 25 2019 11:25:19 GMT+0200 (CEST);1569410719000
1380556832687962;33.5;34.7;Wed Sep 25 2019 13:27:11 GMT+0200 (CEST);Wed Sep 25 2019 11:27:11 GMT+0200 (CEST);1569410831000
1380556832687962;33.5;34.4;Wed Sep 25 2019 13:29:11 GMT+0200 (CEST);Wed Sep 25 2019 11:29:11 GMT+0200 (CEST);1569410951000
1380556832687962;37.6;34.2;Wed Sep 25 2019 13:31:21 GMT+0200 (CEST);Wed Sep 25 2019 11:31:21 GMT+0200 (CEST);1569411081000
1380556832687962;37.6;33.7;Wed Sep 25 2019 13:33:43 GMT+0200 (CEST);Wed Sep 25 2019 11:33:43 GMT+0200 (CEST);1569411223000
1380556832687962;37.6;33.7;Wed Sep 25 2019 13:36:28 GMT+0200 (CEST);Wed Sep 25 2019 11:36:28 GMT+0200 (CEST);1569411388000
1380556832687962;38.1;31.7;Wed Sep 25 2019 13:38:21 GMT+0200 (CEST);Wed Sep 25 2019 11:38:21 GMT+0200 (CEST);1569411501000
1380556832687962;38.1;32.3;Wed Sep 25 2019 13:40:29 GMT+0200 (CEST);Wed Sep 25 2019 11:40:29 GMT+0200 (CEST);1569411629000
1380556832687962;37.6;32.7;Wed Sep 25 2019 13:42:22 GMT+0200 (CEST);Wed Sep 25 2019 11:42:22 GMT+0200 (CEST);1569411742000
1380556832687962;37.6;33.5;Wed Sep 25 2019 13:44:17 GMT+0200 (CEST);Wed Sep 25 2019 11:44:17 GMT+0200 (CEST);1569411857000
1380556832687962;35.6;33.9;Wed Sep 25 2019 13:46:10 GMT+0200 (CEST);Wed Sep 25 2019 11:46:10 GMT+0200 (CEST);1569411970000
1380556832687962;35.6;33.2;Wed Sep 25 2019 13:48:07 GMT+0200 (CEST);Wed Sep 25 2019 11:48:07 GMT+0200 (CEST);1569412087000
1380556832687962;35.6;32.9;Wed Sep 25 2019 13:50:00 GMT+0200 (CEST);Wed Sep 25 2019 11:50:00 GMT+0200 (CEST);1569412200000
1380556832687962;33.5;32.6;Wed Sep 25 2019 13:51:53 GMT+0200 (CEST);Wed Sep 25 2019 11:51:53 GMT+0200 (CEST);1569412313000
1380556832687962;33.5;32.4;Wed Sep 25 2019 13:53:46 GMT+0200 (CEST);Wed Sep 25 2019 11:53:46 GMT+0200 (CEST);1569412426000
1380556832687962;31.5;32.5;Wed Sep 25 2019 13:55:49 GMT+0200 (CEST);Wed Sep 25 2019 11:55:49 GMT+0200 (CEST);1569412549000
1380556832687962;31.5;32.7;Wed Sep 25 2019 13:57:45 GMT+0200 (CEST);Wed Sep 25 2019 11:57:45 GMT+0200 (CEST);1569412665000
1380556832687962;31.5;33.1;Wed Sep 25 2019 13:59:40 GMT+0200 (CEST);Wed Sep 25 2019 11:59:40 GMT+0200 (CEST);1569412780000
1380556832687962;29.5;33.3;Wed Sep 25 2019 14:01:33 GMT+0200 (CEST);Wed Sep 25 2019 12:01:33 GMT+0200 (CEST);1569412893000
1380556832687962;29.5;33.6;Wed Sep 25 2019 14:03:30 GMT+0200 (CEST);Wed Sep 25 2019 12:03:30 GMT+0200 (CEST);1569413010000
1380556832687962;29.5;33.5;Wed Sep 25 2019 14:05:22 GMT+0200 (CEST);Wed Sep 25 2019 12:05:22 GMT+0200 (CEST);1569413122000
1380556832687962;27.5;33.5;Wed Sep 25 2019 14:07:27 GMT+0200 (CEST);Wed Sep 25 2019 12:07:27 GMT+0200 (CEST);1569413247000
1380556832687962;27.5;33.5;Wed Sep 25 2019 14:09:48 GMT+0200 (CEST);Wed Sep 25 2019 12:09:48 GMT+0200 (CEST);1569413388000
1380556832687962;26;33.7;Wed Sep 25 2019 14:11:42 GMT+0200 (CEST);Wed Sep 25 2019 12:11:42 GMT+0200 (CEST);1569413502000
1380556832687962;26;33.8;Wed Sep 25 2019 14:13:35 GMT+0200 (CEST);Wed Sep 25 2019 12:13:35 GMT+0200 (CEST);1569413615000
1380556832687962;26;34.4;Wed Sep 25 2019 14:15:30 GMT+0200 (CEST);Wed Sep 25 2019 12:15:30 GMT+0200 (CEST);1569413730000
1380556832687962;26;34.5;Wed Sep 25 2019 14:17:26 GMT+0200 (CEST);Wed Sep 25 2019 12:17:26 GMT+0200 (CEST);1569413846000
1380556832687962;26;34.5;Wed Sep 25 2019 14:19:21 GMT+0200 (CEST);Wed Sep 25 2019 12:19:21 GMT+0200 (CEST);1569413961000
1380556832687962;26;35.7;Wed Sep 25 2019 14:21:14 GMT+0200 (CEST);Wed Sep 25 2019 12:21:14 GMT+0200 (CEST);1569414074000
1380556832687962;26;35.5;Wed Sep 25 2019 14:23:07 GMT+0200 (CEST);Wed Sep 25 2019 12:23:07 GMT+0200 (CEST);1569414187000
1380556832687962;25.5;35.1;Wed Sep 25 2019 14:25:00 GMT+0200 (CEST);Wed Sep 25 2019 12:25:00 GMT+0200 (CEST);1569414300000
1380556832687962;25.5;34.7;Wed Sep 25 2019 14:26:53 GMT+0200 (CEST);Wed Sep 25 2019 12:26:53 GMT+0200 (CEST);1569414413000
1380556832687962;25.5;34.3;Wed Sep 25 2019 14:28:49 GMT+0200 (CEST);Wed Sep 25 2019 12:28:49 GMT+0200 (CEST);1569414529000
1380556832687962;25.5;33.8;Wed Sep 25 2019 14:30:50 GMT+0200 (CEST);Wed Sep 25 2019 12:30:50 GMT+0200 (CEST);1569414650000
1380556832687962;25.5;34;Wed Sep 25 2019 14:32:42 GMT+0200 (CEST);Wed Sep 25 2019 12:32:42 GMT+0200 (CEST);1569414762000
1380556832687962;25.5;34.1;Wed Sep 25 2019 14:34:46 GMT+0200 (CEST);Wed Sep 25 2019 12:34:46 GMT+0200 (CEST);1569414886000
1380556832687962;26;34.2;Wed Sep 25 2019 14:36:51 GMT+0200 (CEST);Wed Sep 25 2019 12:36:51 GMT+0200 (CEST);1569415011000
1380556832687962;26;34.2;Wed Sep 25 2019 14:38:44 GMT+0200 (CEST);Wed Sep 25 2019 12:38:44 GMT+0200 (CEST);1569415124000
1380556832687962;27.5;34.2;Wed Sep 25 2019 14:40:41 GMT+0200 (CEST);Wed Sep 25 2019 12:40:41 GMT+0200 (CEST);1569415241000
1380556832687962;27.5;33.9;Wed Sep 25 2019 14:42:38 GMT+0200 (CEST);Wed Sep 25 2019 12:42:38 GMT+0200 (CEST);1569415358000
1380556832687962;27.5;34;Wed Sep 25 2019 14:44:31 GMT+0200 (CEST);Wed Sep 25 2019 12:44:31 GMT+0200 (CEST);1569415471000
1380556832687962;27.5;34.1;Wed Sep 25 2019 14:46:26 GMT+0200 (CEST);Wed Sep 25 2019 12:46:26 GMT+0200 (CEST);1569415586000
1380556832687962;27.5;33.9;Wed Sep 25 2019 14:48:33 GMT+0200 (CEST);Wed Sep 25 2019 12:48:33 GMT+0200 (CEST);1569415713000
1380556832687962;27.5;33.6;Wed Sep 25 2019 14:50:31 GMT+0200 (CEST);Wed Sep 25 2019 12:50:31 GMT+0200 (CEST);1569415831000
1380556832687962;27.5;33.3;Wed Sep 25 2019 14:52:24 GMT+0200 (CEST);Wed Sep 25 2019 12:52:24 GMT+0200 (CEST);1569415944000
1380556832687962;26;33.3;Wed Sep 25 2019 14:54:17 GMT+0200 (CEST);Wed Sep 25 2019 12:54:17 GMT+0200 (CEST);1569416057000
1380556832687962;26;33.8;Wed Sep 25 2019 14:56:09 GMT+0200 (CEST);Wed Sep 25 2019 12:56:09 GMT+0200 (CEST);1569416169000
1380556832687962;26;34;Wed Sep 25 2019 14:58:04 GMT+0200 (CEST);Wed Sep 25 2019 12:58:04 GMT+0200 (CEST);1569416284000
1380556832687962;26;34.3;Wed Sep 25 2019 14:59:53 GMT+0200 (CEST);Wed Sep 25 2019 12:59:53 GMT+0200 (CEST);1569416393000
1380556832687962;26;34.4;Wed Sep 25 2019 15:01:47 GMT+0200 (CEST);Wed Sep 25 2019 13:01:47 GMT+0200 (CEST);1569416507000
1380556832687962;26;34.4;Wed Sep 25 2019 15:03:51 GMT+0200 (CEST);Wed Sep 25 2019 13:03:51 GMT+0200 (CEST);1569416631000
1380556832687962;26;34.2;Wed Sep 25 2019 15:05:54 GMT+0200 (CEST);Wed Sep 25 2019 13:05:54 GMT+0200 (CEST);1569416754000
1380556832687962;26;34.6;Wed Sep 25 2019 15:07:47 GMT+0200 (CEST);Wed Sep 25 2019 13:07:47 GMT+0200 (CEST);1569416867000
1380556832687962;25.5;35;Wed Sep 25 2019 15:09:48 GMT+0200 (CEST);Wed Sep 25 2019 13:09:48 GMT+0200 (CEST);1569416988000
1380556832687962;25.5;34.7;Wed Sep 25 2019 15:11:41 GMT+0200 (CEST);Wed Sep 25 2019 13:11:41 GMT+0200 (CEST);1569417101000
1380556832687962;25.5;34.1;Wed Sep 25 2019 15:13:34 GMT+0200 (CEST);Wed Sep 25 2019 13:13:34 GMT+0200 (CEST);1569417214000
1380556832687962;25.5;34;Wed Sep 25 2019 15:15:29 GMT+0200 (CEST);Wed Sep 25 2019 13:15:29 GMT+0200 (CEST);1569417329000
1380556832687962;27.5;34;Wed Sep 25 2019 15:17:22 GMT+0200 (CEST);Wed Sep 25 2019 13:17:22 GMT+0200 (CEST);1569417442000
1380556832687962;27.5;34;Wed Sep 25 2019 15:19:15 GMT+0200 (CEST);Wed Sep 25 2019 13:19:15 GMT+0200 (CEST);1569417555000
1380556832687962;27.5;34.7;Wed Sep 25 2019 15:21:12 GMT+0200 (CEST);Wed Sep 25 2019 13:21:12 GMT+0200 (CEST);1569417672000
1380556832687962;27.5;33.5;Wed Sep 25 2019 15:23:15 GMT+0200 (CEST);Wed Sep 25 2019 13:23:15 GMT+0200 (CEST);1569417795000
1380556832687962;27.5;33.5;Wed Sep 25 2019 15:25:08 GMT+0200 (CEST);Wed Sep 25 2019 13:25:08 GMT+0200 (CEST);1569417908000
1380556832687962;29.5;34;Wed Sep 25 2019 15:27:08 GMT+0200 (CEST);Wed Sep 25 2019 13:27:08 GMT+0200 (CEST);1569418028000
1380556832687962;29.5;34;Wed Sep 25 2019 15:29:02 GMT+0200 (CEST);Wed Sep 25 2019 13:29:02 GMT+0200 (CEST);1569418142000
1380556832687962;29.5;34.3;Wed Sep 25 2019 15:30:56 GMT+0200 (CEST);Wed Sep 25 2019 13:30:56 GMT+0200 (CEST);1569418256000
1380556832687962;29.5;34.1;Wed Sep 25 2019 15:32:45 GMT+0200 (CEST);Wed Sep 25 2019 13:32:45 GMT+0200 (CEST);1569418365000
1380556832687962;29.5;33.8;Wed Sep 25 2019 15:34:37 GMT+0200 (CEST);Wed Sep 25 2019 13:34:37 GMT+0200 (CEST);1569418477000
1380556832687962;29.5;33.5;Wed Sep 25 2019 15:37:03 GMT+0200 (CEST);Wed Sep 25 2019 13:37:03 GMT+0200 (CEST);1569418623000
1380556832687962;29.5;33.6;Wed Sep 25 2019 15:38:57 GMT+0200 (CEST);Wed Sep 25 2019 13:38:57 GMT+0200 (CEST);1569418737000
1380556832687962;29.5;33.8;Wed Sep 25 2019 15:40:51 GMT+0200 (CEST);Wed Sep 25 2019 13:40:51 GMT+0200 (CEST);1569418851000
1380556832687962;29.5;33.8;Wed Sep 25 2019 15:42:49 GMT+0200 (CEST);Wed Sep 25 2019 13:42:49 GMT+0200 (CEST);1569418969000
1380556832687962;29.5;34.4;Wed Sep 25 2019 15:44:50 GMT+0200 (CEST);Wed Sep 25 2019 13:44:50 GMT+0200 (CEST);1569419090000
1380556832687962;29.5;33.5;Wed Sep 25 2019 15:46:44 GMT+0200 (CEST);Wed Sep 25 2019 13:46:44 GMT+0200 (CEST);1569419204000
1380556832687962;29.5;33.6;Wed Sep 25 2019 15:48:36 GMT+0200 (CEST);Wed Sep 25 2019 13:48:36 GMT+0200 (CEST);1569419316000
1380556832687962;29.5;33.7;Wed Sep 25 2019 15:50:29 GMT+0200 (CEST);Wed Sep 25 2019 13:50:29 GMT+0200 (CEST);1569419429000
1380556832687962;28;33.6;Wed Sep 25 2019 15:52:33 GMT+0200 (CEST);Wed Sep 25 2019 13:52:33 GMT+0200 (CEST);1569419553000
1380556832687962;28;33.6;Wed Sep 25 2019 15:54:29 GMT+0200 (CEST);Wed Sep 25 2019 13:54:29 GMT+0200 (CEST);1569419669000
1380556832687962;28;34.2;Wed Sep 25 2019 15:56:34 GMT+0200 (CEST);Wed Sep 25 2019 13:56:34 GMT+0200 (CEST);1569419794000
1380556832687962;28;34.1;Wed Sep 25 2019 15:58:27 GMT+0200 (CEST);Wed Sep 25 2019 13:58:27 GMT+0200 (CEST);1569419907000
1380556832687962;28;35;Wed Sep 25 2019 16:00:23 GMT+0200 (CEST);Wed Sep 25 2019 14:00:23 GMT+0200 (CEST);1569420023000
1380556832687962;28;34.9;Wed Sep 25 2019 16:02:15 GMT+0200 (CEST);Wed Sep 25 2019 14:02:15 GMT+0200 (CEST);1569420135000
1380556832687962;28;33.7;Wed Sep 25 2019 16:04:11 GMT+0200 (CEST);Wed Sep 25 2019 14:04:11 GMT+0200 (CEST);1569420251000
1380556832687962;28;33.8;Wed Sep 25 2019 16:06:05 GMT+0200 (CEST);Wed Sep 25 2019 14:06:05 GMT+0200 (CEST);1569420365000
1380556832687962;28;34;Wed Sep 25 2019 16:08:03 GMT+0200 (CEST);Wed Sep 25 2019 14:08:03 GMT+0200 (CEST);1569420483000
1380556832687962;28;35.5;Wed Sep 25 2019 16:10:00 GMT+0200 (CEST);Wed Sep 25 2019 14:10:00 GMT+0200 (CEST);1569420600000
1380556832687962;29.5;34.2;Wed Sep 25 2019 16:11:52 GMT+0200 (CEST);Wed Sep 25 2019 14:11:52 GMT+0200 (CEST);1569420712000
1380556832687962;29.5;34.1;Wed Sep 25 2019 16:13:45 GMT+0200 (CEST);Wed Sep 25 2019 14:13:45 GMT+0200 (CEST);1569420825000
1380556832687962;29.5;34.6;Wed Sep 25 2019 16:15:38 GMT+0200 (CEST);Wed Sep 25 2019 14:15:38 GMT+0200 (CEST);1569420938000
1380556832687962;29.5;33.4;Wed Sep 25 2019 16:17:43 GMT+0200 (CEST);Wed Sep 25 2019 14:17:43 GMT+0200 (CEST);1569421063000
1380556832687962;29.5;33.3;Wed Sep 25 2019 16:19:36 GMT+0200 (CEST);Wed Sep 25 2019 14:19:36 GMT+0200 (CEST);1569421176000
1380556832687962;29.5;33.7;Wed Sep 25 2019 16:21:29 GMT+0200 (CEST);Wed Sep 25 2019 14:21:29 GMT+0200 (CEST);1569421289000
1380556832687962;29.5;34.2;Wed Sep 25 2019 16:23:48 GMT+0200 (CEST);Wed Sep 25 2019 14:23:48 GMT+0200 (CEST);1569421428000
1380556832687962;29.5;34.2;Wed Sep 25 2019 16:25:42 GMT+0200 (CEST);Wed Sep 25 2019 14:25:42 GMT+0200 (CEST);1569421542000
1380556832687962;29.5;34.6;Wed Sep 25 2019 16:27:35 GMT+0200 (CEST);Wed Sep 25 2019 14:27:35 GMT+0200 (CEST);1569421655000
1380556832687962;29.5;34.9;Wed Sep 25 2019 16:29:27 GMT+0200 (CEST);Wed Sep 25 2019 14:29:27 GMT+0200 (CEST);1569421767000
1380556832687962;30;34.6;Wed Sep 25 2019 16:31:20 GMT+0200 (CEST);Wed Sep 25 2019 14:31:20 GMT+0200 (CEST);1569421880000
1380556832687962;30;34.5;Wed Sep 25 2019 16:33:16 GMT+0200 (CEST);Wed Sep 25 2019 14:33:16 GMT+0200 (CEST);1569421996000
1380556832687962;30;34.6;Wed Sep 25 2019 16:35:15 GMT+0200 (CEST);Wed Sep 25 2019 14:35:15 GMT+0200 (CEST);1569422115000
1380556832687962;30;33.2;Wed Sep 25 2019 16:37:08 GMT+0200 (CEST);Wed Sep 25 2019 14:37:08 GMT+0200 (CEST);1569422228000
1380556832687962;30;33.9;Wed Sep 25 2019 16:39:03 GMT+0200 (CEST);Wed Sep 25 2019 14:39:03 GMT+0200 (CEST);1569422343000
1380556832687962;30;33.3;Wed Sep 25 2019 16:40:57 GMT+0200 (CEST);Wed Sep 25 2019 14:40:57 GMT+0200 (CEST);1569422457000
1380556832687962;30;34.6;Wed Sep 25 2019 16:42:50 GMT+0200 (CEST);Wed Sep 25 2019 14:42:50 GMT+0200 (CEST);1569422570000
1380556832687962;30;33.6;Wed Sep 25 2019 16:44:43 GMT+0200 (CEST);Wed Sep 25 2019 14:44:43 GMT+0200 (CEST);1569422683000
1380556832687962;30;33.5;Wed Sep 25 2019 16:46:36 GMT+0200 (CEST);Wed Sep 25 2019 14:46:36 GMT+0200 (CEST);1569422796000
1380556832687962;30;34;Wed Sep 25 2019 16:48:30 GMT+0200 (CEST);Wed Sep 25 2019 14:48:30 GMT+0200 (CEST);1569422910000
1380556832687962;30;34.6;Wed Sep 25 2019 16:50:25 GMT+0200 (CEST);Wed Sep 25 2019 14:50:25 GMT+0200 (CEST);1569423025000
1380556832687962;30;34.5;Wed Sep 25 2019 16:52:19 GMT+0200 (CEST);Wed Sep 25 2019 14:52:19 GMT+0200 (CEST);1569423139000
1380556832687962;30;33.8;Wed Sep 25 2019 16:54:11 GMT+0200 (CEST);Wed Sep 25 2019 14:54:11 GMT+0200 (CEST);1569423251000
1380556832687962;30;34.9;Wed Sep 25 2019 16:56:06 GMT+0200 (CEST);Wed Sep 25 2019 14:56:06 GMT+0200 (CEST);1569423366000
1380556832687962;30;33.8;Wed Sep 25 2019 16:57:59 GMT+0200 (CEST);Wed Sep 25 2019 14:57:59 GMT+0200 (CEST);1569423479000
1380556832687962;29.5;33;Wed Sep 25 2019 17:00:04 GMT+0200 (CEST);Wed Sep 25 2019 15:00:04 GMT+0200 (CEST);1569423604000
1380556832687962;29.5;32.6;Wed Sep 25 2019 17:01:56 GMT+0200 (CEST);Wed Sep 25 2019 15:01:56 GMT+0200 (CEST);1569423716000
1380556832687962;29.5;32.4;Wed Sep 25 2019 17:03:50 GMT+0200 (CEST);Wed Sep 25 2019 15:03:50 GMT+0200 (CEST);1569423830000
1380556832687962;29.5;32.3;Wed Sep 25 2019 17:05:43 GMT+0200 (CEST);Wed Sep 25 2019 15:05:43 GMT+0200 (CEST);1569423943000
1380556832687962;29.5;32;Wed Sep 25 2019 17:07:51 GMT+0200 (CEST);Wed Sep 25 2019 15:07:51 GMT+0200 (CEST);1569424071000
1380556832687962;29.5;32.1;Wed Sep 25 2019 17:09:44 GMT+0200 (CEST);Wed Sep 25 2019 15:09:44 GMT+0200 (CEST);1569424184000
1380556832687962;29.5;32.1;Wed Sep 25 2019 17:11:36 GMT+0200 (CEST);Wed Sep 25 2019 15:11:36 GMT+0200 (CEST);1569424296000
1380556832687962;26;32.5;Wed Sep 25 2019 17:13:34 GMT+0200 (CEST);Wed Sep 25 2019 15:13:34 GMT+0200 (CEST);1569424414000
1380556832687962;26;32.3;Wed Sep 25 2019 17:15:27 GMT+0200 (CEST);Wed Sep 25 2019 15:15:27 GMT+0200 (CEST);1569424527000
1380556832687962;26;32.7;Wed Sep 25 2019 17:17:20 GMT+0200 (CEST);Wed Sep 25 2019 15:17:20 GMT+0200 (CEST);1569424640000
1380556832687962;25.5;32.4;Wed Sep 25 2019 17:19:12 GMT+0200 (CEST);Wed Sep 25 2019 15:19:12 GMT+0200 (CEST);1569424752000
1380556832687962;25.5;32.7;Wed Sep 25 2019 17:21:05 GMT+0200 (CEST);Wed Sep 25 2019 15:21:05 GMT+0200 (CEST);1569424865000
1380556832687962;25.5;32.8;Wed Sep 25 2019 17:23:00 GMT+0200 (CEST);Wed Sep 25 2019 15:23:00 GMT+0200 (CEST);1569424980000
1380556832687962;25.5;33.1;Wed Sep 25 2019 17:24:53 GMT+0200 (CEST);Wed Sep 25 2019 15:24:53 GMT+0200 (CEST);1569425093000
1380556832687962;25.5;33.3;Wed Sep 25 2019 17:26:47 GMT+0200 (CEST);Wed Sep 25 2019 15:26:47 GMT+0200 (CEST);1569425207000
1380556832687962;23;33.2;Wed Sep 25 2019 17:29:00 GMT+0200 (CEST);Wed Sep 25 2019 15:29:00 GMT+0200 (CEST);1569425340000
1380556832687962;23;33.2;Wed Sep 25 2019 17:30:53 GMT+0200 (CEST);Wed Sep 25 2019 15:30:53 GMT+0200 (CEST);1569425453000
1380556832687962;23;32.9;Wed Sep 25 2019 17:32:45 GMT+0200 (CEST);Wed Sep 25 2019 15:32:45 GMT+0200 (CEST);1569425565000
1380556832687962;23;32.6;Wed Sep 25 2019 17:34:38 GMT+0200 (CEST);Wed Sep 25 2019 15:34:38 GMT+0200 (CEST);1569425678000
1380556832687962;23;32.6;Wed Sep 25 2019 17:36:30 GMT+0200 (CEST);Wed Sep 25 2019 15:36:30 GMT+0200 (CEST);1569425790000
1380556832687962;23;32.5;Wed Sep 25 2019 17:38:23 GMT+0200 (CEST);Wed Sep 25 2019 15:38:23 GMT+0200 (CEST);1569425903000
1380556832687962;23;32.5;Wed Sep 25 2019 17:40:16 GMT+0200 (CEST);Wed Sep 25 2019 15:40:16 GMT+0200 (CEST);1569426016000
1380556832687962;23;32.3;Wed Sep 25 2019 17:42:11 GMT+0200 (CEST);Wed Sep 25 2019 15:42:11 GMT+0200 (CEST);1569426131000
1380556832687962;23;32.5;Wed Sep 25 2019 17:44:06 GMT+0200 (CEST);Wed Sep 25 2019 15:44:06 GMT+0200 (CEST);1569426246000
1380556832687962;23;32.3;Wed Sep 25 2019 17:46:01 GMT+0200 (CEST);Wed Sep 25 2019 15:46:01 GMT+0200 (CEST);1569426361000
1380556832687962;22;32.6;Wed Sep 25 2019 17:48:10 GMT+0200 (CEST);Wed Sep 25 2019 15:48:10 GMT+0200 (CEST);1569426490000
1380556832687962;22;32.7;Wed Sep 25 2019 17:50:39 GMT+0200 (CEST);Wed Sep 25 2019 15:50:39 GMT+0200 (CEST);1569426639000
1380556832687962;22;32.3;Wed Sep 25 2019 17:52:32 GMT+0200 (CEST);Wed Sep 25 2019 15:52:32 GMT+0200 (CEST);1569426752000
1380556832687962;22;32.2;Wed Sep 25 2019 17:54:31 GMT+0200 (CEST);Wed Sep 25 2019 15:54:31 GMT+0200 (CEST);1569426871000
1380556832687962;22;31.7;Wed Sep 25 2019 17:56:24 GMT+0200 (CEST);Wed Sep 25 2019 15:56:24 GMT+0200 (CEST);1569426984000
1380556832687962;22;31.9;Wed Sep 25 2019 17:58:17 GMT+0200 (CEST);Wed Sep 25 2019 15:58:17 GMT+0200 (CEST);1569427097000
1380556832687962;22;31.9;Wed Sep 25 2019 18:00:10 GMT+0200 (CEST);Wed Sep 25 2019 16:00:10 GMT+0200 (CEST);1569427210000
1380556832687962;22;31.8;Wed Sep 25 2019 18:02:03 GMT+0200 (CEST);Wed Sep 25 2019 16:02:03 GMT+0200 (CEST);1569427323000
1380556832687962;22;31.8;Wed Sep 25 2019 18:03:57 GMT+0200 (CEST);Wed Sep 25 2019 16:03:57 GMT+0200 (CEST);1569427437000
1380556832687962;22;31.9;Wed Sep 25 2019 18:05:59 GMT+0200 (CEST);Wed Sep 25 2019 16:05:59 GMT+0200 (CEST);1569427559000
1380556832687962;22;32.7;Wed Sep 25 2019 18:07:55 GMT+0200 (CEST);Wed Sep 25 2019 16:07:55 GMT+0200 (CEST);1569427675000
1380556832687962;22;32.3;Wed Sep 25 2019 18:09:47 GMT+0200 (CEST);Wed Sep 25 2019 16:09:47 GMT+0200 (CEST);1569427787000
1380556832687962;22;32;Wed Sep 25 2019 18:11:41 GMT+0200 (CEST);Wed Sep 25 2019 16:11:41 GMT+0200 (CEST);1569427901000
1380556832687962;22;32;Wed Sep 25 2019 18:13:33 GMT+0200 (CEST);Wed Sep 25 2019 16:13:33 GMT+0200 (CEST);1569428013000
1380556832687962;22;32;Wed Sep 25 2019 18:15:26 GMT+0200 (CEST);Wed Sep 25 2019 16:15:26 GMT+0200 (CEST);1569428126000
1380556832687962;22;32.1;Wed Sep 25 2019 18:17:19 GMT+0200 (CEST);Wed Sep 25 2019 16:17:19 GMT+0200 (CEST);1569428239000
1380556832687962;22;31.9;Wed Sep 25 2019 18:19:11 GMT+0200 (CEST);Wed Sep 25 2019 16:19:11 GMT+0200 (CEST);1569428351000
1380556832687962;22;31.9;Wed Sep 25 2019 18:21:04 GMT+0200 (CEST);Wed Sep 25 2019 16:21:04 GMT+0200 (CEST);1569428464000
1380556832687962;21.5;31.5;Wed Sep 25 2019 18:23:01 GMT+0200 (CEST);Wed Sep 25 2019 16:23:01 GMT+0200 (CEST);1569428581000
1380556832687962;21.5;31.3;Wed Sep 25 2019 18:24:54 GMT+0200 (CEST);Wed Sep 25 2019 16:24:54 GMT+0200 (CEST);1569428694000
1380556832687962;21.5;31.3;Wed Sep 25 2019 18:26:53 GMT+0200 (CEST);Wed Sep 25 2019 16:26:53 GMT+0200 (CEST);1569428813000
1380556832687962;21.5;31.3;Wed Sep 25 2019 18:28:51 GMT+0200 (CEST);Wed Sep 25 2019 16:28:51 GMT+0200 (CEST);1569428931000
1380556832687962;21.5;31.4;Wed Sep 25 2019 18:30:44 GMT+0200 (CEST);Wed Sep 25 2019 16:30:44 GMT+0200 (CEST);1569429044000
1380556832687962;21.5;31.2;Wed Sep 25 2019 18:32:38 GMT+0200 (CEST);Wed Sep 25 2019 16:32:38 GMT+0200 (CEST);1569429158000
1380556832687962;21.5;30.9;Wed Sep 25 2019 18:34:33 GMT+0200 (CEST);Wed Sep 25 2019 16:34:33 GMT+0200 (CEST);1569429273000
1380556832687962;21.5;30.7;Wed Sep 25 2019 18:36:26 GMT+0200 (CEST);Wed Sep 25 2019 16:36:26 GMT+0200 (CEST);1569429386000
1380556832687962;21.5;30.6;Wed Sep 25 2019 18:38:19 GMT+0200 (CEST);Wed Sep 25 2019 16:38:19 GMT+0200 (CEST);1569429499000
1380556832687962;21.5;30.2;Wed Sep 25 2019 18:40:21 GMT+0200 (CEST);Wed Sep 25 2019 16:40:21 GMT+0200 (CEST);1569429621000
1380556832687962;19.9;30.1;Wed Sep 25 2019 18:42:14 GMT+0200 (CEST);Wed Sep 25 2019 16:42:14 GMT+0200 (CEST);1569429734000
1380556832687962;19.9;32.2;Wed Sep 25 2019 18:44:07 GMT+0200 (CEST);Wed Sep 25 2019 16:44:07 GMT+0200 (CEST);1569429847000
1380556832687962;21.5;32.6;Wed Sep 25 2019 18:45:59 GMT+0200 (CEST);Wed Sep 25 2019 16:45:59 GMT+0200 (CEST);1569429959000
1380556832687962;21.5;32;Wed Sep 25 2019 18:47:55 GMT+0200 (CEST);Wed Sep 25 2019 16:47:55 GMT+0200 (CEST);1569430075000
1380556832687962;19.9;31.4;Wed Sep 25 2019 18:49:54 GMT+0200 (CEST);Wed Sep 25 2019 16:49:54 GMT+0200 (CEST);1569430194000
1380556832687962;19.9;32.9;Wed Sep 25 2019 18:51:47 GMT+0200 (CEST);Wed Sep 25 2019 16:51:47 GMT+0200 (CEST);1569430307000
1380556832687962;19.9;33;Wed Sep 25 2019 18:53:50 GMT+0200 (CEST);Wed Sep 25 2019 16:53:50 GMT+0200 (CEST);1569430430000
1380556832687962;19.9;30.8;Wed Sep 25 2019 18:55:44 GMT+0200 (CEST);Wed Sep 25 2019 16:55:44 GMT+0200 (CEST);1569430544000
1380556832687962;19.9;28.5;Wed Sep 25 2019 18:57:41 GMT+0200 (CEST);Wed Sep 25 2019 16:57:41 GMT+0200 (CEST);1569430661000
1380556832687962;19.4;25.4;Wed Sep 25 2019 18:59:35 GMT+0200 (CEST);Wed Sep 25 2019 16:59:35 GMT+0200 (CEST);1569430775000
1380556832687962;19.4;25.4;Wed Sep 25 2019 19:01:28 GMT+0200 (CEST);Wed Sep 25 2019 17:01:28 GMT+0200 (CEST);1569430888000
1380556832687962;19.4;25.4;Wed Sep 25 2019 19:03:35 GMT+0200 (CEST);Wed Sep 25 2019 17:03:35 GMT+0200 (CEST);1569431015000
1380556832687962;-273.2;24.7;Thu Sep 26 2019 07:09:16 GMT+0200 (CEST);Thu Sep 26 2019 05:09:16 GMT+0200 (CEST);1569474556000
1380556832687962;-273.2;24.7;Thu Sep 26 2019 07:11:08 GMT+0200 (CEST);Thu Sep 26 2019 05:11:08 GMT+0200 (CEST);1569474668000
1380556832687962;-273.2;24.7;Thu Sep 26 2019 07:13:01 GMT+0200 (CEST);Thu Sep 26 2019 05:13:01 GMT+0200 (CEST);1569474781000
1380556832687962;-273.2;30.4;Thu Sep 26 2019 07:20:42 GMT+0200 (CEST);Thu Sep 26 2019 05:20:42 GMT+0200 (CEST);1569475242000
1380556832687962;-273.2;30.2;Thu Sep 26 2019 07:22:34 GMT+0200 (CEST);Thu Sep 26 2019 05:22:34 GMT+0200 (CEST);1569475354000
1380556832687962;-273.2;30.2;Thu Sep 26 2019 07:24:30 GMT+0200 (CEST);Thu Sep 26 2019 05:24:30 GMT+0200 (CEST);1569475470000
1380556832687962;-273.2;31.9;Thu Sep 26 2019 07:26:24 GMT+0200 (CEST);Thu Sep 26 2019 05:26:24 GMT+0200 (CEST);1569475584000
1380556832687962;-273.2;34.3;Thu Sep 26 2019 07:28:20 GMT+0200 (CEST);Thu Sep 26 2019 05:28:20 GMT+0200 (CEST);1569475700000
1380556832687962;-273.2;34.3;Thu Sep 26 2019 07:30:13 GMT+0200 (CEST);Thu Sep 26 2019 05:30:13 GMT+0200 (CEST);1569475813000
1380556832687962;-273.2;35.7;Thu Sep 26 2019 07:32:08 GMT+0200 (CEST);Thu Sep 26 2019 05:32:08 GMT+0200 (CEST);1569475928000
1380556832687962;-273.2;35.7;Thu Sep 26 2019 07:34:02 GMT+0200 (CEST);Thu Sep 26 2019 05:34:02 GMT+0200 (CEST);1569476042000
1380556832687962;17.4;32.2;Thu Sep 26 2019 07:36:13 GMT+0200 (CEST);Thu Sep 26 2019 05:36:13 GMT+0200 (CEST);1569476173000
1380556832687962;17.4;32.1;Thu Sep 26 2019 07:38:07 GMT+0200 (CEST);Thu Sep 26 2019 05:38:07 GMT+0200 (CEST);1569476287000
1380556832687962;17.4;32.1;Thu Sep 26 2019 07:40:03 GMT+0200 (CEST);Thu Sep 26 2019 05:40:03 GMT+0200 (CEST);1569476403000
1380556832687962;17.4;32.2;Thu Sep 26 2019 07:42:03 GMT+0200 (CEST);Thu Sep 26 2019 05:42:03 GMT+0200 (CEST);1569476523000
1380556832687962;17.4;32.2;Thu Sep 26 2019 07:43:56 GMT+0200 (CEST);Thu Sep 26 2019 05:43:56 GMT+0200 (CEST);1569476636000
1380556832687962;17.4;32.2;Thu Sep 26 2019 07:45:49 GMT+0200 (CEST);Thu Sep 26 2019 05:45:49 GMT+0200 (CEST);1569476749000
1380556832687962;17.4;32.2;Thu Sep 26 2019 07:47:42 GMT+0200 (CEST);Thu Sep 26 2019 05:47:42 GMT+0200 (CEST);1569476862000
1380556832687962;-273.2;32.6;Thu Sep 26 2019 07:49:35 GMT+0200 (CEST);Thu Sep 26 2019 05:49:35 GMT+0200 (CEST);1569476975000
1380556832687962;17.9;32.7;Thu Sep 26 2019 07:51:38 GMT+0200 (CEST);Thu Sep 26 2019 05:51:38 GMT+0200 (CEST);1569477098000
1380556832687962;17.9;32.7;Thu Sep 26 2019 07:53:38 GMT+0200 (CEST);Thu Sep 26 2019 05:53:38 GMT+0200 (CEST);1569477218000
1380556832687962;17.9;32.7;Thu Sep 26 2019 07:55:31 GMT+0200 (CEST);Thu Sep 26 2019 05:55:31 GMT+0200 (CEST);1569477331000
1380556832687962;17.9;32.9;Thu Sep 26 2019 07:57:24 GMT+0200 (CEST);Thu Sep 26 2019 05:57:24 GMT+0200 (CEST);1569477444000
1380556832687962;17.9;32.9;Thu Sep 26 2019 07:59:17 GMT+0200 (CEST);Thu Sep 26 2019 05:59:17 GMT+0200 (CEST);1569477557000
1380556832687962;17.9;32.9;Thu Sep 26 2019 08:01:10 GMT+0200 (CEST);Thu Sep 26 2019 06:01:10 GMT+0200 (CEST);1569477670000
1380556832687962;17.9;32.8;Thu Sep 26 2019 08:03:02 GMT+0200 (CEST);Thu Sep 26 2019 06:03:02 GMT+0200 (CEST);1569477782000
1380556832687962;17.9;33.1;Thu Sep 26 2019 08:04:55 GMT+0200 (CEST);Thu Sep 26 2019 06:04:55 GMT+0200 (CEST);1569477895000
1380556832687962;17.9;33.1;Thu Sep 26 2019 08:06:48 GMT+0200 (CEST);Thu Sep 26 2019 06:06:48 GMT+0200 (CEST);1569478008000
1380556832687962;17.9;33.2;Thu Sep 26 2019 08:08:43 GMT+0200 (CEST);Thu Sep 26 2019 06:08:43 GMT+0200 (CEST);1569478123000
1380556832687962;17.9;33.7;Thu Sep 26 2019 08:10:36 GMT+0200 (CEST);Thu Sep 26 2019 06:10:36 GMT+0200 (CEST);1569478236000
1380556832687962;17.9;33.8;Thu Sep 26 2019 08:12:28 GMT+0200 (CEST);Thu Sep 26 2019 06:12:28 GMT+0200 (CEST);1569478348000
1380556832687962;17.9;33.7;Thu Sep 26 2019 08:14:21 GMT+0200 (CEST);Thu Sep 26 2019 06:14:21 GMT+0200 (CEST);1569478461000
1380556832687962;19.4;33.8;Thu Sep 26 2019 08:16:14 GMT+0200 (CEST);Thu Sep 26 2019 06:16:14 GMT+0200 (CEST);1569478574000
1380556832687962;19.4;34;Thu Sep 26 2019 08:18:06 GMT+0200 (CEST);Thu Sep 26 2019 06:18:06 GMT+0200 (CEST);1569478686000
1380556832687962;19.4;34.4;Thu Sep 26 2019 08:19:59 GMT+0200 (CEST);Thu Sep 26 2019 06:19:59 GMT+0200 (CEST);1569478799000
1380556832687962;19.9;34.4;Thu Sep 26 2019 08:21:52 GMT+0200 (CEST);Thu Sep 26 2019 06:21:52 GMT+0200 (CEST);1569478912000
1380556832687962;19.9;36;Thu Sep 26 2019 08:23:45 GMT+0200 (CEST);Thu Sep 26 2019 06:23:45 GMT+0200 (CEST);1569479025000
1380556832687962;22;39.7;Thu Sep 26 2019 08:25:39 GMT+0200 (CEST);Thu Sep 26 2019 06:25:39 GMT+0200 (CEST);1569479139000
1380556832687962;22;39.9;Thu Sep 26 2019 08:27:32 GMT+0200 (CEST);Thu Sep 26 2019 06:27:32 GMT+0200 (CEST);1569479252000
1380556832687962;22;39.9;Thu Sep 26 2019 08:29:28 GMT+0200 (CEST);Thu Sep 26 2019 06:29:28 GMT+0200 (CEST);1569479368000
1380556832687962;23;38.7;Thu Sep 26 2019 08:31:21 GMT+0200 (CEST);Thu Sep 26 2019 06:31:21 GMT+0200 (CEST);1569479481000
1380556832687962;23;40.1;Thu Sep 26 2019 08:33:14 GMT+0200 (CEST);Thu Sep 26 2019 06:33:14 GMT+0200 (CEST);1569479594000
1380556832687962;25.5;40.1;Thu Sep 26 2019 08:35:08 GMT+0200 (CEST);Thu Sep 26 2019 06:35:08 GMT+0200 (CEST);1569479708000
1380556832687962;25.5;38.5;Thu Sep 26 2019 08:37:03 GMT+0200 (CEST);Thu Sep 26 2019 06:37:03 GMT+0200 (CEST);1569479823000
1380556832687962;25.5;35.1;Thu Sep 26 2019 08:38:55 GMT+0200 (CEST);Thu Sep 26 2019 06:38:55 GMT+0200 (CEST);1569479935000
1380556832687962;25.5;34.8;Thu Sep 26 2019 08:40:48 GMT+0200 (CEST);Thu Sep 26 2019 06:40:48 GMT+0200 (CEST);1569480048000
1380556832687962;25.5;34.4;Thu Sep 26 2019 08:42:42 GMT+0200 (CEST);Thu Sep 26 2019 06:42:42 GMT+0200 (CEST);1569480162000
1380556832687962;25.5;34.1;Thu Sep 26 2019 08:44:35 GMT+0200 (CEST);Thu Sep 26 2019 06:44:35 GMT+0200 (CEST);1569480275000
1380556832687962;25.5;34.1;Thu Sep 26 2019 08:46:27 GMT+0200 (CEST);Thu Sep 26 2019 06:46:27 GMT+0200 (CEST);1569480387000
1380556832687962;25.5;33.9;Thu Sep 26 2019 08:48:21 GMT+0200 (CEST);Thu Sep 26 2019 06:48:21 GMT+0200 (CEST);1569480501000
1380556832687962;23;34;Thu Sep 26 2019 08:50:13 GMT+0200 (CEST);Thu Sep 26 2019 06:50:13 GMT+0200 (CEST);1569480613000
1380556832687962;23;34;Thu Sep 26 2019 08:52:06 GMT+0200 (CEST);Thu Sep 26 2019 06:52:06 GMT+0200 (CEST);1569480726000
1380556832687962;23;33.8;Thu Sep 26 2019 08:54:03 GMT+0200 (CEST);Thu Sep 26 2019 06:54:03 GMT+0200 (CEST);1569480843000
1380556832687962;23;34.2;Thu Sep 26 2019 08:55:57 GMT+0200 (CEST);Thu Sep 26 2019 06:55:57 GMT+0200 (CEST);1569480957000
1380556832687962;23;34.1;Thu Sep 26 2019 08:57:50 GMT+0200 (CEST);Thu Sep 26 2019 06:57:50 GMT+0200 (CEST);1569481070000
1380556832687962;23;34.2;Thu Sep 26 2019 08:59:43 GMT+0200 (CEST);Thu Sep 26 2019 06:59:43 GMT+0200 (CEST);1569481183000
1380556832687962;23;34.4;Thu Sep 26 2019 09:01:37 GMT+0200 (CEST);Thu Sep 26 2019 07:01:37 GMT+0200 (CEST);1569481297000
1380556832687962;23;34.4;Thu Sep 26 2019 09:03:29 GMT+0200 (CEST);Thu Sep 26 2019 07:03:29 GMT+0200 (CEST);1569481409000
1380556832687962;23;34.2;Thu Sep 26 2019 09:05:36 GMT+0200 (CEST);Thu Sep 26 2019 07:05:36 GMT+0200 (CEST);1569481536000
1380556832687962;23;34.2;Thu Sep 26 2019 09:07:29 GMT+0200 (CEST);Thu Sep 26 2019 07:07:29 GMT+0200 (CEST);1569481649000
1380556832687962;23;34.2;Thu Sep 26 2019 09:09:32 GMT+0200 (CEST);Thu Sep 26 2019 07:09:32 GMT+0200 (CEST);1569481772000
1380556832687962;23;34.4;Thu Sep 26 2019 09:11:25 GMT+0200 (CEST);Thu Sep 26 2019 07:11:25 GMT+0200 (CEST);1569481885000
1380556832687962;23;34.6;Thu Sep 26 2019 09:13:19 GMT+0200 (CEST);Thu Sep 26 2019 07:13:19 GMT+0200 (CEST);1569481999000
1380556832687962;23;34.5;Thu Sep 26 2019 09:15:12 GMT+0200 (CEST);Thu Sep 26 2019 07:15:12 GMT+0200 (CEST);1569482112000
1380556832687962;23;34.6;Thu Sep 26 2019 09:17:04 GMT+0200 (CEST);Thu Sep 26 2019 07:17:04 GMT+0200 (CEST);1569482224000
1380556832687962;23;34.6;Thu Sep 26 2019 09:18:57 GMT+0200 (CEST);Thu Sep 26 2019 07:18:57 GMT+0200 (CEST);1569482337000
1380556832687962;23;35.2;Thu Sep 26 2019 09:20:50 GMT+0200 (CEST);Thu Sep 26 2019 07:20:50 GMT+0200 (CEST);1569482450000
1380556832687962;23;35;Thu Sep 26 2019 09:22:43 GMT+0200 (CEST);Thu Sep 26 2019 07:22:43 GMT+0200 (CEST);1569482563000
1380556832687962;25.5;35.3;Thu Sep 26 2019 09:25:01 GMT+0200 (CEST);Thu Sep 26 2019 07:25:01 GMT+0200 (CEST);1569482701000
1380556832687962;25.5;35.2;Thu Sep 26 2019 09:26:53 GMT+0200 (CEST);Thu Sep 26 2019 07:26:53 GMT+0200 (CEST);1569482813000
1380556832687962;25.5;35;Thu Sep 26 2019 09:28:48 GMT+0200 (CEST);Thu Sep 26 2019 07:28:48 GMT+0200 (CEST);1569482928000
1380556832687962;25.5;34.9;Thu Sep 26 2019 09:30:41 GMT+0200 (CEST);Thu Sep 26 2019 07:30:41 GMT+0200 (CEST);1569483041000
1380556832687962;25.5;34.8;Thu Sep 26 2019 09:32:35 GMT+0200 (CEST);Thu Sep 26 2019 07:32:35 GMT+0200 (CEST);1569483155000
1380556832687962;27.5;34.8;Thu Sep 26 2019 09:34:28 GMT+0200 (CEST);Thu Sep 26 2019 07:34:28 GMT+0200 (CEST);1569483268000
1380556832687962;27.5;34.8;Thu Sep 26 2019 09:36:21 GMT+0200 (CEST);Thu Sep 26 2019 07:36:21 GMT+0200 (CEST);1569483381000
1380556832687962;27.5;34.8;Thu Sep 26 2019 09:38:14 GMT+0200 (CEST);Thu Sep 26 2019 07:38:14 GMT+0200 (CEST);1569483494000
1380556832687962;27.5;34.8;Thu Sep 26 2019 09:40:38 GMT+0200 (CEST);Thu Sep 26 2019 07:40:38 GMT+0200 (CEST);1569483638000
1380556832687962;27.5;34.8;Thu Sep 26 2019 09:42:31 GMT+0200 (CEST);Thu Sep 26 2019 07:42:31 GMT+0200 (CEST);1569483751000
1380556832687962;27.5;34.8;Thu Sep 26 2019 09:44:26 GMT+0200 (CEST);Thu Sep 26 2019 07:44:26 GMT+0200 (CEST);1569483866000
1380556832687962;27.5;34.8;Thu Sep 26 2019 09:46:18 GMT+0200 (CEST);Thu Sep 26 2019 07:46:18 GMT+0200 (CEST);1569483978000
1380556832687962;27.5;34.7;Thu Sep 26 2019 09:48:11 GMT+0200 (CEST);Thu Sep 26 2019 07:48:11 GMT+0200 (CEST);1569484091000
1380556832687962;27.5;34.7;Thu Sep 26 2019 09:50:04 GMT+0200 (CEST);Thu Sep 26 2019 07:50:04 GMT+0200 (CEST);1569484204000
1380556832687962;27.5;34.6;Thu Sep 26 2019 09:52:01 GMT+0200 (CEST);Thu Sep 26 2019 07:52:01 GMT+0200 (CEST);1569484321000
1380556832687962;28;34.6;Thu Sep 26 2019 09:53:56 GMT+0200 (CEST);Thu Sep 26 2019 07:53:56 GMT+0200 (CEST);1569484436000
1380556832687962;28;34.4;Thu Sep 26 2019 09:56:02 GMT+0200 (CEST);Thu Sep 26 2019 07:56:02 GMT+0200 (CEST);1569484562000
1380556832687962;28;34.4;Thu Sep 26 2019 09:57:55 GMT+0200 (CEST);Thu Sep 26 2019 07:57:55 GMT+0200 (CEST);1569484675000
1380556832687962;28;34.4;Thu Sep 26 2019 09:59:47 GMT+0200 (CEST);Thu Sep 26 2019 07:59:47 GMT+0200 (CEST);1569484787000
1380556832687962;28;34;Thu Sep 26 2019 10:01:43 GMT+0200 (CEST);Thu Sep 26 2019 08:01:43 GMT+0200 (CEST);1569484903000
1380556832687962;28;34.1;Thu Sep 26 2019 10:03:56 GMT+0200 (CEST);Thu Sep 26 2019 08:03:56 GMT+0200 (CEST);1569485036000
1380556832687962;28;34;Thu Sep 26 2019 10:05:49 GMT+0200 (CEST);Thu Sep 26 2019 08:05:49 GMT+0200 (CEST);1569485149000
1380556832687962;27.5;34.2;Thu Sep 26 2019 10:07:44 GMT+0200 (CEST);Thu Sep 26 2019 08:07:44 GMT+0200 (CEST);1569485264000
1380556832687962;27.5;34.5;Thu Sep 26 2019 10:09:37 GMT+0200 (CEST);Thu Sep 26 2019 08:09:37 GMT+0200 (CEST);1569485377000
1380556832687962;27.5;34.9;Thu Sep 26 2019 10:11:34 GMT+0200 (CEST);Thu Sep 26 2019 08:11:34 GMT+0200 (CEST);1569485494000
1380556832687962;27.5;34.9;Thu Sep 26 2019 10:13:27 GMT+0200 (CEST);Thu Sep 26 2019 08:13:27 GMT+0200 (CEST);1569485607000
1380556832687962;27.5;34.5;Thu Sep 26 2019 10:15:19 GMT+0200 (CEST);Thu Sep 26 2019 08:15:19 GMT+0200 (CEST);1569485719000
1380556832687962;27.5;34.4;Thu Sep 26 2019 10:17:12 GMT+0200 (CEST);Thu Sep 26 2019 08:17:12 GMT+0200 (CEST);1569485832000
1380556832687962;27.5;34.4;Thu Sep 26 2019 10:19:23 GMT+0200 (CEST);Thu Sep 26 2019 08:19:23 GMT+0200 (CEST);1569485963000
1380556832687962;27.5;34.4;Thu Sep 26 2019 10:21:16 GMT+0200 (CEST);Thu Sep 26 2019 08:21:16 GMT+0200 (CEST);1569486076000
1380556832687962;27.5;34.4;Thu Sep 26 2019 10:23:08 GMT+0200 (CEST);Thu Sep 26 2019 08:23:08 GMT+0200 (CEST);1569486188000
1380556832687962;27.5;34.6;Thu Sep 26 2019 10:25:03 GMT+0200 (CEST);Thu Sep 26 2019 08:25:03 GMT+0200 (CEST);1569486303000
1380556832687962;27.5;35.2;Thu Sep 26 2019 10:27:01 GMT+0200 (CEST);Thu Sep 26 2019 08:27:01 GMT+0200 (CEST);1569486421000
1380556832687962;27.5;35.1;Thu Sep 26 2019 10:28:55 GMT+0200 (CEST);Thu Sep 26 2019 08:28:55 GMT+0200 (CEST);1569486535000
1380556832687962;27.5;34.6;Thu Sep 26 2019 10:30:47 GMT+0200 (CEST);Thu Sep 26 2019 08:30:47 GMT+0200 (CEST);1569486647000
1380556832687962;27.5;34.6;Thu Sep 26 2019 10:32:42 GMT+0200 (CEST);Thu Sep 26 2019 08:32:42 GMT+0200 (CEST);1569486762000
1380556832687962;27.5;33.5;Thu Sep 26 2019 10:35:05 GMT+0200 (CEST);Thu Sep 26 2019 08:35:05 GMT+0200 (CEST);1569486905000
1380556832687962;27.5;33.8;Thu Sep 26 2019 10:37:03 GMT+0200 (CEST);Thu Sep 26 2019 08:37:03 GMT+0200 (CEST);1569487023000
1380556832687962;31.5;33.7;Thu Sep 26 2019 10:38:55 GMT+0200 (CEST);Thu Sep 26 2019 08:38:55 GMT+0200 (CEST);1569487135000
1380556832687962;31.5;33.8;Thu Sep 26 2019 10:40:48 GMT+0200 (CEST);Thu Sep 26 2019 08:40:48 GMT+0200 (CEST);1569487248000
1380556832687962;33.5;33.9;Thu Sep 26 2019 10:42:43 GMT+0200 (CEST);Thu Sep 26 2019 08:42:43 GMT+0200 (CEST);1569487363000
1380556832687962;33.5;34;Thu Sep 26 2019 10:44:36 GMT+0200 (CEST);Thu Sep 26 2019 08:44:36 GMT+0200 (CEST);1569487476000
1380556832687962;34;33.5;Thu Sep 26 2019 10:46:38 GMT+0200 (CEST);Thu Sep 26 2019 08:46:38 GMT+0200 (CEST);1569487598000
1380556832687962;34;33.5;Thu Sep 26 2019 10:48:30 GMT+0200 (CEST);Thu Sep 26 2019 08:48:30 GMT+0200 (CEST);1569487710000
1380556832687962;34;33.7;Thu Sep 26 2019 10:50:29 GMT+0200 (CEST);Thu Sep 26 2019 08:50:29 GMT+0200 (CEST);1569487829000
1380556832687962;34;32.9;Thu Sep 26 2019 10:52:22 GMT+0200 (CEST);Thu Sep 26 2019 08:52:22 GMT+0200 (CEST);1569487942000
1380556832687962;34;32.7;Thu Sep 26 2019 10:54:18 GMT+0200 (CEST);Thu Sep 26 2019 08:54:18 GMT+0200 (CEST);1569488058000
1380556832687962;34;33.5;Thu Sep 26 2019 10:56:10 GMT+0200 (CEST);Thu Sep 26 2019 08:56:10 GMT+0200 (CEST);1569488170000
1380556832687962;34;34.2;Thu Sep 26 2019 10:58:01 GMT+0200 (CEST);Thu Sep 26 2019 08:58:01 GMT+0200 (CEST);1569488281000
1380556832687962;34;34.3;Thu Sep 26 2019 10:59:54 GMT+0200 (CEST);Thu Sep 26 2019 08:59:54 GMT+0200 (CEST);1569488394000
1380556832687962;35.6;34.1;Thu Sep 26 2019 11:01:47 GMT+0200 (CEST);Thu Sep 26 2019 09:01:47 GMT+0200 (CEST);1569488507000
1380556832687962;35.6;33.6;Thu Sep 26 2019 11:03:42 GMT+0200 (CEST);Thu Sep 26 2019 09:03:42 GMT+0200 (CEST);1569488622000
1380556832687962;35.6;33.6;Thu Sep 26 2019 11:06:06 GMT+0200 (CEST);Thu Sep 26 2019 09:06:06 GMT+0200 (CEST);1569488766000
1380556832687962;35.6;33.4;Thu Sep 26 2019 11:08:01 GMT+0200 (CEST);Thu Sep 26 2019 09:08:01 GMT+0200 (CEST);1569488881000
1380556832687962;35.6;32.6;Thu Sep 26 2019 11:09:55 GMT+0200 (CEST);Thu Sep 26 2019 09:09:55 GMT+0200 (CEST);1569488995000
1380556832687962;37.6;32.6;Thu Sep 26 2019 11:11:52 GMT+0200 (CEST);Thu Sep 26 2019 09:11:52 GMT+0200 (CEST);1569489112000
1380556832687962;37.6;33.1;Thu Sep 26 2019 11:13:44 GMT+0200 (CEST);Thu Sep 26 2019 09:13:44 GMT+0200 (CEST);1569489224000
1380556832687962;38.1;33.6;Thu Sep 26 2019 11:15:37 GMT+0200 (CEST);Thu Sep 26 2019 09:15:37 GMT+0200 (CEST);1569489337000
1380556832687962;38.1;33.1;Thu Sep 26 2019 11:17:29 GMT+0200 (CEST);Thu Sep 26 2019 09:17:29 GMT+0200 (CEST);1569489449000
1380556832687962;38.1;33.3;Thu Sep 26 2019 11:19:22 GMT+0200 (CEST);Thu Sep 26 2019 09:19:22 GMT+0200 (CEST);1569489562000
1380556832687962;38.1;32.9;Thu Sep 26 2019 11:21:47 GMT+0200 (CEST);Thu Sep 26 2019 09:21:47 GMT+0200 (CEST);1569489707000
1380556832687962;38.1;33.1;Thu Sep 26 2019 11:23:44 GMT+0200 (CEST);Thu Sep 26 2019 09:23:44 GMT+0200 (CEST);1569489824000
1380556832687962;38.1;32.6;Thu Sep 26 2019 11:25:38 GMT+0200 (CEST);Thu Sep 26 2019 09:25:38 GMT+0200 (CEST);1569489938000
1380556832687962;38.1;32.3;Thu Sep 26 2019 11:27:31 GMT+0200 (CEST);Thu Sep 26 2019 09:27:31 GMT+0200 (CEST);1569490051000
1380556832687962;38.1;32.5;Thu Sep 26 2019 11:29:24 GMT+0200 (CEST);Thu Sep 26 2019 09:29:24 GMT+0200 (CEST);1569490164000
1380556832687962;38.1;32.5;Thu Sep 26 2019 11:31:17 GMT+0200 (CEST);Thu Sep 26 2019 09:31:17 GMT+0200 (CEST);1569490277000
1380556832687962;38.1;32.8;Thu Sep 26 2019 11:33:10 GMT+0200 (CEST);Thu Sep 26 2019 09:33:10 GMT+0200 (CEST);1569490390000
1380556832687962;38.1;32.9;Thu Sep 26 2019 11:35:12 GMT+0200 (CEST);Thu Sep 26 2019 09:35:12 GMT+0200 (CEST);1569490512000
1380556832687962;38.1;33.1;Thu Sep 26 2019 11:37:11 GMT+0200 (CEST);Thu Sep 26 2019 09:37:11 GMT+0200 (CEST);1569490631000
1380556832687962;38.1;33.2;Thu Sep 26 2019 11:39:11 GMT+0200 (CEST);Thu Sep 26 2019 09:39:11 GMT+0200 (CEST);1569490751000
1380556832687962;35.6;33.3;Thu Sep 26 2019 11:41:12 GMT+0200 (CEST);Thu Sep 26 2019 09:41:12 GMT+0200 (CEST);1569490872000
1380556832687962;35.6;33.3;Thu Sep 26 2019 11:43:05 GMT+0200 (CEST);Thu Sep 26 2019 09:43:05 GMT+0200 (CEST);1569490985000
1380556832687962;35.6;33.1;Thu Sep 26 2019 11:44:58 GMT+0200 (CEST);Thu Sep 26 2019 09:44:58 GMT+0200 (CEST);1569491098000
1380556832687962;35.6;32.2;Thu Sep 26 2019 11:46:51 GMT+0200 (CEST);Thu Sep 26 2019 09:46:51 GMT+0200 (CEST);1569491211000
1380556832687962;35.6;32.5;Thu Sep 26 2019 11:48:43 GMT+0200 (CEST);Thu Sep 26 2019 09:48:43 GMT+0200 (CEST);1569491323000
1380556832687962;31.5;32.7;Thu Sep 26 2019 11:50:37 GMT+0200 (CEST);Thu Sep 26 2019 09:50:37 GMT+0200 (CEST);1569491437000
1380556832687962;31.5;33;Thu Sep 26 2019 11:52:54 GMT+0200 (CEST);Thu Sep 26 2019 09:52:54 GMT+0200 (CEST);1569491574000
1380556832687962;30;33.2;Thu Sep 26 2019 11:54:47 GMT+0200 (CEST);Thu Sep 26 2019 09:54:47 GMT+0200 (CEST);1569491687000
1380556832687962;30;34.2;Thu Sep 26 2019 11:56:30 GMT+0200 (CEST);Thu Sep 26 2019 09:56:30 GMT+0200 (CEST);1569491790000
1380556832687962;30;34;Thu Sep 26 2019 11:58:25 GMT+0200 (CEST);Thu Sep 26 2019 09:58:25 GMT+0200 (CEST);1569491905000
1380556832687962;30;34;Thu Sep 26 2019 12:00:21 GMT+0200 (CEST);Thu Sep 26 2019 10:00:21 GMT+0200 (CEST);1569492021000
1380556832687962;30;33.3;Thu Sep 26 2019 12:02:14 GMT+0200 (CEST);Thu Sep 26 2019 10:02:14 GMT+0200 (CEST);1569492134000
1380556832687962;30;33.1;Thu Sep 26 2019 12:04:08 GMT+0200 (CEST);Thu Sep 26 2019 10:04:08 GMT+0200 (CEST);1569492248000
1380556832687962;29.5;33.3;Thu Sep 26 2019 12:06:01 GMT+0200 (CEST);Thu Sep 26 2019 10:06:01 GMT+0200 (CEST);1569492361000
1380556832687962;29.5;33.3;Thu Sep 26 2019 12:08:18 GMT+0200 (CEST);Thu Sep 26 2019 10:08:18 GMT+0200 (CEST);1569492498000
1380556832687962;29.5;34;Thu Sep 26 2019 12:10:11 GMT+0200 (CEST);Thu Sep 26 2019 10:10:11 GMT+0200 (CEST);1569492611000
1380556832687962;29.5;34;Thu Sep 26 2019 12:12:04 GMT+0200 (CEST);Thu Sep 26 2019 10:12:04 GMT+0200 (CEST);1569492724000
1380556832687962;29.5;33.8;Thu Sep 26 2019 12:13:57 GMT+0200 (CEST);Thu Sep 26 2019 10:13:57 GMT+0200 (CEST);1569492837000
1380556832687962;29.5;33.8;Thu Sep 26 2019 12:15:52 GMT+0200 (CEST);Thu Sep 26 2019 10:15:52 GMT+0200 (CEST);1569492952000
1380556832687962;29.5;34;Thu Sep 26 2019 12:17:44 GMT+0200 (CEST);Thu Sep 26 2019 10:17:44 GMT+0200 (CEST);1569493064000
1380556832687962;29.5;34;Thu Sep 26 2019 12:19:37 GMT+0200 (CEST);Thu Sep 26 2019 10:19:37 GMT+0200 (CEST);1569493177000
1380556832687962;29.5;34;Thu Sep 26 2019 12:21:31 GMT+0200 (CEST);Thu Sep 26 2019 10:21:31 GMT+0200 (CEST);1569493291000
1380556832687962;29.5;34;Thu Sep 26 2019 12:23:47 GMT+0200 (CEST);Thu Sep 26 2019 10:23:47 GMT+0200 (CEST);1569493427000
1380556832687962;30;33.9;Thu Sep 26 2019 12:25:40 GMT+0200 (CEST);Thu Sep 26 2019 10:25:40 GMT+0200 (CEST);1569493540000
1380556832687962;30;34.2;Thu Sep 26 2019 12:27:34 GMT+0200 (CEST);Thu Sep 26 2019 10:27:34 GMT+0200 (CEST);1569493654000
1380556832687962;32;34.3;Thu Sep 26 2019 12:29:26 GMT+0200 (CEST);Thu Sep 26 2019 10:29:26 GMT+0200 (CEST);1569493766000
1380556832687962;32;34.7;Thu Sep 26 2019 12:31:19 GMT+0200 (CEST);Thu Sep 26 2019 10:31:19 GMT+0200 (CEST);1569493879000
1380556832687962;32;33.2;Thu Sep 26 2019 12:33:12 GMT+0200 (CEST);Thu Sep 26 2019 10:33:12 GMT+0200 (CEST);1569493992000
1380556832687962;33.5;33;Thu Sep 26 2019 12:35:05 GMT+0200 (CEST);Thu Sep 26 2019 10:35:05 GMT+0200 (CEST);1569494105000
1380556832687962;33.5;32.9;Thu Sep 26 2019 12:37:00 GMT+0200 (CEST);Thu Sep 26 2019 10:37:00 GMT+0200 (CEST);1569494220000
1380556832687962;32;33.3;Thu Sep 26 2019 12:39:19 GMT+0200 (CEST);Thu Sep 26 2019 10:39:19 GMT+0200 (CEST);1569494359000
1380556832687962;32;33.4;Thu Sep 26 2019 12:41:15 GMT+0200 (CEST);Thu Sep 26 2019 10:41:15 GMT+0200 (CEST);1569494475000
1380556832687962;32;33.4;Thu Sep 26 2019 12:43:08 GMT+0200 (CEST);Thu Sep 26 2019 10:43:08 GMT+0200 (CEST);1569494588000
1380556832687962;32;33.9;Thu Sep 26 2019 12:45:01 GMT+0200 (CEST);Thu Sep 26 2019 10:45:01 GMT+0200 (CEST);1569494701000
1380556832687962;32;33.9;Thu Sep 26 2019 12:46:57 GMT+0200 (CEST);Thu Sep 26 2019 10:46:57 GMT+0200 (CEST);1569494817000
1380556832687962;33.5;33.7;Thu Sep 26 2019 12:48:50 GMT+0200 (CEST);Thu Sep 26 2019 10:48:50 GMT+0200 (CEST);1569494930000
1380556832687962;33.5;33.5;Thu Sep 26 2019 12:50:43 GMT+0200 (CEST);Thu Sep 26 2019 10:50:43 GMT+0200 (CEST);1569495043000
1380556832687962;33.5;33.5;Thu Sep 26 2019 12:52:41 GMT+0200 (CEST);Thu Sep 26 2019 10:52:41 GMT+0200 (CEST);1569495161000
1380556832687962;33.5;33.2;Thu Sep 26 2019 12:54:41 GMT+0200 (CEST);Thu Sep 26 2019 10:54:41 GMT+0200 (CEST);1569495281000
1380556832687962;33.5;33.1;Thu Sep 26 2019 12:56:34 GMT+0200 (CEST);Thu Sep 26 2019 10:56:34 GMT+0200 (CEST);1569495394000
1380556832687962;33.5;33.1;Thu Sep 26 2019 12:58:28 GMT+0200 (CEST);Thu Sep 26 2019 10:58:28 GMT+0200 (CEST);1569495508000
1380556832687962;33.5;32.9;Thu Sep 26 2019 13:00:21 GMT+0200 (CEST);Thu Sep 26 2019 11:00:21 GMT+0200 (CEST);1569495621000
1380556832687962;33.5;33.1;Thu Sep 26 2019 13:02:14 GMT+0200 (CEST);Thu Sep 26 2019 11:02:14 GMT+0200 (CEST);1569495734000
1380556832687962;33.5;33.5;Thu Sep 26 2019 13:04:10 GMT+0200 (CEST);Thu Sep 26 2019 11:04:10 GMT+0200 (CEST);1569495850000
1380556832687962;33.5;33.5;Thu Sep 26 2019 13:06:03 GMT+0200 (CEST);Thu Sep 26 2019 11:06:03 GMT+0200 (CEST);1569495963000
1380556832687962;31.5;33.8;Thu Sep 26 2019 13:07:57 GMT+0200 (CEST);Thu Sep 26 2019 11:07:57 GMT+0200 (CEST);1569496077000
1380556832687962;31.5;33.7;Thu Sep 26 2019 13:09:50 GMT+0200 (CEST);Thu Sep 26 2019 11:09:50 GMT+0200 (CEST);1569496190000
1380556832687962;31.5;33.7;Thu Sep 26 2019 13:11:43 GMT+0200 (CEST);Thu Sep 26 2019 11:11:43 GMT+0200 (CEST);1569496303000
1380556832687962;31.5;33.8;Thu Sep 26 2019 13:13:35 GMT+0200 (CEST);Thu Sep 26 2019 11:13:35 GMT+0200 (CEST);1569496415000
1380556832687962;31.5;33.8;Thu Sep 26 2019 13:15:28 GMT+0200 (CEST);Thu Sep 26 2019 11:15:28 GMT+0200 (CEST);1569496528000
1380556832687962;31.5;33.9;Thu Sep 26 2019 13:17:21 GMT+0200 (CEST);Thu Sep 26 2019 11:17:21 GMT+0200 (CEST);1569496641000
1380556832687962;31.5;33.6;Thu Sep 26 2019 13:19:15 GMT+0200 (CEST);Thu Sep 26 2019 11:19:15 GMT+0200 (CEST);1569496755000
1380556832687962;31.5;34;Thu Sep 26 2019 13:21:12 GMT+0200 (CEST);Thu Sep 26 2019 11:21:12 GMT+0200 (CEST);1569496872000
1380556832687962;32;34;Thu Sep 26 2019 13:23:09 GMT+0200 (CEST);Thu Sep 26 2019 11:23:09 GMT+0200 (CEST);1569496989000
1380556832687962;32;33;Thu Sep 26 2019 13:25:03 GMT+0200 (CEST);Thu Sep 26 2019 11:25:03 GMT+0200 (CEST);1569497103000
1380556832687962;32;32.9;Thu Sep 26 2019 13:26:56 GMT+0200 (CEST);Thu Sep 26 2019 11:26:56 GMT+0200 (CEST);1569497216000
1380556832687962;32;33.1;Thu Sep 26 2019 13:28:49 GMT+0200 (CEST);Thu Sep 26 2019 11:28:49 GMT+0200 (CEST);1569497329000
1380556832687962;32;33.1;Thu Sep 26 2019 13:30:42 GMT+0200 (CEST);Thu Sep 26 2019 11:30:42 GMT+0200 (CEST);1569497442000
1380556832687962;32;33.1;Thu Sep 26 2019 13:32:35 GMT+0200 (CEST);Thu Sep 26 2019 11:32:35 GMT+0200 (CEST);1569497555000
1380556832687962;32;33.4;Thu Sep 26 2019 13:34:29 GMT+0200 (CEST);Thu Sep 26 2019 11:34:29 GMT+0200 (CEST);1569497669000
1380556832687962;32;33.7;Thu Sep 26 2019 13:36:33 GMT+0200 (CEST);Thu Sep 26 2019 11:36:33 GMT+0200 (CEST);1569497793000
1380556832687962;32;33.8;Thu Sep 26 2019 13:38:25 GMT+0200 (CEST);Thu Sep 26 2019 11:38:25 GMT+0200 (CEST);1569497905000
1380556832687962;32;33.8;Thu Sep 26 2019 13:40:18 GMT+0200 (CEST);Thu Sep 26 2019 11:40:18 GMT+0200 (CEST);1569498018000
1380556832687962;32;33.8;Thu Sep 26 2019 13:42:12 GMT+0200 (CEST);Thu Sep 26 2019 11:42:12 GMT+0200 (CEST);1569498132000
1380556832687962;32;33.5;Thu Sep 26 2019 13:44:10 GMT+0200 (CEST);Thu Sep 26 2019 11:44:10 GMT+0200 (CEST);1569498250000
1380556832687962;32;33.1;Thu Sep 26 2019 13:46:04 GMT+0200 (CEST);Thu Sep 26 2019 11:46:04 GMT+0200 (CEST);1569498364000
1380556832687962;32;32.4;Thu Sep 26 2019 13:48:00 GMT+0200 (CEST);Thu Sep 26 2019 11:48:00 GMT+0200 (CEST);1569498480000
1380556832687962;32;32.4;Thu Sep 26 2019 13:49:53 GMT+0200 (CEST);Thu Sep 26 2019 11:49:53 GMT+0200 (CEST);1569498593000
1380556832687962;31.5;33.4;Thu Sep 26 2019 13:52:07 GMT+0200 (CEST);Thu Sep 26 2019 11:52:07 GMT+0200 (CEST);1569498727000
1380556832687962;31.5;34;Thu Sep 26 2019 13:54:01 GMT+0200 (CEST);Thu Sep 26 2019 11:54:01 GMT+0200 (CEST);1569498841000
1380556832687962;30;34;Thu Sep 26 2019 13:55:54 GMT+0200 (CEST);Thu Sep 26 2019 11:55:54 GMT+0200 (CEST);1569498954000
1380556832687962;30;34;Thu Sep 26 2019 13:57:47 GMT+0200 (CEST);Thu Sep 26 2019 11:57:47 GMT+0200 (CEST);1569499067000
1380556832687962;30;33.8;Thu Sep 26 2019 13:59:40 GMT+0200 (CEST);Thu Sep 26 2019 11:59:40 GMT+0200 (CEST);1569499180000
1380556832687962;30;33.5;Thu Sep 26 2019 14:01:33 GMT+0200 (CEST);Thu Sep 26 2019 12:01:33 GMT+0200 (CEST);1569499293000
1380556832687962;30;33.3;Thu Sep 26 2019 14:03:26 GMT+0200 (CEST);Thu Sep 26 2019 12:03:26 GMT+0200 (CEST);1569499406000
1380556832687962;30;33.2;Thu Sep 26 2019 14:05:28 GMT+0200 (CEST);Thu Sep 26 2019 12:05:28 GMT+0200 (CEST);1569499528000
1380556832687962;30;33;Thu Sep 26 2019 14:07:32 GMT+0200 (CEST);Thu Sep 26 2019 12:07:32 GMT+0200 (CEST);1569499652000
1380556832687962;30;32.7;Thu Sep 26 2019 14:09:25 GMT+0200 (CEST);Thu Sep 26 2019 12:09:25 GMT+0200 (CEST);1569499765000
1380556832687962;29.5;32.7;Thu Sep 26 2019 14:11:21 GMT+0200 (CEST);Thu Sep 26 2019 12:11:21 GMT+0200 (CEST);1569499881000
1380556832687962;29.5;33;Thu Sep 26 2019 14:13:18 GMT+0200 (CEST);Thu Sep 26 2019 12:13:18 GMT+0200 (CEST);1569499998000
1380556832687962;29.5;32.9;Thu Sep 26 2019 14:15:11 GMT+0200 (CEST);Thu Sep 26 2019 12:15:11 GMT+0200 (CEST);1569500111000
1380556832687962;29.5;32.6;Thu Sep 26 2019 14:17:04 GMT+0200 (CEST);Thu Sep 26 2019 12:17:04 GMT+0200 (CEST);1569500224000
1380556832687962;29.5;32.5;Thu Sep 26 2019 14:18:57 GMT+0200 (CEST);Thu Sep 26 2019 12:18:57 GMT+0200 (CEST);1569500337000
1380556832687962;29.5;32.4;Thu Sep 26 2019 14:20:50 GMT+0200 (CEST);Thu Sep 26 2019 12:20:50 GMT+0200 (CEST);1569500450000
1380556832687962;29.5;32.7;Thu Sep 26 2019 14:23:04 GMT+0200 (CEST);Thu Sep 26 2019 12:23:04 GMT+0200 (CEST);1569500584000
1380556832687962;29.5;33.1;Thu Sep 26 2019 14:24:57 GMT+0200 (CEST);Thu Sep 26 2019 12:24:57 GMT+0200 (CEST);1569500697000
1380556832687962;29.5;33.6;Thu Sep 26 2019 14:26:54 GMT+0200 (CEST);Thu Sep 26 2019 12:26:54 GMT+0200 (CEST);1569500814000
1380556832687962;29.5;33.9;Thu Sep 26 2019 14:28:47 GMT+0200 (CEST);Thu Sep 26 2019 12:28:47 GMT+0200 (CEST);1569500927000
1380556832687962;29.5;33.9;Thu Sep 26 2019 14:30:47 GMT+0200 (CEST);Thu Sep 26 2019 12:30:47 GMT+0200 (CEST);1569501047000
1380556832687962;29.5;33.7;Thu Sep 26 2019 14:32:43 GMT+0200 (CEST);Thu Sep 26 2019 12:32:43 GMT+0200 (CEST);1569501163000
1380556832687962;27.5;33.6;Thu Sep 26 2019 14:34:41 GMT+0200 (CEST);Thu Sep 26 2019 12:34:41 GMT+0200 (CEST);1569501281000
1380556832687962;27.5;33.6;Thu Sep 26 2019 14:36:34 GMT+0200 (CEST);Thu Sep 26 2019 12:36:34 GMT+0200 (CEST);1569501394000
1380556832687962;27.5;33.7;Thu Sep 26 2019 14:38:41 GMT+0200 (CEST);Thu Sep 26 2019 12:38:41 GMT+0200 (CEST);1569501521000
1380556832687962;27.5;34.1;Thu Sep 26 2019 14:40:40 GMT+0200 (CEST);Thu Sep 26 2019 12:40:40 GMT+0200 (CEST);1569501640000
1380556832687962;27.5;34;Thu Sep 26 2019 14:42:34 GMT+0200 (CEST);Thu Sep 26 2019 12:42:34 GMT+0200 (CEST);1569501754000
1380556832687962;27.5;33.6;Thu Sep 26 2019 14:44:28 GMT+0200 (CEST);Thu Sep 26 2019 12:44:28 GMT+0200 (CEST);1569501868000
1380556832687962;27.5;33.1;Thu Sep 26 2019 14:46:29 GMT+0200 (CEST);Thu Sep 26 2019 12:46:29 GMT+0200 (CEST);1569501989000
1380556832687962;26;33.5;Thu Sep 26 2019 14:48:22 GMT+0200 (CEST);Thu Sep 26 2019 12:48:22 GMT+0200 (CEST);1569502102000
1380556832687962;26;33.6;Thu Sep 26 2019 14:50:15 GMT+0200 (CEST);Thu Sep 26 2019 12:50:15 GMT+0200 (CEST);1569502215000
1380556832687962;26;33.6;Thu Sep 26 2019 14:52:10 GMT+0200 (CEST);Thu Sep 26 2019 12:52:10 GMT+0200 (CEST);1569502330000
1380556832687962;26;33.6;Thu Sep 26 2019 14:54:15 GMT+0200 (CEST);Thu Sep 26 2019 12:54:15 GMT+0200 (CEST);1569502455000
1380556832687962;26;32.6;Thu Sep 26 2019 14:56:08 GMT+0200 (CEST);Thu Sep 26 2019 12:56:08 GMT+0200 (CEST);1569502568000
1380556832687962;26;31.5;Thu Sep 26 2019 14:58:03 GMT+0200 (CEST);Thu Sep 26 2019 12:58:03 GMT+0200 (CEST);1569502683000
1380556832687962;25.5;31.4;Thu Sep 26 2019 14:59:55 GMT+0200 (CEST);Thu Sep 26 2019 12:59:55 GMT+0200 (CEST);1569502795000
1380556832687962;25.5;31.5;Thu Sep 26 2019 15:01:49 GMT+0200 (CEST);Thu Sep 26 2019 13:01:49 GMT+0200 (CEST);1569502909000
1380556832687962;25.5;31.8;Thu Sep 26 2019 15:03:41 GMT+0200 (CEST);Thu Sep 26 2019 13:03:41 GMT+0200 (CEST);1569503021000
1380556832687962;25.5;31.6;Thu Sep 26 2019 15:05:34 GMT+0200 (CEST);Thu Sep 26 2019 13:05:34 GMT+0200 (CEST);1569503134000
1380556832687962;25.5;32.8;Thu Sep 26 2019 15:07:26 GMT+0200 (CEST);Thu Sep 26 2019 13:07:26 GMT+0200 (CEST);1569503246000
1380556832687962;25.5;32.9;Thu Sep 26 2019 15:09:43 GMT+0200 (CEST);Thu Sep 26 2019 13:09:43 GMT+0200 (CEST);1569503383000
1380556832687962;25.5;33.4;Thu Sep 26 2019 15:11:37 GMT+0200 (CEST);Thu Sep 26 2019 13:11:37 GMT+0200 (CEST);1569503497000
1380556832687962;25.5;33.9;Thu Sep 26 2019 15:13:31 GMT+0200 (CEST);Thu Sep 26 2019 13:13:31 GMT+0200 (CEST);1569503611000
1380556832687962;25.5;34.1;Thu Sep 26 2019 15:15:29 GMT+0200 (CEST);Thu Sep 26 2019 13:15:29 GMT+0200 (CEST);1569503729000
1380556832687962;25.5;33.9;Thu Sep 26 2019 15:17:26 GMT+0200 (CEST);Thu Sep 26 2019 13:17:26 GMT+0200 (CEST);1569503846000
1380556832687962;25.5;33.8;Thu Sep 26 2019 15:19:18 GMT+0200 (CEST);Thu Sep 26 2019 13:19:18 GMT+0200 (CEST);1569503958000
1380556832687962;25.5;33.8;Thu Sep 26 2019 15:21:13 GMT+0200 (CEST);Thu Sep 26 2019 13:21:13 GMT+0200 (CEST);1569504073000
1380556832687962;27.5;33.5;Thu Sep 26 2019 15:23:05 GMT+0200 (CEST);Thu Sep 26 2019 13:23:05 GMT+0200 (CEST);1569504185000
1380556832687962;27.5;32.4;Thu Sep 26 2019 15:25:15 GMT+0200 (CEST);Thu Sep 26 2019 13:25:15 GMT+0200 (CEST);1569504315000
1380556832687962;27.5;31.8;Thu Sep 26 2019 15:27:11 GMT+0200 (CEST);Thu Sep 26 2019 13:27:11 GMT+0200 (CEST);1569504431000
1380556832687962;26;31.7;Thu Sep 26 2019 15:29:04 GMT+0200 (CEST);Thu Sep 26 2019 13:29:04 GMT+0200 (CEST);1569504544000
1380556832687962;26;32.4;Thu Sep 26 2019 15:30:57 GMT+0200 (CEST);Thu Sep 26 2019 13:30:57 GMT+0200 (CEST);1569504657000
1380556832687962;26;33.4;Thu Sep 26 2019 15:32:54 GMT+0200 (CEST);Thu Sep 26 2019 13:32:54 GMT+0200 (CEST);1569504774000
1380556832687962;26;33.6;Thu Sep 26 2019 15:34:47 GMT+0200 (CEST);Thu Sep 26 2019 13:34:47 GMT+0200 (CEST);1569504887000
1380556832687962;26;33.3;Thu Sep 26 2019 15:36:39 GMT+0200 (CEST);Thu Sep 26 2019 13:36:39 GMT+0200 (CEST);1569504999000
1380556832687962;26;33.1;Thu Sep 26 2019 15:38:33 GMT+0200 (CEST);Thu Sep 26 2019 13:38:33 GMT+0200 (CEST);1569505113000
1380556832687962;26;33;Thu Sep 26 2019 15:40:53 GMT+0200 (CEST);Thu Sep 26 2019 13:40:53 GMT+0200 (CEST);1569505253000
1380556832687962;25;33;Thu Sep 26 2019 15:42:45 GMT+0200 (CEST);Thu Sep 26 2019 13:42:45 GMT+0200 (CEST);1569505365000
1380556832687962;25;33.1;Thu Sep 26 2019 15:44:38 GMT+0200 (CEST);Thu Sep 26 2019 13:44:38 GMT+0200 (CEST);1569505478000
1380556832687962;25;32.7;Thu Sep 26 2019 15:46:31 GMT+0200 (CEST);Thu Sep 26 2019 13:46:31 GMT+0200 (CEST);1569505591000
1380556832687962;26;32.7;Thu Sep 26 2019 15:48:28 GMT+0200 (CEST);Thu Sep 26 2019 13:48:28 GMT+0200 (CEST);1569505708000
1380556832687962;26;32.5;Thu Sep 26 2019 15:50:21 GMT+0200 (CEST);Thu Sep 26 2019 13:50:21 GMT+0200 (CEST);1569505821000
1380556832687962;25.5;32.6;Thu Sep 26 2019 15:52:16 GMT+0200 (CEST);Thu Sep 26 2019 13:52:16 GMT+0200 (CEST);1569505936000
1380556832687962;25.5;32.5;Thu Sep 26 2019 15:54:09 GMT+0200 (CEST);Thu Sep 26 2019 13:54:09 GMT+0200 (CEST);1569506049000
1380556832687962;25.5;32.3;Thu Sep 26 2019 15:56:14 GMT+0200 (CEST);Thu Sep 26 2019 13:56:14 GMT+0200 (CEST);1569506174000
1380556832687962;25.5;32.3;Thu Sep 26 2019 15:58:06 GMT+0200 (CEST);Thu Sep 26 2019 13:58:06 GMT+0200 (CEST);1569506286000
1380556832687962;25.5;32.7;Thu Sep 26 2019 15:59:59 GMT+0200 (CEST);Thu Sep 26 2019 13:59:59 GMT+0200 (CEST);1569506399000
1380556832687962;25.5;32.7;Thu Sep 26 2019 16:01:53 GMT+0200 (CEST);Thu Sep 26 2019 14:01:53 GMT+0200 (CEST);1569506513000
1380556832687962;25.5;32.2;Thu Sep 26 2019 16:03:57 GMT+0200 (CEST);Thu Sep 26 2019 14:03:57 GMT+0200 (CEST);1569506637000
1380556832687962;25.5;32.7;Thu Sep 26 2019 16:05:50 GMT+0200 (CEST);Thu Sep 26 2019 14:05:50 GMT+0200 (CEST);1569506750000
1380556832687962;25.5;32.7;Thu Sep 26 2019 16:07:43 GMT+0200 (CEST);Thu Sep 26 2019 14:07:43 GMT+0200 (CEST);1569506863000
1380556832687962;25.5;32.5;Thu Sep 26 2019 16:09:36 GMT+0200 (CEST);Thu Sep 26 2019 14:09:36 GMT+0200 (CEST);1569506976000
1380556832687962;23;32.7;Thu Sep 26 2019 16:11:37 GMT+0200 (CEST);Thu Sep 26 2019 14:11:37 GMT+0200 (CEST);1569507097000
1380556832687962;23;32.7;Thu Sep 26 2019 16:13:32 GMT+0200 (CEST);Thu Sep 26 2019 14:13:32 GMT+0200 (CEST);1569507212000
1380556832687962;23;32.1;Thu Sep 26 2019 16:15:26 GMT+0200 (CEST);Thu Sep 26 2019 14:15:26 GMT+0200 (CEST);1569507326000
1380556832687962;23;31.8;Thu Sep 26 2019 16:17:18 GMT+0200 (CEST);Thu Sep 26 2019 14:17:18 GMT+0200 (CEST);1569507438000
1380556832687962;23;31.6;Thu Sep 26 2019 16:19:30 GMT+0200 (CEST);Thu Sep 26 2019 14:19:30 GMT+0200 (CEST);1569507570000
1380556832687962;23;31.9;Thu Sep 26 2019 16:21:23 GMT+0200 (CEST);Thu Sep 26 2019 14:21:23 GMT+0200 (CEST);1569507683000
1380556832687962;23;31.9;Thu Sep 26 2019 16:23:18 GMT+0200 (CEST);Thu Sep 26 2019 14:23:18 GMT+0200 (CEST);1569507798000
1380556832687962;23;31.6;Thu Sep 26 2019 16:25:11 GMT+0200 (CEST);Thu Sep 26 2019 14:25:11 GMT+0200 (CEST);1569507911000
1380556832687962;22;32;Thu Sep 26 2019 16:27:05 GMT+0200 (CEST);Thu Sep 26 2019 14:27:05 GMT+0200 (CEST);1569508025000
1380556832687962;22;32;Thu Sep 26 2019 16:28:59 GMT+0200 (CEST);Thu Sep 26 2019 14:28:59 GMT+0200 (CEST);1569508139000
1380556832687962;23;32;Thu Sep 26 2019 16:30:53 GMT+0200 (CEST);Thu Sep 26 2019 14:30:53 GMT+0200 (CEST);1569508253000
1380556832687962;23;32;Thu Sep 26 2019 16:32:46 GMT+0200 (CEST);Thu Sep 26 2019 14:32:46 GMT+0200 (CEST);1569508366000
1380556832687962;23;32.3;Thu Sep 26 2019 16:35:23 GMT+0200 (CEST);Thu Sep 26 2019 14:35:23 GMT+0200 (CEST);1569508523000
1380556832687962;23;32.3;Thu Sep 26 2019 16:37:25 GMT+0200 (CEST);Thu Sep 26 2019 14:37:25 GMT+0200 (CEST);1569508645000
1380556832687962;23;32.6;Thu Sep 26 2019 16:39:18 GMT+0200 (CEST);Thu Sep 26 2019 14:39:18 GMT+0200 (CEST);1569508758000
1380556832687962;23;32.2;Thu Sep 26 2019 16:41:13 GMT+0200 (CEST);Thu Sep 26 2019 14:41:13 GMT+0200 (CEST);1569508873000
1380556832687962;23;32.1;Thu Sep 26 2019 16:43:06 GMT+0200 (CEST);Thu Sep 26 2019 14:43:06 GMT+0200 (CEST);1569508986000
1380556832687962;23;32.3;Thu Sep 26 2019 16:44:58 GMT+0200 (CEST);Thu Sep 26 2019 14:44:58 GMT+0200 (CEST);1569509098000
1380556832687962;23;32;Thu Sep 26 2019 16:46:53 GMT+0200 (CEST);Thu Sep 26 2019 14:46:53 GMT+0200 (CEST);1569509213000
1380556832687962;23;32.1;Thu Sep 26 2019 16:48:52 GMT+0200 (CEST);Thu Sep 26 2019 14:48:52 GMT+0200 (CEST);1569509332000
1380556832687962;23;32.1;Thu Sep 26 2019 16:50:49 GMT+0200 (CEST);Thu Sep 26 2019 14:50:49 GMT+0200 (CEST);1569509449000
1380556832687962;23;32.1;Thu Sep 26 2019 16:52:42 GMT+0200 (CEST);Thu Sep 26 2019 14:52:42 GMT+0200 (CEST);1569509562000
1380556832687962;23;32;Thu Sep 26 2019 16:54:34 GMT+0200 (CEST);Thu Sep 26 2019 14:54:34 GMT+0200 (CEST);1569509674000
1380556832687962;23;31.8;Thu Sep 26 2019 16:56:27 GMT+0200 (CEST);Thu Sep 26 2019 14:56:27 GMT+0200 (CEST);1569509787000
1380556832687962;23;31.8;Thu Sep 26 2019 16:58:22 GMT+0200 (CEST);Thu Sep 26 2019 14:58:22 GMT+0200 (CEST);1569509902000
1380556832687962;23;31.1;Thu Sep 26 2019 17:00:15 GMT+0200 (CEST);Thu Sep 26 2019 15:00:15 GMT+0200 (CEST);1569510015000
1380556832687962;23;30.9;Thu Sep 26 2019 17:02:07 GMT+0200 (CEST);Thu Sep 26 2019 15:02:07 GMT+0200 (CEST);1569510127000
1380556832687962;23;31;Thu Sep 26 2019 17:04:07 GMT+0200 (CEST);Thu Sep 26 2019 15:04:07 GMT+0200 (CEST);1569510247000
1380556832687962;23;31;Thu Sep 26 2019 17:06:35 GMT+0200 (CEST);Thu Sep 26 2019 15:06:35 GMT+0200 (CEST);1569510395000
1380556832687962;23;31;Thu Sep 26 2019 17:08:35 GMT+0200 (CEST);Thu Sep 26 2019 15:08:35 GMT+0200 (CEST);1569510515000
1380556832687962;23;31.5;Thu Sep 26 2019 17:10:27 GMT+0200 (CEST);Thu Sep 26 2019 15:10:27 GMT+0200 (CEST);1569510627000
1380556832687962;23;31.5;Thu Sep 26 2019 17:12:21 GMT+0200 (CEST);Thu Sep 26 2019 15:12:21 GMT+0200 (CEST);1569510741000
1380556832687962;23;31.7;Thu Sep 26 2019 17:14:14 GMT+0200 (CEST);Thu Sep 26 2019 15:14:14 GMT+0200 (CEST);1569510854000
1380556832687962;23;31.9;Thu Sep 26 2019 17:16:07 GMT+0200 (CEST);Thu Sep 26 2019 15:16:07 GMT+0200 (CEST);1569510967000
1380556832687962;23;32.1;Thu Sep 26 2019 17:18:00 GMT+0200 (CEST);Thu Sep 26 2019 15:18:00 GMT+0200 (CEST);1569511080000
1380556832687962;23;32.1;Thu Sep 26 2019 17:19:53 GMT+0200 (CEST);Thu Sep 26 2019 15:19:53 GMT+0200 (CEST);1569511193000
1380556832687962;23;31.8;Thu Sep 26 2019 17:21:51 GMT+0200 (CEST);Thu Sep 26 2019 15:21:51 GMT+0200 (CEST);1569511311000
1380556832687962;23;31.8;Thu Sep 26 2019 17:23:43 GMT+0200 (CEST);Thu Sep 26 2019 15:23:43 GMT+0200 (CEST);1569511423000
1380556832687962;23;31.8;Thu Sep 26 2019 17:25:36 GMT+0200 (CEST);Thu Sep 26 2019 15:25:36 GMT+0200 (CEST);1569511536000
1380556832687962;23;31.8;Thu Sep 26 2019 17:27:29 GMT+0200 (CEST);Thu Sep 26 2019 15:27:29 GMT+0200 (CEST);1569511649000
1380556832687962;22;31.8;Thu Sep 26 2019 17:29:22 GMT+0200 (CEST);Thu Sep 26 2019 15:29:22 GMT+0200 (CEST);1569511762000
1380556832687962;22;31.9;Thu Sep 26 2019 17:31:15 GMT+0200 (CEST);Thu Sep 26 2019 15:31:15 GMT+0200 (CEST);1569511875000
1380556832687962;22;31.9;Thu Sep 26 2019 17:33:08 GMT+0200 (CEST);Thu Sep 26 2019 15:33:08 GMT+0200 (CEST);1569511988000
1380556832687962;22;32.2;Thu Sep 26 2019 17:35:01 GMT+0200 (CEST);Thu Sep 26 2019 15:35:01 GMT+0200 (CEST);1569512101000
1380556832687962;22;32;Thu Sep 26 2019 17:37:27 GMT+0200 (CEST);Thu Sep 26 2019 15:37:27 GMT+0200 (CEST);1569512247000
1380556832687962;22;32.3;Thu Sep 26 2019 17:39:19 GMT+0200 (CEST);Thu Sep 26 2019 15:39:19 GMT+0200 (CEST);1569512359000
1380556832687962;22;32.1;Thu Sep 26 2019 17:41:15 GMT+0200 (CEST);Thu Sep 26 2019 15:41:15 GMT+0200 (CEST);1569512475000
1380556832687962;22;32.1;Thu Sep 26 2019 17:43:09 GMT+0200 (CEST);Thu Sep 26 2019 15:43:09 GMT+0200 (CEST);1569512589000
1380556832687962;22;32.1;Thu Sep 26 2019 17:45:04 GMT+0200 (CEST);Thu Sep 26 2019 15:45:04 GMT+0200 (CEST);1569512704000
1380556832687962;22;32.2;Thu Sep 26 2019 17:48:53 GMT+0200 (CEST);Thu Sep 26 2019 15:48:53 GMT+0200 (CEST);1569512933000
1380556832687962;22;32.4;Thu Sep 26 2019 17:50:46 GMT+0200 (CEST);Thu Sep 26 2019 15:50:46 GMT+0200 (CEST);1569513046000
1380556832687962;22;32.4;Thu Sep 26 2019 17:52:40 GMT+0200 (CEST);Thu Sep 26 2019 15:52:40 GMT+0200 (CEST);1569513160000
1380556832687962;22;32.2;Thu Sep 26 2019 17:54:33 GMT+0200 (CEST);Thu Sep 26 2019 15:54:33 GMT+0200 (CEST);1569513273000
1380556832687962;22;32.3;Thu Sep 26 2019 17:56:31 GMT+0200 (CEST);Thu Sep 26 2019 15:56:31 GMT+0200 (CEST);1569513391000
1380556832687962;21.5;31.9;Thu Sep 26 2019 17:58:24 GMT+0200 (CEST);Thu Sep 26 2019 15:58:24 GMT+0200 (CEST);1569513504000
1380556832687962;21.5;32.4;Thu Sep 26 2019 18:00:21 GMT+0200 (CEST);Thu Sep 26 2019 16:00:21 GMT+0200 (CEST);1569513621000
1380556832687962;21;32.3;Thu Sep 26 2019 18:02:14 GMT+0200 (CEST);Thu Sep 26 2019 16:02:14 GMT+0200 (CEST);1569513734000
1380556832687962;21;32;Thu Sep 26 2019 18:04:07 GMT+0200 (CEST);Thu Sep 26 2019 16:04:07 GMT+0200 (CEST);1569513847000
1380556832687962;21;32;Thu Sep 26 2019 18:06:00 GMT+0200 (CEST);Thu Sep 26 2019 16:06:00 GMT+0200 (CEST);1569513960000
1380556832687962;21.5;31.8;Thu Sep 26 2019 18:08:07 GMT+0200 (CEST);Thu Sep 26 2019 16:08:07 GMT+0200 (CEST);1569514087000
1380556832687962;21.5;31.6;Thu Sep 26 2019 18:10:01 GMT+0200 (CEST);Thu Sep 26 2019 16:10:01 GMT+0200 (CEST);1569514201000
1380556832687962;21.5;31.3;Thu Sep 26 2019 18:11:53 GMT+0200 (CEST);Thu Sep 26 2019 16:11:53 GMT+0200 (CEST);1569514313000
1380556832687962;21.5;31.2;Thu Sep 26 2019 18:13:47 GMT+0200 (CEST);Thu Sep 26 2019 16:13:47 GMT+0200 (CEST);1569514427000
1380556832687962;21.5;31.2;Thu Sep 26 2019 18:15:51 GMT+0200 (CEST);Thu Sep 26 2019 16:15:51 GMT+0200 (CEST);1569514551000
1380556832687962;21.5;31.2;Thu Sep 26 2019 18:17:44 GMT+0200 (CEST);Thu Sep 26 2019 16:17:44 GMT+0200 (CEST);1569514664000
1380556832687962;21.5;31.2;Thu Sep 26 2019 18:19:36 GMT+0200 (CEST);Thu Sep 26 2019 16:19:36 GMT+0200 (CEST);1569514776000
1380556832687962;21.5;30.9;Thu Sep 26 2019 18:21:29 GMT+0200 (CEST);Thu Sep 26 2019 16:21:29 GMT+0200 (CEST);1569514889000
1380556832687962;21.5;31.1;Thu Sep 26 2019 18:23:43 GMT+0200 (CEST);Thu Sep 26 2019 16:23:43 GMT+0200 (CEST);1569515023000
1380556832687962;21.5;32.4;Thu Sep 26 2019 18:25:35 GMT+0200 (CEST);Thu Sep 26 2019 16:25:35 GMT+0200 (CEST);1569515135000
1380556832687962;21.5;32.5;Thu Sep 26 2019 18:27:28 GMT+0200 (CEST);Thu Sep 26 2019 16:27:28 GMT+0200 (CEST);1569515248000
1380556832687962;21.5;33.3;Thu Sep 26 2019 18:29:28 GMT+0200 (CEST);Thu Sep 26 2019 16:29:28 GMT+0200 (CEST);1569515368000
1380556832687962;21.5;33.5;Thu Sep 26 2019 18:31:26 GMT+0200 (CEST);Thu Sep 26 2019 16:31:26 GMT+0200 (CEST);1569515486000
1380556832687962;21.5;32.9;Thu Sep 26 2019 18:33:19 GMT+0200 (CEST);Thu Sep 26 2019 16:33:19 GMT+0200 (CEST);1569515599000
1380556832687962;21.5;32.7;Thu Sep 26 2019 18:35:14 GMT+0200 (CEST);Thu Sep 26 2019 16:35:14 GMT+0200 (CEST);1569515714000
1380556832687962;21.5;32.5;Thu Sep 26 2019 18:37:06 GMT+0200 (CEST);Thu Sep 26 2019 16:37:06 GMT+0200 (CEST);1569515826000
1380556832687962;21.5;32.5;Thu Sep 26 2019 18:38:59 GMT+0200 (CEST);Thu Sep 26 2019 16:38:59 GMT+0200 (CEST);1569515939000
1380556832687962;21.5;32.3;Thu Sep 26 2019 18:40:52 GMT+0200 (CEST);Thu Sep 26 2019 16:40:52 GMT+0200 (CEST);1569516052000
1380556832687962;21.5;31.9;Thu Sep 26 2019 18:42:47 GMT+0200 (CEST);Thu Sep 26 2019 16:42:47 GMT+0200 (CEST);1569516167000
1380556832687962;21.5;30.4;Thu Sep 26 2019 18:44:43 GMT+0200 (CEST);Thu Sep 26 2019 16:44:43 GMT+0200 (CEST);1569516283000
1380556832687962;21.5;26.3;Thu Sep 26 2019 18:46:36 GMT+0200 (CEST);Thu Sep 26 2019 16:46:36 GMT+0200 (CEST);1569516396000
1380556832687962;21.5;26.3;Thu Sep 26 2019 18:48:28 GMT+0200 (CEST);Thu Sep 26 2019 16:48:28 GMT+0200 (CEST);1569516508000
1380556832687962;21.5;26;Thu Sep 26 2019 18:50:21 GMT+0200 (CEST);Thu Sep 26 2019 16:50:21 GMT+0200 (CEST);1569516621000
1380556832687962;21.5;25.5;Thu Sep 26 2019 18:52:14 GMT+0200 (CEST);Thu Sep 26 2019 16:52:14 GMT+0200 (CEST);1569516734000
1380556832687962;17.4;26.1;Thu Sep 26 2019 18:54:08 GMT+0200 (CEST);Thu Sep 26 2019 16:54:08 GMT+0200 (CEST);1569516848000
1380556832687962;17.4;25.2;Thu Sep 26 2019 18:56:01 GMT+0200 (CEST);Thu Sep 26 2019 16:56:01 GMT+0200 (CEST);1569516961000
1380556832687962;17.4;24.6;Thu Sep 26 2019 18:57:53 GMT+0200 (CEST);Thu Sep 26 2019 16:57:53 GMT+0200 (CEST);1569517073000
1380556832687962;17.4;24.6;Thu Sep 26 2019 18:59:57 GMT+0200 (CEST);Thu Sep 26 2019 16:59:57 GMT+0200 (CEST);1569517197000
1380556832687962;17.4;24.6;Thu Sep 26 2019 19:02:05 GMT+0200 (CEST);Thu Sep 26 2019 17:02:05 GMT+0200 (CEST);1569517325000
1380556832687962;-273.2;26.9;Fri Sep 27 2019 07:29:45 GMT+0200 (CEST);Fri Sep 27 2019 05:29:45 GMT+0200 (CEST);1569562185000
1380556832687962;-273.2;27;Fri Sep 27 2019 07:31:37 GMT+0200 (CEST);Fri Sep 27 2019 05:31:37 GMT+0200 (CEST);1569562297000
1380556832687962;-273.2;27;Fri Sep 27 2019 07:33:59 GMT+0200 (CEST);Fri Sep 27 2019 05:33:59 GMT+0200 (CEST);1569562439000
1380556832687962;15.9;27.1;Fri Sep 27 2019 07:35:56 GMT+0200 (CEST);Fri Sep 27 2019 05:35:56 GMT+0200 (CEST);1569562556000
1380556832687962;15.9;27;Fri Sep 27 2019 07:37:57 GMT+0200 (CEST);Fri Sep 27 2019 05:37:57 GMT+0200 (CEST);1569562677000
1380556832687962;15.9;27.1;Fri Sep 27 2019 07:39:49 GMT+0200 (CEST);Fri Sep 27 2019 05:39:49 GMT+0200 (CEST);1569562789000
1380556832687962;15.9;26.5;Fri Sep 27 2019 07:41:43 GMT+0200 (CEST);Fri Sep 27 2019 05:41:43 GMT+0200 (CEST);1569562903000
1380556832687962;15.9;26.5;Fri Sep 27 2019 07:43:35 GMT+0200 (CEST);Fri Sep 27 2019 05:43:35 GMT+0200 (CEST);1569563015000
1380556832687962;15.9;26.4;Fri Sep 27 2019 07:45:29 GMT+0200 (CEST);Fri Sep 27 2019 05:45:29 GMT+0200 (CEST);1569563129000
1380556832687962;15.9;26.7;Fri Sep 27 2019 07:47:23 GMT+0200 (CEST);Fri Sep 27 2019 05:47:23 GMT+0200 (CEST);1569563243000
1380556832687962;15.9;27.1;Fri Sep 27 2019 07:49:15 GMT+0200 (CEST);Fri Sep 27 2019 05:49:15 GMT+0200 (CEST);1569563355000
1380556832687962;15.9;24.6;Fri Sep 27 2019 07:51:16 GMT+0200 (CEST);Fri Sep 27 2019 05:51:16 GMT+0200 (CEST);1569563476000
1380556832687962;15.9;21.6;Fri Sep 27 2019 07:53:12 GMT+0200 (CEST);Fri Sep 27 2019 05:53:12 GMT+0200 (CEST);1569563592000
1380556832687962;15.9;22;Fri Sep 27 2019 07:55:06 GMT+0200 (CEST);Fri Sep 27 2019 05:55:06 GMT+0200 (CEST);1569563706000
1380556832687962;15.9;23.4;Fri Sep 27 2019 07:57:01 GMT+0200 (CEST);Fri Sep 27 2019 05:57:01 GMT+0200 (CEST);1569563821000
1380556832687962;15.9;23.7;Fri Sep 27 2019 07:58:53 GMT+0200 (CEST);Fri Sep 27 2019 05:58:53 GMT+0200 (CEST);1569563933000
1380556832687962;15.9;23.7;Fri Sep 27 2019 08:00:46 GMT+0200 (CEST);Fri Sep 27 2019 06:00:46 GMT+0200 (CEST);1569564046000
1380556832687962;15.9;22.9;Fri Sep 27 2019 08:02:41 GMT+0200 (CEST);Fri Sep 27 2019 06:02:41 GMT+0200 (CEST);1569564161000
1380556832687962;15.9;22.8;Fri Sep 27 2019 08:04:34 GMT+0200 (CEST);Fri Sep 27 2019 06:04:34 GMT+0200 (CEST);1569564274000
1380556832687962;15.9;23.1;Fri Sep 27 2019 08:06:30 GMT+0200 (CEST);Fri Sep 27 2019 06:06:30 GMT+0200 (CEST);1569564390000
1380556832687962;15.9;23.3;Fri Sep 27 2019 08:08:23 GMT+0200 (CEST);Fri Sep 27 2019 06:08:23 GMT+0200 (CEST);1569564503000
1380556832687962;15.9;23.3;Fri Sep 27 2019 08:10:16 GMT+0200 (CEST);Fri Sep 27 2019 06:10:16 GMT+0200 (CEST);1569564616000
1380556832687962;15.9;23.3;Fri Sep 27 2019 08:12:09 GMT+0200 (CEST);Fri Sep 27 2019 06:12:09 GMT+0200 (CEST);1569564729000
1380556832687962;15.9;23.2;Fri Sep 27 2019 08:14:00 GMT+0200 (CEST);Fri Sep 27 2019 06:14:00 GMT+0200 (CEST);1569564840000
1380556832687962;15.9;23.4;Fri Sep 27 2019 08:16:07 GMT+0200 (CEST);Fri Sep 27 2019 06:16:07 GMT+0200 (CEST);1569564967000
1380556832687962;15.9;29.4;Fri Sep 27 2019 08:17:59 GMT+0200 (CEST);Fri Sep 27 2019 06:17:59 GMT+0200 (CEST);1569565079000
1380556832687962;15.9;30.3;Fri Sep 27 2019 08:19:56 GMT+0200 (CEST);Fri Sep 27 2019 06:19:56 GMT+0200 (CEST);1569565196000
1380556832687962;15.9;30.2;Fri Sep 27 2019 08:22:20 GMT+0200 (CEST);Fri Sep 27 2019 06:22:20 GMT+0200 (CEST);1569565340000
1380556832687962;19.4;31.5;Fri Sep 27 2019 08:24:14 GMT+0200 (CEST);Fri Sep 27 2019 06:24:14 GMT+0200 (CEST);1569565454000
1380556832687962;19.4;30.9;Fri Sep 27 2019 08:26:08 GMT+0200 (CEST);Fri Sep 27 2019 06:26:08 GMT+0200 (CEST);1569565568000
1380556832687962;19.4;31;Fri Sep 27 2019 08:28:01 GMT+0200 (CEST);Fri Sep 27 2019 06:28:01 GMT+0200 (CEST);1569565681000
1380556832687962;19.4;31;Fri Sep 27 2019 08:30:11 GMT+0200 (CEST);Fri Sep 27 2019 06:30:11 GMT+0200 (CEST);1569565811000
1380556832687962;19.4;30.9;Fri Sep 27 2019 08:32:04 GMT+0200 (CEST);Fri Sep 27 2019 06:32:04 GMT+0200 (CEST);1569565924000
1380556832687962;19.9;31.6;Fri Sep 27 2019 08:33:58 GMT+0200 (CEST);Fri Sep 27 2019 06:33:58 GMT+0200 (CEST);1569566038000
1380556832687962;19.9;31.4;Fri Sep 27 2019 08:35:56 GMT+0200 (CEST);Fri Sep 27 2019 06:35:56 GMT+0200 (CEST);1569566156000
1380556832687962;21.5;31.4;Fri Sep 27 2019 08:38:38 GMT+0200 (CEST);Fri Sep 27 2019 06:38:38 GMT+0200 (CEST);1569566318000
1380556832687962;21.5;31.6;Fri Sep 27 2019 08:40:32 GMT+0200 (CEST);Fri Sep 27 2019 06:40:32 GMT+0200 (CEST);1569566432000
1380556832687962;21.5;31.6;Fri Sep 27 2019 08:42:26 GMT+0200 (CEST);Fri Sep 27 2019 06:42:26 GMT+0200 (CEST);1569566546000
1380556832687962;21.5;32;Fri Sep 27 2019 08:44:20 GMT+0200 (CEST);Fri Sep 27 2019 06:44:20 GMT+0200 (CEST);1569566660000
1380556832687962;21.5;31.6;Fri Sep 27 2019 08:46:13 GMT+0200 (CEST);Fri Sep 27 2019 06:46:13 GMT+0200 (CEST);1569566773000
1380556832687962;21.5;31.5;Fri Sep 27 2019 08:48:08 GMT+0200 (CEST);Fri Sep 27 2019 06:48:08 GMT+0200 (CEST);1569566888000
1380556832687962;21.5;31.7;Fri Sep 27 2019 08:50:11 GMT+0200 (CEST);Fri Sep 27 2019 06:50:11 GMT+0200 (CEST);1569567011000
1380556832687962;21.5;31.8;Fri Sep 27 2019 08:52:15 GMT+0200 (CEST);Fri Sep 27 2019 06:52:15 GMT+0200 (CEST);1569567135000
1380556832687962;21.5;32.1;Fri Sep 27 2019 08:54:09 GMT+0200 (CEST);Fri Sep 27 2019 06:54:09 GMT+0200 (CEST);1569567249000
1380556832687962;21.5;32.5;Fri Sep 27 2019 08:56:06 GMT+0200 (CEST);Fri Sep 27 2019 06:56:06 GMT+0200 (CEST);1569567366000
1380556832687962;21.5;32.3;Fri Sep 27 2019 08:57:58 GMT+0200 (CEST);Fri Sep 27 2019 06:57:58 GMT+0200 (CEST);1569567478000
1380556832687962;21.5;32.7;Fri Sep 27 2019 08:59:52 GMT+0200 (CEST);Fri Sep 27 2019 06:59:52 GMT+0200 (CEST);1569567592000
1380556832687962;21.5;33;Fri Sep 27 2019 09:01:45 GMT+0200 (CEST);Fri Sep 27 2019 07:01:45 GMT+0200 (CEST);1569567705000
1380556832687962;21.5;32.9;Fri Sep 27 2019 09:03:38 GMT+0200 (CEST);Fri Sep 27 2019 07:03:38 GMT+0200 (CEST);1569567818000
1380556832687962;21.5;33.1;Fri Sep 27 2019 09:05:51 GMT+0200 (CEST);Fri Sep 27 2019 07:05:51 GMT+0200 (CEST);1569567951000
1380556832687962;21.5;33.1;Fri Sep 27 2019 09:07:44 GMT+0200 (CEST);Fri Sep 27 2019 07:07:44 GMT+0200 (CEST);1569568064000
1380556832687962;21.5;33;Fri Sep 27 2019 09:09:37 GMT+0200 (CEST);Fri Sep 27 2019 07:09:37 GMT+0200 (CEST);1569568177000
1380556832687962;22;32.7;Fri Sep 27 2019 09:11:31 GMT+0200 (CEST);Fri Sep 27 2019 07:11:31 GMT+0200 (CEST);1569568291000
1380556832687962;22;32.7;Fri Sep 27 2019 09:13:24 GMT+0200 (CEST);Fri Sep 27 2019 07:13:24 GMT+0200 (CEST);1569568404000
1380556832687962;22;32.5;Fri Sep 27 2019 09:15:17 GMT+0200 (CEST);Fri Sep 27 2019 07:15:17 GMT+0200 (CEST);1569568517000
1380556832687962;22;32.5;Fri Sep 27 2019 09:16:59 GMT+0200 (CEST);Fri Sep 27 2019 07:16:59 GMT+0200 (CEST);1569568619000
1380556832687962;22;33.3;Fri Sep 27 2019 09:18:57 GMT+0200 (CEST);Fri Sep 27 2019 07:18:57 GMT+0200 (CEST);1569568737000
1380556832687962;23;33.3;Fri Sep 27 2019 09:20:53 GMT+0200 (CEST);Fri Sep 27 2019 07:20:53 GMT+0200 (CEST);1569568853000
1380556832687962;23;33.6;Fri Sep 27 2019 09:22:46 GMT+0200 (CEST);Fri Sep 27 2019 07:22:46 GMT+0200 (CEST);1569568966000
1380556832687962;23;33.8;Fri Sep 27 2019 09:24:39 GMT+0200 (CEST);Fri Sep 27 2019 07:24:39 GMT+0200 (CEST);1569569079000
1380556832687962;23;33.9;Fri Sep 27 2019 09:26:59 GMT+0200 (CEST);Fri Sep 27 2019 07:26:59 GMT+0200 (CEST);1569569219000
1380556832687962;23;33.9;Fri Sep 27 2019 09:28:52 GMT+0200 (CEST);Fri Sep 27 2019 07:28:52 GMT+0200 (CEST);1569569332000
1380556832687962;23;33.9;Fri Sep 27 2019 09:30:49 GMT+0200 (CEST);Fri Sep 27 2019 07:30:49 GMT+0200 (CEST);1569569449000
1380556832687962;23;34.1;Fri Sep 27 2019 09:32:42 GMT+0200 (CEST);Fri Sep 27 2019 07:32:42 GMT+0200 (CEST);1569569562000
1380556832687962;23;34.4;Fri Sep 27 2019 09:34:49 GMT+0200 (CEST);Fri Sep 27 2019 07:34:49 GMT+0200 (CEST);1569569689000
1380556832687962;25.5;34.4;Fri Sep 27 2019 09:36:43 GMT+0200 (CEST);Fri Sep 27 2019 07:36:43 GMT+0200 (CEST);1569569803000
1380556832687962;25.5;34.5;Fri Sep 27 2019 09:38:36 GMT+0200 (CEST);Fri Sep 27 2019 07:38:36 GMT+0200 (CEST);1569569916000
1380556832687962;25.5;34.7;Fri Sep 27 2019 09:40:32 GMT+0200 (CEST);Fri Sep 27 2019 07:40:32 GMT+0200 (CEST);1569570032000
1380556832687962;25.5;34.5;Fri Sep 27 2019 09:42:25 GMT+0200 (CEST);Fri Sep 27 2019 07:42:25 GMT+0200 (CEST);1569570145000
1380556832687962;25.5;34.5;Fri Sep 27 2019 09:44:24 GMT+0200 (CEST);Fri Sep 27 2019 07:44:24 GMT+0200 (CEST);1569570264000
1380556832687962;25.5;34.6;Fri Sep 27 2019 09:46:17 GMT+0200 (CEST);Fri Sep 27 2019 07:46:17 GMT+0200 (CEST);1569570377000
1380556832687962;25.5;35;Fri Sep 27 2019 09:48:39 GMT+0200 (CEST);Fri Sep 27 2019 07:48:39 GMT+0200 (CEST);1569570519000
1380556832687962;25.5;34.9;Fri Sep 27 2019 09:50:32 GMT+0200 (CEST);Fri Sep 27 2019 07:50:32 GMT+0200 (CEST);1569570632000
1380556832687962;25.5;34.8;Fri Sep 27 2019 09:52:25 GMT+0200 (CEST);Fri Sep 27 2019 07:52:25 GMT+0200 (CEST);1569570745000
1380556832687962;25.5;34.8;Fri Sep 27 2019 09:54:18 GMT+0200 (CEST);Fri Sep 27 2019 07:54:18 GMT+0200 (CEST);1569570858000
1380556832687962;27.5;34.9;Fri Sep 27 2019 09:56:22 GMT+0200 (CEST);Fri Sep 27 2019 07:56:22 GMT+0200 (CEST);1569570982000
1380556832687962;27.5;34.7;Fri Sep 27 2019 09:58:15 GMT+0200 (CEST);Fri Sep 27 2019 07:58:15 GMT+0200 (CEST);1569571095000
1380556832687962;28;34.6;Fri Sep 27 2019 10:00:10 GMT+0200 (CEST);Fri Sep 27 2019 08:00:10 GMT+0200 (CEST);1569571210000
1380556832687962;28;34.7;Fri Sep 27 2019 10:02:18 GMT+0200 (CEST);Fri Sep 27 2019 08:02:18 GMT+0200 (CEST);1569571338000
1380556832687962;28;34.4;Fri Sep 27 2019 10:04:11 GMT+0200 (CEST);Fri Sep 27 2019 08:04:11 GMT+0200 (CEST);1569571451000
1380556832687962;28;34.3;Fri Sep 27 2019 10:06:03 GMT+0200 (CEST);Fri Sep 27 2019 08:06:03 GMT+0200 (CEST);1569571563000
1380556832687962;28;34.3;Fri Sep 27 2019 10:07:56 GMT+0200 (CEST);Fri Sep 27 2019 08:07:56 GMT+0200 (CEST);1569571676000
1380556832687962;29.5;34.2;Fri Sep 27 2019 10:09:49 GMT+0200 (CEST);Fri Sep 27 2019 08:09:49 GMT+0200 (CEST);1569571789000
1380556832687962;29.5;34.1;Fri Sep 27 2019 10:11:44 GMT+0200 (CEST);Fri Sep 27 2019 08:11:44 GMT+0200 (CEST);1569571904000
1380556832687962;29.5;34.2;Fri Sep 27 2019 10:13:37 GMT+0200 (CEST);Fri Sep 27 2019 08:13:37 GMT+0200 (CEST);1569572017000
1380556832687962;29.5;34.2;Fri Sep 27 2019 10:15:30 GMT+0200 (CEST);Fri Sep 27 2019 08:15:30 GMT+0200 (CEST);1569572130000
1380556832687962;29.5;34.2;Fri Sep 27 2019 10:17:26 GMT+0200 (CEST);Fri Sep 27 2019 08:17:26 GMT+0200 (CEST);1569572246000
1380556832687962;29.5;34.3;Fri Sep 27 2019 10:19:31 GMT+0200 (CEST);Fri Sep 27 2019 08:19:31 GMT+0200 (CEST);1569572371000
1380556832687962;29.5;34.4;Fri Sep 27 2019 10:21:24 GMT+0200 (CEST);Fri Sep 27 2019 08:21:24 GMT+0200 (CEST);1569572484000
1380556832687962;30;34.4;Fri Sep 27 2019 10:23:34 GMT+0200 (CEST);Fri Sep 27 2019 08:23:34 GMT+0200 (CEST);1569572614000
1380556832687962;30;34;Fri Sep 27 2019 10:25:27 GMT+0200 (CEST);Fri Sep 27 2019 08:25:27 GMT+0200 (CEST);1569572727000
1380556832687962;30;33.9;Fri Sep 27 2019 10:27:20 GMT+0200 (CEST);Fri Sep 27 2019 08:27:20 GMT+0200 (CEST);1569572840000
1380556832687962;30;33.8;Fri Sep 27 2019 10:29:13 GMT+0200 (CEST);Fri Sep 27 2019 08:29:13 GMT+0200 (CEST);1569572953000
1380556832687962;30;33.9;Fri Sep 27 2019 10:31:08 GMT+0200 (CEST);Fri Sep 27 2019 08:31:08 GMT+0200 (CEST);1569573068000
1380556832687962;30;33.8;Fri Sep 27 2019 10:33:03 GMT+0200 (CEST);Fri Sep 27 2019 08:33:03 GMT+0200 (CEST);1569573183000
1380556832687962;30;33.9;Fri Sep 27 2019 10:34:51 GMT+0200 (CEST);Fri Sep 27 2019 08:34:51 GMT+0200 (CEST);1569573291000
1380556832687962;30;34.1;Fri Sep 27 2019 10:36:45 GMT+0200 (CEST);Fri Sep 27 2019 08:36:45 GMT+0200 (CEST);1569573405000
1380556832687962;29.5;34.2;Fri Sep 27 2019 10:38:38 GMT+0200 (CEST);Fri Sep 27 2019 08:38:38 GMT+0200 (CEST);1569573518000
1380556832687962;29.5;34.2;Fri Sep 27 2019 10:40:38 GMT+0200 (CEST);Fri Sep 27 2019 08:40:38 GMT+0200 (CEST);1569573638000
1380556832687962;29.5;34.3;Fri Sep 27 2019 10:42:31 GMT+0200 (CEST);Fri Sep 27 2019 08:42:31 GMT+0200 (CEST);1569573751000
1380556832687962;29.5;34.3;Fri Sep 27 2019 10:44:39 GMT+0200 (CEST);Fri Sep 27 2019 08:44:39 GMT+0200 (CEST);1569573879000
1380556832687962;29.5;34.3;Fri Sep 27 2019 10:46:33 GMT+0200 (CEST);Fri Sep 27 2019 08:46:33 GMT+0200 (CEST);1569573993000
1380556832687962;29.5;33.9;Fri Sep 27 2019 10:48:31 GMT+0200 (CEST);Fri Sep 27 2019 08:48:31 GMT+0200 (CEST);1569574111000
1380556832687962;29.5;33.9;Fri Sep 27 2019 10:50:38 GMT+0200 (CEST);Fri Sep 27 2019 08:50:38 GMT+0200 (CEST);1569574238000
1380556832687962;30;34.7;Fri Sep 27 2019 10:52:39 GMT+0200 (CEST);Fri Sep 27 2019 08:52:39 GMT+0200 (CEST);1569574359000
1380556832687962;30;34.6;Fri Sep 27 2019 10:54:31 GMT+0200 (CEST);Fri Sep 27 2019 08:54:31 GMT+0200 (CEST);1569574471000
1380556832687962;30;34.2;Fri Sep 27 2019 10:56:24 GMT+0200 (CEST);Fri Sep 27 2019 08:56:24 GMT+0200 (CEST);1569574584000
1380556832687962;30;34.6;Fri Sep 27 2019 10:58:17 GMT+0200 (CEST);Fri Sep 27 2019 08:58:17 GMT+0200 (CEST);1569574697000
1380556832687962;30;33.3;Fri Sep 27 2019 11:00:10 GMT+0200 (CEST);Fri Sep 27 2019 09:00:10 GMT+0200 (CEST);1569574810000
1380556832687962;30;32.9;Fri Sep 27 2019 11:02:03 GMT+0200 (CEST);Fri Sep 27 2019 09:02:03 GMT+0200 (CEST);1569574923000
1380556832687962;30;33.4;Fri Sep 27 2019 11:03:55 GMT+0200 (CEST);Fri Sep 27 2019 09:03:55 GMT+0200 (CEST);1569575035000
1380556832687962;30;33.1;Fri Sep 27 2019 11:05:56 GMT+0200 (CEST);Fri Sep 27 2019 09:05:56 GMT+0200 (CEST);1569575156000
1380556832687962;33.5;32.9;Fri Sep 27 2019 11:07:54 GMT+0200 (CEST);Fri Sep 27 2019 09:07:54 GMT+0200 (CEST);1569575274000
1380556832687962;33.5;33.1;Fri Sep 27 2019 11:09:46 GMT+0200 (CEST);Fri Sep 27 2019 09:09:46 GMT+0200 (CEST);1569575386000
1380556832687962;33.5;33.5;Fri Sep 27 2019 11:11:44 GMT+0200 (CEST);Fri Sep 27 2019 09:11:44 GMT+0200 (CEST);1569575504000
1380556832687962;34;33.3;Fri Sep 27 2019 11:13:58 GMT+0200 (CEST);Fri Sep 27 2019 09:13:58 GMT+0200 (CEST);1569575638000
1380556832687962;34;33.4;Fri Sep 27 2019 11:15:51 GMT+0200 (CEST);Fri Sep 27 2019 09:15:51 GMT+0200 (CEST);1569575751000
1380556832687962;34;33.5;Fri Sep 27 2019 11:17:46 GMT+0200 (CEST);Fri Sep 27 2019 09:17:46 GMT+0200 (CEST);1569575866000
1380556832687962;34;33.5;Fri Sep 27 2019 11:19:49 GMT+0200 (CEST);Fri Sep 27 2019 09:19:49 GMT+0200 (CEST);1569575989000
1380556832687962;35.6;33.3;Fri Sep 27 2019 11:21:55 GMT+0200 (CEST);Fri Sep 27 2019 09:21:55 GMT+0200 (CEST);1569576115000
1380556832687962;35.6;33.5;Fri Sep 27 2019 11:23:48 GMT+0200 (CEST);Fri Sep 27 2019 09:23:48 GMT+0200 (CEST);1569576228000
1380556832687962;35.6;32.8;Fri Sep 27 2019 11:25:42 GMT+0200 (CEST);Fri Sep 27 2019 09:25:42 GMT+0200 (CEST);1569576342000
1380556832687962;35.6;32.8;Fri Sep 27 2019 11:27:45 GMT+0200 (CEST);Fri Sep 27 2019 09:27:45 GMT+0200 (CEST);1569576465000
1380556832687962;35.6;33;Fri Sep 27 2019 11:29:38 GMT+0200 (CEST);Fri Sep 27 2019 09:29:38 GMT+0200 (CEST);1569576578000
1380556832687962;35.6;32.5;Fri Sep 27 2019 11:31:31 GMT+0200 (CEST);Fri Sep 27 2019 09:31:31 GMT+0200 (CEST);1569576691000
1380556832687962;35.6;32.9;Fri Sep 27 2019 11:33:35 GMT+0200 (CEST);Fri Sep 27 2019 09:33:35 GMT+0200 (CEST);1569576815000
1380556832687962;35.6;33.2;Fri Sep 27 2019 11:35:39 GMT+0200 (CEST);Fri Sep 27 2019 09:35:39 GMT+0200 (CEST);1569576939000
1380556832687962;36.1;33.5;Fri Sep 27 2019 11:37:41 GMT+0200 (CEST);Fri Sep 27 2019 09:37:41 GMT+0200 (CEST);1569577061000
1380556832687962;36.1;33.3;Fri Sep 27 2019 11:39:35 GMT+0200 (CEST);Fri Sep 27 2019 09:39:35 GMT+0200 (CEST);1569577175000
1380556832687962;35.6;33.1;Fri Sep 27 2019 11:41:30 GMT+0200 (CEST);Fri Sep 27 2019 09:41:30 GMT+0200 (CEST);1569577290000
1380556832687962;35.6;33.3;Fri Sep 27 2019 11:43:24 GMT+0200 (CEST);Fri Sep 27 2019 09:43:24 GMT+0200 (CEST);1569577404000
1380556832687962;35.6;33.3;Fri Sep 27 2019 11:45:21 GMT+0200 (CEST);Fri Sep 27 2019 09:45:21 GMT+0200 (CEST);1569577521000
1380556832687962;33.5;33.4;Fri Sep 27 2019 11:47:14 GMT+0200 (CEST);Fri Sep 27 2019 09:47:14 GMT+0200 (CEST);1569577634000
1380556832687962;33.5;33.5;Fri Sep 27 2019 11:49:21 GMT+0200 (CEST);Fri Sep 27 2019 09:49:21 GMT+0200 (CEST);1569577761000
1380556832687962;33.5;33.8;Fri Sep 27 2019 11:51:26 GMT+0200 (CEST);Fri Sep 27 2019 09:51:26 GMT+0200 (CEST);1569577886000
1380556832687962;33.5;33.7;Fri Sep 27 2019 11:53:20 GMT+0200 (CEST);Fri Sep 27 2019 09:53:20 GMT+0200 (CEST);1569578000000
1380556832687962;33.5;33.8;Fri Sep 27 2019 11:55:17 GMT+0200 (CEST);Fri Sep 27 2019 09:55:17 GMT+0200 (CEST);1569578117000
1380556832687962;32;33.6;Fri Sep 27 2019 11:57:10 GMT+0200 (CEST);Fri Sep 27 2019 09:57:10 GMT+0200 (CEST);1569578230000
1380556832687962;32;33.6;Fri Sep 27 2019 11:59:04 GMT+0200 (CEST);Fri Sep 27 2019 09:59:04 GMT+0200 (CEST);1569578344000
1380556832687962;31.5;33.8;Fri Sep 27 2019 12:00:56 GMT+0200 (CEST);Fri Sep 27 2019 10:00:56 GMT+0200 (CEST);1569578456000
1380556832687962;31.5;33.8;Fri Sep 27 2019 12:03:19 GMT+0200 (CEST);Fri Sep 27 2019 10:03:19 GMT+0200 (CEST);1569578599000
1380556832687962;31.5;33.6;Fri Sep 27 2019 12:05:12 GMT+0200 (CEST);Fri Sep 27 2019 10:05:12 GMT+0200 (CEST);1569578712000
1380556832687962;31.5;33.6;Fri Sep 27 2019 12:07:09 GMT+0200 (CEST);Fri Sep 27 2019 10:07:09 GMT+0200 (CEST);1569578829000
1380556832687962;31.5;33.7;Fri Sep 27 2019 12:09:05 GMT+0200 (CEST);Fri Sep 27 2019 10:09:05 GMT+0200 (CEST);1569578945000
1380556832687962;31.5;33.5;Fri Sep 27 2019 12:10:58 GMT+0200 (CEST);Fri Sep 27 2019 10:10:58 GMT+0200 (CEST);1569579058000
1380556832687962;31.5;33.5;Fri Sep 27 2019 12:12:51 GMT+0200 (CEST);Fri Sep 27 2019 10:12:51 GMT+0200 (CEST);1569579171000
1380556832687962;31.5;33.3;Fri Sep 27 2019 12:14:44 GMT+0200 (CEST);Fri Sep 27 2019 10:14:44 GMT+0200 (CEST);1569579284000
1380556832687962;31.5;33;Fri Sep 27 2019 12:16:37 GMT+0200 (CEST);Fri Sep 27 2019 10:16:37 GMT+0200 (CEST);1569579397000
1380556832687962;31.5;33;Fri Sep 27 2019 12:18:30 GMT+0200 (CEST);Fri Sep 27 2019 10:18:30 GMT+0200 (CEST);1569579510000
1380556832687962;30;32.8;Fri Sep 27 2019 12:20:24 GMT+0200 (CEST);Fri Sep 27 2019 10:20:24 GMT+0200 (CEST);1569579624000
1380556832687962;30;33.1;Fri Sep 27 2019 12:22:17 GMT+0200 (CEST);Fri Sep 27 2019 10:22:17 GMT+0200 (CEST);1569579737000
1380556832687962;30;32.9;Fri Sep 27 2019 12:24:18 GMT+0200 (CEST);Fri Sep 27 2019 10:24:18 GMT+0200 (CEST);1569579858000
1380556832687962;30;32.6;Fri Sep 27 2019 12:26:14 GMT+0200 (CEST);Fri Sep 27 2019 10:26:14 GMT+0200 (CEST);1569579974000
1380556832687962;30;32.1;Fri Sep 27 2019 12:28:13 GMT+0200 (CEST);Fri Sep 27 2019 10:28:13 GMT+0200 (CEST);1569580093000
1380556832687962;29.5;32.4;Fri Sep 27 2019 12:30:05 GMT+0200 (CEST);Fri Sep 27 2019 10:30:05 GMT+0200 (CEST);1569580205000
1380556832687962;29.5;32;Fri Sep 27 2019 12:32:12 GMT+0200 (CEST);Fri Sep 27 2019 10:32:12 GMT+0200 (CEST);1569580332000
1380556832687962;29.5;32;Fri Sep 27 2019 12:34:11 GMT+0200 (CEST);Fri Sep 27 2019 10:34:11 GMT+0200 (CEST);1569580451000
1380556832687962;27.5;31.4;Fri Sep 27 2019 12:36:04 GMT+0200 (CEST);Fri Sep 27 2019 10:36:04 GMT+0200 (CEST);1569580564000
1380556832687962;27.5;30.8;Fri Sep 27 2019 12:37:57 GMT+0200 (CEST);Fri Sep 27 2019 10:37:57 GMT+0200 (CEST);1569580677000
1380556832687962;27.5;31.3;Fri Sep 27 2019 12:40:08 GMT+0200 (CEST);Fri Sep 27 2019 10:40:08 GMT+0200 (CEST);1569580808000
1380556832687962;27.5;31.8;Fri Sep 27 2019 12:42:01 GMT+0200 (CEST);Fri Sep 27 2019 10:42:01 GMT+0200 (CEST);1569580921000
1380556832687962;27.5;33.1;Fri Sep 27 2019 12:43:55 GMT+0200 (CEST);Fri Sep 27 2019 10:43:55 GMT+0200 (CEST);1569581035000
1380556832687962;27.5;33.3;Fri Sep 27 2019 12:45:58 GMT+0200 (CEST);Fri Sep 27 2019 10:45:58 GMT+0200 (CEST);1569581158000
1380556832687962;27.5;33.2;Fri Sep 27 2019 12:47:53 GMT+0200 (CEST);Fri Sep 27 2019 10:47:53 GMT+0200 (CEST);1569581273000
1380556832687962;27.5;33.2;Fri Sep 27 2019 12:49:46 GMT+0200 (CEST);Fri Sep 27 2019 10:49:46 GMT+0200 (CEST);1569581386000
1380556832687962;27.5;33.8;Fri Sep 27 2019 12:51:40 GMT+0200 (CEST);Fri Sep 27 2019 10:51:40 GMT+0200 (CEST);1569581500000
1380556832687962;27.5;33.9;Fri Sep 27 2019 12:53:33 GMT+0200 (CEST);Fri Sep 27 2019 10:53:33 GMT+0200 (CEST);1569581613000
1380556832687962;27.5;33.7;Fri Sep 27 2019 12:55:27 GMT+0200 (CEST);Fri Sep 27 2019 10:55:27 GMT+0200 (CEST);1569581727000
1380556832687962;27.5;33.5;Fri Sep 27 2019 12:57:20 GMT+0200 (CEST);Fri Sep 27 2019 10:57:20 GMT+0200 (CEST);1569581840000
1380556832687962;27.5;32.5;Fri Sep 27 2019 12:59:08 GMT+0200 (CEST);Fri Sep 27 2019 10:59:08 GMT+0200 (CEST);1569581948000
1380556832687962;27.5;33.1;Fri Sep 27 2019 13:01:01 GMT+0200 (CEST);Fri Sep 27 2019 11:01:01 GMT+0200 (CEST);1569582061000
1380556832687962;27.5;32.9;Fri Sep 27 2019 13:02:55 GMT+0200 (CEST);Fri Sep 27 2019 11:02:55 GMT+0200 (CEST);1569582175000
1380556832687962;27.5;32.7;Fri Sep 27 2019 13:04:48 GMT+0200 (CEST);Fri Sep 27 2019 11:04:48 GMT+0200 (CEST);1569582288000
1380556832687962;27.5;32.7;Fri Sep 27 2019 13:06:41 GMT+0200 (CEST);Fri Sep 27 2019 11:06:41 GMT+0200 (CEST);1569582401000
1380556832687962;27.5;31.8;Fri Sep 27 2019 13:08:38 GMT+0200 (CEST);Fri Sep 27 2019 11:08:38 GMT+0200 (CEST);1569582518000
1380556832687962;27.5;31.5;Fri Sep 27 2019 13:10:31 GMT+0200 (CEST);Fri Sep 27 2019 11:10:31 GMT+0200 (CEST);1569582631000
1380556832687962;27.5;31.6;Fri Sep 27 2019 13:12:23 GMT+0200 (CEST);Fri Sep 27 2019 11:12:23 GMT+0200 (CEST);1569582743000
1380556832687962;27.5;31.5;Fri Sep 27 2019 13:14:23 GMT+0200 (CEST);Fri Sep 27 2019 11:14:23 GMT+0200 (CEST);1569582863000
1380556832687962;27.5;31.6;Fri Sep 27 2019 13:16:50 GMT+0200 (CEST);Fri Sep 27 2019 11:16:50 GMT+0200 (CEST);1569583010000
1380556832687962;25.5;31.8;Fri Sep 27 2019 13:18:44 GMT+0200 (CEST);Fri Sep 27 2019 11:18:44 GMT+0200 (CEST);1569583124000
1380556832687962;25.5;32.3;Fri Sep 27 2019 13:20:40 GMT+0200 (CEST);Fri Sep 27 2019 11:20:40 GMT+0200 (CEST);1569583240000
1380556832687962;25.5;32.6;Fri Sep 27 2019 13:22:34 GMT+0200 (CEST);Fri Sep 27 2019 11:22:34 GMT+0200 (CEST);1569583354000
1380556832687962;25.5;32.3;Fri Sep 27 2019 13:24:31 GMT+0200 (CEST);Fri Sep 27 2019 11:24:31 GMT+0200 (CEST);1569583471000
1380556832687962;25.5;31.7;Fri Sep 27 2019 13:26:25 GMT+0200 (CEST);Fri Sep 27 2019 11:26:25 GMT+0200 (CEST);1569583585000
1380556832687962;25.5;31.2;Fri Sep 27 2019 13:28:21 GMT+0200 (CEST);Fri Sep 27 2019 11:28:21 GMT+0200 (CEST);1569583701000
1380556832687962;25.5;31.5;Fri Sep 27 2019 13:30:16 GMT+0200 (CEST);Fri Sep 27 2019 11:30:16 GMT+0200 (CEST);1569583816000
1380556832687962;25.5;31.7;Fri Sep 27 2019 13:32:08 GMT+0200 (CEST);Fri Sep 27 2019 11:32:08 GMT+0200 (CEST);1569583928000
1380556832687962;25.5;32;Fri Sep 27 2019 13:34:01 GMT+0200 (CEST);Fri Sep 27 2019 11:34:01 GMT+0200 (CEST);1569584041000
1380556832687962;25.5;32;Fri Sep 27 2019 13:36:13 GMT+0200 (CEST);Fri Sep 27 2019 11:36:13 GMT+0200 (CEST);1569584173000
1380556832687962;25.5;32.1;Fri Sep 27 2019 13:38:07 GMT+0200 (CEST);Fri Sep 27 2019 11:38:07 GMT+0200 (CEST);1569584287000
1380556832687962;25.5;31.5;Fri Sep 27 2019 13:40:03 GMT+0200 (CEST);Fri Sep 27 2019 11:40:03 GMT+0200 (CEST);1569584403000
1380556832687962;25.5;31.3;Fri Sep 27 2019 13:41:56 GMT+0200 (CEST);Fri Sep 27 2019 11:41:56 GMT+0200 (CEST);1569584516000
1380556832687962;25.5;31.6;Fri Sep 27 2019 13:43:49 GMT+0200 (CEST);Fri Sep 27 2019 11:43:49 GMT+0200 (CEST);1569584629000
1380556832687962;25.5;32;Fri Sep 27 2019 13:45:42 GMT+0200 (CEST);Fri Sep 27 2019 11:45:42 GMT+0200 (CEST);1569584742000
1380556832687962;24;31.5;Fri Sep 27 2019 13:47:37 GMT+0200 (CEST);Fri Sep 27 2019 11:47:37 GMT+0200 (CEST);1569584857000
1380556832687962;24;31.8;Fri Sep 27 2019 13:50:22 GMT+0200 (CEST);Fri Sep 27 2019 11:50:22 GMT+0200 (CEST);1569585022000
1380556832687962;24;31.8;Fri Sep 27 2019 13:52:17 GMT+0200 (CEST);Fri Sep 27 2019 11:52:17 GMT+0200 (CEST);1569585137000
1380556832687962;25.5;31.8;Fri Sep 27 2019 13:54:10 GMT+0200 (CEST);Fri Sep 27 2019 11:54:10 GMT+0200 (CEST);1569585250000
1380556832687962;25.5;31.4;Fri Sep 27 2019 13:56:02 GMT+0200 (CEST);Fri Sep 27 2019 11:56:02 GMT+0200 (CEST);1569585362000
1380556832687962;23;31.4;Fri Sep 27 2019 13:57:55 GMT+0200 (CEST);Fri Sep 27 2019 11:57:55 GMT+0200 (CEST);1569585475000
1380556832687962;23;31.8;Fri Sep 27 2019 13:59:48 GMT+0200 (CEST);Fri Sep 27 2019 11:59:48 GMT+0200 (CEST);1569585588000
1380556832687962;23;32;Fri Sep 27 2019 14:01:47 GMT+0200 (CEST);Fri Sep 27 2019 12:01:47 GMT+0200 (CEST);1569585707000
1380556832687962;23;32.2;Fri Sep 27 2019 14:03:41 GMT+0200 (CEST);Fri Sep 27 2019 12:03:41 GMT+0200 (CEST);1569585821000
1380556832687962;23;32.1;Fri Sep 27 2019 14:05:34 GMT+0200 (CEST);Fri Sep 27 2019 12:05:34 GMT+0200 (CEST);1569585934000
1380556832687962;24;32.5;Fri Sep 27 2019 14:07:26 GMT+0200 (CEST);Fri Sep 27 2019 12:07:26 GMT+0200 (CEST);1569586046000
1380556832687962;24;32.3;Fri Sep 27 2019 14:09:20 GMT+0200 (CEST);Fri Sep 27 2019 12:09:20 GMT+0200 (CEST);1569586160000
1380556832687962;24;32.5;Fri Sep 27 2019 14:11:18 GMT+0200 (CEST);Fri Sep 27 2019 12:11:18 GMT+0200 (CEST);1569586278000
1380556832687962;24;32.3;Fri Sep 27 2019 14:13:10 GMT+0200 (CEST);Fri Sep 27 2019 12:13:10 GMT+0200 (CEST);1569586390000
1380556832687962;24;32.6;Fri Sep 27 2019 14:15:05 GMT+0200 (CEST);Fri Sep 27 2019 12:15:05 GMT+0200 (CEST);1569586505000
1380556832687962;24;32;Fri Sep 27 2019 14:16:59 GMT+0200 (CEST);Fri Sep 27 2019 12:16:59 GMT+0200 (CEST);1569586619000
1380556832687962;24;32.3;Fri Sep 27 2019 14:19:01 GMT+0200 (CEST);Fri Sep 27 2019 12:19:01 GMT+0200 (CEST);1569586741000
1380556832687962;24;32.5;Fri Sep 27 2019 14:20:57 GMT+0200 (CEST);Fri Sep 27 2019 12:20:57 GMT+0200 (CEST);1569586857000
1380556832687962;21.5;32.5;Fri Sep 27 2019 14:22:56 GMT+0200 (CEST);Fri Sep 27 2019 12:22:56 GMT+0200 (CEST);1569586976000
1380556832687962;21.5;33.3;Fri Sep 27 2019 14:25:23 GMT+0200 (CEST);Fri Sep 27 2019 12:25:23 GMT+0200 (CEST);1569587123000
1380556832687962;21.5;33.6;Fri Sep 27 2019 14:27:16 GMT+0200 (CEST);Fri Sep 27 2019 12:27:16 GMT+0200 (CEST);1569587236000
1380556832687962;21.5;34.3;Fri Sep 27 2019 14:29:10 GMT+0200 (CEST);Fri Sep 27 2019 12:29:10 GMT+0200 (CEST);1569587350000
1380556832687962;21.5;34;Fri Sep 27 2019 14:31:07 GMT+0200 (CEST);Fri Sep 27 2019 12:31:07 GMT+0200 (CEST);1569587467000
1380556832687962;22;33.8;Fri Sep 27 2019 14:33:07 GMT+0200 (CEST);Fri Sep 27 2019 12:33:07 GMT+0200 (CEST);1569587587000
1380556832687962;22;33.8;Fri Sep 27 2019 14:34:59 GMT+0200 (CEST);Fri Sep 27 2019 12:34:59 GMT+0200 (CEST);1569587699000
1380556832687962;22;33.6;Fri Sep 27 2019 14:36:53 GMT+0200 (CEST);Fri Sep 27 2019 12:36:53 GMT+0200 (CEST);1569587813000
1380556832687962;22;33.6;Fri Sep 27 2019 14:38:55 GMT+0200 (CEST);Fri Sep 27 2019 12:38:55 GMT+0200 (CEST);1569587935000
1380556832687962;22;33.5;Fri Sep 27 2019 14:40:48 GMT+0200 (CEST);Fri Sep 27 2019 12:40:48 GMT+0200 (CEST);1569588048000
1380556832687962;22;33.4;Fri Sep 27 2019 14:42:40 GMT+0200 (CEST);Fri Sep 27 2019 12:42:40 GMT+0200 (CEST);1569588160000
1380556832687962;22;33.1;Fri Sep 27 2019 14:44:35 GMT+0200 (CEST);Fri Sep 27 2019 12:44:35 GMT+0200 (CEST);1569588275000
1380556832687962;22;32.9;Fri Sep 27 2019 14:46:28 GMT+0200 (CEST);Fri Sep 27 2019 12:46:28 GMT+0200 (CEST);1569588388000
1380556832687962;22;33.2;Fri Sep 27 2019 14:48:23 GMT+0200 (CEST);Fri Sep 27 2019 12:48:23 GMT+0200 (CEST);1569588503000
1380556832687962;22;33.5;Fri Sep 27 2019 14:50:16 GMT+0200 (CEST);Fri Sep 27 2019 12:50:16 GMT+0200 (CEST);1569588616000
1380556832687962;22;33.3;Fri Sep 27 2019 14:52:12 GMT+0200 (CEST);Fri Sep 27 2019 12:52:12 GMT+0200 (CEST);1569588732000
1380556832687962;22;33.3;Fri Sep 27 2019 14:54:05 GMT+0200 (CEST);Fri Sep 27 2019 12:54:05 GMT+0200 (CEST);1569588845000
1380556832687962;21.5;33.5;Fri Sep 27 2019 14:56:01 GMT+0200 (CEST);Fri Sep 27 2019 12:56:01 GMT+0200 (CEST);1569588961000
1380556832687962;21.5;33.4;Fri Sep 27 2019 14:57:53 GMT+0200 (CEST);Fri Sep 27 2019 12:57:53 GMT+0200 (CEST);1569589073000
1380556832687962;21.5;33.4;Fri Sep 27 2019 14:59:46 GMT+0200 (CEST);Fri Sep 27 2019 12:59:46 GMT+0200 (CEST);1569589186000
1380556832687962;22;33.5;Fri Sep 27 2019 15:01:30 GMT+0200 (CEST);Fri Sep 27 2019 13:01:30 GMT+0200 (CEST);1569589290000
1380556832687962;22;33.5;Fri Sep 27 2019 15:03:23 GMT+0200 (CEST);Fri Sep 27 2019 13:03:23 GMT+0200 (CEST);1569589403000
1380556832687962;22;33.1;Fri Sep 27 2019 15:05:16 GMT+0200 (CEST);Fri Sep 27 2019 13:05:16 GMT+0200 (CEST);1569589516000
1380556832687962;21.5;32.3;Fri Sep 27 2019 15:07:18 GMT+0200 (CEST);Fri Sep 27 2019 13:07:18 GMT+0200 (CEST);1569589638000
1380556832687962;21.5;32;Fri Sep 27 2019 15:09:18 GMT+0200 (CEST);Fri Sep 27 2019 13:09:18 GMT+0200 (CEST);1569589758000
1380556832687962;21.5;32.7;Fri Sep 27 2019 15:11:15 GMT+0200 (CEST);Fri Sep 27 2019 13:11:15 GMT+0200 (CEST);1569589875000
1380556832687962;21.5;33.2;Fri Sep 27 2019 15:13:07 GMT+0200 (CEST);Fri Sep 27 2019 13:13:07 GMT+0200 (CEST);1569589987000
1380556832687962;21.5;32.5;Fri Sep 27 2019 15:15:02 GMT+0200 (CEST);Fri Sep 27 2019 13:15:02 GMT+0200 (CEST);1569590102000
1380556832687962;21.5;32.5;Fri Sep 27 2019 15:16:55 GMT+0200 (CEST);Fri Sep 27 2019 13:16:55 GMT+0200 (CEST);1569590215000
1380556832687962;21.5;32.2;Fri Sep 27 2019 15:18:47 GMT+0200 (CEST);Fri Sep 27 2019 13:18:47 GMT+0200 (CEST);1569590327000
1380556832687962;21.5;32.5;Fri Sep 27 2019 15:20:41 GMT+0200 (CEST);Fri Sep 27 2019 13:20:41 GMT+0200 (CEST);1569590441000
1380556832687962;21.5;32.5;Fri Sep 27 2019 15:22:57 GMT+0200 (CEST);Fri Sep 27 2019 13:22:57 GMT+0200 (CEST);1569590577000
1380556832687962;21.5;33.2;Fri Sep 27 2019 15:24:49 GMT+0200 (CEST);Fri Sep 27 2019 13:24:49 GMT+0200 (CEST);1569590689000
1380556832687962;21.5;33.6;Fri Sep 27 2019 15:26:42 GMT+0200 (CEST);Fri Sep 27 2019 13:26:42 GMT+0200 (CEST);1569590802000
1380556832687962;21.5;33.8;Fri Sep 27 2019 15:29:02 GMT+0200 (CEST);Fri Sep 27 2019 13:29:02 GMT+0200 (CEST);1569590942000
1380556832687962;21.5;33.3;Fri Sep 27 2019 15:30:55 GMT+0200 (CEST);Fri Sep 27 2019 13:30:55 GMT+0200 (CEST);1569591055000
1380556832687962;21.5;32.9;Fri Sep 27 2019 15:32:50 GMT+0200 (CEST);Fri Sep 27 2019 13:32:50 GMT+0200 (CEST);1569591170000
1380556832687962;21.5;32.5;Fri Sep 27 2019 15:34:53 GMT+0200 (CEST);Fri Sep 27 2019 13:34:53 GMT+0200 (CEST);1569591293000
1380556832687962;21.5;33.5;Fri Sep 27 2019 15:36:55 GMT+0200 (CEST);Fri Sep 27 2019 13:36:55 GMT+0200 (CEST);1569591415000
1380556832687962;21.5;34.2;Fri Sep 27 2019 15:38:48 GMT+0200 (CEST);Fri Sep 27 2019 13:38:48 GMT+0200 (CEST);1569591528000
1380556832687962;22;34;Fri Sep 27 2019 15:40:40 GMT+0200 (CEST);Fri Sep 27 2019 13:40:40 GMT+0200 (CEST);1569591640000
1380556832687962;22;33.9;Fri Sep 27 2019 15:42:33 GMT+0200 (CEST);Fri Sep 27 2019 13:42:33 GMT+0200 (CEST);1569591753000
1380556832687962;22;33.6;Fri Sep 27 2019 15:44:26 GMT+0200 (CEST);Fri Sep 27 2019 13:44:26 GMT+0200 (CEST);1569591866000
1380556832687962;22;33.2;Fri Sep 27 2019 15:46:20 GMT+0200 (CEST);Fri Sep 27 2019 13:46:20 GMT+0200 (CEST);1569591980000
1380556832687962;22;33;Fri Sep 27 2019 15:48:12 GMT+0200 (CEST);Fri Sep 27 2019 13:48:12 GMT+0200 (CEST);1569592092000
1380556832687962;21.5;32.7;Fri Sep 27 2019 15:50:30 GMT+0200 (CEST);Fri Sep 27 2019 13:50:30 GMT+0200 (CEST);1569592230000
1380556832687962;21.5;32.3;Fri Sep 27 2019 15:52:24 GMT+0200 (CEST);Fri Sep 27 2019 13:52:24 GMT+0200 (CEST);1569592344000
1380556832687962;21.5;32.1;Fri Sep 27 2019 15:54:19 GMT+0200 (CEST);Fri Sep 27 2019 13:54:19 GMT+0200 (CEST);1569592459000
1380556832687962;21.5;31.5;Fri Sep 27 2019 15:56:11 GMT+0200 (CEST);Fri Sep 27 2019 13:56:11 GMT+0200 (CEST);1569592571000
1380556832687962;21.5;31.5;Fri Sep 27 2019 15:58:19 GMT+0200 (CEST);Fri Sep 27 2019 13:58:19 GMT+0200 (CEST);1569592699000
1380556832687962;21.5;31.8;Fri Sep 27 2019 16:00:12 GMT+0200 (CEST);Fri Sep 27 2019 14:00:12 GMT+0200 (CEST);1569592812000
1380556832687962;21.5;32.1;Fri Sep 27 2019 16:02:05 GMT+0200 (CEST);Fri Sep 27 2019 14:02:05 GMT+0200 (CEST);1569592925000
1380556832687962;19.9;31.7;Fri Sep 27 2019 16:04:00 GMT+0200 (CEST);Fri Sep 27 2019 14:04:00 GMT+0200 (CEST);1569593040000
1380556832687962;19.9;31.9;Fri Sep 27 2019 16:06:07 GMT+0200 (CEST);Fri Sep 27 2019 14:06:07 GMT+0200 (CEST);1569593167000
1380556832687962;19.9;32.3;Fri Sep 27 2019 16:08:04 GMT+0200 (CEST);Fri Sep 27 2019 14:08:04 GMT+0200 (CEST);1569593284000
1380556832687962;19.9;32.4;Fri Sep 27 2019 16:09:58 GMT+0200 (CEST);Fri Sep 27 2019 14:09:58 GMT+0200 (CEST);1569593398000
1380556832687962;19.9;32.5;Fri Sep 27 2019 16:11:53 GMT+0200 (CEST);Fri Sep 27 2019 14:11:53 GMT+0200 (CEST);1569593513000
1380556832687962;21.5;33.1;Fri Sep 27 2019 16:13:46 GMT+0200 (CEST);Fri Sep 27 2019 14:13:46 GMT+0200 (CEST);1569593626000
1380556832687962;21.5;33.5;Fri Sep 27 2019 16:15:39 GMT+0200 (CEST);Fri Sep 27 2019 14:15:39 GMT+0200 (CEST);1569593739000
1380556832687962;21.5;33.7;Fri Sep 27 2019 16:17:32 GMT+0200 (CEST);Fri Sep 27 2019 14:17:32 GMT+0200 (CEST);1569593852000
1380556832687962;21.5;33.4;Fri Sep 27 2019 16:19:24 GMT+0200 (CEST);Fri Sep 27 2019 14:19:24 GMT+0200 (CEST);1569593964000
1380556832687962;21.5;32.8;Fri Sep 27 2019 16:21:17 GMT+0200 (CEST);Fri Sep 27 2019 14:21:17 GMT+0200 (CEST);1569594077000
1380556832687962;21.5;32.4;Fri Sep 27 2019 16:23:10 GMT+0200 (CEST);Fri Sep 27 2019 14:23:10 GMT+0200 (CEST);1569594190000
1380556832687962;21.5;33.2;Fri Sep 27 2019 16:25:04 GMT+0200 (CEST);Fri Sep 27 2019 14:25:04 GMT+0200 (CEST);1569594304000
1380556832687962;21.5;33.2;Fri Sep 27 2019 16:26:57 GMT+0200 (CEST);Fri Sep 27 2019 14:26:57 GMT+0200 (CEST);1569594417000
1380556832687962;22;34.2;Fri Sep 27 2019 16:28:49 GMT+0200 (CEST);Fri Sep 27 2019 14:28:49 GMT+0200 (CEST);1569594529000
1380556832687962;22;34.2;Fri Sep 27 2019 16:30:42 GMT+0200 (CEST);Fri Sep 27 2019 14:30:42 GMT+0200 (CEST);1569594642000
1380556832687962;22;34.7;Fri Sep 27 2019 16:32:58 GMT+0200 (CEST);Fri Sep 27 2019 14:32:58 GMT+0200 (CEST);1569594778000
1380556832687962;22;34.4;Fri Sep 27 2019 16:34:50 GMT+0200 (CEST);Fri Sep 27 2019 14:34:50 GMT+0200 (CEST);1569594890000
1380556832687962;22;34;Fri Sep 27 2019 16:36:49 GMT+0200 (CEST);Fri Sep 27 2019 14:36:49 GMT+0200 (CEST);1569595009000
1380556832687962;23;34;Fri Sep 27 2019 16:38:43 GMT+0200 (CEST);Fri Sep 27 2019 14:38:43 GMT+0200 (CEST);1569595123000
1380556832687962;23;33.5;Fri Sep 27 2019 16:40:41 GMT+0200 (CEST);Fri Sep 27 2019 14:40:41 GMT+0200 (CEST);1569595241000
1380556832687962;23;33.1;Fri Sep 27 2019 16:42:34 GMT+0200 (CEST);Fri Sep 27 2019 14:42:34 GMT+0200 (CEST);1569595354000
1380556832687962;23;32.9;Fri Sep 27 2019 16:44:26 GMT+0200 (CEST);Fri Sep 27 2019 14:44:26 GMT+0200 (CEST);1569595466000
1380556832687962;23;32.9;Fri Sep 27 2019 16:46:19 GMT+0200 (CEST);Fri Sep 27 2019 14:46:19 GMT+0200 (CEST);1569595579000
1380556832687962;22;32.6;Fri Sep 27 2019 16:48:12 GMT+0200 (CEST);Fri Sep 27 2019 14:48:12 GMT+0200 (CEST);1569595692000
1380556832687962;22;33.1;Fri Sep 27 2019 16:50:05 GMT+0200 (CEST);Fri Sep 27 2019 14:50:05 GMT+0200 (CEST);1569595805000
1380556832687962;22;33.6;Fri Sep 27 2019 16:52:11 GMT+0200 (CEST);Fri Sep 27 2019 14:52:11 GMT+0200 (CEST);1569595931000
1380556832687962;22;33.4;Fri Sep 27 2019 16:54:15 GMT+0200 (CEST);Fri Sep 27 2019 14:54:15 GMT+0200 (CEST);1569596055000
1380556832687962;22;32.4;Fri Sep 27 2019 16:56:07 GMT+0200 (CEST);Fri Sep 27 2019 14:56:07 GMT+0200 (CEST);1569596167000
1380556832687962;22;32;Fri Sep 27 2019 16:58:01 GMT+0200 (CEST);Fri Sep 27 2019 14:58:01 GMT+0200 (CEST);1569596281000
1380556832687962;22;31.5;Fri Sep 27 2019 16:59:54 GMT+0200 (CEST);Fri Sep 27 2019 14:59:54 GMT+0200 (CEST);1569596394000
1380556832687962;22;31.1;Fri Sep 27 2019 17:01:47 GMT+0200 (CEST);Fri Sep 27 2019 15:01:47 GMT+0200 (CEST);1569596507000
1380556832687962;22;31;Fri Sep 27 2019 17:03:42 GMT+0200 (CEST);Fri Sep 27 2019 15:03:42 GMT+0200 (CEST);1569596622000
1380556832687962;22;30.7;Fri Sep 27 2019 17:05:38 GMT+0200 (CEST);Fri Sep 27 2019 15:05:38 GMT+0200 (CEST);1569596738000
1380556832687962;21.5;30.9;Fri Sep 27 2019 17:07:42 GMT+0200 (CEST);Fri Sep 27 2019 15:07:42 GMT+0200 (CEST);1569596862000
1380556832687962;21.5;30.8;Fri Sep 27 2019 17:09:35 GMT+0200 (CEST);Fri Sep 27 2019 15:09:35 GMT+0200 (CEST);1569596975000
1380556832687962;21.5;30.7;Fri Sep 27 2019 17:11:28 GMT+0200 (CEST);Fri Sep 27 2019 15:11:28 GMT+0200 (CEST);1569597088000
1380556832687962;21.5;30.5;Fri Sep 27 2019 17:13:22 GMT+0200 (CEST);Fri Sep 27 2019 15:13:22 GMT+0200 (CEST);1569597202000
1380556832687962;21.5;31.1;Fri Sep 27 2019 17:15:16 GMT+0200 (CEST);Fri Sep 27 2019 15:15:16 GMT+0200 (CEST);1569597316000
1380556832687962;21.5;32.3;Fri Sep 27 2019 17:17:11 GMT+0200 (CEST);Fri Sep 27 2019 15:17:11 GMT+0200 (CEST);1569597431000
1380556832687962;21.5;31.2;Fri Sep 27 2019 17:19:04 GMT+0200 (CEST);Fri Sep 27 2019 15:19:04 GMT+0200 (CEST);1569597544000
1380556832687962;21.5;31.8;Fri Sep 27 2019 17:20:57 GMT+0200 (CEST);Fri Sep 27 2019 15:20:57 GMT+0200 (CEST);1569597657000
1380556832687962;21.5;32.2;Fri Sep 27 2019 17:22:53 GMT+0200 (CEST);Fri Sep 27 2019 15:22:53 GMT+0200 (CEST);1569597773000
1380556832687962;21.5;31.1;Fri Sep 27 2019 17:24:46 GMT+0200 (CEST);Fri Sep 27 2019 15:24:46 GMT+0200 (CEST);1569597886000
1380556832687962;21.5;31;Fri Sep 27 2019 17:26:40 GMT+0200 (CEST);Fri Sep 27 2019 15:26:40 GMT+0200 (CEST);1569598000000
1380556832687962;21.5;31.3;Fri Sep 27 2019 17:28:33 GMT+0200 (CEST);Fri Sep 27 2019 15:28:33 GMT+0200 (CEST);1569598113000
1380556832687962;21.5;31.3;Fri Sep 27 2019 17:30:26 GMT+0200 (CEST);Fri Sep 27 2019 15:30:26 GMT+0200 (CEST);1569598226000
1380556832687962;21.5;31.3;Fri Sep 27 2019 17:32:18 GMT+0200 (CEST);Fri Sep 27 2019 15:32:18 GMT+0200 (CEST);1569598338000
1380556832687962;21.5;32;Fri Sep 27 2019 17:34:13 GMT+0200 (CEST);Fri Sep 27 2019 15:34:13 GMT+0200 (CEST);1569598453000
1380556832687962;21.5;32.3;Fri Sep 27 2019 17:36:37 GMT+0200 (CEST);Fri Sep 27 2019 15:36:37 GMT+0200 (CEST);1569598597000
1380556832687962;21.5;32;Fri Sep 27 2019 17:38:30 GMT+0200 (CEST);Fri Sep 27 2019 15:38:30 GMT+0200 (CEST);1569598710000
1380556832687962;21.5;32.1;Fri Sep 27 2019 17:40:23 GMT+0200 (CEST);Fri Sep 27 2019 15:40:23 GMT+0200 (CEST);1569598823000
1380556832687962;21.5;32.1;Fri Sep 27 2019 17:42:17 GMT+0200 (CEST);Fri Sep 27 2019 15:42:17 GMT+0200 (CEST);1569598937000
1380556832687962;21.5;32.1;Fri Sep 27 2019 17:44:12 GMT+0200 (CEST);Fri Sep 27 2019 15:44:12 GMT+0200 (CEST);1569599052000
1380556832687962;21.5;32.2;Fri Sep 27 2019 17:46:05 GMT+0200 (CEST);Fri Sep 27 2019 15:46:05 GMT+0200 (CEST);1569599165000
1380556832687962;21.5;32;Fri Sep 27 2019 17:48:00 GMT+0200 (CEST);Fri Sep 27 2019 15:48:00 GMT+0200 (CEST);1569599280000
1380556832687962;21.5;32;Fri Sep 27 2019 17:49:53 GMT+0200 (CEST);Fri Sep 27 2019 15:49:53 GMT+0200 (CEST);1569599393000
1380556832687962;21.5;32.1;Fri Sep 27 2019 17:51:51 GMT+0200 (CEST);Fri Sep 27 2019 15:51:51 GMT+0200 (CEST);1569599511000
1380556832687962;21.5;31.9;Fri Sep 27 2019 17:53:44 GMT+0200 (CEST);Fri Sep 27 2019 15:53:44 GMT+0200 (CEST);1569599624000
1380556832687962;21.5;31.7;Fri Sep 27 2019 17:55:37 GMT+0200 (CEST);Fri Sep 27 2019 15:55:37 GMT+0200 (CEST);1569599737000
1380556832687962;21.5;31.4;Fri Sep 27 2019 17:57:37 GMT+0200 (CEST);Fri Sep 27 2019 15:57:37 GMT+0200 (CEST);1569599857000
1380556832687962;21.5;31.2;Fri Sep 27 2019 17:59:29 GMT+0200 (CEST);Fri Sep 27 2019 15:59:29 GMT+0200 (CEST);1569599969000
1380556832687962;21.5;31.3;Fri Sep 27 2019 18:01:22 GMT+0200 (CEST);Fri Sep 27 2019 16:01:22 GMT+0200 (CEST);1569600082000
1380556832687962;21.5;30.8;Fri Sep 27 2019 18:03:15 GMT+0200 (CEST);Fri Sep 27 2019 16:03:15 GMT+0200 (CEST);1569600195000
1380556832687962;21.5;31.1;Fri Sep 27 2019 18:05:29 GMT+0200 (CEST);Fri Sep 27 2019 16:05:29 GMT+0200 (CEST);1569600329000
1380556832687962;21.5;30.7;Fri Sep 27 2019 18:07:23 GMT+0200 (CEST);Fri Sep 27 2019 16:07:23 GMT+0200 (CEST);1569600443000
1380556832687962;19.9;30.8;Fri Sep 27 2019 18:09:20 GMT+0200 (CEST);Fri Sep 27 2019 16:09:20 GMT+0200 (CEST);1569600560000
1380556832687962;19.9;30.5;Fri Sep 27 2019 18:11:50 GMT+0200 (CEST);Fri Sep 27 2019 16:11:50 GMT+0200 (CEST);1569600710000
1380556832687962;21.5;30.4;Fri Sep 27 2019 18:13:43 GMT+0200 (CEST);Fri Sep 27 2019 16:13:43 GMT+0200 (CEST);1569600823000
1380556832687962;21.5;30.3;Fri Sep 27 2019 18:15:36 GMT+0200 (CEST);Fri Sep 27 2019 16:15:36 GMT+0200 (CEST);1569600936000
1380556832687962;21.5;30.4;Fri Sep 27 2019 18:17:29 GMT+0200 (CEST);Fri Sep 27 2019 16:17:29 GMT+0200 (CEST);1569601049000
1380556832687962;19.9;30.1;Fri Sep 27 2019 18:19:40 GMT+0200 (CEST);Fri Sep 27 2019 16:19:40 GMT+0200 (CEST);1569601180000
1380556832687962;19.9;30.5;Fri Sep 27 2019 18:21:32 GMT+0200 (CEST);Fri Sep 27 2019 16:21:32 GMT+0200 (CEST);1569601292000
1380556832687962;19.9;29.3;Fri Sep 27 2019 18:23:29 GMT+0200 (CEST);Fri Sep 27 2019 16:23:29 GMT+0200 (CEST);1569601409000
1380556832687962;19.9;29.6;Fri Sep 27 2019 18:25:53 GMT+0200 (CEST);Fri Sep 27 2019 16:25:53 GMT+0200 (CEST);1569601553000
1380556832687962;19.9;29;Fri Sep 27 2019 18:27:46 GMT+0200 (CEST);Fri Sep 27 2019 16:27:46 GMT+0200 (CEST);1569601666000
1380556832687962;19.4;28.8;Fri Sep 27 2019 18:29:39 GMT+0200 (CEST);Fri Sep 27 2019 16:29:39 GMT+0200 (CEST);1569601779000
1380556832687962;19.4;28.2;Fri Sep 27 2019 18:31:31 GMT+0200 (CEST);Fri Sep 27 2019 16:31:31 GMT+0200 (CEST);1569601891000
1380556832687962;19.4;28.6;Fri Sep 27 2019 18:33:24 GMT+0200 (CEST);Fri Sep 27 2019 16:33:24 GMT+0200 (CEST);1569602004000
1380556832687962;19.4;29.7;Fri Sep 27 2019 18:35:18 GMT+0200 (CEST);Fri Sep 27 2019 16:35:18 GMT+0200 (CEST);1569602118000
1380556832687962;19.4;29.1;Fri Sep 27 2019 18:37:11 GMT+0200 (CEST);Fri Sep 27 2019 16:37:11 GMT+0200 (CEST);1569602231000
1380556832687962;19.4;29.5;Fri Sep 27 2019 18:39:03 GMT+0200 (CEST);Fri Sep 27 2019 16:39:03 GMT+0200 (CEST);1569602343000
1380556832687962;19.4;31.2;Fri Sep 27 2019 18:40:56 GMT+0200 (CEST);Fri Sep 27 2019 16:40:56 GMT+0200 (CEST);1569602456000
1380556832687962;19.9;31.2;Fri Sep 27 2019 18:42:48 GMT+0200 (CEST);Fri Sep 27 2019 16:42:48 GMT+0200 (CEST);1569602568000
1380556832687962;19.9;30.7;Fri Sep 27 2019 18:44:48 GMT+0200 (CEST);Fri Sep 27 2019 16:44:48 GMT+0200 (CEST);1569602688000
1380556832687962;19.9;28.3;Fri Sep 27 2019 18:47:01 GMT+0200 (CEST);Fri Sep 27 2019 16:47:01 GMT+0200 (CEST);1569602821000
1380556832687962;19.9;28.3;Fri Sep 27 2019 18:48:53 GMT+0200 (CEST);Fri Sep 27 2019 16:48:53 GMT+0200 (CEST);1569602933000
1380556832687962;19.9;28.3;Fri Sep 27 2019 18:50:46 GMT+0200 (CEST);Fri Sep 27 2019 16:50:46 GMT+0200 (CEST);1569603046000
1380556832687962;-273.2;25.4;Sat Sep 28 2019 07:08:43 GMT+0200 (CEST);Sat Sep 28 2019 05:08:43 GMT+0200 (CEST);1569647323000
1380556832687962;-273.2;25.4;Sat Sep 28 2019 07:10:37 GMT+0200 (CEST);Sat Sep 28 2019 05:10:37 GMT+0200 (CEST);1569647437000
1380556832687962;-273.2;25.4;Sat Sep 28 2019 07:12:30 GMT+0200 (CEST);Sat Sep 28 2019 05:12:30 GMT+0200 (CEST);1569647550000
1380556832687962;13.4;28.3;Sat Sep 28 2019 07:20:07 GMT+0200 (CEST);Sat Sep 28 2019 05:20:07 GMT+0200 (CEST);1569648007000
1380556832687962;13.4;29.5;Sat Sep 28 2019 07:22:03 GMT+0200 (CEST);Sat Sep 28 2019 05:22:03 GMT+0200 (CEST);1569648123000
1380556832687962;13.4;29.3;Sat Sep 28 2019 07:23:56 GMT+0200 (CEST);Sat Sep 28 2019 05:23:56 GMT+0200 (CEST);1569648236000
1380556832687962;13.4;29.2;Sat Sep 28 2019 07:25:52 GMT+0200 (CEST);Sat Sep 28 2019 05:25:52 GMT+0200 (CEST);1569648352000
1380556832687962;13.4;29;Sat Sep 28 2019 07:27:45 GMT+0200 (CEST);Sat Sep 28 2019 05:27:45 GMT+0200 (CEST);1569648465000
1380556832687962;13.9;29;Sat Sep 28 2019 07:29:38 GMT+0200 (CEST);Sat Sep 28 2019 05:29:38 GMT+0200 (CEST);1569648578000
1380556832687962;13.9;28.5;Sat Sep 28 2019 07:31:32 GMT+0200 (CEST);Sat Sep 28 2019 05:31:32 GMT+0200 (CEST);1569648692000
1380556832687962;13.9;28.6;Sat Sep 28 2019 07:33:26 GMT+0200 (CEST);Sat Sep 28 2019 05:33:26 GMT+0200 (CEST);1569648806000
1380556832687962;13.9;28.9;Sat Sep 28 2019 07:35:18 GMT+0200 (CEST);Sat Sep 28 2019 05:35:18 GMT+0200 (CEST);1569648918000
1380556832687962;13.9;29.6;Sat Sep 28 2019 07:37:14 GMT+0200 (CEST);Sat Sep 28 2019 05:37:14 GMT+0200 (CEST);1569649034000
1380556832687962;13.9;29.6;Sat Sep 28 2019 07:39:06 GMT+0200 (CEST);Sat Sep 28 2019 05:39:06 GMT+0200 (CEST);1569649146000
1380556832687962;13.9;30.4;Sat Sep 28 2019 07:40:59 GMT+0200 (CEST);Sat Sep 28 2019 05:40:59 GMT+0200 (CEST);1569649259000
1380556832687962;13.9;30.6;Sat Sep 28 2019 07:42:51 GMT+0200 (CEST);Sat Sep 28 2019 05:42:51 GMT+0200 (CEST);1569649371000
1380556832687962;15.9;30.7;Sat Sep 28 2019 07:44:46 GMT+0200 (CEST);Sat Sep 28 2019 05:44:46 GMT+0200 (CEST);1569649486000
1380556832687962;15.9;30.7;Sat Sep 28 2019 07:46:38 GMT+0200 (CEST);Sat Sep 28 2019 05:46:38 GMT+0200 (CEST);1569649598000
1380556832687962;15.4;30.7;Sat Sep 28 2019 07:48:32 GMT+0200 (CEST);Sat Sep 28 2019 05:48:32 GMT+0200 (CEST);1569649712000
1380556832687962;15.4;31.2;Sat Sep 28 2019 07:50:25 GMT+0200 (CEST);Sat Sep 28 2019 05:50:25 GMT+0200 (CEST);1569649825000
1380556832687962;15.4;31.4;Sat Sep 28 2019 07:52:26 GMT+0200 (CEST);Sat Sep 28 2019 05:52:26 GMT+0200 (CEST);1569649946000
1380556832687962;15.4;31.8;Sat Sep 28 2019 07:54:19 GMT+0200 (CEST);Sat Sep 28 2019 05:54:19 GMT+0200 (CEST);1569650059000
1380556832687962;15.4;31.7;Sat Sep 28 2019 07:56:12 GMT+0200 (CEST);Sat Sep 28 2019 05:56:12 GMT+0200 (CEST);1569650172000
1380556832687962;15.4;32.1;Sat Sep 28 2019 07:58:04 GMT+0200 (CEST);Sat Sep 28 2019 05:58:04 GMT+0200 (CEST);1569650284000
1380556832687962;15.9;31.8;Sat Sep 28 2019 07:59:57 GMT+0200 (CEST);Sat Sep 28 2019 05:59:57 GMT+0200 (CEST);1569650397000
1380556832687962;15.9;32.3;Sat Sep 28 2019 08:01:57 GMT+0200 (CEST);Sat Sep 28 2019 06:01:57 GMT+0200 (CEST);1569650517000
1380556832687962;15.9;31.9;Sat Sep 28 2019 08:03:56 GMT+0200 (CEST);Sat Sep 28 2019 06:03:56 GMT+0200 (CEST);1569650636000
1380556832687962;15.9;32;Sat Sep 28 2019 08:05:50 GMT+0200 (CEST);Sat Sep 28 2019 06:05:50 GMT+0200 (CEST);1569650750000
1380556832687962;15.9;31.8;Sat Sep 28 2019 08:08:02 GMT+0200 (CEST);Sat Sep 28 2019 06:08:02 GMT+0200 (CEST);1569650882000
1380556832687962;15.9;31.2;Sat Sep 28 2019 08:09:57 GMT+0200 (CEST);Sat Sep 28 2019 06:09:57 GMT+0200 (CEST);1569650997000
1380556832687962;15.9;31.1;Sat Sep 28 2019 08:11:51 GMT+0200 (CEST);Sat Sep 28 2019 06:11:51 GMT+0200 (CEST);1569651111000
1380556832687962;17.4;31.1;Sat Sep 28 2019 08:13:47 GMT+0200 (CEST);Sat Sep 28 2019 06:13:47 GMT+0200 (CEST);1569651227000
1380556832687962;17.4;31.3;Sat Sep 28 2019 08:15:40 GMT+0200 (CEST);Sat Sep 28 2019 06:15:40 GMT+0200 (CEST);1569651340000
1380556832687962;17.4;30.6;Sat Sep 28 2019 08:17:34 GMT+0200 (CEST);Sat Sep 28 2019 06:17:34 GMT+0200 (CEST);1569651454000
1380556832687962;15.9;30.6;Sat Sep 28 2019 08:19:27 GMT+0200 (CEST);Sat Sep 28 2019 06:19:27 GMT+0200 (CEST);1569651567000
1380556832687962;15.9;30.6;Sat Sep 28 2019 08:21:20 GMT+0200 (CEST);Sat Sep 28 2019 06:21:20 GMT+0200 (CEST);1569651680000
1380556832687962;17.4;31;Sat Sep 28 2019 08:23:12 GMT+0200 (CEST);Sat Sep 28 2019 06:23:12 GMT+0200 (CEST);1569651792000
1380556832687962;17.4;30.6;Sat Sep 28 2019 08:25:05 GMT+0200 (CEST);Sat Sep 28 2019 06:25:05 GMT+0200 (CEST);1569651905000
1380556832687962;17.4;32.7;Sat Sep 28 2019 08:26:59 GMT+0200 (CEST);Sat Sep 28 2019 06:26:59 GMT+0200 (CEST);1569652019000
1380556832687962;17.4;33;Sat Sep 28 2019 08:29:02 GMT+0200 (CEST);Sat Sep 28 2019 06:29:02 GMT+0200 (CEST);1569652142000
1380556832687962;17.4;35.6;Sat Sep 28 2019 08:30:55 GMT+0200 (CEST);Sat Sep 28 2019 06:30:55 GMT+0200 (CEST);1569652255000
1380556832687962;19.4;37.1;Sat Sep 28 2019 08:32:48 GMT+0200 (CEST);Sat Sep 28 2019 06:32:48 GMT+0200 (CEST);1569652368000
1380556832687962;19.4;39;Sat Sep 28 2019 08:34:41 GMT+0200 (CEST);Sat Sep 28 2019 06:34:41 GMT+0200 (CEST);1569652481000
1380556832687962;19.4;38;Sat Sep 28 2019 08:36:36 GMT+0200 (CEST);Sat Sep 28 2019 06:36:36 GMT+0200 (CEST);1569652596000
1380556832687962;21.5;38.2;Sat Sep 28 2019 08:38:28 GMT+0200 (CEST);Sat Sep 28 2019 06:38:28 GMT+0200 (CEST);1569652708000
1380556832687962;21.5;40.3;Sat Sep 28 2019 08:40:22 GMT+0200 (CEST);Sat Sep 28 2019 06:40:22 GMT+0200 (CEST);1569652822000
1380556832687962;22;40.2;Sat Sep 28 2019 08:42:17 GMT+0200 (CEST);Sat Sep 28 2019 06:42:17 GMT+0200 (CEST);1569652937000
1380556832687962;22;40.4;Sat Sep 28 2019 08:44:10 GMT+0200 (CEST);Sat Sep 28 2019 06:44:10 GMT+0200 (CEST);1569653050000
1380556832687962;22;39.4;Sat Sep 28 2019 08:46:04 GMT+0200 (CEST);Sat Sep 28 2019 06:46:04 GMT+0200 (CEST);1569653164000
1380556832687962;23;38.1;Sat Sep 28 2019 08:48:04 GMT+0200 (CEST);Sat Sep 28 2019 06:48:04 GMT+0200 (CEST);1569653284000
1380556832687962;23;33.9;Sat Sep 28 2019 08:49:56 GMT+0200 (CEST);Sat Sep 28 2019 06:49:56 GMT+0200 (CEST);1569653396000
1380556832687962;21.5;33.3;Sat Sep 28 2019 08:51:50 GMT+0200 (CEST);Sat Sep 28 2019 06:51:50 GMT+0200 (CEST);1569653510000
1380556832687962;21.5;33.1;Sat Sep 28 2019 08:53:44 GMT+0200 (CEST);Sat Sep 28 2019 06:53:44 GMT+0200 (CEST);1569653624000
1380556832687962;21.5;33.3;Sat Sep 28 2019 08:55:42 GMT+0200 (CEST);Sat Sep 28 2019 06:55:42 GMT+0200 (CEST);1569653742000
1380556832687962;21.5;33;Sat Sep 28 2019 08:57:53 GMT+0200 (CEST);Sat Sep 28 2019 06:57:53 GMT+0200 (CEST);1569653873000
1380556832687962;21.5;33.5;Sat Sep 28 2019 08:59:47 GMT+0200 (CEST);Sat Sep 28 2019 06:59:47 GMT+0200 (CEST);1569653987000
1380556832687962;21.5;32.1;Sat Sep 28 2019 09:01:30 GMT+0200 (CEST);Sat Sep 28 2019 07:01:30 GMT+0200 (CEST);1569654090000
1380556832687962;21.5;31.9;Sat Sep 28 2019 09:03:23 GMT+0200 (CEST);Sat Sep 28 2019 07:03:23 GMT+0200 (CEST);1569654203000
1380556832687962;21.5;33.8;Sat Sep 28 2019 09:05:24 GMT+0200 (CEST);Sat Sep 28 2019 07:05:24 GMT+0200 (CEST);1569654324000
1380556832687962;21.5;33.8;Sat Sep 28 2019 09:07:17 GMT+0200 (CEST);Sat Sep 28 2019 07:07:17 GMT+0200 (CEST);1569654437000
1380556832687962;21.5;34.2;Sat Sep 28 2019 09:09:10 GMT+0200 (CEST);Sat Sep 28 2019 07:09:10 GMT+0200 (CEST);1569654550000
1380556832687962;21.5;34.5;Sat Sep 28 2019 09:11:07 GMT+0200 (CEST);Sat Sep 28 2019 07:11:07 GMT+0200 (CEST);1569654667000
1380556832687962;21.5;35.7;Sat Sep 28 2019 09:13:01 GMT+0200 (CEST);Sat Sep 28 2019 07:13:01 GMT+0200 (CEST);1569654781000
1380556832687962;21.5;35.5;Sat Sep 28 2019 09:14:54 GMT+0200 (CEST);Sat Sep 28 2019 07:14:54 GMT+0200 (CEST);1569654894000
1380556832687962;21.5;36;Sat Sep 28 2019 09:16:41 GMT+0200 (CEST);Sat Sep 28 2019 07:16:41 GMT+0200 (CEST);1569655001000
1380556832687962;21.5;34.6;Sat Sep 28 2019 09:18:35 GMT+0200 (CEST);Sat Sep 28 2019 07:18:35 GMT+0200 (CEST);1569655115000
1380556832687962;21.5;35.2;Sat Sep 28 2019 09:20:27 GMT+0200 (CEST);Sat Sep 28 2019 07:20:27 GMT+0200 (CEST);1569655227000
1380556832687962;21.5;35.7;Sat Sep 28 2019 09:22:21 GMT+0200 (CEST);Sat Sep 28 2019 07:22:21 GMT+0200 (CEST);1569655341000
1380556832687962;21.5;35.8;Sat Sep 28 2019 09:24:13 GMT+0200 (CEST);Sat Sep 28 2019 07:24:13 GMT+0200 (CEST);1569655453000
1380556832687962;21.5;35.7;Sat Sep 28 2019 09:26:34 GMT+0200 (CEST);Sat Sep 28 2019 07:26:34 GMT+0200 (CEST);1569655594000
1380556832687962;21.5;34.1;Sat Sep 28 2019 09:28:27 GMT+0200 (CEST);Sat Sep 28 2019 07:28:27 GMT+0200 (CEST);1569655707000
1380556832687962;23;36.1;Sat Sep 28 2019 09:30:19 GMT+0200 (CEST);Sat Sep 28 2019 07:30:19 GMT+0200 (CEST);1569655819000
1380556832687962;23;36;Sat Sep 28 2019 09:32:02 GMT+0200 (CEST);Sat Sep 28 2019 07:32:02 GMT+0200 (CEST);1569655922000
1380556832687962;23;35.8;Sat Sep 28 2019 09:34:20 GMT+0200 (CEST);Sat Sep 28 2019 07:34:20 GMT+0200 (CEST);1569656060000
1380556832687962;25.5;35.8;Sat Sep 28 2019 09:36:13 GMT+0200 (CEST);Sat Sep 28 2019 07:36:13 GMT+0200 (CEST);1569656173000
1380556832687962;25.5;35.8;Sat Sep 28 2019 09:38:06 GMT+0200 (CEST);Sat Sep 28 2019 07:38:06 GMT+0200 (CEST);1569656286000
1380556832687962;25.5;35;Sat Sep 28 2019 09:40:00 GMT+0200 (CEST);Sat Sep 28 2019 07:40:00 GMT+0200 (CEST);1569656400000
1380556832687962;25.5;35.2;Sat Sep 28 2019 09:41:54 GMT+0200 (CEST);Sat Sep 28 2019 07:41:54 GMT+0200 (CEST);1569656514000
1380556832687962;25.5;35.2;Sat Sep 28 2019 09:43:47 GMT+0200 (CEST);Sat Sep 28 2019 07:43:47 GMT+0200 (CEST);1569656627000
1380556832687962;27.5;34.8;Sat Sep 28 2019 09:45:42 GMT+0200 (CEST);Sat Sep 28 2019 07:45:42 GMT+0200 (CEST);1569656742000
1380556832687962;27.5;34.8;Sat Sep 28 2019 09:47:37 GMT+0200 (CEST);Sat Sep 28 2019 07:47:37 GMT+0200 (CEST);1569656857000
1380556832687962;27.5;34.8;Sat Sep 28 2019 09:50:03 GMT+0200 (CEST);Sat Sep 28 2019 07:50:03 GMT+0200 (CEST);1569657003000
1380556832687962;27.5;34.9;Sat Sep 28 2019 09:51:56 GMT+0200 (CEST);Sat Sep 28 2019 07:51:56 GMT+0200 (CEST);1569657116000
1380556832687962;27.5;35;Sat Sep 28 2019 09:53:50 GMT+0200 (CEST);Sat Sep 28 2019 07:53:50 GMT+0200 (CEST);1569657230000
1380556832687962;27.5;33.9;Sat Sep 28 2019 09:55:43 GMT+0200 (CEST);Sat Sep 28 2019 07:55:43 GMT+0200 (CEST);1569657343000
1380556832687962;27.5;34.6;Sat Sep 28 2019 09:57:40 GMT+0200 (CEST);Sat Sep 28 2019 07:57:40 GMT+0200 (CEST);1569657460000
1380556832687962;27.5;35;Sat Sep 28 2019 09:59:33 GMT+0200 (CEST);Sat Sep 28 2019 07:59:33 GMT+0200 (CEST);1569657573000
1380556832687962;27.5;33.3;Sat Sep 28 2019 10:01:25 GMT+0200 (CEST);Sat Sep 28 2019 08:01:25 GMT+0200 (CEST);1569657685000
1380556832687962;27.5;33.3;Sat Sep 28 2019 10:03:21 GMT+0200 (CEST);Sat Sep 28 2019 08:03:21 GMT+0200 (CEST);1569657801000
1380556832687962;27.5;34.2;Sat Sep 28 2019 10:05:49 GMT+0200 (CEST);Sat Sep 28 2019 08:05:49 GMT+0200 (CEST);1569657949000
1380556832687962;27.5;35;Sat Sep 28 2019 10:07:42 GMT+0200 (CEST);Sat Sep 28 2019 08:07:42 GMT+0200 (CEST);1569658062000
1380556832687962;29.5;35;Sat Sep 28 2019 10:09:35 GMT+0200 (CEST);Sat Sep 28 2019 08:09:35 GMT+0200 (CEST);1569658175000
1380556832687962;29.5;34.7;Sat Sep 28 2019 10:11:28 GMT+0200 (CEST);Sat Sep 28 2019 08:11:28 GMT+0200 (CEST);1569658288000
1380556832687962;29.5;34.6;Sat Sep 28 2019 10:13:21 GMT+0200 (CEST);Sat Sep 28 2019 08:13:21 GMT+0200 (CEST);1569658401000
1380556832687962;29.5;34.4;Sat Sep 28 2019 10:15:14 GMT+0200 (CEST);Sat Sep 28 2019 08:15:14 GMT+0200 (CEST);1569658514000
1380556832687962;29.5;34;Sat Sep 28 2019 10:17:09 GMT+0200 (CEST);Sat Sep 28 2019 08:17:09 GMT+0200 (CEST);1569658629000
1380556832687962;29.5;33.9;Sat Sep 28 2019 10:19:04 GMT+0200 (CEST);Sat Sep 28 2019 08:19:04 GMT+0200 (CEST);1569658744000
1380556832687962;29.5;32.6;Sat Sep 28 2019 10:21:10 GMT+0200 (CEST);Sat Sep 28 2019 08:21:10 GMT+0200 (CEST);1569658870000
1380556832687962;29.5;33.1;Sat Sep 28 2019 10:23:03 GMT+0200 (CEST);Sat Sep 28 2019 08:23:03 GMT+0200 (CEST);1569658983000
1380556832687962;29.5;35.3;Sat Sep 28 2019 10:24:56 GMT+0200 (CEST);Sat Sep 28 2019 08:24:56 GMT+0200 (CEST);1569659096000
1380556832687962;27.5;34.5;Sat Sep 28 2019 10:26:49 GMT+0200 (CEST);Sat Sep 28 2019 08:26:49 GMT+0200 (CEST);1569659209000
1380556832687962;27.5;34.6;Sat Sep 28 2019 10:28:44 GMT+0200 (CEST);Sat Sep 28 2019 08:28:44 GMT+0200 (CEST);1569659324000
1380556832687962;27.5;34.2;Sat Sep 28 2019 10:30:38 GMT+0200 (CEST);Sat Sep 28 2019 08:30:38 GMT+0200 (CEST);1569659438000
1380556832687962;27.5;33.9;Sat Sep 28 2019 10:32:32 GMT+0200 (CEST);Sat Sep 28 2019 08:32:32 GMT+0200 (CEST);1569659552000
1380556832687962;27.5;33.7;Sat Sep 28 2019 10:34:24 GMT+0200 (CEST);Sat Sep 28 2019 08:34:24 GMT+0200 (CEST);1569659664000
1380556832687962;27.5;33.3;Sat Sep 28 2019 10:36:39 GMT+0200 (CEST);Sat Sep 28 2019 08:36:39 GMT+0200 (CEST);1569659799000
1380556832687962;27.5;33.3;Sat Sep 28 2019 10:38:34 GMT+0200 (CEST);Sat Sep 28 2019 08:38:34 GMT+0200 (CEST);1569659914000
1380556832687962;27.5;33.7;Sat Sep 28 2019 10:40:26 GMT+0200 (CEST);Sat Sep 28 2019 08:40:26 GMT+0200 (CEST);1569660026000
1380556832687962;27.5;33.7;Sat Sep 28 2019 10:42:21 GMT+0200 (CEST);Sat Sep 28 2019 08:42:21 GMT+0200 (CEST);1569660141000
1380556832687962;25.5;35.5;Sat Sep 28 2019 10:44:28 GMT+0200 (CEST);Sat Sep 28 2019 08:44:28 GMT+0200 (CEST);1569660268000
1380556832687962;25.5;35.4;Sat Sep 28 2019 10:46:22 GMT+0200 (CEST);Sat Sep 28 2019 08:46:22 GMT+0200 (CEST);1569660382000
1380556832687962;25.5;34.7;Sat Sep 28 2019 10:48:15 GMT+0200 (CEST);Sat Sep 28 2019 08:48:15 GMT+0200 (CEST);1569660495000
1380556832687962;25.5;34;Sat Sep 28 2019 10:50:10 GMT+0200 (CEST);Sat Sep 28 2019 08:50:10 GMT+0200 (CEST);1569660610000
1380556832687962;25.5;34;Sat Sep 28 2019 10:52:42 GMT+0200 (CEST);Sat Sep 28 2019 08:52:42 GMT+0200 (CEST);1569660762000
1380556832687962;25.5;35.8;Sat Sep 28 2019 10:54:45 GMT+0200 (CEST);Sat Sep 28 2019 08:54:45 GMT+0200 (CEST);1569660885000
1380556832687962;25.5;34.5;Sat Sep 28 2019 10:56:38 GMT+0200 (CEST);Sat Sep 28 2019 08:56:38 GMT+0200 (CEST);1569660998000
1380556832687962;25.5;34.9;Sat Sep 28 2019 10:58:31 GMT+0200 (CEST);Sat Sep 28 2019 08:58:31 GMT+0200 (CEST);1569661111000
1380556832687962;26;33.4;Sat Sep 28 2019 11:00:24 GMT+0200 (CEST);Sat Sep 28 2019 09:00:24 GMT+0200 (CEST);1569661224000
1380556832687962;26;33.1;Sat Sep 28 2019 11:02:17 GMT+0200 (CEST);Sat Sep 28 2019 09:02:17 GMT+0200 (CEST);1569661337000
1380556832687962;27.5;33.2;Sat Sep 28 2019 11:04:12 GMT+0200 (CEST);Sat Sep 28 2019 09:04:12 GMT+0200 (CEST);1569661452000
1380556832687962;27.5;33.4;Sat Sep 28 2019 11:06:07 GMT+0200 (CEST);Sat Sep 28 2019 09:06:07 GMT+0200 (CEST);1569661567000
1380556832687962;27.5;34.7;Sat Sep 28 2019 11:08:04 GMT+0200 (CEST);Sat Sep 28 2019 09:08:04 GMT+0200 (CEST);1569661684000
1380556832687962;27.5;35.2;Sat Sep 28 2019 11:09:57 GMT+0200 (CEST);Sat Sep 28 2019 09:09:57 GMT+0200 (CEST);1569661797000
1380556832687962;27.5;34.4;Sat Sep 28 2019 11:11:53 GMT+0200 (CEST);Sat Sep 28 2019 09:11:53 GMT+0200 (CEST);1569661913000
1380556832687962;28;34.2;Sat Sep 28 2019 11:13:50 GMT+0200 (CEST);Sat Sep 28 2019 09:13:50 GMT+0200 (CEST);1569662030000
1380556832687962;28;34.5;Sat Sep 28 2019 11:15:43 GMT+0200 (CEST);Sat Sep 28 2019 09:15:43 GMT+0200 (CEST);1569662143000
1380556832687962;28;34.5;Sat Sep 28 2019 11:17:35 GMT+0200 (CEST);Sat Sep 28 2019 09:17:35 GMT+0200 (CEST);1569662255000
1380556832687962;28;34;Sat Sep 28 2019 11:19:29 GMT+0200 (CEST);Sat Sep 28 2019 09:19:29 GMT+0200 (CEST);1569662369000
1380556832687962;28;33.5;Sat Sep 28 2019 11:21:22 GMT+0200 (CEST);Sat Sep 28 2019 09:21:22 GMT+0200 (CEST);1569662482000
1380556832687962;31.5;33.5;Sat Sep 28 2019 11:23:36 GMT+0200 (CEST);Sat Sep 28 2019 09:23:36 GMT+0200 (CEST);1569662616000
1380556832687962;31.5;33.3;Sat Sep 28 2019 11:25:29 GMT+0200 (CEST);Sat Sep 28 2019 09:25:29 GMT+0200 (CEST);1569662729000
1380556832687962;31.5;33.3;Sat Sep 28 2019 11:27:23 GMT+0200 (CEST);Sat Sep 28 2019 09:27:23 GMT+0200 (CEST);1569662843000
1380556832687962;31.5;33.5;Sat Sep 28 2019 11:29:18 GMT+0200 (CEST);Sat Sep 28 2019 09:29:18 GMT+0200 (CEST);1569662958000
1380556832687962;30;33.3;Sat Sep 28 2019 11:31:21 GMT+0200 (CEST);Sat Sep 28 2019 09:31:21 GMT+0200 (CEST);1569663081000
1380556832687962;30;33.5;Sat Sep 28 2019 11:33:36 GMT+0200 (CEST);Sat Sep 28 2019 09:33:36 GMT+0200 (CEST);1569663216000
1380556832687962;30;34.1;Sat Sep 28 2019 11:35:29 GMT+0200 (CEST);Sat Sep 28 2019 09:35:29 GMT+0200 (CEST);1569663329000
1380556832687962;30;34;Sat Sep 28 2019 11:37:21 GMT+0200 (CEST);Sat Sep 28 2019 09:37:21 GMT+0200 (CEST);1569663441000
1380556832687962;29.5;33.8;Sat Sep 28 2019 11:39:32 GMT+0200 (CEST);Sat Sep 28 2019 09:39:32 GMT+0200 (CEST);1569663572000
1380556832687962;29.5;33.9;Sat Sep 28 2019 11:41:26 GMT+0200 (CEST);Sat Sep 28 2019 09:41:26 GMT+0200 (CEST);1569663686000
1380556832687962;29.5;33.7;Sat Sep 28 2019 11:43:20 GMT+0200 (CEST);Sat Sep 28 2019 09:43:20 GMT+0200 (CEST);1569663800000
1380556832687962;29.5;33.7;Sat Sep 28 2019 11:45:13 GMT+0200 (CEST);Sat Sep 28 2019 09:45:13 GMT+0200 (CEST);1569663913000
1380556832687962;29.5;34.4;Sat Sep 28 2019 11:47:06 GMT+0200 (CEST);Sat Sep 28 2019 09:47:06 GMT+0200 (CEST);1569664026000
1380556832687962;29.5;34.4;Sat Sep 28 2019 11:48:58 GMT+0200 (CEST);Sat Sep 28 2019 09:48:58 GMT+0200 (CEST);1569664138000
1380556832687962;29.5;34.4;Sat Sep 28 2019 11:50:51 GMT+0200 (CEST);Sat Sep 28 2019 09:50:51 GMT+0200 (CEST);1569664251000
1380556832687962;29.5;34.6;Sat Sep 28 2019 11:52:49 GMT+0200 (CEST);Sat Sep 28 2019 09:52:49 GMT+0200 (CEST);1569664369000
1380556832687962;29.5;34.4;Sat Sep 28 2019 11:54:47 GMT+0200 (CEST);Sat Sep 28 2019 09:54:47 GMT+0200 (CEST);1569664487000
1380556832687962;29.5;34.4;Sat Sep 28 2019 11:56:39 GMT+0200 (CEST);Sat Sep 28 2019 09:56:39 GMT+0200 (CEST);1569664599000
1380556832687962;29.5;34.6;Sat Sep 28 2019 11:58:33 GMT+0200 (CEST);Sat Sep 28 2019 09:58:33 GMT+0200 (CEST);1569664713000
1380556832687962;30;34;Sat Sep 28 2019 12:00:28 GMT+0200 (CEST);Sat Sep 28 2019 10:00:28 GMT+0200 (CEST);1569664828000
1380556832687962;30;33.3;Sat Sep 28 2019 12:02:29 GMT+0200 (CEST);Sat Sep 28 2019 10:02:29 GMT+0200 (CEST);1569664949000
1380556832687962;31.5;33.5;Sat Sep 28 2019 12:04:22 GMT+0200 (CEST);Sat Sep 28 2019 10:04:22 GMT+0200 (CEST);1569665062000
1380556832687962;31.5;33.7;Sat Sep 28 2019 12:06:22 GMT+0200 (CEST);Sat Sep 28 2019 10:06:22 GMT+0200 (CEST);1569665182000
1380556832687962;31.5;33.8;Sat Sep 28 2019 12:08:14 GMT+0200 (CEST);Sat Sep 28 2019 10:08:14 GMT+0200 (CEST);1569665294000
1380556832687962;31;34.2;Sat Sep 28 2019 12:10:25 GMT+0200 (CEST);Sat Sep 28 2019 10:10:25 GMT+0200 (CEST);1569665425000
1380556832687962;31;34.1;Sat Sep 28 2019 12:12:17 GMT+0200 (CEST);Sat Sep 28 2019 10:12:17 GMT+0200 (CEST);1569665537000
1380556832687962;31;34.1;Sat Sep 28 2019 12:14:10 GMT+0200 (CEST);Sat Sep 28 2019 10:14:10 GMT+0200 (CEST);1569665650000
1380556832687962;31;34.5;Sat Sep 28 2019 12:16:05 GMT+0200 (CEST);Sat Sep 28 2019 10:16:05 GMT+0200 (CEST);1569665765000
1380556832687962;31;34.6;Sat Sep 28 2019 12:17:59 GMT+0200 (CEST);Sat Sep 28 2019 10:17:59 GMT+0200 (CEST);1569665879000
1380556832687962;29.5;34.6;Sat Sep 28 2019 12:19:54 GMT+0200 (CEST);Sat Sep 28 2019 10:19:54 GMT+0200 (CEST);1569665994000
1380556832687962;29.5;34.6;Sat Sep 28 2019 12:21:48 GMT+0200 (CEST);Sat Sep 28 2019 10:21:48 GMT+0200 (CEST);1569666108000
1380556832687962;30;34;Sat Sep 28 2019 12:23:56 GMT+0200 (CEST);Sat Sep 28 2019 10:23:56 GMT+0200 (CEST);1569666236000
1380556832687962;30;33.8;Sat Sep 28 2019 12:25:49 GMT+0200 (CEST);Sat Sep 28 2019 10:25:49 GMT+0200 (CEST);1569666349000
1380556832687962;30;34;Sat Sep 28 2019 12:27:43 GMT+0200 (CEST);Sat Sep 28 2019 10:27:43 GMT+0200 (CEST);1569666463000
1380556832687962;30;34.2;Sat Sep 28 2019 12:29:36 GMT+0200 (CEST);Sat Sep 28 2019 10:29:36 GMT+0200 (CEST);1569666576000
1380556832687962;30;34.2;Sat Sep 28 2019 12:31:29 GMT+0200 (CEST);Sat Sep 28 2019 10:31:29 GMT+0200 (CEST);1569666689000
1380556832687962;30;34.1;Sat Sep 28 2019 12:33:23 GMT+0200 (CEST);Sat Sep 28 2019 10:33:23 GMT+0200 (CEST);1569666803000
1380556832687962;30;34.2;Sat Sep 28 2019 12:35:17 GMT+0200 (CEST);Sat Sep 28 2019 10:35:17 GMT+0200 (CEST);1569666917000
1380556832687962;30;34;Sat Sep 28 2019 12:37:10 GMT+0200 (CEST);Sat Sep 28 2019 10:37:10 GMT+0200 (CEST);1569667030000
1380556832687962;30;33.9;Sat Sep 28 2019 12:39:05 GMT+0200 (CEST);Sat Sep 28 2019 10:39:05 GMT+0200 (CEST);1569667145000
1380556832687962;30;34.2;Sat Sep 28 2019 12:40:58 GMT+0200 (CEST);Sat Sep 28 2019 10:40:58 GMT+0200 (CEST);1569667258000
1380556832687962;30;34.1;Sat Sep 28 2019 12:42:51 GMT+0200 (CEST);Sat Sep 28 2019 10:42:51 GMT+0200 (CEST);1569667371000
1380556832687962;30;34;Sat Sep 28 2019 12:44:50 GMT+0200 (CEST);Sat Sep 28 2019 10:44:50 GMT+0200 (CEST);1569667490000
1380556832687962;30;34.2;Sat Sep 28 2019 12:46:42 GMT+0200 (CEST);Sat Sep 28 2019 10:46:42 GMT+0200 (CEST);1569667602000
1380556832687962;30;34.1;Sat Sep 28 2019 12:48:35 GMT+0200 (CEST);Sat Sep 28 2019 10:48:35 GMT+0200 (CEST);1569667715000
1380556832687962;30;36.1;Sat Sep 28 2019 12:50:28 GMT+0200 (CEST);Sat Sep 28 2019 10:50:28 GMT+0200 (CEST);1569667828000
1380556832687962;30;35.2;Sat Sep 28 2019 12:52:56 GMT+0200 (CEST);Sat Sep 28 2019 10:52:56 GMT+0200 (CEST);1569667976000
1380556832687962;30;33;Sat Sep 28 2019 12:54:50 GMT+0200 (CEST);Sat Sep 28 2019 10:54:50 GMT+0200 (CEST);1569668090000
1380556832687962;30;32.8;Sat Sep 28 2019 12:56:43 GMT+0200 (CEST);Sat Sep 28 2019 10:56:43 GMT+0200 (CEST);1569668203000
1380556832687962;33.5;33;Sat Sep 28 2019 12:58:37 GMT+0200 (CEST);Sat Sep 28 2019 10:58:37 GMT+0200 (CEST);1569668317000
1380556832687962;33.5;32.8;Sat Sep 28 2019 13:00:30 GMT+0200 (CEST);Sat Sep 28 2019 11:00:30 GMT+0200 (CEST);1569668430000
1380556832687962;33.5;33.1;Sat Sep 28 2019 13:02:23 GMT+0200 (CEST);Sat Sep 28 2019 11:02:23 GMT+0200 (CEST);1569668543000
1380556832687962;33.5;32.7;Sat Sep 28 2019 13:04:15 GMT+0200 (CEST);Sat Sep 28 2019 11:04:15 GMT+0200 (CEST);1569668655000
1380556832687962;33.5;34.1;Sat Sep 28 2019 13:06:21 GMT+0200 (CEST);Sat Sep 28 2019 11:06:21 GMT+0200 (CEST);1569668781000
1380556832687962;30.5;34;Sat Sep 28 2019 13:08:16 GMT+0200 (CEST);Sat Sep 28 2019 11:08:16 GMT+0200 (CEST);1569668896000
1380556832687962;30.5;33.9;Sat Sep 28 2019 13:10:13 GMT+0200 (CEST);Sat Sep 28 2019 11:10:13 GMT+0200 (CEST);1569669013000
1380556832687962;29.5;33.9;Sat Sep 28 2019 13:12:05 GMT+0200 (CEST);Sat Sep 28 2019 11:12:05 GMT+0200 (CEST);1569669125000
1380556832687962;29.5;33.7;Sat Sep 28 2019 13:13:58 GMT+0200 (CEST);Sat Sep 28 2019 11:13:58 GMT+0200 (CEST);1569669238000
1380556832687962;29.5;34.1;Sat Sep 28 2019 13:16:26 GMT+0200 (CEST);Sat Sep 28 2019 11:16:26 GMT+0200 (CEST);1569669386000
1380556832687962;28;34.2;Sat Sep 28 2019 13:18:24 GMT+0200 (CEST);Sat Sep 28 2019 11:18:24 GMT+0200 (CEST);1569669504000
1380556832687962;28;34.3;Sat Sep 28 2019 13:20:16 GMT+0200 (CEST);Sat Sep 28 2019 11:20:16 GMT+0200 (CEST);1569669616000
1380556832687962;27.5;34.3;Sat Sep 28 2019 13:22:10 GMT+0200 (CEST);Sat Sep 28 2019 11:22:10 GMT+0200 (CEST);1569669730000
1380556832687962;27.5;34.2;Sat Sep 28 2019 13:24:04 GMT+0200 (CEST);Sat Sep 28 2019 11:24:04 GMT+0200 (CEST);1569669844000
1380556832687962;27.5;34.1;Sat Sep 28 2019 13:25:57 GMT+0200 (CEST);Sat Sep 28 2019 11:25:57 GMT+0200 (CEST);1569669957000
1380556832687962;27.5;34.2;Sat Sep 28 2019 13:27:55 GMT+0200 (CEST);Sat Sep 28 2019 11:27:55 GMT+0200 (CEST);1569670075000
1380556832687962;27.5;34.2;Sat Sep 28 2019 13:29:50 GMT+0200 (CEST);Sat Sep 28 2019 11:29:50 GMT+0200 (CEST);1569670190000
1380556832687962;27.5;34.2;Sat Sep 28 2019 13:31:32 GMT+0200 (CEST);Sat Sep 28 2019 11:31:32 GMT+0200 (CEST);1569670292000
1380556832687962;27.5;34.2;Sat Sep 28 2019 13:33:31 GMT+0200 (CEST);Sat Sep 28 2019 11:33:31 GMT+0200 (CEST);1569670411000
1380556832687962;27.5;34.2;Sat Sep 28 2019 13:35:24 GMT+0200 (CEST);Sat Sep 28 2019 11:35:24 GMT+0200 (CEST);1569670524000
1380556832687962;27.5;34.2;Sat Sep 28 2019 13:37:17 GMT+0200 (CEST);Sat Sep 28 2019 11:37:17 GMT+0200 (CEST);1569670637000
1380556832687962;27.5;34;Sat Sep 28 2019 13:39:11 GMT+0200 (CEST);Sat Sep 28 2019 11:39:11 GMT+0200 (CEST);1569670751000
1380556832687962;27.5;34;Sat Sep 28 2019 13:41:10 GMT+0200 (CEST);Sat Sep 28 2019 11:41:10 GMT+0200 (CEST);1569670870000
1380556832687962;27.5;34;Sat Sep 28 2019 13:43:02 GMT+0200 (CEST);Sat Sep 28 2019 11:43:02 GMT+0200 (CEST);1569670982000
1380556832687962;27.5;34;Sat Sep 28 2019 13:44:59 GMT+0200 (CEST);Sat Sep 28 2019 11:44:59 GMT+0200 (CEST);1569671099000
1380556832687962;27.5;34.1;Sat Sep 28 2019 13:46:53 GMT+0200 (CEST);Sat Sep 28 2019 11:46:53 GMT+0200 (CEST);1569671213000
1380556832687962;27.5;34.2;Sat Sep 28 2019 13:48:46 GMT+0200 (CEST);Sat Sep 28 2019 11:48:46 GMT+0200 (CEST);1569671326000
1380556832687962;28;34;Sat Sep 28 2019 13:50:54 GMT+0200 (CEST);Sat Sep 28 2019 11:50:54 GMT+0200 (CEST);1569671454000
1380556832687962;28;33.8;Sat Sep 28 2019 13:52:46 GMT+0200 (CEST);Sat Sep 28 2019 11:52:46 GMT+0200 (CEST);1569671566000
1380556832687962;28;33.9;Sat Sep 28 2019 13:54:39 GMT+0200 (CEST);Sat Sep 28 2019 11:54:39 GMT+0200 (CEST);1569671679000
1380556832687962;28;34;Sat Sep 28 2019 13:56:37 GMT+0200 (CEST);Sat Sep 28 2019 11:56:37 GMT+0200 (CEST);1569671797000
1380556832687962;28;34.3;Sat Sep 28 2019 13:58:30 GMT+0200 (CEST);Sat Sep 28 2019 11:58:30 GMT+0200 (CEST);1569671910000
1380556832687962;28;34.2;Sat Sep 28 2019 14:00:22 GMT+0200 (CEST);Sat Sep 28 2019 12:00:22 GMT+0200 (CEST);1569672022000
1380556832687962;29.5;33.8;Sat Sep 28 2019 14:02:33 GMT+0200 (CEST);Sat Sep 28 2019 12:02:33 GMT+0200 (CEST);1569672153000
1380556832687962;29.5;33.4;Sat Sep 28 2019 14:04:30 GMT+0200 (CEST);Sat Sep 28 2019 12:04:30 GMT+0200 (CEST);1569672270000
1380556832687962;29.5;33.3;Sat Sep 28 2019 14:06:23 GMT+0200 (CEST);Sat Sep 28 2019 12:06:23 GMT+0200 (CEST);1569672383000
1380556832687962;29.5;32.7;Sat Sep 28 2019 14:08:16 GMT+0200 (CEST);Sat Sep 28 2019 12:08:16 GMT+0200 (CEST);1569672496000
1380556832687962;29.5;32.9;Sat Sep 28 2019 14:10:15 GMT+0200 (CEST);Sat Sep 28 2019 12:10:15 GMT+0200 (CEST);1569672615000
1380556832687962;29.5;33.2;Sat Sep 28 2019 14:12:07 GMT+0200 (CEST);Sat Sep 28 2019 12:12:07 GMT+0200 (CEST);1569672727000
1380556832687962;29.5;33.7;Sat Sep 28 2019 14:14:01 GMT+0200 (CEST);Sat Sep 28 2019 12:14:01 GMT+0200 (CEST);1569672841000
1380556832687962;29.5;34.2;Sat Sep 28 2019 14:15:55 GMT+0200 (CEST);Sat Sep 28 2019 12:15:55 GMT+0200 (CEST);1569672955000
1380556832687962;29.5;34.2;Sat Sep 28 2019 14:17:48 GMT+0200 (CEST);Sat Sep 28 2019 12:17:48 GMT+0200 (CEST);1569673068000
1380556832687962;29.5;34.3;Sat Sep 28 2019 14:19:42 GMT+0200 (CEST);Sat Sep 28 2019 12:19:42 GMT+0200 (CEST);1569673182000
1380556832687962;29.5;33.9;Sat Sep 28 2019 14:21:58 GMT+0200 (CEST);Sat Sep 28 2019 12:21:58 GMT+0200 (CEST);1569673318000
1380556832687962;29.5;33.8;Sat Sep 28 2019 14:24:15 GMT+0200 (CEST);Sat Sep 28 2019 12:24:15 GMT+0200 (CEST);1569673455000
1380556832687962;29.5;33.5;Sat Sep 28 2019 14:26:09 GMT+0200 (CEST);Sat Sep 28 2019 12:26:09 GMT+0200 (CEST);1569673569000
1380556832687962;29.5;33.7;Sat Sep 28 2019 14:28:02 GMT+0200 (CEST);Sat Sep 28 2019 12:28:02 GMT+0200 (CEST);1569673682000
1380556832687962;29.5;33.8;Sat Sep 28 2019 14:30:46 GMT+0200 (CEST);Sat Sep 28 2019 12:30:46 GMT+0200 (CEST);1569673846000
1380556832687962;29.5;33.8;Sat Sep 28 2019 14:32:46 GMT+0200 (CEST);Sat Sep 28 2019 12:32:46 GMT+0200 (CEST);1569673966000
1380556832687962;29.5;33.5;Sat Sep 28 2019 14:34:40 GMT+0200 (CEST);Sat Sep 28 2019 12:34:40 GMT+0200 (CEST);1569674080000
1380556832687962;29.5;33.3;Sat Sep 28 2019 14:36:32 GMT+0200 (CEST);Sat Sep 28 2019 12:36:32 GMT+0200 (CEST);1569674192000
1380556832687962;29.5;32.9;Sat Sep 28 2019 14:38:30 GMT+0200 (CEST);Sat Sep 28 2019 12:38:30 GMT+0200 (CEST);1569674310000
1380556832687962;29.5;32.3;Sat Sep 28 2019 14:40:33 GMT+0200 (CEST);Sat Sep 28 2019 12:40:33 GMT+0200 (CEST);1569674433000
1380556832687962;29.5;31.6;Sat Sep 28 2019 14:42:26 GMT+0200 (CEST);Sat Sep 28 2019 12:42:26 GMT+0200 (CEST);1569674546000
1380556832687962;29.5;31.5;Sat Sep 28 2019 14:44:21 GMT+0200 (CEST);Sat Sep 28 2019 12:44:21 GMT+0200 (CEST);1569674661000
1380556832687962;29.5;31.8;Sat Sep 28 2019 14:46:14 GMT+0200 (CEST);Sat Sep 28 2019 12:46:14 GMT+0200 (CEST);1569674774000
1380556832687962;29.5;31.7;Sat Sep 28 2019 14:48:07 GMT+0200 (CEST);Sat Sep 28 2019 12:48:07 GMT+0200 (CEST);1569674887000
1380556832687962;29.5;32.2;Sat Sep 28 2019 14:49:59 GMT+0200 (CEST);Sat Sep 28 2019 12:49:59 GMT+0200 (CEST);1569674999000
1380556832687962;29.5;33.2;Sat Sep 28 2019 14:51:52 GMT+0200 (CEST);Sat Sep 28 2019 12:51:52 GMT+0200 (CEST);1569675112000
1380556832687962;23;34.2;Sat Sep 28 2019 14:53:45 GMT+0200 (CEST);Sat Sep 28 2019 12:53:45 GMT+0200 (CEST);1569675225000
1380556832687962;23;34.5;Sat Sep 28 2019 14:56:01 GMT+0200 (CEST);Sat Sep 28 2019 12:56:01 GMT+0200 (CEST);1569675361000
1380556832687962;23;35;Sat Sep 28 2019 14:57:54 GMT+0200 (CEST);Sat Sep 28 2019 12:57:54 GMT+0200 (CEST);1569675474000
1380556832687962;25.5;35.4;Sat Sep 28 2019 14:59:51 GMT+0200 (CEST);Sat Sep 28 2019 12:59:51 GMT+0200 (CEST);1569675591000
1380556832687962;25.5;34.7;Sat Sep 28 2019 15:01:49 GMT+0200 (CEST);Sat Sep 28 2019 13:01:49 GMT+0200 (CEST);1569675709000
1380556832687962;25.5;34.1;Sat Sep 28 2019 15:03:45 GMT+0200 (CEST);Sat Sep 28 2019 13:03:45 GMT+0200 (CEST);1569675825000
1380556832687962;25.5;33.8;Sat Sep 28 2019 15:05:37 GMT+0200 (CEST);Sat Sep 28 2019 13:05:37 GMT+0200 (CEST);1569675937000
1380556832687962;25.5;34.2;Sat Sep 28 2019 15:07:31 GMT+0200 (CEST);Sat Sep 28 2019 13:07:31 GMT+0200 (CEST);1569676051000
1380556832687962;25.5;34.3;Sat Sep 28 2019 15:09:25 GMT+0200 (CEST);Sat Sep 28 2019 13:09:25 GMT+0200 (CEST);1569676165000
1380556832687962;25.5;34.4;Sat Sep 28 2019 15:11:28 GMT+0200 (CEST);Sat Sep 28 2019 13:11:28 GMT+0200 (CEST);1569676288000
1380556832687962;25.5;34.2;Sat Sep 28 2019 15:13:26 GMT+0200 (CEST);Sat Sep 28 2019 13:13:26 GMT+0200 (CEST);1569676406000
1380556832687962;25.5;33.7;Sat Sep 28 2019 15:15:19 GMT+0200 (CEST);Sat Sep 28 2019 13:15:19 GMT+0200 (CEST);1569676519000
1380556832687962;25.5;34;Sat Sep 28 2019 15:17:12 GMT+0200 (CEST);Sat Sep 28 2019 13:17:12 GMT+0200 (CEST);1569676632000
1380556832687962;27.5;33.7;Sat Sep 28 2019 15:19:20 GMT+0200 (CEST);Sat Sep 28 2019 13:19:20 GMT+0200 (CEST);1569676760000
1380556832687962;27.5;33.6;Sat Sep 28 2019 15:21:13 GMT+0200 (CEST);Sat Sep 28 2019 13:21:13 GMT+0200 (CEST);1569676873000
1380556832687962;27.5;33.1;Sat Sep 28 2019 15:23:20 GMT+0200 (CEST);Sat Sep 28 2019 13:23:20 GMT+0200 (CEST);1569677000000
1380556832687962;27.5;33.4;Sat Sep 28 2019 15:25:13 GMT+0200 (CEST);Sat Sep 28 2019 13:25:13 GMT+0200 (CEST);1569677113000
1380556832687962;27.5;33.8;Sat Sep 28 2019 15:27:08 GMT+0200 (CEST);Sat Sep 28 2019 13:27:08 GMT+0200 (CEST);1569677228000
1380556832687962;27.5;33.7;Sat Sep 28 2019 15:29:01 GMT+0200 (CEST);Sat Sep 28 2019 13:29:01 GMT+0200 (CEST);1569677341000
1380556832687962;27.5;33.6;Sat Sep 28 2019 15:30:54 GMT+0200 (CEST);Sat Sep 28 2019 13:30:54 GMT+0200 (CEST);1569677454000
1380556832687962;27.5;33.7;Sat Sep 28 2019 15:32:52 GMT+0200 (CEST);Sat Sep 28 2019 13:32:52 GMT+0200 (CEST);1569677572000
1380556832687962;27.5;34.6;Sat Sep 28 2019 15:34:56 GMT+0200 (CEST);Sat Sep 28 2019 13:34:56 GMT+0200 (CEST);1569677696000
1380556832687962;27.5;35.1;Sat Sep 28 2019 15:36:56 GMT+0200 (CEST);Sat Sep 28 2019 13:36:56 GMT+0200 (CEST);1569677816000
1380556832687962;27.5;35;Sat Sep 28 2019 15:38:51 GMT+0200 (CEST);Sat Sep 28 2019 13:38:51 GMT+0200 (CEST);1569677931000
1380556832687962;27.5;34.6;Sat Sep 28 2019 15:40:45 GMT+0200 (CEST);Sat Sep 28 2019 13:40:45 GMT+0200 (CEST);1569678045000
1380556832687962;27.5;34.6;Sat Sep 28 2019 15:42:37 GMT+0200 (CEST);Sat Sep 28 2019 13:42:37 GMT+0200 (CEST);1569678157000
1380556832687962;27.5;34.8;Sat Sep 28 2019 15:44:30 GMT+0200 (CEST);Sat Sep 28 2019 13:44:30 GMT+0200 (CEST);1569678270000
1380556832687962;29.5;34.8;Sat Sep 28 2019 15:46:22 GMT+0200 (CEST);Sat Sep 28 2019 13:46:22 GMT+0200 (CEST);1569678382000
1380556832687962;29.5;32.5;Sat Sep 28 2019 15:48:19 GMT+0200 (CEST);Sat Sep 28 2019 13:48:19 GMT+0200 (CEST);1569678499000
1380556832687962;29.5;33.2;Sat Sep 28 2019 15:50:12 GMT+0200 (CEST);Sat Sep 28 2019 13:50:12 GMT+0200 (CEST);1569678612000
1380556832687962;29.5;33;Sat Sep 28 2019 15:52:05 GMT+0200 (CEST);Sat Sep 28 2019 13:52:05 GMT+0200 (CEST);1569678725000
1380556832687962;29.5;32.9;Sat Sep 28 2019 15:53:59 GMT+0200 (CEST);Sat Sep 28 2019 13:53:59 GMT+0200 (CEST);1569678839000
1380556832687962;28;32;Sat Sep 28 2019 15:55:52 GMT+0200 (CEST);Sat Sep 28 2019 13:55:52 GMT+0200 (CEST);1569678952000
1380556832687962;28;33;Sat Sep 28 2019 15:57:46 GMT+0200 (CEST);Sat Sep 28 2019 13:57:46 GMT+0200 (CEST);1569679066000
1380556832687962;28;33.1;Sat Sep 28 2019 15:59:42 GMT+0200 (CEST);Sat Sep 28 2019 13:59:42 GMT+0200 (CEST);1569679182000
1380556832687962;27.5;33.2;Sat Sep 28 2019 16:01:34 GMT+0200 (CEST);Sat Sep 28 2019 14:01:34 GMT+0200 (CEST);1569679294000
1380556832687962;27.5;33.7;Sat Sep 28 2019 16:03:40 GMT+0200 (CEST);Sat Sep 28 2019 14:03:40 GMT+0200 (CEST);1569679420000
1380556832687962;26.5;33.7;Sat Sep 28 2019 16:05:36 GMT+0200 (CEST);Sat Sep 28 2019 14:05:36 GMT+0200 (CEST);1569679536000
1380556832687962;26.5;33.5;Sat Sep 28 2019 16:07:29 GMT+0200 (CEST);Sat Sep 28 2019 14:07:29 GMT+0200 (CEST);1569679649000
1380556832687962;26.5;33.4;Sat Sep 28 2019 16:09:23 GMT+0200 (CEST);Sat Sep 28 2019 14:09:23 GMT+0200 (CEST);1569679763000
1380556832687962;26.5;33.2;Sat Sep 28 2019 16:11:17 GMT+0200 (CEST);Sat Sep 28 2019 14:11:17 GMT+0200 (CEST);1569679877000
1380556832687962;26.5;33.1;Sat Sep 28 2019 16:13:15 GMT+0200 (CEST);Sat Sep 28 2019 14:13:15 GMT+0200 (CEST);1569679995000
1380556832687962;26.5;34.2;Sat Sep 28 2019 16:15:09 GMT+0200 (CEST);Sat Sep 28 2019 14:15:09 GMT+0200 (CEST);1569680109000
1380556832687962;26;34.3;Sat Sep 28 2019 16:17:02 GMT+0200 (CEST);Sat Sep 28 2019 14:17:02 GMT+0200 (CEST);1569680222000
1380556832687962;26;34.2;Sat Sep 28 2019 16:18:55 GMT+0200 (CEST);Sat Sep 28 2019 14:18:55 GMT+0200 (CEST);1569680335000
1380556832687962;26;34.1;Sat Sep 28 2019 16:20:50 GMT+0200 (CEST);Sat Sep 28 2019 14:20:50 GMT+0200 (CEST);1569680450000
1380556832687962;26;34.1;Sat Sep 28 2019 16:22:44 GMT+0200 (CEST);Sat Sep 28 2019 14:22:44 GMT+0200 (CEST);1569680564000
1380556832687962;26;34;Sat Sep 28 2019 16:24:43 GMT+0200 (CEST);Sat Sep 28 2019 14:24:43 GMT+0200 (CEST);1569680683000
1380556832687962;27.5;34;Sat Sep 28 2019 16:26:35 GMT+0200 (CEST);Sat Sep 28 2019 14:26:35 GMT+0200 (CEST);1569680795000
1380556832687962;27.5;33.9;Sat Sep 28 2019 16:28:29 GMT+0200 (CEST);Sat Sep 28 2019 14:28:29 GMT+0200 (CEST);1569680909000
1380556832687962;27.5;33.9;Sat Sep 28 2019 16:30:21 GMT+0200 (CEST);Sat Sep 28 2019 14:30:21 GMT+0200 (CEST);1569681021000
1380556832687962;27.5;35;Sat Sep 28 2019 16:32:20 GMT+0200 (CEST);Sat Sep 28 2019 14:32:20 GMT+0200 (CEST);1569681140000
1380556832687962;27.5;33.7;Sat Sep 28 2019 16:34:19 GMT+0200 (CEST);Sat Sep 28 2019 14:34:19 GMT+0200 (CEST);1569681259000
1380556832687962;27.5;33.8;Sat Sep 28 2019 16:36:12 GMT+0200 (CEST);Sat Sep 28 2019 14:36:12 GMT+0200 (CEST);1569681372000
1380556832687962;27.5;33.7;Sat Sep 28 2019 16:38:05 GMT+0200 (CEST);Sat Sep 28 2019 14:38:05 GMT+0200 (CEST);1569681485000
1380556832687962;27.5;32.9;Sat Sep 28 2019 16:40:53 GMT+0200 (CEST);Sat Sep 28 2019 14:40:53 GMT+0200 (CEST);1569681653000
1380556832687962;27.5;32.9;Sat Sep 28 2019 16:42:45 GMT+0200 (CEST);Sat Sep 28 2019 14:42:45 GMT+0200 (CEST);1569681765000
1380556832687962;27.5;34;Sat Sep 28 2019 16:44:42 GMT+0200 (CEST);Sat Sep 28 2019 14:44:42 GMT+0200 (CEST);1569681882000
1380556832687962;27.5;33.6;Sat Sep 28 2019 16:46:35 GMT+0200 (CEST);Sat Sep 28 2019 14:46:35 GMT+0200 (CEST);1569681995000
1380556832687962;27.5;33.6;Sat Sep 28 2019 16:48:29 GMT+0200 (CEST);Sat Sep 28 2019 14:48:29 GMT+0200 (CEST);1569682109000
1380556832687962;26;33.6;Sat Sep 28 2019 16:50:32 GMT+0200 (CEST);Sat Sep 28 2019 14:50:32 GMT+0200 (CEST);1569682232000
1380556832687962;26;33.7;Sat Sep 28 2019 16:52:24 GMT+0200 (CEST);Sat Sep 28 2019 14:52:24 GMT+0200 (CEST);1569682344000
1380556832687962;26;33.8;Sat Sep 28 2019 16:54:17 GMT+0200 (CEST);Sat Sep 28 2019 14:54:17 GMT+0200 (CEST);1569682457000
1380556832687962;26;34.4;Sat Sep 28 2019 16:56:12 GMT+0200 (CEST);Sat Sep 28 2019 14:56:12 GMT+0200 (CEST);1569682572000
1380556832687962;26;33.5;Sat Sep 28 2019 16:58:07 GMT+0200 (CEST);Sat Sep 28 2019 14:58:07 GMT+0200 (CEST);1569682687000
1380556832687962;25.5;33.5;Sat Sep 28 2019 16:59:59 GMT+0200 (CEST);Sat Sep 28 2019 14:59:59 GMT+0200 (CEST);1569682799000
1380556832687962;25.5;33.4;Sat Sep 28 2019 17:01:52 GMT+0200 (CEST);Sat Sep 28 2019 15:01:52 GMT+0200 (CEST);1569682912000
1380556832687962;25.5;33.9;Sat Sep 28 2019 17:03:45 GMT+0200 (CEST);Sat Sep 28 2019 15:03:45 GMT+0200 (CEST);1569683025000
1380556832687962;25.5;35;Sat Sep 28 2019 17:05:42 GMT+0200 (CEST);Sat Sep 28 2019 15:05:42 GMT+0200 (CEST);1569683142000
1380556832687962;25.5;34.5;Sat Sep 28 2019 17:07:58 GMT+0200 (CEST);Sat Sep 28 2019 15:07:58 GMT+0200 (CEST);1569683278000
1380556832687962;25.5;34.4;Sat Sep 28 2019 17:09:56 GMT+0200 (CEST);Sat Sep 28 2019 15:09:56 GMT+0200 (CEST);1569683396000
1380556832687962;25.5;33.9;Sat Sep 28 2019 17:11:49 GMT+0200 (CEST);Sat Sep 28 2019 15:11:49 GMT+0200 (CEST);1569683509000
1380556832687962;25.5;33.3;Sat Sep 28 2019 17:13:43 GMT+0200 (CEST);Sat Sep 28 2019 15:13:43 GMT+0200 (CEST);1569683623000
1380556832687962;25.5;33.4;Sat Sep 28 2019 17:15:37 GMT+0200 (CEST);Sat Sep 28 2019 15:15:37 GMT+0200 (CEST);1569683737000
1380556832687962;25.5;34.2;Sat Sep 28 2019 17:17:30 GMT+0200 (CEST);Sat Sep 28 2019 15:17:30 GMT+0200 (CEST);1569683850000
1380556832687962;26;33.6;Sat Sep 28 2019 17:19:24 GMT+0200 (CEST);Sat Sep 28 2019 15:19:24 GMT+0200 (CEST);1569683964000
1380556832687962;26;32.9;Sat Sep 28 2019 17:21:17 GMT+0200 (CEST);Sat Sep 28 2019 15:21:17 GMT+0200 (CEST);1569684077000
1380556832687962;26;33.8;Sat Sep 28 2019 17:23:09 GMT+0200 (CEST);Sat Sep 28 2019 15:23:09 GMT+0200 (CEST);1569684189000
1380556832687962;25.5;32.5;Sat Sep 28 2019 17:25:04 GMT+0200 (CEST);Sat Sep 28 2019 15:25:04 GMT+0200 (CEST);1569684304000
1380556832687962;25.5;32.3;Sat Sep 28 2019 17:26:57 GMT+0200 (CEST);Sat Sep 28 2019 15:26:57 GMT+0200 (CEST);1569684417000
1380556832687962;23;32.5;Sat Sep 28 2019 17:28:53 GMT+0200 (CEST);Sat Sep 28 2019 15:28:53 GMT+0200 (CEST);1569684533000
1380556832687962;23;32.4;Sat Sep 28 2019 17:30:46 GMT+0200 (CEST);Sat Sep 28 2019 15:30:46 GMT+0200 (CEST);1569684646000
1380556832687962;23;32.7;Sat Sep 28 2019 17:32:39 GMT+0200 (CEST);Sat Sep 28 2019 15:32:39 GMT+0200 (CEST);1569684759000
1380556832687962;23;32.6;Sat Sep 28 2019 17:34:31 GMT+0200 (CEST);Sat Sep 28 2019 15:34:31 GMT+0200 (CEST);1569684871000
1380556832687962;23;32.3;Sat Sep 28 2019 17:36:28 GMT+0200 (CEST);Sat Sep 28 2019 15:36:28 GMT+0200 (CEST);1569684988000
1380556832687962;23;32.3;Sat Sep 28 2019 17:38:21 GMT+0200 (CEST);Sat Sep 28 2019 15:38:21 GMT+0200 (CEST);1569685101000
1380556832687962;23;32;Sat Sep 28 2019 17:40:15 GMT+0200 (CEST);Sat Sep 28 2019 15:40:15 GMT+0200 (CEST);1569685215000
1380556832687962;23;31.8;Sat Sep 28 2019 17:42:14 GMT+0200 (CEST);Sat Sep 28 2019 15:42:14 GMT+0200 (CEST);1569685334000
1380556832687962;23;32.2;Sat Sep 28 2019 17:44:06 GMT+0200 (CEST);Sat Sep 28 2019 15:44:06 GMT+0200 (CEST);1569685446000
1380556832687962;23;31.6;Sat Sep 28 2019 17:46:01 GMT+0200 (CEST);Sat Sep 28 2019 15:46:01 GMT+0200 (CEST);1569685561000
1380556832687962;22;32;Sat Sep 28 2019 17:47:54 GMT+0200 (CEST);Sat Sep 28 2019 15:47:54 GMT+0200 (CEST);1569685674000
1380556832687962;22;32.6;Sat Sep 28 2019 17:50:23 GMT+0200 (CEST);Sat Sep 28 2019 15:50:23 GMT+0200 (CEST);1569685823000
1380556832687962;22;32.6;Sat Sep 28 2019 17:52:16 GMT+0200 (CEST);Sat Sep 28 2019 15:52:16 GMT+0200 (CEST);1569685936000
1380556832687962;22;32;Sat Sep 28 2019 17:54:09 GMT+0200 (CEST);Sat Sep 28 2019 15:54:09 GMT+0200 (CEST);1569686049000
1380556832687962;22;32.1;Sat Sep 28 2019 17:56:01 GMT+0200 (CEST);Sat Sep 28 2019 15:56:01 GMT+0200 (CEST);1569686161000
1380556832687962;22;31.9;Sat Sep 28 2019 17:57:58 GMT+0200 (CEST);Sat Sep 28 2019 15:57:58 GMT+0200 (CEST);1569686278000
1380556832687962;22;31.9;Sat Sep 28 2019 17:59:54 GMT+0200 (CEST);Sat Sep 28 2019 15:59:54 GMT+0200 (CEST);1569686394000
1380556832687962;22;32.1;Sat Sep 28 2019 18:01:47 GMT+0200 (CEST);Sat Sep 28 2019 16:01:47 GMT+0200 (CEST);1569686507000
1380556832687962;22;34.4;Sat Sep 28 2019 18:03:40 GMT+0200 (CEST);Sat Sep 28 2019 16:03:40 GMT+0200 (CEST);1569686620000
1380556832687962;23;34.6;Sat Sep 28 2019 18:06:09 GMT+0200 (CEST);Sat Sep 28 2019 16:06:09 GMT+0200 (CEST);1569686769000
1380556832687962;23;34.8;Sat Sep 28 2019 18:08:01 GMT+0200 (CEST);Sat Sep 28 2019 16:08:01 GMT+0200 (CEST);1569686881000
1380556832687962;23;31.9;Sat Sep 28 2019 18:09:56 GMT+0200 (CEST);Sat Sep 28 2019 16:09:56 GMT+0200 (CEST);1569686996000
1380556832687962;23;30.8;Sat Sep 28 2019 18:12:05 GMT+0200 (CEST);Sat Sep 28 2019 16:12:05 GMT+0200 (CEST);1569687125000
1380556832687962;23;30.7;Sat Sep 28 2019 18:13:58 GMT+0200 (CEST);Sat Sep 28 2019 16:13:58 GMT+0200 (CEST);1569687238000
1380556832687962;23;30.7;Sat Sep 28 2019 18:15:53 GMT+0200 (CEST);Sat Sep 28 2019 16:15:53 GMT+0200 (CEST);1569687353000
1380556832687962;23;32.1;Sat Sep 28 2019 18:17:46 GMT+0200 (CEST);Sat Sep 28 2019 16:17:46 GMT+0200 (CEST);1569687466000
1380556832687962;23;31.7;Sat Sep 28 2019 18:19:39 GMT+0200 (CEST);Sat Sep 28 2019 16:19:39 GMT+0200 (CEST);1569687579000
1380556832687962;23;31.1;Sat Sep 28 2019 18:21:38 GMT+0200 (CEST);Sat Sep 28 2019 16:21:38 GMT+0200 (CEST);1569687698000
1380556832687962;23;31;Sat Sep 28 2019 18:23:31 GMT+0200 (CEST);Sat Sep 28 2019 16:23:31 GMT+0200 (CEST);1569687811000
1380556832687962;23;30.8;Sat Sep 28 2019 18:25:26 GMT+0200 (CEST);Sat Sep 28 2019 16:25:26 GMT+0200 (CEST);1569687926000
1380556832687962;23;30.5;Sat Sep 28 2019 18:27:18 GMT+0200 (CEST);Sat Sep 28 2019 16:27:18 GMT+0200 (CEST);1569688038000
1380556832687962;23;30.4;Sat Sep 28 2019 18:29:15 GMT+0200 (CEST);Sat Sep 28 2019 16:29:15 GMT+0200 (CEST);1569688155000
1380556832687962;19.9;30.4;Sat Sep 28 2019 18:31:08 GMT+0200 (CEST);Sat Sep 28 2019 16:31:08 GMT+0200 (CEST);1569688268000
1380556832687962;19.9;30.5;Sat Sep 28 2019 18:33:10 GMT+0200 (CEST);Sat Sep 28 2019 16:33:10 GMT+0200 (CEST);1569688390000
1380556832687962;19.9;30.6;Sat Sep 28 2019 18:35:09 GMT+0200 (CEST);Sat Sep 28 2019 16:35:09 GMT+0200 (CEST);1569688509000
1380556832687962;19.9;30.6;Sat Sep 28 2019 18:37:03 GMT+0200 (CEST);Sat Sep 28 2019 16:37:03 GMT+0200 (CEST);1569688623000
1380556832687962;19.9;30.6;Sat Sep 28 2019 18:38:56 GMT+0200 (CEST);Sat Sep 28 2019 16:38:56 GMT+0200 (CEST);1569688736000
1380556832687962;19.4;30.4;Sat Sep 28 2019 18:40:50 GMT+0200 (CEST);Sat Sep 28 2019 16:40:50 GMT+0200 (CEST);1569688850000
1380556832687962;19.4;30.6;Sat Sep 28 2019 18:42:42 GMT+0200 (CEST);Sat Sep 28 2019 16:42:42 GMT+0200 (CEST);1569688962000
1380556832687962;19.4;30.6;Sat Sep 28 2019 18:44:38 GMT+0200 (CEST);Sat Sep 28 2019 16:44:38 GMT+0200 (CEST);1569689078000
1380556832687962;19.4;30.8;Sat Sep 28 2019 18:46:32 GMT+0200 (CEST);Sat Sep 28 2019 16:46:32 GMT+0200 (CEST);1569689192000
1380556832687962;19.4;29.6;Sat Sep 28 2019 18:48:28 GMT+0200 (CEST);Sat Sep 28 2019 16:48:28 GMT+0200 (CEST);1569689308000
1380556832687962;19.4;27;Sat Sep 28 2019 18:50:23 GMT+0200 (CEST);Sat Sep 28 2019 16:50:23 GMT+0200 (CEST);1569689423000
1380556832687962;19.4;26.3;Sat Sep 28 2019 18:52:24 GMT+0200 (CEST);Sat Sep 28 2019 16:52:24 GMT+0200 (CEST);1569689544000
1380556832687962;17.4;24.7;Sat Sep 28 2019 18:54:24 GMT+0200 (CEST);Sat Sep 28 2019 16:54:24 GMT+0200 (CEST);1569689664000
1380556832687962;17.4;23.3;Sat Sep 28 2019 18:56:17 GMT+0200 (CEST);Sat Sep 28 2019 16:56:17 GMT+0200 (CEST);1569689777000
1380556832687962;17.4;30.8;Sat Sep 28 2019 18:58:10 GMT+0200 (CEST);Sat Sep 28 2019 16:58:10 GMT+0200 (CEST);1569689890000
1380556832687962;17.4;29.4;Sat Sep 28 2019 19:00:05 GMT+0200 (CEST);Sat Sep 28 2019 17:00:05 GMT+0200 (CEST);1569690005000
1380556832687962;17.4;28;Sat Sep 28 2019 19:02:00 GMT+0200 (CEST);Sat Sep 28 2019 17:02:00 GMT+0200 (CEST);1569690120000
1380556832687962;17.4;25.9;Sat Sep 28 2019 19:03:53 GMT+0200 (CEST);Sat Sep 28 2019 17:03:53 GMT+0200 (CEST);1569690233000
1380556832687962;17.4;22.2;Sat Sep 28 2019 19:05:50 GMT+0200 (CEST);Sat Sep 28 2019 17:05:50 GMT+0200 (CEST);1569690350000
1380556832687962;17.4;22.2;Sat Sep 28 2019 19:07:48 GMT+0200 (CEST);Sat Sep 28 2019 17:07:48 GMT+0200 (CEST);1569690468000
1380556832687962;17.4;22.2;Sat Sep 28 2019 19:09:43 GMT+0200 (CEST);Sat Sep 28 2019 17:09:43 GMT+0200 (CEST);1569690583000