module_id;temperature;voltage;ts;utc_ts;timestamp;current;irradiation
1380556890909648;-273.2;29.4;Tue Nov 05 2019 07:30:39 GMT+0100 (CET);Tue Nov 05 2019 06:30:39 GMT+0100 (CET);1572935439000;0;6.41
1380556890909648;-273.2;34;Tue Nov 05 2019 07:32:32 GMT+0100 (CET);Tue Nov 05 2019 06:32:32 GMT+0100 (CET);1572935552000;0;8.35
1380556890909648;8.4;34.7;Tue Nov 05 2019 07:34:25 GMT+0100 (CET);Tue Nov 05 2019 06:34:25 GMT+0100 (CET);1572935665000;0;9.1
1380556890909648;8.4;28.2;Tue Nov 05 2019 07:36:18 GMT+0100 (CET);Tue Nov 05 2019 06:36:18 GMT+0100 (CET);1572935778000;0;9.37
1380556890909648;8.4;27.7;Tue Nov 05 2019 07:38:20 GMT+0100 (CET);Tue Nov 05 2019 06:38:20 GMT+0100 (CET);1572935900000;0;10.02
1380556890909648;8.4;27.8;Tue Nov 05 2019 07:40:12 GMT+0100 (CET);Tue Nov 05 2019 06:40:12 GMT+0100 (CET);1572936012000;0;10.94
1380556890909648;8.4;28.5;Tue Nov 05 2019 07:42:06 GMT+0100 (CET);Tue Nov 05 2019 06:42:06 GMT+0100 (CET);1572936126000;0;12.34
1380556890909648;8.4;28.4;Tue Nov 05 2019 07:43:59 GMT+0100 (CET);Tue Nov 05 2019 06:43:59 GMT+0100 (CET);1572936239000;0.06;14.61
1380556890909648;8.4;28.9;Tue Nov 05 2019 07:46:08 GMT+0100 (CET);Tue Nov 05 2019 06:46:08 GMT+0100 (CET);1572936368000;0.07;16.92
1380556890909648;8.4;30;Tue Nov 05 2019 07:48:00 GMT+0100 (CET);Tue Nov 05 2019 06:48:00 GMT+0100 (CET);1572936480000;0.08;18.03
1380556890909648;8.4;30.5;Tue Nov 05 2019 07:49:53 GMT+0100 (CET);Tue Nov 05 2019 06:49:53 GMT+0100 (CET);1572936593000;0.08;17.98
1380556890909648;8.4;30.6;Tue Nov 05 2019 07:51:46 GMT+0100 (CET);Tue Nov 05 2019 06:51:46 GMT+0100 (CET);1572936706000;0.08;18.34
1380556890909648;8.4;30.9;Tue Nov 05 2019 07:53:58 GMT+0100 (CET);Tue Nov 05 2019 06:53:58 GMT+0100 (CET);1572936838000;0.09;19.81
1380556890909648;8.4;30.9;Tue Nov 05 2019 07:55:52 GMT+0100 (CET);Tue Nov 05 2019 06:55:52 GMT+0100 (CET);1572936952000;0.1;21.31
1380556890909648;8.9;31.1;Tue Nov 05 2019 07:57:48 GMT+0100 (CET);Tue Nov 05 2019 06:57:48 GMT+0100 (CET);1572937068000;0.1;21.4
1380556890909648;8.9;31.3;Tue Nov 05 2019 07:59:41 GMT+0100 (CET);Tue Nov 05 2019 06:59:41 GMT+0100 (CET);1572937181000;0.11;23.41
1380556890909648;8.9;31.8;Tue Nov 05 2019 08:01:38 GMT+0100 (CET);Tue Nov 05 2019 07:01:38 GMT+0100 (CET);1572937298000;0.15;32.37
1380556890909648;8.9;31.7;Tue Nov 05 2019 08:03:31 GMT+0100 (CET);Tue Nov 05 2019 07:03:31 GMT+0100 (CET);1572937411000;0.2;42.98
1380556890909648;8.9;32.5;Tue Nov 05 2019 08:05:23 GMT+0100 (CET);Tue Nov 05 2019 07:05:23 GMT+0100 (CET);1572937523000;0.18;39.57
1380556890909648;8.9;32.9;Tue Nov 05 2019 08:07:19 GMT+0100 (CET);Tue Nov 05 2019 07:07:19 GMT+0100 (CET);1572937639000;0.14;31.38
1380556890909648;8.9;32.3;Tue Nov 05 2019 08:09:28 GMT+0100 (CET);Tue Nov 05 2019 07:09:28 GMT+0100 (CET);1572937768000;0.15;31.74
1380556890909648;8.9;32.3;Tue Nov 05 2019 08:11:21 GMT+0100 (CET);Tue Nov 05 2019 07:11:21 GMT+0100 (CET);1572937881000;0.16;34.05
1380556890909648;8.9;32.5;Tue Nov 05 2019 08:13:15 GMT+0100 (CET);Tue Nov 05 2019 07:13:15 GMT+0100 (CET);1572937995000;0.13;30.74
1380556890909648;8.9;32.5;Tue Nov 05 2019 08:15:09 GMT+0100 (CET);Tue Nov 05 2019 07:15:09 GMT+0100 (CET);1572938109000;0.1;23.95
1380556890909648;8.9;32.5;Tue Nov 05 2019 08:17:09 GMT+0100 (CET);Tue Nov 05 2019 07:17:09 GMT+0100 (CET);1572938229000;0.07;18.84
1380556890909648;8.9;31.9;Tue Nov 05 2019 08:19:03 GMT+0100 (CET);Tue Nov 05 2019 07:19:03 GMT+0100 (CET);1572938343000;0.06;15.38
1380556890909648;8.9;30.8;Tue Nov 05 2019 08:20:57 GMT+0100 (CET);Tue Nov 05 2019 07:20:57 GMT+0100 (CET);1572938457000;0;13.01
1380556890909648;8.9;29.7;Tue Nov 05 2019 08:22:50 GMT+0100 (CET);Tue Nov 05 2019 07:22:50 GMT+0100 (CET);1572938570000;0;13.41
1380556890909648;8.9;29.5;Tue Nov 05 2019 08:25:10 GMT+0100 (CET);Tue Nov 05 2019 07:25:10 GMT+0100 (CET);1572938710000;0.09;19.15
1380556890909648;8.9;29.5;Tue Nov 05 2019 08:27:03 GMT+0100 (CET);Tue Nov 05 2019 07:27:03 GMT+0100 (CET);1572938823000;0.13;26.92
1380556890909648;8.9;29.2;Tue Nov 05 2019 08:28:57 GMT+0100 (CET);Tue Nov 05 2019 07:28:57 GMT+0100 (CET);1572938937000;0.17;33.71
1380556890909648;8.4;28.2;Tue Nov 05 2019 08:30:51 GMT+0100 (CET);Tue Nov 05 2019 07:30:51 GMT+0100 (CET);1572939051000;0.21;41.67
1380556890909648;8.4;32.1;Tue Nov 05 2019 08:32:53 GMT+0100 (CET);Tue Nov 05 2019 07:32:53 GMT+0100 (CET);1572939173000;0.22;44.31
1380556890909648;8.4;33;Tue Nov 05 2019 08:34:46 GMT+0100 (CET);Tue Nov 05 2019 07:34:46 GMT+0100 (CET);1572939286000;0.2;41.3
1380556890909648;9.9;33;Tue Nov 05 2019 08:36:38 GMT+0100 (CET);Tue Nov 05 2019 07:36:38 GMT+0100 (CET);1572939398000;0.15;31.92
1380556890909648;9.9;33;Tue Nov 05 2019 08:38:35 GMT+0100 (CET);Tue Nov 05 2019 07:38:35 GMT+0100 (CET);1572939515000;0.12;26.4
1380556890909648;9.9;33;Tue Nov 05 2019 08:40:29 GMT+0100 (CET);Tue Nov 05 2019 07:40:29 GMT+0100 (CET);1572939629000;0.13;27.46
1380556890909648;9.9;31.8;Tue Nov 05 2019 08:42:33 GMT+0100 (CET);Tue Nov 05 2019 07:42:33 GMT+0100 (CET);1572939753000;0.15;31.23
1380556890909648;9.9;31.6;Tue Nov 05 2019 08:44:25 GMT+0100 (CET);Tue Nov 05 2019 07:44:25 GMT+0100 (CET);1572939865000;0.17;34.94
1380556890909648;9.9;32.2;Tue Nov 05 2019 08:46:18 GMT+0100 (CET);Tue Nov 05 2019 07:46:18 GMT+0100 (CET);1572939978000;0.2;39.71
1380556890909648;9.9;32.3;Tue Nov 05 2019 08:48:21 GMT+0100 (CET);Tue Nov 05 2019 07:48:21 GMT+0100 (CET);1572940101000;0.22;45.97
1380556890909648;9.9;33.1;Tue Nov 05 2019 08:50:14 GMT+0100 (CET);Tue Nov 05 2019 07:50:14 GMT+0100 (CET);1572940214000;0.23;48.23
1380556890909648;9.9;33.3;Tue Nov 05 2019 08:52:07 GMT+0100 (CET);Tue Nov 05 2019 07:52:07 GMT+0100 (CET);1572940327000;0.23;47.42
1380556890909648;9.9;33.1;Tue Nov 05 2019 08:53:59 GMT+0100 (CET);Tue Nov 05 2019 07:53:59 GMT+0100 (CET);1572940439000;0.23;47.46
1380556890909648;9.9;33.1;Tue Nov 05 2019 08:55:55 GMT+0100 (CET);Tue Nov 05 2019 07:55:55 GMT+0100 (CET);1572940555000;0.23;47.55
1380556890909648;9.9;33.2;Tue Nov 05 2019 08:57:47 GMT+0100 (CET);Tue Nov 05 2019 07:57:47 GMT+0100 (CET);1572940667000;0.23;47.33
1380556890909648;12.4;33.1;Tue Nov 05 2019 08:59:40 GMT+0100 (CET);Tue Nov 05 2019 07:59:40 GMT+0100 (CET);1572940780000;0.22;45.79
1380556890909648;12.4;33;Tue Nov 05 2019 09:01:33 GMT+0100 (CET);Tue Nov 05 2019 08:01:33 GMT+0100 (CET);1572940893000;0.22;46.46
1380556890909648;9.9;33.2;Tue Nov 05 2019 09:03:52 GMT+0100 (CET);Tue Nov 05 2019 08:03:52 GMT+0100 (CET);1572941032000;0.26;52.74
1380556890909648;9.9;33.3;Tue Nov 05 2019 09:05:53 GMT+0100 (CET);Tue Nov 05 2019 08:05:53 GMT+0100 (CET);1572941153000;0.28;57.72
1380556890909648;9.9;33.4;Tue Nov 05 2019 09:07:46 GMT+0100 (CET);Tue Nov 05 2019 08:07:46 GMT+0100 (CET);1572941266000;0.28;58.89
1380556890909648;12.4;33.5;Tue Nov 05 2019 09:09:39 GMT+0100 (CET);Tue Nov 05 2019 08:09:39 GMT+0100 (CET);1572941379000;0.27;57.46
1380556890909648;12.4;33.4;Tue Nov 05 2019 09:11:34 GMT+0100 (CET);Tue Nov 05 2019 08:11:34 GMT+0100 (CET);1572941494000;0.27;56.95
1380556890909648;12.4;33.4;Tue Nov 05 2019 09:13:27 GMT+0100 (CET);Tue Nov 05 2019 08:13:27 GMT+0100 (CET);1572941607000;0.31;63.67
1380556890909648;12.4;33.5;Tue Nov 05 2019 09:15:20 GMT+0100 (CET);Tue Nov 05 2019 08:15:20 GMT+0100 (CET);1572941720000;0.42;86.53
1380556890909648;12.4;34;Tue Nov 05 2019 09:17:15 GMT+0100 (CET);Tue Nov 05 2019 08:17:15 GMT+0100 (CET);1572941835000;0.48;98.66
1380556890909648;12.9;34.1;Tue Nov 05 2019 09:19:33 GMT+0100 (CET);Tue Nov 05 2019 08:19:33 GMT+0100 (CET);1572941973000;0.39;80.72
1380556890909648;12.9;34;Tue Nov 05 2019 09:21:26 GMT+0100 (CET);Tue Nov 05 2019 08:21:26 GMT+0100 (CET);1572942086000;0.3;65.92
1380556890909648;12.9;33.9;Tue Nov 05 2019 09:23:18 GMT+0100 (CET);Tue Nov 05 2019 08:23:18 GMT+0100 (CET);1572942198000;0.27;58.04
1380556890909648;12.9;33.5;Tue Nov 05 2019 09:25:14 GMT+0100 (CET);Tue Nov 05 2019 08:25:14 GMT+0100 (CET);1572942314000;0.25;53.67
1380556890909648;12.9;33.3;Tue Nov 05 2019 09:27:07 GMT+0100 (CET);Tue Nov 05 2019 08:27:07 GMT+0100 (CET);1572942427000;0.23;50.52
1380556890909648;12.9;32.9;Tue Nov 05 2019 09:29:01 GMT+0100 (CET);Tue Nov 05 2019 08:29:01 GMT+0100 (CET);1572942541000;0.31;64.64
1380556890909648;12.9;32.9;Tue Nov 05 2019 09:30:54 GMT+0100 (CET);Tue Nov 05 2019 08:30:54 GMT+0100 (CET);1572942654000;0.35;73.6
1380556890909648;12.9;33.4;Tue Nov 05 2019 09:32:46 GMT+0100 (CET);Tue Nov 05 2019 08:32:46 GMT+0100 (CET);1572942766000;0.29;62.19
1380556890909648;12.9;33.2;Tue Nov 05 2019 09:35:07 GMT+0100 (CET);Tue Nov 05 2019 08:35:07 GMT+0100 (CET);1572942907000;0.3;66.37
1380556890909648;12.9;33.5;Tue Nov 05 2019 09:37:00 GMT+0100 (CET);Tue Nov 05 2019 08:37:00 GMT+0100 (CET);1572943020000;0.39;83.7
1380556890909648;12.9;33.6;Tue Nov 05 2019 09:38:55 GMT+0100 (CET);Tue Nov 05 2019 08:38:55 GMT+0100 (CET);1572943135000;0.45;93.73
1380556890909648;12.9;33.8;Tue Nov 05 2019 09:40:48 GMT+0100 (CET);Tue Nov 05 2019 08:40:48 GMT+0100 (CET);1572943248000;0.37;76.04
1380556890909648;14.4;33.8;Tue Nov 05 2019 09:42:48 GMT+0100 (CET);Tue Nov 05 2019 08:42:48 GMT+0100 (CET);1572943368000;0.33;68.19
1380556890909648;14.4;33.8;Tue Nov 05 2019 09:44:41 GMT+0100 (CET);Tue Nov 05 2019 08:44:41 GMT+0100 (CET);1572943481000;0.31;63.61
1380556890909648;14.4;33.3;Tue Nov 05 2019 09:46:34 GMT+0100 (CET);Tue Nov 05 2019 08:46:34 GMT+0100 (CET);1572943594000;0.29;60.65
1380556890909648;14.4;33.3;Tue Nov 05 2019 09:48:26 GMT+0100 (CET);Tue Nov 05 2019 08:48:26 GMT+0100 (CET);1572943706000;0.28;57.34
1380556890909648;14.4;33.3;Tue Nov 05 2019 09:50:29 GMT+0100 (CET);Tue Nov 05 2019 08:50:29 GMT+0100 (CET);1572943829000;0.28;59.02
1380556890909648;14.4;33.3;Tue Nov 05 2019 09:52:22 GMT+0100 (CET);Tue Nov 05 2019 08:52:22 GMT+0100 (CET);1572943942000;0.3;62.75
1380556890909648;14.4;33.3;Tue Nov 05 2019 09:54:17 GMT+0100 (CET);Tue Nov 05 2019 08:54:17 GMT+0100 (CET);1572944057000;0.34;70.56
1380556890909648;14.4;33.3;Tue Nov 05 2019 09:56:11 GMT+0100 (CET);Tue Nov 05 2019 08:56:11 GMT+0100 (CET);1572944171000;0.38;77.8
1380556890909648;14.4;33.6;Tue Nov 05 2019 09:58:04 GMT+0100 (CET);Tue Nov 05 2019 08:58:04 GMT+0100 (CET);1572944284000;0.38;74.76
1380556890909648;14.4;33.5;Tue Nov 05 2019 09:59:57 GMT+0100 (CET);Tue Nov 05 2019 08:59:57 GMT+0100 (CET);1572944397000;0.24;51.22
1380556890909648;14.4;33;Tue Nov 05 2019 10:01:50 GMT+0100 (CET);Tue Nov 05 2019 09:01:50 GMT+0100 (CET);1572944510000;0.28;60.52
1380556890909648;14.4;33.2;Tue Nov 05 2019 10:03:43 GMT+0100 (CET);Tue Nov 05 2019 09:03:43 GMT+0100 (CET);1572944623000;0.38;79.73
1380556890909648;14.4;33.8;Tue Nov 05 2019 10:06:15 GMT+0100 (CET);Tue Nov 05 2019 09:06:15 GMT+0100 (CET);1572944775000;0.39;80.21
1380556890909648;14.4;33.7;Tue Nov 05 2019 10:08:08 GMT+0100 (CET);Tue Nov 05 2019 09:08:08 GMT+0100 (CET);1572944888000;0.4;82.67
1380556890909648;14.4;33.8;Tue Nov 05 2019 10:10:05 GMT+0100 (CET);Tue Nov 05 2019 09:10:05 GMT+0100 (CET);1572945005000;0.39;79.59
1380556890909648;14.4;33.7;Tue Nov 05 2019 10:11:58 GMT+0100 (CET);Tue Nov 05 2019 09:11:58 GMT+0100 (CET);1572945118000;0.38;77.54
1380556890909648;14.4;33.7;Tue Nov 05 2019 10:13:52 GMT+0100 (CET);Tue Nov 05 2019 09:13:52 GMT+0100 (CET);1572945232000;0.44;90.33
1380556890909648;14.4;33.9;Tue Nov 05 2019 10:15:45 GMT+0100 (CET);Tue Nov 05 2019 09:15:45 GMT+0100 (CET);1572945345000;0.52;105.44
1380556890909648;14.4;34.2;Tue Nov 05 2019 10:17:37 GMT+0100 (CET);Tue Nov 05 2019 09:17:37 GMT+0100 (CET);1572945457000;0.56;112.52
1380556890909648;14.9;34.3;Tue Nov 05 2019 10:19:30 GMT+0100 (CET);Tue Nov 05 2019 09:19:30 GMT+0100 (CET);1572945570000;0.46;91.18
1380556890909648;14.9;34.2;Tue Nov 05 2019 10:21:26 GMT+0100 (CET);Tue Nov 05 2019 09:21:26 GMT+0100 (CET);1572945686000;0.36;78.14
1380556890909648;14.9;34.2;Tue Nov 05 2019 10:23:19 GMT+0100 (CET);Tue Nov 05 2019 09:23:19 GMT+0100 (CET);1572945799000;0.52;109.53
1380556890909648;14.9;34.7;Tue Nov 05 2019 10:25:12 GMT+0100 (CET);Tue Nov 05 2019 09:25:12 GMT+0100 (CET);1572945912000;0.79;173.11
1380556890909648;14.9;35.8;Tue Nov 05 2019 10:27:08 GMT+0100 (CET);Tue Nov 05 2019 09:27:08 GMT+0100 (CET);1572946028000;1.09;218.11
1380556890909648;16.4;35.6;Tue Nov 05 2019 10:29:15 GMT+0100 (CET);Tue Nov 05 2019 09:29:15 GMT+0100 (CET);1572946155000;1.18;227.67
1380556890909648;16.4;34.9;Tue Nov 05 2019 10:31:08 GMT+0100 (CET);Tue Nov 05 2019 09:31:08 GMT+0100 (CET);1572946268000;0.64;141.74
1380556890909648;16.4;34.6;Tue Nov 05 2019 10:33:03 GMT+0100 (CET);Tue Nov 05 2019 09:33:03 GMT+0100 (CET);1572946383000;0.37;82.3
1380556890909648;16.4;33.8;Tue Nov 05 2019 10:34:56 GMT+0100 (CET);Tue Nov 05 2019 09:34:56 GMT+0100 (CET);1572946496000;0.37;75.83
1380556890909648;16.4;33.3;Tue Nov 05 2019 10:37:21 GMT+0100 (CET);Tue Nov 05 2019 09:37:21 GMT+0100 (CET);1572946641000;0.28;57.45
1380556890909648;16.4;33.1;Tue Nov 05 2019 10:39:14 GMT+0100 (CET);Tue Nov 05 2019 09:39:14 GMT+0100 (CET);1572946754000;0.24;50.86
1380556890909648;16.4;33;Tue Nov 05 2019 10:41:08 GMT+0100 (CET);Tue Nov 05 2019 09:41:08 GMT+0100 (CET);1572946868000;0.23;48.55
1380556890909648;16.4;32.9;Tue Nov 05 2019 10:43:02 GMT+0100 (CET);Tue Nov 05 2019 09:43:02 GMT+0100 (CET);1572946982000;0.3;60.78
1380556890909648;14.4;33.8;Tue Nov 05 2019 10:44:56 GMT+0100 (CET);Tue Nov 05 2019 09:44:56 GMT+0100 (CET);1572947096000;0.53;111.17
1380556890909648;14.4;35.2;Tue Nov 05 2019 10:46:49 GMT+0100 (CET);Tue Nov 05 2019 09:46:49 GMT+0100 (CET);1572947209000;0.61;128.34
1380556890909648;14.9;35.4;Tue Nov 05 2019 10:48:47 GMT+0100 (CET);Tue Nov 05 2019 09:48:47 GMT+0100 (CET);1572947327000;0.84;173.85
1380556890909648;14.9;35.4;Tue Nov 05 2019 10:50:40 GMT+0100 (CET);Tue Nov 05 2019 09:50:40 GMT+0100 (CET);1572947440000;0.73;151.99
1380556890909648;16.4;35.1;Tue Nov 05 2019 10:52:39 GMT+0100 (CET);Tue Nov 05 2019 09:52:39 GMT+0100 (CET);1572947559000;0.59;122.95
1380556890909648;16.4;34.8;Tue Nov 05 2019 10:54:32 GMT+0100 (CET);Tue Nov 05 2019 09:54:32 GMT+0100 (CET);1572947672000;0.65;139.49
1380556890909648;16.4;35.1;Tue Nov 05 2019 10:56:28 GMT+0100 (CET);Tue Nov 05 2019 09:56:28 GMT+0100 (CET);1572947788000;0.72;152.6
1380556890909648;16.4;35.3;Tue Nov 05 2019 10:58:21 GMT+0100 (CET);Tue Nov 05 2019 09:58:21 GMT+0100 (CET);1572947901000;0.8;168.92
1380556890909648;16.4;35.3;Tue Nov 05 2019 11:00:14 GMT+0100 (CET);Tue Nov 05 2019 10:00:14 GMT+0100 (CET);1572948014000;0.86;185.11
1380556890909648;16.4;35.4;Tue Nov 05 2019 11:02:10 GMT+0100 (CET);Tue Nov 05 2019 10:02:10 GMT+0100 (CET);1572948130000;0.85;182.28
1380556890909648;16.4;35.3;Tue Nov 05 2019 11:04:11 GMT+0100 (CET);Tue Nov 05 2019 10:04:11 GMT+0100 (CET);1572948251000;0.98;208.85
1380556890909648;16.4;35.4;Tue Nov 05 2019 11:06:04 GMT+0100 (CET);Tue Nov 05 2019 10:06:04 GMT+0100 (CET);1572948364000;0.93;194.11
1380556890909648;16.9;35.1;Tue Nov 05 2019 11:08:16 GMT+0100 (CET);Tue Nov 05 2019 10:08:16 GMT+0100 (CET);1572948496000;0.83;175.13
1380556890909648;16.9;35;Tue Nov 05 2019 11:10:09 GMT+0100 (CET);Tue Nov 05 2019 10:10:09 GMT+0100 (CET);1572948609000;0.81;171.78
1380556890909648;16.9;35.1;Tue Nov 05 2019 11:12:04 GMT+0100 (CET);Tue Nov 05 2019 10:12:04 GMT+0100 (CET);1572948724000;0.92;193.46
1380556890909648;16.9;35.2;Tue Nov 05 2019 11:13:57 GMT+0100 (CET);Tue Nov 05 2019 10:13:57 GMT+0100 (CET);1572948837000;0.94;200.19
1380556890909648;16.9;35.2;Tue Nov 05 2019 11:15:49 GMT+0100 (CET);Tue Nov 05 2019 10:15:49 GMT+0100 (CET);1572948949000;1;211.18
1380556890909648;18.5;34.9;Tue Nov 05 2019 11:17:43 GMT+0100 (CET);Tue Nov 05 2019 10:17:43 GMT+0100 (CET);1572949063000;0.88;183.69
1380556890909648;18.5;34.7;Tue Nov 05 2019 11:19:40 GMT+0100 (CET);Tue Nov 05 2019 10:19:40 GMT+0100 (CET);1572949180000;0.72;149.06
1380556890909648;18.5;34.5;Tue Nov 05 2019 11:21:32 GMT+0100 (CET);Tue Nov 05 2019 10:21:32 GMT+0100 (CET);1572949292000;0.61;122.33
1380556890909648;18.5;34;Tue Nov 05 2019 11:23:38 GMT+0100 (CET);Tue Nov 05 2019 10:23:38 GMT+0100 (CET);1572949418000;0.49;98.28
1380556890909648;18.5;33.8;Tue Nov 05 2019 11:25:31 GMT+0100 (CET);Tue Nov 05 2019 10:25:31 GMT+0100 (CET);1572949531000;0.45;91.13
1380556890909648;16.9;33.8;Tue Nov 05 2019 11:27:25 GMT+0100 (CET);Tue Nov 05 2019 10:27:25 GMT+0100 (CET);1572949645000;0.47;91.33
1380556890909648;16.9;33.9;Tue Nov 05 2019 11:29:17 GMT+0100 (CET);Tue Nov 05 2019 10:29:17 GMT+0100 (CET);1572949757000;0.59;119.33
1380556890909648;16.9;34.9;Tue Nov 05 2019 11:31:11 GMT+0100 (CET);Tue Nov 05 2019 10:31:11 GMT+0100 (CET);1572949871000;0.72;147.54
1380556890909648;16.9;35.4;Tue Nov 05 2019 11:33:04 GMT+0100 (CET);Tue Nov 05 2019 10:33:04 GMT+0100 (CET);1572949984000;0.81;168.87
1380556890909648;16.9;35.3;Tue Nov 05 2019 11:34:58 GMT+0100 (CET);Tue Nov 05 2019 10:34:58 GMT+0100 (CET);1572950098000;0.78;166.66
1380556890909648;16.9;35.3;Tue Nov 05 2019 11:36:51 GMT+0100 (CET);Tue Nov 05 2019 10:36:51 GMT+0100 (CET);1572950211000;0.81;170.97
1380556890909648;16.9;35.4;Tue Nov 05 2019 11:39:08 GMT+0100 (CET);Tue Nov 05 2019 10:39:08 GMT+0100 (CET);1572950348000;0.83;175.24
1380556890909648;16.9;35.4;Tue Nov 05 2019 11:41:01 GMT+0100 (CET);Tue Nov 05 2019 10:41:01 GMT+0100 (CET);1572950461000;0.88;181.7
1380556890909648;16.9;35.4;Tue Nov 05 2019 11:42:54 GMT+0100 (CET);Tue Nov 05 2019 10:42:54 GMT+0100 (CET);1572950574000;0.8;166.66
1380556890909648;16.9;35.3;Tue Nov 05 2019 11:44:46 GMT+0100 (CET);Tue Nov 05 2019 10:44:46 GMT+0100 (CET);1572950686000;0.79;166.02
1380556890909648;16.9;35.5;Tue Nov 05 2019 11:47:07 GMT+0100 (CET);Tue Nov 05 2019 10:47:07 GMT+0100 (CET);1572950827000;1.03;220.86
1380556890909648;16.9;35.7;Tue Nov 05 2019 11:49:00 GMT+0100 (CET);Tue Nov 05 2019 10:49:00 GMT+0100 (CET);1572950940000;1.16;243.58
1380556890909648;16.9;35.7;Tue Nov 05 2019 11:50:52 GMT+0100 (CET);Tue Nov 05 2019 10:50:52 GMT+0100 (CET);1572951052000;1.16;246.95
1380556890909648;16.9;35.6;Tue Nov 05 2019 11:52:45 GMT+0100 (CET);Tue Nov 05 2019 10:52:45 GMT+0100 (CET);1572951165000;1.04;221.08
1380556890909648;16.9;35.4;Tue Nov 05 2019 11:54:43 GMT+0100 (CET);Tue Nov 05 2019 10:54:43 GMT+0100 (CET);1572951283000;0.92;198.07
1380556890909648;16.9;35.3;Tue Nov 05 2019 11:56:36 GMT+0100 (CET);Tue Nov 05 2019 10:56:36 GMT+0100 (CET);1572951396000;0.89;192.53
1380556890909648;16.9;35.3;Tue Nov 05 2019 11:58:28 GMT+0100 (CET);Tue Nov 05 2019 10:58:28 GMT+0100 (CET);1572951508000;0.89;190.67
1380556890909648;18.5;35.3;Tue Nov 05 2019 12:00:30 GMT+0100 (CET);Tue Nov 05 2019 11:00:30 GMT+0100 (CET);1572951630000;0.91;197.93
1380556890909648;18.5;35.6;Tue Nov 05 2019 12:02:37 GMT+0100 (CET);Tue Nov 05 2019 11:02:37 GMT+0100 (CET);1572951757000;1.22;254.14
1380556890909648;19;35.1;Tue Nov 05 2019 12:04:37 GMT+0100 (CET);Tue Nov 05 2019 11:04:37 GMT+0100 (CET);1572951877000;0.96;207.14
1380556890909648;19;35.3;Tue Nov 05 2019 12:06:31 GMT+0100 (CET);Tue Nov 05 2019 11:06:31 GMT+0100 (CET);1572951991000;0.89;194.18
1380556890909648;20.5;35.1;Tue Nov 05 2019 12:08:24 GMT+0100 (CET);Tue Nov 05 2019 11:08:24 GMT+0100 (CET);1572952104000;0.98;238.23
1380556890909648;20.5;35.3;Tue Nov 05 2019 12:10:20 GMT+0100 (CET);Tue Nov 05 2019 11:10:20 GMT+0100 (CET);1572952220000;1.13;243.02
1380556890909648;20.5;35.3;Tue Nov 05 2019 12:12:12 GMT+0100 (CET);Tue Nov 05 2019 11:12:12 GMT+0100 (CET);1572952332000;1.27;255.82
1380556890909648;20.5;35.4;Tue Nov 05 2019 12:14:05 GMT+0100 (CET);Tue Nov 05 2019 11:14:05 GMT+0100 (CET);1572952445000;1.41;322.08
1380556890909648;20.5;35.6;Tue Nov 05 2019 12:15:59 GMT+0100 (CET);Tue Nov 05 2019 11:15:59 GMT+0100 (CET);1572952559000;1.47;327.03
1380556890909648;20.5;35.7;Tue Nov 05 2019 12:17:57 GMT+0100 (CET);Tue Nov 05 2019 11:17:57 GMT+0100 (CET);1572952677000;1.21;264.83
1380556890909648;20.5;35.2;Tue Nov 05 2019 12:19:51 GMT+0100 (CET);Tue Nov 05 2019 11:19:51 GMT+0100 (CET);1572952791000;1.09;238.13
1380556890909648;20.5;35.3;Tue Nov 05 2019 12:21:54 GMT+0100 (CET);Tue Nov 05 2019 11:21:54 GMT+0100 (CET);1572952914000;1.08;243.31
1380556890909648;20.5;35.5;Tue Nov 05 2019 12:23:46 GMT+0100 (CET);Tue Nov 05 2019 11:23:46 GMT+0100 (CET);1572953026000;1.76;373.75
1380556890909648;20.5;35.6;Tue Nov 05 2019 12:25:45 GMT+0100 (CET);Tue Nov 05 2019 11:25:45 GMT+0100 (CET);1572953145000;1.64;363.51
1380556890909648;21;36.1;Tue Nov 05 2019 12:27:39 GMT+0100 (CET);Tue Nov 05 2019 11:27:39 GMT+0100 (CET);1572953259000;2.81;662.84
1380556890909648;21;35.8;Tue Nov 05 2019 12:29:32 GMT+0100 (CET);Tue Nov 05 2019 11:29:32 GMT+0100 (CET);1572953372000;3.43;751.33
1380556890909648;21;35;Tue Nov 05 2019 12:31:26 GMT+0100 (CET);Tue Nov 05 2019 11:31:26 GMT+0100 (CET);1572953486000;3.65;815.96
1380556890909648;23;33.5;Tue Nov 05 2019 12:33:39 GMT+0100 (CET);Tue Nov 05 2019 11:33:39 GMT+0100 (CET);1572953619000;0.93;192.89
1380556890909648;23;33.4;Tue Nov 05 2019 12:35:32 GMT+0100 (CET);Tue Nov 05 2019 11:35:32 GMT+0100 (CET);1572953732000;0.64;143.94
1380556890909648;23;33.6;Tue Nov 05 2019 12:37:25 GMT+0100 (CET);Tue Nov 05 2019 11:37:25 GMT+0100 (CET);1572953845000;0.54;120.6
1380556890909648;23;33.8;Tue Nov 05 2019 12:39:19 GMT+0100 (CET);Tue Nov 05 2019 11:39:19 GMT+0100 (CET);1572953959000;0.55;123.98
1380556890909648;23;34.1;Tue Nov 05 2019 12:41:18 GMT+0100 (CET);Tue Nov 05 2019 11:41:18 GMT+0100 (CET);1572954078000;0.62;138.61
1380556890909648;23;34.7;Tue Nov 05 2019 12:43:13 GMT+0100 (CET);Tue Nov 05 2019 11:43:13 GMT+0100 (CET);1572954193000;0.74;164.07
1380556890909648;23;35;Tue Nov 05 2019 12:45:05 GMT+0100 (CET);Tue Nov 05 2019 11:45:05 GMT+0100 (CET);1572954305000;0.78;181.79
1380556890909648;22.5;35.3;Tue Nov 05 2019 12:46:58 GMT+0100 (CET);Tue Nov 05 2019 11:46:58 GMT+0100 (CET);1572954418000;0.95;216.19
1380556890909648;22.5;35.9;Tue Nov 05 2019 12:49:11 GMT+0100 (CET);Tue Nov 05 2019 11:49:11 GMT+0100 (CET);1572954551000;1.05;242.9
1380556890909648;22.5;35.8;Tue Nov 05 2019 12:51:08 GMT+0100 (CET);Tue Nov 05 2019 11:51:08 GMT+0100 (CET);1572954668000;1.69;455.67
1380556890909648;22.5;36.8;Tue Nov 05 2019 12:53:01 GMT+0100 (CET);Tue Nov 05 2019 11:53:01 GMT+0100 (CET);1572954781000;3.54;805.53
1380556890909648;22.5;35.7;Tue Nov 05 2019 12:54:54 GMT+0100 (CET);Tue Nov 05 2019 11:54:54 GMT+0100 (CET);1572954894000;1.72;383.99
1380556890909648;23;35.5;Tue Nov 05 2019 12:56:47 GMT+0100 (CET);Tue Nov 05 2019 11:56:47 GMT+0100 (CET);1572955007000;2.51;437.75
1380556890909648;23;35.2;Tue Nov 05 2019 12:58:40 GMT+0100 (CET);Tue Nov 05 2019 11:58:40 GMT+0100 (CET);1572955120000;1.43;309
1380556890909648;24.5;35.4;Tue Nov 05 2019 13:00:33 GMT+0100 (CET);Tue Nov 05 2019 12:00:33 GMT+0100 (CET);1572955233000;1.27;316.29
1380556890909648;24.5;35.5;Tue Nov 05 2019 13:02:28 GMT+0100 (CET);Tue Nov 05 2019 12:02:28 GMT+0100 (CET);1572955348000;1.35;381.43
1380556890909648;24.5;36.4;Tue Nov 05 2019 13:05:02 GMT+0100 (CET);Tue Nov 05 2019 12:05:02 GMT+0100 (CET);1572955502000;2.01;496.63
1380556890909648;24.5;35.3;Tue Nov 05 2019 13:06:55 GMT+0100 (CET);Tue Nov 05 2019 12:06:55 GMT+0100 (CET);1572955615000;1.91;447.99
1380556890909648;24.5;34.8;Tue Nov 05 2019 13:08:50 GMT+0100 (CET);Tue Nov 05 2019 12:08:50 GMT+0100 (CET);1572955730000;1.74;378.87
1380556890909648;25;35.6;Tue Nov 05 2019 13:10:42 GMT+0100 (CET);Tue Nov 05 2019 12:10:42 GMT+0100 (CET);1572955842000;3.34;788.82
1380556890909648;25;34.9;Tue Nov 05 2019 13:12:36 GMT+0100 (CET);Tue Nov 05 2019 12:12:36 GMT+0100 (CET);1572955956000;2.45;488.95
1380556890909648;25;34.7;Tue Nov 05 2019 13:14:28 GMT+0100 (CET);Tue Nov 05 2019 12:14:28 GMT+0100 (CET);1572956068000;2.86;655.35
1380556890909648;25;34.6;Tue Nov 05 2019 13:16:21 GMT+0100 (CET);Tue Nov 05 2019 12:16:21 GMT+0100 (CET);1572956181000;2.66;629.75
1380556890909648;25;34.1;Tue Nov 05 2019 13:18:31 GMT+0100 (CET);Tue Nov 05 2019 12:18:31 GMT+0100 (CET);1572956311000;2.01;389.11
1380556890909648;26;33.8;Tue Nov 05 2019 13:20:26 GMT+0100 (CET);Tue Nov 05 2019 12:20:26 GMT+0100 (CET);1572956426000;1.22;255.43
1380556890909648;26;34.1;Tue Nov 05 2019 13:22:05 GMT+0100 (CET);Tue Nov 05 2019 12:22:05 GMT+0100 (CET);1572956525000;1.21;258.67
1380556890909648;26;34.5;Tue Nov 05 2019 13:24:00 GMT+0100 (CET);Tue Nov 05 2019 12:24:00 GMT+0100 (CET);1572956640000;1.14;247.2
1380556890909648;26;34.8;Tue Nov 05 2019 13:25:55 GMT+0100 (CET);Tue Nov 05 2019 12:25:55 GMT+0100 (CET);1572956755000;1.04;230.83
1380556890909648;26;34.9;Tue Nov 05 2019 13:27:51 GMT+0100 (CET);Tue Nov 05 2019 12:27:51 GMT+0100 (CET);1572956871000;1.03;231.96
1380556890909648;26;35.1;Tue Nov 05 2019 13:29:44 GMT+0100 (CET);Tue Nov 05 2019 12:29:44 GMT+0100 (CET);1572956984000;1.01;226.64
1380556890909648;26;35.1;Tue Nov 05 2019 13:31:37 GMT+0100 (CET);Tue Nov 05 2019 12:31:37 GMT+0100 (CET);1572957097000;0.96;217.38
1380556890909648;25;35.2;Tue Nov 05 2019 13:33:35 GMT+0100 (CET);Tue Nov 05 2019 12:33:35 GMT+0100 (CET);1572957215000;1.11;249.01
1380556890909648;25;35.5;Tue Nov 05 2019 13:35:43 GMT+0100 (CET);Tue Nov 05 2019 12:35:43 GMT+0100 (CET);1572957343000;1.15;254.62
1380556890909648;25;36.8;Tue Nov 05 2019 13:37:25 GMT+0100 (CET);Tue Nov 05 2019 12:37:25 GMT+0100 (CET);1572957445000;1.79;355.83
1380556890909648;25;35.1;Tue Nov 05 2019 13:39:18 GMT+0100 (CET);Tue Nov 05 2019 12:39:18 GMT+0100 (CET);1572957558000;1.23;282.86
1380556890909648;25;35.8;Tue Nov 05 2019 13:41:03 GMT+0100 (CET);Tue Nov 05 2019 12:41:03 GMT+0100 (CET);1572957663000;1.11;235.04
1380556890909648;24.5;34.3;Tue Nov 05 2019 13:42:55 GMT+0100 (CET);Tue Nov 05 2019 12:42:55 GMT+0100 (CET);1572957775000;0.82;171.9
1380556890909648;24.5;34.1;Tue Nov 05 2019 13:44:48 GMT+0100 (CET);Tue Nov 05 2019 12:44:48 GMT+0100 (CET);1572957888000;0.65;142.28
1380556890909648;24.5;34.2;Tue Nov 05 2019 13:46:46 GMT+0100 (CET);Tue Nov 05 2019 12:46:46 GMT+0100 (CET);1572958006000;0.53;117.48
1380556890909648;24.5;34.1;Tue Nov 05 2019 13:48:40 GMT+0100 (CET);Tue Nov 05 2019 12:48:40 GMT+0100 (CET);1572958120000;0.48;103.08
1380556890909648;24.5;34;Tue Nov 05 2019 13:50:37 GMT+0100 (CET);Tue Nov 05 2019 12:50:37 GMT+0100 (CET);1572958237000;0.41;88.52
1380556890909648;22.5;33.9;Tue Nov 05 2019 13:52:30 GMT+0100 (CET);Tue Nov 05 2019 12:52:30 GMT+0100 (CET);1572958350000;0.37;80.13
1380556890909648;22.5;33.8;Tue Nov 05 2019 13:54:26 GMT+0100 (CET);Tue Nov 05 2019 12:54:26 GMT+0100 (CET);1572958466000;0.35;76.03
1380556890909648;22.5;33.7;Tue Nov 05 2019 13:56:18 GMT+0100 (CET);Tue Nov 05 2019 12:56:18 GMT+0100 (CET);1572958578000;0.38;78.9
1380556890909648;21;33.8;Tue Nov 05 2019 13:58:13 GMT+0100 (CET);Tue Nov 05 2019 12:58:13 GMT+0100 (CET);1572958693000;0.4;82.78
1380556890909648;21;33.8;Tue Nov 05 2019 14:00:07 GMT+0100 (CET);Tue Nov 05 2019 13:00:07 GMT+0100 (CET);1572958807000;0.42;84.72
1380556890909648;20.5;33.8;Tue Nov 05 2019 14:02:01 GMT+0100 (CET);Tue Nov 05 2019 13:02:01 GMT+0100 (CET);1572958921000;0.39;79.19
1380556890909648;20.5;33.7;Tue Nov 05 2019 14:03:56 GMT+0100 (CET);Tue Nov 05 2019 13:03:56 GMT+0100 (CET);1572959036000;0.35;72.56
1380556890909648;20.5;33.5;Tue Nov 05 2019 14:05:49 GMT+0100 (CET);Tue Nov 05 2019 13:05:49 GMT+0100 (CET);1572959149000;0.34;69.75
1380556890909648;18;33.5;Tue Nov 05 2019 14:08:00 GMT+0100 (CET);Tue Nov 05 2019 13:08:00 GMT+0100 (CET);1572959280000;0.35;73.6
1380556890909648;18;33.7;Tue Nov 05 2019 14:09:53 GMT+0100 (CET);Tue Nov 05 2019 13:09:53 GMT+0100 (CET);1572959393000;0.5;100.08
1380556890909648;16.9;34.5;Tue Nov 05 2019 14:11:47 GMT+0100 (CET);Tue Nov 05 2019 13:11:47 GMT+0100 (CET);1572959507000;0.61;127.65
1380556890909648;16.9;35.3;Tue Nov 05 2019 14:13:39 GMT+0100 (CET);Tue Nov 05 2019 13:13:39 GMT+0100 (CET);1572959619000;0.78;167.17
1380556890909648;16.9;35.6;Tue Nov 05 2019 14:15:33 GMT+0100 (CET);Tue Nov 05 2019 13:15:33 GMT+0100 (CET);1572959733000;1.03;215.37
1380556890909648;18;35.8;Tue Nov 05 2019 14:17:31 GMT+0100 (CET);Tue Nov 05 2019 13:17:31 GMT+0100 (CET);1572959851000;0.85;179.98
1380556890909648;18;35.3;Tue Nov 05 2019 14:19:23 GMT+0100 (CET);Tue Nov 05 2019 13:19:23 GMT+0100 (CET);1572959963000;0.73;157.86
1380556890909648;18.5;35.2;Tue Nov 05 2019 14:21:16 GMT+0100 (CET);Tue Nov 05 2019 13:21:16 GMT+0100 (CET);1572960076000;0.7;150.82
1380556890909648;18.5;36.4;Tue Nov 05 2019 14:23:10 GMT+0100 (CET);Tue Nov 05 2019 13:23:10 GMT+0100 (CET);1572960190000;1.54;229.25
1380556890909648;18.5;35.6;Tue Nov 05 2019 14:25:03 GMT+0100 (CET);Tue Nov 05 2019 13:25:03 GMT+0100 (CET);1572960303000;1.95;455.67
1380556890909648;18.5;35.6;Tue Nov 05 2019 14:26:57 GMT+0100 (CET);Tue Nov 05 2019 13:26:57 GMT+0100 (CET);1572960417000;2.22;501.75
1380556890909648;18.5;35.4;Tue Nov 05 2019 14:28:49 GMT+0100 (CET);Tue Nov 05 2019 13:28:49 GMT+0100 (CET);1572960529000;2.06;465.91
1380556890909648;20.5;35.2;Tue Nov 05 2019 14:30:42 GMT+0100 (CET);Tue Nov 05 2019 13:30:42 GMT+0100 (CET);1572960642000;1.86;427.51
1380556890909648;20.5;35.1;Tue Nov 05 2019 14:32:35 GMT+0100 (CET);Tue Nov 05 2019 13:32:35 GMT+0100 (CET);1572960755000;2.09;481.27
1380556890909648;20.5;35.3;Tue Nov 05 2019 14:34:27 GMT+0100 (CET);Tue Nov 05 2019 13:34:27 GMT+0100 (CET);1572960867000;1.48;343.03
1380556890909648;20.5;35;Tue Nov 05 2019 14:36:20 GMT+0100 (CET);Tue Nov 05 2019 13:36:20 GMT+0100 (CET);1572960980000;1.5;335.35
1380556890909648;20.5;34.9;Tue Nov 05 2019 14:38:21 GMT+0100 (CET);Tue Nov 05 2019 13:38:21 GMT+0100 (CET);1572961101000;1.28;282.98
1380556890909648;22.5;34.8;Tue Nov 05 2019 14:40:14 GMT+0100 (CET);Tue Nov 05 2019 13:40:14 GMT+0100 (CET);1572961214000;1.13;245.2
1380556890909648;22.5;34.3;Tue Nov 05 2019 14:42:07 GMT+0100 (CET);Tue Nov 05 2019 13:42:07 GMT+0100 (CET);1572961327000;0.95;205.32
1380556890909648;22.5;34.3;Tue Nov 05 2019 14:44:00 GMT+0100 (CET);Tue Nov 05 2019 13:44:00 GMT+0100 (CET);1572961440000;0.95;204.73
1380556890909648;22.5;34.6;Tue Nov 05 2019 14:45:52 GMT+0100 (CET);Tue Nov 05 2019 13:45:52 GMT+0100 (CET);1572961552000;0.87;194.8
1380556890909648;22.5;34.6;Tue Nov 05 2019 14:47:45 GMT+0100 (CET);Tue Nov 05 2019 13:47:45 GMT+0100 (CET);1572961665000;0.7;151.9
1380556890909648;22.5;34.7;Tue Nov 05 2019 14:49:38 GMT+0100 (CET);Tue Nov 05 2019 13:49:38 GMT+0100 (CET);1572961778000;0.64;143.35
1380556890909648;22.5;35;Tue Nov 05 2019 14:51:32 GMT+0100 (CET);Tue Nov 05 2019 13:51:32 GMT+0100 (CET);1572961892000;0.66;146.39
1380556890909648;22.5;35.2;Tue Nov 05 2019 14:53:25 GMT+0100 (CET);Tue Nov 05 2019 13:53:25 GMT+0100 (CET);1572962005000;1.19;268.86
1380556890909648;22.5;34.9;Tue Nov 05 2019 14:55:17 GMT+0100 (CET);Tue Nov 05 2019 13:55:17 GMT+0100 (CET);1572962117000;0.57;125.81
1380556890909648;22.5;34.7;Tue Nov 05 2019 14:57:13 GMT+0100 (CET);Tue Nov 05 2019 13:57:13 GMT+0100 (CET);1572962233000;0.56;122.32
1380556890909648;20.5;34.6;Tue Nov 05 2019 14:59:06 GMT+0100 (CET);Tue Nov 05 2019 13:59:06 GMT+0100 (CET);1572962346000;0.51;111.8
1380556890909648;20.5;34.6;Tue Nov 05 2019 15:01:06 GMT+0100 (CET);Tue Nov 05 2019 14:01:06 GMT+0100 (CET);1572962466000;0.46;102.01
1380556890909648;20.5;34.5;Tue Nov 05 2019 15:03:00 GMT+0100 (CET);Tue Nov 05 2019 14:03:00 GMT+0100 (CET);1572962580000;0.44;98.06
1380556890909648;20.5;34.5;Tue Nov 05 2019 15:04:53 GMT+0100 (CET);Tue Nov 05 2019 14:04:53 GMT+0100 (CET);1572962693000;0.43;94.63
1380556890909648;20.5;34.5;Tue Nov 05 2019 15:06:45 GMT+0100 (CET);Tue Nov 05 2019 14:06:45 GMT+0100 (CET);1572962805000;0.41;91.24
1380556890909648;19;34.7;Tue Nov 05 2019 15:08:52 GMT+0100 (CET);Tue Nov 05 2019 14:08:52 GMT+0100 (CET);1572962932000;0.43;102.46
1380556890909648;19;35.6;Tue Nov 05 2019 15:10:45 GMT+0100 (CET);Tue Nov 05 2019 14:10:45 GMT+0100 (CET);1572963045000;0.91;212.92
1380556890909648;19;35.9;Tue Nov 05 2019 15:12:38 GMT+0100 (CET);Tue Nov 05 2019 14:12:38 GMT+0100 (CET);1572963158000;0.87;206.61
1380556890909648;19;35.8;Tue Nov 05 2019 15:14:31 GMT+0100 (CET);Tue Nov 05 2019 14:14:31 GMT+0100 (CET);1572963271000;1.01;249.18
1380556890909648;19;36.3;Tue Nov 05 2019 15:16:25 GMT+0100 (CET);Tue Nov 05 2019 14:16:25 GMT+0100 (CET);1572963385000;1.2;293.34
1380556890909648;19;36.2;Tue Nov 05 2019 15:18:38 GMT+0100 (CET);Tue Nov 05 2019 14:18:38 GMT+0100 (CET);1572963518000;1.17;278.62
1380556890909648;19;35.6;Tue Nov 05 2019 15:20:33 GMT+0100 (CET);Tue Nov 05 2019 14:20:33 GMT+0100 (CET);1572963633000;0.85;183.5
1380556890909648;19;34.9;Tue Nov 05 2019 15:22:26 GMT+0100 (CET);Tue Nov 05 2019 14:22:26 GMT+0100 (CET);1572963746000;0.56;121.09
1380556890909648;19;34.7;Tue Nov 05 2019 15:24:26 GMT+0100 (CET);Tue Nov 05 2019 14:24:26 GMT+0100 (CET);1572963866000;0.51;114.22
1380556890909648;18.5;34.7;Tue Nov 05 2019 15:26:18 GMT+0100 (CET);Tue Nov 05 2019 14:26:18 GMT+0100 (CET);1572963978000;0.54;128.72
1380556890909648;18.5;35.8;Tue Nov 05 2019 15:28:13 GMT+0100 (CET);Tue Nov 05 2019 14:28:13 GMT+0100 (CET);1572964093000;0.79;197.41
1380556890909648;18.5;36;Tue Nov 05 2019 15:30:06 GMT+0100 (CET);Tue Nov 05 2019 14:30:06 GMT+0100 (CET);1572964206000;0.89;218.18
1380556890909648;19;36.2;Tue Nov 05 2019 15:32:06 GMT+0100 (CET);Tue Nov 05 2019 14:32:06 GMT+0100 (CET);1572964326000;1.01;225.73
1380556890909648;19;36.1;Tue Nov 05 2019 15:33:58 GMT+0100 (CET);Tue Nov 05 2019 14:33:58 GMT+0100 (CET);1572964438000;0.74;136.08
1380556890909648;19;34;Tue Nov 05 2019 15:35:51 GMT+0100 (CET);Tue Nov 05 2019 14:35:51 GMT+0100 (CET);1572964551000;0.41;88.25
1380556890909648;19;34.4;Tue Nov 05 2019 15:37:45 GMT+0100 (CET);Tue Nov 05 2019 14:37:45 GMT+0100 (CET);1572964665000;0.4;86.36
1380556890909648;20.5;35.4;Tue Nov 05 2019 15:40:04 GMT+0100 (CET);Tue Nov 05 2019 14:40:04 GMT+0100 (CET);1572964804000;0.42;100.88
1380556890909648;20.5;36.4;Tue Nov 05 2019 15:42:01 GMT+0100 (CET);Tue Nov 05 2019 14:42:01 GMT+0100 (CET);1572964921000;0.44;126.69
1380556890909648;20.5;37.5;Tue Nov 05 2019 15:43:58 GMT+0100 (CET);Tue Nov 05 2019 14:43:58 GMT+0100 (CET);1572965038000;0.43;88.55
1380556890909648;18.5;34.6;Tue Nov 05 2019 15:45:50 GMT+0100 (CET);Tue Nov 05 2019 14:45:50 GMT+0100 (CET);1572965150000;0.35;77.32
1380556890909648;18.5;35.8;Tue Nov 05 2019 15:47:59 GMT+0100 (CET);Tue Nov 05 2019 14:47:59 GMT+0100 (CET);1572965279000;0.41;73.56
1380556890909648;18.5;37.9;Tue Nov 05 2019 15:49:52 GMT+0100 (CET);Tue Nov 05 2019 14:49:52 GMT+0100 (CET);1572965392000;0.4;69.63
1380556890909648;18.5;36.4;Tue Nov 05 2019 15:51:44 GMT+0100 (CET);Tue Nov 05 2019 14:51:44 GMT+0100 (CET);1572965504000;0.32;66.2
1380556890909648;18.5;37.3;Tue Nov 05 2019 15:53:45 GMT+0100 (CET);Tue Nov 05 2019 14:53:45 GMT+0100 (CET);1572965625000;0.32;64.52
1380556890909648;19;36.7;Tue Nov 05 2019 15:55:38 GMT+0100 (CET);Tue Nov 05 2019 14:55:38 GMT+0100 (CET);1572965738000;0.3;62.08
1380556890909648;19;38.4;Tue Nov 05 2019 15:57:31 GMT+0100 (CET);Tue Nov 05 2019 14:57:31 GMT+0100 (CET);1572965851000;0.28;59.8
1380556890909648;19;37.6;Tue Nov 05 2019 15:59:28 GMT+0100 (CET);Tue Nov 05 2019 14:59:28 GMT+0100 (CET);1572965968000;0.26;58.81
1380556890909648;19;35.1;Tue Nov 05 2019 16:01:21 GMT+0100 (CET);Tue Nov 05 2019 15:01:21 GMT+0100 (CET);1572966081000;0.24;54.74
1380556890909648;19;34.2;Tue Nov 05 2019 16:03:24 GMT+0100 (CET);Tue Nov 05 2019 15:03:24 GMT+0100 (CET);1572966204000;0.23;53.64
1380556890909648;16.4;34.1;Tue Nov 05 2019 16:05:17 GMT+0100 (CET);Tue Nov 05 2019 15:05:17 GMT+0100 (CET);1572966317000;0.22;51.35
1380556890909648;16.4;34.1;Tue Nov 05 2019 16:07:13 GMT+0100 (CET);Tue Nov 05 2019 15:07:13 GMT+0100 (CET);1572966433000;0.21;48.69
1380556890909648;16.4;34;Tue Nov 05 2019 16:09:06 GMT+0100 (CET);Tue Nov 05 2019 15:09:06 GMT+0100 (CET);1572966546000;0.2;46.78
1380556890909648;16.4;33.8;Tue Nov 05 2019 16:10:59 GMT+0100 (CET);Tue Nov 05 2019 15:10:59 GMT+0100 (CET);1572966659000;0.18;42.95
1380556890909648;16.4;33.4;Tue Nov 05 2019 16:12:53 GMT+0100 (CET);Tue Nov 05 2019 15:12:53 GMT+0100 (CET);1572966773000;0.18;39.03
1380556890909648;16.4;33.2;Tue Nov 05 2019 16:14:45 GMT+0100 (CET);Tue Nov 05 2019 15:14:45 GMT+0100 (CET);1572966885000;0.17;37.88
1380556890909648;16.4;33.2;Tue Nov 05 2019 16:16:38 GMT+0100 (CET);Tue Nov 05 2019 15:16:38 GMT+0100 (CET);1572966998000;0.16;34.65
1380556890909648;14.4;33;Tue Nov 05 2019 16:18:46 GMT+0100 (CET);Tue Nov 05 2019 15:18:46 GMT+0100 (CET);1572967126000;0.15;32.01
1380556890909648;14.4;32.8;Tue Nov 05 2019 16:20:41 GMT+0100 (CET);Tue Nov 05 2019 15:20:41 GMT+0100 (CET);1572967241000;0.13;28.66
1380556890909648;14.4;32.6;Tue Nov 05 2019 16:22:35 GMT+0100 (CET);Tue Nov 05 2019 15:22:35 GMT+0100 (CET);1572967355000;0.12;25.38
1380556890909648;12.9;32.5;Tue Nov 05 2019 16:24:28 GMT+0100 (CET);Tue Nov 05 2019 15:24:28 GMT+0100 (CET);1572967468000;0.1;22.05
1380556890909648;12.9;32.2;Tue Nov 05 2019 16:26:22 GMT+0100 (CET);Tue Nov 05 2019 15:26:22 GMT+0100 (CET);1572967582000;0.09;19.04
1380556890909648;12.4;31.7;Tue Nov 05 2019 16:28:16 GMT+0100 (CET);Tue Nov 05 2019 15:28:16 GMT+0100 (CET);1572967696000;0.08;17.19
1380556890909648;12.4;31.5;Tue Nov 05 2019 16:30:08 GMT+0100 (CET);Tue Nov 05 2019 15:30:08 GMT+0100 (CET);1572967808000;0.07;13.67
1380556890909648;12.4;30.9;Tue Nov 05 2019 16:32:01 GMT+0100 (CET);Tue Nov 05 2019 15:32:01 GMT+0100 (CET);1572967921000;0;11.69
1380556890909648;12.4;30.4;Tue Nov 05 2019 16:33:54 GMT+0100 (CET);Tue Nov 05 2019 15:33:54 GMT+0100 (CET);1572968034000;0;9.92
1380556890909648;12.4;29.7;Tue Nov 05 2019 16:35:48 GMT+0100 (CET);Tue Nov 05 2019 15:35:48 GMT+0100 (CET);1572968148000;0;8.7
1380556890909648;9.9;29.6;Tue Nov 05 2019 16:37:44 GMT+0100 (CET);Tue Nov 05 2019 15:37:44 GMT+0100 (CET);1572968264000;0;7.37
1380556890909648;9.9;28.9;Tue Nov 05 2019 16:39:38 GMT+0100 (CET);Tue Nov 05 2019 15:39:38 GMT+0100 (CET);1572968378000;0;6.04
1380556890909648;9.9;28.5;Tue Nov 05 2019 16:41:38 GMT+0100 (CET);Tue Nov 05 2019 15:41:38 GMT+0100 (CET);1572968498000;0;4.62
1380556890909648;8.9;33.5;Tue Nov 05 2019 16:43:30 GMT+0100 (CET);Tue Nov 05 2019 15:43:30 GMT+0100 (CET);1572968610000;0;3.34
1380556890909648;8.9;32.9;Tue Nov 05 2019 16:45:23 GMT+0100 (CET);Tue Nov 05 2019 15:45:23 GMT+0100 (CET);1572968723000;0;2.45
1380556890909648;8.9;29.4;Tue Nov 05 2019 16:47:18 GMT+0100 (CET);Tue Nov 05 2019 15:47:18 GMT+0100 (CET);1572968838000;0;1.47
1380556890909648;8.9;30.7;Tue Nov 05 2019 16:49:23 GMT+0100 (CET);Tue Nov 05 2019 15:49:23 GMT+0100 (CET);1572968963000;0;0.78
1380556890909648;8.9;30.7;Tue Nov 05 2019 16:51:15 GMT+0100 (CET);Tue Nov 05 2019 15:51:15 GMT+0100 (CET);1572969075000;0;0.78
1380556890909648;8.9;25.8;Tue Nov 05 2019 16:53:08 GMT+0100 (CET);Tue Nov 05 2019 15:53:08 GMT+0100 (CET);1572969188000;0;-0.01
1380556890909648;8.9;25.8;Tue Nov 05 2019 16:55:01 GMT+0100 (CET);Tue Nov 05 2019 15:55:01 GMT+0100 (CET);1572969301000;0;-0.01
1380556890909648;8.9;25.8;Tue Nov 05 2019 16:57:07 GMT+0100 (CET);Tue Nov 05 2019 15:57:07 GMT+0100 (CET);1572969427000;0;-0.01
1380556890909648;-273.2;28.9;Wed Nov 06 2019 07:10:46 GMT+0100 (CET);Wed Nov 06 2019 06:10:46 GMT+0100 (CET);1573020646000;0;5.13
1380556890909648;2.3;32.3;Wed Nov 06 2019 07:12:39 GMT+0100 (CET);Wed Nov 06 2019 06:12:39 GMT+0100 (CET);1573020759000;0;6.59
1380556890909648;2.3;33.8;Wed Nov 06 2019 07:14:35 GMT+0100 (CET);Wed Nov 06 2019 06:14:35 GMT+0100 (CET);1573020875000;0;8.22
1380556890909648;2.3;35.2;Wed Nov 06 2019 07:16:29 GMT+0100 (CET);Wed Nov 06 2019 06:16:29 GMT+0100 (CET);1573020989000;0;10.37
1380556890909648;6.4;28.9;Wed Nov 06 2019 07:18:22 GMT+0100 (CET);Wed Nov 06 2019 06:18:22 GMT+0100 (CET);1573021102000;0;11.61
1380556890909648;6.4;28.6;Wed Nov 06 2019 07:20:18 GMT+0100 (CET);Wed Nov 06 2019 06:20:18 GMT+0100 (CET);1573021218000;0;12.23
1380556890909648;4.4;29.1;Wed Nov 06 2019 07:22:33 GMT+0100 (CET);Wed Nov 06 2019 06:22:33 GMT+0100 (CET);1573021353000;0;12.93
1380556890909648;4.4;28.9;Wed Nov 06 2019 07:24:29 GMT+0100 (CET);Wed Nov 06 2019 06:24:29 GMT+0100 (CET);1573021469000;0;13.01
1380556890909648;4.4;29.1;Wed Nov 06 2019 07:26:24 GMT+0100 (CET);Wed Nov 06 2019 06:26:24 GMT+0100 (CET);1573021584000;0;12.75
1380556890909648;4.4;29.3;Wed Nov 06 2019 07:28:17 GMT+0100 (CET);Wed Nov 06 2019 06:28:17 GMT+0100 (CET);1573021697000;0;12.79
1380556890909648;4.4;29.3;Wed Nov 06 2019 07:30:13 GMT+0100 (CET);Wed Nov 06 2019 06:30:13 GMT+0100 (CET);1573021813000;0;13.85
1380556890909648;4.4;29.3;Wed Nov 06 2019 07:32:06 GMT+0100 (CET);Wed Nov 06 2019 06:32:06 GMT+0100 (CET);1573021926000;0.07;15.13
1380556890909648;4.4;29.2;Wed Nov 06 2019 07:33:59 GMT+0100 (CET);Wed Nov 06 2019 06:33:59 GMT+0100 (CET);1573022039000;0.07;16.34
1380556890909648;6.4;30.4;Wed Nov 06 2019 07:35:53 GMT+0100 (CET);Wed Nov 06 2019 06:35:53 GMT+0100 (CET);1573022153000;0.08;17.35
1380556890909648;6.4;30.5;Wed Nov 06 2019 07:38:07 GMT+0100 (CET);Wed Nov 06 2019 06:38:07 GMT+0100 (CET);1573022287000;0.08;18.66
1380556890909648;6.4;31.2;Wed Nov 06 2019 07:40:00 GMT+0100 (CET);Wed Nov 06 2019 06:40:00 GMT+0100 (CET);1573022400000;0.08;17.8
1380556890909648;6.4;31.1;Wed Nov 06 2019 07:41:53 GMT+0100 (CET);Wed Nov 06 2019 06:41:53 GMT+0100 (CET);1573022513000;0.07;17.01
1380556890909648;6.4;30.6;Wed Nov 06 2019 07:43:46 GMT+0100 (CET);Wed Nov 06 2019 06:43:46 GMT+0100 (CET);1573022626000;0.07;16.05
1380556890909648;6.9;30.4;Wed Nov 06 2019 07:45:46 GMT+0100 (CET);Wed Nov 06 2019 06:45:46 GMT+0100 (CET);1573022746000;0.08;17.31
1380556890909648;6.9;30.5;Wed Nov 06 2019 07:47:39 GMT+0100 (CET);Wed Nov 06 2019 06:47:39 GMT+0100 (CET);1573022859000;0.08;19.12
1380556890909648;6.9;31;Wed Nov 06 2019 07:49:33 GMT+0100 (CET);Wed Nov 06 2019 06:49:33 GMT+0100 (CET);1573022973000;0.09;20.24
1380556890909648;6.9;31.3;Wed Nov 06 2019 07:51:25 GMT+0100 (CET);Wed Nov 06 2019 06:51:25 GMT+0100 (CET);1573023085000;0.09;20.57
1380556890909648;6.9;31.3;Wed Nov 06 2019 07:53:48 GMT+0100 (CET);Wed Nov 06 2019 06:53:48 GMT+0100 (CET);1573023228000;0.08;19.26
1380556890909648;6.9;31.2;Wed Nov 06 2019 07:55:41 GMT+0100 (CET);Wed Nov 06 2019 06:55:41 GMT+0100 (CET);1573023341000;0.08;18.23
1380556890909648;6.9;30.8;Wed Nov 06 2019 07:57:35 GMT+0100 (CET);Wed Nov 06 2019 06:57:35 GMT+0100 (CET);1573023455000;0.08;18.74
1380556890909648;6.9;30.7;Wed Nov 06 2019 07:59:29 GMT+0100 (CET);Wed Nov 06 2019 06:59:29 GMT+0100 (CET);1573023569000;0.09;19.78
1380556890909648;6.9;30.9;Wed Nov 06 2019 08:01:21 GMT+0100 (CET);Wed Nov 06 2019 07:01:21 GMT+0100 (CET);1573023681000;0.09;20.33
1380556890909648;8.4;31.2;Wed Nov 06 2019 08:03:14 GMT+0100 (CET);Wed Nov 06 2019 07:03:14 GMT+0100 (CET);1573023794000;0.09;20.07
1380556890909648;8.4;30.9;Wed Nov 06 2019 08:05:07 GMT+0100 (CET);Wed Nov 06 2019 07:05:07 GMT+0100 (CET);1573023907000;0.09;20.63
1380556890909648;8.4;30.9;Wed Nov 06 2019 08:07:00 GMT+0100 (CET);Wed Nov 06 2019 07:07:00 GMT+0100 (CET);1573024020000;0.09;22.15
1380556890909648;8.4;31.5;Wed Nov 06 2019 08:09:15 GMT+0100 (CET);Wed Nov 06 2019 07:09:15 GMT+0100 (CET);1573024155000;0.11;25.75
1380556890909648;8.4;31.9;Wed Nov 06 2019 08:11:08 GMT+0100 (CET);Wed Nov 06 2019 07:11:08 GMT+0100 (CET);1573024268000;0.13;29.48
1380556890909648;8.9;31.9;Wed Nov 06 2019 08:13:01 GMT+0100 (CET);Wed Nov 06 2019 07:13:01 GMT+0100 (CET);1573024381000;0.14;31.7
1380556890909648;8.9;32.3;Wed Nov 06 2019 08:14:53 GMT+0100 (CET);Wed Nov 06 2019 07:14:53 GMT+0100 (CET);1573024493000;0.16;36.22
1380556890909648;8.9;32.3;Wed Nov 06 2019 08:16:53 GMT+0100 (CET);Wed Nov 06 2019 07:16:53 GMT+0100 (CET);1573024613000;0.2;44.05
1380556890909648;8.9;32.3;Wed Nov 06 2019 08:18:46 GMT+0100 (CET);Wed Nov 06 2019 07:18:46 GMT+0100 (CET);1573024726000;0.21;45.9
1380556890909648;8.9;33.3;Wed Nov 06 2019 08:21:04 GMT+0100 (CET);Wed Nov 06 2019 07:21:04 GMT+0100 (CET);1573024864000;0.21;45.44
1380556890909648;8.9;33.3;Wed Nov 06 2019 08:22:58 GMT+0100 (CET);Wed Nov 06 2019 07:22:58 GMT+0100 (CET);1573024978000;0.22;47.87
1380556890909648;8.9;33.4;Wed Nov 06 2019 08:24:52 GMT+0100 (CET);Wed Nov 06 2019 07:24:52 GMT+0100 (CET);1573025092000;0.23;50.15
1380556890909648;8.9;33.4;Wed Nov 06 2019 08:26:45 GMT+0100 (CET);Wed Nov 06 2019 07:26:45 GMT+0100 (CET);1573025205000;0.24;51.47
1380556890909648;8.9;33.8;Wed Nov 06 2019 08:28:37 GMT+0100 (CET);Wed Nov 06 2019 07:28:37 GMT+0100 (CET);1573025317000;0.25;53.9
1380556890909648;10.4;33.6;Wed Nov 06 2019 08:30:32 GMT+0100 (CET);Wed Nov 06 2019 07:30:32 GMT+0100 (CET);1573025432000;0.24;53.39
1380556890909648;10.4;33.7;Wed Nov 06 2019 08:32:38 GMT+0100 (CET);Wed Nov 06 2019 07:32:38 GMT+0100 (CET);1573025558000;0.26;57.84
1380556890909648;10.4;33.8;Wed Nov 06 2019 08:34:31 GMT+0100 (CET);Wed Nov 06 2019 07:34:31 GMT+0100 (CET);1573025671000;0.29;63.45
1380556890909648;9.9;34;Wed Nov 06 2019 08:36:24 GMT+0100 (CET);Wed Nov 06 2019 07:36:24 GMT+0100 (CET);1573025784000;0.31;68.21
1380556890909648;9.9;34.2;Wed Nov 06 2019 08:38:17 GMT+0100 (CET);Wed Nov 06 2019 07:38:17 GMT+0100 (CET);1573025897000;0.35;74.6
1380556890909648;9.9;34.6;Wed Nov 06 2019 08:40:14 GMT+0100 (CET);Wed Nov 06 2019 07:40:14 GMT+0100 (CET);1573026014000;0.36;78.63
1380556890909648;9.9;34.6;Wed Nov 06 2019 08:42:07 GMT+0100 (CET);Wed Nov 06 2019 07:42:07 GMT+0100 (CET);1573026127000;0.34;75.82
1380556890909648;9.9;34.9;Wed Nov 06 2019 08:44:00 GMT+0100 (CET);Wed Nov 06 2019 07:44:00 GMT+0100 (CET);1573026240000;0.35;80.15
1380556890909648;9.9;35.1;Wed Nov 06 2019 08:45:54 GMT+0100 (CET);Wed Nov 06 2019 07:45:54 GMT+0100 (CET);1573026354000;0.41;91.57
1380556890909648;9.9;35.5;Wed Nov 06 2019 08:48:01 GMT+0100 (CET);Wed Nov 06 2019 07:48:01 GMT+0100 (CET);1573026481000;0.49;112.21
1380556890909648;12.4;35.8;Wed Nov 06 2019 08:49:54 GMT+0100 (CET);Wed Nov 06 2019 07:49:54 GMT+0100 (CET);1573026594000;0.54;123.04
1380556890909648;12.4;35.8;Wed Nov 06 2019 08:51:47 GMT+0100 (CET);Wed Nov 06 2019 07:51:47 GMT+0100 (CET);1573026707000;0.58;134.37
1380556890909648;12.4;36.8;Wed Nov 06 2019 08:53:47 GMT+0100 (CET);Wed Nov 06 2019 07:53:47 GMT+0100 (CET);1573026827000;0.79;186.24
1380556890909648;12.4;37.6;Wed Nov 06 2019 08:55:46 GMT+0100 (CET);Wed Nov 06 2019 07:55:46 GMT+0100 (CET);1573026946000;1.02;265.82
1380556890909648;12.9;36.2;Wed Nov 06 2019 08:57:38 GMT+0100 (CET);Wed Nov 06 2019 07:57:38 GMT+0100 (CET);1573027058000;1.89;450.55
1380556890909648;12.9;35.4;Wed Nov 06 2019 08:59:31 GMT+0100 (CET);Wed Nov 06 2019 07:59:31 GMT+0100 (CET);1573027171000;0.8;191.78
1380556890909648;12.9;36.5;Wed Nov 06 2019 09:01:28 GMT+0100 (CET);Wed Nov 06 2019 08:01:28 GMT+0100 (CET);1573027288000;0.77;178.84
1380556890909648;14.4;36.7;Wed Nov 06 2019 09:03:59 GMT+0100 (CET);Wed Nov 06 2019 08:03:59 GMT+0100 (CET);1573027439000;1.22;292.97
1380556890909648;14.4;36.6;Wed Nov 06 2019 09:05:52 GMT+0100 (CET);Wed Nov 06 2019 08:05:52 GMT+0100 (CET);1573027552000;1.5;394.23
1380556890909648;14.9;36.8;Wed Nov 06 2019 09:07:49 GMT+0100 (CET);Wed Nov 06 2019 08:07:49 GMT+0100 (CET);1573027669000;1.28;285.43
1380556890909648;14.9;36.7;Wed Nov 06 2019 09:09:42 GMT+0100 (CET);Wed Nov 06 2019 08:09:42 GMT+0100 (CET);1573027782000;1.15;258.27
1380556890909648;16.4;36.5;Wed Nov 06 2019 09:11:36 GMT+0100 (CET);Wed Nov 06 2019 08:11:36 GMT+0100 (CET);1573027896000;0.74;168.37
1380556890909648;16.4;36.2;Wed Nov 06 2019 09:13:28 GMT+0100 (CET);Wed Nov 06 2019 08:13:28 GMT+0100 (CET);1573028008000;0.75;170.4
1380556890909648;16.4;36.2;Wed Nov 06 2019 09:15:21 GMT+0100 (CET);Wed Nov 06 2019 08:15:21 GMT+0100 (CET);1573028121000;0.72;169.19
1380556890909648;16.4;36.2;Wed Nov 06 2019 09:17:14 GMT+0100 (CET);Wed Nov 06 2019 08:17:14 GMT+0100 (CET);1573028234000;0.6;139.53
1380556890909648;16.4;36.5;Wed Nov 06 2019 09:19:31 GMT+0100 (CET);Wed Nov 06 2019 08:19:31 GMT+0100 (CET);1573028371000;0.59;141.96
1380556890909648;16.4;36.3;Wed Nov 06 2019 09:21:27 GMT+0100 (CET);Wed Nov 06 2019 08:21:27 GMT+0100 (CET);1573028487000;0.58;135.21
1380556890909648;16.4;35.9;Wed Nov 06 2019 09:23:20 GMT+0100 (CET);Wed Nov 06 2019 08:23:20 GMT+0100 (CET);1573028600000;0.58;135.87
1380556890909648;16.4;35.8;Wed Nov 06 2019 09:25:13 GMT+0100 (CET);Wed Nov 06 2019 08:25:13 GMT+0100 (CET);1573028713000;0.59;136.46
1380556890909648;16.4;36;Wed Nov 06 2019 09:27:06 GMT+0100 (CET);Wed Nov 06 2019 08:27:06 GMT+0100 (CET);1573028826000;0.61;141.95
1380556890909648;16.4;35.9;Wed Nov 06 2019 09:29:00 GMT+0100 (CET);Wed Nov 06 2019 08:29:00 GMT+0100 (CET);1573028940000;0.67;151.5
1380556890909648;16.4;36;Wed Nov 06 2019 09:30:53 GMT+0100 (CET);Wed Nov 06 2019 08:30:53 GMT+0100 (CET);1573029053000;0.76;171.26
1380556890909648;16.4;36;Wed Nov 06 2019 09:32:45 GMT+0100 (CET);Wed Nov 06 2019 08:32:45 GMT+0100 (CET);1573029165000;0.76;170.1
1380556890909648;16.4;35.8;Wed Nov 06 2019 09:34:51 GMT+0100 (CET);Wed Nov 06 2019 08:34:51 GMT+0100 (CET);1573029291000;0.66;148.24
1380556890909648;16.4;35.8;Wed Nov 06 2019 09:36:44 GMT+0100 (CET);Wed Nov 06 2019 08:36:44 GMT+0100 (CET);1573029404000;0.57;128.48
1380556890909648;16.4;35.4;Wed Nov 06 2019 09:38:39 GMT+0100 (CET);Wed Nov 06 2019 08:38:39 GMT+0100 (CET);1573029519000;0.53;117.57
1380556890909648;16.4;34.9;Wed Nov 06 2019 09:40:32 GMT+0100 (CET);Wed Nov 06 2019 08:40:32 GMT+0100 (CET);1573029632000;0.5;112.1
1380556890909648;16.4;34.6;Wed Nov 06 2019 09:42:26 GMT+0100 (CET);Wed Nov 06 2019 08:42:26 GMT+0100 (CET);1573029746000;0.56;122.15
1380556890909648;14.9;34.7;Wed Nov 06 2019 09:44:19 GMT+0100 (CET);Wed Nov 06 2019 08:44:19 GMT+0100 (CET);1573029859000;0.61;133.89
1380556890909648;14.9;35.2;Wed Nov 06 2019 09:46:12 GMT+0100 (CET);Wed Nov 06 2019 08:46:12 GMT+0100 (CET);1573029972000;0.65;142.75
1380556890909648;14.9;35.3;Wed Nov 06 2019 09:48:06 GMT+0100 (CET);Wed Nov 06 2019 08:48:06 GMT+0100 (CET);1573030086000;0.67;144.34
1380556890909648;16.4;35.3;Wed Nov 06 2019 09:50:31 GMT+0100 (CET);Wed Nov 06 2019 08:50:31 GMT+0100 (CET);1573030231000;0.71;156.72
1380556890909648;16.4;35.7;Wed Nov 06 2019 09:52:25 GMT+0100 (CET);Wed Nov 06 2019 08:52:25 GMT+0100 (CET);1573030345000;0.82;183.76
1380556890909648;16.4;35.8;Wed Nov 06 2019 09:54:19 GMT+0100 (CET);Wed Nov 06 2019 08:54:19 GMT+0100 (CET);1573030459000;0.88;195.1
1380556890909648;16.4;35.9;Wed Nov 06 2019 09:56:12 GMT+0100 (CET);Wed Nov 06 2019 08:56:12 GMT+0100 (CET);1573030572000;0.85;198.13
1380556890909648;16.4;36.3;Wed Nov 06 2019 09:58:08 GMT+0100 (CET);Wed Nov 06 2019 08:58:08 GMT+0100 (CET);1573030688000;1.54;291.1
1380556890909648;16.4;36.3;Wed Nov 06 2019 10:00:00 GMT+0100 (CET);Wed Nov 06 2019 09:00:00 GMT+0100 (CET);1573030800000;2.29;524.79
1380556890909648;16.4;35.9;Wed Nov 06 2019 10:01:53 GMT+0100 (CET);Wed Nov 06 2019 09:01:53 GMT+0100 (CET);1573030913000;2.2;573.43
1380556890909648;16.9;35.7;Wed Nov 06 2019 10:03:49 GMT+0100 (CET);Wed Nov 06 2019 09:03:49 GMT+0100 (CET);1573031029000;0.67;164.67
1380556890909648;16.9;34.9;Wed Nov 06 2019 10:06:02 GMT+0100 (CET);Wed Nov 06 2019 09:06:02 GMT+0100 (CET);1573031162000;0.64;142.9
1380556890909648;16.9;35;Wed Nov 06 2019 10:08:10 GMT+0100 (CET);Wed Nov 06 2019 09:08:10 GMT+0100 (CET);1573031290000;0.89;191.01
1380556890909648;16.9;34.9;Wed Nov 06 2019 10:10:02 GMT+0100 (CET);Wed Nov 06 2019 09:10:02 GMT+0100 (CET);1573031402000;0.77;170.27
1380556890909648;16.9;34.5;Wed Nov 06 2019 10:11:55 GMT+0100 (CET);Wed Nov 06 2019 09:11:55 GMT+0100 (CET);1573031515000;1.21;350.71
1380556890909648;16.9;35.1;Wed Nov 06 2019 10:13:48 GMT+0100 (CET);Wed Nov 06 2019 09:13:48 GMT+0100 (CET);1573031628000;2.31;509.43
1380556890909648;16.9;34.2;Wed Nov 06 2019 10:15:41 GMT+0100 (CET);Wed Nov 06 2019 09:15:41 GMT+0100 (CET);1573031741000;0.79;167.29
1380556890909648;18.5;34;Wed Nov 06 2019 10:17:34 GMT+0100 (CET);Wed Nov 06 2019 09:17:34 GMT+0100 (CET);1573031854000;0.52;108.33
1380556890909648;18.5;33.7;Wed Nov 06 2019 10:19:26 GMT+0100 (CET);Wed Nov 06 2019 09:19:26 GMT+0100 (CET);1573031966000;0.64;126.61
1380556890909648;18.5;34.5;Wed Nov 06 2019 10:21:37 GMT+0100 (CET);Wed Nov 06 2019 09:21:37 GMT+0100 (CET);1573032097000;0.91;188.53
1380556890909648;18.5;34.5;Wed Nov 06 2019 10:23:30 GMT+0100 (CET);Wed Nov 06 2019 09:23:30 GMT+0100 (CET);1573032210000;0.65;126.94
1380556890909648;18.5;34.1;Wed Nov 06 2019 10:25:23 GMT+0100 (CET);Wed Nov 06 2019 09:25:23 GMT+0100 (CET);1573032323000;0.44;94.26
1380556890909648;18;33.7;Wed Nov 06 2019 10:27:16 GMT+0100 (CET);Wed Nov 06 2019 09:27:16 GMT+0100 (CET);1573032436000;0.45;96.91
1380556890909648;18;33.6;Wed Nov 06 2019 10:29:09 GMT+0100 (CET);Wed Nov 06 2019 09:29:09 GMT+0100 (CET);1573032549000;0.48;100.38
1380556890909648;18;33.8;Wed Nov 06 2019 10:31:02 GMT+0100 (CET);Wed Nov 06 2019 09:31:02 GMT+0100 (CET);1573032662000;0.44;91.25
1380556890909648;16.9;33.6;Wed Nov 06 2019 10:32:55 GMT+0100 (CET);Wed Nov 06 2019 09:32:55 GMT+0100 (CET);1573032775000;0.44;94.35
1380556890909648;16.9;34;Wed Nov 06 2019 10:34:47 GMT+0100 (CET);Wed Nov 06 2019 09:34:47 GMT+0100 (CET);1573032887000;0.45;95.72
1380556890909648;16.4;34.2;Wed Nov 06 2019 10:37:31 GMT+0100 (CET);Wed Nov 06 2019 09:37:31 GMT+0100 (CET);1573033051000;0.6;125.35
1380556890909648;16.4;34.2;Wed Nov 06 2019 10:39:23 GMT+0100 (CET);Wed Nov 06 2019 09:39:23 GMT+0100 (CET);1573033163000;0.63;131.6
1380556890909648;16.4;34.2;Wed Nov 06 2019 10:41:16 GMT+0100 (CET);Wed Nov 06 2019 09:41:16 GMT+0100 (CET);1573033276000;0.57;119.04
1380556890909648;16.4;34;Wed Nov 06 2019 10:43:09 GMT+0100 (CET);Wed Nov 06 2019 09:43:09 GMT+0100 (CET);1573033389000;0.55;112.26
1380556890909648;16.4;34.1;Wed Nov 06 2019 10:45:05 GMT+0100 (CET);Wed Nov 06 2019 09:45:05 GMT+0100 (CET);1573033505000;0.5;102.82
1380556890909648;16.4;34;Wed Nov 06 2019 10:46:59 GMT+0100 (CET);Wed Nov 06 2019 09:46:59 GMT+0100 (CET);1573033619000;0.59;120.07
1380556890909648;16.4;34.7;Wed Nov 06 2019 10:48:52 GMT+0100 (CET);Wed Nov 06 2019 09:48:52 GMT+0100 (CET);1573033732000;0.69;141.56
1380556890909648;16.4;34.9;Wed Nov 06 2019 10:50:45 GMT+0100 (CET);Wed Nov 06 2019 09:50:45 GMT+0100 (CET);1573033845000;0.7;143.83
1380556890909648;16.4;34.9;Wed Nov 06 2019 10:52:42 GMT+0100 (CET);Wed Nov 06 2019 09:52:42 GMT+0100 (CET);1573033962000;0.65;135.5
1380556890909648;16.4;35;Wed Nov 06 2019 10:54:40 GMT+0100 (CET);Wed Nov 06 2019 09:54:40 GMT+0100 (CET);1573034080000;0.63;126.29
1380556890909648;16.4;34.6;Wed Nov 06 2019 10:56:34 GMT+0100 (CET);Wed Nov 06 2019 09:56:34 GMT+0100 (CET);1573034194000;0.42;85.57
1380556890909648;16.4;33.9;Wed Nov 06 2019 10:58:27 GMT+0100 (CET);Wed Nov 06 2019 09:58:27 GMT+0100 (CET);1573034307000;0.42;85.75
1380556890909648;16.4;33.7;Wed Nov 06 2019 11:00:20 GMT+0100 (CET);Wed Nov 06 2019 10:00:20 GMT+0100 (CET);1573034420000;0.52;106.13
1380556890909648;16.4;34.1;Wed Nov 06 2019 11:02:13 GMT+0100 (CET);Wed Nov 06 2019 10:02:13 GMT+0100 (CET);1573034533000;0.45;92.41
1380556890909648;14.9;34.1;Wed Nov 06 2019 11:04:06 GMT+0100 (CET);Wed Nov 06 2019 10:04:06 GMT+0100 (CET);1573034646000;0.49;98.9
1380556890909648;14.9;34.1;Wed Nov 06 2019 11:05:58 GMT+0100 (CET);Wed Nov 06 2019 10:05:58 GMT+0100 (CET);1573034758000;0.41;84.53
1380556890909648;14.9;33.9;Wed Nov 06 2019 11:08:20 GMT+0100 (CET);Wed Nov 06 2019 10:08:20 GMT+0100 (CET);1573034900000;0.5;103.21
1380556890909648;14.9;34.1;Wed Nov 06 2019 11:10:13 GMT+0100 (CET);Wed Nov 06 2019 10:10:13 GMT+0100 (CET);1573035013000;0.44;83.77
1380556890909648;14.9;34;Wed Nov 06 2019 11:12:07 GMT+0100 (CET);Wed Nov 06 2019 10:12:07 GMT+0100 (CET);1573035127000;0.31;63.74
1380556890909648;14.4;33.8;Wed Nov 06 2019 11:14:00 GMT+0100 (CET);Wed Nov 06 2019 10:14:00 GMT+0100 (CET);1573035240000;0.44;91.66
1380556890909648;14.4;34.1;Wed Nov 06 2019 11:15:57 GMT+0100 (CET);Wed Nov 06 2019 10:15:57 GMT+0100 (CET);1573035357000;0.51;108.16
1380556890909648;14.4;34.4;Wed Nov 06 2019 11:17:51 GMT+0100 (CET);Wed Nov 06 2019 10:17:51 GMT+0100 (CET);1573035471000;0.56;118.04
1380556890909648;14.4;34.5;Wed Nov 06 2019 11:19:43 GMT+0100 (CET);Wed Nov 06 2019 10:19:43 GMT+0100 (CET);1573035583000;0.6;126.3
1380556890909648;14.4;34.9;Wed Nov 06 2019 11:21:44 GMT+0100 (CET);Wed Nov 06 2019 10:21:44 GMT+0100 (CET);1573035704000;0.65;136.89
1380556890909648;14.4;35.1;Wed Nov 06 2019 11:23:57 GMT+0100 (CET);Wed Nov 06 2019 10:23:57 GMT+0100 (CET);1573035837000;0.68;143.82
1380556890909648;14.4;35.1;Wed Nov 06 2019 11:25:52 GMT+0100 (CET);Wed Nov 06 2019 10:25:52 GMT+0100 (CET);1573035952000;0.71;151.41
1380556890909648;16.4;35.2;Wed Nov 06 2019 11:27:46 GMT+0100 (CET);Wed Nov 06 2019 10:27:46 GMT+0100 (CET);1573036066000;0.81;172.35
1380556890909648;16.4;35.3;Wed Nov 06 2019 11:29:40 GMT+0100 (CET);Wed Nov 06 2019 10:29:40 GMT+0100 (CET);1573036180000;0.81;172.56
1380556890909648;16.4;35.2;Wed Nov 06 2019 11:31:46 GMT+0100 (CET);Wed Nov 06 2019 10:31:46 GMT+0100 (CET);1573036306000;0.64;135.84
1380556890909648;16.4;34.1;Wed Nov 06 2019 11:33:41 GMT+0100 (CET);Wed Nov 06 2019 10:33:41 GMT+0100 (CET);1573036421000;0.54;112.46
1380556890909648;16.4;34;Wed Nov 06 2019 11:35:35 GMT+0100 (CET);Wed Nov 06 2019 10:35:35 GMT+0100 (CET);1573036535000;0.47;98.23
1380556890909648;16.4;33.7;Wed Nov 06 2019 11:37:28 GMT+0100 (CET);Wed Nov 06 2019 10:37:28 GMT+0100 (CET);1573036648000;0.47;96.8
1380556890909648;16.4;33.6;Wed Nov 06 2019 11:39:22 GMT+0100 (CET);Wed Nov 06 2019 10:39:22 GMT+0100 (CET);1573036762000;0.35;71.47
1380556890909648;16.4;33.6;Wed Nov 06 2019 11:41:15 GMT+0100 (CET);Wed Nov 06 2019 10:41:15 GMT+0100 (CET);1573036875000;0.3;61.48
1380556890909648;16.4;33;Wed Nov 06 2019 11:43:10 GMT+0100 (CET);Wed Nov 06 2019 10:43:10 GMT+0100 (CET);1573036990000;0.3;62.51
1380556890909648;16.4;33.2;Wed Nov 06 2019 11:45:03 GMT+0100 (CET);Wed Nov 06 2019 10:45:03 GMT+0100 (CET);1573037103000;0.29;60.41
1380556890909648;16.4;33.3;Wed Nov 06 2019 11:46:58 GMT+0100 (CET);Wed Nov 06 2019 10:46:58 GMT+0100 (CET);1573037218000;0.31;65.18
1380556890909648;16.4;33.4;Wed Nov 06 2019 11:48:51 GMT+0100 (CET);Wed Nov 06 2019 10:48:51 GMT+0100 (CET);1573037331000;0.34;69.48
1380556890909648;16.4;33.4;Wed Nov 06 2019 11:50:44 GMT+0100 (CET);Wed Nov 06 2019 10:50:44 GMT+0100 (CET);1573037444000;0.29;60.25
1380556890909648;15.4;33.7;Wed Nov 06 2019 11:52:37 GMT+0100 (CET);Wed Nov 06 2019 10:52:37 GMT+0100 (CET);1573037557000;0.45;95.46
1380556890909648;15.4;33.9;Wed Nov 06 2019 11:55:02 GMT+0100 (CET);Wed Nov 06 2019 10:55:02 GMT+0100 (CET);1573037702000;0.58;118.33
1380556890909648;16.4;34.2;Wed Nov 06 2019 11:56:55 GMT+0100 (CET);Wed Nov 06 2019 10:56:55 GMT+0100 (CET);1573037815000;0.44;89.43
1380556890909648;16.4;33.7;Wed Nov 06 2019 11:58:48 GMT+0100 (CET);Wed Nov 06 2019 10:58:48 GMT+0100 (CET);1573037928000;0.4;80.35
1380556890909648;14.9;33.7;Wed Nov 06 2019 12:00:41 GMT+0100 (CET);Wed Nov 06 2019 11:00:41 GMT+0100 (CET);1573038041000;0.33;64.6
1380556890909648;14.9;33.7;Wed Nov 06 2019 12:02:36 GMT+0100 (CET);Wed Nov 06 2019 11:02:36 GMT+0100 (CET);1573038156000;0.2;38.07
1380556890909648;14.9;33.2;Wed Nov 06 2019 12:04:29 GMT+0100 (CET);Wed Nov 06 2019 11:04:29 GMT+0100 (CET);1573038269000;0.19;35.05
1380556890909648;14.9;32.9;Wed Nov 06 2019 12:06:12 GMT+0100 (CET);Wed Nov 06 2019 11:06:12 GMT+0100 (CET);1573038372000;0.32;60.79
1380556890909648;14.9;33.5;Wed Nov 06 2019 12:08:26 GMT+0100 (CET);Wed Nov 06 2019 11:08:26 GMT+0100 (CET);1573038506000;0.32;62.81
1380556890909648;14.4;33.7;Wed Nov 06 2019 12:10:22 GMT+0100 (CET);Wed Nov 06 2019 11:10:22 GMT+0100 (CET);1573038622000;0.34;69.45
1380556890909648;14.4;33.9;Wed Nov 06 2019 12:12:19 GMT+0100 (CET);Wed Nov 06 2019 11:12:19 GMT+0100 (CET);1573038739000;0.47;100.48
1380556890909648;14.4;34.4;Wed Nov 06 2019 12:14:12 GMT+0100 (CET);Wed Nov 06 2019 11:14:12 GMT+0100 (CET);1573038852000;0.59;126.86
1380556890909648;14.4;35.6;Wed Nov 06 2019 12:16:04 GMT+0100 (CET);Wed Nov 06 2019 11:16:04 GMT+0100 (CET);1573038964000;0.67;146.8
1380556890909648;14.4;35.6;Wed Nov 06 2019 12:18:00 GMT+0100 (CET);Wed Nov 06 2019 11:18:00 GMT+0100 (CET);1573039080000;0.82;178.41
1380556890909648;14.9;36.1;Wed Nov 06 2019 12:19:53 GMT+0100 (CET);Wed Nov 06 2019 11:19:53 GMT+0100 (CET);1573039193000;0.99;222.92
1380556890909648;14.9;36.4;Wed Nov 06 2019 12:21:50 GMT+0100 (CET);Wed Nov 06 2019 11:21:50 GMT+0100 (CET);1573039310000;1.22;263.89
1380556890909648;16.4;36.2;Wed Nov 06 2019 12:23:42 GMT+0100 (CET);Wed Nov 06 2019 11:23:42 GMT+0100 (CET);1573039422000;1.21;261.27
1380556890909648;16.4;36.1;Wed Nov 06 2019 12:25:39 GMT+0100 (CET);Wed Nov 06 2019 11:25:39 GMT+0100 (CET);1573039539000;1.18;254.65
1380556890909648;16.4;35.7;Wed Nov 06 2019 12:27:32 GMT+0100 (CET);Wed Nov 06 2019 11:27:32 GMT+0100 (CET);1573039652000;1.07;223.91
1380556890909648;14.9;35.6;Wed Nov 06 2019 12:29:27 GMT+0100 (CET);Wed Nov 06 2019 11:29:27 GMT+0100 (CET);1573039767000;1;210.57
1380556890909648;14.9;35.5;Wed Nov 06 2019 12:31:20 GMT+0100 (CET);Wed Nov 06 2019 11:31:20 GMT+0100 (CET);1573039880000;0.89;192.15
1380556890909648;14.9;35.7;Wed Nov 06 2019 12:33:37 GMT+0100 (CET);Wed Nov 06 2019 11:33:37 GMT+0100 (CET);1573040017000;1.13;253.82
1380556890909648;14.9;36;Wed Nov 06 2019 12:35:29 GMT+0100 (CET);Wed Nov 06 2019 11:35:29 GMT+0100 (CET);1573040129000;1.51;330.23
1380556890909648;14.9;37.4;Wed Nov 06 2019 12:37:13 GMT+0100 (CET);Wed Nov 06 2019 11:37:13 GMT+0100 (CET);1573040233000;3.52;749.22
1380556890909648;16.9;36.4;Wed Nov 06 2019 12:39:05 GMT+0100 (CET);Wed Nov 06 2019 11:39:05 GMT+0100 (CET);1573040345000;3.38;754.05
1380556890909648;16.9;36.3;Wed Nov 06 2019 12:41:09 GMT+0100 (CET);Wed Nov 06 2019 11:41:09 GMT+0100 (CET);1573040469000;2.97;578.55
1380556890909648;18.5;35.6;Wed Nov 06 2019 12:43:02 GMT+0100 (CET);Wed Nov 06 2019 11:43:02 GMT+0100 (CET);1573040582000;1.21;267.69
1380556890909648;18.5;35.3;Wed Nov 06 2019 12:44:54 GMT+0100 (CET);Wed Nov 06 2019 11:44:54 GMT+0100 (CET);1573040694000;3.22;731
1380556890909648;18.5;35.6;Wed Nov 06 2019 12:46:47 GMT+0100 (CET);Wed Nov 06 2019 11:46:47 GMT+0100 (CET);1573040807000;2.88;637.43
1380556890909648;18.5;34.2;Wed Nov 06 2019 12:48:46 GMT+0100 (CET);Wed Nov 06 2019 11:48:46 GMT+0100 (CET);1573040926000;1.4;424.95
1380556890909648;18.5;34.1;Wed Nov 06 2019 12:50:50 GMT+0100 (CET);Wed Nov 06 2019 11:50:50 GMT+0100 (CET);1573041050000;0.91;186.1
1380556890909648;22.5;33.5;Wed Nov 06 2019 12:52:43 GMT+0100 (CET);Wed Nov 06 2019 11:52:43 GMT+0100 (CET);1573041163000;0.73;155.41
1380556890909648;22.5;33.5;Wed Nov 06 2019 12:54:35 GMT+0100 (CET);Wed Nov 06 2019 11:54:35 GMT+0100 (CET);1573041275000;0.79;182.44
1380556890909648;22.5;34;Wed Nov 06 2019 12:56:30 GMT+0100 (CET);Wed Nov 06 2019 11:56:30 GMT+0100 (CET);1573041390000;0.78;165.57
1380556890909648;22.5;33.8;Wed Nov 06 2019 12:58:23 GMT+0100 (CET);Wed Nov 06 2019 11:58:23 GMT+0100 (CET);1573041503000;0.71;152.03
1380556890909648;22.5;33.5;Wed Nov 06 2019 13:00:16 GMT+0100 (CET);Wed Nov 06 2019 12:00:16 GMT+0100 (CET);1573041616000;0.56;120.6
1380556890909648;22.5;33.8;Wed Nov 06 2019 13:02:09 GMT+0100 (CET);Wed Nov 06 2019 12:02:09 GMT+0100 (CET);1573041729000;0.61;131.52
1380556890909648;22.5;35.5;Wed Nov 06 2019 13:04:03 GMT+0100 (CET);Wed Nov 06 2019 12:04:03 GMT+0100 (CET);1573041843000;1.75;435.19
1380556890909648;20.5;34.7;Wed Nov 06 2019 13:06:04 GMT+0100 (CET);Wed Nov 06 2019 12:06:04 GMT+0100 (CET);1573041964000;0.73;160.61
1380556890909648;20.5;34.6;Wed Nov 06 2019 13:07:57 GMT+0100 (CET);Wed Nov 06 2019 12:07:57 GMT+0100 (CET);1573042077000;0.67;148.67
1380556890909648;20.5;34.5;Wed Nov 06 2019 13:09:53 GMT+0100 (CET);Wed Nov 06 2019 12:09:53 GMT+0100 (CET);1573042193000;0.6;133.5
1380556890909648;20.5;34.3;Wed Nov 06 2019 13:11:45 GMT+0100 (CET);Wed Nov 06 2019 12:11:45 GMT+0100 (CET);1573042305000;0.65;147.01
1380556890909648;20.5;34.4;Wed Nov 06 2019 13:13:38 GMT+0100 (CET);Wed Nov 06 2019 12:13:38 GMT+0100 (CET);1573042418000;0.62;139.85
1380556890909648;18.5;34.5;Wed Nov 06 2019 13:15:30 GMT+0100 (CET);Wed Nov 06 2019 12:15:30 GMT+0100 (CET);1573042530000;0.75;208.74
1380556890909648;18.5;36;Wed Nov 06 2019 13:17:23 GMT+0100 (CET);Wed Nov 06 2019 12:17:23 GMT+0100 (CET);1573042643000;1.67;219.9
1380556890909648;18.5;36.5;Wed Nov 06 2019 13:18:48 GMT+0100 (CET);Wed Nov 06 2019 12:18:48 GMT+0100 (CET);1573042728000;2.8;642.55
1380556890909648;19;34.5;Wed Nov 06 2019 13:20:42 GMT+0100 (CET);Wed Nov 06 2019 12:20:42 GMT+0100 (CET);1573042842000;0.98;239.2
1380556890909648;19;36.5;Wed Nov 06 2019 13:22:38 GMT+0100 (CET);Wed Nov 06 2019 12:22:38 GMT+0100 (CET);1573042958000;2.53;386.55
1380556890909648;20.5;35.8;Wed Nov 06 2019 13:24:32 GMT+0100 (CET);Wed Nov 06 2019 12:24:32 GMT+0100 (CET);1573043072000;1.06;231.09
1380556890909648;20.5;34.2;Wed Nov 06 2019 13:26:25 GMT+0100 (CET);Wed Nov 06 2019 12:26:25 GMT+0100 (CET);1573043185000;1.01;214.49
1380556890909648;20.5;34.3;Wed Nov 06 2019 13:28:18 GMT+0100 (CET);Wed Nov 06 2019 12:28:18 GMT+0100 (CET);1573043298000;1.09;245.42
1380556890909648;20.5;34.6;Wed Nov 06 2019 13:30:11 GMT+0100 (CET);Wed Nov 06 2019 12:30:11 GMT+0100 (CET);1573043411000;0.91;198.04
1380556890909648;20.5;34.5;Wed Nov 06 2019 13:32:04 GMT+0100 (CET);Wed Nov 06 2019 12:32:04 GMT+0100 (CET);1573043524000;1.47;323.76
1380556890909648;20.5;34.5;Wed Nov 06 2019 13:34:04 GMT+0100 (CET);Wed Nov 06 2019 12:34:04 GMT+0100 (CET);1573043644000;0.55;114.81
1380556890909648;20.5;33.3;Wed Nov 06 2019 13:36:04 GMT+0100 (CET);Wed Nov 06 2019 12:36:04 GMT+0100 (CET);1573043764000;0.39;81.49
1380556890909648;20.5;33.2;Wed Nov 06 2019 13:38:00 GMT+0100 (CET);Wed Nov 06 2019 12:38:00 GMT+0100 (CET);1573043880000;0.27;56.16
1380556890909648;20.5;33.1;Wed Nov 06 2019 13:39:53 GMT+0100 (CET);Wed Nov 06 2019 12:39:53 GMT+0100 (CET);1573043993000;0.17;38.36
1380556890909648;20.5;32.4;Wed Nov 06 2019 13:41:45 GMT+0100 (CET);Wed Nov 06 2019 12:41:45 GMT+0100 (CET);1573044105000;0.14;30.25
1380556890909648;20.5;31.2;Wed Nov 06 2019 13:43:43 GMT+0100 (CET);Wed Nov 06 2019 12:43:43 GMT+0100 (CET);1573044223000;0.18;36.53
1380556890909648;20.5;31.2;Wed Nov 06 2019 13:45:36 GMT+0100 (CET);Wed Nov 06 2019 12:45:36 GMT+0100 (CET);1573044336000;0.24;52.42
1380556890909648;16.4;31.4;Wed Nov 06 2019 13:47:29 GMT+0100 (CET);Wed Nov 06 2019 12:47:29 GMT+0100 (CET);1573044449000;0.34;68.45
1380556890909648;16.4;31;Wed Nov 06 2019 13:49:22 GMT+0100 (CET);Wed Nov 06 2019 12:49:22 GMT+0100 (CET);1573044562000;0.39;80.35
1380556890909648;16.4;33.4;Wed Nov 06 2019 13:51:52 GMT+0100 (CET);Wed Nov 06 2019 12:51:52 GMT+0100 (CET);1573044712000;0.43;91.06
1380556890909648;16.4;33.9;Wed Nov 06 2019 13:53:37 GMT+0100 (CET);Wed Nov 06 2019 12:53:37 GMT+0100 (CET);1573044817000;0.4;86.86
1380556890909648;16.4;34;Wed Nov 06 2019 13:55:30 GMT+0100 (CET);Wed Nov 06 2019 12:55:30 GMT+0100 (CET);1573044930000;0.4;88.09
1380556890909648;16.4;34.1;Wed Nov 06 2019 13:57:13 GMT+0100 (CET);Wed Nov 06 2019 12:57:13 GMT+0100 (CET);1573045033000;0.59;138.48
1380556890909648;16.4;35.2;Wed Nov 06 2019 13:59:07 GMT+0100 (CET);Wed Nov 06 2019 12:59:07 GMT+0100 (CET);1573045147000;0.73;169.06
1380556890909648;16.9;36.6;Wed Nov 06 2019 14:01:01 GMT+0100 (CET);Wed Nov 06 2019 13:01:01 GMT+0100 (CET);1573045261000;0.89;215.27
1380556890909648;16.9;34.4;Wed Nov 06 2019 14:02:56 GMT+0100 (CET);Wed Nov 06 2019 13:02:56 GMT+0100 (CET);1573045376000;0.68;144.39
1380556890909648;16.9;34.1;Wed Nov 06 2019 14:04:49 GMT+0100 (CET);Wed Nov 06 2019 13:04:49 GMT+0100 (CET);1573045489000;0.57;119.65
1380556890909648;16.4;33.8;Wed Nov 06 2019 14:07:08 GMT+0100 (CET);Wed Nov 06 2019 13:07:08 GMT+0100 (CET);1573045628000;0.4;85.03
1380556890909648;16.4;33.6;Wed Nov 06 2019 14:09:11 GMT+0100 (CET);Wed Nov 06 2019 13:09:11 GMT+0100 (CET);1573045751000;0.23;52.04
1380556890909648;16.4;33.5;Wed Nov 06 2019 14:11:04 GMT+0100 (CET);Wed Nov 06 2019 13:11:04 GMT+0100 (CET);1573045864000;0.12;27.86
1380556890909648;16.4;33.6;Wed Nov 06 2019 14:12:56 GMT+0100 (CET);Wed Nov 06 2019 13:12:56 GMT+0100 (CET);1573045976000;0;16.05
1380556890909648;16.4;31.3;Wed Nov 06 2019 14:14:49 GMT+0100 (CET);Wed Nov 06 2019 13:14:49 GMT+0100 (CET);1573046089000;0;13.19
1380556890909648;16.4;30.1;Wed Nov 06 2019 14:16:42 GMT+0100 (CET);Wed Nov 06 2019 13:16:42 GMT+0100 (CET);1573046202000;0.08;15.36
1380556890909648;16.4;29.3;Wed Nov 06 2019 14:18:35 GMT+0100 (CET);Wed Nov 06 2019 13:18:35 GMT+0100 (CET);1573046315000;0.09;17.22
1380556890909648;12.9;29.2;Wed Nov 06 2019 14:20:28 GMT+0100 (CET);Wed Nov 06 2019 13:20:28 GMT+0100 (CET);1573046428000;0.13;23.24
1380556890909648;12.9;29;Wed Nov 06 2019 14:22:39 GMT+0100 (CET);Wed Nov 06 2019 13:22:39 GMT+0100 (CET);1573046559000;0.16;29.63
1380556890909648;12.9;31.8;Wed Nov 06 2019 14:24:31 GMT+0100 (CET);Wed Nov 06 2019 13:24:31 GMT+0100 (CET);1573046671000;0.17;31.97
1380556890909648;12.9;32.1;Wed Nov 06 2019 14:26:28 GMT+0100 (CET);Wed Nov 06 2019 13:26:28 GMT+0100 (CET);1573046788000;0.2;38.34
1380556890909648;12.9;32.1;Wed Nov 06 2019 14:28:21 GMT+0100 (CET);Wed Nov 06 2019 13:28:21 GMT+0100 (CET);1573046901000;0.25;47.94
1380556890909648;12.9;32.3;Wed Nov 06 2019 14:30:28 GMT+0100 (CET);Wed Nov 06 2019 13:30:28 GMT+0100 (CET);1573047028000;0.25;51.19
1380556890909648;12.9;33.3;Wed Nov 06 2019 14:32:21 GMT+0100 (CET);Wed Nov 06 2019 13:32:21 GMT+0100 (CET);1573047141000;0.24;49.1
1380556890909648;12.9;33.2;Wed Nov 06 2019 14:34:14 GMT+0100 (CET);Wed Nov 06 2019 13:34:14 GMT+0100 (CET);1573047254000;0.21;44.35
1380556890909648;12.4;33.2;Wed Nov 06 2019 14:36:08 GMT+0100 (CET);Wed Nov 06 2019 13:36:08 GMT+0100 (CET);1573047368000;0.18;37.97
1380556890909648;12.4;32.8;Wed Nov 06 2019 14:38:36 GMT+0100 (CET);Wed Nov 06 2019 13:38:36 GMT+0100 (CET);1573047516000;0.22;44.87
1380556890909648;12.4;33;Wed Nov 06 2019 14:40:29 GMT+0100 (CET);Wed Nov 06 2019 13:40:29 GMT+0100 (CET);1573047629000;0.33;67.27
1380556890909648;12.4;33;Wed Nov 06 2019 14:42:23 GMT+0100 (CET);Wed Nov 06 2019 13:42:23 GMT+0100 (CET);1573047743000;0.42;82.32
1380556890909648;12.9;34.1;Wed Nov 06 2019 14:44:16 GMT+0100 (CET);Wed Nov 06 2019 13:44:16 GMT+0100 (CET);1573047856000;0.43;88.09
1380556890909648;12.9;34.3;Wed Nov 06 2019 14:46:09 GMT+0100 (CET);Wed Nov 06 2019 13:46:09 GMT+0100 (CET);1573047969000;0.43;90.07
1380556890909648;12.9;34.5;Wed Nov 06 2019 14:48:02 GMT+0100 (CET);Wed Nov 06 2019 13:48:02 GMT+0100 (CET);1573048082000;0.48;100.74
1380556890909648;12.9;34.9;Wed Nov 06 2019 14:49:55 GMT+0100 (CET);Wed Nov 06 2019 13:49:55 GMT+0100 (CET);1573048195000;0.6;128.81
1380556890909648;12.9;36;Wed Nov 06 2019 14:51:48 GMT+0100 (CET);Wed Nov 06 2019 13:51:48 GMT+0100 (CET);1573048308000;0.73;164.21
1380556890909648;12.9;36.5;Wed Nov 06 2019 14:53:46 GMT+0100 (CET);Wed Nov 06 2019 13:53:46 GMT+0100 (CET);1573048426000;1.41;363.51
1380556890909648;12.9;35.5;Wed Nov 06 2019 14:55:39 GMT+0100 (CET);Wed Nov 06 2019 13:55:39 GMT+0100 (CET);1573048539000;0.64;135.27
1380556890909648;12.9;35.3;Wed Nov 06 2019 14:57:31 GMT+0100 (CET);Wed Nov 06 2019 13:57:31 GMT+0100 (CET);1573048651000;0.54;117.15
1380556890909648;12.9;34.9;Wed Nov 06 2019 14:59:24 GMT+0100 (CET);Wed Nov 06 2019 13:59:24 GMT+0100 (CET);1573048764000;0.47;103.36
1380556890909648;12.9;34.9;Wed Nov 06 2019 15:01:18 GMT+0100 (CET);Wed Nov 06 2019 14:01:18 GMT+0100 (CET);1573048878000;0.41;89.34
1380556890909648;12.9;34.7;Wed Nov 06 2019 15:03:15 GMT+0100 (CET);Wed Nov 06 2019 14:03:15 GMT+0100 (CET);1573048995000;0.38;84.26
1380556890909648;12.9;34.5;Wed Nov 06 2019 15:05:09 GMT+0100 (CET);Wed Nov 06 2019 14:05:09 GMT+0100 (CET);1573049109000;0.4;86.59
1380556890909648;12.9;34.3;Wed Nov 06 2019 15:07:02 GMT+0100 (CET);Wed Nov 06 2019 14:07:02 GMT+0100 (CET);1573049222000;0.37;81.67
1380556890909648;14.9;34.2;Wed Nov 06 2019 15:09:17 GMT+0100 (CET);Wed Nov 06 2019 14:09:17 GMT+0100 (CET);1573049357000;0.32;69.6
1380556890909648;14.9;34.1;Wed Nov 06 2019 15:11:10 GMT+0100 (CET);Wed Nov 06 2019 14:11:10 GMT+0100 (CET);1573049470000;0.29;62.41
1380556890909648;14.4;33.9;Wed Nov 06 2019 15:13:03 GMT+0100 (CET);Wed Nov 06 2019 14:13:03 GMT+0100 (CET);1573049583000;0.32;67.06
1380556890909648;14.4;33.9;Wed Nov 06 2019 15:14:56 GMT+0100 (CET);Wed Nov 06 2019 14:14:56 GMT+0100 (CET);1573049696000;0.42;88.97
1380556890909648;14.4;34;Wed Nov 06 2019 15:16:51 GMT+0100 (CET);Wed Nov 06 2019 14:16:51 GMT+0100 (CET);1573049811000;0.66;176.25
1380556890909648;14.4;34.6;Wed Nov 06 2019 15:18:45 GMT+0100 (CET);Wed Nov 06 2019 14:18:45 GMT+0100 (CET);1573049925000;0.48;100.05
1380556890909648;14.4;34.2;Wed Nov 06 2019 15:20:38 GMT+0100 (CET);Wed Nov 06 2019 14:20:38 GMT+0100 (CET);1573050038000;0.46;98.84
1380556890909648;14.9;34.2;Wed Nov 06 2019 15:22:31 GMT+0100 (CET);Wed Nov 06 2019 14:22:31 GMT+0100 (CET);1573050151000;0.49;102.5
1380556890909648;14.9;34.1;Wed Nov 06 2019 15:25:05 GMT+0100 (CET);Wed Nov 06 2019 14:25:05 GMT+0100 (CET);1573050305000;0.36;75.96
1380556890909648;14.9;34;Wed Nov 06 2019 15:27:06 GMT+0100 (CET);Wed Nov 06 2019 14:27:06 GMT+0100 (CET);1573050426000;0.3;63.43
1380556890909648;14.9;33.5;Wed Nov 06 2019 15:28:59 GMT+0100 (CET);Wed Nov 06 2019 14:28:59 GMT+0100 (CET);1573050539000;0.3;62.39
1380556890909648;14.9;33.5;Wed Nov 06 2019 15:30:53 GMT+0100 (CET);Wed Nov 06 2019 14:30:53 GMT+0100 (CET);1573050653000;0.3;66.57
1380556890909648;14.4;34.7;Wed Nov 06 2019 15:32:51 GMT+0100 (CET);Wed Nov 06 2019 14:32:51 GMT+0100 (CET);1573050771000;0.25;54.43
1380556890909648;14.4;33.4;Wed Nov 06 2019 15:34:54 GMT+0100 (CET);Wed Nov 06 2019 14:34:54 GMT+0100 (CET);1573050894000;0.25;53.3
1380556890909648;14.4;33.3;Wed Nov 06 2019 15:36:47 GMT+0100 (CET);Wed Nov 06 2019 14:36:47 GMT+0100 (CET);1573051007000;0.26;55.85
1380556890909648;14.4;33.4;Wed Nov 06 2019 15:38:40 GMT+0100 (CET);Wed Nov 06 2019 14:38:40 GMT+0100 (CET);1573051120000;0.29;60.83
1380556890909648;14.4;33.6;Wed Nov 06 2019 15:40:33 GMT+0100 (CET);Wed Nov 06 2019 14:40:33 GMT+0100 (CET);1573051233000;0.29;60.47
1380556890909648;14.4;33.4;Wed Nov 06 2019 15:42:26 GMT+0100 (CET);Wed Nov 06 2019 14:42:26 GMT+0100 (CET);1573051346000;0.27;55.49
1380556890909648;14.4;33.3;Wed Nov 06 2019 15:44:24 GMT+0100 (CET);Wed Nov 06 2019 14:44:24 GMT+0100 (CET);1573051464000;0.24;52.29
1380556890909648;14.4;33.3;Wed Nov 06 2019 15:46:16 GMT+0100 (CET);Wed Nov 06 2019 14:46:16 GMT+0100 (CET);1573051576000;0.24;51.07
1380556890909648;14.4;33.2;Wed Nov 06 2019 15:48:26 GMT+0100 (CET);Wed Nov 06 2019 14:48:26 GMT+0100 (CET);1573051706000;0.25;52.54
1380556890909648;14.4;33.2;Wed Nov 06 2019 15:50:19 GMT+0100 (CET);Wed Nov 06 2019 14:50:19 GMT+0100 (CET);1573051819000;0.24;51.26
1380556890909648;14.4;33.3;Wed Nov 06 2019 15:52:11 GMT+0100 (CET);Wed Nov 06 2019 14:52:11 GMT+0100 (CET);1573051931000;0.24;49.73
1380556890909648;14.4;33.3;Wed Nov 06 2019 15:54:09 GMT+0100 (CET);Wed Nov 06 2019 14:54:09 GMT+0100 (CET);1573052049000;0.21;43.65
1380556890909648;14.4;33.6;Wed Nov 06 2019 15:56:02 GMT+0100 (CET);Wed Nov 06 2019 14:56:02 GMT+0100 (CET);1573052162000;0.2;41.27
1380556890909648;14.4;33.6;Wed Nov 06 2019 15:57:55 GMT+0100 (CET);Wed Nov 06 2019 14:57:55 GMT+0100 (CET);1573052275000;0.19;39.37
1380556890909648;14.4;32.8;Wed Nov 06 2019 15:59:47 GMT+0100 (CET);Wed Nov 06 2019 14:59:47 GMT+0100 (CET);1573052387000;0.18;37.18
1380556890909648;14.4;32.5;Wed Nov 06 2019 16:01:40 GMT+0100 (CET);Wed Nov 06 2019 15:01:40 GMT+0100 (CET);1573052500000;0.16;35.18
1380556890909648;14.4;32.3;Wed Nov 06 2019 16:03:37 GMT+0100 (CET);Wed Nov 06 2019 15:03:37 GMT+0100 (CET);1573052617000;0.15;32.46
1380556890909648;12.4;32;Wed Nov 06 2019 16:05:29 GMT+0100 (CET);Wed Nov 06 2019 15:05:29 GMT+0100 (CET);1573052729000;0.14;30.27
1380556890909648;12.4;31.8;Wed Nov 06 2019 16:07:22 GMT+0100 (CET);Wed Nov 06 2019 15:07:22 GMT+0100 (CET);1573052842000;0.13;28.7
1380556890909648;12.4;31.7;Wed Nov 06 2019 16:09:25 GMT+0100 (CET);Wed Nov 06 2019 15:09:25 GMT+0100 (CET);1573052965000;0.12;26.08
1380556890909648;12.4;31.7;Wed Nov 06 2019 16:11:19 GMT+0100 (CET);Wed Nov 06 2019 15:11:19 GMT+0100 (CET);1573053079000;0.11;22.74
1380556890909648;12.4;31.5;Wed Nov 06 2019 16:13:11 GMT+0100 (CET);Wed Nov 06 2019 15:13:11 GMT+0100 (CET);1573053191000;0.09;19.01
1380556890909648;12.4;31.2;Wed Nov 06 2019 16:15:05 GMT+0100 (CET);Wed Nov 06 2019 15:15:05 GMT+0100 (CET);1573053305000;0.07;16.01
1380556890909648;12.4;30.8;Wed Nov 06 2019 16:16:58 GMT+0100 (CET);Wed Nov 06 2019 15:16:58 GMT+0100 (CET);1573053418000;0;13.21
1380556890909648;9.9;30.4;Wed Nov 06 2019 16:18:59 GMT+0100 (CET);Wed Nov 06 2019 15:18:59 GMT+0100 (CET);1573053539000;0;10.74
1380556890909648;9.9;29.7;Wed Nov 06 2019 16:20:54 GMT+0100 (CET);Wed Nov 06 2019 15:20:54 GMT+0100 (CET);1573053654000;0;8.81
1380556890909648;9.9;28.6;Wed Nov 06 2019 16:22:56 GMT+0100 (CET);Wed Nov 06 2019 15:22:56 GMT+0100 (CET);1573053776000;0;7.26
1380556890909648;9.9;28.6;Wed Nov 06 2019 16:24:50 GMT+0100 (CET);Wed Nov 06 2019 15:24:50 GMT+0100 (CET);1573053890000;0;5.41
1380556890909648;9.9;31.9;Wed Nov 06 2019 16:26:47 GMT+0100 (CET);Wed Nov 06 2019 15:26:47 GMT+0100 (CET);1573054007000;0;4.57
1380556890909648;9.9;28.6;Wed Nov 06 2019 16:28:43 GMT+0100 (CET);Wed Nov 06 2019 15:28:43 GMT+0100 (CET);1573054123000;0;3.99
1380556890909648;9.9;30.1;Wed Nov 06 2019 16:30:38 GMT+0100 (CET);Wed Nov 06 2019 15:30:38 GMT+0100 (CET);1573054238000;0;3.54
1380556890909648;9.9;26.5;Wed Nov 06 2019 16:32:22 GMT+0100 (CET);Wed Nov 06 2019 15:32:22 GMT+0100 (CET);1573054342000;0;3.13
1380556890909648;8.9;27.2;Wed Nov 06 2019 16:34:16 GMT+0100 (CET);Wed Nov 06 2019 15:34:16 GMT+0100 (CET);1573054456000;0;2.51
1380556890909648;8.9;23.9;Wed Nov 06 2019 16:36:09 GMT+0100 (CET);Wed Nov 06 2019 15:36:09 GMT+0100 (CET);1573054569000;0;1.92
1380556890909648;8.9;23.9;Wed Nov 06 2019 16:38:02 GMT+0100 (CET);Wed Nov 06 2019 15:38:02 GMT+0100 (CET);1573054682000;0;1.48
1380556890909648;8.9;23.9;Wed Nov 06 2019 16:39:56 GMT+0100 (CET);Wed Nov 06 2019 15:39:56 GMT+0100 (CET);1573054796000;0;1.33
1380556890909648;-273.2;32.4;Thu Nov 07 2019 07:12:38 GMT+0100 (CET);Thu Nov 07 2019 06:12:38 GMT+0100 (CET);1573107158000;0;5.08
1380556890909648;0.8;32.4;Thu Nov 07 2019 07:14:31 GMT+0100 (CET);Thu Nov 07 2019 06:14:31 GMT+0100 (CET);1573107271000;0;5.26
1380556890909648;0.8;34.5;Thu Nov 07 2019 07:16:24 GMT+0100 (CET);Thu Nov 07 2019 06:16:24 GMT+0100 (CET);1573107384000;0;6.19
1380556890909648;0.8;32.3;Thu Nov 07 2019 07:18:17 GMT+0100 (CET);Thu Nov 07 2019 06:18:17 GMT+0100 (CET);1573107497000;0;7.06
1380556890909648;0.8;35.4;Thu Nov 07 2019 07:20:09 GMT+0100 (CET);Thu Nov 07 2019 06:20:09 GMT+0100 (CET);1573107609000;0;8.75
1380556890909648;0.8;35.8;Thu Nov 07 2019 07:22:04 GMT+0100 (CET);Thu Nov 07 2019 06:22:04 GMT+0100 (CET);1573107724000;0;9.89
1380556890909648;0.8;30.9;Thu Nov 07 2019 07:23:56 GMT+0100 (CET);Thu Nov 07 2019 06:23:56 GMT+0100 (CET);1573107836000;0;10.46
1380556890909648;0.8;31.3;Thu Nov 07 2019 07:25:49 GMT+0100 (CET);Thu Nov 07 2019 06:25:49 GMT+0100 (CET);1573107949000;0;12.07
1380556890909648;0.8;31.2;Thu Nov 07 2019 07:27:42 GMT+0100 (CET);Thu Nov 07 2019 06:27:42 GMT+0100 (CET);1573108062000;0;14.18
1380556890909648;0.8;31.5;Thu Nov 07 2019 07:29:35 GMT+0100 (CET);Thu Nov 07 2019 06:29:35 GMT+0100 (CET);1573108175000;0.07;15.67
1380556890909648;4.9;32.1;Thu Nov 07 2019 07:31:28 GMT+0100 (CET);Thu Nov 07 2019 06:31:28 GMT+0100 (CET);1573108288000;0.07;17.45
1380556890909648;4.9;32.5;Thu Nov 07 2019 07:33:21 GMT+0100 (CET);Thu Nov 07 2019 06:33:21 GMT+0100 (CET);1573108401000;0.07;17.98
1380556890909648;4.9;32.8;Thu Nov 07 2019 07:35:15 GMT+0100 (CET);Thu Nov 07 2019 06:35:15 GMT+0100 (CET);1573108515000;0.08;19.4
1380556890909648;4.9;32.8;Thu Nov 07 2019 07:37:08 GMT+0100 (CET);Thu Nov 07 2019 06:37:08 GMT+0100 (CET);1573108628000;0.09;20.17
1380556890909648;4.9;33.1;Thu Nov 07 2019 07:39:01 GMT+0100 (CET);Thu Nov 07 2019 06:39:01 GMT+0100 (CET);1573108741000;0.09;20.26
1380556890909648;4.9;33.1;Thu Nov 07 2019 07:40:55 GMT+0100 (CET);Thu Nov 07 2019 06:40:55 GMT+0100 (CET);1573108855000;0.09;21.67
1380556890909648;4.9;33.2;Thu Nov 07 2019 07:42:48 GMT+0100 (CET);Thu Nov 07 2019 06:42:48 GMT+0100 (CET);1573108968000;0.1;24.48
1380556890909648;4.9;33.8;Thu Nov 07 2019 07:44:42 GMT+0100 (CET);Thu Nov 07 2019 06:44:42 GMT+0100 (CET);1573109082000;0.12;27.19
1380556890909648;6.4;33.9;Thu Nov 07 2019 07:46:38 GMT+0100 (CET);Thu Nov 07 2019 06:46:38 GMT+0100 (CET);1573109198000;0.12;28.56
1380556890909648;6.4;34.1;Thu Nov 07 2019 07:48:31 GMT+0100 (CET);Thu Nov 07 2019 06:48:31 GMT+0100 (CET);1573109311000;0.13;30.79
1380556890909648;6.4;34.2;Thu Nov 07 2019 07:50:27 GMT+0100 (CET);Thu Nov 07 2019 06:50:27 GMT+0100 (CET);1573109427000;0.14;32.81
1380556890909648;6.4;34.5;Thu Nov 07 2019 07:52:20 GMT+0100 (CET);Thu Nov 07 2019 06:52:20 GMT+0100 (CET);1573109540000;0.14;33.82
1380556890909648;6.4;34.5;Thu Nov 07 2019 07:54:13 GMT+0100 (CET);Thu Nov 07 2019 06:54:13 GMT+0100 (CET);1573109653000;0.16;37.06
1380556890909648;6.9;34.5;Thu Nov 07 2019 07:56:09 GMT+0100 (CET);Thu Nov 07 2019 06:56:09 GMT+0100 (CET);1573109769000;0.17;40.08
1380556890909648;6.9;34.7;Thu Nov 07 2019 07:58:02 GMT+0100 (CET);Thu Nov 07 2019 06:58:02 GMT+0100 (CET);1573109882000;0.16;39.26
1380556890909648;6.9;34.8;Thu Nov 07 2019 07:59:55 GMT+0100 (CET);Thu Nov 07 2019 06:59:55 GMT+0100 (CET);1573109995000;0.17;42.2
1380556890909648;6.9;35;Thu Nov 07 2019 08:01:48 GMT+0100 (CET);Thu Nov 07 2019 07:01:48 GMT+0100 (CET);1573110108000;0.19;67.49
1380556890909648;6.9;35.1;Thu Nov 07 2019 08:03:40 GMT+0100 (CET);Thu Nov 07 2019 07:03:40 GMT+0100 (CET);1573110220000;0.18;139.05
1380556890909648;6.9;35.1;Thu Nov 07 2019 08:05:55 GMT+0100 (CET);Thu Nov 07 2019 07:05:55 GMT+0100 (CET);1573110355000;0.18;185.07
1380556890909648;6.9;38.8;Thu Nov 07 2019 08:07:48 GMT+0100 (CET);Thu Nov 07 2019 07:07:48 GMT+0100 (CET);1573110468000;0.18;168.89
1380556890909648;9.9;40.3;Thu Nov 07 2019 08:09:44 GMT+0100 (CET);Thu Nov 07 2019 07:09:44 GMT+0100 (CET);1573110584000;0.19;199.86
1380556890909648;9.9;40.3;Thu Nov 07 2019 08:11:36 GMT+0100 (CET);Thu Nov 07 2019 07:11:36 GMT+0100 (CET);1573110696000;0.2;213.17
1380556890909648;9.9;40.3;Thu Nov 07 2019 08:13:34 GMT+0100 (CET);Thu Nov 07 2019 07:13:34 GMT+0100 (CET);1573110814000;0.2;222.36
1380556890909648;12.9;40.3;Thu Nov 07 2019 08:15:27 GMT+0100 (CET);Thu Nov 07 2019 07:15:27 GMT+0100 (CET);1573110927000;0.2;229.04
1380556890909648;12.9;40.3;Thu Nov 07 2019 08:17:20 GMT+0100 (CET);Thu Nov 07 2019 07:17:20 GMT+0100 (CET);1573111040000;0.21;236.91
1380556890909648;14.4;40.3;Thu Nov 07 2019 08:19:16 GMT+0100 (CET);Thu Nov 07 2019 07:19:16 GMT+0100 (CET);1573111156000;0.21;243.41
1380556890909648;14.4;40.3;Thu Nov 07 2019 08:21:42 GMT+0100 (CET);Thu Nov 07 2019 07:21:42 GMT+0100 (CET);1573111302000;0.23;246.36
1380556890909648;14.9;40.3;Thu Nov 07 2019 08:23:35 GMT+0100 (CET);Thu Nov 07 2019 07:23:35 GMT+0100 (CET);1573111415000;0.23;248.6
1380556890909648;14.9;40.3;Thu Nov 07 2019 08:25:28 GMT+0100 (CET);Thu Nov 07 2019 07:25:28 GMT+0100 (CET);1573111528000;0.25;252.3
1380556890909648;14.9;40.3;Thu Nov 07 2019 08:27:20 GMT+0100 (CET);Thu Nov 07 2019 07:27:20 GMT+0100 (CET);1573111640000;0.83;261.36
1380556890909648;14.9;36.8;Thu Nov 07 2019 08:29:16 GMT+0100 (CET);Thu Nov 07 2019 07:29:16 GMT+0100 (CET);1573111756000;1.09;263.33
1380556890909648;14.9;31.8;Thu Nov 07 2019 08:31:09 GMT+0100 (CET);Thu Nov 07 2019 07:31:09 GMT+0100 (CET);1573111869000;1.11;266.22
1380556890909648;12.9;35.4;Thu Nov 07 2019 08:33:01 GMT+0100 (CET);Thu Nov 07 2019 07:33:01 GMT+0100 (CET);1573111981000;1.07;268.25
1380556890909648;12.9;36.4;Thu Nov 07 2019 08:34:54 GMT+0100 (CET);Thu Nov 07 2019 07:34:54 GMT+0100 (CET);1573112094000;1.14;284.95
1380556890909648;12.9;37.7;Thu Nov 07 2019 08:37:08 GMT+0100 (CET);Thu Nov 07 2019 07:37:08 GMT+0100 (CET);1573112228000;1.19;303.32
1380556890909648;12.9;37;Thu Nov 07 2019 08:39:01 GMT+0100 (CET);Thu Nov 07 2019 07:39:01 GMT+0100 (CET);1573112341000;1.22;314.81
1380556890909648;12.9;36.7;Thu Nov 07 2019 08:40:55 GMT+0100 (CET);Thu Nov 07 2019 07:40:55 GMT+0100 (CET);1573112455000;1.28;330.23
1380556890909648;12.9;36.2;Thu Nov 07 2019 08:42:48 GMT+0100 (CET);Thu Nov 07 2019 07:42:48 GMT+0100 (CET);1573112568000;1.32;330.23
1380556890909648;12.9;35.8;Thu Nov 07 2019 08:44:45 GMT+0100 (CET);Thu Nov 07 2019 07:44:45 GMT+0100 (CET);1573112685000;1.37;335.35
1380556890909648;14.4;35;Thu Nov 07 2019 08:46:27 GMT+0100 (CET);Thu Nov 07 2019 07:46:27 GMT+0100 (CET);1573112787000;1.29;308.76
1380556890909648;14.4;34.3;Thu Nov 07 2019 08:48:20 GMT+0100 (CET);Thu Nov 07 2019 07:48:20 GMT+0100 (CET);1573112900000;0.91;217.05
1380556890909648;12.4;27.9;Thu Nov 07 2019 08:50:17 GMT+0100 (CET);Thu Nov 07 2019 07:50:17 GMT+0100 (CET);1573113017000;1.48;353.27
1380556890909648;12.4;28.6;Thu Nov 07 2019 08:52:41 GMT+0100 (CET);Thu Nov 07 2019 07:52:41 GMT+0100 (CET);1573113161000;1.5;353.27
1380556890909648;12.4;28.6;Thu Nov 07 2019 08:54:34 GMT+0100 (CET);Thu Nov 07 2019 07:54:34 GMT+0100 (CET);1573113274000;1.53;358.39
1380556890909648;-273.2;27.6;Thu Nov 07 2019 09:10:18 GMT+0100 (CET);Thu Nov 07 2019 08:10:18 GMT+0100 (CET);1573114218000;1.81;419.83
1380556890909648;12.4;31.2;Thu Nov 07 2019 09:12:11 GMT+0100 (CET);Thu Nov 07 2019 08:12:11 GMT+0100 (CET);1573114331000;1.85;427.51
1380556890909648;12.4;32.2;Thu Nov 07 2019 09:14:03 GMT+0100 (CET);Thu Nov 07 2019 08:14:03 GMT+0100 (CET);1573114443000;1.88;435.19
1380556890909648;14.9;32.1;Thu Nov 07 2019 09:15:57 GMT+0100 (CET);Thu Nov 07 2019 08:15:57 GMT+0100 (CET);1573114557000;1.91;440.31
1380556890909648;14.9;33.4;Thu Nov 07 2019 09:17:53 GMT+0100 (CET);Thu Nov 07 2019 08:17:53 GMT+0100 (CET);1573114673000;1.93;450.55
1380556890909648;14.9;34.5;Thu Nov 07 2019 09:19:48 GMT+0100 (CET);Thu Nov 07 2019 08:19:48 GMT+0100 (CET);1573114788000;1.94;450.55
1380556890909648;16.9;34.5;Thu Nov 07 2019 09:21:40 GMT+0100 (CET);Thu Nov 07 2019 08:21:40 GMT+0100 (CET);1573114900000;1.92;450.55
1380556890909648;16.9;34;Thu Nov 07 2019 09:23:42 GMT+0100 (CET);Thu Nov 07 2019 08:23:42 GMT+0100 (CET);1573115022000;2.01;463.35
1380556890909648;18;33.7;Thu Nov 07 2019 09:25:38 GMT+0100 (CET);Thu Nov 07 2019 08:25:38 GMT+0100 (CET);1573115138000;2.07;476.15
1380556890909648;18;33.6;Thu Nov 07 2019 09:27:30 GMT+0100 (CET);Thu Nov 07 2019 08:27:30 GMT+0100 (CET);1573115250000;2.1;483.83
1380556890909648;18;33.5;Thu Nov 07 2019 09:29:23 GMT+0100 (CET);Thu Nov 07 2019 08:29:23 GMT+0100 (CET);1573115363000;2.13;488.95
1380556890909648;18.5;33.8;Thu Nov 07 2019 09:31:06 GMT+0100 (CET);Thu Nov 07 2019 08:31:06 GMT+0100 (CET);1573115466000;2.15;494.07
1380556890909648;18.5;34.1;Thu Nov 07 2019 09:32:59 GMT+0100 (CET);Thu Nov 07 2019 08:32:59 GMT+0100 (CET);1573115579000;2;496.63
1380556890909648;20.5;34.3;Thu Nov 07 2019 09:34:51 GMT+0100 (CET);Thu Nov 07 2019 08:34:51 GMT+0100 (CET);1573115691000;2.17;496.63
1380556890909648;20.5;34.3;Thu Nov 07 2019 09:36:45 GMT+0100 (CET);Thu Nov 07 2019 08:36:45 GMT+0100 (CET);1573115805000;2.2;504.31
1380556890909648;20.5;34.2;Thu Nov 07 2019 09:38:39 GMT+0100 (CET);Thu Nov 07 2019 08:38:39 GMT+0100 (CET);1573115919000;2.25;514.55
1380556890909648;20.5;34.2;Thu Nov 07 2019 09:40:31 GMT+0100 (CET);Thu Nov 07 2019 08:40:31 GMT+0100 (CET);1573116031000;2.27;522.23
1380556890909648;20.5;34.5;Thu Nov 07 2019 09:42:25 GMT+0100 (CET);Thu Nov 07 2019 08:42:25 GMT+0100 (CET);1573116145000;2.26;519.67
1380556890909648;20.5;34.5;Thu Nov 07 2019 09:44:18 GMT+0100 (CET);Thu Nov 07 2019 08:44:18 GMT+0100 (CET);1573116258000;2.21;514.55
1380556890909648;20.5;34.5;Thu Nov 07 2019 09:46:11 GMT+0100 (CET);Thu Nov 07 2019 08:46:11 GMT+0100 (CET);1573116371000;2.29;535.03
1380556890909648;21;34.5;Thu Nov 07 2019 09:48:04 GMT+0100 (CET);Thu Nov 07 2019 08:48:04 GMT+0100 (CET);1573116484000;2.34;537.59
1380556890909648;21;34.7;Thu Nov 07 2019 09:49:57 GMT+0100 (CET);Thu Nov 07 2019 08:49:57 GMT+0100 (CET);1573116597000;2.37;545.27
1380556890909648;21;34.6;Thu Nov 07 2019 09:51:49 GMT+0100 (CET);Thu Nov 07 2019 08:51:49 GMT+0100 (CET);1573116709000;2.43;555.51
1380556890909648;22.5;34.8;Thu Nov 07 2019 09:53:42 GMT+0100 (CET);Thu Nov 07 2019 08:53:42 GMT+0100 (CET);1573116822000;2.43;555.51
1380556890909648;22.5;34.6;Thu Nov 07 2019 09:55:36 GMT+0100 (CET);Thu Nov 07 2019 08:55:36 GMT+0100 (CET);1573116936000;2.49;570.87
1380556890909648;22.5;34.6;Thu Nov 07 2019 09:57:28 GMT+0100 (CET);Thu Nov 07 2019 08:57:28 GMT+0100 (CET);1573117048000;2.5;570.87
1380556890909648;22.5;34.5;Thu Nov 07 2019 09:59:21 GMT+0100 (CET);Thu Nov 07 2019 08:59:21 GMT+0100 (CET);1573117161000;2.54;578.55
1380556890909648;22.5;34.7;Thu Nov 07 2019 10:01:14 GMT+0100 (CET);Thu Nov 07 2019 09:01:14 GMT+0100 (CET);1573117274000;2.51;575.99
1380556890909648;22.5;35.1;Thu Nov 07 2019 10:03:07 GMT+0100 (CET);Thu Nov 07 2019 09:03:07 GMT+0100 (CET);1573117387000;2.48;570.87
1380556890909648;22.5;35.1;Thu Nov 07 2019 10:05:00 GMT+0100 (CET);Thu Nov 07 2019 09:05:00 GMT+0100 (CET);1573117500000;2.52;575.99
1380556890909648;22.5;34.6;Thu Nov 07 2019 10:06:53 GMT+0100 (CET);Thu Nov 07 2019 09:06:53 GMT+0100 (CET);1573117613000;2.56;578.55
1380556890909648;22.5;34.5;Thu Nov 07 2019 10:08:47 GMT+0100 (CET);Thu Nov 07 2019 09:08:47 GMT+0100 (CET);1573117727000;2.57;583.67
1380556890909648;22.5;34.5;Thu Nov 07 2019 10:10:41 GMT+0100 (CET);Thu Nov 07 2019 09:10:41 GMT+0100 (CET);1573117841000;2.6;591.35
1380556890909648;22.5;34.5;Thu Nov 07 2019 10:12:34 GMT+0100 (CET);Thu Nov 07 2019 09:12:34 GMT+0100 (CET);1573117954000;2.36;563.19
1380556890909648;22.5;34.9;Thu Nov 07 2019 10:14:28 GMT+0100 (CET);Thu Nov 07 2019 09:14:28 GMT+0100 (CET);1573118068000;2.68;611.83
1380556890909648;24.5;34.7;Thu Nov 07 2019 10:16:21 GMT+0100 (CET);Thu Nov 07 2019 09:16:21 GMT+0100 (CET);1573118181000;2.68;606.71
1380556890909648;24.5;34.7;Thu Nov 07 2019 10:18:13 GMT+0100 (CET);Thu Nov 07 2019 09:18:13 GMT+0100 (CET);1573118293000;2.69;611.83
1380556890909648;24.5;34.6;Thu Nov 07 2019 10:20:06 GMT+0100 (CET);Thu Nov 07 2019 09:20:06 GMT+0100 (CET);1573118406000;2.55;581.11
1380556890909648;24.5;34.6;Thu Nov 07 2019 10:22:07 GMT+0100 (CET);Thu Nov 07 2019 09:22:07 GMT+0100 (CET);1573118527000;2.75;622.07
1380556890909648;24.5;34.5;Thu Nov 07 2019 10:23:59 GMT+0100 (CET);Thu Nov 07 2019 09:23:59 GMT+0100 (CET);1573118639000;2.32;522.23
1380556890909648;24.5;34.5;Thu Nov 07 2019 10:25:55 GMT+0100 (CET);Thu Nov 07 2019 09:25:55 GMT+0100 (CET);1573118755000;2.74;627.19
1380556890909648;24.5;34.5;Thu Nov 07 2019 10:27:48 GMT+0100 (CET);Thu Nov 07 2019 09:27:48 GMT+0100 (CET);1573118868000;2.75;616.95
1380556890909648;24.5;34.6;Thu Nov 07 2019 10:29:42 GMT+0100 (CET);Thu Nov 07 2019 09:29:42 GMT+0100 (CET);1573118982000;2.44;547.83
1380556890909648;25;34.6;Thu Nov 07 2019 10:31:35 GMT+0100 (CET);Thu Nov 07 2019 09:31:35 GMT+0100 (CET);1573119095000;2.83;637.43
1380556890909648;25;34.5;Thu Nov 07 2019 10:33:28 GMT+0100 (CET);Thu Nov 07 2019 09:33:28 GMT+0100 (CET);1573119208000;2.74;634.87
1380556890909648;25;34.5;Thu Nov 07 2019 10:35:20 GMT+0100 (CET);Thu Nov 07 2019 09:35:20 GMT+0100 (CET);1573119320000;2.82;645.11
1380556890909648;25;34.5;Thu Nov 07 2019 10:37:13 GMT+0100 (CET);Thu Nov 07 2019 09:37:13 GMT+0100 (CET);1573119433000;2.83;642.55
1380556890909648;25;34;Thu Nov 07 2019 10:39:05 GMT+0100 (CET);Thu Nov 07 2019 09:39:05 GMT+0100 (CET);1573119545000;1.93;321.83
1380556890909648;26;35.4;Thu Nov 07 2019 10:40:59 GMT+0100 (CET);Thu Nov 07 2019 09:40:59 GMT+0100 (CET);1573119659000;2.98;667.33
1380556890909648;26;35.1;Thu Nov 07 2019 10:42:52 GMT+0100 (CET);Thu Nov 07 2019 09:42:52 GMT+0100 (CET);1573119772000;3.06;690.76
1380556890909648;26;34.5;Thu Nov 07 2019 10:44:45 GMT+0100 (CET);Thu Nov 07 2019 09:44:45 GMT+0100 (CET);1573119885000;2.72;568.31
1380556890909648;26;34.7;Thu Nov 07 2019 10:46:38 GMT+0100 (CET);Thu Nov 07 2019 09:46:38 GMT+0100 (CET);1573119998000;2.17;478.71
1380556890909648;26;35.1;Thu Nov 07 2019 10:49:02 GMT+0100 (CET);Thu Nov 07 2019 09:49:02 GMT+0100 (CET);1573120142000;2.38;542.71
1380556890909648;26;35.2;Thu Nov 07 2019 10:50:55 GMT+0100 (CET);Thu Nov 07 2019 09:50:55 GMT+0100 (CET);1573120255000;2.84;650.23
1380556890909648;26;34.9;Thu Nov 07 2019 10:52:47 GMT+0100 (CET);Thu Nov 07 2019 09:52:47 GMT+0100 (CET);1573120367000;2.87;658.06
1380556890909648;26;35.1;Thu Nov 07 2019 10:54:43 GMT+0100 (CET);Thu Nov 07 2019 09:54:43 GMT+0100 (CET);1573120483000;2.8;588.79
1380556890909648;26;34.9;Thu Nov 07 2019 10:56:46 GMT+0100 (CET);Thu Nov 07 2019 09:56:46 GMT+0100 (CET);1573120606000;2.18;514.55
1380556890909648;26;34.8;Thu Nov 07 2019 10:58:38 GMT+0100 (CET);Thu Nov 07 2019 09:58:38 GMT+0100 (CET);1573120718000;1.87;478.71
1380556890909648;26;34.8;Thu Nov 07 2019 11:00:31 GMT+0100 (CET);Thu Nov 07 2019 10:00:31 GMT+0100 (CET);1573120831000;3.17;719.95
1380556890909648;26;35;Thu Nov 07 2019 11:02:24 GMT+0100 (CET);Thu Nov 07 2019 10:02:24 GMT+0100 (CET);1573120944000;3.18;736.41
1380556890909648;26;34.7;Thu Nov 07 2019 11:04:33 GMT+0100 (CET);Thu Nov 07 2019 10:04:33 GMT+0100 (CET);1573121073000;2.93;647.67
1380556890909648;26;34.5;Thu Nov 07 2019 11:06:26 GMT+0100 (CET);Thu Nov 07 2019 10:06:26 GMT+0100 (CET);1573121186000;1.7;337.91
1380556890909648;26;34.3;Thu Nov 07 2019 11:08:20 GMT+0100 (CET);Thu Nov 07 2019 10:08:20 GMT+0100 (CET);1573121300000;1.02;252.02
1380556890909648;26;34.4;Thu Nov 07 2019 11:10:17 GMT+0100 (CET);Thu Nov 07 2019 10:10:17 GMT+0100 (CET);1573121417000;1.61;383.99
1380556890909648;26;35.4;Thu Nov 07 2019 11:12:12 GMT+0100 (CET);Thu Nov 07 2019 10:12:12 GMT+0100 (CET);1573121532000;2.19;550.39
1380556890909648;26;35.6;Thu Nov 07 2019 11:14:05 GMT+0100 (CET);Thu Nov 07 2019 10:14:05 GMT+0100 (CET);1573121645000;3.48;780.28
1380556890909648;26;34.9;Thu Nov 07 2019 11:15:57 GMT+0100 (CET);Thu Nov 07 2019 10:15:57 GMT+0100 (CET);1573121757000;3.34;753.1
1380556890909648;26;34.6;Thu Nov 07 2019 11:17:54 GMT+0100 (CET);Thu Nov 07 2019 10:17:54 GMT+0100 (CET);1573121874000;3.37;764.34
1380556890909648;26;34.4;Thu Nov 07 2019 11:20:21 GMT+0100 (CET);Thu Nov 07 2019 10:20:21 GMT+0100 (CET);1573122021000;2.81;713.78
1380556890909648;26;34.3;Thu Nov 07 2019 11:22:14 GMT+0100 (CET);Thu Nov 07 2019 10:22:14 GMT+0100 (CET);1573122134000;0.9;545.27
1380556890909648;26;35.1;Thu Nov 07 2019 11:24:07 GMT+0100 (CET);Thu Nov 07 2019 10:24:07 GMT+0100 (CET);1573122247000;3.51;787.59
1380556890909648;26;34.8;Thu Nov 07 2019 11:26:00 GMT+0100 (CET);Thu Nov 07 2019 10:26:00 GMT+0100 (CET);1573122360000;1.73;586.23
1380556890909648;26;34.3;Thu Nov 07 2019 11:27:53 GMT+0100 (CET);Thu Nov 07 2019 10:27:53 GMT+0100 (CET);1573122473000;1.21;588.79
1380556890909648;26;35;Thu Nov 07 2019 11:29:45 GMT+0100 (CET);Thu Nov 07 2019 10:29:45 GMT+0100 (CET);1573122585000;1.59;391.67
1380556890909648;26;35.3;Thu Nov 07 2019 11:31:38 GMT+0100 (CET);Thu Nov 07 2019 10:31:38 GMT+0100 (CET);1573122698000;3.4;773.34
1380556890909648;26;34.9;Thu Nov 07 2019 11:33:32 GMT+0100 (CET);Thu Nov 07 2019 10:33:32 GMT+0100 (CET);1573122812000;3.48;749.49
1380556890909648;26;34.5;Thu Nov 07 2019 11:35:43 GMT+0100 (CET);Thu Nov 07 2019 10:35:43 GMT+0100 (CET);1573122943000;3.36;751.29
1380556890909648;26;34.4;Thu Nov 07 2019 11:37:40 GMT+0100 (CET);Thu Nov 07 2019 10:37:40 GMT+0100 (CET);1573123060000;3.33;750.56
1380556890909648;26;34.4;Thu Nov 07 2019 11:39:33 GMT+0100 (CET);Thu Nov 07 2019 10:39:33 GMT+0100 (CET);1573123173000;3.28;737.27
1380556890909648;26;34.3;Thu Nov 07 2019 11:41:27 GMT+0100 (CET);Thu Nov 07 2019 10:41:27 GMT+0100 (CET);1573123287000;3.14;719.39
1380556890909648;28.5;34.3;Thu Nov 07 2019 11:43:22 GMT+0100 (CET);Thu Nov 07 2019 10:43:22 GMT+0100 (CET);1573123402000;2.99;679.7
1380556890909648;28.5;34.3;Thu Nov 07 2019 11:45:15 GMT+0100 (CET);Thu Nov 07 2019 10:45:15 GMT+0100 (CET);1573123515000;3.22;154.79
1380556890909648;28.5;34.1;Thu Nov 07 2019 11:47:09 GMT+0100 (CET);Thu Nov 07 2019 10:47:09 GMT+0100 (CET);1573123629000;3.23;726
1380556890909648;28.5;34.4;Thu Nov 07 2019 11:49:02 GMT+0100 (CET);Thu Nov 07 2019 10:49:02 GMT+0100 (CET);1573123742000;3.18;713.11
1380556890909648;28.5;34.4;Thu Nov 07 2019 11:51:27 GMT+0100 (CET);Thu Nov 07 2019 10:51:27 GMT+0100 (CET);1573123887000;3.11;702.4
1380556890909648;29;34.5;Thu Nov 07 2019 11:53:22 GMT+0100 (CET);Thu Nov 07 2019 10:53:22 GMT+0100 (CET);1573124002000;3.14;707.84
1380556890909648;29;34.4;Thu Nov 07 2019 11:55:15 GMT+0100 (CET);Thu Nov 07 2019 10:55:15 GMT+0100 (CET);1573124115000;3.17;716.73
1380556890909648;29;34.4;Thu Nov 07 2019 11:57:08 GMT+0100 (CET);Thu Nov 07 2019 10:57:08 GMT+0100 (CET);1573124228000;0.83;218.12
1380556890909648;29;34.7;Thu Nov 07 2019 11:59:04 GMT+0100 (CET);Thu Nov 07 2019 10:59:04 GMT+0100 (CET);1573124344000;2.8;731.58
1380556890909648;29;34.7;Thu Nov 07 2019 12:00:57 GMT+0100 (CET);Thu Nov 07 2019 11:00:57 GMT+0100 (CET);1573124457000;3.22;718.88
1380556890909648;29;33.9;Thu Nov 07 2019 12:02:56 GMT+0100 (CET);Thu Nov 07 2019 11:02:56 GMT+0100 (CET);1573124576000;1.41;308.94
1380556890909648;29;34.5;Thu Nov 07 2019 12:04:49 GMT+0100 (CET);Thu Nov 07 2019 11:04:49 GMT+0100 (CET);1573124689000;1.51;496.63
1380556890909648;28.5;35;Thu Nov 07 2019 12:06:45 GMT+0100 (CET);Thu Nov 07 2019 11:06:45 GMT+0100 (CET);1573124805000;3.09;731.28
1380556890909648;28.5;34.6;Thu Nov 07 2019 12:08:38 GMT+0100 (CET);Thu Nov 07 2019 11:08:38 GMT+0100 (CET);1573124918000;2.73;596.47
1380556890909648;28.5;34.4;Thu Nov 07 2019 12:10:32 GMT+0100 (CET);Thu Nov 07 2019 11:10:32 GMT+0100 (CET);1573125032000;2.42;545.27
1380556890909648;28.5;34.5;Thu Nov 07 2019 12:12:24 GMT+0100 (CET);Thu Nov 07 2019 11:12:24 GMT+0100 (CET);1573125144000;2.5;568.31
1380556890909648;28.5;34.5;Thu Nov 07 2019 12:14:19 GMT+0100 (CET);Thu Nov 07 2019 11:14:19 GMT+0100 (CET);1573125259000;2.25;488.95
1380556890909648;28.5;34.5;Thu Nov 07 2019 12:16:13 GMT+0100 (CET);Thu Nov 07 2019 11:16:13 GMT+0100 (CET);1573125373000;2.33;527.35
1380556890909648;28.5;34.7;Thu Nov 07 2019 12:18:06 GMT+0100 (CET);Thu Nov 07 2019 11:18:06 GMT+0100 (CET);1573125486000;2.15;509.43
1380556890909648;28.5;34.7;Thu Nov 07 2019 12:19:59 GMT+0100 (CET);Thu Nov 07 2019 11:19:59 GMT+0100 (CET);1573125599000;2.13;458.23
1380556890909648;28.5;35;Thu Nov 07 2019 12:22:15 GMT+0100 (CET);Thu Nov 07 2019 11:22:15 GMT+0100 (CET);1573125735000;2.85;647.67
1380556890909648;28.5;34.9;Thu Nov 07 2019 12:24:08 GMT+0100 (CET);Thu Nov 07 2019 11:24:08 GMT+0100 (CET);1573125848000;2.97;676.17
1380556890909648;28.5;34.8;Thu Nov 07 2019 12:26:03 GMT+0100 (CET);Thu Nov 07 2019 11:26:03 GMT+0100 (CET);1573125963000;2.88;655.41
1380556890909648;28.5;34.7;Thu Nov 07 2019 12:27:56 GMT+0100 (CET);Thu Nov 07 2019 11:27:56 GMT+0100 (CET);1573126076000;2.91;647.67
1380556890909648;28.5;34.2;Thu Nov 07 2019 12:29:50 GMT+0100 (CET);Thu Nov 07 2019 11:29:50 GMT+0100 (CET);1573126190000;1.54;430.07
1380556890909648;28.5;34.8;Thu Nov 07 2019 12:31:43 GMT+0100 (CET);Thu Nov 07 2019 11:31:43 GMT+0100 (CET);1573126303000;1.83;419.83
1380556890909648;28.5;35.1;Thu Nov 07 2019 12:33:36 GMT+0100 (CET);Thu Nov 07 2019 11:33:36 GMT+0100 (CET);1573126416000;2.3;542.71
1380556890909648;28.5;35.3;Thu Nov 07 2019 12:35:29 GMT+0100 (CET);Thu Nov 07 2019 11:35:29 GMT+0100 (CET);1573126529000;2.67;609.27
1380556890909648;28.5;35;Thu Nov 07 2019 12:37:46 GMT+0100 (CET);Thu Nov 07 2019 11:37:46 GMT+0100 (CET);1573126666000;2.69;606.71
1380556890909648;28.5;34.2;Thu Nov 07 2019 12:39:38 GMT+0100 (CET);Thu Nov 07 2019 11:39:38 GMT+0100 (CET);1573126778000;1.02;248.64
1380556890909648;26;34.8;Thu Nov 07 2019 12:41:31 GMT+0100 (CET);Thu Nov 07 2019 11:41:31 GMT+0100 (CET);1573126891000;1.65;373.75
1380556890909648;26;35.3;Thu Nov 07 2019 12:43:25 GMT+0100 (CET);Thu Nov 07 2019 11:43:25 GMT+0100 (CET);1573127005000;2.09;491.51
1380556890909648;27;35.1;Thu Nov 07 2019 12:45:26 GMT+0100 (CET);Thu Nov 07 2019 11:45:26 GMT+0100 (CET);1573127126000;1.74;399.35
1380556890909648;27;35.3;Thu Nov 07 2019 12:47:19 GMT+0100 (CET);Thu Nov 07 2019 11:47:19 GMT+0100 (CET);1573127239000;1.59;368.63
1380556890909648;27;35.1;Thu Nov 07 2019 12:49:12 GMT+0100 (CET);Thu Nov 07 2019 11:49:12 GMT+0100 (CET);1573127352000;1.28;285.72
1380556890909648;26;35.3;Thu Nov 07 2019 12:51:05 GMT+0100 (CET);Thu Nov 07 2019 11:51:05 GMT+0100 (CET);1573127465000;1.27;282.96
1380556890909648;26;35.4;Thu Nov 07 2019 12:53:15 GMT+0100 (CET);Thu Nov 07 2019 11:53:15 GMT+0100 (CET);1573127595000;1.16;259.3
1380556890909648;25;35.5;Thu Nov 07 2019 12:55:08 GMT+0100 (CET);Thu Nov 07 2019 11:55:08 GMT+0100 (CET);1573127708000;1.15;257.56
1380556890909648;25;35.5;Thu Nov 07 2019 12:57:01 GMT+0100 (CET);Thu Nov 07 2019 11:57:01 GMT+0100 (CET);1573127821000;1.13;252.86
1380556890909648;25;35.5;Thu Nov 07 2019 12:58:55 GMT+0100 (CET);Thu Nov 07 2019 11:58:55 GMT+0100 (CET);1573127935000;1.16;259.12
1380556890909648;24.5;35.6;Thu Nov 07 2019 13:00:51 GMT+0100 (CET);Thu Nov 07 2019 12:00:51 GMT+0100 (CET);1573128051000;1.26;286.78
1380556890909648;24.5;35.8;Thu Nov 07 2019 13:02:44 GMT+0100 (CET);Thu Nov 07 2019 12:02:44 GMT+0100 (CET);1573128164000;1.71;414.71
1380556890909648;24.5;36;Thu Nov 07 2019 13:04:37 GMT+0100 (CET);Thu Nov 07 2019 12:04:37 GMT+0100 (CET);1573128277000;1.71;363.51
1380556890909648;24.5;35.6;Thu Nov 07 2019 13:06:30 GMT+0100 (CET);Thu Nov 07 2019 12:06:30 GMT+0100 (CET);1573128390000;1.14;247.04
1380556890909648;23;35.3;Thu Nov 07 2019 13:08:47 GMT+0100 (CET);Thu Nov 07 2019 12:08:47 GMT+0100 (CET);1573128527000;1.13;246.62
1380556890909648;23;35.5;Thu Nov 07 2019 13:10:40 GMT+0100 (CET);Thu Nov 07 2019 12:10:40 GMT+0100 (CET);1573128640000;1.16;253.12
1380556890909648;22.5;35.6;Thu Nov 07 2019 13:13:33 GMT+0100 (CET);Thu Nov 07 2019 12:13:33 GMT+0100 (CET);1573128813000;1.31;288.96
1380556890909648;22.5;35.7;Thu Nov 07 2019 13:14:24 GMT+0100 (CET);Thu Nov 07 2019 12:14:24 GMT+0100 (CET);1573128864000;1.53;343.03
1380556890909648;22.5;35.9;Thu Nov 07 2019 13:16:21 GMT+0100 (CET);Thu Nov 07 2019 12:16:21 GMT+0100 (CET);1573128981000;1.72;371.19
1380556890909648;22.5;35.9;Thu Nov 07 2019 13:18:16 GMT+0100 (CET);Thu Nov 07 2019 12:18:16 GMT+0100 (CET);1573129096000;1.72;373.75
1380556890909648;22.5;35.6;Thu Nov 07 2019 13:20:11 GMT+0100 (CET);Thu Nov 07 2019 12:20:11 GMT+0100 (CET);1573129211000;1.57;335.35
1380556890909648;22.5;35.4;Thu Nov 07 2019 13:22:04 GMT+0100 (CET);Thu Nov 07 2019 12:22:04 GMT+0100 (CET);1573129324000;1.4;298.45
1380556890909648;23;35.3;Thu Nov 07 2019 13:24:21 GMT+0100 (CET);Thu Nov 07 2019 12:24:21 GMT+0100 (CET);1573129461000;1.31;285.38
1380556890909648;23;35.4;Thu Nov 07 2019 13:26:16 GMT+0100 (CET);Thu Nov 07 2019 12:26:16 GMT+0100 (CET);1573129576000;1.25;271.59
1380556890909648;22.5;35.3;Thu Nov 07 2019 13:28:10 GMT+0100 (CET);Thu Nov 07 2019 12:28:10 GMT+0100 (CET);1573129690000;1.26;273.52
1380556890909648;22.5;35.4;Thu Nov 07 2019 13:30:03 GMT+0100 (CET);Thu Nov 07 2019 12:30:03 GMT+0100 (CET);1573129803000;1.15;253.77
1380556890909648;22.5;35.4;Thu Nov 07 2019 13:32:00 GMT+0100 (CET);Thu Nov 07 2019 12:32:00 GMT+0100 (CET);1573129920000;1.19;264.63
1380556890909648;22.5;35.5;Thu Nov 07 2019 13:33:52 GMT+0100 (CET);Thu Nov 07 2019 12:33:52 GMT+0100 (CET);1573130032000;1.41;308.14
1380556890909648;22.5;35.2;Thu Nov 07 2019 13:35:48 GMT+0100 (CET);Thu Nov 07 2019 12:35:48 GMT+0100 (CET);1573130148000;1.18;257.54
1380556890909648;22.5;35.1;Thu Nov 07 2019 13:37:42 GMT+0100 (CET);Thu Nov 07 2019 12:37:42 GMT+0100 (CET);1573130262000;1.13;246.71
1380556890909648;22.5;35.1;Thu Nov 07 2019 13:39:45 GMT+0100 (CET);Thu Nov 07 2019 12:39:45 GMT+0100 (CET);1573130385000;1.08;234.05
1380556890909648;22.5;34.9;Thu Nov 07 2019 13:41:38 GMT+0100 (CET);Thu Nov 07 2019 12:41:38 GMT+0100 (CET);1573130498000;1;212.99
1380556890909648;22.5;34.7;Thu Nov 07 2019 13:43:31 GMT+0100 (CET);Thu Nov 07 2019 12:43:31 GMT+0100 (CET);1573130611000;0.9;194.84
1380556890909648;22.5;34.3;Thu Nov 07 2019 13:45:25 GMT+0100 (CET);Thu Nov 07 2019 12:45:25 GMT+0100 (CET);1573130725000;0.81;172.46
1380556890909648;22.5;34;Thu Nov 07 2019 13:47:30 GMT+0100 (CET);Thu Nov 07 2019 12:47:30 GMT+0100 (CET);1573130850000;0.66;140.45
1380556890909648;22.5;33.7;Thu Nov 07 2019 13:49:25 GMT+0100 (CET);Thu Nov 07 2019 12:49:25 GMT+0100 (CET);1573130965000;0.56;118.33
1380556890909648;22.5;33.5;Thu Nov 07 2019 13:51:18 GMT+0100 (CET);Thu Nov 07 2019 12:51:18 GMT+0100 (CET);1573131078000;0.48;103.44
1380556890909648;20.5;33.4;Thu Nov 07 2019 13:53:11 GMT+0100 (CET);Thu Nov 07 2019 12:53:11 GMT+0100 (CET);1573131191000;0.39;83.94
1380556890909648;20.5;33.4;Thu Nov 07 2019 13:55:28 GMT+0100 (CET);Thu Nov 07 2019 12:55:28 GMT+0100 (CET);1573131328000;0.31;67.14
1380556890909648;20.5;33.3;Thu Nov 07 2019 13:57:21 GMT+0100 (CET);Thu Nov 07 2019 12:57:21 GMT+0100 (CET);1573131441000;0.26;58.92
1380556890909648;20.5;33;Thu Nov 07 2019 13:59:14 GMT+0100 (CET);Thu Nov 07 2019 12:59:14 GMT+0100 (CET);1573131554000;0.25;55
1380556890909648;18.5;32.9;Thu Nov 07 2019 14:01:06 GMT+0100 (CET);Thu Nov 07 2019 13:01:06 GMT+0100 (CET);1573131666000;0.28;61.36
1380556890909648;18.5;33;Thu Nov 07 2019 14:03:11 GMT+0100 (CET);Thu Nov 07 2019 13:03:11 GMT+0100 (CET);1573131791000;0.36;76
1380556890909648;18.5;33.4;Thu Nov 07 2019 14:05:03 GMT+0100 (CET);Thu Nov 07 2019 13:05:03 GMT+0100 (CET);1573131903000;0.42;86.29
1380556890909648;16.9;33.6;Thu Nov 07 2019 14:06:56 GMT+0100 (CET);Thu Nov 07 2019 13:06:56 GMT+0100 (CET);1573132016000;0.43;89
1380556890909648;16.9;33.6;Thu Nov 07 2019 14:08:50 GMT+0100 (CET);Thu Nov 07 2019 13:08:50 GMT+0100 (CET);1573132130000;0.41;85.13
1380556890909648;16.9;33.6;Thu Nov 07 2019 14:10:44 GMT+0100 (CET);Thu Nov 07 2019 13:10:44 GMT+0100 (CET);1573132244000;0.39;80.24
1380556890909648;16.9;33.5;Thu Nov 07 2019 14:12:37 GMT+0100 (CET);Thu Nov 07 2019 13:12:37 GMT+0100 (CET);1573132357000;0.36;74.53
1380556890909648;16.9;33.4;Thu Nov 07 2019 14:14:29 GMT+0100 (CET);Thu Nov 07 2019 13:14:29 GMT+0100 (CET);1573132469000;0.36;72.84
1380556890909648;16.9;33.4;Thu Nov 07 2019 14:16:22 GMT+0100 (CET);Thu Nov 07 2019 13:16:22 GMT+0100 (CET);1573132582000;0.37;74.43
1380556890909648;16.9;33.4;Thu Nov 07 2019 14:18:38 GMT+0100 (CET);Thu Nov 07 2019 13:18:38 GMT+0100 (CET);1573132718000;0.38;73.81
1380556890909648;16.4;33.4;Thu Nov 07 2019 14:20:31 GMT+0100 (CET);Thu Nov 07 2019 13:20:31 GMT+0100 (CET);1573132831000;0.35;68.83
1380556890909648;16.4;33.3;Thu Nov 07 2019 14:22:24 GMT+0100 (CET);Thu Nov 07 2019 13:22:24 GMT+0100 (CET);1573132944000;0.32;62.77
1380556890909648;16.4;33.3;Thu Nov 07 2019 14:24:17 GMT+0100 (CET);Thu Nov 07 2019 13:24:17 GMT+0100 (CET);1573133057000;0.3;60.24
1380556890909648;16.4;33.3;Thu Nov 07 2019 14:26:10 GMT+0100 (CET);Thu Nov 07 2019 13:26:10 GMT+0100 (CET);1573133170000;0.3;61.49
1380556890909648;16.4;33.7;Thu Nov 07 2019 14:28:08 GMT+0100 (CET);Thu Nov 07 2019 13:28:08 GMT+0100 (CET);1573133288000;0.35;73.41
1380556890909648;16.4;34;Thu Nov 07 2019 14:30:02 GMT+0100 (CET);Thu Nov 07 2019 13:30:02 GMT+0100 (CET);1573133402000;0.42;88.87
1380556890909648;16.4;34.2;Thu Nov 07 2019 14:31:55 GMT+0100 (CET);Thu Nov 07 2019 13:31:55 GMT+0100 (CET);1573133515000;0.48;100.12
1380556890909648;16.4;34.5;Thu Nov 07 2019 14:34:11 GMT+0100 (CET);Thu Nov 07 2019 13:34:11 GMT+0100 (CET);1573133651000;0.53;112.91
1380556890909648;16.4;34.6;Thu Nov 07 2019 14:36:10 GMT+0100 (CET);Thu Nov 07 2019 13:36:10 GMT+0100 (CET);1573133770000;0.57;123.21
1380556890909648;16.4;34.9;Thu Nov 07 2019 14:38:03 GMT+0100 (CET);Thu Nov 07 2019 13:38:03 GMT+0100 (CET);1573133883000;0.58;125.19
1380556890909648;16.4;34.8;Thu Nov 07 2019 14:39:56 GMT+0100 (CET);Thu Nov 07 2019 13:39:56 GMT+0100 (CET);1573133996000;0.6;129.52
1380556890909648;16.4;35.4;Thu Nov 07 2019 14:41:48 GMT+0100 (CET);Thu Nov 07 2019 13:41:48 GMT+0100 (CET);1573134108000;0.68;147.04
1380556890909648;16.9;35.4;Thu Nov 07 2019 14:43:32 GMT+0100 (CET);Thu Nov 07 2019 13:43:32 GMT+0100 (CET);1573134212000;0.65;140.71
1380556890909648;16.9;35.3;Thu Nov 07 2019 14:45:25 GMT+0100 (CET);Thu Nov 07 2019 13:45:25 GMT+0100 (CET);1573134325000;0.74;163.21
1380556890909648;16.9;35.6;Thu Nov 07 2019 14:47:18 GMT+0100 (CET);Thu Nov 07 2019 13:47:18 GMT+0100 (CET);1573134438000;0.83;181.98
1380556890909648;16.9;35.5;Thu Nov 07 2019 14:49:12 GMT+0100 (CET);Thu Nov 07 2019 13:49:12 GMT+0100 (CET);1573134552000;0.73;160.53
1380556890909648;16.9;35.5;Thu Nov 07 2019 14:51:05 GMT+0100 (CET);Thu Nov 07 2019 13:51:05 GMT+0100 (CET);1573134665000;0.74;164.9
1380556890909648;18;35.1;Thu Nov 07 2019 14:52:57 GMT+0100 (CET);Thu Nov 07 2019 13:52:57 GMT+0100 (CET);1573134777000;0.68;147.2
1380556890909648;18;34.9;Thu Nov 07 2019 14:54:58 GMT+0100 (CET);Thu Nov 07 2019 13:54:58 GMT+0100 (CET);1573134898000;0.64;137.81
1380556890909648;18.5;34.9;Thu Nov 07 2019 14:56:51 GMT+0100 (CET);Thu Nov 07 2019 13:56:51 GMT+0100 (CET);1573135011000;0.68;157.07
1380556890909648;18.5;35.3;Thu Nov 07 2019 14:58:46 GMT+0100 (CET);Thu Nov 07 2019 13:58:46 GMT+0100 (CET);1573135126000;0.66;145.88
1380556890909648;18.5;35;Thu Nov 07 2019 15:00:41 GMT+0100 (CET);Thu Nov 07 2019 14:00:41 GMT+0100 (CET);1573135241000;0.57;124.92
1380556890909648;18.5;34.3;Thu Nov 07 2019 15:02:40 GMT+0100 (CET);Thu Nov 07 2019 14:02:40 GMT+0100 (CET);1573135360000;0.46;98.8
1380556890909648;18.5;34;Thu Nov 07 2019 15:04:36 GMT+0100 (CET);Thu Nov 07 2019 14:04:36 GMT+0100 (CET);1573135476000;0.44;93.31
1380556890909648;16.9;33.8;Thu Nov 07 2019 15:06:28 GMT+0100 (CET);Thu Nov 07 2019 14:06:28 GMT+0100 (CET);1573135588000;0.42;89
1380556890909648;16.9;33.7;Thu Nov 07 2019 15:08:21 GMT+0100 (CET);Thu Nov 07 2019 14:08:21 GMT+0100 (CET);1573135701000;0.4;84.78
1380556890909648;16.9;33.6;Thu Nov 07 2019 15:10:21 GMT+0100 (CET);Thu Nov 07 2019 14:10:21 GMT+0100 (CET);1573135821000;0.37;78.27
1380556890909648;16.9;33.5;Thu Nov 07 2019 15:12:14 GMT+0100 (CET);Thu Nov 07 2019 14:12:14 GMT+0100 (CET);1573135934000;0.32;68.46
1380556890909648;16.9;33.5;Thu Nov 07 2019 15:14:08 GMT+0100 (CET);Thu Nov 07 2019 14:14:08 GMT+0100 (CET);1573136048000;0.27;58.42
1380556890909648;16.4;33.4;Thu Nov 07 2019 15:16:00 GMT+0100 (CET);Thu Nov 07 2019 14:16:00 GMT+0100 (CET);1573136160000;0.24;51.74
1380556890909648;16.4;33.3;Thu Nov 07 2019 15:18:20 GMT+0100 (CET);Thu Nov 07 2019 14:18:20 GMT+0100 (CET);1573136300000;0.2;43.83
1380556890909648;16.4;32.9;Thu Nov 07 2019 15:20:13 GMT+0100 (CET);Thu Nov 07 2019 14:20:13 GMT+0100 (CET);1573136413000;0.19;40.54
1380556890909648;16.4;32.1;Thu Nov 07 2019 15:22:06 GMT+0100 (CET);Thu Nov 07 2019 14:22:06 GMT+0100 (CET);1573136526000;0.2;41.31
1380556890909648;16.4;32.3;Thu Nov 07 2019 15:23:58 GMT+0100 (CET);Thu Nov 07 2019 14:23:58 GMT+0100 (CET);1573136638000;0.2;41.61
1380556890909648;16.4;32.3;Thu Nov 07 2019 15:25:56 GMT+0100 (CET);Thu Nov 07 2019 14:25:56 GMT+0100 (CET);1573136756000;0.19;39.25
1380556890909648;16.4;32.3;Thu Nov 07 2019 15:27:50 GMT+0100 (CET);Thu Nov 07 2019 14:27:50 GMT+0100 (CET);1573136870000;0.17;34.92
1380556890909648;14.9;32.2;Thu Nov 07 2019 15:29:43 GMT+0100 (CET);Thu Nov 07 2019 14:29:43 GMT+0100 (CET);1573136983000;0.18;37.4
1380556890909648;14.9;33.6;Thu Nov 07 2019 15:31:35 GMT+0100 (CET);Thu Nov 07 2019 14:31:35 GMT+0100 (CET);1573137095000;0.27;59.81
1380556890909648;14.9;33;Thu Nov 07 2019 15:33:49 GMT+0100 (CET);Thu Nov 07 2019 14:33:49 GMT+0100 (CET);1573137229000;0.26;54.14
1380556890909648;14.9;33.1;Thu Nov 07 2019 15:35:47 GMT+0100 (CET);Thu Nov 07 2019 14:35:47 GMT+0100 (CET);1573137347000;0.31;62.77
1380556890909648;14.9;33.2;Thu Nov 07 2019 15:37:40 GMT+0100 (CET);Thu Nov 07 2019 14:37:40 GMT+0100 (CET);1573137460000;0.32;64.05
1380556890909648;14.9;33.3;Thu Nov 07 2019 15:39:32 GMT+0100 (CET);Thu Nov 07 2019 14:39:32 GMT+0100 (CET);1573137572000;0.27;55.53
1380556890909648;14.9;33.2;Thu Nov 07 2019 15:41:25 GMT+0100 (CET);Thu Nov 07 2019 14:41:25 GMT+0100 (CET);1573137685000;0.23;48.46
1380556890909648;14.9;33.2;Thu Nov 07 2019 15:43:19 GMT+0100 (CET);Thu Nov 07 2019 14:43:19 GMT+0100 (CET);1573137799000;0.18;39.76
1380556890909648;14.9;33.2;Thu Nov 07 2019 15:45:12 GMT+0100 (CET);Thu Nov 07 2019 14:45:12 GMT+0100 (CET);1573137912000;0.14;31.79
1380556890909648;14.9;32.3;Thu Nov 07 2019 15:47:05 GMT+0100 (CET);Thu Nov 07 2019 14:47:05 GMT+0100 (CET);1573138025000;0.13;28.39
1380556890909648;14.4;31.5;Thu Nov 07 2019 15:49:18 GMT+0100 (CET);Thu Nov 07 2019 14:49:18 GMT+0100 (CET);1573138158000;0.16;33.17
1380556890909648;14.4;31.4;Thu Nov 07 2019 15:51:17 GMT+0100 (CET);Thu Nov 07 2019 14:51:17 GMT+0100 (CET);1573138277000;0.19;40.22
1380556890909648;14.4;31.4;Thu Nov 07 2019 15:53:10 GMT+0100 (CET);Thu Nov 07 2019 14:53:10 GMT+0100 (CET);1573138390000;0.19;39.86
1380556890909648;14.4;32.3;Thu Nov 07 2019 15:55:02 GMT+0100 (CET);Thu Nov 07 2019 14:55:02 GMT+0100 (CET);1573138502000;0.17;36.5
1380556890909648;14.4;32.1;Thu Nov 07 2019 15:56:57 GMT+0100 (CET);Thu Nov 07 2019 14:56:57 GMT+0100 (CET);1573138617000;0.15;33.37
1380556890909648;14.4;32;Thu Nov 07 2019 15:58:49 GMT+0100 (CET);Thu Nov 07 2019 14:58:49 GMT+0100 (CET);1573138729000;0.15;32.79
1380556890909648;14.4;32.1;Thu Nov 07 2019 16:00:44 GMT+0100 (CET);Thu Nov 07 2019 15:00:44 GMT+0100 (CET);1573138844000;0.14;30.7
1380556890909648;14.4;32.2;Thu Nov 07 2019 16:02:44 GMT+0100 (CET);Thu Nov 07 2019 15:02:44 GMT+0100 (CET);1573138964000;0.11;24.39
1380556890909648;14.4;32.2;Thu Nov 07 2019 16:04:41 GMT+0100 (CET);Thu Nov 07 2019 15:04:41 GMT+0100 (CET);1573139081000;0.1;21.92
1380556890909648;14.4;32.2;Thu Nov 07 2019 16:06:35 GMT+0100 (CET);Thu Nov 07 2019 15:06:35 GMT+0100 (CET);1573139195000;0.1;20.76
1380556890909648;12.9;30.9;Thu Nov 07 2019 16:08:28 GMT+0100 (CET);Thu Nov 07 2019 15:08:28 GMT+0100 (CET);1573139308000;0.1;21.06
1380556890909648;12.9;30.4;Thu Nov 07 2019 16:10:22 GMT+0100 (CET);Thu Nov 07 2019 15:10:22 GMT+0100 (CET);1573139422000;0.11;24.28
1380556890909648;12.9;30.8;Thu Nov 07 2019 16:12:16 GMT+0100 (CET);Thu Nov 07 2019 15:12:16 GMT+0100 (CET);1573139536000;0.12;26.84
1380556890909648;12.9;31.3;Thu Nov 07 2019 16:14:12 GMT+0100 (CET);Thu Nov 07 2019 15:14:12 GMT+0100 (CET);1573139652000;0.13;28.2
1380556890909648;12.9;31.5;Thu Nov 07 2019 16:16:05 GMT+0100 (CET);Thu Nov 07 2019 15:16:05 GMT+0100 (CET);1573139765000;0.13;28.53
1380556890909648;12.9;31.5;Thu Nov 07 2019 16:17:58 GMT+0100 (CET);Thu Nov 07 2019 15:17:58 GMT+0100 (CET);1573139878000;0.11;24.71
1380556890909648;12.9;31.5;Thu Nov 07 2019 16:20:08 GMT+0100 (CET);Thu Nov 07 2019 15:20:08 GMT+0100 (CET);1573140008000;0.09;19.5
1380556890909648;12.9;31.3;Thu Nov 07 2019 16:22:01 GMT+0100 (CET);Thu Nov 07 2019 15:22:01 GMT+0100 (CET);1573140121000;0.07;16.07
1380556890909648;12.9;30.8;Thu Nov 07 2019 16:23:56 GMT+0100 (CET);Thu Nov 07 2019 15:23:56 GMT+0100 (CET);1573140236000;0.07;15.02
1380556890909648;12.9;30.2;Thu Nov 07 2019 16:25:49 GMT+0100 (CET);Thu Nov 07 2019 15:25:49 GMT+0100 (CET);1573140349000;0.06;12.96
1380556890909648;12.4;29.8;Thu Nov 07 2019 16:27:44 GMT+0100 (CET);Thu Nov 07 2019 15:27:44 GMT+0100 (CET);1573140464000;0;11.57
1380556890909648;12.4;29.1;Thu Nov 07 2019 16:29:37 GMT+0100 (CET);Thu Nov 07 2019 15:29:37 GMT+0100 (CET);1573140577000;0;10.14
1380556890909648;12.4;28.4;Thu Nov 07 2019 16:31:34 GMT+0100 (CET);Thu Nov 07 2019 15:31:34 GMT+0100 (CET);1573140694000;0;8.27
1380556890909648;9.9;28.5;Thu Nov 07 2019 16:33:27 GMT+0100 (CET);Thu Nov 07 2019 15:33:27 GMT+0100 (CET);1573140807000;0;6.92
1380556890909648;9.9;28.6;Thu Nov 07 2019 16:35:29 GMT+0100 (CET);Thu Nov 07 2019 15:35:29 GMT+0100 (CET);1573140929000;0;5.81
1380556890909648;12.4;33.1;Thu Nov 07 2019 16:37:22 GMT+0100 (CET);Thu Nov 07 2019 15:37:22 GMT+0100 (CET);1573141042000;0;4.39
1380556890909648;12.4;32;Thu Nov 07 2019 16:39:14 GMT+0100 (CET);Thu Nov 07 2019 15:39:14 GMT+0100 (CET);1573141154000;0;3.61
1380556890909648;12.4;30.4;Thu Nov 07 2019 16:41:07 GMT+0100 (CET);Thu Nov 07 2019 15:41:07 GMT+0100 (CET);1573141267000;0;2.79
1380556890909648;9.9;28.9;Thu Nov 07 2019 16:43:00 GMT+0100 (CET);Thu Nov 07 2019 15:43:00 GMT+0100 (CET);1573141380000;0;2.14
1380556890909648;9.9;26.3;Thu Nov 07 2019 16:44:53 GMT+0100 (CET);Thu Nov 07 2019 15:44:53 GMT+0100 (CET);1573141493000;0;2.17
1380556890909648;8.9;27;Thu Nov 07 2019 16:46:46 GMT+0100 (CET);Thu Nov 07 2019 15:46:46 GMT+0100 (CET);1573141606000;0;1.72
1380556890909648;8.9;27;Thu Nov 07 2019 16:48:43 GMT+0100 (CET);Thu Nov 07 2019 15:48:43 GMT+0100 (CET);1573141723000;0;1.11
1380556890909648;8.9;27;Thu Nov 07 2019 16:50:38 GMT+0100 (CET);Thu Nov 07 2019 15:50:38 GMT+0100 (CET);1573141838000;0;0.49
1380556890909648;-273.2;28.9;Fri Nov 08 2019 07:38:10 GMT+0100 (CET);Fri Nov 08 2019 06:38:10 GMT+0100 (CET);1573195090000;0;3.63
1380556890909648;-273.2;31.8;Fri Nov 08 2019 07:40:03 GMT+0100 (CET);Fri Nov 08 2019 06:40:03 GMT+0100 (CET);1573195203000;0;4.91
1380556890909648;-273.2;33.6;Fri Nov 08 2019 07:42:01 GMT+0100 (CET);Fri Nov 08 2019 06:42:01 GMT+0100 (CET);1573195321000;0;5.92
1380556890909648;-273.2;34.4;Fri Nov 08 2019 07:43:54 GMT+0100 (CET);Fri Nov 08 2019 06:43:54 GMT+0100 (CET);1573195434000;0;7.1
1380556890909648;-273.2;28.4;Fri Nov 08 2019 07:45:54 GMT+0100 (CET);Fri Nov 08 2019 06:45:54 GMT+0100 (CET);1573195554000;0;8.85
1380556890909648;-273.2;28.1;Fri Nov 08 2019 07:47:56 GMT+0100 (CET);Fri Nov 08 2019 06:47:56 GMT+0100 (CET);1573195676000;0;10.28
1380556890909648;6.4;28.4;Fri Nov 08 2019 07:50:17 GMT+0100 (CET);Fri Nov 08 2019 06:50:17 GMT+0100 (CET);1573195817000;0;11.22
1380556890909648;6.4;28.9;Fri Nov 08 2019 07:52:10 GMT+0100 (CET);Fri Nov 08 2019 06:52:10 GMT+0100 (CET);1573195930000;0;12.13
1380556890909648;6.4;28.9;Fri Nov 08 2019 07:54:08 GMT+0100 (CET);Fri Nov 08 2019 06:54:08 GMT+0100 (CET);1573196048000;0.07;13.37
1380556890909648;6.4;29.5;Fri Nov 08 2019 07:56:02 GMT+0100 (CET);Fri Nov 08 2019 06:56:02 GMT+0100 (CET);1573196162000;0.07;13.59
1380556890909648;6.4;30.1;Fri Nov 08 2019 07:57:57 GMT+0100 (CET);Fri Nov 08 2019 06:57:57 GMT+0100 (CET);1573196277000;0.07;14.18
1380556890909648;6.9;29.7;Fri Nov 08 2019 07:59:50 GMT+0100 (CET);Fri Nov 08 2019 06:59:50 GMT+0100 (CET);1573196390000;0.07;15.33
1380556890909648;6.9;30.1;Fri Nov 08 2019 08:01:43 GMT+0100 (CET);Fri Nov 08 2019 07:01:43 GMT+0100 (CET);1573196503000;0.09;17.59
1380556890909648;6.9;31;Fri Nov 08 2019 08:03:42 GMT+0100 (CET);Fri Nov 08 2019 07:03:42 GMT+0100 (CET);1573196622000;0.1;20.15
1380556890909648;6.9;31.4;Fri Nov 08 2019 08:05:54 GMT+0100 (CET);Fri Nov 08 2019 07:05:54 GMT+0100 (CET);1573196754000;0.12;23.58
1380556890909648;6.9;31.4;Fri Nov 08 2019 08:07:49 GMT+0100 (CET);Fri Nov 08 2019 07:07:49 GMT+0100 (CET);1573196869000;0.12;25.76
1380556890909648;8.4;32.1;Fri Nov 08 2019 08:09:49 GMT+0100 (CET);Fri Nov 08 2019 07:09:49 GMT+0100 (CET);1573196989000;0.13;26.88
1380556890909648;8.4;32;Fri Nov 08 2019 08:11:41 GMT+0100 (CET);Fri Nov 08 2019 07:11:41 GMT+0100 (CET);1573197101000;0.13;27.51
1380556890909648;8.4;32.1;Fri Nov 08 2019 08:13:34 GMT+0100 (CET);Fri Nov 08 2019 07:13:34 GMT+0100 (CET);1573197214000;0.13;27.98
1380556890909648;8.4;32.2;Fri Nov 08 2019 08:15:26 GMT+0100 (CET);Fri Nov 08 2019 07:15:26 GMT+0100 (CET);1573197326000;0.13;27.43
1380556890909648;8.4;32.2;Fri Nov 08 2019 08:17:42 GMT+0100 (CET);Fri Nov 08 2019 07:17:42 GMT+0100 (CET);1573197462000;0.13;26.62
1380556890909648;8.4;32.1;Fri Nov 08 2019 08:19:35 GMT+0100 (CET);Fri Nov 08 2019 07:19:35 GMT+0100 (CET);1573197575000;0.13;26.74
1380556890909648;8.4;32.3;Fri Nov 08 2019 08:21:40 GMT+0100 (CET);Fri Nov 08 2019 07:21:40 GMT+0100 (CET);1573197700000;0.13;28.04
1380556890909648;8.4;32.3;Fri Nov 08 2019 08:23:33 GMT+0100 (CET);Fri Nov 08 2019 07:23:33 GMT+0100 (CET);1573197813000;0.14;28.64
1380556890909648;8.4;32.3;Fri Nov 08 2019 08:25:26 GMT+0100 (CET);Fri Nov 08 2019 07:25:26 GMT+0100 (CET);1573197926000;0.13;28.28
1380556890909648;8.9;32.2;Fri Nov 08 2019 08:27:20 GMT+0100 (CET);Fri Nov 08 2019 07:27:20 GMT+0100 (CET);1573198040000;0.13;27.83
1380556890909648;8.9;32.2;Fri Nov 08 2019 08:29:13 GMT+0100 (CET);Fri Nov 08 2019 07:29:13 GMT+0100 (CET);1573198153000;0.14;28.05
1380556890909648;8.9;32.3;Fri Nov 08 2019 08:31:06 GMT+0100 (CET);Fri Nov 08 2019 07:31:06 GMT+0100 (CET);1573198266000;0.14;29.33
1380556890909648;8.9;32.3;Fri Nov 08 2019 08:33:01 GMT+0100 (CET);Fri Nov 08 2019 07:33:01 GMT+0100 (CET);1573198381000;0.14;30.79
1380556890909648;8.9;32.3;Fri Nov 08 2019 08:34:54 GMT+0100 (CET);Fri Nov 08 2019 07:34:54 GMT+0100 (CET);1573198494000;0.16;32.99
1380556890909648;8.9;32.5;Fri Nov 08 2019 08:36:48 GMT+0100 (CET);Fri Nov 08 2019 07:36:48 GMT+0100 (CET);1573198608000;0.18;36.26
1380556890909648;8.9;32.6;Fri Nov 08 2019 08:38:57 GMT+0100 (CET);Fri Nov 08 2019 07:38:57 GMT+0100 (CET);1573198737000;0.19;40.13
1380556890909648;9.9;32.8;Fri Nov 08 2019 08:40:53 GMT+0100 (CET);Fri Nov 08 2019 07:40:53 GMT+0100 (CET);1573198853000;0.19;40.6
1380556890909648;9.9;33.1;Fri Nov 08 2019 08:42:46 GMT+0100 (CET);Fri Nov 08 2019 07:42:46 GMT+0100 (CET);1573198966000;0.2;40.63
1380556890909648;9.9;33;Fri Nov 08 2019 08:44:40 GMT+0100 (CET);Fri Nov 08 2019 07:44:40 GMT+0100 (CET);1573199080000;0.2;42.1
1380556890909648;9.9;33;Fri Nov 08 2019 08:46:33 GMT+0100 (CET);Fri Nov 08 2019 07:46:33 GMT+0100 (CET);1573199193000;0.22;44.58
1380556890909648;9.9;33.4;Fri Nov 08 2019 08:48:30 GMT+0100 (CET);Fri Nov 08 2019 07:48:30 GMT+0100 (CET);1573199310000;0.23;46.52
1380556890909648;9.9;33.4;Fri Nov 08 2019 08:50:24 GMT+0100 (CET);Fri Nov 08 2019 07:50:24 GMT+0100 (CET);1573199424000;0.23;47.63
1380556890909648;9.9;33.4;Fri Nov 08 2019 08:52:16 GMT+0100 (CET);Fri Nov 08 2019 07:52:16 GMT+0100 (CET);1573199536000;0.24;47.74
1380556890909648;9.9;33.4;Fri Nov 08 2019 08:54:09 GMT+0100 (CET);Fri Nov 08 2019 07:54:09 GMT+0100 (CET);1573199649000;0.24;48.16
1380556890909648;9.9;33.4;Fri Nov 08 2019 08:56:01 GMT+0100 (CET);Fri Nov 08 2019 07:56:01 GMT+0100 (CET);1573199761000;0.24;47.93
1380556890909648;9.9;33.4;Fri Nov 08 2019 08:57:56 GMT+0100 (CET);Fri Nov 08 2019 07:57:56 GMT+0100 (CET);1573199876000;0.23;46.36
1380556890909648;9.9;33.4;Fri Nov 08 2019 08:59:58 GMT+0100 (CET);Fri Nov 08 2019 07:59:58 GMT+0100 (CET);1573199998000;0.23;45.33
1380556890909648;9.9;33.3;Fri Nov 08 2019 09:01:51 GMT+0100 (CET);Fri Nov 08 2019 08:01:51 GMT+0100 (CET);1573200111000;0.23;44.96
1380556890909648;9.9;33.3;Fri Nov 08 2019 09:03:57 GMT+0100 (CET);Fri Nov 08 2019 08:03:57 GMT+0100 (CET);1573200237000;0.22;44.47
1380556890909648;9.9;33.2;Fri Nov 08 2019 09:05:55 GMT+0100 (CET);Fri Nov 08 2019 08:05:55 GMT+0100 (CET);1573200355000;0.22;43.94
1380556890909648;9.9;33.4;Fri Nov 08 2019 09:08:16 GMT+0100 (CET);Fri Nov 08 2019 08:08:16 GMT+0100 (CET);1573200496000;0.2;41.1
1380556890909648;9.9;33.4;Fri Nov 08 2019 09:10:08 GMT+0100 (CET);Fri Nov 08 2019 08:10:08 GMT+0100 (CET);1573200608000;0.19;38.5
1380556890909648;9.9;33;Fri Nov 08 2019 09:12:02 GMT+0100 (CET);Fri Nov 08 2019 08:12:02 GMT+0100 (CET);1573200722000;0.18;36.68
1380556890909648;9.9;33.1;Fri Nov 08 2019 09:13:59 GMT+0100 (CET);Fri Nov 08 2019 08:13:59 GMT+0100 (CET);1573200839000;0.18;35.96
1380556890909648;9.9;33.1;Fri Nov 08 2019 09:15:55 GMT+0100 (CET);Fri Nov 08 2019 08:15:55 GMT+0100 (CET);1573200955000;0.19;37.16
1380556890909648;9.9;33;Fri Nov 08 2019 09:17:49 GMT+0100 (CET);Fri Nov 08 2019 08:17:49 GMT+0100 (CET);1573201069000;0.19;37.96
1380556890909648;9.9;33;Fri Nov 08 2019 09:19:54 GMT+0100 (CET);Fri Nov 08 2019 08:19:54 GMT+0100 (CET);1573201194000;0.18;36.72
1380556890909648;9.9;32.9;Fri Nov 08 2019 09:21:52 GMT+0100 (CET);Fri Nov 08 2019 08:21:52 GMT+0100 (CET);1573201312000;0.17;34.13
1380556890909648;9.9;32.8;Fri Nov 08 2019 09:23:52 GMT+0100 (CET);Fri Nov 08 2019 08:23:52 GMT+0100 (CET);1573201432000;0.16;33.01
1380556890909648;9.9;32.8;Fri Nov 08 2019 09:25:53 GMT+0100 (CET);Fri Nov 08 2019 08:25:53 GMT+0100 (CET);1573201553000;0.16;32.53
1380556890909648;9.9;32.8;Fri Nov 08 2019 09:27:49 GMT+0100 (CET);Fri Nov 08 2019 08:27:49 GMT+0100 (CET);1573201669000;0.16;32.08
1380556890909648;9.9;32.7;Fri Nov 08 2019 09:29:47 GMT+0100 (CET);Fri Nov 08 2019 08:29:47 GMT+0100 (CET);1573201787000;0.16;32.66
1380556890909648;9.9;32.8;Fri Nov 08 2019 09:31:40 GMT+0100 (CET);Fri Nov 08 2019 08:31:40 GMT+0100 (CET);1573201900000;0.18;35.22
1380556890909648;9.9;32.8;Fri Nov 08 2019 09:33:36 GMT+0100 (CET);Fri Nov 08 2019 08:33:36 GMT+0100 (CET);1573202016000;0.2;38.25
1380556890909648;9.9;33;Fri Nov 08 2019 09:35:31 GMT+0100 (CET);Fri Nov 08 2019 08:35:31 GMT+0100 (CET);1573202131000;0.2;39.98
1380556890909648;9.9;33.1;Fri Nov 08 2019 09:37:24 GMT+0100 (CET);Fri Nov 08 2019 08:37:24 GMT+0100 (CET);1573202244000;0.21;40.55
1380556890909648;9.9;33;Fri Nov 08 2019 09:39:24 GMT+0100 (CET);Fri Nov 08 2019 08:39:24 GMT+0100 (CET);1573202364000;0.2;39.85
1380556890909648;9.9;33;Fri Nov 08 2019 09:41:17 GMT+0100 (CET);Fri Nov 08 2019 08:41:17 GMT+0100 (CET);1573202477000;0.2;39.39
1380556890909648;9.9;33;Fri Nov 08 2019 09:43:23 GMT+0100 (CET);Fri Nov 08 2019 08:43:23 GMT+0100 (CET);1573202603000;0.19;38.94
1380556890909648;9.9;33;Fri Nov 08 2019 09:45:16 GMT+0100 (CET);Fri Nov 08 2019 08:45:16 GMT+0100 (CET);1573202716000;0.2;39.1
1380556890909648;9.9;33.1;Fri Nov 08 2019 09:47:08 GMT+0100 (CET);Fri Nov 08 2019 08:47:08 GMT+0100 (CET);1573202828000;0.2;39.5
1380556890909648;9.9;33.1;Fri Nov 08 2019 09:49:03 GMT+0100 (CET);Fri Nov 08 2019 08:49:03 GMT+0100 (CET);1573202943000;0.2;40.24
1380556890909648;9.9;33.2;Fri Nov 08 2019 09:51:01 GMT+0100 (CET);Fri Nov 08 2019 08:51:01 GMT+0100 (CET);1573203061000;0.21;41.87
1380556890909648;9.9;33.2;Fri Nov 08 2019 09:52:53 GMT+0100 (CET);Fri Nov 08 2019 08:52:53 GMT+0100 (CET);1573203173000;0.22;44.24
1380556890909648;9.9;33.4;Fri Nov 08 2019 09:54:55 GMT+0100 (CET);Fri Nov 08 2019 08:54:55 GMT+0100 (CET);1573203295000;0.23;46.84
1380556890909648;9.9;33.5;Fri Nov 08 2019 09:56:47 GMT+0100 (CET);Fri Nov 08 2019 08:56:47 GMT+0100 (CET);1573203407000;0.24;49.32
1380556890909648;9.9;33.6;Fri Nov 08 2019 09:58:40 GMT+0100 (CET);Fri Nov 08 2019 08:58:40 GMT+0100 (CET);1573203520000;0.26;50.89
1380556890909648;9.9;33.5;Fri Nov 08 2019 10:00:33 GMT+0100 (CET);Fri Nov 08 2019 09:00:33 GMT+0100 (CET);1573203633000;0.26;52.31
1380556890909648;9.9;33.6;Fri Nov 08 2019 10:02:26 GMT+0100 (CET);Fri Nov 08 2019 09:02:26 GMT+0100 (CET);1573203746000;0.27;54.1
1380556890909648;9.9;33.5;Fri Nov 08 2019 10:04:54 GMT+0100 (CET);Fri Nov 08 2019 09:04:54 GMT+0100 (CET);1573203894000;0.28;56.29
1380556890909648;10.9;33.6;Fri Nov 08 2019 10:06:48 GMT+0100 (CET);Fri Nov 08 2019 09:06:48 GMT+0100 (CET);1573204008000;0.29;57.08
1380556890909648;10.9;33.6;Fri Nov 08 2019 10:08:41 GMT+0100 (CET);Fri Nov 08 2019 09:08:41 GMT+0100 (CET);1573204121000;0.29;56.93
1380556890909648;9.9;33.5;Fri Nov 08 2019 10:10:34 GMT+0100 (CET);Fri Nov 08 2019 09:10:34 GMT+0100 (CET);1573204234000;0.29;58.25
1380556890909648;9.9;33.6;Fri Nov 08 2019 10:12:28 GMT+0100 (CET);Fri Nov 08 2019 09:12:28 GMT+0100 (CET);1573204348000;0.32;62.54
1380556890909648;9.9;33.7;Fri Nov 08 2019 10:14:25 GMT+0100 (CET);Fri Nov 08 2019 09:14:25 GMT+0100 (CET);1573204465000;0.34;68.24
1380556890909648;12.4;33.9;Fri Nov 08 2019 10:16:20 GMT+0100 (CET);Fri Nov 08 2019 09:16:20 GMT+0100 (CET);1573204580000;0.36;71.57
1380556890909648;12.4;34;Fri Nov 08 2019 10:18:13 GMT+0100 (CET);Fri Nov 08 2019 09:18:13 GMT+0100 (CET);1573204693000;0.37;73.25
1380556890909648;12.4;33.9;Fri Nov 08 2019 10:20:12 GMT+0100 (CET);Fri Nov 08 2019 09:20:12 GMT+0100 (CET);1573204812000;0.38;74.93
1380556890909648;12.4;34;Fri Nov 08 2019 10:22:07 GMT+0100 (CET);Fri Nov 08 2019 09:22:07 GMT+0100 (CET);1573204927000;0.39;76.1
1380556890909648;12.4;33.9;Fri Nov 08 2019 10:24:00 GMT+0100 (CET);Fri Nov 08 2019 09:24:00 GMT+0100 (CET);1573205040000;0.39;75.68
1380556890909648;12.4;34;Fri Nov 08 2019 10:26:13 GMT+0100 (CET);Fri Nov 08 2019 09:26:13 GMT+0100 (CET);1573205173000;0.38;73.31
1380556890909648;12.4;33.9;Fri Nov 08 2019 10:28:05 GMT+0100 (CET);Fri Nov 08 2019 09:28:05 GMT+0100 (CET);1573205285000;0.36;70.47
1380556890909648;12.4;33.9;Fri Nov 08 2019 10:29:58 GMT+0100 (CET);Fri Nov 08 2019 09:29:58 GMT+0100 (CET);1573205398000;0.35;67.89
1380556890909648;12.4;33.8;Fri Nov 08 2019 10:31:51 GMT+0100 (CET);Fri Nov 08 2019 09:31:51 GMT+0100 (CET);1573205511000;0.33;63.64
1380556890909648;12.4;33.8;Fri Nov 08 2019 10:33:59 GMT+0100 (CET);Fri Nov 08 2019 09:33:59 GMT+0100 (CET);1573205639000;0.3;59.76
1380556890909648;12.4;33.6;Fri Nov 08 2019 10:36:03 GMT+0100 (CET);Fri Nov 08 2019 09:36:03 GMT+0100 (CET);1573205763000;0.3;59.62
1380556890909648;12.4;33.6;Fri Nov 08 2019 10:37:56 GMT+0100 (CET);Fri Nov 08 2019 09:37:56 GMT+0100 (CET);1573205876000;0.32;63.6
1380556890909648;12.4;33.7;Fri Nov 08 2019 10:39:49 GMT+0100 (CET);Fri Nov 08 2019 09:39:49 GMT+0100 (CET);1573205989000;0.34;66.81
1380556890909648;12.4;33.8;Fri Nov 08 2019 10:41:45 GMT+0100 (CET);Fri Nov 08 2019 09:41:45 GMT+0100 (CET);1573206105000;0.34;67.65
1380556890909648;12.4;33.9;Fri Nov 08 2019 10:43:46 GMT+0100 (CET);Fri Nov 08 2019 09:43:46 GMT+0100 (CET);1573206226000;0.36;70.28
1380556890909648;12.4;34;Fri Nov 08 2019 10:45:46 GMT+0100 (CET);Fri Nov 08 2019 09:45:46 GMT+0100 (CET);1573206346000;0.38;74.69
1380556890909648;12.4;34.2;Fri Nov 08 2019 10:47:39 GMT+0100 (CET);Fri Nov 08 2019 09:47:39 GMT+0100 (CET);1573206459000;0.39;77.84
1380556890909648;12.9;34;Fri Nov 08 2019 10:49:45 GMT+0100 (CET);Fri Nov 08 2019 09:49:45 GMT+0100 (CET);1573206585000;0.42;82.48
1380556890909648;12.9;34.2;Fri Nov 08 2019 10:51:38 GMT+0100 (CET);Fri Nov 08 2019 09:51:38 GMT+0100 (CET);1573206698000;0.43;85.16
1380556890909648;12.9;34.3;Fri Nov 08 2019 10:53:31 GMT+0100 (CET);Fri Nov 08 2019 09:53:31 GMT+0100 (CET);1573206811000;0.46;91.09
1380556890909648;12.9;34.3;Fri Nov 08 2019 10:55:24 GMT+0100 (CET);Fri Nov 08 2019 09:55:24 GMT+0100 (CET);1573206924000;0.49;96.03
1380556890909648;12.9;34.9;Fri Nov 08 2019 10:57:18 GMT+0100 (CET);Fri Nov 08 2019 09:57:18 GMT+0100 (CET);1573207038000;0.49;97.87
1380556890909648;14.4;34.9;Fri Nov 08 2019 10:59:13 GMT+0100 (CET);Fri Nov 08 2019 09:59:13 GMT+0100 (CET);1573207153000;0.49;98.6
1380556890909648;14.4;34.9;Fri Nov 08 2019 11:01:07 GMT+0100 (CET);Fri Nov 08 2019 10:01:07 GMT+0100 (CET);1573207267000;0.5;100.88
1380556890909648;14.4;35.1;Fri Nov 08 2019 11:03:00 GMT+0100 (CET);Fri Nov 08 2019 10:03:00 GMT+0100 (CET);1573207380000;0.54;109.69
1380556890909648;14.4;35.1;Fri Nov 08 2019 11:05:00 GMT+0100 (CET);Fri Nov 08 2019 10:05:00 GMT+0100 (CET);1573207500000;0.6;120.84
1380556890909648;14.4;35.1;Fri Nov 08 2019 11:06:54 GMT+0100 (CET);Fri Nov 08 2019 10:06:54 GMT+0100 (CET);1573207614000;0.61;121.96
1380556890909648;14.4;35.1;Fri Nov 08 2019 11:09:05 GMT+0100 (CET);Fri Nov 08 2019 10:09:05 GMT+0100 (CET);1573207745000;0.59;118.88
1380556890909648;14.4;35.1;Fri Nov 08 2019 11:10:58 GMT+0100 (CET);Fri Nov 08 2019 10:10:58 GMT+0100 (CET);1573207858000;0.59;119.01
1380556890909648;16.4;35.1;Fri Nov 08 2019 11:12:51 GMT+0100 (CET);Fri Nov 08 2019 10:12:51 GMT+0100 (CET);1573207971000;0.59;119.17
1380556890909648;16.4;35.1;Fri Nov 08 2019 11:14:47 GMT+0100 (CET);Fri Nov 08 2019 10:14:47 GMT+0100 (CET);1573208087000;0.58;117.01
1380556890909648;14.4;35;Fri Nov 08 2019 11:16:43 GMT+0100 (CET);Fri Nov 08 2019 10:16:43 GMT+0100 (CET);1573208203000;0.58;116.66
1380556890909648;14.4;34.9;Fri Nov 08 2019 11:18:41 GMT+0100 (CET);Fri Nov 08 2019 10:18:41 GMT+0100 (CET);1573208321000;0.56;113.96
1380556890909648;14.4;34.8;Fri Nov 08 2019 11:20:34 GMT+0100 (CET);Fri Nov 08 2019 10:20:34 GMT+0100 (CET);1573208434000;0.53;108.29
1380556890909648;14.4;34.8;Fri Nov 08 2019 11:22:55 GMT+0100 (CET);Fri Nov 08 2019 10:22:55 GMT+0100 (CET);1573208575000;0.46;94.43
1380556890909648;14.4;34.7;Fri Nov 08 2019 11:24:48 GMT+0100 (CET);Fri Nov 08 2019 10:24:48 GMT+0100 (CET);1573208688000;0.42;86.2
1380556890909648;14.9;34.3;Fri Nov 08 2019 11:26:43 GMT+0100 (CET);Fri Nov 08 2019 10:26:43 GMT+0100 (CET);1573208803000;0.44;88.71
1380556890909648;14.9;34.1;Fri Nov 08 2019 11:28:36 GMT+0100 (CET);Fri Nov 08 2019 10:28:36 GMT+0100 (CET);1573208916000;0.5;99.56
1380556890909648;14.9;34.2;Fri Nov 08 2019 11:30:29 GMT+0100 (CET);Fri Nov 08 2019 10:30:29 GMT+0100 (CET);1573209029000;0.51;100.75
1380556890909648;14.9;34.2;Fri Nov 08 2019 11:32:23 GMT+0100 (CET);Fri Nov 08 2019 10:32:23 GMT+0100 (CET);1573209143000;0.45;90.74
1380556890909648;14.9;34.2;Fri Nov 08 2019 11:34:16 GMT+0100 (CET);Fri Nov 08 2019 10:34:16 GMT+0100 (CET);1573209256000;0.38;76.31
1380556890909648;14.4;34;Fri Nov 08 2019 11:36:13 GMT+0100 (CET);Fri Nov 08 2019 10:36:13 GMT+0100 (CET);1573209373000;0.33;64.77
1380556890909648;14.4;33.5;Fri Nov 08 2019 11:38:06 GMT+0100 (CET);Fri Nov 08 2019 10:38:06 GMT+0100 (CET);1573209486000;0.35;70.47
1380556890909648;14.4;33.6;Fri Nov 08 2019 11:40:00 GMT+0100 (CET);Fri Nov 08 2019 10:40:00 GMT+0100 (CET);1573209600000;0.38;75.71
1380556890909648;14.4;33.8;Fri Nov 08 2019 11:41:54 GMT+0100 (CET);Fri Nov 08 2019 10:41:54 GMT+0100 (CET);1573209714000;0.41;81.56
1380556890909648;14.4;33.9;Fri Nov 08 2019 11:43:47 GMT+0100 (CET);Fri Nov 08 2019 10:43:47 GMT+0100 (CET);1573209827000;0.46;90.37
1380556890909648;14.4;34.1;Fri Nov 08 2019 11:45:43 GMT+0100 (CET);Fri Nov 08 2019 10:45:43 GMT+0100 (CET);1573209943000;0.47;91.1
1380556890909648;14.4;34;Fri Nov 08 2019 11:47:36 GMT+0100 (CET);Fri Nov 08 2019 10:47:36 GMT+0100 (CET);1573210056000;0.53;103.09
1380556890909648;14.4;34.4;Fri Nov 08 2019 11:49:31 GMT+0100 (CET);Fri Nov 08 2019 10:49:31 GMT+0100 (CET);1573210171000;0.52;102.12
1380556890909648;14.4;34.3;Fri Nov 08 2019 11:52:16 GMT+0100 (CET);Fri Nov 08 2019 10:52:16 GMT+0100 (CET);1573210336000;0.48;95.79
1380556890909648;14.4;34.1;Fri Nov 08 2019 11:54:09 GMT+0100 (CET);Fri Nov 08 2019 10:54:09 GMT+0100 (CET);1573210449000;0.48;94.83
1380556890909648;14.4;34.1;Fri Nov 08 2019 11:56:08 GMT+0100 (CET);Fri Nov 08 2019 10:56:08 GMT+0100 (CET);1573210568000;0.43;83.91
1380556890909648;14.4;34;Fri Nov 08 2019 11:58:03 GMT+0100 (CET);Fri Nov 08 2019 10:58:03 GMT+0100 (CET);1573210683000;0.35;70.03
1380556890909648;14.4;34;Fri Nov 08 2019 11:59:58 GMT+0100 (CET);Fri Nov 08 2019 10:59:58 GMT+0100 (CET);1573210798000;0.3;59.9
1380556890909648;14.4;33.5;Fri Nov 08 2019 12:01:51 GMT+0100 (CET);Fri Nov 08 2019 11:01:51 GMT+0100 (CET);1573210911000;0.32;64.29
1380556890909648;14.4;33.6;Fri Nov 08 2019 12:03:48 GMT+0100 (CET);Fri Nov 08 2019 11:03:48 GMT+0100 (CET);1573211028000;0.33;65.79
1380556890909648;14.4;33.6;Fri Nov 08 2019 12:05:57 GMT+0100 (CET);Fri Nov 08 2019 11:05:57 GMT+0100 (CET);1573211157000;0.34;65.54
1380556890909648;14.4;33.4;Fri Nov 08 2019 12:08:05 GMT+0100 (CET);Fri Nov 08 2019 11:08:05 GMT+0100 (CET);1573211285000;0.32;62.07
1380556890909648;14.4;33.4;Fri Nov 08 2019 12:09:58 GMT+0100 (CET);Fri Nov 08 2019 11:09:58 GMT+0100 (CET);1573211398000;0.29;57.21
1380556890909648;14.4;33.3;Fri Nov 08 2019 12:11:51 GMT+0100 (CET);Fri Nov 08 2019 11:11:51 GMT+0100 (CET);1573211511000;0.27;52.34
1380556890909648;12.9;33.3;Fri Nov 08 2019 12:13:48 GMT+0100 (CET);Fri Nov 08 2019 11:13:48 GMT+0100 (CET);1573211628000;0.22;42.79
1380556890909648;12.9;33.3;Fri Nov 08 2019 12:15:51 GMT+0100 (CET);Fri Nov 08 2019 11:15:51 GMT+0100 (CET);1573211751000;0.19;37.46
1380556890909648;12.9;32.7;Fri Nov 08 2019 12:17:54 GMT+0100 (CET);Fri Nov 08 2019 11:17:54 GMT+0100 (CET);1573211874000;0.21;40.81
1380556890909648;12.9;32.8;Fri Nov 08 2019 12:19:58 GMT+0100 (CET);Fri Nov 08 2019 11:19:58 GMT+0100 (CET);1573211998000;0.2;40.21
1380556890909648;12.9;32.8;Fri Nov 08 2019 12:21:53 GMT+0100 (CET);Fri Nov 08 2019 11:21:53 GMT+0100 (CET);1573212113000;0.19;37.98
1380556890909648;12.4;32.8;Fri Nov 08 2019 12:23:49 GMT+0100 (CET);Fri Nov 08 2019 11:23:49 GMT+0100 (CET);1573212229000;0.15;31.61
1380556890909648;12.4;32.9;Fri Nov 08 2019 12:25:43 GMT+0100 (CET);Fri Nov 08 2019 11:25:43 GMT+0100 (CET);1573212343000;0.13;27.78
1380556890909648;12.4;31.9;Fri Nov 08 2019 12:27:35 GMT+0100 (CET);Fri Nov 08 2019 11:27:35 GMT+0100 (CET);1573212455000;0.14;27.95
1380556890909648;12.4;31.8;Fri Nov 08 2019 12:29:29 GMT+0100 (CET);Fri Nov 08 2019 11:29:29 GMT+0100 (CET);1573212569000;0.13;26.9
1380556890909648;12.4;32;Fri Nov 08 2019 12:31:22 GMT+0100 (CET);Fri Nov 08 2019 11:31:22 GMT+0100 (CET);1573212682000;0.13;26.85
1380556890909648;12.4;31.9;Fri Nov 08 2019 12:33:19 GMT+0100 (CET);Fri Nov 08 2019 11:33:19 GMT+0100 (CET);1573212799000;0.17;32.27
1380556890909648;12.4;32.5;Fri Nov 08 2019 12:35:17 GMT+0100 (CET);Fri Nov 08 2019 11:35:17 GMT+0100 (CET);1573212917000;0.2;39.24
1380556890909648;12.4;32.8;Fri Nov 08 2019 12:37:10 GMT+0100 (CET);Fri Nov 08 2019 11:37:10 GMT+0100 (CET);1573213030000;0.2;40.26
1380556890909648;12.4;33.1;Fri Nov 08 2019 12:39:16 GMT+0100 (CET);Fri Nov 08 2019 11:39:16 GMT+0100 (CET);1573213156000;0.22;44.3
1380556890909648;12.4;33.2;Fri Nov 08 2019 12:41:20 GMT+0100 (CET);Fri Nov 08 2019 11:41:20 GMT+0100 (CET);1573213280000;0.25;48.95
1380556890909648;12.4;33.3;Fri Nov 08 2019 12:43:14 GMT+0100 (CET);Fri Nov 08 2019 11:43:14 GMT+0100 (CET);1573213394000;0.28;55.33
1380556890909648;12.4;33.3;Fri Nov 08 2019 12:45:07 GMT+0100 (CET);Fri Nov 08 2019 11:45:07 GMT+0100 (CET);1573213507000;0.27;51.21
1380556890909648;12.4;33.4;Fri Nov 08 2019 12:47:00 GMT+0100 (CET);Fri Nov 08 2019 11:47:00 GMT+0100 (CET);1573213620000;0.26;50.89
1380556890909648;12.4;33.4;Fri Nov 08 2019 12:48:49 GMT+0100 (CET);Fri Nov 08 2019 11:48:49 GMT+0100 (CET);1573213729000;0.27;52.62
1380556890909648;12.4;33.4;Fri Nov 08 2019 12:50:44 GMT+0100 (CET);Fri Nov 08 2019 11:50:44 GMT+0100 (CET);1573213844000;0.27;53.52
1380556890909648;12.4;33.6;Fri Nov 08 2019 12:52:42 GMT+0100 (CET);Fri Nov 08 2019 11:52:42 GMT+0100 (CET);1573213962000;0.36;69.65
1380556890909648;12.4;33.8;Fri Nov 08 2019 12:54:36 GMT+0100 (CET);Fri Nov 08 2019 11:54:36 GMT+0100 (CET);1573214076000;0.36;69.91
1380556890909648;12.4;33.9;Fri Nov 08 2019 12:56:29 GMT+0100 (CET);Fri Nov 08 2019 11:56:29 GMT+0100 (CET);1573214189000;0.36;70.55
1380556890909648;12.4;33.8;Fri Nov 08 2019 12:58:22 GMT+0100 (CET);Fri Nov 08 2019 11:58:22 GMT+0100 (CET);1573214302000;0.34;65.59
1380556890909648;12.9;33.7;Fri Nov 08 2019 13:00:16 GMT+0100 (CET);Fri Nov 08 2019 12:00:16 GMT+0100 (CET);1573214416000;0.3;57.39
1380556890909648;12.9;33.6;Fri Nov 08 2019 13:02:20 GMT+0100 (CET);Fri Nov 08 2019 12:02:20 GMT+0100 (CET);1573214540000;0.28;53.36
1380556890909648;12.9;33.4;Fri Nov 08 2019 13:04:14 GMT+0100 (CET);Fri Nov 08 2019 12:04:14 GMT+0100 (CET);1573214654000;0.27;50.77
1380556890909648;12.9;33.1;Fri Nov 08 2019 13:06:14 GMT+0100 (CET);Fri Nov 08 2019 12:06:14 GMT+0100 (CET);1573214774000;0.3;56.45
1380556890909648;12.9;33.4;Fri Nov 08 2019 13:08:08 GMT+0100 (CET);Fri Nov 08 2019 12:08:08 GMT+0100 (CET);1573214888000;0.32;59.98
1380556890909648;12.4;33.8;Fri Nov 08 2019 13:10:01 GMT+0100 (CET);Fri Nov 08 2019 12:10:01 GMT+0100 (CET);1573215001000;0.29;54.48
1380556890909648;12.4;33.6;Fri Nov 08 2019 13:12:00 GMT+0100 (CET);Fri Nov 08 2019 12:12:00 GMT+0100 (CET);1573215120000;0.27;49.52
1380556890909648;12.4;33.6;Fri Nov 08 2019 13:13:52 GMT+0100 (CET);Fri Nov 08 2019 12:13:52 GMT+0100 (CET);1573215232000;0.2;39.47
1380556890909648;12.4;32.8;Fri Nov 08 2019 13:15:51 GMT+0100 (CET);Fri Nov 08 2019 12:15:51 GMT+0100 (CET);1573215351000;0.21;38.99
1380556890909648;12.4;33;Fri Nov 08 2019 13:17:49 GMT+0100 (CET);Fri Nov 08 2019 12:17:49 GMT+0100 (CET);1573215469000;0.19;36.41
1380556890909648;12.4;33;Fri Nov 08 2019 13:19:43 GMT+0100 (CET);Fri Nov 08 2019 12:19:43 GMT+0100 (CET);1573215583000;0.19;35.51
1380556890909648;12.4;33;Fri Nov 08 2019 13:21:36 GMT+0100 (CET);Fri Nov 08 2019 12:21:36 GMT+0100 (CET);1573215696000;0.22;41.06
1380556890909648;12.4;33;Fri Nov 08 2019 13:23:37 GMT+0100 (CET);Fri Nov 08 2019 12:23:37 GMT+0100 (CET);1573215817000;0.24;46.14
1380556890909648;12.4;33.4;Fri Nov 08 2019 13:25:35 GMT+0100 (CET);Fri Nov 08 2019 12:25:35 GMT+0100 (CET);1573215935000;0.24;45.77
1380556890909648;12.4;33.4;Fri Nov 08 2019 13:27:28 GMT+0100 (CET);Fri Nov 08 2019 12:27:28 GMT+0100 (CET);1573216048000;0.23;43.04
1380556890909648;12.4;33.4;Fri Nov 08 2019 13:29:53 GMT+0100 (CET);Fri Nov 08 2019 12:29:53 GMT+0100 (CET);1573216193000;0.19;37.32
1380556890909648;12.4;33.2;Fri Nov 08 2019 13:31:47 GMT+0100 (CET);Fri Nov 08 2019 12:31:47 GMT+0100 (CET);1573216307000;0.19;35.94
1380556890909648;12.4;32.8;Fri Nov 08 2019 13:33:51 GMT+0100 (CET);Fri Nov 08 2019 12:33:51 GMT+0100 (CET);1573216431000;0.22;42.6
1380556890909648;12.4;32.8;Fri Nov 08 2019 13:35:47 GMT+0100 (CET);Fri Nov 08 2019 12:35:47 GMT+0100 (CET);1573216547000;0.3;56.74
1380556890909648;12.4;32.8;Fri Nov 08 2019 13:37:44 GMT+0100 (CET);Fri Nov 08 2019 12:37:44 GMT+0100 (CET);1573216664000;0.37;67.74
1380556890909648;9.9;34;Fri Nov 08 2019 13:39:37 GMT+0100 (CET);Fri Nov 08 2019 12:39:37 GMT+0100 (CET);1573216777000;0.34;64.86
1380556890909648;9.9;34;Fri Nov 08 2019 13:41:41 GMT+0100 (CET);Fri Nov 08 2019 12:41:41 GMT+0100 (CET);1573216901000;0.28;53.62
1380556890909648;10.9;33.6;Fri Nov 08 2019 13:43:34 GMT+0100 (CET);Fri Nov 08 2019 12:43:34 GMT+0100 (CET);1573217014000;0.27;50.99
1380556890909648;10.9;33.5;Fri Nov 08 2019 13:45:30 GMT+0100 (CET);Fri Nov 08 2019 12:45:30 GMT+0100 (CET);1573217130000;0.3;57.28
1380556890909648;10.9;33.6;Fri Nov 08 2019 13:47:23 GMT+0100 (CET);Fri Nov 08 2019 12:47:23 GMT+0100 (CET);1573217243000;0.35;65.91
1380556890909648;12.4;33.8;Fri Nov 08 2019 13:49:26 GMT+0100 (CET);Fri Nov 08 2019 12:49:26 GMT+0100 (CET);1573217366000;0.43;81.41
1380556890909648;12.4;34.1;Fri Nov 08 2019 13:51:19 GMT+0100 (CET);Fri Nov 08 2019 12:51:19 GMT+0100 (CET);1573217479000;0.51;95.4
1380556890909648;12.4;34.9;Fri Nov 08 2019 13:53:16 GMT+0100 (CET);Fri Nov 08 2019 12:53:16 GMT+0100 (CET);1573217596000;0.51;97.9
1380556890909648;12.4;35.1;Fri Nov 08 2019 13:55:15 GMT+0100 (CET);Fri Nov 08 2019 12:55:15 GMT+0100 (CET);1573217715000;0.49;94.14
1380556890909648;12.4;35.1;Fri Nov 08 2019 13:57:08 GMT+0100 (CET);Fri Nov 08 2019 12:57:08 GMT+0100 (CET);1573217828000;0.42;81.41
1380556890909648;12.4;35;Fri Nov 08 2019 13:59:03 GMT+0100 (CET);Fri Nov 08 2019 12:59:03 GMT+0100 (CET);1573217943000;0.34;66.42
1380556890909648;12.4;34.9;Fri Nov 08 2019 14:01:02 GMT+0100 (CET);Fri Nov 08 2019 13:01:02 GMT+0100 (CET);1573218062000;0.29;57.94
1380556890909648;12.9;34.3;Fri Nov 08 2019 14:02:54 GMT+0100 (CET);Fri Nov 08 2019 13:02:54 GMT+0100 (CET);1573218174000;0.27;52.65
1380556890909648;12.9;33.5;Fri Nov 08 2019 14:04:52 GMT+0100 (CET);Fri Nov 08 2019 13:04:52 GMT+0100 (CET);1573218292000;0.27;50.96
1380556890909648;12.4;33.4;Fri Nov 08 2019 14:07:26 GMT+0100 (CET);Fri Nov 08 2019 13:07:26 GMT+0100 (CET);1573218446000;0.27;53.27
1380556890909648;12.4;33.4;Fri Nov 08 2019 14:09:34 GMT+0100 (CET);Fri Nov 08 2019 13:09:34 GMT+0100 (CET);1573218574000;0.29;57.89
1380556890909648;12.4;33.8;Fri Nov 08 2019 14:13:26 GMT+0100 (CET);Fri Nov 08 2019 13:13:26 GMT+0100 (CET);1573218806000;0.35;69.65
1380556890909648;12.4;33.8;Fri Nov 08 2019 14:16:02 GMT+0100 (CET);Fri Nov 08 2019 13:16:02 GMT+0100 (CET);1573218962000;0.33;67.16
1380556890909648;12.4;33.6;Fri Nov 08 2019 14:21:04 GMT+0100 (CET);Fri Nov 08 2019 13:21:04 GMT+0100 (CET);1573219264000;0.25;49.44
1380556890909648;12.4;33.3;Fri Nov 08 2019 14:23:38 GMT+0100 (CET);Fri Nov 08 2019 13:23:38 GMT+0100 (CET);1573219418000;0.23;44.98
1380556890909648;8.4;31.8;Sat Nov 09 2019 10:25:59 GMT+0100 (CET);Sat Nov 09 2019 09:25:59 GMT+0100 (CET);1573291559000;0.1;19.18
1380556890909648;8.9;33.4;Sat Nov 09 2019 10:48:33 GMT+0100 (CET);Sat Nov 09 2019 09:48:33 GMT+0100 (CET);1573292913000;0.26;51.28
1380556890909648;8.9;33.3;Sat Nov 09 2019 11:01:47 GMT+0100 (CET);Sat Nov 09 2019 10:01:47 GMT+0100 (CET);1573293707000;0.2;42.03
1380556890909648;9.9;34.2;Sat Nov 09 2019 11:19:26 GMT+0100 (CET);Sat Nov 09 2019 10:19:26 GMT+0100 (CET);1573294766000;0.36;107.69
1380556890909648;9.9;34.5;Sat Nov 09 2019 11:22:18 GMT+0100 (CET);Sat Nov 09 2019 10:22:18 GMT+0100 (CET);1573294938000;0.54;110.84
1380556890909648;9.9;35.5;Sat Nov 09 2019 11:24:11 GMT+0100 (CET);Sat Nov 09 2019 10:24:11 GMT+0100 (CET);1573295051000;0.59;116.48
1380556890909648;12.4;34.6;Sat Nov 09 2019 11:36:25 GMT+0100 (CET);Sat Nov 09 2019 10:36:25 GMT+0100 (CET);1573295785000;0.45;153.15
1380556890909648;12.4;34;Sat Nov 09 2019 11:42:40 GMT+0100 (CET);Sat Nov 09 2019 10:42:40 GMT+0100 (CET);1573296160000;0.32;422.39
1380556890909648;14.4;36.6;Sat Nov 09 2019 11:56:48 GMT+0100 (CET);Sat Nov 09 2019 10:56:48 GMT+0100 (CET);1573297008000;3.1;754.43
1380556890909648;14.4;35.9;Sat Nov 09 2019 11:58:41 GMT+0100 (CET);Sat Nov 09 2019 10:58:41 GMT+0100 (CET);1573297121000;1.11;252.41
1380556890909648;16.4;36.4;Sat Nov 09 2019 12:02:38 GMT+0100 (CET);Sat Nov 09 2019 11:02:38 GMT+0100 (CET);1573297358000;2.85;537.59
1380556890909648;19;34.5;Sat Nov 09 2019 12:17:55 GMT+0100 (CET);Sat Nov 09 2019 11:17:55 GMT+0100 (CET);1573298275000;0.88;196.93
1380556890909648;20.5;34.1;Sat Nov 09 2019 12:21:48 GMT+0100 (CET);Sat Nov 09 2019 11:21:48 GMT+0100 (CET);1573298508000;0.65;139.19
1380556890909648;19;34.5;Sat Nov 09 2019 12:23:43 GMT+0100 (CET);Sat Nov 09 2019 11:23:43 GMT+0100 (CET);1573298623000;0.82;183.52
1380556890909648;19;35.6;Sat Nov 09 2019 12:25:36 GMT+0100 (CET);Sat Nov 09 2019 11:25:36 GMT+0100 (CET);1573298736000;1.21;281.01
1380556890909648;19;35.9;Sat Nov 09 2019 12:27:29 GMT+0100 (CET);Sat Nov 09 2019 11:27:29 GMT+0100 (CET);1573298849000;1.05;232.54
1380556890909648;19;35.8;Sat Nov 09 2019 12:29:25 GMT+0100 (CET);Sat Nov 09 2019 11:29:25 GMT+0100 (CET);1573298965000;1.13;250.07
1380556890909648;19;35.8;Sat Nov 09 2019 12:31:59 GMT+0100 (CET);Sat Nov 09 2019 11:31:59 GMT+0100 (CET);1573299119000;1.09;240.83
1380556890909648;18.5;35.8;Sat Nov 09 2019 12:33:52 GMT+0100 (CET);Sat Nov 09 2019 11:33:52 GMT+0100 (CET);1573299232000;1.18;282.03
1380556890909648;18.5;36;Sat Nov 09 2019 12:35:57 GMT+0100 (CET);Sat Nov 09 2019 11:35:57 GMT+0100 (CET);1573299357000;1;215.82
1380556890909648;18.5;35.5;Sat Nov 09 2019 12:38:12 GMT+0100 (CET);Sat Nov 09 2019 11:38:12 GMT+0100 (CET);1573299492000;0.95;209.51
1380556890909648;18.5;35.5;Sat Nov 09 2019 12:40:08 GMT+0100 (CET);Sat Nov 09 2019 11:40:08 GMT+0100 (CET);1573299608000;0.99;214.76
1380556890909648;18.5;35.4;Sat Nov 09 2019 12:42:19 GMT+0100 (CET);Sat Nov 09 2019 11:42:19 GMT+0100 (CET);1573299739000;0.98;210.5
1380556890909648;18.5;35.1;Sat Nov 09 2019 12:45:03 GMT+0100 (CET);Sat Nov 09 2019 11:45:03 GMT+0100 (CET);1573299903000;0.73;156.56
1380556890909648;18.5;34.4;Sat Nov 09 2019 12:47:29 GMT+0100 (CET);Sat Nov 09 2019 11:47:29 GMT+0100 (CET);1573300049000;0.61;135.63
1380556890909648;18.5;34;Sat Nov 09 2019 12:49:32 GMT+0100 (CET);Sat Nov 09 2019 11:49:32 GMT+0100 (CET);1573300172000;0.46;98.82
1380556890909648;16.4;33.8;Sat Nov 09 2019 12:51:33 GMT+0100 (CET);Sat Nov 09 2019 11:51:33 GMT+0100 (CET);1573300293000;0.32;70.06
1380556890909648;16.4;33.3;Sat Nov 09 2019 12:53:26 GMT+0100 (CET);Sat Nov 09 2019 11:53:26 GMT+0100 (CET);1573300406000;0.31;67.52
1380556890909648;16.4;33.3;Sat Nov 09 2019 12:55:18 GMT+0100 (CET);Sat Nov 09 2019 11:55:18 GMT+0100 (CET);1573300518000;0.35;74.73
1380556890909648;16.4;33.6;Sat Nov 09 2019 12:57:11 GMT+0100 (CET);Sat Nov 09 2019 11:57:11 GMT+0100 (CET);1573300631000;0.32;68.73
1380556890909648;16.4;33.6;Sat Nov 09 2019 12:59:04 GMT+0100 (CET);Sat Nov 09 2019 11:59:04 GMT+0100 (CET);1573300744000;0.28;59.93
1380556890909648;16.4;33.7;Sat Nov 09 2019 13:00:57 GMT+0100 (CET);Sat Nov 09 2019 12:00:57 GMT+0100 (CET);1573300857000;0.26;55.72
1380556890909648;14.9;33.8;Sat Nov 09 2019 13:02:52 GMT+0100 (CET);Sat Nov 09 2019 12:02:52 GMT+0100 (CET);1573300972000;0.32;69.99
1380556890909648;14.9;34.5;Sat Nov 09 2019 13:04:45 GMT+0100 (CET);Sat Nov 09 2019 12:04:45 GMT+0100 (CET);1573301085000;0.57;129.52
1380556890909648;14.9;35.6;Sat Nov 09 2019 13:06:39 GMT+0100 (CET);Sat Nov 09 2019 12:06:39 GMT+0100 (CET);1573301199000;0.97;209.01
1380556890909648;14.9;36.2;Sat Nov 09 2019 13:08:31 GMT+0100 (CET);Sat Nov 09 2019 12:08:31 GMT+0100 (CET);1573301311000;2.16;555.51
1380556890909648;14.9;36.3;Sat Nov 09 2019 13:10:25 GMT+0100 (CET);Sat Nov 09 2019 12:10:25 GMT+0100 (CET);1573301425000;1.1;260.76
1380556890909648;16.4;35.3;Sat Nov 09 2019 13:12:18 GMT+0100 (CET);Sat Nov 09 2019 12:12:18 GMT+0100 (CET);1573301538000;0.67;146.56
1380556890909648;16.4;35.1;Sat Nov 09 2019 13:14:12 GMT+0100 (CET);Sat Nov 09 2019 12:14:12 GMT+0100 (CET);1573301652000;0.5;108.61
1380556890909648;16.4;34.5;Sat Nov 09 2019 13:16:06 GMT+0100 (CET);Sat Nov 09 2019 12:16:06 GMT+0100 (CET);1573301766000;0.45;95.33
1380556890909648;16.4;34.3;Sat Nov 09 2019 13:18:04 GMT+0100 (CET);Sat Nov 09 2019 12:18:04 GMT+0100 (CET);1573301884000;0.44;94.72
1380556890909648;16.4;34.3;Sat Nov 09 2019 13:19:58 GMT+0100 (CET);Sat Nov 09 2019 12:19:58 GMT+0100 (CET);1573301998000;0.47;100.39
1380556890909648;16.4;34.3;Sat Nov 09 2019 13:21:52 GMT+0100 (CET);Sat Nov 09 2019 12:21:52 GMT+0100 (CET);1573302112000;0.47;97.25
1380556890909648;16.4;34.1;Sat Nov 09 2019 13:23:46 GMT+0100 (CET);Sat Nov 09 2019 12:23:46 GMT+0100 (CET);1573302226000;0.42;86.32
1380556890909648;16.4;34;Sat Nov 09 2019 13:25:46 GMT+0100 (CET);Sat Nov 09 2019 12:25:46 GMT+0100 (CET);1573302346000;0.32;65.33
1380556890909648;16.4;33.4;Sat Nov 09 2019 13:27:45 GMT+0100 (CET);Sat Nov 09 2019 12:27:45 GMT+0100 (CET);1573302465000;0.3;62.35
1380556890909648;14.9;33.4;Sat Nov 09 2019 13:29:45 GMT+0100 (CET);Sat Nov 09 2019 12:29:45 GMT+0100 (CET);1573302585000;0.3;61.89
1380556890909648;14.9;33.5;Sat Nov 09 2019 13:31:47 GMT+0100 (CET);Sat Nov 09 2019 12:31:47 GMT+0100 (CET);1573302707000;0.3;64.11
1380556890909648;14.4;33.6;Sat Nov 09 2019 13:33:46 GMT+0100 (CET);Sat Nov 09 2019 12:33:46 GMT+0100 (CET);1573302826000;0.3;63.88
1380556890909648;14.4;33.6;Sat Nov 09 2019 13:35:41 GMT+0100 (CET);Sat Nov 09 2019 12:35:41 GMT+0100 (CET);1573302941000;0.28;59.62
1380556890909648;14.4;33.5;Sat Nov 09 2019 13:37:34 GMT+0100 (CET);Sat Nov 09 2019 12:37:34 GMT+0100 (CET);1573303054000;0.24;51.66
1380556890909648;14.4;33.2;Sat Nov 09 2019 13:39:27 GMT+0100 (CET);Sat Nov 09 2019 12:39:27 GMT+0100 (CET);1573303167000;0.27;59.52
1380556890909648;14.4;33.4;Sat Nov 09 2019 13:41:29 GMT+0100 (CET);Sat Nov 09 2019 12:41:29 GMT+0100 (CET);1573303289000;0.32;69.49
1380556890909648;12.9;33.8;Sat Nov 09 2019 13:43:22 GMT+0100 (CET);Sat Nov 09 2019 12:43:22 GMT+0100 (CET);1573303402000;0.26;58.12
1380556890909648;12.9;33.9;Sat Nov 09 2019 13:45:16 GMT+0100 (CET);Sat Nov 09 2019 12:45:16 GMT+0100 (CET);1573303516000;0.21;46.96
1380556890909648;12.9;34;Sat Nov 09 2019 13:47:08 GMT+0100 (CET);Sat Nov 09 2019 12:47:08 GMT+0100 (CET);1573303628000;0.18;41.85
1380556890909648;12.9;34.1;Sat Nov 09 2019 13:49:01 GMT+0100 (CET);Sat Nov 09 2019 12:49:01 GMT+0100 (CET);1573303741000;0.24;53.03
1380556890909648;12.9;34.3;Sat Nov 09 2019 13:50:57 GMT+0100 (CET);Sat Nov 09 2019 12:50:57 GMT+0100 (CET);1573303857000;0.43;92.34
1380556890909648;12.9;34.5;Sat Nov 09 2019 13:52:50 GMT+0100 (CET);Sat Nov 09 2019 12:52:50 GMT+0100 (CET);1573303970000;0.57;118.54
1380556890909648;12.9;35.3;Sat Nov 09 2019 13:54:44 GMT+0100 (CET);Sat Nov 09 2019 12:54:44 GMT+0100 (CET);1573304084000;0.79;175.03
1380556890909648;12.9;36;Sat Nov 09 2019 13:56:37 GMT+0100 (CET);Sat Nov 09 2019 12:56:37 GMT+0100 (CET);1573304197000;0.77;169.78
1380556890909648;14.4;35.9;Sat Nov 09 2019 13:58:30 GMT+0100 (CET);Sat Nov 09 2019 12:58:30 GMT+0100 (CET);1573304310000;0.76;168.16
1380556890909648;14.4;35.7;Sat Nov 09 2019 14:00:23 GMT+0100 (CET);Sat Nov 09 2019 13:00:23 GMT+0100 (CET);1573304423000;0.71;159.13
1380556890909648;14.4;35.6;Sat Nov 09 2019 14:02:16 GMT+0100 (CET);Sat Nov 09 2019 13:02:16 GMT+0100 (CET);1573304536000;0.67;148.15
1380556890909648;14.4;35.4;Sat Nov 09 2019 14:04:09 GMT+0100 (CET);Sat Nov 09 2019 13:04:09 GMT+0100 (CET);1573304649000;0.63;138.82
1380556890909648;14.4;35.3;Sat Nov 09 2019 14:06:08 GMT+0100 (CET);Sat Nov 09 2019 13:06:08 GMT+0100 (CET);1573304768000;0.67;147.3
1380556890909648;14.9;35.3;Sat Nov 09 2019 14:08:00 GMT+0100 (CET);Sat Nov 09 2019 13:08:00 GMT+0100 (CET);1573304880000;0.67;146.65
1380556890909648;14.9;35.1;Sat Nov 09 2019 14:09:54 GMT+0100 (CET);Sat Nov 09 2019 13:09:54 GMT+0100 (CET);1573304994000;0.61;131.72
1380556890909648;14.9;34.7;Sat Nov 09 2019 14:11:47 GMT+0100 (CET);Sat Nov 09 2019 13:11:47 GMT+0100 (CET);1573305107000;0.56;120.39
1380556890909648;14.9;34.6;Sat Nov 09 2019 14:13:41 GMT+0100 (CET);Sat Nov 09 2019 13:13:41 GMT+0100 (CET);1573305221000;0.48;107.28
1380556890909648;14.9;34.6;Sat Nov 09 2019 14:15:40 GMT+0100 (CET);Sat Nov 09 2019 13:15:40 GMT+0100 (CET);1573305340000;0.4;90.25
1380556890909648;14.4;34.5;Sat Nov 09 2019 14:17:32 GMT+0100 (CET);Sat Nov 09 2019 13:17:32 GMT+0100 (CET);1573305452000;0.42;92.14
1380556890909648;14.4;34.5;Sat Nov 09 2019 14:19:26 GMT+0100 (CET);Sat Nov 09 2019 13:19:26 GMT+0100 (CET);1573305566000;0.38;84.59
1380556890909648;14.9;34.5;Sat Nov 09 2019 14:21:31 GMT+0100 (CET);Sat Nov 09 2019 13:21:31 GMT+0100 (CET);1573305691000;0.33;74.52
1380556890909648;14.9;34.4;Sat Nov 09 2019 14:23:24 GMT+0100 (CET);Sat Nov 09 2019 13:23:24 GMT+0100 (CET);1573305804000;0.33;73.87
1380556890909648;14.9;34.6;Sat Nov 09 2019 14:25:17 GMT+0100 (CET);Sat Nov 09 2019 13:25:17 GMT+0100 (CET);1573305917000;0.51;113.93
1380556890909648;14.4;34.9;Sat Nov 09 2019 14:27:11 GMT+0100 (CET);Sat Nov 09 2019 13:27:11 GMT+0100 (CET);1573306031000;0.63;142.17
1380556890909648;14.4;36.2;Sat Nov 09 2019 14:29:05 GMT+0100 (CET);Sat Nov 09 2019 13:29:05 GMT+0100 (CET);1573306145000;0.82;186.98
1380556890909648;14.9;36.2;Sat Nov 09 2019 14:30:58 GMT+0100 (CET);Sat Nov 09 2019 13:30:58 GMT+0100 (CET);1573306258000;0.8;179.98
1380556890909648;14.9;36.2;Sat Nov 09 2019 14:32:51 GMT+0100 (CET);Sat Nov 09 2019 13:32:51 GMT+0100 (CET);1573306371000;0.76;174.27
1380556890909648;14.9;36.2;Sat Nov 09 2019 14:34:45 GMT+0100 (CET);Sat Nov 09 2019 13:34:45 GMT+0100 (CET);1573306485000;0.76;183.28
1380556890909648;16.4;36.9;Sat Nov 09 2019 14:37:08 GMT+0100 (CET);Sat Nov 09 2019 13:37:08 GMT+0100 (CET);1573306628000;1.67;404.47
1380556890909648;16.4;36.7;Sat Nov 09 2019 14:39:01 GMT+0100 (CET);Sat Nov 09 2019 13:39:01 GMT+0100 (CET);1573306741000;1.01;200.19
1380556890909648;16.4;35.6;Sat Nov 09 2019 14:40:54 GMT+0100 (CET);Sat Nov 09 2019 13:40:54 GMT+0100 (CET);1573306854000;0.49;111.27
1380556890909648;16.4;34.9;Sat Nov 09 2019 14:42:49 GMT+0100 (CET);Sat Nov 09 2019 13:42:49 GMT+0100 (CET);1573306969000;0.43;94.98
1380556890909648;16.4;34.8;Sat Nov 09 2019 14:44:47 GMT+0100 (CET);Sat Nov 09 2019 13:44:47 GMT+0100 (CET);1573307087000;0.4;88.89
1380556890909648;16.4;34.7;Sat Nov 09 2019 14:46:40 GMT+0100 (CET);Sat Nov 09 2019 13:46:40 GMT+0100 (CET);1573307200000;0.41;92.39
1380556890909648;16.4;34.9;Sat Nov 09 2019 14:48:32 GMT+0100 (CET);Sat Nov 09 2019 13:48:32 GMT+0100 (CET);1573307312000;0.48;107.26
1380556890909648;16.4;34.9;Sat Nov 09 2019 14:50:25 GMT+0100 (CET);Sat Nov 09 2019 13:50:25 GMT+0100 (CET);1573307425000;0.53;118.35
1380556890909648;16.4;35.6;Sat Nov 09 2019 14:52:36 GMT+0100 (CET);Sat Nov 09 2019 13:52:36 GMT+0100 (CET);1573307556000;0.57;125.02
1380556890909648;16.4;35.1;Sat Nov 09 2019 14:54:29 GMT+0100 (CET);Sat Nov 09 2019 13:54:29 GMT+0100 (CET);1573307669000;0.55;119.92
1380556890909648;16.4;34.9;Sat Nov 09 2019 14:56:31 GMT+0100 (CET);Sat Nov 09 2019 13:56:31 GMT+0100 (CET);1573307791000;0.48;104.04
1380556890909648;16.4;34.5;Sat Nov 09 2019 14:58:24 GMT+0100 (CET);Sat Nov 09 2019 13:58:24 GMT+0100 (CET);1573307904000;0.41;90.55
1380556890909648;14.9;34.4;Sat Nov 09 2019 15:00:17 GMT+0100 (CET);Sat Nov 09 2019 14:00:17 GMT+0100 (CET);1573308017000;0.37;80.53
1380556890909648;14.9;34.2;Sat Nov 09 2019 15:02:09 GMT+0100 (CET);Sat Nov 09 2019 14:02:09 GMT+0100 (CET);1573308129000;0.33;70.87
1380556890909648;14.4;34.1;Sat Nov 09 2019 15:04:12 GMT+0100 (CET);Sat Nov 09 2019 14:04:12 GMT+0100 (CET);1573308252000;0.28;62.33
1380556890909648;14.4;33.5;Sat Nov 09 2019 15:06:05 GMT+0100 (CET);Sat Nov 09 2019 14:06:05 GMT+0100 (CET);1573308365000;0.3;64.17
1380556890909648;14.4;33.6;Sat Nov 09 2019 15:08:01 GMT+0100 (CET);Sat Nov 09 2019 14:08:01 GMT+0100 (CET);1573308481000;0.35;74.82
1380556890909648;14.4;33.8;Sat Nov 09 2019 15:09:55 GMT+0100 (CET);Sat Nov 09 2019 14:09:55 GMT+0100 (CET);1573308595000;0.34;72.18
1380556890909648;14.4;33.7;Sat Nov 09 2019 15:11:48 GMT+0100 (CET);Sat Nov 09 2019 14:11:48 GMT+0100 (CET);1573308708000;0.28;61.94
1380556890909648;14.4;33.6;Sat Nov 09 2019 15:13:42 GMT+0100 (CET);Sat Nov 09 2019 14:13:42 GMT+0100 (CET);1573308822000;0.24;52.89
1380556890909648;14.4;33.6;Sat Nov 09 2019 15:15:42 GMT+0100 (CET);Sat Nov 09 2019 14:15:42 GMT+0100 (CET);1573308942000;0.23;50.48
1380556890909648;12.9;33.2;Sat Nov 09 2019 15:17:38 GMT+0100 (CET);Sat Nov 09 2019 14:17:38 GMT+0100 (CET);1573309058000;0.23;50.22
1380556890909648;12.9;33.3;Sat Nov 09 2019 15:19:31 GMT+0100 (CET);Sat Nov 09 2019 14:19:31 GMT+0100 (CET);1573309171000;0.24;52.53
1380556890909648;12.9;33.4;Sat Nov 09 2019 15:21:34 GMT+0100 (CET);Sat Nov 09 2019 14:21:34 GMT+0100 (CET);1573309294000;0.23;52.26
1380556890909648;12.4;33.4;Sat Nov 09 2019 15:23:28 GMT+0100 (CET);Sat Nov 09 2019 14:23:28 GMT+0100 (CET);1573309408000;0.23;51.79
1380556890909648;12.4;34.3;Sat Nov 09 2019 15:25:22 GMT+0100 (CET);Sat Nov 09 2019 14:25:22 GMT+0100 (CET);1573309522000;0.23;53.28
1380556890909648;12.4;33.8;Sat Nov 09 2019 15:27:17 GMT+0100 (CET);Sat Nov 09 2019 14:27:17 GMT+0100 (CET);1573309637000;0.23;50.95
1380556890909648;12.4;36.3;Sat Nov 09 2019 15:29:10 GMT+0100 (CET);Sat Nov 09 2019 14:29:10 GMT+0100 (CET);1573309750000;0.25;60.58
1380556890909648;12.4;37.2;Sat Nov 09 2019 15:31:03 GMT+0100 (CET);Sat Nov 09 2019 14:31:03 GMT+0100 (CET);1573309863000;0.71;200.15
1380556890909648;14.4;37.1;Sat Nov 09 2019 15:32:57 GMT+0100 (CET);Sat Nov 09 2019 14:32:57 GMT+0100 (CET);1573309977000;0.77;201.3
1380556890909648;14.4;37.5;Sat Nov 09 2019 15:34:49 GMT+0100 (CET);Sat Nov 09 2019 14:34:49 GMT+0100 (CET);1573310089000;0.81;122.22
1380556890909648;14.4;37.1;Sat Nov 09 2019 15:36:42 GMT+0100 (CET);Sat Nov 09 2019 14:36:42 GMT+0100 (CET);1573310202000;0.76;101.92
1380556890909648;14.4;36.4;Sat Nov 09 2019 15:39:01 GMT+0100 (CET);Sat Nov 09 2019 14:39:01 GMT+0100 (CET);1573310341000;0.55;68.19
1380556890909648;14.9;36;Sat Nov 09 2019 15:40:54 GMT+0100 (CET);Sat Nov 09 2019 14:40:54 GMT+0100 (CET);1573310454000;0.36;65.63
1380556890909648;14.9;33.8;Sat Nov 09 2019 15:42:47 GMT+0100 (CET);Sat Nov 09 2019 14:42:47 GMT+0100 (CET);1573310567000;0.48;64.5
1380556890909648;14.9;37.8;Sat Nov 09 2019 15:44:40 GMT+0100 (CET);Sat Nov 09 2019 14:44:40 GMT+0100 (CET);1573310680000;0.39;81.25
1380556890909648;16.4;36.2;Sat Nov 09 2019 15:46:45 GMT+0100 (CET);Sat Nov 09 2019 14:46:45 GMT+0100 (CET);1573310805000;0.36;108.79
1380556890909648;16.4;39.3;Sat Nov 09 2019 15:48:38 GMT+0100 (CET);Sat Nov 09 2019 14:48:38 GMT+0100 (CET);1573310918000;0.37;76.98
1380556890909648;16.4;39.4;Sat Nov 09 2019 15:50:30 GMT+0100 (CET);Sat Nov 09 2019 14:50:30 GMT+0100 (CET);1573311030000;0.33;67.93
1380556890909648;16.4;38.9;Sat Nov 09 2019 15:52:24 GMT+0100 (CET);Sat Nov 09 2019 14:52:24 GMT+0100 (CET);1573311144000;0.25;54.7
1380556890909648;16.4;34.2;Sat Nov 09 2019 15:54:27 GMT+0100 (CET);Sat Nov 09 2019 14:54:27 GMT+0100 (CET);1573311267000;0.25;55.94
1380556890909648;14.9;34.5;Sat Nov 09 2019 15:56:21 GMT+0100 (CET);Sat Nov 09 2019 14:56:21 GMT+0100 (CET);1573311381000;0.26;56.34
1380556890909648;14.9;34;Sat Nov 09 2019 15:58:13 GMT+0100 (CET);Sat Nov 09 2019 14:58:13 GMT+0100 (CET);1573311493000;0.24;52.35
1380556890909648;14.4;34.2;Sat Nov 09 2019 16:00:07 GMT+0100 (CET);Sat Nov 09 2019 15:00:07 GMT+0100 (CET);1573311607000;0.22;48.07
1380556890909648;14.4;33.9;Sat Nov 09 2019 16:02:07 GMT+0100 (CET);Sat Nov 09 2019 15:02:07 GMT+0100 (CET);1573311727000;0.2;43.29
1380556890909648;14.4;33.8;Sat Nov 09 2019 16:04:00 GMT+0100 (CET);Sat Nov 09 2019 15:04:00 GMT+0100 (CET);1573311840000;0.17;36.64
1380556890909648;12.9;33.8;Sat Nov 09 2019 16:05:54 GMT+0100 (CET);Sat Nov 09 2019 15:05:54 GMT+0100 (CET);1573311954000;0.16;35.28
1380556890909648;12.9;33.1;Sat Nov 09 2019 16:07:46 GMT+0100 (CET);Sat Nov 09 2019 15:07:46 GMT+0100 (CET);1573312066000;0.16;36.77
1380556890909648;12.4;33.1;Sat Nov 09 2019 16:09:52 GMT+0100 (CET);Sat Nov 09 2019 15:09:52 GMT+0100 (CET);1573312192000;0.16;34.96
1380556890909648;12.4;32.9;Sat Nov 09 2019 16:11:45 GMT+0100 (CET);Sat Nov 09 2019 15:11:45 GMT+0100 (CET);1573312305000;0.15;34.1
1380556890909648;12.4;32.8;Sat Nov 09 2019 16:13:38 GMT+0100 (CET);Sat Nov 09 2019 15:13:38 GMT+0100 (CET);1573312418000;0.16;34.28
1380556890909648;12.4;32.8;Sat Nov 09 2019 16:15:32 GMT+0100 (CET);Sat Nov 09 2019 15:15:32 GMT+0100 (CET);1573312532000;0.12;28
1380556890909648;12.4;32.8;Sat Nov 09 2019 16:17:34 GMT+0100 (CET);Sat Nov 09 2019 15:17:34 GMT+0100 (CET);1573312654000;0.1;22.12
1380556890909648;12.4;32.3;Sat Nov 09 2019 16:19:26 GMT+0100 (CET);Sat Nov 09 2019 15:19:26 GMT+0100 (CET);1573312766000;0.09;19.31
1380556890909648;12.4;31.7;Sat Nov 09 2019 16:21:19 GMT+0100 (CET);Sat Nov 09 2019 15:21:19 GMT+0100 (CET);1573312879000;0.1;20.98
1380556890909648;12.4;31.7;Sat Nov 09 2019 16:23:11 GMT+0100 (CET);Sat Nov 09 2019 15:23:11 GMT+0100 (CET);1573312991000;0.09;18.62
1380556890909648;12.4;31.5;Sat Nov 09 2019 16:25:06 GMT+0100 (CET);Sat Nov 09 2019 15:25:06 GMT+0100 (CET);1573313106000;0.07;15.08
1380556890909648;12.4;31.2;Sat Nov 09 2019 16:26:59 GMT+0100 (CET);Sat Nov 09 2019 15:26:59 GMT+0100 (CET);1573313219000;0.06;13.18
1380556890909648;8.9;30.8;Sat Nov 09 2019 16:28:53 GMT+0100 (CET);Sat Nov 09 2019 15:28:53 GMT+0100 (CET);1573313333000;0;11.09
1380556890909648;8.9;29.9;Sat Nov 09 2019 16:30:47 GMT+0100 (CET);Sat Nov 09 2019 15:30:47 GMT+0100 (CET);1573313447000;0;10.08
1380556890909648;8.9;29.8;Sat Nov 09 2019 16:32:40 GMT+0100 (CET);Sat Nov 09 2019 15:32:40 GMT+0100 (CET);1573313560000;0;7.3
1380556890909648;8.9;29.5;Sat Nov 09 2019 16:34:33 GMT+0100 (CET);Sat Nov 09 2019 15:34:33 GMT+0100 (CET);1573313673000;0;5.67
1380556890909648;8.9;29;Sat Nov 09 2019 16:36:34 GMT+0100 (CET);Sat Nov 09 2019 15:36:34 GMT+0100 (CET);1573313794000;0;5.05
1380556890909648;8.9;31.3;Sat Nov 09 2019 16:38:27 GMT+0100 (CET);Sat Nov 09 2019 15:38:27 GMT+0100 (CET);1573313907000;0;4.47
1380556890909648;8.9;33.4;Sat Nov 09 2019 16:40:19 GMT+0100 (CET);Sat Nov 09 2019 15:40:19 GMT+0100 (CET);1573314019000;0;3.51
1380556890909648;8.9;30.3;Sat Nov 09 2019 16:42:12 GMT+0100 (CET);Sat Nov 09 2019 15:42:12 GMT+0100 (CET);1573314132000;0;2.64
1380556890909648;8.9;31.7;Sat Nov 09 2019 16:44:05 GMT+0100 (CET);Sat Nov 09 2019 15:44:05 GMT+0100 (CET);1573314245000;0;2.04
1380556890909648;8.9;30.7;Sat Nov 09 2019 16:45:58 GMT+0100 (CET);Sat Nov 09 2019 15:45:58 GMT+0100 (CET);1573314358000;0;0.89
1380556890909648;8.9;28.4;Sat Nov 09 2019 16:47:50 GMT+0100 (CET);Sat Nov 09 2019 15:47:50 GMT+0100 (CET);1573314470000;0;0.79
1380556890909648;6.4;25.4;Sat Nov 09 2019 16:49:43 GMT+0100 (CET);Sat Nov 09 2019 15:49:43 GMT+0100 (CET);1573314583000;0;0.79
1380556890909648;6.4;21.5;Sat Nov 09 2019 16:51:36 GMT+0100 (CET);Sat Nov 09 2019 15:51:36 GMT+0100 (CET);1573314696000;0;0.51
1380556890909648;6.4;21.5;Sat Nov 09 2019 16:53:28 GMT+0100 (CET);Sat Nov 09 2019 15:53:28 GMT+0100 (CET);1573314808000;0;-0.01
1380556890909648;6.4;21.5;Sat Nov 09 2019 16:55:21 GMT+0100 (CET);Sat Nov 09 2019 15:55:21 GMT+0100 (CET);1573314921000;0;-0.01
1380556890909648;-1.2;32.2;Sun Nov 10 2019 07:30:13 GMT+0100 (CET);Sun Nov 10 2019 06:30:13 GMT+0100 (CET);1573367413000;0;5.27
1380556890909648;-1.2;32.8;Sun Nov 10 2019 07:32:06 GMT+0100 (CET);Sun Nov 10 2019 06:32:06 GMT+0100 (CET);1573367526000;0;6.16
1380556890909648;2.8;32.8;Sun Nov 10 2019 07:34:04 GMT+0100 (CET);Sun Nov 10 2019 06:34:04 GMT+0100 (CET);1573367644000;0;6.69
1380556890909648;2.8;34.6;Sun Nov 10 2019 07:36:00 GMT+0100 (CET);Sun Nov 10 2019 06:36:00 GMT+0100 (CET);1573367760000;0;7.76
1380556890909648;2.8;35.5;Sun Nov 10 2019 07:37:53 GMT+0100 (CET);Sun Nov 10 2019 06:37:53 GMT+0100 (CET);1573367873000;0;8.9
1380556890909648;4.4;30.1;Sun Nov 10 2019 07:39:49 GMT+0100 (CET);Sun Nov 10 2019 06:39:49 GMT+0100 (CET);1573367989000;0;9.02
1380556890909648;4.4;28.7;Sun Nov 10 2019 07:41:43 GMT+0100 (CET);Sun Nov 10 2019 06:41:43 GMT+0100 (CET);1573368103000;0;9.88
1380556890909648;1.8;28.7;Sun Nov 10 2019 07:43:50 GMT+0100 (CET);Sun Nov 10 2019 06:43:50 GMT+0100 (CET);1573368230000;0;11.09
1380556890909648;1.8;29.3;Sun Nov 10 2019 07:45:42 GMT+0100 (CET);Sun Nov 10 2019 06:45:42 GMT+0100 (CET);1573368342000;0;11.15
1380556890909648;1.8;29.1;Sun Nov 10 2019 07:47:47 GMT+0100 (CET);Sun Nov 10 2019 06:47:47 GMT+0100 (CET);1573368467000;0;12.1
1380556890909648;1.8;29.6;Sun Nov 10 2019 07:49:40 GMT+0100 (CET);Sun Nov 10 2019 06:49:40 GMT+0100 (CET);1573368580000;0;13.25
1380556890909648;1.8;29.6;Sun Nov 10 2019 07:51:32 GMT+0100 (CET);Sun Nov 10 2019 06:51:32 GMT+0100 (CET);1573368692000;0.07;15.56
1380556890909648;2.3;30.2;Sun Nov 10 2019 07:53:25 GMT+0100 (CET);Sun Nov 10 2019 06:53:25 GMT+0100 (CET);1573368805000;0.06;14.99
1380556890909648;2.3;30.7;Sun Nov 10 2019 07:55:29 GMT+0100 (CET);Sun Nov 10 2019 06:55:29 GMT+0100 (CET);1573368929000;0.07;16.56
1380556890909648;2.8;30.9;Sun Nov 10 2019 07:57:25 GMT+0100 (CET);Sun Nov 10 2019 06:57:25 GMT+0100 (CET);1573369045000;0.08;18.31
1380556890909648;2.8;31.6;Sun Nov 10 2019 07:59:19 GMT+0100 (CET);Sun Nov 10 2019 06:59:19 GMT+0100 (CET);1573369159000;0.08;18.37
1380556890909648;2.8;31.6;Sun Nov 10 2019 08:01:12 GMT+0100 (CET);Sun Nov 10 2019 07:01:12 GMT+0100 (CET);1573369272000;0.09;19.88
1380556890909648;4.4;31.9;Sun Nov 10 2019 08:03:22 GMT+0100 (CET);Sun Nov 10 2019 07:03:22 GMT+0100 (CET);1573369402000;0.09;20.04
1380556890909648;4.4;31.9;Sun Nov 10 2019 08:05:14 GMT+0100 (CET);Sun Nov 10 2019 07:05:14 GMT+0100 (CET);1573369514000;0.09;21.14
1380556890909648;4.4;32.4;Sun Nov 10 2019 08:07:15 GMT+0100 (CET);Sun Nov 10 2019 07:07:15 GMT+0100 (CET);1573369635000;0.1;21.13
1380556890909648;4.4;32.2;Sun Nov 10 2019 08:09:08 GMT+0100 (CET);Sun Nov 10 2019 07:09:08 GMT+0100 (CET);1573369748000;0.1;21.61
1380556890909648;4.4;31.9;Sun Nov 10 2019 08:11:09 GMT+0100 (CET);Sun Nov 10 2019 07:11:09 GMT+0100 (CET);1573369869000;0.11;25.14
1380556890909648;4.4;32.5;Sun Nov 10 2019 08:13:02 GMT+0100 (CET);Sun Nov 10 2019 07:13:02 GMT+0100 (CET);1573369982000;0.11;24.62
1380556890909648;4.4;32.5;Sun Nov 10 2019 08:14:55 GMT+0100 (CET);Sun Nov 10 2019 07:14:55 GMT+0100 (CET);1573370095000;0.12;27.93
1380556890909648;4.4;32.8;Sun Nov 10 2019 08:16:48 GMT+0100 (CET);Sun Nov 10 2019 07:16:48 GMT+0100 (CET);1573370208000;0.12;27.54
1380556890909648;4.4;32.8;Sun Nov 10 2019 08:18:55 GMT+0100 (CET);Sun Nov 10 2019 07:18:55 GMT+0100 (CET);1573370335000;0.12;26.85
1380556890909648;4.4;32.6;Sun Nov 10 2019 08:20:51 GMT+0100 (CET);Sun Nov 10 2019 07:20:51 GMT+0100 (CET);1573370451000;0.13;28.99
1380556890909648;4.4;33.1;Sun Nov 10 2019 08:22:55 GMT+0100 (CET);Sun Nov 10 2019 07:22:55 GMT+0100 (CET);1573370575000;0.14;30.26
1380556890909648;4.4;33.1;Sun Nov 10 2019 08:24:50 GMT+0100 (CET);Sun Nov 10 2019 07:24:50 GMT+0100 (CET);1573370690000;0.16;34.32
1380556890909648;4.9;33.1;Sun Nov 10 2019 08:26:44 GMT+0100 (CET);Sun Nov 10 2019 07:26:44 GMT+0100 (CET);1573370804000;0.18;38.49
1380556890909648;4.9;33.6;Sun Nov 10 2019 08:28:36 GMT+0100 (CET);Sun Nov 10 2019 07:28:36 GMT+0100 (CET);1573370916000;0.19;40.23
1380556890909648;4.9;33.6;Sun Nov 10 2019 08:30:31 GMT+0100 (CET);Sun Nov 10 2019 07:30:31 GMT+0100 (CET);1573371031000;0.19;40.85
1380556890909648;4.9;33.5;Sun Nov 10 2019 08:32:52 GMT+0100 (CET);Sun Nov 10 2019 07:32:52 GMT+0100 (CET);1573371172000;0.18;38.34
1380556890909648;4.9;33.5;Sun Nov 10 2019 08:35:00 GMT+0100 (CET);Sun Nov 10 2019 07:35:00 GMT+0100 (CET);1573371300000;0.18;38.87
1380556890909648;6.4;33.6;Sun Nov 10 2019 08:36:53 GMT+0100 (CET);Sun Nov 10 2019 07:36:53 GMT+0100 (CET);1573371413000;0.2;42.4
1380556890909648;6.4;33.8;Sun Nov 10 2019 08:38:57 GMT+0100 (CET);Sun Nov 10 2019 07:38:57 GMT+0100 (CET);1573371537000;0.21;45.41
1380556890909648;6.4;33.8;Sun Nov 10 2019 08:40:50 GMT+0100 (CET);Sun Nov 10 2019 07:40:50 GMT+0100 (CET);1573371650000;0.2;43.21
1380556890909648;6.4;33.8;Sun Nov 10 2019 08:42:49 GMT+0100 (CET);Sun Nov 10 2019 07:42:49 GMT+0100 (CET);1573371769000;0.2;43.36
1380556890909648;6.4;33.8;Sun Nov 10 2019 08:44:42 GMT+0100 (CET);Sun Nov 10 2019 07:44:42 GMT+0100 (CET);1573371882000;0.23;47.18
1380556890909648;6.4;33.8;Sun Nov 10 2019 08:46:35 GMT+0100 (CET);Sun Nov 10 2019 07:46:35 GMT+0100 (CET);1573371995000;0.26;54.5
1380556890909648;6.4;34;Sun Nov 10 2019 08:48:28 GMT+0100 (CET);Sun Nov 10 2019 07:48:28 GMT+0100 (CET);1573372108000;0.26;54.27
1380556890909648;6.4;33.9;Sun Nov 10 2019 08:50:24 GMT+0100 (CET);Sun Nov 10 2019 07:50:24 GMT+0100 (CET);1573372224000;0.28;58
1380556890909648;6.4;34.1;Sun Nov 10 2019 08:52:18 GMT+0100 (CET);Sun Nov 10 2019 07:52:18 GMT+0100 (CET);1573372338000;0.27;57.86
1380556890909648;6.4;34.1;Sun Nov 10 2019 08:54:17 GMT+0100 (CET);Sun Nov 10 2019 07:54:17 GMT+0100 (CET);1573372457000;0.32;67.1
1380556890909648;6.4;34.2;Sun Nov 10 2019 08:56:10 GMT+0100 (CET);Sun Nov 10 2019 07:56:10 GMT+0100 (CET);1573372570000;0.28;58.17
1380556890909648;6.4;34.2;Sun Nov 10 2019 08:58:09 GMT+0100 (CET);Sun Nov 10 2019 07:58:09 GMT+0100 (CET);1573372689000;0.3;63.21
1380556890909648;6.4;34.1;Sun Nov 10 2019 09:00:04 GMT+0100 (CET);Sun Nov 10 2019 08:00:04 GMT+0100 (CET);1573372804000;0.31;65.08
1380556890909648;6.4;34.1;Sun Nov 10 2019 09:01:57 GMT+0100 (CET);Sun Nov 10 2019 08:01:57 GMT+0100 (CET);1573372917000;0.32;66.3
1380556890909648;6.4;33.9;Sun Nov 10 2019 09:04:02 GMT+0100 (CET);Sun Nov 10 2019 08:04:02 GMT+0100 (CET);1573373042000;0.35;73.31
1380556890909648;6.4;34.3;Sun Nov 10 2019 09:06:29 GMT+0100 (CET);Sun Nov 10 2019 08:06:29 GMT+0100 (CET);1573373189000;0.32;66.41
1380556890909648;6.9;34.2;Sun Nov 10 2019 09:08:22 GMT+0100 (CET);Sun Nov 10 2019 08:08:22 GMT+0100 (CET);1573373302000;0.3;63.62
1380556890909648;6.9;34.1;Sun Nov 10 2019 09:10:16 GMT+0100 (CET);Sun Nov 10 2019 08:10:16 GMT+0100 (CET);1573373416000;0.33;67.75
1380556890909648;6.9;34.2;Sun Nov 10 2019 09:12:15 GMT+0100 (CET);Sun Nov 10 2019 08:12:15 GMT+0100 (CET);1573373535000;0.32;66.9
1380556890909648;6.9;34.1;Sun Nov 10 2019 09:14:08 GMT+0100 (CET);Sun Nov 10 2019 08:14:08 GMT+0100 (CET);1573373648000;0.3;65.14
1380556890909648;6.9;33.9;Sun Nov 10 2019 09:16:01 GMT+0100 (CET);Sun Nov 10 2019 08:16:01 GMT+0100 (CET);1573373761000;0.34;72.27
1380556890909648;6.9;34.1;Sun Nov 10 2019 09:17:54 GMT+0100 (CET);Sun Nov 10 2019 08:17:54 GMT+0100 (CET);1573373874000;0.38;78.28
1380556890909648;6.9;34.7;Sun Nov 10 2019 09:19:49 GMT+0100 (CET);Sun Nov 10 2019 08:19:49 GMT+0100 (CET);1573373989000;0.4;83.94
1380556890909648;6.9;35;Sun Nov 10 2019 09:21:42 GMT+0100 (CET);Sun Nov 10 2019 08:21:42 GMT+0100 (CET);1573374102000;0.35;77.13
1380556890909648;8.4;35;Sun Nov 10 2019 09:23:35 GMT+0100 (CET);Sun Nov 10 2019 08:23:35 GMT+0100 (CET);1573374215000;0.36;78.2
1380556890909648;8.4;35.2;Sun Nov 10 2019 09:25:27 GMT+0100 (CET);Sun Nov 10 2019 08:25:27 GMT+0100 (CET);1573374327000;0.34;73.49
1380556890909648;8.4;34.8;Sun Nov 10 2019 09:27:25 GMT+0100 (CET);Sun Nov 10 2019 08:27:25 GMT+0100 (CET);1573374445000;0.34;72.74
1380556890909648;8.4;34.6;Sun Nov 10 2019 09:29:18 GMT+0100 (CET);Sun Nov 10 2019 08:29:18 GMT+0100 (CET);1573374558000;0.35;76.43
1380556890909648;8.4;34.7;Sun Nov 10 2019 09:31:10 GMT+0100 (CET);Sun Nov 10 2019 08:31:10 GMT+0100 (CET);1573374670000;0.36;79.12
1380556890909648;8.4;35.1;Sun Nov 10 2019 09:33:09 GMT+0100 (CET);Sun Nov 10 2019 08:33:09 GMT+0100 (CET);1573374789000;0.35;77.79
1380556890909648;8.4;35.1;Sun Nov 10 2019 09:35:01 GMT+0100 (CET);Sun Nov 10 2019 08:35:01 GMT+0100 (CET);1573374901000;0.4;87.15
1380556890909648;8.4;35.3;Sun Nov 10 2019 09:37:17 GMT+0100 (CET);Sun Nov 10 2019 08:37:17 GMT+0100 (CET);1573375037000;0.42;91.63
1380556890909648;8.4;35.4;Sun Nov 10 2019 09:39:14 GMT+0100 (CET);Sun Nov 10 2019 08:39:14 GMT+0100 (CET);1573375154000;0.4;87.29
1380556890909648;8.4;35.5;Sun Nov 10 2019 09:41:06 GMT+0100 (CET);Sun Nov 10 2019 08:41:06 GMT+0100 (CET);1573375266000;0.41;90.17
1380556890909648;8.9;35.4;Sun Nov 10 2019 09:43:04 GMT+0100 (CET);Sun Nov 10 2019 08:43:04 GMT+0100 (CET);1573375384000;0.44;94.5
1380556890909648;8.9;35.4;Sun Nov 10 2019 09:44:59 GMT+0100 (CET);Sun Nov 10 2019 08:44:59 GMT+0100 (CET);1573375499000;0.41;91.47
1380556890909648;8.9;35.2;Sun Nov 10 2019 09:46:53 GMT+0100 (CET);Sun Nov 10 2019 08:46:53 GMT+0100 (CET);1573375613000;0.39;85.52
1380556890909648;8.9;35.1;Sun Nov 10 2019 09:49:02 GMT+0100 (CET);Sun Nov 10 2019 08:49:02 GMT+0100 (CET);1573375742000;0.46;98.07
1380556890909648;8.9;35.4;Sun Nov 10 2019 09:50:55 GMT+0100 (CET);Sun Nov 10 2019 08:50:55 GMT+0100 (CET);1573375855000;0.46;98.34
1380556890909648;8.9;35.3;Sun Nov 10 2019 09:53:45 GMT+0100 (CET);Sun Nov 10 2019 08:53:45 GMT+0100 (CET);1573376025000;0.51;108.43
1380556890909648;8.9;35.6;Sun Nov 10 2019 09:55:38 GMT+0100 (CET);Sun Nov 10 2019 08:55:38 GMT+0100 (CET);1573376138000;0.5;106.85
1380556890909648;8.9;35.5;Sun Nov 10 2019 09:57:31 GMT+0100 (CET);Sun Nov 10 2019 08:57:31 GMT+0100 (CET);1573376251000;0.48;103.1
1380556890909648;8.9;35.3;Sun Nov 10 2019 09:59:24 GMT+0100 (CET);Sun Nov 10 2019 08:59:24 GMT+0100 (CET);1573376364000;0.51;108.6
1380556890909648;9.9;35.4;Sun Nov 10 2019 10:01:17 GMT+0100 (CET);Sun Nov 10 2019 09:01:17 GMT+0100 (CET);1573376477000;0.57;121.99
1380556890909648;9.9;35.7;Sun Nov 10 2019 10:03:10 GMT+0100 (CET);Sun Nov 10 2019 09:03:10 GMT+0100 (CET);1573376590000;0.58;125.44
1380556890909648;9.9;35.6;Sun Nov 10 2019 10:05:03 GMT+0100 (CET);Sun Nov 10 2019 09:05:03 GMT+0100 (CET);1573376703000;0.52;112.44
1380556890909648;9.9;35.6;Sun Nov 10 2019 10:07:13 GMT+0100 (CET);Sun Nov 10 2019 09:07:13 GMT+0100 (CET);1573376833000;0.61;131.19
1380556890909648;9.9;35.6;Sun Nov 10 2019 10:09:42 GMT+0100 (CET);Sun Nov 10 2019 09:09:42 GMT+0100 (CET);1573376982000;0.58;124.32
1380556890909648;9.9;35.6;Sun Nov 10 2019 10:11:36 GMT+0100 (CET);Sun Nov 10 2019 09:11:36 GMT+0100 (CET);1573377096000;0.53;116.62
1380556890909648;9.9;35.5;Sun Nov 10 2019 10:13:28 GMT+0100 (CET);Sun Nov 10 2019 09:13:28 GMT+0100 (CET);1573377208000;0.57;123.35
1380556890909648;9.9;35.7;Sun Nov 10 2019 10:15:21 GMT+0100 (CET);Sun Nov 10 2019 09:15:21 GMT+0100 (CET);1573377321000;0.63;133.99
1380556890909648;9.9;35.5;Sun Nov 10 2019 10:17:17 GMT+0100 (CET);Sun Nov 10 2019 09:17:17 GMT+0100 (CET);1573377437000;0.53;115
1380556890909648;9.9;35.4;Sun Nov 10 2019 10:19:12 GMT+0100 (CET);Sun Nov 10 2019 09:19:12 GMT+0100 (CET);1573377552000;0.55;118.92
1380556890909648;9.9;35.5;Sun Nov 10 2019 10:21:05 GMT+0100 (CET);Sun Nov 10 2019 09:21:05 GMT+0100 (CET);1573377665000;0.56;119.98
1380556890909648;9.9;35.6;Sun Nov 10 2019 10:22:59 GMT+0100 (CET);Sun Nov 10 2019 09:22:59 GMT+0100 (CET);1573377779000;0.64;135.42
1380556890909648;9.9;35.7;Sun Nov 10 2019 10:24:53 GMT+0100 (CET);Sun Nov 10 2019 09:24:53 GMT+0100 (CET);1573377893000;0.64;134.98
1380556890909648;9.9;35.6;Sun Nov 10 2019 10:26:46 GMT+0100 (CET);Sun Nov 10 2019 09:26:46 GMT+0100 (CET);1573378006000;0.63;133.14
1380556890909648;9.9;35.6;Sun Nov 10 2019 10:28:55 GMT+0100 (CET);Sun Nov 10 2019 09:28:55 GMT+0100 (CET);1573378135000;0.65;137.03
1380556890909648;9.9;35.6;Sun Nov 10 2019 10:30:48 GMT+0100 (CET);Sun Nov 10 2019 09:30:48 GMT+0100 (CET);1573378248000;0.62;133.62
1380556890909648;9.9;35.5;Sun Nov 10 2019 10:32:48 GMT+0100 (CET);Sun Nov 10 2019 09:32:48 GMT+0100 (CET);1573378368000;0.58;125.53
1380556890909648;9.9;35.5;Sun Nov 10 2019 10:34:44 GMT+0100 (CET);Sun Nov 10 2019 09:34:44 GMT+0100 (CET);1573378484000;0.63;136.06
1380556890909648;9.9;35.7;Sun Nov 10 2019 10:36:38 GMT+0100 (CET);Sun Nov 10 2019 09:36:38 GMT+0100 (CET);1573378598000;0.65;139.88
1380556890909648;9.9;35.5;Sun Nov 10 2019 10:38:31 GMT+0100 (CET);Sun Nov 10 2019 09:38:31 GMT+0100 (CET);1573378711000;0.53;111.66
1380556890909648;9.9;35.3;Sun Nov 10 2019 10:40:27 GMT+0100 (CET);Sun Nov 10 2019 09:40:27 GMT+0100 (CET);1573378827000;0.52;112.14
1380556890909648;9.9;35.4;Sun Nov 10 2019 10:42:21 GMT+0100 (CET);Sun Nov 10 2019 09:42:21 GMT+0100 (CET);1573378941000;0.5;105.98
1380556890909648;9.9;35.1;Sun Nov 10 2019 10:44:13 GMT+0100 (CET);Sun Nov 10 2019 09:44:13 GMT+0100 (CET);1573379053000;0.57;121.28
1380556890909648;9.9;35.6;Sun Nov 10 2019 10:46:06 GMT+0100 (CET);Sun Nov 10 2019 09:46:06 GMT+0100 (CET);1573379166000;0.64;133.68
1380556890909648;9.9;35.6;Sun Nov 10 2019 10:47:59 GMT+0100 (CET);Sun Nov 10 2019 09:47:59 GMT+0100 (CET);1573379279000;0.6;127.52
1380556890909648;9.9;35.5;Sun Nov 10 2019 10:49:58 GMT+0100 (CET);Sun Nov 10 2019 09:49:58 GMT+0100 (CET);1573379398000;0.56;122.33
1380556890909648;9.9;35.5;Sun Nov 10 2019 10:52:10 GMT+0100 (CET);Sun Nov 10 2019 09:52:10 GMT+0100 (CET);1573379530000;0.65;136.71
1380556890909648;12.4;35.6;Sun Nov 10 2019 10:54:03 GMT+0100 (CET);Sun Nov 10 2019 09:54:03 GMT+0100 (CET);1573379643000;0.65;138.68
1380556890909648;12.4;35.4;Sun Nov 10 2019 10:55:56 GMT+0100 (CET);Sun Nov 10 2019 09:55:56 GMT+0100 (CET);1573379756000;0.61;132.28
1380556890909648;12.4;35.5;Sun Nov 10 2019 10:57:48 GMT+0100 (CET);Sun Nov 10 2019 09:57:48 GMT+0100 (CET);1573379868000;0.64;138.21
1380556890909648;12.4;35.7;Sun Nov 10 2019 10:59:41 GMT+0100 (CET);Sun Nov 10 2019 09:59:41 GMT+0100 (CET);1573379981000;0.72;157.04
1380556890909648;12.4;35.9;Sun Nov 10 2019 11:01:37 GMT+0100 (CET);Sun Nov 10 2019 10:01:37 GMT+0100 (CET);1573380097000;0.88;187.6
1380556890909648;12.4;36.3;Sun Nov 10 2019 11:03:47 GMT+0100 (CET);Sun Nov 10 2019 10:03:47 GMT+0100 (CET);1573380227000;1.04;221.36
1380556890909648;12.4;36.5;Sun Nov 10 2019 11:05:40 GMT+0100 (CET);Sun Nov 10 2019 10:05:40 GMT+0100 (CET);1573380340000;1.32;300.89
1380556890909648;12.9;36;Sun Nov 10 2019 11:07:33 GMT+0100 (CET);Sun Nov 10 2019 10:07:33 GMT+0100 (CET);1573380453000;1.05;229.29
1380556890909648;12.9;36;Sun Nov 10 2019 11:09:26 GMT+0100 (CET);Sun Nov 10 2019 10:09:26 GMT+0100 (CET);1573380566000;0.84;179.55
1380556890909648;12.9;35.9;Sun Nov 10 2019 11:11:19 GMT+0100 (CET);Sun Nov 10 2019 10:11:19 GMT+0100 (CET);1573380679000;0.72;154.92
1380556890909648;12.9;35.8;Sun Nov 10 2019 11:13:16 GMT+0100 (CET);Sun Nov 10 2019 10:13:16 GMT+0100 (CET);1573380796000;0.66;144.11
1380556890909648;12.9;35.8;Sun Nov 10 2019 11:15:11 GMT+0100 (CET);Sun Nov 10 2019 10:15:11 GMT+0100 (CET);1573380911000;0.66;143.97
1380556890909648;12.9;35.7;Sun Nov 10 2019 11:17:19 GMT+0100 (CET);Sun Nov 10 2019 10:17:19 GMT+0100 (CET);1573381039000;0.67;145.72
1380556890909648;12.9;35.8;Sun Nov 10 2019 11:19:30 GMT+0100 (CET);Sun Nov 10 2019 10:19:30 GMT+0100 (CET);1573381170000;0.61;136.46
1380556890909648;14.4;35.7;Sun Nov 10 2019 11:21:32 GMT+0100 (CET);Sun Nov 10 2019 10:21:32 GMT+0100 (CET);1573381292000;0.65;143.34
1380556890909648;14.4;36;Sun Nov 10 2019 11:23:27 GMT+0100 (CET);Sun Nov 10 2019 10:23:27 GMT+0100 (CET);1573381407000;0.74;166.42
1380556890909648;14.4;36.3;Sun Nov 10 2019 11:25:23 GMT+0100 (CET);Sun Nov 10 2019 10:25:23 GMT+0100 (CET);1573381523000;0.83;187.2
1380556890909648;14.4;36.4;Sun Nov 10 2019 11:27:24 GMT+0100 (CET);Sun Nov 10 2019 10:27:24 GMT+0100 (CET);1573381644000;1.06;238.43
1380556890909648;14.4;36.6;Sun Nov 10 2019 11:29:18 GMT+0100 (CET);Sun Nov 10 2019 10:29:18 GMT+0100 (CET);1573381758000;1.22;279.45
1380556890909648;14.4;37.2;Sun Nov 10 2019 11:31:10 GMT+0100 (CET);Sun Nov 10 2019 10:31:10 GMT+0100 (CET);1573381870000;1.36;383.99
1380556890909648;14.4;36.4;Sun Nov 10 2019 11:33:04 GMT+0100 (CET);Sun Nov 10 2019 10:33:04 GMT+0100 (CET);1573381984000;1;224.55
1380556890909648;14.4;36.3;Sun Nov 10 2019 11:35:03 GMT+0100 (CET);Sun Nov 10 2019 10:35:03 GMT+0100 (CET);1573382103000;1.03;231.09
1380556890909648;14.4;36.4;Sun Nov 10 2019 11:36:59 GMT+0100 (CET);Sun Nov 10 2019 10:36:59 GMT+0100 (CET);1573382219000;1.07;242.3
1380556890909648;14.4;37.6;Sun Nov 10 2019 11:39:00 GMT+0100 (CET);Sun Nov 10 2019 10:39:00 GMT+0100 (CET);1573382340000;1.48;658.03
1380556890909648;14.9;36.6;Sun Nov 10 2019 11:40:57 GMT+0100 (CET);Sun Nov 10 2019 10:40:57 GMT+0100 (CET);1573382457000;1.03;239.1
1380556890909648;14.9;36.4;Sun Nov 10 2019 11:43:01 GMT+0100 (CET);Sun Nov 10 2019 10:43:01 GMT+0100 (CET);1573382581000;1.31;316.34
1380556890909648;16.4;36.5;Sun Nov 10 2019 11:44:54 GMT+0100 (CET);Sun Nov 10 2019 10:44:54 GMT+0100 (CET);1573382694000;0.94;214.25
1380556890909648;16.4;36.6;Sun Nov 10 2019 11:46:50 GMT+0100 (CET);Sun Nov 10 2019 10:46:50 GMT+0100 (CET);1573382810000;1.5;323.6
1380556890909648;16.4;36.9;Sun Nov 10 2019 11:48:47 GMT+0100 (CET);Sun Nov 10 2019 10:48:47 GMT+0100 (CET);1573382927000;2.71;680.8
1380556890909648;16.4;36.9;Sun Nov 10 2019 11:51:02 GMT+0100 (CET);Sun Nov 10 2019 10:51:02 GMT+0100 (CET);1573383062000;1.49;260.82
1380556890909648;16.4;37;Sun Nov 10 2019 11:52:57 GMT+0100 (CET);Sun Nov 10 2019 10:52:57 GMT+0100 (CET);1573383177000;2.7;588.79
1380556890909648;16.9;36.9;Sun Nov 10 2019 11:54:55 GMT+0100 (CET);Sun Nov 10 2019 10:54:55 GMT+0100 (CET);1573383295000;1.3;422.39
1380556890909648;16.9;36.4;Sun Nov 10 2019 11:56:56 GMT+0100 (CET);Sun Nov 10 2019 10:56:56 GMT+0100 (CET);1573383416000;1.9;409.59
1380556890909648;18.5;36.1;Sun Nov 10 2019 11:59:05 GMT+0100 (CET);Sun Nov 10 2019 10:59:05 GMT+0100 (CET);1573383545000;3.12;710.06
1380556890909648;18.5;35.8;Sun Nov 10 2019 12:01:01 GMT+0100 (CET);Sun Nov 10 2019 11:01:01 GMT+0100 (CET);1573383661000;3.08;709.53
1380556890909648;20.5;35.6;Sun Nov 10 2019 12:03:10 GMT+0100 (CET);Sun Nov 10 2019 11:03:10 GMT+0100 (CET);1573383790000;1.15;305.03
1380556890909648;20.5;36.4;Sun Nov 10 2019 12:05:05 GMT+0100 (CET);Sun Nov 10 2019 11:05:05 GMT+0100 (CET);1573383905000;2.17;637.43
1380556890909648;20.5;35.2;Sun Nov 10 2019 12:06:58 GMT+0100 (CET);Sun Nov 10 2019 11:06:58 GMT+0100 (CET);1573384018000;0.96;214.77
1380556890909648;20.5;36.8;Sun Nov 10 2019 12:09:02 GMT+0100 (CET);Sun Nov 10 2019 11:09:02 GMT+0100 (CET);1573384142000;2.51;606.71
1380556890909648;20.5;35.7;Sun Nov 10 2019 12:11:06 GMT+0100 (CET);Sun Nov 10 2019 11:11:06 GMT+0100 (CET);1573384266000;3.16;722.75
1380556890909648;21;35.5;Sun Nov 10 2019 12:12:58 GMT+0100 (CET);Sun Nov 10 2019 11:12:58 GMT+0100 (CET);1573384378000;3.08;696.95
1380556890909648;21;35.3;Sun Nov 10 2019 12:14:51 GMT+0100 (CET);Sun Nov 10 2019 11:14:51 GMT+0100 (CET);1573384491000;2.76;634.87
1380556890909648;21;35.6;Sun Nov 10 2019 12:16:44 GMT+0100 (CET);Sun Nov 10 2019 11:16:44 GMT+0100 (CET);1573384604000;2.66;624.63
1380556890909648;21;35.2;Sun Nov 10 2019 12:18:36 GMT+0100 (CET);Sun Nov 10 2019 11:18:36 GMT+0100 (CET);1573384716000;2.65;634.87
1380556890909648;21;35.4;Sun Nov 10 2019 12:20:29 GMT+0100 (CET);Sun Nov 10 2019 11:20:29 GMT+0100 (CET);1573384829000;1.95;453.11
1380556890909648;24.5;35;Sun Nov 10 2019 12:22:35 GMT+0100 (CET);Sun Nov 10 2019 11:22:35 GMT+0100 (CET);1573384955000;2.75;624.63
1380556890909648;24.5;34.9;Sun Nov 10 2019 12:24:29 GMT+0100 (CET);Sun Nov 10 2019 11:24:29 GMT+0100 (CET);1573385069000;1.82;435.19
1380556890909648;24.5;35.9;Sun Nov 10 2019 12:26:21 GMT+0100 (CET);Sun Nov 10 2019 11:26:21 GMT+0100 (CET);1573385181000;1.72;447.99
1380556890909648;24.5;35.4;Sun Nov 10 2019 12:28:14 GMT+0100 (CET);Sun Nov 10 2019 11:28:14 GMT+0100 (CET);1573385294000;1.99;345.59
1380556890909648;24.5;35.6;Sun Nov 10 2019 12:30:08 GMT+0100 (CET);Sun Nov 10 2019 11:30:08 GMT+0100 (CET);1573385408000;2.92;672.05
1380556890909648;25;35.1;Sun Nov 10 2019 12:32:02 GMT+0100 (CET);Sun Nov 10 2019 11:32:02 GMT+0100 (CET);1573385522000;2.98;682.8
1380556890909648;25;35;Sun Nov 10 2019 12:33:55 GMT+0100 (CET);Sun Nov 10 2019 11:33:55 GMT+0100 (CET);1573385635000;2.97;678.63
1380556890909648;25;34.9;Sun Nov 10 2019 12:35:49 GMT+0100 (CET);Sun Nov 10 2019 11:35:49 GMT+0100 (CET);1573385749000;3.02;686.58
1380556890909648;25;34.7;Sun Nov 10 2019 12:38:23 GMT+0100 (CET);Sun Nov 10 2019 11:38:23 GMT+0100 (CET);1573385903000;2.47;532.47
1380556890909648;25;35;Sun Nov 10 2019 12:40:16 GMT+0100 (CET);Sun Nov 10 2019 11:40:16 GMT+0100 (CET);1573386016000;2.71;583.67
1380556890909648;25;34.7;Sun Nov 10 2019 12:42:19 GMT+0100 (CET);Sun Nov 10 2019 11:42:19 GMT+0100 (CET);1573386139000;2.88;657.03
1380556890909648;25;34.7;Sun Nov 10 2019 12:44:14 GMT+0100 (CET);Sun Nov 10 2019 11:44:14 GMT+0100 (CET);1573386254000;2.89;660.62
1380556890909648;26;34.7;Sun Nov 10 2019 12:46:07 GMT+0100 (CET);Sun Nov 10 2019 11:46:07 GMT+0100 (CET);1573386367000;2.92;666.32
1380556890909648;26;34.7;Sun Nov 10 2019 12:48:00 GMT+0100 (CET);Sun Nov 10 2019 11:48:00 GMT+0100 (CET);1573386480000;2.87;655.35
1380556890909648;26;34.7;Sun Nov 10 2019 12:49:54 GMT+0100 (CET);Sun Nov 10 2019 11:49:54 GMT+0100 (CET);1573386594000;2.55;478.71
1380556890909648;26;34.5;Sun Nov 10 2019 12:51:47 GMT+0100 (CET);Sun Nov 10 2019 11:51:47 GMT+0100 (CET);1573386707000;2.86;652.79
1380556890909648;26;34.6;Sun Nov 10 2019 12:53:49 GMT+0100 (CET);Sun Nov 10 2019 11:53:49 GMT+0100 (CET);1573386829000;2.91;657.94
1380556890909648;26;34.5;Sun Nov 10 2019 12:55:42 GMT+0100 (CET);Sun Nov 10 2019 11:55:42 GMT+0100 (CET);1573386942000;2.84;645.11
1380556890909648;26;34.5;Sun Nov 10 2019 12:57:36 GMT+0100 (CET);Sun Nov 10 2019 11:57:36 GMT+0100 (CET);1573387056000;1.95;496.63
1380556890909648;26;34.6;Sun Nov 10 2019 12:59:29 GMT+0100 (CET);Sun Nov 10 2019 11:59:29 GMT+0100 (CET);1573387169000;2.84;650.23
1380556890909648;26;33.9;Sun Nov 10 2019 13:01:23 GMT+0100 (CET);Sun Nov 10 2019 12:01:23 GMT+0100 (CET);1573387283000;0.82;212.8
1380556890909648;26;35.3;Sun Nov 10 2019 13:03:16 GMT+0100 (CET);Sun Nov 10 2019 12:03:16 GMT+0100 (CET);1573387396000;2.82;537.59
1380556890909648;26;34.9;Sun Nov 10 2019 13:05:09 GMT+0100 (CET);Sun Nov 10 2019 12:05:09 GMT+0100 (CET);1573387509000;2.29;547.83
1380556890909648;26;35.8;Sun Nov 10 2019 13:07:02 GMT+0100 (CET);Sun Nov 10 2019 12:07:02 GMT+0100 (CET);1573387622000;2.59;616.95
1380556890909648;26;35;Sun Nov 10 2019 13:09:23 GMT+0100 (CET);Sun Nov 10 2019 12:09:23 GMT+0100 (CET);1573387763000;2.65;611.83
1380556890909648;26;35;Sun Nov 10 2019 13:11:16 GMT+0100 (CET);Sun Nov 10 2019 12:11:16 GMT+0100 (CET);1573387876000;2.57;573.43
1380556890909648;26;35.1;Sun Nov 10 2019 13:13:09 GMT+0100 (CET);Sun Nov 10 2019 12:13:09 GMT+0100 (CET);1573387989000;2.54;591.35
1380556890909648;26;35.1;Sun Nov 10 2019 13:15:04 GMT+0100 (CET);Sun Nov 10 2019 12:15:04 GMT+0100 (CET);1573388104000;2.58;578.55
1380556890909648;26;35;Sun Nov 10 2019 13:16:58 GMT+0100 (CET);Sun Nov 10 2019 12:16:58 GMT+0100 (CET);1573388218000;2.57;591.35
1380556890909648;26;35;Sun Nov 10 2019 13:19:07 GMT+0100 (CET);Sun Nov 10 2019 12:19:07 GMT+0100 (CET);1573388347000;2.58;591.35
1380556890909648;26;34.9;Sun Nov 10 2019 13:21:01 GMT+0100 (CET);Sun Nov 10 2019 12:21:01 GMT+0100 (CET);1573388461000;2.56;586.23
1380556890909648;26;35;Sun Nov 10 2019 13:23:11 GMT+0100 (CET);Sun Nov 10 2019 12:23:11 GMT+0100 (CET);1573388591000;2.45;550.39
1380556890909648;26;35.1;Sun Nov 10 2019 13:25:09 GMT+0100 (CET);Sun Nov 10 2019 12:25:09 GMT+0100 (CET);1573388709000;2.51;573.43
1380556890909648;26;34.9;Sun Nov 10 2019 13:27:10 GMT+0100 (CET);Sun Nov 10 2019 12:27:10 GMT+0100 (CET);1573388830000;2.52;575.99
1380556890909648;26;34.9;Sun Nov 10 2019 13:28:31 GMT+0100 (CET);Sun Nov 10 2019 12:28:31 GMT+0100 (CET);1573388911000;2.49;570.87
1380556890909648;26;34.9;Sun Nov 10 2019 13:30:24 GMT+0100 (CET);Sun Nov 10 2019 12:30:24 GMT+0100 (CET);1573389024000;2.47;565.75
1380556890909648;26;34.8;Sun Nov 10 2019 13:32:33 GMT+0100 (CET);Sun Nov 10 2019 12:32:33 GMT+0100 (CET);1573389153000;2.44;558.07
1380556890909648;26;34.8;Sun Nov 10 2019 13:34:29 GMT+0100 (CET);Sun Nov 10 2019 12:34:29 GMT+0100 (CET);1573389269000;2.44;560.63
1380556890909648;26;34.8;Sun Nov 10 2019 13:36:23 GMT+0100 (CET);Sun Nov 10 2019 12:36:23 GMT+0100 (CET);1573389383000;2.41;552.95
1380556890909648;26;34.9;Sun Nov 10 2019 13:38:15 GMT+0100 (CET);Sun Nov 10 2019 12:38:15 GMT+0100 (CET);1573389495000;2.38;550.39
1380556890909648;26;34.9;Sun Nov 10 2019 13:40:13 GMT+0100 (CET);Sun Nov 10 2019 12:40:13 GMT+0100 (CET);1573389613000;2.31;532.47
1380556890909648;26;34.9;Sun Nov 10 2019 13:42:15 GMT+0100 (CET);Sun Nov 10 2019 12:42:15 GMT+0100 (CET);1573389735000;2.32;537.59
1380556890909648;26;34.9;Sun Nov 10 2019 13:44:18 GMT+0100 (CET);Sun Nov 10 2019 12:44:18 GMT+0100 (CET);1573389858000;2.34;540.15
1380556890909648;26;35;Sun Nov 10 2019 13:46:11 GMT+0100 (CET);Sun Nov 10 2019 12:46:11 GMT+0100 (CET);1573389971000;2.31;532.47
1380556890909648;26;35;Sun Nov 10 2019 13:48:20 GMT+0100 (CET);Sun Nov 10 2019 12:48:20 GMT+0100 (CET);1573390100000;2.29;529.91
1380556890909648;26;35.1;Sun Nov 10 2019 13:50:12 GMT+0100 (CET);Sun Nov 10 2019 12:50:12 GMT+0100 (CET);1573390212000;2.26;524.79
1380556890909648;26;35.1;Sun Nov 10 2019 13:52:14 GMT+0100 (CET);Sun Nov 10 2019 12:52:14 GMT+0100 (CET);1573390334000;2.24;522.23
1380556890909648;26;35.1;Sun Nov 10 2019 13:54:09 GMT+0100 (CET);Sun Nov 10 2019 12:54:09 GMT+0100 (CET);1573390449000;2.22;509.43
1380556890909648;26;35.1;Sun Nov 10 2019 13:56:03 GMT+0100 (CET);Sun Nov 10 2019 12:56:03 GMT+0100 (CET);1573390563000;2.19;506.87
1380556890909648;26;35.1;Sun Nov 10 2019 13:57:55 GMT+0100 (CET);Sun Nov 10 2019 12:57:55 GMT+0100 (CET);1573390675000;2.15;499.19
1380556890909648;26;35.1;Sun Nov 10 2019 13:59:51 GMT+0100 (CET);Sun Nov 10 2019 12:59:51 GMT+0100 (CET);1573390791000;2.13;496.63
1380556890909648;26;35.1;Sun Nov 10 2019 14:01:44 GMT+0100 (CET);Sun Nov 10 2019 13:01:44 GMT+0100 (CET);1573390904000;2.11;488.95
1380556890909648;26;35.1;Sun Nov 10 2019 14:03:53 GMT+0100 (CET);Sun Nov 10 2019 13:03:53 GMT+0100 (CET);1573391033000;2.09;478.71
1380556890909648;26;35.1;Sun Nov 10 2019 14:05:46 GMT+0100 (CET);Sun Nov 10 2019 13:05:46 GMT+0100 (CET);1573391146000;2.08;478.71
1380556890909648;26;35.2;Sun Nov 10 2019 14:07:39 GMT+0100 (CET);Sun Nov 10 2019 13:07:39 GMT+0100 (CET);1573391259000;2.04;471.03
1380556890909648;26;35.1;Sun Nov 10 2019 14:09:31 GMT+0100 (CET);Sun Nov 10 2019 13:09:31 GMT+0100 (CET);1573391371000;1.98;458.23
1380556890909648;26;35.1;Sun Nov 10 2019 14:11:25 GMT+0100 (CET);Sun Nov 10 2019 13:11:25 GMT+0100 (CET);1573391485000;1.96;455.67
1380556890909648;25;35.1;Sun Nov 10 2019 14:13:25 GMT+0100 (CET);Sun Nov 10 2019 13:13:25 GMT+0100 (CET);1573391605000;2.01;458.23
1380556890909648;25;34.8;Sun Nov 10 2019 14:15:18 GMT+0100 (CET);Sun Nov 10 2019 13:15:18 GMT+0100 (CET);1573391718000;2;458.23
1380556890909648;25;34.8;Sun Nov 10 2019 14:17:11 GMT+0100 (CET);Sun Nov 10 2019 13:17:11 GMT+0100 (CET);1573391831000;1.97;447.99
1380556890909648;25;34.8;Sun Nov 10 2019 14:19:03 GMT+0100 (CET);Sun Nov 10 2019 13:19:03 GMT+0100 (CET);1573391943000;1.97;447.99
1380556890909648;24.5;34.8;Sun Nov 10 2019 14:21:02 GMT+0100 (CET);Sun Nov 10 2019 13:21:02 GMT+0100 (CET);1573392062000;2.02;458.23
1380556890909648;24.5;34.7;Sun Nov 10 2019 14:22:55 GMT+0100 (CET);Sun Nov 10 2019 13:22:55 GMT+0100 (CET);1573392175000;2.02;458.23
1380556890909648;24.5;34.7;Sun Nov 10 2019 14:24:49 GMT+0100 (CET);Sun Nov 10 2019 13:24:49 GMT+0100 (CET);1573392289000;1.97;450.55
1380556890909648;24.5;34.6;Sun Nov 10 2019 14:26:44 GMT+0100 (CET);Sun Nov 10 2019 13:26:44 GMT+0100 (CET);1573392404000;1.85;381.43
1380556890909648;24.5;34.9;Sun Nov 10 2019 14:28:38 GMT+0100 (CET);Sun Nov 10 2019 13:28:38 GMT+0100 (CET);1573392518000;1.96;447.99
1380556890909648;24.5;34.7;Sun Nov 10 2019 14:30:31 GMT+0100 (CET);Sun Nov 10 2019 13:30:31 GMT+0100 (CET);1573392631000;1.92;445.43
1380556890909648;24.5;35;Sun Nov 10 2019 14:32:23 GMT+0100 (CET);Sun Nov 10 2019 13:32:23 GMT+0100 (CET);1573392743000;1.93;447.99
1380556890909648;24.5;35.3;Sun Nov 10 2019 14:34:19 GMT+0100 (CET);Sun Nov 10 2019 13:34:19 GMT+0100 (CET);1573392859000;1.95;453.11
1380556890909648;25;35.3;Sun Nov 10 2019 14:36:11 GMT+0100 (CET);Sun Nov 10 2019 13:36:11 GMT+0100 (CET);1573392971000;1.96;458.23
1380556890909648;25;35.3;Sun Nov 10 2019 14:38:04 GMT+0100 (CET);Sun Nov 10 2019 13:38:04 GMT+0100 (CET);1573393084000;2.01;465.91
1380556890909648;25;35.2;Sun Nov 10 2019 14:40:00 GMT+0100 (CET);Sun Nov 10 2019 13:40:00 GMT+0100 (CET);1573393200000;1.92;445.43
1380556890909648;25;35.1;Sun Nov 10 2019 14:41:57 GMT+0100 (CET);Sun Nov 10 2019 13:41:57 GMT+0100 (CET);1573393317000;1.79;414.71
1380556890909648;25;35;Sun Nov 10 2019 14:43:55 GMT+0100 (CET);Sun Nov 10 2019 13:43:55 GMT+0100 (CET);1573393435000;1.75;409.59
1380556890909648;24.5;35;Sun Nov 10 2019 14:45:52 GMT+0100 (CET);Sun Nov 10 2019 13:45:52 GMT+0100 (CET);1573393552000;1.72;401.91
1380556890909648;24.5;34.8;Sun Nov 10 2019 14:47:45 GMT+0100 (CET);Sun Nov 10 2019 13:47:45 GMT+0100 (CET);1573393665000;1.27;288.31
1380556890909648;25;34.3;Sun Nov 10 2019 14:49:59 GMT+0100 (CET);Sun Nov 10 2019 13:49:59 GMT+0100 (CET);1573393799000;0.79;159.72
1380556890909648;25;34.3;Sun Nov 10 2019 14:51:52 GMT+0100 (CET);Sun Nov 10 2019 13:51:52 GMT+0100 (CET);1573393912000;0.67;136.05
1380556890909648;25;35.8;Sun Nov 10 2019 14:53:44 GMT+0100 (CET);Sun Nov 10 2019 13:53:44 GMT+0100 (CET);1573394024000;1.42;343.03
1380556890909648;24.5;35.4;Sun Nov 10 2019 14:55:40 GMT+0100 (CET);Sun Nov 10 2019 13:55:40 GMT+0100 (CET);1573394140000;1.18;287.95
1380556890909648;24.5;35.9;Sun Nov 10 2019 14:57:49 GMT+0100 (CET);Sun Nov 10 2019 13:57:49 GMT+0100 (CET);1573394269000;1.39;337.91
1380556890909648;24.5;35.7;Sun Nov 10 2019 14:59:41 GMT+0100 (CET);Sun Nov 10 2019 13:59:41 GMT+0100 (CET);1573394381000;1.27;310.26
1380556890909648;24.5;35.6;Sun Nov 10 2019 15:01:34 GMT+0100 (CET);Sun Nov 10 2019 14:01:34 GMT+0100 (CET);1573394494000;1.16;286.04
1380556890909648;23;35.4;Sun Nov 10 2019 15:03:43 GMT+0100 (CET);Sun Nov 10 2019 14:03:43 GMT+0100 (CET);1573394623000;0.9;200.51
1380556890909648;23;35.2;Sun Nov 10 2019 15:05:46 GMT+0100 (CET);Sun Nov 10 2019 14:05:46 GMT+0100 (CET);1573394746000;0.61;126.88
1380556890909648;23;35.1;Sun Nov 10 2019 15:07:41 GMT+0100 (CET);Sun Nov 10 2019 14:07:41 GMT+0100 (CET);1573394861000;0.36;74.51
1380556890909648;22.5;35.9;Sun Nov 10 2019 15:09:43 GMT+0100 (CET);Sun Nov 10 2019 14:09:43 GMT+0100 (CET);1573394983000;1.09;268.33
1380556890909648;22.5;35.1;Sun Nov 10 2019 15:11:37 GMT+0100 (CET);Sun Nov 10 2019 14:11:37 GMT+0100 (CET);1573395097000;0.39;91.91
1380556890909648;21;35.5;Sun Nov 10 2019 15:13:32 GMT+0100 (CET);Sun Nov 10 2019 14:13:32 GMT+0100 (CET);1573395212000;1.01;257.43
1380556890909648;21;36.3;Sun Nov 10 2019 15:15:24 GMT+0100 (CET);Sun Nov 10 2019 14:15:24 GMT+0100 (CET);1573395324000;0.94;239.19
1380556890909648;21;35.8;Sun Nov 10 2019 15:17:19 GMT+0100 (CET);Sun Nov 10 2019 14:17:19 GMT+0100 (CET);1573395439000;0.72;160.19
1380556890909648;20.5;34.5;Sun Nov 10 2019 15:19:11 GMT+0100 (CET);Sun Nov 10 2019 14:19:11 GMT+0100 (CET);1573395551000;0.3;62.93
1380556890909648;20.5;34.7;Sun Nov 10 2019 15:21:33 GMT+0100 (CET);Sun Nov 10 2019 14:21:33 GMT+0100 (CET);1573395693000;0.27;58.99
1380556890909648;18.5;34.7;Sun Nov 10 2019 15:23:26 GMT+0100 (CET);Sun Nov 10 2019 14:23:26 GMT+0100 (CET);1573395806000;0.26;57.79
1380556890909648;18.5;36.1;Sun Nov 10 2019 15:25:26 GMT+0100 (CET);Sun Nov 10 2019 14:25:26 GMT+0100 (CET);1573395926000;0.38;118.6
1380556890909648;16.9;37;Sun Nov 10 2019 15:27:19 GMT+0100 (CET);Sun Nov 10 2019 14:27:19 GMT+0100 (CET);1573396039000;0.68;192.08
1380556890909648;16.9;36.9;Sun Nov 10 2019 15:29:17 GMT+0100 (CET);Sun Nov 10 2019 14:29:17 GMT+0100 (CET);1573396157000;0.63;178.13
1380556890909648;16.9;37;Sun Nov 10 2019 15:31:13 GMT+0100 (CET);Sun Nov 10 2019 14:31:13 GMT+0100 (CET);1573396273000;0.62;178.09
1380556890909648;16.9;37.2;Sun Nov 10 2019 15:33:06 GMT+0100 (CET);Sun Nov 10 2019 14:33:06 GMT+0100 (CET);1573396386000;0.48;155.82
1380556890909648;16.9;36.8;Sun Nov 10 2019 15:34:59 GMT+0100 (CET);Sun Nov 10 2019 14:34:59 GMT+0100 (CET);1573396499000;0.53;120.13
1380556890909648;16.4;36.9;Sun Nov 10 2019 15:37:16 GMT+0100 (CET);Sun Nov 10 2019 14:37:16 GMT+0100 (CET);1573396636000;0.58;55.87
1380556890909648;16.4;36.7;Sun Nov 10 2019 15:39:09 GMT+0100 (CET);Sun Nov 10 2019 14:39:09 GMT+0100 (CET);1573396749000;0.56;58.1
1380556890909648;16.4;36.8;Sun Nov 10 2019 15:41:01 GMT+0100 (CET);Sun Nov 10 2019 14:41:01 GMT+0100 (CET);1573396861000;0.54;53.91
1380556890909648;16.4;37.7;Sun Nov 10 2019 15:42:54 GMT+0100 (CET);Sun Nov 10 2019 14:42:54 GMT+0100 (CET);1573396974000;0.46;53.42
1380556890909648;16.4;38.4;Sun Nov 10 2019 15:44:47 GMT+0100 (CET);Sun Nov 10 2019 14:44:47 GMT+0100 (CET);1573397087000;0.35;62.9
1380556890909648;16.4;38.8;Sun Nov 10 2019 15:46:41 GMT+0100 (CET);Sun Nov 10 2019 14:46:41 GMT+0100 (CET);1573397201000;0.3;85.07
1380556890909648;16.4;39;Sun Nov 10 2019 15:48:34 GMT+0100 (CET);Sun Nov 10 2019 14:48:34 GMT+0100 (CET);1573397314000;0.25;64.88
1380556890909648;16.4;39;Sun Nov 10 2019 15:50:27 GMT+0100 (CET);Sun Nov 10 2019 14:50:27 GMT+0100 (CET);1573397427000;0.22;50.07
1380556890909648;16.4;38.1;Sun Nov 10 2019 15:52:34 GMT+0100 (CET);Sun Nov 10 2019 14:52:34 GMT+0100 (CET);1573397554000;0.2;43.14
1380556890909648;16.4;34.7;Sun Nov 10 2019 15:54:29 GMT+0100 (CET);Sun Nov 10 2019 14:54:29 GMT+0100 (CET);1573397669000;0.17;38.6
1380556890909648;14.4;34.3;Sun Nov 10 2019 15:56:24 GMT+0100 (CET);Sun Nov 10 2019 14:56:24 GMT+0100 (CET);1573397784000;0.16;34.43
1380556890909648;14.4;34.3;Sun Nov 10 2019 15:58:16 GMT+0100 (CET);Sun Nov 10 2019 14:58:16 GMT+0100 (CET);1573397896000;0.15;32.07
1380556890909648;14.4;34;Sun Nov 10 2019 16:00:11 GMT+0100 (CET);Sun Nov 10 2019 15:00:11 GMT+0100 (CET);1573398011000;0.14;29.14
1380556890909648;12.4;33.8;Sun Nov 10 2019 16:02:15 GMT+0100 (CET);Sun Nov 10 2019 15:02:15 GMT+0100 (CET);1573398135000;0.12;27.02
1380556890909648;12.4;33.6;Sun Nov 10 2019 16:04:10 GMT+0100 (CET);Sun Nov 10 2019 15:04:10 GMT+0100 (CET);1573398250000;0.12;25.11
1380556890909648;12.4;33.4;Sun Nov 10 2019 16:06:03 GMT+0100 (CET);Sun Nov 10 2019 15:06:03 GMT+0100 (CET);1573398363000;0.12;24.36
1380556890909648;12.4;33.2;Sun Nov 10 2019 16:08:04 GMT+0100 (CET);Sun Nov 10 2019 15:08:04 GMT+0100 (CET);1573398484000;0.11;22.73
1380556890909648;12.4;32.9;Sun Nov 10 2019 16:09:57 GMT+0100 (CET);Sun Nov 10 2019 15:09:57 GMT+0100 (CET);1573398597000;0.1;20.85
1380556890909648;9.9;32.7;Sun Nov 10 2019 16:11:49 GMT+0100 (CET);Sun Nov 10 2019 15:11:49 GMT+0100 (CET);1573398709000;0.1;19.73
1380556890909648;9.9;32.5;Sun Nov 10 2019 16:13:42 GMT+0100 (CET);Sun Nov 10 2019 15:13:42 GMT+0100 (CET);1573398822000;0.09;18.28
1380556890909648;8.9;32.4;Sun Nov 10 2019 16:15:37 GMT+0100 (CET);Sun Nov 10 2019 15:15:37 GMT+0100 (CET);1573398937000;0.08;16.76
1380556890909648;8.9;32.4;Sun Nov 10 2019 16:17:33 GMT+0100 (CET);Sun Nov 10 2019 15:17:33 GMT+0100 (CET);1573399053000;0.08;15.21
1380556890909648;8.9;32.1;Sun Nov 10 2019 16:19:25 GMT+0100 (CET);Sun Nov 10 2019 15:19:25 GMT+0100 (CET);1573399165000;0.07;13.26
1380556890909648;8.9;32;Sun Nov 10 2019 16:21:20 GMT+0100 (CET);Sun Nov 10 2019 15:21:20 GMT+0100 (CET);1573399280000;0;11.62
1380556890909648;8.9;31.2;Sun Nov 10 2019 16:23:13 GMT+0100 (CET);Sun Nov 10 2019 15:23:13 GMT+0100 (CET);1573399393000;0;10.06
1380556890909648;6.9;30.8;Sun Nov 10 2019 16:25:06 GMT+0100 (CET);Sun Nov 10 2019 15:25:06 GMT+0100 (CET);1573399506000;0;8.66
1380556890909648;6.9;30.2;Sun Nov 10 2019 16:26:58 GMT+0100 (CET);Sun Nov 10 2019 15:26:58 GMT+0100 (CET);1573399618000;0;8.04
1380556890909648;6.9;30.2;Sun Nov 10 2019 16:28:54 GMT+0100 (CET);Sun Nov 10 2019 15:28:54 GMT+0100 (CET);1573399734000;0;7.12
1380556890909648;6.9;29.6;Sun Nov 10 2019 16:30:57 GMT+0100 (CET);Sun Nov 10 2019 15:30:57 GMT+0100 (CET);1573399857000;0;6.05
1380556890909648;6.9;29.3;Sun Nov 10 2019 16:32:50 GMT+0100 (CET);Sun Nov 10 2019 15:32:50 GMT+0100 (CET);1573399970000;0;4.54
1380556890909648;6.9;34.1;Sun Nov 10 2019 16:34:43 GMT+0100 (CET);Sun Nov 10 2019 15:34:43 GMT+0100 (CET);1573400083000;0;3.69
1380556890909648;6.9;34.1;Sun Nov 10 2019 16:36:36 GMT+0100 (CET);Sun Nov 10 2019 15:36:36 GMT+0100 (CET);1573400196000;0;2.78
1380556890909648;6.4;32.1;Sun Nov 10 2019 16:38:33 GMT+0100 (CET);Sun Nov 10 2019 15:38:33 GMT+0100 (CET);1573400313000;0;2.05
1380556890909648;6.4;31.3;Sun Nov 10 2019 16:40:28 GMT+0100 (CET);Sun Nov 10 2019 15:40:28 GMT+0100 (CET);1573400428000;0;1.12
1380556890909648;6.4;26.8;Sun Nov 10 2019 16:42:29 GMT+0100 (CET);Sun Nov 10 2019 15:42:29 GMT+0100 (CET);1573400549000;0;0.54
1380556890909648;6.4;26.3;Sun Nov 10 2019 16:44:21 GMT+0100 (CET);Sun Nov 10 2019 15:44:21 GMT+0100 (CET);1573400661000;0;-0.01
1380556890909648;6.4;26.3;Sun Nov 10 2019 16:46:14 GMT+0100 (CET);Sun Nov 10 2019 15:46:14 GMT+0100 (CET);1573400774000;0;-0.01
1380556890909648;6.4;26.3;Sun Nov 10 2019 16:48:07 GMT+0100 (CET);Sun Nov 10 2019 15:48:07 GMT+0100 (CET);1573400887000;0;-0.01
1380556890909648;-273.2;31.6;Mon Nov 11 2019 07:54:40 GMT+0100 (CET);Mon Nov 11 2019 06:54:40 GMT+0100 (CET);1573455280000;0;4.63
1380556890909648;0.3;28.2;Mon Nov 11 2019 07:56:33 GMT+0100 (CET);Mon Nov 11 2019 06:56:33 GMT+0100 (CET);1573455393000;0;4.89
1380556890909648;0.3;33;Mon Nov 11 2019 07:58:25 GMT+0100 (CET);Mon Nov 11 2019 06:58:25 GMT+0100 (CET);1573455505000;0;5.12
1380556890909648;2.8;30.2;Mon Nov 11 2019 08:00:18 GMT+0100 (CET);Mon Nov 11 2019 07:00:18 GMT+0100 (CET);1573455618000;0;5.44
1380556890909648;2.8;30.2;Mon Nov 11 2019 08:02:11 GMT+0100 (CET);Mon Nov 11 2019 07:02:11 GMT+0100 (CET);1573455731000;0;5.75
1380556890909648;2.8;33.7;Mon Nov 11 2019 08:04:03 GMT+0100 (CET);Mon Nov 11 2019 07:04:03 GMT+0100 (CET);1573455843000;0;6.12
1380556890909648;2.8;34;Mon Nov 11 2019 08:05:56 GMT+0100 (CET);Mon Nov 11 2019 07:05:56 GMT+0100 (CET);1573455956000;0;6.48
1380556890909648;2.8;34.6;Mon Nov 11 2019 08:07:49 GMT+0100 (CET);Mon Nov 11 2019 07:07:49 GMT+0100 (CET);1573456069000;0;7.32
1380556890909648;2.8;28.1;Mon Nov 11 2019 08:09:42 GMT+0100 (CET);Mon Nov 11 2019 07:09:42 GMT+0100 (CET);1573456182000;0;7.81
1380556890909648;2.8;27.1;Mon Nov 11 2019 08:11:40 GMT+0100 (CET);Mon Nov 11 2019 07:11:40 GMT+0100 (CET);1573456300000;0;8.36
1380556890909648;2.8;26.9;Mon Nov 11 2019 08:13:32 GMT+0100 (CET);Mon Nov 11 2019 07:13:32 GMT+0100 (CET);1573456412000;0;8.91
1380556890909648;2.8;27.7;Mon Nov 11 2019 08:15:25 GMT+0100 (CET);Mon Nov 11 2019 07:15:25 GMT+0100 (CET);1573456525000;0;9.56
1380556890909648;2.8;28.2;Mon Nov 11 2019 08:17:18 GMT+0100 (CET);Mon Nov 11 2019 07:17:18 GMT+0100 (CET);1573456638000;0;9.53
1380556890909648;2.3;28.3;Mon Nov 11 2019 08:19:11 GMT+0100 (CET);Mon Nov 11 2019 07:19:11 GMT+0100 (CET);1573456751000;0;9.63
1380556890909648;2.3;28.4;Mon Nov 11 2019 08:21:03 GMT+0100 (CET);Mon Nov 11 2019 07:21:03 GMT+0100 (CET);1573456863000;0;9.88
1380556890909648;2.3;28.1;Mon Nov 11 2019 08:22:56 GMT+0100 (CET);Mon Nov 11 2019 07:22:56 GMT+0100 (CET);1573456976000;0;10.28
1380556890909648;2.3;28.7;Mon Nov 11 2019 08:24:49 GMT+0100 (CET);Mon Nov 11 2019 07:24:49 GMT+0100 (CET);1573457089000;0;10.98
1380556890909648;2.3;28.7;Mon Nov 11 2019 08:26:41 GMT+0100 (CET);Mon Nov 11 2019 07:26:41 GMT+0100 (CET);1573457201000;0;12.24
1380556890909648;2.3;28.7;Mon Nov 11 2019 08:28:34 GMT+0100 (CET);Mon Nov 11 2019 07:28:34 GMT+0100 (CET);1573457314000;0;12.97
1380556890909648;-273.2;29.2;Mon Nov 11 2019 08:30:27 GMT+0100 (CET);Mon Nov 11 2019 07:30:27 GMT+0100 (CET);1573457427000;0.06;13.94
1380556890909648;4.4;29.9;Mon Nov 11 2019 08:32:19 GMT+0100 (CET);Mon Nov 11 2019 07:32:19 GMT+0100 (CET);1573457539000;0;13.7
1380556890909648;4.4;30;Mon Nov 11 2019 08:34:12 GMT+0100 (CET);Mon Nov 11 2019 07:34:12 GMT+0100 (CET);1573457652000;0.07;14.64
1380556890909648;4.4;30.2;Mon Nov 11 2019 08:36:05 GMT+0100 (CET);Mon Nov 11 2019 07:36:05 GMT+0100 (CET);1573457765000;0.07;14.94
1380556890909648;4.4;30.2;Mon Nov 11 2019 08:37:57 GMT+0100 (CET);Mon Nov 11 2019 07:37:57 GMT+0100 (CET);1573457877000;0.07;15.02
1380556890909648;4.4;30.6;Mon Nov 11 2019 08:39:50 GMT+0100 (CET);Mon Nov 11 2019 07:39:50 GMT+0100 (CET);1573457990000;0.07;15.63
1380556890909648;4.4;30.9;Mon Nov 11 2019 08:41:43 GMT+0100 (CET);Mon Nov 11 2019 07:41:43 GMT+0100 (CET);1573458103000;0.07;16.58
1380556890909648;4.4;31.1;Mon Nov 11 2019 08:43:35 GMT+0100 (CET);Mon Nov 11 2019 07:43:35 GMT+0100 (CET);1573458215000;0.1;20.13
1380556890909648;4.4;31.3;Mon Nov 11 2019 08:45:28 GMT+0100 (CET);Mon Nov 11 2019 07:45:28 GMT+0100 (CET);1573458328000;0.11;23.62
1380556890909648;4.4;31.3;Mon Nov 11 2019 08:47:21 GMT+0100 (CET);Mon Nov 11 2019 07:47:21 GMT+0100 (CET);1573458441000;0.12;26.36
1380556890909648;4.4;32.5;Mon Nov 11 2019 08:49:14 GMT+0100 (CET);Mon Nov 11 2019 07:49:14 GMT+0100 (CET);1573458554000;0.14;30.2
1380556890909648;4.4;32.5;Mon Nov 11 2019 08:51:07 GMT+0100 (CET);Mon Nov 11 2019 07:51:07 GMT+0100 (CET);1573458667000;0.15;31.87
1380556890909648;4.9;32.9;Mon Nov 11 2019 08:52:59 GMT+0100 (CET);Mon Nov 11 2019 07:52:59 GMT+0100 (CET);1573458779000;0.15;33.07
1380556890909648;4.9;33.2;Mon Nov 11 2019 08:54:52 GMT+0100 (CET);Mon Nov 11 2019 07:54:52 GMT+0100 (CET);1573458892000;0.14;30.54
1380556890909648;4.9;33.2;Mon Nov 11 2019 08:56:45 GMT+0100 (CET);Mon Nov 11 2019 07:56:45 GMT+0100 (CET);1573459005000;0.14;29.53
1380556890909648;4.9;32.8;Mon Nov 11 2019 08:58:37 GMT+0100 (CET);Mon Nov 11 2019 07:58:37 GMT+0100 (CET);1573459117000;0.16;33.82
1380556890909648;6.4;33.3;Mon Nov 11 2019 09:00:30 GMT+0100 (CET);Mon Nov 11 2019 08:00:30 GMT+0100 (CET);1573459230000;0.18;38.8
1380556890909648;6.4;33.3;Mon Nov 11 2019 09:02:23 GMT+0100 (CET);Mon Nov 11 2019 08:02:23 GMT+0100 (CET);1573459343000;0.19;41.33
1380556890909648;6.4;33.5;Mon Nov 11 2019 09:04:15 GMT+0100 (CET);Mon Nov 11 2019 08:04:15 GMT+0100 (CET);1573459455000;0.19;42.07
1380556890909648;6.4;33.4;Mon Nov 11 2019 09:06:08 GMT+0100 (CET);Mon Nov 11 2019 08:06:08 GMT+0100 (CET);1573459568000;0.2;43.1
1380556890909648;6.4;33.4;Mon Nov 11 2019 09:08:01 GMT+0100 (CET);Mon Nov 11 2019 08:08:01 GMT+0100 (CET);1573459681000;0.18;39.34
1380556890909648;6.4;33.3;Mon Nov 11 2019 09:09:54 GMT+0100 (CET);Mon Nov 11 2019 08:09:54 GMT+0100 (CET);1573459794000;0.19;39.9
1380556890909648;6.4;33.4;Mon Nov 11 2019 09:11:47 GMT+0100 (CET);Mon Nov 11 2019 08:11:47 GMT+0100 (CET);1573459907000;0.19;40.22
1380556890909648;6.4;33.3;Mon Nov 11 2019 09:13:41 GMT+0100 (CET);Mon Nov 11 2019 08:13:41 GMT+0100 (CET);1573460021000;0.18;38.83
1380556890909648;6.4;33.2;Mon Nov 11 2019 09:15:35 GMT+0100 (CET);Mon Nov 11 2019 08:15:35 GMT+0100 (CET);1573460135000;0.19;39.8
1380556890909648;6.4;33.3;Mon Nov 11 2019 09:17:28 GMT+0100 (CET);Mon Nov 11 2019 08:17:28 GMT+0100 (CET);1573460248000;0.18;38.03
1380556890909648;6.4;33;Mon Nov 11 2019 09:19:22 GMT+0100 (CET);Mon Nov 11 2019 08:19:22 GMT+0100 (CET);1573460362000;0.19;40.95
1380556890909648;6.4;33.3;Mon Nov 11 2019 09:21:14 GMT+0100 (CET);Mon Nov 11 2019 08:21:14 GMT+0100 (CET);1573460474000;0.2;40.78
1380556890909648;6.4;33.5;Mon Nov 11 2019 09:23:07 GMT+0100 (CET);Mon Nov 11 2019 08:23:07 GMT+0100 (CET);1573460587000;0.21;45.27
1380556890909648;6.4;33.4;Mon Nov 11 2019 09:25:00 GMT+0100 (CET);Mon Nov 11 2019 08:25:00 GMT+0100 (CET);1573460700000;0.21;44.67
1380556890909648;6.4;33.4;Mon Nov 11 2019 09:26:52 GMT+0100 (CET);Mon Nov 11 2019 08:26:52 GMT+0100 (CET);1573460812000;0.22;45.43
1380556890909648;6.4;33.4;Mon Nov 11 2019 09:28:45 GMT+0100 (CET);Mon Nov 11 2019 08:28:45 GMT+0100 (CET);1573460925000;0.2;43.07
1380556890909648;6.4;33.4;Mon Nov 11 2019 09:30:39 GMT+0100 (CET);Mon Nov 11 2019 08:30:39 GMT+0100 (CET);1573461039000;0.21;45.34
1380556890909648;6.4;33.5;Mon Nov 11 2019 09:32:32 GMT+0100 (CET);Mon Nov 11 2019 08:32:32 GMT+0100 (CET);1573461152000;0.23;48.78
1380556890909648;6.4;33.6;Mon Nov 11 2019 09:34:25 GMT+0100 (CET);Mon Nov 11 2019 08:34:25 GMT+0100 (CET);1573461265000;0.24;51.58
1380556890909648;6.4;33.5;Mon Nov 11 2019 09:36:32 GMT+0100 (CET);Mon Nov 11 2019 08:36:32 GMT+0100 (CET);1573461392000;0.26;55.62
1380556890909648;8.4;33.9;Mon Nov 11 2019 09:38:24 GMT+0100 (CET);Mon Nov 11 2019 08:38:24 GMT+0100 (CET);1573461504000;0.26;55.48
1380556890909648;8.4;33.8;Mon Nov 11 2019 09:40:17 GMT+0100 (CET);Mon Nov 11 2019 08:40:17 GMT+0100 (CET);1573461617000;0.25;52.9
1380556890909648;8.4;33.8;Mon Nov 11 2019 09:42:10 GMT+0100 (CET);Mon Nov 11 2019 08:42:10 GMT+0100 (CET);1573461730000;0.26;54.18
1380556890909648;8.4;34;Mon Nov 11 2019 09:44:03 GMT+0100 (CET);Mon Nov 11 2019 08:44:03 GMT+0100 (CET);1573461843000;0.28;59.98
1380556890909648;8.4;34.1;Mon Nov 11 2019 09:45:55 GMT+0100 (CET);Mon Nov 11 2019 08:45:55 GMT+0100 (CET);1573461955000;0.29;61.1
1380556890909648;6.9;34.1;Mon Nov 11 2019 09:47:49 GMT+0100 (CET);Mon Nov 11 2019 08:47:49 GMT+0100 (CET);1573462069000;0.27;56.31
1380556890909648;6.9;33.9;Mon Nov 11 2019 09:49:42 GMT+0100 (CET);Mon Nov 11 2019 08:49:42 GMT+0100 (CET);1573462182000;0.26;55.43
1380556890909648;6.9;34;Mon Nov 11 2019 09:51:34 GMT+0100 (CET);Mon Nov 11 2019 08:51:34 GMT+0100 (CET);1573462294000;0.28;60.17
1380556890909648;6.9;34.1;Mon Nov 11 2019 09:53:27 GMT+0100 (CET);Mon Nov 11 2019 08:53:27 GMT+0100 (CET);1573462407000;0.27;58.31
1380556890909648;6.9;34;Mon Nov 11 2019 09:55:20 GMT+0100 (CET);Mon Nov 11 2019 08:55:20 GMT+0100 (CET);1573462520000;0.28;60.86
1380556890909648;8.4;34.2;Mon Nov 11 2019 09:57:13 GMT+0100 (CET);Mon Nov 11 2019 08:57:13 GMT+0100 (CET);1573462633000;0.33;70.08
1380556890909648;8.4;34.3;Mon Nov 11 2019 09:59:05 GMT+0100 (CET);Mon Nov 11 2019 08:59:05 GMT+0100 (CET);1573462745000;0.33;69.95
1380556890909648;8.4;34.2;Mon Nov 11 2019 10:00:58 GMT+0100 (CET);Mon Nov 11 2019 09:00:58 GMT+0100 (CET);1573462858000;0.33;70.27
1380556890909648;8.4;34.4;Mon Nov 11 2019 10:02:50 GMT+0100 (CET);Mon Nov 11 2019 09:02:50 GMT+0100 (CET);1573462970000;0.35;74.1
1380556890909648;8.4;35.2;Mon Nov 11 2019 10:04:43 GMT+0100 (CET);Mon Nov 11 2019 09:04:43 GMT+0100 (CET);1573463083000;0.34;71.75
1380556890909648;8.4;35;Mon Nov 11 2019 10:06:36 GMT+0100 (CET);Mon Nov 11 2019 09:06:36 GMT+0100 (CET);1573463196000;0.34;72.18
1380556890909648;8.4;35;Mon Nov 11 2019 10:08:30 GMT+0100 (CET);Mon Nov 11 2019 09:08:30 GMT+0100 (CET);1573463310000;0.32;70.4
1380556890909648;8.4;35;Mon Nov 11 2019 10:10:22 GMT+0100 (CET);Mon Nov 11 2019 09:10:22 GMT+0100 (CET);1573463422000;0.34;70.91
1380556890909648;8.4;34.3;Mon Nov 11 2019 10:12:16 GMT+0100 (CET);Mon Nov 11 2019 09:12:16 GMT+0100 (CET);1573463536000;0.33;68.67
1380556890909648;8.4;34.2;Mon Nov 11 2019 10:14:09 GMT+0100 (CET);Mon Nov 11 2019 09:14:09 GMT+0100 (CET);1573463649000;0.33;70.05
1380556890909648;8.4;34.3;Mon Nov 11 2019 10:16:01 GMT+0100 (CET);Mon Nov 11 2019 09:16:01 GMT+0100 (CET);1573463761000;0.35;74.49
1380556890909648;8.4;34.5;Mon Nov 11 2019 10:17:54 GMT+0100 (CET);Mon Nov 11 2019 09:17:54 GMT+0100 (CET);1573463874000;0.38;78.73
1380556890909648;8.4;34.6;Mon Nov 11 2019 10:19:47 GMT+0100 (CET);Mon Nov 11 2019 09:19:47 GMT+0100 (CET);1573463987000;0.37;78.29
1380556890909648;8.4;34.6;Mon Nov 11 2019 10:21:40 GMT+0100 (CET);Mon Nov 11 2019 09:21:40 GMT+0100 (CET);1573464100000;0.41;87.96
1380556890909648;8.4;35.1;Mon Nov 11 2019 10:23:34 GMT+0100 (CET);Mon Nov 11 2019 09:23:34 GMT+0100 (CET);1573464214000;0.39;82.52
1380556890909648;8.4;35.3;Mon Nov 11 2019 10:25:28 GMT+0100 (CET);Mon Nov 11 2019 09:25:28 GMT+0100 (CET);1573464328000;0.38;82.71
1380556890909648;8.9;35.2;Mon Nov 11 2019 10:27:21 GMT+0100 (CET);Mon Nov 11 2019 09:27:21 GMT+0100 (CET);1573464441000;0.41;87.06
1380556890909648;8.9;35.4;Mon Nov 11 2019 10:29:14 GMT+0100 (CET);Mon Nov 11 2019 09:29:14 GMT+0100 (CET);1573464554000;0.39;84.8
1380556890909648;8.9;35.3;Mon Nov 11 2019 10:31:08 GMT+0100 (CET);Mon Nov 11 2019 09:31:08 GMT+0100 (CET);1573464668000;0.38;81.85
1380556890909648;8.9;35.3;Mon Nov 11 2019 10:33:02 GMT+0100 (CET);Mon Nov 11 2019 09:33:02 GMT+0100 (CET);1573464782000;0.41;88.62
1380556890909648;8.9;35.2;Mon Nov 11 2019 10:34:56 GMT+0100 (CET);Mon Nov 11 2019 09:34:56 GMT+0100 (CET);1573464896000;0.45;97.71
1380556890909648;8.9;35.6;Mon Nov 11 2019 10:36:49 GMT+0100 (CET);Mon Nov 11 2019 09:36:49 GMT+0100 (CET);1573465009000;0.46;98.59
1380556890909648;8.9;35.4;Mon Nov 11 2019 10:38:42 GMT+0100 (CET);Mon Nov 11 2019 09:38:42 GMT+0100 (CET);1573465122000;0.45;97.25
1380556890909648;8.9;35.4;Mon Nov 11 2019 10:40:34 GMT+0100 (CET);Mon Nov 11 2019 09:40:34 GMT+0100 (CET);1573465234000;0.45;96.74
1380556890909648;8.9;35.4;Mon Nov 11 2019 10:42:27 GMT+0100 (CET);Mon Nov 11 2019 09:42:27 GMT+0100 (CET);1573465347000;0.44;94.98
1380556890909648;8.9;35.3;Mon Nov 11 2019 10:44:20 GMT+0100 (CET);Mon Nov 11 2019 09:44:20 GMT+0100 (CET);1573465460000;0.46;97.83
1380556890909648;8.9;35.4;Mon Nov 11 2019 10:46:16 GMT+0100 (CET);Mon Nov 11 2019 09:46:16 GMT+0100 (CET);1573465576000;0.47;102.28
1380556890909648;8.9;35.4;Mon Nov 11 2019 10:48:08 GMT+0100 (CET);Mon Nov 11 2019 09:48:08 GMT+0100 (CET);1573465688000;0.44;96.42
1380556890909648;9.9;35.5;Mon Nov 11 2019 10:50:01 GMT+0100 (CET);Mon Nov 11 2019 09:50:01 GMT+0100 (CET);1573465801000;0.48;103.49
1380556890909648;9.9;35.6;Mon Nov 11 2019 10:51:55 GMT+0100 (CET);Mon Nov 11 2019 09:51:55 GMT+0100 (CET);1573465915000;0.5;108.02
1380556890909648;9.9;35.6;Mon Nov 11 2019 10:53:48 GMT+0100 (CET);Mon Nov 11 2019 09:53:48 GMT+0100 (CET);1573466028000;0.53;113.02
1380556890909648;9.9;35.7;Mon Nov 11 2019 10:55:40 GMT+0100 (CET);Mon Nov 11 2019 09:55:40 GMT+0100 (CET);1573466140000;0.5;110.1
1380556890909648;9.9;35.6;Mon Nov 11 2019 10:57:33 GMT+0100 (CET);Mon Nov 11 2019 09:57:33 GMT+0100 (CET);1573466253000;0.51;110.01
1380556890909648;9.9;35.6;Mon Nov 11 2019 10:59:25 GMT+0100 (CET);Mon Nov 11 2019 09:59:25 GMT+0100 (CET);1573466365000;0.49;106.97
1380556890909648;9.9;35.5;Mon Nov 11 2019 11:01:18 GMT+0100 (CET);Mon Nov 11 2019 10:01:18 GMT+0100 (CET);1573466478000;0.51;110.02
1380556890909648;9.9;35.6;Mon Nov 11 2019 11:03:11 GMT+0100 (CET);Mon Nov 11 2019 10:03:11 GMT+0100 (CET);1573466591000;0.51;109.52
1380556890909648;9.9;35.6;Mon Nov 11 2019 11:05:04 GMT+0100 (CET);Mon Nov 11 2019 10:05:04 GMT+0100 (CET);1573466704000;0.51;110.95
1380556890909648;9.9;35.8;Mon Nov 11 2019 11:06:56 GMT+0100 (CET);Mon Nov 11 2019 10:06:56 GMT+0100 (CET);1573466816000;0.54;117
1380556890909648;9.9;35.6;Mon Nov 11 2019 11:08:49 GMT+0100 (CET);Mon Nov 11 2019 10:08:49 GMT+0100 (CET);1573466929000;0.56;120.86
1380556890909648;9.9;35.8;Mon Nov 11 2019 11:10:42 GMT+0100 (CET);Mon Nov 11 2019 10:10:42 GMT+0100 (CET);1573467042000;0.62;137.16
1380556890909648;9.9;35.9;Mon Nov 11 2019 11:12:34 GMT+0100 (CET);Mon Nov 11 2019 10:12:34 GMT+0100 (CET);1573467154000;0.67;146.94
1380556890909648;9.9;36;Mon Nov 11 2019 11:14:27 GMT+0100 (CET);Mon Nov 11 2019 10:14:27 GMT+0100 (CET);1573467267000;0.72;156.54
1380556890909648;9.9;36;Mon Nov 11 2019 11:16:21 GMT+0100 (CET);Mon Nov 11 2019 10:16:21 GMT+0100 (CET);1573467381000;0.69;149.12
1380556890909648;10.9;36;Mon Nov 11 2019 11:18:14 GMT+0100 (CET);Mon Nov 11 2019 10:18:14 GMT+0100 (CET);1573467494000;0.69;151.76
1380556890909648;10.9;36;Mon Nov 11 2019 11:20:07 GMT+0100 (CET);Mon Nov 11 2019 10:20:07 GMT+0100 (CET);1573467607000;0.76;164.3
1380556890909648;10.9;36.3;Mon Nov 11 2019 11:22:14 GMT+0100 (CET);Mon Nov 11 2019 10:22:14 GMT+0100 (CET);1573467734000;0.72;160.22
1380556890909648;12.4;36;Mon Nov 11 2019 11:24:07 GMT+0100 (CET);Mon Nov 11 2019 10:24:07 GMT+0100 (CET);1573467847000;0.73;157.95
1380556890909648;12.4;36;Mon Nov 11 2019 11:26:01 GMT+0100 (CET);Mon Nov 11 2019 10:26:01 GMT+0100 (CET);1573467961000;0.77;166.73
1380556890909648;12.4;36;Mon Nov 11 2019 11:27:54 GMT+0100 (CET);Mon Nov 11 2019 10:27:54 GMT+0100 (CET);1573468074000;0.84;183.53
1380556890909648;12.4;35.9;Mon Nov 11 2019 11:29:47 GMT+0100 (CET);Mon Nov 11 2019 10:29:47 GMT+0100 (CET);1573468187000;0.71;156.06
1380556890909648;12.4;35.9;Mon Nov 11 2019 11:31:40 GMT+0100 (CET);Mon Nov 11 2019 10:31:40 GMT+0100 (CET);1573468300000;0.77;167.67
1380556890909648;12.4;36;Mon Nov 11 2019 11:33:33 GMT+0100 (CET);Mon Nov 11 2019 10:33:33 GMT+0100 (CET);1573468413000;0.74;164.47
1380556890909648;12.4;36.1;Mon Nov 11 2019 11:35:26 GMT+0100 (CET);Mon Nov 11 2019 10:35:26 GMT+0100 (CET);1573468526000;0.91;198.76
1380556890909648;12.4;36.5;Mon Nov 11 2019 11:37:19 GMT+0100 (CET);Mon Nov 11 2019 10:37:19 GMT+0100 (CET);1573468639000;0.96;211.04
1380556890909648;12.4;36.3;Mon Nov 11 2019 11:39:12 GMT+0100 (CET);Mon Nov 11 2019 10:39:12 GMT+0100 (CET);1573468752000;0.93;203.51
1380556890909648;12.4;36.4;Mon Nov 11 2019 11:41:05 GMT+0100 (CET);Mon Nov 11 2019 10:41:05 GMT+0100 (CET);1573468865000;0.93;205.79
1380556890909648;12.4;36.5;Mon Nov 11 2019 11:42:59 GMT+0100 (CET);Mon Nov 11 2019 10:42:59 GMT+0100 (CET);1573468979000;0.92;205.13
1380556890909648;12.4;36.4;Mon Nov 11 2019 11:44:51 GMT+0100 (CET);Mon Nov 11 2019 10:44:51 GMT+0100 (CET);1573469091000;0.9;201.67
1380556890909648;12.4;36.4;Mon Nov 11 2019 11:46:44 GMT+0100 (CET);Mon Nov 11 2019 10:46:44 GMT+0100 (CET);1573469204000;0.89;197.98
1380556890909648;12.9;36.1;Mon Nov 11 2019 11:48:47 GMT+0100 (CET);Mon Nov 11 2019 10:48:47 GMT+0100 (CET);1573469327000;0.81;181.11
1380556890909648;12.9;35.9;Mon Nov 11 2019 11:50:40 GMT+0100 (CET);Mon Nov 11 2019 10:50:40 GMT+0100 (CET);1573469440000;0.77;168.53
1380556890909648;12.9;35.8;Mon Nov 11 2019 11:52:33 GMT+0100 (CET);Mon Nov 11 2019 10:52:33 GMT+0100 (CET);1573469553000;0.74;159.28
1380556890909648;12.9;35.7;Mon Nov 11 2019 11:54:25 GMT+0100 (CET);Mon Nov 11 2019 10:54:25 GMT+0100 (CET);1573469665000;0.67;146.14
1380556890909648;12.9;35.6;Mon Nov 11 2019 11:56:23 GMT+0100 (CET);Mon Nov 11 2019 10:56:23 GMT+0100 (CET);1573469783000;0.66;144.28
1380556890909648;12.9;35.8;Mon Nov 11 2019 11:58:16 GMT+0100 (CET);Mon Nov 11 2019 10:58:16 GMT+0100 (CET);1573469896000;0.88;280.12
1380556890909648;12.9;36.6;Mon Nov 11 2019 12:00:08 GMT+0100 (CET);Mon Nov 11 2019 11:00:08 GMT+0100 (CET);1573470008000;0.94;203.95
1380556890909648;12.9;36;Mon Nov 11 2019 12:02:02 GMT+0100 (CET);Mon Nov 11 2019 11:02:02 GMT+0100 (CET);1573470122000;0.78;171.1
1380556890909648;12.9;36;Mon Nov 11 2019 12:04:16 GMT+0100 (CET);Mon Nov 11 2019 11:04:16 GMT+0100 (CET);1573470256000;0.81;179.92
1380556890909648;12.9;36.1;Mon Nov 11 2019 12:06:09 GMT+0100 (CET);Mon Nov 11 2019 11:06:09 GMT+0100 (CET);1573470369000;0.9;196.57
1380556890909648;12.9;36.1;Mon Nov 11 2019 12:08:03 GMT+0100 (CET);Mon Nov 11 2019 11:08:03 GMT+0100 (CET);1573470483000;0.84;184.89
1380556890909648;12.9;35.8;Mon Nov 11 2019 12:09:56 GMT+0100 (CET);Mon Nov 11 2019 11:09:56 GMT+0100 (CET);1573470596000;0.73;162.57
1380556890909648;12.9;35.8;Mon Nov 11 2019 12:11:53 GMT+0100 (CET);Mon Nov 11 2019 11:11:53 GMT+0100 (CET);1573470713000;0.69;155.46
1380556890909648;12.9;35.9;Mon Nov 11 2019 12:13:45 GMT+0100 (CET);Mon Nov 11 2019 11:13:45 GMT+0100 (CET);1573470825000;0.75;166.34
1380556890909648;12.9;35.9;Mon Nov 11 2019 12:15:38 GMT+0100 (CET);Mon Nov 11 2019 11:15:38 GMT+0100 (CET);1573470938000;0.68;152.39
1380556890909648;12.9;35.8;Mon Nov 11 2019 12:17:31 GMT+0100 (CET);Mon Nov 11 2019 11:17:31 GMT+0100 (CET);1573471051000;0.65;146.88
1380556890909648;12.9;35.8;Mon Nov 11 2019 12:19:24 GMT+0100 (CET);Mon Nov 11 2019 11:19:24 GMT+0100 (CET);1573471164000;0.64;142.75
1380556890909648;12.9;35.6;Mon Nov 11 2019 12:21:18 GMT+0100 (CET);Mon Nov 11 2019 11:21:18 GMT+0100 (CET);1573471278000;0.64;142.76
1380556890909648;12.9;35.6;Mon Nov 11 2019 12:23:11 GMT+0100 (CET);Mon Nov 11 2019 11:23:11 GMT+0100 (CET);1573471391000;0.64;141.99
1380556890909648;12.9;35.6;Mon Nov 11 2019 12:25:03 GMT+0100 (CET);Mon Nov 11 2019 11:25:03 GMT+0100 (CET);1573471503000;0.63;140.42
1380556890909648;12.9;35.8;Mon Nov 11 2019 12:26:56 GMT+0100 (CET);Mon Nov 11 2019 11:26:56 GMT+0100 (CET);1573471616000;0.67;149.74
1380556890909648;12.9;35.9;Mon Nov 11 2019 12:28:49 GMT+0100 (CET);Mon Nov 11 2019 11:28:49 GMT+0100 (CET);1573471729000;0.76;167.4
1380556890909648;12.9;35.9;Mon Nov 11 2019 12:30:43 GMT+0100 (CET);Mon Nov 11 2019 11:30:43 GMT+0100 (CET);1573471843000;0.7;157.12
1380556890909648;12.9;35.9;Mon Nov 11 2019 12:32:36 GMT+0100 (CET);Mon Nov 11 2019 11:32:36 GMT+0100 (CET);1573471956000;0.72;160.25
1380556890909648;12.9;36;Mon Nov 11 2019 12:34:30 GMT+0100 (CET);Mon Nov 11 2019 11:34:30 GMT+0100 (CET);1573472070000;0.81;180.58
1380556890909648;12.9;36.4;Mon Nov 11 2019 12:36:23 GMT+0100 (CET);Mon Nov 11 2019 11:36:23 GMT+0100 (CET);1573472183000;0.93;204.37
1380556890909648;12.9;36.4;Mon Nov 11 2019 12:38:16 GMT+0100 (CET);Mon Nov 11 2019 11:38:16 GMT+0100 (CET);1573472296000;0.94;205.58
1380556890909648;12.9;36.4;Mon Nov 11 2019 12:40:09 GMT+0100 (CET);Mon Nov 11 2019 11:40:09 GMT+0100 (CET);1573472409000;0.93;205.19
1380556890909648;12.9;36.6;Mon Nov 11 2019 12:42:02 GMT+0100 (CET);Mon Nov 11 2019 11:42:02 GMT+0100 (CET);1573472522000;0.94;210.68
1380556890909648;14.4;36.6;Mon Nov 11 2019 12:43:55 GMT+0100 (CET);Mon Nov 11 2019 11:43:55 GMT+0100 (CET);1573472635000;1.07;241.82
1380556890909648;14.4;36.7;Mon Nov 11 2019 12:45:48 GMT+0100 (CET);Mon Nov 11 2019 11:45:48 GMT+0100 (CET);1573472748000;1.15;257.45
1380556890909648;14.4;36.5;Mon Nov 11 2019 12:47:41 GMT+0100 (CET);Mon Nov 11 2019 11:47:41 GMT+0100 (CET);1573472861000;1.25;275.49
1380556890909648;14.4;36.5;Mon Nov 11 2019 12:49:34 GMT+0100 (CET);Mon Nov 11 2019 11:49:34 GMT+0100 (CET);1573472974000;2.15;409.59
1380556890909648;14.4;36.2;Mon Nov 11 2019 12:51:27 GMT+0100 (CET);Mon Nov 11 2019 11:51:27 GMT+0100 (CET);1573473087000;1.02;227.63
1380556890909648;14.4;36.6;Mon Nov 11 2019 12:53:20 GMT+0100 (CET);Mon Nov 11 2019 11:53:20 GMT+0100 (CET);1573473200000;0.9;200.02
1380556890909648;14.4;35.6;Mon Nov 11 2019 12:55:13 GMT+0100 (CET);Mon Nov 11 2019 11:55:13 GMT+0100 (CET);1573473313000;0.78;174
1380556890909648;14.4;35.5;Mon Nov 11 2019 12:57:11 GMT+0100 (CET);Mon Nov 11 2019 11:57:11 GMT+0100 (CET);1573473431000;0.6;133.35
1380556890909648;14.4;35.1;Mon Nov 11 2019 12:59:06 GMT+0100 (CET);Mon Nov 11 2019 11:59:06 GMT+0100 (CET);1573473546000;0.57;123.69
1380556890909648;14.4;35.1;Mon Nov 11 2019 13:01:02 GMT+0100 (CET);Mon Nov 11 2019 12:01:02 GMT+0100 (CET);1573473662000;0.55;119.24
1380556890909648;14.4;35;Mon Nov 11 2019 13:02:54 GMT+0100 (CET);Mon Nov 11 2019 12:02:54 GMT+0100 (CET);1573473774000;0.55;119.36
1380556890909648;14.4;35.1;Mon Nov 11 2019 13:04:49 GMT+0100 (CET);Mon Nov 11 2019 12:04:49 GMT+0100 (CET);1573473889000;0.58;123.67
1380556890909648;14.4;35.2;Mon Nov 11 2019 13:06:44 GMT+0100 (CET);Mon Nov 11 2019 12:06:44 GMT+0100 (CET);1573474004000;0.6;127.09
1380556890909648;14.4;35.2;Mon Nov 11 2019 13:08:39 GMT+0100 (CET);Mon Nov 11 2019 12:08:39 GMT+0100 (CET);1573474119000;0.6;128.05
1380556890909648;14.4;35.1;Mon Nov 11 2019 13:10:32 GMT+0100 (CET);Mon Nov 11 2019 12:10:32 GMT+0100 (CET);1573474232000;0.56;120.89
1380556890909648;14.4;35.1;Mon Nov 11 2019 13:13:00 GMT+0100 (CET);Mon Nov 11 2019 12:13:00 GMT+0100 (CET);1573474380000;0.47;102.48
1380556890909648;14.4;34.8;Mon Nov 11 2019 13:14:54 GMT+0100 (CET);Mon Nov 11 2019 12:14:54 GMT+0100 (CET);1573474494000;0.51;107.75
1380556890909648;12.9;34.7;Mon Nov 11 2019 13:16:46 GMT+0100 (CET);Mon Nov 11 2019 12:16:46 GMT+0100 (CET);1573474606000;0.56;118.98
1380556890909648;12.9;35;Mon Nov 11 2019 13:18:41 GMT+0100 (CET);Mon Nov 11 2019 12:18:41 GMT+0100 (CET);1573474721000;0.49;106.96
1380556890909648;12.9;34.5;Mon Nov 11 2019 13:20:35 GMT+0100 (CET);Mon Nov 11 2019 12:20:35 GMT+0100 (CET);1573474835000;0.49;102.64
1380556890909648;12.9;34.3;Mon Nov 11 2019 13:22:46 GMT+0100 (CET);Mon Nov 11 2019 12:22:46 GMT+0100 (CET);1573474966000;0.45;95.07
1380556890909648;12.9;34.3;Mon Nov 11 2019 13:24:40 GMT+0100 (CET);Mon Nov 11 2019 12:24:40 GMT+0100 (CET);1573475080000;0.47;99.54
1380556890909648;12.4;34.4;Mon Nov 11 2019 13:26:33 GMT+0100 (CET);Mon Nov 11 2019 12:26:33 GMT+0100 (CET);1573475193000;0.51;106.8
1380556890909648;12.4;34.5;Mon Nov 11 2019 13:28:28 GMT+0100 (CET);Mon Nov 11 2019 12:28:28 GMT+0100 (CET);1573475308000;0.51;107.96
1380556890909648;12.4;34.7;Mon Nov 11 2019 13:30:20 GMT+0100 (CET);Mon Nov 11 2019 12:30:20 GMT+0100 (CET);1573475420000;0.53;111.81
1380556890909648;12.4;34.8;Mon Nov 11 2019 13:32:13 GMT+0100 (CET);Mon Nov 11 2019 12:32:13 GMT+0100 (CET);1573475533000;0.56;117.52
1380556890909648;12.4;35.3;Mon Nov 11 2019 13:34:09 GMT+0100 (CET);Mon Nov 11 2019 12:34:09 GMT+0100 (CET);1573475649000;0.55;118.57
1380556890909648;12.4;35.3;Mon Nov 11 2019 13:36:02 GMT+0100 (CET);Mon Nov 11 2019 12:36:02 GMT+0100 (CET);1573475762000;0.51;110.67
1380556890909648;12.4;35.2;Mon Nov 11 2019 13:37:56 GMT+0100 (CET);Mon Nov 11 2019 12:37:56 GMT+0100 (CET);1573475876000;0.51;111.26
1380556890909648;12.4;35.2;Mon Nov 11 2019 13:39:49 GMT+0100 (CET);Mon Nov 11 2019 12:39:49 GMT+0100 (CET);1573475989000;0.55;117.45
1380556890909648;12.4;35.3;Mon Nov 11 2019 13:41:42 GMT+0100 (CET);Mon Nov 11 2019 12:41:42 GMT+0100 (CET);1573476102000;0.58;124.14
1380556890909648;12.4;35.3;Mon Nov 11 2019 13:43:35 GMT+0100 (CET);Mon Nov 11 2019 12:43:35 GMT+0100 (CET);1573476215000;0.6;128.74
1380556890909648;12.4;35.3;Mon Nov 11 2019 13:45:28 GMT+0100 (CET);Mon Nov 11 2019 12:45:28 GMT+0100 (CET);1573476328000;0.58;124.27
1380556890909648;12.4;35.3;Mon Nov 11 2019 13:47:22 GMT+0100 (CET);Mon Nov 11 2019 12:47:22 GMT+0100 (CET);1573476442000;0.58;124.08
1380556890909648;12.4;35.3;Mon Nov 11 2019 13:49:15 GMT+0100 (CET);Mon Nov 11 2019 12:49:15 GMT+0100 (CET);1573476555000;0.57;123.04
1380556890909648;12.4;35.3;Mon Nov 11 2019 13:51:17 GMT+0100 (CET);Mon Nov 11 2019 12:51:17 GMT+0100 (CET);1573476677000;0.55;117.63
1380556890909648;12.4;35.2;Mon Nov 11 2019 13:53:11 GMT+0100 (CET);Mon Nov 11 2019 12:53:11 GMT+0100 (CET);1573476791000;0.51;111.28
1380556890909648;12.4;35.3;Mon Nov 11 2019 13:55:03 GMT+0100 (CET);Mon Nov 11 2019 12:55:03 GMT+0100 (CET);1573476903000;0.59;127.42
1380556890909648;12.4;35.4;Mon Nov 11 2019 13:56:57 GMT+0100 (CET);Mon Nov 11 2019 12:56:57 GMT+0100 (CET);1573477017000;0.62;134.64
1380556890909648;12.4;35.3;Mon Nov 11 2019 13:58:49 GMT+0100 (CET);Mon Nov 11 2019 12:58:49 GMT+0100 (CET);1573477129000;0.61;132.27
1380556890909648;12.4;35.4;Mon Nov 11 2019 14:00:43 GMT+0100 (CET);Mon Nov 11 2019 13:00:43 GMT+0100 (CET);1573477243000;0.57;122.91
1380556890909648;12.4;35.3;Mon Nov 11 2019 14:02:36 GMT+0100 (CET);Mon Nov 11 2019 13:02:36 GMT+0100 (CET);1573477356000;0.56;119.45
1380556890909648;12.4;35.1;Mon Nov 11 2019 14:04:39 GMT+0100 (CET);Mon Nov 11 2019 13:04:39 GMT+0100 (CET);1573477479000;0.52;110.33
1380556890909648;12.4;35;Mon Nov 11 2019 14:06:32 GMT+0100 (CET);Mon Nov 11 2019 13:06:32 GMT+0100 (CET);1573477592000;0.47;99.7
1380556890909648;12.4;35;Mon Nov 11 2019 14:08:28 GMT+0100 (CET);Mon Nov 11 2019 13:08:28 GMT+0100 (CET);1573477708000;0.42;89.3
1380556890909648;12.4;34.9;Mon Nov 11 2019 14:10:20 GMT+0100 (CET);Mon Nov 11 2019 13:10:20 GMT+0100 (CET);1573477820000;0.37;79.11
1380556890909648;12.4;34.4;Mon Nov 11 2019 14:12:15 GMT+0100 (CET);Mon Nov 11 2019 13:12:15 GMT+0100 (CET);1573477935000;0.36;74.89
1380556890909648;12.4;34;Mon Nov 11 2019 14:14:09 GMT+0100 (CET);Mon Nov 11 2019 13:14:09 GMT+0100 (CET);1573478049000;0.34;71.05
1380556890909648;12.4;33.8;Mon Nov 11 2019 14:16:02 GMT+0100 (CET);Mon Nov 11 2019 13:16:02 GMT+0100 (CET);1573478162000;0.33;68.69
1380556890909648;12.4;33.8;Mon Nov 11 2019 14:17:56 GMT+0100 (CET);Mon Nov 11 2019 13:17:56 GMT+0100 (CET);1573478276000;0.34;69.86
1380556890909648;12.4;33.8;Mon Nov 11 2019 14:19:49 GMT+0100 (CET);Mon Nov 11 2019 13:19:49 GMT+0100 (CET);1573478389000;0.37;77.03
1380556890909648;9.9;34;Mon Nov 11 2019 14:21:47 GMT+0100 (CET);Mon Nov 11 2019 13:21:47 GMT+0100 (CET);1573478507000;0.38;80.09
1380556890909648;9.9;34.1;Mon Nov 11 2019 14:24:04 GMT+0100 (CET);Mon Nov 11 2019 13:24:04 GMT+0100 (CET);1573478644000;0.37;76.55
1380556890909648;9.9;34;Mon Nov 11 2019 14:26:01 GMT+0100 (CET);Mon Nov 11 2019 13:26:01 GMT+0100 (CET);1573478761000;0.34;70.23
1380556890909648;9.9;33.8;Mon Nov 11 2019 14:27:54 GMT+0100 (CET);Mon Nov 11 2019 13:27:54 GMT+0100 (CET);1573478874000;0.32;67.47
1380556890909648;9.9;33.8;Mon Nov 11 2019 14:29:46 GMT+0100 (CET);Mon Nov 11 2019 13:29:46 GMT+0100 (CET);1573478986000;0.3;63.68
1380556890909648;9.9;33.8;Mon Nov 11 2019 14:31:39 GMT+0100 (CET);Mon Nov 11 2019 13:31:39 GMT+0100 (CET);1573479099000;0.28;58.64
1380556890909648;9.9;33.7;Mon Nov 11 2019 14:33:37 GMT+0100 (CET);Mon Nov 11 2019 13:33:37 GMT+0100 (CET);1573479217000;0.25;51.22
1380556890909648;9.9;33.4;Mon Nov 11 2019 14:35:30 GMT+0100 (CET);Mon Nov 11 2019 13:35:30 GMT+0100 (CET);1573479330000;0.23;48.49
1380556890909648;9.9;33.3;Mon Nov 11 2019 14:37:26 GMT+0100 (CET);Mon Nov 11 2019 13:37:26 GMT+0100 (CET);1573479446000;0.2;43.27
1380556890909648;9.9;33.2;Mon Nov 11 2019 14:39:35 GMT+0100 (CET);Mon Nov 11 2019 13:39:35 GMT+0100 (CET);1573479575000;0.21;44.17
1380556890909648;9.9;33.2;Mon Nov 11 2019 14:41:29 GMT+0100 (CET);Mon Nov 11 2019 13:41:29 GMT+0100 (CET);1573479689000;0.21;45.01
1380556890909648;9.9;33.2;Mon Nov 11 2019 14:43:24 GMT+0100 (CET);Mon Nov 11 2019 13:43:24 GMT+0100 (CET);1573479804000;0.21;44.22
1380556890909648;9.9;33.2;Mon Nov 11 2019 14:45:18 GMT+0100 (CET);Mon Nov 11 2019 13:45:18 GMT+0100 (CET);1573479918000;0.2;43.44
1380556890909648;9.9;33.2;Mon Nov 11 2019 14:47:20 GMT+0100 (CET);Mon Nov 11 2019 13:47:20 GMT+0100 (CET);1573480040000;0.2;42.07
1380556890909648;9.9;33;Mon Nov 11 2019 14:49:13 GMT+0100 (CET);Mon Nov 11 2019 13:49:13 GMT+0100 (CET);1573480153000;0.19;41.6
1380556890909648;8.9;33.1;Mon Nov 11 2019 14:51:12 GMT+0100 (CET);Mon Nov 11 2019 13:51:12 GMT+0100 (CET);1573480272000;0.2;44.09
1380556890909648;8.9;33.2;Mon Nov 11 2019 14:53:04 GMT+0100 (CET);Mon Nov 11 2019 13:53:04 GMT+0100 (CET);1573480384000;0.21;45.1
1380556890909648;8.9;33.2;Mon Nov 11 2019 14:55:02 GMT+0100 (CET);Mon Nov 11 2019 13:55:02 GMT+0100 (CET);1573480502000;0.24;51.74
1380556890909648;8.9;33.3;Mon Nov 11 2019 14:56:55 GMT+0100 (CET);Mon Nov 11 2019 13:56:55 GMT+0100 (CET);1573480615000;0.3;63.72
1380556890909648;8.9;33.4;Mon Nov 11 2019 14:58:48 GMT+0100 (CET);Mon Nov 11 2019 13:58:48 GMT+0100 (CET);1573480728000;0.38;79.53
1380556890909648;8.9;34.3;Mon Nov 11 2019 15:00:40 GMT+0100 (CET);Mon Nov 11 2019 14:00:40 GMT+0100 (CET);1573480840000;0.37;80.36
1380556890909648;8.9;34.7;Mon Nov 11 2019 15:02:49 GMT+0100 (CET);Mon Nov 11 2019 14:02:49 GMT+0100 (CET);1573480969000;0.38;82.88
1380556890909648;9.9;35;Mon Nov 11 2019 15:04:48 GMT+0100 (CET);Mon Nov 11 2019 14:04:48 GMT+0100 (CET);1573481088000;0.34;75.42
1380556890909648;9.9;34.9;Mon Nov 11 2019 15:06:41 GMT+0100 (CET);Mon Nov 11 2019 14:06:41 GMT+0100 (CET);1573481201000;0.29;61.99
1380556890909648;9.9;34.7;Mon Nov 11 2019 15:08:34 GMT+0100 (CET);Mon Nov 11 2019 14:08:34 GMT+0100 (CET);1573481314000;0.13;32.38
1380556890909648;9.9;33.4;Mon Nov 11 2019 15:10:28 GMT+0100 (CET);Mon Nov 11 2019 14:10:28 GMT+0100 (CET);1573481428000;0.1;24.43
1380556890909648;9.9;32.4;Mon Nov 11 2019 15:12:21 GMT+0100 (CET);Mon Nov 11 2019 14:12:21 GMT+0100 (CET);1573481541000;0.1;22.09
1380556890909648;8.4;31.6;Mon Nov 11 2019 15:14:13 GMT+0100 (CET);Mon Nov 11 2019 14:14:13 GMT+0100 (CET);1573481653000;0.09;21.27
1380556890909648;8.4;31;Mon Nov 11 2019 15:16:06 GMT+0100 (CET);Mon Nov 11 2019 14:16:06 GMT+0100 (CET);1573481766000;0.09;20.6
1380556890909648;8.4;30.9;Mon Nov 11 2019 15:18:22 GMT+0100 (CET);Mon Nov 11 2019 14:18:22 GMT+0100 (CET);1573481902000;0.08;18.29
1380556890909648;8.4;30.8;Mon Nov 11 2019 15:20:14 GMT+0100 (CET);Mon Nov 11 2019 14:20:14 GMT+0100 (CET);1573482014000;0.07;17.74
1380556890909648;8.4;30.6;Mon Nov 11 2019 15:22:10 GMT+0100 (CET);Mon Nov 11 2019 14:22:10 GMT+0100 (CET);1573482130000;0.08;17.99
1380556890909648;8.4;30.7;Mon Nov 11 2019 15:24:03 GMT+0100 (CET);Mon Nov 11 2019 14:24:03 GMT+0100 (CET);1573482243000;0.08;19.36
1380556890909648;8.4;31.1;Mon Nov 11 2019 15:26:04 GMT+0100 (CET);Mon Nov 11 2019 14:26:04 GMT+0100 (CET);1573482364000;0.09;20.96
1380556890909648;6.9;31.1;Mon Nov 11 2019 15:27:57 GMT+0100 (CET);Mon Nov 11 2019 14:27:57 GMT+0100 (CET);1573482477000;0.1;23.33
1380556890909648;6.9;31.4;Mon Nov 11 2019 15:29:50 GMT+0100 (CET);Mon Nov 11 2019 14:29:50 GMT+0100 (CET);1573482590000;0.12;26.83
1380556890909648;6.9;31.3;Mon Nov 11 2019 15:31:43 GMT+0100 (CET);Mon Nov 11 2019 14:31:43 GMT+0100 (CET);1573482703000;0.16;33.93
1380556890909648;6.9;31.1;Mon Nov 11 2019 15:33:58 GMT+0100 (CET);Mon Nov 11 2019 14:33:58 GMT+0100 (CET);1573482838000;0.18;38.16
1380556890909648;6.9;33;Mon Nov 11 2019 15:35:52 GMT+0100 (CET);Mon Nov 11 2019 14:35:52 GMT+0100 (CET);1573482952000;0.17;37.07
1380556890909648;6.9;32.9;Mon Nov 11 2019 15:37:44 GMT+0100 (CET);Mon Nov 11 2019 14:37:44 GMT+0100 (CET);1573483064000;0.17;36.05
1380556890909648;6.9;33;Mon Nov 11 2019 15:39:38 GMT+0100 (CET);Mon Nov 11 2019 14:39:38 GMT+0100 (CET);1573483178000;0.15;33.1
1380556890909648;6.9;32.9;Mon Nov 11 2019 15:41:38 GMT+0100 (CET);Mon Nov 11 2019 14:41:38 GMT+0100 (CET);1573483298000;0.13;29.55
1380556890909648;6.9;32.8;Mon Nov 11 2019 15:43:31 GMT+0100 (CET);Mon Nov 11 2019 14:43:31 GMT+0100 (CET);1573483411000;0.11;25.67
1380556890909648;6.9;32.8;Mon Nov 11 2019 15:45:23 GMT+0100 (CET);Mon Nov 11 2019 14:45:23 GMT+0100 (CET);1573483523000;0.09;21.03
1380556890909648;6.9;32.8;Mon Nov 11 2019 15:47:21 GMT+0100 (CET);Mon Nov 11 2019 14:47:21 GMT+0100 (CET);1573483641000;0.09;19.68
1380556890909648;6.9;32.8;Mon Nov 11 2019 15:49:43 GMT+0100 (CET);Mon Nov 11 2019 14:49:43 GMT+0100 (CET);1573483783000;0.08;18.7
1380556890909648;6.9;31.2;Mon Nov 11 2019 15:51:36 GMT+0100 (CET);Mon Nov 11 2019 14:51:36 GMT+0100 (CET);1573483896000;0.09;19.25
1380556890909648;6.9;31.4;Mon Nov 11 2019 15:53:29 GMT+0100 (CET);Mon Nov 11 2019 14:53:29 GMT+0100 (CET);1573484009000;0.09;19.97
1380556890909648;6.9;31.1;Mon Nov 11 2019 15:55:22 GMT+0100 (CET);Mon Nov 11 2019 14:55:22 GMT+0100 (CET);1573484122000;0.09;20.07
1380556890909648;6.9;31.3;Mon Nov 11 2019 15:57:32 GMT+0100 (CET);Mon Nov 11 2019 14:57:32 GMT+0100 (CET);1573484252000;0.1;22.02
1380556890909648;6.9;31.4;Mon Nov 11 2019 15:59:27 GMT+0100 (CET);Mon Nov 11 2019 14:59:27 GMT+0100 (CET);1573484367000;0.08;18.34
1380556890909648;6.9;31.4;Mon Nov 11 2019 16:01:22 GMT+0100 (CET);Mon Nov 11 2019 15:01:22 GMT+0100 (CET);1573484482000;0.07;16.98
1380556890909648;6.9;31.1;Mon Nov 11 2019 16:03:15 GMT+0100 (CET);Mon Nov 11 2019 15:03:15 GMT+0100 (CET);1573484595000;0.07;14.67
1380556890909648;6.9;30.8;Mon Nov 11 2019 16:05:09 GMT+0100 (CET);Mon Nov 11 2019 15:05:09 GMT+0100 (CET);1573484709000;0;13.05
1380556890909648;6.9;30.3;Mon Nov 11 2019 16:07:07 GMT+0100 (CET);Mon Nov 11 2019 15:07:07 GMT+0100 (CET);1573484827000;0;9.9
1380556890909648;6.9;30.2;Mon Nov 11 2019 16:08:59 GMT+0100 (CET);Mon Nov 11 2019 15:08:59 GMT+0100 (CET);1573484939000;0;7.78
1380556890909648;6.9;28.9;Mon Nov 11 2019 16:10:52 GMT+0100 (CET);Mon Nov 11 2019 15:10:52 GMT+0100 (CET);1573485052000;0;7.31
1380556890909648;6.4;34.2;Mon Nov 11 2019 16:12:45 GMT+0100 (CET);Mon Nov 11 2019 15:12:45 GMT+0100 (CET);1573485165000;0;6.95
1380556890909648;6.4;34.2;Mon Nov 11 2019 16:14:38 GMT+0100 (CET);Mon Nov 11 2019 15:14:38 GMT+0100 (CET);1573485278000;0;6.06
1380556890909648;6.4;30.5;Mon Nov 11 2019 16:16:31 GMT+0100 (CET);Mon Nov 11 2019 15:16:31 GMT+0100 (CET);1573485391000;0;5.03
1380556890909648;6.4;32.5;Mon Nov 11 2019 16:18:33 GMT+0100 (CET);Mon Nov 11 2019 15:18:33 GMT+0100 (CET);1573485513000;0;4.71
1380556890909648;6.4;32.2;Mon Nov 11 2019 16:20:26 GMT+0100 (CET);Mon Nov 11 2019 15:20:26 GMT+0100 (CET);1573485626000;0;4.41
1380556890909648;6.4;30.2;Mon Nov 11 2019 16:22:19 GMT+0100 (CET);Mon Nov 11 2019 15:22:19 GMT+0100 (CET);1573485739000;0;3.4
1380556890909648;6.4;28.9;Mon Nov 11 2019 16:24:12 GMT+0100 (CET);Mon Nov 11 2019 15:24:12 GMT+0100 (CET);1573485852000;0;3.22
1380556890909648;6.4;28.9;Mon Nov 11 2019 16:26:05 GMT+0100 (CET);Mon Nov 11 2019 15:26:05 GMT+0100 (CET);1573485965000;0;3.01
1380556890909648;4.9;25.7;Mon Nov 11 2019 16:28:13 GMT+0100 (CET);Mon Nov 11 2019 15:28:13 GMT+0100 (CET);1573486093000;0;2.45
1380556890909648;4.9;23;Mon Nov 11 2019 16:30:05 GMT+0100 (CET);Mon Nov 11 2019 15:30:05 GMT+0100 (CET);1573486205000;0;2.45
1380556890909648;4.9;23;Mon Nov 11 2019 16:32:02 GMT+0100 (CET);Mon Nov 11 2019 15:32:02 GMT+0100 (CET);1573486322000;0;2.2
1380556890909648;4.9;23;Mon Nov 11 2019 16:33:54 GMT+0100 (CET);Mon Nov 11 2019 15:33:54 GMT+0100 (CET);1573486434000;0;1.84
1380556890909648;-273.2;28.9;Tue Nov 12 2019 07:43:56 GMT+0100 (CET);Tue Nov 12 2019 06:43:56 GMT+0100 (CET);1573541036000;0;5.07
1380556890909648;0.8;32.6;Tue Nov 12 2019 07:45:49 GMT+0100 (CET);Tue Nov 12 2019 06:45:49 GMT+0100 (CET);1573541149000;0;5.54
1380556890909648;0.8;33;Tue Nov 12 2019 07:47:45 GMT+0100 (CET);Tue Nov 12 2019 06:47:45 GMT+0100 (CET);1573541265000;0;5.74
1380556890909648;0.8;30.1;Tue Nov 12 2019 07:49:50 GMT+0100 (CET);Tue Nov 12 2019 06:49:50 GMT+0100 (CET);1573541390000;0;6
1380556890909648;0.8;33.6;Tue Nov 12 2019 07:51:44 GMT+0100 (CET);Tue Nov 12 2019 06:51:44 GMT+0100 (CET);1573541504000;0;6.58
1380556890909648;0.8;31.1;Tue Nov 12 2019 07:53:36 GMT+0100 (CET);Tue Nov 12 2019 06:53:36 GMT+0100 (CET);1573541616000;0;7.24
1380556890909648;4.9;33.4;Tue Nov 12 2019 07:55:29 GMT+0100 (CET);Tue Nov 12 2019 06:55:29 GMT+0100 (CET);1573541729000;0;7.61
1380556890909648;4.9;34.7;Tue Nov 12 2019 07:57:25 GMT+0100 (CET);Tue Nov 12 2019 06:57:25 GMT+0100 (CET);1573541845000;0;8.1
1380556890909648;4.9;28.8;Tue Nov 12 2019 07:59:18 GMT+0100 (CET);Tue Nov 12 2019 06:59:18 GMT+0100 (CET);1573541958000;0;8.51
1380556890909648;4.9;27.3;Tue Nov 12 2019 08:01:18 GMT+0100 (CET);Tue Nov 12 2019 07:01:18 GMT+0100 (CET);1573542078000;0;9.36
1380556890909648;4.9;27.7;Tue Nov 12 2019 08:03:13 GMT+0100 (CET);Tue Nov 12 2019 07:03:13 GMT+0100 (CET);1573542193000;0;10.37
1380556890909648;4.4;28.3;Tue Nov 12 2019 08:05:41 GMT+0100 (CET);Tue Nov 12 2019 07:05:41 GMT+0100 (CET);1573542341000;0;11.44
1380556890909648;4.4;29.1;Tue Nov 12 2019 08:07:38 GMT+0100 (CET);Tue Nov 12 2019 07:07:38 GMT+0100 (CET);1573542458000;0;11.66
1380556890909648;4.4;29.1;Tue Nov 12 2019 08:09:31 GMT+0100 (CET);Tue Nov 12 2019 07:09:31 GMT+0100 (CET);1573542571000;0;12.43
1380556890909648;4.4;29.4;Tue Nov 12 2019 08:11:24 GMT+0100 (CET);Tue Nov 12 2019 07:11:24 GMT+0100 (CET);1573542684000;0;12.92
1380556890909648;4.4;29.6;Tue Nov 12 2019 08:13:34 GMT+0100 (CET);Tue Nov 12 2019 07:13:34 GMT+0100 (CET);1573542814000;0;13.78
1380556890909648;4.4;29.9;Tue Nov 12 2019 08:15:27 GMT+0100 (CET);Tue Nov 12 2019 07:15:27 GMT+0100 (CET);1573542927000;0;13.82
1380556890909648;4.4;30.1;Tue Nov 12 2019 08:17:20 GMT+0100 (CET);Tue Nov 12 2019 07:17:20 GMT+0100 (CET);1573543040000;0;13.15
1380556890909648;4.4;29.6;Tue Nov 12 2019 08:19:16 GMT+0100 (CET);Tue Nov 12 2019 07:19:16 GMT+0100 (CET);1573543156000;0;12.16
1380556890909648;4.4;29.7;Tue Nov 12 2019 08:21:19 GMT+0100 (CET);Tue Nov 12 2019 07:21:19 GMT+0100 (CET);1573543279000;0;12.2
1380556890909648;4.4;29.4;Tue Nov 12 2019 08:23:19 GMT+0100 (CET);Tue Nov 12 2019 07:23:19 GMT+0100 (CET);1573543399000;0;12.93
1380556890909648;4.4;29.5;Tue Nov 12 2019 08:25:12 GMT+0100 (CET);Tue Nov 12 2019 07:25:12 GMT+0100 (CET);1573543512000;0;13.6
1380556890909648;4.4;29.5;Tue Nov 12 2019 08:27:05 GMT+0100 (CET);Tue Nov 12 2019 07:27:05 GMT+0100 (CET);1573543625000;0;13.4
1380556890909648;4.4;29.9;Tue Nov 12 2019 08:29:12 GMT+0100 (CET);Tue Nov 12 2019 07:29:12 GMT+0100 (CET);1573543752000;0;14.01
1380556890909648;4.4;30.3;Tue Nov 12 2019 08:31:12 GMT+0100 (CET);Tue Nov 12 2019 07:31:12 GMT+0100 (CET);1573543872000;0.06;15.17
1380556890909648;4.4;30.8;Tue Nov 12 2019 08:33:07 GMT+0100 (CET);Tue Nov 12 2019 07:33:07 GMT+0100 (CET);1573543987000;0.07;16.46
1380556890909648;4.4;31;Tue Nov 12 2019 08:35:00 GMT+0100 (CET);Tue Nov 12 2019 07:35:00 GMT+0100 (CET);1573544100000;0.07;17.26
1380556890909648;4.9;30.9;Tue Nov 12 2019 08:36:53 GMT+0100 (CET);Tue Nov 12 2019 07:36:53 GMT+0100 (CET);1573544213000;0.07;17.93
1380556890909648;4.9;31.6;Tue Nov 12 2019 08:38:53 GMT+0100 (CET);Tue Nov 12 2019 07:38:53 GMT+0100 (CET);1573544333000;0.09;20.74
1380556890909648;4.9;31.6;Tue Nov 12 2019 08:40:54 GMT+0100 (CET);Tue Nov 12 2019 07:40:54 GMT+0100 (CET);1573544454000;0.11;23.38
1380556890909648;4.9;32;Tue Nov 12 2019 08:42:50 GMT+0100 (CET);Tue Nov 12 2019 07:42:50 GMT+0100 (CET);1573544570000;0.11;25.22
1380556890909648;4.9;32.3;Tue Nov 12 2019 08:44:46 GMT+0100 (CET);Tue Nov 12 2019 07:44:46 GMT+0100 (CET);1573544686000;0.12;26.84
1380556890909648;6.4;32.5;Tue Nov 12 2019 08:46:39 GMT+0100 (CET);Tue Nov 12 2019 07:46:39 GMT+0100 (CET);1573544799000;0.13;27.97
1380556890909648;6.4;32.5;Tue Nov 12 2019 08:48:33 GMT+0100 (CET);Tue Nov 12 2019 07:48:33 GMT+0100 (CET);1573544913000;0.14;31.87
1380556890909648;6.4;32.7;Tue Nov 12 2019 08:50:40 GMT+0100 (CET);Tue Nov 12 2019 07:50:40 GMT+0100 (CET);1573545040000;0.17;36.56
1380556890909648;6.4;33.4;Tue Nov 12 2019 08:52:40 GMT+0100 (CET);Tue Nov 12 2019 07:52:40 GMT+0100 (CET);1573545160000;0.18;39.44
1380556890909648;6.4;33.6;Tue Nov 12 2019 08:54:34 GMT+0100 (CET);Tue Nov 12 2019 07:54:34 GMT+0100 (CET);1573545274000;0.2;41.3
1380556890909648;6.4;33.6;Tue Nov 12 2019 08:56:33 GMT+0100 (CET);Tue Nov 12 2019 07:56:33 GMT+0100 (CET);1573545393000;0.22;46.03
1380556890909648;6.4;33.6;Tue Nov 12 2019 08:58:26 GMT+0100 (CET);Tue Nov 12 2019 07:58:26 GMT+0100 (CET);1573545506000;0.24;51.73
1380556890909648;6.4;33.9;Tue Nov 12 2019 09:00:19 GMT+0100 (CET);Tue Nov 12 2019 08:00:19 GMT+0100 (CET);1573545619000;0.26;55.73
1380556890909648;6.4;34;Tue Nov 12 2019 09:02:13 GMT+0100 (CET);Tue Nov 12 2019 08:02:13 GMT+0100 (CET);1573545733000;0.29;59.87
1380556890909648;6.4;34.3;Tue Nov 12 2019 09:04:08 GMT+0100 (CET);Tue Nov 12 2019 08:04:08 GMT+0100 (CET);1573545848000;0.32;65.96
1380556890909648;8.4;34.1;Tue Nov 12 2019 09:06:11 GMT+0100 (CET);Tue Nov 12 2019 08:06:11 GMT+0100 (CET);1573545971000;0.36;74.95
1380556890909648;8.4;34.3;Tue Nov 12 2019 09:08:10 GMT+0100 (CET);Tue Nov 12 2019 08:08:10 GMT+0100 (CET);1573546090000;0.4;82.75
1380556890909648;8.4;34.7;Tue Nov 12 2019 09:10:06 GMT+0100 (CET);Tue Nov 12 2019 08:10:06 GMT+0100 (CET);1573546206000;0.43;89.78
1380556890909648;8.4;35.7;Tue Nov 12 2019 09:11:59 GMT+0100 (CET);Tue Nov 12 2019 08:11:59 GMT+0100 (CET);1573546319000;0.43;93.88
1380556890909648;8.4;35.8;Tue Nov 12 2019 09:13:52 GMT+0100 (CET);Tue Nov 12 2019 08:13:52 GMT+0100 (CET);1573546432000;0.45;98.14
1380556890909648;8.9;35.8;Tue Nov 12 2019 09:15:49 GMT+0100 (CET);Tue Nov 12 2019 08:15:49 GMT+0100 (CET);1573546549000;0.47;102.33
1380556890909648;8.9;35.7;Tue Nov 12 2019 09:17:43 GMT+0100 (CET);Tue Nov 12 2019 08:17:43 GMT+0100 (CET);1573546663000;0.47;102.31
1380556890909648;8.9;35.6;Tue Nov 12 2019 09:19:36 GMT+0100 (CET);Tue Nov 12 2019 08:19:36 GMT+0100 (CET);1573546776000;0.45;97.04
1380556890909648;8.9;35.5;Tue Nov 12 2019 09:21:41 GMT+0100 (CET);Tue Nov 12 2019 08:21:41 GMT+0100 (CET);1573546901000;0.43;92.54
1380556890909648;9.9;35.3;Tue Nov 12 2019 09:24:01 GMT+0100 (CET);Tue Nov 12 2019 08:24:01 GMT+0100 (CET);1573547041000;0.42;91.46
1380556890909648;9.9;35.2;Tue Nov 12 2019 09:25:56 GMT+0100 (CET);Tue Nov 12 2019 08:25:56 GMT+0100 (CET);1573547156000;0.42;93.05
1380556890909648;9.9;35.4;Tue Nov 12 2019 09:27:50 GMT+0100 (CET);Tue Nov 12 2019 08:27:50 GMT+0100 (CET);1573547270000;0.43;93.56
1380556890909648;9.9;35.3;Tue Nov 12 2019 09:29:44 GMT+0100 (CET);Tue Nov 12 2019 08:29:44 GMT+0100 (CET);1573547384000;0.42;92.11
1380556890909648;9.9;35.1;Tue Nov 12 2019 09:31:37 GMT+0100 (CET);Tue Nov 12 2019 08:31:37 GMT+0100 (CET);1573547497000;0.4;87.87
1380556890909648;9.9;35.1;Tue Nov 12 2019 09:33:30 GMT+0100 (CET);Tue Nov 12 2019 08:33:30 GMT+0100 (CET);1573547610000;0.37;81.72
1380556890909648;9.9;35.1;Tue Nov 12 2019 09:35:23 GMT+0100 (CET);Tue Nov 12 2019 08:35:23 GMT+0100 (CET);1573547723000;0.34;74.2
1380556890909648;9.9;35.1;Tue Nov 12 2019 09:37:15 GMT+0100 (CET);Tue Nov 12 2019 08:37:15 GMT+0100 (CET);1573547835000;0.31;69.3
1380556890909648;9.9;34.3;Tue Nov 12 2019 09:39:34 GMT+0100 (CET);Tue Nov 12 2019 08:39:34 GMT+0100 (CET);1573547974000;0.34;73.71
1380556890909648;9.9;34.3;Tue Nov 12 2019 09:41:27 GMT+0100 (CET);Tue Nov 12 2019 08:41:27 GMT+0100 (CET);1573548087000;0.35;75.04
1380556890909648;9.9;34.1;Tue Nov 12 2019 09:43:26 GMT+0100 (CET);Tue Nov 12 2019 08:43:26 GMT+0100 (CET);1573548206000;0.32;68.75
1380556890909648;9.9;34;Tue Nov 12 2019 09:45:20 GMT+0100 (CET);Tue Nov 12 2019 08:45:20 GMT+0100 (CET);1573548320000;0.33;71.21
1380556890909648;8.9;34.1;Tue Nov 12 2019 09:47:40 GMT+0100 (CET);Tue Nov 12 2019 08:47:40 GMT+0100 (CET);1573548460000;0.39;81.62
1380556890909648;8.9;35.2;Tue Nov 12 2019 09:49:32 GMT+0100 (CET);Tue Nov 12 2019 08:49:32 GMT+0100 (CET);1573548572000;0.39;84
1380556890909648;8.9;35.1;Tue Nov 12 2019 09:51:25 GMT+0100 (CET);Tue Nov 12 2019 08:51:25 GMT+0100 (CET);1573548685000;0.42;88.83
1380556890909648;9.9;35.3;Tue Nov 12 2019 09:53:40 GMT+0100 (CET);Tue Nov 12 2019 08:53:40 GMT+0100 (CET);1573548820000;0.44;93.67
1380556890909648;9.9;35.3;Tue Nov 12 2019 09:55:35 GMT+0100 (CET);Tue Nov 12 2019 08:55:35 GMT+0100 (CET);1573548935000;0.44;93.47
1380556890909648;9.9;35.3;Tue Nov 12 2019 09:57:38 GMT+0100 (CET);Tue Nov 12 2019 08:57:38 GMT+0100 (CET);1573549058000;0.41;88.02
1380556890909648;9.9;35.3;Tue Nov 12 2019 09:59:31 GMT+0100 (CET);Tue Nov 12 2019 08:59:31 GMT+0100 (CET);1573549171000;0.4;84.4
1380556890909648;9.9;35.1;Tue Nov 12 2019 10:01:40 GMT+0100 (CET);Tue Nov 12 2019 09:01:40 GMT+0100 (CET);1573549300000;0.41;87.25
1380556890909648;9.9;35.1;Tue Nov 12 2019 10:03:33 GMT+0100 (CET);Tue Nov 12 2019 09:03:33 GMT+0100 (CET);1573549413000;0.45;94.5
1380556890909648;9.9;35.1;Tue Nov 12 2019 10:05:26 GMT+0100 (CET);Tue Nov 12 2019 09:05:26 GMT+0100 (CET);1573549526000;0.5;104.69
1380556890909648;9.9;35.5;Tue Nov 12 2019 10:07:33 GMT+0100 (CET);Tue Nov 12 2019 09:07:33 GMT+0100 (CET);1573549653000;0.51;108.1
1380556890909648;9.9;35.6;Tue Nov 12 2019 10:09:26 GMT+0100 (CET);Tue Nov 12 2019 09:09:26 GMT+0100 (CET);1573549766000;0.53;111.75
1380556890909648;9.9;35.7;Tue Nov 12 2019 10:11:27 GMT+0100 (CET);Tue Nov 12 2019 09:11:27 GMT+0100 (CET);1573549887000;0.54;115.14
1380556890909648;9.9;35.6;Tue Nov 12 2019 10:13:27 GMT+0100 (CET);Tue Nov 12 2019 09:13:27 GMT+0100 (CET);1573550007000;0.54;115.31
1380556890909648;9.9;35.6;Tue Nov 12 2019 10:15:20 GMT+0100 (CET);Tue Nov 12 2019 09:15:20 GMT+0100 (CET);1573550120000;0.57;120.38
1380556890909648;12.4;35.6;Tue Nov 12 2019 10:17:14 GMT+0100 (CET);Tue Nov 12 2019 09:17:14 GMT+0100 (CET);1573550234000;0.56;118.92
1380556890909648;12.4;35.6;Tue Nov 12 2019 10:19:08 GMT+0100 (CET);Tue Nov 12 2019 09:19:08 GMT+0100 (CET);1573550348000;0.56;121.49
1380556890909648;10.9;35.7;Tue Nov 12 2019 10:21:08 GMT+0100 (CET);Tue Nov 12 2019 09:21:08 GMT+0100 (CET);1573550468000;0.58;124.77
1380556890909648;10.9;35.6;Tue Nov 12 2019 10:23:02 GMT+0100 (CET);Tue Nov 12 2019 09:23:02 GMT+0100 (CET);1573550582000;0.56;117.75
1380556890909648;10.9;35.5;Tue Nov 12 2019 10:24:54 GMT+0100 (CET);Tue Nov 12 2019 09:24:54 GMT+0100 (CET);1573550694000;0.53;113.25
1380556890909648;12.4;35.5;Tue Nov 12 2019 10:26:51 GMT+0100 (CET);Tue Nov 12 2019 09:26:51 GMT+0100 (CET);1573550811000;0.54;115.21
1380556890909648;12.4;35.5;Tue Nov 12 2019 10:28:44 GMT+0100 (CET);Tue Nov 12 2019 09:28:44 GMT+0100 (CET);1573550924000;0.53;112.7
1380556890909648;12.4;35.4;Tue Nov 12 2019 10:30:38 GMT+0100 (CET);Tue Nov 12 2019 09:30:38 GMT+0100 (CET);1573551038000;0.51;107.67
1380556890909648;12.4;35.5;Tue Nov 12 2019 10:32:31 GMT+0100 (CET);Tue Nov 12 2019 09:32:31 GMT+0100 (CET);1573551151000;0.51;108.41
1380556890909648;12.4;35.6;Tue Nov 12 2019 10:34:28 GMT+0100 (CET);Tue Nov 12 2019 09:34:28 GMT+0100 (CET);1573551268000;0.58;126.88
1380556890909648;12.4;36;Tue Nov 12 2019 10:36:40 GMT+0100 (CET);Tue Nov 12 2019 09:36:40 GMT+0100 (CET);1573551400000;0.71;151.07
1380556890909648;12.4;36;Tue Nov 12 2019 10:38:32 GMT+0100 (CET);Tue Nov 12 2019 09:38:32 GMT+0100 (CET);1573551512000;0.73;156.18
1380556890909648;12.4;35.9;Tue Nov 12 2019 10:40:25 GMT+0100 (CET);Tue Nov 12 2019 09:40:25 GMT+0100 (CET);1573551625000;0.8;170.57
1380556890909648;12.4;36;Tue Nov 12 2019 10:42:18 GMT+0100 (CET);Tue Nov 12 2019 09:42:18 GMT+0100 (CET);1573551738000;0.71;151.95
1380556890909648;12.4;35.8;Tue Nov 12 2019 10:44:12 GMT+0100 (CET);Tue Nov 12 2019 09:44:12 GMT+0100 (CET);1573551852000;0.68;145.69
1380556890909648;12.4;35.7;Tue Nov 12 2019 10:46:11 GMT+0100 (CET);Tue Nov 12 2019 09:46:11 GMT+0100 (CET);1573551971000;0.76;165.59
1380556890909648;12.9;36;Tue Nov 12 2019 10:48:06 GMT+0100 (CET);Tue Nov 12 2019 09:48:06 GMT+0100 (CET);1573552086000;0.75;158.41
1380556890909648;12.9;35.9;Tue Nov 12 2019 10:50:17 GMT+0100 (CET);Tue Nov 12 2019 09:50:17 GMT+0100 (CET);1573552217000;0.8;173.32
1380556890909648;12.9;35.9;Tue Nov 12 2019 10:52:10 GMT+0100 (CET);Tue Nov 12 2019 09:52:10 GMT+0100 (CET);1573552330000;0.8;169.85
1380556890909648;12.9;35.8;Tue Nov 12 2019 10:54:03 GMT+0100 (CET);Tue Nov 12 2019 09:54:03 GMT+0100 (CET);1573552443000;0.79;167.52
1380556890909648;12.9;35.8;Tue Nov 12 2019 10:55:56 GMT+0100 (CET);Tue Nov 12 2019 09:55:56 GMT+0100 (CET);1573552556000;0.77;162.29
1380556890909648;14.4;35.8;Tue Nov 12 2019 10:57:54 GMT+0100 (CET);Tue Nov 12 2019 09:57:54 GMT+0100 (CET);1573552674000;0.74;157.79
1380556890909648;14.4;35.7;Tue Nov 12 2019 10:59:47 GMT+0100 (CET);Tue Nov 12 2019 09:59:47 GMT+0100 (CET);1573552787000;0.7;148.48
1380556890909648;14.4;35.6;Tue Nov 12 2019 11:01:41 GMT+0100 (CET);Tue Nov 12 2019 10:01:41 GMT+0100 (CET);1573552901000;0.66;140.12
1380556890909648;14.4;35.6;Tue Nov 12 2019 11:03:38 GMT+0100 (CET);Tue Nov 12 2019 10:03:38 GMT+0100 (CET);1573553018000;0.63;135.3
1380556890909648;14.4;35.6;Tue Nov 12 2019 11:05:38 GMT+0100 (CET);Tue Nov 12 2019 10:05:38 GMT+0100 (CET);1573553138000;0.62;132.66
1380556890909648;12.9;35.6;Tue Nov 12 2019 11:07:32 GMT+0100 (CET);Tue Nov 12 2019 10:07:32 GMT+0100 (CET);1573553252000;0.63;135
1380556890909648;12.9;35.7;Tue Nov 12 2019 11:09:26 GMT+0100 (CET);Tue Nov 12 2019 10:09:26 GMT+0100 (CET);1573553366000;0.68;144.41
1380556890909648;14.4;35.7;Tue Nov 12 2019 11:11:22 GMT+0100 (CET);Tue Nov 12 2019 10:11:22 GMT+0100 (CET);1573553482000;0.68;144.96
1380556890909648;14.4;35.6;Tue Nov 12 2019 11:13:18 GMT+0100 (CET);Tue Nov 12 2019 10:13:18 GMT+0100 (CET);1573553598000;0.66;139.98
1380556890909648;14.4;35.6;Tue Nov 12 2019 11:15:12 GMT+0100 (CET);Tue Nov 12 2019 10:15:12 GMT+0100 (CET);1573553712000;0.67;141.17
1380556890909648;14.4;35.6;Tue Nov 12 2019 11:17:05 GMT+0100 (CET);Tue Nov 12 2019 10:17:05 GMT+0100 (CET);1573553825000;0.66;140.66
1380556890909648;14.4;35.5;Tue Nov 12 2019 11:19:04 GMT+0100 (CET);Tue Nov 12 2019 10:19:04 GMT+0100 (CET);1573553944000;0.68;143.6
1380556890909648;14.4;35.6;Tue Nov 12 2019 11:21:02 GMT+0100 (CET);Tue Nov 12 2019 10:21:02 GMT+0100 (CET);1573554062000;0.68;145.03
1380556890909648;14.4;35.6;Tue Nov 12 2019 11:23:00 GMT+0100 (CET);Tue Nov 12 2019 10:23:00 GMT+0100 (CET);1573554180000;0.71;149.33
1380556890909648;14.4;35.6;Tue Nov 12 2019 11:24:53 GMT+0100 (CET);Tue Nov 12 2019 10:24:53 GMT+0100 (CET);1573554293000;0.72;151.65
1380556890909648;14.4;35.6;Tue Nov 12 2019 11:26:52 GMT+0100 (CET);Tue Nov 12 2019 10:26:52 GMT+0100 (CET);1573554412000;0.66;138.74
1380556890909648;14.4;35.3;Tue Nov 12 2019 11:28:51 GMT+0100 (CET);Tue Nov 12 2019 10:28:51 GMT+0100 (CET);1573554531000;0.57;120.57
1380556890909648;14.4;35.2;Tue Nov 12 2019 11:30:43 GMT+0100 (CET);Tue Nov 12 2019 10:30:43 GMT+0100 (CET);1573554643000;0.55;115.16
1380556890909648;14.4;35.2;Tue Nov 12 2019 11:32:56 GMT+0100 (CET);Tue Nov 12 2019 10:32:56 GMT+0100 (CET);1573554776000;0.54;112.62
1380556890909648;14.4;35.1;Tue Nov 12 2019 11:34:49 GMT+0100 (CET);Tue Nov 12 2019 10:34:49 GMT+0100 (CET);1573554889000;0.53;111.81
1380556890909648;12.9;35.1;Tue Nov 12 2019 11:36:57 GMT+0100 (CET);Tue Nov 12 2019 10:36:57 GMT+0100 (CET);1573555017000;0.5;103.76
1380556890909648;12.9;35;Tue Nov 12 2019 11:38:50 GMT+0100 (CET);Tue Nov 12 2019 10:38:50 GMT+0100 (CET);1573555130000;0.44;94.9
1380556890909648;12.9;34.4;Tue Nov 12 2019 11:40:54 GMT+0100 (CET);Tue Nov 12 2019 10:40:54 GMT+0100 (CET);1573555254000;0.49;104.23
1380556890909648;12.9;34.5;Tue Nov 12 2019 11:42:47 GMT+0100 (CET);Tue Nov 12 2019 10:42:47 GMT+0100 (CET);1573555367000;0.59;123.12
1380556890909648;12.9;35.4;Tue Nov 12 2019 11:44:47 GMT+0100 (CET);Tue Nov 12 2019 10:44:47 GMT+0100 (CET);1573555487000;0.62;130.63
1380556890909648;12.9;35.4;Tue Nov 12 2019 11:47:03 GMT+0100 (CET);Tue Nov 12 2019 10:47:03 GMT+0100 (CET);1573555623000;0.59;124.7
1380556890909648;14.4;35.3;Tue Nov 12 2019 11:48:55 GMT+0100 (CET);Tue Nov 12 2019 10:48:55 GMT+0100 (CET);1573555735000;0.59;126.02
1380556890909648;14.4;35.4;Tue Nov 12 2019 11:51:01 GMT+0100 (CET);Tue Nov 12 2019 10:51:01 GMT+0100 (CET);1573555861000;0.63;133.91
1380556890909648;14.4;35.4;Tue Nov 12 2019 11:53:07 GMT+0100 (CET);Tue Nov 12 2019 10:53:07 GMT+0100 (CET);1573555987000;0.67;144.71
1380556890909648;14.4;35.6;Tue Nov 12 2019 11:55:00 GMT+0100 (CET);Tue Nov 12 2019 10:55:00 GMT+0100 (CET);1573556100000;0.75;159.15
1380556890909648;14.4;35.7;Tue Nov 12 2019 11:56:59 GMT+0100 (CET);Tue Nov 12 2019 10:56:59 GMT+0100 (CET);1573556219000;0.78;167.95
1380556890909648;14.4;35.6;Tue Nov 12 2019 11:58:55 GMT+0100 (CET);Tue Nov 12 2019 10:58:55 GMT+0100 (CET);1573556335000;0.71;153.18
1380556890909648;14.4;35.4;Tue Nov 12 2019 12:00:47 GMT+0100 (CET);Tue Nov 12 2019 11:00:47 GMT+0100 (CET);1573556447000;0.7;150.65
1380556890909648;14.4;35.6;Tue Nov 12 2019 12:02:47 GMT+0100 (CET);Tue Nov 12 2019 11:02:47 GMT+0100 (CET);1573556567000;0.75;162.44
1380556890909648;14.4;35.6;Tue Nov 12 2019 12:04:44 GMT+0100 (CET);Tue Nov 12 2019 11:04:44 GMT+0100 (CET);1573556684000;0.79;172.94
1380556890909648;14.4;35.6;Tue Nov 12 2019 12:06:42 GMT+0100 (CET);Tue Nov 12 2019 11:06:42 GMT+0100 (CET);1573556802000;0.79;170.17
1380556890909648;14.4;35.6;Tue Nov 12 2019 12:09:20 GMT+0100 (CET);Tue Nov 12 2019 11:09:20 GMT+0100 (CET);1573556960000;0.83;178.9
1380556890909648;14.9;35.6;Tue Nov 12 2019 12:11:22 GMT+0100 (CET);Tue Nov 12 2019 11:11:22 GMT+0100 (CET);1573557082000;0.8;173.24
1380556890909648;14.9;35.7;Tue Nov 12 2019 12:13:22 GMT+0100 (CET);Tue Nov 12 2019 11:13:22 GMT+0100 (CET);1573557202000;0.89;192.25
1380556890909648;14.9;35.8;Tue Nov 12 2019 12:15:23 GMT+0100 (CET);Tue Nov 12 2019 11:15:23 GMT+0100 (CET);1573557323000;0.95;206.93
1380556890909648;14.9;35.8;Tue Nov 12 2019 12:17:19 GMT+0100 (CET);Tue Nov 12 2019 11:17:19 GMT+0100 (CET);1573557439000;0.89;196.11
1380556890909648;14.9;35.6;Tue Nov 12 2019 12:19:17 GMT+0100 (CET);Tue Nov 12 2019 11:19:17 GMT+0100 (CET);1573557557000;0.79;174.06
1380556890909648;14.9;35.6;Tue Nov 12 2019 12:21:15 GMT+0100 (CET);Tue Nov 12 2019 11:21:15 GMT+0100 (CET);1573557675000;0.81;177.03
1380556890909648;14.9;35.6;Tue Nov 12 2019 12:23:19 GMT+0100 (CET);Tue Nov 12 2019 11:23:19 GMT+0100 (CET);1573557799000;0.77;169.08
1380556890909648;14.9;35.7;Tue Nov 12 2019 12:25:29 GMT+0100 (CET);Tue Nov 12 2019 11:25:29 GMT+0100 (CET);1573557929000;0.89;196.84
1380556890909648;14.9;35.8;Tue Nov 12 2019 12:27:22 GMT+0100 (CET);Tue Nov 12 2019 11:27:22 GMT+0100 (CET);1573558042000;0.88;195.33
1380556890909648;16.4;35.8;Tue Nov 12 2019 12:29:16 GMT+0100 (CET);Tue Nov 12 2019 11:29:16 GMT+0100 (CET);1573558156000;0.99;217.73
1380556890909648;16.4;35.8;Tue Nov 12 2019 12:31:26 GMT+0100 (CET);Tue Nov 12 2019 11:31:26 GMT+0100 (CET);1573558286000;0.97;217.02
1380556890909648;16.4;35.9;Tue Nov 12 2019 12:33:21 GMT+0100 (CET);Tue Nov 12 2019 11:33:21 GMT+0100 (CET);1573558401000;1.09;239.31
1380556890909648;16.4;35.9;Tue Nov 12 2019 12:35:14 GMT+0100 (CET);Tue Nov 12 2019 11:35:14 GMT+0100 (CET);1573558514000;0.96;208.25
1380556890909648;16.4;35.3;Tue Nov 12 2019 12:37:07 GMT+0100 (CET);Tue Nov 12 2019 11:37:07 GMT+0100 (CET);1573558627000;0.74;160.87
1380556890909648;16.4;35.6;Tue Nov 12 2019 12:39:05 GMT+0100 (CET);Tue Nov 12 2019 11:39:05 GMT+0100 (CET);1573558745000;1;225.27
1380556890909648;16.4;35.7;Tue Nov 12 2019 12:41:05 GMT+0100 (CET);Tue Nov 12 2019 11:41:05 GMT+0100 (CET);1573558865000;0.97;207.99
1380556890909648;14.9;35.4;Tue Nov 12 2019 12:42:57 GMT+0100 (CET);Tue Nov 12 2019 11:42:57 GMT+0100 (CET);1573558977000;0.83;180.44
1380556890909648;14.9;35.4;Tue Nov 12 2019 12:44:50 GMT+0100 (CET);Tue Nov 12 2019 11:44:50 GMT+0100 (CET);1573559090000;0.84;181.89
1380556890909648;16.4;35.3;Tue Nov 12 2019 12:46:43 GMT+0100 (CET);Tue Nov 12 2019 11:46:43 GMT+0100 (CET);1573559203000;0.74;158.27
1380556890909648;16.4;35.2;Tue Nov 12 2019 12:48:36 GMT+0100 (CET);Tue Nov 12 2019 11:48:36 GMT+0100 (CET);1573559316000;0.71;150.63
1380556890909648;16.4;35.1;Tue Nov 12 2019 12:50:35 GMT+0100 (CET);Tue Nov 12 2019 11:50:35 GMT+0100 (CET);1573559435000;0.65;137.43
1380556890909648;16.4;35.1;Tue Nov 12 2019 12:52:29 GMT+0100 (CET);Tue Nov 12 2019 11:52:29 GMT+0100 (CET);1573559549000;0.64;137.31
1380556890909648;16.4;35;Tue Nov 12 2019 12:54:23 GMT+0100 (CET);Tue Nov 12 2019 11:54:23 GMT+0100 (CET);1573559663000;0.6;124.9
1380556890909648;16.4;34.9;Tue Nov 12 2019 12:56:20 GMT+0100 (CET);Tue Nov 12 2019 11:56:20 GMT+0100 (CET);1573559780000;0.6;125.79
1380556890909648;16.4;35.1;Tue Nov 12 2019 12:58:20 GMT+0100 (CET);Tue Nov 12 2019 11:58:20 GMT+0100 (CET);1573559900000;0.67;142
1380556890909648;16.4;35.1;Tue Nov 12 2019 13:00:13 GMT+0100 (CET);Tue Nov 12 2019 12:00:13 GMT+0100 (CET);1573560013000;0.64;134.21
1380556890909648;14.9;35;Tue Nov 12 2019 13:02:09 GMT+0100 (CET);Tue Nov 12 2019 12:02:09 GMT+0100 (CET);1573560129000;0.6;126.64
1380556890909648;14.9;35;Tue Nov 12 2019 13:04:17 GMT+0100 (CET);Tue Nov 12 2019 12:04:17 GMT+0100 (CET);1573560257000;0.61;128.22
1380556890909648;14.9;35;Tue Nov 12 2019 13:06:14 GMT+0100 (CET);Tue Nov 12 2019 12:06:14 GMT+0100 (CET);1573560374000;0.56;118.6
1380556890909648;14.9;34.9;Tue Nov 12 2019 13:08:13 GMT+0100 (CET);Tue Nov 12 2019 12:08:13 GMT+0100 (CET);1573560493000;0.56;117.5
1380556890909648;14.9;34.9;Tue Nov 12 2019 13:10:07 GMT+0100 (CET);Tue Nov 12 2019 12:10:07 GMT+0100 (CET);1573560607000;0.56;117.77
1380556890909648;14.4;35;Tue Nov 12 2019 13:12:01 GMT+0100 (CET);Tue Nov 12 2019 12:12:01 GMT+0100 (CET);1573560721000;0.59;124.63
1380556890909648;14.4;35.1;Tue Nov 12 2019 13:13:54 GMT+0100 (CET);Tue Nov 12 2019 12:13:54 GMT+0100 (CET);1573560834000;0.58;122.05
1380556890909648;14.4;35.1;Tue Nov 12 2019 13:15:48 GMT+0100 (CET);Tue Nov 12 2019 12:15:48 GMT+0100 (CET);1573560948000;0.58;123.04
1380556890909648;14.4;35.1;Tue Nov 12 2019 13:17:43 GMT+0100 (CET);Tue Nov 12 2019 12:17:43 GMT+0100 (CET);1573561063000;0.57;119.88
1380556890909648;14.4;35.1;Tue Nov 12 2019 13:19:49 GMT+0100 (CET);Tue Nov 12 2019 12:19:49 GMT+0100 (CET);1573561189000;0.54;114.11
1380556890909648;14.4;35.1;Tue Nov 12 2019 13:22:04 GMT+0100 (CET);Tue Nov 12 2019 12:22:04 GMT+0100 (CET);1573561324000;0.58;121.46
1380556890909648;14.4;35.2;Tue Nov 12 2019 13:23:57 GMT+0100 (CET);Tue Nov 12 2019 12:23:57 GMT+0100 (CET);1573561437000;0.61;128.08
1380556890909648;14.4;34.9;Tue Nov 12 2019 13:27:59 GMT+0100 (CET);Tue Nov 12 2019 12:27:59 GMT+0100 (CET);1573561679000;0.53;113.94
1380556890909648;14.4;35.1;Tue Nov 12 2019 13:29:55 GMT+0100 (CET);Tue Nov 12 2019 12:29:55 GMT+0100 (CET);1573561795000;0.55;116.15
1380556890909648;14.4;35.1;Tue Nov 12 2019 13:31:48 GMT+0100 (CET);Tue Nov 12 2019 12:31:48 GMT+0100 (CET);1573561908000;0.52;110.06
1380556890909648;14.4;34.9;Tue Nov 12 2019 13:34:19 GMT+0100 (CET);Tue Nov 12 2019 12:34:19 GMT+0100 (CET);1573562059000;0.58;121.22
1380556890909648;14.4;35.3;Tue Nov 12 2019 13:36:30 GMT+0100 (CET);Tue Nov 12 2019 12:36:30 GMT+0100 (CET);1573562190000;0.65;137.84
1380556890909648;14.4;35.3;Tue Nov 12 2019 13:38:31 GMT+0100 (CET);Tue Nov 12 2019 12:38:31 GMT+0100 (CET);1573562311000;0.65;137.59
1380556890909648;14.4;35.4;Tue Nov 12 2019 13:40:26 GMT+0100 (CET);Tue Nov 12 2019 12:40:26 GMT+0100 (CET);1573562426000;0.66;140.63
1380556890909648;14.4;35.3;Tue Nov 12 2019 13:42:25 GMT+0100 (CET);Tue Nov 12 2019 12:42:25 GMT+0100 (CET);1573562545000;0.61;129.42
1380556890909648;14.4;35.2;Tue Nov 12 2019 13:44:18 GMT+0100 (CET);Tue Nov 12 2019 12:44:18 GMT+0100 (CET);1573562658000;0.61;130.1
1380556890909648;14.4;35.3;Tue Nov 12 2019 13:46:20 GMT+0100 (CET);Tue Nov 12 2019 12:46:20 GMT+0100 (CET);1573562780000;0.62;132.32
1380556890909648;14.4;35.3;Tue Nov 12 2019 13:48:22 GMT+0100 (CET);Tue Nov 12 2019 12:48:22 GMT+0100 (CET);1573562902000;0.65;139.15
1380556890909648;14.4;35.4;Tue Nov 12 2019 13:50:45 GMT+0100 (CET);Tue Nov 12 2019 12:50:45 GMT+0100 (CET);1573563045000;0.69;148.09
1380556890909648;14.4;35.6;Tue Nov 12 2019 13:52:52 GMT+0100 (CET);Tue Nov 12 2019 12:52:52 GMT+0100 (CET);1573563172000;0.72;154.98
1380556890909648;14.4;35.6;Tue Nov 12 2019 13:54:45 GMT+0100 (CET);Tue Nov 12 2019 12:54:45 GMT+0100 (CET);1573563285000;0.74;161.22
1380556890909648;14.4;35.8;Tue Nov 12 2019 13:56:38 GMT+0100 (CET);Tue Nov 12 2019 12:56:38 GMT+0100 (CET);1573563398000;0.77;164.52
1380556890909648;14.4;35.5;Tue Nov 12 2019 13:58:38 GMT+0100 (CET);Tue Nov 12 2019 12:58:38 GMT+0100 (CET);1573563518000;0.74;159.66
1380556890909648;14.4;35.4;Tue Nov 12 2019 14:00:32 GMT+0100 (CET);Tue Nov 12 2019 13:00:32 GMT+0100 (CET);1573563632000;0.71;153.75
1380556890909648;14.4;35.4;Tue Nov 12 2019 14:02:25 GMT+0100 (CET);Tue Nov 12 2019 13:02:25 GMT+0100 (CET);1573563745000;0.7;152.5
1380556890909648;14.4;35.5;Tue Nov 12 2019 14:04:32 GMT+0100 (CET);Tue Nov 12 2019 13:04:32 GMT+0100 (CET);1573563872000;0.73;159.15
1380556890909648;14.9;35.5;Tue Nov 12 2019 14:06:43 GMT+0100 (CET);Tue Nov 12 2019 13:06:43 GMT+0100 (CET);1573564003000;0.76;164.13
1380556890909648;14.9;35.5;Tue Nov 12 2019 14:08:40 GMT+0100 (CET);Tue Nov 12 2019 13:08:40 GMT+0100 (CET);1573564120000;0.73;159.86
1380556890909648;14.9;35.4;Tue Nov 12 2019 14:10:33 GMT+0100 (CET);Tue Nov 12 2019 13:10:33 GMT+0100 (CET);1573564233000;0.69;150.58
1380556890909648;14.9;35.4;Tue Nov 12 2019 14:12:29 GMT+0100 (CET);Tue Nov 12 2019 13:12:29 GMT+0100 (CET);1573564349000;0.65;142.21
1380556890909648;14.9;35.4;Tue Nov 12 2019 14:14:25 GMT+0100 (CET);Tue Nov 12 2019 13:14:25 GMT+0100 (CET);1573564465000;0.62;136.15
1380556890909648;14.9;35.3;Tue Nov 12 2019 14:16:19 GMT+0100 (CET);Tue Nov 12 2019 13:16:19 GMT+0100 (CET);1573564579000;0.64;143.5
1380556890909648;14.9;35.8;Tue Nov 12 2019 14:18:12 GMT+0100 (CET);Tue Nov 12 2019 13:18:12 GMT+0100 (CET);1573564692000;0.91;176.04
1380556890909648;14.9;36.7;Tue Nov 12 2019 14:20:17 GMT+0100 (CET);Tue Nov 12 2019 13:20:17 GMT+0100 (CET);1573564817000;2.17;442.87
1380556890909648;14.9;35.1;Tue Nov 12 2019 14:22:19 GMT+0100 (CET);Tue Nov 12 2019 13:22:19 GMT+0100 (CET);1573564939000;0.93;198.74
1380556890909648;14.9;36.1;Tue Nov 12 2019 14:24:22 GMT+0100 (CET);Tue Nov 12 2019 13:24:22 GMT+0100 (CET);1573565062000;1.06;218.69
1380556890909648;16.4;36.4;Tue Nov 12 2019 14:26:32 GMT+0100 (CET);Tue Nov 12 2019 13:26:32 GMT+0100 (CET);1573565192000;1.67;360.95
1380556890909648;16.4;36;Tue Nov 12 2019 14:28:25 GMT+0100 (CET);Tue Nov 12 2019 13:28:25 GMT+0100 (CET);1573565305000;1.84;363.51
1380556890909648;16.4;35.1;Tue Nov 12 2019 14:30:26 GMT+0100 (CET);Tue Nov 12 2019 13:30:26 GMT+0100 (CET);1573565426000;1.18;266.77
1380556890909648;16.4;36.1;Tue Nov 12 2019 14:32:21 GMT+0100 (CET);Tue Nov 12 2019 13:32:21 GMT+0100 (CET);1573565541000;0.69;147.57
1380556890909648;16.4;34.8;Tue Nov 12 2019 14:34:14 GMT+0100 (CET);Tue Nov 12 2019 13:34:14 GMT+0100 (CET);1573565654000;0.59;129.53
1380556890909648;16.4;34.8;Tue Nov 12 2019 14:36:13 GMT+0100 (CET);Tue Nov 12 2019 13:36:13 GMT+0100 (CET);1573565773000;0.49;113.6
1380556890909648;16.4;34.7;Tue Nov 12 2019 14:38:11 GMT+0100 (CET);Tue Nov 12 2019 13:38:11 GMT+0100 (CET);1573565891000;0.42;95.28
1380556890909648;16.4;34.8;Tue Nov 12 2019 14:40:05 GMT+0100 (CET);Tue Nov 12 2019 13:40:05 GMT+0100 (CET);1573566005000;0.43;96.44
1380556890909648;16.4;34.9;Tue Nov 12 2019 14:42:08 GMT+0100 (CET);Tue Nov 12 2019 13:42:08 GMT+0100 (CET);1573566128000;0.56;122.02
1380556890909648;16.4;35;Tue Nov 12 2019 14:44:32 GMT+0100 (CET);Tue Nov 12 2019 13:44:32 GMT+0100 (CET);1573566272000;0.49;108.03
1380556890909648;16.4;34.7;Tue Nov 12 2019 14:46:46 GMT+0100 (CET);Tue Nov 12 2019 13:46:46 GMT+0100 (CET);1573566406000;0.4;89.27
1380556890909648;16.4;34.7;Tue Nov 12 2019 14:48:41 GMT+0100 (CET);Tue Nov 12 2019 13:48:41 GMT+0100 (CET);1573566521000;0.4;90.6
1380556890909648;16.4;34.8;Tue Nov 12 2019 14:50:35 GMT+0100 (CET);Tue Nov 12 2019 13:50:35 GMT+0100 (CET);1573566635000;0.42;95.2
1380556890909648;16.4;34.8;Tue Nov 12 2019 14:52:59 GMT+0100 (CET);Tue Nov 12 2019 13:52:59 GMT+0100 (CET);1573566779000;0.47;104.45
1380556890909648;14.4;34.8;Tue Nov 12 2019 14:54:57 GMT+0100 (CET);Tue Nov 12 2019 13:54:57 GMT+0100 (CET);1573566897000;0.51;113.5
1380556890909648;14.4;34.9;Tue Nov 12 2019 14:56:52 GMT+0100 (CET);Tue Nov 12 2019 13:56:52 GMT+0100 (CET);1573567012000;0.54;119.71
1380556890909648;14.4;35.1;Tue Nov 12 2019 14:58:48 GMT+0100 (CET);Tue Nov 12 2019 13:58:48 GMT+0100 (CET);1573567128000;0.47;102.51
1380556890909648;14.4;36;Tue Nov 12 2019 15:01:01 GMT+0100 (CET);Tue Nov 12 2019 14:01:01 GMT+0100 (CET);1573567261000;0.55;145.06
1380556890909648;14.4;35.8;Tue Nov 12 2019 15:03:03 GMT+0100 (CET);Tue Nov 12 2019 14:03:03 GMT+0100 (CET);1573567383000;0.55;121.54
1380556890909648;14.4;35.5;Tue Nov 12 2019 15:04:57 GMT+0100 (CET);Tue Nov 12 2019 14:04:57 GMT+0100 (CET);1573567497000;0.44;97.65
1380556890909648;14.4;35.4;Tue Nov 12 2019 15:06:53 GMT+0100 (CET);Tue Nov 12 2019 14:06:53 GMT+0100 (CET);1573567613000;0.33;77.03
1380556890909648;14.4;35.3;Tue Nov 12 2019 15:09:15 GMT+0100 (CET);Tue Nov 12 2019 14:09:15 GMT+0100 (CET);1573567755000;0.36;88.05
1380556890909648;14.4;35.3;Tue Nov 12 2019 15:11:21 GMT+0100 (CET);Tue Nov 12 2019 14:11:21 GMT+0100 (CET);1573567881000;0.38;91.97
1380556890909648;14.4;35.5;Tue Nov 12 2019 15:13:20 GMT+0100 (CET);Tue Nov 12 2019 14:13:20 GMT+0100 (CET);1573568000000;0.34;80.31
1380556890909648;14.4;37.2;Tue Nov 12 2019 15:15:13 GMT+0100 (CET);Tue Nov 12 2019 14:15:13 GMT+0100 (CET);1573568113000;0.72;172.59
1380556890909648;14.4;36;Tue Nov 12 2019 15:17:26 GMT+0100 (CET);Tue Nov 12 2019 14:17:26 GMT+0100 (CET);1573568246000;0.4;91.28
1380556890909648;14.4;35.4;Tue Nov 12 2019 15:19:21 GMT+0100 (CET);Tue Nov 12 2019 14:19:21 GMT+0100 (CET);1573568361000;0.4;91.49
1380556890909648;14.4;35.4;Tue Nov 12 2019 15:21:20 GMT+0100 (CET);Tue Nov 12 2019 14:21:20 GMT+0100 (CET);1573568480000;0.4;93.27
1380556890909648;14.4;36.1;Tue Nov 12 2019 15:23:23 GMT+0100 (CET);Tue Nov 12 2019 14:23:23 GMT+0100 (CET);1573568603000;0.4;95.08
1380556890909648;14.4;35.8;Tue Nov 12 2019 15:25:18 GMT+0100 (CET);Tue Nov 12 2019 14:25:18 GMT+0100 (CET);1573568718000;0.41;109.31
1380556890909648;14.4;37.2;Tue Nov 12 2019 15:27:10 GMT+0100 (CET);Tue Nov 12 2019 14:27:10 GMT+0100 (CET);1573568830000;0.84;230.17
1380556890909648;14.4;37.5;Tue Nov 12 2019 15:29:07 GMT+0100 (CET);Tue Nov 12 2019 14:29:07 GMT+0100 (CET);1573568947000;0.61;127.13
1380556890909648;14.4;35.1;Tue Nov 12 2019 15:31:13 GMT+0100 (CET);Tue Nov 12 2019 14:31:13 GMT+0100 (CET);1573569073000;0.44;100.85
1380556890909648;14.4;37.3;Tue Nov 12 2019 15:33:21 GMT+0100 (CET);Tue Nov 12 2019 14:33:21 GMT+0100 (CET);1573569201000;0.5;127.07
1380556890909648;14.4;37.9;Tue Nov 12 2019 15:35:14 GMT+0100 (CET);Tue Nov 12 2019 14:35:14 GMT+0100 (CET);1573569314000;0.49;134.04
1380556890909648;14.4;35.3;Tue Nov 12 2019 15:37:25 GMT+0100 (CET);Tue Nov 12 2019 14:37:25 GMT+0100 (CET);1573569445000;0.41;93.77
1380556890909648;14.4;35.7;Tue Nov 12 2019 15:39:29 GMT+0100 (CET);Tue Nov 12 2019 14:39:29 GMT+0100 (CET);1573569569000;0.39;83.45
1380556890909648;14.4;37.9;Tue Nov 12 2019 15:41:37 GMT+0100 (CET);Tue Nov 12 2019 14:41:37 GMT+0100 (CET);1573569697000;0.45;81.34
1380556890909648;14.4;39.5;Tue Nov 12 2019 15:43:31 GMT+0100 (CET);Tue Nov 12 2019 14:43:31 GMT+0100 (CET);1573569811000;0.39;78.88
1380556890909648;16.4;39.3;Tue Nov 12 2019 15:45:23 GMT+0100 (CET);Tue Nov 12 2019 14:45:23 GMT+0100 (CET);1573569923000;0.36;76.88
1380556890909648;16.4;38.8;Tue Nov 12 2019 15:47:10 GMT+0100 (CET);Tue Nov 12 2019 14:47:10 GMT+0100 (CET);1573570030000;0.34;77.89
1380556890909648;16.4;36.7;Tue Nov 12 2019 15:49:30 GMT+0100 (CET);Tue Nov 12 2019 14:49:30 GMT+0100 (CET);1573570170000;0.32;80.79
1380556890909648;14.4;35.8;Tue Nov 12 2019 15:51:29 GMT+0100 (CET);Tue Nov 12 2019 14:51:29 GMT+0100 (CET);1573570289000;0.31;73.72
1380556890909648;14.4;35.6;Tue Nov 12 2019 15:53:37 GMT+0100 (CET);Tue Nov 12 2019 14:53:37 GMT+0100 (CET);1573570417000;0.25;61.4
1380556890909648;14.4;35.6;Tue Nov 12 2019 15:55:44 GMT+0100 (CET);Tue Nov 12 2019 14:55:44 GMT+0100 (CET);1573570544000;0.23;53.42
1380556890909648;14.4;34.2;Tue Nov 12 2019 15:57:49 GMT+0100 (CET);Tue Nov 12 2019 14:57:49 GMT+0100 (CET);1573570669000;0.21;47.71
1380556890909648;12.4;34;Tue Nov 12 2019 15:59:46 GMT+0100 (CET);Tue Nov 12 2019 14:59:46 GMT+0100 (CET);1573570786000;0.19;43
1380556890909648;12.4;33.8;Tue Nov 12 2019 16:01:39 GMT+0100 (CET);Tue Nov 12 2019 15:01:39 GMT+0100 (CET);1573570899000;0.17;38.36
1380556890909648;12.4;33.6;Tue Nov 12 2019 16:03:31 GMT+0100 (CET);Tue Nov 12 2019 15:03:31 GMT+0100 (CET);1573571011000;0.16;36.87
1380556890909648;12.4;33.6;Tue Nov 12 2019 16:05:35 GMT+0100 (CET);Tue Nov 12 2019 15:05:35 GMT+0100 (CET);1573571135000;0.15;33.99
1380556890909648;12.4;33.4;Tue Nov 12 2019 16:07:34 GMT+0100 (CET);Tue Nov 12 2019 15:07:34 GMT+0100 (CET);1573571254000;0.13;30.64
1380556890909648;9.9;33.1;Tue Nov 12 2019 16:09:26 GMT+0100 (CET);Tue Nov 12 2019 15:09:26 GMT+0100 (CET);1573571366000;0.14;31.06
1380556890909648;9.9;33;Tue Nov 12 2019 16:11:40 GMT+0100 (CET);Tue Nov 12 2019 15:11:40 GMT+0100 (CET);1573571500000;0.13;29.9
1380556890909648;9.9;32.6;Tue Nov 12 2019 16:13:33 GMT+0100 (CET);Tue Nov 12 2019 15:13:33 GMT+0100 (CET);1573571613000;0.13;28.89
1380556890909648;9.9;32.6;Tue Nov 12 2019 16:15:31 GMT+0100 (CET);Tue Nov 12 2019 15:15:31 GMT+0100 (CET);1573571731000;0.12;27.13
1380556890909648;9.9;32.6;Tue Nov 12 2019 16:17:23 GMT+0100 (CET);Tue Nov 12 2019 15:17:23 GMT+0100 (CET);1573571843000;0.11;25.94
1380556890909648;8.9;32.1;Tue Nov 12 2019 16:19:27 GMT+0100 (CET);Tue Nov 12 2019 15:19:27 GMT+0100 (CET);1573571967000;0.11;24.96
1380556890909648;8.9;32;Tue Nov 12 2019 16:21:23 GMT+0100 (CET);Tue Nov 12 2019 15:21:23 GMT+0100 (CET);1573572083000;0.1;23.29
1380556890909648;8.9;31.9;Tue Nov 12 2019 16:23:35 GMT+0100 (CET);Tue Nov 12 2019 15:23:35 GMT+0100 (CET);1573572215000;0.09;20.06
1380556890909648;8.9;31.7;Tue Nov 12 2019 16:25:38 GMT+0100 (CET);Tue Nov 12 2019 15:25:38 GMT+0100 (CET);1573572338000;0.07;15.74
1380556890909648;8.9;31.5;Tue Nov 12 2019 16:27:35 GMT+0100 (CET);Tue Nov 12 2019 15:27:35 GMT+0100 (CET);1573572455000;0;12.22
1380556890909648;8.9;31.4;Tue Nov 12 2019 16:29:28 GMT+0100 (CET);Tue Nov 12 2019 15:29:28 GMT+0100 (CET);1573572568000;0;9.6
1380556890909648;8.9;30.6;Tue Nov 12 2019 16:31:26 GMT+0100 (CET);Tue Nov 12 2019 15:31:26 GMT+0100 (CET);1573572686000;0;7.69
1380556890909648;8.4;29.6;Tue Nov 12 2019 16:33:26 GMT+0100 (CET);Tue Nov 12 2019 15:33:26 GMT+0100 (CET);1573572806000;0;6.69
1380556890909648;8.4;33.7;Tue Nov 12 2019 16:35:29 GMT+0100 (CET);Tue Nov 12 2019 15:35:29 GMT+0100 (CET);1573572929000;0;6.14
1380556890909648;8.4;33.8;Tue Nov 12 2019 16:37:23 GMT+0100 (CET);Tue Nov 12 2019 15:37:23 GMT+0100 (CET);1573573043000;0;5.88
1380556890909648;8.4;31.3;Tue Nov 12 2019 16:39:31 GMT+0100 (CET);Tue Nov 12 2019 15:39:31 GMT+0100 (CET);1573573171000;0;5.03
1380556890909648;8.4;32.9;Tue Nov 12 2019 16:41:26 GMT+0100 (CET);Tue Nov 12 2019 15:41:26 GMT+0100 (CET);1573573286000;0;4.58
1380556890909648;8.4;32.2;Tue Nov 12 2019 16:43:30 GMT+0100 (CET);Tue Nov 12 2019 15:43:30 GMT+0100 (CET);1573573410000;0;3.93
1380556890909648;8.4;30;Tue Nov 12 2019 16:45:29 GMT+0100 (CET);Tue Nov 12 2019 15:45:29 GMT+0100 (CET);1573573529000;0;2.45
1380556890909648;6.9;23.2;Tue Nov 12 2019 16:47:38 GMT+0100 (CET);Tue Nov 12 2019 15:47:38 GMT+0100 (CET);1573573658000;0;1.51
1380556890909648;6.9;23.2;Tue Nov 12 2019 16:49:31 GMT+0100 (CET);Tue Nov 12 2019 15:49:31 GMT+0100 (CET);1573573771000;0;0.66
1380556890909648;6.9;23.2;Tue Nov 12 2019 16:51:55 GMT+0100 (CET);Tue Nov 12 2019 15:51:55 GMT+0100 (CET);1573573915000;0;0.08
1380556890909648;-273.2;32;Wed Nov 13 2019 07:39:09 GMT+0100 (CET);Wed Nov 13 2019 06:39:09 GMT+0100 (CET);1573627149000;0;5.62
1380556890909648;-273.2;33.6;Wed Nov 13 2019 07:41:06 GMT+0100 (CET);Wed Nov 13 2019 06:41:06 GMT+0100 (CET);1573627266000;0;6.53
1380556890909648;-273.2;34.3;Wed Nov 13 2019 07:43:02 GMT+0100 (CET);Wed Nov 13 2019 06:43:02 GMT+0100 (CET);1573627382000;0;7.15
1380556890909648;4.9;34.7;Wed Nov 13 2019 07:45:05 GMT+0100 (CET);Wed Nov 13 2019 06:45:05 GMT+0100 (CET);1573627505000;0;7.9
1380556890909648;4.9;35;Wed Nov 13 2019 07:47:01 GMT+0100 (CET);Wed Nov 13 2019 06:47:01 GMT+0100 (CET);1573627621000;0;8.35
1380556890909648;6.4;34.3;Wed Nov 13 2019 07:49:04 GMT+0100 (CET);Wed Nov 13 2019 06:49:04 GMT+0100 (CET);1573627744000;0;9.03
1380556890909648;6.4;28.2;Wed Nov 13 2019 07:51:32 GMT+0100 (CET);Wed Nov 13 2019 06:51:32 GMT+0100 (CET);1573627892000;0;9.54
1380556890909648;4.4;28;Wed Nov 13 2019 07:53:54 GMT+0100 (CET);Wed Nov 13 2019 06:53:54 GMT+0100 (CET);1573628034000;0;9.61
1380556890909648;4.4;28;Wed Nov 13 2019 07:55:58 GMT+0100 (CET);Wed Nov 13 2019 06:55:58 GMT+0100 (CET);1573628158000;0;9.94
1380556890909648;4.4;28.4;Wed Nov 13 2019 07:58:24 GMT+0100 (CET);Wed Nov 13 2019 06:58:24 GMT+0100 (CET);1573628304000;0;11.3
1380556890909648;4.4;29.2;Wed Nov 13 2019 08:00:34 GMT+0100 (CET);Wed Nov 13 2019 07:00:34 GMT+0100 (CET);1573628434000;0;11.37
1380556890909648;4.4;29.4;Wed Nov 13 2019 08:02:45 GMT+0100 (CET);Wed Nov 13 2019 07:02:45 GMT+0100 (CET);1573628565000;0;11.15
1380556890909648;4.4;29.2;Wed Nov 13 2019 08:04:42 GMT+0100 (CET);Wed Nov 13 2019 07:04:42 GMT+0100 (CET);1573628682000;0;12.39
1380556890909648;4.4;29.1;Wed Nov 13 2019 08:06:35 GMT+0100 (CET);Wed Nov 13 2019 07:06:35 GMT+0100 (CET);1573628795000;0.08;15.87
1380556890909648;4.4;29.9;Wed Nov 13 2019 08:09:00 GMT+0100 (CET);Wed Nov 13 2019 07:09:00 GMT+0100 (CET);1573628940000;0.1;20.64
1380556890909648;4.4;31.1;Wed Nov 13 2019 08:10:53 GMT+0100 (CET);Wed Nov 13 2019 07:10:53 GMT+0100 (CET);1573629053000;0.09;19.06
1380556890909648;4.9;31.5;Wed Nov 13 2019 08:12:54 GMT+0100 (CET);Wed Nov 13 2019 07:12:54 GMT+0100 (CET);1573629174000;0.08;16.8
1380556890909648;4.9;31.3;Wed Nov 13 2019 08:15:23 GMT+0100 (CET);Wed Nov 13 2019 07:15:23 GMT+0100 (CET);1573629323000;0.07;16.57
1380556890909648;6.4;30.9;Wed Nov 13 2019 08:17:40 GMT+0100 (CET);Wed Nov 13 2019 07:17:40 GMT+0100 (CET);1573629460000;0.08;17.23
1380556890909648;6.4;30.9;Wed Nov 13 2019 08:19:33 GMT+0100 (CET);Wed Nov 13 2019 07:19:33 GMT+0100 (CET);1573629573000;0.09;18.68
1380556890909648;6.4;31.7;Wed Nov 13 2019 08:22:28 GMT+0100 (CET);Wed Nov 13 2019 07:22:28 GMT+0100 (CET);1573629748000;0.1;20.87
1380556890909648;6.4;31.7;Wed Nov 13 2019 08:25:20 GMT+0100 (CET);Wed Nov 13 2019 07:25:20 GMT+0100 (CET);1573629920000;0.1;21.98
1380556890909648;16.4;35.6;Wed Nov 13 2019 10:47:20 GMT+0100 (CET);Wed Nov 13 2019 09:47:20 GMT+0100 (CET);1573638440000;1.13;224.7
1380556890909648;16.9;35.6;Wed Nov 13 2019 10:50:13 GMT+0100 (CET);Wed Nov 13 2019 09:50:13 GMT+0100 (CET);1573638613000;1.03;224.7
1380556890909648;16.9;35.6;Wed Nov 13 2019 10:52:06 GMT+0100 (CET);Wed Nov 13 2019 09:52:06 GMT+0100 (CET);1573638726000;1.05;227
1380556890909648;18.5;35.5;Wed Nov 13 2019 10:53:59 GMT+0100 (CET);Wed Nov 13 2019 09:53:59 GMT+0100 (CET);1573638839000;1.08;234.65
1380556890909648;18.5;35.8;Wed Nov 13 2019 10:55:52 GMT+0100 (CET);Wed Nov 13 2019 09:55:52 GMT+0100 (CET);1573638952000;1.16;250.86
1380556890909648;18.5;35.6;Wed Nov 13 2019 10:57:45 GMT+0100 (CET);Wed Nov 13 2019 09:57:45 GMT+0100 (CET);1573639065000;1.07;229.35
1380556890909648;18.5;35.4;Wed Nov 13 2019 10:59:38 GMT+0100 (CET);Wed Nov 13 2019 09:59:38 GMT+0100 (CET);1573639178000;0.91;190.05
1380556890909648;18.5;35.4;Wed Nov 13 2019 11:01:30 GMT+0100 (CET);Wed Nov 13 2019 10:01:30 GMT+0100 (CET);1573639290000;0.86;184.96
1380556890909648;18.5;35.4;Wed Nov 13 2019 11:03:23 GMT+0100 (CET);Wed Nov 13 2019 10:03:23 GMT+0100 (CET);1573639403000;0.89;192.52
1380556890909648;18.5;35.4;Wed Nov 13 2019 11:05:16 GMT+0100 (CET);Wed Nov 13 2019 10:05:16 GMT+0100 (CET);1573639516000;0.82;176.12
1380556890909648;20.5;35.3;Wed Nov 13 2019 11:07:09 GMT+0100 (CET);Wed Nov 13 2019 10:07:09 GMT+0100 (CET);1573639629000;0.78;165.82
1380556890909648;20.5;35.3;Wed Nov 13 2019 11:09:01 GMT+0100 (CET);Wed Nov 13 2019 10:09:01 GMT+0100 (CET);1573639741000;0.75;162.25
1380556890909648;20.5;35.3;Wed Nov 13 2019 11:10:54 GMT+0100 (CET);Wed Nov 13 2019 10:10:54 GMT+0100 (CET);1573639854000;0.73;159.42
1380556890909648;18.5;35.4;Wed Nov 13 2019 11:12:47 GMT+0100 (CET);Wed Nov 13 2019 10:12:47 GMT+0100 (CET);1573639967000;0.79;170.59
1380556890909648;18.5;35.6;Wed Nov 13 2019 11:14:40 GMT+0100 (CET);Wed Nov 13 2019 10:14:40 GMT+0100 (CET);1573640080000;0.93;204.67
1380556890909648;18.5;35.8;Wed Nov 13 2019 11:16:33 GMT+0100 (CET);Wed Nov 13 2019 10:16:33 GMT+0100 (CET);1573640193000;0.98;214.54
1380556890909648;18.5;35.8;Wed Nov 13 2019 11:18:26 GMT+0100 (CET);Wed Nov 13 2019 10:18:26 GMT+0100 (CET);1573640306000;0.97;210.45
1380556890909648;18.5;35.6;Wed Nov 13 2019 11:20:18 GMT+0100 (CET);Wed Nov 13 2019 10:20:18 GMT+0100 (CET);1573640418000;0.84;178.9
1380556890909648;16.9;35.4;Wed Nov 13 2019 11:22:12 GMT+0100 (CET);Wed Nov 13 2019 10:22:12 GMT+0100 (CET);1573640532000;0.74;161.32
1380556890909648;16.9;35.3;Wed Nov 13 2019 11:24:04 GMT+0100 (CET);Wed Nov 13 2019 10:24:04 GMT+0100 (CET);1573640644000;0.69;147.65
1380556890909648;16.9;35.3;Wed Nov 13 2019 11:25:57 GMT+0100 (CET);Wed Nov 13 2019 10:25:57 GMT+0100 (CET);1573640757000;0.72;165.62
1380556890909648;16.9;35.6;Wed Nov 13 2019 11:27:50 GMT+0100 (CET);Wed Nov 13 2019 10:27:50 GMT+0100 (CET);1573640870000;0.81;177.16
1380556890909648;16.9;35.6;Wed Nov 13 2019 11:29:43 GMT+0100 (CET);Wed Nov 13 2019 10:29:43 GMT+0100 (CET);1573640983000;0.82;176.86
1380556890909648;16.9;35.5;Wed Nov 13 2019 11:31:33 GMT+0100 (CET);Wed Nov 13 2019 10:31:33 GMT+0100 (CET);1573641093000;0.82;176.43
1380556890909648;16.9;35.5;Wed Nov 13 2019 11:33:26 GMT+0100 (CET);Wed Nov 13 2019 10:33:26 GMT+0100 (CET);1573641206000;0.82;178.52
1380556890909648;16.9;35.5;Wed Nov 13 2019 11:35:19 GMT+0100 (CET);Wed Nov 13 2019 10:35:19 GMT+0100 (CET);1573641319000;0.76;163.1
1380556890909648;16.9;35.3;Wed Nov 13 2019 11:37:12 GMT+0100 (CET);Wed Nov 13 2019 10:37:12 GMT+0100 (CET);1573641432000;0.67;144.04
1380556890909648;16.9;35.1;Wed Nov 13 2019 11:39:07 GMT+0100 (CET);Wed Nov 13 2019 10:39:07 GMT+0100 (CET);1573641547000;0.68;149.38
1380556890909648;16.9;35.4;Wed Nov 13 2019 11:40:59 GMT+0100 (CET);Wed Nov 13 2019 10:40:59 GMT+0100 (CET);1573641659000;0.78;169.76
1380556890909648;16.9;35.5;Wed Nov 13 2019 11:42:52 GMT+0100 (CET);Wed Nov 13 2019 10:42:52 GMT+0100 (CET);1573641772000;0.79;170.61
1380556890909648;16.9;35.5;Wed Nov 13 2019 11:44:45 GMT+0100 (CET);Wed Nov 13 2019 10:44:45 GMT+0100 (CET);1573641885000;0.72;154.24
1380556890909648;16.9;35.3;Wed Nov 13 2019 11:46:38 GMT+0100 (CET);Wed Nov 13 2019 10:46:38 GMT+0100 (CET);1573641998000;0.65;139.59
1380556890909648;16.4;35.3;Wed Nov 13 2019 11:48:31 GMT+0100 (CET);Wed Nov 13 2019 10:48:31 GMT+0100 (CET);1573642111000;0.64;138.61
1380556890909648;16.4;35.4;Wed Nov 13 2019 11:50:25 GMT+0100 (CET);Wed Nov 13 2019 10:50:25 GMT+0100 (CET);1573642225000;0.71;154.06
1380556890909648;16.4;35.4;Wed Nov 13 2019 11:52:18 GMT+0100 (CET);Wed Nov 13 2019 10:52:18 GMT+0100 (CET);1573642338000;0.71;153.43
1380556890909648;16.4;35.4;Wed Nov 13 2019 11:54:10 GMT+0100 (CET);Wed Nov 13 2019 10:54:10 GMT+0100 (CET);1573642450000;0.71;153.29
1380556890909648;16.4;35.5;Wed Nov 13 2019 11:56:03 GMT+0100 (CET);Wed Nov 13 2019 10:56:03 GMT+0100 (CET);1573642563000;0.73;157.95
1380556890909648;16.4;35.4;Wed Nov 13 2019 11:57:56 GMT+0100 (CET);Wed Nov 13 2019 10:57:56 GMT+0100 (CET);1573642676000;0.69;148
1380556890909648;16.4;35.4;Wed Nov 13 2019 11:59:48 GMT+0100 (CET);Wed Nov 13 2019 10:59:48 GMT+0100 (CET);1573642788000;0.71;154.44
1380556890909648;16.4;35.7;Wed Nov 13 2019 12:01:41 GMT+0100 (CET);Wed Nov 13 2019 11:01:41 GMT+0100 (CET);1573642901000;0.75;161.77
1380556890909648;16.4;35.7;Wed Nov 13 2019 12:03:34 GMT+0100 (CET);Wed Nov 13 2019 11:03:34 GMT+0100 (CET);1573643014000;0.81;177.07
1380556890909648;16.4;35.9;Wed Nov 13 2019 12:05:27 GMT+0100 (CET);Wed Nov 13 2019 11:05:27 GMT+0100 (CET);1573643127000;0.93;199.93
1380556890909648;16.4;36;Wed Nov 13 2019 12:07:20 GMT+0100 (CET);Wed Nov 13 2019 11:07:20 GMT+0100 (CET);1573643240000;0.98;212.67
1380556890909648;16.4;35.9;Wed Nov 13 2019 12:09:13 GMT+0100 (CET);Wed Nov 13 2019 11:09:13 GMT+0100 (CET);1573643353000;1.06;230.84
1380556890909648;16.4;35.8;Wed Nov 13 2019 12:11:06 GMT+0100 (CET);Wed Nov 13 2019 11:11:06 GMT+0100 (CET);1573643466000;0.95;210.16
1380556890909648;16.4;35.6;Wed Nov 13 2019 12:12:58 GMT+0100 (CET);Wed Nov 13 2019 11:12:58 GMT+0100 (CET);1573643578000;0.92;202.55
1380556890909648;16.4;35.8;Wed Nov 13 2019 12:14:51 GMT+0100 (CET);Wed Nov 13 2019 11:14:51 GMT+0100 (CET);1573643691000;0.99;219.31
1380556890909648;16.9;35.8;Wed Nov 13 2019 12:16:44 GMT+0100 (CET);Wed Nov 13 2019 11:16:44 GMT+0100 (CET);1573643804000;1.14;254.19
1380556890909648;16.9;36.1;Wed Nov 13 2019 12:18:37 GMT+0100 (CET);Wed Nov 13 2019 11:18:37 GMT+0100 (CET);1573643917000;1.61;363.51
1380556890909648;16.9;35.9;Wed Nov 13 2019 12:20:29 GMT+0100 (CET);Wed Nov 13 2019 11:20:29 GMT+0100 (CET);1573644029000;0.97;215.42
1380556890909648;16.9;35.8;Wed Nov 13 2019 12:22:36 GMT+0100 (CET);Wed Nov 13 2019 11:22:36 GMT+0100 (CET);1573644156000;1.05;233.12
1380556890909648;16.9;36.3;Wed Nov 13 2019 12:24:29 GMT+0100 (CET);Wed Nov 13 2019 11:24:29 GMT+0100 (CET);1573644269000;2.21;524.79
1380556890909648;18.5;36.4;Wed Nov 13 2019 12:26:22 GMT+0100 (CET);Wed Nov 13 2019 11:26:22 GMT+0100 (CET);1573644382000;2.71;707.02
1380556890909648;18.5;36.2;Wed Nov 13 2019 12:28:15 GMT+0100 (CET);Wed Nov 13 2019 11:28:15 GMT+0100 (CET);1573644495000;2.42;599.03
1380556890909648;18.5;36.1;Wed Nov 13 2019 12:30:09 GMT+0100 (CET);Wed Nov 13 2019 11:30:09 GMT+0100 (CET);1573644609000;2.95;665.92
1380556890909648;19;34.9;Wed Nov 13 2019 12:32:04 GMT+0100 (CET);Wed Nov 13 2019 11:32:04 GMT+0100 (CET);1573644724000;0.88;196.99
1380556890909648;19;35;Wed Nov 13 2019 12:33:56 GMT+0100 (CET);Wed Nov 13 2019 11:33:56 GMT+0100 (CET);1573644836000;0.94;215.6
1380556890909648;20.5;35.2;Wed Nov 13 2019 12:35:50 GMT+0100 (CET);Wed Nov 13 2019 11:35:50 GMT+0100 (CET);1573644950000;0.9;200.36
1380556890909648;20.5;34.9;Wed Nov 13 2019 12:37:43 GMT+0100 (CET);Wed Nov 13 2019 11:37:43 GMT+0100 (CET);1573645063000;0.68;147.8
1380556890909648;20.5;34.6;Wed Nov 13 2019 12:39:36 GMT+0100 (CET);Wed Nov 13 2019 11:39:36 GMT+0100 (CET);1573645176000;0.59;126.73
1380556890909648;20.5;34.3;Wed Nov 13 2019 12:41:29 GMT+0100 (CET);Wed Nov 13 2019 11:41:29 GMT+0100 (CET);1573645289000;0.53;111.66
1380556890909648;20.5;34.1;Wed Nov 13 2019 12:43:22 GMT+0100 (CET);Wed Nov 13 2019 11:43:22 GMT+0100 (CET);1573645402000;0.51;107.71
1380556890909648;18.5;34.1;Wed Nov 13 2019 12:45:14 GMT+0100 (CET);Wed Nov 13 2019 11:45:14 GMT+0100 (CET);1573645514000;0.56;114.9
1380556890909648;18.5;34.3;Wed Nov 13 2019 12:47:07 GMT+0100 (CET);Wed Nov 13 2019 11:47:07 GMT+0100 (CET);1573645627000;0.6;126.77
1380556890909648;18.5;34.9;Wed Nov 13 2019 12:49:00 GMT+0100 (CET);Wed Nov 13 2019 11:49:00 GMT+0100 (CET);1573645740000;0.6;126.16
1380556890909648;16.9;34.8;Wed Nov 13 2019 12:50:53 GMT+0100 (CET);Wed Nov 13 2019 11:50:53 GMT+0100 (CET);1573645853000;0.52;110.37
1380556890909648;16.9;34.5;Wed Nov 13 2019 12:52:46 GMT+0100 (CET);Wed Nov 13 2019 11:52:46 GMT+0100 (CET);1573645966000;0.43;90.16
1380556890909648;16.9;34.4;Wed Nov 13 2019 12:54:40 GMT+0100 (CET);Wed Nov 13 2019 11:54:40 GMT+0100 (CET);1573646080000;0.4;84.16
1380556890909648;16.4;33.7;Wed Nov 13 2019 12:56:33 GMT+0100 (CET);Wed Nov 13 2019 11:56:33 GMT+0100 (CET);1573646193000;0.4;83.13
1380556890909648;16.4;33.8;Wed Nov 13 2019 12:58:26 GMT+0100 (CET);Wed Nov 13 2019 11:58:26 GMT+0100 (CET);1573646306000;0.39;80.88
1380556890909648;14.9;34;Wed Nov 13 2019 13:00:20 GMT+0100 (CET);Wed Nov 13 2019 12:00:20 GMT+0100 (CET);1573646420000;0.4;83.85
1380556890909648;14.9;34.2;Wed Nov 13 2019 13:02:13 GMT+0100 (CET);Wed Nov 13 2019 12:02:13 GMT+0100 (CET);1573646533000;0.45;95.63
1380556890909648;14.9;34.5;Wed Nov 13 2019 13:04:05 GMT+0100 (CET);Wed Nov 13 2019 12:04:05 GMT+0100 (CET);1573646645000;0.53;110.83
1380556890909648;14.4;35.2;Wed Nov 13 2019 13:05:58 GMT+0100 (CET);Wed Nov 13 2019 12:05:58 GMT+0100 (CET);1573646758000;0.57;122.78
1380556890909648;14.4;35.7;Wed Nov 13 2019 13:07:51 GMT+0100 (CET);Wed Nov 13 2019 12:07:51 GMT+0100 (CET);1573646871000;0.71;157.01
1380556890909648;14.9;36;Wed Nov 13 2019 13:09:44 GMT+0100 (CET);Wed Nov 13 2019 12:09:44 GMT+0100 (CET);1573646984000;0.82;177.61
1380556890909648;14.9;36.1;Wed Nov 13 2019 13:11:37 GMT+0100 (CET);Wed Nov 13 2019 12:11:37 GMT+0100 (CET);1573647097000;0.92;200.17
1380556890909648;14.9;36.1;Wed Nov 13 2019 13:13:30 GMT+0100 (CET);Wed Nov 13 2019 12:13:30 GMT+0100 (CET);1573647210000;0.97;211.99
1380556890909648;16.4;36;Wed Nov 13 2019 13:15:23 GMT+0100 (CET);Wed Nov 13 2019 12:15:23 GMT+0100 (CET);1573647323000;0.97;210.79
1380556890909648;16.4;36.1;Wed Nov 13 2019 13:17:16 GMT+0100 (CET);Wed Nov 13 2019 12:17:16 GMT+0100 (CET);1573647436000;0.97;212.54
1380556890909648;16.4;35.9;Wed Nov 13 2019 13:19:09 GMT+0100 (CET);Wed Nov 13 2019 12:19:09 GMT+0100 (CET);1573647549000;1.01;247.37
1380556890909648;16.4;36;Wed Nov 13 2019 13:21:01 GMT+0100 (CET);Wed Nov 13 2019 12:21:01 GMT+0100 (CET);1573647661000;1.04;231.4
1380556890909648;16.4;37.6;Wed Nov 13 2019 13:22:58 GMT+0100 (CET);Wed Nov 13 2019 12:22:58 GMT+0100 (CET);1573647778000;3.06;677.38
1380556890909648;16.4;36.5;Wed Nov 13 2019 13:24:51 GMT+0100 (CET);Wed Nov 13 2019 12:24:51 GMT+0100 (CET);1573647891000;2.96;680.13
1380556890909648;16.4;36.2;Wed Nov 13 2019 13:26:44 GMT+0100 (CET);Wed Nov 13 2019 12:26:44 GMT+0100 (CET);1573648004000;2.85;663.66
1380556890909648;18.5;35.7;Wed Nov 13 2019 13:28:37 GMT+0100 (CET);Wed Nov 13 2019 12:28:37 GMT+0100 (CET);1573648117000;2.67;619.51
1380556890909648;18.5;35.4;Wed Nov 13 2019 13:30:29 GMT+0100 (CET);Wed Nov 13 2019 12:30:29 GMT+0100 (CET);1573648229000;2.6;604.15
1380556890909648;18.5;35.3;Wed Nov 13 2019 13:32:22 GMT+0100 (CET);Wed Nov 13 2019 12:32:22 GMT+0100 (CET);1573648342000;2.58;599.03
1380556890909648;18.5;35.2;Wed Nov 13 2019 13:34:15 GMT+0100 (CET);Wed Nov 13 2019 12:34:15 GMT+0100 (CET);1573648455000;2.23;514.55
1380556890909648;18.5;35.1;Wed Nov 13 2019 13:36:10 GMT+0100 (CET);Wed Nov 13 2019 12:36:10 GMT+0100 (CET);1573648570000;2.67;616.95
1380556890909648;23.5;35.1;Wed Nov 13 2019 13:38:02 GMT+0100 (CET);Wed Nov 13 2019 12:38:02 GMT+0100 (CET);1573648682000;2.74;627.19
1380556890909648;23.5;35;Wed Nov 13 2019 13:40:02 GMT+0100 (CET);Wed Nov 13 2019 12:40:02 GMT+0100 (CET);1573648802000;2.07;473.59
1380556890909648;23.5;34.9;Wed Nov 13 2019 13:41:55 GMT+0100 (CET);Wed Nov 13 2019 12:41:55 GMT+0100 (CET);1573648915000;1.42;383.99
1380556890909648;23;35;Wed Nov 13 2019 13:43:47 GMT+0100 (CET);Wed Nov 13 2019 12:43:47 GMT+0100 (CET);1573649027000;1.57;343.03
1380556890909648;23;35.2;Wed Nov 13 2019 13:45:40 GMT+0100 (CET);Wed Nov 13 2019 12:45:40 GMT+0100 (CET);1573649140000;1.54;368.63
1380556890909648;24.5;35.2;Wed Nov 13 2019 13:47:33 GMT+0100 (CET);Wed Nov 13 2019 12:47:33 GMT+0100 (CET);1573649253000;1.21;247.84
1380556890909648;24.5;35;Wed Nov 13 2019 13:49:33 GMT+0100 (CET);Wed Nov 13 2019 12:49:33 GMT+0100 (CET);1573649373000;1.29;314.57
1380556890909648;24.5;35.6;Wed Nov 13 2019 13:51:26 GMT+0100 (CET);Wed Nov 13 2019 12:51:26 GMT+0100 (CET);1573649486000;1.6;358.39
1380556890909648;24.5;35.8;Wed Nov 13 2019 13:53:19 GMT+0100 (CET);Wed Nov 13 2019 12:53:19 GMT+0100 (CET);1573649599000;2.04;488.95
1380556890909648;24.5;35.6;Wed Nov 13 2019 13:55:12 GMT+0100 (CET);Wed Nov 13 2019 12:55:12 GMT+0100 (CET);1573649712000;1.61;381.43
1380556890909648;23;35.4;Wed Nov 13 2019 13:58:04 GMT+0100 (CET);Wed Nov 13 2019 12:58:04 GMT+0100 (CET);1573649884000;1.24;383.99
1380556890909648;23;35.6;Wed Nov 13 2019 13:59:57 GMT+0100 (CET);Wed Nov 13 2019 12:59:57 GMT+0100 (CET);1573649997000;1.46;327
1380556890909648;22.5;35.4;Wed Nov 13 2019 14:01:49 GMT+0100 (CET);Wed Nov 13 2019 13:01:49 GMT+0100 (CET);1573650109000;1.77;401.91
1380556890909648;22.5;35.2;Wed Nov 13 2019 14:03:47 GMT+0100 (CET);Wed Nov 13 2019 13:03:47 GMT+0100 (CET);1573650227000;0.82;180.28
1380556890909648;22.5;35.2;Wed Nov 13 2019 14:05:43 GMT+0100 (CET);Wed Nov 13 2019 13:05:43 GMT+0100 (CET);1573650343000;0.87;232.04
1380556890909648;22.5;35.2;Wed Nov 13 2019 14:07:37 GMT+0100 (CET);Wed Nov 13 2019 13:07:37 GMT+0100 (CET);1573650457000;0.77;170.08
1380556890909648;22.5;35.2;Wed Nov 13 2019 14:09:29 GMT+0100 (CET);Wed Nov 13 2019 13:09:29 GMT+0100 (CET);1573650569000;0.73;161.82
1380556890909648;21;35.1;Wed Nov 13 2019 14:11:22 GMT+0100 (CET);Wed Nov 13 2019 13:11:22 GMT+0100 (CET);1573650682000;0.68;147.92
1380556890909648;21;34.9;Wed Nov 13 2019 14:13:16 GMT+0100 (CET);Wed Nov 13 2019 13:13:16 GMT+0100 (CET);1573650796000;0.63;137.46
1380556890909648;21;34.7;Wed Nov 13 2019 14:15:09 GMT+0100 (CET);Wed Nov 13 2019 13:15:09 GMT+0100 (CET);1573650909000;0.51;110.05
1380556890909648;19;34.7;Wed Nov 13 2019 14:17:02 GMT+0100 (CET);Wed Nov 13 2019 13:17:02 GMT+0100 (CET);1573651022000;0.4;86.43
1380556890909648;19;34.4;Wed Nov 13 2019 14:19:22 GMT+0100 (CET);Wed Nov 13 2019 13:19:22 GMT+0100 (CET);1573651162000;0.39;84.95
1380556890909648;18.5;34.6;Wed Nov 13 2019 14:21:15 GMT+0100 (CET);Wed Nov 13 2019 13:21:15 GMT+0100 (CET);1573651275000;0.44;97.11
1380556890909648;18.5;34.8;Wed Nov 13 2019 14:23:08 GMT+0100 (CET);Wed Nov 13 2019 13:23:08 GMT+0100 (CET);1573651388000;0.47;100.98
1380556890909648;18.5;34.7;Wed Nov 13 2019 14:25:04 GMT+0100 (CET);Wed Nov 13 2019 13:25:04 GMT+0100 (CET);1573651504000;0.44;93.8
1380556890909648;16.4;34.5;Wed Nov 13 2019 14:26:57 GMT+0100 (CET);Wed Nov 13 2019 13:26:57 GMT+0100 (CET);1573651617000;0.39;84
1380556890909648;16.4;34.5;Wed Nov 13 2019 14:28:50 GMT+0100 (CET);Wed Nov 13 2019 13:28:50 GMT+0100 (CET);1573651730000;0.34;74.04
1380556890909648;16.4;34.5;Wed Nov 13 2019 14:30:43 GMT+0100 (CET);Wed Nov 13 2019 13:30:43 GMT+0100 (CET);1573651843000;0.33;71.38
1380556890909648;16.4;34.5;Wed Nov 13 2019 14:32:37 GMT+0100 (CET);Wed Nov 13 2019 13:32:37 GMT+0100 (CET);1573651957000;0.34;74.51
1380556890909648;16.4;34.6;Wed Nov 13 2019 14:34:30 GMT+0100 (CET);Wed Nov 13 2019 13:34:30 GMT+0100 (CET);1573652070000;0.35;78.37
1380556890909648;14.9;34.6;Wed Nov 13 2019 14:36:23 GMT+0100 (CET);Wed Nov 13 2019 13:36:23 GMT+0100 (CET);1573652183000;0.35;76.71
1380556890909648;14.9;34.7;Wed Nov 13 2019 14:38:17 GMT+0100 (CET);Wed Nov 13 2019 13:38:17 GMT+0100 (CET);1573652297000;0.34;76.56
1380556890909648;14.4;34.6;Wed Nov 13 2019 14:40:13 GMT+0100 (CET);Wed Nov 13 2019 13:40:13 GMT+0100 (CET);1573652413000;0.34;76.85
1380556890909648;14.4;34.6;Wed Nov 13 2019 14:42:05 GMT+0100 (CET);Wed Nov 13 2019 13:42:05 GMT+0100 (CET);1573652525000;0.35;77.38
1380556890909648;14.4;34.7;Wed Nov 13 2019 14:43:58 GMT+0100 (CET);Wed Nov 13 2019 13:43:58 GMT+0100 (CET);1573652638000;0.35;77.35
1380556890909648;14.4;34.6;Wed Nov 13 2019 14:45:51 GMT+0100 (CET);Wed Nov 13 2019 13:45:51 GMT+0100 (CET);1573652751000;0.35;77.65
1380556890909648;14.4;35.1;Wed Nov 13 2019 14:47:43 GMT+0100 (CET);Wed Nov 13 2019 13:47:43 GMT+0100 (CET);1573652863000;0.44;104.32
1380556890909648;14.4;34.9;Wed Nov 13 2019 14:49:54 GMT+0100 (CET);Wed Nov 13 2019 13:49:54 GMT+0100 (CET);1573652994000;0.43;98.36
1380556890909648;14.4;35;Wed Nov 13 2019 14:51:47 GMT+0100 (CET);Wed Nov 13 2019 13:51:47 GMT+0100 (CET);1573653107000;0.38;83.48
1380556890909648;14.4;34.7;Wed Nov 13 2019 14:53:41 GMT+0100 (CET);Wed Nov 13 2019 13:53:41 GMT+0100 (CET);1573653221000;0.42;90.03
1380556890909648;14.4;34.7;Wed Nov 13 2019 14:55:35 GMT+0100 (CET);Wed Nov 13 2019 13:55:35 GMT+0100 (CET);1573653335000;0.46;98.32
1380556890909648;14.4;35;Wed Nov 13 2019 14:57:28 GMT+0100 (CET);Wed Nov 13 2019 13:57:28 GMT+0100 (CET);1573653448000;0.48;103.87
1380556890909648;14.4;35.1;Wed Nov 13 2019 14:59:20 GMT+0100 (CET);Wed Nov 13 2019 13:59:20 GMT+0100 (CET);1573653560000;0.48;104.6
1380556890909648;14.4;35.1;Wed Nov 13 2019 15:01:13 GMT+0100 (CET);Wed Nov 13 2019 14:01:13 GMT+0100 (CET);1573653673000;0.48;102.76
1380556890909648;14.4;35.1;Wed Nov 13 2019 15:03:06 GMT+0100 (CET);Wed Nov 13 2019 14:03:06 GMT+0100 (CET);1573653786000;0.49;103.8
1380556890909648;14.4;34.7;Wed Nov 13 2019 15:04:59 GMT+0100 (CET);Wed Nov 13 2019 14:04:59 GMT+0100 (CET);1573653899000;0.5;107.53
1380556890909648;14.4;34.8;Wed Nov 13 2019 15:06:52 GMT+0100 (CET);Wed Nov 13 2019 14:06:52 GMT+0100 (CET);1573654012000;0.52;110.36
1380556890909648;14.4;35.1;Wed Nov 13 2019 15:08:44 GMT+0100 (CET);Wed Nov 13 2019 14:08:44 GMT+0100 (CET);1573654124000;0.53;113.52
1380556890909648;14.4;35.6;Wed Nov 13 2019 15:10:38 GMT+0100 (CET);Wed Nov 13 2019 14:10:38 GMT+0100 (CET);1573654238000;0.55;121.2
1380556890909648;14.4;35.9;Wed Nov 13 2019 15:12:31 GMT+0100 (CET);Wed Nov 13 2019 14:12:31 GMT+0100 (CET);1573654351000;0.57;131.71
1380556890909648;14.4;36.4;Wed Nov 13 2019 15:14:24 GMT+0100 (CET);Wed Nov 13 2019 14:14:24 GMT+0100 (CET);1573654464000;0.6;137.44
1380556890909648;14.4;36.7;Wed Nov 13 2019 15:16:17 GMT+0100 (CET);Wed Nov 13 2019 14:16:17 GMT+0100 (CET);1573654577000;0.6;133.86
1380556890909648;14.4;35.6;Wed Nov 13 2019 15:18:09 GMT+0100 (CET);Wed Nov 13 2019 14:18:09 GMT+0100 (CET);1573654689000;0.58;130.1
1380556890909648;14.4;35.6;Wed Nov 13 2019 15:20:03 GMT+0100 (CET);Wed Nov 13 2019 14:20:03 GMT+0100 (CET);1573654803000;0.57;125.98
1380556890909648;14.4;35.3;Wed Nov 13 2019 15:21:56 GMT+0100 (CET);Wed Nov 13 2019 14:21:56 GMT+0100 (CET);1573654916000;0.54;115.95
1380556890909648;14.4;34.9;Wed Nov 13 2019 15:23:49 GMT+0100 (CET);Wed Nov 13 2019 14:23:49 GMT+0100 (CET);1573655029000;0.47;103.03
1380556890909648;14.4;34.8;Wed Nov 13 2019 15:25:42 GMT+0100 (CET);Wed Nov 13 2019 14:25:42 GMT+0100 (CET);1573655142000;0.43;92.33
1380556890909648;14.4;34.5;Wed Nov 13 2019 15:27:35 GMT+0100 (CET);Wed Nov 13 2019 14:27:35 GMT+0100 (CET);1573655255000;0.4;84.83
1380556890909648;14.4;34.3;Wed Nov 13 2019 15:29:27 GMT+0100 (CET);Wed Nov 13 2019 14:29:27 GMT+0100 (CET);1573655367000;0.37;79.54
1380556890909648;14.4;34.2;Wed Nov 13 2019 15:31:20 GMT+0100 (CET);Wed Nov 13 2019 14:31:20 GMT+0100 (CET);1573655480000;0.35;74.28
1380556890909648;14.4;34.1;Wed Nov 13 2019 15:33:12 GMT+0100 (CET);Wed Nov 13 2019 14:33:12 GMT+0100 (CET);1573655592000;0.33;68.94
1380556890909648;14.4;33.9;Wed Nov 13 2019 15:35:08 GMT+0100 (CET);Wed Nov 13 2019 14:35:08 GMT+0100 (CET);1573655708000;0.31;66.89
1380556890909648;12.9;33.8;Wed Nov 13 2019 15:37:01 GMT+0100 (CET);Wed Nov 13 2019 14:37:01 GMT+0100 (CET);1573655821000;0.3;63.93
1380556890909648;12.9;33.8;Wed Nov 13 2019 15:38:54 GMT+0100 (CET);Wed Nov 13 2019 14:38:54 GMT+0100 (CET);1573655934000;0.28;59.96
1380556890909648;12.9;33.7;Wed Nov 13 2019 15:40:47 GMT+0100 (CET);Wed Nov 13 2019 14:40:47 GMT+0100 (CET);1573656047000;0.27;57.25
1380556890909648;12.9;33.6;Wed Nov 13 2019 15:42:39 GMT+0100 (CET);Wed Nov 13 2019 14:42:39 GMT+0100 (CET);1573656159000;0.26;55.5
1380556890909648;12.9;33.6;Wed Nov 13 2019 15:44:32 GMT+0100 (CET);Wed Nov 13 2019 14:44:32 GMT+0100 (CET);1573656272000;0.26;54.67
1380556890909648;12.4;33.5;Wed Nov 13 2019 15:46:24 GMT+0100 (CET);Wed Nov 13 2019 14:46:24 GMT+0100 (CET);1573656384000;0.25;53.42
1380556890909648;12.4;33.5;Wed Nov 13 2019 15:48:16 GMT+0100 (CET);Wed Nov 13 2019 14:48:16 GMT+0100 (CET);1573656496000;0.24;50.37
1380556890909648;12.4;33.5;Wed Nov 13 2019 15:50:09 GMT+0100 (CET);Wed Nov 13 2019 14:50:09 GMT+0100 (CET);1573656609000;0.21;46.19
1380556890909648;12.4;33.4;Wed Nov 13 2019 15:52:05 GMT+0100 (CET);Wed Nov 13 2019 14:52:05 GMT+0100 (CET);1573656725000;0.19;41.27
1380556890909648;12.4;33.3;Wed Nov 13 2019 15:53:58 GMT+0100 (CET);Wed Nov 13 2019 14:53:58 GMT+0100 (CET);1573656838000;0.16;35.95
1380556890909648;12.4;33.1;Wed Nov 13 2019 15:55:52 GMT+0100 (CET);Wed Nov 13 2019 14:55:52 GMT+0100 (CET);1573656952000;0.14;30.75
1380556890909648;12.4;33;Wed Nov 13 2019 15:57:45 GMT+0100 (CET);Wed Nov 13 2019 14:57:45 GMT+0100 (CET);1573657065000;0.11;25.36
1380556890909648;12.4;33;Wed Nov 13 2019 15:59:38 GMT+0100 (CET);Wed Nov 13 2019 14:59:38 GMT+0100 (CET);1573657178000;0.1;22.1
1380556890909648;12.4;31.4;Wed Nov 13 2019 16:01:30 GMT+0100 (CET);Wed Nov 13 2019 15:01:30 GMT+0100 (CET);1573657290000;0.1;20.53
1380556890909648;12.4;30.9;Wed Nov 13 2019 16:03:23 GMT+0100 (CET);Wed Nov 13 2019 15:03:23 GMT+0100 (CET);1573657403000;0.09;19.1
1380556890909648;9.9;30.9;Wed Nov 13 2019 16:05:15 GMT+0100 (CET);Wed Nov 13 2019 15:05:15 GMT+0100 (CET);1573657515000;0.08;16.96
1380556890909648;9.9;30.9;Wed Nov 13 2019 16:07:08 GMT+0100 (CET);Wed Nov 13 2019 15:07:08 GMT+0100 (CET);1573657628000;0.07;15.15
1380556890909648;8.9;30.5;Wed Nov 13 2019 16:09:02 GMT+0100 (CET);Wed Nov 13 2019 15:09:02 GMT+0100 (CET);1573657742000;0;12.37
1380556890909648;8.9;30.1;Wed Nov 13 2019 16:10:54 GMT+0100 (CET);Wed Nov 13 2019 15:10:54 GMT+0100 (CET);1573657854000;0;9.9
1380556890909648;8.9;29.3;Wed Nov 13 2019 16:12:47 GMT+0100 (CET);Wed Nov 13 2019 15:12:47 GMT+0100 (CET);1573657967000;0;9.15
1380556890909648;8.9;28.7;Wed Nov 13 2019 16:14:39 GMT+0100 (CET);Wed Nov 13 2019 15:14:39 GMT+0100 (CET);1573658079000;0;8.32
1380556890909648;8.9;28.6;Wed Nov 13 2019 16:16:32 GMT+0100 (CET);Wed Nov 13 2019 15:16:32 GMT+0100 (CET);1573658192000;0;7.04
1380556890909648;8.9;28.3;Wed Nov 13 2019 16:18:26 GMT+0100 (CET);Wed Nov 13 2019 15:18:26 GMT+0100 (CET);1573658306000;0;6.22
1380556890909648;8.4;33.6;Wed Nov 13 2019 16:20:24 GMT+0100 (CET);Wed Nov 13 2019 15:20:24 GMT+0100 (CET);1573658424000;0;5.38
1380556890909648;8.4;32.7;Wed Nov 13 2019 16:22:17 GMT+0100 (CET);Wed Nov 13 2019 15:22:17 GMT+0100 (CET);1573658537000;0;4.59
1380556890909648;8.9;31;Wed Nov 13 2019 16:24:09 GMT+0100 (CET);Wed Nov 13 2019 15:24:09 GMT+0100 (CET);1573658649000;0;3.55
1380556890909648;8.9;31.2;Wed Nov 13 2019 16:26:02 GMT+0100 (CET);Wed Nov 13 2019 15:26:02 GMT+0100 (CET);1573658762000;0;3.28
1380556890909648;8.9;31.2;Wed Nov 13 2019 16:27:55 GMT+0100 (CET);Wed Nov 13 2019 15:27:55 GMT+0100 (CET);1573658875000;0;3.05
1380556890909648;8.9;29.1;Wed Nov 13 2019 16:29:48 GMT+0100 (CET);Wed Nov 13 2019 15:29:48 GMT+0100 (CET);1573658988000;0;2.47
1380556890909648;8.9;28.6;Wed Nov 13 2019 16:31:41 GMT+0100 (CET);Wed Nov 13 2019 15:31:41 GMT+0100 (CET);1573659101000;0;2.14
1380556890909648;8.9;21.8;Wed Nov 13 2019 16:33:34 GMT+0100 (CET);Wed Nov 13 2019 15:33:34 GMT+0100 (CET);1573659214000;0;1.61
1380556890909648;8.9;21.8;Wed Nov 13 2019 16:35:28 GMT+0100 (CET);Wed Nov 13 2019 15:35:28 GMT+0100 (CET);1573659328000;0;1.34
1380556890909648;8.9;21.8;Wed Nov 13 2019 16:37:21 GMT+0100 (CET);Wed Nov 13 2019 15:37:21 GMT+0100 (CET);1573659441000;0;1.16
1380556890909648;-273.2;32.9;Thu Nov 14 2019 07:22:06 GMT+0100 (CET);Thu Nov 14 2019 06:22:06 GMT+0100 (CET);1573712526000;0;4.33
1380556890909648;-3.2;31.3;Thu Nov 14 2019 07:24:00 GMT+0100 (CET);Thu Nov 14 2019 06:24:00 GMT+0100 (CET);1573712640000;0;5.01
1380556890909648;-3.2;34.1;Thu Nov 14 2019 07:25:52 GMT+0100 (CET);Thu Nov 14 2019 06:25:52 GMT+0100 (CET);1573712752000;0;5.29
1380556890909648;0.3;35.4;Thu Nov 14 2019 07:27:46 GMT+0100 (CET);Thu Nov 14 2019 06:27:46 GMT+0100 (CET);1573712866000;0;5.94
1380556890909648;0.3;28.8;Thu Nov 14 2019 07:29:39 GMT+0100 (CET);Thu Nov 14 2019 06:29:39 GMT+0100 (CET);1573712979000;0;8.13
1380556890909648;0.3;28.9;Thu Nov 14 2019 07:31:31 GMT+0100 (CET);Thu Nov 14 2019 06:31:31 GMT+0100 (CET);1573713091000;0;9.46
1380556890909648;0.3;29.3;Thu Nov 14 2019 07:33:24 GMT+0100 (CET);Thu Nov 14 2019 06:33:24 GMT+0100 (CET);1573713204000;0;11.11
1380556890909648;0.3;31;Thu Nov 14 2019 07:35:25 GMT+0100 (CET);Thu Nov 14 2019 06:35:25 GMT+0100 (CET);1573713325000;0;13.68
1380556890909648;0.3;31.2;Thu Nov 14 2019 07:37:18 GMT+0100 (CET);Thu Nov 14 2019 06:37:18 GMT+0100 (CET);1573713438000;0.07;15.08
1380556890909648;0.3;32.1;Thu Nov 14 2019 07:39:11 GMT+0100 (CET);Thu Nov 14 2019 06:39:11 GMT+0100 (CET);1573713551000;0.08;17.32
1380556890909648;0.3;32.1;Thu Nov 14 2019 07:41:12 GMT+0100 (CET);Thu Nov 14 2019 06:41:12 GMT+0100 (CET);1573713672000;0.09;19.23
1380556890909648;0.8;33;Thu Nov 14 2019 07:43:07 GMT+0100 (CET);Thu Nov 14 2019 06:43:07 GMT+0100 (CET);1573713787000;0.1;21.31
1380556890909648;0.8;33;Thu Nov 14 2019 07:45:00 GMT+0100 (CET);Thu Nov 14 2019 06:45:00 GMT+0100 (CET);1573713900000;0.11;24.15
1380556890909648;0.8;33.4;Thu Nov 14 2019 07:46:53 GMT+0100 (CET);Thu Nov 14 2019 06:46:53 GMT+0100 (CET);1573714013000;0.12;27.2
1380556890909648;0.8;33.7;Thu Nov 14 2019 07:48:46 GMT+0100 (CET);Thu Nov 14 2019 06:48:46 GMT+0100 (CET);1573714126000;0.13;30.39
1380556890909648;0.8;33.9;Thu Nov 14 2019 07:50:39 GMT+0100 (CET);Thu Nov 14 2019 06:50:39 GMT+0100 (CET);1573714239000;0.15;33.01
1380556890909648;2.3;34.1;Thu Nov 14 2019 07:52:32 GMT+0100 (CET);Thu Nov 14 2019 06:52:32 GMT+0100 (CET);1573714352000;0.17;37.57
1380556890909648;2.3;34.3;Thu Nov 14 2019 07:54:25 GMT+0100 (CET);Thu Nov 14 2019 06:54:25 GMT+0100 (CET);1573714465000;0.18;40.18
1380556890909648;2.3;34.5;Thu Nov 14 2019 07:56:25 GMT+0100 (CET);Thu Nov 14 2019 06:56:25 GMT+0100 (CET);1573714585000;0.2;43.75
1380556890909648;2.3;34.5;Thu Nov 14 2019 07:58:19 GMT+0100 (CET);Thu Nov 14 2019 06:58:19 GMT+0100 (CET);1573714699000;0.21;46.16
1380556890909648;2.3;34.7;Thu Nov 14 2019 08:00:12 GMT+0100 (CET);Thu Nov 14 2019 07:00:12 GMT+0100 (CET);1573714812000;0.22;48.91
1380556890909648;2.8;34.7;Thu Nov 14 2019 08:02:06 GMT+0100 (CET);Thu Nov 14 2019 07:02:06 GMT+0100 (CET);1573714926000;0.23;51.55
1380556890909648;2.8;35.9;Thu Nov 14 2019 08:03:59 GMT+0100 (CET);Thu Nov 14 2019 07:03:59 GMT+0100 (CET);1573715039000;0.24;53.83
1380556890909648;4.4;36;Thu Nov 14 2019 08:05:52 GMT+0100 (CET);Thu Nov 14 2019 07:05:52 GMT+0100 (CET);1573715152000;0.25;57.26
1380556890909648;4.4;36.1;Thu Nov 14 2019 08:07:56 GMT+0100 (CET);Thu Nov 14 2019 07:07:56 GMT+0100 (CET);1573715276000;0.26;61.22
1380556890909648;4.4;36.2;Thu Nov 14 2019 08:09:48 GMT+0100 (CET);Thu Nov 14 2019 07:09:48 GMT+0100 (CET);1573715388000;0.28;64.88
1380556890909648;4.4;36.5;Thu Nov 14 2019 08:11:41 GMT+0100 (CET);Thu Nov 14 2019 07:11:41 GMT+0100 (CET);1573715501000;0.3;69.59
1380556890909648;4.4;36.4;Thu Nov 14 2019 08:13:34 GMT+0100 (CET);Thu Nov 14 2019 07:13:34 GMT+0100 (CET);1573715614000;0.32;112.95
1380556890909648;4.4;36.6;Thu Nov 14 2019 08:15:28 GMT+0100 (CET);Thu Nov 14 2019 07:15:28 GMT+0100 (CET);1573715728000;0.31;131.42
1380556890909648;4.4;36.5;Thu Nov 14 2019 08:17:21 GMT+0100 (CET);Thu Nov 14 2019 07:17:21 GMT+0100 (CET);1573715841000;0.33;161.71
1380556890909648;4.4;36.7;Thu Nov 14 2019 08:19:14 GMT+0100 (CET);Thu Nov 14 2019 07:19:14 GMT+0100 (CET);1573715954000;0.32;135.97
1380556890909648;4.9;36.6;Thu Nov 14 2019 08:21:18 GMT+0100 (CET);Thu Nov 14 2019 07:21:18 GMT+0100 (CET);1573716078000;0.32;152.8
1380556890909648;4.9;37.7;Thu Nov 14 2019 08:23:22 GMT+0100 (CET);Thu Nov 14 2019 07:23:22 GMT+0100 (CET);1573716202000;0.35;199.65
1380556890909648;6.4;37.5;Thu Nov 14 2019 08:25:15 GMT+0100 (CET);Thu Nov 14 2019 07:25:15 GMT+0100 (CET);1573716315000;0.35;195.93
1380556890909648;6.4;38.1;Thu Nov 14 2019 08:27:09 GMT+0100 (CET);Thu Nov 14 2019 07:27:09 GMT+0100 (CET);1573716429000;0.35;190.37
1380556890909648;6.4;38.6;Thu Nov 14 2019 08:29:02 GMT+0100 (CET);Thu Nov 14 2019 07:29:02 GMT+0100 (CET);1573716542000;0.35;195.03
1380556890909648;6.4;39.2;Thu Nov 14 2019 08:30:55 GMT+0100 (CET);Thu Nov 14 2019 07:30:55 GMT+0100 (CET);1573716655000;0.37;211
1380556890909648;6.9;40;Thu Nov 14 2019 08:32:47 GMT+0100 (CET);Thu Nov 14 2019 07:32:47 GMT+0100 (CET);1573716767000;0.39;232.98
1380556890909648;6.9;40.3;Thu Nov 14 2019 08:34:41 GMT+0100 (CET);Thu Nov 14 2019 07:34:41 GMT+0100 (CET);1573716881000;0.4;248.19
1380556890909648;6.9;40.3;Thu Nov 14 2019 08:36:33 GMT+0100 (CET);Thu Nov 14 2019 07:36:33 GMT+0100 (CET);1573716993000;0.57;261.85
1380556890909648;8.9;39.3;Thu Nov 14 2019 08:38:26 GMT+0100 (CET);Thu Nov 14 2019 07:38:26 GMT+0100 (CET);1573717106000;0.99;270.17
1380556890909648;8.9;37.2;Thu Nov 14 2019 08:40:19 GMT+0100 (CET);Thu Nov 14 2019 07:40:19 GMT+0100 (CET);1573717219000;1.14;282.04
1380556890909648;8.9;37.2;Thu Nov 14 2019 08:42:12 GMT+0100 (CET);Thu Nov 14 2019 07:42:12 GMT+0100 (CET);1573717332000;1.17;286.75
1380556890909648;8.9;37.2;Thu Nov 14 2019 08:44:05 GMT+0100 (CET);Thu Nov 14 2019 07:44:05 GMT+0100 (CET);1573717445000;1.2;294.79
1380556890909648;-273.2;28.8;Thu Nov 14 2019 08:45:58 GMT+0100 (CET);Thu Nov 14 2019 07:45:58 GMT+0100 (CET);1573717558000;1.23;299.69
1380556890909648;2.8;36.5;Thu Nov 14 2019 08:47:51 GMT+0100 (CET);Thu Nov 14 2019 07:47:51 GMT+0100 (CET);1573717671000;1.28;311.53
1380556890909648;2.8;34.4;Thu Nov 14 2019 08:49:44 GMT+0100 (CET);Thu Nov 14 2019 07:49:44 GMT+0100 (CET);1573717784000;1.33;318.59
1380556890909648;2.8;34.6;Thu Nov 14 2019 08:51:37 GMT+0100 (CET);Thu Nov 14 2019 07:51:37 GMT+0100 (CET);1573717897000;1.34;319.28
1380556890909648;6.9;33.4;Thu Nov 14 2019 08:53:30 GMT+0100 (CET);Thu Nov 14 2019 07:53:30 GMT+0100 (CET);1573718010000;1.39;332.79
1380556890909648;6.9;31.9;Thu Nov 14 2019 08:55:23 GMT+0100 (CET);Thu Nov 14 2019 07:55:23 GMT+0100 (CET);1573718123000;0.84;197.21
1380556890909648;6.9;35.5;Thu Nov 14 2019 08:57:16 GMT+0100 (CET);Thu Nov 14 2019 07:57:16 GMT+0100 (CET);1573718236000;1.2;280.16
1380556890909648;6.9;35.8;Thu Nov 14 2019 08:59:09 GMT+0100 (CET);Thu Nov 14 2019 07:59:09 GMT+0100 (CET);1573718349000;1.24;295.05
1380556890909648;8.9;36.3;Thu Nov 14 2019 09:01:10 GMT+0100 (CET);Thu Nov 14 2019 08:01:10 GMT+0100 (CET);1573718470000;1.43;355.83
1380556890909648;8.9;36.4;Thu Nov 14 2019 09:03:03 GMT+0100 (CET);Thu Nov 14 2019 08:03:03 GMT+0100 (CET);1573718583000;1.12;263.38
1380556890909648;8.9;36.7;Thu Nov 14 2019 09:04:51 GMT+0100 (CET);Thu Nov 14 2019 08:04:51 GMT+0100 (CET);1573718691000;1.32;322.59
1380556890909648;9.9;37.1;Thu Nov 14 2019 09:06:47 GMT+0100 (CET);Thu Nov 14 2019 08:06:47 GMT+0100 (CET);1573718807000;1.56;381.43
1380556890909648;9.9;36.8;Thu Nov 14 2019 09:08:41 GMT+0100 (CET);Thu Nov 14 2019 08:08:41 GMT+0100 (CET);1573718921000;1.1;261.72
1380556890909648;9.9;36.2;Thu Nov 14 2019 09:10:34 GMT+0100 (CET);Thu Nov 14 2019 08:10:34 GMT+0100 (CET);1573719034000;0.92;209.81
1380556890909648;9.9;35.2;Thu Nov 14 2019 09:12:27 GMT+0100 (CET);Thu Nov 14 2019 08:12:27 GMT+0100 (CET);1573719147000;0.79;184.93
1380556890909648;9.9;35.2;Thu Nov 14 2019 09:14:23 GMT+0100 (CET);Thu Nov 14 2019 08:14:23 GMT+0100 (CET);1573719263000;0.72;168.5
1380556890909648;9.9;35.4;Thu Nov 14 2019 09:16:17 GMT+0100 (CET);Thu Nov 14 2019 08:16:17 GMT+0100 (CET);1573719377000;0.93;219.18
1380556890909648;9.9;32.3;Thu Nov 14 2019 09:18:12 GMT+0100 (CET);Thu Nov 14 2019 08:18:12 GMT+0100 (CET);1573719492000;1.27;314.46
1380556890909648;8.9;31.5;Thu Nov 14 2019 09:20:06 GMT+0100 (CET);Thu Nov 14 2019 08:20:06 GMT+0100 (CET);1573719606000;1.69;401.91
1380556890909648;8.9;30.1;Thu Nov 14 2019 09:22:16 GMT+0100 (CET);Thu Nov 14 2019 08:22:16 GMT+0100 (CET);1573719736000;1.72;401.91
1380556890909648;8.9;30;Thu Nov 14 2019 09:24:09 GMT+0100 (CET);Thu Nov 14 2019 08:24:09 GMT+0100 (CET);1573719849000;1.46;343.03
1380556890909648;8.4;32.5;Thu Nov 14 2019 09:26:03 GMT+0100 (CET);Thu Nov 14 2019 08:26:03 GMT+0100 (CET);1573719963000;1.31;300.63
1380556890909648;8.4;33;Thu Nov 14 2019 09:27:56 GMT+0100 (CET);Thu Nov 14 2019 08:27:56 GMT+0100 (CET);1573720076000;1.21;278.2
1380556890909648;9.9;33;Thu Nov 14 2019 09:29:49 GMT+0100 (CET);Thu Nov 14 2019 08:29:49 GMT+0100 (CET);1573720189000;1.23;284.26
1380556890909648;9.9;32.5;Thu Nov 14 2019 09:31:41 GMT+0100 (CET);Thu Nov 14 2019 08:31:41 GMT+0100 (CET);1573720301000;1.27;290.12
1380556890909648;9.9;32.6;Thu Nov 14 2019 09:33:35 GMT+0100 (CET);Thu Nov 14 2019 08:33:35 GMT+0100 (CET);1573720415000;1.27;291.58
1380556890909648;9.9;33.4;Thu Nov 14 2019 09:35:33 GMT+0100 (CET);Thu Nov 14 2019 08:35:33 GMT+0100 (CET);1573720533000;1.31;291.67
1380556890909648;9.9;34.8;Thu Nov 14 2019 09:37:26 GMT+0100 (CET);Thu Nov 14 2019 08:37:26 GMT+0100 (CET);1573720646000;1.31;301.26
1380556890909648;9.9;35.4;Thu Nov 14 2019 09:39:19 GMT+0100 (CET);Thu Nov 14 2019 08:39:19 GMT+0100 (CET);1573720759000;1.35;309.78
1380556890909648;9.9;35.9;Thu Nov 14 2019 09:41:12 GMT+0100 (CET);Thu Nov 14 2019 08:41:12 GMT+0100 (CET);1573720872000;1.23;286.36
1380556890909648;9.9;36;Thu Nov 14 2019 09:43:05 GMT+0100 (CET);Thu Nov 14 2019 08:43:05 GMT+0100 (CET);1573720985000;1.38;321.22
1380556890909648;12.4;36.6;Thu Nov 14 2019 09:44:58 GMT+0100 (CET);Thu Nov 14 2019 08:44:58 GMT+0100 (CET);1573721098000;1.45;345.59
1380556890909648;12.4;36.7;Thu Nov 14 2019 09:46:51 GMT+0100 (CET);Thu Nov 14 2019 08:46:51 GMT+0100 (CET);1573721211000;1.49;355.83
1380556890909648;12.9;36.5;Thu Nov 14 2019 09:48:59 GMT+0100 (CET);Thu Nov 14 2019 08:48:59 GMT+0100 (CET);1573721339000;1.23;291.96
1380556890909648;12.9;36.6;Thu Nov 14 2019 09:50:52 GMT+0100 (CET);Thu Nov 14 2019 08:50:52 GMT+0100 (CET);1573721452000;1.49;350.71
1380556890909648;14.4;36.4;Thu Nov 14 2019 09:52:48 GMT+0100 (CET);Thu Nov 14 2019 08:52:48 GMT+0100 (CET);1573721568000;1.18;280.62
1380556890909648;14.4;36.4;Thu Nov 14 2019 09:54:42 GMT+0100 (CET);Thu Nov 14 2019 08:54:42 GMT+0100 (CET);1573721682000;1.29;303.98
1380556890909648;14.4;36.5;Thu Nov 14 2019 09:56:34 GMT+0100 (CET);Thu Nov 14 2019 08:56:34 GMT+0100 (CET);1573721794000;1.44;343.03
1380556890909648;14.4;36.6;Thu Nov 14 2019 09:58:29 GMT+0100 (CET);Thu Nov 14 2019 08:58:29 GMT+0100 (CET);1573721909000;1.59;376.31
1380556890909648;14.4;36.7;Thu Nov 14 2019 10:00:22 GMT+0100 (CET);Thu Nov 14 2019 09:00:22 GMT+0100 (CET);1573722022000;1.56;371.19
1380556890909648;14.4;36.8;Thu Nov 14 2019 10:02:15 GMT+0100 (CET);Thu Nov 14 2019 09:02:15 GMT+0100 (CET);1573722135000;1.6;391.67
1380556890909648;14.4;36.7;Thu Nov 14 2019 10:05:09 GMT+0100 (CET);Thu Nov 14 2019 09:05:09 GMT+0100 (CET);1573722309000;1.87;440.31
1380556890909648;14.4;36.7;Thu Nov 14 2019 10:07:02 GMT+0100 (CET);Thu Nov 14 2019 09:07:02 GMT+0100 (CET);1573722422000;2;476.15
1380556890909648;14.4;36.6;Thu Nov 14 2019 10:08:54 GMT+0100 (CET);Thu Nov 14 2019 09:08:54 GMT+0100 (CET);1573722534000;2.05;486.39
1380556890909648;14.4;36.3;Thu Nov 14 2019 10:10:48 GMT+0100 (CET);Thu Nov 14 2019 09:10:48 GMT+0100 (CET);1573722648000;1.89;440.31
1380556890909648;14.9;36.2;Thu Nov 14 2019 10:12:40 GMT+0100 (CET);Thu Nov 14 2019 09:12:40 GMT+0100 (CET);1573722760000;1.65;381.43
1380556890909648;14.9;36.3;Thu Nov 14 2019 10:14:33 GMT+0100 (CET);Thu Nov 14 2019 09:14:33 GMT+0100 (CET);1573722873000;1.46;343.03
1380556890909648;16.4;36.4;Thu Nov 14 2019 10:16:26 GMT+0100 (CET);Thu Nov 14 2019 09:16:26 GMT+0100 (CET);1573722986000;1.42;340.47
1380556890909648;16.4;36.4;Thu Nov 14 2019 10:18:23 GMT+0100 (CET);Thu Nov 14 2019 09:18:23 GMT+0100 (CET);1573723103000;1.61;376.31
1380556890909648;16.4;36.4;Thu Nov 14 2019 10:20:17 GMT+0100 (CET);Thu Nov 14 2019 09:20:17 GMT+0100 (CET);1573723217000;1.46;345.59
1380556890909648;16.4;36.5;Thu Nov 14 2019 10:22:11 GMT+0100 (CET);Thu Nov 14 2019 09:22:11 GMT+0100 (CET);1573723331000;1.39;319.01
1380556890909648;16.4;36.5;Thu Nov 14 2019 10:24:04 GMT+0100 (CET);Thu Nov 14 2019 09:24:04 GMT+0100 (CET);1573723444000;1.28;298.46
1380556890909648;16.4;36.6;Thu Nov 14 2019 10:25:57 GMT+0100 (CET);Thu Nov 14 2019 09:25:57 GMT+0100 (CET);1573723557000;1.31;305.93
1380556890909648;16.4;36.6;Thu Nov 14 2019 10:27:58 GMT+0100 (CET);Thu Nov 14 2019 09:27:58 GMT+0100 (CET);1573723678000;1.15;265.15
1380556890909648;16.9;36.6;Thu Nov 14 2019 10:29:52 GMT+0100 (CET);Thu Nov 14 2019 09:29:52 GMT+0100 (CET);1573723792000;1.18;272.94
1380556890909648;16.9;36.7;Thu Nov 14 2019 10:31:45 GMT+0100 (CET);Thu Nov 14 2019 09:31:45 GMT+0100 (CET);1573723905000;1.41;324.22
1380556890909648;16.9;36.7;Thu Nov 14 2019 10:33:38 GMT+0100 (CET);Thu Nov 14 2019 09:33:38 GMT+0100 (CET);1573724018000;1.38;315.05
1380556890909648;16.4;36.7;Thu Nov 14 2019 10:35:53 GMT+0100 (CET);Thu Nov 14 2019 09:35:53 GMT+0100 (CET);1573724153000;1.44;332.79
1380556890909648;16.4;36.7;Thu Nov 14 2019 10:37:46 GMT+0100 (CET);Thu Nov 14 2019 09:37:46 GMT+0100 (CET);1573724266000;1.53;358.39
1380556890909648;16.4;36.7;Thu Nov 14 2019 10:39:42 GMT+0100 (CET);Thu Nov 14 2019 09:39:42 GMT+0100 (CET);1573724382000;1.78;419.83
1380556890909648;16.4;36.6;Thu Nov 14 2019 10:41:35 GMT+0100 (CET);Thu Nov 14 2019 09:41:35 GMT+0100 (CET);1573724495000;1.99;494.07
1380556890909648;16.9;36.4;Thu Nov 14 2019 10:43:33 GMT+0100 (CET);Thu Nov 14 2019 09:43:33 GMT+0100 (CET);1573724613000;2.23;517.11
1380556890909648;16.9;36.3;Thu Nov 14 2019 10:45:26 GMT+0100 (CET);Thu Nov 14 2019 09:45:26 GMT+0100 (CET);1573724726000;2.15;483.83
1380556890909648;16.9;36.2;Thu Nov 14 2019 10:47:19 GMT+0100 (CET);Thu Nov 14 2019 09:47:19 GMT+0100 (CET);1573724839000;2.02;463.35
1380556890909648;16.9;36.2;Thu Nov 14 2019 10:49:12 GMT+0100 (CET);Thu Nov 14 2019 09:49:12 GMT+0100 (CET);1573724952000;2.31;529.91
1380556890909648;16.9;36.2;Thu Nov 14 2019 10:51:32 GMT+0100 (CET);Thu Nov 14 2019 09:51:32 GMT+0100 (CET);1573725092000;2.45;570.87
1380556890909648;18.5;36.2;Thu Nov 14 2019 10:53:34 GMT+0100 (CET);Thu Nov 14 2019 09:53:34 GMT+0100 (CET);1573725214000;2.63;611.83
1380556890909648;18.5;36.1;Thu Nov 14 2019 10:55:27 GMT+0100 (CET);Thu Nov 14 2019 09:55:27 GMT+0100 (CET);1573725327000;2.83;661.23
1380556890909648;20.5;35.9;Thu Nov 14 2019 10:57:20 GMT+0100 (CET);Thu Nov 14 2019 09:57:20 GMT+0100 (CET);1573725440000;3.09;705.01
1380556890909648;20.5;35.7;Thu Nov 14 2019 10:59:13 GMT+0100 (CET);Thu Nov 14 2019 09:59:13 GMT+0100 (CET);1573725553000;2.83;632.31
1380556890909648;20.5;35.6;Thu Nov 14 2019 11:01:11 GMT+0100 (CET);Thu Nov 14 2019 10:01:11 GMT+0100 (CET);1573725671000;3.05;688.93
1380556890909648;20.5;35.4;Thu Nov 14 2019 11:03:04 GMT+0100 (CET);Thu Nov 14 2019 10:03:04 GMT+0100 (CET);1573725784000;2.76;669.77
1380556890909648;20.5;35.7;Thu Nov 14 2019 11:04:57 GMT+0100 (CET);Thu Nov 14 2019 10:04:57 GMT+0100 (CET);1573725897000;2.96;678.31
1380556890909648;20.5;35.3;Thu Nov 14 2019 11:07:14 GMT+0100 (CET);Thu Nov 14 2019 10:07:14 GMT+0100 (CET);1573726034000;3.39;763.34
1380556890909648;20.5;35.1;Thu Nov 14 2019 11:09:09 GMT+0100 (CET);Thu Nov 14 2019 10:09:09 GMT+0100 (CET);1573726149000;3.09;708.99
1380556890909648;20.5;35;Thu Nov 14 2019 11:11:04 GMT+0100 (CET);Thu Nov 14 2019 10:11:04 GMT+0100 (CET);1573726264000;2.87;581.11
1380556890909648;23;35.2;Thu Nov 14 2019 11:12:58 GMT+0100 (CET);Thu Nov 14 2019 10:12:58 GMT+0100 (CET);1573726378000;2.55;573.43
1380556890909648;23;35.1;Thu Nov 14 2019 11:14:55 GMT+0100 (CET);Thu Nov 14 2019 10:14:55 GMT+0100 (CET);1573726495000;1.36;324.89
1380556890909648;23;35.3;Thu Nov 14 2019 11:16:48 GMT+0100 (CET);Thu Nov 14 2019 10:16:48 GMT+0100 (CET);1573726608000;1.49;337.91
1380556890909648;23;35.7;Thu Nov 14 2019 11:18:42 GMT+0100 (CET);Thu Nov 14 2019 10:18:42 GMT+0100 (CET);1573726722000;1.55;355.83
1380556890909648;23;36;Thu Nov 14 2019 11:20:37 GMT+0100 (CET);Thu Nov 14 2019 10:20:37 GMT+0100 (CET);1573726837000;1.88;430.07
1380556890909648;22.5;36;Thu Nov 14 2019 11:23:03 GMT+0100 (CET);Thu Nov 14 2019 10:23:03 GMT+0100 (CET);1573726983000;1.58;360.95
1380556890909648;22.5;35.8;Thu Nov 14 2019 11:24:56 GMT+0100 (CET);Thu Nov 14 2019 10:24:56 GMT+0100 (CET);1573727096000;1.17;268.84
1380556890909648;22.5;35.9;Thu Nov 14 2019 11:26:49 GMT+0100 (CET);Thu Nov 14 2019 10:26:49 GMT+0100 (CET);1573727209000;1.18;271.19
1380556890909648;22.5;36;Thu Nov 14 2019 11:28:42 GMT+0100 (CET);Thu Nov 14 2019 10:28:42 GMT+0100 (CET);1573727322000;1.06;240.24
1380556890909648;19;36;Thu Nov 14 2019 11:30:35 GMT+0100 (CET);Thu Nov 14 2019 10:30:35 GMT+0100 (CET);1573727435000;1.17;264.11
1380556890909648;19;36.2;Thu Nov 14 2019 11:32:28 GMT+0100 (CET);Thu Nov 14 2019 10:32:28 GMT+0100 (CET);1573727548000;1.12;252.05
1380556890909648;19;36;Thu Nov 14 2019 11:34:20 GMT+0100 (CET);Thu Nov 14 2019 10:34:20 GMT+0100 (CET);1573727660000;1.04;230.12
1380556890909648;18.5;35.9;Thu Nov 14 2019 11:36:14 GMT+0100 (CET);Thu Nov 14 2019 10:36:14 GMT+0100 (CET);1573727774000;1.06;230.86
1380556890909648;18.5;36;Thu Nov 14 2019 11:38:11 GMT+0100 (CET);Thu Nov 14 2019 10:38:11 GMT+0100 (CET);1573727891000;1.15;251.61
1380556890909648;16.9;35.9;Thu Nov 14 2019 11:40:04 GMT+0100 (CET);Thu Nov 14 2019 10:40:04 GMT+0100 (CET);1573728004000;0.93;208.6
1380556890909648;16.9;35.7;Thu Nov 14 2019 11:41:59 GMT+0100 (CET);Thu Nov 14 2019 10:41:59 GMT+0100 (CET);1573728119000;0.85;184.14
1380556890909648;16.4;35.7;Thu Nov 14 2019 11:43:52 GMT+0100 (CET);Thu Nov 14 2019 10:43:52 GMT+0100 (CET);1573728232000;0.86;188.81
1380556890909648;16.4;36.1;Thu Nov 14 2019 11:45:45 GMT+0100 (CET);Thu Nov 14 2019 10:45:45 GMT+0100 (CET);1573728345000;1;206.51
1380556890909648;16.4;35.8;Thu Nov 14 2019 11:47:41 GMT+0100 (CET);Thu Nov 14 2019 10:47:41 GMT+0100 (CET);1573728461000;0.86;185.81
1380556890909648;16.4;36;Thu Nov 14 2019 11:49:34 GMT+0100 (CET);Thu Nov 14 2019 10:49:34 GMT+0100 (CET);1573728574000;0.96;213.08
1380556890909648;16.4;36;Thu Nov 14 2019 11:51:28 GMT+0100 (CET);Thu Nov 14 2019 10:51:28 GMT+0100 (CET);1573728688000;0.94;206.09
1380556890909648;16.4;36.1;Thu Nov 14 2019 11:53:52 GMT+0100 (CET);Thu Nov 14 2019 10:53:52 GMT+0100 (CET);1573728832000;0.94;202.9
1380556890909648;16.4;36;Thu Nov 14 2019 11:56:00 GMT+0100 (CET);Thu Nov 14 2019 10:56:00 GMT+0100 (CET);1573728960000;1.03;218.95
1380556890909648;16.4;36.3;Thu Nov 14 2019 11:57:53 GMT+0100 (CET);Thu Nov 14 2019 10:57:53 GMT+0100 (CET);1573729073000;1.12;243.95
1380556890909648;16.4;36.3;Thu Nov 14 2019 11:59:46 GMT+0100 (CET);Thu Nov 14 2019 10:59:46 GMT+0100 (CET);1573729186000;1.28;281.26
1380556890909648;16.4;36.4;Thu Nov 14 2019 12:01:39 GMT+0100 (CET);Thu Nov 14 2019 11:01:39 GMT+0100 (CET);1573729299000;1.27;272.91
1380556890909648;16.4;36.4;Thu Nov 14 2019 12:03:32 GMT+0100 (CET);Thu Nov 14 2019 11:03:32 GMT+0100 (CET);1573729412000;1.59;353.27
1380556890909648;16.4;36.7;Thu Nov 14 2019 12:05:25 GMT+0100 (CET);Thu Nov 14 2019 11:05:25 GMT+0100 (CET);1573729525000;2.36;529.91
1380556890909648;16.4;36.5;Thu Nov 14 2019 12:07:18 GMT+0100 (CET);Thu Nov 14 2019 11:07:18 GMT+0100 (CET);1573729638000;2.65;596.47
1380556890909648;16.4;36.2;Thu Nov 14 2019 12:09:14 GMT+0100 (CET);Thu Nov 14 2019 11:09:14 GMT+0100 (CET);1573729754000;3.19;717.06
1380556890909648;16.9;36;Thu Nov 14 2019 12:11:10 GMT+0100 (CET);Thu Nov 14 2019 11:11:10 GMT+0100 (CET);1573729870000;3.03;672.15
1380556890909648;16.9;35.6;Thu Nov 14 2019 12:13:04 GMT+0100 (CET);Thu Nov 14 2019 11:13:04 GMT+0100 (CET);1573729984000;2.76;616.95
1380556890909648;16.9;35.6;Thu Nov 14 2019 12:14:58 GMT+0100 (CET);Thu Nov 14 2019 11:14:58 GMT+0100 (CET);1573730098000;2.64;601.59
1380556890909648;20.5;35.4;Thu Nov 14 2019 12:16:55 GMT+0100 (CET);Thu Nov 14 2019 11:16:55 GMT+0100 (CET);1573730215000;2.47;547.83
1380556890909648;20.5;35.4;Thu Nov 14 2019 12:18:51 GMT+0100 (CET);Thu Nov 14 2019 11:18:51 GMT+0100 (CET);1573730331000;2.37;532.47
1380556890909648;21;35.6;Thu Nov 14 2019 12:20:44 GMT+0100 (CET);Thu Nov 14 2019 11:20:44 GMT+0100 (CET);1573730444000;2.51;578.55
1380556890909648;21;35.5;Thu Nov 14 2019 12:22:44 GMT+0100 (CET);Thu Nov 14 2019 11:22:44 GMT+0100 (CET);1573730564000;2.29;529.91
1380556890909648;22.5;35.6;Thu Nov 14 2019 12:24:40 GMT+0100 (CET);Thu Nov 14 2019 11:24:40 GMT+0100 (CET);1573730680000;2.47;578.55
1380556890909648;22.5;35.6;Thu Nov 14 2019 12:26:37 GMT+0100 (CET);Thu Nov 14 2019 11:26:37 GMT+0100 (CET);1573730797000;2.5;570.87
1380556890909648;22.5;35.6;Thu Nov 14 2019 12:28:30 GMT+0100 (CET);Thu Nov 14 2019 11:28:30 GMT+0100 (CET);1573730910000;2.41;542.71
1380556890909648;22.5;35.8;Thu Nov 14 2019 12:30:23 GMT+0100 (CET);Thu Nov 14 2019 11:30:23 GMT+0100 (CET);1573731023000;2.84;661.69
1380556890909648;22.5;35.7;Thu Nov 14 2019 12:32:16 GMT+0100 (CET);Thu Nov 14 2019 11:32:16 GMT+0100 (CET);1573731136000;2.73;629.75
1380556890909648;22.5;35.4;Thu Nov 14 2019 12:34:13 GMT+0100 (CET);Thu Nov 14 2019 11:34:13 GMT+0100 (CET);1573731253000;2.85;658.26
1380556890909648;22.5;35.3;Thu Nov 14 2019 12:36:10 GMT+0100 (CET);Thu Nov 14 2019 11:36:10 GMT+0100 (CET);1573731370000;2.81;647.67
1380556890909648;23;35.4;Thu Nov 14 2019 12:38:03 GMT+0100 (CET);Thu Nov 14 2019 11:38:03 GMT+0100 (CET);1573731483000;2.78;642.55
1380556890909648;23;35.4;Thu Nov 14 2019 12:40:20 GMT+0100 (CET);Thu Nov 14 2019 11:40:20 GMT+0100 (CET);1573731620000;2.78;639.99
1380556890909648;23;35.3;Thu Nov 14 2019 12:42:17 GMT+0100 (CET);Thu Nov 14 2019 11:42:17 GMT+0100 (CET);1573731737000;2.75;632.31
1380556890909648;23;35.3;Thu Nov 14 2019 12:44:12 GMT+0100 (CET);Thu Nov 14 2019 11:44:12 GMT+0100 (CET);1573731852000;2.77;632.31
1380556890909648;23;35.1;Thu Nov 14 2019 12:46:04 GMT+0100 (CET);Thu Nov 14 2019 11:46:04 GMT+0100 (CET);1573731964000;2.75;629.75
1380556890909648;24.5;35.1;Thu Nov 14 2019 12:48:01 GMT+0100 (CET);Thu Nov 14 2019 11:48:01 GMT+0100 (CET);1573732081000;2.75;627.19
1380556890909648;24.5;35.1;Thu Nov 14 2019 12:49:56 GMT+0100 (CET);Thu Nov 14 2019 11:49:56 GMT+0100 (CET);1573732196000;2.73;627.19
1380556890909648;24.5;35.2;Thu Nov 14 2019 12:51:49 GMT+0100 (CET);Thu Nov 14 2019 11:51:49 GMT+0100 (CET);1573732309000;2.7;619.51
1380556890909648;24.5;35.1;Thu Nov 14 2019 12:53:58 GMT+0100 (CET);Thu Nov 14 2019 11:53:58 GMT+0100 (CET);1573732438000;2.69;616.95
1380556890909648;24.5;35;Thu Nov 14 2019 12:55:51 GMT+0100 (CET);Thu Nov 14 2019 11:55:51 GMT+0100 (CET);1573732551000;2.68;614.39
1380556890909648;24.5;35;Thu Nov 14 2019 12:57:43 GMT+0100 (CET);Thu Nov 14 2019 11:57:43 GMT+0100 (CET);1573732663000;2.67;611.83
1380556890909648;24.5;34.9;Thu Nov 14 2019 12:59:36 GMT+0100 (CET);Thu Nov 14 2019 11:59:36 GMT+0100 (CET);1573732776000;2.65;609.27
1380556890909648;25;35;Thu Nov 14 2019 13:01:30 GMT+0100 (CET);Thu Nov 14 2019 12:01:30 GMT+0100 (CET);1573732890000;2.65;606.71
1380556890909648;25;34.9;Thu Nov 14 2019 13:03:39 GMT+0100 (CET);Thu Nov 14 2019 12:03:39 GMT+0100 (CET);1573733019000;2.63;601.59
1380556890909648;25;34.9;Thu Nov 14 2019 13:05:32 GMT+0100 (CET);Thu Nov 14 2019 12:05:32 GMT+0100 (CET);1573733132000;2.62;601.59
1380556890909648;25;34.9;Thu Nov 14 2019 13:09:08 GMT+0100 (CET);Thu Nov 14 2019 12:09:08 GMT+0100 (CET);1573733348000;2.59;596.47
1380556890909648;25;35.1;Thu Nov 14 2019 13:11:08 GMT+0100 (CET);Thu Nov 14 2019 12:11:08 GMT+0100 (CET);1573733468000;2.57;593.91
1380556890909648;25;35.2;Thu Nov 14 2019 13:13:01 GMT+0100 (CET);Thu Nov 14 2019 12:13:01 GMT+0100 (CET);1573733581000;2.54;591.35
1380556890909648;25;35.2;Thu Nov 14 2019 13:15:02 GMT+0100 (CET);Thu Nov 14 2019 12:15:02 GMT+0100 (CET);1573733702000;2.54;588.79
1380556890909648;26;35.1;Thu Nov 14 2019 13:16:56 GMT+0100 (CET);Thu Nov 14 2019 12:16:56 GMT+0100 (CET);1573733816000;2.52;583.67
1380556890909648;26;35.1;Thu Nov 14 2019 13:19:15 GMT+0100 (CET);Thu Nov 14 2019 12:19:15 GMT+0100 (CET);1573733955000;2.52;583.67
1380556890909648;26;35.1;Thu Nov 14 2019 13:21:13 GMT+0100 (CET);Thu Nov 14 2019 12:21:13 GMT+0100 (CET);1573734073000;2.5;575.99
1380556890909648;26;35.3;Thu Nov 14 2019 13:23:06 GMT+0100 (CET);Thu Nov 14 2019 12:23:06 GMT+0100 (CET);1573734186000;2.48;573.43
1380556890909648;26;35.3;Thu Nov 14 2019 13:25:05 GMT+0100 (CET);Thu Nov 14 2019 12:25:05 GMT+0100 (CET);1573734305000;2.47;573.43
1380556890909648;26;35.4;Thu Nov 14 2019 13:27:01 GMT+0100 (CET);Thu Nov 14 2019 12:27:01 GMT+0100 (CET);1573734421000;2.44;568.31
1380556890909648;26;35.5;Thu Nov 14 2019 13:28:54 GMT+0100 (CET);Thu Nov 14 2019 12:28:54 GMT+0100 (CET);1573734534000;2.42;563.19
1380556890909648;25;35.6;Thu Nov 14 2019 13:30:52 GMT+0100 (CET);Thu Nov 14 2019 12:30:52 GMT+0100 (CET);1573734652000;2.4;560.63
1380556890909648;25;35.6;Thu Nov 14 2019 13:32:46 GMT+0100 (CET);Thu Nov 14 2019 12:32:46 GMT+0100 (CET);1573734766000;2.38;558.07
1380556890909648;25;35.6;Thu Nov 14 2019 13:34:50 GMT+0100 (CET);Thu Nov 14 2019 12:34:50 GMT+0100 (CET);1573734890000;2.38;555.51
1380556890909648;25;35.6;Thu Nov 14 2019 13:37:24 GMT+0100 (CET);Thu Nov 14 2019 12:37:24 GMT+0100 (CET);1573735044000;2.35;552.95
1380556890909648;25;35.6;Thu Nov 14 2019 13:39:16 GMT+0100 (CET);Thu Nov 14 2019 12:39:16 GMT+0100 (CET);1573735156000;2.33;547.83
1380556890909648;25;35.7;Thu Nov 14 2019 13:41:19 GMT+0100 (CET);Thu Nov 14 2019 12:41:19 GMT+0100 (CET);1573735279000;2.31;545.27
1380556890909648;25;35.7;Thu Nov 14 2019 13:43:13 GMT+0100 (CET);Thu Nov 14 2019 12:43:13 GMT+0100 (CET);1573735393000;2.3;545.27
1380556890909648;24.5;35.8;Thu Nov 14 2019 13:45:07 GMT+0100 (CET);Thu Nov 14 2019 12:45:07 GMT+0100 (CET);1573735507000;2.28;540.15
1380556890909648;24.5;35.7;Thu Nov 14 2019 13:46:59 GMT+0100 (CET);Thu Nov 14 2019 12:46:59 GMT+0100 (CET);1573735619000;2.27;537.59
1380556890909648;24.5;35.7;Thu Nov 14 2019 13:49:00 GMT+0100 (CET);Thu Nov 14 2019 12:49:00 GMT+0100 (CET);1573735740000;1.91;424.95
1380556890909648;24.5;35.4;Thu Nov 14 2019 13:51:07 GMT+0100 (CET);Thu Nov 14 2019 12:51:07 GMT+0100 (CET);1573735867000;1.4;332.79
1380556890909648;24.5;35.1;Thu Nov 14 2019 13:53:00 GMT+0100 (CET);Thu Nov 14 2019 12:53:00 GMT+0100 (CET);1573735980000;0.94;223.91
1380556890909648;23;35.9;Thu Nov 14 2019 13:54:53 GMT+0100 (CET);Thu Nov 14 2019 12:54:53 GMT+0100 (CET);1573736093000;1.33;314.46
1380556890909648;23;36;Thu Nov 14 2019 13:56:46 GMT+0100 (CET);Thu Nov 14 2019 12:56:46 GMT+0100 (CET);1573736206000;1.86;440.31
1380556890909648;23;36;Thu Nov 14 2019 13:58:40 GMT+0100 (CET);Thu Nov 14 2019 12:58:40 GMT+0100 (CET);1573736320000;1.53;360.95
1380556890909648;22.5;35.8;Thu Nov 14 2019 14:00:34 GMT+0100 (CET);Thu Nov 14 2019 13:00:34 GMT+0100 (CET);1573736434000;1.19;294.8
1380556890909648;22.5;35.1;Thu Nov 14 2019 14:02:36 GMT+0100 (CET);Thu Nov 14 2019 13:02:36 GMT+0100 (CET);1573736556000;0.7;166.54
1380556890909648;21;35.2;Thu Nov 14 2019 14:04:30 GMT+0100 (CET);Thu Nov 14 2019 13:04:30 GMT+0100 (CET);1573736670000;1.11;269.34
1380556890909648;21;36.2;Thu Nov 14 2019 14:06:49 GMT+0100 (CET);Thu Nov 14 2019 13:06:49 GMT+0100 (CET);1573736809000;1.31;308.07
1380556890909648;19;35.9;Thu Nov 14 2019 14:08:43 GMT+0100 (CET);Thu Nov 14 2019 13:08:43 GMT+0100 (CET);1573736923000;0.88;200.13
1380556890909648;19;35.8;Thu Nov 14 2019 14:10:36 GMT+0100 (CET);Thu Nov 14 2019 13:10:36 GMT+0100 (CET);1573737036000;0.89;201.28
1380556890909648;19;36;Thu Nov 14 2019 14:12:30 GMT+0100 (CET);Thu Nov 14 2019 13:12:30 GMT+0100 (CET);1573737150000;1.04;242.26
1380556890909648;19;35.9;Thu Nov 14 2019 14:14:22 GMT+0100 (CET);Thu Nov 14 2019 13:14:22 GMT+0100 (CET);1573737262000;1.23;278.82
1380556890909648;19;35.1;Thu Nov 14 2019 14:16:22 GMT+0100 (CET);Thu Nov 14 2019 13:16:22 GMT+0100 (CET);1573737382000;1.05;234.17
1380556890909648;18.5;35.1;Thu Nov 14 2019 14:18:16 GMT+0100 (CET);Thu Nov 14 2019 13:18:16 GMT+0100 (CET);1573737496000;0.84;194.72
1380556890909648;18.5;35.7;Thu Nov 14 2019 14:20:15 GMT+0100 (CET);Thu Nov 14 2019 13:20:15 GMT+0100 (CET);1573737615000;0.74;173.21
1380556890909648;16.9;35.7;Thu Nov 14 2019 14:22:20 GMT+0100 (CET);Thu Nov 14 2019 13:22:20 GMT+0100 (CET);1573737740000;1.19;283.77
1380556890909648;16.9;35.5;Thu Nov 14 2019 14:24:14 GMT+0100 (CET);Thu Nov 14 2019 13:24:14 GMT+0100 (CET);1573737854000;0.85;188.69
1380556890909648;16.9;34.6;Thu Nov 14 2019 14:26:27 GMT+0100 (CET);Thu Nov 14 2019 13:26:27 GMT+0100 (CET);1573737987000;0.55;125.5
1380556890909648;16.9;35.1;Thu Nov 14 2019 14:28:20 GMT+0100 (CET);Thu Nov 14 2019 13:28:20 GMT+0100 (CET);1573738100000;0.5;113.86
1380556890909648;16.9;35.2;Thu Nov 14 2019 14:30:17 GMT+0100 (CET);Thu Nov 14 2019 13:30:17 GMT+0100 (CET);1573738217000;0.63;140.81
1380556890909648;16.4;35.8;Thu Nov 14 2019 14:32:10 GMT+0100 (CET);Thu Nov 14 2019 13:32:10 GMT+0100 (CET);1573738330000;0.73;170.35
1380556890909648;16.4;35.8;Thu Nov 14 2019 14:34:33 GMT+0100 (CET);Thu Nov 14 2019 13:34:33 GMT+0100 (CET);1573738473000;0.45;105.1
1380556890909648;14.9;35.5;Thu Nov 14 2019 14:36:41 GMT+0100 (CET);Thu Nov 14 2019 13:36:41 GMT+0100 (CET);1573738601000;0.42;98.08
1380556890909648;14.9;35.5;Thu Nov 14 2019 14:38:34 GMT+0100 (CET);Thu Nov 14 2019 13:38:34 GMT+0100 (CET);1573738714000;0.47;107.6
1380556890909648;14.9;36.2;Thu Nov 14 2019 14:40:28 GMT+0100 (CET);Thu Nov 14 2019 13:40:28 GMT+0100 (CET);1573738828000;0.78;187.96
1380556890909648;14.9;36.5;Thu Nov 14 2019 14:42:26 GMT+0100 (CET);Thu Nov 14 2019 13:42:26 GMT+0100 (CET);1573738946000;0.94;218.46
1380556890909648;14.9;36.6;Thu Nov 14 2019 14:44:19 GMT+0100 (CET);Thu Nov 14 2019 13:44:19 GMT+0100 (CET);1573739059000;1.26;309.21
1380556890909648;14.9;37;Thu Nov 14 2019 14:46:23 GMT+0100 (CET);Thu Nov 14 2019 13:46:23 GMT+0100 (CET);1573739183000;1.76;419.83
1380556890909648;14.9;36.8;Thu Nov 14 2019 14:48:30 GMT+0100 (CET);Thu Nov 14 2019 13:48:30 GMT+0100 (CET);1573739310000;1.8;432.63
1380556890909648;14.9;36.6;Thu Nov 14 2019 14:50:23 GMT+0100 (CET);Thu Nov 14 2019 13:50:23 GMT+0100 (CET);1573739423000;1.77;422.39
1380556890909648;14.9;36.6;Thu Nov 14 2019 14:52:58 GMT+0100 (CET);Thu Nov 14 2019 13:52:58 GMT+0100 (CET);1573739578000;1.64;394.23
1380556890909648;16.9;36.6;Thu Nov 14 2019 14:54:50 GMT+0100 (CET);Thu Nov 14 2019 13:54:50 GMT+0100 (CET);1573739690000;1.68;407.03
1380556890909648;16.9;36.4;Thu Nov 14 2019 14:56:43 GMT+0100 (CET);Thu Nov 14 2019 13:56:43 GMT+0100 (CET);1573739803000;1.67;404.47
1380556890909648;16.9;36.3;Thu Nov 14 2019 14:58:37 GMT+0100 (CET);Thu Nov 14 2019 13:58:37 GMT+0100 (CET);1573739917000;1.58;381.43
1380556890909648;18.5;36.2;Thu Nov 14 2019 15:00:41 GMT+0100 (CET);Thu Nov 14 2019 14:00:41 GMT+0100 (CET);1573740041000;1.46;355.83
1380556890909648;18.5;35.9;Thu Nov 14 2019 15:02:42 GMT+0100 (CET);Thu Nov 14 2019 14:02:42 GMT+0100 (CET);1573740162000;1.37;335.35
1380556890909648;19;35.8;Thu Nov 14 2019 15:04:36 GMT+0100 (CET);Thu Nov 14 2019 14:04:36 GMT+0100 (CET);1573740276000;1.29;315.96
1380556890909648;19;35.8;Thu Nov 14 2019 15:06:34 GMT+0100 (CET);Thu Nov 14 2019 14:06:34 GMT+0100 (CET);1573740394000;1.22;300.44
1380556890909648;19;35.6;Thu Nov 14 2019 15:08:32 GMT+0100 (CET);Thu Nov 14 2019 14:08:32 GMT+0100 (CET);1573740512000;1.15;286.98
1380556890909648;19;36;Thu Nov 14 2019 15:10:24 GMT+0100 (CET);Thu Nov 14 2019 14:10:24 GMT+0100 (CET);1573740624000;1.11;278.35
1380556890909648;19;36.1;Thu Nov 14 2019 15:12:17 GMT+0100 (CET);Thu Nov 14 2019 14:12:17 GMT+0100 (CET);1573740737000;1.07;269.26
1380556890909648;19;36.1;Thu Nov 14 2019 15:14:10 GMT+0100 (CET);Thu Nov 14 2019 14:14:10 GMT+0100 (CET);1573740850000;1.03;261.62
1380556890909648;19;36.3;Thu Nov 14 2019 15:16:06 GMT+0100 (CET);Thu Nov 14 2019 14:16:06 GMT+0100 (CET);1573740966000;0.98;254.25
1380556890909648;19;36.5;Thu Nov 14 2019 15:18:00 GMT+0100 (CET);Thu Nov 14 2019 14:18:00 GMT+0100 (CET);1573741080000;0.95;246.15
1380556890909648;19;36.3;Thu Nov 14 2019 15:19:55 GMT+0100 (CET);Thu Nov 14 2019 14:19:55 GMT+0100 (CET);1573741195000;0.84;214.86
1380556890909648;19;36.5;Thu Nov 14 2019 15:21:54 GMT+0100 (CET);Thu Nov 14 2019 14:21:54 GMT+0100 (CET);1573741314000;0.81;212.72
1380556890909648;18.5;36.6;Thu Nov 14 2019 15:24:05 GMT+0100 (CET);Thu Nov 14 2019 14:24:05 GMT+0100 (CET);1573741445000;0.76;202.09
1380556890909648;18.5;37.2;Thu Nov 14 2019 15:26:02 GMT+0100 (CET);Thu Nov 14 2019 14:26:02 GMT+0100 (CET);1573741562000;0.77;216.55
1380556890909648;18.5;37.3;Thu Nov 14 2019 15:27:55 GMT+0100 (CET);Thu Nov 14 2019 14:27:55 GMT+0100 (CET);1573741675000;0.69;199.95
1380556890909648;18.5;37.9;Thu Nov 14 2019 15:29:48 GMT+0100 (CET);Thu Nov 14 2019 14:29:48 GMT+0100 (CET);1573741788000;0.62;193.18
1380556890909648;18.5;38;Thu Nov 14 2019 15:32:09 GMT+0100 (CET);Thu Nov 14 2019 14:32:09 GMT+0100 (CET);1573741929000;0.48;154.77
1380556890909648;16.9;37.9;Thu Nov 14 2019 15:34:04 GMT+0100 (CET);Thu Nov 14 2019 14:34:04 GMT+0100 (CET);1573742044000;0.39;125.95
1380556890909648;16.9;38.5;Thu Nov 14 2019 15:36:06 GMT+0100 (CET);Thu Nov 14 2019 14:36:06 GMT+0100 (CET);1573742166000;0.35;83.45
1380556890909648;16.9;38.2;Thu Nov 14 2019 15:38:00 GMT+0100 (CET);Thu Nov 14 2019 14:38:00 GMT+0100 (CET);1573742280000;0.21;54.08
1380556890909648;16.9;38.3;Thu Nov 14 2019 15:39:57 GMT+0100 (CET);Thu Nov 14 2019 14:39:57 GMT+0100 (CET);1573742397000;0.21;35.48
1380556890909648;15.9;38.9;Thu Nov 14 2019 15:41:57 GMT+0100 (CET);Thu Nov 14 2019 14:41:57 GMT+0100 (CET);1573742517000;0.19;30.04
1380556890909648;15.9;39.9;Thu Nov 14 2019 15:43:50 GMT+0100 (CET);Thu Nov 14 2019 14:43:50 GMT+0100 (CET);1573742630000;0.15;33.68
1380556890909648;15.9;39.3;Thu Nov 14 2019 15:45:45 GMT+0100 (CET);Thu Nov 14 2019 14:45:45 GMT+0100 (CET);1573742745000;0.14;31.67
1380556890909648;16.4;35.1;Thu Nov 14 2019 15:47:41 GMT+0100 (CET);Thu Nov 14 2019 14:47:41 GMT+0100 (CET);1573742861000;0.12;27.67
1380556890909648;16.4;34;Thu Nov 14 2019 15:49:33 GMT+0100 (CET);Thu Nov 14 2019 14:49:33 GMT+0100 (CET);1573742973000;0.11;26.46
1380556890909648;12.9;34.1;Thu Nov 14 2019 15:51:28 GMT+0100 (CET);Thu Nov 14 2019 14:51:28 GMT+0100 (CET);1573743088000;0.11;27.54
1380556890909648;12.9;34.1;Thu Nov 14 2019 15:53:22 GMT+0100 (CET);Thu Nov 14 2019 14:53:22 GMT+0100 (CET);1573743202000;0.11;27.82
1380556890909648;12.4;33.9;Thu Nov 14 2019 15:55:21 GMT+0100 (CET);Thu Nov 14 2019 14:55:21 GMT+0100 (CET);1573743321000;0.11;26.87
1380556890909648;12.4;33.8;Thu Nov 14 2019 15:57:14 GMT+0100 (CET);Thu Nov 14 2019 14:57:14 GMT+0100 (CET);1573743434000;0.11;25.75
1380556890909648;12.4;33.3;Thu Nov 14 2019 15:59:07 GMT+0100 (CET);Thu Nov 14 2019 14:59:07 GMT+0100 (CET);1573743547000;0.1;24.15
1380556890909648;10.9;32.9;Thu Nov 14 2019 16:00:59 GMT+0100 (CET);Thu Nov 14 2019 15:00:59 GMT+0100 (CET);1573743659000;0.1;21.43
1380556890909648;10.9;32.8;Thu Nov 14 2019 16:03:11 GMT+0100 (CET);Thu Nov 14 2019 15:03:11 GMT+0100 (CET);1573743791000;0.09;19.06
1380556890909648;10.9;32.3;Thu Nov 14 2019 16:04:59 GMT+0100 (CET);Thu Nov 14 2019 15:04:59 GMT+0100 (CET);1573743899000;0.08;18.54
1380556890909648;10.9;32;Thu Nov 14 2019 16:07:15 GMT+0100 (CET);Thu Nov 14 2019 15:07:15 GMT+0100 (CET);1573744035000;0.08;17.63
1380556890909648;10.9;31.8;Thu Nov 14 2019 16:09:13 GMT+0100 (CET);Thu Nov 14 2019 15:09:13 GMT+0100 (CET);1573744153000;0.07;16.76
1380556890909648;8.4;31.7;Thu Nov 14 2019 16:11:19 GMT+0100 (CET);Thu Nov 14 2019 15:11:19 GMT+0100 (CET);1573744279000;0.07;15.43
1380556890909648;8.4;31.4;Thu Nov 14 2019 16:13:12 GMT+0100 (CET);Thu Nov 14 2019 15:13:12 GMT+0100 (CET);1573744392000;0.06;13.66
1380556890909648;8.4;31.3;Thu Nov 14 2019 16:15:04 GMT+0100 (CET);Thu Nov 14 2019 15:15:04 GMT+0100 (CET);1573744504000;0;12.76
1380556890909648;8.4;31.2;Thu Nov 14 2019 16:16:59 GMT+0100 (CET);Thu Nov 14 2019 15:16:59 GMT+0100 (CET);1573744619000;0;10.99
1380556890909648;8.4;30.6;Thu Nov 14 2019 16:18:59 GMT+0100 (CET);Thu Nov 14 2019 15:18:59 GMT+0100 (CET);1573744739000;0;9.51
1380556890909648;8.4;30.5;Thu Nov 14 2019 16:20:52 GMT+0100 (CET);Thu Nov 14 2019 15:20:52 GMT+0100 (CET);1573744852000;0;8.58
1380556890909648;8.4;29.7;Thu Nov 14 2019 16:22:45 GMT+0100 (CET);Thu Nov 14 2019 15:22:45 GMT+0100 (CET);1573744965000;0;7.31
1380556890909648;8.4;29.3;Thu Nov 14 2019 16:24:41 GMT+0100 (CET);Thu Nov 14 2019 15:24:41 GMT+0100 (CET);1573745081000;0;6.64
1380556890909648;8.4;32;Thu Nov 14 2019 16:26:37 GMT+0100 (CET);Thu Nov 14 2019 15:26:37 GMT+0100 (CET);1573745197000;0;5.76
1380556890909648;8.4;34;Thu Nov 14 2019 16:28:30 GMT+0100 (CET);Thu Nov 14 2019 15:28:30 GMT+0100 (CET);1573745310000;0;5.13
1380556890909648;8.4;33.6;Thu Nov 14 2019 16:30:23 GMT+0100 (CET);Thu Nov 14 2019 15:30:23 GMT+0100 (CET);1573745423000;0;3.41
1380556890909648;8.4;32.5;Thu Nov 14 2019 16:32:18 GMT+0100 (CET);Thu Nov 14 2019 15:32:18 GMT+0100 (CET);1573745538000;0;2.96
1380556890909648;8.4;31.3;Thu Nov 14 2019 16:34:20 GMT+0100 (CET);Thu Nov 14 2019 15:34:20 GMT+0100 (CET);1573745660000;0;2.51
1380556890909648;8.4;29.7;Thu Nov 14 2019 16:36:12 GMT+0100 (CET);Thu Nov 14 2019 15:36:12 GMT+0100 (CET);1573745772000;0;1.92
1380556890909648;6.4;28;Thu Nov 14 2019 16:38:06 GMT+0100 (CET);Thu Nov 14 2019 15:38:06 GMT+0100 (CET);1573745886000;0;0.72
1380556890909648;6.4;21.8;Thu Nov 14 2019 16:40:01 GMT+0100 (CET);Thu Nov 14 2019 15:40:01 GMT+0100 (CET);1573746001000;0;1.05
1380556890909648;6.4;21.8;Thu Nov 14 2019 16:41:55 GMT+0100 (CET);Thu Nov 14 2019 15:41:55 GMT+0100 (CET);1573746115000;0;0.29
1380556890909648;6.4;21.8;Thu Nov 14 2019 16:43:48 GMT+0100 (CET);Thu Nov 14 2019 15:43:48 GMT+0100 (CET);1573746228000;0;0.07
1380556890909648;1.8;32;Fri Nov 15 2019 07:49:06 GMT+0100 (CET);Fri Nov 15 2019 06:49:06 GMT+0100 (CET);1573800546000;0;5.19
1380556890909648;1.8;32.3;Fri Nov 15 2019 07:51:14 GMT+0100 (CET);Fri Nov 15 2019 06:51:14 GMT+0100 (CET);1573800674000;0;6.17
1380556890909648;1.8;34;Fri Nov 15 2019 07:53:08 GMT+0100 (CET);Fri Nov 15 2019 06:53:08 GMT+0100 (CET);1573800788000;0;7.29
1380556890909648;4.4;34.6;Fri Nov 15 2019 07:55:01 GMT+0100 (CET);Fri Nov 15 2019 06:55:01 GMT+0100 (CET);1573800901000;0;8.31
1380556890909648;4.4;35.4;Fri Nov 15 2019 07:56:56 GMT+0100 (CET);Fri Nov 15 2019 06:56:56 GMT+0100 (CET);1573801016000;0;9.39
1380556890909648;6.4;35.4;Fri Nov 15 2019 07:58:51 GMT+0100 (CET);Fri Nov 15 2019 06:58:51 GMT+0100 (CET);1573801131000;0;10.67
1380556890909648;6.4;31;Fri Nov 15 2019 08:00:54 GMT+0100 (CET);Fri Nov 15 2019 07:00:54 GMT+0100 (CET);1573801254000;0;12.08
1380556890909648;6.4;31.6;Fri Nov 15 2019 08:02:49 GMT+0100 (CET);Fri Nov 15 2019 07:02:49 GMT+0100 (CET);1573801369000;0;13.7
1380556890909648;6.4;32.3;Fri Nov 15 2019 08:05:02 GMT+0100 (CET);Fri Nov 15 2019 07:05:02 GMT+0100 (CET);1573801502000;0.07;16.75
1380556890909648;6.4;33.4;Fri Nov 15 2019 08:07:28 GMT+0100 (CET);Fri Nov 15 2019 07:07:28 GMT+0100 (CET);1573801648000;0.07;19.76
1380556890909648;6.4;34;Fri Nov 15 2019 08:09:23 GMT+0100 (CET);Fri Nov 15 2019 07:09:23 GMT+0100 (CET);1573801763000;0.09;23.11
1380556890909648;6.4;34.1;Fri Nov 15 2019 08:11:24 GMT+0100 (CET);Fri Nov 15 2019 07:11:24 GMT+0100 (CET);1573801884000;0.11;30.42
1380556890909648;6.9;34.8;Fri Nov 15 2019 08:13:17 GMT+0100 (CET);Fri Nov 15 2019 07:13:17 GMT+0100 (CET);1573801997000;0.13;39.36
1380556890909648;6.9;35.2;Fri Nov 15 2019 08:15:22 GMT+0100 (CET);Fri Nov 15 2019 07:15:22 GMT+0100 (CET);1573802122000;0.17;75.31
1380556890909648;8.4;35.6;Fri Nov 15 2019 08:17:28 GMT+0100 (CET);Fri Nov 15 2019 07:17:28 GMT+0100 (CET);1573802248000;0.21;125.19
1380556890909648;8.4;35.7;Fri Nov 15 2019 08:19:40 GMT+0100 (CET);Fri Nov 15 2019 07:19:40 GMT+0100 (CET);1573802380000;0.26;171.63
1380556890909648;8.4;35.6;Fri Nov 15 2019 08:22:12 GMT+0100 (CET);Fri Nov 15 2019 07:22:12 GMT+0100 (CET);1573802532000;0.32;197.23
1380556890909648;8.4;35.6;Fri Nov 15 2019 08:24:07 GMT+0100 (CET);Fri Nov 15 2019 07:24:07 GMT+0100 (CET);1573802647000;0.36;225.53
1380556890909648;8.4;35.6;Fri Nov 15 2019 08:26:13 GMT+0100 (CET);Fri Nov 15 2019 07:26:13 GMT+0100 (CET);1573802773000;0.41;292.93
1380556890909648;8.4;36.5;Fri Nov 15 2019 08:28:15 GMT+0100 (CET);Fri Nov 15 2019 07:28:15 GMT+0100 (CET);1573802895000;0.41;303.68
1380556890909648;8.4;36.7;Fri Nov 15 2019 08:30:26 GMT+0100 (CET);Fri Nov 15 2019 07:30:26 GMT+0100 (CET);1573803026000;0.42;317.06
1380556890909648;9.9;37;Fri Nov 15 2019 08:32:21 GMT+0100 (CET);Fri Nov 15 2019 07:32:21 GMT+0100 (CET);1573803141000;0.41;320.7
1380556890909648;9.9;40.2;Fri Nov 15 2019 08:35:02 GMT+0100 (CET);Fri Nov 15 2019 07:35:02 GMT+0100 (CET);1573803302000;0.44;332.79
1380556890909648;12.4;40.3;Fri Nov 15 2019 08:37:42 GMT+0100 (CET);Fri Nov 15 2019 07:37:42 GMT+0100 (CET);1573803462000;0.74;345.59
1380556890909648;12.4;39.5;Fri Nov 15 2019 08:39:40 GMT+0100 (CET);Fri Nov 15 2019 07:39:40 GMT+0100 (CET);1573803580000;1.25;353.27
1380556890909648;12.9;26.7;Fri Nov 15 2019 08:42:27 GMT+0100 (CET);Fri Nov 15 2019 07:42:27 GMT+0100 (CET);1573803747000;1.41;345.59
1380556890909648;12.9;26.7;Fri Nov 15 2019 08:44:52 GMT+0100 (CET);Fri Nov 15 2019 07:44:52 GMT+0100 (CET);1573803892000;1.49;355.83
1380556890909648;12.9;21.9;Fri Nov 15 2019 08:46:54 GMT+0100 (CET);Fri Nov 15 2019 07:46:54 GMT+0100 (CET);1573804014000;1.49;355.83
1380556890909648;18.5;35.1;Fri Nov 15 2019 11:23:53 GMT+0100 (CET);Fri Nov 15 2019 10:23:53 GMT+0100 (CET);1573813433000;0.84;180.96
1380556890909648;18.5;34.7;Fri Nov 15 2019 11:35:51 GMT+0100 (CET);Fri Nov 15 2019 10:35:51 GMT+0100 (CET);1573814151000;0.69;148.67
1380556890909648;18.5;35;Fri Nov 15 2019 11:46:32 GMT+0100 (CET);Fri Nov 15 2019 10:46:32 GMT+0100 (CET);1573814792000;0.74;151.22
1380556890909648;16.4;33.3;Fri Nov 15 2019 12:19:36 GMT+0100 (CET);Fri Nov 15 2019 11:19:36 GMT+0100 (CET);1573816776000;0.3;59.54
1380556890909648;14.9;33.2;Fri Nov 15 2019 12:21:32 GMT+0100 (CET);Fri Nov 15 2019 11:21:32 GMT+0100 (CET);1573816892000;0.3;60.05
1380556890909648;14.9;33.2;Fri Nov 15 2019 12:23:25 GMT+0100 (CET);Fri Nov 15 2019 11:23:25 GMT+0100 (CET);1573817005000;0.32;63.75
1380556890909648;16.4;33.3;Fri Nov 15 2019 12:25:18 GMT+0100 (CET);Fri Nov 15 2019 11:25:18 GMT+0100 (CET);1573817118000;0.33;65.31
1380556890909648;16.4;33.4;Fri Nov 15 2019 12:27:11 GMT+0100 (CET);Fri Nov 15 2019 11:27:11 GMT+0100 (CET);1573817231000;0.33;65.56
1380556890909648;16.4;33.4;Fri Nov 15 2019 12:29:04 GMT+0100 (CET);Fri Nov 15 2019 11:29:04 GMT+0100 (CET);1573817344000;0.32;64.48
1380556890909648;14.4;33.4;Fri Nov 15 2019 12:30:57 GMT+0100 (CET);Fri Nov 15 2019 11:30:57 GMT+0100 (CET);1573817457000;0.3;61.58
1380556890909648;14.4;33.4;Fri Nov 15 2019 12:32:50 GMT+0100 (CET);Fri Nov 15 2019 11:32:50 GMT+0100 (CET);1573817570000;0.28;56.1
1380556890909648;14.4;33.2;Fri Nov 15 2019 12:34:42 GMT+0100 (CET);Fri Nov 15 2019 11:34:42 GMT+0100 (CET);1573817682000;0.25;50.69
1380556890909648;14.4;33;Fri Nov 15 2019 12:36:35 GMT+0100 (CET);Fri Nov 15 2019 11:36:35 GMT+0100 (CET);1573817795000;0.24;47.65
1380556890909648;14.4;32.9;Fri Nov 15 2019 12:38:28 GMT+0100 (CET);Fri Nov 15 2019 11:38:28 GMT+0100 (CET);1573817908000;0.23;46.07
1380556890909648;14.4;32.8;Fri Nov 15 2019 12:40:21 GMT+0100 (CET);Fri Nov 15 2019 11:40:21 GMT+0100 (CET);1573818021000;0.23;45.19
1380556890909648;14.4;32.8;Fri Nov 15 2019 12:42:18 GMT+0100 (CET);Fri Nov 15 2019 11:42:18 GMT+0100 (CET);1573818138000;0.23;46.62
1380556890909648;14.4;32.8;Fri Nov 15 2019 12:45:02 GMT+0100 (CET);Fri Nov 15 2019 11:45:02 GMT+0100 (CET);1573818302000;0.26;50.88
1380556890909648;14.4;33.1;Fri Nov 15 2019 12:46:58 GMT+0100 (CET);Fri Nov 15 2019 11:46:58 GMT+0100 (CET);1573818418000;0.26;51.52
1380556890909648;14.4;33.1;Fri Nov 15 2019 12:48:51 GMT+0100 (CET);Fri Nov 15 2019 11:48:51 GMT+0100 (CET);1573818531000;0.24;48.29
1380556890909648;14.4;33;Fri Nov 15 2019 12:50:43 GMT+0100 (CET);Fri Nov 15 2019 11:50:43 GMT+0100 (CET);1573818643000;0.23;45.95
1380556890909648;14.4;32.8;Fri Nov 15 2019 12:52:36 GMT+0100 (CET);Fri Nov 15 2019 11:52:36 GMT+0100 (CET);1573818756000;0.23;45.91
1380556890909648;12.9;33;Fri Nov 15 2019 12:54:30 GMT+0100 (CET);Fri Nov 15 2019 11:54:30 GMT+0100 (CET);1573818870000;0.23;46.65
1380556890909648;12.9;32.9;Fri Nov 15 2019 12:56:24 GMT+0100 (CET);Fri Nov 15 2019 11:56:24 GMT+0100 (CET);1573818984000;0.24;47.85
1380556890909648;12.9;32.9;Fri Nov 15 2019 12:58:16 GMT+0100 (CET);Fri Nov 15 2019 11:58:16 GMT+0100 (CET);1573819096000;0.24;48.28
1380556890909648;12.9;33;Fri Nov 15 2019 13:00:09 GMT+0100 (CET);Fri Nov 15 2019 12:00:09 GMT+0100 (CET);1573819209000;0.24;48.78
1380556890909648;12.9;33;Fri Nov 15 2019 13:02:02 GMT+0100 (CET);Fri Nov 15 2019 12:02:02 GMT+0100 (CET);1573819322000;0.25;50.49
1380556890909648;12.9;33.2;Fri Nov 15 2019 13:03:55 GMT+0100 (CET);Fri Nov 15 2019 12:03:55 GMT+0100 (CET);1573819435000;0.26;51.25
1380556890909648;12.9;33.1;Fri Nov 15 2019 13:05:47 GMT+0100 (CET);Fri Nov 15 2019 12:05:47 GMT+0100 (CET);1573819547000;0.27;52.3
1380556890909648;12.9;33.2;Fri Nov 15 2019 13:07:41 GMT+0100 (CET);Fri Nov 15 2019 12:07:41 GMT+0100 (CET);1573819661000;0.28;54.39
1380556890909648;12.9;33.3;Fri Nov 15 2019 13:09:34 GMT+0100 (CET);Fri Nov 15 2019 12:09:34 GMT+0100 (CET);1573819774000;0.28;55.18
1380556890909648;12.9;33.2;Fri Nov 15 2019 13:11:27 GMT+0100 (CET);Fri Nov 15 2019 12:11:27 GMT+0100 (CET);1573819887000;0.27;53.52
1380556890909648;12.9;33.2;Fri Nov 15 2019 13:13:20 GMT+0100 (CET);Fri Nov 15 2019 12:13:20 GMT+0100 (CET);1573820000000;0.27;51.82
1380556890909648;12.9;33.2;Fri Nov 15 2019 13:15:12 GMT+0100 (CET);Fri Nov 15 2019 12:15:12 GMT+0100 (CET);1573820112000;0.26;50.22
1380556890909648;12.9;33.1;Fri Nov 15 2019 13:17:05 GMT+0100 (CET);Fri Nov 15 2019 12:17:05 GMT+0100 (CET);1573820225000;0.25;48.72
1380556890909648;12.9;33.2;Fri Nov 15 2019 13:18:58 GMT+0100 (CET);Fri Nov 15 2019 12:18:58 GMT+0100 (CET);1573820338000;0.23;46.08
1380556890909648;12.9;33;Fri Nov 15 2019 13:20:51 GMT+0100 (CET);Fri Nov 15 2019 12:20:51 GMT+0100 (CET);1573820451000;0.23;44.3
1380556890909648;12.9;32.8;Fri Nov 15 2019 13:22:44 GMT+0100 (CET);Fri Nov 15 2019 12:22:44 GMT+0100 (CET);1573820564000;0.23;44.29
1380556890909648;12.9;32.9;Fri Nov 15 2019 13:24:36 GMT+0100 (CET);Fri Nov 15 2019 12:24:36 GMT+0100 (CET);1573820676000;0.23;44.94
1380556890909648;12.4;32.8;Fri Nov 15 2019 13:26:29 GMT+0100 (CET);Fri Nov 15 2019 12:26:29 GMT+0100 (CET);1573820789000;0.23;44.96
1380556890909648;12.4;33;Fri Nov 15 2019 13:28:22 GMT+0100 (CET);Fri Nov 15 2019 12:28:22 GMT+0100 (CET);1573820902000;0.22;43.43
1380556890909648;12.4;32.9;Fri Nov 15 2019 13:30:14 GMT+0100 (CET);Fri Nov 15 2019 12:30:14 GMT+0100 (CET);1573821014000;0.21;40.93
1380556890909648;12.4;32.7;Fri Nov 15 2019 13:32:07 GMT+0100 (CET);Fri Nov 15 2019 12:32:07 GMT+0100 (CET);1573821127000;0.2;39.28
1380556890909648;12.4;32.4;Fri Nov 15 2019 13:34:00 GMT+0100 (CET);Fri Nov 15 2019 12:34:00 GMT+0100 (CET);1573821240000;0.2;39.76
1380556890909648;12.4;32.7;Fri Nov 15 2019 13:35:53 GMT+0100 (CET);Fri Nov 15 2019 12:35:53 GMT+0100 (CET);1573821353000;0.2;38.94
1380556890909648;12.4;32.6;Fri Nov 15 2019 13:37:47 GMT+0100 (CET);Fri Nov 15 2019 12:37:47 GMT+0100 (CET);1573821467000;0.19;36.54
1380556890909648;12.4;32.6;Fri Nov 15 2019 13:39:40 GMT+0100 (CET);Fri Nov 15 2019 12:39:40 GMT+0100 (CET);1573821580000;0.17;32.7
1380556890909648;12.4;32.2;Fri Nov 15 2019 13:41:32 GMT+0100 (CET);Fri Nov 15 2019 12:41:32 GMT+0100 (CET);1573821692000;0.16;31.39
1380556890909648;12.4;32.3;Fri Nov 15 2019 13:43:28 GMT+0100 (CET);Fri Nov 15 2019 12:43:28 GMT+0100 (CET);1573821808000;0.16;31.49
1380556890909648;12.4;32.1;Fri Nov 15 2019 13:45:21 GMT+0100 (CET);Fri Nov 15 2019 12:45:21 GMT+0100 (CET);1573821921000;0.15;29.73
1380556890909648;12.4;32.1;Fri Nov 15 2019 13:47:14 GMT+0100 (CET);Fri Nov 15 2019 12:47:14 GMT+0100 (CET);1573822034000;0.14;28.22
1380556890909648;12.4;32.1;Fri Nov 15 2019 13:49:07 GMT+0100 (CET);Fri Nov 15 2019 12:49:07 GMT+0100 (CET);1573822147000;0.14;27.68
1380556890909648;12.4;31.8;Fri Nov 15 2019 13:51:16 GMT+0100 (CET);Fri Nov 15 2019 12:51:16 GMT+0100 (CET);1573822276000;0.14;28.15
1380556890909648;12.4;32.3;Fri Nov 15 2019 13:53:09 GMT+0100 (CET);Fri Nov 15 2019 12:53:09 GMT+0100 (CET);1573822389000;0.16;31.17
1380556890909648;12.4;32.2;Fri Nov 15 2019 13:55:02 GMT+0100 (CET);Fri Nov 15 2019 12:55:02 GMT+0100 (CET);1573822502000;0.17;33.68
1380556890909648;12.4;32.4;Fri Nov 15 2019 13:56:55 GMT+0100 (CET);Fri Nov 15 2019 12:56:55 GMT+0100 (CET);1573822615000;0.17;33.93
1380556890909648;12.4;32.4;Fri Nov 15 2019 13:58:48 GMT+0100 (CET);Fri Nov 15 2019 12:58:48 GMT+0100 (CET);1573822728000;0.16;32.58
1380556890909648;12.4;32.3;Fri Nov 15 2019 14:00:41 GMT+0100 (CET);Fri Nov 15 2019 13:00:41 GMT+0100 (CET);1573822841000;0.16;30.75
1380556890909648;12.4;32.1;Fri Nov 15 2019 14:02:34 GMT+0100 (CET);Fri Nov 15 2019 13:02:34 GMT+0100 (CET);1573822954000;0.16;30.16
1380556890909648;12.4;32.1;Fri Nov 15 2019 14:04:27 GMT+0100 (CET);Fri Nov 15 2019 13:04:27 GMT+0100 (CET);1573823067000;0.15;29.03
1380556890909648;12.4;32.1;Fri Nov 15 2019 14:06:34 GMT+0100 (CET);Fri Nov 15 2019 13:06:34 GMT+0100 (CET);1573823194000;0.14;28.32
1380556890909648;12.4;32.1;Fri Nov 15 2019 14:08:27 GMT+0100 (CET);Fri Nov 15 2019 13:08:27 GMT+0100 (CET);1573823307000;0.14;28.29
1380556890909648;12.4;31.9;Fri Nov 15 2019 14:10:20 GMT+0100 (CET);Fri Nov 15 2019 13:10:20 GMT+0100 (CET);1573823420000;0.13;26.78
1380556890909648;12.4;31.9;Fri Nov 15 2019 14:12:14 GMT+0100 (CET);Fri Nov 15 2019 13:12:14 GMT+0100 (CET);1573823534000;0.13;26.27
1380556890909648;12.4;31.9;Fri Nov 15 2019 14:14:07 GMT+0100 (CET);Fri Nov 15 2019 13:14:07 GMT+0100 (CET);1573823647000;0.14;27.19
1380556890909648;12.4;32;Fri Nov 15 2019 14:16:00 GMT+0100 (CET);Fri Nov 15 2019 13:16:00 GMT+0100 (CET);1573823760000;0.14;27.82
1380556890909648;10.9;32.1;Fri Nov 15 2019 14:17:52 GMT+0100 (CET);Fri Nov 15 2019 13:17:52 GMT+0100 (CET);1573823872000;0.14;28.43
1380556890909648;10.9;32.2;Fri Nov 15 2019 14:19:45 GMT+0100 (CET);Fri Nov 15 2019 13:19:45 GMT+0100 (CET);1573823985000;0.15;29.77
1380556890909648;12.4;32.2;Fri Nov 15 2019 14:21:38 GMT+0100 (CET);Fri Nov 15 2019 13:21:38 GMT+0100 (CET);1573824098000;0.16;31.99
1380556890909648;12.4;32.7;Fri Nov 15 2019 14:23:32 GMT+0100 (CET);Fri Nov 15 2019 13:23:32 GMT+0100 (CET);1573824212000;0.18;36.23
1380556890909648;12.4;32.7;Fri Nov 15 2019 14:25:25 GMT+0100 (CET);Fri Nov 15 2019 13:25:25 GMT+0100 (CET);1573824325000;0.21;42.17
1380556890909648;12.4;33;Fri Nov 15 2019 14:27:18 GMT+0100 (CET);Fri Nov 15 2019 13:27:18 GMT+0100 (CET);1573824438000;0.24;47.58
1380556890909648;12.4;33;Fri Nov 15 2019 14:29:11 GMT+0100 (CET);Fri Nov 15 2019 13:29:11 GMT+0100 (CET);1573824551000;0.26;53.06
1380556890909648;12.4;33.2;Fri Nov 15 2019 14:31:03 GMT+0100 (CET);Fri Nov 15 2019 13:31:03 GMT+0100 (CET);1573824663000;0.28;57.97
1380556890909648;12.4;33.4;Fri Nov 15 2019 14:33:01 GMT+0100 (CET);Fri Nov 15 2019 13:33:01 GMT+0100 (CET);1573824781000;0.32;66.29
1380556890909648;12.4;33.4;Fri Nov 15 2019 14:34:54 GMT+0100 (CET);Fri Nov 15 2019 13:34:54 GMT+0100 (CET);1573824894000;0.38;75.55
1380556890909648;12.4;33.5;Fri Nov 15 2019 14:36:47 GMT+0100 (CET);Fri Nov 15 2019 13:36:47 GMT+0100 (CET);1573825007000;0.41;84.02
1380556890909648;12.4;34;Fri Nov 15 2019 14:38:39 GMT+0100 (CET);Fri Nov 15 2019 13:38:39 GMT+0100 (CET);1573825119000;0.43;87.05
1380556890909648;12.4;34.2;Fri Nov 15 2019 14:40:33 GMT+0100 (CET);Fri Nov 15 2019 13:40:33 GMT+0100 (CET);1573825233000;0.45;92.84
1380556890909648;12.4;34.4;Fri Nov 15 2019 14:42:26 GMT+0100 (CET);Fri Nov 15 2019 13:42:26 GMT+0100 (CET);1573825346000;0.48;97.07
1380556890909648;12.4;34.1;Fri Nov 15 2019 14:44:18 GMT+0100 (CET);Fri Nov 15 2019 13:44:18 GMT+0100 (CET);1573825458000;0.44;87.95
1380556890909648;14.4;34;Fri Nov 15 2019 14:46:11 GMT+0100 (CET);Fri Nov 15 2019 13:46:11 GMT+0100 (CET);1573825571000;0.36;71.87
1380556890909648;14.4;34;Fri Nov 15 2019 14:48:04 GMT+0100 (CET);Fri Nov 15 2019 13:48:04 GMT+0100 (CET);1573825684000;0.3;61.86
1380556890909648;14.4;33.9;Fri Nov 15 2019 14:49:57 GMT+0100 (CET);Fri Nov 15 2019 13:49:57 GMT+0100 (CET);1573825797000;0.24;50.5
1380556890909648;14.4;33.9;Fri Nov 15 2019 14:51:45 GMT+0100 (CET);Fri Nov 15 2019 13:51:45 GMT+0100 (CET);1573825905000;0.19;41.58
1380556890909648;14.4;33.9;Fri Nov 15 2019 14:53:39 GMT+0100 (CET);Fri Nov 15 2019 13:53:39 GMT+0100 (CET);1573826019000;0.13;30.47
1380556890909648;14.4;33;Fri Nov 15 2019 14:55:32 GMT+0100 (CET);Fri Nov 15 2019 13:55:32 GMT+0100 (CET);1573826132000;0.12;25.26
1380556890909648;14.4;31.5;Fri Nov 15 2019 14:57:28 GMT+0100 (CET);Fri Nov 15 2019 13:57:28 GMT+0100 (CET);1573826248000;0.12;25.78
1380556890909648;12.9;31.3;Fri Nov 15 2019 14:59:21 GMT+0100 (CET);Fri Nov 15 2019 13:59:21 GMT+0100 (CET);1573826361000;0.13;27.9
1380556890909648;12.9;31.7;Fri Nov 15 2019 15:01:14 GMT+0100 (CET);Fri Nov 15 2019 14:01:14 GMT+0100 (CET);1573826474000;0.13;29.63
1380556890909648;12.9;32;Fri Nov 15 2019 15:03:07 GMT+0100 (CET);Fri Nov 15 2019 14:03:07 GMT+0100 (CET);1573826587000;0.14;30.37
1380556890909648;12.9;32.1;Fri Nov 15 2019 15:05:00 GMT+0100 (CET);Fri Nov 15 2019 14:05:00 GMT+0100 (CET);1573826700000;0.15;32.64
1380556890909648;12.9;31.9;Fri Nov 15 2019 15:06:54 GMT+0100 (CET);Fri Nov 15 2019 14:06:54 GMT+0100 (CET);1573826814000;0.18;38.55
1380556890909648;12.4;32.8;Fri Nov 15 2019 15:08:47 GMT+0100 (CET);Fri Nov 15 2019 14:08:47 GMT+0100 (CET);1573826927000;0.18;39.57
1380556890909648;12.4;32.8;Fri Nov 15 2019 15:10:39 GMT+0100 (CET);Fri Nov 15 2019 14:10:39 GMT+0100 (CET);1573827039000;0.18;39.41
1380556890909648;12.4;32.6;Fri Nov 15 2019 15:12:33 GMT+0100 (CET);Fri Nov 15 2019 14:12:33 GMT+0100 (CET);1573827153000;0.21;44.98
1380556890909648;12.4;33;Fri Nov 15 2019 15:14:26 GMT+0100 (CET);Fri Nov 15 2019 14:14:26 GMT+0100 (CET);1573827266000;0.22;48.4
1380556890909648;12.4;33.2;Fri Nov 15 2019 15:16:18 GMT+0100 (CET);Fri Nov 15 2019 14:16:18 GMT+0100 (CET);1573827378000;0.22;48.23
1380556890909648;12.4;33;Fri Nov 15 2019 15:18:11 GMT+0100 (CET);Fri Nov 15 2019 14:18:11 GMT+0100 (CET);1573827491000;0.2;44.78
1380556890909648;12.4;32.9;Fri Nov 15 2019 15:20:04 GMT+0100 (CET);Fri Nov 15 2019 14:20:04 GMT+0100 (CET);1573827604000;0.2;44.72
1380556890909648;12.4;32.9;Fri Nov 15 2019 15:21:57 GMT+0100 (CET);Fri Nov 15 2019 14:21:57 GMT+0100 (CET);1573827717000;0.19;42.72
1380556890909648;12.4;33;Fri Nov 15 2019 15:24:07 GMT+0100 (CET);Fri Nov 15 2019 14:24:07 GMT+0100 (CET);1573827847000;0.17;38.82
1380556890909648;12.4;32.6;Fri Nov 15 2019 15:25:59 GMT+0100 (CET);Fri Nov 15 2019 14:25:59 GMT+0100 (CET);1573827959000;0.17;38.23
1380556890909648;12.4;33;Fri Nov 15 2019 15:27:53 GMT+0100 (CET);Fri Nov 15 2019 14:27:53 GMT+0100 (CET);1573828073000;0.19;41.78
1380556890909648;12.4;33;Fri Nov 15 2019 15:29:45 GMT+0100 (CET);Fri Nov 15 2019 14:29:45 GMT+0100 (CET);1573828185000;0.22;48.87
1380556890909648;12.4;33.1;Fri Nov 15 2019 15:31:40 GMT+0100 (CET);Fri Nov 15 2019 14:31:40 GMT+0100 (CET);1573828300000;0.23;51.13
1380556890909648;12.4;33.3;Fri Nov 15 2019 15:33:33 GMT+0100 (CET);Fri Nov 15 2019 14:33:33 GMT+0100 (CET);1573828413000;0.22;47.15
1380556890909648;12.4;33.1;Fri Nov 15 2019 15:35:25 GMT+0100 (CET);Fri Nov 15 2019 14:35:25 GMT+0100 (CET);1573828525000;0.21;44.47
1380556890909648;11.4;32.9;Fri Nov 15 2019 15:37:18 GMT+0100 (CET);Fri Nov 15 2019 14:37:18 GMT+0100 (CET);1573828638000;0.2;42.73
1380556890909648;11.4;32.7;Fri Nov 15 2019 15:39:11 GMT+0100 (CET);Fri Nov 15 2019 14:39:11 GMT+0100 (CET);1573828751000;0.18;40.28
1380556890909648;12.4;32.6;Fri Nov 15 2019 15:41:04 GMT+0100 (CET);Fri Nov 15 2019 14:41:04 GMT+0100 (CET);1573828864000;0.18;37.07
1380556890909648;12.4;32.6;Fri Nov 15 2019 15:42:56 GMT+0100 (CET);Fri Nov 15 2019 14:42:56 GMT+0100 (CET);1573828976000;0.14;31.09
1380556890909648;12.4;32.8;Fri Nov 15 2019 15:44:49 GMT+0100 (CET);Fri Nov 15 2019 14:44:49 GMT+0100 (CET);1573829089000;0.11;25.6
1380556890909648;12.4;32.6;Fri Nov 15 2019 15:46:42 GMT+0100 (CET);Fri Nov 15 2019 14:46:42 GMT+0100 (CET);1573829202000;0.08;19.52
1380556890909648;12.4;32.2;Fri Nov 15 2019 15:48:35 GMT+0100 (CET);Fri Nov 15 2019 14:48:35 GMT+0100 (CET);1573829315000;0.07;16.9
1380556890909648;12.4;31;Fri Nov 15 2019 15:50:30 GMT+0100 (CET);Fri Nov 15 2019 14:50:30 GMT+0100 (CET);1573829430000;0.06;14.88
1380556890909648;12.4;30.3;Fri Nov 15 2019 15:52:25 GMT+0100 (CET);Fri Nov 15 2019 14:52:25 GMT+0100 (CET);1573829545000;0;13.15
1380556890909648;12.4;29.3;Fri Nov 15 2019 15:54:17 GMT+0100 (CET);Fri Nov 15 2019 14:54:17 GMT+0100 (CET);1573829657000;0;12.39
1380556890909648;12.4;28.9;Fri Nov 15 2019 15:56:10 GMT+0100 (CET);Fri Nov 15 2019 14:56:10 GMT+0100 (CET);1573829770000;0;11.78
1380556890909648;12.4;29.1;Fri Nov 15 2019 15:58:03 GMT+0100 (CET);Fri Nov 15 2019 14:58:03 GMT+0100 (CET);1573829883000;0;11.21
1380556890909648;8.9;29.3;Fri Nov 15 2019 15:59:56 GMT+0100 (CET);Fri Nov 15 2019 14:59:56 GMT+0100 (CET);1573829996000;0;11.24
1380556890909648;8.9;28.4;Fri Nov 15 2019 16:01:50 GMT+0100 (CET);Fri Nov 15 2019 15:01:50 GMT+0100 (CET);1573830110000;0;11.16
1380556890909648;8.9;28.6;Fri Nov 15 2019 16:03:42 GMT+0100 (CET);Fri Nov 15 2019 15:03:42 GMT+0100 (CET);1573830222000;0;10.94
1380556890909648;8.9;28.4;Fri Nov 15 2019 16:05:35 GMT+0100 (CET);Fri Nov 15 2019 15:05:35 GMT+0100 (CET);1573830335000;0;9.34
1380556890909648;8.9;28.4;Fri Nov 15 2019 16:07:29 GMT+0100 (CET);Fri Nov 15 2019 15:07:29 GMT+0100 (CET);1573830449000;0;7.4
1380556890909648;9.9;31.8;Fri Nov 15 2019 16:09:23 GMT+0100 (CET);Fri Nov 15 2019 15:09:23 GMT+0100 (CET);1573830563000;0;5.23
1380556890909648;9.9;32.9;Fri Nov 15 2019 16:11:16 GMT+0100 (CET);Fri Nov 15 2019 15:11:16 GMT+0100 (CET);1573830676000;0;4.48
1380556890909648;9.9;32.9;Fri Nov 15 2019 16:13:08 GMT+0100 (CET);Fri Nov 15 2019 15:13:08 GMT+0100 (CET);1573830788000;0;4.11
1380556890909648;9.9;30.5;Fri Nov 15 2019 16:15:01 GMT+0100 (CET);Fri Nov 15 2019 15:15:01 GMT+0100 (CET);1573830901000;0;3.28
1380556890909648;9.9;29.7;Fri Nov 15 2019 16:16:54 GMT+0100 (CET);Fri Nov 15 2019 15:16:54 GMT+0100 (CET);1573831014000;0;2.55
1380556890909648;8.4;24.7;Fri Nov 15 2019 16:18:47 GMT+0100 (CET);Fri Nov 15 2019 15:18:47 GMT+0100 (CET);1573831127000;0;1.91
1380556890909648;8.4;24.7;Fri Nov 15 2019 16:20:39 GMT+0100 (CET);Fri Nov 15 2019 15:20:39 GMT+0100 (CET);1573831239000;0;1.36
1380556890909648;8.4;24.7;Fri Nov 15 2019 16:22:32 GMT+0100 (CET);Fri Nov 15 2019 15:22:32 GMT+0100 (CET);1573831352000;0;1.06
1380556890909648;2.3;32.8;Sat Nov 16 2019 07:35:49 GMT+0100 (CET);Sat Nov 16 2019 06:35:49 GMT+0100 (CET);1573886149000;0;5.29
1380556890909648;2.3;34.5;Sat Nov 16 2019 07:37:44 GMT+0100 (CET);Sat Nov 16 2019 06:37:44 GMT+0100 (CET);1573886264000;0;7.11
1380556890909648;2.3;35.7;Sat Nov 16 2019 07:39:37 GMT+0100 (CET);Sat Nov 16 2019 06:39:37 GMT+0100 (CET);1573886377000;0;9.66
1380556890909648;2.3;30.2;Sat Nov 16 2019 07:41:29 GMT+0100 (CET);Sat Nov 16 2019 06:41:29 GMT+0100 (CET);1573886489000;0;12.03
1380556890909648;2.3;29.8;Sat Nov 16 2019 07:43:22 GMT+0100 (CET);Sat Nov 16 2019 06:43:22 GMT+0100 (CET);1573886602000;0.06;13.7
1380556890909648;2.3;29.9;Sat Nov 16 2019 07:45:14 GMT+0100 (CET);Sat Nov 16 2019 06:45:14 GMT+0100 (CET);1573886714000;0;14.43
1380556890909648;4.4;30.2;Sat Nov 16 2019 07:47:07 GMT+0100 (CET);Sat Nov 16 2019 06:47:07 GMT+0100 (CET);1573886827000;0;12.65
1380556890909648;4.4;29.5;Sat Nov 16 2019 07:49:00 GMT+0100 (CET);Sat Nov 16 2019 06:49:00 GMT+0100 (CET);1573886940000;0;11.44
1380556890909648;4.4;29.4;Sat Nov 16 2019 07:50:54 GMT+0100 (CET);Sat Nov 16 2019 06:50:54 GMT+0100 (CET);1573887054000;0;11.38
1380556890909648;4.4;29.3;Sat Nov 16 2019 07:52:47 GMT+0100 (CET);Sat Nov 16 2019 06:52:47 GMT+0100 (CET);1573887167000;0;12.1
1380556890909648;4.4;29.3;Sat Nov 16 2019 07:54:39 GMT+0100 (CET);Sat Nov 16 2019 06:54:39 GMT+0100 (CET);1573887279000;0;12.06
1380556890909648;4.4;29.3;Sat Nov 16 2019 07:56:34 GMT+0100 (CET);Sat Nov 16 2019 06:56:34 GMT+0100 (CET);1573887394000;0;13.48
1380556890909648;4.4;29.8;Sat Nov 16 2019 07:58:26 GMT+0100 (CET);Sat Nov 16 2019 06:58:26 GMT+0100 (CET);1573887506000;0.07;15.59
1380556890909648;4.9;30.6;Sat Nov 16 2019 08:00:19 GMT+0100 (CET);Sat Nov 16 2019 07:00:19 GMT+0100 (CET);1573887619000;0.08;18.61
1380556890909648;4.9;30.6;Sat Nov 16 2019 08:02:14 GMT+0100 (CET);Sat Nov 16 2019 07:02:14 GMT+0100 (CET);1573887734000;0.09;20.72
1380556890909648;5.4;31.6;Sat Nov 16 2019 08:04:14 GMT+0100 (CET);Sat Nov 16 2019 07:04:14 GMT+0100 (CET);1573887854000;0.12;25.99
1380556890909648;5.4;32.4;Sat Nov 16 2019 08:06:06 GMT+0100 (CET);Sat Nov 16 2019 07:06:06 GMT+0100 (CET);1573887966000;0.12;27.59
1380556890909648;5.4;32.4;Sat Nov 16 2019 08:07:59 GMT+0100 (CET);Sat Nov 16 2019 07:07:59 GMT+0100 (CET);1573888079000;0.13;28.72
1380556890909648;6.9;32.7;Sat Nov 16 2019 08:09:54 GMT+0100 (CET);Sat Nov 16 2019 07:09:54 GMT+0100 (CET);1573888194000;0.14;30.73
1380556890909648;6.9;33.2;Sat Nov 16 2019 08:11:48 GMT+0100 (CET);Sat Nov 16 2019 07:11:48 GMT+0100 (CET);1573888308000;0.15;32.45
1380556890909648;6.9;33.4;Sat Nov 16 2019 08:13:45 GMT+0100 (CET);Sat Nov 16 2019 07:13:45 GMT+0100 (CET);1573888425000;0.16;35.53
1380556890909648;6.9;34.7;Sat Nov 16 2019 08:15:40 GMT+0100 (CET);Sat Nov 16 2019 07:15:40 GMT+0100 (CET);1573888540000;0.16;38.1
1380556890909648;6.9;35.6;Sat Nov 16 2019 08:17:51 GMT+0100 (CET);Sat Nov 16 2019 07:17:51 GMT+0100 (CET);1573888671000;0.17;47.71
1380556890909648;8.4;35.4;Sat Nov 16 2019 08:19:45 GMT+0100 (CET);Sat Nov 16 2019 07:19:45 GMT+0100 (CET);1573888785000;0.17;59.07
1380556890909648;8.4;35.3;Sat Nov 16 2019 08:21:51 GMT+0100 (CET);Sat Nov 16 2019 07:21:51 GMT+0100 (CET);1573888911000;0.21;84.44
1380556890909648;8.4;35.6;Sat Nov 16 2019 08:23:46 GMT+0100 (CET);Sat Nov 16 2019 07:23:46 GMT+0100 (CET);1573889026000;0.23;115.78
1380556890909648;8.4;35.8;Sat Nov 16 2019 08:25:38 GMT+0100 (CET);Sat Nov 16 2019 07:25:38 GMT+0100 (CET);1573889138000;0.21;194.63
1380556890909648;8.4;36.2;Sat Nov 16 2019 08:27:31 GMT+0100 (CET);Sat Nov 16 2019 07:27:31 GMT+0100 (CET);1573889251000;0.21;163.39
1380556890909648;8.4;36.3;Sat Nov 16 2019 08:29:24 GMT+0100 (CET);Sat Nov 16 2019 07:29:24 GMT+0100 (CET);1573889364000;0.25;225.42
1380556890909648;8.4;36.4;Sat Nov 16 2019 08:31:17 GMT+0100 (CET);Sat Nov 16 2019 07:31:17 GMT+0100 (CET);1573889477000;0.26;228.31
1380556890909648;8.4;36.5;Sat Nov 16 2019 08:33:09 GMT+0100 (CET);Sat Nov 16 2019 07:33:09 GMT+0100 (CET);1573889589000;0.28;240.05
1380556890909648;8.4;36.9;Sat Nov 16 2019 08:35:02 GMT+0100 (CET);Sat Nov 16 2019 07:35:02 GMT+0100 (CET);1573889702000;0.32;245.87
1380556890909648;8.4;40.3;Sat Nov 16 2019 08:37:02 GMT+0100 (CET);Sat Nov 16 2019 07:37:02 GMT+0100 (CET);1573889822000;0.34;251.57
1380556890909648;9.9;40.3;Sat Nov 16 2019 08:39:06 GMT+0100 (CET);Sat Nov 16 2019 07:39:06 GMT+0100 (CET);1573889946000;0.43;261.34
1380556890909648;9.9;38.3;Sat Nov 16 2019 08:40:58 GMT+0100 (CET);Sat Nov 16 2019 07:40:58 GMT+0100 (CET);1573890058000;0.9;269.05
1380556890909648;9.9;34.6;Sat Nov 16 2019 08:42:51 GMT+0100 (CET);Sat Nov 16 2019 07:42:51 GMT+0100 (CET);1573890171000;1.03;257.01
1380556890909648;9.9;37.4;Sat Nov 16 2019 08:44:44 GMT+0100 (CET);Sat Nov 16 2019 07:44:44 GMT+0100 (CET);1573890284000;1.1;278.76
1380556890909648;9.9;35.4;Sat Nov 16 2019 08:46:37 GMT+0100 (CET);Sat Nov 16 2019 07:46:37 GMT+0100 (CET);1573890397000;1.21;299.63
1380556890909648;9.9;29.5;Sat Nov 16 2019 08:48:29 GMT+0100 (CET);Sat Nov 16 2019 07:48:29 GMT+0100 (CET);1573890509000;1.22;284.65
1380556890909648;9.9;29.5;Sat Nov 16 2019 08:50:24 GMT+0100 (CET);Sat Nov 16 2019 07:50:24 GMT+0100 (CET);1573890624000;1.24;293.25
1380556890909648;8.4;26.8;Sat Nov 16 2019 08:52:21 GMT+0100 (CET);Sat Nov 16 2019 07:52:21 GMT+0100 (CET);1573890741000;1.36;321.83
1380556890909648;8.4;34.1;Sat Nov 16 2019 08:54:14 GMT+0100 (CET);Sat Nov 16 2019 07:54:14 GMT+0100 (CET);1573890854000;0.65;124.54
1380556890909648;8.4;35;Sat Nov 16 2019 08:56:08 GMT+0100 (CET);Sat Nov 16 2019 07:56:08 GMT+0100 (CET);1573890968000;0.62;138.31
1380556890909648;12.4;36.5;Sat Nov 16 2019 08:58:02 GMT+0100 (CET);Sat Nov 16 2019 07:58:02 GMT+0100 (CET);1573891082000;0.63;157.88
1380556890909648;12.4;39;Sat Nov 16 2019 08:59:57 GMT+0100 (CET);Sat Nov 16 2019 07:59:57 GMT+0100 (CET);1573891197000;0.73;214.95
1380556890909648;14.4;37.4;Sat Nov 16 2019 09:01:51 GMT+0100 (CET);Sat Nov 16 2019 08:01:51 GMT+0100 (CET);1573891311000;0.72;170.67
1380556890909648;14.4;37.2;Sat Nov 16 2019 09:03:59 GMT+0100 (CET);Sat Nov 16 2019 08:03:59 GMT+0100 (CET);1573891439000;0.72;173.62
1380556890909648;14.4;37.3;Sat Nov 16 2019 09:05:54 GMT+0100 (CET);Sat Nov 16 2019 08:05:54 GMT+0100 (CET);1573891554000;1.72;430.07
1380556890909648;14.4;36.4;Sat Nov 16 2019 09:08:30 GMT+0100 (CET);Sat Nov 16 2019 08:08:30 GMT+0100 (CET);1573891710000;0.83;181.64
1380556890909648;14.4;36.3;Sat Nov 16 2019 09:10:24 GMT+0100 (CET);Sat Nov 16 2019 08:10:24 GMT+0100 (CET);1573891824000;0.65;149.81
1380556890909648;14.4;36.4;Sat Nov 16 2019 09:12:17 GMT+0100 (CET);Sat Nov 16 2019 08:12:17 GMT+0100 (CET);1573891937000;0.61;148.13
1380556890909648;14.4;35.8;Sat Nov 16 2019 09:14:10 GMT+0100 (CET);Sat Nov 16 2019 08:14:10 GMT+0100 (CET);1573892050000;0.58;131.58
1380556890909648;14.4;35.7;Sat Nov 16 2019 09:16:06 GMT+0100 (CET);Sat Nov 16 2019 08:16:06 GMT+0100 (CET);1573892166000;0.63;140.43
1380556890909648;14.4;36.1;Sat Nov 16 2019 09:17:58 GMT+0100 (CET);Sat Nov 16 2019 08:17:58 GMT+0100 (CET);1573892278000;0.58;136.98
1380556890909648;14.4;37.6;Sat Nov 16 2019 09:20:00 GMT+0100 (CET);Sat Nov 16 2019 08:20:00 GMT+0100 (CET);1573892400000;0.76;177.63
1380556890909648;14.9;36.5;Sat Nov 16 2019 09:22:07 GMT+0100 (CET);Sat Nov 16 2019 08:22:07 GMT+0100 (CET);1573892527000;1.02;263.15
1380556890909648;14.9;36.1;Sat Nov 16 2019 09:24:01 GMT+0100 (CET);Sat Nov 16 2019 08:24:01 GMT+0100 (CET);1573892641000;1.73;427.51
1380556890909648;14.4;31.3;Sat Nov 16 2019 09:25:55 GMT+0100 (CET);Sat Nov 16 2019 08:25:55 GMT+0100 (CET);1573892755000;1.75;407.03
1380556890909648;14.4;31;Sat Nov 16 2019 09:27:47 GMT+0100 (CET);Sat Nov 16 2019 08:27:47 GMT+0100 (CET);1573892867000;2;473.59
1380556890909648;14.4;32.2;Sat Nov 16 2019 09:29:40 GMT+0100 (CET);Sat Nov 16 2019 08:29:40 GMT+0100 (CET);1573892980000;2;458.23
1380556890909648;14.4;31.3;Sat Nov 16 2019 09:31:33 GMT+0100 (CET);Sat Nov 16 2019 08:31:33 GMT+0100 (CET);1573893093000;1.56;407.03
1380556890909648;14.4;31.5;Sat Nov 16 2019 09:33:26 GMT+0100 (CET);Sat Nov 16 2019 08:33:26 GMT+0100 (CET);1573893206000;2.3;532.47
1380556890909648;14.4;29.3;Sat Nov 16 2019 09:35:19 GMT+0100 (CET);Sat Nov 16 2019 08:35:19 GMT+0100 (CET);1573893319000;2.31;488.95
1380556890909648;14.4;33.9;Sat Nov 16 2019 09:37:11 GMT+0100 (CET);Sat Nov 16 2019 08:37:11 GMT+0100 (CET);1573893431000;1.75;389.11
1380556890909648;16.4;34.4;Sat Nov 16 2019 09:39:09 GMT+0100 (CET);Sat Nov 16 2019 08:39:09 GMT+0100 (CET);1573893549000;0.74;166.71
1380556890909648;16.4;36.3;Sat Nov 16 2019 09:41:02 GMT+0100 (CET);Sat Nov 16 2019 08:41:02 GMT+0100 (CET);1573893662000;0.64;155.38
1380556890909648;16.4;36.4;Sat Nov 16 2019 09:42:57 GMT+0100 (CET);Sat Nov 16 2019 08:42:57 GMT+0100 (CET);1573893777000;0.62;148.38
1380556890909648;16.9;36.1;Sat Nov 16 2019 09:44:50 GMT+0100 (CET);Sat Nov 16 2019 08:44:50 GMT+0100 (CET);1573893890000;2.05;514.55
1380556890909648;16.9;36;Sat Nov 16 2019 09:46:42 GMT+0100 (CET);Sat Nov 16 2019 08:46:42 GMT+0100 (CET);1573894002000;2.21;514.55
1380556890909648;16.9;35.4;Sat Nov 16 2019 09:48:38 GMT+0100 (CET);Sat Nov 16 2019 08:48:38 GMT+0100 (CET);1573894118000;1.92;486.39
1380556890909648;16.9;34.3;Sat Nov 16 2019 09:50:25 GMT+0100 (CET);Sat Nov 16 2019 08:50:25 GMT+0100 (CET);1573894225000;2.37;558.07
1380556890909648;16.9;35.2;Sat Nov 16 2019 09:52:17 GMT+0100 (CET);Sat Nov 16 2019 08:52:17 GMT+0100 (CET);1573894337000;2.03;409.59
1380556890909648;19;35;Sat Nov 16 2019 09:54:36 GMT+0100 (CET);Sat Nov 16 2019 08:54:36 GMT+0100 (CET);1573894476000;2.32;535.03
1380556890909648;19;35.1;Sat Nov 16 2019 09:56:31 GMT+0100 (CET);Sat Nov 16 2019 08:56:31 GMT+0100 (CET);1573894591000;2.49;573.43
1380556890909648;19;34.9;Sat Nov 16 2019 09:58:25 GMT+0100 (CET);Sat Nov 16 2019 08:58:25 GMT+0100 (CET);1573894705000;2.44;570.87
1380556890909648;19;34.9;Sat Nov 16 2019 10:00:19 GMT+0100 (CET);Sat Nov 16 2019 09:00:19 GMT+0100 (CET);1573894819000;2.41;547.83
1380556890909648;19;34.9;Sat Nov 16 2019 10:02:12 GMT+0100 (CET);Sat Nov 16 2019 09:02:12 GMT+0100 (CET);1573894932000;2.17;529.91
1380556890909648;20.5;35.2;Sat Nov 16 2019 10:04:38 GMT+0100 (CET);Sat Nov 16 2019 09:04:38 GMT+0100 (CET);1573895078000;0.84;196.14
1380556890909648;20.5;35.6;Sat Nov 16 2019 10:06:32 GMT+0100 (CET);Sat Nov 16 2019 09:06:32 GMT+0100 (CET);1573895192000;1.07;245.29
1380556890909648;21;35.9;Sat Nov 16 2019 10:08:25 GMT+0100 (CET);Sat Nov 16 2019 09:08:25 GMT+0100 (CET);1573895305000;1.08;237.1
1380556890909648;21;36.7;Sat Nov 16 2019 10:10:18 GMT+0100 (CET);Sat Nov 16 2019 09:10:18 GMT+0100 (CET);1573895418000;1.7;376.31
1380556890909648;21;35.7;Sat Nov 16 2019 10:12:13 GMT+0100 (CET);Sat Nov 16 2019 09:12:13 GMT+0100 (CET);1573895533000;1.64;348.15
1380556890909648;21;35.9;Sat Nov 16 2019 10:14:06 GMT+0100 (CET);Sat Nov 16 2019 09:14:06 GMT+0100 (CET);1573895646000;2.96;663.2
1380556890909648;21;35.4;Sat Nov 16 2019 10:15:58 GMT+0100 (CET);Sat Nov 16 2019 09:15:58 GMT+0100 (CET);1573895758000;1.11;245.53
1380556890909648;22.5;35.5;Sat Nov 16 2019 10:17:58 GMT+0100 (CET);Sat Nov 16 2019 09:17:58 GMT+0100 (CET);1573895878000;0.94;223.09
1380556890909648;22.5;34.9;Sat Nov 16 2019 10:19:53 GMT+0100 (CET);Sat Nov 16 2019 09:19:53 GMT+0100 (CET);1573895993000;0.67;147.9
1380556890909648;21;34.7;Sat Nov 16 2019 10:21:48 GMT+0100 (CET);Sat Nov 16 2019 09:21:48 GMT+0100 (CET);1573896108000;0.57;123.96
1380556890909648;21;34.7;Sat Nov 16 2019 10:23:41 GMT+0100 (CET);Sat Nov 16 2019 09:23:41 GMT+0100 (CET);1573896221000;0.5;109.71
1380556890909648;21;34.6;Sat Nov 16 2019 10:25:49 GMT+0100 (CET);Sat Nov 16 2019 09:25:49 GMT+0100 (CET);1573896349000;0.49;106.7
1380556890909648;20.5;34.5;Sat Nov 16 2019 10:27:42 GMT+0100 (CET);Sat Nov 16 2019 09:27:42 GMT+0100 (CET);1573896462000;0.51;109.21
1380556890909648;20.5;34.3;Sat Nov 16 2019 10:29:35 GMT+0100 (CET);Sat Nov 16 2019 09:29:35 GMT+0100 (CET);1573896575000;0.49;105.89
1380556890909648;18.5;34.2;Sat Nov 16 2019 10:31:30 GMT+0100 (CET);Sat Nov 16 2019 09:31:30 GMT+0100 (CET);1573896690000;0.5;106.32
1380556890909648;18.5;34.3;Sat Nov 16 2019 10:33:39 GMT+0100 (CET);Sat Nov 16 2019 09:33:39 GMT+0100 (CET);1573896819000;0.52;110.77
1380556890909648;18.5;34.4;Sat Nov 16 2019 10:35:35 GMT+0100 (CET);Sat Nov 16 2019 09:35:35 GMT+0100 (CET);1573896935000;0.53;114.19
1380556890909648;16.9;34.3;Sat Nov 16 2019 10:37:28 GMT+0100 (CET);Sat Nov 16 2019 09:37:28 GMT+0100 (CET);1573897048000;0.54;114.89
1380556890909648;16.9;34.4;Sat Nov 16 2019 10:39:23 GMT+0100 (CET);Sat Nov 16 2019 09:39:23 GMT+0100 (CET);1573897163000;0.59;126.81
1380556890909648;16.4;35;Sat Nov 16 2019 10:41:27 GMT+0100 (CET);Sat Nov 16 2019 09:41:27 GMT+0100 (CET);1573897287000;0.68;145.72
1380556890909648;16.4;35.1;Sat Nov 16 2019 10:43:21 GMT+0100 (CET);Sat Nov 16 2019 09:43:21 GMT+0100 (CET);1573897401000;0.69;148.52
1380556890909648;16.4;35.1;Sat Nov 16 2019 10:45:13 GMT+0100 (CET);Sat Nov 16 2019 09:45:13 GMT+0100 (CET);1573897513000;0.68;146.22
1380556890909648;16.4;35;Sat Nov 16 2019 10:47:11 GMT+0100 (CET);Sat Nov 16 2019 09:47:11 GMT+0100 (CET);1573897631000;0.62;129.27
1380556890909648;16.4;34.9;Sat Nov 16 2019 10:49:12 GMT+0100 (CET);Sat Nov 16 2019 09:49:12 GMT+0100 (CET);1573897752000;0.55;118.29
1380556890909648;16.4;35;Sat Nov 16 2019 10:51:05 GMT+0100 (CET);Sat Nov 16 2019 09:51:05 GMT+0100 (CET);1573897865000;0.58;125.19
1380556890909648;16.4;35;Sat Nov 16 2019 10:52:58 GMT+0100 (CET);Sat Nov 16 2019 09:52:58 GMT+0100 (CET);1573897978000;0.54;117.7
1380556890909648;16.4;35.1;Sat Nov 16 2019 10:54:41 GMT+0100 (CET);Sat Nov 16 2019 09:54:41 GMT+0100 (CET);1573898081000;0.56;121.23
1380556890909648;16.4;35;Sat Nov 16 2019 10:56:42 GMT+0100 (CET);Sat Nov 16 2019 09:56:42 GMT+0100 (CET);1573898202000;0.64;137.25
1380556890909648;16.4;35.4;Sat Nov 16 2019 10:58:35 GMT+0100 (CET);Sat Nov 16 2019 09:58:35 GMT+0100 (CET);1573898315000;0.68;147.12
1380556890909648;16.4;35.4;Sat Nov 16 2019 11:00:28 GMT+0100 (CET);Sat Nov 16 2019 10:00:28 GMT+0100 (CET);1573898428000;0.71;158.65
1380556890909648;16.4;35.3;Sat Nov 16 2019 11:02:22 GMT+0100 (CET);Sat Nov 16 2019 10:02:22 GMT+0100 (CET);1573898542000;0.67;145.33
1380556890909648;16.4;35.6;Sat Nov 16 2019 11:04:14 GMT+0100 (CET);Sat Nov 16 2019 10:04:14 GMT+0100 (CET);1573898654000;0.8;179.52
1380556890909648;16.4;35.9;Sat Nov 16 2019 11:06:07 GMT+0100 (CET);Sat Nov 16 2019 10:06:07 GMT+0100 (CET);1573898767000;0.95;209.84
1380556890909648;16.4;36;Sat Nov 16 2019 11:08:12 GMT+0100 (CET);Sat Nov 16 2019 10:08:12 GMT+0100 (CET);1573898892000;0.98;216.67
1380556890909648;16.4;36;Sat Nov 16 2019 11:10:05 GMT+0100 (CET);Sat Nov 16 2019 10:10:05 GMT+0100 (CET);1573899005000;0.96;215.25
1380556890909648;16.4;36.1;Sat Nov 16 2019 11:12:00 GMT+0100 (CET);Sat Nov 16 2019 10:12:00 GMT+0100 (CET);1573899120000;0.98;220.67
1380556890909648;16.4;36.3;Sat Nov 16 2019 11:13:53 GMT+0100 (CET);Sat Nov 16 2019 10:13:53 GMT+0100 (CET);1573899233000;1.1;251.48
1380556890909648;16.4;36.2;Sat Nov 16 2019 11:15:50 GMT+0100 (CET);Sat Nov 16 2019 10:15:50 GMT+0100 (CET);1573899350000;1.21;270.06
1380556890909648;16.4;36;Sat Nov 16 2019 11:17:44 GMT+0100 (CET);Sat Nov 16 2019 10:17:44 GMT+0100 (CET);1573899464000;1.23;267.75
1380556890909648;16.9;35.8;Sat Nov 16 2019 11:19:43 GMT+0100 (CET);Sat Nov 16 2019 10:19:43 GMT+0100 (CET);1573899583000;1.11;242.75
1380556890909648;16.9;35.6;Sat Nov 16 2019 11:21:43 GMT+0100 (CET);Sat Nov 16 2019 10:21:43 GMT+0100 (CET);1573899703000;0.9;193.12
1380556890909648;16.9;35.4;Sat Nov 16 2019 11:23:35 GMT+0100 (CET);Sat Nov 16 2019 10:23:35 GMT+0100 (CET);1573899815000;0.76;163.11
1380556890909648;16.9;35.1;Sat Nov 16 2019 11:25:29 GMT+0100 (CET);Sat Nov 16 2019 10:25:29 GMT+0100 (CET);1573899929000;0.68;146.02
1380556890909648;16.9;34.9;Sat Nov 16 2019 11:27:23 GMT+0100 (CET);Sat Nov 16 2019 10:27:23 GMT+0100 (CET);1573900043000;0.62;132.24
1380556890909648;16.9;35;Sat Nov 16 2019 11:29:16 GMT+0100 (CET);Sat Nov 16 2019 10:29:16 GMT+0100 (CET);1573900156000;0.52;112.94
1380556890909648;16.9;35.1;Sat Nov 16 2019 11:31:10 GMT+0100 (CET);Sat Nov 16 2019 10:31:10 GMT+0100 (CET);1573900270000;0.57;130.76
1380556890909648;16.9;35.5;Sat Nov 16 2019 11:33:04 GMT+0100 (CET);Sat Nov 16 2019 10:33:04 GMT+0100 (CET);1573900384000;0.67;147.71
1380556890909648;16.9;35.6;Sat Nov 16 2019 11:34:56 GMT+0100 (CET);Sat Nov 16 2019 10:34:56 GMT+0100 (CET);1573900496000;0.69;157.57
1380556890909648;16.9;35.6;Sat Nov 16 2019 11:36:59 GMT+0100 (CET);Sat Nov 16 2019 10:36:59 GMT+0100 (CET);1573900619000;0.68;148.83
1380556890909648;16.9;35.4;Sat Nov 16 2019 11:39:05 GMT+0100 (CET);Sat Nov 16 2019 10:39:05 GMT+0100 (CET);1573900745000;0.39;93.26
1380556890909648;16.9;35.2;Sat Nov 16 2019 11:40:58 GMT+0100 (CET);Sat Nov 16 2019 10:40:58 GMT+0100 (CET);1573900858000;0.59;128.04
1380556890909648;16.9;35.4;Sat Nov 16 2019 11:42:50 GMT+0100 (CET);Sat Nov 16 2019 10:42:50 GMT+0100 (CET);1573900970000;0.68;148.9
1380556890909648;16.9;35.3;Sat Nov 16 2019 11:44:45 GMT+0100 (CET);Sat Nov 16 2019 10:44:45 GMT+0100 (CET);1573901085000;0.7;149.2
1380556890909648;16.9;35.2;Sat Nov 16 2019 11:46:37 GMT+0100 (CET);Sat Nov 16 2019 10:46:37 GMT+0100 (CET);1573901197000;0.65;139.02
1380556890909648;16.9;35.3;Sat Nov 16 2019 11:48:30 GMT+0100 (CET);Sat Nov 16 2019 10:48:30 GMT+0100 (CET);1573901310000;0.61;132.17
1380556890909648;16.9;36;Sat Nov 16 2019 11:50:53 GMT+0100 (CET);Sat Nov 16 2019 10:50:53 GMT+0100 (CET);1573901453000;0.92;208.67
1380556890909648;16.9;36.2;Sat Nov 16 2019 11:52:46 GMT+0100 (CET);Sat Nov 16 2019 10:52:46 GMT+0100 (CET);1573901566000;0.98;215.59
1380556890909648;16.9;36.2;Sat Nov 16 2019 11:54:39 GMT+0100 (CET);Sat Nov 16 2019 10:54:39 GMT+0100 (CET);1573901679000;0.96;216.18
1380556890909648;16.9;36.2;Sat Nov 16 2019 11:56:32 GMT+0100 (CET);Sat Nov 16 2019 10:56:32 GMT+0100 (CET);1573901792000;0.88;200.42
1380556890909648;16.9;36;Sat Nov 16 2019 11:58:25 GMT+0100 (CET);Sat Nov 16 2019 10:58:25 GMT+0100 (CET);1573901905000;0.9;186.7
1380556890909648;16.9;35.1;Sat Nov 16 2019 12:00:18 GMT+0100 (CET);Sat Nov 16 2019 11:00:18 GMT+0100 (CET);1573902018000;0.47;112.66
1380556890909648;16.9;35.6;Sat Nov 16 2019 12:02:12 GMT+0100 (CET);Sat Nov 16 2019 11:02:12 GMT+0100 (CET);1573902132000;0.54;125.45
1380556890909648;16.9;36.8;Sat Nov 16 2019 12:04:05 GMT+0100 (CET);Sat Nov 16 2019 11:04:05 GMT+0100 (CET);1573902245000;2.01;473.59
1380556890909648;16.9;36.4;Sat Nov 16 2019 12:05:58 GMT+0100 (CET);Sat Nov 16 2019 11:05:58 GMT+0100 (CET);1573902358000;1.25;300.91
1380556890909648;16.9;36.3;Sat Nov 16 2019 12:07:57 GMT+0100 (CET);Sat Nov 16 2019 11:07:57 GMT+0100 (CET);1573902477000;2.12;417.27
1380556890909648;16.9;35.2;Sat Nov 16 2019 12:09:51 GMT+0100 (CET);Sat Nov 16 2019 11:09:51 GMT+0100 (CET);1573902591000;0.66;150.36
1380556890909648;18.5;35.2;Sat Nov 16 2019 12:11:45 GMT+0100 (CET);Sat Nov 16 2019 11:11:45 GMT+0100 (CET);1573902705000;0.68;165.34
1380556890909648;18.5;35.9;Sat Nov 16 2019 12:13:39 GMT+0100 (CET);Sat Nov 16 2019 11:13:39 GMT+0100 (CET);1573902819000;2.2;465.91
1380556890909648;20.5;36.2;Sat Nov 16 2019 12:15:33 GMT+0100 (CET);Sat Nov 16 2019 11:15:33 GMT+0100 (CET);1573902933000;2.39;527.35
1380556890909648;20.5;35.9;Sat Nov 16 2019 12:17:25 GMT+0100 (CET);Sat Nov 16 2019 11:17:25 GMT+0100 (CET);1573903045000;1.19;275.26
1380556890909648;20.5;35.7;Sat Nov 16 2019 12:19:22 GMT+0100 (CET);Sat Nov 16 2019 11:19:22 GMT+0100 (CET);1573903162000;1.19;259.11
1380556890909648;20;35.6;Sat Nov 16 2019 12:21:16 GMT+0100 (CET);Sat Nov 16 2019 11:21:16 GMT+0100 (CET);1573903276000;1.03;229.1
1380556890909648;20;35.3;Sat Nov 16 2019 12:23:19 GMT+0100 (CET);Sat Nov 16 2019 11:23:19 GMT+0100 (CET);1573903399000;0.81;183.01
1380556890909648;20.5;35.2;Sat Nov 16 2019 12:25:20 GMT+0100 (CET);Sat Nov 16 2019 11:25:20 GMT+0100 (CET);1573903520000;0.81;182.86
1380556890909648;20.5;35.5;Sat Nov 16 2019 12:27:17 GMT+0100 (CET);Sat Nov 16 2019 11:27:17 GMT+0100 (CET);1573903637000;0.93;208.51
1380556890909648;20.5;36.5;Sat Nov 16 2019 12:29:10 GMT+0100 (CET);Sat Nov 16 2019 11:29:10 GMT+0100 (CET);1573903750000;1.26;294.16
1380556890909648;20.5;35.4;Sat Nov 16 2019 12:31:03 GMT+0100 (CET);Sat Nov 16 2019 11:31:03 GMT+0100 (CET);1573903863000;0.82;184.04
1380556890909648;20.5;35.2;Sat Nov 16 2019 12:33:17 GMT+0100 (CET);Sat Nov 16 2019 11:33:17 GMT+0100 (CET);1573903997000;0.84;204.37
1380556890909648;20.5;35.2;Sat Nov 16 2019 12:35:12 GMT+0100 (CET);Sat Nov 16 2019 11:35:12 GMT+0100 (CET);1573904112000;0.78;167.3
1380556890909648;20.5;34.7;Sat Nov 16 2019 12:37:08 GMT+0100 (CET);Sat Nov 16 2019 11:37:08 GMT+0100 (CET);1573904228000;0.62;137.31
1380556890909648;19;34.7;Sat Nov 16 2019 12:39:01 GMT+0100 (CET);Sat Nov 16 2019 11:39:01 GMT+0100 (CET);1573904341000;0.58;126.81
1380556890909648;19;34.7;Sat Nov 16 2019 12:40:57 GMT+0100 (CET);Sat Nov 16 2019 11:40:57 GMT+0100 (CET);1573904457000;0.56;123.88
1380556890909648;19;34.9;Sat Nov 16 2019 12:42:53 GMT+0100 (CET);Sat Nov 16 2019 11:42:53 GMT+0100 (CET);1573904573000;0.57;126.77
1380556890909648;19;35;Sat Nov 16 2019 12:44:46 GMT+0100 (CET);Sat Nov 16 2019 11:44:46 GMT+0100 (CET);1573904686000;0.62;136.96
1380556890909648;19;35.1;Sat Nov 16 2019 12:46:39 GMT+0100 (CET);Sat Nov 16 2019 11:46:39 GMT+0100 (CET);1573904799000;0.7;154.25
1380556890909648;18.5;35;Sat Nov 16 2019 12:48:41 GMT+0100 (CET);Sat Nov 16 2019 11:48:41 GMT+0100 (CET);1573904921000;0.61;133.31
1380556890909648;18.5;35.2;Sat Nov 16 2019 12:50:35 GMT+0100 (CET);Sat Nov 16 2019 11:50:35 GMT+0100 (CET);1573905035000;0.65;142.36
1380556890909648;16.9;35.1;Sat Nov 16 2019 12:52:28 GMT+0100 (CET);Sat Nov 16 2019 11:52:28 GMT+0100 (CET);1573905148000;0.74;161.83
1380556890909648;16.9;35.4;Sat Nov 16 2019 12:54:38 GMT+0100 (CET);Sat Nov 16 2019 11:54:38 GMT+0100 (CET);1573905278000;0.92;199.6
1380556890909648;16.9;35.5;Sat Nov 16 2019 12:56:30 GMT+0100 (CET);Sat Nov 16 2019 11:56:30 GMT+0100 (CET);1573905390000;0.94;203.43
1380556890909648;18.5;35.5;Sat Nov 16 2019 12:58:23 GMT+0100 (CET);Sat Nov 16 2019 11:58:23 GMT+0100 (CET);1573905503000;0.85;183.46
1380556890909648;18.5;35.4;Sat Nov 16 2019 13:00:16 GMT+0100 (CET);Sat Nov 16 2019 12:00:16 GMT+0100 (CET);1573905616000;0.84;183.88
1380556890909648;16.9;35.3;Sat Nov 16 2019 13:02:10 GMT+0100 (CET);Sat Nov 16 2019 12:02:10 GMT+0100 (CET);1573905730000;0.85;186.03
1380556890909648;16.9;35.4;Sat Nov 16 2019 13:04:08 GMT+0100 (CET);Sat Nov 16 2019 12:04:08 GMT+0100 (CET);1573905848000;0.86;189.3
1380556890909648;16.9;35.5;Sat Nov 16 2019 13:06:01 GMT+0100 (CET);Sat Nov 16 2019 12:06:01 GMT+0100 (CET);1573905961000;0.88;191.91
1380556890909648;18.5;35.6;Sat Nov 16 2019 13:07:54 GMT+0100 (CET);Sat Nov 16 2019 12:07:54 GMT+0100 (CET);1573906074000;0.88;192.26
1380556890909648;18.5;35.6;Sat Nov 16 2019 13:09:52 GMT+0100 (CET);Sat Nov 16 2019 12:09:52 GMT+0100 (CET);1573906192000;0.8;179.67
1380556890909648;18.5;35.7;Sat Nov 16 2019 13:11:45 GMT+0100 (CET);Sat Nov 16 2019 12:11:45 GMT+0100 (CET);1573906305000;0.87;194.37
1380556890909648;18.5;35.7;Sat Nov 16 2019 13:14:10 GMT+0100 (CET);Sat Nov 16 2019 12:14:10 GMT+0100 (CET);1573906450000;0.86;190.48
1380556890909648;18.5;35.6;Sat Nov 16 2019 13:16:04 GMT+0100 (CET);Sat Nov 16 2019 12:16:04 GMT+0100 (CET);1573906564000;0.82;181.77
1380556890909648;18.5;35.8;Sat Nov 16 2019 13:17:57 GMT+0100 (CET);Sat Nov 16 2019 12:17:57 GMT+0100 (CET);1573906677000;0.75;172.57
1380556890909648;18.5;35.8;Sat Nov 16 2019 13:19:56 GMT+0100 (CET);Sat Nov 16 2019 12:19:56 GMT+0100 (CET);1573906796000;0.84;189.75
1380556890909648;18.5;35.8;Sat Nov 16 2019 13:21:49 GMT+0100 (CET);Sat Nov 16 2019 12:21:49 GMT+0100 (CET);1573906909000;0.85;189.28
1380556890909648;18.5;36.3;Sat Nov 16 2019 13:23:49 GMT+0100 (CET);Sat Nov 16 2019 12:23:49 GMT+0100 (CET);1573907029000;1.54;340.47
1380556890909648;18.5;36.7;Sat Nov 16 2019 13:25:42 GMT+0100 (CET);Sat Nov 16 2019 12:25:42 GMT+0100 (CET);1573907142000;2.1;453.11
1380556890909648;18.5;36.2;Sat Nov 16 2019 13:27:38 GMT+0100 (CET);Sat Nov 16 2019 12:27:38 GMT+0100 (CET);1573907258000;2.61;629.75
1380556890909648;18.5;36;Sat Nov 16 2019 13:29:34 GMT+0100 (CET);Sat Nov 16 2019 12:29:34 GMT+0100 (CET);1573907374000;1.95;442.87
1380556890909648;20.5;36;Sat Nov 16 2019 13:31:27 GMT+0100 (CET);Sat Nov 16 2019 12:31:27 GMT+0100 (CET);1573907487000;2.64;545.27
1380556890909648;20.5;36;Sat Nov 16 2019 13:33:24 GMT+0100 (CET);Sat Nov 16 2019 12:33:24 GMT+0100 (CET);1573907604000;2.71;568.31
1380556890909648;21;35.1;Sat Nov 16 2019 13:35:28 GMT+0100 (CET);Sat Nov 16 2019 12:35:28 GMT+0100 (CET);1573907728000;2.67;596.47
1380556890909648;21;34.7;Sat Nov 16 2019 13:37:23 GMT+0100 (CET);Sat Nov 16 2019 12:37:23 GMT+0100 (CET);1573907843000;2.48;555.51
1380556890909648;21;35;Sat Nov 16 2019 13:39:17 GMT+0100 (CET);Sat Nov 16 2019 12:39:17 GMT+0100 (CET);1573907957000;2.09;458.23
1380556890909648;21;33.8;Sat Nov 16 2019 13:41:11 GMT+0100 (CET);Sat Nov 16 2019 12:41:11 GMT+0100 (CET);1573908071000;1.07;224.36
1380556890909648;21;33.8;Sat Nov 16 2019 13:43:04 GMT+0100 (CET);Sat Nov 16 2019 12:43:04 GMT+0100 (CET);1573908184000;0.82;170.41
1380556890909648;24.5;33.9;Sat Nov 16 2019 13:45:04 GMT+0100 (CET);Sat Nov 16 2019 12:45:04 GMT+0100 (CET);1573908304000;0.73;154.28
1380556890909648;24.5;34;Sat Nov 16 2019 13:46:57 GMT+0100 (CET);Sat Nov 16 2019 12:46:57 GMT+0100 (CET);1573908417000;0.72;155.23
1380556890909648;24.5;34.1;Sat Nov 16 2019 13:48:57 GMT+0100 (CET);Sat Nov 16 2019 12:48:57 GMT+0100 (CET);1573908537000;1.13;234.71
1380556890909648;24.5;35.3;Sat Nov 16 2019 13:50:57 GMT+0100 (CET);Sat Nov 16 2019 12:50:57 GMT+0100 (CET);1573908657000;1.35;294.47
1380556890909648;24.5;34.9;Sat Nov 16 2019 13:52:49 GMT+0100 (CET);Sat Nov 16 2019 12:52:49 GMT+0100 (CET);1573908769000;1.07;240.9
1380556890909648;23;33.8;Sat Nov 16 2019 13:54:43 GMT+0100 (CET);Sat Nov 16 2019 12:54:43 GMT+0100 (CET);1573908883000;0.82;173.52
1380556890909648;23;33.7;Sat Nov 16 2019 13:56:35 GMT+0100 (CET);Sat Nov 16 2019 12:56:35 GMT+0100 (CET);1573908995000;0.55;114.82
1380556890909648;23;33.6;Sat Nov 16 2019 13:58:29 GMT+0100 (CET);Sat Nov 16 2019 12:58:29 GMT+0100 (CET);1573909109000;0.5;105
1380556890909648;23;33.5;Sat Nov 16 2019 14:00:21 GMT+0100 (CET);Sat Nov 16 2019 13:00:21 GMT+0100 (CET);1573909221000;0.46;96.54
1380556890909648;23;33.5;Sat Nov 16 2019 14:02:15 GMT+0100 (CET);Sat Nov 16 2019 13:02:15 GMT+0100 (CET);1573909335000;0.45;93.57
1380556890909648;20.5;33.5;Sat Nov 16 2019 14:04:09 GMT+0100 (CET);Sat Nov 16 2019 13:04:09 GMT+0100 (CET);1573909449000;0.43;88.01
1380556890909648;20.5;33.5;Sat Nov 16 2019 14:06:01 GMT+0100 (CET);Sat Nov 16 2019 13:06:01 GMT+0100 (CET);1573909561000;0.39;82.7
1380556890909648;20.5;33.5;Sat Nov 16 2019 14:07:54 GMT+0100 (CET);Sat Nov 16 2019 13:07:54 GMT+0100 (CET);1573909674000;0.38;80.03
1380556890909648;20.5;33.6;Sat Nov 16 2019 14:09:46 GMT+0100 (CET);Sat Nov 16 2019 13:09:46 GMT+0100 (CET);1573909786000;0.38;80.69
1380556890909648;20.5;33.8;Sat Nov 16 2019 14:11:48 GMT+0100 (CET);Sat Nov 16 2019 13:11:48 GMT+0100 (CET);1573909908000;0.39;82.8
1380556890909648;18.5;33.9;Sat Nov 16 2019 14:13:42 GMT+0100 (CET);Sat Nov 16 2019 13:13:42 GMT+0100 (CET);1573910022000;0.43;91.48
1380556890909648;18.5;34.1;Sat Nov 16 2019 14:15:35 GMT+0100 (CET);Sat Nov 16 2019 13:15:35 GMT+0100 (CET);1573910135000;0.5;107.86
1380556890909648;16.9;34.4;Sat Nov 16 2019 14:17:31 GMT+0100 (CET);Sat Nov 16 2019 13:17:31 GMT+0100 (CET);1573910251000;0.51;111.83
1380556890909648;16.9;34.5;Sat Nov 16 2019 14:20:02 GMT+0100 (CET);Sat Nov 16 2019 13:20:02 GMT+0100 (CET);1573910402000;0.48;104.62
1380556890909648;16.9;34.3;Sat Nov 16 2019 14:21:55 GMT+0100 (CET);Sat Nov 16 2019 13:21:55 GMT+0100 (CET);1573910515000;0.45;97.63
1380556890909648;16.9;34.3;Sat Nov 16 2019 14:23:52 GMT+0100 (CET);Sat Nov 16 2019 13:23:52 GMT+0100 (CET);1573910632000;0.4;88.83
1380556890909648;16.4;34.1;Sat Nov 16 2019 14:25:49 GMT+0100 (CET);Sat Nov 16 2019 13:25:49 GMT+0100 (CET);1573910749000;0.37;80.62
1380556890909648;16.4;33.9;Sat Nov 16 2019 14:27:44 GMT+0100 (CET);Sat Nov 16 2019 13:27:44 GMT+0100 (CET);1573910864000;0.35;77.04
1380556890909648;16.4;33.9;Sat Nov 16 2019 14:29:37 GMT+0100 (CET);Sat Nov 16 2019 13:29:37 GMT+0100 (CET);1573910977000;0.34;74.8
1380556890909648;16.4;34.1;Sat Nov 16 2019 14:31:33 GMT+0100 (CET);Sat Nov 16 2019 13:31:33 GMT+0100 (CET);1573911093000;0.35;78.65
1380556890909648;16.4;34.3;Sat Nov 16 2019 14:33:26 GMT+0100 (CET);Sat Nov 16 2019 13:33:26 GMT+0100 (CET);1573911206000;0.39;86.47
1380556890909648;16.4;34.6;Sat Nov 16 2019 14:36:09 GMT+0100 (CET);Sat Nov 16 2019 13:36:09 GMT+0100 (CET);1573911369000;0.45;100.82
1380556890909648;16.4;34.9;Sat Nov 16 2019 14:38:02 GMT+0100 (CET);Sat Nov 16 2019 13:38:02 GMT+0100 (CET);1573911482000;0.47;106.08
1380556890909648;16.4;35.1;Sat Nov 16 2019 14:40:04 GMT+0100 (CET);Sat Nov 16 2019 13:40:04 GMT+0100 (CET);1573911604000;0.67;160.08
1380556890909648;16.4;35.4;Sat Nov 16 2019 14:41:57 GMT+0100 (CET);Sat Nov 16 2019 13:41:57 GMT+0100 (CET);1573911717000;0.46;106.69
1380556890909648;16.4;35.4;Sat Nov 16 2019 14:43:53 GMT+0100 (CET);Sat Nov 16 2019 13:43:53 GMT+0100 (CET);1573911833000;0.45;103.05
1380556890909648;16.4;35.5;Sat Nov 16 2019 14:45:46 GMT+0100 (CET);Sat Nov 16 2019 13:45:46 GMT+0100 (CET);1573911946000;0.44;101.52
1380556890909648;16.4;35.6;Sat Nov 16 2019 14:47:43 GMT+0100 (CET);Sat Nov 16 2019 13:47:43 GMT+0100 (CET);1573912063000;0.42;98.65
1380556890909648;16.4;36.4;Sat Nov 16 2019 14:49:45 GMT+0100 (CET);Sat Nov 16 2019 13:49:45 GMT+0100 (CET);1573912185000;0.97;243.34
1380556890909648;16.4;36.4;Sat Nov 16 2019 14:51:48 GMT+0100 (CET);Sat Nov 16 2019 13:51:48 GMT+0100 (CET);1573912308000;1.09;279.66
1380556890909648;16.4;36.4;Sat Nov 16 2019 14:53:47 GMT+0100 (CET);Sat Nov 16 2019 13:53:47 GMT+0100 (CET);1573912427000;1.08;279.01
1380556890909648;16.4;36.5;Sat Nov 16 2019 14:55:43 GMT+0100 (CET);Sat Nov 16 2019 13:55:43 GMT+0100 (CET);1573912543000;1.13;288.58
1380556890909648;16.4;36.5;Sat Nov 16 2019 14:57:35 GMT+0100 (CET);Sat Nov 16 2019 13:57:35 GMT+0100 (CET);1573912655000;1.13;287.74
1380556890909648;16.9;36.3;Sat Nov 16 2019 14:59:37 GMT+0100 (CET);Sat Nov 16 2019 13:59:37 GMT+0100 (CET);1573912777000;1.08;275.03
1380556890909648;16.9;36.2;Sat Nov 16 2019 15:01:35 GMT+0100 (CET);Sat Nov 16 2019 14:01:35 GMT+0100 (CET);1573912895000;0.82;200.43
1380556890909648;16.9;35.4;Sat Nov 16 2019 15:03:37 GMT+0100 (CET);Sat Nov 16 2019 14:03:37 GMT+0100 (CET);1573913017000;0.79;195.54
1380556890909648;16.9;35;Sat Nov 16 2019 15:05:30 GMT+0100 (CET);Sat Nov 16 2019 14:05:30 GMT+0100 (CET);1573913130000;0.45;116.85
1380556890909648;16.9;34.2;Sat Nov 16 2019 15:07:23 GMT+0100 (CET);Sat Nov 16 2019 14:07:23 GMT+0100 (CET);1573913243000;0.25;53.73
1380556890909648;16.9;33.6;Sat Nov 16 2019 15:09:20 GMT+0100 (CET);Sat Nov 16 2019 14:09:20 GMT+0100 (CET);1573913360000;0.23;50.11
1380556890909648;16.9;33.4;Sat Nov 16 2019 15:11:15 GMT+0100 (CET);Sat Nov 16 2019 14:11:15 GMT+0100 (CET);1573913475000;0.2;42.55
1380556890909648;16.9;33.2;Sat Nov 16 2019 15:13:07 GMT+0100 (CET);Sat Nov 16 2019 14:13:07 GMT+0100 (CET);1573913587000;0.18;39.83
1380556890909648;16.4;33.1;Sat Nov 16 2019 15:15:04 GMT+0100 (CET);Sat Nov 16 2019 14:15:04 GMT+0100 (CET);1573913704000;0.17;37.53
1380556890909648;16.4;32.8;Sat Nov 16 2019 15:17:01 GMT+0100 (CET);Sat Nov 16 2019 14:17:01 GMT+0100 (CET);1573913821000;0.16;34.49
1380556890909648;16.4;32.8;Sat Nov 16 2019 15:18:59 GMT+0100 (CET);Sat Nov 16 2019 14:18:59 GMT+0100 (CET);1573913939000;0.15;33.77
1380556890909648;16.4;32.3;Sat Nov 16 2019 15:20:57 GMT+0100 (CET);Sat Nov 16 2019 14:20:57 GMT+0100 (CET);1573914057000;0.15;32.72
1380556890909648;16.4;32.2;Sat Nov 16 2019 15:22:59 GMT+0100 (CET);Sat Nov 16 2019 14:22:59 GMT+0100 (CET);1573914179000;0.15;33.63
1380556890909648;14.4;32.4;Sat Nov 16 2019 15:24:58 GMT+0100 (CET);Sat Nov 16 2019 14:24:58 GMT+0100 (CET);1573914298000;0.16;34.77
1380556890909648;14.4;32.2;Sat Nov 16 2019 15:26:51 GMT+0100 (CET);Sat Nov 16 2019 14:26:51 GMT+0100 (CET);1573914411000;0.15;33.62
1380556890909648;14.4;32.1;Sat Nov 16 2019 15:28:46 GMT+0100 (CET);Sat Nov 16 2019 14:28:46 GMT+0100 (CET);1573914526000;0.14;31.26
1380556890909648;14.4;31.9;Sat Nov 16 2019 15:30:44 GMT+0100 (CET);Sat Nov 16 2019 14:30:44 GMT+0100 (CET);1573914644000;0.13;29.04
1380556890909648;12.4;31.9;Sat Nov 16 2019 15:32:39 GMT+0100 (CET);Sat Nov 16 2019 14:32:39 GMT+0100 (CET);1573914759000;0.12;27.37
1380556890909648;12.4;31.6;Sat Nov 16 2019 15:34:32 GMT+0100 (CET);Sat Nov 16 2019 14:34:32 GMT+0100 (CET);1573914872000;0.12;25.57
1380556890909648;12.4;31.3;Sat Nov 16 2019 15:36:24 GMT+0100 (CET);Sat Nov 16 2019 14:36:24 GMT+0100 (CET);1573914984000;0.11;24.16
1380556890909648;9.9;31.3;Sat Nov 16 2019 15:38:23 GMT+0100 (CET);Sat Nov 16 2019 14:38:23 GMT+0100 (CET);1573915103000;0.1;22.28
1380556890909648;9.9;31.2;Sat Nov 16 2019 15:40:17 GMT+0100 (CET);Sat Nov 16 2019 14:40:17 GMT+0100 (CET);1573915217000;0.09;19.67
1380556890909648;9.9;31;Sat Nov 16 2019 15:42:10 GMT+0100 (CET);Sat Nov 16 2019 14:42:10 GMT+0100 (CET);1573915330000;0.07;17.5
1380556890909648;9.9;30.7;Sat Nov 16 2019 15:44:02 GMT+0100 (CET);Sat Nov 16 2019 14:44:02 GMT+0100 (CET);1573915442000;0.07;15.66
1380556890909648;9.9;30.1;Sat Nov 16 2019 15:46:16 GMT+0100 (CET);Sat Nov 16 2019 14:46:16 GMT+0100 (CET);1573915576000;0.07;16.06
1380556890909648;9.9;29.7;Sat Nov 16 2019 15:48:09 GMT+0100 (CET);Sat Nov 16 2019 14:48:09 GMT+0100 (CET);1573915689000;0.07;15.65
1380556890909648;9.9;30;Sat Nov 16 2019 15:50:06 GMT+0100 (CET);Sat Nov 16 2019 14:50:06 GMT+0100 (CET);1573915806000;0;13.65
1380556890909648;8.9;29.8;Sat Nov 16 2019 15:51:59 GMT+0100 (CET);Sat Nov 16 2019 14:51:59 GMT+0100 (CET);1573915919000;0;11.91
1380556890909648;8.9;29.3;Sat Nov 16 2019 15:54:07 GMT+0100 (CET);Sat Nov 16 2019 14:54:07 GMT+0100 (CET);1573916047000;0;11.46
1380556890909648;8.9;29;Sat Nov 16 2019 15:55:59 GMT+0100 (CET);Sat Nov 16 2019 14:55:59 GMT+0100 (CET);1573916159000;0;10.74
1380556890909648;8.9;28.4;Sat Nov 16 2019 15:57:52 GMT+0100 (CET);Sat Nov 16 2019 14:57:52 GMT+0100 (CET);1573916272000;0;9.83
1380556890909648;8.9;28.3;Sat Nov 16 2019 15:59:45 GMT+0100 (CET);Sat Nov 16 2019 14:59:45 GMT+0100 (CET);1573916385000;0;8.21
1380556890909648;8.9;27.5;Sat Nov 16 2019 16:01:58 GMT+0100 (CET);Sat Nov 16 2019 15:01:58 GMT+0100 (CET);1573916518000;0;8.73
1380556890909648;8.9;27.2;Sat Nov 16 2019 16:03:53 GMT+0100 (CET);Sat Nov 16 2019 15:03:53 GMT+0100 (CET);1573916633000;0;9.06
1380556890909648;8.4;27.6;Sat Nov 16 2019 16:05:45 GMT+0100 (CET);Sat Nov 16 2019 15:05:45 GMT+0100 (CET);1573916745000;0;9.3
1380556890909648;8.4;27.6;Sat Nov 16 2019 16:07:39 GMT+0100 (CET);Sat Nov 16 2019 15:07:39 GMT+0100 (CET);1573916859000;0;8.84
1380556890909648;8.4;27.4;Sat Nov 16 2019 16:09:38 GMT+0100 (CET);Sat Nov 16 2019 15:09:38 GMT+0100 (CET);1573916978000;0;7.71
1380556890909648;8.4;27.7;Sat Nov 16 2019 16:11:35 GMT+0100 (CET);Sat Nov 16 2019 15:11:35 GMT+0100 (CET);1573917095000;0;7.98
1380556890909648;8.4;27.6;Sat Nov 16 2019 16:13:28 GMT+0100 (CET);Sat Nov 16 2019 15:13:28 GMT+0100 (CET);1573917208000;0;7.62
1380556890909648;8.4;29.8;Sat Nov 16 2019 16:15:26 GMT+0100 (CET);Sat Nov 16 2019 15:15:26 GMT+0100 (CET);1573917326000;0;6.69
1380556890909648;8.4;33.5;Sat Nov 16 2019 16:17:20 GMT+0100 (CET);Sat Nov 16 2019 15:17:20 GMT+0100 (CET);1573917440000;0;6.55
1380556890909648;8.9;32.6;Sat Nov 16 2019 16:19:18 GMT+0100 (CET);Sat Nov 16 2019 15:19:18 GMT+0100 (CET);1573917558000;0;6.07
1380556890909648;8.9;33.2;Sat Nov 16 2019 16:21:10 GMT+0100 (CET);Sat Nov 16 2019 15:21:10 GMT+0100 (CET);1573917670000;0;5.75
1380556890909648;8.9;33.2;Sat Nov 16 2019 16:23:04 GMT+0100 (CET);Sat Nov 16 2019 15:23:04 GMT+0100 (CET);1573917784000;0;5.19
1380556890909648;8.9;30.2;Sat Nov 16 2019 16:25:00 GMT+0100 (CET);Sat Nov 16 2019 15:25:00 GMT+0100 (CET);1573917900000;0;4.24
1380556890909648;8.9;32.4;Sat Nov 16 2019 16:26:53 GMT+0100 (CET);Sat Nov 16 2019 15:26:53 GMT+0100 (CET);1573918013000;0;3.42
1380556890909648;8.4;22.8;Sat Nov 16 2019 16:28:46 GMT+0100 (CET);Sat Nov 16 2019 15:28:46 GMT+0100 (CET);1573918126000;0;2.88
1380556890909648;8.4;29.5;Sat Nov 16 2019 16:30:41 GMT+0100 (CET);Sat Nov 16 2019 15:30:41 GMT+0100 (CET);1573918241000;0;2.39
1380556890909648;8.4;29.5;Sat Nov 16 2019 16:32:35 GMT+0100 (CET);Sat Nov 16 2019 15:32:35 GMT+0100 (CET);1573918355000;0;2.12
1380556890909648;8.4;21.7;Sat Nov 16 2019 16:34:32 GMT+0100 (CET);Sat Nov 16 2019 15:34:32 GMT+0100 (CET);1573918472000;0;1.77
1380556890909648;8.4;21.7;Sat Nov 16 2019 16:36:25 GMT+0100 (CET);Sat Nov 16 2019 15:36:25 GMT+0100 (CET);1573918585000;0;1.37
1380556890909648;8.4;21.7;Sat Nov 16 2019 16:38:18 GMT+0100 (CET);Sat Nov 16 2019 15:38:18 GMT+0100 (CET);1573918698000;0;0.63
1380556890909648;0.8;31.5;Sun Nov 17 2019 08:03:06 GMT+0100 (CET);Sun Nov 17 2019 07:03:06 GMT+0100 (CET);1573974186000;0;4.08
1380556890909648;2.8;32.3;Sun Nov 17 2019 08:05:07 GMT+0100 (CET);Sun Nov 17 2019 07:05:07 GMT+0100 (CET);1573974307000;0;4.46
1380556890909648;2.8;32.8;Sun Nov 17 2019 08:07:01 GMT+0100 (CET);Sun Nov 17 2019 07:07:01 GMT+0100 (CET);1573974421000;0;5.29
1380556890909648;2.8;31.3;Sun Nov 17 2019 08:08:56 GMT+0100 (CET);Sun Nov 17 2019 07:08:56 GMT+0100 (CET);1573974536000;0;6.3
1380556890909648;4.9;34.4;Sun Nov 17 2019 08:10:48 GMT+0100 (CET);Sun Nov 17 2019 07:10:48 GMT+0100 (CET);1573974648000;0;7.17
1380556890909648;4.9;28.5;Sun Nov 17 2019 08:12:41 GMT+0100 (CET);Sun Nov 17 2019 07:12:41 GMT+0100 (CET);1573974761000;0;8.34
1380556890909648;4.9;28.2;Sun Nov 17 2019 08:14:39 GMT+0100 (CET);Sun Nov 17 2019 07:14:39 GMT+0100 (CET);1573974879000;0;10.85
1380556890909648;4.4;28.6;Sun Nov 17 2019 08:16:32 GMT+0100 (CET);Sun Nov 17 2019 07:16:32 GMT+0100 (CET);1573974992000;0.07;14.65
1380556890909648;4.4;28.6;Sun Nov 17 2019 08:18:48 GMT+0100 (CET);Sun Nov 17 2019 07:18:48 GMT+0100 (CET);1573975128000;0.11;20.71
1380556890909648;4.4;30.7;Sun Nov 17 2019 08:20:41 GMT+0100 (CET);Sun Nov 17 2019 07:20:41 GMT+0100 (CET);1573975241000;0.12;23.2
1380556890909648;4.4;31.9;Sun Nov 17 2019 08:22:36 GMT+0100 (CET);Sun Nov 17 2019 07:22:36 GMT+0100 (CET);1573975356000;0.13;25.9
1380556890909648;4.4;32.7;Sun Nov 17 2019 08:24:29 GMT+0100 (CET);Sun Nov 17 2019 07:24:29 GMT+0100 (CET);1573975469000;0.13;27.58
1380556890909648;4.9;32.9;Sun Nov 17 2019 08:26:21 GMT+0100 (CET);Sun Nov 17 2019 07:26:21 GMT+0100 (CET);1573975581000;0.17;33.66
1380556890909648;4.9;32.8;Sun Nov 17 2019 08:28:16 GMT+0100 (CET);Sun Nov 17 2019 07:28:16 GMT+0100 (CET);1573975696000;0.2;38.81
1380556890909648;6.4;33.6;Sun Nov 17 2019 08:30:12 GMT+0100 (CET);Sun Nov 17 2019 07:30:12 GMT+0100 (CET);1573975812000;0.2;39.28
1380556890909648;6.4;33.6;Sun Nov 17 2019 08:32:13 GMT+0100 (CET);Sun Nov 17 2019 07:32:13 GMT+0100 (CET);1573975933000;0.17;34.06
1380556890909648;6.4;33.6;Sun Nov 17 2019 08:34:21 GMT+0100 (CET);Sun Nov 17 2019 07:34:21 GMT+0100 (CET);1573976061000;0.14;29.54
1380556890909648;6.4;32.9;Sun Nov 17 2019 08:36:13 GMT+0100 (CET);Sun Nov 17 2019 07:36:13 GMT+0100 (CET);1573976173000;0.13;27.44
1380556890909648;6.4;32.7;Sun Nov 17 2019 08:38:08 GMT+0100 (CET);Sun Nov 17 2019 07:38:08 GMT+0100 (CET);1573976288000;0.13;27.69
1380556890909648;6.4;32.8;Sun Nov 17 2019 08:40:29 GMT+0100 (CET);Sun Nov 17 2019 07:40:29 GMT+0100 (CET);1573976429000;0.16;31.04
1380556890909648;6.4;33;Sun Nov 17 2019 08:42:22 GMT+0100 (CET);Sun Nov 17 2019 07:42:22 GMT+0100 (CET);1573976542000;0.18;36.37
1380556890909648;6.9;32.9;Sun Nov 17 2019 08:44:15 GMT+0100 (CET);Sun Nov 17 2019 07:44:15 GMT+0100 (CET);1573976655000;0.2;40.67
1380556890909648;6.9;33.6;Sun Nov 17 2019 08:46:08 GMT+0100 (CET);Sun Nov 17 2019 07:46:08 GMT+0100 (CET);1573976768000;0.21;41.52
1380556890909648;6.9;33.8;Sun Nov 17 2019 08:48:15 GMT+0100 (CET);Sun Nov 17 2019 07:48:15 GMT+0100 (CET);1573976895000;0.27;53.81
1380556890909648;6.9;33.8;Sun Nov 17 2019 08:50:15 GMT+0100 (CET);Sun Nov 17 2019 07:50:15 GMT+0100 (CET);1573977015000;0.29;57.4
1380556890909648;6.9;34.1;Sun Nov 17 2019 08:52:08 GMT+0100 (CET);Sun Nov 17 2019 07:52:08 GMT+0100 (CET);1573977128000;0.3;61.02
1380556890909648;6.9;34.1;Sun Nov 17 2019 08:54:06 GMT+0100 (CET);Sun Nov 17 2019 07:54:06 GMT+0100 (CET);1573977246000;0.29;58.36
1380556890909648;6.9;34;Sun Nov 17 2019 08:56:04 GMT+0100 (CET);Sun Nov 17 2019 07:56:04 GMT+0100 (CET);1573977364000;0.28;55.46
1380556890909648;6.9;34;Sun Nov 17 2019 08:58:02 GMT+0100 (CET);Sun Nov 17 2019 07:58:02 GMT+0100 (CET);1573977482000;0.25;49.59
1380556890909648;6.9;34;Sun Nov 17 2019 09:00:00 GMT+0100 (CET);Sun Nov 17 2019 08:00:00 GMT+0100 (CET);1573977600000;0.23;45.29
1380556890909648;6.9;33.7;Sun Nov 17 2019 09:02:14 GMT+0100 (CET);Sun Nov 17 2019 08:02:14 GMT+0100 (CET);1573977734000;0.24;45.78
1380556890909648;6.9;33.6;Sun Nov 17 2019 09:04:11 GMT+0100 (CET);Sun Nov 17 2019 08:04:11 GMT+0100 (CET);1573977851000;0.21;41.14
1380556890909648;6.9;33.6;Sun Nov 17 2019 09:06:04 GMT+0100 (CET);Sun Nov 17 2019 08:06:04 GMT+0100 (CET);1573977964000;0.23;45.06
1380556890909648;6.9;33.5;Sun Nov 17 2019 09:08:34 GMT+0100 (CET);Sun Nov 17 2019 08:08:34 GMT+0100 (CET);1573978114000;0.25;51.59
1380556890909648;6.9;33.5;Sun Nov 17 2019 09:10:35 GMT+0100 (CET);Sun Nov 17 2019 08:10:35 GMT+0100 (CET);1573978235000;0.23;45.87
1380556890909648;6.9;33.4;Sun Nov 17 2019 09:12:28 GMT+0100 (CET);Sun Nov 17 2019 08:12:28 GMT+0100 (CET);1573978348000;0.22;43.59
1380556890909648;6.9;33.4;Sun Nov 17 2019 09:14:21 GMT+0100 (CET);Sun Nov 17 2019 08:14:21 GMT+0100 (CET);1573978461000;0.22;46.03
1380556890909648;6.9;33.5;Sun Nov 17 2019 09:16:22 GMT+0100 (CET);Sun Nov 17 2019 08:16:22 GMT+0100 (CET);1573978582000;0.27;54.61
1380556890909648;8.4;33.6;Sun Nov 17 2019 09:18:19 GMT+0100 (CET);Sun Nov 17 2019 08:18:19 GMT+0100 (CET);1573978699000;0.34;70.1
1380556890909648;8.4;34.1;Sun Nov 17 2019 09:20:13 GMT+0100 (CET);Sun Nov 17 2019 08:20:13 GMT+0100 (CET);1573978813000;0.3;61.43
1380556890909648;8.4;34;Sun Nov 17 2019 09:22:10 GMT+0100 (CET);Sun Nov 17 2019 08:22:10 GMT+0100 (CET);1573978930000;0.26;55.34
1380556890909648;8.4;34;Sun Nov 17 2019 09:24:42 GMT+0100 (CET);Sun Nov 17 2019 08:24:42 GMT+0100 (CET);1573979082000;0.25;51.22
1380556890909648;8.4;33.8;Sun Nov 17 2019 09:26:39 GMT+0100 (CET);Sun Nov 17 2019 08:26:39 GMT+0100 (CET);1573979199000;0.24;50
1380556890909648;8.4;33.6;Sun Nov 17 2019 09:28:33 GMT+0100 (CET);Sun Nov 17 2019 08:28:33 GMT+0100 (CET);1573979313000;0.24;49.05
1380556890909648;8.4;33.8;Sun Nov 17 2019 09:30:26 GMT+0100 (CET);Sun Nov 17 2019 08:30:26 GMT+0100 (CET);1573979426000;0.23;48.43
1380556890909648;8.4;33.6;Sun Nov 17 2019 09:32:37 GMT+0100 (CET);Sun Nov 17 2019 08:32:37 GMT+0100 (CET);1573979557000;0.23;47.7
1380556890909648;8.4;33.5;Sun Nov 17 2019 09:34:54 GMT+0100 (CET);Sun Nov 17 2019 08:34:54 GMT+0100 (CET);1573979694000;0.25;53.3
1380556890909648;8.4;33.6;Sun Nov 17 2019 09:36:47 GMT+0100 (CET);Sun Nov 17 2019 08:36:47 GMT+0100 (CET);1573979807000;0.32;64.77
1380556890909648;8.4;34.2;Sun Nov 17 2019 09:38:41 GMT+0100 (CET);Sun Nov 17 2019 08:38:41 GMT+0100 (CET);1573979921000;0.35;71.68
1380556890909648;8.4;34.3;Sun Nov 17 2019 09:40:47 GMT+0100 (CET);Sun Nov 17 2019 08:40:47 GMT+0100 (CET);1573980047000;0.34;71.24
1380556890909648;8.4;34.4;Sun Nov 17 2019 09:42:40 GMT+0100 (CET);Sun Nov 17 2019 08:42:40 GMT+0100 (CET);1573980160000;0.35;73.75
1380556890909648;8.4;34.2;Sun Nov 17 2019 09:44:36 GMT+0100 (CET);Sun Nov 17 2019 08:44:36 GMT+0100 (CET);1573980276000;0.32;67.57
1380556890909648;8.4;34.2;Sun Nov 17 2019 09:46:29 GMT+0100 (CET);Sun Nov 17 2019 08:46:29 GMT+0100 (CET);1573980389000;0.28;58.81
1380556890909648;8.4;33.9;Sun Nov 17 2019 09:48:47 GMT+0100 (CET);Sun Nov 17 2019 08:48:47 GMT+0100 (CET);1573980527000;0.27;55.54
1380556890909648;8.4;33.8;Sun Nov 17 2019 09:50:39 GMT+0100 (CET);Sun Nov 17 2019 08:50:39 GMT+0100 (CET);1573980639000;0.26;52.88
1380556890909648;8.4;33.7;Sun Nov 17 2019 09:52:36 GMT+0100 (CET);Sun Nov 17 2019 08:52:36 GMT+0100 (CET);1573980756000;0.27;54.43
1380556890909648;8.4;33.7;Sun Nov 17 2019 09:54:36 GMT+0100 (CET);Sun Nov 17 2019 08:54:36 GMT+0100 (CET);1573980876000;0.25;51.76
1380556890909648;8.9;33.4;Sun Nov 17 2019 09:56:46 GMT+0100 (CET);Sun Nov 17 2019 08:56:46 GMT+0100 (CET);1573981006000;0.24;50.4
1380556890909648;8.9;33.5;Sun Nov 17 2019 09:58:39 GMT+0100 (CET);Sun Nov 17 2019 08:58:39 GMT+0100 (CET);1573981119000;0.27;54.06
1380556890909648;8.9;33.8;Sun Nov 17 2019 10:00:38 GMT+0100 (CET);Sun Nov 17 2019 09:00:38 GMT+0100 (CET);1573981238000;0.28;56.77
1380556890909648;8.9;33.7;Sun Nov 17 2019 10:02:33 GMT+0100 (CET);Sun Nov 17 2019 09:02:33 GMT+0100 (CET);1573981353000;0.28;57.22
1380556890909648;8.9;33.7;Sun Nov 17 2019 10:04:56 GMT+0100 (CET);Sun Nov 17 2019 09:04:56 GMT+0100 (CET);1573981496000;0.23;48.98
1380556890909648;8.9;33.3;Sun Nov 17 2019 10:06:56 GMT+0100 (CET);Sun Nov 17 2019 09:06:56 GMT+0100 (CET);1573981616000;0.26;55.12
1380556890909648;8.9;33.6;Sun Nov 17 2019 10:08:50 GMT+0100 (CET);Sun Nov 17 2019 09:08:50 GMT+0100 (CET);1573981730000;0.29;61.56
1380556890909648;8.4;33.7;Sun Nov 17 2019 10:11:11 GMT+0100 (CET);Sun Nov 17 2019 09:11:11 GMT+0100 (CET);1573981871000;0.3;62.96
1380556890909648;8.4;33.9;Sun Nov 17 2019 10:13:09 GMT+0100 (CET);Sun Nov 17 2019 09:13:09 GMT+0100 (CET);1573981989000;0.31;63.83
1380556890909648;8.9;33.8;Sun Nov 17 2019 10:15:02 GMT+0100 (CET);Sun Nov 17 2019 09:15:02 GMT+0100 (CET);1573982102000;0.3;61.29
1380556890909648;8.9;33.8;Sun Nov 17 2019 10:16:55 GMT+0100 (CET);Sun Nov 17 2019 09:16:55 GMT+0100 (CET);1573982215000;0.31;63.86
1380556890909648;8.9;33.9;Sun Nov 17 2019 10:19:38 GMT+0100 (CET);Sun Nov 17 2019 09:19:38 GMT+0100 (CET);1573982378000;0.33;68.04
1380556890909648;8.9;33.8;Sun Nov 17 2019 10:21:36 GMT+0100 (CET);Sun Nov 17 2019 09:21:36 GMT+0100 (CET);1573982496000;0.41;84.02
1380556890909648;8.9;34.3;Sun Nov 17 2019 10:23:29 GMT+0100 (CET);Sun Nov 17 2019 09:23:29 GMT+0100 (CET);1573982609000;0.35;73.12
1380556890909648;9.9;34;Sun Nov 17 2019 10:25:23 GMT+0100 (CET);Sun Nov 17 2019 09:25:23 GMT+0100 (CET);1573982723000;0.33;68.34
1380556890909648;9.9;34.2;Sun Nov 17 2019 10:27:24 GMT+0100 (CET);Sun Nov 17 2019 09:27:24 GMT+0100 (CET);1573982844000;0.37;77.4
1380556890909648;9.9;34.3;Sun Nov 17 2019 10:29:19 GMT+0100 (CET);Sun Nov 17 2019 09:29:19 GMT+0100 (CET);1573982959000;0.42;86.3
1380556890909648;9.9;34.4;Sun Nov 17 2019 10:31:12 GMT+0100 (CET);Sun Nov 17 2019 09:31:12 GMT+0100 (CET);1573983072000;0.47;96.12
1380556890909648;9.9;34.7;Sun Nov 17 2019 10:33:05 GMT+0100 (CET);Sun Nov 17 2019 09:33:05 GMT+0100 (CET);1573983185000;0.46;93.92
1380556890909648;9.9;34.5;Sun Nov 17 2019 10:35:19 GMT+0100 (CET);Sun Nov 17 2019 09:35:19 GMT+0100 (CET);1573983319000;0.45;91.01
1380556890909648;9.9;35.1;Sun Nov 17 2019 10:37:46 GMT+0100 (CET);Sun Nov 17 2019 09:37:46 GMT+0100 (CET);1573983466000;0.43;87.95
1380556890909648;9.9;34.9;Sun Nov 17 2019 10:39:38 GMT+0100 (CET);Sun Nov 17 2019 09:39:38 GMT+0100 (CET);1573983578000;0.48;99.04
1380556890909648;9.9;35.3;Sun Nov 17 2019 10:41:34 GMT+0100 (CET);Sun Nov 17 2019 09:41:34 GMT+0100 (CET);1573983694000;0.48;100.1
1380556890909648;9.9;35.3;Sun Nov 17 2019 10:43:45 GMT+0100 (CET);Sun Nov 17 2019 09:43:45 GMT+0100 (CET);1573983825000;0.52;107.83
1380556890909648;9.9;35.4;Sun Nov 17 2019 10:45:42 GMT+0100 (CET);Sun Nov 17 2019 09:45:42 GMT+0100 (CET);1573983942000;0.49;102.34
1380556890909648;12.4;35.2;Sun Nov 17 2019 10:47:36 GMT+0100 (CET);Sun Nov 17 2019 09:47:36 GMT+0100 (CET);1573984056000;0.48;100.3
1380556890909648;12.4;35;Sun Nov 17 2019 10:49:28 GMT+0100 (CET);Sun Nov 17 2019 09:49:28 GMT+0100 (CET);1573984168000;0.41;85.61
1380556890909648;12.4;34.7;Sun Nov 17 2019 10:51:48 GMT+0100 (CET);Sun Nov 17 2019 09:51:48 GMT+0100 (CET);1573984308000;0.47;96.6
1380556890909648;12.4;35;Sun Nov 17 2019 10:54:02 GMT+0100 (CET);Sun Nov 17 2019 09:54:02 GMT+0100 (CET);1573984442000;0.43;91.11
1380556890909648;12.4;34.9;Sun Nov 17 2019 10:55:56 GMT+0100 (CET);Sun Nov 17 2019 09:55:56 GMT+0100 (CET);1573984556000;0.46;96.19
1380556890909648;12.4;34.8;Sun Nov 17 2019 10:58:16 GMT+0100 (CET);Sun Nov 17 2019 09:58:16 GMT+0100 (CET);1573984696000;0.45;96.36
1380556890909648;12.4;35;Sun Nov 17 2019 11:00:15 GMT+0100 (CET);Sun Nov 17 2019 10:00:15 GMT+0100 (CET);1573984815000;0.49;106.14
1380556890909648;12.4;35.2;Sun Nov 17 2019 11:02:08 GMT+0100 (CET);Sun Nov 17 2019 10:02:08 GMT+0100 (CET);1573984928000;0.57;123.42
1380556890909648;12.4;35.3;Sun Nov 17 2019 11:04:07 GMT+0100 (CET);Sun Nov 17 2019 10:04:07 GMT+0100 (CET);1573985047000;0.46;101.73
1380556890909648;12.9;35.2;Sun Nov 17 2019 11:06:32 GMT+0100 (CET);Sun Nov 17 2019 10:06:32 GMT+0100 (CET);1573985192000;0.38;83.24
1380556890909648;12.9;34.1;Sun Nov 17 2019 11:08:32 GMT+0100 (CET);Sun Nov 17 2019 10:08:32 GMT+0100 (CET);1573985312000;0.43;92.38
1380556890909648;12.4;34.3;Sun Nov 17 2019 11:10:26 GMT+0100 (CET);Sun Nov 17 2019 10:10:26 GMT+0100 (CET);1573985426000;0.43;90.14
1380556890909648;12.4;34.1;Sun Nov 17 2019 11:12:25 GMT+0100 (CET);Sun Nov 17 2019 10:12:25 GMT+0100 (CET);1573985545000;0.39;81.48
1380556890909648;12.4;34;Sun Nov 17 2019 11:14:56 GMT+0100 (CET);Sun Nov 17 2019 10:14:56 GMT+0100 (CET);1573985696000;0.39;81.5
1380556890909648;12.4;34.1;Sun Nov 17 2019 11:16:53 GMT+0100 (CET);Sun Nov 17 2019 10:16:53 GMT+0100 (CET);1573985813000;0.43;87.71
1380556890909648;12.4;34.1;Sun Nov 17 2019 11:18:46 GMT+0100 (CET);Sun Nov 17 2019 10:18:46 GMT+0100 (CET);1573985926000;0.41;84.88
1380556890909648;12.9;34.1;Sun Nov 17 2019 11:20:39 GMT+0100 (CET);Sun Nov 17 2019 10:20:39 GMT+0100 (CET);1573986039000;0.37;75.66
1380556890909648;12.9;33.9;Sun Nov 17 2019 11:23:32 GMT+0100 (CET);Sun Nov 17 2019 10:23:32 GMT+0100 (CET);1573986212000;0.36;73.04
1380556890909648;12.4;33.8;Sun Nov 17 2019 11:25:27 GMT+0100 (CET);Sun Nov 17 2019 10:25:27 GMT+0100 (CET);1573986327000;0.35;69.71
1380556890909648;12.4;33.7;Sun Nov 17 2019 11:27:24 GMT+0100 (CET);Sun Nov 17 2019 10:27:24 GMT+0100 (CET);1573986444000;0.32;64.43
1380556890909648;12.4;33.5;Sun Nov 17 2019 11:29:43 GMT+0100 (CET);Sun Nov 17 2019 10:29:43 GMT+0100 (CET);1573986583000;0.33;65.54
1380556890909648;12.4;33.8;Sun Nov 17 2019 11:31:45 GMT+0100 (CET);Sun Nov 17 2019 10:31:45 GMT+0100 (CET);1573986705000;0.34;67.85
1380556890909648;12.4;33.8;Sun Nov 17 2019 11:33:38 GMT+0100 (CET);Sun Nov 17 2019 10:33:38 GMT+0100 (CET);1573986818000;0.34;68.54
1380556890909648;12.4;33.8;Sun Nov 17 2019 11:35:37 GMT+0100 (CET);Sun Nov 17 2019 10:35:37 GMT+0100 (CET);1573986937000;0.33;66.74
1380556890909648;12.4;33.8;Sun Nov 17 2019 11:37:51 GMT+0100 (CET);Sun Nov 17 2019 10:37:51 GMT+0100 (CET);1573987071000;0.33;67.03
1380556890909648;12.4;33.8;Sun Nov 17 2019 11:39:50 GMT+0100 (CET);Sun Nov 17 2019 10:39:50 GMT+0100 (CET);1573987190000;0.35;70.4
1380556890909648;12.4;33.8;Sun Nov 17 2019 11:41:43 GMT+0100 (CET);Sun Nov 17 2019 10:41:43 GMT+0100 (CET);1573987303000;0.35;71.79
1380556890909648;12.4;34;Sun Nov 17 2019 11:43:49 GMT+0100 (CET);Sun Nov 17 2019 10:43:49 GMT+0100 (CET);1573987429000;0.4;80.37
1380556890909648;12.4;34.1;Sun Nov 17 2019 11:45:42 GMT+0100 (CET);Sun Nov 17 2019 10:45:42 GMT+0100 (CET);1573987542000;0.41;82.35
1380556890909648;12.9;34.1;Sun Nov 17 2019 11:47:35 GMT+0100 (CET);Sun Nov 17 2019 10:47:35 GMT+0100 (CET);1573987655000;0.41;83.01
1380556890909648;12.9;34.2;Sun Nov 17 2019 11:49:33 GMT+0100 (CET);Sun Nov 17 2019 10:49:33 GMT+0100 (CET);1573987773000;0.39;79.04
1380556890909648;12.9;33.9;Sun Nov 17 2019 11:51:27 GMT+0100 (CET);Sun Nov 17 2019 10:51:27 GMT+0100 (CET);1573987887000;0.39;78.16
1380556890909648;12.4;33.9;Sun Nov 17 2019 11:53:20 GMT+0100 (CET);Sun Nov 17 2019 10:53:20 GMT+0100 (CET);1573988000000;0.43;87.01
1380556890909648;12.4;34.3;Sun Nov 17 2019 11:55:22 GMT+0100 (CET);Sun Nov 17 2019 10:55:22 GMT+0100 (CET);1573988122000;0.44;91.01
1380556890909648;11.9;34.4;Sun Nov 17 2019 11:57:36 GMT+0100 (CET);Sun Nov 17 2019 10:57:36 GMT+0100 (CET);1573988256000;0.46;94
1380556890909648;11.9;34.7;Sun Nov 17 2019 11:59:55 GMT+0100 (CET);Sun Nov 17 2019 10:59:55 GMT+0100 (CET);1573988395000;0.47;96.85
1380556890909648;12.9;34.4;Sun Nov 17 2019 12:01:47 GMT+0100 (CET);Sun Nov 17 2019 11:01:47 GMT+0100 (CET);1573988507000;0.48;99.72
1380556890909648;12.9;34.8;Sun Nov 17 2019 12:03:46 GMT+0100 (CET);Sun Nov 17 2019 11:03:46 GMT+0100 (CET);1573988626000;0.5;102.66
1380556890909648;12.9;34.8;Sun Nov 17 2019 12:05:49 GMT+0100 (CET);Sun Nov 17 2019 11:05:49 GMT+0100 (CET);1573988749000;0.48;99.74
1380556890909648;12.9;34.8;Sun Nov 17 2019 12:07:48 GMT+0100 (CET);Sun Nov 17 2019 11:07:48 GMT+0100 (CET);1573988868000;0.46;94.27
1380556890909648;12.9;34.8;Sun Nov 17 2019 12:09:43 GMT+0100 (CET);Sun Nov 17 2019 11:09:43 GMT+0100 (CET);1573988983000;0.42;85.11
1380556890909648;12.9;34.5;Sun Nov 17 2019 12:11:58 GMT+0100 (CET);Sun Nov 17 2019 11:11:58 GMT+0100 (CET);1573989118000;0.39;78.65
1380556890909648;12.9;34.3;Sun Nov 17 2019 12:13:51 GMT+0100 (CET);Sun Nov 17 2019 11:13:51 GMT+0100 (CET);1573989231000;0.37;73.51
1380556890909648;12.9;34;Sun Nov 17 2019 12:15:48 GMT+0100 (CET);Sun Nov 17 2019 11:15:48 GMT+0100 (CET);1573989348000;0.35;68.65
1380556890909648;12.9;33.8;Sun Nov 17 2019 12:18:18 GMT+0100 (CET);Sun Nov 17 2019 11:18:18 GMT+0100 (CET);1573989498000;0.32;63.95
1380556890909648;12.9;33.6;Sun Nov 17 2019 12:20:28 GMT+0100 (CET);Sun Nov 17 2019 11:20:28 GMT+0100 (CET);1573989628000;0.31;60.53
1380556890909648;12.9;33.6;Sun Nov 17 2019 12:22:36 GMT+0100 (CET);Sun Nov 17 2019 11:22:36 GMT+0100 (CET);1573989756000;0.31;61.56
1380556890909648;12.9;33.7;Sun Nov 17 2019 12:24:36 GMT+0100 (CET);Sun Nov 17 2019 11:24:36 GMT+0100 (CET);1573989876000;0.32;63.47
1380556890909648;11.9;33.6;Sun Nov 17 2019 12:26:56 GMT+0100 (CET);Sun Nov 17 2019 11:26:56 GMT+0100 (CET);1573990016000;0.33;63.94
1380556890909648;11.9;33.7;Sun Nov 17 2019 12:28:58 GMT+0100 (CET);Sun Nov 17 2019 11:28:58 GMT+0100 (CET);1573990138000;0.33;64.41
1380556890909648;12.9;33.7;Sun Nov 17 2019 12:30:53 GMT+0100 (CET);Sun Nov 17 2019 11:30:53 GMT+0100 (CET);1573990253000;0.34;65.76
1380556890909648;12.9;33.7;Sun Nov 17 2019 12:32:53 GMT+0100 (CET);Sun Nov 17 2019 11:32:53 GMT+0100 (CET);1573990373000;0.34;66.55
1380556890909648;12.9;33.7;Sun Nov 17 2019 12:35:12 GMT+0100 (CET);Sun Nov 17 2019 11:35:12 GMT+0100 (CET);1573990512000;0.34;66.41
1380556890909648;12.9;33.7;Sun Nov 17 2019 12:37:15 GMT+0100 (CET);Sun Nov 17 2019 11:37:15 GMT+0100 (CET);1573990635000;0.34;66.88
1380556890909648;12.4;33.7;Sun Nov 17 2019 12:39:22 GMT+0100 (CET);Sun Nov 17 2019 11:39:22 GMT+0100 (CET);1573990762000;0.34;66.8
1380556890909648;12.4;33.8;Sun Nov 17 2019 12:41:40 GMT+0100 (CET);Sun Nov 17 2019 11:41:40 GMT+0100 (CET);1573990900000;0.34;67.04
1380556890909648;12.4;33.7;Sun Nov 17 2019 12:43:36 GMT+0100 (CET);Sun Nov 17 2019 11:43:36 GMT+0100 (CET);1573991016000;0.36;70.45
1380556890909648;12.4;33.8;Sun Nov 17 2019 12:45:32 GMT+0100 (CET);Sun Nov 17 2019 11:45:32 GMT+0100 (CET);1573991132000;0.38;75.08
1380556890909648;12.4;34;Sun Nov 17 2019 12:47:25 GMT+0100 (CET);Sun Nov 17 2019 11:47:25 GMT+0100 (CET);1573991245000;0.41;80.79
1380556890909648;12.9;34.3;Sun Nov 17 2019 12:49:17 GMT+0100 (CET);Sun Nov 17 2019 11:49:17 GMT+0100 (CET);1573991357000;0.43;86.91
1380556890909648;12.9;34.5;Sun Nov 17 2019 12:51:10 GMT+0100 (CET);Sun Nov 17 2019 11:51:10 GMT+0100 (CET);1573991470000;0.46;92.81
1380556890909648;14.4;34.6;Sun Nov 17 2019 12:53:22 GMT+0100 (CET);Sun Nov 17 2019 11:53:22 GMT+0100 (CET);1573991602000;0.52;105.14
1380556890909648;14.4;34.8;Sun Nov 17 2019 12:55:25 GMT+0100 (CET);Sun Nov 17 2019 11:55:25 GMT+0100 (CET);1573991725000;0.59;124
1380556890909648;14.4;35.7;Sun Nov 17 2019 12:57:26 GMT+0100 (CET);Sun Nov 17 2019 11:57:26 GMT+0100 (CET);1573991846000;0.67;141.05
1380556890909648;14.4;35.8;Sun Nov 17 2019 12:59:32 GMT+0100 (CET);Sun Nov 17 2019 11:59:32 GMT+0100 (CET);1573991972000;0.72;154.94
1380556890909648;14.4;36;Sun Nov 17 2019 13:01:29 GMT+0100 (CET);Sun Nov 17 2019 12:01:29 GMT+0100 (CET);1573992089000;0.78;175.37
1380556890909648;14.9;36.1;Sun Nov 17 2019 13:03:25 GMT+0100 (CET);Sun Nov 17 2019 12:03:25 GMT+0100 (CET);1573992205000;0.89;200.17
1380556890909648;14.9;36.2;Sun Nov 17 2019 13:05:18 GMT+0100 (CET);Sun Nov 17 2019 12:05:18 GMT+0100 (CET);1573992318000;1.06;237.02
1380556890909648;14.9;36.2;Sun Nov 17 2019 13:07:06 GMT+0100 (CET);Sun Nov 17 2019 12:07:06 GMT+0100 (CET);1573992426000;1.13;263.38
1380556890909648;16.4;36.2;Sun Nov 17 2019 13:09:01 GMT+0100 (CET);Sun Nov 17 2019 12:09:01 GMT+0100 (CET);1573992541000;1.31;301.6
1380556890909648;16.4;36.2;Sun Nov 17 2019 13:11:06 GMT+0100 (CET);Sun Nov 17 2019 12:11:06 GMT+0100 (CET);1573992666000;1.23;276.27
1380556890909648;16.4;36;Sun Nov 17 2019 13:12:59 GMT+0100 (CET);Sun Nov 17 2019 12:12:59 GMT+0100 (CET);1573992779000;1.26;284.63
1380556890909648;16.4;36;Sun Nov 17 2019 13:15:00 GMT+0100 (CET);Sun Nov 17 2019 12:15:00 GMT+0100 (CET);1573992900000;1.25;280.44
1380556890909648;18;35.9;Sun Nov 17 2019 13:17:12 GMT+0100 (CET);Sun Nov 17 2019 12:17:12 GMT+0100 (CET);1573993032000;1.24;276.45
1380556890909648;18;35.7;Sun Nov 17 2019 13:19:10 GMT+0100 (CET);Sun Nov 17 2019 12:19:10 GMT+0100 (CET);1573993150000;1.11;249.13
1380556890909648;18;35.5;Sun Nov 17 2019 13:21:06 GMT+0100 (CET);Sun Nov 17 2019 12:21:06 GMT+0100 (CET);1573993266000;1.11;220.28
1380556890909648;19;35.8;Sun Nov 17 2019 13:23:32 GMT+0100 (CET);Sun Nov 17 2019 12:23:32 GMT+0100 (CET);1573993412000;1.14;254.79
1380556890909648;19;35.6;Sun Nov 17 2019 13:26:04 GMT+0100 (CET);Sun Nov 17 2019 12:26:04 GMT+0100 (CET);1573993564000;0.99;221.31
1380556890909648;19;35.6;Sun Nov 17 2019 13:27:57 GMT+0100 (CET);Sun Nov 17 2019 12:27:57 GMT+0100 (CET);1573993677000;0.96;217.55
1380556890909648;19;35.6;Sun Nov 17 2019 13:29:53 GMT+0100 (CET);Sun Nov 17 2019 12:29:53 GMT+0100 (CET);1573993793000;0.92;207.16
1380556890909648;19;35.7;Sun Nov 17 2019 13:31:47 GMT+0100 (CET);Sun Nov 17 2019 12:31:47 GMT+0100 (CET);1573993907000;1.1;246.48
1380556890909648;19;35.8;Sun Nov 17 2019 13:34:01 GMT+0100 (CET);Sun Nov 17 2019 12:34:01 GMT+0100 (CET);1573994041000;1.26;273.66
1380556890909648;19;35.6;Sun Nov 17 2019 13:36:18 GMT+0100 (CET);Sun Nov 17 2019 12:36:18 GMT+0100 (CET);1573994178000;0.97;217.31
1380556890909648;19;35.3;Sun Nov 17 2019 13:38:58 GMT+0100 (CET);Sun Nov 17 2019 12:38:58 GMT+0100 (CET);1573994338000;0.88;195.45
1380556890909648;19;35.4;Sun Nov 17 2019 13:41:04 GMT+0100 (CET);Sun Nov 17 2019 12:41:04 GMT+0100 (CET);1573994464000;0.89;199.22
1380556890909648;19;35.3;Sun Nov 17 2019 13:42:56 GMT+0100 (CET);Sun Nov 17 2019 12:42:56 GMT+0100 (CET);1573994576000;0.8;178.22
1380556890909648;19;35.3;Sun Nov 17 2019 13:44:54 GMT+0100 (CET);Sun Nov 17 2019 12:44:54 GMT+0100 (CET);1573994694000;0.75;169.31
1380556890909648;18.5;35.2;Sun Nov 17 2019 13:46:53 GMT+0100 (CET);Sun Nov 17 2019 12:46:53 GMT+0100 (CET);1573994813000;0.73;160.88
1380556890909648;18.5;35.1;Sun Nov 17 2019 13:49:18 GMT+0100 (CET);Sun Nov 17 2019 12:49:18 GMT+0100 (CET);1573994958000;0.69;152.94
1380556890909648;19;35.1;Sun Nov 17 2019 13:51:15 GMT+0100 (CET);Sun Nov 17 2019 12:51:15 GMT+0100 (CET);1573995075000;0.66;146.71
1380556890909648;19;35.4;Sun Nov 17 2019 13:53:42 GMT+0100 (CET);Sun Nov 17 2019 12:53:42 GMT+0100 (CET);1573995222000;0.71;159.04
1380556890909648;18.5;35.6;Sun Nov 17 2019 13:56:03 GMT+0100 (CET);Sun Nov 17 2019 12:56:03 GMT+0100 (CET);1573995363000;0.84;190.22
1380556890909648;18.5;35.5;Sun Nov 17 2019 13:58:01 GMT+0100 (CET);Sun Nov 17 2019 12:58:01 GMT+0100 (CET);1573995481000;0.77;175.38
1380556890909648;18.5;35.6;Sun Nov 17 2019 13:59:56 GMT+0100 (CET);Sun Nov 17 2019 12:59:56 GMT+0100 (CET);1573995596000;0.74;167.26
1380556890909648;18.5;35.5;Sun Nov 17 2019 14:02:05 GMT+0100 (CET);Sun Nov 17 2019 13:02:05 GMT+0100 (CET);1573995725000;0.81;177.93
1380556890909648;18.5;35.5;Sun Nov 17 2019 14:04:01 GMT+0100 (CET);Sun Nov 17 2019 13:04:01 GMT+0100 (CET);1573995841000;0.77;172.47
1380556890909648;18.5;35.4;Sun Nov 17 2019 14:05:54 GMT+0100 (CET);Sun Nov 17 2019 13:05:54 GMT+0100 (CET);1573995954000;0.66;152.15
1380556890909648;18.5;35.4;Sun Nov 17 2019 14:07:43 GMT+0100 (CET);Sun Nov 17 2019 13:07:43 GMT+0100 (CET);1573996063000;0.65;149.08
1380556890909648;18.5;35.5;Sun Nov 17 2019 14:09:36 GMT+0100 (CET);Sun Nov 17 2019 13:09:36 GMT+0100 (CET);1573996176000;0.74;171.51
1380556890909648;18.5;35.7;Sun Nov 17 2019 14:12:01 GMT+0100 (CET);Sun Nov 17 2019 13:12:01 GMT+0100 (CET);1573996321000;0.79;179.24
1380556890909648;18.5;35.6;Sun Nov 17 2019 14:13:55 GMT+0100 (CET);Sun Nov 17 2019 13:13:55 GMT+0100 (CET);1573996435000;0.71;163.84
1380556890909648;18.5;35.3;Sun Nov 17 2019 14:15:53 GMT+0100 (CET);Sun Nov 17 2019 13:15:53 GMT+0100 (CET);1573996553000;0.66;148.06
1380556890909648;18.5;35.2;Sun Nov 17 2019 14:18:15 GMT+0100 (CET);Sun Nov 17 2019 13:18:15 GMT+0100 (CET);1573996695000;0.59;133.05
1380556890909648;18.5;34.7;Sun Nov 17 2019 14:20:16 GMT+0100 (CET);Sun Nov 17 2019 13:20:16 GMT+0100 (CET);1573996816000;0.54;118.98
1380556890909648;18.5;34.6;Sun Nov 17 2019 14:22:19 GMT+0100 (CET);Sun Nov 17 2019 13:22:19 GMT+0100 (CET);1573996939000;0.5;110.48
1380556890909648;16.9;34.5;Sun Nov 17 2019 14:24:42 GMT+0100 (CET);Sun Nov 17 2019 13:24:42 GMT+0100 (CET);1573997082000;0.49;108.44
1380556890909648;16.9;34.5;Sun Nov 17 2019 14:26:42 GMT+0100 (CET);Sun Nov 17 2019 13:26:42 GMT+0100 (CET);1573997202000;0.5;109.14
1380556890909648;16.9;34.4;Sun Nov 17 2019 14:29:09 GMT+0100 (CET);Sun Nov 17 2019 13:29:09 GMT+0100 (CET);1573997349000;0.52;113.97
1380556890909648;16.9;34.7;Sun Nov 17 2019 14:31:02 GMT+0100 (CET);Sun Nov 17 2019 13:31:02 GMT+0100 (CET);1573997462000;0.55;118.62
1380556890909648;16.9;34.7;Sun Nov 17 2019 14:33:44 GMT+0100 (CET);Sun Nov 17 2019 13:33:44 GMT+0100 (CET);1573997624000;0.54;117.28
1380556890909648;16.9;34.6;Sun Nov 17 2019 14:35:41 GMT+0100 (CET);Sun Nov 17 2019 13:35:41 GMT+0100 (CET);1573997741000;0.53;115.44
1380556890909648;16.9;34.6;Sun Nov 17 2019 14:37:37 GMT+0100 (CET);Sun Nov 17 2019 13:37:37 GMT+0100 (CET);1573997857000;0.51;111.38
1380556890909648;16.9;34.7;Sun Nov 17 2019 14:40:28 GMT+0100 (CET);Sun Nov 17 2019 13:40:28 GMT+0100 (CET);1573998028000;0.48;106.39
1380556890909648;16.4;34.6;Sun Nov 17 2019 14:42:31 GMT+0100 (CET);Sun Nov 17 2019 13:42:31 GMT+0100 (CET);1573998151000;0.49;109.84
1380556890909648;16.4;34.6;Sun Nov 17 2019 14:44:36 GMT+0100 (CET);Sun Nov 17 2019 13:44:36 GMT+0100 (CET);1573998276000;0.52;116.83
1380556890909648;16.4;34.9;Sun Nov 17 2019 14:46:40 GMT+0100 (CET);Sun Nov 17 2019 13:46:40 GMT+0100 (CET);1573998400000;0.57;127.24
1380556890909648;16.4;34.9;Sun Nov 17 2019 14:48:53 GMT+0100 (CET);Sun Nov 17 2019 13:48:53 GMT+0100 (CET);1573998533000;0.57;128.16
1380556890909648;16.4;35.5;Sun Nov 17 2019 14:50:49 GMT+0100 (CET);Sun Nov 17 2019 13:50:49 GMT+0100 (CET);1573998649000;0.65;148.44
1380556890909648;16.9;35.4;Sun Nov 17 2019 14:52:58 GMT+0100 (CET);Sun Nov 17 2019 13:52:58 GMT+0100 (CET);1573998778000;0.58;133.39
1380556890909648;16.9;35.4;Sun Nov 17 2019 14:54:52 GMT+0100 (CET);Sun Nov 17 2019 13:54:52 GMT+0100 (CET);1573998892000;0.57;124.39
1380556890909648;16.9;34.9;Sun Nov 17 2019 14:57:07 GMT+0100 (CET);Sun Nov 17 2019 13:57:07 GMT+0100 (CET);1573999027000;0.53;118.53
1380556890909648;16.9;34.8;Sun Nov 17 2019 14:59:31 GMT+0100 (CET);Sun Nov 17 2019 13:59:31 GMT+0100 (CET);1573999171000;0.47;106.58
1380556890909648;16.9;34.6;Sun Nov 17 2019 15:03:48 GMT+0100 (CET);Sun Nov 17 2019 14:03:48 GMT+0100 (CET);1573999428000;0.41;91.47
1380556890909648;16.4;34;Sun Nov 17 2019 15:07:52 GMT+0100 (CET);Sun Nov 17 2019 14:07:52 GMT+0100 (CET);1573999672000;0.35;77.02
1380556890909648;2.3;31.5;Mon Nov 18 2019 07:48:38 GMT+0100 (CET);Mon Nov 18 2019 06:48:38 GMT+0100 (CET);1574059718000;0;4.62
1380556890909648;2.3;32.3;Mon Nov 18 2019 07:50:31 GMT+0100 (CET);Mon Nov 18 2019 06:50:31 GMT+0100 (CET);1574059831000;0;5.17
1380556890909648;2.3;33;Mon Nov 18 2019 07:52:25 GMT+0100 (CET);Mon Nov 18 2019 06:52:25 GMT+0100 (CET);1574059945000;0;5.39
1380556890909648;2.3;33;Mon Nov 18 2019 07:54:40 GMT+0100 (CET);Mon Nov 18 2019 06:54:40 GMT+0100 (CET);1574060080000;0;5.66
1380556890909648;2.3;33.3;Mon Nov 18 2019 07:56:33 GMT+0100 (CET);Mon Nov 18 2019 06:56:33 GMT+0100 (CET);1574060193000;0;6.05
1380556890909648;6.4;31.2;Mon Nov 18 2019 07:58:26 GMT+0100 (CET);Mon Nov 18 2019 06:58:26 GMT+0100 (CET);1574060306000;0;6.3
1380556890909648;6.4;33.7;Mon Nov 18 2019 08:00:18 GMT+0100 (CET);Mon Nov 18 2019 07:00:18 GMT+0100 (CET);1574060418000;0;6.41
1380556890909648;6.4;29.5;Mon Nov 18 2019 08:02:17 GMT+0100 (CET);Mon Nov 18 2019 07:02:17 GMT+0100 (CET);1574060537000;0;6.82
1380556890909648;6.9;34.5;Mon Nov 18 2019 08:04:12 GMT+0100 (CET);Mon Nov 18 2019 07:04:12 GMT+0100 (CET);1574060652000;0;7.74
1380556890909648;6.9;35;Mon Nov 18 2019 08:06:04 GMT+0100 (CET);Mon Nov 18 2019 07:06:04 GMT+0100 (CET);1574060764000;0;8.86
1380556890909648;6.9;28.8;Mon Nov 18 2019 08:07:57 GMT+0100 (CET);Mon Nov 18 2019 07:07:57 GMT+0100 (CET);1574060877000;0;10.14
1380556890909648;6.9;28.4;Mon Nov 18 2019 08:10:04 GMT+0100 (CET);Mon Nov 18 2019 07:10:04 GMT+0100 (CET);1574061004000;0;10.66
1380556890909648;6.9;29;Mon Nov 18 2019 08:11:56 GMT+0100 (CET);Mon Nov 18 2019 07:11:56 GMT+0100 (CET);1574061116000;0;10
1380556890909648;6.9;28.8;Mon Nov 18 2019 08:13:50 GMT+0100 (CET);Mon Nov 18 2019 07:13:50 GMT+0100 (CET);1574061230000;0;10.43
1380556890909648;6.9;29.2;Mon Nov 18 2019 08:15:43 GMT+0100 (CET);Mon Nov 18 2019 07:15:43 GMT+0100 (CET);1574061343000;0;11.07
1380556890909648;6.4;28.7;Mon Nov 18 2019 08:17:52 GMT+0100 (CET);Mon Nov 18 2019 07:17:52 GMT+0100 (CET);1574061472000;0;12.51
1380556890909648;6.4;29.7;Mon Nov 18 2019 08:19:44 GMT+0100 (CET);Mon Nov 18 2019 07:19:44 GMT+0100 (CET);1574061584000;0;12.87
1380556890909648;6.4;29.6;Mon Nov 18 2019 08:21:42 GMT+0100 (CET);Mon Nov 18 2019 07:21:42 GMT+0100 (CET);1574061702000;0;12.26
1380556890909648;6.4;29.6;Mon Nov 18 2019 08:23:43 GMT+0100 (CET);Mon Nov 18 2019 07:23:43 GMT+0100 (CET);1574061823000;0;11.54
1380556890909648;6.4;29.3;Mon Nov 18 2019 08:25:35 GMT+0100 (CET);Mon Nov 18 2019 07:25:35 GMT+0100 (CET);1574061935000;0;10.6
1380556890909648;6.4;28.9;Mon Nov 18 2019 08:27:28 GMT+0100 (CET);Mon Nov 18 2019 07:27:28 GMT+0100 (CET);1574062048000;0;8.95
1380556890909648;6.4;28.7;Mon Nov 18 2019 08:29:21 GMT+0100 (CET);Mon Nov 18 2019 07:29:21 GMT+0100 (CET);1574062161000;0;9.01
1380556890909648;6.4;28.3;Mon Nov 18 2019 08:31:13 GMT+0100 (CET);Mon Nov 18 2019 07:31:13 GMT+0100 (CET);1574062273000;0;9.68
1380556890909648;6.4;28.4;Mon Nov 18 2019 08:33:30 GMT+0100 (CET);Mon Nov 18 2019 07:33:30 GMT+0100 (CET);1574062410000;0;10.71
1380556890909648;6.4;28;Mon Nov 18 2019 08:35:28 GMT+0100 (CET);Mon Nov 18 2019 07:35:28 GMT+0100 (CET);1574062528000;0;11.74
1380556890909648;6.4;28;Mon Nov 18 2019 08:37:22 GMT+0100 (CET);Mon Nov 18 2019 07:37:22 GMT+0100 (CET);1574062642000;0;12.04
1380556890909648;6.4;29.7;Mon Nov 18 2019 08:39:16 GMT+0100 (CET);Mon Nov 18 2019 07:39:16 GMT+0100 (CET);1574062756000;0;13.13
1380556890909648;6.4;29.9;Mon Nov 18 2019 08:41:09 GMT+0100 (CET);Mon Nov 18 2019 07:41:09 GMT+0100 (CET);1574062869000;0.06;13.97
1380556890909648;6.4;29.8;Mon Nov 18 2019 08:43:01 GMT+0100 (CET);Mon Nov 18 2019 07:43:01 GMT+0100 (CET);1574062981000;0.07;15.33
1380556890909648;6.4;30.2;Mon Nov 18 2019 08:44:55 GMT+0100 (CET);Mon Nov 18 2019 07:44:55 GMT+0100 (CET);1574063095000;0.08;16.97
1380556890909648;6.4;31;Mon Nov 18 2019 08:46:49 GMT+0100 (CET);Mon Nov 18 2019 07:46:49 GMT+0100 (CET);1574063209000;0.09;18.44
1380556890909648;6.4;31.5;Mon Nov 18 2019 08:49:04 GMT+0100 (CET);Mon Nov 18 2019 07:49:04 GMT+0100 (CET);1574063344000;0.1;20.46
1380556890909648;6.9;31.4;Mon Nov 18 2019 08:50:56 GMT+0100 (CET);Mon Nov 18 2019 07:50:56 GMT+0100 (CET);1574063456000;0.1;21.13
1380556890909648;6.9;31.6;Mon Nov 18 2019 08:52:49 GMT+0100 (CET);Mon Nov 18 2019 07:52:49 GMT+0100 (CET);1574063569000;0.11;23.55
1380556890909648;6.9;31.9;Mon Nov 18 2019 08:54:42 GMT+0100 (CET);Mon Nov 18 2019 07:54:42 GMT+0100 (CET);1574063682000;0.13;27.15
1380556890909648;6.9;32.3;Mon Nov 18 2019 08:56:36 GMT+0100 (CET);Mon Nov 18 2019 07:56:36 GMT+0100 (CET);1574063796000;0.13;27.65
1380556890909648;6.9;32.4;Mon Nov 18 2019 08:58:29 GMT+0100 (CET);Mon Nov 18 2019 07:58:29 GMT+0100 (CET);1574063909000;0.13;26.9
1380556890909648;8.4;32.3;Mon Nov 18 2019 09:00:22 GMT+0100 (CET);Mon Nov 18 2019 08:00:22 GMT+0100 (CET);1574064022000;0.12;26.89
1380556890909648;8.4;32.3;Mon Nov 18 2019 09:02:16 GMT+0100 (CET);Mon Nov 18 2019 08:02:16 GMT+0100 (CET);1574064136000;0.14;29.22
1380556890909648;8.4;32.6;Mon Nov 18 2019 09:04:36 GMT+0100 (CET);Mon Nov 18 2019 08:04:36 GMT+0100 (CET);1574064276000;0.15;32.18
1380556890909648;8.4;32.8;Mon Nov 18 2019 09:06:29 GMT+0100 (CET);Mon Nov 18 2019 08:06:29 GMT+0100 (CET);1574064389000;0.15;31.04
1380556890909648;8.4;32.6;Mon Nov 18 2019 09:08:25 GMT+0100 (CET);Mon Nov 18 2019 08:08:25 GMT+0100 (CET);1574064505000;0.14;30.36
1380556890909648;8.4;32.7;Mon Nov 18 2019 09:10:17 GMT+0100 (CET);Mon Nov 18 2019 08:10:17 GMT+0100 (CET);1574064617000;0.13;28.2
1380556890909648;8.4;32.5;Mon Nov 18 2019 09:12:11 GMT+0100 (CET);Mon Nov 18 2019 08:12:11 GMT+0100 (CET);1574064731000;0.15;31.64
1380556890909648;8.4;32.7;Mon Nov 18 2019 09:14:05 GMT+0100 (CET);Mon Nov 18 2019 08:14:05 GMT+0100 (CET);1574064845000;0.18;37.16
1380556890909648;8.4;32.7;Mon Nov 18 2019 09:15:57 GMT+0100 (CET);Mon Nov 18 2019 08:15:57 GMT+0100 (CET);1574064957000;0.21;44.35
1380556890909648;8.4;33.1;Mon Nov 18 2019 09:17:50 GMT+0100 (CET);Mon Nov 18 2019 08:17:50 GMT+0100 (CET);1574065070000;0.27;54.4
1380556890909648;8.4;33.4;Mon Nov 18 2019 09:20:01 GMT+0100 (CET);Mon Nov 18 2019 08:20:01 GMT+0100 (CET);1574065201000;0.34;70.87
1380556890909648;8.4;34;Mon Nov 18 2019 09:21:54 GMT+0100 (CET);Mon Nov 18 2019 08:21:54 GMT+0100 (CET);1574065314000;0.38;78.04
1380556890909648;8.9;34.3;Mon Nov 18 2019 09:23:47 GMT+0100 (CET);Mon Nov 18 2019 08:23:47 GMT+0100 (CET);1574065427000;0.43;90.67
1380556890909648;8.9;35.1;Mon Nov 18 2019 09:25:40 GMT+0100 (CET);Mon Nov 18 2019 08:25:40 GMT+0100 (CET);1574065540000;0.45;97.75
1380556890909648;8.9;35.4;Mon Nov 18 2019 09:27:37 GMT+0100 (CET);Mon Nov 18 2019 08:27:37 GMT+0100 (CET);1574065657000;0.46;99.57
1380556890909648;9.9;35.4;Mon Nov 18 2019 09:29:30 GMT+0100 (CET);Mon Nov 18 2019 08:29:30 GMT+0100 (CET);1574065770000;0.47;102.17
1380556890909648;9.9;35.4;Mon Nov 18 2019 09:31:24 GMT+0100 (CET);Mon Nov 18 2019 08:31:24 GMT+0100 (CET);1574065884000;0.49;104.86
1380556890909648;9.9;35.7;Mon Nov 18 2019 09:33:17 GMT+0100 (CET);Mon Nov 18 2019 08:33:17 GMT+0100 (CET);1574065997000;0.51;109.78
1380556890909648;9.9;35.6;Mon Nov 18 2019 09:35:35 GMT+0100 (CET);Mon Nov 18 2019 08:35:35 GMT+0100 (CET);1574066135000;0.57;123.94
1380556890909648;9.9;35.8;Mon Nov 18 2019 09:37:28 GMT+0100 (CET);Mon Nov 18 2019 08:37:28 GMT+0100 (CET);1574066248000;0.55;118.71
1380556890909648;9.9;36;Mon Nov 18 2019 09:39:21 GMT+0100 (CET);Mon Nov 18 2019 08:39:21 GMT+0100 (CET);1574066361000;0.62;135.66
1380556890909648;9.9;36.5;Mon Nov 18 2019 09:41:20 GMT+0100 (CET);Mon Nov 18 2019 08:41:20 GMT+0100 (CET);1574066480000;0.91;205.51
1380556890909648;12.4;37.2;Mon Nov 18 2019 09:43:13 GMT+0100 (CET);Mon Nov 18 2019 08:43:13 GMT+0100 (CET);1574066593000;1.24;343.03
1380556890909648;12.4;37.5;Mon Nov 18 2019 09:45:06 GMT+0100 (CET);Mon Nov 18 2019 08:45:06 GMT+0100 (CET);1574066706000;1.7;427.51
1380556890909648;12.4;36.7;Mon Nov 18 2019 09:47:00 GMT+0100 (CET);Mon Nov 18 2019 08:47:00 GMT+0100 (CET);1574066820000;2.26;529.91
1380556890909648;12.9;36.2;Mon Nov 18 2019 09:48:53 GMT+0100 (CET);Mon Nov 18 2019 08:48:53 GMT+0100 (CET);1574066933000;2.21;517.11
1380556890909648;12.9;35.9;Mon Nov 18 2019 09:51:07 GMT+0100 (CET);Mon Nov 18 2019 08:51:07 GMT+0100 (CET);1574067067000;1.78;304.25
1380556890909648;14.4;35.8;Mon Nov 18 2019 09:53:00 GMT+0100 (CET);Mon Nov 18 2019 08:53:00 GMT+0100 (CET);1574067180000;1.93;394.23
1380556890909648;14.4;35.1;Mon Nov 18 2019 09:54:54 GMT+0100 (CET);Mon Nov 18 2019 08:54:54 GMT+0100 (CET);1574067294000;1.53;337.91
1380556890909648;16.4;35.3;Mon Nov 18 2019 09:56:48 GMT+0100 (CET);Mon Nov 18 2019 08:56:48 GMT+0100 (CET);1574067408000;1.36;296.42
1380556890909648;16.4;35.4;Mon Nov 18 2019 09:58:41 GMT+0100 (CET);Mon Nov 18 2019 08:58:41 GMT+0100 (CET);1574067521000;1.67;394.23
1380556890909648;16.4;35.5;Mon Nov 18 2019 10:00:34 GMT+0100 (CET);Mon Nov 18 2019 09:00:34 GMT+0100 (CET);1574067634000;1.72;404.47
1380556890909648;16.4;35.7;Mon Nov 18 2019 10:02:45 GMT+0100 (CET);Mon Nov 18 2019 09:02:45 GMT+0100 (CET);1574067765000;1.8;414.71
1380556890909648;16.4;35.8;Mon Nov 18 2019 10:04:42 GMT+0100 (CET);Mon Nov 18 2019 09:04:42 GMT+0100 (CET);1574067882000;2.26;527.35
1380556890909648;16.9;35.8;Mon Nov 18 2019 10:06:36 GMT+0100 (CET);Mon Nov 18 2019 09:06:36 GMT+0100 (CET);1574067996000;0.51;137.4
1380556890909648;16.9;36;Mon Nov 18 2019 10:08:29 GMT+0100 (CET);Mon Nov 18 2019 09:08:29 GMT+0100 (CET);1574068109000;2.2;542.71
1380556890909648;16.9;36.3;Mon Nov 18 2019 10:10:22 GMT+0100 (CET);Mon Nov 18 2019 09:10:22 GMT+0100 (CET);1574068222000;0.69;162.26
1380556890909648;16.9;36.9;Mon Nov 18 2019 10:12:16 GMT+0100 (CET);Mon Nov 18 2019 09:12:16 GMT+0100 (CET);1574068336000;2.18;506.87
1380556890909648;16.9;35.9;Mon Nov 18 2019 10:14:11 GMT+0100 (CET);Mon Nov 18 2019 09:14:11 GMT+0100 (CET);1574068451000;1.45;272.73
1380556890909648;18.5;36.5;Mon Nov 18 2019 10:16:05 GMT+0100 (CET);Mon Nov 18 2019 09:16:05 GMT+0100 (CET);1574068565000;1.7;373.75
1380556890909648;18.5;36.4;Mon Nov 18 2019 10:18:01 GMT+0100 (CET);Mon Nov 18 2019 09:18:01 GMT+0100 (CET);1574068681000;1.1;253.26
1380556890909648;18.5;36.4;Mon Nov 18 2019 10:19:57 GMT+0100 (CET);Mon Nov 18 2019 09:19:57 GMT+0100 (CET);1574068797000;2.69;624.63
1380556890909648;18.5;35.9;Mon Nov 18 2019 10:22:06 GMT+0100 (CET);Mon Nov 18 2019 09:22:06 GMT+0100 (CET);1574068926000;1.27;217.67
1380556890909648;18.5;36.1;Mon Nov 18 2019 10:23:59 GMT+0100 (CET);Mon Nov 18 2019 09:23:59 GMT+0100 (CET);1574069039000;1.31;491.51
1380556890909648;18.5;36.4;Mon Nov 18 2019 10:25:52 GMT+0100 (CET);Mon Nov 18 2019 09:25:52 GMT+0100 (CET);1574069152000;1.53;424.95
1380556890909648;18.5;36;Mon Nov 18 2019 10:27:45 GMT+0100 (CET);Mon Nov 18 2019 09:27:45 GMT+0100 (CET);1574069265000;2.22;596.47
1380556890909648;19;35.8;Mon Nov 18 2019 10:29:39 GMT+0100 (CET);Mon Nov 18 2019 09:29:39 GMT+0100 (CET);1574069379000;2.29;256.1
1380556890909648;19;36.6;Mon Nov 18 2019 10:31:31 GMT+0100 (CET);Mon Nov 18 2019 09:31:31 GMT+0100 (CET);1574069491000;1.36;322.29
1380556890909648;19;36.3;Mon Nov 18 2019 10:33:24 GMT+0100 (CET);Mon Nov 18 2019 09:33:24 GMT+0100 (CET);1574069604000;1.78;394.23
1380556890909648;19;36.3;Mon Nov 18 2019 10:35:17 GMT+0100 (CET);Mon Nov 18 2019 09:35:17 GMT+0100 (CET);1574069717000;2.72;639.99
1380556890909648;19;35.8;Mon Nov 18 2019 10:37:43 GMT+0100 (CET);Mon Nov 18 2019 09:37:43 GMT+0100 (CET);1574069863000;0.81;180.14
1380556890909648;20.5;36.5;Mon Nov 18 2019 10:39:36 GMT+0100 (CET);Mon Nov 18 2019 09:39:36 GMT+0100 (CET);1574069976000;0.58;514.55
1380556890909648;20.5;36;Mon Nov 18 2019 10:41:29 GMT+0100 (CET);Mon Nov 18 2019 09:41:29 GMT+0100 (CET);1574070089000;0.85;198.95
1380556890909648;19;36.6;Mon Nov 18 2019 10:43:21 GMT+0100 (CET);Mon Nov 18 2019 09:43:21 GMT+0100 (CET);1574070201000;0.79;186.77
1380556890909648;19;36.5;Mon Nov 18 2019 10:45:20 GMT+0100 (CET);Mon Nov 18 2019 09:45:20 GMT+0100 (CET);1574070320000;2.75;568.31
1380556890909648;19;36.6;Mon Nov 18 2019 10:47:12 GMT+0100 (CET);Mon Nov 18 2019 09:47:12 GMT+0100 (CET);1574070432000;1.06;241.6
1380556890909648;19;37.1;Mon Nov 18 2019 10:49:05 GMT+0100 (CET);Mon Nov 18 2019 09:49:05 GMT+0100 (CET);1574070545000;1.14;257.08
1380556890909648;19;36.7;Mon Nov 18 2019 10:50:58 GMT+0100 (CET);Mon Nov 18 2019 09:50:58 GMT+0100 (CET);1574070658000;2.99;697.66
1380556890909648;19;36.4;Mon Nov 18 2019 10:53:25 GMT+0100 (CET);Mon Nov 18 2019 09:53:25 GMT+0100 (CET);1574070805000;2.78;642.55
1380556890909648;19;36.1;Mon Nov 18 2019 10:55:17 GMT+0100 (CET);Mon Nov 18 2019 09:55:17 GMT+0100 (CET);1574070917000;2.23;591.35
1380556890909648;19;36.2;Mon Nov 18 2019 10:57:10 GMT+0100 (CET);Mon Nov 18 2019 09:57:10 GMT+0100 (CET);1574071030000;2.71;634.87
1380556890909648;19;35.9;Mon Nov 18 2019 10:59:03 GMT+0100 (CET);Mon Nov 18 2019 09:59:03 GMT+0100 (CET);1574071143000;2.82;655.8
1380556890909648;19;35.8;Mon Nov 18 2019 11:01:01 GMT+0100 (CET);Mon Nov 18 2019 10:01:01 GMT+0100 (CET);1574071261000;2.88;667.93
1380556890909648;19;35.6;Mon Nov 18 2019 11:02:55 GMT+0100 (CET);Mon Nov 18 2019 10:02:55 GMT+0100 (CET);1574071375000;2.87;663.23
1380556890909648;19;35.5;Mon Nov 18 2019 11:04:48 GMT+0100 (CET);Mon Nov 18 2019 10:04:48 GMT+0100 (CET);1574071488000;1.21;196.55
1380556890909648;19;35.8;Mon Nov 18 2019 11:06:41 GMT+0100 (CET);Mon Nov 18 2019 10:06:41 GMT+0100 (CET);1574071601000;2.86;665.55
1380556890909648;19;35.5;Mon Nov 18 2019 11:09:03 GMT+0100 (CET);Mon Nov 18 2019 10:09:03 GMT+0100 (CET);1574071743000;2.83;662.39
1380556890909648;19;35.6;Mon Nov 18 2019 11:10:57 GMT+0100 (CET);Mon Nov 18 2019 10:10:57 GMT+0100 (CET);1574071857000;2.94;680.05
1380556890909648;23;35.3;Mon Nov 18 2019 11:12:51 GMT+0100 (CET);Mon Nov 18 2019 10:12:51 GMT+0100 (CET);1574071971000;2.88;665.93
1380556890909648;23;34.8;Mon Nov 18 2019 11:14:44 GMT+0100 (CET);Mon Nov 18 2019 10:14:44 GMT+0100 (CET);1574072084000;0.71;166.42
1380556890909648;24.5;36;Mon Nov 18 2019 11:16:37 GMT+0100 (CET);Mon Nov 18 2019 10:16:37 GMT+0100 (CET);1574072197000;1.37;596.47
1380556890909648;24.5;35.2;Mon Nov 18 2019 11:18:33 GMT+0100 (CET);Mon Nov 18 2019 10:18:33 GMT+0100 (CET);1574072313000;0.7;150.81
1380556890909648;24.5;35.9;Mon Nov 18 2019 11:20:29 GMT+0100 (CET);Mon Nov 18 2019 10:20:29 GMT+0100 (CET);1574072429000;3.01;695.21
1380556890909648;24.5;35.8;Mon Nov 18 2019 11:22:22 GMT+0100 (CET);Mon Nov 18 2019 10:22:22 GMT+0100 (CET);1574072542000;1.28;460.79
1380556890909648;24.5;35.2;Mon Nov 18 2019 11:24:25 GMT+0100 (CET);Mon Nov 18 2019 10:24:25 GMT+0100 (CET);1574072665000;0.62;145.16
1380556890909648;23;35.5;Mon Nov 18 2019 11:26:18 GMT+0100 (CET);Mon Nov 18 2019 10:26:18 GMT+0100 (CET);1574072778000;0.73;167.4
1380556890909648;23;36.2;Mon Nov 18 2019 11:28:11 GMT+0100 (CET);Mon Nov 18 2019 10:28:11 GMT+0100 (CET);1574072891000;0.85;196.32
1380556890909648;23;36.1;Mon Nov 18 2019 11:30:04 GMT+0100 (CET);Mon Nov 18 2019 10:30:04 GMT+0100 (CET);1574073004000;1.2;264.76
1380556890909648;22.5;36.5;Mon Nov 18 2019 11:31:58 GMT+0100 (CET);Mon Nov 18 2019 10:31:58 GMT+0100 (CET);1574073118000;1.58;305.58
1380556890909648;22.5;35.7;Mon Nov 18 2019 11:33:51 GMT+0100 (CET);Mon Nov 18 2019 10:33:51 GMT+0100 (CET);1574073231000;3.49;787.54
1380556890909648;21;35.7;Mon Nov 18 2019 11:35:44 GMT+0100 (CET);Mon Nov 18 2019 10:35:44 GMT+0100 (CET);1574073344000;0.84;189.27
1380556890909648;21;34.9;Mon Nov 18 2019 11:37:38 GMT+0100 (CET);Mon Nov 18 2019 10:37:38 GMT+0100 (CET);1574073458000;0.69;161.15
1380556890909648;21;35.5;Mon Nov 18 2019 11:39:52 GMT+0100 (CET);Mon Nov 18 2019 10:39:52 GMT+0100 (CET);1574073592000;2.94;693.98
1380556890909648;22.5;36.2;Mon Nov 18 2019 11:41:45 GMT+0100 (CET);Mon Nov 18 2019 10:41:45 GMT+0100 (CET);1574073705000;2.73;645.11
1380556890909648;22.5;35.5;Mon Nov 18 2019 11:43:38 GMT+0100 (CET);Mon Nov 18 2019 10:43:38 GMT+0100 (CET);1574073818000;0.61;147.96
1380556890909648;22.5;35.7;Mon Nov 18 2019 11:45:31 GMT+0100 (CET);Mon Nov 18 2019 10:45:31 GMT+0100 (CET);1574073931000;2.33;565.75
1380556890909648;22.5;36.9;Mon Nov 18 2019 11:47:32 GMT+0100 (CET);Mon Nov 18 2019 10:47:32 GMT+0100 (CET);1574074052000;3.06;713.11
1380556890909648;21;36.1;Mon Nov 18 2019 11:49:25 GMT+0100 (CET);Mon Nov 18 2019 10:49:25 GMT+0100 (CET);1574074165000;3.29;745.08
1380556890909648;21;34.9;Mon Nov 18 2019 11:51:18 GMT+0100 (CET);Mon Nov 18 2019 10:51:18 GMT+0100 (CET);1574074278000;0.75;181.7
1380556890909648;21;35.1;Mon Nov 18 2019 11:53:10 GMT+0100 (CET);Mon Nov 18 2019 10:53:10 GMT+0100 (CET);1574074390000;0.68;152.89
1380556890909648;21;35.4;Mon Nov 18 2019 11:55:22 GMT+0100 (CET);Mon Nov 18 2019 10:55:22 GMT+0100 (CET);1574074522000;0.97;188.61
1380556890909648;21;35.6;Mon Nov 18 2019 11:57:15 GMT+0100 (CET);Mon Nov 18 2019 10:57:15 GMT+0100 (CET);1574074635000;0.64;147.32
1380556890909648;20.5;35.2;Mon Nov 18 2019 11:59:09 GMT+0100 (CET);Mon Nov 18 2019 10:59:09 GMT+0100 (CET);1574074749000;0.67;152.78
1380556890909648;20.5;35.2;Mon Nov 18 2019 12:01:02 GMT+0100 (CET);Mon Nov 18 2019 11:01:02 GMT+0100 (CET);1574074862000;0.59;131.74
1380556890909648;20.5;34.8;Mon Nov 18 2019 12:02:56 GMT+0100 (CET);Mon Nov 18 2019 11:02:56 GMT+0100 (CET);1574074976000;0.51;117.5
1380556890909648;20.5;35.1;Mon Nov 18 2019 12:04:55 GMT+0100 (CET);Mon Nov 18 2019 11:04:55 GMT+0100 (CET);1574075095000;0.56;128.84
1380556890909648;20.5;35.8;Mon Nov 18 2019 12:06:48 GMT+0100 (CET);Mon Nov 18 2019 11:06:48 GMT+0100 (CET);1574075208000;0.59;133.3
1380556890909648;16.9;35.3;Mon Nov 18 2019 12:08:40 GMT+0100 (CET);Mon Nov 18 2019 11:08:40 GMT+0100 (CET);1574075320000;0.55;124.94
1380556890909648;16.9;34.7;Mon Nov 18 2019 12:10:33 GMT+0100 (CET);Mon Nov 18 2019 11:10:33 GMT+0100 (CET);1574075433000;0.43;96.71
1380556890909648;16.9;34.3;Mon Nov 18 2019 12:12:26 GMT+0100 (CET);Mon Nov 18 2019 11:12:26 GMT+0100 (CET);1574075546000;0.51;111.33
1380556890909648;16.4;34.3;Mon Nov 18 2019 12:14:19 GMT+0100 (CET);Mon Nov 18 2019 11:14:19 GMT+0100 (CET);1574075659000;0.4;89.41
1380556890909648;16.4;34;Mon Nov 18 2019 12:16:12 GMT+0100 (CET);Mon Nov 18 2019 11:16:12 GMT+0100 (CET);1574075772000;0.39;84.05
1380556890909648;14.4;34.1;Mon Nov 18 2019 12:18:05 GMT+0100 (CET);Mon Nov 18 2019 11:18:05 GMT+0100 (CET);1574075885000;0.5;103.34
1380556890909648;14.4;34.2;Mon Nov 18 2019 12:19:58 GMT+0100 (CET);Mon Nov 18 2019 11:19:58 GMT+0100 (CET);1574075998000;0.53;113.25
1380556890909648;14.4;34.6;Mon Nov 18 2019 12:21:51 GMT+0100 (CET);Mon Nov 18 2019 11:21:51 GMT+0100 (CET);1574076111000;0.62;133.98
1380556890909648;14.4;35.3;Mon Nov 18 2019 12:23:56 GMT+0100 (CET);Mon Nov 18 2019 11:23:56 GMT+0100 (CET);1574076236000;0.68;147.06
1380556890909648;14.4;35.1;Mon Nov 18 2019 12:25:49 GMT+0100 (CET);Mon Nov 18 2019 11:25:49 GMT+0100 (CET);1574076349000;0.55;116.93
1380556890909648;14.4;34.6;Mon Nov 18 2019 12:27:42 GMT+0100 (CET);Mon Nov 18 2019 11:27:42 GMT+0100 (CET);1574076462000;0.54;117.34
1380556890909648;14.4;34.4;Mon Nov 18 2019 12:29:42 GMT+0100 (CET);Mon Nov 18 2019 11:29:42 GMT+0100 (CET);1574076582000;0.55;114.78
1380556890909648;14.4;34.4;Mon Nov 18 2019 12:31:35 GMT+0100 (CET);Mon Nov 18 2019 11:31:35 GMT+0100 (CET);1574076695000;0.41;88.48
1380556890909648;14.4;33.9;Mon Nov 18 2019 12:33:28 GMT+0100 (CET);Mon Nov 18 2019 11:33:28 GMT+0100 (CET);1574076808000;0.4;82.72
1380556890909648;14.4;34;Mon Nov 18 2019 12:35:23 GMT+0100 (CET);Mon Nov 18 2019 11:35:23 GMT+0100 (CET);1574076923000;0.47;100.81
1380556890909648;14.4;34.1;Mon Nov 18 2019 12:37:15 GMT+0100 (CET);Mon Nov 18 2019 11:37:15 GMT+0100 (CET);1574077035000;0.47;99.78
1380556890909648;14.4;34.1;Mon Nov 18 2019 12:39:12 GMT+0100 (CET);Mon Nov 18 2019 11:39:12 GMT+0100 (CET);1574077152000;0.4;85.41
1380556890909648;14.4;34;Mon Nov 18 2019 12:41:05 GMT+0100 (CET);Mon Nov 18 2019 11:41:05 GMT+0100 (CET);1574077265000;0.37;79.31
1380556890909648;14.4;33.9;Mon Nov 18 2019 12:42:58 GMT+0100 (CET);Mon Nov 18 2019 11:42:58 GMT+0100 (CET);1574077378000;0.38;81.1
1380556890909648;14.4;33.8;Mon Nov 18 2019 12:45:04 GMT+0100 (CET);Mon Nov 18 2019 11:45:04 GMT+0100 (CET);1574077504000;0.4;85.5
1380556890909648;14.4;34;Mon Nov 18 2019 12:46:57 GMT+0100 (CET);Mon Nov 18 2019 11:46:57 GMT+0100 (CET);1574077617000;0.41;85.54
1380556890909648;14.4;33.9;Mon Nov 18 2019 12:48:59 GMT+0100 (CET);Mon Nov 18 2019 11:48:59 GMT+0100 (CET);1574077739000;0.3;63.75
1380556890909648;12.9;33.6;Mon Nov 18 2019 12:50:52 GMT+0100 (CET);Mon Nov 18 2019 11:50:52 GMT+0100 (CET);1574077852000;0.34;74.19
1380556890909648;12.9;33.9;Mon Nov 18 2019 12:52:49 GMT+0100 (CET);Mon Nov 18 2019 11:52:49 GMT+0100 (CET);1574077969000;0.39;82.01
1380556890909648;12.9;34.1;Mon Nov 18 2019 12:54:42 GMT+0100 (CET);Mon Nov 18 2019 11:54:42 GMT+0100 (CET);1574078082000;0.42;88.18
1380556890909648;12.9;34.5;Mon Nov 18 2019 12:56:35 GMT+0100 (CET);Mon Nov 18 2019 11:56:35 GMT+0100 (CET);1574078195000;0.41;88.55
1380556890909648;12.9;34.6;Mon Nov 18 2019 12:58:28 GMT+0100 (CET);Mon Nov 18 2019 11:58:28 GMT+0100 (CET);1574078308000;0.35;78.25
1380556890909648;14.4;34.5;Mon Nov 18 2019 13:00:21 GMT+0100 (CET);Mon Nov 18 2019 12:00:21 GMT+0100 (CET);1574078421000;0.34;74.99
1380556890909648;14.4;34.6;Mon Nov 18 2019 13:02:21 GMT+0100 (CET);Mon Nov 18 2019 12:02:21 GMT+0100 (CET);1574078541000;0.41;89.6
1380556890909648;13.9;34.8;Mon Nov 18 2019 13:04:15 GMT+0100 (CET);Mon Nov 18 2019 12:04:15 GMT+0100 (CET);1574078655000;0.52;111.82
1380556890909648;13.9;35.1;Mon Nov 18 2019 13:06:23 GMT+0100 (CET);Mon Nov 18 2019 12:06:23 GMT+0100 (CET);1574078783000;0.82;200.38
1380556890909648;14.4;36.2;Mon Nov 18 2019 13:08:16 GMT+0100 (CET);Mon Nov 18 2019 12:08:16 GMT+0100 (CET);1574078896000;2.43;465.91
1380556890909648;14.4;36.3;Mon Nov 18 2019 13:10:44 GMT+0100 (CET);Mon Nov 18 2019 12:10:44 GMT+0100 (CET);1574079044000;1.2;332.79
1380556890909648;14.9;35.8;Mon Nov 18 2019 13:12:38 GMT+0100 (CET);Mon Nov 18 2019 12:12:38 GMT+0100 (CET);1574079158000;0.77;172.35
1380556890909648;14.9;35.5;Mon Nov 18 2019 13:14:30 GMT+0100 (CET);Mon Nov 18 2019 12:14:30 GMT+0100 (CET);1574079270000;1.41;201.88
1380556890909648;14.9;35.5;Mon Nov 18 2019 13:16:27 GMT+0100 (CET);Mon Nov 18 2019 12:16:27 GMT+0100 (CET);1574079387000;2.92;668.68
1380556890909648;16.4;36.2;Mon Nov 18 2019 13:18:19 GMT+0100 (CET);Mon Nov 18 2019 12:18:19 GMT+0100 (CET);1574079499000;2.85;655.35
1380556890909648;16.4;36;Mon Nov 18 2019 13:20:12 GMT+0100 (CET);Mon Nov 18 2019 12:20:12 GMT+0100 (CET);1574079612000;1.04;278.26
1380556890909648;18.5;35.4;Mon Nov 18 2019 13:22:21 GMT+0100 (CET);Mon Nov 18 2019 12:22:21 GMT+0100 (CET);1574079741000;2.48;496.63
1380556890909648;18.5;34.9;Mon Nov 18 2019 13:24:17 GMT+0100 (CET);Mon Nov 18 2019 12:24:17 GMT+0100 (CET);1574079857000;0.76;171.92
1380556890909648;18.5;35.3;Mon Nov 18 2019 13:26:11 GMT+0100 (CET);Mon Nov 18 2019 12:26:11 GMT+0100 (CET);1574079971000;0.71;154.08
1380556890909648;19;35;Mon Nov 18 2019 13:28:04 GMT+0100 (CET);Mon Nov 18 2019 12:28:04 GMT+0100 (CET);1574080084000;0.54;114.57
1380556890909648;19;34.3;Mon Nov 18 2019 13:30:02 GMT+0100 (CET);Mon Nov 18 2019 12:30:02 GMT+0100 (CET);1574080202000;0.43;92.07
1380556890909648;19;34.3;Mon Nov 18 2019 13:31:55 GMT+0100 (CET);Mon Nov 18 2019 12:31:55 GMT+0100 (CET);1574080315000;0.3;70.33
1380556890909648;19;34.4;Mon Nov 18 2019 13:33:52 GMT+0100 (CET);Mon Nov 18 2019 12:33:52 GMT+0100 (CET);1574080432000;0.28;64.74
1380556890909648;19;34.8;Mon Nov 18 2019 13:35:45 GMT+0100 (CET);Mon Nov 18 2019 12:35:45 GMT+0100 (CET);1574080545000;0.31;71.81
1380556890909648;19;35;Mon Nov 18 2019 13:37:41 GMT+0100 (CET);Mon Nov 18 2019 12:37:41 GMT+0100 (CET);1574080661000;0.39;87.86
1380556890909648;19;35.4;Mon Nov 18 2019 13:39:33 GMT+0100 (CET);Mon Nov 18 2019 12:39:33 GMT+0100 (CET);1574080773000;0.45;105.59
1380556890909648;16.9;35.6;Mon Nov 18 2019 13:41:26 GMT+0100 (CET);Mon Nov 18 2019 12:41:26 GMT+0100 (CET);1574080886000;0.42;101.06
1380556890909648;16.9;35.4;Mon Nov 18 2019 13:43:19 GMT+0100 (CET);Mon Nov 18 2019 12:43:19 GMT+0100 (CET);1574080999000;0.49;112.96
1380556890909648;16.9;36.1;Mon Nov 18 2019 13:45:12 GMT+0100 (CET);Mon Nov 18 2019 12:45:12 GMT+0100 (CET);1574081112000;0.86;197.78
1380556890909648;16.9;36.4;Mon Nov 18 2019 13:47:05 GMT+0100 (CET);Mon Nov 18 2019 12:47:05 GMT+0100 (CET);1574081225000;2.51;591.35
1380556890909648;16.9;36.6;Mon Nov 18 2019 13:49:01 GMT+0100 (CET);Mon Nov 18 2019 12:49:01 GMT+0100 (CET);1574081341000;2.63;611.83
1380556890909648;16.9;35.8;Mon Nov 18 2019 13:50:57 GMT+0100 (CET);Mon Nov 18 2019 12:50:57 GMT+0100 (CET);1574081457000;0.71;159.81
1380556890909648;16.9;35.1;Mon Nov 18 2019 13:52:50 GMT+0100 (CET);Mon Nov 18 2019 12:52:50 GMT+0100 (CET);1574081570000;0.86;177.13
1380556890909648;16.9;35.3;Mon Nov 18 2019 13:54:47 GMT+0100 (CET);Mon Nov 18 2019 12:54:47 GMT+0100 (CET);1574081687000;2.04;522.23
1380556890909648;16.9;36;Mon Nov 18 2019 13:56:40 GMT+0100 (CET);Mon Nov 18 2019 12:56:40 GMT+0100 (CET);1574081800000;0.78;138.94
1380556890909648;16.9;36.7;Mon Nov 18 2019 13:58:35 GMT+0100 (CET);Mon Nov 18 2019 12:58:35 GMT+0100 (CET);1574081915000;2.3;558.07
1380556890909648;16.9;36.4;Mon Nov 18 2019 14:00:27 GMT+0100 (CET);Mon Nov 18 2019 13:00:27 GMT+0100 (CET);1574082027000;2.24;535.03
1380556890909648;18.5;36.3;Mon Nov 18 2019 14:02:20 GMT+0100 (CET);Mon Nov 18 2019 13:02:20 GMT+0100 (CET);1574082140000;2.03;473.59
1380556890909648;18.5;35.6;Mon Nov 18 2019 14:04:16 GMT+0100 (CET);Mon Nov 18 2019 13:04:16 GMT+0100 (CET);1574082256000;1.83;455.67
1380556890909648;19;34.6;Mon Nov 18 2019 14:06:09 GMT+0100 (CET);Mon Nov 18 2019 13:06:09 GMT+0100 (CET);1574082369000;0.55;117.64
1380556890909648;19;34.8;Mon Nov 18 2019 14:08:38 GMT+0100 (CET);Mon Nov 18 2019 13:08:38 GMT+0100 (CET);1574082518000;0.62;133.77
1380556890909648;19;35;Mon Nov 18 2019 14:10:31 GMT+0100 (CET);Mon Nov 18 2019 13:10:31 GMT+0100 (CET);1574082631000;0.59;128.68
1380556890909648;19;35.1;Mon Nov 18 2019 14:12:24 GMT+0100 (CET);Mon Nov 18 2019 13:12:24 GMT+0100 (CET);1574082744000;0.62;135.68
1380556890909648;19;34.9;Mon Nov 18 2019 14:14:19 GMT+0100 (CET);Mon Nov 18 2019 13:14:19 GMT+0100 (CET);1574082859000;0.58;129.59
1380556890909648;16.9;34.9;Mon Nov 18 2019 14:16:12 GMT+0100 (CET);Mon Nov 18 2019 13:16:12 GMT+0100 (CET);1574082972000;0.5;111.43
1380556890909648;16.9;34.8;Mon Nov 18 2019 14:18:05 GMT+0100 (CET);Mon Nov 18 2019 13:18:05 GMT+0100 (CET);1574083085000;0.41;92.49
1380556890909648;16.9;34.6;Mon Nov 18 2019 14:19:57 GMT+0100 (CET);Mon Nov 18 2019 13:19:57 GMT+0100 (CET);1574083197000;0.36;80.35
1380556890909648;16.9;34.6;Mon Nov 18 2019 14:21:54 GMT+0100 (CET);Mon Nov 18 2019 13:21:54 GMT+0100 (CET);1574083314000;0.37;83.99
1380556890909648;16.9;34.7;Mon Nov 18 2019 14:23:48 GMT+0100 (CET);Mon Nov 18 2019 13:23:48 GMT+0100 (CET);1574083428000;0.31;73.36
1380556890909648;16.4;35.1;Mon Nov 18 2019 14:25:50 GMT+0100 (CET);Mon Nov 18 2019 13:25:50 GMT+0100 (CET);1574083550000;0.38;85.65
1380556890909648;16.4;35.1;Mon Nov 18 2019 14:27:43 GMT+0100 (CET);Mon Nov 18 2019 13:27:43 GMT+0100 (CET);1574083663000;0.32;73.89
1380556890909648;14.9;34.9;Mon Nov 18 2019 14:29:37 GMT+0100 (CET);Mon Nov 18 2019 13:29:37 GMT+0100 (CET);1574083777000;0.37;82.49
1380556890909648;14.9;34.9;Mon Nov 18 2019 14:31:39 GMT+0100 (CET);Mon Nov 18 2019 13:31:39 GMT+0100 (CET);1574083899000;0.43;95.13
1380556890909648;14.9;34.8;Mon Nov 18 2019 14:33:35 GMT+0100 (CET);Mon Nov 18 2019 13:33:35 GMT+0100 (CET);1574084015000;0.44;96.37
1380556890909648;14.4;34.8;Mon Nov 18 2019 14:35:27 GMT+0100 (CET);Mon Nov 18 2019 13:35:27 GMT+0100 (CET);1574084127000;0.47;105.51
1380556890909648;14.4;34.7;Mon Nov 18 2019 14:37:25 GMT+0100 (CET);Mon Nov 18 2019 13:37:25 GMT+0100 (CET);1574084245000;0.45;97.88
1380556890909648;14.4;34.7;Mon Nov 18 2019 14:39:39 GMT+0100 (CET);Mon Nov 18 2019 13:39:39 GMT+0100 (CET);1574084379000;0.34;76.53
1380556890909648;14.4;34.7;Mon Nov 18 2019 14:41:33 GMT+0100 (CET);Mon Nov 18 2019 13:41:33 GMT+0100 (CET);1574084493000;0.33;72.98
1380556890909648;14.4;34.5;Mon Nov 18 2019 14:43:26 GMT+0100 (CET);Mon Nov 18 2019 13:43:26 GMT+0100 (CET);1574084606000;0.43;92.62
1380556890909648;14.4;34.8;Mon Nov 18 2019 14:45:19 GMT+0100 (CET);Mon Nov 18 2019 13:45:19 GMT+0100 (CET);1574084719000;0.36;78.88
1380556890909648;14.4;34.8;Mon Nov 18 2019 14:47:14 GMT+0100 (CET);Mon Nov 18 2019 13:47:14 GMT+0100 (CET);1574084834000;0.29;67.81
1380556890909648;14.4;34.8;Mon Nov 18 2019 14:49:06 GMT+0100 (CET);Mon Nov 18 2019 13:49:06 GMT+0100 (CET);1574084946000;0.35;79.12
1380556890909648;14.4;35;Mon Nov 18 2019 14:51:00 GMT+0100 (CET);Mon Nov 18 2019 13:51:00 GMT+0100 (CET);1574085060000;0.48;98.66
1380556890909648;14.4;36;Mon Nov 18 2019 14:52:55 GMT+0100 (CET);Mon Nov 18 2019 13:52:55 GMT+0100 (CET);1574085175000;0.72;149.49
1380556890909648;14.4;35.4;Mon Nov 18 2019 14:54:58 GMT+0100 (CET);Mon Nov 18 2019 13:54:58 GMT+0100 (CET);1574085298000;0.52;116.86
1380556890909648;14.4;35.5;Mon Nov 18 2019 14:56:55 GMT+0100 (CET);Mon Nov 18 2019 13:56:55 GMT+0100 (CET);1574085415000;0.49;109.44
1380556890909648;14.4;35.4;Mon Nov 18 2019 14:58:48 GMT+0100 (CET);Mon Nov 18 2019 13:58:48 GMT+0100 (CET);1574085528000;0.45;101.32
1380556890909648;14.4;36.4;Mon Nov 18 2019 15:00:41 GMT+0100 (CET);Mon Nov 18 2019 14:00:41 GMT+0100 (CET);1574085641000;1.44;363.51
1380556890909648;14.4;37.1;Mon Nov 18 2019 15:02:41 GMT+0100 (CET);Mon Nov 18 2019 14:02:41 GMT+0100 (CET);1574085761000;0.6;134.64
1380556890909648;14.4;37.2;Mon Nov 18 2019 15:04:39 GMT+0100 (CET);Mon Nov 18 2019 14:04:39 GMT+0100 (CET);1574085879000;1.3;335.35
1380556890909648;14.4;36.8;Mon Nov 18 2019 15:06:47 GMT+0100 (CET);Mon Nov 18 2019 14:06:47 GMT+0100 (CET);1574086007000;1.4;343.03
1380556890909648;14.9;36.3;Mon Nov 18 2019 15:08:40 GMT+0100 (CET);Mon Nov 18 2019 14:08:40 GMT+0100 (CET);1574086120000;1.29;319.65
1380556890909648;14.9;36.3;Mon Nov 18 2019 15:10:37 GMT+0100 (CET);Mon Nov 18 2019 14:10:37 GMT+0100 (CET);1574086237000;1.21;299.96
1380556890909648;16.4;36.4;Mon Nov 18 2019 15:12:30 GMT+0100 (CET);Mon Nov 18 2019 14:12:30 GMT+0100 (CET);1574086350000;1.1;279.78
1380556890909648;16.4;36.6;Mon Nov 18 2019 15:14:23 GMT+0100 (CET);Mon Nov 18 2019 14:14:23 GMT+0100 (CET);1574086463000;1.05;274.19
1380556890909648;16.9;36.8;Mon Nov 18 2019 15:16:16 GMT+0100 (CET);Mon Nov 18 2019 14:16:16 GMT+0100 (CET);1574086576000;1.01;267.93
1380556890909648;16.9;37.3;Mon Nov 18 2019 15:18:18 GMT+0100 (CET);Mon Nov 18 2019 14:18:18 GMT+0100 (CET);1574086698000;0.9;248.61
1380556890909648;16.9;37.3;Mon Nov 18 2019 15:20:10 GMT+0100 (CET);Mon Nov 18 2019 14:20:10 GMT+0100 (CET);1574086810000;0.83;241.01
1380556890909648;18;37.6;Mon Nov 18 2019 15:22:03 GMT+0100 (CET);Mon Nov 18 2019 14:22:03 GMT+0100 (CET);1574086923000;0.8;235.75
1380556890909648;18;37.2;Mon Nov 18 2019 15:23:56 GMT+0100 (CET);Mon Nov 18 2019 14:23:56 GMT+0100 (CET);1574087036000;0.7;191.38
1380556890909648;18.5;36.5;Mon Nov 18 2019 15:25:52 GMT+0100 (CET);Mon Nov 18 2019 14:25:52 GMT+0100 (CET);1574087152000;0.31;64.39
1380556890909648;18.5;37.7;Mon Nov 18 2019 15:27:47 GMT+0100 (CET);Mon Nov 18 2019 14:27:47 GMT+0100 (CET);1574087267000;0.78;221.91
1380556890909648;18.5;37.6;Mon Nov 18 2019 15:29:40 GMT+0100 (CET);Mon Nov 18 2019 14:29:40 GMT+0100 (CET);1574087380000;0.69;215.47
1380556890909648;18.5;38.7;Mon Nov 18 2019 15:31:33 GMT+0100 (CET);Mon Nov 18 2019 14:31:33 GMT+0100 (CET);1574087493000;0.51;202.35
1380556890909648;18.5;39.6;Mon Nov 18 2019 15:33:50 GMT+0100 (CET);Mon Nov 18 2019 14:33:50 GMT+0100 (CET);1574087630000;0.38;168.11
1380556890909648;18.5;39.3;Mon Nov 18 2019 15:35:57 GMT+0100 (CET);Mon Nov 18 2019 14:35:57 GMT+0100 (CET);1574087757000;0.4;185.24
1380556890909648;18.5;39.2;Mon Nov 18 2019 15:37:50 GMT+0100 (CET);Mon Nov 18 2019 14:37:50 GMT+0100 (CET);1574087870000;0.23;84.9
1380556890909648;16.9;37.7;Mon Nov 18 2019 15:39:43 GMT+0100 (CET);Mon Nov 18 2019 14:39:43 GMT+0100 (CET);1574087983000;0.16;30.39
1380556890909648;16.9;38;Mon Nov 18 2019 15:41:37 GMT+0100 (CET);Mon Nov 18 2019 14:41:37 GMT+0100 (CET);1574088097000;0.13;25.62
1380556890909648;16.9;33.6;Mon Nov 18 2019 15:43:30 GMT+0100 (CET);Mon Nov 18 2019 14:43:30 GMT+0100 (CET);1574088210000;0.12;26.83
1380556890909648;14.9;32.3;Mon Nov 18 2019 15:45:24 GMT+0100 (CET);Mon Nov 18 2019 14:45:24 GMT+0100 (CET);1574088324000;0.11;23.31
1380556890909648;14.9;32.5;Mon Nov 18 2019 15:47:20 GMT+0100 (CET);Mon Nov 18 2019 14:47:20 GMT+0100 (CET);1574088440000;0.1;28.97
1380556890909648;12.9;33.1;Mon Nov 18 2019 15:49:20 GMT+0100 (CET);Mon Nov 18 2019 14:49:20 GMT+0100 (CET);1574088560000;0.1;23.08
1380556890909648;12.9;33;Mon Nov 18 2019 15:51:14 GMT+0100 (CET);Mon Nov 18 2019 14:51:14 GMT+0100 (CET);1574088674000;0.1;20.28
1380556890909648;12.9;32.7;Mon Nov 18 2019 15:53:07 GMT+0100 (CET);Mon Nov 18 2019 14:53:07 GMT+0100 (CET);1574088787000;0.1;20.75
1380556890909648;12.4;32.9;Mon Nov 18 2019 15:55:00 GMT+0100 (CET);Mon Nov 18 2019 14:55:00 GMT+0100 (CET);1574088900000;0.09;20.74
1380556890909648;12.4;32.6;Mon Nov 18 2019 15:56:57 GMT+0100 (CET);Mon Nov 18 2019 14:56:57 GMT+0100 (CET);1574089017000;0.1;21.08
1380556890909648;12.4;32.6;Mon Nov 18 2019 15:58:49 GMT+0100 (CET);Mon Nov 18 2019 14:58:49 GMT+0100 (CET);1574089129000;0.1;21.66
1380556890909648;12.4;32.6;Mon Nov 18 2019 16:00:43 GMT+0100 (CET);Mon Nov 18 2019 15:00:43 GMT+0100 (CET);1574089243000;0.1;21.8
1380556890909648;12.4;32.6;Mon Nov 18 2019 16:02:36 GMT+0100 (CET);Mon Nov 18 2019 15:02:36 GMT+0100 (CET);1574089356000;0.1;22.68
1380556890909648;9.9;32.5;Mon Nov 18 2019 16:05:10 GMT+0100 (CET);Mon Nov 18 2019 15:05:10 GMT+0100 (CET);1574089510000;0.09;19.85
1380556890909648;9.9;32.3;Mon Nov 18 2019 16:07:02 GMT+0100 (CET);Mon Nov 18 2019 15:07:02 GMT+0100 (CET);1574089622000;0.07;16.77
1380556890909648;9.9;31.9;Mon Nov 18 2019 16:08:57 GMT+0100 (CET);Mon Nov 18 2019 15:08:57 GMT+0100 (CET);1574089737000;0.07;16.49
1380556890909648;9.9;31.9;Mon Nov 18 2019 16:10:51 GMT+0100 (CET);Mon Nov 18 2019 15:10:51 GMT+0100 (CET);1574089851000;0.07;13.85
1380556890909648;9.9;31.6;Mon Nov 18 2019 16:12:58 GMT+0100 (CET);Mon Nov 18 2019 15:12:58 GMT+0100 (CET);1574089978000;0;12.18
1380556890909648;9.9;31;Mon Nov 18 2019 16:14:51 GMT+0100 (CET);Mon Nov 18 2019 15:14:51 GMT+0100 (CET);1574090091000;0;10.96
1380556890909648;9.9;30.6;Mon Nov 18 2019 16:16:44 GMT+0100 (CET);Mon Nov 18 2019 15:16:44 GMT+0100 (CET);1574090204000;0;9.6
1380556890909648;8.4;30.4;Mon Nov 18 2019 16:18:39 GMT+0100 (CET);Mon Nov 18 2019 15:18:39 GMT+0100 (CET);1574090319000;0;8.33
1380556890909648;8.4;30.2;Mon Nov 18 2019 16:20:31 GMT+0100 (CET);Mon Nov 18 2019 15:20:31 GMT+0100 (CET);1574090431000;0;6.79
1380556890909648;6.9;29.3;Mon Nov 18 2019 16:22:25 GMT+0100 (CET);Mon Nov 18 2019 15:22:25 GMT+0100 (CET);1574090545000;0;6.81
1380556890909648;6.9;28.5;Mon Nov 18 2019 16:24:20 GMT+0100 (CET);Mon Nov 18 2019 15:24:20 GMT+0100 (CET);1574090660000;0;6.56
1380556890909648;6.9;34.2;Mon Nov 18 2019 16:26:13 GMT+0100 (CET);Mon Nov 18 2019 15:26:13 GMT+0100 (CET);1574090773000;0;5.65
1380556890909648;8.4;34;Mon Nov 18 2019 16:28:09 GMT+0100 (CET);Mon Nov 18 2019 15:28:09 GMT+0100 (CET);1574090889000;0;5.8
1380556890909648;8.4;33;Mon Nov 18 2019 16:30:02 GMT+0100 (CET);Mon Nov 18 2019 15:30:02 GMT+0100 (CET);1574091002000;0;4.37
1380556890909648;8.4;31.5;Mon Nov 18 2019 16:32:07 GMT+0100 (CET);Mon Nov 18 2019 15:32:07 GMT+0100 (CET);1574091127000;0;2.34
1380556890909648;8.4;26.9;Mon Nov 18 2019 16:34:00 GMT+0100 (CET);Mon Nov 18 2019 15:34:00 GMT+0100 (CET);1574091240000;0;1.07
1380556890909648;4.9;27.1;Mon Nov 18 2019 16:35:57 GMT+0100 (CET);Mon Nov 18 2019 15:35:57 GMT+0100 (CET);1574091357000;0;0.3
1380556890909648;4.9;27.1;Mon Nov 18 2019 16:37:49 GMT+0100 (CET);Mon Nov 18 2019 15:37:49 GMT+0100 (CET);1574091469000;0;-0.01
1380556890909648;4.9;27.1;Mon Nov 18 2019 16:39:44 GMT+0100 (CET);Mon Nov 18 2019 15:39:44 GMT+0100 (CET);1574091584000;0;-0.01
1380556890909648;-273.2;31.2;Tue Nov 19 2019 07:56:02 GMT+0100 (CET);Tue Nov 19 2019 06:56:02 GMT+0100 (CET);1574146562000;0;4.64
1380556890909648;-273.2;27.6;Tue Nov 19 2019 07:57:55 GMT+0100 (CET);Tue Nov 19 2019 06:57:55 GMT+0100 (CET);1574146675000;0;5.15
1380556890909648;-273.2;32.3;Tue Nov 19 2019 07:59:59 GMT+0100 (CET);Tue Nov 19 2019 06:59:59 GMT+0100 (CET);1574146799000;0;5.51
1380556890909648;4.4;31.2;Tue Nov 19 2019 08:02:11 GMT+0100 (CET);Tue Nov 19 2019 07:02:11 GMT+0100 (CET);1574146931000;0;6.88
1380556890909648;4.4;35.1;Tue Nov 19 2019 08:04:12 GMT+0100 (CET);Tue Nov 19 2019 07:04:12 GMT+0100 (CET);1574147052000;0;10.15
1380556890909648;4.4;35.8;Tue Nov 19 2019 08:06:05 GMT+0100 (CET);Tue Nov 19 2019 07:06:05 GMT+0100 (CET);1574147165000;0;13.18
1380556890909648;6.4;30.5;Tue Nov 19 2019 08:08:02 GMT+0100 (CET);Tue Nov 19 2019 07:08:02 GMT+0100 (CET);1574147282000;0.08;17.74
1380556890909648;6.4;30.5;Tue Nov 19 2019 08:09:59 GMT+0100 (CET);Tue Nov 19 2019 07:09:59 GMT+0100 (CET);1574147399000;0.09;19.39
1380556890909648;6.4;31.6;Tue Nov 19 2019 08:11:58 GMT+0100 (CET);Tue Nov 19 2019 07:11:58 GMT+0100 (CET);1574147518000;0.08;18.11
1380556890909648;6.4;31.5;Tue Nov 19 2019 08:14:07 GMT+0100 (CET);Tue Nov 19 2019 07:14:07 GMT+0100 (CET);1574147647000;0;13.51
1380556890909648;6.4;31.2;Tue Nov 19 2019 08:16:03 GMT+0100 (CET);Tue Nov 19 2019 07:16:03 GMT+0100 (CET);1574147763000;0;12.21
1380556890909648;6.4;29.9;Tue Nov 19 2019 08:18:02 GMT+0100 (CET);Tue Nov 19 2019 07:18:02 GMT+0100 (CET);1574147882000;0;13.09
1380556890909648;6.4;29.6;Tue Nov 19 2019 08:20:21 GMT+0100 (CET);Tue Nov 19 2019 07:20:21 GMT+0100 (CET);1574148021000;0;13.77
1380556890909648;4.9;29.9;Tue Nov 19 2019 08:22:20 GMT+0100 (CET);Tue Nov 19 2019 07:22:20 GMT+0100 (CET);1574148140000;0;13.79
1380556890909648;4.9;30.2;Tue Nov 19 2019 08:24:19 GMT+0100 (CET);Tue Nov 19 2019 07:24:19 GMT+0100 (CET);1574148259000;0.06;14.47
1380556890909648;4.9;30.3;Tue Nov 19 2019 08:26:35 GMT+0100 (CET);Tue Nov 19 2019 07:26:35 GMT+0100 (CET);1574148395000;0.07;15.24
1380556890909648;4.9;30.3;Tue Nov 19 2019 08:28:31 GMT+0100 (CET);Tue Nov 19 2019 07:28:31 GMT+0100 (CET);1574148511000;0.07;16.14
1380556890909648;6.4;30.7;Tue Nov 19 2019 08:30:27 GMT+0100 (CET);Tue Nov 19 2019 07:30:27 GMT+0100 (CET);1574148627000;0.07;16.45
1380556890909648;6.4;31;Tue Nov 19 2019 08:32:20 GMT+0100 (CET);Tue Nov 19 2019 07:32:20 GMT+0100 (CET);1574148740000;0.07;16.71
1380556890909648;6.4;31.1;Tue Nov 19 2019 08:34:30 GMT+0100 (CET);Tue Nov 19 2019 07:34:30 GMT+0100 (CET);1574148870000;0.08;17.7
1380556890909648;6.4;31.1;Tue Nov 19 2019 08:36:33 GMT+0100 (CET);Tue Nov 19 2019 07:36:33 GMT+0100 (CET);1574148993000;0.08;17.62
1380556890909648;6.4;30.9;Tue Nov 19 2019 08:38:25 GMT+0100 (CET);Tue Nov 19 2019 07:38:25 GMT+0100 (CET);1574149105000;0.08;17.84
1380556890909648;6.4;31.3;Tue Nov 19 2019 08:40:18 GMT+0100 (CET);Tue Nov 19 2019 07:40:18 GMT+0100 (CET);1574149218000;0.09;19.14
1380556890909648;6.4;31.1;Tue Nov 19 2019 08:42:21 GMT+0100 (CET);Tue Nov 19 2019 07:42:21 GMT+0100 (CET);1574149341000;0.09;20.17
1380556890909648;6.4;31.7;Tue Nov 19 2019 08:44:21 GMT+0100 (CET);Tue Nov 19 2019 07:44:21 GMT+0100 (CET);1574149461000;0.1;21.35
1380556890909648;6.4;31.7;Tue Nov 19 2019 08:46:14 GMT+0100 (CET);Tue Nov 19 2019 07:46:14 GMT+0100 (CET);1574149574000;0.1;21.52
1380556890909648;6.4;32;Tue Nov 19 2019 08:48:10 GMT+0100 (CET);Tue Nov 19 2019 07:48:10 GMT+0100 (CET);1574149690000;0.1;21.95
1380556890909648;6.4;31.5;Tue Nov 19 2019 08:50:35 GMT+0100 (CET);Tue Nov 19 2019 07:50:35 GMT+0100 (CET);1574149835000;0.1;21.57
1380556890909648;6.4;31.7;Tue Nov 19 2019 08:52:49 GMT+0100 (CET);Tue Nov 19 2019 07:52:49 GMT+0100 (CET);1574149969000;0.1;22.02
1380556890909648;6.4;31.8;Tue Nov 19 2019 08:54:45 GMT+0100 (CET);Tue Nov 19 2019 07:54:45 GMT+0100 (CET);1574150085000;0.11;22.77
1380556890909648;6.4;31.9;Tue Nov 19 2019 08:56:49 GMT+0100 (CET);Tue Nov 19 2019 07:56:49 GMT+0100 (CET);1574150209000;0.1;22.05
1380556890909648;6.4;31.8;Tue Nov 19 2019 08:58:51 GMT+0100 (CET);Tue Nov 19 2019 07:58:51 GMT+0100 (CET);1574150331000;0.11;22.66
1380556890909648;6.9;32;Tue Nov 19 2019 09:00:52 GMT+0100 (CET);Tue Nov 19 2019 08:00:52 GMT+0100 (CET);1574150452000;0.11;24.16
1380556890909648;6.9;32.1;Tue Nov 19 2019 09:02:49 GMT+0100 (CET);Tue Nov 19 2019 08:02:49 GMT+0100 (CET);1574150569000;0.11;24.26
1380556890909648;6.9;32;Tue Nov 19 2019 09:05:14 GMT+0100 (CET);Tue Nov 19 2019 08:05:14 GMT+0100 (CET);1574150714000;0.12;24.96
1380556890909648;6.9;32.1;Tue Nov 19 2019 09:07:55 GMT+0100 (CET);Tue Nov 19 2019 08:07:55 GMT+0100 (CET);1574150875000;0.12;26.59
1380556890909648;6.9;32.5;Tue Nov 19 2019 09:09:57 GMT+0100 (CET);Tue Nov 19 2019 08:09:57 GMT+0100 (CET);1574150997000;0.12;25.43
1380556890909648;6.9;32.2;Tue Nov 19 2019 09:12:15 GMT+0100 (CET);Tue Nov 19 2019 08:12:15 GMT+0100 (CET);1574151135000;0.11;23.11
1380556890909648;6.9;31.9;Tue Nov 19 2019 09:14:46 GMT+0100 (CET);Tue Nov 19 2019 08:14:46 GMT+0100 (CET);1574151286000;0.1;21.94
1380556890909648;16.4;34.9;Tue Nov 19 2019 12:04:27 GMT+0100 (CET);Tue Nov 19 2019 11:04:27 GMT+0100 (CET);1574161467000;0.58;124.68
1380556890909648;14.9;33.6;Tue Nov 19 2019 12:16:02 GMT+0100 (CET);Tue Nov 19 2019 11:16:02 GMT+0100 (CET);1574162162000;0.38;76.41
1380556890909648;14.9;33.7;Tue Nov 19 2019 12:17:56 GMT+0100 (CET);Tue Nov 19 2019 11:17:56 GMT+0100 (CET);1574162276000;0.37;75.67
1380556890909648;14.9;33.7;Tue Nov 19 2019 12:19:50 GMT+0100 (CET);Tue Nov 19 2019 11:19:50 GMT+0100 (CET);1574162390000;0.34;70.01
1380556890909648;14.4;33.6;Tue Nov 19 2019 12:21:37 GMT+0100 (CET);Tue Nov 19 2019 11:21:37 GMT+0100 (CET);1574162497000;0.34;69.53
1380556890909648;14.4;33.6;Tue Nov 19 2019 12:23:34 GMT+0100 (CET);Tue Nov 19 2019 11:23:34 GMT+0100 (CET);1574162614000;0.35;70.18
1380556890909648;14.4;33.6;Tue Nov 19 2019 12:25:26 GMT+0100 (CET);Tue Nov 19 2019 11:25:26 GMT+0100 (CET);1574162726000;0.36;72.16
1380556890909648;14.4;33.7;Tue Nov 19 2019 12:27:28 GMT+0100 (CET);Tue Nov 19 2019 11:27:28 GMT+0100 (CET);1574162848000;0.36;73.73
1380556890909648;14.4;33.8;Tue Nov 19 2019 12:29:21 GMT+0100 (CET);Tue Nov 19 2019 11:29:21 GMT+0100 (CET);1574162961000;0.36;73.26
1380556890909648;14.4;33.8;Tue Nov 19 2019 12:31:14 GMT+0100 (CET);Tue Nov 19 2019 11:31:14 GMT+0100 (CET);1574163074000;0.39;77.63
1380556890909648;14.4;33.8;Tue Nov 19 2019 12:33:07 GMT+0100 (CET);Tue Nov 19 2019 11:33:07 GMT+0100 (CET);1574163187000;0.42;84.1
1380556890909648;14.4;34;Tue Nov 19 2019 12:35:00 GMT+0100 (CET);Tue Nov 19 2019 11:35:00 GMT+0100 (CET);1574163300000;0.42;83.04
1380556890909648;14.4;33.9;Tue Nov 19 2019 12:36:53 GMT+0100 (CET);Tue Nov 19 2019 11:36:53 GMT+0100 (CET);1574163413000;0.38;77.3
1380556890909648;14.4;33.8;Tue Nov 19 2019 12:38:47 GMT+0100 (CET);Tue Nov 19 2019 11:38:47 GMT+0100 (CET);1574163527000;0.36;71.61
1380556890909648;14.4;33.7;Tue Nov 19 2019 12:40:42 GMT+0100 (CET);Tue Nov 19 2019 11:40:42 GMT+0100 (CET);1574163642000;0.32;62.89
1380556890909648;14.4;33.7;Tue Nov 19 2019 12:42:35 GMT+0100 (CET);Tue Nov 19 2019 11:42:35 GMT+0100 (CET);1574163755000;0.29;56.78
1380556890909648;12.9;33.4;Tue Nov 19 2019 12:44:28 GMT+0100 (CET);Tue Nov 19 2019 11:44:28 GMT+0100 (CET);1574163868000;0.26;52.48
1380556890909648;12.9;33.4;Tue Nov 19 2019 12:46:21 GMT+0100 (CET);Tue Nov 19 2019 11:46:21 GMT+0100 (CET);1574163981000;0.23;46.02
1380556890909648;12.9;33.2;Tue Nov 19 2019 12:48:13 GMT+0100 (CET);Tue Nov 19 2019 11:48:13 GMT+0100 (CET);1574164093000;0.23;45.63
1380556890909648;12.9;33;Tue Nov 19 2019 12:50:06 GMT+0100 (CET);Tue Nov 19 2019 11:50:06 GMT+0100 (CET);1574164206000;0.23;45.12
1380556890909648;12.9;32.9;Tue Nov 19 2019 12:51:59 GMT+0100 (CET);Tue Nov 19 2019 11:51:59 GMT+0100 (CET);1574164319000;0.21;40.74
1380556890909648;12.4;32.9;Tue Nov 19 2019 12:53:51 GMT+0100 (CET);Tue Nov 19 2019 11:53:51 GMT+0100 (CET);1574164431000;0.19;38.17
1380556890909648;12.4;32.7;Tue Nov 19 2019 12:55:44 GMT+0100 (CET);Tue Nov 19 2019 11:55:44 GMT+0100 (CET);1574164544000;0.2;39.36
1380556890909648;12.4;32.8;Tue Nov 19 2019 12:57:37 GMT+0100 (CET);Tue Nov 19 2019 11:57:37 GMT+0100 (CET);1574164657000;0.21;41.2
1380556890909648;12.4;33;Tue Nov 19 2019 12:59:30 GMT+0100 (CET);Tue Nov 19 2019 11:59:30 GMT+0100 (CET);1574164770000;0.2;40.85
1380556890909648;12.4;32.9;Tue Nov 19 2019 13:01:23 GMT+0100 (CET);Tue Nov 19 2019 12:01:23 GMT+0100 (CET);1574164883000;0.2;40.3
1380556890909648;12.4;32.7;Tue Nov 19 2019 13:03:33 GMT+0100 (CET);Tue Nov 19 2019 12:03:33 GMT+0100 (CET);1574165013000;0.22;43.73
1380556890909648;12.4;32.9;Tue Nov 19 2019 13:05:26 GMT+0100 (CET);Tue Nov 19 2019 12:05:26 GMT+0100 (CET);1574165126000;0.22;45.61
1380556890909648;12.4;33;Tue Nov 19 2019 13:07:19 GMT+0100 (CET);Tue Nov 19 2019 12:07:19 GMT+0100 (CET);1574165239000;0.22;44.92
1380556890909648;12.4;33.2;Tue Nov 19 2019 13:09:11 GMT+0100 (CET);Tue Nov 19 2019 12:09:11 GMT+0100 (CET);1574165351000;0.24;47.88
1380556890909648;12.4;33.2;Tue Nov 19 2019 13:11:04 GMT+0100 (CET);Tue Nov 19 2019 12:11:04 GMT+0100 (CET);1574165464000;0.25;50.19
1380556890909648;9.9;33.2;Tue Nov 19 2019 13:12:57 GMT+0100 (CET);Tue Nov 19 2019 12:12:57 GMT+0100 (CET);1574165577000;0.23;45.6
1380556890909648;9.9;33.2;Tue Nov 19 2019 13:14:51 GMT+0100 (CET);Tue Nov 19 2019 12:14:51 GMT+0100 (CET);1574165691000;0.22;42.49
1380556890909648;9.9;33.2;Tue Nov 19 2019 13:16:51 GMT+0100 (CET);Tue Nov 19 2019 12:16:51 GMT+0100 (CET);1574165811000;0.22;42.49
1380556890909648;12.4;33.1;Tue Nov 19 2019 13:18:52 GMT+0100 (CET);Tue Nov 19 2019 12:18:52 GMT+0100 (CET);1574165932000;0.22;42.86
1380556890909648;12.4;33.1;Tue Nov 19 2019 13:20:56 GMT+0100 (CET);Tue Nov 19 2019 12:20:56 GMT+0100 (CET);1574166056000;0.21;41.98
1380556890909648;9.9;33.1;Tue Nov 19 2019 13:22:52 GMT+0100 (CET);Tue Nov 19 2019 12:22:52 GMT+0100 (CET);1574166172000;0.22;43.36
1380556890909648;9.9;33.1;Tue Nov 19 2019 13:24:54 GMT+0100 (CET);Tue Nov 19 2019 12:24:54 GMT+0100 (CET);1574166294000;0.23;46.37
1380556890909648;9.9;33.3;Tue Nov 19 2019 13:26:49 GMT+0100 (CET);Tue Nov 19 2019 12:26:49 GMT+0100 (CET);1574166409000;0.24;48.32
1380556890909648;9.9;33.3;Tue Nov 19 2019 13:29:02 GMT+0100 (CET);Tue Nov 19 2019 12:29:02 GMT+0100 (CET);1574166542000;0.24;48.08
1380556890909648;9.9;33.4;Tue Nov 19 2019 13:31:09 GMT+0100 (CET);Tue Nov 19 2019 12:31:09 GMT+0100 (CET);1574166669000;0.23;46.38
1380556890909648;12.4;33.1;Tue Nov 19 2019 13:35:26 GMT+0100 (CET);Tue Nov 19 2019 12:35:26 GMT+0100 (CET);1574166926000;0.21;41.85
1380556890909648;9.9;33;Tue Nov 19 2019 13:37:41 GMT+0100 (CET);Tue Nov 19 2019 12:37:41 GMT+0100 (CET);1574167061000;0.23;45.96
1380556890909648;9.9;33;Tue Nov 19 2019 13:39:41 GMT+0100 (CET);Tue Nov 19 2019 12:39:41 GMT+0100 (CET);1574167181000;0.25;49.85
1380556890909648;9.9;33.4;Tue Nov 19 2019 13:41:47 GMT+0100 (CET);Tue Nov 19 2019 12:41:47 GMT+0100 (CET);1574167307000;0.28;58.6
1380556890909648;9.9;33.7;Tue Nov 19 2019 13:44:35 GMT+0100 (CET);Tue Nov 19 2019 12:44:35 GMT+0100 (CET);1574167475000;0.31;62
1380556890909648;9.9;33.7;Tue Nov 19 2019 13:46:56 GMT+0100 (CET);Tue Nov 19 2019 12:46:56 GMT+0100 (CET);1574167616000;0.32;64.93
1380556890909648;9.9;33.7;Tue Nov 19 2019 13:49:38 GMT+0100 (CET);Tue Nov 19 2019 12:49:38 GMT+0100 (CET);1574167778000;0.31;63.03
1380556890909648;9.9;33.6;Tue Nov 19 2019 13:51:38 GMT+0100 (CET);Tue Nov 19 2019 12:51:38 GMT+0100 (CET);1574167898000;0.28;57.91
1380556890909648;9.9;33.6;Tue Nov 19 2019 13:54:23 GMT+0100 (CET);Tue Nov 19 2019 12:54:23 GMT+0100 (CET);1574168063000;0.27;54.08
1380556890909648;10.9;33.8;Tue Nov 19 2019 13:57:21 GMT+0100 (CET);Tue Nov 19 2019 12:57:21 GMT+0100 (CET);1574168241000;0.3;60.47
1380556890909648;10.9;33.7;Tue Nov 19 2019 13:59:23 GMT+0100 (CET);Tue Nov 19 2019 12:59:23 GMT+0100 (CET);1574168363000;0.31;62.28
1380556890909648;12.4;33.8;Tue Nov 19 2019 14:01:21 GMT+0100 (CET);Tue Nov 19 2019 13:01:21 GMT+0100 (CET);1574168481000;0.3;60.59
1380556890909648;12.4;33.7;Tue Nov 19 2019 14:03:20 GMT+0100 (CET);Tue Nov 19 2019 13:03:20 GMT+0100 (CET);1574168600000;0.28;57.93
1380556890909648;12.4;33.5;Tue Nov 19 2019 14:05:46 GMT+0100 (CET);Tue Nov 19 2019 13:05:46 GMT+0100 (CET);1574168746000;0.24;50.78
1380556890909648;12.4;33.4;Tue Nov 19 2019 14:08:09 GMT+0100 (CET);Tue Nov 19 2019 13:08:09 GMT+0100 (CET);1574168889000;0.24;47.74
1380556890909648;12.4;33.4;Tue Nov 19 2019 14:11:01 GMT+0100 (CET);Tue Nov 19 2019 13:11:01 GMT+0100 (CET);1574169061000;0.25;50.79
1380556890909648;12.4;33.4;Tue Nov 19 2019 14:12:57 GMT+0100 (CET);Tue Nov 19 2019 13:12:57 GMT+0100 (CET);1574169177000;0.24;50.39
1380556890909648;12.4;33.4;Tue Nov 19 2019 14:14:55 GMT+0100 (CET);Tue Nov 19 2019 13:14:55 GMT+0100 (CET);1574169295000;0.25;52.28
1380556890909648;12.4;33.5;Tue Nov 19 2019 14:16:49 GMT+0100 (CET);Tue Nov 19 2019 13:16:49 GMT+0100 (CET);1574169409000;0.28;56.49
1380556890909648;12.4;33.7;Tue Nov 19 2019 14:18:59 GMT+0100 (CET);Tue Nov 19 2019 13:18:59 GMT+0100 (CET);1574169539000;0.29;59.15
1380556890909648;12.4;33.6;Tue Nov 19 2019 14:21:28 GMT+0100 (CET);Tue Nov 19 2019 13:21:28 GMT+0100 (CET);1574169688000;0.26;53.71
1380556890909648;12.4;33.6;Tue Nov 19 2019 14:23:40 GMT+0100 (CET);Tue Nov 19 2019 13:23:40 GMT+0100 (CET);1574169820000;0.23;47.03
1380556890909648;12.4;33.4;Tue Nov 19 2019 14:25:42 GMT+0100 (CET);Tue Nov 19 2019 13:25:42 GMT+0100 (CET);1574169942000;0.21;43.02
1380556890909648;12.4;33.4;Tue Nov 19 2019 14:27:49 GMT+0100 (CET);Tue Nov 19 2019 13:27:49 GMT+0100 (CET);1574170069000;0.17;36
1380556890909648;12.4;33.1;Tue Nov 19 2019 14:29:49 GMT+0100 (CET);Tue Nov 19 2019 13:29:49 GMT+0100 (CET);1574170189000;0.16;32.37
1380556890909648;12.4;32.4;Tue Nov 19 2019 14:31:32 GMT+0100 (CET);Tue Nov 19 2019 13:31:32 GMT+0100 (CET);1574170292000;0.16;31.53
1380556890909648;12.4;32.2;Tue Nov 19 2019 14:33:34 GMT+0100 (CET);Tue Nov 19 2019 13:33:34 GMT+0100 (CET);1574170414000;0.15;30.03
1380556890909648;12.4;32.1;Tue Nov 19 2019 14:36:14 GMT+0100 (CET);Tue Nov 19 2019 13:36:14 GMT+0100 (CET);1574170574000;0.13;26.67
1380556890909648;12.4;32.1;Tue Nov 19 2019 14:38:29 GMT+0100 (CET);Tue Nov 19 2019 13:38:29 GMT+0100 (CET);1574170709000;0.12;23.82
1380556890909648;12.4;31.6;Tue Nov 19 2019 14:40:24 GMT+0100 (CET);Tue Nov 19 2019 13:40:24 GMT+0100 (CET);1574170824000;0.11;23.62
1380556890909648;12.4;31.8;Tue Nov 19 2019 14:42:22 GMT+0100 (CET);Tue Nov 19 2019 13:42:22 GMT+0100 (CET);1574170942000;0.11;21.64
1380556890909648;9.9;31.6;Tue Nov 19 2019 14:44:16 GMT+0100 (CET);Tue Nov 19 2019 13:44:16 GMT+0100 (CET);1574171056000;0.1;19.82
1380556890909648;9.9;31.4;Tue Nov 19 2019 14:46:09 GMT+0100 (CET);Tue Nov 19 2019 13:46:09 GMT+0100 (CET);1574171169000;0.1;19.94
1380556890909648;9.9;31.2;Tue Nov 19 2019 14:48:03 GMT+0100 (CET);Tue Nov 19 2019 13:48:03 GMT+0100 (CET);1574171283000;0.09;18.22
1380556890909648;9.9;30.8;Tue Nov 19 2019 14:50:55 GMT+0100 (CET);Tue Nov 19 2019 13:50:55 GMT+0100 (CET);1574171455000;0.08;15.42
1380556890909648;9.9;30.8;Tue Nov 19 2019 14:53:08 GMT+0100 (CET);Tue Nov 19 2019 13:53:08 GMT+0100 (CET);1574171588000;0.06;13.36
1380556890909648;9.9;30;Tue Nov 19 2019 14:55:10 GMT+0100 (CET);Tue Nov 19 2019 13:55:10 GMT+0100 (CET);1574171710000;0;12.55
1380556890909648;9.9;30;Tue Nov 19 2019 14:57:06 GMT+0100 (CET);Tue Nov 19 2019 13:57:06 GMT+0100 (CET);1574171826000;0.06;12.61
1380556890909648;8.9;29.7;Tue Nov 19 2019 14:59:14 GMT+0100 (CET);Tue Nov 19 2019 13:59:14 GMT+0100 (CET);1574171954000;0.06;12.68
1380556890909648;8.4;29.6;Tue Nov 19 2019 15:03:25 GMT+0100 (CET);Tue Nov 19 2019 14:03:25 GMT+0100 (CET);1574172205000;0.07;13.33
1380556890909648;8.4;29.9;Tue Nov 19 2019 15:05:47 GMT+0100 (CET);Tue Nov 19 2019 14:05:47 GMT+0100 (CET);1574172347000;0.07;14.5
1380556890909648;8.4;29.9;Tue Nov 19 2019 15:07:45 GMT+0100 (CET);Tue Nov 19 2019 14:07:45 GMT+0100 (CET);1574172465000;0.08;15.67
1380556890909648;8.4;30.1;Tue Nov 19 2019 15:09:45 GMT+0100 (CET);Tue Nov 19 2019 14:09:45 GMT+0100 (CET);1574172585000;0.09;17.81
1380556890909648;8.4;31.1;Tue Nov 19 2019 15:11:41 GMT+0100 (CET);Tue Nov 19 2019 14:11:41 GMT+0100 (CET);1574172701000;0.09;17.8
1380556890909648;8.4;30.9;Tue Nov 19 2019 15:16:05 GMT+0100 (CET);Tue Nov 19 2019 14:16:05 GMT+0100 (CET);1574172965000;0.09;17.8
1380556890909648;8.4;31;Tue Nov 19 2019 15:18:12 GMT+0100 (CET);Tue Nov 19 2019 14:18:12 GMT+0100 (CET);1574173092000;0.09;20.45
1380556890909648;8.4;31.2;Tue Nov 19 2019 15:20:56 GMT+0100 (CET);Tue Nov 19 2019 14:20:56 GMT+0100 (CET);1574173256000;0.11;22.15
1380556890909648;8.9;31.3;Tue Nov 19 2019 15:22:58 GMT+0100 (CET);Tue Nov 19 2019 14:22:58 GMT+0100 (CET);1574173378000;0.1;21.64
1380556890909648;8.9;31.3;Tue Nov 19 2019 15:25:44 GMT+0100 (CET);Tue Nov 19 2019 14:25:44 GMT+0100 (CET);1574173544000;0.1;21.09
1380556890909648;8.9;31.3;Tue Nov 19 2019 15:27:55 GMT+0100 (CET);Tue Nov 19 2019 14:27:55 GMT+0100 (CET);1574173675000;0.1;20.35
1380556890909648;8.9;31;Tue Nov 19 2019 15:31:45 GMT+0100 (CET);Tue Nov 19 2019 14:31:45 GMT+0100 (CET);1574173905000;0.08;17.46
1380556890909648;8.9;31.1;Tue Nov 19 2019 15:33:34 GMT+0100 (CET);Tue Nov 19 2019 14:33:34 GMT+0100 (CET);1574174014000;0.09;18.82
1380556890909648;8.9;31.1;Tue Nov 19 2019 15:36:28 GMT+0100 (CET);Tue Nov 19 2019 14:36:28 GMT+0100 (CET);1574174188000;0.09;18.12
1380556890909648;8.9;31.2;Tue Nov 19 2019 15:38:34 GMT+0100 (CET);Tue Nov 19 2019 14:38:34 GMT+0100 (CET);1574174314000;0.06;13.51
1380556890909648;8.9;30.5;Tue Nov 19 2019 15:41:09 GMT+0100 (CET);Tue Nov 19 2019 14:41:09 GMT+0100 (CET);1574174469000;0;11.69
1380556890909648;8.9;29.5;Tue Nov 19 2019 15:43:47 GMT+0100 (CET);Tue Nov 19 2019 14:43:47 GMT+0100 (CET);1574174627000;0;10.45
1380556890909648;8.4;29.3;Tue Nov 19 2019 15:46:26 GMT+0100 (CET);Tue Nov 19 2019 14:46:26 GMT+0100 (CET);1574174786000;0;9.68
1380556890909648;8.4;28.8;Tue Nov 19 2019 15:48:32 GMT+0100 (CET);Tue Nov 19 2019 14:48:32 GMT+0100 (CET);1574174912000;0;9.72
1380556890909648;8.4;28.7;Tue Nov 19 2019 15:51:25 GMT+0100 (CET);Tue Nov 19 2019 14:51:25 GMT+0100 (CET);1574175085000;0;9.46
1380556890909648;8.4;28.2;Tue Nov 19 2019 15:53:30 GMT+0100 (CET);Tue Nov 19 2019 14:53:30 GMT+0100 (CET);1574175210000;0;8.41
1380556890909648;6.9;27.7;Tue Nov 19 2019 15:55:53 GMT+0100 (CET);Tue Nov 19 2019 14:55:53 GMT+0100 (CET);1574175353000;0;7.38
1380556890909648;6.9;27.4;Tue Nov 19 2019 15:58:12 GMT+0100 (CET);Tue Nov 19 2019 14:58:12 GMT+0100 (CET);1574175492000;0;7.34
1380556890909648;8.4;33.6;Tue Nov 19 2019 16:00:22 GMT+0100 (CET);Tue Nov 19 2019 15:00:22 GMT+0100 (CET);1574175622000;0;5.82
1380556890909648;8.4;30.7;Tue Nov 19 2019 16:03:26 GMT+0100 (CET);Tue Nov 19 2019 15:03:26 GMT+0100 (CET);1574175806000;0;4.72
1380556890909648;8.4;32;Tue Nov 19 2019 16:05:48 GMT+0100 (CET);Tue Nov 19 2019 15:05:48 GMT+0100 (CET);1574175948000;0;4.4
1380556890909648;8.4;29.9;Tue Nov 19 2019 16:08:20 GMT+0100 (CET);Tue Nov 19 2019 15:08:20 GMT+0100 (CET);1574176100000;0;3.6
1380556890909648;8.4;30.6;Tue Nov 19 2019 16:11:13 GMT+0100 (CET);Tue Nov 19 2019 15:11:13 GMT+0100 (CET);1574176273000;0;4.07
1380556890909648;8.4;31.3;Tue Nov 19 2019 16:14:39 GMT+0100 (CET);Tue Nov 19 2019 15:14:39 GMT+0100 (CET);1574176479000;0;3.99
1380556890909648;8.4;28.9;Tue Nov 19 2019 16:17:33 GMT+0100 (CET);Tue Nov 19 2019 15:17:33 GMT+0100 (CET);1574176653000;0;3.09
1380556890909648;8.4;26.6;Tue Nov 19 2019 16:19:52 GMT+0100 (CET);Tue Nov 19 2019 15:19:52 GMT+0100 (CET);1574176792000;0;2.15
1380556890909648;8.4;26.6;Tue Nov 19 2019 16:21:58 GMT+0100 (CET);Tue Nov 19 2019 15:21:58 GMT+0100 (CET);1574176918000;0;1.61
1380556890909648;12.9;35.3;Wed Nov 20 2019 10:50:59 GMT+0100 (CET);Wed Nov 20 2019 09:50:59 GMT+0100 (CET);1574243459000;0.49;110.3
1380556890909648;12.9;35.4;Wed Nov 20 2019 10:54:31 GMT+0100 (CET);Wed Nov 20 2019 09:54:31 GMT+0100 (CET);1574243671000;0.47;105.33
1380556890909648;12.4;35.3;Wed Nov 20 2019 10:56:25 GMT+0100 (CET);Wed Nov 20 2019 09:56:25 GMT+0100 (CET);1574243785000;0.47;104.3
1380556890909648;12.4;35.4;Wed Nov 20 2019 10:58:18 GMT+0100 (CET);Wed Nov 20 2019 09:58:18 GMT+0100 (CET);1574243898000;0.53;116.93
1380556890909648;12.4;35.7;Wed Nov 20 2019 11:00:10 GMT+0100 (CET);Wed Nov 20 2019 10:00:10 GMT+0100 (CET);1574244010000;0.57;126.52
1380556890909648;12.4;35.8;Wed Nov 20 2019 11:02:03 GMT+0100 (CET);Wed Nov 20 2019 10:02:03 GMT+0100 (CET);1574244123000;0.57;126.64
1380556890909648;12.4;35.7;Wed Nov 20 2019 11:03:56 GMT+0100 (CET);Wed Nov 20 2019 10:03:56 GMT+0100 (CET);1574244236000;0.55;122.54
1380556890909648;12.9;35.7;Wed Nov 20 2019 11:05:48 GMT+0100 (CET);Wed Nov 20 2019 10:05:48 GMT+0100 (CET);1574244348000;0.66;148.68
1380556890909648;12.9;35.9;Wed Nov 20 2019 11:07:42 GMT+0100 (CET);Wed Nov 20 2019 10:07:42 GMT+0100 (CET);1574244462000;0.74;163.42
1380556890909648;12.9;35.9;Wed Nov 20 2019 11:09:34 GMT+0100 (CET);Wed Nov 20 2019 10:09:34 GMT+0100 (CET);1574244574000;0.77;166.5
1380556890909648;12.9;35.6;Wed Nov 20 2019 11:11:27 GMT+0100 (CET);Wed Nov 20 2019 10:11:27 GMT+0100 (CET);1574244687000;0.64;134.9
1380556890909648;12.9;35.3;Wed Nov 20 2019 11:13:20 GMT+0100 (CET);Wed Nov 20 2019 10:13:20 GMT+0100 (CET);1574244800000;0.51;111.62
1380556890909648;12.9;35.2;Wed Nov 20 2019 11:15:13 GMT+0100 (CET);Wed Nov 20 2019 10:15:13 GMT+0100 (CET);1574244913000;0.49;107.9
1380556890909648;12.9;34.9;Wed Nov 20 2019 11:17:06 GMT+0100 (CET);Wed Nov 20 2019 10:17:06 GMT+0100 (CET);1574245026000;0.57;122.84
1380556890909648;12.9;35.4;Wed Nov 20 2019 11:19:00 GMT+0100 (CET);Wed Nov 20 2019 10:19:00 GMT+0100 (CET);1574245140000;0.6;128.97
1380556890909648;12.9;35.4;Wed Nov 20 2019 11:20:52 GMT+0100 (CET);Wed Nov 20 2019 10:20:52 GMT+0100 (CET);1574245252000;0.6;126
1380556890909648;12.9;35.3;Wed Nov 20 2019 11:23:03 GMT+0100 (CET);Wed Nov 20 2019 10:23:03 GMT+0100 (CET);1574245383000;0.56;119.18
1380556890909648;12.9;35.2;Wed Nov 20 2019 11:24:56 GMT+0100 (CET);Wed Nov 20 2019 10:24:56 GMT+0100 (CET);1574245496000;0.55;118.41
1380556890909648;12.9;35.2;Wed Nov 20 2019 11:26:49 GMT+0100 (CET);Wed Nov 20 2019 10:26:49 GMT+0100 (CET);1574245609000;0.56;119.54
1380556890909648;12.9;35.1;Wed Nov 20 2019 11:28:42 GMT+0100 (CET);Wed Nov 20 2019 10:28:42 GMT+0100 (CET);1574245722000;0.53;114.55
1380556890909648;12.9;35.1;Wed Nov 20 2019 11:30:34 GMT+0100 (CET);Wed Nov 20 2019 10:30:34 GMT+0100 (CET);1574245834000;0.54;114.78
1380556890909648;12.9;35.1;Wed Nov 20 2019 11:32:27 GMT+0100 (CET);Wed Nov 20 2019 10:32:27 GMT+0100 (CET);1574245947000;0.53;113.72
1380556890909648;12.9;35.2;Wed Nov 20 2019 11:34:20 GMT+0100 (CET);Wed Nov 20 2019 10:34:20 GMT+0100 (CET);1574246060000;0.57;121.65
1380556890909648;12.9;35.3;Wed Nov 20 2019 11:36:13 GMT+0100 (CET);Wed Nov 20 2019 10:36:13 GMT+0100 (CET);1574246173000;0.56;121.05
1380556890909648;12.9;35.3;Wed Nov 20 2019 11:38:07 GMT+0100 (CET);Wed Nov 20 2019 10:38:07 GMT+0100 (CET);1574246287000;0.57;121.94
1380556890909648;12.9;35.4;Wed Nov 20 2019 11:39:59 GMT+0100 (CET);Wed Nov 20 2019 10:39:59 GMT+0100 (CET);1574246399000;0.6;131.42
1380556890909648;12.9;35.6;Wed Nov 20 2019 11:41:53 GMT+0100 (CET);Wed Nov 20 2019 10:41:53 GMT+0100 (CET);1574246513000;0.66;143.75
1380556890909648;14.4;35.6;Wed Nov 20 2019 11:43:46 GMT+0100 (CET);Wed Nov 20 2019 10:43:46 GMT+0100 (CET);1574246626000;0.71;151.86
1380556890909648;14.4;35.6;Wed Nov 20 2019 11:45:40 GMT+0100 (CET);Wed Nov 20 2019 10:45:40 GMT+0100 (CET);1574246740000;0.75;160.07
1380556890909648;14.4;35.6;Wed Nov 20 2019 11:47:33 GMT+0100 (CET);Wed Nov 20 2019 10:47:33 GMT+0100 (CET);1574246853000;0.73;161.61
1380556890909648;14.4;35.8;Wed Nov 20 2019 11:49:25 GMT+0100 (CET);Wed Nov 20 2019 10:49:25 GMT+0100 (CET);1574246965000;0.77;169.44
1380556890909648;14.4;35.8;Wed Nov 20 2019 11:51:22 GMT+0100 (CET);Wed Nov 20 2019 10:51:22 GMT+0100 (CET);1574247082000;0.76;170.02
1380556890909648;14.4;35.8;Wed Nov 20 2019 11:53:15 GMT+0100 (CET);Wed Nov 20 2019 10:53:15 GMT+0100 (CET);1574247195000;0.71;159.74
1380556890909648;14.4;35.9;Wed Nov 20 2019 11:55:07 GMT+0100 (CET);Wed Nov 20 2019 10:55:07 GMT+0100 (CET);1574247307000;0.75;167.8
1380556890909648;14.4;36.1;Wed Nov 20 2019 11:57:00 GMT+0100 (CET);Wed Nov 20 2019 10:57:00 GMT+0100 (CET);1574247420000;0.8;179.08
1380556890909648;14.4;36;Wed Nov 20 2019 11:58:53 GMT+0100 (CET);Wed Nov 20 2019 10:58:53 GMT+0100 (CET);1574247533000;0.79;174.82
1380556890909648;14.4;35.8;Wed Nov 20 2019 12:00:46 GMT+0100 (CET);Wed Nov 20 2019 11:00:46 GMT+0100 (CET);1574247646000;0.7;156.77
1380556890909648;14.4;35.7;Wed Nov 20 2019 12:02:40 GMT+0100 (CET);Wed Nov 20 2019 11:02:40 GMT+0100 (CET);1574247760000;0.65;144.83
1380556890909648;14.4;35.8;Wed Nov 20 2019 12:04:33 GMT+0100 (CET);Wed Nov 20 2019 11:04:33 GMT+0100 (CET);1574247873000;0.67;153.17
1380556890909648;14.4;36;Wed Nov 20 2019 12:06:26 GMT+0100 (CET);Wed Nov 20 2019 11:06:26 GMT+0100 (CET);1574247986000;0.84;186.71
1380556890909648;14.4;37;Wed Nov 20 2019 12:08:19 GMT+0100 (CET);Wed Nov 20 2019 11:08:19 GMT+0100 (CET);1574248099000;1.27;355.83
1380556890909648;14.4;36.7;Wed Nov 20 2019 12:10:12 GMT+0100 (CET);Wed Nov 20 2019 11:10:12 GMT+0100 (CET);1574248212000;1.77;414.71
1380556890909648;14.9;36.7;Wed Nov 20 2019 12:12:05 GMT+0100 (CET);Wed Nov 20 2019 11:12:05 GMT+0100 (CET);1574248325000;3.07;702.64
1380556890909648;14.9;36.4;Wed Nov 20 2019 12:13:58 GMT+0100 (CET);Wed Nov 20 2019 11:13:58 GMT+0100 (CET);1574248438000;3.06;688.52
1380556890909648;16.4;34.9;Wed Nov 20 2019 12:15:50 GMT+0100 (CET);Wed Nov 20 2019 11:15:50 GMT+0100 (CET);1574248550000;0.8;180.9
1380556890909648;16.4;35.8;Wed Nov 20 2019 12:17:43 GMT+0100 (CET);Wed Nov 20 2019 11:17:43 GMT+0100 (CET);1574248663000;0.85;198.33
1380556890909648;16.4;36.1;Wed Nov 20 2019 12:19:36 GMT+0100 (CET);Wed Nov 20 2019 11:19:36 GMT+0100 (CET);1574248776000;0.94;216.77
1380556890909648;16.9;36.2;Wed Nov 20 2019 12:21:29 GMT+0100 (CET);Wed Nov 20 2019 11:21:29 GMT+0100 (CET);1574248889000;0.92;215.95
1380556890909648;16.9;36.4;Wed Nov 20 2019 12:23:21 GMT+0100 (CET);Wed Nov 20 2019 11:23:21 GMT+0100 (CET);1574249001000;0.81;193.33
1380556890909648;16.9;36.6;Wed Nov 20 2019 12:25:14 GMT+0100 (CET);Wed Nov 20 2019 11:25:14 GMT+0100 (CET);1574249114000;0.77;183.95
1380556890909648;16.9;36.6;Wed Nov 20 2019 12:27:07 GMT+0100 (CET);Wed Nov 20 2019 11:27:07 GMT+0100 (CET);1574249227000;0.74;180.26
1380556890909648;16.9;38.8;Wed Nov 20 2019 12:29:00 GMT+0100 (CET);Wed Nov 20 2019 11:29:00 GMT+0100 (CET);1574249340000;2.88;674.34
1380556890909648;18;37;Wed Nov 20 2019 12:30:52 GMT+0100 (CET);Wed Nov 20 2019 11:30:52 GMT+0100 (CET);1574249452000;2.79;656.07
1380556890909648;18;37.1;Wed Nov 20 2019 12:32:55 GMT+0100 (CET);Wed Nov 20 2019 11:32:55 GMT+0100 (CET);1574249575000;0.75;165.47
1380556890909648;18;36.7;Wed Nov 20 2019 12:34:48 GMT+0100 (CET);Wed Nov 20 2019 11:34:48 GMT+0100 (CET);1574249688000;1.05;257.11
1380556890909648;18.5;36.7;Wed Nov 20 2019 12:36:44 GMT+0100 (CET);Wed Nov 20 2019 11:36:44 GMT+0100 (CET);1574249804000;1.23;350.71
1380556890909648;18.5;37.3;Wed Nov 20 2019 12:38:37 GMT+0100 (CET);Wed Nov 20 2019 11:38:37 GMT+0100 (CET);1574249917000;0.99;211.41
1380556890909648;18.5;37.8;Wed Nov 20 2019 12:40:32 GMT+0100 (CET);Wed Nov 20 2019 11:40:32 GMT+0100 (CET);1574250032000;2.59;609.27
1380556890909648;18.5;36.7;Wed Nov 20 2019 12:42:24 GMT+0100 (CET);Wed Nov 20 2019 11:42:24 GMT+0100 (CET);1574250144000;2.7;568.31
1380556890909648;18.5;36.3;Wed Nov 20 2019 12:44:17 GMT+0100 (CET);Wed Nov 20 2019 11:44:17 GMT+0100 (CET);1574250257000;2.61;614.39
1380556890909648;18.5;36.1;Wed Nov 20 2019 12:46:11 GMT+0100 (CET);Wed Nov 20 2019 11:46:11 GMT+0100 (CET);1574250371000;2.44;542.71
1380556890909648;18.5;36.2;Wed Nov 20 2019 12:48:03 GMT+0100 (CET);Wed Nov 20 2019 11:48:03 GMT+0100 (CET);1574250483000;2.52;591.35
1380556890909648;20.5;35.9;Wed Nov 20 2019 12:49:57 GMT+0100 (CET);Wed Nov 20 2019 11:49:57 GMT+0100 (CET);1574250597000;2.59;606.71
1380556890909648;20.5;35.8;Wed Nov 20 2019 12:51:51 GMT+0100 (CET);Wed Nov 20 2019 11:51:51 GMT+0100 (CET);1574250711000;2.56;601.59
1380556890909648;20.5;35.8;Wed Nov 20 2019 12:53:50 GMT+0100 (CET);Wed Nov 20 2019 11:53:50 GMT+0100 (CET);1574250830000;2.56;599.03
1380556890909648;20.5;35.7;Wed Nov 20 2019 12:55:48 GMT+0100 (CET);Wed Nov 20 2019 11:55:48 GMT+0100 (CET);1574250948000;2.48;588.79
1380556890909648;22.5;35.6;Wed Nov 20 2019 12:57:49 GMT+0100 (CET);Wed Nov 20 2019 11:57:49 GMT+0100 (CET);1574251069000;2.5;591.35
1380556890909648;22.5;35.5;Wed Nov 20 2019 12:59:41 GMT+0100 (CET);Wed Nov 20 2019 11:59:41 GMT+0100 (CET);1574251181000;2.45;575.99
1380556890909648;22.5;35.5;Wed Nov 20 2019 13:01:35 GMT+0100 (CET);Wed Nov 20 2019 12:01:35 GMT+0100 (CET);1574251295000;2.45;575.99
1380556890909648;22.5;35.4;Wed Nov 20 2019 13:03:27 GMT+0100 (CET);Wed Nov 20 2019 12:03:27 GMT+0100 (CET);1574251407000;2.54;593.91
1380556890909648;22.5;35.4;Wed Nov 20 2019 13:05:21 GMT+0100 (CET);Wed Nov 20 2019 12:05:21 GMT+0100 (CET);1574251521000;2.47;578.55
1380556890909648;23;35.1;Wed Nov 20 2019 13:07:14 GMT+0100 (CET);Wed Nov 20 2019 12:07:14 GMT+0100 (CET);1574251634000;2.37;494.07
1380556890909648;23;36.4;Wed Nov 20 2019 13:09:07 GMT+0100 (CET);Wed Nov 20 2019 12:09:07 GMT+0100 (CET);1574251747000;2.43;573.43
1380556890909648;23;35.9;Wed Nov 20 2019 13:11:01 GMT+0100 (CET);Wed Nov 20 2019 12:11:01 GMT+0100 (CET);1574251861000;2.41;563.19
1380556890909648;23;35.5;Wed Nov 20 2019 13:12:53 GMT+0100 (CET);Wed Nov 20 2019 12:12:53 GMT+0100 (CET);1574251973000;2.44;568.31
1380556890909648;23;35.4;Wed Nov 20 2019 13:14:46 GMT+0100 (CET);Wed Nov 20 2019 12:14:46 GMT+0100 (CET);1574252086000;2.43;565.75
1380556890909648;23;35.4;Wed Nov 20 2019 13:16:41 GMT+0100 (CET);Wed Nov 20 2019 12:16:41 GMT+0100 (CET);1574252201000;2.38;555.51
1380556890909648;23;35.4;Wed Nov 20 2019 13:18:34 GMT+0100 (CET);Wed Nov 20 2019 12:18:34 GMT+0100 (CET);1574252314000;2.36;550.39
1380556890909648;23;35.4;Wed Nov 20 2019 13:20:27 GMT+0100 (CET);Wed Nov 20 2019 12:20:27 GMT+0100 (CET);1574252427000;2.35;547.83
1380556890909648;24.5;35.4;Wed Nov 20 2019 13:22:20 GMT+0100 (CET);Wed Nov 20 2019 12:22:20 GMT+0100 (CET);1574252540000;2.32;542.71
1380556890909648;24.5;35.4;Wed Nov 20 2019 13:24:14 GMT+0100 (CET);Wed Nov 20 2019 12:24:14 GMT+0100 (CET);1574252654000;2.3;540.15
1380556890909648;24.5;35.5;Wed Nov 20 2019 13:26:06 GMT+0100 (CET);Wed Nov 20 2019 12:26:06 GMT+0100 (CET);1574252766000;2.29;537.59
1380556890909648;24.5;35.6;Wed Nov 20 2019 13:28:00 GMT+0100 (CET);Wed Nov 20 2019 12:28:00 GMT+0100 (CET);1574252880000;2.27;532.47
1380556890909648;24.5;35.6;Wed Nov 20 2019 13:29:53 GMT+0100 (CET);Wed Nov 20 2019 12:29:53 GMT+0100 (CET);1574252993000;2.28;535.03
1380556890909648;24.5;35.6;Wed Nov 20 2019 13:31:45 GMT+0100 (CET);Wed Nov 20 2019 12:31:45 GMT+0100 (CET);1574253105000;2.23;522.23
1380556890909648;24.5;35.5;Wed Nov 20 2019 13:33:39 GMT+0100 (CET);Wed Nov 20 2019 12:33:39 GMT+0100 (CET);1574253219000;2.18;514.55
1380556890909648;24.5;35.6;Wed Nov 20 2019 13:35:32 GMT+0100 (CET);Wed Nov 20 2019 12:35:32 GMT+0100 (CET);1574253332000;2.23;522.23
1380556890909648;24.5;35.5;Wed Nov 20 2019 13:37:25 GMT+0100 (CET);Wed Nov 20 2019 12:37:25 GMT+0100 (CET);1574253445000;2.19;511.99
1380556890909648;24.5;35.5;Wed Nov 20 2019 13:39:17 GMT+0100 (CET);Wed Nov 20 2019 12:39:17 GMT+0100 (CET);1574253557000;2.17;511.99
1380556890909648;24.5;35.5;Wed Nov 20 2019 13:41:11 GMT+0100 (CET);Wed Nov 20 2019 12:41:11 GMT+0100 (CET);1574253671000;2.16;509.43
1380556890909648;24.5;35.5;Wed Nov 20 2019 13:43:04 GMT+0100 (CET);Wed Nov 20 2019 12:43:04 GMT+0100 (CET);1574253784000;2.13;501.75
1380556890909648;24.5;35.5;Wed Nov 20 2019 13:44:57 GMT+0100 (CET);Wed Nov 20 2019 12:44:57 GMT+0100 (CET);1574253897000;2.1;494.07
1380556890909648;24.5;35.5;Wed Nov 20 2019 13:46:53 GMT+0100 (CET);Wed Nov 20 2019 12:46:53 GMT+0100 (CET);1574254013000;2.06;483.83
1380556890909648;24.5;35.4;Wed Nov 20 2019 13:48:46 GMT+0100 (CET);Wed Nov 20 2019 12:48:46 GMT+0100 (CET);1574254126000;2.06;481.27
1380556890909648;24.5;35.4;Wed Nov 20 2019 13:50:59 GMT+0100 (CET);Wed Nov 20 2019 12:50:59 GMT+0100 (CET);1574254259000;2.03;476.15
1380556890909648;24.5;35.5;Wed Nov 20 2019 13:52:51 GMT+0100 (CET);Wed Nov 20 2019 12:52:51 GMT+0100 (CET);1574254371000;1.99;468.47
1380556890909648;24.5;35.5;Wed Nov 20 2019 13:54:46 GMT+0100 (CET);Wed Nov 20 2019 12:54:46 GMT+0100 (CET);1574254486000;1.95;463.35
1380556890909648;24.5;35.5;Wed Nov 20 2019 13:56:39 GMT+0100 (CET);Wed Nov 20 2019 12:56:39 GMT+0100 (CET);1574254599000;1.94;460.79
1380556890909648;24.5;35.5;Wed Nov 20 2019 13:58:31 GMT+0100 (CET);Wed Nov 20 2019 12:58:31 GMT+0100 (CET);1574254711000;1.93;460.79
1380556890909648;24.5;35.5;Wed Nov 20 2019 14:00:24 GMT+0100 (CET);Wed Nov 20 2019 13:00:24 GMT+0100 (CET);1574254824000;1.93;460.79
1380556890909648;24.5;35.5;Wed Nov 20 2019 14:02:20 GMT+0100 (CET);Wed Nov 20 2019 13:02:20 GMT+0100 (CET);1574254940000;1.91;450.55
1380556890909648;24.5;35.5;Wed Nov 20 2019 14:04:15 GMT+0100 (CET);Wed Nov 20 2019 13:04:15 GMT+0100 (CET);1574255055000;1.91;450.55
1380556890909648;24.5;35.5;Wed Nov 20 2019 14:06:23 GMT+0100 (CET);Wed Nov 20 2019 13:06:23 GMT+0100 (CET);1574255183000;1.87;442.87
1380556890909648;24.5;35.4;Wed Nov 20 2019 14:08:16 GMT+0100 (CET);Wed Nov 20 2019 13:08:16 GMT+0100 (CET);1574255296000;1.81;430.07
1380556890909648;24.5;35.5;Wed Nov 20 2019 14:10:09 GMT+0100 (CET);Wed Nov 20 2019 13:10:09 GMT+0100 (CET);1574255409000;1.79;419.83
1380556890909648;24.5;35.1;Wed Nov 20 2019 14:12:02 GMT+0100 (CET);Wed Nov 20 2019 13:12:02 GMT+0100 (CET);1574255522000;1.71;399.35
1380556890909648;23;35.3;Wed Nov 20 2019 14:14:00 GMT+0100 (CET);Wed Nov 20 2019 13:14:00 GMT+0100 (CET);1574255640000;1.72;404.47
1380556890909648;23;35.3;Wed Nov 20 2019 14:15:53 GMT+0100 (CET);Wed Nov 20 2019 13:15:53 GMT+0100 (CET);1574255753000;1.7;401.91
1380556890909648;23;35.3;Wed Nov 20 2019 14:17:46 GMT+0100 (CET);Wed Nov 20 2019 13:17:46 GMT+0100 (CET);1574255866000;1.64;389.11
1380556890909648;23;35.3;Wed Nov 20 2019 14:19:39 GMT+0100 (CET);Wed Nov 20 2019 13:19:39 GMT+0100 (CET);1574255979000;1.69;394.23
1380556890909648;23;35.1;Wed Nov 20 2019 14:21:32 GMT+0100 (CET);Wed Nov 20 2019 13:21:32 GMT+0100 (CET);1574256092000;1.66;389.11
1380556890909648;22.5;35.1;Wed Nov 20 2019 14:23:33 GMT+0100 (CET);Wed Nov 20 2019 13:23:33 GMT+0100 (CET);1574256213000;1.65;383.99
1380556890909648;22.5;35.2;Wed Nov 20 2019 14:25:26 GMT+0100 (CET);Wed Nov 20 2019 13:25:26 GMT+0100 (CET);1574256326000;1.64;381.43
1380556890909648;22.5;35.2;Wed Nov 20 2019 14:27:19 GMT+0100 (CET);Wed Nov 20 2019 13:27:19 GMT+0100 (CET);1574256439000;1.58;373.75
1380556890909648;22.5;35.6;Wed Nov 20 2019 14:29:11 GMT+0100 (CET);Wed Nov 20 2019 13:29:11 GMT+0100 (CET);1574256551000;1.43;343.03
1380556890909648;22.5;35.4;Wed Nov 20 2019 14:31:04 GMT+0100 (CET);Wed Nov 20 2019 13:31:04 GMT+0100 (CET);1574256664000;1.45;345.59
1380556890909648;22.5;34.9;Wed Nov 20 2019 14:32:58 GMT+0100 (CET);Wed Nov 20 2019 13:32:58 GMT+0100 (CET);1574256778000;1.02;332.79
1380556890909648;22.5;36;Wed Nov 20 2019 14:34:51 GMT+0100 (CET);Wed Nov 20 2019 13:34:51 GMT+0100 (CET);1574256891000;1.43;345.59
1380556890909648;22.5;35.5;Wed Nov 20 2019 14:36:54 GMT+0100 (CET);Wed Nov 20 2019 13:36:54 GMT+0100 (CET);1574257014000;0.48;104.9
1380556890909648;22.5;35.1;Wed Nov 20 2019 14:38:51 GMT+0100 (CET);Wed Nov 20 2019 13:38:51 GMT+0100 (CET);1574257131000;0.72;164.67
1380556890909648;20.5;35.4;Wed Nov 20 2019 14:40:52 GMT+0100 (CET);Wed Nov 20 2019 13:40:52 GMT+0100 (CET);1574257252000;0.64;143.89
1380556890909648;20.5;35.8;Wed Nov 20 2019 14:42:45 GMT+0100 (CET);Wed Nov 20 2019 13:42:45 GMT+0100 (CET);1574257365000;0.76;190.56
1380556890909648;20.5;36.1;Wed Nov 20 2019 14:44:14 GMT+0100 (CET);Wed Nov 20 2019 13:44:14 GMT+0100 (CET);1574257454000;0.87;209.91
1380556890909648;20.5;36;Wed Nov 20 2019 14:46:09 GMT+0100 (CET);Wed Nov 20 2019 13:46:09 GMT+0100 (CET);1574257569000;0.65;155.06
1380556890909648;20.5;36.3;Wed Nov 20 2019 14:48:03 GMT+0100 (CET);Wed Nov 20 2019 13:48:03 GMT+0100 (CET);1574257683000;1.12;281.27
1380556890909648;20.5;36.3;Wed Nov 20 2019 14:49:57 GMT+0100 (CET);Wed Nov 20 2019 13:49:57 GMT+0100 (CET);1574257797000;0.57;121.95
1380556890909648;18.5;36.7;Wed Nov 20 2019 14:51:56 GMT+0100 (CET);Wed Nov 20 2019 13:51:56 GMT+0100 (CET);1574257916000;1.09;285.03
1380556890909648;18.5;36.3;Wed Nov 20 2019 14:53:49 GMT+0100 (CET);Wed Nov 20 2019 13:53:49 GMT+0100 (CET);1574258029000;0.96;254.25
1380556890909648;18;36.6;Wed Nov 20 2019 14:55:43 GMT+0100 (CET);Wed Nov 20 2019 13:55:43 GMT+0100 (CET);1574258143000;1.11;283.45
1380556890909648;18;36.5;Wed Nov 20 2019 14:57:36 GMT+0100 (CET);Wed Nov 20 2019 13:57:36 GMT+0100 (CET);1574258256000;1.1;268.27
1380556890909648;18;35.5;Wed Nov 20 2019 14:59:29 GMT+0100 (CET);Wed Nov 20 2019 13:59:29 GMT+0100 (CET);1574258369000;0.84;199.64
1380556890909648;18;36.5;Wed Nov 20 2019 15:01:22 GMT+0100 (CET);Wed Nov 20 2019 14:01:22 GMT+0100 (CET);1574258482000;1.07;271.72
1380556890909648;18;35.9;Wed Nov 20 2019 15:03:24 GMT+0100 (CET);Wed Nov 20 2019 14:03:24 GMT+0100 (CET);1574258604000;0.95;232.8
1380556890909648;16.9;35.1;Wed Nov 20 2019 15:05:16 GMT+0100 (CET);Wed Nov 20 2019 14:05:16 GMT+0100 (CET);1574258716000;0.56;139.54
1380556890909648;16.9;35.5;Wed Nov 20 2019 15:07:09 GMT+0100 (CET);Wed Nov 20 2019 14:07:09 GMT+0100 (CET);1574258829000;0.53;153.03
1380556890909648;16.9;36;Wed Nov 20 2019 15:09:07 GMT+0100 (CET);Wed Nov 20 2019 14:09:07 GMT+0100 (CET);1574258947000;0.59;139.23
1380556890909648;16.9;35.3;Wed Nov 20 2019 15:11:00 GMT+0100 (CET);Wed Nov 20 2019 14:11:00 GMT+0100 (CET);1574259060000;0.37;78.9
1380556890909648;16.9;35.2;Wed Nov 20 2019 15:12:57 GMT+0100 (CET);Wed Nov 20 2019 14:12:57 GMT+0100 (CET);1574259177000;0.59;173.07
1380556890909648;16.4;37.4;Wed Nov 20 2019 15:14:50 GMT+0100 (CET);Wed Nov 20 2019 14:14:50 GMT+0100 (CET);1574259290000;0.79;224.85
1380556890909648;16.4;37.9;Wed Nov 20 2019 15:16:43 GMT+0100 (CET);Wed Nov 20 2019 14:16:43 GMT+0100 (CET);1574259403000;0.67;205.47
1380556890909648;16.4;36.6;Wed Nov 20 2019 15:18:37 GMT+0100 (CET);Wed Nov 20 2019 14:18:37 GMT+0100 (CET);1574259517000;0.59;153.31
1380556890909648;16.9;36.5;Wed Nov 20 2019 15:20:31 GMT+0100 (CET);Wed Nov 20 2019 14:20:31 GMT+0100 (CET);1574259631000;0.5;125.05
1380556890909648;16.9;37.5;Wed Nov 20 2019 15:22:23 GMT+0100 (CET);Wed Nov 20 2019 14:22:23 GMT+0100 (CET);1574259743000;0.35;95.37
1380556890909648;16.4;35.5;Wed Nov 20 2019 15:24:17 GMT+0100 (CET);Wed Nov 20 2019 14:24:17 GMT+0100 (CET);1574259857000;0.31;88.03
1380556890909648;16.4;38.6;Wed Nov 20 2019 15:26:10 GMT+0100 (CET);Wed Nov 20 2019 14:26:10 GMT+0100 (CET);1574259970000;0.44;159.7
1380556890909648;16.4;37.9;Wed Nov 20 2019 15:28:03 GMT+0100 (CET);Wed Nov 20 2019 14:28:03 GMT+0100 (CET);1574260083000;0.34;120.44
1380556890909648;16.4;39.3;Wed Nov 20 2019 15:29:56 GMT+0100 (CET);Wed Nov 20 2019 14:29:56 GMT+0100 (CET);1574260196000;0.32;156.18
1380556890909648;16.4;38.1;Wed Nov 20 2019 15:31:50 GMT+0100 (CET);Wed Nov 20 2019 14:31:50 GMT+0100 (CET);1574260310000;0.26;84.77
1380556890909648;16.4;36.2;Wed Nov 20 2019 15:33:45 GMT+0100 (CET);Wed Nov 20 2019 14:33:45 GMT+0100 (CET);1574260425000;0.22;46.83
1380556890909648;16.4;34.6;Wed Nov 20 2019 15:35:38 GMT+0100 (CET);Wed Nov 20 2019 14:35:38 GMT+0100 (CET);1574260538000;0.2;55.33
1380556890909648;16.4;33.9;Wed Nov 20 2019 15:37:32 GMT+0100 (CET);Wed Nov 20 2019 14:37:32 GMT+0100 (CET);1574260652000;0.19;54.15
1380556890909648;14.4;33.6;Wed Nov 20 2019 15:39:34 GMT+0100 (CET);Wed Nov 20 2019 14:39:34 GMT+0100 (CET);1574260774000;0.19;40.29
1380556890909648;14.4;33.5;Wed Nov 20 2019 15:41:27 GMT+0100 (CET);Wed Nov 20 2019 14:41:27 GMT+0100 (CET);1574260887000;0.19;39.54
1380556890909648;12.4;33.5;Wed Nov 20 2019 15:43:21 GMT+0100 (CET);Wed Nov 20 2019 14:43:21 GMT+0100 (CET);1574261001000;0.17;37.75
1380556890909648;12.4;33.8;Wed Nov 20 2019 15:45:13 GMT+0100 (CET);Wed Nov 20 2019 14:45:13 GMT+0100 (CET);1574261113000;0.16;38.47
1380556890909648;12.4;33.8;Wed Nov 20 2019 15:47:17 GMT+0100 (CET);Wed Nov 20 2019 14:47:17 GMT+0100 (CET);1574261237000;0.16;38.48
1380556890909648;12.4;33.7;Wed Nov 20 2019 15:49:09 GMT+0100 (CET);Wed Nov 20 2019 14:49:09 GMT+0100 (CET);1574261349000;0.16;41
1380556890909648;12.4;33.7;Wed Nov 20 2019 15:51:02 GMT+0100 (CET);Wed Nov 20 2019 14:51:02 GMT+0100 (CET);1574261462000;0.15;38.89
1380556890909648;9.9;33.7;Wed Nov 20 2019 15:52:55 GMT+0100 (CET);Wed Nov 20 2019 14:52:55 GMT+0100 (CET);1574261575000;0.14;36
1380556890909648;9.9;33.6;Wed Nov 20 2019 15:54:48 GMT+0100 (CET);Wed Nov 20 2019 14:54:48 GMT+0100 (CET);1574261688000;0.13;29.72
1380556890909648;9.9;33.3;Wed Nov 20 2019 15:56:48 GMT+0100 (CET);Wed Nov 20 2019 14:56:48 GMT+0100 (CET);1574261808000;0.12;27.89
1380556890909648;9.9;33.2;Wed Nov 20 2019 15:58:41 GMT+0100 (CET);Wed Nov 20 2019 14:58:41 GMT+0100 (CET);1574261921000;0.12;25.44
1380556890909648;9.9;33;Wed Nov 20 2019 16:00:33 GMT+0100 (CET);Wed Nov 20 2019 15:00:33 GMT+0100 (CET);1574262033000;0.1;22.42
1380556890909648;8.9;32.8;Wed Nov 20 2019 16:02:26 GMT+0100 (CET);Wed Nov 20 2019 15:02:26 GMT+0100 (CET);1574262146000;0.1;20.63
1380556890909648;8.9;32.6;Wed Nov 20 2019 16:04:19 GMT+0100 (CET);Wed Nov 20 2019 15:04:19 GMT+0100 (CET);1574262259000;0.09;19.2
1380556890909648;8.9;32.1;Wed Nov 20 2019 16:06:12 GMT+0100 (CET);Wed Nov 20 2019 15:06:12 GMT+0100 (CET);1574262372000;0.09;18.15
1380556890909648;8.9;31.7;Wed Nov 20 2019 16:08:04 GMT+0100 (CET);Wed Nov 20 2019 15:08:04 GMT+0100 (CET);1574262484000;0.09;17.35
1380556890909648;8.9;31.7;Wed Nov 20 2019 16:09:57 GMT+0100 (CET);Wed Nov 20 2019 15:09:57 GMT+0100 (CET);1574262597000;0.08;15.71
1380556890909648;8.9;31.5;Wed Nov 20 2019 16:11:53 GMT+0100 (CET);Wed Nov 20 2019 15:11:53 GMT+0100 (CET);1574262713000;0;12.7
1380556890909648;8.9;31.3;Wed Nov 20 2019 16:13:51 GMT+0100 (CET);Wed Nov 20 2019 15:13:51 GMT+0100 (CET);1574262831000;0;9.95
1380556890909648;8.9;30.3;Wed Nov 20 2019 16:15:52 GMT+0100 (CET);Wed Nov 20 2019 15:15:52 GMT+0100 (CET);1574262952000;0;8.29
1380556890909648;6.9;29.1;Wed Nov 20 2019 16:17:46 GMT+0100 (CET);Wed Nov 20 2019 15:17:46 GMT+0100 (CET);1574263066000;0;7.15
1380556890909648;6.9;29.1;Wed Nov 20 2019 16:19:39 GMT+0100 (CET);Wed Nov 20 2019 15:19:39 GMT+0100 (CET);1574263179000;0;6.18
1380556890909648;6.4;28.3;Wed Nov 20 2019 16:21:31 GMT+0100 (CET);Wed Nov 20 2019 15:21:31 GMT+0100 (CET);1574263291000;0;5.8
1380556890909648;6.4;28.2;Wed Nov 20 2019 16:23:25 GMT+0100 (CET);Wed Nov 20 2019 15:23:25 GMT+0100 (CET);1574263405000;0;4.56
1380556890909648;8.4;33.3;Wed Nov 20 2019 16:25:17 GMT+0100 (CET);Wed Nov 20 2019 15:25:17 GMT+0100 (CET);1574263517000;0;3.65
1380556890909648;8.4;26.1;Wed Nov 20 2019 16:27:11 GMT+0100 (CET);Wed Nov 20 2019 15:27:11 GMT+0100 (CET);1574263631000;0;3.67
1380556890909648;8.4;30.4;Wed Nov 20 2019 16:29:04 GMT+0100 (CET);Wed Nov 20 2019 15:29:04 GMT+0100 (CET);1574263744000;0;3.17
1380556890909648;6.4;29.9;Wed Nov 20 2019 16:30:58 GMT+0100 (CET);Wed Nov 20 2019 15:30:58 GMT+0100 (CET);1574263858000;0;2.62
1380556890909648;6.4;24.2;Wed Nov 20 2019 16:32:56 GMT+0100 (CET);Wed Nov 20 2019 15:32:56 GMT+0100 (CET);1574263976000;0;2.11
1380556890909648;6.4;20.9;Wed Nov 20 2019 16:34:49 GMT+0100 (CET);Wed Nov 20 2019 15:34:49 GMT+0100 (CET);1574264089000;0;1.56
1380556890909648;6.4;20.9;Wed Nov 20 2019 16:36:43 GMT+0100 (CET);Wed Nov 20 2019 15:36:43 GMT+0100 (CET);1574264203000;0;1.05
1380556890909648;6.4;20.9;Wed Nov 20 2019 16:38:36 GMT+0100 (CET);Wed Nov 20 2019 15:38:36 GMT+0100 (CET);1574264316000;0;0.78
1380556890909648;2.3;32.2;Thu Nov 21 2019 07:57:13 GMT+0100 (CET);Thu Nov 21 2019 06:57:13 GMT+0100 (CET);1574319433000;0;5.08
1380556890909648;2.3;33.3;Thu Nov 21 2019 07:59:06 GMT+0100 (CET);Thu Nov 21 2019 06:59:06 GMT+0100 (CET);1574319546000;0;5.72
1380556890909648;2.3;33.6;Thu Nov 21 2019 08:00:59 GMT+0100 (CET);Thu Nov 21 2019 07:00:59 GMT+0100 (CET);1574319659000;0;5.52
1380556890909648;2.3;33;Thu Nov 21 2019 08:02:51 GMT+0100 (CET);Thu Nov 21 2019 07:02:51 GMT+0100 (CET);1574319771000;0;5.21
1380556890909648;2.3;32.6;Thu Nov 21 2019 08:04:44 GMT+0100 (CET);Thu Nov 21 2019 07:04:44 GMT+0100 (CET);1574319884000;0;4.87
1380556890909648;2.3;32.6;Thu Nov 21 2019 08:06:38 GMT+0100 (CET);Thu Nov 21 2019 07:06:38 GMT+0100 (CET);1574319998000;0;4.61
1380556890909648;2.3;31.5;Thu Nov 21 2019 08:08:30 GMT+0100 (CET);Thu Nov 21 2019 07:08:30 GMT+0100 (CET);1574320110000;0;3.96
1380556890909648;2.3;30.1;Thu Nov 21 2019 08:10:23 GMT+0100 (CET);Thu Nov 21 2019 07:10:23 GMT+0100 (CET);1574320223000;0;3.34
1380556890909648;2.3;27.7;Thu Nov 21 2019 08:12:16 GMT+0100 (CET);Thu Nov 21 2019 07:12:16 GMT+0100 (CET);1574320336000;0;3.18
1380556890909648;2.3;28.5;Thu Nov 21 2019 08:14:08 GMT+0100 (CET);Thu Nov 21 2019 07:14:08 GMT+0100 (CET);1574320448000;0;3.21
1380556890909648;2.3;28.5;Thu Nov 21 2019 08:16:03 GMT+0100 (CET);Thu Nov 21 2019 07:16:03 GMT+0100 (CET);1574320563000;0;3.57
1380556890909648;2.3;30.8;Thu Nov 21 2019 08:17:55 GMT+0100 (CET);Thu Nov 21 2019 07:17:55 GMT+0100 (CET);1574320675000;0;4.24
1380556890909648;2.3;31.1;Thu Nov 21 2019 08:19:49 GMT+0100 (CET);Thu Nov 21 2019 07:19:49 GMT+0100 (CET);1574320789000;0;4.88
1380556890909648;2.3;33;Thu Nov 21 2019 08:21:43 GMT+0100 (CET);Thu Nov 21 2019 07:21:43 GMT+0100 (CET);1574320903000;0;5.47
1380556890909648;2.3;32.5;Thu Nov 21 2019 08:23:35 GMT+0100 (CET);Thu Nov 21 2019 07:23:35 GMT+0100 (CET);1574321015000;0;5.87
1380556890909648;2.3;34.1;Thu Nov 21 2019 08:25:28 GMT+0100 (CET);Thu Nov 21 2019 07:25:28 GMT+0100 (CET);1574321128000;0;6.8
1380556890909648;8.4;34.6;Thu Nov 21 2019 08:27:21 GMT+0100 (CET);Thu Nov 21 2019 07:27:21 GMT+0100 (CET);1574321241000;0;7.72
1380556890909648;8.4;28.4;Thu Nov 21 2019 08:29:13 GMT+0100 (CET);Thu Nov 21 2019 07:29:13 GMT+0100 (CET);1574321353000;0;8.27
1380556890909648;8.4;28.2;Thu Nov 21 2019 08:31:08 GMT+0100 (CET);Thu Nov 21 2019 07:31:08 GMT+0100 (CET);1574321468000;0;8.62
1380556890909648;6.4;28.4;Thu Nov 21 2019 08:33:01 GMT+0100 (CET);Thu Nov 21 2019 07:33:01 GMT+0100 (CET);1574321581000;0;9.2
1380556890909648;6.4;28.1;Thu Nov 21 2019 08:34:54 GMT+0100 (CET);Thu Nov 21 2019 07:34:54 GMT+0100 (CET);1574321694000;0;9.81
1380556890909648;4.9;28.6;Thu Nov 21 2019 08:36:47 GMT+0100 (CET);Thu Nov 21 2019 07:36:47 GMT+0100 (CET);1574321807000;0;10.75
1380556890909648;4.9;28.8;Thu Nov 21 2019 08:38:40 GMT+0100 (CET);Thu Nov 21 2019 07:38:40 GMT+0100 (CET);1574321920000;0;12.14
1380556890909648;4.9;29.6;Thu Nov 21 2019 08:40:33 GMT+0100 (CET);Thu Nov 21 2019 07:40:33 GMT+0100 (CET);1574322033000;0;13.06
1380556890909648;4.9;30.1;Thu Nov 21 2019 08:42:29 GMT+0100 (CET);Thu Nov 21 2019 07:42:29 GMT+0100 (CET);1574322149000;0.06;13.42
1380556890909648;4.9;29.7;Thu Nov 21 2019 08:44:23 GMT+0100 (CET);Thu Nov 21 2019 07:44:23 GMT+0100 (CET);1574322263000;0.06;13.36
1380556890909648;6.4;30.1;Thu Nov 21 2019 08:46:17 GMT+0100 (CET);Thu Nov 21 2019 07:46:17 GMT+0100 (CET);1574322377000;0.07;14.37
1380556890909648;6.4;30.5;Thu Nov 21 2019 08:48:10 GMT+0100 (CET);Thu Nov 21 2019 07:48:10 GMT+0100 (CET);1574322490000;0.08;16.33
1380556890909648;6.4;30.1;Thu Nov 21 2019 08:50:03 GMT+0100 (CET);Thu Nov 21 2019 07:50:03 GMT+0100 (CET);1574322603000;0.09;18.17
1380556890909648;6.4;31.3;Thu Nov 21 2019 08:51:55 GMT+0100 (CET);Thu Nov 21 2019 07:51:55 GMT+0100 (CET);1574322715000;0.09;18.75
1380556890909648;6.4;31.7;Thu Nov 21 2019 08:53:57 GMT+0100 (CET);Thu Nov 21 2019 07:53:57 GMT+0100 (CET);1574322837000;0.09;18.79
1380556890909648;6.9;31.4;Thu Nov 21 2019 08:55:51 GMT+0100 (CET);Thu Nov 21 2019 07:55:51 GMT+0100 (CET);1574322951000;0.1;19.8
1380556890909648;6.9;31.6;Thu Nov 21 2019 08:57:44 GMT+0100 (CET);Thu Nov 21 2019 07:57:44 GMT+0100 (CET);1574323064000;0.1;20.6
1380556890909648;6.9;31.8;Thu Nov 21 2019 08:59:37 GMT+0100 (CET);Thu Nov 21 2019 07:59:37 GMT+0100 (CET);1574323177000;0.1;20.15
1380556890909648;6.9;31.7;Thu Nov 21 2019 09:01:30 GMT+0100 (CET);Thu Nov 21 2019 08:01:30 GMT+0100 (CET);1574323290000;0.08;17.46
1380556890909648;6.9;31.5;Thu Nov 21 2019 09:03:23 GMT+0100 (CET);Thu Nov 21 2019 08:03:23 GMT+0100 (CET);1574323403000;0.08;16
1380556890909648;6.9;31.5;Thu Nov 21 2019 09:05:16 GMT+0100 (CET);Thu Nov 21 2019 08:05:16 GMT+0100 (CET);1574323516000;0.07;15.15
1380556890909648;6.9;30.6;Thu Nov 21 2019 09:07:11 GMT+0100 (CET);Thu Nov 21 2019 08:07:11 GMT+0100 (CET);1574323631000;0.07;15.85
1380556890909648;6.9;30.9;Thu Nov 21 2019 09:09:13 GMT+0100 (CET);Thu Nov 21 2019 08:09:13 GMT+0100 (CET);1574323753000;0.09;18.09
1380556890909648;6.9;30.9;Thu Nov 21 2019 09:11:09 GMT+0100 (CET);Thu Nov 21 2019 08:11:09 GMT+0100 (CET);1574323869000;0.11;21.8
1380556890909648;6.9;31.3;Thu Nov 21 2019 09:13:05 GMT+0100 (CET);Thu Nov 21 2019 08:13:05 GMT+0100 (CET);1574323985000;0.13;25.34
1380556890909648;6.9;31.5;Thu Nov 21 2019 09:14:57 GMT+0100 (CET);Thu Nov 21 2019 08:14:57 GMT+0100 (CET);1574324097000;0.15;29.99
1380556890909648;6.9;32.1;Thu Nov 21 2019 09:16:50 GMT+0100 (CET);Thu Nov 21 2019 08:16:50 GMT+0100 (CET);1574324210000;0.17;34.94
1380556890909648;6.9;32.2;Thu Nov 21 2019 09:18:48 GMT+0100 (CET);Thu Nov 21 2019 08:18:48 GMT+0100 (CET);1574324328000;0.2;39.71
1380556890909648;6.9;32.6;Thu Nov 21 2019 09:20:41 GMT+0100 (CET);Thu Nov 21 2019 08:20:41 GMT+0100 (CET);1574324441000;0.23;45.89
1380556890909648;6.9;33.7;Thu Nov 21 2019 09:22:36 GMT+0100 (CET);Thu Nov 21 2019 08:22:36 GMT+0100 (CET);1574324556000;0.23;47.14
1380556890909648;8.4;33.6;Thu Nov 21 2019 09:24:49 GMT+0100 (CET);Thu Nov 21 2019 08:24:49 GMT+0100 (CET);1574324689000;0.2;38.98
1380556890909648;8.4;33.5;Thu Nov 21 2019 09:26:42 GMT+0100 (CET);Thu Nov 21 2019 08:26:42 GMT+0100 (CET);1574324802000;0.17;35.72
1380556890909648;8.4;33;Thu Nov 21 2019 09:28:38 GMT+0100 (CET);Thu Nov 21 2019 08:28:38 GMT+0100 (CET);1574324918000;0.19;39.99
1380556890909648;8.4;33;Thu Nov 21 2019 09:30:30 GMT+0100 (CET);Thu Nov 21 2019 08:30:30 GMT+0100 (CET);1574325030000;0.22;45.44
1380556890909648;8.9;33.6;Thu Nov 21 2019 09:32:39 GMT+0100 (CET);Thu Nov 21 2019 08:32:39 GMT+0100 (CET);1574325159000;0.22;44.69
1380556890909648;8.9;33.5;Thu Nov 21 2019 09:34:32 GMT+0100 (CET);Thu Nov 21 2019 08:34:32 GMT+0100 (CET);1574325272000;0.18;36.32
1380556890909648;8.9;33.5;Thu Nov 21 2019 09:36:26 GMT+0100 (CET);Thu Nov 21 2019 08:36:26 GMT+0100 (CET);1574325386000;0.16;33.63
1380556890909648;8.9;33;Thu Nov 21 2019 09:38:19 GMT+0100 (CET);Thu Nov 21 2019 08:38:19 GMT+0100 (CET);1574325499000;0.17;35.7
1380556890909648;8.9;33;Thu Nov 21 2019 09:40:30 GMT+0100 (CET);Thu Nov 21 2019 08:40:30 GMT+0100 (CET);1574325630000;0.2;42.29
1380556890909648;8.9;33;Thu Nov 21 2019 09:42:23 GMT+0100 (CET);Thu Nov 21 2019 08:42:23 GMT+0100 (CET);1574325743000;0.23;47.49
1380556890909648;8.9;33.6;Thu Nov 21 2019 09:44:19 GMT+0100 (CET);Thu Nov 21 2019 08:44:19 GMT+0100 (CET);1574325859000;0.22;44.95
1380556890909648;8.9;33.6;Thu Nov 21 2019 09:46:21 GMT+0100 (CET);Thu Nov 21 2019 08:46:21 GMT+0100 (CET);1574325981000;0.19;40.07
1380556890909648;8.9;33.2;Thu Nov 21 2019 09:48:21 GMT+0100 (CET);Thu Nov 21 2019 08:48:21 GMT+0100 (CET);1574326101000;0.2;40.9
1380556890909648;8.9;33.1;Thu Nov 21 2019 09:50:14 GMT+0100 (CET);Thu Nov 21 2019 08:50:14 GMT+0100 (CET);1574326214000;0.2;39.85
1380556890909648;8.9;33.1;Thu Nov 21 2019 09:52:08 GMT+0100 (CET);Thu Nov 21 2019 08:52:08 GMT+0100 (CET);1574326328000;0.18;38.21
1380556890909648;8.9;33.1;Thu Nov 21 2019 09:54:01 GMT+0100 (CET);Thu Nov 21 2019 08:54:01 GMT+0100 (CET);1574326441000;0.18;37.16
1380556890909648;8.9;33.1;Thu Nov 21 2019 09:55:56 GMT+0100 (CET);Thu Nov 21 2019 08:55:56 GMT+0100 (CET);1574326556000;0.18;37.51
1380556890909648;8.9;32.9;Thu Nov 21 2019 09:57:49 GMT+0100 (CET);Thu Nov 21 2019 08:57:49 GMT+0100 (CET);1574326669000;0.2;40.33
1380556890909648;8.9;33.4;Thu Nov 21 2019 09:59:42 GMT+0100 (CET);Thu Nov 21 2019 08:59:42 GMT+0100 (CET);1574326782000;0.21;43.02
1380556890909648;8.9;33.4;Thu Nov 21 2019 10:01:35 GMT+0100 (CET);Thu Nov 21 2019 09:01:35 GMT+0100 (CET);1574326895000;0.22;45.31
1380556890909648;8.9;33.4;Thu Nov 21 2019 10:03:29 GMT+0100 (CET);Thu Nov 21 2019 09:03:29 GMT+0100 (CET);1574327009000;0.23;48.72
1380556890909648;8.9;33.5;Thu Nov 21 2019 10:05:22 GMT+0100 (CET);Thu Nov 21 2019 09:05:22 GMT+0100 (CET);1574327122000;0.25;50.6
1380556890909648;8.9;33.6;Thu Nov 21 2019 10:07:15 GMT+0100 (CET);Thu Nov 21 2019 09:07:15 GMT+0100 (CET);1574327235000;0.26;52.91
1380556890909648;8.9;33.6;Thu Nov 21 2019 10:09:09 GMT+0100 (CET);Thu Nov 21 2019 09:09:09 GMT+0100 (CET);1574327349000;0.28;57.27
1380556890909648;8.9;33.7;Thu Nov 21 2019 10:11:04 GMT+0100 (CET);Thu Nov 21 2019 09:11:04 GMT+0100 (CET);1574327464000;0.32;63.32
1380556890909648;8.9;34;Thu Nov 21 2019 10:12:57 GMT+0100 (CET);Thu Nov 21 2019 09:12:57 GMT+0100 (CET);1574327577000;0.32;65.74
1380556890909648;8.9;34;Thu Nov 21 2019 10:14:49 GMT+0100 (CET);Thu Nov 21 2019 09:14:49 GMT+0100 (CET);1574327689000;0.31;63.07
1380556890909648;8.9;33.9;Thu Nov 21 2019 10:16:52 GMT+0100 (CET);Thu Nov 21 2019 09:16:52 GMT+0100 (CET);1574327812000;0.29;56.92
1380556890909648;8.9;33.9;Thu Nov 21 2019 10:18:45 GMT+0100 (CET);Thu Nov 21 2019 09:18:45 GMT+0100 (CET);1574327925000;0.25;50.77
1380556890909648;9.9;33.8;Thu Nov 21 2019 10:20:41 GMT+0100 (CET);Thu Nov 21 2019 09:20:41 GMT+0100 (CET);1574328041000;0.24;48.45
1380556890909648;9.9;33.5;Thu Nov 21 2019 10:22:34 GMT+0100 (CET);Thu Nov 21 2019 09:22:34 GMT+0100 (CET);1574328154000;0.24;47.22
1380556890909648;9.9;33.5;Thu Nov 21 2019 10:24:27 GMT+0100 (CET);Thu Nov 21 2019 09:24:27 GMT+0100 (CET);1574328267000;0.23;46.89
1380556890909648;9.9;33.6;Thu Nov 21 2019 10:26:21 GMT+0100 (CET);Thu Nov 21 2019 09:26:21 GMT+0100 (CET);1574328381000;0.25;49.93
1380556890909648;9.9;33.6;Thu Nov 21 2019 10:28:14 GMT+0100 (CET);Thu Nov 21 2019 09:28:14 GMT+0100 (CET);1574328494000;0.27;54.36
1380556890909648;9.9;33.6;Thu Nov 21 2019 10:30:07 GMT+0100 (CET);Thu Nov 21 2019 09:30:07 GMT+0100 (CET);1574328607000;0.28;58.68
1380556890909648;9.9;33.9;Thu Nov 21 2019 10:32:01 GMT+0100 (CET);Thu Nov 21 2019 09:32:01 GMT+0100 (CET);1574328721000;0.32;66.39
1380556890909648;9.9;34;Thu Nov 21 2019 10:33:55 GMT+0100 (CET);Thu Nov 21 2019 09:33:55 GMT+0100 (CET);1574328835000;0.34;69.04
1380556890909648;9.9;34;Thu Nov 21 2019 10:35:48 GMT+0100 (CET);Thu Nov 21 2019 09:35:48 GMT+0100 (CET);1574328948000;0.33;66.09
1380556890909648;9.9;33.9;Thu Nov 21 2019 10:37:40 GMT+0100 (CET);Thu Nov 21 2019 09:37:40 GMT+0100 (CET);1574329060000;0.32;64.11
1380556890909648;9.9;33.8;Thu Nov 21 2019 10:40:33 GMT+0100 (CET);Thu Nov 21 2019 09:40:33 GMT+0100 (CET);1574329233000;0.32;64.43
1380556890909648;9.9;33.9;Thu Nov 21 2019 10:42:26 GMT+0100 (CET);Thu Nov 21 2019 09:42:26 GMT+0100 (CET);1574329346000;0.32;65.51
1380556890909648;9.9;33.9;Thu Nov 21 2019 10:45:19 GMT+0100 (CET);Thu Nov 21 2019 09:45:19 GMT+0100 (CET);1574329519000;0.34;69.48
1380556890909648;9.9;33.9;Thu Nov 21 2019 10:47:12 GMT+0100 (CET);Thu Nov 21 2019 09:47:12 GMT+0100 (CET);1574329632000;0.37;75.51
1380556890909648;9.9;34.2;Thu Nov 21 2019 10:49:04 GMT+0100 (CET);Thu Nov 21 2019 09:49:04 GMT+0100 (CET);1574329744000;0.4;82.71
1380556890909648;9.9;34.5;Thu Nov 21 2019 10:50:57 GMT+0100 (CET);Thu Nov 21 2019 09:50:57 GMT+0100 (CET);1574329857000;0.44;90
1380556890909648;9.9;34.6;Thu Nov 21 2019 10:52:54 GMT+0100 (CET);Thu Nov 21 2019 09:52:54 GMT+0100 (CET);1574329974000;0.49;100.77
1380556890909648;9.9;34.7;Thu Nov 21 2019 10:54:47 GMT+0100 (CET);Thu Nov 21 2019 09:54:47 GMT+0100 (CET);1574330087000;0.54;111.83
1380556890909648;9.9;35;Thu Nov 21 2019 10:56:40 GMT+0100 (CET);Thu Nov 21 2019 09:56:40 GMT+0100 (CET);1574330200000;0.58;120.12
1380556890909648;12.4;35.4;Thu Nov 21 2019 10:58:36 GMT+0100 (CET);Thu Nov 21 2019 09:58:36 GMT+0100 (CET);1574330316000;0.61;127.31
1380556890909648;12.4;35.6;Thu Nov 21 2019 11:00:31 GMT+0100 (CET);Thu Nov 21 2019 10:00:31 GMT+0100 (CET);1574330431000;0.64;134.55
1380556890909648;12.4;35.6;Thu Nov 21 2019 11:02:26 GMT+0100 (CET);Thu Nov 21 2019 10:02:26 GMT+0100 (CET);1574330546000;0.63;132.19
1380556890909648;12.4;35.4;Thu Nov 21 2019 11:04:24 GMT+0100 (CET);Thu Nov 21 2019 10:04:24 GMT+0100 (CET);1574330664000;0.61;127.9
1380556890909648;12.9;35.3;Thu Nov 21 2019 11:06:30 GMT+0100 (CET);Thu Nov 21 2019 10:06:30 GMT+0100 (CET);1574330790000;0.56;116.6
1380556890909648;12.9;34.7;Thu Nov 21 2019 11:08:28 GMT+0100 (CET);Thu Nov 21 2019 10:08:28 GMT+0100 (CET);1574330908000;0.49;101.74
1380556890909648;12.9;34.6;Thu Nov 21 2019 11:10:24 GMT+0100 (CET);Thu Nov 21 2019 10:10:24 GMT+0100 (CET);1574331024000;0.43;89.21
1380556890909648;12.9;34.5;Thu Nov 21 2019 11:12:20 GMT+0100 (CET);Thu Nov 21 2019 10:12:20 GMT+0100 (CET);1574331140000;0.38;81.12
1380556890909648;12.9;34.2;Thu Nov 21 2019 11:14:13 GMT+0100 (CET);Thu Nov 21 2019 10:14:13 GMT+0100 (CET);1574331253000;0.36;74.3
1380556890909648;12.9;34;Thu Nov 21 2019 11:16:06 GMT+0100 (CET);Thu Nov 21 2019 10:16:06 GMT+0100 (CET);1574331366000;0.35;71.63
1380556890909648;12.9;33.8;Thu Nov 21 2019 11:18:04 GMT+0100 (CET);Thu Nov 21 2019 10:18:04 GMT+0100 (CET);1574331484000;0.33;68.53
1380556890909648;12.9;33.7;Thu Nov 21 2019 11:19:58 GMT+0100 (CET);Thu Nov 21 2019 10:19:58 GMT+0100 (CET);1574331598000;0.31;64.3
1380556890909648;12.9;33.6;Thu Nov 21 2019 11:21:51 GMT+0100 (CET);Thu Nov 21 2019 10:21:51 GMT+0100 (CET);1574331711000;0.3;62.75
1380556890909648;12.9;33.6;Thu Nov 21 2019 11:23:44 GMT+0100 (CET);Thu Nov 21 2019 10:23:44 GMT+0100 (CET);1574331824000;0.31;63.22
1380556890909648;12.9;33.8;Thu Nov 21 2019 11:25:37 GMT+0100 (CET);Thu Nov 21 2019 10:25:37 GMT+0100 (CET);1574331937000;0.32;67.15
1380556890909648;12.9;33.8;Thu Nov 21 2019 11:27:29 GMT+0100 (CET);Thu Nov 21 2019 10:27:29 GMT+0100 (CET);1574332049000;0.35;71.66
1380556890909648;12.9;33.9;Thu Nov 21 2019 11:29:24 GMT+0100 (CET);Thu Nov 21 2019 10:29:24 GMT+0100 (CET);1574332164000;0.36;75.71
1380556890909648;12.9;34;Thu Nov 21 2019 11:31:17 GMT+0100 (CET);Thu Nov 21 2019 10:31:17 GMT+0100 (CET);1574332277000;0.37;76.96
1380556890909648;12.9;34;Thu Nov 21 2019 11:33:09 GMT+0100 (CET);Thu Nov 21 2019 10:33:09 GMT+0100 (CET);1574332389000;0.37;77.77
1380556890909648;12.9;34;Thu Nov 21 2019 11:35:03 GMT+0100 (CET);Thu Nov 21 2019 10:35:03 GMT+0100 (CET);1574332503000;0.38;78.66
1380556890909648;12.9;34.1;Thu Nov 21 2019 11:37:16 GMT+0100 (CET);Thu Nov 21 2019 10:37:16 GMT+0100 (CET);1574332636000;0.39;81.35
1380556890909648;12.9;34.1;Thu Nov 21 2019 11:39:09 GMT+0100 (CET);Thu Nov 21 2019 10:39:09 GMT+0100 (CET);1574332749000;0.41;84.02
1380556890909648;12.9;34.1;Thu Nov 21 2019 11:41:04 GMT+0100 (CET);Thu Nov 21 2019 10:41:04 GMT+0100 (CET);1574332864000;0.41;84.37
1380556890909648;12.9;34.1;Thu Nov 21 2019 11:42:57 GMT+0100 (CET);Thu Nov 21 2019 10:42:57 GMT+0100 (CET);1574332977000;0.39;80.85
1380556890909648;12.9;34.1;Thu Nov 21 2019 11:44:51 GMT+0100 (CET);Thu Nov 21 2019 10:44:51 GMT+0100 (CET);1574333091000;0.37;76.8
1380556890909648;12.9;34;Thu Nov 21 2019 11:46:43 GMT+0100 (CET);Thu Nov 21 2019 10:46:43 GMT+0100 (CET);1574333203000;0.35;72.97
1380556890909648;12.9;33.8;Thu Nov 21 2019 11:48:37 GMT+0100 (CET);Thu Nov 21 2019 10:48:37 GMT+0100 (CET);1574333317000;0.34;69.98
1380556890909648;12.9;33.7;Thu Nov 21 2019 11:50:29 GMT+0100 (CET);Thu Nov 21 2019 10:50:29 GMT+0100 (CET);1574333429000;0.31;64.28
1380556890909648;12.9;33.7;Thu Nov 21 2019 11:52:22 GMT+0100 (CET);Thu Nov 21 2019 10:52:22 GMT+0100 (CET);1574333542000;0.25;53.08
1380556890909648;12.9;33.6;Thu Nov 21 2019 11:54:16 GMT+0100 (CET);Thu Nov 21 2019 10:54:16 GMT+0100 (CET);1574333656000;0.21;43.7
1380556890909648;12.9;33.4;Thu Nov 21 2019 11:56:09 GMT+0100 (CET);Thu Nov 21 2019 10:56:09 GMT+0100 (CET);1574333769000;0.18;38.57
1380556890909648;12.4;33.4;Thu Nov 21 2019 11:58:02 GMT+0100 (CET);Thu Nov 21 2019 10:58:02 GMT+0100 (CET);1574333882000;0.16;34.34
1380556890909648;12.4;32.7;Thu Nov 21 2019 11:59:55 GMT+0100 (CET);Thu Nov 21 2019 10:59:55 GMT+0100 (CET);1574333995000;0.15;31.55
1380556890909648;12.4;32.3;Thu Nov 21 2019 12:01:48 GMT+0100 (CET);Thu Nov 21 2019 11:01:48 GMT+0100 (CET);1574334108000;0.14;29.55
1380556890909648;12.4;32.1;Thu Nov 21 2019 12:03:42 GMT+0100 (CET);Thu Nov 21 2019 11:03:42 GMT+0100 (CET);1574334222000;0.13;27.93
1380556890909648;12.4;32.1;Thu Nov 21 2019 12:05:35 GMT+0100 (CET);Thu Nov 21 2019 11:05:35 GMT+0100 (CET);1574334335000;0.13;26.98
1380556890909648;9.9;32.1;Thu Nov 21 2019 12:07:43 GMT+0100 (CET);Thu Nov 21 2019 11:07:43 GMT+0100 (CET);1574334463000;0.13;26.68
1380556890909648;9.9;31.7;Thu Nov 21 2019 12:09:36 GMT+0100 (CET);Thu Nov 21 2019 11:09:36 GMT+0100 (CET);1574334576000;0.13;26.52
1380556890909648;9.9;32;Thu Nov 21 2019 12:11:29 GMT+0100 (CET);Thu Nov 21 2019 11:11:29 GMT+0100 (CET);1574334689000;0.13;26.96
1380556890909648;9.9;31.9;Thu Nov 21 2019 12:13:24 GMT+0100 (CET);Thu Nov 21 2019 11:13:24 GMT+0100 (CET);1574334804000;0.13;27.61
1380556890909648;9.9;31.8;Thu Nov 21 2019 12:15:17 GMT+0100 (CET);Thu Nov 21 2019 11:15:17 GMT+0100 (CET);1574334917000;0.13;27.73
1380556890909648;9.9;32.2;Thu Nov 21 2019 12:17:10 GMT+0100 (CET);Thu Nov 21 2019 11:17:10 GMT+0100 (CET);1574335030000;0.13;27
1380556890909648;9.9;31.7;Thu Nov 21 2019 12:19:03 GMT+0100 (CET);Thu Nov 21 2019 11:19:03 GMT+0100 (CET);1574335143000;0.12;25.07
1380556890909648;9.9;31.6;Thu Nov 21 2019 12:20:55 GMT+0100 (CET);Thu Nov 21 2019 11:20:55 GMT+0100 (CET);1574335255000;0.11;23.33
1380556890909648;9.9;31.6;Thu Nov 21 2019 12:22:48 GMT+0100 (CET);Thu Nov 21 2019 11:22:48 GMT+0100 (CET);1574335368000;0.11;22.58
1380556890909648;9.9;31.2;Thu Nov 21 2019 12:24:41 GMT+0100 (CET);Thu Nov 21 2019 11:24:41 GMT+0100 (CET);1574335481000;0.1;21.8
1380556890909648;9.9;31.3;Thu Nov 21 2019 12:26:34 GMT+0100 (CET);Thu Nov 21 2019 11:26:34 GMT+0100 (CET);1574335594000;0.1;21.94
1380556890909648;9.9;31.5;Thu Nov 21 2019 12:28:30 GMT+0100 (CET);Thu Nov 21 2019 11:28:30 GMT+0100 (CET);1574335710000;0.11;22.66
1380556890909648;9.9;31.4;Thu Nov 21 2019 12:30:23 GMT+0100 (CET);Thu Nov 21 2019 11:30:23 GMT+0100 (CET);1574335823000;0.11;23.85
1380556890909648;9.9;31.5;Thu Nov 21 2019 12:32:16 GMT+0100 (CET);Thu Nov 21 2019 11:32:16 GMT+0100 (CET);1574335936000;0.12;25.02
1380556890909648;9.9;31.7;Thu Nov 21 2019 12:34:09 GMT+0100 (CET);Thu Nov 21 2019 11:34:09 GMT+0100 (CET);1574336049000;0.13;26.44
1380556890909648;8.9;31.7;Thu Nov 21 2019 12:36:04 GMT+0100 (CET);Thu Nov 21 2019 11:36:04 GMT+0100 (CET);1574336164000;0.13;26.25
1380556890909648;8.9;32.2;Thu Nov 21 2019 12:37:57 GMT+0100 (CET);Thu Nov 21 2019 11:37:57 GMT+0100 (CET);1574336277000;0.12;24.84
1380556890909648;8.9;31.7;Thu Nov 21 2019 12:39:50 GMT+0100 (CET);Thu Nov 21 2019 11:39:50 GMT+0100 (CET);1574336390000;0.11;23.31
1380556890909648;8.9;31.7;Thu Nov 21 2019 12:41:43 GMT+0100 (CET);Thu Nov 21 2019 11:41:43 GMT+0100 (CET);1574336503000;0.11;22.65
1380556890909648;8.9;31.7;Thu Nov 21 2019 12:43:36 GMT+0100 (CET);Thu Nov 21 2019 11:43:36 GMT+0100 (CET);1574336616000;0.11;22.32
1380556890909648;8.9;31.6;Thu Nov 21 2019 12:45:30 GMT+0100 (CET);Thu Nov 21 2019 11:45:30 GMT+0100 (CET);1574336730000;0.11;22.23
1380556890909648;8.9;31.6;Thu Nov 21 2019 12:47:22 GMT+0100 (CET);Thu Nov 21 2019 11:47:22 GMT+0100 (CET);1574336842000;0.11;22.7
1380556890909648;8.9;31.5;Thu Nov 21 2019 12:49:15 GMT+0100 (CET);Thu Nov 21 2019 11:49:15 GMT+0100 (CET);1574336955000;0.11;23.22
1380556890909648;10.4;31.5;Thu Nov 21 2019 12:51:08 GMT+0100 (CET);Thu Nov 21 2019 11:51:08 GMT+0100 (CET);1574337068000;0.11;22.78
1380556890909648;10.4;31.4;Thu Nov 21 2019 12:53:01 GMT+0100 (CET);Thu Nov 21 2019 11:53:01 GMT+0100 (CET);1574337181000;0.11;22.55
1380556890909648;8.9;31.6;Thu Nov 21 2019 12:54:56 GMT+0100 (CET);Thu Nov 21 2019 11:54:56 GMT+0100 (CET);1574337296000;0.11;22.64
1380556890909648;8.9;31.5;Thu Nov 21 2019 12:56:49 GMT+0100 (CET);Thu Nov 21 2019 11:56:49 GMT+0100 (CET);1574337409000;0.11;22.86
1380556890909648;8.9;31.5;Thu Nov 21 2019 12:58:46 GMT+0100 (CET);Thu Nov 21 2019 11:58:46 GMT+0100 (CET);1574337526000;0.1;22.27
1380556890909648;8.9;31.3;Thu Nov 21 2019 13:00:41 GMT+0100 (CET);Thu Nov 21 2019 12:00:41 GMT+0100 (CET);1574337641000;0.1;22.43
1380556890909648;8.9;31.4;Thu Nov 21 2019 13:02:35 GMT+0100 (CET);Thu Nov 21 2019 12:02:35 GMT+0100 (CET);1574337755000;0.11;22.43
1380556890909648;8.9;31.4;Thu Nov 21 2019 13:04:30 GMT+0100 (CET);Thu Nov 21 2019 12:04:30 GMT+0100 (CET);1574337870000;0.11;22.77
1380556890909648;8.9;31.6;Thu Nov 21 2019 13:06:31 GMT+0100 (CET);Thu Nov 21 2019 12:06:31 GMT+0100 (CET);1574337991000;0.11;24.47
1380556890909648;8.9;31.9;Thu Nov 21 2019 13:08:27 GMT+0100 (CET);Thu Nov 21 2019 12:08:27 GMT+0100 (CET);1574338107000;0.13;26.91
1380556890909648;8.9;32.4;Thu Nov 21 2019 13:10:22 GMT+0100 (CET);Thu Nov 21 2019 12:10:22 GMT+0100 (CET);1574338222000;0.15;31.11
1380556890909648;8.9;32.3;Thu Nov 21 2019 13:12:21 GMT+0100 (CET);Thu Nov 21 2019 12:12:21 GMT+0100 (CET);1574338341000;0.18;37.78
1380556890909648;8.9;32.3;Thu Nov 21 2019 13:14:16 GMT+0100 (CET);Thu Nov 21 2019 12:14:16 GMT+0100 (CET);1574338456000;0.22;46.09
1380556890909648;8.9;32.6;Thu Nov 21 2019 13:16:18 GMT+0100 (CET);Thu Nov 21 2019 12:16:18 GMT+0100 (CET);1574338578000;0.24;49.01
1380556890909648;9.9;33.2;Thu Nov 21 2019 13:19:06 GMT+0100 (CET);Thu Nov 21 2019 12:19:06 GMT+0100 (CET);1574338746000;0.17;35.31
1380556890909648;9.9;33.2;Thu Nov 21 2019 13:20:58 GMT+0100 (CET);Thu Nov 21 2019 12:20:58 GMT+0100 (CET);1574338858000;0.14;29.73
1380556890909648;9.9;33.2;Thu Nov 21 2019 13:22:51 GMT+0100 (CET);Thu Nov 21 2019 12:22:51 GMT+0100 (CET);1574338971000;0.14;29.19
1380556890909648;9.9;32.2;Thu Nov 21 2019 13:24:44 GMT+0100 (CET);Thu Nov 21 2019 12:24:44 GMT+0100 (CET);1574339084000;0.15;29.83
1380556890909648;9.9;32.2;Thu Nov 21 2019 13:26:37 GMT+0100 (CET);Thu Nov 21 2019 12:26:37 GMT+0100 (CET);1574339197000;0.15;31.27
1380556890909648;9.9;32.6;Thu Nov 21 2019 13:29:43 GMT+0100 (CET);Thu Nov 21 2019 12:29:43 GMT+0100 (CET);1574339383000;0.16;31.96
1380556890909648;9.9;32.6;Thu Nov 21 2019 13:31:42 GMT+0100 (CET);Thu Nov 21 2019 12:31:42 GMT+0100 (CET);1574339502000;0.14;29.27
1380556890909648;9.9;32.5;Thu Nov 21 2019 13:34:01 GMT+0100 (CET);Thu Nov 21 2019 12:34:01 GMT+0100 (CET);1574339641000;0.12;26.14
1380556890909648;9.9;31.9;Thu Nov 21 2019 13:35:59 GMT+0100 (CET);Thu Nov 21 2019 12:35:59 GMT+0100 (CET);1574339759000;0.11;23.38
1380556890909648;9.9;31.6;Thu Nov 21 2019 13:37:53 GMT+0100 (CET);Thu Nov 21 2019 12:37:53 GMT+0100 (CET);1574339873000;0.11;22.13
1380556890909648;9.9;31.5;Thu Nov 21 2019 13:39:51 GMT+0100 (CET);Thu Nov 21 2019 12:39:51 GMT+0100 (CET);1574339991000;0.11;22.7
1380556890909648;9.9;31.5;Thu Nov 21 2019 13:41:48 GMT+0100 (CET);Thu Nov 21 2019 12:41:48 GMT+0100 (CET);1574340108000;0.12;24.19
1380556890909648;8.9;31.6;Thu Nov 21 2019 13:43:44 GMT+0100 (CET);Thu Nov 21 2019 12:43:44 GMT+0100 (CET);1574340224000;0.12;25.95
1380556890909648;8.9;31.9;Thu Nov 21 2019 13:45:39 GMT+0100 (CET);Thu Nov 21 2019 12:45:39 GMT+0100 (CET);1574340339000;0.13;27
1380556890909648;8.9;32.1;Thu Nov 21 2019 13:47:51 GMT+0100 (CET);Thu Nov 21 2019 12:47:51 GMT+0100 (CET);1574340471000;0.13;28.01
1380556890909648;8.9;32.2;Thu Nov 21 2019 13:50:03 GMT+0100 (CET);Thu Nov 21 2019 12:50:03 GMT+0100 (CET);1574340603000;0.14;29.03
1380556890909648;8.9;32.2;Thu Nov 21 2019 13:52:00 GMT+0100 (CET);Thu Nov 21 2019 12:52:00 GMT+0100 (CET);1574340720000;0.15;30.15
1380556890909648;8.9;32.3;Thu Nov 21 2019 13:53:59 GMT+0100 (CET);Thu Nov 21 2019 12:53:59 GMT+0100 (CET);1574340839000;0.15;30.82
1380556890909648;9.9;32.5;Thu Nov 21 2019 13:55:52 GMT+0100 (CET);Thu Nov 21 2019 12:55:52 GMT+0100 (CET);1574340952000;0.15;30.75
1380556890909648;9.9;32.4;Thu Nov 21 2019 13:57:49 GMT+0100 (CET);Thu Nov 21 2019 12:57:49 GMT+0100 (CET);1574341069000;0.15;30.87
1380556890909648;9.9;32.6;Thu Nov 21 2019 13:59:42 GMT+0100 (CET);Thu Nov 21 2019 12:59:42 GMT+0100 (CET);1574341182000;0.16;31.99
1380556890909648;9.9;32.4;Thu Nov 21 2019 14:01:39 GMT+0100 (CET);Thu Nov 21 2019 13:01:39 GMT+0100 (CET);1574341299000;0.16;32.76
1380556890909648;9.9;32.6;Thu Nov 21 2019 14:03:32 GMT+0100 (CET);Thu Nov 21 2019 13:03:32 GMT+0100 (CET);1574341412000;0.16;33.19
1380556890909648;9.9;32.5;Thu Nov 21 2019 14:05:32 GMT+0100 (CET);Thu Nov 21 2019 13:05:32 GMT+0100 (CET);1574341532000;0.16;33.8
1380556890909648;9.9;32.6;Thu Nov 21 2019 14:07:34 GMT+0100 (CET);Thu Nov 21 2019 13:07:34 GMT+0100 (CET);1574341654000;0.17;34.51
1380556890909648;9.9;32.7;Thu Nov 21 2019 14:09:29 GMT+0100 (CET);Thu Nov 21 2019 13:09:29 GMT+0100 (CET);1574341769000;0.16;34.28
1380556890909648;9.9;32.6;Thu Nov 21 2019 14:11:28 GMT+0100 (CET);Thu Nov 21 2019 13:11:28 GMT+0100 (CET);1574341888000;0.16;32.88
1380556890909648;9.9;32.6;Thu Nov 21 2019 14:13:28 GMT+0100 (CET);Thu Nov 21 2019 13:13:28 GMT+0100 (CET);1574342008000;0.15;31.58
1380556890909648;9.9;32.3;Thu Nov 21 2019 14:15:25 GMT+0100 (CET);Thu Nov 21 2019 13:15:25 GMT+0100 (CET);1574342125000;0.15;31.87
1380556890909648;9.9;32.4;Thu Nov 21 2019 14:17:18 GMT+0100 (CET);Thu Nov 21 2019 13:17:18 GMT+0100 (CET);1574342238000;0.16;32.7
1380556890909648;9.9;32.6;Thu Nov 21 2019 14:19:15 GMT+0100 (CET);Thu Nov 21 2019 13:19:15 GMT+0100 (CET);1574342355000;0.16;33.55
1380556890909648;9.9;32.6;Thu Nov 21 2019 14:21:28 GMT+0100 (CET);Thu Nov 21 2019 13:21:28 GMT+0100 (CET);1574342488000;0.16;34.81
1380556890909648;9.9;32.7;Thu Nov 21 2019 14:23:27 GMT+0100 (CET);Thu Nov 21 2019 13:23:27 GMT+0100 (CET);1574342607000;0.18;37.16
1380556890909648;9.9;33.1;Thu Nov 21 2019 14:25:27 GMT+0100 (CET);Thu Nov 21 2019 13:25:27 GMT+0100 (CET);1574342727000;0.19;39.72
1380556890909648;9.9;32.8;Thu Nov 21 2019 14:27:24 GMT+0100 (CET);Thu Nov 21 2019 13:27:24 GMT+0100 (CET);1574342844000;0.2;41.87
1380556890909648;9.9;33;Thu Nov 21 2019 14:29:20 GMT+0100 (CET);Thu Nov 21 2019 13:29:20 GMT+0100 (CET);1574342960000;0.22;45.72
1380556890909648;9.9;33;Thu Nov 21 2019 14:31:22 GMT+0100 (CET);Thu Nov 21 2019 13:31:22 GMT+0100 (CET);1574343082000;0.25;52.37
1380556890909648;9.9;33.3;Thu Nov 21 2019 14:33:20 GMT+0100 (CET);Thu Nov 21 2019 13:33:20 GMT+0100 (CET);1574343200000;0.28;57.33
1380556890909648;9.9;33.4;Thu Nov 21 2019 14:35:14 GMT+0100 (CET);Thu Nov 21 2019 13:35:14 GMT+0100 (CET);1574343314000;0.3;62.08
1380556890909648;9.9;33.7;Thu Nov 21 2019 14:37:21 GMT+0100 (CET);Thu Nov 21 2019 13:37:21 GMT+0100 (CET);1574343441000;0.32;67.35
1380556890909648;9.9;33.7;Thu Nov 21 2019 14:39:20 GMT+0100 (CET);Thu Nov 21 2019 13:39:20 GMT+0100 (CET);1574343560000;0.29;61.61
1380556890909648;9.9;33.6;Thu Nov 21 2019 14:41:22 GMT+0100 (CET);Thu Nov 21 2019 13:41:22 GMT+0100 (CET);1574343682000;0.25;53.15
1380556890909648;9.9;33.6;Thu Nov 21 2019 14:43:22 GMT+0100 (CET);Thu Nov 21 2019 13:43:22 GMT+0100 (CET);1574343802000;0.21;46.82
1380556890909648;9.9;33.6;Thu Nov 21 2019 14:45:21 GMT+0100 (CET);Thu Nov 21 2019 13:45:21 GMT+0100 (CET);1574343921000;0.17;38.45
1380556890909648;9.9;33.3;Thu Nov 21 2019 14:47:20 GMT+0100 (CET);Thu Nov 21 2019 13:47:20 GMT+0100 (CET);1574344040000;0.15;32.87
1380556890909648;9.9;33.1;Thu Nov 21 2019 14:49:13 GMT+0100 (CET);Thu Nov 21 2019 13:49:13 GMT+0100 (CET);1574344153000;0.12;28.21
1380556890909648;9.9;33.1;Thu Nov 21 2019 14:51:16 GMT+0100 (CET);Thu Nov 21 2019 13:51:16 GMT+0100 (CET);1574344276000;0.11;24.01
1380556890909648;9.9;31.7;Thu Nov 21 2019 14:53:58 GMT+0100 (CET);Thu Nov 21 2019 13:53:58 GMT+0100 (CET);1574344438000;0.1;20.6
1380556890909648;9.9;31.3;Thu Nov 21 2019 14:55:56 GMT+0100 (CET);Thu Nov 21 2019 13:55:56 GMT+0100 (CET);1574344556000;0.09;18.83
1380556890909648;9.9;30.5;Thu Nov 21 2019 15:01:44 GMT+0100 (CET);Thu Nov 21 2019 14:01:44 GMT+0100 (CET);1574344904000;0.07;14.23
1380556890909648;9.9;29.9;Thu Nov 21 2019 15:03:38 GMT+0100 (CET);Thu Nov 21 2019 14:03:38 GMT+0100 (CET);1574345018000;0.07;14.58
1380556890909648;9.9;29.9;Thu Nov 21 2019 15:05:31 GMT+0100 (CET);Thu Nov 21 2019 14:05:31 GMT+0100 (CET);1574345131000;0.08;16.07
1380556890909648;8.9;29.7;Thu Nov 21 2019 15:07:24 GMT+0100 (CET);Thu Nov 21 2019 14:07:24 GMT+0100 (CET);1574345244000;0.09;19.16
1380556890909648;8.9;29.7;Thu Nov 21 2019 15:09:16 GMT+0100 (CET);Thu Nov 21 2019 14:09:16 GMT+0100 (CET);1574345356000;0.1;21.44
1380556890909648;8.9;31.2;Thu Nov 21 2019 15:11:10 GMT+0100 (CET);Thu Nov 21 2019 14:11:10 GMT+0100 (CET);1574345470000;0.1;21.43
1380556890909648;8.9;31.3;Thu Nov 21 2019 15:13:10 GMT+0100 (CET);Thu Nov 21 2019 14:13:10 GMT+0100 (CET);1574345590000;0.09;19.38
1380556890909648;8.9;30.9;Thu Nov 21 2019 15:15:04 GMT+0100 (CET);Thu Nov 21 2019 14:15:04 GMT+0100 (CET);1574345704000;0.09;18.87
1380556890909648;8.9;30.6;Thu Nov 21 2019 15:17:02 GMT+0100 (CET);Thu Nov 21 2019 14:17:02 GMT+0100 (CET);1574345822000;0.09;19.08
1380556890909648;8.9;31;Thu Nov 21 2019 15:18:59 GMT+0100 (CET);Thu Nov 21 2019 14:18:59 GMT+0100 (CET);1574345939000;0.1;20.45
1380556890909648;8.9;31;Thu Nov 21 2019 15:20:56 GMT+0100 (CET);Thu Nov 21 2019 14:20:56 GMT+0100 (CET);1574346056000;0.11;23.17
1380556890909648;8.9;30.9;Thu Nov 21 2019 15:22:54 GMT+0100 (CET);Thu Nov 21 2019 14:22:54 GMT+0100 (CET);1574346174000;0.12;25.08
1380556890909648;8.9;31.7;Thu Nov 21 2019 15:24:50 GMT+0100 (CET);Thu Nov 21 2019 14:24:50 GMT+0100 (CET);1574346290000;0.11;23.02
1380556890909648;8.9;31.7;Thu Nov 21 2019 15:26:43 GMT+0100 (CET);Thu Nov 21 2019 14:26:43 GMT+0100 (CET);1574346403000;0.08;18.16
1380556890909648;8.9;31.6;Thu Nov 21 2019 15:28:35 GMT+0100 (CET);Thu Nov 21 2019 14:28:35 GMT+0100 (CET);1574346515000;0.07;15.85
1380556890909648;8.9;31.1;Thu Nov 21 2019 15:30:28 GMT+0100 (CET);Thu Nov 21 2019 14:30:28 GMT+0100 (CET);1574346628000;0.07;14.78
1380556890909648;8.9;30.6;Thu Nov 21 2019 15:32:21 GMT+0100 (CET);Thu Nov 21 2019 14:32:21 GMT+0100 (CET);1574346741000;0;12.8
1380556890909648;8.9;30.2;Thu Nov 21 2019 15:34:14 GMT+0100 (CET);Thu Nov 21 2019 14:34:14 GMT+0100 (CET);1574346854000;0;11.71
1380556890909648;8.9;30.2;Thu Nov 21 2019 15:36:08 GMT+0100 (CET);Thu Nov 21 2019 14:36:08 GMT+0100 (CET);1574346968000;0;11.57
1380556890909648;8.9;28.7;Thu Nov 21 2019 15:38:01 GMT+0100 (CET);Thu Nov 21 2019 14:38:01 GMT+0100 (CET);1574347081000;0;11.65
1380556890909648;8.4;28.9;Thu Nov 21 2019 15:39:53 GMT+0100 (CET);Thu Nov 21 2019 14:39:53 GMT+0100 (CET);1574347193000;0;11.59
1380556890909648;8.4;28.8;Thu Nov 21 2019 15:41:46 GMT+0100 (CET);Thu Nov 21 2019 14:41:46 GMT+0100 (CET);1574347306000;0;10.07
1380556890909648;8.4;28.8;Thu Nov 21 2019 15:43:38 GMT+0100 (CET);Thu Nov 21 2019 14:43:38 GMT+0100 (CET);1574347418000;0;8.48
1380556890909648;8.4;28.9;Thu Nov 21 2019 15:45:32 GMT+0100 (CET);Thu Nov 21 2019 14:45:32 GMT+0100 (CET);1574347532000;0;7.22
1380556890909648;8.4;32.2;Thu Nov 21 2019 15:47:25 GMT+0100 (CET);Thu Nov 21 2019 14:47:25 GMT+0100 (CET);1574347645000;0;6.03
1380556890909648;8.9;33.1;Thu Nov 21 2019 15:49:18 GMT+0100 (CET);Thu Nov 21 2019 14:49:18 GMT+0100 (CET);1574347758000;0;5.16
1380556890909648;8.9;32.8;Thu Nov 21 2019 15:51:12 GMT+0100 (CET);Thu Nov 21 2019 14:51:12 GMT+0100 (CET);1574347872000;0;5.16
1380556890909648;8.9;32.6;Thu Nov 21 2019 15:53:06 GMT+0100 (CET);Thu Nov 21 2019 14:53:06 GMT+0100 (CET);1574347986000;0;5.12
1380556890909648;8.9;32.2;Thu Nov 21 2019 15:54:58 GMT+0100 (CET);Thu Nov 21 2019 14:54:58 GMT+0100 (CET);1574348098000;0;4.5
1380556890909648;8.9;31.5;Thu Nov 21 2019 15:56:52 GMT+0100 (CET);Thu Nov 21 2019 14:56:52 GMT+0100 (CET);1574348212000;0;4.2
1380556890909648;8.4;31.5;Thu Nov 21 2019 15:58:45 GMT+0100 (CET);Thu Nov 21 2019 14:58:45 GMT+0100 (CET);1574348325000;0;3.91
1380556890909648;8.4;30.9;Thu Nov 21 2019 16:00:39 GMT+0100 (CET);Thu Nov 21 2019 15:00:39 GMT+0100 (CET);1574348439000;0;3.78
1380556890909648;8.4;30.2;Thu Nov 21 2019 16:02:32 GMT+0100 (CET);Thu Nov 21 2019 15:02:32 GMT+0100 (CET);1574348552000;0;3.28
1380556890909648;8.4;28.5;Thu Nov 21 2019 16:04:26 GMT+0100 (CET);Thu Nov 21 2019 15:04:26 GMT+0100 (CET);1574348666000;0;3.36
1380556890909648;8.4;28.5;Thu Nov 21 2019 16:06:21 GMT+0100 (CET);Thu Nov 21 2019 15:06:21 GMT+0100 (CET);1574348781000;0;2.93
1380556890909648;8.4;27.8;Thu Nov 21 2019 16:08:14 GMT+0100 (CET);Thu Nov 21 2019 15:08:14 GMT+0100 (CET);1574348894000;0;2.8
1380556890909648;8.4;26.6;Thu Nov 21 2019 16:10:06 GMT+0100 (CET);Thu Nov 21 2019 15:10:06 GMT+0100 (CET);1574349006000;0;2.52
1380556890909648;6.4;23.3;Thu Nov 21 2019 16:11:59 GMT+0100 (CET);Thu Nov 21 2019 15:11:59 GMT+0100 (CET);1574349119000;0;2.53
1380556890909648;6.4;25.5;Thu Nov 21 2019 16:13:52 GMT+0100 (CET);Thu Nov 21 2019 15:13:52 GMT+0100 (CET);1574349232000;0;2.72
1380556890909648;6.4;24.8;Thu Nov 21 2019 16:15:45 GMT+0100 (CET);Thu Nov 21 2019 15:15:45 GMT+0100 (CET);1574349345000;0;2.73
1380556890909648;6.4;25.6;Thu Nov 21 2019 16:17:39 GMT+0100 (CET);Thu Nov 21 2019 15:17:39 GMT+0100 (CET);1574349459000;0;2.6
1380556890909648;6.4;27;Thu Nov 21 2019 16:19:33 GMT+0100 (CET);Thu Nov 21 2019 15:19:33 GMT+0100 (CET);1574349573000;0;2.78
1380556890909648;6.4;24.6;Thu Nov 21 2019 16:21:25 GMT+0100 (CET);Thu Nov 21 2019 15:21:25 GMT+0100 (CET);1574349685000;0;2.53
1380556890909648;6.4;24.1;Thu Nov 21 2019 16:23:18 GMT+0100 (CET);Thu Nov 21 2019 15:23:18 GMT+0100 (CET);1574349798000;0;2.06
1380556890909648;4.9;21.4;Thu Nov 21 2019 16:25:11 GMT+0100 (CET);Thu Nov 21 2019 15:25:11 GMT+0100 (CET);1574349911000;0;2.2
1380556890909648;4.9;22.1;Thu Nov 21 2019 16:27:04 GMT+0100 (CET);Thu Nov 21 2019 15:27:04 GMT+0100 (CET);1574350024000;0;2
1380556890909648;4.9;22.1;Thu Nov 21 2019 16:28:57 GMT+0100 (CET);Thu Nov 21 2019 15:28:57 GMT+0100 (CET);1574350137000;0;1.65
1380556890909648;4.9;22.1;Thu Nov 21 2019 16:30:52 GMT+0100 (CET);Thu Nov 21 2019 15:30:52 GMT+0100 (CET);1574350252000;0;1.64
1380556890909648;0.8;33;Fri Nov 22 2019 08:13:33 GMT+0100 (CET);Fri Nov 22 2019 07:13:33 GMT+0100 (CET);1574406813000;0;5.35
1380556890909648;0.8;32.8;Fri Nov 22 2019 08:15:26 GMT+0100 (CET);Fri Nov 22 2019 07:15:26 GMT+0100 (CET);1574406926000;0;5.45
1380556890909648;0.8;32.8;Fri Nov 22 2019 08:17:19 GMT+0100 (CET);Fri Nov 22 2019 07:17:19 GMT+0100 (CET);1574407039000;0;5.91
1380556890909648;0.8;33;Fri Nov 22 2019 08:19:28 GMT+0100 (CET);Fri Nov 22 2019 07:19:28 GMT+0100 (CET);1574407168000;0;6.92
1380556890909648;6.4;34.6;Fri Nov 22 2019 08:21:29 GMT+0100 (CET);Fri Nov 22 2019 07:21:29 GMT+0100 (CET);1574407289000;0;7.64
1380556890909648;6.4;31.3;Fri Nov 22 2019 08:23:22 GMT+0100 (CET);Fri Nov 22 2019 07:23:22 GMT+0100 (CET);1574407402000;0;8.72
1380556890909648;6.4;28.8;Fri Nov 22 2019 08:25:14 GMT+0100 (CET);Fri Nov 22 2019 07:25:14 GMT+0100 (CET);1574407514000;0;8.7
1380556890909648;6.4;28.6;Fri Nov 22 2019 08:27:08 GMT+0100 (CET);Fri Nov 22 2019 07:27:08 GMT+0100 (CET);1574407628000;0;10.26
1380556890909648;6.4;28.4;Fri Nov 22 2019 08:29:01 GMT+0100 (CET);Fri Nov 22 2019 07:29:01 GMT+0100 (CET);1574407741000;0;9.83
1380556890909648;6.4;28.2;Fri Nov 22 2019 08:30:54 GMT+0100 (CET);Fri Nov 22 2019 07:30:54 GMT+0100 (CET);1574407854000;0;10.36
1380556890909648;6.4;28.4;Fri Nov 22 2019 08:32:46 GMT+0100 (CET);Fri Nov 22 2019 07:32:46 GMT+0100 (CET);1574407966000;0;10.83
1380556890909648;6.4;29.1;Fri Nov 22 2019 08:34:39 GMT+0100 (CET);Fri Nov 22 2019 07:34:39 GMT+0100 (CET);1574408079000;0;10.64
1380556890909648;4.4;29.1;Fri Nov 22 2019 08:36:32 GMT+0100 (CET);Fri Nov 22 2019 07:36:32 GMT+0100 (CET);1574408192000;0;11.69
1380556890909648;4.4;29.2;Fri Nov 22 2019 08:38:25 GMT+0100 (CET);Fri Nov 22 2019 07:38:25 GMT+0100 (CET);1574408305000;0;12.14
1380556890909648;4.4;29.2;Fri Nov 22 2019 08:40:18 GMT+0100 (CET);Fri Nov 22 2019 07:40:18 GMT+0100 (CET);1574408418000;0;13.45
1380556890909648;4.4;29.2;Fri Nov 22 2019 08:42:11 GMT+0100 (CET);Fri Nov 22 2019 07:42:11 GMT+0100 (CET);1574408531000;0.08;16.79
1380556890909648;4.4;29.3;Fri Nov 22 2019 08:44:03 GMT+0100 (CET);Fri Nov 22 2019 07:44:03 GMT+0100 (CET);1574408643000;0.09;18.74
1380556890909648;4.4;31.6;Fri Nov 22 2019 08:45:56 GMT+0100 (CET);Fri Nov 22 2019 07:45:56 GMT+0100 (CET);1574408756000;0.1;19.66
1380556890909648;4.4;31.6;Fri Nov 22 2019 08:47:48 GMT+0100 (CET);Fri Nov 22 2019 07:47:48 GMT+0100 (CET);1574408868000;0.09;18.89
1380556890909648;6.4;31.3;Fri Nov 22 2019 08:49:41 GMT+0100 (CET);Fri Nov 22 2019 07:49:41 GMT+0100 (CET);1574408981000;0.1;21.93
1380556890909648;6.4;31.7;Fri Nov 22 2019 08:51:34 GMT+0100 (CET);Fri Nov 22 2019 07:51:34 GMT+0100 (CET);1574409094000;0.1;21.75
1380556890909648;6.4;31.7;Fri Nov 22 2019 08:53:27 GMT+0100 (CET);Fri Nov 22 2019 07:53:27 GMT+0100 (CET);1574409207000;0.08;18.49
1380556890909648;6.4;31.7;Fri Nov 22 2019 08:55:22 GMT+0100 (CET);Fri Nov 22 2019 07:55:22 GMT+0100 (CET);1574409322000;0.09;18.6
1380556890909648;6.4;31.7;Fri Nov 22 2019 08:57:14 GMT+0100 (CET);Fri Nov 22 2019 07:57:14 GMT+0100 (CET);1574409434000;0.09;20.13
1380556890909648;6.4;31.2;Fri Nov 22 2019 08:59:07 GMT+0100 (CET);Fri Nov 22 2019 07:59:07 GMT+0100 (CET);1574409547000;0.11;23.48
1380556890909648;6.4;31.6;Fri Nov 22 2019 09:01:00 GMT+0100 (CET);Fri Nov 22 2019 08:01:00 GMT+0100 (CET);1574409660000;0.12;25.53
1380556890909648;6.4;32.2;Fri Nov 22 2019 09:02:52 GMT+0100 (CET);Fri Nov 22 2019 08:02:52 GMT+0100 (CET);1574409772000;0.12;26.29
1380556890909648;6.4;32.3;Fri Nov 22 2019 09:04:45 GMT+0100 (CET);Fri Nov 22 2019 08:04:45 GMT+0100 (CET);1574409885000;0.12;26.29
1380556890909648;6.4;32.4;Fri Nov 22 2019 09:06:38 GMT+0100 (CET);Fri Nov 22 2019 08:06:38 GMT+0100 (CET);1574409998000;0.12;26.31
1380556890909648;6.4;32.4;Fri Nov 22 2019 09:08:32 GMT+0100 (CET);Fri Nov 22 2019 08:08:32 GMT+0100 (CET);1574410112000;0.12;24.94
1380556890909648;6.4;32.1;Fri Nov 22 2019 09:10:25 GMT+0100 (CET);Fri Nov 22 2019 08:10:25 GMT+0100 (CET);1574410225000;0.12;25.55
1380556890909648;6.9;31.9;Fri Nov 22 2019 09:12:17 GMT+0100 (CET);Fri Nov 22 2019 08:12:17 GMT+0100 (CET);1574410337000;0.14;29.72
1380556890909648;6.9;32.8;Fri Nov 22 2019 09:14:10 GMT+0100 (CET);Fri Nov 22 2019 08:14:10 GMT+0100 (CET);1574410450000;0.14;30.79
1380556890909648;6.9;32.8;Fri Nov 22 2019 09:16:03 GMT+0100 (CET);Fri Nov 22 2019 08:16:03 GMT+0100 (CET);1574410563000;0.14;30.42
1380556890909648;6.9;32.9;Fri Nov 22 2019 09:17:56 GMT+0100 (CET);Fri Nov 22 2019 08:17:56 GMT+0100 (CET);1574410676000;0.14;31.06
1380556890909648;6.9;32.6;Fri Nov 22 2019 09:19:49 GMT+0100 (CET);Fri Nov 22 2019 08:19:49 GMT+0100 (CET);1574410789000;0.17;34.85
1380556890909648;6.9;33;Fri Nov 22 2019 09:21:42 GMT+0100 (CET);Fri Nov 22 2019 08:21:42 GMT+0100 (CET);1574410902000;0.16;34.81
1380556890909648;6.9;33;Fri Nov 22 2019 09:23:34 GMT+0100 (CET);Fri Nov 22 2019 08:23:34 GMT+0100 (CET);1574411014000;0.16;33.89
1380556890909648;6.9;33.1;Fri Nov 22 2019 09:25:28 GMT+0100 (CET);Fri Nov 22 2019 08:25:28 GMT+0100 (CET);1574411128000;0.16;34.61
1380556890909648;8.4;33.1;Fri Nov 22 2019 09:27:20 GMT+0100 (CET);Fri Nov 22 2019 08:27:20 GMT+0100 (CET);1574411240000;0.15;31.69
1380556890909648;8.4;33.1;Fri Nov 22 2019 09:29:13 GMT+0100 (CET);Fri Nov 22 2019 08:29:13 GMT+0100 (CET);1574411353000;0.14;29.53
1380556890909648;8.4;32.6;Fri Nov 22 2019 09:31:07 GMT+0100 (CET);Fri Nov 22 2019 08:31:07 GMT+0100 (CET);1574411467000;0.15;31.94
1380556890909648;6.9;33;Fri Nov 22 2019 09:33:00 GMT+0100 (CET);Fri Nov 22 2019 08:33:00 GMT+0100 (CET);1574411580000;0.16;33.08
1380556890909648;6.9;33.1;Fri Nov 22 2019 09:34:53 GMT+0100 (CET);Fri Nov 22 2019 08:34:53 GMT+0100 (CET);1574411693000;0.16;34.47
1380556890909648;6.9;33.1;Fri Nov 22 2019 09:36:45 GMT+0100 (CET);Fri Nov 22 2019 08:36:45 GMT+0100 (CET);1574411805000;0.18;39.15
1380556890909648;6.9;33;Fri Nov 22 2019 09:38:40 GMT+0100 (CET);Fri Nov 22 2019 08:38:40 GMT+0100 (CET);1574411920000;0.2;41.47
1380556890909648;6.9;33.3;Fri Nov 22 2019 09:40:33 GMT+0100 (CET);Fri Nov 22 2019 08:40:33 GMT+0100 (CET);1574412033000;0.18;37.34
1380556890909648;6.9;33.3;Fri Nov 22 2019 09:42:29 GMT+0100 (CET);Fri Nov 22 2019 08:42:29 GMT+0100 (CET);1574412149000;0.18;38.57
1380556890909648;6.9;33.2;Fri Nov 22 2019 09:44:22 GMT+0100 (CET);Fri Nov 22 2019 08:44:22 GMT+0100 (CET);1574412262000;0.19;41.49
1380556890909648;8.4;33.2;Fri Nov 22 2019 09:46:14 GMT+0100 (CET);Fri Nov 22 2019 08:46:14 GMT+0100 (CET);1574412374000;0.2;39.74
1380556890909648;8.4;33.2;Fri Nov 22 2019 09:48:07 GMT+0100 (CET);Fri Nov 22 2019 08:48:07 GMT+0100 (CET);1574412487000;0.15;32.11
1380556890909648;8.4;32.5;Fri Nov 22 2019 09:50:00 GMT+0100 (CET);Fri Nov 22 2019 08:50:00 GMT+0100 (CET);1574412600000;0.15;32.07
1380556890909648;8.4;32.7;Fri Nov 22 2019 09:51:52 GMT+0100 (CET);Fri Nov 22 2019 08:51:52 GMT+0100 (CET);1574412712000;0.16;34.09
1380556890909648;8.4;33;Fri Nov 22 2019 09:53:45 GMT+0100 (CET);Fri Nov 22 2019 08:53:45 GMT+0100 (CET);1574412825000;0.16;33.65
1380556890909648;8.4;33;Fri Nov 22 2019 09:55:38 GMT+0100 (CET);Fri Nov 22 2019 08:55:38 GMT+0100 (CET);1574412938000;0.17;35.21
1380556890909648;8.4;33;Fri Nov 22 2019 09:57:30 GMT+0100 (CET);Fri Nov 22 2019 08:57:30 GMT+0100 (CET);1574413050000;0.17;35.33
1380556890909648;8.4;33;Fri Nov 22 2019 09:59:23 GMT+0100 (CET);Fri Nov 22 2019 08:59:23 GMT+0100 (CET);1574413163000;0.18;37.1
1380556890909648;8.4;33;Fri Nov 22 2019 10:01:17 GMT+0100 (CET);Fri Nov 22 2019 09:01:17 GMT+0100 (CET);1574413277000;0.18;36.64
1380556890909648;8.4;33.1;Fri Nov 22 2019 10:03:11 GMT+0100 (CET);Fri Nov 22 2019 09:03:11 GMT+0100 (CET);1574413391000;0.17;35.61
1380556890909648;8.4;32.9;Fri Nov 22 2019 10:05:03 GMT+0100 (CET);Fri Nov 22 2019 09:05:03 GMT+0100 (CET);1574413503000;0.16;33.38
1380556890909648;8.4;32.9;Fri Nov 22 2019 10:06:56 GMT+0100 (CET);Fri Nov 22 2019 09:06:56 GMT+0100 (CET);1574413616000;0.15;31.45
1380556890909648;8.4;33;Fri Nov 22 2019 10:08:49 GMT+0100 (CET);Fri Nov 22 2019 09:08:49 GMT+0100 (CET);1574413729000;0.15;31.4
1380556890909648;8.4;32.7;Fri Nov 22 2019 10:10:43 GMT+0100 (CET);Fri Nov 22 2019 09:10:43 GMT+0100 (CET);1574413843000;0.16;33.05
1380556890909648;8.4;32.7;Fri Nov 22 2019 10:12:36 GMT+0100 (CET);Fri Nov 22 2019 09:12:36 GMT+0100 (CET);1574413956000;0.17;35.08
1380556890909648;8.4;33;Fri Nov 22 2019 10:14:29 GMT+0100 (CET);Fri Nov 22 2019 09:14:29 GMT+0100 (CET);1574414069000;0.17;34.52
1380556890909648;8.4;32.9;Fri Nov 22 2019 10:16:22 GMT+0100 (CET);Fri Nov 22 2019 09:16:22 GMT+0100 (CET);1574414182000;0.12;26.42
1380556890909648;8.9;33;Fri Nov 22 2019 10:18:15 GMT+0100 (CET);Fri Nov 22 2019 09:18:15 GMT+0100 (CET);1574414295000;0.1;20.82
1380556890909648;8.9;31.4;Fri Nov 22 2019 10:20:21 GMT+0100 (CET);Fri Nov 22 2019 09:20:21 GMT+0100 (CET);1574414421000;0.1;21.32
1380556890909648;8.9;31.4;Fri Nov 22 2019 10:22:14 GMT+0100 (CET);Fri Nov 22 2019 09:22:14 GMT+0100 (CET);1574414534000;0.11;23.55
1380556890909648;8.9;31.4;Fri Nov 22 2019 10:24:06 GMT+0100 (CET);Fri Nov 22 2019 09:24:06 GMT+0100 (CET);1574414646000;0.13;27.71
1380556890909648;8.9;32.3;Fri Nov 22 2019 10:25:59 GMT+0100 (CET);Fri Nov 22 2019 09:25:59 GMT+0100 (CET);1574414759000;0.14;29.22
1380556890909648;8.4;32.5;Fri Nov 22 2019 10:27:52 GMT+0100 (CET);Fri Nov 22 2019 09:27:52 GMT+0100 (CET);1574414872000;0.15;30.92
1380556890909648;8.4;32.5;Fri Nov 22 2019 10:29:46 GMT+0100 (CET);Fri Nov 22 2019 09:29:46 GMT+0100 (CET);1574414986000;0.11;26.23
1380556890909648;8.4;32.5;Fri Nov 22 2019 10:31:39 GMT+0100 (CET);Fri Nov 22 2019 09:31:39 GMT+0100 (CET);1574415099000;0.13;28.59
1380556890909648;8.4;32.6;Fri Nov 22 2019 10:33:32 GMT+0100 (CET);Fri Nov 22 2019 09:33:32 GMT+0100 (CET);1574415212000;0.07;18.68
1380556890909648;8.4;32.5;Fri Nov 22 2019 10:35:25 GMT+0100 (CET);Fri Nov 22 2019 09:35:25 GMT+0100 (CET);1574415325000;0.1;20.98
1380556890909648;8.4;31.9;Fri Nov 22 2019 10:37:18 GMT+0100 (CET);Fri Nov 22 2019 09:37:18 GMT+0100 (CET);1574415438000;0.1;23
1380556890909648;8.4;31.5;Fri Nov 22 2019 10:39:11 GMT+0100 (CET);Fri Nov 22 2019 09:39:11 GMT+0100 (CET);1574415551000;0.09;20.35
1380556890909648;8.4;31.5;Fri Nov 22 2019 10:41:03 GMT+0100 (CET);Fri Nov 22 2019 09:41:03 GMT+0100 (CET);1574415663000;0.14;30.44
1380556890909648;8.4;31.4;Fri Nov 22 2019 10:42:56 GMT+0100 (CET);Fri Nov 22 2019 09:42:56 GMT+0100 (CET);1574415776000;0.13;26.55
1380556890909648;8.4;31.4;Fri Nov 22 2019 10:44:49 GMT+0100 (CET);Fri Nov 22 2019 09:44:49 GMT+0100 (CET);1574415889000;0.14;29.76
1380556890909648;6.9;32.2;Fri Nov 22 2019 10:46:41 GMT+0100 (CET);Fri Nov 22 2019 09:46:41 GMT+0100 (CET);1574416001000;0.19;38.94
1380556890909648;6.9;32.1;Fri Nov 22 2019 10:48:40 GMT+0100 (CET);Fri Nov 22 2019 09:48:40 GMT+0100 (CET);1574416120000;0.18;37.8
1380556890909648;6.9;33.2;Fri Nov 22 2019 10:50:33 GMT+0100 (CET);Fri Nov 22 2019 09:50:33 GMT+0100 (CET);1574416233000;0.18;38.57
1380556890909648;8.4;33.2;Fri Nov 22 2019 10:52:26 GMT+0100 (CET);Fri Nov 22 2019 09:52:26 GMT+0100 (CET);1574416346000;0.2;40.78
1380556890909648;8.4;33.2;Fri Nov 22 2019 10:54:19 GMT+0100 (CET);Fri Nov 22 2019 09:54:19 GMT+0100 (CET);1574416459000;0.21;43.45
1380556890909648;8.4;33.2;Fri Nov 22 2019 10:56:16 GMT+0100 (CET);Fri Nov 22 2019 09:56:16 GMT+0100 (CET);1574416576000;0.17;34.66
1380556890909648;8.4;33.1;Fri Nov 22 2019 10:58:09 GMT+0100 (CET);Fri Nov 22 2019 09:58:09 GMT+0100 (CET);1574416689000;0.12;26.76
1380556890909648;8.4;32.6;Fri Nov 22 2019 11:00:02 GMT+0100 (CET);Fri Nov 22 2019 10:00:02 GMT+0100 (CET);1574416802000;0.14;31.85
1380556890909648;8.4;32.2;Fri Nov 22 2019 11:01:55 GMT+0100 (CET);Fri Nov 22 2019 10:01:55 GMT+0100 (CET);1574416915000;0.24;48.6
1380556890909648;8.4;33.8;Fri Nov 22 2019 11:04:18 GMT+0100 (CET);Fri Nov 22 2019 10:04:18 GMT+0100 (CET);1574417058000;0.23;46.49
1380556890909648;8.4;33.7;Fri Nov 22 2019 11:06:01 GMT+0100 (CET);Fri Nov 22 2019 10:06:01 GMT+0100 (CET);1574417161000;0.11;26.02
1380556890909648;8.4;33.7;Fri Nov 22 2019 11:07:54 GMT+0100 (CET);Fri Nov 22 2019 10:07:54 GMT+0100 (CET);1574417274000;0.13;27.59
1380556890909648;8.4;32.2;Fri Nov 22 2019 11:09:47 GMT+0100 (CET);Fri Nov 22 2019 10:09:47 GMT+0100 (CET);1574417387000;0.12;26.58
1380556890909648;8.4;32.2;Fri Nov 22 2019 11:11:42 GMT+0100 (CET);Fri Nov 22 2019 10:11:42 GMT+0100 (CET);1574417502000;0.15;31.38
1380556890909648;8.4;32.1;Fri Nov 22 2019 11:13:35 GMT+0100 (CET);Fri Nov 22 2019 10:13:35 GMT+0100 (CET);1574417615000;0.17;35.26
1380556890909648;8.4;33;Fri Nov 22 2019 11:15:28 GMT+0100 (CET);Fri Nov 22 2019 10:15:28 GMT+0100 (CET);1574417728000;0.2;40.42
1380556890909648;8.4;33;Fri Nov 22 2019 11:17:20 GMT+0100 (CET);Fri Nov 22 2019 10:17:20 GMT+0100 (CET);1574417840000;0.23;46.32
1380556890909648;8.4;33.4;Fri Nov 22 2019 11:19:13 GMT+0100 (CET);Fri Nov 22 2019 10:19:13 GMT+0100 (CET);1574417953000;0.22;46.44
1380556890909648;8.4;33.4;Fri Nov 22 2019 11:21:06 GMT+0100 (CET);Fri Nov 22 2019 10:21:06 GMT+0100 (CET);1574418066000;0.18;38.19
1380556890909648;8.4;33.1;Fri Nov 22 2019 11:22:59 GMT+0100 (CET);Fri Nov 22 2019 10:22:59 GMT+0100 (CET);1574418179000;0.18;38.18
1380556890909648;8.4;33.1;Fri Nov 22 2019 11:24:52 GMT+0100 (CET);Fri Nov 22 2019 10:24:52 GMT+0100 (CET);1574418292000;0.19;41.2
1380556890909648;8.4;33.3;Fri Nov 22 2019 11:26:45 GMT+0100 (CET);Fri Nov 22 2019 10:26:45 GMT+0100 (CET);1574418405000;0.26;53.38
1380556890909648;8.4;33.6;Fri Nov 22 2019 11:28:38 GMT+0100 (CET);Fri Nov 22 2019 10:28:38 GMT+0100 (CET);1574418518000;0.23;49.04
1380556890909648;8.4;33.5;Fri Nov 22 2019 11:30:32 GMT+0100 (CET);Fri Nov 22 2019 10:30:32 GMT+0100 (CET);1574418632000;0.23;47.7
1380556890909648;8.4;33.4;Fri Nov 22 2019 11:32:24 GMT+0100 (CET);Fri Nov 22 2019 10:32:24 GMT+0100 (CET);1574418744000;0.23;46.05
1380556890909648;8.4;33.4;Fri Nov 22 2019 11:34:17 GMT+0100 (CET);Fri Nov 22 2019 10:34:17 GMT+0100 (CET);1574418857000;0.22;45.25
1380556890909648;8.4;33.5;Fri Nov 22 2019 11:36:10 GMT+0100 (CET);Fri Nov 22 2019 10:36:10 GMT+0100 (CET);1574418970000;0.21;43.25
1380556890909648;8.4;33.2;Fri Nov 22 2019 11:38:15 GMT+0100 (CET);Fri Nov 22 2019 10:38:15 GMT+0100 (CET);1574419095000;0.18;39.01
1380556890909648;8.4;33.4;Fri Nov 22 2019 11:40:08 GMT+0100 (CET);Fri Nov 22 2019 10:40:08 GMT+0100 (CET);1574419208000;0.22;45.38
1380556890909648;8.4;33.4;Fri Nov 22 2019 11:42:00 GMT+0100 (CET);Fri Nov 22 2019 10:42:00 GMT+0100 (CET);1574419320000;0.21;44.42
1380556890909648;8.9;33.3;Fri Nov 22 2019 11:43:53 GMT+0100 (CET);Fri Nov 22 2019 10:43:53 GMT+0100 (CET);1574419433000;0.22;45.13
1380556890909648;8.9;33.4;Fri Nov 22 2019 11:45:46 GMT+0100 (CET);Fri Nov 22 2019 10:45:46 GMT+0100 (CET);1574419546000;0.23;46.67
1380556890909648;8.9;33.6;Fri Nov 22 2019 11:47:40 GMT+0100 (CET);Fri Nov 22 2019 10:47:40 GMT+0100 (CET);1574419660000;0.23;47.9
1380556890909648;8.9;33.7;Fri Nov 22 2019 11:49:39 GMT+0100 (CET);Fri Nov 22 2019 10:49:39 GMT+0100 (CET);1574419779000;0.23;48.55
1380556890909648;8.9;33.5;Fri Nov 22 2019 11:51:32 GMT+0100 (CET);Fri Nov 22 2019 10:51:32 GMT+0100 (CET);1574419892000;0.23;47.51
1380556890909648;8.9;33.5;Fri Nov 22 2019 11:53:26 GMT+0100 (CET);Fri Nov 22 2019 10:53:26 GMT+0100 (CET);1574420006000;0.22;47.21
1380556890909648;8.9;33.5;Fri Nov 22 2019 11:55:19 GMT+0100 (CET);Fri Nov 22 2019 10:55:19 GMT+0100 (CET);1574420119000;0.22;45.9
1380556890909648;8.9;33.6;Fri Nov 22 2019 11:57:11 GMT+0100 (CET);Fri Nov 22 2019 10:57:11 GMT+0100 (CET);1574420231000;0.23;47.65
1380556890909648;8.9;33.6;Fri Nov 22 2019 11:59:04 GMT+0100 (CET);Fri Nov 22 2019 10:59:04 GMT+0100 (CET);1574420344000;0.22;47.52
1380556890909648;8.9;33.5;Fri Nov 22 2019 12:00:57 GMT+0100 (CET);Fri Nov 22 2019 11:00:57 GMT+0100 (CET);1574420457000;0.22;47.23
1380556890909648;8.9;33.5;Fri Nov 22 2019 12:02:50 GMT+0100 (CET);Fri Nov 22 2019 11:02:50 GMT+0100 (CET);1574420570000;0.23;47.52
1380556890909648;8.9;33.6;Fri Nov 22 2019 12:04:44 GMT+0100 (CET);Fri Nov 22 2019 11:04:44 GMT+0100 (CET);1574420684000;0.23;48.06
1380556890909648;8.9;33.6;Fri Nov 22 2019 12:06:41 GMT+0100 (CET);Fri Nov 22 2019 11:06:41 GMT+0100 (CET);1574420801000;0.22;47.35
1380556890909648;8.9;33.6;Fri Nov 22 2019 12:08:34 GMT+0100 (CET);Fri Nov 22 2019 11:08:34 GMT+0100 (CET);1574420914000;0.22;46.65
1380556890909648;8.9;33.6;Fri Nov 22 2019 12:10:27 GMT+0100 (CET);Fri Nov 22 2019 11:10:27 GMT+0100 (CET);1574421027000;0.24;50.32
1380556890909648;8.9;33.8;Fri Nov 22 2019 12:12:19 GMT+0100 (CET);Fri Nov 22 2019 11:12:19 GMT+0100 (CET);1574421139000;0.23;49.06
1380556890909648;8.9;33.6;Fri Nov 22 2019 12:14:12 GMT+0100 (CET);Fri Nov 22 2019 11:14:12 GMT+0100 (CET);1574421252000;0.25;52.12
1380556890909648;8.9;33.7;Fri Nov 22 2019 12:16:05 GMT+0100 (CET);Fri Nov 22 2019 11:16:05 GMT+0100 (CET);1574421365000;0.22;46.82
1380556890909648;8.9;33.4;Fri Nov 22 2019 12:17:58 GMT+0100 (CET);Fri Nov 22 2019 11:17:58 GMT+0100 (CET);1574421478000;0.22;47.53
1380556890909648;8.9;33.7;Fri Nov 22 2019 12:19:52 GMT+0100 (CET);Fri Nov 22 2019 11:19:52 GMT+0100 (CET);1574421592000;0.24;51.82
1380556890909648;8.9;33.6;Fri Nov 22 2019 12:21:55 GMT+0100 (CET);Fri Nov 22 2019 11:21:55 GMT+0100 (CET);1574421715000;0.24;51.01
1380556890909648;8.9;33.7;Fri Nov 22 2019 12:23:49 GMT+0100 (CET);Fri Nov 22 2019 11:23:49 GMT+0100 (CET);1574421829000;0.24;49.93
1380556890909648;8.9;33.6;Fri Nov 22 2019 12:25:42 GMT+0100 (CET);Fri Nov 22 2019 11:25:42 GMT+0100 (CET);1574421942000;0.24;50.06
1380556890909648;8.9;33.7;Fri Nov 22 2019 12:27:37 GMT+0100 (CET);Fri Nov 22 2019 11:27:37 GMT+0100 (CET);1574422057000;0.23;48.33
1380556890909648;8.9;33.6;Fri Nov 22 2019 12:29:31 GMT+0100 (CET);Fri Nov 22 2019 11:29:31 GMT+0100 (CET);1574422171000;0.23;47.59
1380556890909648;8.9;33.6;Fri Nov 22 2019 12:31:25 GMT+0100 (CET);Fri Nov 22 2019 11:31:25 GMT+0100 (CET);1574422285000;0.24;49.94
1380556890909648;8.9;33.6;Fri Nov 22 2019 12:33:17 GMT+0100 (CET);Fri Nov 22 2019 11:33:17 GMT+0100 (CET);1574422397000;0.23;48.98
1380556890909648;8.9;33.5;Fri Nov 22 2019 12:35:12 GMT+0100 (CET);Fri Nov 22 2019 11:35:12 GMT+0100 (CET);1574422512000;0.23;48.18
1380556890909648;8.9;33.4;Fri Nov 22 2019 12:37:20 GMT+0100 (CET);Fri Nov 22 2019 11:37:20 GMT+0100 (CET);1574422640000;0.22;46.11
1380556890909648;8.9;33.6;Fri Nov 22 2019 12:39:12 GMT+0100 (CET);Fri Nov 22 2019 11:39:12 GMT+0100 (CET);1574422752000;0.23;48.27
1380556890909648;8.9;33.6;Fri Nov 22 2019 12:41:05 GMT+0100 (CET);Fri Nov 22 2019 11:41:05 GMT+0100 (CET);1574422865000;0.24;49.58
1380556890909648;8.9;33.7;Fri Nov 22 2019 12:42:58 GMT+0100 (CET);Fri Nov 22 2019 11:42:58 GMT+0100 (CET);1574422978000;0.25;52.96
1380556890909648;8.9;33.7;Fri Nov 22 2019 12:44:53 GMT+0100 (CET);Fri Nov 22 2019 11:44:53 GMT+0100 (CET);1574423093000;0.26;53.36
1380556890909648;8.9;33.6;Fri Nov 22 2019 12:46:46 GMT+0100 (CET);Fri Nov 22 2019 11:46:46 GMT+0100 (CET);1574423206000;0.26;53.47
1380556890909648;8.9;33.8;Fri Nov 22 2019 12:48:54 GMT+0100 (CET);Fri Nov 22 2019 11:48:54 GMT+0100 (CET);1574423334000;0.28;57.45
1380556890909648;8.9;33.8;Fri Nov 22 2019 12:50:47 GMT+0100 (CET);Fri Nov 22 2019 11:50:47 GMT+0100 (CET);1574423447000;0.27;56.54
1380556890909648;8.9;33.9;Fri Nov 22 2019 12:52:51 GMT+0100 (CET);Fri Nov 22 2019 11:52:51 GMT+0100 (CET);1574423571000;0.28;60.13
1380556890909648;8.9;34;Fri Nov 22 2019 12:54:44 GMT+0100 (CET);Fri Nov 22 2019 11:54:44 GMT+0100 (CET);1574423684000;0.29;62.45
1380556890909648;8.9;33.9;Fri Nov 22 2019 12:56:36 GMT+0100 (CET);Fri Nov 22 2019 11:56:36 GMT+0100 (CET);1574423796000;0.29;60.12
1380556890909648;8.9;33.8;Fri Nov 22 2019 12:58:29 GMT+0100 (CET);Fri Nov 22 2019 11:58:29 GMT+0100 (CET);1574423909000;0.28;58.41
1380556890909648;8.9;33.9;Fri Nov 22 2019 13:00:23 GMT+0100 (CET);Fri Nov 22 2019 12:00:23 GMT+0100 (CET);1574424023000;0.29;61.01
1380556890909648;8.9;33.9;Fri Nov 22 2019 13:02:16 GMT+0100 (CET);Fri Nov 22 2019 12:02:16 GMT+0100 (CET);1574424136000;0.27;56.97
1380556890909648;8.9;33.9;Fri Nov 22 2019 13:04:09 GMT+0100 (CET);Fri Nov 22 2019 12:04:09 GMT+0100 (CET);1574424249000;0.25;52.12
1380556890909648;8.9;33.6;Fri Nov 22 2019 13:06:07 GMT+0100 (CET);Fri Nov 22 2019 12:06:07 GMT+0100 (CET);1574424367000;0.24;51.89
1380556890909648;8.9;33.8;Fri Nov 22 2019 13:08:19 GMT+0100 (CET);Fri Nov 22 2019 12:08:19 GMT+0100 (CET);1574424499000;0.26;54.92
1380556890909648;8.9;33.8;Fri Nov 22 2019 13:10:12 GMT+0100 (CET);Fri Nov 22 2019 12:10:12 GMT+0100 (CET);1574424612000;0.26;52.97
1380556890909648;8.9;33.8;Fri Nov 22 2019 13:11:47 GMT+0100 (CET);Fri Nov 22 2019 12:11:47 GMT+0100 (CET);1574424707000;0.26;53.76
1380556890909648;8.9;33.9;Fri Nov 22 2019 13:13:40 GMT+0100 (CET);Fri Nov 22 2019 12:13:40 GMT+0100 (CET);1574424820000;0.27;56.95
1380556890909648;8.9;33.8;Fri Nov 22 2019 13:15:48 GMT+0100 (CET);Fri Nov 22 2019 12:15:48 GMT+0100 (CET);1574424948000;0.27;55.43
1380556890909648;8.9;33.8;Fri Nov 22 2019 13:17:47 GMT+0100 (CET);Fri Nov 22 2019 12:17:47 GMT+0100 (CET);1574425067000;0.24;50.83
1380556890909648;8.9;33.6;Fri Nov 22 2019 13:19:40 GMT+0100 (CET);Fri Nov 22 2019 12:19:40 GMT+0100 (CET);1574425180000;0.26;53.8
1380556890909648;8.9;33.8;Fri Nov 22 2019 13:21:33 GMT+0100 (CET);Fri Nov 22 2019 12:21:33 GMT+0100 (CET);1574425293000;0.23;50.4
1380556890909648;8.9;33.6;Fri Nov 22 2019 13:23:57 GMT+0100 (CET);Fri Nov 22 2019 12:23:57 GMT+0100 (CET);1574425437000;0.24;50.91
1380556890909648;8.9;33.7;Fri Nov 22 2019 13:25:50 GMT+0100 (CET);Fri Nov 22 2019 12:25:50 GMT+0100 (CET);1574425550000;0.26;54.59
1380556890909648;8.9;33.8;Fri Nov 22 2019 13:27:44 GMT+0100 (CET);Fri Nov 22 2019 12:27:44 GMT+0100 (CET);1574425664000;0.25;52.86
1380556890909648;8.9;33.8;Fri Nov 22 2019 13:29:37 GMT+0100 (CET);Fri Nov 22 2019 12:29:37 GMT+0100 (CET);1574425777000;0.25;52.16
1380556890909648;8.9;33.8;Fri Nov 22 2019 13:31:55 GMT+0100 (CET);Fri Nov 22 2019 12:31:55 GMT+0100 (CET);1574425915000;0.23;48.86
1380556890909648;8.9;33.7;Fri Nov 22 2019 13:33:47 GMT+0100 (CET);Fri Nov 22 2019 12:33:47 GMT+0100 (CET);1574426027000;0.23;47.78
1380556890909648;8.9;33.6;Fri Nov 22 2019 13:35:41 GMT+0100 (CET);Fri Nov 22 2019 12:35:41 GMT+0100 (CET);1574426141000;0.17;36.42
1380556890909648;9.9;33.3;Fri Nov 22 2019 13:37:33 GMT+0100 (CET);Fri Nov 22 2019 12:37:33 GMT+0100 (CET);1574426253000;0.08;21.77
1380556890909648;9.9;31.7;Fri Nov 22 2019 13:39:29 GMT+0100 (CET);Fri Nov 22 2019 12:39:29 GMT+0100 (CET);1574426369000;0.07;17.24
1380556890909648;9.9;30.6;Fri Nov 22 2019 13:41:22 GMT+0100 (CET);Fri Nov 22 2019 12:41:22 GMT+0100 (CET);1574426482000;0.07;16.88
1380556890909648;8.4;30.1;Fri Nov 22 2019 13:43:15 GMT+0100 (CET);Fri Nov 22 2019 12:43:15 GMT+0100 (CET);1574426595000;0.16;32.5
1380556890909648;8.4;30.4;Fri Nov 22 2019 13:45:08 GMT+0100 (CET);Fri Nov 22 2019 12:45:08 GMT+0100 (CET);1574426708000;0.18;36.96
1380556890909648;8.4;31.6;Fri Nov 22 2019 13:47:02 GMT+0100 (CET);Fri Nov 22 2019 12:47:02 GMT+0100 (CET);1574426822000;0.11;25.64
1380556890909648;8.4;31.6;Fri Nov 22 2019 13:48:55 GMT+0100 (CET);Fri Nov 22 2019 12:48:55 GMT+0100 (CET);1574426935000;0.1;22.5
1380556890909648;8.4;31.4;Fri Nov 22 2019 13:50:47 GMT+0100 (CET);Fri Nov 22 2019 12:50:47 GMT+0100 (CET);1574427047000;0.13;28.63
1380556890909648;8.4;31.4;Fri Nov 22 2019 13:52:43 GMT+0100 (CET);Fri Nov 22 2019 12:52:43 GMT+0100 (CET);1574427163000;0.28;53.88
1380556890909648;8.4;33;Fri Nov 22 2019 13:54:56 GMT+0100 (CET);Fri Nov 22 2019 12:54:56 GMT+0100 (CET);1574427296000;0.34;70.71
1380556890909648;8.4;33.9;Fri Nov 22 2019 13:56:49 GMT+0100 (CET);Fri Nov 22 2019 12:56:49 GMT+0100 (CET);1574427409000;0.33;70.01
1380556890909648;8.4;34;Fri Nov 22 2019 13:58:42 GMT+0100 (CET);Fri Nov 22 2019 12:58:42 GMT+0100 (CET);1574427522000;0.24;51.42
1380556890909648;8.4;33.9;Fri Nov 22 2019 14:00:40 GMT+0100 (CET);Fri Nov 22 2019 13:00:40 GMT+0100 (CET);1574427640000;0.2;44.82
1380556890909648;8.9;33.5;Fri Nov 22 2019 14:02:37 GMT+0100 (CET);Fri Nov 22 2019 13:02:37 GMT+0100 (CET);1574427757000;0.18;39.99
1380556890909648;8.9;33.5;Fri Nov 22 2019 14:04:30 GMT+0100 (CET);Fri Nov 22 2019 13:04:30 GMT+0100 (CET);1574427870000;0.16;34.88
1380556890909648;8.9;33;Fri Nov 22 2019 14:06:46 GMT+0100 (CET);Fri Nov 22 2019 13:06:46 GMT+0100 (CET);1574428006000;0.16;33.93
1380556890909648;8.9;32.6;Fri Nov 22 2019 14:08:40 GMT+0100 (CET);Fri Nov 22 2019 13:08:40 GMT+0100 (CET);1574428120000;0.15;33.4
1380556890909648;8.9;32.7;Fri Nov 22 2019 14:10:33 GMT+0100 (CET);Fri Nov 22 2019 13:10:33 GMT+0100 (CET);1574428233000;0.14;30.57
1380556890909648;8.9;32.7;Fri Nov 22 2019 14:12:27 GMT+0100 (CET);Fri Nov 22 2019 13:12:27 GMT+0100 (CET);1574428347000;0.13;27.81
1380556890909648;8.9;32.7;Fri Nov 22 2019 14:14:19 GMT+0100 (CET);Fri Nov 22 2019 13:14:19 GMT+0100 (CET);1574428459000;0.12;26.18
1380556890909648;8.4;31.9;Fri Nov 22 2019 14:16:13 GMT+0100 (CET);Fri Nov 22 2019 13:16:13 GMT+0100 (CET);1574428573000;0.13;27.56
1380556890909648;8.4;32.2;Fri Nov 22 2019 14:18:09 GMT+0100 (CET);Fri Nov 22 2019 13:18:09 GMT+0100 (CET);1574428689000;0.14;30.47
1380556890909648;8.4;32.5;Fri Nov 22 2019 14:20:02 GMT+0100 (CET);Fri Nov 22 2019 13:20:02 GMT+0100 (CET);1574428802000;0.15;33.45
1380556890909648;7.9;32.8;Fri Nov 22 2019 14:21:55 GMT+0100 (CET);Fri Nov 22 2019 13:21:55 GMT+0100 (CET);1574428915000;0.18;38.25
1380556890909648;7.9;32.8;Fri Nov 22 2019 14:23:49 GMT+0100 (CET);Fri Nov 22 2019 13:23:49 GMT+0100 (CET);1574429029000;0.21;43.55
1380556890909648;8.4;32.8;Fri Nov 22 2019 14:25:46 GMT+0100 (CET);Fri Nov 22 2019 13:25:46 GMT+0100 (CET);1574429146000;0.24;51.08
1380556890909648;8.4;33.1;Fri Nov 22 2019 14:27:41 GMT+0100 (CET);Fri Nov 22 2019 13:27:41 GMT+0100 (CET);1574429261000;0.25;52.76
1380556890909648;8.4;33.7;Fri Nov 22 2019 14:29:33 GMT+0100 (CET);Fri Nov 22 2019 13:29:33 GMT+0100 (CET);1574429373000;0.23;48.85
1380556890909648;8.9;33.6;Fri Nov 22 2019 14:31:28 GMT+0100 (CET);Fri Nov 22 2019 13:31:28 GMT+0100 (CET);1574429488000;0.22;46.48
1380556890909648;8.9;33.4;Fri Nov 22 2019 14:33:49 GMT+0100 (CET);Fri Nov 22 2019 13:33:49 GMT+0100 (CET);1574429629000;0.22;45.66
1380556890909648;8.9;33.4;Fri Nov 22 2019 14:35:42 GMT+0100 (CET);Fri Nov 22 2019 13:35:42 GMT+0100 (CET);1574429742000;0.2;42.24
1380556890909648;8.9;33.4;Fri Nov 22 2019 14:37:36 GMT+0100 (CET);Fri Nov 22 2019 13:37:36 GMT+0100 (CET);1574429856000;0.2;41.66
1380556890909648;8.9;33.3;Fri Nov 22 2019 14:39:29 GMT+0100 (CET);Fri Nov 22 2019 13:39:29 GMT+0100 (CET);1574429969000;0.19;41.73
1380556890909648;8.9;33.3;Fri Nov 22 2019 14:41:33 GMT+0100 (CET);Fri Nov 22 2019 13:41:33 GMT+0100 (CET);1574430093000;0.17;37.67
1380556890909648;8.9;33;Fri Nov 22 2019 14:43:26 GMT+0100 (CET);Fri Nov 22 2019 13:43:26 GMT+0100 (CET);1574430206000;0.18;38.4
1380556890909648;8.4;33.1;Fri Nov 22 2019 14:45:18 GMT+0100 (CET);Fri Nov 22 2019 13:45:18 GMT+0100 (CET);1574430318000;0.19;40.35
1380556890909648;8.4;33.1;Fri Nov 22 2019 14:47:11 GMT+0100 (CET);Fri Nov 22 2019 13:47:11 GMT+0100 (CET);1574430431000;0.21;44.03
1380556890909648;8.4;33.4;Fri Nov 22 2019 14:49:38 GMT+0100 (CET);Fri Nov 22 2019 13:49:38 GMT+0100 (CET);1574430578000;0.2;42.5
1380556890909648;8.9;33.2;Fri Nov 22 2019 14:51:31 GMT+0100 (CET);Fri Nov 22 2019 13:51:31 GMT+0100 (CET);1574430691000;0.2;42.11
1380556890909648;8.9;33.3;Fri Nov 22 2019 14:53:24 GMT+0100 (CET);Fri Nov 22 2019 13:53:24 GMT+0100 (CET);1574430804000;0.19;41.54
1380556890909648;8.9;33.2;Fri Nov 22 2019 14:55:19 GMT+0100 (CET);Fri Nov 22 2019 13:55:19 GMT+0100 (CET);1574430919000;0.18;38.68
1380556890909648;8.9;33;Fri Nov 22 2019 14:57:11 GMT+0100 (CET);Fri Nov 22 2019 13:57:11 GMT+0100 (CET);1574431031000;0.17;37.03
1380556890909648;8.9;32.8;Fri Nov 22 2019 14:59:04 GMT+0100 (CET);Fri Nov 22 2019 13:59:04 GMT+0100 (CET);1574431144000;0.16;33.85
1380556890909648;8.9;32.8;Fri Nov 22 2019 15:00:57 GMT+0100 (CET);Fri Nov 22 2019 14:00:57 GMT+0100 (CET);1574431257000;0.12;27.73
1380556890909648;8.9;32.6;Fri Nov 22 2019 15:03:09 GMT+0100 (CET);Fri Nov 22 2019 14:03:09 GMT+0100 (CET);1574431389000;0.1;23.42
1380556890909648;8.9;31.7;Fri Nov 22 2019 15:05:04 GMT+0100 (CET);Fri Nov 22 2019 14:05:04 GMT+0100 (CET);1574431504000;0.1;21.59
1380556890909648;8.9;31.7;Fri Nov 22 2019 15:06:57 GMT+0100 (CET);Fri Nov 22 2019 14:06:57 GMT+0100 (CET);1574431617000;0.1;20.92
1380556890909648;8.4;31.4;Fri Nov 22 2019 15:08:49 GMT+0100 (CET);Fri Nov 22 2019 14:08:49 GMT+0100 (CET);1574431729000;0.1;21.17
1380556890909648;8.4;31.5;Fri Nov 22 2019 15:10:43 GMT+0100 (CET);Fri Nov 22 2019 14:10:43 GMT+0100 (CET);1574431843000;0.11;23.63
1380556890909648;8.4;31.7;Fri Nov 22 2019 15:12:37 GMT+0100 (CET);Fri Nov 22 2019 14:12:37 GMT+0100 (CET);1574431957000;0.12;26.13
1380556890909648;8.4;31.7;Fri Nov 22 2019 15:14:30 GMT+0100 (CET);Fri Nov 22 2019 14:14:30 GMT+0100 (CET);1574432070000;0.16;33.1
1380556890909648;8.4;31.8;Fri Nov 22 2019 15:16:23 GMT+0100 (CET);Fri Nov 22 2019 14:16:23 GMT+0100 (CET);1574432183000;0.17;36.13
1380556890909648;8.4;33.2;Fri Nov 22 2019 15:18:16 GMT+0100 (CET);Fri Nov 22 2019 14:18:16 GMT+0100 (CET);1574432296000;0.17;35.17
1380556890909648;8.4;32.9;Fri Nov 22 2019 15:20:28 GMT+0100 (CET);Fri Nov 22 2019 14:20:28 GMT+0100 (CET);1574432428000;0.18;37.13
1380556890909648;8.4;33;Fri Nov 22 2019 15:22:20 GMT+0100 (CET);Fri Nov 22 2019 14:22:20 GMT+0100 (CET);1574432540000;0.17;35.48
1380556890909648;8.4;33;Fri Nov 22 2019 15:24:13 GMT+0100 (CET);Fri Nov 22 2019 14:24:13 GMT+0100 (CET);1574432653000;0.16;33.61
1380556890909648;8.4;32.8;Fri Nov 22 2019 15:26:06 GMT+0100 (CET);Fri Nov 22 2019 14:26:06 GMT+0100 (CET);1574432766000;0.16;32.48
1380556890909648;8.4;32.9;Fri Nov 22 2019 15:27:58 GMT+0100 (CET);Fri Nov 22 2019 14:27:58 GMT+0100 (CET);1574432878000;0.15;31.31
1380556890909648;8.4;32.6;Fri Nov 22 2019 15:29:51 GMT+0100 (CET);Fri Nov 22 2019 14:29:51 GMT+0100 (CET);1574432991000;0.15;30.63
1380556890909648;8.4;32.6;Fri Nov 22 2019 15:31:43 GMT+0100 (CET);Fri Nov 22 2019 14:31:43 GMT+0100 (CET);1574433103000;0.14;29.35
1380556890909648;8.4;32.3;Fri Nov 22 2019 15:33:36 GMT+0100 (CET);Fri Nov 22 2019 14:33:36 GMT+0100 (CET);1574433216000;0.14;28.79
1380556890909648;8.4;32.3;Fri Nov 22 2019 15:35:52 GMT+0100 (CET);Fri Nov 22 2019 14:35:52 GMT+0100 (CET);1574433352000;0.12;24.97
1380556890909648;8.9;32.3;Fri Nov 22 2019 15:37:45 GMT+0100 (CET);Fri Nov 22 2019 14:37:45 GMT+0100 (CET);1574433465000;0.11;23.16
1380556890909648;8.9;31.8;Fri Nov 22 2019 15:39:38 GMT+0100 (CET);Fri Nov 22 2019 14:39:38 GMT+0100 (CET);1574433578000;0.1;21.9
1380556890909648;8.9;31.8;Fri Nov 22 2019 15:41:33 GMT+0100 (CET);Fri Nov 22 2019 14:41:33 GMT+0100 (CET);1574433693000;0.1;20.95
1380556890909648;8.9;31.8;Fri Nov 22 2019 15:43:30 GMT+0100 (CET);Fri Nov 22 2019 14:43:30 GMT+0100 (CET);1574433810000;0.09;19.95
1380556890909648;8.9;31.2;Fri Nov 22 2019 15:45:23 GMT+0100 (CET);Fri Nov 22 2019 14:45:23 GMT+0100 (CET);1574433923000;0.08;16.99
1380556890909648;8.9;31.2;Fri Nov 22 2019 15:47:15 GMT+0100 (CET);Fri Nov 22 2019 14:47:15 GMT+0100 (CET);1574434035000;0.07;14.79
1380556890909648;8.9;31.2;Fri Nov 22 2019 15:49:08 GMT+0100 (CET);Fri Nov 22 2019 14:49:08 GMT+0100 (CET);1574434148000;0.06;13.61
1380556890909648;8.4;31.2;Fri Nov 22 2019 15:51:33 GMT+0100 (CET);Fri Nov 22 2019 14:51:33 GMT+0100 (CET);1574434293000;0;11.27
1380556890909648;8.4;31.2;Fri Nov 22 2019 15:53:25 GMT+0100 (CET);Fri Nov 22 2019 14:53:25 GMT+0100 (CET);1574434405000;0;10.63
1380556890909648;8.4;28.8;Fri Nov 22 2019 15:55:19 GMT+0100 (CET);Fri Nov 22 2019 14:55:19 GMT+0100 (CET);1574434519000;0;9.53
1380556890909648;8.4;28.4;Fri Nov 22 2019 15:57:14 GMT+0100 (CET);Fri Nov 22 2019 14:57:14 GMT+0100 (CET);1574434634000;0;8.52
1380556890909648;8.4;28.3;Fri Nov 22 2019 15:59:07 GMT+0100 (CET);Fri Nov 22 2019 14:59:07 GMT+0100 (CET);1574434747000;0;8.37
1380556890909648;8.4;27.7;Fri Nov 22 2019 16:00:59 GMT+0100 (CET);Fri Nov 22 2019 15:00:59 GMT+0100 (CET);1574434859000;0;8.13
1380556890909648;8.4;27.3;Fri Nov 22 2019 16:02:53 GMT+0100 (CET);Fri Nov 22 2019 15:02:53 GMT+0100 (CET);1574434973000;0;7.1
1380556890909648;8.4;33.8;Fri Nov 22 2019 16:04:46 GMT+0100 (CET);Fri Nov 22 2019 15:04:46 GMT+0100 (CET);1574435086000;0;6.3
1380556890909648;8.4;32.9;Fri Nov 22 2019 16:06:42 GMT+0100 (CET);Fri Nov 22 2019 15:06:42 GMT+0100 (CET);1574435202000;0;4.91
1380556890909648;8.4;31.1;Fri Nov 22 2019 16:08:35 GMT+0100 (CET);Fri Nov 22 2019 15:08:35 GMT+0100 (CET);1574435315000;0;4.04
1380556890909648;6.9;30.1;Fri Nov 22 2019 16:10:31 GMT+0100 (CET);Fri Nov 22 2019 15:10:31 GMT+0100 (CET);1574435431000;0;3.71
1380556890909648;6.9;29.9;Fri Nov 22 2019 16:12:24 GMT+0100 (CET);Fri Nov 22 2019 15:12:24 GMT+0100 (CET);1574435544000;0;3.23
1380556890909648;6.4;29.9;Fri Nov 22 2019 16:14:19 GMT+0100 (CET);Fri Nov 22 2019 15:14:19 GMT+0100 (CET);1574435659000;0;2.74
1380556890909648;6.4;26.7;Fri Nov 22 2019 16:16:14 GMT+0100 (CET);Fri Nov 22 2019 15:16:14 GMT+0100 (CET);1574435774000;0;2.45
1380556890909648;6.4;26.7;Fri Nov 22 2019 16:18:07 GMT+0100 (CET);Fri Nov 22 2019 15:18:07 GMT+0100 (CET);1574435887000;0;1.93
1380556890909648;6.4;26.7;Fri Nov 22 2019 16:20:00 GMT+0100 (CET);Fri Nov 22 2019 15:20:00 GMT+0100 (CET);1574436000000;0;1.75
1380556890909648;-1.7;33.4;Sat Nov 23 2019 07:27:01 GMT+0100 (CET);Sat Nov 23 2019 06:27:01 GMT+0100 (CET);1574490421000;0;6.94
1380556890909648;-1.7;35.1;Sat Nov 23 2019 07:28:54 GMT+0100 (CET);Sat Nov 23 2019 06:28:54 GMT+0100 (CET);1574490534000;0;8.59
1380556890909648;-1.7;35.8;Sat Nov 23 2019 07:30:47 GMT+0100 (CET);Sat Nov 23 2019 06:30:47 GMT+0100 (CET);1574490647000;0;9
1380556890909648;2.3;30.2;Sat Nov 23 2019 07:32:40 GMT+0100 (CET);Sat Nov 23 2019 06:32:40 GMT+0100 (CET);1574490760000;0;10.47
1380556890909648;2.3;29.8;Sat Nov 23 2019 07:34:34 GMT+0100 (CET);Sat Nov 23 2019 06:34:34 GMT+0100 (CET);1574490874000;0;11.18
1380556890909648;0.8;30.2;Sat Nov 23 2019 07:36:27 GMT+0100 (CET);Sat Nov 23 2019 06:36:27 GMT+0100 (CET);1574490987000;0;11.86
1380556890909648;0.8;30.3;Sat Nov 23 2019 07:38:20 GMT+0100 (CET);Sat Nov 23 2019 06:38:20 GMT+0100 (CET);1574491100000;0;13.51
1380556890909648;0.8;31.4;Sat Nov 23 2019 07:40:15 GMT+0100 (CET);Sat Nov 23 2019 06:40:15 GMT+0100 (CET);1574491215000;0;13.37
1380556890909648;0.8;31.7;Sat Nov 23 2019 07:42:07 GMT+0100 (CET);Sat Nov 23 2019 06:42:07 GMT+0100 (CET);1574491327000;0.06;14
1380556890909648;0.8;31.9;Sat Nov 23 2019 07:44:04 GMT+0100 (CET);Sat Nov 23 2019 06:44:04 GMT+0100 (CET);1574491444000;0.06;15.56
1380556890909648;0.8;32.2;Sat Nov 23 2019 07:45:59 GMT+0100 (CET);Sat Nov 23 2019 06:45:59 GMT+0100 (CET);1574491559000;0.07;16.19
1380556890909648;0.8;32.6;Sat Nov 23 2019 07:47:52 GMT+0100 (CET);Sat Nov 23 2019 06:47:52 GMT+0100 (CET);1574491672000;0.07;16.77
1380556890909648;2.3;32.9;Sat Nov 23 2019 07:49:56 GMT+0100 (CET);Sat Nov 23 2019 06:49:56 GMT+0100 (CET);1574491796000;0.08;17.67
1380556890909648;2.3;33.1;Sat Nov 23 2019 07:51:50 GMT+0100 (CET);Sat Nov 23 2019 06:51:50 GMT+0100 (CET);1574491910000;0.09;19.97
1380556890909648;2.3;33.6;Sat Nov 23 2019 07:53:43 GMT+0100 (CET);Sat Nov 23 2019 06:53:43 GMT+0100 (CET);1574492023000;0.1;21.33
1380556890909648;2.8;33.8;Sat Nov 23 2019 07:55:36 GMT+0100 (CET);Sat Nov 23 2019 06:55:36 GMT+0100 (CET);1574492136000;0.1;23.36
1380556890909648;2.8;34;Sat Nov 23 2019 07:57:35 GMT+0100 (CET);Sat Nov 23 2019 06:57:35 GMT+0100 (CET);1574492255000;0.11;24.97
1380556890909648;4.4;34.2;Sat Nov 23 2019 07:59:27 GMT+0100 (CET);Sat Nov 23 2019 06:59:27 GMT+0100 (CET);1574492367000;0.12;26.35
1380556890909648;4.4;34.2;Sat Nov 23 2019 08:01:20 GMT+0100 (CET);Sat Nov 23 2019 07:01:20 GMT+0100 (CET);1574492480000;0.12;28.35
1380556890909648;4.4;34.6;Sat Nov 23 2019 08:03:13 GMT+0100 (CET);Sat Nov 23 2019 07:03:13 GMT+0100 (CET);1574492593000;0.13;29.76
1380556890909648;4.4;34.7;Sat Nov 23 2019 08:05:08 GMT+0100 (CET);Sat Nov 23 2019 07:05:08 GMT+0100 (CET);1574492708000;0.13;31.08
1380556890909648;4.4;34.8;Sat Nov 23 2019 08:07:04 GMT+0100 (CET);Sat Nov 23 2019 07:07:04 GMT+0100 (CET);1574492824000;0.14;32.72
1380556890909648;4.4;34.9;Sat Nov 23 2019 08:08:57 GMT+0100 (CET);Sat Nov 23 2019 07:08:57 GMT+0100 (CET);1574492937000;0.14;33.7
1380556890909648;4.4;35;Sat Nov 23 2019 08:10:50 GMT+0100 (CET);Sat Nov 23 2019 07:10:50 GMT+0100 (CET);1574493050000;0.14;34.47
1380556890909648;4.4;35.1;Sat Nov 23 2019 08:12:44 GMT+0100 (CET);Sat Nov 23 2019 07:12:44 GMT+0100 (CET);1574493164000;0.14;34.76
1380556890909648;4.4;35.1;Sat Nov 23 2019 08:14:37 GMT+0100 (CET);Sat Nov 23 2019 07:14:37 GMT+0100 (CET);1574493277000;0.15;35.24
1380556890909648;4.4;35.1;Sat Nov 23 2019 08:16:32 GMT+0100 (CET);Sat Nov 23 2019 07:16:32 GMT+0100 (CET);1574493392000;0.15;35.21
1380556890909648;4.9;35.2;Sat Nov 23 2019 08:18:35 GMT+0100 (CET);Sat Nov 23 2019 07:18:35 GMT+0100 (CET);1574493515000;0.15;36.23
1380556890909648;4.9;35.3;Sat Nov 23 2019 08:20:31 GMT+0100 (CET);Sat Nov 23 2019 07:20:31 GMT+0100 (CET);1574493631000;0.15;36.8
1380556890909648;4.9;35.3;Sat Nov 23 2019 08:22:23 GMT+0100 (CET);Sat Nov 23 2019 07:22:23 GMT+0100 (CET);1574493743000;0.15;37.1
1380556890909648;4.9;35.3;Sat Nov 23 2019 08:24:17 GMT+0100 (CET);Sat Nov 23 2019 07:24:17 GMT+0100 (CET);1574493857000;0.15;37.76
1380556890909648;4.9;35.3;Sat Nov 23 2019 08:26:10 GMT+0100 (CET);Sat Nov 23 2019 07:26:10 GMT+0100 (CET);1574493970000;0.15;38.54
1380556890909648;4.9;35.3;Sat Nov 23 2019 08:28:03 GMT+0100 (CET);Sat Nov 23 2019 07:28:03 GMT+0100 (CET);1574494083000;0.15;39.38
1380556890909648;4.9;35.3;Sat Nov 23 2019 08:30:00 GMT+0100 (CET);Sat Nov 23 2019 07:30:00 GMT+0100 (CET);1574494200000;0.15;46.98
1380556890909648;4.9;35.4;Sat Nov 23 2019 08:31:52 GMT+0100 (CET);Sat Nov 23 2019 07:31:52 GMT+0100 (CET);1574494312000;0.15;57.23
1380556890909648;4.9;35.5;Sat Nov 23 2019 08:33:45 GMT+0100 (CET);Sat Nov 23 2019 07:33:45 GMT+0100 (CET);1574494425000;0.15;69.05
1380556890909648;4.9;35.7;Sat Nov 23 2019 08:35:38 GMT+0100 (CET);Sat Nov 23 2019 07:35:38 GMT+0100 (CET);1574494538000;0.15;118.68
1380556890909648;6.4;36.3;Sat Nov 23 2019 08:37:32 GMT+0100 (CET);Sat Nov 23 2019 07:37:32 GMT+0100 (CET);1574494652000;0.14;230.68
1380556890909648;6.4;36.2;Sat Nov 23 2019 08:39:25 GMT+0100 (CET);Sat Nov 23 2019 07:39:25 GMT+0100 (CET);1574494765000;0.14;232.6
1380556890909648;6.4;36.2;Sat Nov 23 2019 08:41:18 GMT+0100 (CET);Sat Nov 23 2019 07:41:18 GMT+0100 (CET);1574494878000;0.16;192.54
1380556890909648;6.4;35.3;Sat Nov 23 2019 08:43:10 GMT+0100 (CET);Sat Nov 23 2019 07:43:10 GMT+0100 (CET);1574494990000;0.17;232.1
1380556890909648;6.4;35.3;Sat Nov 23 2019 08:45:07 GMT+0100 (CET);Sat Nov 23 2019 07:45:07 GMT+0100 (CET);1574495107000;0.18;250.23
1380556890909648;6.9;40.3;Sat Nov 23 2019 08:46:59 GMT+0100 (CET);Sat Nov 23 2019 07:46:59 GMT+0100 (CET);1574495219000;0.2;248.3
1380556890909648;6.9;40.3;Sat Nov 23 2019 08:48:52 GMT+0100 (CET);Sat Nov 23 2019 07:48:52 GMT+0100 (CET);1574495332000;0.72;259.91
1380556890909648;8.9;40.3;Sat Nov 23 2019 08:50:52 GMT+0100 (CET);Sat Nov 23 2019 07:50:52 GMT+0100 (CET);1574495452000;1.1;268.65
1380556890909648;8.9;36.8;Sat Nov 23 2019 08:52:57 GMT+0100 (CET);Sat Nov 23 2019 07:52:57 GMT+0100 (CET);1574495577000;1.27;276.75
1380556890909648;8.9;36.2;Sat Nov 23 2019 08:54:51 GMT+0100 (CET);Sat Nov 23 2019 07:54:51 GMT+0100 (CET);1574495691000;1.31;287.54
1380556890909648;8.4;34;Sat Nov 23 2019 08:56:48 GMT+0100 (CET);Sat Nov 23 2019 07:56:48 GMT+0100 (CET);1574495808000;1.36;293.93
1380556890909648;8.4;27.8;Sat Nov 23 2019 08:58:41 GMT+0100 (CET);Sat Nov 23 2019 07:58:41 GMT+0100 (CET);1574495921000;1.39;298.48
1380556890909648;8.4;24;Sat Nov 23 2019 09:00:46 GMT+0100 (CET);Sat Nov 23 2019 08:00:46 GMT+0100 (CET);1574496046000;1.44;311.05
1380556890909648;8.4;24;Sat Nov 23 2019 09:02:40 GMT+0100 (CET);Sat Nov 23 2019 08:02:40 GMT+0100 (CET);1574496160000;1.48;317.64
1380556890909648;8.4;24;Sat Nov 23 2019 09:04:32 GMT+0100 (CET);Sat Nov 23 2019 08:04:32 GMT+0100 (CET);1574496272000;1.49;323.36
1380556890909648;6.4;27.2;Sat Nov 23 2019 09:14:10 GMT+0100 (CET);Sat Nov 23 2019 08:14:10 GMT+0100 (CET);1574496850000;1.6;358.39
1380556890909648;6.4;28;Sat Nov 23 2019 09:16:06 GMT+0100 (CET);Sat Nov 23 2019 08:16:06 GMT+0100 (CET);1574496966000;1.63;363.51
1380556890909648;6.4;32.1;Sat Nov 23 2019 09:17:59 GMT+0100 (CET);Sat Nov 23 2019 08:17:59 GMT+0100 (CET);1574497079000;1.66;373.75
1380556890909648;9.9;32.6;Sat Nov 23 2019 09:19:53 GMT+0100 (CET);Sat Nov 23 2019 08:19:53 GMT+0100 (CET);1574497193000;1.67;376.31
1380556890909648;9.9;33.3;Sat Nov 23 2019 09:21:47 GMT+0100 (CET);Sat Nov 23 2019 08:21:47 GMT+0100 (CET);1574497307000;1.71;378.87
1380556890909648;12.4;35.3;Sat Nov 23 2019 09:24:30 GMT+0100 (CET);Sat Nov 23 2019 08:24:30 GMT+0100 (CET);1574497470000;1.75;386.55
1380556890909648;12.4;35.2;Sat Nov 23 2019 09:26:23 GMT+0100 (CET);Sat Nov 23 2019 08:26:23 GMT+0100 (CET);1574497583000;1.78;391.67
1380556890909648;14.4;35.2;Sat Nov 23 2019 09:28:16 GMT+0100 (CET);Sat Nov 23 2019 08:28:16 GMT+0100 (CET);1574497696000;1.8;394.23
1380556890909648;14.4;35.2;Sat Nov 23 2019 09:30:10 GMT+0100 (CET);Sat Nov 23 2019 08:30:10 GMT+0100 (CET);1574497810000;1.83;401.91
1380556890909648;14.9;35.1;Sat Nov 23 2019 09:32:05 GMT+0100 (CET);Sat Nov 23 2019 08:32:05 GMT+0100 (CET);1574497925000;1.87;404.47
1380556890909648;14.9;35.3;Sat Nov 23 2019 09:33:59 GMT+0100 (CET);Sat Nov 23 2019 08:33:59 GMT+0100 (CET);1574498039000;1.89;412.15
1380556890909648;14.9;35.3;Sat Nov 23 2019 09:35:52 GMT+0100 (CET);Sat Nov 23 2019 08:35:52 GMT+0100 (CET);1574498152000;1.92;417.27
1380556890909648;16.4;34.3;Sat Nov 23 2019 09:37:55 GMT+0100 (CET);Sat Nov 23 2019 08:37:55 GMT+0100 (CET);1574498275000;1.97;424.95
1380556890909648;16.4;32;Sat Nov 23 2019 09:39:49 GMT+0100 (CET);Sat Nov 23 2019 08:39:49 GMT+0100 (CET);1574498389000;2.01;432.63
1380556890909648;14.9;29.5;Sat Nov 23 2019 09:41:41 GMT+0100 (CET);Sat Nov 23 2019 08:41:41 GMT+0100 (CET);1574498501000;2.04;437.75
1380556890909648;14.9;30.1;Sat Nov 23 2019 09:43:34 GMT+0100 (CET);Sat Nov 23 2019 08:43:34 GMT+0100 (CET);1574498614000;2.08;445.43
1380556890909648;14.9;26.9;Sat Nov 23 2019 09:45:30 GMT+0100 (CET);Sat Nov 23 2019 08:45:30 GMT+0100 (CET);1574498730000;2.12;453.11
1380556890909648;14.9;27.2;Sat Nov 23 2019 09:47:24 GMT+0100 (CET);Sat Nov 23 2019 08:47:24 GMT+0100 (CET);1574498844000;2.14;455.67
1380556890909648;14.9;27.1;Sat Nov 23 2019 09:49:16 GMT+0100 (CET);Sat Nov 23 2019 08:49:16 GMT+0100 (CET);1574498956000;2.14;453.11
1380556890909648;14.4;27.8;Sat Nov 23 2019 09:51:23 GMT+0100 (CET);Sat Nov 23 2019 08:51:23 GMT+0100 (CET);1574499083000;2.18;455.67
1380556890909648;14.4;28.1;Sat Nov 23 2019 09:53:16 GMT+0100 (CET);Sat Nov 23 2019 08:53:16 GMT+0100 (CET);1574499196000;2.23;463.35
1380556890909648;14.4;27.7;Sat Nov 23 2019 09:55:25 GMT+0100 (CET);Sat Nov 23 2019 08:55:25 GMT+0100 (CET);1574499325000;2.26;468.47
1380556890909648;14.4;30.2;Sat Nov 23 2019 09:57:18 GMT+0100 (CET);Sat Nov 23 2019 08:57:18 GMT+0100 (CET);1574499438000;2.27;471.03
1380556890909648;14.4;27.6;Sat Nov 23 2019 09:59:11 GMT+0100 (CET);Sat Nov 23 2019 08:59:11 GMT+0100 (CET);1574499551000;2.32;483.83
1380556890909648;14.4;28.2;Sat Nov 23 2019 10:01:07 GMT+0100 (CET);Sat Nov 23 2019 09:01:07 GMT+0100 (CET);1574499667000;2.24;471.03
1380556890909648;14.4;28;Sat Nov 23 2019 10:03:02 GMT+0100 (CET);Sat Nov 23 2019 09:03:02 GMT+0100 (CET);1574499782000;2.33;491.51
1380556890909648;16.4;28.2;Sat Nov 23 2019 10:05:35 GMT+0100 (CET);Sat Nov 23 2019 09:05:35 GMT+0100 (CET);1574499935000;2.36;504.31
1380556890909648;16.4;28.2;Sat Nov 23 2019 10:07:33 GMT+0100 (CET);Sat Nov 23 2019 09:07:33 GMT+0100 (CET);1574500053000;2.4;511.99
1380556890909648;16.9;29.3;Sat Nov 23 2019 10:09:26 GMT+0100 (CET);Sat Nov 23 2019 09:09:26 GMT+0100 (CET);1574500166000;2.44;524.79
1380556890909648;16.9;34.1;Sat Nov 23 2019 10:11:22 GMT+0100 (CET);Sat Nov 23 2019 09:11:22 GMT+0100 (CET);1574500282000;2.47;535.03
1380556890909648;16.9;34.1;Sat Nov 23 2019 10:13:15 GMT+0100 (CET);Sat Nov 23 2019 09:13:15 GMT+0100 (CET);1574500395000;2.44;532.47
1380556890909648;16.9;34.2;Sat Nov 23 2019 10:15:08 GMT+0100 (CET);Sat Nov 23 2019 09:15:08 GMT+0100 (CET);1574500508000;2.29;496.63
1380556890909648;16.9;34.4;Sat Nov 23 2019 10:17:01 GMT+0100 (CET);Sat Nov 23 2019 09:17:01 GMT+0100 (CET);1574500621000;2.2;481.27
1380556890909648;20.5;34.4;Sat Nov 23 2019 10:18:55 GMT+0100 (CET);Sat Nov 23 2019 09:18:55 GMT+0100 (CET);1574500735000;2.19;481.27
1380556890909648;20.5;34.4;Sat Nov 23 2019 10:20:50 GMT+0100 (CET);Sat Nov 23 2019 09:20:50 GMT+0100 (CET);1574500850000;2.15;473.59
1380556890909648;20.5;34.7;Sat Nov 23 2019 10:22:44 GMT+0100 (CET);Sat Nov 23 2019 09:22:44 GMT+0100 (CET);1574500964000;2.24;494.07
1380556890909648;20.5;34.7;Sat Nov 23 2019 10:24:43 GMT+0100 (CET);Sat Nov 23 2019 09:24:43 GMT+0100 (CET);1574501083000;2.24;494.07
1380556890909648;20.5;34.7;Sat Nov 23 2019 10:26:36 GMT+0100 (CET);Sat Nov 23 2019 09:26:36 GMT+0100 (CET);1574501196000;2.25;496.63
1380556890909648;21;34.7;Sat Nov 23 2019 10:28:29 GMT+0100 (CET);Sat Nov 23 2019 09:28:29 GMT+0100 (CET);1574501309000;2.25;501.75
1380556890909648;21;34.7;Sat Nov 23 2019 10:30:22 GMT+0100 (CET);Sat Nov 23 2019 09:30:22 GMT+0100 (CET);1574501422000;2.37;532.47
1380556890909648;21;34.8;Sat Nov 23 2019 10:32:16 GMT+0100 (CET);Sat Nov 23 2019 09:32:16 GMT+0100 (CET);1574501536000;2.43;542.71
1380556890909648;21;34.9;Sat Nov 23 2019 10:34:32 GMT+0100 (CET);Sat Nov 23 2019 09:34:32 GMT+0100 (CET);1574501672000;2.45;547.83
1380556890909648;21;35;Sat Nov 23 2019 10:36:25 GMT+0100 (CET);Sat Nov 23 2019 09:36:25 GMT+0100 (CET);1574501785000;2.45;552.95
1380556890909648;22.5;35;Sat Nov 23 2019 10:38:20 GMT+0100 (CET);Sat Nov 23 2019 09:38:20 GMT+0100 (CET);1574501900000;2.51;565.75
1380556890909648;22.5;34.9;Sat Nov 23 2019 10:40:13 GMT+0100 (CET);Sat Nov 23 2019 09:40:13 GMT+0100 (CET);1574502013000;2.53;573.43
1380556890909648;22.5;35;Sat Nov 23 2019 10:42:06 GMT+0100 (CET);Sat Nov 23 2019 09:42:06 GMT+0100 (CET);1574502126000;2.57;581.11
1380556890909648;22.5;34.9;Sat Nov 23 2019 10:43:59 GMT+0100 (CET);Sat Nov 23 2019 09:43:59 GMT+0100 (CET);1574502239000;2.57;583.67
1380556890909648;22.5;34.9;Sat Nov 23 2019 10:46:02 GMT+0100 (CET);Sat Nov 23 2019 09:46:02 GMT+0100 (CET);1574502362000;2.54;578.55
1380556890909648;22.5;35.1;Sat Nov 23 2019 10:48:23 GMT+0100 (CET);Sat Nov 23 2019 09:48:23 GMT+0100 (CET);1574502503000;2.58;586.23
1380556890909648;22.5;35.1;Sat Nov 23 2019 10:50:32 GMT+0100 (CET);Sat Nov 23 2019 09:50:32 GMT+0100 (CET);1574502632000;2.55;583.67
1380556890909648;23;35.2;Sat Nov 23 2019 10:52:25 GMT+0100 (CET);Sat Nov 23 2019 09:52:25 GMT+0100 (CET);1574502745000;2.55;586.23
1380556890909648;23;35.3;Sat Nov 23 2019 10:54:20 GMT+0100 (CET);Sat Nov 23 2019 09:54:20 GMT+0100 (CET);1574502860000;2.5;578.55
1380556890909648;23;35.4;Sat Nov 23 2019 10:56:13 GMT+0100 (CET);Sat Nov 23 2019 09:56:13 GMT+0100 (CET);1574502973000;2.51;581.11
1380556890909648;23;35.3;Sat Nov 23 2019 10:58:06 GMT+0100 (CET);Sat Nov 23 2019 09:58:06 GMT+0100 (CET);1574503086000;2.62;606.71
1380556890909648;23;35.3;Sat Nov 23 2019 11:00:01 GMT+0100 (CET);Sat Nov 23 2019 10:00:01 GMT+0100 (CET);1574503201000;2.66;614.39
1380556890909648;23;35.4;Sat Nov 23 2019 11:01:57 GMT+0100 (CET);Sat Nov 23 2019 10:01:57 GMT+0100 (CET);1574503317000;2.69;619.51
1380556890909648;23;35.1;Sat Nov 23 2019 11:03:51 GMT+0100 (CET);Sat Nov 23 2019 10:03:51 GMT+0100 (CET);1574503431000;2.66;611.83
1380556890909648;23;34.9;Sat Nov 23 2019 11:05:38 GMT+0100 (CET);Sat Nov 23 2019 10:05:38 GMT+0100 (CET);1574503538000;2.59;588.79
1380556890909648;24.5;35.1;Sat Nov 23 2019 11:07:31 GMT+0100 (CET);Sat Nov 23 2019 10:07:31 GMT+0100 (CET);1574503651000;2.23;509.43
1380556890909648;24.5;35.4;Sat Nov 23 2019 11:09:28 GMT+0100 (CET);Sat Nov 23 2019 10:09:28 GMT+0100 (CET);1574503768000;2.72;627.19
1380556890909648;24.5;35.3;Sat Nov 23 2019 11:11:20 GMT+0100 (CET);Sat Nov 23 2019 10:11:20 GMT+0100 (CET);1574503880000;2.66;609.27
1380556890909648;24.5;35.3;Sat Nov 23 2019 11:13:13 GMT+0100 (CET);Sat Nov 23 2019 10:13:13 GMT+0100 (CET);1574503993000;2.74;616.95
1380556890909648;24.5;35.1;Sat Nov 23 2019 11:15:06 GMT+0100 (CET);Sat Nov 23 2019 10:15:06 GMT+0100 (CET);1574504106000;2.62;599.03
1380556890909648;24.5;35.1;Sat Nov 23 2019 11:17:05 GMT+0100 (CET);Sat Nov 23 2019 10:17:05 GMT+0100 (CET);1574504225000;2.4;542.71
1380556890909648;24.5;35.1;Sat Nov 23 2019 11:19:04 GMT+0100 (CET);Sat Nov 23 2019 10:19:04 GMT+0100 (CET);1574504344000;2.49;583.67
1380556890909648;24.5;35.2;Sat Nov 23 2019 11:21:18 GMT+0100 (CET);Sat Nov 23 2019 10:21:18 GMT+0100 (CET);1574504478000;2.52;568.31
1380556890909648;24.5;35.3;Sat Nov 23 2019 11:23:11 GMT+0100 (CET);Sat Nov 23 2019 10:23:11 GMT+0100 (CET);1574504591000;2.48;570.87
1380556890909648;24.5;35.3;Sat Nov 23 2019 11:25:09 GMT+0100 (CET);Sat Nov 23 2019 10:25:09 GMT+0100 (CET);1574504709000;2.49;563.19
1380556890909648;24.5;35.3;Sat Nov 23 2019 11:27:02 GMT+0100 (CET);Sat Nov 23 2019 10:27:02 GMT+0100 (CET);1574504822000;2.21;509.43
1380556890909648;24.5;35.3;Sat Nov 23 2019 11:28:55 GMT+0100 (CET);Sat Nov 23 2019 10:28:55 GMT+0100 (CET);1574504935000;2.24;535.03
1380556890909648;24.5;35.3;Sat Nov 23 2019 11:30:48 GMT+0100 (CET);Sat Nov 23 2019 10:30:48 GMT+0100 (CET);1574505048000;2.57;604.15
1380556890909648;24.5;35.1;Sat Nov 23 2019 11:32:41 GMT+0100 (CET);Sat Nov 23 2019 10:32:41 GMT+0100 (CET);1574505161000;1.94;447.99
1380556890909648;24.5;35.3;Sat Nov 23 2019 11:34:34 GMT+0100 (CET);Sat Nov 23 2019 10:34:34 GMT+0100 (CET);1574505274000;1.99;458.23
1380556890909648;24.5;35.4;Sat Nov 23 2019 11:36:38 GMT+0100 (CET);Sat Nov 23 2019 10:36:38 GMT+0100 (CET);1574505398000;2.07;468.47
1380556890909648;24.5;35.4;Sat Nov 23 2019 11:38:33 GMT+0100 (CET);Sat Nov 23 2019 10:38:33 GMT+0100 (CET);1574505513000;2.07;476.15
1380556890909648;24.5;35.4;Sat Nov 23 2019 11:40:25 GMT+0100 (CET);Sat Nov 23 2019 10:40:25 GMT+0100 (CET);1574505625000;1.97;453.11
1380556890909648;24.5;35.4;Sat Nov 23 2019 11:42:18 GMT+0100 (CET);Sat Nov 23 2019 10:42:18 GMT+0100 (CET);1574505738000;2.13;494.07
1380556890909648;24.5;35.5;Sat Nov 23 2019 11:44:15 GMT+0100 (CET);Sat Nov 23 2019 10:44:15 GMT+0100 (CET);1574505855000;2.05;471.03
1380556890909648;24.5;35.4;Sat Nov 23 2019 11:46:08 GMT+0100 (CET);Sat Nov 23 2019 10:46:08 GMT+0100 (CET);1574505968000;1.94;447.99
1380556890909648;24.5;35.4;Sat Nov 23 2019 11:48:01 GMT+0100 (CET);Sat Nov 23 2019 10:48:01 GMT+0100 (CET);1574506081000;1.96;458.23
1380556890909648;24.5;35.4;Sat Nov 23 2019 11:49:57 GMT+0100 (CET);Sat Nov 23 2019 10:49:57 GMT+0100 (CET);1574506197000;1.89;440.31
1380556890909648;24.5;35.4;Sat Nov 23 2019 11:52:24 GMT+0100 (CET);Sat Nov 23 2019 10:52:24 GMT+0100 (CET);1574506344000;1.94;424.95
1380556890909648;24.5;35.4;Sat Nov 23 2019 11:54:18 GMT+0100 (CET);Sat Nov 23 2019 10:54:18 GMT+0100 (CET);1574506458000;1.6;371.19
1380556890909648;24.5;35.5;Sat Nov 23 2019 11:56:13 GMT+0100 (CET);Sat Nov 23 2019 10:56:13 GMT+0100 (CET);1574506573000;1.7;391.67
1380556890909648;24.5;35.8;Sat Nov 23 2019 11:58:06 GMT+0100 (CET);Sat Nov 23 2019 10:58:06 GMT+0100 (CET);1574506686000;2.3;524.79
1380556890909648;24.5;35.6;Sat Nov 23 2019 12:00:01 GMT+0100 (CET);Sat Nov 23 2019 11:00:01 GMT+0100 (CET);1574506801000;2.17;499.19
1380556890909648;24.5;35.5;Sat Nov 23 2019 12:01:55 GMT+0100 (CET);Sat Nov 23 2019 11:01:55 GMT+0100 (CET);1574506915000;1.92;445.43
1380556890909648;24.5;35.5;Sat Nov 23 2019 12:03:50 GMT+0100 (CET);Sat Nov 23 2019 11:03:50 GMT+0100 (CET);1574507030000;1.96;442.87
1380556890909648;24.5;35.4;Sat Nov 23 2019 12:05:43 GMT+0100 (CET);Sat Nov 23 2019 11:05:43 GMT+0100 (CET);1574507143000;1.67;381.43
1380556890909648;24.5;35.4;Sat Nov 23 2019 12:08:02 GMT+0100 (CET);Sat Nov 23 2019 11:08:02 GMT+0100 (CET);1574507282000;1.68;391.67
1380556890909648;24.5;35.5;Sat Nov 23 2019 12:10:00 GMT+0100 (CET);Sat Nov 23 2019 11:10:00 GMT+0100 (CET);1574507400000;1.67;386.55
1380556890909648;24.5;35.5;Sat Nov 23 2019 12:11:53 GMT+0100 (CET);Sat Nov 23 2019 11:11:53 GMT+0100 (CET);1574507513000;1.68;389.11
1380556890909648;24.5;35.5;Sat Nov 23 2019 12:13:48 GMT+0100 (CET);Sat Nov 23 2019 11:13:48 GMT+0100 (CET);1574507628000;1.79;417.27
1380556890909648;24.5;35.6;Sat Nov 23 2019 12:15:48 GMT+0100 (CET);Sat Nov 23 2019 11:15:48 GMT+0100 (CET);1574507748000;1.84;419.83
1380556890909648;24.5;35.6;Sat Nov 23 2019 12:17:50 GMT+0100 (CET);Sat Nov 23 2019 11:17:50 GMT+0100 (CET);1574507870000;2.04;468.47
1380556890909648;24.5;35.5;Sat Nov 23 2019 12:19:43 GMT+0100 (CET);Sat Nov 23 2019 11:19:43 GMT+0100 (CET);1574507983000;1.75;386.55
1380556890909648;24.5;35.4;Sat Nov 23 2019 12:21:43 GMT+0100 (CET);Sat Nov 23 2019 11:21:43 GMT+0100 (CET);1574508103000;1.5;350.71
1380556890909648;24.5;35.6;Sat Nov 23 2019 12:24:35 GMT+0100 (CET);Sat Nov 23 2019 11:24:35 GMT+0100 (CET);1574508275000;1.39;326.53
1380556890909648;23;35.7;Sat Nov 23 2019 12:26:40 GMT+0100 (CET);Sat Nov 23 2019 11:26:40 GMT+0100 (CET);1574508400000;1.52;355.83
1380556890909648;23;35.8;Sat Nov 23 2019 12:28:32 GMT+0100 (CET);Sat Nov 23 2019 11:28:32 GMT+0100 (CET);1574508512000;1.51;353.27
1380556890909648;23;35.8;Sat Nov 23 2019 12:30:30 GMT+0100 (CET);Sat Nov 23 2019 11:30:30 GMT+0100 (CET);1574508630000;1.44;332.79
1380556890909648;22.5;35.7;Sat Nov 23 2019 12:32:25 GMT+0100 (CET);Sat Nov 23 2019 11:32:25 GMT+0100 (CET);1574508745000;1.36;323.92
1380556890909648;22.5;35.7;Sat Nov 23 2019 12:34:18 GMT+0100 (CET);Sat Nov 23 2019 11:34:18 GMT+0100 (CET);1574508858000;1.42;330.23
1380556890909648;22.5;35.7;Sat Nov 23 2019 12:36:11 GMT+0100 (CET);Sat Nov 23 2019 11:36:11 GMT+0100 (CET);1574508971000;1.5;348.15
1380556890909648;22.5;35.7;Sat Nov 23 2019 12:38:16 GMT+0100 (CET);Sat Nov 23 2019 11:38:16 GMT+0100 (CET);1574509096000;1.44;332.79
1380556890909648;22.5;35.7;Sat Nov 23 2019 12:40:24 GMT+0100 (CET);Sat Nov 23 2019 11:40:24 GMT+0100 (CET);1574509224000;1.46;337.91
1380556890909648;22.5;35.7;Sat Nov 23 2019 12:42:19 GMT+0100 (CET);Sat Nov 23 2019 11:42:19 GMT+0100 (CET);1574509339000;1.44;332.79
1380556890909648;22.5;35.7;Sat Nov 23 2019 12:44:17 GMT+0100 (CET);Sat Nov 23 2019 11:44:17 GMT+0100 (CET);1574509457000;1.43;332.79
1380556890909648;22.5;35.6;Sat Nov 23 2019 12:46:13 GMT+0100 (CET);Sat Nov 23 2019 11:46:13 GMT+0100 (CET);1574509573000;1.33;307.35
1380556890909648;22.5;35.6;Sat Nov 23 2019 12:48:06 GMT+0100 (CET);Sat Nov 23 2019 11:48:06 GMT+0100 (CET);1574509686000;1.36;317.16
1380556890909648;22.5;35.7;Sat Nov 23 2019 12:50:11 GMT+0100 (CET);Sat Nov 23 2019 11:50:11 GMT+0100 (CET);1574509811000;1.36;312.36
1380556890909648;22.5;35.7;Sat Nov 23 2019 12:52:24 GMT+0100 (CET);Sat Nov 23 2019 11:52:24 GMT+0100 (CET);1574509944000;1.36;312.06
1380556890909648;22.5;35.6;Sat Nov 23 2019 12:54:49 GMT+0100 (CET);Sat Nov 23 2019 11:54:49 GMT+0100 (CET);1574510089000;1.4;321.2
1380556890909648;22.5;35.6;Sat Nov 23 2019 12:56:51 GMT+0100 (CET);Sat Nov 23 2019 11:56:51 GMT+0100 (CET);1574510211000;1.36;313.2
1380556890909648;22.5;35.6;Sat Nov 23 2019 12:58:44 GMT+0100 (CET);Sat Nov 23 2019 11:58:44 GMT+0100 (CET);1574510324000;1.38;318.65
1380556890909648;22.5;35.6;Sat Nov 23 2019 13:00:40 GMT+0100 (CET);Sat Nov 23 2019 12:00:40 GMT+0100 (CET);1574510440000;1.45;335.35
1380556890909648;22.5;35.6;Sat Nov 23 2019 13:02:42 GMT+0100 (CET);Sat Nov 23 2019 12:02:42 GMT+0100 (CET);1574510562000;1.29;296.02
1380556890909648;22.5;35.5;Sat Nov 23 2019 13:04:36 GMT+0100 (CET);Sat Nov 23 2019 12:04:36 GMT+0100 (CET);1574510676000;1.21;276.65
1380556890909648;22.5;35.5;Sat Nov 23 2019 13:06:35 GMT+0100 (CET);Sat Nov 23 2019 12:06:35 GMT+0100 (CET);1574510795000;1.13;258.03
1380556890909648;22.5;35.5;Sat Nov 23 2019 13:08:31 GMT+0100 (CET);Sat Nov 23 2019 12:08:31 GMT+0100 (CET);1574510911000;1.07;246.79
1380556890909648;22.5;35.6;Sat Nov 23 2019 13:10:24 GMT+0100 (CET);Sat Nov 23 2019 12:10:24 GMT+0100 (CET);1574511024000;1.08;248.88
1380556890909648;22.5;35.6;Sat Nov 23 2019 13:12:22 GMT+0100 (CET);Sat Nov 23 2019 12:12:22 GMT+0100 (CET);1574511142000;1;229.48
1380556890909648;21;35.6;Sat Nov 23 2019 13:14:18 GMT+0100 (CET);Sat Nov 23 2019 12:14:18 GMT+0100 (CET);1574511258000;0.96;216.92
1380556890909648;21;35.5;Sat Nov 23 2019 13:16:13 GMT+0100 (CET);Sat Nov 23 2019 12:16:13 GMT+0100 (CET);1574511373000;0.94;217
1380556890909648;21;35.6;Sat Nov 23 2019 13:18:07 GMT+0100 (CET);Sat Nov 23 2019 12:18:07 GMT+0100 (CET);1574511487000;0.92;211.48
1380556890909648;20.5;35.6;Sat Nov 23 2019 13:20:13 GMT+0100 (CET);Sat Nov 23 2019 12:20:13 GMT+0100 (CET);1574511613000;0.86;200.34
1380556890909648;20.5;35.6;Sat Nov 23 2019 13:21:31 GMT+0100 (CET);Sat Nov 23 2019 12:21:31 GMT+0100 (CET);1574511691000;0.82;189.85
1380556890909648;20.5;35.5;Sat Nov 23 2019 13:23:26 GMT+0100 (CET);Sat Nov 23 2019 12:23:26 GMT+0100 (CET);1574511806000;0.81;187.5
1380556890909648;20.5;35.6;Sat Nov 23 2019 13:26:09 GMT+0100 (CET);Sat Nov 23 2019 12:26:09 GMT+0100 (CET);1574511969000;0.81;189.15
1380556890909648;20.5;35.6;Sat Nov 23 2019 13:28:06 GMT+0100 (CET);Sat Nov 23 2019 12:28:06 GMT+0100 (CET);1574512086000;0.82;191.78
1380556890909648;20.5;35.7;Sat Nov 23 2019 13:30:22 GMT+0100 (CET);Sat Nov 23 2019 12:30:22 GMT+0100 (CET);1574512222000;0.88;203.95
1380556890909648;20.5;35.7;Sat Nov 23 2019 13:32:18 GMT+0100 (CET);Sat Nov 23 2019 12:32:18 GMT+0100 (CET);1574512338000;0.85;198.04
1380556890909648;19;35.6;Sat Nov 23 2019 13:34:22 GMT+0100 (CET);Sat Nov 23 2019 12:34:22 GMT+0100 (CET);1574512462000;0.83;192.94
1380556890909648;19;35.6;Sat Nov 23 2019 13:36:39 GMT+0100 (CET);Sat Nov 23 2019 12:36:39 GMT+0100 (CET);1574512599000;0.82;189.25
1380556890909648;19;35.6;Sat Nov 23 2019 13:38:33 GMT+0100 (CET);Sat Nov 23 2019 12:38:33 GMT+0100 (CET);1574512713000;0.81;188.19
1380556890909648;19;35.5;Sat Nov 23 2019 13:40:28 GMT+0100 (CET);Sat Nov 23 2019 12:40:28 GMT+0100 (CET);1574512828000;0.8;183.35
1380556890909648;19;35.4;Sat Nov 23 2019 13:42:54 GMT+0100 (CET);Sat Nov 23 2019 12:42:54 GMT+0100 (CET);1574512974000;0.76;172.74
1380556890909648;19;35.4;Sat Nov 23 2019 13:44:47 GMT+0100 (CET);Sat Nov 23 2019 12:44:47 GMT+0100 (CET);1574513087000;0.75;171.56
1380556890909648;19;35.3;Sat Nov 23 2019 13:46:39 GMT+0100 (CET);Sat Nov 23 2019 12:46:39 GMT+0100 (CET);1574513199000;0.7;161.98
1380556890909648;18.5;35.1;Sat Nov 23 2019 13:48:34 GMT+0100 (CET);Sat Nov 23 2019 12:48:34 GMT+0100 (CET);1574513314000;0.67;153.37
1380556890909648;18.5;35.2;Sat Nov 23 2019 13:51:04 GMT+0100 (CET);Sat Nov 23 2019 12:51:04 GMT+0100 (CET);1574513464000;0.66;150.06
1380556890909648;18.5;35.2;Sat Nov 23 2019 13:52:59 GMT+0100 (CET);Sat Nov 23 2019 12:52:59 GMT+0100 (CET);1574513579000;0.64;147.59
1380556890909648;18.5;35.1;Sat Nov 23 2019 13:54:52 GMT+0100 (CET);Sat Nov 23 2019 12:54:52 GMT+0100 (CET);1574513692000;0.63;143.46
1380556890909648;18.5;35.1;Sat Nov 23 2019 13:57:16 GMT+0100 (CET);Sat Nov 23 2019 12:57:16 GMT+0100 (CET);1574513836000;0.62;140.99
1380556890909648;18.5;35.1;Sat Nov 23 2019 13:59:09 GMT+0100 (CET);Sat Nov 23 2019 12:59:09 GMT+0100 (CET);1574513949000;0.62;140.65
1380556890909648;18.5;35.1;Sat Nov 23 2019 14:01:11 GMT+0100 (CET);Sat Nov 23 2019 13:01:11 GMT+0100 (CET);1574514071000;0.61;138.84
1380556890909648;16.9;35.1;Sat Nov 23 2019 14:03:05 GMT+0100 (CET);Sat Nov 23 2019 13:03:05 GMT+0100 (CET);1574514185000;0.6;136.4
1380556890909648;16.9;35.1;Sat Nov 23 2019 14:05:52 GMT+0100 (CET);Sat Nov 23 2019 13:05:52 GMT+0100 (CET);1574514352000;0.59;133.58
1380556890909648;18;35;Sat Nov 23 2019 14:07:57 GMT+0100 (CET);Sat Nov 23 2019 13:07:57 GMT+0100 (CET);1574514477000;0.57;130.32
1380556890909648;18;34.9;Sat Nov 23 2019 14:09:51 GMT+0100 (CET);Sat Nov 23 2019 13:09:51 GMT+0100 (CET);1574514591000;0.57;127.26
1380556890909648;16.9;34.8;Sat Nov 23 2019 14:11:53 GMT+0100 (CET);Sat Nov 23 2019 13:11:53 GMT+0100 (CET);1574514713000;0.56;124.65
1380556890909648;16.9;34.7;Sat Nov 23 2019 14:13:58 GMT+0100 (CET);Sat Nov 23 2019 13:13:58 GMT+0100 (CET);1574514838000;0.53;119.79
1380556890909648;16.9;34.6;Sat Nov 23 2019 14:15:53 GMT+0100 (CET);Sat Nov 23 2019 13:15:53 GMT+0100 (CET);1574514953000;0.52;116.95
1380556890909648;16.9;34.5;Sat Nov 23 2019 14:17:52 GMT+0100 (CET);Sat Nov 23 2019 13:17:52 GMT+0100 (CET);1574515072000;0.51;113.55
1380556890909648;16.9;34.5;Sat Nov 23 2019 14:19:56 GMT+0100 (CET);Sat Nov 23 2019 13:19:56 GMT+0100 (CET);1574515196000;0.49;109.68
1380556890909648;16.9;34.4;Sat Nov 23 2019 14:22:06 GMT+0100 (CET);Sat Nov 23 2019 13:22:06 GMT+0100 (CET);1574515326000;0.48;107.28
1380556890909648;16.9;34.3;Sat Nov 23 2019 14:23:59 GMT+0100 (CET);Sat Nov 23 2019 13:23:59 GMT+0100 (CET);1574515439000;0.47;105.25
1380556890909648;16.4;34.3;Sat Nov 23 2019 14:26:03 GMT+0100 (CET);Sat Nov 23 2019 13:26:03 GMT+0100 (CET);1574515563000;0.46;102.55
1380556890909648;16.4;34.3;Sat Nov 23 2019 14:27:56 GMT+0100 (CET);Sat Nov 23 2019 13:27:56 GMT+0100 (CET);1574515676000;0.45;100.57
1380556890909648;16.4;34.3;Sat Nov 23 2019 14:30:00 GMT+0100 (CET);Sat Nov 23 2019 13:30:00 GMT+0100 (CET);1574515800000;0.44;98.21
1380556890909648;16.4;34.2;Sat Nov 23 2019 14:31:55 GMT+0100 (CET);Sat Nov 23 2019 13:31:55 GMT+0100 (CET);1574515915000;0.43;95.65
1380556890909648;16.4;34.1;Sat Nov 23 2019 14:33:56 GMT+0100 (CET);Sat Nov 23 2019 13:33:56 GMT+0100 (CET);1574516036000;0.43;93.98
1380556890909648;16.4;34;Sat Nov 23 2019 14:36:05 GMT+0100 (CET);Sat Nov 23 2019 13:36:05 GMT+0100 (CET);1574516165000;0.41;91.97
1380556890909648;16.4;34.1;Sat Nov 23 2019 14:37:55 GMT+0100 (CET);Sat Nov 23 2019 13:37:55 GMT+0100 (CET);1574516275000;0.41;89.94
1380556890909648;16.4;34;Sat Nov 23 2019 14:39:51 GMT+0100 (CET);Sat Nov 23 2019 13:39:51 GMT+0100 (CET);1574516391000;0.4;87.57
1380556890909648;16.4;34;Sat Nov 23 2019 14:41:47 GMT+0100 (CET);Sat Nov 23 2019 13:41:47 GMT+0100 (CET);1574516507000;0.39;85.2
1380556890909648;16.4;34;Sat Nov 23 2019 14:43:39 GMT+0100 (CET);Sat Nov 23 2019 13:43:39 GMT+0100 (CET);1574516619000;0.38;83.26
1380556890909648;16.4;33.9;Sat Nov 23 2019 14:45:36 GMT+0100 (CET);Sat Nov 23 2019 13:45:36 GMT+0100 (CET);1574516736000;0.37;81.45
1380556890909648;16.4;33.9;Sat Nov 23 2019 14:47:39 GMT+0100 (CET);Sat Nov 23 2019 13:47:39 GMT+0100 (CET);1574516859000;0.36;79.43
1380556890909648;16.4;33.9;Sat Nov 23 2019 14:49:34 GMT+0100 (CET);Sat Nov 23 2019 13:49:34 GMT+0100 (CET);1574516974000;0.35;78.17
1380556890909648;16.4;33.8;Sat Nov 23 2019 14:51:28 GMT+0100 (CET);Sat Nov 23 2019 13:51:28 GMT+0100 (CET);1574517088000;0.34;76.07
1380556890909648;14.9;33.8;Sat Nov 23 2019 14:54:01 GMT+0100 (CET);Sat Nov 23 2019 13:54:01 GMT+0100 (CET);1574517241000;0.33;72.77
1380556890909648;14.9;33.6;Sat Nov 23 2019 14:55:54 GMT+0100 (CET);Sat Nov 23 2019 13:55:54 GMT+0100 (CET);1574517354000;0.32;71.09
1380556890909648;14.9;33.6;Sat Nov 23 2019 14:57:47 GMT+0100 (CET);Sat Nov 23 2019 13:57:47 GMT+0100 (CET);1574517467000;0.31;69.2
1380556890909648;14.9;33.5;Sat Nov 23 2019 14:59:43 GMT+0100 (CET);Sat Nov 23 2019 13:59:43 GMT+0100 (CET);1574517583000;0.31;67.64
1380556890909648;14.9;33.5;Sat Nov 23 2019 15:01:59 GMT+0100 (CET);Sat Nov 23 2019 14:01:59 GMT+0100 (CET);1574517719000;0.3;65.84
1380556890909648;14.4;33.4;Sat Nov 23 2019 15:03:52 GMT+0100 (CET);Sat Nov 23 2019 14:03:52 GMT+0100 (CET);1574517832000;0.29;64.27
1380556890909648;14.4;33.4;Sat Nov 23 2019 15:05:47 GMT+0100 (CET);Sat Nov 23 2019 14:05:47 GMT+0100 (CET);1574517947000;0.29;61.83
1380556890909648;14.4;33.4;Sat Nov 23 2019 15:07:41 GMT+0100 (CET);Sat Nov 23 2019 14:07:41 GMT+0100 (CET);1574518061000;0.28;60.33
1380556890909648;14.4;33.3;Sat Nov 23 2019 15:10:23 GMT+0100 (CET);Sat Nov 23 2019 14:10:23 GMT+0100 (CET);1574518223000;0.26;57.64
1380556890909648;14.4;33.2;Sat Nov 23 2019 15:12:16 GMT+0100 (CET);Sat Nov 23 2019 14:12:16 GMT+0100 (CET);1574518336000;0.26;55.71
1380556890909648;14.4;33.2;Sat Nov 23 2019 15:14:09 GMT+0100 (CET);Sat Nov 23 2019 14:14:09 GMT+0100 (CET);1574518449000;0.24;53.56
1380556890909648;14.4;32.9;Sat Nov 23 2019 15:16:03 GMT+0100 (CET);Sat Nov 23 2019 14:16:03 GMT+0100 (CET);1574518563000;0.23;51.06
1380556890909648;14.4;33;Sat Nov 23 2019 15:18:03 GMT+0100 (CET);Sat Nov 23 2019 14:18:03 GMT+0100 (CET);1574518683000;0.22;48.55
1380556890909648;14.4;32.8;Sat Nov 23 2019 15:19:56 GMT+0100 (CET);Sat Nov 23 2019 14:19:56 GMT+0100 (CET);1574518796000;0.21;46.58
1380556890909648;14.4;32.6;Sat Nov 23 2019 15:21:49 GMT+0100 (CET);Sat Nov 23 2019 14:21:49 GMT+0100 (CET);1574518909000;0.2;43.83
1380556890909648;14.4;32.6;Sat Nov 23 2019 15:23:53 GMT+0100 (CET);Sat Nov 23 2019 14:23:53 GMT+0100 (CET);1574519033000;0.19;41.27
1380556890909648;14.4;32.5;Sat Nov 23 2019 15:25:53 GMT+0100 (CET);Sat Nov 23 2019 14:25:53 GMT+0100 (CET);1574519153000;0.18;38.32
1380556890909648;14.4;32.3;Sat Nov 23 2019 15:27:47 GMT+0100 (CET);Sat Nov 23 2019 14:27:47 GMT+0100 (CET);1574519267000;0.17;36.25
1380556890909648;14.4;32.2;Sat Nov 23 2019 15:29:40 GMT+0100 (CET);Sat Nov 23 2019 14:29:40 GMT+0100 (CET);1574519380000;0.16;34.06
1380556890909648;12.9;32.1;Sat Nov 23 2019 15:31:33 GMT+0100 (CET);Sat Nov 23 2019 14:31:33 GMT+0100 (CET);1574519493000;0.15;32.44
1380556890909648;12.9;32.1;Sat Nov 23 2019 15:33:32 GMT+0100 (CET);Sat Nov 23 2019 14:33:32 GMT+0100 (CET);1574519612000;0.14;30.96
1380556890909648;12.9;32.1;Sat Nov 23 2019 15:35:51 GMT+0100 (CET);Sat Nov 23 2019 14:35:51 GMT+0100 (CET);1574519751000;0.13;29.1
1380556890909648;12.9;31.7;Sat Nov 23 2019 15:37:52 GMT+0100 (CET);Sat Nov 23 2019 14:37:52 GMT+0100 (CET);1574519872000;0.13;27.72
1380556890909648;12.4;31.6;Sat Nov 23 2019 15:39:47 GMT+0100 (CET);Sat Nov 23 2019 14:39:47 GMT+0100 (CET);1574519987000;0.12;26.58
1380556890909648;12.4;31.6;Sat Nov 23 2019 15:41:45 GMT+0100 (CET);Sat Nov 23 2019 14:41:45 GMT+0100 (CET);1574520105000;0.12;25.26
1380556890909648;12.4;31.5;Sat Nov 23 2019 15:43:38 GMT+0100 (CET);Sat Nov 23 2019 14:43:38 GMT+0100 (CET);1574520218000;0.11;24.28
1380556890909648;12.4;31.3;Sat Nov 23 2019 15:45:34 GMT+0100 (CET);Sat Nov 23 2019 14:45:34 GMT+0100 (CET);1574520334000;0.1;22.61
1380556890909648;12.4;31;Sat Nov 23 2019 15:47:29 GMT+0100 (CET);Sat Nov 23 2019 14:47:29 GMT+0100 (CET);1574520449000;0.1;21.45
1380556890909648;9.9;30.9;Sat Nov 23 2019 15:49:53 GMT+0100 (CET);Sat Nov 23 2019 14:49:53 GMT+0100 (CET);1574520593000;0.09;20.08
1380556890909648;9.9;30.6;Sat Nov 23 2019 15:52:01 GMT+0100 (CET);Sat Nov 23 2019 14:52:01 GMT+0100 (CET);1574520721000;0.09;18.32
1380556890909648;9.9;30.4;Sat Nov 23 2019 15:53:55 GMT+0100 (CET);Sat Nov 23 2019 14:53:55 GMT+0100 (CET);1574520835000;0.08;17.28
1380556890909648;9.9;30.2;Sat Nov 23 2019 15:55:58 GMT+0100 (CET);Sat Nov 23 2019 14:55:58 GMT+0100 (CET);1574520958000;0.07;15.04
1380556890909648;9.9;30.2;Sat Nov 23 2019 15:57:51 GMT+0100 (CET);Sat Nov 23 2019 14:57:51 GMT+0100 (CET);1574521071000;0.06;13.57
1380556890909648;9.9;29.8;Sat Nov 23 2019 15:59:44 GMT+0100 (CET);Sat Nov 23 2019 14:59:44 GMT+0100 (CET);1574521184000;0;12.21
1380556890909648;9.9;29.3;Sat Nov 23 2019 16:01:36 GMT+0100 (CET);Sat Nov 23 2019 15:01:36 GMT+0100 (CET);1574521296000;0;10.55
1380556890909648;9.9;28.9;Sat Nov 23 2019 16:03:23 GMT+0100 (CET);Sat Nov 23 2019 15:03:23 GMT+0100 (CET);1574521403000;0;9.54
1380556890909648;9.9;28.4;Sat Nov 23 2019 16:05:49 GMT+0100 (CET);Sat Nov 23 2019 15:05:49 GMT+0100 (CET);1574521549000;0;7.47
1380556890909648;9.9;27.8;Sat Nov 23 2019 16:07:56 GMT+0100 (CET);Sat Nov 23 2019 15:07:56 GMT+0100 (CET);1574521676000;0;6.59
1380556890909648;8.9;33.5;Sat Nov 23 2019 16:10:00 GMT+0100 (CET);Sat Nov 23 2019 15:10:00 GMT+0100 (CET);1574521800000;0;5.45
1380556890909648;8.9;33.2;Sat Nov 23 2019 16:11:55 GMT+0100 (CET);Sat Nov 23 2019 15:11:55 GMT+0100 (CET);1574521915000;0;4.51
1380556890909648;8.9;32.7;Sat Nov 23 2019 16:13:50 GMT+0100 (CET);Sat Nov 23 2019 15:13:50 GMT+0100 (CET);1574522030000;0;3.35
1380556890909648;8.9;31;Sat Nov 23 2019 16:15:48 GMT+0100 (CET);Sat Nov 23 2019 15:15:48 GMT+0100 (CET);1574522148000;0;2.84
1380556890909648;8.9;29.3;Sat Nov 23 2019 16:17:42 GMT+0100 (CET);Sat Nov 23 2019 15:17:42 GMT+0100 (CET);1574522262000;0;2.07
1380556890909648;8.4;26.4;Sat Nov 23 2019 16:19:59 GMT+0100 (CET);Sat Nov 23 2019 15:19:59 GMT+0100 (CET);1574522399000;0;1.2
1380556890909648;8.4;23.5;Sat Nov 23 2019 16:21:53 GMT+0100 (CET);Sat Nov 23 2019 15:21:53 GMT+0100 (CET);1574522513000;0;0.62
1380556890909648;8.4;23.5;Sat Nov 23 2019 16:23:45 GMT+0100 (CET);Sat Nov 23 2019 15:23:45 GMT+0100 (CET);1574522625000;0;0.5
1380556890909648;8.4;23.5;Sat Nov 23 2019 16:25:39 GMT+0100 (CET);Sat Nov 23 2019 15:25:39 GMT+0100 (CET);1574522739000;0;0.41
1380556890909648;-273.2;32.3;Sun Nov 24 2019 07:46:35 GMT+0100 (CET);Sun Nov 24 2019 06:46:35 GMT+0100 (CET);1574577995000;0;4.71
1380556890909648;0.8;30.8;Sun Nov 24 2019 07:48:32 GMT+0100 (CET);Sun Nov 24 2019 06:48:32 GMT+0100 (CET);1574578112000;0;5.73
1380556890909648;0.8;34.3;Sun Nov 24 2019 07:50:29 GMT+0100 (CET);Sun Nov 24 2019 06:50:29 GMT+0100 (CET);1574578229000;0;7.47
1380556890909648;0.8;32.4;Sun Nov 24 2019 07:52:25 GMT+0100 (CET);Sun Nov 24 2019 06:52:25 GMT+0100 (CET);1574578345000;0;8.48
1380556890909648;4.4;28;Sun Nov 24 2019 07:54:55 GMT+0100 (CET);Sun Nov 24 2019 06:54:55 GMT+0100 (CET);1574578495000;0;9.91
1380556890909648;4.4;28.7;Sun Nov 24 2019 07:56:53 GMT+0100 (CET);Sun Nov 24 2019 06:56:53 GMT+0100 (CET);1574578613000;0;10.99
1380556890909648;4.4;29.5;Sun Nov 24 2019 07:58:59 GMT+0100 (CET);Sun Nov 24 2019 06:58:59 GMT+0100 (CET);1574578739000;0;12.52
1380556890909648;4.4;29.5;Sun Nov 24 2019 08:00:52 GMT+0100 (CET);Sun Nov 24 2019 07:00:52 GMT+0100 (CET);1574578852000;0;12.88
1380556890909648;4.4;30.1;Sun Nov 24 2019 08:03:02 GMT+0100 (CET);Sun Nov 24 2019 07:03:02 GMT+0100 (CET);1574578982000;0.06;14.57
1380556890909648;4.4;30.8;Sun Nov 24 2019 08:05:02 GMT+0100 (CET);Sun Nov 24 2019 07:05:02 GMT+0100 (CET);1574579102000;0.07;15.33
1380556890909648;4.4;31.2;Sun Nov 24 2019 08:07:18 GMT+0100 (CET);Sun Nov 24 2019 07:07:18 GMT+0100 (CET);1574579238000;0.08;16.34
1380556890909648;4.4;31.3;Sun Nov 24 2019 08:09:30 GMT+0100 (CET);Sun Nov 24 2019 07:09:30 GMT+0100 (CET);1574579370000;0.08;17.77
1380556890909648;4.9;31.6;Sun Nov 24 2019 08:11:30 GMT+0100 (CET);Sun Nov 24 2019 07:11:30 GMT+0100 (CET);1574579490000;0.09;18.87
1380556890909648;4.9;31.8;Sun Nov 24 2019 08:13:33 GMT+0100 (CET);Sun Nov 24 2019 07:13:33 GMT+0100 (CET);1574579613000;0.09;20.02
1380556890909648;4.9;31.8;Sun Nov 24 2019 08:15:34 GMT+0100 (CET);Sun Nov 24 2019 07:15:34 GMT+0100 (CET);1574579734000;0.1;21.51
1380556890909648;4.9;32.3;Sun Nov 24 2019 08:18:17 GMT+0100 (CET);Sun Nov 24 2019 07:18:17 GMT+0100 (CET);1574579897000;0.11;22.95
1380556890909648;4.9;32.3;Sun Nov 24 2019 08:20:17 GMT+0100 (CET);Sun Nov 24 2019 07:20:17 GMT+0100 (CET);1574580017000;0.11;23.92
1380556890909648;4.9;32.5;Sun Nov 24 2019 08:22:43 GMT+0100 (CET);Sun Nov 24 2019 07:22:43 GMT+0100 (CET);1574580163000;0.12;25.26
1380556890909648;4.9;32.6;Sun Nov 24 2019 08:24:53 GMT+0100 (CET);Sun Nov 24 2019 07:24:53 GMT+0100 (CET);1574580293000;0.12;26.32
1380556890909648;6.4;32.8;Sun Nov 24 2019 08:26:54 GMT+0100 (CET);Sun Nov 24 2019 07:26:54 GMT+0100 (CET);1574580414000;0.13;27.31
1380556890909648;6.4;32.9;Sun Nov 24 2019 08:29:07 GMT+0100 (CET);Sun Nov 24 2019 07:29:07 GMT+0100 (CET);1574580547000;0.13;28.51
1380556890909648;6.4;32.9;Sun Nov 24 2019 08:31:02 GMT+0100 (CET);Sun Nov 24 2019 07:31:02 GMT+0100 (CET);1574580662000;0.14;29.62
1380556890909648;6.4;32.9;Sun Nov 24 2019 08:32:57 GMT+0100 (CET);Sun Nov 24 2019 07:32:57 GMT+0100 (CET);1574580777000;0.14;30.67
1380556890909648;6.4;33;Sun Nov 24 2019 08:35:23 GMT+0100 (CET);Sun Nov 24 2019 07:35:23 GMT+0100 (CET);1574580923000;0.15;32.04
1380556890909648;6.4;33.2;Sun Nov 24 2019 08:37:37 GMT+0100 (CET);Sun Nov 24 2019 07:37:37 GMT+0100 (CET);1574581057000;0.16;33.4
1380556890909648;6.4;33.2;Sun Nov 24 2019 08:39:36 GMT+0100 (CET);Sun Nov 24 2019 07:39:36 GMT+0100 (CET);1574581176000;0.16;34.55
1380556890909648;6.4;33.4;Sun Nov 24 2019 08:41:38 GMT+0100 (CET);Sun Nov 24 2019 07:41:38 GMT+0100 (CET);1574581298000;0.17;35.61
1380556890909648;6.4;33.4;Sun Nov 24 2019 08:43:39 GMT+0100 (CET);Sun Nov 24 2019 07:43:39 GMT+0100 (CET);1574581419000;0.18;37.12
1380556890909648;6.4;33.4;Sun Nov 24 2019 08:45:42 GMT+0100 (CET);Sun Nov 24 2019 07:45:42 GMT+0100 (CET);1574581542000;0.18;38.46
1380556890909648;6.4;33.5;Sun Nov 24 2019 08:47:38 GMT+0100 (CET);Sun Nov 24 2019 07:47:38 GMT+0100 (CET);1574581658000;0.19;39.78
1380556890909648;6.9;33.6;Sun Nov 24 2019 08:49:52 GMT+0100 (CET);Sun Nov 24 2019 07:49:52 GMT+0100 (CET);1574581792000;0.19;41.3
1380556890909648;6.9;33.7;Sun Nov 24 2019 08:52:21 GMT+0100 (CET);Sun Nov 24 2019 07:52:21 GMT+0100 (CET);1574581941000;0.2;43.09
1380556890909648;6.9;33.7;Sun Nov 24 2019 08:54:47 GMT+0100 (CET);Sun Nov 24 2019 07:54:47 GMT+0100 (CET);1574582087000;0.21;44.86
1380556890909648;7.9;34;Sun Nov 24 2019 08:59:18 GMT+0100 (CET);Sun Nov 24 2019 07:59:18 GMT+0100 (CET);1574582358000;0.23;48.26
1380556890909648;7.9;34.1;Sun Nov 24 2019 09:01:20 GMT+0100 (CET);Sun Nov 24 2019 08:01:20 GMT+0100 (CET);1574582480000;0.24;49.94
1380556890909648;20.5;35.4;Sun Nov 24 2019 10:46:43 GMT+0100 (CET);Sun Nov 24 2019 09:46:43 GMT+0100 (CET);1574588803000;1.01;222.63
1380556890909648;18.5;35.4;Sun Nov 24 2019 11:04:22 GMT+0100 (CET);Sun Nov 24 2019 10:04:22 GMT+0100 (CET);1574589862000;0.93;222.63
1380556890909648;16.9;35.5;Sun Nov 24 2019 11:11:45 GMT+0100 (CET);Sun Nov 24 2019 10:11:45 GMT+0100 (CET);1574590305000;0.82;178.73
1380556890909648;18;35.5;Sun Nov 24 2019 11:17:31 GMT+0100 (CET);Sun Nov 24 2019 10:17:31 GMT+0100 (CET);1574590651000;0.79;174.66
1380556890909648;16.9;35.6;Sun Nov 24 2019 11:23:38 GMT+0100 (CET);Sun Nov 24 2019 10:23:38 GMT+0100 (CET);1574591018000;0.79;174.07
1380556890909648;16.9;35.6;Sun Nov 24 2019 11:26:45 GMT+0100 (CET);Sun Nov 24 2019 10:26:45 GMT+0100 (CET);1574591205000;0.79;174.07
1380556890909648;16.9;35.6;Sun Nov 24 2019 11:29:37 GMT+0100 (CET);Sun Nov 24 2019 10:29:37 GMT+0100 (CET);1574591377000;0.8;176.21
1380556890909648;16.9;35.6;Sun Nov 24 2019 11:31:30 GMT+0100 (CET);Sun Nov 24 2019 10:31:30 GMT+0100 (CET);1574591490000;0.8;178.04
1380556890909648;16.9;35.5;Sun Nov 24 2019 11:33:26 GMT+0100 (CET);Sun Nov 24 2019 10:33:26 GMT+0100 (CET);1574591606000;0.85;188.17
1380556890909648;16.9;35.6;Sun Nov 24 2019 11:35:28 GMT+0100 (CET);Sun Nov 24 2019 10:35:28 GMT+0100 (CET);1574591728000;0.96;216.13
1380556890909648;16.9;35.8;Sun Nov 24 2019 11:37:20 GMT+0100 (CET);Sun Nov 24 2019 10:37:20 GMT+0100 (CET);1574591840000;1.25;273.8
1380556890909648;16.9;35.9;Sun Nov 24 2019 11:39:13 GMT+0100 (CET);Sun Nov 24 2019 10:39:13 GMT+0100 (CET);1574591953000;1.27;281.06
1380556890909648;16.9;35.8;Sun Nov 24 2019 11:41:06 GMT+0100 (CET);Sun Nov 24 2019 10:41:06 GMT+0100 (CET);1574592066000;1.16;251.72
1380556890909648;16.9;35.6;Sun Nov 24 2019 11:42:59 GMT+0100 (CET);Sun Nov 24 2019 10:42:59 GMT+0100 (CET);1574592179000;0.97;213.42
1380556890909648;16.9;35.1;Sun Nov 24 2019 11:44:52 GMT+0100 (CET);Sun Nov 24 2019 10:44:52 GMT+0100 (CET);1574592292000;0.87;187.51
1380556890909648;16.9;35;Sun Nov 24 2019 11:46:45 GMT+0100 (CET);Sun Nov 24 2019 10:46:45 GMT+0100 (CET);1574592405000;0.81;178.04
1380556890909648;16.9;35.3;Sun Nov 24 2019 11:48:39 GMT+0100 (CET);Sun Nov 24 2019 10:48:39 GMT+0100 (CET);1574592519000;0.8;174.52
1380556890909648;16.9;35.3;Sun Nov 24 2019 11:50:32 GMT+0100 (CET);Sun Nov 24 2019 10:50:32 GMT+0100 (CET);1574592632000;0.79;173.64
1380556890909648;16.9;35.2;Sun Nov 24 2019 11:52:25 GMT+0100 (CET);Sun Nov 24 2019 10:52:25 GMT+0100 (CET);1574592745000;0.79;173.87
1380556890909648;17.4;35.4;Sun Nov 24 2019 11:54:18 GMT+0100 (CET);Sun Nov 24 2019 10:54:18 GMT+0100 (CET);1574592858000;0.8;175.1
1380556890909648;17.4;35.3;Sun Nov 24 2019 11:56:10 GMT+0100 (CET);Sun Nov 24 2019 10:56:10 GMT+0100 (CET);1574592970000;0.84;185.6
1380556890909648;16.9;35.4;Sun Nov 24 2019 11:58:04 GMT+0100 (CET);Sun Nov 24 2019 10:58:04 GMT+0100 (CET);1574593084000;1.03;238.3
1380556890909648;16.9;35.7;Sun Nov 24 2019 11:59:57 GMT+0100 (CET);Sun Nov 24 2019 10:59:57 GMT+0100 (CET);1574593197000;1.14;249.07
1380556890909648;16.9;35.5;Sun Nov 24 2019 12:01:50 GMT+0100 (CET);Sun Nov 24 2019 11:01:50 GMT+0100 (CET);1574593310000;1.06;230.09
1380556890909648;16.9;35.4;Sun Nov 24 2019 12:03:43 GMT+0100 (CET);Sun Nov 24 2019 11:03:43 GMT+0100 (CET);1574593423000;0.97;210.54
1380556890909648;16.9;35.2;Sun Nov 24 2019 12:05:57 GMT+0100 (CET);Sun Nov 24 2019 11:05:57 GMT+0100 (CET);1574593557000;0.88;190.04
1380556890909648;18.5;35.4;Sun Nov 24 2019 12:07:50 GMT+0100 (CET);Sun Nov 24 2019 11:07:50 GMT+0100 (CET);1574593670000;0.84;183.09
1380556890909648;18.5;35.3;Sun Nov 24 2019 12:09:43 GMT+0100 (CET);Sun Nov 24 2019 11:09:43 GMT+0100 (CET);1574593783000;0.82;178.95
1380556890909648;18.5;35.2;Sun Nov 24 2019 12:11:36 GMT+0100 (CET);Sun Nov 24 2019 11:11:36 GMT+0100 (CET);1574593896000;0.81;173.95
1380556890909648;18.5;35.2;Sun Nov 24 2019 12:13:29 GMT+0100 (CET);Sun Nov 24 2019 11:13:29 GMT+0100 (CET);1574594009000;0.79;172.34
1380556890909648;18.5;35.1;Sun Nov 24 2019 12:15:22 GMT+0100 (CET);Sun Nov 24 2019 11:15:22 GMT+0100 (CET);1574594122000;0.79;170.1
1380556890909648;18.5;35.1;Sun Nov 24 2019 12:17:14 GMT+0100 (CET);Sun Nov 24 2019 11:17:14 GMT+0100 (CET);1574594234000;0.78;167.85
1380556890909648;18.5;35.2;Sun Nov 24 2019 12:19:08 GMT+0100 (CET);Sun Nov 24 2019 11:19:08 GMT+0100 (CET);1574594348000;0.77;166.38
1380556890909648;18.5;35.1;Sun Nov 24 2019 12:21:01 GMT+0100 (CET);Sun Nov 24 2019 11:21:01 GMT+0100 (CET);1574594461000;0.76;164
1380556890909648;16.9;35.1;Sun Nov 24 2019 12:22:54 GMT+0100 (CET);Sun Nov 24 2019 11:22:54 GMT+0100 (CET);1574594574000;0.75;161.18
1380556890909648;16.9;35.1;Sun Nov 24 2019 12:24:47 GMT+0100 (CET);Sun Nov 24 2019 11:24:47 GMT+0100 (CET);1574594687000;0.73;157.72
1380556890909648;16.9;35.1;Sun Nov 24 2019 12:26:40 GMT+0100 (CET);Sun Nov 24 2019 11:26:40 GMT+0100 (CET);1574594800000;0.72;154.18
1380556890909648;16.9;35;Sun Nov 24 2019 12:28:33 GMT+0100 (CET);Sun Nov 24 2019 11:28:33 GMT+0100 (CET);1574594913000;0.7;150.01
1380556890909648;16.9;35;Sun Nov 24 2019 12:30:25 GMT+0100 (CET);Sun Nov 24 2019 11:30:25 GMT+0100 (CET);1574595025000;0.68;145.18
1380556890909648;16.9;34.9;Sun Nov 24 2019 12:32:18 GMT+0100 (CET);Sun Nov 24 2019 11:32:18 GMT+0100 (CET);1574595138000;0.66;141.3
1380556890909648;16.9;34.9;Sun Nov 24 2019 12:34:12 GMT+0100 (CET);Sun Nov 24 2019 11:34:12 GMT+0100 (CET);1574595252000;0.63;136.57
1380556890909648;16.9;34.8;Sun Nov 24 2019 12:36:05 GMT+0100 (CET);Sun Nov 24 2019 11:36:05 GMT+0100 (CET);1574595365000;0.61;132.29
1380556890909648;16.9;34.8;Sun Nov 24 2019 12:37:58 GMT+0100 (CET);Sun Nov 24 2019 11:37:58 GMT+0100 (CET);1574595478000;0.6;129.03
1380556890909648;16.9;34.8;Sun Nov 24 2019 12:39:51 GMT+0100 (CET);Sun Nov 24 2019 11:39:51 GMT+0100 (CET);1574595591000;0.58;126.15
1380556890909648;16.9;34.7;Sun Nov 24 2019 12:41:43 GMT+0100 (CET);Sun Nov 24 2019 11:41:43 GMT+0100 (CET);1574595703000;0.58;123.63
1380556890909648;16.9;34.7;Sun Nov 24 2019 12:43:36 GMT+0100 (CET);Sun Nov 24 2019 11:43:36 GMT+0100 (CET);1574595816000;0.57;121.69
1380556890909648;16.9;34.7;Sun Nov 24 2019 12:45:29 GMT+0100 (CET);Sun Nov 24 2019 11:45:29 GMT+0100 (CET);1574595929000;0.56;119.98
1380556890909648;16.9;34.7;Sun Nov 24 2019 12:47:22 GMT+0100 (CET);Sun Nov 24 2019 11:47:22 GMT+0100 (CET);1574596042000;0.56;118.98
1380556890909648;16.9;34.4;Sun Nov 24 2019 12:49:15 GMT+0100 (CET);Sun Nov 24 2019 11:49:15 GMT+0100 (CET);1574596155000;0.55;118
1380556890909648;16.4;34.6;Sun Nov 24 2019 12:51:13 GMT+0100 (CET);Sun Nov 24 2019 11:51:13 GMT+0100 (CET);1574596273000;0.55;117.24
1380556890909648;16.4;34.3;Sun Nov 24 2019 12:53:06 GMT+0100 (CET);Sun Nov 24 2019 11:53:06 GMT+0100 (CET);1574596386000;0.55;116.37
1380556890909648;16.4;34.6;Sun Nov 24 2019 12:54:59 GMT+0100 (CET);Sun Nov 24 2019 11:54:59 GMT+0100 (CET);1574596499000;0.55;116
1380556890909648;16.4;34.6;Sun Nov 24 2019 12:56:53 GMT+0100 (CET);Sun Nov 24 2019 11:56:53 GMT+0100 (CET);1574596613000;0.55;115.5
1380556890909648;16.4;34.7;Sun Nov 24 2019 12:58:46 GMT+0100 (CET);Sun Nov 24 2019 11:58:46 GMT+0100 (CET);1574596726000;0.55;116.49
1380556890909648;16.4;34.7;Sun Nov 24 2019 13:00:39 GMT+0100 (CET);Sun Nov 24 2019 12:00:39 GMT+0100 (CET);1574596839000;0.57;121.6
1380556890909648;16.4;35.1;Sun Nov 24 2019 13:02:34 GMT+0100 (CET);Sun Nov 24 2019 12:02:34 GMT+0100 (CET);1574596954000;0.59;125.68
1380556890909648;16.4;34.9;Sun Nov 24 2019 13:04:27 GMT+0100 (CET);Sun Nov 24 2019 12:04:27 GMT+0100 (CET);1574597067000;0.6;127.22
1380556890909648;16.4;34.9;Sun Nov 24 2019 13:06:19 GMT+0100 (CET);Sun Nov 24 2019 12:06:19 GMT+0100 (CET);1574597179000;0.56;117.91
1380556890909648;16.4;34.7;Sun Nov 24 2019 13:08:15 GMT+0100 (CET);Sun Nov 24 2019 12:08:15 GMT+0100 (CET);1574597295000;0.53;110.8
1380556890909648;16.4;34.5;Sun Nov 24 2019 13:10:08 GMT+0100 (CET);Sun Nov 24 2019 12:10:08 GMT+0100 (CET);1574597408000;0.51;106.4
1380556890909648;16.4;34.4;Sun Nov 24 2019 13:12:00 GMT+0100 (CET);Sun Nov 24 2019 12:12:00 GMT+0100 (CET);1574597520000;0.49;102.79
1380556890909648;16.4;34.4;Sun Nov 24 2019 13:13:53 GMT+0100 (CET);Sun Nov 24 2019 12:13:53 GMT+0100 (CET);1574597633000;0.48;99.67
1380556890909648;16.4;34.3;Sun Nov 24 2019 13:15:49 GMT+0100 (CET);Sun Nov 24 2019 12:15:49 GMT+0100 (CET);1574597749000;0.46;96.61
1380556890909648;16.4;34.3;Sun Nov 24 2019 13:17:43 GMT+0100 (CET);Sun Nov 24 2019 12:17:43 GMT+0100 (CET);1574597863000;0.45;94.35
1380556890909648;16.4;34.3;Sun Nov 24 2019 13:19:39 GMT+0100 (CET);Sun Nov 24 2019 12:19:39 GMT+0100 (CET);1574597979000;0.45;92.52
1380556890909648;16.4;34.3;Sun Nov 24 2019 13:21:32 GMT+0100 (CET);Sun Nov 24 2019 12:21:32 GMT+0100 (CET);1574598092000;0.44;91.76
1380556890909648;14.9;34.3;Sun Nov 24 2019 13:23:27 GMT+0100 (CET);Sun Nov 24 2019 12:23:27 GMT+0100 (CET);1574598207000;0.43;90.54
1380556890909648;14.9;34.3;Sun Nov 24 2019 13:25:19 GMT+0100 (CET);Sun Nov 24 2019 12:25:19 GMT+0100 (CET);1574598319000;0.43;89.75
1380556890909648;14.9;34.3;Sun Nov 24 2019 13:27:13 GMT+0100 (CET);Sun Nov 24 2019 12:27:13 GMT+0100 (CET);1574598433000;0.43;89.31
1380556890909648;14.9;34.3;Sun Nov 24 2019 13:29:07 GMT+0100 (CET);Sun Nov 24 2019 12:29:07 GMT+0100 (CET);1574598547000;0.43;89.18
1380556890909648;14.9;34.3;Sun Nov 24 2019 13:31:00 GMT+0100 (CET);Sun Nov 24 2019 12:31:00 GMT+0100 (CET);1574598660000;0.43;90.14
1380556890909648;14.9;34.3;Sun Nov 24 2019 13:32:52 GMT+0100 (CET);Sun Nov 24 2019 12:32:52 GMT+0100 (CET);1574598772000;0.44;91.66
1380556890909648;14.9;34.5;Sun Nov 24 2019 13:34:45 GMT+0100 (CET);Sun Nov 24 2019 12:34:45 GMT+0100 (CET);1574598885000;0.45;94.86
1380556890909648;14.9;34.4;Sun Nov 24 2019 13:36:40 GMT+0100 (CET);Sun Nov 24 2019 12:36:40 GMT+0100 (CET);1574599000000;0.48;102.01
1380556890909648;14.9;34.5;Sun Nov 24 2019 13:38:52 GMT+0100 (CET);Sun Nov 24 2019 12:38:52 GMT+0100 (CET);1574599132000;0.6;130.12
1380556890909648;14.9;35.2;Sun Nov 24 2019 13:40:44 GMT+0100 (CET);Sun Nov 24 2019 12:40:44 GMT+0100 (CET);1574599244000;0.69;151.24
1380556890909648;16.4;35.3;Sun Nov 24 2019 13:42:38 GMT+0100 (CET);Sun Nov 24 2019 12:42:38 GMT+0100 (CET);1574599358000;0.67;145.98
1380556890909648;16.4;35.3;Sun Nov 24 2019 13:44:30 GMT+0100 (CET);Sun Nov 24 2019 12:44:30 GMT+0100 (CET);1574599470000;0.72;158.39
1380556890909648;16.4;35.3;Sun Nov 24 2019 13:46:24 GMT+0100 (CET);Sun Nov 24 2019 12:46:24 GMT+0100 (CET);1574599584000;0.71;154.67
1380556890909648;16.4;35.2;Sun Nov 24 2019 13:48:18 GMT+0100 (CET);Sun Nov 24 2019 12:48:18 GMT+0100 (CET);1574599698000;0.69;150.59
1380556890909648;16.4;35.2;Sun Nov 24 2019 13:50:12 GMT+0100 (CET);Sun Nov 24 2019 12:50:12 GMT+0100 (CET);1574599812000;0.71;152.68
1380556890909648;16.4;35.1;Sun Nov 24 2019 13:52:04 GMT+0100 (CET);Sun Nov 24 2019 12:52:04 GMT+0100 (CET);1574599924000;0.66;142.92
1380556890909648;16.4;35.1;Sun Nov 24 2019 13:53:57 GMT+0100 (CET);Sun Nov 24 2019 12:53:57 GMT+0100 (CET);1574600037000;0.62;134.33
1380556890909648;16.4;35.1;Sun Nov 24 2019 13:55:50 GMT+0100 (CET);Sun Nov 24 2019 12:55:50 GMT+0100 (CET);1574600150000;0.61;130.67
1380556890909648;16.4;35;Sun Nov 24 2019 13:57:43 GMT+0100 (CET);Sun Nov 24 2019 12:57:43 GMT+0100 (CET);1574600263000;0.6;129.71
1380556890909648;16.4;35;Sun Nov 24 2019 13:59:35 GMT+0100 (CET);Sun Nov 24 2019 12:59:35 GMT+0100 (CET);1574600375000;0.6;129.19
1380556890909648;16.4;35.1;Sun Nov 24 2019 14:01:28 GMT+0100 (CET);Sun Nov 24 2019 13:01:28 GMT+0100 (CET);1574600488000;0.6;129
1380556890909648;16.9;35.1;Sun Nov 24 2019 14:03:21 GMT+0100 (CET);Sun Nov 24 2019 13:03:21 GMT+0100 (CET);1574600601000;0.59;128.39
1380556890909648;16.9;35.2;Sun Nov 24 2019 14:05:19 GMT+0100 (CET);Sun Nov 24 2019 13:05:19 GMT+0100 (CET);1574600719000;0.6;129.33
1380556890909648;16.4;35.3;Sun Nov 24 2019 14:07:11 GMT+0100 (CET);Sun Nov 24 2019 13:07:11 GMT+0100 (CET);1574600831000;0.6;132.65
1380556890909648;16.4;35.4;Sun Nov 24 2019 14:09:04 GMT+0100 (CET);Sun Nov 24 2019 13:09:04 GMT+0100 (CET);1574600944000;0.63;138.89
1380556890909648;16.9;35.6;Sun Nov 24 2019 14:10:58 GMT+0100 (CET);Sun Nov 24 2019 13:10:58 GMT+0100 (CET);1574601058000;0.64;141.92
1380556890909648;16.9;35.5;Sun Nov 24 2019 14:12:51 GMT+0100 (CET);Sun Nov 24 2019 13:12:51 GMT+0100 (CET);1574601171000;0.6;130.24
1380556890909648;16.9;35.4;Sun Nov 24 2019 14:14:44 GMT+0100 (CET);Sun Nov 24 2019 13:14:44 GMT+0100 (CET);1574601284000;0.56;123.59
1380556890909648;16.9;35.4;Sun Nov 24 2019 14:16:37 GMT+0100 (CET);Sun Nov 24 2019 13:16:37 GMT+0100 (CET);1574601397000;0.54;119.21
1380556890909648;16.9;35.4;Sun Nov 24 2019 14:18:30 GMT+0100 (CET);Sun Nov 24 2019 13:18:30 GMT+0100 (CET);1574601510000;0.53;117.54
1380556890909648;16.9;35.4;Sun Nov 24 2019 14:20:23 GMT+0100 (CET);Sun Nov 24 2019 13:20:23 GMT+0100 (CET);1574601623000;0.52;117.89
1380556890909648;16.9;35.4;Sun Nov 24 2019 14:22:44 GMT+0100 (CET);Sun Nov 24 2019 13:22:44 GMT+0100 (CET);1574601764000;0.54;120.29
1380556890909648;16.9;35.6;Sun Nov 24 2019 14:24:38 GMT+0100 (CET);Sun Nov 24 2019 13:24:38 GMT+0100 (CET);1574601878000;0.56;126.59
1380556890909648;16.4;35.6;Sun Nov 24 2019 14:26:31 GMT+0100 (CET);Sun Nov 24 2019 13:26:31 GMT+0100 (CET);1574601991000;0.62;141.19
1380556890909648;16.4;35.7;Sun Nov 24 2019 14:28:26 GMT+0100 (CET);Sun Nov 24 2019 13:28:26 GMT+0100 (CET);1574602106000;0.65;146.23
1380556890909648;16.4;35.7;Sun Nov 24 2019 14:30:19 GMT+0100 (CET);Sun Nov 24 2019 13:30:19 GMT+0100 (CET);1574602219000;0.63;142.78
1380556890909648;16.4;35.6;Sun Nov 24 2019 14:32:18 GMT+0100 (CET);Sun Nov 24 2019 13:32:18 GMT+0100 (CET);1574602338000;0.62;143.07
1380556890909648;16.4;35.6;Sun Nov 24 2019 14:34:12 GMT+0100 (CET);Sun Nov 24 2019 13:34:12 GMT+0100 (CET);1574602452000;0.62;140.8
1380556890909648;16.4;35.6;Sun Nov 24 2019 14:36:06 GMT+0100 (CET);Sun Nov 24 2019 13:36:06 GMT+0100 (CET);1574602566000;0.58;131.44
1380556890909648;16.4;35.3;Sun Nov 24 2019 14:38:00 GMT+0100 (CET);Sun Nov 24 2019 13:38:00 GMT+0100 (CET);1574602680000;0.57;130.42
1380556890909648;16.4;35.6;Sun Nov 24 2019 14:39:52 GMT+0100 (CET);Sun Nov 24 2019 13:39:52 GMT+0100 (CET);1574602792000;0.61;143.07
1380556890909648;16.4;36;Sun Nov 24 2019 14:41:45 GMT+0100 (CET);Sun Nov 24 2019 13:41:45 GMT+0100 (CET);1574602905000;0.67;158.44
1380556890909648;16.9;36.2;Sun Nov 24 2019 14:43:38 GMT+0100 (CET);Sun Nov 24 2019 13:43:38 GMT+0100 (CET);1574603018000;0.73;169.85
1380556890909648;16.9;36;Sun Nov 24 2019 14:45:31 GMT+0100 (CET);Sun Nov 24 2019 13:45:31 GMT+0100 (CET);1574603131000;0.63;147.58
1380556890909648;16.9;35.6;Sun Nov 24 2019 14:47:33 GMT+0100 (CET);Sun Nov 24 2019 13:47:33 GMT+0100 (CET);1574603253000;0.64;148.29
1380556890909648;16.4;35.5;Sun Nov 24 2019 14:49:26 GMT+0100 (CET);Sun Nov 24 2019 13:49:26 GMT+0100 (CET);1574603366000;0.55;126.8
1380556890909648;16.4;35.4;Sun Nov 24 2019 14:51:19 GMT+0100 (CET);Sun Nov 24 2019 13:51:19 GMT+0100 (CET);1574603479000;0.47;105.91
1380556890909648;16.4;35.3;Sun Nov 24 2019 14:53:11 GMT+0100 (CET);Sun Nov 24 2019 13:53:11 GMT+0100 (CET);1574603591000;0.44;100.81
1380556890909648;16.4;35.5;Sun Nov 24 2019 14:55:04 GMT+0100 (CET);Sun Nov 24 2019 13:55:04 GMT+0100 (CET);1574603704000;0.43;101.12
1380556890909648;16.4;35.6;Sun Nov 24 2019 14:56:57 GMT+0100 (CET);Sun Nov 24 2019 13:56:57 GMT+0100 (CET);1574603817000;0.42;97.88
1380556890909648;16.4;35.8;Sun Nov 24 2019 14:58:50 GMT+0100 (CET);Sun Nov 24 2019 13:58:50 GMT+0100 (CET);1574603930000;0.41;99.23
1380556890909648;16.4;35.6;Sun Nov 24 2019 15:00:43 GMT+0100 (CET);Sun Nov 24 2019 14:00:43 GMT+0100 (CET);1574604043000;0.44;104.78
1380556890909648;16.4;35.8;Sun Nov 24 2019 15:02:36 GMT+0100 (CET);Sun Nov 24 2019 14:02:36 GMT+0100 (CET);1574604156000;0.44;106.49
1380556890909648;16.4;36.3;Sun Nov 24 2019 15:04:30 GMT+0100 (CET);Sun Nov 24 2019 14:04:30 GMT+0100 (CET);1574604270000;0.46;114.59
1380556890909648;16.4;37.1;Sun Nov 24 2019 15:06:28 GMT+0100 (CET);Sun Nov 24 2019 14:06:28 GMT+0100 (CET);1574604388000;0.6;170.18
1380556890909648;16.4;38.1;Sun Nov 24 2019 15:08:21 GMT+0100 (CET);Sun Nov 24 2019 14:08:21 GMT+0100 (CET);1574604501000;0.62;176.86
1380556890909648;16.4;37.9;Sun Nov 24 2019 15:10:13 GMT+0100 (CET);Sun Nov 24 2019 14:10:13 GMT+0100 (CET);1574604613000;0.51;145.82
1380556890909648;16.9;37.5;Sun Nov 24 2019 15:12:06 GMT+0100 (CET);Sun Nov 24 2019 14:12:06 GMT+0100 (CET);1574604726000;0.45;121.74
1380556890909648;16.9;36.9;Sun Nov 24 2019 15:13:59 GMT+0100 (CET);Sun Nov 24 2019 14:13:59 GMT+0100 (CET);1574604839000;0.41;106.52
1380556890909648;16.9;36.7;Sun Nov 24 2019 15:15:52 GMT+0100 (CET);Sun Nov 24 2019 14:15:52 GMT+0100 (CET);1574604952000;0.39;101.8
1380556890909648;16.9;36.8;Sun Nov 24 2019 15:17:45 GMT+0100 (CET);Sun Nov 24 2019 14:17:45 GMT+0100 (CET);1574605065000;0.38;101.25
1380556890909648;16.9;37.2;Sun Nov 24 2019 15:19:48 GMT+0100 (CET);Sun Nov 24 2019 14:19:48 GMT+0100 (CET);1574605188000;0.38;107.84
1380556890909648;16.9;37.7;Sun Nov 24 2019 15:21:42 GMT+0100 (CET);Sun Nov 24 2019 14:21:42 GMT+0100 (CET);1574605302000;0.37;111.37
1380556890909648;16.9;37.9;Sun Nov 24 2019 15:23:35 GMT+0100 (CET);Sun Nov 24 2019 14:23:35 GMT+0100 (CET);1574605415000;0.36;116.18
1380556890909648;16.9;38;Sun Nov 24 2019 15:25:29 GMT+0100 (CET);Sun Nov 24 2019 14:25:29 GMT+0100 (CET);1574605529000;0.36;118.84
1380556890909648;16.9;37.4;Sun Nov 24 2019 15:27:23 GMT+0100 (CET);Sun Nov 24 2019 14:27:23 GMT+0100 (CET);1574605643000;0.34;103.47
1380556890909648;16.9;36.9;Sun Nov 24 2019 15:29:16 GMT+0100 (CET);Sun Nov 24 2019 14:29:16 GMT+0100 (CET);1574605756000;0.32;94.86
1380556890909648;16.9;36.7;Sun Nov 24 2019 15:31:08 GMT+0100 (CET);Sun Nov 24 2019 14:31:08 GMT+0100 (CET);1574605868000;0.31;94.33
1380556890909648;16.9;36;Sun Nov 24 2019 15:33:01 GMT+0100 (CET);Sun Nov 24 2019 14:33:01 GMT+0100 (CET);1574605981000;0.29;91.64
1380556890909648;16.4;35.5;Sun Nov 24 2019 15:35:14 GMT+0100 (CET);Sun Nov 24 2019 14:35:14 GMT+0100 (CET);1574606114000;0.28;68.91
1380556890909648;16.4;34.9;Sun Nov 24 2019 15:37:08 GMT+0100 (CET);Sun Nov 24 2019 14:37:08 GMT+0100 (CET);1574606228000;0.27;61.36
1380556890909648;16.4;34.6;Sun Nov 24 2019 15:39:01 GMT+0100 (CET);Sun Nov 24 2019 14:39:01 GMT+0100 (CET);1574606341000;0.25;57.13
1380556890909648;14.9;34.5;Sun Nov 24 2019 15:40:54 GMT+0100 (CET);Sun Nov 24 2019 14:40:54 GMT+0100 (CET);1574606454000;0.23;52.22
1380556890909648;14.9;34.3;Sun Nov 24 2019 15:42:47 GMT+0100 (CET);Sun Nov 24 2019 14:42:47 GMT+0100 (CET);1574606567000;0.22;47.63
1380556890909648;14.9;34.1;Sun Nov 24 2019 15:44:39 GMT+0100 (CET);Sun Nov 24 2019 14:44:39 GMT+0100 (CET);1574606679000;0.2;43.92
1380556890909648;14.9;33.8;Sun Nov 24 2019 15:46:32 GMT+0100 (CET);Sun Nov 24 2019 14:46:32 GMT+0100 (CET);1574606792000;0.18;39.6
1380556890909648;14.9;33.6;Sun Nov 24 2019 15:48:24 GMT+0100 (CET);Sun Nov 24 2019 14:48:24 GMT+0100 (CET);1574606904000;0.17;36.63
1380556890909648;14.4;33.5;Sun Nov 24 2019 15:50:39 GMT+0100 (CET);Sun Nov 24 2019 14:50:39 GMT+0100 (CET);1574607039000;0.15;32.53
1380556890909648;14.4;33.4;Sun Nov 24 2019 15:52:32 GMT+0100 (CET);Sun Nov 24 2019 14:52:32 GMT+0100 (CET);1574607152000;0.13;28.8
1380556890909648;12.9;33;Sun Nov 24 2019 15:54:25 GMT+0100 (CET);Sun Nov 24 2019 14:54:25 GMT+0100 (CET);1574607265000;0.12;26.12
1380556890909648;12.9;32.5;Sun Nov 24 2019 15:56:18 GMT+0100 (CET);Sun Nov 24 2019 14:56:18 GMT+0100 (CET);1574607378000;0.11;23.28
1380556890909648;12.9;32.1;Sun Nov 24 2019 15:58:12 GMT+0100 (CET);Sun Nov 24 2019 14:58:12 GMT+0100 (CET);1574607492000;0.1;21.01
1380556890909648;12.4;32.1;Sun Nov 24 2019 16:00:05 GMT+0100 (CET);Sun Nov 24 2019 15:00:05 GMT+0100 (CET);1574607605000;0.09;19.21
1380556890909648;12.4;32.1;Sun Nov 24 2019 16:01:57 GMT+0100 (CET);Sun Nov 24 2019 15:01:57 GMT+0100 (CET);1574607717000;0.07;16
1380556890909648;9.9;31.6;Sun Nov 24 2019 16:03:51 GMT+0100 (CET);Sun Nov 24 2019 15:03:51 GMT+0100 (CET);1574607831000;0.06;13.6
1380556890909648;9.9;31;Sun Nov 24 2019 16:05:43 GMT+0100 (CET);Sun Nov 24 2019 15:05:43 GMT+0100 (CET);1574607943000;0;11.9
1380556890909648;9.9;30.6;Sun Nov 24 2019 16:07:36 GMT+0100 (CET);Sun Nov 24 2019 15:07:36 GMT+0100 (CET);1574608056000;0;10.01
1380556890909648;9.9;30.1;Sun Nov 24 2019 16:09:29 GMT+0100 (CET);Sun Nov 24 2019 15:09:29 GMT+0100 (CET);1574608169000;0;8.51
1380556890909648;9.9;30.1;Sun Nov 24 2019 16:11:22 GMT+0100 (CET);Sun Nov 24 2019 15:11:22 GMT+0100 (CET);1574608282000;0;7.29
1380556890909648;9.9;28.8;Sun Nov 24 2019 16:13:15 GMT+0100 (CET);Sun Nov 24 2019 15:13:15 GMT+0100 (CET);1574608395000;0;6.09
1380556890909648;9.9;33.6;Sun Nov 24 2019 16:15:09 GMT+0100 (CET);Sun Nov 24 2019 15:15:09 GMT+0100 (CET);1574608509000;0;4.36
1380556890909648;9.9;33.3;Sun Nov 24 2019 16:17:02 GMT+0100 (CET);Sun Nov 24 2019 15:17:02 GMT+0100 (CET);1574608622000;0;3.19
1380556890909648;8.9;28.1;Sun Nov 24 2019 16:18:55 GMT+0100 (CET);Sun Nov 24 2019 15:18:55 GMT+0100 (CET);1574608735000;0;2.41
1380556890909648;8.9;29.9;Sun Nov 24 2019 16:20:48 GMT+0100 (CET);Sun Nov 24 2019 15:20:48 GMT+0100 (CET);1574608848000;0;1.47
1380556890909648;6.9;24.3;Sun Nov 24 2019 16:22:40 GMT+0100 (CET);Sun Nov 24 2019 15:22:40 GMT+0100 (CET);1574608960000;0;1.18
1380556890909648;6.9;24.3;Sun Nov 24 2019 16:24:33 GMT+0100 (CET);Sun Nov 24 2019 15:24:33 GMT+0100 (CET);1574609073000;0;0.55
1380556890909648;6.9;24.3;Sun Nov 24 2019 16:26:25 GMT+0100 (CET);Sun Nov 24 2019 15:26:25 GMT+0100 (CET);1574609185000;0;0.11
1380556890909648;-273.2;30.2;Mon Nov 25 2019 07:55:20 GMT+0100 (CET);Mon Nov 25 2019 06:55:20 GMT+0100 (CET);1574664920000;0;5.57
1380556890909648;-273.2;33.9;Mon Nov 25 2019 07:57:12 GMT+0100 (CET);Mon Nov 25 2019 06:57:12 GMT+0100 (CET);1574665032000;0;6.39
1380556890909648;-273.2;34.3;Mon Nov 25 2019 07:59:05 GMT+0100 (CET);Mon Nov 25 2019 06:59:05 GMT+0100 (CET);1574665145000;0;7.87
1380556890909648;-273.2;28.8;Mon Nov 25 2019 08:00:58 GMT+0100 (CET);Mon Nov 25 2019 07:00:58 GMT+0100 (CET);1574665258000;0;9.89
1380556890909648;-273.2;28.8;Mon Nov 25 2019 08:02:52 GMT+0100 (CET);Mon Nov 25 2019 07:02:52 GMT+0100 (CET);1574665372000;0;10.2
1380556890909648;-273.2;29.2;Mon Nov 25 2019 08:04:50 GMT+0100 (CET);Mon Nov 25 2019 07:04:50 GMT+0100 (CET);1574665490000;0;11.51
1380556890909648;-273.2;29.2;Mon Nov 25 2019 08:06:42 GMT+0100 (CET);Mon Nov 25 2019 07:06:42 GMT+0100 (CET);1574665602000;0;13.02
1380556890909648;2.8;29.7;Mon Nov 25 2019 08:08:36 GMT+0100 (CET);Mon Nov 25 2019 07:08:36 GMT+0100 (CET);1574665716000;0.06;13.66
1380556890909648;2.8;30;Mon Nov 25 2019 08:10:28 GMT+0100 (CET);Mon Nov 25 2019 07:10:28 GMT+0100 (CET);1574665828000;0.06;14.21
1380556890909648;2.8;30.2;Mon Nov 25 2019 08:12:21 GMT+0100 (CET);Mon Nov 25 2019 07:12:21 GMT+0100 (CET);1574665941000;0.06;14.58
1380556890909648;2.8;30.5;Mon Nov 25 2019 08:14:14 GMT+0100 (CET);Mon Nov 25 2019 07:14:14 GMT+0100 (CET);1574666054000;0.07;14.65
1380556890909648;2.8;30.6;Mon Nov 25 2019 08:16:07 GMT+0100 (CET);Mon Nov 25 2019 07:16:07 GMT+0100 (CET);1574666167000;0.07;15.83
1380556890909648;2.8;30.9;Mon Nov 25 2019 08:18:01 GMT+0100 (CET);Mon Nov 25 2019 07:18:01 GMT+0100 (CET);1574666281000;0.07;17.29
1380556890909648;2.8;31;Mon Nov 25 2019 08:19:57 GMT+0100 (CET);Mon Nov 25 2019 07:19:57 GMT+0100 (CET);1574666397000;0.08;17.23
1380556890909648;2.8;31.2;Mon Nov 25 2019 08:22:02 GMT+0100 (CET);Mon Nov 25 2019 07:22:02 GMT+0100 (CET);1574666522000;0.08;17.01
1380556890909648;4.4;31.4;Mon Nov 25 2019 08:23:55 GMT+0100 (CET);Mon Nov 25 2019 07:23:55 GMT+0100 (CET);1574666635000;0.08;17.22
1380556890909648;4.4;31.5;Mon Nov 25 2019 08:25:49 GMT+0100 (CET);Mon Nov 25 2019 07:25:49 GMT+0100 (CET);1574666749000;0.08;17.78
1380556890909648;4.4;31.5;Mon Nov 25 2019 08:27:45 GMT+0100 (CET);Mon Nov 25 2019 07:27:45 GMT+0100 (CET);1574666865000;0.09;18.24
1380556890909648;4.4;31.4;Mon Nov 25 2019 08:29:38 GMT+0100 (CET);Mon Nov 25 2019 07:29:38 GMT+0100 (CET);1574666978000;0.1;19.89
1380556890909648;4.4;31.7;Mon Nov 25 2019 08:31:31 GMT+0100 (CET);Mon Nov 25 2019 07:31:31 GMT+0100 (CET);1574667091000;0.09;20.21
1380556890909648;4.4;31.7;Mon Nov 25 2019 08:33:24 GMT+0100 (CET);Mon Nov 25 2019 07:33:24 GMT+0100 (CET);1574667204000;0.1;21.78
1380556890909648;4.4;31.7;Mon Nov 25 2019 08:35:24 GMT+0100 (CET);Mon Nov 25 2019 07:35:24 GMT+0100 (CET);1574667324000;0.1;21.67
1380556890909648;4.9;32.1;Mon Nov 25 2019 08:37:19 GMT+0100 (CET);Mon Nov 25 2019 07:37:19 GMT+0100 (CET);1574667439000;0.11;23.35
1380556890909648;4.9;32.3;Mon Nov 25 2019 08:39:11 GMT+0100 (CET);Mon Nov 25 2019 07:39:11 GMT+0100 (CET);1574667551000;0.11;24.12
1380556890909648;4.9;32.4;Mon Nov 25 2019 08:41:04 GMT+0100 (CET);Mon Nov 25 2019 07:41:04 GMT+0100 (CET);1574667664000;0.1;22.33
1380556890909648;4.9;32.4;Mon Nov 25 2019 08:43:10 GMT+0100 (CET);Mon Nov 25 2019 07:43:10 GMT+0100 (CET);1574667790000;0.11;22.12
1380556890909648;4.9;32.1;Mon Nov 25 2019 08:45:03 GMT+0100 (CET);Mon Nov 25 2019 07:45:03 GMT+0100 (CET);1574667903000;0.1;21.47
1380556890909648;4.9;31.8;Mon Nov 25 2019 08:46:57 GMT+0100 (CET);Mon Nov 25 2019 07:46:57 GMT+0100 (CET);1574668017000;0.1;21.61
1380556890909648;4.9;31.7;Mon Nov 25 2019 08:48:55 GMT+0100 (CET);Mon Nov 25 2019 07:48:55 GMT+0100 (CET);1574668135000;0.1;22.23
1380556890909648;4.9;31.7;Mon Nov 25 2019 08:50:59 GMT+0100 (CET);Mon Nov 25 2019 07:50:59 GMT+0100 (CET);1574668259000;0.11;24.28
1380556890909648;4.9;32.1;Mon Nov 25 2019 08:52:56 GMT+0100 (CET);Mon Nov 25 2019 07:52:56 GMT+0100 (CET);1574668376000;0.13;27.36
1380556890909648;6.4;32.3;Mon Nov 25 2019 08:54:51 GMT+0100 (CET);Mon Nov 25 2019 07:54:51 GMT+0100 (CET);1574668491000;0.13;27.65
1380556890909648;6.4;32.7;Mon Nov 25 2019 08:56:43 GMT+0100 (CET);Mon Nov 25 2019 07:56:43 GMT+0100 (CET);1574668603000;0.12;25.71
1380556890909648;6.4;32.7;Mon Nov 25 2019 08:58:37 GMT+0100 (CET);Mon Nov 25 2019 07:58:37 GMT+0100 (CET);1574668717000;0.12;25.73
1380556890909648;6.4;32.4;Mon Nov 25 2019 09:00:30 GMT+0100 (CET);Mon Nov 25 2019 08:00:30 GMT+0100 (CET);1574668830000;0.11;23.99
1380556890909648;6.4;32.2;Mon Nov 25 2019 09:02:23 GMT+0100 (CET);Mon Nov 25 2019 08:02:23 GMT+0100 (CET);1574668943000;0.1;21.26
1380556890909648;6.4;31.9;Mon Nov 25 2019 09:04:29 GMT+0100 (CET);Mon Nov 25 2019 08:04:29 GMT+0100 (CET);1574669069000;0.12;26.1
1380556890909648;6.4;32.4;Mon Nov 25 2019 09:06:27 GMT+0100 (CET);Mon Nov 25 2019 08:06:27 GMT+0100 (CET);1574669187000;0.12;25.46
1380556890909648;6.4;32.3;Mon Nov 25 2019 09:08:20 GMT+0100 (CET);Mon Nov 25 2019 08:08:20 GMT+0100 (CET);1574669300000;0.13;27.47
1380556890909648;6.4;32.5;Mon Nov 25 2019 09:10:13 GMT+0100 (CET);Mon Nov 25 2019 08:10:13 GMT+0100 (CET);1574669413000;0.13;27.85
1380556890909648;6.4;32.5;Mon Nov 25 2019 09:12:06 GMT+0100 (CET);Mon Nov 25 2019 08:12:06 GMT+0100 (CET);1574669526000;0.13;27.49
1380556890909648;6.4;32.5;Mon Nov 25 2019 09:14:00 GMT+0100 (CET);Mon Nov 25 2019 08:14:00 GMT+0100 (CET);1574669640000;0.13;28.97
1380556890909648;6.4;32.8;Mon Nov 25 2019 09:15:53 GMT+0100 (CET);Mon Nov 25 2019 08:15:53 GMT+0100 (CET);1574669753000;0.14;31.02
1380556890909648;6.4;32.6;Mon Nov 25 2019 09:17:46 GMT+0100 (CET);Mon Nov 25 2019 08:17:46 GMT+0100 (CET);1574669866000;0.15;31.62
1380556890909648;6.4;32.7;Mon Nov 25 2019 09:19:41 GMT+0100 (CET);Mon Nov 25 2019 08:19:41 GMT+0100 (CET);1574669981000;0.17;35.35
1380556890909648;6.4;33;Mon Nov 25 2019 09:21:56 GMT+0100 (CET);Mon Nov 25 2019 08:21:56 GMT+0100 (CET);1574670116000;0.16;32.67
1380556890909648;6.4;33.1;Mon Nov 25 2019 09:23:52 GMT+0100 (CET);Mon Nov 25 2019 08:23:52 GMT+0100 (CET);1574670232000;0.14;29.8
1380556890909648;6.4;32.6;Mon Nov 25 2019 09:25:44 GMT+0100 (CET);Mon Nov 25 2019 08:25:44 GMT+0100 (CET);1574670344000;0.17;34.29
1380556890909648;6.4;32.8;Mon Nov 25 2019 09:27:38 GMT+0100 (CET);Mon Nov 25 2019 08:27:38 GMT+0100 (CET);1574670458000;0.15;31.46
1380556890909648;6.4;32.6;Mon Nov 25 2019 09:33:14 GMT+0100 (CET);Mon Nov 25 2019 08:33:14 GMT+0100 (CET);1574670794000;0.14;30.11
1380556890909648;6.4;32.7;Mon Nov 25 2019 09:35:46 GMT+0100 (CET);Mon Nov 25 2019 08:35:46 GMT+0100 (CET);1574670946000;0.19;40.25
1380556890909648;6.4;32.8;Mon Nov 25 2019 09:37:47 GMT+0100 (CET);Mon Nov 25 2019 08:37:47 GMT+0100 (CET);1574671067000;0.18;38.46
1380556890909648;6.4;33;Mon Nov 25 2019 09:39:47 GMT+0100 (CET);Mon Nov 25 2019 08:39:47 GMT+0100 (CET);1574671187000;0.18;37.47
1380556890909648;6.9;33;Mon Nov 25 2019 09:41:39 GMT+0100 (CET);Mon Nov 25 2019 08:41:39 GMT+0100 (CET);1574671299000;0.18;38.4
1380556890909648;6.9;33;Mon Nov 25 2019 09:43:32 GMT+0100 (CET);Mon Nov 25 2019 08:43:32 GMT+0100 (CET);1574671412000;0.18;38.94
1380556890909648;6.9;33.1;Mon Nov 25 2019 09:45:26 GMT+0100 (CET);Mon Nov 25 2019 08:45:26 GMT+0100 (CET);1574671526000;0.18;38.04
1380556890909648;6.9;33.1;Mon Nov 25 2019 09:47:19 GMT+0100 (CET);Mon Nov 25 2019 08:47:19 GMT+0100 (CET);1574671639000;0.17;35.08
1380556890909648;6.9;33.3;Mon Nov 25 2019 09:49:12 GMT+0100 (CET);Mon Nov 25 2019 08:49:12 GMT+0100 (CET);1574671752000;0.19;40.41
1380556890909648;6.9;33.3;Mon Nov 25 2019 09:51:05 GMT+0100 (CET);Mon Nov 25 2019 08:51:05 GMT+0100 (CET);1574671865000;0.19;40.15
1380556890909648;6.9;33.2;Mon Nov 25 2019 09:52:59 GMT+0100 (CET);Mon Nov 25 2019 08:52:59 GMT+0100 (CET);1574671979000;0.2;41.97
1380556890909648;6.9;33.4;Mon Nov 25 2019 09:54:52 GMT+0100 (CET);Mon Nov 25 2019 08:54:52 GMT+0100 (CET);1574672092000;0.2;42.04
1380556890909648;6.9;33.3;Mon Nov 25 2019 09:56:46 GMT+0100 (CET);Mon Nov 25 2019 08:56:46 GMT+0100 (CET);1574672206000;0.19;39.1
1380556890909648;6.9;33.2;Mon Nov 25 2019 09:58:43 GMT+0100 (CET);Mon Nov 25 2019 08:58:43 GMT+0100 (CET);1574672323000;0.18;37.82
1380556890909648;6.9;33;Mon Nov 25 2019 10:00:37 GMT+0100 (CET);Mon Nov 25 2019 09:00:37 GMT+0100 (CET);1574672437000;0.18;37.76
1380556890909648;6.9;33.1;Mon Nov 25 2019 10:02:38 GMT+0100 (CET);Mon Nov 25 2019 09:02:38 GMT+0100 (CET);1574672558000;0.18;37.38
1380556890909648;6.9;33.1;Mon Nov 25 2019 10:04:31 GMT+0100 (CET);Mon Nov 25 2019 09:04:31 GMT+0100 (CET);1574672671000;0.19;39.78
1380556890909648;6.9;33.2;Mon Nov 25 2019 10:06:26 GMT+0100 (CET);Mon Nov 25 2019 09:06:26 GMT+0100 (CET);1574672786000;0.2;41.91
1380556890909648;6.9;33.3;Mon Nov 25 2019 10:08:20 GMT+0100 (CET);Mon Nov 25 2019 09:08:20 GMT+0100 (CET);1574672900000;0.2;42.3
1380556890909648;8.4;33.5;Mon Nov 25 2019 10:10:21 GMT+0100 (CET);Mon Nov 25 2019 09:10:21 GMT+0100 (CET);1574673021000;0.22;45.84
1380556890909648;8.4;33.6;Mon Nov 25 2019 10:12:14 GMT+0100 (CET);Mon Nov 25 2019 09:12:14 GMT+0100 (CET);1574673134000;0.24;49.14
1380556890909648;8.4;33.6;Mon Nov 25 2019 10:14:07 GMT+0100 (CET);Mon Nov 25 2019 09:14:07 GMT+0100 (CET);1574673247000;0.24;50.18
1380556890909648;8.4;33.6;Mon Nov 25 2019 10:16:00 GMT+0100 (CET);Mon Nov 25 2019 09:16:00 GMT+0100 (CET);1574673360000;0.24;51.14
1380556890909648;8.4;33.6;Mon Nov 25 2019 10:18:13 GMT+0100 (CET);Mon Nov 25 2019 09:18:13 GMT+0100 (CET);1574673493000;0.27;55.03
1380556890909648;8.4;33.8;Mon Nov 25 2019 10:20:06 GMT+0100 (CET);Mon Nov 25 2019 09:20:06 GMT+0100 (CET);1574673606000;0.26;55.1
1380556890909648;8.4;33.8;Mon Nov 25 2019 10:22:01 GMT+0100 (CET);Mon Nov 25 2019 09:22:01 GMT+0100 (CET);1574673721000;0.26;53.31
1380556890909648;8.4;34;Mon Nov 25 2019 10:23:54 GMT+0100 (CET);Mon Nov 25 2019 09:23:54 GMT+0100 (CET);1574673834000;0.27;57.29
1380556890909648;8.4;33.9;Mon Nov 25 2019 10:25:49 GMT+0100 (CET);Mon Nov 25 2019 09:25:49 GMT+0100 (CET);1574673949000;0.28;58.36
1380556890909648;8.4;33.8;Mon Nov 25 2019 10:27:42 GMT+0100 (CET);Mon Nov 25 2019 09:27:42 GMT+0100 (CET);1574674062000;0.27;55.79
1380556890909648;8.4;33.8;Mon Nov 25 2019 10:29:35 GMT+0100 (CET);Mon Nov 25 2019 09:29:35 GMT+0100 (CET);1574674175000;0.24;51.04
1380556890909648;8.4;33.7;Mon Nov 25 2019 10:31:28 GMT+0100 (CET);Mon Nov 25 2019 09:31:28 GMT+0100 (CET);1574674288000;0.25;52.87
1380556890909648;8.4;33.8;Mon Nov 25 2019 10:33:30 GMT+0100 (CET);Mon Nov 25 2019 09:33:30 GMT+0100 (CET);1574674410000;0.28;58.06
1380556890909648;8.4;34;Mon Nov 25 2019 10:35:25 GMT+0100 (CET);Mon Nov 25 2019 09:35:25 GMT+0100 (CET);1574674525000;0.28;57.4
1380556890909648;8.4;33.8;Mon Nov 25 2019 10:37:19 GMT+0100 (CET);Mon Nov 25 2019 09:37:19 GMT+0100 (CET);1574674639000;0.29;59.44
1380556890909648;8.4;33.8;Mon Nov 25 2019 10:39:13 GMT+0100 (CET);Mon Nov 25 2019 09:39:13 GMT+0100 (CET);1574674753000;0.28;58.7
1380556890909648;8.4;33.8;Mon Nov 25 2019 10:41:09 GMT+0100 (CET);Mon Nov 25 2019 09:41:09 GMT+0100 (CET);1574674869000;0.28;57.01
1380556890909648;8.4;33.8;Mon Nov 25 2019 10:43:10 GMT+0100 (CET);Mon Nov 25 2019 09:43:10 GMT+0100 (CET);1574674990000;0.28;57.74
1380556890909648;8.4;33.8;Mon Nov 25 2019 10:45:05 GMT+0100 (CET);Mon Nov 25 2019 09:45:05 GMT+0100 (CET);1574675105000;0.28;57.37
1380556890909648;8.4;33.9;Mon Nov 25 2019 10:46:58 GMT+0100 (CET);Mon Nov 25 2019 09:46:58 GMT+0100 (CET);1574675218000;0.27;56.23
1380556890909648;8.4;33.8;Mon Nov 25 2019 10:48:51 GMT+0100 (CET);Mon Nov 25 2019 09:48:51 GMT+0100 (CET);1574675331000;0.3;61.87
1380556890909648;8.4;34;Mon Nov 25 2019 10:50:46 GMT+0100 (CET);Mon Nov 25 2019 09:50:46 GMT+0100 (CET);1574675446000;0.29;61.59
1380556890909648;8.4;34;Mon Nov 25 2019 10:52:49 GMT+0100 (CET);Mon Nov 25 2019 09:52:49 GMT+0100 (CET);1574675569000;0.3;61.97
1380556890909648;8.4;34.1;Mon Nov 25 2019 10:54:42 GMT+0100 (CET);Mon Nov 25 2019 09:54:42 GMT+0100 (CET);1574675682000;0.33;67.42
1380556890909648;8.9;34.7;Mon Nov 25 2019 10:56:35 GMT+0100 (CET);Mon Nov 25 2019 09:56:35 GMT+0100 (CET);1574675795000;0.34;71
1380556890909648;8.9;34.9;Mon Nov 25 2019 10:58:30 GMT+0100 (CET);Mon Nov 25 2019 09:58:30 GMT+0100 (CET);1574675910000;0.32;67.3
1380556890909648;8.9;34.9;Mon Nov 25 2019 11:00:22 GMT+0100 (CET);Mon Nov 25 2019 10:00:22 GMT+0100 (CET);1574676022000;0.34;70.12
1380556890909648;8.9;34.9;Mon Nov 25 2019 11:02:15 GMT+0100 (CET);Mon Nov 25 2019 10:02:15 GMT+0100 (CET);1574676135000;0.36;75.54
1380556890909648;8.9;34.9;Mon Nov 25 2019 11:04:33 GMT+0100 (CET);Mon Nov 25 2019 10:04:33 GMT+0100 (CET);1574676273000;0.31;67.31
1380556890909648;8.9;34.6;Mon Nov 25 2019 11:06:26 GMT+0100 (CET);Mon Nov 25 2019 10:06:26 GMT+0100 (CET);1574676386000;0.32;64.99
1380556890909648;8.9;34.1;Mon Nov 25 2019 11:08:19 GMT+0100 (CET);Mon Nov 25 2019 10:08:19 GMT+0100 (CET);1574676499000;0.33;67.17
1380556890909648;8.9;34;Mon Nov 25 2019 11:10:12 GMT+0100 (CET);Mon Nov 25 2019 10:10:12 GMT+0100 (CET);1574676612000;0.32;66.06
1380556890909648;8.9;34;Mon Nov 25 2019 11:12:04 GMT+0100 (CET);Mon Nov 25 2019 10:12:04 GMT+0100 (CET);1574676724000;0.32;64.83
1380556890909648;8.9;33.9;Mon Nov 25 2019 11:13:57 GMT+0100 (CET);Mon Nov 25 2019 10:13:57 GMT+0100 (CET);1574676837000;0.32;65.53
1380556890909648;8.9;33.9;Mon Nov 25 2019 11:15:50 GMT+0100 (CET);Mon Nov 25 2019 10:15:50 GMT+0100 (CET);1574676950000;0.31;64.16
1380556890909648;8.9;33.9;Mon Nov 25 2019 11:17:43 GMT+0100 (CET);Mon Nov 25 2019 10:17:43 GMT+0100 (CET);1574677063000;0.27;56.32
1380556890909648;8.9;33.7;Mon Nov 25 2019 11:19:46 GMT+0100 (CET);Mon Nov 25 2019 10:19:46 GMT+0100 (CET);1574677186000;0.28;57.37
1380556890909648;8.9;33.8;Mon Nov 25 2019 11:21:43 GMT+0100 (CET);Mon Nov 25 2019 10:21:43 GMT+0100 (CET);1574677303000;0.3;60.57
1380556890909648;8.9;33.8;Mon Nov 25 2019 11:23:36 GMT+0100 (CET);Mon Nov 25 2019 10:23:36 GMT+0100 (CET);1574677416000;0.29;59.93
1380556890909648;8.9;33.8;Mon Nov 25 2019 11:25:29 GMT+0100 (CET);Mon Nov 25 2019 10:25:29 GMT+0100 (CET);1574677529000;0.29;58.54
1380556890909648;8.9;33.7;Mon Nov 25 2019 11:27:26 GMT+0100 (CET);Mon Nov 25 2019 10:27:26 GMT+0100 (CET);1574677646000;0.28;58.51
1380556890909648;8.9;33.8;Mon Nov 25 2019 11:29:19 GMT+0100 (CET);Mon Nov 25 2019 10:29:19 GMT+0100 (CET);1574677759000;0.27;56.15
1380556890909648;8.9;33.7;Mon Nov 25 2019 11:31:17 GMT+0100 (CET);Mon Nov 25 2019 10:31:17 GMT+0100 (CET);1574677877000;0.27;55.99
1380556890909648;8.9;33.7;Mon Nov 25 2019 11:33:10 GMT+0100 (CET);Mon Nov 25 2019 10:33:10 GMT+0100 (CET);1574677990000;0.27;55.53
1380556890909648;8.9;33.6;Mon Nov 25 2019 11:35:23 GMT+0100 (CET);Mon Nov 25 2019 10:35:23 GMT+0100 (CET);1574678123000;0.27;55.55
1380556890909648;8.9;33.7;Mon Nov 25 2019 11:37:17 GMT+0100 (CET);Mon Nov 25 2019 10:37:17 GMT+0100 (CET);1574678237000;0.27;56.11
1380556890909648;8.9;33.8;Mon Nov 25 2019 11:39:12 GMT+0100 (CET);Mon Nov 25 2019 10:39:12 GMT+0100 (CET);1574678352000;0.29;58.56
1380556890909648;8.9;33.7;Mon Nov 25 2019 11:41:12 GMT+0100 (CET);Mon Nov 25 2019 10:41:12 GMT+0100 (CET);1574678472000;0.28;56.57
1380556890909648;8.9;33.6;Mon Nov 25 2019 11:43:17 GMT+0100 (CET);Mon Nov 25 2019 10:43:17 GMT+0100 (CET);1574678597000;0.34;67.64
1380556890909648;8.9;33.7;Mon Nov 25 2019 11:45:12 GMT+0100 (CET);Mon Nov 25 2019 10:45:12 GMT+0100 (CET);1574678712000;0.37;75.37
1380556890909648;8.9;34.5;Mon Nov 25 2019 11:47:07 GMT+0100 (CET);Mon Nov 25 2019 10:47:07 GMT+0100 (CET);1574678827000;0.33;68.69
1380556890909648;8.9;34;Mon Nov 25 2019 11:49:15 GMT+0100 (CET);Mon Nov 25 2019 10:49:15 GMT+0100 (CET);1574678955000;0.32;66.35
1380556890909648;9.9;34;Mon Nov 25 2019 11:51:17 GMT+0100 (CET);Mon Nov 25 2019 10:51:17 GMT+0100 (CET);1574679077000;0.3;62.67
1380556890909648;9.9;33.9;Mon Nov 25 2019 11:53:10 GMT+0100 (CET);Mon Nov 25 2019 10:53:10 GMT+0100 (CET);1574679190000;0.28;57.78
1380556890909648;9.9;33.9;Mon Nov 25 2019 11:55:03 GMT+0100 (CET);Mon Nov 25 2019 10:55:03 GMT+0100 (CET);1574679303000;0.26;53.65
1380556890909648;9.9;33.6;Mon Nov 25 2019 11:56:57 GMT+0100 (CET);Mon Nov 25 2019 10:56:57 GMT+0100 (CET);1574679417000;0.27;55.47
1380556890909648;9.9;33.7;Mon Nov 25 2019 11:58:50 GMT+0100 (CET);Mon Nov 25 2019 10:58:50 GMT+0100 (CET);1574679530000;0.28;56.22
1380556890909648;9.9;33.6;Mon Nov 25 2019 12:00:43 GMT+0100 (CET);Mon Nov 25 2019 11:00:43 GMT+0100 (CET);1574679643000;0.26;53.01
1380556890909648;9.9;33.6;Mon Nov 25 2019 12:02:44 GMT+0100 (CET);Mon Nov 25 2019 11:02:44 GMT+0100 (CET);1574679764000;0.24;49.54
1380556890909648;8.9;33.5;Mon Nov 25 2019 12:04:39 GMT+0100 (CET);Mon Nov 25 2019 11:04:39 GMT+0100 (CET);1574679879000;0.24;49.05
1380556890909648;8.9;33.6;Mon Nov 25 2019 12:06:46 GMT+0100 (CET);Mon Nov 25 2019 11:06:46 GMT+0100 (CET);1574680006000;0.25;51.99
1380556890909648;8.9;33.6;Mon Nov 25 2019 12:08:44 GMT+0100 (CET);Mon Nov 25 2019 11:08:44 GMT+0100 (CET);1574680124000;0.28;57.49
1380556890909648;8.9;33.9;Mon Nov 25 2019 12:10:38 GMT+0100 (CET);Mon Nov 25 2019 11:10:38 GMT+0100 (CET);1574680238000;0.27;55.76
1380556890909648;8.9;34;Mon Nov 25 2019 12:12:31 GMT+0100 (CET);Mon Nov 25 2019 11:12:31 GMT+0100 (CET);1574680351000;0.28;58
1380556890909648;9.9;33.8;Mon Nov 25 2019 12:14:25 GMT+0100 (CET);Mon Nov 25 2019 11:14:25 GMT+0100 (CET);1574680465000;0.28;56.34
1380556890909648;9.9;33.8;Mon Nov 25 2019 12:16:25 GMT+0100 (CET);Mon Nov 25 2019 11:16:25 GMT+0100 (CET);1574680585000;0.26;53.14
1380556890909648;8.9;33.8;Mon Nov 25 2019 12:18:23 GMT+0100 (CET);Mon Nov 25 2019 11:18:23 GMT+0100 (CET);1574680703000;0.21;43.27
1380556890909648;8.9;33.6;Mon Nov 25 2019 12:20:19 GMT+0100 (CET);Mon Nov 25 2019 11:20:19 GMT+0100 (CET);1574680819000;0.21;44.49
1380556890909648;8.9;33.5;Mon Nov 25 2019 12:22:17 GMT+0100 (CET);Mon Nov 25 2019 11:22:17 GMT+0100 (CET);1574680937000;0.23;46.61
1380556890909648;8.9;33.4;Mon Nov 25 2019 12:24:09 GMT+0100 (CET);Mon Nov 25 2019 11:24:09 GMT+0100 (CET);1574681049000;0.24;49.98
1380556890909648;8.9;33.4;Mon Nov 25 2019 12:26:04 GMT+0100 (CET);Mon Nov 25 2019 11:26:04 GMT+0100 (CET);1574681164000;0.27;54.64
1380556890909648;8.9;33.6;Mon Nov 25 2019 12:27:57 GMT+0100 (CET);Mon Nov 25 2019 11:27:57 GMT+0100 (CET);1574681277000;0.28;58.09
1380556890909648;8.9;33.7;Mon Nov 25 2019 12:29:52 GMT+0100 (CET);Mon Nov 25 2019 11:29:52 GMT+0100 (CET);1574681392000;0.27;54.5
1380556890909648;8.9;33.9;Mon Nov 25 2019 12:31:47 GMT+0100 (CET);Mon Nov 25 2019 11:31:47 GMT+0100 (CET);1574681507000;0.28;56.98
1380556890909648;8.9;33.8;Mon Nov 25 2019 12:33:40 GMT+0100 (CET);Mon Nov 25 2019 11:33:40 GMT+0100 (CET);1574681620000;0.28;57.71
1380556890909648;8.9;33.7;Mon Nov 25 2019 12:35:33 GMT+0100 (CET);Mon Nov 25 2019 11:35:33 GMT+0100 (CET);1574681733000;0.3;62.15
1380556890909648;8.9;34;Mon Nov 25 2019 12:37:30 GMT+0100 (CET);Mon Nov 25 2019 11:37:30 GMT+0100 (CET);1574681850000;0.31;63.6
1380556890909648;8.9;33.9;Mon Nov 25 2019 12:39:29 GMT+0100 (CET);Mon Nov 25 2019 11:39:29 GMT+0100 (CET);1574681969000;0.32;65.44
1380556890909648;8.9;34.1;Mon Nov 25 2019 12:41:21 GMT+0100 (CET);Mon Nov 25 2019 11:41:21 GMT+0100 (CET);1574682081000;0.33;67.32
1380556890909648;8.9;34;Mon Nov 25 2019 12:43:23 GMT+0100 (CET);Mon Nov 25 2019 11:43:23 GMT+0100 (CET);1574682203000;0.32;65.17
1380556890909648;8.9;33.9;Mon Nov 25 2019 12:45:33 GMT+0100 (CET);Mon Nov 25 2019 11:45:33 GMT+0100 (CET);1574682333000;0.28;57.11
1380556890909648;8.9;33.7;Mon Nov 25 2019 12:47:32 GMT+0100 (CET);Mon Nov 25 2019 11:47:32 GMT+0100 (CET);1574682452000;0.28;56.38
1380556890909648;8.9;33.6;Mon Nov 25 2019 12:49:26 GMT+0100 (CET);Mon Nov 25 2019 11:49:26 GMT+0100 (CET);1574682566000;0.28;57.75
1380556890909648;8.9;33.8;Mon Nov 25 2019 12:51:12 GMT+0100 (CET);Mon Nov 25 2019 11:51:12 GMT+0100 (CET);1574682672000;0.27;54.55
1380556890909648;8.9;33.4;Mon Nov 25 2019 12:53:47 GMT+0100 (CET);Mon Nov 25 2019 11:53:47 GMT+0100 (CET);1574682827000;0.26;53.8
1380556890909648;8.9;33.6;Mon Nov 25 2019 12:55:45 GMT+0100 (CET);Mon Nov 25 2019 11:55:45 GMT+0100 (CET);1574682945000;0.28;56.39
1380556890909648;8.9;33.9;Mon Nov 25 2019 12:57:38 GMT+0100 (CET);Mon Nov 25 2019 11:57:38 GMT+0100 (CET);1574683058000;0.28;56.34
1380556890909648;8.9;33.8;Mon Nov 25 2019 12:59:31 GMT+0100 (CET);Mon Nov 25 2019 11:59:31 GMT+0100 (CET);1574683171000;0.27;54.71
1380556890909648;8.9;33.8;Mon Nov 25 2019 13:01:46 GMT+0100 (CET);Mon Nov 25 2019 12:01:46 GMT+0100 (CET);1574683306000;0.26;52.76
1380556890909648;8.9;33.8;Mon Nov 25 2019 13:03:41 GMT+0100 (CET);Mon Nov 25 2019 12:03:41 GMT+0100 (CET);1574683421000;0.26;54.77
1380556890909648;8.9;33.7;Mon Nov 25 2019 13:05:35 GMT+0100 (CET);Mon Nov 25 2019 12:05:35 GMT+0100 (CET);1574683535000;0.27;55.07
1380556890909648;8.9;33.8;Mon Nov 25 2019 13:07:37 GMT+0100 (CET);Mon Nov 25 2019 12:07:37 GMT+0100 (CET);1574683657000;0.27;54.26
1380556890909648;8.9;33.7;Mon Nov 25 2019 13:09:31 GMT+0100 (CET);Mon Nov 25 2019 12:09:31 GMT+0100 (CET);1574683771000;0.26;53.13
1380556890909648;8.9;33.5;Mon Nov 25 2019 13:11:24 GMT+0100 (CET);Mon Nov 25 2019 12:11:24 GMT+0100 (CET);1574683884000;0.23;46.74
1380556890909648;8.9;33.4;Mon Nov 25 2019 13:13:16 GMT+0100 (CET);Mon Nov 25 2019 12:13:16 GMT+0100 (CET);1574683996000;0.2;41.07
1380556890909648;8.9;33.2;Mon Nov 25 2019 13:15:09 GMT+0100 (CET);Mon Nov 25 2019 12:15:09 GMT+0100 (CET);1574684109000;0.2;41.53
1380556890909648;8.9;33.1;Mon Nov 25 2019 13:17:35 GMT+0100 (CET);Mon Nov 25 2019 12:17:35 GMT+0100 (CET);1574684255000;0.24;48.98
1380556890909648;8.9;33.6;Mon Nov 25 2019 13:19:31 GMT+0100 (CET);Mon Nov 25 2019 12:19:31 GMT+0100 (CET);1574684371000;0.24;50.75
1380556890909648;8.9;33.6;Mon Nov 25 2019 13:21:33 GMT+0100 (CET);Mon Nov 25 2019 12:21:33 GMT+0100 (CET);1574684493000;0.23;48.4
1380556890909648;8.9;33.6;Mon Nov 25 2019 13:23:35 GMT+0100 (CET);Mon Nov 25 2019 12:23:35 GMT+0100 (CET);1574684615000;0.21;41.97
1380556890909648;9.9;33.4;Mon Nov 25 2019 13:25:28 GMT+0100 (CET);Mon Nov 25 2019 12:25:28 GMT+0100 (CET);1574684728000;0.2;40.66
1380556890909648;9.9;33.2;Mon Nov 25 2019 13:27:22 GMT+0100 (CET);Mon Nov 25 2019 12:27:22 GMT+0100 (CET);1574684842000;0.18;37.57
1380556890909648;8.9;33;Mon Nov 25 2019 13:29:17 GMT+0100 (CET);Mon Nov 25 2019 12:29:17 GMT+0100 (CET);1574684957000;0.17;36.07
1380556890909648;8.9;33;Mon Nov 25 2019 13:31:10 GMT+0100 (CET);Mon Nov 25 2019 12:31:10 GMT+0100 (CET);1574685070000;0.17;35.07
1380556890909648;8.9;32.9;Mon Nov 25 2019 13:33:17 GMT+0100 (CET);Mon Nov 25 2019 12:33:17 GMT+0100 (CET);1574685197000;0.17;35.16
1380556890909648;8.9;32.8;Mon Nov 25 2019 13:35:13 GMT+0100 (CET);Mon Nov 25 2019 12:35:13 GMT+0100 (CET);1574685313000;0.16;33.86
1380556890909648;8.9;32.9;Mon Nov 25 2019 13:37:06 GMT+0100 (CET);Mon Nov 25 2019 12:37:06 GMT+0100 (CET);1574685426000;0.18;35.65
1380556890909648;8.9;32.8;Mon Nov 25 2019 13:38:58 GMT+0100 (CET);Mon Nov 25 2019 12:38:58 GMT+0100 (CET);1574685538000;0.2;41.66
1380556890909648;8.9;33.4;Mon Nov 25 2019 13:40:51 GMT+0100 (CET);Mon Nov 25 2019 12:40:51 GMT+0100 (CET);1574685651000;0.21;41.91
1380556890909648;8.9;33.2;Mon Nov 25 2019 13:42:44 GMT+0100 (CET);Mon Nov 25 2019 12:42:44 GMT+0100 (CET);1574685764000;0.19;39.49
1380556890909648;8.9;33.2;Mon Nov 25 2019 13:44:39 GMT+0100 (CET);Mon Nov 25 2019 12:44:39 GMT+0100 (CET);1574685879000;0.17;36.71
1380556890909648;8.9;33.2;Mon Nov 25 2019 13:46:34 GMT+0100 (CET);Mon Nov 25 2019 12:46:34 GMT+0100 (CET);1574685994000;0.15;32.09
1380556890909648;8.9;32.9;Mon Nov 25 2019 13:48:27 GMT+0100 (CET);Mon Nov 25 2019 12:48:27 GMT+0100 (CET);1574686107000;0.15;30.01
1380556890909648;8.9;32.5;Mon Nov 25 2019 13:50:20 GMT+0100 (CET);Mon Nov 25 2019 12:50:20 GMT+0100 (CET);1574686220000;0.12;26.27
1380556890909648;8.9;32.6;Mon Nov 25 2019 13:52:12 GMT+0100 (CET);Mon Nov 25 2019 12:52:12 GMT+0100 (CET);1574686332000;0.11;24.02
1380556890909648;8.9;32.1;Mon Nov 25 2019 13:54:10 GMT+0100 (CET);Mon Nov 25 2019 12:54:10 GMT+0100 (CET);1574686450000;0.12;25.56
1380556890909648;8.9;32;Mon Nov 25 2019 13:56:10 GMT+0100 (CET);Mon Nov 25 2019 12:56:10 GMT+0100 (CET);1574686570000;0.12;24.78
1380556890909648;8.4;31.9;Mon Nov 25 2019 13:58:05 GMT+0100 (CET);Mon Nov 25 2019 12:58:05 GMT+0100 (CET);1574686685000;0.11;22.64
1380556890909648;8.4;31.8;Mon Nov 25 2019 14:00:02 GMT+0100 (CET);Mon Nov 25 2019 13:00:02 GMT+0100 (CET);1574686802000;0.1;21.53
1380556890909648;8.4;31.6;Mon Nov 25 2019 14:01:55 GMT+0100 (CET);Mon Nov 25 2019 13:01:55 GMT+0100 (CET);1574686915000;0.1;21.66
1380556890909648;8.4;31.6;Mon Nov 25 2019 14:04:00 GMT+0100 (CET);Mon Nov 25 2019 13:04:00 GMT+0100 (CET);1574687040000;0.11;21.47
1380556890909648;7.4;31.5;Mon Nov 25 2019 14:05:53 GMT+0100 (CET);Mon Nov 25 2019 13:05:53 GMT+0100 (CET);1574687153000;0.11;22.08
1380556890909648;7.4;31.7;Mon Nov 25 2019 14:07:52 GMT+0100 (CET);Mon Nov 25 2019 13:07:52 GMT+0100 (CET);1574687272000;0.1;20.08
1380556890909648;7.4;31.3;Mon Nov 25 2019 14:09:44 GMT+0100 (CET);Mon Nov 25 2019 13:09:44 GMT+0100 (CET);1574687384000;0.09;19.01
1380556890909648;8.4;31.4;Mon Nov 25 2019 14:11:38 GMT+0100 (CET);Mon Nov 25 2019 13:11:38 GMT+0100 (CET);1574687498000;0.09;19.16
1380556890909648;8.4;31.1;Mon Nov 25 2019 14:13:31 GMT+0100 (CET);Mon Nov 25 2019 13:13:31 GMT+0100 (CET);1574687611000;0.1;20.81
1380556890909648;8.4;31.5;Mon Nov 25 2019 14:15:24 GMT+0100 (CET);Mon Nov 25 2019 13:15:24 GMT+0100 (CET);1574687724000;0.1;21.63
1380556890909648;8.4;31.5;Mon Nov 25 2019 14:17:40 GMT+0100 (CET);Mon Nov 25 2019 13:17:40 GMT+0100 (CET);1574687860000;0.1;20.51
1380556890909648;8.4;31.5;Mon Nov 25 2019 14:19:32 GMT+0100 (CET);Mon Nov 25 2019 13:19:32 GMT+0100 (CET);1574687972000;0.1;19.89
1380556890909648;8.4;31.6;Mon Nov 25 2019 14:21:30 GMT+0100 (CET);Mon Nov 25 2019 13:21:30 GMT+0100 (CET);1574688090000;0.1;20.04
1380556890909648;8.4;31.5;Mon Nov 25 2019 14:23:27 GMT+0100 (CET);Mon Nov 25 2019 13:23:27 GMT+0100 (CET);1574688207000;0.1;19.91
1380556890909648;8.4;31.3;Mon Nov 25 2019 14:25:20 GMT+0100 (CET);Mon Nov 25 2019 13:25:20 GMT+0100 (CET);1574688320000;0.09;18.5
1380556890909648;8.4;31;Mon Nov 25 2019 14:27:14 GMT+0100 (CET);Mon Nov 25 2019 13:27:14 GMT+0100 (CET);1574688434000;0.08;17.7
1380556890909648;8.4;31.2;Mon Nov 25 2019 14:29:07 GMT+0100 (CET);Mon Nov 25 2019 13:29:07 GMT+0100 (CET);1574688547000;0.08;17.78
1380556890909648;6.9;31.1;Mon Nov 25 2019 14:31:01 GMT+0100 (CET);Mon Nov 25 2019 13:31:01 GMT+0100 (CET);1574688661000;0.08;17.98
1380556890909648;6.9;31.3;Mon Nov 25 2019 14:33:07 GMT+0100 (CET);Mon Nov 25 2019 13:33:07 GMT+0100 (CET);1574688787000;0.08;16.74
1380556890909648;6.9;31.2;Mon Nov 25 2019 14:34:59 GMT+0100 (CET);Mon Nov 25 2019 13:34:59 GMT+0100 (CET);1574688899000;0.07;16.05
1380556890909648;6.9;30.6;Mon Nov 25 2019 14:36:52 GMT+0100 (CET);Mon Nov 25 2019 13:36:52 GMT+0100 (CET);1574689012000;0.08;16.38
1380556890909648;6.9;30.6;Mon Nov 25 2019 14:38:59 GMT+0100 (CET);Mon Nov 25 2019 13:38:59 GMT+0100 (CET);1574689139000;0.07;15.61
1380556890909648;6.9;30.5;Mon Nov 25 2019 14:40:52 GMT+0100 (CET);Mon Nov 25 2019 13:40:52 GMT+0100 (CET);1574689252000;0.07;15.83
1380556890909648;6.9;30.2;Mon Nov 25 2019 14:42:45 GMT+0100 (CET);Mon Nov 25 2019 13:42:45 GMT+0100 (CET);1574689365000;0.07;16.4
1380556890909648;6.9;30.6;Mon Nov 25 2019 14:44:38 GMT+0100 (CET);Mon Nov 25 2019 13:44:38 GMT+0100 (CET);1574689478000;0.08;17.62
1380556890909648;6.9;30.9;Mon Nov 25 2019 14:46:37 GMT+0100 (CET);Mon Nov 25 2019 13:46:37 GMT+0100 (CET);1574689597000;0.08;17.66
1380556890909648;6.9;31;Mon Nov 25 2019 14:48:30 GMT+0100 (CET);Mon Nov 25 2019 13:48:30 GMT+0100 (CET);1574689710000;0.08;17.67
1380556890909648;6.9;31.5;Mon Nov 25 2019 14:50:28 GMT+0100 (CET);Mon Nov 25 2019 13:50:28 GMT+0100 (CET);1574689828000;0.1;20.8
1380556890909648;6.9;31.7;Mon Nov 25 2019 14:52:23 GMT+0100 (CET);Mon Nov 25 2019 13:52:23 GMT+0100 (CET);1574689943000;0.09;18.23
1380556890909648;6.9;31.1;Mon Nov 25 2019 14:54:22 GMT+0100 (CET);Mon Nov 25 2019 13:54:22 GMT+0100 (CET);1574690062000;0.09;18.86
1380556890909648;6.9;31.2;Mon Nov 25 2019 14:56:29 GMT+0100 (CET);Mon Nov 25 2019 13:56:29 GMT+0100 (CET);1574690189000;0.08;17.43
1380556890909648;6.9;30.9;Mon Nov 25 2019 14:58:34 GMT+0100 (CET);Mon Nov 25 2019 13:58:34 GMT+0100 (CET);1574690314000;0.08;16.49
1380556890909648;6.9;30.6;Mon Nov 25 2019 15:00:27 GMT+0100 (CET);Mon Nov 25 2019 14:00:27 GMT+0100 (CET);1574690427000;0.09;18.27
1380556890909648;6.9;31.3;Mon Nov 25 2019 15:02:20 GMT+0100 (CET);Mon Nov 25 2019 14:02:20 GMT+0100 (CET);1574690540000;0.09;18.28
1380556890909648;6.9;31.2;Mon Nov 25 2019 15:04:13 GMT+0100 (CET);Mon Nov 25 2019 14:04:13 GMT+0100 (CET);1574690653000;0.09;18.71
1380556890909648;6.9;31.1;Mon Nov 25 2019 15:06:14 GMT+0100 (CET);Mon Nov 25 2019 14:06:14 GMT+0100 (CET);1574690774000;0.09;18.49
1380556890909648;6.9;31.4;Mon Nov 25 2019 15:08:17 GMT+0100 (CET);Mon Nov 25 2019 14:08:17 GMT+0100 (CET);1574690897000;0.08;17.66
1380556890909648;6.9;31.2;Mon Nov 25 2019 15:10:11 GMT+0100 (CET);Mon Nov 25 2019 14:10:11 GMT+0100 (CET);1574691011000;0.07;15.18
1380556890909648;6.9;30.8;Mon Nov 25 2019 15:12:04 GMT+0100 (CET);Mon Nov 25 2019 14:12:04 GMT+0100 (CET);1574691124000;0.06;13.59
1380556890909648;6.9;30.1;Mon Nov 25 2019 15:13:57 GMT+0100 (CET);Mon Nov 25 2019 14:13:57 GMT+0100 (CET);1574691237000;0.06;13.56
1380556890909648;6.9;30.3;Mon Nov 25 2019 15:15:56 GMT+0100 (CET);Mon Nov 25 2019 14:15:56 GMT+0100 (CET);1574691356000;0.07;14.4
1380556890909648;6.4;30.2;Mon Nov 25 2019 15:18:11 GMT+0100 (CET);Mon Nov 25 2019 14:18:11 GMT+0100 (CET);1574691491000;0.07;14.15
1380556890909648;6.4;30.2;Mon Nov 25 2019 15:20:04 GMT+0100 (CET);Mon Nov 25 2019 14:20:04 GMT+0100 (CET);1574691604000;0.06;13.42
1380556890909648;6.4;29.8;Mon Nov 25 2019 15:22:31 GMT+0100 (CET);Mon Nov 25 2019 14:22:31 GMT+0100 (CET);1574691751000;0.07;13.77
1380556890909648;6.9;29.8;Mon Nov 25 2019 15:24:32 GMT+0100 (CET);Mon Nov 25 2019 14:24:32 GMT+0100 (CET);1574691872000;0;12.46
1380556890909648;6.9;29.8;Mon Nov 25 2019 15:26:28 GMT+0100 (CET);Mon Nov 25 2019 14:26:28 GMT+0100 (CET);1574691988000;0;11.66
1380556890909648;6.9;29.3;Mon Nov 25 2019 15:28:37 GMT+0100 (CET);Mon Nov 25 2019 14:28:37 GMT+0100 (CET);1574692117000;0;11.73
1380556890909648;6.9;29.5;Mon Nov 25 2019 15:30:29 GMT+0100 (CET);Mon Nov 25 2019 14:30:29 GMT+0100 (CET);1574692229000;0;11.11
1380556890909648;6.4;29.2;Mon Nov 25 2019 15:32:39 GMT+0100 (CET);Mon Nov 25 2019 14:32:39 GMT+0100 (CET);1574692359000;0;10.1
1380556890909648;6.4;29.2;Mon Nov 25 2019 15:34:32 GMT+0100 (CET);Mon Nov 25 2019 14:34:32 GMT+0100 (CET);1574692472000;0;9.21
1380556890909648;6.4;28;Mon Nov 25 2019 15:37:20 GMT+0100 (CET);Mon Nov 25 2019 14:37:20 GMT+0100 (CET);1574692640000;0;8.17
1380556890909648;6.4;27.7;Mon Nov 25 2019 15:39:27 GMT+0100 (CET);Mon Nov 25 2019 14:39:27 GMT+0100 (CET);1574692767000;0;8.23
1380556890909648;4.9;27.3;Mon Nov 25 2019 15:41:23 GMT+0100 (CET);Mon Nov 25 2019 14:41:23 GMT+0100 (CET);1574692883000;0;8.62
1380556890909648;4.9;27.8;Mon Nov 25 2019 15:43:23 GMT+0100 (CET);Mon Nov 25 2019 14:43:23 GMT+0100 (CET);1574693003000;0;8.3
1380556890909648;4.9;27.8;Mon Nov 25 2019 15:45:17 GMT+0100 (CET);Mon Nov 25 2019 14:45:17 GMT+0100 (CET);1574693117000;0;7.29
1380556890909648;4.9;31.5;Mon Nov 25 2019 15:47:10 GMT+0100 (CET);Mon Nov 25 2019 14:47:10 GMT+0100 (CET);1574693230000;0;6.64
1380556890909648;4.9;33.6;Mon Nov 25 2019 15:49:06 GMT+0100 (CET);Mon Nov 25 2019 14:49:06 GMT+0100 (CET);1574693346000;0;5.81
1380556890909648;4.9;31.7;Mon Nov 25 2019 15:51:02 GMT+0100 (CET);Mon Nov 25 2019 14:51:02 GMT+0100 (CET);1574693462000;0;4.95
1380556890909648;4.9;32.3;Mon Nov 25 2019 15:53:09 GMT+0100 (CET);Mon Nov 25 2019 14:53:09 GMT+0100 (CET);1574693589000;0;4.43
1380556890909648;4.9;32.3;Mon Nov 25 2019 15:55:09 GMT+0100 (CET);Mon Nov 25 2019 14:55:09 GMT+0100 (CET);1574693709000;0;4.36
1380556890909648;4.9;31.1;Mon Nov 25 2019 15:57:12 GMT+0100 (CET);Mon Nov 25 2019 14:57:12 GMT+0100 (CET);1574693832000;0;3.68
1380556890909648;4.9;30.3;Mon Nov 25 2019 15:59:07 GMT+0100 (CET);Mon Nov 25 2019 14:59:07 GMT+0100 (CET);1574693947000;0;3.07
1380556890909648;6.4;26.7;Mon Nov 25 2019 16:01:04 GMT+0100 (CET);Mon Nov 25 2019 15:01:04 GMT+0100 (CET);1574694064000;0;2.67
1380556890909648;6.4;23.1;Mon Nov 25 2019 16:03:11 GMT+0100 (CET);Mon Nov 25 2019 15:03:11 GMT+0100 (CET);1574694191000;0;2.03
1380556890909648;6.4;22.2;Mon Nov 25 2019 16:05:07 GMT+0100 (CET);Mon Nov 25 2019 15:05:07 GMT+0100 (CET);1574694307000;0;2.05
1380556890909648;6.4;22.2;Mon Nov 25 2019 16:07:00 GMT+0100 (CET);Mon Nov 25 2019 15:07:00 GMT+0100 (CET);1574694420000;0;1.78
1380556890909648;2.3;33.7;Tue Nov 26 2019 07:49:17 GMT+0100 (CET);Tue Nov 26 2019 06:49:17 GMT+0100 (CET);1574750957000;0;5.94
1380556890909648;2.3;34.5;Tue Nov 26 2019 07:51:22 GMT+0100 (CET);Tue Nov 26 2019 06:51:22 GMT+0100 (CET);1574751082000;0;7.48
1380556890909648;6.4;29.3;Tue Nov 26 2019 07:53:30 GMT+0100 (CET);Tue Nov 26 2019 06:53:30 GMT+0100 (CET);1574751210000;0;8.58
1380556890909648;6.4;28.6;Tue Nov 26 2019 07:55:29 GMT+0100 (CET);Tue Nov 26 2019 06:55:29 GMT+0100 (CET);1574751329000;0;11.15
1380556890909648;6.4;28.9;Tue Nov 26 2019 07:57:28 GMT+0100 (CET);Tue Nov 26 2019 06:57:28 GMT+0100 (CET);1574751448000;0;13.27
1380556890909648;4.4;29.8;Tue Nov 26 2019 07:59:22 GMT+0100 (CET);Tue Nov 26 2019 06:59:22 GMT+0100 (CET);1574751562000;0.07;16.35
1380556890909648;4.4;29.8;Tue Nov 26 2019 08:01:21 GMT+0100 (CET);Tue Nov 26 2019 07:01:21 GMT+0100 (CET);1574751681000;0.08;18.57
1380556890909648;4.9;31.7;Tue Nov 26 2019 08:03:25 GMT+0100 (CET);Tue Nov 26 2019 07:03:25 GMT+0100 (CET);1574751805000;0.09;21.01
1380556890909648;4.9;32;Tue Nov 26 2019 08:05:23 GMT+0100 (CET);Tue Nov 26 2019 07:05:23 GMT+0100 (CET);1574751923000;0.1;23.22
1380556890909648;4.9;32;Tue Nov 26 2019 08:07:26 GMT+0100 (CET);Tue Nov 26 2019 07:07:26 GMT+0100 (CET);1574752046000;0.11;24.25
1380556890909648;4.9;32.4;Tue Nov 26 2019 08:09:37 GMT+0100 (CET);Tue Nov 26 2019 07:09:37 GMT+0100 (CET);1574752177000;0.11;25.04
1380556890909648;6.4;32.6;Tue Nov 26 2019 08:11:39 GMT+0100 (CET);Tue Nov 26 2019 07:11:39 GMT+0100 (CET);1574752299000;0.1;23.47
1380556890909648;6.4;32.3;Tue Nov 26 2019 08:13:32 GMT+0100 (CET);Tue Nov 26 2019 07:13:32 GMT+0100 (CET);1574752412000;0.1;22.7
1380556890909648;6.4;32.1;Tue Nov 26 2019 08:15:44 GMT+0100 (CET);Tue Nov 26 2019 07:15:44 GMT+0100 (CET);1574752544000;0.09;20.81
1380556890909648;6.4;31.9;Tue Nov 26 2019 08:17:37 GMT+0100 (CET);Tue Nov 26 2019 07:17:37 GMT+0100 (CET);1574752657000;0.09;20.75
1380556890909648;6.4;31.5;Tue Nov 26 2019 08:19:31 GMT+0100 (CET);Tue Nov 26 2019 07:19:31 GMT+0100 (CET);1574752771000;0.09;20.39
1380556890909648;6.4;31.4;Tue Nov 26 2019 08:21:24 GMT+0100 (CET);Tue Nov 26 2019 07:21:24 GMT+0100 (CET);1574752884000;0.09;19.47
1380556890909648;6.4;31.6;Tue Nov 26 2019 08:23:56 GMT+0100 (CET);Tue Nov 26 2019 07:23:56 GMT+0100 (CET);1574753036000;0.07;18.43
1380556890909648;6.4;31.4;Tue Nov 26 2019 08:26:14 GMT+0100 (CET);Tue Nov 26 2019 07:26:14 GMT+0100 (CET);1574753174000;0.08;18.22
1380556890909648;6.4;31.5;Tue Nov 26 2019 08:28:06 GMT+0100 (CET);Tue Nov 26 2019 07:28:06 GMT+0100 (CET);1574753286000;0.08;18.99
1380556890909648;6.4;31.7;Tue Nov 26 2019 08:30:03 GMT+0100 (CET);Tue Nov 26 2019 07:30:03 GMT+0100 (CET);1574753403000;0.09;20.83
1380556890909648;6.4;31.4;Tue Nov 26 2019 08:32:14 GMT+0100 (CET);Tue Nov 26 2019 07:32:14 GMT+0100 (CET);1574753534000;0.1;22
1380556890909648;6.4;31.9;Tue Nov 26 2019 08:34:08 GMT+0100 (CET);Tue Nov 26 2019 07:34:08 GMT+0100 (CET);1574753648000;0.1;22.91
1380556890909648;6.4;31.8;Tue Nov 26 2019 08:36:24 GMT+0100 (CET);Tue Nov 26 2019 07:36:24 GMT+0100 (CET);1574753784000;0.1;21.94
1380556890909648;6.4;31.6;Tue Nov 26 2019 08:38:17 GMT+0100 (CET);Tue Nov 26 2019 07:38:17 GMT+0100 (CET);1574753897000;0.09;21.06
1380556890909648;6.4;31.6;Tue Nov 26 2019 08:40:39 GMT+0100 (CET);Tue Nov 26 2019 07:40:39 GMT+0100 (CET);1574754039000;0.09;20.12
1380556890909648;6.4;30.9;Tue Nov 26 2019 08:42:47 GMT+0100 (CET);Tue Nov 26 2019 07:42:47 GMT+0100 (CET);1574754167000;0.08;18.63
1380556890909648;6.4;31.3;Tue Nov 26 2019 08:44:40 GMT+0100 (CET);Tue Nov 26 2019 07:44:40 GMT+0100 (CET);1574754280000;0.09;19.93
1380556890909648;6.4;31.6;Tue Nov 26 2019 08:46:37 GMT+0100 (CET);Tue Nov 26 2019 07:46:37 GMT+0100 (CET);1574754397000;0.09;21.42
1380556890909648;6.4;31.6;Tue Nov 26 2019 08:48:38 GMT+0100 (CET);Tue Nov 26 2019 07:48:38 GMT+0100 (CET);1574754518000;0.12;26.64
1380556890909648;6.4;31.8;Tue Nov 26 2019 08:50:50 GMT+0100 (CET);Tue Nov 26 2019 07:50:50 GMT+0100 (CET);1574754650000;0.12;26.39
1380556890909648;6.4;32.4;Tue Nov 26 2019 08:52:43 GMT+0100 (CET);Tue Nov 26 2019 07:52:43 GMT+0100 (CET);1574754763000;0.12;27.78
1380556890909648;6.4;32.5;Tue Nov 26 2019 08:55:27 GMT+0100 (CET);Tue Nov 26 2019 07:55:27 GMT+0100 (CET);1574754927000;0.12;28.22
1380556890909648;6.4;32.4;Tue Nov 26 2019 08:57:36 GMT+0100 (CET);Tue Nov 26 2019 07:57:36 GMT+0100 (CET);1574755056000;0.13;30.38
1380556890909648;8.4;32.4;Tue Nov 26 2019 08:59:29 GMT+0100 (CET);Tue Nov 26 2019 07:59:29 GMT+0100 (CET);1574755169000;0.15;33.41
1380556890909648;8.4;33;Tue Nov 26 2019 09:01:41 GMT+0100 (CET);Tue Nov 26 2019 08:01:41 GMT+0100 (CET);1574755301000;0.17;38.29
1380556890909648;8.4;33;Tue Nov 26 2019 09:04:19 GMT+0100 (CET);Tue Nov 26 2019 08:04:19 GMT+0100 (CET);1574755459000;0.22;46.85
1380556890909648;8.4;33.5;Tue Nov 26 2019 09:06:35 GMT+0100 (CET);Tue Nov 26 2019 08:06:35 GMT+0100 (CET);1574755595000;0.22;46.48
1380556890909648;8.4;33.5;Tue Nov 26 2019 09:08:53 GMT+0100 (CET);Tue Nov 26 2019 08:08:53 GMT+0100 (CET);1574755733000;0.22;46.96
1380556890909648;8.4;33.5;Tue Nov 26 2019 09:10:55 GMT+0100 (CET);Tue Nov 26 2019 08:10:55 GMT+0100 (CET);1574755855000;0.24;49.68
1380556890909648;8.4;33.6;Tue Nov 26 2019 09:12:56 GMT+0100 (CET);Tue Nov 26 2019 08:12:56 GMT+0100 (CET);1574755976000;0.25;53.02
1380556890909648;8.4;33.7;Tue Nov 26 2019 09:14:57 GMT+0100 (CET);Tue Nov 26 2019 08:14:57 GMT+0100 (CET);1574756097000;0.24;52.85
1380556890909648;8.9;33.6;Tue Nov 26 2019 09:17:22 GMT+0100 (CET);Tue Nov 26 2019 08:17:22 GMT+0100 (CET);1574756242000;0.26;55.86
1380556890909648;8.9;33.7;Tue Nov 26 2019 09:19:29 GMT+0100 (CET);Tue Nov 26 2019 08:19:29 GMT+0100 (CET);1574756369000;0.28;60.6
1380556890909648;8.9;34;Tue Nov 26 2019 09:21:35 GMT+0100 (CET);Tue Nov 26 2019 08:21:35 GMT+0100 (CET);1574756495000;0.31;68.03
1380556890909648;8.9;34.1;Tue Nov 26 2019 09:24:00 GMT+0100 (CET);Tue Nov 26 2019 08:24:00 GMT+0100 (CET);1574756640000;0.4;84.7
1380556890909648;9.9;34.4;Tue Nov 26 2019 09:26:00 GMT+0100 (CET);Tue Nov 26 2019 08:26:00 GMT+0100 (CET);1574756760000;0.39;82.01
1380556890909648;9.9;34.5;Tue Nov 26 2019 09:28:06 GMT+0100 (CET);Tue Nov 26 2019 08:28:06 GMT+0100 (CET);1574756886000;0.35;75.77
1380556890909648;9.9;34.2;Tue Nov 26 2019 09:30:01 GMT+0100 (CET);Tue Nov 26 2019 08:30:01 GMT+0100 (CET);1574757001000;0.35;77.01
1380556890909648;9.9;34.5;Tue Nov 26 2019 09:32:32 GMT+0100 (CET);Tue Nov 26 2019 08:32:32 GMT+0100 (CET);1574757152000;0.48;102.73
1380556890909648;9.9;35.2;Tue Nov 26 2019 09:34:27 GMT+0100 (CET);Tue Nov 26 2019 08:34:27 GMT+0100 (CET);1574757267000;0.46;99.43
1380556890909648;9.9;35.3;Tue Nov 26 2019 09:36:35 GMT+0100 (CET);Tue Nov 26 2019 08:36:35 GMT+0100 (CET);1574757395000;0.46;99.41
1380556890909648;9.9;35.3;Tue Nov 26 2019 09:38:42 GMT+0100 (CET);Tue Nov 26 2019 08:38:42 GMT+0100 (CET);1574757522000;0.46;99.58
1380556890909648;11.4;35.2;Tue Nov 26 2019 09:40:50 GMT+0100 (CET);Tue Nov 26 2019 08:40:50 GMT+0100 (CET);1574757650000;0.47;101.62
1380556890909648;11.4;35.2;Tue Nov 26 2019 09:42:57 GMT+0100 (CET);Tue Nov 26 2019 08:42:57 GMT+0100 (CET);1574757777000;0.46;101.22
1380556890909648;12.4;35.1;Tue Nov 26 2019 09:44:59 GMT+0100 (CET);Tue Nov 26 2019 08:44:59 GMT+0100 (CET);1574757899000;0.4;88.36
1380556890909648;12.4;35;Tue Nov 26 2019 09:46:56 GMT+0100 (CET);Tue Nov 26 2019 08:46:56 GMT+0100 (CET);1574758016000;0.37;81.13
1380556890909648;12.4;34;Tue Nov 26 2019 09:48:51 GMT+0100 (CET);Tue Nov 26 2019 08:48:51 GMT+0100 (CET);1574758131000;0.38;82.35
1380556890909648;12.4;34.1;Tue Nov 26 2019 09:50:50 GMT+0100 (CET);Tue Nov 26 2019 08:50:50 GMT+0100 (CET);1574758250000;0.39;83.69
1380556890909648;9.9;33.9;Tue Nov 26 2019 10:08:21 GMT+0100 (CET);Tue Nov 26 2019 09:08:21 GMT+0100 (CET);1574759301000;0.34;77.65
1380556890909648;12.4;33.9;Tue Nov 26 2019 10:10:14 GMT+0100 (CET);Tue Nov 26 2019 09:10:14 GMT+0100 (CET);1574759414000;0.38;82.25
1380556890909648;12.4;34;Tue Nov 26 2019 10:12:07 GMT+0100 (CET);Tue Nov 26 2019 09:12:07 GMT+0100 (CET);1574759527000;0.39;84.57
1380556890909648;12.4;34.2;Tue Nov 26 2019 10:14:00 GMT+0100 (CET);Tue Nov 26 2019 09:14:00 GMT+0100 (CET);1574759640000;0.39;84.65
1380556890909648;12.4;34.3;Tue Nov 26 2019 10:15:54 GMT+0100 (CET);Tue Nov 26 2019 09:15:54 GMT+0100 (CET);1574759754000;0.41;88.25
1380556890909648;12.4;34.5;Tue Nov 26 2019 10:17:49 GMT+0100 (CET);Tue Nov 26 2019 09:17:49 GMT+0100 (CET);1574759869000;0.48;105.52
1380556890909648;12.4;34.8;Tue Nov 26 2019 10:19:42 GMT+0100 (CET);Tue Nov 26 2019 09:19:42 GMT+0100 (CET);1574759982000;0.59;136.11
1380556890909648;12.4;35.9;Tue Nov 26 2019 10:21:34 GMT+0100 (CET);Tue Nov 26 2019 09:21:34 GMT+0100 (CET);1574760094000;0.69;156.84
1380556890909648;12.9;36.1;Tue Nov 26 2019 10:23:27 GMT+0100 (CET);Tue Nov 26 2019 09:23:27 GMT+0100 (CET);1574760207000;0.67;153.46
1380556890909648;12.9;36.2;Tue Nov 26 2019 10:25:20 GMT+0100 (CET);Tue Nov 26 2019 09:25:20 GMT+0100 (CET);1574760320000;0.79;187.7
1380556890909648;12.9;36.3;Tue Nov 26 2019 10:27:12 GMT+0100 (CET);Tue Nov 26 2019 09:27:12 GMT+0100 (CET);1574760432000;0.75;171.67
1380556890909648;12.9;36.3;Tue Nov 26 2019 10:29:05 GMT+0100 (CET);Tue Nov 26 2019 09:29:05 GMT+0100 (CET);1574760545000;0.71;163.48
1380556890909648;12.9;36.2;Tue Nov 26 2019 10:31:00 GMT+0100 (CET);Tue Nov 26 2019 09:31:00 GMT+0100 (CET);1574760660000;0.76;170.61
1380556890909648;14.4;36;Tue Nov 26 2019 10:32:52 GMT+0100 (CET);Tue Nov 26 2019 09:32:52 GMT+0100 (CET);1574760772000;0.69;154.9
1380556890909648;14.4;35.7;Tue Nov 26 2019 10:34:46 GMT+0100 (CET);Tue Nov 26 2019 09:34:46 GMT+0100 (CET);1574760886000;0.69;154.25
1380556890909648;14.4;35.8;Tue Nov 26 2019 10:36:39 GMT+0100 (CET);Tue Nov 26 2019 09:36:39 GMT+0100 (CET);1574760999000;0.72;158.81
1380556890909648;14.4;36;Tue Nov 26 2019 10:38:51 GMT+0100 (CET);Tue Nov 26 2019 09:38:51 GMT+0100 (CET);1574761131000;0.83;183.6
1380556890909648;14.4;36.1;Tue Nov 26 2019 10:40:44 GMT+0100 (CET);Tue Nov 26 2019 09:40:44 GMT+0100 (CET);1574761244000;0.77;171.89
1380556890909648;14.4;35.9;Tue Nov 26 2019 10:42:37 GMT+0100 (CET);Tue Nov 26 2019 09:42:37 GMT+0100 (CET);1574761357000;0.8;175.38
1380556890909648;14.4;35.8;Tue Nov 26 2019 10:44:30 GMT+0100 (CET);Tue Nov 26 2019 09:44:30 GMT+0100 (CET);1574761470000;0.78;170.56
1380556890909648;14.4;35.5;Tue Nov 26 2019 10:46:22 GMT+0100 (CET);Tue Nov 26 2019 09:46:22 GMT+0100 (CET);1574761582000;0.69;153.42
1380556890909648;14.9;35.4;Tue Nov 26 2019 10:48:15 GMT+0100 (CET);Tue Nov 26 2019 09:48:15 GMT+0100 (CET);1574761695000;0.67;147.16
1380556890909648;14.9;35.3;Tue Nov 26 2019 10:50:07 GMT+0100 (CET);Tue Nov 26 2019 09:50:07 GMT+0100 (CET);1574761807000;0.71;154.25
1380556890909648;15.4;35.4;Tue Nov 26 2019 10:52:00 GMT+0100 (CET);Tue Nov 26 2019 09:52:00 GMT+0100 (CET);1574761920000;0.72;157.79
1380556890909648;15.4;35.6;Tue Nov 26 2019 10:54:17 GMT+0100 (CET);Tue Nov 26 2019 09:54:17 GMT+0100 (CET);1574762057000;0.78;171.06
1380556890909648;16.4;35.7;Tue Nov 26 2019 10:56:10 GMT+0100 (CET);Tue Nov 26 2019 09:56:10 GMT+0100 (CET);1574762170000;0.77;169.61
1380556890909648;16.4;35.8;Tue Nov 26 2019 10:58:03 GMT+0100 (CET);Tue Nov 26 2019 09:58:03 GMT+0100 (CET);1574762283000;0.71;159.98
1380556890909648;16.4;36;Tue Nov 26 2019 10:59:55 GMT+0100 (CET);Tue Nov 26 2019 09:59:55 GMT+0100 (CET);1574762395000;0.79;183.31
1380556890909648;16.4;36.4;Tue Nov 26 2019 11:01:55 GMT+0100 (CET);Tue Nov 26 2019 10:01:55 GMT+0100 (CET);1574762515000;0.85;198.51
1380556890909648;16.4;36.8;Tue Nov 26 2019 11:03:48 GMT+0100 (CET);Tue Nov 26 2019 10:03:48 GMT+0100 (CET);1574762628000;0.89;219.09
1380556890909648;16.4;36.8;Tue Nov 26 2019 11:05:42 GMT+0100 (CET);Tue Nov 26 2019 10:05:42 GMT+0100 (CET);1574762742000;1.06;267.86
1380556890909648;16.4;36.8;Tue Nov 26 2019 11:07:35 GMT+0100 (CET);Tue Nov 26 2019 10:07:35 GMT+0100 (CET);1574762855000;1.3;305.25
1380556890909648;16.4;36.8;Tue Nov 26 2019 11:09:48 GMT+0100 (CET);Tue Nov 26 2019 10:09:48 GMT+0100 (CET);1574762988000;2.02;519.67
1380556890909648;16.9;36.8;Tue Nov 26 2019 11:11:41 GMT+0100 (CET);Tue Nov 26 2019 10:11:41 GMT+0100 (CET);1574763101000;2.58;670.69
1380556890909648;16.9;36.5;Tue Nov 26 2019 11:13:34 GMT+0100 (CET);Tue Nov 26 2019 10:13:34 GMT+0100 (CET);1574763214000;1.82;427.51
1380556890909648;18.5;35.5;Tue Nov 26 2019 11:15:27 GMT+0100 (CET);Tue Nov 26 2019 10:15:27 GMT+0100 (CET);1574763327000;1.41;323.06
1380556890909648;18.5;35.4;Tue Nov 26 2019 11:17:28 GMT+0100 (CET);Tue Nov 26 2019 10:17:28 GMT+0100 (CET);1574763448000;1.4;312.1
1380556890909648;18.5;35.6;Tue Nov 26 2019 11:19:21 GMT+0100 (CET);Tue Nov 26 2019 10:19:21 GMT+0100 (CET);1574763561000;1.73;353.27
1380556890909648;20.5;35.8;Tue Nov 26 2019 11:21:14 GMT+0100 (CET);Tue Nov 26 2019 10:21:14 GMT+0100 (CET);1574763674000;1.31;330.23
1380556890909648;20.5;36.4;Tue Nov 26 2019 11:23:07 GMT+0100 (CET);Tue Nov 26 2019 10:23:07 GMT+0100 (CET);1574763787000;1.96;442.87
1380556890909648;20.5;36.2;Tue Nov 26 2019 11:25:16 GMT+0100 (CET);Tue Nov 26 2019 10:25:16 GMT+0100 (CET);1574763916000;1.41;326.87
1380556890909648;20.5;36.4;Tue Nov 26 2019 11:27:08 GMT+0100 (CET);Tue Nov 26 2019 10:27:08 GMT+0100 (CET);1574764028000;1.25;310.47
1380556890909648;20.5;36.5;Tue Nov 26 2019 11:29:02 GMT+0100 (CET);Tue Nov 26 2019 10:29:02 GMT+0100 (CET);1574764142000;1.7;391.67
1380556890909648;20.5;36.5;Tue Nov 26 2019 11:30:54 GMT+0100 (CET);Tue Nov 26 2019 10:30:54 GMT+0100 (CET);1574764254000;1.2;293.13
1380556890909648;20.5;36.3;Tue Nov 26 2019 11:33:07 GMT+0100 (CET);Tue Nov 26 2019 10:33:07 GMT+0100 (CET);1574764387000;1.92;460.79
1380556890909648;21;36.1;Tue Nov 26 2019 11:35:00 GMT+0100 (CET);Tue Nov 26 2019 10:35:00 GMT+0100 (CET);1574764500000;1.93;450.55
1380556890909648;21;36.1;Tue Nov 26 2019 11:36:53 GMT+0100 (CET);Tue Nov 26 2019 10:36:53 GMT+0100 (CET);1574764613000;2.1;486.39
1380556890909648;21;36;Tue Nov 26 2019 11:38:46 GMT+0100 (CET);Tue Nov 26 2019 10:38:46 GMT+0100 (CET);1574764726000;2.04;476.15
1380556890909648;21;36;Tue Nov 26 2019 11:40:45 GMT+0100 (CET);Tue Nov 26 2019 10:40:45 GMT+0100 (CET);1574764845000;1.83;427.51
1380556890909648;21;35.9;Tue Nov 26 2019 11:42:37 GMT+0100 (CET);Tue Nov 26 2019 10:42:37 GMT+0100 (CET);1574764957000;2.08;486.39
1380556890909648;21;35.8;Tue Nov 26 2019 11:44:30 GMT+0100 (CET);Tue Nov 26 2019 10:44:30 GMT+0100 (CET);1574765070000;2.06;478.71
1380556890909648;22.5;35.8;Tue Nov 26 2019 11:46:23 GMT+0100 (CET);Tue Nov 26 2019 10:46:23 GMT+0100 (CET);1574765183000;1.99;460.79
1380556890909648;22.5;35.8;Tue Nov 26 2019 11:48:43 GMT+0100 (CET);Tue Nov 26 2019 10:48:43 GMT+0100 (CET);1574765323000;2.08;478.71
1380556890909648;22.5;35.7;Tue Nov 26 2019 11:50:36 GMT+0100 (CET);Tue Nov 26 2019 10:50:36 GMT+0100 (CET);1574765436000;2.11;486.39
1380556890909648;22.5;35.8;Tue Nov 26 2019 11:52:28 GMT+0100 (CET);Tue Nov 26 2019 10:52:28 GMT+0100 (CET);1574765548000;2.14;496.63
1380556890909648;22.5;35.7;Tue Nov 26 2019 11:54:21 GMT+0100 (CET);Tue Nov 26 2019 10:54:21 GMT+0100 (CET);1574765661000;2.14;499.19
1380556890909648;22.5;35.6;Tue Nov 26 2019 11:56:19 GMT+0100 (CET);Tue Nov 26 2019 10:56:19 GMT+0100 (CET);1574765779000;2.17;504.31
1380556890909648;22.5;35.6;Tue Nov 26 2019 11:58:12 GMT+0100 (CET);Tue Nov 26 2019 10:58:12 GMT+0100 (CET);1574765892000;2.18;504.31
1380556890909648;24.5;35.5;Tue Nov 26 2019 12:00:05 GMT+0100 (CET);Tue Nov 26 2019 11:00:05 GMT+0100 (CET);1574766005000;2.15;494.07
1380556890909648;24.5;35.5;Tue Nov 26 2019 12:01:57 GMT+0100 (CET);Tue Nov 26 2019 11:01:57 GMT+0100 (CET);1574766117000;1.78;399.35
1380556890909648;24.5;35.5;Tue Nov 26 2019 12:04:20 GMT+0100 (CET);Tue Nov 26 2019 11:04:20 GMT+0100 (CET);1574766260000;1.17;269.14
1380556890909648;24.5;35.6;Tue Nov 26 2019 12:06:15 GMT+0100 (CET);Tue Nov 26 2019 11:06:15 GMT+0100 (CET);1574766375000;1.37;318.88
1380556890909648;24.5;35.9;Tue Nov 26 2019 12:08:08 GMT+0100 (CET);Tue Nov 26 2019 11:08:08 GMT+0100 (CET);1574766488000;2.14;491.51
1380556890909648;24.5;35.6;Tue Nov 26 2019 12:10:00 GMT+0100 (CET);Tue Nov 26 2019 11:10:00 GMT+0100 (CET);1574766600000;1.22;266.87
1380556890909648;24.5;35.3;Tue Nov 26 2019 12:11:55 GMT+0100 (CET);Tue Nov 26 2019 11:11:55 GMT+0100 (CET);1574766715000;1.04;233.82
1380556890909648;24.5;35.4;Tue Nov 26 2019 12:13:48 GMT+0100 (CET);Tue Nov 26 2019 11:13:48 GMT+0100 (CET);1574766828000;1.09;244.58
1380556890909648;24.5;35.3;Tue Nov 26 2019 12:15:40 GMT+0100 (CET);Tue Nov 26 2019 11:15:40 GMT+0100 (CET);1574766940000;1;221.69
1380556890909648;24.5;35.2;Tue Nov 26 2019 12:17:34 GMT+0100 (CET);Tue Nov 26 2019 11:17:34 GMT+0100 (CET);1574767054000;0.93;206.04
1380556890909648;23;34.7;Tue Nov 26 2019 12:19:46 GMT+0100 (CET);Tue Nov 26 2019 11:19:46 GMT+0100 (CET);1574767186000;0.83;180.59
1380556890909648;23;34.5;Tue Nov 26 2019 12:21:39 GMT+0100 (CET);Tue Nov 26 2019 11:21:39 GMT+0100 (CET);1574767299000;0.75;158.57
1380556890909648;22.5;34.4;Tue Nov 26 2019 12:23:32 GMT+0100 (CET);Tue Nov 26 2019 11:23:32 GMT+0100 (CET);1574767412000;0.72;153.69
1380556890909648;22.5;34.5;Tue Nov 26 2019 12:25:25 GMT+0100 (CET);Tue Nov 26 2019 11:25:25 GMT+0100 (CET);1574767525000;0.75;160.71
1380556890909648;22.5;34.8;Tue Nov 26 2019 12:27:19 GMT+0100 (CET);Tue Nov 26 2019 11:27:19 GMT+0100 (CET);1574767639000;0.82;175.13
1380556890909648;21;35.3;Tue Nov 26 2019 12:29:11 GMT+0100 (CET);Tue Nov 26 2019 11:29:11 GMT+0100 (CET);1574767751000;0.89;195.75
1380556890909648;21;35.7;Tue Nov 26 2019 12:31:04 GMT+0100 (CET);Tue Nov 26 2019 11:31:04 GMT+0100 (CET);1574767864000;0.97;213.55
1380556890909648;20.5;36;Tue Nov 26 2019 12:32:57 GMT+0100 (CET);Tue Nov 26 2019 11:32:57 GMT+0100 (CET);1574767977000;1.21;267.37
1380556890909648;20.5;36;Tue Nov 26 2019 12:35:21 GMT+0100 (CET);Tue Nov 26 2019 11:35:21 GMT+0100 (CET);1574768121000;1.09;251.63
1380556890909648;20.5;35.9;Tue Nov 26 2019 12:37:13 GMT+0100 (CET);Tue Nov 26 2019 11:37:13 GMT+0100 (CET);1574768233000;1.28;287.92
1380556890909648;20.5;35.9;Tue Nov 26 2019 12:39:06 GMT+0100 (CET);Tue Nov 26 2019 11:39:06 GMT+0100 (CET);1574768346000;1.01;228.81
1380556890909648;20.5;35.7;Tue Nov 26 2019 12:40:58 GMT+0100 (CET);Tue Nov 26 2019 11:40:58 GMT+0100 (CET);1574768458000;1.04;233.92
1380556890909648;20.5;35.8;Tue Nov 26 2019 12:42:51 GMT+0100 (CET);Tue Nov 26 2019 11:42:51 GMT+0100 (CET);1574768571000;1.2;272.18
1380556890909648;20.5;35.6;Tue Nov 26 2019 12:44:47 GMT+0100 (CET);Tue Nov 26 2019 11:44:47 GMT+0100 (CET);1574768687000;0.92;206.32
1380556890909648;20.5;35.6;Tue Nov 26 2019 12:46:40 GMT+0100 (CET);Tue Nov 26 2019 11:46:40 GMT+0100 (CET);1574768800000;0.85;187.27
1380556890909648;20.5;35.4;Tue Nov 26 2019 12:48:32 GMT+0100 (CET);Tue Nov 26 2019 11:48:32 GMT+0100 (CET);1574768912000;0.79;175.67
1380556890909648;20.5;35.3;Tue Nov 26 2019 12:50:56 GMT+0100 (CET);Tue Nov 26 2019 11:50:56 GMT+0100 (CET);1574769056000;0.75;165.99
1380556890909648;20.5;35.4;Tue Nov 26 2019 12:52:49 GMT+0100 (CET);Tue Nov 26 2019 11:52:49 GMT+0100 (CET);1574769169000;0.8;181.17
1380556890909648;20.5;35.8;Tue Nov 26 2019 12:54:42 GMT+0100 (CET);Tue Nov 26 2019 11:54:42 GMT+0100 (CET);1574769282000;0.98;220.84
1380556890909648;20.5;36;Tue Nov 26 2019 12:56:35 GMT+0100 (CET);Tue Nov 26 2019 11:56:35 GMT+0100 (CET);1574769395000;1.17;263.44
1380556890909648;20.5;36;Tue Nov 26 2019 12:58:28 GMT+0100 (CET);Tue Nov 26 2019 11:58:28 GMT+0100 (CET);1574769508000;1.22;278.86
1380556890909648;20.5;36.1;Tue Nov 26 2019 13:00:21 GMT+0100 (CET);Tue Nov 26 2019 12:00:21 GMT+0100 (CET);1574769621000;1.19;268.56
1380556890909648;20.5;36;Tue Nov 26 2019 13:02:14 GMT+0100 (CET);Tue Nov 26 2019 12:02:14 GMT+0100 (CET);1574769734000;1.15;262.1
1380556890909648;20.5;36.1;Tue Nov 26 2019 13:04:09 GMT+0100 (CET);Tue Nov 26 2019 12:04:09 GMT+0100 (CET);1574769849000;1.18;267.77
1380556890909648;20.5;36;Tue Nov 26 2019 13:06:20 GMT+0100 (CET);Tue Nov 26 2019 12:06:20 GMT+0100 (CET);1574769980000;1.12;258.38
1380556890909648;20.5;35.8;Tue Nov 26 2019 13:08:12 GMT+0100 (CET);Tue Nov 26 2019 12:08:12 GMT+0100 (CET);1574770092000;1.04;235.31
1380556890909648;20.5;35.7;Tue Nov 26 2019 13:10:06 GMT+0100 (CET);Tue Nov 26 2019 12:10:06 GMT+0100 (CET);1574770206000;0.89;198.38
1380556890909648;20.5;35.5;Tue Nov 26 2019 13:11:59 GMT+0100 (CET);Tue Nov 26 2019 12:11:59 GMT+0100 (CET);1574770319000;0.83;182.33
1380556890909648;20.5;35.3;Tue Nov 26 2019 13:13:57 GMT+0100 (CET);Tue Nov 26 2019 12:13:57 GMT+0100 (CET);1574770437000;0.78;171.53
1380556890909648;20.5;35.1;Tue Nov 26 2019 13:15:50 GMT+0100 (CET);Tue Nov 26 2019 12:15:50 GMT+0100 (CET);1574770550000;0.75;164.27
1380556890909648;20.5;35.1;Tue Nov 26 2019 13:17:44 GMT+0100 (CET);Tue Nov 26 2019 12:17:44 GMT+0100 (CET);1574770664000;0.73;160.41
1380556890909648;19;35.2;Tue Nov 26 2019 13:19:36 GMT+0100 (CET);Tue Nov 26 2019 12:19:36 GMT+0100 (CET);1574770776000;0.75;164.78
1380556890909648;19;35.4;Tue Nov 26 2019 13:22:02 GMT+0100 (CET);Tue Nov 26 2019 12:22:02 GMT+0100 (CET);1574770922000;0.8;177.07
1380556890909648;19;35.5;Tue Nov 26 2019 13:23:55 GMT+0100 (CET);Tue Nov 26 2019 12:23:55 GMT+0100 (CET);1574771035000;0.82;182.12
1380556890909648;19;35.5;Tue Nov 26 2019 13:25:49 GMT+0100 (CET);Tue Nov 26 2019 12:25:49 GMT+0100 (CET);1574771149000;0.81;181
1380556890909648;19;35.5;Tue Nov 26 2019 13:27:42 GMT+0100 (CET);Tue Nov 26 2019 12:27:42 GMT+0100 (CET);1574771262000;0.82;181.55
1380556890909648;19;35.6;Tue Nov 26 2019 13:29:50 GMT+0100 (CET);Tue Nov 26 2019 12:29:50 GMT+0100 (CET);1574771390000;0.81;181.71
1380556890909648;19;35.6;Tue Nov 26 2019 13:31:44 GMT+0100 (CET);Tue Nov 26 2019 12:31:44 GMT+0100 (CET);1574771504000;0.78;174.85
1380556890909648;19;35.6;Tue Nov 26 2019 13:33:37 GMT+0100 (CET);Tue Nov 26 2019 12:33:37 GMT+0100 (CET);1574771617000;0.75;166.34
1380556890909648;19;35.6;Tue Nov 26 2019 13:35:30 GMT+0100 (CET);Tue Nov 26 2019 12:35:30 GMT+0100 (CET);1574771730000;0.75;168.47
1380556890909648;19;35.8;Tue Nov 26 2019 13:37:48 GMT+0100 (CET);Tue Nov 26 2019 12:37:48 GMT+0100 (CET);1574771868000;0.96;212.88
1380556890909648;19;35.9;Tue Nov 26 2019 13:39:43 GMT+0100 (CET);Tue Nov 26 2019 12:39:43 GMT+0100 (CET);1574771983000;1.01;229.41
1380556890909648;19;35.8;Tue Nov 26 2019 13:41:36 GMT+0100 (CET);Tue Nov 26 2019 12:41:36 GMT+0100 (CET);1574772096000;0.93;209.36
1380556890909648;19;35.7;Tue Nov 26 2019 13:43:29 GMT+0100 (CET);Tue Nov 26 2019 12:43:29 GMT+0100 (CET);1574772209000;0.84;193.66
1380556890909648;19;35.6;Tue Nov 26 2019 13:45:22 GMT+0100 (CET);Tue Nov 26 2019 12:45:22 GMT+0100 (CET);1574772322000;0.81;184.74
1380556890909648;19;35.6;Tue Nov 26 2019 13:47:16 GMT+0100 (CET);Tue Nov 26 2019 12:47:16 GMT+0100 (CET);1574772436000;0.78;179.46
1380556890909648;19;35.6;Tue Nov 26 2019 13:49:20 GMT+0100 (CET);Tue Nov 26 2019 12:49:20 GMT+0100 (CET);1574772560000;0.67;153.9
1380556890909648;19;35.6;Tue Nov 26 2019 13:51:18 GMT+0100 (CET);Tue Nov 26 2019 12:51:18 GMT+0100 (CET);1574772678000;0.73;170.47
1380556890909648;19;35.6;Tue Nov 26 2019 13:53:18 GMT+0100 (CET);Tue Nov 26 2019 12:53:18 GMT+0100 (CET);1574772798000;0.71;163.12
1380556890909648;19;35.7;Tue Nov 26 2019 13:55:13 GMT+0100 (CET);Tue Nov 26 2019 12:55:13 GMT+0100 (CET);1574772913000;0.73;165.82
1380556890909648;18.5;35.8;Tue Nov 26 2019 13:57:06 GMT+0100 (CET);Tue Nov 26 2019 12:57:06 GMT+0100 (CET);1574773026000;0.73;167.68
1380556890909648;18.5;35.8;Tue Nov 26 2019 13:58:59 GMT+0100 (CET);Tue Nov 26 2019 12:58:59 GMT+0100 (CET);1574773139000;0.73;167.41
1380556890909648;19;35.7;Tue Nov 26 2019 14:00:59 GMT+0100 (CET);Tue Nov 26 2019 13:00:59 GMT+0100 (CET);1574773259000;0.72;166.37
1380556890909648;19;35.5;Tue Nov 26 2019 14:02:52 GMT+0100 (CET);Tue Nov 26 2019 13:02:52 GMT+0100 (CET);1574773372000;0.64;145.13
1380556890909648;19;35.3;Tue Nov 26 2019 14:04:44 GMT+0100 (CET);Tue Nov 26 2019 13:04:44 GMT+0100 (CET);1574773484000;0.61;137.04
1380556890909648;18;35.3;Tue Nov 26 2019 14:06:37 GMT+0100 (CET);Tue Nov 26 2019 13:06:37 GMT+0100 (CET);1574773597000;0.61;136.35
1380556890909648;18;35.2;Tue Nov 26 2019 14:09:00 GMT+0100 (CET);Tue Nov 26 2019 13:09:00 GMT+0100 (CET);1574773740000;0.59;131.34
1380556890909648;16.9;35.1;Tue Nov 26 2019 14:10:53 GMT+0100 (CET);Tue Nov 26 2019 13:10:53 GMT+0100 (CET);1574773853000;0.57;126.85
1380556890909648;16.9;35.1;Tue Nov 26 2019 14:12:45 GMT+0100 (CET);Tue Nov 26 2019 13:12:45 GMT+0100 (CET);1574773965000;0.56;122.34
1380556890909648;16.9;34.9;Tue Nov 26 2019 14:14:46 GMT+0100 (CET);Tue Nov 26 2019 13:14:46 GMT+0100 (CET);1574774086000;0.55;119.92
1380556890909648;16.9;34.7;Tue Nov 26 2019 14:16:40 GMT+0100 (CET);Tue Nov 26 2019 13:16:40 GMT+0100 (CET);1574774200000;0.55;118.56
1380556890909648;16.9;34.7;Tue Nov 26 2019 14:18:38 GMT+0100 (CET);Tue Nov 26 2019 13:18:38 GMT+0100 (CET);1574774318000;0.53;116.55
1380556890909648;16.4;34.6;Tue Nov 26 2019 14:20:31 GMT+0100 (CET);Tue Nov 26 2019 13:20:31 GMT+0100 (CET);1574774431000;0.52;113.65
1380556890909648;16.4;34.5;Tue Nov 26 2019 14:22:24 GMT+0100 (CET);Tue Nov 26 2019 13:22:24 GMT+0100 (CET);1574774544000;0.51;110.35
1380556890909648;16.4;34.4;Tue Nov 26 2019 14:24:28 GMT+0100 (CET);Tue Nov 26 2019 13:24:28 GMT+0100 (CET);1574774668000;0.5;108.82
1380556890909648;16.4;34.3;Tue Nov 26 2019 14:26:21 GMT+0100 (CET);Tue Nov 26 2019 13:26:21 GMT+0100 (CET);1574774781000;0.49;107
1380556890909648;16.4;34.3;Tue Nov 26 2019 14:28:14 GMT+0100 (CET);Tue Nov 26 2019 13:28:14 GMT+0100 (CET);1574774894000;0.49;105.5
1380556890909648;16.4;34.3;Tue Nov 26 2019 14:30:08 GMT+0100 (CET);Tue Nov 26 2019 13:30:08 GMT+0100 (CET);1574775008000;0.46;101.99
1380556890909648;16.4;34.2;Tue Nov 26 2019 14:32:12 GMT+0100 (CET);Tue Nov 26 2019 13:32:12 GMT+0100 (CET);1574775132000;0.4;85.45
1380556890909648;14.9;34;Tue Nov 26 2019 14:34:05 GMT+0100 (CET);Tue Nov 26 2019 13:34:05 GMT+0100 (CET);1574775245000;0.4;86.17
1380556890909648;14.9;34.3;Tue Nov 26 2019 14:35:58 GMT+0100 (CET);Tue Nov 26 2019 13:35:58 GMT+0100 (CET);1574775358000;0.45;97.07
1380556890909648;14.9;34.1;Tue Nov 26 2019 14:37:51 GMT+0100 (CET);Tue Nov 26 2019 13:37:51 GMT+0100 (CET);1574775471000;0.43;90.63
1380556890909648;14.9;34;Tue Nov 26 2019 14:39:43 GMT+0100 (CET);Tue Nov 26 2019 13:39:43 GMT+0100 (CET);1574775583000;0.35;76.45
1380556890909648;14.9;33.6;Tue Nov 26 2019 14:41:37 GMT+0100 (CET);Tue Nov 26 2019 13:41:37 GMT+0100 (CET);1574775697000;0.36;75.92
1380556890909648;14.9;33.9;Tue Nov 26 2019 14:43:34 GMT+0100 (CET);Tue Nov 26 2019 13:43:34 GMT+0100 (CET);1574775814000;0.37;78.79
1380556890909648;14.9;34.1;Tue Nov 26 2019 14:45:28 GMT+0100 (CET);Tue Nov 26 2019 13:45:28 GMT+0100 (CET);1574775928000;0.4;85.07
1380556890909648;14.4;34;Tue Nov 26 2019 14:47:46 GMT+0100 (CET);Tue Nov 26 2019 13:47:46 GMT+0100 (CET);1574776066000;0.39;83.19
1380556890909648;14.4;34;Tue Nov 26 2019 14:49:39 GMT+0100 (CET);Tue Nov 26 2019 13:49:39 GMT+0100 (CET);1574776179000;0.38;80.88
1380556890909648;14.4;33.8;Tue Nov 26 2019 14:51:32 GMT+0100 (CET);Tue Nov 26 2019 13:51:32 GMT+0100 (CET);1574776292000;0.34;72.36
1380556890909648;14.4;33.8;Tue Nov 26 2019 14:53:25 GMT+0100 (CET);Tue Nov 26 2019 13:53:25 GMT+0100 (CET);1574776405000;0.29;62.98
1380556890909648;14.4;33.4;Tue Nov 26 2019 14:55:25 GMT+0100 (CET);Tue Nov 26 2019 13:55:25 GMT+0100 (CET);1574776525000;0.32;68.47
1380556890909648;14.4;33.7;Tue Nov 26 2019 14:57:18 GMT+0100 (CET);Tue Nov 26 2019 13:57:18 GMT+0100 (CET);1574776638000;0.3;64.77
1380556890909648;14.4;33.7;Tue Nov 26 2019 14:59:10 GMT+0100 (CET);Tue Nov 26 2019 13:59:10 GMT+0100 (CET);1574776750000;0.32;70.06
1380556890909648;14.9;33.8;Tue Nov 26 2019 15:01:07 GMT+0100 (CET);Tue Nov 26 2019 14:01:07 GMT+0100 (CET);1574776867000;0.32;70.54
1380556890909648;14.9;33.9;Tue Nov 26 2019 15:03:16 GMT+0100 (CET);Tue Nov 26 2019 14:03:16 GMT+0100 (CET);1574776996000;0.3;65.01
1380556890909648;14.4;33.6;Tue Nov 26 2019 15:05:09 GMT+0100 (CET);Tue Nov 26 2019 14:05:09 GMT+0100 (CET);1574777109000;0.29;62.46
1380556890909648;14.4;33.6;Tue Nov 26 2019 15:07:04 GMT+0100 (CET);Tue Nov 26 2019 14:07:04 GMT+0100 (CET);1574777224000;0.29;62.74
1380556890909648;14.4;33.6;Tue Nov 26 2019 15:09:05 GMT+0100 (CET);Tue Nov 26 2019 14:09:05 GMT+0100 (CET);1574777345000;0.3;64.67
1380556890909648;14.4;33.7;Tue Nov 26 2019 15:10:58 GMT+0100 (CET);Tue Nov 26 2019 14:10:58 GMT+0100 (CET);1574777458000;0.29;63.39
1380556890909648;14.4;33.6;Tue Nov 26 2019 15:12:50 GMT+0100 (CET);Tue Nov 26 2019 14:12:50 GMT+0100 (CET);1574777570000;0.28;58.75
1380556890909648;12.9;33.5;Tue Nov 26 2019 15:14:44 GMT+0100 (CET);Tue Nov 26 2019 14:14:44 GMT+0100 (CET);1574777684000;0.24;51.81
1380556890909648;12.9;33.2;Tue Nov 26 2019 15:16:37 GMT+0100 (CET);Tue Nov 26 2019 14:16:37 GMT+0100 (CET);1574777797000;0.23;49
1380556890909648;12.9;33.3;Tue Nov 26 2019 15:18:51 GMT+0100 (CET);Tue Nov 26 2019 14:18:51 GMT+0100 (CET);1574777931000;0.23;49.58
1380556890909648;12.9;33.2;Tue Nov 26 2019 15:20:48 GMT+0100 (CET);Tue Nov 26 2019 14:20:48 GMT+0100 (CET);1574778048000;0.23;47.99
1380556890909648;12.9;33.1;Tue Nov 26 2019 15:22:41 GMT+0100 (CET);Tue Nov 26 2019 14:22:41 GMT+0100 (CET);1574778161000;0.21;45.92
1380556890909648;12.4;33;Tue Nov 26 2019 15:24:34 GMT+0100 (CET);Tue Nov 26 2019 14:24:34 GMT+0100 (CET);1574778274000;0.19;41.12
1380556890909648;12.4;32.8;Tue Nov 26 2019 15:26:33 GMT+0100 (CET);Tue Nov 26 2019 14:26:33 GMT+0100 (CET);1574778393000;0.17;35.36
1380556890909648;12.4;32.4;Tue Nov 26 2019 15:28:25 GMT+0100 (CET);Tue Nov 26 2019 14:28:25 GMT+0100 (CET);1574778505000;0.15;32.05
1380556890909648;12.4;32.1;Tue Nov 26 2019 15:30:18 GMT+0100 (CET);Tue Nov 26 2019 14:30:18 GMT+0100 (CET);1574778618000;0.13;28.94
1380556890909648;12.4;31.5;Tue Nov 26 2019 15:32:12 GMT+0100 (CET);Tue Nov 26 2019 14:32:12 GMT+0100 (CET);1574778732000;0.16;34.04
1380556890909648;12.4;32.1;Tue Nov 26 2019 15:34:26 GMT+0100 (CET);Tue Nov 26 2019 14:34:26 GMT+0100 (CET);1574778866000;0.14;29.83
1380556890909648;12.4;32.2;Tue Nov 26 2019 15:36:19 GMT+0100 (CET);Tue Nov 26 2019 14:36:19 GMT+0100 (CET);1574778979000;0.1;22.64
1380556890909648;12.4;31.5;Tue Nov 26 2019 15:38:12 GMT+0100 (CET);Tue Nov 26 2019 14:38:12 GMT+0100 (CET);1574779092000;0.1;19.89
1380556890909648;12.4;30.9;Tue Nov 26 2019 15:40:04 GMT+0100 (CET);Tue Nov 26 2019 14:40:04 GMT+0100 (CET);1574779204000;0.08;17.97
1380556890909648;12.4;30.6;Tue Nov 26 2019 15:41:57 GMT+0100 (CET);Tue Nov 26 2019 14:41:57 GMT+0100 (CET);1574779317000;0.09;19.4
1380556890909648;9.9;30.8;Tue Nov 26 2019 15:43:49 GMT+0100 (CET);Tue Nov 26 2019 14:43:49 GMT+0100 (CET);1574779429000;0.09;19.31
1380556890909648;9.9;30.4;Tue Nov 26 2019 15:45:42 GMT+0100 (CET);Tue Nov 26 2019 14:45:42 GMT+0100 (CET);1574779542000;0.09;19.67
1380556890909648;9.9;30.8;Tue Nov 26 2019 15:47:35 GMT+0100 (CET);Tue Nov 26 2019 14:47:35 GMT+0100 (CET);1574779655000;0.08;18.18
1380556890909648;9.9;30.8;Tue Nov 26 2019 15:50:18 GMT+0100 (CET);Tue Nov 26 2019 14:50:18 GMT+0100 (CET);1574779818000;0.07;15.98
1380556890909648;9.9;30.3;Tue Nov 26 2019 15:52:15 GMT+0100 (CET);Tue Nov 26 2019 14:52:15 GMT+0100 (CET);1574779935000;0.08;17.76
1380556890909648;9.9;30.4;Tue Nov 26 2019 15:54:09 GMT+0100 (CET);Tue Nov 26 2019 14:54:09 GMT+0100 (CET);1574780049000;0.09;18.83
1380556890909648;9.9;30.4;Tue Nov 26 2019 15:56:02 GMT+0100 (CET);Tue Nov 26 2019 14:56:02 GMT+0100 (CET);1574780162000;0.09;19.13
1380556890909648;9.9;30.6;Tue Nov 26 2019 15:57:54 GMT+0100 (CET);Tue Nov 26 2019 14:57:54 GMT+0100 (CET);1574780274000;0.09;20.01
1380556890909648;9.9;30.5;Tue Nov 26 2019 15:59:48 GMT+0100 (CET);Tue Nov 26 2019 14:59:48 GMT+0100 (CET);1574780388000;0.07;15.98
1380556890909648;9.9;30.5;Tue Nov 26 2019 16:01:41 GMT+0100 (CET);Tue Nov 26 2019 15:01:41 GMT+0100 (CET);1574780501000;0;12.24
1380556890909648;9.9;30.1;Tue Nov 26 2019 16:03:35 GMT+0100 (CET);Tue Nov 26 2019 15:03:35 GMT+0100 (CET);1574780615000;0;10.22
1380556890909648;9.9;29.6;Tue Nov 26 2019 16:05:41 GMT+0100 (CET);Tue Nov 26 2019 15:05:41 GMT+0100 (CET);1574780741000;0;7.23
1380556890909648;9.9;33;Tue Nov 26 2019 16:07:34 GMT+0100 (CET);Tue Nov 26 2019 15:07:34 GMT+0100 (CET);1574780854000;0;5.69
1380556890909648;9.9;33;Tue Nov 26 2019 16:09:26 GMT+0100 (CET);Tue Nov 26 2019 15:09:26 GMT+0100 (CET);1574780966000;0;4.96
1380556890909648;9.9;31.9;Tue Nov 26 2019 16:11:19 GMT+0100 (CET);Tue Nov 26 2019 15:11:19 GMT+0100 (CET);1574781079000;0;3.94
1380556890909648;8.9;28.9;Tue Nov 26 2019 16:13:11 GMT+0100 (CET);Tue Nov 26 2019 15:13:11 GMT+0100 (CET);1574781191000;0;3.13
1380556890909648;8.9;24.6;Tue Nov 26 2019 16:15:05 GMT+0100 (CET);Tue Nov 26 2019 15:15:05 GMT+0100 (CET);1574781305000;0;2.71
1380556890909648;8.9;22.6;Tue Nov 26 2019 16:16:58 GMT+0100 (CET);Tue Nov 26 2019 15:16:58 GMT+0100 (CET);1574781418000;0;2.2
1380556890909648;8.9;22.6;Tue Nov 26 2019 16:18:51 GMT+0100 (CET);Tue Nov 26 2019 15:18:51 GMT+0100 (CET);1574781531000;0;1.66
1380556890909648;8.9;22.6;Tue Nov 26 2019 16:20:59 GMT+0100 (CET);Tue Nov 26 2019 15:20:59 GMT+0100 (CET);1574781659000;0;1.16
1380556890909648;-273.2;31;Wed Nov 27 2019 08:21:06 GMT+0100 (CET);Wed Nov 27 2019 07:21:06 GMT+0100 (CET);1574839266000;0;4.56
1380556890909648;4.9;31;Wed Nov 27 2019 08:22:59 GMT+0100 (CET);Wed Nov 27 2019 07:22:59 GMT+0100 (CET);1574839379000;0;5.46
1380556890909648;4.9;32.9;Wed Nov 27 2019 08:25:19 GMT+0100 (CET);Wed Nov 27 2019 07:25:19 GMT+0100 (CET);1574839519000;0;7.32
1380556890909648;4.9;34.8;Wed Nov 27 2019 08:27:12 GMT+0100 (CET);Wed Nov 27 2019 07:27:12 GMT+0100 (CET);1574839632000;0;8.6
1380556890909648;6.9;34;Wed Nov 27 2019 08:29:06 GMT+0100 (CET);Wed Nov 27 2019 07:29:06 GMT+0100 (CET);1574839746000;0;9.27
1380556890909648;6.9;28.6;Wed Nov 27 2019 08:30:59 GMT+0100 (CET);Wed Nov 27 2019 07:30:59 GMT+0100 (CET);1574839859000;0;9.87
1380556890909648;6.4;28.6;Wed Nov 27 2019 08:32:54 GMT+0100 (CET);Wed Nov 27 2019 07:32:54 GMT+0100 (CET);1574839974000;0;10.36
1380556890909648;6.4;28.8;Wed Nov 27 2019 08:34:53 GMT+0100 (CET);Wed Nov 27 2019 07:34:53 GMT+0100 (CET);1574840093000;0;10.93
1380556890909648;6.4;28.6;Wed Nov 27 2019 08:36:46 GMT+0100 (CET);Wed Nov 27 2019 07:36:46 GMT+0100 (CET);1574840206000;0;11.48
1380556890909648;6.4;28.8;Wed Nov 27 2019 08:38:39 GMT+0100 (CET);Wed Nov 27 2019 07:38:39 GMT+0100 (CET);1574840319000;0;12.22
1380556890909648;6.4;28.6;Wed Nov 27 2019 08:40:32 GMT+0100 (CET);Wed Nov 27 2019 07:40:32 GMT+0100 (CET);1574840432000;0;12.36
1380556890909648;6.4;28.9;Wed Nov 27 2019 08:42:25 GMT+0100 (CET);Wed Nov 27 2019 07:42:25 GMT+0100 (CET);1574840545000;0;12.54
1380556890909648;6.4;28.9;Wed Nov 27 2019 08:44:19 GMT+0100 (CET);Wed Nov 27 2019 07:44:19 GMT+0100 (CET);1574840659000;0;12.22
1380556890909648;6.4;29.1;Wed Nov 27 2019 08:46:12 GMT+0100 (CET);Wed Nov 27 2019 07:46:12 GMT+0100 (CET);1574840772000;0;11.85
1380556890909648;6.4;28.5;Wed Nov 27 2019 08:48:20 GMT+0100 (CET);Wed Nov 27 2019 07:48:20 GMT+0100 (CET);1574840900000;0;11.47
1380556890909648;6.4;29.2;Wed Nov 27 2019 08:50:13 GMT+0100 (CET);Wed Nov 27 2019 07:50:13 GMT+0100 (CET);1574841013000;0;11.31
1380556890909648;6.4;28.7;Wed Nov 27 2019 08:52:08 GMT+0100 (CET);Wed Nov 27 2019 07:52:08 GMT+0100 (CET);1574841128000;0;11.01
1380556890909648;6.4;28.8;Wed Nov 27 2019 08:54:04 GMT+0100 (CET);Wed Nov 27 2019 07:54:04 GMT+0100 (CET);1574841244000;0;10.87
1380556890909648;6.4;29.1;Wed Nov 27 2019 08:56:04 GMT+0100 (CET);Wed Nov 27 2019 07:56:04 GMT+0100 (CET);1574841364000;0;10.74
1380556890909648;6.4;28.2;Wed Nov 27 2019 08:57:57 GMT+0100 (CET);Wed Nov 27 2019 07:57:57 GMT+0100 (CET);1574841477000;0;10.8
1380556890909648;6.4;27.9;Wed Nov 27 2019 08:59:56 GMT+0100 (CET);Wed Nov 27 2019 07:59:56 GMT+0100 (CET);1574841596000;0;10.76
1380556890909648;6.4;28.4;Wed Nov 27 2019 09:01:49 GMT+0100 (CET);Wed Nov 27 2019 08:01:49 GMT+0100 (CET);1574841709000;0;10.51
1380556890909648;6.4;28.8;Wed Nov 27 2019 09:03:59 GMT+0100 (CET);Wed Nov 27 2019 08:03:59 GMT+0100 (CET);1574841839000;0;10.47
1380556890909648;6.4;29.1;Wed Nov 27 2019 09:05:57 GMT+0100 (CET);Wed Nov 27 2019 08:05:57 GMT+0100 (CET);1574841957000;0;10.35
1380556890909648;6.4;29.1;Wed Nov 27 2019 09:07:51 GMT+0100 (CET);Wed Nov 27 2019 08:07:51 GMT+0100 (CET);1574842071000;0;10.56
1380556890909648;6.4;29.2;Wed Nov 27 2019 09:09:43 GMT+0100 (CET);Wed Nov 27 2019 08:09:43 GMT+0100 (CET);1574842183000;0;10.76
1380556890909648;6.4;29.1;Wed Nov 27 2019 09:11:46 GMT+0100 (CET);Wed Nov 27 2019 08:11:46 GMT+0100 (CET);1574842306000;0;10.9
1380556890909648;6.4;29.3;Wed Nov 27 2019 09:13:40 GMT+0100 (CET);Wed Nov 27 2019 08:13:40 GMT+0100 (CET);1574842420000;0;10.75
1380556890909648;6.4;29;Wed Nov 27 2019 09:15:39 GMT+0100 (CET);Wed Nov 27 2019 08:15:39 GMT+0100 (CET);1574842539000;0;10.81
1380556890909648;6.4;29.1;Wed Nov 27 2019 09:17:32 GMT+0100 (CET);Wed Nov 27 2019 08:17:32 GMT+0100 (CET);1574842652000;0.06;11.05
1380556890909648;6.4;28.7;Wed Nov 27 2019 09:19:32 GMT+0100 (CET);Wed Nov 27 2019 08:19:32 GMT+0100 (CET);1574842772000;0;10.89
1380556890909648;6.4;29.4;Wed Nov 27 2019 09:21:28 GMT+0100 (CET);Wed Nov 27 2019 08:21:28 GMT+0100 (CET);1574842888000;0;10.48
1380556890909648;6.4;29.3;Wed Nov 27 2019 09:23:21 GMT+0100 (CET);Wed Nov 27 2019 08:23:21 GMT+0100 (CET);1574843001000;0;9.9
1380556890909648;6.4;29.1;Wed Nov 27 2019 09:25:15 GMT+0100 (CET);Wed Nov 27 2019 08:25:15 GMT+0100 (CET);1574843115000;0;9.15
1380556890909648;6.4;28.9;Wed Nov 27 2019 09:27:23 GMT+0100 (CET);Wed Nov 27 2019 08:27:23 GMT+0100 (CET);1574843243000;0;8.94
1380556890909648;6.4;29.1;Wed Nov 27 2019 09:29:18 GMT+0100 (CET);Wed Nov 27 2019 08:29:18 GMT+0100 (CET);1574843358000;0;9.29
1380556890909648;6.4;28.7;Wed Nov 27 2019 09:31:18 GMT+0100 (CET);Wed Nov 27 2019 08:31:18 GMT+0100 (CET);1574843478000;0;9.98
1380556890909648;6.4;29;Wed Nov 27 2019 09:33:14 GMT+0100 (CET);Wed Nov 27 2019 08:33:14 GMT+0100 (CET);1574843594000;0;11.01
1380556890909648;6.4;29.7;Wed Nov 27 2019 09:35:35 GMT+0100 (CET);Wed Nov 27 2019 08:35:35 GMT+0100 (CET);1574843735000;0.06;12.65
1380556890909648;6.4;29.8;Wed Nov 27 2019 09:37:27 GMT+0100 (CET);Wed Nov 27 2019 08:37:27 GMT+0100 (CET);1574843847000;0.07;13.78
1380556890909648;6.9;30.1;Wed Nov 27 2019 09:39:27 GMT+0100 (CET);Wed Nov 27 2019 08:39:27 GMT+0100 (CET);1574843967000;0.08;15.18
1380556890909648;6.9;30.8;Wed Nov 27 2019 09:41:27 GMT+0100 (CET);Wed Nov 27 2019 08:41:27 GMT+0100 (CET);1574844087000;0.08;16.49
1380556890909648;6.4;30.7;Wed Nov 27 2019 09:43:20 GMT+0100 (CET);Wed Nov 27 2019 08:43:20 GMT+0100 (CET);1574844200000;0.09;17.48
1380556890909648;6.4;31.1;Wed Nov 27 2019 09:45:15 GMT+0100 (CET);Wed Nov 27 2019 08:45:15 GMT+0100 (CET);1574844315000;0.09;18.07
1380556890909648;6.4;31.4;Wed Nov 27 2019 09:47:08 GMT+0100 (CET);Wed Nov 27 2019 08:47:08 GMT+0100 (CET);1574844428000;0.09;18.31
1380556890909648;6.4;31.2;Wed Nov 27 2019 09:49:04 GMT+0100 (CET);Wed Nov 27 2019 08:49:04 GMT+0100 (CET);1574844544000;0.09;18.5
1380556890909648;6.4;31.5;Wed Nov 27 2019 09:51:28 GMT+0100 (CET);Wed Nov 27 2019 08:51:28 GMT+0100 (CET);1574844688000;0.09;18.77
1380556890909648;8.4;31.3;Wed Nov 27 2019 09:53:20 GMT+0100 (CET);Wed Nov 27 2019 08:53:20 GMT+0100 (CET);1574844800000;0.09;19.22
1380556890909648;8.4;31.2;Wed Nov 27 2019 09:55:14 GMT+0100 (CET);Wed Nov 27 2019 08:55:14 GMT+0100 (CET);1574844914000;0.1;20.28
1380556890909648;8.4;31.6;Wed Nov 27 2019 09:57:07 GMT+0100 (CET);Wed Nov 27 2019 08:57:07 GMT+0100 (CET);1574845027000;0.1;21.34
1380556890909648;8.4;31.6;Wed Nov 27 2019 09:59:00 GMT+0100 (CET);Wed Nov 27 2019 08:59:00 GMT+0100 (CET);1574845140000;0.11;21.48
1380556890909648;8.4;31.5;Wed Nov 27 2019 10:00:54 GMT+0100 (CET);Wed Nov 27 2019 09:00:54 GMT+0100 (CET);1574845254000;0.1;20.88
1380556890909648;8.4;31.7;Wed Nov 27 2019 10:03:09 GMT+0100 (CET);Wed Nov 27 2019 09:03:09 GMT+0100 (CET);1574845389000;0.09;18.97
1380556890909648;8.4;31.3;Wed Nov 27 2019 10:05:05 GMT+0100 (CET);Wed Nov 27 2019 09:05:05 GMT+0100 (CET);1574845505000;0.09;18.04
1380556890909648;8.4;31;Wed Nov 27 2019 10:07:02 GMT+0100 (CET);Wed Nov 27 2019 09:07:02 GMT+0100 (CET);1574845622000;0.08;17.56
1380556890909648;8.4;31.2;Wed Nov 27 2019 10:08:57 GMT+0100 (CET);Wed Nov 27 2019 09:08:57 GMT+0100 (CET);1574845737000;0.08;17.78
1380556890909648;8.4;31;Wed Nov 27 2019 10:10:50 GMT+0100 (CET);Wed Nov 27 2019 09:10:50 GMT+0100 (CET);1574845850000;0.09;18.06
1380556890909648;8.4;31.3;Wed Nov 27 2019 10:12:45 GMT+0100 (CET);Wed Nov 27 2019 09:12:45 GMT+0100 (CET);1574845965000;0.09;18.66
1380556890909648;8.4;31.3;Wed Nov 27 2019 10:14:42 GMT+0100 (CET);Wed Nov 27 2019 09:14:42 GMT+0100 (CET);1574846082000;0.1;20.15
1380556890909648;8.4;31.3;Wed Nov 27 2019 10:16:36 GMT+0100 (CET);Wed Nov 27 2019 09:16:36 GMT+0100 (CET);1574846196000;0.1;21.05
1380556890909648;8.4;31.3;Wed Nov 27 2019 10:18:29 GMT+0100 (CET);Wed Nov 27 2019 09:18:29 GMT+0100 (CET);1574846309000;0.11;21.92
1380556890909648;8.4;31.8;Wed Nov 27 2019 10:20:21 GMT+0100 (CET);Wed Nov 27 2019 09:20:21 GMT+0100 (CET);1574846421000;0.1;21.2
1380556890909648;8.4;31.5;Wed Nov 27 2019 10:22:30 GMT+0100 (CET);Wed Nov 27 2019 09:22:30 GMT+0100 (CET);1574846550000;0.11;21.48
1380556890909648;8.4;31.9;Wed Nov 27 2019 10:24:32 GMT+0100 (CET);Wed Nov 27 2019 09:24:32 GMT+0100 (CET);1574846672000;0.12;23.47
1380556890909648;8.4;31.9;Wed Nov 27 2019 10:26:25 GMT+0100 (CET);Wed Nov 27 2019 09:26:25 GMT+0100 (CET);1574846785000;0.13;25.5
1380556890909648;8.4;32.1;Wed Nov 27 2019 10:28:19 GMT+0100 (CET);Wed Nov 27 2019 09:28:19 GMT+0100 (CET);1574846899000;0.13;26.51
1380556890909648;8.4;32.3;Wed Nov 27 2019 10:30:12 GMT+0100 (CET);Wed Nov 27 2019 09:30:12 GMT+0100 (CET);1574847012000;0.13;26.34
1380556890909648;8.4;32.3;Wed Nov 27 2019 10:32:21 GMT+0100 (CET);Wed Nov 27 2019 09:32:21 GMT+0100 (CET);1574847141000;0.12;24.38
1380556890909648;8.4;31.9;Wed Nov 27 2019 10:34:28 GMT+0100 (CET);Wed Nov 27 2019 09:34:28 GMT+0100 (CET);1574847268000;0.12;25.09
1380556890909648;8.4;32.1;Wed Nov 27 2019 10:36:21 GMT+0100 (CET);Wed Nov 27 2019 09:36:21 GMT+0100 (CET);1574847381000;0.14;29.24
1380556890909648;8.4;32.6;Wed Nov 27 2019 10:38:17 GMT+0100 (CET);Wed Nov 27 2019 09:38:17 GMT+0100 (CET);1574847497000;0.17;32.69
1380556890909648;8.4;32.9;Wed Nov 27 2019 10:40:10 GMT+0100 (CET);Wed Nov 27 2019 09:40:10 GMT+0100 (CET);1574847610000;0.18;35.98
1380556890909648;8.4;32.9;Wed Nov 27 2019 10:42:05 GMT+0100 (CET);Wed Nov 27 2019 09:42:05 GMT+0100 (CET);1574847725000;0.19;38.66
1380556890909648;8.9;33.2;Wed Nov 27 2019 10:44:03 GMT+0100 (CET);Wed Nov 27 2019 09:44:03 GMT+0100 (CET);1574847843000;0.19;37.73
1380556890909648;8.9;33.1;Wed Nov 27 2019 10:45:56 GMT+0100 (CET);Wed Nov 27 2019 09:45:56 GMT+0100 (CET);1574847956000;0.19;36.81
1380556890909648;8.9;33.1;Wed Nov 27 2019 10:47:48 GMT+0100 (CET);Wed Nov 27 2019 09:47:48 GMT+0100 (CET);1574848068000;0.19;37.76
1380556890909648;8.9;33.1;Wed Nov 27 2019 10:49:49 GMT+0100 (CET);Wed Nov 27 2019 09:49:49 GMT+0100 (CET);1574848189000;0.18;37.24
1380556890909648;8.9;33;Wed Nov 27 2019 10:51:42 GMT+0100 (CET);Wed Nov 27 2019 09:51:42 GMT+0100 (CET);1574848302000;0.19;38.05
1380556890909648;8.9;33.1;Wed Nov 27 2019 10:53:43 GMT+0100 (CET);Wed Nov 27 2019 09:53:43 GMT+0100 (CET);1574848423000;0.21;41.96
1380556890909648;8.9;33.2;Wed Nov 27 2019 10:55:36 GMT+0100 (CET);Wed Nov 27 2019 09:55:36 GMT+0100 (CET);1574848536000;0.22;43.56
1380556890909648;8.9;33.3;Wed Nov 27 2019 10:57:28 GMT+0100 (CET);Wed Nov 27 2019 09:57:28 GMT+0100 (CET);1574848648000;0.21;42.05
1380556890909648;8.9;33.4;Wed Nov 27 2019 10:59:21 GMT+0100 (CET);Wed Nov 27 2019 09:59:21 GMT+0100 (CET);1574848761000;0.19;37.91
1380556890909648;8.9;33.3;Wed Nov 27 2019 11:01:14 GMT+0100 (CET);Wed Nov 27 2019 10:01:14 GMT+0100 (CET);1574848874000;0.16;32.11
1380556890909648;8.9;33.3;Wed Nov 27 2019 11:02:57 GMT+0100 (CET);Wed Nov 27 2019 10:02:57 GMT+0100 (CET);1574848977000;0.13;27.42
1380556890909648;8.9;33;Wed Nov 27 2019 11:04:52 GMT+0100 (CET);Wed Nov 27 2019 10:04:52 GMT+0100 (CET);1574849092000;0.12;24.3
1380556890909648;8.9;32.5;Wed Nov 27 2019 11:06:46 GMT+0100 (CET);Wed Nov 27 2019 10:06:46 GMT+0100 (CET);1574849206000;0.1;21.23
1380556890909648;8.9;31.5;Wed Nov 27 2019 11:08:56 GMT+0100 (CET);Wed Nov 27 2019 10:08:56 GMT+0100 (CET);1574849336000;0.1;20.5
1380556890909648;8.9;31.6;Wed Nov 27 2019 11:10:48 GMT+0100 (CET);Wed Nov 27 2019 10:10:48 GMT+0100 (CET);1574849448000;0.11;21.55
1380556890909648;8.9;31.3;Wed Nov 27 2019 11:12:44 GMT+0100 (CET);Wed Nov 27 2019 10:12:44 GMT+0100 (CET);1574849564000;0.1;20.89
1380556890909648;8.9;31.3;Wed Nov 27 2019 11:14:36 GMT+0100 (CET);Wed Nov 27 2019 10:14:36 GMT+0100 (CET);1574849676000;0.11;20.66
1380556890909648;8.9;31.5;Wed Nov 27 2019 11:16:51 GMT+0100 (CET);Wed Nov 27 2019 10:16:51 GMT+0100 (CET);1574849811000;0.1;19.91
1380556890909648;8.4;31.4;Wed Nov 27 2019 11:18:43 GMT+0100 (CET);Wed Nov 27 2019 10:18:43 GMT+0100 (CET);1574849923000;0.1;19.15
1380556890909648;8.4;31.3;Wed Nov 27 2019 11:20:38 GMT+0100 (CET);Wed Nov 27 2019 10:20:38 GMT+0100 (CET);1574850038000;0.1;19.55
1380556890909648;8.4;31;Wed Nov 27 2019 11:22:31 GMT+0100 (CET);Wed Nov 27 2019 10:22:31 GMT+0100 (CET);1574850151000;0.1;20.74
1380556890909648;8.4;31.8;Wed Nov 27 2019 11:24:45 GMT+0100 (CET);Wed Nov 27 2019 10:24:45 GMT+0100 (CET);1574850285000;0.12;23.4
1380556890909648;8.4;32;Wed Nov 27 2019 11:26:37 GMT+0100 (CET);Wed Nov 27 2019 10:26:37 GMT+0100 (CET);1574850397000;0.14;27.18
1380556890909648;8.4;31.9;Wed Nov 27 2019 11:28:30 GMT+0100 (CET);Wed Nov 27 2019 10:28:30 GMT+0100 (CET);1574850510000;0.16;31.54
1380556890909648;8.4;32.9;Wed Nov 27 2019 11:30:23 GMT+0100 (CET);Wed Nov 27 2019 10:30:23 GMT+0100 (CET);1574850623000;0.16;30.75
1380556890909648;8.9;32.9;Wed Nov 27 2019 11:32:16 GMT+0100 (CET);Wed Nov 27 2019 10:32:16 GMT+0100 (CET);1574850736000;0.13;27.03
1380556890909648;8.9;32.9;Wed Nov 27 2019 11:34:24 GMT+0100 (CET);Wed Nov 27 2019 10:34:24 GMT+0100 (CET);1574850864000;0.13;25.67
1380556890909648;8.9;31.9;Wed Nov 27 2019 11:36:24 GMT+0100 (CET);Wed Nov 27 2019 10:36:24 GMT+0100 (CET);1574850984000;0.12;25.15
1380556890909648;8.9;32.1;Wed Nov 27 2019 11:38:22 GMT+0100 (CET);Wed Nov 27 2019 10:38:22 GMT+0100 (CET);1574851102000;0.12;23.44
1380556890909648;8.9;31.6;Wed Nov 27 2019 11:40:19 GMT+0100 (CET);Wed Nov 27 2019 10:40:19 GMT+0100 (CET);1574851219000;0.12;23.13
1380556890909648;8.9;32.1;Wed Nov 27 2019 11:42:18 GMT+0100 (CET);Wed Nov 27 2019 10:42:18 GMT+0100 (CET);1574851338000;0.12;25.45
1380556890909648;8.9;32.1;Wed Nov 27 2019 11:44:11 GMT+0100 (CET);Wed Nov 27 2019 10:44:11 GMT+0100 (CET);1574851451000;0.13;25.24
1380556890909648;8.9;32.1;Wed Nov 27 2019 11:46:04 GMT+0100 (CET);Wed Nov 27 2019 10:46:04 GMT+0100 (CET);1574851564000;0.12;24.59
1380556890909648;8.9;31.9;Wed Nov 27 2019 11:48:06 GMT+0100 (CET);Wed Nov 27 2019 10:48:06 GMT+0100 (CET);1574851686000;0.12;24.47
1380556890909648;8.9;32.1;Wed Nov 27 2019 11:50:01 GMT+0100 (CET);Wed Nov 27 2019 10:50:01 GMT+0100 (CET);1574851801000;0.12;23.19
1380556890909648;8.9;31.7;Wed Nov 27 2019 11:51:59 GMT+0100 (CET);Wed Nov 27 2019 10:51:59 GMT+0100 (CET);1574851919000;0.11;21.33
1380556890909648;8.9;31.4;Wed Nov 27 2019 11:53:58 GMT+0100 (CET);Wed Nov 27 2019 10:53:58 GMT+0100 (CET);1574852038000;0.1;20.77
1380556890909648;8.9;31.4;Wed Nov 27 2019 11:55:56 GMT+0100 (CET);Wed Nov 27 2019 10:55:56 GMT+0100 (CET);1574852156000;0.1;20.75
1380556890909648;8.9;31.2;Wed Nov 27 2019 11:57:53 GMT+0100 (CET);Wed Nov 27 2019 10:57:53 GMT+0100 (CET);1574852273000;0.1;20.39
1380556890909648;8.9;31.3;Wed Nov 27 2019 11:59:47 GMT+0100 (CET);Wed Nov 27 2019 10:59:47 GMT+0100 (CET);1574852387000;0.1;19.78
1380556890909648;8.9;31.2;Wed Nov 27 2019 12:01:40 GMT+0100 (CET);Wed Nov 27 2019 11:01:40 GMT+0100 (CET);1574852500000;0.1;21.12
1380556890909648;8.9;31.7;Wed Nov 27 2019 12:03:37 GMT+0100 (CET);Wed Nov 27 2019 11:03:37 GMT+0100 (CET);1574852617000;0.13;26.53
1380556890909648;8.9;31.7;Wed Nov 27 2019 12:05:34 GMT+0100 (CET);Wed Nov 27 2019 11:05:34 GMT+0100 (CET);1574852734000;0.18;35.32
1380556890909648;8.9;31.6;Wed Nov 27 2019 12:07:36 GMT+0100 (CET);Wed Nov 27 2019 11:07:36 GMT+0100 (CET);1574852856000;0.25;46.65
1380556890909648;8.9;31.6;Wed Nov 27 2019 12:09:30 GMT+0100 (CET);Wed Nov 27 2019 11:09:30 GMT+0100 (CET);1574852970000;0.28;52.17
1380556890909648;8.9;33.6;Wed Nov 27 2019 12:11:46 GMT+0100 (CET);Wed Nov 27 2019 11:11:46 GMT+0100 (CET);1574853106000;0.29;55.37
1380556890909648;9.9;33.6;Wed Nov 27 2019 12:13:39 GMT+0100 (CET);Wed Nov 27 2019 11:13:39 GMT+0100 (CET);1574853219000;0.27;50.47
1380556890909648;9.9;33.6;Wed Nov 27 2019 12:15:24 GMT+0100 (CET);Wed Nov 27 2019 11:15:24 GMT+0100 (CET);1574853324000;0.23;44.68
1380556890909648;9.9;33.3;Wed Nov 27 2019 12:17:16 GMT+0100 (CET);Wed Nov 27 2019 11:17:16 GMT+0100 (CET);1574853436000;0.23;46.64
1380556890909648;9.9;33.6;Wed Nov 27 2019 12:19:40 GMT+0100 (CET);Wed Nov 27 2019 11:19:40 GMT+0100 (CET);1574853580000;0.25;50.36
1380556890909648;9.9;33.7;Wed Nov 27 2019 12:22:26 GMT+0100 (CET);Wed Nov 27 2019 11:22:26 GMT+0100 (CET);1574853746000;0.24;48.58
1380556890909648;9.9;33.4;Wed Nov 27 2019 12:24:22 GMT+0100 (CET);Wed Nov 27 2019 11:24:22 GMT+0100 (CET);1574853862000;0.28;58.17
1380556890909648;9.9;33.6;Wed Nov 27 2019 12:26:20 GMT+0100 (CET);Wed Nov 27 2019 11:26:20 GMT+0100 (CET);1574853980000;0.41;82.93
1380556890909648;9.9;34;Wed Nov 27 2019 12:28:13 GMT+0100 (CET);Wed Nov 27 2019 11:28:13 GMT+0100 (CET);1574854093000;0.51;104.47
1380556890909648;9.9;35.3;Wed Nov 27 2019 12:30:08 GMT+0100 (CET);Wed Nov 27 2019 11:30:08 GMT+0100 (CET);1574854208000;0.48;101.54
1380556890909648;9.9;35.2;Wed Nov 27 2019 12:32:01 GMT+0100 (CET);Wed Nov 27 2019 11:32:01 GMT+0100 (CET);1574854321000;0.45;95.08
1380556890909648;12.4;35.2;Wed Nov 27 2019 12:34:01 GMT+0100 (CET);Wed Nov 27 2019 11:34:01 GMT+0100 (CET);1574854441000;0.43;91.93
1380556890909648;12.4;34.6;Wed Nov 27 2019 12:36:11 GMT+0100 (CET);Wed Nov 27 2019 11:36:11 GMT+0100 (CET);1574854571000;0.43;90.73
1380556890909648;12.4;34.5;Wed Nov 27 2019 12:38:17 GMT+0100 (CET);Wed Nov 27 2019 11:38:17 GMT+0100 (CET);1574854697000;0.45;93.11
1380556890909648;12.4;34.7;Wed Nov 27 2019 12:40:13 GMT+0100 (CET);Wed Nov 27 2019 11:40:13 GMT+0100 (CET);1574854813000;0.47;97.26
1380556890909648;12.4;35.2;Wed Nov 27 2019 12:42:36 GMT+0100 (CET);Wed Nov 27 2019 11:42:36 GMT+0100 (CET);1574854956000;0.46;96.66
1380556890909648;12.4;35.2;Wed Nov 27 2019 12:44:29 GMT+0100 (CET);Wed Nov 27 2019 11:44:29 GMT+0100 (CET);1574855069000;0.46;95.97
1380556890909648;12.4;35;Wed Nov 27 2019 12:46:25 GMT+0100 (CET);Wed Nov 27 2019 11:46:25 GMT+0100 (CET);1574855185000;0.44;92.18
1380556890909648;12.4;35;Wed Nov 27 2019 12:48:23 GMT+0100 (CET);Wed Nov 27 2019 11:48:23 GMT+0100 (CET);1574855303000;0.4;84.52
1380556890909648;12.4;34.9;Wed Nov 27 2019 12:50:51 GMT+0100 (CET);Wed Nov 27 2019 11:50:51 GMT+0100 (CET);1574855451000;0.36;76.92
1380556890909648;12.4;34.9;Wed Nov 27 2019 12:52:54 GMT+0100 (CET);Wed Nov 27 2019 11:52:54 GMT+0100 (CET);1574855574000;0.38;82.17
1380556890909648;12.4;35.1;Wed Nov 27 2019 12:54:48 GMT+0100 (CET);Wed Nov 27 2019 11:54:48 GMT+0100 (CET);1574855688000;0.41;87.58
1380556890909648;12.4;35.1;Wed Nov 27 2019 12:56:40 GMT+0100 (CET);Wed Nov 27 2019 11:56:40 GMT+0100 (CET);1574855800000;0.45;94.74
1380556890909648;12.4;35.2;Wed Nov 27 2019 12:58:33 GMT+0100 (CET);Wed Nov 27 2019 11:58:33 GMT+0100 (CET);1574855913000;0.5;107.09
1380556890909648;12.4;35.2;Wed Nov 27 2019 13:00:26 GMT+0100 (CET);Wed Nov 27 2019 12:00:26 GMT+0100 (CET);1574856026000;0.5;108.51
1380556890909648;12.4;35.2;Wed Nov 27 2019 13:02:19 GMT+0100 (CET);Wed Nov 27 2019 12:02:19 GMT+0100 (CET);1574856139000;0.47;103.75
1380556890909648;12.4;35.9;Wed Nov 27 2019 13:04:15 GMT+0100 (CET);Wed Nov 27 2019 12:04:15 GMT+0100 (CET);1574856255000;0.51;113.72
1380556890909648;12.4;36.1;Wed Nov 27 2019 13:06:19 GMT+0100 (CET);Wed Nov 27 2019 12:06:19 GMT+0100 (CET);1574856379000;0.63;136
1380556890909648;12.4;36;Wed Nov 27 2019 13:08:14 GMT+0100 (CET);Wed Nov 27 2019 12:08:14 GMT+0100 (CET);1574856494000;0.64;144.6
1380556890909648;12.4;36.6;Wed Nov 27 2019 13:10:07 GMT+0100 (CET);Wed Nov 27 2019 12:10:07 GMT+0100 (CET);1574856607000;1.82;409.59
1380556890909648;14.4;36.9;Wed Nov 27 2019 13:12:00 GMT+0100 (CET);Wed Nov 27 2019 12:12:00 GMT+0100 (CET);1574856720000;1.59;368.63
1380556890909648;14.4;36.5;Wed Nov 27 2019 13:13:54 GMT+0100 (CET);Wed Nov 27 2019 12:13:54 GMT+0100 (CET);1574856834000;1.75;391.67
1380556890909648;14.9;36.4;Wed Nov 27 2019 13:15:47 GMT+0100 (CET);Wed Nov 27 2019 12:15:47 GMT+0100 (CET);1574856947000;2.01;450.55
1380556890909648;14.9;36.1;Wed Nov 27 2019 13:17:39 GMT+0100 (CET);Wed Nov 27 2019 12:17:39 GMT+0100 (CET);1574857059000;1.87;422.39
1380556890909648;14.9;35.7;Wed Nov 27 2019 13:19:36 GMT+0100 (CET);Wed Nov 27 2019 12:19:36 GMT+0100 (CET);1574857176000;1.56;350.71
1380556890909648;16.4;35.6;Wed Nov 27 2019 13:22:21 GMT+0100 (CET);Wed Nov 27 2019 12:22:21 GMT+0100 (CET);1574857341000;1.48;330.23
1380556890909648;16.4;35.6;Wed Nov 27 2019 13:23:11 GMT+0100 (CET);Wed Nov 27 2019 12:23:11 GMT+0100 (CET);1574857391000;1.25;279.24
1380556890909648;16.4;35.4;Wed Nov 27 2019 13:25:05 GMT+0100 (CET);Wed Nov 27 2019 12:25:05 GMT+0100 (CET);1574857505000;1;218.66
1380556890909648;16.9;35.6;Wed Nov 27 2019 13:26:59 GMT+0100 (CET);Wed Nov 27 2019 12:26:59 GMT+0100 (CET);1574857619000;1.21;269.38
1380556890909648;16.9;35.5;Wed Nov 27 2019 13:28:54 GMT+0100 (CET);Wed Nov 27 2019 12:28:54 GMT+0100 (CET);1574857734000;1.1;235.94
1380556890909648;18.5;35.4;Wed Nov 27 2019 13:30:48 GMT+0100 (CET);Wed Nov 27 2019 12:30:48 GMT+0100 (CET);1574857848000;0.99;221.19
1380556890909648;18.5;35.6;Wed Nov 27 2019 13:32:41 GMT+0100 (CET);Wed Nov 27 2019 12:32:41 GMT+0100 (CET);1574857961000;1.17;260.49
1380556890909648;18.5;35.8;Wed Nov 27 2019 13:34:38 GMT+0100 (CET);Wed Nov 27 2019 12:34:38 GMT+0100 (CET);1574858078000;1.15;260.3
1380556890909648;18.5;36;Wed Nov 27 2019 13:36:57 GMT+0100 (CET);Wed Nov 27 2019 12:36:57 GMT+0100 (CET);1574858217000;1.35;312.88
1380556890909648;19;36.1;Wed Nov 27 2019 13:38:53 GMT+0100 (CET);Wed Nov 27 2019 12:38:53 GMT+0100 (CET);1574858333000;1.18;269.39
1380556890909648;19;36;Wed Nov 27 2019 13:40:45 GMT+0100 (CET);Wed Nov 27 2019 12:40:45 GMT+0100 (CET);1574858445000;1.27;305.88
1380556890909648;19;36.3;Wed Nov 27 2019 13:42:40 GMT+0100 (CET);Wed Nov 27 2019 12:42:40 GMT+0100 (CET);1574858560000;1.24;304.75
1380556890909648;19;36.4;Wed Nov 27 2019 13:44:34 GMT+0100 (CET);Wed Nov 27 2019 12:44:34 GMT+0100 (CET);1574858674000;1.72;348.15
1380556890909648;19;35.3;Wed Nov 27 2019 13:46:27 GMT+0100 (CET);Wed Nov 27 2019 12:46:27 GMT+0100 (CET);1574858787000;2.28;532.47
1380556890909648;19;36.3;Wed Nov 27 2019 13:48:19 GMT+0100 (CET);Wed Nov 27 2019 12:48:19 GMT+0100 (CET);1574858899000;1.87;445.43
1380556890909648;20.5;36.1;Wed Nov 27 2019 13:50:15 GMT+0100 (CET);Wed Nov 27 2019 12:50:15 GMT+0100 (CET);1574859015000;1.87;529.91
1380556890909648;20.5;36;Wed Nov 27 2019 13:52:21 GMT+0100 (CET);Wed Nov 27 2019 12:52:21 GMT+0100 (CET);1574859141000;2.32;550.39
1380556890909648;20.5;35.9;Wed Nov 27 2019 13:54:16 GMT+0100 (CET);Wed Nov 27 2019 12:54:16 GMT+0100 (CET);1574859256000;2.2;519.67
1380556890909648;20.5;35.8;Wed Nov 27 2019 13:56:13 GMT+0100 (CET);Wed Nov 27 2019 12:56:13 GMT+0100 (CET);1574859373000;2.09;496.63
1380556890909648;22.5;35.6;Wed Nov 27 2019 13:58:18 GMT+0100 (CET);Wed Nov 27 2019 12:58:18 GMT+0100 (CET);1574859498000;1.96;471.03
1380556890909648;22.5;35.6;Wed Nov 27 2019 14:00:12 GMT+0100 (CET);Wed Nov 27 2019 13:00:12 GMT+0100 (CET);1574859612000;1.88;450.55
1380556890909648;22.5;35.6;Wed Nov 27 2019 14:02:08 GMT+0100 (CET);Wed Nov 27 2019 13:02:08 GMT+0100 (CET);1574859728000;1.81;437.75
1380556890909648;22.5;35.6;Wed Nov 27 2019 14:04:02 GMT+0100 (CET);Wed Nov 27 2019 13:04:02 GMT+0100 (CET);1574859842000;1.75;419.83
1380556890909648;22.5;35.6;Wed Nov 27 2019 14:05:55 GMT+0100 (CET);Wed Nov 27 2019 13:05:55 GMT+0100 (CET);1574859955000;1.71;412.15
1380556890909648;22.5;35.7;Wed Nov 27 2019 14:08:00 GMT+0100 (CET);Wed Nov 27 2019 13:08:00 GMT+0100 (CET);1574860080000;1.68;404.47
1380556890909648;22.5;35.6;Wed Nov 27 2019 14:10:09 GMT+0100 (CET);Wed Nov 27 2019 13:10:09 GMT+0100 (CET);1574860209000;1.65;396.79
1380556890909648;22.5;35.6;Wed Nov 27 2019 14:12:01 GMT+0100 (CET);Wed Nov 27 2019 13:12:01 GMT+0100 (CET);1574860321000;1.62;391.67
1380556890909648;23;35.6;Wed Nov 27 2019 14:13:56 GMT+0100 (CET);Wed Nov 27 2019 13:13:56 GMT+0100 (CET);1574860436000;1.6;386.55
1380556890909648;23;35.6;Wed Nov 27 2019 14:15:49 GMT+0100 (CET);Wed Nov 27 2019 13:15:49 GMT+0100 (CET);1574860549000;1.55;376.31
1380556890909648;22.5;35.6;Wed Nov 27 2019 14:17:41 GMT+0100 (CET);Wed Nov 27 2019 13:17:41 GMT+0100 (CET);1574860661000;1.53;368.63
1380556890909648;22.5;35.6;Wed Nov 27 2019 14:19:36 GMT+0100 (CET);Wed Nov 27 2019 13:19:36 GMT+0100 (CET);1574860776000;1.48;363.51
1380556890909648;22.5;35.5;Wed Nov 27 2019 14:21:45 GMT+0100 (CET);Wed Nov 27 2019 13:21:45 GMT+0100 (CET);1574860905000;1.45;350.71
1380556890909648;22.5;35.7;Wed Nov 27 2019 14:23:41 GMT+0100 (CET);Wed Nov 27 2019 13:23:41 GMT+0100 (CET);1574861021000;1.45;353.27
1380556890909648;22.5;35.5;Wed Nov 27 2019 14:25:39 GMT+0100 (CET);Wed Nov 27 2019 13:25:39 GMT+0100 (CET);1574861139000;1.43;343.03
1380556890909648;22.5;35.4;Wed Nov 27 2019 14:27:51 GMT+0100 (CET);Wed Nov 27 2019 13:27:51 GMT+0100 (CET);1574861271000;1.32;320.38
1380556890909648;22.5;35.6;Wed Nov 27 2019 14:29:43 GMT+0100 (CET);Wed Nov 27 2019 13:29:43 GMT+0100 (CET);1574861383000;1.34;323.32
1380556890909648;22.5;35.8;Wed Nov 27 2019 14:31:37 GMT+0100 (CET);Wed Nov 27 2019 13:31:37 GMT+0100 (CET);1574861497000;1.32;320.84
1380556890909648;22.5;35.9;Wed Nov 27 2019 14:33:33 GMT+0100 (CET);Wed Nov 27 2019 13:33:33 GMT+0100 (CET);1574861613000;1.29;317.78
1380556890909648;22.5;35.9;Wed Nov 27 2019 14:35:28 GMT+0100 (CET);Wed Nov 27 2019 13:35:28 GMT+0100 (CET);1574861728000;1.28;313.74
1380556890909648;22.5;36;Wed Nov 27 2019 14:37:26 GMT+0100 (CET);Wed Nov 27 2019 13:37:26 GMT+0100 (CET);1574861846000;1.26;307.41
1380556890909648;22.5;36.1;Wed Nov 27 2019 14:39:25 GMT+0100 (CET);Wed Nov 27 2019 13:39:25 GMT+0100 (CET);1574861965000;1.22;300.89
1380556890909648;22.5;35.9;Wed Nov 27 2019 14:41:24 GMT+0100 (CET);Wed Nov 27 2019 13:41:24 GMT+0100 (CET);1574862084000;1.21;296
1380556890909648;22.5;36;Wed Nov 27 2019 14:43:23 GMT+0100 (CET);Wed Nov 27 2019 13:43:23 GMT+0100 (CET);1574862203000;1.17;289.25
1380556890909648;22.5;36.4;Wed Nov 27 2019 14:45:17 GMT+0100 (CET);Wed Nov 27 2019 13:45:17 GMT+0100 (CET);1574862317000;1.12;283.6
1380556890909648;21;36.9;Wed Nov 27 2019 14:47:09 GMT+0100 (CET);Wed Nov 27 2019 13:47:09 GMT+0100 (CET);1574862429000;1.05;274.45
1380556890909648;21;35.5;Wed Nov 27 2019 14:49:10 GMT+0100 (CET);Wed Nov 27 2019 13:49:10 GMT+0100 (CET);1574862550000;1.01;243.33
1380556890909648;20.5;35.5;Wed Nov 27 2019 14:51:13 GMT+0100 (CET);Wed Nov 27 2019 13:51:13 GMT+0100 (CET);1574862673000;0.97;248.48
1380556890909648;20.5;36;Wed Nov 27 2019 14:53:07 GMT+0100 (CET);Wed Nov 27 2019 13:53:07 GMT+0100 (CET);1574862787000;1.04;263.12
1380556890909648;20.5;36.4;Wed Nov 27 2019 14:55:00 GMT+0100 (CET);Wed Nov 27 2019 13:55:00 GMT+0100 (CET);1574862900000;1.01;255.57
1380556890909648;20.5;35.6;Wed Nov 27 2019 14:56:52 GMT+0100 (CET);Wed Nov 27 2019 13:56:52 GMT+0100 (CET);1574863012000;1.01;249.31
1380556890909648;20.5;35.4;Wed Nov 27 2019 14:58:47 GMT+0100 (CET);Wed Nov 27 2019 13:58:47 GMT+0100 (CET);1574863127000;0.99;244.22
1380556890909648;19;35.4;Wed Nov 27 2019 15:00:44 GMT+0100 (CET);Wed Nov 27 2019 14:00:44 GMT+0100 (CET);1574863244000;0.97;238.93
1380556890909648;19;35.6;Wed Nov 27 2019 15:02:56 GMT+0100 (CET);Wed Nov 27 2019 14:02:56 GMT+0100 (CET);1574863376000;0.93;231.9
1380556890909648;19;35.3;Wed Nov 27 2019 15:04:56 GMT+0100 (CET);Wed Nov 27 2019 14:04:56 GMT+0100 (CET);1574863496000;0.85;218.76
1380556890909648;18.5;35.7;Wed Nov 27 2019 15:06:50 GMT+0100 (CET);Wed Nov 27 2019 14:06:50 GMT+0100 (CET);1574863610000;0.8;211.78
1380556890909648;18.5;36.4;Wed Nov 27 2019 15:08:51 GMT+0100 (CET);Wed Nov 27 2019 14:08:51 GMT+0100 (CET);1574863731000;0.69;182.9
1380556890909648;19;36;Wed Nov 27 2019 15:10:45 GMT+0100 (CET);Wed Nov 27 2019 14:10:45 GMT+0100 (CET);1574863845000;0.45;112.3
1380556890909648;19;35.4;Wed Nov 27 2019 15:12:38 GMT+0100 (CET);Wed Nov 27 2019 14:12:38 GMT+0100 (CET);1574863958000;0.21;52.84
1380556890909648;19;34.5;Wed Nov 27 2019 15:14:34 GMT+0100 (CET);Wed Nov 27 2019 14:14:34 GMT+0100 (CET);1574864074000;0.17;40.84
1380556890909648;16.9;33.3;Wed Nov 27 2019 15:16:30 GMT+0100 (CET);Wed Nov 27 2019 14:16:30 GMT+0100 (CET);1574864190000;0.15;34.75
1380556890909648;16.9;33.4;Wed Nov 27 2019 15:18:27 GMT+0100 (CET);Wed Nov 27 2019 14:18:27 GMT+0100 (CET);1574864307000;0.13;33.54
1380556890909648;16.4;34.8;Wed Nov 27 2019 15:20:35 GMT+0100 (CET);Wed Nov 27 2019 14:20:35 GMT+0100 (CET);1574864435000;0.13;36.92
1380556890909648;16.4;35.6;Wed Nov 27 2019 15:22:28 GMT+0100 (CET);Wed Nov 27 2019 14:22:28 GMT+0100 (CET);1574864548000;0.13;45.26
1380556890909648;16.4;36.9;Wed Nov 27 2019 15:24:27 GMT+0100 (CET);Wed Nov 27 2019 14:24:27 GMT+0100 (CET);1574864667000;0.13;40.52
1380556890909648;16.4;36.2;Wed Nov 27 2019 15:26:27 GMT+0100 (CET);Wed Nov 27 2019 14:26:27 GMT+0100 (CET);1574864787000;0.13;48.92
1380556890909648;16.4;35.9;Wed Nov 27 2019 15:28:21 GMT+0100 (CET);Wed Nov 27 2019 14:28:21 GMT+0100 (CET);1574864901000;0.13;42.54
1380556890909648;14.9;34;Wed Nov 27 2019 15:30:14 GMT+0100 (CET);Wed Nov 27 2019 14:30:14 GMT+0100 (CET);1574865014000;0.13;35.49
1380556890909648;14.9;33.9;Wed Nov 27 2019 15:32:07 GMT+0100 (CET);Wed Nov 27 2019 14:32:07 GMT+0100 (CET);1574865127000;0.12;41.76
1380556890909648;12.9;33.9;Wed Nov 27 2019 15:34:05 GMT+0100 (CET);Wed Nov 27 2019 14:34:05 GMT+0100 (CET);1574865245000;0.13;40.99
1380556890909648;12.9;33.9;Wed Nov 27 2019 15:36:13 GMT+0100 (CET);Wed Nov 27 2019 14:36:13 GMT+0100 (CET);1574865373000;0.14;36.41
1380556890909648;12.4;34;Wed Nov 27 2019 15:37:57 GMT+0100 (CET);Wed Nov 27 2019 14:37:57 GMT+0100 (CET);1574865477000;0.14;34.48
1380556890909648;12.4;33.8;Wed Nov 27 2019 15:39:51 GMT+0100 (CET);Wed Nov 27 2019 14:39:51 GMT+0100 (CET);1574865591000;0.13;31.56
1380556890909648;12.4;33.4;Wed Nov 27 2019 15:41:43 GMT+0100 (CET);Wed Nov 27 2019 14:41:43 GMT+0100 (CET);1574865703000;0.13;30.56
1380556890909648;12.4;33.5;Wed Nov 27 2019 15:43:40 GMT+0100 (CET);Wed Nov 27 2019 14:43:40 GMT+0100 (CET);1574865820000;0.12;30.73
1380556890909648;12.4;33.4;Wed Nov 27 2019 15:45:39 GMT+0100 (CET);Wed Nov 27 2019 14:45:39 GMT+0100 (CET);1574865939000;0.12;29.72
1380556890909648;12.4;33.2;Wed Nov 27 2019 15:47:34 GMT+0100 (CET);Wed Nov 27 2019 14:47:34 GMT+0100 (CET);1574866054000;0.12;28.37
1380556890909648;12.4;33.1;Wed Nov 27 2019 15:49:30 GMT+0100 (CET);Wed Nov 27 2019 14:49:30 GMT+0100 (CET);1574866170000;0.11;26.52
1380556890909648;9.9;33;Wed Nov 27 2019 15:51:47 GMT+0100 (CET);Wed Nov 27 2019 14:51:47 GMT+0100 (CET);1574866307000;0.11;26.55
1380556890909648;9.9;32.9;Wed Nov 27 2019 15:53:39 GMT+0100 (CET);Wed Nov 27 2019 14:53:39 GMT+0100 (CET);1574866419000;0.1;25.66
1380556890909648;9.9;32.6;Wed Nov 27 2019 15:55:39 GMT+0100 (CET);Wed Nov 27 2019 14:55:39 GMT+0100 (CET);1574866539000;0.1;23.95
1380556890909648;9.9;32.5;Wed Nov 27 2019 15:57:43 GMT+0100 (CET);Wed Nov 27 2019 14:57:43 GMT+0100 (CET);1574866663000;0.09;21.71
1380556890909648;9.9;32.1;Wed Nov 27 2019 15:59:44 GMT+0100 (CET);Wed Nov 27 2019 14:59:44 GMT+0100 (CET);1574866784000;0.09;20.15
1380556890909648;9.9;32;Wed Nov 27 2019 16:01:37 GMT+0100 (CET);Wed Nov 27 2019 15:01:37 GMT+0100 (CET);1574866897000;0.08;17.45
1380556890909648;9.9;31.8;Wed Nov 27 2019 16:03:31 GMT+0100 (CET);Wed Nov 27 2019 15:03:31 GMT+0100 (CET);1574867011000;0.07;16.08
1380556890909648;9.9;31.5;Wed Nov 27 2019 16:05:24 GMT+0100 (CET);Wed Nov 27 2019 15:05:24 GMT+0100 (CET);1574867124000;0.06;14.22
1380556890909648;9.9;31.1;Wed Nov 27 2019 16:07:35 GMT+0100 (CET);Wed Nov 27 2019 15:07:35 GMT+0100 (CET);1574867255000;0;11.36
1380556890909648;9.9;30.5;Wed Nov 27 2019 16:09:37 GMT+0100 (CET);Wed Nov 27 2019 15:09:37 GMT+0100 (CET);1574867377000;0;9.78
1380556890909648;8.9;29.6;Wed Nov 27 2019 16:11:49 GMT+0100 (CET);Wed Nov 27 2019 15:11:49 GMT+0100 (CET);1574867509000;0;8.11
1380556890909648;8.9;29.3;Wed Nov 27 2019 16:13:43 GMT+0100 (CET);Wed Nov 27 2019 15:13:43 GMT+0100 (CET);1574867623000;0;6.75
1380556890909648;8.4;33.8;Wed Nov 27 2019 16:15:36 GMT+0100 (CET);Wed Nov 27 2019 15:15:36 GMT+0100 (CET);1574867736000;0;5.53
1380556890909648;8.4;33.3;Wed Nov 27 2019 16:17:32 GMT+0100 (CET);Wed Nov 27 2019 15:17:32 GMT+0100 (CET);1574867852000;0;5.05
1380556890909648;8.9;32.6;Wed Nov 27 2019 16:19:33 GMT+0100 (CET);Wed Nov 27 2019 15:19:33 GMT+0100 (CET);1574867973000;0;4.25
1380556890909648;8.9;32;Wed Nov 27 2019 16:21:33 GMT+0100 (CET);Wed Nov 27 2019 15:21:33 GMT+0100 (CET);1574868093000;0;3.58
1380556890909648;8.9;27.6;Wed Nov 27 2019 16:23:25 GMT+0100 (CET);Wed Nov 27 2019 15:23:25 GMT+0100 (CET);1574868205000;0;2.9
1380556890909648;8.9;28.2;Wed Nov 27 2019 16:25:19 GMT+0100 (CET);Wed Nov 27 2019 15:25:19 GMT+0100 (CET);1574868319000;0;1.74
1380556890909648;8.9;24.8;Wed Nov 27 2019 16:27:13 GMT+0100 (CET);Wed Nov 27 2019 15:27:13 GMT+0100 (CET);1574868433000;0;0.98
1380556890909648;8.9;24.8;Wed Nov 27 2019 16:29:06 GMT+0100 (CET);Wed Nov 27 2019 15:29:06 GMT+0100 (CET);1574868546000;0;0.57
1380556890909648;8.9;24.8;Wed Nov 27 2019 16:31:06 GMT+0100 (CET);Wed Nov 27 2019 15:31:06 GMT+0100 (CET);1574868666000;0;0.42
1380556890909648;-273.2;28.4;Thu Nov 28 2019 08:06:05 GMT+0100 (CET);Thu Nov 28 2019 07:06:05 GMT+0100 (CET);1574924765000;0;5.32
1380556890909648;-273.2;32.4;Thu Nov 28 2019 08:08:06 GMT+0100 (CET);Thu Nov 28 2019 07:08:06 GMT+0100 (CET);1574924886000;0;5.77
1380556890909648;-273.2;33.2;Thu Nov 28 2019 08:10:02 GMT+0100 (CET);Thu Nov 28 2019 07:10:02 GMT+0100 (CET);1574925002000;0;7
1380556890909648;8.9;28.1;Thu Nov 28 2019 08:12:00 GMT+0100 (CET);Thu Nov 28 2019 07:12:00 GMT+0100 (CET);1574925120000;0;9.18
1380556890909648;8.9;28.3;Thu Nov 28 2019 08:13:53 GMT+0100 (CET);Thu Nov 28 2019 07:13:53 GMT+0100 (CET);1574925233000;0;10.7
1380556890909648;8.9;28.5;Thu Nov 28 2019 08:15:47 GMT+0100 (CET);Thu Nov 28 2019 07:15:47 GMT+0100 (CET);1574925347000;0;12.24
1380556890909648;8.4;28.1;Thu Nov 28 2019 08:17:40 GMT+0100 (CET);Thu Nov 28 2019 07:17:40 GMT+0100 (CET);1574925460000;0;13.89
1380556890909648;8.4;28.7;Thu Nov 28 2019 08:19:52 GMT+0100 (CET);Thu Nov 28 2019 07:19:52 GMT+0100 (CET);1574925592000;0.07;16.54
1380556890909648;8.9;28.7;Thu Nov 28 2019 08:21:51 GMT+0100 (CET);Thu Nov 28 2019 07:21:51 GMT+0100 (CET);1574925711000;0.08;17.45
1380556890909648;8.9;30.2;Thu Nov 28 2019 08:24:03 GMT+0100 (CET);Thu Nov 28 2019 07:24:03 GMT+0100 (CET);1574925843000;0.08;17.94
1380556890909648;8.9;30.2;Thu Nov 28 2019 08:26:38 GMT+0100 (CET);Thu Nov 28 2019 07:26:38 GMT+0100 (CET);1574925998000;0.09;19.78
1380556890909648;8.9;30.2;Thu Nov 28 2019 08:28:31 GMT+0100 (CET);Thu Nov 28 2019 07:28:31 GMT+0100 (CET);1574926111000;0.11;23.96
1380556890909648;8.9;30.6;Thu Nov 28 2019 08:30:42 GMT+0100 (CET);Thu Nov 28 2019 07:30:42 GMT+0100 (CET);1574926242000;0.13;28.96
1380556890909648;8.9;30.6;Thu Nov 28 2019 08:32:36 GMT+0100 (CET);Thu Nov 28 2019 07:32:36 GMT+0100 (CET);1574926356000;0.16;34.29
1380556890909648;9.9;31.7;Thu Nov 28 2019 08:34:47 GMT+0100 (CET);Thu Nov 28 2019 07:34:47 GMT+0100 (CET);1574926487000;0.15;33.1
1380556890909648;9.9;32.5;Thu Nov 28 2019 08:36:44 GMT+0100 (CET);Thu Nov 28 2019 07:36:44 GMT+0100 (CET);1574926604000;0.14;30.67
1380556890909648;9.9;32.1;Thu Nov 28 2019 08:39:07 GMT+0100 (CET);Thu Nov 28 2019 07:39:07 GMT+0100 (CET);1574926747000;0.12;27.73
1380556890909648;9.9;32.1;Thu Nov 28 2019 08:41:09 GMT+0100 (CET);Thu Nov 28 2019 07:41:09 GMT+0100 (CET);1574926869000;0.11;25.73
1380556890909648;9.9;31.5;Thu Nov 28 2019 08:43:12 GMT+0100 (CET);Thu Nov 28 2019 07:43:12 GMT+0100 (CET);1574926992000;0.11;24.23
1380556890909648;9.9;31.3;Thu Nov 28 2019 08:45:05 GMT+0100 (CET);Thu Nov 28 2019 07:45:05 GMT+0100 (CET);1574927105000;0.1;23.61
1380556890909648;9.9;31.2;Thu Nov 28 2019 08:47:09 GMT+0100 (CET);Thu Nov 28 2019 07:47:09 GMT+0100 (CET);1574927229000;0.12;25.82
1380556890909648;9.9;31.2;Thu Nov 28 2019 08:49:44 GMT+0100 (CET);Thu Nov 28 2019 07:49:44 GMT+0100 (CET);1574927384000;0.16;35.39
1380556890909648;9.9;31;Thu Nov 28 2019 08:51:47 GMT+0100 (CET);Thu Nov 28 2019 07:51:47 GMT+0100 (CET);1574927507000;0.19;41.32
1380556890909648;9.9;32.6;Thu Nov 28 2019 08:53:47 GMT+0100 (CET);Thu Nov 28 2019 07:53:47 GMT+0100 (CET);1574927627000;0.2;43.34
1380556890909648;9.9;33;Thu Nov 28 2019 08:55:45 GMT+0100 (CET);Thu Nov 28 2019 07:55:45 GMT+0100 (CET);1574927745000;0.21;43.27
1380556890909648;9.9;32.9;Thu Nov 28 2019 08:57:38 GMT+0100 (CET);Thu Nov 28 2019 07:57:38 GMT+0100 (CET);1574927858000;0.21;42.79
1380556890909648;12.4;33;Thu Nov 28 2019 08:59:34 GMT+0100 (CET);Thu Nov 28 2019 07:59:34 GMT+0100 (CET);1574927974000;0.25;53.67
1380556890909648;12.4;33.1;Thu Nov 28 2019 09:01:30 GMT+0100 (CET);Thu Nov 28 2019 08:01:30 GMT+0100 (CET);1574928090000;0.28;60.54
1380556890909648;12.4;33.6;Thu Nov 28 2019 09:04:09 GMT+0100 (CET);Thu Nov 28 2019 08:04:09 GMT+0100 (CET);1574928249000;0.22;46.43
1380556890909648;12.4;33.5;Thu Nov 28 2019 09:06:19 GMT+0100 (CET);Thu Nov 28 2019 08:06:19 GMT+0100 (CET);1574928379000;0.17;36.6
1380556890909648;12.4;33;Thu Nov 28 2019 09:08:13 GMT+0100 (CET);Thu Nov 28 2019 08:08:13 GMT+0100 (CET);1574928493000;0.16;35.22
1380556890909648;12.4;32.7;Thu Nov 28 2019 09:10:27 GMT+0100 (CET);Thu Nov 28 2019 08:10:27 GMT+0100 (CET);1574928627000;0.2;43.86
1380556890909648;12.4;33.1;Thu Nov 28 2019 09:12:26 GMT+0100 (CET);Thu Nov 28 2019 08:12:26 GMT+0100 (CET);1574928746000;0.2;45.43
1380556890909648;12.4;33.2;Thu Nov 28 2019 09:14:20 GMT+0100 (CET);Thu Nov 28 2019 08:14:20 GMT+0100 (CET);1574928860000;0.26;57.14
1380556890909648;12.4;33.4;Thu Nov 28 2019 09:16:24 GMT+0100 (CET);Thu Nov 28 2019 08:16:24 GMT+0100 (CET);1574928984000;0.34;76.92
1380556890909648;12.4;34.4;Thu Nov 28 2019 09:19:17 GMT+0100 (CET);Thu Nov 28 2019 08:19:17 GMT+0100 (CET);1574929157000;0.41;93.13
1380556890909648;12.4;34.6;Thu Nov 28 2019 09:21:24 GMT+0100 (CET);Thu Nov 28 2019 08:21:24 GMT+0100 (CET);1574929284000;0.43;95.98
1380556890909648;12.4;35.3;Thu Nov 28 2019 09:23:18 GMT+0100 (CET);Thu Nov 28 2019 08:23:18 GMT+0100 (CET);1574929398000;0.51;119.8
1380556890909648;12.4;37;Thu Nov 28 2019 09:25:22 GMT+0100 (CET);Thu Nov 28 2019 08:25:22 GMT+0100 (CET);1574929522000;0.61;153.59
1380556890909648;14.4;39.8;Thu Nov 28 2019 09:27:27 GMT+0100 (CET);Thu Nov 28 2019 08:27:27 GMT+0100 (CET);1574929647000;0.67;488.95
1380556890909648;14.4;40.3;Thu Nov 28 2019 09:29:22 GMT+0100 (CET);Thu Nov 28 2019 08:29:22 GMT+0100 (CET);1574929762000;0.8;532.47
1380556890909648;16.9;39.5;Thu Nov 28 2019 09:31:18 GMT+0100 (CET);Thu Nov 28 2019 08:31:18 GMT+0100 (CET);1574929878000;0.96;547.83
1380556890909648;16.9;36.7;Thu Nov 28 2019 09:33:45 GMT+0100 (CET);Thu Nov 28 2019 08:33:45 GMT+0100 (CET);1574930025000;0.85;252.41
1380556890909648;16.9;37.5;Thu Nov 28 2019 09:35:49 GMT+0100 (CET);Thu Nov 28 2019 08:35:49 GMT+0100 (CET);1574930149000;0.53;163.5
1380556890909648;16.9;36.7;Thu Nov 28 2019 09:37:47 GMT+0100 (CET);Thu Nov 28 2019 08:37:47 GMT+0100 (CET);1574930267000;0.69;157.16
1380556890909648;18.5;36.5;Thu Nov 28 2019 09:40:03 GMT+0100 (CET);Thu Nov 28 2019 08:40:03 GMT+0100 (CET);1574930403000;0.61;136.65
1380556890909648;18.5;34.6;Thu Nov 28 2019 09:42:03 GMT+0100 (CET);Thu Nov 28 2019 08:42:03 GMT+0100 (CET);1574930523000;0.64;140.18
1380556890909648;18.5;34.5;Thu Nov 28 2019 09:43:57 GMT+0100 (CET);Thu Nov 28 2019 08:43:57 GMT+0100 (CET);1574930637000;0.65;142.61
1380556890909648;16.9;35.3;Thu Nov 28 2019 09:46:14 GMT+0100 (CET);Thu Nov 28 2019 08:46:14 GMT+0100 (CET);1574930774000;0.68;153.66
1380556890909648;16.9;35;Thu Nov 28 2019 09:49:07 GMT+0100 (CET);Thu Nov 28 2019 08:49:07 GMT+0100 (CET);1574930947000;0.69;156.65
1380556890909648;16.9;35.4;Thu Nov 28 2019 09:51:16 GMT+0100 (CET);Thu Nov 28 2019 08:51:16 GMT+0100 (CET);1574931076000;0.67;148.31
1380556890909648;16.9;35.1;Thu Nov 28 2019 09:53:48 GMT+0100 (CET);Thu Nov 28 2019 08:53:48 GMT+0100 (CET);1574931228000;0.5;111.43
1380556890909648;16.9;34.2;Thu Nov 28 2019 09:55:41 GMT+0100 (CET);Thu Nov 28 2019 08:55:41 GMT+0100 (CET);1574931341000;0.59;130.11
1380556890909648;16.9;34.9;Thu Nov 28 2019 09:57:42 GMT+0100 (CET);Thu Nov 28 2019 08:57:42 GMT+0100 (CET);1574931462000;0.68;149.38
1380556890909648;16.9;35.3;Thu Nov 28 2019 09:59:38 GMT+0100 (CET);Thu Nov 28 2019 08:59:38 GMT+0100 (CET);1574931578000;0.62;141.61
1380556890909648;16.9;35.1;Thu Nov 28 2019 10:01:49 GMT+0100 (CET);Thu Nov 28 2019 09:01:49 GMT+0100 (CET);1574931709000;0.41;93.43
1380556890909648;16.9;34.7;Thu Nov 28 2019 10:03:45 GMT+0100 (CET);Thu Nov 28 2019 09:03:45 GMT+0100 (CET);1574931825000;0.3;66.47
1380556890909648;16.9;34.1;Thu Nov 28 2019 10:05:38 GMT+0100 (CET);Thu Nov 28 2019 09:05:38 GMT+0100 (CET);1574931938000;0.23;48.16
1380556890909648;16.9;33.5;Thu Nov 28 2019 10:07:37 GMT+0100 (CET);Thu Nov 28 2019 09:07:37 GMT+0100 (CET);1574932057000;0.16;36.18
1380556890909648;16.9;31.8;Thu Nov 28 2019 10:10:17 GMT+0100 (CET);Thu Nov 28 2019 09:10:17 GMT+0100 (CET);1574932217000;0.18;36.83
1380556890909648;16.9;32;Thu Nov 28 2019 10:12:19 GMT+0100 (CET);Thu Nov 28 2019 09:12:19 GMT+0100 (CET);1574932339000;0.23;48.04
1380556890909648;14.9;32.3;Thu Nov 28 2019 10:14:16 GMT+0100 (CET);Thu Nov 28 2019 09:14:16 GMT+0100 (CET);1574932456000;0.32;65.81
1380556890909648;14.9;32.7;Thu Nov 28 2019 10:16:11 GMT+0100 (CET);Thu Nov 28 2019 09:16:11 GMT+0100 (CET);1574932571000;0.38;79.39
1380556890909648;14.4;33.9;Thu Nov 28 2019 10:18:24 GMT+0100 (CET);Thu Nov 28 2019 09:18:24 GMT+0100 (CET);1574932704000;0.45;100.92
1380556890909648;14.4;34.2;Thu Nov 28 2019 10:20:20 GMT+0100 (CET);Thu Nov 28 2019 09:20:20 GMT+0100 (CET);1574932820000;0.56;121.33
1380556890909648;14.9;35.3;Thu Nov 28 2019 10:22:34 GMT+0100 (CET);Thu Nov 28 2019 09:22:34 GMT+0100 (CET);1574932954000;0.58;125.65
1380556890909648;14.9;35.2;Thu Nov 28 2019 10:24:47 GMT+0100 (CET);Thu Nov 28 2019 09:24:47 GMT+0100 (CET);1574933087000;0.57;125.28
1380556890909648;14.9;35.4;Thu Nov 28 2019 10:26:57 GMT+0100 (CET);Thu Nov 28 2019 09:26:57 GMT+0100 (CET);1574933217000;0.69;151.42
1380556890909648;14.9;35.9;Thu Nov 28 2019 10:28:57 GMT+0100 (CET);Thu Nov 28 2019 09:28:57 GMT+0100 (CET);1574933337000;0.8;177.17
1380556890909648;14.9;36.2;Thu Nov 28 2019 10:30:59 GMT+0100 (CET);Thu Nov 28 2019 09:30:59 GMT+0100 (CET);1574933459000;0.74;165.52
1380556890909648;14.9;36.1;Thu Nov 28 2019 10:33:04 GMT+0100 (CET);Thu Nov 28 2019 09:33:04 GMT+0100 (CET);1574933584000;0.68;150.92
1380556890909648;14.9;36;Thu Nov 28 2019 10:35:02 GMT+0100 (CET);Thu Nov 28 2019 09:35:02 GMT+0100 (CET);1574933702000;0.64;142.47
1380556890909648;16.4;35.8;Thu Nov 28 2019 10:37:09 GMT+0100 (CET);Thu Nov 28 2019 09:37:09 GMT+0100 (CET);1574933829000;0.56;124.6
1380556890909648;16.4;35.4;Thu Nov 28 2019 10:39:53 GMT+0100 (CET);Thu Nov 28 2019 09:39:53 GMT+0100 (CET);1574933993000;0.4;89.6
1380556890909648;16.4;35;Thu Nov 28 2019 10:48:26 GMT+0100 (CET);Thu Nov 28 2019 09:48:26 GMT+0100 (CET);1574934506000;0.63;133.05
1380556890909648;16.9;33.2;Thu Nov 28 2019 12:32:54 GMT+0100 (CET);Thu Nov 28 2019 11:32:54 GMT+0100 (CET);1574940774000;0.26;55.95
1380556890909648;14.9;32.8;Thu Nov 28 2019 12:50:33 GMT+0100 (CET);Thu Nov 28 2019 11:50:33 GMT+0100 (CET);1574941833000;0.24;55.95
1380556890909648;14.9;33.1;Thu Nov 28 2019 13:00:38 GMT+0100 (CET);Thu Nov 28 2019 12:00:38 GMT+0100 (CET);1574942438000;0.33;69.68
1380556890909648;14.9;33.2;Thu Nov 28 2019 13:07:34 GMT+0100 (CET);Thu Nov 28 2019 12:07:34 GMT+0100 (CET);1574942854000;0.41;86.13
1380556890909648;14.9;33.2;Thu Nov 28 2019 13:09:17 GMT+0100 (CET);Thu Nov 28 2019 12:09:17 GMT+0100 (CET);1574942957000;0.47;98.54
1380556890909648;16.4;33.6;Thu Nov 28 2019 13:13:50 GMT+0100 (CET);Thu Nov 28 2019 12:13:50 GMT+0100 (CET);1574943230000;0.33;77.36
1380556890909648;16.4;33.5;Thu Nov 28 2019 13:15:43 GMT+0100 (CET);Thu Nov 28 2019 12:15:43 GMT+0100 (CET);1574943343000;0.19;44.91
1380556890909648;16.4;31.1;Thu Nov 28 2019 13:21:29 GMT+0100 (CET);Thu Nov 28 2019 12:21:29 GMT+0100 (CET);1574943689000;0.16;26
1380556890909648;16.4;31;Thu Nov 28 2019 13:24:46 GMT+0100 (CET);Thu Nov 28 2019 12:24:46 GMT+0100 (CET);1574943886000;0.33;60.93
1380556890909648;14.4;31.6;Thu Nov 28 2019 13:26:54 GMT+0100 (CET);Thu Nov 28 2019 12:26:54 GMT+0100 (CET);1574944014000;0.28;61.12
1380556890909648;14.4;33.1;Thu Nov 28 2019 13:29:09 GMT+0100 (CET);Thu Nov 28 2019 12:29:09 GMT+0100 (CET);1574944149000;0.38;81.95
1380556890909648;14.9;33.3;Thu Nov 28 2019 13:31:08 GMT+0100 (CET);Thu Nov 28 2019 12:31:08 GMT+0100 (CET);1574944268000;0.33;69.04
1380556890909648;14.9;33.4;Thu Nov 28 2019 13:33:01 GMT+0100 (CET);Thu Nov 28 2019 12:33:01 GMT+0100 (CET);1574944381000;0.43;87.82
1380556890909648;14.9;33.7;Thu Nov 28 2019 13:34:56 GMT+0100 (CET);Thu Nov 28 2019 12:34:56 GMT+0100 (CET);1574944496000;0.4;83.69
1380556890909648;14.9;33.6;Thu Nov 28 2019 13:36:51 GMT+0100 (CET);Thu Nov 28 2019 12:36:51 GMT+0100 (CET);1574944611000;0.35;75.03
1380556890909648;14.9;34.6;Thu Nov 28 2019 13:39:08 GMT+0100 (CET);Thu Nov 28 2019 12:39:08 GMT+0100 (CET);1574944748000;0.67;127.54
1380556890909648;14.9;34.9;Thu Nov 28 2019 13:41:15 GMT+0100 (CET);Thu Nov 28 2019 12:41:15 GMT+0100 (CET);1574944875000;0.44;86.33
1380556890909648;14.9;34.6;Thu Nov 28 2019 13:43:17 GMT+0100 (CET);Thu Nov 28 2019 12:43:17 GMT+0100 (CET);1574944997000;0.24;46.68
1380556890909648;16.4;34.5;Thu Nov 28 2019 13:45:15 GMT+0100 (CET);Thu Nov 28 2019 12:45:15 GMT+0100 (CET);1574945115000;0.09;21.89
1380556890909648;16.4;33.1;Thu Nov 28 2019 13:47:15 GMT+0100 (CET);Thu Nov 28 2019 12:47:15 GMT+0100 (CET);1574945235000;0.15;30.92
1380556890909648;14.4;33.2;Thu Nov 28 2019 13:49:09 GMT+0100 (CET);Thu Nov 28 2019 12:49:09 GMT+0100 (CET);1574945349000;0.24;50.13
1380556890909648;14.4;33.3;Thu Nov 28 2019 13:51:02 GMT+0100 (CET);Thu Nov 28 2019 12:51:02 GMT+0100 (CET);1574945462000;0.34;68.27
1380556890909648;14.4;33.5;Thu Nov 28 2019 13:53:09 GMT+0100 (CET);Thu Nov 28 2019 12:53:09 GMT+0100 (CET);1574945589000;0.21;41.73
1380556890909648;14.4;33.4;Thu Nov 28 2019 13:55:03 GMT+0100 (CET);Thu Nov 28 2019 12:55:03 GMT+0100 (CET);1574945703000;0.15;34.27
1380556890909648;14.4;33.5;Thu Nov 28 2019 13:56:55 GMT+0100 (CET);Thu Nov 28 2019 12:56:55 GMT+0100 (CET);1574945815000;0.14;30.11
1380556890909648;14.4;32.5;Thu Nov 28 2019 13:58:48 GMT+0100 (CET);Thu Nov 28 2019 12:58:48 GMT+0100 (CET);1574945928000;0.29;75.86
1380556890909648;14.4;34.9;Thu Nov 28 2019 14:00:43 GMT+0100 (CET);Thu Nov 28 2019 13:00:43 GMT+0100 (CET);1574946043000;1.82;412.15
1380556890909648;14.4;36.3;Thu Nov 28 2019 14:02:42 GMT+0100 (CET);Thu Nov 28 2019 13:02:42 GMT+0100 (CET);1574946162000;2.3;532.47
1380556890909648;14.9;34.8;Thu Nov 28 2019 14:04:35 GMT+0100 (CET);Thu Nov 28 2019 13:04:35 GMT+0100 (CET);1574946275000;0.61;128.58
1380556890909648;14.9;34.3;Thu Nov 28 2019 14:06:29 GMT+0100 (CET);Thu Nov 28 2019 13:06:29 GMT+0100 (CET);1574946389000;0.54;114.73
1380556890909648;16.4;34;Thu Nov 28 2019 14:08:21 GMT+0100 (CET);Thu Nov 28 2019 13:08:21 GMT+0100 (CET);1574946501000;0.47;95.03
1380556890909648;16.4;33.9;Thu Nov 28 2019 14:10:14 GMT+0100 (CET);Thu Nov 28 2019 13:10:14 GMT+0100 (CET);1574946614000;0.49;95.62
1380556890909648;16.4;35.1;Thu Nov 28 2019 14:12:08 GMT+0100 (CET);Thu Nov 28 2019 13:12:08 GMT+0100 (CET);1574946728000;0.58;123.23
1380556890909648;16.4;35.7;Thu Nov 28 2019 14:14:01 GMT+0100 (CET);Thu Nov 28 2019 13:14:01 GMT+0100 (CET);1574946841000;0.61;124.61
1380556890909648;16.4;34.1;Thu Nov 28 2019 14:15:54 GMT+0100 (CET);Thu Nov 28 2019 13:15:54 GMT+0100 (CET);1574946954000;0.42;91.34
1380556890909648;14.9;33.5;Thu Nov 28 2019 14:17:48 GMT+0100 (CET);Thu Nov 28 2019 13:17:48 GMT+0100 (CET);1574947068000;0.37;78.93
1380556890909648;14.9;33.4;Thu Nov 28 2019 14:19:41 GMT+0100 (CET);Thu Nov 28 2019 13:19:41 GMT+0100 (CET);1574947181000;1.03;310.57
1380556890909648;14.9;34.1;Thu Nov 28 2019 14:21:33 GMT+0100 (CET);Thu Nov 28 2019 13:21:33 GMT+0100 (CET);1574947293000;0.45;97.24
1380556890909648;14.9;33.9;Thu Nov 28 2019 14:23:27 GMT+0100 (CET);Thu Nov 28 2019 13:23:27 GMT+0100 (CET);1574947407000;0.33;72.3
1380556890909648;14.9;33.6;Thu Nov 28 2019 14:25:19 GMT+0100 (CET);Thu Nov 28 2019 13:25:19 GMT+0100 (CET);1574947519000;0.26;56.67
1380556890909648;14.9;33;Thu Nov 28 2019 14:27:13 GMT+0100 (CET);Thu Nov 28 2019 13:27:13 GMT+0100 (CET);1574947633000;0.29;60.99
1380556890909648;14.9;33;Thu Nov 28 2019 14:29:06 GMT+0100 (CET);Thu Nov 28 2019 13:29:06 GMT+0100 (CET);1574947746000;0.29;62.5
1380556890909648;14.9;33.2;Thu Nov 28 2019 14:30:59 GMT+0100 (CET);Thu Nov 28 2019 13:30:59 GMT+0100 (CET);1574947859000;0.3;60.43
1380556890909648;14.9;33.3;Thu Nov 28 2019 14:32:52 GMT+0100 (CET);Thu Nov 28 2019 13:32:52 GMT+0100 (CET);1574947972000;0.32;65.86
1380556890909648;14.9;34.3;Thu Nov 28 2019 14:34:46 GMT+0100 (CET);Thu Nov 28 2019 13:34:46 GMT+0100 (CET);1574948086000;0.56;122.11
1380556890909648;16.4;36.5;Thu Nov 28 2019 14:36:39 GMT+0100 (CET);Thu Nov 28 2019 13:36:39 GMT+0100 (CET);1574948199000;1.29;280.98
1380556890909648;16.4;36.6;Thu Nov 28 2019 14:38:33 GMT+0100 (CET);Thu Nov 28 2019 13:38:33 GMT+0100 (CET);1574948313000;1.13;278.09
1380556890909648;16.4;36.1;Thu Nov 28 2019 14:40:26 GMT+0100 (CET);Thu Nov 28 2019 13:40:26 GMT+0100 (CET);1574948426000;1.14;274.47
1380556890909648;16.9;35.6;Thu Nov 28 2019 14:42:19 GMT+0100 (CET);Thu Nov 28 2019 13:42:19 GMT+0100 (CET);1574948539000;1.23;286.95
1380556890909648;16.9;35.5;Thu Nov 28 2019 14:44:13 GMT+0100 (CET);Thu Nov 28 2019 13:44:13 GMT+0100 (CET);1574948653000;0.99;236.33
1380556890909648;16.9;35.1;Thu Nov 28 2019 14:46:06 GMT+0100 (CET);Thu Nov 28 2019 13:46:06 GMT+0100 (CET);1574948766000;0.89;208.42
1380556890909648;16.9;35.4;Thu Nov 28 2019 14:47:33 GMT+0100 (CET);Thu Nov 28 2019 13:47:33 GMT+0100 (CET);1574948853000;0.67;164
1380556890909648;16.9;35.6;Thu Nov 28 2019 14:49:26 GMT+0100 (CET);Thu Nov 28 2019 13:49:26 GMT+0100 (CET);1574948966000;0.93;218.1
1380556890909648;18.5;35.4;Thu Nov 28 2019 14:51:20 GMT+0100 (CET);Thu Nov 28 2019 13:51:20 GMT+0100 (CET);1574949080000;0.84;195.89
1380556890909648;18.5;35.9;Thu Nov 28 2019 14:53:15 GMT+0100 (CET);Thu Nov 28 2019 13:53:15 GMT+0100 (CET);1574949195000;0.78;186.89
1380556890909648;18.5;36.2;Thu Nov 28 2019 14:55:16 GMT+0100 (CET);Thu Nov 28 2019 13:55:16 GMT+0100 (CET);1574949316000;0.69;169.15
1380556890909648;18.5;35.3;Thu Nov 28 2019 14:57:08 GMT+0100 (CET);Thu Nov 28 2019 13:57:08 GMT+0100 (CET);1574949428000;0.45;97.8
1380556890909648;18.5;34.6;Thu Nov 28 2019 14:59:02 GMT+0100 (CET);Thu Nov 28 2019 13:59:02 GMT+0100 (CET);1574949542000;0.44;107.62
1380556890909648;18.5;35.7;Thu Nov 28 2019 15:00:56 GMT+0100 (CET);Thu Nov 28 2019 14:00:56 GMT+0100 (CET);1574949656000;0.39;97.43
1380556890909648;18.5;35.4;Thu Nov 28 2019 15:02:50 GMT+0100 (CET);Thu Nov 28 2019 14:02:50 GMT+0100 (CET);1574949770000;0.33;84.12
1380556890909648;18.5;35.3;Thu Nov 28 2019 15:04:42 GMT+0100 (CET);Thu Nov 28 2019 14:04:42 GMT+0100 (CET);1574949882000;0.34;86.03
1380556890909648;18.5;35.1;Thu Nov 28 2019 15:06:35 GMT+0100 (CET);Thu Nov 28 2019 14:06:35 GMT+0100 (CET);1574949995000;0.33;80.39
1380556890909648;18.5;35.5;Thu Nov 28 2019 15:08:28 GMT+0100 (CET);Thu Nov 28 2019 14:08:28 GMT+0100 (CET);1574950108000;0.3;67.2
1380556890909648;16.9;34;Thu Nov 28 2019 15:10:20 GMT+0100 (CET);Thu Nov 28 2019 14:10:20 GMT+0100 (CET);1574950220000;0.34;78.46
1380556890909648;16.9;34;Thu Nov 28 2019 15:12:13 GMT+0100 (CET);Thu Nov 28 2019 14:12:13 GMT+0100 (CET);1574950333000;0.32;71.18
1380556890909648;16.4;33.8;Thu Nov 28 2019 15:14:06 GMT+0100 (CET);Thu Nov 28 2019 14:14:06 GMT+0100 (CET);1574950446000;0.24;57.1
1380556890909648;16.4;33.2;Thu Nov 28 2019 15:15:59 GMT+0100 (CET);Thu Nov 28 2019 14:15:59 GMT+0100 (CET);1574950559000;0.22;48.79
1380556890909648;16.4;33;Thu Nov 28 2019 15:17:51 GMT+0100 (CET);Thu Nov 28 2019 14:17:51 GMT+0100 (CET);1574950671000;0.25;55.66
1380556890909648;16.4;33.1;Thu Nov 28 2019 15:19:44 GMT+0100 (CET);Thu Nov 28 2019 14:19:44 GMT+0100 (CET);1574950784000;0.25;56.21
1380556890909648;16.4;33.1;Thu Nov 28 2019 15:21:39 GMT+0100 (CET);Thu Nov 28 2019 14:21:39 GMT+0100 (CET);1574950899000;0.24;53
1380556890909648;16.4;33;Thu Nov 28 2019 15:23:32 GMT+0100 (CET);Thu Nov 28 2019 14:23:32 GMT+0100 (CET);1574951012000;0.23;49.89
1380556890909648;14.9;32.7;Thu Nov 28 2019 15:25:24 GMT+0100 (CET);Thu Nov 28 2019 14:25:24 GMT+0100 (CET);1574951124000;0.21;46.88
1380556890909648;14.9;32.6;Thu Nov 28 2019 15:27:17 GMT+0100 (CET);Thu Nov 28 2019 14:27:17 GMT+0100 (CET);1574951237000;0.18;39.46
1380556890909648;14.9;32.5;Thu Nov 28 2019 15:29:10 GMT+0100 (CET);Thu Nov 28 2019 14:29:10 GMT+0100 (CET);1574951350000;0.14;31.25
1380556890909648;14.9;32.5;Thu Nov 28 2019 15:31:03 GMT+0100 (CET);Thu Nov 28 2019 14:31:03 GMT+0100 (CET);1574951463000;0.09;22.05
1380556890909648;14.9;32.2;Thu Nov 28 2019 15:32:55 GMT+0100 (CET);Thu Nov 28 2019 14:32:55 GMT+0100 (CET);1574951575000;0.07;16
1380556890909648;14.4;30;Thu Nov 28 2019 15:34:50 GMT+0100 (CET);Thu Nov 28 2019 14:34:50 GMT+0100 (CET);1574951690000;0.1;21.55
1380556890909648;14.4;30.3;Thu Nov 28 2019 15:36:43 GMT+0100 (CET);Thu Nov 28 2019 14:36:43 GMT+0100 (CET);1574951803000;0.09;20.48
1380556890909648;12.4;30.3;Thu Nov 28 2019 15:38:35 GMT+0100 (CET);Thu Nov 28 2019 14:38:35 GMT+0100 (CET);1574951915000;0.08;18.78
1380556890909648;12.4;30.2;Thu Nov 28 2019 15:40:28 GMT+0100 (CET);Thu Nov 28 2019 14:40:28 GMT+0100 (CET);1574952028000;0.1;22.17
1380556890909648;12.4;30.4;Thu Nov 28 2019 15:42:21 GMT+0100 (CET);Thu Nov 28 2019 14:42:21 GMT+0100 (CET);1574952141000;0.12;26.83
1380556890909648;12.4;31.5;Thu Nov 28 2019 15:44:14 GMT+0100 (CET);Thu Nov 28 2019 14:44:14 GMT+0100 (CET);1574952254000;0.12;26.48
1380556890909648;12.4;31.5;Thu Nov 28 2019 15:46:07 GMT+0100 (CET);Thu Nov 28 2019 14:46:07 GMT+0100 (CET);1574952367000;0.1;22.08
1380556890909648;12.4;31.5;Thu Nov 28 2019 15:48:01 GMT+0100 (CET);Thu Nov 28 2019 14:48:01 GMT+0100 (CET);1574952481000;0.1;21.04
1380556890909648;12.4;31.4;Thu Nov 28 2019 15:49:55 GMT+0100 (CET);Thu Nov 28 2019 14:49:55 GMT+0100 (CET);1574952595000;0.09;19.03
1380556890909648;12.4;31.3;Thu Nov 28 2019 15:51:38 GMT+0100 (CET);Thu Nov 28 2019 14:51:38 GMT+0100 (CET);1574952698000;0.07;16.24
1380556890909648;12.4;30.6;Thu Nov 28 2019 15:53:34 GMT+0100 (CET);Thu Nov 28 2019 14:53:34 GMT+0100 (CET);1574952814000;0.08;17.59
1380556890909648;12.4;31;Thu Nov 28 2019 15:55:27 GMT+0100 (CET);Thu Nov 28 2019 14:55:27 GMT+0100 (CET);1574952927000;0.08;17.35
1380556890909648;9.9;30.9;Thu Nov 28 2019 15:57:20 GMT+0100 (CET);Thu Nov 28 2019 14:57:20 GMT+0100 (CET);1574953040000;0.08;18.09
1380556890909648;9.9;30.8;Thu Nov 28 2019 15:59:13 GMT+0100 (CET);Thu Nov 28 2019 14:59:13 GMT+0100 (CET);1574953153000;0.07;16.29
1380556890909648;9.9;30.8;Thu Nov 28 2019 16:01:10 GMT+0100 (CET);Thu Nov 28 2019 15:01:10 GMT+0100 (CET);1574953270000;0.07;16.25
1380556890909648;9.9;30.3;Thu Nov 28 2019 16:03:02 GMT+0100 (CET);Thu Nov 28 2019 15:03:02 GMT+0100 (CET);1574953382000;0.07;16.5
1380556890909648;9.9;30.3;Thu Nov 28 2019 16:04:55 GMT+0100 (CET);Thu Nov 28 2019 15:04:55 GMT+0100 (CET);1574953495000;0.06;14.2
1380556890909648;9.9;30.1;Thu Nov 28 2019 16:06:49 GMT+0100 (CET);Thu Nov 28 2019 15:06:49 GMT+0100 (CET);1574953609000;0;10.92
1380556890909648;9.9;29.8;Thu Nov 28 2019 16:08:42 GMT+0100 (CET);Thu Nov 28 2019 15:08:42 GMT+0100 (CET);1574953722000;0;9.21
1380556890909648;9.9;28.5;Thu Nov 28 2019 16:10:35 GMT+0100 (CET);Thu Nov 28 2019 15:10:35 GMT+0100 (CET);1574953835000;0;7.96
1380556890909648;9.9;27.4;Thu Nov 28 2019 16:12:28 GMT+0100 (CET);Thu Nov 28 2019 15:12:28 GMT+0100 (CET);1574953948000;0;8.14
1380556890909648;9.9;26.9;Thu Nov 28 2019 16:14:22 GMT+0100 (CET);Thu Nov 28 2019 15:14:22 GMT+0100 (CET);1574954062000;0;7.63
1380556890909648;9.9;27;Thu Nov 28 2019 16:16:15 GMT+0100 (CET);Thu Nov 28 2019 15:16:15 GMT+0100 (CET);1574954175000;0;6.11
1380556890909648;9.9;32.6;Thu Nov 28 2019 16:18:07 GMT+0100 (CET);Thu Nov 28 2019 15:18:07 GMT+0100 (CET);1574954287000;0;4.61
1380556890909648;9.9;31.3;Thu Nov 28 2019 16:20:03 GMT+0100 (CET);Thu Nov 28 2019 15:20:03 GMT+0100 (CET);1574954403000;0;3.24
1380556890909648;9.9;29.7;Thu Nov 28 2019 16:21:56 GMT+0100 (CET);Thu Nov 28 2019 15:21:56 GMT+0100 (CET);1574954516000;0;2.7
1380556890909648;9.9;27.3;Thu Nov 28 2019 16:23:49 GMT+0100 (CET);Thu Nov 28 2019 15:23:49 GMT+0100 (CET);1574954629000;0;2.32
1380556890909648;7.9;26.2;Thu Nov 28 2019 16:25:43 GMT+0100 (CET);Thu Nov 28 2019 15:25:43 GMT+0100 (CET);1574954743000;0;1.58
1380556890909648;7.9;26.2;Thu Nov 28 2019 16:27:35 GMT+0100 (CET);Thu Nov 28 2019 15:27:35 GMT+0100 (CET);1574954855000;0;0.72
1380556890909648;7.9;26.2;Thu Nov 28 2019 16:29:28 GMT+0100 (CET);Thu Nov 28 2019 15:29:28 GMT+0100 (CET);1574954968000;0;0.38