date;V;I;T;G;Tamb;Name;G_orig;Pmax;V_sim;I_sim;Pmax_sim;deviation
30,09.2019 08:33:23;29.1;0.08;287.4;12.346813627500376;287.64;Module 1,1_10;17.01;2,33;11,66;0,03;0,37;1,96
30,09.2019 08:35:15;28.6;0.09;287.4;14.179870114605187;287.57;Module 1,1_10;19.24;2,57;13,38;0,04;0,49;2,08
30,09.2019 08:37:10;28.8;0.1;289.9;15.71287817965808;287.57;Module 1,1_10;21.02;2,88;14,85;0,04;0,60;2,28
30,09.2019 08:39:02;28.7;0.1;289.9;15.570942424368775;287.6;Module 1,1_10;20.57;2,87;14,71;0,04;0,59;2,28
30,09.2019 08:41:20;28.6;0.09;289.9;14.93121861426095;287.68;Module 1,1_10;19.45;2,57;14,11;0,04;0,54;2,03
30,09.2019 08:43:14;28.6;0.09;289.9;14.608498339044363;287.75;Module 1,1_10;18.83;2,57;13,80;0,04;0,52;2,05
30,09.2019 08:45:07;28.4;0.08;289.9;13.065782435627806;287.79;Module 1,1_10;16.68;2,27;12,34;0,03;0,42;1,85
30,09.2019 08:47:00;28.6;0.08;289.9;13.056289881155628;287.82;Module 1,1_10;16.52;2,29;12,34;0,03;0,42;1,87
30,09.2019 08:49:06;26.9;0.09;289.9;14.293379904831475;287.88;Module 1,1_10;17.92;2,42;13,51;0,04;0,50;1,92
30,09.2019 08:51:12;27.8;0.09;289.9;15.420507393720133;287.89;Module 1,1_10;19.17;2,50;14,57;0,04;0,58;1,92
30,09.2019 08:53:05;27.7;0.1;289.9;15.861924150926985;287.83;Module 1,1_10;19.58;2,77;14,99;0,04;0,61;2,16
30,09.2019 08:54:57;27.8;0.1;289.9;17.319738709600536;287.81;Module 1,1_10;21.24;2,78;16,37;0,04;0,73;2,05
30,09.2019 08:56:58;27.8;0.1;289.9;17.311608063879884;287.75;Module 1,1_10;21.09;2,78;16,36;0,04;0,73;2,05
30,09.2019 08:58:51;28;0.11;289.9;18.956061578271388;287.7;Module 1,1_10;22.96;3,08;17,91;0,05;0,88;2,20
30,09.2019 09:00:46;28;0.09;289.9;15.665924543660404;287.74;Module 1,1_10;18.87;2,52;14,80;0,04;0,60;1,92
30,09.2019 09:02:40;28.4;0;289.9;9.079495238033395;287.75;Module 1,1_10;10.88;0,00;8,58;0,02;0,20;-0,20
30,09.2019 09:04:35;27.8;0;289.9;6.751019481912899;287.77;Module 1,1_10;8.05;0,00;6,38;0,02;0,11;-0,11
30,09.2019 09:06:30;34.6;0;289.9;12.082186465385949;287.65;Module 1,1_10;14.34;0,00;11,41;0,03;0,36;-0,36
30,09.2019 09:08:23;36.4;0;291.9;19.395149507324646;287.5;Module 1,1_10;22.92;0,00;18,34;0,05;0,92;-0,92
30,09.2019 09:10:17;37.2;0;291.9;28.652796936124073;287.51;Module 1,1_10;33.72;0,00;26,73;0,08;2,01;-2,01
30,09.2019 09:12:33;38.1;0;294;39.10838656218641;287.55;Module 1,1_10;45.81;0,00;31,07;0,12;3,60;-3,60
30,09.2019 09:14:26;31.8;0.24;294;42.645551662609314;287.6;Module 1,1_10;49.77;7,63;31,71;0,13;4,17;3,46
30,09.2019 09:16:22;31.4;0.16;294;29.667795681206748;287.65;Module 1,1_10;34.5;5,02;27,39;0,08;2,15;2,87
30,09.2019 09:18:16;31.3;0.16;291.9;29.060235350337784;287.68;Module 1,1_10;33.68;5,01;27,05;0,08;2,06;2,95
30,09.2019 09:20:13;31;0.15;291.9;28.853084710546675;287.7;Module 1,1_10;33.33;4,65;26,89;0,08;2,03;2,62
30,09.2019 09:22:07;31.2;0.15;291.9;27.760654963943633;287.72;Module 1,1_10;31.97;4,68;26,02;0,07;1,88;2,80
30,09.2019 09:23:59;31.4;0.12;291.9;24.78403877514712;287.73;Module 1,1_10;28.46;3,77;23,39;0,06;1,50;2,27
30,09.2019 09:25:53;31.3;0.12;291.9;23.92798541631307;287.74;Module 1,1_10;27.4;3,76;22,60;0,06;1,40;2,36
30,09.2019 09:27:47;31.3;0.15;291.9;31.11129024266525;287.75;Module 1,1_10;35.53;4,70;28,44;0,08;2,36;2,34
30,09.2019 09:29:40;31.5;0.14;291.9;29.241998377628764;287.75;Module 1,1_10;33.31;4,41;27,18;0,08;2,09;2,32
30,09.2019 09:31:38;31.4;0.21;291.9;37.123623211539865;287.75;Module 1,1_10;42.18;6,59;30,90;0,11;3,28;3,31
30,09.2019 09:33:32;31.8;0.22;291.9;41.37586655907546;287.73;Module 1,1_10;46.9;7,00;31,83;0,12;3,98;3,02
30,09.2019 09:35:51;32.1;0.24;291.9;42.03908576526513;287.75;Module 1,1_10;47.52;7,70;31,95;0,13;4,08;3,62
30,09.2019 09:37:45;31.9;0.17;291.9;30.84437716115595;287.75;Module 1,1_10;34.79;5,42;28,27;0,08;2,32;3,11
30,09.2019 09:39:38;31;0.23;291.9;42.857868905653916;287.74;Module 1,1_10;48.24;7,13;32,08;0,13;4,22;2,91
30,09.2019 09:41:33;31.8;0.3;291.9;56.79733989200757;287.71;Module 1,1_10;63.8;9,54;33,53;0,20;6,59;2,95
30,09.2019 09:43:26;32.9;0.42;291.9;79.27728260502505;287.73;Module 1,1_10;88.88;13,82;34,65;0,30;10,55;3,27
30,09.2019 09:45:19;33.7;0.49;291.9;90.89005502293135;287.77;Module 1,1_10;101.71;16,51;35,01;0,36;12,63;3,88
30,09.2019 09:47:25;33.5;0.42;292.4;77.75720741543097;287.84;Module 1,1_10;86.84;14,07;34,50;0,30;10,26;3,81
30,09.2019 09:49:18;32.1;0.27;292.4;54.238972009792505;287.87;Module 1,1_10;60.47;8,67;33,25;0,18;6,14;2,53
30,09.2019 09:51:16;32.2;0.31;292.4;65.09790362038387;287.78;Module 1,1_10;72.45;9,98;33,95;0,24;8,03;1,96
30,09.2019 09:53:13;32.9;0.46;292.4;90.57833519695075;287.72;Module 1,1_10;100.64;15,13;34,91;0,36;12,55;2,58
30,09.2019 09:55:09;34.3;0.63;292.4;123.01385176362405;287.74;Module 1,1_10;136.46;21,61;35,60;0,52;18,44;3,17
30,09.2019 09:57:02;35;0.71;292.4;129.5554485149525;287.88;Module 1,1_10;143.5;24,85;35,70;0,55;19,63;5,22
30,09.2019 09:58:55;36.6;0.56;292.4;104.57347592890072;288.07;Module 1,1_10;115.66;20,50;35,25;0,43;15,08;5,42
30,09.2019 10:00:48;33.7;0.52;294;88.70465496341006;288.16;Module 1,1_10;97.97;17,52;34,57;0,35;12,14;5,38
30,09.2019 10:02:44;32.8;0.39;294;69.55319086153452;288.19;Module 1,1_10;76.71;12,79;33,88;0,26;8,76;4,03
30,09.2019 10:04:43;32.7;0.47;294;84.52323202225237;288.18;Module 1,1_10;93.09;15,37;34,45;0,33;11,40;3,97
30,09.2019 10:06:42;33.1;0.45;294;79.00996477805978;288.14;Module 1,1_10;86.9;14,90;34,26;0,30;10,42;4,47
30,09.2019 10:08:47;32.9;0.49;294;87.72291246257055;288.1;Module 1,1_10;96.35;16,12;34,54;0,35;11,97;4,15
30,09.2019 10:10:40;33.2;0.5;294;89.03233914054844;288.1;Module 1,1_10;97.67;16,60;34,58;0,35;12,20;4,40
30,09.2019 10:12:33;33.2;0.45;294;80.0471808142026;288.08;Module 1,1_10;87.71;14,94;34,30;0,31;10,61;4,33
30,09.2019 10:14:32;32.9;0.44;294;78.59923467215461;288.02;Module 1,1_10;86.02;14,48;34,24;0,30;10,35;4,12
30,09.2019 10:16:28;32.7;0.44;294;77.83797586934647;287.97;Module 1,1_10;85.09;14,39;34,22;0,30;10,22;4,17
30,09.2019 10:18:20;32.9;0.43;294;73.7545044916685;287.93;Module 1,1_10;80.54;14,15;34,06;0,28;9,50;4,65
30,09.2019 10:20:13;32.7;0.45;292.4;78.76379660703594;287.74;Module 1,1_10;85.92;14,72;34,54;0,30;10,44;4,27
30,09.2019 10:22:39;33.1;0.47;292.4;83.71392481342033;287.54;Module 1,1_10;91.2;15,56;34,70;0,33;11,32;4,23
30,09.2019 10:24:33;33.3;0.44;294;77.650261478488;287.54;Module 1,1_10;84.51;14,65;34,21;0,30;10,18;4,47
30,09.2019 10:26:28;34.1;0.65;294;118.8287642965484;287.6;Module 1,1_10;129.2;22,17;35,24;0,50;17,56;4,61
30,09.2019 10:28:22;34.7;0.66;294;121.04904732853743;287.74;Module 1,1_10;131.49;22,90;35,28;0,51;17,96;4,94
30,09.2019 10:30:18;34.6;0.6;294;113.81824909764877;287.86;Module 1,1_10;123.52;20,76;35,15;0,47;16,65;4,11
30,09.2019 10:32:13;34.5;0.68;294;125.06229985633132;287.99;Module 1,1_10;135.6;23,46;35,34;0,53;18,69;4,77
30,09.2019 10:34:12;34.6;0.59;294;110.83999748889276;288.09;Module 1,1_10;120.07;20,41;35,09;0,46;16,11;4,30
30,09.2019 10:36:09;34.3;0.64;294;112.12854632703204;288.15;Module 1,1_10;121.36;21,95;35,12;0,47;16,35;5,60
30,09.2019 10:38:29;34.2;0.6;294;112.96373883302924;288.22;Module 1,1_10;122.14;20,52;35,13;0,47;16,50;4,02
30,09.2019 10:40:23;34.5;0.69;294;131.7612189804924;288.28;Module 1,1_10;142.35;23,80;35,45;0,56;19,91;3,90
30,09.2019 10:42:16;34.6;0.77;294;152.8173764232855;288.32;Module 1,1_10;164.97;26,64;35,72;0,66;23,75;2,90
30,09.2019 10:44:11;34.8;0.7;294;134.94140349756432;288.35;Module 1,1_10;145.56;24,36;35,49;0,58;20,48;3,88
30,09.2019 10:46:08;34.7;0.73;294;142.30001607684343;288.39;Module 1,1_10;153.38;25,33;35,59;0,61;21,82;3,51
30,09.2019 10:48:01;34.6;0.71;294;142.61649584967356;288.42;Module 1,1_10;153.61;24,57;35,60;0,61;21,88;2,68
30,09.2019 10:49:53;34.7;0.77;294.5;153.57738681478943;288.48;Module 1,1_10;165.3;26,72;35,64;0,67;23,83;2,88
30,09.2019 10:51:50;34.9;0.67;294.5;132.4982513664909;288.5;Module 1,1_10;142.51;23,38;35,37;0,57;20,00;3,39
30,09.2019 10:53:46;34.6;0.7;294.5;142.71263299090253;288.54;Module 1,1_10;153.39;24,22;35,51;0,62;21,85;2,37
30,09.2019 10:55:40;34.8;0.85;294.5;164.47210257805813;288.6;Module 1,1_10;176.66;29,58;35,76;0,72;25,83;3,75
30,09.2019 10:57:37;34.9;0.77;294.5;152.07930537978757;288.69;Module 1,1_10;163.24;26,87;35,63;0,66;23,56;3,31
30,09.2019 10:59:32;34.8;0.66;295.5;131.52790346832086;288.75;Module 1,1_10;141.09;22,97;35,18;0,56;19,74;3,23
30,09.2019 11:01:27;34.4;0.59;295.5;121.8064457167996;288.72;Module 1,1_10;130.58;20,30;35,02;0,51;17,99;2,31
30,09.2019 11:03:26;34.5;0.76;294.5;150.32437940310083;288.71;Module 1,1_10;161.05;26,22;35,60;0,65;23,24;2,98
30,09.2019 11:05:19;34.7;0.72;294.5;143.93120260142123;288.73;Module 1,1_10;154.11;24,98;35,52;0,62;22,08;2,91
30,09.2019 11:07:12;35;0.94;294.5;189.78533846070098;288.75;Module 1,1_10;203.09;32,90;35,98;0,85;30,46;2,44
30,09.2019 11:09:11;34.9;0.99;296;191.15086906711838;288.82;Module 1,1_10;204.43;34,55;35,73;0,85;30,51;4,04
30,09.2019 11:11:17;34.6;0.66;296;130.948956615278;288.95;Module 1,1_10;139.96;22,84;35,08;0,56;19,59;3,24
30,09.2019 11:13:15;34.2;0.62;296;120.69686953737371;288.96;Module 1,1_10;128.93;21,20;34,91;0,51;17,75;3,45
30,09.2019 11:15:08;34.3;0.68;296;131.35377278331188;288.94;Module 1,1_10;140.24;23,32;35,09;0,56;19,67;3,66
30,09.2019 11:17:00;34.6;0.78;296;149.18860754819036;288.92;Module 1,1_10;159.2;26,99;35,32;0,65;22,89;4,10
30,09.2019 11:18:53;34.5;0.81;296;157.76790314866992;288.93;Module 1,1_10;168.27;27,95;35,42;0,69;24,44;3,50
30,09.2019 11:20:47;34.6;0.83;296;154.2914397657856;289.01;Module 1,1_10;164.48;28,72;35,38;0,67;23,81;4,91
30,09.2019 11:22:40;34.5;0.66;296;128.68859013332874;289.06;Module 1,1_10;137.12;22,77;35,05;0,55;19,19;3,58
30,09.2019 11:24:40;34.2;0.62;296;118.01149633853566;289.06;Module 1,1_10;125.68;21,20;34,87;0,50;17,27;3,94
30,09.2019 11:26:32;34.1;0.56;296;108.30534736232596;289.03;Module 1,1_10;115.29;19,10;34,69;0,45;15,53;3,56
30,09.2019 11:28:26;33.9;0.55;296;105.77056041171915;288.98;Module 1,1_10;112.54;18,64;34,63;0,44;15,08;3,57
30,09.2019 11:30:19;33.8;0.63;296;124.37870413887768;288.91;Module 1,1_10;132.28;21,29;34,98;0,53;18,41;2,88
30,09.2019 11:32:24;34.4;0.66;296;144.4010384010267;288.86;Module 1,1_10;153.5;22,70;35,27;0,62;22,02;0,68
30,09.2019 11:34:34;35.1;0.98;296;187.65373012498142;288.96;Module 1,1_10;199.38;34,40;35,70;0,84;29,88;4,52
30,09.2019 11:36:27;35.5;0.76;296;152.4889596757107;289.17;Module 1,1_10;161.95;26,98;35,36;0,66;23,48;3,50
30,09.2019 11:38:26;34.9;0.84;296;174.66331812297423;289.32;Module 1,1_10;185.42;29,32;35,59;0,77;27,51;1,81
30,09.2019 11:40:21;35;1.1;296;223.60628533114576;289.39;Module 1,1_10;237.28;38,50;35,95;1,01;36,44;2,06
30,09.2019 11:42:13;35.4;0.86;296.5;175.20851118578824;289.51;Module 1,1_10;185.85;30,44;35,51;0,78;27,55;2,89
30,09.2019 11:44:06;35;0.96;296.5;195.08153585589923;289.51;Module 1,1_10;206.85;33,60;35,67;0,87;31,16;2,44
30,09.2019 11:46:00;35.2;3.33;296.5;330.8834399692787;289.71;Module 1,1_10;350.71;117,22;36,29;1,54;55,97;61,25
30,09.2019 11:48:26;35.1;1.4;296.5;432.5324102661802;289.97;Module 1,1_10;458.23;49,14;36,46;2,04;74,50;-25,36
30,09.2019 11:50:22;35.3;3.87;296.5;803.7829399259823;290.17;Module 1,1_10;851.22;136,61;36,35;3,87;140,73;-4,12
30,09.2019 11:52:17;35.3;1.18;298;245.9018722391046;290.35;Module 1,1_10;260.32;41,65;35,71;1,12;40,16;1,49
30,09.2019 11:54:10;35.2;0.98;298;195.54666050984255;290.56;Module 1,1_10;206.94;34,50;35,41;0,88;31,04;3,46
30,09.2019 11:56:04;34.1;0.65;298;140.76021933047417;290.42;Module 1,1_10;148.91;22,17;34,86;0,61;21,18;0,99
30,09.2019 11:57:57;34.9;1.03;298;230.96938437931772;290.29;Module 1,1_10;244.26;35,95;35,63;1,05;37,45;-1,50
30,09.2019 11:59:51;35.7;1.15;298;239.75802102987575;290.56;Module 1,1_10;253.47;41,05;35,68;1,09;39,04;2,01
30,09.2019 12:01:46;34.8;4.48;298.5;815.1259557844655;290.67;Module 1,1_10;861.46;155,90;35,99;3,93;141,38;14,52
30,09.2019 12:04:21;35.3;4.75;298.5;540.3999701291903;290.86;Module 1,1_10;570.87;167,67;36,16;2,58;93,15;74,52
30,09.2019 12:06:14;35;2.82;298.5;385.424130201548;291.29;Module 1,1_10;407.03;98,70;36,05;1,81;65,32;33,38
30,09.2019 12:08:07;35.3;3.92;300;940.8311480567385;292.03;Module 1,1_10;993.27;138,38;35,57;4,55;161,71;-23,33
30,09.2019 12:10:01;35.2;2;300;344.4223327812919;292.62;Module 1,1_10;363.51;70,40;35,70;1,61;57,51;12,89
30,09.2019 12:11:59;35;1.06;302;218.614925394552;292.69;Module 1,1_10;230.66;37,10;34,84;0,99;34,57;2,53
30,09.2019 12:13:52;34.7;1.12;302;222.48880118530414;292.9;Module 1,1_10;234.68;38,86;34,88;1,01;35,26;3,60
30,09.2019 12:15:47;34.2;1.9;302;781.6460745279908;292.64;Module 1,1_10;824.24;64,98;35,42;3,76;133,36;-68,38
30,09.2019 12:17:54;33.9;1.34;302.5;249.68559684980227;292.3;Module 1,1_10;263.21;45,43;34,93;1,15;40,00;5,42
30,09.2019 12:19:52;34;1.12;302.5;220.02750897710894;292.17;Module 1,1_10;231.88;38,08;34,77;1,00;34,74;3,34
30,09.2019 12:21:45;34.1;1.4;302;347.45054090001355;291.92;Module 1,1_10;366.07;47,74;35,35;1,63;57,51;-9,77
30,09.2019 12:23:38;34.7;4.83;302;960.0075333826749;292.21;Module 1,1_10;1011.19;167,60;35,20;4,64;163,35;4,26
30,09.2019 12:25:39;33.6;1.25;302;240.8675594651032;292.33;Module 1,1_10;253.64;42,00;34,98;1,10;38,53;3,47
30,09.2019 12:27:32;33.5;1.33;302;295.8784829463204;292.2;Module 1,1_10;311.49;44,55;35,21;1,37;48,32;-3,77
30,09.2019 12:29:30;33.9;0.85;302;156.08649184414196;292.32;Module 1,1_10;164.28;28,81;34,32;0,68;23,50;5,31
30,09.2019 12:31:24;32.6;0.62;302.5;125.86509498250186;291.96;Module 1,1_10;132.44;20,21;33,83;0,54;18,16;2,05
30,09.2019 12:33:17;33.5;0.83;302.5;162.91042955687928;291.6;Module 1,1_10;171.38;27,80;34,30;0,72;24,65;3,16
30,09.2019 12:35:17;33.7;0.84;302;166.66820198930017;291.29;Module 1,1_10;175.29;28,31;34,44;0,74;25,37;2,94
30,09.2019 12:37:10;34.2;1.02;302;197.47189698386074;291;Module 1,1_10;207.64;34,88;34,70;0,89;30,82;4,07
30,09.2019 12:39:07;34.4;1.02;302;204.9372064354146;290.91;Module 1,1_10;215.44;35,09;34,76;0,92;32,14;2,95
30,09.2019 12:41:00;34.6;0.95;302;204.14470933060633;290.82;Module 1,1_10;214.56;32,87;34,75;0,92;32,00;0,87
30,09.2019 12:42:58;35;3.86;302;518.9172844750533;290.93;Module 1,1_10;545.27;135,10;35,55;2,47;87,86;47,24
30,09.2019 12:44:53;34.7;1.1;300;226.36509939472384;291.19;Module 1,1_10;237.81;38,17;35,25;1,03;36,28;1,89
30,09.2019 12:46:51;34.9;4.38;300;916.6896415430501;291.42;Module 1,1_10;962.83;152,86;35,61;4,43;157,65;-4,78
30,09.2019 12:48:46;35.1;4.68;300.5;659.0497123511451;292.15;Module 1,1_10;692.08;164,27;35,78;3,16;113,11;51,16
30,09.2019 12:50:48;34;1.28;300.5;276.38980209455997;292.79;Module 1,1_10;290.18;43,52;35,41;1,28;45,17;-1,65
30,09.2019 12:52:46;34.7;1.25;300.5;821.9633170476113;292.74;Module 1,1_10;862.8;43,38;35,64;3,96;141,22;-97,84
30,09.2019 12:54:39;34.2;3.81;302;932.7832155912588;293.16;Module 1,1_10;978.94;130,30;35,24;4,51;158,82;-28,52
30,09.2019 12:56:32;33.7;2.49;302;654.2246823127923;293.34;Module 1,1_10;686.47;83,91;35,52;3,14;111,47;-27,56
30,09.2019 12:58:25;33.7;4.97;303.5;963.8672601977077;293.32;Module 1,1_10;1011.19;167,49;34,94;4,66;162,79;4,70
30,09.2019 13:00:17;34.6;5.17;303.5;1010.4096823278601;293.42;Module 1,1_10;1059.83;178,88;34,87;4,89;170,42;8,46
30,09.2019 13:02:18;32.5;1.07;303.5;212.04046654038308;293.23;Module 1,1_10;222.37;34,77;34,54;0,96;33,17;1,61
30,09.2019 13:04:12;33.4;1.35;303.5;256.00505417194915;292.77;Module 1,1_10;268.43;45,09;34,78;1,18;40,93;4,16
30,09.2019 13:06:09;33.9;3.34;303.5;770.9336247793797;292.42;Module 1,1_10;808.21;113,23;35,17;3,71;130,58;-17,36
30,09.2019 13:07:52;35;2.59;303.5;539.7370821501263;293.11;Module 1,1_10;565.75;90,65;35,29;2,57;90,86;-0,21
30,09.2019 13:09:52;34.1;5.23;303.5;1013.7146845727655;293.46;Module 1,1_10;1062.39;178,34;34,86;4,90;170,96;7,39
30,09.2019 13:11:48;34;0.99;303.5;197.2232893389043;293.41;Module 1,1_10;206.66;33,66;34,43;0,89;30,56;3,10
30,09.2019 13:13:44;33.8;1.27;303.5;252.64329043478523;292.89;Module 1,1_10;264.69;42,93;34,77;1,16;40,34;2,59
30,09.2019 13:15:37;34.6;1.4;303.5;284.90002430643955;292.56;Module 1,1_10;298.44;48,44;34,90;1,32;46,04;2,40
30,09.2019 13:17:33;34.6;1.85;303.5;410.6199633403879;292.6;Module 1,1_10;430.07;64,01;35,20;1,94;68,24;-4,23
30,09.2019 13:19:27;34.4;2.83;303.5;332.4529388207965;293.14;Module 1,1_10;348.15;97,35;35,05;1,55;54,45;42,91
30,09.2019 13:21:33;33.9;1.56;303.5;302.6782668683026;293.67;Module 1,1_10;316.92;52,88;34,96;1,41;49,18;3,70
30,09.2019 13:23:34;33.8;1.72;302.5;337.44410024356637;293.59;Module 1,1_10;353.27;58,14;35,24;1,58;55,59;2,54
30,09.2019 13:25:26;34.6;1.84;302.5;315.47791375131385;293.9;Module 1,1_10;330.23;63,66;35,18;1,47;51,69;11,97
30,09.2019 13:27:21;33.5;0.84;303.5;159.7997338576823;293.5;Module 1,1_10;167.25;28,14;34,09;0,70;23,99;4,15
30,09.2019 13:29:18;32.9;0.76;303.5;142.28583519847615;292.93;Module 1,1_10;148.9;25,00;33,88;0,62;20,93;4,07
30,09.2019 13:31:13;33.5;0.62;303.5;127.29925298709611;292.46;Module 1,1_10;133.2;20,77;33,67;0,54;18,33;2,44
30,09.2019 13:33:07;34.2;0.68;302.5;140.07488367589025;291.92;Module 1,1_10;146.55;23,26;34,04;0,61;20,64;2,62
30,09.2019 13:35:01;34.4;1.05;302.5;207.8764525272122;291.57;Module 1,1_10;217.46;36,12;34,69;0,94;32,59;3,53
30,09.2019 13:38:35;35.5;1.73;302;352.45979264414615;291.87;Module 1,1_10;368.63;61,41;35,37;1,65;58,40;3,02
30,09.2019 13:40:30;35.2;1.77;302;310.90233760304454;292.26;Module 1,1_10;325.13;62,30;35,26;1,45;51,00;11,30
30,09.2019 13:42:28;34.4;5.06;302;1020.9084360166348;292.48;Module 1,1_10;1067.51;174,06;35,11;4,94;173,40;0,66
30,09.2019 13:44:31;35.1;4.76;302;922.0868773871841;293.2;Module 1,1_10;964.07;167,08;35,26;4,45;157,04;10,04
30,09.2019 13:46:24;34.8;5.16;302.5;1038.2650887893196;294.19;Module 1,1_10;1085.43;179,57;35,00;5,02;175,82;3,75
30,09.2019 13:48:25;33.9;5.32;302.5;1075.107403835796;295.39;Module 1,1_10;1123.83;180,35;34,94;5,20;181,82;-1,47
30,09.2019 13:50:30;32.9;1.58;302.5;311.975256008686;296.06;Module 1,1_10;326.08;51,98;35,17;1,45;51,07;0,91
30,09.2019 13:53:06;32.7;1.99;306;389.471872003228;295.54;Module 1,1_10;407.03;65,07;34,73;1,84;63,74;1,34
30,09.2019 13:55:03;33.3;5.48;306;492.3976350436967;295.9;Module 1,1_10;514.55;182,48;34,84;2,34;81,59;100,89
30,09.2019 13:57:29;33.3;2.14;308.1;470.39981665929446;296.31;Module 1,1_10;491.51;71,26;34,45;2,23;76,98;-5,72
30,09.2019 13:59:27;32.9;2.3;308.1;694.3688552630027;296.01;Module 1,1_10;725.47;75,67;34,44;3,34;114,91;-39,24
30,09.2019 14:01:22;34;1.89;308.1;1009.5727270181737;295.65;Module 1,1_10;1054.71;64,26;34,08;4,88;166,40;-102,14
30,09.2019 14:03:15;33.6;1.32;308.1;261.90072399421103;295.53;Module 1,1_10;273.59;44,35;33,98;1,21;41,05;3,31
30,09.2019 14:05:13;33.7;2.57;308.1;571.0276145572361;295.05;Module 1,1_10;596.47;86,61;34,48;2,73;94,14;-7,53
30,09.2019 14:07:09;34.4;3.93;308.1;297.257147521141;294.9;Module 1,1_10;310.48;135,19;34,13;1,38;47,16;88,04
30,09.2019 14:09:02;33.6;2.27;308.1;360.3068974611212;294.82;Module 1,1_10;376.31;76,27;34,30;1,69;58,05;18,22
30,09.2019 14:11:00;33.9;1.01;306.5;205.5637224041601;294.67;Module 1,1_10;214.68;34,24;33,95;0,93;31,57;2,67
30,09.2019 14:12:57;33.8;1.01;306.5;205.44220563125458;294.27;Module 1,1_10;214.54;34,14;33,95;0,93;31,55;2,59
30,09.2019 14:14:53;34.8;2.21;306.5;416.7592769259832;294.02;Module 1,1_10;435.19;76,91;34,68;1,97;68,31;8,59
30,09.2019 14:16:47;34.3;4.81;306;468.26758878655136;293.97;Module 1,1_10;488.95;164,98;34,82;2,22;77,42;87,56
30,09.2019 14:18:44;34.9;1.47;306;292.16168855377384;293.77;Module 1,1_10;305.05;51,30;34,48;1,36;46,76;4,55
30,09.2019 14:21:08;34;2.23;303.5;460.96400185602795;293.51;Module 1,1_10;481.27;75,82;35,25;2,19;77,09;-1,27
30,09.2019 14:23:01;34.7;5.46;303.5;752.2469801206746;294.02;Module 1,1_10;785.35;189,46;35,20;3,62;127,41;62,05
30,09.2019 14:24:54;33.8;1.66;303.5;345.7498470181258;294.12;Module 1,1_10;360.95;56,11;35,09;1,62;56,80;-0,69
30,09.2019 14:27:38;34.5;1.37;303.5;243.31686518271485;294.42;Module 1,1_10;254;47,27;34,72;1,11;38,69;8,58
30,09.2019 14:29:40;33.1;0.64;303.5;122.46756168135327;294.15;Module 1,1_10;127.84;21,18;33,59;0,52;17,49;3,69
30,09.2019 14:31:45;32.8;0.58;303.5;115.04714461363065;293.77;Module 1,1_10;120.09;19,02;33,46;0,48;16,21;2,81
30,09.2019 14:33:42;33.7;1.87;303.5;268.54677988900465;293.41;Module 1,1_10;280.31;63,02;34,84;1,24;43,15;19,87
30,09.2019 14:35:38;34.5;0.98;303.5;188.94840530754925;293.56;Module 1,1_10;197.22;33,81;34,37;0,85;29,10;4,71
30,09.2019 14:37:37;34;1.45;303.5;291.112820260924;293.55;Module 1,1_10;303.85;49,30;34,92;1,35;47,14;2,16
30,09.2019 14:39:47;35;1.38;303.5;283.79903596965954;293.34;Module 1,1_10;296.21;48,30;34,90;1,31;45,84;2,46
30,09.2019 14:41:45;35.8;4.01;302.5;605.8262005244782;293.44;Module 1,1_10;632.31;143,56;35,46;2,90;102,82;40,74
30,09.2019 14:43:41;34.8;1.8;302.5;375.26981012984476;293.57;Module 1,1_10;391.67;62,64;35,32;1,76;62,31;0,33
30,09.2019 14:45:43;35.4;2.41;302.5;419.42430626748506;293.6;Module 1,1_10;437.75;85,31;35,39;1,98;70,12;15,19
30,09.2019 14:47:37;34;1.08;302.5;216.58801868591837;293.25;Module 1,1_10;226.05;36,72;34,74;0,98;34,13;2,59
30,09.2019 14:49:38;34.2;1.43;302.5;280.26689500855434;293.01;Module 1,1_10;292.51;48,91;35,06;1,30;45,44;3,47
30,09.2019 14:51:43;34.4;1.14;302.5;230.56772594445596;292.67;Module 1,1_10;240.64;39,22;34,83;1,05;36,61;2,61
30,09.2019 14:53:43;34.6;1.66;302.5;321.31211529928936;292.67;Module 1,1_10;335.35;57,44;35,20;1,50;52,73;4,71
30,09.2019 14:55:54;35.1;3.48;302.5;527.3458244598908;292.72;Module 1,1_10;550.39;122,15;35,46;2,51;89,12;33,02
30,09.2019 14:58:05;34.2;1.1;302.5;228.56880856495255;292.75;Module 1,1_10;238.56;37,62;34,82;1,04;36,25;1,37
30,09.2019 15:00:01;34.1;0.89;302;177.87207057163346;292.59;Module 1,1_10;185.65;30,35;34,54;0,79;27,35;3,00
30,09.2019 15:02:08;34.2;1.02;302;205.91160060253225;292.21;Module 1,1_10;214.92;34,88;34,77;0,93;32,31;2,57
30,09.2019 15:04:52;34.5;1.34;302;266.48270809210186;292;Module 1,1_10;278.15;46,23;35,09;1,23;43,09;3,14
30,09.2019 15:06:50;34.6;1.75;302;372.77813407040173;292.08;Module 1,1_10;389.11;60,55;35,41;1,75;62,01;-1,46
30,09.2019 15:09:23;34.7;1.44;300.5;287.19533198810734;292.55;Module 1,1_10;299.79;49,97;35,45;1,33;47,11;2,86
30,09.2019 15:11:18;34.4;1.33;300.5;260.669127834219;292.73;Module 1,1_10;272.11;45,75;35,34;1,20;42,35;3,40
30,09.2019 15:14:10;34.3;1.34;300.5;264.0064705965347;292.61;Module 1,1_10;275.61;45,96;35,35;1,21;42,95;3,01
30,09.2019 15:16:07;34.2;1.23;300.5;246.82994056763235;292.62;Module 1,1_10;257.69;42,07;35,27;1,13;39,87;2,20
30,09.2019 15:18:09;34.2;1.21;300.5;242.39242811214888;292.54;Module 1,1_10;253.07;41,38;35,25;1,11;39,07;2,31
30,09.2019 15:20:16;34.2;1.16;300.5;234.09407878471492;292.42;Module 1,1_10;244.42;39,67;35,20;1,07;37,58;2,09
30,09.2019 15:22:39;34.8;1.92;300.5;502.5844727676406;292.49;Module 1,1_10;524.79;66,82;35,80;2,39;85,59;-18,77
30,09.2019 15:24:35;37;3.44;300.5;283.4389536520885;293.37;Module 1,1_10;295.98;127,28;35,43;1,31;46,43;80,85
30,09.2019 15:27:15;33.6;1.14;300.5;220.67523194723955;293.32;Module 1,1_10;230.46;38,30;35,13;1,00;35,18;3,12
30,09.2019 15:29:03;33.8;1.05;302;205.16883464027583;293.05;Module 1,1_10;214.28;35,49;34,76;0,93;32,18;3,31
30,09.2019 15:31:38;33.3;0.87;302;166.21156169318837;292.8;Module 1,1_10;173.61;28,97;34,43;0,73;25,29;3,68
30,09.2019 15:33:56;33.6;0.68;301.5;137.40996156408113;292.46;Module 1,1_10;143.54;22,85;34,18;0,59;20,27;2,58
30,09.2019 15:36:14;33.8;0.62;301.5;132.68668946633395;291.88;Module 1,1_10;138.62;20,96;34,11;0,57;19,44;1,52
30,09.2019 15:38:15;34.1;0.77;300.5;160.74626129439244;291.65;Module 1,1_10;167.95;26,26;34,64;0,71;24,49;1,77
30,09.2019 15:40:59;34.5;0.78;300.5;156.77234803471134;291.43;Module 1,1_10;163.82;26,91;34,60;0,69;23,78;3,13
30,09.2019 15:43:32;34;0.66;300;132.801439286797;291.19;Module 1,1_10;138.79;22,44;34,38;0,57;19,59;2,85
30,09.2019 15:46:18;33.9;0.73;300;142.223689079989;290.96;Module 1,1_10;148.66;24,75;34,52;0,62;21,25;3,49
30,09.2019 15:49:03;33.7;0.55;298.5;114.96763185607105;290.86;Module 1,1_10;120.19;18,54;34,37;0,48;16,55;1,99
30,09.2019 15:51:15;34.2;0.8;298.5;152.21392194412329;290.75;Module 1,1_10;159.15;27,36;34,91;0,66;23,18;4,18
30,09.2019 15:53:22;34.3;0.93;298;189.41158332200703;290.66;Module 1,1_10;198.07;31,90;35,36;0,85;29,93;1,97
30,09.2019 15:55:16;34.9;1.01;298;202.71606114927275;290.67;Module 1,1_10;212.01;35,25;35,46;0,91;32,33;2,91
30,09.2019 15:57:23;34.9;1.06;298;213.4218381916499;290.75;Module 1,1_10;223.24;36,99;35,53;0,96;34,27;2,72
30,09.2019 15:59:27;35.9;0.95;298;195.76303727615547;290.86;Module 1,1_10;204.8;34,10;35,41;0,88;31,08;3,03
30,09.2019 16:01:52;34.4;0.85;298;172.8568383977667;290.92;Module 1,1_10;180.87;29,24;35,21;0,77;26,94;2,30
30,09.2019 16:03:56;35.8;0.82;298;180.15715100237188;291.13;Module 1,1_10;188.54;29,36;35,28;0,80;28,26;1,10
30,09.2019 16:05:59;33.5;0.63;298;123.0904827011293;291.16;Module 1,1_10;128.84;21,11;34,59;0,52;18,03;3,08
30,09.2019 16:08:00;33.3;0.52;298;102.49381441727084;291;Module 1,1_10;107.3;17,32;34,20;0,42;14,38;2,94
30,09.2019 16:10:28;33.1;0.43;298;89.80777816623923;290.88;Module 1,1_10;94.04;14,23;33,88;0,36;12,15;2,08
30,09.2019 16:12:57;33.4;0.5;298;99.90733970007516;290.6;Module 1,1_10;104.64;16,70;34,14;0,41;13,92;2,78
30,09.2019 16:14:54;33.3;0.67;298;131.3228727836629;290.5;Module 1,1_10;137.57;22,31;34,73;0,56;19,49;2,82
30,09.2019 16:17:28;34.2;0.67;296.5;138.64645653493764;290.58;Module 1,1_10;145.28;22,91;35,10;0,60;20,94;1,98
30,09.2019 16:19:37;36.1;0.7;296.5;146.84885775806265;290.74;Module 1,1_10;153.91;25,27;35,20;0,64;22,41;2,86
30,09.2019 16:21:46;34.1;0.63;298;143.4372643567431;290.77;Module 1,1_10;150.37;21,48;34,89;0,62;21,66;-0,18
30,09.2019 16:23:58;33.7;0.52;298;109.37474032044432;290.71;Module 1,1_10;114.69;17,52;34,34;0,45;15,59;1,93
30,09.2019 16:26:23;33.6;0.65;296.5;132.15771371847597;290.69;Module 1,1_10;138.62;21,84;35,01;0,56;19,77;2,07
30,09.2019 16:28:09;33.9;0.7;296.5;139.37306854268124;290.71;Module 1,1_10;146.22;23,73;35,11;0,60;21,07;2,66
30,09.2019 16:30:12;34.2;0.75;296.5;156.5560847971806;290.71;Module 1,1_10;164.29;25,65;35,32;0,68;24,17;1,48
30,09.2019 16:32:06;34.4;0.92;296.5;199.94999476874426;290.81;Module 1,1_10;209.88;31,65;35,70;0,90;32,05;-0,40
30,09.2019 16:33:59;37.3;0.86;296.5;183.80261596650072;290.98;Module 1,1_10;192.98;32,08;35,58;0,82;29,11;2,97
30,09.2019 16:36:00;34.4;0.73;298;156.9374504021246;291.04;Module 1,1_10;164.82;25,11;35,05;0,69;24,08;1,03
30,09.2019 16:38:44;34.8;0.62;298;138.51482580131653;290.92;Module 1,1_10;145.53;21,58;34,83;0,60;20,78;0,80
30,09.2019 16:41:30;33.4;0.49;298;103.38802604884991;290.67;Module 1,1_10;108.67;16,37;34,22;0,42;14,54;1,83
30,09.2019 16:43:48;33.3;0.5;298;103.55947924796236;290.52;Module 1,1_10;108.89;16,65;34,23;0,43;14,57;2,08
30,09.2019 16:45:56;33.3;0.63;296.5;131.7687515473236;290.5;Module 1,1_10;138.6;20,98;35,00;0,56;19,70;1,28
30,09.2019 16:48:01;34.8;0.77;296.5;157.75270186250688;290.61;Module 1,1_10;165.99;26,80;35,33;0,69;24,39;2,41
30,09.2019 16:50:10;34.4;0.78;296.5;159.71635250589486;290.72;Module 1,1_10;168.12;26,83;35,35;0,70;24,74;2,09
30,09.2019 16:52:13;34.5;0.94;296.5;210.81460491833997;290.76;Module 1,1_10;221.99;32,43;35,78;0,95;34,03;-1,60
30,09.2019 16:54:14;37.8;1.38;296.5;422.84503854703735;291.03;Module 1,1_10;445.43;52,16;36,45;2,00;72,74;-20,57
30,09.2019 16:56:09;35;1.42;298;292.1600160152378;291.45;Module 1,1_10;307.88;49,70;35,91;1,35;48,56;1,14
30,09.2019 16:58:40;36.7;1.59;298;721.8143297050899;292.21;Module 1,1_10;761.04;58,35;36,17;3,47;125,48;-67,13
30,09.2019 17:00:45;36.5;1.45;300;646.441627372621;292.81;Module 1,1_10;681.87;52,92;35,88;3,10;111,18;-58,25
30,09.2019 17:02:52;34.3;1.35;300;279.27827306063045;293.39;Module 1,1_10;294.72;46,30;35,51;1,29;45,79;0,51
30,09.2019 17:04:44;34.6;1.22;300.5;243.46069382625473;293.29;Module 1,1_10;257.03;42,21;35,26;1,11;39,26;2,95
30,09.2019 17:06:38;34.1;0.91;300.5;186.05355976838354;292.86;Module 1,1_10;196.51;31,03;34,88;0,83;28,99;2,04
30,09.2019 17:08:31;33.5;0.74;300.5;143.71448871936286;292.39;Module 1,1_10;151.86;24,79;34,45;0,62;21,47;3,32
30,09.2019 17:10:42;33.1;0.64;300;120.3971135759993;292.01;Module 1,1_10;127.29;21,18;34,19;0,51;17,40;3,79
30,09.2019 17:12:36;33.1;0.57;300;109.9863516041761;291.68;Module 1,1_10;116.34;18,87;34,00;0,46;15,57;3,30
30,09.2019 17:14:38;33.1;0.48;298.5;94.591585746232;291.42;Module 1,1_10;100.11;15,89;33,92;0,38;12,96;2,92
30,09.2019 17:16:33;32.6;0.47;298.5;92.85131239365822;291.16;Module 1,1_10;98.32;15,32;33,88;0,37;12,66;2,66
30,09.2019 17:18:32;33.2;0.5;298.5;101.66167034866379;290.96;Module 1,1_10;107.71;16,60;34,09;0,42;14,20;2,40
30,09.2019 17:20:28;33.4;0.51;298;101.13219470457507;290.86;Module 1,1_10;107.21;17,03;34,17;0,41;14,14;2,89
30,09.2019 17:22:27;33.1;0.55;298;108.24537215492794;290.7;Module 1,1_10;114.82;18,21;34,32;0,45;15,39;2,81
30,09.2019 17:24:20;33.2;0.62;296.5;119.86417510852182;290.64;Module 1,1_10;127.22;20,58;34,81;0,50;17,56;3,02
30,09.2019 17:26:37;33.3;0.65;296.5;124.55738004552417;290.59;Module 1,1_10;132.3;21,64;34,89;0,53;18,40;3,24
30,09.2019 17:28:31;33.2;0.6;296.5;116.03741931516694;290.59;Module 1,1_10;123.33;19,92;34,74;0,49;16,88;3,04
30,09.2019 17:30:28;33.1;0.57;296.5;113.15597894479464;290.55;Module 1,1_10;120.35;18,87;34,69;0,47;16,36;2,50
30,09.2019 17:32:29;33.3;0.59;296.5;115.2618658833536;290.53;Module 1,1_10;122.68;19,65;34,73;0,48;16,74;2,91
30,09.2019 17:35:14;33.1;0.54;296.5;106.15914392024409;290.49;Module 1,1_10;113.11;17,87;34,55;0,44;15,12;2,76
30,09.2019 17:37:15;33.1;0.54;296.5;101.29104900117478;290.42;Module 1,1_10;108.01;17,87;34,45;0,41;14,25;3,62
30,09.2019 17:39:10;32.6;0.46;296.5;86.96754929464876;290.43;Module 1,1_10;92.81;15,00;34,07;0,34;11,72;3,27
30,09.2019 17:41:10;32.8;0.42;296.5;77.19331097904444;290.42;Module 1,1_10;82.45;13,78;33,75;0,30;10,01;3,76
30,09.2019 17:43:06;32.9;0.52;296.5;227.9843715410384;290.46;Module 1,1_10;243.72;17,11;35,88;1,04;37,16;-20,05
30,09.2019 17:45:01;34.7;0.58;296.5;206.59422077282142;290.92;Module 1,1_10;221.05;20,13;35,75;0,93;33,26;-13,13
30,09.2019 17:46:56;37.4;0.75;296.5;423.08727807116344;291.41;Module 1,1_10;453.11;28,05;36,45;2,00;72,78;-44,73
30,09.2019 17:49:10;34.3;0.89;298.5;175.18768280718677;291.82;Module 1,1_10;187.83;30,53;35,15;0,78;27,30;3,22
30,09.2019 17:51:22;34.4;1.09;298.5;333.88097878625183;292.13;Module 1,1_10;358.39;37,50;35,94;1,56;56,00;-18,50
30,09.2019 17:53:20;34;0.99;298.5;388.3144126872389;292.35;Module 1,1_10;417.27;33,66;36,05;1,83;65,84;-32,18
30,09.2019 17:55:21;39.7;0.87;298.5;373.58809486373235;292.85;Module 1,1_10;401.91;34,54;36,02;1,75;63,18;-28,64
30,09.2019 17:57:20;35.2;0.81;298.5;163.4313463099573;293.16;Module 1,1_10;176.03;28,51;35,03;0,72;25,19;3,32
30,09.2019 17:59:13;33.7;0.74;300.5;142.26290093802533;292.88;Module 1,1_10;153.41;24,94;34,42;0,62;21,21;3,72
30,09.2019 18:01:05;33.3;0.69;300.5;129.71596387302446;292.53;Module 1,1_10;140.05;22,98;34,25;0,55;19,00;3,98
30,09.2019 18:03:15;33.1;0.56;300;103.61046340407422;292.14;Module 1,1_10;112.03;18,54;33,87;0,43;14,46;4,08
30,09.2019 18:05:12;32.5;0.45;300;82.59383788560783;291.8;Module 1,1_10;89.43;14,63;33,30;0,32;10,81;3,81
30,09.2019 18:07:16;32.3;0.4;300;74.76635894290021;291.56;Module 1,1_10;81.08;12,92;33,02;0,29;9,47;3,45
30,09.2019 18:09:10;32.1;0.35;298;64.1399045289978;291.25;Module 1,1_10;69.66;11,23;32,91;0,23;7,72;3,52
30,09.2019 18:11:06;31.8;0.33;298;59.800069573307276;291.05;Module 1,1_10;65.05;10,49;32,66;0,21;6,98;3,51
30,09.2019 18:13:01;35.5;0.48;296.5;178.42472968435402;290.85;Module 1,1_10;194.41;17,04;35,53;0,79;28,13;-11,09
30,09.2019 18:15:00;34.7;0.58;296.5;112.17982897504686;290.78;Module 1,1_10;122.45;20,13;34,67;0,47;16,19;3,94
30,09.2019 18:17:02;33;0.59;296.5;107.91178179211146;290.72;Module 1,1_10;118.02;19,47;34,59;0,45;15,43;4,04
30,09.2019 18:18:56;32.9;0.54;298;146.42781241793938;290.67;Module 1,1_10;160.45;17,77;34,93;0,64;22,19;-4,43
30,09.2019 18:20:52;36.1;0.48;298;90.04500870764527;290.75;Module 1,1_10;98.87;17,33;33,89;0,36;12,19;5,13
30,09.2019 18:22:51;32.8;0.48;298;85.91091457160192;290.69;Module 1,1_10;94.54;15,74;33,77;0,34;11,47;4,27
30,09.2019 18:24:55;32.7;0.45;296.5;82.6189867002576;290.71;Module 1,1_10;91.14;14,72;33,94;0,32;10,96;3,75
30,09.2019 18:26:50;32.5;0.46;296.5;83.94001931406771;290.71;Module 1,1_10;92.82;14,95;33,98;0,33;11,19;3,76
30,09.2019 18:28:46;32.3;0.47;296.5;89.1369836066791;290.67;Module 1,1_10;98.82;15,18;34,13;0,35;12,11;3,08
30,09.2019 18:30:39;32.7;0.44;296.5;80.67853738127734;290.65;Module 1,1_10;89.68;14,39;33,87;0,31;10,62;3,77
30,09.2019 18:32:43;32;0.37;296;67.17394625506532;290.62;Module 1,1_10;74.9;11,84;33,41;0,25;8,29;3,55
30,09.2019 18:34:36;31.9;0.34;296;65.06789806175509;290.6;Module 1,1_10;72.77;10,85;33,30;0,24;7,93;2,92
30,09.2019 18:36:49;32.2;0.39;296;72.26007340155596;290.53;Module 1,1_10;81.12;12,56;33,64;0,27;9,17;3,39
30,09.2019 18:39:17;32.6;0.39;294.5;73.9437602631109;290.46;Module 1,1_10;83.39;12,71;33,98;0,28;9,52;3,20
30,09.2019 18:41:11;32.7;0.5;294.5;87.19628504246185;290.43;Module 1,1_10;98.71;16,35;34,44;0,34;11,85;4,50
30,09.2019 18:43:04;32.8;0.57;296;102.5578898708008;290.49;Module 1,1_10;116.57;18,70;34,56;0,42;14,51;4,19
30,09.2019 18:44:59;33.5;0.58;296;102.87632036528035;290.5;Module 1,1_10;117.45;19,43;34,57;0,42;14,56;4,87
30,09.2019 18:47:05;33.1;0.53;296;96.35215578478297;290.54;Module 1,1_10;110.58;17,54;34,41;0,39;13,41;4,14
30,09.2019 18:48:58;32.9;0.47;296;87.17532917433739;290.46;Module 1,1_10;100.56;15,46;34,16;0,34;11,78;3,68
30,09.2019 18:50:58;32.6;0.39;296;71.27156559502075;290.38;Module 1,1_10;82.7;12,71;33,60;0,27;9,00;3,71
30,09.2019 18:52:54;32.4;0.37;296;67.121601877914;290.25;Module 1,1_10;78.37;11,99;33,41;0,25;8,28;3,70
30,09.2019 18:55:36;32.3;0.34;296;62.12413708410243;290.08;Module 1,1_10;73.24;10,98;33,15;0,22;7,42;3,56
30,09.2019 18:57:34;32.1;0.29;296;50.82983580802347;289.94;Module 1,1_10;60.4;9,31;32,34;0,17;5,51;3,80
30,09.2019 18:59:28;31.9;0.28;296;46.73949519864009;289.8;Module 1,1_10;56.01;8,93;31,92;0,15;4,83;4,10
30,09.2019 19:01:25;22.6;0.42;296;47.02781349783127;289.64;Module 1,1_10;56.9;9,49;31,95;0,15;4,88;4,62
30,09.2019 19:03:33;32.1;0.26;292.4;44.77569238962217;289.53;Module 1,1_10;54.82;8,35;32,27;0,14;4,54;3,81
30,09.2019 19:05:32;31.5;0.29;292.4;44.5755140111694;289.49;Module 1,1_10;55.26;9,13;32,25;0,14;4,50;4,63
30,09.2019 19:07:55;35.4;0.26;294.5;42.812150716839554;289.46;Module 1,1_10;54;9,20;31,66;0,13;4,20;5,01
30,09.2019 19:09:54;32;0.31;294.5;49.67020748028541;289.47;Module 1,1_10;63.71;9,92;32,48;0,16;5,33;4,59
30,09.2019 19:11:47;34.2;0.35;294.5;53.875529995504934;289.53;Module 1,1_10;70.39;11,97;32,86;0,18;6,05;5,92
30,09.2019 19:13:43;32.8;0.3;294.5;44.02740775211238;289.56;Module 1,1_10;58.81;9,84;31,83;0,14;4,40;5,44
30,09.2019 19:15:37;32.1;0.27;294.5;43.99430685910336;289.57;Module 1,1_10;60.3;8,67;31,83;0,14;4,39;4,28
30,09.2019 19:17:37;31.9;0.23;294;39.55997924079279;289.61;Module 1,1_10;56.03;7,34;31,16;0,12;3,67;3,67
30,09.2019 19:19:36;31.3;0.22;294;37.73942959878645;289.68;Module 1,1_10;55.65;6,89;30,77;0,11;3,38;3,51
30,09.2019 19:21:37;31.4;0.21;294;28.848153236646404;289.73;Module 1,1_10;44.82;6,59;26,81;0,08;2,03;4,56
30,09.2019 19:23:29;31.1;0.2;294;24.936325924835884;289.7;Module 1,1_10;41.27;6,22;23,53;0,06;1,52;4,70
30,09.2019 19:25:26;30.8;0.22;294;24.511991117891128;289.67;Module 1,1_10;44.38;6,78;23,15;0,06;1,47;5,30
30,09.2019 19:27:28;31;0.16;294;15.112479706402919;289.6;Module 1,1_10;31.41;4,96;14,30;0,04;0,56;4,40
30,09.2019 19:29:27;31.2;0.09;294;7.86879445429949;289.5;Module 1,1_10;20.41;2,81;7,45;0,02;0,15;2,66
30,09.2019 19:31:23;30.8;0.07;294;4.151505069385613;289.31;Module 1,1_10;16.57;2,16;3,93;0,01;0,04;2,11
30,09.2019 19:33:22;30.5;0;294;2.603153950399066;289.1;Module 1,1_10;13.55;0,00;2,46;0,01;0,02;-0,02
30,09.2019 19:35:49;28.8;0;291.9;2.111340362722194;288.85;Module 1,1_10;10.99;0,00;2,00;0,01;0,01;-0,01
30,09.2019 19:37:37;29;0;291.9;1.8923296244598373;288.7;Module 1,1_10;9.85;0,00;1,79;0,00;0,01;-0,01
30,09.2019 19:39:31;29.8;0;291.9;1.704057235427285;288.56;Module 1,1_10;8.87;0,00;1,61;0,00;0,01;-0,01
30,09.2019 19:41:29;29.6;0;291.9;0.0001;288.4;Module 1,1_10;7.51;0,00;0,00;0,00;0,00;0,00
30,09.2019 19:43:43;28.8;0;291.9;0.0001;288.24;Module 1,1_10;6.42;0,00;0,00;0,00;0,00;0,00
30,09.2019 19:45:39;27.2;0;289.9;0.0001;288.1;Module 1,1_10;5.43;0,00;0,00;0,00;0,00;0,00
30,09.2019 19:47:33;28.3;0;289.9;0.0001;287.96;Module 1,1_10;4.25;0,00;0,00;0,00;0,00;0,00
30,09.2019 19:49:31;29;0;289.9;0.0001;287.88;Module 1,1_10;3.89;0,00;0,00;0,00;0,00;0,00
30,09.2019 19:51:25;32;0;290.4;0.0001;287.77;Module 1,1_10;2.59;0,00;0,00;0,00;0,00;0,00
30,09.2019 19:53:30;31.2;0;290.4;0.0001;287.67;Module 1,1_10;1.52;0,00;0,00;0,00;0,00;0,00
30,09.2019 19:55:27;30.1;0;290.4;0.0001;287.6;Module 1,1_10;1.35;0,00;0,00;0,00;0,00;0,00
30,09.2019 19:57:28;27.8;0;290.4;0.0001;287.57;Module 1,1_10;0.7;0,00;0,00;0,00;0,00;0,00
30,09.2019 19:59:21;25.5;0;290.4;0.0001;287.52;Module 1,1_10;-0.01;0,00;0,00;0,00;0,00;0,00
30,09.2019 20:01:24;25.5;0;290.4;0.0001;287.46;Module 1,1_10;-0.01;0,00;0,00;0,00;0,00;0,00
30,09.2019 20:03:25;25.5;0;290.4;0.0001;287.4;Module 1,1_10;-0.01;0,00;0,00;0,00;0,00;0,00
01,10.2019 08:27:56;32.4;0;282.4;9.138932574997282;282.85;Module 1,1_10;13.44;0,00;8,61;0,02;0,20;-0,20
01,10.2019 08:29:55;32.5;0;282.4;11.126571067142827;282.83;Module 1,1_10;15.99;0,00;10,48;0,03;0,30;-0,30
01,10.2019 08:31:49;32.4;0.09;284.4;14.30584455903777;282.83;Module 1,1_10;20.16;2,92;13,49;0,04;0,50;2,42
01,10.2019 08:33:45;32.3;0.12;284.4;19.439350959531748;282.88;Module 1,1_10;26.91;3,88;18,33;0,05;0,92;2,96
01,10.2019 08:35:40;32.6;0.13;284.4;21.020684242270875;282.96;Module 1,1_10;28.64;4,24;19,82;0,05;1,07;3,16
01,10.2019 08:37:33;32.5;0.13;285.9;21.863605595231135;283.01;Module 1,1_10;29.37;4,23;20,63;0,06;1,16;3,06
01,10.2019 08:39:59;32;0.14;285.9;23.27764451201534;283.1;Module 1,1_10;30.76;4,48;21,95;0,06;1,32;3,16
01,10.2019 08:42:04;32.4;0.14;285.9;23.788478709979653;283.17;Module 1,1_10;31.04;4,54;22,43;0,06;1,38;3,16
01,10.2019 08:43:57;32.8;0.14;285.9;24.93697899015842;283.22;Module 1,1_10;32.2;4,59;23,50;0,06;1,51;3,08
01,10.2019 08:46:01;32.9;0.16;285.9;27.236328801959278;283.27;Module 1,1_10;34.8;5,26;25,61;0,07;1,81;3,46
01,10.2019 08:47:54;33;0.16;286.4;29.255457780401688;283.32;Module 1,1_10;37.05;5,28;27,34;0,08;2,08;3,20
01,10.2019 08:49:48;32.9;0.15;286.4;28.089962088503654;283.37;Module 1,1_10;35.28;4,93;26,36;0,07;1,92;3,01
01,10.2019 08:51:48;32.7;0.14;286.4;25.934743788854572;283.39;Module 1,1_10;32.31;4,58;24,43;0,07;1,64;2,94
01,10.2019 08:53:46;32.8;0.12;286.4;23.38643269114776;283.35;Module 1,1_10;28.92;3,94;22,06;0,06;1,33;2,60
01,10.2019 08:55:42;32.6;0.13;286.4;25.15002966966058;283.32;Module 1,1_10;30.89;4,24;23,70;0,07;1,54;2,70
01,10.2019 08:57:44;33.3;0.16;286.4;31.121832016286348;283.28;Module 1,1_10;37.97;5,33;28,76;0,08;2,35;2,97
01,10.2019 08:59:40;33.7;0.21;286.4;40.54249224846142;283.28;Module 1,1_10;49.17;7,08;32,51;0,12;3,86;3,22
01,10.2019 09:01:37;34.2;0.24;287.4;44.88475559850933;283.35;Module 1,1_10;54.13;8,21;33,10;0,14;4,59;3,62
01,10.2019 09:03:40;34.6;0.3;287.4;56.5259061632566;283.45;Module 1,1_10;67.79;10,38;34,29;0,19;6,62;3,76
01,10.2019 09:05:40;34.6;0.36;287.4;64.41757654472669;283.57;Module 1,1_10;76.86;12,46;34,79;0,23;8,02;4,43
01,10.2019 09:07:43;35;0.37;287.4;68.55224467600536;283.73;Module 1,1_10;81.39;12,95;35,00;0,25;8,77;4,18
01,10.2019 09:09:40;35.1;0.28;287.4;52.309295037150434;283.89;Module 1,1_10;61.83;9,83;33,95;0,17;5,88;3,95
01,10.2019 09:11:42;34.7;0.27;287.4;54.026120001205726;284.01;Module 1,1_10;63.58;9,37;34,09;0,18;6,18;3,19
01,10.2019 09:13:35;35.1;0.31;287.4;59.88153449218753;284.13;Module 1,1_10;70.2;10,88;34,52;0,21;7,21;3,67
01,10.2019 09:15:41;34.6;0.32;287.4;58.72143335582763;284.22;Module 1,1_10;68.56;11,07;34,45;0,20;7,01;4,06
01,10.2019 09:17:34;33.3;0.28;287.4;49.89264420276667;284.28;Module 1,1_10;58.05;9,32;33,71;0,16;5,46;3,87
01,10.2019 09:19:34;33;0.27;288.4;48.35189221940124;284.35;Module 1,1_10;56.06;8,91;33,38;0,16;5,18;3,73
01,10.2019 09:21:42;32.4;0.28;288.4;47.494486041843565;284.4;Module 1,1_10;54.87;9,07;33,28;0,15;5,03;4,04
01,10.2019 09:23:37;32.6;0.3;288.4;50.93020756897229;284.46;Module 1,1_10;58.66;9,78;33,65;0,17;5,62;4,16
01,10.2019 09:25:34;32.9;0.29;287.4;49.93211545388752;284.49;Module 1,1_10;57.34;9,54;33,72;0,16;5,46;4,08
01,10.2019 09:27:38;33;0.3;287.4;52.999627824792995;284.56;Module 1,1_10;60.68;9,90;34,01;0,18;6,00;3,90
01,10.2019 09:29:32;33.2;0.32;287.4;54.6374078857352;284.62;Module 1,1_10;62.39;10,62;34,15;0,18;6,29;4,34
01,10.2019 09:31:33;32.5;0.31;287.4;52.01846733718933;284.66;Module 1,1_10;59.24;10,07;33,92;0,17;5,83;4,25
01,10.2019 09:34:07;32.9;0.37;288.4;64.01074297847455;284.74;Module 1,1_10;72.66;12,17;34,59;0,23;7,93;4,24
01,10.2019 09:36:31;32.8;0.32;288.4;58.859756933148894;284.81;Module 1,1_10;66.62;10,50;34,28;0,20;7,01;3,48
01,10.2019 09:38:26;33.4;0.37;288.4;67.92442644103211;284.89;Module 1,1_10;76.71;12,36;34,80;0,25;8,63;3,73
01,10.2019 09:40:23;33.1;0.38;289.9;68.97672140093312;284.94;Module 1,1_10;77.73;12,58;34,58;0,25;8,78;3,80
01,10.2019 09:42:21;32.9;0.35;289.9;63.51056127554794;285.01;Module 1,1_10;71.42;11,51;34,30;0,23;7,81;3,71
01,10.2019 09:44:26;33.2;0.37;289.9;67.90636694493506;285.07;Module 1,1_10;76.2;12,28;34,53;0,25;8,59;3,70
01,10.2019 09:46:24;33.5;0.39;289.9;70.99400988789132;285.12;Module 1,1_10;79.51;13,07;34,67;0,26;9,14;3,93
01,10.2019 09:48:17;33;0.41;289.9;74.21664082278838;285.17;Module 1,1_10;82.97;13,53;34,81;0,28;9,71;3,82
01,10.2019 09:50:44;32.7;0.34;289.9;61.56345411455625;285.26;Module 1,1_10;68.67;11,12;34,19;0,22;7,46;3,66
01,10.2019 09:52:37;32.6;0.29;289.9;53.84421137047886;285.32;Module 1,1_10;59.96;9,45;33,65;0,18;6,11;3,34
01,10.2019 09:54:31;32.2;0.29;289.9;55.604558596746216;285.36;Module 1,1_10;61.82;9,34;33,79;0,19;6,42;2,92
01,10.2019 09:56:27;32.3;0.33;289.9;65.28788383287187;285.43;Module 1,1_10;72.47;10,66;34,40;0,24;8,12;2,54
01,10.2019 09:58:28;32.5;0.42;289.9;76.41969500190729;285.5;Module 1,1_10;84.69;13,65;34,90;0,29;10,11;3,54
01,10.2019 10:00:38;33.7;0.42;290.4;76.74620265467023;285.63;Module 1,1_10;84.91;14,15;34,82;0,29;10,15;4,00
01,10.2019 10:02:36;33.3;0.44;290.4;80.5155680159447;285.73;Module 1,1_10;88.95;14,65;34,95;0,31;10,83;3,82
01,10.2019 10:04:29;33.4;0.43;291.9;78.37715063243277;285.82;Module 1,1_10;86.47;14,36;34,61;0,30;10,39;3,97
01,10.2019 10:06:56;33.3;0.47;291.9;87.15482741597738;285.95;Module 1,1_10;95.99;15,65;34,90;0,34;11,96;3,69
01,10.2019 10:09:12;33.7;0.51;291.9;95.12606481850679;286.06;Module 1,1_10;104.61;17,19;35,12;0,38;13,40;3,79
01,10.2019 10:11:08;34.3;0.56;291.9;104.57809089662958;286.17;Module 1,1_10;114.86;19,21;35,34;0,43;15,11;4,10
01,10.2019 10:13:07;34.7;0.61;291.9;112.02016973520706;286.31;Module 1,1_10;122.88;21,17;35,49;0,46;16,46;4,70
01,10.2019 10:15:03;34.5;0.58;292.4;109.68852602172092;286.39;Module 1,1_10;120.18;20,01;35,36;0,45;16,01;4,00
01,10.2019 10:17:11;34.6;0.67;292.4;125.69216762780074;286.49;Module 1,1_10;137.54;23,18;35,64;0,53;18,93;4,26
01,10.2019 10:19:04;34.6;0.66;292.9;126.22210276901657;286.58;Module 1,1_10;137.97;22,84;35,56;0,53;18,98;3,85
01,10.2019 10:21:12;34.6;0.66;292.9;124.33956928921316;286.64;Module 1,1_10;135.75;22,84;35,53;0,52;18,64;4,20
01,10.2019 10:24:05;34.4;0.59;294;110.17649141163554;286.75;Module 1,1_10;120.1;20,30;35,08;0,46;15,99;4,30
01,10.2019 10:26:04;34.2;0.52;294;95.06479690014707;286.74;Module 1,1_10;103.52;17,78;34,74;0,38;13,28;4,50
01,10.2019 10:28:01;33.1;0.46;294;83.94433352672235;286.71;Module 1,1_10;91.32;15,23;34,43;0,33;11,30;3,93
01,10.2019 10:30:02;33;0.41;294;78.8843841830135;286.67;Module 1,1_10;85.73;13,53;34,26;0,30;10,40;3,13
01,10.2019 10:32:12;33;0.48;294;90.53560655855074;286.69;Module 1,1_10;98.29;15,84;34,63;0,36;12,47;3,37
01,10.2019 10:34:12;33.4;0.62;294;117.64306282439335;286.75;Module 1,1_10;127.6;20,71;35,22;0,49;17,34;3,36
01,10.2019 10:36:13;34.7;0.63;294;119.29206555882286;286.84;Module 1,1_10;129.27;21,86;35,25;0,50;17,64;4,22
01,10.2019 10:39:19;34.6;0.61;294;113.87335009734275;287.03;Module 1,1_10;123.23;21,11;35,16;0,47;16,66;4,44
01,10.2019 10:41:13;34.4;0.56;294;108.90669790460123;287.07;Module 1,1_10;117.76;19,26;35,05;0,45;15,77;3,50
01,10.2019 10:43:16;34.4;0.58;294;114.05317797610003;287.1;Module 1,1_10;123.22;19,95;35,16;0,47;16,69;3,26
01,10.2019 10:45:09;34.6;0.63;294;121.36536658805761;287.1;Module 1,1_10;131.02;21,80;35,29;0,51;18,02;3,78
01,10.2019 10:47:08;34.6;0.55;294;107.04503710920648;287.16;Module 1,1_10;115.47;19,03;35,02;0,44;15,43;3,60
01,10.2019 10:49:04;34.3;0.49;294;94.10880032650282;287.22;Module 1,1_10;101.44;16,81;34,72;0,38;13,11;3,70
01,10.2019 10:51:02;34.2;0.49;294;95.79390938119214;287.27;Module 1,1_10;103.18;16,76;34,76;0,39;13,41;3,35
01,10.2019 10:52:54;34.1;0.48;294;93.62063857410709;287.29;Module 1,1_10;100.77;16,37;34,70;0,38;13,02;3,35
01,10.2019 10:55:07;33.7;0.47;294;90.37572518308825;287.36;Module 1,1_10;97.2;15,84;34,62;0,36;12,44;3,40
01,10.2019 10:57:24;33.5;0.48;294;94.83988955139448;287.41;Module 1,1_10;101.92;16,08;34,73;0,38;13,24;2,84
01,10.2019 10:59:26;33.6;0.5;294;96.36745700048024;287.46;Module 1,1_10;103.49;16,80;34,77;0,39;13,51;3,29
01,10.2019 11:01:23;33.7;0.57;294;107.03357290686293;287.5;Module 1,1_10;114.87;19,21;35,02;0,44;15,43;3,78
01,10.2019 11:03:17;33.8;0.54;294.5;103.65926918610413;287.56;Module 1,1_10;111.18;18,25;34,86;0,42;14,79;3,46
01,10.2019 11:05:16;33.7;0.54;294.5;102.96890880839292;287.6;Module 1,1_10;110.37;18,20;34,84;0,42;14,67;3,53
01,10.2019 11:07:24;33.7;0.5;294;98.08920086802111;287.66;Module 1,1_10;105.07;16,85;34,82;0,40;13,82;3,03
01,10.2019 11:09:25;33.3;0.52;294;98.79369317948257;287.71;Module 1,1_10;105.76;17,32;34,84;0,40;13,95;3,37
01,10.2019 11:11:34;34;0.72;294;140.09663992792204;287.8;Module 1,1_10;149.88;24,48;35,56;0,60;21,42;3,06
01,10.2019 11:13:31;34.8;0.91;294;179.82099873272324;287.93;Module 1,1_10;192.27;31,67;35,99;0,80;28,70;2,97
01,10.2019 11:15:40;35.1;1.07;294;206.18941221541166;288.17;Module 1,1_10;220.33;37,56;36,20;0,93;33,55;4,00
01,10.2019 11:17:41;35;0.92;294.5;170.37681104022386;288.35;Module 1,1_10;181.96;32,20;35,82;0,75;26,91;5,29
01,10.2019 11:19:43;34.1;0.58;294.5;116.58240506712848;288.42;Module 1,1_10;124.44;19,78;35,11;0,49;17,12;2,66
01,10.2019 11:22:09;34.1;0.69;294.5;143.06535442651884;288.39;Module 1,1_10;152.61;23,53;35,52;0,62;21,92;1,61
01,10.2019 11:24:03;34.6;0.81;294.5;163.1035603950446;288.48;Module 1,1_10;173.9;28,03;35,74;0,72;25,57;2,45
01,10.2019 11:26:28;34.7;0.83;296;175.0933214156976;288.57;Module 1,1_10;186.57;28,80;35,59;0,78;27,59;1,21
01,10.2019 11:28:50;35;1.05;296;214.493334462237;288.64;Module 1,1_10;228.42;36,75;35,89;0,97;34,78;1,97
01,10.2019 11:30:58;34.8;0.94;296.5;192.1861449056891;288.82;Module 1,1_10;204.56;32,71;35,65;0,86;30,64;2,08
01,10.2019 11:32:50;34.6;0.8;296.5;169.55231559267617;288.93;Module 1,1_10;180.39;27,68;35,45;0,75;26,52;1,16
01,10.2019 11:35:19;35.4;1.05;296.5;218.61825351987602;289.03;Module 1,1_10;232.46;37,17;35,83;0,99;35,45;1,72
01,10.2019 11:37:19;35.9;2.45;296.5;498.5796425010984;289.32;Module 1,1_10;529.91;87,95;36,50;2,37;86,47;1,48
01,10.2019 11:39:20;35.4;1.41;296.5;334.93982074784;289.48;Module 1,1_10;355.83;49,91;36,30;1,56;56,71;-6,80
01,10.2019 11:41:17;35.9;1.26;298;737.8953628664424;289.91;Module 1,1_10;783.59;45,23;36,16;3,55;128,29;-83,06
01,10.2019 11:43:15;35.9;3.03;298;588.4482634559275;290.57;Module 1,1_10;624.63;108,78;36,25;2,81;101,94;6,84
01,10.2019 11:45:30;35.2;1.71;300;297.0512075750453;291.26;Module 1,1_10;315.17;60,19;35,57;1,38;48,99;11,20
01,10.2019 11:47:24;35;3.54;300;786.2701527138893;291.49;Module 1,1_10;833.91;123,90;35,77;3,79;135,44;-11,54
01,10.2019 11:49:24;35.3;2.21;300;497.4197292083783;292.15;Module 1,1_10;527.35;78,01;35,89;2,36;84,87;-6,86
01,10.2019 11:52:17;33.9;4.03;300.5;831.1008005114168;292.68;Module 1,1_10;880.62;136,62;35,63;4,01;142,78;-6,16
01,10.2019 11:54:13;34.3;2.61;300.5;782.5638958674557;293.18;Module 1,1_10;828.89;89,52;35,69;3,77;134,48;-44,95
01,10.2019 11:56:05;34.8;2.58;302;534.3143991319203;293.71;Module 1,1_10;565.75;89,78;35,55;2,55;90,56;-0,78
01,10.2019 11:58:04;33.7;2.94;302;476.4590530439149;294.02;Module 1,1_10;504.31;99,08;35,53;2,26;80,38;18,70
01,10.2019 12:00:01;33.8;2.19;303.5;539.529616346482;294.08;Module 1,1_10;570.87;74,02;35,29;2,57;90,82;-16,80
01,10.2019 12:02:11;33.5;1.56;303.5;520.3696081495825;293.86;Module 1,1_10;550.39;52,26;35,28;2,48;87,48;-35,22
01,10.2019 12:04:17;33.3;1.26;303.5;248.11946826491564;293.5;Module 1,1_10;262.34;41,96;34,74;1,14;39,54;2,42
01,10.2019 12:06:30;33.4;1.13;303.5;223.84776094142342;293.07;Module 1,1_10;236.59;37,74;34,61;1,02;35,25;2,49
01,10.2019 12:08:46;33.6;1.03;303.5;207.035393390852;292.61;Module 1,1_10;218.74;34,61;34,50;0,94;32,29;2,32
01,10.2019 12:11:19;33.9;1.08;303.5;216.900391665532;292.27;Module 1,1_10;229.07;36,61;34,57;0,98;34,03;2,59
01,10.2019 12:13:17;34.2;1.1;303.5;223.05683421379575;292.14;Module 1,1_10;235.5;37,62;34,60;1,01;35,11;2,51
01,10.2019 12:15:09;34.4;1.07;303.5;220.23054279593785;291.91;Module 1,1_10;232.45;36,81;34,59;1,00;34,61;2,20
01,10.2019 12:17:27;34.4;1.09;303.5;224.55200381518966;291.68;Module 1,1_10;236.93;37,50;34,62;1,02;35,38;2,12
01,10.2019 12:19:55;34.5;1.09;302.5;223.39062248091398;291.71;Module 1,1_10;235.62;37,61;34,79;1,02;35,34;2,27
01,10.2019 12:22:07;34.4;1.06;302.5;214.86805861368305;291.71;Module 1,1_10;226.56;36,46;34,73;0,97;33,83;2,64
01,10.2019 12:24:01;34.3;0.92;302;183.80938195200707;291.64;Module 1,1_10;193.76;31,56;34,59;0,82;28,40;3,16
01,10.2019 12:26:32;34.3;0.79;302;172.96874264798237;291.51;Module 1,1_10;182.27;27,10;34,49;0,77;26,48;0,62
01,10.2019 12:28:36;34.7;1.27;302;290.55960609205414;291.48;Module 1,1_10;306.1;44,07;35,19;1,35;47,38;-3,31
01,10.2019 12:30:56;35;4.77;302;763.2996435477685;291.68;Module 1,1_10;803.88;166,95;35,45;3,67;130,23;36,72
01,10.2019 12:32:48;34.6;4.03;302;828.5103192906686;293.17;Module 1,1_10;872.35;139,44;35,38;3,99;141,31;-1,88
01,10.2019 12:34:41;34;3.76;302;882.4072065332174;293.98;Module 1,1_10;928.88;127,84;35,31;4,26;150,40;-22,56
01,10.2019 12:37:08;34;4.16;302;855.6559690458375;294.96;Module 1,1_10;900.45;141,44;35,34;4,13;145,90;-4,46
01,10.2019 12:39:05;33.7;3.73;303.5;689.1136458007164;295.62;Module 1,1_10;725.02;125,70;35,24;3,31;116,65;9,05
01,10.2019 12:41:31;32.9;5.13;303.5;1039.2697860057256;296.47;Module 1,1_10;1093.11;168,78;34,82;5,03;175,12;-6,34
01,10.2019 12:43:24;32.6;4.24;308.1;867.2479466478208;297.25;Module 1,1_10;911.98;138,22;34,27;4,19;143,46;-5,23
01,10.2019 12:46:04;33.2;5.18;308.1;1020.3219967621801;297.82;Module 1,1_10;1072.63;171,98;34,05;4,94;168,12;3,86
01,10.2019 12:48:05;32.1;4.99;310.6;1015.6748839036745;298.21;Module 1,1_10;1067.51;160,18;33,63;4,91;165,24;-5,06
01,10.2019 12:50:14;32;5.43;310.6;1081.686555919879;298.49;Module 1,1_10;1136.63;173,76;33,53;5,24;175,55;-1,79
01,10.2019 12:52:05;32.1;1.98;310.6;482.46162413206696;298.82;Module 1,1_10;506.87;63,56;34,01;2,30;78,06;-14,50
01,10.2019 12:53:59;31.8;1.47;314.1;290.159693554193;298.64;Module 1,1_10;304.78;46,75;33,02;1,35;44,55;2,19
01,10.2019 12:56:00;32.4;3.08;314.1;764.7678604325804;298.33;Module 1,1_10;803.14;99,79;33,33;3,68;122,76;-22,97
01,10.2019 12:58:36;32.5;2.81;314.1;507.15867888930336;298.4;Module 1,1_10;532.47;91,33;33,40;2,42;80,76;10,57
01,10.2019 13:00:49;31.7;3.11;314.1;673.3533662559192;298.34;Module 1,1_10;706.81;98,59;33,39;3,23;108,01;-9,43
01,10.2019 13:03:10;32.9;4.72;314.1;968.4144805175167;298.7;Module 1,1_10;1016.31;155,29;33,09;4,68;154,91;0,38
01,10.2019 13:05:44;32.4;3.7;314.1;541.6528485340866;299.07;Module 1,1_10;568.31;119,88;33,41;2,59;86,46;33,42
01,10.2019 13:08:02;32.1;1.06;314.6;200.08532273743714;298.66;Module 1,1_10;209.89;34,03;32,44;0,91;29,41;4,62
01,10.2019 13:10:00;31.6;1.24;314.6;246.67589351025703;297.96;Module 1,1_10;258.72;39,18;32,73;1,14;37,17;2,01
01,10.2019 13:14:25;32.2;1.09;314.1;218.71479354582078;296.66;Module 1,1_10;229.31;35,10;32,66;1,00;32,59;2,51
01,10.2019 13:16:24;33.2;1.38;314.1;274.72683058940015;296.21;Module 1,1_10;287.99;45,82;32,95;1,27;41,97;3,85
01,10.2019 13:18:34;33.2;1.35;310.6;269.54450196366884;296.08;Module 1,1_10;282.51;44,82;33,56;1,25;41,84;2,98
01,10.2019 13:20:33;33.3;1.22;310.6;237.0832028142555;295.89;Module 1,1_10;248.45;40,63;33,41;1,09;36,31;4,32
01,10.2019 19:22:33;31.1;0.12;296;5.538581953900919;291.68;Module 1,1_10;9.34;3,73;5,25;0,01;0,08;3,66
01,10.2019 19:40:12;29.8;0;294.5;0.0001;291.68;Module 1,1_10;9.34;0,00;0,00;0,00;0,00;0,00
01,10.2019 19:50:48;30.9;0;294.5;0.0001;291.53;Module 1,1_10;4.18;0,00;0,00;0,00;0,00;0,00
01,10.2019 19:56:23;27.2;0;294;0.0001;291.48;Module 1,1_10;0.36;0,00;0,00;0,00;0,00;0,00
02,10.2019 08:42:24;27.3;0.08;286.4;11.357790615542541;286.32;Module 1,1_10;14.88;2,18;10,72;0,03;0,31;1,87
02,10.2019 08:44:20;26;0.09;286.4;12.979574299886401;286.32;Module 1,1_10;16.82;2,34;12,25;0,03;0,41;1,93
02,10.2019 08:46:13;26.1;0.09;286.4;13.536027944800773;286.31;Module 1,1_10;17.37;2,35;12,77;0,03;0,45;1,90
02,10.2019 08:48:17;26.1;0.09;286.4;12.923224392460313;286.32;Module 1,1_10;16.42;2,35;12,20;0,03;0,41;1,94
02,10.2019 08:50:11;26.1;0.09;286.4;13.159576283911242;286.37;Module 1,1_10;16.58;2,35;12,42;0,03;0,42;1,93
02,10.2019 08:52:04;26.1;0.1;286.4;15.725914020835274;286.42;Module 1,1_10;19.66;2,61;14,84;0,04;0,60;2,01
02,10.2019 08:53:57;26.1;0.12;286.4;18.27361022365531;286.46;Module 1,1_10;22.68;3,13;17,24;0,05;0,81;2,32
02,10.2019 08:55:55;26.2;0.11;286.4;16.58566605870651;286.52;Module 1,1_10;20.44;2,88;15,65;0,04;0,67;2,21
02,10.2019 08:57:48;26.2;0.09;286.4;14.812946587271906;286.59;Module 1,1_10;18.14;2,36;13,98;0,04;0,53;1,82
02,10.2019 08:59:45;26;0.1;286.4;15.6356664699329;286.65;Module 1,1_10;19.03;2,60;14,76;0,04;0,60;2,00
02,10.2019 09:01:40;26.1;0.1;286.4;15.724801861709231;286.71;Module 1,1_10;19.03;2,61;14,84;0,04;0,60;2,01
02,10.2019 09:03:37;25.9;0.11;286.4;18.743459047760073;286.78;Module 1,1_10;22.56;2,85;17,69;0,05;0,86;1,99
02,10.2019 09:05:33;25.9;0.13;286.4;20.7931233564294;286.82;Module 1,1_10;24.9;3,37;19,62;0,05;1,05;2,31
02,10.2019 09:07:44;31;0.11;286.4;21.182939194281012;286.86;Module 1,1_10;25.23;3,41;19,98;0,05;1,09;2,32
02,10.2019 09:09:40;31;0.15;286.4;27.0897504367516;286.91;Module 1,1_10;32.12;4,65;25,48;0,07;1,79;2,86
02,10.2019 09:11:36;31.4;0.16;289.9;27.697140191783824;286.94;Module 1,1_10;32.7;5,02;25,99;0,07;1,87;3,15
02,10.2019 09:13:34;31.8;0.16;289.9;29.563735204938695;286.95;Module 1,1_10;34.76;5,09;27,49;0,08;2,13;2,96
02,10.2019 09:15:26;31.8;0.17;289.9;31.714323133394736;286.96;Module 1,1_10;37.15;5,41;28,93;0,08;2,45;2,96
02,10.2019 09:17:19;32.1;0.18;289.9;33.387313253018334;286.94;Module 1,1_10;38.97;5,78;29,80;0,09;2,70;3,08
02,10.2019 09:19:12;32.5;0.2;289.9;36.31259699229025;286.96;Module 1,1_10;42.24;6,50;30,93;0,10;3,16;3,34
02,10.2019 09:21:10;32.5;0.23;290.4;41.22367086728135;286.96;Module 1,1_10;47.79;7,48;32,04;0,12;3,96;3,52
02,10.2019 09:23:17;32;0.26;290.4;45.75614849087212;286.99;Module 1,1_10;52.86;8,32;32,73;0,14;4,72;3,60
02,10.2019 09:25:10;32;0.27;290.4;48.21833717562439;287.02;Module 1,1_10;55.54;8,64;33,03;0,16;5,14;3,50
02,10.2019 09:27:07;32.4;0.27;290.4;47.63709311379911;287.07;Module 1,1_10;54.71;8,75;32,96;0,15;5,04;3,71
02,10.2019 09:29:00;32.1;0.25;290.4;45.48760182807119;287.11;Module 1,1_10;52.1;8,03;32,70;0,14;4,67;3,35
02,10.2019 09:31:18;32.4;0.25;291.9;46.437357503575384;287.19;Module 1,1_10;53.02;8,10;32,57;0,15;4,82;3,28
02,10.2019 09:33:14;32.6;0.28;291.9;51.20035483211232;287.24;Module 1,1_10;58.31;9,13;33,08;0,17;5,63;3,50
02,10.2019 09:35:06;32.3;0.31;291.9;55.75692823204475;287.31;Module 1,1_10;63.35;10,01;33,45;0,19;6,41;3,60
02,10.2019 09:37:00;32.6;0.32;291.9;59.64360458299769;287.35;Module 1,1_10;67.61;10,43;33,72;0,21;7,08;3,35
02,10.2019 09:39:02;32.6;0.36;291.9;66.00146313975684;287.38;Module 1,1_10;74.64;11,74;34,08;0,24;8,20;3,54
02,10.2019 09:40:54;33;0.38;291.9;67.71697403968686;287.41;Module 1,1_10;76.42;12,54;34,16;0,25;8,50;4,04
02,10.2019 09:42:50;33.2;0.34;291.9;63.38313150350329;287.46;Module 1,1_10;71.38;11,29;33,95;0,23;7,74;3,55
02,10.2019 09:44:44;33.1;0.33;291.9;60.447926977050045;287.5;Module 1,1_10;67.94;10,92;33,77;0,21;7,22;3,70
02,10.2019 09:46:40;32.6;0.3;291.9;55.69799350037742;287.55;Module 1,1_10;62.48;9,78;33,45;0,19;6,40;3,38
02,10.2019 09:48:40;32;0.34;291.9;63.29072671983647;287.57;Module 1,1_10;70.86;10,88;33,94;0,23;7,72;3,16
02,10.2019 09:50:35;32.7;0.34;291.9;62.52718484119077;287.55;Module 1,1_10;69.88;11,12;33,89;0,22;7,59;3,53
02,10.2019 09:52:30;33.2;0.36;291.9;67.87887598199673;287.53;Module 1,1_10;75.73;11,95;34,17;0,25;8,53;3,42
02,10.2019 09:54:36;33.1;0.36;291.9;67.14100886772518;287.51;Module 1,1_10;74.77;11,92;34,14;0,25;8,40;3,52
02,10.2019 09:56:31;32.6;0.39;291.9;72.2769799625251;287.5;Module 1,1_10;80.36;12,71;34,38;0,27;9,30;3,41
02,10.2019 09:58:24;33.4;0.43;291.9;80.69312147900548;287.51;Module 1,1_10;89.58;14,36;34,70;0,31;10,80;3,56
02,10.2019 10:00:17;33.4;0.43;291.9;79.45075113114217;287.58;Module 1,1_10;88.07;14,36;34,65;0,31;10,58;3,78
02,10.2019 10:02:15;33.5;0.47;291.9;87.89120594005466;287.62;Module 1,1_10;97.28;15,74;34,92;0,35;12,09;3,65
02,10.2019 10:04:08;33.7;0.53;292.4;100.18252674923453;287.69;Module 1,1_10;110.73;17,86;35,16;0,41;14,29;3,58
02,10.2019 10:06:27;34.4;0.57;292.4;110.85194697682333;287.78;Module 1,1_10;122.32;19,61;35,38;0,46;16,22;3,39
02,10.2019 10:08:23;34.7;0.65;292.4;130.1928536571234;287.9;Module 1,1_10;143.47;22,56;35,71;0,55;19,75;2,81
02,10.2019 10:10:20;35.7;0.74;292.4;143.302219873226;288.03;Module 1,1_10;157.71;26,42;35,89;0,62;22,16;4,26
02,10.2019 10:12:14;35;0.68;294;131.67978183492443;288.17;Module 1,1_10;144.74;23,80;35,45;0,56;19,89;3,91
02,10.2019 10:14:07;34.7;0.7;294;134.93351833637647;288.27;Module 1,1_10;148.14;24,29;35,49;0,58;20,48;3,81
02,10.2019 10:16:02;35.4;0.75;294;148.11473607438455;288.37;Module 1,1_10;162.42;26,55;35,66;0,64;22,89;3,66
02,10.2019 10:17:55;34.9;0.75;294.5;151.01109973355352;288.48;Module 1,1_10;165.41;26,17;35,61;0,66;23,37;2,81
02,10.2019 10:19:55;35;0.73;294.5;139.91670085012842;288.57;Module 1,1_10;153.08;25,55;35,48;0,60;21,35;4,20
02,10.2019 10:21:48;34.7;0.77;294.5;148.6754041961494;288.66;Module 1,1_10;162.49;26,72;35,59;0,64;22,94;3,78
02,10.2019 10:23:43;34.8;0.84;294.5;163.3587937267202;288.73;Module 1,1_10;178.35;29,23;35,75;0,72;25,62;3,61
02,10.2019 10:25:40;35;0.9;294.5;176.292245940201;288.85;Module 1,1_10;192.27;31,50;35,88;0,78;27,99;3,51
02,10.2019 10:27:38;35.3;0.93;294.5;180.05204668961545;288.96;Module 1,1_10;196.17;32,83;35,91;0,80;28,68;4,15
02,10.2019 10:29:42;34.9;0.95;294.5;179.1467903176303;289.09;Module 1,1_10;194.98;33,15;35,90;0,79;28,51;4,64
02,10.2019 10:31:38;34.8;0.96;296;180.78860815079335;289.18;Module 1,1_10;196.58;33,41;35,64;0,80;28,63;4,78
02,10.2019 10:33:27;35;1.02;296;192.03775079425407;289.27;Module 1,1_10;208.63;35,70;35,73;0,86;30,68;5,02
02,10.2019 10:35:25;35.5;0.9;296;178.3484864960251;289.36;Module 1,1_10;193.58;31,95;35,63;0,79;28,18;3,77
02,10.2019 10:37:18;35;0.87;296;165.79489963603825;289.42;Module 1,1_10;179.8;30,45;35,50;0,73;25,90;4,55
02,10.2019 10:39:10;35.6;0.86;296;171.07288604328846;289.51;Module 1,1_10;185.37;30,62;35,55;0,76;26,86;3,76
02,10.2019 10:41:17;34.8;0.86;296;171.6269563707587;289.51;Module 1,1_10;185.8;29,93;35,56;0,76;26,96;2,97
02,10.2019 10:43:10;34.8;0.83;296.5;160.56828864062095;289.54;Module 1,1_10;173.69;28,88;35,36;0,70;24,89;3,99
02,10.2019 10:45:04;34.6;0.85;296.5;167.4293071055307;289.57;Module 1,1_10;180.97;29,41;35,43;0,74;26,14;3,27
02,10.2019 10:46:57;34.8;0.89;296.5;172.6577779689688;289.53;Module 1,1_10;186.48;30,97;35,48;0,76;27,09;3,89
02,10.2019 10:48:52;35;0.9;296.5;177.6245331861869;289.52;Module 1,1_10;191.7;31,50;35,52;0,79;27,99;3,51
02,10.2019 10:50:46;35;0.83;296.5;159.32028607459463;289.47;Module 1,1_10;171.82;29,05;35,34;0,70;24,67;4,38
02,10.2019 10:52:43;34.8;0.87;296.5;172.43699658322205;289.45;Module 1,1_10;185.83;30,28;35,48;0,76;27,05;3,23
02,10.2019 10:54:38;34.8;0.87;296.5;171.8058218975474;289.46;Module 1,1_10;185.02;30,28;35,47;0,76;26,93;3,34
02,10.2019 10:56:38;35;0.86;296.5;169.46615989003033;289.44;Module 1,1_10;182.37;30,10;35,45;0,75;26,51;3,59
02,10.2019 10:58:35;35.2;0.93;296.5;187.2398778672216;289.47;Module 1,1_10;201.36;32,74;35,61;0,84;29,74;3,00
02,10.2019 11:00:28;35.1;0.86;296.5;165.05675655165393;289.53;Module 1,1_10;177.39;30,19;35,41;0,73;25,71;4,48
02,10.2019 11:02:22;34.3;0.67;296.5;130.88895568040763;289.54;Module 1,1_10;140.58;22,98;34,98;0,56;19,54;3,44
02,10.2019 11:04:55;34.2;0.64;296.5;123.32848696904719;289.45;Module 1,1_10;132.35;21,89;34,87;0,52;18,18;3,70
02,10.2019 11:06:48;34.1;0.6;296.5;114.48842730463552;289.36;Module 1,1_10;122.79;20,46;34,72;0,48;16,60;3,86
02,10.2019 11:08:47;33;0.55;296.5;107.08575601438115;289.29;Module 1,1_10;114.78;18,15;34,57;0,44;15,28;2,87
02,10.2019 11:10:40;33.3;0.57;296;113.67205271782736;289.24;Module 1,1_10;121.77;18,98;34,79;0,47;16,49;2,49
02,10.2019 11:12:39;33.6;0.7;296;130.71990321729396;289.19;Module 1,1_10;139.95;23,52;35,08;0,56;19,55;3,97
02,10.2019 11:14:36;34;0.76;296;146.4947275129225;289.22;Module 1,1_10;156.75;25,84;35,29;0,63;22,40;3,44
02,10.2019 11:16:29;34.6;0.85;296;168.75306430245104;289.21;Module 1,1_10;180.47;29,41;35,53;0,74;26,44;2,97
02,10.2019 11:18:30;34.7;0.76;296;148.9567920976072;289.28;Module 1,1_10;159.21;26,37;35,32;0,65;22,84;3,53
02,10.2019 11:20:35;34.6;0.87;296.5;167.37986979158535;289.34;Module 1,1_10;178.8;30,10;35,43;0,74;26,13;3,97
02,10.2019 11:22:29;34.6;0.77;296.5;151.98237400474952;289.39;Module 1,1_10;162.27;26,64;35,27;0,66;23,34;3,30
02,10.2019 11:24:36;34.4;0.89;296;172.3452540324402;289.46;Module 1,1_10;183.91;30,62;35,57;0,76;27,09;3,53
02,10.2019 11:26:29;34.7;1.02;296;197.21711104483074;289.62;Module 1,1_10;210.35;35,39;35,77;0,88;31,62;3,77
02,10.2019 11:28:24;35;1.41;296;267.00583363520803;289.85;Module 1,1_10;284.65;49,35;36,16;1,23;44,39;4,96
02,10.2019 11:30:16;35;1.58;296.5;298.65926524818224;290.05;Module 1,1_10;318.25;55,30;36,20;1,38;50,08;5,22
02,10.2019 11:32:19;35.5;1.02;296.5;195.79875379778176;290.42;Module 1,1_10;208.54;36,21;35,67;0,88;31,29;4,92
02,10.2019 11:34:14;34.7;0.98;298;191.9133356269958;290.51;Module 1,1_10;204.31;34,01;35,38;0,86;30,38;3,62
02,10.2019 11:36:08;34.6;1.05;298;205.5386277102109;290.53;Module 1,1_10;218.72;36,33;35,48;0,93;32,84;3,49
02,10.2019 11:38:01;34.8;1.18;298;229.00685249392922;290.53;Module 1,1_10;243.59;41,06;35,63;1,04;37,10;3,97
02,10.2019 11:39:56;35;2.4;298;488.76523178490106;290.64;Module 1,1_10;519.67;84,00;36,23;2,32;84,12;-0,12
02,10.2019 11:41:49;35.9;2.54;298;534.7303818024899;291.21;Module 1,1_10;568.31;91,19;36,25;2,55;92,36;-1,17
02,10.2019 11:43:46;35.2;1.78;300;293.8557507907733;291.55;Module 1,1_10;312.18;62,66;35,55;1,36;48,42;14,24
02,10.2019 11:45:41;34.1;1.1;300;213.77958428669595;291.6;Module 1,1_10;227.02;37,51;35,17;0,97;34,03;3,48
02,10.2019 11:47:35;34.1;0.93;300;182.58657538133525;291.5;Module 1,1_10;193.82;31,71;34,95;0,81;28,44;3,27
02,10.2019 11:49:40;33.5;0.69;300;132.70411387611196;291.25;Module 1,1_10;140.81;23,11;34,38;0,57;19,57;3,55
02,10.2019 11:51:38;33.3;0.67;300;128.3522986357092;290.93;Module 1,1_10;136.14;22,31;34,32;0,55;18,80;3,51
02,10.2019 11:53:42;33.7;0.82;300;158.80148036301696;290.77;Module 1,1_10;168.37;27,63;34,71;0,70;24,20;3,44
02,10.2019 11:55:39;34;0.93;300;174.51251988479265;290.78;Module 1,1_10;184.96;31,62;34,87;0,77;27,00;4,62
02,10.2019 11:57:37;34.4;0.94;300;182.45687433566331;290.78;Module 1,1_10;193.31;32,34;34,94;0,81;28,42;3,92
02,10.2019 11:59:33;34.6;1.08;300;216.69058777738104;290.75;Module 1,1_10;229.5;37,37;35,20;0,98;34,55;2,82
02,10.2019 12:01:18;34.8;1.61;300;301.50575689999357;290.89;Module 1,1_10;319.23;56,03;35,59;1,40;49,79;6,24
02,10.2019 12:03:11;35.2;1.47;300;286.72407217369175;291.11;Module 1,1_10;303.48;51,74;35,53;1,33;47,13;4,61
02,10.2019 12:05:03;35;1.7;300;324.193611649784;291.23;Module 1,1_10;343.03;59,50;35,65;1,51;53,87;5,63
02,10.2019 12:07:16;34.7;1.23;300;231.0273062024278;291.38;Module 1,1_10;244.36;42,68;35,28;1,05;37,12;5,56
02,10.2019 12:09:17;34.4;0.92;300;178.15096636643517;291.37;Module 1,1_10;188.37;31,65;34,91;0,79;27,65;4,00
02,10.2019 12:11:10;33.9;0.78;300;147.4396955958954;291.24;Module 1,1_10;155.85;26,44;34,58;0,64;22,18;4,26
02,10.2019 12:13:06;33.5;0.61;298.5;110.92806322957439;290.93;Module 1,1_10;117.22;20,43;34,29;0,46;15,84;4,60
02,10.2019 12:15:17;32.4;0.32;298.5;56.656531658170465;290.53;Module 1,1_10;59.85;10,37;32,36;0,20;6,44;3,92
02,10.2019 12:17:10;31.1;0.17;298.5;29.31637487066527;289.39;Module 1,1_10;30.96;5,29;26,91;0,08;2,10;3,18
02,10.2019 12:18:54;31.2;0.14;298;25.07118449397447;288.46;Module 1,1_10;26.47;4,37;23,64;0,07;1,54;2,82
02,10.2019 12:20:39;31.3;0.12;298;25.09652428507008;287.85;Module 1,1_10;26.49;3,76;23,66;0,07;1,55;2,21
02,10.2019 12:23:03;32;0.32;294.5;73.23984512280579;287.33;Module 1,1_10;77.28;10,24;33,95;0,28;9,39;0,85
02,10.2019 12:25:02;33.9;0.73;294.5;161.52679792902086;287.19;Module 1,1_10;170.39;24,75;35,73;0,71;25,29;-0,54
02,10.2019 12:26:55;35.9;1.14;294.5;225.06171377796463;287.35;Module 1,1_10;237.35;40,93;36,23;1,02;36,95;3,97
02,10.2019 12:28:54;35.7;0.98;294.5;192.25679178816142;287.62;Module 1,1_10;202.7;34,99;36,01;0,86;30,92;4,07
02,10.2019 12:31:06;35.8;1.4;294.5;225.95515072972876;287.81;Module 1,1_10;238.16;50,12;36,23;1,02;37,12;13,00
02,10.2019 12:32:58;35.9;1.28;296;245.37812409747403;288.03;Module 1,1_10;258.57;45,95;36,07;1,12;40,43;5,52
02,10.2019 12:34:51;35.5;1.36;296;253.1629918435427;288.17;Module 1,1_10;266.71;48,28;36,10;1,16;41,85;6,43
02,10.2019 12:36:50;35.5;1.2;296;215.88364356503936;288.47;Module 1,1_10;227.38;42,60;35,91;0,98;35,03;7,57
02,10.2019 12:38:54;35.7;1.67;296;295.0173619150185;288.68;Module 1,1_10;310.65;59,62;36,27;1,37;49,52;10,10
02,10.2019 12:40:47;35.2;1.35;296;253.82959948934698;288.77;Module 1,1_10;267.22;47,52;36,11;1,16;41,98;5,54
02,10.2019 12:42:40;35.3;1.31;296.5;237.95210175306173;288.63;Module 1,1_10;250.45;46,24;35,94;1,08;38,98;7,26
02,10.2019 12:44:35;35.2;1.06;296.5;196.97943773483405;288.43;Module 1,1_10;207.28;37,31;35,69;0,88;31,51;5,80
02,10.2019 12:46:27;34.7;0.77;296.5;136.87264875917572;288.33;Module 1,1_10;144;26,72;35,07;0,59;20,62;6,10
02,10.2019 12:48:20;34.1;0.4;296.5;69.00186754877329;288.21;Module 1,1_10;72.58;13,64;33,41;0,26;8,59;5,05
02,10.2019 12:50:19;32.1;0.29;296.5;50.62609990142065;288.03;Module 1,1_10;53.24;9,31;32,23;0,17;5,47;3,84
02,10.2019 12:52:12;32.4;0.54;294.5;98.30486354806118;287.78;Module 1,1_10;103.36;17,50;34,73;0,40;13,83;3,66
02,10.2019 12:54:15;34.2;0.65;294.5;117.96031466466476;287.6;Module 1,1_10;124;22,23;35,14;0,49;17,37;4,86
02,10.2019 12:56:13;34.5;0.65;294.5;117.07979737280242;287.5;Module 1,1_10;123.05;22,43;35,13;0,49;17,21;5,22
02,10.2019 12:58:06;34.3;0.56;294.5;104.56822471985717;287.43;Module 1,1_10;109.88;19,21;34,88;0,43;14,96;4,25
02,10.2019 12:59:58;34.2;0.62;294.5;123.31911844420114;287.45;Module 1,1_10;129.56;21,20;35,23;0,52;18,33;2,87
02,10.2019 13:01:55;34.5;0.81;294.5;154.42487703377145;287.42;Module 1,1_10;162.21;27,95;35,65;0,67;23,99;3,96
02,10.2019 13:03:48;34.9;0.9;294.5;167.72510268036046;287.49;Module 1,1_10;176.15;31,41;35,79;0,74;26,42;4,99
02,10.2019 13:05:54;34.9;0.82;294.5;152.77649487200495;287.51;Module 1,1_10;160.42;28,62;35,63;0,66;23,69;4,93
02,10.2019 13:07:48;34.6;0.75;294.5;146.915662013217;287.52;Module 1,1_10;154.24;25,95;35,56;0,64;22,62;3,33
02,10.2019 13:09:50;35.2;1.1;294.5;228.76728412180168;287.57;Module 1,1_10;240.13;38,72;36,25;1,04;37,64;1,08
02,10.2019 13:11:54;36;2;294.5;378.0802906515999;288.06;Module 1,1_10;396.79;72,00;36,73;1,77;65,17;6,83
02,10.2019 13:13:55;36.3;1.58;294.5;311.82349336811217;288.73;Module 1,1_10;327.2;57,35;36,59;1,45;52,96;4,40
02,10.2019 13:15:48;35.3;0.95;294.5;194.1090713161222;288.87;Module 1,1_10;203.65;33,53;36,02;0,87;31,26;2,28
02,10.2019 13:17:52;35.2;0.8;296;172.33852539526595;288.82;Module 1,1_10;180.78;28,16;35,57;0,76;27,09;1,07
02,10.2019 13:19:45;35.2;0.96;296;204.6470135191114;288.82;Module 1,1_10;214.64;33,79;35,83;0,92;32,98;0,81
02,10.2019 13:21:41;35.1;1.1;296;231.14806915311678;288.85;Module 1,1_10;242.4;38,61;35,99;1,05;37,82;0,79
02,10.2019 13:23:35;35.2;1.21;296;257.04489311895924;288.88;Module 1,1_10;269.52;42,59;36,13;1,18;42,56;0,03
02,10.2019 13:25:27;36;1.82;296;539.6353441826382;289.14;Module 1,1_10;565.75;65,52;36,60;2,57;94,10;-28,58
02,10.2019 13:27:21;35.5;2.6;298;410.27249994161195;289.79;Module 1,1_10;430.07;92,30;36,17;1,93;69,97;22,33
02,10.2019 13:29:14;35.5;4.7;298;974.5348544544113;290.48;Module 1,1_10;1021.43;166,85;35,87;4,71;168,96;-2,11
02,10.2019 13:31:12;35.6;4.7;298;791.7294331926013;291.39;Module 1,1_10;829.72;167,32;36,11;3,81;137,66;29,66
02,10.2019 13:33:15;34.6;1.57;300;549.6894653586463;292.14;Module 1,1_10;575.99;54,32;35,90;2,62;94,15;-39,82
02,10.2019 13:35:09;34;5.05;300;1062.86811458345;292.63;Module 1,1_10;1113.59;171,70;35,38;5,14;182,02;-10,32
02,10.2019 13:37:03;34.2;5.03;302.5;540.0435777435999;293.25;Module 1,1_10;565.75;172,03;35,46;2,58;91,35;80,68
02,10.2019 13:39:05;33.5;4.71;302.5;671.5006346906688;293.55;Module 1,1_10;703.38;157,78;35,43;3,22;114,19;43,60
02,10.2019 13:41:12;33.7;1.68;306;356.8537297725302;293.46;Module 1,1_10;373.75;56,62;34,66;1,67;58,05;-1,43
02,10.2019 13:43:04;33;1.04;306;221.06693564688567;292.7;Module 1,1_10;231.51;34,32;34,14;1,01;34,35;-0,03
02,10.2019 13:44:57;33.7;1.39;306;545.1742324281034;291.78;Module 1,1_10;570.87;46,84;34,85;2,60;90,69;-43,85
02,10.2019 13:46:50;34.7;3.11;306;599.0181123176499;291.92;Module 1,1_10;627.19;107,92;34,84;2,87;99,92;8,00
02,10.2019 13:48:47;34.4;4.68;306;703.0481783193159;292;Module 1,1_10;736.04;160,99;34,80;3,38;117,59;43,41
02,10.2019 13:50:40;34.4;1.66;306;359.4756360806929;291.84;Module 1,1_10;376.31;57,10;34,67;1,69;58,51;-1,40
02,10.2019 13:52:40;34.3;1.65;306;357.0639222520649;291.52;Module 1,1_10;373.75;56,59;34,66;1,68;58,09;-1,49
02,10.2019 13:54:46;34.4;1.72;306;401.1250349768084;291.42;Module 1,1_10;419.83;59,17;34,74;1,89;65,76;-6,60
02,10.2019 13:56:39;34.5;1.64;303.5;342.45068834942344;291.39;Module 1,1_10;358.39;56,58;35,08;1,60;56,21;0,37
02,10.2019 13:58:32;34.7;1.65;303.5;337.58526011121455;291.03;Module 1,1_10;353.27;57,26;35,06;1,58;55,35;1,90
02,10.2019 14:00:25;34.2;1.15;303.5;251.7628764499812;290.89;Module 1,1_10;263.44;39,33;34,76;1,16;40,18;-0,85
02,10.2019 14:02:24;34.3;1.01;302.5;206.44166099337346;290.72;Module 1,1_10;216;34,64;34,68;0,93;32,33;2,31
02,10.2019 14:04:17;34.1;0.62;302.5;111.4672341347113;290.58;Module 1,1_10;116.62;21,14;33,57;0,47;15,66;5,48
02,10.2019 14:06:10;33.4;0.26;302;53.6057644499995;290.27;Module 1,1_10;56.08;8,68;31,52;0,19;5,87;2,81
02,10.2019 14:08:03;31.6;0.24;302;46.410979212655846;289.28;Module 1,1_10;48.55;7,58;30,87;0,15;4,71;2,87
02,10.2019 14:10:03;32.1;0.36;302;70.51487417549411;288.5;Module 1,1_10;73.76;11,56;32,49;0,27;8,68;2,87
02,10.2019 14:11:57;33;0.5;298.5;89.92705411651212;287.84;Module 1,1_10;94.06;16,50;33,80;0,36;12,15;4,35
02,10.2019 14:13:49;33.1;0.46;298.5;83.38261594702571;286.83;Module 1,1_10;87.21;15,23;33,60;0,33;11,01;4,21
02,10.2019 14:15:58;33.7;0.83;296;152.4804296623707;286.21;Module 1,1_10;159.47;27,97;35,36;0,66;23,48;4,49
02,10.2019 14:17:54;35.2;0.92;296;174.85403747744425;286.02;Module 1,1_10;182.86;32,38;35,59;0,77;27,55;4,84
02,10.2019 14:19:48;35;0.69;296;132.93959922076837;285.95;Module 1,1_10;139.02;24,15;35,11;0,57;19,95;4,20
02,10.2019 14:21:41;34.4;0.5;294.5;91.38436012388371;285.89;Module 1,1_10;95.56;17,20;34,55;0,36;12,60;4,60
02,10.2019 14:23:40;33.4;0.37;294.5;63.577725179631486;285.72;Module 1,1_10;66.48;12,36;33,49;0,23;7,71;4,65
02,10.2019 14:25:34;32.1;0.44;292.4;78.82476846827232;285.75;Module 1,1_10;82.42;14,12;34,54;0,30;10,45;3,67
02,10.2019 14:27:44;33.3;0.42;292.4;72.60154213893263;285.67;Module 1,1_10;75.91;13,99;34,30;0,27;9,35;4,64
02,10.2019 14:29:38;33.2;0.43;292.4;77.11818247012745;285.57;Module 1,1_10;80.63;14,28;34,48;0,29;10,15;4,13
02,10.2019 14:31:33;33.8;0.53;292.4;95.27415338035608;285.48;Module 1,1_10;99.61;17,91;35,03;0,38;13,40;4,51
02,10.2019 14:33:27;34.4;0.53;292.4;85.64456880253942;285.46;Module 1,1_10;89.54;18,23;34,77;0,34;11,67;6,56
02,10.2019 14:35:17;34;0.39;291.9;66.76472876096494;285.47;Module 1,1_10;69.8;13,26;34,12;0,24;8,33;4,93
02,10.2019 14:37:21;34.6;0.54;291.9;99.25948923096726;285.33;Module 1,1_10;103.77;18,68;35,22;0,40;14,15;4,54
02,10.2019 14:39:19;34.5;0.51;291.9;92.53647355424575;285.11;Module 1,1_10;96.74;17,59;35,05;0,37;12,93;4,66
02,10.2019 14:41:13;34.6;0.55;291.9;103.39449170582239;284.92;Module 1,1_10;108.09;19,03;35,32;0,42;14,90;4,13
02,10.2019 14:43:05;34.9;0.64;291.9;116.548146114535;284.77;Module 1,1_10;121.84;22,34;35,58;0,49;17,29;5,04
02,10.2019 14:45:03;34.8;0.62;291.9;112.88510164094598;284.66;Module 1,1_10;118.01;21,58;35,51;0,47;16,62;4,95
02,10.2019 14:46:56;34.8;0.67;291.9;122.79542796512786;284.64;Module 1,1_10;128.37;23,32;35,69;0,52;18,43;4,88
02,10.2019 14:48:52;35.1;0.78;291.9;142.1849979595353;284.65;Module 1,1_10;148.64;27,38;35,97;0,61;22,00;5,38
02,10.2019 14:50:54;35.4;0.97;291.9;177.08945128448352;284.72;Module 1,1_10;185.13;34,34;36,34;0,78;28,45;5,89
02,10.2019 14:52:58;35.7;1.19;291.9;218.7268962467174;284.78;Module 1,1_10;228.66;42,48;36,65;0,99;36,19;6,29
02,10.2019 14:54:50;36;1.51;291.9;283.83664232178967;285.03;Module 1,1_10;296.73;54,36;36,95;1,31;48,35;6,01
02,10.2019 14:56:45;36.2;1.57;291.9;294.9855287810133;285.35;Module 1,1_10;308.39;56,83;36,99;1,36;50,43;6,41
02,10.2019 14:58:55;35.7;1.56;291.9;305.16612680741565;285.39;Module 1,1_10;319.04;55,69;37,02;1,41;52,33;3,36
02,10.2019 15:00:48;36.2;1.76;292.4;335.4515062326933;285.27;Module 1,1_10;350.71;63,71;37,02;1,56;57,85;5,86
02,10.2019 15:02:50;36.1;1.91;292.4;364.8248714574803;285.42;Module 1,1_10;381.43;68,95;37,08;1,71;63,32;5,63
02,10.2019 15:04:48;36;2.28;294;509.27396351566676;285.89;Module 1,1_10;532.47;82,08;36,95;2,42;89,41;-7,33
02,10.2019 15:06:50;35.7;1.83;294;352.55881086193864;286.28;Module 1,1_10;368.63;65,33;36,77;1,65;60,61;4,72
02,10.2019 15:08:48;35.7;1.67;294;311.6893549630005;286.53;Module 1,1_10;325.91;59,62;36,67;1,45;53,05;6,57
02,10.2019 15:10:41;35.3;0.99;294.5;193.44599754002047;286.56;Module 1,1_10;202.28;34,95;36,02;0,86;31,14;3,81
02,10.2019 15:12:37;35;1.15;294.5;226.0657201526971;286.43;Module 1,1_10;236.4;40,25;36,23;1,02;37,14;3,11
02,10.2019 15:14:34;35;0.98;294.5;192.29938574095542;286.28;Module 1,1_10;201.1;34,30;36,01;0,86;30,93;3,37
02,10.2019 15:16:20;34.7;0.99;294.5;199.69106532910598;286.04;Module 1,1_10;208.84;34,35;36,06;0,90;32,28;2,07
02,10.2019 15:18:13;34.8;0.91;294.5;186.2654794091257;286.09;Module 1,1_10;194.81;31,67;35,96;0,83;29,82;1,85
02,10.2019 15:20:26;34.6;0.79;294;153.6122273307985;286.19;Module 1,1_10;160.67;27,33;35,73;0,67;23,89;3,44
02,10.2019 15:22:24;34.4;0.66;294;125.3902408574655;286.28;Module 1,1_10;131.16;22,70;35,35;0,53;18,75;3,96
02,10.2019 15:24:17;34.3;0.58;294.5;112.94496649933666;286.14;Module 1,1_10;118.15;19,89;35,05;0,47;16,46;3,43
02,10.2019 15:26:09;34.1;0.53;294.5;99.58338939995156;285.92;Module 1,1_10;104.18;18,07;34,77;0,40;14,06;4,01
02,10.2019 15:28:02;33.8;0.41;294.5;79.85762652132692;285.66;Module 1,1_10;83.55;13,86;34,20;0,31;10,56;3,30
02,10.2019 15:29:55;33.1;0.44;294;85.84373890015104;285.34;Module 1,1_10;89.82;14,56;34,48;0,34;11,64;2,93
02,10.2019 15:31:57;33.2;0.45;294;83.552016212001;285.17;Module 1,1_10;87.43;14,94;34,41;0,33;11,23;3,71
02,10.2019 15:33:50;32.7;0.37;292.4;69.51704900323442;285.17;Module 1,1_10;72.75;12,10;34,16;0,26;8,80;3,30
02,10.2019 15:35:55;32.7;0.36;292.4;66.5002438436744;285.1;Module 1,1_10;69.6;11,77;34,02;0,24;8,27;3,50
02,10.2019 15:37:59;32.7;0.31;292.4;55.39186044227993;285.1;Module 1,1_10;57.98;10,14;33,34;0,19;6,34;3,80
02,10.2019 15:39:52;32.7;0.28;292.4;50.36153691817321;285.04;Module 1,1_10;52.72;9,16;32,91;0,17;5,48;3,68
02,10.2019 15:41:59;31.8;0.26;292.4;46.792800595917626;284.98;Module 1,1_10;48.99;8,27;32,53;0,15;4,87;3,39
02,10.2019 15:44:18;32;0.22;291.9;40.33998518815932;284.86;Module 1,1_10;42.24;7,04;31,64;0,12;3,81;3,23
02,10.2019 15:46:11;31.9;0.22;291.9;39.494942883388156;284.82;Module 1,1_10;41.36;7,02;31,47;0,12;3,67;3,35
02,10.2019 15:48:07;31.6;0.19;290.4;33.03563671548294;284.85;Module 1,1_10;34.6;6,00;29,59;0,09;2,65;3,36
02,10.2019 15:50:03;31.4;0.2;290.4;34.91201640099865;284.88;Module 1,1_10;36.57;6,28;30,39;0,10;2,94;3,34
02,10.2019 15:52:05;31.4;0.16;290.4;28.42579822714217;284.85;Module 1,1_10;29.78;5,02;26,59;0,07;1,97;3,05
02,10.2019 15:54:01;31.5;0.16;289.9;27.95413206945987;284.73;Module 1,1_10;29.29;5,04;26,21;0,07;1,91;3,13
02,10.2019 15:55:53;31.3;0.19;289.9;32.30158554240927;284.6;Module 1,1_10;33.85;5,95;29,26;0,09;2,53;3,41
02,10.2019 15:57:46;31.9;0.17;289.9;28.49942360381198;284.48;Module 1,1_10;29.87;5,42;26,66;0,07;1,98;3,44
02,10.2019 15:59:43;31.3;0.14;289.9;24.411927591153816;284.32;Module 1,1_10;25.59;4,38;23,04;0,06;1,46;2,93
02,10.2019 16:01:39;31.7;0.15;289.9;26.19155609015397;284.17;Module 1,1_10;27.46;4,75;24,67;0,07;1,68;3,08
02,10.2019 16:03:31;31.6;0.19;288.4;34.512651522989934;284.06;Module 1,1_10;36.19;6,00;30,45;0,09;2,87;3,13
02,10.2019 16:05:24;31.8;0.19;288.4;31.59861795605871;284.04;Module 1,1_10;33.14;6,04;28,96;0,08;2,43;3,62
02,10.2019 16:07:54;31.8;0.15;287.4;28.969691210963596;283.94;Module 1,1_10;30.39;4,77;27,09;0,08;2,04;2,73
02,10.2019 16:09:57;31.5;0.15;287.4;26.419155732812946;283.93;Module 1,1_10;27.72;4,72;24,88;0,07;1,70;3,02
02,10.2019 16:11:55;31.9;0.15;287.4;26.814078574934083;283.88;Module 1,1_10;28.14;4,78;25,23;0,07;1,75;3,03
02,10.2019 16:13:48;31.6;0.13;287.4;24.14122534337876;283.88;Module 1,1_10;25.34;4,11;22,77;0,06;1,42;2,69
02,10.2019 16:15:58;31.4;0.13;287.4;24.068851840972968;283.82;Module 1,1_10;25.27;4,08;22,70;0,06;1,41;2,67
02,10.2019 16:17:56;31.8;0.18;287.4;32.329087888124505;283.8;Module 1,1_10;33.95;5,72;29,47;0,09;2,54;3,19
02,10.2019 16:19:49;32.1;0.2;287.4;36.19681333609707;283.83;Module 1,1_10;38.02;6,42;31,20;0,10;3,14;3,28
02,10.2019 16:21:42;32;0.21;287.4;37.27368861214139;283.81;Module 1,1_10;39.16;6,72;31,55;0,11;3,32;3,40
02,10.2019 16:23:29;32.3;0.16;287.4;28.586658535106338;283.79;Module 1,1_10;30.04;5,17;26,77;0,07;1,99;3,18
02,10.2019 16:25:26;31.9;0.11;287.4;20.82575112004968;283.78;Module 1,1_10;21.89;3,51;19,66;0,05;1,06;2,45
02,10.2019 16:29:19;31.8;0.09;287.4;17.81958381362204;283.75;Module 1,1_10;18.74;2,86;16,82;0,05;0,77;2,09
02,10.2019 16:31:52;31.8;0.17;287.4;31.567464932159155;283.7;Module 1,1_10;33.21;5,41;29,00;0,08;2,42;2,99
02,10.2019 16:33:46;32;0.18;287.4;31.216539879662896;283.67;Module 1,1_10;32.85;5,76;28,77;0,08;2,37;3,39
02,10.2019 16:35:41;31.9;0.18;287.4;32.40445402369738;283.67;Module 1,1_10;34.11;5,74;29,51;0,09;2,55;3,19
02,10.2019 16:37:34;31.8;0.17;287.4;28.890434677048447;283.53;Module 1,1_10;30.42;5,41;27,03;0,08;2,03;3,37
02,10.2019 16:39:56;32;0.17;287.4;29.6483246382429;283.4;Module 1,1_10;31.23;5,44;27,63;0,08;2,14;3,30
02,10.2019 16:41:49;31.7;0.19;287.4;32.27732079030144;283.39;Module 1,1_10;34.01;6,02;29,44;0,09;2,53;3,49
02,10.2019 16:43:44;31.8;0.17;287.4;29.562703045433537;283.35;Module 1,1_10;31.16;5,41;27,57;0,08;2,13;3,28
02,10.2019 16:45:38;31.6;0.16;287.4;27.617899530935702;283.3;Module 1,1_10;29.12;5,06;25,95;0,07;1,86;3,20
02,10.2019 16:47:47;31.8;0.11;287.4;21.64376290841879;283.22;Module 1,1_10;22.83;3,50;20,43;0,06;1,14;2,36
02,10.2019 16:49:41;31.3;0.1;287.4;20.110123896756733;283.16;Module 1,1_10;21.22;3,13;18,98;0,05;0,99;2,14
02,10.2019 16:51:35;31.5;0.13;287.4;24.10986032962348;283.14;Module 1,1_10;25.45;4,09;22,74;0,06;1,42;2,68
02,10.2019 16:53:28;31.8;0.13;287.4;26.023010394077964;283.14;Module 1,1_10;27.48;4,13;24,52;0,07;1,65;2,48
02,10.2019 16:55:23;32;0.11;287.4;22.103105447471865;283.13;Module 1,1_10;23.35;3,52;20,86;0,06;1,19;2,33
02,10.2019 16:57:19;31.9;0.09;287.4;17.665630955204232;283.02;Module 1,1_10;18.67;2,87;16,68;0,05;0,76;2,11
02,10.2019 16:59:12;32;0.09;287.4;18.48105908384113;282.97;Module 1,1_10;19.54;2,88;17,45;0,05;0,83;2,05
02,10.2019 17:01:36;31.5;0.09;287.4;18.07378692451359;283;Module 1,1_10;19.12;2,83;17,06;0,05;0,80;2,04
02,10.2019 17:03:35;30.6;0.09;287.4;17.280981298638196;282.99;Module 1,1_10;18.29;2,75;16,31;0,04;0,73;2,03
02,10.2019 17:05:34;31.8;0.07;287.4;15.591511774909097;282.96;Module 1,1_10;16.51;2,23;14,72;0,04;0,59;1,63
02,10.2019 17:07:38;31.8;0.1;287.4;18.73576576017466;282.88;Module 1,1_10;19.85;3,18;17,69;0,05;0,86;2,32
02,10.2019 17:09:32;31.7;0.09;286.4;17.113126384611125;282.78;Module 1,1_10;18.14;2,85;16,15;0,04;0,71;2,14
02,10.2019 17:11:40;32;0.08;286.4;16.509119426350168;282.73;Module 1,1_10;17.51;2,56;15,58;0,04;0,66;1,90
02,10.2019 17:13:35;31.9;0.09;286.4;18.196317418661557;282.71;Module 1,1_10;19.31;2,87;17,17;0,05;0,81;2,06
02,10.2019 17:15:29;31.8;0.1;286.4;19.56119665340211;282.69;Module 1,1_10;20.77;3,18;18,46;0,05;0,93;2,25
02,10.2019 17:17:26;31.6;0.15;286.4;28.60437737453545;282.67;Module 1,1_10;30.39;4,74;26,80;0,07;1,99;2,75
02,10.2019 17:19:23;31.9;0.19;286.4;32.62232108912781;282.69;Module 1,1_10;34.68;6,06;29,71;0,09;2,58;3,48
02,10.2019 17:21:25;31.9;0.21;286.4;36.74634462022237;282.76;Module 1,1_10;39.09;6,70;31,51;0,10;3,23;3,47
02,10.2019 17:23:27;32;0.21;286.4;37.55721756728779;282.82;Module 1,1_10;39.98;6,72;31,77;0,11;3,37;3,35
02,10.2019 17:25:21;32.3;0.22;286.4;38.780867616524304;282.88;Module 1,1_10;41.31;7,11;32,09;0,11;3,57;3,54
02,10.2019 17:27:26;32.9;0.24;286.4;43.11363563596715;282.92;Module 1,1_10;45.96;7,90;32,99;0,13;4,30;3,60
02,10.2019 17:29:22;32.9;0.28;286.4;51.20010752215669;283.01;Module 1,1_10;54.62;9,21;34,02;0,17;5,70;3,52
02,10.2019 17:31:25;32.9;0.31;286.4;57.060040933237794;283.11;Module 1,1_10;60.92;10,20;34,50;0,20;6,73;3,47
02,10.2019 17:33:20;33.1;0.37;287.4;65.38289393728392;283.16;Module 1,1_10;69.86;12,25;34,84;0,24;8,20;4,05
02,10.2019 17:35:15;33.1;0.36;287.4;63.9930937964673;283.23;Module 1,1_10;68.43;11,92;34,77;0,23;7,95;3,97
02,10.2019 17:37:16;32.5;0.24;287.4;43.85796214204497;283.28;Module 1,1_10;46.94;7,80;32,95;0,13;4,42;3,38
02,10.2019 17:39:10;32.2;0.23;287.4;42.70940455733036;283.26;Module 1,1_10;45.75;7,41;32,77;0,13;4,22;3,18
02,10.2019 17:41:19;32.9;0.35;287.4;66.56868086296781;283.23;Module 1,1_10;71.38;11,51;34,91;0,24;8,41;3,10
02,10.2019 17:43:43;32.9;0.45;287.4;81.92503856541565;283.32;Module 1,1_10;87.95;14,80;35,54;0,32;11,20;3,61
02,10.2019 17:45:38;34.4;0.55;287.4;102.93137122412666;283.44;Module 1,1_10;110.61;18,92;36,11;0,42;15,07;3,85
02,10.2019 17:47:32;34.8;0.58;287.4;111.06359951528839;283.59;Module 1,1_10;119.47;20,18;36,28;0,46;16,58;3,61
02,10.2019 17:49:39;34.8;0.54;289.9;104.52594032663441;283.71;Module 1,1_10;112.57;18,79;35,70;0,43;15,22;3,57
02,10.2019 17:51:37;34.7;0.56;289.9;108.44119083922521;283.84;Module 1,1_10;116.92;19,43;35,78;0,45;15,94;3,50
02,10.2019 17:53:36;34.9;0.58;289.9;112.11840988035503;283.89;Module 1,1_10;121.03;20,24;35,85;0,46;16,61;3,63
02,10.2019 17:55:33;34.9;0.58;289.9;110.19468048360434;283.95;Module 1,1_10;119.1;20,24;35,82;0,45;16,26;3,98
02,10.2019 17:57:30;34.8;0.53;289.9;100.13814822985495;284.03;Module 1,1_10;108.37;18,44;35,60;0,40;14,41;4,03
02,10.2019 17:59:25;34.6;0.52;289.9;99.68313064830984;284;Module 1,1_10;108.02;17,99;35,59;0,40;14,33;3,66
02,10.2019 18:01:17;34.6;0.52;289.9;99.19011194533421;284.02;Module 1,1_10;107.63;17,99;35,58;0,40;14,24;3,75
02,10.2019 18:03:10;34.8;0.51;290.4;96.26161492558495;284.05;Module 1,1_10;104.6;17,75;35,41;0,39;13,68;4,07
02,10.2019 18:05:10;34.6;0.51;290.4;96.33110551983955;284.06;Module 1,1_10;104.84;17,65;35,42;0,39;13,69;3,95
02,10.2019 18:07:12;34.6;0.57;290.4;109.51661133502932;284.11;Module 1,1_10;119.39;19,72;35,71;0,45;16,10;3,62
02,10.2019 18:09:07;34.7;0.59;290.4;117.48579115114583;284.12;Module 1,1_10;128.29;20,47;35,87;0,49;17,57;2,91
02,10.2019 18:11:10;33.9;0.62;290.4;121.24354772656261;284.12;Module 1,1_10;132.64;21,02;35,93;0,51;18,26;2,76
02,10.2019 18:13:03;34.7;0.58;290.4;115.81578955512143;284.1;Module 1,1_10;126.93;20,13;35,84;0,48;17,26;2,87
02,10.2019 18:14:55;34.8;0.6;290.4;120.43539903448894;284.14;Module 1,1_10;132.24;20,88;35,91;0,50;18,11;2,77
02,10.2019 18:16:51;34.8;0.59;290.4;118.65436009279965;284.21;Module 1,1_10;130.55;20,53;35,88;0,50;17,78;2,75
02,10.2019 18:18:50;34.9;0.59;290.4;117.58615598060769;284.23;Module 1,1_10;129.66;20,59;35,87;0,49;17,58;3,01
02,10.2019 18:20:55;34.9;0.58;290.4;115.26320157124306;284.28;Module 1,1_10;127.41;20,24;35,82;0,48;17,16;3,08
02,10.2019 18:23:07;34.8;0.59;291.4;167.69764363732764;284.41;Module 1,1_10;185.88;20,53;36,34;0,74;26,77;-6,23
02,10.2019 18:24:59;35.4;0.49;291.4;98.24802271618957;284.54;Module 1,1_10;109.17;17,35;35,29;0,40;13,99;3,36
02,10.2019 18:26:58;34.4;0.48;291.9;97.4275691424524;284.56;Module 1,1_10;108.56;16,51;35,18;0,39;13,81;2,70
02,10.2019 18:28:51;34.6;0.55;291.9;110.87424246888406;284.47;Module 1,1_10;123.89;19,03;35,47;0,46;16,26;2,77
02,10.2019 18:30:43;34.9;0.55;291.9;108.58480208822728;284.42;Module 1,1_10;121.69;19,20;35,43;0,45;15,84;3,36
02,10.2019 18:32:56;35.4;0.51;291.9;101.98324987015843;284.32;Module 1,1_10;114.72;18,05;35,28;0,41;14,64;3,41
02,10.2019 18:34:52;37.5;0.81;291.9;86.00937110325862;284.3;Module 1,1_10;97.09;30,38;34,87;0,34;11,76;18,62
02,10.2019 18:36:46;35;0.41;291.9;63.655040022591514;284.28;Module 1,1_10;72.12;14,35;33,96;0,23;7,78;6,57
02,10.2019 18:38:43;33.1;0.29;291.9;48.47208585680493;284.14;Module 1,1_10;55.14;9,60;32,80;0,16;5,16;4,44
02,10.2019 18:40:46;32.3;0.21;290.4;42.38834671656037;283.95;Module 1,1_10;48.44;6,78;32,24;0,13;4,15;2,63
02,10.2019 18:42:39;32.5;0.2;290.4;38.10291693201523;283.75;Module 1,1_10;43.74;6,50;31,37;0,11;3,45;3,05
02,10.2019 18:44:36;32.5;0.19;290.4;39.21985661034832;283.57;Module 1,1_10;45.25;6,17;31,63;0,11;3,63;2,55
02,10.2019 18:46:30;32.6;0.2;289.9;41.29639693482363;283.42;Module 1,1_10;47.9;6,52;32,13;0,12;3,97;2,55
02,10.2019 18:48:23;32.9;0.24;289.9;44.96141443852909;283.31;Module 1,1_10;52.45;7,90;32,71;0,14;4,59;3,31
02,10.2019 18:50:27;33.2;0.26;289.9;48.15386847822285;283.25;Module 1,1_10;56.56;8,63;33,11;0,15;5,13;3,50
02,10.2019 18:52:26;33.5;0.22;288.4;42.09385407673553;283.2;Module 1,1_10;49.8;7,37;32,50;0,13;4,11;3,26
02,10.2019 18:54:20;32.9;0.2;288.4;37.086337791888205;283.11;Module 1,1_10;44.21;6,58;31,36;0,10;3,29;3,29
02,10.2019 18:56:17;32.4;0.21;287.4;37.309864718632234;283.02;Module 1,1_10;44.86;6,80;31,55;0,11;3,32;3,48
02,10.2019 18:58:16;33.3;0.26;287.4;40.16215698669062;282.99;Module 1,1_10;48.76;8,66;32,28;0,12;3,79;4,86
02,10.2019 19:00:09;32.6;0.27;287.4;47.105863802123054;282.98;Module 1,1_10;57.78;8,80;33,40;0,15;4,97;3,83
02,10.2019 19:02:32;33.2;0.24;287.4;42.198942597292636;283.01;Module 1,1_10;52.53;7,97;32,68;0,13;4,14;3,83
02,10.2019 19:04:33;33.8;0.26;287.4;45.803194708440344;283.07;Module 1,1_10;57.84;8,79;33,23;0,14;4,75;4,04
02,10.2019 19:06:25;33.8;0.25;287.4;46.129144065964525;283.15;Module 1,1_10;59.14;8,45;33,27;0,14;4,81;3,64
02,10.2019 19:09:08;32.7;0.24;287.4;36.83336931340617;283.21;Module 1,1_10;48.47;7,85;31,41;0,10;3,25;4,60
02,10.2019 19:11:09;32.6;0.17;287.4;28.47011491634495;283.16;Module 1,1_10;38.35;5,54;26,68;0,07;1,97;3,57
02,10.2019 19:13:03;32.4;0.15;287.4;25.703980815111027;283.08;Module 1,1_10;35.54;4,86;24,22;0,07;1,61;3,25
02,10.2019 19:14:56;32.3;0.14;287.4;22.71737325280793;283.01;Module 1,1_10;32.4;4,52;21,44;0,06;1,26;3,26
02,10.2019 19:16:55;32.2;0.13;287.4;21.353697467359396;282.9;Module 1,1_10;31.7;4,19;20,16;0,06;1,11;3,07
02,10.2019 19:19:06;32.1;0.11;287.4;15.800782429469933;282.79;Module 1,1_10;24.82;3,53;14,91;0,04;0,61;2,92
02,10.2019 19:21:09;32.1;0.09;286.4;11.98733106699216;282.66;Module 1,1_10;20.21;2,89;11,31;0,03;0,35;2,54
02,10.2019 19:23:03;32.1;0.08;286.4;9.987345520015836;282.54;Module 1,1_10;18.42;2,57;9,42;0,03;0,24;2,32
02,10.2019 19:25:14;31.8;0.08;286.4;8.643807965227241;282.45;Module 1,1_10;18.59;2,54;8,16;0,02;0,18;2,36
02,10.2019 19:27:08;31.9;0.08;286.4;6.542247975438993;282.4;Module 1,1_10;17.56;2,55;6,17;0,02;0,10;2,45
02,10.2019 19:29:06;31.8;0.08;286.4;3.977674695445667;282.36;Module 1,1_10;16.89;2,54;3,75;0,01;0,04;2,51
02,10.2019 19:31:08;32.2;0.07;286.4;3.002752490386524;282.34;Module 1,1_10;15.63;2,25;2,84;0,01;0,02;2,23
02,10.2019 19:33:13;32.8;0;286.4;2.637734593282596;282.32;Module 1,1_10;13.73;0,00;2,49;0,01;0,02;-0,02
02,10.2019 19:35:11;33.1;0;286.4;2.3860643589635715;282.32;Module 1,1_10;12.42;0,00;2,25;0,01;0,01;-0,01
02,10.2019 19:37:07;32.7;0;286.4;1.9422794419582692;282.24;Module 1,1_10;10.11;0,00;1,84;0,01;0,01;-0,01
02,10.2019 19:39:04;32.7;0;285.9;0.0001;282.13;Module 1,1_10;8.68;0,00;0,00;0,00;0,00;0,00
02,10.2019 19:41:00;32.9;0;285.9;0.0001;282.07;Module 1,1_10;7.65;0,00;0,00;0,00;0,00;0,00
02,10.2019 19:42:56;32.2;0;285.9;0.0001;282.06;Module 1,1_10;6.89;0,00;0,00;0,00;0,00;0,00
02,10.2019 19:44:50;32.7;0;286.4;0.0001;281.99;Module 1,1_10;5.65;0,00;0,00;0,00;0,00;0,00
02,10.2019 19:46:50;33.7;0;286.4;0.0001;281.98;Module 1,1_10;4.48;0,00;0,00;0,00;0,00;0,00
02,10.2019 19:48:47;32.1;0;286.4;0.0001;281.95;Module 1,1_10;3.68;0,00;0,00;0,00;0,00;0,00
02,10.2019 19:50:50;32.5;0;286.4;0.0001;281.89;Module 1,1_10;2.28;0,00;0,00;0,00;0,00;0,00
02,10.2019 19:52:51;31.9;0;286.4;0.0001;281.96;Module 1,1_10;2.06;0,00;0,00;0,00;0,00;0,00
02,10.2019 19:54:43;30.5;0;285.9;0.0001;281.96;Module 1,1_10;1.02;0,00;0,00;0,00;0,00;0,00
02,10.2019 19:56:38;28.9;0;285.9;0.0001;281.91;Module 1,1_10;0.05;0,00;0,00;0,00;0,00;0,00
02,10.2019 19:58:31;27.7;0;285.9;0.0001;281.87;Module 1,1_10;-0.01;0,00;0,00;0,00;0,00;0,00
02,10.2019 20:00:29;27.7;0;285.9;0.0001;281.8;Module 1,1_10;-0.01;0,00;0,00;0,00;0,00;0,00
02,10.2019 20:02:22;27.7;0;285.9;0.0001;281.78;Module 1,1_10;-0.01;0,00;0,00;0,00;0,00;0,00
03,10.2019 08:44:48;27.6;0;279.9;7.3384787046071445;279.75;Module 1,1_10;9.54;0,00;6,91;0,02;0,13;-0,13
03,10.2019 08:46:36;27.1;0;279.9;6.37568429281844;279.75;Module 1,1_10;8.21;0,00;6,00;0,02;0,10;-0,10
03,10.2019 08:48:30;27;0;280.4;6.0981470681101575;279.75;Module 1,1_10;7.78;0,00;5,74;0,02;0,09;-0,09
03,10.2019 08:50:35;26.5;0;280.4;5.475349108953575;279.77;Module 1,1_10;6.92;0,00;5,16;0,01;0,07;-0,07
03,10.2019 08:52:29;26.1;0;280.4;5.877969463234319;279.78;Module 1,1_10;7.37;0,00;5,53;0,02;0,08;-0,08
03,10.2019 08:55:05;26.1;0;280.4;7.959200932590353;279.78;Module 1,1_10;9.88;0,00;7,49;0,02;0,15;-0,15
03,10.2019 08:57:01;24.4;0;280.4;9.360637466024015;279.78;Module 1,1_10;11.54;0,00;8,81;0,02;0,21;-0,21
03,10.2019 08:58:53;24.2;0;279.9;9.810869830129189;279.81;Module 1,1_10;12.02;0,00;9,23;0,03;0,23;-0,23
03,10.2019 09:01:00;24.1;0;279.9;10.253888661028993;279.83;Module 1,1_10;12.48;0,00;9,65;0,03;0,25;-0,25
03,10.2019 09:02:55;23.5;0;279.9;10.1133025649574;279.85;Module 1,1_10;12.24;0,00;9,52;0,03;0,25;-0,25
03,10.2019 09:04:47;21.3;0.07;279.9;11.75187045615079;279.86;Module 1,1_10;14.15;1,49;11,06;0,03;0,33;1,16
03,10.2019 09:06:40;20.7;0.09;279.9;14.146706982675575;279.9;Module 1,1_10;16.95;1,86;13,31;0,04;0,49;1,38
03,10.2019 09:08:33;19;0.1;279.9;16.510187122040975;279.92;Module 1,1_10;19.69;1,90;15,54;0,04;0,66;1,24
03,10.2019 09:10:31;19.1;0.11;279.9;16.889553260301287;279.95;Module 1,1_10;20.05;2,10;15,90;0,04;0,69;1,41
03,10.2019 09:12:25;19.2;0.12;279.9;18.373532060219414;279.99;Module 1,1_10;21.72;2,30;17,30;0,05;0,82;1,49
03,10.2019 09:14:17;19.7;0.1;277.8;16.339760143643506;280.03;Module 1,1_10;19.24;1,97;15,37;0,04;0,65;1,32
03,10.2019 09:16:10;19.5;0.09;277.8;14.705155698970426;280.04;Module 1,1_10;17.25;1,75;13,83;0,04;0,52;1,23
03,10.2019 09:18:03;19.4;0.08;277.8;13.731496597380822;280.06;Module 1,1_10;16.05;1,55;12,91;0,04;0,46;1,10
03,10.2019 09:20:06;19.4;0.08;277.8;13.73983167654082;280.08;Module 1,1_10;16;1,55;12,92;0,04;0,46;1,10
03,10.2019 09:22:13;19.4;0.09;277.8;15.453601838522074;280.09;Module 1,1_10;17.93;1,75;14,53;0,04;0,58;1,17
03,10.2019 09:24:06;19.6;0.09;277.8;16.15002272958245;280.1;Module 1,1_10;18.68;1,76;15,19;0,04;0,63;1,13
03,10.2019 09:25:59;19.6;0.1;277.8;17.16053408849233;280.1;Module 1,1_10;19.79;1,96;16,14;0,04;0,71;1,25
03,10.2019 09:27:53;19.6;0.12;278.3;19.366458104543533;280.12;Module 1,1_10;22.27;2,35;18,22;0,05;0,91;1,44
03,10.2019 09:29:47;19.9;0.11;278.3;18.887802139712168;280.14;Module 1,1_10;21.66;2,19;17,77;0,05;0,86;1,33
03,10.2019 09:31:40;19.9;0.13;278.3;21.5688228674343;280.17;Module 1,1_10;24.67;2,59;20,29;0,06;1,13;1,46
03,10.2019 09:33:33;26.5;0.13;278.3;23.463610224752156;280.19;Module 1,1_10;26.77;3,45;22,07;0,06;1,33;2,11
03,10.2019 09:35:26;31.6;0.13;278.3;23.906810247551057;280.19;Module 1,1_10;27.21;4,11;22,48;0,06;1,38;2,72
03,10.2019 09:37:18;32;0.15;282.4;29.19270815628386;280.22;Module 1,1_10;33.15;4,80;27,34;0,08;2,07;2,73
03,10.2019 09:39:14;32.6;0.21;282.4;36.9297766486831;280.25;Module 1,1_10;41.84;6,85;32,06;0,10;3,27;3,58
03,10.2019 09:41:10;32.4;0.17;282.4;31.01368344699138;280.31;Module 1,1_10;35.06;5,51;28,84;0,08;2,33;3,18
03,10.2019 09:43:13;32.6;0.24;283.9;41.34110749129784;280.35;Module 1,1_10;46.63;7,82;33,05;0,12;4,01;3,82
03,10.2019 09:45:10;33.1;0.24;283.9;41.96808523552797;280.42;Module 1,1_10;47.24;7,94;33,17;0,12;4,11;3,83
03,10.2019 09:47:03;32.8;0.21;284.4;37.07281682055895;280.48;Module 1,1_10;41.65;6,89;31,87;0,10;3,29;3,60
03,10.2019 09:48:57;32.3;0.2;284.4;35.62599420180922;280.54;Module 1,1_10;39.95;6,46;31,34;0,10;3,05;3,41
03,10.2019 09:50:49;32.2;0.2;284.4;36.78789919414277;280.57;Module 1,1_10;41.18;6,44;31,77;0,10;3,24;3,20
03,10.2019 09:52:42;32.5;0.19;284.4;35.330135661389505;280.61;Module 1,1_10;39.48;6,17;31,22;0,10;3,01;3,17
03,10.2019 09:54:35;31.9;0.24;284.4;47.615800646876515;280.67;Module 1,1_10;53.12;7,66;33,95;0,15;5,09;2,57
03,10.2019 09:56:49;33.6;0.36;285.9;66.2345021950387;280.75;Module 1,1_10;73.75;12,10;35,16;0,24;8,39;3,71
03,10.2019 09:58:43;34.8;0.4;285.9;74.76676861718201;280.84;Module 1,1_10;83.12;13,92;35,54;0,28;9,94;3,98
03,10.2019 10:00:37;34.7;0.35;285.9;64.75457039409577;280.92;Module 1,1_10;71.88;12,14;35,07;0,23;8,12;4,03
03,10.2019 10:02:30;34.4;0.3;285.9;55.57459061329274;280.99;Module 1,1_10;61.6;10,32;34,48;0,19;6,47;3,85
03,10.2019 10:04:37;34.4;0.3;285.9;58.717007904347966;281.06;Module 1,1_10;64.98;10,32;34,70;0,20;7,03;3,29
03,10.2019 10:06:37;34.4;0.34;286.4;64.98281140773969;281.1;Module 1,1_10;71.81;11,70;35,00;0,23;8,15;3,55
03,10.2019 10:08:30;34.6;0.35;286.4;65.93871922270444;281.17;Module 1,1_10;72.77;12,11;35,05;0,24;8,32;3,79
03,10.2019 10:10:22;34.5;0.35;286.4;66.47636100895353;281.26;Module 1,1_10;73.27;12,07;35,08;0,24;8,42;3,66
03,10.2019 10:12:18;34.6;0.34;286.4;67.10658690164728;281.34;Module 1,1_10;73.87;11,76;35,11;0,24;8,53;3,23
03,10.2019 10:14:19;34.6;0.34;286.4;67.73026262317958;281.39;Module 1,1_10;74.46;11,76;35,14;0,25;8,65;3,12
03,10.2019 10:16:13;34.5;0.38;286.4;75.43311350262594;281.46;Module 1,1_10;82.83;13,11;35,48;0,28;10,05;3,06
03,10.2019 10:18:08;34.8;0.43;286.4;85.92394694786967;281.54;Module 1,1_10;94.24;14,96;35,84;0,33;11,97;2,99
03,10.2019 10:20:21;35.2;0.54;287.4;104.78791480600962;281.64;Module 1,1_10;114.78;19,01;36,15;0,43;15,41;3,60
03,10.2019 10:22:13;35.5;0.6;287.4;115.09895057359702;281.74;Module 1,1_10;125.94;21,30;36,36;0,48;17,33;3,97
03,10.2019 10:24:06;35.7;0.56;287.4;108.23894226366353;281.8;Module 1,1_10;118.31;19,99;36,23;0,44;16,05;3,94
03,10.2019 10:26:07;35.1;0.47;287.4;93.71214970574783;281.83;Module 1,1_10;102.32;16,50;35,89;0,37;13,36;3,14
03,10.2019 10:28:01;35.3;0.58;287.4;120.14513684292143;281.83;Module 1,1_10;131.05;20,47;36,45;0,50;18,27;2,21
03,10.2019 10:29:55;35.9;0.73;287.4;151.16956873793168;281.92;Module 1,1_10;164.73;26,21;36,88;0,65;24,09;2,11
03,10.2019 10:31:48;36.1;0.89;287.4;178.78530795155208;282.06;Module 1,1_10;194.64;32,13;37,16;0,79;29,31;2,82
03,10.2019 10:33:41;36.3;0.97;287.4;194.45914813206846;282.28;Module 1,1_10;211.51;35,21;37,28;0,87;32,28;2,93
03,10.2019 10:35:35;36.3;1.09;287.4;220.3359488569007;282.47;Module 1,1_10;239.44;39,57;37,45;0,99;37,20;2,37
03,10.2019 10:37:27;36.3;1.07;287.4;207.1991973270596;282.72;Module 1,1_10;224.97;38,84;37,38;0,93;34,70;4,14
03,10.2019 10:39:21;36.1;1.08;289.9;208.56594077741084;282.9;Module 1,1_10;226.26;38,99;36,94;0,94;34,60;4,39
03,10.2019 10:41:14;36;0.9;289.9;177.15032703835493;283.05;Module 1,1_10;192.02;32,40;36,70;0,78;28,70;3,70
03,10.2019 10:43:09;35.6;0.88;289.9;173.35357937868588;283.19;Module 1,1_10;187.75;31,33;36,66;0,76;27,99;3,34
03,10.2019 10:45:02;35.5;0.82;289.9;156.31234090448731;283.28;Module 1,1_10;169.16;29,11;36,49;0,68;24,81;4,30
03,10.2019 10:46:54;35.3;0.78;289.9;148.34015840756595;283.32;Module 1,1_10;160.41;27,53;36,40;0,64;23,32;4,21
03,10.2019 10:48:48;35.2;0.74;290.4;141.36381452932835;283.29;Module 1,1_10;152.75;26,05;36,23;0,61;21,98;4,07
03,10.2019 10:50:44;35.3;0.71;290.4;137.06198474453828;283.31;Module 1,1_10;147.99;25,06;36,17;0,59;21,18;3,88
03,10.2019 10:52:32;35;0.62;290.4;118.4534047339402;283.29;Module 1,1_10;127.81;21,70;35,88;0,49;17,74;3,96
03,10.2019 10:54:25;35;0.64;290.4;121.92176971919021;283.31;Module 1,1_10;131.46;22,40;35,94;0,51;18,38;4,02
03,10.2019 10:56:18;35;0.61;290.4;114.73859423397082;283.32;Module 1,1_10;123.63;21,35;35,81;0,48;17,06;4,29
03,10.2019 10:58:23;35;0.62;290.4;118.70592315500456;283.35;Module 1,1_10;127.81;21,70;35,88;0,50;17,79;3,91
03,10.2019 11:00:17;35.1;0.66;290.4;124.00743250514171;283.38;Module 1,1_10;133.43;23,17;35,98;0,52;18,77;4,40
03,10.2019 11:02:10;35;0.53;290.4;97.61966075833118;283.35;Module 1,1_10;104.97;18,55;35,45;0,39;13,93;4,62
03,10.2019 11:04:09;34.6;0.46;290.4;89.51340403529348;283.24;Module 1,1_10;96.19;15,92;35,23;0,35;12,45;3,46
03,10.2019 11:06:04;34.6;0.61;290.4;114.91552972037633;283.14;Module 1,1_10;123.41;21,11;35,82;0,48;17,09;4,01
03,10.2019 11:07:57;35.2;0.68;290.4;127.78619319820949;283.07;Module 1,1_10;137.15;23,94;36,03;0,54;19,47;4,47
03,10.2019 11:09:50;35.2;0.7;290.4;130.3222037972848;283.05;Module 1,1_10;139.79;24,64;36,07;0,55;19,93;4,71
03,10.2019 11:11:44;35.2;0.65;290.4;120.74294917533533;283.04;Module 1,1_10;129.44;22,88;35,92;0,51;18,17;4,71
03,10.2019 11:13:36;35.2;0.63;290.4;117.50608591162396;283.04;Module 1,1_10;125.9;22,18;35,87;0,49;17,57;4,61
03,10.2019 11:15:31;35.1;0.64;290.4;119.2153199738878;282.97;Module 1,1_10;127.66;22,46;35,89;0,50;17,88;4,58
03,10.2019 11:17:24;35;0.65;290.4;120.95188743334141;282.96;Module 1,1_10;129.45;22,75;35,92;0,51;18,20;4,55
03,10.2019 11:19:26;35.2;0.63;290.4;117.34647676430772;282.92;Module 1,1_10;125.52;22,18;35,86;0,49;17,54;4,64
03,10.2019 11:21:22;35.2;0.65;290.4;121.14996272432322;282.95;Module 1,1_10;129.52;22,88;35,93;0,51;18,24;4,64
03,10.2019 11:23:15;35.2;0.71;289.9;133.37702452858238;283.06;Module 1,1_10;142.52;24,99;36,20;0,57;20,54;4,45
03,10.2019 11:25:09;35.3;0.79;289.9;148.32145997627023;283.11;Module 1,1_10;158.41;27,89;36,40;0,64;23,32;4,57
03,10.2019 11:27:05;35.4;0.77;289.9;143.29898481804327;283.13;Module 1,1_10;152.97;27,26;36,34;0,62;22,38;4,87
03,10.2019 11:28:59;35.2;0.72;289.9;133.2922558309628;283.2;Module 1,1_10;142.22;25,34;36,20;0,57;20,53;4,82
03,10.2019 11:30:53;35.2;0.66;289.9;123.10596524248929;283.22;Module 1,1_10;131.29;23,23;36,05;0,52;18,64;4,59
03,10.2019 11:32:48;35.2;0.74;290.4;141.756017326454;283.27;Module 1,1_10;151.11;26,05;36,23;0,61;22,05;4,00
03,10.2019 11:34:42;35.2;0.76;290.4;144.32556060834688;283.32;Module 1,1_10;153.78;26,75;36,27;0,62;22,53;4,22
03,10.2019 11:36:36;35.3;0.79;290.4;148.14485039203453;283.38;Module 1,1_10;157.78;27,89;36,31;0,64;23,24;4,65
03,10.2019 11:38:29;35.2;0.73;290.4;134.35305195881847;283.46;Module 1,1_10;143.03;25,70;36,13;0,57;20,68;5,02
03,10.2019 11:40:24;35.1;0.66;290.4;123.37790388998745;283.42;Module 1,1_10;131.29;23,17;35,96;0,52;18,65;4,51
03,10.2019 11:42:17;34.9;0.63;291.9;118.38017767341617;283.45;Module 1,1_10;125.92;21,99;35,61;0,49;17,63;4,36
03,10.2019 11:44:13;35;0.65;291.9;122.46395310957348;283.47;Module 1,1_10;130.21;22,75;35,68;0,51;18,37;4,38
03,10.2019 11:46:09;35.1;0.73;291.9;140.1459440520641;283.51;Module 1,1_10;148.95;25,62;35,95;0,60;21,62;4,00
03,10.2019 11:48:02;35.2;0.75;291.9;140.94381893016075;283.57;Module 1,1_10;149.74;26,40;35,95;0,61;21,77;4,63
03,10.2019 11:49:56;35.2;0.78;291.9;147.59856764187026;283.66;Module 1,1_10;156.75;27,46;36,04;0,64;22,99;4,46
03,10.2019 11:51:49;35.2;0.86;291.9;163.65759248528133;283.78;Module 1,1_10;173.74;30,27;36,21;0,72;25,96;4,31
03,10.2019 11:54:00;35.3;1.01;291.9;194.69298260735968;283.96;Module 1,1_10;206.6;35,65;36,48;0,87;31,72;3,93
03,10.2019 11:55:54;35.5;1.03;291.9;198.38314748706728;284.09;Module 1,1_10;210.44;36,56;36,52;0,89;32,41;4,16
03,10.2019 11:57:48;35.4;0.94;291.9;182.0160927531929;284.23;Module 1,1_10;193.01;33,28;36,38;0,81;29,37;3,91
03,10.2019 11:59:42;35.3;1;291.9;191.3053255566559;284.33;Module 1,1_10;202.79;35,30;36,46;0,85;31,09;4,21
03,10.2019 12:01:37;35.4;0.99;291.9;188.41719698592186;284.42;Module 1,1_10;199.66;35,05;36,44;0,84;30,55;4,49
03,10.2019 12:03:31;35.4;1;291.9;189.4051599312977;284.51;Module 1,1_10;200.64;35,40;36,45;0,84;30,74;4,66
03,10.2019 12:05:53;35.2;0.94;291.9;180.1988185894389;284.6;Module 1,1_10;190.81;33,09;36,37;0,80;29,03;4,06
03,10.2019 12:07:47;35.2;0.93;292.4;177.6017891325472;284.69;Module 1,1_10;188;32,74;36,26;0,79;28,49;4,25
03,10.2019 12:09:48;35.2;0.97;292.4;184.76724289990878;284.78;Module 1,1_10;195.52;34,14;36,32;0,82;29,81;4,33
03,10.2019 12:11:41;35.2;0.97;292.4;183.68911302572144;284.86;Module 1,1_10;194.32;34,14;36,31;0,82;29,61;4,53
03,10.2019 12:13:33;35.2;0.99;292.4;186.16413144747463;284.92;Module 1,1_10;196.88;34,85;36,33;0,83;30,07;4,78
03,10.2019 12:15:27;35.2;0.97;292.4;183.4383411252357;285;Module 1,1_10;193.94;34,14;36,30;0,81;29,57;4,58
03,10.2019 12:17:22;35.2;0.92;292.4;178.50588306529744;285.03;Module 1,1_10;188.67;32,38;36,27;0,79;28,65;3,73
03,10.2019 12:19:18;35.1;1.04;292.4;197.6180306698001;285.11;Module 1,1_10;208.81;36,50;36,42;0,88;32,20;4,31
03,10.2019 12:21:13;35.2;1.18;292.4;227.81548300737222;285.22;Module 1,1_10;240.65;41,54;36,62;1,03;37,81;3,73
03,10.2019 12:23:06;35.5;1.11;292.4;210.95569234287075;285.4;Module 1,1_10;222.78;39,41;36,51;0,95;34,67;4,73
03,10.2019 12:25:06;35.1;0.95;292.4;176.25330470703958;285.42;Module 1,1_10;186.08;33,34;36,24;0,78;28,24;5,11
03,10.2019 12:26:58;35;0.91;294;177.84313340407436;285.41;Module 1,1_10;187.71;31,85;35,98;0,79;28,33;3,52
03,10.2019 12:28:56;35;1.1;294;209.4865025357771;285.42;Module 1,1_10;221.05;38,50;36,22;0,94;34,16;4,34
03,10.2019 12:30:49;35.3;1.03;294;193.35787907027552;285.41;Module 1,1_10;203.98;36,36;36,10;0,86;31,19;5,17
03,10.2019 12:32:42;35.1;1.09;294;207.7510174275102;285.36;Module 1,1_10;219.11;38,26;36,20;0,93;33,84;4,42
03,10.2019 12:34:41;35.5;1.35;294;260.1458422781221;285.33;Module 1,1_10;274.3;47,93;36,49;1,19;43,52;4,41
03,10.2019 12:36:34;35.6;1.59;294;295.67625446718773;285.5;Module 1,1_10;311.69;56,60;36,63;1,37;50,09;6,51
03,10.2019 12:38:30;35.5;1.48;294;315.7671883653051;285.8;Module 1,1_10;332.79;52,54;36,69;1,47;53,81;-1,27
03,10.2019 12:41:05;35.3;1.08;294.5;202.58494578265197;285.94;Module 1,1_10;213.44;38,12;36,08;0,91;32,82;5,31
03,10.2019 12:42:57;35;0.94;294.5;181.03156560929014;285.92;Module 1,1_10;190.69;32,90;35,91;0,80;28,86;4,04
03,10.2019 12:44:50;35;0.9;294.5;173.51229114810042;285.96;Module 1,1_10;182.73;31,50;35,84;0,77;27,48;4,02
03,10.2019 12:46:46;35.1;0.96;294.5;189.6770407533627;285.95;Module 1,1_10;199.71;33,70;35,98;0,85;30,44;3,25
03,10.2019 12:48:43;35.3;1.01;294.5;198.73303118524498;285.89;Module 1,1_10;209.2;35,65;36,05;0,89;32,11;3,54
03,10.2019 12:50:38;35.2;1;294.5;195.61964883391823;285.82;Module 1,1_10;205.88;35,20;36,03;0,88;31,54;3,66
03,10.2019 12:52:31;35.3;1.02;294.5;196.6565205314686;285.72;Module 1,1_10;206.93;36,01;36,04;0,88;31,73;4,28
03,10.2019 12:54:53;35.5;1.14;294.5;222.49405014635525;285.54;Module 1,1_10;234.06;40,47;36,21;1,01;36,48;3,99
03,10.2019 12:56:46;35.6;1.02;294.5;197.0653608573453;285.53;Module 1,1_10;207.27;36,31;36,04;0,88;31,80;4,51
03,10.2019 12:58:38;35.2;0.96;294.5;195.9511289376874;285.46;Module 1,1_10;206.06;33,79;36,03;0,88;31,60;2,19
03,10.2019 13:00:31;35.1;1;294.5;200.83758700927774;285.5;Module 1,1_10;211.16;35,10;36,07;0,90;32,50;2,60
03,10.2019 13:02:25;35.2;1.21;294.5;242.38796152987902;285.58;Module 1,1_10;254.8;42,59;36,32;1,11;40,15;2,44
03,10.2019 13:04:27;35.3;1.11;294;220.3216034199538;285.65;Module 1,1_10;231.56;39,18;36,29;1,00;36,16;3,02
03,10.2019 13:06:21;35.3;1.14;294;223.29059379427295;285.67;Module 1,1_10;234.64;40,24;36,30;1,01;36,71;3,53
03,10.2019 13:08:16;35.5;1.1;294;218.6742947791043;285.8;Module 1,1_10;229.75;39,05;36,27;0,99;35,86;3,19
03,10.2019 13:10:14;35.4;1.06;294.5;209.98216006654718;285.8;Module 1,1_10;220.58;37,52;36,13;0,95;34,18;3,35
03,10.2019 13:12:06;35.4;1.23;294.5;240.3684961159065;285.76;Module 1,1_10;252.46;43,54;36,30;1,10;39,77;3,77
03,10.2019 13:14:01;35.5;1.34;294.5;264.09880284141667;285.94;Module 1,1_10;277.34;47,57;36,42;1,21;44,15;3,42
03,10.2019 13:15:54;35.2;1.3;294.5;255.7007852113985;285.96;Module 1,1_10;268.48;45,76;36,38;1,17;42,60;3,16
03,10.2019 13:17:47;35.3;1.35;294.5;264.2641322764947;285.96;Module 1,1_10;277.43;47,66;36,42;1,21;44,18;3,47
03,10.2019 13:19:53;35.5;1.89;294.5;368.26531452519123;286.02;Module 1,1_10;386.55;67,09;36,72;1,73;63,36;3,73
03,10.2019 13:21:46;35.6;2;294.5;400.02774005564305;286.32;Module 1,1_10;419.83;71,20;36,77;1,88;69,21;1,99
03,10.2019 13:23:40;35.5;1.98;294.5;397.64391983488406;286.73;Module 1,1_10;417.27;70,29;36,77;1,87;68,77;1,52
03,10.2019 13:25:33;35.3;1.99;294.5;400.1374426908343;287.26;Module 1,1_10;419.83;70,25;36,77;1,88;69,23;1,02
03,10.2019 13:27:28;35.2;2.03;294.5;448.99589605332335;287.5;Module 1,1_10;471.03;71,46;36,82;2,12;78,20;-6,74
03,10.2019 13:29:22;35.4;2.12;296;414.88602718406435;287.69;Module 1,1_10;435.19;75,05;36,52;1,96;71,45;3,60
03,10.2019 13:31:07;35.5;2.75;296;483.2778236394039;287.84;Module 1,1_10;506.87;97,63;36,59;2,29;83,90;13,73
03,10.2019 13:33:00;36;1.84;298;363.7206601612379;288.24;Module 1,1_10;381.43;66,24;36,09;1,71;61,54;4,70
03,10.2019 13:35:24;34.8;1.45;298;298.1788586289625;288.3;Module 1,1_10;312.65;50,46;35,93;1,38;49,65;0,81
03,10.2019 13:37:17;35;2.23;298;410.21090807368887;287.89;Module 1,1_10;430.07;78,05;36,17;1,93;69,96;8,09
03,10.2019 13:39:10;35.3;1.84;298.5;388.2779454183691;287.83;Module 1,1_10;407.03;64,95;36,05;1,83;65,84;-0,88
03,10.2019 13:41:03;35.3;1.82;298.5;400.5314600479224;287.85;Module 1,1_10;419.83;64,25;36,07;1,89;68,05;-3,80
03,10.2019 13:42:55;35.2;1.34;298.5;260.6210302902185;287.8;Module 1,1_10;273.15;47,17;35,70;1,20;42,73;4,44
03,10.2019 13:44:49;34.7;1.23;298.5;254.273490344086;287.54;Module 1,1_10;266.47;42,68;35,66;1,17;41,58;1,10
03,10.2019 13:46:42;35;1.56;298.5;312.6649320132163;287.35;Module 1,1_10;327.63;54,60;35,88;1,45;52,16;2,44
03,10.2019 13:48:35;35.2;1.48;298;296.65103003134095;287.26;Module 1,1_10;310.82;52,10;35,92;1,37;49,37;2,72
03,10.2019 13:51:13;35.2;1.37;298;280.10871973334287;287.24;Module 1,1_10;293.45;48,22;35,86;1,29;46,37;1,86
03,10.2019 13:53:11;35.2;1.72;298;400.7797772230552;287.32;Module 1,1_10;419.83;60,54;36,16;1,89;68,25;-7,71
03,10.2019 13:55:04;35.2;2.18;298;381.26134736767807;287.4;Module 1,1_10;399.35;76,74;36,13;1,79;64,72;12,02
03,10.2019 13:56:56;35.5;1.88;298;435.0654958836721;287.67;Module 1,1_10;455.67;66,74;36,20;2,06;74,45;-7,71
03,10.2019 13:58:49;36.4;3.26;298;735.383069213558;288.09;Module 1,1_10;770.15;118,66;36,16;3,54;127,85;-9,19
03,10.2019 14:00:41;35.4;1.62;298;339.79216166473225;288.46;Module 1,1_10;355.83;57,35;36,05;1,59;57,20;0,15
03,10.2019 14:02:36;35;2.53;298.5;734.5850302982277;288.71;Module 1,1_10;769.2;88,55;36,08;3,53;127,42;-38,87
03,10.2019 14:04:29;34.7;1.65;298.5;359.40049195836013;288.55;Module 1,1_10;376.31;57,26;36,00;1,68;60,62;-3,36
03,10.2019 14:06:24;34.8;1.75;298.5;359.42472693388726;288.44;Module 1,1_10;376.31;60,90;36,00;1,68;60,62;0,28
03,10.2019 14:08:17;35;1.39;300;284.43639072291035;288.12;Module 1,1_10;297.78;48,65;35,52;1,32;46,72;1,93
03,10.2019 14:10:09;35;1.28;300;260.43844979093643;288.15;Module 1,1_10;272.64;44,80;35,43;1,20;42,41;2,39
03,10.2019 14:12:02;35;1.14;300;232.05222326477445;288.2;Module 1,1_10;242.91;39,90;35,28;1,06;37,30;2,60
03,10.2019 14:13:59;34.8;1.21;300;248.23936096934275;288.24;Module 1,1_10;259.84;42,11;35,37;1,14;40,21;1,90
03,10.2019 14:15:53;35.2;1.46;300;304.6209363422356;288.09;Module 1,1_10;318.84;51,39;35,59;1,41;50,35;1,04
03,10.2019 14:17:46;35.4;1.59;298.5;325.3018892459627;288.15;Module 1,1_10;340.47;56,29;35,92;1,52;54,45;1,84
03,10.2019 14:19:39;35.9;4.08;298.5;1059.134561737202;288.14;Module 1,1_10;1108.47;146,47;35,65;5,13;182,72;-36,24
03,10.2019 14:21:31;35.7;1.93;300;403.60710627233794;288.78;Module 1,1_10;422.39;68,90;35,81;1,90;68,13;0,78
03,10.2019 14:23:26;34.7;1.9;300;342.4665524706412;289.02;Module 1,1_10;358.39;65,93;35,70;1,60;57,15;8,78
03,10.2019 14:25:18;35.2;1.7;300;347.37132903889625;288.98;Module 1,1_10;363.51;59,84;35,71;1,63;58,04;1,80
03,10.2019 14:27:11;34.6;1.34;300;274.62063733553987;288.66;Module 1,1_10;287.37;46,36;35,48;1,27;44,96;1,41
03,10.2019 14:29:03;34.6;1.4;300;280.4199730168352;288.5;Module 1,1_10;293.43;48,44;35,51;1,30;46,00;2,44
03,10.2019 14:30:56;34.8;1.39;300;281.3257192103018;288.43;Module 1,1_10;294.37;48,37;35,52;1,30;46,16;2,21
03,10.2019 14:32:49;34.8;1.41;300;284.86839393173807;288.19;Module 1,1_10;298.07;49,07;35,52;1,32;46,80;2,27
03,10.2019 14:34:42;34.9;1.44;300;292.68244100177924;288.08;Module 1,1_10;306.24;50,26;35,55;1,36;48,20;2,05
03,10.2019 14:36:34;34.9;1.43;298.5;283.1681599884338;288.01;Module 1,1_10;296.28;49,91;35,79;1,31;46,82;3,09
03,10.2019 14:38:28;35;1.37;298.5;275.3444619300072;287.97;Module 1,1_10;288.09;47,95;35,76;1,27;45,40;2,55
03,10.2019 14:40:20;34.9;1.19;298.5;232.72966027491103;288;Module 1,1_10;243.5;41,53;35,55;1,06;37,68;3,85
03,10.2019 14:42:05;34.6;1.05;298;207.16432069214366;288;Module 1,1_10;216.75;36,33;35,49;0,93;33,14;3,19
03,10.2019 14:43:59;34.6;1.04;298;206.00877466613875;287.77;Module 1,1_10;215.54;35,98;35,48;0,93;32,93;3,05
03,10.2019 14:45:51;34.9;1.09;298;221.4162311664612;287.48;Module 1,1_10;231.66;38,04;35,58;1,00;35,72;2,32
03,10.2019 14:47:44;35;1.11;298;227.3416343637545;287.14;Module 1,1_10;237.86;38,85;35,62;1,03;36,79;2,06
03,10.2019 14:49:51;35.1;1.16;298;257.77207593668044;286.82;Module 1,1_10;269.7;40,72;35,77;1,18;42,31;-1,60
03,10.2019 14:51:44;35.3;1.24;296.5;253.8989299736777;286.66;Module 1,1_10;265.65;43,77;36,02;1,16;41,89;1,88
03,10.2019 14:53:49;35.4;1.3;296.5;265.9283546639007;286.65;Module 1,1_10;278.24;46,02;36,07;1,22;44,09;1,93
03,10.2019 14:55:46;35.2;1.44;296.5;288.64178448141445;286.71;Module 1,1_10;302.01;50,69;36,16;1,33;48,25;2,44
03,10.2019 14:58:55;35.2;1.26;296.5;257.6574979586584;286.58;Module 1,1_10;269.6;44,35;36,04;1,18;42,58;1,77
03,10.2019 15:00:50;35.2;1.19;296;243.74575796740922;286.79;Module 1,1_10;255.05;41,89;36,06;1,11;40,13;1,76
03,10.2019 15:02:45;35.4;1.28;296;261.7908513424743;287.03;Module 1,1_10;273.94;45,31;36,14;1,20;43,43;1,88
03,10.2019 15:04:38;35.4;1.62;296;337.59167522582516;287.39;Module 1,1_10;353.27;57,35;36,39;1,58;57,32;0,02
03,10.2019 15:06:32;36.3;1.46;296.5;286.4174355648613;287.73;Module 1,1_10;299.73;53,00;36,15;1,32;47,84;5,16
03,10.2019 15:08:57;34.8;1.09;296.5;220.34653907222184;288.04;Module 1,1_10;230.6;37,93;35,84;1,00;35,77;2,17
03,10.2019 15:10:50;34.7;0.93;296.5;185.8625968181606;288.2;Module 1,1_10;194.52;32,27;35,59;0,83;29,48;2,79
03,10.2019 15:12:43;34.6;1.1;296.5;211.30682643112945;288.13;Module 1,1_10;221.16;38,06;35,78;0,95;34,12;3,94
03,10.2019 15:14:38;35.1;1.09;296.5;214.0281568886459;288.07;Module 1,1_10;224.02;38,26;35,80;0,97;34,61;3,64
03,10.2019 15:16:31;34.9;1.14;296.5;220.18781175780643;288;Module 1,1_10;230.48;39,79;35,84;1,00;35,74;4,05
03,10.2019 15:18:24;34.9;1.12;296.5;219.59202946854262;287.88;Module 1,1_10;229.87;39,09;35,84;0,99;35,63;3,46
03,10.2019 15:20:17;34.8;0.99;296.5;196.56672349145967;287.9;Module 1,1_10;205.78;34,45;35,68;0,88;31,43;3,02
03,10.2019 15:22:09;34.7;0.82;296.5;158.6527418468627;287.85;Module 1,1_10;166.1;28,45;35,34;0,69;24,55;3,91
03,10.2019 15:24:25;34.5;0.79;296;156.06036994258557;287.78;Module 1,1_10;163.4;27,26;35,40;0,68;24,13;3,12
03,10.2019 15:26:18;34.5;0.74;296;147.3101797798357;287.67;Module 1,1_10;154.25;25,53;35,30;0,64;22,55;2,98
03,10.2019 15:28:11;34.5;0.73;296;144.8728520844126;287.49;Module 1,1_10;151.71;25,18;35,27;0,63;22,11;3,08
03,10.2019 15:30:05;34.6;0.75;296;146.2928084526577;287.38;Module 1,1_10;153.21;25,95;35,29;0,63;22,36;3,59
03,10.2019 15:32:09;34.7;0.74;296;144.71275144973762;287.14;Module 1,1_10;151.57;25,68;35,27;0,63;22,08;3,60
03,10.2019 15:34:08;34.8;0.83;294.5;161.81564717964255;286.89;Module 1,1_10;169.5;28,88;35,73;0,71;25,34;3,54
03,10.2019 15:36:01;35;0.91;294.5;181.82669556847887;286.84;Module 1,1_10;190.48;31,85;35,92;0,81;29,00;2,85
03,10.2019 15:37:53;35.3;1.01;294.5;200.19140818081775;286.76;Module 1,1_10;209.74;35,65;36,06;0,90;32,38;3,28
03,10.2019 15:40:37;35.8;1.22;294.5;245.5572443030611;286.8;Module 1,1_10;257.31;43,68;36,34;1,12;40,73;2,94
03,10.2019 15:42:31;35.4;1.17;294.5;234.06894201046296;286.76;Module 1,1_10;245.3;41,42;36,27;1,06;38,61;2,80
03,10.2019 15:44:32;35.4;1.03;294.5;209.70979901645953;286.66;Module 1,1_10;219.8;36,46;36,13;0,94;34,13;2,33
03,10.2019 15:46:27;35.2;1.04;294.5;209.97911288810576;286.71;Module 1,1_10;220.11;36,61;36,13;0,95;34,18;2,43
03,10.2019 15:48:23;35.3;0.96;294.5;190.46423809396248;286.72;Module 1,1_10;199.68;33,89;35,99;0,85;30,59;3,30
03,10.2019 15:50:15;35;1.01;294.5;197.48694825127646;286.78;Module 1,1_10;207.07;35,35;36,05;0,88;31,88;3,47
03,10.2019 15:52:08;35;1.04;294.5;202.92354237272664;286.87;Module 1,1_10;212.8;36,40;36,09;0,91;32,88;3,52
03,10.2019 15:54:04;34.9;0.98;294.5;192.05277248202518;286.82;Module 1,1_10;201.43;34,20;36,00;0,86;30,88;3,32
03,10.2019 15:55:59;34.8;0.92;294.5;181.2607047666656;286.82;Module 1,1_10;190.14;32,02;35,91;0,80;28,90;3,12
03,10.2019 15:57:55;34.6;0.77;294.5;150.67381098547241;286.61;Module 1,1_10;158.08;26,64;35,61;0,65;23,30;3,34
03,10.2019 15:59:48;34.4;0.6;294.5;116.21779960681528;286.33;Module 1,1_10;121.95;20,64;35,11;0,49;17,05;3,59
03,10.2019 16:01:49;34.1;0.52;294.5;97.84559558728029;286.06;Module 1,1_10;102.69;17,73;34,72;0,40;13,75;3,98
03,10.2019 16:03:42;34.1;0.47;294.5;86.61584389463928;285.93;Module 1,1_10;90.92;16,03;34,42;0,34;11,75;4,28
03,10.2019 16:05:38;33.2;0.43;294.5;79.16100101271485;285.85;Module 1,1_10;83.11;14,28;34,18;0,31;10,43;3,84
03,10.2019 16:07:49;32.9;0.42;294;77.82979031437459;285.75;Module 1,1_10;81.73;13,82;34,22;0,30;10,22;3,60
03,10.2019 16:09:41;33.3;0.43;294;79.77624399678766;285.68;Module 1,1_10;83.79;14,32;34,29;0,31;10,56;3,76
03,10.2019 16:11:34;32.7;0.46;292.4;85.47180366275109;285.62;Module 1,1_10;89.79;15,04;34,76;0,33;11,64;3,40
03,10.2019 16:13:27;33.1;0.47;292.4;88.48066143740225;285.57;Module 1,1_10;92.97;15,56;34,85;0,35;12,18;3,38
03,10.2019 16:15:21;33.5;0.52;292.4;100.08911431596763;285.39;Module 1,1_10;105.19;17,42;35,15;0,41;14,27;3,15
03,10.2019 16:17:14;34.4;0.56;292.4;105.99373491861029;285.31;Module 1,1_10;111.42;19,26;35,28;0,43;15,34;3,93
03,10.2019 16:19:09;34.4;0.59;292.4;117.42978836641997;285.26;Module 1,1_10;123.47;20,30;35,51;0,49;17,42;2,88
03,10.2019 16:21:02;34.4;0.63;292.4;124.8380020102485;285.29;Module 1,1_10;131.29;21,67;35,63;0,53;18,77;2,90
03,10.2019 16:22:55;34.5;0.64;292.4;129.5514746725306;285.32;Module 1,1_10;136.28;22,08;35,70;0,55;19,63;2,45
03,10.2019 16:24:49;35;0.7;292.4;139.50747091078094;285.36;Module 1,1_10;146.79;24,50;35,84;0,60;21,46;3,04
03,10.2019 16:26:42;34.8;0.63;292.9;120.4022015300021;285.34;Module 1,1_10;126.72;21,92;35,47;0,51;17,92;4,00
03,10.2019 16:28:35;34.4;0.49;292.9;93.53581659480102;285.4;Module 1,1_10;98.47;16,86;34,90;0,37;13,06;3,79
03,10.2019 16:30:28;33.9;0.37;291.9;67.04398484674843;285.51;Module 1,1_10;70.6;12,54;34,13;0,25;8,38;4,16
03,10.2019 16:32:23;32.4;0.29;291.9;51.084987413387104;285.46;Module 1,1_10;53.81;9,40;33,06;0,17;5,61;3,79
03,10.2019 16:34:37;32.1;0.25;291.9;44.756243738316684;285.47;Module 1,1_10;47.16;8,03;32,36;0,14;4,54;3,49
03,10.2019 16:36:35;32;0.24;291.9;44.74211536692465;285.45;Module 1,1_10;47.16;7,68;32,35;0,14;4,53;3,15
03,10.2019 16:38:28;31.7;0.27;291.9;49.57465795686558;285.39;Module 1,1_10;52.27;8,56;32,92;0,16;5,35;3,21
03,10.2019 16:40:21;32.2;0.3;290.4;55.256969213397554;285.33;Module 1,1_10;58.28;9,66;33,67;0,19;6,35;3,31
03,10.2019 16:42:15;32;0.34;290.4;64.01521716724154;285.28;Module 1,1_10;67.54;10,88;34,24;0,23;7,88;3,00
03,10.2019 16:44:08;32.5;0.41;290.4;76.69913062199561;285.28;Module 1,1_10;80.95;13,32;34,82;0,29;10,14;3,18
03,10.2019 16:46:02;33.9;0.49;290.4;95.63378927925018;285.26;Module 1,1_10;100.97;16,61;35,40;0,38;13,57;3,05
03,10.2019 16:47:54;34.5;0.59;290.4;116.56166430794103;285.32;Module 1,1_10;123.11;20,36;35,84;0,49;17,40;2,96
03,10.2019 16:50:24;34.7;0.67;291.9;131.39866432018053;285.52;Module 1,1_10;138.85;23,25;35,82;0,56;20,01;3,24
03,10.2019 16:52:17;34.7;0.69;291.9;133.88251941348133;285.6;Module 1,1_10;141.53;23,94;35,86;0,57;20,47;3,48
03,10.2019 16:54:10;34.7;0.72;291.9;142.81163057384222;285.67;Module 1,1_10;151.03;24,98;35,98;0,61;22,11;2,87
03,10.2019 16:56:03;34.9;0.81;291.9;163.77334440818552;285.84;Module 1,1_10;173.27;28,27;36,22;0,72;25,98;2,29
03,10.2019 16:58:11;34.8;0.81;291.9;164.44944599227995;285.97;Module 1,1_10;174.07;28,19;36,22;0,72;26,11;2,08
03,10.2019 17:00:04;34.9;0.67;292.4;143.06329747920984;286.04;Module 1,1_10;151.5;23,38;35,89;0,62;22,11;1,27
03,10.2019 17:01:56;34.8;0.58;292.4;121.35509554531302;286.01;Module 1,1_10;128.57;20,18;35,57;0,51;18,13;2,05
03,10.2019 17:03:49;34.8;0.61;292.4;125.04318671643838;285.96;Module 1,1_10;132.54;21,23;35,63;0,53;18,81;2,42
03,10.2019 17:06:03;34.8;0.63;292.4;126.96014722225166;285.97;Module 1,1_10;134.65;21,92;35,66;0,54;19,16;2,77
03,10.2019 17:07:58;34.6;0.59;292.4;118.64865639664667;286.02;Module 1,1_10;125.9;20,41;35,52;0,50;17,64;2,77
03,10.2019 17:09:52;34.5;0.52;292.4;101.1795930737666;286.01;Module 1,1_10;107.42;17,94;35,18;0,41;14,47;3,47
03,10.2019 17:11:49;34.2;0.45;292.4;85.27012441989893;285.99;Module 1,1_10;90.58;15,39;34,76;0,33;11,60;3,79
03,10.2019 17:13:45;34.1;0.38;292.4;73.88408334997992;285.92;Module 1,1_10;78.53;12,96;34,35;0,28;9,57;3,38
03,10.2019 17:15:37;33.2;0.37;292.4;69.2907286101127;285.79;Module 1,1_10;73.69;12,28;34,16;0,26;8,76;3,52
03,10.2019 17:17:32;32.9;0.35;292.4;64.63456303585052;285.71;Module 1,1_10;68.78;11,51;33,92;0,23;7,94;3,57
03,10.2019 17:19:37;32.7;0.32;291.9;57.95101922478557;285.67;Module 1,1_10;61.71;10,46;33,61;0,20;6,79;3,67
03,10.2019 17:21:40;32.7;0.27;291.9;49.28639057066967;285.66;Module 1,1_10;52.52;8,83;32,89;0,16;5,30;3,53
03,10.2019 17:23:34;32.2;0.25;291.9;44.71440191110699;285.6;Module 1,1_10;47.68;8,05;32,35;0,14;4,53;3,52
03,10.2019 17:25:26;31.9;0.24;291.9;43.34380684286128;285.55;Module 1,1_10;46.25;7,66;32,16;0,13;4,30;3,35
03,10.2019 17:27:19;31.9;0.2;291.9;36.30799590619884;285.41;Module 1,1_10;38.77;6,38;30,66;0,10;3,16;3,22
03,10.2019 17:29:18;31.4;0.15;290.4;28.147987121603045;285.34;Module 1,1_10;30.08;4,71;26,37;0,07;1,93;2,78
03,10.2019 17:31:10;31.4;0.12;290.4;22.8996927926432;285.28;Module 1,1_10;24.49;3,77;21,63;0,06;1,28;2,49
03,10.2019 17:33:08;31.7;0.1;290.4;19.02215709774873;285.18;Module 1,1_10;20.36;3,17;17,98;0,05;0,88;2,29
03,10.2019 17:35:01;31.5;0.09;290.4;18.01701733810491;285.08;Module 1,1_10;19.3;2,83;17,03;0,05;0,79;2,04
03,10.2019 17:37:02;31.6;0.1;290.4;19.380947380453495;285.01;Module 1,1_10;20.78;3,16;18,32;0,05;0,92;2,24
03,10.2019 17:39:00;31.7;0.12;289.9;23.60278094934905;284.96;Module 1,1_10;25.33;3,80;22,28;0,06;1,36;2,44
03,10.2019 17:40:53;31.5;0.15;289.9;27.55627279568756;284.93;Module 1,1_10;29.6;4,72;25,88;0,07;1,85;2,87
03,10.2019 17:42:46;32;0.16;289.9;30.08767624970583;284.91;Module 1,1_10;32.35;5,12;27,88;0,08;2,21;2,91
03,10.2019 17:44:49;31.2;0.16;289.9;29.7300128601686;284.89;Module 1,1_10;32;4,99;27,62;0,08;2,15;2,84
03,10.2019 17:46:42;31.2;0.15;289.9;27.508989130673903;284.86;Module 1,1_10;29.64;4,68;25,83;0,07;1,85;2,83
03,10.2019 17:48:35;31.8;0.14;289.9;26.83975459723949;284.85;Module 1,1_10;28.95;4,45;25,25;0,07;1,76;2,69
03,10.2019 17:50:29;31.6;0.14;289.9;26.013101238797596;284.85;Module 1,1_10;28.09;4,42;24,51;0,07;1,65;2,77
03,10.2019 17:52:55;31.6;0.14;289.9;25.298799172699326;284.86;Module 1,1_10;27.36;4,42;23,86;0,07;1,56;2,86
03,10.2019 17:54:48;31.6;0.14;289.9;25.803452452329108;284.89;Module 1,1_10;27.94;4,42;24,32;0,07;1,63;2,80
03,10.2019 17:56:40;31.9;0.14;289.9;27.00676821936072;284.92;Module 1,1_10;29.28;4,47;25,39;0,07;1,78;2,69
03,10.2019 17:58:33;31.4;0.15;289.9;29.034160269459054;284.92;Module 1,1_10;31.52;4,71;27,09;0,08;2,06;2,65
03,10.2019 18:00:28;32;0.15;289.9;27.843308066551756;284.94;Module 1,1_10;30.27;4,80;26,12;0,07;1,89;2,91
03,10.2019 18:02:20;32;0.13;289.9;25.139573060761684;284.93;Module 1,1_10;27.37;4,16;23,71;0,07;1,54;2,62
03,10.2019 18:04:15;31.5;0.12;289.9;23.110664067630836;284.93;Module 1,1_10;25.2;3,78;21,83;0,06;1,30;2,48
03,10.2019 18:06:08;31.5;0.12;289.9;21.691359146899206;284.92;Module 1,1_10;23.69;3,78;20,49;0,06;1,15;2,63
03,10.2019 18:08:26;31.8;0.1;288.4;19.316999949379237;284.9;Module 1,1_10;21.14;3,18;18,24;0,05;0,91;2,27
03,10.2019 18:10:19;31.6;0.09;288.4;18.124560077270857;284.89;Module 1,1_10;19.87;2,84;17,12;0,05;0,80;2,04
03,10.2019 18:12:13;31.8;0.09;288.4;16.989139018182154;284.86;Module 1,1_10;18.66;2,86;16,05;0,04;0,70;2,16
03,10.2019 18:14:05;31.4;0.08;288.4;15.893298659383333;284.85;Module 1,1_10;17.49;2,51;15,01;0,04;0,62;1,90
03,10.2019 18:16:01;31.4;0.08;288.4;15.442900501360254;284.84;Module 1,1_10;17.03;2,51;14,59;0,04;0,58;1,93
03,10.2019 18:17:54;31.4;0.09;288.4;17.373286587883303;284.83;Module 1,1_10;19.2;2,83;16,41;0,04;0,74;2,09
03,10.2019 18:19:47;31.7;0.1;288.4;20.439663461771236;284.83;Module 1,1_10;22.64;3,17;19,30;0,05;1,02;2,15
03,10.2019 18:21:41;31.2;0.11;287.4;20.876802445564998;284.82;Module 1,1_10;23.18;3,43;19,70;0,05;1,06;2,37
03,10.2019 18:23:37;32;0.11;287.4;19.870537106516387;284.82;Module 1,1_10;22.12;3,52;18,76;0,05;0,96;2,56
03,10.2019 18:25:31;31.7;0.1;287.4;18.29399818138067;284.8;Module 1,1_10;20.42;3,17;17,27;0,05;0,82;2,35
03,10.2019 18:27:29;31.6;0.08;288.4;15.2743429424936;284.8;Module 1,1_10;17.1;2,53;14,42;0,04;0,57;1,96
03,10.2019 18:29:25;30.9;0;288.4;12.048133870311506;284.78;Module 1,1_10;13.53;0,00;11,38;0,03;0,35;-0,35
03,10.2019 18:31:18;29.5;0.07;288.4;12.675274865607536;284.76;Module 1,1_10;14.28;2,07;11,97;0,03;0,39;1,67
03,10.2019 18:33:13;29.1;0.07;287.4;12.914342382294596;284.75;Module 1,1_10;14.6;2,04;12,20;0,03;0,41;1,63
03,10.2019 18:35:12;28;0.07;287.4;12.212727559876829;284.72;Module 1,1_10;13.86;1,96;11,53;0,03;0,36;1,60
03,10.2019 18:37:05;27.3;0.08;286.4;11.98076115781716;284.71;Module 1,1_10;13.65;2,18;11,30;0,03;0,35;1,83
03,10.2019 18:39:11;26;0.07;286.4;11.65391674554004;284.68;Module 1,1_10;13.34;1,82;11,00;0,03;0,33;1,49
03,10.2019 18:41:04;26.7;0.07;286.4;10.505458691435695;284.66;Module 1,1_10;12.08;1,87;9,91;0,03;0,27;1,60
03,10.2019 18:42:56;27;0;286.4;9.83167622217935;284.64;Module 1,1_10;11.36;0,00;9,28;0,03;0,24;-0,24
03,10.2019 18:44:49;28.4;0;286.4;10.10724393614699;284.62;Module 1,1_10;11.74;0,00;9,54;0,03;0,25;-0,25
03,10.2019 18:46:42;28.9;0;286.4;10.44363880544514;284.6;Module 1,1_10;12.2;0,00;9,85;0,03;0,27;-0,27
03,10.2019 18:48:39;29.5;0;286.4;10.632081022440865;284.57;Module 1,1_10;12.5;0,00;10,03;0,03;0,28;-0,28
03,10.2019 18:50:32;28.5;0.07;286.4;11.202587096869603;284.53;Module 1,1_10;13.26;2,00;10,57;0,03;0,31;1,69
03,10.2019 18:52:24;28;0.07;286.4;11.808624725863716;284.5;Module 1,1_10;14.08;1,96;11,14;0,03;0,34;1,62
03,10.2019 18:54:43;27.8;0.07;286.4;11.648665959780445;284.48;Module 1,1_10;14.03;1,95;10,99;0,03;0,33;1,62
03,10.2019 18:56:40;26.8;0.08;285.9;11.530448959215917;284.48;Module 1,1_10;14.02;2,14;10,88;0,03;0,32;1,82
03,10.2019 18:58:34;26.6;0.08;285.9;12.682361220845458;284.47;Module 1,1_10;15.58;2,13;11,97;0,03;0,39;1,74
03,10.2019 19:00:26;26.5;0.1;285.9;15.534365217182081;284.49;Module 1,1_10;19.3;2,65;14,66;0,04;0,59;2,06
03,10.2019 19:02:19;26.5;0.11;285.9;17.30805679372325;284.49;Module 1,1_10;21.78;2,92;16,33;0,04;0,73;2,19
03,10.2019 19:04:12;26.6;0.11;285.9;17.63948434808831;284.5;Module 1,1_10;22.52;2,93;16,64;0,05;0,76;2,17
03,10.2019 19:06:07;26.7;0.11;285.9;17.06093282931311;284.51;Module 1,1_10;22.15;2,94;16,09;0,04;0,71;2,23
03,10.2019 19:07:59;26.7;0.11;285.9;16.122986951224714;284.53;Module 1,1_10;21.33;2,94;15,21;0,04;0,63;2,30
03,10.2019 19:10:41;26.7;0.1;285.9;14.417525708409844;284.53;Module 1,1_10;19.71;2,67;13,60;0,04;0,51;2,16
03,10.2019 19:12:35;26.7;0.09;285.9;12.727990810239612;284.56;Module 1,1_10;17.9;2,40;12,01;0,03;0,39;2,01
03,10.2019 19:14:34;26.6;0.08;285.9;10.990324589355618;284.56;Module 1,1_10;16.02;2,13;10,37;0,03;0,29;1,83
03,10.2019 19:16:26;26.5;0.08;285.9;9.726161162072579;284.57;Module 1,1_10;14.78;2,12;9,18;0,03;0,23;1,89
03,10.2019 19:18:19;26.5;0.07;285.9;8.675763253436124;284.57;Module 1,1_10;13.9;1,86;8,19;0,02;0,18;1,67
03,10.2019 19:20:17;26.2;0.07;285.9;7.512643490199318;284.55;Module 1,1_10;12.94;1,83;7,09;0,02;0,14;1,70
03,10.2019 19:22:10;25.3;0;285.9;6.510119301440584;284.54;Module 1,1_10;12.33;0,00;6,14;0,02;0,10;-0,10
03,10.2019 19:24:03;24.7;0;285.9;5.544092751352116;284.54;Module 1,1_10;12.05;0,00;5,23;0,01;0,07;-0,07
03,10.2019 19:25:55;24.3;0;284.4;4.155134711072403;284.55;Module 1,1_10;11.23;0,00;3,91;0,01;0,04;-0,04
03,10.2019 19:27:49;24.1;0;284.4;2.349053776388133;284.55;Module 1,1_10;9.76;0,00;2,22;0,01;0,01;-0,01
03,10.2019 19:29:49;23.8;0;284.4;1.629132509179637;284.53;Module 1,1_10;8.48;0,00;1,54;0,00;0,01;-0,01
03,10.2019 19:31:43;24.5;0;284.4;1.4888887908186537;284.51;Module 1,1_10;7.75;0,00;1,41;0,00;0,01;-0,01
03,10.2019 19:33:39;25.4;0;284.4;1.3428816319770827;284.5;Module 1,1_10;6.99;0,00;1,27;0,00;0,00;-0,00
03,10.2019 19:35:32;25.5;0;285.9;1.225691675538453;284.48;Module 1,1_10;6.38;0,00;1,16;0,00;0,00;-0,00
03,10.2019 19:37:25;33.5;0;285.9;0.0001;284.46;Module 1,1_10;5.54;0,00;0,00;0,00;0,00;0,00
03,10.2019 19:39:24;33.1;0;285.9;0.0001;284.44;Module 1,1_10;4.79;0,00;0,00;0,00;0,00;0,00
03,10.2019 19:41:17;32.6;0;287.4;0.0001;284.4;Module 1,1_10;3.87;0,00;0,00;0,00;0,00;0,00
03,10.2019 19:43:11;32;0;287.4;0.0001;284.35;Module 1,1_10;3.05;0,00;0,00;0,00;0,00;0,00
03,10.2019 19:45:05;27.2;0;287.4;0.0001;284.28;Module 1,1_10;2.49;0,00;0,00;0,00;0,00;0,00
03,10.2019 19:47:01;28.2;0;285.4;0.0001;284.26;Module 1,1_10;1.64;0,00;0,00;0,00;0,00;0,00
03,10.2019 19:48:55;24.8;0;285.4;0.0001;284.22;Module 1,1_10;0.99;0,00;0,00;0,00;0,00;0,00
03,10.2019 19:50:50;23.1;0;284.4;0.0001;284.17;Module 1,1_10;0.56;0,00;0,00;0,00;0,00;0,00
03,10.2019 19:52:45;23.1;0;284.4;0.0001;284.15;Module 1,1_10;0.46;0,00;0,00;0,00;0,00;0,00
03,10.2019 19:54:37;23.1;0;284.4;0.0001;284.14;Module 1,1_10;0.27;0,00;0,00;0,00;0,00;0,00
04,10.2019 08:20:34;26.6;0;279.9;0.5315308121152162;280.36;Module 1,1_10;0.93;0,00;0,50;0,00;0,00;-0,00
04,10.2019 08:22:26;26.6;0;279.9;0.6390644109744911;280.38;Module 1,1_10;1.07;0,00;0,60;0,00;0,00;-0,00
04,10.2019 08:24:21;26.6;0;279.9;0.7074896282994129;280.36;Module 1,1_10;1.14;0,00;0,66;0,00;0,00;-0,00
04,10.2019 08:51:20;28.5;0;280.4;10.695962661330856;280.42;Module 1,1_10;13.54;0,00;10,07;0,03;0,28;-0,28
04,10.2019 08:53:15;28.6;0.07;280.4;11.498931508396542;280.44;Module 1,1_10;14.44;2,00;10,83;0,03;0,32;1,68
04,10.2019 08:55:26;28.3;0.08;281.9;12.560712935823403;280.47;Module 1,1_10;15.64;2,26;11,83;0,03;0,38;1,88
04,10.2019 08:57:19;27.5;0.09;281.9;14.4578914339035;280.5;Module 1,1_10;17.88;2,48;13,62;0,04;0,51;1,97
04,10.2019 08:59:12;27.5;0.11;281.9;17.634856601115715;280.53;Module 1,1_10;21.67;3,02;16,61;0,05;0,75;2,27
04,10.2019 09:01:05;27.6;0.13;281.9;20.696552700239195;280.57;Module 1,1_10;25.28;3,59;19,49;0,05;1,04;2,55
04,10.2019 09:03:03;32;0.15;281.9;24.253059687158363;280.62;Module 1,1_10;29.45;4,80;22,84;0,06;1,43;3,37
04,10.2019 09:04:55;32;0.16;282.4;26.194313944806083;280.67;Module 1,1_10;31.64;5,12;24,65;0,07;1,67;3,45
04,10.2019 09:06:49;31.9;0.18;282.4;28.357722604130135;280.71;Module 1,1_10;34.08;5,74;26,62;0,07;1,95;3,79
04,10.2019 09:08:41;32.5;0.19;284.4;30.916100751318012;280.75;Module 1,1_10;36.98;6,17;28,70;0,08;2,32;3,85
04,10.2019 09:10:51;32.3;0.2;284.4;32.49629676286494;280.81;Module 1,1_10;38.67;6,46;29,77;0,09;2,56;3,90
04,10.2019 09:12:44;32.8;0.2;284.4;31.86644288984506;280.87;Module 1,1_10;37.76;6,56;29,36;0,08;2,46;4,10
04,10.2019 09:14:36;32.1;0.18;284.4;29.58768756050366;280.88;Module 1,1_10;34.92;5,78;27,66;0,08;2,13;3,65
04,10.2019 09:16:31;32.2;0.16;284.4;26.18184236261527;280.91;Module 1,1_10;30.78;5,15;24,65;0,07;1,67;3,48
04,10.2019 09:18:54;32;0.14;284.4;21.986973703377995;280.92;Module 1,1_10;25.73;4,48;20,73;0,06;1,18;3,30
04,10.2019 09:20:47;32.2;0.11;284.4;19.610350779122463;280.94;Module 1,1_10;22.87;3,54;18,49;0,05;0,94;2,61
04,10.2019 09:22:41;31.6;0.1;284.4;18.195673805975666;280.92;Module 1,1_10;21.15;3,16;17,16;0,05;0,81;2,35
04,10.2019 09:24:33;31.7;0.1;284.4;18.097026695134748;280.92;Module 1,1_10;20.97;3,17;17,06;0,05;0,80;2,37
04,10.2019 09:26:26;32.3;0.1;284.4;18.895876598874665;280.92;Module 1,1_10;21.83;3,23;17,82;0,05;0,87;2,36
04,10.2019 09:28:19;32.1;0.11;285.9;20.460782905771374;280.92;Module 1,1_10;23.57;3,53;19,30;0,05;1,02;2,51
04,10.2019 09:30:11;32;0.12;285.9;22.38828563966585;280.92;Module 1,1_10;25.72;3,84;21,12;0,06;1,22;2,62
04,10.2019 09:32:12;32.1;0.13;285.9;24.15394060618224;280.92;Module 1,1_10;27.67;4,17;22,77;0,06;1,42;2,75
04,10.2019 09:34:18;31.6;0.15;284.4;25.27259426292045;280.93;Module 1,1_10;28.87;4,74;23,80;0,07;1,55;3,19
04,10.2019 09:36:11;31.9;0.15;284.4;25.649831253533034;280.95;Module 1,1_10;29.23;4,78;24,16;0,07;1,60;3,18
04,10.2019 09:38:04;32;0.14;285.9;24.777354141856353;280.97;Module 1,1_10;28.17;4,48;23,35;0,06;1,50;2,98
04,10.2019 09:39:59;31.8;0.13;285.9;22.7710863449987;280.98;Module 1,1_10;25.83;4,13;21,48;0,06;1,26;2,87
04,10.2019 09:41:54;31.8;0.12;285.9;21.248509618769386;281;Module 1,1_10;24.05;3,82;20,05;0,05;1,10;2,72
04,10.2019 09:43:48;31.6;0.12;285.9;22.62118293671286;281.03;Module 1,1_10;25.55;3,79;21,34;0,06;1,25;2,55
04,10.2019 09:45:41;31.8;0.14;285.9;25.283661343827085;281.06;Module 1,1_10;28.5;4,45;23,83;0,07;1,56;2,90
04,10.2019 09:47:34;32.1;0.16;285.9;27.012574776301367;281.1;Module 1,1_10;30.39;5,14;25,41;0,07;1,78;3,36
04,10.2019 09:50:05;32.1;0.14;285.9;25.181708001243884;281.11;Module 1,1_10;28.26;4,49;23,73;0,07;1,54;2,95
04,10.2019 09:51:59;32.2;0.13;285.9;23.28102387575013;281.12;Module 1,1_10;26.08;4,19;21,95;0,06;1,32;2,87
04,10.2019 09:53:58;31.9;0.13;285.9;22.616798752254507;281.12;Module 1,1_10;25.29;4,15;21,34;0,06;1,25;2,90
04,10.2019 09:55:51;32;0.13;285.9;24.17732065043152;281.1;Module 1,1_10;26.99;4,16;22,80;0,06;1,42;2,74
04,10.2019 09:57:49;32.2;0.16;285.9;27.79820990853625;281.11;Module 1,1_10;30.98;5,15;26,11;0,07;1,88;3,27
04,10.2019 09:59:41;32.3;0.17;285.9;30.932634669513156;281.13;Module 1,1_10;34.42;5,49;28,65;0,08;2,32;3,17
04,10.2019 10:01:37;32.2;0.2;285.9;34.28385858956448;281.15;Module 1,1_10;38.09;6,44;30,61;0,09;2,84;3,60
04,10.2019 10:03:31;32.6;0.21;285.9;37.029641121364094;281.17;Module 1,1_10;41.08;6,85;31,66;0,10;3,28;3,57
04,10.2019 10:05:36;32.7;0.21;285.9;36.07647940112884;281.2;Module 1,1_10;39.96;6,87;31,34;0,10;3,13;3,74
04,10.2019 10:07:30;32.3;0.18;285.9;31.154021881936032;281.23;Module 1,1_10;34.46;5,81;28,80;0,08;2,36;3,46
04,10.2019 10:09:27;32.1;0.15;285.9;26.045703626782316;281.25;Module 1,1_10;28.77;4,82;24,53;0,07;1,65;3,16
04,10.2019 10:11:21;32.3;0.12;285.9;22.74372669445609;281.28;Module 1,1_10;25.09;3,88;21,45;0,06;1,26;2,62
04,10.2019 10:13:16;31.9;0.1;285.9;20.267621194651888;281.29;Module 1,1_10;22.33;3,19;19,12;0,05;1,00;2,19
04,10.2019 10:15:09;31.8;0.1;285.9;19.547101478392413;281.29;Module 1,1_10;21.51;3,18;18,45;0,05;0,93;2,25
04,10.2019 10:17:08;31.7;0.11;285.9;21.56404559561052;281.3;Module 1,1_10;23.7;3,49;20,34;0,06;1,13;2,35
04,10.2019 10:19:01;31.6;0.13;285.9;26.207156333279443;281.31;Module 1,1_10;28.77;4,11;24,68;0,07;1,67;2,44
04,10.2019 10:21:12;32.2;0.19;285.9;35.27074875894035;281.34;Module 1,1_10;38.67;6,12;31,03;0,10;3,00;3,12
04,10.2019 10:23:13;32.9;0.25;285.9;47.20077845426438;281.36;Module 1,1_10;51.69;8,22;33,66;0,15;5,00;3,22
04,10.2019 10:25:07;33.9;0.32;285.9;61.620741136060516;281.41;Module 1,1_10;67.41;10,85;34,89;0,22;7,56;3,29
04,10.2019 10:26:59;34.4;0.38;285.9;73.67944324449164;281.47;Module 1,1_10;80.52;13,07;35,50;0,27;9,74;3,33
04,10.2019 10:29:04;34.8;0.46;285.9;88.62804768501711;281.57;Module 1,1_10;96.75;16,01;36,02;0,35;12,49;3,52
04,10.2019 10:30:57;35.2;0.51;286.4;95.4533142403425;281.65;Module 1,1_10;104.1;17,95;36,11;0,38;13,73;4,22
04,10.2019 10:32:49;35.3;0.52;286.4;98.45195689526673;281.75;Module 1,1_10;107.27;18,36;36,19;0,39;14,29;4,07
04,10.2019 10:34:42;35.3;0.51;286.4;97.74326243301867;281.84;Module 1,1_10;106.4;18,00;36,17;0,39;14,16;3,85
04,10.2019 10:37:08;35.4;0.55;287.4;104.33996514818682;281.9;Module 1,1_10;113.45;19,47;36,14;0,42;15,33;4,14
04,10.2019 10:39:01;35.4;0.61;287.4;117.88821573762728;281.96;Module 1,1_10;128.07;21,59;36,41;0,49;17,85;3,75
04,10.2019 10:40:59;35.7;0.7;287.4;134.46546054759997;282.06;Module 1,1_10;145.95;24,99;36,66;0,57;20,95;4,04
04,10.2019 10:43:02;35.8;0.78;287.4;149.2020475544882;282.15;Module 1,1_10;161.8;27,92;36,86;0,64;23,72;4,20
04,10.2019 10:44:54;35.8;0.81;287.4;154.67361434441236;282.22;Module 1,1_10;167.6;29,00;36,92;0,67;24,75;4,25
04,10.2019 10:46:47;35.8;0.86;288.4;166.22918433777147;282.28;Module 1,1_10;179.98;30,79;36,86;0,73;26,82;3,96
04,10.2019 10:48:39;38.3;1.43;288.4;307.59777184699334;282.55;Module 1,1_10;332.79;54,77;37,65;1,42;53,59;1,18
04,10.2019 10:50:33;37.4;0.83;289.9;167.00842298842903;282.78;Module 1,1_10;180.55;31,04;36,60;0,73;26,81;4,24
04,10.2019 10:52:28;35.6;0.75;289.9;149.88717824559615;282.89;Module 1,1_10;161.92;26,70;36,42;0,65;23,61;3,09
04,10.2019 10:54:20;35.5;0.87;290.4;170.02084115942557;282.88;Module 1,1_10;183.54;30,89;36,55;0,75;27,31;3,57
04,10.2019 10:56:13;35.7;0.93;290.4;185.0826380545176;282.92;Module 1,1_10;199.66;33,20;36,68;0,82;30,13;3,08
04,10.2019 10:58:05;35.9;0.99;290.4;194.46548377320858;282.98;Module 1,1_10;209.64;35,54;36,75;0,87;31,88;3,66
04,10.2019 11:00:00;36.7;1.09;290.4;214.48059842579278;283.12;Module 1,1_10;231.06;40,00;36,89;0,97;35,63;4,37
04,10.2019 11:01:58;36.1;1.13;290.4;221.04520785523374;283.21;Module 1,1_10;237.97;40,79;36,93;1,00;36,86;3,93
04,10.2019 11:03:56;36.1;1.35;291.9;266.5703015292396;283.35;Module 1,1_10;286.79;48,74;36,89;1,22;45,12;3,61
04,10.2019 11:05:49;36.1;0.98;291.9;194.18116869653963;283.52;Module 1,1_10;208.78;35,38;36,48;0,87;31,63;3,75
04,10.2019 11:08:06;35.7;0.87;291.9;174.5828810330019;283.5;Module 1,1_10;187.57;31,06;36,32;0,77;27,99;3,07
04,10.2019 11:09:59;36.5;1.07;291.9;273.5454648795369;283.53;Module 1,1_10;293.72;39,05;36,91;1,26;46,42;-7,37
04,10.2019 11:11:52;36.6;2.69;291.9;548.6667593604086;283.97;Module 1,1_10;588.79;98,45;37,31;2,61;97,51;0,94
04,10.2019 11:13:44;37.9;1.95;292.4;336.5425560547425;284.64;Module 1,1_10;360.95;73,91;37,02;1,57;58,06;15,85
04,10.2019 11:15:39;37.2;1.84;292.4;379.7216184670409;285.09;Module 1,1_10;407.03;68,45;37,11;1,78;66,09;2,36
04,10.2019 11:17:32;37.4;1.96;292.4;465.9521956796361;285.6;Module 1,1_10;499.19;73,30;37,20;2,21;82,07;-8,76
04,10.2019 11:19:28;35.8;1.64;294.5;377.7457167349727;286;Module 1,1_10;404.47;58,71;36,73;1,77;65,11;-6,40
04,10.2019 11:22:21;35.2;1.33;294.5;260.315046751741;286.17;Module 1,1_10;278.51;46,82;36,41;1,19;43,45;3,36
04,10.2019 11:24:17;34.8;1.03;295.5;187.16205679129578;286;Module 1,1_10;200.14;35,84;35,79;0,83;29,85;5,99
04,10.2019 11:26:09;34.6;0.98;295.5;179.86259648069654;285.83;Module 1,1_10;192.24;33,91;35,73;0,80;28,52;5,39
04,10.2019 11:28:02;34.7;0.96;296;178.63940292404897;285.65;Module 1,1_10;190.84;33,31;35,63;0,79;28,23;5,08
04,10.2019 11:29:57;34.8;1.01;296;192.6519332805841;285.6;Module 1,1_10;205.71;35,15;35,74;0,86;30,79;4,36
04,10.2019 11:31:50;35.2;1.19;296;227.40914231173173;285.64;Module 1,1_10;242.71;41,89;35,97;1,03;37,14;4,75
04,10.2019 11:33:42;35.2;1.16;295.5;223.28446710837704;285.64;Module 1,1_10;238.2;40,83;36,04;1,01;36,46;4,37
04,10.2019 11:35:35;35.2;1.14;295.5;225.71015148007058;285.6;Module 1,1_10;240.68;40,13;36,05;1,02;36,91;3,22
04,10.2019 11:37:33;35.5;1.38;295.5;274.8173297269329;285.67;Module 1,1_10;292.91;48,99;36,29;1,27;45,92;3,07
04,10.2019 11:39:38;36.3;2.1;295.5;430.1298635576794;285.84;Module 1,1_10;458.23;76,23;36,63;2,03;74,40;1,83
04,10.2019 11:41:31;36.3;2.14;295.5;439.92675894952265;286.2;Module 1,1_10;468.47;77,68;36,64;2,08;76,19;1,49
04,10.2019 11:43:25;36.5;2;296;435.2996082941791;286.57;Module 1,1_10;463.35;73,00;36,55;2,06;75,17;-2,17
04,10.2019 11:45:17;36.1;2.46;296;495.6235676033652;286.92;Module 1,1_10;527.35;88,81;36,59;2,35;86,14;2,67
04,10.2019 11:47:14;36;2.22;296.5;462.1292256475698;287.28;Module 1,1_10;491.51;79,92;36,48;2,19;79,87;0,05
04,10.2019 11:49:07;35.7;2.15;296.5;476.75610502391044;287.25;Module 1,1_10;506.87;76,76;36,49;2,26;82,52;-5,77
04,10.2019 11:51:00;35.9;3.55;296.5;723.2116242360486;287.32;Module 1,1_10;768.6;127,44;36,43;3,48;126,60;0,84
04,10.2019 11:52:53;35.6;2.15;298;575.914406653035;287.67;Module 1,1_10;611.83;76,54;36,25;2,75;99,71;-23,17
04,10.2019 11:55:14;35.2;1.54;298;330.27317248950953;287.86;Module 1,1_10;350.71;54,21;36,02;1,54;55,47;-1,27
04,10.2019 11:57:06;35;1.49;298;289.193890572889;287.77;Module 1,1_10;306.98;52,15;35,90;1,34;48,02;4,13
04,10.2019 11:59:01;35;1.62;298.5;305.2801587875475;287.77;Module 1,1_10;323.94;56,70;35,86;1,42;50,82;5,88
04,10.2019 12:00:59;35.2;1.67;298.5;320.9731711467831;287.71;Module 1,1_10;340.47;58,78;35,91;1,49;53,66;5,12
04,10.2019 12:02:55;35.2;1.2;300;230.79548376639363;287.5;Module 1,1_10;244.73;42,24;35,28;1,05;37,08;5,16
04,10.2019 12:04:48;35.2;1.03;300;206.7874369095035;287.28;Module 1,1_10;219.2;36,26;35,13;0,93;32,77;3,48
04,10.2019 12:06:43;35.4;0.99;300;203.83586086197883;287.01;Module 1,1_10;216;35,05;35,11;0,92;32,24;2,80
04,10.2019 12:08:36;35.5;1.09;298.5;230.3699911067525;286.77;Module 1,1_10;244.04;38,70;35,55;1,05;37,26;1,44
04,10.2019 12:10:35;35.8;1.48;298.5;311.83435197316487;286.75;Module 1,1_10;330.23;52,98;35,88;1,45;52,01;0,98
04,10.2019 12:12:29;36.2;1.88;298;486.0365069525719;286.84;Module 1,1_10;514.55;68,06;36,23;2,31;83,62;-15,57
04,10.2019 12:14:21;36.5;2.67;298;558.7466566575404;287.11;Module 1,1_10;591.35;97,45;36,25;2,67;96,65;0,81
04,10.2019 12:16:15;36.2;4.18;298;725.021947078905;287.85;Module 1,1_10;767.1;151,32;36,17;3,48;126,04;25,27
04,10.2019 12:18:09;35.7;3.82;298;819.1132949338784;288.43;Module 1,1_10;866.4;136,37;36,08;3,95;142,41;-6,03
04,10.2019 12:20:02;35.4;4.2;298;869.0410062456048;289.04;Module 1,1_10;918.95;148,68;36,02;4,19;151,00;-2,32
04,10.2019 12:22:03;35.3;3.36;298;685.9511954700436;289.7;Module 1,1_10;725.13;118,61;36,20;3,29;119,19;-0,58
04,10.2019 12:23:57;34.9;2.38;300;496.57171600949954;289.82;Module 1,1_10;524.79;83,06;35,89;2,36;84,72;-1,66
04,10.2019 12:25:55;34.8;2.23;300;460.36458546840106;289.78;Module 1,1_10;486.39;77,60;35,87;2,18;78,27;-0,67
04,10.2019 12:27:51;35.2;3.04;302;601.0609455394334;289.75;Module 1,1_10;634.87;107,01;35,55;2,88;102,24;4,77
04,10.2019 12:29:44;35.1;3.83;302;845.1687123871582;289.85;Module 1,1_10;892.48;134,43;35,35;4,08;144,13;-9,70
04,10.2019 12:31:36;35.2;4.23;302.5;879.5171154613529;290.4;Module 1,1_10;928.52;148,90;35,23;4,25;149,55;-0,65
04,10.2019 12:33:46;34.6;4.18;302.5;846.5279798349411;290.99;Module 1,1_10;893.44;144,63;35,27;4,08;144,01;0,62
04,10.2019 12:35:40;34.2;3.85;302.5;875.6771258786437;291.28;Module 1,1_10;923.98;131,67;35,23;4,23;148,91;-17,24
04,10.2019 12:37:42;34.2;3.19;303.5;678.3064830640731;291.46;Module 1,1_10;715.54;109,10;35,25;3,26;114,80;-5,70
04,10.2019 12:39:39;34;2.65;303.5;538.8665644594154;291.62;Module 1,1_10;568.31;90,10;35,29;2,57;90,70;-0,60
04,10.2019 12:41:34;34;1.59;306;305.6914166826154;291.35;Module 1,1_10;322.32;54,06;34,52;1,42;49,12;4,94
04,10.2019 12:43:26;34.2;1.38;306;267.08348107992595;290.73;Module 1,1_10;281.55;47,20;34,38;1,23;42,38;4,82
04,10.2019 12:45:19;34.3;1.33;306;255.28126614920558;290.17;Module 1,1_10;269.05;45,62;34,33;1,17;40,32;5,30
04,10.2019 12:47:12;34.4;1.27;303.5;242.52381930953536;289.76;Module 1,1_10;255.55;43,69;34,71;1,11;38,55;5,14
04,10.2019 12:49:20;34.4;1.23;303.5;230.65853019107072;289.28;Module 1,1_10;242.99;42,31;34,65;1,05;36,45;5,86
04,10.2019 12:51:13;34.6;1.3;302.5;243.2192887508782;288.91;Module 1,1_10;256.17;44,98;34,90;1,11;38,85;6,13
04,10.2019 12:53:05;34.7;1.3;302.5;240.3236269239042;288.52;Module 1,1_10;253.07;45,11;34,88;1,10;38,34;6,77
04,10.2019 12:55:02;34.7;1.12;302.5;209.23706384167187;288.25;Module 1,1_10;220.29;38,86;34,70;0,95;32,83;6,04
04,10.2019 12:56:54;34.7;1.15;300.5;214.47334749071257;288.07;Module 1,1_10;225.76;39,91;35,09;0,97;34,07;5,83
04,10.2019 12:58:47;34.7;1.21;300.5;229.5930269982954;287.96;Module 1,1_10;241.63;41,99;35,18;1,05;36,78;5,21
04,10.2019 13:00:40;35;1.21;300;228.94145030304867;287.9;Module 1,1_10;240.9;42,35;35,27;1,04;36,75;5,60
04,10.2019 13:02:32;35.2;1.26;300;241.60527671230471;287.85;Module 1,1_10;254.18;44,35;35,34;1,10;39,02;5,33
04,10.2019 13:04:34;35.2;1.41;300;273.4713703828336;287.87;Module 1,1_10;287.65;49,63;35,48;1,26;44,75;4,88
04,10.2019 13:06:29;35.4;1.83;298.5;365.1265000260627;287.96;Module 1,1_10;383.99;64,78;36,01;1,71;61,65;3,13
04,10.2019 13:08:25;35.5;1.62;298.5;316.4962742527283;288.16;Module 1,1_10;332.79;57,51;35,89;1,47;52,85;4,66
04,10.2019 13:10:18;35.1;1.42;298.5;282.29571272290775;288.35;Module 1,1_10;296.78;49,84;35,78;1,30;46,66;3,18
04,10.2019 13:12:13;35;1.31;298.5;260.4036813091983;288.39;Module 1,1_10;273.72;45,85;35,70;1,20;42,69;3,16
04,10.2019 13:14:07;34.8;1.2;298.5;233.82187666941826;288.31;Module 1,1_10;245.74;41,76;35,56;1,07;37,88;3,88
04,10.2019 13:16:04;34.9;1.23;298;240.78697300004305;288.28;Module 1,1_10;253.02;42,93;35,69;1,10;39,23;3,70
04,10.2019 13:17:58;35;1.26;298;245.39189870930454;288.14;Module 1,1_10;257.82;44,10;35,71;1,12;40,07;4,03
04,10.2019 13:20:11;35;1.19;298;233.87717395477063;288;Module 1,1_10;245.68;41,65;35,65;1,07;37,98;3,67
04,10.2019 13:22:12;35;1.09;298;217.46983174114666;287.83;Module 1,1_10;228.41;38,15;35,55;0,98;35,00;3,15
04,10.2019 13:24:05;35.1;1.06;298;212.0530747538667;287.82;Module 1,1_10;222.69;37,21;35,52;0,96;34,02;3,18
04,10.2019 13:26:09;35.1;1.1;298;218.26527361291883;287.78;Module 1,1_10;229.18;38,61;35,56;0,99;35,15;3,46
04,10.2019 13:28:07;35.1;1.19;298;235.6306748076986;287.69;Module 1,1_10;247.38;41,77;35,66;1,07;38,30;3,47
04,10.2019 13:30:01;35.4;1.33;298;266.6975377142962;287.66;Module 1,1_10;279.96;47,08;35,81;1,23;43,93;3,15
04,10.2019 13:31:54;35.4;1.5;296.5;297.45663107638705;287.72;Module 1,1_10;312.21;53,10;36,19;1,38;49,86;3,24
04,10.2019 13:33:49;35.4;1.62;296.5;324.4210202675411;287.96;Module 1,1_10;340.47;57,35;36,27;1,51;54,79;2,56
04,10.2019 13:35:43;35.4;1.57;298;310.08852254284614;288.17;Module 1,1_10;325.39;55,58;35,96;1,44;51,81;3,77
04,10.2019 13:37:36;35.1;1.51;298;300.45957819679137;288.38;Module 1,1_10;315.25;53,00;35,94;1,39;50,06;2,94
04,10.2019 13:39:31;35.1;1.75;298;351.37472501046926;288.47;Module 1,1_10;368.63;61,43;36,07;1,64;59,30;2,12
04,10.2019 13:41:24;35.3;1.92;298;397.7806133576503;288.67;Module 1,1_10;417.27;67,78;36,16;1,87;67,71;0,07
04,10.2019 13:43:37;35.1;1.49;298;288.97844227951674;288.71;Module 1,1_10;303.1;52,30;35,90;1,34;47,98;4,32
04,10.2019 13:45:30;34.8;1.22;298;229.728008731423;288.59;Module 1,1_10;240.93;42,46;35,63;1,04;37,23;5,23
04,10.2019 13:47:36;34.8;1.04;298;197.93092728748218;288.29;Module 1,1_10;207.56;36,19;35,42;0,89;31,47;4,72
04,10.2019 13:49:35;34.7;0.98;298;183.55904346722838;288.1;Module 1,1_10;192.47;34,01;35,31;0,82;28,87;5,13
04,10.2019 13:51:38;34.6;0.96;298;178.9892812708701;287.99;Module 1,1_10;187.66;33,22;35,27;0,80;28,05;5,17
04,10.2019 13:53:31;34.5;0.84;298;157.5234699111802;287.78;Module 1,1_10;165.14;28,98;35,05;0,69;24,18;4,80
04,10.2019 13:55:24;34.6;0.82;298;153.95929718371804;287.67;Module 1,1_10;161.39;28,37;35,02;0,67;23,54;4,83
04,10.2019 13:57:18;34.7;0.84;298;159.0377215574591;287.46;Module 1,1_10;166.7;29,15;35,08;0,70;24,46;4,69
04,10.2019 13:59:01;34.7;0.88;296.5;166.07114462608487;287.37;Module 1,1_10;174.06;30,54;35,41;0,73;25,89;4,64
04,10.2019 14:00:54;34.8;0.9;296.5;167.01859904219643;287.32;Module 1,1_10;175.04;31,32;35,43;0,74;26,06;5,26
04,10.2019 14:02:46;34.9;0.85;296.5;154.55847412766636;287.04;Module 1,1_10;161.97;29,66;35,30;0,67;23,81;5,86
04,10.2019 14:04:39;34.8;0.77;296;139.48143506021648;286.76;Module 1,1_10;146.16;26,80;35,20;0,60;21,13;5,66
04,10.2019 14:06:59;34.8;0.7;296;125.11007187537119;286.53;Module 1,1_10;131.09;24,36;34,98;0,53;18,54;5,82
04,10.2019 14:08:54;34.7;0.63;294.5;111.9179287642729;286.3;Module 1,1_10;117.26;21,86;35,02;0,46;16,28;5,58
04,10.2019 14:10:46;34.7;0.61;294.5;112.17254410696316;286.16;Module 1,1_10;117.52;21,17;35,03;0,47;16,32;4,84
04,10.2019 14:12:39;34.7;0.7;294;126.31560025620453;286.07;Module 1,1_10;132.33;24,29;35,37;0,53;18,92;5,37
04,10.2019 14:14:32;35;0.74;294;135.9254270475609;285.75;Module 1,1_10;142.39;25,90;35,51;0,58;20,66;5,24
04,10.2019 14:16:24;35.3;0.77;294;140.5524860888017;285.42;Module 1,1_10;147.23;27,18;35,57;0,60;21,51;5,67
04,10.2019 14:18:15;35.4;0.8;294;146.067351063227;285.27;Module 1,1_10;153;28,32;35,64;0,63;22,51;5,81
04,10.2019 14:20:07;35.3;0.79;294;144.2118020159;285.34;Module 1,1_10;151.05;27,89;35,62;0,62;22,17;5,71
04,10.2019 14:22:17;35.3;0.78;292.4;141.69772089399464;285.53;Module 1,1_10;148.41;27,53;35,88;0,61;21,86;5,67
04,10.2019 14:24:20;35.3;0.76;292.4;136.5568158837767;285.73;Module 1,1_10;143.02;26,83;35,80;0,58;20,92;5,91
04,10.2019 14:26:13;35.2;0.72;292.4;131.5483400501462;285.88;Module 1,1_10;137.77;25,34;35,73;0,56;20,00;5,35
04,10.2019 14:29:23;35;0.7;292.4;130.45646871241144;286.06;Module 1,1_10;136.62;24,50;35,72;0,55;19,80;4,70
04,10.2019 14:31:17;34.9;0.77;292.4;142.52012041711413;286.15;Module 1,1_10;149.25;26,87;35,88;0,61;22,01;4,86
04,10.2019 14:33:11;35.2;0.87;291.9;163.8180138563901;286.28;Module 1,1_10;171.55;30,62;36,22;0,72;25,99;4,63
04,10.2019 14:35:06;35.2;0.95;291.9;174.33488445349514;286.39;Module 1,1_10;182.56;33,44;36,32;0,77;27,94;5,50
04,10.2019 14:36:59;35;0.93;292.4;171.95952123429652;286.54;Module 1,1_10;180.07;32,55;36,20;0,76;27,44;5,11
04,10.2019 14:39:04;35.1;0.83;292.4;153.24415750861795;286.63;Module 1,1_10;160.47;29,13;36,02;0,67;23,99;5,15
04,10.2019 14:40:57;34.6;0.72;292.4;130.11573057661806;286.64;Module 1,1_10;136.25;24,91;35,71;0,55;19,74;5,18
04,10.2019 14:42:50;34.6;0.65;294;121.3113367480405;286.62;Module 1,1_10;127.03;22,49;35,28;0,51;18,01;4,48
04,10.2019 14:44:45;34.6;0.69;294;126.35374450804974;286.6;Module 1,1_10;132.31;23,87;35,37;0,54;18,92;4,95
04,10.2019 14:46:38;34.7;0.73;294;133.35342757844796;286.57;Module 1,1_10;139.64;25,33;35,47;0,57;20,19;5,14
04,10.2019 14:48:32;34.7;0.72;294;134.18346093515459;286.57;Module 1,1_10;140.51;24,98;35,48;0,57;20,35;4,64
04,10.2019 14:50:27;34.7;0.72;294;131.431887591533;286.58;Module 1,1_10;137.63;24,98;35,45;0,56;19,85;5,14
04,10.2019 14:52:23;34.7;0.68;294;122.54909948940573;286.62;Module 1,1_10;128.33;23,60;35,30;0,52;18,23;5,36
04,10.2019 14:54:19;34.6;0.62;294;112.0331919934968;286.62;Module 1,1_10;117.32;21,45;35,12;0,47;16,33;5,12
04,10.2019 14:56:14;34.4;0.57;294;102.32896598128238;286.62;Module 1,1_10;107.16;19,61;34,91;0,42;14,58;5,03
04,10.2019 14:58:06;34.2;0.55;294;100.18763087474194;286.63;Module 1,1_10;104.92;18,81;34,87;0,41;14,20;4,61
04,10.2019 14:59:58;34.4;0.55;294;100.52871742051197;286.59;Module 1,1_10;105.28;18,92;34,88;0,41;14,26;4,66
04,10.2019 15:01:54;34.2;0.54;294;101.88144852334764;286.46;Module 1,1_10;106.7;18,47;34,91;0,42;14,50;3,97
04,10.2019 15:03:51;34.4;0.56;294;104.7136206397467;286.35;Module 1,1_10;109.67;19,26;34,97;0,43;15,01;4,25
04,10.2019 15:05:46;34.4;0.58;294;107.87941801538403;286.33;Module 1,1_10;112.99;19,95;35,04;0,44;15,58;4,37
04,10.2019 15:07:42;34.5;0.62;294;117.49847182174068;286.33;Module 1,1_10;123.07;21,39;35,22;0,49;17,32;4,07
04,10.2019 15:09:30;34.6;0.67;294;125.6177704058704;286.33;Module 1,1_10;131.58;23,18;35,36;0,53;18,79;4,39
04,10.2019 15:11:23;34.7;0.69;294;130.48982636371795;286.41;Module 1,1_10;136.69;23,94;35,43;0,56;19,67;4,27
04,10.2019 15:13:30;34.6;0.7;294;131.93301096449017;286.54;Module 1,1_10;138.21;24,22;35,45;0,56;19,94;4,28
04,10.2019 15:15:23;34.7;0.73;294;136.230394836771;286.53;Module 1,1_10;142.72;25,33;35,52;0,58;20,72;4,61
04,10.2019 15:17:23;34.7;0.77;294;143.8381874725843;286.52;Module 1,1_10;150.7;26,72;35,62;0,62;22,11;4,61
04,10.2019 15:19:16;34.8;0.79;294;147.11194741585933;286.57;Module 1,1_10;154.14;27,49;35,66;0,64;22,70;4,79
04,10.2019 15:21:08;34.7;0.77;294;140.02064517519358;286.64;Module 1,1_10;146.72;26,72;35,56;0,60;21,41;5,31
04,10.2019 15:23:01;34.7;0.75;294;138.30223003338529;286.66;Module 1,1_10;144.93;26,03;35,54;0,59;21,10;4,93
04,10.2019 15:25:10;34.7;0.78;294;145.75166737808755;286.66;Module 1,1_10;152.75;27,07;35,64;0,63;22,45;4,61
04,10.2019 15:27:16;34.7;0.82;294;152.43600753401466;286.76;Module 1,1_10;159.77;28,45;35,72;0,66;23,68;4,78
04,10.2019 15:29:08;34.7;0.85;294;159.3203750971978;286.86;Module 1,1_10;167;29,50;35,80;0,70;24,94;4,56
04,10.2019 15:31:05;34.8;0.88;294;162.58678234881964;286.9;Module 1,1_10;170.44;30,62;35,83;0,71;25,53;5,09
04,10.2019 15:33:00;34.8;0.88;294;161.08291797786796;287.01;Module 1,1_10;168.88;30,62;35,81;0,71;25,26;5,36
04,10.2019 15:34:52;34.7;0.81;294;150.69022231353307;287.06;Module 1,1_10;158;28,11;35,70;0,65;23,36;4,75
04,10.2019 15:36:51;34.7;0.78;294;144.6370472588294;287.11;Module 1,1_10;151.67;27,07;35,63;0,62;22,25;4,81
04,10.2019 15:38:44;34.6;0.73;294;134.14189694766253;287.11;Module 1,1_10;140.68;25,26;35,48;0,57;20,34;4,92
04,10.2019 15:40:39;34.5;0.7;294;127.70021885932255;287.08;Module 1,1_10;133.94;24,15;35,39;0,54;19,17;4,98
04,10.2019 15:42:36;34.5;0.67;294;123.02277151955944;287.05;Module 1,1_10;129.05;23,12;35,31;0,52;18,32;4,80
04,10.2019 15:44:29;34.4;0.61;294;112.77030864308817;287.03;Module 1,1_10;118.31;20,98;35,13;0,47;16,46;4,52
04,10.2019 15:46:23;34.3;0.57;294;100.68037795045353;286.96;Module 1,1_10;105.64;19,55;34,88;0,41;14,29;5,26
04,10.2019 15:48:18;34.2;0.52;294;93.98657398107251;286.87;Module 1,1_10;98.63;17,78;34,71;0,38;13,09;4,70
04,10.2019 15:50:11;34;0.49;294;90.04791113397992;286.78;Module 1,1_10;94.51;16,66;34,61;0,36;12,38;4,28
04,10.2019 15:52:04;34;0.47;294;88.30098441985402;286.65;Module 1,1_10;92.69;15,98;34,55;0,35;12,07;3,91
04,10.2019 15:53:58;34;0.5;294;90.58306572970795;286.63;Module 1,1_10;95.1;17,00;34,63;0,36;12,48;4,52
04,10.2019 15:56:15;34.1;0.5;294;90.95625766370623;286.58;Module 1,1_10;95.51;17,05;34,63;0,36;12,55;4,50
04,10.2019 15:58:07;34.2;0.5;294;91.64612916150264;286.56;Module 1,1_10;96.25;17,10;34,66;0,37;12,67;4,43
04,10.2019 16:00:03;34.1;0.5;294;93.18196700499969;286.51;Module 1,1_10;97.88;17,05;34,70;0,37;12,94;4,11
04,10.2019 16:01:59;34.2;0.53;294;98.23844921570551;286.5;Module 1,1_10;103.21;18,13;34,82;0,40;13,85;4,28
04,10.2019 16:04:02;34.3;0.52;294;95.14520407503001;286.5;Module 1,1_10;99.98;17,84;34,74;0,38;13,29;4,54
04,10.2019 16:05:55;34.2;0.49;294;90.60783826950697;286.53;Module 1,1_10;95.23;16,76;34,63;0,36;12,48;4,27
04,10.2019 16:07:51;34;0.47;294;85.73823140933357;286.54;Module 1,1_10;90.13;15,98;34,48;0,34;11,62;4,36
04,10.2019 16:09:44;33.6;0.46;294;82.05930327653833;286.51;Module 1,1_10;86.28;15,46;34,37;0,32;10,96;4,49
04,10.2019 16:11:38;33.1;0.45;294;77.98181238807895;286.44;Module 1,1_10;82.01;14,90;34,23;0,30;10,24;4,65
04,10.2019 16:13:31;33.2;0.46;292.4;83.03216013503157;286.39;Module 1,1_10;87.34;15,27;34,68;0,32;11,20;4,07
04,10.2019 16:15:24;33.5;0.42;292.4;74.29795310637562;286.29;Module 1,1_10;78.17;14,07;34,37;0,28;9,65;4,42
04,10.2019 16:17:17;33.3;0.38;292.4;67.67669938650924;286.2;Module 1,1_10;71.22;12,65;34,08;0,25;8,48;4,18
04,10.2019 16:19:22;32.8;0.34;292.4;59.92596564964214;286.12;Module 1,1_10;63.08;11,15;33,65;0,21;7,12;4,03
04,10.2019 16:21:15;33.2;0.32;292.4;56.50162526924388;285.95;Module 1,1_10;59.49;10,62;33,42;0,20;6,53;4,09
04,10.2019 16:23:08;32.5;0.31;291.9;53.79069007859919;285.78;Module 1,1_10;56.65;10,07;33,30;0,18;6,07;4,00
04,10.2019 16:25:01;32.6;0.32;291.9;55.40942569769334;285.74;Module 1,1_10;58.37;10,43;33,43;0,19;6,35;4,08
04,10.2019 16:26:54;32.8;0.32;291.9;55.83107456316618;285.73;Module 1,1_10;58.83;10,50;33,46;0,19;6,42;4,07
04,10.2019 16:28:47;33;0.3;291.9;54.771950658588324;285.74;Module 1,1_10;57.73;9,90;33,38;0,19;6,24;3,66
04,10.2019 16:30:41;33;0.33;291.9;59.166604065038115;285.77;Module 1,1_10;62.38;10,89;33,69;0,21;7,00;3,89
04,10.2019 16:32:37;32.6;0.33;291.9;59.565881123471414;285.82;Module 1,1_10;62.82;10,76;33,72;0,21;7,07;3,69
04,10.2019 16:34:54;32.2;0.3;291.9;54.97518895464629;285.89;Module 1,1_10;58;9,66;33,39;0,19;6,28;3,38
04,10.2019 16:36:53;32.5;0.32;291.9;57.70471970305657;285.92;Module 1,1_10;60.9;10,40;33,59;0,20;6,75;3,65
04,10.2019 16:38:47;32.7;0.3;291.9;51.29197802352444;285.91;Module 1,1_10;54.15;9,81;33,09;0,17;5,64;4,17
04,10.2019 16:40:44;31.9;0.2;291.9;33.197961332503375;285.65;Module 1,1_10;35.06;6,38;29,52;0,09;2,67;3,71
04,10.2019 16:42:43;31.7;0.17;290.4;26.446416438991875;285.15;Module 1,1_10;27.94;5,39;24,90;0,07;1,71;3,68
04,10.2019 16:44:36;31.7;0.15;290.4;24.109265756400024;284.87;Module 1,1_10;25.48;4,75;22,76;0,06;1,42;3,33
04,10.2019 16:46:28;31.5;0.12;290.4;18.1415291817637;284.74;Module 1,1_10;19.18;3,78;17,15;0,05;0,80;2,98
04,10.2019 16:48:22;31.6;0.11;289.9;19.117860046100592;284.73;Module 1,1_10;20.22;3,48;18,06;0,05;0,89;2,58
04,10.2019 16:50:45;31.8;0.14;289.9;25.02412871622839;284.74;Module 1,1_10;26.48;4,45;23,60;0,06;1,53;2,92
04,10.2019 16:52:50;31.7;0.16;289.9;30.46308206535453;284.75;Module 1,1_10;32.25;5,07;28,14;0,08;2,26;2,81
04,10.2019 16:54:46;32.1;0.17;289.9;31.65839352737759;284.78;Module 1,1_10;33.53;5,46;28,90;0,08;2,44;3,02
04,10.2019 16:56:39;31.4;0.18;289.9;32.30520027977308;284.82;Module 1,1_10;34.23;5,65;29,27;0,09;2,53;3,12
04,10.2019 16:58:38;32.1;0.17;287.4;31.41256749955457;284.82;Module 1,1_10;33.3;5,46;28,90;0,08;2,40;3,06
04,10.2019 17:00:34;32;0.15;287.4;27.428064078436744;284.85;Module 1,1_10;29.09;4,80;25,78;0,07;1,83;2,97
04,10.2019 17:02:31;31.5;0.13;287.4;25.237455592327425;284.85;Module 1,1_10;26.78;4,09;23,79;0,07;1,55;2,54
04,10.2019 17:04:23;32;0.16;287.4;27.824769875538372;284.78;Module 1,1_10;29.54;5,12;26,13;0,07;1,89;3,23
04,10.2019 17:06:49;31.9;0.17;287.4;31.242029048238823;284.64;Module 1,1_10;33.19;5,42;28,79;0,08;2,37;3,05
04,10.2019 17:08:42;31.6;0.18;287.4;32.721219556242374;284.42;Module 1,1_10;34.78;5,69;29,69;0,09;2,60;3,09
04,10.2019 17:10:35;32;0.21;287.4;37.1977398524728;284.32;Module 1,1_10;39.56;6,72;31,52;0,10;3,31;3,41
04,10.2019 17:12:28;32;0.21;287.4;36.443542413219205;284.3;Module 1,1_10;38.78;6,72;31,29;0,10;3,18;3,54
04,10.2019 17:14:21;32;0.23;287.4;40.76118983785793;284.31;Module 1,1_10;43.4;7,36;32,41;0,12;3,89;3,47
04,10.2019 17:16:14;32.3;0.21;287.4;37.64832259123207;284.31;Module 1,1_10;40.11;6,78;31,66;0,11;3,38;3,40
04,10.2019 17:18:06;32;0.25;287.4;43.25313068651805;284.28;Module 1,1_10;46.11;8,00;32,86;0,13;4,31;3,69
04,10.2019 17:19:59;32;0.21;287.4;35.41622338890572;284.22;Module 1,1_10;37.78;6,72;30,92;0,10;3,02;3,70
04,10.2019 17:21:53;31.9;0.22;287.4;36.30092109232699;284.11;Module 1,1_10;38.75;7,02;31,24;0,10;3,16;3,86
04,10.2019 17:23:46;32.6;0.2;287.4;32.22218372628996;284.02;Module 1,1_10;34.42;6,52;29,41;0,09;2,52;4,00
04,10.2019 17:25:38;32.1;0.14;287.4;23.415070790002197;283.89;Module 1,1_10;25.03;4,49;22,09;0,06;1,34;3,16
04,10.2019 17:27:34;32;0.18;287.4;29.052519097855683;283.71;Module 1,1_10;31.08;5,76;27,16;0,08;2,06;3,70
04,10.2019 17:29:27;31.7;0.18;287.4;29.00210789005818;283.63;Module 1,1_10;31.05;5,71;27,12;0,08;2,05;3,66
04,10.2019 17:31:20;31.4;0.16;287.4;26.048398355793076;283.49;Module 1,1_10;27.91;5,02;24,54;0,07;1,65;3,37
04,10.2019 17:33:14;31.6;0.13;287.4;22.40848257583137;283.34;Module 1,1_10;24.03;4,11;21,15;0,06;1,22;2,88
04,10.2019 17:35:27;31.5;0.17;287.4;28.990682406493217;283.18;Module 1,1_10;31.12;5,36;27,11;0,08;2,05;3,31
04,10.2019 17:37:24;31.6;0.16;287.4;26.683561598874007;283.12;Module 1,1_10;28.67;5,06;25,11;0,07;1,74;3,32
04,10.2019 17:39:17;31.7;0.16;287.4;26.50068976514539;283.07;Module 1,1_10;28.5;5,07;24,95;0,07;1,71;3,36
04,10.2019 17:41:09;31.7;0.16;287.4;27.125632307198074;283.03;Module 1,1_10;29.2;5,07;25,51;0,07;1,79;3,28
04,10.2019 17:43:03;31.8;0.15;287.4;25.99388543070765;282.92;Module 1,1_10;28.01;4,77;24,48;0,07;1,65;3,12
04,10.2019 17:45:13;31.7;0.22;287.4;36.965080362857584;282.89;Module 1,1_10;39.88;6,97;31,45;0,10;3,27;3,71
04,10.2019 17:47:13;33.1;0.24;287.4;40.949719142910425;282.86;Module 1,1_10;44.23;7,94;32,44;0,12;3,93;4,02
04,10.2019 17:49:20;32.3;0.21;287.4;35.77482706496157;282.89;Module 1,1_10;38.69;6,78;31,05;0,10;3,08;3,71
04,10.2019 17:51:13;31.9;0.2;287.4;34.291652765724876;282.89;Module 1,1_10;37.13;6,38;30,46;0,09;2,84;3,54
04,10.2019 17:53:14;31.9;0.15;287.4;27.21806151337158;282.91;Module 1,1_10;29.51;4,78;25,59;0,07;1,81;2,98
04,10.2019 17:55:07;31.4;0.14;287.4;25.36828342182574;282.87;Module 1,1_10;27.54;4,40;23,91;0,07;1,57;2,83
04,10.2019 17:57:05;31.7;0.14;287.4;24.136801907727673;282.85;Module 1,1_10;26.24;4,44;22,77;0,06;1,42;3,02
04,10.2019 17:58:57;31.6;0.13;287.4;23.763285751629716;282.86;Module 1,1_10;25.87;4,11;22,42;0,06;1,38;2,73
04,10.2019 18:00:50;31.8;0.13;287.4;24.150313479955017;282.87;Module 1,1_10;26.33;4,13;22,78;0,06;1,42;2,71
04,10.2019 18:02:59;32.3;0.16;287.4;29.317675054164475;282.89;Module 1,1_10;32.02;5,17;27,38;0,08;2,09;3,08
04,10.2019 18:04:46;31.3;0.18;287.4;30.671632430434684;282.88;Module 1,1_10;33.55;5,63;28,40;0,08;2,29;3,35
04,10.2019 18:06:40;31.7;0.18;287.4;31.824141862793887;282.89;Module 1,1_10;34.87;5,71;29,16;0,08;2,46;3,25
04,10.2019 18:08:34;31.9;0.19;287.4;32.5781979746366;282.92;Module 1,1_10;35.76;6,06;29,61;0,09;2,57;3,49
04,10.2019 18:10:27;31.7;0.16;287.4;26.943575854186776;282.97;Module 1,1_10;29.63;5,07;25,34;0,07;1,77;3,30
04,10.2019 18:12:20;32;0.17;287.4;30.221903283804476;283.03;Module 1,1_10;33.3;5,44;28,07;0,08;2,22;3,22
04,10.2019 18:14:14;32.1;0.14;287.4;23.81970211095536;283.04;Module 1,1_10;26.3;4,49;22,47;0,06;1,38;3,11
04,10.2019 18:16:08;31.6;0.13;287.4;22.520843759843252;283.04;Module 1,1_10;24.92;4,11;21,25;0,06;1,24;2,87
04,10.2019 18:18:02;31.5;0.15;287.4;24.984958397122355;283;Module 1,1_10;27.71;4,72;23,55;0,06;1,52;3,20
04,10.2019 18:19:57;31.4;0.17;287.4;29.025690791433245;282.96;Module 1,1_10;32.27;5,34;27,14;0,08;2,05;3,29
04,10.2019 18:21:54;31.8;0.19;287.4;32.66372677665149;282.96;Module 1,1_10;36.41;6,04;29,66;0,09;2,59;3,45
04,10.2019 18:24:07;32;0.13;287.4;22.347803453202392;282.93;Module 1,1_10;24.99;4,16;21,09;0,06;1,22;2,94
04,10.2019 18:26:00;31.7;0.08;287.4;15.818951871033114;282.92;Module 1,1_10;17.74;2,54;14,94;0,04;0,61;1,93
04,10.2019 18:27:56;31.9;0.07;287.4;14.045112700561422;282.89;Module 1,1_10;15.8;2,23;13,26;0,04;0,48;1,75
04,10.2019 18:29:48;32.1;0.08;287.4;15.772361326038917;282.85;Module 1,1_10;17.8;2,57;14,89;0,04;0,61;1,96
04,10.2019 18:31:53;31.9;0.08;287.4;14.344071621121534;282.86;Module 1,1_10;16.25;2,55;13,54;0,04;0,50;2,05
04,10.2019 18:33:49;31.6;0.09;287.4;16.38267771682458;282.87;Module 1,1_10;18.63;2,84;15,47;0,04;0,65;2,19
04,10.2019 18:35:42;31.6;0.07;287.4;14.277231460254168;282.88;Module 1,1_10;16.3;2,21;13,48;0,04;0,50;1,71
04,10.2019 18:37:47;31.4;0.07;287.4;13.059564260599332;282.87;Module 1,1_10;14.98;2,20;12,33;0,03;0,42;1,78
04,10.2019 18:39:49;31.7;0.12;287.4;20.420801469634007;282.89;Module 1,1_10;23.54;3,80;19,27;0,05;1,02;2,79
04,10.2019 18:41:42;31.9;0.18;287.4;29.867080833330675;282.92;Module 1,1_10;34.6;5,74;27,80;0,08;2,17;3,57
04,10.2019 18:43:35;32.3;0.21;287.4;33.76922922115667;282.96;Module 1,1_10;39.33;6,78;30,23;0,09;2,76;4,02
04,10.2019 18:45:37;32.1;0.16;287.4;24.863833640596326;283;Module 1,1_10;29.14;5,14;23,45;0,06;1,51;3,63
04,10.2019 18:47:44;31;0.07;287.4;12.258809314142313;283;Module 1,1_10;14.47;2,17;11,57;0,03;0,37;1,80
04,10.2019 18:49:37;31.1;0;287.4;6.67163939074101;282.98;Module 1,1_10;7.93;0,00;6,30;0,02;0,11;-0,11
04,10.2019 18:51:30;30.9;0;287.4;6.195253735550477;282.96;Module 1,1_10;7.42;0,00;5,85;0,02;0,09;-0,09
04,10.2019 18:53:29;31.1;0;287.4;8.408464653613311;282.95;Module 1,1_10;10.16;0,00;7,94;0,02;0,17;-0,17
04,10.2019 18:55:20;30.3;0.07;287.4;11.57993883905221;282.96;Module 1,1_10;14.12;2,12;10,93;0,03;0,33;1,79
04,10.2019 18:57:14;29.7;0.12;287.4;19.04146088737236;282.98;Module 1,1_10;23.46;3,56;17,98;0,05;0,88;2,68
04,10.2019 18:59:11;29.7;0.09;286.4;14.188509643133285;282.99;Module 1,1_10;17.69;2,67;13,39;0,04;0,49;2,18
04,10.2019 19:01:06;29.7;0.08;286.4;11.94493576793382;282.99;Module 1,1_10;15.09;2,38;11,27;0,03;0,35;2,03
04,10.2019 19:02:59;29.7;0.08;286.4;12.301870908142227;282.99;Module 1,1_10;15.77;2,38;11,61;0,03;0,37;2,01
04,10.2019 19:04:52;29.8;0;286.4;7.127086740344426;283.02;Module 1,1_10;9.29;0,00;6,73;0,02;0,12;-0,12
04,10.2019 19:06:45;29.2;0;286.4;3.589909526275446;283;Module 1,1_10;4.77;0,00;3,39;0,01;0,03;-0,03
04,10.2019 19:08:38;32;0;286.4;3.017617803945276;283;Module 1,1_10;4.1;0,00;2,84;0,01;0,02;-0,02
04,10.2019 19:10:50;32.1;0;286.4;3.2747385805725973;283;Module 1,1_10;4.59;0,00;3,09;0,01;0,03;-0,03
04,10.2019 19:12:48;33.8;0;286.4;4.730982339405285;283;Module 1,1_10;6.86;0,00;4,46;0,01;0,05;-0,05
04,10.2019 19:14:41;33.8;0;287.4;4.287769273614038;283;Module 1,1_10;6.47;0,00;4,05;0,01;0,04;-0,04
04,10.2019 19:16:34;31.2;0;287.4;5.315450451469589;283;Module 1,1_10;8.43;0,00;5,02;0,01;0,07;-0,07
04,10.2019 19:18:28;29.3;0;286.9;5.4908217064729765;282.99;Module 1,1_10;9.29;0,00;5,18;0,01;0,07;-0,07
04,10.2019 19:20:21;32;0;286.9;5.651815240314267;282.98;Module 1,1_10;10.42;0,00;5,34;0,01;0,08;-0,08
04,10.2019 19:22:42;33.1;0;286.9;6.065540735785939;282.96;Module 1,1_10;13.12;0,00;5,73;0,02;0,09;-0,09
04,10.2019 19:24:35;35.3;0;287.4;5.370473883856559;282.92;Module 1,1_10;14.35;0,00;5,07;0,01;0,07;-0,07
04,10.2019 19:26:33;34.6;0;287.4;2.9779655623727264;282.84;Module 1,1_10;12.17;0,00;2,81;0,01;0,02;-0,02
04,10.2019 19:28:25;35;0;287.4;1.9807023784955253;282.75;Module 1,1_10;10.31;0,00;1,87;0,01;0,01;-0,01
04,10.2019 19:30:18;34.2;0;287.4;1.7021360886004222;282.68;Module 1,1_10;8.86;0,00;1,61;0,00;0,01;-0,01
04,10.2019 19:32:11;33.1;0;287.4;1.4274120923590448;282.6;Module 1,1_10;7.43;0,00;1,34;0,00;0,00;-0,00
04,10.2019 19:34:08;30.4;0;287.4;1.1987956199623742;282.57;Module 1,1_10;6.24;0,00;1,13;0,00;0,00;-0,00
04,10.2019 19:36:01;30.3;0;287.4;0.0001;282.55;Module 1,1_10;5.28;0,00;0,00;0,00;0,00;0,00
04,10.2019 19:37:53;30.9;0;287.4;0.0001;282.52;Module 1,1_10;4.71;0,00;0,00;0,00;0,00;0,00
04,10.2019 19:39:49;32.1;0;287.4;0.0001;282.55;Module 1,1_10;4.31;0,00;0,00;0,00;0,00;0,00
04,10.2019 19:41:47;32.2;0;287.4;0.0001;282.58;Module 1,1_10;3.97;0,00;0,00;0,00;0,00;0,00
04,10.2019 19:43:41;31.8;0;286.4;0.0001;282.59;Module 1,1_10;3.45;0,00;0,00;0,00;0,00;0,00
04,10.2019 19:45:34;31.2;0;286.4;0.0001;282.56;Module 1,1_10;2.6;0,00;0,00;0,00;0,00;0,00
04,10.2019 19:47:31;30.4;0;286.4;0.0001;282.54;Module 1,1_10;1.88;0,00;0,00;0,00;0,00;0,00
04,10.2019 19:49:25;28.6;0;286.4;0.0001;282.53;Module 1,1_10;1.28;0,00;0,00;0,00;0,00;0,00
04,10.2019 19:51:17;28.6;0;286.4;0.0001;282.52;Module 1,1_10;0.73;0,00;0,00;0,00;0,00;0,00
04,10.2019 19:53:11;28.6;0;286.4;0.0001;282.51;Module 1,1_10;0.28;0,00;0,00;0,00;0,00;0,00
05,10.2019 09:07:24;30.1;0.13;284.4;20.554497752143046;282.87;Module 1,1_10;24.75;3,91;19,38;0,05;1,03;2,89
05,10.2019 09:09:53;30.1;0.11;284.4;18.001098126457954;282.85;Module 1,1_10;21.54;3,31;16,98;0,05;0,79;2,52
05,10.2019 09:11:46;30.2;0.11;285.9;18.174012970264783;282.83;Module 1,1_10;21.65;3,32;17,15;0,05;0,80;2,52
05,10.2019 09:13:46;30.2;0.1;285.9;17.168129749161665;282.85;Module 1,1_10;20.36;3,02;16,20;0,04;0,72;2,30
05,10.2019 09:15:45;30.2;0.11;285.9;19.273140083657037;282.85;Module 1,1_10;22.76;3,32;18,18;0,05;0,90;2,42
05,10.2019 09:17:38;30.2;0.13;285.9;22.517413375287177;282.89;Module 1,1_10;26.49;3,93;21,24;0,06;1,23;2,69
05,10.2019 09:19:31;31;0.15;285.9;27.061264897800793;282.89;Module 1,1_10;31.72;4,65;25,45;0,07;1,78;2,87
05,10.2019 09:21:23;31.8;0.2;286.4;35.25283046434717;282.9;Module 1,1_10;41.18;6,36;30,98;0,10;2,99;3,37
05,10.2019 09:23:24;32.4;0.31;286.4;52.37096604667754;282.92;Module 1,1_10;60.96;10,04;34,13;0,17;5,90;4,14
05,10.2019 09:25:19;33.3;0.36;287.4;57.30553541875652;283;Module 1,1_10;66.49;11,99;34,35;0,20;6,76;5,23
05,10.2019 09:27:12;32.7;0.26;287.4;41.99606568545222;283.02;Module 1,1_10;48.58;8,50;32,64;0,13;4,10;4,40
05,10.2019 09:29:04;31.8;0.16;287.4;27.066287912813397;283.04;Module 1,1_10;31.22;5,09;25,45;0,07;1,79;3,30
05,10.2019 09:30:58;31.7;0.12;287.4;21.969269397718712;283.02;Module 1,1_10;25.27;3,80;20,73;0,06;1,18;2,63
05,10.2019 09:32:55;31.5;0.12;287.4;23.581563138961634;283;Module 1,1_10;27.05;3,78;22,25;0,06;1,36;2,42
05,10.2019 09:34:49;31.6;0.1;286.4;20.303531254420932;282.98;Module 1,1_10;23.23;3,16;19,16;0,05;1,00;2,16
05,10.2019 09:36:41;31.5;0.15;286.4;28.623726752177085;282.97;Module 1,1_10;32.67;4,72;26,82;0,07;1,99;2,73
05,10.2019 09:38:34;32.4;0.26;286.4;45.6056781784723;283;Module 1,1_10;51.93;8,42;33,37;0,14;4,72;3,70
05,10.2019 09:40:53;32.7;0.26;287.4;46.43707866171728;283.07;Module 1,1_10;52.73;8,50;33,31;0,15;4,86;3,64
05,10.2019 09:42:48;33;0.29;287.4;50.42295644706339;283.15;Module 1,1_10;57.13;9,57;33,77;0,16;5,55;4,02
05,10.2019 09:44:41;32.8;0.2;287.4;35.43965337145458;283.21;Module 1,1_10;40.07;6,56;30,93;0,10;3,02;3,54
05,10.2019 09:46:34;32.5;0.16;287.4;31.00014877937404;283.21;Module 1,1_10;34.98;5,20;28,63;0,08;2,34;2,86
05,10.2019 09:48:34;31.6;0.16;287.4;28.29334712024995;283.16;Module 1,1_10;31.86;5,06;26,53;0,07;1,95;3,11
05,10.2019 09:50:30;32.3;0.31;287.4;55.16504865800122;283.16;Module 1,1_10;62;10,01;34,19;0,19;6,38;3,63
05,10.2019 09:52:22;32.3;0.2;287.4;36.41178235237749;283.15;Module 1,1_10;40.85;6,46;31,27;0,10;3,18;3,28
05,10.2019 09:54:15;32.1;0.17;287.4;33.34131347437332;283.14;Module 1,1_10;37.34;5,46;30,02;0,09;2,69;2,77
05,10.2019 09:56:18;32;0.19;287.4;36.345666585801474;283.14;Module 1,1_10;40.63;6,08;31,26;0,10;3,17;2,91
05,10.2019 09:58:11;32.3;0.3;287.4;56.16202187065797;283.14;Module 1,1_10;62.68;9,69;34,27;0,19;6,55;3,14
05,10.2019 10:00:03;33.2;0.33;287.4;61.73316237130374;283.17;Module 1,1_10;68.79;10,96;34,64;0,22;7,54;3,41
05,10.2019 10:01:59;33.2;0.34;287.4;63.18733651940819;283.21;Module 1,1_10;70.3;11,29;34,73;0,22;7,80;3,48
05,10.2019 10:04:23;33.6;0.34;287.4;65.3953788705145;283.23;Module 1,1_10;72.62;11,42;34,84;0,24;8,20;3,22
05,10.2019 10:06:25;34.5;0.38;287.4;72.19696054903281;283.25;Module 1,1_10;80.05;13,11;35,17;0,27;9,43;3,68
05,10.2019 10:08:18;34.3;0.37;287.4;69.2619475630386;283.29;Module 1,1_10;76.69;12,69;35,04;0,25;8,90;3,80
05,10.2019 10:10:11;34.3;0.38;289.9;71.93202454369381;283.31;Module 1,1_10;79.54;13,03;34,71;0,27;9,30;3,73
05,10.2019 10:12:12;34.4;0.4;289.9;73.5171849841722;283.28;Module 1,1_10;81.18;13,76;34,78;0,28;9,59;4,17
05,10.2019 10:14:05;34.4;0.42;289.9;77.14607016685044;283.3;Module 1,1_10;85.08;14,45;34,92;0,29;10,24;4,21
05,10.2019 10:15:59;34.5;0.46;289.9;85.72982882994881;283.32;Module 1,1_10;94.43;15,87;35,22;0,33;11,79;4,08
05,10.2019 10:17:53;35.5;0.56;289.9;104.7934443372921;283.36;Module 1,1_10;115.29;19,88;35,70;0,43;15,27;4,61
05,10.2019 10:20:28;37.5;2.24;289.9;398.5227794243643;284.21;Module 1,1_10;437.75;84,00;37,57;1,87;70,35;13,65
05,10.2019 10:22:20;36.2;0.73;289.9;131.29528307495298;284.73;Module 1,1_10;144.06;26,43;36,18;0,56;20,15;6,27
05,10.2019 10:24:14;35.1;1.93;291.9;443.7767110549406;284.96;Module 1,1_10;486.39;67,74;37,27;2,10;78,14;-10,40
05,10.2019 10:26:06;38.6;0.54;291.9;92.77725592070371;285.55;Module 1,1_10;101.58;20,84;35,06;0,37;12,97;7,87
05,10.2019 10:27:59;33.5;0.46;291.9;91.61991576904379;285.24;Module 1,1_10;100.21;15,41;35,03;0,36;12,76;2,65
05,10.2019 10:29:53;34.2;0.4;291.9;80.52854491988147;285.01;Module 1,1_10;87.99;13,68;34,69;0,31;10,77;2,91
05,10.2019 10:31:48;34.6;0.43;291.9;80.6358062115125;284.69;Module 1,1_10;88.02;14,88;34,70;0,31;10,79;4,09
05,10.2019 10:34:06;34.3;0.44;291.9;83.48044749534266;284.39;Module 1,1_10;91.02;15,09;34,79;0,32;11,30;3,79
05,10.2019 10:36:02;34.4;0.59;291.9;105.5276942887893;284.17;Module 1,1_10;114.95;20,30;35,36;0,43;15,28;5,01
05,10.2019 10:37:55;34.2;0.33;291.9;62.90472290155884;284.03;Module 1,1_10;68.46;11,29;33,91;0,23;7,65;3,63
05,10.2019 10:39:48;33.1;0.3;291.9;58.06711370089758;283.81;Module 1,1_10;63.14;9,93;33,62;0,20;6,81;3,12
05,10.2019 10:41:40;32.9;0.24;291.9;48.488443193633024;283.74;Module 1,1_10;52.68;7,90;32,80;0,16;5,17;2,73
05,10.2019 10:43:33;32.7;0.28;290.4;55.40093309292192;283.71;Module 1,1_10;60.14;9,16;33,69;0,19;6,37;2,78
05,10.2019 10:45:25;33.1;0.31;290.4;57.44614052928412;283.6;Module 1,1_10;62.31;10,26;33,84;0,20;6,73;3,53
05,10.2019 10:47:24;32.8;0.25;289.9;48.608381486627735;283.5;Module 1,1_10;52.68;8,20;33,16;0,16;5,21;2,99
05,10.2019 10:49:18;32.9;0.24;289.9;45.654386726554996;283.39;Module 1,1_10;49.44;7,90;32,80;0,14;4,70;3,19
05,10.2019 10:51:13;33.2;0.25;289.9;49.97747352927784;283.32;Module 1,1_10;54.08;8,30;33,30;0,16;5,44;2,86
05,10.2019 10:53:08;33.1;0.33;289.9;64.31288998914404;283.25;Module 1,1_10;69.54;10,92;34,34;0,23;7,95;2,98
05,10.2019 10:55:05;33.1;0.35;289.9;67.74824076491903;283.26;Module 1,1_10;73.2;11,58;34,52;0,25;8,56;3,03
05,10.2019 10:56:58;33.4;0.51;289.9;101.23074192020817;283.28;Module 1,1_10;109.3;17,03;35,63;0,41;14,61;2,42
05,10.2019 10:58:59;35.1;0.65;289.9;127.27566224177603;283.4;Module 1,1_10;137.32;22,82;36,12;0,54;19,41;3,40
05,10.2019 11:00:51;35.4;0.58;289.9;116.13791537169715;283.53;Module 1,1_10;125.22;20,53;35,93;0,48;17,35;3,18
05,10.2019 11:02:49;35.3;0.64;289.9;127.55892140672302;283.57;Module 1,1_10;137.44;22,59;36,12;0,54;19,46;3,13
05,10.2019 11:04:41;35.1;0.6;289.9;120.45188335088979;283.59;Module 1,1_10;129.7;21,06;36,01;0,50;18,15;2,91
05,10.2019 11:06:34;35;0.77;290.4;147.20703017048166;283.57;Module 1,1_10;158.41;26,95;36,30;0,64;23,06;3,89
05,10.2019 11:08:27;35.3;0.63;290.4;121.41967192851743;283.64;Module 1,1_10;130.58;22,24;35,93;0,51;18,29;3,95
05,10.2019 11:10:26;35.2;0.62;290.4;121.14284175267608;283.66;Module 1,1_10;130.2;21,82;35,93;0,51;18,24;3,58
05,10.2019 11:12:20;35;0.63;290.4;118.71021161808261;283.65;Module 1,1_10;127.51;22,05;35,88;0,50;17,79;4,26
05,10.2019 11:14:14;34.8;0.62;290.4;120.01792197184844;283.65;Module 1,1_10;128.84;21,58;35,91;0,50;18,03;3,54
05,10.2019 11:16:13;34.9;0.45;290.4;86.26382008691924;283.63;Module 1,1_10;92.55;15,71;35,14;0,34;11,86;3,84
05,10.2019 11:18:05;34;0.29;290.4;53.96874649703899;283.58;Module 1,1_10;57.87;9,86;33,57;0,18;6,12;3,74
05,10.2019 11:19:58;32.5;0.36;290.4;65.91333472796543;283.58;Module 1,1_10;70.64;11,70;34,34;0,24;8,22;3,48
05,10.2019 11:22:10;32.7;0.33;289.9;59.39955367784991;283.57;Module 1,1_10;63.62;10,79;34,05;0,21;7,08;3,71
05,10.2019 11:24:02;32.5;0.32;289.9;56.01090490602496;283.56;Module 1,1_10;59.96;10,40;33,82;0,19;6,49;3,91
05,10.2019 11:25:57;32.5;0.27;289.9;48.30100577533001;283.47;Module 1,1_10;51.68;8,78;33,13;0,16;5,15;3,62
05,10.2019 11:27:50;32.7;0.4;289.9;72.8987085726149;283.44;Module 1,1_10;77.96;13,08;34,76;0,27;9,48;3,60
05,10.2019 11:29:43;33.3;0.45;289.9;84.38485988108974;283.45;Module 1,1_10;90.2;14,98;35,17;0,33;11,55;3,44
05,10.2019 11:31:37;34.8;0.58;289.9;107.50641192914081;283.51;Module 1,1_10;114.86;20,18;35,77;0,44;15,76;4,42
05,10.2019 11:33:30;34.8;0.59;289.9;108.21181454332066;283.67;Module 1,1_10;115.56;20,53;35,77;0,44;15,89;4,64
05,10.2019 11:35:22;35;0.77;289.9;155.80498236382263;283.82;Module 1,1_10;166.31;26,95;36,48;0,68;24,71;2,24
05,10.2019 11:37:33;35.5;0.88;289.9;166.1115645032068;283.92;Module 1,1_10;177.22;31,24;36,59;0,73;26,64;4,60
05,10.2019 11:39:26;35.4;0.88;290.4;168.82834588265294;284;Module 1,1_10;180.04;31,15;36,53;0,74;27,09;4,06
05,10.2019 11:41:19;35.5;0.94;290.4;181.2556082072774;284.1;Module 1,1_10;193.21;33,37;36,65;0,80;29,41;3,96
05,10.2019 11:43:12;35.7;1.05;290.4;199.867295162984;284.25;Module 1,1_10;212.96;37,49;36,79;0,89;32,89;4,59
05,10.2019 11:45:12;35.4;0.84;290.4;162.2845460925746;284.33;Module 1,1_10;172.84;29,74;36,47;0,71;25,87;3,87
05,10.2019 11:47:11;35;0.62;290.4;117.49098408825087;284.36;Module 1,1_10;125.08;21,70;35,87;0,49;17,57;4,13
05,10.2019 11:49:03;34.8;0.54;291.9;101.28015541974673;284.2;Module 1,1_10;107.78;18,79;35,27;0,41;14,51;4,28
05,10.2019 11:51:00;34.6;0.53;291.9;99.44050902966889;284.01;Module 1,1_10;105.78;18,34;35,23;0,40;14,18;4,16
05,10.2019 11:53:18;34.6;0.58;291.9;106.83170623362984;283.89;Module 1,1_10;113.59;20,07;35,39;0,44;15,52;4,55
05,10.2019 11:55:10;34.6;0.52;291.9;96.41803251917855;283.85;Module 1,1_10;102.48;17,99;35,16;0,39;13,63;4,36
05,10.2019 11:57:13;34.3;0.43;291.9;80.94477286989468;283.88;Module 1,1_10;86;14,75;34,70;0,31;10,85;3,90
05,10.2019 11:59:11;34.3;0.44;290.4;84.22317037050189;283.84;Module 1,1_10;89.45;15,09;35,08;0,33;11,50;3,60
05,10.2019 12:01:06;34.4;0.57;290.4;112.8773306213205;283.83;Module 1,1_10;119.84;19,61;35,78;0,47;16,72;2,89
05,10.2019 12:02:58;35.4;0.95;290.4;179.32306639765028;283.97;Module 1,1_10;190.32;33,63;36,63;0,79;29,05;4,58
05,10.2019 12:04:51;35.4;0.96;290.4;183.87895204580553;284.09;Module 1,1_10;195.09;33,98;36,66;0,82;29,90;4,08
05,10.2019 12:06:44;35.6;1.23;290.4;249.3349078135497;284.25;Module 1,1_10;264.45;43,79;37,08;1,14;42,18;1,61
05,10.2019 12:08:49;35.7;1.13;291.9;218.98722684230336;284.53;Module 1,1_10;232.18;40,34;36,65;0,99;36,24;4,10
05,10.2019 12:10:42;35.2;0.96;291.9;182.04367045131423;284.71;Module 1,1_10;192.95;33,79;36,38;0,81;29,37;4,42
05,10.2019 12:12:39;35.2;0.84;291.9;158.8849755808041;284.73;Module 1,1_10;168.35;29,57;36,16;0,69;25,08;4,49
05,10.2019 12:14:32;35.1;0.77;291.9;145.05537482178283;284.59;Module 1,1_10;153.65;27,03;36,01;0,63;22,52;4,50
05,10.2019 12:16:25;34.8;0.63;291.9;120.61163466549046;284.5;Module 1,1_10;127.72;21,92;35,65;0,51;18,03;3,89
05,10.2019 12:18:18;34.8;0.61;291.9;118.20022403016758;284.39;Module 1,1_10;125.13;21,23;35,61;0,49;17,59;3,64
05,10.2019 12:20:28;35.1;0.8;291.9;154.30700525442805;284.27;Module 1,1_10;163.3;28,08;36,12;0,67;24,23;3,85
05,10.2019 12:22:34;35.4;0.87;291.9;163.17399282330507;284.23;Module 1,1_10;172.63;30,80;36,21;0,71;25,87;4,93
05,10.2019 12:24:52;35.3;0.91;291.9;173.4969473541002;284.25;Module 1,1_10;183.49;32,12;36,31;0,77;27,78;4,34
05,10.2019 12:26:47;35.5;0.88;291.9;164.87115911795905;284.33;Module 1,1_10;174.32;31,24;36,23;0,72;26,19;5,05
05,10.2019 12:28:40;35.3;0.74;291.9;136.23975250057174;284.35;Module 1,1_10;144.01;26,12;35,89;0,58;20,90;5,22
05,10.2019 12:30:33;34.9;0.61;291.9;115.26717659659786;284.29;Module 1,1_10;121.81;21,29;35,55;0,48;17,06;4,23
05,10.2019 12:32:26;34.6;0.54;291.9;102.05431868684317;284.24;Module 1,1_10;107.82;18,68;35,29;0,42;14,65;4,03
05,10.2019 12:34:41;34.6;0.55;291.9;106.51540551700447;284.14;Module 1,1_10;112.5;19,03;35,38;0,44;15,46;3,57
05,10.2019 12:36:36;34.7;0.64;291.9;122.34756904839229;284.1;Module 1,1_10;129.19;22,21;35,68;0,51;18,35;3,86
05,10.2019 12:38:31;35;0.86;291.9;171.66311238733604;284.12;Module 1,1_10;181.22;30,10;36,29;0,76;27,44;2,66
05,10.2019 12:40:24;35.5;1.01;291.9;193.66551508196193;284.13;Module 1,1_10;204.4;35,85;36,48;0,86;31,53;4,33
05,10.2019 12:42:16;35.6;0.94;291.9;180.8109374622573;284.21;Module 1,1_10;190.79;33,46;36,38;0,80;29,14;4,32
05,10.2019 12:44:09;35.5;1.08;291.9;207.96129653016231;284.36;Module 1,1_10;219.39;38,34;36,58;0,93;34,19;4,15
05,10.2019 12:46:01;35.5;0.99;291.9;186.47461389767807;284.47;Module 1,1_10;196.68;35,15;36,42;0,83;30,19;4,95
05,10.2019 12:47:54;35.2;0.89;291.9;167.67144346879905;284.5;Module 1,1_10;176.81;31,33;36,26;0,74;26,70;4,62
05,10.2019 12:49:49;35.2;0.83;291.9;151.1081135511312;284.39;Module 1,1_10;159.31;29,22;36,08;0,66;23,64;5,57
05,10.2019 12:51:47;34.9;0.57;292.4;103.6380694789329;284.2;Module 1,1_10;109.24;19,89;35,23;0,42;14,91;4,98
05,10.2019 12:53:40;34.2;0.45;292.4;87.19527279499948;284.03;Module 1,1_10;91.89;15,39;34,81;0,34;11,95;3,44
05,10.2019 12:55:37;34.4;0.45;292.4;85.21987670149502;283.92;Module 1,1_10;89.79;15,48;34,75;0,33;11,59;3,89
05,10.2019 12:57:30;33.6;0.43;291.9;81.84729938274089;283.83;Module 1,1_10;86.22;14,45;34,73;0,32;11,01;3,44
05,10.2019 12:59:23;34.2;0.42;291.9;83.36283831417585;283.79;Module 1,1_10;87.8;14,36;34,78;0,32;11,28;3,08
05,10.2019 13:01:17;34.4;0.39;291.9;75.01199034798765;283.68;Module 1,1_10;78.99;13,42;34,48;0,28;9,79;3,63
05,10.2019 13:03:24;34.3;0.39;291.9;73.63089271536326;283.57;Module 1,1_10;77.52;13,38;34,43;0,28;9,54;3,83
05,10.2019 13:05:17;34;0.35;291.9;65.91084023326476;283.48;Module 1,1_10;69.38;11,90;34,08;0,24;8,18;3,72
05,10.2019 13:07:16;32.8;0.4;290.4;77.88538500984485;283.47;Module 1,1_10;81.97;13,12;34,86;0,30;10,35;2,77
05,10.2019 13:09:10;33.8;0.65;290.4;137.01859675209883;283.54;Module 1,1_10;144.18;21,97;36,16;0,59;21,17;0,80
05,10.2019 13:11:10;35.5;0.96;290.4;187.49471978813202;283.71;Module 1,1_10;197.26;34,08;36,70;0,83;30,58;3,50
05,10.2019 13:13:03;35.8;1.04;290.4;204.47474272604757;283.89;Module 1,1_10;215.09;37,23;36,82;0,92;33,76;3,48
05,10.2019 13:14:56;35.8;1.05;290.4;206.9217022936364;284;Module 1,1_10;217.63;37,59;36,84;0,93;34,21;3,38
05,10.2019 13:16:48;35.7;1.07;291.9;207.9895118245673;284.23;Module 1,1_10;218.72;38,20;36,58;0,93;34,19;4,00
05,10.2019 13:18:46;35.5;1.01;291.9;199.77591251678678;284.32;Module 1,1_10;210.05;35,85;36,52;0,89;32,67;3,19
05,10.2019 13:20:51;35.5;0.93;291.9;186.62376602315703;284.49;Module 1,1_10;196.19;33,02;36,42;0,83;30,22;2,79
05,10.2019 13:22:44;35.6;1.07;291.9;212.38479645072866;284.58;Module 1,1_10;223.24;38,09;36,61;0,96;35,01;3,08
05,10.2019 13:24:38;35.5;0.91;291.9;169.75826223499786;284.8;Module 1,1_10;178.41;32,30;36,27;0,75;27,09;5,21
05,10.2019 13:26:30;34.8;0.69;292.4;131.52519217315134;284.92;Module 1,1_10;138.21;24,01;35,73;0,56;19,99;4,02
05,10.2019 13:28:25;34.7;0.5;292.4;94.59537926006159;284.97;Module 1,1_10;99.39;17,35;35,02;0,38;13,28;4,07
05,10.2019 13:30:18;34.2;0.41;291.9;78.59678016718044;284.84;Module 1,1_10;82.57;14,02;34,62;0,30;10,43;3,59
05,10.2019 13:32:22;32.9;0.28;291.9;55.4069646556202;284.7;Module 1,1_10;58.2;9,21;33,43;0,19;6,35;2,86
05,10.2019 13:34:16;32.5;0.26;291.9;50.51975142429652;284.49;Module 1,1_10;53.06;8,45;33,02;0,17;5,51;2,94
05,10.2019 13:36:09;32.3;0.3;291.9;57.47696678342393;284.34;Module 1,1_10;60.36;9,69;33,58;0,20;6,71;2,98
05,10.2019 13:38:06;32.7;0.45;291.9;86.33031519005843;284.15;Module 1,1_10;90.65;14,72;34,88;0,34;11,81;2,90
05,10.2019 13:39:59;33.9;0.64;290.4;121.5329068824164;284.17;Module 1,1_10;127.6;21,70;35,93;0,51;18,31;3,38
05,10.2019 13:42:06;35.1;0.86;290.4;172.78595400000057;284.29;Module 1,1_10;181.39;30,19;36,57;0,76;27,83;2,36
05,10.2019 13:43:59;35.6;1.09;290.4;213.5682070141594;284.5;Module 1,1_10;224.18;38,80;36,88;0,96;35,46;3,34
05,10.2019 13:45:52;35.7;1.12;291.9;215.07576408472045;284.75;Module 1,1_10;225.74;39,98;36,63;0,97;35,51;4,47
05,10.2019 13:47:45;35.4;0.94;291.9;181.48942867501677;284.82;Module 1,1_10;190.47;33,28;36,38;0,80;29,27;4,01
05,10.2019 13:49:38;35.3;0.87;291.9;165.98292846050663;284.81;Module 1,1_10;174.18;30,71;36,23;0,73;26,39;4,32
05,10.2019 13:51:33;35.1;0.83;291.9;158.9456914514323;284.9;Module 1,1_10;166.78;29,13;36,16;0,69;25,09;4,04
05,10.2019 13:53:42;35.2;0.93;291.9;180.67341066293065;284.9;Module 1,1_10;189.56;32,74;36,38;0,80;29,12;3,62
05,10.2019 13:55:42;35.2;0.86;291.9;161.08187745785807;284.97;Module 1,1_10;168.99;30,27;36,19;0,70;25,48;4,79
05,10.2019 13:57:42;34.9;0.75;291.9;143.11650536278322;285.02;Module 1,1_10;150.13;26,17;35,98;0,62;22,17;4,01
05,10.2019 13:59:35;34.8;0.72;292.4;138.92307763477442;285.02;Module 1,1_10;145.72;25,06;35,84;0,60;21,35;3,71
05,10.2019 14:01:32;34.7;0.7;292.4;134.95774318699983;285;Module 1,1_10;141.55;24,29;35,78;0,58;20,62;3,67
05,10.2019 14:03:26;34.7;0.69;292.4;127.22482205818585;284.96;Module 1,1_10;133.43;23,94;35,66;0,54;19,21;4,74
05,10.2019 14:05:27;34.6;0.62;292.4;117.23096363900896;284.98;Module 1,1_10;122.94;21,45;35,50;0,49;17,38;4,07
05,10.2019 14:07:29;34.4;0.53;292.4;100.94141703774176;285.1;Module 1,1_10;105.85;18,23;35,17;0,41;14,42;3,81
05,10.2019 14:09:22;34.3;0.46;292.4;88.58767412065745;285.14;Module 1,1_10;92.89;15,78;34,85;0,35;12,20;3,58
05,10.2019 14:11:15;34.2;0.44;292.4;84.93030420098897;285.16;Module 1,1_10;89.05;15,05;34,74;0,33;11,54;3,51
05,10.2019 14:13:09;34.3;0.53;292.4;99.89024849928238;285.06;Module 1,1_10;104.73;18,18;35,15;0,40;14,23;3,95
05,10.2019 14:15:03;34.6;0.64;291.9;124.15132408009754;284.97;Module 1,1_10;130.16;22,14;35,71;0,52;18,68;3,46
05,10.2019 14:16:55;34.8;0.74;291.9;145.40951492659252;284.97;Module 1,1_10;152.44;25,75;36,01;0,63;22,59;3,16
05,10.2019 14:18:50;34.8;0.81;291.9;158.65638374947852;285.07;Module 1,1_10;166.32;28,19;36,16;0,69;25,04;3,15
05,10.2019 14:20:45;35.1;0.8;291.9;153.96937791298575;285;Module 1,1_10;161.4;28,08;36,11;0,67;24,17;3,91
05,10.2019 14:22:24;35.1;0.83;291.9;161.66356499598575;284.93;Module 1,1_10;169.46;29,13;36,20;0,71;25,59;3,54
05,10.2019 14:24:18;35.1;0.84;291.9;162.70901302009705;284.99;Module 1,1_10;170.55;29,48;36,20;0,71;25,79;3,70
05,10.2019 14:26:11;35.1;0.84;291.9;165.21365682721532;285.01;Module 1,1_10;173.17;29,48;36,23;0,72;26,25;3,23
05,10.2019 14:28:05;35.2;0.87;291.9;173.08942882187552;285.1;Module 1,1_10;181.42;30,62;36,30;0,76;27,71;2,92
05,10.2019 14:29:59;35.3;0.84;292.4;166.74888117005548;285.19;Module 1,1_10;174.77;29,65;36,16;0,73;26,48;3,17
05,10.2019 14:31:52;35.1;0.86;292.4;169.16632813514565;285.28;Module 1,1_10;177.3;30,19;36,18;0,74;26,92;3,26
05,10.2019 14:33:46;35.2;0.89;292.4;176.46854611432326;285.21;Module 1,1_10;184.95;31,33;36,25;0,78;28,28;3,05
05,10.2019 14:35:49;35.2;1.01;292.4;199.1038951047798;285.27;Module 1,1_10;208.67;35,55;36,43;0,89;32,47;3,08
05,10.2019 14:37:50;35.2;0.99;292.4;193.5052213036249;285.32;Module 1,1_10;202.8;34,85;36,39;0,86;31,43;3,42
05,10.2019 14:39:45;35.1;0.89;292.4;172.9346439329471;285.39;Module 1,1_10;181.24;31,24;36,22;0,76;27,62;3,62
05,10.2019 14:41:38;35;0.79;292.4;154.6627980800962;285.43;Module 1,1_10;162.09;27,65;36,03;0,67;24,25;3,40
05,10.2019 14:43:30;35;0.69;292.4;137.12506959543978;285.39;Module 1,1_10;143.71;24,15;35,81;0,59;21,02;3,13
05,10.2019 14:45:24;34.8;0.61;292.4;119.51058014491676;285.27;Module 1,1_10;125.25;21,23;35,54;0,50;17,80;3,43
05,10.2019 14:47:17;34.6;0.58;292.4;116.21794106668452;285.2;Module 1,1_10;121.8;20,07;35,48;0,48;17,20;2,87
05,10.2019 14:49:10;34.6;0.6;292.4;118.85983601818367;285.18;Module 1,1_10;124.57;20,76;35,53;0,50;17,68;3,08
05,10.2019 14:51:02;34.6;0.53;292.4;107.38941716388838;285.21;Module 1,1_10;112.55;18,34;35,31;0,44;15,59;2,75
05,10.2019 14:53:00;34.5;0.57;292.4;113.27453248348829;285.28;Module 1,1_10;118.72;19,66;35,43;0,47;16,66;3,00
05,10.2019 14:54:53;34.6;0.65;292.4;128.0609691450088;285.31;Module 1,1_10;134.22;22,49;35,68;0,54;19,36;3,13
05,10.2019 14:56:51;34.9;0.66;292.4;128.5157223872245;285.28;Module 1,1_10;134.7;23,03;35,69;0,54;19,44;3,59
05,10.2019 14:58:44;34.7;0.63;292.4;121.49026856342023;285.32;Module 1,1_10;127.34;21,86;35,58;0,51;18,16;3,70
05,10.2019 15:00:45;34.7;0.61;292.4;116.94499597154909;285.28;Module 1,1_10;122.58;21,17;35,50;0,49;17,33;3,84
05,10.2019 15:02:38;34.6;0.55;292.4;107.24827165002856;285.21;Module 1,1_10;112.42;19,03;35,31;0,44;15,57;3,46
05,10.2019 15:04:31;34.5;0.52;292.4;101.38678446153328;285.17;Module 1,1_10;106.28;17,94;35,18;0,41;14,50;3,44
05,10.2019 15:06:25;34.4;0.55;292.4;106.32371025562881;285.19;Module 1,1_10;111.46;18,92;35,29;0,44;15,40;3,52
05,10.2019 15:08:22;34.6;0.55;291.9;107.80662012154085;285.08;Module 1,1_10;113.02;19,03;35,41;0,44;15,70;3,33
05,10.2019 15:10:18;34.6;0.58;291.9;112.40798690772469;285.04;Module 1,1_10;117.85;20,07;35,50;0,47;16,54;3,53
05,10.2019 15:12:10;34.7;0.64;291.9;124.90585404412154;285.06;Module 1,1_10;130.96;22,21;35,72;0,53;18,82;3,39
05,10.2019 15:14:03;34.8;0.73;291.9;142.69488561206023;285.07;Module 1,1_10;149.62;25,40;35,98;0,61;22,09;3,31
05,10.2019 15:15:56;35;0.84;291.9;159.50846909859877;285.14;Module 1,1_10;167.26;29,40;36,17;0,70;25,19;4,21
05,10.2019 15:17:52;35.2;0.87;291.9;169.14791754594103;285.23;Module 1,1_10;177.38;30,62;36,27;0,74;26,98;3,65
05,10.2019 15:19:51;35.2;0.93;291.9;181.2259406437371;285.22;Module 1,1_10;190.06;32,74;36,38;0,80;29,22;3,52
05,10.2019 15:21:46;35.3;0.98;292.4;192.60578298472257;285.34;Module 1,1_10;202.01;34,59;36,38;0,86;31,27;3,33
05,10.2019 15:23:38;35.3;0.99;292.4;192.53343870494982;285.53;Module 1,1_10;201.95;34,95;36,38;0,86;31,25;3,69
05,10.2019 15:25:31;35.2;0.92;292.4;179.6955665548889;285.6;Module 1,1_10;188.5;32,38;36,27;0,80;28,87;3,51
05,10.2019 15:27:24;35.2;0.89;292.4;179.44146260257935;285.57;Module 1,1_10;188.25;31,33;36,27;0,79;28,83;2,50
05,10.2019 15:29:17;35.4;0.93;292.4;183.54236957338085;285.6;Module 1,1_10;192.57;32,92;36,31;0,81;29,59;3,34
05,10.2019 15:31:10;35.3;0.88;292.4;173.5845124577376;285.67;Module 1,1_10;182.14;31,06;36,22;0,77;27,74;3,32
05,10.2019 15:33:11;35.1;0.81;292.4;161.31102598617986;285.67;Module 1,1_10;169.28;28,43;36,10;0,71;25,47;2,96
05,10.2019 15:35:03;35;0.74;292.4;145.85827409269203;285.66;Module 1,1_10;153.08;25,90;35,92;0,63;22,63;3,27
05,10.2019 15:36:56;34.8;0.66;294;132.1800976566469;285.69;Module 1,1_10;138.74;22,97;35,45;0,56;19,98;2,99
05,10.2019 15:38:53;34.6;0.64;294;127.27737065155185;285.6;Module 1,1_10;133.61;22,14;35,38;0,54;19,09;3,05
05,10.2019 15:40:54;34.7;0.72;294;143.00535907974728;285.52;Module 1,1_10;150.14;24,98;35,60;0,62;21,95;3,03
05,10.2019 15:42:46;35;0.8;294;156.9681196152704;285.58;Module 1,1_10;164.82;28,00;35,77;0,69;24,51;3,49
05,10.2019 15:44:39;35;0.86;294;170.1454928477902;285.69;Module 1,1_10;178.68;30,10;35,91;0,75;26,92;3,18
05,10.2019 15:46:32;35.2;0.93;294;183.19467788422494;285.66;Module 1,1_10;192.41;32,74;36,02;0,81;29,32;3,42
05,10.2019 15:48:26;35.2;0.87;294;166.63275472549944;285.75;Module 1,1_10;175.04;30,62;35,87;0,73;26,28;4,35
05,10.2019 15:50:19;35;0.78;294;150.79833315136204;285.79;Module 1,1_10;158.43;27,30;35,70;0,65;23,38;3,92
05,10.2019 15:52:14;34.9;0.74;294;142.01941588854805;285.8;Module 1,1_10;149.23;25,83;35,59;0,61;21,77;4,05
05,10.2019 15:54:53;34.8;0.7;292.4;134.2235438019035;285.89;Module 1,1_10;141.07;24,36;35,77;0,57;20,49;3,87
05,10.2019 15:56:45;34.7;0.68;292.4;132.27974137567875;285.81;Module 1,1_10;139.05;23,60;35,74;0,56;20,13;3,46
05,10.2019 15:58:41;34.7;0.67;292.4;129.11754886058736;285.72;Module 1,1_10;135.75;23,25;35,70;0,55;19,55;3,70
05,10.2019 16:00:34;34.7;0.66;292.4;128.01037810135318;285.71;Module 1,1_10;134.61;22,90;35,68;0,54;19,35;3,55
05,10.2019 16:02:27;34.7;0.66;292.4;132.32235515628446;285.75;Module 1,1_10;139.17;22,90;35,74;0,56;20,14;2,76
05,10.2019 16:04:21;34.7;0.71;292.4;139.89223930164997;285.73;Module 1,1_10;147.16;24,64;35,85;0,60;21,53;3,11
05,10.2019 16:06:18;34.8;0.73;292.4;142.27766049467613;285.69;Module 1,1_10;149.7;25,40;35,88;0,61;21,97;3,44
05,10.2019 16:08:15;34.9;0.75;292.4;147.1316367415433;285.62;Module 1,1_10;154.84;26,17;35,94;0,64;22,86;3,32
05,10.2019 16:10:09;34.9;0.78;292.4;155.44136486665366;285.67;Module 1,1_10;163.62;27,22;36,04;0,68;24,39;2,83
05,10.2019 16:12:04;35;0.86;292.4;170.07174756224435;285.66;Module 1,1_10;179.06;30,10;36,19;0,75;27,09;3,01
05,10.2019 16:13:57;35.1;0.94;294;185.5781175297476;285.64;Module 1,1_10;195.43;32,99;36,04;0,83;29,76;3,24
05,10.2019 16:15:50;35.2;0.98;294;192.29435948711006;285.7;Module 1,1_10;202.55;34,50;36,09;0,86;30,99;3,50
05,10.2019 16:17:45;35.2;0.96;294;186.2772093152019;285.78;Module 1,1_10;196.26;33,79;36,05;0,83;29,89;3,91
05,10.2019 16:19:38;35;0.9;294;173.59160301212398;285.99;Module 1,1_10;182.94;31,50;35,94;0,77;27,55;3,95
05,10.2019 16:21:30;34.9;0.8;294;157.27802684462137;286.07;Module 1,1_10;165.79;27,92;35,77;0,69;24,56;3,36
05,10.2019 16:23:23;34.6;0.73;294;141.37908402999338;286.21;Module 1,1_10;149.07;25,26;35,59;0,61;21,66;3,60
05,10.2019 16:25:21;34.6;0.7;294;138.35217269331244;286.26;Module 1,1_10;145.92;24,22;35,54;0,59;21,11;3,11
05,10.2019 16:27:16;34.6;0.72;294;139.20350830851146;286.17;Module 1,1_10;146.86;24,91;35,55;0,60;21,26;3,65
05,10.2019 16:29:09;34.7;0.68;294;131.5065364886738;285.96;Module 1,1_10;138.78;23,60;35,45;0,56;19,86;3,74
05,10.2019 16:31:02;34.5;0.62;294;122.58140564785947;285.91;Module 1,1_10;129.4;21,39;35,30;0,52;18,24;3,15
05,10.2019 16:33:01;34.5;0.61;294;118.14742514288082;285.9;Module 1,1_10;124.76;21,04;35,23;0,49;17,44;3,61
05,10.2019 16:34:54;34.6;0.59;294;112.6472985959553;285.94;Module 1,1_10;118.99;20,41;35,13;0,47;16,44;3,97
05,10.2019 16:36:49;34.3;0.52;294;100.42022395393681;285.92;Module 1,1_10;106.11;17,84;34,88;0,41;14,24;3,60
05,10.2019 16:38:42;34.2;0.47;294;91.11478770055804;285.72;Module 1,1_10;96.31;16,07;34,64;0,36;12,57;3,50
05,10.2019 16:40:55;34.1;0.44;294;84.58989670274053;285.48;Module 1,1_10;89.45;15,00;34,45;0,33;11,41;3,59
05,10.2019 16:42:53;34.2;0.43;292.4;81.75027761583243;285.39;Module 1,1_10;86.48;14,71;34,64;0,32;10,97;3,73
05,10.2019 16:44:46;34;0.4;292.4;76.52242220888114;285.33;Module 1,1_10;80.98;13,60;34,45;0,29;10,04;3,56
05,10.2019 16:46:39;33.2;0.37;291.9;68.26550717052191;285.21;Module 1,1_10;72.27;12,28;34,20;0,25;8,60;3,69
05,10.2019 16:48:41;32.7;0.33;291.9;61.37192403331632;285.09;Module 1,1_10;65;10,79;33,83;0,22;7,39;3,41
05,10.2019 16:50:44;32.3;0.31;291.9;55.79509423119455;284.99;Module 1,1_10;59.12;10,01;33,45;0,19;6,42;3,60
05,10.2019 16:52:37;32.7;0.29;290.4;55.28081118653856;284.96;Module 1,1_10;58.6;9,48;33,68;0,19;6,35;3,13
05,10.2019 16:54:30;32.6;0.31;290.4;57.4158995440973;284.95;Module 1,1_10;60.89;10,11;33,84;0,20;6,72;3,38
05,10.2019 16:56:23;33;0.34;290.4;63.11099947594722;284.93;Module 1,1_10;66.96;11,22;34,20;0,23;7,72;3,50
05,10.2019 16:58:16;32.6;0.37;290.4;69.07315244178588;284.91;Module 1,1_10;73.32;12,06;34,50;0,25;8,78;3,28
05,10.2019 17:00:10;33;0.38;290.4;70.71566948087505;284.94;Module 1,1_10;75.1;12,54;34,57;0,26;9,07;3,47
05,10.2019 17:02:05;32.7;0.38;290.4;70.99046211981495;285;Module 1,1_10;75.43;12,43;34,59;0,26;9,12;3,30
05,10.2019 17:04:13;33.3;0.42;290.4;78.17287255906734;285.05;Module 1,1_10;83.11;13,99;34,88;0,30;10,41;3,58
05,10.2019 17:06:15;33.1;0.45;290.4;81.44630506358362;285.16;Module 1,1_10;86.64;14,90;34,98;0,31;11,00;3,90
05,10.2019 17:08:07;33.5;0.42;290.4;79.36305503254992;285.17;Module 1,1_10;84.47;14,07;34,91;0,30;10,62;3,45
05,10.2019 17:10:00;34.1;0.43;290.4;80.90486502208402;285.17;Module 1,1_10;86.16;14,66;34,97;0,31;10,90;3,77
05,10.2019 17:12:20;34.2;0.47;291.9;89.5440358486058;285.19;Module 1,1_10;95.43;16,07;34,97;0,35;12,39;3,68
05,10.2019 17:14:13;34.3;0.51;291.9;96.42864335676387;285.23;Module 1,1_10;102.83;17,49;35,16;0,39;13,63;3,86
05,10.2019 17:16:05;34.5;0.53;291.9;101.81319767928075;285.29;Module 1,1_10;108.64;18,29;35,28;0,41;14,61;3,68
05,10.2019 17:17:58;34.3;0.54;291.9;103.58239508431723;285.35;Module 1,1_10;110.6;18,52;35,32;0,42;14,93;3,59
05,10.2019 17:20:16;34.5;0.55;291.9;104.76003671713008;285.39;Module 1,1_10;111.95;18,98;35,34;0,43;15,14;3,83
05,10.2019 17:22:14;34.6;0.57;291.9;110.461928478148;285.39;Module 1,1_10;118.13;19,72;35,46;0,46;16,18;3,54
05,10.2019 17:24:08;34.5;0.59;291.9;112.83823426308066;285.42;Module 1,1_10;120.76;20,36;35,51;0,47;16,61;3,74
05,10.2019 17:26:16;34.6;0.59;291.9;113.87131903712745;285.43;Module 1,1_10;121.97;20,41;35,53;0,47;16,80;3,61
05,10.2019 17:28:09;34.6;0.58;291.9;111.16068319740808;285.44;Module 1,1_10;119.16;20,07;35,48;0,46;16,31;3,76
05,10.2019 17:30:03;34.6;0.56;291.9;106.85650634155152;285.41;Module 1,1_10;114.64;19,38;35,39;0,44;15,52;3,85
05,10.2019 17:31:55;34.6;0.54;291.9;103.23767955612735;285.33;Module 1,1_10;110.85;18,68;35,31;0,42;14,87;3,82
05,10.2019 17:33:49;34.4;0.52;291.9;99.50859090254241;285.31;Module 1,1_10;106.94;17,89;35,23;0,40;14,19;3,70
05,10.2019 17:35:44;34.4;0.49;291.9;94.09940108568499;285.35;Module 1,1_10;101.22;16,86;35,09;0,38;13,21;3,64
05,10.2019 17:37:42;34.1;0.45;291.9;85.75991255103823;285.33;Module 1,1_10;92.34;15,35;34,86;0,34;11,71;3,63
05,10.2019 17:39:35;34;0.4;291.9;75.28452555694346;285.21;Module 1,1_10;81.14;13,60;34,49;0,29;9,84;3,76
05,10.2019 17:41:28;33.2;0.37;291.9;69.05371632475668;285.17;Module 1,1_10;74.5;12,28;34,23;0,26;8,73;3,55
05,10.2019 17:43:21;32.8;0.35;291.9;64.93482383581878;285.12;Module 1,1_10;70.13;11,48;34,02;0,24;8,01;3,47
05,10.2019 17:45:13;32.4;0.35;291.9;64.5500272905901;285.04;Module 1,1_10;69.79;11,34;34,01;0,23;7,94;3,40
05,10.2019 17:47:05;32.6;0.32;291.9;59.377565771101125;285.02;Module 1,1_10;64.27;10,43;33,70;0,21;7,04;3,39
05,10.2019 17:48:58;32.3;0.29;290.4;52.0451020550857;285;Module 1,1_10;56.4;9,37;33,41;0,17;5,79;3,58
05,10.2019 17:51:12;32.1;0.27;290.4;48.7715542088104;284.96;Module 1,1_10;52.93;8,67;33,09;0,16;5,23;3,44
05,10.2019 17:53:09;32;0.27;289.9;50.93323023752465;284.87;Module 1,1_10;55.35;8,64;33,39;0,17;5,61;3,03
05,10.2019 17:55:03;32.5;0.29;289.9;53.20732424650779;284.83;Module 1,1_10;57.9;9,42;33,59;0,18;6,00;3,43
05,10.2019 17:56:57;32.7;0.3;289.9;54.1963294876531;284.79;Module 1,1_10;59.06;9,81;33,68;0,18;6,17;3,64
05,10.2019 17:58:50;32.5;0.29;289.9;51.450343370265585;284.75;Module 1,1_10;56.15;9,42;33,44;0,17;5,70;3,73
05,10.2019 18:00:46;32.3;0.28;289.9;52.23843611880544;284.76;Module 1,1_10;57.1;9,04;33,52;0,17;5,83;3,21
05,10.2019 18:02:39;32.2;0.28;289.9;50.98547186167701;284.78;Module 1,1_10;55.82;9,02;33,40;0,17;5,62;3,40
05,10.2019 18:04:31;32.3;0.26;289.9;47.41730190983599;284.77;Module 1,1_10;52;8,40;33,02;0,15;5,00;3,39
05,10.2019 18:06:29;32.3;0.24;289.9;44.34476151693349;284.75;Module 1,1_10;48.72;7,75;32,63;0,14;4,48;3,27
05,10.2019 18:08:39;32.2;0.24;289.9;44.25936522202209;284.67;Module 1,1_10;48.73;7,73;32,61;0,14;4,47;3,26
05,10.2019 18:10:32;32;0.26;289.9;45.56903624991828;284.6;Module 1,1_10;50.27;8,32;32,79;0,14;4,69;3,63
05,10.2019 18:12:24;32.1;0.16;289.9;29.979961141732154;284.5;Module 1,1_10;33.14;5,14;27,80;0,08;2,19;2,95
05,10.2019 18:14:18;31.5;0.23;289.9;39.64574215464324;284.45;Module 1,1_10;43.92;7,25;31,80;0,12;3,70;3,55
05,10.2019 18:16:11;31.4;0.16;289.9;28.874351515260507;284.41;Module 1,1_10;32.06;5,02;26,96;0,08;2,03;2,99
05,10.2019 18:18:04;31.3;0.21;287.4;37.287072195989964;284.33;Module 1,1_10;41.5;6,57;31,55;0,11;3,32;3,25
05,10.2019 18:19:58;31.9;0.2;287.4;35.60598574270673;284.3;Module 1,1_10;39.73;6,38;30,99;0,10;3,05;3,33
05,10.2019 18:21:57;31.8;0.12;287.4;20.69766892079972;284.29;Module 1,1_10;23.16;3,82;19,54;0,05;1,04;2,77
05,10.2019 18:23:49;31.5;0.1;287.4;18.340465366048928;284.26;Module 1,1_10;20.58;3,15;17,31;0,05;0,82;2,33
05,10.2019 18:25:49;31.4;0.1;287.4;18.65517981483309;284.21;Module 1,1_10;21;3,14;17,61;0,05;0,85;2,29
05,10.2019 18:27:42;31.8;0.08;287.4;16.64759436098152;284.16;Module 1,1_10;18.8;2,54;15,72;0,04;0,68;1,87
05,10.2019 18:29:36;32.4;0.07;287.4;15.055154786556438;284.07;Module 1,1_10;17.06;2,27;14,21;0,04;0,55;1,72
05,10.2019 18:31:30;32.2;0;287.4;14.789286171986877;283.98;Module 1,1_10;16.82;0,00;13,96;0,04;0,53;-0,53
05,10.2019 18:33:23;34.6;0;287.4;15.704521189700714;283.91;Module 1,1_10;17.93;0,00;14,83;0,04;0,60;-0,60
05,10.2019 18:35:16;35.5;0;287.4;17.21863770993286;283.88;Module 1,1_10;19.74;0,00;16,26;0,04;0,72;-0,72
05,10.2019 18:38:09;35.7;0;289.9;15.636201675018178;283.83;Module 1,1_10;18.05;0,00;14,77;0,04;0,60;-0,60
05,10.2019 18:40:04;35.4;0;289.9;13.816673193193756;283.81;Module 1,1_10;16.03;0,00;13,05;0,04;0,47;-0,47
05,10.2019 18:42:03;36.7;0;289.9;13.644878543221697;283.78;Module 1,1_10;15.92;0,00;12,89;0,04;0,45;-0,45
05,10.2019 18:43:58;35.9;0;289.9;13.70952475068337;283.75;Module 1,1_10;16.09;0,00;12,95;0,04;0,46;-0,46
05,10.2019 18:45:55;36.6;0;289.9;12.883961158913925;283.73;Module 1,1_10;15.22;0,00;12,17;0,03;0,41;-0,41
05,10.2019 18:47:47;36.3;0;289.9;11.930641084321941;283.71;Module 1,1_10;14.19;0,00;11,27;0,03;0,35;-0,35
05,10.2019 18:49:44;36.2;0;289.9;11.529623269577888;283.68;Module 1,1_10;13.82;0,00;10,90;0,03;0,32;-0,32
05,10.2019 18:51:36;36;0;289.9;11.460669844519806;283.66;Module 1,1_10;13.85;0,00;10,83;0,03;0,32;-0,32
05,10.2019 18:53:43;36.3;0;289.9;11.237192680638007;283.63;Module 1,1_10;13.72;0,00;10,62;0,03;0,31;-0,31
05,10.2019 18:55:37;36.1;0;289.9;10.400901734131748;283.61;Module 1,1_10;12.83;0,00;9,83;0,03;0,26;-0,26
05,10.2019 18:57:33;36;0;289.9;9.935803435720551;283.6;Module 1,1_10;12.4;0,00;9,39;0,03;0,24;-0,24
05,10.2019 18:59:26;35;0;289.9;9.46980365236264;283.57;Module 1,1_10;11.97;0,00;8,95;0,02;0,22;-0,22
05,10.2019 19:01:18;35;0;289.9;8.852328603257085;283.54;Module 1,1_10;11.35;0,00;8,37;0,02;0,19;-0,19
05,10.2019 19:03:11;34.7;0;289.9;8.524821004741154;283.5;Module 1,1_10;11.11;0,00;8,05;0,02;0,18;-0,18
05,10.2019 19:05:03;34;0;289.9;7.8258624264282926;283.49;Module 1,1_10;10.39;0,00;7,40;0,02;0,15;-0,15
05,10.2019 19:07:13;33.5;0;288.4;7.564839835583566;283.46;Module 1,1_10;10.3;0,00;7,14;0,02;0,14;-0,14
05,10.2019 19:09:07;33;0;288.4;7.5903431611274215;283.43;Module 1,1_10;10.61;0,00;7,17;0,02;0,14;-0,14
05,10.2019 19:11:00;32.6;0;287.4;7.1084747334093565;283.41;Module 1,1_10;10.25;0,00;6,71;0,02;0,12;-0,12
05,10.2019 19:12:53;33.8;0;287.4;6.538486583415598;283.36;Module 1,1_10;9.79;0,00;6,17;0,02;0,10;-0,10
05,10.2019 19:14:48;33.1;0;287.4;5.706163311334048;283.32;Module 1,1_10;8.96;0,00;5,39;0,01;0,08;-0,08
05,10.2019 19:16:41;32.4;0;287.4;4.794032984237589;283.3;Module 1,1_10;7.99;0,00;4,52;0,01;0,06;-0,06
05,10.2019 19:18:34;32.1;0;287.4;4.187768587569001;283.26;Module 1,1_10;7.55;0,00;3,95;0,01;0,04;-0,04
05,10.2019 19:20:30;32.8;0;287.4;3.450938596032061;283.25;Module 1,1_10;6.96;0,00;3,26;0,01;0,03;-0,03
05,10.2019 19:22:28;33.4;0;287.4;2.6327959601035995;283.21;Module 1,1_10;6.31;0,00;2,48;0,01;0,02;-0,02
05,10.2019 19:24:21;33.7;0;287.4;1.768282264402814;283.2;Module 1,1_10;5.62;0,00;1,67;0,00;0,01;-0,01
05,10.2019 19:26:14;33.3;0;287.4;0.9125447427598201;283.17;Module 1,1_10;4.75;0,00;0,86;0,00;0,00;-0,00
05,10.2019 19:28:07;32.6;0;287.4;0.7261935005541305;283.14;Module 1,1_10;3.78;0,00;0,69;0,00;0,00;-0,00
05,10.2019 19:29:59;31.1;0;287.4;0.609003544115501;283.1;Module 1,1_10;3.17;0,00;0,58;0,00;0,00;-0,00
05,10.2019 19:31:52;31.1;0;287.4;0.512946202772362;283.06;Module 1,1_10;2.67;0,00;0,48;0,00;0,00;-0,00
05,10.2019 19:33:47;31.1;0;287.4;0.4092042741217719;283.03;Module 1,1_10;2.13;0,00;0,38;0,00;0,00;-0,00
06,10.2019 08:40:58;29.4;0;277.8;8.390028529146617;276.42;Module 1,1_10;11.39;0,00;7,89;0,02;0,17;-0,17
06,10.2019 08:42:51;28.2;0;277.8;9.552235933612105;276.46;Module 1,1_10;12.8;0,00;8,98;0,02;0,22;-0,22
06,10.2019 08:44:45;27.6;0.07;277.8;11.042509474190512;276.5;Module 1,1_10;14.62;1,93;10,38;0,03;0,30;1,64
06,10.2019 08:46:38;27.2;0.08;277.8;12.355499918925714;276.53;Module 1,1_10;16.18;2,18;11,62;0,03;0,37;1,81
06,10.2019 08:48:52;25.8;0.09;277.8;13.99501315111091;276.57;Module 1,1_10;18.11;2,32;13,16;0,04;0,47;1,85
06,10.2019 08:50:59;25.8;0.1;277.8;14.850875585192703;276.6;Module 1,1_10;19.02;2,58;13,97;0,04;0,53;2,05
06,10.2019 08:52:52;25.8;0.1;277.8;14.804406886144545;276.64;Module 1,1_10;18.8;2,58;13,92;0,04;0,53;2,05
06,10.2019 08:54:47;25.7;0.1;277.8;14.69390657746868;276.68;Module 1,1_10;18.51;2,57;13,82;0,04;0,52;2,05
06,10.2019 08:56:46;25.9;0.1;277.8;15.216448253367703;276.71;Module 1,1_10;19.02;2,59;14,31;0,04;0,56;2,03
06,10.2019 08:58:39;26.2;0.1;277.8;15.837189537827953;276.72;Module 1,1_10;19.66;2,62;14,89;0,04;0,61;2,01
06,10.2019 09:00:33;26.2;0.11;277.8;16.638053263306592;276.74;Module 1,1_10;20.52;2,88;15,65;0,04;0,67;2,21
06,10.2019 09:02:27;26.5;0.11;277.8;17.833408363447745;276.78;Module 1,1_10;21.86;2,92;16,77;0,05;0,77;2,15
06,10.2019 09:04:26;26.5;0.12;277.8;18.63847428673105;276.82;Module 1,1_10;22.71;3,18;17,53;0,05;0,84;2,34
06,10.2019 09:06:19;26.5;0.12;277.8;19.48151584116833;276.83;Module 1,1_10;23.61;3,18;18,32;0,05;0,92;2,26
06,10.2019 09:08:15;26.7;0.13;277.8;21.10113465137576;276.86;Module 1,1_10;25.44;3,47;19,84;0,05;1,08;2,39
06,10.2019 09:10:13;31.2;0.12;277.8;21.807200949515885;276.9;Module 1,1_10;26.16;3,74;20,51;0,06;1,15;2,59
06,10.2019 09:12:16;32.4;0.13;277.8;23.24690322654599;276.93;Module 1,1_10;27.75;4,21;21,86;0,06;1,31;2,90
06,10.2019 09:14:09;32.7;0.15;280.4;25.39119877091708;276.95;Module 1,1_10;30.18;4,91;23,89;0,07;1,56;3,34
06,10.2019 09:16:04;32.6;0.15;280.4;26.19787078404284;276.97;Module 1,1_10;31.01;4,89;24,64;0,07;1,66;3,23
06,10.2019 09:17:57;32.9;0.15;281.9;25.629578456642218;276.98;Module 1,1_10;30.22;4,93;24,13;0,07;1,59;3,34
06,10.2019 09:20:20;32.7;0.15;281.9;26.703145886943005;277;Module 1,1_10;31.34;4,91;25,12;0,07;1,73;3,17
06,10.2019 09:22:12;33.2;0.17;281.9;29.138059666429214;277.02;Module 1,1_10;34.08;5,64;27,30;0,08;2,06;3,58
06,10.2019 09:24:06;32.9;0.18;281.9;31.689393543786068;277.05;Module 1,1_10;36.94;5,92;29,35;0,08;2,43;3,49
06,10.2019 09:26:02;33.3;0.19;281.9;33.987527968388;277.07;Module 1,1_10;39.49;6,33;30,81;0,09;2,79;3,54
06,10.2019 09:27:55;32.5;0.21;281.9;37.17279934475792;277.09;Module 1,1_10;43.06;6,83;32,20;0,10;3,31;3,52
06,10.2019 09:29:49;33.3;0.23;281.9;40.08727016835179;277.13;Module 1,1_10;46.3;7,66;33,05;0,11;3,80;3,86
06,10.2019 09:31:42;33.3;0.25;281.9;42.126661827858754;277.16;Module 1,1_10;48.52;8,32;33,50;0,12;4,15;4,18
06,10.2019 09:33:35;33.7;0.25;281.9;44.35496617393004;277.21;Module 1,1_10;50.95;8,43;33,90;0,13;4,53;3,89
06,10.2019 09:36:01;34.4;0.26;281.9;46.53669483803431;277.25;Module 1,1_10;53.28;8,94;34,23;0,14;4,92;4,03
06,10.2019 09:37:55;34.4;0.27;282.4;48.75283013219794;277.29;Module 1,1_10;55.68;9,29;34,42;0,15;5,31;3,98
06,10.2019 09:40:01;34.6;0.29;282.4;52.95368427434291;277.35;Module 1,1_10;60.32;10,03;34,85;0,17;6,05;3,98
06,10.2019 09:41:53;35;0.31;283.9;57.20717045499068;277.41;Module 1,1_10;65.02;10,85;34,95;0,19;6,80;4,05
06,10.2019 09:43:46;35;0.32;283.9;59.39464008840733;277.45;Module 1,1_10;67.36;11,20;35,10;0,20;7,19;4,01
06,10.2019 09:45:39;35.1;0.33;283.9;60.42902101905326;277.5;Module 1,1_10;68.39;11,58;35,17;0,21;7,38;4,20
06,10.2019 09:47:31;35;0.34;283.9;61.16082249117018;277.53;Module 1,1_10;69.08;11,90;35,21;0,21;7,51;4,39
06,10.2019 09:49:30;35.1;0.34;283.9;61.871752697826906;277.58;Module 1,1_10;69.74;11,93;35,26;0,22;7,64;4,29
06,10.2019 09:51:31;35;0.33;283.9;60.91151808824252;277.61;Module 1,1_10;68.52;11,55;35,20;0,21;7,47;4,08
06,10.2019 09:53:25;34.8;0.33;283.9;59.94515554600302;277.65;Module 1,1_10;67.31;11,48;35,13;0,21;7,29;4,19
06,10.2019 09:55:19;34.9;0.32;283.9;59.016070671413466;277.69;Module 1,1_10;66.15;11,17;35,08;0,20;7,12;4,04
06,10.2019 09:57:12;34.7;0.32;283.9;57.73076254970505;277.7;Module 1,1_10;64.6;11,10;34,98;0,20;6,89;4,21
06,10.2019 09:59:17;34.8;0.31;283.9;56.859330758044074;277.72;Module 1,1_10;63.51;10,79;34,92;0,19;6,74;4,05
06,10.2019 10:01:13;34.8;0.32;284.4;57.50752183044289;277.77;Module 1,1_10;64.13;11,14;34,88;0,20;6,84;4,29
06,10.2019 10:03:07;34.7;0.32;284.4;60.443302097427946;277.8;Module 1,1_10;67.3;11,10;35,08;0,21;7,37;3,73
06,10.2019 10:05:00;34.6;0.35;284.4;64.99417107171351;277.82;Module 1,1_10;72.26;12,11;35,35;0,23;8,20;3,91
06,10.2019 10:07:08;34.9;0.39;284.4;73.25303608259856;277.89;Module 1,1_10;81.31;13,61;35,74;0,27;9,71;3,90
06,10.2019 10:09:01;35.2;0.42;284.4;80.27435438050428;277.92;Module 1,1_10;88.98;14,78;36,02;0,31;11,00;3,78
06,10.2019 10:10:56;35.2;0.47;284.4;90.29473078008516;278;Module 1,1_10;99.95;16,54;36,33;0,35;12,86;3,68
06,10.2019 10:12:48;35.5;0.52;284.4;99.12281666723547;278.09;Module 1,1_10;109.58;18,46;36,55;0,40;14,52;3,94
06,10.2019 10:14:50;35.6;0.58;285.9;110.45447039622111;278.21;Module 1,1_10;121.94;20,65;36,54;0,45;16,56;4,09
06,10.2019 10:16:44;35.9;0.64;285.9;121.09403760012518;278.35;Module 1,1_10;133.52;22,98;36,73;0,51;18,55;4,42
06,10.2019 10:18:39;35.9;0.68;285.9;130.58526096116265;278.5;Module 1,1_10;143.81;24,41;36,88;0,55;20,34;4,07
06,10.2019 10:20:33;36.1;0.71;285.9;134.64766433581417;278.64;Module 1,1_10;148.11;25,63;36,94;0,57;21,11;4,52
06,10.2019 10:22:36;36.1;0.71;285.9;134.74956652315228;278.81;Module 1,1_10;148.04;25,63;36,94;0,57;21,13;4,50
06,10.2019 10:24:29;36.1;0.72;285.9;134.91576140431758;278.98;Module 1,1_10;148.06;25,99;36,94;0,57;21,16;4,83
06,10.2019 10:26:22;36;0.69;286.4;129.9881437595614;279.14;Module 1,1_10;142.5;24,84;36,78;0,55;20,19;4,65
06,10.2019 10:28:16;35.9;0.61;286.4;115.26756124209754;279.28;Module 1,1_10;126.23;21,90;36,54;0,48;17,42;4,47
06,10.2019 10:30:19;35.7;0.53;286.9;97.77866506398685;279.36;Module 1,1_10;106.96;18,92;36,08;0,39;14,14;4,78
06,10.2019 10:32:12;35.5;0.46;286.9;83.79216462154022;279.41;Module 1,1_10;91.57;16,33;35,69;0,32;11,56;4,77
06,10.2019 10:34:05;35.3;0.41;286.9;75.26274698598418;279.46;Module 1,1_10;82.17;14,47;35,38;0,28;10,00;4,47
06,10.2019 10:35:58;35.1;0.38;286.4;68.20964367294899;279.48;Module 1,1_10;74.4;13,34;35,16;0,25;8,73;4,61
06,10.2019 10:37:56;35;0.37;286.4;66.72371200367047;279.46;Module 1,1_10;72.71;12,95;35,09;0,24;8,46;4,49
06,10.2019 10:39:51;34.8;0.37;286.4;67.33513150300743;279.46;Module 1,1_10;73.31;12,88;35,12;0,24;8,57;4,30
06,10.2019 10:41:44;35;0.37;286.4;67.79795666230876;279.46;Module 1,1_10;73.75;12,95;35,14;0,25;8,66;4,29
06,10.2019 10:43:37;34.9;0.38;286.4;67.14681300714099;279.5;Module 1,1_10;72.98;13,26;35,11;0,24;8,54;4,72
06,10.2019 10:45:31;35;0.36;286.4;66.41077398261521;279.53;Module 1,1_10;72.12;12,60;35,07;0,24;8,41;4,19
06,10.2019 10:47:24;34.9;0.36;286.4;65.44129449359656;279.51;Module 1,1_10;71.01;12,56;35,02;0,24;8,23;4,33
06,10.2019 10:49:17;34.8;0.37;286.4;65.963117372268;279.52;Module 1,1_10;71.52;12,88;35,05;0,24;8,33;4,55
06,10.2019 10:51:12;34.8;0.37;286.4;67.29765132928503;279.54;Module 1,1_10;72.91;12,88;35,12;0,24;8,57;4,31
06,10.2019 10:53:05;34.9;0.39;286.4;70.2670427361218;279.56;Module 1,1_10;76.07;13,61;35,26;0,26;9,11;4,51
06,10.2019 10:55:08;34.9;0.41;286.4;74.27041335120241;279.58;Module 1,1_10;80.34;14,31;35,43;0,28;9,83;4,48
06,10.2019 10:57:01;35;0.42;286.4;78.06091193852825;279.62;Module 1,1_10;84.38;14,70;35,58;0,30;10,53;4,17
06,10.2019 10:58:54;35.1;0.45;285.9;79.38369403809887;279.65;Module 1,1_10;85.75;15,80;35,72;0,30;10,79;5,01
06,10.2019 11:00:48;35.2;0.44;285.9;79.42907880259278;279.71;Module 1,1_10;85.74;15,49;35,72;0,30;10,79;4,69
06,10.2019 11:02:41;35.2;0.44;285.9;78.63848539279556;279.75;Module 1,1_10;84.83;15,49;35,69;0,30;10,65;4,84
06,10.2019 11:04:35;35.1;0.43;286.4;77.67912715740285;279.8;Module 1,1_10;83.74;15,09;35,56;0,29;10,46;4,64
06,10.2019 11:06:30;35.2;0.43;286.4;77.48821045529442;279.84;Module 1,1_10;83.48;15,14;35,55;0,29;10,42;4,72
06,10.2019 11:08:24;35;0.44;286.4;80.1283476198681;279.89;Module 1,1_10;86.27;15,40;35,66;0,31;10,90;4,50
06,10.2019 11:10:24;35.1;0.46;286.4;82.7918792829925;279.93;Module 1,1_10;89.08;16,15;35,74;0,32;11,39;4,75
06,10.2019 11:12:20;35.1;0.46;286.4;83.00993943753689;279.94;Module 1,1_10;89.26;16,15;35,75;0,32;11,43;4,71
06,10.2019 11:14:13;35.2;0.46;286.4;81.98825356489637;279.96;Module 1,1_10;88.11;16,19;35,72;0,31;11,25;4,95
06,10.2019 11:16:08;35.1;0.47;286.4;83.63730459250607;280;Module 1,1_10;89.83;16,50;35,77;0,32;11,55;4,95
06,10.2019 11:18:00;35.2;0.49;286.4;88.49987446132329;280.01;Module 1,1_10;95;17,25;35,92;0,35;12,44;4,80
06,10.2019 11:20:10;35.5;0.54;286.4;99.71347673631135;280.09;Module 1,1_10;106.97;19,17;36,22;0,40;14,52;4,65
06,10.2019 11:22:03;35.6;0.58;286.4;107.06012780735148;280.16;Module 1,1_10;114.79;20,65;36,38;0,44;15,89;4,76
06,10.2019 11:23:57;35.6;0.6;286.4;111.7357088351019;280.25;Module 1,1_10;119.74;21,36;36,47;0,46;16,76;4,60
06,10.2019 11:25:48;35.5;0.61;286.4;113.09899443487146;280.4;Module 1,1_10;121.14;21,66;36,50;0,47;17,02;4,64
06,10.2019 11:27:42;35.6;0.62;286.4;114.28649719941392;280.51;Module 1,1_10;122.35;22,07;36,52;0,47;17,24;4,83
06,10.2019 11:29:37;35.6;0.64;287.4;117.18471833768459;280.62;Module 1,1_10;125.39;22,78;36,39;0,49;17,72;5,07
06,10.2019 11:31:29;35.6;0.65;287.4;120.45705681433432;280.72;Module 1,1_10;128.83;23,14;36,45;0,50;18,33;4,81
06,10.2019 11:33:44;35.7;0.68;287.4;125.55798229022652;280.8;Module 1,1_10;134.21;24,28;36,53;0,53;19,28;5,00
06,10.2019 11:35:37;35.7;0.72;287.4;134.282823869142;280.89;Module 1,1_10;143.47;25,70;36,66;0,57;20,92;4,79
06,10.2019 11:37:32;35.9;0.78;287.4;147.25735416818972;281.03;Module 1,1_10;157.26;28,00;36,84;0,63;23,36;4,65
06,10.2019 11:39:26;35.9;0.85;287.4;160.1386116500549;281.21;Module 1,1_10;170.94;30,51;36,98;0,70;25,78;4,73
06,10.2019 11:41:22;36;0.93;287.4;176.16144218341628;281.37;Module 1,1_10;187.96;33,48;37,13;0,78;28,81;4,67
06,10.2019 11:43:15;36.1;1.01;288.4;190.03807472155822;281.5;Module 1,1_10;202.68;36,46;37,07;0,84;31,31;5,15
06,10.2019 11:45:15;36;1.12;288.4;209.2392609116905;281.7;Module 1,1_10;223.06;40,32;37,21;0,94;34,94;5,38
06,10.2019 11:47:17;36.3;1.22;288.4;235.80498194502627;281.96;Module 1,1_10;251.27;44,29;37,37;1,07;39,97;4,31
06,10.2019 11:49:16;36.2;1.22;289.9;226.83471812455878;282.17;Module 1,1_10;241.61;44,16;37,05;1,03;38,03;6,13
06,10.2019 11:51:08;36.1;1.16;289.9;213.2476575545682;282.39;Module 1,1_10;227.05;41,88;36,97;0,96;35,48;6,40
06,10.2019 11:53:01;36.1;1.08;289.9;207.09061395346268;282.57;Module 1,1_10;220.41;38,99;36,93;0,93;34,32;4,67
06,10.2019 11:55:00;36.1;1.14;289.9;216.58131938403926;282.71;Module 1,1_10;230.42;41,15;36,99;0,98;36,10;5,05
06,10.2019 11:56:53;36.1;1.18;289.9;220.87351489995393;282.84;Module 1,1_10;234.9;42,60;37,02;1,00;36,91;5,69
06,10.2019 11:58:46;36.1;1.21;290.4;228.910932895795;282.96;Module 1,1_10;243.36;43,68;36,98;1,04;38,34;5,34
06,10.2019 12:00:43;36;1.21;290.4;228.2984746559814;283.12;Module 1,1_10;242.62;43,56;36,97;1,03;38,22;5,34
06,10.2019 12:02:42;36.1;1.22;291.9;228.5041994034546;283.18;Module 1,1_10;242.75;44,04;36,70;1,04;38,02;6,02
06,10.2019 12:04:49;36;1.2;291.9;222.87541136651365;283.23;Module 1,1_10;236.68;43,20;36,67;1,01;36,97;6,23
06,10.2019 12:06:46;35.8;1.14;291.9;213.09881409006152;283.26;Module 1,1_10;226.22;40,81;36,62;0,96;35,15;5,67
06,10.2019 12:08:39;35.7;1.07;291.9;198.13849182506917;283.3;Module 1,1_10;210.27;38,20;36,51;0,89;32,36;5,84
06,10.2019 12:10:33;35.7;1.01;291.9;189.72831956406174;283.36;Module 1,1_10;201.28;36,06;36,45;0,85;30,80;5,26
06,10.2019 12:12:26;35.6;0.98;292.4;181.16020711231323;283.48;Module 1,1_10;192.13;34,89;36,29;0,80;29,14;5,74
06,10.2019 12:14:20;35.4;0.95;292.4;177.40586474535098;283.51;Module 1,1_10;188.09;33,63;36,26;0,78;28,45;5,18
06,10.2019 12:16:21;35.4;0.96;292.4;178.71793887665854;283.55;Module 1,1_10;189.42;33,98;36,27;0,79;28,69;5,29
06,10.2019 12:18:14;35.4;0.98;291.9;183.46127816466844;283.59;Module 1,1_10;194.39;34,69;36,40;0,81;29,63;5,06
06,10.2019 12:20:15;35.6;1;291.9;188.63497952906937;283.6;Module 1,1_10;199.81;35,60;36,44;0,84;30,59;5,01
06,10.2019 12:22:16;35.6;1;292.4;189.57990279188698;283.67;Module 1,1_10;200.75;35,60;36,36;0,84;30,70;4,90
06,10.2019 12:24:19;35.5;1.01;292.4;190.41175302801304;283.75;Module 1,1_10;201.57;35,85;36,37;0,85;30,86;5,00
06,10.2019 12:26:12;35.5;1.02;292.4;193.26040593829262;283.8;Module 1,1_10;204.53;36,21;36,38;0,86;31,39;4,82
06,10.2019 12:28:09;35.5;1.06;292.4;199.6557398586305;283.87;Module 1,1_10;211.24;37,63;36,44;0,89;32,57;5,06
06,10.2019 12:30:11;35.6;1.11;292.4;210.2156720344724;283.87;Module 1,1_10;222.35;39,52;36,51;0,95;34,53;4,98
06,10.2019 12:32:03;35.6;1.18;292.4;221.85334371186332;283.88;Module 1,1_10;234.6;42,01;36,58;1,00;36,70;5,31
06,10.2019 12:33:56;35.6;1.21;292.4;231.8125515526753;283.98;Module 1,1_10;245.07;43,08;36,63;1,05;38,55;4,53
06,10.2019 12:35:49;35.7;1.22;292.4;231.17882162776544;284.03;Module 1,1_10;244.34;43,55;36,63;1,05;38,43;5,12
06,10.2019 12:37:42;35.6;1.28;294;243.42365401560778;284.15;Module 1,1_10;257.22;45,57;36,41;1,11;40,43;5,14
06,10.2019 12:39:36;35.7;1.31;294;249.17060818471612;284.28;Module 1,1_10;263.23;46,77;36,44;1,14;41,49;5,28
06,10.2019 12:41:28;35.8;1.38;294;266.26076369037395;284.31;Module 1,1_10;281.22;49,40;36,52;1,22;44,65;4,75
06,10.2019 12:43:21;35.9;1.32;294;254.83375205817725;284.48;Module 1,1_10;269.09;47,39;36,47;1,17;42,54;4,85
06,10.2019 12:45:22;35.5;1.31;294;250.38541636724963;284.71;Module 1,1_10;264.33;46,51;36,45;1,14;41,71;4,79
06,10.2019 12:47:16;35.5;1.32;294;253.4626605302687;284.87;Module 1,1_10;267.52;46,86;36,46;1,16;42,28;4,58
06,10.2019 12:49:10;35.5;1.34;294;256.1041585061251;284.89;Module 1,1_10;270.25;47,57;36,48;1,17;42,77;4,80
06,10.2019 12:51:51;35.5;1.43;294.5;276.6268313813505;285.02;Module 1,1_10;291.82;50,77;36,47;1,27;46,46;4,30
06,10.2019 12:53:44;35.5;1.43;294.5;277.4697049021561;284.96;Module 1,1_10;292.65;50,77;36,48;1,28;46,62;4,15
06,10.2019 12:55:36;35.5;1.53;294.5;300.5397282644351;284.95;Module 1,1_10;316.92;54,31;36,55;1,39;50,88;3,44
06,10.2019 12:57:32;35.7;1.64;294.5;325.3649010893666;285.09;Module 1,1_10;343.03;58,55;36,63;1,51;55,46;3,09
06,10.2019 12:59:25;35.6;1.74;294.5;342.4269561548367;285.21;Module 1,1_10;360.95;61,94;36,66;1,60;58,60;3,34
06,10.2019 13:01:18;35.7;1.89;294.5;371.63938512871175;285.34;Module 1,1_10;391.67;67,47;36,73;1,74;63,99;3,49
06,10.2019 13:03:12;35.8;1.88;294.5;374.1369102279608;285.49;Module 1,1_10;394.23;67,30;36,73;1,75;64,45;2,86
06,10.2019 13:05:05;35.7;1.9;296;369.34336291593945;285.59;Module 1,1_10;389.11;67,83;36,46;1,73;63,13;4,70
06,10.2019 13:07:29;35.4;1.81;296;352.41131510932337;285.9;Module 1,1_10;371.19;64,07;36,42;1,65;60,04;4,04
06,10.2019 13:09:30;35.4;1.81;296;354.9057555674167;285.96;Module 1,1_10;373.75;64,07;36,43;1,66;60,49;3,58
06,10.2019 13:11:22;35.5;1.89;296.5;367.1201764749985;285.9;Module 1,1_10;386.55;67,09;36,37;1,72;62,59;4,51
06,10.2019 13:13:07;35.5;1.99;296.5;389.06015739898294;285.88;Module 1,1_10;409.59;70,64;36,41;1,83;66,59;4,06
06,10.2019 13:15:01;35.6;2.15;296.5;425.60284839908695;286.02;Module 1,1_10;447.99;76,54;36,45;2,01;73,24;3,30
06,10.2019 13:16:56;35.6;2.08;296.5;425.66922071377815;286.32;Module 1,1_10;447.99;74,05;36,45;2,01;73,25;0,80
06,10.2019 13:18:48;35.5;2.09;296.5;416.0010611735382;286.53;Module 1,1_10;437.75;74,19;36,44;1,96;71,49;2,70
06,10.2019 13:20:48;35.5;1.9;298;379.56764730718305;286.6;Module 1,1_10;399.35;67,45;36,13;1,78;64,41;3,04
06,10.2019 13:23:12;35.5;2.01;298;399.10510079796154;286.65;Module 1,1_10;419.83;71,35;36,16;1,88;67,95;3,41
06,10.2019 13:25:05;35.5;1.97;298;389.42410359695685;286.59;Module 1,1_10;409.59;69,94;36,14;1,83;66,20;3,74
06,10.2019 13:27:01;35.5;2.07;298;416.25483034803204;286.57;Module 1,1_10;437.75;73,48;36,18;1,96;71,05;2,44
06,10.2019 13:28:54;35.5;2.12;298;416.3090324723603;286.59;Module 1,1_10;437.75;75,26;36,18;1,96;71,06;4,20
06,10.2019 13:30:52;35.5;2.15;298;428.53874585512347;286.6;Module 1,1_10;450.55;76,33;36,19;2,02;73,27;3,06
06,10.2019 13:32:44;35.4;1.99;298;384.7568753097876;286.71;Module 1,1_10;404.47;70,45;36,13;1,81;65,35;5,09
06,10.2019 13:34:42;35.2;1.72;298;331.22315271501986;286.73;Module 1,1_10;348.15;60,54;36,02;1,54;55,65;4,90
06,10.2019 13:36:39;35.2;1.7;298;328.8270974870379;286.73;Module 1,1_10;345.59;59,84;36,02;1,53;55,21;4,63
06,10.2019 13:39:10;35.1;1.52;298;288.8123519332123;286.54;Module 1,1_10;303.49;53,35;35,90;1,34;47,95;5,40
06,10.2019 13:41:03;35.1;1.47;298;280.24931789264457;286.42;Module 1,1_10;294.46;51,60;35,87;1,29;46,39;5,20
06,10.2019 13:42:56;35.1;1.5;298;287.26512514225954;286.53;Module 1,1_10;301.8;52,65;35,89;1,33;47,67;4,98
06,10.2019 13:44:49;35.1;1.49;298;285.62831221658087;286.53;Module 1,1_10;300.05;52,30;35,88;1,32;47,37;4,93
06,10.2019 13:46:44;35.1;1.47;298;277.8881830375314;286.53;Module 1,1_10;291.89;51,60;35,85;1,28;45,96;5,63
06,10.2019 13:48:38;35.1;1.33;298;250.6935194142837;286.45;Module 1,1_10;263.3;46,68;35,73;1,15;41,03;5,65
06,10.2019 13:50:30;35.1;1.23;298;231.99577219714712;286.32;Module 1,1_10;243.64;43,17;35,64;1,06;37,64;5,54
06,10.2019 13:52:24;35;1.21;298;230.14983910794672;286.16;Module 1,1_10;241.68;42,35;35,63;1,05;37,30;5,05
06,10.2019 13:54:19;35.1;1.25;296.5;236.33148739048502;285.96;Module 1,1_10;248.15;43,88;35,93;1,08;38,68;5,19
06,10.2019 13:56:15;35.2;1.31;296.5;246.94244801218682;285.98;Module 1,1_10;259.27;46,11;35,98;1,13;40,62;5,49
06,10.2019 13:58:08;35.1;1.33;296.5;251.07658108607006;286.14;Module 1,1_10;263.59;46,68;36,01;1,15;41,38;5,30
06,10.2019 14:00:01;35.2;1.29;296.5;245.77027539060302;286.19;Module 1,1_10;258;45,41;35,98;1,12;40,41;5,00
06,10.2019 14:01:57;35.1;1.28;296.5;245.56913474666666;286.28;Module 1,1_10;257.77;44,93;35,98;1,12;40,37;4,56
06,10.2019 14:03:49;35.1;1.28;296.5;243.2705346104552;286.36;Module 1,1_10;255.34;44,93;35,97;1,11;39,95;4,98
06,10.2019 14:05:51;35.1;1.27;296.5;243.60191813775538;286.49;Module 1,1_10;255.67;44,58;35,97;1,11;40,01;4,56
06,10.2019 14:07:44;35.1;1.32;296.5;252.60226055511848;286.47;Module 1,1_10;265.1;46,33;36,02;1,16;41,66;4,67
06,10.2019 14:10:07;35.2;1.42;296.5;270.42129640348674;286.49;Module 1,1_10;283.78;49,98;36,09;1,24;44,91;5,07
06,10.2019 14:11:59;35.3;1.41;296.5;270.6549081077989;286.42;Module 1,1_10;284.01;49,77;36,09;1,25;44,96;4,82
06,10.2019 14:13:53;35.3;1.32;296.5;251.57008881106145;286.36;Module 1,1_10;263.97;46,60;36,01;1,15;41,47;5,13
06,10.2019 14:15:46;35;1.23;296.5;236.64737351017578;286.36;Module 1,1_10;248.3;43,05;35,94;1,08;38,74;4,31
06,10.2019 14:18:08;35;1.18;296.5;226.9003661110554;286.28;Module 1,1_10;238.06;41,30;35,88;1,03;36,96;4,34
06,10.2019 14:20:02;35;1.21;296.5;232.59033900003092;286.21;Module 1,1_10;244.02;42,35;35,91;1,06;38,00;4,35
06,10.2019 14:21:55;35.1;1.28;296.5;245.20010232201565;286.28;Module 1,1_10;257.24;44,93;35,98;1,12;40,30;4,62
06,10.2019 14:23:50;35.2;1.36;296.5;259.23039495784525;286.38;Module 1,1_10;271.95;47,87;36,05;1,19;42,87;5,00
06,10.2019 14:25:43;35.3;1.41;296.5;270.10528788356993;286.49;Module 1,1_10;283.35;49,77;36,09;1,24;44,86;4,92
06,10.2019 14:27:35;35.1;1.39;296.5;265.71779685112443;286.61;Module 1,1_10;278.74;48,79;36,07;1,22;44,05;4,73
06,10.2019 14:29:28;35.1;1.3;296.5;245.53302108636328;286.67;Module 1,1_10;257.56;45,63;35,98;1,12;40,37;5,26
06,10.2019 14:31:21;35;1.21;296.5;230.78049316240399;286.72;Module 1,1_10;242.08;42,35;35,90;1,05;37,67;4,68
06,10.2019 14:33:08;34.9;1.15;296.5;220.2593000693434;286.69;Module 1,1_10;231.04;40,13;35,84;1,00;35,75;4,38
06,10.2019 14:35:02;35;1.1;296.5;208.46933695849555;286.59;Module 1,1_10;218.67;38,50;35,77;0,94;33,60;4,90
06,10.2019 14:36:55;35.1;1.1;296.5;207.48947460538406;286.53;Module 1,1_10;217.64;38,61;35,76;0,93;33,42;5,19
06,10.2019 14:39:10;35.1;1.09;296;204.91695107388787;286.52;Module 1,1_10;214.94;38,26;35,83;0,92;33,03;5,23
06,10.2019 14:41:11;35.2;1.12;296;210.73305070876233;286.43;Module 1,1_10;221.04;39,42;35,87;0,95;34,09;5,33
06,10.2019 14:43:03;35.1;1.12;296;212.81116625554532;286.43;Module 1,1_10;223.22;39,31;35,88;0,96;34,47;4,84
06,10.2019 14:44:56;35.1;1.16;296;217.22427683215065;286.34;Module 1,1_10;227.85;40,72;35,91;0,98;35,28;5,44
06,10.2019 14:46:50;35.1;1.18;296;221.47448153810944;286.38;Module 1,1_10;232.31;41,42;35,94;1,00;36,05;5,37
06,10.2019 14:48:53;35.1;1.17;296;220.00349137101117;286.39;Module 1,1_10;230.77;41,07;35,93;1,00;35,78;5,28
06,10.2019 14:50:46;35;1.15;296;213.49836994126213;286.39;Module 1,1_10;223.95;40,25;35,89;0,96;34,59;5,66
06,10.2019 14:52:42;35;1.12;296;207.02119186546986;286.42;Module 1,1_10;217.16;39,20;35,84;0,93;33,41;5,79
06,10.2019 14:54:37;35.2;1.07;296;199.23754010576843;286.47;Module 1,1_10;209;37,66;35,79;0,89;31,99;5,67
06,10.2019 14:56:45;34.8;1.05;296;192.62540573211237;286.45;Module 1,1_10;202.07;36,54;35,74;0,86;30,78;5,76
06,10.2019 14:58:37;34.8;1.02;296;186.70951296663472;286.42;Module 1,1_10;195.87;35,50;35,70;0,83;29,70;5,79
06,10.2019 15:00:35;34.8;0.99;296;181.87961368761555;286.41;Module 1,1_10;190.81;34,45;35,66;0,81;28,82;5,63
06,10.2019 15:02:28;34.8;0.99;296;182.11093441757842;286.41;Module 1,1_10;191.06;34,45;35,66;0,81;28,87;5,59
06,10.2019 15:04:31;34.8;0.99;296;183.6847237747861;286.38;Module 1,1_10;192.72;34,45;35,66;0,82;29,15;5,30
06,10.2019 15:06:24;34.9;0.99;296;178.98709548300525;286.32;Module 1,1_10;187.8;34,55;35,63;0,79;28,30;6,25
06,10.2019 15:08:16;34.8;0.96;296;172.8692944326811;286.28;Module 1,1_10;181.39;33,41;35,57;0,76;27,18;6,22
06,10.2019 15:10:10;34.8;0.92;296;168.41899286533106;286.29;Module 1,1_10;176.73;32,02;35,53;0,74;26,38;5,64
06,10.2019 15:12:02;34.8;0.91;294.5;163.7495133687197;286.29;Module 1,1_10;171.84;31,67;35,75;0,72;25,69;5,98
06,10.2019 15:13:55;34.8;0.91;294.5;167.16962344759193;286.34;Module 1,1_10;175.44;31,67;35,79;0,74;26,32;5,35
06,10.2019 15:15:48;34.8;0.94;294.5;169.283277252078;286.36;Module 1,1_10;177.67;32,71;35,80;0,75;26,71;6,01
06,10.2019 15:17:26;34.8;0.92;294.5;165.23336638228895;286.36;Module 1,1_10;173.43;32,02;35,77;0,73;25,96;6,05
06,10.2019 15:19:19;34.8;0.88;294.5;158.56197740041867;286.38;Module 1,1_10;166.44;30,62;35,70;0,69;24,74;5,88
06,10.2019 15:21:23;34.7;0.82;294.5;148.00318620580214;286.37;Module 1,1_10;155.37;28,45;35,58;0,64;22,82;5,64
06,10.2019 15:23:17;34.8;0.81;294.5;144.92370544376342;286.26;Module 1,1_10;152.15;28,19;35,54;0,63;22,26;5,93
06,10.2019 15:25:14;34.8;0.82;294.5;148.0249659244492;286.19;Module 1,1_10;155.42;28,54;35,58;0,64;22,82;5,71
06,10.2019 15:27:08;34.8;0.85;294.5;153.05854819008186;286.19;Module 1,1_10;160.72;29,58;35,63;0,67;23,74;5,84
06,10.2019 15:29:09;34.8;0.86;294.5;156.48021853009755;286.15;Module 1,1_10;164.33;29,93;35,67;0,68;24,36;5,56
06,10.2019 15:31:01;34.8;0.87;294.5;156.25497727019237;286.06;Module 1,1_10;164.11;30,28;35,67;0,68;24,32;5,95
06,10.2019 15:32:56;34.8;0.85;294.5;153.56284511146788;286.03;Module 1,1_10;161.3;29,58;35,64;0,67;23,83;5,75
06,10.2019 15:34:58;34.8;0.84;294.5;151.78332447849954;286.04;Module 1,1_10;159.45;29,23;35,62;0,66;23,51;5,72
06,10.2019 15:36:56;34.8;0.84;294.5;151.00340406323892;286.07;Module 1,1_10;158.65;29,23;35,61;0,66;23,36;5,87
06,10.2019 15:38:51;34.7;0.8;294.5;143.4188127489487;286.03;Module 1,1_10;150.7;27,76;35,52;0,62;21,98;5,78
06,10.2019 15:40:44;34.6;0.73;293.5;132.70505438132537;285.96;Module 1,1_10;139.46;25,26;35,55;0,57;20,12;5,14
06,10.2019 15:42:36;34.7;0.7;293.5;129.86193006612322;285.93;Module 1,1_10;136.49;24,29;35,51;0,55;19,60;4,69
06,10.2019 15:44:38;34.6;0.72;294.5;133.6003024253027;285.81;Module 1,1_10;140.44;24,91;35,38;0,57;20,20;4,71
06,10.2019 15:46:37;34.7;0.75;294.5;136.1958535397115;285.73;Module 1,1_10;143.19;26,03;35,42;0,58;20,67;5,36
06,10.2019 15:48:32;34.6;0.73;294.5;133.86428790184095;285.75;Module 1,1_10;140.76;25,26;35,39;0,57;20,25;5,01
06,10.2019 15:50:31;34.7;0.73;294;132.10244682526755;285.8;Module 1,1_10;138.93;25,33;35,45;0,56;19,97;5,36
06,10.2019 15:52:39;34.7;0.73;294;134.04631688009604;285.85;Module 1,1_10;141;25,33;35,48;0,57;20,32;5,01
06,10.2019 15:54:32;34.7;0.77;294;139.78412403331797;285.81;Module 1,1_10;147.06;26,72;35,56;0,60;21,37;5,35
06,10.2019 15:56:25;34.8;0.82;294;147.76199617468643;285.77;Module 1,1_10;155.48;28,54;35,66;0,64;22,82;5,71
06,10.2019 15:58:18;34.9;0.88;294;160.3160756650382;285.81;Module 1,1_10;168.72;30,71;35,80;0,70;25,12;5,59
06,10.2019 16:00:02;35;0.92;294;168.53504316406594;285.88;Module 1,1_10;177.4;32,20;35,89;0,74;26,63;5,57
06,10.2019 16:01:55;34.9;0.95;294;170.14609220249756;285.94;Module 1,1_10;179.13;33,15;35,91;0,75;26,92;6,23
06,10.2019 16:03:50;35;0.92;294;166.58866580370415;285.99;Module 1,1_10;175.42;32,20;35,87;0,73;26,27;5,93
06,10.2019 16:05:44;34.7;0.9;294;160.05053526295794;286.04;Module 1,1_10;168.57;31,23;35,80;0,70;25,07;6,16
06,10.2019 16:07:49;34.8;0.87;294;155.40929391778678;286.08;Module 1,1_10;163.72;30,28;35,75;0,68;24,22;6,06
06,10.2019 16:09:45;34.8;0.87;294;155.6970425584617;286.07;Module 1,1_10;164.06;30,28;35,76;0,68;24,27;6,00
06,10.2019 16:11:38;34.7;0.89;294;157.1135139531295;286.07;Module 1,1_10;165.59;30,88;35,77;0,69;24,53;6,35
06,10.2019 16:13:31;34.8;0.86;294;155.39783057181253;286.1;Module 1,1_10;163.82;29,93;35,75;0,68;24,22;5,71
06,10.2019 16:15:32;34.8;0.82;294;148.63392793684724;286.2;Module 1,1_10;156.73;28,54;35,67;0,64;22,98;5,55
06,10.2019 16:17:27;34.7;0.8;294;143.6471156331064;286.27;Module 1,1_10;151.51;27,76;35,61;0,62;22,07;5,69
06,10.2019 16:19:32;34.7;0.8;294.5;142.39293288731645;286.26;Module 1,1_10;150.23;27,76;35,51;0,61;21,80;5,96
06,10.2019 16:21:25;34.7;0.78;294.5;138.5078310830212;286.22;Module 1,1_10;146.17;27,07;35,45;0,59;21,09;5,98
06,10.2019 16:23:17;34.8;0.76;294.5;135.37237670289866;286.14;Module 1,1_10;142.9;26,45;35,41;0,58;20,52;5,93
06,10.2019 16:25:18;34.7;0.73;294.5;130.47298262068188;286.03;Module 1,1_10;137.77;25,33;35,34;0,56;19,63;5,70
06,10.2019 16:27:11;34.7;0.7;294.5;123.73174286876554;285.95;Module 1,1_10;130.69;24,29;35,23;0,52;18,41;5,88
06,10.2019 16:29:07;34.7;0.65;294.5;117.7022670616715;285.92;Module 1,1_10;124.36;22,56;35,13;0,49;17,32;5,24
06,10.2019 16:31:05;34.5;0.63;294.5;111.40040132779254;285.91;Module 1,1_10;117.74;21,73;35,02;0,46;16,18;5,55
06,10.2019 16:32:57;34.4;0.59;294.5;104.97092051428794;285.92;Module 1,1_10;110.98;20,30;34,88;0,43;15,03;5,27
06,10.2019 16:34:51;34.2;0.55;294;99.74480854526843;285.83;Module 1,1_10;105.49;18,81;34,86;0,41;14,12;4,69
06,10.2019 16:36:43;34.4;0.54;294;98.69018414074523;285.78;Module 1,1_10;104.41;18,58;34,83;0,40;13,93;4,65
06,10.2019 16:39:21;34.4;0.54;294;98.73574968542587;285.79;Module 1,1_10;104.51;18,58;34,84;0,40;13,94;4,64
06,10.2019 16:41:14;34.4;0.53;294;96.38566584838009;285.75;Module 1,1_10;102.06;18,23;34,77;0,39;13,52;4,72
06,10.2019 16:43:08;34.3;0.51;294;91.86461181802105;285.57;Module 1,1_10;97.31;17,49;34,66;0,37;12,71;4,78
06,10.2019 16:45:00;34.3;0.5;294;88.9885651661848;285.42;Module 1,1_10;94.3;17,15;34,58;0,35;12,20;4,95
06,10.2019 16:46:56;34.3;0.48;294;83.69765014139017;285.25;Module 1,1_10;88.73;16,46;34,42;0,33;11,25;5,21
06,10.2019 16:48:50;34.4;0.46;292.4;80.16442153938098;284.96;Module 1,1_10;85.02;15,82;34,59;0,31;10,69;5,13
06,10.2019 16:50:42;34.4;0.45;292.4;79.66853412288397;284.74;Module 1,1_10;84.53;15,48;34,57;0,31;10,60;4,88
06,10.2019 16:52:36;34.4;0.45;292.4;79.68009850467226;284.45;Module 1,1_10;84.58;15,48;34,57;0,31;10,60;4,88
06,10.2019 16:54:35;34.4;0.46;291.9;79.00149749287982;284.03;Module 1,1_10;83.9;15,82;34,63;0,30;10,50;5,32
06,10.2019 16:56:28;34.5;0.46;291.9;79.89602952412989;283.76;Module 1,1_10;84.89;15,87;34,66;0,31;10,66;5,21
06,10.2019 16:58:21;34.6;0.47;291.9;82.82043926126555;283.44;Module 1,1_10;88.04;16,26;34,77;0,32;11,18;5,08
06,10.2019 17:00:19;34.6;0.47;291.9;84.62926859294608;283.28;Module 1,1_10;90.01;16,26;34,82;0,33;11,51;4,75
06,10.2019 17:02:28;34.7;0.47;291.9;84.66365813966509;283.13;Module 1,1_10;90.1;16,31;34,83;0,33;11,51;4,80
06,10.2019 17:04:21;34.7;0.46;291.9;82.91829433363061;283.08;Module 1,1_10;88.29;15,96;34,77;0,32;11,20;4,76
06,10.2019 17:06:24;34.6;0.43;291.9;76.39189286449938;283;Module 1,1_10;81.39;14,88;34,54;0,29;10,04;4,84
06,10.2019 17:08:17;34.4;0.39;291.9;70.91670737937501;282.93;Module 1,1_10;75.6;13,42;34,31;0,26;9,06;4,35
06,10.2019 17:10:31;34.2;0.36;290.4;66.41408820198924;282.78;Module 1,1_10;70.85;12,31;34,37;0,24;8,31;4,00
06,10.2019 17:12:25;34.2;0.36;290.4;65.34230696292028;282.63;Module 1,1_10;69.75;12,31;34,31;0,24;8,12;4,19
06,10.2019 17:14:17;34.1;0.34;289.9;63.15713349697141;282.5;Module 1,1_10;67.46;11,59;34,28;0,23;7,74;3,85
06,10.2019 17:16:19;34;0.34;289.9;61.3907993071085;282.46;Module 1,1_10;65.62;11,56;34,18;0,22;7,43;4,13
06,10.2019 17:18:11;34;0.32;289.9;58.59130396324769;282.47;Module 1,1_10;62.67;10,88;34,00;0,20;6,94;3,94
06,10.2019 17:20:05;34;0.31;289.9;55.756214543938334;282.5;Module 1,1_10;59.68;10,54;33,80;0,19;6,44;4,10
06,10.2019 17:21:58;34.1;0.31;289.9;55.78090097902242;282.51;Module 1,1_10;59.75;10,57;33,80;0,19;6,45;4,12
06,10.2019 17:23:59;34.1;0.33;289.9;58.54355447461391;282.47;Module 1,1_10;62.76;11,25;34,00;0,20;6,93;4,32
06,10.2019 17:26:01;34.1;0.35;289.9;60.85203443045859;282.43;Module 1,1_10;65.29;11,94;34,15;0,21;7,34;4,60
06,10.2019 17:27:54;34.1;0.35;289.9;60.40213048239231;282.45;Module 1,1_10;64.86;11,94;34,12;0,21;7,26;4,68
06,10.2019 17:29:48;34.2;0.33;289.9;57.0197138333309;282.46;Module 1,1_10;61.28;11,29;33,89;0,20;6,66;4,62
06,10.2019 17:31:35;33.9;0.31;289.9;54.09984618729288;282.47;Module 1,1_10;58.19;10,51;33,67;0,18;6,15;4,35
06,10.2019 17:33:32;33.8;0.3;289.9;52.85105052733209;282.46;Module 1,1_10;56.9;10,14;33,56;0,18;5,94;4,20
06,10.2019 17:35:31;34.1;0.31;289.9;54.227844529490255;282.44;Module 1,1_10;58.44;10,57;33,68;0,18;6,18;4,39
06,10.2019 17:37:34;33.9;0.32;289.9;55.987054161313765;282.45;Module 1,1_10;60.4;10,85;33,82;0,19;6,48;4,36
06,10.2019 17:39:27;34;0.33;289.9;56.2080649532265;282.42;Module 1,1_10;60.7;11,22;33,84;0,19;6,52;4,70
06,10.2019 17:41:32;33.8;0.33;289.9;57.61306386769488;282.39;Module 1,1_10;62.29;11,15;33,94;0,20;6,77;4,39
06,10.2019 17:43:24;34.1;0.35;289.9;60.71934315270704;282.3;Module 1,1_10;65.72;11,94;34,14;0,21;7,31;4,62
06,10.2019 17:45:19;34.3;0.36;289.9;62.014562644045384;282.21;Module 1,1_10;67.2;12,35;34,22;0,22;7,54;4,81
06,10.2019 17:47:14;34.1;0.34;289.9;59.49698216723658;282.25;Module 1,1_10;64.55;11,59;34,06;0,21;7,10;4,50
06,10.2019 17:49:07;34.1;0.32;289.9;55.234718857334215;282.31;Module 1,1_10;60;10,91;33,76;0,19;6,35;4,56
06,10.2019 17:51:01;33.8;0.29;289.9;50.29936850365772;282.25;Module 1,1_10;54.71;9,80;33,33;0,16;5,50;4,30
06,10.2019 17:52:55;33.8;0.26;289.9;45.83332608941829;282.21;Module 1,1_10;49.92;8,79;32,83;0,14;4,73;4,05
06,10.2019 17:54:47;32.7;0.25;289.9;42.25811585132966;282.2;Module 1,1_10;46.09;8,18;32,30;0,13;4,13;4,04
06,10.2019 17:56:46;32.7;0.24;287.4;40.27057570126091;282.19;Module 1,1_10;43.99;7,85;32,30;0,12;3,81;4,04
06,10.2019 17:58:43;32.5;0.24;287.4;39.82288822057853;282.2;Module 1,1_10;43.57;7,80;32,20;0,12;3,74;4,06
06,10.2019 18:00:37;32;0.22;287.4;38.20729307094654;282.17;Module 1,1_10;41.87;7,04;31,81;0,11;3,47;3,57
06,10.2019 18:02:31;32.4;0.22;287.4;37.09511639432576;282.16;Module 1,1_10;40.72;7,13;31,49;0,10;3,29;3,84
06,10.2019 18:04:30;32.3;0.22;287.4;35.589860974606346;282.15;Module 1,1_10;39.14;7,11;30,99;0,10;3,05;4,06
06,10.2019 18:06:26;32.5;0.2;287.4;33.52588671991725;282.15;Module 1,1_10;36.94;6,50;30,11;0,09;2,72;3,78
06,10.2019 18:08:19;32.1;0.2;287.4;32.555258298342096;282.14;Module 1,1_10;35.94;6,42;29,59;0,09;2,57;3,85
06,10.2019 18:10:13;32.2;0.2;287.4;32.904432696607856;282.14;Module 1,1_10;36.4;6,44;29,79;0,09;2,62;3,82
06,10.2019 18:12:12;32.1;0.2;287.4;33.10101635086064;282.1;Module 1,1_10;36.7;6,42;29,89;0,09;2,65;3,77
06,10.2019 18:14:05;32.2;0.19;287.4;31.88368060668185;282.08;Module 1,1_10;35.43;6,12;29,20;0,08;2,47;3,65
06,10.2019 18:16:00;32.5;0.19;287.4;30.31654522482203;282.1;Module 1,1_10;33.77;6,17;28,14;0,08;2,24;3,94
06,10.2019 18:17:52;31.9;0.17;287.4;29.005642743487577;282.05;Module 1,1_10;32.39;5,42;27,13;0,08;2,05;3,37
06,10.2019 18:20:26;32.3;0.18;287.4;29.328653267704134;282.04;Module 1,1_10;32.87;5,81;27,38;0,08;2,09;3,72
06,10.2019 18:22:25;32.5;0.2;287.4;32.60325611559129;282.06;Module 1,1_10;36.65;6,50;29,63;0,09;2,58;3,92
06,10.2019 18:24:17;32.3;0.22;287.4;35.804916119119596;282.08;Module 1,1_10;40.37;7,11;31,07;0,10;3,08;4,03
06,10.2019 18:26:12;32;0.23;287.4;36.465986441056586;282.12;Module 1,1_10;41.25;7,36;31,30;0,10;3,19;4,17
06,10.2019 18:28:05;32.2;0.21;287.4;33.918864723509486;282.14;Module 1,1_10;38.5;6,76;30,30;0,09;2,78;3,98
06,10.2019 18:29:58;32.1;0.2;287.4;31.09209364067571;282.14;Module 1,1_10;35.42;6,42;28,69;0,08;2,35;4,07
06,10.2019 18:31:51;32.3;0.17;287.4;27.106840567823312;282.14;Module 1,1_10;31;5,49;25,49;0,07;1,79;3,70
06,10.2019 18:33:44;32;0.15;287.4;24.452007837046818;282.1;Module 1,1_10;28.08;4,80;23,06;0,06;1,46;3,34
06,10.2019 18:36:20;31.7;0.14;287.4;22.78616057011377;282.04;Module 1,1_10;26.33;4,44;21,50;0,06;1,27;3,17
06,10.2019 18:38:13;31.6;0.14;287.4;22.037587332886076;282.03;Module 1,1_10;25.59;4,42;20,80;0,06;1,18;3,24
06,10.2019 18:40:08;31.9;0.13;287.4;19.98370786867698;282;Module 1,1_10;23.33;4,15;18,87;0,05;0,97;3,17
06,10.2019 18:42:11;31.8;0.12;286.4;18.625292092003832;282.02;Module 1,1_10;21.88;3,82;17,58;0,05;0,85;2,97
06,10.2019 18:44:04;31.7;0.11;286.4;17.629957547777725;281.99;Module 1,1_10;20.84;3,49;16,63;0,05;0,76;2,73
06,10.2019 18:45:59;31.9;0.09;286.4;15.299317960827166;281.95;Module 1,1_10;18.21;2,87;14,44;0,04;0,57;2,30
06,10.2019 18:47:51;32.1;0.08;286.4;13.336183906067209;281.87;Module 1,1_10;15.99;2,57;12,59;0,03;0,43;2,13
06,10.2019 18:49:50;31.7;0;286.4;11.444923648806487;281.82;Module 1,1_10;13.84;0,00;10,80;0,03;0,32;-0,32
06,10.2019 18:52:01;30.4;0;286.4;9.828466987513758;281.75;Module 1,1_10;12.01;0,00;9,27;0,03;0,24;-0,24
06,10.2019 18:53:55;30.6;0;286.4;8.805905532308664;281.71;Module 1,1_10;10.87;0,00;8,31;0,02;0,19;-0,19
06,10.2019 18:55:51;30.4;0;285.9;8.537232524360022;281.67;Module 1,1_10;10.66;0,00;8,05;0,02;0,18;-0,18
06,10.2019 18:57:44;29.4;0;285.9;9.387997420352024;281.64;Module 1,1_10;11.87;0,00;8,86;0,02;0,21;-0,21
06,10.2019 18:59:40;28.8;0.07;285.9;10.1104005132043;281.63;Module 1,1_10;12.97;2,02;9,54;0,03;0,25;1,77
06,10.2019 19:01:33;28.4;0;285.9;9.865163274029024;281.61;Module 1,1_10;12.86;0,00;9,30;0,03;0,24;-0,24
06,10.2019 19:03:32;28;0.07;285.9;9.841212681774621;281.6;Module 1,1_10;13.08;1,96;9,28;0,03;0,24;1,72
06,10.2019 19:05:24;29;0;285.9;9.598371624406411;281.6;Module 1,1_10;13.03;0,00;9,05;0,02;0,22;-0,22
06,10.2019 19:07:20;29.8;0;284.4;8.421914163408116;281.59;Module 1,1_10;11.73;0,00;7,94;0,02;0,17;-0,17
06,10.2019 19:09:13;30.6;0;284.4;6.955941470505157;281.57;Module 1,1_10;9.98;0,00;6,56;0,02;0,12;-0,12
06,10.2019 19:11:08;31.8;0;285.9;5.645211664950872;281.55;Module 1,1_10;8.4;0,00;5,33;0,01;0,08;-0,08
06,10.2019 19:13:01;31.2;0;285.9;4.752337699288994;281.53;Module 1,1_10;7.39;0,00;4,48;0,01;0,06;-0,06
06,10.2019 19:15:00;32.6;0;285.9;4.050207544705831;281.53;Module 1,1_10;6.68;0,00;3,82;0,01;0,04;-0,04
06,10.2019 19:16:54;33.3;0;285.9;3.519122755825088;281.53;Module 1,1_10;6.25;0,00;3,32;0,01;0,03;-0,03
06,10.2019 19:18:49;34;0;285.9;3.197751949205576;281.53;Module 1,1_10;6.29;0,00;3,02;0,01;0,02;-0,02
06,10.2019 19:20:42;33.9;0;285.9;2.7407482203409232;281.55;Module 1,1_10;6.24;0,00;2,59;0,01;0,02;-0,02
06,10.2019 19:23:00;33.9;0;285.9;1.9667785578792463;281.56;Module 1,1_10;6.1;0,00;1,86;0,01;0,01;-0,01
06,10.2019 19:24:55;33.8;0;286.4;1.0278135523715868;281.51;Module 1,1_10;5.35;0,00;0,97;0,00;0,00;-0,00
06,10.2019 19:26:50;33.2;0;286.4;0.8376200165121717;281.49;Module 1,1_10;4.36;0,00;0,79;0,00;0,00;-0,00
06,10.2019 19:28:44;29.1;0;285.9;0.6954551513243261;281.47;Module 1,1_10;3.62;0,00;0,66;0,00;0,00;-0,00
06,10.2019 19:30:37;29.7;0;285.9;0.47644441306196916;281.43;Module 1,1_10;2.48;0,00;0,45;0,00;0,00;-0,00
06,10.2019 19:32:30;27.8;0;285.9;0.3803870717188303;281.41;Module 1,1_10;1.98;0,00;0,36;0,00;0,00;-0,00
06,10.2019 19:34:26;24;0;285.9;0.0001;281.39;Module 1,1_10;1.58;0,00;0,00;0,00;0,00;0,00
06,10.2019 19:36:19;21.4;0;285.9;0.0001;281.37;Module 1,1_10;1.42;0,00;0,00;0,00;0,00;0,00
06,10.2019 19:38:12;18.6;0;285.9;0.0001;281.35;Module 1,1_10;1.32;0,00;0,00;0,00;0,00;0,00
06,10.2019 19:40:04;18.6;0;285.9;0.0001;281.35;Module 1,1_10;1.09;0,00;0,00;0,00;0,00;0,00
06,10.2019 19:41:57;18.6;0;285.9;0.0001;281.35;Module 1,1_10;0.83;0,00;0,00;0,00;0,00;0,00
07,10.2019 08:42:18;30.3;0;280.4;8.004402030283572;279.78;Module 1,1_10;10.84;0,00;7,54;0,02;0,16;-0,16
07,10.2019 08:44:16;29.3;0;280.4;9.794271427689983;279.81;Module 1,1_10;13.09;0,00;9,22;0,03;0,23;-0,23
07,10.2019 08:46:09;28.3;0.08;281.9;11.702295079012336;279.84;Module 1,1_10;15.46;2,26;11,02;0,03;0,33;1,93
07,10.2019 08:48:18;28.2;0.09;281.9;13.67599132779324;279.87;Module 1,1_10;17.85;2,54;12,88;0,04;0,45;2,08
07,10.2019 08:50:14;28.3;0.1;281.9;15.492709375135222;279.89;Module 1,1_10;20.02;2,83;14,59;0,04;0,58;2,25
07,10.2019 08:52:11;28.4;0.11;281.9;16.708088184481433;279.87;Module 1,1_10;21.39;3,12;15,74;0,04;0,68;2,45
07,10.2019 08:54:04;28.4;0.11;281.9;17.415667366253807;279.88;Module 1,1_10;22.11;3,12;16,41;0,04;0,74;2,39
07,10.2019 08:56:03;28.5;0.11;281.9;17.447960648280137;279.89;Module 1,1_10;21.97;3,14;16,44;0,04;0,74;2,40
07,10.2019 08:57:56;28.5;0.11;281.9;17.61524852635292;279.89;Module 1,1_10;22.02;3,14;16,59;0,05;0,75;2,38
07,10.2019 08:59:52;28.4;0.11;281.9;17.50509317238284;279.89;Module 1,1_10;21.73;3,12;16,49;0,05;0,74;2,38
07,10.2019 09:01:44;28.4;0.11;281.9;17.770224356782194;279.89;Module 1,1_10;21.92;3,12;16,74;0,05;0,77;2,36
07,10.2019 09:03:44;28.4;0.11;281.9;17.9897677199557;279.92;Module 1,1_10;22.05;3,12;16,95;0,05;0,79;2,34
07,10.2019 09:05:37;28.4;0.12;281.9;18.57556411077004;279.96;Module 1,1_10;22.64;3,41;17,50;0,05;0,84;2,57
07,10.2019 09:07:33;28.4;0.13;281.9;21.432643427074126;280;Module 1,1_10;25.98;3,69;20,19;0,06;1,12;2,58
07,10.2019 09:09:26;32.1;0.16;281.9;25.40431599051567;280.05;Module 1,1_10;30.64;5,14;23,91;0,07;1,57;3,57
07,10.2019 09:11:36;32.4;0.18;283.9;29.302983684523277;280.12;Module 1,1_10;35.15;5,83;27,42;0,08;2,09;3,75
07,10.2019 09:13:31;32.3;0.19;283.9;32.04960019093838;280.17;Module 1,1_10;38.27;6,14;29,51;0,08;2,49;3,65
07,10.2019 09:15:24;32.4;0.19;283.9;31.79915768427032;280.17;Module 1,1_10;37.81;6,16;29,34;0,08;2,45;3,70
07,10.2019 09:17:17;32.1;0.18;284.4;29.799910121875918;280.21;Module 1,1_10;35.29;5,78;27,83;0,08;2,16;3,62
07,10.2019 09:19:47;32.1;0.19;284.4;31.76751081383892;280.29;Module 1,1_10;37.43;6,10;29,30;0,08;2,45;3,65
07,10.2019 09:21:41;32.2;0.19;284.4;31.22749915560641;280.35;Module 1,1_10;36.66;6,12;28,92;0,08;2,37;3,75
07,10.2019 09:23:35;32.2;0.17;284.4;28.404298211448662;280.36;Module 1,1_10;33.23;5,47;26,65;0,07;1,96;3,51
07,10.2019 09:25:27;32.3;0.15;284.4;26.33602316192162;280.37;Module 1,1_10;30.71;4,84;24,79;0,07;1,69;3,16
07,10.2019 09:27:27;32.1;0.15;284.4;24.09231862623637;280.39;Module 1,1_10;28;4,82;22,70;0,06;1,41;3,40
07,10.2019 09:29:19;32;0.12;284.4;20.979731683358633;280.39;Module 1,1_10;24.31;3,84;19,78;0,05;1,07;2,77
07,10.2019 09:31:13;31.9;0.1;284.4;17.258487552044695;280.41;Module 1,1_10;19.94;3,19;16,27;0,04;0,72;2,47
07,10.2019 09:33:06;31.7;0.1;284.4;16.585876939824317;280.41;Module 1,1_10;19.11;3,17;15,64;0,04;0,67;2,50
07,10.2019 09:35:08;31.5;0.1;284.4;18.139166196077646;280.41;Module 1,1_10;20.84;3,15;17,10;0,05;0,80;2,35
07,10.2019 09:37:08;31.6;0.12;284.4;21.76638273417102;280.41;Module 1,1_10;24.94;3,79;20,52;0,06;1,15;2,64
07,10.2019 09:39:02;32.3;0.14;284.4;24.04218509972535;280.39;Module 1,1_10;27.48;4,52;22,66;0,06;1,41;3,12
07,10.2019 09:40:55;32.1;0.14;285.9;24.247680937461077;280.39;Module 1,1_10;27.65;4,49;22,86;0,06;1,43;3,06
07,10.2019 09:42:56;32.3;0.14;285.9;23.963431134267676;280.39;Module 1,1_10;27.26;4,52;22,59;0,06;1,40;3,12
07,10.2019 09:44:51;31.6;0.15;285.9;25.126435250904592;280.41;Module 1,1_10;28.52;4,74;23,68;0,06;1,54;3,20
07,10.2019 09:46:45;32.3;0.16;284.4;26.697988826662503;280.43;Module 1,1_10;30.24;5,17;25,13;0,07;1,73;3,43
07,10.2019 09:48:37;32;0.15;284.4;26.53906844438851;280.47;Module 1,1_10;30;4,80;24,98;0,07;1,71;3,09
07,10.2019 09:50:56;32.3;0.14;285.9;23.34806091073841;280.48;Module 1,1_10;26.33;4,52;22,02;0,06;1,33;3,19
07,10.2019 09:52:48;31.7;0.12;285.9;20.726100221570107;280.46;Module 1,1_10;23.33;3,80;19,55;0,05;1,05;2,76
07,10.2019 09:54:41;31.8;0.12;285.9;21.546697956573663;280.43;Module 1,1_10;24.21;3,82;20,33;0,06;1,13;2,69
07,10.2019 09:56:34;32;0.14;284.4;23.857740958033574;280.46;Module 1,1_10;26.76;4,48;22,48;0,06;1,38;3,10
07,10.2019 09:58:29;31.9;0.15;284.4;24.818595685326713;280.46;Module 1,1_10;27.79;4,78;23,38;0,06;1,50;3,29
07,10.2019 10:00:22;32;0.13;284.4;23.49049850819319;280.5;Module 1,1_10;26.26;4,16;22,14;0,06;1,34;2,82
07,10.2019 10:02:15;31.9;0.13;284.4;22.28228940655845;280.52;Module 1,1_10;24.87;4,15;21,01;0,06;1,21;2,94
07,10.2019 10:04:10;31.1;0.13;284.4;22.891341945509414;280.53;Module 1,1_10;25.51;4,04;21,58;0,06;1,27;2,77
07,10.2019 10:06:57;32.3;0.15;284.4;25.153518541409273;280.56;Module 1,1_10;27.97;4,84;23,70;0,06;1,54;3,31
07,10.2019 10:08:53;32;0.16;285.9;26.75722042332992;280.56;Module 1,1_10;29.71;5,12;25,18;0,07;1,74;3,38
07,10.2019 10:10:46;31.8;0.16;285.9;26.6768014814433;280.57;Module 1,1_10;29.58;5,09;25,11;0,07;1,73;3,36
07,10.2019 10:12:56;32.1;0.15;285.9;26.410613997848362;280.57;Module 1,1_10;29.24;4,82;24,86;0,07;1,70;3,12
07,10.2019 10:14:50;32.3;0.15;285.9;26.264142346244828;280.6;Module 1,1_10;29.04;4,84;24,73;0,07;1,68;3,17
07,10.2019 10:16:45;31.6;0.15;285.9;24.821593125844906;280.6;Module 1,1_10;27.41;4,74;23,40;0,06;1,50;3,24
07,10.2019 10:18:39;31.8;0.15;285.9;25.894789097879503;280.6;Module 1,1_10;28.56;4,77;24,39;0,07;1,63;3,14
07,10.2019 10:20:34;32;0.15;285.9;25.80798768241402;280.64;Module 1,1_10;28.43;4,80;24,31;0,07;1,62;3,18
07,10.2019 10:22:37;31.8;0.15;285.9;26.403821129018265;280.67;Module 1,1_10;29.05;4,77;24,86;0,07;1,70;3,07
07,10.2019 10:24:31;32.6;0.16;285.9;27.261626495105602;280.68;Module 1,1_10;29.96;5,22;25,63;0,07;1,81;3,41
07,10.2019 10:26:24;31.8;0.16;285.9;26.954228025628165;280.69;Module 1,1_10;29.59;5,09;25,36;0,07;1,77;3,32
07,10.2019 10:28:17;32.2;0.15;285.9;26.016159814878556;280.68;Module 1,1_10;28.53;4,83;24,50;0,07;1,65;3,18
07,10.2019 10:30:09;32;0.15;285.9;25.933205681671556;280.68;Module 1,1_10;28.41;4,80;24,42;0,07;1,64;3,16
07,10.2019 10:32:02;32.3;0.15;285.9;25.06379041416652;280.69;Module 1,1_10;27.43;4,84;23,63;0,06;1,53;3,32
07,10.2019 10:34:09;32.5;0.14;285.9;24.29549123107666;280.71;Module 1,1_10;26.56;4,55;22,91;0,06;1,44;3,11
07,10.2019 10:36:15;31.9;0.16;285.9;26.976765878638105;280.71;Module 1,1_10;29.46;5,10;25,38;0,07;1,77;3,33
07,10.2019 10:38:13;31.8;0.18;285.9;30.229190088040177;280.73;Module 1,1_10;32.98;5,72;28,13;0,08;2,22;3,50
07,10.2019 10:40:06;32.4;0.2;285.9;33.79763412172285;280.75;Module 1,1_10;36.84;6,48;30,38;0,09;2,76;3,72
07,10.2019 10:42:02;32.5;0.21;285.9;36.426722410903864;280.76;Module 1,1_10;39.67;6,83;31,47;0,10;3,18;3,64
07,10.2019 10:43:55;32.4;0.22;285.9;38.0202640469799;280.75;Module 1,1_10;41.37;7,13;31,96;0,11;3,44;3,68
07,10.2019 10:45:53;33.3;0.24;285.9;40.831314444515606;280.74;Module 1,1_10;44.39;7,99;32,64;0,12;3,91;4,08
07,10.2019 10:47:48;32.7;0.25;285.9;43.1022096310523;280.77;Module 1,1_10;46.82;8,18;33,07;0,13;4,30;3,88
07,10.2019 10:49:41;32.6;0.25;285.9;43.053565353373294;280.79;Module 1,1_10;46.73;8,15;33,06;0,13;4,29;3,86
07,10.2019 10:51:34;32.6;0.25;285.9;42.70896207436358;280.81;Module 1,1_10;46.32;8,15;33,00;0,13;4,23;3,92
07,10.2019 10:53:30;32.5;0.25;286.4;42.797572939923796;280.81;Module 1,1_10;46.38;8,13;32,94;0,13;4,24;3,88
07,10.2019 10:55:26;32.5;0.25;286.4;43.15331052029134;280.82;Module 1,1_10;46.73;8,13;33,00;0,13;4,30;3,82
07,10.2019 10:57:23;32.7;0.25;286.4;42.936090058136024;280.85;Module 1,1_10;46.46;8,18;32,96;0,13;4,27;3,91
07,10.2019 10:59:16;32.5;0.26;285.9;43.99294586301007;280.88;Module 1,1_10;47.57;8,45;33,21;0,13;4,45;4,00
07,10.2019 11:01:12;32.9;0.27;285.9;45.99534267865606;280.9;Module 1,1_10;49.7;8,88;33,50;0,14;4,79;4,09
07,10.2019 11:03:05;32.8;0.27;286.4;46.841322271904744;280.89;Module 1,1_10;50.58;8,86;33,53;0,15;4,94;3,92
07,10.2019 11:05:01;32.7;0.28;286.4;47.883144814449075;280.92;Module 1,1_10;51.67;9,16;33,66;0,15;5,12;4,04
07,10.2019 11:06:57;32.7;0.29;286.4;50.67825185728542;280.94;Module 1,1_10;54.65;9,48;33,96;0,17;5,60;3,88
07,10.2019 11:08:53;33;0.31;286.4;54.05155740305958;280.97;Module 1,1_10;58.25;10,23;34,27;0,18;6,20;4,03
07,10.2019 11:10:46;33.5;0.34;286.4;58.86661930344765;280.99;Module 1,1_10;63.4;11,39;34,63;0,20;7,05;4,34
07,10.2019 11:12:38;33.5;0.37;286.4;65.94400762008434;281.01;Module 1,1_10;70.98;12,39;35,05;0,24;8,32;4,07
07,10.2019 11:14:31;34.6;0.41;286.4;72.12757676202853;281.03;Module 1,1_10;77.59;14,19;35,34;0,27;9,44;4,74
07,10.2019 11:16:29;34.8;0.44;286.4;77.88224425146545;281.12;Module 1,1_10;83.73;15,31;35,57;0,29;10,49;4,82
07,10.2019 11:18:23;34.8;0.45;287.4;80.07651981237514;281.21;Module 1,1_10;86.04;15,66;35,48;0,31;10,86;4,80
07,10.2019 11:20:17;34.8;0.45;287.4;80.9872107617229;281.27;Module 1,1_10;86.97;15,66;35,51;0,31;11,03;4,63
07,10.2019 11:22:15;34.7;0.47;287.4;84.79717797611;281.36;Module 1,1_10;91.01;16,31;35,63;0,33;11,72;4,59
07,10.2019 11:24:18;35;0.53;287.4;95.10100082255292;281.42;Module 1,1_10;102.01;18,55;35,92;0,38;13,62;4,93
07,10.2019 11:26:13;35.3;0.59;287.4;105.95248653201311;281.52;Module 1,1_10;113.59;20,83;36,18;0,43;15,63;5,20
07,10.2019 11:28:06;35.2;0.6;287.4;110.15908968732572;281.53;Module 1,1_10;118.04;21,12;36,27;0,45;16,41;4,71
07,10.2019 11:30:00;35.2;0.61;287.4;110.81183660494979;281.52;Module 1,1_10;118.68;21,47;36,27;0,46;16,53;4,94
07,10.2019 11:32:00;35.2;0.61;287.4;111.6630906502187;281.57;Module 1,1_10;119.53;21,47;36,29;0,46;16,69;4,78
07,10.2019 11:33:53;35.2;0.62;289.9;112.80040220818262;281.62;Module 1,1_10;120.69;21,82;35,87;0,47;16,74;5,09
07,10.2019 11:35:47;35.1;0.63;289.9;115.67737265752811;281.74;Module 1,1_10;123.71;22,11;35,92;0,48;17,27;4,85
07,10.2019 11:37:40;34.9;0.65;288.4;120.19254064536983;281.85;Module 1,1_10;128.48;22,68;36,27;0,50;18,21;4,48
07,10.2019 11:40:11;35.2;0.68;288.4;124.43901988494704;282.01;Module 1,1_10;132.94;23,94;36,34;0,52;19,00;4,94
07,10.2019 11:42:05;35.1;0.68;289.9;126.42285644357398;282.08;Module 1,1_10;135;23,87;36,10;0,53;19,25;4,62
07,10.2019 11:44:00;35.1;0.72;289.9;134.90966200776631;282.18;Module 1,1_10;144;25,27;36,23;0,57;20,83;4,45
07,10.2019 11:45:56;35.3;0.79;289.9;147.99574307347848;282.26;Module 1,1_10;157.9;27,89;36,40;0,64;23,26;4,63
07,10.2019 11:47:52;35.4;0.81;289.9;149.83960908865564;282.35;Module 1,1_10;159.8;28,67;36,42;0,65;23,60;5,07
07,10.2019 11:49:48;35.4;0.79;289.9;146.96529149504667;282.46;Module 1,1_10;156.67;27,97;36,38;0,63;23,07;4,90
07,10.2019 11:51:41;35.3;0.8;290.4;151.67775719007088;282.63;Module 1,1_10;161.63;28,24;36,35;0,66;23,89;4,35
07,10.2019 11:53:46;35.4;0.89;290.4;166.64164377020813;282.81;Module 1,1_10;177.5;31,51;36,51;0,73;26,68;4,82
07,10.2019 11:55:47;35.4;0.93;290.4;173.50885786266298;282.94;Module 1,1_10;184.74;32,92;36,58;0,76;27,96;4,96
07,10.2019 11:57:39;35.4;0.84;290.4;156.41629450995086;283.02;Module 1,1_10;166.48;29,74;36,41;0,68;24,78;4,96
07,10.2019 11:59:32;35.2;0.7;290.4;128.10713286922137;283.13;Module 1,1_10;136.3;24,64;36,04;0,54;19,53;5,11
07,10.2019 12:01:25;34.8;0.61;290.4;108.57721673153357;283.1;Module 1,1_10;115.48;21,23;35,70;0,45;15,93;5,30
07,10.2019 12:03:19;34.7;0.56;291.9;100.86524389954977;283.08;Module 1,1_10;107.24;19,43;35,26;0,41;14,44;5,00
07,10.2019 12:05:12;34.7;0.53;291.9;95.75314220883709;282.99;Module 1,1_10;101.77;18,39;35,13;0,38;13,51;4,88
07,10.2019 12:07:16;34.6;0.53;291.9;94.0188529901712;282.83;Module 1,1_10;99.89;18,34;35,09;0,38;13,20;5,14
07,10.2019 12:09:09;34.6;0.51;291.9;92.15723924972046;282.73;Module 1,1_10;97.88;17,65;35,04;0,37;12,86;4,78
07,10.2019 12:11:04;34.7;0.52;291.9;93.49658961933476;282.73;Module 1,1_10;99.27;18,04;35,08;0,37;13,10;4,94
07,10.2019 12:12:57;34.8;0.52;290.4;96.35251483825513;282.7;Module 1,1_10;102.27;18,10;35,42;0,39;13,70;4,40
07,10.2019 12:14:50;34.8;0.54;290.4;100.02011747896258;282.67;Module 1,1_10;106.13;18,79;35,51;0,40;14,36;4,43
07,10.2019 12:16:44;34.9;0.59;290.4;108.72375344239468;282.64;Module 1,1_10;115.33;20,59;35,70;0,45;15,96;4,63
07,10.2019 12:18:37;34.9;0.62;290.4;115.27223190099426;282.6;Module 1,1_10;122.24;21,64;35,82;0,48;17,16;4,48
07,10.2019 12:20:29;35;0.63;290.4;116.16395048193495;282.63;Module 1,1_10;123.15;22,05;35,84;0,48;17,32;4,73
07,10.2019 12:22:22;34.9;0.61;290.4;111.40399969101003;282.67;Module 1,1_10;118.07;21,29;35,75;0,46;16,45;4,84
07,10.2019 12:24:14;34.8;0.58;290.4;106.81034300400265;282.69;Module 1,1_10;113.17;20,18;35,66;0,44;15,61;4,58
07,10.2019 12:26:13;34.7;0.58;290.4;107.88920331407016;282.68;Module 1,1_10;114.28;20,13;35,68;0,44;15,80;4,32
07,10.2019 12:28:16;34.8;0.55;290.4;101.9808339291225;282.72;Module 1,1_10;107.99;19,14;35,55;0,41;14,72;4,42
07,10.2019 12:30:08;34.6;0.5;290.4;95.21580971391879;282.77;Module 1,1_10;100.8;17,30;35,39;0,38;13,49;3,81
07,10.2019 12:32:02;34.7;0.51;290.4;96.26108077190311;282.84;Module 1,1_10;101.88;17,70;35,41;0,39;13,68;4,02
07,10.2019 12:34:01;34.7;0.52;290.4;96.57973670900948;282.91;Module 1,1_10;102.19;18,04;35,42;0,39;13,74;4,31
07,10.2019 12:36:07;34.7;0.49;290.4;90.52775487441912;283;Module 1,1_10;95.76;17,00;35,27;0,36;12,64;4,37
07,10.2019 12:38:02;34.6;0.47;290.4;86.15308777340205;283.03;Module 1,1_10;91.11;16,26;35,14;0,34;11,84;4,42
07,10.2019 12:39:54;34.4;0.45;290.4;83.45888697790792;283;Module 1,1_10;88.24;15,48;35,05;0,32;11,36;4,12
07,10.2019 12:41:47;34.5;0.42;290.4;78.53054881575983;282.95;Module 1,1_10;83.01;14,49;34,88;0,30;10,47;4,02
07,10.2019 12:43:40;34.4;0.44;290.4;82.46595428590668;282.93;Module 1,1_10;87.15;15,14;35,02;0,32;11,18;3,96
07,10.2019 12:45:33;34.5;0.52;290.4;96.35955654570034;282.88;Module 1,1_10;101.81;17,94;35,42;0,39;13,70;4,24
07,10.2019 12:47:26;34.7;0.56;290.4;105.53496747655569;282.85;Module 1,1_10;111.48;19,43;35,63;0,43;15,37;4,06
07,10.2019 12:49:44;34.7;0.59;290.4;114.10374612783033;282.89;Module 1,1_10;120.5;20,47;35,80;0,47;16,94;3,53
07,10.2019 12:51:39;35;0.65;290.4;123.59920973690714;282.98;Module 1,1_10;130.5;22,75;35,97;0,52;18,69;4,06
07,10.2019 12:53:32;35.1;0.75;290.4;140.31615752504973;283.12;Module 1,1_10;148.12;26,33;36,21;0,60;21,78;4,54
07,10.2019 12:55:25;35.2;0.83;290.4;153.90301951495167;283.25;Module 1,1_10;162.43;29,22;36,38;0,67;24,31;4,91
07,10.2019 12:57:29;35.3;0.81;290.4;152.43868803812148;283.37;Module 1,1_10;160.85;28,59;36,36;0,66;24,04;4,56
07,10.2019 12:59:22;35.2;0.76;290.4;142.2969987707831;283.46;Module 1,1_10;150.12;26,75;36,23;0,61;22,15;4,60
07,10.2019 13:01:17;35;0.72;291.9;136.3417707640305;283.6;Module 1,1_10;143.81;25,20;35,89;0,58;20,92;4,28
07,10.2019 13:03:09;35.1;0.72;291.9;135.74064824335173;283.66;Module 1,1_10;143.15;25,27;35,88;0,58;20,81;4,46
07,10.2019 13:05:16;35.2;0.8;291.9;153.29489960011603;283.65;Module 1,1_10;161.63;28,16;36,10;0,67;24,05;4,11
07,10.2019 13:07:10;35.2;0.95;291.9;178.50712745322247;283.65;Module 1,1_10;188.18;33,44;36,35;0,79;28,71;4,73
07,10.2019 13:08:55;35.4;1.06;291.9;206.3526923124395;283.79;Module 1,1_10;217.5;37,52;36,57;0,93;33,89;3,63
07,10.2019 13:10:48;35.6;1.22;291.9;230.08126892686545;283.94;Module 1,1_10;242.47;43,43;36,71;1,04;38,31;5,12
07,10.2019 13:12:47;35.6;1.31;291.9;248.6275205515472;284.1;Module 1,1_10;261.97;46,64;36,81;1,13;41,77;4,86
07,10.2019 13:14:40;35.5;1.36;292.4;261.4244856407547;284.32;Module 1,1_10;275.41;48,28;36,78;1,20;44,06;4,22
07,10.2019 13:16:33;35.4;1.33;292.4;256.68966372184605;284.53;Module 1,1_10;270.38;47,08;36,76;1,17;43,18;3,90
07,10.2019 13:18:31;35.2;1.14;292.4;217.76200638410154;284.83;Module 1,1_10;229.34;40,13;36,55;0,98;35,94;4,19
07,10.2019 13:20:44;35;0.98;292.4;182.186641781903;285;Module 1,1_10;191.84;34,30;36,30;0,81;29,33;4,97
07,10.2019 13:22:37;34.8;0.9;292.4;171.09981726289033;285.07;Module 1,1_10;180.14;31,32;36,20;0,75;27,28;4,04
07,10.2019 13:24:30;34.8;0.85;293.5;159.32527133671613;285.16;Module 1,1_10;167.72;29,58;35,88;0,70;24,99;4,59
07,10.2019 13:26:26;34.8;0.83;293.5;154.8440454045213;285.1;Module 1,1_10;162.98;28,88;35,84;0,67;24,17;4,72
07,10.2019 13:28:19;34.8;0.82;294;153.25860424784435;284.94;Module 1,1_10;161.29;28,54;35,73;0,67;23,83;4,71
07,10.2019 13:30:15;34.8;0.78;294;145.44804348089858;284.8;Module 1,1_10;153.05;27,14;35,63;0,63;22,40;4,74
07,10.2019 13:32:24;34.6;0.73;294;133.226688974978;284.63;Module 1,1_10;140.17;25,26;35,47;0,57;20,17;5,09
07,10.2019 13:34:17;34.5;0.69;294;128.57539533577963;284.59;Module 1,1_10;135.26;23,80;35,40;0,55;19,33;4,48
07,10.2019 13:36:19;34.5;0.67;294;125.22613728066479;284.61;Module 1,1_10;131.72;23,12;35,35;0,53;18,72;4,40
07,10.2019 13:38:13;34.5;0.65;294;120.82868680434044;284.63;Module 1,1_10;127.08;22,43;35,27;0,51;17,92;4,50
07,10.2019 13:40:05;34.5;0.64;294;119.69122261525906;284.61;Module 1,1_10;125.87;22,08;35,26;0,50;17,71;4,37
07,10.2019 13:41:58;34.6;0.67;294;125.49560807053861;284.5;Module 1,1_10;131.96;23,18;35,35;0,53;18,77;4,42
07,10.2019 13:43:58;34.8;0.72;294;135.4865073530828;284.41;Module 1,1_10;142.45;25,06;35,50;0,58;20,58;4,47
07,10.2019 13:45:52;34.8;0.79;294;147.86581210475103;284.32;Module 1,1_10;155.45;27,49;35,66;0,64;22,84;4,65
07,10.2019 13:47:46;35;0.84;294;158.2873524298545;284.22;Module 1,1_10;166.39;29,40;35,78;0,69;24,75;4,65
07,10.2019 13:49:39;35;0.84;294;158.70155209707607;284.22;Module 1,1_10;166.81;29,40;35,79;0,69;24,82;4,58
07,10.2019 13:52:32;34.8;0.77;294;146.35319581746538;284.39;Module 1,1_10;153.81;26,80;35,65;0,63;22,56;4,23
07,10.2019 13:54:50;34.8;0.72;294;133.4832216031616;284.43;Module 1,1_10;140.27;25,06;35,48;0,57;20,22;4,84
07,10.2019 13:56:43;34.5;0.64;294;118.67601291877239;284.52;Module 1,1_10;124.7;22,08;35,24;0,50;17,53;4,55
07,10.2019 13:58:36;34.5;0.57;294;106.3121311177921;284.58;Module 1,1_10;111.7;19,66;35,00;0,44;15,30;4,37
07,10.2019 14:00:29;34.3;0.54;294;99.61897928403823;284.57;Module 1,1_10;104.66;18,52;34,85;0,40;14,10;4,43
07,10.2019 14:02:23;34.2;0.5;294;90.05937284108568;284.5;Module 1,1_10;94.61;17,10;34,61;0,36;12,39;4,71
07,10.2019 14:04:19;34.1;0.43;294;76.76653476717314;284.32;Module 1,1_10;80.64;14,66;34,18;0,29;10,03;4,63
07,10.2019 14:06:20;33.5;0.39;294;66.6040150719967;284.15;Module 1,1_10;69.96;13,07;33,74;0,24;8,25;4,82
07,10.2019 14:08:28;33.1;0.36;292.4;63.371355876811286;284.02;Module 1,1_10;66.56;11,92;33,85;0,23;7,72;4,19
07,10.2019 14:10:21;32.8;0.37;292.4;65.36486296414121;283.89;Module 1,1_10;68.65;12,14;33,96;0,24;8,07;4,06
07,10.2019 14:12:14;32.9;0.4;291.9;68.67239796728718;283.77;Module 1,1_10;72.12;13,16;34,21;0,25;8,67;4,49
07,10.2019 14:14:07;33.4;0.42;291.9;72.97037096893699;283.6;Module 1,1_10;76.63;14,03;34,41;0,27;9,43;4,60
07,10.2019 14:16:00;33.4;0.44;291.9;78.30649829182877;283.5;Module 1,1_10;82.23;14,70;34,61;0,30;10,38;4,32
07,10.2019 14:18:30;33.7;0.46;291.9;80.94880831540065;283.43;Module 1,1_10;85;15,50;34,70;0,31;10,85;4,65
07,10.2019 14:20:25;33.4;0.46;291.9;83.01857216334218;283.44;Module 1,1_10;87.17;15,36;34,77;0,32;11,22;4,14
07,10.2019 14:22:38;33.6;0.48;290.9;87.00298867282561;283.42;Module 1,1_10;91.35;16,13;35,08;0,34;11,98;4,15
07,10.2019 14:24:33;34.4;0.48;290.9;89.33916196394524;283.47;Module 1,1_10;93.8;16,51;35,14;0,35;12,40;4,11
07,10.2019 14:26:26;34.4;0.49;291.9;90.47500691214864;283.55;Module 1,1_10;94.99;16,86;35,00;0,36;12,56;4,30
07,10.2019 14:28:19;34.5;0.51;291.9;92.71549188831432;283.55;Module 1,1_10;97.34;17,59;35,05;0,37;12,96;4,63
07,10.2019 14:30:13;34.6;0.52;291.9;96.43216559546929;283.53;Module 1,1_10;101.24;17,99;35,16;0,39;13,63;4,36
07,10.2019 14:32:10;34.7;0.53;291.9;96.51002811761;283.53;Module 1,1_10;101.32;18,39;35,16;0,39;13,65;4,74
07,10.2019 14:34:03;34.6;0.49;291.9;88.01464349104235;283.52;Module 1,1_10;92.4;16,95;34,93;0,35;12,12;4,84
07,10.2019 14:35:56;34.3;0.42;290.4;77.08023632995912;283.51;Module 1,1_10;80.92;14,41;34,84;0,29;10,21;4,20
07,10.2019 14:37:48;34.1;0.38;290.4;68.3267349056283;283.48;Module 1,1_10;71.73;12,96;34,46;0,25;8,65;4,31
07,10.2019 14:39:43;32.9;0.36;290.4;64.93581918003338;283.43;Module 1,1_10;68.17;11,84;34,29;0,23;8,05;3,80
07,10.2019 14:41:36;32.3;0.34;290.4;60.54447924913636;283.4;Module 1,1_10;63.56;10,98;34,04;0,21;7,27;3,71
07,10.2019 14:43:43;32.9;0.31;290.4;56.04812269684278;283.35;Module 1,1_10;58.84;10,20;33,73;0,19;6,49;3,71
07,10.2019 14:45:35;32.7;0.31;289.9;55.1998928652683;283.33;Module 1,1_10;57.95;10,14;33,76;0,19;6,35;3,79
07,10.2019 14:47:28;32.2;0.32;289.9;57.9806254827609;283.27;Module 1,1_10;60.87;10,30;33,96;0,20;6,83;3,47
07,10.2019 14:49:21;32.1;0.34;289.9;60.494366328723274;283.25;Module 1,1_10;63.51;10,91;34,13;0,21;7,27;3,64
07,10.2019 14:51:26;32.6;0.33;289.9;60.35019009947957;283.26;Module 1,1_10;63.36;10,76;34,12;0,21;7,25;3,51
07,10.2019 14:53:23;32.7;0.34;289.9;59.91058975002581;283.24;Module 1,1_10;62.9;11,12;34,09;0,21;7,17;3,95
07,10.2019 14:55:16;32.3;0.34;289.9;60.28993942363609;283.24;Module 1,1_10;63.3;10,98;34,11;0,21;7,24;3,74
07,10.2019 14:57:09;32.7;0.33;289.9;61.12620090241471;283.25;Module 1,1_10;64.18;10,79;34,16;0,22;7,38;3,41
07,10.2019 14:59:03;32.5;0.34;289.9;61.94310729782849;283.23;Module 1,1_10;65.04;11,05;34,21;0,22;7,53;3,52
07,10.2019 15:00:59;33.3;0.34;289.9;62.95965880823828;283.17;Module 1,1_10;66.11;11,32;34,27;0,22;7,71;3,61
07,10.2019 15:02:58;33.3;0.34;289.9;61.97595317836982;283.14;Module 1,1_10;65.08;11,32;34,21;0,22;7,53;3,79
07,10.2019 15:05:04;32.9;0.34;289.9;62.705942634670336;283.15;Module 1,1_10;65.85;11,19;34,26;0,22;7,66;3,52
07,10.2019 15:06:57;32.8;0.35;289.9;63.38832135027624;283.17;Module 1,1_10;66.57;11,48;34,30;0,23;7,78;3,70
07,10.2019 15:08:50;33;0.37;289.9;68.06941463983131;283.21;Module 1,1_10;71.49;12,21;34,54;0,25;8,61;3,60
07,10.2019 15:10:43;33.6;0.4;289.9;72.35933500271898;283.23;Module 1,1_10;76;13,44;34,73;0,27;9,38;4,06
07,10.2019 15:12:36;33.4;0.44;289.9;80.38993243969179;283.28;Module 1,1_10;84.44;14,70;35,04;0,31;10,82;3,87
07,10.2019 15:14:29;33.8;0.49;289.9;89.72334318574444;283.33;Module 1,1_10;94.25;16,56;35,34;0,35;12,51;4,05
07,10.2019 15:16:14;33.5;0.49;289.9;89.68881128731064;283.39;Module 1,1_10;94.22;16,41;35,34;0,35;12,51;3,91
07,10.2019 15:18:07;33.6;0.5;289.9;90.77662446036257;283.44;Module 1,1_10;95.37;16,80;35,36;0,36;12,71;4,09
07,10.2019 15:19:59;33.9;0.53;289.9;98.25025361248127;283.5;Module 1,1_10;103.23;17,97;35,55;0,40;14,07;3,90
07,10.2019 15:21:56;34.7;0.55;289.9;103.67572446138168;283.6;Module 1,1_10;108.94;19,09;35,68;0,42;15,06;4,02
07,10.2019 15:23:51;34.8;0.58;289.9;107.07300812027331;283.62;Module 1,1_10;112.52;20,18;35,75;0,44;15,68;4,50
07,10.2019 15:25:48;34.6;0.57;290.4;107.64301504811714;283.64;Module 1,1_10;113.13;19,72;35,67;0,44;15,76;3,96
07,10.2019 15:27:41;34.6;0.54;290.4;100.51589724174987;283.72;Module 1,1_10;105.65;18,68;35,52;0,41;14,46;4,23
07,10.2019 15:29:34;34.4;0.48;290.4;92.1054811263886;283.77;Module 1,1_10;96.82;16,51;35,31;0,37;12,92;3,59
07,10.2019 15:31:29;34.4;0.44;290.4;81.75578618304971;283.75;Module 1,1_10;85.95;15,14;35,00;0,32;11,05;4,08
07,10.2019 15:33:36;34.2;0.42;290.4;76.5905188682739;283.72;Module 1,1_10;80.53;14,36;34,81;0,29;10,12;4,24
07,10.2019 15:35:28;33.2;0.42;290.4;75.49741611642177;283.71;Module 1,1_10;79.39;13,94;34,77;0,29;9,93;4,02
07,10.2019 15:37:22;32.8;0.39;290.4;71.190160761331;283.71;Module 1,1_10;74.87;12,79;34,59;0,26;9,16;3,64
07,10.2019 15:39:16;33.3;0.38;290.4;68.63296614129675;283.67;Module 1,1_10;72.19;12,65;34,48;0,25;8,70;3,95
07,10.2019 15:41:16;33.1;0.39;290.4;68.85132968104729;283.6;Module 1,1_10;72.43;12,91;34,48;0,25;8,74;4,17
07,10.2019 15:43:09;33.2;0.39;290.4;71.33191557664115;283.61;Module 1,1_10;75.05;12,95;34,60;0,27;9,18;3,77
07,10.2019 15:45:02;33.3;0.42;289.9;77.67921129771432;283.63;Module 1,1_10;81.74;13,99;34,95;0,30;10,34;3,65
07,10.2019 15:46:57;33.5;0.43;289.9;79.04505317339172;283.67;Module 1,1_10;83.19;14,40;34,99;0,30;10,58;3,82
07,10.2019 15:48:52;33.4;0.42;289.9;75.38437831055414;283.7;Module 1,1_10;79.35;14,03;34,86;0,28;9,92;4,11
07,10.2019 15:50:46;32.7;0.39;289.9;69.43536102196364;283.71;Module 1,1_10;73.1;12,75;34,60;0,26;8,86;3,89
07,10.2019 15:52:42;32.9;0.38;289.9;66.81168063148091;283.66;Module 1,1_10;70.35;12,50;34,48;0,24;8,39;4,11
07,10.2019 15:54:40;33.3;0.42;289.9;73.37975568744523;283.61;Module 1,1_10;77.28;13,99;34,77;0,28;9,56;4,42
07,10.2019 15:56:42;33.2;0.43;289.9;77.26722257509809;283.57;Module 1,1_10;81.39;14,28;34,93;0,29;10,26;4,01
07,10.2019 15:58:35;33.2;0.4;289.9;72.82960846657336;283.53;Module 1,1_10;76.73;13,28;34,75;0,27;9,46;3,82
07,10.2019 16:00:34;32.8;0.35;289.9;64.98568496019746;283.53;Module 1,1_10;68.48;11,48;34,38;0,23;8,07;3,41
07,10.2019 16:02:27;32.7;0.36;289.9;62.9896694150646;283.52;Module 1,1_10;66.39;11,77;34,27;0,23;7,71;4,06
07,10.2019 16:04:28;33;0.32;289.9;57.77747255321593;283.47;Module 1,1_10;60.91;10,56;33,95;0,20;6,80;3,76
07,10.2019 16:06:35;32.3;0.29;289.9;51.67512363573661;283.43;Module 1,1_10;54.49;9,37;33,46;0,17;5,73;3,63
07,10.2019 16:08:54;32.3;0.27;289.9;48.883015228341584;283.4;Module 1,1_10;51.56;8,72;33,19;0,16;5,25;3,47
07,10.2019 16:10:46;32.6;0.26;289.9;47.25092856374083;283.38;Module 1,1_10;49.85;8,48;33,00;0,15;4,98;3,50
07,10.2019 16:12:30;32.7;0.28;289.9;50.500454105152485;283.34;Module 1,1_10;53.29;9,16;33,35;0,17;5,53;3,62
07,10.2019 16:14:24;32.7;0.28;289.9;51.04686639105159;283.29;Module 1,1_10;53.88;9,16;33,41;0,17;5,63;3,53
07,10.2019 16:16:16;32.9;0.3;289.9;53.638732318137144;283.25;Module 1,1_10;56.63;9,87;33,63;0,18;6,07;3,80
07,10.2019 16:18:12;32.7;0.35;289.9;63.491212623991316;283.26;Module 1,1_10;67.05;11,45;34,30;0,23;7,80;3,64
07,10.2019 16:20:07;33.9;0.38;289.9;69.53233218640187;283.28;Module 1,1_10;73.45;12,88;34,61;0,26;8,88;4,01
07,10.2019 16:22:11;33.5;0.38;289.9;69.22704659146864;283.28;Module 1,1_10;73.15;12,73;34,59;0,25;8,82;3,91
07,10.2019 16:24:03;33.4;0.36;289.9;66.71895442207672;283.25;Module 1,1_10;70.52;12,02;34,47;0,24;8,37;3,65
07,10.2019 16:25:57;33.3;0.38;289.9;68.43917443369294;283.27;Module 1,1_10;72.36;12,65;34,55;0,25;8,68;3,97
07,10.2019 16:27:52;33.3;0.4;289.9;73.78828839070431;283.3;Module 1,1_10;78.04;13,32;34,79;0,28;9,64;3,68
07,10.2019 16:29:47;33.3;0.4;289.9;70.09702265294328;283.29;Module 1,1_10;74.16;13,32;34,63;0,26;8,98;4,34
07,10.2019 16:31:44;32.7;0.35;289.9;62.69363791415871;283.3;Module 1,1_10;66.35;11,45;34,26;0,22;7,66;3,78
07,10.2019 16:33:37;32.9;0.35;289.9;61.520077372351494;283.32;Module 1,1_10;65.13;11,51;34,19;0,22;7,45;4,06
07,10.2019 16:35:36;32.7;0.36;289.9;64.11300355366981;283.35;Module 1,1_10;67.9;11,77;34,34;0,23;7,91;3,86
07,10.2019 16:37:29;32.8;0.34;289.9;62.86289382377449;283.32;Module 1,1_10;66.6;11,15;34,27;0,22;7,69;3,46
07,10.2019 16:39:22;32.8;0.34;289.9;62.39612645026827;283.32;Module 1,1_10;66.13;11,15;34,24;0,22;7,61;3,54
07,10.2019 16:41:16;32.7;0.34;289.9;61.59866344930669;283.3;Module 1,1_10;65.31;11,12;34,20;0,22;7,47;3,65
07,10.2019 16:43:08;32.7;0.32;289.9;58.340783536592554;283.3;Module 1,1_10;61.88;10,46;33,98;0,20;6,90;3,57
07,10.2019 16:45:03;32.5;0.32;289.9;58.13760081426548;283.29;Module 1,1_10;61.69;10,40;33,97;0,20;6,86;3,54
07,10.2019 16:46:58;33.4;0.34;289.9;62.6627261968451;283.29;Module 1,1_10;66.52;11,36;34,26;0,22;7,66;3,70
07,10.2019 16:48:42;33.4;0.37;289.9;68.118164404667;283.3;Module 1,1_10;72.34;12,36;34,54;0,25;8,62;3,73
07,10.2019 16:51:22;33.3;0.36;289.9;67.67976468487188;283.31;Module 1,1_10;71.92;11,99;34,52;0,25;8,55;3,44
07,10.2019 16:53:29;33.3;0.38;289.9;69.29032854796752;283.36;Module 1,1_10;73.67;12,65;34,59;0,26;8,83;3,82
07,10.2019 16:55:21;32.8;0.39;289.9;69.77436010774508;283.39;Module 1,1_10;74.22;12,79;34,62;0,26;8,92;3,87
07,10.2019 16:57:15;32.9;0.39;289.9;71.87240645965116;283.4;Module 1,1_10;76.49;12,83;34,71;0,27;9,29;3,54
07,10.2019 16:59:07;33.3;0.38;289.9;70.55870008521653;283.39;Module 1,1_10;75.13;12,65;34,66;0,26;9,06;3,60
07,10.2019 17:01:00;32.7;0.36;289.9;65.46207473992368;283.4;Module 1,1_10;69.74;11,77;34,41;0,24;8,15;3,62
07,10.2019 17:02:52;32.8;0.36;289.9;65.18280674927597;283.41;Module 1,1_10;69.48;11,81;34,39;0,24;8,10;3,71
07,10.2019 17:04:45;33.2;0.38;289.9;68.91540799147941;283.43;Module 1,1_10;73.5;12,62;34,58;0,25;8,77;3,85
07,10.2019 17:06:53;33.3;0.35;289.9;65.44992510578608;283.46;Module 1,1_10;69.85;11,65;34,41;0,24;8,15;3,51
07,10.2019 17:08:36;33.5;0.34;289.9;61.53698238625953;283.47;Module 1,1_10;65.71;11,39;34,19;0,22;7,46;3,93
07,10.2019 17:10:31;32.8;0.31;289.9;57.06197071962889;283.45;Module 1,1_10;60.97;10,17;33,90;0,20;6,67;3,50
07,10.2019 17:12:24;32.6;0.31;289.9;56.0246330668259;283.46;Module 1,1_10;59.9;10,11;33,82;0,19;6,49;3,62
07,10.2019 17:14:17;32.6;0.31;289.9;56.454880578566815;283.49;Module 1,1_10;60.4;10,11;33,85;0,19;6,57;3,54
07,10.2019 17:16:13;32.3;0.31;289.9;55.780066312815755;283.49;Module 1,1_10;59.72;10,01;33,80;0,19;6,45;3,57
07,10.2019 17:18:06;32.6;0.29;289.9;52.660463280707006;283.49;Module 1,1_10;56.42;9,45;33,55;0,18;5,91;3,55
07,10.2019 17:20:05;32.4;0.25;289.9;45.177312935706816;283.5;Module 1,1_10;48.44;8,10;32,74;0,14;4,62;3,48
07,10.2019 17:22:03;31.8;0.24;289.9;42.51351365993851;283.43;Module 1,1_10;45.62;7,63;32,34;0,13;4,18;3,46
07,10.2019 17:23:57;31.9;0.23;289.9;42.74050448509862;283.35;Module 1,1_10;45.9;7,34;32,38;0,13;4,21;3,12
07,10.2019 17:25:53;32;0.24;289.9;43.42115722582607;283.31;Module 1,1_10;46.67;7,68;32,48;0,13;4,33;3,35
07,10.2019 17:27:46;32.1;0.22;289.9;39.489477733773654;283.28;Module 1,1_10;42.48;7,06;31,77;0,12;3,67;3,39
07,10.2019 17:29:38;32;0.2;289.9;36.08373203465736;283.25;Module 1,1_10;38.85;6,40;30,85;0,10;3,12;3,28
07,10.2019 17:31:31;31.7;0.18;288.4;31.986606429075763;283.21;Module 1,1_10;34.47;5,71;29,20;0,09;2,48;3,22
07,10.2019 17:33:24;31.5;0.18;288.4;32.74459231073091;283.2;Module 1,1_10;35.32;5,67;29,62;0,09;2,60;3,07
07,10.2019 17:35:17;31.6;0.18;287.4;32.74048917039076;283.19;Module 1,1_10;35.35;5,69;29,70;0,09;2,60;3,09
07,10.2019 17:37:17;31.5;0.18;287.4;33.417710185430614;283.16;Module 1,1_10;36.12;5,67;30,05;0,09;2,70;2,97
07,10.2019 17:39:11;31.6;0.18;287.4;32.864704762831195;283.12;Module 1,1_10;35.56;5,69;29,77;0,09;2,62;3,07
07,10.2019 17:41:04;32;0.18;287.4;33.41965093425346;283.14;Module 1,1_10;36.2;5,76;30,05;0,09;2,70;3,06
07,10.2019 17:43:02;31.8;0.17;287.4;32.522453888076605;283.11;Module 1,1_10;35.27;5,41;29,58;0,09;2,57;2,84
07,10.2019 17:44:54;31.6;0.2;287.4;36.868407673275115;283.1;Module 1,1_10;40.03;6,32;31,42;0,10;3,25;3,07
07,10.2019 17:46:47;32.3;0.23;287.4;41.57890274711352;283.12;Module 1,1_10;45.2;7,43;32,56;0,12;4,03;3,40
07,10.2019 17:48:39;32.7;0.26;287.4;49.84979228940092;283.17;Module 1,1_10;54.26;8,50;33,71;0,16;5,45;3,05
07,10.2019 17:50:36;32.8;0.3;287.4;56.01049038996383;283.2;Module 1,1_10;61.05;9,84;34,25;0,19;6,53;3,31
07,10.2019 17:52:35;32.5;0.37;287.4;67.80115365941062;283.24;Module 1,1_10;74.01;12,03;34,97;0,25;8,63;3,39
07,10.2019 17:54:31;34.5;0.48;289.9;91.33685249336393;283.33;Module 1,1_10;99.85;16,56;35,38;0,36;12,81;3,75
07,10.2019 17:56:25;34.8;0.5;289.9;94.53974164977235;283.4;Module 1,1_10;103.51;17,40;35,46;0,38;13,39;4,01
07,10.2019 17:58:18;34.7;0.55;289.9;104.54822445192188;283.52;Module 1,1_10;114.65;19,09;35,70;0,43;15,22;3,86
07,10.2019 18:00:11;34.9;0.54;289.9;101.0519914146204;283.65;Module 1,1_10;111;18,85;35,63;0,41;14,58;4,27
07,10.2019 18:02:03;34.6;0.5;289.9;96.41602923411246;283.75;Module 1,1_10;106.09;17,30;35,51;0,39;13,73;3,57
07,10.2019 18:04:18;34.9;0.54;290.4;104.82095057825734;283.8;Module 1,1_10;115.59;18,85;35,62;0,43;15,24;3,60
07,10.2019 18:06:19;34.6;0.44;290.4;79.93573599466247;283.84;Module 1,1_10;88.33;15,22;34,94;0,31;10,72;4,50
07,10.2019 18:08:11;33.1;0.32;289.9;59.824983280639174;283.87;Module 1,1_10;66.24;10,59;34,09;0,21;7,16;3,44
07,10.2019 18:10:05;32.1;0.23;289.9;42.12311357917176;283.85;Module 1,1_10;46.74;7,38;32,27;0,13;4,11;3,27
07,10.2019 18:12:04;31.7;0.18;289.9;32.76328013339048;283.76;Module 1,1_10;36.44;5,71;29,50;0,09;2,60;3,10
07,10.2019 18:13:57;31.4;0.14;289.9;26.147129746392952;283.67;Module 1,1_10;29.15;4,40;24,63;0,07;1,67;2,73
07,10.2019 18:15:52;31.6;0.1;289.9;18.556499325625254;283.59;Module 1,1_10;20.74;3,16;17,53;0,05;0,84;2,32
07,10.2019 18:17:48;31.8;0.07;288.4;13.616695495412046;283.46;Module 1,1_10;15.26;2,23;12,86;0,04;0,45;1,77
07,10.2019 18:19:52;31.4;0;288.4;11.475744736247293;283.35;Module 1,1_10;12.9;0,00;10,84;0,03;0,32;-0,32
07,10.2019 18:21:49;31.6;0;288.4;9.09933771554136;283.27;Module 1,1_10;10.26;0,00;8,59;0,02;0,20;-0,20
07,10.2019 18:23:41;32.2;0;288.4;8.938500993235014;283.21;Module 1,1_10;10.11;0,00;8,45;0,02;0,19;-0,19
07,10.2019 18:25:26;30.6;0;288.4;9.704249468855343;283.17;Module 1,1_10;11.01;0,00;9,16;0,03;0,23;-0,23
07,10.2019 18:27:19;30.8;0;287.4;9.195871089878782;283.1;Module 1,1_10;10.47;0,00;8,68;0,02;0,21;-0,21
07,10.2019 18:29:12;30.2;0;287.4;9.170223437196112;283.04;Module 1,1_10;10.48;0,00;8,66;0,02;0,21;-0,21
07,10.2019 18:31:05;30.6;0;287.4;9.255647213519797;283;Module 1,1_10;10.62;0,00;8,73;0,02;0,21;-0,21
07,10.2019 18:33:05;31.4;0;287.4;8.09447284983801;282.94;Module 1,1_10;9.33;0,00;7,64;0,02;0,16;-0,16
07,10.2019 18:34:59;30.8;0;287.4;8.359241182423164;282.92;Module 1,1_10;9.68;0,00;7,89;0,02;0,17;-0,17
07,10.2019 18:36:52;31.3;0;287.4;7.690745154926864;282.89;Module 1,1_10;8.95;0,00;7,26;0,02;0,14;-0,14
07,10.2019 18:38:45;30.4;0;287.4;7.29094601835477;282.86;Module 1,1_10;8.53;0,00;6,88;0,02;0,13;-0,13
07,10.2019 18:40:57;29;0;285.9;7.038112204045417;282.82;Module 1,1_10;8.29;0,00;6,64;0,02;0,12;-0,12
07,10.2019 18:42:50;28.7;0;285.9;6.799848328447142;282.78;Module 1,1_10;8.06;0,00;6,41;0,02;0,11;-0,11
07,10.2019 18:44:42;29.5;0;285.9;7.197971548807218;282.77;Module 1,1_10;8.59;0,00;6,79;0,02;0,13;-0,13
07,10.2019 18:46:36;28.8;0;286.4;7.909087167776446;282.74;Module 1,1_10;9.51;0,00;7,46;0,02;0,15;-0,15
07,10.2019 18:48:36;29.9;0;286.4;8.17030168968207;282.71;Module 1,1_10;9.91;0,00;7,71;0,02;0,16;-0,16
07,10.2019 18:50:29;29.5;0;286.4;8.088608476791922;282.69;Module 1,1_10;9.9;0,00;7,63;0,02;0,16;-0,16
07,10.2019 18:52:25;31.4;0;286.4;8.175840926005769;282.68;Module 1,1_10;10.11;0,00;7,72;0,02;0,16;-0,16
07,10.2019 18:54:18;31.6;0;286.4;8.373376395291672;282.69;Module 1,1_10;10.47;0,00;7,90;0,02;0,17;-0,17
07,10.2019 18:56:16;33.5;0;286.4;9.133639139769354;282.69;Module 1,1_10;11.57;0,00;8,62;0,02;0,20;-0,20
07,10.2019 18:58:09;35.3;0;286.4;10.174104549944365;282.71;Module 1,1_10;13.07;0,00;9,60;0,03;0,25;-0,25
07,10.2019 19:00:03;36.1;0;286.4;11.429546316105792;282.7;Module 1,1_10;14.92;0,00;10,79;0,03;0,32;-0,32
07,10.2019 19:01:56;36.6;0;288.4;12.788740713719813;282.71;Module 1,1_10;17;0,00;12,08;0,03;0,40;-0,40
07,10.2019 19:03:51;36.7;0;288.4;12.673689763170763;282.71;Module 1,1_10;17.21;0,00;11,97;0,03;0,39;-0,39
07,10.2019 19:05:45;36.9;0;289.9;13.162305443236605;282.7;Module 1,1_10;18.32;0,00;12,44;0,03;0,42;-0,42
07,10.2019 19:07:49;36.1;0;289.9;13.909945552628589;282.69;Module 1,1_10;19.99;0,00;13,15;0,04;0,47;-0,47
07,10.2019 19:09:42;37.1;0;289.9;13.501378956615369;282.67;Module 1,1_10;20.1;0,00;12,76;0,03;0,45;-0,45
07,10.2019 19:11:37;36.5;0;289.9;12.55940347790008;282.66;Module 1,1_10;19.54;0,00;11,87;0,03;0,39;-0,39
07,10.2019 19:13:30;37;0;289.9;11.681316707456645;282.64;Module 1,1_10;19.19;0,00;11,04;0,03;0,33;-0,33
07,10.2019 19:15:25;37.1;0;289.9;10.770089193056656;282.6;Module 1,1_10;19.01;0,00;10,18;0,03;0,28;-0,28
07,10.2019 19:17:18;37.1;0;289.9;10.413678118282235;282.55;Module 1,1_10;20.22;0,00;9,84;0,03;0,26;-0,26
07,10.2019 19:19:11;37.1;0;289.9;9.809310416433318;282.49;Module 1,1_10;21.83;0,00;9,27;0,03;0,24;-0,24
07,10.2019 19:21:04;37.2;0;289.9;7.970986554218035;282.41;Module 1,1_10;21.97;0,00;7,53;0,02;0,16;-0,16
07,10.2019 19:23:15;37.2;0;289.9;4.161930014443697;282.32;Module 1,1_10;18.89;0,00;3,93;0,01;0,04;-0,04
07,10.2019 19:25:09;37.2;0;289.9;2.9931467562522096;282.21;Module 1,1_10;15.58;0,00;2,83;0,01;0,02;-0,02
07,10.2019 19:27:02;36.3;0;289.9;2.441777616942592;282.07;Module 1,1_10;12.71;0,00;2,30;0,01;0,01;-0,01
07,10.2019 19:28:54;36.5;0;289.9;2.3245876605039624;281.96;Module 1,1_10;12.1;0,00;2,20;0,01;0,01;-0,01
07,10.2019 19:30:49;36.1;0;289.9;1.9365160014776812;281.86;Module 1,1_10;10.08;0,00;1,83;0,01;0,01;-0,01
07,10.2019 19:32:42;35.2;0;289.9;1.4677561757231632;281.77;Module 1,1_10;7.64;0,00;1,39;0,00;0,01;-0,01
07,10.2019 19:34:25;34.8;0;287.4;0.0001;281.68;Module 1,1_10;6.03;0,00;0,00;0,00;0,00;0,00
07,10.2019 19:36:18;33.4;0;287.4;0.0001;281.6;Module 1,1_10;4.66;0,00;0,00;0,00;0,00;0,00
07,10.2019 19:38:11;33.1;0;287.4;0.0001;281.5;Module 1,1_10;3.45;0,00;0,00;0,00;0,00;0,00
07,10.2019 19:40:05;32;0;286.4;0.0001;281.42;Module 1,1_10;2.55;0,00;0,00;0,00;0,00;0,00
07,10.2019 19:42:06;30.3;0;286.4;0.0001;281.33;Module 1,1_10;1.84;0,00;0,00;0,00;0,00;0,00
07,10.2019 19:43:58;28.7;0;284.4;0.0001;281.28;Module 1,1_10;1.39;0,00;0,00;0,00;0,00;0,00
07,10.2019 19:45:53;27.6;0;284.4;0.0001;281.25;Module 1,1_10;1.27;0,00;0,00;0,00;0,00;0,00
07,10.2019 19:47:45;27.6;0;284.4;0.0001;281.19;Module 1,1_10;0.56;0,00;0,00;0,00;0,00;0,00
08,10.2019 08:50:44;29.6;0.09;282.4;13.672132809088257;282.63;Module 1,1_10;17.72;2,66;12,88;0,04;0,45;2,21
08,10.2019 08:52:45;29.5;0.1;282.4;15.543524152508745;282.69;Module 1,1_10;19.95;2,95;14,64;0,04;0,59;2,36
08,10.2019 08:54:38;29.5;0.11;283.9;17.458967186033867;282.73;Module 1,1_10;22.22;3,25;16,46;0,05;0,74;2,50
08,10.2019 08:56:31;29.5;0.13;283.9;20.29753334880771;282.78;Module 1,1_10;25.63;3,83;19,13;0,05;1,00;2,83
08,10.2019 08:58:24;30.6;0.17;283.9;26.518708892890857;282.83;Module 1,1_10;33.24;5,20;24,95;0,07;1,71;3,49
08,10.2019 09:00:17;31.9;0.17;285.9;26.388892940399014;282.89;Module 1,1_10;32.85;5,42;24,84;0,07;1,70;3,73
08,10.2019 09:02:09;32.2;0.15;285.9;24.22223671503325;282.95;Module 1,1_10;29.96;4,83;22,84;0,06;1,43;3,40
08,10.2019 09:04:02;32;0.14;285.9;23.410359431752298;282.99;Module 1,1_10;28.78;4,48;22,08;0,06;1,33;3,15
08,10.2019 09:05:55;32;0.15;286.4;25.43489264837826;283.03;Module 1,1_10;31.09;4,80;23,97;0,07;1,58;3,22
08,10.2019 09:08:08;32.1;0.19;286.4;30.874134048318876;283.09;Module 1,1_10;37.5;6,10;28,59;0,08;2,32;3,78
08,10.2019 09:10:02;32;0.23;286.4;36.32858252071418;283.16;Module 1,1_10;43.9;7,36;31,37;0,10;3,17;4,19
08,10.2019 09:11:56;31.8;0.25;286.4;39.99730328117135;283.24;Module 1,1_10;48.1;7,95;32,39;0,12;3,77;4,18
08,10.2019 09:13:49;33;0.26;286.4;41.95889131508375;283.31;Module 1,1_10;50.23;8,58;32,79;0,13;4,10;4,48
08,10.2019 09:15:56;32.7;0.28;287.4;45.3520914767703;283.39;Module 1,1_10;54.03;9,16;33,17;0,14;4,67;4,48
08,10.2019 09:17:50;33.1;0.29;287.4;46.171312531953205;283.43;Module 1,1_10;54.78;9,60;33,28;0,14;4,81;4,79
08,10.2019 09:19:48;32.5;0.27;287.4;44.29387427739397;283.44;Module 1,1_10;52.34;8,78;33,02;0,14;4,49;4,28
08,10.2019 09:21:43;32.5;0.23;287.4;37.63103205628828;283.45;Module 1,1_10;44.3;7,48;31,65;0,11;3,38;4,10
08,10.2019 09:24:02;32;0.19;287.4;30.883277386702634;283.46;Module 1,1_10;36.2;6,08;28,55;0,08;2,32;3,76
08,10.2019 09:25:55;32;0.15;287.4;27.43402840868363;283.44;Module 1,1_10;32.05;4,80;25,78;0,07;1,83;2,97
08,10.2019 09:27:49;32;0.15;287.4;27.17884711592874;283.43;Module 1,1_10;31.65;4,80;25,55;0,07;1,80;3,00
08,10.2019 09:29:49;32;0.17;287.4;30.583709908610047;283.44;Module 1,1_10;35.5;5,44;28,34;0,08;2,28;3,16
08,10.2019 09:31:42;32;0.2;287.4;36.401475088805434;283.44;Module 1,1_10;42.13;6,40;31,27;0,10;3,18;3,22
08,10.2019 09:33:35;32.2;0.23;287.4;41.82334770531354;283.47;Module 1,1_10;48.27;7,41;32,61;0,12;4,07;3,33
08,10.2019 09:35:31;32.7;0.27;287.4;48.880632673963255;283.51;Module 1,1_10;56.26;8,83;33,60;0,16;5,28;3,55
08,10.2019 09:37:27;32.9;0.27;287.4;47.54643778089445;283.57;Module 1,1_10;54.58;8,88;33,45;0,15;5,05;3,83
08,10.2019 09:39:23;33.1;0.24;287.4;43.09963157025379;283.6;Module 1,1_10;49.35;7,94;32,83;0,13;4,29;3,66
08,10.2019 09:41:16;32.2;0.21;287.4;36.750317589129004;283.65;Module 1,1_10;41.98;6,76;31,38;0,10;3,23;3,53
08,10.2019 09:43:09;32.3;0.19;287.4;33.84247862585166;283.67;Module 1,1_10;38.57;6,14;30,26;0,09;2,77;3,37
08,10.2019 09:45:09;32;0.19;287.4;33.81618125893059;283.69;Module 1,1_10;38.45;6,08;30,25;0,09;2,77;3,31
08,10.2019 09:47:03;31.5;0.2;287.4;34.24995952783992;283.71;Module 1,1_10;38.86;6,30;30,45;0,09;2,83;3,47
08,10.2019 09:48:56;31.9;0.21;287.4;35.9451185124751;283.75;Module 1,1_10;40.7;6,70;31,12;0,10;3,10;3,60
08,10.2019 09:51:05;31.7;0.2;287.4;34.40617905906045;283.77;Module 1,1_10;38.87;6,34;30,52;0,09;2,86;3,48
08,10.2019 09:53:03;32.1;0.22;287.4;39.9288930616979;283.71;Module 1,1_10;45.02;7,06;32,23;0,12;3,76;3,31
08,10.2019 09:54:48;32;0.26;287.4;46.997768559749424;283.65;Module 1,1_10;52.9;8,32;33,38;0,15;4,95;3,37
08,10.2019 09:56:41;32.9;0.3;287.4;52.43017909862899;283.59;Module 1,1_10;58.91;9,87;33,96;0,17;5,90;3,97
08,10.2019 09:58:34;32.8;0.32;287.4;56.032918553185766;283.6;Module 1,1_10;62.85;10,50;34,26;0,19;6,53;3,96
08,10.2019 10:00:32;33.3;0.32;287.4;54.98702503881397;283.59;Module 1,1_10;61.57;10,66;34,17;0,19;6,35;4,31
08,10.2019 10:02:30;32.7;0.26;287.4;45.14052214734728;283.59;Module 1,1_10;50.46;8,50;33,14;0,14;4,64;3,87
08,10.2019 10:04:25;32.2;0.23;287.4;42.38959238439732;283.58;Module 1,1_10;47.31;7,41;32,71;0,13;4,17;3,24
08,10.2019 10:06:18;32.7;0.27;287.4;47.20044970880991;283.6;Module 1,1_10;52.6;8,83;33,41;0,15;4,99;3,84
08,10.2019 10:08:11;32.9;0.37;287.4;63.67894002838784;283.66;Module 1,1_10;70.86;12,17;34,75;0,23;7,89;4,28
08,10.2019 10:10:04;33.6;0.46;287.4;79.6530381651414;283.76;Module 1,1_10;88.51;15,46;35,46;0,30;10,78;4,67
08,10.2019 10:11:56;34.8;0.52;287.4;89.25090026398689;283.86;Module 1,1_10;99.04;18,10;35,77;0,35;12,54;5,56
08,10.2019 10:13:49;35;0.53;287.4;93.13302088976694;284;Module 1,1_10;103.21;18,55;35,88;0,37;13,25;5,30
08,10.2019 10:15:42;35;0.54;289.9;93.53398502231693;284.13;Module 1,1_10;103.52;18,90;35,44;0,37;13,21;5,69
08,10.2019 10:17:36;34.7;0.51;289.9;89.37379527529994;284.26;Module 1,1_10;98.79;17,70;35,32;0,35;12,45;5,25
08,10.2019 10:19:53;34.6;0.45;289.9;80.98954539688688;284.39;Module 1,1_10;89.39;15,57;35,06;0,31;10,93;4,64
08,10.2019 10:21:46;34.4;0.41;289.9;73.28441411138525;284.43;Module 1,1_10;80.79;14,10;34,77;0,27;9,55;4,56
08,10.2019 10:23:39;33.1;0.37;289.9;65.03207783551838;284.48;Module 1,1_10;71.61;12,25;34,38;0,23;8,08;4,17
08,10.2019 10:25:47;33;0.37;289.9;64.42342893252602;284.54;Module 1,1_10;70.85;12,21;34,35;0,23;7,97;4,24
08,10.2019 10:27:40;33;0.38;289.9;67.44276063676124;284.58;Module 1,1_10;74.09;12,54;34,51;0,25;8,50;4,04
08,10.2019 10:29:35;33.3;0.37;289.9;66.46742342179279;284.62;Module 1,1_10;72.94;12,32;34,46;0,24;8,33;3,99
08,10.2019 10:31:28;32.6;0.34;289.9;59.73999807345671;284.64;Module 1,1_10;65.49;11,08;34,08;0,21;7,14;3,94
08,10.2019 10:33:21;32.5;0.32;289.9;57.77282943173708;284.66;Module 1,1_10;63.27;10,40;33,95;0,20;6,80;3,60
08,10.2019 10:35:21;32.7;0.4;289.9;70.1543474138915;284.71;Module 1,1_10;76.75;13,08;34,63;0,26;8,99;4,09
08,10.2019 10:37:14;33.2;0.48;289.9;85.62857842088184;284.73;Module 1,1_10;93.59;15,94;35,21;0,33;11,77;4,17
08,10.2019 10:39:07;33.6;0.51;289.9;90.65324624202125;284.77;Module 1,1_10;98.99;17,14;35,36;0,36;12,68;4,45
08,10.2019 10:41:07;34.4;0.44;289.9;78.77785849708462;284.85;Module 1,1_10;85.94;15,14;34,98;0,30;10,53;4,60
08,10.2019 10:43:00;33.7;0.41;289.9;72.113059363048;284.92;Module 1,1_10;78.6;13,82;34,72;0,27;9,34;4,48
08,10.2019 10:44:54;33.6;0.4;290.4;70.05441565050613;285;Module 1,1_10;76.29;13,44;34,54;0,26;8,95;4,49
08,10.2019 10:46:47;32.5;0.41;290.4;72.63134462169684;285.03;Module 1,1_10;79.03;13,32;34,66;0,27;9,41;3,91
08,10.2019 10:49:15;33.5;0.48;290.4;86.59203340611131;285.04;Module 1,1_10;94.12;16,08;35,15;0,34;11,92;4,16
08,10.2019 10:51:08;34;0.55;290.4;99.50519135055345;285.06;Module 1,1_10;108.07;18,70;35,50;0,40;14,27;4,43
08,10.2019 10:53:01;34.2;0.61;290.4;109.84740240553083;285.14;Module 1,1_10;119.21;20,86;35,72;0,45;16,16;4,70
08,10.2019 10:55:02;34.6;0.59;291.9;104.64292212488704;285.24;Module 1,1_10;113.47;20,41;35,34;0,43;15,12;5,29
08,10.2019 10:57:00;34.6;0.54;291.9;97.11873736942648;285.34;Module 1,1_10;105.23;18,68;35,17;0,39;13,76;4,93
08,10.2019 10:59:03;34.3;0.44;291.9;76.61613075893952;285.42;Module 1,1_10;82.95;15,09;34,55;0,29;10,08;5,02
08,10.2019 11:00:55;32.8;0.37;291.9;66.23435004001547;285.43;Module 1,1_10;71.66;12,14;34,09;0,24;8,24;3,90
08,10.2019 11:02:53;33;0.41;291.9;73.04326962985367;285.44;Module 1,1_10;78.97;13,53;34,41;0,27;9,44;4,09
08,10.2019 11:04:48;33.3;0.57;291.9;101.49003712404786;285.48;Module 1,1_10;109.65;18,98;35,27;0,41;14,55;4,43
08,10.2019 11:06:41;34.6;0.51;291.9;94.69360928617039;285.5;Module 1,1_10;102.24;17,65;35,11;0,38;13,32;4,33
08,10.2019 11:08:33;33.6;0.5;291.9;92.49254605901781;285.56;Module 1,1_10;99.8;16,80;35,05;0,37;12,92;3,88
08,10.2019 11:10:26;33.5;0.56;291.9;101.74081088850605;285.58;Module 1,1_10;109.71;18,76;35,28;0,41;14,60;4,16
08,10.2019 11:12:26;34.1;0.68;291.9;124.31036647621033;285.62;Module 1,1_10;133.96;23,19;35,71;0,52;18,71;4,48
08,10.2019 11:14:19;34.2;0.7;291.9;124.47789147774978;285.72;Module 1,1_10;134.06;23,94;35,71;0,52;18,74;5,20
08,10.2019 11:16:14;34.6;0.58;291.9;104.53998482822894;285.8;Module 1,1_10;112.52;20,07;35,34;0,43;15,10;4,96
08,10.2019 11:17:57;34.4;0.54;291.9;99.57518255959447;285.82;Module 1,1_10;107.12;18,58;35,23;0,40;14,20;4,37
08,10.2019 11:20:31;34;0.67;292.4;119.98733910338143;285.82;Module 1,1_10;128.98;22,78;35,55;0,50;17,88;4,90
08,10.2019 11:22:25;35.1;0.88;292.4;158.43957426802976;285.88;Module 1,1_10;170.22;30,89;36,07;0,69;24,94;5,94
08,10.2019 11:24:18;35;0.78;292.4;141.9010135392062;285.95;Module 1,1_10;152.37;27,30;35,88;0,61;21,90;5,40
08,10.2019 11:26:11;34.4;0.56;292.4;99.79381488384216;286.01;Module 1,1_10;107.1;19,26;35,15;0,40;14,21;5,05
08,10.2019 11:28:09;33.7;0.51;292.4;90.02116182137458;285.95;Module 1,1_10;96.56;17,19;34,89;0,36;12,45;4,73
08,10.2019 11:30:02;33.5;0.53;292.4;93.72287974428617;285.94;Module 1,1_10;100.48;17,76;34,99;0,37;13,12;4,64
08,10.2019 11:31:55;33.6;0.52;292.4;92.7705755835371;285.99;Module 1,1_10;99.41;17,47;34,97;0,37;12,95;4,52
08,10.2019 11:34:02;33.4;0.52;292.4;92.13928653253163;286.02;Module 1,1_10;98.68;17,37;34,95;0,37;12,83;4,53
08,10.2019 11:35:57;33.3;0.5;292.4;89.06344884992572;286.03;Module 1,1_10;95.34;16,65;34,87;0,35;12,28;4,37
08,10.2019 11:37:55;33.7;0.53;292.4;94.0879674375432;286.03;Module 1,1_10;100.67;17,86;35,01;0,38;13,19;4,68
08,10.2019 11:39:52;33.7;0.58;292.4;103.90340921704325;286.04;Module 1,1_10;111.12;19,55;35,23;0,42;14,96;4,59
08,10.2019 11:41:45;34;0.58;292.4;101.88210600653784;286.08;Module 1,1_10;108.91;19,72;35,20;0,41;14,59;5,13
08,10.2019 11:43:38;33.7;0.56;292.4;98.63210819708222;286.03;Module 1,1_10;105.39;18,87;35,12;0,40;14,01;4,87
08,10.2019 11:45:30;33.7;0.55;292.4;98.37415879999902;286.03;Module 1,1_10;105.07;18,54;35,11;0,40;13,96;4,58
08,10.2019 11:47:26;33.3;0.48;292.4;85.49023203568122;286.05;Module 1,1_10;91.27;15,98;34,76;0,33;11,64;4,34
08,10.2019 11:49:19;33.2;0.48;292.4;84.97235652046474;286;Module 1,1_10;90.68;15,94;34,74;0,33;11,55;4,39
08,10.2019 11:51:59;33.3;0.5;292.4;90.75846918774053;285.94;Module 1,1_10;96.8;16,65;34,91;0,36;12,59;4,06
08,10.2019 11:53:58;33.8;0.64;292.4;116.28044662560649;285.97;Module 1,1_10;123.97;21,63;35,48;0,48;17,21;4,42
08,10.2019 11:55:51;34.8;0.71;292.4;127.10629344359425;285.98;Module 1,1_10;135.46;24,71;35,66;0,54;19,18;5,52
08,10.2019 11:57:45;34.9;0.72;292.4;127.72692098012516;286;Module 1,1_10;136.07;25,13;35,67;0,54;19,30;5,83
08,10.2019 11:59:41;35;0.75;292.4;130.29168110520698;285.96;Module 1,1_10;138.75;26,25;35,71;0,55;19,77;6,48
08,10.2019 12:01:34;35;0.65;292.4;115.47762262335925;285.89;Module 1,1_10;122.93;22,75;35,47;0,48;17,06;5,69
08,10.2019 12:03:30;34.3;0.47;292.4;81.99972604093523;285.84;Module 1,1_10;87.26;16,12;34,65;0,32;11,02;5,10
08,10.2019 12:05:32;34.2;0.54;292.4;95.82111117416625;285.85;Module 1,1_10;101.93;18,47;35,05;0,39;13,50;4,97
08,10.2019 12:07:50;34.4;0.51;292.4;88.32759358179811;285.78;Module 1,1_10;93.92;17,54;34,84;0,35;12,15;5,39
08,10.2019 12:09:50;34.3;0.42;292.4;72.6850902894267;285.49;Module 1,1_10;77.26;14,41;34,30;0,27;9,36;5,04
08,10.2019 12:11:43;34.2;0.43;292.4;72.8403704351263;285.09;Module 1,1_10;77.4;14,71;34,30;0,27;9,39;5,32
08,10.2019 12:13:36;33.1;0.5;292.4;85.2898208062169;284.81;Module 1,1_10;90.6;16,55;34,76;0,33;11,61;4,94
08,10.2019 12:15:28;33.7;0.51;292.4;86.11655834924775;284.65;Module 1,1_10;91.45;17,19;34,78;0,34;11,75;5,43
08,10.2019 12:17:21;34;0.45;292.4;78.28683958087244;284.49;Module 1,1_10;83.11;15,30;34,52;0,30;10,36;4,94
08,10.2019 12:19:15;34.1;0.36;292.4;56.55389811592038;284.35;Module 1,1_10;60.02;12,28;33,42;0,20;6,54;5,74
08,10.2019 12:21:22;32.5;0.29;290.4;50.63438486248756;284.18;Module 1,1_10;53.72;9,42;33,28;0,17;5,55;3,88
08,10.2019 12:23:24;32.6;0.33;290.4;57.31602540077196;284.05;Module 1,1_10;60.79;10,76;33,83;0,20;6,71;4,05
08,10.2019 12:25:17;32.8;0.3;289.9;51.654551793052036;283.96;Module 1,1_10;54.77;9,84;33,46;0,17;5,73;4,11
08,10.2019 12:27:09;32.9;0.3;289.9;51.59317619412178;283.94;Module 1,1_10;54.69;9,87;33,45;0,17;5,72;4,15
08,10.2019 12:29:04;32.3;0.28;289.9;51.135527209777656;283.89;Module 1,1_10;54.19;9,04;33,41;0,17;5,64;3,40
08,10.2019 12:30:56;32.7;0.36;289.9;66.02450123215745;283.88;Module 1,1_10;69.95;11,77;34,44;0,24;8,25;3,52
08,10.2019 12:32:49;33.2;0.41;289.9;71.6686077355124;283.94;Module 1,1_10;75.91;13,61;34,70;0,27;9,26;4,35
08,10.2019 12:34:57;32.7;0.4;289.9;70.27260883516686;284.04;Module 1,1_10;74.41;13,08;34,64;0,26;9,01;4,07
08,10.2019 12:36:50;33;0.42;289.9;73.49235856346615;284.03;Module 1,1_10;77.8;13,86;34,78;0,28;9,58;4,28
08,10.2019 12:38:47;33.7;0.46;289.9;83.01625356757653;284.06;Module 1,1_10;87.86;15,50;35,13;0,32;11,30;4,20
08,10.2019 12:40:39;34.6;0.49;289.9;89.18840718158047;284.08;Module 1,1_10;94.37;16,95;35,32;0,35;12,42;4,54
08,10.2019 12:42:33;34.4;0.45;289.9;81.34438009946128;284.11;Module 1,1_10;86.05;15,48;35,07;0,31;11,00;4,48
08,10.2019 12:44:28;34.2;0.41;290.4;71.88903462988588;284.13;Module 1,1_10;76.03;14,02;34,63;0,27;9,28;4,74
08,10.2019 12:46:26;34.3;0.48;290.4;88.93888802937371;284.09;Module 1,1_10;94.04;16,46;35,22;0,35;12,35;4,11
08,10.2019 12:48:19;34.6;0.53;290.4;94.92738272532837;284.08;Module 1,1_10;100.35;18,34;35,38;0,38;13,44;4,90
08,10.2019 12:50:16;34.6;0.48;290.4;85.69486974604828;284.1;Module 1,1_10;90.57;16,61;35,13;0,33;11,76;4,85
08,10.2019 12:52:09;34.5;0.47;290.4;82.93050368445476;284.13;Module 1,1_10;87.63;16,21;35,04;0,32;11,26;4,95
08,10.2019 12:54:07;34.3;0.47;290.4;84.05575562839954;284.14;Module 1,1_10;88.8;16,12;35,07;0,33;11,47;4,66
08,10.2019 12:56:02;34.4;0.43;290.4;80.96751585163912;284.17;Module 1,1_10;85.52;14,79;34,97;0,31;10,91;3,88
08,10.2019 12:57:56;34.4;0.48;290.4;90.73716876567178;284.19;Module 1,1_10;95.82;16,51;35,27;0,36;12,68;3,84
08,10.2019 12:59:53;34.8;0.61;290.4;114.0927749192239;284.23;Module 1,1_10;120.46;21,23;35,80;0,47;16,94;4,29
08,10.2019 13:01:54;35;0.64;290.4;116.9576568507023;284.3;Module 1,1_10;123.46;22,40;35,85;0,49;17,47;4,93
08,10.2019 13:03:48;34.9;0.53;291.9;94.92127700899042;284.32;Module 1,1_10;100.18;18,50;35,12;0,38;13,36;5,14
08,10.2019 13:05:41;34.7;0.52;291.9;92.96708321761808;284.32;Module 1,1_10;98.1;18,04;35,06;0,37;13,01;5,04
08,10.2019 13:07:33;34.6;0.46;291.9;83.31520898964602;284.32;Module 1,1_10;87.9;15,92;34,78;0,32;11,27;4,64
08,10.2019 13:09:42;34.7;0.53;291.9;94.00618461030595;284.27;Module 1,1_10;99.16;18,39;35,09;0,38;13,20;5,20
08,10.2019 13:11:39;34.8;0.57;291.9;102.9732484212159;284.28;Module 1,1_10;108.6;19,84;35,30;0,42;14,82;5,02
08,10.2019 13:13:32;34.8;0.6;291.9;110.9654929535192;284.33;Module 1,1_10;117.01;20,88;35,48;0,46;16,27;4,61
08,10.2019 13:15:29;35;0.68;291.9;126.57694963845796;284.41;Module 1,1_10;133.45;23,80;35,75;0,54;19,13;4,67
08,10.2019 13:17:27;35.2;0.74;291.9;136.99451375212544;284.45;Module 1,1_10;144.41;26,05;35,90;0,59;21,04;5,01
08,10.2019 13:19:20;35.1;0.78;291.9;141.3605489702962;284.53;Module 1,1_10;148.99;27,38;35,96;0,61;21,84;5,53
08,10.2019 13:21:13;35.1;0.73;291.9;132.96421532201637;284.57;Module 1,1_10;140.12;25,62;35,84;0,57;20,30;5,32
08,10.2019 13:23:12;35;0.73;291.9;134.08508732729368;284.64;Module 1,1_10;141.28;25,55;35,86;0,57;20,51;5,04
08,10.2019 13:25:23;35;0.72;291.9;132.2176290952096;284.65;Module 1,1_10;139.29;25,20;35,84;0,56;20,16;5,04
08,10.2019 13:27:16;35;0.63;291.9;115.66917677252057;284.69;Module 1,1_10;121.84;22,05;35,56;0,48;17,13;4,92
08,10.2019 13:29:13;34.7;0.53;291.9;96.57175365247036;284.7;Module 1,1_10;101.71;18,39;35,16;0,39;13,66;4,73
08,10.2019 13:31:06;34.4;0.52;291.9;95.62490624323716;284.68;Module 1,1_10;100.7;17,89;35,13;0,38;13,49;4,40
08,10.2019 13:32:59;34.8;0.63;291.9;113.05453380341513;284.66;Module 1,1_10;119.04;21,92;35,52;0,47;16,65;5,27
08,10.2019 13:35:07;34.8;0.68;291.9;123.49914602965437;284.74;Module 1,1_10;130.02;23,66;35,70;0,52;18,56;5,10
08,10.2019 13:37:01;35;0.73;291.9;130.98021317634507;284.83;Module 1,1_10;137.88;25,55;35,81;0,56;19,93;5,62
08,10.2019 13:39:06;35;0.8;291.9;145.07652976073115;284.93;Module 1,1_10;152.7;28,00;36,01;0,63;22,53;5,47
08,10.2019 13:40:59;35.2;0.86;291.9;156.85541363086224;285.01;Module 1,1_10;165.08;30,27;36,14;0,68;24,70;5,57
08,10.2019 13:42:52;35;0.73;291.9;132.81078593351663;285.03;Module 1,1_10;139.76;25,55;35,84;0,57;20,27;5,28
08,10.2019 13:44:46;34.9;0.61;291.9;109.5116393268348;285.01;Module 1,1_10;115.23;21,29;35,45;0,45;16,01;5,28
08,10.2019 13:46:40;34.6;0.54;292.4;98.66806968854456;285.02;Module 1,1_10;103.81;18,68;35,12;0,40;14,01;4,67
08,10.2019 13:48:40;34.6;0.55;292.4;98.84901185041392;284.96;Module 1,1_10;103.99;19,03;35,13;0,40;14,04;4,99
08,10.2019 13:50:33;34.6;0.53;292.4;94.39940138011912;284.88;Module 1,1_10;99.3;18,34;35,02;0,38;13,24;5,10
08,10.2019 13:52:26;34.5;0.51;291.9;89.37823723061356;284.77;Module 1,1_10;94.01;17,59;34,97;0,35;12,36;5,23
08,10.2019 13:54:19;34.5;0.47;291.9;86.17195776808094;284.72;Module 1,1_10;90.63;16,21;34,88;0,34;11,78;4,43
08,10.2019 13:56:19;34.5;0.64;291.9;114.22105474763953;284.75;Module 1,1_10;120.12;22,08;35,54;0,47;16,87;5,21
08,10.2019 13:58:14;34.9;0.62;291.9;111.30096004176795;284.75;Module 1,1_10;117.04;21,64;35,48;0,46;16,33;5,30
08,10.2019 14:00:12;34.7;0.54;291.9;96.92974069653764;284.7;Module 1,1_10;101.92;18,74;35,16;0,39;13,72;5,01
08,10.2019 14:02:05;34.6;0.48;291.9;88.37653340420461;284.67;Module 1,1_10;92.92;16,61;34,94;0,35;12,18;4,43
08,10.2019 14:04:26;34.4;0.48;291.9;87.84158760997428;284.73;Module 1,1_10;92.35;16,51;34,92;0,35;12,08;4,43
08,10.2019 14:06:19;34.4;0.47;291.9;86.46771082841713;284.75;Module 1,1_10;90.9;16,17;34,88;0,34;11,84;4,33
08,10.2019 14:08:11;34.3;0.47;291.9;85.88290676424238;284.74;Module 1,1_10;90.28;16,12;34,86;0,34;11,73;4,39
08,10.2019 14:10:06;34.3;0.42;291.9;75.69876789146393;284.74;Module 1,1_10;79.57;14,41;34,52;0,29;9,91;4,49
08,10.2019 14:11:59;33.4;0.42;291.9;76.2830166280176;284.78;Module 1,1_10;80.18;14,03;34,53;0,29;10,02;4,01
08,10.2019 14:14:00;33.1;0.43;291.9;77.1622632270175;284.82;Module 1,1_10;81.1;14,23;34,57;0,29;10,17;4,06
08,10.2019 14:15:53;33.4;0.41;291.9;72.6175767442581;284.8;Module 1,1_10;76.32;13,69;34,39;0,27;9,37;4,33
08,10.2019 14:17:47;33.1;0.41;291.9;71.12668068502619;284.78;Module 1,1_10;74.75;13,57;34,32;0,27;9,10;4,47
08,10.2019 14:19:59;33.5;0.48;290.4;84.3090049755169;284.83;Module 1,1_10;88.6;16,08;35,08;0,33;11,51;4,57
08,10.2019 14:22:04;33.9;0.59;290.4;104.55273184809218;284.9;Module 1,1_10;109.87;20,00;35,61;0,43;15,19;4,81
08,10.2019 14:23:47;34.9;0.6;290.4;106.12576761836249;285;Module 1,1_10;111.52;20,94;35,64;0,43;15,48;5,46
08,10.2019 14:25:46;34.5;0.52;291.9;93.45266239587149;285.09;Module 1,1_10;98.2;17,94;35,08;0,37;13,10;4,84
08,10.2019 14:27:41;34.4;0.46;291.9;82.91975634077431;285.1;Module 1,1_10;87.13;15,82;34,77;0,32;11,20;4,62
08,10.2019 14:29:36;33.3;0.47;291.9;84.71057889293157;285.11;Module 1,1_10;89.01;15,65;34,83;0,33;11,52;4,13
08,10.2019 14:31:30;33.6;0.53;291.9;95.86599848812696;285.13;Module 1,1_10;100.73;17,81;35,14;0,39;13,53;4,28
08,10.2019 14:33:23;33.7;0.54;291.9;95.58165621581112;285.13;Module 1,1_10;100.43;18,20;35,13;0,38;13,48;4,72
08,10.2019 14:35:24;34.1;0.6;291.9;107.29836810205504;285.11;Module 1,1_10;112.74;20,46;35,40;0,44;15,60;4,86
08,10.2019 14:37:18;34.9;0.48;291.9;86.38922304301352;285.08;Module 1,1_10;90.77;16,75;34,88;0,34;11,82;4,93
08,10.2019 14:39:23;33.3;0.48;291.9;85.04737787038104;285.04;Module 1,1_10;89.36;15,98;34,84;0,33;11,58;4,40
08,10.2019 14:41:16;33.5;0.48;291.9;84.6188687426575;285.03;Module 1,1_10;88.91;16,08;34,82;0,33;11,51;4,57
08,10.2019 14:43:10;34;0.46;291.9;78.22270230508984;285.07;Module 1,1_10;82.19;15,64;34,61;0,30;10,36;5,28
08,10.2019 14:45:03;33.1;0.42;291.9;73.70124756930788;285.08;Module 1,1_10;77.44;13,90;34,43;0,28;9,56;4,34
08,10.2019 14:46:55;32.7;0.38;291.9;66.26741220390467;285.08;Module 1,1_10;69.63;12,43;34,09;0,24;8,24;4,18
08,10.2019 14:48:49;32.8;0.38;291.9;67.11325614697107;285.1;Module 1,1_10;70.52;12,46;34,14;0,25;8,39;4,07
08,10.2019 14:50:45;33.3;0.38;291.9;67.22599763682439;285.08;Module 1,1_10;70.64;12,65;34,14;0,25;8,41;4,24
08,10.2019 14:52:37;33.3;0.39;291.9;69.78426285484758;285.06;Module 1,1_10;73.33;12,99;34,27;0,26;8,86;4,12
08,10.2019 14:54:31;33.1;0.35;290.4;63.492032747070155;285.1;Module 1,1_10;66.72;11,58;34,21;0,23;7,79;3,79
08,10.2019 14:56:31;32.6;0.43;290.4;76.15543328066022;285.15;Module 1,1_10;80.03;14,02;34,80;0,29;10,04;3,97
08,10.2019 14:58:25;33.6;0.41;290.4;72.49865096217542;285.2;Module 1,1_10;76.19;13,78;34,65;0,27;9,39;4,39
08,10.2019 15:00:19;33.2;0.49;291.9;86.32113313946606;285.2;Module 1,1_10;90.72;16,27;34,88;0,34;11,81;4,46
08,10.2019 15:02:13;33.6;0.53;291.9;91.54079722295461;285.27;Module 1,1_10;96.21;17,81;35,02;0,36;12,75;5,06
08,10.2019 15:04:07;34.3;0.64;291.9;114.90320749848945;285.39;Module 1,1_10;120.77;21,95;35,55;0,48;16,99;4,96
08,10.2019 15:05:59;34.9;0.63;291.9;114.307334673632;285.44;Module 1,1_10;120.15;21,99;35,54;0,48;16,88;5,11
08,10.2019 15:07:56;34.6;0.57;291.9;102.49475535592212;285.46;Module 1,1_10;107.74;19,72;35,30;0,42;14,73;4,99
08,10.2019 15:09:54;34.6;0.55;291.9;100.5571398043815;285.46;Module 1,1_10;105.71;19,03;35,25;0,41;14,38;4,65
08,10.2019 15:11:48;34.4;0.49;291.9;88.86032900180088;285.46;Module 1,1_10;93.42;16,86;34,95;0,35;12,27;4,59
08,10.2019 15:13:42;34;0.47;291.9;83.43264339131954;285.5;Module 1,1_10;87.72;15,98;34,79;0,32;11,29;4,69
08,10.2019 15:15:35;33.8;0.42;291.9;76.53129972526679;285.46;Module 1,1_10;80.47;14,20;34,55;0,29;10,06;4,14
08,10.2019 15:17:28;32.9;0.39;291.9;68.46097218008795;285.49;Module 1,1_10;71.99;12,83;34,20;0,25;8,63;4,20
08,10.2019 15:19:28;32.9;0.39;291.9;70.07143473426116;285.41;Module 1,1_10;73.69;12,83;34,27;0,26;8,91;3,92
08,10.2019 15:21:21;33.3;0.43;291.9;76.8540600710485;285.36;Module 1,1_10;80.83;14,32;34,55;0,29;10,12;4,20
08,10.2019 15:23:15;33.1;0.44;291.9;78.63423809505635;285.32;Module 1,1_10;82.71;14,56;34,63;0,30;10,44;4,13
08,10.2019 15:25:08;33.5;0.48;291.9;85.26198420358357;285.31;Module 1,1_10;89.69;16,08;34,84;0,33;11,62;4,46
08,10.2019 15:27:01;33.7;0.51;291.9;93.64649076427469;285.35;Module 1,1_10;98.52;17,19;35,09;0,37;13,13;4,06
08,10.2019 15:28:57;34;0.53;291.9;95.01433658285588;285.38;Module 1,1_10;99.97;18,02;35,12;0,38;13,38;4,64
08,10.2019 15:30:51;33.7;0.56;291.9;99.58416199690359;285.49;Module 1,1_10;104.79;18,87;35,23;0,40;14,20;4,67
08,10.2019 15:32:48;33.8;0.56;291.9;102.28019081453625;285.56;Module 1,1_10;107.64;18,93;35,29;0,42;14,69;4,23
08,10.2019 15:34:43;34.1;0.54;291.9;96.65245599937349;285.61;Module 1,1_10;101.73;18,41;35,16;0,39;13,67;4,74
08,10.2019 15:36:41;34;0.59;291.9;107.5641493159689;285.6;Module 1,1_10;113.23;20,06;35,41;0,44;15,65;4,41
08,10.2019 15:38:38;33.7;0.46;291.9;82.42631969060223;285.6;Module 1,1_10;86.78;15,50;34,75;0,32;11,11;4,39
08,10.2019 15:40:31;33.6;0.45;291.9;79.16694225027562;285.59;Module 1,1_10;83.36;15,12;34,64;0,30;10,53;4,59
08,10.2019 15:42:24;33.2;0.49;291.9;83.96983946830687;285.55;Module 1,1_10;88.43;16,27;34,80;0,33;11,39;4,88
08,10.2019 15:44:17;33.8;0.56;291.9;100.54367987444672;285.61;Module 1,1_10;105.9;18,93;35,25;0,41;14,38;4,55
08,10.2019 15:46:10;34.7;0.65;291.9;120.7571139578259;285.67;Module 1,1_10;127.21;22,56;35,65;0,51;18,06;4,49
08,10.2019 15:48:02;34.8;0.55;292.4;99.50599779917052;285.77;Module 1,1_10;104.84;19,14;35,14;0,40;14,16;4,98
08,10.2019 15:49:58;33.6;0.43;292.4;77.27381065374608;285.77;Module 1,1_10;81.43;14,45;34,48;0,30;10,18;4,27
08,10.2019 15:51:51;33.2;0.47;292.4;82.37446289655269;285.7;Module 1,1_10;86.82;15,60;34,66;0,32;11,08;4,52
08,10.2019 15:53:48;33.5;0.39;292.4;69.69510869773823;285.75;Module 1,1_10;73.47;13,07;34,17;0,26;8,83;4,23
08,10.2019 15:55:45;33.1;0.41;292.4;71.36993165572487;285.71;Module 1,1_10;75.25;13,57;34,24;0,27;9,13;4,44
08,10.2019 15:57:38;33.5;0.36;292.4;64.09257953396288;285.67;Module 1,1_10;67.59;12,06;33,89;0,23;7,85;4,21
08,10.2019 15:59:31;32.9;0.38;292.4;68.91498161643996;285.66;Module 1,1_10;72.69;12,50;34,13;0,25;8,70;3,81
08,10.2019 16:01:25;32.8;0.42;292.4;72.65425960530689;285.65;Module 1,1_10;76.65;13,78;34,30;0,27;9,36;4,42
08,10.2019 16:03:18;33.3;0.44;292.4;79.48099560355243;285.67;Module 1,1_10;83.87;14,65;34,56;0,31;10,57;4,08
08,10.2019 16:05:12;33.5;0.52;292.4;91.96985476542439;285.72;Module 1,1_10;97.07;17,42;34,95;0,37;12,80;4,62
08,10.2019 16:07:05;34;0.47;291.9;82.76073098410124;285.78;Module 1,1_10;87.37;15,98;34,77;0,32;11,17;4,81
08,10.2019 16:09:49;33.5;0.42;291.9;73.4525879291578;285.79;Module 1,1_10;77.57;14,07;34,42;0,28;9,51;4,56
08,10.2019 16:11:42;33.5;0.41;291.9;70.47144446062109;285.8;Module 1,1_10;74.44;13,73;34,30;0,26;8,99;4,75
08,10.2019 16:13:35;32.9;0.44;291.9;77.16393002981927;285.83;Module 1,1_10;81.53;14,48;34,57;0,29;10,17;4,30
08,10.2019 16:15:28;33.2;0.44;291.9;75.22299366377442;285.85;Module 1,1_10;79.5;14,61;34,49;0,28;9,83;4,78
08,10.2019 16:17:23;32.8;0.36;291.9;63.82268760008128;285.85;Module 1,1_10;67.47;11,81;33,97;0,23;7,81;3,99
08,10.2019 16:19:16;33.1;0.31;291.9;55.908526910767634;285.82;Module 1,1_10;59.12;10,26;33,46;0,19;6,44;3,82
08,10.2019 16:21:09;32.7;0.3;291.9;53.72751311982818;285.77;Module 1,1_10;56.83;9,81;33,30;0,18;6,06;3,75
08,10.2019 16:23:10;32.3;0.31;291.9;55.657406096995544;285.75;Module 1,1_10;58.89;10,01;33,45;0,19;6,39;3,62
08,10.2019 16:25:03;32.9;0.41;291.9;73.18569177233809;285.76;Module 1,1_10;77.46;13,49;34,41;0,28;9,47;4,02
08,10.2019 16:26:56;33.3;0.44;291.9;76.48735162121667;285.79;Module 1,1_10;80.98;14,65;34,54;0,29;10,05;4,60
08,10.2019 16:28:57;33;0.42;291.9;73.83586654612797;285.85;Module 1,1_10;78.2;13,86;34,44;0,28;9,58;4,28
08,10.2019 16:30:49;32.6;0.35;291.9;61.333237214411;285.82;Module 1,1_10;64.98;11,41;33,83;0,22;7,38;4,03
08,10.2019 16:32:42;32.1;0.32;291.9;56.10361868957026;285.81;Module 1,1_10;59.46;10,27;33,48;0,19;6,47;3,80
08,10.2019 16:34:35;32.4;0.3;291.9;54.48958392007265;285.79;Module 1,1_10;57.77;9,72;33,36;0,19;6,19;3,53
08,10.2019 16:36:46;32.5;0.28;291.9;50.87419706192913;285.79;Module 1,1_10;53.96;9,10;33,05;0,17;5,57;3,53
08,10.2019 16:38:38;32.9;0.39;291.9;71.42885326143926;285.85;Module 1,1_10;75.79;12,83;34,34;0,27;9,15;3,68
08,10.2019 16:40:36;32.8;0.39;291.9;68.80887811658194;285.9;Module 1,1_10;73.04;12,79;34,22;0,25;8,69;4,10
08,10.2019 16:42:30;33.2;0.38;291.9;64.82568198591669;285.92;Module 1,1_10;68.84;12,62;34,02;0,23;7,99;4,63
08,10.2019 16:44:23;32.2;0.28;291.9;49.24845125589383;285.93;Module 1,1_10;52.32;9,02;32,88;0,16;5,29;3,72
08,10.2019 16:46:16;32.3;0.37;291.9;68.12027534411489;285.94;Module 1,1_10;72.4;11,95;34,19;0,25;8,57;3,38
08,10.2019 16:48:18;32.7;0.4;291.9;68.97159926852302;285.94;Module 1,1_10;73.34;13,08;34,23;0,25;8,72;4,36
08,10.2019 16:50:13;32.9;0.35;291.9;61.024608053781236;285.92;Module 1,1_10;64.92;11,51;33,80;0,22;7,32;4,19
08,10.2019 16:52:06;32.2;0.28;291.9;49.25131616329019;285.91;Module 1,1_10;52.42;9,02;32,88;0,16;5,29;3,72
08,10.2019 16:54:06;32.3;0.31;291.9;55.921281620890554;285.89;Module 1,1_10;59.55;10,01;33,47;0,19;6,44;3,57
08,10.2019 16:56:04;32.6;0.41;291.9;73.4899638015175;285.88;Module 1,1_10;78.3;13,37;34,42;0,28;9,52;3,85
08,10.2019 16:57:57;33;0.44;291.9;76.30341372406951;285.89;Module 1,1_10;81.34;14,52;34,54;0,29;10,02;4,50
08,10.2019 16:59:55;34;0.43;291.9;75.59486138124304;285.9;Module 1,1_10;80.63;14,62;34,51;0,29;9,89;4,73
08,10.2019 17:01:48;33;0.32;291.9;58.92053279316038;285.92;Module 1,1_10;62.88;10,56;33,67;0,21;6,96;3,60
08,10.2019 17:03:38;32.5;0.35;291.9;64.04779862453653;285.93;Module 1,1_10;68.39;11,38;33,98;0,23;7,85;3,52
08,10.2019 17:05:42;32.4;0.43;291.9;78.2318077337579;285.94;Module 1,1_10;83.59;13,93;34,61;0,30;10,36;3,57
08,10.2019 17:07:36;33.5;0.45;291.9;79.66122813471372;285.94;Module 1,1_10;85.17;15,08;34,66;0,31;10,62;4,46
08,10.2019 17:09:28;33.7;0.58;291.9;104.67143566712241;286.03;Module 1,1_10;111.98;19,55;35,34;0,43;15,13;4,42
08,10.2019 17:11:26;34.5;0.54;291.9;99.44370159939955;286.16;Module 1,1_10;106.46;18,63;35,23;0,40;14,18;4,45
08,10.2019 17:13:23;34.5;0.65;292.4;119.52694657421651;286.24;Module 1,1_10;128.05;22,43;35,54;0,50;17,80;4,63
08,10.2019 17:15:15;34.7;0.61;292.4;112.36411233192949;286.31;Module 1,1_10;120.46;21,17;35,41;0,47;16,49;4,67
08,10.2019 17:17:09;34.8;0.7;292.4;127.30768796277815;286.34;Module 1,1_10;136.58;24,36;35,67;0,54;19,22;5,14
08,10.2019 17:19:16;35;0.71;292.4;126.49254779532174;286.41;Module 1,1_10;135.82;24,85;35,66;0,53;19,07;5,78
08,10.2019 17:21:09;34.5;0.49;292.4;87.82078232635001;286.43;Module 1,1_10;94.37;16,91;34,83;0,35;12,06;4,85
08,10.2019 17:23:01;33.3;0.49;292.4;88.45743883965818;286.45;Module 1,1_10;95.13;16,32;34,85;0,35;12,17;4,14
08,10.2019 17:25:06;33.5;0.41;292.4;75.17470985264467;286.45;Module 1,1_10;80.92;13,73;34,41;0,28;9,80;3,93
08,10.2019 17:27:07;33.2;0.41;292.4;74.54806881862051;286.37;Module 1,1_10;80.32;13,61;34,38;0,28;9,69;3,92
08,10.2019 17:29:06;33.2;0.46;292.4;83.98183911495282;286.36;Module 1,1_10;90.57;15,27;34,71;0,33;11,37;3,90
08,10.2019 17:31:00;32.9;0.37;292.4;65.95865944258281;286.31;Module 1,1_10;71.2;12,17;33,99;0,24;8,18;4,00
08,10.2019 17:32:57;33.2;0.48;292.4;86.36361051059606;286.33;Module 1,1_10;93.32;15,94;34,79;0,34;11,80;4,14
08,10.2019 17:35:12;33.1;0.38;292.4;66.38618121461954;286.28;Module 1,1_10;71.82;12,58;34,02;0,24;8,25;4,33
08,10.2019 17:37:05;32.8;0.39;292.4;69.07729393638527;286.24;Module 1,1_10;74.81;12,79;34,14;0,26;8,72;4,07
08,10.2019 17:39:03;32.6;0.36;292.4;63.67675512052055;286.22;Module 1,1_10;69.04;11,74;33,87;0,23;7,78;3,96
08,10.2019 17:40:55;32.6;0.32;292.4;56.86134634925398;286.17;Module 1,1_10;61.72;10,43;33,45;0,20;6,59;3,84
08,10.2019 17:42:48;32.3;0.3;291.9;54.16251848382221;286.15;Module 1,1_10;58.86;9,69;33,33;0,18;6,14;3,55
08,10.2019 17:44:48;32.3;0.32;291.9;55.60820980077867;286.2;Module 1,1_10;60.51;10,34;33,45;0,19;6,38;3,95
08,10.2019 17:46:46;32.2;0.29;291.9;51.229529778750006;286.22;Module 1,1_10;55.82;9,34;33,08;0,17;5,63;3,71
08,10.2019 17:48:42;31.8;0.26;291.9;45.02788293062927;286.19;Module 1,1_10;49.13;8,27;32,39;0,14;4,58;3,69
08,10.2019 17:50:59;31.9;0.26;291.9;45.14369978016256;286.17;Module 1,1_10;49.34;8,29;32,41;0,14;4,60;3,69
08,10.2019 17:52:58;31.8;0.23;291.9;40.752969426939586;286.17;Module 1,1_10;44.61;7,31;31,72;0,12;3,87;3,44
08,10.2019 17:55:05;31.9;0.22;291.9;39.433258956159364;286.14;Module 1,1_10;43.24;7,02;31,45;0,12;3,66;3,36
08,10.2019 17:56:57;31.6;0.22;291.9;38.89696892389741;286.08;Module 1,1_10;42.72;6,95;31,34;0,11;3,57;3,38
08,10.2019 17:58:51;31.7;0.2;291.9;35.36788618366752;286.07;Module 1,1_10;38.91;6,34;30,37;0,10;3,01;3,33
08,10.2019 18:00:44;32.1;0.19;291.9;34.60705721127468;286.04;Module 1,1_10;38.14;6,10;30,10;0,10;2,89;3,21
08,10.2019 18:02:41;31.4;0.18;291.9;31.335123737090125;286.01;Module 1,1_10;34.6;5,65;28,57;0,08;2,39;3,26
08,10.2019 18:04:35;31.7;0.15;291.9;27.405493937819323;285.98;Module 1,1_10;30.32;4,75;25,72;0,07;1,84;2,92
08,10.2019 18:06:35;31.4;0.16;290.4;28.699350529751356;285.98;Module 1,1_10;31.82;5,02;26,81;0,07;2,01;3,01
08,10.2019 18:08:28;31.2;0.16;290.4;28.566139553495333;285.99;Module 1,1_10;31.74;4,99;26,70;0,07;1,99;3,00
08,10.2019 18:10:21;31.2;0.16;290.4;28.555991067059864;285.98;Module 1,1_10;31.8;4,99;26,70;0,07;1,99;3,00
08,10.2019 18:12:14;31.3;0.14;290.4;24.46620060881861;285.97;Module 1,1_10;27.31;4,38;23,09;0,06;1,46;2,92
08,10.2019 18:14:13;31.4;0.11;290.4;20.54210360038467;286;Module 1,1_10;22.99;3,45;19,41;0,05;1,03;2,42
08,10.2019 18:16:07;31.1;0.1;290.4;18.82120104999354;286;Module 1,1_10;21.12;3,11;17,79;0,05;0,87;2,24
08,10.2019 18:18:00;31.4;0.12;290.4;21.168422241342657;286.01;Module 1,1_10;23.82;3,77;20,00;0,05;1,10;2,67
08,10.2019 18:19:56;31.6;0.1;290.4;19.314894841440697;286;Module 1,1_10;21.8;3,16;18,26;0,05;0,91;2,25
08,10.2019 18:21:57;31.3;0.12;290.4;21.369731021068954;286;Module 1,1_10;24.2;3,76;20,20;0,06;1,12;2,64
08,10.2019 18:24:01;31.3;0.09;290.4;18.53795316942989;285.99;Module 1,1_10;21.07;2,82;17,52;0,05;0,84;1,98
08,10.2019 18:26:01;31.4;0.1;290.4;18.64341352413371;285.99;Module 1,1_10;21.27;3,14;17,62;0,05;0,85;2,29
08,10.2019 18:27:54;31.6;0.08;290.4;14.791929895656944;285.98;Module 1,1_10;16.94;2,53;13,98;0,04;0,53;1,99
08,10.2019 18:29:48;31.9;0;290.4;11.853185146810661;285.98;Module 1,1_10;13.63;0,00;11,20;0,03;0,34;-0,34
08,10.2019 18:31:41;30.7;0;290.4;12.607315524490982;285.97;Module 1,1_10;14.56;0,00;11,91;0,03;0,39;-0,39
08,10.2019 18:33:34;30.5;0.09;290.4;16.005226031671338;285.96;Module 1,1_10;18.57;2,75;15,13;0,04;0,63;2,12
08,10.2019 18:35:27;30.5;0.08;289.9;13.395897793745187;285.96;Module 1,1_10;15.62;2,44;12,66;0,03;0,44;2,00
08,10.2019 18:37:29;30.6;0;289.9;12.150371254122728;285.96;Module 1,1_10;14.25;0,00;11,48;0,03;0,36;-0,36
08,10.2019 18:39:22;30;0.07;289.9;11.791780375213303;285.94;Module 1,1_10;13.91;2,10;11,14;0,03;0,34;1,76
08,10.2019 18:41:21;28.9;0;289.9;10.846429898098709;285.94;Module 1,1_10;12.88;0,00;10,25;0,03;0,29;-0,29
08,10.2019 18:43:15;29.5;0.08;289.9;13.765628814468135;285.92;Module 1,1_10;16.46;2,36;13,01;0,04;0,46;1,90
08,10.2019 18:45:20;28.4;0.11;289.9;17.367388413433602;285.94;Module 1,1_10;20.94;3,12;16,41;0,04;0,74;2,39
08,10.2019 18:47:13;28.4;0.09;289.9;14.575926991752851;285.96;Module 1,1_10;17.72;2,56;13,77;0,04;0,52;2,04
08,10.2019 18:49:07;28.8;0.07;289.9;11.427330951345645;285.94;Module 1,1_10;14.02;2,02;10,80;0,03;0,32;1,70
08,10.2019 18:51:00;28.6;0.08;289.9;12.112289364083093;285.92;Module 1,1_10;15.01;2,29;11,45;0,03;0,36;1,93
08,10.2019 18:53:10;29.9;0.08;289.9;12.482909463098329;285.89;Module 1,1_10;15.67;2,39;11,80;0,03;0,38;2,01
08,10.2019 18:55:03;29.7;0.08;289.9;12.719816658028599;285.9;Module 1,1_10;16.17;2,38;12,02;0,03;0,40;1,98
08,10.2019 18:56:58;29.6;0;289.9;8.676257815694445;285.88;Module 1,1_10;11.19;0,00;8,20;0,02;0,18;-0,18
08,10.2019 18:58:57;29.8;0;289.9;6.63965634846824;285.88;Module 1,1_10;8.71;0,00;6,27;0,02;0,11;-0,11
08,10.2019 19:00:54;30;0;289.9;6.521054913237828;285.85;Module 1,1_10;8.72;0,00;6,16;0,02;0,10;-0,10
08,10.2019 19:02:47;30.2;0;289.9;6.62456614141018;285.85;Module 1,1_10;9.05;0,00;6,26;0,02;0,11;-0,11
08,10.2019 19:04:40;28.7;0;289.9;7.389541602417804;285.85;Module 1,1_10;10.35;0,00;6,98;0,02;0,13;-0,13
08,10.2019 19:06:33;29.4;0;289.9;7.320669374770473;285.86;Module 1,1_10;10.56;0,00;6,91;0,02;0,13;-0,13
08,10.2019 19:08:41;29.4;0;289.9;6.224313252641091;285.85;Module 1,1_10;9.35;0,00;5,88;0,02;0,09;-0,09
08,10.2019 19:10:34;30.2;0;289.9;4.623157117638183;285.85;Module 1,1_10;7.26;0,00;4,37;0,01;0,05;-0,05
08,10.2019 19:12:28;29.2;0;289.9;3.7742568975576494;285.84;Module 1,1_10;6.27;0,00;3,57;0,01;0,03;-0,03
08,10.2019 19:14:21;29.4;0;289.9;3.1862113284130764;285.8;Module 1,1_10;5.69;0,00;3,01;0,01;0,02;-0,02
08,10.2019 19:16:19;32.7;0;289.9;2.5466619850352923;285.78;Module 1,1_10;5.04;0,00;2,41;0,01;0,02;-0,02
08,10.2019 19:18:13;31.9;0;289.9;2.0083712512765004;285.77;Module 1,1_10;4.59;0,00;1,90;0,01;0,01;-0,01
08,10.2019 19:20:14;32.5;0;289.9;1.718070994454944;285.78;Module 1,1_10;5.03;0,00;1,63;0,00;0,01;-0,01
08,10.2019 19:22:08;32.4;0;289.9;0.945833656991701;285.75;Module 1,1_10;4.4;0,00;0,89;0,00;0,00;-0,00
08,10.2019 19:23:59;27;0;289.9;0.5532902861364803;285.74;Module 1,1_10;2.88;0,00;0,52;0,00;0,00;-0,00
08,10.2019 19:25:54;26.3;0;287.4;0.29201431768314245;285.72;Module 1,1_10;1.52;0,00;0,27;0,00;0,00;-0,00
08,10.2019 19:27:48;20;0;287.4;0.2785662898951029;285.71;Module 1,1_10;1.45;0,00;0,27;0,00;0,00;-0,00
08,10.2019 19:29:41;20;0;287.4;0.29009317085627967;285.7;Module 1,1_10;1.51;0,00;0,27;0,00;0,00;-0,00
08,10.2019 19:31:41;20;0;287.4;0.21516844460863127;285.7;Module 1,1_10;1.12;0,00;0,20;0,00;0,00;-0,00
09,10.2019 08:45:17;30.1;0.07;282.4;10.858972388513898;281.78;Module 1,1_10;14.61;2,11;10,23;0,03;0,29;1,82
09,10.2019 08:47:10;30.3;0.08;282.4;11.943527530344378;281.79;Module 1,1_10;15.88;2,42;11,25;0,03;0,35;2,08
09,10.2019 08:49:03;29;0.08;283.9;12.591578554531363;281.82;Module 1,1_10;16.56;2,32;11,87;0,03;0,39;1,93
09,10.2019 08:50:55;29.2;0.08;283.9;13.109745924817041;281.88;Module 1,1_10;17.07;2,34;12,36;0,03;0,42;1,92
09,10.2019 08:52:45;29.2;0.09;283.9;13.803255966548363;281.88;Module 1,1_10;17.81;2,63;13,02;0,04;0,46;2,16
09,10.2019 08:54:39;28.6;0.09;283.9;14.527043636133488;281.86;Module 1,1_10;18.58;2,57;13,70;0,04;0,51;2,06
09,10.2019 08:56:32;28.7;0.1;283.9;16.07989920603816;281.87;Module 1,1_10;20.4;2,87;15,16;0,04;0,63;2,24
09,10.2019 08:58:30;28.8;0.11;283.9;16.85887441989585;281.89;Module 1,1_10;21.22;3,17;15,89;0,04;0,69;2,48
09,10.2019 09:00:40;28.5;0.1;283.9;17.003919919690038;281.9;Module 1,1_10;21.23;2,85;16,03;0,04;0,70;2,15
09,10.2019 09:02:36;29;0.11;283.9;18.27201372421803;281.89;Module 1,1_10;22.66;3,19;17,23;0,05;0,81;2,38
09,10.2019 09:04:29;29.1;0.12;282.4;19.9185394057175;281.9;Module 1,1_10;24.55;3,49;18,77;0,05;0,96;2,53
09,10.2019 09:06:22;29;0.13;282.4;21.748411923181656;281.89;Module 1,1_10;26.65;3,77;20,49;0,06;1,15;2,62
09,10.2019 09:08:34;32;0.14;283.9;25.821565979931986;281.85;Module 1,1_10;31.44;4,48;24,31;0,07;1,62;2,86
09,10.2019 09:10:27;33.6;0.15;283.9;30.48668890352154;281.89;Module 1,1_10;36.93;5,04;28,38;0,08;2,26;2,78
09,10.2019 09:12:24;34.3;0.17;283.9;35.14569212808965;281.93;Module 1,1_10;42.36;5,83;31,20;0,10;2,98;2,86
09,10.2019 09:14:18;34.8;0.18;285.9;37.41816225781816;282;Module 1,1_10;44.89;6,26;31,79;0,11;3,34;2,92
09,10.2019 09:16:18;34.9;0.17;285.9;37.29883724888577;282.05;Module 1,1_10;44.54;5,93;31,75;0,10;3,32;2,61
09,10.2019 09:18:11;35;0.17;286.4;41.28815542001699;282.14;Module 1,1_10;49.1;5,95;32,66;0,12;3,99;1,96
09,10.2019 09:20:07;34.8;0.18;286.4;81.50106301557618;282.18;Module 1,1_10;96.53;6,26;35,70;0,31;11,16;-4,89
09,10.2019 09:22:01;35.5;0.2;286.4;137.03406029983438;282.52;Module 1,1_10;161.69;7,10;36,88;0,58;21,52;-14,42
09,10.2019 09:24:08;35.5;0.21;286.4;127.3740273956166;282.82;Module 1,1_10;149.69;7,46;36,74;0,54;19,70;-12,24
09,10.2019 09:26:02;36.7;0.22;286.4;154.55408941998547;283.07;Module 1,1_10;181.01;8,07;37,09;0,67;24,83;-16,76
09,10.2019 09:27:55;39.2;0.22;287.4;171.0933627648145;283.31;Module 1,1_10;199.73;8,62;37,09;0,75;27,85;-19,23
09,10.2019 09:29:54;38.6;0.2;287.4;43.212237474081874;283.43;Module 1,1_10;50.28;7,72;32,85;0,13;4,31;3,41
09,10.2019 09:31:47;34.6;0.26;287.4;63.951205699210036;283.28;Module 1,1_10;74.19;9,00;34,77;0,23;7,94;1,05
09,10.2019 09:33:40;40.3;0.32;287.4;216.60638576225648;283.42;Module 1,1_10;250.57;12,90;37,43;0,97;36,49;-23,59
09,10.2019 09:35:35;40.3;0.31;287.4;215.84950488841238;283.82;Module 1,1_10;249;12,49;37,43;0,97;36,34;-23,85
09,10.2019 09:37:28;40.4;0.31;291.9;221.1194820984529;284.12;Module 1,1_10;254.41;12,52;36,66;1,00;36,64;-24,12
09,10.2019 09:39:25;40.1;0.27;291.9;183.93071477308973;284.52;Module 1,1_10;211.07;10,83;36,40;0,82;29,72;-18,89
09,10.2019 09:41:20;38.2;0.25;291.9;131.78737523222676;284.62;Module 1,1_10;150.86;9,55;35,83;0,56;20,08;-10,53
09,10.2019 09:43:12;31.6;0.47;291.9;179.86523600617477;284.75;Module 1,1_10;205.42;14,85;36,37;0,80;28,97;-14,11
09,10.2019 09:45:11;26.5;0.5;291.9;231.22259653217603;285.08;Module 1,1_10;263.45;13,25;36,72;1,05;38,52;-25,27
09,10.2019 09:47:04;26.7;0.47;291.9;200.9031793124018;285.41;Module 1,1_10;228.41;12,55;36,53;0,90;32,88;-20,33
09,10.2019 09:48:57;26.4;0.63;287.4;209.50235134407475;285.65;Module 1,1_10;237.69;16,63;37,38;0,94;35,14;-18,51
09,10.2019 09:50:54;26.6;0.61;287.4;240.27900867430378;285.9;Module 1,1_10;272.04;16,23;37,56;1,09;40,99;-24,77
09,10.2019 09:52:47;30.9;0.76;287.4;287.3839141236663;286.18;Module 1,1_10;324.74;23,48;37,76;1,32;49,97;-26,48
09,10.2019 09:54:56;29;0.72;287.4;263.290936357425;286.42;Module 1,1_10;296.88;20,88;37,66;1,20;45,38;-24,50
09,10.2019 09:56:50;32.9;0.73;289.9;247.60069391083286;286.47;Module 1,1_10;278.68;24,02;37,16;1,13;41,94;-17,92
09,10.2019 09:58:45;37.7;0.77;289.9;262.67352428185586;286.5;Module 1,1_10;295.12;29,03;37,23;1,20;44,78;-15,75
09,10.2019 10:00:37;39.4;0.82;289.9;250.50721328634887;286.45;Module 1,1_10;280.98;32,31;37,17;1,14;42,49;-10,18
09,10.2019 10:02:38;39.7;0.78;294;216.82021532312382;286.5;Module 1,1_10;242.77;30,97;36,27;0,98;35,51;-4,55
09,10.2019 10:04:38;38.3;0.74;294;171.2281784576734;286.44;Module 1,1_10;191.4;28,34;35,91;0,76;27,12;1,22
09,10.2019 10:06:33;38.4;0.9;294.5;224.0364263139581;286.35;Module 1,1_10;250.04;34,56;36,22;1,02;36,77;-2,21
09,10.2019 10:08:27;38.7;1.01;294.5;271.7603400063441;286.47;Module 1,1_10;302.85;39,09;36,45;1,25;45,57;-6,48
09,10.2019 10:10:42;37.2;0.82;294.5;193.2324295392433;286.43;Module 1,1_10;214.97;30,50;36,02;0,86;31,10;-0,59
09,10.2019 10:12:35;39.1;0.87;294.5;225.35615678884187;286.46;Module 1,1_10;250.36;34,02;36,23;1,02;37,01;-2,99
09,10.2019 10:14:30;38.6;0.9;294.5;311.501856377383;286.56;Module 1,1_10;345.59;34,74;36,59;1,45;52,90;-18,16
09,10.2019 10:16:23;38.9;0.89;294.5;206.50148500369875;286.66;Module 1,1_10;228.8;34,62;36,11;0,93;33,54;1,08
09,10.2019 10:18:48;38.8;0.88;296;258.69082007319474;286.59;Module 1,1_10;286.16;34,14;36,13;1,19;42,87;-8,72
09,10.2019 10:20:41;37.8;0.64;296;145.77787703229677;286.46;Module 1,1_10;161.06;24,19;35,28;0,63;22,27;1,92
09,10.2019 10:22:38;37;0.63;296;160.91951422789947;286.21;Module 1,1_10;177.57;23,31;35,45;0,71;25,01;-1,70
09,10.2019 10:24:34;38.9;0.88;296;341.4291315771383;286.3;Module 1,1_10;376.31;34,23;36,40;1,59;58,03;-23,79
09,10.2019 10:26:47;38.7;1.18;296;309.31957767623356;286.49;Module 1,1_10;340.47;45,67;36,31;1,44;52,14;-6,48
09,10.2019 10:28:39;37.7;0.92;296;213.26623267216186;286.64;Module 1,1_10;234.49;34,68;35,88;0,96;34,55;0,13
09,10.2019 10:30:32;39.6;1.46;296;405.544231443419;286.96;Module 1,1_10;445.43;57,82;36,52;1,91;69,75;-11,93
09,10.2019 10:32:34;39.1;1.94;296.5;424.66360374391166;287.45;Module 1,1_10;465.91;75,85;36,45;2,00;73,07;2,79
09,10.2019 10:34:29;38.5;1.72;296.5;436.77688403147044;287.88;Module 1,1_10;478.71;66,22;36,46;2,06;75,27;-9,05
09,10.2019 10:36:23;39.2;1.72;298;441.88458161114;288.32;Module 1,1_10;483.83;67,42;36,20;2,09;75,68;-8,25
09,10.2019 10:38:17;37.1;1.53;298;329.975045426773;288.57;Module 1,1_10;360.95;56,76;36,02;1,54;55,42;1,34
09,10.2019 10:40:15;35.7;1.67;298;339.6658591020691;288.6;Module 1,1_10;371.19;59,62;36,05;1,59;57,18;2,44
09,10.2019 10:42:07;36.2;1.48;298;309.49009089463914;288.57;Module 1,1_10;337.91;53,58;35,96;1,44;51,70;1,87
09,10.2019 10:44:00;35.5;1.07;298;190.22548420458276;288.42;Module 1,1_10;207.51;37,98;35,37;0,85;30,08;7,91
09,10.2019 10:45:53;35.7;1.83;298;274.63416449953286;288.29;Module 1,1_10;299.33;65,33;35,84;1,27;45,37;19,96
09,10.2019 10:47:45;36.8;1.23;298;338.49903818953976;288.17;Module 1,1_10;368.63;45,26;36,04;1,58;56,97;-11,70
09,10.2019 10:49:38;36.7;1.93;298.5;392.8891613478055;288.19;Module 1,1_10;427.51;70,83;36,05;1,85;66,67;4,16
09,10.2019 10:51:33;37.5;1.49;298.5;271.35924351875883;288.3;Module 1,1_10;295.03;55,88;35,74;1,25;44,68;11,20
09,10.2019 10:53:25;35.2;0.92;298.5;178.9510846060527;288.16;Module 1,1_10;194.41;32,38;35,18;0,80;27,98;4,40
09,10.2019 10:55:28;36.9;1.27;298.5;281.84704278724035;288.17;Module 1,1_10;305.94;46,86;35,78;1,30;46,58;0,29
09,10.2019 10:57:21;36.9;1.39;298.5;300.0905562881377;288.19;Module 1,1_10;325.5;51,29;35,84;1,39;49,88;1,41
09,10.2019 10:59:18;35.6;1.02;298.5;181.5557824637908;288.14;Module 1,1_10;196.78;36,31;35,20;0,81;28,45;7,86
09,10.2019 11:01:11;34.4;0.75;298.5;136.19459800945782;287.92;Module 1,1_10;147.51;25,80;34,70;0,59;20,32;5,48
09,10.2019 11:03:04;34.2;0.69;298.5;122.43044011921097;287.77;Module 1,1_10;132.51;23,60;34,49;0,52;17,87;5,73
09,10.2019 11:05:13;34.2;0.68;298;120.5004697263175;287.46;Module 1,1_10;130.32;23,26;34,55;0,51;17,57;5,69
09,10.2019 11:07:06;34.3;0.68;298;119.09076663206066;287.23;Module 1,1_10;128.71;23,32;34,53;0,50;17,32;6,01
09,10.2019 11:09:00;34.5;0.69;296.5;124.9554309424207;287.1;Module 1,1_10;134.96;23,80;34,90;0,53;18,48;5,33
09,10.2019 11:10:54;34.5;0.73;296.5;131.0667192345917;287;Module 1,1_10;141.47;25,18;34,99;0,56;19,57;5,61
09,10.2019 11:12:47;34.5;0.74;296.5;138.79616361112429;286.93;Module 1,1_10;149.72;25,53;35,10;0,60;20,96;4,57
09,10.2019 11:14:40;34.7;0.81;296;152.21011730328433;286.85;Module 1,1_10;164.09;28,11;35,36;0,66;23,43;4,67
09,10.2019 11:16:33;34.9;1.01;296;211.86017867201443;286.87;Module 1,1_10;228.26;35,25;35,88;0,96;34,30;0,95
09,10.2019 11:18:29;36.3;0.99;296;191.51798354686457;286.96;Module 1,1_10;206.22;35,94;35,73;0,86;30,58;5,36
09,10.2019 11:20:34;36.1;1.15;296;228.56847940793688;287.02;Module 1,1_10;245.96;41,52;35,98;1,04;37,35;4,16
09,10.2019 11:22:52;36.4;1.26;296;254.28684928684586;287.15;Module 1,1_10;273.45;45,86;36,11;1,16;42,06;3,80
09,10.2019 11:24:45;36.7;1;296.5;204.3398702934328;287.29;Module 1,1_10;219.62;36,70;35,73;0,92;32,85;3,85
09,10.2019 11:26:40;37.5;1.09;296.5;248.0268806960153;287.42;Module 1,1_10;266.43;40,88;35,99;1,13;40,82;0,05
09,10.2019 11:28:33;38;2.67;298;546.0208015360072;287.79;Module 1,1_10;586.23;101,46;36,25;2,60;94,38;7,08
09,10.2019 11:30:26;37.8;2.24;298;520.0567159541328;288.37;Module 1,1_10;558.07;84,67;36,25;2,48;89,73;-5,06
09,10.2019 11:32:23;37.8;1.75;298;389.0479514554595;288.95;Module 1,1_10;417.27;66,15;36,14;1,83;66,13;0,02
09,10.2019 11:34:15;36.7;1.36;298.5;272.51281990320877;289.13;Module 1,1_10;292.14;49,91;35,74;1,26;44,89;5,03
09,10.2019 11:36:09;35.5;1.05;298.5;210.8433685309415;289.1;Module 1,1_10;225.92;37,27;35,42;0,95;33,73;3,55
09,10.2019 11:38:02;35.1;0.99;298.5;189.42024761964504;288.95;Module 1,1_10;202.87;34,75;35,27;0,85;29,86;4,88
09,10.2019 11:39:56;34.5;1.07;298.5;201.22196528461149;288.78;Module 1,1_10;215.41;36,91;35,36;0,90;31,99;4,92
09,10.2019 11:41:49;34.8;1.16;298.5;222.0688760021441;288.67;Module 1,1_10;237.62;40,37;35,49;1,01;35,76;4,61
09,10.2019 11:43:42;34.8;1.11;298.5;208.6657880510405;288.51;Module 1,1_10;223.18;38,63;35,41;0,94;33,34;5,29
09,10.2019 11:45:35;34.6;1.04;298.5;188.6267142356447;288.39;Module 1,1_10;201.66;35,98;35,26;0,84;29,72;6,26
09,10.2019 11:47:34;34.6;0.94;298.5;172.42803952411282;288.2;Module 1,1_10;184.26;32,52;35,12;0,76;26,81;5,72
09,10.2019 11:49:27;34.7;1.01;298.5;183.30293155013158;288.05;Module 1,1_10;195.8;35,05;35,22;0,82;28,76;6,28
09,10.2019 11:51:26;34.9;1.07;298.5;206.7113585286429;288.01;Module 1,1_10;220.71;37,34;35,40;0,93;32,98;4,36
09,10.2019 11:53:18;34.8;1.08;298;206.94275581974156;288;Module 1,1_10;220.87;37,58;35,48;0,93;33,10;4,48
09,10.2019 11:55:15;35.2;2.58;298;571.0820796497346;288.12;Module 1,1_10;609.27;90,82;36,25;2,73;98,85;-8,03
09,10.2019 11:57:08;36.7;2.74;298;588.1034508706236;288.66;Module 1,1_10;627.19;100,56;36,25;2,81;101,88;-1,32
09,10.2019 11:59:05;35.8;4.13;298.5;509.08550608718673;289.52;Module 1,1_10;542.71;147,85;36,16;2,42;87,56;60,29
09,10.2019 12:00:58;34.1;1.17;298.5;224.38722116126033;289.78;Module 1,1_10;239.12;39,90;35,51;1,02;36,18;3,72
09,10.2019 12:02:50;34.6;1.01;300;198.38952713509593;289.68;Module 1,1_10;211.34;34,95;35,07;0,89;31,27;3,68
09,10.2019 12:04:43;34.1;0.68;300;138.65120564929128;289.45;Module 1,1_10;147.65;23,19;34,47;0,60;20,62;2,57
09,10.2019 12:06:38;34.4;0.61;300;129.5597921675575;289.06;Module 1,1_10;137.92;20,98;34,34;0,55;19,01;1,97
09,10.2019 12:08:31;34.6;3.72;300;643.6207216058468;288.73;Module 1,1_10;684.92;128,71;35,88;3,09;110,68;18,03
09,10.2019 12:10:25;35.7;1.62;300;486.0922172824522;289;Module 1,1_10;517.11;57,83;35,88;2,31;82,86;-25,02
09,10.2019 12:12:19;34.6;2.77;300;801.9005642569916;289.13;Module 1,1_10;852.79;95,84;35,75;3,86;138,12;-42,28
09,10.2019 12:14:12;35.6;3.83;300;404.5351138895933;289.41;Module 1,1_10;430.07;136,35;35,81;1,91;68,29;68,06
09,10.2019 12:16:04;35;0.72;300;151.68540694484443;289.65;Module 1,1_10;161.21;25,20;34,63;0,66;22,93;2,27
09,10.2019 12:18:00;33.9;0.81;300;143.55403943002173;289.39;Module 1,1_10;152.52;27,46;34,53;0,62;21,49;5,97
09,10.2019 12:20:01;34.2;1.7;300;467.5858141252977;289.2;Module 1,1_10;496.63;58,14;35,88;2,22;79,56;-21,42
09,10.2019 12:21:54;36;1.61;300;327.88581708588583;289.39;Module 1,1_10;348.15;57,96;35,66;1,53;54,53;3,43
09,10.2019 12:23:46;34.9;0.43;300;89.14752833831014;289.17;Module 1,1_10;94.63;15,01;33,50;0,36;11,94;3,06
09,10.2019 12:25:39;33.1;0.5;300;102.38423103178167;288.85;Module 1,1_10;108.65;16,55;33,84;0,42;14,24;2,31
09,10.2019 12:27:35;36.1;4.16;300;866.0410506844701;288.86;Module 1,1_10;918.78;150,18;35,67;4,18;149,07;1,11
09,10.2019 12:29:27;36;3.9;300;828.1830342462508;289.89;Module 1,1_10;878.38;140,40;35,72;3,99;142,62;-2,22
09,10.2019 12:31:21;35.2;2.95;300.5;589.0923553188892;290.57;Module 1,1_10;624.63;103,84;35,81;2,82;100,87;2,97
09,10.2019 12:33:14;34.8;1.83;300.5;425.02732144070717;290.71;Module 1,1_10;450.55;63,68;35,75;2,01;71,79;-8,11
09,10.2019 12:35:14;33.7;1.33;300.5;379.24555143696364;290.4;Module 1,1_10;401.91;44,82;35,68;1,78;63,61;-18,79
09,10.2019 12:37:06;34.6;2.67;302;575.0547149118927;290.32;Module 1,1_10;609.27;92,38;35,55;2,75;97,70;-5,32
09,10.2019 12:39:00;34.7;2.42;302;386.68391390971937;290.42;Module 1,1_10;409.59;83,97;35,43;1,82;64,48;19,49
09,10.2019 12:40:58;35.5;4.32;302;926.5024375295063;291.05;Module 1,1_10;981.14;153,36;35,25;4,48;157,77;-4,41
09,10.2019 12:42:54;34.9;1.93;302;447.3246298801138;291.53;Module 1,1_10;473.59;67,36;35,51;2,12;75,23;-7,87
09,10.2019 12:44:51;33.7;1.89;302;341.0128060710987;291.64;Module 1,1_10;360.95;63,69;35,34;1,60;56,36;7,33
09,10.2019 12:46:45;34.8;2.16;303.5;406.40716166941934;291.64;Module 1,1_10;430.07;75,17;35,20;1,92;67,50;7,67
09,10.2019 12:48:41;33.7;1.99;303.5;358.10515406432523;291.6;Module 1,1_10;378.87;67,06;35,11;1,68;58,98;8,08
09,10.2019 12:50:34;34.4;1.56;303.5;346.0812395740277;291.54;Module 1,1_10;366.07;53,66;35,09;1,62;56,85;-3,19
09,10.2019 12:52:26;34.4;1.58;303.5;314.68421309579156;291.35;Module 1,1_10;332.79;54,35;35,00;1,47;51,31;3,05
09,10.2019 12:54:19;34.5;1.7;303.5;336.54013984346886;291.25;Module 1,1_10;355.83;58,65;35,06;1,57;55,17;3,48
09,10.2019 12:56:12;33.8;1.36;303.5;253.64563816209244;291.14;Module 1,1_10;268.13;45,97;34,77;1,17;40,51;5,45
09,10.2019 12:58:06;33.8;1.08;303.5;201.71367060014396;290.86;Module 1,1_10;213.19;36,50;34,46;0,91;31,35;5,15
09,10.2019 12:59:59;34;1.27;302.5;236.199805115603;290.54;Module 1,1_10;249.59;43,18;34,86;1,08;37,61;5,57
09,10.2019 13:01:56;34.7;2.01;302.5;387.691738352856;290.28;Module 1,1_10;409.59;69,75;35,34;1,83;64,51;5,24
09,10.2019 13:03:49;34.6;1.35;302.5;237.84211844113446;290.13;Module 1,1_10;251.23;46,71;34,87;1,09;37,90;8,81
09,10.2019 13:05:43;34;0.89;302.5;161.88853709664068;289.96;Module 1,1_10;170.97;30,26;34,30;0,71;24,47;5,79
09,10.2019 13:07:37;33.4;0.68;302.5;117.93623405573369;289.63;Module 1,1_10;124.53;22,71;33,70;0,50;16,78;5,93
09,10.2019 13:10:08;33.5;0.62;300.5;106.34023232523647;289.15;Module 1,1_10;112.26;20,77;33,84;0,44;14,90;5,87
09,10.2019 13:12:01;33.3;0.59;300.5;100.57863196366824;288.87;Module 1,1_10;106.16;19,65;33,70;0,41;13,90;5,75
09,10.2019 13:13:55;33.3;0.68;300.5;121.60295429167917;288.64;Module 1,1_10;128.33;22,64;34,12;0,52;17,57;5,07
09,10.2019 13:15:48;33.8;0.78;300;139.72385332483464;288.43;Module 1,1_10;147.43;26,36;34,48;0,60;20,81;5,55
09,10.2019 13:17:41;34.4;0.74;300;136.10557920226674;288.33;Module 1,1_10;143.59;25,46;34,43;0,59;20,17;5,29
09,10.2019 13:19:38;34.4;0.77;298.5;141.70115682239395;288.16;Module 1,1_10;149.47;26,49;34,78;0,61;21,30;5,19
09,10.2019 13:21:31;34.6;0.9;298.5;170.40383938176268;288.1;Module 1,1_10;179.72;31,14;35,10;0,75;26,44;4,70
09,10.2019 13:23:37;34.8;0.91;298;162.94870424923798;288.06;Module 1,1_10;171.83;31,67;35,12;0,72;25,16;6,51
09,10.2019 13:25:38;34.5;0.77;298;141.7559130159491;287.94;Module 1,1_10;149.46;26,57;34,87;0,61;21,36;5,21
09,10.2019 13:27:31;34.6;0.84;298;154.10651196697205;287.89;Module 1,1_10;162.46;29,06;35,02;0,67;23,57;5,49
09,10.2019 13:29:24;34.6;0.9;296.5;163.83188954410406;287.92;Module 1,1_10;172.69;31,14;35,39;0,72;25,49;5,65
09,10.2019 13:31:18;34.7;0.86;296.5;157.03079230548107;287.97;Module 1,1_10;165.5;29,84;35,32;0,69;24,25;5,59
09,10.2019 13:33:10;34.7;0.85;296.5;156.73680865235212;287.98;Module 1,1_10;165.17;29,50;35,32;0,69;24,20;5,29
09,10.2019 13:35:07;34.6;0.95;296.5;171.13444467493747;288.03;Module 1,1_10;180.32;32,87;35,47;0,76;26,81;6,06
09,10.2019 13:36:59;34.6;0.83;296.5;151.99036155895115;288.08;Module 1,1_10;160.13;28,72;35,27;0,66;23,34;5,37
09,10.2019 13:38:53;34.4;0.57;296;101.5060724177531;288.01;Module 1,1_10;106.93;19,61;34,54;0,41;14,32;5,29
09,10.2019 13:40:48;33.1;0.49;296;85.25438393711299;287.82;Module 1,1_10;89.8;16,22;34,11;0,34;11,45;4,77
09,10.2019 13:42:45;33.1;0.52;296;91.84355250202785;287.71;Module 1,1_10;96.73;17,21;34,30;0,37;12,61;4,60
09,10.2019 13:44:38;33.1;0.58;295.5;100.7124174839089;287.64;Module 1,1_10;106.06;19,20;34,61;0,41;14,21;4,99
09,10.2019 13:46:33;33.3;0.66;295.5;115.83172498099565;287.55;Module 1,1_10;121.97;21,98;34,92;0,48;16,91;5,07
09,10.2019 13:48:26;33.9;0.66;294.5;115.59566872009482;287.49;Module 1,1_10;121.71;22,37;35,09;0,48;16,94;5,43
09,10.2019 13:50:22;34.1;0.63;294.5;113.67819424869053;287.49;Module 1,1_10;119.68;21,48;35,06;0,47;16,59;4,89
09,10.2019 13:52:15;34.2;0.55;294.5;100.02801533769781;287.51;Module 1,1_10;105.3;18,81;34,77;0,41;14,14;4,67
09,10.2019 13:54:08;33.6;0.54;294.5;97.09130686564026;287.49;Module 1,1_10;102.2;18,14;34,70;0,39;13,62;4,53
09,10.2019 13:56:20;33.7;0.65;294.5;116.50138506306652;287.5;Module 1,1_10;122.62;21,91;35,11;0,49;17,10;4,80
09,10.2019 13:58:13;34.5;0.8;294.5;145.56649274333085;287.5;Module 1,1_10;153.2;27,60;35,55;0,63;22,37;5,23
09,10.2019 14:00:06;34.8;0.95;294.5;170.8724347100915;287.6;Module 1,1_10;179.82;33,06;35,82;0,75;27,00;6,06
09,10.2019 14:01:59;34.6;0.83;294.5;146.2237159860732;287.79;Module 1,1_10;153.87;28,72;35,55;0,63;22,49;6,22
09,10.2019 14:04:08;34.5;0.72;294.5;133.33794600760976;287.86;Module 1,1_10;140.3;24,84;35,38;0,57;20,15;4,69
09,10.2019 14:06:08;34.8;0.91;294.5;167.82853887338865;287.92;Module 1,1_10;176.58;31,67;35,79;0,74;26,44;5,23
09,10.2019 14:08:01;35.2;1.26;294.5;245.3414717479714;288.06;Module 1,1_10;258.12;44,35;36,34;1,12;40,69;3,66
09,10.2019 14:09:55;35.4;1.16;294.5;224.60444726724506;288.27;Module 1,1_10;236.29;41,06;36,22;1,02;36,87;4,19
09,10.2019 14:11:48;35;1.01;296;184.7384010434711;288.41;Module 1,1_10;194.34;35,35;35,68;0,82;29,35;6,00
09,10.2019 14:13:41;34.6;0.8;296;144.3069386267413;288.45;Module 1,1_10;151.8;27,68;35,26;0,62;22,00;5,68
09,10.2019 14:15:34;34.1;0.6;296;106.53320799185144;288.37;Module 1,1_10;112.06;20,46;34,65;0,44;15,22;5,24
09,10.2019 14:17:28;33.7;0.48;296;79.23288278620613;288.17;Module 1,1_10;83.34;16,18;33,91;0,31;10,39;5,79
09,10.2019 14:19:42;32.6;0.4;296;69.20577858155804;287.95;Module 1,1_10;72.79;13,04;33,51;0,26;8,64;4,40
09,10.2019 14:21:44;32.7;0.46;294.5;78.30727610603694;287.74;Module 1,1_10;82.36;15,04;34,15;0,30;10,28;4,76
09,10.2019 14:23:40;33.3;0.52;294.5;89.29154980158536;287.57;Module 1,1_10;93.91;17,32;34,50;0,35;12,23;5,09
09,10.2019 14:25:34;33.6;0.51;294.5;90.11152622738275;287.46;Module 1,1_10;94.77;17,14;34,52;0,36;12,37;4,76
09,10.2019 14:27:30;33.5;0.55;294.5;99.80281998287887;287.4;Module 1,1_10;104.96;18,43;34,77;0,41;14,10;4,32
09,10.2019 14:29:24;34;0.7;294.5;122.25493713135775;287.37;Module 1,1_10;128.57;23,80;35,21;0,52;18,14;5,66
09,10.2019 14:33:07;34.5;0.58;294.5;102.8214170837207;287.37;Module 1,1_10;108.13;20,01;34,84;0,42;14,64;5,37
09,10.2019 14:35:56;34.2;0.52;294.5;87.84545882646582;287.25;Module 1,1_10;92.38;17,78;34,45;0,35;11,97;5,81
09,10.2019 14:37:54;33.1;0.44;294.5;76.26344196991369;287.21;Module 1,1_10;80.2;14,56;34,07;0,29;9,92;4,64
09,10.2019 14:39:47;33.1;0.41;294.5;70.88109855059135;287.12;Module 1,1_10;74.54;13,57;33,85;0,27;8,98;4,59
09,10.2019 14:41:42;33.1;0.38;294;65.82183686759285;287.04;Module 1,1_10;69.22;12,58;33,70;0,24;8,11;4,47
09,10.2019 14:43:35;32.7;0.35;294;60.61978029663658;286.96;Module 1,1_10;63.75;11,45;33,41;0,22;7,21;4,24
09,10.2019 14:45:30;32.4;0.31;294;54.248013058798705;286.85;Module 1,1_10;57.05;10,04;32,98;0,19;6,12;3,93
09,10.2019 14:47:24;32.5;0.34;294;57.38492958554794;286.76;Module 1,1_10;60.35;11,05;33,20;0,20;6,65;4,40
09,10.2019 14:49:17;33;0.35;294;60.53102219085509;286.65;Module 1,1_10;63.66;11,55;33,41;0,22;7,19;4,36
09,10.2019 14:51:18;32.8;0.31;292.4;53.60739904025563;286.6;Module 1,1_10;56.38;10,17;33,20;0,18;6,03;4,14
09,10.2019 14:53:15;32.3;0.29;292.4;50.734376254999304;286.5;Module 1,1_10;53.36;9,37;32,95;0,17;5,54;3,83
09,10.2019 14:55:28;32.2;0.29;291.9;51.46445208679338;286.41;Module 1,1_10;54.13;9,34;33,10;0,17;5,67;3,67
09,10.2019 14:57:21;32.1;0.36;291.9;63.17537706748977;286.39;Module 1,1_10;66.45;11,56;33,93;0,23;7,70;3,86
09,10.2019 14:59:14;32.9;0.45;291.9;79.92372109957381;286.42;Module 1,1_10;84.07;14,80;34,66;0,31;10,67;4,14
09,10.2019 15:01:09;33.6;0.54;291.9;95.80510798908503;286.47;Module 1,1_10;100.78;18,14;35,14;0,38;13,52;4,62
09,10.2019 15:03:01;34.4;0.52;291.9;92.94858145456763;286.52;Module 1,1_10;97.78;17,89;35,06;0,37;13,00;4,88
09,10.2019 15:04:54;34.2;0.47;292.4;82.71575744097457;286.57;Module 1,1_10;87.02;16,07;34,67;0,32;11,14;4,93
09,10.2019 15:07:06;33.3;0.39;292.4;69.36544900589853;286.64;Module 1,1_10;72.98;12,99;34,16;0,26;8,78;4,21
09,10.2019 15:09:00;32.7;0.34;291.9;56.188311380727335;286.64;Module 1,1_10;59.12;11,12;33,48;0,19;6,48;4,63
09,10.2019 15:10:53;31.9;0.28;291.9;47.517341803464916;286.6;Module 1,1_10;50;8,93;32,70;0,15;5,00;3,93
09,10.2019 15:12:46;32.1;0.28;291.9;48.02706583149119;286.58;Module 1,1_10;50.54;8,99;32,76;0,16;5,09;3,90
09,10.2019 15:14:41;32.3;0.33;291.9;56.75570076699154;286.56;Module 1,1_10;59.73;10,66;33,52;0,20;6,58;4,08
09,10.2019 15:16:37;32.5;0.41;291.9;72.58955862988607;286.52;Module 1,1_10;76.4;13,32;34,39;0,27;9,36;3,96
09,10.2019 15:18:31;33;0.46;291.9;80.92465388757387;286.53;Module 1,1_10;85.18;15,18;34,70;0,31;10,84;4,34
09,10.2019 15:20:36;32.9;0.43;291.9;75.28334915356362;286.52;Module 1,1_10;79.25;14,15;34,49;0,29;9,84;4,31
09,10.2019 15:22:39;33.1;0.43;291.9;75.24700308905761;286.52;Module 1,1_10;79.22;14,23;34,49;0,29;9,83;4,40
09,10.2019 15:24:34;32.8;0.35;291.9;60.413667421369;286.52;Module 1,1_10;63.61;11,48;33,77;0,21;7,22;4,26
09,10.2019 15:26:31;32.4;0.27;291.9;45.53557645753886;286.47;Module 1,1_10;47.95;8,75;32,46;0,14;4,67;4,08
09,10.2019 15:28:23;31.7;0.19;291.9;32.89216174892553;286.41;Module 1,1_10;34.64;6,02;29,38;0,09;2,62;3,40
09,10.2019 15:30:20;31.6;0.17;291.9;30.581103520609247;286.33;Module 1,1_10;32.21;5,37;28,11;0,08;2,28;3,09
09,10.2019 15:32:17;31.3;0.24;291.9;42.8043773457116;286.29;Module 1,1_10;45.09;7,51;32,07;0,13;4,21;3,30
09,10.2019 15:34:10;32.4;0.43;291.9;80.02618757914496;286.28;Module 1,1_10;84.31;13,93;34,67;0,31;10,68;3,25
09,10.2019 15:36:02;33;0.66;291.9;116.11820783364598;286.33;Module 1,1_10;122.35;21,78;35,57;0,48;17,21;4,57
09,10.2019 15:38:47;34.4;0.49;291.9;84.72497878829304;286.47;Module 1,1_10;89.29;16,86;34,83;0,33;11,52;5,33
09,10.2019 15:40:40;34;0.36;291.9;63.54637507128618;286.5;Module 1,1_10;66.98;12,24;33,95;0,23;7,77;4,47
09,10.2019 15:42:33;32.9;0.4;291.9;70.30975701369589;286.53;Module 1,1_10;74.12;13,16;34,29;0,26;8,96;4,20
09,10.2019 15:44:26;33;0.48;291.9;83.73822645732217;286.51;Module 1,1_10;88.29;15,84;34,80;0,33;11,35;4,49
09,10.2019 15:46:21;33.4;0.47;291.9;82.43471933789034;286.52;Module 1,1_10;86.93;15,70;34,75;0,32;11,11;4,58
09,10.2019 15:48:14;33.4;0.46;291.9;80.8753900822528;286.52;Module 1,1_10;85.3;15,36;34,70;0,31;10,84;4,53
09,10.2019 15:50:09;32.9;0.42;291.9;73.10670966071349;286.51;Module 1,1_10;77.12;13,82;34,41;0,27;9,45;4,37
09,10.2019 15:52:44;32.3;0.24;291.9;39.58642447340854;286.47;Module 1,1_10;41.77;7,75;31,48;0,12;3,68;4,07
09,10.2019 15:54:40;31.9;0.17;291.9;29.601128692464286;286.39;Module 1,1_10;31.24;5,42;27,45;0,08;2,14;3,28
09,10.2019 15:56:33;31.4;0.15;291.9;25.71116971284694;286.26;Module 1,1_10;27.14;4,71;24,23;0,07;1,62;3,09
09,10.2019 15:58:32;31.7;0.13;291.9;22.921045765901514;286.16;Module 1,1_10;24.2;4,12;21,66;0,06;1,29;2,84
09,10.2019 16:00:25;31.4;0.12;291.9;21.72306856656609;286.07;Module 1,1_10;22.94;3,77;20,54;0,06;1,15;2,61
09,10.2019 16:02:20;31.3;0.14;290.4;24.558491135826497;285.97;Module 1,1_10;25.94;4,38;23,18;0,06;1,47;2,91
09,10.2019 16:04:13;31.5;0.18;290.4;30.165896829122776;285.86;Module 1,1_10;31.87;5,67;27,91;0,08;2,22;3,45
09,10.2019 16:06:33;31.5;0.19;290.4;33.402856261325226;285.82;Module 1,1_10;35.3;5,99;29,77;0,09;2,70;3,28
09,10.2019 16:08:26;32.1;0.26;290.4;44.66199313641709;285.79;Module 1,1_10;47.21;8,35;32,59;0,14;4,53;3,81
09,10.2019 16:10:19;32.1;0.27;290.4;45.6628680233166;285.8;Module 1,1_10;48.28;8,67;32,72;0,14;4,70;3,97
09,10.2019 16:12:12;31.8;0.24;289.9;41.54744662545029;285.79;Module 1,1_10;43.94;7,63;32,17;0,12;4,01;3,62
09,10.2019 16:14:05;31.9;0.29;289.9;49.37295524781568;285.78;Module 1,1_10;52.23;9,25;33,23;0,16;5,34;3,91
09,10.2019 16:15:57;32.5;0.3;289.9;52.30810152277211;285.78;Module 1,1_10;55.35;9,75;33,52;0,17;5,84;3,91
09,10.2019 16:17:50;32.3;0.27;290.4;47.267136947492894;285.79;Module 1,1_10;50.03;8,72;32,92;0,15;4,97;3,75
09,10.2019 16:19:45;32;0.22;290.4;37.222589196050535;285.81;Module 1,1_10;39.41;7,04;31,13;0,11;3,30;3,74
09,10.2019 16:21:37;31.9;0.17;289.9;30.337629884946868;285.8;Module 1,1_10;32.13;5,42;28,05;0,08;2,24;3,18
09,10.2019 16:23:36;31.3;0.17;289.9;29.610366135323044;285.77;Module 1,1_10;31.37;5,32;27,53;0,08;2,14;3,18
09,10.2019 16:25:33;31.1;0.18;289.9;31.714215635303905;285.72;Module 1,1_10;33.61;5,60;28,93;0,08;2,45;3,15
09,10.2019 16:27:39;32;0.2;289.9;33.49470208653056;285.69;Module 1,1_10;35.51;6,40;29,86;0,09;2,72;3,68
09,10.2019 16:29:34;31.9;0.21;289.9;35.387766583883774;285.67;Module 1,1_10;37.53;6,70;30,62;0,10;3,01;3,69
09,10.2019 16:31:28;31.9;0.2;289.9;35.780513991233256;285.65;Module 1,1_10;37.96;6,38;30,76;0,10;3,07;3,31
09,10.2019 16:33:21;31.4;0.21;289.9;36.747464801072525;285.65;Module 1,1_10;39;6,59;31,06;0,10;3,23;3,37
09,10.2019 16:35:38;31.7;0.2;289.9;33.89588926724408;285.62;Module 1,1_10;35.99;6,34;30,03;0,09;2,78;3,56
09,10.2019 16:37:31;31.5;0.19;289.9;32.45173605140862;285.6;Module 1,1_10;34.47;5,99;29,34;0,09;2,56;3,43
09,10.2019 16:39:23;31.4;0.19;289.9;31.50720898434666;285.58;Module 1,1_10;33.48;5,97;28,80;0,08;2,41;3,55
09,10.2019 16:41:19;31.5;0.19;289.9;31.804296073655124;285.57;Module 1,1_10;33.81;5,99;28,98;0,08;2,46;3,53
09,10.2019 16:43:11;31.8;0.17;289.9;29.11109276344839;285.57;Module 1,1_10;30.96;5,41;27,15;0,08;2,07;3,34
09,10.2019 16:45:07;31.4;0.15;289.9;26.109242754731106;285.56;Module 1,1_10;27.78;4,71;24,59;0,07;1,66;3,05
09,10.2019 16:47:02;31.5;0.15;289.9;27.506359923911624;285.53;Module 1,1_10;29.28;4,72;25,83;0,07;1,85;2,88
09,10.2019 16:49:16;31.7;0.23;289.9;38.89877718518352;285.52;Module 1,1_10;41.43;7,29;31,63;0,11;3,58;3,71
09,10.2019 16:51:20;32.2;0.26;289.9;44.86511089801736;285.55;Module 1,1_10;47.81;8,37;32,70;0,14;4,57;3,80
09,10.2019 16:53:21;32;0.23;289.9;38.857229936786325;285.57;Module 1,1_10;41.43;7,36;31,62;0,11;3,57;3,79
09,10.2019 16:55:14;31.5;0.18;289.9;31.66589457284982;285.6;Module 1,1_10;33.78;5,67;28,91;0,08;2,44;3,23
09,10.2019 16:57:11;31.4;0.15;289.9;26.223748584932807;285.6;Module 1,1_10;27.99;4,71;24,70;0,07;1,68;3,03
09,10.2019 16:59:04;31.6;0.13;289.9;24.158615477796076;285.58;Module 1,1_10;25.8;4,11;22,80;0,06;1,43;2,68
09,10.2019 17:00:57;31.5;0.14;289.9;24.603433884848847;285.57;Module 1,1_10;26.29;4,41;23,22;0,06;1,48;2,93
09,10.2019 17:02:50;31.6;0.16;289.9;27.843820865338536;285.53;Module 1,1_10;29.77;5,06;26,12;0,07;1,89;3,16
09,10.2019 17:04:43;31.4;0.18;289.9;31.435000294889953;285.5;Module 1,1_10;33.63;5,65;28,77;0,08;2,40;3,25
09,10.2019 17:06:36;31.4;0.19;289.9;32.573661592947126;285.5;Module 1,1_10;34.87;5,97;29,41;0,09;2,57;3,39
09,10.2019 17:08:29;31.4;0.16;289.9;26.465908966659985;285.5;Module 1,1_10;28.35;5,02;24,91;0,07;1,71;3,31
09,10.2019 17:10:23;31.6;0.13;289.9;22.40856214884125;285.49;Module 1,1_10;24.02;4,11;21,16;0,06;1,23;2,88
09,10.2019 17:12:16;31.3;0.14;289.9;24.97547813843599;285.46;Module 1,1_10;26.79;4,38;23,56;0,06;1,52;2,86
09,10.2019 17:14:10;31.7;0.16;289.9;28.329883261777237;285.44;Module 1,1_10;30.41;5,07;26,52;0,07;1,96;3,11
09,10.2019 17:16:03;31.5;0.16;289.9;27.378072758600435;285.43;Module 1,1_10;29.41;5,04;25,72;0,07;1,83;3,21
09,10.2019 17:18:07;31.6;0.11;289.9;20.74189348412991;285.4;Module 1,1_10;22.3;3,48;19,59;0,05;1,05;2,42
09,10.2019 17:20:02;31.8;0.09;289.9;16.840366804533083;285.37;Module 1,1_10;18.12;2,86;15,91;0,04;0,69;2,17
09,10.2019 17:21:55;31.8;0.1;289.9;17.98733437343462;285.34;Module 1,1_10;19.37;3,18;17,00;0,05;0,79;2,39
09,10.2019 17:23:48;31.9;0.11;289.9;20.05968926474151;285.32;Module 1,1_10;21.62;3,51;18,95;0,05;0,98;2,53
09,10.2019 17:25:43;31.6;0.13;289.9;23.332597582624107;285.3;Module 1,1_10;25.17;4,11;22,03;0,06;1,33;2,78
09,10.2019 17:27:42;31.5;0.18;289.9;31.997115076840814;285.3;Module 1,1_10;34.55;5,67;29,09;0,09;2,49;3,18
09,10.2019 17:29:35;31.5;0.22;289.9;37.50901717288945;285.34;Module 1,1_10;40.54;6,93;31,28;0,11;3,35;3,58
09,10.2019 17:31:29;31.6;0.17;289.9;29.162285137138458;285.35;Module 1,1_10;31.55;5,37;27,19;0,08;2,07;3,30
09,10.2019 17:33:22;31.5;0.15;289.9;26.907283598616356;285.37;Module 1,1_10;29.14;4,72;25,30;0,07;1,77;2,96
09,10.2019 17:35:24;31.2;0.17;289.9;30.27074628527287;285.38;Module 1,1_10;32.82;5,30;28,01;0,08;2,23;3,07
09,10.2019 17:37:17;31.4;0.15;289.9;26.79177933038701;285.37;Module 1,1_10;29.08;4,71;25,20;0,07;1,75;2,96
09,10.2019 17:39:19;31.8;0.12;289.9;19.60895495746399;285.34;Module 1,1_10;21.31;3,82;18,53;0,05;0,94;2,88
09,10.2019 17:41:16;31.8;0.1;289.9;16.836854081168937;285.28;Module 1,1_10;18.32;3,18;15,91;0,04;0,69;2,49
09,10.2019 17:43:09;32;0.09;289.9;16.301977283686284;285.2;Module 1,1_10;17.76;2,88;15,41;0,04;0,65;2,23
09,10.2019 17:45:04;31.9;0.1;289.9;17.948990004940757;285.11;Module 1,1_10;19.58;3,19;16,96;0,05;0,79;2,40
09,10.2019 17:46:58;31.8;0.11;289.9;18.235939860742278;285.01;Module 1,1_10;19.92;3,50;17,23;0,05;0,81;2,69
09,10.2019 17:48:52;31.8;0.1;289.9;18.100508358213595;284.88;Module 1,1_10;19.8;3,18;17,10;0,05;0,80;2,38
09,10.2019 17:51:16;32;0.1;289.9;17.811199403981128;284.73;Module 1,1_10;19.52;3,20;16,83;0,05;0,78;2,42
09,10.2019 17:53:41;31.6;0.1;289.9;17.79404039692663;284.62;Module 1,1_10;19.54;3,16;16,81;0,05;0,77;2,39
09,10.2019 17:55:34;31.7;0.13;289.9;22.592778976724976;284.56;Module 1,1_10;24.85;4,12;21,34;0,06;1,25;2,87
09,10.2019 17:57:28;31.7;0.21;289.9;36.35875389128109;284.53;Module 1,1_10;40.06;6,66;30,95;0,10;3,17;3,49
09,10.2019 17:59:21;32.1;0.23;288.4;37.72559552146204;284.52;Module 1,1_10;41.64;7,38;31,54;0,11;3,39;3,99
09,10.2019 18:01:13;31.8;0.18;288.4;30.78318336786358;284.52;Module 1,1_10;34.04;5,72;28,43;0,08;2,31;3,42
09,10.2019 18:03:06;31.9;0.14;288.4;24.28794720588;284.53;Module 1,1_10;26.91;4,47;22,91;0,06;1,44;3,03
09,10.2019 18:05:02;31.4;0.1;288.4;18.274563757175617;284.5;Module 1,1_10;20.29;3,14;17,26;0,05;0,81;2,33
09,10.2019 18:07:00;31.5;0.09;288.4;15.438765472553369;284.49;Module 1,1_10;17.18;2,83;14,58;0,04;0,58;2,25
09,10.2019 18:08:54;31.6;0.09;288.4;14.811801670698099;284.46;Module 1,1_10;16.52;2,84;13,99;0,04;0,54;2,31
09,10.2019 18:10:47;31.2;0.08;288.4;13.738996316848468;284.44;Module 1,1_10;15.36;2,50;12,98;0,04;0,46;2,04
09,10.2019 18:12:40;31.4;0.07;287.4;11.634627440401545;284.44;Module 1,1_10;13.04;2,20;10,98;0,03;0,33;1,87
09,10.2019 18:14:35;32.3;0;287.4;12.066065214036028;284.42;Module 1,1_10;13.56;0,00;11,39;0,03;0,35;-0,35
09,10.2019 18:16:27;31.3;0.08;287.4;13.603356734023524;284.42;Module 1,1_10;15.33;2,50;12,84;0,04;0,45;2,05
09,10.2019 18:18:23;30.4;0.09;287.4;15.31384711768375;284.42;Module 1,1_10;17.31;2,74;14,45;0,04;0,57;2,16
09,10.2019 18:20:18;30.4;0.1;287.4;16.305742808304952;284.42;Module 1,1_10;18.49;3,04;15,39;0,04;0,65;2,39
09,10.2019 18:22:44;30.4;0.1;287.4;16.902645575662635;284.48;Module 1,1_10;19.25;3,04;15,95;0,04;0,70;2,34
09,10.2019 18:24:41;30.4;0.14;287.4;25.439139785759245;284.5;Module 1,1_10;29.08;4,26;23,98;0,07;1,58;2,68
09,10.2019 18:26:34;32.6;0.25;287.4;39.59021752776472;284.53;Module 1,1_10;45.43;8,15;32,15;0,12;3,70;4,45
09,10.2019 18:28:26;33.3;0.3;287.4;48.04899644647895;284.59;Module 1,1_10;55.36;9,99;33,51;0,15;5,14;4,85
09,10.2019 18:30:22;32.1;0.17;287.4;26.91540883938263;284.62;Module 1,1_10;31.15;5,46;25,32;0,07;1,77;3,69
09,10.2019 18:32:14;31.7;0.11;287.4;18.035541885907826;284.64;Module 1,1_10;20.97;3,49;17,02;0,05;0,79;2,69
09,10.2019 18:34:07;31.8;0.08;287.4;13.64939986763721;284.61;Module 1,1_10;15.95;2,54;12,88;0,04;0,45;2,09
09,10.2019 18:36:26;32.2;0.07;288.4;13.524334142210247;284.56;Module 1,1_10;15.91;2,25;12,77;0,03;0,45;1,81
09,10.2019 18:38:26;32.2;0.11;288.4;19.04820354011638;284.53;Module 1,1_10;22.55;3,54;17,99;0,05;0,89;2,66
09,10.2019 18:40:18;31.6;0.17;288.4;25.792762854809002;284.52;Module 1,1_10;30.73;5,37;24,30;0,07;1,62;3,75
09,10.2019 18:42:12;31.4;0.16;287.4;24.544625588830698;284.5;Module 1,1_10;29.45;5,02;23,15;0,06;1,47;3,56
09,10.2019 18:44:08;31.5;0.14;287.4;20.28457259704811;284.48;Module 1,1_10;24.53;4,41;19,15;0,05;1,00;3,41
09,10.2019 18:46:01;31.6;0;287.4;9.799551749462491;284.44;Module 1,1_10;11.95;0,00;9,25;0,03;0,23;-0,23
09,10.2019 18:47:54;31.2;0;287.4;8.182402011058239;284.42;Module 1,1_10;10.07;0,00;7,73;0,02;0,16;-0,16
09,10.2019 18:49:50;30.8;0;287.4;9.400351053569795;284.42;Module 1,1_10;11.69;0,00;8,88;0,02;0,22;-0,22
09,10.2019 18:51:56;31.9;0.07;287.4;12.784011999188278;284.4;Module 1,1_10;16.1;2,23;12,07;0,03;0,40;1,83
09,10.2019 18:53:43;31.7;0.09;287.4;16.224671731533842;284.37;Module 1,1_10;20.68;2,85;15,32;0,04;0,64;2,21
09,10.2019 18:55:39;31.6;0.12;287.4;20.025601871379834;284.35;Module 1,1_10;25.9;3,79;18,91;0,05;0,98;2,81
09,10.2019 18:57:34;31.8;0.14;287.4;22.529166909191233;284.32;Module 1,1_10;29.62;4,45;21,26;0,06;1,24;3,21
09,10.2019 18:59:28;31.9;0.22;287.4;32.30578270444083;284.34;Module 1,1_10;43.27;7,02;29,45;0,09;2,53;4,49
09,10.2019 19:01:41;32.5;0.24;287.4;33.42091246521501;284.37;Module 1,1_10;45.91;7,80;30,05;0,09;2,70;5,10
09,10.2019 19:03:38;32;0.22;287.4;30.90032044434273;284.42;Module 1,1_10;43.58;7,04;28,55;0,08;2,32;4,72
09,10.2019 19:05:34;32.3;0.2;288.4;26.038992269833557;284.48;Module 1,1_10;37.88;6,46;24,53;0,07;1,65;4,81
09,10.2019 19:07:26;31.4;0.14;288.4;18.136352696688647;284.52;Module 1,1_10;27.35;4,40;17,13;0,05;0,80;3,59
09,10.2019 19:09:23;31.7;0.12;287.4;14.94450724707762;284.55;Module 1,1_10;23.6;3,80;14,11;0,04;0,54;3,26
09,10.2019 19:11:16;31.6;0.09;287.4;10.777409212086958;284.57;Module 1,1_10;18;2,84;10,17;0,03;0,28;2,56
09,10.2019 19:13:10;31.6;0.08;287.4;9.026705955816954;284.58;Module 1,1_10;16.22;2,53;8,52;0,02;0,20;2,33
09,10.2019 19:15:02;31.6;0.08;287.4;8.401272768416383;284.6;Module 1,1_10;16.63;2,53;7,93;0,02;0,17;2,36
09,10.2019 19:16:58;31.1;0;287.4;5.364345570779515;284.62;Module 1,1_10;12.26;0,00;5,06;0,01;0,07;-0,07
09,10.2019 19:18:52;30.3;0.07;287.4;4.8713276241134835;284.63;Module 1,1_10;13.92;2,12;4,60;0,01;0,06;2,06
09,10.2019 19:20:46;31.1;0.08;287.4;3.9816346670003435;284.62;Module 1,1_10;17.34;2,49;3,76;0,01;0,04;2,45
09,10.2019 19:22:39;30.6;0.11;287.4;4.336028388229292;284.61;Module 1,1_10;22.57;3,37;4,09;0,01;0,05;3,32
09,10.2019 19:24:32;30.5;0.09;287.4;3.458064288353002;284.61;Module 1,1_10;18;2,75;3,27;0,01;0,03;2,72
09,10.2019 19:26:26;30.4;0.07;287.4;2.478279406652985;284.57;Module 1,1_10;12.9;2,13;2,34;0,01;0,01;2,11
09,10.2019 19:28:27;30.2;0;287.4;1.6425805369676763;284.5;Module 1,1_10;8.55;0,00;1,55;0,00;0,01;-0,01
09,10.2019 19:30:21;30.3;0;287.4;0.9778637348731545;284.39;Module 1,1_10;5.09;0,00;0,92;0,00;0,00;-0,00
09,10.2019 19:32:14;29.7;0;287.4;0.0001;284.26;Module 1,1_10;3.15;0,00;0,00;0,00;0,00;0,00
09,10.2019 19:34:08;29.7;0;287.4;0.0001;284.14;Module 1,1_10;1.65;0,00;0,00;0,00;0,00;0,00
09,10.2019 19:36:01;32.1;0;287.4;0.0001;284.06;Module 1,1_10;1.88;0,00;0,00;0,00;0,00;0,00
09,10.2019 19:37:53;28.6;0;287.4;0.0001;284.03;Module 1,1_10;0.36;0,00;0,00;0,00;0,00;0,00
09,10.2019 19:39:59;26.7;0;287.4;0.0001;284;Module 1,1_10;-0.01;0,00;0,00;0,00;0,00;0,00
09,10.2019 19:41:52;22.7;0;287.4;0.0001;284.03;Module 1,1_10;-0.01;0,00;0,00;0,00;0,00;0,00
09,10.2019 19:43:44;22.7;0;287.4;0.0001;284.02;Module 1,1_10;-0.01;0,00;0,00;0,00;0,00;0,00
09,10.2019 19:45:37;22.7;0;287.4;0.0001;284.07;Module 1,1_10;-0.01;0,00;0,00;0,00;0,00;0,00
10,10.2019 08:45:09;30.3;0;281.9;9.816613992605838;281.56;Module 1,1_10;13.31;0,00;9,25;0,03;0,23;-0,23
10,10.2019 08:47:12;30.3;0.07;281.9;11.63057147512275;281.59;Module 1,1_10;15.56;2,12;10,95;0,03;0,33;1,79
10,10.2019 08:49:05;30;0.09;283.9;14.105691313441241;281.61;Module 1,1_10;18.66;2,70;13,30;0,04;0,48;2,22
10,10.2019 08:51:04;30.5;0.12;283.9;19.709722596214377;281.65;Module 1,1_10;25.79;3,66;18,58;0,05;0,94;2,72
10,10.2019 08:53:02;31.8;0.16;283.9;25.419349864677052;281.68;Module 1,1_10;32.93;5,09;23,94;0,07;1,57;3,52
10,10.2019 08:54:58;32.4;0.19;284.4;29.679345716335835;281.73;Module 1,1_10;38.1;6,16;27,73;0,08;2,14;4,02
10,10.2019 08:56:53;32.5;0.15;284.4;24.203010441385974;281.78;Module 1,1_10;30.81;4,88;22,81;0,06;1,42;3,45
10,10.2019 08:58:46;32.3;0.17;285.9;27.61212987717365;281.83;Module 1,1_10;34.88;5,49;25,95;0,07;1,86;3,64
10,10.2019 09:00:39;32.4;0.21;285.9;33.377532503905364;281.89;Module 1,1_10;41.86;6,80;30,16;0,09;2,70;4,11
10,10.2019 09:02:38;33.2;0.26;285.9;40.393471026792426;281.96;Module 1,1_10;50.3;8,63;32,55;0,12;3,84;4,79
10,10.2019 09:04:32;33.1;0.26;285.9;41.210076931296676;282.02;Module 1,1_10;50.99;8,61;32,72;0,12;3,98;4,63
10,10.2019 09:06:24;32.7;0.18;285.9;28.324615358772686;282.05;Module 1,1_10;34.84;5,89;26,57;0,07;1,95;3,93
10,10.2019 09:08:17;32.1;0.11;285.9;18.526352718372276;282.04;Module 1,1_10;22.66;3,53;17,48;0,05;0,84;2,70
10,10.2019 09:10:22;32.2;0;285.9;11.316068450958467;282.03;Module 1,1_10;13.76;0,00;10,68;0,03;0,31;-0,31
10,10.2019 09:12:15;31.6;0;285.9;7.603922878680904;282;Module 1,1_10;9.2;0,00;7,17;0,02;0,14;-0,14
10,10.2019 09:14:09;31.4;0;285.9;6.411273562485772;281.97;Module 1,1_10;7.72;0,00;6,05;0,02;0,10;-0,10
10,10.2019 09:16:04;30.6;0;285.9;4.388339041089694;281.93;Module 1,1_10;5.26;0,00;4,14;0,01;0,05;-0,05
10,10.2019 09:18:17;30.7;0;285.9;5.03921441978537;281.87;Module 1,1_10;6.01;0,00;4,76;0,01;0,06;-0,06
10,10.2019 09:20:10;35.2;0;285.9;8.890012342493257;281.82;Module 1,1_10;10.56;0,00;8,39;0,02;0,19;-0,19
10,10.2019 09:22:03;36.4;0;285.9;11.873599449387612;281.74;Module 1,1_10;14.05;0,00;11,20;0,03;0,34;-0,34
10,10.2019 09:23:56;36.8;0;287.4;13.147058127254777;281.71;Module 1,1_10;15.5;0,00;12,41;0,03;0,42;-0,42
10,10.2019 09:25:59;36.1;0;287.4;12.524484190081155;281.69;Module 1,1_10;14.71;0,00;11,82;0,03;0,38;-0,38
10,10.2019 09:27:52;31.6;0;286.4;12.053707282719767;281.67;Module 1,1_10;14.11;0,00;11,38;0,03;0,35;-0,35
10,10.2019 09:29:46;32.2;0;286.4;9.452903924716317;281.66;Module 1,1_10;11.03;0,00;8,92;0,02;0,22;-0,22
10,10.2019 09:31:43;31.7;0;286.4;8.39094017144501;281.67;Module 1,1_10;9.76;0,00;7,92;0,02;0,17;-0,17
10,10.2019 09:33:44;33.4;0;286.4;9.12436782122645;281.68;Module 1,1_10;10.58;0,00;8,61;0,02;0,20;-0,20
10,10.2019 09:35:37;34.8;0;286.4;11.31197426295218;281.7;Module 1,1_10;13.08;0,00;10,67;0,03;0,31;-0,31
10,10.2019 09:37:30;36.6;0;286.4;15.062457583325253;281.69;Module 1,1_10;17.37;0,00;14,21;0,04;0,55;-0,55
10,10.2019 09:39:23;37.4;0;287.4;16.970544055780778;281.7;Module 1,1_10;19.52;0,00;16,02;0,04;0,70;-0,70
10,10.2019 09:41:41;37.4;0;287.4;18.861763261011266;281.71;Module 1,1_10;21.63;0,00;17,80;0,05;0,87;-0,87
10,10.2019 09:43:34;38;0;287.4;22.866065743929354;281.71;Module 1,1_10;26.16;0,00;21,58;0,06;1,27;-1,27
10,10.2019 09:45:29;38.5;0;287.4;24.04059049840086;281.74;Module 1,1_10;27.44;0,00;22,68;0,06;1,41;-1,41
10,10.2019 09:47:22;37.8;0;287.4;21.27492963309639;281.75;Module 1,1_10;24.23;0,00;20,08;0,05;1,10;-1,10
10,10.2019 09:49:42;37.7;0;289.9;21.013668311447795;281.75;Module 1,1_10;23.87;0,00;19,85;0,05;1,08;-1,08
10,10.2019 09:51:37;37.2;0;289.9;23.35064464970361;281.76;Module 1,1_10;26.47;0,00;22,05;0,06;1,33;-1,33
10,10.2019 09:53:30;38.2;0;289.9;26.56066174850697;281.78;Module 1,1_10;30.05;0,00;25,00;0,07;1,72;-1,72
10,10.2019 09:55:22;38;0;289.9;28.399261888261215;281.82;Module 1,1_10;32.07;0,00;26,58;0,07;1,97;-1,97
10,10.2019 09:57:17;38.5;0;289.9;25.83491637492859;281.84;Module 1,1_10;29.12;0,00;24,34;0,07;1,63;-1,63
10,10.2019 09:59:10;37.9;0;289.9;24.316392183851054;281.86;Module 1,1_10;27.36;0,00;22,95;0,06;1,44;-1,44
10,10.2019 10:01:06;38.6;0;289.9;31.009768699057656;281.89;Module 1,1_10;34.83;0,00;28,50;0,08;2,34;-2,34
10,10.2019 10:02:59;38.8;0;289.9;31.061107486301072;281.94;Module 1,1_10;34.83;0,00;28,53;0,08;2,35;-2,35
10,10.2019 10:05:08;38.6;0;289.9;28.803892867826924;281.99;Module 1,1_10;32.24;0,00;26,91;0,08;2,02;-2,02
10,10.2019 10:07:31;37.7;0;289.9;28.949590735918207;282.03;Module 1,1_10;32.34;0,00;27,02;0,08;2,04;-2,04
10,10.2019 10:09:24;38.6;0;289.9;27.93480493759018;282.07;Module 1,1_10;31.16;0,00;26,20;0,07;1,90;-1,90
10,10.2019 10:11:17;37.9;0;289.9;21.1339722565956;282.12;Module 1,1_10;23.54;0,00;19,97;0,05;1,09;-1,09
10,10.2019 10:13:09;37.2;0;289.9;21.271205956780676;282.15;Module 1,1_10;23.66;0,00;20,09;0,06;1,11;-1,11
10,10.2019 10:15:06;37.5;0;289.9;29.20580962755679;282.18;Module 1,1_10;32.44;0,00;27,22;0,08;2,08;-2,08
10,10.2019 10:16:59;38.5;0;289.9;35.16715473694924;282.25;Module 1,1_10;39.01;0,00;30,54;0,10;2,98;-2,98
10,10.2019 10:18:51;39.3;0;289.9;45.35749934799344;282.3;Module 1,1_10;50.25;0,00;32,77;0,14;4,65;-4,65
10,10.2019 10:20:49;39.6;0.11;289.9;54.07502959843538;282.35;Module 1,1_10;59.83;4,36;33,67;0,18;6,15;-1,79
10,10.2019 10:22:52;36.3;0.31;290.4;53.757057809565445;282.38;Module 1,1_10;59.4;11,25;33,55;0,18;6,09;5,17
10,10.2019 10:24:45;33.2;0.27;290.4;48.90027589373789;282.43;Module 1,1_10;53.97;8,96;33,10;0,16;5,25;3,71
10,10.2019 10:26:42;32.9;0.29;290.4;50.79959935934979;282.44;Module 1,1_10;56;9,54;33,30;0,17;5,58;3,96
10,10.2019 10:28:35;32.5;0.2;287.4;35.53566415035401;282.46;Module 1,1_10;39.13;6,50;30,97;0,10;3,04;3,46
10,10.2019 10:30:28;32.1;0.16;287.4;28.32837173998604;282.48;Module 1,1_10;31.16;5,14;26,55;0,07;1,96;3,18
10,10.2019 10:32:20;32.2;0.12;287.4;22.342355517380344;282.5;Module 1,1_10;24.55;3,86;21,09;0,06;1,22;2,65
10,10.2019 10:34:23;31.9;0.07;287.4;14.905453512126051;282.5;Module 1,1_10;16.36;2,23;14,07;0,04;0,54;1,69
10,10.2019 10:36:45;30.7;0;287.4;10.125754815202889;282.53;Module 1,1_10;11.1;0,00;9,56;0,03;0,25;-0,25
10,10.2019 10:38:38;31;0;286.4;15.76943715775761;282.42;Module 1,1_10;17.27;0,00;14,88;0,04;0,61;-0,61
10,10.2019 10:40:31;31.2;0.24;286.4;43.66957172356046;282.17;Module 1,1_10;47.78;7,49;33,08;0,13;4,39;3,10
10,10.2019 10:42:26;33.8;0.56;286.4;97.69428121171879;282.06;Module 1,1_10;106.79;18,93;36,16;0,39;14,15;4,78
10,10.2019 10:44:19;35.1;0.48;286.4;82.66448139757942;282.1;Module 1,1_10;90.28;16,85;35,74;0,32;11,37;5,48
10,10.2019 10:46:13;34.6;0.36;286.4;61.81474051796683;282.17;Module 1,1_10;67.45;12,46;34,82;0,22;7,58;4,88
10,10.2019 10:48:07;32.9;0.18;287.4;29.278335299773786;282.21;Module 1,1_10;31.92;5,92;27,34;0,08;2,09;3,83
10,10.2019 10:50:04;31.8;0.08;287.4;16.34095288758252;282.22;Module 1,1_10;17.8;2,54;15,43;0,04;0,65;1,89
10,10.2019 10:52:02;31.1;0;286.4;8.756248478023311;282.25;Module 1,1_10;9.53;0,00;8,27;0,02;0,19;-0,19
10,10.2019 10:53:55;30.3;0;286.4;7.898818118308137;282.28;Module 1,1_10;8.59;0,00;7,45;0,02;0,15;-0,15
10,10.2019 10:55:54;29.7;0;286.4;9.101618534522574;282.28;Module 1,1_10;9.89;0,00;8,59;0,02;0,20;-0,20
10,10.2019 10:57:48;29.3;0.08;285.9;15.50939715454394;282.25;Module 1,1_10;16.84;2,34;14,63;0,04;0,59;1,76
10,10.2019 10:59:41;29.6;0.17;285.9;30.672997096795086;282.21;Module 1,1_10;33.28;5,03;28,46;0,08;2,29;2,75
10,10.2019 11:01:34;32.2;0.34;286.4;61.666893088196915;282.22;Module 1,1_10;66.86;10,95;34,81;0,22;7,55;3,39
10,10.2019 11:03:49;33.6;0.46;286.4;86.28243978433855;282.28;Module 1,1_10;93.47;15,46;35,86;0,34;12,04;3,42
10,10.2019 11:05:53;34.8;0.47;286.4;85.79299748312674;282.37;Module 1,1_10;92.87;16,36;35,84;0,33;11,95;4,41
10,10.2019 11:08:06;34.7;0.4;287.4;72.98180776306249;282.45;Module 1,1_10;78.94;13,88;35,20;0,27;9,57;4,31
10,10.2019 11:09:59;34.3;0.34;287.4;62.621704149812714;282.49;Module 1,1_10;67.69;11,66;34,69;0,22;7,70;3,96
10,10.2019 11:11:44;34.2;0.4;287.4;73.17446397572745;282.53;Module 1,1_10;79.05;13,68;35,21;0,27;9,60;4,08
10,10.2019 11:13:38;34.8;0.51;287.4;96.94198165278436;282.6;Module 1,1_10;104.66;17,75;35,97;0,39;13,96;3,79
10,10.2019 11:15:30;35.2;0.62;287.4;113.12730031770192;282.67;Module 1,1_10;122.06;21,82;36,32;0,47;16,96;4,86
10,10.2019 11:17:29;35.3;0.6;289.9;109.44251817071766;282.8;Module 1,1_10;118.01;21,18;35,80;0,45;16,12;5,06
10,10.2019 11:19:24;35;0.48;289.9;89.99277649215902;282.89;Module 1,1_10;96.98;16,80;35,34;0,36;12,56;4,24
10,10.2019 11:21:20;35;0.57;289.9;112.67305391518649;282.97;Module 1,1_10;121.35;19,95;35,87;0,47;16,71;3,24
10,10.2019 11:23:17;35.6;0.72;289.9;137.64571230764665;283.06;Module 1,1_10;148.16;25,63;36,27;0,59;21,33;4,30
10,10.2019 11:25:15;35.7;0.8;289.9;154.18695296261652;283.23;Module 1,1_10;165.87;28,56;36,47;0,67;24,41;4,15
10,10.2019 11:27:14;35.5;0.66;289.9;122.7345380279733;283.35;Module 1,1_10;131.96;23,43;36,04;0,52;18,57;4,86
10,10.2019 11:29:07;35.1;0.56;289.9;107.91891399339956;283.42;Module 1,1_10;115.97;19,66;35,77;0,44;15,84;3,82
10,10.2019 11:31:01;34.8;0.5;289.9;97.64002031137639;283.41;Module 1,1_10;104.87;17,40;35,54;0,39;13,96;3,44
10,10.2019 11:33:00;34.8;0.45;289.9;89.53127034972493;283.4;Module 1,1_10;96.11;15,66;35,33;0,35;12,48;3,18
10,10.2019 11:34:53;34.3;0.35;289.9;69.56507023039907;283.34;Module 1,1_10;74.64;12,00;34,61;0,26;8,88;3,12
10,10.2019 11:36:50;34.1;0.4;289.4;91.28905161409264;283.33;Module 1,1_10;97.9;13,64;35,47;0,36;12,82;0,82
10,10.2019 11:38:43;35.4;1.04;289.4;201.23845667800134;283.46;Module 1,1_10;215.71;36,82;36,98;0,90;33,29;3,53
10,10.2019 11:40:37;36.1;1.32;290.4;244.04217310405423;283.75;Module 1,1_10;261.47;47,65;37,05;1,11;41,18;6,47
10,10.2019 11:42:30;35.8;0.91;290.4;174.13860201017036;283.92;Module 1,1_10;186.49;32,58;36,59;0,77;28,08;4,50
10,10.2019 11:44:22;35.3;0.85;290.4;159.9782505420347;283.98;Module 1,1_10;171.25;30,00;36,45;0,70;25,44;4,57
10,10.2019 11:46:29;35;0.79;291.9;158.28049836472934;284.1;Module 1,1_10;169.35;27,65;36,16;0,69;24,97;2,68
10,10.2019 11:48:22;35.5;0.97;291.9;184.92137857549568;284.23;Module 1,1_10;197.77;34,44;36,41;0,82;29,90;4,53
10,10.2019 11:50:14;35;0.76;291.9;144.40055378745126;284.34;Module 1,1_10;154.37;26,60;36,00;0,62;22,40;4,20
10,10.2019 11:52:21;35;0.86;291.9;163.64224075097695;284.39;Module 1,1_10;174.86;30,10;36,21;0,72;25,96;4,14
10,10.2019 11:54:29;35.1;0.71;292.4;132.969039544794;284.42;Module 1,1_10;142.02;24,92;35,75;0,57;20,26;4,66
10,10.2019 11:56:22;34.8;0.62;292.4;120.90087244028315;284.41;Module 1,1_10;129.08;21,58;35,56;0,51;18,05;3,53
10,10.2019 11:58:15;34.1;0.5;292.4;107.22953863177634;284.31;Module 1,1_10;114.44;17,05;35,31;0,44;15,56;1,49
10,10.2019 12:00:17;35.5;0.95;292.4;192.26449398287505;284.2;Module 1,1_10;205.11;33,73;36,38;0,86;31,20;2,52
10,10.2019 12:02:18;35.5;0.7;292.4;137.49155078883177;284.25;Module 1,1_10;146.62;24,85;35,82;0,59;21,09;3,76
10,10.2019 12:04:14;34.6;0.52;292.4;100.0656940232576;284.28;Module 1,1_10;106.67;17,99;35,15;0,41;14,26;3,73
10,10.2019 12:06:07;34.6;0.7;292.4;168.43643726294871;284.32;Module 1,1_10;179.49;24,22;36,17;0,74;26,79;-2,57
10,10.2019 12:08:06;36.3;1.22;292.4;235.75961860528687;284.47;Module 1,1_10;251.14;44,29;36,66;1,07;39,29;5,00
10,10.2019 12:10:09;35.4;1.01;292.4;193.91534057331907;284.68;Module 1,1_10;206.49;35,75;36,39;0,87;31,51;4,25
10,10.2019 12:12:02;35.3;1.05;292.4;203.5802857796687;284.76;Module 1,1_10;216.71;37,06;36,46;0,91;33,30;3,76
10,10.2019 12:13:55;35.6;1.01;294;187.40796886209407;284.84;Module 1,1_10;199.43;35,96;36,05;0,83;30,09;5,86
10,10.2019 12:15:47;35.4;0.78;294;154.0025133593848;284.85;Module 1,1_10;163.83;27,61;35,73;0,67;23,96;3,65
10,10.2019 12:17:44;35.2;0.9;294;178.1525216982732;284.87;Module 1,1_10;189.46;31,68;35,98;0,79;28,39;3,29
10,10.2019 12:19:37;35.7;1.18;294;240.6160059230862;285.04;Module 1,1_10;255.81;42,13;36,40;1,10;39,91;2,22
10,10.2019 12:22:29;36.2;1.48;294;303.4259010313721;285.53;Module 1,1_10;322.44;53,58;36,65;1,41;51,52;2,05
10,10.2019 12:24:34;36;1.19;294;252.88894261130756;285.75;Module 1,1_10;268.65;42,84;36,46;1,16;42,18;0,66
10,10.2019 12:26:26;35.5;1.16;294;242.29179458543538;285.89;Module 1,1_10;257.32;41,18;36,41;1,10;40,22;0,96
10,10.2019 12:28:20;35.6;1.16;294.5;230.72780268797564;285.87;Module 1,1_10;244.97;41,30;36,26;1,05;38,00;3,30
10,10.2019 12:30:12;35.1;0.99;294.5;201.78239227707968;285.84;Module 1,1_10;214.18;34,75;36,08;0,91;32,67;2,08
10,10.2019 12:32:10;35.4;1.49;294.5;298.21571783251414;285.83;Module 1,1_10;316.45;52,75;36,55;1,38;50,45;2,30
10,10.2019 12:34:03;35.8;1.23;294.5;253.05712324519402;286.16;Module 1,1_10;268.46;44,03;36,37;1,16;42,11;1,92
10,10.2019 12:35:57;35.9;1.95;294.5;559.9791250072606;286.57;Module 1,1_10;593.91;70,00;36,86;2,67;98,43;-28,43
10,10.2019 12:37:51;34.9;0.9;296;181.8876745819249;286.85;Module 1,1_10;192.86;31,41;35,66;0,81;28,83;2,58
10,10.2019 12:39:43;35.2;0.91;296;185.45062240549245;286.88;Module 1,1_10;196.59;32,03;35,68;0,83;29,47;2,56
10,10.2019 12:41:37;35.5;0.74;296;148.00776988437127;286.64;Module 1,1_10;156.86;26,27;35,30;0,64;22,67;3,60
10,10.2019 12:43:30;34.9;0.74;296;152.66721043041525;286.51;Module 1,1_10;161.76;25,83;35,36;0,67;23,52;2,31
10,10.2019 12:45:23;35.1;0.83;296;154.72260716527288;286.34;Module 1,1_10;163.9;29,13;35,38;0,68;23,89;5,24
10,10.2019 12:47:22;34.8;0.59;296;117.43395476176619;286.17;Module 1,1_10;124.37;20,53;34,86;0,49;17,16;3,37
10,10.2019 12:49:15;34.4;0.49;296;104.16218515267698;285.92;Module 1,1_10;110.29;16,86;34,59;0,43;14,79;2,06
10,10.2019 12:51:11;34.4;0.46;296;98.44182331334369;285.78;Module 1,1_10;104.21;15,82;34,47;0,40;13,78;2,05
10,10.2019 12:53:09;34;0.37;294.5;76.8735568634489;285.62;Module 1,1_10;81.36;12,58;34,09;0,29;10,03;2,55
10,10.2019 12:55:02;33.6;0.38;294.5;76.7382252764143;285.52;Module 1,1_10;81.2;12,77;34,09;0,29;10,01;2,76
10,10.2019 12:57:00;33.8;0.51;294;97.53102728637312;285.39;Module 1,1_10;103.18;17,24;34,80;0,39;13,72;3,52
10,10.2019 12:58:54;34;0.53;294;105.01941215913023;285.32;Module 1,1_10;111.08;18,02;34,98;0,43;15,07;2,95
10,10.2019 13:00:46;34.8;0.73;294;144.79336122411303;285.35;Module 1,1_10;153.12;25,40;35,63;0,63;22,28;3,12
10,10.2019 13:02:39;34.8;0.5;294;95.52564374075257;285.4;Module 1,1_10;101;17,40;34,76;0,38;13,36;4,04
10,10.2019 13:04:56;33.1;0.38;294;67.88561765778861;285.37;Module 1,1_10;71.76;12,58;33,80;0,25;8,47;4,11
10,10.2019 13:06:50;32.7;0.43;294;76.98120616836839;285.32;Module 1,1_10;81.36;14,06;34,19;0,29;10,07;3,99
10,10.2019 13:08:45;33.5;0.39;294;67.69229290152079;285.22;Module 1,1_10;71.53;13,07;33,80;0,25;8,44;4,63
10,10.2019 13:10:37;32.1;0.23;294;40.9554126280976;285.15;Module 1,1_10;43.27;7,38;31,43;0,12;3,90;3,49
10,10.2019 13:12:36;32.7;0.37;291.9;70.72601954685501;285.08;Module 1,1_10;74.71;12,10;34,30;0,26;9,03;3,07
10,10.2019 13:14:29;32.9;0.43;291.9;80.82120093830025;285.08;Module 1,1_10;85.36;14,15;34,70;0,31;10,83;3,32
10,10.2019 13:16:21;33.7;0.46;291.9;87.26383359909514;285.07;Module 1,1_10;92.15;15,50;34,91;0,34;11,98;3,52
10,10.2019 13:18:21;34.2;0.45;291.9;93.89854916032573;285.07;Module 1,1_10;99.14;15,39;35,09;0,38;13,18;2,21
10,10.2019 13:20:19;35.3;0.45;291.9;104.88272992202033;285.1;Module 1,1_10;110.72;15,88;35,35;0,43;15,17;0,72
10,10.2019 13:22:19;36.2;0.87;291.9;200.34260274062441;285.2;Module 1,1_10;211.46;31,49;36,53;0,90;32,77;-1,28
10,10.2019 13:24:12;36.5;2.3;291.9;359.0019549684083;285.42;Module 1,1_10;378.87;83,95;37,16;1,68;62,37;21,58
10,10.2019 13:26:08;36.3;1.03;294;208.6537210531773;285.87;Module 1,1_10;220.17;37,39;36,21;0,94;34,01;3,38
10,10.2019 13:28:01;35.4;0.79;294;154.9970905616677;285.99;Module 1,1_10;163.53;27,97;35,75;0,68;24,14;3,82
10,10.2019 13:29:54;34.9;0.69;292.4;139.9070190596153;286;Module 1,1_10;147.59;24,08;35,85;0,60;21,53;2,55
10,10.2019 13:31:50;34.6;0.63;292.4;126.38675056169738;285.98;Module 1,1_10;133.31;21,80;35,66;0,53;19,05;2,74
10,10.2019 13:33:43;33.8;0.35;292.4;64.73242265464316;285.83;Module 1,1_10;68.27;11,83;33,93;0,23;7,96;3,87
10,10.2019 13:35:38;32.5;0.27;291.9;52.1468512203779;285.68;Module 1,1_10;54.99;8,78;33,16;0,17;5,79;2,99
10,10.2019 13:37:34;32.6;0.36;291.9;65.87647044837682;285.58;Module 1,1_10;69.46;11,74;34,08;0,24;8,17;3,56
10,10.2019 13:39:27;32.9;0.28;291.9;50.50837296737633;285.48;Module 1,1_10;53.25;9,21;33,01;0,17;5,51;3,70
10,10.2019 13:41:23;31.7;0.22;291.9;41.056210468185334;285.35;Module 1,1_10;43.28;6,97;31,77;0,12;3,92;3,05
10,10.2019 13:43:20;32;0.24;291.9;44.35267134333299;285.18;Module 1,1_10;46.75;7,68;32,30;0,14;4,47;3,21
10,10.2019 13:45:13;32;0.23;290.4;43.958597074854474;285;Module 1,1_10;46.33;7,36;32,48;0,14;4,41;2,95
10,10.2019 13:47:18;32.1;0.26;290.4;50.16917494960167;284.83;Module 1,1_10;52.87;8,35;33,23;0,16;5,47;2,88
10,10.2019 13:49:11;33.2;0.37;290.4;72.11475582664693;284.68;Module 1,1_10;75.99;12,28;34,63;0,27;9,32;2,96
10,10.2019 13:51:25;34.8;0.57;290.4;112.56356555376273;284.59;Module 1,1_10;118.6;19,84;35,77;0,47;16,66;3,17
10,10.2019 13:53:24;36.1;1.19;290.4;231.26936123281934;284.64;Module 1,1_10;243.65;42,96;36,98;1,05;38,78;4,18
10,10.2019 13:55:16;36.3;2.33;291.9;495.7334143455654;284.97;Module 1,1_10;522.23;84,58;37,30;2,35;87,76;-3,18
10,10.2019 13:57:21;35.9;1.48;291.9;291.7711732124212;285.67;Module 1,1_10;307.34;53,13;36,98;1,35;49,83;3,30
10,10.2019 13:59:14;35.5;0.94;292.4;191.16424780758646;285.92;Module 1,1_10;201.35;33,37;36,37;0,85;31,00;2,37
10,10.2019 14:01:18;34.8;0.93;292.4;196.0496558788396;285.99;Module 1,1_10;206.48;32,36;36,41;0,88;31,90;0,46
10,10.2019 14:03:11;35.1;0.86;292.4;173.0644877100207;286.08;Module 1,1_10;182.26;30,19;36,22;0,76;27,65;2,54
10,10.2019 14:05:04;34.8;0.74;292.4;149.83836662246404;286.13;Module 1,1_10;157.79;25,75;35,98;0,65;23,36;2,39
10,10.2019 14:07:01;34.6;0.63;292.4;123.72218770375166;286.06;Module 1,1_10;130.28;21,80;35,61;0,52;18,57;3,23
10,10.2019 14:08:54;34.8;0.9;292.4;181.17728105939096;286.04;Module 1,1_10;190.77;31,32;36,29;0,80;29,15;2,17
10,10.2019 14:10:49;35.4;1;292.4;209.53722672951434;286.14;Module 1,1_10;220.62;35,40;36,50;0,94;34,41;0,99
10,10.2019 14:12:43;36.1;4.74;292.4;945.850271657489;286.42;Module 1,1_10;995.83;171,11;36,87;4,57;168,41;2,71
10,10.2019 14:14:37;36.3;2.35;294;764.8027957282646;287.08;Module 1,1_10;805.18;85,30;36,82;3,68;135,46;-50,16
10,10.2019 14:16:30;36.4;4.49;294;950.7940293376672;287.92;Module 1,1_10;1000.95;163,44;36,59;4,59;168,04;-4,60
10,10.2019 14:18:22;35.4;2.04;294;425.5575177757774;288.5;Module 1,1_10;447.99;72,22;36,89;2,01;74,06;-1,85
10,10.2019 14:21:09;35.8;3.06;296;890.9027115936976;289.03;Module 1,1_10;937.82;109,55;36,33;4,30;156,20;-46,65
10,10.2019 14:23:14;35.5;4.19;298;855.4950866616737;289.68;Module 1,1_10;900.52;148,75;36,03;4,13;148,68;0,07
10,10.2019 14:25:08;35.5;2.28;298;318.5906183875547;290.04;Module 1,1_10;335.35;80,94;35,99;1,48;53,35;27,59
10,10.2019 14:27:02;34.2;1.58;298;338.0540504864135;289.34;Module 1,1_10;355.83;54,04;36,04;1,58;56,89;-2,85
10,10.2019 14:28:55;34.7;1.42;298.5;274.23468818701195;288.91;Module 1,1_10;288.65;49,27;35,75;1,26;45,20;4,08
10,10.2019 14:30:48;34.5;1.42;298.5;256.1963921332981;288.6;Module 1,1_10;269.66;48,99;35,67;1,18;41,93;7,06
10,10.2019 14:32:42;34.5;1.06;298.5;209.79685258606563;288.28;Module 1,1_10;220.82;36,57;35,41;0,95;33,54;3,03
10,10.2019 14:34:34;34.8;1.36;298.5;247.76346357500884;288.02;Module 1,1_10;260.78;47,33;35,63;1,13;40,40;6,92
10,10.2019 14:36:28;35.2;1.48;298.5;394.0109784205963;287.7;Module 1,1_10;414.71;52,10;36,06;1,85;66,87;-14,78
10,10.2019 14:38:26;35.5;1.73;298;530.2145126286894;287.93;Module 1,1_10;558.07;61,41;36,25;2,53;91,55;-30,13
10,10.2019 14:40:19;35.4;1.28;298;271.5425154417647;287.97;Module 1,1_10;285.81;45,31;35,83;1,25;44,81;0,50
10,10.2019 14:42:13;35.7;2.53;298;630.4198230791851;287.95;Module 1,1_10;663.55;90,32;36,23;3,02;109,39;-19,07
10,10.2019 14:44:06;36.4;4.49;298;834.3129091864572;288.52;Module 1,1_10;878.17;163,44;36,05;4,02;145,03;18,41
10,10.2019 14:46:08;36;4.12;298;590.9917788717122;289.14;Module 1,1_10;622.07;148,32;36,24;2,83;102,39;45,93
10,10.2019 14:48:01;36.4;1.16;300;321.02133066253566;289.24;Module 1,1_10;337.91;42,22;35,64;1,50;53,30;-11,08
10,10.2019 14:49:56;35.6;1;300;211.184023554582;289.19;Module 1,1_10;222.3;35,60;35,16;0,95;33,56;2,04
10,10.2019 14:52:01;34.1;1.05;300;227.3929894884464;288.64;Module 1,1_10;239.37;35,80;35,26;1,03;36,47;-0,66
10,10.2019 14:53:58;34.3;0.91;300;191.5346020527595;288.21;Module 1,1_10;201.63;31,21;35,02;0,86;30,04;1,17
10,10.2019 14:55:51;34.7;0.97;300;195.22240766344478;287.92;Module 1,1_10;205.52;33,66;35,05;0,88;30,70;2,96
10,10.2019 14:57:44;34.6;0.83;298.5;172.96858314397912;287.68;Module 1,1_10;182.1;28,72;35,13;0,77;26,90;1,81
10,10.2019 14:59:45;35.2;1;298.5;205.32944058499587;287.44;Module 1,1_10;216.18;35,20;35,38;0,93;32,73;2,47
10,10.2019 15:01:41;35.4;0.95;298.5;208.37696417021732;287.45;Module 1,1_10;219.4;33,63;35,41;0,94;33,28;0,35
10,10.2019 15:03:33;36.9;1.51;298;311.0383713900193;287.64;Module 1,1_10;327.51;55,72;35,97;1,45;51,98;3,74
10,10.2019 15:05:27;35.5;1.38;298;285.87304758412233;287.64;Module 1,1_10;301.03;48,99;35,88;1,32;47,41;1,58
10,10.2019 15:07:20;35.7;1.7;296.5;354.90899545262175;287.73;Module 1,1_10;373.75;60,69;36,34;1,66;60,36;0,33
10,10.2019 15:09:19;35.3;1.29;296.5;277.3076616496408;287.86;Module 1,1_10;292.05;45,54;36,12;1,28;46,17;-0,64
10,10.2019 15:11:12;35.6;1.4;296.5;291.8521121008664;287.9;Module 1,1_10;307.39;49,84;36,17;1,35;48,83;1,01
10,10.2019 15:13:04;35.5;2.62;296.5;347.5394001257577;287.96;Module 1,1_10;366.07;93,01;36,33;1,62;59,01;34,00
10,10.2019 15:14:59;35.2;1.15;296.5;238.82506951908553;288.02;Module 1,1_10;251.58;40,48;35,95;1,09;39,14;1,34
10,10.2019 15:16:58;35.2;3.09;296.5;471.4082731669745;288.08;Module 1,1_10;496.63;108,77;36,49;2,23;81,56;27,21
10,10.2019 15:18:50;35.9;1.76;296.5;539.3991552205121;288.17;Module 1,1_10;568.31;63,18;36,51;2,57;93,84;-30,65
10,10.2019 15:20:42;35.7;1.91;296.5;332.83715301838924;288.12;Module 1,1_10;350.71;68,19;36,29;1,55;56,32;11,86
10,10.2019 15:22:35;37.2;3.1;298;716.005551933962;288.4;Module 1,1_10;754.53;115,32;36,18;3,44;124,46;-9,14
10,10.2019 15:24:51;36.8;2.42;298;696.6719514375886;289.21;Module 1,1_10;734.25;89,06;36,20;3,34;121,07;-32,02
10,10.2019 15:26:46;37.1;3.88;300;914.9580688081077;290.15;Module 1,1_10;964.42;143,95;35,61;4,42;157,35;-13,41
10,10.2019 15:28:39;36.9;3.52;300;827.5892097910951;291.11;Module 1,1_10;872.43;129,89;35,72;3,99;142,52;-12,63
10,10.2019 15:30:32;36.8;3.35;300;805.9860286260293;291.83;Module 1,1_10;849.76;123,28;35,74;3,88;138,82;-15,54
10,10.2019 15:32:25;35.9;3.69;302;861.5525207590999;292.26;Module 1,1_10;908.46;132,47;35,34;4,16;146,89;-14,42
10,10.2019 15:34:28;33.6;1.38;302;280.2205683682289;291.65;Module 1,1_10;295.52;46,37;35,15;1,30;45,53;0,83
10,10.2019 15:36:21;35;1.98;302.5;468.4264766405444;291.07;Module 1,1_10;494.07;69,30;35,44;2,22;78,77;-9,47
10,10.2019 15:38:14;36.7;3.73;302.5;873.1002911237433;290.85;Module 1,1_10;921.03;136,89;35,23;4,21;148,47;-11,58
10,10.2019 15:40:30;35.2;1.58;302.5;275.1337294289146;290.5;Module 1,1_10;290.29;55,62;35,04;1,27;44,52;11,09
10,10.2019 15:42:26;34;1.11;302.5;220.88462532686952;289.92;Module 1,1_10;233.09;37,74;34,77;1,00;34,89;2,85
10,10.2019 15:44:21;34.2;0.97;302.5;201.22571680244863;289.45;Module 1,1_10;212.38;33,17;34,64;0,91;31,41;1,76
10,10.2019 15:46:15;34.8;0.81;302;175.73698163442117;289.08;Module 1,1_10;185.51;28,19;34,52;0,78;26,97;1,22
10,10.2019 15:48:19;34.8;1.05;302;231.12953483614297;288.66;Module 1,1_10;244.03;36,54;34,92;1,05;36,80;-0,26
10,10.2019 15:50:12;36.1;1.05;300;211.419035362429;288.59;Module 1,1_10;223.26;37,91;35,16;0,96;33,60;4,30
10,10.2019 15:52:15;34.6;0.82;300;160.9412281368729;288.48;Module 1,1_10;169.99;28,37;34,73;0,71;24,58;3,79
10,10.2019 15:54:09;34.3;0.69;300;132.56880136025157;288.28;Module 1,1_10;140.05;23,67;34,38;0,57;19,54;4,12
10,10.2019 15:56:24;34.1;0.59;298;109.24691301383547;288.06;Module 1,1_10;115.44;20,12;34,34;0,45;15,57;4,55
10,10.2019 15:58:16;33.7;0.45;298;82.16408381607388;287.9;Module 1,1_10;86.84;15,17;33,65;0,32;10,82;4,34
10,10.2019 16:00:09;32.3;0.42;296.5;77.86105556932178;287.61;Module 1,1_10;82.31;13,57;33,77;0,30;10,13;3,44
10,10.2019 16:02:02;32.4;0.5;296.5;91.6702136003953;287.38;Module 1,1_10;96.93;16,20;34,20;0,37;12,55;3,65
10,10.2019 16:03:54;33.3;0.6;296.5;114.25646585744315;287.22;Module 1,1_10;120.84;19,98;34,71;0,48;16,56;3,42
10,10.2019 16:05:47;34.4;0.66;294.5;124.50439761227948;287.17;Module 1,1_10;131.71;22,70;35,25;0,53;18,55;4,16
10,10.2019 16:07:43;34.5;0.69;294.5;130.2942704239596;287.1;Module 1,1_10;137.87;23,80;35,34;0,55;19,60;4,21
10,10.2019 16:09:42;34.4;0.66;294.5;122.92753707794685;287.21;Module 1,1_10;130.11;22,70;35,22;0,52;18,26;4,44
10,10.2019 16:11:39;34.3;0.57;294.5;104.96654673159071;287.21;Module 1,1_10;111.13;19,55;34,88;0,43;15,03;4,52
10,10.2019 16:13:31;33.9;0.5;294.5;93.99391693136786;287.16;Module 1,1_10;99.54;16,95;34,63;0,38;13,06;3,89
10,10.2019 16:15:26;34;0.5;294;95.8833308205242;287.03;Module 1,1_10;101.57;17,00;34,77;0,39;13,43;3,57
10,10.2019 16:17:31;34;0.64;294;130.3261459058982;286.96;Module 1,1_10;138.1;21,76;35,43;0,55;19,64;2,12
10,10.2019 16:19:25;36.3;1.05;294;224.51565815487146;287.07;Module 1,1_10;237.98;38,12;36,31;1,02;36,93;1,18
10,10.2019 16:21:19;35.8;0.95;294;227.27482971041448;287.21;Module 1,1_10;240.98;34,01;36,33;1,03;37,44;-3,43
10,10.2019 16:23:22;38.2;0.65;294;173.40897976187654;287.7;Module 1,1_10;183.93;24,83;35,94;0,77;27,52;-2,69
10,10.2019 16:25:14;35.2;0.48;296;111.15727889890213;287.85;Module 1,1_10;117.94;16,90;34,74;0,46;16,04;0,85
10,10.2019 16:27:20;34.6;0.52;296;124.45558401871784;287.71;Module 1,1_10;132.1;17,99;34,98;0,53;18,42;-0,43
10,10.2019 16:29:14;39.1;1.01;294.5;240.6196563462895;287.84;Module 1,1_10;255.49;39,49;36,31;1,10;39,82;-0,33
10,10.2019 16:31:15;35.8;0.7;294.5;163.51700005592332;287.97;Module 1,1_10;173.69;25,06;35,75;0,72;25,65;-0,59
10,10.2019 16:33:10;35.4;0.51;296;117.44561358255095;287.94;Module 1,1_10;124.8;18,05;34,86;0,49;17,17;0,89
10,10.2019 16:35:06;34.4;0.53;296;121.27462184513689;287.86;Module 1,1_10;128.92;18,23;34,92;0,51;17,85;0,38
10,10.2019 16:37:06;39.5;0.78;296;189.88371049752044;287.93;Module 1,1_10;201.94;30,81;35,72;0,85;30,28;0,53
10,10.2019 16:39:00;35.6;0.75;296;199.42938913460767;287.96;Module 1,1_10;212.18;26,70;35,79;0,89;32,02;-5,32
10,10.2019 16:40:52;39.1;0.47;296;322.2803835774178;288.1;Module 1,1_10;343.03;18,38;36,35;1,50;54,52;-36,14
10,10.2019 16:42:50;36;0.36;296.5;92.24590732439285;288.14;Module 1,1_10;98.23;12,96;34,22;0,37;12,65;0,31
10,10.2019 16:44:43;34.3;0.49;296.5;121.22744965875495;287.89;Module 1,1_10;129.15;16,81;34,84;0,51;17,81;-1,00
10,10.2019 16:46:36;35.6;0.47;296.5;110.36265950239827;287.67;Module 1,1_10;117.63;16,73;34,63;0,46;15,87;0,87
10,10.2019 16:48:29;34.5;0.48;294.5;115.01720633533907;287.48;Module 1,1_10;122.65;16,56;35,09;0,48;16,83;-0,27
10,10.2019 16:50:55;34.6;0.41;294.5;174.74368248128923;287.32;Module 1,1_10;186.46;14,19;35,86;0,77;27,71;-13,52
10,10.2019 16:52:51;35.4;0.63;294.5;154.14745224166873;287.33;Module 1,1_10;164.57;22,30;35,65;0,67;23,94;-1,64
10,10.2019 16:54:44;35.3;0.82;294.5;173.6874739783162;287.39;Module 1,1_10;185.53;28,95;35,85;0,77;27,51;1,43
10,10.2019 16:56:37;35.6;0.87;294.5;479.045961946317;287.88;Module 1,1_10;511.99;30,97;36,84;2,27;83,70;-52,72
10,10.2019 16:58:33;34.8;0.83;294;179.19517855582592;288.08;Module 1,1_10;191.63;28,88;35,98;0,79;28,58;0,30
10,10.2019 17:00:28;34.7;0.9;294;226.993568311686;288.07;Module 1,1_10;242.89;31,23;36,33;1,03;37,39;-6,16
10,10.2019 17:02:22;35.2;0.87;294;173.42193312984674;288.03;Module 1,1_10;185.68;30,62;35,94;0,77;27,52;3,10
10,10.2019 17:04:15;34.7;0.61;294;128.06243842287;287.94;Module 1,1_10;137.2;21,17;35,39;0,54;19,23;1,93
10,10.2019 17:06:26;33.9;0.5;294;104.0986818188947;287.72;Module 1,1_10;111.61;16,95;34,95;0,43;14,90;2,05
10,10.2019 17:08:22;33.2;0.53;294;101.70630147672458;287.53;Module 1,1_10;109.12;17,60;34,90;0,41;14,47;3,13
10,10.2019 17:10:17;33.4;0.52;294;98.7193603641102;287.42;Module 1,1_10;105.99;17,37;34,84;0,40;13,93;3,43
10,10.2019 17:12:15;33.2;0.56;294;101.75410310469957;287.33;Module 1,1_10;109.33;18,59;34,91;0,41;14,48;4,11
10,10.2019 17:14:09;33.3;0.48;294;88.45330689936094;287.3;Module 1,1_10;95.11;15,98;34,56;0,35;12,10;3,88
10,10.2019 17:16:05;33;0.39;294;71.63811245407814;287.3;Module 1,1_10;77.09;12,87;33,97;0,27;9,13;3,74
10,10.2019 17:17:59;32.8;0.29;294;53.660060810696464;287.27;Module 1,1_10;57.79;9,51;32,93;0,18;6,02;3,50
10,10.2019 17:19:51;31.7;0.29;294;52.74430853943993;287.17;Module 1,1_10;56.85;9,19;32,85;0,18;5,86;3,33
10,10.2019 17:22:17;32.3;0.35;292.4;65.03984061510262;287.09;Module 1,1_10;70.18;11,30;33,95;0,24;8,02;3,29
10,10.2019 17:24:10;31.5;0.32;292.4;61.43576015462122;287.04;Module 1,1_10;66.35;10,08;33,74;0,22;7,39;2,69
10,10.2019 17:26:04;32.1;0.38;292.4;75.6896675768097;287.03;Module 1,1_10;81.82;12,20;34,42;0,29;9,89;2,30
10,10.2019 17:27:59;32.4;0.55;292.4;102.93491555726885;287.05;Module 1,1_10;111.38;17,82;35,22;0,42;14,78;3,04
10,10.2019 17:29:52;34.4;0.59;292.4;113.04444996738383;287.14;Module 1,1_10;122.44;20,30;35,42;0,47;16,62;3,68
10,10.2019 17:31:44;34;0.49;292.4;99.14082581422342;287.21;Module 1,1_10;107.49;16,66;35,13;0,40;14,10;2,56
10,10.2019 17:33:38;33.8;0.39;292.4;88.31010856270748;287.25;Module 1,1_10;95.85;13,18;34,84;0,35;12,15;1,04
10,10.2019 17:35:30;34.1;0.54;294;120.52624044152955;287.29;Module 1,1_10;130.96;18,41;35,27;0,51;17,87;0,55
10,10.2019 17:37:42;34.6;0.62;294;143.46120487023137;287.32;Module 1,1_10;156.09;21,45;35,61;0,62;22,04;-0,58
10,10.2019 17:39:34;34.2;0.65;294;135.43276150940733;287.35;Module 1,1_10;147.53;22,23;35,50;0,58;20,57;1,66
10,10.2019 17:41:33;34;0.57;294;118.78015317617908;287.44;Module 1,1_10;129.56;19,38;35,24;0,50;17,55;1,83
10,10.2019 17:43:27;34;0.41;294;90.0122282454472;287.49;Module 1,1_10;98.31;13,94;34,61;0,36;12,38;1,56
10,10.2019 17:45:25;32.8;0.3;294;66.07666121464862;287.46;Module 1,1_10;72.27;9,84;33,71;0,24;8,16;1,68
10,10.2019 17:47:18;32.6;0.3;294;185.2322475114698;287.32;Module 1,1_10;202.88;9,78;36,04;0,82;29,69;-19,91
10,10.2019 17:49:10;29;0.39;291.9;87.6949485507022;287.39;Module 1,1_10;96.19;11,31;34,91;0,35;12,06;-0,75
10,10.2019 17:51:12;33.2;0.49;291.9;302.89711354611774;287.91;Module 1,1_10;332.79;16,27;37,02;1,40;51,91;-35,64
10,10.2019 17:53:44;32.7;0.52;292.4;323.1639611709868;288.76;Module 1,1_10;355.83;17,00;36,98;1,50;55,57;-38,56
10,10.2019 17:55:37;33.4;0.69;292.4;285.42365432921025;289.32;Module 1,1_10;314.81;23,05;36,88;1,32;48,54;-25,49
10,10.2019 17:57:31;31.9;0.87;292.4;352.15539976150467;289.8;Module 1,1_10;389.11;27,75;37,05;1,65;60,96;-33,21
10,10.2019 17:59:24;31.9;0.62;292.4;314.4993733577636;290.24;Module 1,1_10;348.15;19,78;36,96;1,46;53,95;-34,17
10,10.2019 18:01:20;32.1;0.5;292.4;101.58520561610608;290.36;Module 1,1_10;112.68;16,05;35,19;0,41;14,54;1,51
10,10.2019 18:03:36;33.4;0.44;292.4;83.45586474320658;289.79;Module 1,1_10;92.8;14,70;34,70;0,33;11,28;3,42
10,10.2019 18:05:31;32.1;0.42;292.4;83.44234132590616;289.42;Module 1,1_10;92.99;13,48;34,70;0,32;11,27;2,21
10,10.2019 18:07:18;27.6;0.35;292.4;80.37950925282071;289.1;Module 1,1_10;89.77;9,66;34,59;0,31;10,73;-1,07
10,10.2019 18:09:17;31.9;0.26;291.9;55.75870509487875;288.72;Module 1,1_10;62.43;8,29;33,45;0,19;6,41;1,88
10,10.2019 18:11:09;31.2;0.23;291.9;45.6056398070313;288.4;Module 1,1_10;51.19;7,18;32,47;0,14;4,68;2,50
10,10.2019 18:13:02;32.2;0.23;291.9;46.835153403421124;287.96;Module 1,1_10;52.71;7,41;32,62;0,15;4,89;2,52
10,10.2019 18:14:54;32.2;0.28;291.9;55.087434570562124;287.63;Module 1,1_10;62.17;9,02;33,41;0,19;6,29;2,72
10,10.2019 18:16:49;32.7;0.34;291.9;64.27679162341292;287.46;Module 1,1_10;72.76;11,12;33,99;0,23;7,89;3,22
10,10.2019 18:18:44;32.4;0.42;291.9;93.92372197294169;287.36;Module 1,1_10;106.66;13,61;35,09;0,38;13,18;0,43
10,10.2019 18:20:37;30.2;0.4;291.9;88.28413145948377;287.36;Module 1,1_10;100.59;12,08;34,94;0,35;12,16;-0,08
10,10.2019 18:22:36;29.8;0.41;290.4;102.27830104625964;287.41;Module 1,1_10;116.97;12,22;35,56;0,42;14,78;-2,56
10,10.2019 18:24:50;31.6;0.48;290.4;109.53184341968539;287.53;Module 1,1_10;125.83;15,17;35,71;0,45;16,11;-0,94
10,10.2019 18:26:46;33.6;0.41;291.9;77.99031557752198;287.55;Module 1,1_10;89.97;13,78;34,60;0,30;10,32;3,46
10,10.2019 18:28:41;32.9;0.35;291.9;62.206488180438114;287.45;Module 1,1_10;72.08;11,51;33,88;0,22;7,53;3,98
10,10.2019 18:30:34;32.5;0.31;291.9;53.68822592357527;287.37;Module 1,1_10;62.5;10,07;33,29;0,18;6,05;4,02
10,10.2019 18:33:07;32.5;0.18;291.9;32.41117863488404;287.21;Module 1,1_10;37.99;5,85;29,15;0,09;2,55;3,30
10,10.2019 18:35:00;31.5;0.11;291.9;19.92193482313776;287.02;Module 1,1_10;23.48;3,46;18,84;0,05;0,97;2,49
10,10.2019 18:36:53;31.5;0.09;291.9;18.51346581706489;286.85;Module 1,1_10;21.95;2,83;17,51;0,05;0,84;2,00
10,10.2019 18:38:53;31.6;0.17;291.9;27.099173681020794;286.65;Module 1,1_10;32.35;5,37;25,46;0,07;1,80;3,58
10,10.2019 18:40:48;34;0.41;291.9;63.24462369724175;286.18;Module 1,1_10;76.04;13,94;33,94;0,23;7,71;6,23
10,10.2019 18:42:41;34.1;0.4;291.9;65.89952004153271;285.75;Module 1,1_10;79.84;13,64;34,08;0,24;8,18;5,46
10,10.2019 18:44:33;33.8;0.28;291.9;47.12627312432812;285.36;Module 1,1_10;57.57;9,46;32,66;0,15;4,93;4,53
10,10.2019 18:46:26;32.3;0.23;289.9;40.0696344922776;285.14;Module 1,1_10;49.4;7,43;31,88;0,12;3,77;3,66
10,10.2019 18:48:23;32.6;0.26;289.9;46.03343647586011;285.02;Module 1,1_10;57.35;8,48;32,85;0,15;4,77;3,71
10,10.2019 18:50:16;33.1;0.27;289.9;46.17045748986793;284.98;Module 1,1_10;58.17;8,94;32,87;0,15;4,79;4,15
10,10.2019 18:52:22;33.1;0.24;289.9;40.39286314655175;284.96;Module 1,1_10;51.61;7,94;31,95;0,12;3,82;4,12
10,10.2019 18:54:15;32.9;0.2;289.9;32.8709891628595;284.96;Module 1,1_10;42.6;6,58;29,55;0,09;2,62;3,96
10,10.2019 18:56:19;32.3;0.14;289.9;22.90901436239521;284.92;Module 1,1_10;30.22;4,52;21,63;0,06;1,28;3,24
10,10.2019 18:58:12;32.1;0.12;289.9;17.905073896852134;284.85;Module 1,1_10;24.06;3,85;16,92;0,05;0,78;3,07
10,10.2019 19:00:04;31.8;0.1;289.9;14.886892320456106;284.74;Module 1,1_10;20.43;3,18;14,07;0,04;0,54;2,64
10,10.2019 19:02:05;31.9;0.09;289.9;12.751117605823294;284.61;Module 1,1_10;17.97;2,87;12,05;0,03;0,40;2,47
10,10.2019 19:03:57;32;0.08;289.9;11.730956200298966;284.51;Module 1,1_10;17.02;2,56;11,09;0,03;0,34;2,22
10,10.2019 19:05:50;31.8;0.08;287.4;11.200840952560398;284.42;Module 1,1_10;16.83;2,54;10,57;0,03;0,31;2,24
10,10.2019 19:07:42;31.8;0.08;287.4;10.04284066566069;284.33;Module 1,1_10;15.74;2,54;9,48;0,03;0,25;2,30
10,10.2019 19:09:35;31.8;0.07;287.4;9.295850656926328;284.28;Module 1,1_10;15.36;2,23;8,77;0,02;0,21;2,02
10,10.2019 19:11:22;31.5;0.07;287.4;7.400331877532331;284.19;Module 1,1_10;13.03;2,21;6,98;0,02;0,13;2,07
10,10.2019 19:13:16;30.5;0.07;287.4;6.722063583103203;284.15;Module 1,1_10;12.94;2,14;6,34;0,02;0,11;2,02
10,10.2019 19:15:15;29.1;0.08;287.4;6.787092821079545;284.14;Module 1,1_10;14.9;2,33;6,41;0,02;0,11;2,22
10,10.2019 19:17:08;30.1;0;286.4;3.9374775089926604;284.1;Module 1,1_10;10.46;0,00;3,72;0,01;0,04;-0,04
10,10.2019 19:19:01;31.2;0;286.4;2.5769040465917206;284.08;Module 1,1_10;9.54;0,00;2,43;0,01;0,02;-0,02
10,10.2019 19:20:54;31.2;0;286.4;1.746322465618266;284.01;Module 1,1_10;9.09;0,00;1,65;0,00;0,01;-0,01
10,10.2019 19:22:48;31.4;0;286.4;1.6137633345647344;284.01;Module 1,1_10;8.4;0,00;1,52;0,00;0,01;-0,01
10,10.2019 19:24:47;32.8;0;286.4;1.371698834380024;283.98;Module 1,1_10;7.14;0,00;1,30;0,00;0,00;-0,00
10,10.2019 19:26:44;32.1;0;286.4;1.0470250206402147;283.94;Module 1,1_10;5.45;0,00;0,98;0,00;0,00;-0,00
10,10.2019 19:28:37;31.1;0;286.4;0.8568314847807995;283.91;Module 1,1_10;4.46;0,00;0,80;0,00;0,00;-0,00
10,10.2019 19:30:30;31.4;0;286.4;0.0001;283.86;Module 1,1_10;3.73;0,00;0,00;0,00;0,00;0,00
10,10.2019 19:32:24;33.3;0;286.4;0.0001;283.89;Module 1,1_10;3.43;0,00;0,00;0,00;0,00;0,00
10,10.2019 19:34:31;32.4;0;286.4;0.0001;283.86;Module 1,1_10;2.29;0,00;0,00;0,00;0,00;0,00
10,10.2019 19:36:34;31.1;0;286.4;0.0001;283.81;Module 1,1_10;1.18;0,00;0,00;0,00;0,00;0,00
10,10.2019 19:38:29;29.4;0;286.4;0.0001;283.73;Module 1,1_10;0.44;0,00;0,00;0,00;0,00;0,00
10,10.2019 19:40:21;28.9;0;286.4;0.0001;283.66;Module 1,1_10;-0.01;0,00;0,00;0,00;0,00;0,00
10,10.2019 19:42:36;28.9;0;286.4;0.0001;283.64;Module 1,1_10;-0.01;0,00;0,00;0,00;0,00;0,00
10,10.2019 19:44:29;28.9;0;286.4;0.0001;283.56;Module 1,1_10;-0.01;0,00;0,00;0,00;0,00;0,00
11,10.2019 08:46:38;29;0.08;279.9;11.304377087975073;280.58;Module 1,1_10;15.28;2,32;10,64;0,03;0,31;2,01
11,10.2019 08:48:47;28.3;0.09;279.9;13.138468955282594;280.65;Module 1,1_10;17.52;2,55;12,37;0,03;0,42;2,13
11,10.2019 08:50:41;28.4;0.1;281.9;14.769512787258869;280.69;Module 1,1_10;19.48;2,84;13,91;0,04;0,53;2,31
11,10.2019 08:52:35;28.6;0.12;281.9;16.896183042548518;280.73;Module 1,1_10;22.06;3,43;15,91;0,04;0,69;2,74
11,10.2019 08:54:28;28.6;0.11;281.9;17.039030232823556;280.78;Module 1,1_10;22.04;3,15;16,05;0,04;0,70;2,44
11,10.2019 08:56:46;29.7;0.13;281.9;20.805132424660027;280.82;Module 1,1_10;26.63;3,86;19,59;0,05;1,05;2,81
11,10.2019 08:58:38;32.5;0.13;281.9;21.041041849623042;280.85;Module 1,1_10;26.72;4,23;19,82;0,05;1,07;3,15
11,10.2019 09:00:31;32.7;0.14;283.9;23.277151156910044;280.87;Module 1,1_10;29.34;4,58;21,94;0,06;1,32;3,26
11,10.2019 09:02:24;32.5;0.16;283.9;26.10084839985535;280.89;Module 1,1_10;32.67;5,20;24,57;0,07;1,66;3,54
11,10.2019 09:04:37;33;0.16;284.4;26.777221322398674;280.91;Module 1,1_10;33.26;5,28;25,20;0,07;1,74;3,54
11,10.2019 09:06:44;33.4;0.16;284.4;27.528563523452977;280.92;Module 1,1_10;33.96;5,34;25,88;0,07;1,84;3,50
11,10.2019 09:08:37;33.3;0.18;284.4;30.760106545579582;280.97;Module 1,1_10;37.73;5,99;28,58;0,08;2,30;3,70
11,10.2019 09:10:30;33.5;0.16;284.4;28.648104015486062;281;Module 1,1_10;34.95;5,36;26,86;0,07;2,00;3,36
11,10.2019 09:12:27;33.9;0.15;284.4;28.091400268777193;281.01;Module 1,1_10;34.09;5,08;26,38;0,07;1,92;3,17
11,10.2019 09:14:20;33.7;0.16;285.9;30.82763283305467;281;Module 1,1_10;37.23;5,39;28,57;0,08;2,31;3,08
11,10.2019 09:16:13;34.3;0.18;285.9;34.14709086674359;281;Module 1,1_10;41.05;6,17;30,55;0,09;2,82;3,36
11,10.2019 09:18:06;34.4;0.21;285.9;38.8580427679317;281.02;Module 1,1_10;46.51;7,22;32,19;0,11;3,58;3,64
11,10.2019 09:20:00;34.6;0.23;285.9;44.99453779945613;281.08;Module 1,1_10;53.63;7,96;33,36;0,14;4,62;3,34
11,10.2019 09:22:04;35;0.23;285.9;45.45917712579893;281.17;Module 1,1_10;53.95;8,05;33,43;0,14;4,70;3,35
11,10.2019 09:23:57;35.3;0.23;285.9;46.7717458073253;281.21;Module 1,1_10;55.3;8,12;33,60;0,15;4,93;3,19
11,10.2019 09:25:50;35.4;0.28;285.9;56.403746309020825;281.24;Module 1,1_10;66.45;9,91;34,54;0,19;6,62;3,29
11,10.2019 09:27:43;35.8;0.3;285.9;64.117730143597;281.26;Module 1,1_10;75.28;10,74;35,04;0,23;8,00;2,74
11,10.2019 09:29:36;36;0.35;286.4;70.0787574712967;281.31;Module 1,1_10;82.01;12,60;35,25;0,26;9,07;3,53
11,10.2019 09:31:30;36.1;0.37;286.4;72.87221777612343;281.39;Module 1,1_10;85.01;13,36;35,38;0,27;9,58;3,78
11,10.2019 09:33:23;36;0.37;286.4;75.5502669119643;281.44;Module 1,1_10;87.87;13,32;35,48;0,28;10,07;3,25
11,10.2019 09:35:43;38;0.34;286.4;122.63726605939445;281.55;Module 1,1_10;142.13;12,92;36,66;0,51;18,81;-5,89
11,10.2019 09:37:37;38.5;0.33;287.4;117.03207536383813;281.78;Module 1,1_10;135.26;12,71;36,39;0,49;17,69;-4,98
11,10.2019 09:39:31;37.4;0.34;287.4;96.73015310903519;281.93;Module 1,1_10;111.5;12,72;35,97;0,39;13,92;-1,20
11,10.2019 09:41:24;37.8;0.35;287.4;85.25961002609152;282.03;Module 1,1_10;98.03;13,23;35,65;0,33;11,81;1,42
11,10.2019 09:43:22;37.4;0.4;287.4;123.86764199369098;282.07;Module 1,1_10;142.06;14,96;36,51;0,52;18,96;-4,00
11,10.2019 09:45:14;38.9;0.38;287.4;98.29445530716383;282.21;Module 1,1_10;112.47;14,78;36,00;0,39;14,21;0,58
11,10.2019 09:47:09;37.8;0.4;287.4;100.35954184692764;282.26;Module 1,1_10;114.57;15,12;36,05;0,40;14,59;0,53
11,10.2019 09:49:02;32.1;0.59;287.4;151.81017857465588;282.33;Module 1,1_10;172.93;18,94;36,89;0,66;24,21;-5,27
11,10.2019 09:51:07;25.2;0.57;287.4;131.58071254218774;282.48;Module 1,1_10;149.54;14,36;36,63;0,56;20,41;-6,05
11,10.2019 09:53:23;26;0.72;284.4;186.3908771896815;282.65;Module 1,1_10;211.32;18,72;37,75;0,82;31,13;-12,41
11,10.2019 09:55:15;30.4;0.63;284.4;177.2305480834012;282.88;Module 1,1_10;200.55;19,15;37,67;0,78;29,37;-10,22
11,10.2019 09:57:17;34.8;0.6;285.9;142.30941743660952;283.09;Module 1,1_10;160.71;20,88;37,04;0,61;22,56;-1,68
11,10.2019 09:59:10;34.4;0.7;285.9;184.78325038687495;283.19;Module 1,1_10;208.3;24,08;37,47;0,82;30,63;-6,55
11,10.2019 10:01:10;36.3;0.53;287.4;122.27339901671422;283.21;Module 1,1_10;137.58;19,24;36,48;0,51;18,67;0,57
11,10.2019 10:03:03;39.3;0.85;287.4;236.3148558631447;283.32;Module 1,1_10;265.45;33,40;37,54;1,07;40,24;-6,83
11,10.2019 10:04:56;39.7;0.93;287.4;238.67140101511814;283.58;Module 1,1_10;267.66;36,92;37,55;1,08;40,69;-3,77
11,10.2019 10:06:51;39.7;1.12;290.4;290.71437721121106;284.03;Module 1,1_10;325.5;44,46;37,24;1,34;49,95;-5,49
11,10.2019 10:08:44;39.6;1.09;290.4;287.9666907413667;284.35;Module 1,1_10;321.93;43,16;37,23;1,33;49,44;-6,27
11,10.2019 10:10:37;39.7;1.06;292.4;278.85423703338785;284.61;Module 1,1_10;311.28;42,08;36,85;1,28;47,31;-5,23
11,10.2019 10:12:30;39.8;1.12;292.4;314.6300501698489;284.95;Module 1,1_10;350.71;44,58;36,97;1,46;53,98;-9,40
11,10.2019 10:14:24;39.7;1.26;292.4;367.9716170486291;285.26;Module 1,1_10;409.59;50,02;37,09;1,72;63,91;-13,88
11,10.2019 10:16:17;39.3;1.48;294;396.10778296854323;285.67;Module 1,1_10;440.31;58,16;36,85;1,86;68,64;-10,48
11,10.2019 10:18:10;39.4;1.25;294;327.4493590387106;286.09;Module 1,1_10;363.51;49,25;36,72;1,52;55,97;-6,72
11,10.2019 10:20:02;38.8;1.47;294.5;344.0285747375239;286.34;Module 1,1_10;381.43;57,04;36,67;1,61;58,90;-1,86
11,10.2019 10:22:18;38;1.5;294.5;372.2927812063743;286.54;Module 1,1_10;412.15;57,00;36,73;1,75;64,11;-7,11
11,10.2019 10:24:11;38.6;1.41;294.5;331.0677186902326;286.76;Module 1,1_10;366.07;54,43;36,64;1,54;56,51;-2,08
11,10.2019 10:26:07;37.7;1.22;296;271.3519261428734;286.82;Module 1,1_10;299.68;45,99;36,18;1,25;45,19;0,81
11,10.2019 10:28:07;37.4;1.33;296;294.66182533555775;286.72;Module 1,1_10;325.03;49,74;36,27;1,36;49,46;0,28
11,10.2019 10:30:00;37.2;1.43;296;315.9714839060888;286.71;Module 1,1_10;348.15;53,20;36,34;1,47;53,36;-0,17
11,10.2019 10:31:59;37.5;1.23;296;281.52171274093837;286.61;Module 1,1_10;309.84;46,13;36,22;1,30;47,05;-0,92
11,10.2019 10:33:53;37.5;1.23;296;275.41641410696127;286.52;Module 1,1_10;302.8;46,13;36,20;1,27;45,93;0,19
11,10.2019 10:35:48;38;1.36;296;310.0018371514941;286.42;Module 1,1_10;340.47;51,68;36,32;1,44;52,27;-0,59
11,10.2019 10:37:52;37.2;1.26;296;265.6399332262648;286.36;Module 1,1_10;291.43;46,87;36,16;1,22;44,14;2,73
11,10.2019 10:39:44;37.3;1.3;296.5;286.1131980176068;286.27;Module 1,1_10;313.59;48,49;36,15;1,32;47,78;0,71
11,10.2019 10:41:39;36.7;1.27;296.5;273.0088510144395;286.25;Module 1,1_10;298.94;46,61;36,10;1,26;45,39;1,22
11,10.2019 10:43:32;37.6;1.42;296.5;318.24283195700866;286.32;Module 1,1_10;348.15;53,39;36,25;1,48;53,66;-0,27
11,10.2019 10:45:26;36.8;1.23;296;253.87332309811026;286.36;Module 1,1_10;277.48;45,26;36,11;1,16;41,98;3,28
11,10.2019 10:47:23;36.4;1.23;296;251.2737671157716;286.38;Module 1,1_10;274.39;44,77;36,09;1,15;41,51;3,26
11,10.2019 10:49:34;36.5;1.3;296;277.68353043508336;286.34;Module 1,1_10;302.93;47,45;36,21;1,28;46,35;1,10
11,10.2019 10:51:29;37.2;1.31;296;284.22093871051015;286.32;Module 1,1_10;309.8;48,73;36,23;1,31;47,54;1,19
11,10.2019 10:53:23;36.8;1.26;296;267.43019148714654;286.35;Module 1,1_10;291.26;46,37;36,16;1,23;44,47;1,90
11,10.2019 10:55:15;37.5;1.23;296;265.6643318734998;286.45;Module 1,1_10;289.11;46,13;36,16;1,22;44,14;1,98
11,10.2019 10:57:08;36.9;1.12;296;236.4604611313755;286.48;Module 1,1_10;257.13;41,33;36,02;1,08;38,79;2,53
11,10.2019 10:59:01;36.3;1.01;296;210.03293455856013;286.39;Module 1,1_10;228.22;36,66;35,87;0,95;33,96;2,70
11,10.2019 11:01:02;35.8;0.95;296;194.75302844467237;286.27;Module 1,1_10;211.45;34,01;35,76;0,87;31,17;2,84
11,10.2019 11:03:01;35.7;0.94;296;193.84986734445096;286.19;Module 1,1_10;210.31;33,56;35,75;0,87;31,01;2,55
11,10.2019 11:04:55;35.7;0.98;296;203.48795188128847;286.16;Module 1,1_10;220.61;34,99;35,82;0,91;32,77;2,22
11,10.2019 11:06:48;35.9;1.05;296;214.2794731606241;286.23;Module 1,1_10;232.15;37,70;35,89;0,97;34,74;2,96
11,10.2019 11:08:59;36.1;1.09;295.5;235.66442397932923;286.17;Module 1,1_10;255.12;39,35;36,11;1,07;38,74;0,61
11,10.2019 11:11:03;37.2;1.2;295.5;261.8370577449601;286.26;Module 1,1_10;283.25;44,64;36,23;1,20;43,54;1,10
11,10.2019 11:12:56;37;1.09;295.5;222.25745584167595;286.37;Module 1,1_10;240.28;40,33;36,03;1,01;36,28;4,05
11,10.2019 11:14:49;36.2;1.07;296;225.0898585066496;286.44;Module 1,1_10;243.19;38,73;35,96;1,02;36,71;2,02
11,10.2019 11:16:44;36.5;1.13;296;239.06664770803226;286.5;Module 1,1_10;258.13;41,24;36,04;1,09;39,27;1,97
11,10.2019 11:18:43;36.7;1.23;295.5;272.69079260753693;286.54;Module 1,1_10;294.25;45,14;36,27;1,26;45,53;-0,39
11,10.2019 11:20:40;36.6;1.27;295.5;271.0847967331182;286.57;Module 1,1_10;292.34;46,48;36,27;1,25;45,24;1,24
11,10.2019 11:22:32;36.5;1.35;295.5;296.93914901975813;286.64;Module 1,1_10;320.04;49,28;36,37;1,37;49,99;-0,71
11,10.2019 11:24:17;36.9;1.47;296;325.56488759724766;286.73;Module 1,1_10;350.71;54,24;36,36;1,52;55,12;-0,88
11,10.2019 11:26:16;37.2;1.58;296;366.1762126966082;286.93;Module 1,1_10;394.23;58,78;36,45;1,72;62,55;-3,78
11,10.2019 11:28:08;37.8;1.67;296;368.75033222335264;287.19;Module 1,1_10;396.79;63,13;36,45;1,73;63,03;0,10
11,10.2019 11:30:03;36.9;1.49;296.5;326.10115604322516;287.42;Module 1,1_10;350.71;54,98;36,27;1,52;55,09;-0,11
11,10.2019 11:32:00;36.7;1.59;296.5;311.98521599953204;287.57;Module 1,1_10;335.35;58,35;36,23;1,45;52,51;5,84
11,10.2019 11:33:52;37.6;1.86;298;424.1340530127267;287.78;Module 1,1_10;455.67;69,94;36,19;2,00;72,47;-2,54
11,10.2019 11:35:46;37.8;1.71;298;383.8171376032062;288.03;Module 1,1_10;412.15;64,64;36,13;1,80;65,18;-0,54
11,10.2019 11:37:38;37.3;1.79;298;395.9269924850595;288.24;Module 1,1_10;424.95;66,77;36,15;1,86;67,37;-0,61
11,10.2019 11:40:09;36.2;1.48;298;310.257040627147;288.51;Module 1,1_10;332.79;53,58;35,96;1,44;51,84;1,73
11,10.2019 11:42:10;35.4;1.22;298;248.4941687562723;288.43;Module 1,1_10;266.41;43,19;35,73;1,14;40,63;2,56
11,10.2019 11:44:03;35.9;1.2;298;251.209864613447;288.31;Module 1,1_10;269.2;43,08;35,74;1,15;41,12;1,96
11,10.2019 11:45:58;35.4;1.03;298;207.13600480678895;288.14;Module 1,1_10;221.87;36,46;35,49;0,93;33,13;3,33
11,10.2019 11:47:53;35.5;1.09;298;229.4192271731139;288.04;Module 1,1_10;245.63;38,70;35,63;1,04;37,17;1,52
11,10.2019 11:49:51;35.6;1.16;298;240.20123983328835;287.93;Module 1,1_10;257.06;41,30;35,69;1,10;39,13;2,17
11,10.2019 11:51:47;35.6;1.28;298;266.5532974473815;287.88;Module 1,1_10;285.14;45,57;35,81;1,23;43,91;1,66
11,10.2019 11:53:42;36.1;1.59;298;339.95553596796384;287.96;Module 1,1_10;363.51;57,40;36,05;1,59;57,23;0,17
11,10.2019 11:55:41;36.7;1.92;298;411.9519592301716;288.15;Module 1,1_10;440.31;70,46;36,17;1,94;70,27;0,19
11,10.2019 11:57:33;36.6;2.08;298;440.86402362464577;288.37;Module 1,1_10;471.03;76,13;36,20;2,09;75,49;0,64
11,10.2019 11:59:26;36.6;2.17;298.5;448.2236979728561;288.62;Module 1,1_10;478.71;79,42;36,13;2,12;76,64;2,78
11,10.2019 12:01:20;36.4;2.06;298.5;436.4039834113731;288.83;Module 1,1_10;465.91;74,98;36,11;2,06;74,51;0,47
11,10.2019 12:03:16;36.3;2.04;300;426.9735650292288;289.03;Module 1,1_10;455.67;74,05;35,84;2,02;72,31;1,74
11,10.2019 12:05:09;36.3;1.74;300;347.9391186163313;289.23;Module 1,1_10;371.19;63,16;35,71;1,63;58,14;5,02
11,10.2019 12:07:04;35.4;1.48;300;298.8350005924786;289.25;Module 1,1_10;318.69;52,39;35,57;1,39;49,31;3,08
11,10.2019 12:08:57;35.2;1.53;300;312.1645319629319;289.25;Module 1,1_10;332.79;53,86;35,62;1,45;51,71;2,15
11,10.2019 12:10:58;35.3;1.44;300;286.5010062967614;289.17;Module 1,1_10;305.32;50,83;35,53;1,33;47,09;3,74
11,10.2019 12:12:52;34.8;1.38;300;275.7364687704579;289.05;Module 1,1_10;293.75;48,02;35,49;1,27;45,16;2,87
11,10.2019 12:14:45;34.8;1.37;300;275.55388593838427;288.99;Module 1,1_10;293.46;47,68;35,49;1,27;45,12;2,55
11,10.2019 12:16:38;35.6;1.64;300;339.0339296843689;288.86;Module 1,1_10;360.95;58,38;35,69;1,58;56,54;1,85
11,10.2019 12:18:43;36.2;1.77;300;372.82654915147566;288.93;Module 1,1_10;396.79;64,07;35,76;1,75;62,61;1,47
11,10.2019 12:20:37;36.2;1.74;300;356.09858563579974;289.2;Module 1,1_10;378.87;62,99;35,73;1,67;59,60;3,38
11,10.2019 12:22:29;35.6;1.61;300;317.6947364188263;289.56;Module 1,1_10;337.91;57,32;35,63;1,48;52,70;4,61
11,10.2019 12:24:22;35.1;1.46;300;294.22970878342795;289.71;Module 1,1_10;312.86;51,25;35,55;1,36;48,48;2,76
11,10.2019 12:26:41;34.7;1.28;300;249.99447449448482;289.92;Module 1,1_10;265.73;44,42;35,38;1,15;40,53;3,89
11,10.2019 12:28:38;34.5;1.23;300;244.3172321866387;289.86;Module 1,1_10;259.62;42,44;35,35;1,12;39,51;2,93
11,10.2019 12:30:32;34.6;1.26;300;251.10596124310007;289.89;Module 1,1_10;266.76;43,60;35,38;1,15;40,73;2,87
11,10.2019 12:32:25;34.8;1.39;300;272.63195442856033;289.81;Module 1,1_10;289.55;48,37;35,48;1,26;44,60;3,77
11,10.2019 12:34:30;35.2;1.41;300;289.9377407112194;289.78;Module 1,1_10;307.84;49,63;35,55;1,34;47,71;1,92
11,10.2019 12:36:23;35.2;1.46;300;299.8290166083967;289.82;Module 1,1_10;318.26;51,39;35,58;1,39;49,49;1,90
11,10.2019 12:38:16;35.3;1.4;300;286.92886102721513;289.78;Module 1,1_10;304.49;49,42;35,53;1,33;47,17;2,25
11,10.2019 12:40:08;35.5;1.37;300;293.0503744459477;289.78;Module 1,1_10;310.91;48,64;35,55;1,36;48,27;0,36
11,10.2019 12:42:05;35.4;1.63;300;376.5044151394795;289.78;Module 1,1_10;399.35;57,70;35,77;1,77;63,27;-5,56
11,10.2019 12:44:00;35.7;2.21;300;461.0897523350094;290.03;Module 1,1_10;488.95;78,90;35,87;2,19;78,40;0,49
11,10.2019 12:45:53;36.2;2.26;300;536.0520292477279;290.5;Module 1,1_10;568.31;81,81;35,90;2,56;91,73;-9,92
11,10.2019 12:47:46;35.4;2.59;300;526.5126514595415;290.86;Module 1,1_10;558.07;91,69;35,90;2,51;90,04;1,65
11,10.2019 12:50:14;35;3.75;300;772.5341408193456;291.78;Module 1,1_10;818.6;131,25;35,78;3,72;133,07;-1,82
11,10.2019 12:52:11;34.4;3.03;302;548.531062802421;292.45;Module 1,1_10;581.11;104,23;35,55;2,62;93,06;11,18
11,10.2019 12:54:05;34.4;2.47;302;500.30787015237235;292.78;Module 1,1_10;529.91;84,97;35,54;2,38;84,58;0,38
11,10.2019 12:55:59;34.3;2.15;302.5;468.98446618452704;292.82;Module 1,1_10;496.63;73,74;35,44;2,23;78,87;-5,13
11,10.2019 12:58:00;34.3;2.13;302.5;423.1432734137271;292.96;Module 1,1_10;447.99;73,06;35,39;2,00;70,78;2,28
11,10.2019 12:59:54;34.4;1.97;302.5;382.11278700931837;292.89;Module 1,1_10;404.47;67,77;35,34;1,80;63,52;4,25
11,10.2019 13:01:49;34.5;3.36;303.5;684.7569012258222;292.93;Module 1,1_10;724.68;115,92;35,24;3,29;115,91;0,01
11,10.2019 13:03:44;34.2;2.87;303.5;546.7816576196672;293.24;Module 1,1_10;578.55;98,15;35,29;2,61;92,08;6,07
11,10.2019 13:06:13;34;1.99;303.5;404.1325226888465;293.5;Module 1,1_10;427.51;67,66;35,19;1,91;67,10;0,56
11,10.2019 13:08:08;34.2;1.69;303.5;338.8533803497329;293.36;Module 1,1_10;358.39;57,80;35,07;1,58;55,58;2,22
11,10.2019 13:10:02;34;1.57;303.5;317.12471553453156;293.14;Module 1,1_10;335.35;53,38;35,01;1,48;51,74;1,64
11,10.2019 13:11:59;33.8;1.45;303.5;290.74452192197464;293.08;Module 1,1_10;307.4;49,01;34,92;1,35;47,07;1,94
11,10.2019 13:13:52;34;1.46;303.5;296.76145865592986;292.91;Module 1,1_10;313.71;49,64;34,95;1,38;48,14;1,50
11,10.2019 13:15:51;34.1;1.73;306;346.35110928209883;292.69;Module 1,1_10;366.07;58,99;34,64;1,62;56,22;2,78
11,10.2019 13:17:45;34.4;2.32;306;503.8670587205264;292.9;Module 1,1_10;532.47;79,81;34,84;2,40;83,58;-3,77
11,10.2019 13:19:42;34.3;2.11;303.5;436.1061190513733;293.07;Module 1,1_10;460.79;72,37;35,23;2,06;72,72;-0,35
11,10.2019 13:21:44;34.4;3.12;303.5;656.3222922090544;293.23;Module 1,1_10;693.36;107,33;35,27;3,15;111,03;-3,70
11,10.2019 13:23:37;34.5;2.52;303.5;504.0990097335408;293.42;Module 1,1_10;532.47;86,94;35,28;2,40;84,64;2,30
11,10.2019 13:25:37;34.4;2.74;303.5;530.8371909624827;293.42;Module 1,1_10;560.63;94,26;35,29;2,53;89,31;4,95
11,10.2019 13:27:31;34.6;2.9;303.5;523.63682811307;293.49;Module 1,1_10;552.95;100,34;35,28;2,50;88,05;12,29
11,10.2019 13:29:23;34.4;2.68;303.5;543.1019046768675;293.63;Module 1,1_10;573.43;92,19;35,29;2,59;91,44;0,75
11,10.2019 13:31:17;34.4;3.4;303.5;700.7061491036784;293.78;Module 1,1_10;739.74;116,96;35,23;3,37;118,64;-1,68
11,10.2019 13:33:32;34.5;3.26;303.5;652.8913285592622;294.08;Module 1,1_10;689.16;112,47;35,27;3,13;110,44;2,03
11,10.2019 13:35:26;34.2;2.61;306;533.6149459927575;294.17;Module 1,1_10;563.19;89,26;34,84;2,55;88,70;0,56
11,10.2019 13:37:23;34.1;1.95;306;395.4049070822323;294.15;Module 1,1_10;417.27;66,50;34,73;1,86;64,77;1,73
11,10.2019 13:39:17;34;1.76;306;361.4835714698327;293.92;Module 1,1_10;381.43;59,84;34,67;1,70;58,86;0,98
11,10.2019 13:41:11;34.4;2.34;306;477.9896150552921;293.77;Module 1,1_10;504.31;80,50;34,82;2,27;79,10;1,39
11,10.2019 13:43:05;34.4;2.66;306;524.1459773845586;293.71;Module 1,1_10;552.95;91,50;34,84;2,50;87,07;4,43
11,10.2019 13:44:58;34.8;3;306;623.8146653286135;293.81;Module 1,1_10;658.03;104,40;34,84;2,99;104,15;0,25
11,10.2019 13:46:42;34.5;2.54;306;521.8179656985233;293.86;Module 1,1_10;550.39;87,63;34,84;2,49;86,67;0,96
11,10.2019 13:48:34;34.6;2.36;306;500.0201432961831;294;Module 1,1_10;527.35;81,66;34,84;2,38;82,91;-1,25
11,10.2019 13:50:27;34.4;2.54;306;524.3402974328;294.1;Module 1,1_10;552.95;87,38;34,84;2,50;87,11;0,27
11,10.2019 13:52:39;34.4;1.51;306;293.0605066849101;293.86;Module 1,1_10;309.02;51,94;34,48;1,36;46,91;5,03
11,10.2019 13:54:36;34.2;1.28;306;266.5005868826747;293.53;Module 1,1_10;280.99;43,78;34,38;1,23;42,27;1,50
11,10.2019 13:56:28;34.2;1.2;306;246.07128811861696;293.28;Module 1,1_10;259.43;41,04;34,28;1,13;38,71;2,33
11,10.2019 13:58:24;34.2;1.13;306;230.26767871349176;293.07;Module 1,1_10;242.75;38,65;34,20;1,05;35,95;2,69
11,10.2019 14:00:17;34.2;1.13;303.5;230.331305840406;292.91;Module 1,1_10;242.8;38,65;34,65;1,05;36,40;2,25
11,10.2019 14:02:15;34.2;1.49;303.5;295.8748818986058;292.78;Module 1,1_10;311.87;50,96;34,94;1,37;47,98;2,98
11,10.2019 14:04:07;34.4;1.47;303.5;291.0545993434191;292.86;Module 1,1_10;306.77;50,57;34,92;1,35;47,13;3,44
11,10.2019 14:06:00;34.5;1.48;303.5;286.2707923014153;292.89;Module 1,1_10;301.71;51,06;34,91;1,33;46,28;4,78
11,10.2019 14:08:11;34.4;1.27;303.5;248.44749635091463;292.92;Module 1,1_10;261.83;43,69;34,74;1,14;39,59;4,09
11,10.2019 14:10:05;34.1;0.99;302.5;197.16081213857836;292.8;Module 1,1_10;207.77;33,76;34,61;0,89;30,69;3,07
11,10.2019 14:11:58;33.7;1.03;302.5;200.59606434047697;292.62;Module 1,1_10;211.38;34,71;34,63;0,90;31,30;3,41
11,10.2019 14:13:51;33.6;1.06;302.5;211.24349217147574;292.53;Module 1,1_10;222.59;35,62;34,71;0,96;33,18;2,43
11,10.2019 14:15:53;34;1.39;302;268.6142719255567;292.46;Module 1,1_10;283.03;47,26;35,10;1,24;43,47;3,79
11,10.2019 14:17:48;34.4;1.34;302;258.2410843210052;292.28;Module 1,1_10;272.09;46,10;35,06;1,19;41,62;4,48
11,10.2019 14:19:41;34.4;1.19;302;236.1632403411761;292.21;Module 1,1_10;248.82;40,94;34,95;1,08;37,69;3,25
11,10.2019 14:21:35;34.4;1.37;302;265.09111121576393;292.27;Module 1,1_10;279.29;47,13;35,09;1,22;42,84;4,29
11,10.2019 14:23:58;34.4;1.26;302;242.48026412900458;292.3;Module 1,1_10;255.46;43,34;34,98;1,11;38,81;4,53
11,10.2019 14:25:53;34.4;1.33;302;258.9446907891015;292.35;Module 1,1_10;272.8;45,75;35,06;1,19;41,75;4,01
11,10.2019 14:27:47;34.3;1.14;302;222.47981794663934;292.38;Module 1,1_10;234.38;39,10;34,88;1,01;35,26;3,84
11,10.2019 14:29:41;34.1;1.08;302;216.12287059620706;292.24;Module 1,1_10;227.68;36,83;34,83;0,98;34,13;2,70
11,10.2019 14:31:34;34.4;1.31;302;254.01890473903597;292.27;Module 1,1_10;267.6;45,06;35,04;1,17;40,87;4,20
11,10.2019 14:33:32;34.4;1.38;302;276.74551787472484;292.31;Module 1,1_10;291.54;47,47;35,14;1,28;44,92;2,56
11,10.2019 14:35:31;34.6;1.47;302;299.6894820421376;292.31;Module 1,1_10;315.71;50,86;35,22;1,39;49,00;1,86
11,10.2019 14:37:49;34.7;1.64;302;332.912297166651;292.44;Module 1,1_10;350.71;56,91;35,32;1,55;54,92;1,99
11,10.2019 14:39:44;34.7;1.56;302;325.61968921050277;292.55;Module 1,1_10;343.03;54,13;35,30;1,52;53,62;0,51
11,10.2019 14:41:37;34.8;1.54;302;320.7560224560763;292.75;Module 1,1_10;337.91;53,59;35,29;1,49;52,75;0,84
11,10.2019 14:43:29;34.6;1.44;302;299.0615860387233;292.85;Module 1,1_10;315.06;49,82;35,22;1,39;48,89;0,93
11,10.2019 14:45:26;34.5;1.62;302;332.8948072354116;292.82;Module 1,1_10;350.71;55,89;35,32;1,55;54,92;0,97
11,10.2019 14:47:18;34.4;1.64;302;332.88724860718355;292.85;Module 1,1_10;350.71;56,42;35,32;1,55;54,91;1,50
11,10.2019 14:49:12;34.1;1.35;302;262.09021752817586;292.89;Module 1,1_10;276.13;46,04;35,08;1,21;42,31;3,73
11,10.2019 14:51:05;34.1;1.25;302;243.86837651821367;292.89;Module 1,1_10;256.94;42,63;34,99;1,12;39,06;3,56
11,10.2019 14:53:04;34.1;1.01;302;193.55754355833082;292.75;Module 1,1_10;203.94;34,44;34,67;0,87;30,12;4,32
11,10.2019 14:54:58;33.5;0.89;302;172.5093458791567;292.58;Module 1,1_10;181.77;29,82;34,49;0,77;26,40;3,42
11,10.2019 14:56:56;33.3;0.84;302;158.38970443694816;292.4;Module 1,1_10;166.9;27,97;34,34;0,70;23,91;4,06
11,10.2019 14:58:50;33.3;0.8;302;146.4345822451049;292.25;Module 1,1_10;154.31;26,64;34,21;0,64;21,80;4,84
11,10.2019 15:00:43;33.3;0.58;302;109.54263858611948;292.12;Module 1,1_10;115.44;19,31;33,63;0,46;15,36;3,95
11,10.2019 15:02:50;32.4;0.53;300.5;97.01077518115245;291.85;Module 1,1_10;102.24;17,17;33,62;0,39;13,28;3,89
11,10.2019 15:04:44;32.5;0.52;300.5;96.36906498954063;291.67;Module 1,1_10;101.57;16,90;33,60;0,39;13,17;3,73
11,10.2019 15:06:36;32.9;0.56;300.5;104.08545380778162;291.53;Module 1,1_10;109.71;18,42;33,78;0,43;14,51;3,92
11,10.2019 15:08:33;32.9;0.47;300;91.57447995466241;291.44;Module 1,1_10;96.53;15,46;33,57;0,37;12,36;3,10
11,10.2019 15:10:35;33.4;0.66;300;131.407671616301;291.4;Module 1,1_10;138.53;22,04;34,37;0,56;19,34;2,70
11,10.2019 15:12:28;33.7;0.96;300;195.76308342711243;291.4;Module 1,1_10;206.39;32,35;35,05;0,88;30,80;1,56
11,10.2019 15:14:21;35.5;1.19;300;236.05479767566544;291.48;Module 1,1_10;248.89;42,24;35,30;1,08;38,02;4,22
11,10.2019 15:16:13;34.3;0.96;300;189.28990846666733;291.53;Module 1,1_10;199.6;32,93;35,00;0,85;29,64;3,29
11,10.2019 15:18:09;34.3;0.97;300;187.147518659506;291.64;Module 1,1_10;197.36;33,27;34,98;0,84;29,26;4,02
11,10.2019 15:20:05;35.3;1.17;300;222.30513005502118;291.82;Module 1,1_10;234.46;41,30;35,23;1,01;35,55;5,75
11,10.2019 15:22:03;34.4;1.04;300;192.07589756906307;291.95;Module 1,1_10;202.6;35,78;35,02;0,86;30,14;5,64
11,10.2019 15:23:56;33.8;0.87;300;166.50760227900292;291.99;Module 1,1_10;175.65;29,41;34,79;0,74;25,57;3,84
11,10.2019 15:25:54;33.7;0.67;300;127.33250187287607;291.94;Module 1,1_10;134.34;22,58;34,30;0,54;18,62;3,96
11,10.2019 15:27:47;33.1;0.68;300;126.52114400555061;291.86;Module 1,1_10;133.5;22,51;34,29;0,54;18,48;4,03
11,10.2019 15:29:40;33.1;0.68;300;124.82804289933522;291.83;Module 1,1_10;131.73;22,51;34,27;0,53;18,18;4,33
11,10.2019 15:31:34;32.9;0.6;300;111.42369955190445;291.82;Module 1,1_10;117.6;19,74;34,02;0,47;15,82;3,92
11,10.2019 15:33:43;32.9;0.68;300;123.31431579255508;291.8;Module 1,1_10;130.17;22,37;34,24;0,52;17,91;4,46
11,10.2019 15:35:37;33;0.71;300;130.3437380651469;291.74;Module 1,1_10;137.61;23,43;34,35;0,56;19,15;4,28
11,10.2019 15:37:29;33.3;0.79;298.5;143.61182071548708;291.67;Module 1,1_10;151.64;26,31;34,80;0,62;21,64;4,66
11,10.2019 15:39:23;34;1.01;298.5;191.71151874096395;291.65;Module 1,1_10;202.46;34,34;35,29;0,86;30,28;4,06
11,10.2019 15:41:36;34.6;1.12;300;216.8110675918444;291.8;Module 1,1_10;229.01;38,75;35,20;0,98;34,57;4,18
11,10.2019 15:43:29;34.4;1.04;300;201.26999927700905;291.96;Module 1,1_10;212.63;35,78;35,09;0,91;31,78;3,99
11,10.2019 15:45:27;34.1;1.01;300;197.0978168251897;292.03;Module 1,1_10;208.26;34,44;35,05;0,89;31,04;3,41
11,10.2019 15:47:28;34.1;1.08;300;212.44540337004378;292.07;Module 1,1_10;224.52;36,83;35,16;0,96;33,79;3,04
11,10.2019 15:49:38;34.4;1.22;300;240.88427061276704;292.35;Module 1,1_10;254.63;41,97;35,34;1,10;38,89;3,08
11,10.2019 15:51:31;34.2;1.03;300;200.9801116128362;292.58;Module 1,1_10;212.49;35,23;35,09;0,90;31,73;3,49
11,10.2019 15:53:23;33.5;0.89;300;174.16890988907983;292.57;Module 1,1_10;184.18;29,82;34,87;0,77;26,94;2,88
11,10.2019 15:55:17;33.4;0.86;300;169.08374169437715;292.52;Module 1,1_10;178.84;28,72;34,82;0,75;26,03;2,69
11,10.2019 15:57:21;33.4;0.76;300;153.54217311478715;292.5;Module 1,1_10;162.44;25,38;34,66;0,67;23,26;2,12
11,10.2019 15:59:14;34.6;0.92;300;289.6371978992729;292.46;Module 1,1_10;306.49;31,83;35,54;1,34;47,66;-15,82
11,10.2019 16:01:07;38.1;1.54;300.5;408.74719319566975;292.7;Module 1,1_10;432.63;58,67;35,73;1,93;68,88;-10,21
11,10.2019 16:03:00;36.1;1.36;300.5;289.52071702307654;292.96;Module 1,1_10;306.51;49,10;35,45;1,34;47,52;1,57
11,10.2019 16:05:14;37.7;2.87;302;461.71370524319957;293.35;Module 1,1_10;488.95;108,20;35,52;2,19;77,78;30,42
11,10.2019 16:07:09;36.4;2.08;302;466.4275683441507;293.58;Module 1,1_10;494.07;75,71;35,52;2,21;78,61;-2,90
11,10.2019 16:09:04;36.7;3.06;302;714.2858881786658;294.08;Module 1,1_10;756.82;112,30;35,48;3,43;121,83;-9,53
11,10.2019 16:10:56;35.7;2.25;303.5;679.8053171060303;294.92;Module 1,1_10;720.48;80,33;35,25;3,26;115,06;-34,73
11,10.2019 16:12:50;37.6;1.01;303.5;386.3574427731382;295.5;Module 1,1_10;409.59;37,98;35,16;1,82;63,96;-25,99
11,10.2019 16:14:43;33.8;0.9;306;220.77657798672436;295.25;Module 1,1_10;234.12;30,42;34,14;1,00;34,30;-3,88
11,10.2019 16:16:49;38.2;1.14;306;634.130252308166;295.3;Module 1,1_10;672.68;43,55;34,84;3,04;105,91;-62,36
11,10.2019 16:18:43;39.8;1.01;306;678.8289233235471;295.71;Module 1,1_10;720.32;40,20;34,81;3,26;113,49;-73,30
11,10.2019 16:20:39;39.5;0.65;308.1;455.8121012531042;296.11;Module 1,1_10;483.83;25,68;34,44;2,16;74,48;-48,81
11,10.2019 16:22:32;36.1;0.68;308.1;506.2928162454805;295.87;Module 1,1_10;537.59;24,55;34,47;2,41;83,12;-58,58
11,10.2019 16:24:25;37.1;0.74;308.1;267.5640640772999;295.67;Module 1,1_10;284.2;27,45;34,01;1,24;42,02;-14,57
11,10.2019 16:26:18;39.7;0.84;308.1;595.0896007006434;295.75;Module 1,1_10;632.31;33,35;34,48;2,85;98,22;-64,87
11,10.2019 16:28:14;39.9;0.68;308.1;171.49635325958982;296.15;Module 1,1_10;182.29;27,13;33,38;0,76;25,48;1,66
11,10.2019 16:30:08;33.3;0.61;308.6;148.56080084635454;296;Module 1,1_10;157.97;20,31;33,04;0,65;21,51;-1,19
11,10.2019 16:32:05;35.5;0.76;308.6;169.66284851010977;295.44;Module 1,1_10;180.48;26,98;33,27;0,75;25,10;1,88
11,10.2019 16:33:58;33.4;0.8;306.5;174.03131382206678;294.99;Module 1,1_10;185.2;26,72;33,70;0,77;26,11;0,61
11,10.2019 16:36:13;34.2;0.9;306.5;466.4529643536216;294.57;Module 1,1_10;496.63;30,78;34,73;2,21;76,92;-46,14
11,10.2019 16:38:19;36.1;0.8;306.5;178.88726498874;294.65;Module 1,1_10;190.55;28,88;33,73;0,80;26,95;1,93
11,10.2019 16:40:11;32.9;0.69;306.5;143.6391860563243;294.35;Module 1,1_10;153.07;22,70;33,36;0,63;20,88;1,83
11,10.2019 16:42:04;35.5;0.72;306.5;150.47811044233993;294.1;Module 1,1_10;160.43;25,56;33,45;0,66;22,05;3,51
11,10.2019 16:44:00;33.1;0.75;304.5;158.40361242429358;293.91;Module 1,1_10;168.96;24,83;33,90;0,70;23,64;1,19
11,10.2019 16:45:52;33.3;0.79;304.5;176.10497043675315;293.78;Module 1,1_10;187.93;26,31;34,07;0,78;26,72;-0,41
11,10.2019 16:47:45;34.7;0.88;304.5;243.57634901834066;293.67;Module 1,1_10;260.06;30,54;34,54;1,12;38,55;-8,01
11,10.2019 16:49:37;35.4;1.04;303.5;278.6996002814127;293.93;Module 1,1_10;297.71;36,82;34,88;1,29;44,94;-8,13
11,10.2019 16:51:38;34.7;0.83;303.5;536.5120684240142;294.61;Module 1,1_10;573.43;28,80;35,29;2,56;90,29;-61,49
11,10.2019 16:53:35;34.3;0.62;302.5;481.1528620528927;295.05;Module 1,1_10;514.55;21,27;35,45;2,29;81,01;-59,75
11,10.2019 16:55:31;33.4;0.53;302.5;385.1779411673371;295.61;Module 1,1_10;412.15;17,70;35,34;1,81;64,06;-46,36
11,10.2019 16:57:24;33.5;0.47;302;124.03761789878385;295.82;Module 1,1_10;132.8;15,74;33,89;0,53;17,88;-2,14
11,10.2019 16:59:17;33.3;0.46;302;353.6606879575248;295.65;Module 1,1_10;378.87;15,32;35,37;1,66;58,61;-43,29
11,10.2019 17:01:09;33.6;0.51;302;198.2771000541032;295.68;Module 1,1_10;212.54;17,14;34,71;0,89;30,96;-13,82
11,10.2019 17:03:09;33.1;0.58;300.5;119.50690978820427;295.32;Module 1,1_10;128.19;19,20;34,09;0,50;17,20;1,99
11,10.2019 17:05:06;32.6;0.63;300.5;462.6753597558985;295.12;Module 1,1_10;496.63;20,54;35,78;2,19;78,50;-57,96
11,10.2019 17:07:46;33.1;0.84;300;165.53938838589036;295.18;Module 1,1_10;177.86;27,80;34,78;0,73;25,40;2,41
11,10.2019 17:09:40;33.6;0.82;300;165.32766888404757;294.8;Module 1,1_10;177.76;27,55;34,78;0,73;25,36;2,19
11,10.2019 17:11:34;33.4;0.82;300;433.00356777523604;294.53;Module 1,1_10;465.91;27,39;35,84;2,05;73,39;-46,00
11,10.2019 17:13:26;33.3;0.89;300;432.6775990861148;294.9;Module 1,1_10;465.91;29,64;35,84;2,05;73,33;-43,69
11,10.2019 17:15:19;32.8;0.8;300;425.2112577448097;295.5;Module 1,1_10;458.23;26,24;35,84;2,01;71,99;-45,75
11,10.2019 17:17:13;32.4;0.57;300;415.36848460014426;295.8;Module 1,1_10;447.99;18,47;35,83;1,96;70,23;-51,76
11,10.2019 17:19:06;32.3;0.51;300;410.27620393405823;295.56;Module 1,1_10;442.87;16,47;35,82;1,94;69,32;-52,85
11,10.2019 17:21:11;32.8;0.47;298.5;324.5857088321536;295.6;Module 1,1_10;350.71;15,42;35,91;1,51;54,32;-38,90
11,10.2019 17:23:21;32.2;0.44;298.5;188.66274149678694;295.82;Module 1,1_10;204.06;14,17;35,26;0,84;29,73;-15,56
11,10.2019 17:25:13;33.2;0.4;298.5;91.07516273681722;295.78;Module 1,1_10;98.6;13,28;33,83;0,37;12,35;0,93
11,10.2019 17:27:11;32.3;0.42;298;104.66664968096471;295.55;Module 1,1_10;113.43;13,57;34,25;0,43;14,76;-1,20
11,10.2019 17:29:08;32.3;0.44;298;195.0936121063123;295.29;Module 1,1_10;211.65;14,21;35,40;0,87;30,96;-16,74
11,10.2019 17:31:00;32.7;0.47;298;186.93459893150825;295.46;Module 1,1_10;203.01;15,37;35,34;0,83;29,48;-14,11
11,10.2019 17:33:10;32.3;0.48;298;364.91069019489913;295.5;Module 1,1_10;396.79;15,50;36,09;1,71;61,76;-46,25
11,10.2019 17:35:08;32.7;0.51;298;343.31310252876926;295.76;Module 1,1_10;373.75;16,68;36,05;1,60;57,84;-41,16
11,10.2019 17:37:05;32.5;0.43;298;333.4975572313445;296.03;Module 1,1_10;363.51;13,97;36,03;1,56;56,06;-42,08
11,10.2019 17:38:57;32.3;0.45;298;335.4363293356395;296.28;Module 1,1_10;366.07;14,53;36,03;1,57;56,41;-41,88
11,10.2019 17:40:50;32.3;0.39;296.5;327.97869110133024;296.39;Module 1,1_10;358.39;12,60;36,28;1,53;55,44;-42,84
11,10.2019 17:42:44;31.9;0.38;296.5;318.1795851524713;296.52;Module 1,1_10;348.15;12,12;36,25;1,48;53,65;-41,52
11,10.2019 17:44:37;31.4;0.36;296.5;301.38383966227394;296.57;Module 1,1_10;330.23;11,30;36,20;1,40;50,58;-39,27
11,10.2019 17:46:30;31.2;0.35;296;305.61471483293684;296.58;Module 1,1_10;335.35;10,92;36,30;1,42;51,47;-40,55
11,10.2019 17:48:23;31;0.38;296;302.8253742181138;296.45;Module 1,1_10;332.79;11,78;36,30;1,40;50,95;-39,17
11,10.2019 17:50:16;31;0.39;294.5;287.5047986876384;296.35;Module 1,1_10;316.45;12,09;36,51;1,33;48,47;-36,38
11,10.2019 17:52:20;31;0.37;294.5;279.04272146792107;296.44;Module 1,1_10;307.69;11,47;36,48;1,29;46,91;-35,44
11,10.2019 17:54:13;31.2;0.32;294.5;265.8344353719051;296.53;Module 1,1_10;293.63;9,98;36,43;1,22;44,47;-34,49
11,10.2019 17:56:14;30.9;0.3;294.5;246.8893300336309;296.56;Module 1,1_10;273.23;9,27;36,34;1,13;40,98;-31,71
11,10.2019 17:58:06;30.9;0.3;294.5;238.47360541735608;296.38;Module 1,1_10;264.41;9,27;36,30;1,09;39,43;-30,16
11,10.2019 18:00:00;29.6;0.29;294.5;242.97680634777376;296.1;Module 1,1_10;269.94;8,58;36,32;1,11;40,26;-31,67
11,10.2019 18:02:00;29.3;0.27;294;227.3001389377476;295.86;Module 1,1_10;253.08;7,91;36,33;1,03;37,45;-29,54
11,10.2019 18:03:58;29;0.26;294;195.95780400089657;295.59;Module 1,1_10;218.68;7,54;36,13;0,88;31,67;-24,13
11,10.2019 18:05:57;28.6;0.26;294;209.13528275608007;295.27;Module 1,1_10;233.95;7,44;36,22;0,94;34,10;-26,66
11,10.2019 18:07:57;28.3;0.26;294;207.234565538872;295.06;Module 1,1_10;232.42;7,36;36,20;0,93;33,75;-26,39
11,10.2019 18:09:49;28.1;0.25;294;203.634316029878;294.89;Module 1,1_10;228.96;7,03;36,18;0,91;33,08;-26,06
11,10.2019 18:11:45;27.8;0.26;294;199.41020156827852;294.76;Module 1,1_10;224.83;7,23;36,15;0,89;32,30;-25,08
11,10.2019 18:13:40;27.1;0.26;294;180.18330714292853;294.75;Module 1,1_10;203.74;7,05;35,99;0,80;28,76;-21,72
11,10.2019 18:15:33;26.9;0.26;291.9;186.10644570702055;294.5;Module 1,1_10;211.07;6,99;36,42;0,83;30,12;-23,13
11,10.2019 18:17:52;25.9;0.26;291.9;176.36510944401977;294.33;Module 1,1_10;200.81;6,73;36,34;0,78;28,32;-21,58
11,10.2019 18:19:44;26.2;0.26;291.9;172.51405758112816;294.28;Module 1,1_10;197.09;6,81;36,30;0,76;27,60;-20,79
11,10.2019 18:21:38;26.5;0.26;291.9;162.09148211777276;294.21;Module 1,1_10;185.86;6,89;36,20;0,71;25,67;-18,78
11,10.2019 18:23:30;26.7;0.25;291.9;150.8229563311658;294.17;Module 1,1_10;173.6;6,67;36,08;0,65;23,59;-16,91
11,10.2019 18:25:27;26.3;0.25;291.9;141.14313076479925;294.12;Module 1,1_10;163.15;6,58;35,95;0,61;21,80;-15,23
11,10.2019 18:27:19;26.1;0.25;291.9;133.20107902487246;294.01;Module 1,1_10;154.64;6,53;35,84;0,57;20,34;-13,82
11,10.2019 18:29:14;23.7;0.26;290.9;89.44663813412302;293.89;Module 1,1_10;104.34;6,16;35,15;0,35;12,42;-6,26
11,10.2019 18:31:06;21.9;0.26;290.9;45.08954999005677;293.51;Module 1,1_10;52.86;5,69;32,56;0,14;4,60;1,09
11,10.2019 18:33:10;22.5;0.26;290.9;43.73677944203215;292.97;Module 1,1_10;51.58;5,85;32,38;0,14;4,37;1,48
11,10.2019 18:35:03;36.9;0.25;291.9;41.94696517712364;292.46;Module 1,1_10;49.76;9,22;31,93;0,13;4,07;5,16
11,10.2019 18:37:06;37.2;0.25;291.9;40.42717738738142;292.07;Module 1,1_10;48.29;9,30;31,66;0,12;3,82;5,48
11,10.2019 18:39:29;36.3;0.22;294.5;38.74350304532174;291.61;Module 1,1_10;46.69;7,99;30,92;0,11;3,54;4,45
11,10.2019 18:41:23;32.3;0.19;294.5;35.4550975404535;291.26;Module 1,1_10;43.06;6,14;30,07;0,10;3,02;3,12
11,10.2019 18:43:16;31;0.19;294.5;36.031938729972964;291;Module 1,1_10;44.13;5,89;30,24;0,10;3,11;2,78
11,10.2019 18:45:09;31.1;0.18;294;34.99741022290328;290.82;Module 1,1_10;43.26;5,60;29,98;0,10;2,95;2,65
11,10.2019 18:47:04;31.1;0.18;294;33.49222947676999;290.63;Module 1,1_10;41.83;5,60;29,43;0,09;2,71;2,88
11,10.2019 18:48:57;31;0.17;294;31.913709753804405;290.5;Module 1,1_10;40.31;5,27;28,71;0,09;2,48;2,79
11,10.2019 18:50:52;32.1;0.16;294;30.711450299658356;290.37;Module 1,1_10;39.29;5,14;28,05;0,08;2,30;2,84
11,10.2019 18:52:44;31.8;0.16;294;29.646713906539595;290.27;Module 1,1_10;38.46;5,09;27,38;0,08;2,15;2,94
11,10.2019 18:54:37;31.4;0.16;294;28.232431294968016;290.19;Module 1,1_10;37.21;5,02;26,35;0,07;1,95;3,07
11,10.2019 18:56:32;31;0.15;294;26.639413446977166;290.12;Module 1,1_10;35.76;4,65;25,04;0,07;1,74;2,91
11,10.2019 18:58:25;31.2;0.15;294;25.22614727009185;290.05;Module 1,1_10;34.57;4,68;23,80;0,07;1,56;3,12
11,10.2019 19:00:26;31.3;0.15;292.4;23.375594271065765;289.95;Module 1,1_10;32.87;4,70;22,09;0,06;1,34;3,36
11,10.2019 19:02:20;31.2;0.14;292.4;21.762231298799904;289.89;Module 1,1_10;31.49;4,37;20,58;0,06;1,16;3,21
11,10.2019 19:04:13;31.5;0.13;292.4;19.97065530590314;289.8;Module 1,1_10;29.89;4,09;18,89;0,05;0,98;3,12
11,10.2019 19:06:12;31.3;0.13;292.4;17.634480396349105;289.72;Module 1,1_10;27.56;4,07;16,68;0,05;0,76;3,31
11,10.2019 19:08:14;31.2;0.11;292.4;15.239793346136672;289.64;Module 1,1_10;25.18;3,43;14,41;0,04;0,57;2,86
11,10.2019 19:10:07;31.6;0.11;292.4;13.199220410322113;289.56;Module 1,1_10;23.3;3,48;12,48;0,03;0,43;3,05
11,10.2019 19:12:06;30.9;0.1;292.4;11.111345732433263;289.48;Module 1,1_10;21.52;3,09;10,51;0,03;0,30;2,79
11,10.2019 19:14:00;30.8;0.09;291.9;8.774111495063837;289.39;Module 1,1_10;19.25;2,77;8,30;0,02;0,19;2,58
11,10.2019 19:15:54;30.3;0.08;291.9;6.537529737969962;289.31;Module 1,1_10;17.31;2,42;6,18;0,02;0,10;2,32
11,10.2019 19:17:47;31.2;0;291.9;3.935573444098198;289.21;Module 1,1_10;14.36;0,00;3,72;0,01;0,04;-0,04
11,10.2019 19:19:53;30.6;0;291.9;2.5128600495365148;289.11;Module 1,1_10;13.08;0,00;2,38;0,01;0,02;-0,02
11,10.2019 19:21:49;29.9;0;291.9;2.174738208008666;289.05;Module 1,1_10;11.32;0,00;2,05;0,01;0,01;-0,01
11,10.2019 19:23:42;29.8;0;291.9;1.8116414577316007;289;Module 1,1_10;9.43;0,00;1,71;0,00;0,01;-0,01
11,10.2019 19:25:41;30;0;291.9;1.58302498533493;288.92;Module 1,1_10;8.24;0,00;1,50;0,00;0,01;-0,01
11,10.2019 19:27:38;29.9;0;291.9;1.1911110326549232;288.84;Module 1,1_10;6.2;0,00;1,13;0,00;0,00;-0,00
11,10.2019 19:29:31;29.1;0;291.9;0.0001;288.76;Module 1,1_10;4.94;0,00;0,00;0,00;0,00;0,00
11,10.2019 19:31:31;32.2;0;291.9;0.0001;288.67;Module 1,1_10;3.81;0,00;0,00;0,00;0,00;0,00
11,10.2019 19:33:33;32;0;291.9;0.0001;288.6;Module 1,1_10;3.68;0,00;0,00;0,00;0,00;0,00
11,10.2019 19:35:25;31.8;0;291.9;0.0001;288.5;Module 1,1_10;3.35;0,00;0,00;0,00;0,00;0,00
11,10.2019 19:37:18;30.9;0;291.9;0.0001;288.44;Module 1,1_10;2.89;0,00;0,00;0,00;0,00;0,00
11,10.2019 19:39:18;30.1;0;290.4;0.0001;288.39;Module 1,1_10;1.5;0,00;0,00;0,00;0,00;0,00
11,10.2019 19:41:11;30.1;0;290.4;0.0001;288.35;Module 1,1_10;0.55;0,00;0,00;0,00;0,00;0,00
11,10.2019 19:43:08;30.1;0;290.4;0.0001;288.27;Module 1,1_10;-0.01;0,00;0,00;0,00;0,00;0,00
12,10.2019 08:46:38;30;0;281.9;8.860612754937517;281.9;Module 1,1_10;12.06;0,00;8,34;0,02;0,19;-0,19
12,10.2019 08:48:32;31;0;281.9;9.797538644973297;281.92;Module 1,1_10;13.17;0,00;9,23;0,03;0,23;-0,23
12,10.2019 08:50:25;31;0;281.9;10.767390386174279;281.96;Module 1,1_10;14.31;0,00;10,14;0,03;0,28;-0,28
12,10.2019 08:52:22;32.6;0;283.9;11.638051386127039;282;Module 1,1_10;15.3;0,00;10,97;0,03;0,33;-0,33
12,10.2019 08:54:16;33;0;283.9;12.382443543790206;282.03;Module 1,1_10;16.12;0,00;11,67;0,03;0,37;-0,37
12,10.2019 08:56:11;34.2;0;284.4;13.690350658287407;282.04;Module 1,1_10;17.66;0,00;12,91;0,04;0,46;-0,46
12,10.2019 08:58:04;34.7;0;284.4;14.2669304453445;282.05;Module 1,1_10;18.25;0,00;13,45;0,04;0,50;-0,50
12,10.2019 08:59:50;35.2;0;284.4;15.30956810530654;282.03;Module 1,1_10;19.44;0,00;14,44;0,04;0,57;-0,57
12,10.2019 09:01:42;35.8;0;285.9;16.675184555687625;282.03;Module 1,1_10;21.02;0,00;15,73;0,04;0,68;-0,68
12,10.2019 09:03:56;37.5;0;285.9;17.979332635766593;282.07;Module 1,1_10;22.48;0,00;16,96;0,05;0,79;-0,79
12,10.2019 09:05:50;37.5;0;285.9;18.949467061045976;282.07;Module 1,1_10;23.54;0,00;17,88;0,05;0,87;-0,87
12,10.2019 09:07:43;37;0;287.4;20.619337882787562;282.14;Module 1,1_10;25.46;0,00;19,46;0,05;1,04;-1,04
12,10.2019 09:09:38;37.4;0;287.4;21.594643002621993;282.14;Module 1,1_10;26.51;0,00;20,38;0,06;1,14;-1,14
12,10.2019 09:11:39;37.8;0;288.4;22.48942070748204;282.15;Module 1,1_10;27.45;0,00;21,23;0,06;1,23;-1,23
12,10.2019 09:13:32;38.2;0;288.4;23.452070801081742;282.16;Module 1,1_10;28.48;0,00;22,13;0,06;1,34;-1,34
12,10.2019 09:15:29;36.4;0.07;287.4;24.661530740539597;282.17;Module 1,1_10;29.8;2,55;23,26;0,06;1,48;1,07
12,10.2019 09:17:23;37.6;0;287.4;25.681454981583883;282.2;Module 1,1_10;30.89;0,00;24,20;0,07;1,61;-1,61
12,10.2019 09:19:33;38.4;0;287.4;26.845383009838287;282.23;Module 1,1_10;32.13;0,00;25,26;0,07;1,76;-1,76
12,10.2019 09:21:56;37.6;0;287.4;28.907169805078706;282.28;Module 1,1_10;34.42;0,00;27,04;0,08;2,04;-2,04
12,10.2019 09:23:49;38.4;0;287.4;34.153105955614926;282.32;Module 1,1_10;40.51;0,00;30,40;0,09;2,82;-2,82
12,10.2019 09:25:43;38.3;0;287.4;39.8480664121098;282.38;Module 1,1_10;47.09;0,00;32,21;0,12;3,74;-3,74
12,10.2019 09:27:39;38.2;0;287.4;77.24059624760098;282.52;Module 1,1_10;90.95;0,00;35,38;0,29;10,34;-10,34
12,10.2019 09:29:31;38.6;0.07;287.4;92.98032014792719;282.68;Module 1,1_10;109.12;2,70;35,87;0,37;13,23;-10,52
12,10.2019 09:31:24;38.8;0;289.4;188.2854906731451;283.1;Module 1,1_10;220.26;0,00;36,88;0,84;30,85;-30,85
12,10.2019 09:33:21;39.1;0;289.4;194.50272759423123;283.74;Module 1,1_10;226.81;0,00;36,93;0,87;32,02;-32,02
12,10.2019 09:35:15;39.8;0;289.9;198.195032638541;284.25;Module 1,1_10;230.43;0,00;36,87;0,89;32,65;-32,65
12,10.2019 09:37:19;39.9;0;289.9;207.35941763939059;284.76;Module 1,1_10;240.34;0,00;36,93;0,93;34,37;-34,37
12,10.2019 09:39:13;38.9;0;289.9;212.97797335944676;285.14;Module 1,1_10;246.18;0,00;36,97;0,96;35,43;-35,43
12,10.2019 09:41:10;40.3;0.13;289.9;219.1896614130942;285.53;Module 1,1_10;252.68;5,24;37,01;0,99;36,59;-31,35
12,10.2019 09:43:12;40.4;0.17;289.9;225.520746085198;285.92;Module 1,1_10;259.28;6,87;37,04;1,02;37,78;-30,92
12,10.2019 09:45:05;40.4;0.18;290.4;233.1499095510027;286.26;Module 1,1_10;267.41;7,27;37,00;1,06;39,14;-31,86
12,10.2019 09:46:57;40.4;0.19;290.4;239.81838775452437;286.62;Module 1,1_10;274.43;7,68;37,03;1,09;40,39;-32,71
12,10.2019 09:48:58;27.4;0.54;290.4;245.28625658630088;286.91;Module 1,1_10;280.02;14,80;37,05;1,12;41,42;-26,62
12,10.2019 09:51:20;26.8;0.6;288.4;255.24519168049702;287.25;Module 1,1_10;290.61;16,08;37,45;1,17;43,66;-27,58
12,10.2019 09:53:13;26.8;0.61;288.4;261.6122190536107;287.41;Module 1,1_10;297.25;16,35;37,48;1,20;44,87;-28,52
12,10.2019 09:55:07;26.8;0.61;286.4;268.06069431711717;287.64;Module 1,1_10;303.97;16,35;37,86;1,23;46,48;-30,13
12,10.2019 09:57:00;26.9;0.66;286.4;274.89067542237274;287.89;Module 1,1_10;311.12;17,75;37,89;1,26;47,79;-30,03
12,10.2019 09:58:53;27.7;0.58;286.4;282.5600536063071;288.05;Module 1,1_10;319.21;16,07;37,91;1,30;49,25;-33,19
12,10.2019 10:00:53;30.6;0.64;287.4;289.2244386093045;288.14;Module 1,1_10;326.12;19,58;37,77;1,33;50,32;-30,73
12,10.2019 10:02:52;37.1;0.78;287.4;297.9508187865005;288.23;Module 1,1_10;335.35;28,94;37,79;1,38;51,98;-23,04
12,10.2019 10:04:54;40.4;0.75;294;307.6017538304863;288.43;Module 1,1_10;345.59;30,30;36,66;1,43;52,30;-22,00
12,10.2019 10:06:54;40.3;0.77;294;312.693417833749;288.53;Module 1,1_10;350.71;31,03;36,68;1,45;53,24;-22,21
12,10.2019 10:08:48;40.3;0.91;296;320.04411744812745;288.61;Module 1,1_10;358.39;36,67;36,34;1,49;54,11;-17,44
12,10.2019 10:10:48;40.4;0.8;296;327.42732281655543;288.74;Module 1,1_10;366.07;32,32;36,37;1,53;55,46;-23,14
12,10.2019 10:12:44;40.3;1.05;296;334.7993250452613;288.88;Module 1,1_10;373.75;42,31;36,38;1,56;56,81;-14,50
12,10.2019 10:14:38;40.1;0.94;298;342.1687466851448;289.06;Module 1,1_10;381.43;37,69;36,05;1,60;57,63;-19,94
12,10.2019 10:16:32;40.1;1.24;298;349.54391947924825;289.14;Module 1,1_10;389.11;49,72;36,06;1,64;58,97;-9,25
12,10.2019 10:18:44;39.8;1.05;298.5;354.69612169172194;289.21;Module 1,1_10;394.23;41,79;35,99;1,66;59,77;-17,98
12,10.2019 10:20:38;39.1;1.23;298.5;364.3846701831403;289.22;Module 1,1_10;404.47;48,09;36,01;1,71;61,52;-13,43
12,10.2019 10:22:47;39.9;1.16;298.5;374.1456083502791;289.3;Module 1,1_10;414.71;46,28;36,02;1,76;63,28;-17,00
12,10.2019 10:24:40;39.1;1.41;300;379.22649720776207;289.42;Module 1,1_10;419.83;55,13;35,77;1,78;63,76;-8,62
12,10.2019 10:26:32;39.1;1.25;300;384.3024697430962;289.52;Module 1,1_10;424.95;48,88;35,78;1,81;64,67;-15,79
12,10.2019 10:28:25;38.9;1.34;300;391.69934145090843;289.59;Module 1,1_10;432.63;52,13;35,79;1,84;65,99;-13,87
12,10.2019 10:30:18;39.5;1.21;300;399.10049267662646;289.76;Module 1,1_10;440.31;47,80;35,80;1,88;67,32;-19,52
12,10.2019 10:32:11;38.7;1.36;300;406.50573242325135;289.9;Module 1,1_10;447.99;52,63;35,81;1,92;68,65;-16,01
12,10.2019 10:34:04;39.3;1.47;300.5;411.589462232309;290.04;Module 1,1_10;453.11;57,77;35,73;1,94;69,39;-11,62
12,10.2019 10:36:01;38.7;1.95;300.5;419.0150991430154;290.12;Module 1,1_10;460.79;75,47;35,74;1,98;70,72;4,75
12,10.2019 10:37:56;36.9;1.92;300.5;424.10627705103394;290.32;Module 1,1_10;465.91;70,85;35,75;2,00;71,63;-0,78
12,10.2019 10:39:52;36.1;2.01;300.5;429.1998099704708;290.41;Module 1,1_10;471.03;72,56;35,75;2,03;72,54;0,02
12,10.2019 10:41:45;36.3;2.08;300.5;436.61591527069015;290.55;Module 1,1_10;478.71;75,50;35,76;2,07;73,86;1,65
12,10.2019 10:43:39;35.9;2.13;302;444.0389113858114;290.67;Module 1,1_10;486.39;76,47;35,50;2,10;74,65;1,82
12,10.2019 10:45:32;36.2;2.19;302;449.1221462082498;290.79;Module 1,1_10;491.51;79,28;35,51;2,13;75,55;3,73
12,10.2019 10:47:25;35.7;2.22;302;456.54550464598657;291.03;Module 1,1_10;499.19;79,25;35,52;2,16;76,86;2,39
12,10.2019 10:49:22;35.7;2.22;302;461.642416374292;291.18;Module 1,1_10;504.31;79,25;35,52;2,19;77,76;1,49
12,10.2019 10:51:16;35.7;2.26;302;466.7273891980203;291.31;Module 1,1_10;509.43;80,68;35,52;2,21;78,66;2,02
12,10.2019 10:53:12;35.7;2.29;302;474.16528586041704;291.38;Module 1,1_10;517.11;81,75;35,52;2,25;79,97;1,78
12,10.2019 10:55:08;35.7;2.31;302;479.2562710142064;291.46;Module 1,1_10;522.23;82,47;35,53;2,28;80,87;1,59
12,10.2019 10:57:01;35.7;2.35;302;486.6869682173946;291.68;Module 1,1_10;529.91;83,90;35,53;2,31;82,18;1,71
12,10.2019 10:58:53;35.6;2.42;302.5;491.76377170290107;291.78;Module 1,1_10;535.03;86,15;35,45;2,34;82,88;3,27
12,10.2019 11:00:57;35.6;2.4;302.5;501.58838270538024;291.96;Module 1,1_10;545.27;85,44;35,45;2,39;84,61;0,83
12,10.2019 11:02:54;36.3;2.12;302.5;506.6820358125106;292.09;Module 1,1_10;550.39;76,96;35,45;2,41;85,50;-8,54
12,10.2019 11:04:47;37.7;1.95;302.5;509.40286659110996;292.25;Module 1,1_10;552.95;73,52;35,45;2,43;85,98;-12,46
12,10.2019 11:06:41;35.4;2.5;302.5;514.482304376421;292.47;Module 1,1_10;558.07;88,50;35,46;2,45;86,87;1,63
12,10.2019 11:08:32;35.3;2.51;303.5;521.9127426401491;292.67;Module 1,1_10;565.75;88,60;35,28;2,49;87,75;0,85
12,10.2019 11:10:25;36.9;2.08;303.5;526.9881846512554;292.76;Module 1,1_10;570.87;76,75;35,29;2,51;88,63;-11,88
12,10.2019 11:12:17;37.6;2.38;303.5;534.424071211836;292.96;Module 1,1_10;578.55;89,49;35,29;2,55;89,93;-0,44
12,10.2019 11:14:11;36.5;2.37;306;539.5015700798011;293.21;Module 1,1_10;583.67;86,51;34,85;2,57;89,72;-3,21
12,10.2019 11:16:05;37.2;2.04;306;542.209941813181;293.42;Module 1,1_10;586.23;75,89;34,85;2,59;90,18;-14,29
12,10.2019 11:17:58;37.8;2.07;306;549.6495564445245;293.69;Module 1,1_10;593.91;78,25;34,86;2,62;91,46;-13,21
12,10.2019 11:19:52;37.4;2.3;306;554.723037886013;293.89;Module 1,1_10;599.03;86,02;34,85;2,65;92,33;-6,31
12,10.2019 11:21:45;35.2;2.68;306.5;559.7923068687345;293.81;Module 1,1_10;604.15;94,34;34,77;2,67;92,97;1,36
12,10.2019 11:24:20;35.1;2.77;306.5;567.3529023938908;293.96;Module 1,1_10;611.83;97,23;34,77;2,71;94,27;2,96
12,10.2019 11:26:14;35.2;2.76;306.5;574.7975404155162;294.1;Module 1,1_10;619.51;97,15;34,76;2,75;95,54;1,61
12,10.2019 11:28:08;35.1;2.72;306.5;577.4903721442056;294.3;Module 1,1_10;622.07;95,47;34,76;2,76;96,00;-0,53
12,10.2019 11:30:02;35.1;2.75;306.5;582.5571044173334;294.42;Module 1,1_10;627.19;96,53;34,76;2,79;96,86;-0,34
12,10.2019 11:31:55;35.1;2.82;308.1;587.6198143996588;294.49;Module 1,1_10;632.31;98,98;34,48;2,81;96,95;2,03
12,10.2019 11:33:48;35;2.83;308.1;595.0615421729977;294.56;Module 1,1_10;639.99;99,05;34,48;2,85;98,21;0,84
12,10.2019 11:35:46;35;2.89;308.1;600.1360837655652;294.68;Module 1,1_10;645.11;101,15;34,48;2,87;99,07;2,08
12,10.2019 11:37:40;35;2.84;308.1;602.8158953155053;294.79;Module 1,1_10;647.67;99,40;34,48;2,89;99,52;-0,12
12,10.2019 11:39:36;35;2.94;308.1;607.8810202350869;294.89;Module 1,1_10;652.79;102,90;34,48;2,91;100,38;2,52
12,10.2019 11:41:29;34.9;2.92;308.1;612.2104270914505;295.08;Module 1,1_10;657.13;101,91;34,48;2,93;101,11;0,80
12,10.2019 11:43:26;34.6;3;308.1;617.5824632889961;295.17;Module 1,1_10;662.58;103,80;34,47;2,96;102,02;1,78
12,10.2019 11:45:19;34.6;3.05;308.1;623.7360531193715;295.24;Module 1,1_10;668.88;105,53;34,47;2,99;103,06;2,47
12,10.2019 11:47:15;34.6;3.03;308.1;627.6203075488854;295.29;Module 1,1_10;672.74;104,84;34,47;3,01;103,71;1,13
12,10.2019 11:49:07;34.6;3.06;308.1;632.295129651;295.27;Module 1,1_10;677.46;105,88;34,47;3,03;104,50;1,38
12,10.2019 11:51:00;34.6;3.05;308.6;635.103325266823;295.25;Module 1,1_10;680.18;105,53;34,38;3,05;104,71;0,82
12,10.2019 11:52:53;34.6;3.1;308.6;640.3277330480795;295.32;Module 1,1_10;685.49;107,26;34,38;3,07;105,58;1,68
12,10.2019 11:55:15;34.5;3.11;308.6;644.5522667018711;295.56;Module 1,1_10;689.66;107,30;34,38;3,09;106,29;1,00
12,10.2019 11:57:09;34.3;3.16;310.1;648.9059223722755;295.64;Module 1,1_10;694.04;108,39;34,11;3,11;106,21;2,17
12,10.2019 11:59:02;34.5;3.22;310.1;652.4230276141041;295.77;Module 1,1_10;697.53;111,09;34,11;3,13;106,80;4,29
12,10.2019 12:00:54;34.5;3.12;310.1;655.3273000429622;295.91;Module 1,1_10;700.37;107,64;34,10;3,15;107,28;0,36
12,10.2019 12:02:53;35.4;2.98;310.1;658.5340448497022;296.1;Module 1,1_10;703.52;105,49;34,10;3,16;107,81;-2,32
12,10.2019 12:04:47;35.1;3.13;310.1;662.3170813542065;296.37;Module 1,1_10;707.3;109,86;34,10;3,18;108,44;1,42
12,10.2019 12:06:51;33.9;3.23;310.1;667.3647253394131;296.62;Module 1,1_10;712.41;109,50;34,10;3,20;109,28;0,22
12,10.2019 12:08:47;34.2;3.24;310.1;669.0578378111298;296.57;Module 1,1_10;713.96;110,81;34,10;3,21;109,56;1,25
12,10.2019 12:10:44;33.9;3.3;310.6;674.2458307253238;296.6;Module 1,1_10;719.24;111,87;34,01;3,24;110,14;1,73
12,10.2019 12:12:49;33.9;3.33;310.6;678.1074342447967;296.87;Module 1,1_10;723.09;112,89;34,01;3,26;110,78;2,11
12,10.2019 12:14:42;33.9;3.34;310.6;681.501722903597;297.21;Module 1,1_10;726.47;113,23;34,00;3,27;111,34;1,89
12,10.2019 12:16:36;33.7;3.4;310.6;684.6047058468914;297.54;Module 1,1_10;729.54;114,58;34,00;3,29;111,85;2,73
12,10.2019 12:18:37;33.6;3.41;310.6;690.1685285921558;298.06;Module 1,1_10;735.22;114,58;34,00;3,32;112,77;1,81
12,10.2019 12:20:31;33.5;3.37;312.1;689.5296702652527;298.28;Module 1,1_10;734.31;112,90;33,73;3,31;111,80;1,10
12,10.2019 12:22:24;33.5;3.4;312.1;695.1023384369931;298.45;Module 1,1_10;740.02;113,90;33,73;3,34;112,71;1,19
12,10.2019 12:24:17;33.5;3.42;314.1;698.3908657586994;298.71;Module 1,1_10;743.3;114,57;33,38;3,36;112,07;2,50
12,10.2019 12:26:40;33.3;3.46;314.1;701.2794870613724;299.1;Module 1,1_10;746.1;115,22;33,38;3,37;112,54;2,68
12,10.2019 12:28:34;33.3;3.52;314.1;703.7180040336258;299.07;Module 1,1_10;748.48;117,22;33,38;3,38;112,93;4,28
12,10.2019 12:30:27;33.3;3.54;314.1;708.1927851912993;299.22;Module 1,1_10;753.03;117,88;33,37;3,41;113,66;4,22
12,10.2019 12:32:22;33.3;3.51;314.1;710.6562168185615;299.28;Module 1,1_10;755.44;116,88;33,37;3,42;114,06;2,83
12,10.2019 12:34:39;33.3;3.49;314.6;713.7744651634524;299.27;Module 1,1_10;758.51;116,22;33,27;3,43;114,26;1,96
12,10.2019 12:36:33;33.3;3.54;314.6;716.7384662388481;299.12;Module 1,1_10;761.46;117,88;33,27;3,45;114,73;3,15
12,10.2019 12:38:26;33.5;3.51;314.6;719.6607578361893;299.02;Module 1,1_10;764.37;117,58;33,27;3,46;115,20;2,38
12,10.2019 12:40:18;33.5;3.6;314.1;723.4454772342856;299.03;Module 1,1_10;768.2;120,60;33,36;3,48;116,12;4,48
12,10.2019 12:42:20;33.3;3.58;314.1;727.1401963581242;299.03;Module 1,1_10;771.92;119,21;33,36;3,50;116,72;2,50
12,10.2019 12:44:14;33.5;3.56;314.6;729.5953443437375;299.08;Module 1,1_10;774.34;119,26;33,27;3,51;116,80;2,46
12,10.2019 12:46:14;33.5;3.57;314.6;732.7448047192447;299.31;Module 1,1_10;777.49;119,59;33,27;3,53;117,31;2,29
12,10.2019 12:48:09;33.1;3.67;314.6;734.4325808468448;299.29;Module 1,1_10;779.1;121,48;33,27;3,53;117,58;3,90
12,10.2019 12:50:08;32.7;3.71;314.1;736.5851006944705;299.3;Module 1,1_10;781.2;121,32;33,35;3,55;118,24;3,08
12,10.2019 12:52:00;32.7;3.66;314.1;738.1494610055696;299.42;Module 1,1_10;782.69;119,68;33,34;3,55;118,49;1,19
12,10.2019 12:53:55;32.8;3.68;314.1;738.1398072236565;299.22;Module 1,1_10;782.51;120,70;33,34;3,55;118,49;2,22
12,10.2019 12:55:48;32.8;3.72;314.1;742.6620083547509;299.07;Module 1,1_10;787.14;122,02;33,34;3,58;119,21;2,80
12,10.2019 12:57:41;32.8;3.64;314.1;745.0403980647857;299.11;Module 1,1_10;789.5;119,39;33,34;3,59;119,60;-0,20
12,10.2019 12:59:35;33.4;3.61;314.1;746.7474207267068;299.17;Module 1,1_10;791.15;120,57;33,34;3,60;119,87;0,70
12,10.2019 13:01:34;33.3;3.66;314.1;747.7216066499734;299.03;Module 1,1_10;792.02;121,88;33,34;3,60;120,03;1,85
12,10.2019 13:03:27;33.3;3.67;314.6;750.0635686378619;299.06;Module 1,1_10;794.35;122,21;33,25;3,61;120,09;2,12
12,10.2019 13:05:22;33.3;3.67;314.6;750.4410665101208;299.31;Module 1,1_10;794.6;122,21;33,25;3,61;120,15;2,06
12,10.2019 13:07:16;33.4;3.66;314.6;751.6642021647658;299.27;Module 1,1_10;795.75;122,24;33,25;3,62;120,34;1,90
12,10.2019 13:09:08;33.4;3.6;314.1;754.28979147823;299.38;Module 1,1_10;798.39;120,24;33,34;3,63;121,08;-0,84
12,10.2019 13:11:07;33.3;3.73;314.1;754.7854749006549;299.29;Module 1,1_10;798.77;124,21;33,34;3,63;121,16;3,05
12,10.2019 13:13:01;33.6;3.63;314.6;756.415772363873;299.24;Module 1,1_10;800.36;121,97;33,24;3,64;121,10;0,86
12,10.2019 13:14:54;33.3;3.74;314.6;759.2427184590484;299.3;Module 1,1_10;803.22;124,54;33,24;3,66;121,56;2,99
12,10.2019 13:16:47;33.4;3.73;314.6;761.0368870501319;299.5;Module 1,1_10;804.99;124,58;33,24;3,67;121,84;2,74
12,10.2019 13:18:40;33.1;3.65;314.6;763.8590821827871;299.6;Module 1,1_10;807.85;120,81;33,23;3,68;122,29;-1,48
12,10.2019 13:20:44;33.2;3.74;314.6;764.5527783324151;299.72;Module 1,1_10;808.45;124,17;33,23;3,68;122,41;1,76
12,10.2019 13:22:37;33.3;3.69;316.1;754.7238982517056;299.87;Module 1,1_10;797.94;122,88;32,98;3,63;119,87;3,01
12,10.2019 13:24:31;33.2;3.71;316.1;770.9422172998317;300.05;Module 1,1_10;814.97;123,17;32,97;3,71;122,44;0,73
12,10.2019 13:26:24;33.1;3.46;316.1;750.5845131231123;299.96;Module 1,1_10;793.34;114,53;32,98;3,61;119,21;-4,69
12,10.2019 13:28:24;33.1;3.52;316.1;751.2591845871793;299.96;Module 1,1_10;793.94;116,51;32,98;3,62;119,32;-2,81
12,10.2019 13:30:17;33.1;3.77;316.1;775.9529183486856;300.02;Module 1,1_10;819.93;124,79;32,96;3,74;123,24;1,55
12,10.2019 13:32:10;33.3;3.37;316.1;718.4099018751783;300.32;Module 1,1_10;759.03;112,22;33,01;3,46;114,09;-1,87
12,10.2019 13:34:04;33.1;3.45;316.1;702.1128102601624;300.35;Module 1,1_10;741.72;114,20;33,02;3,38;111,49;2,71
12,10.2019 13:36:39;32.8;3.74;316.1;768.139036892819;300.32;Module 1,1_10;811.34;122,67;32,97;3,70;122,00;0,67
12,10.2019 13:38:33;33.4;3.76;316.1;779.4090311560298;300.2;Module 1,1_10;823.15;125,58;32,96;3,76;123,78;1,80
12,10.2019 13:40:26;33.6;3.71;316.1;777.4675886192881;300.15;Module 1,1_10;821.01;124,66;32,96;3,75;123,48;1,18
12,10.2019 13:42:19;32.9;3.84;316.1;778.6575361496277;300.34;Module 1,1_10;822.18;126,34;32,96;3,75;123,67;2,67
12,10.2019 13:44:14;33.1;3.89;316.1;777.1183085617051;300.46;Module 1,1_10;820.47;128,76;32,96;3,74;123,42;5,34
12,10.2019 13:46:09;32.4;3.69;316.1;774.5905675183658;300.72;Module 1,1_10;817.72;119,56;32,96;3,73;123,02;-3,47
12,10.2019 13:48:02;32.7;3.8;316.1;773.8769482673414;300.75;Module 1,1_10;816.89;124,26;32,96;3,73;122,91;1,35
12,10.2019 13:49:55;33.5;3.77;316.1;774.4108908767356;301;Module 1,1_10;817.38;126,30;32,96;3,73;122,99;3,30
12,10.2019 13:52:15;33.4;3.72;316.1;773.972140475477;301.32;Module 1,1_10;816.83;124,25;32,96;3,73;122,92;1,32
12,10.2019 13:54:08;33.1;3.71;316.1;771.2020160403259;301.58;Module 1,1_10;813.84;122,80;32,97;3,72;122,49;0,32
12,10.2019 13:56:01;33.1;3.71;316.1;771.413770161308;301.75;Module 1,1_10;814;122,80;32,97;3,72;122,52;0,28
12,10.2019 13:57:54;32.9;3.74;316.1;772.3619288407899;301.96;Module 1,1_10;814.94;123,05;32,97;3,72;122,67;0,38
12,10.2019 13:59:48;32.9;3.77;316.1;773.4973844617919;301.99;Module 1,1_10;816.08;124,03;32,96;3,73;122,85;1,18
12,10.2019 14:01:41;32.9;3.7;318.1;776.9140262737926;301.94;Module 1,1_10;819.63;121,73;32,61;3,74;122,06;-0,33
12,10.2019 14:03:35;33.1;3.68;318.1;777.1245977345802;301.92;Module 1,1_10;819.8;121,81;32,61;3,74;122,10;-0,29
12,10.2019 14:05:27;33.2;3.67;318.1;773.9186684887857;302.09;Module 1,1_10;816.37;121,84;32,61;3,73;121,59;0,25
12,10.2019 14:07:55;32.7;3.73;318.1;770.5519708243133;302.14;Module 1,1_10;812.76;121,97;32,61;3,71;121,07;0,90
12,10.2019 14:09:49;33.1;3.71;318.1;771.018094441502;302.45;Module 1,1_10;813.21;122,80;32,61;3,71;121,14;1,66
12,10.2019 14:11:46;32.2;3.69;318.1;771.2357480073426;302.39;Module 1,1_10;813.4;118,82;32,61;3,72;121,17;-2,36
12,10.2019 14:13:48;32.8;3.74;318.1;765.525453510792;302.18;Module 1,1_10;807.34;122,67;32,62;3,69;120,28;2,39
12,10.2019 14:15:49;33.2;3.81;318.1;768.6582175856806;301.92;Module 1,1_10;810.61;126,49;32,62;3,70;120,77;5,72
12,10.2019 14:17:42;32.7;3.65;318.1;766.8455850874611;301.83;Module 1,1_10;808.67;119,36;32,62;3,69;120,49;-1,13
12,10.2019 14:19:34;33;3.69;318.1;767.7988221585362;301.85;Module 1,1_10;809.65;121,77;32,62;3,70;120,64;1,13
12,10.2019 14:21:47;32.9;3.73;318.1;761.85849077747;301.85;Module 1,1_10;803.36;122,72;32,62;3,67;119,70;3,01
12,10.2019 14:24:22;33.1;3.71;318.1;766.2635281822863;301.82;Module 1,1_10;807.98;122,80;32,62;3,69;120,39;2,41
12,10.2019 14:26:16;33.1;3.45;318.1;724.9373009721402;302.07;Module 1,1_10;764.39;114,20;32,65;3,49;113,90;0,30
12,10.2019 14:28:14;33;3.65;318.1;762.9409319040583;302.53;Module 1,1_10;804.45;120,45;32,62;3,68;119,87;0,58
12,10.2019 14:30:07;33.6;3.59;318.1;771.3895830283291;302.85;Module 1,1_10;813.35;120,62;32,61;3,72;121,20;-0,57
12,10.2019 14:32:00;33.7;3.5;318.1;739.7742969039373;302.81;Module 1,1_10;780.01;117,95;32,64;3,56;116,23;1,72
12,10.2019 14:33:53;33.7;3.51;318.1;754.7232316020356;302.71;Module 1,1_10;795.77;118,29;32,63;3,63;118,58;-0,30
12,10.2019 14:36:08;33;3.28;318.1;587.5536942973722;302.6;Module 1,1_10;619.51;108,24;32,70;2,81;92,02;16,22
12,10.2019 14:38:01;33.3;3.72;318.1;778.5032116364794;302.36;Module 1,1_10;820.85;123,88;32,61;3,75;122,31;1,56
12,10.2019 14:39:55;33.1;3.64;316.6;767.2757448478953;302.46;Module 1,1_10;809.02;120,48;32,88;3,70;121,54;-1,05
12,10.2019 14:41:48;33.3;3.7;316.6;769.1238259320972;302.56;Module 1,1_10;810.98;123,21;32,88;3,70;121,83;1,38
12,10.2019 14:43:41;33.4;3.64;316.6;763.5714725073233;302.44;Module 1,1_10;805.14;121,58;32,88;3,68;120,95;0,63
12,10.2019 14:45:33;33.4;3.57;316.6;761.7813708481788;302.19;Module 1,1_10;803.27;119,24;32,88;3,67;120,67;-1,43
12,10.2019 14:47:26;33;3.54;316.6;756.5172469352441;302.12;Module 1,1_10;797.74;116,82;32,89;3,64;119,83;-3,01
12,10.2019 14:49:25;33.5;3.55;316.6;756.1517073054256;301.96;Module 1,1_10;797.38;118,92;32,89;3,64;119,78;-0,85
12,10.2019 14:51:18;34.4;3.35;316.6;750.1609941137104;301.92;Module 1,1_10;791.09;115,24;32,90;3,61;118,83;-3,59
12,10.2019 14:53:10;34.6;3.26;316.6;752.5217206244084;301.88;Module 1,1_10;793.61;112,80;32,89;3,62;119,20;-6,41
12,10.2019 14:55:11;33.4;2.9;316.6;632.058352962687;302.03;Module 1,1_10;666.6;96,86;32,96;3,03;99,96;-3,10
12,10.2019 14:57:04;33.6;3.48;316.6;720.8972253634067;302.17;Module 1,1_10;760.33;116,93;32,91;3,47;114,18;2,75
12,10.2019 14:58:58;33.7;3.48;316.6;752.1938078166763;302.39;Module 1,1_10;793.38;117,28;32,89;3,62;119,15;-1,87
12,10.2019 15:00:53;33.5;3.25;316.6;699.402144923981;302.42;Module 1,1_10;737.74;108,88;32,93;3,36;110,75;-1,88
12,10.2019 15:02:45;33.2;2.93;316.6;629.9207865023411;302.36;Module 1,1_10;664.49;97,28;32,96;3,02;99,61;-2,34
12,10.2019 15:04:38;33.7;3.27;316.6;702.2150918639256;302.33;Module 1,1_10;740.8;110,20;32,93;3,38;111,20;-1,00
12,10.2019 15:06:33;33.6;3.47;316.6;726.7429338286869;302.26;Module 1,1_10;766.73;116,59;32,91;3,50;115,11;1,48
12,10.2019 15:08:26;33.7;3.46;316.6;718.9266002039544;302.05;Module 1,1_10;758.54;116,60;32,92;3,46;113,87;2,74
12,10.2019 15:10:24;33.2;3.4;316.6;718.4028381024733;301.86;Module 1,1_10;758.05;112,88;32,92;3,46;113,78;-0,90
12,10.2019 15:12:16;33.5;3.18;316.6;676.8752604832266;301.82;Module 1,1_10;714.29;106,53;32,95;3,25;107,15;-0,62
12,10.2019 15:14:09;34.5;3.22;316.1;704.0569044717502;301.77;Module 1,1_10;743.04;111,09;33,02;3,39;111,80;-0,71
12,10.2019 15:16:02;33.8;3.06;316.1;704.0479264192923;301.92;Module 1,1_10;743.1;103,43;33,02;3,39;111,79;-8,37
12,10.2019 15:18:21;35.7;2.81;316.1;698.8276710908182;301.79;Module 1,1_10;737.68;100,32;33,02;3,36;110,96;-10,64
12,10.2019 15:20:13;33.8;2.84;316.6;652.0377104865556;301.54;Module 1,1_10;688.36;95,99;32,95;3,13;103,17;-7,18
12,10.2019 15:22:09;34.2;3.17;316.6;694.0830503080541;301.3;Module 1,1_10;732.83;108,41;32,94;3,34;109,90;-1,49
12,10.2019 15:24:04;34.2;3.15;316.1;691.075587515819;301.67;Module 1,1_10;729.74;107,73;33,02;3,32;109,72;-1,99
12,10.2019 15:26:16;34;3.09;316.1;680.1174297171917;301.89;Module 1,1_10;718.27;105,06;33,03;3,27;107,96;-2,90
12,10.2019 15:28:08;34.6;3.01;316.1;678.460567033665;301.97;Module 1,1_10;716.61;104,15;33,03;3,26;107,69;-3,55
12,10.2019 15:30:01;34;2.97;315.6;629.7517171109807;302.03;Module 1,1_10;665.25;100,98;33,14;3,02;100,12;0,86
12,10.2019 15:31:58;34;2.19;315.6;450.67807893295117;301.92;Module 1,1_10;476.15;74,46;33,09;2,14;70,82;3,64
12,10.2019 15:33:52;34.6;2.19;316.1;477.26265673913804;301.71;Module 1,1_10;504.31;75,77;33,02;2,27;75,00;0,77
12,10.2019 15:35:44;34;2.05;316.1;436.0123371858166;301.44;Module 1,1_10;460.79;69,70;32,98;2,07;68,22;1,48
12,10.2019 15:37:38;34.1;2.18;314.6;445.6320829756895;301.35;Module 1,1_10;471.03;74,34;33,27;2,12;70,36;3,98
12,10.2019 15:39:31;34.8;2.14;314.6;447.98198411766225;301.43;Module 1,1_10;473.59;74,47;33,27;2,13;70,75;3,72
12,10.2019 15:41:36;34.8;2.73;314.6;595.5878775951935;301.44;Module 1,1_10;629.75;95,00;33,33;2,85;95,07;-0,07
12,10.2019 15:43:30;34.6;2.59;314.6;583.3799311528019;301.78;Module 1,1_10;616.95;89,61;33,33;2,79;93,08;-3,46
12,10.2019 15:45:24;35.4;2.76;314.6;628.3323628230428;301.92;Module 1,1_10;664.61;97,70;33,32;3,01;100,42;-2,71
12,10.2019 15:47:25;35.1;3.17;314.6;726.0280252442955;302.12;Module 1,1_10;768.1;111,27;33,27;3,49;116,23;-4,96
12,10.2019 15:49:23;35;2.94;314.6;687.3330455189634;302.27;Module 1,1_10;727.31;102,90;33,30;3,30;109,99;-7,09
12,10.2019 15:51:16;34.7;3.23;314.6;732.7932119348405;302.53;Module 1,1_10;775.57;112,08;33,27;3,53;117,32;-5,23
12,10.2019 15:53:09;34.6;3.03;316.1;745.2331420295031;302.74;Module 1,1_10;788.9;104,84;32,99;3,59;118,36;-13,53
12,10.2019 15:55:03;34.6;3.08;316.1;703.3366530345482;303.1;Module 1,1_10;744.71;106,57;33,02;3,38;111,68;-5,11
12,10.2019 15:56:56;34.5;2.66;316.1;594.6313120728514;303.35;Module 1,1_10;629.75;91,77;33,06;2,85;94,17;-2,40
12,10.2019 15:58:56;34.5;2.02;316.1;451.9039512593378;303.4;Module 1,1_10;478.71;69,69;33,00;2,15;70,84;-1,15
12,10.2019 16:00:57;33.6;1.71;316.6;355.14752916982695;303;Module 1,1_10;376.31;57,46;32,76;1,67;54,71;2,74
12,10.2019 16:02:49;33.6;1.29;316.6;251.20629712538238;302.31;Module 1,1_10;266.24;43,34;32,39;1,16;37,53;5,81
12,10.2019 16:04:42;34;1.01;316.6;225.94717969326348;301.67;Module 1,1_10;239.53;34,34;32,25;1,03;33,36;0,98
12,10.2019 16:06:37;35.5;1.42;316.1;304.98934018232734;301.17;Module 1,1_10;323.41;50,41;32,70;1,42;46,55;3,86
12,10.2019 16:08:36;34;1.02;316.1;225.86028178375648;300.64;Module 1,1_10;239.57;34,68;32,34;1,03;33,44;1,24
12,10.2019 16:10:29;34.1;0.98;314.1;227.5313899775254;300.17;Module 1,1_10;241.41;33,42;32,72;1,04;34,07;-0,65
12,10.2019 16:12:22;34.3;0.94;314.1;210.03439526792351;299.73;Module 1,1_10;222.91;32,24;32,60;0,96;31,14;1,10
12,10.2019 16:14:19;36.8;1;314.1;296.93980692358855;299.61;Module 1,1_10;315.24;36,80;33,04;1,38;45,69;-8,89
12,10.2019 16:16:12;37.1;0.99;312.6;293.4963737411404;299.7;Module 1,1_10;311.68;36,73;33,30;1,37;45,46;-8,73
12,10.2019 16:18:05;37.8;0.97;312.6;266.80063229775385;299.79;Module 1,1_10;283.42;36,67;33,20;1,23;40,95;-4,29
12,10.2019 16:20:12;36.8;0.91;312.1;264.8582359787414;299.68;Module 1,1_10;281.46;33,49;33,27;1,22;40,73;-7,24
12,10.2019 16:22:04;36.7;0.86;312.1;226.05979331501715;299.4;Module 1,1_10;240.31;31,56;33,07;1,03;34,17;-2,61
12,10.2019 16:23:57;36;0.81;312.1;213.16385934243823;299.14;Module 1,1_10;226.68;29,16;32,99;0,97;31,99;-2,83
12,10.2019 16:25:51;36.3;0.77;310.6;221.71623961610024;298.83;Module 1,1_10;235.86;27,95;33,31;1,01;33,69;-5,74
12,10.2019 16:27:44;36.4;0.74;310.6;175.37354326927888;298.59;Module 1,1_10;186.63;26,94;32,96;0,78;25,82;1,11
12,10.2019 16:29:43;33.8;0.72;308.6;163.52418672540034;298.27;Module 1,1_10;174.09;24,34;33,20;0,72;24,05;0,28
12,10.2019 16:31:36;34;0.72;308.6;155.51643903406531;297.89;Module 1,1_10;165.63;24,48;33,12;0,69;22,69;1,79
12,10.2019 16:33:41;33.6;0.72;308.6;150.60383228116498;297.48;Module 1,1_10;160.47;24,19;33,06;0,66;21,85;2,34
12,10.2019 16:35:37;33.5;0.73;308.1;156.94630549517734;297.25;Module 1,1_10;167.3;24,45;33,23;0,69;22,99;1,47
12,10.2019 16:37:30;33.8;0.75;308.1;168.32784020651405;296.96;Module 1,1_10;179.51;25,35;33,34;0,75;24,93;0,42
12,10.2019 16:39:22;34.4;0.77;308.1;171.09347883319026;296.78;Module 1,1_10;182.54;26,49;33,38;0,76;25,41;1,08
12,10.2019 16:41:18;35.7;0.79;306;208.2994301202808;296.61;Module 1,1_10;222.34;28,20;34,06;0,94;32,12;-3,92
12,10.2019 16:43:10;35.9;0.83;306;247.35293218261955;296.55;Module 1,1_10;264.15;29,80;34,29;1,14;38,93;-9,13
12,10.2019 16:45:03;36.6;0.87;306;395.33737250795406;296.71;Module 1,1_10;422.39;31,84;34,73;1,86;64,76;-32,91
12,10.2019 16:46:57;36.3;0.88;306;378.3726989558771;297.04;Module 1,1_10;404.47;31,94;34,70;1,78;61,80;-29,86
12,10.2019 16:48:50;33.8;0.82;306;214.17856707182338;297.16;Module 1,1_10;229.07;27,72;34,10;0,97;33,15;-5,43
12,10.2019 16:50:57;33.5;0.74;303.5;184.47471513537593;297.12;Module 1,1_10;197.42;24,79;34,33;0,82;28,32;-3,53
12,10.2019 16:52:50;33.2;0.66;303.5;185.88530945954625;296.97;Module 1,1_10;199.04;21,91;34,34;0,83;28,56;-6,65
12,10.2019 16:54:43;33.1;0.58;302.5;191.71519347644232;296.89;Module 1,1_10;205.4;19,20;34,57;0,86;29,73;-10,53
12,10.2019 16:56:36;33.1;0.52;302.5;140.4459394260311;296.73;Module 1,1_10;150.56;17,21;34,04;0,61;20,71;-3,49
12,10.2019 16:58:42;33.1;0.48;302.5;150.66967647896158;296.51;Module 1,1_10;161.63;15,89;34,17;0,66;22,50;-6,61
12,10.2019 17:00:35;32.9;0.49;302.5;162.8810159238342;296.29;Module 1,1_10;174.84;16,12;34,30;0,72;24,64;-8,52
12,10.2019 17:02:28;33.2;0.5;302.5;202.26761920336676;296.14;Module 1,1_10;217.26;16,60;34,65;0,91;31,59;-14,99
12,10.2019 17:04:20;33.2;0.53;302;151.52048117112602;296.07;Module 1,1_10;162.86;17,60;34,27;0,66;22,70;-5,10
12,10.2019 17:06:50;33.1;0.58;302;136.7216468416137;295.92;Module 1,1_10;147.09;19,20;34,08;0,59;20,10;-0,90
12,10.2019 17:08:43;33.1;0.62;302;134.9412813065275;295.78;Module 1,1_10;145.28;20,52;34,05;0,58;19,79;0,73
12,10.2019 17:10:37;33.2;0.63;302;142.31069725639597;295.67;Module 1,1_10;153.33;20,92;34,16;0,62;21,08;-0,16
12,10.2019 17:12:35;33.3;0.64;302;185.4021530674148;295.65;Module 1,1_10;199.92;21,31;34,61;0,83;28,68;-7,37
12,10.2019 17:14:28;33.3;0.65;302;209.197674131123;295.68;Module 1,1_10;225.76;21,64;34,79;0,95;32,90;-11,25
12,10.2019 17:16:24;33.1;0.67;302;232.4062530943674;295.85;Module 1,1_10;251.02;22,18;34,93;1,06;37,02;-14,85
12,10.2019 17:18:19;32.9;0.67;300.5;200.62211836563296;296;Module 1,1_10;216.88;22,04;34,99;0,90;31,59;-9,55
12,10.2019 17:20:13;33.1;0.68;300.5;203.30697487321828;296.09;Module 1,1_10;219.98;22,51;35,02;0,92;32,07;-9,57
12,10.2019 17:22:19;32.9;0.68;300.5;274.16974009576774;296.09;Module 1,1_10;296.96;22,37;35,40;1,26;44,77;-22,40
12,10.2019 17:24:12;33.2;0.68;302;203.3456317451249;296.33;Module 1,1_10;220.46;22,58;34,74;0,92;31,86;-9,28
12,10.2019 17:26:05;32.8;0.67;302;158.97838729098535;296.41;Module 1,1_10;172.53;21,98;34,35;0,70;24,01;-2,04
12,10.2019 17:27:58;32.8;0.68;300.5;169.41892638133533;296.32;Module 1,1_10;184.05;22,30;34,73;0,75;26,03;-3,73
12,10.2019 17:29:51;32.7;0.67;300.5;210.09241730512352;296.33;Module 1,1_10;228.48;21,91;35,06;0,95;33,29;-11,38
12,10.2019 17:31:43;33.2;0.64;300.5;216.13525636386134;296.42;Module 1,1_10;235.31;21,25;35,10;0,98;34,37;-13,12
12,10.2019 17:33:55;33.1;0.63;300.5;290.9599380574619;296.59;Module 1,1_10;317.2;20,85;35,46;1,35;47,78;-26,93
12,10.2019 17:35:47;32.7;0.59;300.5;140.00211365062628;296.64;Module 1,1_10;152.81;19,29;34,40;0,61;20,81;-1,52
12,10.2019 17:37:49;32.7;0.6;300.5;237.31933186551305;296.54;Module 1,1_10;259.38;19,62;35,23;1,08;38,16;-18,54
12,10.2019 17:39:41;33.1;0.61;300.5;292.70761463230514;296.58;Module 1,1_10;320.33;20,19;35,46;1,36;48,10;-27,91
12,10.2019 17:41:39;32.7;0.65;300.5;338.702391173407;296.87;Module 1,1_10;371.19;21,26;35,60;1,58;56,35;-35,09
12,10.2019 17:43:32;32.7;0.65;300.5;321.89616918655946;297.21;Module 1,1_10;353.27;21,26;35,55;1,50;53,33;-32,08
12,10.2019 17:45:36;31.9;0.64;300.5;254.93956857885996;297.42;Module 1,1_10;280.24;20,42;35,31;1,17;41,32;-20,91
12,10.2019 17:47:28;31.4;0.61;300;184.564216812332;297.46;Module 1,1_10;203.19;19,15;34,96;0,82;28,79;-9,64
12,10.2019 17:49:24;31.7;0.58;300;140.58715306536524;297.31;Module 1,1_10;155.03;18,39;34,49;0,61;20,96;-2,58
12,10.2019 17:51:19;31.6;0.56;300;151.35591822215545;297.07;Module 1,1_10;167.19;17,70;34,63;0,66;22,87;-5,18
12,10.2019 17:53:12;31.8;0.51;300;149.06678687083837;296.86;Module 1,1_10;164.95;16,22;34,60;0,65;22,47;-6,25
12,10.2019 17:55:05;31.4;0.48;300;126.21570772611025;296.65;Module 1,1_10;139.92;15,07;34,29;0,54;18,42;-3,35
12,10.2019 17:56:59;30.9;0.45;300;130.71672876766613;296.36;Module 1,1_10;145.19;13,90;34,35;0,56;19,22;-5,31
12,10.2019 17:58:52;31.1;0.43;300;118.47766316785791;296.17;Module 1,1_10;131.86;13,37;34,16;0,50;17,06;-3,69
12,10.2019 18:00:53;31.8;0.41;300;84.45810043401401;295.92;Module 1,1_10;94.21;13,04;33,37;0,33;11,13;1,91
12,10.2019 18:02:46;31.7;0.41;298.5;80.20145996957316;295.6;Module 1,1_10;89.66;13,00;33,49;0,31;10,46;2,54
12,10.2019 18:04:45;31.9;0.41;298.5;82.12896026733263;295.38;Module 1,1_10;92.04;13,08;33,56;0,32;10,79;2,29
12,10.2019 18:06:39;32.1;0.41;300;80.98278492710594;295.22;Module 1,1_10;90.98;13,16;33,25;0,32;10,53;2,63
12,10.2019 18:08:53;31.6;0.42;300;103.46925678048119;295.1;Module 1,1_10;116.6;13,27;33,86;0,43;14,43;-1,16
12,10.2019 18:10:47;29.6;0.42;300;90.82076232226301;295.07;Module 1,1_10;102.63;12,43;33,55;0,36;12,23;0,20
12,10.2019 18:12:40;29.4;0.41;298;93.08177986854788;295.07;Module 1,1_10;105.49;12,05;33,97;0,37;12,73;-0,67
12,10.2019 18:14:37;29;0.4;298;110.31720625443482;295.08;Module 1,1_10;125.42;11,60;34,37;0,46;15,76;-4,16
12,10.2019 18:16:30;29.7;0.4;298;114.13327634920192;295.13;Module 1,1_10;130.18;11,88;34,44;0,48;16,44;-4,56
12,10.2019 18:18:23;27.8;0.4;298;164.41788502617297;295.31;Module 1,1_10;188.18;11,12;35,13;0,72;25,42;-14,30
12,10.2019 18:20:18;28.4;0.41;298;175.09866367781595;295.63;Module 1,1_10;201.15;11,64;35,23;0,78;27,35;-15,70
12,10.2019 18:22:10;28.6;0.42;296.5;170.09081940977717;295.96;Module 1,1_10;196.15;12,01;35,45;0,75;26,62;-14,61
12,10.2019 18:24:41;28.1;0.43;296.5;162.3576896681126;296.32;Module 1,1_10;188.28;12,08;35,38;0,71;25,22;-13,14
12,10.2019 18:26:36;27.9;0.43;296.5;119.45103148747255;296.49;Module 1,1_10;139.16;12,00;34,80;0,50;17,49;-5,49
12,10.2019 18:28:28;27.3;0.42;296.5;114.56689396754831;296.57;Module 1,1_10;134.11;11,47;34,72;0,48;16,62;-5,15
12,10.2019 18:30:27;25.7;0.39;296.5;101.2667908199998;296.57;Module 1,1_10;119.19;10,02;34,45;0,41;14,25;-4,23
12,10.2019 18:32:31;29.3;0.34;296;60.16471289701888;296.5;Module 1,1_10;71.25;9,96;33,03;0,21;7,09;2,87
12,10.2019 18:34:25;32.8;0.29;296;45.95827377555267;296.25;Module 1,1_10;54.76;9,51;31,83;0,15;4,70;4,81
12,10.2019 18:36:21;34.5;0.24;298.5;38.63044265294882;295.9;Module 1,1_10;46.34;8,28;30,29;0,12;3,50;4,78
12,10.2019 18:38:22;31.6;0.19;298.5;33.256443166890506;295.56;Module 1,1_10;40.2;6,00;28,83;0,09;2,68;3,33
12,10.2019 18:40:19;30.1;0.15;298.5;27.646324442830245;295.1;Module 1,1_10;33.69;4,51;25,76;0,07;1,88;2,64
12,10.2019 18:42:12;29.9;0.13;298;24.693508444883925;294.79;Module 1,1_10;30.35;3,89;23,30;0,06;1,50;2,39
12,10.2019 18:44:05;30.5;0.12;298;21.714523264788173;294.48;Module 1,1_10;26.94;3,66;20,56;0,06;1,16;2,50
12,10.2019 18:45:58;30.7;0.1;298;20.470317540514976;294.18;Module 1,1_10;25.66;3,07;19,40;0,05;1,03;2,04
12,10.2019 18:47:51;30.7;0.11;298;19.68559259007755;293.97;Module 1,1_10;24.96;3,38;18,66;0,05;0,95;2,42
12,10.2019 18:49:46;30.6;0.09;298;17.337912082034308;293.75;Module 1,1_10;22.27;2,75;16,44;0,04;0,74;2,01
12,10.2019 18:51:54;31.2;0.08;296.5;14.568397730735613;293.54;Module 1,1_10;19.02;2,50;13,80;0,04;0,52;1,97
12,10.2019 18:53:47;29.7;0.08;296.5;12.960729518859534;293.35;Module 1,1_10;17.2;2,38;12,28;0,03;0,41;1,96
12,10.2019 18:55:47;29.8;0;296;11.487398713371762;293.15;Module 1,1_10;15.55;0,00;10,88;0,03;0,32;-0,32
12,10.2019 18:57:40;30;0;296;10.852483367788214;293.02;Module 1,1_10;15.01;0,00;10,28;0,03;0,29;-0,29
12,10.2019 18:59:33;30.5;0;296;10.126697312687089;292.88;Module 1,1_10;14.36;0,00;9,59;0,03;0,25;-0,25
12,10.2019 19:01:25;31.1;0;296;9.330277999183515;292.76;Module 1,1_10;13.62;0,00;8,84;0,02;0,21;-0,21
12,10.2019 19:03:24;31.1;0;296;8.510735727336659;292.63;Module 1,1_10;12.89;0,00;8,06;0,02;0,18;-0,18
12,10.2019 19:05:17;30.2;0;294.5;7.617797920075425;292.5;Module 1,1_10;12.04;0,00;7,21;0,02;0,14;-0,14
12,10.2019 19:07:10;29.6;0;294.5;6.757849841096494;292.38;Module 1,1_10;11.26;0,00;6,40;0,02;0,11;-0,11
12,10.2019 19:09:06;30.1;0;294.5;6.154413645764264;292.27;Module 1,1_10;10.99;0,00;5,83;0,02;0,09;-0,09
12,10.2019 19:11:07;30.5;0;294.5;5.210058693212294;292.16;Module 1,1_10;10.25;0,00;4,93;0,01;0,07;-0,07
12,10.2019 19:12:59;30;0;294.5;4.332787907480065;292.06;Module 1,1_10;9.67;0,00;4,10;0,01;0,05;-0,05
12,10.2019 19:14:54;31.9;0;294.5;3.3926743052094057;291.96;Module 1,1_10;9.21;0,00;3,21;0,01;0,03;-0,03
12,10.2019 19:16:49;30.4;0;294.5;2.253212662607653;291.85;Module 1,1_10;8.62;0,00;2,13;0,01;0,01;-0,01
12,10.2019 19:18:42;29.3;0;294.5;1.4485447074545352;291.75;Module 1,1_10;7.54;0,00;1,38;0,00;0,01;-0,01
12,10.2019 19:20:35;30.2;0;294;1.2890895208249247;291.67;Module 1,1_10;6.71;0,00;1,22;0,00;0,00;-0,00
12,10.2019 19:22:29;30.1;0;294;1.1219497468878628;291.57;Module 1,1_10;5.84;0,00;1,06;0,00;0,00;-0,00
12,10.2019 19:24:22;29.5;0;294;0.9605734134313895;291.53;Module 1,1_10;5;0,00;0,91;0,00;0,00;-0,00
12,10.2019 19:26:28;29.3;0;294;0.8203296950704065;291.48;Module 1,1_10;4.27;0,00;0,77;0,00;0,00;-0,00
12,10.2019 19:28:20;30.8;0;294;0.0001;291.46;Module 1,1_10;3.25;0,00;0,00;0,00;0,00;0,00
12,10.2019 19:30:14;29.9;0;294;0.0001;291.39;Module 1,1_10;2.01;0,00;0,00;0,00;0,00;0,00
12,10.2019 19:32:09;28.3;0;294;0.0001;291.31;Module 1,1_10;0.91;0,00;0,00;0,00;0,00;0,00
12,10.2019 19:34:30;27;0;291.9;0.0001;291.16;Module 1,1_10;0.37;0,00;0,00;0,00;0,00;0,00
12,10.2019 19:36:25;27;0;291.9;0.0001;291.09;Module 1,1_10;0.13;0,00;0,00;0,00;0,00;0,00
12,10.2019 19:38:20;27;0;291.9;0.0001;290.99;Module 1,1_10;-0.01;0,00;0,00;0,00;0,00;0,00
13,10.2019 08:40:52;29.7;0;285.9;9.602331029138348;286.37;Module 1,1_10;13.8;0,00;9,06;0,02;0,22;-0,22
13,10.2019 08:42:45;29.6;0.07;285.9;11.196148552368738;286.37;Module 1,1_10;15.82;2,07;10,56;0,03;0,31;1,77
13,10.2019 08:44:43;29.6;0.08;285.9;12.93071236519208;286.39;Module 1,1_10;17.98;2,37;12,20;0,03;0,41;1,96
13,10.2019 08:46:35;28.6;0.09;286.4;14.591725963364;286.42;Module 1,1_10;20.01;2,57;13,77;0,04;0,52;2,06
13,10.2019 08:48:32;28.7;0.1;286.4;16.249757310313385;286.42;Module 1,1_10;21.99;2,87;15,34;0,04;0,64;2,23
13,10.2019 08:50:44;28.8;0.12;287.4;18.855350374098755;286.48;Module 1,1_10;25.17;3,46;17,80;0,05;0,87;2,59
13,10.2019 08:52:37;29;0.13;287.4;20.959066860687024;286.53;Module 1,1_10;27.68;3,77;19,78;0,05;1,07;2,70
13,10.2019 08:54:31;31.6;0.13;287.4;22.92900634520762;286.57;Module 1,1_10;29.98;4,11;21,64;0,06;1,28;2,83
13,10.2019 08:56:24;31.4;0.14;287.4;25.240797887106126;286.64;Module 1,1_10;32.7;4,40;23,80;0,07;1,55;2,84
13,10.2019 08:58:19;32.2;0.15;287.4;27.05052457592021;286.66;Module 1,1_10;34.74;4,83;25,45;0,07;1,78;3,05
13,10.2019 09:00:12;32.1;0.17;289.9;28.751339622648985;286.66;Module 1,1_10;36.63;5,46;26,87;0,08;2,02;3,44
13,10.2019 09:02:07;32.3;0.16;289.9;30.078435612399346;286.71;Module 1,1_10;38.03;5,17;27,87;0,08;2,20;2,96
13,10.2019 09:03:51;32.5;0.16;289.9;30.719511397005498;286.74;Module 1,1_10;38.59;5,20;28,31;0,08;2,30;2,90
13,10.2019 09:05:44;32.3;0.16;289.9;30.571064025903055;286.76;Module 1,1_10;38.15;5,17;28,21;0,08;2,28;2,89
13,10.2019 09:07:40;32.7;0.15;289.9;29.33972298209012;286.78;Module 1,1_10;36.38;4,91;27,33;0,08;2,10;2,81
13,10.2019 09:09:33;32.7;0.14;289.9;28.344277098713196;286.77;Module 1,1_10;34.94;4,58;26,53;0,07;1,96;2,62
13,10.2019 09:11:42;32.9;0.13;289.9;28.352101330708383;286.76;Module 1,1_10;34.73;4,28;26,54;0,07;1,96;2,32
13,10.2019 09:13:37;33;0.14;289.9;29.610530831232232;286.76;Module 1,1_10;36.08;4,62;27,53;0,08;2,14;2,48
13,10.2019 09:15:30;33.3;0.15;290.4;31.12586404030207;286.75;Module 1,1_10;37.74;4,99;28,54;0,08;2,36;2,64
13,10.2019 09:17:24;33.3;0.15;290.4;32.399953913719074;286.76;Module 1,1_10;39.1;4,99;29,27;0,09;2,55;2,45
13,10.2019 09:20:09;33.6;0.16;290.4;35.03519201199579;286.78;Module 1,1_10;42.01;5,38;30,43;0,10;2,96;2,42
13,10.2019 09:22:04;33.7;0.16;290.4;36.6231952228057;286.81;Module 1,1_10;43.73;5,39;30,96;0,10;3,21;2,18
13,10.2019 09:23:59;33.7;0.17;290.4;39.612074968622764;286.85;Module 1,1_10;47.11;5,73;31,72;0,12;3,69;2,04
13,10.2019 09:26:00;33.7;0.18;290.4;49.89337228005614;286.89;Module 1,1_10;59.1;6,07;33,20;0,16;5,42;0,64
13,10.2019 09:27:53;34.2;0.19;290.4;75.55673087238365;287.02;Module 1,1_10;89.18;6,50;34,77;0,29;9,94;-3,44
13,10.2019 09:29:46;34.3;0.19;291.9;117.5906913309273;287.19;Module 1,1_10;138.32;6,52;35,59;0,49;17,48;-10,96
13,10.2019 09:31:39;34.8;0.2;291.9;144.23671359096298;287.54;Module 1,1_10;169.11;6,96;35,99;0,62;22,37;-15,41
13,10.2019 09:33:32;35;0.21;291.9;150.1217036279267;287.97;Module 1,1_10;175.46;7,35;36,07;0,65;23,46;-16,11
13,10.2019 09:35:18;35;0.21;291.9;157.29774785682213;288.31;Module 1,1_10;183.33;7,35;36,15;0,69;24,78;-17,43
13,10.2019 09:37:10;34.2;0.22;291.9;163.66832107907504;288.61;Module 1,1_10;190.21;7,52;36,21;0,72;25,96;-18,44
13,10.2019 09:39:07;35;0.21;291.9;171.88751483189324;288.95;Module 1,1_10;199.19;7,35;36,30;0,76;27,49;-20,14
13,10.2019 09:41:00;36.3;0.22;291.9;179.1114357495773;289.25;Module 1,1_10;207.01;7,99;36,36;0,79;28,83;-20,84
13,10.2019 09:42:56;38.6;0.23;294;185.35973603989396;289.47;Module 1,1_10;213.67;8,88;36,04;0,82;29,72;-20,84
13,10.2019 09:44:48;39.8;0.24;294;192.44740976392066;289.76;Module 1,1_10;221.3;9,55;36,09;0,86;31,02;-21,47
13,10.2019 09:46:41;39.9;0.24;294;199.99942529640776;290.02;Module 1,1_10;229.44;9,58;36,15;0,90;32,41;-22,84
13,10.2019 09:48:34;39.9;0.25;296;206.10927979963355;290.18;Module 1,1_10;235.91;9,97;35,84;0,93;33,24;-23,27
13,10.2019 09:51:07;25.7;0.59;296;214.94890187499115;290.47;Module 1,1_10;245.3;15,16;35,90;0,97;34,86;-19,70
13,10.2019 09:53:01;25.8;0.61;296;222.27117982541074;290.63;Module 1,1_10;253.12;15,74;35,95;1,01;36,20;-20,46
13,10.2019 09:54:56;25.9;0.6;296;231.36178450198548;290.78;Module 1,1_10;262.93;15,54;35,99;1,05;37,86;-22,32
13,10.2019 09:56:49;25.9;0.6;296;239.1500377541718;290.96;Module 1,1_10;271.25;15,54;36,04;1,09;39,29;-23,75
13,10.2019 09:58:46;28.6;0.63;291.9;246.12882886877037;291.09;Module 1,1_10;278.62;18,02;36,80;1,12;41,31;-23,29
13,10.2019 10:00:39;28.9;0.65;291.9;253.11884469945707;291.21;Module 1,1_10;286.01;18,79;36,83;1,16;42,61;-23,82
13,10.2019 10:02:32;28.8;0.68;294;260.18029919482836;291.41;Module 1,1_10;293.47;19,58;36,49;1,19;43,53;-23,94
13,10.2019 10:04:24;38;0.72;294;266.79400007266304;291.57;Module 1,1_10;300.42;27,36;36,52;1,23;44,75;-17,39
13,10.2019 10:06:19;39.1;0.76;294;275.47281654465803;291.75;Module 1,1_10;309.67;29,72;36,55;1,27;46,35;-16,64
13,10.2019 10:08:12;39.2;0.73;298.5;280.23673440584304;291.92;Module 1,1_10;314.52;28,62;35,77;1,29;46,29;-17,67
13,10.2019 10:10:05;39.3;0.73;298.5;286.0364416449603;292.07;Module 1,1_10;320.53;28,69;35,80;1,32;47,34;-18,65
13,10.2019 10:11:57;39;0.86;302;292.4348010457634;292.22;Module 1,1_10;327.21;33,54;35,20;1,36;47,71;-14,17
13,10.2019 10:13:50;39.2;0.9;302;300.149059263881;292.39;Module 1,1_10;335.35;35,28;35,22;1,39;49,08;-13,80
13,10.2019 10:15:46;38;1.08;302;305.17656535068255;292.53;Module 1,1_10;340.47;41,04;35,24;1,42;49,98;-8,94
13,10.2019 10:17:39;38.6;0.99;302;314.7890497678573;292.65;Module 1,1_10;350.71;38,21;35,27;1,47;51,69;-13,48
13,10.2019 10:19:32;38.4;1.09;302;319.8129256547114;292.78;Module 1,1_10;355.83;41,86;35,28;1,49;52,59;-10,73
13,10.2019 10:21:25;38.6;1.04;302;327.1412727149055;292.94;Module 1,1_10;363.51;40,14;35,30;1,53;53,89;-13,75
13,10.2019 10:23:23;37.8;1.27;302;334.4944622430705;293.09;Module 1,1_10;371.19;48,01;35,32;1,56;55,20;-7,19
13,10.2019 10:25:22;38.3;1.2;302;339.5472649190776;293.25;Module 1,1_10;376.31;45,96;35,34;1,59;56,10;-10,14
13,10.2019 10:27:17;38.1;1.26;302.5;346.8981553609;293.32;Module 1,1_10;383.99;48,01;35,27;1,62;57,27;-9,27
13,10.2019 10:29:10;38.3;1.21;302.5;354.2474264336806;293.28;Module 1,1_10;391.67;46,34;35,28;1,66;58,58;-12,23
13,10.2019 10:31:03;36.9;1.4;302.5;361.60210820476766;293.32;Module 1,1_10;399.35;51,66;35,30;1,70;59,88;-8,22
13,10.2019 10:32:56;38.6;1.15;302.5;371.2825413907569;293.44;Module 1,1_10;409.59;44,39;35,31;1,74;61,60;-17,21
13,10.2019 10:34:52;36.3;1.65;302.5;378.660476550049;293.5;Module 1,1_10;417.27;59,89;35,33;1,78;62,91;-3,01
13,10.2019 10:36:46;36.7;1.82;302.5;386.0359125411987;293.59;Module 1,1_10;424.95;66,79;35,34;1,82;64,21;2,58
13,10.2019 10:38:39;35.5;1.82;302.5;391.08435247992463;293.74;Module 1,1_10;430.07;64,61;35,35;1,84;65,11;-0,50
13,10.2019 10:40:31;35.6;1.91;302.5;398.45926388617875;293.82;Module 1,1_10;437.75;68,00;35,36;1,88;66,41;1,58
13,10.2019 10:42:24;36.1;1.89;302.5;401.1768583019308;293.96;Module 1,1_10;440.31;68,23;35,37;1,89;66,90;1,33
13,10.2019 10:44:17;35.7;1.92;302.5;403.8896446829017;294.2;Module 1,1_10;442.87;68,54;35,37;1,91;67,38;1,17
13,10.2019 10:46:10;35.6;1.99;303.5;413.60822838882405;294.5;Module 1,1_10;453.11;70,84;35,20;1,95;68,76;2,08
13,10.2019 10:48:03;35.2;2.03;303.5;420.9959394720935;294.78;Module 1,1_10;460.79;71,46;35,21;1,99;70,07;1,39
13,10.2019 10:50:03;35.2;2.05;303.5;428.41020869543024;295.1;Module 1,1_10;468.47;72,16;35,22;2,03;71,37;0,79
13,10.2019 10:52:04;35.2;2.08;303.5;435.8308532382051;295.36;Module 1,1_10;476.15;73,22;35,23;2,06;72,67;0,54
13,10.2019 10:54:02;35.2;2.11;303.5;440.8995161055949;295.55;Module 1,1_10;481.27;74,27;35,23;2,09;73,56;0,71
13,10.2019 10:55:54;35.2;2.14;306;445.94819484560946;295.64;Module 1,1_10;486.39;75,33;34,80;2,11;73,55;1,78
13,10.2019 10:57:47;35.2;2.15;306;453.3484528339225;295.79;Module 1,1_10;494.07;75,68;34,80;2,15;74,84;0,84
13,10.2019 10:59:40;35.1;2.17;306;458.4008908704338;295.89;Module 1,1_10;499.19;76,17;34,81;2,17;75,71;0,46
13,10.2019 11:01:32;35.5;2;306;465.80216274974634;295.9;Module 1,1_10;506.87;71,00;34,81;2,21;76,99;-5,99
13,10.2019 11:03:27;35.4;2.24;306;475.56978508928654;295.95;Module 1,1_10;517.11;79,30;34,82;2,26;78,68;0,61
13,10.2019 11:05:32;35.2;2.3;306;483.01780694614223;295.96;Module 1,1_10;524.79;80,96;34,83;2,30;79,97;0,99
13,10.2019 11:07:29;35.2;2.4;306.5;499.8753718539665;296.1;Module 1,1_10;542.71;84,48;34,75;2,38;82,68;1,80
13,10.2019 11:09:37;35.6;2.05;306.5;516.7826987345622;296.14;Module 1,1_10;560.63;72,98;34,76;2,46;85,59;-12,61
13,10.2019 11:11:30;37.4;2.26;308.1;545.4655693801811;296.16;Module 1,1_10;591.35;84,52;34,48;2,60;89,80;-5,28
13,10.2019 11:13:22;34.8;2.72;308.1;576.5378186735077;296.35;Module 1,1_10;624.63;94,66;34,48;2,76;95,08;-0,42
13,10.2019 11:15:15;35.5;2.46;308.1;598.1874434686199;296.52;Module 1,1_10;647.67;87,33;34,48;2,86;98,74;-11,41
13,10.2019 11:17:14;36.5;1.63;308.1;416.4024853213941;296.56;Module 1,1_10;450.55;59,49;34,39;1,97;67,71;-8,22
13,10.2019 11:19:08;35.5;1.64;308.1;390.6183079429893;296.16;Module 1,1_10;422.39;58,22;34,35;1,84;63,28;-5,06
13,10.2019 11:21:01;35.7;1.43;308.1;336.36893822037274;295.92;Module 1,1_10;363.51;51,05;34,24;1,57;53,91;-2,86
13,10.2019 11:22:55;35;1.38;308.1;319.976378573191;295.69;Module 1,1_10;345.59;48,30;34,20;1,49;51,08;-2,78
13,10.2019 11:24:50;35.7;1.35;308.1;292.8246800391768;295.35;Module 1,1_10;316.08;48,20;34,11;1,36;46,39;1,80
13,10.2019 11:26:49;37;1.39;308.1;310.86080925827224;295.33;Module 1,1_10;335.35;51,43;34,16;1,45;49,51;1,92
13,10.2019 11:28:43;36.1;1.52;308.1;330.0282356459929;295.29;Module 1,1_10;355.83;54,87;34,23;1,54;52,82;2,05
13,10.2019 11:30:36;35.4;1.3;308.1;264.48581490014465;295.25;Module 1,1_10;285.01;46,02;33,99;1,22;41,49;4,53
13,10.2019 11:32:32;36.5;2.29;308.1;577.5857118518834;295.47;Module 1,1_10;622.07;83,59;34,48;2,76;95,25;-11,67
13,10.2019 11:34:43;36.7;1.93;308.1;456.6345999893624;295.82;Module 1,1_10;491.51;70,83;34,44;2,17;74,63;-3,79
13,10.2019 11:36:36;34.8;1.43;308.1;311.7119406659146;295.9;Module 1,1_10;335.35;49,76;34,17;1,45;49,65;0,11
13,10.2019 11:38:29;34.3;1.36;308.1;284.040977691111;295.78;Module 1,1_10;305.43;46,65;34,08;1,32;44,87;1,78
13,10.2019 11:40:28;35.2;1.62;308.1;447.79465987227553;295.65;Module 1,1_10;481.27;57,02;34,43;2,12;73,11;-16,08
13,10.2019 11:42:21;34.7;1.14;308.1;247.16822997329018;295.6;Module 1,1_10;265.52;39,56;33,91;1,14;38,50;1,06
13,10.2019 11:44:19;34.4;1.21;306.5;345.70176214697426;295.43;Module 1,1_10;371.19;41,62;34,55;1,62;55,97;-14,34
13,10.2019 11:46:11;35.2;3.17;306.5;662.3826862852968;296;Module 1,1_10;710.9;111,58;34,73;3,18;110,43;1,15
13,10.2019 11:48:13;34.7;3.14;306.5;656.0442646494461;296.72;Module 1,1_10;703.76;108,96;34,73;3,15;109,36;-0,40
13,10.2019 11:50:11;34.3;2.35;308.1;520.4682174179266;297.45;Module 1,1_10;558.07;80,60;34,48;2,48;85,54;-4,94
13,10.2019 11:52:17;34.2;3.1;308.1;639.0086813425596;297.99;Module 1,1_10;684.85;106,02;34,46;3,07;105,63;0,39
13,10.2019 11:54:17;34.3;3.05;308.6;635.3141717922294;298.36;Module 1,1_10;680.59;104,61;34,38;3,05;104,74;-0,13
13,10.2019 11:56:33;34.1;3.15;308.6;641.1630486121021;298.5;Module 1,1_10;686.52;107,42;34,38;3,08;105,72;1,69
13,10.2019 11:58:25;34.2;3.09;310.1;643.3589030565646;298.49;Module 1,1_10;688.6;105,68;34,11;3,09;105,29;0,39
13,10.2019 12:00:19;33.9;3.09;310.1;637.2091760313496;298.75;Module 1,1_10;681.75;104,75;34,11;3,06;104,27;0,48
13,10.2019 12:02:12;33.4;2.44;310.1;557.7135123423552;298.87;Module 1,1_10;596.47;81,50;34,13;2,67;90,96;-9,46
13,10.2019 12:04:08;33.9;3.08;310.1;618.1568278764098;298.91;Module 1,1_10;660.86;104,41;34,12;2,96;101,09;3,32
13,10.2019 12:06:09;33.9;2.92;310.1;636.8052964711896;299.06;Module 1,1_10;680.53;98,99;34,11;3,05;104,20;-5,21
13,10.2019 12:08:02;33.8;3.01;310.1;620.0155491456195;299.17;Module 1,1_10;662.35;101,74;34,12;2,97;101,40;0,34
13,10.2019 12:10:00;33.8;2.87;310.6;606.4961363056145;299.24;Module 1,1_10;647.67;97,01;34,03;2,91;98,89;-1,88
13,10.2019 12:11:55;33.7;3.03;310.6;631.8228158126258;299.29;Module 1,1_10;674.48;102,11;34,02;3,03;103,11;-0,99
13,10.2019 12:13:48;34.3;3.07;312.1;639.4198314121708;299.35;Module 1,1_10;682.36;105,30;33,76;3,07;103,57;1,73
13,10.2019 12:15:41;33.8;3.14;312.1;645.6770719929697;299.6;Module 1,1_10;688.81;106,13;33,76;3,10;104,60;1,54
13,10.2019 12:17:42;33.5;3.16;312.1;650.5328902627093;299.75;Module 1,1_10;693.75;105,86;33,76;3,12;105,40;0,46
13,10.2019 12:19:44;33.6;3.16;312.6;652.8093554054204;299.89;Module 1,1_10;695.94;106,18;33,66;3,13;105,50;0,68
13,10.2019 12:21:44;33.7;3.19;312.6;655.3979182901635;299.94;Module 1,1_10;698.47;107,50;33,66;3,15;105,92;1,58
13,10.2019 12:23:37;33.4;3.22;314.1;656.741664978809;300.01;Module 1,1_10;699.69;107,55;33,40;3,15;105,31;2,23
13,10.2019 12:25:30;33.3;3.18;314.1;658.4389028342086;300.22;Module 1,1_10;701.29;105,89;33,40;3,16;105,59;0,30
13,10.2019 12:27:38;33.3;3.26;314.1;662.5532681656794;300.25;Module 1,1_10;705.44;108,56;33,40;3,18;106,26;2,30
13,10.2019 12:29:32;33.3;3.25;314.1;667.2526689211968;300.26;Module 1,1_10;710.24;108,22;33,39;3,21;107,02;1,20
13,10.2019 12:31:33;33.3;3.24;314.1;669.4906219303138;300.32;Module 1,1_10;712.41;107,89;33,39;3,22;107,39;0,51
13,10.2019 12:33:26;33.3;3.28;314.1;672.4176498980548;300.56;Module 1,1_10;715.33;109,22;33,39;3,23;107,86;1,36
13,10.2019 12:35:30;33.3;3.31;314.1;675.2186901402987;300.51;Module 1,1_10;718.1;110,22;33,39;3,24;108,32;1,91
13,10.2019 12:37:25;33.3;3.3;314.6;677.6925146758351;300.5;Module 1,1_10;720.54;109,89;33,30;3,26;108,43;1,46
13,10.2019 12:39:22;33.3;3.32;314.6;683.0455887763154;300.48;Module 1,1_10;726.04;110,56;33,30;3,28;109,30;1,26
13,10.2019 12:41:15;33.3;3.35;316.1;685.6531116888756;300.57;Module 1,1_10;728.63;111,55;33,03;3,30;108,85;2,71
13,10.2019 12:43:08;33.1;3.39;316.1;687.2228804863462;300.69;Module 1,1_10;730.12;112,21;33,03;3,30;109,10;3,11
13,10.2019 12:45:03;33;3.39;316.1;689.1127640268446;300.64;Module 1,1_10;731.95;111,87;33,02;3,31;109,40;2,47
13,10.2019 12:46:56;33;3.44;316.1;691.6844607755245;300.77;Module 1,1_10;734.51;113,52;33,02;3,33;109,82;3,70
13,10.2019 12:48:49;32.7;3.47;316.1;693.8958771629534;300.78;Module 1,1_10;736.69;113,47;33,02;3,34;110,17;3,30
13,10.2019 12:50:45;32.4;3.45;316.1;695.863918473136;300.81;Module 1,1_10;738.61;111,78;33,02;3,35;110,48;1,30
13,10.2019 12:52:45;32.4;3.55;316.1;700.7369511422859;300.93;Module 1,1_10;743.61;115,02;33,02;3,37;111,26;3,76
13,10.2019 12:54:41;32.4;3.51;316.1;701.9177004721248;300.94;Module 1,1_10;744.7;113,72;33,02;3,38;111,45;2,27
13,10.2019 12:56:34;32.4;3.53;316.1;704.1756927889704;300.82;Module 1,1_10;746.94;114,37;33,02;3,39;111,82;2,56
13,10.2019 12:58:26;32.9;3.41;316.1;707.0711853228227;300.82;Module 1,1_10;749.86;112,19;33,02;3,40;112,28;-0,09
13,10.2019 13:00:19;32.5;3.55;316.1;708.2115727379532;300.81;Module 1,1_10;750.92;115,38;33,02;3,41;112,46;2,91
13,10.2019 13:02:14;32.7;3.5;316.1;709.389243938112;300.84;Module 1,1_10;752.02;114,45;33,02;3,41;112,65;1,80
13,10.2019 13:04:07;32.7;3.41;316.1;710.8258063864084;301.1;Module 1,1_10;753.4;111,51;33,02;3,42;112,88;-1,37
13,10.2019 13:06:09;32.9;3.49;316.1;711.4867749885556;301.56;Module 1,1_10;753.95;114,82;33,02;3,42;112,98;1,84
13,10.2019 13:08:18;32.9;3.48;316.1;713.7000511222908;302.07;Module 1,1_10;756.14;114,49;33,01;3,43;113,34;1,15
13,10.2019 13:10:11;32.7;3.52;316.1;714.1744234035438;302.37;Module 1,1_10;756.51;115,10;33,01;3,44;113,41;1,69
13,10.2019 13:12:07;33.1;3.49;318.1;715.5743318511074;302.41;Module 1,1_10;757.86;115,52;32,66;3,44;112,42;3,10
13,10.2019 13:14:05;32.7;3.54;318.1;716.5391093750343;302.47;Module 1,1_10;758.75;115,76;32,66;3,45;112,57;3,19
13,10.2019 13:15:59;32.6;3.51;318.1;717.2417673858198;302.53;Module 1,1_10;759.37;114,43;32,66;3,45;112,68;1,74
13,10.2019 13:17:52;32.6;3.49;318.1;719.1780609680421;302.53;Module 1,1_10;761.3;113,77;32,66;3,46;112,99;0,79
13,10.2019 13:19:45;32.6;3.59;318.1;720.8851531573788;302.61;Module 1,1_10;762.99;117,03;32,65;3,47;113,26;3,78
13,10.2019 13:22:05;32.7;3.51;318.1;720.9991259407276;302.57;Module 1,1_10;762.97;114,78;32,65;3,47;113,27;1,50
13,10.2019 13:23:58;32.8;3.54;318.1;724.1558051212946;302.58;Module 1,1_10;766.2;116,11;32,65;3,48;113,77;2,34
13,10.2019 13:25:51;32.9;3.62;318.1;724.9945102744814;302.46;Module 1,1_10;766.98;119,10;32,65;3,49;113,90;5,19
13,10.2019 13:27:56;32.7;3.54;318.1;728.913336708499;302.65;Module 1,1_10;771.01;115,76;32,65;3,51;114,52;1,24
13,10.2019 13:29:49;32.8;3.57;318.1;727.9974628901676;302.64;Module 1,1_10;769.94;117,10;32,65;3,50;114,38;2,72
13,10.2019 13:31:42;33.1;3.52;318.1;727.144610749476;302.67;Module 1,1_10;768.94;116,51;32,65;3,50;114,24;2,27
13,10.2019 13:33:35;32.5;3.48;318.1;728.6152058649134;302.71;Module 1,1_10;770.4;113,10;32,65;3,51;114,48;-1,38
13,10.2019 13:35:32;33.1;3.57;318.1;728.9890722393907;302.8;Module 1,1_10;770.7;118,17;32,65;3,51;114,53;3,63
13,10.2019 13:37:35;33.1;3.56;318.1;729.5156796172726;302.87;Module 1,1_10;771.16;117,84;32,65;3,51;114,62;3,22
13,10.2019 13:39:31;32.5;3.5;318.1;729.42857993285;303;Module 1,1_10;770.98;113,75;32,65;3,51;114,60;-0,85
13,10.2019 13:41:23;33.2;3.51;318.1;728.976178329018;302.85;Module 1,1_10;770.42;116,53;32,65;3,51;114,53;2,00
13,10.2019 13:43:22;32.7;3.48;318.1;729.3866031288808;302.85;Module 1,1_10;770.77;113,80;32,65;3,51;114,60;-0,80
13,10.2019 13:45:14;33.2;3.63;318.1;729.1176380890977;302.76;Module 1,1_10;770.41;120,52;32,65;3,51;114,55;5,96
13,10.2019 13:47:09;33.2;3.58;318.1;730.3241925884447;302.95;Module 1,1_10;771.61;118,86;32,65;3,51;114,74;4,11
13,10.2019 13:49:26;32.8;3.5;318.1;728.1803337801093;302.91;Module 1,1_10;769.26;114,80;32,65;3,50;114,41;0,39
13,10.2019 13:51:10;32.9;3.53;318.1;728.88237749779;303.04;Module 1,1_10;769.94;116,14;32,65;3,51;114,52;1,62
13,10.2019 13:53:06;33.1;3.58;318.1;728.6038607952219;303.21;Module 1,1_10;769.58;118,50;32,65;3,51;114,47;4,02
13,10.2019 13:54:59;32.5;3.56;318.1;729.3623833498002;303.31;Module 1,1_10;770.32;115,70;32,65;3,51;114,59;1,11
13,10.2019 13:56:59;32.9;3.59;318.1;730.1594512694096;303.26;Module 1,1_10;771.1;118,11;32,65;3,51;114,72;3,39
13,10.2019 13:58:52;33;3.57;318.1;729.9749798018755;303.47;Module 1,1_10;770.85;117,81;32,65;3,51;114,69;3,12
13,10.2019 14:00:47;33;3.52;318.1;729.6370355859391;303.79;Module 1,1_10;770.44;116,16;32,65;3,51;114,64;1,52
13,10.2019 14:02:39;32.9;3.5;318.1;728.8971966834636;304.07;Module 1,1_10;769.61;115,15;32,65;3,51;114,52;0,63
13,10.2019 14:04:37;32.6;3.45;318.6;728.1852176704554;304.39;Module 1,1_10;768.81;112,47;32,55;3,50;114,10;-1,63
13,10.2019 14:06:34;32.7;3.56;318.6;726.4089132519919;304.5;Module 1,1_10;766.89;116,41;32,56;3,50;113,82;2,59
13,10.2019 14:08:33;32.5;3.49;318.6;725.9278548501213;304.44;Module 1,1_10;766.34;113,43;32,56;3,49;113,74;-0,32
13,10.2019 14:10:26;32.7;3.48;318.6;724.2956586913486;304.26;Module 1,1_10;764.58;113,80;32,56;3,49;113,48;0,31
13,10.2019 14:12:19;32.6;3.55;318.6;724.3657960337413;303.98;Module 1,1_10;764.62;115,73;32,56;3,49;113,50;2,23
13,10.2019 14:14:12;32.7;3.51;318.6;725.8826933852421;303.87;Module 1,1_10;766.19;114,78;32,56;3,49;113,73;1,04
13,10.2019 14:16:05;32.4;3.5;318.6;723.0671971516055;303.87;Module 1,1_10;763.19;113,40;32,56;3,48;113,29;0,11
13,10.2019 14:17:57;32.7;3.49;318.6;721.6602551835692;303.94;Module 1,1_10;761.68;114,12;32,56;3,47;113,07;1,05
13,10.2019 14:19:52;32.9;3.48;318.6;720.7437257837648;303.92;Module 1,1_10;760.69;114,49;32,56;3,47;112,93;1,57
13,10.2019 14:21:45;32.4;3.55;318.6;720.6956878307316;303.86;Module 1,1_10;760.62;115,02;32,56;3,47;112,92;2,10
13,10.2019 14:23:57;32.9;3.54;318.6;719.2922272184021;303.45;Module 1,1_10;759.12;116,47;32,56;3,46;112,70;3,77
13,10.2019 14:25:50;32.5;3.49;318.6;717.7883691577646;303.36;Module 1,1_10;757.52;113,43;32,56;3,45;112,46;0,96
13,10.2019 14:28:27;32.7;3.36;318.6;716.7394015296054;303.46;Module 1,1_10;756.4;109,87;32,56;3,45;112,30;-2,42
13,10.2019 14:30:20;32.8;3.42;318.6;715.0108337317575;303.46;Module 1,1_10;754.57;112,18;32,57;3,44;112,02;0,15
13,10.2019 14:32:19;32.6;3.42;318.6;716.4349254380652;303.67;Module 1,1_10;756.07;111,49;32,56;3,45;112,25;-0,76
13,10.2019 14:34:19;32.7;3.46;318.6;715.4395354541568;303.72;Module 1,1_10;755.02;113,14;32,57;3,44;112,09;1,05
13,10.2019 14:36:12;32.7;3.47;318.6;712.7356043107486;304.01;Module 1,1_10;752.17;113,47;32,57;3,43;111,66;1,80
13,10.2019 14:38:08;32.6;3.47;318.6;711.0046362563818;304.12;Module 1,1_10;750.35;113,12;32,57;3,42;111,39;1,73
13,10.2019 14:40:13;32.7;3.43;318.6;712.2546053068614;304.37;Module 1,1_10;751.68;112,16;32,57;3,43;111,59;0,57
13,10.2019 14:42:06;32.4;3.49;318.6;710.4419318153925;304.48;Module 1,1_10;749.78;113,08;32,57;3,42;111,30;1,77
13,10.2019 14:43:58;32.6;3.43;318.6;706.6083536496812;304.48;Module 1,1_10;745.75;111,82;32,57;3,40;110,70;1,12
13,10.2019 14:45:53;32.8;3.33;318.6;706.5615194925806;304.52;Module 1,1_10;745.72;109,22;32,57;3,40;110,69;-1,47
13,10.2019 14:47:49;33.3;3.16;319.6;706.6914483950106;304.63;Module 1,1_10;745.88;105,23;32,39;3,40;110,11;-4,88
13,10.2019 14:49:42;32.9;3.36;319.6;706.0041228722957;304.73;Module 1,1_10;745.18;110,54;32,40;3,40;110,00;0,54
13,10.2019 14:51:35;32.8;3.34;319.6;703.26747767688;304.76;Module 1,1_10;742.32;109,55;32,40;3,38;109,57;-0,02
13,10.2019 14:53:50;32.8;3.1;319.6;704.3112271948046;304.82;Module 1,1_10;743.46;101,68;32,40;3,39;109,73;-8,05
13,10.2019 14:59:25;33.1;3.25;319.6;690.6194296970963;305.1;Module 1,1_10;729.12;107,58;32,41;3,32;107,58;-0,01
13,10.2019 15:07:00;33.4;3.25;318.6;676.1127265218445;304.25;Module 1,1_10;714;108,55;32,59;3,25;105,88;2,67
13,10.2019 15:08:57;33;3.28;318.6;673.2541804825526;304.18;Module 1,1_10;711.04;108,24;32,59;3,23;105,43;2,81
13,10.2019 15:11:35;33.1;3.14;318.6;666.0824768882686;304.28;Module 1,1_10;703.55;103,93;32,59;3,20;104,29;-0,36
13,10.2019 15:13:56;34.1;2.92;318.6;662.314090098527;304.33;Module 1,1_10;699.65;99,57;32,59;3,18;103,69;-4,12
13,10.2019 15:15:50;34.7;2.72;318.6;658.8412915131215;304.29;Module 1,1_10;696.05;94,38;32,59;3,16;103,14;-8,76
13,10.2019 15:17:44;34.9;2.64;318.6;656.4542222291111;304.63;Module 1,1_10;693.6;92,14;32,60;3,15;102,76;-10,63
13,10.2019 15:19:51;34.7;2.99;318.6;649.3147861475237;304.84;Module 1,1_10;686.14;103,75;32,60;3,12;101,63;2,12
13,10.2019 15:21:47;33.2;3.08;318.6;647.5736031373108;304.9;Module 1,1_10;684.38;102,26;32,60;3,11;101,35;0,90
13,10.2019 15:23:40;33.3;3.04;318.6;646.2286727249627;304.89;Module 1,1_10;683.04;101,23;32,60;3,10;101,14;0,09
13,10.2019 15:25:44;33.3;3;318.6;642.8103527313832;304.89;Module 1,1_10;679.52;99,90;32,60;3,09;100,59;-0,69
13,10.2019 15:27:37;33.3;3.03;318.6;638.7538737788034;304.92;Module 1,1_10;675.32;100,90;32,60;3,07;99,95;0,95
13,10.2019 15:29:32;33.3;2.94;318.6;625.7940975033123;304.89;Module 1,1_10;661.71;97,90;32,61;3,00;97,88;0,02
13,10.2019 15:31:25;33.3;2.83;318.6;612.4292691862411;304.89;Module 1,1_10;647.67;94,24;32,61;2,94;95,75;-1,51
13,10.2019 15:33:17;33.5;2.97;318.6;622.3992699930259;304.75;Module 1,1_10;658.31;99,50;32,61;2,99;97,34;2,15
13,10.2019 15:35:11;33.5;3.02;318.6;632.616172294677;304.52;Module 1,1_10;669.22;101,17;32,61;3,04;98,97;2,20
13,10.2019 15:37:52;33.7;2.94;318.1;626.8196505092396;304.25;Module 1,1_10;663.24;99,08;32,70;3,01;98,32;0,76
13,10.2019 15:39:45;34;2.84;318.1;621.0729963922107;304.34;Module 1,1_10;657.27;96,56;32,70;2,98;97,40;-0,84
13,10.2019 15:41:38;34.3;2.66;318.1;619.1506906205387;304.56;Module 1,1_10;655.35;91,24;32,70;2,97;97,09;-5,85
13,10.2019 15:43:35;33.7;2.61;318.1;609.3621043780565;304.72;Module 1,1_10;645.11;87,96;32,70;2,92;95,52;-7,56
13,10.2019 15:45:27;35;2.51;318.1;606.8311087977802;304.71;Module 1,1_10;642.55;87,85;32,70;2,91;95,12;-7,27
13,10.2019 15:47:20;35.1;2.42;318.1;601.8787967376509;304.61;Module 1,1_10;637.43;84,94;32,70;2,88;94,32;-9,38
13,10.2019 15:49:13;35.5;2.37;318.1;596.9243212693655;304.24;Module 1,1_10;632.31;84,14;32,70;2,86;93,53;-9,39
13,10.2019 15:51:28;35.3;2.41;318.1;594.3593689320966;304.39;Module 1,1_10;629.75;85,07;32,70;2,85;93,12;-8,04
13,10.2019 15:53:22;35.4;2.29;318.1;586.982711210079;304.59;Module 1,1_10;622.07;81,07;32,70;2,81;91,93;-10,87
13,10.2019 15:55:17;35.4;2.35;318.1;584.4338831063494;304.39;Module 1,1_10;619.51;83,19;32,70;2,80;91,52;-8,33
13,10.2019 15:57:10;35.3;2.29;317.1;581.8841074855629;304.38;Module 1,1_10;616.95;80,84;32,88;2,79;91,61;-10,77
13,10.2019 15:59:03;35.4;2.28;317.1;576.9171331526097;304.58;Module 1,1_10;611.83;80,71;32,88;2,76;90,80;-10,09
13,10.2019 16:00:59;35.4;2.28;317.6;571.9442128048831;304.74;Module 1,1_10;606.71;80,71;32,80;2,74;89,76;-9,05
13,10.2019 16:02:56;35.5;2.17;317.6;566.967683976768;304.55;Module 1,1_10;601.59;77,03;32,79;2,71;88,95;-11,92
13,10.2019 16:05:02;35.4;1.8;317.6;470.32237224523516;304.42;Module 1,1_10;499.19;63,72;32,75;2,24;73,27;-9,55
13,10.2019 16:06:58;36;1.97;318.1;561.8191675447335;304.3;Module 1,1_10;596.47;70,92;32,70;2,69;87,89;-16,97
13,10.2019 16:08:51;35.8;1.79;318.1;559.2501448763738;304.39;Module 1,1_10;593.91;64,08;32,70;2,67;87,47;-23,39
13,10.2019 16:10:44;35.5;1.34;318.1;554.2676743132746;304.57;Module 1,1_10;588.79;47,57;32,70;2,65;86,67;-39,10
13,10.2019 16:12:37;38.9;0.46;318.1;549.2830411861704;304.66;Module 1,1_10;583.67;17,89;32,70;2,63;85,86;-67,97
13,10.2019 16:14:30;38.9;0.45;318.1;546.7046806345277;304.48;Module 1,1_10;581.11;17,50;32,70;2,61;85,45;-67,94
13,10.2019 16:16:24;38.9;0.45;318.6;536.8980956082917;304.34;Module 1,1_10;570.87;17,50;32,61;2,56;83,64;-66,13
13,10.2019 16:18:17;38.9;0.44;318.6;531.9077491721017;304;Module 1,1_10;565.75;17,12;32,61;2,54;82,83;-65,72
13,10.2019 16:20:10;38.9;0.42;318.6;529.3213203382799;303.86;Module 1,1_10;563.19;16,34;32,61;2,53;82,42;-66,08
13,10.2019 16:22:02;38.9;0.41;318.6;521.9223026356245;303.78;Module 1,1_10;555.51;15,95;32,60;2,49;81,22;-65,28
13,10.2019 16:23:59;38.9;0.4;318.6;519.3232191045676;303.83;Module 1,1_10;552.95;15,56;32,60;2,48;80,81;-65,25
13,10.2019 16:25:52;38.8;0.39;318.6;403.7658457000566;303.86;Module 1,1_10;430.07;15,13;32,49;1,91;62,06;-46,93
13,10.2019 16:27:47;38.5;0.4;318.6;497.30537774974925;303.94;Module 1,1_10;529.91;15,40;32,59;2,37;77,25;-61,85
13,10.2019 16:29:41;38.7;0.4;318.6;446.6750506129446;303.92;Module 1,1_10;476.15;15,48;32,55;2,12;69,04;-53,56
13,10.2019 16:31:34;38.8;0.41;318.6;501.70582381016953;303.82;Module 1,1_10;535.03;15,91;32,59;2,39;77,96;-62,05
13,10.2019 16:33:26;38.7;0.41;318.6;494.29847901359835;303.89;Module 1,1_10;527.35;15,87;32,59;2,36;76,76;-60,90
13,10.2019 16:35:20;38.7;0.4;318.6;489.2857716099737;303.96;Module 1,1_10;522.23;15,48;32,59;2,33;75,95;-60,47
13,10.2019 16:37:14;38.8;0.39;318.6;484.2707936340997;303.84;Module 1,1_10;517.11;15,13;32,59;2,31;75,14;-60,01
13,10.2019 16:39:31;38.7;0.38;318.6;481.6039299395634;303.91;Module 1,1_10;514.55;14,71;32,58;2,29;74,71;-60,00
13,10.2019 16:41:23;38.4;0.37;318.6;474.19142544361955;304.1;Module 1,1_10;506.87;14,21;32,58;2,26;73,51;-59,30
13,10.2019 16:43:16;36.9;0.36;318.6;469.17077203711835;304.17;Module 1,1_10;501.75;13,28;32,57;2,23;72,69;-59,41
13,10.2019 16:45:14;35.9;0.36;316.1;461.74477519939114;304.21;Module 1,1_10;494.07;12,92;33,02;2,19;72,45;-59,53
13,10.2019 16:47:06;33.9;0.35;316.1;200.10053046687557;303.98;Module 1,1_10;214.22;11,86;32,16;0,91;29,18;-17,32
13,10.2019 16:49:03;33.7;0.37;316.1;339.3608960971576;303.65;Module 1,1_10;363.51;12,47;32,81;1,59;52,24;-39,77
13,10.2019 16:51:01;32.9;0.41;312.1;453.81329512258174;303.59;Module 1,1_10;486.39;13,49;33,72;2,15;72,65;-59,16
13,10.2019 16:52:53;32.6;0.43;312.1;451.16735822041585;303.74;Module 1,1_10;483.83;14,02;33,72;2,14;72,21;-58,19
13,10.2019 16:55:06;32.6;0.44;310.1;446.08036926562994;303.75;Module 1,1_10;478.71;14,34;34,07;2,12;72,09;-57,74
13,10.2019 16:57:00;32.8;0.43;310.1;438.6511664813174;303.86;Module 1,1_10;471.03;14,10;34,06;2,08;70,82;-56,72
13,10.2019 16:58:54;32.8;0.4;310.1;426.45736201483555;304.1;Module 1,1_10;458.23;13,12;34,05;2,02;68,75;-55,63
13,10.2019 17:00:46;32.8;0.37;308.1;416.65620307289646;304.03;Module 1,1_10;447.99;12,14;34,39;1,97;67,76;-55,62
13,10.2019 17:02:40;32.8;0.35;308.1;409.23345451604575;303.74;Module 1,1_10;440.31;11,48;34,38;1,93;66,48;-55,00
13,10.2019 17:04:43;32.8;0.37;308.1;404.1662951920565;303.61;Module 1,1_10;435.19;12,14;34,38;1,91;65,61;-53,47
13,10.2019 17:06:42;32.9;0.38;306;401.4818095267157;303.59;Module 1,1_10;432.63;12,50;34,74;1,89;65,83;-53,32
13,10.2019 17:08:34;32.8;0.4;306;398.8093761736943;303.5;Module 1,1_10;430.07;13,12;34,74;1,88;65,36;-52,24
13,10.2019 17:10:33;32.9;0.42;303.5;398.4835346776483;303.41;Module 1,1_10;430.07;13,82;35,18;1,88;66,10;-52,28
13,10.2019 17:12:27;32.6;0.43;303.5;312.8386188333626;303.5;Module 1,1_10;337.91;14,02;34,99;1,46;50,98;-36,96
13,10.2019 17:14:24;32;0.43;303.5;393.0821975540744;303.35;Module 1,1_10;424.95;13,76;35,17;1,85;65,15;-51,39
13,10.2019 17:16:17;32;0.42;303.5;292.5595061002791;303.43;Module 1,1_10;316.55;13,44;34,93;1,36;47,39;-33,95
13,10.2019 17:18:17;31.9;0.4;303.5;323.8239897147099;303.07;Module 1,1_10;350.71;12,76;35,02;1,51;52,92;-40,16
13,10.2019 17:20:13;32;0.38;302.5;314.07097922266274;302.91;Module 1,1_10;340.47;12,16;35,18;1,46;51,44;-39,28
13,10.2019 17:22:05;31.9;0.35;302.5;320.8510020301735;302.86;Module 1,1_10;348.15;11,16;35,20;1,50;52,65;-41,48
13,10.2019 17:23:58;32;0.35;302.5;348.81626498143766;302.75;Module 1,1_10;378.87;11,20;35,27;1,63;57,61;-46,41
13,10.2019 17:26:03;32.6;0.33;302.5;336.6481282624203;302.77;Module 1,1_10;366.07;10,76;35,24;1,57;55,45;-44,69
13,10.2019 17:27:56;32.7;0.33;302.5;326.88149215336995;302.76;Module 1,1_10;355.83;10,79;35,21;1,53;53,72;-42,93
13,10.2019 17:29:50;32.7;0.32;302.5;314.7704508140183;302.46;Module 1,1_10;343.03;10,46;35,18;1,47;51,57;-41,10
13,10.2019 17:31:44;32.6;0.29;302.5;305.0195801298;302.31;Module 1,1_10;332.79;9,45;35,15;1,42;49,83;-40,38
13,10.2019 17:33:58;32.2;0.27;302.5;290.38129582879156;302.1;Module 1,1_10;317.27;8,69;35,10;1,35;47,23;-38,54
13,10.2019 17:35:52;32;0.27;302;282.73891705682854;302.09;Module 1,1_10;309.31;8,64;35,16;1,31;45,98;-37,34
13,10.2019 17:37:53;31.9;0.26;302;277.99997263108406;302.16;Module 1,1_10;304.55;8,29;35,14;1,28;45,14;-36,85
13,10.2019 17:39:48;31.9;0.26;302;271.16263413262266;302.11;Module 1,1_10;297.47;8,29;35,12;1,25;43,92;-35,63
13,10.2019 17:41:57;31.4;0.25;302;215.59138938327882;301.84;Module 1,1_10;236.89;7,85;34,83;0,98;34,03;-26,18
13,10.2019 17:43:49;31.5;0.23;302;218.30191152718342;301.73;Module 1,1_10;240.22;7,25;34,84;0,99;34,52;-27,27
13,10.2019 17:45:42;31.7;0.23;302;256.18399760476007;301.63;Module 1,1_10;282.34;7,29;35,05;1,18;41,25;-33,96
13,10.2019 17:47:39;31.9;0.23;302;246.9895058738033;301.57;Module 1,1_10;272.66;7,34;35,01;1,13;39,62;-32,28
13,10.2019 17:50:02;32;0.23;302;237.53193554192896;301.42;Module 1,1_10;262.78;7,36;34,96;1,09;37,93;-30,57
13,10.2019 17:51:56;31.5;0.24;302;230.8816661715876;301.38;Module 1,1_10;255.88;7,56;34,92;1,05;36,75;-29,19
13,10.2019 17:53:51;30.6;0.26;302;225.96153395622608;301.28;Module 1,1_10;250.9;7,96;34,89;1,03;35,88;-27,92
13,10.2019 17:55:44;30.1;0.26;300.5;210.16218257718185;301.1;Module 1,1_10;233.81;7,83;35,06;0,95;33,30;-25,47
13,10.2019 17:57:37;29.5;0.26;300.5;201.9495998314023;300.96;Module 1,1_10;225.13;7,67;35,01;0,91;31,83;-24,16
13,10.2019 17:59:41;29.3;0.25;299.5;204.9767567685317;300.79;Module 1,1_10;229.04;7,33;35,20;0,92;32,52;-25,20
13,10.2019 18:01:34;29.2;0.24;299.5;198.0439401792339;300.66;Module 1,1_10;221.79;7,01;35,16;0,89;31,28;-24,27
13,10.2019 18:03:29;28.6;0.24;299.5;190.06044398146008;300.53;Module 1,1_10;213.36;6,86;35,09;0,85;29,84;-22,98
13,10.2019 18:05:24;28.4;0.23;300;184.21499352923553;300.58;Module 1,1_10;207.32;6,53;34,95;0,82;28,73;-22,20
13,10.2019 18:07:19;28.1;0.22;300;176.36219308027617;300.68;Module 1,1_10;199.01;6,18;34,89;0,78;27,33;-21,15
13,10.2019 18:09:11;27.3;0.22;299.5;170.50886133533882;300.65;Module 1,1_10;192.93;6,01;34,92;0,75;26,34;-20,34
13,10.2019 18:11:05;26.6;0.22;299.5;164.39751003272073;300.63;Module 1,1_10;186.56;5,85;34,86;0,72;25,25;-19,40
13,10.2019 18:13:00;26.3;0.21;299.5;159.40541280950765;300.5;Module 1,1_10;181.46;5,52;34,81;0,70;24,36;-18,84
13,10.2019 18:14:53;26.4;0.21;298;83.56882019942945;300.44;Module 1,1_10;95.44;5,54;33,70;0,33;11,06;-5,52
13,10.2019 18:16:45;26.2;0.2;298;139.57900190190242;300.09;Module 1,1_10;159.95;5,24;34,84;0,60;20,97;-15,73
13,10.2019 18:18:38;25.8;0.2;298;132.09853993303392;299.9;Module 1,1_10;151.93;5,16;34,73;0,57;19,63;-14,47
13,10.2019 18:20:47;25.4;0.19;298;133.46148812092846;299.78;Module 1,1_10;154.18;4,83;34,76;0,57;19,87;-15,05
13,10.2019 18:22:40;25.8;0.19;298;125.16710253870579;299.57;Module 1,1_10;145.2;4,90;34,63;0,53;18,40;-13,49
13,10.2019 18:24:39;25.6;0.19;298;118.99767801671416;299.4;Module 1,1_10;138.69;4,86;34,52;0,50;17,30;-12,44
13,10.2019 18:26:34;25.6;0.18;298;112.71929268648539;299.31;Module 1,1_10;132.01;4,61;34,41;0,47;16,19;-11,58
13,10.2019 18:28:28;25.2;0.18;298;107.50276489177648;299.17;Module 1,1_10;126.55;4,54;34,30;0,44;15,26;-10,73
13,10.2019 18:30:21;24.2;0.18;298;102.38730175001241;299.03;Module 1,1_10;121.19;4,36;34,20;0,42;14,36;-10,00
13,10.2019 18:32:24;27.7;0.17;298;79.55263399345216;298.87;Module 1,1_10;94.77;4,71;33,56;0,31;10,37;-5,66
13,10.2019 18:34:18;32.9;0.16;298;31.55932672455111;298.49;Module 1,1_10;37.84;5,26;28,17;0,09;2,42;2,84
13,10.2019 18:36:29;32.2;0.16;298;31.279999229452187;298;Module 1,1_10;37.81;5,15;28,03;0,09;2,38;2,77
13,10.2019 18:38:22;29.9;0.15;298.5;30.90242628205183;297.65;Module 1,1_10;37.64;4,48;27,80;0,08;2,33;2,16
13,10.2019 18:40:15;29.9;0.14;298.5;29.872643262360995;297.39;Module 1,1_10;36.69;4,19;27,24;0,08;2,18;2,00
13,10.2019 18:42:07;30.3;0.15;298.5;28.72456885344697;297.16;Module 1,1_10;35.6;4,54;26,52;0,08;2,02;2,52
13,10.2019 18:44:00;30.7;0.13;298.5;27.280122729959825;296.9;Module 1,1_10;34.15;3,99;25,48;0,07;1,83;2,16
13,10.2019 18:45:53;30.8;0.13;298.5;25.415922094812007;296.71;Module 1,1_10;32.17;4,00;23,94;0,07;1,59;2,42
13,10.2019 18:47:51;30.3;0.12;298.5;23.718873358329137;296.56;Module 1,1_10;30.41;3,64;22,42;0,06;1,38;2,25
13,10.2019 18:49:45;30.5;0.11;298.5;22.184042879189214;296.42;Module 1,1_10;28.84;3,35;21,01;0,06;1,21;2,14
13,10.2019 18:52:00;30.3;0.11;298.5;20.45911405253338;296.26;Module 1,1_10;27.1;3,33;19,39;0,05;1,03;2,30
13,10.2019 18:53:56;30.7;0.1;298.5;19.32136979860238;296.15;Module 1,1_10;26.07;3,07;18,31;0,05;0,92;2,15
13,10.2019 18:55:50;30.4;0.1;298.5;18.009074964117776;296.04;Module 1,1_10;24.81;3,04;17,08;0,05;0,80;2,24
13,10.2019 18:57:53;30.4;0.09;298;16.39948454625906;295.92;Module 1,1_10;23.19;2,74;15,55;0,04;0,66;2,07
13,10.2019 18:59:51;30;0.09;298;14.891850426881245;295.81;Module 1,1_10;21.69;2,70;14,12;0,04;0,55;2,15
13,10.2019 19:01:46;29.5;0.08;298;13.546669588737757;295.71;Module 1,1_10;20.42;2,36;12,84;0,04;0,45;1,91
13,10.2019 19:03:38;29.4;0.08;298;11.997979217137127;295.6;Module 1,1_10;18.83;2,35;11,38;0,03;0,35;2,00
13,10.2019 19:05:36;29.5;0.07;298;10.695188050962127;295.5;Module 1,1_10;17.69;2,07;10,14;0,03;0,28;1,78
13,10.2019 19:07:23;29;0.07;298;9.400776317016147;295.43;Module 1,1_10;16.51;2,03;8,91;0,02;0,22;1,81
13,10.2019 19:09:16;28.6;0.07;298;8.078282636464984;295.37;Module 1,1_10;15.4;2,00;7,66;0,02;0,16;1,84
13,10.2019 19:11:09;26.1;0.07;298;6.642487492343095;295.29;Module 1,1_10;14.16;1,83;6,30;0,02;0,11;1,72
13,10.2019 19:13:02;25.3;0;296;5.083924482320716;295.21;Module 1,1_10;12.75;0,00;4,81;0,01;0,06;-0,06
13,10.2019 19:15:17;27.4;0;296;3.0428226222450543;295.11;Module 1,1_10;10.67;0,00;2,88;0,01;0,02;-0,02
13,10.2019 19:17:10;27.6;0;296;1.8711970093643469;295;Module 1,1_10;9.74;0,00;1,77;0,00;0,01;-0,01
13,10.2019 19:19:05;26.7;0;296;1.6387382433139503;294.92;Module 1,1_10;8.53;0,00;1,55;0,00;0,01;-0,01
13,10.2019 19:20:58;27.2;0;296;1.3467239256308081;294.82;Module 1,1_10;7.01;0,00;1,27;0,00;0,00;-0,00
13,10.2019 19:22:56;28;0;295.5;1.1315554810221768;294.7;Module 1,1_10;5.89;0,00;1,07;0,00;0,00;-0,00
13,10.2019 19:24:53;27.1;0;295.5;0.8453046038196229;294.57;Module 1,1_10;4.4;0,00;0,80;0,00;0,00;-0,00
13,10.2019 19:26:46;25.8;0;295.5;0.7895913458406022;294.5;Module 1,1_10;4.11;0,00;0,75;0,00;0,00;-0,00
13,10.2019 19:28:42;31;0;294.5;0.0001;294.37;Module 1,1_10;2.68;0,00;0,00;0,00;0,00;0,00
13,10.2019 19:30:35;30.3;0;294.5;0.0001;294.26;Module 1,1_10;1.86;0,00;0,00;0,00;0,00;0,00
13,10.2019 19:32:27;29.4;0;296;0.0001;294.19;Module 1,1_10;1.63;0,00;0,00;0,00;0,00;0,00
13,10.2019 19:34:20;27.5;0;296;0.0001;294.1;Module 1,1_10;0.64;0,00;0,00;0,00;0,00;0,00
13,10.2019 19:36:20;27.5;0;296;0.0001;294.01;Module 1,1_10;0.32;0,00;0,00;0,00;0,00;0,00
13,10.2019 19:38:11;27.5;0;296;0.0001;293.93;Module 1,1_10;0.04;0,00;0,00;0,00;0,00;0,00
13,10.2019 19:40:04;27.5;0;296;0.0001;293.84;Module 1,1_10;-0.01;0,00;0,00;0,00;0,00;0,00
14,10.2019 08:47:31;29.5;0;283.9;8.431566627823173;283.18;Module 1,1_10;11.57;0,00;7,95;0,02;0,17;-0,17
14,10.2019 08:49:41;29.5;0;283.9;10.063779072252796;283.21;Module 1,1_10;13.61;0,00;9,48;0,03;0,25;-0,25
14,10.2019 08:51:34;28.3;0.07;284.4;11.003919451306306;283.22;Module 1,1_10;14.71;1,98;10,38;0,03;0,29;1,69
14,10.2019 08:53:27;27.5;0.08;284.4;11.802823986926285;283.24;Module 1,1_10;15.61;2,20;11,13;0,03;0,34;1,86
14,10.2019 08:55:20;27.5;0.08;284.4;13.08883522824462;283.25;Module 1,1_10;17.14;2,20;12,34;0,03;0,42;1,78
14,10.2019 08:57:14;27.4;0.09;284.4;13.98953447747234;283.25;Module 1,1_10;18.15;2,47;13,19;0,04;0,48;1,99
14,10.2019 08:59:12;27.5;0.1;284.4;15.507337110300632;283.26;Module 1,1_10;19.94;2,75;14,63;0,04;0,58;2,17
14,10.2019 09:01:08;27.7;0.1;284.4;16.622901007833654;283.29;Module 1,1_10;21.2;2,77;15,67;0,04;0,67;2,10
14,10.2019 09:03:14;27.9;0.11;284.4;18.29518420454581;283.32;Module 1,1_10;23.14;3,07;17,25;0,05;0,81;2,25
14,10.2019 09:05:07;28;0.11;284.4;19.68077069755127;283.35;Module 1,1_10;24.72;3,08;18,55;0,05;0,94;2,14
14,10.2019 09:07:07;28.2;0.12;284.4;21.340844166673623;283.42;Module 1,1_10;26.62;3,38;20,12;0,06;1,11;2,28
14,10.2019 09:09:04;28.4;0.13;284.4;22.57395552373413;283.45;Module 1,1_10;27.98;3,69;21,28;0,06;1,24;2,45
14,10.2019 09:10:56;32.3;0.11;284.4;23.83964482371554;283.5;Module 1,1_10;29.38;3,55;22,47;0,06;1,38;2,17
14,10.2019 09:12:50;33.3;0.12;285.9;25.252382939453472;283.53;Module 1,1_10;30.95;4,00;23,80;0,07;1,55;2,44
14,10.2019 09:14:43;33.3;0.13;285.9;26.580695213129374;283.58;Module 1,1_10;32.41;4,33;25,02;0,07;1,72;2,61
14,10.2019 09:16:36;33.5;0.13;287.4;27.931080246722185;283.64;Module 1,1_10;33.89;4,36;26,22;0,07;1,90;2,45
14,10.2019 09:18:29;33.7;0.14;287.4;28.831409620388648;283.66;Module 1,1_10;34.82;4,72;26,98;0,08;2,02;2,69
14,10.2019 09:20:29;33.9;0.14;287.4;30.414463052117405;283.71;Module 1,1_10;36.56;4,75;28,21;0,08;2,25;2,50
14,10.2019 09:22:21;34;0.15;287.4;31.844452548850647;283.75;Module 1,1_10;38.12;5,10;29,18;0,08;2,46;2,64
14,10.2019 09:24:31;34;0.15;287.4;35.84283192280043;283.78;Module 1,1_10;42.71;5,10;31,08;0,10;3,09;2,01
14,10.2019 09:26:25;34.4;0.16;287.4;50.031806834396754;283.81;Module 1,1_10;59.39;5,50;33,73;0,16;5,48;0,02
14,10.2019 09:28:18;34.4;0.16;287.4;102.91202468758006;283.91;Module 1,1_10;121.72;5,50;36,11;0,42;15,06;-9,56
14,10.2019 09:30:13;34.6;0.16;287.4;138.55384926450458;284.24;Module 1,1_10;163.3;5,54;36,73;0,59;21,72;-16,18
14,10.2019 09:32:11;34.8;0.17;287.4;140.1055313872922;284.64;Module 1,1_10;164.56;5,92;36,74;0,60;22,01;-16,09
14,10.2019 09:34:13;35.5;0.18;287.4;155.7562597373612;285.05;Module 1,1_10;182.32;6,39;36,93;0,68;24,96;-18,57
14,10.2019 09:36:07;35.4;0.18;289.9;163.75534392323647;285.35;Module 1,1_10;191.1;6,37;36,57;0,72;26,20;-19,83
14,10.2019 09:38:01;35;0.19;289.9;171.45388101668235;285.73;Module 1,1_10;199.5;6,65;36,65;0,75;27,64;-20,99
14,10.2019 09:39:56;35.3;0.19;289.9;178.851956026839;286.11;Module 1,1_10;207.52;6,71;36,71;0,79;29,02;-22,31
14,10.2019 09:41:51;37.8;0.21;289.9;188.4907158597244;286.56;Module 1,1_10;218.11;7,94;36,80;0,84;30,83;-22,89
14,10.2019 09:43:43;39.5;0.21;289.9;195.9197856733776;286.96;Module 1,1_10;226.13;8,29;36,85;0,87;32,22;-23,93
14,10.2019 09:45:36;40.1;0.22;289.9;198.81941835990082;287.41;Module 1,1_10;228.91;8,82;36,88;0,89;32,77;-23,94
14,10.2019 09:47:29;39.9;0.24;291.9;201.79216808781075;287.75;Module 1,1_10;231.78;9,58;36,54;0,90;33,04;-23,47
14,10.2019 09:49:26;26.7;0.57;291.9;208.36336283323442;288.14;Module 1,1_10;238.76;15,22;36,59;0,94;34,26;-19,05
14,10.2019 09:51:19;26.5;0.59;287.4;215.15673695534073;288.44;Module 1,1_10;246;15,63;37,42;0,97;36,21;-20,58
14,10.2019 09:53:11;26.4;0.59;287.4;222.15066602993363;288.84;Module 1,1_10;253.46;15,58;37,46;1,00;37,54;-21,97
14,10.2019 09:55:05;26.5;0.6;287.4;228.73451567573858;289.25;Module 1,1_10;260.43;15,90;37,50;1,03;38,80;-22,90
14,10.2019 09:56:58;26.6;0.58;287.4;234.4615296391625;289.55;Module 1,1_10;266.42;15,43;37,53;1,06;39,89;-24,46
14,10.2019 09:58:53;26.4;0.59;287.4;243.34160074769625;289.88;Module 1,1_10;275.97;15,58;37,58;1,11;41,58;-26,00
14,10.2019 10:00:46;26.5;0.65;287.4;249.92516780076556;290.14;Module 1,1_10;282.91;17,23;37,61;1,14;42,83;-25,60
14,10.2019 10:02:39;30;0.7;287.4;257.2603202927972;290.32;Module 1,1_10;290.69;21,00;37,64;1,17;44,23;-23,23
14,10.2019 10:04:37;34;0.71;287.4;265.39724658046646;290.5;Module 1,1_10;299.34;24,14;37,67;1,22;45,78;-21,64
14,10.2019 10:06:53;40.2;0.67;294;275.883932339945;290.69;Module 1,1_10;310.54;26,93;36,55;1,27;46,43;-19,50
14,10.2019 10:08:46;39.9;0.68;294;280.76290722028847;290.75;Module 1,1_10;315.52;27,13;36,57;1,29;47,33;-20,20
14,10.2019 10:10:39;39.4;0.93;294;288.39677318375385;290.91;Module 1,1_10;323.59;36,64;36,60;1,33;48,74;-12,10
14,10.2019 10:12:34;39.4;0.99;296.5;297.0564578848395;291.14;Module 1,1_10;332.79;39,01;36,19;1,38;49,78;-10,78
14,10.2019 10:14:27;38.9;1.11;296.5;304.3613028656073;291.28;Module 1,1_10;340.47;43,18;36,21;1,41;51,12;-7,94
14,10.2019 10:16:23;39.5;0.98;297.5;311.6852679227718;291.39;Module 1,1_10;348.15;38,71;36,05;1,45;52,22;-13,51
14,10.2019 10:18:16;38.9;1.08;297.5;319.0045668799406;291.64;Module 1,1_10;355.83;42,01;36,08;1,48;53,55;-11,54
14,10.2019 10:20:21;39.5;1.15;297.5;326.37675645631407;291.91;Module 1,1_10;363.51;45,42;36,10;1,52;54,89;-9,47
14,10.2019 10:22:14;38.9;1.3;298.5;333.70902019014187;292.21;Module 1,1_10;371.19;50,57;35,94;1,56;55,97;-5,40
14,10.2019 10:24:07;38.9;1.16;298.5;338.743034831055;292.41;Module 1,1_10;376.31;45,12;35,95;1,58;56,88;-11,76
14,10.2019 10:26:01;39.1;1.12;300;348.39559952873685;292.7;Module 1,1_10;386.55;43,79;35,71;1,63;58,22;-14,43
14,10.2019 10:28:09;39.3;1.28;300;353.49111844771477;292.97;Module 1,1_10;391.67;50,30;35,72;1,66;59,14;-8,83
14,10.2019 10:30:06;38.9;1.19;300;360.858152992108;293.26;Module 1,1_10;399.35;46,29;35,73;1,69;60,46;-14,17
14,10.2019 10:31:59;39.3;1.05;300.5;365.89974924872456;293.49;Module 1,1_10;404.47;41,27;35,66;1,72;61,22;-19,96
14,10.2019 10:34:00;38.1;1.46;300.5;375.6070874317015;293.79;Module 1,1_10;414.71;55,63;35,68;1,76;62,96;-7,33
14,10.2019 10:36:17;37.9;1.78;302;383.0601918537299;294.1;Module 1,1_10;422.39;67,46;35,42;1,80;63,84;3,62
14,10.2019 10:38:10;36.1;1.83;302;388.1072244402278;294.31;Module 1,1_10;427.51;66,06;35,43;1,83;64,73;1,33
14,10.2019 10:40:06;35.9;1.89;302;395.4908466506219;294.46;Module 1,1_10;435.19;67,85;35,45;1,86;66,05;1,81
14,10.2019 10:41:59;35.8;1.92;300.5;400.53937069894744;294.54;Module 1,1_10;440.31;68,74;35,72;1,89;67,42;1,32
14,10.2019 10:43:52;36.3;1.94;300.5;405.58747808637236;294.73;Module 1,1_10;445.43;70,42;35,73;1,91;68,32;2,10
14,10.2019 10:45:45;35.9;2;300.5;412.96836007875356;294.94;Module 1,1_10;453.11;71,80;35,73;1,95;69,64;2,16
14,10.2019 10:47:39;35.6;1.99;300.5;420.3564423311866;295.16;Module 1,1_10;460.79;70,84;35,74;1,99;70,96;-0,11
14,10.2019 10:49:40;36;2.02;300.5;425.43392576805564;295.34;Module 1,1_10;465.91;72,72;35,75;2,01;71,86;0,86
14,10.2019 10:51:41;35.8;2.07;302.5;432.84991511858686;295.42;Module 1,1_10;473.59;74,11;35,41;2,05;72,50;1,61
14,10.2019 10:53:34;35.3;2.13;302.5;435.5592437863195;295.48;Module 1,1_10;476.15;75,19;35,41;2,06;72,98;2,21
14,10.2019 10:55:27;35.7;1.96;302.5;442.9514762155173;295.61;Module 1,1_10;483.83;69,97;35,41;2,10;74,28;-4,31
14,10.2019 10:57:29;36.1;2.12;303.5;450.37557083729325;295.74;Module 1,1_10;491.51;76,53;35,24;2,13;75,23;1,30
14,10.2019 10:59:22;35.3;2.14;303.5;453.07865241512883;295.71;Module 1,1_10;494.07;75,54;35,25;2,15;75,70;-0,16
14,10.2019 11:01:14;36.4;1.82;303.5;460.47314648196414;295.71;Module 1,1_10;501.75;66,25;35,25;2,18;77,00;-10,75
14,10.2019 11:03:08;37.1;2.24;303.5;465.5255425187913;295.67;Module 1,1_10;506.87;83,10;35,26;2,21;77,89;5,22
14,10.2019 11:05:01;35.1;2.27;303.5;472.9270385390247;295.65;Module 1,1_10;514.55;79,68;35,27;2,25;79,18;0,49
14,10.2019 11:07:07;35.3;2.19;306;478.0156499121092;295.64;Module 1,1_10;519.67;77,31;34,82;2,27;79,11;-1,80
14,10.2019 11:09:07;37.3;1.79;306;485.44126001827135;295.82;Module 1,1_10;527.35;66,77;34,83;2,31;80,39;-13,62
14,10.2019 11:11:02;34.9;2.33;308.1;492.85424866353014;296;Module 1,1_10;535.03;81,32;34,46;2,35;80,83;0,49
14,10.2019 11:12:55;35;2.4;308.1;495.54408310438106;296.1;Module 1,1_10;537.59;84,00;34,46;2,36;81,29;2,71
14,10.2019 11:14:50;36.1;1.81;308.1;500.5970357185203;296.08;Module 1,1_10;542.71;65,34;34,47;2,38;82,15;-16,81
14,10.2019 11:16:43;37.6;1.94;308.1;508.00622114179714;296.17;Module 1,1_10;550.39;72,94;34,47;2,42;83,42;-10,47
14,10.2019 11:18:38;34.8;2.45;308.1;513.0588158412525;296.25;Module 1,1_10;555.51;85,26;34,47;2,45;84,28;0,98
14,10.2019 11:20:31;34.8;2.51;308.6;518.1048459789861;296.38;Module 1,1_10;560.63;87,35;34,38;2,47;84,93;2,42
14,10.2019 11:23:10;34.8;2.52;308.6;528.011358360039;296.82;Module 1,1_10;570.87;87,70;34,38;2,52;86,61;1,08
14,10.2019 11:25:12;34.8;2.55;308.6;530.7120020705714;296.97;Module 1,1_10;573.43;88,74;34,39;2,53;87,07;1,67
14,10.2019 11:27:06;35.4;2.38;308.6;535.7576232276117;297.08;Module 1,1_10;578.55;84,25;34,39;2,56;87,93;-3,68
14,10.2019 11:28:59;35.2;2.49;308.6;540.7996341775007;297.17;Module 1,1_10;583.67;87,65;34,39;2,58;88,78;-1,14
14,10.2019 11:30:52;34.5;2.58;310.1;545.8407226331151;297.17;Module 1,1_10;588.79;89,01;34,13;2,61;88,96;0,05
14,10.2019 11:32:45;34.4;2.65;310.1;553.25540538167;297.32;Module 1,1_10;596.47;91,16;34,13;2,64;90,21;0,95
14,10.2019 11:34:37;34.4;2.67;310.1;555.9175506868921;297.42;Module 1,1_10;599.03;91,85;34,13;2,66;90,66;1,19
14,10.2019 11:36:30;34.4;2.67;310.1;560.9558416166586;297.48;Module 1,1_10;604.15;91,85;34,13;2,68;91,51;0,34
14,10.2019 11:38:27;34.7;2.73;310.1;566.0030952347583;297.48;Module 1,1_10;609.27;94,73;34,13;2,71;92,35;2,38
14,10.2019 11:40:20;34.4;2.74;310.6;571.0393307934372;297.6;Module 1,1_10;614.39;94,26;34,04;2,73;92,96;1,29
14,10.2019 11:42:12;34.1;2.82;310.6;578.4526613700364;297.71;Module 1,1_10;622.07;96,16;34,04;2,77;94,20;1,96
14,10.2019 11:44:07;34;2.81;310.6;583.4928728711382;297.85;Module 1,1_10;627.19;95,54;34,04;2,79;95,05;0,49
14,10.2019 11:46:20;34;2.85;310.6;588.5745963963398;297.96;Module 1,1_10;632.31;96,90;34,04;2,82;95,90;1,00
14,10.2019 11:48:14;34;2.9;310.6;593.6096461519837;298.12;Module 1,1_10;637.43;98,60;34,04;2,84;96,74;1,86
14,10.2019 11:50:07;33.8;2.91;312.1;598.6412833170097;298.31;Module 1,1_10;642.55;98,36;33,77;2,87;96,83;1,53
14,10.2019 11:52:02;33.8;2.86;312.1;601.290315211413;298.42;Module 1,1_10;645.11;96,67;33,77;2,88;97,27;-0,60
14,10.2019 11:54:21;33.7;2.95;312.1;603.9896455446997;298.56;Module 1,1_10;647.67;99,42;33,77;2,89;97,71;1,70
14,10.2019 11:56:15;33.7;2.97;312.1;611.4058813758786;298.8;Module 1,1_10;655.35;100,09;33,77;2,93;98,94;1,15
14,10.2019 11:58:08;33.7;2.94;312.6;613.2301680165579;299.01;Module 1,1_10;657.04;99,08;33,68;2,94;98,99;0,09
14,10.2019 12:00:00;33.7;3.01;312.6;617.0467966511202;299.03;Module 1,1_10;660.87;101,44;33,68;2,96;99,62;1,82
14,10.2019 12:02:01;33.8;3.05;312.6;619.5540619249199;299;Module 1,1_10;663.28;103,09;33,68;2,97;100,03;3,06
14,10.2019 12:03:57;33.8;3.08;314.1;625.9533849084222;299.07;Module 1,1_10;669.87;104,10;33,41;3,00;100,29;3,81
14,10.2019 12:05:53;33.8;3.01;314.1;627.2111439867012;299.13;Module 1,1_10;670.96;101,74;33,41;3,01;100,50;1,24
14,10.2019 12:07:50;33.8;3.09;314.1;632.6563017829357;299.21;Module 1,1_10;676.53;104,44;33,41;3,04;101,39;3,05
14,10.2019 12:10:07;33.7;3.11;314.1;638.2712075331654;299.28;Module 1,1_10;682.24;104,81;33,41;3,06;102,30;2,50
14,10.2019 12:12:00;33.5;3.13;314.1;642.3958540397232;299.31;Module 1,1_10;686.41;104,85;33,41;3,08;102,98;1,88
14,10.2019 12:13:53;33.6;3.19;314.1;644.5433920000146;299.33;Module 1,1_10;688.47;107,18;33,41;3,09;103,33;3,86
14,10.2019 12:15:50;33.5;3.12;314.1;649.0742033821914;299.42;Module 1,1_10;693.07;104,52;33,40;3,12;104,07;0,45
14,10.2019 12:17:46;34.3;2.97;314.6;652.121279825505;299.59;Module 1,1_10;696.09;101,87;33,31;3,13;104,29;-2,42
14,10.2019 12:19:40;34.6;3;314.6;654.9559199357467;299.69;Module 1,1_10;698.89;103,80;33,31;3,14;104,75;-0,95
14,10.2019 12:21:44;33.9;3.2;314.6;659.5403277290293;299.69;Module 1,1_10;703.54;108,48;33,30;3,17;105,49;2,99
14,10.2019 12:23:38;33.4;3.22;314.6;660.9071765254912;299.83;Module 1,1_10;704.78;107,55;33,30;3,17;105,71;1,84
14,10.2019 12:25:33;33.3;3.22;314.6;666.5966801991576;299.97;Module 1,1_10;710.63;107,23;33,30;3,20;106,63;0,59
14,10.2019 12:27:27;33.3;3.23;316.1;670.6884542790949;300.32;Module 1,1_10;714.78;107,56;33,04;3,22;106,45;1,11
14,10.2019 12:29:20;33.2;3.25;316.1;672.2425671862843;300.66;Module 1,1_10;716.23;107,90;33,04;3,23;106,70;1,20
14,10.2019 12:31:13;33;3.33;316.1;672.9203852795673;300.88;Module 1,1_10;716.75;109,89;33,04;3,23;106,81;3,08
14,10.2019 12:33:11;33;3.26;316.1;677.5000841523863;301.03;Module 1,1_10;721.42;107,58;33,03;3,26;107,54;0,04
14,10.2019 12:35:03;33;3.27;316.1;680.8002616465353;301.35;Module 1,1_10;724.74;107,91;33,03;3,27;108,07;-0,16
14,10.2019 12:37:02;33;3.29;316.6;682.1268155639149;301.42;Module 1,1_10;725.95;108,57;32,95;3,28;107,99;0,58
14,10.2019 12:38:55;32.9;3.34;316.6;683.1773863659322;301.39;Module 1,1_10;726.88;109,89;32,94;3,28;108,16;1,72
14,10.2019 12:40:49;33;3.34;318.1;685.1381314724613;301.21;Module 1,1_10;728.78;110,22;32,67;3,29;107,60;2,62
14,10.2019 12:42:45;32.7;3.39;318.1;689.7038191428576;301.32;Module 1,1_10;733.45;110,85;32,67;3,32;108,32;2,53
14,10.2019 12:44:38;32.7;3.39;318.1;694.4045610872857;301.54;Module 1,1_10;738.27;110,85;32,67;3,34;109,07;1,78
14,10.2019 12:46:31;32.7;3.44;318.1;694.1364134453569;301.82;Module 1,1_10;737.81;112,49;32,67;3,34;109,03;3,46
14,10.2019 12:48:30;32.4;3.46;318.1;693.7600272739078;302.09;Module 1,1_10;737.23;112,10;32,67;3,34;108,97;3,14
14,10.2019 12:50:23;32;3.52;318.1;696.3455999197292;302.42;Module 1,1_10;739.81;112,64;32,66;3,35;109,38;3,26
14,10.2019 12:52:17;31.9;3.5;318.1;699.6927261996218;302.84;Module 1,1_10;743.2;111,65;32,66;3,36;109,91;1,74
14,10.2019 12:54:11;32;3.5;318.1;701.4463442922788;303.06;Module 1,1_10;744.9;112,00;32,66;3,37;110,18;1,82
14,10.2019 12:56:06;31.9;3.51;318.1;705.5154798256008;303.18;Module 1,1_10;749.06;111,97;32,66;3,39;110,83;1,14
14,10.2019 12:58:00;32.2;3.46;318.1;703.8725849987175;303.19;Module 1,1_10;747.16;111,41;32,66;3,39;110,57;0,84
14,10.2019 12:59:53;32.2;3.56;318.1;708.8860531743023;303.3;Module 1,1_10;752.33;114,63;32,66;3,41;111,36;3,27
14,10.2019 13:01:47;32.7;3.52;318.1;710.9778015277561;303.54;Module 1,1_10;754.4;115,10;32,66;3,42;111,69;3,41
14,10.2019 13:04:11;33;3.5;318.1;712.0658642145297;303.71;Module 1,1_10;755.37;115,50;32,66;3,43;111,86;3,64
14,10.2019 13:06:03;32.3;3.46;318.1;713.5551543663411;303.78;Module 1,1_10;756.81;111,76;32,66;3,43;112,10;-0,34
14,10.2019 13:07:57;32.9;3.59;318.1;712.4224490545084;303.61;Module 1,1_10;755.47;118,11;32,66;3,43;111,92;6,19
14,10.2019 13:09:50;32.5;3.46;318.1;716.7837108695917;303.55;Module 1,1_10;759.96;112,45;32,66;3,45;112,61;-0,16
14,10.2019 13:12:03;32;3.53;318.1;715.6085155156999;303.46;Module 1,1_10;758.56;112,96;32,66;3,44;112,42;0,54
14,10.2019 13:14:08;32.5;3.47;318.1;716.7978570422547;303.35;Module 1,1_10;759.68;112,78;32,66;3,45;112,61;0,16
14,10.2019 13:16:01;32.5;3.53;318.6;721.2556398431535;303.42;Module 1,1_10;764.28;114,72;32,56;3,47;113,01;1,72
14,10.2019 13:17:53;32.5;3.54;318.6;723.6436680331985;303.64;Module 1,1_10;766.69;115,05;32,56;3,48;113,38;1,67
14,10.2019 13:20:04;32.5;3.48;318.6;721.6298726319742;303.66;Module 1,1_10;764.42;113,10;32,56;3,47;113,07;0,03
14,10.2019 13:22:04;32.3;3.56;318.6;726.8427460479224;303.78;Module 1,1_10;769.82;114,99;32,56;3,50;113,89;1,10
14,10.2019 13:23:56;32.6;3.58;318.6;725.3984529439526;303.91;Module 1,1_10;768.18;116,71;32,56;3,49;113,66;3,05
14,10.2019 13:25:51;32.7;3.59;318.6;726.7017481218678;304.14;Module 1,1_10;769.45;117,39;32,56;3,50;113,86;3,53
14,10.2019 13:27:44;32.7;3.59;318.6;724.6284171239198;304.1;Module 1,1_10;767.15;117,39;32,56;3,49;113,54;3,86
14,10.2019 13:29:37;32.8;3.59;318.6;727.8796182054222;304.03;Module 1,1_10;770.49;117,75;32,55;3,50;114,05;3,70
14,10.2019 13:31:30;32.7;3.55;318.6;727.3305029022988;303.96;Module 1,1_10;769.81;116,09;32,55;3,50;113,96;2,12
14,10.2019 13:33:23;32.5;3.5;318.6;732.9581544634723;304.1;Module 1,1_10;775.67;113,75;32,55;3,53;114,85;-1,10
14,10.2019 13:35:20;32.8;3.57;318.6;732.1514788523051;304.4;Module 1,1_10;774.72;117,10;32,55;3,52;114,72;2,38
14,10.2019 13:37:12;32.6;3.59;318.6;733.5588801522649;304.58;Module 1,1_10;776.12;117,03;32,55;3,53;114,94;2,09
14,10.2019 13:39:07;32.9;3.64;318.6;732.6499412469775;304.76;Module 1,1_10;775.07;119,76;32,55;3,53;114,80;4,96
14,10.2019 13:40:59;32.8;3.54;318.6;731.6222639965919;304.89;Module 1,1_10;773.9;116,11;32,55;3,52;114,64;1,48
14,10.2019 13:43:02;32.4;3.55;318.6;732.3195268783586;304.98;Module 1,1_10;774.55;115,02;32,55;3,52;114,75;0,27
14,10.2019 13:44:58;32.3;3.63;318.6;735.9119933101551;304.72;Module 1,1_10;778.27;117,25;32,55;3,54;115,31;1,94
14,10.2019 13:46:57;32.2;3.53;318.6;734.1231006103958;304;Module 1,1_10;776.3;113,67;32,55;3,53;115,03;-1,36
14,10.2019 13:48:53;32.9;3.47;318.6;734.5514498609538;303.96;Module 1,1_10;776.68;114,16;32,55;3,54;115,10;-0,93
14,10.2019 13:50:49;32.7;3.56;318.6;727.4290186851462;303.96;Module 1,1_10;769.08;116,41;32,55;3,50;113,98;2,43
14,10.2019 13:52:41;33;3.61;318.6;736.2295815798399;304.17;Module 1,1_10;778.32;119,13;32,55;3,54;115,36;3,77
14,10.2019 13:54:38;32.8;3.68;318.6;734.4928789022208;304.59;Module 1,1_10;776.42;120,70;32,55;3,54;115,09;5,62
14,10.2019 13:56:30;32.9;3.44;318.6;731.9084444498357;304.91;Module 1,1_10;773.63;113,18;32,55;3,52;114,68;-1,51
14,10.2019 13:58:33;32.4;3.61;318.6;727.6889630867736;305.17;Module 1,1_10;769.11;116,96;32,55;3,50;114,02;2,95
14,10.2019 14:00:26;32.9;3.51;318.6;725.0793226260937;305.14;Module 1,1_10;766.3;115,48;32,56;3,49;113,61;1,87
14,10.2019 14:02:19;32.7;3.52;318.6;726.9991571688471;305.24;Module 1,1_10;768.28;115,10;32,56;3,50;113,91;1,19
14,10.2019 14:04:12;32.7;3.46;319.6;729.8911295152702;305.64;Module 1,1_10;771.29;113,14;32,38;3,51;113,74;-0,60
14,10.2019 14:06:21;32.3;3.54;319.6;727.7703514778959;305.78;Module 1,1_10;769;114,34;32,38;3,50;113,41;0,93
14,10.2019 14:08:14;32.2;3.54;319.6;727.3157554473873;305.9;Module 1,1_10;768.48;113,99;32,38;3,50;113,34;0,65
14,10.2019 14:10:08;32.6;3.5;319.6;724.7857989731232;306;Module 1,1_10;765.77;114,10;32,38;3,49;112,94;1,16
14,10.2019 14:12:01;32.3;3.54;319.6;724.6661079734577;305.88;Module 1,1_10;765.61;114,34;32,38;3,49;112,92;1,42
14,10.2019 14:13:50;32.5;3.56;319.6;724.7603228467292;305.92;Module 1,1_10;765.68;115,70;32,38;3,49;112,94;2,76
14,10.2019 14:15:43;32.6;3.64;319.6;724.5782867749142;306;Module 1,1_10;765.46;118,66;32,38;3,49;112,91;5,76
14,10.2019 14:17:36;32.6;3.49;319.6;723.9484974636159;306.15999999999997;Module 1,1_10;764.77;113,77;32,38;3,48;112,81;0,96
14,10.2019 14:19:30;32.3;3.46;319.6;723.8745285413922;306.24;Module 1,1_10;764.67;111,76;32,38;3,48;112,80;-1,04
14,10.2019 14:21:59;32.6;3.51;319.6;721.7482519795692;306.12;Module 1,1_10;762.4;114,43;32,38;3,47;112,47;1,96
14,10.2019 14:23:59;32.5;3.54;319.6;720.106148564188;306.15;Module 1,1_10;760.65;115,05;32,38;3,47;112,21;2,84
14,10.2019 14:25:53;32.4;3.53;319.6;720.7323881635668;306.25;Module 1,1_10;761.3;114,37;32,38;3,47;112,31;2,06
14,10.2019 14:27:41;33;3.4;319.6;719.6796787165508;306.31;Module 1,1_10;760.18;112,20;32,38;3,46;112,14;0,06
14,10.2019 14:29:41;32.9;3.42;319.6;719.7323858433602;306.63;Module 1,1_10;760.23;112,52;32,38;3,46;112,15;0,37
14,10.2019 14:31:36;32.9;3.52;319.6;716.9132076319465;306.77;Module 1,1_10;757.25;115,81;32,39;3,45;111,71;4,10
14,10.2019 14:34:31;32.9;3.49;319.6;709.69652348505;306.62;Module 1,1_10;749.63;114,82;32,39;3,41;110,58;4,24
14,10.2019 14:36:41;32.6;3.52;319.6;710.5989609997304;306.42;Module 1,1_10;750.59;114,75;32,39;3,42;110,72;4,03
14,10.2019 14:38:37;32.7;3.43;319.6;706.8125964047967;306.1;Module 1,1_10;746.6;112,16;32,39;3,40;110,13;2,03
14,10.2019 14:40:31;32.9;3.34;319.6;708.2208318347717;306.14;Module 1,1_10;748.1;109,89;32,39;3,41;110,35;-0,46
14,10.2019 14:42:23;33.3;3.11;319.6;706.2466662121715;306.08;Module 1,1_10;746.03;103,56;32,40;3,40;110,04;-6,47
14,10.2019 14:44:17;34.2;3.36;319.6;703.4457462123966;306.17;Module 1,1_10;743.09;114,91;32,40;3,38;109,60;5,31
14,10.2019 14:46:10;32.6;3.36;319.6;702.7152350307244;306.34000000000003;Module 1,1_10;742.34;109,54;32,40;3,38;109,48;0,05
14,10.2019 14:48:04;32.9;3.35;319.6;699.7286537877885;306.49;Module 1,1_10;739.21;110,22;32,40;3,36;109,01;1,20
14,10.2019 14:50:02;33.1;3.32;319.6;693.179181468221;306.32;Module 1,1_10;732.32;109,89;32,40;3,33;107,99;1,91
14,10.2019 14:51:56;32.7;3.26;319.6;691.6729528543509;305.88;Module 1,1_10;730.76;106,60;32,41;3,32;107,75;-1,15
14,10.2019 14:53:51;32.9;3.25;319.6;694.0628965010418;305.64;Module 1,1_10;733.32;106,92;32,40;3,34;108,13;-1,20
14,10.2019 14:55:46;32.7;3.22;319.6;692.5406933079206;305.54;Module 1,1_10;731.75;105,29;32,41;3,33;107,89;-2,59
14,10.2019 14:57:40;32.9;3.32;319.6;688.0063433808311;305.42;Module 1,1_10;727;109,23;32,41;3,31;107,17;2,05
14,10.2019 14:59:33;32.8;3.28;319.6;689.3178874418901;305.34000000000003;Module 1,1_10;728.43;107,58;32,41;3,31;107,38;0,20
14,10.2019 15:01:36;32.8;3.22;319.6;686.2030129817857;305.47;Module 1,1_10;725.19;105,62;32,41;3,30;106,89;-1,27
14,10.2019 15:03:29;32.7;3.25;319.6;682.5025750941703;305.82;Module 1,1_10;721.33;106,28;32,41;3,28;106,31;-0,03
14,10.2019 15:05:54;32.5;3.23;319.6;678.6141477375229;306.06;Module 1,1_10;717.29;104,97;32,41;3,26;105,70;-0,72
14,10.2019 15:07:47;32.8;3.21;319.6;674.7845304286125;306.21;Module 1,1_10;713.3;105,29;32,41;3,24;105,09;0,20
14,10.2019 15:09:42;33.8;2.97;319.6;672.6349520803109;306.4;Module 1,1_10;711.09;100,39;32,41;3,23;104,75;-4,37
14,10.2019 15:11:48;32.9;3.19;319.6;667.856257335005;306.69;Module 1,1_10;706.11;104,95;32,41;3,21;104,00;0,95
14,10.2019 15:13:41;33.1;2.83;319.6;664.2736053142257;306.95;Module 1,1_10;702.39;93,67;32,41;3,19;103,44;-9,76
14,10.2019 15:15:34;34.4;2.76;319.6;660.2438296991199;307.23;Module 1,1_10;698.2;94,94;32,42;3,17;102,80;-7,86
14,10.2019 15:17:26;34.6;3.14;319.6;654.1603001569537;307.34000000000003;Module 1,1_10;691.84;108,64;32,42;3,14;101,84;6,80
14,10.2019 15:19:19;32.7;3.08;319.6;648.9816718623529;306.95;Module 1,1_10;686.44;100,72;32,42;3,12;101,02;-0,31
14,10.2019 15:21:12;32.9;3.06;319.6;652.2141183999786;306.85;Module 1,1_10;689.94;100,67;32,42;3,13;101,53;-0,86
14,10.2019 15:23:05;33;3.06;319.6;646.6235000927098;306.82;Module 1,1_10;684.11;100,98;32,42;3,10;100,65;0,33
14,10.2019 15:25:12;32.9;3;319.6;643.4680101300587;306.89;Module 1,1_10;680.87;98,70;32,42;3,09;100,15;-1,45
14,10.2019 15:27:13;33.1;3.01;319.6;638.4709648787868;306.89;Module 1,1_10;675.68;99,63;32,43;3,06;99,36;0,27
14,10.2019 15:29:07;33.1;2.99;319.6;632.9005223922416;306.97;Module 1,1_10;669.88;98,97;32,43;3,04;98,48;0,49
14,10.2019 15:31:01;33.1;2.98;319.6;630.64368889402;307.15;Module 1,1_10;667.59;98,64;32,43;3,03;98,12;0,52
14,10.2019 15:33:12;33.1;2.96;319.6;624.9593748261257;307.17;Module 1,1_10;661.69;97,98;32,43;3,00;97,22;0,76
14,10.2019 15:35:07;33.1;2.95;319.6;619.4940860631664;307.11;Module 1,1_10;656.01;97,65;32,43;2,97;96,35;1,29
14,10.2019 15:37:00;33.3;2.7;319.6;616.3511603863682;306.98;Module 1,1_10;652.79;89,91;32,43;2,96;95,85;-5,94
14,10.2019 15:38:53;34.3;2.66;319.6;611.411780459189;306.87;Module 1,1_10;647.67;91,24;32,43;2,93;95,07;-3,83
14,10.2019 15:41:07;34.1;2.66;319.6;608.8658339995238;306.9;Module 1,1_10;645.11;90,71;32,43;2,92;94,67;-3,96
14,10.2019 15:43:00;34.2;2.55;319.6;606.3367782182778;306.96;Module 1,1_10;642.55;87,21;32,44;2,91;94,26;-7,05
14,10.2019 15:44:59;34.4;2.52;319.6;601.3830805470587;307.12;Module 1,1_10;637.43;86,69;32,44;2,88;93,48;-6,79
14,10.2019 15:46:52;34.4;2.43;319.6;601.2628004154628;307.28;Module 1,1_10;637.43;83,59;32,44;2,88;93,46;-9,86
14,10.2019 15:48:45;34.7;2.37;322.2;596.3098554771964;307.28;Module 1,1_10;632.31;82,24;31,97;2,86;91,34;-9,10
14,10.2019 15:50:39;34.8;2.4;322.2;586.5261283731659;307.21;Module 1,1_10;622.07;83,52;31,97;2,81;89,81;-6,29
14,10.2019 15:52:32;34.6;2.35;322.2;581.5698581050949;307.08;Module 1,1_10;616.95;81,31;31,97;2,78;89,03;-7,72
14,10.2019 15:54:25;35;2.33;322.2;581.4367387023567;307.05;Module 1,1_10;616.95;81,55;31,97;2,78;89,01;-7,46
14,10.2019 15:56:20;34.8;2.31;322.2;576.4726291398243;307.25;Module 1,1_10;611.83;80,39;31,97;2,76;88,23;-7,84
14,10.2019 15:58:13;34.9;2.28;322.2;571.5087733991045;307.38;Module 1,1_10;606.71;79,57;31,97;2,74;87,45;-7,88
14,10.2019 16:00:08;34.9;2.25;322.2;564.1293642748926;307.39;Module 1,1_10;599.03;78,52;31,97;2,70;86,29;-7,76
14,10.2019 16:02:05;35;2.21;322.2;561.5667767374539;307.42;Module 1,1_10;596.47;77,35;31,97;2,69;85,88;-8,53
14,10.2019 16:03:58;35;2.16;322.2;556.5963766787947;307.4;Module 1,1_10;591.35;75,60;31,97;2,66;85,10;-9,50
14,10.2019 16:05:54;35;2.17;322.2;551.6197343107513;307.3;Module 1,1_10;586.23;75,95;31,97;2,64;84,32;-8,37
14,10.2019 16:07:53;35;2.11;319.6;546.6365706827463;306.98;Module 1,1_10;581.11;73,85;32,43;2,61;84,74;-10,89
14,10.2019 16:09:55;36.3;1.06;319.6;539.2392291667632;306.85;Module 1,1_10;573.43;38,48;32,43;2,58;83,56;-45,08
14,10.2019 16:11:48;38.5;0.37;322.2;531.8540081414604;306.89;Module 1,1_10;565.75;14,24;31,96;2,54;81,20;-66,95
14,10.2019 16:13:41;38.5;0.37;322.2;529.2799715165686;307.03;Module 1,1_10;563.19;14,24;31,96;2,53;80,79;-66,55
14,10.2019 16:15:36;38.4;0.36;322.2;524.2941867638714;307.17;Module 1,1_10;558.07;13,82;31,95;2,50;80,00;-66,18
14,10.2019 16:17:31;38.3;0.35;322.2;521.7104617000281;307.33;Module 1,1_10;555.51;13,40;31,95;2,49;79,60;-66,19
14,10.2019 16:19:24;38.3;0.34;322.2;516.7226934546896;307.4;Module 1,1_10;550.39;13,02;31,95;2,47;78,81;-65,79
14,10.2019 16:21:29;38.2;0.34;322.2;509.31064588324125;307.57;Module 1,1_10;542.71;12,99;31,95;2,43;77,63;-64,65
14,10.2019 16:23:39;38.2;0.33;322.2;504.2906829922637;307.72;Module 1,1_10;537.59;12,61;31,95;2,41;76,84;-64,23
14,10.2019 16:25:31;38.2;0.33;322.2;499.29835661804645;307.67;Module 1,1_10;532.47;12,61;31,95;2,38;76,05;-63,44
14,10.2019 16:27:27;38.2;0.32;322.7;489.49795154741764;307.55;Module 1,1_10;522.23;12,22;31,84;2,33;74,29;-62,06
14,10.2019 16:29:20;38.2;0.32;322.7;482.1031238533413;307.33;Module 1,1_10;514.55;12,22;31,84;2,30;73,12;-60,89
14,10.2019 16:31:16;38.2;0.31;322.7;474.7029498636779;307.08;Module 1,1_10;506.87;11,84;31,84;2,26;71,94;-60,10
14,10.2019 16:33:09;38.2;0.31;322.7;469.70467656303805;306.71;Module 1,1_10;501.75;11,84;31,83;2,24;71,15;-59,31
14,10.2019 16:35:07;38.3;0.3;322.7;467.0905458914892;306.45;Module 1,1_10;499.19;11,49;31,83;2,22;70,74;-59,25
14,10.2019 16:36:50;38.3;0.3;322.2;462.1062039606413;306.31;Module 1,1_10;494.07;11,49;31,91;2,20;70,14;-58,65
14,10.2019 16:38:47;38.3;0.3;322.2;457.0934215724374;306.35;Module 1,1_10;488.95;11,49;31,91;2,17;69,35;-57,86
14,10.2019 16:40:40;37.5;0.3;322.2;449.69425851065967;306.47;Module 1,1_10;481.27;11,25;31,90;2,14;68,17;-56,92
14,10.2019 16:42:34;36;0.29;322.2;444.6843611083101;306.58;Module 1,1_10;476.15;10,44;31,90;2,11;67,37;-56,93
14,10.2019 16:44:29;34.4;0.29;322.2;439.6703997169237;306.52;Module 1,1_10;471.03;9,98;31,89;2,09;66,57;-56,60
14,10.2019 16:46:31;33.5;0.29;318.1;429.8633168683348;306.24;Module 1,1_10;460.79;9,71;32,62;2,04;66,49;-56,77
14,10.2019 16:48:17;32.6;0.28;318.1;422.479604130691;306.22;Module 1,1_10;453.11;9,13;32,61;2,00;65,28;-56,16
14,10.2019 16:50:14;31.6;0.27;318.1;417.45927159420324;306.21;Module 1,1_10;447.99;8,53;32,60;1,98;64,46;-55,93
14,10.2019 16:52:10;31.9;0.28;314.1;414.8230455128744;306.21;Module 1,1_10;445.43;8,93;33,32;1,96;65,41;-56,48
14,10.2019 16:54:03;32;0.27;314.1;407.42321152996374;306.18;Module 1,1_10;437.75;8,64;33,30;1,93;64,17;-55,53
14,10.2019 16:56:05;32.2;0.27;310.6;400.0041625131437;305.94;Module 1,1_10;430.07;8,69;33,92;1,89;64,08;-55,39
14,10.2019 16:57:59;32.4;0.27;310.6;394.9835722889995;305.68;Module 1,1_10;424.95;8,75;33,91;1,86;63,23;-54,48
14,10.2019 16:59:51;32.5;0.26;310.6;387.5878743163245;305.51;Module 1,1_10;417.27;8,45;33,90;1,83;61,97;-53,52
14,10.2019 17:01:45;32.4;0.26;310.6;382.5652115696846;305.52;Module 1,1_10;412.15;8,42;33,89;1,80;61,11;-52,69
14,10.2019 17:03:40;32.3;0.26;310.6;375.1637411912162;305.61;Module 1,1_10;404.47;8,40;33,88;1,77;59,85;-51,46
14,10.2019 17:05:34;32.2;0.25;308.1;370.13904899153823;305.44;Module 1,1_10;399.35;8,05;34,31;1,74;59,74;-51,69
14,10.2019 17:07:31;32.3;0.25;308.1;362.73413319129116;304.83;Module 1,1_10;391.67;8,07;34,30;1,70;58,47;-50,39
14,10.2019 17:09:24;32.2;0.25;306;357.7100443410881;304.42;Module 1,1_10;386.55;8,05;34,66;1,68;58,20;-50,15
14,10.2019 17:11:19;32.1;0.25;306;352.679082735919;304.17;Module 1,1_10;381.43;8,03;34,66;1,65;57,32;-49,30
14,10.2019 17:13:22;32;0.25;306;347.6250560484079;304.01;Module 1,1_10;376.31;8,00;34,64;1,63;56,44;-48,44
14,10.2019 17:15:23;32;0.25;304;340.2109781673992;303.9;Module 1,1_10;368.63;8,00;34,98;1,59;55,68;-47,68
14,10.2019 17:17:18;32.1;0.24;304;332.8152134225917;303.89;Module 1,1_10;360.95;7,70;34,96;1,56;54,38;-46,68
14,10.2019 17:19:17;32.1;0.23;304;327.7691476646804;303.92;Module 1,1_10;355.83;7,38;34,95;1,53;53,49;-46,11
14,10.2019 17:21:17;32.1;0.23;304;318.0065902640033;303.82;Module 1,1_10;345.59;7,38;34,92;1,48;51,77;-44,39
14,10.2019 17:23:12;32.1;0.23;304;312.97228517357814;303.85;Module 1,1_10;340.47;7,38;34,91;1,46;50,88;-43,50
14,10.2019 17:25:11;32.1;0.23;302.5;307.92459610568756;303.82;Module 1,1_10;335.35;7,38;35,16;1,43;50,35;-42,97
14,10.2019 17:27:10;32.2;0.22;302.5;298.3897609086485;303.82;Module 1,1_10;325.34;7,08;35,13;1,39;48,66;-41,57
14,10.2019 17:29:06;32;0.23;302.5;292.21600780272934;303.79;Module 1,1_10;318.98;7,36;35,11;1,35;47,56;-40,20
14,10.2019 17:30:59;32.1;0.22;302.5;284.7073507215592;303.67;Module 1,1_10;311.15;7,06;35,08;1,32;46,22;-39,16
14,10.2019 17:32:53;32.1;0.22;302.5;279.73188970050666;303.47;Module 1,1_10;306.09;7,06;35,06;1,29;45,34;-38,28
14,10.2019 17:34:45;32.3;0.21;302;272.2421493253001;303.35;Module 1,1_10;298.27;6,78;35,12;1,26;44,11;-37,33
14,10.2019 17:36:49;32;0.21;302;267.78226001408433;303.42;Module 1,1_10;293.81;6,72;35,10;1,23;43,32;-36,60
14,10.2019 17:38:42;32;0.21;302;260.5052724201999;303.46;Module 1,1_10;286.22;6,72;35,07;1,20;42,02;-35,30
14,10.2019 17:40:34;32;0.21;302;252.56439833663703;303.38;Module 1,1_10;277.89;6,72;35,03;1,16;40,61;-33,89
14,10.2019 17:42:29;31.7;0.21;302;245.83751363140186;303.36;Module 1,1_10;270.9;6,66;35,00;1,13;39,41;-32,76
14,10.2019 17:44:23;31.5;0.21;302;239.99725333335226;303.45;Module 1,1_10;264.88;6,61;34,97;1,10;38,37;-31,76
14,10.2019 17:46:15;31.2;0.21;302;233.93062132440681;303.47;Module 1,1_10;258.6;6,55;34,94;1,07;37,29;-30,74
14,10.2019 17:48:18;31;0.21;300.5;226.48338647713103;303.56;Module 1,1_10;250.83;6,51;35,16;1,03;36,22;-29,71
14,10.2019 17:50:15;30.6;0.21;300.5;220.16411191676835;303.56;Module 1,1_10;244.28;6,43;35,13;1,00;35,09;-28,66
14,10.2019 17:52:20;30;0.21;300;213.14562952467023;303.41;Module 1,1_10;236.98;6,30;35,17;0,96;33,91;-27,61
14,10.2019 17:54:13;29.8;0.21;300;206.89546319249692;303.26;Module 1,1_10;230.48;6,26;35,13;0,93;32,79;-26,53
14,10.2019 17:56:07;29.4;0.21;300;200.39605098028164;303.18;Module 1,1_10;223.7;6,17;35,09;0,90;31,63;-25,45
14,10.2019 17:58:04;29.2;0.21;300;195.14343126597896;303.13;Module 1,1_10;218.32;6,13;35,05;0,88;30,69;-24,55
14,10.2019 17:59:57;29.1;0.2;300;188.7479990669345;302.99;Module 1,1_10;211.64;5,82;34,99;0,84;29,54;-23,72
14,10.2019 18:01:50;28.4;0.2;300;182.3688677856868;302.74;Module 1,1_10;204.97;5,68;34,94;0,81;28,40;-22,72
14,10.2019 18:03:43;28.2;0.2;300;176.98287194569207;302.63;Module 1,1_10;199.41;5,64;34,89;0,79;27,44;-21,80
14,10.2019 18:05:36;27.5;0.2;300;171.2551537307855;302.5;Module 1,1_10;193.46;5,50;34,84;0,76;26,42;-20,92
14,10.2019 18:07:59;26.7;0.2;298.5;163.0268132879351;302.32;Module 1,1_10;184.81;5,34;35,02;0,72;25,12;-19,78
14,10.2019 18:10:05;26.1;0.19;298.5;156.59283672939972;302.09;Module 1,1_10;178.1;4,96;34,96;0,69;23,96;-19,01
14,10.2019 18:11:58;25.8;0.19;298;149.8382426075224;301.85;Module 1,1_10;170.95;4,90;34,97;0,65;22,81;-17,90
14,10.2019 18:13:50;25.4;0.19;298;146.3178038297259;301.7;Module 1,1_10;167.48;4,83;34,93;0,63;22,17;-17,35
14,10.2019 18:15:43;25.3;0.19;298;140.50590697263019;301.44;Module 1,1_10;161.39;4,81;34,85;0,61;21,13;-16,33
14,10.2019 18:17:40;25;0.18;298;135.13694992402873;301.31;Module 1,1_10;155.82;4,50;34,78;0,58;20,17;-15,67
14,10.2019 18:19:33;25.2;0.18;298;129.2233452689101;301.17;Module 1,1_10;149.59;4,54;34,70;0,55;19,12;-14,58
14,10.2019 18:21:29;25.3;0.18;298;123.2828892103327;301.09;Module 1,1_10;143.33;4,55;34,60;0,52;18,06;-13,51
14,10.2019 18:23:23;25.2;0.17;298;116.45863947883439;300.99;Module 1,1_10;136.01;4,28;34,48;0,49;16,85;-12,56
14,10.2019 18:25:18;24.5;0.17;298;110.54051605765795;300.89;Module 1,1_10;129.73;4,17;34,37;0,46;15,80;-11,64
14,10.2019 18:27:15;24.8;0.17;296.5;104.15590221056313;300.84;Module 1,1_10;122.89;4,22;34,51;0,43;14,76;-10,55
14,10.2019 18:29:08;24.4;0.17;296.5;99.31656275308337;300.81;Module 1,1_10;117.83;4,15;34,40;0,40;13,90;-9,76
14,10.2019 18:31:04;26;0.16;296.5;93.42500773097939;300.74;Module 1,1_10;111.52;4,16;34,25;0,38;12,86;-8,70
14,10.2019 18:32:57;30.3;0.15;296.5;76.52813693858704;300.6;Module 1,1_10;91.94;4,54;33,72;0,29;9,90;-5,35
14,10.2019 18:34:56;32;0.14;296.5;25.350206857224777;300.28;Module 1,1_10;30.68;4,48;23,90;0,07;1,58;2,90
14,10.2019 18:36:49;30.6;0.14;298.5;25.46195840738535;299.89;Module 1,1_10;31.05;4,28;23,98;0,07;1,59;2,69
14,10.2019 18:39:00;30.5;0.13;298.5;25.469133105410855;299.34;Module 1,1_10;31.36;3,97;23,98;0,07;1,59;2,37
14,10.2019 18:40:52;30.6;0.13;298.5;24.61099459324386;298.98;Module 1,1_10;30.58;3,98;23,23;0,06;1,49;2,49
14,10.2019 18:42:47;30.8;0.12;298.5;23.539412838123127;298.6;Module 1,1_10;29.55;3,70;22,26;0,06;1,36;2,33
14,10.2019 18:44:45;30.3;0.12;298.5;22.32982307844694;298.25;Module 1,1_10;28.36;3,64;21,14;0,06;1,23;2,41
14,10.2019 18:46:49;30.6;0.12;298.5;21.44384514252701;297.95;Module 1,1_10;27.61;3,67;20,31;0,06;1,13;2,54
14,10.2019 18:48:41;30.5;0.11;298.5;20.33672931066721;297.67;Module 1,1_10;26.55;3,35;19,27;0,05;1,02;2,34
14,10.2019 18:50:36;30.4;0.1;298.5;19.380747021027;297.42;Module 1,1_10;25.71;3,04;18,38;0,05;0,92;2,12
14,10.2019 18:52:29;30.3;0.1;298.5;18.49066494032773;297.22;Module 1,1_10;24.97;3,03;17,53;0,05;0,84;2,19
14,10.2019 18:54:47;30.3;0.1;298;17.36603494220179;296.99;Module 1,1_10;24.05;3,03;16,46;0,05;0,74;2,29
14,10.2019 18:56:44;30;0.09;298;16.477732838037536;296.84;Module 1,1_10;23.4;2,70;15,62;0,04;0,67;2,03
14,10.2019 18:58:37;29.6;0.09;298;15.24297055423921;296.67;Module 1,1_10;22.27;2,66;14,45;0,04;0,57;2,09
14,10.2019 19:00:29;29.8;0.09;298;14.081822560977415;296.51;Module 1,1_10;21.27;2,68;13,35;0,04;0,49;2,19
14,10.2019 19:02:23;29.6;0.08;298;12.801103136120862;296.4;Module 1,1_10;20.14;2,37;12,13;0,03;0,40;1,97
14,10.2019 19:04:16;29.3;0.08;298;11.213745502652841;296.26;Module 1,1_10;18.54;2,34;10,63;0,03;0,31;2,03
14,10.2019 19:06:09;29.2;0.08;298;10.001342838003671;296.14;Module 1,1_10;17.6;2,34;9,48;0,03;0,25;2,09
14,10.2019 19:08:04;28.9;0.07;298;8.648114287671817;296.03;Module 1,1_10;16.53;2,02;8,20;0,02;0,18;1,84
14,10.2019 19:10:09;28.6;0.07;298;6.942153221109692;295.9;Module 1,1_10;15.03;2,00;6,58;0,02;0,12;1,88
14,10.2019 19:12:02;29.4;0;298;5.499496302816013;295.82;Module 1,1_10;14.07;0,00;5,21;0,01;0,07;-0,07
14,10.2019 19:13:57;28.3;0;298;3.8600910850347248;295.73;Module 1,1_10;13.04;0,00;3,66;0,01;0,04;-0,04
14,10.2019 19:15:50;29.9;0;296.5;2.1708959143549404;295.63;Module 1,1_10;11.3;0,00;2,05;0,01;0,01;-0,01
14,10.2019 19:17:43;30.5;0;296.5;1.8385375133076796;295.53;Module 1,1_10;9.57;0,00;1,74;0,00;0,01;-0,01
14,10.2019 19:19:37;30.5;0;298;1.6156844813915971;295.42;Module 1,1_10;8.41;0,00;1,53;0,00;0,01;-0,01
14,10.2019 19:21:31;31.3;0;298;1.269878052556297;295.31;Module 1,1_10;6.61;0,00;1,20;0,00;0,00;-0,00
14,10.2019 19:23:14;32.6;0;298;1.1161863064072746;295.21;Module 1,1_10;5.81;0,00;1,05;0,00;0,00;-0,00
14,10.2019 19:25:21;27.8;0;298;0.9106235959329573;295.09;Module 1,1_10;4.74;0,00;0,87;0,00;0,00;-0,00
14,10.2019 19:27:14;27.8;0;298;0.0001;294.99;Module 1,1_10;4.13;0,00;0,00;0,00;0,00;0,00
14,10.2019 19:29:07;30;0;296.5;0.0001;294.89;Module 1,1_10;3.07;0,00;0,00;0,00;0,00;0,00
14,10.2019 19:30:59;29.5;0;296.5;0.0001;294.81;Module 1,1_10;1.7;0,00;0,00;0,00;0,00;0,00
14,10.2019 19:32:52;27.7;0;296;0.0001;294.71;Module 1,1_10;0.75;0,00;0,00;0,00;0,00;0,00
14,10.2019 19:34:46;22.4;0;296;0.0001;294.57;Module 1,1_10;-0.01;0,00;0,00;0,00;0,00;0,00
14,10.2019 19:36:38;22.4;0;296;0.0001;294.48;Module 1,1_10;-0.01;0,00;0,00;0,00;0,00;0,00
14,10.2019 19:38:36;22.4;0;296;0.0001;294.42;Module 1,1_10;-0.01;0,00;0,00;0,00;0,00;0,00
15,10.2019 08:47:30;28.9;0;282.4;8.346798745357908;282.76;Module 1,1_10;11.54;0,00;7,87;0,02;0,17;-0,17
15,10.2019 08:49:22;29.5;0;282.4;9.512178065244834;282.75;Module 1,1_10;12.98;0,00;8,96;0,02;0,22;-0,22
15,10.2019 08:51:26;30.1;0;283.9;10.523171239960755;282.69;Module 1,1_10;14.17;0,00;9,92;0,03;0,27;-0,27
15,10.2019 08:53:19;30.1;0.07;283.9;11.67724195573003;282.63;Module 1,1_10;15.55;2,11;11,01;0,03;0,33;1,78
15,10.2019 08:55:13;29.5;0.08;283.9;13.218117413170592;282.59;Module 1,1_10;17.42;2,36;12,46;0,03;0,42;1,94
15,10.2019 08:57:10;29.5;0.09;283.9;14.928005464357652;282.61;Module 1,1_10;19.48;2,65;14,07;0,04;0,54;2,11
15,10.2019 08:59:03;29.6;0.1;283.9;15.741412245215725;282.63;Module 1,1_10;20.36;2,96;14,84;0,04;0,60;2,36
15,10.2019 09:00:56;29.8;0.1;284.4;16.9403076267284;282.6;Module 1,1_10;21.73;2,98;15,98;0,04;0,70;2,28
15,10.2019 09:02:48;30;0.11;284.4;18.97985343009242;282.62;Module 1,1_10;24.16;3,30;17,90;0,05;0,88;2,42
15,10.2019 09:04:44;30.2;0.12;284.4;20.989629788785262;282.7;Module 1,1_10;26.52;3,62;19,79;0,05;1,07;2,55
15,10.2019 09:06:56;30.4;0.13;284.4;22.52856385576829;282.75;Module 1,1_10;28.24;3,95;21,23;0,06;1,23;2,72
15,10.2019 09:08:48;32.7;0.12;284.4;24.348555926879243;282.79;Module 1,1_10;30.33;3,92;22,95;0,06;1,44;2,48
15,10.2019 09:10:41;33.5;0.13;285.9;26.12612615449842;282.89;Module 1,1_10;32.35;4,36;24,60;0,07;1,66;2,69
15,10.2019 09:12:36;33.5;0.14;285.9;27.763282389963663;282.95;Module 1,1_10;34.18;4,69;26,08;0,07;1,88;2,81
15,10.2019 09:14:44;33.7;0.15;285.9;30.11313303209664;283.11;Module 1,1_10;36.85;5,06;28,04;0,08;2,20;2,85
15,10.2019 09:16:39;33.9;0.16;286.4;31.442099653004828;283.23;Module 1,1_10;38.28;5,42;28,98;0,08;2,40;3,02
15,10.2019 09:18:32;34.2;0.16;286.4;32.26907521146149;283.28;Module 1,1_10;39.1;5,47;29,50;0,09;2,53;2,95
15,10.2019 09:20:26;34.3;0.17;287.4;35.161069097591124;283.32;Module 1,1_10;42.41;5,83;30,83;0,10;2,98;2,85
15,10.2019 09:23:18;34.5;0.18;287.4;38.118124417529145;283.39;Module 1,1_10;45.68;6,21;31,79;0,11;3,46;2,75
15,10.2019 09:25:10;34.7;0.19;287.4;40.984039306312184;283.46;Module 1,1_10;48.92;6,59;32,45;0,12;3,93;2,66
15,10.2019 09:27:04;34.8;0.19;287.4;59.86314112510948;283.53;Module 1,1_10;71.18;6,61;34,52;0,21;7,21;-0,60
15,10.2019 09:29:03;34.4;0.21;287.4;106.35771633788977;283.68;Module 1,1_10;125.98;7,22;36,19;0,43;15,70;-8,48
15,10.2019 09:30:56;34.4;0.19;287.4;78.52553850543481;283.88;Module 1,1_10;92.69;6,54;35,42;0,30;10,58;-4,04
15,10.2019 09:32:49;34.2;0.22;287.4;125.63990246522837;284.03;Module 1,1_10;147.81;7,52;36,54;0,53;19,30;-11,77
15,10.2019 09:34:41;35.1;0.22;287.4;130.71902393630967;284.28;Module 1,1_10;153.3;7,72;36,61;0,55;20,25;-12,53
15,10.2019 09:36:47;35.7;0.22;287.4;132.89282101329863;284.49;Module 1,1_10;155.32;7,85;36,65;0,56;20,66;-12,80
15,10.2019 09:38:47;35.2;0.24;287.4;145.16630395448885;284.69;Module 1,1_10;169.14;8,45;36,80;0,62;22,96;-14,51
15,10.2019 09:40:40;35.2;0.25;287.4;155.11784124438108;284.89;Module 1,1_10;180.23;8,80;36,92;0,67;24,84;-16,04
15,10.2019 09:42:33;36.2;0.25;287.4;159.2722851984926;285.06;Module 1,1_10;184.56;9,05;36,97;0,69;25,62;-16,57
15,10.2019 09:44:26;38.2;0.27;287.4;170.49139535734423;285.21;Module 1,1_10;197.05;10,31;37,08;0,75;27,74;-17,43
15,10.2019 09:46:19;39.4;0.3;290.4;178.44522880583628;285.35;Module 1,1_10;205.73;11,82;36,62;0,79;28,88;-17,06
15,10.2019 09:48:13;39.7;0.3;290.4;187.6590993849789;285.4;Module 1,1_10;215.83;11,91;36,70;0,83;30,61;-18,70
15,10.2019 09:50:05;30.1;0.35;289.9;195.37489235913932;285.42;Module 1,1_10;224.19;10,54;36,84;0,87;32,12;-21,58
15,10.2019 09:51:58;26.3;0.57;289.9;202.693355683824;285.53;Module 1,1_10;232.07;14,99;36,90;0,91;33,49;-18,50
15,10.2019 09:53:57;26.1;0.6;289.9;210.0769108680503;285.64;Module 1,1_10;239.98;15,66;36,95;0,94;34,88;-19,22
15,10.2019 09:55:51;26.3;0.58;286.4;218.68357720004084;285.73;Module 1,1_10;249.29;15,25;37,62;0,98;37,04;-21,78
15,10.2019 09:57:44;26.3;0.61;286.4;227.56004149538487;285.83;Module 1,1_10;258.89;16,04;37,67;1,03;38,73;-22,69
15,10.2019 09:59:37;26.2;0.65;287.4;233.88379265994024;285.94;Module 1,1_10;265.57;17,03;37,53;1,06;39,78;-22,75
15,10.2019 10:01:29;28.4;0.7;287.4;240.30903948218068;286.18;Module 1,1_10;272.36;19,88;37,56;1,09;41,00;-21,12
15,10.2019 10:03:22;29.6;0.7;287.4;247.11777104337378;286.4;Module 1,1_10;279.57;20,72;37,59;1,13;42,29;-21,57
15,10.2019 10:05:25;33.1;0.68;288.4;254.76261634520512;286.65;Module 1,1_10;287.67;22,51;37,45;1,16;43,57;-21,06
15,10.2019 10:07:18;39.5;0.7;288.4;258.0686320606681;286.71;Module 1,1_10;290.91;27,65;37,47;1,18;44,19;-16,54
15,10.2019 10:10:55;40.1;0.63;294.5;267.2808623106448;287.11;Module 1,1_10;300.36;25,26;36,43;1,23;44,74;-19,48
15,10.2019 10:12:49;40.1;0.68;294.5;271.02249732070527;287.39;Module 1,1_10;304.09;27,27;36,45;1,25;45,43;-18,16
15,10.2019 10:14:42;39.9;0.79;296.5;274.84793323643055;287.56;Module 1,1_10;307.92;31,52;36,11;1,27;45,72;-14,20
15,10.2019 10:16:35;39.3;0.99;296.5;279.619462256212;287.73;Module 1,1_10;312.81;38,91;36,13;1,29;46,60;-7,69
15,10.2019 10:18:55;39.3;1.03;296.5;285.69546576771586;288.01;Module 1,1_10;319.05;40,48;36,15;1,32;47,71;-7,23
15,10.2019 10:20:48;38.6;1.03;296.5;290.6941448056027;288.24;Module 1,1_10;324.19;39,76;36,16;1,34;48,62;-8,86
15,10.2019 10:22:44;39.1;1.09;296.5;296.51288108099493;288.5;Module 1,1_10;330.23;42,62;36,19;1,37;49,68;-7,07
15,10.2019 10:25:07;38.9;1.03;298;303.90135565804474;288.75;Module 1,1_10;337.91;40,07;35,95;1,41;50,69;-10,62
15,10.2019 10:27:02;39.4;1.08;298;311.20140529617174;289;Module 1,1_10;345.59;42,55;35,97;1,45;52,01;-9,46
15,10.2019 10:29:47;38.5;1.05;298.5;320.9844022960835;289.25;Module 1,1_10;355.83;40,43;35,91;1,49;53,67;-13,24
15,10.2019 10:31:40;39.3;1.12;298.5;332.9170479717426;289.47;Module 1,1_10;368.63;44,02;35,94;1,55;55,83;-11,81
15,10.2019 10:33:33;39.1;1.08;298.5;340.2371639959205;289.56;Module 1,1_10;376.31;42,23;35,95;1,59;57,15;-14,92
15,10.2019 10:35:26;39.4;1.04;300;347.56310483241293;289.71;Module 1,1_10;383.99;40,98;35,71;1,63;58,07;-17,09
15,10.2019 10:37:21;39.4;1.26;300;354.9012679867317;289.91;Module 1,1_10;391.67;49,64;35,73;1,66;59,39;-9,74
15,10.2019 10:39:17;38;1.7;300;362.2480038269386;290.2;Module 1,1_10;399.35;64,60;35,74;1,70;60,71;3,89
15,10.2019 10:41:10;36.1;1.73;300;369.5899044902743;290.43;Module 1,1_10;407.03;62,45;35,75;1,73;62,03;0,43
15,10.2019 10:43:03;36.1;1.72;300;376.93671343600926;290.63;Module 1,1_10;414.71;62,09;35,77;1,77;63,34;-1,25
15,10.2019 10:44:56;37.1;1.87;300;384.28822561049486;290.66;Module 1,1_10;422.39;69,38;35,78;1,81;64,66;4,71
15,10.2019 10:47:05;35.9;1.89;300;389.36417757682966;290.76;Module 1,1_10;427.51;67,85;35,79;1,83;65,57;2,28
15,10.2019 10:49:00;35.9;1.91;300;399.0621691512491;290.91;Module 1,1_10;437.75;68,57;35,80;1,88;67,31;1,26
15,10.2019 10:50:57;35.9;1.94;300;404.10307184190276;291.01;Module 1,1_10;442.87;69,65;35,81;1,90;68,21;1,43
15,10.2019 10:52:56;35.9;1.96;300;411.48782893535326;291.12;Module 1,1_10;450.55;70,36;35,82;1,94;69,54;0,83
15,10.2019 10:54:50;35.8;2.01;300;418.860628889259;291.14;Module 1,1_10;458.23;71,96;35,83;1,98;70,86;1,10
15,10.2019 10:56:43;35.9;2.01;300;426.2339761001086;291.24;Module 1,1_10;465.91;72,16;35,84;2,01;72,18;-0,02
15,10.2019 10:58:36;36.2;1.87;300;435.95473624702595;291.43;Module 1,1_10;476.15;67,69;35,84;2,06;73,91;-6,22
15,10.2019 11:00:29;37.6;1.72;302;438.64533801664913;291.56;Module 1,1_10;478.71;64,67;35,50;2,08;73,70;-9,02
15,10.2019 11:02:30;35.9;2.11;302;448.398768929651;291.87;Module 1,1_10;488.95;75,75;35,51;2,12;75,42;0,33
15,10.2019 11:04:27;35.9;2.17;302;453.44765728560105;292.09;Module 1,1_10;494.07;77,90;35,51;2,15;76,31;1,59
15,10.2019 11:06:20;35.7;2.05;302;458.48394345859566;292.28;Module 1,1_10;499.19;73,19;35,52;2,17;77,20;-4,02
15,10.2019 11:08:21;37.5;1.65;302;465.8960806798764;292.36;Module 1,1_10;506.87;61,88;35,52;2,21;78,51;-16,64
15,10.2019 11:10:14;38.2;1.61;302.5;470.9326832362887;292.56;Module 1,1_10;511.99;61,50;35,44;2,24;79,21;-17,71
15,10.2019 11:12:07;38;1.64;302.5;478.3250246786089;292.72;Module 1,1_10;519.67;62,32;35,45;2,27;80,52;-18,20
15,10.2019 11:14:00;38.2;1.63;303.5;485.71992779684615;292.99;Module 1,1_10;527.35;62,27;35,27;2,31;81,42;-19,16
15,10.2019 11:15:53;38.3;1.51;303.5;493.1172764937592;293.06;Module 1,1_10;535.03;57,83;35,27;2,35;82,72;-24,89
15,10.2019 11:17:47;38.3;1.58;303.5;498.1587854259192;293.11;Module 1,1_10;540.15;60,51;35,27;2,37;83,60;-23,09
15,10.2019 11:19:46;35.7;2.39;303.5;503.21330808319203;293.28;Module 1,1_10;545.27;85,32;35,28;2,39;84,48;0,84
15,10.2019 11:22:39;35.4;2.38;306;510.7779951945224;293.58;Module 1,1_10;552.95;84,25;34,84;2,43;84,77;-0,52
15,10.2019 11:24:31;35.5;2.38;306;520.543327951753;293.92;Module 1,1_10;563.19;84,49;34,84;2,48;86,45;-1,96
15,10.2019 11:26:30;35.1;2.49;306;520.8618932472868;294.14;Module 1,1_10;563.19;87,40;34,84;2,48;86,51;0,89
15,10.2019 11:28:28;35;2.49;306;528.2779561570685;294.46;Module 1,1_10;570.87;87,15;34,84;2,52;87,78;-0,63
15,10.2019 11:30:21;35.2;2.24;306;533.3122969518796;294.54;Module 1,1_10;575.99;78,85;34,84;2,54;88,65;-9,80
15,10.2019 11:32:26;36.5;2.36;306;540.7482823750262;294.64;Module 1,1_10;583.67;86,14;34,85;2,58;89,93;-3,79
15,10.2019 11:34:22;35;2.56;306;543.4164012753351;294.95;Module 1,1_10;586.23;89,60;34,85;2,59;90,39;-0,79
15,10.2019 11:36:40;35.2;2.58;306.5;550.884585894387;295.36;Module 1,1_10;593.91;90,82;34,76;2,63;91,45;-0,63
15,10.2019 11:38:33;34.6;2.68;306.5;555.9155000050906;295.57;Module 1,1_10;599.03;92,73;34,76;2,66;92,31;0,42
15,10.2019 11:40:27;34.6;2.69;308.1;563.3248808985784;295.39;Module 1,1_10;606.71;93,07;34,48;2,69;92,84;0,24
15,10.2019 11:42:38;34.5;2.79;308.1;570.7768673815019;295.34;Module 1,1_10;614.39;96,25;34,48;2,73;94,10;2,16
15,10.2019 11:44:32;34.4;2.74;308.1;573.4297096472894;295.27;Module 1,1_10;616.95;94,26;34,48;2,74;94,55;-0,29
15,10.2019 11:46:26;34.5;2.79;308.1;580.8403336743307;295.36;Module 1,1_10;624.63;96,25;34,48;2,78;95,81;0,45
15,10.2019 11:48:19;34.6;2.81;310.1;583.4865298743842;295.43;Module 1,1_10;627.19;97,23;34,13;2,79;95,29;1,94
15,10.2019 11:50:34;34.5;2.85;310.1;590.9456408630988;295.35;Module 1,1_10;634.87;98,33;34,13;2,83;96,54;1,79
15,10.2019 11:52:34;34.5;2.84;310.1;595.9866968057337;295.5;Module 1,1_10;639.99;97,98;34,13;2,85;97,38;0,60
15,10.2019 11:54:29;34.5;2.89;308.1;598.6300912809345;295.35;Module 1,1_10;642.55;99,70;34,48;2,87;98,82;0,89
15,10.2019 11:56:22;34.6;2.95;308.1;603.6519178048222;295.34;Module 1,1_10;647.67;102,07;34,48;2,89;99,67;2,40
15,10.2019 11:58:30;34.5;2.95;308.6;611.092461821737;295.42;Module 1,1_10;655.35;101,78;34,38;2,93;100,67;1,11
15,10.2019 12:00:23;34.3;2.94;308.6;617.5213258891181;295.46;Module 1,1_10;661.98;100,84;34,38;2,96;101,75;-0,91
15,10.2019 12:02:15;34.3;3;308.6;620.5978652635185;295.62;Module 1,1_10;665.02;102,90;34,38;2,97;102,27;0,63
15,10.2019 12:04:09;34.3;3.02;308.6;623.1159131496338;295.6;Module 1,1_10;667.46;103,59;34,38;2,99;102,69;0,89
15,10.2019 12:06:19;34.2;3.08;308.6;630.4270101804977;295.74;Module 1,1_10;675;105,34;34,38;3,02;103,92;1,41
15,10.2019 12:08:13;34.3;3.1;310.1;636.3784487186471;295.85;Module 1,1_10;681.12;106,33;34,11;3,05;104,13;2,20
15,10.2019 12:10:08;34.3;3.11;310.1;643.2193076230963;295.89;Module 1,1_10;688.19;106,67;34,11;3,09;105,27;1,41
15,10.2019 12:12:06;34.3;3.12;310.1;639.4072395454231;295.97;Module 1,1_10;683.86;107,02;34,11;3,07;104,63;2,38
15,10.2019 12:14:03;34.3;3.09;310.1;656.7519684900208;296.07;Module 1,1_10;702.16;105,99;34,10;3,15;107,52;-1,53
15,10.2019 12:15:56;34.3;2.93;310.1;613.1760286688801;296.18;Module 1,1_10;655.35;100,50;34,12;2,94;100,26;0,24
15,10.2019 12:17:48;34.3;3.02;310.1;613.3770200433485;296.38;Module 1,1_10;655.35;103,59;34,12;2,94;100,29;3,30
15,10.2019 12:19:47;34.2;3.14;310.1;670.5490238717149;296.41;Module 1,1_10;716.19;107,39;34,09;3,22;109,81;-2,42
15,10.2019 12:21:46;34.2;2.68;310.6;549.0542100285204;296.33;Module 1,1_10;586.23;91,66;34,04;2,62;89,28;2,38
15,10.2019 12:23:42;35.4;3.13;310.6;658.8162398091598;296.37;Module 1,1_10;703.2;110,80;34,02;3,16;107,59;3,22
15,10.2019 12:25:38;34.2;3.17;310.6;664.129176548498;296.45;Module 1,1_10;708.65;108,41;34,02;3,19;108,47;-0,05
15,10.2019 12:27:34;34.2;3.47;310.6;708.7486926353102;296.75;Module 1,1_10;756.03;118,67;33,98;3,41;115,83;2,84
15,10.2019 12:29:27;34.2;3.36;310.6;711.7118449830617;297.17;Module 1,1_10;758.97;114,91;33,98;3,42;116,32;-1,41
15,10.2019 12:31:21;34.3;3.49;310.6;731.0704230979103;297.39;Module 1,1_10;779.39;119,71;33,97;3,52;119,50;0,20
15,10.2019 12:33:27;33.7;3.56;310.6;731.3350437317231;297.5;Module 1,1_10;779.43;119,97;33,97;3,52;119,55;0,43
15,10.2019 12:35:21;33.7;3.55;310.6;740.3490048081285;297.6;Module 1,1_10;788.82;119,64;33,96;3,56;121,02;-1,39
15,10.2019 12:37:20;33.6;3.43;312.1;708.1394250426838;297.78;Module 1,1_10;754.29;115,25;33,72;3,41;114,84;0,41
15,10.2019 12:39:12;33.4;3.45;312.1;713.5059727339907;298.13;Module 1,1_10;759.81;115,23;33,72;3,43;115,72;-0,49
15,10.2019 12:41:05;33.3;3.21;312.6;668.4701871350821;298.12;Module 1,1_10;711.67;106,89;33,66;3,21;108,06;-1,17
15,10.2019 12:42:58;33.4;3.61;312.6;744.3915461237206;298.23;Module 1,1_10;792.3;120,57;33,61;3,58;120,44;0,14
15,10.2019 12:44:51;33.3;3.61;312.6;745.5036912215893;298.46;Module 1,1_10;793.29;120,21;33,61;3,59;120,62;-0,40
15,10.2019 12:46:45;33.1;3.38;314.1;692.038191337341;298.79;Module 1,1_10;736.22;111,88;33,38;3,33;111,04;0,83
15,10.2019 12:48:40;33;3.56;314.1;713.4796399527919;299.1;Module 1,1_10;758.85;117,48;33,37;3,43;114,51;2,97
15,10.2019 12:50:37;32.6;3.69;314.1;734.1966864288258;299.28;Module 1,1_10;780.7;120,29;33,35;3,53;117,85;2,44
15,10.2019 12:53:10;32.5;3.64;314.6;724.4552698100571;299.75;Module 1,1_10;770.11;118,30;33,27;3,49;115,98;2,32
15,10.2019 12:55:07;32.3;3.8;314.6;757.4933276634582;300.11;Module 1,1_10;805.05;122,74;33,24;3,65;121,28;1,46
15,10.2019 12:57:00;32.6;3.86;316.1;765.7091981951332;300.41;Module 1,1_10;813.61;125,84;32,97;3,69;121,61;4,22
15,10.2019 12:58:52;32.3;3.59;316.1;750.0138386363151;300.62;Module 1,1_10;796.77;115,96;32,98;3,61;119,12;-3,17
15,10.2019 13:00:45;32.3;3.25;316.1;647.9453613746564;300.75;Module 1,1_10;688.2;104,97;33,05;3,11;102,79;2,19
15,10.2019 13:02:38;32.4;4.07;316.1;815.3078349633433;300.65;Module 1,1_10;865.79;131,87;32,92;3,93;129,45;2,42
15,10.2019 13:04:35;32.5;4.1;316.1;835.1266721453838;300.75;Module 1,1_10;886.66;133,25;32,91;4,03;132,56;0,69
15,10.2019 13:06:29;32.7;4.07;316.6;825.3831211380225;300.85;Module 1,1_10;876.15;133,09;32,83;3,98;130,68;2,41
15,10.2019 13:08:37;32.6;4.06;316.6;816.1589857476571;300.82;Module 1,1_10;866.18;132,36;32,84;3,94;129,24;3,12
15,10.2019 13:10:35;32.3;3.59;318.1;735.1292992409826;301.06;Module 1,1_10;780.04;115,96;32,64;3,54;115,50;0,45
15,10.2019 13:12:32;32.3;3.45;318.1;722.9124311249175;301.07;Module 1,1_10;766.94;111,44;32,65;3,48;113,58;-2,14
15,10.2019 13:14:27;32;3.49;318.1;699.1935131566155;301.17;Module 1,1_10;741.65;111,68;32,66;3,36;109,83;1,85
15,10.2019 13:16:26;32.6;3.54;318.1;731.7404355835192;301.03;Module 1,1_10;776.04;115,40;32,64;3,52;114,97;0,44
15,10.2019 13:18:23;32.7;2.65;318.1;545.6134695883688;301.1;Module 1,1_10;578.55;86,66;32,70;2,61;85,27;1,38
15,10.2019 13:20:23;32.8;3.83;318.1;779.594032966368;301.17;Module 1,1_10;826.52;125,62;32,60;3,76;122,48;3,14
15,10.2019 13:22:18;32.6;3.75;318.1;771.3920282753229;301.33;Module 1,1_10;817.7;122,25;32,61;3,72;121,20;1,05
15,10.2019 13:24:29;32.5;3.7;318.1;764.9450435379082;301.35;Module 1,1_10;810.73;120,25;32,62;3,68;120,19;0,06
15,10.2019 13:26:22;32.7;3.65;318.1;741.3097620535209;301.18;Module 1,1_10;785.57;119,36;32,64;3,57;116,48;2,88
15,10.2019 13:28:17;32.8;3.64;318.1;752.303562770355;301.1;Module 1,1_10;797.11;119,39;32,63;3,62;118,20;1,19
15,10.2019 13:30:15;32.9;3.65;318.1;756.163670624707;301.11;Module 1,1_10;801.09;120,08;32,63;3,64;118,81;1,28
15,10.2019 13:32:14;32.8;3.66;318.1;676.9840241604945;301.19;Module 1,1_10;717.11;120,05;32,68;3,25;106,31;13,74
15,10.2019 13:34:07;32.9;3.46;318.1;714.4465468335229;301.26;Module 1,1_10;756.7;113,83;32,66;3,44;112,24;1,59
15,10.2019 13:35:59;33.2;3.56;318.1;745.1911775795154;301.34;Module 1,1_10;789.17;118,19;32,63;3,59;117,09;1,11
15,10.2019 13:38:19;33;3.68;318.1;751.4636052118598;301.21;Module 1,1_10;795.7;121,44;32,63;3,62;118,07;3,37
15,10.2019 13:40:13;33.1;3.57;318.1;747.8725864546234;301.09;Module 1,1_10;791.81;118,17;32,63;3,60;117,51;0,66
15,10.2019 13:42:06;32.9;3.71;318.1;748.8867094673284;301.12;Module 1,1_10;792.8;122,06;32,63;3,61;117,67;4,39
15,10.2019 13:44:00;33.1;3.65;318.1;748.3776956868855;301.29;Module 1,1_10;792.18;120,81;32,63;3,60;117,59;3,23
15,10.2019 13:45:53;32.7;3.48;318.1;745.9280416695857;301.42;Module 1,1_10;789.51;113,80;32,63;3,59;117,20;-3,41
15,10.2019 13:47:52;32.9;3.59;318.1;746.3793498626154;301.57;Module 1,1_10;789.91;118,11;32,63;3,59;117,27;0,84
15,10.2019 13:49:45;33.3;3.59;318.1;700.7847459215086;301.57;Module 1,1_10;741.59;119,55;32,66;3,37;110,08;9,47
15,10.2019 13:52:03;33.1;3.69;318.1;744.529235944947;301.41;Module 1,1_10;787.8;122,14;32,63;3,58;116,98;5,16
15,10.2019 13:53:56;33;3.57;318.1;745.3357997635427;301.51;Module 1,1_10;788.59;117,81;32,63;3,59;117,11;0,70
15,10.2019 13:55:50;33.2;3.56;318.1;743.69189630933;301.64;Module 1,1_10;786.79;118,19;32,63;3,58;116,85;1,34
15,10.2019 13:57:43;33.1;3.56;318.1;743.8970546122991;301.64;Module 1,1_10;786.95;117,84;32,63;3,58;116,88;0,95
15,10.2019 13:59:37;33.1;3.52;318.1;746.4725813237419;301.94;Module 1,1_10;789.62;116,51;32,63;3,59;117,29;-0,78
15,10.2019 14:01:30;33;3.54;318.1;749.3286601899114;302.16;Module 1,1_10;792.59;116,82;32,63;3,61;117,74;-0,92
15,10.2019 14:03:23;33.1;3.54;318.1;747.9085877010469;302.05;Module 1,1_10;791.04;117,17;32,63;3,60;117,51;-0,34
15,10.2019 14:05:21;32.8;3.61;318.6;747.6312886554794;302.03;Module 1,1_10;790.7;118,41;32,55;3,60;117,15;1,26
15,10.2019 14:07:14;32.9;3.61;318.6;747.3585220576535;302.06;Module 1,1_10;790.37;118,77;32,55;3,60;117,11;1,66
15,10.2019 14:09:06;33;3.54;318.6;744.9548043668145;302.05;Module 1,1_10;787.79;116,82;32,55;3,59;116,73;0,09
15,10.2019 14:11:06;33;3.57;318.6;741.7747539784941;301.9;Module 1,1_10;784.39;117,81;32,55;3,57;116,23;1,58
15,10.2019 14:13:02;33.3;3.57;318.6;744.519700004523;301.85;Module 1,1_10;787.26;118,88;32,55;3,58;116,66;2,22
15,10.2019 14:14:55;32.9;3.59;318.1;749.9469772725606;301.88;Module 1,1_10;792.97;118,11;32,63;3,61;117,83;0,28
15,10.2019 14:16:52;33;3.66;318.1;753.9064980166366;302.04;Module 1,1_10;797.13;120,78;32,63;3,63;118,46;2,32
15,10.2019 14:18:50;33;3.62;318.1;755.9148570404204;302.25;Module 1,1_10;799.23;119,46;32,63;3,64;118,77;0,69
15,10.2019 14:20:43;33.1;3.56;318.1;747.4016924977846;302.2;Module 1,1_10;790.21;117,84;32,63;3,60;117,43;0,40
15,10.2019 14:22:46;32.9;3.58;318.1;758.2856380583311;302.1;Module 1,1_10;801.7;117,78;32,63;3,65;119,14;-1,36
15,10.2019 14:24:38;33.1;3.67;318.1;758.0420303273154;302;Module 1,1_10;801.43;121,48;32,63;3,65;119,10;2,37
15,10.2019 14:26:33;32.8;3.68;318.1;763.499201615419;302.09;Module 1,1_10;807.19;120,70;32,62;3,68;119,96;0,74
15,10.2019 14:28:27;33.5;3.56;318.1;765.4818385211283;302.38;Module 1,1_10;809.28;119,26;32,62;3,69;120,27;-1,01
15,10.2019 14:30:22;33.5;3.57;318.1;763.6021090544959;302.5;Module 1,1_10;807.29;119,59;32,62;3,68;119,98;-0,38
15,10.2019 14:32:19;32.9;3.61;318.1;761.7474513233042;302.67;Module 1,1_10;805.33;118,77;32,62;3,67;119,69;-0,92
15,10.2019 14:34:16;33.4;3.45;318.1;724.3338925798391;302.82;Module 1,1_10;765.78;115,23;32,65;3,49;113,80;1,43
15,10.2019 14:36:11;33.1;3.52;318.1;759.4848079716724;302.57;Module 1,1_10;802.95;116,51;32,63;3,66;119,33;-2,82
15,10.2019 14:38:05;33.7;3.51;318.1;761.9618647232687;302.7;Module 1,1_10;805.58;118,29;32,62;3,67;119,72;-1,43
15,10.2019 14:40:01;34.2;3.37;318.1;766.2040010322901;302.87;Module 1,1_10;810.08;115,25;32,62;3,69;120,39;-5,13
15,10.2019 14:41:56;32.9;3.64;318.1;765.8649345193826;302.92;Module 1,1_10;809.74;119,76;32,62;3,69;120,33;-0,58
15,10.2019 14:43:50;33.1;3.71;318.1;761.4841441219799;302.71;Module 1,1_10;805.13;122,80;32,62;3,67;119,65;3,16
15,10.2019 14:45:50;33;3.48;318.1;689.2879890476806;302.54;Module 1,1_10;728.82;114,84;32,67;3,31;108,26;6,58
15,10.2019 14:47:54;32.9;2.17;318.1;472.0947219489176;302.25;Module 1,1_10;499.19;71,39;32,66;2,25;73,37;-1,97
15,10.2019 14:49:54;33;1.69;318.1;397.02506684539986;301.92;Module 1,1_10;419.83;55,77;32,57;1,88;61,13;-5,36
15,10.2019 14:51:46;32.5;0.85;318.1;182.43248831961682;301.23;Module 1,1_10;192.92;27,63;31,66;0,82;26,00;1,63
15,10.2019 14:53:39;32;0.84;316.1;179.70008981883208;300.18;Module 1,1_10;190.04;26,88;32,00;0,81;25,82;1,06
15,10.2019 14:55:33;33.7;1.23;316.1;264.75090217912555;299.47;Module 1,1_10;280;41,45;32,55;1,23;39,88;1,58
15,10.2019 14:57:37;35.8;3.08;316.1;720.6239688724312;299.17;Module 1,1_10;762.18;110,26;33,01;3,47;114,44;-4,18
15,10.2019 14:59:37;34.4;3.27;314.1;675.9417922205826;299.58;Module 1,1_10;714.97;112,49;33,39;3,25;108,43;4,05
15,10.2019 15:01:38;34.3;3.33;314.1;671.7604272566972;300.04;Module 1,1_10;710.6;114,22;33,39;3,23;107,76;6,46
15,10.2019 15:03:35;34.1;1.98;314.1;379.91335343551316;300.11;Module 1,1_10;401.91;67,52;33,26;1,79;59,58;7,94
15,10.2019 15:05:31;34.6;2.76;314.1;623.7326311604257;300.02;Module 1,1_10;659.9;95,50;33,41;2,99;99,93;-4,44
15,10.2019 15:07:27;34.6;2.31;314.1;495.984641774063;300.11;Module 1,1_10;524.79;79,93;33,40;2,36;78,91;1,02
15,10.2019 15:09:25;34.8;2.56;314.1;568.515930477489;300.39;Module 1,1_10;601.59;89,09;33,41;2,72;90,88;-1,79
15,10.2019 15:11:18;33.9;3.63;314.1;764.1481470472161;300.79;Module 1,1_10;808.68;123,06;33,33;3,68;122,66;0,39
15,10.2019 15:13:17;33.9;3.22;314.1;704.854943714724;301.08;Module 1,1_10;746.01;109,16;33,38;3,39;113,12;-3,96
15,10.2019 15:15:11;35;2.93;314.1;689.4091851293377;301.47;Module 1,1_10;729.74;102,55;33,38;3,31;110,62;-8,07
15,10.2019 15:17:14;34.8;2.99;314.1;691.3662993602451;301.91;Module 1,1_10;731.9;104,05;33,38;3,32;110,93;-6,88
15,10.2019 15:19:11;34.6;2.33;316.1;573.0402833924845;302.1;Module 1,1_10;606.71;80,62;33,06;2,74;90,66;-10,04
15,10.2019 15:21:33;34.4;1.91;316.1;444.82120465276927;301.39;Module 1,1_10;471.03;65,70;32,99;2,11;69,67;-3,97
15,10.2019 15:23:25;33.8;1.03;316.1;219.70521473876147;300.91;Module 1,1_10;232.68;34,81;32,30;1,00;32,42;2,40
15,10.2019 15:25:19;32.4;0.69;316.1;143.06086804420357;300.17;Module 1,1_10;151.53;22,36;31,59;0,63;19,82;2,54
15,10.2019 15:27:12;32.2;0.73;316.1;155.20860853758037;299.66;Module 1,1_10;164.42;23,51;31,74;0,69;21,80;1,70
15,10.2019 15:29:05;35.4;1.93;314.1;439.74365098069967;299.21;Module 1,1_10;465.91;68,32;33,35;2,09;69,56;-1,24
15,10.2019 15:31:16;35.2;1.69;314.1;384.10235667389964;299.1;Module 1,1_10;407.03;59,49;33,27;1,81;60,28;-0,79
15,10.2019 15:33:09;35.2;2.74;312.1;594.1819581786548;299.3;Module 1,1_10;629.75;96,45;33,77;2,85;96,09;0,36
15,10.2019 15:35:10;34.8;3.16;312.1;686.3929025390084;299.67;Module 1,1_10;727.61;109,97;33,73;3,30;111,28;-1,32
15,10.2019 15:37:04;35.2;3.14;312.1;713.2392248243767;300.19;Module 1,1_10;756.2;110,53;33,72;3,43;115,67;-5,15
15,10.2019 15:39:04;34.6;3.34;312.1;712.8394765162461;300.76;Module 1,1_10;755.92;115,56;33,72;3,43;115,61;-0,05
15,10.2019 15:40:57;34.7;3.06;312.1;694.0105230569612;301.27;Module 1,1_10;736.09;106,18;33,73;3,34;112,53;-6,35
15,10.2019 15:42:52;35;2.72;312.6;642.556586775109;301.52;Module 1,1_10;681.65;95,20;33,67;3,08;103,81;-8,61
15,10.2019 15:44:47;35;2.85;312.6;647.3738789952118;301.71;Module 1,1_10;686.9;99,75;33,66;3,11;104,60;-4,85
15,10.2019 15:46:39;34.7;2.11;314.1;441.4224600000502;301.77;Module 1,1_10;468.47;73,22;33,35;2,09;69,84;3,38
15,10.2019 15:48:34;34.4;1.72;314.1;402.73960710224765;301.53;Module 1,1_10;427.51;59,17;33,30;1,90;63,39;-4,22
15,10.2019 15:50:28;33.9;1.52;314.1;325.4934293061259;301.06;Module 1,1_10;345.59;51,53;33,13;1,52;50,47;1,06
15,10.2019 15:52:32;35.2;2.05;314.1;494.148334160271;300.71;Module 1,1_10;524.79;72,16;33,40;2,35;78,60;-6,44
15,10.2019 15:54:25;35.2;1.39;314.1;310.87459871178277;300.57;Module 1,1_10;330.23;48,93;33,09;1,45;48,02;0,91
15,10.2019 15:56:18;34.6;1.63;314.1;366.2137319528259;300.25;Module 1,1_10;389.11;56,40;33,23;1,72;57,29;-0,89
15,10.2019 15:58:10;34.9;1.43;314.1;325.172956717964;300.03;Module 1,1_10;345.59;49,91;33,13;1,52;50,42;-0,51
15,10.2019 16:00:03;35.2;1.66;312.1;387.6993278784155;299.49;Module 1,1_10;412.15;58,43;33,63;1,83;61,51;-3,08
15,10.2019 16:01:56;35.1;1.47;312.1;356.2975166372317;299.36;Module 1,1_10;378.87;51,60;33,57;1,67;56,21;-4,61
15,10.2019 16:03:49;34.8;1.64;312.1;368.2323765517063;299.07;Module 1,1_10;391.67;57,07;33,59;1,73;58,23;-1,15
15,10.2019 16:05:41;35.9;2;310.6;457.15414824490847;299.14;Module 1,1_10;486.39;71,80;33,99;2,17;73,78;-1,98
15,10.2019 16:08:15;36.1;1.51;310.6;423.296506765496;299.43;Module 1,1_10;450.55;54,51;33,95;2,00;68,04;-13,53
15,10.2019 16:10:10;37.7;0.95;310.6;336.60531319571015;299.25;Module 1,1_10;358.39;35,81;33,79;1,58;53,28;-17,47
15,10.2019 16:12:04;36.8;0.84;310.6;239.62939285154118;298.96;Module 1,1_10;255.22;30,91;33,42;1,10;36,74;-5,83
15,10.2019 16:13:59;35.6;0.81;310.6;222.61687634741932;298.68;Module 1,1_10;237.18;28,84;33,32;1,02;33,84;-5,01
15,10.2019 16:15:52;36.2;0.83;310.6;239.7400691591258;298.38;Module 1,1_10;255.51;30,05;33,42;1,10;36,76;-6,71
15,10.2019 16:17:46;36.2;0.81;310.6;208.9657996475458;298.09;Module 1,1_10;222.79;29,32;33,23;0,95;31,52;-2,20
15,10.2019 16:19:39;36.3;0.81;310.6;227.6614689987173;297.96;Module 1,1_10;242.81;29,40;33,35;1,04;34,70;-5,30
15,10.2019 16:21:37;36.7;0.8;310.6;227.3387843484067;297.84;Module 1,1_10;242.56;29,36;33,35;1,04;34,65;-5,29
15,10.2019 16:23:45;36.9;0.8;310.6;269.1072319763197;297.65;Module 1,1_10;287.25;29,52;33,56;1,24;41,77;-12,25
15,10.2019 16:25:38;37.6;0.81;308.6;402.7468583907802;297.61;Module 1,1_10;430.07;30,46;34,28;1,90;65,20;-34,75
15,10.2019 16:27:31;39.2;0.76;308.6;286.5450679454553;297.79;Module 1,1_10;306.11;29,79;33,99;1,33;45,19;-15,40
15,10.2019 16:29:23;35.5;0.72;308.6;180.88844494482845;297.86;Module 1,1_10;193.32;25,56;33,38;0,81;27,02;-1,46
15,10.2019 16:31:16;36;0.69;308.6;173.19667167421912;297.69;Module 1,1_10;185.18;24,84;33,30;0,77;25,70;-0,86
15,10.2019 16:33:10;35.9;0.69;308.6;229.87419989510914;297.33;Module 1,1_10;245.89;24,77;33,73;1,05;35,43;-10,66
15,10.2019 16:35:21;37.6;0.68;308.1;198.0199548111183;297.07;Module 1,1_10;211.93;25,57;33,61;0,89;30,03;-4,46
15,10.2019 16:37:16;35.9;0.66;308.1;143.14046676261762;296.79;Module 1,1_10;153.27;23,69;33,06;0,62;20,63;3,06
15,10.2019 16:39:15;33.2;0.63;308.1;129.11142791881457;296.5;Module 1,1_10;138.32;20,92;32,86;0,56;18,25;2,66
15,10.2019 16:41:16;33;0.62;306;126.26093214652032;296.18;Module 1,1_10;135.34;20,46;33,20;0,54;17,94;2,52
15,10.2019 16:43:12;32.8;0.61;306;122.54704733124802;295.99;Module 1,1_10;131.43;20,01;33,14;0,52;17,31;2,70
15,10.2019 16:45:07;32.6;0.58;306;117.99695873154874;295.83;Module 1,1_10;126.62;18,91;33,06;0,50;16,53;2,38
15,10.2019 16:47:05;32.7;0.57;306;114.80792978695311;295.67;Module 1,1_10;123.27;18,64;33,00;0,48;15,99;2,65
15,10.2019 16:49:03;33;0.57;302.5;113.37964739256539;295.56;Module 1,1_10;121.81;18,81;33,61;0,48;15,99;2,82
15,10.2019 16:51:00;32.9;0.56;302.5;114.36998510642485;295.41;Module 1,1_10;122.95;18,42;33,63;0,48;16,16;2,26
15,10.2019 16:52:54;33.3;0.58;302.5;116.52997753413517;295.29;Module 1,1_10;125.35;19,31;33,67;0,49;16,54;2,78
15,10.2019 16:54:46;33.1;0.58;302.5;120.56290863998082;295.26;Module 1,1_10;129.77;19,20;33,74;0,51;17,24;1,96
15,10.2019 16:56:50;33.2;0.62;302.5;131.36583993136801;295.29;Module 1,1_10;141.5;20,58;33,91;0,56;19,12;1,46
15,10.2019 16:58:47;33.1;0.64;302;147.79616494180863;295.32;Module 1,1_10;159.31;21,18;34,23;0,64;22,04;-0,86
15,10.2019 17:00:39;33.6;0.66;302;171.9364483961341;295.34;Module 1,1_10;185.46;22,18;34,48;0,76;26,30;-4,12
15,10.2019 17:02:35;33.8;0.7;302;282.2804796688458;295.56;Module 1,1_10;304.71;23,66;35,16;1,31;45,90;-22,24
15,10.2019 17:04:36;34.2;0.75;302;350.69953995778775;295.97;Module 1,1_10;378.87;25,65;35,36;1,64;58,08;-32,43
15,10.2019 17:06:47;34;0.83;302;369.3232345116414;296.44;Module 1,1_10;399.35;28,22;35,40;1,73;61,40;-33,18
15,10.2019 17:08:42;33.7;0.85;302;191.56514082286668;296.89;Module 1,1_10;207.31;28,65;34,66;0,86;29,77;-1,13
15,10.2019 17:10:42;33.3;0.87;302;207.03481129483316;297.01;Module 1,1_10;224.25;28,97;34,77;0,94;32,51;-3,54
15,10.2019 17:12:35;33.1;0.88;302;194.01555538175873;296.94;Module 1,1_10;210.33;29,13;34,67;0,87;30,20;-1,08
15,10.2019 17:14:33;33;0.86;302;180.04753567424999;296.82;Module 1,1_10;195.37;28,38;34,56;0,80;27,73;0,65
15,10.2019 17:16:34;33.3;0.82;302;247.82231787780773;296.74;Module 1,1_10;269.18;27,31;35,01;1,14;39,77;-12,46
15,10.2019 17:18:27;33.5;0.77;302;216.21981452986373;296.79;Module 1,1_10;235.08;25,80;34,84;0,98;34,15;-8,35
15,10.2019 17:20:21;33.2;0.74;302;229.7577164303881;296.73;Module 1,1_10;250.05;24,57;34,91;1,05;36,55;-11,98
15,10.2019 17:22:16;33.4;0.72;302;249.58127509206975;296.77;Module 1,1_10;271.91;24,05;35,02;1,14;40,08;-16,03
15,10.2019 17:24:11;33.1;0.69;302;217.6494776601693;296.87;Module 1,1_10;237.38;22,84;34,84;0,99;34,40;-11,56
15,10.2019 17:26:11;33;0.66;302;159.44080222878867;296.85;Module 1,1_10;174.1;21,78;34,36;0,70;24,09;-2,31
15,10.2019 17:28:06;32.8;0.64;302;164.24789452674509;296.75;Module 1,1_10;179.56;20,99;34,41;0,72;24,94;-3,95
15,10.2019 17:29:59;32.7;0.61;302;140.05007064940685;296.56;Module 1,1_10;153.29;19,95;34,13;0,61;20,68;-0,74
15,10.2019 17:32:03;32.7;0.59;302;167.79557701673846;296.33;Module 1,1_10;183.91;19,29;34,45;0,74;25,57;-6,27
15,10.2019 17:34:13;32.9;0.6;302;211.89262949682757;296.17;Module 1,1_10;232.59;19,74;34,80;0,96;33,38;-13,64
15,10.2019 17:36:07;33;0.6;302;196.12758467812475;296.17;Module 1,1_10;215.58;19,80;34,70;0,88;30,58;-10,78
15,10.2019 17:38:00;33.1;0.59;300.5;200.59320271438264;296.25;Module 1,1_10;220.8;19,53;34,99;0,90;31,59;-12,06
15,10.2019 17:39:52;32.7;0.58;300.5;207.77642617162803;296.35;Module 1,1_10;229.04;18,97;35,05;0,94;32,87;-13,91
15,10.2019 17:41:56;32.6;0.58;300.5;200.3090890606793;296.46;Module 1,1_10;221.18;18,91;34,99;0,90;31,54;-12,63
15,10.2019 17:43:52;32.7;0.56;300.5;209.93499201601148;296.57;Module 1,1_10;232.19;18,31;35,06;0,95;33,26;-14,95
15,10.2019 17:45:45;32.9;0.57;300.5;223.51257618839364;296.67;Module 1,1_10;247.62;18,75;35,15;1,02;35,69;-16,94
15,10.2019 17:47:37;31.7;0.57;300.5;248.13222549602506;296.92;Module 1,1_10;275.37;18,07;35,28;1,14;40,10;-22,03
15,10.2019 17:49:42;31.3;0.56;300.5;228.44203463320133;297.17;Module 1,1_10;254.03;17,53;35,17;1,04;36,57;-19,04
15,10.2019 17:51:36;31.2;0.56;300;209.2976787611168;297.31;Module 1,1_10;233.19;17,47;35,15;0,95;33,22;-15,75
15,10.2019 17:53:32;30.8;0.55;300;185.4282212271645;297.28;Module 1,1_10;207.02;16,94;34,97;0,83;28,95;-12,01
15,10.2019 17:55:25;30.8;0.56;300;191.00232958542395;297.29;Module 1,1_10;213.69;17,25;35,01;0,86;29,94;-12,70
15,10.2019 17:57:31;30.7;0.55;300;144.4456797251326;297.07;Module 1,1_10;162;16,89;34,55;0,63;21,65;-4,76
15,10.2019 17:59:24;30.7;0.55;300;179.26823752879545;296.75;Module 1,1_10;201.52;16,89;34,91;0,80;27,85;-10,96
15,10.2019 18:01:17;30.6;0.55;298.5;141.77473460275428;296.57;Module 1,1_10;159.76;16,83;34,78;0,61;21,31;-4,48
15,10.2019 18:03:10;30.5;0.55;298.5;188.84928128241495;296.53;Module 1,1_10;213.35;16,78;35,27;0,84;29,76;-12,99
15,10.2019 18:05:08;30.6;0.53;300;180.6760227899647;296.56;Module 1,1_10;204.69;16,22;34,92;0,80;28,10;-11,88
15,10.2019 18:07:07;30.2;0.5;300;143.0956595897518;296.57;Module 1,1_10;162.6;15,10;34,52;0,62;21,41;-6,31
15,10.2019 18:09:00;29.3;0.46;300;160.76842527038028;296.57;Module 1,1_10;183.23;13,48;34,73;0,71;24,55;-11,07
15,10.2019 18:10:45;29;0.44;298.5;170.21788306197863;296.54;Module 1,1_10;194.57;12,76;35,10;0,75;26,41;-13,65
15,10.2019 18:12:45;28.9;0.42;298.5;172.4919639373338;296.63;Module 1,1_10;197.87;12,14;35,12;0,76;26,82;-14,68
15,10.2019 18:14:42;28.7;0.4;298;171.40800591358143;296.78;Module 1,1_10;197.35;11,48;35,20;0,76;26,68;-15,20
15,10.2019 18:16:34;28.8;0.37;298;163.84704172649748;296.85;Module 1,1_10;189.35;10,66;35,13;0,72;25,32;-14,67
15,10.2019 18:18:27;29;0.35;298;158.93552992294224;296.92;Module 1,1_10;184.41;10,15;35,07;0,70;24,44;-14,29
15,10.2019 18:20:39;29;0.33;298;137.69018699180793;296.93;Module 1,1_10;160.56;9,57;34,81;0,59;20,63;-11,06
15,10.2019 18:22:32;28.8;0.33;298;129.98324945456454;296.78;Module 1,1_10;152.27;9,50;34,70;0,55;19,25;-9,75
15,10.2019 18:24:24;28.8;0.32;298;116.72119806109123;296.66;Module 1,1_10;137.4;9,22;34,48;0,49;16,90;-7,68
15,10.2019 18:26:17;28.8;0.32;298;128.5155765811192;296.57;Module 1,1_10;152.08;9,22;34,68;0,55;18,99;-9,78
15,10.2019 18:28:11;29.1;0.31;298;123.51843830271329;296.57;Module 1,1_10;147;9,02;34,60;0,52;18,10;-9,08
15,10.2019 18:30:04;29.7;0.31;296.5;113.76813628930113;296.67;Module 1,1_10;136.22;9,21;34,70;0,47;16,47;-7,27
15,10.2019 18:31:57;29.4;0.3;296.5;110.27945862817764;296.69;Module 1,1_10;132.91;8,82;34,63;0,46;15,85;-7,03
15,10.2019 18:34:05;31.9;0.28;298;86.55336480884371;296.72;Module 1,1_10;105.16;8,93;33,79;0,34;11,58;-2,65
15,10.2019 18:36:01;32;0.27;298;45.25933570129919;296.42;Module 1,1_10;55.43;8,64;31,41;0,15;4,57;4,07
15,10.2019 18:37:55;31.5;0.25;298;39.30344236365381;295.94;Module 1,1_10;48.55;7,88;30,50;0,12;3,61;4,27
15,10.2019 18:39:48;31.2;0.23;298;36.73411396990238;295.58;Module 1,1_10;45.8;7,18;29,95;0,11;3,21;3,97
15,10.2019 18:41:41;31.2;0.22;298;36.14657499457364;295.1;Module 1,1_10;45.53;6,86;29,79;0,10;3,12;3,75
15,10.2019 18:43:34;31.3;0.22;298;35.16854320849545;294.63;Module 1,1_10;44.8;6,89;29,52;0,10;2,97;3,92
15,10.2019 18:45:26;31;0.21;296.5;34.17765939875501;294.3;Module 1,1_10;44.08;6,51;29,40;0,10;2,82;3,69
15,10.2019 18:47:24;31.2;0.19;296.5;29.419329882518735;293.96;Module 1,1_10;38.5;5,93;27,09;0,08;2,12;3,81
15,10.2019 18:49:17;31.3;0.17;296.5;26.388389110074783;293.66;Module 1,1_10;35.08;5,32;24,80;0,07;1,71;3,61
15,10.2019 18:51:48;30.9;0.15;296.5;22.95153935054511;293.28;Module 1,1_10;31.26;4,63;21,71;0,06;1,29;3,34
15,10.2019 18:53:40;31.1;0.14;296.5;20.584295671257006;293;Module 1,1_10;28.63;4,35;19,49;0,05;1,04;3,31
15,10.2019 18:55:35;31.1;0.13;296;18.27636650373716;292.71;Module 1,1_10;26.06;4,04;17,31;0,05;0,82;3,22
15,10.2019 18:57:29;31;0.11;296;16.29204511641916;292.5;Module 1,1_10;23.91;3,41;15,43;0,04;0,65;2,76
15,10.2019 18:59:26;31.1;0.1;296;14.144128457640125;292.25;Module 1,1_10;21.5;3,11;13,40;0,04;0,49;2,62
15,10.2019 19:01:19;30.8;0.09;296;12.105557608447212;292.03;Module 1,1_10;19.17;2,77;11,47;0,03;0,36;2,41
15,10.2019 19:03:12;29.9;0.09;296;10.203670187753696;291.82;Module 1,1_10;16.99;2,69;9,66;0,03;0,26;2,44
15,10.2019 19:05:08;29.6;0.07;294.5;8.565488322015872;291.63;Module 1,1_10;15.22;2,07;8,11;0,02;0,18;1,89
15,10.2019 19:07:04;29.6;0.07;294.5;6.7404976084820625;291.43;Module 1,1_10;13.04;2,07;6,38;0,02;0,11;1,96
15,10.2019 19:08:57;28.3;0;294;5.189629839414678;291.25;Module 1,1_10;11.24;0,00;4,91;0,01;0,07;-0,07
15,10.2019 19:10:50;28.3;0;294;3.8692218426349836;291.12;Module 1,1_10;9.87;0,00;3,66;0,01;0,04;-0,04
15,10.2019 19:12:43;28;0;294;2.476475556373027;290.96;Module 1,1_10;8.22;0,00;2,34;0,01;0,02;-0,02
15,10.2019 19:14:43;28.2;0;294;1.252587731114532;290.82;Module 1,1_10;6.52;0,00;1,19;0,00;0,00;-0,00
15,10.2019 19:16:35;28.3;0;294;1.0124443777566845;290.69;Module 1,1_10;5.27;0,00;0,96;0,00;0,00;-0,00
15,10.2019 19:18:30;27.5;0;292.4;0.8472257506464856;290.59;Module 1,1_10;4.41;0,00;0,80;0,00;0,00;-0,00
15,10.2019 19:20:23;27.1;0;292.4;0.6724013894019727;290.49;Module 1,1_10;3.5;0,00;0,63;0,00;0,00;-0,00
15,10.2019 19:22:35;31.6;0;294;0.4591540916202042;290.36;Module 1,1_10;2.39;0,00;0,44;0,00;0,00;-0,00
15,10.2019 19:24:32;30.1;0;294;0.2977777581637308;290.28;Module 1,1_10;1.55;0,00;0,28;0,00;0,00;-0,00
15,10.2019 19:26:26;29.3;0;294;0.0001;290.18;Module 1,1_10;0.46;0,00;0,00;0,00;0,00;0,00
15,10.2019 19:28:19;27.6;0;294;0.0001;290.11;Module 1,1_10;0.07;0,00;0,00;0,00;0,00;0,00
15,10.2019 19:30:12;27.6;0;294;0.0001;290.03;Module 1,1_10;-0.01;0,00;0,00;0,00;0,00;0,00
15,10.2019 19:32:06;27.6;0;294;0.0001;289.95;Module 1,1_10;-0.01;0,00;0,00;0,00;0,00;0,00
16,10.2019 09:01:07;30.4;0;284.4;9.02000620761235;284.2;Module 1,1_10;11.62;0,00;8,51;0,02;0,20;-0,20
16,10.2019 09:03:00;32.1;0;284.4;10.124603965427353;284.16;Module 1,1_10;12.94;0,00;9,55;0,03;0,25;-0,25
16,10.2019 09:04:52;33.5;0;286.4;10.183677229146523;284.11;Module 1,1_10;12.92;0,00;9,61;0,03;0,25;-0,25
16,10.2019 09:06:45;35.4;0;286.4;10.882033138951385;283.99;Module 1,1_10;13.71;0,00;10,27;0,03;0,29;-0,29
16,10.2019 09:08:39;30.3;0.07;286.4;11.465674516746764;283.88;Module 1,1_10;14.35;2,12;10,82;0,03;0,32;1,80
16,10.2019 09:10:32;30.9;0;286.4;12.244259921580966;283.82;Module 1,1_10;15.23;0,00;11,55;0,03;0,37;-0,37
16,10.2019 09:12:25;31.1;0;286.4;11.571955360724495;283.82;Module 1,1_10;14.31;0,00;10,92;0,03;0,33;-0,33
16,10.2019 09:14:18;31.3;0;286.4;11.294464403409972;283.87;Module 1,1_10;13.89;0,00;10,66;0,03;0,31;-0,31
16,10.2019 09:16:14;34.5;0;286.4;13.12097348756507;283.89;Module 1,1_10;16.05;0,00;12,38;0,03;0,42;-0,42
16,10.2019 09:18:11;35;0;286.4;16.253239426709918;283.94;Module 1,1_10;19.78;0,00;15,34;0,04;0,64;-0,64
16,10.2019 09:20:06;34.4;0.1;287.4;22.902967701806254;284.02;Module 1,1_10;27.74;3,44;21,61;0,06;1,28;2,16
16,10.2019 09:22:00;34.2;0.13;287.4;27.451409823666157;284.08;Module 1,1_10;33.1;4,45;25,80;0,07;1,84;2,61
16,10.2019 09:23:53;32.1;0.13;287.4;26.127156806789678;284.18;Module 1,1_10;31.37;4,17;24,61;0,07;1,66;2,51
16,10.2019 09:25:46;32.1;0.17;287.4;33.16537819632052;284.25;Module 1,1_10;39.66;5,46;29,92;0,09;2,66;2,79
16,10.2019 09:27:48;33.1;0.21;287.4;40.441093862527225;284.29;Module 1,1_10;48.16;6,95;32,34;0,12;3,84;3,11
16,10.2019 09:29:41;33.7;0.27;287.4;52.405922901241304;284.33;Module 1,1_10;62.18;9,10;33,95;0,17;5,89;3,20
16,10.2019 09:31:34;34;0.28;287.4;134.08860984384793;284.44;Module 1,1_10;158.54;9,52;36,66;0,57;20,88;-11,36
16,10.2019 09:33:33;33.5;0.29;288.4;52.55543143834076;284.67;Module 1,1_10;61.92;9,71;33,80;0,17;5,91;3,81
16,10.2019 09:35:40;33.3;0.31;288.4;57.693882668543964;284.7;Module 1,1_10;67.73;10,32;34,20;0,20;6,81;3,51
16,10.2019 09:37:33;34;0.36;288.4;65.3384694270135;284.71;Module 1,1_10;76.47;12,24;34,66;0,24;8,17;4,07
16,10.2019 09:39:30;35;0.37;289.9;180.0969647894154;284.78;Module 1,1_10;210.14;12,95;36,73;0,80;29,25;-16,30
16,10.2019 09:41:23;35.5;0.33;289.9;88.89300446606846;285.07;Module 1,1_10;103.43;11,71;35,31;0,35;12,36;-0,65
16,10.2019 09:43:19;34.4;0.29;289.9;59.66531073923851;285.29;Module 1,1_10;69.23;9,98;34,07;0,21;7,13;2,85
16,10.2019 09:45:18;33.1;0.28;289.9;51.6621204940386;285.32;Module 1,1_10;59.78;9,27;33,46;0,17;5,73;3,54
16,10.2019 09:47:11;33.1;0.29;289.9;52.09463548847357;285.28;Module 1,1_10;60.13;9,60;33,50;0,17;5,81;3,79
16,10.2019 09:49:38;33.1;0.27;289.9;48.40717171847925;285.19;Module 1,1_10;55.7;8,94;33,13;0,16;5,17;3,76
16,10.2019 09:51:31;33;0.27;289.9;49.21526275599406;285.15;Module 1,1_10;56.5;8,91;33,22;0,16;5,31;3,60
16,10.2019 09:53:24;33;0.28;289.9;49.612443511807506;285.1;Module 1,1_10;56.83;9,24;33,26;0,16;5,38;3,86
16,10.2019 09:55:16;32.5;0.25;289.9;45.99955382232222;285.07;Module 1,1_10;52.58;8,13;32,85;0,14;4,76;3,36
16,10.2019 09:57:15;32.8;0.25;289.9;47.59882922655967;285.03;Module 1,1_10;54.29;8,20;33,04;0,15;5,03;3,17
16,10.2019 09:59:10;33.1;0.29;289.9;55.68998095128562;285.01;Module 1,1_10;63.39;9,60;33,80;0,19;6,43;3,17
16,10.2019 10:01:02;33.1;0.32;289.9;58.82421720894498;285;Module 1,1_10;66.83;10,59;34,02;0,21;6,98;3,61
16,10.2019 10:02:56;33.4;0.31;289.9;56.64195455030625;284.99;Module 1,1_10;64.23;10,35;33,87;0,19;6,60;3,76
16,10.2019 10:04:53;33.2;0.3;289.9;56.2175309926127;285;Module 1,1_10;63.63;9,96;33,84;0,19;6,52;3,44
16,10.2019 10:06:46;33.5;0.31;289.9;57.97944491146903;284.99;Module 1,1_10;65.51;10,38;33,96;0,20;6,83;3,55
16,10.2019 10:08:39;33.4;0.33;289.9;64.06153556068044;284.98;Module 1,1_10;72.26;11,02;34,34;0,23;7,90;3,12
16,10.2019 10:10:44;33.7;0.37;289.9;70.45653782490335;284.98;Module 1,1_10;79.33;12,47;34,65;0,26;9,04;3,43
16,10.2019 10:12:38;33.8;0.39;289.9;75.2302663081519;285.01;Module 1,1_10;84.57;13,18;34,85;0,28;9,90;3,29
16,10.2019 10:14:32;33.8;0.45;289.9;87.02687461257156;285.04;Module 1,1_10;97.68;15,21;35,26;0,34;12,02;3,19
16,10.2019 10:16:26;34.7;0.52;289.9;101.78190768476178;285.1;Module 1,1_10;114.07;18,04;35,64;0,41;14,71;3,33
16,10.2019 10:18:23;35.1;0.61;290.4;118.91260243901067;285.17;Module 1,1_10;133.07;21,41;35,89;0,50;17,83;3,58
16,10.2019 10:20:20;35.2;0.64;290.4;123.72956571596262;285.28;Module 1,1_10;138.26;22,53;35,97;0,52;18,72;3,81
16,10.2019 10:22:13;35.5;0.67;291.9;132.3482179205403;285.36;Module 1,1_10;147.69;23,79;35,84;0,56;20,19;3,60
16,10.2019 10:24:07;35.7;0.71;291.9;139.89158106105336;285.46;Module 1,1_10;155.9;25,35;35,94;0,60;21,57;3,77
16,10.2019 10:26:01;35.9;0.68;291.9;139.0125905499324;285.59;Module 1,1_10;154.72;24,41;35,93;0,60;21,41;3,00
16,10.2019 10:28:03;35.8;0.64;291.9;131.1565634860198;285.75;Module 1,1_10;145.78;22,91;35,82;0,56;19,97;2,94
16,10.2019 10:29:55;35.7;0.62;291.9;126.14370659283729;285.85;Module 1,1_10;140.04;22,13;35,74;0,53;19,05;3,09
16,10.2019 10:31:50;35.8;0.58;292.4;118.19648615021788;285.95;Module 1,1_10;131.06;20,76;35,52;0,49;17,56;3,21
16,10.2019 10:33:43;35.5;0.55;292.4;112.7703598946231;286.05;Module 1,1_10;124.9;19,53;35,42;0,47;16,57;2,96
16,10.2019 10:35:54;35.2;0.58;292.4;115.58310645332661;286.07;Module 1,1_10;127.85;20,42;35,47;0,48;17,08;3,34
16,10.2019 10:37:48;35.1;0.6;292.4;117.85441349487186;286.08;Module 1,1_10;130.22;21,06;35,52;0,49;17,49;3,57
16,10.2019 10:39:44;34.8;0.54;292.4;106.75648143261932;286.03;Module 1,1_10;117.83;18,79;35,30;0,44;15,48;3,32
16,10.2019 10:41:36;34.5;0.49;292.4;98.36719913259199;285.99;Module 1,1_10;108.46;16,91;35,11;0,40;13,96;2,95
16,10.2019 10:43:29;34.4;0.49;292.4;97.27650357549042;286.02;Module 1,1_10;107.15;16,86;35,09;0,39;13,76;3,10
16,10.2019 10:45:25;34.4;0.57;292.4;109.26069019252611;286.01;Module 1,1_10;120.23;19,61;35,35;0,45;15,93;3,68
16,10.2019 10:47:18;34.6;0.58;292.4;112.59393351575942;286;Module 1,1_10;123.78;20,07;35,41;0,47;16,54;3,53
16,10.2019 10:49:25;34.9;0.67;292.4;132.00646631591377;286.05;Module 1,1_10;144.97;23,38;35,74;0,56;20,08;3,30
16,10.2019 10:51:38;35.2;0.84;292.4;161.2977658548563;286.15;Module 1,1_10;176.95;29,57;36,10;0,71;25,47;4,10
16,10.2019 10:53:37;35.3;0.87;292.4;165.08725624484924;286.3;Module 1,1_10;180.94;30,71;36,14;0,72;26,17;4,54
16,10.2019 10:55:30;35.2;0.85;294;159.48475852082692;286.4;Module 1,1_10;174.65;29,92;35,80;0,70;24,97;4,95
16,10.2019 10:57:24;35.2;0.87;294;166.0076523470414;286.5;Module 1,1_10;181.64;30,62;35,87;0,73;26,16;4,46
16,10.2019 10:59:18;37.7;1;294.5;204.37835478013508;286.82;Module 1,1_10;223.44;37,70;36,09;0,92;33,15;4,55
16,10.2019 11:01:11;36.4;0.83;294.5;154.89805001141866;286.98;Module 1,1_10;169.21;30,21;35,66;0,68;24,08;6,14
16,10.2019 11:03:04;34.8;0.74;294.5;138.97717089662294;286.96;Module 1,1_10;151.7;25,75;35,46;0,60;21,17;4,58
16,10.2019 11:05:08;34.8;0.7;294.5;132.1704859988215;286.96;Module 1,1_10;144.15;24,36;35,37;0,56;19,94;4,42
16,10.2019 11:07:28;34.8;0.68;294.5;130.92418802550816;286.89;Module 1,1_10;142.66;23,66;35,34;0,56;19,71;3,95
16,10.2019 11:09:20;34.7;0.7;294.5;134.5994824222342;286.88;Module 1,1_10;146.56;24,29;35,40;0,58;20,38;3,91
16,10.2019 11:11:15;35;0.76;294.5;147.71897561425237;286.85;Module 1,1_10;160.73;26,60;35,57;0,64;22,77;3,83
16,10.2019 11:13:11;35.9;1.06;294.5;248.46622703822788;286.94;Module 1,1_10;270.16;38,05;36,35;1,14;41,27;-3,21
16,10.2019 11:15:04;36.1;1.04;294.5;201.6420171033895;287.08;Module 1,1_10;219.1;37,54;36,08;0,90;32,64;4,90
16,10.2019 11:16:58;35.5;0.98;294.5;194.1230365075919;287.25;Module 1,1_10;210.79;34,79;36,02;0,87;31,26;3,53
16,10.2019 11:18:52;35.4;1.02;294.5;203.00368276487376;287.4;Module 1,1_10;220.29;36,11;36,09;0,91;32,89;3,21
16,10.2019 11:20:46;35.6;1.18;294.5;257.28848540117804;287.6;Module 1,1_10;279.02;42,01;36,39;1,18;42,90;-0,89
16,10.2019 11:22:43;36.9;1.52;294.5;406.2753362610597;287.82;Module 1,1_10;440.31;56,09;36,78;1,91;70,36;-14,27
16,10.2019 11:24:36;37.7;1.49;296.5;345.0680041645286;287.94;Module 1,1_10;373.75;56,17;36,32;1,61;58,56;-2,39
16,10.2019 11:26:29;38.8;1.98;296.5;609.4976631570058;288.4;Module 1,1_10;659.77;76,82;36,50;2,92;106,42;-29,59
16,10.2019 11:28:31;39;1.62;298;449.6083706454051;289.25;Module 1,1_10;486.39;63,18;36,21;2,13;77,07;-13,89
16,10.2019 11:30:23;38.1;1.44;298;343.31177424293196;289.74;Module 1,1_10;371.19;54,86;36,05;1,60;57,84;-2,98
16,10.2019 11:32:17;38.2;1.56;298;407.46732472574047;289.73;Module 1,1_10;440.31;59,59;36,16;1,92;69,46;-9,87
16,10.2019 11:34:10;38.1;1.64;300;405.31719525529917;289.86;Module 1,1_10;437.75;62,48;35,81;1,91;68,43;-5,95
16,10.2019 11:36:03;37.1;0.96;300;204.6788433582339;289.77;Module 1,1_10;220.94;35,62;35,12;0,92;32,39;3,22
16,10.2019 11:37:58;37.5;3;300;646.4583781181847;289.89;Module 1,1_10;697.45;112,50;35,88;3,10;111,18;1,32
16,10.2019 11:39:53;37.2;2.61;300;642.4797160273973;290.37;Module 1,1_10;692.8;97,09;35,88;3,08;110,48;-13,39
16,10.2019 11:41:45;35.9;3.95;300;809.7762324978096;290.85;Module 1,1_10;872.77;141,81;35,74;3,90;139,47;2,34
16,10.2019 11:43:40;34.8;2.55;302;403.9791744261299;291.35;Module 1,1_10;435.19;88,74;35,45;1,91;67,55;21,19
16,10.2019 11:45:35;35.3;1.78;302;356.62381601635514;291.53;Module 1,1_10;383.99;62,83;35,38;1,67;59,14;3,70
16,10.2019 11:47:29;35.1;1.8;302;622.4408960589421;291.43;Module 1,1_10;669.89;63,18;35,54;2,98;105,96;-42,78
16,10.2019 11:49:51;35;1.15;302;227.87890296613222;290.99;Module 1,1_10;245.11;40,25;34,91;1,04;36,22;4,03
16,10.2019 11:51:44;34.7;1.07;302;219.1069959110483;290.42;Module 1,1_10;235.57;37,13;34,85;0,99;34,66;2,47
16,10.2019 11:53:45;35;1.04;302;215.38462488972908;289.92;Module 1,1_10;231.46;36,40;34,83;0,98;34,00;2,40
16,10.2019 11:55:44;35;1.03;302;210.36096577708946;289.69;Module 1,1_10;225.96;36,05;34,80;0,95;33,10;2,95
16,10.2019 11:57:37;35;1.04;300.5;212.73986319683473;289.56;Module 1,1_10;228.42;36,40;35,08;0,96;33,76;2,64
16,10.2019 11:59:30;35;1.06;300.5;218.948316822212;289.42;Module 1,1_10;234.99;37,10;35,12;0,99;34,87;2,23
16,10.2019 12:01:36;35.2;1.16;300.5;241.21250168461415;289.29;Module 1,1_10;258.77;40,83;35,24;1,10;38,86;1,97
16,10.2019 12:03:30;35.3;1.31;300;276.97656407228635;289.12;Module 1,1_10;297.02;46,24;35,49;1,28;45,38;0,86
16,10.2019 12:05:25;35.9;1.47;300;303.7837017254672;289.05;Module 1,1_10;325.64;52,77;35,59;1,41;50,20;2,57
16,10.2019 12:07:28;35.9;1.29;298.5;265.7372984693171;289.01;Module 1,1_10;284.74;46,31;35,72;1,22;43,66;2,65
16,10.2019 12:09:21;35.4;1.16;298.5;239.55387852636994;288.86;Module 1,1_10;256.59;41,06;35,59;1,09;38,92;2,14
16,10.2019 12:11:14;35.5;1.16;298.5;243.1796951500665;288.78;Module 1,1_10;260.38;41,18;35,61;1,11;39,58;1,60
16,10.2019 12:13:07;35.6;1.21;298.5;253.57040437459665;288.84;Module 1,1_10;271.41;43,08;35,66;1,16;41,46;1,62
16,10.2019 12:15:06;35.6;1.24;298.5;260.02724458457135;288.99;Module 1,1_10;278.22;44,14;35,70;1,19;42,63;1,52
16,10.2019 12:17:00;35.7;1.32;298.5;277.0380708155861;289.03;Module 1,1_10;296.32;47,12;35,77;1,28;45,71;1,42
16,10.2019 12:18:54;35.7;1.43;298.5;300.623785209761;289;Module 1,1_10;321.44;51,05;35,84;1,39;49,98;1,07
16,10.2019 12:20:47;36;1.5;298.5;302.77003749104676;288.99;Module 1,1_10;323.63;54,00;35,85;1,40;50,37;3,63
16,10.2019 12:22:40;35.8;2.76;298.5;570.1796675744579;289.18;Module 1,1_10;609.27;98,81;36,16;2,72;98,46;0,35
16,10.2019 12:24:48;36.8;3.63;298.5;789.5749357622883;290;Module 1,1_10;843.41;133,58;36,02;3,80;136,97;-3,39
16,10.2019 12:26:42;36.3;3.64;298.5;760.1029500012494;290.89;Module 1,1_10;811.68;132,13;36,05;3,66;131,86;0,27
16,10.2019 12:28:35;35.2;3.28;300;623.6592480052391;291.32;Module 1,1_10;665.78;115,46;35,89;2,99;107,18;8,27
16,10.2019 12:30:27;35.2;3.42;300;716.5464029996419;291.67;Module 1,1_10;764.72;120,38;35,83;3,44;123,39;-3,01
16,10.2019 12:32:47;35.2;3.3;302;716.4331703555002;291.9;Module 1,1_10;764.33;116,16;35,48;3,44;122,20;-6,04
16,10.2019 12:34:51;35.6;3.19;302;715.1884370340654;291.96;Module 1,1_10;762.77;113,56;35,48;3,44;121,99;-8,42
16,10.2019 12:36:51;36.5;3.21;303.5;716.1913782116508;291.96;Module 1,1_10;763.62;117,16;35,23;3,44;121,28;-4,11
16,10.2019 12:38:43;35.4;3.47;303.5;717.6084081647466;292.09;Module 1,1_10;764.93;122,84;35,22;3,45;121,52;1,32
16,10.2019 12:40:43;35.2;3.33;303.5;717.1208321011659;292.06;Module 1,1_10;764.2;117,22;35,22;3,45;121,44;-4,22
16,10.2019 12:42:36;35.2;3.47;303.5;719.0952784800887;292.27;Module 1,1_10;766.11;122,14;35,22;3,46;121,77;0,37
16,10.2019 12:44:29;34.8;3.48;303.5;719.4612374793363;292.45;Module 1,1_10;766.31;121,10;35,22;3,46;121,84;-0,73
16,10.2019 12:46:33;34.7;3.58;306;729.5224498613961;292.53;Module 1,1_10;776.82;124,23;34,77;3,51;122,04;2,18
16,10.2019 12:48:39;34;3.63;306;731.0860143745881;292.72;Module 1,1_10;778.28;123,42;34,77;3,52;122,31;1,11
16,10.2019 12:50:32;34;3.64;306;732.5230014557659;292.87;Module 1,1_10;779.63;123,76;34,77;3,52;122,55;1,21
16,10.2019 12:52:25;34;3.63;306;732.4343271145184;292.99;Module 1,1_10;779.36;123,42;34,77;3,52;122,53;0,89
16,10.2019 12:54:17;34;3.59;306;735.6585774293337;293;Module 1,1_10;782.62;122,06;34,77;3,54;123,08;-1,02
16,10.2019 12:56:16;34.3;3.59;306;735.514893538688;293.1;Module 1,1_10;782.29;123,14;34,77;3,54;123,05;0,09
16,10.2019 12:58:09;34.1;3.65;308.1;741.452747414978;293.25;Module 1,1_10;788.44;124,47;34,40;3,57;122,75;1,71
16,10.2019 13:00:04;34.5;3.59;308.1;742.7454660772788;293.33;Module 1,1_10;789.65;123,85;34,40;3,57;122,97;0,89
16,10.2019 13:01:58;34.7;3.77;308.1;753.9307341394299;293.37;Module 1,1_10;801.38;130,82;34,39;3,63;124,83;5,99
16,10.2019 13:03:54;34.6;3.72;308.1;768.083404030426;293.53;Module 1,1_10;816.26;128,71;34,38;3,70;127,17;1,54
16,10.2019 13:05:53;33.2;3.71;308.1;779.2110996951149;293.46;Module 1,1_10;827.92;123,17;34,37;3,75;129,01;-5,84
16,10.2019 13:07:53;33.6;3.89;308.1;814.260100689313;293.69;Module 1,1_10;864.99;130,70;34,33;3,93;134,78;-4,08
16,10.2019 13:09:46;34.2;3.97;308.1;774.9852922855925;294.01;Module 1,1_10;823.12;135,77;34,37;3,73;128,31;7,46
16,10.2019 13:11:39;33.9;3.99;308.1;836.2085561223512;294.22;Module 1,1_10;887.99;135,26;34,30;4,03;138,38;-3,12
16,10.2019 13:13:31;34.5;0.62;308.1;140.54233073091217;294.01;Module 1,1_10;149.22;21,39;33,02;0,61;20,19;1,20
16,10.2019 13:15:25;33.8;3.82;308.1;755.9775280960312;293.65;Module 1,1_10;802.52;129,12;34,39;3,64;125,16;3,95
16,10.2019 13:17:18;34.9;3.91;308.1;811.762551231035;293.38;Module 1,1_10;861.6;136,46;34,34;3,91;134,37;2,09
16,10.2019 13:19:11;34.9;3.94;308.1;836.8237384714189;293.17;Module 1,1_10;888.06;137,51;34,30;4,04;138,48;-0,98
16,10.2019 13:21:03;34.4;4.32;308.1;878.0885140570085;293.35;Module 1,1_10;931.71;148,61;34,26;4,24;145,22;3,39
16,10.2019 13:23:01;34;3.6;308.1;787.5565483070864;293.57;Module 1,1_10;835.52;122,40;34,36;3,79;130,39;-7,99
16,10.2019 13:24:54;34.4;4.25;308.1;880.7174979844374;294;Module 1,1_10;934.22;146,20;34,25;4,25;145,65;0,55
16,10.2019 13:26:46;34.6;4.28;308.1;824.0132791051044;294.03;Module 1,1_10;873.95;148,09;34,32;3,97;136,38;11,70
16,10.2019 13:28:51;34.2;1.03;308.1;205.4895599117236;294.08;Module 1,1_10;217.91;35,23;33,66;0,93;31,31;3,91
16,10.2019 13:30:44;32.6;3.28;308.1;405.60989229590325;293.75;Module 1,1_10;430.07;106,93;34,38;1,92;65,86;41,07
16,10.2019 13:32:37;33;1.02;308.1;778.2051078032232;293.27;Module 1,1_10;825.03;33,66;34,37;3,75;128,84;-95,18
16,10.2019 13:34:32;33.3;1.23;308.1;250.97202536031148;293.21;Module 1,1_10;266.04;40,96;33,93;1,15;39,16;1,80
16,10.2019 13:36:30;33.9;1.08;308.1;217.67928875217527;292.6;Module 1,1_10;230.72;36,61;33,74;0,99;33,41;3,20
16,10.2019 13:38:27;34.3;3.61;308.1;330.9261632231555;292.2;Module 1,1_10;350.71;123,82;34,23;1,55;52,97;70,85
16,10.2019 13:40:20;34.3;3.39;306;627.0930445750982;292.11;Module 1,1_10;664.51;116,28;34,84;3,01;104,71;11,57
16,10.2019 13:42:14;35.2;4.41;306;802.2614736523589;292.1;Module 1,1_10;850.04;155,23;34,71;3,87;134,21;21,02
16,10.2019 13:44:07;33.7;1.31;306;258.6064476605234;292.14;Module 1,1_10;273.98;44,15;34,34;1,19;40,90;3,25
16,10.2019 13:45:59;34.1;1.34;306;263.6438480952815;291.94;Module 1,1_10;279.29;45,69;34,37;1,22;41,78;3,92
16,10.2019 13:47:53;35.2;1.61;306;323.8434253384802;292.28;Module 1,1_10;343.03;56,67;34,58;1,51;52,29;4,38
16,10.2019 13:49:58;34.1;1.8;303.5;343.2115782084699;292.25;Module 1,1_10;363.51;61,38;35,08;1,61;56,35;5,03
16,10.2019 13:51:55;34.2;1.64;303.5;340.8242752865036;292.56;Module 1,1_10;360.95;56,09;35,07;1,59;55,93;0,16
16,10.2019 13:53:49;34.9;4.39;303.5;930.7110758768191;293.02;Module 1,1_10;985.59;153,21;34,98;4,50;157,32;-4,11
16,10.2019 13:55:42;35;1.99;303.5;410.98933229649924;293.75;Module 1,1_10;435.19;69,65;35,20;1,94;68,30;1,35
16,10.2019 13:57:46;33.4;1.77;303.5;563.3450657912235;294.12;Module 1,1_10;596.47;59,12;35,29;2,69;94,96;-35,84
16,10.2019 13:59:40;33.9;1.62;306;326.4199404900051;294.33;Module 1,1_10;345.59;54,92;34,59;1,52;52,74;2,18
16,10.2019 14:01:33;34.2;1.49;306;295.83599015202105;294.14;Module 1,1_10;313.19;50,96;34,49;1,37;47,40;3,56
16,10.2019 14:03:26;33.6;1.2;306;236.94549448969997;293.82;Module 1,1_10;250.83;40,32;34,23;1,08;37,12;3,20
16,10.2019 14:05:27;33.5;1.16;306;232.17935085370522;293.35;Module 1,1_10;245.77;38,86;34,21;1,06;36,28;2,58
16,10.2019 14:07:19;33.7;1.02;306;202.56378416083368;292.75;Module 1,1_10;214.41;34,37;34,02;0,92;31,13;3,25
16,10.2019 14:09:13;34.2;1.29;306;261.22627645910484;292.42;Module 1,1_10;276.49;44,12;34,36;1,20;41,35;2,76
16,10.2019 14:11:06;34.4;1.31;306;260.7084302562015;292.34;Module 1,1_10;275.93;45,06;34,35;1,20;41,26;3,80
16,10.2019 14:13:30;34.2;1.28;303.5;249.85508276269172;291.99;Module 1,1_10;264.43;43,78;34,75;1,15;39,84;3,93
16,10.2019 14:15:24;34.8;1.16;303.5;224.3603905128744;291.79;Module 1,1_10;237.44;40,37;34,62;1,02;35,34;5,03
16,10.2019 14:17:18;34.2;1.02;303.5;196.6047193356968;291.59;Module 1,1_10;208.06;34,88;34,42;0,88;30,45;4,43
16,10.2019 14:19:17;34.2;1.08;302.5;208.7339477277126;291.3;Module 1,1_10;220.89;36,94;34,70;0,94;32,74;4,20
16,10.2019 14:21:46;34.5;1.19;302.5;229.59565276528338;291.09;Module 1,1_10;242.96;41,05;34,82;1,05;36,44;4,62
16,10.2019 14:23:41;34.7;1.43;302;274.93144159275573;291.08;Module 1,1_10;290.93;49,62;35,13;1,27;44,59;5,03
16,10.2019 14:25:42;34.7;1.52;302;298.91001886771113;291.12;Module 1,1_10;316.3;52,74;35,22;1,39;48,86;3,88
16,10.2019 14:27:34;34.8;1.53;302;297.97659791842426;291.15;Module 1,1_10;315.31;53,24;35,22;1,38;48,70;4,55
16,10.2019 14:29:28;34.6;1.45;300.5;284.3123901387679;291.17;Module 1,1_10;300.85;50,17;35,44;1,31;46,59;3,58
16,10.2019 14:31:25;34.5;1.31;300.5;262.4251613061292;291.07;Module 1,1_10;277.69;45,20;35,34;1,21;42,66;2,53
16,10.2019 14:33:25;34.8;1.52;300;300.79154846002115;291.14;Module 1,1_10;318.29;52,90;35,58;1,40;49,66;3,23
16,10.2019 14:35:25;34.8;1.5;300;302.6972327154159;291.21;Module 1,1_10;320.31;52,20;35,59;1,41;50,01;2,19
16,10.2019 14:37:39;35;1.53;300;305.1677495640979;291.28;Module 1,1_10;322.93;53,55;35,59;1,42;50,45;3,10
16,10.2019 14:39:31;34.9;1.46;300.5;295.69311677806775;291.34;Module 1,1_10;312.91;50,95;35,48;1,37;48,63;2,32
16,10.2019 14:41:25;34.8;1.54;300.5;292.0856676345492;291.31;Module 1,1_10;309.1;53,59;35,46;1,35;47,98;5,61
16,10.2019 14:43:22;34.8;1.41;300.5;278.38504400571884;291.31;Module 1,1_10;294.61;49,07;35,41;1,29;45,53;3,54
16,10.2019 14:45:15;34.6;1.23;300.5;247.9123968787801;291.27;Module 1,1_10;262.37;42,56;35,28;1,14;40,06;2,50
16,10.2019 14:47:26;34.5;1.1;300;225.9147474804205;291.3;Module 1,1_10;239.1;37,95;35,25;1,03;36,20;1,75
16,10.2019 14:49:20;34.6;1.09;300;224.52557401142982;291.13;Module 1,1_10;237.64;37,71;35,24;1,02;35,95;1,76
16,10.2019 14:51:13;34.9;1.42;300;300.6538918713005;291;Module 1,1_10;318.23;49,56;35,58;1,40;49,64;-0,08
16,10.2019 14:53:07;35.3;1.64;300;340.99655112624407;291.11;Module 1,1_10;360.95;57,89;35,70;1,59;56,89;1,00
16,10.2019 14:55:00;35.6;1.91;300;389.34413911213;291.36;Module 1,1_10;412.15;68,00;35,79;1,83;65,57;2,43
16,10.2019 14:56:54;35.3;3.41;300;850.7702983244815;291.78;Module 1,1_10;900.66;120,37;35,70;4,10;146,47;-26,10
16,10.2019 14:58:47;35.3;4.17;300.5;875.1966193602451;292.74;Module 1,1_10;926.58;147,20;35,58;4,22;150,27;-3,06
16,10.2019 15:00:40;35.9;3.72;300.5;848.2546518339107;293.88;Module 1,1_10;898.12;133,55;35,61;4,09;145,70;-12,15
16,10.2019 15:02:32;35.8;3.88;303.5;886.6377066063185;294.71;Module 1,1_10;938.83;138,90;35,05;4,28;150,01;-11,10
16,10.2019 15:04:25;35.6;3.72;303.5;873.0338501577921;295.71;Module 1,1_10;924.5;132,43;35,06;4,21;147,74;-15,31
16,10.2019 15:06:18;35.2;3.87;303.5;810.7895773739734;296.21;Module 1,1_10;858.66;136,22;35,13;3,91;137,31;-1,09
16,10.2019 15:08:35;34.9;3.47;306.5;828.874568414121;296.6;Module 1,1_10;877.91;121,10;34,59;4,00;138,29;-17,18
16,10.2019 15:10:27;35.1;3.34;306.5;584.8511812996467;296.3;Module 1,1_10;619.51;117,23;34,76;2,80;97,26;19,98
16,10.2019 15:12:22;33.5;4.6;308.6;896.0787428703264;295.83;Module 1,1_10;949.28;154,10;34,15;4,33;147,77;6,33
16,10.2019 15:14:14;34;2.23;308.6;500.1584845788585;295.49;Module 1,1_10;529.91;75,82;34,38;2,38;81,87;-6,05
16,10.2019 15:16:09;35.2;1.36;308.6;276.87649067806285;295.37;Module 1,1_10;293.38;47,87;33,95;1,28;43,53;4,35
16,10.2019 15:18:02;35.2;2.45;310.1;572.5128757019816;295.12;Module 1,1_10;606.71;86,24;34,13;2,74;93,45;-7,21
16,10.2019 15:19:54;33.7;1.36;310.1;285.1692221225741;294.67;Module 1,1_10;302.24;45,83;33,72;1,32;44,62;1,21
16,10.2019 15:21:47;33.9;1.7;310.1;340.51907698288187;294.28;Module 1,1_10;360.95;57,63;33,89;1,60;54,09;3,54
16,10.2019 15:24:18;34.8;1.45;308.6;278.7889885004932;293.58;Module 1,1_10;295.57;50,46;33,96;1,29;43,86;6,60
16,10.2019 15:26:11;35.9;2.8;308.6;641.093625321438;293.64;Module 1,1_10;679.78;100,52;34,38;3,08;105,71;-5,19
16,10.2019 15:28:05;34.6;1.64;308.1;350.0128427958213;294.14;Module 1,1_10;371.19;56,74;34,27;1,64;56,27;0,47
16,10.2019 15:29:58;35.3;1.75;308.1;383.74850354637715;294.22;Module 1,1_10;407.03;61,77;34,34;1,81;62,09;-0,32
16,10.2019 15:31:53;34.8;1.81;306.5;419.8830586278925;294.03;Module 1,1_10;445.43;62,99;34,68;1,99;68,86;-5,87
16,10.2019 15:33:45;34.9;1.88;306.5;405.3365729947918;293.87;Module 1,1_10;430.07;65,61;34,66;1,91;66,33;-0,72
16,10.2019 15:35:38;34.7;1.51;306.5;316.00888125688164;293.64;Module 1,1_10;335.35;52,40;34,47;1,47;50,80;1,60
16,10.2019 15:37:33;34.1;1.21;305;243.78187693423192;293.23;Module 1,1_10;258.75;41,26;34,45;1,12;38,49;2,77
16,10.2019 15:39:32;34;1.13;305;223.80168745949211;292.9;Module 1,1_10;237.59;38,42;34,34;1,02;34,99;3,43
16,10.2019 15:41:29;33.9;1.06;305;210.76003486287712;292.6;Module 1,1_10;223.79;35,93;34,26;0,95;32,71;3,22
16,10.2019 15:43:26;33.4;0.91;304.5;176.48013938585228;292.36;Module 1,1_10;187.43;30,39;34,08;0,79;26,79;3,61
16,10.2019 15:45:21;33.5;0.89;304.5;169.2786560656092;292.2;Module 1,1_10;179.82;29,82;34,01;0,75;25,53;4,28
16,10.2019 15:47:16;33.4;0.71;302.5;135.83917352243859;291.98;Module 1,1_10;144.33;23,71;33,98;0,59;19,90;3,81
16,10.2019 15:49:11;32.9;0.64;302.5;121.05398220233226;291.78;Module 1,1_10;128.65;21,06;33,75;0,51;17,32;3,73
16,10.2019 15:51:08;32.8;0.61;302.5;114.03527464676846;291.6;Module 1,1_10;121.22;20,01;33,63;0,48;16,11;3,90
16,10.2019 15:53:01;32.9;0.61;302;114.64745477994904;291.45;Module 1,1_10;121.9;20,07;33,73;0,48;16,25;3,82
16,10.2019 15:55:06;32.3;0.54;302;97.67273322049621;291.21;Module 1,1_10;103.88;17,44;33,37;0,40;13,31;4,13
16,10.2019 15:56:59;32.4;0.47;300;85.17378504322916;291.12;Module 1,1_10;90.61;15,23;33,38;0,34;11,26;3,97
16,10.2019 15:58:51;32.3;0.4;300;69.28829570710457;290.94;Module 1,1_10;73.73;12,92;32,80;0,26;8,54;4,38
16,10.2019 16:00:44;31.9;0.33;298.5;56.031776709357125;290.85;Module 1,1_10;59.64;10,53;32,32;0,20;6,34;4,19
16,10.2019 16:02:52;31.1;0.26;298.5;45.11910661339259;290.72;Module 1,1_10;48.04;8,09;31,31;0,14;4,54;3,55
16,10.2019 16:04:45;31.1;0.21;298.5;36.40207857740592;290.49;Module 1,1_10;38.77;6,53;29,79;0,11;3,15;3,38
16,10.2019 16:06:47;31.1;0.17;296.5;29.838649943273836;290.25;Module 1,1_10;31.79;5,29;27,36;0,08;2,18;3,11
16,10.2019 16:08:40;31.3;0.17;296.5;30.852110825825655;290.04;Module 1,1_10;32.88;5,32;27,95;0,08;2,32;3,00
16,10.2019 16:10:43;31;0.2;296.5;34.940327643568;289.9;Module 1,1_10;37.25;6,20;29,65;0,10;2,93;3,27
16,10.2019 16:12:39;31.8;0.26;296;45.730402213861844;289.76;Module 1,1_10;48.77;8,27;31,80;0,15;4,66;3,61
16,10.2019 16:14:31;31.3;0.25;296;43.38082723398222;289.66;Module 1,1_10;46.28;7,83;31,49;0,14;4,28;3,55
16,10.2019 16:16:24;31.7;0.22;294.5;37.90262776339478;289.58;Module 1,1_10;40.45;6,97;30,73;0,11;3,40;3,57
16,10.2019 16:18:27;31.2;0.22;294.5;38.45891927042625;289.5;Module 1,1_10;41.06;6,86;30,86;0,11;3,49;3,37
16,10.2019 16:20:20;31.2;0.23;294.5;41.861914755690606;289.42;Module 1,1_10;44.71;7,18;31,51;0,13;4,04;3,14
16,10.2019 16:22:13;31.6;0.27;294.5;49.51096184905978;289.39;Module 1,1_10;52.9;8,53;32,47;0,16;5,31;3,22
16,10.2019 16:24:06;32.3;0.42;294.5;76.56625774218215;289.35;Module 1,1_10;81.84;13,57;34,08;0,29;9,98;3,59
16,10.2019 16:26:11;36.4;0;294.5;96.42153222685792;289.41;Module 1,1_10;103.11;0,00;34,69;0,39;13,50;-13,50
16,10.2019 16:28:04;39.7;0;294.5;101.83925117737053;289.48;Module 1,1_10;108.95;0,00;34,81;0,42;14,47;-14,47
16,10.2019 16:29:57;39.8;0;294.5;111.73568195010868;289.53;Module 1,1_10;119.59;0,00;35,02;0,46;16,24;-16,24
16,10.2019 16:31:09;39.8;0;298;119.90460411882177;289.56;Module 1,1_10;128.37;0,00;34,54;0,51;17,46;-17,46
16,10.2019 16:31:49;40;0;298;127.47782636127717;289.59;Module 1,1_10;136.5;0,00;34,66;0,54;18,81;-18,81
16,10.2019 16:33:26;40.1;0;298;132.17852511587503;289.67;Module 1,1_10;141.59;0,00;34,73;0,57;19,65;-19,65
16,10.2019 16:34:06;40.1;0;298;125.23069706991345;289.71;Module 1,1_10;134.17;0,00;34,63;0,53;18,41;-18,41
16,10.2019 16:35:19;39.9;0;298.5;111.94195552855442;289.77;Module 1,1_10;119.97;0,00;34,30;0,47;16,01;-16,01
16,10.2019 16:35:59;39.6;0;298.5;105.04694807819607;289.8;Module 1,1_10;112.6;0,00;34,16;0,43;14,80;-14,80
16,10.2019 16:37:17;39.5;0;298.5;89.6603072446215;289.82;Module 1,1_10;96.14;0,00;33,79;0,36;12,10;-12,10
16,10.2019 16:37:57;39.5;0;298.5;84.4040042321801;289.84;Module 1,1_10;90.52;0,00;33,63;0,33;11,19;-11,19
16,10.2019 16:39:10;39.5;0.45;298.5;82.09235477333552;289.83;Module 1,1_10;88.07;17,78;33,55;0,32;10,79;6,99
16,10.2019 16:39:50;36.4;0.45;298.5;82.17975023225435;289.82;Module 1,1_10;88.18;16,38;33,56;0,32;10,80;5,58
16,10.2019 16:41:07;39.5;0.38;298.5;74.23139270971367;289.79;Module 1,1_10;79.68;15,01;33,27;0,28;9,43;5,58
16,10.2019 16:41:48;32;0.38;298.5;67.92972582610456;289.77;Module 1,1_10;72.93;12,16;33,00;0,25;8,35;3,81
16,10.2019 16:43:40;31.9;0.3;298.5;55.52073927360546;289.71;Module 1,1_10;59.64;9,57;32,28;0,19;6,25;3,32
16,10.2019 16:45:35;32.1;0.33;296;60.58736281653472;289.64;Module 1,1_10;65.12;10,59;33,05;0,22;7,16;3,43
16,10.2019 16:47:27;31.9;0.35;296;67.57277336379505;289.58;Module 1,1_10;72.67;11,16;33,43;0,25;8,36;2,80
16,10.2019 16:49:36;32.5;0.39;294.5;75.74986586717263;289.6;Module 1,1_10;81.52;12,68;34,05;0,29;9,83;2,84
16,10.2019 16:51:29;32.7;0.38;294.5;72.0066850790379;289.59;Module 1,1_10;77.54;12,43;33,90;0,27;9,18;3,25
16,10.2019 16:53:30;31.8;0.32;294.5;61.40571302786885;289.57;Module 1,1_10;66.17;10,18;33,37;0,22;7,33;2,84
16,10.2019 16:55:38;31.4;0.21;294.5;38.251082473095735;289.45;Module 1,1_10;41.25;6,59;30,81;0,11;3,46;3,14
16,10.2019 16:57:32;30.9;0.17;294.5;33.266886231051885;289.37;Module 1,1_10;35.9;5,25;29,28;0,09;2,68;2,57
16,10.2019 16:59:25;31;0.14;294;28.511379434101002;289.28;Module 1,1_10;30.79;4,34;26,56;0,07;1,99;2,35
16,10.2019 17:01:18;31;0.12;294;25.436891336688227;289.2;Module 1,1_10;27.49;3,72;23,98;0,07;1,59;2,13
16,10.2019 17:03:11;31.3;0.13;294;26.45315150028947;289.14;Module 1,1_10;28.61;4,07;24,88;0,07;1,71;2,36
16,10.2019 17:05:12;30.9;0.15;294;29.33175844973016;289.04;Module 1,1_10;31.75;4,63;27,16;0,08;2,10;2,53
16,10.2019 17:07:16;30.8;0.18;294;35.72049941901035;288.99;Module 1,1_10;38.7;5,54;30,21;0,10;3,06;2,49
16,10.2019 17:09:09;31.3;0.23;294;43.335728152757085;289;Module 1,1_10;46.99;7,20;31,81;0,13;4,28;2,91
16,10.2019 17:11:02;31.8;0.3;294;52.051575900308116;288.99;Module 1,1_10;56.49;9,54;32,79;0,18;5,74;3,80
16,10.2019 17:12:55;32.5;0.32;294;58.0254190900515;289.03;Module 1,1_10;63.03;10,40;33,25;0,20;6,76;3,64
16,10.2019 17:14:56;31.7;0.3;294;54.877325029168496;289.06;Module 1,1_10;59.67;9,51;33,02;0,19;6,22;3,29
16,10.2019 17:16:49;31.4;0.28;294;50.294628294445026;289.07;Module 1,1_10;54.74;8,79;32,63;0,17;5,45;3,35
16,10.2019 17:18:42;31.4;0.29;294;52.55731867225924;289.07;Module 1,1_10;57.26;9,11;32,84;0,18;5,83;3,28
16,10.2019 17:21:08;31.1;0.24;294;42.99021131944378;289.07;Module 1,1_10;46.9;7,46;31,76;0,13;4,23;3,24
16,10.2019 17:23:00;31.2;0.22;294;40.16038765135896;289.07;Module 1,1_10;43.86;6,86;31,28;0,12;3,77;3,10
16,10.2019 17:24:59;31.2;0.26;294;46.971987839555624;289.08;Module 1,1_10;51.36;8,11;32,28;0,15;4,89;3,22
16,10.2019 17:26:52;31.8;0.33;294;60.04398521668267;289.09;Module 1,1_10;65.73;10,49;33,38;0,21;7,11;3,38
16,10.2019 17:28:45;32.2;0.34;294;58.89452727668426;289.11;Module 1,1_10;64.55;10,95;33,30;0,21;6,91;4,04
16,10.2019 17:30:54;31.8;0.26;294;47.47590893859221;289.12;Module 1,1_10;52.11;8,27;32,34;0,15;4,97;3,30
16,10.2019 17:32:50;31.2;0.23;294;40.779044192707445;289.14;Module 1,1_10;44.82;7,18;31,40;0,12;3,87;3,31
16,10.2019 17:34:43;31;0.23;294;40.477928627287255;289.14;Module 1,1_10;44.55;7,13;31,34;0,12;3,82;3,31
16,10.2019 17:36:37;31.1;0.19;294;34.985145872821306;289.13;Module 1,1_10;38.56;5,91;29,98;0,10;2,94;2,96
16,10.2019 17:38:42;31.1;0.17;294;32.337127072369285;289.11;Module 1,1_10;35.7;5,29;28,92;0,09;2,54;2,75
16,10.2019 17:40:35;31;0.19;294;34.66563175015;289.08;Module 1,1_10;38.33;5,89;29,87;0,10;2,89;3,00
16,10.2019 17:42:28;31;0.2;294;36.16277629475663;289.07;Module 1,1_10;40.05;6,20;30,34;0,10;3,13;3,07
16,10.2019 17:44:12;31.1;0.2;292.4;36.34130626891801;289.04;Module 1,1_10;40.31;6,22;30,61;0,10;3,16;3,06
16,10.2019 17:46:04;31.1;0.19;292.4;35.60336384782531;289.04;Module 1,1_10;39.56;5,91;30,38;0,10;3,04;2,87
16,10.2019 17:47:57;31.4;0.2;294;36.15827624735578;289.02;Module 1,1_10;40.25;6,28;30,34;0,10;3,13;3,15
16,10.2019 17:49:50;31.1;0.2;294;36.053510266413426;289;Module 1,1_10;40.21;6,22;30,31;0,10;3,11;3,11
16,10.2019 17:51:52;31.2;0.2;294;36.253187182904746;289;Module 1,1_10;40.52;6,24;30,37;0,10;3,14;3,10
16,10.2019 17:53:44;31.1;0.17;294;31.258459132663692;289;Module 1,1_10;35.01;5,29;28,37;0,08;2,38;2,91
16,10.2019 17:55:37;31.1;0.16;294;30.23674732551595;288.96;Module 1,1_10;33.94;4,98;27,77;0,08;2,23;2,74
16,10.2019 17:57:30;30.9;0.18;292.4;32.89607533013937;288.94;Module 1,1_10;37.01;5,56;29,34;0,09;2,62;2,94
16,10.2019 17:59:40;31.1;0.2;292.4;38.955999567945845;288.93;Module 1,1_10;43.95;6,22;31,27;0,11;3,58;2,64
16,10.2019 18:01:33;31.6;0.28;292.4;50.633055603845904;288.96;Module 1,1_10;57.27;8,85;32,94;0,17;5,52;3,32
16,10.2019 18:03:27;31.8;0.35;292.4;61.60575742040752;289;Module 1,1_10;69.87;11,13;33,75;0,22;7,42;3,71
16,10.2019 18:05:23;32.4;0.36;292.4;63.03593649042831;289.05;Module 1,1_10;71.7;11,66;33,84;0,23;7,66;4,00
16,10.2019 18:07:39;31.8;0.39;293.5;66.82944220046129;289.13;Module 1,1_10;76.29;12,40;33,84;0,25;8,30;4,10
16,10.2019 18:09:33;32.5;0.36;293.5;63.401628044180576;289.18;Module 1,1_10;72.61;11,70;33,66;0,23;7,70;4,00
16,10.2019 18:11:26;31.7;0.33;293.5;56.53096843403802;289.22;Module 1,1_10;64.96;10,46;33,23;0,20;6,52;3,95
16,10.2019 18:13:19;31.3;0.26;294;44.545150018902596;289.25;Module 1,1_10;51.37;8,14;31,98;0,14;4,48;3,65
16,10.2019 18:15:16;31.2;0.22;294;40.6394134404575;289.25;Module 1,1_10;47.05;6,86;31,38;0,12;3,84;3,02
16,10.2019 18:17:16;31.4;0.23;294;40.130242151881816;289.26;Module 1,1_10;46.66;7,22;31,27;0,12;3,76;3,46
16,10.2019 18:19:09;30.7;0.22;294;40.00938736199882;289.25;Module 1,1_10;46.72;6,75;31,25;0,12;3,74;3,01
16,10.2019 18:21:24;31.5;0.19;294;35.19046270800748;289.22;Module 1,1_10;41.32;5,99;30,05;0,10;2,98;3,01
16,10.2019 18:23:17;31;0.17;294;30.457042101199555;289.15;Module 1,1_10;35.94;5,27;27,90;0,08;2,26;3,01
16,10.2019 18:25:12;31;0.19;294;34.32159236598241;289.06;Module 1,1_10;40.72;5,89;29,75;0,10;2,84;3,05
16,10.2019 18:27:07;31.2;0.22;294;40.99403039789446;289;Module 1,1_10;48.92;6,86;31,44;0,12;3,90;2,96
16,10.2019 18:29:01;31.3;0.21;294;43.755009886306226;288.96;Module 1,1_10;52.54;6,57;31,88;0,14;4,35;2,22
16,10.2019 18:30:55;31.6;0.2;294;40.09586166258543;288.96;Module 1,1_10;48.47;6,32;31,27;0,12;3,76;2,56
16,10.2019 18:32:47;31.2;0.2;292.4;37.08425981189329;288.92;Module 1,1_10;45.15;6,24;30,82;0,11;3,28;2,96
16,10.2019 18:34:44;31;0.19;292.4;34.90345308038175;288.85;Module 1,1_10;42.84;5,89;30,15;0,10;2,93;2,96
16,10.2019 18:36:37;31.2;0.2;292.4;34.599211327282006;288.78;Module 1,1_10;42.83;6,24;30,04;0,10;2,89;3,35
16,10.2019 18:38:33;31.2;0.21;292.4;35.62972043567427;288.71;Module 1,1_10;44.53;6,55;30,39;0,10;3,05;3,50
16,10.2019 18:40:26;31.4;0.21;292.4;36.12164203385902;288.69;Module 1,1_10;45.61;6,59;30,55;0,10;3,12;3,47
16,10.2019 18:42:39;31.9;0.21;292.4;35.46012527251807;288.67;Module 1,1_10;45.38;6,70;30,34;0,10;3,02;3,68
16,10.2019 18:44:32;31.2;0.22;292.4;36.24473692018648;288.67;Module 1,1_10;46.98;6,86;30,58;0,10;3,14;3,72
16,10.2019 18:46:25;31.6;0.22;292.4;37.078533695075954;288.67;Module 1,1_10;48.75;6,95;30,82;0,11;3,28;3,68
16,10.2019 18:48:18;31.4;0.2;291.9;34.2674768596227;288.7;Module 1,1_10;45.78;6,28;29,97;0,09;2,83;3,45
16,10.2019 18:50:50;31.4;0.17;291.9;27.000653255296875;288.67;Module 1,1_10;36.98;5,34;25,38;0,07;1,78;3,56
16,10.2019 18:52:44;31;0.14;292.4;23.018060186317634;288.64;Module 1,1_10;32.22;4,34;21,76;0,06;1,30;3,04
16,10.2019 18:54:36;31.2;0.12;292.4;19.006227875838675;288.57;Module 1,1_10;27.27;3,74;17,98;0,05;0,88;2,86
16,10.2019 18:56:32;31.4;0.1;292.4;14.887921249750061;288.51;Module 1,1_10;22.01;3,14;14,09;0,04;0,54;2,60
16,10.2019 18:58:24;30.6;0.09;291.9;12.01406441713461;288.42;Module 1,1_10;18.38;2,75;11,36;0,03;0,35;2,40
16,10.2019 19:00:17;30;0.07;291.9;9.732173690295069;288.32;Module 1,1_10;15.52;2,10;9,20;0,03;0,23;1,87
16,10.2019 19:02:12;30.1;0;291.9;8.382604079869951;288.23;Module 1,1_10;14.08;0,00;7,93;0,02;0,17;-0,17
16,10.2019 19:04:05;29.3;0;291.9;7.732561476005175;288.15;Module 1,1_10;13.85;0,00;7,31;0,02;0,15;-0,15
16,10.2019 19:05:58;29;0;291.9;6.605167263434333;288.08;Module 1,1_10;12.86;0,00;6,25;0,02;0,11;-0,11
16,10.2019 19:07:51;29.5;0;290.4;5.297633930195719;288.01;Module 1,1_10;11.55;0,00;5,01;0,01;0,07;-0,07
16,10.2019 19:09:45;27.7;0;290.4;3.8916385397303013;287.94;Module 1,1_10;10.01;0,00;3,68;0,01;0,04;-0,04
16,10.2019 19:11:38;28.6;0;289.9;2.709620553667766;287.86;Module 1,1_10;9.07;0,00;2,56;0,01;0,02;-0,02
16,10.2019 19:13:41;29.1;0;289.9;1.640659390140813;287.81;Module 1,1_10;8.54;0,00;1,55;0,00;0,01;-0,01
16,10.2019 19:15:33;30.5;0;289.9;1.4639138820694377;287.77;Module 1,1_10;7.62;0,00;1,38;0,00;0,01;-0,01
16,10.2019 19:17:26;30.4;0;290.4;1.156530389771393;287.71;Module 1,1_10;6.02;0,00;1,09;0,00;0,00;-0,00
16,10.2019 19:19:19;32.8;0;290.4;0.8491468974733483;287.66;Module 1,1_10;4.42;0,00;0,80;0,00;0,00;-0,00
16,10.2019 19:21:18;31.9;0;291.9;0.6935340044974632;287.62;Module 1,1_10;3.61;0,00;0,66;0,00;0,00;-0,00
16,10.2019 19:23:11;30.8;0;291.9;0.6051612504617754;287.6;Module 1,1_10;3.15;0,00;0,57;0,00;0,00;-0,00
16,10.2019 19:25:08;29.6;0;291.9;0.0001;287.56;Module 1,1_10;2.15;0,00;0,00;0,00;0,00;0,00
16,10.2019 19:27:02;29.6;0;291.9;0.0001;287.52;Module 1,1_10;1.78;0,00;0,00;0,00;0,00;0,00
16,10.2019 19:29:03;29.6;0;291.9;0.0001;287.48;Module 1,1_10;1.38;0,00;0,00;0,00;0,00;0,00
17,10.2019 08:57:46;30;0;282.4;9.765643743343738;282.87;Module 1,1_10;12.85;0,00;9,20;0,03;0,23;-0,23
17,10.2019 08:59:39;31.1;0;282.4;11.275264011811922;282.92;Module 1,1_10;14.7;0,00;10,63;0,03;0,31;-0,31
17,10.2019 09:01:35;31.6;0;284.4;12.5283267960584;283;Module 1,1_10;16.19;0,00;11,81;0,03;0,38;-0,38
17,10.2019 09:03:30;30.9;0.08;284.4;13.778034937954002;283.06;Module 1,1_10;17.66;2,47;12,99;0,04;0,46;2,01
17,10.2019 09:05:23;30.8;0.09;284.4;15.89440148436933;283.11;Module 1,1_10;20.22;2,77;14,98;0,04;0,61;2,16
17,10.2019 09:07:17;30.8;0.1;284.4;18.612661722619606;283.16;Module 1,1_10;23.51;3,08;17,55;0,05;0,84;2,24
17,10.2019 09:09:18;30.8;0.13;284.4;22.675971836384143;283.22;Module 1,1_10;28.44;4,00;21,38;0,06;1,25;2,75
17,10.2019 09:11:11;32;0.15;286.4;26.058994573279936;283.27;Module 1,1_10;32.48;4,80;24,55;0,07;1,65;3,15
17,10.2019 09:13:06;32.1;0.17;286.4;28.104004009637737;283.34;Module 1,1_10;34.82;5,46;26,38;0,07;1,92;3,53
17,10.2019 09:15:00;31.9;0.16;286.4;27.214862889128025;283.42;Module 1,1_10;33.53;5,10;25,59;0,07;1,80;3,30
17,10.2019 09:16:53;32.1;0.15;286.4;25.783571360578833;283.5;Module 1,1_10;31.6;4,82;24,29;0,07;1,62;3,20
17,10.2019 09:18:49;32;0.14;286.4;26.112618209355148;283.57;Module 1,1_10;31.84;4,48;24,59;0,07;1,66;2,82
17,10.2019 09:20:50;32.1;0.15;286.9;27.110416570603473;283.62;Module 1,1_10;32.89;4,82;25,50;0,07;1,79;3,02
17,10.2019 09:22:44;32.2;0.16;286.9;28.822976006850993;283.67;Module 1,1_10;34.81;5,15;26,98;0,07;2,02;3,13
17,10.2019 09:24:37;32.7;0.16;286.9;30.343124739526743;283.69;Module 1,1_10;36.49;5,23;28,18;0,08;2,24;2,99
17,10.2019 09:26:31;32.6;0.17;286.4;31.870493218800036;283.72;Module 1,1_10;38.17;5,54;29,26;0,08;2,47;3,08
17,10.2019 09:28:23;32.5;0.18;286.4;33.65278784337452;283.75;Module 1,1_10;40.15;5,85;30,26;0,09;2,74;3,11
17,10.2019 09:30:18;32.2;0.19;286.4;36.03463056344927;283.76;Module 1,1_10;42.83;6,12;31,27;0,10;3,12;3,00
17,10.2019 09:32:19;32.5;0.22;286.4;40.24186429946123;283.81;Module 1,1_10;47.65;7,15;32,45;0,12;3,81;3,34
17,10.2019 09:34:11;32.6;0.27;286.4;49.401197701691856;283.86;Module 1,1_10;58.3;8,80;33,83;0,16;5,38;3,42
17,10.2019 09:36:04;32.9;0.34;287.4;60.55321887376375;283.94;Module 1,1_10;71.23;11,19;34,56;0,21;7,33;3,85
17,10.2019 09:37:57;33.6;0.39;287.4;69.10686715699299;284.03;Module 1,1_10;81.04;13,10;35,03;0,25;8,87;4,24
17,10.2019 09:39:53;33.7;0.43;287.4;75.40845147494545;284.17;Module 1,1_10;88.16;14,49;35,30;0,28;10,01;4,48
17,10.2019 09:41:48;33.4;0.44;287.4;75.64505233342885;284.25;Module 1,1_10;88.18;14,70;35,31;0,28;10,05;4,64
17,10.2019 09:43:41;34;0.42;287.4;72.56687395563164;284.35;Module 1,1_10;84.36;14,28;35,19;0,27;9,49;4,79
17,10.2019 09:45:33;33.8;0.4;288.4;70.2299333383497;284.42;Module 1,1_10;81.43;13,52;34,91;0,26;9,04;4,48
17,10.2019 09:47:44;33.4;0.4;288.4;71.37065190353503;284.49;Module 1,1_10;82.51;13,36;34,95;0,26;9,25;4,11
17,10.2019 09:49:48;33.4;0.41;289.9;75.65472884213935;284.57;Module 1,1_10;87.23;13,69;34,87;0,29;9,97;3,72
17,10.2019 09:51:41;34.4;0.42;289.9;79.18729116508413;284.62;Module 1,1_10;91.09;14,45;35,00;0,30;10,61;3,84
17,10.2019 09:53:34;34.6;0.44;289.9;82.59841046560265;284.72;Module 1,1_10;94.8;15,22;35,12;0,32;11,22;4,00
17,10.2019 09:55:43;34.7;0.46;290.4;87.71200171251495;284.84;Module 1,1_10;100.42;15,96;35,19;0,34;12,13;3,83
17,10.2019 09:57:38;35;0.56;290.4;105.33484596925928;284.95;Module 1,1_10;120.34;19,60;35,63;0,43;15,34;4,26
17,10.2019 09:59:30;35.5;0.77;290.4;213.19644654135098;285.14;Module 1,1_10;243.08;27,34;36,88;0,96;35,39;-8,06
17,10.2019 10:01:23;30.5;1.01;290.4;253.53564444216153;285.65;Module 1,1_10;288.51;30,80;37,09;1,16;42,97;-12,16
17,10.2019 10:03:17;37.2;0.83;290.4;179.88484340133868;286;Module 1,1_10;204.31;30,88;36,63;0,80;29,15;1,72
17,10.2019 10:05:17;38;0.72;291.9;154.95981139372418;286.27;Module 1,1_10;175.66;27,36;36,13;0,67;24,35;3,01
17,10.2019 10:07:15;36.9;0.85;291.9;245.80663043588183;286.61;Module 1,1_10;278.13;31,36;36,80;1,12;41,25;-9,88
17,10.2019 10:09:16;38.9;0.88;294;299.1848195019644;287.1;Module 1,1_10;337.91;34,23;36,64;1,38;50,74;-16,51
17,10.2019 10:11:15;39.3;0.61;294;122.90281715989224;287.34;Module 1,1_10;138.57;23,97;35,31;0,52;18,30;5,68
17,10.2019 10:13:08;36.6;0.75;294;186.16358239280535;287.28;Module 1,1_10;209.56;27,45;36,05;0,83;29,86;-2,41
17,10.2019 10:15:00;37.1;0.74;294.5;164.61599392666142;287.29;Module 1,1_10;185.02;27,45;35,76;0,72;25,85;1,60
17,10.2019 10:16:53;36.6;0.79;294.5;175.15546463403163;287.27;Module 1,1_10;196.57;28,91;35,86;0,77;27,78;1,13
17,10.2019 10:18:36;37.2;0.75;295.5;199.1405999707029;287.26;Module 1,1_10;223.19;27,90;35,88;0,89;32,04;-4,14
17,10.2019 10:20:29;38;0.72;295.5;175.50440571441138;287.26;Module 1,1_10;196.42;27,36;35,69;0,78;27,72;-0,36
17,10.2019 10:23:02;36.7;0.69;296;149.53970830364796;287.28;Module 1,1_10;167.05;25,32;35,33;0,65;22,95;2,37
17,10.2019 10:24:55;36.5;0.74;296;161.21197529631317;287.35;Module 1,1_10;179.85;27,01;35,45;0,71;25,07;1,94
17,10.2019 10:26:52;35.6;0.68;296;141.46563560880588;287.32;Module 1,1_10;157.61;24,21;35,23;0,61;21,49;2,72
17,10.2019 10:28:45;35.6;0.63;295.5;132.8539812938562;287.32;Module 1,1_10;147.83;22,43;35,20;0,57;19,98;2,45
17,10.2019 10:30:38;35.7;0.65;295.5;141.70820014801632;287.32;Module 1,1_10;157.49;23,21;35,32;0,61;21,58;1,63
17,10.2019 10:32:32;36.2;0.68;295.5;152.24707566162073;287.35;Module 1,1_10;169;24,62;35,45;0,66;23,49;1,13
17,10.2019 10:34:27;35.8;0.53;296;111.60484458007555;287.37;Module 1,1_10;123.74;18,97;34,75;0,46;16,12;2,85
17,10.2019 10:36:19;34.3;0.43;296;86.718009332989;287.4;Module 1,1_10;96.04;14,75;34,16;0,34;11,70;3,05
17,10.2019 10:38:13;33.1;0.35;294.5;69.42220337622015;287.37;Module 1,1_10;76.8;11,58;33,78;0,26;8,72;2,86
17,10.2019 10:40:07;32.9;0.33;294.5;65.89544424866884;287.21;Module 1,1_10;72.82;10,86;33,62;0,24;8,11;2,75
17,10.2019 10:42:01;32.3;0.42;294.5;78.33861706233643;287.05;Module 1,1_10;86.48;13,57;34,15;0,30;10,29;3,28
17,10.2019 10:43:55;33.1;0.43;294;81.07560614758947;286.96;Module 1,1_10;89.41;14,23;34,33;0,31;10,79;3,44
17,10.2019 10:45:48;32.9;0.41;294;74.24827088829372;286.91;Module 1,1_10;81.8;13,49;34,08;0,28;9,59;3,90
17,10.2019 10:47:49;32.5;0.35;294;66.59249281195842;286.87;Module 1,1_10;73.29;11,38;33,74;0,24;8,25;3,13
17,10.2019 10:49:43;32.5;0.35;294;66.41905675958975;286.84;Module 1,1_10;73.03;11,38;33,73;0,24;8,22;3,16
17,10.2019 10:51:58;32.4;0.34;292.4;65.90881304147187;286.84;Module 1,1_10;72.39;11,02;33,99;0,24;8,17;2,85
17,10.2019 10:53:51;32.6;0.36;292.4;72.01828273374454;286.81;Module 1,1_10;79.03;11,74;34,27;0,27;9,24;2,49
17,10.2019 10:55:50;33.1;0.43;292.4;84.02356390852059;286.78;Module 1,1_10;92.12;14,23;34,72;0,33;11,38;2,85
17,10.2019 10:57:45;33.5;0.43;292.4;84.39714467832384;286.83;Module 1,1_10;92.45;14,40;34,73;0,33;11,45;2,96
17,10.2019 10:59:38;33.4;0.41;292.4;81.57970399768149;286.92;Module 1,1_10;89.29;13,69;34,63;0,32;10,94;2,75
17,10.2019 11:01:35;33.6;0.47;294;95.50113016307786;287.02;Module 1,1_10;104.44;15,79;34,75;0,38;13,36;2,43
17,10.2019 11:03:31;33.5;0.56;294;109.23231500162933;287.1;Module 1,1_10;119.36;18,76;35,06;0,45;15,82;2,94
17,10.2019 11:05:23;34.4;0.63;294;119.85693594672153;287.22;Module 1,1_10;130.87;21,67;35,26;0,50;17,74;3,93
17,10.2019 11:07:19;34.4;0.65;294;121.22334398137608;287.36;Module 1,1_10;132.26;22,36;35,28;0,51;17,99;4,37
17,10.2019 11:09:14;34.3;0.58;294;107.04162829766692;287.52;Module 1,1_10;116.7;19,89;35,02;0,44;15,43;4,46
17,10.2019 11:11:10;34;0.43;294;79.78495091195965;287.55;Module 1,1_10;86.92;14,62;34,29;0,31;10,56;4,06
17,10.2019 11:13:05;32.4;0.39;294;71.87784383008312;287.55;Module 1,1_10;78.25;12,64;33,98;0,27;9,17;3,47
17,10.2019 11:14:58;32.9;0.39;294;73.99524527051211;287.52;Module 1,1_10;80.5;12,83;34,07;0,28;9,54;3,29
17,10.2019 11:16:51;33.1;0.41;294;75.33252352479069;287.52;Module 1,1_10;81.9;13,57;34,13;0,29;9,78;3,79
17,10.2019 11:18:52;32.5;0.39;294;72.1913268123913;287.49;Module 1,1_10;78.43;12,68;33,99;0,27;9,22;3,45
17,10.2019 11:20:45;32.7;0.41;294;74.4387934688091;287.46;Module 1,1_10;80.82;13,41;34,09;0,28;9,62;3,79
17,10.2019 11:22:39;32.8;0.38;294;68.65188718040842;287.43;Module 1,1_10;74.49;12,46;33,84;0,25;8,60;3,86
17,10.2019 11:24:32;32.2;0.38;294;69.60687481127512;287.39;Module 1,1_10;75.48;12,24;33,88;0,26;8,77;3,46
17,10.2019 11:26:37;32.8;0.5;294;92.92595534975388;287.35;Module 1,1_10;100.7;16,40;34,69;0,37;12,90;3,50
17,10.2019 11:28:30;34.3;0.64;294;115.48208415621318;287.34;Module 1,1_10;125.07;21,95;35,18;0,48;16,95;5,00
17,10.2019 11:30:24;34.6;0.73;294;135.52288896029592;287.42;Module 1,1_10;146.69;25,26;35,50;0,58;20,59;4,67
17,10.2019 11:32:16;34.5;0.72;294;134.64601919640245;287.49;Module 1,1_10;145.66;24,84;35,49;0,58;20,43;4,41
17,10.2019 11:34:17;34.4;0.7;294;129.65642869588447;287.6;Module 1,1_10;140.18;24,08;35,42;0,55;19,52;4,56
17,10.2019 11:36:10;34.4;0.72;294;135.3987897530902;287.67;Module 1,1_10;146.31;24,77;35,50;0,58;20,57;4,20
17,10.2019 11:38:11;34.5;0.8;294;148.65101901016746;287.81;Module 1,1_10;160.54;27,60;35,67;0,64;22,98;4,62
17,10.2019 11:40:04;34.6;0.68;294.5;123.47312559390447;287.94;Module 1,1_10;133.28;23,53;35,23;0,52;18,36;5,17
17,10.2019 11:41:57;34.2;0.54;294.5;99.51959735410146;287.96;Module 1,1_10;107.37;18,47;34,77;0,40;14,05;4,42
17,10.2019 11:43:51;33.8;0.47;294.5;88.56142210928553;287.99;Module 1,1_10;95.5;15,89;34,48;0,35;12,10;3,79
17,10.2019 11:45:44;33.3;0.48;294.5;91.86992543458739;287.94;Module 1,1_10;99.02;15,98;34,57;0,37;12,68;3,30
17,10.2019 11:47:36;33.9;0.67;294.5;132.66201121985694;287.88;Module 1,1_10;142.92;22,71;35,38;0,57;20,03;2,69
17,10.2019 11:49:30;34.6;0.84;294.5;158.9027698130645;287.92;Module 1,1_10;171.11;29,06;35,70;0,69;24,81;4,26
17,10.2019 11:51:22;34.7;0.92;294.5;167.447254936178;288;Module 1,1_10;180.23;31,92;35,79;0,74;26,37;5,55
17,10.2019 11:53:16;34.6;0.82;294.5;151.59070579922502;288.16;Module 1,1_10;163.09;28,37;35,62;0,66;23,47;4,90
17,10.2019 11:55:19;34.3;0.66;294.5;123.57843309444632;288.23;Module 1,1_10;132.89;22,64;35,23;0,52;18,38;4,26
17,10.2019 11:57:16;34.1;0.61;294.5;117.11108984157433;288.25;Module 1,1_10;125.88;20,80;35,13;0,49;17,21;3,59
17,10.2019 11:59:17;34.1;0.62;295.5;119.59246332864623;288.23;Module 1,1_10;128.49;21,14;34,98;0,50;17,59;3,55
17,10.2019 12:01:10;34.2;0.63;295.5;121.8199558811753;288.21;Module 1,1_10;130.83;21,55;35,02;0,51;17,99;3,56
17,10.2019 12:03:03;34.2;0.64;295.5;121.96164685602419;288.21;Module 1,1_10;130.93;21,89;35,02;0,51;18,01;3,87
17,10.2019 12:04:56;34.1;0.6;296;110.05340916678288;288.25;Module 1,1_10;118.1;20,46;34,72;0,46;15,84;4,62
17,10.2019 12:06:59;34;0.53;296;99.41554676106651;288.27;Module 1,1_10;106.64;18,02;34,49;0,40;13,95;4,07
17,10.2019 12:08:51;33.8;0.53;296;99.22856936706103;288.31;Module 1,1_10;106.4;17,91;34,48;0,40;13,92;4,00
17,10.2019 12:10:44;34;0.56;296;105.03982561644898;288.35;Module 1,1_10;112.59;19,04;34,62;0,43;14,95;4,09
17,10.2019 12:12:39;34;0.59;296;110.96718721450932;288.42;Module 1,1_10;118.9;20,06;34,73;0,46;16,01;4,05
17,10.2019 12:14:31;34.1;0.63;295.5;118.2506257584258;288.53;Module 1,1_10;126.66;21,48;34,96;0,50;17,35;4,14
17,10.2019 12:16:26;34.3;0.68;295.5;127.38856032209026;288.65;Module 1,1_10;136.4;23,32;35,12;0,54;18,99;4,33
17,10.2019 12:18:20;34.3;0.72;295.5;135.25155552749294;288.78;Module 1,1_10;144.77;24,70;35,23;0,58;20,41;4,28
17,10.2019 12:20:14;34.4;0.78;296;144.14689086674989;288.91;Module 1,1_10;154.24;26,83;35,26;0,62;21,97;4,86
17,10.2019 12:22:12;34.4;0.79;296;145.60717921665483;289.07;Module 1,1_10;155.75;27,18;35,28;0,63;22,24;4,94
17,10.2019 12:24:06;34.3;0.75;296;139.89293831389833;289.21;Module 1,1_10;149.59;25,72;35,20;0,60;21,21;4,52
17,10.2019 12:26:00;34.3;0.68;296;130.53517058891163;289.29;Module 1,1_10;139.54;23,32;35,07;0,56;19,52;3,81
17,10.2019 12:27:53;34.1;0.63;296.5;122.14360848011412;289.36;Module 1,1_10;130.53;21,48;34,85;0,52;17,97;3,51
17,10.2019 12:29:45;34.1;0.6;296.5;116.98458216711234;289.46;Module 1,1_10;124.98;20,46;34,76;0,49;17,05;3,41
17,10.2019 12:31:38;34.1;0.54;296.5;106.89717989290563;289.5;Module 1,1_10;114.17;18,41;34,56;0,44;15,25;3,16
17,10.2019 12:33:31;34;0.49;296.5;99.38823041397755;289.52;Module 1,1_10;106.12;16,66;34,40;0,40;13,92;2,74
17,10.2019 12:35:23;34.1;0.48;296.5;97.42958240469744;289.5;Module 1,1_10;104;16,37;34,35;0,40;13,57;2,80
17,10.2019 12:37:17;34;0.54;296.5;110.99716380626147;289.48;Module 1,1_10;118.45;18,36;34,65;0,46;15,98;2,38
17,10.2019 12:39:16;34.4;0.62;296.5;130.36568250544843;289.5;Module 1,1_10;139.08;21,33;34,98;0,56;19,45;1,88
17,10.2019 12:41:08;34.8;0.75;296.5;154.3733809356911;289.54;Module 1,1_10;164.65;26,10;35,29;0,67;23,77;2,33
17,10.2019 12:43:02;35.2;0.89;296.5;185.4269574503955;289.65;Module 1,1_10;197.72;31,33;35,59;0,83;29,41;1,92
17,10.2019 12:45:04;35.5;0.99;296.5;202.87812758651955;289.8;Module 1,1_10;216.27;35,15;35,73;0,91;32,58;2,56
17,10.2019 12:46:57;35.5;1.03;296.5;209.77708714106376;290.04;Module 1,1_10;223.57;36,56;35,77;0,95;33,84;2,73
17,10.2019 12:48:50;35.5;1.06;297;216.11509226729106;290.22;Module 1,1_10;230.27;37,63;35,73;0,98;34,92;2,71
17,10.2019 12:50:43;35.6;1.09;297;221.12188268727934;290.42;Module 1,1_10;235.55;38,80;35,76;1,00;35,83;2,98
17,10.2019 12:53:23;35.3;1;298;198.10144306345273;290.7;Module 1,1_10;210.96;35,30;35,42;0,89;31,50;3,80
17,10.2019 12:55:19;35.2;1.02;298;202.07219361351179;290.78;Module 1,1_10;215.14;35,90;35,45;0,91;32,22;3,69
17,10.2019 12:57:16;35.1;1.18;298.5;215.8050604972422;290.98;Module 1,1_10;229.71;41,42;35,45;0,98;34,62;6,79
17,10.2019 12:59:10;34.7;1.05;298.5;197.1512315959892;291.02;Module 1,1_10;209.81;36,44;35,33;0,88;31,26;5,18
17,10.2019 13:01:03;34.6;1.02;298.5;193.87375888021734;291.06;Module 1,1_10;206.28;35,29;35,30;0,87;30,67;4,63
17,10.2019 13:02:55;34.6;1.06;298.5;197.94479837142836;291.17;Module 1,1_10;210.57;36,68;35,34;0,89;31,40;5,28
17,10.2019 13:04:49;34.5;1.15;298.5;212.78274753380063;291.3;Module 1,1_10;226.31;39,67;35,44;0,96;34,08;5,60
17,10.2019 13:06:41;34.5;1.03;300;191.9457239827801;291.41;Module 1,1_10;204.11;35,54;35,02;0,86;30,11;5,42
17,10.2019 13:08:42;34.5;0.92;300;166.57831309277782;291.28;Module 1,1_10;177.1;31,74;34,80;0,74;25,58;6,16
17,10.2019 13:10:35;34.2;0.83;300;150.63414125041606;291.11;Module 1,1_10;160.12;28,39;34,62;0,66;22,75;5,64
17,10.2019 13:12:28;34.2;0.74;300;133.45099989460377;290.88;Module 1,1_10;141.83;25,31;34,40;0,57;19,70;5,61
17,10.2019 13:14:23;34;0.67;300;121.01413137850024;290.77;Module 1,1_10;128.59;22,78;34,20;0,51;17,51;5,27
17,10.2019 13:16:16;33.9;0.64;298.5;117.96570443056795;290.71;Module 1,1_10;125.33;21,70;34,41;0,50;17,08;4,62
17,10.2019 13:18:11;34.2;0.68;298.5;129.44178440968994;290.57;Module 1,1_10;137.5;23,26;34,60;0,55;19,12;4,14
17,10.2019 13:20:07;34.6;0.81;298.5;152.35151283600325;290.44;Module 1,1_10;161.81;28,03;34,91;0,66;23,20;4,82
17,10.2019 13:22:09;35;1;298.5;188.17042685347948;290.19;Module 1,1_10;199.82;35,00;35,26;0,84;29,64;5,36
17,10.2019 13:24:09;35.3;1.12;298.5;211.4256655366542;289.82;Module 1,1_10;224.48;39,54;35,43;0,95;33,83;5,70
17,10.2019 13:26:02;35.3;1.21;298;227.35633589050985;289.6;Module 1,1_10;241.36;42,71;35,62;1,03;36,80;5,92
17,10.2019 13:27:57;35.4;1.23;298;235.98025450542744;289.39;Module 1,1_10;250.48;43,54;35,66;1,08;38,36;5,18
17,10.2019 13:29:50;35.6;1.35;298;255.7610078651697;289.17;Module 1,1_10;271.44;48,06;35,76;1,17;41,95;6,11
17,10.2019 13:31:43;35.7;1.42;298;272.3606615495657;289;Module 1,1_10;289.02;50,69;35,84;1,25;44,96;5,73
17,10.2019 13:33:36;35.7;1.63;298;316.0595515078291;288.98;Module 1,1_10;335.35;58,19;35,98;1,47;52,90;5,30
17,10.2019 13:35:39;35.6;1.3;298;251.74959324781605;289.11;Module 1,1_10;267.08;46,28;35,74;1,15;41,22;5,06
17,10.2019 13:37:32;35.6;1.26;298;242.90783271922948;289.24;Module 1,1_10;257.67;44,86;35,70;1,11;39,62;5,24
17,10.2019 13:39:21;35.5;1.24;298;238.70075147930876;289.43;Module 1,1_10;253.18;44,02;35,68;1,09;38,85;5,17
17,10.2019 13:41:13;35.4;1.21;298;239.0090405756927;289.6;Module 1,1_10;253.48;42,83;35,68;1,09;38,91;3,93
17,10.2019 13:43:07;35.5;1.36;298;275.23604745387047;289.78;Module 1,1_10;291.87;48,28;35,84;1,27;45,48;2,80
17,10.2019 13:45:00;35.4;1.44;298;287.1935469525337;290.03;Module 1,1_10;304.52;50,98;35,89;1,33;47,65;3,32
17,10.2019 13:46:52;35.3;1.43;298;291.2102494629731;290.22;Module 1,1_10;308.75;50,48;35,91;1,35;48,38;2,10
17,10.2019 13:48:48;35.3;1.64;298;338.0617189279161;290.49;Module 1,1_10;358.39;57,89;36,04;1,58;56,89;1,00
17,10.2019 13:50:42;35.7;2.11;298.5;516.8015403348079;290.85;Module 1,1_10;547.83;75,33;36,16;2,46;88,94;-13,61
17,10.2019 13:52:35;35.4;2.72;298.5;557.9025270249379;291.3;Module 1,1_10;591.35;96,29;36,16;2,66;96,27;0,02
17,10.2019 13:55:05;35.2;1.94;300;393.70919799244507;291.94;Module 1,1_10;417.27;68,29;35,80;1,85;66,35;1,94
17,10.2019 13:56:59;34.9;2.24;300;405.8162088758211;292.21;Module 1,1_10;430.07;78,18;35,81;1,91;68,52;9,65
17,10.2019 13:58:53;34.5;2.41;300;533.881442001846;292.53;Module 1,1_10;565.75;83,15;35,90;2,54;91,35;-8,20
17,10.2019 14:00:46;35.2;4.24;302;861.8151591537332;293.3;Module 1,1_10;913.2;149,25;35,34;4,16;146,93;2,31
17,10.2019 14:02:42;34.7;4.24;302;880.0646980693339;294.31;Module 1,1_10;932.48;147,13;35,31;4,25;150,00;-2,88
17,10.2019 14:04:37;34.5;4.17;303.5;855.6504572922828;295.14;Module 1,1_10;906.56;143,87;35,09;4,13;144,84;-0,97
17,10.2019 14:06:31;33.8;3.97;303.5;831.3050326966777;295.86;Module 1,1_10;880.72;134,19;35,11;4,01;140,76;-6,57
17,10.2019 14:08:24;33.8;3.93;303.5;829.3435495052821;296.4;Module 1,1_10;878.6;132,83;35,12;4,00;140,43;-7,59
17,10.2019 14:11:09;33.4;4;308.1;838.6557898385422;297.19;Module 1,1_10;888.41;133,60;34,30;4,05;138,78;-5,18
17,10.2019 14:13:02;32.9;3.96;308.1;828.4445405287067;297.62;Module 1,1_10;877.56;130,28;34,31;4,00;137,11;-6,83
17,10.2019 14:14:55;33.2;3.9;310.1;811.5074016746509;298.11;Module 1,1_10;859.59;129,48;33,98;3,91;132,97;-3,49
17,10.2019 14:17:46;33.2;3.85;310.1;802.1670684184023;298.46;Module 1,1_10;849.66;127,82;33,99;3,87;131,45;-3,63
17,10.2019 14:19:39;33.2;3.83;312.1;782.9442011704384;298.64;Module 1,1_10;829.28;127,16;33,66;3,77;127,00;0,16
17,10.2019 14:21:34;33.3;3.68;312.1;763.4531164513473;298.5;Module 1,1_10;808.62;122,54;33,68;3,68;123,84;-1,30
17,10.2019 14:23:29;33.5;3.68;312.1;754.8441793558394;298.36;Module 1,1_10;799.49;123,28;33,69;3,63;122,45;0,83
17,10.2019 14:25:21;33.6;3.52;314.1;751.7927058767702;298.11;Module 1,1_10;796.25;118,27;33,34;3,62;120,68;-2,41
17,10.2019 14:27:15;34.2;2.42;314.1;755.2717712939846;298.04;Module 1,1_10;799.93;82,76;33,34;3,64;121,24;-38,48
17,10.2019 14:29:08;33.2;3.61;314.1;755.2635843642535;298.25;Module 1,1_10;799.92;119,85;33,34;3,64;121,24;-1,39
17,10.2019 14:31:02;33.7;3.48;314.1;760.0296311134008;298.59;Module 1,1_10;804.97;117,28;33,33;3,66;122,00;-4,73
17,10.2019 14:32:55;33.7;3.64;314.1;763.8009805638129;298.83;Module 1,1_10;808.97;122,67;33,33;3,68;122,61;0,06
17,10.2019 14:34:48;33.5;3.65;314.1;762.2722374958507;299.13;Module 1,1_10;807.36;122,27;33,33;3,67;122,36;-0,09
17,10.2019 14:36:41;33.6;3.6;314.1;759.5789094748953;299.31;Module 1,1_10;804.52;120,96;33,33;3,66;121,93;-0,97
17,10.2019 14:38:52;34.5;3.03;314.6;768.8982036333764;299.5;Module 1,1_10;814.41;104,53;33,23;3,70;123,10;-18,57
17,10.2019 14:40:45;40.1;0;314.6;782.945764534614;299.77;Module 1,1_10;829.31;0,00;33,22;3,77;125,34;-125,34
17,10.2019 14:42:40;40;0;314.6;790.8049699674623;300.14;Module 1,1_10;837.66;0,00;33,21;3,81;126,59;-126,59
17,10.2019 14:43:52;40.1;0;318.6;693.8725005330394;300.14;Module 1,1_10;735;0,00;32,58;3,34;108,69;-108,69
17,10.2019 14:44:32;39.9;0;318.6;812.9911460538648;300.1;Module 1,1_10;861.19;0,00;32,48;3,92;127,35;-127,35
17,10.2019 14:45:46;39.9;0;318.6;828.0844559209253;300.06;Module 1,1_10;877.2;0,00;32,47;3,99;129,69;-129,69
17,10.2019 14:46:26;39.8;0;318.6;815.8573198759093;300.05;Module 1,1_10;864.26;0,00;32,48;3,93;127,79;-127,79
17,10.2019 14:47:39;39.6;0;318.6;809.1798383987364;300.17;Module 1,1_10;857.21;0,00;32,49;3,90;126,76;-126,76
17,10.2019 14:48:19;39.7;0;318.6;753.8606742304619;300.25;Module 1,1_10;798.62;0,00;32,54;3,63;118,13;-118,13
17,10.2019 14:49:36;39.6;0;318.6;820.4301359081561;300.41;Module 1,1_10;869.17;0,00;32,48;3,96;128,50;-128,50
17,10.2019 14:50:17;39.6;0;318.6;811.0139874343031;300.55;Module 1,1_10;859.21;0,00;32,48;3,91;127,04;-127,04
17,10.2019 14:51:34;39.5;0;318.6;812.5235962228314;301;Module 1,1_10;860.84;0,00;32,48;3,92;127,27;-127,27
17,10.2019 14:52:14;39.5;0;318.6;794.7350664153984;301.23;Module 1,1_10;842.01;0,00;32,50;3,83;124,51;-124,51
17,10.2019 14:53:26;39.3;0;319.6;677.94613895475;301.22;Module 1,1_10;718.3;0,00;32,41;3,26;105,59;-105,59
17,10.2019 14:54:07;39.3;0;319.6;787.9219522503511;301.16;Module 1,1_10;834.84;0,00;32,33;3,80;122,77;-122,77
17,10.2019 14:55:20;39.4;0;319.6;767.5146127279679;301.3;Module 1,1_10;813.25;0,00;32,35;3,70;119,60;-119,60
17,10.2019 14:56:01;39.3;0;319.6;761.5228182321711;301.31;Module 1,1_10;806.92;0,00;32,35;3,67;118,67;-118,67
17,10.2019 14:57:13;39.3;0.08;319.6;758.4233928169207;301.3;Module 1,1_10;803.67;3,14;32,36;3,65;118,19;-115,05
17,10.2019 14:57:53;39.3;0.08;322.2;774.1830938649875;301.42;Module 1,1_10;820.39;3,14;31,88;3,73;118,91;-115,76
17,10.2019 14:59:06;39.3;0;319.6;769.8442908470772;301.39;Module 1,1_10;815.83;0,00;32,34;3,71;119,97;-119,97
17,10.2019 14:59:46;39.3;0;322.2;755.7548894390414;301.46;Module 1,1_10;800.92;0,00;31,90;3,64;116,08;-116,08
17,10.2019 15:01:00;39.3;0;319.6;739.0914167458936;301.39;Module 1,1_10;783.3;0,00;32,38;3,56;115,18;-115,18
17,10.2019 15:01:40;39.2;0;322.2;736.098573741372;301.38;Module 1,1_10;780.15;0,00;31,91;3,54;113,06;-113,06
17,10.2019 15:02:53;39.2;0;322.7;730.880004194426;301.28;Module 1,1_10;774.66;0,00;31,83;3,52;111,94;-111,94
17,10.2019 15:03:33;39.1;0;322.7;729.5751175442454;301.25;Module 1,1_10;773.3;0,00;31,83;3,51;111,74;-111,74
17,10.2019 15:04:48;39.1;0;322.7;723.287762347415;301.15;Module 1,1_10;766.68;0,00;31,83;3,48;110,78;-110,78
17,10.2019 15:05:28;39.2;0;322.7;707.2181028128894;301.14;Module 1,1_10;749.67;0,00;31,84;3,40;108,30;-108,30
17,10.2019 15:06:53;39.2;0;322.7;708.885835079657;300.99;Module 1,1_10;751.49;0,00;31,84;3,41;108,56;-108,56
17,10.2019 15:07:34;39.1;0;322.2;710.6347111653042;300.93;Module 1,1_10;753.37;0,00;31,93;3,42;109,14;-109,14
17,10.2019 15:08:57;39.2;0.08;322.2;689.1538757814229;300.71;Module 1,1_10;730.65;3,14;31,94;3,31;105,81;-102,68
17,10.2019 15:09:37;39.3;0.08;322.2;701.513112570242;300.72;Module 1,1_10;743.78;3,14;31,93;3,37;107,73;-104,58
17,10.2019 15:10:50;39.3;0.08;322.2;700.7965549223129;300.73;Module 1,1_10;743.07;3,14;31,94;3,37;107,62;-104,47
17,10.2019 15:11:30;39.3;0.08;322.2;699.2518399854335;300.64;Module 1,1_10;741.46;3,14;31,94;3,36;107,38;-104,23
17,10.2019 15:12:46;39.3;0;322.2;696.8524688952227;300.59;Module 1,1_10;738.97;0,00;31,94;3,35;107,01;-107,01
17,10.2019 15:13:27;39.4;0;322.2;692.7977135687814;300.5;Module 1,1_10;734.7;0,00;31,94;3,33;106,38;-106,38
17,10.2019 15:14:39;39.4;0.08;322.2;686.3919845777928;300.35;Module 1,1_10;727.96;3,15;31,95;3,30;105,39;-102,23
17,10.2019 15:15:19;39.3;0.08;322.2;683.5443212820845;300.31;Module 1,1_10;724.97;3,14;31,95;3,29;104,95;-101,80
17,10.2019 15:16:36;39.3;0;322.2;681.2633487492469;300.46;Module 1,1_10;722.61;0,00;31,95;3,27;104,59;-104,59
17,10.2019 15:17:16;39.3;0;322.2;679.0936282297962;300.5;Module 1,1_10;720.34;0,00;31,95;3,26;104,26;-104,26
17,10.2019 15:18:38;39.3;0;322.2;677.0518577231055;300.53;Module 1,1_10;718.24;0,00;31,95;3,25;103,94;-103,94
17,10.2019 15:19:18;39.2;0;322.2;674.8811425634133;300.59;Module 1,1_10;715.97;0,00;31,95;3,24;103,60;-103,60
17,10.2019 15:20:31;39.3;2.93;322.2;671.2607495527501;300.51;Module 1,1_10;712.19;115,15;31,95;3,23;103,04;12,11
17,10.2019 15:21:11;34.1;2.93;322.2;668.5708427379429;300.47;Module 1,1_10;709.37;99,91;31,95;3,21;102,62;-2,71
17,10.2019 15:22:24;39.3;3.15;322.2;667.6065288911333;300.39;Module 1,1_10;708.41;123,79;31,95;3,21;102,47;21,32
17,10.2019 15:23:04;33.1;3.15;319.6;667.6297567114293;300.35;Module 1,1_10;708.47;104,27;32,41;3,21;103,97;0,30
17,10.2019 15:24:57;33.3;3.09;319.6;664.4895856360948;300.25;Module 1,1_10;705.24;102,90;32,41;3,19;103,47;-0,57
17,10.2019 15:26:50;34.3;3.1;318.6;662.8253664418968;300.17;Module 1,1_10;703.58;106,33;32,59;3,18;103,77;2,56
17,10.2019 15:28:43;33.5;3.06;318.6;659.7540906091795;300.16;Module 1,1_10;700.43;102,51;32,59;3,17;103,29;-0,78
17,10.2019 15:30:36;33.6;3.1;318.6;655.8791385653531;300.17;Module 1,1_10;696.43;104,16;32,60;3,15;102,67;1,49
17,10.2019 15:32:29;34.2;2.98;318.1;651.0690743744356;300.01;Module 1,1_10;691.44;101,92;32,69;3,13;102,18;-0,27
17,10.2019 15:34:21;34.4;2.77;318.1;640.6652421750916;300.1;Module 1,1_10;680.51;95,29;32,70;3,07;100,53;-5,24
17,10.2019 15:36:38;34.4;2.74;318.1;633.6703672486314;300.55;Module 1,1_10;673.23;94,26;32,70;3,04;99,41;-5,15
17,10.2019 15:38:30;34.9;2.75;318.1;624.5820154866487;300.6;Module 1,1_10;663.7;95,97;32,70;3,00;97,96;-1,98
17,10.2019 15:40:24;35.2;2.6;318.1;622.180306146563;300.58;Module 1,1_10;661.28;91,52;32,70;2,98;97,57;-6,05
17,10.2019 15:42:19;35.3;2.62;318.1;614.0640226375895;300.22;Module 1,1_10;652.79;92,49;32,70;2,94;96,27;-3,79
17,10.2019 15:44:19;35.4;2.58;318.1;609.1101301341706;300.06;Module 1,1_10;647.67;91,33;32,70;2,92;95,48;-4,15
17,10.2019 15:46:12;35.6;2.51;316.6;608.9759235881461;299.92;Module 1,1_10;647.67;89,36;32,97;2,92;96,23;-6,88
17,10.2019 15:48:14;35.7;2.48;316.6;611.2323664420869;299.75;Module 1,1_10;650.23;88,54;32,97;2,93;96,60;-8,06
17,10.2019 15:50:15;35.6;2.51;316.1;611.0775904356668;299.97;Module 1,1_10;650.23;89,36;33,05;2,93;96,83;-7,48
17,10.2019 15:52:38;35.7;2.42;316.1;610.8875701921422;299.93;Module 1,1_10;650.23;86,39;33,05;2,93;96,80;-10,41
17,10.2019 15:54:31;36;2.52;316.1;565.0464681965265;300.21;Module 1,1_10;601.59;90,72;33,06;2,70;89,36;1,36
17,10.2019 15:56:24;35.9;2.11;316.1;524.032093138326;300.23;Module 1,1_10;558.07;75,75;33,05;2,50;82,67;-6,92
17,10.2019 15:58:18;35;1.67;316.1;434.96995668147025;299.72;Module 1,1_10;463.35;58,45;32,98;2,06;68,05;-9,60
17,10.2019 16:00:19;36;1.7;314.6;379.5821247776322;299.3;Module 1,1_10;404.47;61,20;33,17;1,79;59,37;1,83
17,10.2019 16:02:19;36;2.2;314.6;530.7744534662658;298.98;Module 1,1_10;565.75;79,20;33,32;2,53;84,44;-5,24
17,10.2019 16:04:24;36.1;2.79;314.1;682.3354814442757;299.06;Module 1,1_10;727.54;100,72;33,38;3,28;109,47;-8,75
17,10.2019 16:06:17;36;2.62;314.1;679.0109149327404;299.42;Module 1,1_10;724.22;94,32;33,39;3,26;108,93;-14,61
17,10.2019 16:08:12;39.1;0.94;314.1;667.9641599410079;300.02;Module 1,1_10;712.67;36,75;33,39;3,21;107,14;-70,38
17,10.2019 16:10:04;39.2;0.87;314.6;653.4380915578932;300.4;Module 1,1_10;697.4;34,10;33,31;3,14;104,50;-70,40
17,10.2019 16:11:57;39.1;0.82;314.6;640.9362281774665;300.87;Module 1,1_10;684.29;32,06;33,31;3,08;102,47;-70,41
17,10.2019 16:13:50;38.9;0.78;316.1;635.02784865765;301.05;Module 1,1_10;678.22;30,34;33,05;3,05;100,70;-70,36
17,10.2019 16:15:43;38.8;0.75;316.1;624.8486798966319;300.99;Module 1,1_10;667.59;29,10;33,05;3,00;99,06;-69,96
17,10.2019 16:17:46;38.9;0.76;318.1;624.4263171993985;300.84;Module 1,1_10;667.41;29,56;32,70;3,00;97,93;-68,37
17,10.2019 16:19:39;38.8;0.76;318.1;519.5328146026774;301;Module 1,1_10;555.51;29,49;32,70;2,48;81,06;-51,57
17,10.2019 16:21:34;38.7;0.76;318.1;595.9063187729471;301.03;Module 1,1_10;637.43;29,41;32,70;2,85;93,36;-63,95
17,10.2019 16:23:34;38.7;0.68;318.1;578.9015815100347;301.02;Module 1,1_10;619.51;26,32;32,70;2,77;90,63;-64,32
17,10.2019 16:25:28;38.7;0.62;318.1;559.5252374066989;301.01;Module 1,1_10;599.03;23,99;32,70;2,68;87,52;-63,52
17,10.2019 16:27:20;38.7;0.57;318.1;549.7230080705193;301.09;Module 1,1_10;588.79;22,06;32,70;2,63;85,94;-63,88
17,10.2019 16:29:22;38.9;0.53;318.1;539.9002704168892;301.11;Module 1,1_10;578.55;20,62;32,70;2,58;84,35;-63,73
17,10.2019 16:31:16;39;0.49;318.1;534.8718546944631;301.03;Module 1,1_10;573.43;19,11;32,70;2,56;83,54;-64,43
17,10.2019 16:33:20;39.1;0.45;318.1;286.9709160759006;300.96;Module 1,1_10;307.82;17,60;32,28;1,34;43,10;-25,50
17,10.2019 16:35:20;38.2;0.5;318.1;446.0518072555276;300.77;Module 1,1_10;478.71;19,10;32,64;2,12;69,13;-50,03
17,10.2019 16:37:41;38.4;0.53;316.6;460.0696093268432;300.53;Module 1,1_10;494.07;20,35;32,92;2,19;71,99;-51,64
17,10.2019 16:39:38;37.5;0.55;316.6;514.6148690352354;300.61;Module 1,1_10;552.95;20,63;32,96;2,45;80,91;-60,29
17,10.2019 16:41:30;35.7;0.55;316.6;502.42968281643346;300.76;Module 1,1_10;540.15;19,64;32,95;2,39;78,92;-59,29
17,10.2019 16:43:25;34.4;0.51;314.1;497.38150141063534;300.89;Module 1,1_10;535.03;17,54;33,40;2,37;79,14;-61,59
17,10.2019 16:45:17;33.3;0.47;314.1;482.82375361849;300.51;Module 1,1_10;519.67;15,65;33,39;2,30;76,72;-61,07
17,10.2019 16:47:12;32.7;0.4;314.1;468.2666727176724;300.39;Module 1,1_10;504.31;13,08;33,38;2,23;74,31;-61,23
17,10.2019 16:49:05;33.2;0.36;310.1;458.47449700733193;300.38;Module 1,1_10;494.07;11,95;34,08;2,18;74,19;-62,24
17,10.2019 16:50:57;33.3;0.32;310.1;277.65373140375397;300.02;Module 1,1_10;299.4;10,66;33,69;1,29;43,33;-32,68
17,10.2019 16:53:08;33.8;0.31;306.5;436.4833136371987;299.84;Module 1,1_10;471.03;10,48;34,70;2,07;71,73;-61,25
17,10.2019 16:55:00;33.7;0.31;306.5;438.558383176817;299.5;Module 1,1_10;473.59;10,45;34,70;2,08;72,09;-61,65
17,10.2019 16:56:53;34.1;0.32;306.5;362.44229988405857;299.43;Module 1,1_10;391.67;10,91;34,59;1,70;58,88;-47,97
17,10.2019 16:58:46;34.1;0.35;303.5;222.19690999201956;299.46;Module 1,1_10;240.29;11,94;34,60;1,01;34,96;-23,02
17,10.2019 17:00:48;33.7;0.38;303.5;232.5586478714696;299.21;Module 1,1_10;251.7;12,81;34,66;1,06;36,79;-23,98
17,10.2019 17:02:49;34;0.41;302.5;356.8555124203961;298.76;Module 1,1_10;386.55;13,94;35,29;1,67;59,04;-45,10
17,10.2019 17:04:42;34.6;0.44;302.5;351.84499075476157;298.6;Module 1,1_10;381.43;15,22;35,27;1,65;58,15;-42,93
17,10.2019 17:06:35;34.4;0.47;302.5;279.8645491773817;298.76;Module 1,1_10;303.65;16,17;35,06;1,29;45,36;-29,20
17,10.2019 17:08:28;34.3;0.52;302;436.1169820875006;298.71;Module 1,1_10;473.59;17,84;35,49;2,06;73,25;-55,41
17,10.2019 17:10:32;34.4;0.58;302;367.39136146431736;298.67;Module 1,1_10;399.35;19,95;35,40;1,72;61,05;-41,10
17,10.2019 17:12:36;34.1;0.59;300.5;442.3059154482714;298.62;Module 1,1_10;481.27;20,12;35,77;2,09;74,87;-54,75
17,10.2019 17:14:29;33.9;0.55;300.5;364.31568304095964;298.49;Module 1,1_10;396.79;18,64;35,66;1,71;60,94;-42,29
17,10.2019 17:16:22;33.8;0.5;300.5;262.3047658892911;298.48;Module 1,1_10;285.97;16,90;35,34;1,21;42,64;-25,74
17,10.2019 17:18:20;33.1;0.45;300;139.1066235232685;298.14;Module 1,1_10;151.82;14,90;34,48;0,60;20,70;-5,81
17,10.2019 17:20:12;33.2;0.4;300;123.73827598073132;297.54;Module 1,1_10;135.19;13,28;34,24;0,53;17,99;-4,71
17,10.2019 17:22:05;33.3;0.39;300;126.92037780770652;296.96;Module 1,1_10;138.82;12,99;34,30;0,54;18,55;-5,56
17,10.2019 17:23:58;33.1;0.37;300;146.08985219875316;296.49;Module 1,1_10;159.97;12,25;34,56;0,63;21,94;-9,69
17,10.2019 17:25:54;33.5;0.37;300;112.67398685109852;296.07;Module 1,1_10;123.53;12,39;34,05;0,47;16,04;-3,65
17,10.2019 17:27:50;32.9;0.35;300;120.81182640455351;295.74;Module 1,1_10;132.62;11,51;34,20;0,51;17,47;-5,96
17,10.2019 17:29:44;33.1;0.34;300;170.4934459729072;295.46;Module 1,1_10;187.4;11,25;34,83;0,75;26,28;-15,03
17,10.2019 17:31:36;33.3;0.34;298;197.35316299706548;295.46;Module 1,1_10;217.21;11,32;35,42;0,89;31,36;-20,04
17,10.2019 17:33:39;33.1;0.31;298;297.10256131880726;295.64;Module 1,1_10;327.49;10,26;35,92;1,38;49,45;-39,19
17,10.2019 17:35:32;33.7;0.32;298;326.9849270226522;295.94;Module 1,1_10;360.95;10,78;36,01;1,52;54,88;-44,09
17,10.2019 17:37:35;34.2;0.32;298;273.3870889100776;296.35;Module 1,1_10;302.28;10,94;35,84;1,26;45,15;-34,20
17,10.2019 17:39:28;34;0.33;298;305.1317086131268;296.59;Module 1,1_10;337.91;11,22;35,95;1,42;50,91;-39,69
17,10.2019 17:41:21;34;0.33;298;293.237511565751;296.89;Module 1,1_10;325.27;11,22;35,91;1,36;48,75;-37,53
17,10.2019 17:43:14;32.7;0.36;298;287.0227519977725;297.14;Module 1,1_10;318.92;11,77;35,89;1,33;47,62;-35,85
17,10.2019 17:45:10;31.9;0.36;298;275.3681178448024;297.21;Module 1,1_10;306.53;11,48;35,84;1,27;45,51;-34,02
17,10.2019 17:47:03;32;0.34;298;267.261608179218;297.39;Module 1,1_10;298.06;10,88;35,81;1,23;44,04;-33,16
17,10.2019 17:48:59;31.9;0.32;298;258.0751847403957;297.34;Module 1,1_10;288.39;10,21;35,77;1,18;42,37;-32,16
17,10.2019 17:50:52;31.9;0.3;296.5;245.06572949034543;297.32;Module 1,1_10;274.41;9,57;35,98;1,12;40,28;-30,71
17,10.2019 17:52:57;31.6;0.29;296.5;224.40574961340366;297.34;Module 1,1_10;251.87;9,16;35,87;1,02;36,51;-27,34
17,10.2019 17:54:49;31.5;0.27;296.5;224.9748670937993;297.12;Module 1,1_10;253.07;8,51;35,87;1,02;36,61;-28,11
17,10.2019 17:56:50;31;0.24;296;214.04292389618348;297.07;Module 1,1_10;241.38;7,44;35,89;0,97;34,69;-27,25
17,10.2019 17:58:43;31;0.21;296;201.59053420441404;296.97;Module 1,1_10;227.9;6,51;35,80;0,91;32,42;-25,91
17,10.2019 18:00:37;30;0.19;294.5;194.0137339333858;296.84;Module 1,1_10;219.91;5,70;36,02;0,87;31,24;-25,54
17,10.2019 18:02:39;29.3;0.18;294.5;185.3306782099305;296.65;Module 1,1_10;210.69;5,27;35,95;0,82;29,65;-24,37
17,10.2019 18:04:33;28.5;0.17;294.5;161.8380026146334;296.55;Module 1,1_10;184.52;4,85;35,73;0,71;25,34;-20,50
17,10.2019 18:06:26;28.1;0.16;294.5;173.35984704170457;296.41;Module 1,1_10;198.26;4,50;35,84;0,77;27,45;-22,96
17,10.2019 18:08:19;27.4;0.16;294.5;154.55172920406736;296.35;Module 1,1_10;177.32;4,38;35,66;0,67;24,01;-19,63
17,10.2019 18:10:13;27.1;0.15;294;110.20946862695625;296.24;Module 1,1_10;126.88;4,07;35,09;0,46;16,00;-11,94
17,10.2019 18:12:12;26.3;0.14;294;108.58879700737762;295.93;Module 1,1_10;125.49;3,68;35,05;0,45;15,71;-12,03
17,10.2019 18:14:05;26.4;0.14;294;62.737096925438415;295.62;Module 1,1_10;72.78;3,70;33,54;0,23;7,58;-3,88
17,10.2019 18:15:58;26.1;0.13;292.4;69.41918660354403;295.35;Module 1,1_10;80.86;3,39;34,16;0,26;8,78;-5,39
17,10.2019 18:17:51;26;0.13;292.4;37.320743748955806;294.99;Module 1,1_10;43.66;3,38;30,88;0,11;3,32;0,06
17,10.2019 18:20:26;27.7;0.11;291.9;26.661029906000174;294.35;Module 1,1_10;31.39;3,05;25,08;0,07;1,74;1,31
17,10.2019 18:22:35;29.1;0.12;291.9;29.42041583021744;293.83;Module 1,1_10;34.84;3,49;27,31;0,08;2,11;1,38
17,10.2019 18:24:27;28.8;0.12;292.4;27.842288123187807;293.46;Module 1,1_10;33.15;3,46;26,08;0,07;1,90;1,56
17,10.2019 18:26:24;30.4;0.12;292.4;25.244433779462575;293.05;Module 1,1_10;30.24;3,65;23,81;0,07;1,56;2,09
17,10.2019 18:28:17;30.6;0.12;292.4;25.76557273048687;292.73;Module 1,1_10;31.06;3,67;24,28;0,07;1,62;2,05
17,10.2019 18:30:10;30.9;0.13;294;27.25464880019213;292.51;Module 1,1_10;33.08;4,02;25,56;0,07;1,82;2,20
17,10.2019 18:32:04;31.1;0.14;294;29.644624002604665;292.29;Module 1,1_10;36.25;4,35;27,38;0,08;2,15;2,21
17,10.2019 18:34:08;30.8;0.13;294;28.054245159432384;292.1;Module 1,1_10;34.61;4,00;26,21;0,07;1,93;2,08
17,10.2019 18:36:01;30.8;0.13;294;34.4525337599692;292;Module 1,1_10;42.88;4,00;29,80;0,10;2,86;1,14
17,10.2019 18:38:05;30.9;0.13;294;23.55470898685863;291.85;Module 1,1_10;29.63;4,02;22,27;0,06;1,36;2,66
17,10.2019 18:39:59;31;0.12;294;21.46927605003618;291.75;Module 1,1_10;27.3;3,72;20,31;0,06;1,13;2,59
17,10.2019 18:41:51;31;0.11;294;19.76568168546671;291.62;Module 1,1_10;25.43;3,41;18,70;0,05;0,96;2,45
17,10.2019 18:43:44;30.7;0.11;294;18.648937119233693;291.5;Module 1,1_10;24.31;3,38;17,65;0,05;0,85;2,52
17,10.2019 18:45:37;31.1;0.1;294;17.659723542612888;291.42;Module 1,1_10;23.36;3,11;16,71;0,05;0,76;2,35
17,10.2019 18:47:31;29.5;0.1;294;16.231387615893215;291.32;Module 1,1_10;21.83;2,95;15,37;0,04;0,65;2,30
17,10.2019 18:49:26;30.3;0.09;294;14.401466110142197;291.23;Module 1,1_10;19.74;2,73;13,63;0,04;0,51;2,22
17,10.2019 18:51:19;29.7;0.08;294;12.133951931598636;291.17;Module 1,1_10;16.99;2,38;11,48;0,03;0,36;2,02
17,10.2019 18:53:14;29;0.07;294;10.329811424633528;291.1;Module 1,1_10;14.83;2,03;9,78;0,03;0,26;1,77
17,10.2019 18:55:25;28.8;0;292.4;8.566895853685462;291.03;Module 1,1_10;12.72;0,00;8,10;0,02;0,18;-0,18
17,10.2019 18:57:31;28.8;0;292.4;7.350672828541844;291;Module 1,1_10;11.35;0,00;6,95;0,02;0,13;-0,13
17,10.2019 18:59:24;28;0;291.9;6.007142788709671;290.95;Module 1,1_10;9.68;0,00;5,68;0,02;0,09;-0,09
17,10.2019 19:01:17;27.7;0;291.9;5.358783162016408;290.92;Module 1,1_10;9.1;0,00;5,07;0,01;0,07;-0,07
17,10.2019 19:03:11;27.3;0;291.9;4.478746479973621;290.85;Module 1,1_10;8.13;0,00;4,23;0,01;0,05;-0,05
17,10.2019 19:05:04;28.5;0;291.9;3.8514342062321028;290.81;Module 1,1_10;7.62;0,00;3,64;0,01;0,04;-0,04
17,10.2019 19:06:58;29.5;0;291.9;2.990246494155751;290.76;Module 1,1_10;6.66;0,00;2,83;0,01;0,02;-0,02
17,10.2019 19:08:55;29.5;0;291.9;2.261084534419595;290.67;Module 1,1_10;6.02;0,00;2,14;0,01;0,01;-0,01
17,10.2019 19:10:48;29.7;0;291.9;1.7324464368524901;290.62;Module 1,1_10;6.12;0,00;1,64;0,00;0,01;-0,01
17,10.2019 19:12:41;29.8;0;291.9;1.1219497468878628;290.55;Module 1,1_10;5.84;0,00;1,06;0,00;0,00;-0,00
17,10.2019 19:14:35;28.2;0;291.9;0.9663368539119778;290.5;Module 1,1_10;5.03;0,00;0,91;0,00;0,00;-0,00
17,10.2019 19:16:32;29.2;0;291.9;0.7953547863211904;290.44;Module 1,1_10;4.14;0,00;0,75;0,00;0,00;-0,00
17,10.2019 19:18:26;31.9;0;291.9;0.6512687743064821;290.38;Module 1,1_10;3.39;0,00;0,62;0,00;0,00;-0,00
17,10.2019 19:20:19;31.4;0;291.9;0.41688886142922305;290.32;Module 1,1_10;2.17;0,00;0,39;0,00;0,00;-0,00
17,10.2019 19:22:09;29.9;0;291.9;0.2747239962413774;290.29;Module 1,1_10;1.43;0,00;0,26;0,00;0,00;-0,00
17,10.2019 19:24:02;26.1;0;291.9;0.0001;290.25;Module 1,1_10;0.82;0,00;0,00;0,00;0,00;0,00
17,10.2019 19:25:56;25.1;0;291.9;0.0001;290.2;Module 1,1_10;0.14;0,00;0,00;0,00;0,00;0,00
17,10.2019 19:27:48;25.1;0;291.9;0.0001;290.15;Module 1,1_10;-0.01;0,00;0,00;0,00;0,00;0,00
18,10.2019 08:59:37;28.4;0;285.9;8.526496317429345;285.91;Module 1,1_10;11.18;0,00;8,05;0,02;0,18;-0,18
18,10.2019 09:01:32;30;0;285.9;9.15811011691444;285.95;Module 1,1_10;11.9;0,00;8,64;0,02;0,20;-0,20
18,10.2019 09:03:27;31.1;0;285.9;9.321126824804079;286.02;Module 1,1_10;12.01;0,00;8,80;0,02;0,21;-0,21
18,10.2019 09:05:21;30.3;0;287.4;8.666921893071274;286.1;Module 1,1_10;11.08;0,00;8,18;0,02;0,18;-0,18
18,10.2019 09:07:19;29.7;0;287.4;7.692560475569696;286.17;Module 1,1_10;9.76;0,00;7,27;0,02;0,14;-0,14
18,10.2019 09:09:12;29.3;0;287.4;7.9991659064244125;286.22;Module 1,1_10;10.08;0,00;7,55;0,02;0,16;-0,16
18,10.2019 09:11:04;29.9;0;287.4;9.415961897279573;286.28;Module 1,1_10;11.79;0,00;8,89;0,02;0,22;-0,22
18,10.2019 09:13:00;31.6;0;287.4;11.965964787805056;286.32;Module 1,1_10;14.89;0,00;11,30;0,03;0,35;-0,35
18,10.2019 09:14:56;33;0;288.4;15.342599700370275;286.34;Module 1,1_10;18.98;0,00;14,49;0,04;0,57;-0,57
18,10.2019 09:16:49;34.9;0;288.4;17.360136300968257;286.38;Module 1,1_10;21.36;0,00;16,40;0,04;0,74;-0,74
18,10.2019 09:18:43;35.9;0;291.9;19.075882042895813;286.39;Module 1,1_10;23.35;0,00;18,04;0,05;0,89;-0,89
18,10.2019 09:20:35;36.5;0;291.9;20.8591548735453;286.43;Module 1,1_10;25.41;0,00;19,72;0,05;1,06;-1,06
18,10.2019 09:22:36;35.9;0.07;291.9;22.68672604638033;286.47;Module 1,1_10;27.5;2,51;21,44;0,06;1,26;1,25
18,10.2019 09:24:29;36.1;0.09;291.9;25.578820699930844;286.53;Module 1,1_10;30.87;3,25;24,12;0,07;1,60;1,65
18,10.2019 09:26:24;35.4;0.12;291.9;29.90667176682835;286.57;Module 1,1_10;35.94;4,25;27,66;0,08;2,18;2,07
18,10.2019 09:28:17;33.8;0.18;291.9;32.84147002837892;286.61;Module 1,1_10;39.31;6,08;29,36;0,09;2,62;3,47
18,10.2019 09:30:10;32.4;0.19;291.9;36.00243430247177;286.64;Module 1,1_10;42.93;6,16;30,57;0,10;3,11;3,05
18,10.2019 09:32:06;32.6;0.22;291.9;39.94170493870019;286.67;Module 1,1_10;47.45;7,17;31,56;0,12;3,74;3,43
18,10.2019 09:34:00;32.7;0.22;290.4;41.69528794877567;286.72;Module 1,1_10;49.36;7,19;32,12;0,13;4,04;3,16
18,10.2019 09:36:52;32.7;0.25;290.4;45.89460503316327;286.78;Module 1,1_10;54.06;8,18;32,75;0,14;4,74;3,43
18,10.2019 09:38:49;33;0.25;291.9;46.10251768387009;286.82;Module 1,1_10;54.13;8,25;32,53;0,15;4,76;3,49
18,10.2019 09:40:43;32.6;0.23;291.9;43.285896420559666;286.87;Module 1,1_10;50.67;7,50;32,14;0,13;4,29;3,21
18,10.2019 09:42:35;32.8;0.24;291.9;44.15450520374264;286.92;Module 1,1_10;51.54;7,87;32,27;0,14;4,44;3,44
18,10.2019 09:44:28;32.6;0.29;291.9;54.5079957268905;286.96;Module 1,1_10;63.45;9,45;33,36;0,19;6,19;3,26
18,10.2019 09:46:21;33.4;0.31;291.9;57.55557248360434;287.03;Module 1,1_10;66.82;10,35;33,59;0,20;6,72;3,63
18,10.2019 09:48:14;33.9;0.47;291.9;83.39352094637302;287.1;Module 1,1_10;96.57;15,93;34,78;0,32;11,29;4,65
18,10.2019 09:50:22;34.8;0.56;291.9;102.33902707827762;287.28;Module 1,1_10;118.18;19,49;35,30;0,42;14,70;4,78
18,10.2019 09:52:14;35;0.47;291.9;94.03768852497426;287.42;Module 1,1_10;108.34;16,45;35,09;0,38;13,20;3,25
18,10.2019 09:54:09;36.1;0.47;292.4;251.61252152298565;287.69;Module 1,1_10;289.21;16,97;36,73;1,15;42,24;-25,27
18,10.2019 09:56:03;29;0.48;292.4;102.66954967051495;288.17;Module 1,1_10;117.75;13,92;35,21;0,42;14,74;-0,82
18,10.2019 09:57:55;35;0.45;294;91.68385152737558;288.28;Module 1,1_10;104.93;15,75;34,66;0,37;12,68;3,07
18,10.2019 09:59:53;34.6;0.4;294;83.0361393870464;288.27;Module 1,1_10;94.83;13,84;34,40;0,32;11,14;2,70
18,10.2019 10:01:49;35.6;0.39;294;84.69635735180904;288.21;Module 1,1_10;96.53;13,88;34,45;0,33;11,43;2,45
18,10.2019 10:03:44;30.3;0.68;294;271.4976397547928;288.29;Module 1,1_10;308.83;20,60;36,54;1,25;45,62;-25,01
18,10.2019 10:05:58;26.7;0.85;294;257.1753634086685;288.92;Module 1,1_10;291.9;22,70;36,48;1,18;42,97;-20,27
18,10.2019 10:07:52;30.8;0.42;291.9;80.05371841534246;289.14;Module 1,1_10;90.7;12,94;34,67;0,31;10,69;2,25
18,10.2019 10:09:44;32.1;0.34;291.9;63.18868399486104;289.07;Module 1,1_10;71.47;10,91;33,93;0,23;7,70;3,21
18,10.2019 10:11:39;31.8;0.36;291.9;67.63567921323066;288.95;Module 1,1_10;76.37;11,45;34,16;0,25;8,48;2,96
18,10.2019 10:13:39;32.5;0.33;294;63.69755095062606;288.82;Module 1,1_10;71.8;10,72;33,59;0,23;7,74;2,98
18,10.2019 10:15:32;33.3;0.47;294;95.35840026913334;288.71;Module 1,1_10;107.32;15,65;34,75;0,38;13,33;2,32
18,10.2019 10:17:38;34.6;0.49;294.5;100.58417069283858;288.63;Module 1,1_10;113.01;16,95;34,79;0,41;14,24;2,71
18,10.2019 10:19:32;34.8;0.42;294.5;91.33839487093222;288.57;Module 1,1_10;102.47;14,62;34,55;0,36;12,59;2,03
18,10.2019 10:21:37;36.5;0.46;294.5;103.15993148550889;288.51;Module 1,1_10;115.55;16,79;34,84;0,42;14,70;2,09
18,10.2019 10:23:31;34.4;0.33;294.5;75.52668162615657;288.46;Module 1,1_10;84.48;11,35;34,04;0,29;9,79;1,56
18,10.2019 10:25:28;33.5;0.26;294.5;59.10516952972091;288.35;Module 1,1_10;66.02;8,71;33,23;0,21;6,94;1,77
18,10.2019 10:27:23;33.5;0.28;294;63.746568757590396;288.22;Module 1,1_10;71.11;9,38;33,59;0,23;7,75;1,63
18,10.2019 10:29:17;33.9;0.42;294;92.41658597232738;288.12;Module 1,1_10;102.96;14,24;34,67;0,37;12,81;1,43
18,10.2019 10:31:09;35.5;0.52;294;111.58190124543128;288.14;Module 1,1_10;124.16;18,46;35,11;0,46;16,25;2,21
18,10.2019 10:33:08;34.3;0.48;294.5;94.98603635560225;288.17;Module 1,1_10;105.56;16,46;34,65;0,38;13,24;3,22
18,10.2019 10:35:15;33.9;0.48;294.5;93.56067157570871;288.2;Module 1,1_10;103.84;16,27;34,62;0,38;12,99;3,29
18,10.2019 10:37:10;33.3;0.48;294.5;91.0886156187795;288.27;Module 1,1_10;100.98;15,98;34,55;0,36;12,55;3,44
18,10.2019 10:39:03;33.5;0.42;294.5;83.40481863892443;288.33;Module 1,1_10;92.36;14,07;34,32;0,33;11,18;2,89
18,10.2019 10:41:01;33.4;0.4;294.5;80.31603641217878;288.34;Module 1,1_10;88.84;13,36;34,22;0,31;10,64;2,72
18,10.2019 10:43:03;33.7;0.41;294;83.70105238933996;288.32;Module 1,1_10;92.48;13,82;34,42;0,33;11,26;2,56
18,10.2019 10:44:56;34;0.49;294;97.60254370892056;288.33;Module 1,1_10;107.73;16,66;34,80;0,39;13,73;2,93
18,10.2019 10:46:49;33.8;0.52;294;101.21804021902696;288.32;Module 1,1_10;111.61;17,58;34,89;0,41;14,38;3,19
18,10.2019 10:48:48;33.3;0.48;294;91.93424052711504;288.31;Module 1,1_10;101.27;15,98;34,66;0,37;12,72;3,26
18,10.2019 10:50:40;33.1;0.43;294;83.1697123425852;288.3;Module 1,1_10;91.53;14,23;34,40;0,32;11,16;3,07
18,10.2019 10:52:34;32.9;0.5;294;95.40687635044353;288.35;Module 1,1_10;104.9;16,45;34,75;0,38;13,34;3,11
18,10.2019 10:54:27;33.4;0.53;294;99.80733700074119;288.42;Module 1,1_10;109.64;17,70;34,86;0,41;14,13;3,57
18,10.2019 10:56:26;33.4;0.46;294;86.67838156915397;288.49;Module 1,1_10;95.13;15,36;34,51;0,34;11,78;3,58
18,10.2019 10:58:18;32.7;0.42;294;80.17670116207549;288.53;Module 1,1_10;87.92;13,73;34,30;0,31;10,63;3,10
18,10.2019 11:00:12;32.6;0.4;294;76.30126647535387;288.59;Module 1,1_10;83.6;13,04;34,16;0,29;9,95;3,09
18,10.2019 11:02:06;32.9;0.46;294;86.22909496794827;288.65;Module 1,1_10;94.4;15,13;34,50;0,34;11,70;3,43
18,10.2019 11:03:59;33.2;0.44;294;81.62621684388881;288.7;Module 1,1_10;89.29;14,61;34,35;0,32;10,89;3,72
18,10.2019 11:05:52;32.2;0.4;294;74.35226036098993;288.75;Module 1,1_10;81.27;12,88;34,09;0,28;9,60;3,28
18,10.2019 11:07:45;32.1;0.44;294;78.52875150208001;288.76;Module 1,1_10;85.77;14,12;34,24;0,30;10,34;3,78
18,10.2019 11:09:40;32.7;0.46;294;85.8722978267811;288.78;Module 1,1_10;93.72;15,04;34,48;0,34;11,64;3,40
18,10.2019 11:11:36;33;0.54;294;99.51610408079978;288.82;Module 1,1_10;108.53;17,82;34,85;0,40;14,08;3,74
18,10.2019 11:13:29;33.1;0.57;294;109.22128269316568;288.9;Module 1,1_10;119.03;18,87;35,06;0,45;15,82;3,04
18,10.2019 11:15:22;33.5;0.63;294;118.69035467809974;289;Module 1,1_10;129.26;21,11;35,24;0,50;17,53;3,57
18,10.2019 11:17:14;33.8;0.65;294.5;126.10235710946895;289.08;Module 1,1_10;137.24;21,97;35,27;0,53;18,84;3,13
18,10.2019 11:19:07;37.8;1.44;294.5;416.61368058292993;289.44;Module 1,1_10;453.11;54,43;36,79;1,96;72,26;-17,82
18,10.2019 11:21:19;34.5;0.59;294.5;118.13778862885039;289.79;Module 1,1_10;128.39;20,36;35,14;0,50;17,40;2,96
18,10.2019 11:23:14;33.6;1.23;294.5;242.5225780111533;289.83;Module 1,1_10;263.4;41,33;36,32;1,11;40,17;1,16
18,10.2019 11:25:07;38.7;1.93;294.5;584.9101465178348;290.3;Module 1,1_10;634.87;74,69;36,85;2,79;102,95;-28,26
18,10.2019 11:27:00;35.2;0.89;298;184.3357868671177;290.72;Module 1,1_10;199.96;31,33;35,31;0,82;29,01;2,31
18,10.2019 11:28:53;34.5;1.09;298;309.3295465380242;290.65;Module 1,1_10;335.35;37,61;35,96;1,44;51,67;-14,07
18,10.2019 11:30:46;36.1;0.77;298.5;173.4299435791712;290.65;Module 1,1_10;187.91;27,80;35,13;0,77;26,99;0,81
18,10.2019 11:32:39;35.6;0.86;298.5;338.05245611235915;290.6;Module 1,1_10;366.07;30,62;35,95;1,58;56,76;-26,14
18,10.2019 11:34:31;37.8;1.14;298.5;297.3801211084413;290.64;Module 1,1_10;321.85;43,09;35,84;1,38;49,39;-6,30
18,10.2019 11:36:24;37;1.48;300;371.5547188621711;290.77;Module 1,1_10;401.91;54,76;35,76;1,74;62,38;-7,62
18,10.2019 11:38:17;37.2;2.41;300;516.1943565753666;290.96;Module 1,1_10;558.07;89,65;35,90;2,46;88,21;1,44
18,10.2019 11:40:23;36.1;1.79;300;402.7679801755093;291.22;Module 1,1_10;435.19;64,62;35,80;1,90;67,98;-3,36
18,10.2019 11:42:25;36.1;1.89;300;400.6181031054421;291.39;Module 1,1_10;432.63;68,23;35,80;1,89;67,59;0,64
18,10.2019 11:44:18;35.1;1.29;300;271.5194228927015;291.46;Module 1,1_10;293.07;45,28;35,48;1,25;44,40;0,88
18,10.2019 11:46:14;35.8;2.21;300.5;479.32397331566415;291.53;Module 1,1_10;517.11;79,12;35,80;2,28;81,46;-2,34
18,10.2019 11:48:07;36;2.29;300.5;477.1780403510782;291.92;Module 1,1_10;514.55;82,44;35,79;2,27;81,08;1,36
18,10.2019 11:50:09;35.5;2.19;302;451.2901277142556;292.14;Module 1,1_10;486.39;77,75;35,51;2,14;75,93;1,81
18,10.2019 11:52:02;36.2;2.1;302;477.6355828864877;292.37;Module 1,1_10;514.55;76,02;35,53;2,27;80,59;-4,57
18,10.2019 11:53:54;36.3;2.92;302;496.8660866861349;292.61;Module 1,1_10;535.03;106,00;35,54;2,36;83,98;22,02
18,10.2019 11:55:56;35.8;3.19;302.5;645.2002613681234;293.15;Module 1,1_10;694.43;114,20;35,45;3,09;109,64;4,56
18,10.2019 11:57:49;35.1;3.19;302.5;658.2382824865781;293.64;Module 1,1_10;708.16;111,97;35,44;3,16;111,90;0,07
18,10.2019 11:59:42;34.9;2.81;302.5;571.31781092466;294.11;Module 1,1_10;614.39;98,07;35,46;2,73;96,81;1,26
18,10.2019 12:01:41;34.7;3.24;303.5;684.6141053572137;294.49;Module 1,1_10;735.91;112,43;35,24;3,29;115,88;-3,45
18,10.2019 12:03:45;34.5;3.07;303.5;636.6490281203827;294.78;Module 1,1_10;684.05;105,91;35,27;3,05;107,64;-1,73
18,10.2019 12:05:42;34.3;2.37;306;450.48610469667926;294.99;Module 1,1_10;483.83;81,29;34,80;2,14;74,34;6,95
18,10.2019 12:07:35;34.5;2.39;306;484.04199848891085;295.04;Module 1,1_10;519.67;82,45;34,83;2,30;80,15;2,30
18,10.2019 12:09:38;34.1;1.82;306.5;362.5813496097213;294.92;Module 1,1_10;389.11;62,06;34,59;1,70;58,90;3,16
18,10.2019 12:11:49;34.2;2.07;306.5;417.62477681300595;294.71;Module 1,1_10;447.99;70,79;34,68;1,97;68,47;2,33
18,10.2019 12:13:42;34.7;2.75;306.5;553.8529897739153;294.85;Module 1,1_10;593.91;95,43;34,76;2,65;91,95;3,47
18,10.2019 12:15:35;34.8;2.36;306.5;451.35616601507854;294.83;Module 1,1_10;483.83;82,13;34,71;2,14;74,31;7,82
18,10.2019 12:17:28;34.3;2.07;306.5;415.67664037425317;294.87;Module 1,1_10;445.43;71,00;34,67;1,96;68,13;2,87
18,10.2019 12:19:44;34.8;3.04;306.5;623.520175286063;294.96;Module 1,1_10;667.88;105,79;34,75;2,99;103,84;1,95
18,10.2019 12:21:45;34.7;2.76;306.5;618.7245324242884;295.32;Module 1,1_10;662.51;95,77;34,75;2,96;103,03;-7,26
18,10.2019 12:23:38;34.5;2.59;306.5;528.5293478409111;295.5;Module 1,1_10;565.75;89,35;34,76;2,52;87,61;1,74
18,10.2019 12:25:39;34.1;1.45;308.1;300.78616188015775;295.57;Module 1,1_10;321.86;49,45;34,13;1,40;47,77;1,68
18,10.2019 12:27:33;34.5;2.45;308.1;509.7265793848386;295.35;Module 1,1_10;545.27;84,53;34,47;2,43;83,71;0,81
18,10.2019 12:29:26;34.7;2.49;308.1;519.4555342674706;295.4;Module 1,1_10;555.51;86,40;34,47;2,48;85,37;1,03
18,10.2019 12:31:23;34.6;2.45;308.1;474.1170979389076;295.6;Module 1,1_10;506.87;84,77;34,45;2,25;77,62;7,15
18,10.2019 12:33:16;34.6;2.72;308.1;605.993606287705;295.7;Module 1,1_10;647.67;94,11;34,48;2,90;100,06;-5,95
18,10.2019 12:35:09;34.5;2.76;308.1;625.5193731771174;296;Module 1,1_10;668.35;95,22;34,47;3,00;103,36;-8,14
18,10.2019 12:37:01;34.5;2.96;308.1;613.5203611153788;296.31;Module 1,1_10;655.35;102,12;34,48;2,94;101,33;0,79
18,10.2019 12:39:01;34.3;3.33;308.6;691.9733621664479;296.67;Module 1,1_10;738.94;114,22;34,35;3,33;114,22;-0,00
18,10.2019 12:40:54;34.1;3.04;308.6;628.9670655409152;296.83;Module 1,1_10;671.48;103,66;34,38;3,02;103,68;-0,01
18,10.2019 12:42:48;34;3.18;308.6;656.3674657808763;297.07;Module 1,1_10;700.55;108,12;34,37;3,15;108,27;-0,15
18,10.2019 12:44:43;34.3;3.25;310.1;668.6536662786276;297.15;Module 1,1_10;713.48;111,47;34,10;3,21;109,49;1,98
18,10.2019 12:46:42;34.3;3.09;310.1;635.1834061374145;297.21;Module 1,1_10;677.59;105,99;34,12;3,05;103,93;2,06
18,10.2019 12:48:35;33.4;3.43;310.1;692.7481407550797;297.37;Module 1,1_10;738.82;114,56;34,09;3,33;113,49;1,08
18,10.2019 12:50:56;33.5;3.66;310.1;740.2969784496138;297.6;Module 1,1_10;789.3;122,61;34,05;3,56;121,33;1,28
18,10.2019 12:52:56;32.8;3.32;310.1;666.9917914766153;297.66;Module 1,1_10;710.97;108,90;34,10;3,20;109,22;-0,32
18,10.2019 12:54:48;32.9;3.15;310.6;624.1908840592716;297.63;Module 1,1_10;665.2;103,63;34,03;2,99;101,84;1,80
18,10.2019 12:56:42;33.1;3.34;310.6;664.976882040992;297.61;Module 1,1_10;708.51;110,55;34,02;3,19;108,61;1,95
18,10.2019 12:58:35;33.4;1.57;310.6;372.48909653306094;297.57;Module 1,1_10;396.79;52,44;33,88;1,75;59,40;-6,96
18,10.2019 13:00:29;33.9;2.76;310.6;572.0756803103061;297.1;Module 1,1_10;609.27;93,56;34,04;2,74;93,14;0,43
18,10.2019 13:02:21;33.4;2.64;310.6;519.2979703848985;297.25;Module 1,1_10;552.95;88,18;34,03;2,48;84,27;3,90
18,10.2019 13:04:14;34.1;3.3;310.6;679.9876457147658;297.42;Module 1,1_10;723.91;112,53;34,01;3,27;111,09;1,44
18,10.2019 13:06:12;34.1;3.36;310.6;695.8140552058683;297.61;Module 1,1_10;740.61;114,58;33,99;3,34;113,70;0,87
18,10.2019 13:08:25;34.1;3.78;310.6;766.7468630566444;297.66;Module 1,1_10;815.93;128,90;33,94;3,69;125,34;3,55
18,10.2019 13:10:27;33.4;3.25;310.6;661.261020660701;297.85;Module 1,1_10;703.54;108,55;34,02;3,17;107,99;0,56
18,10.2019 13:12:24;33.5;3.21;310.6;657.6214059766405;297.78;Module 1,1_10;699.54;107,53;34,02;3,16;107,39;0,15
18,10.2019 13:14:18;33.5;2.67;310.6;515.0914053145799;297.59;Module 1,1_10;547.83;89,44;34,03;2,46;83,57;5,88
18,10.2019 13:16:11;33.3;2.28;310.6;433.3251866189105;297.23;Module 1,1_10;460.79;75,92;33,97;2,05;69,74;6,18
18,10.2019 13:18:09;33.5;2.37;310.6;515.2644001911747;297.08;Module 1,1_10;547.83;79,40;34,03;2,46;83,59;-4,20
18,10.2019 13:20:06;33.5;3.14;310.6;635.9658598386708;297.25;Module 1,1_10;676.05;105,19;34,02;3,05;103,79;1,40
18,10.2019 13:22:16;33.5;2.39;310.6;472.0830163550525;297.48;Module 1,1_10;501.75;80,06;34,01;2,24;76,31;3,76
18,10.2019 13:24:08;33.5;2.75;310.6;561.2844287560507;297.49;Module 1,1_10;596.47;92,13;34,04;2,68;91,33;0,80
18,10.2019 13:26:04;34;2.95;310.6;592.6880849572668;297.73;Module 1,1_10;629.75;100,30;34,04;2,84;96,58;3,72
18,10.2019 13:27:59;33.7;3.37;310.6;665.5888868662023;297.9;Module 1,1_10;707.11;113,57;34,02;3,20;108,71;4,86
18,10.2019 13:29:57;33.5;3.15;310.6;649.7718743836488;298.18;Module 1,1_10;690.21;105,52;34,02;3,12;106,09;-0,56
18,10.2019 13:31:50;33.7;2.62;310.6;523.0311990193588;298.36;Module 1,1_10;555.51;88,29;34,03;2,49;84,90;3,39
18,10.2019 13:33:49;33.4;2.53;310.6;501.4040385129407;298.29;Module 1,1_10;532.47;84,50;34,02;2,39;81,26;3,24
18,10.2019 13:35:42;33.4;2.08;310.6;400.20514657845;297.95;Module 1,1_10;424.95;69,47;33,92;1,89;64,12;5,36
18,10.2019 13:38:18;33.1;1.58;310.6;313.4613550398682;297.55;Module 1,1_10;332.79;52,30;33,73;1,46;49,34;2,96
18,10.2019 13:40:16;33.1;1.34;310.6;258.8031588059997;297.24;Module 1,1_10;274.73;44,35;33,52;1,19;40,01;4,35
18,10.2019 13:42:09;33.3;1.36;310.1;261.9771167917426;296.85;Module 1,1_10;278.07;45,29;33,63;1,21;40,65;4,64
18,10.2019 13:44:02;33.5;1.47;310.1;276.32535632175257;296.48;Module 1,1_10;293.27;49,24;33,69;1,28;43,11;6,14
18,10.2019 13:45:55;33.4;1.36;310.1;256.6577594879208;296.09;Module 1,1_10;272.37;45,42;33,59;1,18;39,74;5,68
18,10.2019 13:47:48;33.4;1.2;308.6;224.62105804988857;295.65;Module 1,1_10;238.35;40,08;33,70;1,02;34,53;5,55
18,10.2019 13:49:42;33.5;1.16;308.6;215.67804001459461;295.22;Module 1,1_10;228.84;38,86;33,64;0,98;32,99;5,87
18,10.2019 13:51:34;33.5;1.14;306.5;212.70808523003552;294.95;Module 1,1_10;225.67;38,19;34,00;0,97;32,81;5,38
18,10.2019 13:53:31;33.6;1.1;306.5;204.70378697241355;294.67;Module 1,1_10;217.16;36,96;33,95;0,93;31,42;5,54
18,10.2019 13:55:24;33.7;1.09;306.5;205.58653701505287;294.45;Module 1,1_10;218.08;36,73;33,95;0,93;31,58;5,16
18,10.2019 13:57:20;33.7;1.14;306;217.7068741392983;294.31;Module 1,1_10;230.92;38,42;34,13;0,99;33,76;4,66
18,10.2019 13:59:12;34;1.25;306;245.47863430523827;294.28;Module 1,1_10;260.36;42,50;34,28;1,13;38,60;3,90
18,10.2019 14:01:07;34.3;1.3;303.5;252.69810287845178;294.32;Module 1,1_10;268;44,59;34,77;1,16;40,35;4,24
18,10.2019 14:03:03;34.2;1.39;303.5;279.05015156289943;294.52;Module 1,1_10;295.93;47,54;34,88;1,29;45,00;2,53
18,10.2019 14:05:23;34.4;1.47;303.5;298.7118984243809;294.66;Module 1,1_10;316.76;50,57;34,95;1,39;48,48;2,09
18,10.2019 14:07:16;34.8;1.72;303.5;345.2292831837928;294.78;Module 1,1_10;366.07;59,86;35,08;1,62;56,70;3,15
18,10.2019 14:09:10;34.5;1.67;303.5;323.51560045397787;294.98;Module 1,1_10;343.03;57,61;35,02;1,51;52,87;4,75
18,10.2019 14:11:03;34.2;1.73;303.5;338.015515373907;295.04;Module 1,1_10;358.39;59,17;35,06;1,58;55,43;3,74
18,10.2019 14:12:57;34.2;1.08;303.5;222.29916682528574;294.95;Module 1,1_10;235.69;36,94;34,60;1,01;34,98;1,96
18,10.2019 14:14:49;34.4;1.19;303.5;244.89623313750133;294.81;Module 1,1_10;259.64;40,94;34,73;1,12;38,97;1,97
18,10.2019 14:16:49;34.5;1.35;303.5;275.97385840638253;294.75;Module 1,1_10;292.58;46,58;34,87;1,28;44,46;2,11
18,10.2019 14:18:43;34.5;1.42;303.5;288.26166738659134;294.7;Module 1,1_10;305.6;48,99;34,91;1,34;46,63;2,36
18,10.2019 14:20:38;34.5;1.5;302.5;302.5862848282808;294.85;Module 1,1_10;320.78;51,75;35,14;1,41;49,40;2,35
18,10.2019 14:22:31;34.4;1.2;302.5;241.88015511157744;294.82;Module 1,1_10;256.42;41,28;34,89;1,11;38,62;2,66
18,10.2019 14:24:35;34.2;1.12;302.5;231.86493585086242;294.64;Module 1,1_10;245.8;38,30;34,84;1,06;36,84;1,46
18,10.2019 14:26:25;34.4;1.23;302.5;251.9210487382832;294.55;Module 1,1_10;267.06;42,31;34,94;1,16;40,40;1,91
18,10.2019 14:28:18;34.5;1.39;302.5;284.4846000249325;294.49;Module 1,1_10;301.58;47,95;35,08;1,32;46,18;1,77
18,10.2019 14:30:14;34.7;1.69;302.5;367.05172613247953;294.46;Module 1,1_10;389.11;58,64;35,30;1,72;60,85;-2,21
18,10.2019 14:32:07;35;2;302.5;398.4421344391791;294.7;Module 1,1_10;422.39;70,00;35,36;1,88;66,41;3,59
18,10.2019 14:34:00;34.6;1.64;302.5;307.0417626958224;294.94;Module 1,1_10;325.5;56,74;35,16;1,43;50,19;6,55
18,10.2019 14:35:55;34.1;1.41;303.5;283.850888654868;295.07;Module 1,1_10;300.92;48,08;34,90;1,31;45,85;2,23
18,10.2019 14:37:52;34.3;1.41;303.5;282.11855137151383;295.15;Module 1,1_10;299.09;48,36;34,89;1,31;45,55;2,82
18,10.2019 14:40:09;34.2;1.75;303.5;354.9455719716787;295.25;Module 1,1_10;376.31;59,85;35,10;1,66;58,42;1,43
18,10.2019 14:42:02;34.3;1.7;303.5;335.6178324645633;295.28;Module 1,1_10;355.83;58,31;35,05;1,57;55,01;3,30
18,10.2019 14:43:55;34;1.32;303.5;256.3895329008756;295.39;Module 1,1_10;271.84;44,88;34,78;1,18;41,00;3,88
18,10.2019 14:45:47;33.7;1.08;303.5;211.34501686945475;295.31;Module 1,1_10;224.09;36,40;34,53;0,96;33,05;3,35
18,10.2019 14:48:03;33.5;0.95;303.5;181.2399399148661;294.96;Module 1,1_10;192.18;31,82;34,30;0,81;27,75;4,08
18,10.2019 14:49:56;33.5;0.9;303.5;171.3289617497492;294.75;Module 1,1_10;181.68;30,15;34,21;0,76;26,01;4,14
18,10.2019 14:51:52;33.6;0.84;303.5;160.96534006913168;294.61;Module 1,1_10;170.7;28,22;34,10;0,71;24,19;4,03
18,10.2019 14:53:45;33.5;0.83;303.5;156.0712915866427;294.46;Module 1,1_10;165.52;27,80;34,05;0,69;23,34;4,47
18,10.2019 14:55:56;33.5;0.81;302.5;153.2119895934105;294.28;Module 1,1_10;162.5;27,14;34,20;0,67;22,94;4,19
18,10.2019 14:57:49;33.5;0.79;302.5;149.24141941166087;294.14;Module 1,1_10;158.3;26,46;34,15;0,65;22,25;4,22
18,10.2019 14:59:43;33.5;0.78;302.5;146.87317829691233;293.99;Module 1,1_10;155.8;26,13;34,13;0,64;21,83;4,30
18,10.2019 15:01:53;33.6;0.8;302.5;154.14577449258016;293.96;Module 1,1_10;163.53;26,88;34,21;0,68;23,11;3,77
18,10.2019 15:03:46;33.6;0.86;302.5;163.81212379189228;293.96;Module 1,1_10;173.8;28,90;34,31;0,72;24,81;4,09
18,10.2019 15:05:40;33.7;0.88;302;166.02099605218032;293.91;Module 1,1_10;176.16;29,66;34,43;0,73;25,25;4,40
18,10.2019 15:07:32;33.8;0.88;302;169.12408168231107;293.87;Module 1,1_10;179.47;29,74;34,46;0,75;25,80;3,94
18,10.2019 15:09:32;34;0.92;302;179.29123276802216;293.86;Module 1,1_10;190.28;31,28;34,55;0,80;27,60;3,68
18,10.2019 15:11:40;34.1;1.01;302;199.9771012736116;293.97;Module 1,1_10;212.26;34,44;34,72;0,90;31,26;3,18
18,10.2019 15:13:33;34.6;1.29;302;266.7058832154214;294.17;Module 1,1_10;283.12;44,63;35,09;1,23;43,13;1,51
18,10.2019 15:15:26;35;1.53;302;305.4991819077053;294.39;Module 1,1_10;324.34;53,55;35,24;1,42;50,04;3,51
18,10.2019 15:17:19;35.3;1.81;302;361.6383379920653;294.67;Module 1,1_10;383.99;63,89;35,38;1,70;60,03;3,86
18,10.2019 15:19:19;35;1.72;302;342.30225160100383;295.1;Module 1,1_10;363.51;60,20;35,34;1,60;56,59;3,61
18,10.2019 15:21:11;34.6;1.49;302;289.68964492799165;295.34;Module 1,1_10;307.68;51,55;35,19;1,34;47,22;4,33
18,10.2019 15:23:04;34;1.34;302.5;261.1894410457669;295.48;Module 1,1_10;277.45;45,56;34,98;1,20;42,05;3,51
18,10.2019 15:25:09;33.8;1.22;302.5;233.30404775001003;295.53;Module 1,1_10;247.87;41,24;34,84;1,06;37,09;4,14
18,10.2019 15:27:16;33.4;1.18;302.5;223.3061139562533;295.42;Module 1,1_10;237.29;39,41;34,79;1,02;35,32;4,09
18,10.2019 15:29:09;33.4;1.08;302.5;205.78715575468567;295.35;Module 1,1_10;218.71;36,07;34,67;0,93;32,22;3,85
18,10.2019 15:31:02;33.3;1.07;302.5;206.30696679620345;295.29;Module 1,1_10;219.3;35,63;34,68;0,93;32,31;3,32
18,10.2019 15:33:02;33.4;1.02;302.5;200.14482942964588;295.21;Module 1,1_10;212.79;34,07;34,63;0,90;31,22;2,85
18,10.2019 15:34:56;33.5;1.15;302.5;221.63321425305062;295.14;Module 1,1_10;235.68;38,52;34,77;1,01;35,02;3,50
18,10.2019 15:36:51;34;1.38;302.5;288.6178744522319;295;Module 1,1_10;306.97;46,92;35,09;1,34;46,92;0,00
18,10.2019 15:38:44;34;1.3;302.5;251.58914371639233;295.01;Module 1,1_10;267.64;44,20;34,94;1,15;40,34;3,86
18,10.2019 15:40:37;33.7;1.2;302.5;231.791371903046;295.03;Module 1,1_10;246.63;40,44;34,84;1,06;36,83;3,61
18,10.2019 15:42:30;34;1.15;302.5;225.72825725171163;294.99;Module 1,1_10;240.23;39,10;34,80;1,03;35,75;3,35
18,10.2019 15:44:34;34;1.23;302.5;237.93271944308478;294.95;Module 1,1_10;253.28;41,82;34,87;1,09;37,92;3,90
18,10.2019 15:46:35;33.8;1.22;302.5;236.24010350001066;294.94;Module 1,1_10;251.54;41,24;34,86;1,08;37,62;3,62
18,10.2019 15:48:28;33.7;1.13;302.5;214.93551518839752;294.97;Module 1,1_10;228.91;38,08;34,73;0,97;33,84;4,24
18,10.2019 15:50:23;33.7;1.02;302.5;197.65634526772158;294.97;Module 1,1_10;210.56;34,37;34,62;0,89;30,78;3,60
18,10.2019 15:52:30;33.5;0.91;302.5;184.63049730241025;294.94;Module 1,1_10;196.74;30,48;34,51;0,83;28,48;2,01
18,10.2019 15:54:22;33.8;0.9;302.5;180.77324325585414;294.97;Module 1,1_10;192.68;30,42;34,48;0,81;27,80;2,62
18,10.2019 15:56:16;33.7;0.97;302.5;201.1990944338546;294.94;Module 1,1_10;214.51;32,69;34,64;0,91;31,41;1,28
18,10.2019 15:58:10;35;1.15;302.5;227.8192141837123;294.83;Module 1,1_10;242.96;40,25;34,81;1,04;36,12;4,13
18,10.2019 16:00:10;33.9;0.97;302.5;195.7089989450419;294.82;Module 1,1_10;208.78;32,88;34,60;0,88;30,43;2,45
18,10.2019 16:02:04;37.5;1.68;302.5;386.230032734779;294.88;Module 1,1_10;412.15;63,00;35,34;1,82;64,25;-1,25
18,10.2019 16:04:01;34.2;0.97;302.5;192.47709558963527;294.92;Module 1,1_10;205.46;33,17;34,57;0,86;29,86;3,31
18,10.2019 16:06:03;34.5;0.86;302.5;221.46060010155216;294.93;Module 1,1_10;236.48;29,67;34,77;1,01;34,99;-5,32
18,10.2019 16:07:56;38.5;0.92;302.5;275.38640459310227;294.98;Module 1,1_10;294.16;35,42;35,05;1,27;44,57;-9,15
18,10.2019 16:09:52;36.6;0.85;302.5;231.3239502181387;294.99;Module 1,1_10;247.18;31,11;34,84;1,05;36,74;-5,63
18,10.2019 16:11:45;35.4;0.9;302.5;231.13992526952168;294.87;Module 1,1_10;247.07;31,86;34,84;1,05;36,71;-4,85
18,10.2019 16:13:50;35.9;0.96;302.5;282.57408183701193;294.83;Module 1,1_10;302.17;34,46;35,07;1,31;45,85;-11,38
18,10.2019 16:15:43;35.7;1.01;303.5;245.88974099909456;294.83;Module 1,1_10;263.04;36,06;34,73;1,13;39,14;-3,09
18,10.2019 16:17:35;35.5;1.03;303.5;385.130641934732;294.88;Module 1,1_10;412.15;36,56;35,16;1,81;63,75;-27,18
18,10.2019 16:19:33;40.1;0.98;303.5;322.800174867904;295.4;Module 1,1_10;345.59;39,30;35,02;1,51;52,74;-13,44
18,10.2019 16:22:11;38;0.92;306;408.6471287089633;295.56;Module 1,1_10;437.75;34,96;34,76;1,93;67,07;-32,11
18,10.2019 16:24:04;39.9;0.86;306;277.94795518761214;296;Module 1,1_10;297.87;34,31;34,43;1,29;44,27;-9,96
18,10.2019 16:25:56;38.4;0.79;306.5;341.43758789777985;296.14;Module 1,1_10;366.07;30,34;34,54;1,60;55,23;-24,89
18,10.2019 16:28:01;36.6;0.72;306.5;279.1413619612182;296.24;Module 1,1_10;299.43;26,35;34,34;1,29;44,37;-18,02
18,10.2019 16:32:59;38.4;0.72;306.5;319.38185283267615;296.16;Module 1,1_10;343.03;27,65;34,48;1,49;51,38;-23,74
18,10.2019 16:35:12;38.9;0.71;306.5;388.27101861401457;295.98;Module 1,1_10;417.27;27,62;34,63;1,83;63,37;-35,75
18,10.2019 16:37:32;39.3;0.72;306.5;490.37974730176654;296.15;Module 1,1_10;527.35;28,30;34,74;2,33;81,05;-52,75
18,10.2019 16:39:25;37.5;0.77;306.5;554.3509853810219;296.37;Module 1,1_10;596.47;28,88;34,76;2,65;92,04;-63,17
18,10.2019 16:41:19;36.8;0.79;306.5;176.1393368781219;296.58;Module 1,1_10;189.63;29,07;33,71;0,79;26,47;2,60
18,10.2019 16:43:14;33.5;0.78;306.5;158.26734023749918;296.33;Module 1,1_10;170.49;26,13;33,53;0,70;23,39;2,74
18,10.2019 16:45:08;32.9;0.75;303.5;150.31360145191525;296.03;Module 1,1_10;162.02;24,67;33,98;0,66;22,33;2,34
18,10.2019 16:47:02;32.9;0.71;303.5;142.94154547819497;295.61;Module 1,1_10;154.17;23,36;33,89;0,62;21,05;2,31
18,10.2019 16:48:55;33;0.65;303.5;133.7791593973215;295.28;Module 1,1_10;144.38;21,45;33,77;0,58;19,45;2,00
18,10.2019 16:51:03;33;0.69;303.5;143.44729306480355;295.04;Module 1,1_10;154.93;22,77;33,90;0,62;21,13;1,64
18,10.2019 16:53:07;32.9;0.75;302;338.68451236362307;294.85;Module 1,1_10;366.07;24,67;35,34;1,58;55,95;-31,27
18,10.2019 16:54:59;33.3;0.78;302;310.0455685364625;294.87;Module 1,1_10;335.35;25,97;35,26;1,44;50,85;-24,87
18,10.2019 16:56:54;34;0.7;302;137.64552321323262;294.75;Module 1,1_10;148.99;23,80;34,09;0,59;20,26;3,54
18,10.2019 16:58:47;32.7;0.36;302;74.41609270297369;294.51;Module 1,1_10;80.61;11,77;32,65;0,29;9,34;2,43
18,10.2019 17:00:49;31.2;0.11;302;26.352575844991726;294.17;Module 1,1_10;28.57;3,43;24,65;0,07;1,71;1,72
18,10.2019 17:02:42;30.6;0;300;14.737082223712973;293.42;Module 1,1_10;15.99;0,00;13,98;0,04;0,53;-0,53
18,10.2019 17:04:35;30.3;0;300;13.205375789416955;292.55;Module 1,1_10;14.34;0,00;12,53;0,03;0,43;-0,43
18,10.2019 17:06:31;32.3;0;300;14.656617112979422;291.92;Module 1,1_10;15.93;0,00;13,91;0,04;0,53;-0,53
18,10.2019 17:08:29;32.2;0.08;298;17.26273489638919;291.55;Module 1,1_10;18.78;2,58;16,37;0,04;0,73;1,84
18,10.2019 17:10:28;31.8;0.07;298;15.528718826934156;291.11;Module 1,1_10;16.91;2,23;14,72;0,04;0,59;1,63
18,10.2019 17:13:30;31.2;0;296.5;10.223309927633782;290.59;Module 1,1_10;11.15;0,00;9,69;0,03;0,26;-0,26
18,10.2019 17:15:27;31.2;0;296.5;5.513898827792748;290.32;Module 1,1_10;6.02;0,00;5,23;0,01;0,07;-0,07
18,10.2019 17:17:30;31;0;294.5;5.617395368641008;289.92;Module 1,1_10;6.14;0,00;5,32;0,01;0,08;-0,08
18,10.2019 17:19:23;31.4;0;294.5;3.3539781191317637;288.96;Module 1,1_10;3.67;0,00;3,17;0,01;0,03;-0,03
18,10.2019 17:21:16;30.9;0;294.5;3.423227873406552;288.33;Module 1,1_10;3.75;0,00;3,24;0,01;0,03;-0,03
18,10.2019 17:23:10;32.5;0;294;5.853658520132064;287.83;Module 1,1_10;6.42;0,00;5,54;0,02;0,08;-0,08
18,10.2019 17:25:04;34.2;0;294;8.687790054988772;287.18;Module 1,1_10;9.54;0,00;8,23;0,02;0,19;-0,19
18,10.2019 17:26:58;30.3;0.07;294;12.323912916681618;286.71;Module 1,1_10;13.55;2,12;11,66;0,03;0,37;1,75
18,10.2019 17:28:53;30.1;0.11;294;20.24610128741939;286.4;Module 1,1_10;22.29;3,31;19,16;0,05;1,00;2,31
18,10.2019 17:30:54;30.1;0.07;294;13.650076357396376;286.27;Module 1,1_10;15.05;2,11;12,92;0,04;0,46;1,65
18,10.2019 17:32:47;29.7;0;291.9;11.801250700548456;286.25;Module 1,1_10;13.03;0,00;11,16;0,03;0,34;-0,34
18,10.2019 17:34:40;29.3;0;291.9;11.820061584510466;286.28;Module 1,1_10;13.07;0,00;11,18;0,03;0,34;-0,34
18,10.2019 17:36:32;29;0.07;291.9;12.921842873216402;286.33;Module 1,1_10;14.31;2,03;12,22;0,03;0,41;1,62
18,10.2019 17:38:25;29.4;0;290.4;10.485089049788124;286.37;Module 1,1_10;11.63;0,00;9,91;0,03;0,27;-0,27
18,10.2019 17:40:24;29.7;0.07;290.4;13.607669760681743;286.37;Module 1,1_10;15.12;2,08;12,86;0,04;0,45;1,63
18,10.2019 17:42:18;29.2;0.09;290.4;16.243141464673304;286.29;Module 1,1_10;18.08;2,63;15,35;0,04;0,64;1,98
18,10.2019 17:44:12;29.3;0.13;290.4;21.172595616072773;286.21;Module 1,1_10;23.61;3,81;20,01;0,05;1,10;2,71
18,10.2019 17:46:16;31.1;0.18;290.4;29.719664478920112;286.19;Module 1,1_10;33.21;5,60;27,59;0,08;2,15;3,44
18,10.2019 17:48:09;31.1;0.16;290.4;25.713136558477398;286.2;Module 1,1_10;28.79;4,98;24,23;0,07;1,62;3,36
18,10.2019 17:50:04;31;0.13;290.4;21.576993119746216;286.22;Module 1,1_10;24.21;4,03;20,39;0,06;1,14;2,89
18,10.2019 17:51:59;31.4;0.09;290.4;15.135438205533088;286.29;Module 1,1_10;17.02;2,83;14,30;0,04;0,56;2,27
18,10.2019 17:53:55;31.2;0;290.4;11.347231730095832;286.35;Module 1,1_10;12.79;0,00;10,73;0,03;0,31;-0,31
18,10.2019 17:55:48;31.6;0.09;290.4;14.966650713112948;286.4;Module 1,1_10;16.91;2,84;14,15;0,04;0,55;2,30
18,10.2019 17:57:41;31.3;0.13;290.4;20.82664163496314;286.47;Module 1,1_10;23.59;4,07;19,68;0,05;1,06;3,01
18,10.2019 17:59:34;31.3;0.13;290.4;20.32274368876834;286.53;Module 1,1_10;23.08;4,07;19,20;0,05;1,01;3,06
18,10.2019 18:01:37;31.2;0.12;290.4;19.085021019022754;286.6;Module 1,1_10;21.74;3,74;18,04;0,05;0,89;2,85
18,10.2019 18:03:36;31.2;0.12;290.4;18.88607321972346;286.67;Module 1,1_10;21.58;3,74;17,85;0,05;0,87;2,87
18,10.2019 18:05:33;31.3;0.12;290.4;20.090416631355563;286.66;Module 1,1_10;23.03;3,76;18,98;0,05;0,99;2,77
18,10.2019 18:07:41;31.5;0.1;290.4;17.50393178503238;286.63;Module 1,1_10;20.14;3,15;16,55;0,05;0,75;2,40
18,10.2019 18:09:34;31.8;0.09;290.4;15.494230369759128;286.57;Module 1,1_10;17.89;2,86;14,65;0,04;0,59;2,28
18,10.2019 18:11:27;31.6;0.08;290.4;15.204071403088145;286.55;Module 1,1_10;17.62;2,53;14,37;0,04;0,57;1,96
18,10.2019 18:13:20;31.4;0.1;290.4;16.915170711389283;286.55;Module 1,1_10;19.68;3,14;15,98;0,04;0,70;2,44
18,10.2019 18:15:12;31.7;0.09;290.4;14.457357046305932;286.55;Module 1,1_10;16.89;2,85;13,66;0,04;0,51;2,34
18,10.2019 18:17:05;31.4;0.08;290.4;14.08668930785505;286.53;Module 1,1_10;16.53;2,51;13,31;0,04;0,49;2,03
18,10.2019 18:18:58;31.4;0.08;290.4;12.654790335304128;286.58;Module 1,1_10;14.92;2,51;11,96;0,03;0,39;2,12
18,10.2019 18:21:02;30.9;0;290.4;8.536034871821741;286.56;Module 1,1_10;10.12;0,00;8,07;0,02;0,18;-0,18
18,10.2019 18:22:55;30.5;0;290.4;5.050253380984371;286.48;Module 1,1_10;6.02;0,00;4,77;0,01;0,06;-0,06
18,10.2019 18:24:47;30.5;0;290.4;3.8951644381744104;286.35;Module 1,1_10;4.67;0,00;3,68;0,01;0,04;-0,04
18,10.2019 18:26:59;32.9;0;289.9;3.883146615776613;286.18;Module 1,1_10;4.69;0,00;3,67;0,01;0,04;-0,04
18,10.2019 18:28:54;33.2;0;289.9;4.703062192166291;286.02;Module 1,1_10;5.72;0,00;4,45;0,01;0,05;-0,05
18,10.2019 18:30:54;33.5;0;290.4;6.191542504845566;285.84;Module 1,1_10;7.59;0,00;5,85;0,02;0,09;-0,09
18,10.2019 18:32:49;34.4;0;290.4;6.229749894522833;285.72;Module 1,1_10;7.7;0,00;5,89;0,02;0,09;-0,09
18,10.2019 18:34:42;34.1;0;291.9;5.581583797412148;285.59;Module 1,1_10;6.96;0,00;5,28;0,01;0,08;-0,08
18,10.2019 18:36:41;32.4;0;291.9;5.405956072246957;285.49;Module 1,1_10;6.81;0,00;5,11;0,01;0,07;-0,07
18,10.2019 18:38:34;29.6;0;291.9;6.448310077061315;285.42;Module 1,1_10;8.21;0,00;6,10;0,02;0,10;-0,10
18,10.2019 18:40:28;29.4;0;289.9;7.01656872067739;285.39;Module 1,1_10;9.04;0,00;6,63;0,02;0,12;-0,12
18,10.2019 18:42:21;31.5;0;289.9;5.3398790445970015;285.35;Module 1,1_10;6.97;0,00;5,05;0,01;0,07;-0,07
18,10.2019 18:44:14;32.3;0;289.9;4.711684170473953;285.35;Module 1,1_10;6.24;0,00;4,45;0,01;0,05;-0,05
18,10.2019 18:46:07;33.5;0;289.9;5.0738487222634;285.33;Module 1,1_10;6.83;0,00;4,80;0,01;0,06;-0,06
18,10.2019 18:48:00;34.2;0;289.9;5.302241590649056;285.32;Module 1,1_10;7.27;0,00;5,01;0,01;0,07;-0,07
18,10.2019 18:50:10;34.2;0;290.4;5.046524747848851;285.25;Module 1,1_10;7.09;0,00;4,77;0,01;0,06;-0,06
18,10.2019 18:52:13;33.3;0;290.4;5.0785541371934615;285.25;Module 1,1_10;7.33;0,00;4,80;0,01;0,06;-0,06
18,10.2019 18:54:08;34;0;290.4;5.051592693920018;285.25;Module 1,1_10;7.51;0,00;4,77;0,01;0,06;-0,06
18,10.2019 18:56:06;34.2;0;290.4;5.132477028256948;285.24;Module 1,1_10;7.91;0,00;4,85;0,01;0,06;-0,06
18,10.2019 18:58:01;34.6;0;290.4;5.013139836209437;285.23;Module 1,1_10;8.06;0,00;4,73;0,01;0,06;-0,06
18,10.2019 18:59:54;34.8;0;291.9;5.26079982548949;285.21;Module 1,1_10;8.9;0,00;4,98;0,01;0,07;-0,07
18,10.2019 19:01:48;34.7;0;291.9;4.561345560581593;285.21;Module 1,1_10;8.23;0,00;4,31;0,01;0,05;-0,05
18,10.2019 19:03:42;33.1;0;291.9;2.355676505102662;285.21;Module 1,1_10;4.62;0,00;2,23;0,01;0,01;-0,01
18,10.2019 19:05:39;33.1;0;290.4;1.1166859961866558;285.21;Module 1,1_10;2.46;0,00;1,05;0,00;0,00;-0,00
18,10.2019 19:07:35;28;0;290.4;0.7449217546779319;285.21;Module 1,1_10;1.94;0,00;0,70;0,00;0,00;-0,00
18,10.2019 19:09:30;26.4;0;287.4;0.4645634643470533;285.22;Module 1,1_10;1.58;0,00;0,44;0,00;0,00;-0,00
18,10.2019 19:11:25;25.4;0;287.4;0.20940500412804292;285.26;Module 1,1_10;1.09;0,00;0,20;0,00;0,00;-0,00
18,10.2019 19:13:17;25.4;0;287.4;0.1267956905729434;285.28;Module 1,1_10;0.66;0,00;0,12;0,00;0,00;-0,00
18,10.2019 19:15:10;25.4;0;287.4;0.0922150476894134;285.31;Module 1,1_10;0.48;0,00;0,09;0,00;0,00;-0,00
19,10.2019 09:17:58;29.6;0;284.4;10.616400034376108;284.26;Module 1,1_10;13.07;0,00;10,01;0,03;0,27;-0,27
19,10.2019 09:19:51;28.1;0;284.4;10.760450999347597;284.28;Module 1,1_10;13.18;0,00;10,15;0,03;0,28;-0,28
19,10.2019 09:21:44;28;0;285.9;10.45988545741638;284.29;Module 1,1_10;12.75;0,00;9,87;0,03;0,27;-0,27
19,10.2019 09:24:08;27.2;0;285.9;9.415245174308993;284.31;Module 1,1_10;11.41;0,00;8,88;0,02;0,22;-0,22
19,10.2019 09:26:02;27.1;0;285.9;7.981148324842656;284.31;Module 1,1_10;9.63;0,00;7,53;0,02;0,16;-0,16
19,10.2019 09:27:56;29.5;0;285.9;7.706443800358095;284.32;Module 1,1_10;9.26;0,00;7,27;0,02;0,14;-0,14
19,10.2019 09:29:49;29.6;0;285.9;7.31902517815459;284.31;Module 1,1_10;8.76;0,00;6,91;0,02;0,13;-0,13
19,10.2019 09:31:45;29.2;0;286.4;5.711739766366016;284.32;Module 1,1_10;6.81;0,00;5,39;0,01;0,08;-0,08
19,10.2019 09:33:42;29.5;0;286.4;4.5964715551938475;284.32;Module 1,1_10;5.46;0,00;4,34;0,01;0,05;-0,05
19,10.2019 09:35:35;32.3;0;287.4;4.798086916385327;284.32;Module 1,1_10;5.68;0,00;4,53;0,01;0,06;-0,06
19,10.2019 09:37:28;32.9;0;287.4;4.830811526232272;284.32;Module 1,1_10;5.7;0,00;4,56;0,01;0,06;-0,06
19,10.2019 09:39:54;32.7;0;287.4;4.57807617491048;284.33;Module 1,1_10;5.38;0,00;4,32;0,01;0,05;-0,05
19,10.2019 09:41:51;32.3;0;287.4;4.020340769721342;284.35;Module 1,1_10;4.71;0,00;3,80;0,01;0,04;-0,04
19,10.2019 09:43:44;28.8;0;287.4;3.7237005147660724;284.35;Module 1,1_10;4.35;0,00;3,52;0,01;0,03;-0,03
19,10.2019 09:45:37;26.5;0;286.4;4.154572763122409;284.36;Module 1,1_10;4.84;0,00;3,92;0,01;0,04;-0,04
19,10.2019 09:47:29;32.1;0;286.4;3.9847602630270433;284.37;Module 1,1_10;4.63;0,00;3,76;0,01;0,04;-0,04
19,10.2019 09:49:23;31.9;0;286.4;4.012282258362297;284.39;Module 1,1_10;4.65;0,00;3,79;0,01;0,04;-0,04
19,10.2019 09:51:16;31.9;0;287.4;4.428689793533906;284.39;Module 1,1_10;5.12;0,00;4,18;0,01;0,05;-0,05
19,10.2019 09:53:08;32.3;0;287.4;5.52286150477048;284.39;Module 1,1_10;6.37;0,00;5,21;0,01;0,07;-0,07
19,10.2019 09:55:14;34.1;0;287.4;7.205819746235312;284.42;Module 1,1_10;8.29;0,00;6,80;0,02;0,13;-0,13
19,10.2019 09:57:12;32.1;0;287.4;8.023866903938945;284.42;Module 1,1_10;9.21;0,00;7,58;0,02;0,16;-0,16
19,10.2019 09:59:05;31.2;0;287.4;7.936109994710288;284.44;Module 1,1_10;9.09;0,00;7,49;0,02;0,15;-0,15
19,10.2019 10:00:58;31.2;0;287.4;8.932196096040553;284.44;Module 1,1_10;10.21;0,00;8,43;0,02;0,19;-0,19
19,10.2019 10:02:59;30.8;0;287.4;10.906159469771318;284.46;Module 1,1_10;12.44;0,00;10,30;0,03;0,29;-0,29
19,10.2019 10:04:52;30.5;0;287.4;12.007404591568676;284.49;Module 1,1_10;13.67;0,00;11,34;0,03;0,35;-0,35
19,10.2019 10:06:46;33.1;0;287.4;14.106640625643061;284.52;Module 1,1_10;16.03;0,00;13,32;0,04;0,49;-0,49
19,10.2019 10:08:43;35;0;287.4;15.666836800680482;284.54;Module 1,1_10;17.77;0,00;14,79;0,04;0,60;-0,60
19,10.2019 10:11:03;35.7;0;289.9;18.271413744927614;284.57;Module 1,1_10;20.68;0,00;17,27;0,05;0,82;-0,82
19,10.2019 10:12:56;36.8;0.11;289.9;21.195816801699586;284.57;Module 1,1_10;23.95;4,05;20,02;0,05;1,10;2,95
19,10.2019 10:14:50;32.1;0.14;289.9;24.52793463112055;284.59;Module 1,1_10;27.67;4,49;23,15;0,06;1,47;3,02
19,10.2019 10:16:43;31.6;0.17;289.9;29.760191064451032;284.6;Module 1,1_10;33.52;5,37;27,64;0,08;2,16;3,21
19,10.2019 10:18:50;32.5;0.2;289.9;35.831841635711484;284.63;Module 1,1_10;40.29;6,50;30,77;0,10;3,08;3,42
19,10.2019 10:20:44;33;0.25;289.9;44.16820050239271;284.66;Module 1,1_10;49.59;8,25;32,60;0,14;4,45;3,80
19,10.2019 10:22:37;33.1;0.28;289.9;47.094386749946025;284.7;Module 1,1_10;52.8;9,27;32,98;0,15;4,95;4,32
19,10.2019 10:24:39;33.3;0.31;289.9;53.53387756613512;284.71;Module 1,1_10;59.93;10,32;33,63;0,18;6,06;4,27
19,10.2019 10:26:33;32.9;0.35;289.9;57.52435589358279;284.75;Module 1,1_10;64.31;11,51;33,93;0,20;6,75;4,76
19,10.2019 10:28:26;32.9;0.31;289.9;52.89737002206118;284.74;Module 1,1_10;59.06;10,20;33,57;0,18;5,95;4,25
19,10.2019 10:30:20;32.2;0.22;289.9;36.82274819378537;284.74;Module 1,1_10;41.06;7,08;31,09;0,10;3,24;3,84
19,10.2019 10:32:14;31.8;0.2;289.9;34.56999757202289;284.75;Module 1,1_10;38.5;6,36;30,31;0,10;2,88;3,48
19,10.2019 10:34:09;31.7;0.22;289.9;37.73191457167044;284.77;Module 1,1_10;41.97;6,97;31,34;0,11;3,39;3,59
19,10.2019 10:36:04;32;0.27;289.9;45.6616525333325;284.78;Module 1,1_10;50.73;8,64;32,80;0,14;4,71;3,93
19,10.2019 10:37:57;32.5;0.31;289.9;52.850512853411836;284.8;Module 1,1_10;58.65;10,07;33,56;0,18;5,94;4,14
19,10.2019 10:39:50;33;0.33;289.9;55.90417510013928;284.85;Module 1,1_10;61.97;10,89;33,81;0,19;6,47;4,42
19,10.2019 10:42:03;32.5;0.34;289.9;55.71319127757381;284.9;Module 1,1_10;61.68;11,05;33,80;0,19;6,44;4,61
19,10.2019 10:43:56;32.6;0.33;289.9;55.409920488900696;284.96;Module 1,1_10;61.28;10,76;33,77;0,19;6,38;4,38
19,10.2019 10:46:02;32.7;0.34;289.9;54.70352286582094;284.98;Module 1,1_10;60.43;11,12;33,72;0,19;6,26;4,86
19,10.2019 10:47:55;32.6;0.33;289.9;55.256247964200604;284.98;Module 1,1_10;60.98;10,76;33,77;0,19;6,36;4,40
19,10.2019 10:49:54;32.6;0.31;289.9;53.08122367666029;284.93;Module 1,1_10;58.52;10,11;33,59;0,18;5,98;4,13
19,10.2019 10:51:47;32.5;0.28;289.9;47.87448534757492;284.95;Module 1,1_10;52.73;9,10;33,08;0,15;5,08;4,02
19,10.2019 10:53:40;32.5;0.28;289.9;46.59179484562954;284.97;Module 1,1_10;51.27;9,10;32,92;0,15;4,86;4,24
19,10.2019 10:55:33;32.1;0.27;289.9;45.460322661564994;284.97;Module 1,1_10;49.98;8,67;32,78;0,14;4,67;4,00
19,10.2019 10:57:29;31.7;0.25;289.9;43.68046979666185;284.96;Module 1,1_10;47.98;7,92;32,52;0,13;4,37;3,55
19,10.2019 10:59:22;32.7;0.25;289.9;42.032193229008925;284.97;Module 1,1_10;46.13;8,18;32,26;0,13;4,09;4,08
19,10.2019 11:01:15;32.2;0.26;289.9;43.3075448552624;284.92;Module 1,1_10;47.49;8,37;32,47;0,13;4,31;4,06
19,10.2019 11:03:08;32.1;0.27;289.9;46.199562089554895;284.92;Module 1,1_10;50.62;8,67;32,88;0,15;4,80;3,87
19,10.2019 11:05:33;32.3;0.31;289.9;51.783121341356406;284.93;Module 1,1_10;56.68;10,01;33,47;0,17;5,75;4,26
19,10.2019 11:07:25;32.8;0.34;289.9;57.1989577302121;284.92;Module 1,1_10;62.56;11,15;33,91;0,20;6,70;4,46
19,10.2019 11:09:18;32.8;0.36;289.9;61.853802727934635;284.94;Module 1,1_10;67.6;11,81;34,21;0,22;7,51;4,29
19,10.2019 11:11:12;33.7;0.4;289.9;69.06969159568517;284.99;Module 1,1_10;75.43;13,48;34,59;0,25;8,79;4,69
19,10.2019 11:13:04;33.2;0.44;290.4;75.38687954179048;285.03;Module 1,1_10;82.27;14,61;34,77;0,28;9,91;4,70
19,10.2019 11:14:57;33.6;0.48;290.4;82.70262731602605;285.04;Module 1,1_10;90.19;16,13;35,03;0,32;11,22;4,91
19,10.2019 11:16:50;34.5;0.5;290.4;85.93469332781854;285.06;Module 1,1_10;93.65;17,25;35,13;0,34;11,81;5,44
19,10.2019 11:18:44;34.5;0.5;290.4;88.11437313978206;285.1;Module 1,1_10;95.96;17,25;35,20;0,35;12,20;5,05
19,10.2019 11:20:49;34.5;0.52;290.4;90.97215554157951;285.13;Module 1,1_10;99;17,94;35,28;0,36;12,72;5,22
19,10.2019 11:22:53;34.4;0.5;291.9;87.33978901951271;285.18;Module 1,1_10;94.98;17,20;34,91;0,34;11,99;5,21
19,10.2019 11:24:45;34.4;0.46;291.9;82.07587986110582;285.14;Module 1,1_10;89.2;15,82;34,74;0,32;11,05;4,77
19,10.2019 11:26:38;34.2;0.43;291.9;75.22115654808974;285.14;Module 1,1_10;81.7;14,71;34,49;0,28;9,83;4,88
19,10.2019 11:28:38;34;0.41;291.9;73.509578967323;285.1;Module 1,1_10;79.79;13,94;34,42;0,28;9,52;4,42
19,10.2019 11:30:30;34;0.42;291.9;73.29435861016783;285.13;Module 1,1_10;79.51;14,28;34,41;0,28;9,49;4,79
19,10.2019 11:32:33;33.9;0.39;291.9;69.25403790653102;285.16;Module 1,1_10;75.08;13,22;34,24;0,26;8,77;4,45
19,10.2019 11:34:27;34.1;0.35;291.9;61.88225660482061;285.17;Module 1,1_10;67.05;11,94;33,86;0,22;7,47;4,46
19,10.2019 11:36:32;32.8;0.31;291.9;54.09797374017975;285.14;Module 1,1_10;58.58;10,17;33,33;0,18;6,12;4,04
19,10.2019 11:38:26;32.5;0.27;291.9;47.73332434623592;285.12;Module 1,1_10;51.66;8,78;32,73;0,15;5,04;3,74
19,10.2019 11:40:20;31.9;0.24;291.9;41.15788913444454;285.06;Module 1,1_10;44.52;7,66;31,79;0,12;3,94;3,72
19,10.2019 11:42:13;31.9;0.21;291.9;35.78660464287872;285.03;Module 1,1_10;38.69;6,70;30,51;0,10;3,07;3,63
19,10.2019 11:44:12;31.6;0.19;291.9;32.60356382098474;285.03;Module 1,1_10;35.23;6,00;29,24;0,09;2,58;3,42
19,10.2019 11:46:05;31.6;0.18;291.9;31.25857859206007;285.03;Module 1,1_10;33.76;5,69;28,52;0,08;2,38;3,31
19,10.2019 11:47:57;31.4;0.17;289.9;29.20779864683632;284.98;Module 1,1_10;31.53;5,34;27,23;0,08;2,08;3,26
19,10.2019 11:49:50;31.2;0.16;289.9;28.22996560815189;284.96;Module 1,1_10;30.46;4,99;26,44;0,07;1,94;3,05
19,10.2019 11:52:22;31.8;0.16;289.9;29.313981469084673;284.92;Module 1,1_10;31.61;5,09;27,30;0,08;2,10;2,99
19,10.2019 11:54:18;31.6;0.16;289.9;29.12343136441656;284.9;Module 1,1_10;31.39;5,06;27,16;0,08;2,07;2,99
19,10.2019 11:56:16;31.5;0.18;289.9;32.64552170563497;284.92;Module 1,1_10;35.17;5,67;29,45;0,09;2,59;3,08
19,10.2019 11:58:10;31.7;0.21;289.9;36.27209479432379;284.92;Module 1,1_10;39.06;6,66;30,91;0,10;3,15;3,50
19,10.2019 12:00:10;31.5;0.21;289.9;36.62282887252484;284.95;Module 1,1_10;39.42;6,61;31,02;0,10;3,21;3,41
19,10.2019 12:02:03;31.8;0.23;289.9;40.90404403123988;284.98;Module 1,1_10;44.01;7,31;32,05;0,12;3,91;3,41
19,10.2019 12:03:56;32.5;0.27;289.9;48.907621161549805;285.03;Module 1,1_10;52.6;8,78;33,19;0,16;5,26;3,52
19,10.2019 12:05:48;32.8;0.34;289.9;59.83773352966687;285.05;Module 1,1_10;64.33;11,15;34,09;0,21;7,16;3,99
19,10.2019 12:07:32;32.8;0.36;289.9;62.45525701800729;285.06;Module 1,1_10;67.12;11,81;34,24;0,22;7,62;4,19
19,10.2019 12:09:25;33.1;0.36;289.9;62.33944498378228;285.1;Module 1,1_10;66.97;11,92;34,23;0,22;7,60;4,32
19,10.2019 12:11:22;33.4;0.36;289.9;64.60777322345805;285.14;Module 1,1_10;69.38;12,02;34,36;0,23;8,00;4,02
19,10.2019 12:13:21;33.5;0.35;289.9;61.35348527888246;285.14;Module 1,1_10;65.86;11,72;34,18;0,22;7,42;4,30
19,10.2019 12:15:19;32.7;0.35;290.4;60.65880125683165;285.14;Module 1,1_10;65.09;11,45;34,05;0,21;7,29;4,15
19,10.2019 12:17:12;33;0.37;290.4;65.3319365005043;285.15;Module 1,1_10;70.08;12,21;34,31;0,24;8,12;4,09
19,10.2019 12:19:05;33.6;0.37;290.4;65.83924906909778;285.16;Module 1,1_10;70.6;12,43;34,34;0,24;8,21;4,23
19,10.2019 12:20:57;33.1;0.35;290.4;61.82177830361116;285.16;Module 1,1_10;66.27;11,58;34,12;0,22;7,50;4,09
19,10.2019 12:23:16;32.7;0.33;290.4;57.46040430206906;285.21;Module 1,1_10;61.57;10,79;33,84;0,20;6,73;4,06
19,10.2019 12:25:11;32.8;0.34;290.4;60.84925325227063;285.23;Module 1,1_10;65.18;11,15;34,06;0,22;7,33;3,83
19,10.2019 12:27:11;32.5;0.4;290.4;68.17231539404658;285.21;Module 1,1_10;73;13,00;34,45;0,25;8,62;4,38
19,10.2019 12:29:03;33.7;0.38;290.4;68.04353429349956;285.24;Module 1,1_10;72.84;12,81;34,45;0,25;8,60;4,21
19,10.2019 12:30:56;33.9;0.38;290.4;66.48473370805539;285.28;Module 1,1_10;71.15;12,88;34,38;0,24;8,32;4,56
19,10.2019 12:32:50;33.9;0.36;290.4;62.27017593744348;285.32;Module 1,1_10;66.62;12,20;34,14;0,22;7,58;4,63
19,10.2019 12:34:45;32.9;0.33;290.4;57.50125445356623;285.34;Module 1,1_10;61.5;10,86;33,84;0,20;6,74;4,12
19,10.2019 12:36:39;32.6;0.31;290.4;56.02113577053605;285.31;Module 1,1_10;59.9;10,11;33,73;0,19;6,48;3,62
19,10.2019 12:38:45;33.2;0.33;290.4;57.385416586276904;285.32;Module 1,1_10;61.34;10,96;33,83;0,20;6,72;4,24
19,10.2019 12:40:38;32.8;0.37;290.4;63.848304664141125;285.32;Module 1,1_10;68.23;12,14;34,23;0,23;7,85;4,28
19,10.2019 12:42:32;33.1;0.41;290.4;70.74496622177415;285.33;Module 1,1_10;75.58;13,57;34,57;0,26;9,08;4,49
19,10.2019 12:44:24;33.3;0.45;290.4;78.32793052295622;285.36;Module 1,1_10;83.66;14,98;34,88;0,30;10,43;4,55
19,10.2019 12:46:20;33.3;0.46;290.4;80.98898530846044;285.4;Module 1,1_10;86.48;15,32;34,97;0,31;10,91;4,41
19,10.2019 12:48:12;33.5;0.45;290.4;81.65494719233043;285.44;Module 1,1_10;87.17;15,08;34,99;0,32;11,03;4,04
19,10.2019 12:50:09;34.2;0.46;291.9;81.52521506789952;285.51;Module 1,1_10;87.01;15,73;34,72;0,32;10,95;4,78
19,10.2019 12:52:04;34.3;0.47;291.9;86.21173690314723;285.54;Module 1,1_10;91.99;16,12;34,88;0,34;11,79;4,33
19,10.2019 12:54:14;34.6;0.55;291.9;97.92402969951863;285.58;Module 1,1_10;104.46;19,03;35,19;0,40;13,90;5,13
19,10.2019 12:56:07;34.7;0.59;291.9;105.18427669257551;285.65;Module 1,1_10;112.18;20,47;35,36;0,43;15,22;5,25
19,10.2019 12:58:00;34.7;0.61;291.9;107.76731104509136;285.75;Module 1,1_10;114.91;21,17;35,41;0,44;15,69;5,48
19,10.2019 12:59:52;34.6;0.56;292.4;101.61755102663325;285.78;Module 1,1_10;108.33;19,38;35,19;0,41;14,54;4,83
19,10.2019 13:02:07;34.4;0.53;292.4;94.21139035383449;285.71;Module 1,1_10;100.41;18,23;35,01;0,38;13,21;5,02
19,10.2019 13:03:59;34.3;0.51;291.9;91.25513647509528;285.71;Module 1,1_10;97.24;17,49;35,02;0,36;12,70;4,79
19,10.2019 13:05:54;34.4;0.5;291.9;89.69629247291486;285.7;Module 1,1_10;95.56;17,20;34,98;0,36;12,42;4,78
19,10.2019 13:07:51;34.5;0.52;291.9;94.86802087953768;285.67;Module 1,1_10;101.05;17,94;35,12;0,38;13,35;4,59
19,10.2019 13:09:50;34.7;0.57;291.9;104.72719979204071;285.72;Module 1,1_10;111.53;19,78;35,34;0,43;15,14;4,64
19,10.2019 13:11:43;34.7;0.66;291.9;120.85278917146984;285.84;Module 1,1_10;128.68;22,90;35,66;0,51;18,08;4,82
19,10.2019 13:13:35;34.8;0.75;291.9;135.07643277679276;285.92;Module 1,1_10;143.8;26,10;35,88;0,58;20,69;5,41
19,10.2019 13:15:28;35;0.77;292.4;139.63710619630865;285.92;Module 1,1_10;148.63;26,95;35,84;0,60;21,48;5,47
19,10.2019 13:17:28;35;0.79;292.4;143.92758590350135;285.96;Module 1,1_10;153.17;27,65;35,90;0,62;22,27;5,38
19,10.2019 13:19:20;35;0.78;292.4;141.04638750838387;286.02;Module 1,1_10;150.08;27,30;35,87;0,61;21,74;5,56
19,10.2019 13:21:40;34.8;0.71;292.4;129.91575780267635;286.09;Module 1,1_10;138.21;24,71;35,71;0,55;19,70;5,01
19,10.2019 13:23:40;34.7;0.67;292.4;120.53498946805367;286.08;Module 1,1_10;128.21;23,25;35,56;0,51;17,98;5,27
19,10.2019 13:25:37;34.7;0.61;292.4;111.31949703392299;286.05;Module 1,1_10;118.39;21,17;35,39;0,46;16,30;4,86
19,10.2019 13:27:32;34.6;0.59;292.4;105.6834645878118;286.1;Module 1,1_10;112.38;20,41;35,27;0,43;15,28;5,13
19,10.2019 13:29:25;34.6;0.57;292.4;101.20198355039203;286.07;Module 1,1_10;107.6;19,72;35,18;0,41;14,47;5,25
19,10.2019 13:31:24;34.6;0.55;292.4;96.52197164407018;286.02;Module 1,1_10;102.61;19,03;35,06;0,39;13,62;5,41
19,10.2019 13:33:17;34.4;0.52;292.4;92.88388451476699;286.01;Module 1,1_10;98.73;17,89;34,97;0,37;12,97;4,92
19,10.2019 13:35:16;34.4;0.49;292.4;86.93041494026673;285.97;Module 1,1_10;92.39;16,86;34,80;0,34;11,90;4,96
19,10.2019 13:37:13;34.4;0.47;292.4;83.53443622002027;285.98;Module 1,1_10;88.77;16,17;34,70;0,33;11,29;4,88
19,10.2019 13:39:07;34.3;0.48;292.4;85.31322417655136;286;Module 1,1_10;90.65;16,46;34,76;0,33;11,61;4,85
19,10.2019 13:41:09;34.4;0.52;292.4;93.8319346881046;286.04;Module 1,1_10;99.69;17,89;35,00;0,38;13,14;4,75
19,10.2019 13:43:11;34.6;0.59;292.4;106.95526748225129;286.05;Module 1,1_10;113.62;20,41;35,30;0,44;15,51;4,90
19,10.2019 13:45:05;34.8;0.64;292.4;117.70767585130099;286.08;Module 1,1_10;125.03;22,27;35,51;0,49;17,47;4,80
19,10.2019 13:46:59;35;0.73;292.4;132.48196497644335;286.14;Module 1,1_10;140.71;25,55;35,75;0,56;20,17;5,38
19,10.2019 13:48:53;35;0.79;292.4;144.63131937386842;286.21;Module 1,1_10;153.6;27,65;35,91;0,62;22,40;5,25
19,10.2019 13:51:04;35.1;0.81;292.4;148.19580996487903;286.31;Module 1,1_10;157.37;28,43;35,95;0,64;23,06;5,38
19,10.2019 13:52:58;35;0.81;292.4;148.00064562400004;286.35;Module 1,1_10;157.15;28,35;35,95;0,64;23,02;5,33
19,10.2019 13:54:51;35;0.82;292.4;151.7510625685457;286.4;Module 1,1_10;161.12;28,70;36,00;0,66;23,71;4,99
19,10.2019 13:56:43;35;0.81;292.4;147.9941985115699;286.46;Module 1,1_10;157.12;28,35;35,95;0,64;23,02;5,33
19,10.2019 13:58:36;34.8;0.69;294;127.2429208998513;286.53;Module 1,1_10;135.08;24,01;35,38;0,54;19,08;4,93
19,10.2019 14:00:29;34.7;0.68;294;126.67633241092545;286.46;Module 1,1_10;134.47;23,60;35,38;0,54;18,98;4,61
19,10.2019 14:02:24;34.8;0.71;294;133.2597837633912;286.35;Module 1,1_10;141.45;24,71;35,47;0,57;20,18;4,53
19,10.2019 14:04:56;35;0.7;294;130.14146021309503;286.36;Module 1,1_10;138.13;24,50;35,42;0,55;19,61;4,89
19,10.2019 14:06:50;34.8;0.68;294;126.18116351621939;286.42;Module 1,1_10;133.92;23,66;35,37;0,53;18,89;4,77
19,10.2019 14:08:44;34.7;0.66;294;120.84424925656597;286.44;Module 1,1_10;128.25;22,90;35,27;0,51;17,92;4,98
19,10.2019 14:10:36;34.7;0.63;294;116.02453286836445;286.49;Module 1,1_10;123.13;21,86;35,20;0,48;17,05;4,81
19,10.2019 14:12:37;34.6;0.64;294;116.61322876705884;286.53;Module 1,1_10;123.75;22,14;35,20;0,49;17,16;4,99
19,10.2019 14:14:35;34.6;0.6;294;110.86864107030638;286.55;Module 1,1_10;117.65;20,76;35,09;0,46;16,12;4,64
19,10.2019 14:16:28;34.4;0.6;294;112.56791052513931;286.59;Module 1,1_10;119.45;20,64;35,13;0,47;16,43;4,21
19,10.2019 14:18:34;34.8;0.74;294;134.61363976034008;286.63;Module 1,1_10;142.84;25,75;35,49;0,58;20,42;5,33
19,10.2019 14:20:26;35;0.83;294;152.79537539028163;286.7;Module 1,1_10;162.13;29,05;35,72;0,66;23,74;5,31
19,10.2019 14:22:33;34.7;0.74;294;138.6516055252707;286.78;Module 1,1_10;147.12;25,68;35,55;0,60;21,16;4,52
19,10.2019 14:24:26;34.8;0.69;294;127.80520243644821;286.82;Module 1,1_10;135.61;24,01;35,39;0,54;19,19;4,83
19,10.2019 14:26:12;34.8;0.68;294;125.74172472201029;286.79;Module 1,1_10;133.42;23,66;35,36;0,53;18,81;4,85
19,10.2019 14:28:05;34.7;0.67;294;121.12369013155633;286.75;Module 1,1_10;128.52;23,25;35,28;0,51;17,97;5,27
19,10.2019 14:29:59;34.5;0.53;294;96.35564222033885;286.66;Module 1,1_10;102.24;18,29;34,77;0,39;13,51;4,77
19,10.2019 14:31:53;34.3;0.46;292.4;86.12930307169681;286.59;Module 1,1_10;91.39;15,78;34,78;0,34;11,76;4,02
19,10.2019 14:33:45;34.1;0.47;292.4;87.76794476323573;286.47;Module 1,1_10;93.13;16,03;34,83;0,35;12,05;3,98
19,10.2019 14:35:45;34.4;0.51;292.4;95.58819062274944;286.44;Module 1,1_10;101.43;17,54;35,04;0,38;13,46;4,09
19,10.2019 14:37:39;34.4;0.56;294;100.83502876915705;286.44;Module 1,1_10;107;19,26;34,88;0,41;14,31;4,95
19,10.2019 14:39:43;34.4;0.5;294;90.06081121999965;286.51;Module 1,1_10;95.57;17,20;34,61;0,36;12,39;4,81
19,10.2019 14:41:36;34.1;0.41;292.4;75.2068261819724;286.53;Module 1,1_10;79.81;13,98;34,41;0,29;9,81;4,17
19,10.2019 14:43:28;33.6;0.41;292.4;71.44428965504007;286.52;Module 1,1_10;75.82;13,78;34,25;0,27;9,14;4,63
19,10.2019 14:45:23;33.2;0.4;292.4;70.51780267247625;286.49;Module 1,1_10;74.84;13,28;34,21;0,26;8,98;4,30
19,10.2019 14:47:16;33.1;0.4;292.4;70.3731398124027;286.5;Module 1,1_10;74.69;13,24;34,20;0,26;8,95;4,29
19,10.2019 14:49:09;33.1;0.4;292.4;70.04914137939163;286.51;Module 1,1_10;74.35;13,24;34,19;0,26;8,90;4,34
19,10.2019 14:51:19;33;0.41;291.9;73.62446794956529;286.55;Module 1,1_10;78.15;13,53;34,43;0,28;9,54;3,99
19,10.2019 14:53:11;33.2;0.45;291.9;79.86557659875417;286.58;Module 1,1_10;84.78;14,94;34,66;0,31;10,66;4,28
19,10.2019 14:55:04;33.6;0.49;291.9;87.40535134331336;286.58;Module 1,1_10;92.79;16,46;34,91;0,34;12,01;4,46
19,10.2019 14:57:06;33.7;0.5;291.9;91.31675798334167;286.6;Module 1,1_10;96.95;16,85;35,02;0,36;12,71;4,14
19,10.2019 14:59:00;34.4;0.51;291.9;94.66243351828682;286.62;Module 1,1_10;100.51;17,54;35,11;0,38;13,31;4,23
19,10.2019 15:01:00;34.6;0.55;291.9;101.71705975613067;286.67;Module 1,1_10;108.01;19,03;35,28;0,41;14,59;4,44
19,10.2019 15:02:53;34.5;0.55;292.4;100.79460084653671;286.75;Module 1,1_10;107.04;18,98;35,17;0,41;14,40;4,58
19,10.2019 15:04:46;34.4;0.53;292.4;96.60454401089075;286.78;Module 1,1_10;102.6;18,23;35,07;0,39;13,64;4,59
19,10.2019 15:06:42;34.4;0.54;292.4;98.60938808044916;286.81;Module 1,1_10;104.74;18,58;35,12;0,40;14,00;4,58
19,10.2019 15:08:35;34.5;0.56;292.4;100.60411552324102;286.85;Module 1,1_10;106.87;19,32;35,16;0,41;14,36;4,96
19,10.2019 15:10:27;34.3;0.46;292.4;82.53017189605004;286.89;Module 1,1_10;87.68;15,78;34,66;0,32;11,11;4,67
19,10.2019 15:12:20;33.9;0.39;292.4;72.66665539515532;286.89;Module 1,1_10;77.21;13,22;34,30;0,27;9,36;3,86
19,10.2019 15:14:13;33.8;0.39;292.4;73.56117543013673;286.82;Module 1,1_10;78.17;13,18;34,34;0,28;9,52;3,67
19,10.2019 15:16:06;34;0.42;292.4;82.02945432144583;286.69;Module 1,1_10;87.18;14,28;34,65;0,32;11,02;3,26
19,10.2019 15:18:07;34.2;0.47;292.4;89.16764519882942;286.58;Module 1,1_10;94.78;16,07;34,87;0,35;12,30;3,77
19,10.2019 15:20:00;34.3;0.45;292.4;86.72824898774022;286.52;Module 1,1_10;92.2;15,43;34,80;0,34;11,86;3,57
19,10.2019 15:22:28;34.4;0.52;292.4;106.76237316623109;286.57;Module 1,1_10;113.52;17,89;35,30;0,44;15,48;2,41
19,10.2019 15:24:22;35;0.64;292.4;121.2831547120845;286.67;Module 1,1_10;128.98;22,40;35,57;0,51;18,12;4,28
19,10.2019 15:26:15;35.1;0.72;292.4;139.39019064325723;286.81;Module 1,1_10;148.26;25,27;35,84;0,60;21,44;3,84
19,10.2019 15:28:08;35.2;0.8;292.4;153.1381022114855;286.93;Module 1,1_10;162.91;28,16;36,02;0,67;23,97;4,19
19,10.2019 15:30:07;35.2;0.81;292.4;153.05362982020674;287.03;Module 1,1_10;162.85;28,51;36,01;0,67;23,95;4,56
19,10.2019 15:31:59;35;0.75;292.4;144.23081192522537;287.14;Module 1,1_10;153.49;26,25;35,91;0,62;22,33;3,92
19,10.2019 15:33:55;35.1;0.71;292.4;141.01811051091838;287.24;Module 1,1_10;150.1;24,92;35,87;0,61;21,74;3,19
19,10.2019 15:35:50;35.4;0.8;294;161.94608865194974;287.35;Module 1,1_10;172.41;28,32;35,82;0,71;25,42;2,90
19,10.2019 15:38:25;35.7;0.96;294;187.78098924427172;287.58;Module 1,1_10;199.97;34,27;36,05;0,84;30,16;4,11
19,10.2019 15:40:18;35.6;1.11;294.5;218.2255040435761;287.75;Module 1,1_10;232.44;39,52;36,19;0,99;35,69;3,82
19,10.2019 15:42:22;35.8;1.07;294.5;209.02128701054053;287.91;Module 1,1_10;222.69;38,31;36,13;0,94;34,00;4,31
19,10.2019 15:44:16;35.2;1.04;294.5;203.71814835696773;288.06;Module 1,1_10;217.09;36,61;36,09;0,92;33,03;3,58
19,10.2019 15:46:09;35.1;1.03;294.5;198.68835745332137;288.07;Module 1,1_10;211.78;36,15;36,05;0,89;32,10;4,05
19,10.2019 15:48:04;35;1.01;294.5;193.6397751062546;288.11;Module 1,1_10;206.45;35,35;36,02;0,87;31,17;4,18
19,10.2019 15:49:58;34.8;0.92;296;176.02718873806458;288.16;Module 1,1_10;187.72;32,02;35,60;0,78;27,76;4,26
19,10.2019 15:51:54;34.7;0.81;296;154.3247589270507;288.15;Module 1,1_10;164.62;28,11;35,38;0,67;23,82;4,29
19,10.2019 15:53:56;34.6;0.8;296;157.66308802120102;288.21;Module 1,1_10;168.23;27,68;35,42;0,69;24,42;3,26
19,10.2019 15:55:54;35;0.91;296;177.41418088216747;288.28;Module 1,1_10;189.36;31,85;35,62;0,79;28,01;3,84
19,10.2019 15:57:47;35.2;0.98;296;194.95326523432857;288.41;Module 1,1_10;208.14;34,50;35,76;0,87;31,21;3,29
19,10.2019 15:59:40;35.4;1.07;296;219.5498422083205;288.53;Module 1,1_10;234.47;37,88;35,92;0,99;35,70;2,18
19,10.2019 16:01:38;36.9;1.19;296;244.51925749612238;288.82;Module 1,1_10;261.22;43,91;36,06;1,12;40,27;3,64
19,10.2019 16:03:31;37.7;1.17;298;289.46168507022753;289.03;Module 1,1_10;309.33;44,11;35,90;1,34;48,07;-3,96
19,10.2019 16:05:48;38.1;1.18;298;298.289062058798;289.49;Module 1,1_10;318.89;44,96;35,93;1,38;49,67;-4,71
19,10.2019 16:07:40;37.8;1.15;298;264.61932110510554;289.65;Module 1,1_10;282.99;43,47;35,80;1,22;43,56;-0,09
19,10.2019 16:09:34;37.1;1.09;298.5;259.898971435303;289.69;Module 1,1_10;278.04;40,44;35,69;1,19;42,60;-2,16
19,10.2019 16:11:28;36.8;1.09;298.5;241.95715461680044;289.7;Module 1,1_10;258.94;40,11;35,60;1,11;39,35;0,76
19,10.2019 16:13:21;35.1;1.02;298.5;209.38974269011356;289.66;Module 1,1_10;224.17;35,80;35,41;0,94;33,47;2,34
19,10.2019 16:15:15;35.5;1;298.5;202.76354649378962;289.58;Module 1,1_10;217.16;35,50;35,37;0,91;32,27;3,23
19,10.2019 16:17:07;36.3;0.98;298.5;212.2229436047198;289.5;Module 1,1_10;227.38;35,57;35,43;0,96;33,98;1,60
19,10.2019 16:19:00;34.6;0.92;298.5;180.30398826227275;289.49;Module 1,1_10;193.26;31,83;35,19;0,80;28,22;3,61
19,10.2019 16:20:52;34.6;0.88;298.5;176.84383577389423;289.46;Module 1,1_10;189.63;30,45;35,16;0,78;27,60;2,85
19,10.2019 16:22:48;34.4;0.76;298.5;160.2195640780347;289.43;Module 1,1_10;171.88;26,14;35,00;0,70;24,61;1,53
19,10.2019 16:24:43;37.1;0.77;298.5;207.6654848196722;289.46;Module 1,1_10;222.88;28,57;35,41;0,94;33,15;-4,59
19,10.2019 16:26:42;38.8;0.91;298.5;287.0781367354218;289.69;Module 1,1_10;308.26;35,31;35,80;1,33;47,52;-12,22
19,10.2019 16:28:35;38.9;1.04;300;319.3074944508366;289.92;Module 1,1_10;343.03;40,46;35,63;1,49;52,99;-12,54
19,10.2019 16:30:28;38.5;1.08;300;342.9694625140736;290.18;Module 1,1_10;368.63;41,58;35,70;1,60;57,25;-15,67
19,10.2019 16:32:21;36.2;1.09;300;230.8063874577913;290.34;Module 1,1_10;248.2;39,46;35,28;1,05;37,08;2,38
19,10.2019 16:34:20;34.8;1.04;300;210.6698998909812;290.28;Module 1,1_10;226.67;36,19;35,16;0,95;33,47;2,72
19,10.2019 16:36:14;35.1;0.93;300;187.59336086161713;290.21;Module 1,1_10;201.95;32,64;34,98;0,84;29,34;3,31
19,10.2019 16:38:06;34.4;0.87;298.5;175.1150672050377;290.13;Module 1,1_10;188.62;29,93;35,15;0,78;27,29;2,64
19,10.2019 16:40:00;34.2;0.81;298.5;155.427172113829;290.02;Module 1,1_10;167.51;27,70;34,95;0,68;23,76;3,95
19,10.2019 16:41:52;34;0.74;298.5;141.49171687509656;289.89;Module 1,1_10;152.58;25,16;34,77;0,61;21,26;3,90
19,10.2019 16:43:45;34;0.69;298.5;131.1374920178516;289.78;Module 1,1_10;141.5;23,46;34,63;0,56;19,42;4,04
19,10.2019 16:45:38;33.8;0.63;298.5;118.99665616001857;289.65;Module 1,1_10;128.48;21,29;34,44;0,50;17,26;4,03
19,10.2019 16:47:40;33.7;0.58;298.5;110.96341155024112;289.49;Module 1,1_10;119.89;19,55;34,29;0,46;15,84;3,70
19,10.2019 16:49:33;33.7;0.57;298;110.87102189000944;289.39;Module 1,1_10;119.87;19,21;34,38;0,46;15,86;3,35
19,10.2019 16:51:28;33.8;0.59;298;114.6199959818277;289.25;Module 1,1_10;124.01;19,94;34,45;0,48;16,52;3,42
19,10.2019 16:53:20;33.8;0.6;296.5;114.58559170989194;289.11;Module 1,1_10;124.06;20,28;34,72;0,48;16,62;3,66
19,10.2019 16:55:55;33.9;0.59;296.5;111.38804725901684;289;Module 1,1_10;120.72;20,00;34,66;0,46;16,05;3,95
19,10.2019 16:57:50;33.8;0.55;296;104.21130133864918;288.89;Module 1,1_10;113.03;18,59;34,60;0,43;14,80;3,79
19,10.2019 16:59:46;33.7;0.51;296;99.0783742455184;288.84;Module 1,1_10;107.55;17,19;34,48;0,40;13,89;3,30
19,10.2019 17:01:42;32.9;0.51;296;94.92681136879656;288.76;Module 1,1_10;103.13;16,78;34,38;0,38;13,15;3,63
19,10.2019 17:03:34;32.8;0.52;296;99.10547254021215;288.71;Module 1,1_10;107.76;17,06;34,48;0,40;13,89;3,16
19,10.2019 17:05:27;33.4;0.56;296;103.75120177355649;288.68;Module 1,1_10;112.91;18,70;34,59;0,43;14,72;3,98
19,10.2019 17:07:20;33.2;0.54;294.5;101.57357475927637;288.67;Module 1,1_10;110.64;17,93;34,81;0,41;14,42;3,51
19,10.2019 17:09:12;33.1;0.51;294.5;97.76493918757916;288.67;Module 1,1_10;106.59;16,88;34,72;0,40;13,74;3,14
19,10.2019 17:11:05;32.9;0.5;294.5;98.20203880157142;288.68;Module 1,1_10;107.17;16,45;34,73;0,40;13,81;2,64
19,10.2019 17:12:59;32.9;0.53;294.5;102.8173638151056;288.68;Module 1,1_10;112.32;17,44;34,84;0,42;14,64;2,80
19,10.2019 17:14:52;33.1;0.56;294.5;106.18593650538381;288.69;Module 1,1_10;116.12;18,54;34,91;0,44;15,25;3,29
19,10.2019 17:16:44;33.5;0.58;294.5;109.15166314217474;288.68;Module 1,1_10;119.49;19,43;34,97;0,45;15,78;3,65
19,10.2019 17:19:13;33.5;0.58;294.5;109.15533487022236;288.64;Module 1,1_10;119.67;19,43;34,97;0,45;15,78;3,65
19,10.2019 17:21:07;33.6;0.55;294.5;104.96392969182611;288.6;Module 1,1_10;115.21;18,48;34,88;0,43;15,03;3,45
19,10.2019 17:23:01;33.5;0.52;294.5;98.8668895536791;288.6;Module 1,1_10;108.65;17,42;34,75;0,40;13,93;3,49
19,10.2019 17:24:54;33.5;0.52;294.5;98.24331835805125;288.6;Module 1,1_10;108.1;17,42;34,73;0,40;13,82;3,60
19,10.2019 17:26:59;33.1;0.54;294.5;103.94627029175305;288.61;Module 1,1_10;114.54;17,87;34,86;0,43;14,84;3,03
19,10.2019 17:28:52;33.2;0.57;294.5;106.23436253302268;288.59;Module 1,1_10;117.22;18,92;34,91;0,44;15,25;3,67
19,10.2019 17:30:45;33.3;0.56;294.5;103.19794855886467;288.59;Module 1,1_10;114.03;18,65;34,84;0,42;14,71;3,94
19,10.2019 17:32:38;33.5;0.54;294.5;99.14313255348114;288.57;Module 1,1_10;109.71;18,09;34,75;0,40;13,98;4,11
19,10.2019 17:34:55;32.9;0.5;294.5;92.93414739020469;288.58;Module 1,1_10;103.03;16,45;34,59;0,37;12,87;3,58
19,10.2019 17:36:48;32.9;0.47;294.5;85.08591854855956;288.57;Module 1,1_10;94.48;15,46;34,38;0,33;11,48;3,98
19,10.2019 17:38:40;33;0.44;294.5;80.26150107288424;288.54;Module 1,1_10;89.27;14,52;34,21;0,31;10,63;3,89
19,10.2019 17:40:33;32.7;0.44;294;78.95571405769901;288.51;Module 1,1_10;87.97;14,39;34,26;0,30;10,42;3,97
19,10.2019 17:42:29;32.8;0.44;294;79.15864640694117;288.52;Module 1,1_10;88.36;14,43;34,27;0,31;10,45;3,98
19,10.2019 17:44:22;32.5;0.45;294;78.95564413893314;288.47;Module 1,1_10;88.3;14,63;34,26;0,30;10,42;4,21
19,10.2019 17:46:14;32.7;0.42;294;75.25853356703065;288.48;Module 1,1_10;84.33;13,73;34,12;0,29;9,76;3,97
19,10.2019 17:48:09;32.3;0.4;294;70.04243693126577;288.46;Module 1,1_10;78.65;12,92;33,90;0,26;8,85;4,07
19,10.2019 17:50:15;32.5;0.36;293.5;65.25396306579896;288.42;Module 1,1_10;73.45;11,70;33,76;0,24;8,03;3,67
19,10.2019 17:52:11;32.3;0.35;293.5;61.707250127006695;288.37;Module 1,1_10;69.62;11,30;33,56;0,22;7,41;3,90
19,10.2019 17:54:04;32;0.34;293.5;60.14562800640766;288.33;Module 1,1_10;68.02;10,88;33,47;0,21;7,14;3,74
19,10.2019 17:55:57;32.5;0.33;294;58.97233825985276;288.28;Module 1,1_10;66.86;10,72;33,31;0,21;6,93;3,80
19,10.2019 17:57:58;32.1;0.32;294;55.912836141961066;288.25;Module 1,1_10;63.57;10,27;33,10;0,19;6,40;3,87
19,10.2019 17:59:51;31.9;0.31;294;55.18811961617369;288.21;Module 1,1_10;62.92;9,89;33,05;0,19;6,28;3,61
19,10.2019 18:01:44;31.2;0.32;294;55.5260455655315;288.16;Module 1,1_10;63.49;9,98;33,07;0,19;6,33;3,65
19,10.2019 18:03:42;32.1;0.33;292.4;57.117775625810914;288.12;Module 1,1_10;65.52;10,59;33,46;0,20;6,64;3,96
19,10.2019 18:06:16;31.6;0.32;292.4;55.90841015080785;288.1;Module 1,1_10;64.42;10,11;33,38;0,19;6,43;3,68
19,10.2019 18:08:10;32.5;0.31;292.4;53.39359427854793;288.08;Module 1,1_10;61.74;10,07;33,18;0,18;6,00;4,08
19,10.2019 18:10:03;32.4;0.3;294;50.714610418105764;288.09;Module 1,1_10;58.86;9,72;32,67;0,17;5,52;4,20
19,10.2019 18:11:56;31.8;0.29;294;49.4000370547608;288.09;Module 1,1_10;57.56;9,22;32,55;0,16;5,30;3,93
19,10.2019 18:13:57;31.8;0.29;292.4;49.39298411890094;288.1;Module 1,1_10;57.81;9,22;32,81;0,16;5,31;3,91
19,10.2019 18:15:49;32.3;0.31;292.4;52.331228121030634;288.1;Module 1,1_10;61.52;10,01;33,09;0,18;5,81;4,20
19,10.2019 18:17:44;32.2;0.33;292.4;54.69472954102389;288.1;Module 1,1_10;64.61;10,63;33,29;0,19;6,22;4,41
19,10.2019 18:19:36;32.2;0.27;292.4;46.772474227396046;288.1;Module 1,1_10;55.53;8,69;32,53;0,15;4,87;3,82
19,10.2019 18:22:27;31.5;0.19;292.4;31.32304080569321;288.03;Module 1,1_10;37.5;5,99;28,52;0,08;2,39;3,60
19,10.2019 18:24:21;31.2;0.15;292.4;24.889696289154422;287.96;Module 1,1_10;29.98;4,68;23,48;0,06;1,52;3,16
19,10.2019 18:26:14;30.9;0.14;292.4;22.43544003890018;287.89;Module 1,1_10;27.2;4,33;21,21;0,06;1,23;3,09
19,10.2019 18:28:08;31.1;0.13;292.4;21.515531979105276;287.83;Module 1,1_10;26.27;4,04;20,34;0,06;1,13;2,91
19,10.2019 18:30:01;31;0.12;291.9;19.361331465404405;287.76;Module 1,1_10;23.82;3,72;18,31;0,05;0,92;2,80
19,10.2019 18:31:57;31.1;0.1;291.9;21.325676266020093;287.71;Module 1,1_10;26.46;3,11;20,16;0,06;1,11;2,00
19,10.2019 18:33:54;30.9;0.1;291.9;15.506252423877427;287.69;Module 1,1_10;19.42;3,09;14,66;0,04;0,59;2,50
19,10.2019 18:35:54;31.4;0.08;291.9;13.273868198918386;287.65;Module 1,1_10;16.8;2,51;12,55;0,03;0,43;2,08
19,10.2019 18:38:10;30.7;0.08;291.9;12.841604085568907;287.6;Module 1,1_10;16.47;2,46;12,15;0,03;0,40;2,05
19,10.2019 18:40:06;30.5;0.08;291.9;12.603318948615724;287.57;Module 1,1_10;16.37;2,44;11,92;0,03;0,39;2,05
19,10.2019 18:42:00;30.5;0.07;291.9;11.526732717037909;287.53;Module 1,1_10;15.18;2,14;10,90;0,03;0,33;1,81
19,10.2019 18:43:53;31.4;0;291.9;11.194587680317909;287.51;Module 1,1_10;14.97;0,00;10,59;0,03;0,31;-0,31
19,10.2019 18:45:45;31.6;0.08;291.9;11.725819314418239;287.46;Module 1,1_10;15.95;2,53;11,09;0,03;0,34;2,19
19,10.2019 18:47:45;30.3;0.07;291.9;10.901675215471348;287.42;Module 1,1_10;15.14;2,12;10,31;0,03;0,29;1,83
19,10.2019 18:49:50;30.1;0.07;290.4;10.288515510939504;287.39;Module 1,1_10;14.65;2,11;9,73;0,03;0,26;1,85
19,10.2019 18:51:43;28.2;0.07;290.4;9.884914796731781;287.36;Module 1,1_10;14.45;1,97;9,34;0,03;0,24;1,74
19,10.2019 18:53:36;28.3;0;290.4;8.670670533646543;287.32;Module 1,1_10;13.07;0,00;8,20;0,02;0,18;-0,18
19,10.2019 18:55:31;28.6;0;290.4;7.300587480771094;287.28;Module 1,1_10;11.42;0,00;6,90;0,02;0,13;-0,13
19,10.2019 18:57:24;29.5;0;290.4;5.953206322621191;287.24;Module 1,1_10;9.73;0,00;5,63;0,02;0,09;-0,09
19,10.2019 18:59:22;28;0;290.4;4.816443984125802;287.19;Module 1,1_10;8.33;0,00;4,55;0,01;0,06;-0,06
19,10.2019 19:01:18;26.9;0;290.4;3.491201156350969;287.15;Module 1,1_10;6.48;0,00;3,30;0,01;0,03;-0,03
19,10.2019 19:03:14;27.4;0;287.4;2.651405566464101;287.1;Module 1,1_10;5.4;0,00;2,50;0,01;0,02;-0,02
19,10.2019 19:05:07;25.4;0;287.4;2.0859705161352085;287.06;Module 1,1_10;4.81;0,00;1,97;0,01;0,01;-0,01
19,10.2019 19:07:01;31.8;0;287.4;1.6164185172871064;287.01;Module 1,1_10;4.48;0,00;1,52;0,00;0,01;-0,01
19,10.2019 19:08:54;30.3;0;289.9;0.9185945817259493;286.99;Module 1,1_10;3.44;0,00;0,87;0,00;0,00;-0,00
19,10.2019 19:10:46;28.6;0;289.9;0.4706809725813809;286.95;Module 1,1_10;2.45;0,00;0,45;0,00;0,00;-0,00
19,10.2019 19:12:39;26.5;0;289.9;0.35733330979647693;286.92;Module 1,1_10;1.86;0,00;0,34;0,00;0,00;-0,00
19,10.2019 19:14:32;23.6;0;289.9;0.31122578595177025;286.89;Module 1,1_10;1.62;0,00;0,30;0,00;0,00;-0,00
19,10.2019 19:16:25;23.6;0;289.9;0.24014335335784737;286.86;Module 1,1_10;1.25;0,00;0,23;0,00;0,00;-0,00
19,10.2019 19:18:21;19.3;0;289.9;0.1844300953788268;286.84;Module 1,1_10;0.96;0,00;0,17;0,00;0,00;-0,00
19,10.2019 19:20:14;19.3;0;289.9;0.13448027788039452;286.8;Module 1,1_10;0.7;0,00;0,13;0,00;0,00;-0,00
20,10.2019 08:56:42;34.4;0;282.4;7.2995272539810845;282.24;Module 1,1_10;9.84;0,00;6,88;0,02;0,13;-0,13
20,10.2019 08:58:41;29.9;0;282.4;8.011558838516354;282.17;Module 1,1_10;10.68;0,00;7,55;0,02;0,16;-0,16
20,10.2019 09:00:34;29.2;0;282.4;9.484547152075006;282.13;Module 1,1_10;12.52;0,00;8,94;0,02;0,22;-0,22
20,10.2019 09:02:26;29.5;0.07;283.9;10.671803004186561;282.09;Module 1,1_10;13.96;2,07;10,06;0,03;0,28;1,79
20,10.2019 09:04:46;26.9;0.08;283.9;13.38797627837597;282.07;Module 1,1_10;17.33;2,15;12,62;0,03;0,44;1,72
20,10.2019 09:06:40;26.9;0.09;283.9;15.200109068165371;282.02;Module 1,1_10;19.52;2,42;14,33;0,04;0,56;1,86
20,10.2019 09:08:40;27;0.1;283.9;16.45757556259564;281.99;Module 1,1_10;20.97;2,70;15,52;0,04;0,66;2,04
20,10.2019 09:10:33;27;0.1;283.9;17.38581322589853;281.96;Module 1,1_10;22;2,70;16,39;0,04;0,73;1,97
20,10.2019 09:12:25;27.4;0.12;282.4;20.258507835378214;281.93;Module 1,1_10;25.47;3,29;19,09;0,05;1,00;2,29
20,10.2019 09:14:18;27.8;0.13;282.4;22.288245273537306;281.95;Module 1,1_10;27.85;3,61;21,00;0,06;1,21;2,41
20,10.2019 09:16:11;30.9;0.13;283.9;25.1470565981308;281.96;Module 1,1_10;31.24;4,02;23,69;0,06;1,54;2,48
20,10.2019 09:18:04;33.3;0.15;283.9;29.462389066757947;281.99;Module 1,1_10;36.4;4,99;27,56;0,08;2,11;2,89
20,10.2019 09:19:57;33.7;0.16;283.9;31.154289933987712;282.01;Module 1,1_10;38.29;5,39;28,89;0,08;2,36;3,04
20,10.2019 09:21:57;33.5;0.17;285.9;32.47158237028752;282.06;Module 1,1_10;39.7;5,70;29,66;0,09;2,56;3,14
20,10.2019 09:23:59;33.7;0.18;285.9;36.98492682860021;282.1;Module 1,1_10;44.99;6,07;31,65;0,10;3,27;2,79
20,10.2019 09:25:58;34.2;0.16;285.9;33.392143744479625;282.15;Module 1,1_10;40.43;5,47;30,17;0,09;2,70;2,77
20,10.2019 09:27:51;34;0.16;285.9;35.217348225514094;282.17;Module 1,1_10;42.46;5,44;31,02;0,10;2,99;2,45
20,10.2019 09:29:48;34.2;0.16;285.9;43.102169047441805;282.23;Module 1,1_10;51.75;5,47;33,07;0,13;4,30;1,18
20,10.2019 09:31:41;34.8;0.19;286.4;71.7709168555337;282.32;Module 1,1_10;85.84;6,61;35,33;0,27;9,38;-2,77
20,10.2019 09:33:37;34.9;0.18;286.4;99.1586028486076;282.5;Module 1,1_10;118.15;6,28;36,20;0,40;14,42;-8,14
20,10.2019 09:35:31;35.2;0.19;286.4;133.06545305567968;282.86;Module 1,1_10;157.99;6,69;36,83;0,56;20,77;-14,08
20,10.2019 09:37:24;35.2;0.18;286.4;104.77271228095847;283.19;Module 1,1_10;123.98;6,34;36,33;0,43;15,46;-9,13
20,10.2019 09:39:26;34.8;0.16;286.4;60.40444591372672;283.32;Module 1,1_10;71.23;5,57;34,73;0,21;7,33;-1,76
20,10.2019 09:41:22;34.6;0.18;287.4;60.502267367835856;283.32;Module 1,1_10;71.12;6,23;34,56;0,21;7,32;-1,10
20,10.2019 09:43:17;34.8;0.19;287.4;61.00883266680958;283.31;Module 1,1_10;71.5;6,61;34,59;0,21;7,42;-0,80
20,10.2019 09:45:12;35;0.2;287.4;64.8736123381707;283.3;Module 1,1_10;75.81;7,00;34,82;0,23;8,11;-1,11
20,10.2019 09:47:26;35.4;0.23;287.4;119.86433533481022;283.34;Module 1,1_10;139.62;8,14;36,44;0,50;18,22;-10,07
20,10.2019 09:49:19;36;0.25;287.4;176.99526855230914;283.59;Module 1,1_10;205.63;9,00;37,14;0,78;28,97;-19,97
20,10.2019 09:51:12;35.9;0.26;287.4;195.25961761472408;283.89;Module 1,1_10;226.28;9,33;37,29;0,87;32,43;-23,10
20,10.2019 09:53:04;26.3;0.32;287.4;192.0699619694162;284.17;Module 1,1_10;222.05;8,42;37,27;0,85;31,83;-23,41
20,10.2019 09:55:18;26.3;0.33;287.4;152.77100720591162;284.5;Module 1,1_10;176.13;8,68;36,90;0,66;24,39;-15,71
20,10.2019 09:57:14;26.3;0.59;287.4;226.49734075723615;284.78;Module 1,1_10;260.53;15,52;37,49;1,02;38,37;-22,85
20,10.2019 10:02:52;25.9;0.48;282.4;140.18974063371854;285.35;Module 1,1_10;160.25;12,43;37,63;0,60;22,46;-10,03
20,10.2019 10:04:55;29.1;0.37;282.4;84.31874870850395;285.14;Module 1,1_10;96.18;10,77;36,51;0,32;11,83;-1,06
20,10.2019 10:06:49;31;0.59;285.9;163.55627168923866;285.07;Module 1,1_10;186.21;18,29;37,28;0,71;26,59;-8,30
20,10.2019 10:08:45;34.1;0.49;285.9;169.397502012672;285;Module 1,1_10;192.5;16,71;37,34;0,74;27,70;-10,99
20,10.2019 10:10:45;32;0.61;285.9;212.95010043581982;285.1;Module 1,1_10;241.54;19,52;37,67;0,96;36,02;-16,50
20,10.2019 10:12:37;40.2;0.59;287.4;210.15766289203822;285.23;Module 1,1_10;237.97;23,72;37,39;0,94;35,26;-11,54
20,10.2019 10:14:30;38.2;0.53;287.4;179.29723196463826;285.28;Module 1,1_10;202.69;20,25;37,16;0,79;29,41;-9,16
20,10.2019 10:16:23;38.8;0.53;291.9;153.82877706955568;285.25;Module 1,1_10;173.62;20,56;36,11;0,67;24,14;-3,58
20,10.2019 10:18:15;39.4;0.68;291.9;169.64857972796472;285.25;Module 1,1_10;191.18;26,79;36,27;0,75;27,07;-0,28
20,10.2019 10:20:08;39.4;1.04;291.9;300.3066437756296;285.31;Module 1,1_10;337.91;40,98;37,01;1,39;51,42;-10,45
20,10.2019 10:22:01;39.7;1.17;292.4;296.1905712045314;285.64;Module 1,1_10;332.79;46,45;36,91;1,37;50,54;-4,09
20,10.2019 10:23:54;39;0.77;292.4;212.55518727740997;285.8;Module 1,1_10;238.48;30,03;36,52;0,96;34,97;-4,94
20,10.2019 10:26:03;38.6;0.51;294;125.23665216947585;285.75;Module 1,1_10;140.29;19,69;35,35;0,53;18,72;0,97
20,10.2019 10:27:56;37.8;0.62;294;160.82075259121547;285.64;Module 1,1_10;179.91;23,44;35,81;0,70;25,21;-1,78
20,10.2019 10:29:55;37.4;0.51;294;120.51030740584022;285.5;Module 1,1_10;134.63;19,07;35,27;0,51;17,86;1,21
20,10.2019 10:31:56;36.7;0.5;294;116.20983237353451;285.31;Module 1,1_10;129.65;18,35;35,20;0,49;17,08;1,27
20,10.2019 10:34:20;37.9;0.65;294;175.41736843846215;285.18;Module 1,1_10;195.4;24,64;35,95;0,78;27,89;-3,25
20,10.2019 10:36:16;37.1;0.8;294;246.18034900723939;285.11;Module 1,1_10;273.89;29,68;36,43;1,12;40,94;-11,26
20,10.2019 10:38:09;39.1;0.61;294;222.7353845001271;285.19;Module 1,1_10;247.52;23,85;36,30;1,01;36,61;-12,75
20,10.2019 10:40:01;37.1;0.55;292.4;114.39277305651405;285.15;Module 1,1_10;126.98;20,41;35,45;0,48;16,86;3,54
20,10.2019 10:41:55;35.9;0.47;292.4;101.97434126228366;285.04;Module 1,1_10;113.07;16,87;35,20;0,42;14,61;2,26
20,10.2019 10:44:01;34.8;0.4;292.4;80.14514215973763;284.88;Module 1,1_10;88.76;13,92;34,59;0,31;10,69;3,23
20,10.2019 10:45:53;34.4;0.38;291.9;79.85704526408281;284.75;Module 1,1_10;88.35;13,07;34,66;0,31;10,65;2,42
20,10.2019 10:47:46;34.5;0.39;291.9;79.68456011073152;284.6;Module 1,1_10;88.07;13,46;34,66;0,31;10,62;2,83
20,10.2019 10:49:44;34.4;0.43;291.9;86.93996501655998;284.45;Module 1,1_10;95.99;14,79;34,89;0,34;11,92;2,87
20,10.2019 10:51:45;34.9;0.43;291.9;88.7339417487011;284.32;Module 1,1_10;97.87;15,01;34,95;0,35;12,25;2,76
20,10.2019 10:53:45;34.6;0.39;291.9;80.14594808683282;284.21;Module 1,1_10;88.31;13,49;34,67;0,31;10,71;2,79
20,10.2019 10:55:38;34.5;0.35;291.9;72.20717881864267;284.07;Module 1,1_10;79.49;12,07;34,37;0,27;9,29;2,78
20,10.2019 10:57:42;34.8;0.47;291.9;97.44620784210629;284;Module 1,1_10;107.17;16,36;35,18;0,39;13,82;2,54
20,10.2019 10:59:34;34.7;0.49;291.9;99.2955018557853;284;Module 1,1_10;109.11;17,00;35,23;0,40;14,15;2,85
20,10.2019 11:01:28;34.6;0.45;290.4;87.69444938629626;283.98;Module 1,1_10;96.28;15,57;35,19;0,34;12,12;3,45
20,10.2019 11:03:23;34.4;0.36;290.4;79.41805883203963;283.96;Module 1,1_10;87.12;12,38;34,91;0,30;10,63;1,75
20,10.2019 11:05:16;35.3;0.66;289.9;135.29855340305784;283.99;Module 1,1_10;148.3;23,30;36,23;0,58;20,90;2,40
20,10.2019 11:07:10;35.9;0.78;289.9;154.88172161801708;284.08;Module 1,1_10;169.63;28,00;36,48;0,67;24,54;3,46
20,10.2019 11:09:04;35.9;0.84;290.4;177.22492560807714;284.25;Module 1,1_10;193.95;30,16;36,61;0,78;28,66;1,50
20,10.2019 11:10:58;38.1;1.23;290.4;306.6642080226789;284.52;Module 1,1_10;335.35;46,86;37,30;1,42;52,95;-6,09
20,10.2019 11:13:06;39.7;1.53;290.4;405.32402263430214;285.12;Module 1,1_10;442.87;60,74;37,49;1,91;71,47;-10,73
20,10.2019 11:15:00;39.1;1.35;294;382.17061564188;285.61;Module 1,1_10;417.27;52,79;36,83;1,79;66,07;-13,29
20,10.2019 11:16:58;39.1;1.48;294;457.53426976441347;286.17;Module 1,1_10;499.19;57,87;36,91;2,17;79,94;-22,07
20,10.2019 11:18:51;37;1;294;221.1139795808986;286.44;Module 1,1_10;241.08;37,00;36,29;1,00;36,31;0,69
20,10.2019 11:20:57;35.6;1.28;294;256.5983090503161;286.4;Module 1,1_10;279.56;45,57;36,48;1,18;42,86;2,71
20,10.2019 11:22:50;36.3;0.8;294;197.02900010209106;286.45;Module 1,1_10;214.52;29,04;36,13;0,88;31,86;-2,82
20,10.2019 11:24:43;37;1.76;294.5;496.4255953485618;286.36;Module 1,1_10;540.15;65,12;36,85;2,36;86,87;-21,75
20,10.2019 11:26:41;39.5;1.63;294.5;331.94803398388444;286.69;Module 1,1_10;360.95;64,38;36,64;1,55;56,67;7,71
20,10.2019 11:28:34;37.4;0.52;294.5;113.03895672790931;286.72;Module 1,1_10;122.84;19,45;35,05;0,47;16,48;2,97
20,10.2019 11:30:27;35.8;0.59;296.5;138.0408040251112;286.49;Module 1,1_10;149.92;21,12;35,09;0,59;20,83;0,30
20,10.2019 11:32:22;36.1;1.34;296.5;292.9032691811897;286.31;Module 1,1_10;317.92;48,37;36,17;1,36;49,02;-0,65
20,10.2019 11:34:20;38;0.93;296.5;237.0382850426467;286.35;Module 1,1_10;257.13;35,34;35,94;1,08;38,81;-3,47
20,10.2019 11:36:23;37;0.87;296.5;209.82349847067803;286.23;Module 1,1_10;227.47;32,19;35,77;0,95;33,85;-1,66
20,10.2019 11:38:16;36.9;0.84;296.5;202.1856406136018;286.14;Module 1,1_10;219.07;31,00;35,72;0,91;32,46;-1,46
20,10.2019 11:40:11;36.5;1.05;296.5;249.83392177060603;286.17;Module 1,1_10;270.55;38,33;36,00;1,14;41,15;-2,83
20,10.2019 11:42:03;38;2.05;296.5;525.0668510043355;286.55;Module 1,1_10;568.31;77,90;36,51;2,50;91,26;-13,36
20,10.2019 11:43:57;38.6;1.77;298;364.4211924744452;286.97;Module 1,1_10;394.23;68,32;36,09;1,71;61,67;6,65
20,10.2019 11:45:56;37.3;2.35;298;494.83629003891485;287.45;Module 1,1_10;535.03;87,66;36,24;2,35;85,21;2,45
20,10.2019 11:47:57;36.3;2.43;298;542.4748312126602;288.02;Module 1,1_10;586.23;88,21;36,25;2,59;93,74;-5,53
20,10.2019 11:49:50;36.1;2.72;298;566.435931051505;288.64;Module 1,1_10;611.83;98,19;36,25;2,70;98,02;0,17
20,10.2019 11:51:57;35.8;2.34;298;441.0552060451122;289.21;Module 1,1_10;476.15;83,77;36,20;2,09;75,53;8,25
20,10.2019 11:53:56;35.4;1.47;300;294.3148462910795;289.46;Module 1,1_10;317.58;52,04;35,56;1,36;48,50;3,54
20,10.2019 11:55:52;36.6;1.6;300;358.3974168927098;289.6;Module 1,1_10;386.55;58,56;35,73;1,68;60,02;-1,46
20,10.2019 11:57:45;36.7;2.8;300;579.392589025153;289.6;Module 1,1_10;624.63;102,76;35,90;2,77;99,39;3,37
20,10.2019 11:59:42;35.6;2.74;300;584.4021121489789;289.83;Module 1,1_10;629.75;97,54;35,90;2,79;100,28;-2,73
20,10.2019 12:01:36;37.1;2.99;300;666.1441597900297;289.96;Module 1,1_10;717.53;110,93;35,87;3,20;114,62;-3,69
20,10.2019 12:03:31;37.1;2.67;302;648.4334432450515;290.01;Module 1,1_10;698.16;99,06;35,53;3,11;110,47;-11,41
20,10.2019 12:05:24;36.8;2.32;302;612.7465347994823;289.87;Module 1,1_10;659.47;85,38;35,54;2,93;104,27;-18,89
20,10.2019 12:08:12;36.7;3.09;302;694.007031319327;289.82;Module 1,1_10;746.49;113,40;35,50;3,33;118,34;-4,94
20,10.2019 12:10:04;36.3;2.96;302;644.104070591618;290.14;Module 1,1_10;692.55;107,45;35,53;3,09;109,72;-2,27
20,10.2019 12:12:01;35.7;2.47;302.5;435.86849177219585;290.19;Module 1,1_10;468.47;88,18;35,41;2,06;73,03;15,15
20,10.2019 12:13:55;35.9;2.5;302.5;519.4255777019455;290.19;Module 1,1_10;558.07;89,75;35,46;2,47;87,74;2,01
20,10.2019 12:15:49;35.2;2.08;302.5;469.5586223720365;290.08;Module 1,1_10;504.31;73,22;35,44;2,23;78,97;-5,76
20,10.2019 12:17:42;34.7;1.27;303.5;272.030282344752;289.85;Module 1,1_10;292.06;44,07;34,85;1,26;43,76;0,31
20,10.2019 12:19:35;34.8;1.05;303.5;222.03372652497814;289.32;Module 1,1_10;238.3;36,54;34,60;1,01;34,93;1,61
20,10.2019 12:21:28;35.2;1.14;303.5;243.8628475974097;288.77;Module 1,1_10;261.64;40,13;34,72;1,12;38,78;1,34
20,10.2019 12:24:05;35.5;1.36;302;329.41762130757945;288.3;Module 1,1_10;353.27;48,28;35,31;1,54;54,30;-6,02
20,10.2019 12:25:57;36.5;2.01;302;446.5300214630827;288.23;Module 1,1_10;478.71;73,36;35,51;2,11;75,09;-1,73
20,10.2019 12:27:51;36.6;1.41;302;299.08729966759915;288.25;Module 1,1_10;320.54;51,61;35,22;1,39;48,90;2,71
20,10.2019 12:29:45;36.1;1.67;302;391.8535839118959;288.21;Module 1,1_10;419.83;60,29;35,44;1,85;65,40;-5,11
20,10.2019 12:31:38;36.5;2.01;300.5;439.7739326889597;288.39;Module 1,1_10;471.03;73,36;35,77;2,08;74,42;-1,06
20,10.2019 12:33:33;36.7;1.73;300.5;382.525368274508;288.58;Module 1,1_10;409.59;63,49;35,69;1,80;64,20;-0,71
20,10.2019 12:35:27;36.1;1.81;300.5;392.20252638419373;288.81;Module 1,1_10;419.83;65,34;35,70;1,85;65,93;-0,59
20,10.2019 12:37:24;36.5;1.7;300.5;373.17888233083204;288.96;Module 1,1_10;399.35;62,05;35,67;1,75;62,52;-0,47
20,10.2019 12:39:24;36.4;1.66;300.5;361.3231241431888;289.03;Module 1,1_10;386.55;60,42;35,65;1,69;60,40;0,02
20,10.2019 12:41:18;36;1.64;302;344.6659408483409;289.1;Module 1,1_10;368.63;59,04;35,34;1,61;57,01;2,03
20,10.2019 12:43:12;35.9;1.68;302;351.9398294378845;289.17;Module 1,1_10;376.31;60,31;35,37;1,65;58,31;2,01
20,10.2019 12:45:05;35.8;1.79;302;364.00423387911127;289.21;Module 1,1_10;389.11;64,08;35,39;1,71;60,45;3,63
20,10.2019 12:47:03;35.2;1.68;302;335.35403811794197;289.23;Module 1,1_10;358.39;59,14;35,33;1,57;55,35;3,78
20,10.2019 12:48:59;35.1;1.85;302;366.5869534858265;289.3;Module 1,1_10;391.67;64,94;35,39;1,72;60,91;4,02
20,10.2019 12:50:53;34.9;1.67;300.5;330.7258121530245;289.37;Module 1,1_10;353.27;58,28;35,58;1,54;54,92;3,37
20,10.2019 12:53:00;34.9;1.63;300.5;328.41512217634784;289.35;Module 1,1_10;350.71;56,89;35,57;1,53;54,50;2,38
20,10.2019 12:54:54;34.9;1.66;300.5;330.88814786370096;289.35;Module 1,1_10;353.27;57,93;35,58;1,54;54,95;2,99
20,10.2019 12:56:46;34.9;1.52;300.5;298.01182256065226;289.32;Module 1,1_10;318.1;53,05;35,48;1,38;49,05;4,00
20,10.2019 12:58:39;35;1.47;300.5;290.71103488688215;289.25;Module 1,1_10;310.24;51,45;35,46;1,35;47,74;3,71
20,10.2019 13:00:32;34.9;1.41;300.5;281.4467198824548;289.21;Module 1,1_10;300.29;49,21;35,42;1,30;46,08;3,13
20,10.2019 13:02:26;35.1;1.33;300.5;264.2748902718887;289.12;Module 1,1_10;281.91;46,68;35,35;1,22;43,00;3,69
20,10.2019 13:04:19;34.6;1.2;300.5;237.05214599530768;289.04;Module 1,1_10;252.82;41,52;35,23;1,08;38,11;3,41
20,10.2019 13:06:31;34.6;1.2;300.5;236.72159645768767;288.87;Module 1,1_10;252.41;41,52;35,22;1,08;38,06;3,46
20,10.2019 13:08:24;34.8;1.25;300.5;250.40528544556162;288.84;Module 1,1_10;266.95;43,50;35,29;1,15;40,51;2,99
20,10.2019 13:10:18;34.8;1.35;300;273.653482489928;288.85;Module 1,1_10;291.68;46,98;35,48;1,26;44,78;2,20
20,10.2019 13:12:18;35.2;1.48;300;298.71328451489126;288.9;Module 1,1_10;318.33;52,10;35,57;1,39;49,29;2,81
20,10.2019 13:14:11;35.3;1.55;300;317.1419035056582;289.02;Module 1,1_10;337.91;54,71;35,63;1,48;52,60;2,11
20,10.2019 13:16:04;35.2;1.72;300;348.4354637212297;289.22;Module 1,1_10;371.19;60,54;35,71;1,63;58,23;2,32
20,10.2019 13:17:58;35;1.78;300;355.7036523042898;289.47;Module 1,1_10;378.87;62,30;35,73;1,67;59,53;2,77
20,10.2019 13:19:51;35.1;1.7;300;346.1450168864579;289.57;Module 1,1_10;368.63;59,67;35,70;1,62;57,82;1,85
20,10.2019 13:21:43;35;1.87;300;379.85720949722963;289.8;Module 1,1_10;404.47;65,45;35,77;1,79;63,87;1,58
20,10.2019 13:23:36;35.1;1.88;300;379.91424688202346;290.13;Module 1,1_10;404.47;65,99;35,77;1,79;63,88;2,11
20,10.2019 13:25:34;35.2;1.84;300.5;382.37686338340063;290.35;Module 1,1_10;407.03;64,77;35,69;1,80;64,17;0,60
20,10.2019 13:27:29;34.9;2.46;300.5;497.8854432520141;290.56;Module 1,1_10;529.91;85,85;35,80;2,37;84,76;1,10
20,10.2019 13:29:25;35.1;2.95;302;611.0192321846573;290.89;Module 1,1_10;650.23;103,55;35,55;2,92;103,97;-0,42
20,10.2019 13:31:18;35;3.37;302;675.6556630829879;291.6;Module 1,1_10;718.92;117,95;35,52;3,24;115,18;2,77
20,10.2019 13:33:11;34.2;3.55;302;729.9663351633505;292.21;Module 1,1_10;776.61;121,41;35,48;3,51;124,53;-3,12
20,10.2019 13:35:04;34.8;3.99;302.5;806.5664794603272;292.96;Module 1,1_10;858;138,85;35,31;3,89;137,26;1,59
20,10.2019 13:37:01;34.2;3.81;302.5;797.1313105547297;293.54;Module 1,1_10;847.86;130,30;35,32;3,84;135,67;-5,36
20,10.2019 13:38:56;34.3;3.14;303.5;685.4522274509568;293.97;Module 1,1_10;728.99;107,70;35,24;3,29;116,03;-8,32
20,10.2019 13:40:53;33.8;3.83;303.5;784.9180802836847;294.35;Module 1,1_10;834.68;129,45;35,16;3,78;132,95;-3,49
20,10.2019 13:42:53;34.1;3.68;303.5;756.8463396755385;294.62;Module 1,1_10;804.74;125,49;35,19;3,64;128,19;-2,71
20,10.2019 13:44:46;33.9;3.7;308.1;762.5177697376027;294.67;Module 1,1_10;810.69;125,43;34,38;3,67;126,25;-0,82
20,10.2019 13:46:39;34;3.73;308.1;773.5675407637193;294.75;Module 1,1_10;822.36;126,82;34,37;3,73;128,08;-1,26
20,10.2019 13:49:01;33.7;3.14;310.1;757.4263773011547;295.31;Module 1,1_10;805.11;105,82;34,04;3,65;124,14;-18,32
20,10.2019 13:50:54;34;3.65;310.1;761.7902525908037;295.47;Module 1,1_10;809.68;124,10;34,03;3,67;124,85;-0,75
20,10.2019 13:52:46;33.9;3.54;310.1;755.8760342975304;295.71;Module 1,1_10;803.33;120,01;34,04;3,64;123,88;-3,88
20,10.2019 13:54:39;33.9;3.69;310.6;765.6822430557883;296.09;Module 1,1_10;813.69;125,09;33,94;3,69;125,17;-0,08
20,10.2019 13:56:32;33.5;3.29;310.6;705.6405291818676;296.38;Module 1,1_10;749.83;110,22;33,98;3,39;115,32;-5,11
20,10.2019 13:58:25;33.8;3.44;310.6;643.065159465867;296.64;Module 1,1_10;683.29;116,27;34,02;3,09;104,97;11,30
20,10.2019 14:00:18;33.8;2.58;310.6;455.37588054640935;296.53;Module 1,1_10;483.83;87,20;33,99;2,16;73,48;13,73
20,10.2019 14:02:15;33.7;3.84;310.6;788.1906611418295;296.6;Module 1,1_10;837.39;129,41;33,92;3,80;128,84;0,57
20,10.2019 14:04:21;33.5;3.66;312.1;767.2656713209212;296.83;Module 1,1_10;815.11;122,61;33,67;3,70;124,46;-1,85
20,10.2019 14:06:14;33.6;3.56;312.1;740.0042366090596;296.85;Module 1,1_10;786.11;119,62;33,70;3,56;120,04;-0,42
20,10.2019 14:08:07;33.5;3.06;312.6;675.4014111423035;296.84;Module 1,1_10;717.45;102,51;33,66;3,24;109,20;-6,69
20,10.2019 14:10:03;33.7;3.7;312.6;781.2932339285097;297.07;Module 1,1_10;829.9;124,69;33,58;3,76;126,40;-1,71
20,10.2019 14:12:03;33.2;2.73;312.6;588.0680946444428;297.33;Module 1,1_10;624.63;90,64;33,68;2,82;94,83;-4,19
20,10.2019 14:13:56;33.5;3.17;312.6;638.9366208472904;297.01;Module 1,1_10;678.64;106,19;33,67;3,07;103,22;2,98
20,10.2019 14:17:20;32.6;1.08;312.1;218.1355608590746;295.88;Module 1,1_10;231.68;35,21;33,02;0,99;32,83;2,38
20,10.2019 14:19:41;33.3;2.54;312.1;479.6586920069118;295.08;Module 1,1_10;509.43;84,58;33,74;2,28;76,99;7,59
20,10.2019 14:21:38;33.9;2.88;312.1;566.4405235282427;294.89;Module 1,1_10;601.59;97,63;33,77;2,71;91,49;6,15
20,10.2019 14:23:31;34.4;3.86;310.6;762.9720477480987;294.96;Module 1,1_10;810.31;132,78;33,95;3,67;124,73;8,06
20,10.2019 14:25:24;34.4;3.99;310.6;825.534008975628;295.49;Module 1,1_10;876.75;137,26;33,88;3,98;134,90;2,35
20,10.2019 14:27:39;34.6;3.76;310.1;798.7262424575142;296.23;Module 1,1_10;848.28;130,10;34,00;3,85;130,89;-0,79
20,10.2019 14:29:33;34.7;3.75;310.1;769.2030107200762;296.6;Module 1,1_10;816.93;130,13;34,02;3,71;126,07;4,06
20,10.2019 14:31:26;33.9;3.3;310.1;670.8952423064346;296.88;Module 1,1_10;712.53;111,87;34,09;3,22;109,87;2,00
20,10.2019 14:33:20;33.8;2.99;310.6;617.7437093663798;297.07;Module 1,1_10;656.09;101,06;34,03;2,96;100,76;0,30
20,10.2019 14:35:18;34;3.21;310.6;724.9244613223309;297.5;Module 1,1_10;769.94;109,14;33,98;3,49;118,49;-9,35
20,10.2019 14:37:16;34.1;3.39;311.6;710.990160512197;297.77;Module 1,1_10;755.16;115,60;33,80;3,42;115,61;-0,01
20,10.2019 14:39:09;34.3;3.49;311.6;739.9478762795125;298.1;Module 1,1_10;785.94;119,71;33,79;3,56;120,34;-0,63
20,10.2019 14:41:02;34.5;2.87;311.6;633.9905755672497;298.19;Module 1,1_10;673.42;99,02;33,85;3,04;102,94;-3,92
20,10.2019 14:43:02;34.7;2.26;312.1;494.0423631378661;297.8;Module 1,1_10;524.79;78,42;33,75;2,35;79,40;-0,98
20,10.2019 14:44:54;34;2.97;312.1;697.7798187210508;297.56;Module 1,1_10;741.24;100,98;33,73;3,35;113,15;-12,17
20,10.2019 14:46:47;34;3.38;312.1;719.4617868574779;297.71;Module 1,1_10;764.31;114,92;33,71;3,46;116,69;-1,77
20,10.2019 14:48:49;33.6;2.72;312.1;549.3891586765433;297.59;Module 1,1_10;583.67;91,39;33,77;2,62;88,65;2,74
20,10.2019 14:50:56;34.2;2.99;312.1;620.3001298915483;297.53;Module 1,1_10;659.05;102,26;33,77;2,97;100,41;1,85
20,10.2019 14:52:54;34.2;3.26;312.1;703.520417217238;297.74;Module 1,1_10;747.52;111,49;33,73;3,38;114,09;-2,60
20,10.2019 14:54:48;34;1.76;312.1;346.90747100600873;297.67;Module 1,1_10;368.63;59,84;33,55;1,63;54,62;5,22
20,10.2019 14:56:42;33.6;1.85;312.1;334.83615050491926;297.21;Module 1,1_10;355.83;62,16;33,52;1,57;52,58;9,58
20,10.2019 14:58:46;34.9;2.11;312.1;238.57876603125288;296.87;Module 1,1_10;253.56;73,64;33,14;1,09;36,28;37,35
20,10.2019 15:00:38;33;0.95;312.1;203.70028519416945;296.54;Module 1,1_10;216.51;31,35;32,92;0,92;30,40;0,95
20,10.2019 15:02:31;34.8;2.29;310.6;500.92049244971713;296.16;Module 1,1_10;532.47;79,69;34,02;2,39;81,18;-1,48
20,10.2019 15:04:24;35.2;2.07;310.6;457.5261363738672;296.03;Module 1,1_10;486.39;72,86;33,99;2,17;73,84;-0,98
20,10.2019 15:06:28;35;2.05;310.1;443.0273871047859;295.92;Module 1,1_10;471.03;71,75;34,07;2,10;71,57;0,18
20,10.2019 15:08:21;35;2.06;310.1;442.97899414454474;295.96;Module 1,1_10;471.03;72,10;34,07;2,10;71,56;0,54
20,10.2019 15:10:04;35.3;2.32;310.1;522.373402798514;295.99;Module 1,1_10;555.51;81,90;34,12;2,49;85,01;-3,11
20,10.2019 15:11:56;35.9;2.48;310.1;563.2303337469003;296.12;Module 1,1_10;599.03;89,03;34,13;2,69;91,89;-2,86
20,10.2019 15:14:17;35;2.58;310.1;570.3611953358311;296.41;Module 1,1_10;606.71;90,30;34,13;2,73;93,09;-2,79
20,10.2019 15:16:13;34.5;2.97;310.1;635.9204751559886;296.78;Module 1,1_10;676.54;102,47;34,11;3,05;104,05;-1,59
20,10.2019 15:18:06;34.2;3.13;310.1;659.6939837630122;297.17;Module 1,1_10;701.93;107,05;34,10;3,17;108,01;-0,96
20,10.2019 15:19:59;34.1;2.39;310.1;495.54647376728826;297.35;Module 1,1_10;527.35;81,50;34,11;2,36;80,47;1,02
20,10.2019 15:22:03;34;2.34;310.1;490.65326408538556;297.39;Module 1,1_10;522.23;79,56;34,10;2,34;79,65;-0,09
20,10.2019 15:23:56;33.6;2.48;310.1;524.2428640691444;297.39;Module 1,1_10;558.07;83,33;34,12;2,50;85,32;-1,99
20,10.2019 15:25:49;34;2.36;310.1;490.49414638415874;297.52;Module 1,1_10;522.23;80,24;34,10;2,33;79,62;0,62
20,10.2019 15:27:52;33.9;2.74;310.1;564.925485455955;297.67;Module 1,1_10;601.59;92,89;34,13;2,70;92,17;0,71
20,10.2019 15:29:45;33.5;2.99;310.1;586.4561132146472;297.69;Module 1,1_10;624.63;100,17;34,13;2,81;95,79;4,38
20,10.2019 15:31:38;33.7;2.96;310.1;600.7655358916221;297.76;Module 1,1_10;639.99;99,75;34,13;2,88;98,18;1,57
20,10.2019 15:33:31;34;2.79;310.1;579.0257813257199;297.76;Module 1,1_10;616.95;94,86;34,13;2,77;94,54;0,32
20,10.2019 15:35:23;33.9;2.93;310.1;595.7259784121561;297.75;Module 1,1_10;634.87;99,33;34,13;2,85;97,34;1,99
20,10.2019 15:37:25;34.8;2.85;310.1;607.6004567693245;297.88;Module 1,1_10;647.67;99,18;34,13;2,91;99,32;-0,14
20,10.2019 15:39:17;34.5;2.16;310.1;465.80539862754915;298.04;Module 1,1_10;496.63;74,52;34,09;2,21;75,44;-0,92
20,10.2019 15:41:10;34.1;2.94;310.1;552.1221183850076;298.11;Module 1,1_10;588.79;100,25;34,13;2,64;90,02;10,23
20,10.2019 15:43:03;33.8;2.56;310.1;535.1946148776856;298.17;Module 1,1_10;570.87;86,53;34,13;2,55;87,17;-0,64
20,10.2019 15:45:00;34.7;2.74;310.1;585.4502321450502;298.07;Module 1,1_10;624.63;95,08;34,13;2,80;95,62;-0,54
20,10.2019 15:46:53;34.6;2.75;310.1;573.3114837248168;297.86;Module 1,1_10;611.83;95,15;34,13;2,74;93,58;1,57
20,10.2019 15:48:46;34.8;2.96;310.6;641.0741228067014;297.9;Module 1,1_10;684.32;103,01;34,02;3,08;104,64;-1,63
20,10.2019 15:50:39;34.8;2.79;310.6;631.0618650435531;298.29;Module 1,1_10;673.81;97,09;34,02;3,03;102,98;-5,89
20,10.2019 15:53:07;34.9;2.8;310.6;611.1562829070748;298.77;Module 1,1_10;652.79;97,72;34,03;2,93;99,66;-1,94
20,10.2019 15:55:00;34.7;2.74;310.6;594.2104102928281;298.79;Module 1,1_10;634.87;95,08;34,04;2,84;96,84;-1,76
20,10.2019 15:57:00;34.9;2.75;310.6;586.8393870970616;298.8;Module 1,1_10;627.19;95,97;34,04;2,81;95,61;0,37
20,10.2019 15:58:55;34.5;2.71;310.6;584.263803618012;298.82;Module 1,1_10;624.63;93,50;34,04;2,80;95,18;-1,68
20,10.2019 16:00:48;34.7;2.66;310.6;581.6872378638127;298.85;Module 1,1_10;622.07;92,30;34,04;2,78;94,74;-2,44
20,10.2019 16:02:43;34.8;2.58;310.6;567.1380283710272;298.92;Module 1,1_10;606.71;89,78;34,04;2,71;92,31;-2,52
20,10.2019 16:04:35;38.4;0.84;310.6;562.1664382738065;298.89;Module 1,1_10;601.59;32,26;34,04;2,69;91,48;-59,22
20,10.2019 16:06:29;34.5;2.59;310.6;569.1459978742591;299.04;Module 1,1_10;609.27;89,35;34,04;2,72;92,65;-3,29
20,10.2019 16:08:53;34.5;2.25;312.1;482.8364938303302;299.15;Module 1,1_10;517.11;77,63;33,74;2,30;77,53;0,10
20,10.2019 16:10:50;37.1;0.87;312.1;518.4936841767945;298.92;Module 1,1_10;555.51;32,28;33,77;2,47;83,49;-51,22
20,10.2019 16:12:43;38.5;0.51;312.6;336.77025517925995;298.53;Module 1,1_10;360.95;19,64;33,43;1,58;52,77;-33,13
20,10.2019 16:14:37;38.9;0.53;312.6;379.61346000388755;298.14;Module 1,1_10;407.03;20,62;33,53;1,79;59,99;-39,38
20,10.2019 16:16:30;38.9;0.56;312.6;462.9913878449479;298.07;Module 1,1_10;496.63;21,78;33,64;2,20;74,00;-52,22
20,10.2019 16:18:28;39.3;0.57;314.1;536.742781663808;298.17;Module 1,1_10;575.99;22,40;33,41;2,56;85,65;-63,24
20,10.2019 16:20:24;39.7;0.57;314.1;557.966956507396;298.39;Module 1,1_10;599.03;22,63;33,41;2,67;89,14;-66,51
20,10.2019 16:22:20;39.5;0.55;314.1;541.0294415027208;298.6;Module 1,1_10;581.11;21,73;33,41;2,58;86,35;-64,63
20,10.2019 16:24:14;39.3;0.52;314.1;452.63403873243305;298.92;Module 1,1_10;486.39;20,44;33,36;2,15;71,71;-51,27
20,10.2019 16:26:07;39.3;0.48;314.1;516.7139141613819;299.03;Module 1,1_10;555.51;18,86;33,41;2,46;82,34;-63,47
20,10.2019 16:28:07;39.3;0.45;314.1;499.78782197904343;299.17;Module 1,1_10;537.59;17,68;33,40;2,38;79,54;-61,85
20,10.2019 16:30:00;39.2;0.4;314.1;430.5526626486431;298.93;Module 1,1_10;463.35;15,68;33,34;2,04;68,03;-52,35
20,10.2019 16:32:06;39.1;0.41;314.1;349.47219630509124;298.48;Module 1,1_10;376.31;16,03;33,20;1,64;54,49;-38,46
20,10.2019 16:34:01;38.4;0.4;314.1;266.28481779249256;297.87;Module 1,1_10;286.89;15,36;32,91;1,23;40,55;-25,19
20,10.2019 16:35:54;37.1;0.39;314.1;217.98315202191668;297.34;Module 1,1_10;234.98;14,47;32,66;0,99;32,47;-18,00
20,10.2019 16:37:46;36.5;0.41;310.6;171.14179072553645;297.03;Module 1,1_10;184.59;14,96;32,92;0,76;25,11;-10,14
20,10.2019 16:39:58;36;0.45;310.6;254.0492972564205;296.52;Module 1,1_10;274.2;16,20;33,49;1,17;39,20;-23,00
20,10.2019 16:41:52;35.4;0.46;308.1;220.12483047959802;296.38;Module 1,1_10;237.73;16,28;33,76;1,00;33,84;-17,55
20,10.2019 16:43:46;34.4;0.48;308.1;261.5440242102015;296.16;Module 1,1_10;282.64;16,51;33,98;1,21;40,98;-24,47
20,10.2019 16:45:40;34.5;0.51;308.1;295.3680768067337;296.07;Module 1,1_10;319.4;17,59;34,12;1,37;46,83;-29,24
20,10.2019 16:47:33;34.4;0.54;306;282.5940412626769;295.96;Module 1,1_10;305.79;18,58;34,45;1,31;45,08;-26,51
20,10.2019 16:49:26;34.4;0.57;306;371.1679389899815;296.03;Module 1,1_10;401.91;19,61;34,70;1,75;60,55;-40,94
20,10.2019 16:51:18;34.6;0.58;306;311.84434602257625;296.28;Module 1,1_10;337.91;20,07;34,55;1,45;50,19;-30,13
20,10.2019 16:53:15;34.6;0.59;302.5;318.69058001679184;296.31;Module 1,1_10;345.59;20,41;35,19;1,49;52,26;-31,85
20,10.2019 16:56:00;34.4;0.62;302.5;367.85724032974707;296.36;Module 1,1_10;399.35;21,33;35,30;1,73;60,99;-39,66
20,10.2019 16:57:53;34.2;0.62;302;336.9349712350221;296.55;Module 1,1_10;366.07;21,20;35,33;1,57;55,64;-34,43
20,10.2019 16:59:50;33.6;0.61;302;187.01642352761786;296.53;Module 1,1_10;203.36;20,50;34,62;0,84;28,96;-8,47
20,10.2019 17:01:43;33.6;0.58;302;189.72522212550325;296.03;Module 1,1_10;206.48;19,49;34,64;0,85;29,44;-9,96
20,10.2019 17:03:36;33.8;0.55;302;215.4211019226362;295.75;Module 1,1_10;234.65;18,59;34,83;0,98;34,00;-15,41
20,10.2019 17:05:29;34;0.53;302;213.23628670105478;295.58;Module 1,1_10;232.48;18,02;34,81;0,97;33,62;-15,60
20,10.2019 17:07:35;33.7;0.51;300;196.17296458625432;295.4;Module 1,1_10;214.1;17,19;35,05;0,88;30,87;-13,68
20,10.2019 17:09:28;33.7;0.5;300;149.07879614403498;295.16;Module 1,1_10;162.86;16,85;34,60;0,65;22,47;-5,62
20,10.2019 17:11:25;33.8;0.52;300;207.3834104591727;294.96;Module 1,1_10;226.79;17,58;35,13;0,94;32,88;-15,30
20,10.2019 17:13:17;34.2;0.53;300;208.5766573770498;294.91;Module 1,1_10;228.33;18,13;35,14;0,94;33,09;-14,97
20,10.2019 17:15:10;34.2;0.51;300;189.96537199916432;294.86;Module 1,1_10;208.18;17,44;35,00;0,85;29,76;-12,32
20,10.2019 17:17:03;34.6;0.56;300;251.78971717120845;294.82;Module 1,1_10;276.24;19,38;35,38;1,15;40,85;-21,47
20,10.2019 17:19:00;34.2;0.56;300;273.97549633110964;294.92;Module 1,1_10;300.94;19,15;35,48;1,26;44,84;-25,69
20,10.2019 17:21:29;34.4;0.58;300;270.5225628442676;295.24;Module 1,1_10;297.62;19,95;35,47;1,25;44,22;-24,27
20,10.2019 17:23:22;34.1;0.56;300;247.9139416687711;295.41;Module 1,1_10;273.09;19,10;35,37;1,14;40,15;-21,06
20,10.2019 17:25:23;33.8;0.53;300;259.2706897436059;295.39;Module 1,1_10;286;17,91;35,42;1,19;42,20;-24,28
20,10.2019 17:27:16;34.2;0.51;298.5;259.56143888748574;295.43;Module 1,1_10;286.71;17,44;35,69;1,19;42,54;-25,10
20,10.2019 17:29:09;33.8;0.5;298.5;250.6793783892233;295.42;Module 1,1_10;277.29;16,90;35,65;1,15;40,93;-24,03
20,10.2019 17:31:02;34.1;0.48;298.5;215.40422477938463;295.42;Module 1,1_10;238.62;16,37;35,45;0,97;34,55;-18,18
20,10.2019 17:32:58;33.9;0.45;298.5;263.8901856351762;295.29;Module 1,1_10;292.79;15,25;35,71;1,21;43,32;-28,07
20,10.2019 17:34:55;34.1;0.45;298.5;317.87680883163773;295.32;Module 1,1_10;353.27;15,35;35,90;1,48;53,10;-37,76
20,10.2019 17:36:48;34.6;0.45;298.5;301.25274423421456;295.41;Module 1,1_10;335.35;15,57;35,85;1,40;50,09;-34,52
20,10.2019 17:38:42;33.1;0.46;298.5;190.66921836215374;295.43;Module 1,1_10;212.62;15,23;35,28;0,85;30,09;-14,86
20,10.2019 17:40:35;32.9;0.47;298;210.63729313056083;295.25;Module 1,1_10;235.31;15,46;35,52;0,95;33,77;-18,30
20,10.2019 17:42:29;32.9;0.48;298;236.80101644339126;295.26;Module 1,1_10;265.04;15,79;35,66;1,08;38,51;-22,72
20,10.2019 17:44:22;32.7;0.47;298;195.58629832026617;295.43;Module 1,1_10;219.34;15,37;35,41;0,88;31,05;-15,68
20,10.2019 17:46:18;32.9;0.46;298;163.328185887781;295.46;Module 1,1_10;183.55;15,13;35,12;0,72;25,23;-10,09
20,10.2019 17:48:11;32.7;0.45;298;156.5586122084045;295.27;Module 1,1_10;176.32;14,72;35,05;0,69;24,01;-9,30
20,10.2019 17:50:57;32.7;0.45;298;132.9930705907319;294.85;Module 1,1_10;150.28;14,72;34,75;0,57;19,79;-5,08
20,10.2019 17:52:54;32.4;0.43;298;134.58672778257764;294.49;Module 1,1_10;152.46;13,93;34,77;0,58;20,08;-6,14
20,10.2019 17:54:47;32.1;0.42;296.5;130.76040654236272;294.24;Module 1,1_10;148.5;13,48;34,98;0,56;19,52;-6,04
20,10.2019 17:56:54;31.6;0.4;296.5;96.49151161975568;293.89;Module 1,1_10;109.91;12,64;34,33;0,39;13,40;-0,76
20,10.2019 17:58:47;31.7;0.37;296.5;90.25950935890707;293.57;Module 1,1_10;103.1;11,73;34,16;0,36;12,30;-0,57
20,10.2019 18:00:40;31.2;0.35;296.5;89.69682436195953;293.31;Module 1,1_10;102.76;10,92;34,15;0,36;12,20;-1,28
20,10.2019 18:02:34;31.2;0.32;296.5;76.32896051058746;293.14;Module 1,1_10;87.72;9,98;33,71;0,29;9,86;0,12
20,10.2019 18:04:27;31.3;0.3;296;67.20655672230417;292.87;Module 1,1_10;77.49;9,39;33,41;0,25;8,30;1,09
20,10.2019 18:06:31;31.4;0.29;296;72.20386731131723;292.61;Module 1,1_10;83.57;9,11;33,64;0,27;9,16;-0,06
20,10.2019 18:08:24;31;0.29;296;63.21819670320778;292.44;Module 1,1_10;73.44;8,99;33,21;0,23;7,61;1,38
20,10.2019 18:10:17;31.3;0.27;294.5;59.67061592792122;292.26;Module 1,1_10;69.59;8,45;33,27;0,21;7,04;1,42
20,10.2019 18:12:13;31.4;0.26;294.5;58.34135271047349;292.1;Module 1,1_10;68.33;8,16;33,18;0,21;6,81;1,36
20,10.2019 18:14:05;31.2;0.26;294.5;53.9299661095057;291.97;Module 1,1_10;63.44;8,11;32,86;0,18;6,05;2,06
20,10.2019 18:15:59;31.1;0.25;294.5;49.75777950264998;291.85;Module 1,1_10;58.81;7,78;32,49;0,16;5,35;2,43
20,10.2019 18:18:07;31.2;0.25;294.5;48.019545645749126;291.72;Module 1,1_10;57.08;7,80;32,32;0,16;5,06;2,74
20,10.2019 18:20:00;31.5;0.25;294.5;46.622780409591854;291.6;Module 1,1_10;55.72;7,88;32,16;0,15;4,82;3,05
20,10.2019 18:21:54;31.6;0.24;294.5;46.392696354905276;291.53;Module 1,1_10;55.77;7,58;32,13;0,15;4,79;2,80
20,10.2019 18:23:47;31.4;0.23;294.5;45.6088191571219;291.44;Module 1,1_10;55.17;7,22;32,04;0,15;4,66;2,57
20,10.2019 18:25:50;31.7;0.22;294.5;43.17525894809522;291.38;Module 1,1_10;52.61;6,97;31,71;0,13;4,25;2,72
20,10.2019 18:27:43;31.4;0.21;294.5;39.04894008871206;291.31;Module 1,1_10;47.93;6,59;30,98;0,12;3,58;3,01
20,10.2019 18:29:35;31.3;0.19;294.5;36.27114175655235;291.25;Module 1,1_10;44.87;5,95;30,30;0,10;3,14;2,80
20,10.2019 18:31:28;31.1;0.18;294.5;34.37466220806719;291.18;Module 1,1_10;42.89;5,60;29,71;0,10;2,85;2,75
20,10.2019 18:33:26;31.2;0.16;294;28.19874658650297;291.1;Module 1,1_10;35.53;4,99;26,32;0,07;1,95;3,05
20,10.2019 18:35:19;30.7;0.14;294;25.05110290302879;291.03;Module 1,1_10;31.89;4,30;23,63;0,07;1,54;2,76
20,10.2019 18:37:12;31;0.13;294;22.556032352332757;290.94;Module 1,1_10;29.04;4,03;21,33;0,06;1,25;2,78
20,10.2019 18:39:12;30.8;0.12;294;20.62556548181312;290.82;Module 1,1_10;26.91;3,70;19,52;0,05;1,04;2,65
20,10.2019 18:41:07;31;0.12;294;19.276657639223547;290.73;Module 1,1_10;25.51;3,72;18,24;0,05;0,91;2,81
20,10.2019 18:42:59;31;0.11;294;18.05816805808393;290.66;Module 1,1_10;24.27;3,41;17,09;0,05;0,80;2,61
20,10.2019 18:44:52;31.2;0.1;294;16.73526133392176;290.57;Module 1,1_10;22.89;3,12;15,84;0,04;0,69;2,43
20,10.2019 18:46:46;31.2;0.1;294;15.621878741341998;290.48;Module 1,1_10;21.8;3,12;14,79;0,04;0,60;2,52
20,10.2019 18:48:39;31.2;0.09;294;14.682497515716394;290.42;Module 1,1_10;20.96;2,81;13,90;0,04;0,53;2,28
20,10.2019 18:50:33;31.3;0.08;294;13.193935541651529;290.36;Module 1,1_10;19.34;2,50;12,49;0,03;0,43;2,08
20,10.2019 18:52:32;31.3;0.07;294;11.181778080940108;290.27;Module 1,1_10;16.93;2,19;10,59;0,03;0,31;1,88
20,10.2019 18:54:26;31.2;0;294;9.752022756141697;290.19;Module 1,1_10;15.32;0,00;9,23;0,03;0,23;-0,23
20,10.2019 18:56:20;32.7;0;294;8.70722672391302;290.1;Module 1,1_10;14.3;0,00;8,24;0,02;0,19;-0,19
20,10.2019 18:58:13;31.6;0;292.9;7.46452616122985;290.03;Module 1,1_10;12.94;0,00;7,06;0,02;0,14;-0,14
20,10.2019 19:00:16;31.8;0;292.9;5.866401210838758;289.95;Module 1,1_10;10.96;0,00;5,55;0,02;0,08;-0,08
20,10.2019 19:02:13;31.4;0;294;4.491159362527473;289.88;Module 1,1_10;9.22;0,00;4,25;0,01;0,05;-0,05
20,10.2019 19:04:06;30.4;0;294;3.0778648683095424;289.78;Module 1,1_10;7.16;0,00;2,91;0,01;0,02;-0,02
20,10.2019 19:06:04;31.1;0;294;2.2857075513827922;289.71;Module 1,1_10;6.45;0,00;2,16;0,01;0,01;-0,01
20,10.2019 19:08:02;30.9;0;291.9;1.295165182740929;289.64;Module 1,1_10;5.07;0,00;1,23;0,00;0,00;-0,00
20,10.2019 19:09:56;31.5;0;291.9;0.7761433180525628;289.53;Module 1,1_10;4.04;0,00;0,73;0,00;0,00;-0,00
20,10.2019 19:11:50;31.9;0;291.9;0.5725017544051081;289.45;Module 1,1_10;2.98;0,00;0,54;0,00;0,00;-0,00
20,10.2019 19:13:43;30.5;0;291.9;0.3016200518174563;289.35;Module 1,1_10;1.57;0,00;0,29;0,00;0,00;-0,00
20,10.2019 19:15:41;28.6;0;291.9;0.21132615095490573;289.26;Module 1,1_10;1.1;0,00;0,20;0,00;0,00;-0,00
20,10.2019 19:17:33;27.8;0;291.9;0.14984945249529677;289.21;Module 1,1_10;0.78;0,00;0,14;0,00;0,00;-0,00
20,10.2019 19:19:27;27.8;0;291.9;0.0001;289.16;Module 1,1_10;0.14;0,00;0,00;0,00;0,00;0,00
20,10.2019 19:21:24;27.8;0;291.9;0.0001;289.07;Module 1,1_10;-0.01;0,00;0,00;0,00;0,00;0,00
21,10.2019 08:59:50;29.5;0;281.9;9.182492919942284;281.72;Module 1,1_10;12.24;0,00;8,65;0,02;0,20;-0,20
21,10.2019 09:01:43;29.1;0;281.9;10.325083190098205;281.75;Module 1,1_10;13.63;0,00;9,73;0,03;0,26;-0,26
21,10.2019 09:03:37;28.2;0.07;281.9;11.29894684634853;281.81;Module 1,1_10;14.78;1,97;10,64;0,03;0,31;1,66
21,10.2019 09:05:33;28.6;0.08;281.9;12.453809247855602;281.92;Module 1,1_10;16.15;2,29;11,73;0,03;0,38;1,91
21,10.2019 09:07:26;28.5;0.09;281.9;13.648563362354883;281.97;Module 1,1_10;17.56;2,56;12,86;0,04;0,45;2,11
21,10.2019 09:09:20;28.7;0.1;281.9;15.732273301821841;281.96;Module 1,1_10;20.09;2,87;14,82;0,04;0,60;2,27
21,10.2019 09:11:16;28.9;0.11;283.9;17.193862363112363;281.97;Module 1,1_10;21.8;3,18;16,21;0,04;0,72;2,46
21,10.2019 09:13:08;29;0.12;283.9;18.75874108698644;282.03;Module 1,1_10;23.63;3,48;17,69;0,05;0,86;2,62
21,10.2019 09:15:04;29.7;0.13;283.9;21.2190435816473;282.09;Module 1,1_10;26.56;3,86;20,00;0,05;1,09;2,77
21,10.2019 09:16:59;32;0.14;283.9;24.005675914306888;282.13;Module 1,1_10;29.87;4,48;22,62;0,06;1,40;3,08
21,10.2019 09:19:06;32.3;0.15;285.9;24.890603721885086;282.18;Module 1,1_10;30.78;4,84;23,46;0,06;1,51;3,34
21,10.2019 09:20:59;32.3;0.15;285.9;25.23182952643251;282.28;Module 1,1_10;31.04;4,84;23,78;0,07;1,55;3,29
21,10.2019 09:22:52;32.1;0.15;285.9;26.61485722854423;282.35;Module 1,1_10;32.58;4,82;25,05;0,07;1,72;3,09
21,10.2019 09:24:47;32.5;0.15;285.9;27.005012826478524;282.4;Module 1,1_10;32.9;4,88;25,41;0,07;1,78;3,10
21,10.2019 09:27:00;32.7;0.16;285.9;28.095686648389183;282.47;Module 1,1_10;34.05;5,23;26,38;0,07;1,92;3,31
21,10.2019 09:28:53;32.7;0.15;286.4;27.526800681077404;282.55;Module 1,1_10;33.22;4,91;25,87;0,07;1,85;3,06
21,10.2019 09:30:47;32;0.15;286.4;28.054878336257307;282.62;Module 1,1_10;33.72;4,80;26,34;0,07;1,92;2,88
21,10.2019 09:32:41;32.3;0.15;286.4;34.55344100988733;282.68;Module 1,1_10;41.37;4,84;30,68;0,09;2,88;1,96
21,10.2019 09:34:55;31.9;0.15;286.4;45.575466604400646;282.77;Module 1,1_10;54.33;4,78;33,37;0,14;4,72;0,07
21,10.2019 09:36:48;32.2;0.15;286.4;37.729325443833275;282.85;Module 1,1_10;44.82;4,83;31,81;0,11;3,39;1,44
21,10.2019 09:38:41;32.1;0.15;286.4;31.250798752367327;282.92;Module 1,1_10;37;4,82;28,84;0,08;2,37;2,44
21,10.2019 09:40:34;32.5;0.15;286.4;29.16505301750111;282.94;Module 1,1_10;34.42;4,88;27,27;0,08;2,07;2,80
21,10.2019 09:42:27;32.3;0.15;286.4;28.74496996016603;282.93;Module 1,1_10;33.82;4,84;26,92;0,07;2,01;2,83
21,10.2019 09:44:20;31.8;0.16;286.4;30.26217080887669;282.94;Module 1,1_10;35.5;5,09;28,14;0,08;2,23;2,86
21,10.2019 09:46:13;32;0.18;286.4;31.869939296507287;282.96;Module 1,1_10;37.28;5,76;29,25;0,08;2,47;3,29
21,10.2019 09:48:06;32;0.19;286.4;34.06588967964687;282.97;Module 1,1_10;39.74;6,08;30,46;0,09;2,80;3,28
21,10.2019 09:50:45;32;0.2;286.4;34.9913611098851;283.05;Module 1,1_10;40.67;6,40;30,87;0,10;2,95;3,45
21,10.2019 09:52:46;32;0.2;286.4;35.05033671419199;283.1;Module 1,1_10;40.63;6,40;30,89;0,10;2,96;3,44
21,10.2019 09:54:38;32.3;0.2;286.4;35.46238342994904;283.14;Module 1,1_10;41.01;6,46;31,05;0,10;3,03;3,43
21,10.2019 09:56:33;32;0.21;286.4;35.73668625056094;283.19;Module 1,1_10;41.23;6,72;31,16;0,10;3,07;3,65
21,10.2019 09:58:27;32.1;0.21;286.4;35.973636525655735;283.22;Module 1,1_10;41.41;6,74;31,24;0,10;3,11;3,63
21,10.2019 10:00:20;32.1;0.21;286.4;36.059977315364286;283.25;Module 1,1_10;41.42;6,74;31,27;0,10;3,12;3,62
21,10.2019 10:02:12;32.2;0.21;286.4;36.3526153001311;283.25;Module 1,1_10;41.67;6,76;31,38;0,10;3,17;3,59
21,10.2019 10:04:22;32.2;0.21;287.4;37.59097652389495;283.28;Module 1,1_10;42.99;6,76;31,64;0,11;3,37;3,39
21,10.2019 10:06:15;32.5;0.23;287.4;39.24969147782675;283.32;Module 1,1_10;44.8;7,48;32,07;0,11;3,64;3,83
21,10.2019 10:08:09;32.5;0.24;287.4;41.351703001332;283.35;Module 1,1_10;47.11;7,80;32,52;0,12;3,99;3,81
21,10.2019 10:10:02;32.3;0.25;287.4;43.47580577180907;283.4;Module 1,1_10;49.44;8,07;32,89;0,13;4,35;3,72
21,10.2019 10:12:05;32.5;0.26;287.4;44.669162454452405;283.42;Module 1,1_10;50.7;8,45;33,07;0,14;4,56;3,89
21,10.2019 10:13:58;32.9;0.26;286.4;45.415928804540115;283.46;Module 1,1_10;51.46;8,55;33,34;0,14;4,69;3,86
21,10.2019 10:15:51;32.5;0.27;286.4;45.89751786771304;283.5;Module 1,1_10;51.92;8,78;33,41;0,14;4,77;4,00
21,10.2019 10:17:58;32.9;0.26;287.4;46.05964274493657;283.55;Module 1,1_10;52.01;8,55;33,27;0,14;4,79;3,76
21,10.2019 10:19:56;33.1;0.26;287.4;46.080801330661245;283.58;Module 1,1_10;51.95;8,61;33,27;0,14;4,80;3,81
21,10.2019 10:21:49;32.8;0.26;287.4;45.81235599559044;283.61;Module 1,1_10;51.57;8,53;33,23;0,14;4,75;3,78
21,10.2019 10:23:42;32.8;0.26;287.4;44.93607099549764;283.66;Module 1,1_10;50.51;8,53;33,11;0,14;4,60;3,93
21,10.2019 10:25:40;32.2;0.25;287.4;43.6481801788716;283.73;Module 1,1_10;48.99;8,05;32,92;0,13;4,38;3,67
21,10.2019 10:27:34;32.5;0.25;287.4;41.83504820285064;283.76;Module 1,1_10;46.89;8,13;32,61;0,12;4,07;4,05
21,10.2019 10:29:29;32.3;0.24;287.4;39.56007935866735;283.71;Module 1,1_10;44.28;7,75;32,14;0,11;3,69;4,06
21,10.2019 10:31:22;32;0.23;287.4;38.79735553333867;283.7;Module 1,1_10;43.37;7,36;31,96;0,11;3,57;3,79
21,10.2019 10:33:14;32.1;0.23;287.4;38.69363167085933;283.71;Module 1,1_10;43.2;7,38;31,94;0,11;3,55;3,83
21,10.2019 10:35:08;32.3;0.24;287.4;39.35140272276926;283.76;Module 1,1_10;43.88;7,75;32,09;0,11;3,66;4,09
21,10.2019 10:37:10;32.1;0.24;287.4;40.35396927955663;283.82;Module 1,1_10;44.94;7,70;32,32;0,12;3,83;3,88
21,10.2019 10:39:11;32.6;0.25;287.4;41.348131784298864;283.9;Module 1,1_10;45.99;8,15;32,52;0,12;3,99;4,16
21,10.2019 10:41:08;32.1;0.25;287.4;42.665611661804384;284.02;Module 1,1_10;47.4;8,03;32,76;0,13;4,21;3,81
21,10.2019 10:43:03;32.6;0.26;287.4;43.181897625860955;284.13;Module 1,1_10;47.92;8,48;32,84;0,13;4,30;4,17
21,10.2019 10:44:55;32.3;0.26;287.4;43.588540428290486;284.21;Module 1,1_10;48.32;8,40;32,91;0,13;4,37;4,03
21,10.2019 10:46:48;32.5;0.27;287.4;44.39255720039543;284.29;Module 1,1_10;49.16;8,78;33,03;0,14;4,51;4,27
21,10.2019 10:48:43;32.5;0.27;287.4;44.754886076580824;284.39;Module 1,1_10;49.51;8,78;33,09;0,14;4,57;4,21
21,10.2019 10:50:43;32.7;0.27;287.4;44.539547906837925;284.47;Module 1,1_10;49.22;8,83;33,05;0,14;4,53;4,30
21,10.2019 10:52:35;33;0.28;287.4;45.23433174163662;284.54;Module 1,1_10;49.94;9,24;33,16;0,14;4,65;4,59
21,10.2019 10:54:28;32.7;0.28;287.4;45.06842373146065;284.59;Module 1,1_10;49.71;9,16;33,13;0,14;4,62;4,53
21,10.2019 10:56:55;31.9;0.28;288.4;43.77872521159712;284.64;Module 1,1_10;48.23;8,93;32,78;0,13;4,40;4,53
21,10.2019 10:58:48;32.2;0.27;288.4;43.617845345668584;284.67;Module 1,1_10;48.01;8,69;32,76;0,13;4,37;4,32
21,10.2019 11:00:41;32.7;0.26;287.4;42.41002272666222;284.69;Module 1,1_10;46.64;8,50;32,71;0,13;4,17;4,33
21,10.2019 11:02:35;32.4;0.25;287.4;40.698981151204876;284.71;Module 1,1_10;44.72;8,10;32,39;0,12;3,88;4,22
21,10.2019 11:04:30;32;0.25;288.4;38.820518498566045;284.71;Module 1,1_10;42.62;8,00;31,83;0,11;3,57;4,43
21,10.2019 11:06:23;31.7;0.22;288.4;35.31497009971569;284.75;Module 1,1_10;38.74;6,97;30,77;0,10;3,00;3,97
21,10.2019 11:08:16;32.2;0.19;288.4;30.58063279998029;284.77;Module 1,1_10;33.52;6,12;28,29;0,08;2,28;3,84
21,10.2019 11:10:12;31.9;0.17;288.4;26.65144218362841;284.77;Module 1,1_10;29.19;5,42;25,09;0,07;1,73;3,69
21,10.2019 11:12:09;31.4;0.15;288.4;23.40104125760662;284.76;Module 1,1_10;25.61;4,71;22,09;0,06;1,34;3,37
21,10.2019 11:14:01;31.5;0.14;287.4;22.906060026605523;284.75;Module 1,1_10;25.05;4,41;21,62;0,06;1,28;3,13
21,10.2019 11:15:54;31.6;0.15;287.4;23.828481990318082;284.75;Module 1,1_10;26.04;4,74;22,48;0,06;1,38;3,36
21,10.2019 11:17:54;31.6;0.15;287.4;25.11003424619887;284.75;Module 1,1_10;27.42;4,74;23,67;0,06;1,54;3,20
21,10.2019 11:20:10;32.1;0.17;287.4;26.661345485817954;284.75;Module 1,1_10;29.09;5,46;25,09;0,07;1,73;3,72
21,10.2019 11:22:10;31.5;0.17;287.4;27.40484490536356;284.77;Module 1,1_10;29.88;5,36;25,76;0,07;1,83;3,52
21,10.2019 11:24:04;31.4;0.17;287.4;27.505518554314936;284.79;Module 1,1_10;29.97;5,34;25,84;0,07;1,84;3,49
21,10.2019 11:25:57;31.4;0.17;287.4;27.468004566554;284.78;Module 1,1_10;29.91;5,34;25,81;0,07;1,84;3,50
21,10.2019 11:27:51;31.8;0.17;287.4;27.568040760327538;284.74;Module 1,1_10;30;5,41;25,90;0,07;1,85;3,55
21,10.2019 11:29:45;31.9;0.17;287.4;28.394218027546415;284.71;Module 1,1_10;30.88;5,42;26,62;0,07;1,96;3,46
21,10.2019 11:31:40;31.4;0.19;287.4;30.19643171358917;284.7;Module 1,1_10;32.82;5,97;28,05;0,08;2,22;3,75
21,10.2019 11:33:34;31.6;0.2;287.4;32.764343586083655;284.68;Module 1,1_10;35.59;6,32;29,71;0,09;2,60;3,72
21,10.2019 11:35:48;31.8;0.22;287.4;35.75291830571676;284.7;Module 1,1_10;38.81;7,00;31,05;0,10;3,07;3,92
21,10.2019 11:37:45;32.1;0.23;287.4;37.93972503920963;284.71;Module 1,1_10;41.16;7,38;31,73;0,11;3,43;3,96
21,10.2019 11:39:39;32.2;0.24;287.4;40.13718670232524;284.74;Module 1,1_10;43.52;7,73;32,27;0,12;3,79;3,94
21,10.2019 11:41:33;32.3;0.26;287.4;43.18550737440458;284.76;Module 1,1_10;46.8;8,40;32,84;0,13;4,30;4,10
21,10.2019 11:43:26;32;0.27;288.4;45.294647588767816;284.82;Module 1,1_10;49.06;8,64;33,00;0,14;4,65;3,99
21,10.2019 11:45:19;32.3;0.28;288.4;46.019877685940656;284.83;Module 1,1_10;49.82;9,04;33,09;0,14;4,78;4,27
21,10.2019 11:47:16;32.5;0.28;289.9;46.542833204013846;284.86;Module 1,1_10;50.36;9,10;32,91;0,15;4,85;4,25
21,10.2019 11:49:09;32.3;0.27;289.9;46.64888717205088;284.9;Module 1,1_10;50.45;8,72;32,93;0,15;4,87;3,85
21,10.2019 11:51:22;32.4;0.28;289.9;46.13861165312246;284.93;Module 1,1_10;49.87;9,07;32,87;0,15;4,79;4,29
21,10.2019 11:53:19;32.4;0.28;289.9;46.08694013272067;284.94;Module 1,1_10;49.79;9,07;32,86;0,15;4,78;4,29
21,10.2019 11:55:14;32.3;0.28;289.9;47.191930381875935;284.96;Module 1,1_10;50.96;9,04;32,99;0,15;4,97;4,08
21,10.2019 11:57:09;32.4;0.29;289.9;49.2424760628495;284.96;Module 1,1_10;53.15;9,40;33,23;0,16;5,32;4,08
21,10.2019 11:59:04;32.6;0.31;289.9;52.42520220289234;284.94;Module 1,1_10;56.56;10,11;33,53;0,17;5,86;4,24
21,10.2019 12:00:57;32.9;0.33;289.9;56.01782971116363;284.96;Module 1,1_10;60.41;10,86;33,82;0,19;6,49;4,37
21,10.2019 12:02:50;32.9;0.36;289.9;62.38678214401529;285;Module 1,1_10;67.25;11,84;34,23;0,22;7,61;4,24
21,10.2019 12:04:44;33.1;0.41;289.9;69.15980635335758;285.04;Module 1,1_10;74.52;13,57;34,59;0,25;8,81;4,76
21,10.2019 12:06:45;33.6;0.45;289.9;77.7223354807303;285.09;Module 1,1_10;83.71;15,12;34,95;0,30;10,34;4,78
21,10.2019 12:08:47;34.6;0.48;289.9;84.31323248200735;285.12;Module 1,1_10;90.77;16,61;35,17;0,33;11,53;5,08
21,10.2019 12:10:43;34.6;0.51;289.9;89.18793514693654;285.14;Module 1,1_10;95.98;17,65;35,32;0,35;12,42;5,23
21,10.2019 12:12:36;34.7;0.52;289.9;91.85234272388362;285.15;Module 1,1_10;98.81;18,04;35,39;0,36;12,90;5,14
21,10.2019 12:14:30;34.6;0.52;289.9;92.4631605264253;285.16;Module 1,1_10;99.43;17,99;35,41;0,37;13,01;4,98
21,10.2019 12:16:23;34.6;0.52;290.4;92.54314048907402;285.21;Module 1,1_10;99.48;17,99;35,32;0,37;13,00;4,99
21,10.2019 12:18:20;34.6;0.52;290.4;90.90198355756448;285.29;Module 1,1_10;97.68;17,99;35,27;0,36;12,71;5,29
21,10.2019 12:20:13;34.6;0.5;291.9;89.13679350024847;285.31;Module 1,1_10;95.75;17,30;34,96;0,35;12,32;4,98
21,10.2019 12:22:26;34.6;0.51;291.9;90.36439520487875;285.35;Module 1,1_10;97.03;17,65;34,99;0,36;12,54;5,11
21,10.2019 12:24:19;34.6;0.53;291.9;92.88169785050508;285.39;Module 1,1_10;99.7;18,34;35,06;0,37;12,99;5,35
21,10.2019 12:26:13;34.5;0.54;290.4;95.6425535222168;285.47;Module 1,1_10;102.63;18,63;35,40;0,38;13,57;5,06
21,10.2019 12:28:07;34.6;0.55;290.4;98.32993309093261;285.58;Module 1,1_10;105.48;19,03;35,47;0,40;14,06;4,97
21,10.2019 12:30:00;34.6;0.57;291.9;102.37017683379777;285.68;Module 1,1_10;109.78;19,72;35,30;0,42;14,71;5,01
21,10.2019 12:31:53;34.8;0.6;291.9;108.01659569824373;285.79;Module 1,1_10;115.8;20,88;35,41;0,44;15,74;5,14
21,10.2019 12:33:46;34.7;0.61;291.9;111.09976003949302;285.93;Module 1,1_10;119.07;21,17;35,48;0,46;16,30;4,87
21,10.2019 12:35:49;34.7;0.62;291.9;112.06818146745272;286.05;Module 1,1_10;120.07;21,51;35,49;0,46;16,47;5,04
21,10.2019 12:37:58;34.6;0.59;291.9;103.96286704236111;286.22;Module 1,1_10;111.35;20,41;35,33;0,42;15,00;5,42
21,10.2019 12:39:58;34.5;0.51;291.9;91.8615555589133;286.17;Module 1,1_10;98.36;17,59;35,03;0,37;12,81;4,79
21,10.2019 12:41:51;34.4;0.49;291.9;88.15892742077243;286.1;Module 1,1_10;94.37;16,86;34,93;0,35;12,14;4,71
21,10.2019 12:43:45;34.2;0.5;291.9;90.49975425818153;286.1;Module 1,1_10;96.85;17,10;35,00;0,36;12,56;4,54
21,10.2019 12:45:45;34.3;0.53;291.9;94.33800752729013;286.18;Module 1,1_10;100.93;18,18;35,10;0,38;13,26;4,92
21,10.2019 12:47:38;34.4;0.52;291.9;95.07224811041051;286.24;Module 1,1_10;101.69;17,89;35,12;0,38;13,39;4,50
21,10.2019 12:49:36;34.4;0.51;292.4;92.18824603474495;286.34;Module 1,1_10;98.58;17,54;34,95;0,37;12,84;4,70
21,10.2019 12:51:30;34.2;0.49;292.4;87.41197174961235;286.41;Module 1,1_10;93.45;16,76;34,82;0,34;11,99;4,77
21,10.2019 12:53:29;34.2;0.48;292.4;85.44996182394354;286.45;Module 1,1_10;91.33;16,42;34,76;0,33;11,63;4,78
21,10.2019 12:55:14;34.2;0.5;292.4;87.81696408315335;286.47;Module 1,1_10;93.84;17,10;34,83;0,35;12,06;5,04
21,10.2019 12:57:11;34.3;0.49;292.4;88.14609405960773;286.5;Module 1,1_10;94.17;16,81;34,84;0,35;12,12;4,69
21,10.2019 12:59:03;34.2;0.48;292.4;86.03980956988676;286.51;Module 1,1_10;91.9;16,42;34,78;0,34;11,74;4,68
21,10.2019 13:00:57;34.3;0.47;292.4;82.6776607788011;286.55;Module 1,1_10;88.29;16,12;34,67;0,32;11,14;4,98
21,10.2019 13:02:40;34.2;0.45;292.4;79.09664792232957;286.52;Module 1,1_10;84.45;15,39;34,55;0,30;10,50;4,89
21,10.2019 13:04:33;34.1;0.43;292.4;76.236617884243;286.48;Module 1,1_10;81.38;14,66;34,45;0,29;9,99;4,67
21,10.2019 13:06:26;34;0.42;292.4;74.88358992961429;286.46;Module 1,1_10;79.92;14,28;34,39;0,28;9,75;4,53
21,10.2019 13:08:48;34;0.44;292.4;76.11051103822061;286.49;Module 1,1_10;81.21;14,96;34,44;0,29;9,97;4,99
21,10.2019 13:10:42;33.2;0.45;292.4;78.29004289008893;286.52;Module 1,1_10;83.52;14,94;34,52;0,30;10,36;4,58
21,10.2019 13:12:36;33.2;0.47;292.4;80.55435047262111;286.52;Module 1,1_10;85.92;15,60;34,60;0,31;10,76;4,84
21,10.2019 13:14:29;33.3;0.48;292.4;81.92809983676459;286.55;Module 1,1_10;87.37;15,98;34,65;0,32;11,00;4,98
21,10.2019 13:16:22;33.5;0.47;292.4;82.19522299262903;286.58;Module 1,1_10;87.64;15,74;34,66;0,32;11,05;4,69
21,10.2019 13:18:16;33.5;0.47;292.4;82.97806370414446;286.62;Module 1,1_10;88.46;15,74;34,68;0,32;11,19;4,55
21,10.2019 13:20:09;33.5;0.48;292.4;83.8263028284213;286.62;Module 1,1_10;89.35;16,08;34,71;0,33;11,34;4,74
21,10.2019 13:22:11;33.5;0.48;292.4;85.04138011589794;286.64;Module 1,1_10;90.63;16,08;34,75;0,33;11,56;4,52
21,10.2019 13:24:29;33.7;0.5;292.4;87.97563811591117;286.63;Module 1,1_10;93.74;16,85;34,84;0,35;12,09;4,76
21,10.2019 13:26:34;33.3;0.52;292.4;91.34062758501716;286.67;Module 1,1_10;97.31;17,32;34,93;0,36;12,69;4,63
21,10.2019 13:28:30;33.7;0.54;292.4;95.26838552545897;286.75;Module 1,1_10;101.48;18,20;35,03;0,38;13,40;4,80
21,10.2019 13:30:23;33.6;0.56;292.4;98.91474908895728;286.82;Module 1,1_10;105.35;18,82;35,13;0,40;14,06;4,76
21,10.2019 13:32:19;34;0.58;292.4;104.88138446163148;286.94;Module 1,1_10;111.69;19,72;35,26;0,43;15,14;4,58
21,10.2019 13:34:12;34.5;0.61;292.4;109.59962177986674;287.03;Module 1,1_10;116.7;21,04;35,36;0,45;15,99;5,05
21,10.2019 13:36:05;34.6;0.62;292.4;112.26150543421494;287.16;Module 1,1_10;119.52;21,45;35,41;0,47;16,48;4,98
21,10.2019 13:37:57;34.5;0.61;294;111.98313402434884;287.22;Module 1,1_10;119.21;21,04;35,12;0,46;16,32;4,72
21,10.2019 13:40:07;34.5;0.61;294;113.07778684131098;287.35;Module 1,1_10;120.36;21,04;35,14;0,47;16,52;4,53
21,10.2019 13:42:05;34.5;0.63;294;115.166758298841;287.43;Module 1,1_10;122.57;21,73;35,18;0,48;16,90;4,84
21,10.2019 13:44:00;34.5;0.64;294;116.38138599908194;287.53;Module 1,1_10;123.85;22,08;35,20;0,49;17,12;4,96
21,10.2019 13:45:54;34.4;0.63;294;114.85143512450811;287.58;Module 1,1_10;122.21;21,67;35,17;0,48;16,84;4,83
21,10.2019 13:48:01;34.4;0.61;294;110.94392333915295;287.64;Module 1,1_10;118.04;20,98;35,09;0,46;16,13;4,85
21,10.2019 13:49:57;34.3;0.59;294;107.75789967369303;287.64;Module 1,1_10;114.64;20,24;35,03;0,44;15,56;4,68
21,10.2019 13:51:58;34.3;0.58;294;106.83670499333505;287.67;Module 1,1_10;113.65;19,89;35,02;0,44;15,39;4,50
21,10.2019 13:53:58;34.3;0.58;294;107.24971615795883;287.65;Module 1,1_10;114.08;19,89;35,02;0,44;15,47;4,43
21,10.2019 13:55:57;34.4;0.57;294;108.25451151639359;287.6;Module 1,1_10;115.14;19,61;35,05;0,45;15,65;3,96
21,10.2019 13:58:01;34.4;0.59;294.5;112.12705553815539;287.57;Module 1,1_10;119.25;20,30;35,03;0,47;16,31;3,98
21,10.2019 13:59:54;34.6;0.61;294.5;118.8010459792816;287.61;Module 1,1_10;126.34;21,11;35,15;0,50;17,52;3,59
21,10.2019 14:01:50;34.8;0.64;294.5;125.95510191089487;287.67;Module 1,1_10;133.94;22,27;35,27;0,53;18,81;3,46
21,10.2019 14:03:46;35;0.68;294.5;134.96205194760282;287.74;Module 1,1_10;143.51;23,80;35,41;0,58;20,44;3,36
21,10.2019 14:05:39;35.2;0.72;294.5;145.68082164577228;287.77;Module 1,1_10;154.9;25,34;35,55;0,63;22,39;2,95
21,10.2019 14:07:32;35.5;0.78;294.5;159.71060145085585;287.88;Module 1,1_10;169.81;27,69;35,71;0,70;24,95;2,74
21,10.2019 14:09:26;36;1.2;294.5;239.72146727788822;288.09;Module 1,1_10;254.87;43,20;36,30;1,09;39,66;3,54
21,10.2019 14:11:22;36.2;1.96;294.5;402.1152011269452;288.59;Module 1,1_10;427.51;70,95;36,77;1,89;69,59;1,36
21,10.2019 14:13:15;36;2.09;294.5;433.431903204588;289.15;Module 1,1_10;460.79;75,24;36,81;2,05;75,34;-0,10
21,10.2019 14:15:07;35.8;2.66;294.5;536.9905185567949;289.73;Module 1,1_10;570.87;95,23;36,86;2,56;94,26;0,97
21,10.2019 14:17:01;35;3.29;296.5;653.4016464880325;290.52;Module 1,1_10;694.61;115,15;36,48;3,13;114,24;0,91
21,10.2019 14:19:23;34.6;2.54;296.5;500.8915886409982;291.17;Module 1,1_10;532.47;87,88;36,50;2,38;86,89;0,99
21,10.2019 14:21:16;34.6;3.14;300;646.8481586622037;291.72;Module 1,1_10;687.62;108,64;35,88;3,10;111,25;-2,60
21,10.2019 14:23:40;34.7;2.59;300;527.392553298803;292.06;Module 1,1_10;560.63;89,87;35,90;2,51;90,20;-0,32
21,10.2019 14:25:34;34.8;2.72;300;582.7827648911224;292.28;Module 1,1_10;619.51;94,66;35,90;2,79;99,99;-5,34
21,10.2019 14:27:29;34.8;2.5;302;505.71776932848735;292.57;Module 1,1_10;537.59;87,00;35,54;2,41;85,54;1,46
21,10.2019 14:29:22;34.5;2.16;302;433.46767482612483;292.71;Module 1,1_10;460.79;74,52;35,49;2,05;72,78;1,74
21,10.2019 14:31:16;34.4;1.54;302.5;368.441487841114;292.67;Module 1,1_10;391.67;52,98;35,31;1,73;61,09;-8,12
21,10.2019 14:33:14;34.3;1.28;302.5;277.35852244761026;292.22;Module 1,1_10;294.85;43,90;35,05;1,28;44,92;-1,01
21,10.2019 14:35:08;34.6;1.87;302.5;382.87507723696024;291.89;Module 1,1_10;407.03;64,70;35,34;1,80;63,65;1,05
21,10.2019 14:37:02;34.8;2.77;303.5;706.7612161530801;291.85;Module 1,1_10;751.37;96,40;35,23;3,40;119,67;-23,27
21,10.2019 14:39:02;35.2;2.8;303.5;614.0130597244502;292.05;Module 1,1_10;652.79;98,56;35,28;2,94;103,74;-5,18
21,10.2019 14:40:55;35.5;2.4;303.5;585.0962489854111;292.68;Module 1,1_10;622.07;85,20;35,29;2,80;98,74;-13,54
21,10.2019 14:42:48;35.4;3.22;303.5;764.4014501520338;293.26;Module 1,1_10;812.74;113,99;35,18;3,68;129,47;-15,49
21,10.2019 14:44:40;35.3;2.03;303.5;438.1791935048848;293.75;Module 1,1_10;465.91;71,66;35,23;2,07;73,09;-1,43
21,10.2019 14:46:33;33.7;1.5;306;332.22628578706343;293.78;Module 1,1_10;353.27;50,55;34,60;1,55;53,75;-3,20
21,10.2019 14:48:26;34.8;3.49;306;703.4499167901918;293.73;Module 1,1_10;748.05;121,45;34,80;3,38;117,65;3,80
21,10.2019 14:50:19;34.8;3.56;306;759.5622726901146;294.19;Module 1,1_10;807.77;123,89;34,75;3,66;127,08;-3,20
21,10.2019 14:52:12;34.8;3.47;306;757.2265102383004;294.69;Module 1,1_10;805.34;120,76;34,75;3,65;126,69;-5,94
21,10.2019 14:54:10;34.5;2.96;306;650.2137316796084;295.2;Module 1,1_10;691.58;102,12;34,83;3,12;108,64;-6,52
21,10.2019 14:56:04;34.2;2.78;308.1;580.0021402603621;295.28;Module 1,1_10;616.95;95,08;34,48;2,77;95,66;-0,59
21,10.2019 14:57:57;33.2;0.93;308.1;200.02041395584513;295.07;Module 1,1_10;212.78;30,88;33,62;0,90;30,37;0,50
21,10.2019 14:59:50;33.5;1.33;308.1;280.2838912714508;294.78;Module 1,1_10;298.19;44,55;34,06;1,30;44,22;0,33
21,10.2019 15:01:51;33.8;1.27;308.1;269.40968323720597;294.14;Module 1,1_10;286.65;42,93;34,02;1,24;42,34;0,58
21,10.2019 15:03:51;34.1;1.21;306.5;247.05244170905885;293.81;Module 1,1_10;262.89;41,26;34,20;1,13;38,78;2,48
21,10.2019 15:05:44;34.1;1.23;306.5;250.9728363069591;293.68;Module 1,1_10;267.09;41,94;34,22;1,15;39,47;2,48
21,10.2019 15:07:37;34.2;1.23;306.5;250.49384399299555;293.54;Module 1,1_10;266.61;42,07;34,22;1,15;39,38;2,68
21,10.2019 15:09:43;34.2;1.22;306;243.43404284726694;293.26;Module 1,1_10;259.13;41,72;34,27;1,12;38,25;3,48
21,10.2019 15:11:35;34.1;1.13;306;224.53335391345547;293.07;Module 1,1_10;239.04;38,53;34,16;1,02;34,95;3,58
21,10.2019 15:13:28;34;1.06;306;212.50134270698103;292.92;Module 1,1_10;226.26;36,04;34,09;0,96;32,86;3,18
21,10.2019 15:15:21;34;1.07;303.5;216.37897065597355;292.82;Module 1,1_10;230.42;36,38;34,56;0,98;33,93;2,45
21,10.2019 15:17:23;34.2;1.08;303.5;220.14835408838502;292.67;Module 1,1_10;234.47;36,94;34,59;1,00;34,60;2,34
21,10.2019 15:19:16;34.4;1.11;303.5;221.84295261139746;292.6;Module 1,1_10;236.31;38,18;34,60;1,01;34,90;3,29
21,10.2019 15:21:09;34.4;1.12;303.5;223.19771098951875;292.63;Module 1,1_10;237.79;38,53;34,61;1,02;35,14;3,39
21,10.2019 15:23:03;34.4;1.13;302.5;224.8036518254286;292.6;Module 1,1_10;239.54;38,87;34,80;1,02;35,59;3,28
21,10.2019 15:25:06;34.5;1.16;302.5;231.14290166094014;292.52;Module 1,1_10;246.34;40,02;34,84;1,05;36,71;3,31
21,10.2019 15:26:59;34.5;1.2;302.5;238.89829249571113;292.42;Module 1,1_10;254.65;41,40;34,88;1,09;38,09;3,31
21,10.2019 15:29:02;34.4;1.2;302;238.39117865613173;292.3;Module 1,1_10;254.16;41,28;34,96;1,09;38,09;3,19
21,10.2019 15:30:56;34.4;1.19;302;236.71374176731854;292.21;Module 1,1_10;252.42;40,94;34,95;1,08;37,79;3,15
21,10.2019 15:33:03;34.4;1.17;302;230.35132509412588;292.17;Module 1,1_10;245.69;40,25;34,91;1,05;36,66;3,59
21,10.2019 15:34:56;34.4;1.17;302;229.28228279090516;292.21;Module 1,1_10;244.6;40,25;34,91;1,04;36,47;3,78
21,10.2019 15:36:49;34.4;1.23;302;235.70939299573132;292.19;Module 1,1_10;251.51;42,31;34,95;1,08;37,61;4,70
21,10.2019 15:38:43;34.4;1.17;302;228.27367779508936;292.26;Module 1,1_10;243.63;40,25;34,91;1,04;36,29;3,96
21,10.2019 15:40:36;34.4;1.14;302;224.2591289480448;292.33;Module 1,1_10;239.4;39,22;34,88;1,02;35,57;3,64
21,10.2019 15:42:30;34.4;1.1;302;217.84667198581187;292.39;Module 1,1_10;232.61;37,84;34,84;0,99;34,43;3,41
21,10.2019 15:44:24;34.4;1.1;302;217.55893026918812;292.38;Module 1,1_10;232.36;37,84;34,84;0,99;34,38;3,46
21,10.2019 15:46:16;34.9;1.18;302;232.42540367408407;292.46;Module 1,1_10;248.3;41,18;34,93;1,06;37,03;4,16
21,10.2019 15:48:12;34.4;1.16;302;226.12125284201974;292.52;Module 1,1_10;241.63;39,90;34,89;1,03;35,90;4,00
21,10.2019 15:50:27;34.4;1.16;302;228.3495385175499;292.59;Module 1,1_10;244.09;39,90;34,91;1,04;36,30;3,60
21,10.2019 15:52:27;34;1.09;302;211.52210488019568;292.71;Module 1,1_10;226.17;37,06;34,80;0,96;33,31;3,75
21,10.2019 15:54:20;33.7;0.98;302;187.64725892247705;292.72;Module 1,1_10;200.7;33,03;34,63;0,84;29,08;3,95
21,10.2019 15:56:33;33.6;0.84;302;165.5890661954054;292.6;Module 1,1_10;177.17;28,22;34,42;0,73;25,18;3,05
21,10.2019 15:58:26;33.7;0.8;302;152.05508430998302;292.32;Module 1,1_10;162.74;26,96;34,27;0,67;22,79;4,17
21,10.2019 16:00:19;33.6;0.76;302;146.53288975637489;292.15;Module 1,1_10;156.88;25,54;34,21;0,64;21,82;3,71
21,10.2019 16:02:14;33.7;0.75;302;145.8019960308377;292.07;Module 1,1_10;156.15;25,28;34,20;0,63;21,69;3,58
21,10.2019 16:04:59;33.7;0.73;302;141.16527338113087;292;Module 1,1_10;151.26;24,60;34,14;0,61;20,88;3,72
21,10.2019 16:06:52;33.7;0.74;300.5;144.03503408306764;291.97;Module 1,1_10;154.39;24,94;34,45;0,62;21,53;3,41
21,10.2019 16:08:44;33.9;0.81;300.5;158.26987083441585;292;Module 1,1_10;169.71;27,46;34,62;0,69;24,05;3,41
21,10.2019 16:10:42;34.5;0.91;300.5;191.17991540306056;292.1;Module 1,1_10;205.08;31,39;34,92;0,86;29,91;1,49
21,10.2019 16:12:39;36.9;1.03;300.5;220.06422589873313;292.26;Module 1,1_10;236.16;38,01;35,13;1,00;35,07;2,94
21,10.2019 16:14:32;35.3;1.07;300.5;213.35276279737315;292.39;Module 1,1_10;229.05;37,77;35,09;0,97;33,87;3,90
21,10.2019 16:16:25;34.5;1.04;300.5;202.69634361360312;292.47;Module 1,1_10;217.7;35,88;35,01;0,91;31,97;3,91
21,10.2019 16:18:36;34.4;0.93;300.5;180.1024549711174;292.58;Module 1,1_10;193.53;31,99;34,83;0,80;27,93;4,06
21,10.2019 16:20:37;34.4;0.84;300.5;167.16183472373538;292.7;Module 1,1_10;179.71;28,90;34,71;0,74;25,63;3,27
21,10.2019 16:22:33;35.6;0.82;300.5;172.60587975538374;292.73;Module 1,1_10;185.65;29,19;34,77;0,77;26,60;2,59
21,10.2019 16:24:26;34.6;0.82;300.5;162.45077430462084;292.73;Module 1,1_10;174.81;28,37;34,66;0,72;24,79;3,58
21,10.2019 16:26:21;34.2;0.84;300.5;164.31157916595456;292.72;Module 1,1_10;176.9;28,73;34,68;0,72;25,12;3,61
21,10.2019 16:28:14;34.1;0.85;300.5;164.2291407101756;292.71;Module 1,1_10;176.9;28,98;34,68;0,72;25,11;3,88
21,10.2019 16:30:08;33.9;0.81;300.5;157.9451669428512;292.7;Module 1,1_10;170.22;27,46;34,61;0,69;23,99;3,47
21,10.2019 16:32:02;33.5;0.73;300.5;142.3264474603732;292.67;Module 1,1_10;153.47;24,45;34,43;0,62;21,22;3,23
21,10.2019 16:33:55;33.2;0.66;300.5;130.5046655122433;292.67;Module 1,1_10;140.8;21,91;34,26;0,56;19,14;2,77
21,10.2019 16:35:51;33.3;0.64;300.5;129.85441478675813;292.67;Module 1,1_10;140.18;21,31;34,25;0,56;19,02;2,29
21,10.2019 16:37:49;33.4;0.68;300.5;142.54154772824768;292.67;Module 1,1_10;153.97;22,71;34,43;0,62;21,26;1,45
21,10.2019 16:39:41;33.7;0.76;300;161.58989239303156;292.78;Module 1,1_10;174.65;25,61;34,74;0,71;24,69;0,92
21,10.2019 16:41:35;34.2;0.8;300;179.62068989808733;292.85;Module 1,1_10;194.26;27,36;34,91;0,80;27,91;-0,55
21,10.2019 16:43:28;35.1;0.84;300;263.84325880794313;292.98;Module 1,1_10;285.53;29,48;35,44;1,21;43,02;-13,53
21,10.2019 16:45:20;35.5;0.92;300;557.8971579822609;293.59;Module 1,1_10;604.15;32,66;35,90;2,66;95,60;-62,94
21,10.2019 16:47:21;35.3;0.95;300;536.228527097818;294.68;Module 1,1_10;581.11;33,53;35,90;2,56;91,76;-58,23
21,10.2019 16:49:14;34.9;0.94;300.5;524.04708974274;295.77;Module 1,1_10;568.31;32,81;35,81;2,50;89,39;-56,59
21,10.2019 16:51:10;34.6;0.91;300.5;518.9375252122435;296.42;Module 1,1_10;563.19;31,49;35,81;2,47;88,49;-57,00
21,10.2019 16:53:03;34.4;0.9;300.5;520.90427918044;296.72;Module 1,1_10;565.75;30,96;35,81;2,48;88,84;-57,88
21,10.2019 16:54:58;34.2;0.84;300.5;238.83316336895916;296.98;Module 1,1_10;259.6;28,73;35,23;1,09;38,43;-9,71
21,10.2019 16:56:52;33.9;0.71;300.5;279.4549786399185;297.04;Module 1,1_10;304;24,07;35,41;1,29;45,72;-21,65
21,10.2019 16:58:45;33.5;0.52;300.5;137.95838930401902;296.8;Module 1,1_10;150.2;17,42;34,37;0,60;20,45;-3,03
21,10.2019 17:00:48;33.5;0.41;300.5;172.82845206718798;296.33;Module 1,1_10;188.34;13,73;34,77;0,77;26,64;-12,90
21,10.2019 17:02:42;33.7;0.35;300.5;271.5893368024828;296.17;Module 1,1_10;296.23;11,79;35,38;1,25;44,31;-32,51
21,10.2019 17:04:35;33.8;0.32;300.5;273.02556689706273;296.21;Module 1,1_10;298.07;10,82;35,39;1,26;44,57;-33,75
21,10.2019 17:06:50;33.8;0.29;300.5;255.35881146265183;296.34;Module 1,1_10;279.1;9,80;35,31;1,17;41,40;-31,59
21,10.2019 17:08:43;33.8;0.29;300;271.1113348886082;296.34;Module 1,1_10;296.61;9,80;35,47;1,25;44,32;-34,52
21,10.2019 17:10:38;33.8;0.27;300;262.80331904036404;296.4;Module 1,1_10;287.82;9,13;35,44;1,21;42,83;-33,70
21,10.2019 17:12:33;33.9;0.26;300;274.66933983094077;296.31;Module 1,1_10;301.14;8,81;35,48;1,27;44,96;-36,15
21,10.2019 17:14:28;33.8;0.25;300;273.16013061239505;296.38;Module 1,1_10;299.82;8,45;35,48;1,26;44,69;-36,24
21,10.2019 17:16:21;33.8;0.23;300;275.26132725776;296.47;Module 1,1_10;302.47;7,77;35,49;1,27;45,07;-37,30
21,10.2019 17:18:14;33.8;0.22;298.5;257.6485128635156;296.64;Module 1,1_10;283.45;7,44;35,68;1,18;42,19;-34,76
21,10.2019 17:20:10;33.7;0.23;298.5;270.46184835880183;296.6;Module 1,1_10;297.92;7,75;35,73;1,25;44,51;-36,76
21,10.2019 17:22:20;34;0.22;298;239.3268410038802;296.67;Module 1,1_10;264.01;7,48;35,68;1,09;38,97;-31,49
21,10.2019 17:24:13;33.5;0.21;298;50.86020995139451;296.46;Module 1,1_10;56.18;7,04;32,00;0,17;5,49;1,55
21,10.2019 17:26:09;31.9;0.2;298;46.15082437602577;296.02;Module 1,1_10;51.05;6,38;31,52;0,15;4,71;1,67
21,10.2019 17:28:01;31.8;0.18;296.5;42.18565847663227;295.28;Module 1,1_10;46.73;5,72;31,23;0,13;4,08;1,64
21,10.2019 17:29:54;31.6;0.17;296.5;40.89718814159861;294.78;Module 1,1_10;45.37;5,37;31,02;0,12;3,87;1,50
21,10.2019 17:31:47;31.9;0.17;296;48.28634828203797;294.21;Module 1,1_10;53.65;5,42;32,09;0,16;5,09;0,34
21,10.2019 17:33:41;32.1;0.18;296;53.94107265991505;293.68;Module 1,1_10;60.03;5,78;32,60;0,19;6,03;-0,25
21,10.2019 17:35:34;32.5;0.21;296;106.47297696314064;293.46;Module 1,1_10;118.69;6,83;34,65;0,44;15,21;-8,38
21,10.2019 17:37:58;32;0.24;294.5;75.96442497286799;293.24;Module 1,1_10;84.87;7,68;34,05;0,29;9,87;-2,19
21,10.2019 17:39:52;31.6;0.26;294.5;59.77815181717504;293.03;Module 1,1_10;66.91;8,22;33,27;0,21;7,05;1,16
21,10.2019 17:41:44;32.2;0.27;294.5;55.02781895132139;292.78;Module 1,1_10;61.71;8,69;32,95;0,19;6,24;2,45
21,10.2019 17:43:39;32.1;0.28;294.5;57.66568978475493;292.53;Module 1,1_10;64.8;8,99;33,13;0,20;6,69;2,30
21,10.2019 17:45:36;32.1;0.31;294.5;60.95069383647163;292.37;Module 1,1_10;68.64;9,95;33,34;0,22;7,26;2,70
21,10.2019 17:47:30;32.2;0.33;293.5;71.14708014661618;292.23;Module 1,1_10;80.3;10,63;34,04;0,27;9,06;1,57
21,10.2019 17:49:22;32.6;0.36;293.5;108.68838020732991;292.22;Module 1,1_10;122.95;11,74;35,14;0,45;15,76;-4,02
21,10.2019 17:51:19;31.8;0.36;294.5;75.77373368332516;292.26;Module 1,1_10;85.93;11,45;34,05;0,29;9,84;1,61
21,10.2019 17:53:21;31.6;0.35;294.5;65.63001028308108;292.25;Module 1,1_10;74.63;11,06;33,60;0,24;8,06;3,00
21,10.2019 17:55:14;31.9;0.31;294.5;62.69306114323162;292.18;Module 1,1_10;71.48;9,89;33,45;0,23;7,56;2,33
21,10.2019 17:57:12;31.1;0.31;294.5;112.75994952123598;292.11;Module 1,1_10;128.94;9,64;35,04;0,47;16,43;-6,79
21,10.2019 17:59:05;30.8;0.31;294.5;126.22266216083196;292.25;Module 1,1_10;144.76;9,55;35,27;0,53;18,86;-9,31
21,10.2019 18:01:00;30.7;0.31;294;80.79180401937985;292.46;Module 1,1_10;92.95;9,52;34,32;0,31;10,74;-1,22
21,10.2019 18:02:54;30.2;0.32;294;154.50152420635874;292.68;Module 1,1_10;178.34;9,66;35,74;0,67;24,05;-14,39
21,10.2019 18:04:46;30.4;0.3;294;57.40543285620438;292.85;Module 1,1_10;66.49;9,12;33,20;0,20;6,66;2,46
21,10.2019 18:06:39;31.5;0.31;294;57.247775066718404;292.78;Module 1,1_10;66.55;9,77;33,20;0,20;6,63;3,14
21,10.2019 18:08:45;31.4;0.32;294;57.47172904926748;292.64;Module 1,1_10;67.1;10,05;33,21;0,20;6,67;3,38
21,10.2019 18:10:39;31;0.3;294.5;54.05131153627726;292.52;Module 1,1_10;63.37;9,30;32,87;0,18;6,07;3,23
21,10.2019 18:12:37;30.8;0.29;294.5;50.43318137801339;292.41;Module 1,1_10;59.4;8,93;32,56;0,17;5,46;3,47
21,10.2019 18:14:35;31.4;0.29;294.5;50.65154268230857;292.27;Module 1,1_10;59.95;9,11;32,58;0,17;5,50;3,61
21,10.2019 18:16:46;31.4;0.29;294.5;49.76047682653367;292.12;Module 1,1_10;59.24;9,11;32,49;0,16;5,35;3,76
21,10.2019 18:18:40;31.8;0.28;294.5;47.44295706538932;291.96;Module 1,1_10;56.79;8,90;32,25;0,15;4,96;3,94
21,10.2019 18:20:42;31.4;0.28;294.5;46.94700106047985;291.8;Module 1,1_10;56.55;8,79;32,20;0,15;4,88;3,91
21,10.2019 18:22:36;32;0.28;294.5;47.19598548297391;291.7;Module 1,1_10;57.21;8,96;32,23;0,15;4,92;4,04
21,10.2019 18:24:46;31.6;0.27;294.5;44.76663233500134;291.58;Module 1,1_10;54.69;8,53;31,93;0,14;4,52;4,01
21,10.2019 18:26:38;31.4;0.25;294.5;41.46723285585421;291.46;Module 1,1_10;51.03;7,85;31,44;0,13;3,98;3,87
21,10.2019 18:28:32;31.7;0.23;294.5;38.845906119063436;291.38;Module 1,1_10;48.19;7,29;30,94;0,11;3,55;3,74
21,10.2019 18:30:27;31.5;0.22;294.5;35.18085574736848;291.26;Module 1,1_10;44.03;6,93;29,98;0,10;2,97;3,96
21,10.2019 18:32:33;31.2;0.19;294.5;30.026812753172912;291.13;Module 1,1_10;37.98;5,93;27,60;0,08;2,20;3,73
21,10.2019 18:34:26;31.2;0.16;294.5;25.012299053112944;290.98;Module 1,1_10;31.97;4,99;23,60;0,06;1,53;3,46
21,10.2019 18:36:21;31.1;0.13;294.5;20.089132345809453;290.82;Module 1,1_10;25.98;4,04;19,02;0,05;0,99;3,05
21,10.2019 18:38:14;31.2;0.11;294.5;17.086477938796985;290.7;Module 1,1_10;22.38;3,43;16,17;0,04;0,72;2,72
21,10.2019 18:40:19;30.9;0.1;294;15.173829569788033;290.54;Module 1,1_10;20.19;3,09;14,36;0,04;0,56;2,53
21,10.2019 18:42:15;30.2;0.09;294;13.839657593427484;290.39;Module 1,1_10;18.72;2,72;13,10;0,04;0,47;2,25
21,10.2019 18:44:10;31;0.08;294;12.88344725448728;290.25;Module 1,1_10;17.75;2,48;12,20;0,03;0,41;2,07
21,10.2019 18:46:03;31;0.07;294;11.861033949798257;290.12;Module 1,1_10;16.68;2,17;11,23;0,03;0,34;1,83
21,10.2019 18:47:56;31;0.08;294;11.329055087320006;290.03;Module 1,1_10;16.31;2,48;10,73;0,03;0,31;2,17
21,10.2019 18:49:57;31;0.08;292.4;10.666057057753825;289.93;Module 1,1_10;15.81;2,48;10,09;0,03;0,28;2,20
21,10.2019 18:51:53;29.9;0.07;292.4;9.961424205738506;289.86;Module 1,1_10;15.26;2,09;9,42;0,03;0,24;1,85
21,10.2019 18:53:49;30.2;0.07;292.4;9.163839453229027;289.78;Module 1,1_10;14.6;2,11;8,67;0,02;0,21;1,91
21,10.2019 18:55:42;30.6;0;292.4;7.820993437155108;289.71;Module 1,1_10;13.05;0,00;7,40;0,02;0,15;-0,15
21,10.2019 18:57:35;30.5;0;292.4;6.278614797886353;289.63;Module 1,1_10;11.09;0,00;5,94;0,02;0,10;-0,10
21,10.2019 18:59:29;29.3;0;291.9;4.622427496375502;289.53;Module 1,1_10;8.78;0,00;4,38;0,01;0,05;-0,05
21,10.2019 19:01:25;29.3;0;291.9;3.4011548060458585;289.44;Module 1,1_10;7.12;0,00;3,22;0,01;0,03;-0,03
21,10.2019 19:03:26;29.5;0;291.9;2.2054263766330373;289.37;Module 1,1_10;5.32;0,00;2,09;0,01;0,01;-0,01
21,10.2019 19:05:22;29.5;0;291.9;1.1576875434141987;289.28;Module 1,1_10;3.43;0,00;1,09;0,00;0,00;-0,00
21,10.2019 19:07:17;31.2;0;291.9;0.5064367831238146;289.18;Module 1,1_10;2.13;0,00;0,48;0,00;0,00;-0,00
21,10.2019 19:09:13;30.7;0;291.9;0.251670234319024;289.09;Module 1,1_10;1.31;0,00;0,23;0,00;0,00;-0,00
21,10.2019 19:11:15;28.5;0;291.9;0.15369174614902234;289;Module 1,1_10;0.8;0,00;0,15;0,00;0,00;-0,00
21,10.2019 19:13:13;27.5;0;291.9;0.10374192865059008;288.92;Module 1,1_10;0.54;0,00;0,10;0,00;0,00;-0,00
21,10.2019 19:15:09;23.4;0;291.9;0.059555551632746145;288.86;Module 1,1_10;0.31;0,00;0,05;0,00;0,00;-0,00
21,10.2019 19:17:04;23.4;0;291.9;0.001;288.82;Module 1,1_10;-0.01;0,00;0,00;0,00;0,00;0,00
21,10.2019 19:18:50;23.4;0;291.9;0.0001;288.79;Module 1,1_10;0.01;0,00;0,00;0,00;0,00;0,00
22,10.2019 09:05:43;29.4;0;283.9;8.351892911101496;283.03;Module 1,1_10;10.88;0,00;7,88;0,02;0,17;-0,17
22,10.2019 09:07:36;28.9;0;283.9;10.006292717135047;283.05;Module 1,1_10;12.93;0,00;9,43;0,03;0,24;-0,24
22,10.2019 09:09:29;27.9;0.07;283.9;11.876134413692435;283.06;Module 1,1_10;15.23;1,95;11,20;0,03;0,34;1,61
22,10.2019 09:11:22;27.6;0.08;283.9;13.288549623619765;283.06;Module 1,1_10;16.92;2,21;12,52;0,03;0,43;1,78
22,10.2019 09:13:19;27.2;0.09;283.9;14.116810235491693;283.06;Module 1,1_10;17.85;2,45;13,30;0,04;0,48;1,96
22,10.2019 09:15:13;27.3;0.09;284.4;14.087849941072712;283.07;Module 1,1_10;17.7;2,46;13,28;0,04;0,48;1,97
22,10.2019 09:17:08;27.3;0.09;284.4;15.975539061365179;283.08;Module 1,1_10;19.95;2,46;15,06;0,04;0,62;1,84
22,10.2019 09:19:02;27.3;0.11;284.4;17.822552068533568;283.1;Module 1,1_10;22.13;3,00;16,80;0,05;0,77;2,23
22,10.2019 09:21:26;27.5;0.11;284.4;18.349114053626074;283.11;Module 1,1_10;22.63;3,02;17,30;0,05;0,82;2,21
22,10.2019 09:23:19;27.6;0.13;284.4;21.92091190569123;283.1;Module 1,1_10;26.9;3,59;20,66;0,06;1,17;2,42
22,10.2019 09:25:12;31.7;0.18;285.9;32.59618679611574;283.13;Module 1,1_10;39.81;5,71;29,73;0,09;2,58;3,13
22,10.2019 09:27:05;32.3;0.2;285.9;35.13778261288588;283.15;Module 1,1_10;42.72;6,46;30,98;0,10;2,97;3,49
22,10.2019 09:28:57;32.7;0.2;286.4;36.04024942313414;283.17;Module 1,1_10;43.63;6,54;31,27;0,10;3,12;3,42
22,10.2019 09:30:51;33.2;0.23;286.4;42.73501457649251;283.15;Module 1,1_10;51.52;7,64;32,93;0,13;4,23;3,40
22,10.2019 09:32:45;33.4;0.25;286.4;44.87029214222125;283.14;Module 1,1_10;53.88;8,35;33,27;0,14;4,60;3,75
22,10.2019 09:34:39;33.9;0.24;287.4;45.625899889438216;283.13;Module 1,1_10;54.58;8,14;33,21;0,14;4,72;3,42
22,10.2019 09:36:44;33.8;0.29;287.4;51.556283202752866;283.12;Module 1,1_10;61.43;9,80;33,88;0,17;5,75;4,06
22,10.2019 09:38:37;34.3;0.32;287.4;58.36942792055646;283.15;Module 1,1_10;69.31;10,98;34,42;0,20;6,95;4,03
22,10.2019 09:40:32;34.8;0.37;287.4;63.98954629090976;283.24;Module 1,1_10;75.73;12,88;34,77;0,23;7,95;4,93
22,10.2019 09:42:25;34.8;0.34;287.4;61.88584076478373;283.33;Module 1,1_10;73.01;11,83;34,65;0,22;7,57;4,26
22,10.2019 09:44:21;34.1;0.34;287.4;63.48960685240005;283.41;Module 1,1_10;74.67;11,59;34,74;0,23;7,86;3,74
22,10.2019 09:46:14;34.1;0.34;287.4;59.359307425931135;283.5;Module 1,1_10;69.61;11,59;34,49;0,21;7,12;4,47
22,10.2019 09:48:06;34.1;0.32;287.4;59.703368033293415;283.59;Module 1,1_10;69.82;10,91;34,51;0,21;7,18;3,73
22,10.2019 09:49:59;33.8;0.35;287.4;65.32568391298346;283.69;Module 1,1_10;76.19;11,83;34,84;0,23;8,19;3,64
22,10.2019 09:52:16;33.7;0.34;287.4;57.73773234591411;283.85;Module 1,1_10;67.13;11,46;34,38;0,20;6,83;4,62
22,10.2019 09:54:15;33.4;0.33;287.4;59.94054952705797;283.93;Module 1,1_10;69.51;11,02;34,52;0,21;7,22;3,80
22,10.2019 09:56:08;34.1;0.38;287.4;65.76245081549209;284.01;Module 1,1_10;76.08;12,96;34,87;0,24;8,27;4,69
22,10.2019 09:58:01;33.3;0.28;288.4;49.87713197723264;284.09;Module 1,1_10;57.57;9,32;33,54;0,16;5,44;3,88
22,10.2019 09:59:59;32.9;0.32;288.4;59.77067406223868;284.14;Module 1,1_10;68.83;10,53;34,34;0,21;7,18;3,35
22,10.2019 10:01:52;33.6;0.36;288.4;64.5370653620891;284.21;Module 1,1_10;74.16;12,10;34,63;0,23;8,02;4,07
22,10.2019 10:03:46;33.3;0.36;288.4;65.4043406359702;284.3;Module 1,1_10;75;11,99;34,67;0,24;8,18;3,81
22,10.2019 10:05:38;33.1;0.35;288.4;62.81659111994206;284.31;Module 1,1_10;71.89;11,58;34,52;0,22;7,72;3,87
22,10.2019 10:08:01;33;0.34;288.4;62.584494910596035;284.34;Module 1,1_10;71.45;11,22;34,52;0,22;7,67;3,55
22,10.2019 10:09:54;33;0.34;288.4;61.024679529962675;284.39;Module 1,1_10;69.54;11,22;34,42;0,21;7,40;3,82
22,10.2019 10:11:48;33.5;0.39;289.9;71.01701150747783;284.44;Module 1,1_10;80.78;13,07;34,67;0,26;9,14;3,92
22,10.2019 10:13:41;33.5;0.38;289.9;71.40502042413458;284.52;Module 1,1_10;81.08;12,73;34,70;0,27;9,21;3,52
22,10.2019 10:15:38;33.1;0.35;289.9;62.80479999643667;284.61;Module 1,1_10;71.19;11,58;34,27;0,22;7,68;3,90
22,10.2019 10:17:31;32.8;0.31;289.9;60.7603219080667;284.63;Module 1,1_10;68.76;10,17;34,14;0,21;7,32;2,85
22,10.2019 10:19:25;32.7;0.33;289.9;63.344714672419705;284.63;Module 1,1_10;71.57;10,79;34,29;0,23;7,78;3,01
22,10.2019 10:21:30;32.7;0.38;289.4;73.20490640694466;284.61;Module 1,1_10;82.57;12,43;34,86;0,27;9,55;2,88
22,10.2019 10:23:47;33;0.41;289.4;71.88915170343543;284.71;Module 1,1_10;80.94;13,53;34,80;0,27;9,31;4,22
22,10.2019 10:25:40;32.6;0.32;289.4;59.1133100209848;284.76;Module 1,1_10;66.46;10,43;34,13;0,21;7,04;3,39
22,10.2019 10:27:35;33.5;0.43;289.9;80.86873484723506;284.84;Module 1,1_10;90.79;14,40;35,05;0,31;10,91;3,49
22,10.2019 10:29:44;33.6;0.46;289.9;84.98166100555322;284.94;Module 1,1_10;95.26;15,46;35,20;0,33;11,65;3,80
22,10.2019 10:31:37;33.6;0.41;289.9;77.20588492771537;285.01;Module 1,1_10;86.43;13,78;34,93;0,29;10,25;3,53
22,10.2019 10:33:30;33.5;0.48;289.9;92.59931214199082;285.12;Module 1,1_10;103.53;16,08;35,41;0,37;13,04;3,04
22,10.2019 10:35:22;34.8;0.61;289.9;113.46295371812438;285.24;Module 1,1_10;126.7;21,23;35,88;0,47;16,86;4,37
22,10.2019 10:37:20;34.8;0.56;291.9;104.98070018640281;285.37;Module 1,1_10;117.08;19,49;35,35;0,43;15,18;4,30
22,10.2019 10:39:13;34.7;0.65;291.9;113.1569910180903;285.39;Module 1,1_10;126.05;22,56;35,52;0,47;16,67;5,88
22,10.2019 10:41:06;35;0.59;291.9;105.53973333883965;285.46;Module 1,1_10;117.43;20,65;35,36;0,43;15,29;5,36
22,10.2019 10:43:05;34.5;0.51;291.9;92.75177704309475;285.5;Module 1,1_10;103.08;17,59;35,06;0,37;12,97;4,63
22,10.2019 10:45:05;34.7;0.49;291.9;90.63380248625957;285.52;Module 1,1_10;100.61;17,00;35,00;0,36;12,59;4,42
22,10.2019 10:47:00;33.1;0.45;291.9;79.17922063144218;285.46;Module 1,1_10;87.8;14,90;34,64;0,30;10,53;4,36
22,10.2019 10:48:57;33.5;0.33;291.9;57.92213536163128;285.34;Module 1,1_10;64.16;11,05;33,61;0,20;6,78;4,27
22,10.2019 10:51:01;32.9;0.39;291.9;70.5393258596675;285.14;Module 1,1_10;78.05;12,83;34,30;0,26;9,00;3,83
22,10.2019 10:52:55;33.4;0.38;291.9;66.62839386695175;284.96;Module 1,1_10;73.65;12,69;34,12;0,24;8,31;4,39
22,10.2019 10:54:50;32.5;0.3;291.9;54.3052580542466;284.85;Module 1,1_10;59.97;9,75;33,34;0,18;6,16;3,59
22,10.2019 10:56:43;32.2;0.29;289.9;53.48564355346542;284.82;Module 1,1_10;59.01;9,34;33,62;0,18;6,05;3,29
22,10.2019 10:58:37;32.5;0.32;289.9;55.49419972666142;284.75;Module 1,1_10;61.17;10,40;33,78;0,19;6,40;4,00
22,10.2019 11:00:30;32.8;0.36;289.9;67.16597029886154;284.8;Module 1,1_10;73.97;11,81;34,49;0,25;8,45;3,35
22,10.2019 11:02:23;33;0.41;290.4;77.51169531668376;284.89;Module 1,1_10;85.29;13,53;34,85;0,30;10,29;3,24
22,10.2019 11:04:17;33.5;0.39;290.4;70.2829292856479;284.99;Module 1,1_10;77.27;13,07;34,55;0,26;9,00;4,07
22,10.2019 11:06:09;33.2;0.41;290.4;75.5838180876278;285.04;Module 1,1_10;83.03;13,61;34,77;0,29;9,94;3,67
22,10.2019 11:08:03;33.6;0.57;290.4;105.95618460977035;285.09;Module 1,1_10;116.3;19,15;35,64;0,43;15,45;3,70
22,10.2019 11:10:01;35;0.7;290.4;136.6434701038364;285.31;Module 1,1_10;149.86;24,50;36,16;0,58;21,10;3,40
22,10.2019 11:11:56;35.2;0.77;291.9;144.7165679094808;285.47;Module 1,1_10;158.59;27,10;36,00;0,62;22,46;4,64
22,10.2019 11:13:52;35.1;0.71;291.9;125.97908942256272;285.64;Module 1,1_10;137.95;24,92;35,73;0,53;19,02;5,90
22,10.2019 11:15:45;35;0.56;292.4;109.63050794427392;285.75;Module 1,1_10;119.96;19,60;35,36;0,45;16,00;3,60
22,10.2019 11:17:38;34.4;0.46;292.4;90.64075466494072;285.79;Module 1,1_10;99.11;15,82;34,91;0,36;12,56;3,26
22,10.2019 11:19:35;34.2;0.38;292.4;77.80201048102253;285.75;Module 1,1_10;85.01;13,00;34,50;0,30;10,27;2,73
22,10.2019 11:21:28;33.1;0.31;291.9;62.98207572590559;285.66;Module 1,1_10;68.77;10,26;33,92;0,23;7,67;2,59
22,10.2019 11:23:23;32.6;0.52;291.9;108.97628381218371;285.61;Module 1,1_10;118.91;16,95;35,44;0,45;15,91;1,04
22,10.2019 11:25:30;35.2;0.68;291.9;133.47958261645502;285.68;Module 1,1_10;145.54;23,94;35,85;0,57;20,39;3,54
22,10.2019 11:27:23;35.5;0.55;291.9;114.72401905968812;285.6;Module 1,1_10;125.01;19,53;35,55;0,48;16,96;2,57
22,10.2019 11:29:16;34.8;0.55;291.9;109.95625931454252;285.64;Module 1,1_10;119.74;19,14;35,45;0,45;16,09;3,05
22,10.2019 11:31:08;35.4;0.67;291.9;124.08121834323877;285.73;Module 1,1_10;135.04;23,72;35,71;0,52;18,67;5,05
22,10.2019 11:33:21;35.7;0.99;291.9;183.44810052294537;285.83;Module 1,1_10;199.51;35,34;36,40;0,81;29,63;5,71
22,10.2019 11:35:15;35.9;1.15;292.4;215.21431284115954;286;Module 1,1_10;233.92;41,28;36,54;0,97;35,46;5,82
22,10.2019 11:37:12;36.1;1.14;292.4;218.9499915373115;286.24;Module 1,1_10;237.84;41,15;36,56;0,99;36,16;5,00
22,10.2019 11:39:05;35.9;0.98;294;202.05034271955805;286.46;Module 1,1_10;219.36;35,18;36,16;0,91;32,79;2,39
22,10.2019 11:41:18;36.4;1.64;294;263.1675236780527;286.75;Module 1,1_10;285.53;59,70;36,50;1,21;44,08;15,62
22,10.2019 11:43:11;36.9;1.32;294;330.49699728526514;287.18;Module 1,1_10;358.39;48,71;36,73;1,54;56,53;-7,82
22,10.2019 11:45:05;35.9;1.12;294.5;234.81596019458814;287.46;Module 1,1_10;254.5;40,21;36,28;1,07;38,75;1,46
22,10.2019 11:47:01;35.8;1.09;294.5;227.97837978454825;287.6;Module 1,1_10;246.96;39,02;36,24;1,03;37,49;1,53
22,10.2019 11:49:13;36;1.11;296;224.97976187973762;287.71;Module 1,1_10;243.57;39,96;35,96;1,02;36,69;3,27
22,10.2019 11:51:06;35.9;1.27;296;227.80619855577896;287.78;Module 1,1_10;246.51;45,59;35,98;1,03;37,21;8,38
22,10.2019 11:52:59;36.5;1.39;296;299.39295699926794;287.86;Module 1,1_10;323.82;50,73;36,28;1,39;50,33;0,41
22,10.2019 11:55:00;37.1;1.24;296.5;416.7711785043581;287.96;Module 1,1_10;450.55;46,00;36,44;1,97;71,63;-25,63
22,10.2019 11:57:02;37.9;1.96;296.5;348.2684275865264;288.38;Module 1,1_10;376.31;74,28;36,33;1,63;59,14;15,14
22,10.2019 11:58:56;36.4;1.58;298;267.399652037008;288.69;Module 1,1_10;288.8;57,51;35,81;1,23;44,06;13,45
22,10.2019 12:00:48;37.5;1.68;298;405.4876944126853;288.89;Module 1,1_10;437.75;63,00;36,16;1,91;69,10;-6,10
22,10.2019 12:02:49;35.9;1.77;298;460.2386486082636;289.01;Module 1,1_10;496.63;63,54;36,22;2,18;78,98;-15,44
22,10.2019 12:04:52;36.1;2.1;298.5;474.68877891932357;289.48;Module 1,1_10;511.99;75,81;36,14;2,25;81,40;-5,59
22,10.2019 12:06:47;36;2.14;298.5;460.63920757984306;289.87;Module 1,1_10;496.63;77,04;36,13;2,18;78,87;-1,83
22,10.2019 12:08:39;35.9;1.99;300;413.31339623741906;290.32;Module 1,1_10;445.43;71,44;35,82;1,95;69,86;1,58
22,10.2019 12:10:32;36.2;1.85;300;427.73329173758;290.56;Module 1,1_10;460.79;66,97;35,84;2,02;72,44;-5,47
22,10.2019 12:12:28;37.1;1.96;300;473.0699113475746;290.82;Module 1,1_10;509.43;72,72;35,88;2,24;80,54;-7,82
22,10.2019 12:14:22;36.9;2.33;300.5;523.1907027066709;290.96;Module 1,1_10;563.19;85,98;35,81;2,49;89,24;-3,26
22,10.2019 12:16:14;36.3;1.76;300.5;399.6706250043221;290.9;Module 1,1_10;430.07;63,89;35,72;1,88;67,26;-3,37
22,10.2019 12:18:09;36.3;1.8;302;378.39753294414356;290.22;Module 1,1_10;407.03;65,34;35,41;1,78;63,01;2,33
22,10.2019 12:20:42;35.4;1.41;302;287.1113888718492;289.5;Module 1,1_10;308.69;49,91;35,18;1,33;46,76;3,15
22,10.2019 12:22:36;36.2;1.2;302;241.93625258801507;289.22;Module 1,1_10;260.03;43,44;34,98;1,11;38,72;4,72
22,10.2019 12:24:32;36.2;1.22;302;252.08980996478678;288.66;Module 1,1_10;270.85;44,16;35,03;1,16;40,53;3,64
22,10.2019 12:26:25;35.7;1.45;302;316.9912397836285;288.32;Module 1,1_10;340.47;51,77;35,27;1,48;52,08;-0,32
22,10.2019 12:28:18;35.9;1.28;300.5;256.1086326197942;288.05;Module 1,1_10;274.99;45,95;35,32;1,18;41,53;4,42
22,10.2019 12:30:11;35.6;1.2;300.5;233.86694804166322;288.12;Module 1,1_10;251.03;42,72;35,20;1,07;37,54;5,18
22,10.2019 12:32:11;36.6;1.63;300.5;338.7666726920747;287.97;Module 1,1_10;363.51;59,66;35,60;1,58;56,36;3,30
22,10.2019 12:34:04;35.7;1.7;300;338.86799243612484;287.9;Module 1,1_10;363.51;60,69;35,69;1,58;56,51;4,18
22,10.2019 12:36:12;35.2;1.16;300;220.30769568124606;287.93;Module 1,1_10;236.25;40,83;35,22;1,00;35,20;5,64
22,10.2019 12:38:18;34.9;1.06;300;200.78853610861387;287.96;Module 1,1_10;215.25;36,99;35,09;0,90;31,70;5,30
22,10.2019 12:40:12;34.8;0.88;300;163.26051314762188;287.76;Module 1,1_10;174.97;30,62;34,76;0,72;24,99;5,63
22,10.2019 12:42:08;34.2;0.85;300;166.5820618913799;287.38;Module 1,1_10;178.48;29,07;34,80;0,74;25,58;3,49
22,10.2019 12:44:00;34.9;1.02;298;214.47202184383337;287.15;Module 1,1_10;229.73;35,60;35,54;0,97;34,46;1,14
22,10.2019 12:45:53;35.1;1.64;298;356.1889409683249;287.21;Module 1,1_10;381.43;57,56;36,08;1,67;60,18;-2,61
22,10.2019 12:47:49;35.9;1.05;298;202.93562454214612;287.41;Module 1,1_10;217.26;37,70;35,46;0,91;32,37;5,32
22,10.2019 12:49:46;35.3;1.15;298;244.3306699425774;287.43;Module 1,1_10;261.51;40,59;35,70;1,12;39,87;0,72
22,10.2019 12:51:45;35.6;1.14;298;225.1504526090835;287.5;Module 1,1_10;240.92;40,58;35,60;1,02;36,40;4,19
22,10.2019 12:53:38;34.9;0.7;298;138.22360101564084;287.67;Module 1,1_10;147.87;24,43;34,82;0,60;20,73;3,70
22,10.2019 12:55:31;34.1;0.72;296.5;148.02586452518807;287.74;Module 1,1_10;158.32;24,55;35,22;0,64;22,63;1,92
22,10.2019 12:57:26;34.7;0.79;296.5;155.64400496169327;287.62;Module 1,1_10;166.43;27,41;35,30;0,68;24,00;3,41
22,10.2019 12:59:20;34.8;0.76;296.5;160.55170770397513;287.37;Module 1,1_10;171.64;26,45;35,36;0,70;24,89;1,56
22,10.2019 13:01:13;35;0.76;296.5;149.26515052894774;287.17;Module 1,1_10;159.54;26,60;35,23;0,65;22,85;3,75
22,10.2019 13:03:11;34.7;0.76;296.5;156.83064513621468;287.08;Module 1,1_10;167.59;26,37;35,32;0,69;24,22;2,15
22,10.2019 13:05:05;34.8;0.8;296.5;158.07935778964156;287.01;Module 1,1_10;168.89;27,84;35,34;0,69;24,44;3,40
22,10.2019 13:07:17;35.5;0.95;296;191.65039589870852;286.96;Module 1,1_10;204.71;33,73;35,73;0,86;30,61;3,12
22,10.2019 13:09:14;35.3;1.25;296;221.1750320770484;287.03;Module 1,1_10;236.2;44,13;35,94;1,00;36,00;8,13
22,10.2019 13:11:07;35;0.87;296;172.3180435929617;287.11;Module 1,1_10;183.99;30,45;35,57;0,76;27,08;3,37
22,10.2019 13:13:07;35;0.97;296;198.7763831250944;287.12;Module 1,1_10;212.2;33,95;35,79;0,89;31,91;2,04
22,10.2019 13:15:00;35.1;1.06;296;216.64034783570446;287.25;Module 1,1_10;231.23;37,21;35,91;0,98;35,17;2,04
22,10.2019 13:16:53;35.4;1.11;296;227.93117778565968;287.27;Module 1,1_10;243.24;39,29;35,98;1,03;37,23;2,06
22,10.2019 13:18:46;35.5;1.16;296;241.16467275791786;287.32;Module 1,1_10;257.32;41,18;36,05;1,10;39,66;1,52
22,10.2019 13:20:42;35.9;1.38;296;292.1502186496001;287.48;Module 1,1_10;311.67;49,54;36,26;1,35;49,00;0,54
22,10.2019 13:22:49;35.7;1.46;296;304.5106352826044;287.81;Module 1,1_10;324.8;52,12;36,30;1,41;51,26;0,86
22,10.2019 13:24:43;35.7;1.44;296;295.4515811578247;288.14;Module 1,1_10;315.09;51,41;36,27;1,37;49,60;1,81
22,10.2019 13:26:37;35.6;1.42;296;294.7817869960868;288.53;Module 1,1_10;314.33;50,55;36,27;1,36;49,48;1,07
22,10.2019 13:28:31;35.6;1.39;296;276.40201645763614;288.86;Module 1,1_10;294.69;49,48;36,20;1,27;46,11;3,37
22,10.2019 13:30:24;35.4;1.35;296.5;275.9982804369104;289.07;Module 1,1_10;294.22;47,79;36,11;1,27;45,93;1,86
22,10.2019 13:32:24;35.4;1.32;296.5;268.8215139878136;289.17;Module 1,1_10;286.53;46,73;36,09;1,24;44,62;2,11
22,10.2019 13:34:30;35.4;1.35;298;279.88414461149927;289.09;Module 1,1_10;298.28;47,79;35,86;1,29;46,33;1,46
22,10.2019 13:36:23;35.3;1.29;298;264.3582566581565;288.92;Module 1,1_10;281.7;45,54;35,80;1,22;43,51;2,03
22,10.2019 13:38:38;35.3;1.46;298;300.28517065083213;288.9;Module 1,1_10;319.94;51,54;35,93;1,39;50,03;1,51
22,10.2019 13:40:31;35.4;1.37;298;280.3149195196428;288.87;Module 1,1_10;298.63;48,50;35,87;1,29;46,41;2,09
22,10.2019 13:42:26;35.4;1.42;298;291.62875851086125;288.89;Module 1,1_10;310.65;50,27;35,91;1,35;48,46;1,81
22,10.2019 13:44:18;35.6;1.45;298;304.17268173915596;288.98;Module 1,1_10;323.98;51,62;35,95;1,41;50,74;0,88
22,10.2019 13:46:11;35.7;1.69;298;348.5296148726412;289.28;Module 1,1_10;371.19;60,33;36,06;1,63;58,79;1,55
22,10.2019 13:48:04;35.7;1.7;298.5;348.56125503348323;289.59;Module 1,1_10;371.19;60,69;35,98;1,63;58,66;2,03
22,10.2019 13:49:56;35.7;1.86;298.5;382.2490199397429;289.75;Module 1,1_10;407.03;66,40;36,04;1,80;64,75;1,65
22,10.2019 13:51:49;35.5;1.99;298.5;413.536633074886;290.14;Module 1,1_10;440.31;70,64;36,09;1,95;70,39;0,25
22,10.2019 13:53:57;35.5;1.92;298.5;401.5498946353539;290.49;Module 1,1_10;427.51;68,16;36,07;1,89;68,23;-0,07
22,10.2019 13:55:51;35.3;2.44;298.5;468.9112456169931;290.82;Module 1,1_10;499.19;86,13;36,14;2,22;80,36;5,77
22,10.2019 13:57:48;35.2;2.31;298.5;476.15860237617346;291.28;Module 1,1_10;506.87;81,31;36,14;2,26;81,66;-0,35
22,10.2019 13:59:41;35.2;2.43;300;512.2640584345257;291.56;Module 1,1_10;545.27;85,54;35,90;2,44;87,51;-1,98
22,10.2019 14:01:34;35;3.04;300;601.2855031818998;291.8;Module 1,1_10;639.99;106,40;35,90;2,88;103,25;3,15
22,10.2019 14:03:30;34.7;3.13;302;643.1672384168397;292.35;Module 1,1_10;684.53;108,61;35,53;3,08;109,56;-0,94
22,10.2019 14:05:23;34.8;1.76;302;353.58876168901287;292.74;Module 1,1_10;376.31;61,25;35,37;1,66;58,60;2,65
22,10.2019 14:07:17;34.6;1.87;302;384.8765851566875;292.95;Module 1,1_10;409.59;64,70;35,43;1,81;64,16;0,54
22,10.2019 14:09:31;34.8;1.89;302;406.5454140508006;293.16;Module 1,1_10;432.63;65,77;35,46;1,92;68,01;-2,24
22,10.2019 14:11:24;34.8;1.66;302;344.0103556602547;293.09;Module 1,1_10;366.07;57,77;35,34;1,61;56,89;0,87
22,10.2019 14:13:20;34.9;1.56;302.5;322.3686131709989;292.67;Module 1,1_10;343.03;54,44;35,20;1,50;52,92;1,53
22,10.2019 14:15:13;35.2;1.6;302.5;336.81190809999254;292.53;Module 1,1_10;358.39;56,32;35,24;1,57;55,48;0,84
22,10.2019 14:17:09;35.2;1.75;302.5;363.28406428226737;292.44;Module 1,1_10;386.55;61,60;35,30;1,70;60,18;1,42
22,10.2019 14:19:08;35;1.66;302;339.23048131305404;292.34;Module 1,1_10;360.95;58,10;35,34;1,59;56,04;2,06
22,10.2019 14:21:01;35.2;1.79;302;372.91792806466793;292.31;Module 1,1_10;396.79;63,01;35,41;1,75;62,04;0,97
22,10.2019 14:22:54;35.1;2.13;302;430.66418770669264;292.25;Module 1,1_10;458.23;74,76;35,49;2,04;72,28;2,48
22,10.2019 14:25:25;34.9;2.08;302;421.040607644891;292.5;Module 1,1_10;447.99;72,59;35,48;1,99;70,58;2,01
22,10.2019 14:27:18;35.1;2.66;302;541.338021315225;292.82;Module 1,1_10;575.99;93,37;35,55;2,58;91,79;1,57
22,10.2019 14:29:13;34.9;2.38;302;502.83730693049085;293.22;Module 1,1_10;535.03;83,06;35,54;2,39;85,03;-1,97
22,10.2019 14:31:06;35.1;2.54;302;507.64193148617113;293.53;Module 1,1_10;540.15;89,15;35,55;2,42;85,87;3,28
22,10.2019 14:33:00;34.9;2.46;302;495.60266803908763;293.96;Module 1,1_10;527.35;85,85;35,54;2,36;83,75;2,10
22,10.2019 14:34:52;34.7;2.18;302;452.2859707346536;294.14;Module 1,1_10;481.27;75,65;35,51;2,14;76,11;-0,46
22,10.2019 14:36:35;34.7;1.77;302;358.44936034328373;293.92;Module 1,1_10;381.43;61,42;35,38;1,68;59,46;1,96
22,10.2019 14:38:29;34.7;1.63;302.5;339.1918136050315;293.56;Module 1,1_10;360.95;56,56;35,24;1,59;55,90;0,66
22,10.2019 14:40:54;34.9;1.55;302.5;317.524736513856;293.26;Module 1,1_10;337.91;54,09;35,19;1,48;52,06;2,04
22,10.2019 14:42:47;34.9;1.85;302.5;375.241394092613;293.23;Module 1,1_10;399.35;64,56;35,32;1,76;62,30;2,26
22,10.2019 14:44:39;35.2;2.01;302.5;411.302873982623;293.38;Module 1,1_10;437.75;70,75;35,38;1,94;68,69;2,06
22,10.2019 14:46:33;35;2.58;302.5;545.9713530224509;293.6;Module 1,1_10;581.11;90,30;35,46;2,61;92,39;-2,09
22,10.2019 14:48:34;34.8;2.08;302.5;449.73423846493586;293.84;Module 1,1_10;478.71;72,38;35,42;2,13;75,48;-3,09
22,10.2019 14:50:26;35;2.51;302.5;512.2320815390565;294.05;Module 1,1_10;545.27;87,85;35,46;2,44;86,47;1,38
22,10.2019 14:52:30;34.8;1.83;302.5;391.9569764799295;294.47;Module 1,1_10;417.27;63,68;35,35;1,85;65,26;-1,58
22,10.2019 14:54:23;34.3;1.31;302.5;266.187545046026;294.5;Module 1,1_10;283.4;44,93;35,01;1,23;42,93;2,00
22,10.2019 14:56:12;34.3;1.4;302.5;288.1341224846215;294.24;Module 1,1_10;306.79;48,02;35,09;1,33;46,83;1,19
22,10.2019 14:58:06;34.6;1.42;302.5;290.8414958795282;293.83;Module 1,1_10;309.7;49,13;35,10;1,35;47,31;1,82
22,10.2019 15:00:00;34.6;1.39;302.5;284.96410410082154;293.5;Module 1,1_10;303.47;48,09;35,08;1,32;46,27;1,82
22,10.2019 15:01:53;34.9;1.64;302.5;336.501821327605;293.1;Module 1,1_10;358.39;57,24;35,24;1,57;55,43;1,81
22,10.2019 15:04:09;35.3;1.72;302.5;353.28276154776796;292.74;Module 1,1_10;376.31;60,72;35,28;1,66;58,41;2,31
22,10.2019 15:06:26;35.6;2.13;302.5;427.7285156474898;292.4;Module 1,1_10;455.67;75,83;35,40;2,02;71,59;4,24
22,10.2019 15:08:18;35.5;2.22;302.5;446.900263070586;292.3;Module 1,1_10;476.15;78,81;35,41;2,12;74,98;3,83
22,10.2019 15:10:14;35.7;1.7;302.5;326.72154882553514;292.22;Module 1,1_10;348.15;60,69;35,21;1,52;53,69;7,00
22,10.2019 15:12:08;34.8;1.44;302.5;300.5648957029792;292.22;Module 1,1_10;320.32;50,11;35,13;1,40;49,04;1,07
22,10.2019 15:14:00;34.4;1.38;302.5;278.9455950308372;292.27;Module 1,1_10;297.32;47,47;35,05;1,29;45,20;2,27
22,10.2019 15:15:58;35.3;1.7;302;336.19126288524586;292.11;Module 1,1_10;358.39;60,01;35,33;1,57;55,50;4,51
22,10.2019 15:17:52;34.6;1.66;302;338.54163724212594;291.95;Module 1,1_10;360.95;57,44;35,34;1,58;55,92;1,51
22,10.2019 15:20:00;34.3;1.18;302;238.07653832777356;291.76;Module 1,1_10;253.88;40,47;34,96;1,09;38,03;2,44
22,10.2019 15:22:03;34.5;1.18;302;240.19994703053703;291.57;Module 1,1_10;256.19;40,71;34,97;1,10;38,41;2,30
22,10.2019 15:23:55;34.6;1.13;302;226.73537769208872;291.3;Module 1,1_10;241.87;39,10;34,90;1,03;36,01;3,08
22,10.2019 15:25:48;34.6;1.11;302;222.73054406120056;291.11;Module 1,1_10;237.64;38,41;34,88;1,01;35,30;3,10
22,10.2019 15:27:49;34.9;1.08;302;219.0131879407889;291.09;Module 1,1_10;233.72;37,69;34,85;0,99;34,64;3,05
22,10.2019 15:29:42;34.6;1.05;300.5;210.39856802462646;290.9;Module 1,1_10;224.57;36,33;35,06;0,95;33,34;2,99
22,10.2019 15:31:35;34.6;1.02;300.5;203.18148782277913;290.77;Module 1,1_10;216.91;35,29;35,02;0,92;32,05;3,24
22,10.2019 15:33:28;34.6;1;300.5;199.91792784274233;290.77;Module 1,1_10;213.47;34,60;34,99;0,90;31,47;3,13
22,10.2019 15:35:47;34.8;1.02;300;204.05958142457962;290.77;Module 1,1_10;217.95;35,50;35,11;0,92;32,28;3,21
22,10.2019 15:37:40;34.9;1.02;300;205.71762739087376;290.65;Module 1,1_10;219.77;35,60;35,12;0,93;32,58;3,02
22,10.2019 15:39:34;34.8;0.97;300;194.57992693766374;290.42;Module 1,1_10;207.92;33,76;35,04;0,87;30,59;3,17
22,10.2019 15:41:30;34.7;0.96;300;192.62346368770716;290.28;Module 1,1_10;205.88;33,31;35,02;0,86;30,23;3,08
22,10.2019 15:43:23;34.6;0.94;298.5;188.76876233817688;290.21;Module 1,1_10;201.81;32,52;35,27;0,84;29,75;2,78
22,10.2019 15:45:17;34.7;0.95;298.5;188.7480471953691;290.18;Module 1,1_10;201.84;32,97;35,27;0,84;29,74;3,22
22,10.2019 15:47:10;34.9;0.96;298.5;192.306762954181;290.22;Module 1,1_10;205.7;33,50;35,29;0,86;30,38;3,12
22,10.2019 15:49:09;35;0.95;298.5;191.48495353451648;290.41;Module 1,1_10;204.88;33,25;35,28;0,86;30,24;3,01
22,10.2019 15:51:06;34.8;0.97;298.5;192.68086557864416;290.57;Module 1,1_10;206.22;33,76;35,30;0,86;30,45;3,30
22,10.2019 15:52:59;35;0.98;298.5;196.95863241072973;290.77;Module 1,1_10;210.86;34,30;35,33;0,88;31,22;3,08
22,10.2019 15:54:51;35.2;0.98;298.5;196.99311188134826;290.97;Module 1,1_10;210.96;34,50;35,33;0,88;31,23;3,27
22,10.2019 15:56:45;35.5;0.99;298.5;198.5088517594288;291.13;Module 1,1_10;212.65;35,15;35,34;0,89;31,50;3,64
22,10.2019 15:58:40;35.4;0.97;298.5;188.692044097927;291.19;Module 1,1_10;202.2;34,34;35,26;0,84;29,73;4,61
22,10.2019 16:00:34;34.8;0.95;298.5;187.68670775695372;291.29;Module 1,1_10;201.19;33,06;35,25;0,84;29,55;3,51
22,10.2019 16:02:27;34.8;0.93;298.5;183.02497294085273;291.39;Module 1,1_10;196.26;32,36;35,21;0,82;28,71;3,65
22,10.2019 16:04:19;34.8;0.92;298.5;182.1219876355756;291.35;Module 1,1_10;195.36;32,02;35,20;0,81;28,55;3,47
22,10.2019 16:06:22;35.1;0.91;298.5;183.90424344833488;291.42;Module 1,1_10;197.35;31,94;35,22;0,82;28,87;3,07
22,10.2019 16:08:15;35.5;0.9;298.5;182.54964264206953;291.39;Module 1,1_10;195.97;31,95;35,21;0,81;28,63;3,32
22,10.2019 16:10:11;35.2;0.9;298.5;181.1361759376556;291.23;Module 1,1_10;194.53;31,68;35,20;0,81;28,37;3,31
22,10.2019 16:12:03;35.3;0.89;298.5;174.70723332611306;291.28;Module 1,1_10;187.7;31,42;35,14;0,77;27,22;4,20
22,10.2019 16:13:58;34.7;0.89;298.5;172.97792792684533;291.35;Module 1,1_10;185.92;30,88;35,13;0,77;26,90;3,98
22,10.2019 16:15:58;34.4;0.85;298.5;167.79435243077833;291.29;Module 1,1_10;180.43;29,24;35,08;0,74;25,97;3,27
22,10.2019 16:17:51;34.4;0.86;298.5;164.08623229989288;291.25;Module 1,1_10;176.52;29,58;35,04;0,72;25,31;4,28
22,10.2019 16:19:45;34.2;0.84;298.5;159.69097319323265;291.28;Module 1,1_10;171.87;28,73;34,99;0,70;24,52;4,21
22,10.2019 16:22:00;34.2;0.81;298;156.4074574644372;291.32;Module 1,1_10;168.43;27,70;35,05;0,68;23,98;3,72
22,10.2019 16:24:11;34.2;0.8;298;152.9507646898894;291.28;Module 1,1_10;164.8;27,36;35,01;0,67;23,36;4,00
22,10.2019 16:26:03;34;0.78;298;150.7878493500586;291.25;Module 1,1_10;162.55;26,52;34,98;0,66;22,98;3,54
22,10.2019 16:27:56;34.2;0.77;298;148.3274311488112;291.11;Module 1,1_10;159.98;26,33;34,95;0,64;22,53;3,80
22,10.2019 16:29:49;34;0.75;298;145.3019394831135;291;Module 1,1_10;156.8;25,50;34,91;0,63;21,99;3,51
22,10.2019 16:31:42;34.1;0.74;297.5;142.44401155159593;290.81;Module 1,1_10;153.8;25,23;34,97;0,62;21,53;3,71
22,10.2019 16:33:39;34.1;0.73;297.5;140.13936486255056;290.73;Module 1,1_10;151.4;24,89;34,94;0,60;21,11;3,78
22,10.2019 16:35:33;34.2;0.72;297.5;139.8258761444702;290.67;Module 1,1_10;151.15;24,62;34,94;0,60;21,06;3,57
22,10.2019 16:37:30;34.2;0.73;298;141.22747679124262;290.6;Module 1,1_10;152.76;24,97;34,86;0,61;21,26;3,70
22,10.2019 16:39:22;34.1;0.71;298;143.07189279464728;290.56;Module 1,1_10;154.85;24,21;34,88;0,62;21,59;2,62
22,10.2019 16:41:15;34;0.7;298;143.88550019163873;290.49;Module 1,1_10;155.83;23,80;34,90;0,62;21,74;2,06
22,10.2019 16:42:58;34.1;0.7;298;149.04081075546293;290.38;Module 1,1_10;161.51;23,87;34,96;0,65;22,66;1,21
22,10.2019 16:45:01;34.2;0.68;298;152.01074077798953;290.34;Module 1,1_10;164.85;23,26;34,99;0,66;23,19;0,06
22,10.2019 16:46:54;34.7;0.66;298;150.74327541943666;290.29;Module 1,1_10;163.59;22,90;34,98;0,66;22,97;-0,07
22,10.2019 16:48:49;34.7;0.64;298;158.2658093253919;290.3;Module 1,1_10;171.88;22,21;35,06;0,69;24,32;-2,11
22,10.2019 16:50:43;35;0.64;298;164.68862559664396;290.4;Module 1,1_10;178.99;22,40;35,13;0,73;25,47;-3,07
22,10.2019 16:53:36;35.2;0.66;298;163.99660541762682;290.48;Module 1,1_10;178.45;23,23;35,13;0,72;25,35;-2,12
22,10.2019 16:55:29;34.8;0.66;298;157.33515616504462;290.6;Module 1,1_10;171.34;22,97;35,05;0,69;24,15;-1,18
22,10.2019 16:57:22;34.8;0.68;298;154.70818721635055;290.69;Module 1,1_10;168.62;23,66;35,02;0,68;23,68;-0,01
22,10.2019 16:59:14;34.8;0.69;298;151.0465979948462;290.67;Module 1,1_10;164.77;24,01;34,98;0,66;23,02;0,99
22,10.2019 17:01:12;34.8;0.69;296.5;159.53334244643838;290.62;Module 1,1_10;174.19;24,01;35,35;0,70;24,71;-0,70
22,10.2019 17:03:05;34.9;0.71;296.5;179.86421613314164;290.57;Module 1,1_10;196.57;24,78;35,55;0,80;28,39;-3,62
22,10.2019 17:04:58;35;0.69;296.5;172.23332939468358;290.61;Module 1,1_10;188.41;24,15;35,48;0,76;27,01;-2,86
22,10.2019 17:07:11;34.9;0.66;298;168.93752469944843;290.67;Module 1,1_10;185.02;23,03;35,18;0,75;26,24;-3,20
22,10.2019 17:09:09;34.7;0.65;298;157.63787759302826;290.69;Module 1,1_10;172.83;22,56;35,06;0,69;24,21;-1,65
22,10.2019 17:11:01;34.6;0.63;298;149.16214723165126;290.72;Module 1,1_10;163.71;21,80;34,96;0,65;22,68;-0,89
22,10.2019 17:12:54;34.3;0.62;298;138.8408518354419;290.71;Module 1,1_10;152.55;21,27;34,83;0,60;20,84;0,43
22,10.2019 17:14:47;34.2;0.61;298;129.2188698789097;290.67;Module 1,1_10;142.14;20,86;34,70;0,55;19,12;1,74
22,10.2019 17:16:40;34;0.59;298;124.64416488790583;290.64;Module 1,1_10;137.27;20,06;34,62;0,53;18,30;1,76
22,10.2019 17:18:37;34;0.57;298;120.34166154279866;290.59;Module 1,1_10;132.7;19,38;34,55;0,51;17,54;1,84
22,10.2019 17:20:30;33.8;0.58;296.5;115.15289595460226;290.57;Module 1,1_10;127.14;19,60;34,73;0,48;16,72;2,88
22,10.2019 17:22:23;33.7;0.57;296.5;111.52767083385832;290.63;Module 1,1_10;123.3;19,21;34,66;0,46;16,07;3,13
22,10.2019 17:24:28;33.3;0.56;296.5;109.19092249214489;290.67;Module 1,1_10;120.9;18,65;34,61;0,45;15,66;2,99
22,10.2019 17:26:21;33.3;0.55;296.5;108.07011394661617;290.64;Module 1,1_10;119.83;18,32;34,59;0,45;15,46;2,86
22,10.2019 17:28:15;33.6;0.54;296.5;107.91744539931446;290.53;Module 1,1_10;119.84;18,14;34,59;0,45;15,43;2,71
22,10.2019 17:30:08;33.5;0.56;296;107.60719856177455;290.45;Module 1,1_10;119.68;18,76;34,67;0,44;15,41;3,35
22,10.2019 17:32:16;33.3;0.55;296;107.12402990352972;290.46;Module 1,1_10;119.36;18,32;34,66;0,44;15,32;2,99
22,10.2019 17:34:09;33.3;0.55;296;108.43160927048993;290.53;Module 1,1_10;121.02;18,32;34,69;0,45;15,55;2,76
22,10.2019 17:36:11;33.5;0.54;296;112.92171777252774;290.56;Module 1,1_10;126.27;18,09;34,77;0,47;16,36;1,73
22,10.2019 17:38:04;33.2;0.55;296;119.99943945776782;290.62;Module 1,1_10;134.43;18,26;34,91;0,50;17,62;0,64
22,10.2019 17:40:01;33;0.53;296.5;126.72036176802865;290.71;Module 1,1_10;142.24;17,49;34,92;0,54;18,79;-1,30
22,10.2019 17:41:56;33;0.53;296.5;139.43514163682053;290.84;Module 1,1_10;156.83;17,49;35,11;0,60;21,08;-3,59
22,10.2019 17:43:50;32.7;0.51;296.5;152.36175079480097;290.98;Module 1,1_10;171.73;16,68;35,27;0,66;23,41;-6,73
22,10.2019 17:45:45;32.7;0.49;296;161.3899950602886;291.09;Module 1,1_10;182.31;16,02;35,46;0,71;25,10;-9,08
22,10.2019 17:47:38;33.2;0.49;296;222.27430136689418;291.32;Module 1,1_10;251.66;16,27;35,95;1,01;36,20;-19,93
22,10.2019 17:49:35;32.9;0.45;296;195.59270542524644;291.68;Module 1,1_10;222;14,80;35,77;0,88;31,32;-16,52
22,10.2019 17:51:32;32.6;0.45;296;164.5128145244873;291.89;Module 1,1_10;187.21;14,67;35,49;0,72;25,67;-11,00
22,10.2019 17:53:26;32.5;0.42;294.5;177.11698095511;291.91;Module 1,1_10;202.09;13,65;35,88;0,78;28,14;-14,49
22,10.2019 17:55:23;32.2;0.41;294.5;197.60072109245084;291.94;Module 1,1_10;226.11;13,20;36,05;0,88;31,90;-18,70
22,10.2019 17:57:28;31.8;0.41;294.5;183.6433686749861;292.21;Module 1,1_10;210.82;13,04;35,94;0,82;29,34;-16,30
22,10.2019 17:59:23;32.6;0.41;294.5;196.5525532828259;292.47;Module 1,1_10;226.35;13,37;36,04;0,88;31,71;-18,34
22,10.2019 18:01:18;31.8;0.41;294.5;156.71279138899482;292.76;Module 1,1_10;181.07;13,04;35,68;0,68;24,41;-11,37
22,10.2019 18:03:32;31.5;0.41;294.5;127.71363543859218;292.94;Module 1,1_10;148.17;12,91;35,30;0,54;19,13;-6,21
22,10.2019 18:05:24;31.4;0.4;294.5;110.93223843639062;292.95;Module 1,1_10;129.17;12,56;35,01;0,46;16,10;-3,54
22,10.2019 18:07:23;31;0.4;294;105.38944604583047;292.84;Module 1,1_10;123.22;12,40;34,98;0,43;15,13;-2,73
22,10.2019 18:09:16;30.6;0.39;294;108.48111531144494;292.71;Module 1,1_10;127.36;11,93;35,05;0,45;15,69;-3,76
22,10.2019 18:11:08;31.2;0.37;294;91.37125702173384;292.53;Module 1,1_10;107.74;11,54;34,65;0,36;12,62;-1,08
22,10.2019 18:13:01;31.1;0.37;294;98.0703967970569;292.1;Module 1,1_10;116.18;11,51;34,82;0,40;13,82;-2,31
22,10.2019 18:14:55;30.2;0.35;294;101.4683846357099;291.83;Module 1,1_10;120.81;10,57;34,90;0,41;14,43;-3,86
22,10.2019 18:16:48;30.4;0.33;294;118.49214664023418;291.76;Module 1,1_10;141.83;10,03;35,23;0,50;17,50;-7,47
22,10.2019 18:18:50;32;0.31;294;117.54958850470862;291.79;Module 1,1_10;141.57;9,92;35,22;0,49;17,33;-7,41
22,10.2019 18:20:42;32.1;0.3;294;102.32927988378434;291.71;Module 1,1_10;123.99;9,63;34,91;0,42;14,58;-4,95
22,10.2019 18:22:37;32.3;0.27;294;77.51100117914783;291.64;Module 1,1_10;94.55;8,72;34,20;0,30;10,16;-1,44
22,10.2019 18:24:38;32.1;0.23;294;62.440594515038335;291.51;Module 1,1_10;76.75;7,38;33,52;0,22;7,52;-0,14
22,10.2019 18:26:31;31.5;0.21;294;55.56641515636724;291.38;Module 1,1_10;68.83;6,61;33,07;0,19;6,34;0,27
22,10.2019 18:28:24;31.3;0.2;294;49.771215928734065;291.19;Module 1,1_10;62.17;6,26;32,58;0,16;5,36;0,90
22,10.2019 18:30:16;31.2;0.17;294;34.7655322173262;290.97;Module 1,1_10;43.82;5,30;29,91;0,10;2,91;2,39
22,10.2019 18:32:17;31.4;0.16;292.4;30.322323064522603;290.72;Module 1,1_10;38.63;5,02;27,91;0,08;2,24;2,78
22,10.2019 18:34:21;31.6;0.15;292.4;27.34426256153516;290.51;Module 1,1_10;35.26;4,74;25,66;0,07;1,83;2,91
22,10.2019 18:36:21;31.2;0.14;292.4;24.618096656814913;290.26;Module 1,1_10;32.16;4,37;23,24;0,06;1,48;2,88
22,10.2019 18:38:14;31.2;0.12;292.4;22.276877066013828;290;Module 1,1_10;29.5;3,74;21,06;0,06;1,21;2,53
22,10.2019 18:40:07;31.2;0.11;292.4;20.112275589174633;289.77;Module 1,1_10;27.04;3,43;19,02;0,05;0,99;2,44
22,10.2019 18:42:10;31;0.1;292.4;18.033726280892168;289.54;Module 1,1_10;24.7;3,10;17,05;0,05;0,80;2,30
22,10.2019 18:44:02;31.4;0.09;292.4;16.588135670561073;289.35;Module 1,1_10;23.16;2,83;15,69;0,04;0,67;2,15
22,10.2019 18:45:58;31.6;0.09;291.9;14.921518137983938;289.16;Module 1,1_10;21.31;2,84;14,11;0,04;0,54;2,30
22,10.2019 18:47:51;31.5;0.08;291.9;13.271170362317639;288.97;Module 1,1_10;19.44;2,52;12,55;0,03;0,43;2,09
22,10.2019 18:49:43;31.5;0.08;291.9;11.848749254485544;288.82;Module 1,1_10;17.87;2,52;11,20;0,03;0,34;2,18
22,10.2019 18:51:40;30.5;0.07;291.9;10.343651634368237;288.65;Module 1,1_10;16.17;2,14;9,78;0,03;0,26;1,87
22,10.2019 18:53:33;30.8;0;291.9;8.720649386293625;288.5;Module 1,1_10;14.21;0,00;8,25;0,02;0,19;-0,19
22,10.2019 18:55:26;32;0;291.9;7.457772594764089;288.39;Module 1,1_10;12.78;0,00;7,05;0,02;0,14;-0,14
22,10.2019 18:57:19;31.8;0;291.9;5.99133389683389;288.28;Module 1,1_10;10.93;0,00;5,66;0,02;0,09;-0,09
22,10.2019 18:59:12;32.8;0;291.9;4.878008022784657;288.21;Module 1,1_10;9.64;0,00;4,61;0,01;0,06;-0,06
22,10.2019 19:01:04;33.5;0;291.9;3.553008748119672;288.13;Module 1,1_10;7.8;0,00;3,36;0,01;0,03;-0,03
22,10.2019 19:02:57;34;0;291.9;2.477651644671943;288.04;Module 1,1_10;6.31;0,00;2,34;0,01;0,02;-0,02
22,10.2019 19:05:02;33.3;0;291.9;1.450189474678349;287.94;Module 1,1_10;4.78;0,00;1,38;0,00;0,01;-0,01
22,10.2019 19:06:54;32.4;0;291.9;0.6847428526260096;287.86;Module 1,1_10;3.47;0,00;0,65;0,00;0,00;-0,00
22,10.2019 19:08:48;31.5;0;291.9;0.40728312729490923;287.75;Module 1,1_10;2.12;0,00;0,38;0,00;0,00;-0,00
22,10.2019 19:10:42;31.1;0;290.4;0.23245876605039625;287.63;Module 1,1_10;1.21;0,00;0,22;0,00;0,00;-0,00
22,10.2019 19:12:47;31.1;0;290.4;0.147928305668434;287.53;Module 1,1_10;0.77;0,00;0,14;0,00;0,00;-0,00
22,10.2019 19:14:39;31.1;0;290.4;0.040344083364118356;287.47;Module 1,1_10;0.21;0,00;0,04;0,00;0,00;-0,00
23,10.2019 09:38:34;29.6;0;285.9;9.908121123782553;285.42;Module 1,1_10;11.8;0,00;9,35;0,03;0,24;-0,24
23,10.2019 09:40:39;29.5;0;285.9;10.492814255922598;285.45;Module 1,1_10;12.45;0,00;9,90;0,03;0,27;-0,27
23,10.2019 09:42:31;29.7;0.07;285.9;12.022807534265883;285.46;Module 1,1_10;14.22;2,08;11,34;0,03;0,35;1,73
23,10.2019 09:44:25;29.5;0.07;287.4;12.620053792807774;285.47;Module 1,1_10;14.88;2,07;11,91;0,03;0,39;1,68
23,10.2019 09:46:18;29.1;0.07;287.4;13.1764041406749;285.47;Module 1,1_10;15.49;2,04;12,44;0,03;0,42;1,61
23,10.2019 09:48:19;28.8;0.07;287.4;12.969177053444117;285.48;Module 1,1_10;15.2;2,02;12,24;0,03;0,41;1,61
23,10.2019 09:50:14;29.8;0.08;287.4;13.407439382068555;285.49;Module 1,1_10;15.67;2,38;12,66;0,03;0,44;1,95
23,10.2019 09:52:07;29.7;0.09;287.4;16.093560813798064;285.5;Module 1,1_10;18.76;2,67;15,20;0,04;0,63;2,04
23,10.2019 09:54:00;29.7;0.1;287.4;16.736430522034553;285.53;Module 1,1_10;19.46;2,97;15,80;0,04;0,68;2,29
23,10.2019 09:56:15;29.7;0.1;287.4;18.41539999336896;285.53;Module 1,1_10;21.35;2,97;17,38;0,05;0,83;2,14
23,10.2019 09:58:08;29.7;0.11;287.4;19.513327313935072;285.56;Module 1,1_10;22.57;3,27;18,42;0,05;0,93;2,34
23,10.2019 10:00:01;29.7;0.13;287.4;21.394496771147086;285.58;Module 1,1_10;24.69;3,86;20,20;0,06;1,12;2,74
23,10.2019 10:01:53;29.7;0.12;287.4;20.598477264725666;285.61;Module 1,1_10;23.72;3,56;19,45;0,05;1,03;2,53
23,10.2019 10:03:57;30.4;0.13;287.4;22.204167638984654;285.65;Module 1,1_10;25.51;3,95;20,95;0,06;1,20;2,75
23,10.2019 10:05:50;31.4;0.12;287.4;21.420777569953486;285.68;Module 1,1_10;24.56;3,77;20,22;0,06;1,12;2,65
23,10.2019 10:07:44;31.2;0.12;289.9;22.197396995392737;285.73;Module 1,1_10;25.4;3,74;20,97;0,06;1,20;2,54
23,10.2019 10:09:37;31.4;0.13;289.9;23.395434597033606;285.75;Module 1,1_10;26.72;4,08;22,09;0,06;1,34;2,74
23,10.2019 10:11:48;31.2;0.13;289.9;24.32277589496818;285.77;Module 1,1_10;27.72;4,06;22,95;0,06;1,45;2,61
23,10.2019 10:13:41;31.2;0.13;289.9;24.700029136164368;285.77;Module 1,1_10;28.1;4,06;23,30;0,06;1,49;2,57
23,10.2019 10:15:33;31.5;0.15;289.9;27.506995050380382;285.79;Module 1,1_10;31.24;4,72;25,83;0,07;1,85;2,88
23,10.2019 10:17:27;31.6;0.17;289.9;29.714226738270124;285.82;Module 1,1_10;33.69;5,37;27,61;0,08;2,15;3,22
23,10.2019 10:19:38;31.4;0.13;289.9;25.095442373921973;285.85;Module 1,1_10;28.4;4,08;23,67;0,06;1,54;2,54
23,10.2019 10:21:35;31.6;0.13;289.9;22.01176988231921;285.88;Module 1,1_10;24.87;4,11;20,80;0,06;1,18;2,92
23,10.2019 10:23:28;31.5;0.1;289.9;19.155453406813944;285.89;Module 1,1_10;21.61;3,15;18,10;0,05;0,90;2,25
23,10.2019 10:25:22;30.8;0.1;289.9;18.2340522891685;285.9;Module 1,1_10;20.54;3,08;17,23;0,05;0,81;2,27
23,10.2019 10:27:21;31.4;0.09;289.9;17.550258887506057;285.92;Module 1,1_10;19.74;2,83;16,59;0,05;0,75;2,07
23,10.2019 10:29:15;31.4;0.09;289.9;17.387879507265694;285.96;Module 1,1_10;19.53;2,83;16,43;0,04;0,74;2,09
23,10.2019 10:31:08;30.7;0.1;289.9;19.39943583312973;285.98;Module 1,1_10;21.76;3,07;18,33;0,05;0,92;2,15
23,10.2019 10:33:01;31.6;0.1;289.9;19.469535563768275;286.01;Module 1,1_10;21.81;3,16;18,40;0,05;0,93;2,23
23,10.2019 10:35:14;31.5;0.13;289.9;23.36092711363657;286.03;Module 1,1_10;26.13;4,09;22,06;0,06;1,33;2,76
23,10.2019 10:37:07;31.2;0.14;289.9;23.81947889493751;286.07;Module 1,1_10;26.61;4,37;22,48;0,06;1,39;2,98
23,10.2019 10:39:03;31.4;0.12;289.9;22.343221261266326;286.09;Module 1,1_10;24.93;3,77;21,10;0,06;1,22;2,55
23,10.2019 10:40:55;31.2;0.11;289.9;20.673303458351157;286.12;Module 1,1_10;23.04;3,43;19,53;0,05;1,04;2,39
23,10.2019 10:42:50;31.5;0.11;289.9;20.346957045310617;286.15;Module 1,1_10;22.65;3,46;19,23;0,05;1,01;2,45
23,10.2019 10:44:44;31.4;0.12;289.9;22.6720363086688;286.18;Module 1,1_10;25.21;3,77;21,41;0,06;1,26;2,51
23,10.2019 10:46:37;31.4;0.11;289.9;21.13905434834651;286.23;Module 1,1_10;23.48;3,45;19,97;0,05;1,09;2,36
23,10.2019 10:48:30;31.2;0.13;289.9;23.044966361804143;286.28;Module 1,1_10;25.57;4,06;21,77;0,06;1,30;2,76
23,10.2019 10:51:09;31;0.13;289.9;24.531252597861847;286.35;Module 1,1_10;27.18;4,03;23,15;0,06;1,47;2,56
23,10.2019 10:53:02;31.2;0.16;289.9;29.352890396972754;286.39;Module 1,1_10;32.49;4,99;27,34;0,08;2,10;2,89
23,10.2019 10:54:56;31.3;0.18;289.9;30.068847963118145;286.45;Module 1,1_10;33.25;5,63;27,86;0,08;2,20;3,43
23,10.2019 10:56:56;31.6;0.16;290.4;29.401954683792457;286.49;Module 1,1_10;32.48;5,06;27,36;0,08;2,11;2,95
23,10.2019 10:58:50;31.5;0.17;290.4;30.54371753874389;286.54;Module 1,1_10;33.71;5,36;28,16;0,08;2,27;3,08
23,10.2019 11:00:42;31.2;0.19;289.9;33.79939595750484;286.6;Module 1,1_10;37.27;5,93;29,99;0,09;2,76;3,17
23,10.2019 11:02:35;31.4;0.21;289.9;37.45972980723992;286.64;Module 1,1_10;41.27;6,59;31,27;0,11;3,34;3,25
23,10.2019 11:04:28;31.4;0.21;289.9;38.13679995668927;286.69;Module 1,1_10;41.98;6,59;31,45;0,11;3,45;3,14
23,10.2019 11:06:24;31.6;0.19;289.9;35.5963965287444;286.73;Module 1,1_10;39.15;6,00;30,70;0,10;3,04;2,96
23,10.2019 11:08:17;31.2;0.18;289.9;33.58710615122564;286.76;Module 1,1_10;36.91;5,62;29,90;0,09;2,73;2,89
23,10.2019 11:10:09;31.2;0.19;289.9;34.14184941045881;286.78;Module 1,1_10;37.49;5,93;30,14;0,09;2,82;3,11
23,10.2019 11:12:02;31.2;0.18;289.9;33.8585718068678;286.79;Module 1,1_10;37.15;5,62;30,02;0,09;2,77;2,84
23,10.2019 11:13:56;31.2;0.18;289.9;32.92686723719401;286.81;Module 1,1_10;36.1;5,62;29,59;0,09;2,63;2,99
23,10.2019 11:15:49;31.2;0.19;290.4;35.19680024103924;286.84;Module 1,1_10;38.56;5,93;30,49;0,10;2,98;2,95
23,10.2019 11:17:47;31.3;0.2;290.4;36.264871296134004;286.87;Module 1,1_10;39.7;6,26;30,85;0,10;3,15;3,11
23,10.2019 11:19:40;31.2;0.22;290.4;39.76428565485777;286.89;Module 1,1_10;43.5;6,86;31,75;0,12;3,72;3,15
23,10.2019 11:21:53;31.6;0.23;290.4;41.80942617923433;286.93;Module 1,1_10;45.7;7,27;32,14;0,13;4,06;3,21
23,10.2019 11:23:56;31.7;0.22;290.4;39.46892404396124;286.97;Module 1,1_10;43.11;6,97;31,69;0,12;3,67;3,31
23,10.2019 11:25:49;31.6;0.22;290.4;40.456926946827764;287.01;Module 1,1_10;44.16;6,95;31,89;0,12;3,83;3,12
23,10.2019 11:27:42;32.7;0.23;290.4;40.712229428588856;287.05;Module 1,1_10;44.41;7,52;31,94;0,12;3,87;3,65
23,10.2019 11:29:35;31.6;0.25;290.4;45.45293640460056;287.1;Module 1,1_10;49.55;7,90;32,70;0,14;4,67;3,23
23,10.2019 11:31:28;31.9;0.24;290.4;42.66312152408137;287.16;Module 1,1_10;46.48;7,66;32,29;0,13;4,20;3,46
23,10.2019 11:33:20;31.8;0.23;290.4;42.23865150352834;287.17;Module 1,1_10;45.99;7,31;32,22;0,13;4,13;3,19
23,10.2019 11:35:14;31.8;0.25;291.9;44.13857328320456;287.21;Module 1,1_10;48.03;7,95;32,27;0,14;4,43;3,52
23,10.2019 11:37:36;31.9;0.23;291.9;41.9174542594182;287.25;Module 1,1_10;45.58;7,34;31,92;0,13;4,06;3,27
23,10.2019 11:39:31;31.8;0.24;291.9;42.4383694380578;287.25;Module 1,1_10;46.12;7,63;32,01;0,13;4,15;3,48
23,10.2019 11:41:24;31.6;0.25;291.9;44.947588633609186;287.23;Module 1,1_10;48.82;7,90;32,38;0,14;4,57;3,33
23,10.2019 11:43:18;31.9;0.26;291.9;46.23405854520872;287.23;Module 1,1_10;50.19;8,29;32,55;0,15;4,78;3,51
23,10.2019 11:45:12;32.2;0.26;291.9;46.53517449257571;287.24;Module 1,1_10;50.49;8,37;32,59;0,15;4,84;3,54
23,10.2019 11:47:06;32.1;0.27;291.9;49.288989079075364;287.28;Module 1,1_10;53.45;8,67;32,89;0,16;5,30;3,37
23,10.2019 11:48:59;31.7;0.28;291.9;51.78652076846595;287.32;Module 1,1_10;56.13;8,88;33,13;0,17;5,73;3,15
23,10.2019 11:50:50;32.3;0.34;291.9;59.58391637781676;287.39;Module 1,1_10;64.55;10,98;33,72;0,21;7,07;3,91
23,10.2019 11:53:23;32.5;0.29;291.9;53.849938583184674;287.43;Module 1,1_10;58.3;9,42;33,30;0,18;6,08;3,34
23,10.2019 11:55:15;32;0.25;291.9;47.822215952456894;287.47;Module 1,1_10;51.75;8,00;32,73;0,15;5,05;2,95
23,10.2019 11:57:25;31.9;0.26;291.9;47.172596250404666;287.51;Module 1,1_10;51.02;8,29;32,66;0,15;4,94;3,35
23,10.2019 11:59:19;31.6;0.25;291.9;45.51049359279956;287.53;Module 1,1_10;49.2;7,90;32,45;0,14;4,66;3,24
23,10.2019 12:01:16;32.3;0.23;291.9;41.838771652399984;287.54;Module 1,1_10;45.21;7,43;31,91;0,13;4,05;3,38
23,10.2019 12:03:08;31.5;0.24;291.9;43.83791548577754;287.53;Module 1,1_10;47.35;7,56;32,23;0,14;4,38;3,18
23,10.2019 12:05:01;31.7;0.24;291.9;44.338049589245344;287.52;Module 1,1_10;47.87;7,61;32,30;0,14;4,47;3,14
23,10.2019 12:06:57;31.9;0.26;291.9;49.3605476194754;287.5;Module 1,1_10;53.27;8,29;32,90;0,16;5,31;2,98
23,10.2019 12:08:57;31.9;0.3;291.9;56.10253486166744;287.52;Module 1,1_10;60.52;9,57;33,48;0,19;6,47;3,10
23,10.2019 12:10:51;32.1;0.3;291.9;54.038304186356264;287.53;Module 1,1_10;58.27;9,63;33,32;0,18;6,11;3,52
23,10.2019 12:12:45;31.6;0.3;291.9;55.181957999888525;287.57;Module 1,1_10;59.48;9,48;33,41;0,19;6,31;3,17
23,10.2019 12:14:38;32;0.33;291.9;59.60200321538321;287.6;Module 1,1_10;64.22;10,56;33,72;0,21;7,08;3,48
23,10.2019 12:16:31;32.8;0.33;291.9;59.17844488896187;287.65;Module 1,1_10;63.74;10,82;33,69;0,21;7,00;3,82
23,10.2019 12:18:25;32.2;0.33;291.9;60.49109831276056;287.71;Module 1,1_10;65.13;10,63;33,77;0,21;7,23;3,39
23,10.2019 12:20:18;32.3;0.34;291.9;60.596191877342136;287.76;Module 1,1_10;65.22;10,98;33,78;0,21;7,25;3,73
23,10.2019 12:22:11;32.4;0.33;291.9;58.98145255528435;287.79;Module 1,1_10;63.46;10,69;33,68;0,21;6,97;3,72
23,10.2019 12:24:13;32.1;0.33;294;61.1973369777746;287.81;Module 1,1_10;65.82;10,59;33,45;0,22;7,31;3,28
23,10.2019 12:26:08;32.4;0.34;294;62.59453822735685;287.85;Module 1,1_10;67.3;11,02;33,53;0,23;7,55;3,46
23,10.2019 12:28:01;32.7;0.35;294;62.22410750776558;287.87;Module 1,1_10;66.88;11,45;33,51;0,22;7,49;3,96
23,10.2019 12:29:55;32.1;0.32;292.4;57.59063916618665;287.91;Module 1,1_10;61.88;10,27;33,50;0,20;6,72;3,55
23,10.2019 12:31:48;32.2;0.33;292.4;60.559716159891664;287.92;Module 1,1_10;65.05;10,63;33,69;0,21;7,23;3,39
23,10.2019 12:33:43;32.4;0.31;292.4;56.760279301971295;287.94;Module 1,1_10;60.95;10,04;33,44;0,20;6,57;3,47
23,10.2019 12:35:35;32.1;0.34;292.4;59.13377585893506;287.93;Module 1,1_10;63.48;10,91;33,60;0,21;6,99;3,93
23,10.2019 12:37:31;32.3;0.35;292.4;65.01250353162257;287.96;Module 1,1_10;69.77;11,30;33,95;0,24;8,01;3,29
23,10.2019 12:39:41;32.6;0.36;292.4;66.2734125833632;287.99;Module 1,1_10;71.1;11,74;34,01;0,24;8,23;3,50
23,10.2019 12:41:34;32.3;0.38;292.4;69.90934538306615;288.04;Module 1,1_10;74.98;12,27;34,18;0,26;8,87;3,40
23,10.2019 12:43:26;33;0.37;292.4;67.72707938587716;288.1;Module 1,1_10;72.62;12,21;34,08;0,25;8,49;3,72
23,10.2019 12:45:19;32.7;0.41;292.4;75.26388808635294;288.16;Module 1,1_10;80.68;13,41;34,41;0,29;9,82;3,59
23,10.2019 12:47:32;32.5;0.44;294;78.73001886096422;288.25;Module 1,1_10;84.37;14,30;34,25;0,30;10,38;3,92
23,10.2019 12:49:24;32.6;0.38;294;72.1132338628788;288.29;Module 1,1_10;77.26;12,39;33,99;0,27;9,21;3,18
23,10.2019 12:51:20;32.9;0.4;294;72.57015965411055;288.34;Module 1,1_10;77.73;13,16;34,01;0,27;9,29;3,87
23,10.2019 12:53:15;32.7;0.43;294;75.98699642599242;288.37;Module 1,1_10;81.37;14,06;34,15;0,29;9,89;4,17
23,10.2019 12:55:20;32.6;0.42;294;77.66922861114709;288.46;Module 1,1_10;83.15;13,69;34,21;0,30;10,19;3,50
23,10.2019 12:57:12;32.4;0.42;294;77.67733724099523;288.47;Module 1,1_10;83.14;13,61;34,21;0,30;10,19;3,42
23,10.2019 12:59:05;33;0.45;294;81.413828436822;288.48;Module 1,1_10;87.12;14,85;34,34;0,32;10,85;4,00
23,10.2019 13:01:05;33;0.42;294;76.57192238488427;288.53;Module 1,1_10;81.92;13,86;34,17;0,29;9,99;3,87
23,10.2019 13:02:58;32.4;0.43;294;78.24276857848702;288.56;Module 1,1_10;83.69;13,93;34,23;0,30;10,29;3,64
23,10.2019 13:04:52;32.3;0.4;294;73.34023500832248;288.56;Module 1,1_10;78.43;12,92;34,05;0,28;9,43;3,49
23,10.2019 13:06:46;32.5;0.4;294;71.25988419337995;288.6;Module 1,1_10;76.19;13,00;33,95;0,27;9,06;3,94
23,10.2019 13:08:47;32.7;0.39;294;71.84526976313217;288.65;Module 1,1_10;76.8;12,75;33,98;0,27;9,16;3,59
23,10.2019 13:10:48;32.6;0.39;294;72.2901048514505;288.7;Module 1,1_10;77.26;12,71;34,00;0,27;9,24;3,47
23,10.2019 13:12:41;32.7;0.46;294.5;85.11496588921653;288.73;Module 1,1_10;90.95;15,04;34,38;0,33;11,48;3,56
23,10.2019 13:14:33;32.9;0.45;294.5;82.56523167715584;288.76;Module 1,1_10;88.21;14,80;34,29;0,32;11,03;3,77
23,10.2019 13:16:27;32.9;0.43;294.5;79.35911781546712;288.78;Module 1,1_10;84.77;14,15;34,18;0,31;10,47;3,68
23,10.2019 13:18:26;33.1;0.49;294.5;92.76261419954163;288.82;Module 1,1_10;99.07;16,22;34,59;0,37;12,84;3,38
23,10.2019 13:20:18;33;0.48;294.5;89.02215296836225;288.87;Module 1,1_10;95.06;15,84;34,49;0,35;12,18;3,66
23,10.2019 13:22:11;33;0.44;294.5;81.4025398922482;288.94;Module 1,1_10;86.91;14,52;34,25;0,32;10,83;3,69
23,10.2019 13:24:04;32.8;0.42;294.5;77.00267060695055;289;Module 1,1_10;82.2;13,78;34,09;0,29;10,05;3,72
23,10.2019 13:26:13;32.6;0.38;294.5;72.85555639436805;288.96;Module 1,1_10;77.76;12,39;33,94;0,27;9,32;3,06
23,10.2019 13:28:06;32.6;0.4;294.5;73.6810651410331;288.94;Module 1,1_10;78.63;13,04;33,97;0,28;9,47;3,57
23,10.2019 13:29:59;32.5;0.4;294.5;72.6039510095513;288.95;Module 1,1_10;77.47;13,00;33,92;0,27;9,28;3,72
23,10.2019 13:31:56;32.7;0.42;294.5;76.0256352914225;288.94;Module 1,1_10;81.11;13,73;34,06;0,29;9,88;3,85
23,10.2019 13:34:18;33.1;0.51;294.5;94.97439170711326;288.95;Module 1,1_10;101.31;16,88;34,65;0,38;13,24;3,64
23,10.2019 13:36:13;33.2;0.51;294.5;94.02030231557364;288.98;Module 1,1_10;100.28;16,93;34,63;0,38;13,07;3,86
23,10.2019 13:38:06;33.1;0.55;294.5;103.41738704078438;289.04;Module 1,1_10;110.29;18,21;34,85;0,42;14,75;3,46
23,10.2019 13:39:58;33.1;0.47;294.5;84.86988954646839;289.05;Module 1,1_10;90.5;15,56;34,37;0,33;11,44;4,12
23,10.2019 13:41:55;33;0.44;294.5;80.65868200932627;289.07;Module 1,1_10;86;14,52;34,23;0,31;10,70;3,82
23,10.2019 13:43:50;32.7;0.47;294.5;87.0452973644911;289.07;Module 1,1_10;92.8;15,37;34,43;0,34;11,83;3,54
23,10.2019 13:45:43;33;0.48;294.5;88.3857549591429;289.06;Module 1,1_10;94.22;15,84;34,47;0,35;12,07;3,77
23,10.2019 13:47:43;33;0.48;294.5;88.10351338296964;289.12;Module 1,1_10;93.91;15,84;34,46;0,35;12,02;3,82
23,10.2019 13:49:45;33;0.49;294.5;91.62082777657768;289.17;Module 1,1_10;97.65;16,17;34,56;0,37;12,64;3,53
23,10.2019 13:51:39;33.1;0.47;294.5;87.98764007526759;289.23;Module 1,1_10;93.77;15,56;34,46;0,35;11,99;3,56
23,10.2019 13:53:33;33;0.47;294.5;87.44081550664387;289.26;Module 1,1_10;93.18;15,51;34,45;0,35;11,90;3,61
23,10.2019 13:55:26;32.9;0.51;294.5;93.81000594136373;289.26;Module 1,1_10;99.96;16,78;34,62;0,38;13,03;3,75
23,10.2019 13:57:24;33.1;0.54;294.5;101.1654121928649;289.28;Module 1,1_10;107.79;17,87;34,80;0,41;14,35;3,53
23,10.2019 13:59:17;33.3;0.57;294.5;108.6336509658032;289.29;Module 1,1_10;115.74;18,98;34,96;0,45;15,69;3,30
23,10.2019 14:01:09;33.5;0.61;295.5;114.14983174136819;289.29;Module 1,1_10;121.61;20,43;34,89;0,48;16,61;3,82
23,10.2019 14:03:04;33.5;0.63;295.5;118.93407770137958;289.31;Module 1,1_10;126.7;21,11;34,98;0,50;17,47;3,64
23,10.2019 14:05:35;33.4;0.61;296;115.51523778843044;289.35;Module 1,1_10;123.05;20,37;34,82;0,48;16,82;3,55
23,10.2019 14:07:32;33.5;0.64;296;121.27523718803803;289.42;Module 1,1_10;129.18;21,44;34,92;0,51;17,85;3,59
23,10.2019 14:09:32;33.6;0.67;296;128.34961615847305;289.59;Module 1,1_10;136.71;22,51;35,04;0,55;19,12;3,39
23,10.2019 14:11:25;33.8;0.72;296;135.21704265340819;289.71;Module 1,1_10;144.02;24,34;35,14;0,58;20,36;3,97
23,10.2019 14:13:24;33.7;0.75;296;140.67609700545847;289.85;Module 1,1_10;149.83;25,28;35,21;0,61;21,35;3,93
23,10.2019 14:15:17;33.8;0.72;296;137.51520681497271;289.83;Module 1,1_10;146.46;24,34;35,17;0,59;20,78;3,56
23,10.2019 14:17:11;33.6;0.69;296;132.0719216106037;289.83;Module 1,1_10;140.66;23,18;35,09;0,56;19,80;3,39
23,10.2019 14:19:04;33.5;0.68;296;128.54328348120694;289.87;Module 1,1_10;136.9;22,78;35,04;0,55;19,16;3,62
23,10.2019 14:23:14;33.7;0.72;296.5;139.22117841406774;289.96;Module 1,1_10;148.27;24,26;35,10;0,60;21,04;3,22
23,10.2019 14:25:08;33.8;0.71;296.5;132.77026633164093;290.05;Module 1,1_10;141.4;24,00;35,02;0,57;19,88;4,12
23,10.2019 14:27:08;33.5;0.69;296.5;131.23886034314762;290.16;Module 1,1_10;139.77;23,11;34,99;0,56;19,60;3,51
23,10.2019 14:29:02;33.4;0.72;298;135.68798828323423;290.21;Module 1,1_10;144.51;24,05;34,79;0,58;20,27;3,78
23,10.2019 14:30:55;33.8;0.73;298;140.27718254903704;290.25;Module 1,1_10;149.4;24,67;34,85;0,61;21,09;3,58
23,10.2019 14:32:49;33.6;0.76;298;146.959270765424;290.27;Module 1,1_10;156.52;25,54;34,94;0,64;22,29;3,25
23,10.2019 14:34:41;33.7;0.74;298;142.0262770854963;290.25;Module 1,1_10;151.27;24,94;34,88;0,61;21,41;3,53
23,10.2019 14:36:41;33.5;0.74;298;143.5237413312683;290.21;Module 1,1_10;152.87;24,79;34,89;0,62;21,67;3,12
23,10.2019 14:38:35;33.7;0.78;298;150.85070084964246;290.26;Module 1,1_10;160.68;26,29;34,98;0,66;22,99;3,30
23,10.2019 14:40:27;33.6;0.76;298;146.3758612501978;290.35;Module 1,1_10;155.92;25,54;34,93;0,64;22,18;3,35
23,10.2019 14:42:20;33.8;0.73;298;137.7513652001801;290.35;Module 1,1_10;146.74;24,67;34,81;0,59;20,64;4,03
23,10.2019 14:44:15;33.6;0.75;298;141.72416940246316;290.35;Module 1,1_10;150.98;25,20;34,87;0,61;21,35;3,85
23,10.2019 14:46:08;33.7;0.72;298;133.92535923605814;290.37;Module 1,1_10;142.68;24,26;34,77;0,57;19,96;4,31
23,10.2019 14:48:01;33.4;0.67;298;125.60116895111754;290.43;Module 1,1_10;133.82;22,38;34,63;0,53;18,47;3,90
23,10.2019 14:49:55;33.5;0.74;298;137.50240146148056;290.51;Module 1,1_10;146.51;24,79;34,81;0,59;20,60;4,19
23,10.2019 14:52:16;33.6;0.7;298;134.2052401510387;290.57;Module 1,1_10;143.01;23,52;34,77;0,58;20,01;3,51
23,10.2019 14:54:10;33.6;0.73;298;137.22532155921766;290.51;Module 1,1_10;146.24;24,53;34,80;0,59;20,55;3,98
23,10.2019 14:56:04;33.6;0.76;298;145.81748901795518;290.5;Module 1,1_10;155.41;25,54;34,92;0,63;22,08;3,45
23,10.2019 14:57:58;33.7;0.84;298;161.5281597091698;290.51;Module 1,1_10;172.17;28,31;35,10;0,71;24,90;3,40
23,10.2019 14:59:54;34.2;0.89;298;172.66608082748462;290.57;Module 1,1_10;184.06;30,44;35,21;0,76;26,91;3,53
23,10.2019 15:01:47;34.2;0.87;298;168.78380599692596;290.68;Module 1,1_10;179.94;29,75;35,17;0,75;26,21;3,54
23,10.2019 15:03:45;34.1;0.8;298;155.2308672624899;290.67;Module 1,1_10;165.51;27,28;35,03;0,68;23,77;3,51
23,10.2019 15:05:38;34.2;0.79;298;152.2684391166594;290.72;Module 1,1_10;162.37;27,02;35,00;0,66;23,24;3,78
23,10.2019 15:08:02;33.9;0.77;298.5;154.10142985360318;290.64;Module 1,1_10;164.35;26,10;34,93;0,67;23,52;2,58
23,10.2019 15:09:56;34.2;0.83;298.5;163.14731540078117;290.62;Module 1,1_10;174.02;28,39;35,03;0,72;25,14;3,25
23,10.2019 15:11:50;34.2;0.85;298.5;164.66250814184315;290.63;Module 1,1_10;175.66;29,07;35,05;0,73;25,41;3,66
23,10.2019 15:13:44;34.2;0.82;298.5;159.54979764728915;290.67;Module 1,1_10;170.23;28,04;34,99;0,70;24,49;3,55
23,10.2019 15:15:37;34.1;0.76;298.5;149.29294014498979;290.62;Module 1,1_10;159.31;25,92;34,88;0,65;22,66;3,26
23,10.2019 15:17:29;33.9;0.72;298.5;138.96343356400436;290.53;Module 1,1_10;148.31;24,41;34,74;0,60;20,81;3,60
23,10.2019 15:19:23;34;0.78;298.5;150.876164721828;290.55;Module 1,1_10;161.05;26,52;34,89;0,66;22,94;3,58
23,10.2019 15:21:16;34.2;0.81;298.5;158.8876243057559;290.57;Module 1,1_10;169.63;27,70;34,98;0,70;24,38;3,33
23,10.2019 15:23:23;34.1;0.82;298.5;160.7482328246228;290.68;Module 1,1_10;171.65;27,96;35,00;0,71;24,71;3,25
23,10.2019 15:25:16;34.1;0.78;298.5;151.68358172004034;290.75;Module 1,1_10;162;26,60;34,90;0,66;23,09;3,51
23,10.2019 15:27:09;34.1;0.83;298.5;163.3473877181884;290.85;Module 1,1_10;174.49;28,30;35,03;0,72;25,18;3,13
23,10.2019 15:29:01;34.2;0.85;298.5;167.5181557743996;290.89;Module 1,1_10;178.98;29,07;35,07;0,74;25,92;3,15
23,10.2019 15:30:54;34.1;0.8;298.5;157.1345215758375;290.94;Module 1,1_10;167.92;27,28;34,96;0,69;24,06;3,22
23,10.2019 15:32:47;34;0.79;300;157.55051322513123;290.92;Module 1,1_10;168.4;26,86;34,70;0,69;23,98;2,88
23,10.2019 15:34:40;34;0.85;300;172.04242078657305;290.93;Module 1,1_10;183.93;28,90;34,84;0,76;26,56;2,34
23,10.2019 15:36:33;34.2;0.92;300;183.3189543617772;291.01;Module 1,1_10;196.03;31,46;34,95;0,82;28,57;2,89
23,10.2019 15:39:26;34.2;0.96;300;190.67517884558475;291.17;Module 1,1_10;203.97;32,83;35,01;0,85;29,89;2,95
23,10.2019 15:41:18;34.3;1.02;300;205.18955581964423;291.27;Module 1,1_10;219.55;34,99;35,12;0,93;32,49;2,50
23,10.2019 15:43:11;34.2;0.92;298.5;177.07866106274298;291.39;Module 1,1_10;189.52;31,46;35,16;0,79;27,64;3,82
23,10.2019 15:45:11;34.1;0.86;298.5;168.6596408019616;291.4;Module 1,1_10;180.56;29,33;35,09;0,74;26,13;3,20
23,10.2019 15:47:09;34.1;0.83;300;158.068706429931;291.5;Module 1,1_10;169.27;28,30;34,70;0,69;24,07;4,24
23,10.2019 15:49:03;33.3;0.82;300;152.29167946445753;291.62;Module 1,1_10;163.13;27,31;34,64;0,67;23,04;4,27
23,10.2019 15:50:57;33.3;0.77;300;143.4087134690433;291.67;Module 1,1_10;153.66;25,64;34,53;0,62;21,46;4,18
23,10.2019 15:53:10;33.2;0.77;298.5;146.26863346321886;291.52;Module 1,1_10;156.78;25,56;34,84;0,63;22,12;3,45
23,10.2019 15:55:09;33.3;0.78;298.5;150.41743771207848;291.35;Module 1,1_10;161.28;25,97;34,89;0,66;22,86;3,12
23,10.2019 15:57:11;33.5;0.77;298.5;151.64227689900017;291.29;Module 1,1_10;162.65;25,80;34,90;0,66;23,08;2,72
23,10.2019 15:59:15;33.5;0.76;298.5;147.71897188106954;291.26;Module 1,1_10;158.5;25,46;34,85;0,64;22,38;3,08
23,10.2019 16:01:08;33.5;0.84;300;160.04044095974893;291.17;Module 1,1_10;171.78;28,14;34,73;0,70;24,42;3,72
23,10.2019 16:02:54;33.6;0.85;300;165.57517057843694;291.16;Module 1,1_10;177.78;28,56;34,78;0,73;25,40;3,16
23,10.2019 16:04:47;33.5;0.82;300;160.04022229880218;291.14;Module 1,1_10;171.9;27,47;34,73;0,70;24,42;3,05
23,10.2019 16:06:49;33.8;0.83;300;160.21688763527823;291.16;Module 1,1_10;172.16;28,05;34,73;0,70;24,45;3,60
23,10.2019 16:08:41;33.6;0.82;300;160.37822455431484;291.16;Module 1,1_10;172.4;27,55;34,73;0,70;24,48;3,07
23,10.2019 16:10:37;33.7;0.8;300;154.44446283169523;291.18;Module 1,1_10;166.09;26,96;34,66;0,68;23,42;3,54
23,10.2019 16:12:30;33.7;0.89;300;169.42902413050425;291.26;Module 1,1_10;182.28;29,99;34,82;0,75;26,09;3,90
23,10.2019 16:14:24;34;0.94;300;184.52816389118848;291.39;Module 1,1_10;198.61;31,96;34,96;0,82;28,79;3,17
23,10.2019 16:16:17;34.5;1;300;202.18486286545698;291.51;Module 1,1_10;217.71;34,50;35,09;0,91;31,95;2,55
23,10.2019 16:18:11;38.9;0.88;300;265.47413498674484;291.91;Module 1,1_10;285.99;34,23;35,45;1,22;43,31;-9,08
23,10.2019 16:20:05;33.7;0.71;300;137.44808621086779;292.15;Module 1,1_10;148.14;23,93;34,45;0,59;20,41;3,52
23,10.2019 16:22:01;33.1;0.66;300;125.41700946094574;292.11;Module 1,1_10;135.24;21,85;34,27;0,53;18,28;3,56
23,10.2019 16:23:54;33.4;0.66;300;132.70500876074325;292.01;Module 1,1_10;143.17;22,04;34,38;0,57;19,57;2,48
23,10.2019 16:26:03;33.5;0.69;300;137.92601261331927;291.87;Module 1,1_10;148.89;23,11;34,46;0,59;20,49;2,62
23,10.2019 16:27:56;33.5;0.68;300;135.21414208053986;291.71;Module 1,1_10;146.04;22,78;34,42;0,58;20,01;2,77
23,10.2019 16:29:48;33.4;0.7;300;140.34148493515525;291.6;Module 1,1_10;151.66;23,38;34,49;0,61;20,92;2,46
23,10.2019 16:31:41;33.2;0.66;300;134.19545332912213;291.52;Module 1,1_10;145.1;21,91;34,41;0,58;19,83;2,08
23,10.2019 16:33:46;33.3;0.7;300;138.99845412310592;291.41;Module 1,1_10;150.39;23,31;34,47;0,60;20,68;2,63
23,10.2019 16:35:45;33.4;0.7;298.5;139.10448899996726;291.34;Module 1,1_10;150.6;23,38;34,74;0,60;20,84;2,54
23,10.2019 16:37:40;33.3;0.71;298.5;139.10902510891285;291.22;Module 1,1_10;150.7;23,64;34,74;0,60;20,84;2,80
23,10.2019 16:39:33;33.4;0.76;298.5;145.00706720742963;291.18;Module 1,1_10;157.19;25,38;34,82;0,63;21,89;3,49
23,10.2019 16:41:43;33.7;0.71;298.5;136.95094647864764;291.17;Module 1,1_10;148.57;23,93;34,71;0,59;20,45;3,47
23,10.2019 16:43:36;33.5;0.69;298.5;134.23205503256588;291.17;Module 1,1_10;145.72;23,11;34,68;0,58;19,97;3,15
23,10.2019 16:45:36;33.5;0.7;298.5;132.99930768756332;291.18;Module 1,1_10;144.49;23,45;34,66;0,57;19,75;3,70
23,10.2019 16:47:46;33.3;0.61;298.5;117.78608418385512;291.05;Module 1,1_10;128.07;20,31;34,41;0,50;17,05;3,26
23,10.2019 16:49:46;33.3;0.7;298.5;132.62464495543406;290.96;Module 1,1_10;144.32;23,31;34,66;0,57;19,68;3,63
23,10.2019 16:51:38;33.4;0.69;298;131.48434529290307;290.86;Module 1,1_10;143.19;23,05;34,73;0,56;19,52;3,52
23,10.2019 16:53:31;33.3;0.61;298;113.92728360177603;290.8;Module 1,1_10;124.17;20,31;34,44;0,48;16,40;3,91
23,10.2019 16:55:23;33.1;0.53;298;101.69546947202892;290.82;Module 1,1_10;110.93;17,54;34,18;0,42;14,24;3,30
23,10.2019 16:57:17;32.8;0.53;298;102.96288000886659;290.78;Module 1,1_10;112.41;17,38;34,21;0,42;14,46;2,92
23,10.2019 16:59:11;32.9;0.58;298;110.20084044767657;290.78;Module 1,1_10;120.42;19,08;34,36;0,46;15,74;3,34
23,10.2019 17:01:09;32.9;0.59;298;111.54876569392954;290.76;Module 1,1_10;122.01;19,41;34,39;0,46;15,98;3,43
23,10.2019 17:03:01;32.8;0.6;298;111.16966410296986;290.71;Module 1,1_10;121.71;19,68;34,38;0,46;15,91;3,77
23,10.2019 17:05:02;33.2;0.59;298;108.63460597759331;290.69;Module 1,1_10;119.06;19,59;34,33;0,45;15,46;4,12
23,10.2019 17:06:57;32.9;0.54;298;101.2847179010417;290.67;Module 1,1_10;111.12;17,77;34,17;0,41;14,17;3,60
23,10.2019 17:08:50;32.7;0.58;298;106.3223796614865;290.64;Module 1,1_10;116.77;18,97;34,28;0,44;15,05;3,91
23,10.2019 17:10:49;33.1;0.58;298;106.00905375828141;290.67;Module 1,1_10;116.56;19,20;34,27;0,44;15,00;4,20
23,10.2019 17:12:43;32.9;0.6;298;110.95703746743284;290.69;Module 1,1_10;122.14;19,74;34,38;0,46;15,87;3,87
23,10.2019 17:14:37;33.4;0.67;298;123.34733558599125;290.68;Module 1,1_10;135.94;22,38;34,60;0,52;18,07;4,31
23,10.2019 17:16:29;33.5;0.68;298;123.67900415003648;290.64;Module 1,1_10;136.47;22,78;34,60;0,52;18,13;4,65
23,10.2019 17:18:22;33.7;0.62;298;113.1050824648507;290.62;Module 1,1_10;124.96;20,89;34,42;0,47;16,25;4,64
23,10.2019 17:20:23;33.3;0.6;298;109.2226722184453;290.56;Module 1,1_10;120.84;19,98;34,34;0,45;15,57;4,41
23,10.2019 17:22:16;33.1;0.57;298;105.37336624119641;290.59;Module 1,1_10;116.74;18,87;34,27;0,43;14,89;3,98
23,10.2019 17:24:08;33.1;0.51;298;93.58026706215017;290.59;Module 1,1_10;103.82;16,88;33,98;0,38;12,81;4,07
23,10.2019 17:26:01;32.7;0.43;298;80.32940587062086;290.54;Module 1,1_10;89.25;14,06;33,59;0,31;10,50;3,56
23,10.2019 17:27:55;32.3;0.4;298;71.7495217167501;290.51;Module 1,1_10;79.84;12,92;33,27;0,27;9,02;3,90
23,10.2019 17:29:48;31.7;0.38;296.5;69.37482663054519;290.4;Module 1,1_10;77.32;12,05;33,43;0,26;8,66;3,39
23,10.2019 17:31:44;32.4;0.41;296.5;74.81091387034502;290.32;Module 1,1_10;83.52;13,28;33,66;0,29;9,60;3,68
23,10.2019 17:33:37;32.4;0.42;296.5;78.07143158111853;290.25;Module 1,1_10;87.31;13,61;33,78;0,30;10,17;3,44
23,10.2019 17:35:31;32.1;0.39;296.5;70.97740511007343;290.25;Module 1,1_10;79.52;12,52;33,50;0,27;8,93;3,58
23,10.2019 17:37:30;32.2;0.33;296.5;62.50872686173233;290.17;Module 1,1_10;70.17;10,63;33,08;0,23;7,48;3,15
23,10.2019 17:39:23;32;0.33;296;62.67139014628325;290.09;Module 1,1_10;70.49;10,56;33,18;0,23;7,52;3,04
23,10.2019 17:41:16;31.6;0.34;296;62.295446514710065;290.01;Module 1,1_10;70.21;10,74;33,16;0,22;7,45;3,29
23,10.2019 17:43:09;31.6;0.31;296;56.00961391267001;289.95;Module 1,1_10;63.26;9,80;32,76;0,19;6,38;3,41
23,10.2019 17:45:02;31.6;0.28;296;52.7932099397637;289.9;Module 1,1_10;59.76;8,85;32,51;0,18;5,84;3,01
23,10.2019 17:46:56;31.8;0.28;296;50.28974890547855;289.84;Module 1,1_10;57.06;8,90;32,29;0,17;5,42;3,49
23,10.2019 17:48:55;31.2;0.26;296;46.77616077780657;289.82;Module 1,1_10;53.21;8,11;31,93;0,15;4,83;3,28
23,10.2019 17:50:47;31.2;0.2;296;34.44294640720472;289.77;Module 1,1_10;39.28;6,24;29,55;0,10;2,86;3,38
23,10.2019 17:53:21;31.2;0.2;294.5;35.79235452471734;289.53;Module 1,1_10;40.97;6,24;30,17;0,10;3,07;3,17
23,10.2019 17:55:14;31;0.18;294.5;32.614616735890095;289.39;Module 1,1_10;37.44;5,58;29,00;0,09;2,58;3,00
23,10.2019 17:57:11;31.2;0.18;294.5;33.54601228454969;289.3;Module 1,1_10;38.63;5,62;29,40;0,09;2,72;2,89
23,10.2019 17:59:03;30.9;0.24;294;42.18329244222448;289.21;Module 1,1_10;48.73;7,42;31,63;0,13;4,10;3,32
23,10.2019 18:00:56;31.3;0.25;294;44.55239128315655;289.14;Module 1,1_10;51.64;7,83;31,98;0,14;4,49;3,34
23,10.2019 18:02:55;31.1;0.2;294;35.89389083322107;289.11;Module 1,1_10;41.76;6,22;30,27;0,10;3,09;3,13
23,10.2019 18:04:47;30.9;0.14;294;26.14377568723171;289.07;Module 1,1_10;30.53;4,33;24,61;0,07;1,67;2,65
23,10.2019 18:07:09;31.1;0.15;294;27.401168668551712;288.95;Module 1,1_10;32.16;4,67;25,68;0,07;1,84;2,83
23,10.2019 18:09:02;31.2;0.12;294;22.108870256370768;288.86;Module 1,1_10;26.06;3,74;20,91;0,06;1,20;2,55
23,10.2019 18:10:55;30.9;0.1;294;19.63531653939117;288.77;Module 1,1_10;23.25;3,09;18,59;0,05;0,95;2,14
23,10.2019 18:12:48;31;0.11;294;21.624711354594776;288.66;Module 1,1_10;25.73;3,41;20,46;0,06;1,15;2,26
23,10.2019 18:15:01;30.8;0.11;294;21.743424981132122;288.56;Module 1,1_10;26.03;3,39;20,57;0,06;1,16;2,23
23,10.2019 18:16:55;31.3;0.13;294;23.207670608359454;288.49;Module 1,1_10;27.94;4,07;21,94;0,06;1,32;2,75
23,10.2019 18:18:48;31.2;0.18;292.4;30.681753335066954;288.43;Module 1,1_10;37.16;5,62;28,14;0,08;2,29;3,32
23,10.2019 18:20:42;31.9;0.21;292.4;35.74981649246169;288.42;Module 1,1_10;43.58;6,70;30,43;0,10;3,07;3,63
23,10.2019 18:23:01;31.3;0.18;292.4;30.89753047849034;288.43;Module 1,1_10;37.99;5,63;28,27;0,08;2,33;3,31
23,10.2019 18:24:54;31.1;0.19;292.4;31.373607060773455;288.42;Module 1,1_10;38.87;5,91;28,55;0,08;2,40;3,51
23,10.2019 18:26:47;31;0.19;292.4;30.123452934708954;288.4;Module 1,1_10;37.63;5,89;27,78;0,08;2,21;3,68
23,10.2019 18:28:48;31;0.17;292.4;26.5447287083263;288.39;Module 1,1_10;33.48;5,27;24,98;0,07;1,72;3,55
23,10.2019 18:30:41;31.2;0.14;292.4;22.964165284234667;288.39;Module 1,1_10;29.25;4,37;21,70;0,06;1,29;3,08
23,10.2019 18:32:40;31.5;0.12;292.4;19.86374859486708;288.39;Module 1,1_10;25.59;3,78;18,79;0,05;0,97;2,81
23,10.2019 18:34:34;31.2;0.1;292.4;17.632607640968764;288.36;Module 1,1_10;22.99;3,12;16,68;0,05;0,76;2,36
23,10.2019 18:36:49;30.5;0.09;292.4;13.70874434796367;288.35;Module 1,1_10;18.16;2,75;12,97;0,04;0,46;2,28
23,10.2019 18:38:47;29.8;0;292.4;10.08501221897323;288.35;Module 1,1_10;13.57;0,00;9,54;0,03;0,25;-0,25
23,10.2019 18:40:40;30.2;0;292.4;7.556648688831818;288.3;Module 1,1_10;10.34;0,00;7,15;0,02;0,14;-0,14
23,10.2019 18:42:33;31;0;291.9;6.224702181290399;288.22;Module 1,1_10;8.68;0,00;5,89;0,02;0,09;-0,09
23,10.2019 18:44:27;31.3;0;291.9;5.7053498266476455;288.17;Module 1,1_10;8.13;0,00;5,40;0,01;0,08;-0,08
23,10.2019 18:46:20;32.7;0;291.9;5.518780419848502;288.11;Module 1,1_10;8.06;0,00;5,22;0,01;0,07;-0,07
23,10.2019 18:48:13;33.6;0;292.4;5.1243790937873985;288.07;Module 1,1_10;7.7;0,00;4,84;0,01;0,06;-0,06
23,10.2019 18:50:09;33.5;0;292.4;4.771710912739681;288.04;Module 1,1_10;7.42;0,00;4,52;0,01;0,06;-0,06
23,10.2019 18:52:01;33.4;0;294;4.482593102313711;287.98;Module 1,1_10;7.25;0,00;4,24;0,01;0,05;-0,05
23,10.2019 18:53:54;33.4;0;294;4.037331278478311;287.91;Module 1,1_10;6.85;0,00;3,82;0,01;0,04;-0,04
23,10.2019 18:55:48;30.5;0;294;3.4817161695229406;287.85;Module 1,1_10;6.27;0,00;3,30;0,01;0,03;-0,03
23,10.2019 18:57:41;29.4;0;291.9;3.2924689654257504;287.79;Module 1,1_10;6.39;0,00;3,12;0,01;0,03;-0,03
23,10.2019 18:59:34;30.1;0;291.9;2.8726389585711125;287.68;Module 1,1_10;6.15;0,00;2,72;0,01;0,02;-0,02
23,10.2019 19:01:33;30.5;0;291.9;2.152379890185573;287.53;Module 1,1_10;5.32;0,00;2,04;0,01;0,01;-0,01
23,10.2019 19:03:26;31.2;0;291.9;1.4373082726280786;287.39;Module 1,1_10;4.36;0,00;1,36;0,00;0,01;-0,01
23,10.2019 19:05:23;31.4;0;291.9;0.7506589671084278;287.2;Module 1,1_10;3.28;0,00;0,71;0,00;0,00;-0,00
23,10.2019 19:07:16;31.8;0;291.9;0.5398422583484409;287.04;Module 1,1_10;2.81;0,00;0,51;0,00;0,00;-0,00
23,10.2019 19:09:00;31;0;291.9;0.37462363123824194;286.9;Module 1,1_10;1.95;0,00;0,35;0,00;0,00;-0,00
23,10.2019 19:10:53;29.3;0;291.9;0.14024371836098284;286.73;Module 1,1_10;0.73;0,00;0,13;0,00;0,00;-0,00
23,10.2019 19:12:49;25.8;0;289.9;0.0076845873074511154;286.57;Module 1,1_10;0.04;0,00;0,01;0,00;0,00;-0,00
23,10.2019 19:14:44;21;0;289.9;0.001;286.43;Module 1,1_10;-0.01;0,00;0,00;0,00;0,00;0,00
23,10.2019 19:16:37;21;0;289.9;0.0001;286.32;Module 1,1_10;-0.01;0,00;0,00;0,00;0,00;0,00
23,10.2019 19:18:35;21;0;289.9;0.0001;286.21;Module 1,1_10;-0.01;0,00;0,00;0,00;0,00;0,00
24,10.2019 09:34:29;24.7;0;283.9;10.514902349762224;283.64;Module 1,1_10;12.66;0,00;9,91;0,03;0,27;-0,27
24,10.2019 09:36:24;24.7;0.07;283.9;11.31419117817823;283.66;Module 1,1_10;13.57;1,73;10,66;0,03;0,31;1,42
24,10.2019 09:38:25;22.8;0.07;283.9;11.332946739591787;283.7;Module 1,1_10;13.54;1,60;10,69;0,03;0,31;1,28
24,10.2019 09:40:19;22.8;0.07;283.9;12.128453902431495;283.73;Module 1,1_10;14.44;1,60;11,44;0,03;0,36;1,24
24,10.2019 09:42:15;20.8;0.07;283.9;11.739926654340003;283.75;Module 1,1_10;13.93;1,46;11,07;0,03;0,34;1,12
24,10.2019 09:44:07;21;0.07;282.4;11.193586236849566;283.74;Module 1,1_10;13.24;1,47;10,55;0,03;0,30;1,17
24,10.2019 09:46:00;21.8;0.07;282.4;11.51610890319776;283.76;Module 1,1_10;13.58;1,53;10,85;0,03;0,32;1,20
24,10.2019 09:48:01;23.7;0.07;282.4;12.56457719366502;283.78;Module 1,1_10;14.77;1,66;11,84;0,03;0,38;1,28
24,10.2019 09:50:05;25.9;0.08;282.4;13.823559029471713;283.8;Module 1,1_10;16.2;2,07;13,02;0,04;0,46;1,61
24,10.2019 09:52:08;26.3;0.09;282.4;15.36178761129883;283.82;Module 1,1_10;17.95;2,37;14,48;0,04;0,57;1,79
24,10.2019 09:54:01;26.2;0.09;284.4;14.981167067845313;283.81;Module 1,1_10;17.46;2,36;14,13;0,04;0,55;1,81
24,10.2019 09:55:54;25.9;0.08;284.4;13.977780851899695;283.84;Module 1,1_10;16.25;2,07;13,18;0,04;0,48;1,60
24,10.2019 09:57:50;25.9;0.1;284.4;17.142469665986347;283.87;Module 1,1_10;19.88;2,59;16,16;0,04;0,71;1,88
24,10.2019 09:59:44;25.9;0.1;284.4;18.176590865263364;283.89;Module 1,1_10;21.03;2,59;17,14;0,05;0,80;1,79
24,10.2019 10:01:41;24.3;0.13;284.4;23.07881916037197;283.9;Module 1,1_10;26.64;3,16;21,76;0,06;1,30;1,86
24,10.2019 10:03:34;30.5;0.11;284.4;21.600710027416994;283.92;Module 1,1_10;24.88;3,35;20,37;0,06;1,13;2,22
24,10.2019 10:05:35;30.8;0.1;284.4;18.71664871441849;283.96;Module 1,1_10;21.51;3,08;17,65;0,05;0,85;2,23
24,10.2019 10:07:36;30.8;0.1;286.4;20.274332975802437;283.98;Module 1,1_10;23.25;3,08;19,13;0,05;1,00;2,08
24,10.2019 10:09:33;31.4;0.11;286.4;21.730693539164626;284;Module 1,1_10;24.87;3,45;20,50;0,06;1,15;2,30
24,10.2019 10:11:29;31.6;0.15;286.4;26.49140321478952;284.03;Module 1,1_10;30.26;4,74;24,94;0,07;1,71;3,03
24,10.2019 10:13:27;32.1;0.17;287.4;30.322177039447226;284.09;Module 1,1_10;34.57;5,46;28,15;0,08;2,24;3,22
24,10.2019 10:15:20;32.1;0.16;287.4;28.41619985279244;284.1;Module 1,1_10;32.34;5,14;26,63;0,07;1,97;3,17
24,10.2019 10:17:18;32.2;0.16;287.4;28.70454474031088;284.16;Module 1,1_10;32.61;5,15;26,88;0,07;2,01;3,14
24,10.2019 10:19:12;32.2;0.16;287.4;28.320433830278084;284.21;Module 1,1_10;32.12;5,15;26,55;0,07;1,95;3,20
24,10.2019 10:21:23;32.1;0.15;287.4;29.12386683539031;284.2;Module 1,1_10;32.97;4,82;27,22;0,08;2,07;2,75
24,10.2019 10:23:25;32;0.16;287.4;30.110487218450015;284.21;Module 1,1_10;34.03;5,12;27,99;0,08;2,21;2,91
24,10.2019 10:25:17;32;0.17;287.4;30.935130721567468;284.25;Module 1,1_10;34.91;5,44;28,59;0,08;2,33;3,11
24,10.2019 10:27:10;31.9;0.18;287.4;33.16337061633416;284.28;Module 1,1_10;37.37;5,74;29,92;0,09;2,66;3,08
24,10.2019 10:29:17;32.2;0.18;287.4;33.50057716071555;284.32;Module 1,1_10;37.69;5,80;30,09;0,09;2,72;3,08
24,10.2019 10:31:17;32.2;0.19;287.4;35.32079213910851;284.35;Module 1,1_10;39.68;6,12;30,89;0,10;3,00;3,11
24,10.2019 10:33:10;32.6;0.19;288.4;35.58181268539777;284.38;Module 1,1_10;39.92;6,19;30,87;0,10;3,04;3,15
24,10.2019 10:35:04;32.2;0.17;288.4;33.70058176856033;284.4;Module 1,1_10;37.76;5,47;30,09;0,09;2,75;2,73
24,10.2019 10:37:02;32.5;0.19;288.4;34.870983018847646;284.42;Module 1,1_10;39.02;6,17;30,60;0,10;2,93;3,24
24,10.2019 10:39:07;32.4;0.2;287.4;37.3791523990587;284.41;Module 1,1_10;41.77;6,48;31,58;0,11;3,34;3,14
24,10.2019 10:41:00;32.2;0.21;287.4;38.05082209333201;284.42;Module 1,1_10;42.47;6,76;31,77;0,11;3,45;3,32
24,10.2019 10:42:53;32.2;0.23;288.4;43.78182732249213;284.46;Module 1,1_10;48.81;7,41;32,78;0,13;4,40;3,01
24,10.2019 10:44:45;32.4;0.23;288.4;42.00792875489135;284.5;Module 1,1_10;46.78;7,45;32,48;0,13;4,10;3,35
24,10.2019 10:46:38;32.5;0.22;288.4;40.99337585007676;284.54;Module 1,1_10;45.6;7,15;32,30;0,12;3,93;3,22
24,10.2019 10:48:36;32.2;0.22;288.4;40.34628540890728;284.6;Module 1,1_10;44.83;7,08;32,16;0,12;3,82;3,26
24,10.2019 10:50:28;32.5;0.22;288.4;38.55019239856202;284.59;Module 1,1_10;42.79;7,15;31,76;0,11;3,52;3,63
24,10.2019 10:52:22;32.6;0.22;288.4;39.45557494347771;284.56;Module 1,1_10;43.75;7,17;31,98;0,11;3,67;3,50
24,10.2019 10:54:14;32.1;0.23;289.9;41.54361842604845;284.59;Module 1,1_10;46.02;7,38;32,17;0,12;4,01;3,37
24,10.2019 10:56:08;32.5;0.25;289.9;46.31915797628437;284.6;Module 1,1_10;51.26;8,13;32,89;0,15;4,82;3,31
24,10.2019 10:58:12;32.7;0.23;289.9;42.875594313510746;284.65;Module 1,1_10;47.4;7,52;32,40;0,13;4,24;3,29
24,10.2019 11:00:08;32.4;0.21;289.9;39.194882467154855;284.7;Module 1,1_10;43.29;6,80;31,70;0,11;3,63;3,18
24,10.2019 11:02:01;32.4;0.23;289.9;42.284013229508915;284.74;Module 1,1_10;46.66;7,45;32,30;0,13;4,14;3,32
24,10.2019 11:03:55;32.7;0.26;289.9;47.509528178915275;284.73;Module 1,1_10;52.38;8,50;33,03;0,15;5,02;3,48
24,10.2019 11:05:50;32.1;0.27;289.9;48.90351538087015;284.75;Module 1,1_10;53.87;8,67;33,19;0,16;5,26;3,41
24,10.2019 11:07:55;32;0.24;289.9;45.45036076297404;284.78;Module 1,1_10;50.02;7,68;32,77;0,14;4,67;3,01
24,10.2019 11:09:49;31.5;0.22;289.9;41.80463910286849;284.81;Module 1,1_10;45.97;6,93;32,22;0,13;4,06;2,87
24,10.2019 11:11:43;31.6;0.2;289.9;38.070262885148516;284.81;Module 1,1_10;41.83;6,32;31,43;0,11;3,44;2,88
24,10.2019 11:13:36;31.6;0.2;289.9;37.2072108070296;284.8;Module 1,1_10;40.85;6,32;31,20;0,11;3,30;3,02
24,10.2019 11:15:33;31.7;0.2;289.9;36.725964437271166;284.77;Module 1,1_10;40.29;6,34;31,05;0,10;3,23;3,11
24,10.2019 11:17:26;31.5;0.21;289.9;38.559362112886724;284.71;Module 1,1_10;42.27;6,61;31,55;0,11;3,52;3,09
24,10.2019 11:19:36;31.6;0.25;289.9;44.918350136529256;284.67;Module 1,1_10;49.2;7,90;32,70;0,14;4,58;3,32
24,10.2019 11:21:37;32.1;0.23;289.9;41.54429664727695;284.7;Module 1,1_10;45.47;7,38;32,17;0,12;4,01;3,37
24,10.2019 11:23:44;31.9;0.23;289.9;41.85987031777312;284.67;Module 1,1_10;45.78;7,34;32,23;0,13;4,07;3,27
24,10.2019 11:25:38;32;0.25;289.9;44.88940117009344;284.64;Module 1,1_10;49.06;8,00;32,70;0,14;4,57;3,43
24,10.2019 11:27:37;32.1;0.26;289.9;48.11595472670654;284.64;Module 1,1_10;52.55;8,35;33,10;0,15;5,12;3,22
24,10.2019 11:29:32;32.1;0.26;289.9;47.927476822893524;284.63;Module 1,1_10;52.31;8,35;33,08;0,15;5,09;3,26
24,10.2019 11:31:24;32.7;0.3;289.9;57.25353526765924;284.64;Module 1,1_10;62.45;9,81;33,91;0,20;6,70;3,11
24,10.2019 11:33:26;32.9;0.35;289.9;66.06176899939702;284.69;Module 1,1_10;72.01;11,51;34,44;0,24;8,26;3,26
24,10.2019 11:35:19;33.1;0.33;289.9;64.41235699282002;284.75;Module 1,1_10;70.17;10,92;34,35;0,23;7,97;2,96
24,10.2019 11:37:27;32.4;0.32;289.9;59.458156453835656;284.75;Module 1,1_10;64.73;10,37;34,06;0,21;7,09;3,28
24,10.2019 11:39:28;32.7;0.32;289.9;60.009281803723525;284.74;Module 1,1_10;65.29;10,46;34,09;0,21;7,19;3,28
24,10.2019 11:41:20;33;0.33;289.9;59.80344964004792;284.78;Module 1,1_10;65.03;10,89;34,08;0,21;7,15;3,74
24,10.2019 11:43:17;32.9;0.35;289.9;63.42592298895384;284.78;Module 1,1_10;68.93;11,51;34,30;0,23;7,79;3,72
24,10.2019 11:45:10;32.6;0.32;289.9;59.33540617856195;284.8;Module 1,1_10;64.45;10,43;34,05;0,21;7,07;3,36
24,10.2019 11:47:15;32.7;0.31;289.9;56.725993252489886;284.8;Module 1,1_10;61.58;10,14;33,88;0,20;6,61;3,52
24,10.2019 11:49:09;32.9;0.34;289.9;61.50178458016134;284.77;Module 1,1_10;66.73;11,19;34,19;0,22;7,45;3,74
24,10.2019 11:51:02;32.5;0.33;289.9;59.65148079854342;284.78;Module 1,1_10;64.69;10,72;34,07;0,21;7,13;3,60
24,10.2019 11:52:55;32.3;0.29;290.4;53.74863675965797;284.79;Module 1,1_10;58.26;9,37;33,55;0,18;6,09;3,28
24,10.2019 11:55:06;31.8;0.28;290.4;49.87387798642391;284.75;Module 1,1_10;54.03;8,90;33,20;0,16;5,42;3,49
24,10.2019 11:56:59;32.3;0.29;290.4;51.73501795240954;284.72;Module 1,1_10;56.02;9,37;33,38;0,17;5,74;3,63
24,10.2019 11:58:52;32.3;0.3;290.4;52.64571088333178;284.71;Module 1,1_10;56.98;9,69;33,46;0,18;5,90;3,79
24,10.2019 12:00:45;32.3;0.32;290.4;57.29107665147471;284.75;Module 1,1_10;61.98;10,34;33,83;0,20;6,70;3,63
24,10.2019 12:02:43;32.5;0.33;290.4;59.82348014195141;284.8;Module 1,1_10;64.69;10,72;33,99;0,21;7,15;3,58
24,10.2019 12:04:37;32.7;0.33;290.4;60.49703177074225;284.87;Module 1,1_10;65.39;10,79;34,04;0,21;7,26;3,53
24,10.2019 12:06:29;32.8;0.35;290.4;61.17939819580118;284.89;Module 1,1_10;66.1;11,48;34,08;0,22;7,38;4,10
24,10.2019 12:08:27;32.4;0.34;290.4;64.50209650772403;284.93;Module 1,1_10;69.66;11,02;34,27;0,23;7,97;3,05
24,10.2019 12:10:24;32.5;0.33;290.4;60.68466228671362;285;Module 1,1_10;65.51;10,72;34,05;0,21;7,30;3,43
24,10.2019 12:12:17;32.8;0.34;290.4;60.94024237130694;285;Module 1,1_10;65.76;11,15;34,06;0,22;7,34;3,81
24,10.2019 12:14:10;32.6;0.32;290.4;58.86857302007293;285.03;Module 1,1_10;63.5;10,43;33,93;0,21;6,98;3,45
24,10.2019 12:16:03;32.7;0.32;290.4;58.34361379217067;285.05;Module 1,1_10;62.91;10,46;33,90;0,20;6,89;3,58
24,10.2019 12:18:12;32.6;0.31;290.4;56.28989452045519;285.08;Module 1,1_10;60.67;10,11;33,75;0,19;6,53;3,58
24,10.2019 12:20:05;32.3;0.31;290.4;55.52126034692648;285.13;Module 1,1_10;59.82;10,01;33,70;0,19;6,39;3,62
24,10.2019 12:21:58;32.7;0.33;290.4;58.33552117048434;285.17;Module 1,1_10;62.83;10,79;33,90;0,20;6,88;3,91
24,10.2019 12:23:55;32.3;0.3;290.4;53.65663779845889;285.18;Module 1,1_10;57.77;9,69;33,55;0,18;6,07;3,62
24,10.2019 12:26:01;32.4;0.31;290.4;55.581545096229334;285.23;Module 1,1_10;59.82;10,04;33,70;0,19;6,40;3,64
24,10.2019 12:27:54;32.4;0.3;290.4;55.237354320471404;285.23;Module 1,1_10;59.43;9,72;33,67;0,19;6,34;3,38
24,10.2019 12:29:50;32.1;0.31;290.4;57.54281512656808;285.24;Module 1,1_10;61.89;9,95;33,84;0,20;6,75;3,20
24,10.2019 12:31:44;32.7;0.31;290.4;57.402974944912465;285.29;Module 1,1_10;61.72;10,14;33,84;0,20;6,72;3,42
24,10.2019 12:33:46;32.4;0.33;290.4;59.0594689760556;285.32;Module 1,1_10;63.48;10,69;33,95;0,21;7,01;3,68
24,10.2019 12:35:39;32.5;0.33;290.4;60.42663946445571;285.38;Module 1,1_10;64.93;10,72;34,03;0,21;7,25;3,47
24,10.2019 12:37:33;32.3;0.32;290.4;58.256879098232176;285.41;Module 1,1_10;62.58;10,34;33,89;0,20;6,87;3,46
24,10.2019 12:39:26;32.3;0.32;290.4;57.510023632406266;285.39;Module 1,1_10;61.76;10,34;33,84;0,20;6,74;3,60
24,10.2019 12:41:21;32.8;0.39;290.4;69.31860692909625;285.44;Module 1,1_10;74.42;12,79;34,51;0,26;8,82;3,97
24,10.2019 12:43:13;32.9;0.41;290.4;72.83131743016645;285.51;Module 1,1_10;78.17;13,49;34,66;0,27;9,45;4,04
24,10.2019 12:45:06;32.8;0.35;291.9;62.3197333488742;285.53;Module 1,1_10;66.87;11,48;33,88;0,22;7,55;3,93
24,10.2019 12:47:14;32.5;0.35;291.9;63.18648418120048;285.48;Module 1,1_10;67.78;11,38;33,93;0,23;7,70;3,67
24,10.2019 12:49:08;32.7;0.37;291.9;66.22389701972295;285.43;Module 1,1_10;71.02;12,10;34,09;0,24;8,24;3,86
24,10.2019 12:51:06;32.9;0.38;291.9;68.16244057795785;285.44;Module 1,1_10;73.08;12,50;34,19;0,25;8,58;3,92
24,10.2019 12:52:59;33.3;0.35;291.9;63.44895488387129;285.48;Module 1,1_10;68.01;11,65;33,95;0,23;7,75;3,91
24,10.2019 12:54:53;32.6;0.31;291.9;57.81846316015549;285.5;Module 1,1_10;61.96;10,11;33,60;0,20;6,77;3,34
24,10.2019 12:56:47;32.3;0.38;291.9;66.68028386579833;285.52;Module 1,1_10;71.44;12,27;34,12;0,24;8,32;3,96
24,10.2019 12:58:41;32.6;0.33;291.9;61.61667277299132;285.56;Module 1,1_10;66;10,76;33,84;0,22;7,43;3,33
24,10.2019 13:00:34;31.7;0.19;291.9;35.512038368007495;285.58;Module 1,1_10;38.03;6,02;30,41;0,10;3,03;2,99
24,10.2019 13:02:29;31.8;0.34;291.9;59.4392863905603;285.6;Module 1,1_10;63.64;10,81;33,71;0,21;7,05;3,76
24,10.2019 13:04:55;31.6;0.21;291.9;41.54573627344675;285.62;Module 1,1_10;44.47;6,64;31,86;0,13;4,00;2,63
24,10.2019 13:06:53;32.1;0.29;290.4;54.047845869709164;285.63;Module 1,1_10;57.84;9,31;33,58;0,18;6,14;3,17
24,10.2019 13:09:03;32.8;0.39;290.4;71.64995968491323;285.67;Module 1,1_10;76.66;12,79;34,62;0,27;9,24;3,55
24,10.2019 13:10:55;33.3;0.53;290.4;99.8855768255603;285.71;Module 1,1_10;106.85;17,65;35,51;0,40;14,34;3,31
24,10.2019 13:12:48;34.9;0.85;290.4;152.02966624952484;285.8;Module 1,1_10;162.6;29,66;36,36;0,66;23,96;5,71
24,10.2019 13:14:41;35.2;0.93;290.4;171.0497752816987;286.02;Module 1,1_10;182.91;32,74;36,55;0,75;27,50;5,23
24,10.2019 13:16:35;35.1;0.99;290.4;182.73367050032235;286.25;Module 1,1_10;195.37;34,75;36,66;0,81;29,69;5,06
24,10.2019 13:18:35;35.1;0.97;292.4;175.89030502815987;286.52;Module 1,1_10;188.02;34,05;36,24;0,78;28,17;5,88
24,10.2019 13:20:33;34.9;0.86;292.4;162.97070899408152;286.68;Module 1,1_10;174.18;30,01;36,12;0,71;25,78;4,23
24,10.2019 13:22:26;34.7;0.68;294;125.6394294136083;286.84;Module 1,1_10;134.26;23,60;35,36;0,53;18,79;4,80
24,10.2019 13:24:19;34.1;0.59;294;108.10972070183337;286.89;Module 1,1_10;115.51;20,12;35,04;0,45;15,62;4,50
24,10.2019 13:26:13;34.1;0.51;294;98.83051134122647;286.92;Module 1,1_10;105.58;17,39;34,84;0,40;13,95;3,44
24,10.2019 13:28:06;32.8;0.43;294;74.97128152059773;286.88;Module 1,1_10;80.08;14,10;34,11;0,28;9,71;4,39
24,10.2019 13:29:59;33.3;0.58;294;108.14643016417509;286.93;Module 1,1_10;115.5;19,31;35,04;0,45;15,63;3,69
24,10.2019 13:31:52;34.4;0.72;294;133.37943509463585;287;Module 1,1_10;142.43;24,77;35,48;0,57;20,20;4,57
24,10.2019 13:33:45;34.6;0.87;294;164.44380331451998;287.06;Module 1,1_10;175.58;30,10;35,85;0,72;25,88;4,23
24,10.2019 13:35:49;34.5;0.82;294;153.0754938394172;287.21;Module 1,1_10;163.42;28,29;35,73;0,67;23,79;4,50
24,10.2019 13:37:56;34.7;0.9;294.5;167.7567746890372;287.39;Module 1,1_10;179.07;31,23;35,79;0,74;26,43;4,80
24,10.2019 13:39:49;34.5;0.73;294.5;142.12238073415145;287.51;Module 1,1_10;151.69;25,18;35,50;0,61;21,75;3,44
24,10.2019 13:41:42;34.2;0.53;294.5;92.57818657017465;287.66;Module 1,1_10;98.8;18,13;34,59;0,37;12,81;5,31
24,10.2019 13:43:35;33.1;0.56;294.5;101.8838370352866;287.64;Module 1,1_10;108.72;18,54;34,81;0,42;14,47;4,06
24,10.2019 13:45:28;34.2;0.65;294.5;123.37460475806644;287.68;Module 1,1_10;131.64;22,23;35,23;0,52;18,34;3,89
24,10.2019 13:47:21;34.3;0.79;294.5;152.95772977607146;287.68;Module 1,1_10;163.19;27,10;35,63;0,67;23,72;3,38
24,10.2019 13:49:14;34.6;0.67;294.5;128.23362193836257;287.76;Module 1,1_10;136.8;23,18;35,30;0,54;19,22;3,96
24,10.2019 13:51:38;32.8;0.44;294.5;77.79193802558217;287.82;Module 1,1_10;82.98;14,43;34,13;0,30;10,19;4,24
24,10.2019 13:53:34;33.5;0.57;294.5;108.56849733097035;287.83;Module 1,1_10;115.8;19,09;34,96;0,45;15,67;3,42
24,10.2019 13:55:32;32.9;0.46;294.5;83.50460702873761;287.87;Module 1,1_10;89.06;15,13;34,32;0,33;11,20;3,93
24,10.2019 13:57:25;32.7;0.42;294.5;76.2993907271343;287.78;Module 1,1_10;81.37;13,73;34,07;0,29;9,93;3,80
24,10.2019 13:59:19;32.1;0.33;294.5;58.03692936062915;287.7;Module 1,1_10;61.89;10,59;33,16;0,20;6,76;3,84
24,10.2019 14:01:13;32.2;0.39;294.5;72.3041837168959;287.67;Module 1,1_10;77.1;12,56;33,91;0,27;9,23;3,33
24,10.2019 14:03:06;32.4;0.43;294.5;81.81775030450277;287.64;Module 1,1_10;87.24;13,93;34,27;0,32;10,90;3,03
24,10.2019 14:04:59;33.1;0.42;294.5;74.90002447457246;287.64;Module 1,1_10;79.86;13,90;34,02;0,28;9,68;4,22
24,10.2019 14:07:13;31.9;0.34;294.5;59.66230476617491;287.6;Module 1,1_10;63.61;10,85;33,27;0,21;7,03;3,81
24,10.2019 14:09:13;31.9;0.35;294.5;64.11067880043004;287.56;Module 1,1_10;68.35;11,16;33,52;0,23;7,80;3,36
24,10.2019 14:11:06;32.6;0.48;294;92.11226026488117;287.6;Module 1,1_10;98.2;15,65;34,66;0,37;12,75;2,90
24,10.2019 14:12:59;33.1;0.4;294;69.930337975179;287.68;Module 1,1_10;74.55;13,24;33,90;0,26;8,83;4,41
24,10.2019 14:14:55;32.2;0.3;294;56.52717704344066;287.69;Module 1,1_10;60.26;9,66;33,14;0,20;6,51;3,15
24,10.2019 14:16:50;32.2;0.37;294;66.54681782362002;287.62;Module 1,1_10;70.94;11,91;33,73;0,24;8,24;3,68
24,10.2019 14:18:44;32.1;0.37;294;66.42574562263854;287.62;Module 1,1_10;70.81;11,88;33,73;0,24;8,22;3,66
24,10.2019 14:20:45;32.5;0.38;294;65.91036863552988;287.67;Module 1,1_10;70.26;12,35;33,70;0,24;8,13;4,22
24,10.2019 14:23:24;32.6;0.33;294;59.75665527500253;287.69;Module 1,1_10;63.7;10,76;33,36;0,21;7,06;3,70
24,10.2019 14:25:17;32.3;0.31;294;56.37929726631704;287.64;Module 1,1_10;60.1;10,01;33,13;0,20;6,48;3,53
24,10.2019 14:27:46;31.7;0.27;294;47.804540550298974;287.59;Module 1,1_10;50.96;8,56;32,38;0,16;5,03;3,53
24,10.2019 14:29:44;31.4;0.28;294;51.11514088106482;287.58;Module 1,1_10;54.49;8,79;32,71;0,17;5,58;3,21
24,10.2019 14:31:38;32.1;0.35;294;62.773985723608234;287.61;Module 1,1_10;66.92;11,23;33,54;0,23;7,58;3,65
24,10.2019 14:33:39;32.1;0.35;294;61.618492684668105;287.69;Module 1,1_10;65.69;11,23;33,47;0,22;7,38;3,85
24,10.2019 14:35:31;32.6;0.41;294;72.84435031931802;287.71;Module 1,1_10;77.66;13,37;34,02;0,27;9,34;4,03
24,10.2019 14:37:37;33;0.44;294;77.40922945509945;287.76;Module 1,1_10;82.53;14,52;34,20;0,30;10,14;4,38
24,10.2019 14:39:34;32.4;0.41;294;70.96241947394005;287.82;Module 1,1_10;75.66;13,28;33,95;0,27;9,01;4,28
24,10.2019 14:41:28;33.2;0.43;294;76.70816954180025;287.91;Module 1,1_10;81.79;14,28;34,18;0,29;10,02;4,26
24,10.2019 14:43:21;33.2;0.51;294;90.13370349509508;287.97;Module 1,1_10;96.11;16,93;34,61;0,36;12,40;4,53
24,10.2019 14:45:14;33.4;0.56;294;99.4592523083193;288.07;Module 1,1_10;106.06;18,70;34,85;0,40;14,07;4,64
24,10.2019 14:47:07;33.3;0.56;294;100.25002816139609;288.14;Module 1,1_10;106.91;18,65;34,87;0,41;14,21;4,44
24,10.2019 14:48:59;33.5;0.53;294;98.73362421971314;288.15;Module 1,1_10;105.3;17,76;34,84;0,40;13,94;3,82
24,10.2019 14:50:54;33.3;0.47;294.5;86.60340596503447;288.23;Module 1,1_10;92.37;15,65;34,42;0,34;11,75;3,90
24,10.2019 14:52:48;32.7;0.41;294.5;71.3246561853962;288.29;Module 1,1_10;76.08;13,41;33,87;0,27;9,06;4,35
24,10.2019 14:54:49;32.4;0.39;294;68.4496646034449;288.35;Module 1,1_10;73.02;12,64;33,83;0,25;8,57;4,07
24,10.2019 14:56:41;32.2;0.4;294;71.74286384332663;288.35;Module 1,1_10;76.54;12,88;33,98;0,27;9,15;3,73
24,10.2019 14:58:53;32.1;0.44;294;78.68886647217904;288.41;Module 1,1_10;83.96;14,12;34,25;0,30;10,37;3,76
24,10.2019 15:00:47;32.9;0.48;294;86.87106923903181;288.52;Module 1,1_10;92.7;15,79;34,52;0,34;11,82;3,97
24,10.2019 15:02:44;32.9;0.5;294;89.85027735552879;288.6;Module 1,1_10;95.89;16,45;34,60;0,36;12,35;4,10
24,10.2019 15:04:37;32.9;0.49;294.5;87.53508738705284;288.56;Module 1,1_10;93.43;16,12;34,45;0,35;11,91;4,21
24,10.2019 15:06:40;33.2;0.51;294.5;94.53994356247512;288.56;Module 1,1_10;100.92;16,93;34,64;0,38;13,16;3,77
24,10.2019 15:08:36;33.3;0.49;294.5;91.69875720380503;288.56;Module 1,1_10;97.9;16,32;34,56;0,37;12,65;3,66
24,10.2019 15:10:29;33.1;0.51;294.5;97.48351079060967;288.53;Module 1,1_10;104.09;16,88;34,71;0,39;13,69;3,19
24,10.2019 15:12:23;33.1;0.57;294.5;105.59754423630693;288.58;Module 1,1_10;112.77;18,87;34,90;0,43;15,14;3,73
24,10.2019 15:14:15;33.3;0.74;294.5;140.7012067101763;288.62;Module 1,1_10;150.28;24,64;35,48;0,61;21,49;3,15
24,10.2019 15:16:08;34.3;0.72;294.5;130.85028444769367;288.83;Module 1,1_10;139.78;24,70;35,34;0,56;19,70;5,00
24,10.2019 15:18:02;34;0.63;294.5;119.76594451606178;288.96;Module 1,1_10;127.96;21,42;35,17;0,50;17,69;3,73
24,10.2019 15:20:00;34.2;0.68;294.5;128.57889719198607;289.1;Module 1,1_10;137.4;23,26;35,31;0,55;19,29;3,97
24,10.2019 15:21:54;34;0.59;294.5;107.39214535348286;289.32;Module 1,1_10;114.78;20,06;34,94;0,44;15,46;4,60
24,10.2019 15:23:51;33.2;0.6;296;112.05853876172127;289.32;Module 1,1_10;119.79;19,92;34,76;0,47;16,20;3,72
24,10.2019 15:25:44;33.5;0.55;296;101.70245898772001;289.39;Module 1,1_10;108.74;18,43;34,54;0,42;14,36;4,07
24,10.2019 15:27:41;32.7;0.49;296;88.31929187462353;289.46;Module 1,1_10;94.45;16,02;34,20;0,35;11,98;4,04
24,10.2019 15:29:34;32.9;0.55;296;103.3624711925251;289.46;Module 1,1_10;110.56;18,10;34,58;0,42;14,65;3,44
24,10.2019 15:31:28;33.1;0.52;296;96.93767765233282;289.48;Module 1,1_10;103.71;17,21;34,43;0,39;13,51;3,70
24,10.2019 15:33:24;33;0.45;296;86.18787593819913;289.46;Module 1,1_10;92.23;14,85;34,13;0,34;11,61;3,24
24,10.2019 15:35:17;32.7;0.34;296;62.47501289561155;289.35;Module 1,1_10;66.87;11,12;33,16;0,23;7,48;3,63
24,10.2019 15:37:14;31.2;0.25;294.5;45.16119138705894;289.24;Module 1,1_10;48.35;7,80;31,98;0,14;4,58;3,22
24,10.2019 15:39:11;31.2;0.24;294.5;43.62764830368656;289.13;Module 1,1_10;46.72;7,49;31,77;0,14;4,33;3,16
24,10.2019 15:41:18;31.7;0.3;294.5;55.9846867572014;289.07;Module 1,1_10;59.97;9,51;33,02;0,19;6,40;3,11
24,10.2019 15:43:12;32.1;0.39;294.5;70.97727321614796;288.92;Module 1,1_10;76.05;12,52;33,85;0,27;9,00;3,52
24,10.2019 15:44:55;32.5;0.35;294.5;66.04246986261825;288.78;Module 1,1_10;70.78;11,38;33,63;0,24;8,14;3,24
24,10.2019 15:46:48;32.1;0.37;294.5;66.46241591272525;288.62;Module 1,1_10;71.25;11,88;33,64;0,24;8,21;3,67
24,10.2019 15:48:41;32.5;0.39;294.5;70.18268656642496;288.6;Module 1,1_10;75.26;12,68;33,82;0,26;8,86;3,82
24,10.2019 15:50:41;32.4;0.36;294.5;65.15430133304041;288.57;Module 1,1_10;69.89;11,66;33,58;0,24;7,98;3,68
24,10.2019 15:52:34;31.9;0.37;294.5;67.25905421544851;288.57;Module 1,1_10;72.17;11,80;33,68;0,25;8,35;3,45
24,10.2019 15:54:32;32.4;0.36;294.5;65.92306165741184;288.59;Module 1,1_10;70.76;11,66;33,62;0,24;8,12;3,55
24,10.2019 15:56:26;32.4;0.38;294.5;68.37853094787894;288.57;Module 1,1_10;73.42;12,31;33,73;0,25;8,54;3,77
24,10.2019 15:58:19;32.2;0.37;294.5;65.51571960394573;288.55;Module 1,1_10;70.37;11,91;33,59;0,24;8,05;3,87
24,10.2019 16:00:15;32.2;0.37;294.5;64.92445188401686;288.58;Module 1,1_10;69.76;11,91;33,56;0,24;7,94;3,97
24,10.2019 16:02:16;32;0.34;294;61.06638143426689;288.58;Module 1,1_10;65.64;10,88;33,44;0,22;7,29;3,59
24,10.2019 16:04:13;31.8;0.3;294;53.64026322252106;288.63;Module 1,1_10;57.68;9,54;32,92;0,18;6,01;3,53
24,10.2019 16:06:06;31.2;0.26;294;46.37797977901086;288.59;Module 1,1_10;49.89;8,11;32,22;0,15;4,79;3,32
24,10.2019 16:07:59;32;0.25;294;45.23518952985193;288.42;Module 1,1_10;48.68;8,00;32,07;0,14;4,60;3,40
24,10.2019 16:09:56;31.4;0.23;294;42.41090955639483;288.35;Module 1,1_10;45.66;7,22;31,67;0,13;4,13;3,09
24,10.2019 16:11:50;31.3;0.22;294;39.8581838898747;288.32;Module 1,1_10;42.93;6,89;31,23;0,12;3,72;3,17
24,10.2019 16:13:42;31.2;0.22;294;39.534736256085935;288.28;Module 1,1_10;42.6;6,86;31,16;0,12;3,67;3,20
24,10.2019 16:15:44;31.3;0.2;294;36.85337421512056;288.19;Module 1,1_10;39.73;6,26;30,54;0,11;3,24;3,02
24,10.2019 16:17:37;31;0.22;292.4;39.107860800798704;288.08;Module 1,1_10;42.18;6,82;31,31;0,12;3,60;3,22
24,10.2019 16:19:48;31.5;0.2;292.4;36.10235150075744;287.99;Module 1,1_10;38.96;6,30;30,54;0,10;3,12;3,18
24,10.2019 16:21:42;31;0.18;292.4;32.62966215431537;287.89;Module 1,1_10;35.23;5,58;29,21;0,09;2,58;3,00
24,10.2019 16:23:36;30.9;0.16;292.4;29.141465397464913;287.82;Module 1,1_10;31.48;4,94;27,09;0,08;2,07;2,87
24,10.2019 16:25:29;30.9;0.16;292.4;30.865591860705234;287.73;Module 1,1_10;33.36;4,94;28,25;0,08;2,32;2,62
24,10.2019 16:27:23;31.3;0.21;291.9;39.04178075791138;287.77;Module 1,1_10;42.22;6,57;31,37;0,11;3,59;2,98
24,10.2019 16:29:17;31.4;0.25;291.9;44.65743875937033;287.78;Module 1,1_10;48.32;7,85;32,34;0,14;4,52;3,33
24,10.2019 16:31:10;32;0.38;291.9;68.72108272198459;287.8;Module 1,1_10;74.4;12,16;34,22;0,25;8,68;3,48
24,10.2019 16:33:15;33;0.43;291.9;84.52495535317436;287.94;Module 1,1_10;91.57;14,19;34,82;0,33;11,49;2,70
24,10.2019 16:35:13;33.1;0.5;292.4;96.30613257713513;288.01;Module 1,1_10;104.4;16,55;35,06;0,39;13,59;2,96
24,10.2019 16:37:10;33.2;0.53;292.4;98.36328774524479;288.1;Module 1,1_10;106.7;17,60;35,11;0,40;13,96;3,64
24,10.2019 16:39:02;33.3;0.59;294;111.6580366889348;288.21;Module 1,1_10;121.2;19,65;35,11;0,46;16,26;3,38
24,10.2019 16:40:56;33.4;0.59;294;110.95612334680158;288.28;Module 1,1_10;120.52;19,71;35,09;0,46;16,14;3,57
24,10.2019 16:42:49;34.5;0.67;294;126.76752147037027;288.46;Module 1,1_10;137.79;23,12;35,38;0,54;19,00;4,12
24,10.2019 16:44:42;33.7;0.56;294;107.3612090997863;288.58;Module 1,1_10;116.78;18,87;35,02;0,44;15,49;3,38
24,10.2019 16:46:36;33.7;0.69;294;136.51286772752374;288.71;Module 1,1_10;148.6;23,25;35,52;0,58;20,77;2,48
24,10.2019 16:48:28;34.1;0.77;294.5;155.13609929115628;288.89;Module 1,1_10;169;26,26;35,66;0,68;24,12;2,14
24,10.2019 16:50:35;34.2;0.81;294.5;204.02941895335562;289.1;Module 1,1_10;222.46;27,70;36,09;0,92;33,08;-5,38
24,10.2019 16:52:28;35;0.78;296;307.3155663394517;289.31;Module 1,1_10;335.35;27,30;36,31;1,43;51,78;-24,48
24,10.2019 16:54:23;35.7;0.81;296;332.8356655165716;289.81;Module 1,1_10;363.51;28,92;36,38;1,55;56,45;-27,54
24,10.2019 16:56:16;35.7;0.81;296;391.09419555647935;290.44;Module 1,1_10;427.51;28,92;36,49;1,84;67,11;-38,19
24,10.2019 16:58:08;35.2;0.71;296.5;168.65185835832307;291.1;Module 1,1_10;184.52;24,99;35,45;0,74;26,36;-1,37
24,10.2019 17:00:01;34.6;0.64;296.5;150.67947637778494;291.32;Module 1,1_10;165.01;22,14;35,25;0,66;23,11;-0,96
24,10.2019 17:01:54;34.4;0.6;296.5;130.7839335670093;291.21;Module 1,1_10;143.36;20,64;34,98;0,56;19,52;1,12
24,10.2019 17:03:47;33.8;0.6;296.5;136.8331132390411;291;Module 1,1_10;150.14;20,28;35,07;0,59;20,61;-0,33
24,10.2019 17:06:02;35.1;0.77;296.5;179.14590156440738;290.93;Module 1,1_10;196.81;27,03;35,54;0,80;28,26;-1,24
24,10.2019 17:08:02;34.8;0.73;296.5;186.47950872807576;290.75;Module 1,1_10;205.1;25,40;35,60;0,83;29,60;-4,19
24,10.2019 17:10:11;34.8;0.6;296.5;223.37317416994173;290.76;Module 1,1_10;245.99;20,88;35,86;1,01;36,32;-15,44
24,10.2019 17:12:04;35.1;0.6;296.5;281.2363811298494;290.87;Module 1,1_10;310.07;21,06;36,13;1,30;46,89;-25,83
24,10.2019 17:13:57;35.8;0.57;296.5;303.80173568801655;291.03;Module 1,1_10;335.35;20,41;36,21;1,41;51,02;-30,61
24,10.2019 17:15:50;35;0.61;296.5;183.8918384435828;291.04;Module 1,1_10;203.24;21,35;35,58;0,82;29,13;-7,78
24,10.2019 17:17:43;34.6;0.53;296.5;278.609882076103;290.91;Module 1,1_10;308.32;18,34;36,13;1,28;46,41;-28,07
24,10.2019 17:19:35;35;0.45;296.5;130.7552831054184;290.86;Module 1,1_10;144.89;15,75;34,98;0,56;19,52;-3,77
24,10.2019 17:21:33;34.9;0.44;296.5;237.12633394605948;291;Module 1,1_10;263.14;15,36;35,94;1,08;38,83;-23,47
24,10.2019 17:23:27;34.3;0.43;296.5;247.35543660381563;291.21;Module 1,1_10;274.89;14,75;35,99;1,13;40,70;-25,95
24,10.2019 17:25:20;34.4;0.46;296.5;116.4892619964462;291.53;Module 1,1_10;129.65;15,82;34,75;0,49;16,96;-1,14
24,10.2019 17:27:15;34;0.41;296;98.3548121999863;291.63;Module 1,1_10;109.64;13,94;34,46;0,40;13,76;0,18
24,10.2019 17:29:17;33.8;0.37;296;88.76235808194302;291.35;Module 1,1_10;99.12;12,51;34,21;0,35;12,06;0,44
24,10.2019 17:31:09;33.6;0.34;294.5;79.77235546629277;291.14;Module 1,1_10;89.23;11,42;34,20;0,31;10,54;0,88
24,10.2019 17:33:08;33.6;0.34;294.5;83.05149051423976;290.85;Module 1,1_10;93.07;11,42;34,30;0,32;11,12;0,30
24,10.2019 17:35:01;33.3;0.3;294.5;75.27483567714955;290.57;Module 1,1_10;84.51;9,99;34,03;0,29;9,75;0,24
24,10.2019 17:36:59;33.3;0.31;294.5;85.18750139476799;290.26;Module 1,1_10;95.83;10,32;34,38;0,33;11,50;-1,17
24,10.2019 17:39:10;33;0.3;294.5;76.73297631721634;289.89;Module 1,1_10;86.52;9,90;34,09;0,29;10,01;-0,11
24,10.2019 17:41:10;33.4;0.3;294;75.64157856614347;289.5;Module 1,1_10;85.48;10,02;34,13;0,29;9,83;0,19
24,10.2019 17:43:03;33;0.3;294;76.19941842118101;289.29;Module 1,1_10;86.3;9,90;34,16;0,29;9,93;-0,03
24,10.2019 17:45:15;33.2;0.32;294;186.6656259056588;289.19;Module 1,1_10;211.98;10,62;36,05;0,83;29,96;-19,33
24,10.2019 17:47:08;34.6;0.32;294;128.48171888117957;289.42;Module 1,1_10;146.26;11,07;35,40;0,55;19,31;-8,24
24,10.2019 17:49:01;34;0.35;294;184.99572942286684;289.75;Module 1,1_10;211.13;11,90;36,04;0,82;29,65;-17,75
24,10.2019 17:51:05;33.3;0.35;294;172.23164895846813;290.1;Module 1,1_10;197.14;11,65;35,92;0,76;27,30;-15,65
24,10.2019 17:53:11;33.1;0.37;294;162.45926306537257;290.43;Module 1,1_10;186.54;12,25;35,83;0,71;25,51;-13,26
24,10.2019 17:55:05;33;0.37;292.4;157.2664889320039;290.73;Module 1,1_10;181.12;12,21;36,05;0,69;24,73;-12,52
24,10.2019 17:56:58;32.3;0.34;292.4;89.83060629609784;290.89;Module 1,1_10;103.78;10,98;34,89;0,36;12,42;-1,44
24,10.2019 17:58:57;32.3;0.34;292.4;119.05363532212237;290.92;Module 1,1_10;138.02;10,98;35,53;0,50;17,71;-6,73
24,10.2019 18:01:14;32.3;0.3;292.4;115.52494727858283;290.92;Module 1,1_10;134.5;9,69;35,47;0,48;17,07;-7,38
24,10.2019 18:03:06;31.6;0.29;292.4;118.87288535507254;290.83;Module 1,1_10;138.91;9,16;35,53;0,50;17,68;-8,52
24,10.2019 18:04:59;30.8;0.27;291.9;115.70312225611688;290.79;Module 1,1_10;135.74;8,32;35,56;0,48;17,14;-8,82
24,10.2019 18:06:52;30.6;0.2;291.9;60.36912047842859;290.64;Module 1,1_10;71.12;6,12;33,77;0,21;7,21;-1,09
24,10.2019 18:08:53;31.5;0.15;291.9;43.5328536926184;290.2;Module 1,1_10;51.53;4,72;32,18;0,13;4,33;0,39
24,10.2019 18:10:45;31.6;0.16;291.9;52.200142195213196;289.87;Module 1,1_10;62.08;5,06;33,16;0,17;5,80;-0,74
24,10.2019 18:12:41;31.8;0.13;291.9;31.33569406679967;289.54;Module 1,1_10;37.46;4,13;28,57;0,08;2,39;1,74
24,10.2019 18:14:34;32;0.17;291.9;78.78367976365062;289.18;Module 1,1_10;94.69;5,44;34,63;0,30;10,46;-5,02
24,10.2019 18:16:48;32.1;0.13;291.9;27.235384603698563;288.96;Module 1,1_10;32.96;4,17;25,58;0,07;1,81;2,36
24,10.2019 18:18:41;31.5;0.11;291.9;30.7690045765683;288.65;Module 1,1_10;37.47;3,46;28,23;0,08;2,31;1,16
24,10.2019 18:20:34;31.8;0.13;290.4;38.009842982724756;288.38;Module 1,1_10;46.6;4,13;31,34;0,11;3,43;0,70
24,10.2019 18:22:30;31.6;0.13;290.4;36.6673695553812;288.17;Module 1,1_10;45.29;4,11;30,97;0,10;3,22;0,89
24,10.2019 18:24:47;31.6;0.09;290.4;20.55231405132711;287.89;Module 1,1_10;25.63;2,84;19,42;0,05;1,03;1,81
24,10.2019 18:26:40;31.5;0.08;290.4;14.977383944016069;287.65;Module 1,1_10;18.84;2,52;14,16;0,04;0,55;1,97
24,10.2019 18:28:32;31.5;0.07;290.4;13.018990290864465;287.4;Module 1,1_10;16.53;2,21;12,30;0,03;0,41;1,79
24,10.2019 18:30:30;30.5;0.07;290.4;11.9681549352801;287.21;Module 1,1_10;15.36;2,14;11,31;0,03;0,35;1,78
24,10.2019 18:32:38;32.2;0;290.4;10.461032784783262;286.96;Module 1,1_10;13.6;0,00;9,89;0,03;0,27;-0,27
24,10.2019 18:34:36;31.8;0;289.9;9.420396734973437;286.76;Module 1,1_10;12.41;0,00;8,90;0,02;0,22;-0,22
24,10.2019 18:36:34;31.5;0;289.9;8.61715370183379;286.57;Module 1,1_10;11.52;0,00;8,14;0,02;0,18;-0,18
24,10.2019 18:38:27;31.7;0;289.9;7.9746246300694645;286.44;Module 1,1_10;10.83;0,00;7,54;0,02;0,16;-0,16
24,10.2019 18:40:27;32.4;0;289.9;7.248043252708505;286.3;Module 1,1_10;10.03;0,00;6,85;0,02;0,13;-0,13
24,10.2019 18:42:20;32.2;0;289.9;6.65079173777001;286.17;Module 1,1_10;9.39;0,00;6,28;0,02;0,11;-0,11
24,10.2019 18:44:17;32;0;289.9;6.156049007971795;286.05;Module 1,1_10;8.9;0,00;5,82;0,02;0,09;-0,09
24,10.2019 18:46:13;33.4;0;289.9;5.318088606368508;285.92;Module 1,1_10;7.9;0,00;5,02;0,01;0,07;-0,07
24,10.2019 18:48:06;34;0;289.9;4.908869778376053;285.84;Module 1,1_10;7.52;0,00;4,64;0,01;0,06;-0,06
24,10.2019 18:49:58;33.6;0;289.9;4.282475680117714;285.74;Module 1,1_10;6.8;0,00;4,05;0,01;0,04;-0,04
24,10.2019 18:51:52;34;0;289.9;3.623400706742665;285.63;Module 1,1_10;6.01;0,00;3,42;0,01;0,03;-0,03
24,10.2019 18:53:48;33.5;0;289.9;2.918225368509644;285.54;Module 1,1_10;5.11;0,00;2,76;0,01;0,02;-0,02
24,10.2019 18:55:44;33.2;0;289.9;2.3103519198597158;285.45;Module 1,1_10;4.33;0,00;2,18;0,01;0,01;-0,01
24,10.2019 18:57:37;32.9;0;289.9;1.8275271573053409;285.39;Module 1,1_10;3.73;0,00;1,73;0,00;0,01;-0,01
24,10.2019 18:59:30;32.3;0;289.9;1.5955467366194105;285.35;Module 1,1_10;3.65;0,00;1,51;0,00;0,01;-0,01
24,10.2019 19:01:25;28.1;0;289.9;1.2154858919052813;285.33;Module 1,1_10;3.28;0,00;1,15;0,00;0,00;-0,00
24,10.2019 19:03:23;30.8;0;287.4;0.6997989375268445;285.27;Module 1,1_10;2.47;0,00;0,66;0,00;0,00;-0,00
24,10.2019 19:05:15;30.1;0;287.4;0.3246738137398097;285.23;Module 1,1_10;1.69;0,00;0,30;0,00;0,00;-0,00
24,10.2019 19:07:13;29.2;0;287.4;0.22861647239667068;285.16;Module 1,1_10;1.19;0,00;0,22;0,00;0,00;-0,00
24,10.2019 19:09:06;27.1;0;287.4;0.14408601201470844;285.12;Module 1,1_10;0.75;0,00;0,13;0,00;0,00;-0,00
24,10.2019 19:11:08;24.1;0;287.4;0.001;285.07;Module 1,1_10;-0.01;0,00;0,00;0,00;0,00;0,00
24,10.2019 19:13:02;20.6;0;287.4;0.001;285.01;Module 1,1_10;-0.01;0,00;0,00;0,00;0,00;0,00
24,10.2019 19:14:55;20.6;0;287.4;0.001;284.96;Module 1,1_10;-0.01;0,00;0,00;0,00;0,00;0,00
24,10.2019 19:16:47;20.6;0;287.4;0.0001;284.93;Module 1,1_10;-0.01;0,00;0,00;0,00;0,00;0,00
25,10.2019 09:49:41;31.3;0.14;286.4;25.800096523478658;285.69;Module 1,1_10;30.33;4,38;24,30;0,07;1,62;2,76
25,10.2019 09:51:35;31.4;0.15;286.4;27.160569517555054;285.7;Module 1,1_10;31.84;4,71;25,54;0,07;1,80;2,91
25,10.2019 09:53:32;31.4;0.16;287.4;30.40077939015062;285.71;Module 1,1_10;35.54;5,02;28,20;0,08;2,25;2,78
25,10.2019 09:55:28;31.6;0.19;287.4;34.28912881998483;285.71;Module 1,1_10;39.98;6,00;30,46;0,09;2,84;3,16
25,10.2019 09:57:34;31.8;0.21;287.4;38.1335073895601;285.71;Module 1,1_10;44.34;6,68;31,79;0,11;3,46;3,22
25,10.2019 09:59:27;32.1;0.25;288.4;45.043400384588786;285.71;Module 1,1_10;52.25;8,03;32,97;0,14;4,61;3,41
25,10.2019 10:01:20;32.6;0.32;288.4;57.26975147606352;285.76;Module 1,1_10;66.28;10,43;34,17;0,20;6,73;3,70
25,10.2019 10:03:15;33.1;0.36;289.9;62.38742858553505;285.81;Module 1,1_10;72.04;11,92;34,24;0,22;7,61;4,31
25,10.2019 10:05:21;33.4;0.34;289.9;60.617960847293105;285.91;Module 1,1_10;69.83;11,36;34,13;0,21;7,30;4,06
25,10.2019 10:07:45;33.8;0.3;289.9;54.19702306380576;286;Module 1,1_10;62.27;10,14;33,68;0,18;6,17;3,97
25,10.2019 10:09:38;32.9;0.28;289.9;51.58350007048136;286.03;Module 1,1_10;59.15;9,21;33,45;0,17;5,72;3,49
25,10.2019 10:11:33;32.8;0.29;289.9;53.69383147020968;286.05;Module 1,1_10;61.45;9,51;33,64;0,18;6,08;3,43
25,10.2019 10:13:30;33.5;0.29;290.4;55.705452234638344;286.07;Module 1,1_10;63.63;9,71;33,71;0,19;6,43;3,29
25,10.2019 10:15:23;33.8;0.31;290.4;58.57691722109142;286.07;Module 1,1_10;66.79;10,48;33,91;0,20;6,93;3,55
25,10.2019 10:17:19;33.7;0.35;290.4;66.00027318746645;286.07;Module 1,1_10;75.12;11,79;34,34;0,24;8,23;3,56
25,10.2019 10:19:11;33.4;0.38;290.4;72.10387121571368;286.1;Module 1,1_10;81.93;12,69;34,63;0,27;9,32;3,37
25,10.2019 10:21:26;34.6;0.38;290.4;73.87575220263575;286.14;Module 1,1_10;83.78;13,15;34,70;0,28;9,64;3,51
25,10.2019 10:23:25;34.6;0.38;291.9;75.28803973232264;286.2;Module 1,1_10;85.24;13,15;34,50;0,29;9,84;3,31
25,10.2019 10:25:17;34.6;0.38;291.9;75.13688654480052;286.23;Module 1,1_10;84.94;13,15;34,49;0,28;9,81;3,34
25,10.2019 10:27:12;34.8;0.38;291.9;75.89727911391978;286.25;Module 1,1_10;85.67;13,22;34,52;0,29;9,95;3,28
25,10.2019 10:29:05;35;0.38;291.9;75.8560361536966;286.25;Module 1,1_10;85.5;13,30;34,52;0,29;9,94;3,36
25,10.2019 10:30:58;35.1;0.36;291.9;74.2388863612202;286.25;Module 1,1_10;83.56;12,64;34,45;0,28;9,65;2,98
25,10.2019 10:32:52;35.5;0.35;291.9;75.13285759235923;286.25;Module 1,1_10;84.45;12,42;34,49;0,28;9,81;2,61
25,10.2019 10:34:46;35.5;0.33;291.9;71.16213922830983;286.24;Module 1,1_10;79.88;11,71;34,33;0,27;9,11;2,61
25,10.2019 10:37:28;36.8;0.49;291.9;103.60155809351207;286.26;Module 1,1_10;116.08;18,03;35,32;0,42;14,93;3,10
25,10.2019 10:39:21;40.1;0.74;291.9;159.44658988485943;286.48;Module 1,1_10;178.43;29,67;36,17;0,70;25,18;4,49
25,10.2019 10:41:17;39.6;1.03;294;359.5953802077661;286.89;Module 1,1_10;401.91;40,79;36,79;1,68;61,91;-21,12
25,10.2019 10:43:11;40.3;1.04;294;371.4876225896885;287.59;Module 1,1_10;414.71;41,91;36,81;1,74;64,10;-22,19
25,10.2019 10:45:04;39.6;1.03;294;288.92270298424864;288.12;Module 1,1_10;322.17;40,79;36,60;1,33;48,84;-8,05
25,10.2019 10:47:04;37.6;0.49;296;117.86248159563888;288.3;Module 1,1_10;131.27;18,42;34,87;0,49;17,24;1,18
25,10.2019 10:48:57;37.2;0.51;296;195.61390769963106;288.17;Module 1,1_10;217.63;18,97;35,77;0,88;31,33;-12,36
25,10.2019 10:51:05;40.3;0.99;296;396.2402219343164;288.46;Module 1,1_10;440.31;39,90;36,50;1,86;68,05;-28,15
25,10.2019 10:53:18;40.2;1.01;296;396.71840179235596;289;Module 1,1_10;440.31;40,60;36,50;1,87;68,14;-27,54
25,10.2019 10:55:12;40;0.89;298;397.117634776773;289.42;Module 1,1_10;440.31;35,60;36,15;1,87;67,59;-31,99
25,10.2019 10:57:22;39.1;1.44;298;409.11861261765546;289.88;Module 1,1_10;453.11;56,30;36,17;1,93;69,76;-13,45
25,10.2019 10:59:26;38.6;1.21;298;351.69642136110724;290.3;Module 1,1_10;389.11;46,71;36,07;1,65;59,36;-12,65
25,10.2019 11:01:19;38.8;1.44;300;421.49971089137733;290.57;Module 1,1_10;465.91;55,87;35,83;1,99;71,33;-15,46
25,10.2019 11:03:14;38.6;1.42;300;433.4756499950144;290.99;Module 1,1_10;478.71;54,81;35,84;2,05;73,47;-18,66
25,10.2019 11:05:13;38.4;1.02;300.5;230.90010296370554;291.28;Module 1,1_10;254.76;39,17;35,19;1,05;37,01;2,16
25,10.2019 11:07:47;38.5;1.56;300.5;422.7647335587854;291.26;Module 1,1_10;465.91;60,06;35,74;2,00;71,39;-11,33
25,10.2019 11:09:40;38.3;2.08;302;448.68827298803205;291.42;Module 1,1_10;494.07;79,66;35,51;2,13;75,47;4,19
25,10.2019 11:11:33;36.9;1.73;302;453.7047191145257;291.51;Module 1,1_10;499.19;63,84;35,52;2,15;76,36;-12,52
25,10.2019 11:13:26;38.6;1.52;302;456.39187273778583;291.67;Module 1,1_10;501.75;58,67;35,52;2,16;76,83;-18,16
25,10.2019 11:15:19;38;1.8;302;461.4050687050386;291.88;Module 1,1_10;506.87;68,40;35,52;2,19;77,72;-9,32
25,10.2019 11:17:16;37.3;1.59;302;468.76205164344066;292.05;Module 1,1_10;514.55;59,31;35,52;2,22;79,02;-19,71
25,10.2019 11:19:11;38.9;1.43;302.5;473.78147213775804;292.24;Module 1,1_10;519.67;55,63;35,44;2,25;79,72;-24,09
25,10.2019 11:21:05;38.9;1.36;302.5;478.79693493990607;292.36;Module 1,1_10;524.79;52,90;35,45;2,27;80,60;-27,69
25,10.2019 11:23:15;38.9;1.35;302.5;486.1966212072791;292.3;Module 1,1_10;532.47;52,52;35,45;2,31;81,90;-29,39
25,10.2019 11:25:10;39;1.26;302.5;488.87511900333726;292.32;Module 1,1_10;535.03;49,14;35,45;2,32;82,37;-33,23
25,10.2019 11:27:19;38.5;1.54;302.5;493.930647040932;292.53;Module 1,1_10;540.15;59,29;35,45;2,35;83,26;-23,97
25,10.2019 11:29:11;38.6;1.59;306;501.27808460309706;292.78;Module 1,1_10;547.83;61,37;34,84;2,39;83,13;-21,75
25,10.2019 11:31:11;38.6;1.53;306;506.306385276181;292.96;Module 1,1_10;552.95;59,06;34,84;2,41;84,00;-24,94
25,10.2019 11:33:14;37.9;2.1;306;513.6872702179892;293.1;Module 1,1_10;560.63;79,59;34,84;2,45;85,27;-5,68
25,10.2019 11:35:08;35.5;2.4;306;523.3916824896761;293.25;Module 1,1_10;570.87;85,20;34,84;2,50;86,94;-1,74
25,10.2019 11:37:12;35.3;2.49;306;530.7798636335531;293.6;Module 1,1_10;578.55;87,90;34,84;2,53;88,21;-0,32
25,10.2019 11:39:06;35.3;2.48;306;538.141770350456;293.68;Module 1,1_10;586.23;87,54;34,85;2,57;89,48;-1,94
25,10.2019 11:41:01;35.1;2.57;306;547.8592874110809;293.82;Module 1,1_10;596.47;90,21;34,85;2,62;91,15;-0,95
25,10.2019 11:42:55;35.2;2.61;306;555.2254392919195;294.08;Module 1,1_10;604.15;91,87;34,85;2,65;92,42;-0,55
25,10.2019 11:44:48;35.1;2.69;306;562.5902002039442;294.36;Module 1,1_10;611.83;94,42;34,85;2,69;93,68;0,74
25,10.2019 11:46:49;35.1;2.67;306;572.3328095246474;294.67;Module 1,1_10;622.07;93,72;34,85;2,74;95,35;-1,64
25,10.2019 11:48:48;35.1;2.74;306.5;584.4301026316576;294.83;Module 1,1_10;634.87;96,17;34,76;2,80;97,18;-1,01
25,10.2019 11:50:50;35.1;2.81;306.5;591.8253554016131;295.07;Module 1,1_10;642.55;98,63;34,76;2,83;98,45;0,18
25,10.2019 11:52:43;35;2.84;308.1;601.5566112654772;295.05;Module 1,1_10;652.79;99,40;34,48;2,88;99,31;0,09
25,10.2019 11:54:41;35;2.85;308.1;605.8274224042055;295.17;Module 1,1_10;657.09;99,75;34,48;2,90;100,03;-0,28
25,10.2019 11:56:34;34.8;2.88;308.1;614.3167724301055;295.43;Module 1,1_10;665.98;100,22;34,48;2,94;101,47;-1,24
25,10.2019 11:58:27;34.7;2.96;308.1;619.956181190371;295.5;Module 1,1_10;671.78;102,71;34,47;2,97;102,42;0,29
25,10.2019 12:00:19;35.2;2.9;308.1;618.593631591172;295.34;Module 1,1_10;670;102,08;34,47;2,96;102,19;-0,11
25,10.2019 12:02:37;35.9;2.69;308.1;626.1640879462635;295.28;Module 1,1_10;677.83;96,57;34,47;3,00;103,47;-6,89
25,10.2019 12:04:31;35.6;2.94;308.1;612.9094143828512;295.4;Module 1,1_10;663.19;104,66;34,48;2,94;101,23;3,43
25,10.2019 12:06:23;34.6;2.84;308.6;601.1861429962273;295.3;Module 1,1_10;650.23;98,26;34,39;2,88;99,00;-0,74
25,10.2019 12:08:31;34.5;2.84;308.6;584.8939979107492;295.15;Module 1,1_10;632.31;97,98;34,39;2,80;96,25;1,73
25,10.2019 12:10:34;34.6;2.76;310.1;589.8914738040706;295.1;Module 1,1_10;637.43;95,50;34,13;2,82;96,36;-0,87
25,10.2019 12:12:35;34.8;2.9;310.1;601.9933019790731;295.21;Module 1,1_10;650.23;100,92;34,13;2,88;98,39;2,53
25,10.2019 12:14:28;34.7;2.77;310.1;578.5174867085387;295.24;Module 1,1_10;624.63;96,12;34,13;2,77;94,45;1,66
25,10.2019 12:16:21;34.7;2.75;310.1;566.8782706492232;295.22;Module 1,1_10;611.83;95,43;34,13;2,71;92,50;2,92
25,10.2019 12:18:16;34.7;2.82;310.1;595.5670402156279;294.85;Module 1,1_10;642.55;97,85;34,13;2,85;97,31;0,54
25,10.2019 12:20:09;34.8;2.99;310.1;628.38518687738;294.58;Module 1,1_10;677.71;104,05;34,12;3,01;102,80;1,26
25,10.2019 12:22:15;34.7;2.51;308.6;527.1568523664284;294.29;Module 1,1_10;568.31;87,10;34,38;2,51;86,47;0,63
25,10.2019 12:24:08;34.7;2.58;308.6;546.3439786865702;294.33;Module 1,1_10;588.79;89,53;34,39;2,61;89,72;-0,20
25,10.2019 12:26:05;34.9;2.78;310.1;598.8148735263594;294.44;Module 1,1_10;645.11;97,02;34,13;2,87;97,86;-0,83
25,10.2019 12:27:58;34.8;2.82;310.1;584.7517543692643;294.41;Module 1,1_10;629.75;98,14;34,13;2,80;95,50;2,64
25,10.2019 12:29:50;34.8;2.65;308.6;568.2955674037939;294.29;Module 1,1_10;611.83;92,22;34,39;2,72;93,44;-1,22
25,10.2019 12:31:43;34.9;2.66;308.6;549.4477389842674;294.51;Module 1,1_10;591.35;92,83;34,40;2,62;90,25;2,58
25,10.2019 12:33:36;35;2.8;308.6;592.4470047872462;294.62;Module 1,1_10;637.43;98,00;34,39;2,84;97,53;0,47
25,10.2019 12:35:31;35.1;2.64;308.6;559.3094141729937;294.63;Module 1,1_10;601.59;92,66;34,39;2,67;91,92;0,74
25,10.2019 12:37:29;35.1;2.41;308.6;545.1981598567032;294.81;Module 1,1_10;586.23;84,59;34,39;2,60;89,53;-4,94
25,10.2019 12:39:23;36.5;2.15;308.6;528.687278986269;294.9;Module 1,1_10;568.31;78,47;34,39;2,52;86,73;-8,25
25,10.2019 12:41:18;36.6;2.25;308.6;533.6043222833546;294.85;Module 1,1_10;573.43;82,35;34,39;2,55;87,56;-5,21
25,10.2019 12:43:13;35.4;1.42;308.6;319.29598564883247;294.83;Module 1,1_10;343.03;50,27;34,10;1,49;50,84;-0,57
25,10.2019 12:45:06;35.1;2.26;308.6;483.84524415381776;294.81;Module 1,1_10;519.67;79,33;34,37;2,30;79,09;0,24
25,10.2019 12:47:00;34.6;2.65;308.6;550.7305296581779;294.92;Module 1,1_10;591.35;91,69;34,39;2,63;90,47;1,22
25,10.2019 12:48:59;34.5;2.9;308.1;596.1912296990363;295.06;Module 1,1_10;639.99;100,05;34,48;2,85;98,40;1,65
25,10.2019 12:51:09;34.2;2.56;308.1;527.1840926369933;295.17;Module 1,1_10;565.75;87,55;34,48;2,51;86,69;0,86
25,10.2019 12:53:02;34.2;2.57;308.1;529.6989838687393;295.16;Module 1,1_10;568.31;87,89;34,48;2,53;87,12;0,78
25,10.2019 12:54:55;34.5;2.43;308.1;494.0256022827924;295.2;Module 1,1_10;529.91;83,84;34,46;2,35;81,03;2,81
25,10.2019 12:56:51;34.6;2.62;308.1;541.8876560788663;295.09;Module 1,1_10;581.11;90,65;34,48;2,59;89,19;1,46
25,10.2019 12:58:46;34.5;2.8;308.1;592.1554670478442;295.24;Module 1,1_10;634.87;96,60;34,48;2,83;97,72;-1,12
25,10.2019 13:00:38;34.6;2.81;308.1;582.7317657146227;295.23;Module 1,1_10;624.63;97,23;34,48;2,79;96,13;1,10
25,10.2019 13:02:36;34.4;2.84;308.1;585.2512355986512;295.46;Module 1,1_10;627.19;97,70;34,48;2,80;96,55;1,14
25,10.2019 13:04:36;34;2.84;308.6;585.380972295569;295.53;Module 1,1_10;627.19;96,56;34,39;2,80;96,33;0,23
25,10.2019 13:06:30;33.9;3.1;308.6;632.0933207889298;295.73;Module 1,1_10;677.1;105,09;34,38;3,03;104,20;0,89
25,10.2019 13:08:23;33.8;3.22;308.6;650.0146870265553;295.77;Module 1,1_10;696.16;108,84;34,38;3,12;107,21;1,63
25,10.2019 13:10:16;33.5;3.19;308.6;642.2480273204485;295.92;Module 1,1_10;687.71;106,86;34,38;3,08;105,91;0,96
25,10.2019 13:12:33;33.1;3.11;308.6;621.7117190175677;296.21;Module 1,1_10;665.57;102,94;34,38;2,98;102,46;0,48
25,10.2019 13:14:28;33.1;3.13;308.6;626.917353794968;296.56;Module 1,1_10;671.02;103,60;34,38;3,01;103,33;0,27
25,10.2019 13:16:22;33.3;3.23;308.6;638.8016741849439;296.73;Module 1,1_10;683.62;107,56;34,38;3,06;105,33;2,23
25,10.2019 13:18:15;33.3;3.17;310.1;646.648245443932;296.76;Module 1,1_10;691.9;105,56;34,11;3,10;105,84;-0,28
25,10.2019 13:20:53;33.3;3.39;310.1;675.2886234975624;296.87;Module 1,1_10;722.38;112,89;34,09;3,24;110,59;2,29
25,10.2019 13:22:47;33.2;3.49;310.1;710.8022749083487;297.29;Module 1,1_10;760.25;115,87;34,07;3,42;116,47;-0,60
25,10.2019 13:24:46;33.1;3.73;310.1;762.9356649875394;297.84;Module 1,1_10;815.88;123,46;34,03;3,67;125,04;-1,58
25,10.2019 13:26:39;33.1;3.83;310.1;771.4737496185613;298.23;Module 1,1_10;824.89;126,77;34,02;3,72;126,44;0,33
25,10.2019 13:28:31;33.1;3.78;310.6;757.7568286759628;298.61;Module 1,1_10;810.11;125,12;33,95;3,65;123,87;1,24
25,10.2019 13:30:24;33.4;3.01;310.6;707.1931629500872;298.27;Module 1,1_10;755.95;100,53;33,98;3,40;115,58;-15,04
25,10.2019 13:32:21;33.1;3.32;310.6;664.9238066079954;298.06;Module 1,1_10;710.67;109,89;34,02;3,19;108,60;1,29
25,10.2019 13:34:15;33.7;3.47;310.6;712.450733212937;297.96;Module 1,1_10;761.37;116,94;33,98;3,43;116,44;0,50
25,10.2019 13:36:26;33.5;3.51;310.6;714.0851635529659;297.83;Module 1,1_10;763.01;117,58;33,98;3,43;116,71;0,87
25,10.2019 13:38:19;33.5;3.52;312.1;703.5908111134755;297.66;Module 1,1_10;751.71;117,92;33,73;3,38;114,10;3,82
25,10.2019 13:40:21;33.5;3.71;312.1;756.0023837386229;297.66;Module 1,1_10;807.61;124,28;33,69;3,64;122,63;1,65
25,10.2019 13:42:15;33.5;3.64;312.1;755.7173868525766;297.88;Module 1,1_10;807.22;121,94;33,69;3,64;122,59;-0,65
25,10.2019 13:44:08;33.9;3.59;312.1;789.293581218463;298.01;Module 1,1_10;843;121,70;33,66;3,80;128,02;-6,32
25,10.2019 13:46:01;33.5;3.92;312.1;738.7948897905804;297.87;Module 1,1_10;788.99;131,32;33,70;3,56;119,84;11,48
25,10.2019 13:48:03;33.6;3.61;312.1;744.1392278087027;298.06;Module 1,1_10;794.62;121,30;33,70;3,58;120,71;0,59
25,10.2019 13:49:58;33.8;3.58;312.1;743.7167453278339;298.29;Module 1,1_10;794.1;121,00;33,70;3,58;120,64;0,36
25,10.2019 13:51:54;33.3;1.09;312.1;529.8985288827265;298.36;Module 1,1_10;565.75;36,30;33,77;2,53;85,40;-49,10
25,10.2019 13:53:53;33.5;1.21;312.6;216.24758495691623;297.68;Module 1,1_10;230.86;40,53;32,92;0,99;32,43;8,11
25,10.2019 13:55:46;34.1;3.32;312.6;674.8305973979357;297;Module 1,1_10;720.38;113,21;33,66;3,24;109,11;4,11
25,10.2019 13:57:38;34.1;0.93;311.6;207.77978568548812;296.82;Module 1,1_10;221.79;31,71;33,04;0,94;31,16;0,55
25,10.2019 13:59:33;33.6;0.75;311.6;172.2564235724002;296.4;Module 1,1_10;183.86;25,20;32,75;0,77;25,17;0,03
25,10.2019 14:01:30;33.8;0.95;311.6;200.6932299531816;295.73;Module 1,1_10;214.2;32,11;32,99;0,91;29,96;2,15
25,10.2019 14:03:24;35.5;1.17;310.1;286.6724795684173;295.14;Module 1,1_10;305.95;41,53;33,73;1,33;44,88;-3,34
25,10.2019 14:05:17;35;1.06;310.1;217.22331699588224;294.25;Module 1,1_10;231.82;37,10;33,38;0,99;33,01;4,09
25,10.2019 14:07:37;34.7;1.4;308.1;467.7817609477322;293.67;Module 1,1_10;499.19;48,58;34,45;2,22;76,54;-27,96
25,10.2019 14:09:37;35.3;4.02;308.1;822.0198594543862;294.17;Module 1,1_10;877.18;141,91;34,32;3,96;136,06;5,85
25,10.2019 14:11:30;34.4;4.06;306;820.9293945100551;295.12;Module 1,1_10;875.99;139,66;34,69;3,96;137,31;2,35
25,10.2019 14:13:23;33.8;4.11;306;842.8798521489349;295.84;Module 1,1_10;899.39;138,92;34,66;4,07;140,95;-2,03
25,10.2019 14:15:15;33.8;4.15;306;842.1752501798908;296.14;Module 1,1_10;898.62;140,27;34,66;4,06;140,84;-0,57
25,10.2019 14:17:10;33.7;3.55;308.1;503.83045576700147;296.86;Module 1,1_10;537.59;119,64;34,47;2,40;82,70;36,93
25,10.2019 14:19:02;33.2;1.44;308.1;290.17953574207974;296.39;Module 1,1_10;309.62;47,81;34,09;1,35;45,93;1,87
25,10.2019 14:20:57;33.5;1.18;308.1;252.0177043648573;295.6;Module 1,1_10;268.9;39,53;33,94;1,16;39,34;0,19
25,10.2019 14:23:49;34.1;1.09;308.1;237.35000299179086;295.02;Module 1,1_10;253.25;37,17;33,86;1,09;36,81;0,36
25,10.2019 14:25:42;34.2;1.1;308.1;244.13374214831714;294.74;Module 1,1_10;260.49;37,62;33,90;1,12;37,98;-0,36
25,10.2019 14:28:08;35.1;4.1;308.1;841.3942234662749;294.92;Module 1,1_10;897.78;143,91;34,30;4,06;139,23;4,68
25,10.2019 14:30:10;34.6;1.51;308.1;292.06129391002196;295.62;Module 1,1_10;311.64;52,25;34,10;1,36;46,26;5,99
25,10.2019 14:32:06;34.8;2.58;308.1;453.4222738814187;295.97;Module 1,1_10;483.83;89,78;34,43;2,15;74,07;15,71
25,10.2019 14:34:06;33.9;1.06;308.1;228.49862904927187;295.96;Module 1,1_10;243.83;35,93;33,81;1,04;35,28;0,65
25,10.2019 14:35:58;34;1.16;308.1;246.27672390867187;295.5;Module 1,1_10;262.81;39,44;33,91;1,13;38,35;1,09
25,10.2019 14:37:59;34.5;1.15;308.1;249.22720639411378;295.03;Module 1,1_10;265.97;39,67;33,92;1,15;38,86;0,82
25,10.2019 14:39:59;34.6;1.09;306.5;242.140701942882;294.71;Module 1,1_10;258.42;37,71;34,17;1,11;37,93;-0,22
25,10.2019 14:41:58;35.1;1.1;306.5;229.43186709385697;294.44;Module 1,1_10;244.87;38,61;34,10;1,05;35,72;2,89
25,10.2019 14:43:51;34.5;0.88;306.5;193.038962627598;294.37;Module 1,1_10;206.04;30,36;33,86;0,87;29,40;0,96
25,10.2019 14:45:44;34.4;0.83;303.5;184.28619088574553;294.17;Module 1,1_10;196.71;28,55;34,33;0,82;28,28;0,27
25,10.2019 14:47:37;34.3;1.07;303.5;212.0772764442399;293.97;Module 1,1_10;226.39;36,70;34,54;0,96;33,18;3,53
25,10.2019 14:49:29;34.6;1.18;303.5;264.3021990764947;293.8;Module 1,1_10;282.16;40,83;34,82;1,22;42,40;-1,57
25,10.2019 14:51:37;34.4;1.07;303.5;222.15838173654686;293.74;Module 1,1_10;237.19;36,81;34,60;1,01;34,95;1,86
25,10.2019 14:53:37;35.2;1.74;303.5;445.93410207738225;293.71;Module 1,1_10;476.15;61,25;35,24;2,11;74,45;-13,20
25,10.2019 14:55:29;36.5;2.59;302.5;433.90707060617143;294.24;Module 1,1_10;463.35;94,53;35,41;2,05;72,68;21,85
25,10.2019 14:57:23;34.4;1.1;302.5;226.57213652348824;294.42;Module 1,1_10;241.97;37,84;34,80;1,03;35,90;1,94
25,10.2019 14:59:24;34.2;2.42;302.5;553.6579402666431;294.29;Module 1,1_10;591.35;82,76;35,46;2,64;93,73;-10,96
25,10.2019 15:01:18;34.3;1.69;302.5;381.044213263678;294.26;Module 1,1_10;407.03;57,97;35,33;1,79;63,33;-5,36
25,10.2019 15:03:14;33.9;0.81;302.5;152.2385891876204;293.8;Module 1,1_10;162.64;27,46;34,19;0,67;22,77;4,69
25,10.2019 15:05:37;33.1;0.61;302;117.5023812198631;293.39;Module 1,1_10;125.55;20,19;33,77;0,50;16,74;3,45
25,10.2019 15:07:29;32.9;0.62;302;124.95480349063445;293.13;Module 1,1_10;133.53;20,40;33,91;0,53;18,04;2,36
25,10.2019 15:09:25;32.7;0.55;302;105.02671175424983;292.91;Module 1,1_10;112.25;17,99;33,53;0,43;14,58;3,41
25,10.2019 15:11:21;32.9;0.53;302;103.32740119055934;292.6;Module 1,1_10;110.45;17,44;33,49;0,43;14,29;3,15
25,10.2019 15:13:13;32.8;0.58;302;111.73047980363935;292.41;Module 1,1_10;119.45;19,02;33,67;0,47;15,74;3,28
25,10.2019 15:15:06;33;0.65;300;126.48031825639062;292.25;Module 1,1_10;135.24;21,45;34,29;0,54;18,47;2,98
25,10.2019 15:16:59;33.4;0.69;300;132.76215884328292;292.17;Module 1,1_10;141.98;23,05;34,38;0,57;19,58;3,47
25,10.2019 15:18:52;33.6;0.66;300;127.44801533399774;292.21;Module 1,1_10;136.32;22,18;34,30;0,54;18,64;3,54
25,10.2019 15:20:46;33.2;0.63;300;121.34008375211553;292.25;Module 1,1_10;129.81;20,92;34,20;0,51;17,56;3,35
25,10.2019 15:22:39;33.2;0.59;300;112.54209183009036;292.15;Module 1,1_10;120.42;19,59;34,05;0,47;16,02;3,57
25,10.2019 15:24:32;33.1;0.58;300;110.55836289333305;291.95;Module 1,1_10;118.32;19,20;34,01;0,46;15,67;3,53
25,10.2019 15:26:31;33;0.59;298.5;113.86102743976174;291.7;Module 1,1_10;121.88;19,47;34,34;0,48;16,35;3,12
25,10.2019 15:28:24;33.2;0.6;298.5;113.74414897558722;291.64;Module 1,1_10;121.78;19,92;34,34;0,48;16,33;3,59
25,10.2019 15:30:17;32.9;0.57;298.5;107.07107187791335;291.54;Module 1,1_10;114.66;18,75;34,21;0,44;15,16;3,60
25,10.2019 15:32:15;32.6;0.55;298.5;103.6666470370417;291.53;Module 1,1_10;111.04;17,93;34,13;0,43;14,56;3,37
25,10.2019 15:34:18;32.7;0.59;298.5;117.10908809702232;291.43;Module 1,1_10;125.47;19,29;34,41;0,49;16,93;2,36
25,10.2019 15:36:13;33.3;0.68;298;133.89573074230938;291.33;Module 1,1_10;143.49;22,64;34,76;0,57;19,95;2,69
25,10.2019 15:38:18;33.7;0.69;298;136.3591549969573;291.22;Module 1,1_10;146.17;23,25;34,80;0,59;20,39;2,86
25,10.2019 15:40:14;33.4;0.69;298;138.16982016824971;291.19;Module 1,1_10;148.15;23,05;34,82;0,59;20,72;2,33
25,10.2019 15:42:06;33.5;0.69;298;142.94457213594404;291.28;Module 1,1_10;153.31;23,11;34,88;0,62;21,57;1,54
25,10.2019 15:43:59;33.6;0.75;298;153.74604543083305;291.34;Module 1,1_10;164.94;25,20;35,02;0,67;23,51;1,69
25,10.2019 15:45:52;34;0.76;298;155.55686481046905;291.41;Module 1,1_10;166.93;25,84;35,04;0,68;23,83;2,01
25,10.2019 15:48:09;33.9;0.74;298;152.9117663736452;291.41;Module 1,1_10;164.15;25,09;35,01;0,67;23,36;1,73
25,10.2019 15:50:08;33.8;0.77;298.5;161.84914094290917;291.4;Module 1,1_10;173.8;26,03;35,02;0,71;24,91;1,12
25,10.2019 15:52:12;33.8;0.81;298.5;173.23409858240888;291.42;Module 1,1_10;186.09;27,38;35,13;0,77;26,95;0,43
25,10.2019 15:54:05;34.6;0.9;298.5;195.1680195766178;291.57;Module 1,1_10;209.72;31,14;35,31;0,88;30,90;0,24
25,10.2019 15:55:57;35.2;0.93;298.5;209.24359246800097;291.78;Module 1,1_10;224.92;32,74;35,41;0,94;33,44;-0,70
25,10.2019 15:57:55;35.8;0.88;298.5;215.11027039585454;291.92;Module 1,1_10;231.31;31,50;35,45;0,97;34,50;-3,00
25,10.2019 15:59:47;38.3;1.83;300;618.3748316589744;292.33;Module 1,1_10;665.18;70,09;35,89;2,96;106,25;-36,17
25,10.2019 16:01:44;35.5;2.53;300;516.2242768528557;293.01;Module 1,1_10;555.51;89,81;35,90;2,46;88,22;1,60
25,10.2019 16:03:36;35.7;2.44;300.5;544.5661031778793;293.96;Module 1,1_10;586.23;87,11;35,81;2,60;93,02;-5,91
25,10.2019 16:05:39;35.5;2.01;300.5;496.7922693781025;294.77;Module 1,1_10;535.03;71,35;35,80;2,36;84,56;-13,21
25,10.2019 16:07:33;39.2;0.68;300.5;439.5632600618088;295.42;Module 1,1_10;473.59;26,66;35,77;2,08;74,38;-47,73
25,10.2019 16:09:29;39.7;1.61;302.5;413.248914556327;295.73;Module 1,1_10;445.43;63,92;35,38;1,95;69,03;-5,11
25,10.2019 16:11:21;36.7;0.88;302.5;432.0644722158662;295.89;Module 1,1_10;465.91;32,30;35,41;2,04;72,36;-40,06
25,10.2019 16:13:14;39.5;0.54;306;431.8724158015472;296.03;Module 1,1_10;465.91;21,33;34,78;2,04;71,11;-49,78
25,10.2019 16:15:06;39.9;0.48;306;455.39535678262473;296.09;Module 1,1_10;491.51;19,15;34,80;2,16;75,19;-56,04
25,10.2019 16:17:03;40;0.48;306;452.801992416666;296.24;Module 1,1_10;488.95;19,20;34,80;2,15;74,74;-55,54
25,10.2019 16:18:56;39.8;0.5;306.5;447.84240221348455;296.47;Module 1,1_10;483.83;19,90;34,71;2,12;73,70;-53,80
25,10.2019 16:20:57;39.7;0.48;306.5;435.76004321503916;296.51;Module 1,1_10;471.03;19,06;34,70;2,06;71,61;-52,55
25,10.2019 16:22:49;39.8;0.48;308.1;447.37182323575996;296.53;Module 1,1_10;483.83;19,10;34,43;2,12;73,04;-53,93
25,10.2019 16:24:42;39.8;0.52;308.1;449.49891028101536;296.69;Module 1,1_10;486.39;20,70;34,43;2,13;73,40;-52,71
25,10.2019 16:26:34;39.6;0.61;308.1;453.98300825336787;297.04;Module 1,1_10;491.51;24,16;34,43;2,15;74,17;-50,01
25,10.2019 16:28:27;38.7;0.68;308.6;263.8756267465162;297.32;Module 1,1_10;285.85;26,32;33,90;1,22;41,29;-14,97
25,10.2019 16:30:28;39;0.68;308.6;253.10112807356853;297.36;Module 1,1_10;274.35;26,52;33,85;1,16;39,43;-12,91
25,10.2019 16:32:21;38.1;0.75;308.6;488.572653619105;297.27;Module 1,1_10;529.91;28,58;34,37;2,32;79,90;-51,32
25,10.2019 16:34:14;37.6;0.82;308.6;497.70414311864283;297.59;Module 1,1_10;540.15;30,83;34,38;2,37;81,45;-50,62
25,10.2019 16:36:29;35.6;0.86;308.6;476.10863319250046;297.67;Module 1,1_10;517.11;30,62;34,36;2,26;77,77;-47,15
25,10.2019 16:38:30;34.1;0.7;306.5;447.50516721710005;297.46;Module 1,1_10;486.39;23,87;34,71;2,12;73,64;-49,77
25,10.2019 16:40:23;33.5;0.66;306.5;447.19759970025996;297.5;Module 1,1_10;486.39;22,11;34,71;2,12;73,59;-51,48
25,10.2019 16:42:23;33.5;0.61;303.5;416.28533373983737;297.74;Module 1,1_10;453.11;20,43;35,21;1,97;69,24;-48,80
25,10.2019 16:44:16;33.8;0.51;303.5;408.92966858700834;297.56;Module 1,1_10;445.43;17,24;35,20;1,93;67,94;-50,70
25,10.2019 16:46:08;34.3;0.48;302.5;403.92640259043094;296.99;Module 1,1_10;440.31;16,46;35,37;1,91;67,38;-50,92
25,10.2019 16:48:13;33.6;0.49;302.5;263.6071267863405;296.28;Module 1,1_10;287.6;16,46;34,99;1,21;42,48;-26,01
25,10.2019 16:50:10;34.7;0.47;302.5;405.5841853610261;296.07;Module 1,1_10;442.87;16,31;35,37;1,91;67,68;-51,37
25,10.2019 16:52:10;34.4;0.5;300.5;381.8004152018615;296.23;Module 1,1_10;417.27;17,20;35,69;1,80;64,07;-46,87
25,10.2019 16:54:12;34.3;0.5;300.5;365.0625332332034;296.32;Module 1,1_10;399.35;17,15;35,66;1,71;61,07;-43,92
25,10.2019 16:56:09;34.2;0.51;300;123.71491450964892;295.99;Module 1,1_10;135.46;17,44;34,24;0,53;17,98;-0,54
25,10.2019 16:58:02;34.2;0.56;300;348.03576806869506;295.56;Module 1,1_10;381.43;19,15;35,71;1,63;58,16;-39,00
25,10.2019 17:00:07;35;0.6;300;350.00045489157253;295.42;Module 1,1_10;383.99;21,00;35,71;1,64;58,51;-37,51
25,10.2019 17:02:02;33.8;0.65;300;135.71940854676947;294.96;Module 1,1_10;149.05;21,97;34,43;0,58;20,10;1,87
25,10.2019 17:03:54;33.7;0.65;300;138.11926670321154;294.52;Module 1,1_10;151.84;21,91;34,46;0,60;20,53;1,38
25,10.2019 17:05:59;33.4;0.63;298;136.72118441844543;294.21;Module 1,1_10;150.48;21,04;34,80;0,59;20,46;0,59
25,10.2019 17:08:13;33.7;0.6;298;172.49217066325951;293.71;Module 1,1_10;190.1;20,22;35,21;0,76;26,88;-6,66
25,10.2019 17:10:07;33.5;0.61;298;144.80348907174124;293.5;Module 1,1_10;159.77;20,43;34,91;0,63;21,90;-1,47
25,10.2019 17:11:59;33.6;0.61;297.5;122.91569036804663;293.16;Module 1,1_10;135.78;20,50;34,68;0,52;18,03;2,46
25,10.2019 17:13:56;33.6;0.61;297.5;123.35550677377064;292.95;Module 1,1_10;136.44;20,50;34,69;0,52;18,11;2,38
25,10.2019 17:16:00;33.4;0.6;298;124.22942886426495;292.61;Module 1,1_10;137.6;20,04;34,62;0,53;18,23;1,81
25,10.2019 17:17:59;33.6;0.58;298;121.81032013280668;292.45;Module 1,1_10;135.11;19,49;34,57;0,51;17,80;1,69
25,10.2019 17:19:57;33.6;0.57;298;123.43480277762012;292.23;Module 1,1_10;137.11;19,15;34,60;0,52;18,09;1,06
25,10.2019 17:21:56;34;0.55;298;128.4973002749207;292.09;Module 1,1_10;142.95;18,70;34,68;0,55;18,99;-0,29
25,10.2019 17:23:57;34.2;0.52;298;148.60060775718478;292.04;Module 1,1_10;165.58;17,78;34,95;0,65;22,58;-4,80
25,10.2019 17:25:58;34.4;0.5;298;138.59533290657973;292.05;Module 1,1_10;154.69;17,20;34,83;0,60;20,79;-3,59
25,10.2019 17:27:51;34.4;0.5;298;130.74007107169388;291.97;Module 1,1_10;146.16;17,20;34,72;0,56;19,39;-2,19
25,10.2019 17:29:44;34.2;0.48;298;125.92022126928468;291.96;Module 1,1_10;141.01;16,42;34,64;0,53;18,53;-2,11
25,10.2019 17:31:36;33.8;0.47;298;118.09680274569735;291.99;Module 1,1_10;132.48;15,89;34,51;0,50;17,14;-1,25
25,10.2019 17:33:29;33.9;0.46;298;110.96678050491457;291.95;Module 1,1_10;124.71;15,59;34,38;0,46;15,88;-0,28
25,10.2019 17:35:27;33.9;0.44;298;108.25006940931641;291.89;Module 1,1_10;121.9;14,92;34,32;0,45;15,40;-0,48
25,10.2019 17:37:31;33.9;0.45;298;107.77347112937277;291.83;Module 1,1_10;121.63;15,25;34,31;0,45;15,31;-0,06
25,10.2019 17:39:23;33.5;0.45;296.5;103.8010776615896;291.76;Module 1,1_10;117.39;15,08;34,50;0,43;14,70;0,38
25,10.2019 17:41:16;32.9;0.44;296.5;99.93062226978593;291.69;Module 1,1_10;113.26;14,48;34,41;0,41;14,01;0,46
25,10.2019 17:43:09;32.9;0.43;296.5;95.61809142267491;291.62;Module 1,1_10;108.62;14,15;34,30;0,39;13,25;0,90
25,10.2019 17:45:02;33.1;0.41;296;89.25130810617688;291.52;Module 1,1_10;101.63;13,57;34,23;0,35;12,15;1,42
25,10.2019 17:46:55;32.7;0.39;296;77.07960263141157;291.32;Module 1,1_10;87.99;12,75;33,83;0,30;10,01;2,74
25,10.2019 17:49:10;32.7;0.34;296;64.41102419811665;291.18;Module 1,1_10;73.76;11,12;33,27;0,23;7,82;3,30
25,10.2019 17:51:03;32.8;0.33;296;61.00162835340202;291.07;Module 1,1_10;70.05;10,82;33,08;0,22;7,23;3,59
25,10.2019 17:52:56;32.3;0.33;296;61.67488640013342;290.98;Module 1,1_10;71.03;10,66;33,13;0,22;7,35;3,31
25,10.2019 17:54:49;32.1;0.32;295.5;61.26961281270788;290.89;Module 1,1_10;70.78;10,27;33,19;0,22;7,29;2,98
25,10.2019 17:56:49;32.5;0.31;295.5;58.738993381567994;290.79;Module 1,1_10;68.09;10,07;33,03;0,21;6,86;3,22
25,10.2019 17:58:42;32.7;0.3;294.5;57.95419470373287;290.75;Module 1,1_10;67.41;9,81;33,16;0,20;6,74;3,07
25,10.2019 18:00:35;32.1;0.32;294.5;62.25167544608855;290.71;Module 1,1_10;72.67;10,27;33,42;0,22;7,48;2,79
25,10.2019 18:02:34;32.3;0.31;294.5;61.242860535176206;290.63;Module 1,1_10;71.78;10,01;33,36;0,22;7,31;2,71
25,10.2019 18:04:31;32.1;0.31;294.5;58.69285668917605;290.51;Module 1,1_10;69.08;9,95;33,20;0,21;6,87;3,08
25,10.2019 18:06:33;31.9;0.3;294.5;57.04235627298348;290.39;Module 1,1_10;67.45;9,57;33,09;0,20;6,58;2,99
25,10.2019 18:08:26;31.7;0.28;294.5;54.02894985011983;290.32;Module 1,1_10;64.18;8,88;32,87;0,18;6,07;2,80
25,10.2019 18:10:41;32.1;0.26;294.5;50.64204313205718;290.21;Module 1,1_10;60.51;8,35;32,58;0,17;5,50;2,85
25,10.2019 18:12:41;32.1;0.25;294.5;49.302658745020665;290.14;Module 1,1_10;59.24;8,03;32,45;0,16;5,27;2,75
25,10.2019 18:14:34;31.8;0.24;294;47.37867357909148;290.08;Module 1,1_10;57.25;7,63;32,33;0,15;4,96;2,68
25,10.2019 18:16:30;31.6;0.23;294;46.033108403855934;290.01;Module 1,1_10;55.97;7,27;32,17;0,15;4,73;2,54
25,10.2019 18:18:45;31.3;0.22;294;43.928899639512295;289.91;Module 1,1_10;53.83;6,89;31,90;0,14;4,38;2,50
25,10.2019 18:20:38;31.1;0.21;294;40.95316755320733;289.82;Module 1,1_10;50.54;6,53;31,43;0,12;3,90;2,64
25,10.2019 18:22:31;31.6;0.2;294;37.545655373233465;289.75;Module 1,1_10;46.69;6,32;30,71;0,11;3,35;2,97
25,10.2019 18:24:25;31.2;0.19;294;34.650044473818;289.67;Module 1,1_10;43.45;5,93;29,87;0,10;2,89;3,04
25,10.2019 18:26:26;31.2;0.17;294;31.790166918308895;289.58;Module 1,1_10;40.25;5,30;28,65;0,09;2,46;2,85
25,10.2019 18:28:20;31.2;0.15;294;27.135899318971454;289.53;Module 1,1_10;34.7;4,68;25,46;0,07;1,80;2,88
25,10.2019 18:30:13;31.3;0.14;294;24.392838950262863;289.46;Module 1,1_10;31.53;4,38;23,04;0,06;1,46;2,92
25,10.2019 18:32:08;31.1;0.13;294;23.458730120052742;289.43;Module 1,1_10;30.69;4,04;22,17;0,06;1,35;2,69
25,10.2019 18:34:01;31.4;0.13;292.4;23.0561027705106;289.39;Module 1,1_10;30.56;4,08;21,79;0,06;1,30;2,78
25,10.2019 18:35:55;31;0.11;292.4;19.710202981482823;289.35;Module 1,1_10;26.51;3,41;18,64;0,05;0,95;2,46
25,10.2019 18:37:47;30.6;0.09;291.9;16.35315301968235;289.3;Module 1,1_10;22.35;2,75;15,47;0,04;0,65;2,10
25,10.2019 18:39:40;31.6;0.08;291.9;13.142118837049468;289.23;Module 1,1_10;18.29;2,53;12,43;0,03;0,42;2,11
25,10.2019 18:41:34;30.8;0.07;291.9;11.036165667613314;289.17;Module 1,1_10;15.68;2,16;10,44;0,03;0,30;1,86
25,10.2019 18:43:28;31.6;0;291.9;9.7821786503871;289.12;Module 1,1_10;14.23;0,00;9,25;0,03;0,23;-0,23
25,10.2019 18:45:21;31;0;291.9;8.53888532265657;289.08;Module 1,1_10;12.76;0,00;8,08;0,02;0,18;-0,18
25,10.2019 18:47:34;31.2;0;291.9;7.2009691860475495;289.04;Module 1,1_10;11.17;0,00;6,81;0,02;0,13;-0,13
25,10.2019 18:49:28;32.7;0;291.9;6.254099181788716;289;Module 1,1_10;10.08;0,00;5,91;0,02;0,10;-0,10
25,10.2019 18:51:21;33.6;0;292.4;5.234602758483079;288.91;Module 1,1_10;8.83;0,00;4,95;0,01;0,07;-0,07
25,10.2019 18:53:15;34;0;292.4;4.085430717365091;288.79;Module 1,1_10;7.29;0,00;3,87;0,01;0,04;-0,04
25,10.2019 18:55:08;33.7;0;292.4;3.1409167025331084;288.67;Module 1,1_10;6.01;0,00;2,97;0,01;0,02;-0,02
25,10.2019 18:57:02;33.3;0;292.4;1.9417353640442618;288.51;Module 1,1_10;4.07;0,00;1,84;0,01;0,01;-0,01
25,10.2019 18:58:59;32.7;0;292.4;1.1217193535509689;288.37;Module 1,1_10;2.67;0,00;1,06;0,00;0,00;-0,00
25,10.2019 19:00:52;31.4;0;291.9;0.7103750781540283;288.28;Module 1,1_10;2.02;0,00;0,67;0,00;0,00;-0,00
25,10.2019 19:02:45;29.8;0;291.9;0.2883895391762885;288.19;Module 1,1_10;1.09;0,00;0,27;0,00;0,00;-0,00
25,10.2019 19:04:38;29.8;0;291.9;0.09605734134313895;288.11;Module 1,1_10;0.5;0,00;0,09;0,00;0,00;-0,00
25,10.2019 19:06:41;29.8;0;291.9;0.001;288;Module 1,1_10;-0.01;0,00;0,00;0,00;0,00;0,00
26,10.2019 09:04:59;29.5;0;278.3;8.867889658585664;279.11;Module 1,1_10;11.86;0,00;8,34;0,02;0,19;-0,19
26,10.2019 09:06:58;30.1;0;278.3;10.270276684629039;279.07;Module 1,1_10;13.6;0,00;9,66;0,03;0,26;-0,26
26,10.2019 09:08:51;31.4;0;280.4;11.374147704217691;279.05;Module 1,1_10;14.93;0,00;10,71;0,03;0,31;-0,31
26,10.2019 09:10:45;33.6;0;280.4;12.974584634683897;279.05;Module 1,1_10;16.89;0,00;12,21;0,03;0,41;-0,41
26,10.2019 09:12:43;35.2;0;280.4;14.891537394049607;279.14;Module 1,1_10;19.23;0,00;14,02;0,04;0,54;-0,54
26,10.2019 09:14:35;36.5;0;282.4;16.32477312883786;279.19;Module 1,1_10;20.93;0,00;15,38;0,04;0,65;-0,65
26,10.2019 09:16:28;37.6;0;282.4;17.269018099073122;279.23;Module 1,1_10;21.99;0,00;16,27;0,04;0,72;-0,72
26,10.2019 09:18:21;37.5;0;284.4;18.613635664648154;279.25;Module 1,1_10;23.55;0,00;17,55;0,05;0,84;-0,84
26,10.2019 09:20:28;38.5;0;284.4;20.0938981837312;279.25;Module 1,1_10;25.25;0,00;18,95;0,05;0,98;-0,98
26,10.2019 09:22:38;38.4;0;284.4;22.140682989580316;279.25;Module 1,1_10;27.64;0,00;20,88;0,06;1,19;-1,19
26,10.2019 09:24:31;38.7;0;285.9;22.864331752879565;279.25;Module 1,1_10;28.39;0,00;21,56;0,06;1,27;-1,27
26,10.2019 09:26:24;38.3;0;285.9;26.48676377547324;279.28;Module 1,1_10;32.72;0,00;24,93;0,07;1,71;-1,71
26,10.2019 09:28:32;38.8;0;285.9;28.79781906586908;279.36;Module 1,1_10;35.38;0,00;26,98;0,07;2,02;-2,02
26,10.2019 09:30:26;39.1;0;285.9;30.24841015630771;279.42;Module 1,1_10;36.99;0,00;28,14;0,08;2,22;-2,22
26,10.2019 09:32:35;39.1;0;285.9;30.34222911609776;279.46;Module 1,1_10;36.92;0,00;28,21;0,08;2,24;-2,24
26,10.2019 09:34:28;39;0;286.4;37.970313006280705;279.5;Module 1,1_10;46.01;0,00;31,88;0,11;3,43;-3,43
26,10.2019 09:36:32;38.9;0;286.4;69.88952713171159;279.58;Module 1,1_10;84.32;0,00;35,24;0,26;9,04;-9,04
26,10.2019 09:38:25;38.9;0;286.4;61.30197139075823;279.67;Module 1,1_10;73.68;0,00;34,79;0,22;7,49;-7,49
26,10.2019 09:40:18;39.1;0;286.4;60.32200771598641;279.74;Module 1,1_10;72.24;0,00;34,73;0,21;7,31;-7,31
26,10.2019 09:42:11;39.3;0;286.4;81.5385491589567;279.79;Module 1,1_10;97.31;0,00;35,70;0,31;11,16;-11,16
26,10.2019 09:44:05;39.5;0;286.4;104.21019935278697;279.91;Module 1,1_10;123.95;0,00;36,32;0,42;15,36;-15,36
26,10.2019 09:46:00;39.5;0;286.4;154.09535175152718;280.17;Module 1,1_10;182.69;0,00;37,09;0,67;24,74;-24,74
26,10.2019 09:47:53;38.9;0.08;286.4;161.15934298364218;280.46;Module 1,1_10;190.48;3,11;37,16;0,70;26,08;-22,97
26,10.2019 09:49:47;38.9;0.09;286.4;166.00082128790342;280.78;Module 1,1_10;195.62;3,50;37,22;0,73;27,00;-23,50
26,10.2019 09:51:52;38.9;0.1;286.4;172.68396217276398;281.09;Module 1,1_10;202.86;3,89;37,28;0,76;28,27;-24,38
26,10.2019 09:53:45;38.8;0.22;286.4;178.2068495038713;281.36;Module 1,1_10;208.78;8,54;37,33;0,79;29,32;-20,78
26,10.2019 09:55:37;35.9;0.23;286.4;185.16517141916296;281.59;Module 1,1_10;216.37;8,26;37,38;0,82;30,64;-22,39
26,10.2019 09:57:34;35.9;0.24;285.9;189.58761854318547;281.76;Module 1,1_10;220.96;8,62;37,51;0,84;31,55;-22,93
26,10.2019 09:59:26;35.9;0.24;285.9;198.63731663647982;281.99;Module 1,1_10;230.95;8,62;37,58;0,89;33,28;-24,66
26,10.2019 10:01:19;36;0.25;285.9;206.31125591218216;282.21;Module 1,1_10;239.31;9,00;37,63;0,92;34,75;-25,75
26,10.2019 10:03:13;37.2;0.28;285.9;213.35041127782452;282.38;Module 1,1_10;246.91;10,42;37,67;0,96;36,09;-25,68
26,10.2019 10:05:06;38.4;0.3;285.9;217.72344514026608;282.54;Module 1,1_10;251.42;11,52;37,70;0,98;36,93;-25,41
26,10.2019 10:07:13;36.8;0.3;286.4;223.03226107935646;282.78;Module 1,1_10;256.94;11,04;37,65;1,01;37,87;-26,83
26,10.2019 10:09:05;37;0.32;286.4;227.84091615048033;282.92;Module 1,1_10;261.95;11,84;37,67;1,03;38,79;-26,95
26,10.2019 10:10:58;34.7;0.38;286.4;235.14083124358487;283.08;Module 1,1_10;269.81;13,19;37,71;1,07;40,18;-27,00
26,10.2019 10:12:51;26.9;0.56;286.4;239.82519546988942;283.26;Module 1,1_10;274.66;15,06;37,73;1,09;41,08;-26,01
26,10.2019 10:14:50;26.6;0.66;286.4;247.68508660303087;283.46;Module 1,1_10;283.11;17,56;37,77;1,13;42,58;-25,02
26,10.2019 10:16:44;26.5;0.77;284.4;253.5314941073908;283.52;Module 1,1_10;289.27;20,41;38,15;1,16;44,06;-23,66
26,10.2019 10:18:36;26.2;0.96;284.4;261.8517838648647;283.6;Module 1,1_10;298.25;25,15;38,19;1,20;45,67;-20,52
26,10.2019 10:20:29;26;0.89;284.4;265.61693191962985;283.68;Module 1,1_10;302.03;23,14;38,20;1,21;46,39;-23,25
26,10.2019 10:23:00;26.7;0.91;284.4;272.433911141853;283.71;Module 1,1_10;309.11;24,30;38,23;1,25;47,71;-23,41
26,10.2019 10:24:53;39.7;0.89;289.9;276.7631917492116;283.75;Module 1,1_10;313.53;35,33;37,28;1,27;47,43;-12,10
26,10.2019 10:26:47;40.3;0.78;289.9;283.4038274295541;283.85;Module 1,1_10;320.56;31,43;37,30;1,31;48,69;-17,25
26,10.2019 10:28:40;40.3;0.76;289.9;287.4002793412915;284.01;Module 1,1_10;324.6;30,63;37,32;1,32;49,44;-18,81
26,10.2019 10:30:34;39.7;0.93;292.4;292.8092249001404;284.12;Module 1,1_10;330.23;36,92;36,90;1,35;49,91;-12,99
26,10.2019 10:32:27;40.1;0.78;292.4;300.0376667982335;284.35;Module 1,1_10;337.91;31,28;36,92;1,39;51,26;-19,98
26,10.2019 10:34:20;40.3;0.81;294;304.9977010849506;284.47;Module 1,1_10;343.03;32,64;36,66;1,41;51,81;-19,17
26,10.2019 10:36:13;40.2;0.86;294;309.9591437600085;284.6;Module 1,1_10;348.15;34,57;36,67;1,44;52,73;-18,16
26,10.2019 10:38:32;40.2;0.88;294;321.86179412072363;284.79;Module 1,1_10;360.95;35,38;36,70;1,50;54,93;-19,56
26,10.2019 10:40:34;40.1;0.95;294.5;329.1509955677425;285.04;Module 1,1_10;368.63;38,09;36,63;1,53;56,16;-18,06
26,10.2019 10:42:32;40;0.98;294.5;336.43214706661166;285.18;Module 1,1_10;376.31;39,20;36,66;1,57;57,50;-18,30
26,10.2019 10:44:26;40;1.01;296;343.70521665669264;285.47;Module 1,1_10;383.99;40,40;36,41;1,61;58,44;-18,04
26,10.2019 10:46:24;39.9;1.05;296;350.99820181332694;285.82;Module 1,1_10;391.67;41,90;36,42;1,64;59,78;-17,88
26,10.2019 10:48:26;39.9;1.02;296;356.01365664047086;286.23;Module 1,1_10;396.79;40,70;36,43;1,67;60,70;-20,00
26,10.2019 10:50:19;37.1;1.78;298;363.29748638245894;286.71;Module 1,1_10;404.47;66,04;36,09;1,70;61,46;4,57
26,10.2019 10:52:14;36.4;1.8;298;368.29152956043305;287.07;Module 1,1_10;409.59;65,52;36,10;1,73;62,37;3,15
26,10.2019 10:54:13;36.4;1.85;296.5;373.29911350242014;287.48;Module 1,1_10;414.71;67,34;36,38;1,75;63,71;3,63
26,10.2019 10:56:07;36.6;1.72;296.5;380.5966062422214;287.76;Module 1,1_10;422.39;62,95;36,39;1,79;65,04;-2,09
26,10.2019 10:58:01;38.7;1.44;296.5;390.2077488586524;288.05;Module 1,1_10;432.63;55,73;36,41;1,83;66,80;-11,07
26,10.2019 10:59:56;39.1;1.34;298;397.51991742239727;288.28;Module 1,1_10;440.31;52,39;36,15;1,87;67,66;-15,27
26,10.2019 11:01:50;39.1;1.44;298;404.83297627974696;288.46;Module 1,1_10;447.99;56,30;36,16;1,91;68,98;-12,68
26,10.2019 11:03:44;39;1.43;298.5;409.8345675164274;288.6;Module 1,1_10;453.11;55,77;36,08;1,93;69,73;-13,96
26,10.2019 11:05:36;39.2;1.39;298.5;412.51191726726705;288.7;Module 1,1_10;455.67;54,49;36,09;1,95;70,21;-15,72
26,10.2019 11:07:57;39.2;1.35;300;424.5560239239;288.8;Module 1,1_10;468.47;52,92;35,84;2,01;71,88;-18,96
26,10.2019 11:10:09;39.3;1.2;300;429.61629961129563;289.03;Module 1,1_10;473.59;47,16;35,84;2,03;72,78;-25,62
26,10.2019 11:12:01;39.5;1.27;300;436.9367639654645;289.14;Module 1,1_10;481.27;50,16;35,85;2,07;74,09;-23,92
26,10.2019 11:13:54;39.5;1.24;300.5;441.9376439765615;289.29;Module 1,1_10;486.39;48,98;35,77;2,09;74,81;-25,83
26,10.2019 11:15:47;39.5;1.33;300.5;451.593751392164;289.43;Module 1,1_10;496.63;52,54;35,77;2,14;76,53;-23,99
26,10.2019 11:17:39;39.3;1.41;302;456.5941643714305;289.53;Module 1,1_10;501.75;55,41;35,52;2,16;76,87;-21,46
26,10.2019 11:19:32;39.6;1.21;302;463.92839646002585;289.55;Module 1,1_10;509.43;47,92;35,52;2,20;78,17;-30,25
26,10.2019 11:21:56;39.3;1.36;302;471.35817096305914;289.65;Module 1,1_10;517.11;53,45;35,52;2,24;79,48;-26,03
26,10.2019 11:23:49;39.7;1.24;302;476.36198465708617;289.82;Module 1,1_10;522.23;49,23;35,53;2,26;80,36;-31,13
26,10.2019 11:25:43;39.4;1.43;302;483.7047546529981;289.94;Module 1,1_10;529.91;56,34;35,53;2,30;81,66;-25,32
26,10.2019 11:27:36;38.8;1.51;302.5;491.0469763192799;290.09;Module 1,1_10;537.59;58,59;35,45;2,33;82,75;-24,17
26,10.2019 11:29:29;38.6;1.56;302.5;498.3914732016833;290.26;Module 1,1_10;545.27;60,22;35,45;2,37;84,04;-23,83
26,10.2019 11:31:22;38.7;1.68;302.5;501.0552792423913;290.33;Module 1,1_10;547.83;65,02;35,45;2,38;84,51;-19,50
26,10.2019 11:33:15;37.9;2.06;303.5;510.74390824903384;290.5;Module 1,1_10;558.07;78,07;35,28;2,43;85,80;-7,73
26,10.2019 11:35:11;36.2;2.39;303.5;515.7570905065894;290.63;Module 1,1_10;563.19;86,52;35,28;2,46;86,68;-0,16
26,10.2019 11:37:19;36.3;2.35;303.5;518.4561019254203;290.85;Module 1,1_10;565.75;85,30;35,28;2,47;87,15;-1,84
26,10.2019 11:39:12;35.5;2.44;303.5;525.8042843776144;291.07;Module 1,1_10;573.43;86,62;35,29;2,51;88,43;-1,81
26,10.2019 11:41:06;35.7;2.5;303.5;528.4593724077947;291.21;Module 1,1_10;575.99;89,25;35,29;2,52;88,89;0,36
26,10.2019 11:42:59;35.6;2.54;303.5;535.8081917663166;291.27;Module 1,1_10;583.67;90,42;35,29;2,56;90,17;0,25
26,10.2019 11:44:51;35.3;2.55;303.5;540.8045734262596;291.47;Module 1,1_10;588.79;90,01;35,29;2,58;91,04;-1,03
26,10.2019 11:46:46;35.3;2.58;303.5;545.8076816511395;291.76;Module 1,1_10;593.91;91,07;35,29;2,60;91,91;-0,84
26,10.2019 11:48:43;35.3;2.56;303.5;546.106752266505;291.99;Module 1,1_10;593.91;90,37;35,29;2,61;91,97;-1,60
26,10.2019 11:50:36;35.4;2.61;303.5;551.0998167406786;292.05;Module 1,1_10;599.03;92,39;35,29;2,63;92,83;-0,44
26,10.2019 11:52:34;35.2;2.58;303.5;556.1041039298043;292.31;Module 1,1_10;604.15;90,82;35,29;2,66;93,70;-2,89
26,10.2019 11:54:28;35.3;2.62;303.5;558.7396299582272;292.46;Module 1,1_10;606.71;92,49;35,29;2,67;94,16;-1,68
26,10.2019 11:56:21;35.3;2.61;303.5;563.7279930362122;292.72;Module 1,1_10;611.83;92,13;35,29;2,69;95,03;-2,90
26,10.2019 11:58:14;35;2.67;303.5;566.3553584805566;292.94;Module 1,1_10;614.39;93,45;35,29;2,71;95,49;-2,04
26,10.2019 11:59:57;35;2.71;303.5;566.5953570856946;293.02;Module 1,1_10;614.39;94,85;35,29;2,71;95,53;-0,68
26,10.2019 12:01:57;35;2.7;306;571.5932254254086;293.23;Module 1,1_10;619.51;94,50;34,85;2,73;95,23;-0,73
26,10.2019 12:04:20;35.1;2.72;306;576.6410185199895;293.32;Module 1,1_10;624.63;95,47;34,85;2,76;96,09;-0,62
26,10.2019 12:06:13;35.4;2.4;306;576.8908676309038;293.34;Module 1,1_10;624.63;84,96;34,85;2,76;96,13;-11,17
26,10.2019 12:08:08;36.7;2.44;306;581.8705233218112;293.51;Module 1,1_10;629.75;89,55;34,85;2,78;96,99;-7,44
26,10.2019 12:10:01;35.6;2.76;306;582.1119313194868;293.57;Module 1,1_10;629.75;98,26;34,85;2,78;97,03;1,23
26,10.2019 12:11:57;35.2;2.73;306.5;584.7218281295095;293.54;Module 1,1_10;632.31;96,10;34,76;2,80;97,23;-1,14
26,10.2019 12:13:50;35;2.79;306.5;592.058855751639;293.47;Module 1,1_10;639.99;97,65;34,76;2,83;98,49;-0,84
26,10.2019 12:15:42;35;2.81;306.5;594.6561133723958;293.5;Module 1,1_10;642.55;98,35;34,76;2,85;98,93;-0,58
26,10.2019 12:17:37;34.9;2.86;306.5;597.256351814833;293.49;Module 1,1_10;645.11;99,81;34,76;2,86;99,37;0,44
26,10.2019 12:19:37;34.7;2.82;306.5;602.2342204262904;293.64;Module 1,1_10;650.23;97,85;34,76;2,88;100,22;-2,37
26,10.2019 12:21:29;34.8;2.9;308.1;607.1949848633744;293.78;Module 1,1_10;655.35;100,92;34,48;2,91;100,26;0,66
26,10.2019 12:23:27;34.9;2.86;308.1;610.1360968999326;293.96;Module 1,1_10;658.28;99,81;34,48;2,92;100,76;-0,95
26,10.2019 12:25:24;34.7;2.93;308.1;613.5265958443886;294.06;Module 1,1_10;661.7;101,67;34,48;2,94;101,33;0,34
26,10.2019 12:27:17;34.6;2.94;308.1;615.859004685919;294.08;Module 1,1_10;663.99;101,72;34,47;2,95;101,73;-0,00
26,10.2019 12:29:13;34.6;2.92;308.1;620.3277003135261;294.07;Module 1,1_10;668.58;101,03;34,47;2,97;102,48;-1,45
26,10.2019 12:31:06;34.6;2.97;308.1;625.6523711804722;294.29;Module 1,1_10;674.1;102,76;34,47;3,00;103,38;-0,62
26,10.2019 12:32:59;34.6;2.98;308.1;626.1759178741013;294.54;Module 1,1_10;674.45;103,11;34,47;3,00;103,47;-0,36
26,10.2019 12:34:58;34.6;3.01;308.6;630.0396096755518;294.65;Module 1,1_10;678.39;104,15;34,38;3,02;103,86;0,29
26,10.2019 12:36:50;34.6;2.98;308.6;636.0629638213381;294.71;Module 1,1_10;684.67;103,11;34,38;3,05;104,87;-1,76
26,10.2019 12:38:44;34.6;3.04;308.6;639.3102994813123;294.79;Module 1,1_10;687.96;105,18;34,38;3,07;105,41;-0,23
26,10.2019 12:40:37;34.6;3.05;310.1;639.8949348760761;294.78;Module 1,1_10;688.39;105,53;34,11;3,07;104,71;0,82
26,10.2019 12:42:30;34.5;3.05;310.1;643.9344877871191;294.96;Module 1,1_10;692.54;105,22;34,11;3,09;105,39;-0,16
26,10.2019 12:44:23;34.3;3.15;310.1;645.6933269480937;295.2;Module 1,1_10;694.24;108,04;34,11;3,10;105,68;2,37
26,10.2019 12:46:25;33.5;3.23;310.1;649.4163181018612;295.3;Module 1,1_10;698.04;108,20;34,11;3,12;106,30;1,91
26,10.2019 12:48:19;33.4;3.21;310.1;649.2347059741892;295.41;Module 1,1_10;697.66;107,21;34,11;3,12;106,27;0,95
26,10.2019 12:50:40;33.7;3.28;310.1;653.639933804676;295.42;Module 1,1_10;702.17;110,54;34,11;3,14;107,00;3,54
26,10.2019 12:52:35;33.5;3.27;310.1;656.9244209305305;295.52;Module 1,1_10;705.52;109,55;34,10;3,15;107,55;2,00
26,10.2019 12:54:28;33.6;3.25;310.1;658.1452674672786;295.42;Module 1,1_10;706.66;109,20;34,10;3,16;107,75;1,45
26,10.2019 12:56:21;33.4;3.34;310.1;662.6790527207269;295.21;Module 1,1_10;711.36;111,56;34,10;3,18;108,50;3,05
26,10.2019 12:58:26;33.9;3.29;310.1;666.220680746553;295.17;Module 1,1_10;714.98;111,53;34,10;3,20;109,09;2,44
26,10.2019 13:00:33;33.3;3.34;310.1;668.7179570499478;295.24;Module 1,1_10;717.48;111,22;34,10;3,21;109,51;1,72
26,10.2019 13:02:27;33.4;3.33;310.1;670.1415642938291;295.34;Module 1,1_10;718.85;111,22;34,09;3,22;109,74;1,48
26,10.2019 13:04:20;33.5;3.33;310.1;673.9476283122965;295.65;Module 1,1_10;722.78;111,56;34,09;3,24;110,37;1,18
26,10.2019 13:06:44;32.8;3.35;310.1;674.701781108992;296.03;Module 1,1_10;723.4;109,88;34,09;3,24;110,50;-0,62
26,10.2019 13:08:36;33.3;3.41;310.6;673.0993387227386;296.2;Module 1,1_10;721.54;113,55;34,01;3,23;109,95;3,60
26,10.2019 13:10:41;33.1;3.38;310.6;672.2443492117067;296.5;Module 1,1_10;720.47;111,88;34,01;3,23;109,81;2,07
26,10.2019 13:12:36;32.9;3.41;310.6;675.965069193536;296.64;Module 1,1_10;724.32;112,19;34,01;3,25;110,42;1,76
26,10.2019 13:14:39;32.7;3.45;310.6;680.1212848708327;296.86;Module 1,1_10;728.63;112,82;34,01;3,27;111,11;1,70
26,10.2019 13:16:31;33.3;3.39;310.6;684.4499606484922;297.14;Module 1,1_10;733.14;112,89;34,00;3,29;111,83;1,06
26,10.2019 13:18:24;33.3;3.4;312.1;692.9980420222013;297.43;Module 1,1_10;742.17;113,22;33,73;3,33;112,37;0,85
26,10.2019 13:20:17;32.7;3.39;312.1;685.1740201439426;297.75;Module 1,1_10;733.67;110,85;33,73;3,29;111,09;-0,23
26,10.2019 13:22:39;33.3;3.35;312.6;686.5810462143675;297.94;Module 1,1_10;735.03;111,55;33,65;3,30;111,03;0,53
26,10.2019 13:24:32;33.1;3.42;312.6;687.7136214682043;298.19;Module 1,1_10;736.13;113,20;33,65;3,31;111,21;1,99
26,10.2019 13:26:25;33;3.36;312.6;680.4897128160795;298.25;Module 1,1_10;728.29;110,88;33,65;3,27;110,03;0,85
26,10.2019 13:28:17;33.1;3.39;312.6;683.8285246911937;298.18;Module 1,1_10;731.76;112,21;33,65;3,29;110,58;1,63
26,10.2019 13:30:11;33.2;3.4;312.6;680.2315043540068;298.23;Module 1,1_10;727.81;112,88;33,65;3,27;109,99;2,89
26,10.2019 13:32:11;33.5;3.45;314.1;683.5611788863343;298.02;Module 1,1_10;731.27;115,58;33,38;3,29;109,67;5,91
26,10.2019 13:34:06;32.9;3.41;314.1;685.5004525437062;298.1;Module 1,1_10;733.25;112,19;33,38;3,29;109,98;2,20
26,10.2019 13:36:25;33;3.46;314.1;693.4941578074881;298.18;Module 1,1_10;741.69;114,18;33,38;3,33;111,28;2,90
26,10.2019 13:38:18;32.7;3.36;314.1;696.3703133952112;298.22;Module 1,1_10;744.68;109,87;33,38;3,35;111,75;-1,87
26,10.2019 13:40:10;33.1;3.48;314.1;700.0285555443195;298.17;Module 1,1_10;748.51;115,19;33,38;3,37;112,34;2,85
26,10.2019 13:42:11;33.3;3.39;314.1;698.3865727456098;298.11;Module 1,1_10;746.67;112,89;33,38;3,36;112,07;0,82
26,10.2019 13:44:04;33.3;3.4;314.1;693.526911727536;298.13;Module 1,1_10;741.4;113,22;33,38;3,33;111,28;1,94
26,10.2019 13:46:01;32.7;3.42;314.1;690.6016552187647;298.09;Module 1,1_10;738.2;111,83;33,38;3,32;110,81;1,02
26,10.2019 13:47:54;32.9;3.44;314.1;691.0569372880484;298.12;Module 1,1_10;738.62;113,18;33,38;3,32;110,88;2,29
26,10.2019 13:49:47;33.3;3.35;314.1;691.6305331722324;298.05;Module 1,1_10;739.17;111,55;33,38;3,32;110,98;0,58
26,10.2019 13:51:45;32.9;3.42;314.1;684.3240761271045;298.02;Module 1,1_10;731.3;112,52;33,38;3,29;109,79;2,72
26,10.2019 13:53:38;33.7;3.31;314.1;693.0320725605172;298.02;Module 1,1_10;740.55;111,55;33,38;3,33;111,20;0,34
26,10.2019 13:55:40;33.6;3.33;314.1;690.1365013837242;298.12;Module 1,1_10;737.4;111,89;33,38;3,32;110,74;1,15
26,10.2019 13:57:33;33.4;3.31;314.1;688.1223141510623;298.39;Module 1,1_10;735.2;110,55;33,38;3,31;110,41;0,14
26,10.2019 13:59:26;33.3;3.4;314.1;692.525617946882;298.38;Module 1,1_10;739.86;113,22;33,38;3,33;111,12;2,10
26,10.2019 14:01:18;33.5;3.37;314.1;690.9161172217139;298.28;Module 1,1_10;738.1;112,90;33,38;3,32;110,86;2,03
26,10.2019 14:03:14;33.5;3.38;314.1;693.3670619302027;298.29;Module 1,1_10;740.68;113,23;33,38;3,33;111,26;1,97
26,10.2019 14:05:08;33.1;3.43;314.1;692.5375562107046;298.16;Module 1,1_10;739.76;113,53;33,38;3,33;111,12;2,41
26,10.2019 14:07:11;33.4;3.37;314.1;687.9430480629012;298.17;Module 1,1_10;734.82;112,56;33,38;3,31;110,38;2,18
26,10.2019 14:09:04;32.9;3.37;314.1;689.5494549669413;298.35;Module 1,1_10;736.51;110,87;33,38;3,31;110,64;0,23
26,10.2019 14:11:01;33.1;3.43;314.1;682.005899853214;298.49;Module 1,1_10;728.43;113,53;33,38;3,28;109,42;4,12
26,10.2019 14:12:54;32.9;3.37;314.1;684.2981864681853;298.71;Module 1,1_10;730.86;110,87;33,38;3,29;109,79;1,08
26,10.2019 14:14:48;33;3.33;314.1;683.2072062517996;299.01;Module 1,1_10;729.68;109,89;33,38;3,28;109,61;0,28
26,10.2019 14:16:42;33.1;3.42;314.1;685.0902380778036;299.01;Module 1,1_10;731.68;113,20;33,38;3,29;109,92;3,28
26,10.2019 14:19:55;33.1;3.38;314.1;685.9894302106158;298.99;Module 1,1_10;732.63;111,88;33,38;3,30;110,06;1,81
26,10.2019 14:21:48;34;3.21;314.1;683.509126296933;298.76;Module 1,1_10;729.98;109,14;33,38;3,28;109,66;-0,52
26,10.2019 14:24:01;33.8;3.23;314.1;675.9309086779107;298.61;Module 1,1_10;721.89;109,17;33,39;3,25;108,43;0,74
26,10.2019 14:25:56;33.7;3.27;314.1;676.8044160017067;298.53;Module 1,1_10;722.83;110,20;33,39;3,25;108,57;1,63
26,10.2019 14:27:49;33.3;3.28;314.1;673.4985656713361;298.39;Module 1,1_10;719.31;109,22;33,39;3,24;108,04;1,19
26,10.2019 14:29:42;33.4;3.31;314.1;675.2266133113508;298.46;Module 1,1_10;721.17;110,55;33,39;3,24;108,32;2,24
26,10.2019 14:31:42;33.3;3.23;314.1;676.5285828148222;298.65;Module 1,1_10;722.58;107,56;33,39;3,25;108,53;-0,97
26,10.2019 14:33:38;33.1;3.32;314.1;677.7243008237414;298.85;Module 1,1_10;723.88;109,89;33,39;3,26;108,72;1,17
26,10.2019 14:35:31;33.5;3.25;314.1;670.4442174361503;298.84;Module 1,1_10;716.13;108,88;33,39;3,22;107,54;1,33
26,10.2019 14:37:24;33.9;3.2;314.1;667.7015374301034;298.85;Module 1,1_10;713.23;108,48;33,39;3,21;107,10;1,38
26,10.2019 14:39:40;33.5;3.19;314.1;667.3545497460098;298.92;Module 1,1_10;712.9;106,86;33,39;3,21;107,04;-0,17
26,10.2019 14:41:33;33.7;3.19;314.1;662.4888690881647;298.9;Module 1,1_10;707.74;107,50;33,40;3,18;106,25;1,25
26,10.2019 14:43:25;33.6;3.15;314.1;665.4174125711438;299.01;Module 1,1_10;710.91;105,84;33,39;3,20;106,72;-0,88
26,10.2019 14:45:19;33.8;3.19;314.1;662.7255094174265;298.9;Module 1,1_10;708.08;107,82;33,40;3,18;106,29;1,54
26,10.2019 14:47:15;33.7;3.07;314.1;653.627934512044;298.6;Module 1,1_10;698.41;103,46;33,40;3,14;104,81;-1,35
26,10.2019 14:49:09;33.9;3.14;314.1;657.8078517888347;298.48;Module 1,1_10;702.93;106,45;33,40;3,16;105,49;0,96
26,10.2019 14:51:05;33.9;3.16;312.6;655.2356802951485;298.57;Module 1,1_10;700.24;107,12;33,66;3,15;105,90;1,23
26,10.2019 14:52:58;34.1;3.12;312.6;656.6473942051323;298.57;Module 1,1_10;701.81;106,39;33,66;3,15;106,13;0,27
26,10.2019 14:55:20;34;3.14;312.6;649.3755651868998;298.62;Module 1,1_10;694.12;106,76;33,66;3,12;104,93;1,83
26,10.2019 14:57:13;33.8;3.07;312.6;646.3448458288407;298.38;Module 1,1_10;690.95;103,77;33,66;3,10;104,44;-0,67
26,10.2019 14:59:05;33.8;3.08;312.6;639.635586421238;298.05;Module 1,1_10;683.85;104,10;33,67;3,07;103,33;0,77
26,10.2019 15:01:12;34.4;3.05;312.6;638.460090755959;297.72;Module 1,1_10;682.68;104,92;33,67;3,06;103,14;1,78
26,10.2019 15:03:07;33.8;3.04;312.6;641.6458717446446;297.75;Module 1,1_10;686.17;102,75;33,67;3,08;103,66;-0,91
26,10.2019 15:05:00;34;2.97;312.6;629.8215006983344;297.7;Module 1,1_10;673.61;100,98;33,67;3,02;101,72;-0,74
26,10.2019 15:06:53;34;3.04;312.6;624.8020300407832;297.83;Module 1,1_10;668.33;103,36;33,67;3,00;100,89;2,47
26,10.2019 15:08:47;33.8;2.97;312.6;624.8173479946265;297.8;Module 1,1_10;668.44;100,39;33,67;3,00;100,90;-0,51
26,10.2019 15:10:41;33.6;3.05;312.1;629.6416888048312;297.97;Module 1,1_10;673.7;102,48;33,77;3,02;101,95;0,53
26,10.2019 15:12:33;32.9;3.11;312.1;623.9587037924061;297.9;Module 1,1_10;667.72;102,32;33,77;2,99;101,02;1,30
26,10.2019 15:14:26;32.6;3.07;310.6;613.9278705442531;297.9;Module 1,1_10;657.09;100,08;34,03;2,94;100,13;-0,04
26,10.2019 15:16:24;32.7;3.09;310.6;616.3157506954088;298.03;Module 1,1_10;659.76;101,04;34,03;2,95;100,52;0,52
26,10.2019 15:18:26;32.7;3.07;310.6;614.5940383151129;298.17;Module 1,1_10;658.04;100,39;34,03;2,95;100,24;0,15
26,10.2019 15:20:19;32.6;3.1;310.6;618.9559616292146;298.33;Module 1,1_10;662.83;101,06;34,03;2,97;100,96;0,10
26,10.2019 15:22:15;32.9;3.05;310.6;609.4629019556437;298.32;Module 1,1_10;652.79;100,34;34,03;2,92;99,38;0,96
26,10.2019 15:24:08;32.7;3.06;310.6;606.9541637930763;298.45;Module 1,1_10;650.23;100,06;34,03;2,91;98,96;1,10
26,10.2019 15:26:06;31.3;3.08;310.6;599.6580794944808;298.86;Module 1,1_10;642.55;96,40;34,03;2,87;97,75;-1,34
26,10.2019 15:27:59;31.4;3.09;310.6;599.5315771012448;298.78;Module 1,1_10;642.55;97,03;34,03;2,87;97,73;-0,70
26,10.2019 15:29:55;31.4;3.04;310.6;594.6207282243417;298.71;Module 1,1_10;637.43;95,46;34,04;2,85;96,91;-1,45
26,10.2019 15:31:49;31.7;3.03;310.6;592.0970419589875;298.75;Module 1,1_10;634.87;96,05;34,04;2,83;96,48;-0,43
26,10.2019 15:33:53;32;3;310.1;589.5570937147781;298.58;Module 1,1_10;632.31;96,00;34,13;2,82;96,31;-0,31
26,10.2019 15:35:46;32.8;2.95;310.1;587.0267656739635;298.57;Module 1,1_10;629.75;96,76;34,13;2,81;95,88;0,88
26,10.2019 15:37:40;31.7;3;310.1;586.8770641327043;298.69;Module 1,1_10;629.75;95,10;34,13;2,81;95,86;-0,76
26,10.2019 15:39:33;31.5;2.96;310.1;579.5683240127139;298.68;Module 1,1_10;622.07;93,24;34,13;2,77;94,63;-1,39
26,10.2019 15:41:28;33.1;2.81;310.1;574.6399475763977;298.64;Module 1,1_10;616.95;93,01;34,13;2,75;93,80;-0,79
26,10.2019 15:43:22;31.9;2.88;310.1;569.7103272028171;298.57;Module 1,1_10;611.83;91,87;34,13;2,72;92,98;-1,10
26,10.2019 15:45:15;32.3;2.77;310.1;564.7795833302032;298.57;Module 1,1_10;606.71;89,47;34,13;2,70;92,15;-2,68
26,10.2019 15:47:09;32.5;2.83;310.1;557.4624729959226;298.47;Module 1,1_10;599.03;91,98;34,13;2,66;90,92;1,06
26,10.2019 15:49:02;32.1;2.79;310.1;554.9090562979368;298.46;Module 1,1_10;596.47;89,56;34,13;2,65;90,49;-0,93
26,10.2019 15:51:06;32.1;2.77;310.1;547.5726860065508;298.61;Module 1,1_10;588.79;88,92;34,13;2,62;89,25;-0,34
26,10.2019 15:53:06;32.9;2.7;310.1;549.7609867290143;298.54;Module 1,1_10;591.35;88,83;34,13;2,63;89,62;-0,79
26,10.2019 15:54:59;32.7;2.74;310.1;549.5738585952915;298.52;Module 1,1_10;591.35;89,60;34,13;2,63;89,59;0,01
26,10.2019 15:57:15;33.1;2.59;310.6;535.072060875148;298.19;Module 1,1_10;575.99;85,73;34,03;2,55;86,93;-1,20
26,10.2019 15:59:09;34.1;2.62;310.6;530.1208082878056;298.23;Module 1,1_10;570.87;89,34;34,03;2,53;86,09;3,25
26,10.2019 16:01:03;33.7;2.58;310.1;527.5434194993749;298.17;Module 1,1_10;568.31;86,95;34,12;2,52;85,88;1,07
26,10.2019 16:02:56;33.7;2.56;310.1;524.9635102658235;298.23;Module 1,1_10;565.75;86,27;34,12;2,50;85,44;0,83
26,10.2019 16:05:12;35.5;1.96;310.1;519.9617025503827;298.47;Module 1,1_10;560.63;69,58;34,12;2,48;84,60;-15,02
26,10.2019 16:06:57;38.2;2.39;310.6;512.6415551996931;298.78;Module 1,1_10;552.95;91,30;34,02;2,44;83,15;8,15
26,10.2019 16:08:55;34.8;2.3;310.6;505.2962822336044;298.93;Module 1,1_10;545.27;80,04;34,02;2,41;81,91;-1,87
26,10.2019 16:10:48;38.7;0.47;310.6;500.3314869310517;298.82;Module 1,1_10;540.15;18,19;34,02;2,38;81,08;-62,89
26,10.2019 16:12:54;39.9;0.27;310.6;495.3380361542011;298.68;Module 1,1_10;535.03;10,77;34,02;2,36;80,23;-69,46
26,10.2019 16:14:52;39.8;0.26;310.6;490.3576133900203;298.68;Module 1,1_10;529.91;10,35;34,02;2,33;79,39;-69,05
26,10.2019 16:16:49;39.7;0.27;314.1;480.64102021912146;298.86;Module 1,1_10;519.67;10,72;33,38;2,29;76,36;-65,64
26,10.2019 16:18:41;39.6;0.26;314.1;475.67028019251825;299.08;Module 1,1_10;514.55;10,30;33,38;2,26;75,54;-65,24
26,10.2019 16:20:37;39.7;0.26;314.1;470.6886134616076;299.1;Module 1,1_10;509.43;10,32;33,38;2,24;74,71;-64,39
26,10.2019 16:22:41;39.7;0.25;314.1;465.6866003720158;299.09;Module 1,1_10;504.31;9,93;33,38;2,21;73,88;-63,95
26,10.2019 16:24:34;39.6;0.25;314.1;455.9809442883583;299.27;Module 1,1_10;494.07;9,90;33,37;2,17;72,26;-62,36
26,10.2019 16:26:38;39.6;0.24;314.1;450.9757236226798;299.41;Module 1,1_10;488.95;9,50;33,36;2,14;71,43;-61,93
26,10.2019 16:28:31;39.6;0.24;314.1;445.99298173908403;299.35;Module 1,1_10;483.83;9,50;33,36;2,12;70,60;-61,10
26,10.2019 16:30:25;39.5;0.24;314.1;445.72234811758614;299.28;Module 1,1_10;483.83;9,48;33,36;2,12;70,56;-61,08
26,10.2019 16:32:18;37.2;0.24;314.1;440.7321476182889;299.09;Module 1,1_10;478.71;8,93;33,35;2,09;69,73;-60,80
26,10.2019 16:34:29;34.8;0.23;314.1;433.3392859757615;299.13;Module 1,1_10;471.03;8,00;33,34;2,05;68,50;-60,49
26,10.2019 16:36:26;33.4;0.23;314.1;425.981356906663;299.28;Module 1,1_10;463.35;7,68;33,34;2,02;67,27;-59,59
26,10.2019 16:38:19;31.9;0.23;314.1;420.98627080476444;299.07;Module 1,1_10;458.23;7,34;33,33;1,99;66,44;-59,10
26,10.2019 16:40:12;31.4;0.22;306.5;413.6386371619592;298.8;Module 1,1_10;450.55;6,91;34,67;1,95;67,77;-60,87
26,10.2019 16:42:11;32;0.21;306.5;408.62465785543765;298.52;Module 1,1_10;445.43;6,72;34,66;1,93;66,90;-60,18
26,10.2019 16:44:04;32.5;0.2;303.5;403.6241796245555;298.45;Module 1,1_10;440.31;6,50;35,19;1,90;67,01;-60,51
26,10.2019 16:45:56;33.1;0.2;303.5;396.27932786434286;298.5;Module 1,1_10;432.63;6,62;35,18;1,87;65,71;-59,09
26,10.2019 16:47:53;33.7;0.18;303.5;391.26500262921525;298.59;Module 1,1_10;427.51;6,07;35,17;1,84;64,83;-58,76
26,10.2019 16:49:45;33.8;0.19;303.5;386.26239129859437;298.61;Module 1,1_10;422.39;6,42;35,16;1,82;63,95;-57,53
26,10.2019 16:51:40;34;0.19;303.5;378.9098798415393;298.53;Module 1,1_10;414.71;6,46;35,15;1,78;62,65;-56,19
26,10.2019 16:53:33;33.8;0.18;303.5;369.2280575871089;298.49;Module 1,1_10;404.47;6,08;35,13;1,73;60,94;-54,86
26,10.2019 16:55:35;33.8;0.18;300.5;361.8606600272251;298.42;Module 1,1_10;396.79;6,08;35,65;1,70;60,50;-54,41
26,10.2019 16:57:28;33.7;0.19;300.5;354.52199194291865;298.46;Module 1,1_10;389.11;6,40;35,63;1,66;59,18;-52,78
26,10.2019 16:59:22;33.7;0.18;300.5;349.5129685970303;298.4;Module 1,1_10;383.99;6,07;35,63;1,64;58,28;-52,22
26,10.2019 17:01:14;33.7;0.17;300.5;344.5081459187341;298.31;Module 1,1_10;378.87;5,73;35,61;1,61;57,39;-51,66
26,10.2019 17:03:09;33.7;0.18;300.5;339.49194302824594;298.39;Module 1,1_10;373.75;6,07;35,60;1,59;56,49;-50,42
26,10.2019 17:05:02;33.8;0.18;298.5;332.1572051774836;298.27;Module 1,1_10;366.07;6,08;35,94;1,55;55,69;-49,60
26,10.2019 17:07:15;33.7;0.17;298.5;324.760184623573;298.28;Module 1,1_10;358.39;5,73;35,91;1,51;54,35;-48,62
26,10.2019 17:09:11;33.8;0.17;298;317.42139978940514;298.22;Module 1,1_10;350.71;5,75;35,98;1,48;53,14;-47,40
26,10.2019 17:11:03;33.8;0.18;298;312.41384494826684;298.1;Module 1,1_10;345.59;6,08;35,97;1,45;52,23;-46,15
26,10.2019 17:13:00;33.9;0.18;298;305.076139101324;298.14;Module 1,1_10;337.91;6,10;35,95;1,42;50,90;-44,80
26,10.2019 17:15:01;34;0.17;298;297.7284064691191;298.21;Module 1,1_10;330.23;5,78;35,92;1,38;49,57;-43,79
26,10.2019 17:16:53;33.9;0.17;298;289.939088773588;298.2;Module 1,1_10;322.02;5,76;35,90;1,34;48,15;-42,39
26,10.2019 17:18:46;33.9;0.17;298;284.17553708312624;298.15;Module 1,1_10;316.06;5,76;35,88;1,31;47,11;-41,34
26,10.2019 17:20:39;33.9;0.16;298;276.68897871271855;298.03;Module 1,1_10;308.18;5,42;35,85;1,28;45,75;-40,32
26,10.2019 17:22:44;33.9;0.16;296.5;269.72926900988364;298;Module 1,1_10;300.93;5,42;36,09;1,24;44,79;-39,36
26,10.2019 17:24:36;33.3;0.17;296.5;262.8305105646316;297.97;Module 1,1_10;293.69;5,66;36,06;1,21;43,53;-37,87
26,10.2019 17:26:30;33;0.17;296.5;256.5191004658918;297.88;Module 1,1_10;287.11;5,61;36,03;1,18;42,37;-36,76
26,10.2019 17:28:23;32.7;0.17;296;247.56586157531677;297.79;Module 1,1_10;277.56;5,56;36,08;1,13;40,83;-35,27
26,10.2019 17:30:16;32.7;0.18;296;243.8878054423501;297.71;Module 1,1_10;273.92;5,89;36,06;1,11;40,15;-34,27
26,10.2019 17:32:12;32.7;0.17;296;235.4379896912432;297.52;Module 1,1_10;264.93;5,56;36,02;1,07;38,61;-33,05
26,10.2019 17:34:04;32.5;0.17;296;227.7792595603182;297.38;Module 1,1_10;256.8;5,53;35,98;1,03;37,21;-31,68
26,10.2019 17:35:57;32;0.18;296;221.2247461009668;297.27;Module 1,1_10;249.91;5,76;35,94;1,00;36,01;-30,25
26,10.2019 17:38:14;31.3;0.18;295.5;214.00522491335377;296.99;Module 1,1_10;242.37;5,63;35,98;0,97;34,76;-29,13
26,10.2019 17:40:10;33.1;0.16;295.5;207.51373253321944;296.82;Module 1,1_10;235.55;5,30;35,94;0,93;33,58;-28,28
26,10.2019 17:42:11;32.3;0.17;294.5;200.24379087989433;296.8;Module 1,1_10;227.86;5,49;36,06;0,90;32,39;-26,90
26,10.2019 17:43:54;31;0.17;294.5;179.19750717127545;296.75;Module 1,1_10;204.36;5,27;35,90;0,79;28,52;-23,25
26,10.2019 17:45:47;32.7;0.16;294.5;173.20103173418698;296.55;Module 1,1_10;198.02;5,23;35,84;0,77;27,42;-22,19
26,10.2019 17:47:40;31.2;0.16;294.5;184.8001228705728;296.28;Module 1,1_10;211.84;4,99;35,95;0,82;29,55;-24,56
26,10.2019 17:49:38;31.7;0.16;294.5;178.27249409640825;296;Module 1,1_10;204.95;5,07;35,89;0,79;28,35;-23,28
26,10.2019 17:51:56;30.4;0.16;294.5;170.3548786065727;295.76;Module 1,1_10;196.55;4,86;35,82;0,75;26,90;-22,04
26,10.2019 17:54:32;29.2;0.16;294.5;161.81040240713497;295.63;Module 1,1_10;187.5;4,67;35,73;0,71;25,34;-20,67
26,10.2019 17:56:25;30;0.15;294;153.94467133090424;295.5;Module 1,1_10;178.98;4,50;35,73;0,67;23,95;-19,45
26,10.2019 17:58:18;31;0.15;294;144.0630786925983;295.33;Module 1,1_10;168.08;4,65;35,62;0,62;22,15;-17,50
26,10.2019 18:00:11;29.2;0.15;294;142.94133732703506;295.17;Module 1,1_10;167.39;4,38;35,60;0,62;21,94;-17,56
26,10.2019 18:02:21;28.3;0.15;294;133.10680716311052;294.9;Module 1,1_10;156.58;4,25;35,47;0,57;20,15;-15,91
26,10.2019 18:04:04;24;0.15;294;115.91867095465713;294.75;Module 1,1_10;136.88;3,60;35,19;0,48;17,03;-13,43
26,10.2019 18:06:23;21.3;0.15;294;111.18543057263015;294.48;Module 1,1_10;132.01;3,19;35,10;0,46;16,18;-12,98
26,10.2019 18:08:16;19.4;0.15;294;111.79857365745418;294.32;Module 1,1_10;133.37;2,91;35,12;0,46;16,29;-13,38
26,10.2019 18:10:16;24.8;0.13;290.4;97.71684504288412;294.14;Module 1,1_10;117.2;3,22;35,45;0,39;13,94;-10,72
26,10.2019 18:12:16;31.3;0.11;290.4;93.34235782393749;294.04;Module 1,1_10;112.6;3,44;35,34;0,37;13,15;-9,71
26,10.2019 18:14:09;31.2;0.11;290.4;84.25512920356348;293.9;Module 1,1_10;102.23;3,43;35,08;0,33;11,50;-8,07
26,10.2019 18:16:02;31.1;0.11;292.4;90.21962050111115;293.78;Module 1,1_10;110.15;3,42;34,90;0,36;12,49;-9,07
26,10.2019 18:17:55;31.1;0.11;292.4;88.72421540733713;293.72;Module 1,1_10;109.05;3,42;34,86;0,35;12,22;-8,80
26,10.2019 18:20:09;30.8;0.1;294;49.95632025833638;293.52;Module 1,1_10;61.93;3,08;32,60;0,17;5,39;-2,31
26,10.2019 18:22:01;30.9;0.1;294;22.042876293504815;293.11;Module 1,1_10;27.54;3,09;20,85;0,06;1,19;1,90
26,10.2019 18:23:55;31.1;0.09;294;19.410205519098263;292.69;Module 1,1_10;24.46;2,80;18,37;0,05;0,92;1,88
26,10.2019 18:26:02;31.1;0.09;292.4;17.951869414054507;292.32;Module 1,1_10;22.86;2,80;16,98;0,05;0,79;2,01
26,10.2019 18:27:56;30.9;0.08;292.4;16.602205871975137;291.96;Module 1,1_10;21.36;2,47;15,70;0,04;0,67;1,80
26,10.2019 18:29:48;31.1;0.08;294;14.428548102218102;291.66;Module 1,1_10;18.77;2,49;13,66;0,04;0,51;1,98
26,10.2019 18:31:42;30.5;0;294;11.555667246728202;291.43;Module 1,1_10;15.22;0,00;10,94;0,03;0,33;-0,33
26,10.2019 18:33:36;30.5;0;294;9.541239269102824;291.17;Module 1,1_10;12.74;0,00;9,03;0,02;0,22;-0,22
26,10.2019 18:35:34;29.9;0;292.4;8.603093146601847;290.99;Module 1,1_10;11.67;0,00;8,14;0,02;0,18;-0,18
26,10.2019 18:37:27;29.7;0;292.4;7.813706150674202;290.81;Module 1,1_10;10.78;0,00;7,39;0,02;0,15;-0,15
26,10.2019 18:39:25;30.5;0;292.4;6.920704682700931;290.63;Module 1,1_10;9.74;0,00;6,55;0,02;0,12;-0,12
26,10.2019 18:41:34;32.5;0;292.4;6.2719265772592045;290.5;Module 1,1_10;9.05;0,00;5,93;0,02;0,10;-0,10
26,10.2019 18:43:30;33.5;0;292.4;5.598045764405397;290.38;Module 1,1_10;8.29;0,00;5,30;0,01;0,08;-0,08
26,10.2019 18:45:23;32.5;0;294;5.239838251392224;290.28;Module 1,1_10;7.99;0,00;4,96;0,01;0,07;-0,07
26,10.2019 18:47:17;33.1;0;294;4.51706534422263;290.14;Module 1,1_10;7.13;0,00;4,27;0,01;0,05;-0,05
26,10.2019 18:49:15;32.7;0;294;4.261886315981289;290.05;Module 1,1_10;7.02;0,00;4,03;0,01;0,04;-0,04
26,10.2019 18:51:09;33;0;294;3.875427611227837;289.96;Module 1,1_10;6.71;0,00;3,67;0,01;0,04;-0,04
26,10.2019 18:53:05;32.9;0;294;3.2273228075503577;289.86;Module 1,1_10;5.95;0,00;3,05;0,01;0,03;-0,03
26,10.2019 18:54:58;32.7;0;294;2.549528619088397;289.81;Module 1,1_10;5.08;0,00;2,41;0,01;0,02;-0,02
26,10.2019 18:56:50;32.1;0;294;1.7060882620818592;289.71;Module 1,1_10;3.76;0,00;1,62;0,00;0,01;-0,01
26,10.2019 18:58:44;31.6;0;292.4;1.2408952076599677;289.6;Module 1,1_10;3.15;0,00;1,17;0,00;0,00;-0,00
26,10.2019 19:00:39;30.5;0;292.4;0.8246309099965139;289.51;Module 1,1_10;2.59;0,00;0,78;0,00;0,00;-0,00
26,10.2019 19:02:34;30.5;0;292.4;0.39110614430492036;289.44;Module 1,1_10;1.77;0,00;0,37;0,00;0,00;-0,00
26,10.2019 19:04:26;30.5;0;292.4;0.23053761922353347;289.35;Module 1,1_10;1.2;0,00;0,22;0,00;0,00;-0,00
27,10.2019 09:02:21;30.8;0;280.4;9.393614567537881;281.45;Module 1,1_10;12.83;0,00;8,84;0,02;0,21;-0,21
27,10.2019 09:04:13;31.1;0;280.4;11.004164951125151;281.47;Module 1,1_10;14.87;0,00;10,36;0,03;0,29;-0,29
27,10.2019 09:06:06;31.5;0.07;280.4;12.707276827633306;281.5;Module 1,1_10;17;2,21;11,96;0,03;0,39;1,81
27,10.2019 09:07:58;31.8;0.08;283.9;14.704333699498948;281.5;Module 1,1_10;19.49;2,54;13,86;0,04;0,53;2,02
27,10.2019 09:09:51;32;0.1;283.9;16.538494974448845;281.54;Module 1,1_10;21.73;3,20;15,59;0,04;0,67;2,53
27,10.2019 09:11:44;32.1;0.11;283.9;18.831030861465784;281.6;Module 1,1_10;24.54;3,53;17,75;0,05;0,86;2,67
27,10.2019 09:13:37;32.3;0.12;283.9;21.319745004941364;281.67;Module 1,1_10;27.57;3,88;20,09;0,06;1,11;2,77
27,10.2019 09:15:29;32.7;0.13;283.9;23.148051000437142;281.7;Module 1,1_10;29.72;4,25;21,81;0,06;1,30;2,95
27,10.2019 09:17:23;33.6;0.14;284.4;25.519749791766206;281.68;Module 1,1_10;32.54;4,70;24,04;0,07;1,58;3,12
27,10.2019 09:19:22;33.8;0.16;284.4;28.314805778842036;281.71;Module 1,1_10;35.86;5,41;26,57;0,07;1,95;3,46
27,10.2019 09:21:39;33.7;0.17;285.9;31.728492213742143;281.77;Module 1,1_10;39.89;5,73;29,20;0,08;2,44;3,29
27,10.2019 09:23:33;33.8;0.18;285.9;34.3750772735154;281.84;Module 1,1_10;42.97;6,08;30,65;0,09;2,85;3,23
27,10.2019 09:25:26;34.3;0.2;285.9;36.595973020830996;281.89;Module 1,1_10;45.5;6,86;31,52;0,10;3,21;3,65
27,10.2019 09:27:25;34.4;0.2;285.9;39.3167919165808;281.94;Module 1,1_10;48.62;6,88;32,30;0,11;3,66;3,22
27,10.2019 09:29:18;34.4;0.22;285.9;42.043727677887475;282.02;Module 1,1_10;51.74;7,57;32,88;0,13;4,12;3,45
27,10.2019 09:31:10;34.7;0.22;285.9;44.61269584027572;282.08;Module 1,1_10;54.65;7,63;33,30;0,14;4,56;3,08
27,10.2019 09:33:03;34.6;0.23;285.9;47.13879591264051;282.16;Module 1,1_10;57.49;7,96;33,65;0,15;4,99;2,97
27,10.2019 09:35:08;34.9;0.25;286.4;70.47352889556852;282.25;Module 1,1_10;85.55;8,72;35,27;0,26;9,14;-0,42
27,10.2019 09:37:07;34.9;0.25;286.4;73.35220993221563;282.46;Module 1,1_10;88.67;8,72;35,40;0,27;9,67;-0,94
27,10.2019 09:39:00;35.3;0.25;286.4;60.38802193046928;282.6;Module 1,1_10;72.72;8,82;34,73;0,21;7,32;1,50
27,10.2019 09:40:54;35.4;0.27;286.4;59.74454377811156;282.71;Module 1,1_10;71.68;9,56;34,69;0,21;7,21;2,35
27,10.2019 09:42:51;35.6;0.27;286.4;61.20804481790654;282.82;Module 1,1_10;73.17;9,61;34,78;0,21;7,47;2,14
27,10.2019 09:44:45;35.6;0.28;286.4;127.59043602702991;282.95;Module 1,1_10;152.01;9,97;36,74;0,54;19,74;-9,77
27,10.2019 09:46:37;35.8;0.29;286.4;162.5641859961107;283.25;Module 1,1_10;193.06;10,38;37,18;0,71;26,35;-15,97
27,10.2019 09:48:32;35.9;0.29;286.4;170.61148473536866;283.71;Module 1,1_10;201.98;10,41;37,26;0,75;27,88;-17,47
27,10.2019 09:50:32;35.9;0.29;287.4;177.7427629365476;284.17;Module 1,1_10;209.76;10,41;37,15;0,78;29,11;-18,70
27,10.2019 09:52:26;36;0.3;287.4;164.37765412872278;284.62;Module 1,1_10;193.43;10,80;37,02;0,72;26,58;-15,78
27,10.2019 09:54:19;36;0.3;287.4;126.26165705579797;284.92;Module 1,1_10;148.17;10,80;36,55;0,53;19,41;-8,61
27,10.2019 09:56:12;36.1;0.3;287.4;132.20083783389202;285.05;Module 1,1_10;154.73;10,83;36,63;0,56;20,53;-9,70
27,10.2019 09:58:04;36.4;0.31;287.4;169.14462132379828;285.21;Module 1,1_10;197.47;11,28;37,07;0,74;27,49;-16,20
27,10.2019 09:59:57;36.4;0.31;287.4;156.11435897051985;285.35;Module 1,1_10;181.81;11,28;36,94;0,68;25,02;-13,74
27,10.2019 10:01:50;36.5;0.32;287.4;120.98109341949841;285.45;Module 1,1_10;140.56;11,68;36,46;0,51;18,42;-6,74
27,10.2019 10:03:44;36.6;0.33;288.4;134.56388692289644;285.48;Module 1,1_10;155.98;12,08;36,49;0,57;20,89;-8,81
27,10.2019 10:06:09;38.6;0.34;288.4;192.8919154422982;285.6;Module 1,1_10;222.96;13,12;37,09;0,86;31,85;-18,73
27,10.2019 10:08:01;39.7;0.35;290.4;188.11309993002556;285.78;Module 1,1_10;216.98;13,89;36,70;0,84;30,69;-16,80
27,10.2019 10:09:54;40.4;0.36;290.4;194.09384666283114;285.97;Module 1,1_10;223.42;14,54;36,75;0,87;31,81;-17,27
27,10.2019 10:11:46;39.6;0.44;290.4;198.48001443475306;286.13;Module 1,1_10;228.02;17,42;36,78;0,89;32,63;-15,21
27,10.2019 10:13:41;32.9;0.57;289.9;218.98023061813626;286.32;Module 1,1_10;251.08;18,75;37,01;0,99;36,55;-17,80
27,10.2019 10:15:38;26.5;0.67;289.9;222.6440247477978;286.55;Module 1,1_10;254.79;17,76;37,02;1,01;37,24;-19,49
27,10.2019 10:17:31;32;0.72;289.9;211.2271986326515;286.78;Module 1,1_10;241.29;23,04;36,95;0,95;35,10;-12,06
27,10.2019 10:19:31;25.5;0.86;287.4;216.27570056335958;286.96;Module 1,1_10;246.6;21,93;37,43;0,97;36,43;-14,50
27,10.2019 10:21:27;27.6;0.9;287.4;222.95895326940465;287.11;Module 1,1_10;253.78;24,84;37,47;1,01;37,70;-12,86
27,10.2019 10:23:21;30.6;0.89;287.4;223.8204008571976;287.29;Module 1,1_10;254.34;27,23;37,48;1,01;37,86;-10,63
27,10.2019 10:25:13;35.2;0.89;287.4;222.40167706739902;287.41;Module 1,1_10;252.33;31,33;37,47;1,00;37,59;-6,26
27,10.2019 10:27:11;37.5;0.92;287.4;220.20886252421695;287.54;Module 1,1_10;249.44;34,50;37,45;0,99;37,17;-2,67
27,10.2019 10:29:04;38.2;0.85;291.9;208.24048694671438;287.57;Module 1,1_10;235.53;32,47;36,58;0,94;34,24;-1,77
27,10.2019 10:31:00;38.6;0.68;291.9;222.43554861007811;287.63;Module 1,1_10;251.21;26,25;36,67;1,01;36,89;-10,64
27,10.2019 10:32:53;39.3;0.74;294;217.83769227536442;287.71;Module 1,1_10;245.67;29,08;36,27;0,98;35,70;-6,62
27,10.2019 10:34:45;38.5;0.56;294;140.81473907000176;287.71;Module 1,1_10;158.59;21,56;35,58;0,61;21,55;0,01
27,10.2019 10:37:23;38.4;0.61;294.5;155.44321458860918;287.6;Module 1,1_10;174.74;23,42;35,66;0,68;24,18;-0,75
27,10.2019 10:39:16;37.2;0.55;294.5;136.51964383015775;287.52;Module 1,1_10;153.27;20,46;35,43;0,59;20,73;-0,27
27,10.2019 10:41:10;38.7;0.7;294.5;201.27909306916058;287.45;Module 1,1_10;225.69;27,09;36,07;0,90;32,58;-5,49
27,10.2019 10:43:03;39;0.75;294.5;221.5170725914433;287.54;Module 1,1_10;248.08;29,25;36,20;1,00;36,30;-7,05
27,10.2019 10:44:56;39.1;0.85;294.5;248.3671700365613;287.71;Module 1,1_10;277.82;33,23;36,35;1,13;41,25;-8,01
27,10.2019 10:46:48;38.9;0.77;296;218.47207520665867;287.91;Module 1,1_10;244.1;29,95;35,92;0,99;35,50;-5,55
27,10.2019 10:48:43;38.6;0.81;296;239.4837077300188;288.05;Module 1,1_10;267.27;31,27;36,04;1,09;39,35;-8,08
27,10.2019 10:50:35;38.6;0.77;296;238.25520783697158;288.13;Module 1,1_10;265.61;29,72;36,03;1,09;39,12;-9,40
27,10.2019 10:52:28;39.1;0.72;296.5;221.21522054101865;288.22;Module 1,1_10;246.35;28,15;35,84;1,00;35,93;-7,77
27,10.2019 10:54:36;38.6;0.78;296.5;249.06746704816445;288.26;Module 1,1_10;277.04;30,11;36,00;1,14;41,01;-10,90
27,10.2019 10:56:32;38.9;0.75;296.5;231.56129707773727;288.35;Module 1,1_10;257.3;29,17;35,91;1,05;37,81;-8,64
27,10.2019 10:58:26;39.4;0.85;296.5;286.57366566258935;288.5;Module 1,1_10;318.11;33,49;36,16;1,32;47,87;-14,38
27,10.2019 11:00:26;39.5;0.93;296.5;318.57358891484006;288.77;Module 1,1_10;353.27;36,73;36,25;1,48;53,72;-16,98
27,10.2019 11:02:19;39;0.97;298;332.737240178209;289.09;Module 1,1_10;368.63;37,83;36,02;1,55;55,92;-18,09
27,10.2019 11:04:11;39.5;0.99;298;307.59837927535364;289.4;Module 1,1_10;340.47;39,10;35,95;1,43;51,36;-12,25
27,10.2019 11:06:05;39.1;1.01;298.5;295.41528942751984;289.57;Module 1,1_10;326.69;39,49;35,83;1,37;49,03;-9,54
27,10.2019 11:07:58;39;1.17;298.5;368.3857432816718;289.81;Module 1,1_10;407.03;45,63;36,02;1,73;62,24;-16,61
27,10.2019 11:09:50;39.1;1.24;298.5;405.79980267067884;290.03;Module 1,1_10;447.99;48,48;36,08;1,91;69,00;-20,51
27,10.2019 11:11:48;38.7;1.13;300;322.599488183716;290.26;Module 1,1_10;355.83;43,73;35,65;1,50;53,58;-9,85
27,10.2019 11:13:41;38.6;1.31;300;411.1287002304902;290.55;Module 1,1_10;453.11;50,57;35,82;1,94;69,47;-18,91
27,10.2019 11:15:37;38.9;1.29;300.5;411.46390720970237;290.8;Module 1,1_10;453.11;50,18;35,73;1,94;69,37;-19,19
27,10.2019 11:17:34;38.6;1.18;300.5;374.56912962969136;291.1;Module 1,1_10;412.15;45,55;35,67;1,76;62,77;-17,22
27,10.2019 11:19:26;38.9;1.17;300.5;398.13359036768287;291.36;Module 1,1_10;437.75;45,51;35,71;1,88;66,99;-21,47
27,10.2019 11:21:19;38.8;0.99;302;356.4876275430014;291.54;Module 1,1_10;391.67;38,41;35,38;1,67;59,11;-20,70
27,10.2019 11:23:53;39.1;1.3;302;475.7869121681691;291.89;Module 1,1_10;522.23;50,83;35,53;2,26;80,26;-29,43
27,10.2019 11:25:46;39.2;1.4;302.5;476.1208481558158;292.19;Module 1,1_10;522.23;54,88;35,44;2,26;80,13;-25,25
27,10.2019 11:27:40;39;1.3;302.5;485.79278533816546;292.59;Module 1,1_10;532.47;50,70;35,45;2,31;81,83;-31,13
27,10.2019 11:29:34;38.5;1.48;303.5;416.00655521167954;292.78;Module 1,1_10;455.67;56,98;35,21;1,96;69,19;-12,21
27,10.2019 11:31:37;37.5;1.49;303.5;418.6421462391149;292.81;Module 1,1_10;458.23;55,88;35,21;1,98;69,65;-13,78
27,10.2019 11:33:29;37.7;1.74;303.5;503.15932309150384;292.89;Module 1,1_10;550.39;65,60;35,28;2,39;84,48;-18,88
27,10.2019 11:35:34;38.1;1.8;303.5;489.45596019465535;293.1;Module 1,1_10;535.03;68,58;35,27;2,33;82,08;-13,50
27,10.2019 11:37:40;37.4;2.14;303.5;534.3163221079197;293.29;Module 1,1_10;583.67;80,04;35,29;2,55;89,91;-9,88
27,10.2019 11:39:33;36.5;2.47;303.5;553.3945178733184;293.63;Module 1,1_10;604.15;90,16;35,29;2,64;93,23;-3,08
27,10.2019 11:41:28;35.7;2.3;303.5;504.45036588551494;293.82;Module 1,1_10;550.39;82,11;35,28;2,40;84,70;-2,59
27,10.2019 11:43:21;35.2;2.07;303.5;457.78506363422906;293.96;Module 1,1_10;499.19;72,86;35,25;2,17;76,53;-3,67
27,10.2019 11:45:14;35.2;2.65;306;563.7445820691113;294.15;Module 1,1_10;614.39;93,28;34,85;2,69;93,88;-0,60
27,10.2019 11:47:06;34.9;2.53;306;533.4967856883314;294.42;Module 1,1_10;581.11;88,30;34,84;2,55;88,68;-0,39
27,10.2019 11:49:00;34.9;2.65;306;557.2998107719941;294.56;Module 1,1_10;606.71;92,48;34,85;2,66;92,77;-0,29
27,10.2019 11:50:54;34.7;2;306;454.0727651049086;294.74;Module 1,1_10;494.07;69,40;34,80;2,15;74,96;-5,56
27,10.2019 11:52:46;34.7;2.02;306;416.6400461829504;294.76;Module 1,1_10;453.11;70,09;34,77;1,97;68,46;1,63
27,10.2019 11:54:41;35.1;2.87;306.5;595.844028789088;294.82;Module 1,1_10;647.67;100,74;34,76;2,85;99,13;1,60
27,10.2019 11:56:33;35;2.39;306.5;506.59441270555743;294.97;Module 1,1_10;550.39;83,65;34,75;2,41;83,84;-0,19
27,10.2019 11:58:27;34.8;2.59;306.5;556.3458874208162;294.92;Module 1,1_10;604.15;90,13;34,76;2,66;92,38;-2,25
27,10.2019 12:00:25;34.9;3.01;308.1;631.3749640978502;295.27;Module 1,1_10;685.29;105,05;34,47;3,03;104,34;0,71
27,10.2019 12:02:28;34.6;2;308.1;420.0299333055772;295.71;Module 1,1_10;455.67;69,20;34,40;1,99;68,34;0,86
27,10.2019 12:04:21;34.4;2.84;308.1;599.6413694575382;295.64;Module 1,1_10;650.23;97,70;34,48;2,87;98,99;-1,29
27,10.2019 12:06:14;34.9;2.33;308.1;484.1732153012254;295.83;Module 1,1_10;524.79;81,32;34,45;2,30;79,34;1,97
27,10.2019 12:08:07;34.7;2.61;308.1;552.9047705965273;296.06;Module 1,1_10;599.03;90,57;34,48;2,64;91,07;-0,50
27,10.2019 12:10:09;34.8;2.24;308.1;458.597467646552;296.02;Module 1,1_10;496.63;77,95;34,44;2,18;74,96;2,99
27,10.2019 12:12:04;36.4;2.55;308.1;612.6488064350195;296.07;Module 1,1_10;663.18;92,82;34,48;2,93;101,19;-8,37
27,10.2019 12:13:58;35.9;2.49;310.1;551.2451176439661;296.17;Module 1,1_10;596.47;89,39;34,13;2,63;89,87;-0,48
27,10.2019 12:15:52;35;2.78;310.1;586.9662298555454;296.21;Module 1,1_10;634.87;97,30;34,13;2,81;95,87;1,43
27,10.2019 12:17:48;35.2;2.62;310.1;577.726757518517;296.32;Module 1,1_10;624.63;92,22;34,13;2,76;94,32;-2,10
27,10.2019 12:20:02;34.5;2.52;310.1;509.2879072129812;296.43;Module 1,1_10;550.39;86,94;34,12;2,43;82,80;4,14
27,10.2019 12:21:56;34.2;1.96;310.1;400.46991559214985;296.14;Module 1,1_10;432.63;67,03;34,02;1,89;64,32;2,71
27,10.2019 12:23:48;34.6;2.65;309.1;542.8445525662564;296;Module 1,1_10;586.23;91,69;34,30;2,59;88,91;2,78
27,10.2019 12:25:44;34.6;2.64;309.1;547.7825589941559;296.14;Module 1,1_10;591.35;91,34;34,30;2,62;89,74;1,60
27,10.2019 12:27:37;34.6;3.06;309.1;620.0166469679301;296.42;Module 1,1_10;669.1;105,88;34,30;2,97;101,91;3,96
27,10.2019 12:29:29;34.5;2.81;310.1;581.3739925634463;296.8;Module 1,1_10;627.19;96,95;34,13;2,78;94,93;2,01
27,10.2019 12:31:25;34.4;3.54;310.1;738.6846602655395;297.45;Module 1,1_10;796.63;121,78;34,05;3,55;121,06;0,71
27,10.2019 12:33:19;34.2;3.63;310.1;762.0750249157572;297.96;Module 1,1_10;821.59;124,15;34,03;3,67;124,90;-0,75
27,10.2019 12:35:11;34.2;3.49;310.1;720.1126818416567;298.27;Module 1,1_10;776.11;119,36;34,06;3,46;118,00;1,35
27,10.2019 12:37:04;34;3.46;310.1;716.6945120442472;298.57;Module 1,1_10;772.19;117,64;34,07;3,45;117,44;0,20
27,10.2019 12:38:57;33.9;3.26;310.6;670.5345047723044;298.75;Module 1,1_10;722.24;110,51;34,01;3,22;109,53;0,99
27,10.2019 12:41:18;33.9;3.07;310.6;643.5377890996219;298.7;Module 1,1_10;692.91;104,07;34,02;3,09;105,05;-0,98
27,10.2019 12:43:10;34.2;2.97;312.1;609.9490971399152;298.29;Module 1,1_10;656.56;101,57;33,77;2,92;98,70;2,87
27,10.2019 12:45:03;33.7;3.46;312.1;704.6519438821891;298.12;Module 1,1_10;758.29;116,60;33,73;3,39;114,27;2,33
27,10.2019 12:46:57;33.4;3.42;312.1;682.8422690853247;298;Module 1,1_10;734.62;114,23;33,73;3,28;110,70;3,53
27,10.2019 12:49:06;33.4;3.37;312.1;666.6550688288179;297.93;Module 1,1_10;716.99;112,56;33,75;3,20;108,05;4,51
27,10.2019 12:50:59;33.9;1.67;312.1;338.0770874280032;297.67;Module 1,1_10;363.51;56,61;33,52;1,58;53,13;3,49
27,10.2019 12:52:53;34;2.61;310.6;552.4964777897925;297.18;Module 1,1_10;593.91;88,74;34,04;2,64;89,85;-1,11
27,10.2019 12:54:59;34.2;2.32;310.6;474.0358870136596;296.99;Module 1,1_10;509.43;79,34;34,01;2,25;76,64;2,71
27,10.2019 12:56:54;34.1;2.17;310.1;452.70572949106065;296.53;Module 1,1_10;486.39;74,00;34,08;2,15;73,21;0,79
27,10.2019 12:58:49;34.4;2.18;310.1;450.42871558727285;296.38;Module 1,1_10;483.83;74,99;34,08;2,14;72,82;2,17
27,10.2019 13:00:44;34.3;2.22;310.1;448.1478278758425;296.28;Module 1,1_10;481.27;76,15;34,07;2,13;72,44;3,71
27,10.2019 13:02:37;34.3;2.33;310.1;495.9324864994834;296.14;Module 1,1_10;532.47;79,92;34,11;2,36;80,54;-0,62
27,10.2019 13:04:55;34.2;2.81;310.1;584.3041880011433;296.37;Module 1,1_10;627.19;96,10;34,13;2,80;95,42;0,68
27,10.2019 13:06:48;34.1;3.37;308.1;675.6116462580293;296.62;Module 1,1_10;725.05;114,92;34,45;3,24;111,77;3,14
27,10.2019 13:08:41;34;2.43;308.1;501.0339609496581;297.07;Module 1,1_10;537.59;82,62;34,47;2,39;82,23;0,39
27,10.2019 13:10:35;34;2.71;308.1;572.7237701048455;297.25;Module 1,1_10;614.39;92,14;34,48;2,74;94,43;-2,29
27,10.2019 13:12:29;34;2.44;310.1;498.8406215485093;297.26;Module 1,1_10;535.03;82,96;34,11;2,38;81,03;1,93
27,10.2019 13:14:23;33.9;2.97;310.1;606.3603999554255;297.12;Module 1,1_10;650.23;100,68;34,13;2,90;99,12;1,57
27,10.2019 13:16:16;33.5;2.47;310.1;508.5720351526687;297.05;Module 1,1_10;545.27;82,75;34,12;2,42;82,68;0,07
27,10.2019 13:18:15;33.7;2.55;310.1;518.216603578153;297.12;Module 1,1_10;555.51;85,94;34,12;2,47;84,31;1,63
27,10.2019 13:20:10;33.7;2.5;310.1;492.03029427901333;297.22;Module 1,1_10;527.35;84,25;34,11;2,34;79,88;4,37
27,10.2019 13:22:06;33.9;1.8;310.1;375.05360575954256;297.13;Module 1,1_10;401.91;61,02;33,97;1,77;59,99;1,03
27,10.2019 13:23:59;33.8;2.51;310.1;511.30234489635023;297.19;Module 1,1_10;547.83;84,84;34,12;2,44;83,14;1,70
27,10.2019 13:25:52;34.2;2.44;310.1;482.70305740510094;297.04;Module 1,1_10;517.11;83,45;34,10;2,30;78,30;5,15
27,10.2019 13:27:49;33.9;1.47;310.1;315.47372639367813;296.77;Module 1,1_10;337.91;49,83;33,82;1,47;49,80;0,03
27,10.2019 13:29:43;34.2;1.43;310.1;304.3879519669627;296.68;Module 1,1_10;325.99;48,91;33,79;1,42;47,91;1,00
27,10.2019 13:31:36;34.3;1.19;308.6;246.3894145974869;296.37;Module 1,1_10;263.84;40,82;33,82;1,13;38,27;2,54
27,10.2019 13:33:30;34.3;1.4;308.6;300.80714531073795;296.13;Module 1,1_10;322.07;48,02;34,05;1,40;47,65;0,37
27,10.2019 13:35:49;34.7;1.61;308.6;325.21461249523213;295.95;Module 1,1_10;348.15;55,87;34,12;1,52;51,86;4,01
27,10.2019 13:37:49;34.7;1.28;308.1;271.43363720660176;296.02;Module 1,1_10;290.54;44,42;34,02;1,25;42,69;1,72
27,10.2019 13:39:43;34.5;1.31;308.1;277.612290769557;295.92;Module 1,1_10;297.12;45,20;34,05;1,29;43,76;1,43
27,10.2019 13:41:36;34.8;1.49;306;325.32664171571764;295.57;Module 1,1_10;348.15;51,85;34,59;1,52;52,55;-0,70
27,10.2019 13:43:28;35.1;1.6;306;337.32158138807813;295.61;Module 1,1_10;360.95;56,16;34,62;1,58;54,64;1,52
27,10.2019 13:45:26;34.9;1.89;306;385.2088541384337;295.78;Module 1,1_10;412.15;65,96;34,72;1,81;62,99;2,97
27,10.2019 13:47:24;34.7;1.32;306;277.28527393948724;295.83;Module 1,1_10;296.65;45,80;34,42;1,28;44,16;1,65
27,10.2019 13:49:24;34.5;1.53;306;332.632576000808;295.66;Module 1,1_10;355.83;52,79;34,60;1,56;53,82;-1,04
27,10.2019 13:51:25;34.8;1.4;303.5;284.430488539361;295.46;Module 1,1_10;304.24;48,72;34,90;1,32;45,96;2,76
27,10.2019 13:53:18;34.8;1.77;303.5;366.195519487395;295.29;Module 1,1_10;391.67;61,60;35,13;1,72;60,41;1,19
27,10.2019 13:55:10;35;2.2;303.5;454.78675704314367;295.38;Module 1,1_10;486.39;77,00;35,25;2,16;76,00;1,00
27,10.2019 13:57:05;35.2;2.07;303.5;493.1183674397904;295.39;Module 1,1_10;527.35;72,86;35,27;2,35;82,72;-9,86
27,10.2019 13:59:12;34.8;2.5;303.5;509.90974930190305;295.58;Module 1,1_10;545.27;87,00;35,28;2,43;85,65;1,35
27,10.2019 14:01:06;34.3;2.53;303.5;512.332206615837;295.79;Module 1,1_10;547.83;86,78;35,28;2,44;86,08;0,70
27,10.2019 14:02:59;34;2.19;303.5;445.319160517779;295.86;Module 1,1_10;476.15;74,46;35,24;2,11;74,34;0,12
27,10.2019 14:04:51;34.3;2.28;303.5;462.09949160221083;295.99;Module 1,1_10;494.07;78,20;35,26;2,19;77,29;0,92
27,10.2019 14:07:13;34.1;1.46;303.5;303.9006501565621;295.84;Module 1,1_10;324.91;49,79;34,97;1,41;49,40;0,39
27,10.2019 14:09:11;34.5;1.79;303.5;373.5403549611332;295.65;Module 1,1_10;399.35;61,76;35,14;1,76;61,70;0,05
27,10.2019 14:12:08;34.4;1.57;306;328.0578639038239;295.54;Module 1,1_10;350.71;54,01;34,59;1,53;53,02;0,98
27,10.2019 14:14:03;34.6;1.88;306;385.53758472482036;295.6;Module 1,1_10;412.15;65,05;34,72;1,82;63,05;2,00
27,10.2019 14:15:58;34.6;1.9;303.5;387.93839179891205;295.5;Module 1,1_10;414.71;65,74;35,16;1,83;64,24;1,50
27,10.2019 14:17:51;34.6;2.44;303.5;502.8910681388826;295.6;Module 1,1_10;537.59;84,42;35,28;2,39;84,43;-0,00
27,10.2019 14:19:44;34.5;1.73;303.5;368.78621479638514;295.78;Module 1,1_10;394.23;59,69;35,13;1,73;60,86;-1,18
27,10.2019 14:21:37;34.5;2.03;303.5;428.65566359978027;295.73;Module 1,1_10;458.23;70,03;35,22;2,03;71,41;-1,38
27,10.2019 14:23:31;34.6;2.2;303.5;450.20633986838726;295.76;Module 1,1_10;481.27;76,12;35,24;2,13;75,20;0,92
27,10.2019 14:25:36;34.3;2.02;303.5;399.9116077756994;295.9;Module 1,1_10;427.51;69,29;35,19;1,89;66,35;2,93
27,10.2019 14:27:29;34.3;2.02;303.5;411.87866603869804;295.82;Module 1,1_10;440.31;69,29;35,20;1,94;68,46;0,83
27,10.2019 14:29:22;34.6;2.13;303.5;431.02705167932345;295.67;Module 1,1_10;460.79;73,70;35,23;2,04;71,83;1,87
27,10.2019 14:31:15;34.5;2.11;306;452.5668207321163;295.78;Module 1,1_10;483.83;72,80;34,80;2,15;74,70;-1,90
27,10.2019 14:33:08;34.6;1.93;306;442.9743320847193;295.84;Module 1,1_10;473.59;66,78;34,80;2,10;73,04;-6,26
27,10.2019 14:35:01;35.2;2.66;306;560.2842309672596;295.89;Module 1,1_10;599.03;93,63;34,85;2,68;93,29;0,35
27,10.2019 14:37:00;34.8;1.37;306;283.56660597708077;295.99;Module 1,1_10;303.19;47,68;34,45;1,31;45,25;2,42
27,10.2019 14:38:53;34.1;1.33;306;277.4738501229507;295.82;Module 1,1_10;296.69;45,35;34,42;1,28;44,19;1,16
27,10.2019 14:40:48;34.5;1.49;306;316.00671096102985;295.71;Module 1,1_10;337.91;51,41;34,56;1,47;50,92;0,48
27,10.2019 14:42:43;34.7;1.89;306;390.1988910550323;295.73;Module 1,1_10;417.27;65,58;34,73;1,84;63,86;1,72
27,10.2019 14:44:35;34.4;2.5;306;517.0429238107002;295.86;Module 1,1_10;552.95;86,00;34,84;2,46;85,85;0,15
27,10.2019 14:46:31;35.3;1.82;306;370.9964596369198;296.11;Module 1,1_10;396.79;64,25;34,70;1,74;60,52;3,73
27,10.2019 14:48:25;35.2;2.22;306;471.49047790992626;296.2;Module 1,1_10;504.31;78,14;34,82;2,24;77,98;0,17
27,10.2019 14:50:35;34.1;1.24;306;244.47738632060737;296.21;Module 1,1_10;261.52;42,28;34,27;1,12;38,43;3,85
27,10.2019 14:52:28;34.4;1.34;306;274.82549660895774;295.89;Module 1,1_10;294.01;46,10;34,41;1,27;43,73;2,37
27,10.2019 14:54:22;34.8;2.22;306;466.5723187922712;295.7;Module 1,1_10;499.19;77,26;34,81;2,22;77,13;0,13
27,10.2019 14:56:14;35.3;1.64;306;330.15369872781815;295.73;Module 1,1_10;353.27;57,89;34,60;1,54;53,39;4,50
27,10.2019 14:58:07;34.2;1.21;306;254.41724218933123;295.68;Module 1,1_10;272.26;41,38;34,33;1,17;40,16;1,22
27,10.2019 15:00:02;34.6;1.49;306;296.77017603727535;295.62;Module 1,1_10;317.62;51,55;34,50;1,38;47,56;3,99
27,10.2019 15:02:03;34.6;1.45;306;294.4897794351299;295.54;Module 1,1_10;315.22;50,17;34,49;1,37;47,16;3,01
27,10.2019 15:03:56;34.4;1.53;303.5;295.79754358841615;295.5;Module 1,1_10;316.66;52,63;34,94;1,37;47,97;4,67
27,10.2019 15:06:48;34.2;1.17;303.5;242.59640962036445;295.49;Module 1,1_10;259.76;40,01;34,72;1,11;38,56;1,45
27,10.2019 15:09:06;35;1.95;303.5;394.4112722035657;295.61;Module 1,1_10;422.39;68,25;35,18;1,86;65,38;2,87
27,10.2019 15:11:00;35.3;2.47;303.5;497.12367250509374;295.85;Module 1,1_10;532.47;87,19;35,27;2,36;83,42;3,77
27,10.2019 15:12:54;33.6;1.08;303.5;230.2307919920839;295.88;Module 1,1_10;246.64;36,29;34,65;1,05;36,38;-0,09
27,10.2019 15:14:48;33.8;3.58;303.5;713.4433091215927;296.17;Module 1,1_10;764.42;121,00;35,23;3,43;120,81;0,19
27,10.2019 15:16:44;33.3;3.18;303.5;675.9630208949529;296.97;Module 1,1_10;724.39;105,89;35,25;3,25;114,40;-8,51
27,10.2019 15:18:37;33.3;2.48;306;487.23020880692457;297.36;Module 1,1_10;522.23;82,58;34,83;2,32;80,70;1,88
27,10.2019 15:20:29;32.4;1.41;306;327.1447866422445;297.33;Module 1,1_10;350.71;45,68;34,59;1,53;52,87;-7,18
27,10.2019 15:22:23;33.1;0.97;306;197.13807922550484;297.1;Module 1,1_10;211.38;32,11;33,98;0,89;30,18;1,92
27,10.2019 15:24:31;33.2;0.91;306;184.97150648748632;296.62;Module 1,1_10;198.38;30,21;33,88;0,83;28,07;2,14
27,10.2019 15:26:25;33.5;0.93;306;190.22712029593467;295.95;Module 1,1_10;204.06;31,16;33,92;0,85;28,98;2,17
27,10.2019 15:28:18;34.5;1.12;306;230.72784326935098;295.41;Module 1,1_10;247.56;38,64;34,20;1,05;36,03;2,61
27,10.2019 15:30:11;34.6;0.92;306;190.73872359606668;294.92;Module 1,1_10;204.7;31,83;33,93;0,86;29,07;2,76
27,10.2019 15:32:11;34.2;0.92;306;192.2840521098438;294.62;Module 1,1_10;206.41;31,46;33,94;0,86;29,34;2,12
27,10.2019 15:34:06;34.5;0.96;306;204.34364296756797;294.53;Module 1,1_10;219.41;33,12;34,03;0,92;31,44;1,68
27,10.2019 15:36:05;34.6;1.1;306;235.84370713353064;294.48;Module 1,1_10;253.3;38,06;34,23;1,08;36,92;1,14
27,10.2019 15:37:58;36.3;1.42;303.5;267.14201412819045;294.53;Module 1,1_10;286.99;51,55;34,83;1,23;42,90;8,65
27,10.2019 15:40:16;35;1.13;303.5;234.9593514370862;294.36;Module 1,1_10;252.5;39,55;34,67;1,07;37,21;2,34
27,10.2019 15:42:11;35.2;1.21;303.5;255.84152816996703;294.21;Module 1,1_10;275.02;42,59;34,78;1,18;40,90;1,69
27,10.2019 15:44:04;37.1;2.23;303.5;490.432438392048;294.28;Module 1,1_10;527.35;82,73;35,27;2,33;82,25;0,48
27,10.2019 15:46:01;34.9;1.04;303.5;202.84288820847107;294.46;Module 1,1_10;218.18;36,30;34,47;0,92;31,55;4,75
27,10.2019 15:48:06;33.9;0.95;303.5;185.9790153347512;294.43;Module 1,1_10;200.11;32,20;34,34;0,83;28,58;3,62
27,10.2019 15:49:59;34;0.9;303.5;179.0067150362685;294.32;Module 1,1_10;192.67;30,60;34,28;0,80;27,36;3,24
27,10.2019 15:51:52;34.8;0.92;302.5;225.46028875701813;294.13;Module 1,1_10;242.75;32,02;34,80;1,03;35,70;-3,69
27,10.2019 15:53:49;34;0.84;302.5;166.02464388802375;294.03;Module 1,1_10;178.82;28,56;34,34;0,73;25,20;3,36
27,10.2019 15:55:53;34;0.84;302.5;164.6514132166198;293.93;Module 1,1_10;177.41;28,56;34,32;0,73;24,95;3,61
27,10.2019 15:57:46;34.2;0.84;302;163.8767161506521;293.88;Module 1,1_10;176.64;28,73;34,41;0,72;24,87;3,85
27,10.2019 15:59:45;34.4;0.85;302;173.88274096151972;293.77;Module 1,1_10;187.5;29,24;34,51;0,77;26,64;2,60
27,10.2019 16:01:39;34.4;0.84;302;164.18264974575828;293.64;Module 1,1_10;177.11;28,90;34,41;0,72;24,93;3,97
27,10.2019 16:03:32;34.2;0.83;302;161.63319853086173;293.57;Module 1,1_10;174.43;28,39;34,38;0,71;24,48;3,91
27,10.2019 16:05:42;34;0.81;302;156.96197723969115;293.38;Module 1,1_10;169.47;27,54;34,33;0,69;23,66;3,88
27,10.2019 16:07:36;34.1;0.78;302;152.05207102009126;293.25;Module 1,1_10;164.24;26,60;34,27;0,66;22,79;3,81
27,10.2019 16:09:29;34.1;0.74;302;143.74885361914818;293.16;Module 1,1_10;155.34;25,23;34,17;0,62;21,33;3,90
27,10.2019 16:11:22;34.3;0.71;302;140.90838906810217;293.09;Module 1,1_10;152.34;24,35;34,14;0,61;20,83;3,52
27,10.2019 16:13:15;34.1;0.67;300.5;131.77254880959748;293.03;Module 1,1_10;142.53;22,85;34,28;0,56;19,36;3,49
27,10.2019 16:15:08;33.8;0.65;300.5;127.53187786872346;292.97;Module 1,1_10;138.01;21,97;34,22;0,54;18,61;3,36
27,10.2019 16:17:01;33.8;0.66;300;127.56980575896023;292.89;Module 1,1_10;138.12;22,31;34,30;0,54;18,66;3,65
27,10.2019 16:18:59;33.8;0.67;300;128.88590730425923;292.84;Module 1,1_10;139.62;22,65;34,33;0,55;18,89;3,75
27,10.2019 16:20:57;33.7;0.67;300;131.14861289263825;292.87;Module 1,1_10;142.15;22,58;34,36;0,56;19,29;3,29
27,10.2019 16:22:50;33.7;0.68;300.5;133.4557996910624;292.85;Module 1,1_10;144.73;22,92;34,30;0,57;19,66;3,26
27,10.2019 16:24:44;33.7;0.68;300.5;134.21842597219037;292.87;Module 1,1_10;145.64;22,92;34,31;0,58;19,79;3,12
27,10.2019 16:26:39;33.8;0.68;300;134.27707667073722;292.84;Module 1,1_10;145.79;22,98;34,41;0,58;19,85;3,14
27,10.2019 16:28:33;33.8;0.68;300;135.09784341256204;292.82;Module 1,1_10;146.77;22,98;34,42;0,58;19,99;2,99
27,10.2019 16:30:27;34.2;0.67;300;139.4290259012114;292.82;Module 1,1_10;151.57;22,91;34,48;0,60;20,76;2,16
27,10.2019 16:32:20;34.4;0.68;300;139.8640909008989;292.81;Module 1,1_10;152.14;23,39;34,48;0,60;20,84;2,56
27,10.2019 16:34:33;34.8;0.7;300;146.70933134783667;292.82;Module 1,1_10;159.71;24,36;34,57;0,64;22,05;2,31
27,10.2019 16:36:30;34.5;0.72;300;141.88745537010874;292.8;Module 1,1_10;154.57;24,84;34,51;0,61;21,19;3,65
27,10.2019 16:38:23;34.1;0.71;300;137.78815198911698;292.78;Module 1,1_10;150.21;24,21;34,45;0,59;20,47;3,74
27,10.2019 16:40:15;34;0.68;300;131.94167841651156;292.8;Module 1,1_10;143.94;23,12;34,38;0,57;19,43;3,69
27,10.2019 16:42:15;33.1;0.66;300;125.7641846842223;292.78;Module 1,1_10;137.31;21,85;34,28;0,54;18,34;3,50
27,10.2019 16:44:07;33.2;0.65;300;121.77809550268667;292.77;Module 1,1_10;133.06;21,58;34,21;0,52;17,64;3,94
27,10.2019 16:46:00;33.3;0.62;298.5;118.5899418300115;292.78;Module 1,1_10;129.68;20,65;34,43;0,50;17,19;3,46
27,10.2019 16:47:53;33.4;0.61;298.5;112.43422573167567;292.75;Module 1,1_10;123.05;20,37;34,31;0,47;16,10;4,27
27,10.2019 16:50:04;33.2;0.57;298.5;107.06522578199632;292.71;Module 1,1_10;117.29;18,92;34,21;0,44;15,15;3,77
27,10.2019 16:52:01;33.1;0.55;298.5;102.77217173280813;292.64;Module 1,1_10;112.69;18,21;34,12;0,42;14,40;3,81
27,10.2019 16:53:54;33.3;0.53;298.5;98.19548058818518;292.53;Module 1,1_10;107.77;17,65;34,01;0,40;13,60;4,05
27,10.2019 16:55:47;32.8;0.49;298;89.97393014419329;292.4;Module 1,1_10;98.84;16,07;33,89;0,36;12,18;3,89
27,10.2019 16:57:52;32.7;0.44;298;80.63814394830179;292.32;Module 1,1_10;88.68;14,39;33,60;0,31;10,56;3,83
27,10.2019 16:59:45;32.5;0.38;298;70.10099889526296;292.18;Module 1,1_10;77.17;12,35;33,19;0,26;8,74;3,61
27,10.2019 17:01:42;32.4;0.35;298;63.38284072499084;292.06;Module 1,1_10;69.85;11,34;32,86;0,23;7,59;3,75
27,10.2019 17:03:36;31.6;0.31;298;55.926289921584605;291.99;Module 1,1_10;61.7;9,80;32,40;0,20;6,33;3,47
27,10.2019 17:05:42;31.3;0.32;298;58.400176486005684;291.88;Module 1,1_10;64.51;10,02;32,57;0,21;6,75;3,27
27,10.2019 17:07:35;31.5;0.36;298;66.5969205938155;291.8;Module 1,1_10;73.65;11,34;33,03;0,25;8,14;3,20
27,10.2019 17:09:28;32;0.38;296.5;72.28777017283849;291.78;Module 1,1_10;80.04;12,16;33,55;0,27;9,16;3,00
27,10.2019 17:11:21;32.2;0.44;296.5;82.11072246105806;291.75;Module 1,1_10;91.03;14,17;33,92;0,32;10,87;3,30
27,10.2019 17:13:14;32.7;0.42;296.5;76.4732909275415;291.71;Module 1,1_10;84.89;13,73;33,72;0,29;9,89;3,85
27,10.2019 17:15:12;32.2;0.39;298;72.92970169499722;291.71;Module 1,1_10;81.07;12,56;33,31;0,28;9,22;3,33
27,10.2019 17:17:05;32.6;0.4;298;74.27444251782501;291.68;Module 1,1_10;82.68;13,04;33,37;0,28;9,46;3,58
27,10.2019 17:19:05;32.5;0.39;296.5;70.0702017994748;291.67;Module 1,1_10;78.12;12,68;33,46;0,26;8,78;3,90
27,10.2019 17:21:12;31.8;0.27;296.5;50.71752805206623;291.64;Module 1,1_10;56.64;8,59;32,24;0,17;5,48;3,10
27,10.2019 17:23:04;31.2;0.2;296.5;35.96738944428691;291.54;Module 1,1_10;40.23;6,24;29,95;0,10;3,09;3,15
27,10.2019 17:24:58;30.7;0.16;296;28.749781583364822;291.47;Module 1,1_10;32.21;4,91;26,66;0,08;2,02;2,89
27,10.2019 17:26:51;30.7;0.14;296;26.963456984725216;291.38;Module 1,1_10;30.26;4,30;25,28;0,07;1,78;2,52
27,10.2019 17:28:50;30.7;0.12;296;23.035508611679827;291.27;Module 1,1_10;25.9;3,68;21,79;0,06;1,30;2,38
27,10.2019 17:30:43;31.1;0.1;296;19.752760135433984;291.1;Module 1,1_10;22.25;3,11;18,70;0,05;0,96;2,15
27,10.2019 17:32:52;29.8;0.1;296;19.045029602712887;290.98;Module 1,1_10;21.5;2,98;18,04;0,05;0,89;2,09
27,10.2019 17:34:51;30.8;0.13;294.5;23.17683275790835;290.89;Module 1,1_10;26.22;4,00;21,91;0,06;1,32;2,69
27,10.2019 17:36:46;30.8;0.15;294.5;27.387487052094208;290.82;Module 1,1_10;31.05;4,62;25,66;0,07;1,84;2,78
27,10.2019 17:38:43;30.7;0.16;294.5;28.205166176228264;290.8;Module 1,1_10;32.05;4,91;26,31;0,07;1,95;2,97
27,10.2019 17:40:40;30.9;0.17;294.5;29.999189393936845;290.78;Module 1,1_10;34.17;5,25;27,58;0,08;2,20;3,06
27,10.2019 17:42:33;31;0.21;294.5;37.17875761085663;290.78;Module 1,1_10;42.45;6,51;30,55;0,11;3,29;3,22
27,10.2019 17:44:26;31.1;0.26;294.5;43.724509086166115;290.75;Module 1,1_10;50.05;8,09;31,79;0,14;4,35;3,74
27,10.2019 17:46:19;31.1;0.27;294.5;45.89185278929203;290.75;Module 1,1_10;52.67;8,40;32,07;0,15;4,70;3,69
27,10.2019 17:48:11;32.3;0.27;294.5;44.479904000000914;290.74;Module 1,1_10;51.19;8,72;31,89;0,14;4,47;4,25
27,10.2019 17:50:04;31.4;0.25;294.5;41.96807605957471;290.72;Module 1,1_10;48.44;7,85;31,52;0,13;4,06;3,79
27,10.2019 17:52:16;31.2;0.24;294.5;39.39195377997988;290.69;Module 1,1_10;45.63;7,49;31,05;0,12;3,64;3,85
27,10.2019 17:54:15;31.5;0.24;294.5;38.5949471802976;290.65;Module 1,1_10;44.86;7,56;30,88;0,11;3,51;4,05
27,10.2019 17:56:09;31.2;0.22;294.5;36.69552466655689;290.61;Module 1,1_10;42.8;6,86;30,42;0,11;3,21;3,65
27,10.2019 17:58:02;31.1;0.21;294.5;33.598723495406915;290.56;Module 1,1_10;39.33;6,53;29,41;0,09;2,73;3,80
27,10.2019 17:59:54;31.1;0.19;294.5;30.80802691741427;290.54;Module 1,1_10;36.2;5,91;28,07;0,08;2,31;3,59
27,10.2019 18:01:48;31.1;0.17;294.5;27.690787378820346;290.53;Module 1,1_10;32.67;5,29;25,91;0,07;1,88;3,41
27,10.2019 18:03:46;31;0.15;294.5;24.68138852928105;290.49;Module 1,1_10;29.25;4,65;23,30;0,06;1,49;3,16
27,10.2019 18:05:39;30.9;0.13;294.5;22.041024415799136;290.46;Module 1,1_10;26.24;4,02;20,85;0,06;1,19;2,83
27,10.2019 18:07:56;30.8;0.12;294;20.16614164588893;290.42;Module 1,1_10;24.15;3,70;19,09;0,05;1,00;2,70
27,10.2019 18:09:49;30.5;0.11;294;19.213933789802255;290.37;Module 1,1_10;23.13;3,35;18,19;0,05;0,90;2,45
27,10.2019 18:11:42;30.8;0.11;294;18.529062724648185;290.33;Module 1,1_10;22.43;3,39;17,54;0,05;0,84;2,55
27,10.2019 18:13:35;30.8;0.11;294;18.000369836385914;290.28;Module 1,1_10;21.92;3,39;17,04;0,05;0,79;2,59
27,10.2019 18:15:31;30.8;0.1;294;17.189434936711447;290.22;Module 1,1_10;21.07;3,08;16,27;0,04;0,72;2,36
27,10.2019 18:17:24;31.2;0.09;294;16.06726591657759;290.17;Module 1,1_10;19.83;2,81;15,21;0,04;0,63;2,18
27,10.2019 18:19:17;31;0.09;294;14.798956308023307;290.11;Module 1,1_10;18.4;2,79;14,01;0,04;0,54;2,25
27,10.2019 18:21:09;31.3;0.07;294;13.158448455617801;290.06;Module 1,1_10;16.49;2,19;12,45;0,03;0,42;1,77
27,10.2019 18:23:34;30.5;0;294;10.692056775444744;290;Module 1,1_10;13.55;0,00;10,12;0,03;0,28;-0,28
27,10.2019 18:25:28;30.6;0;294;8.525934255951071;289.95;Module 1,1_10;10.91;0,00;8,07;0,02;0,18;-0,18
27,10.2019 18:27:21;29.9;0;294;7.021887720896041;289.91;Module 1,1_10;9.08;0,00;6,65;0,02;0,12;-0,12
27,10.2019 18:29:16;30.1;0;294;5.679124915244062;289.87;Module 1,1_10;7.43;0,00;5,38;0,01;0,08;-0,08
27,10.2019 18:31:10;29.6;0;294;4.99584120666036;289.84;Module 1,1_10;6.62;0,00;4,73;0,01;0,06;-0,06
27,10.2019 18:33:03;29;0;292.4;4.487382496387458;289.81;Module 1,1_10;6.03;0,00;4,24;0,01;0,05;-0,05
27,10.2019 18:34:56;29.3;0;292.4;3.7367626261793996;289.78;Module 1,1_10;5.1;0,00;3,53;0,01;0,03;-0,03
27,10.2019 18:36:57;32.3;0;294;3.279268065850678;289.78;Module 1,1_10;4.56;0,00;3,10;0,01;0,03;-0,03
27,10.2019 18:38:51;31.4;0;294;2.516731031155065;289.78;Module 1,1_10;3.57;0,00;2,38;0,01;0,02;-0,02
27,10.2019 18:40:45;30;0;294;2.0193941489855582;289.75;Module 1,1_10;2.93;0,00;1,91;0,01;0,01;-0,01
27,10.2019 18:42:38;29.7;0;292.4;1.9749803146193927;289.73;Module 1,1_10;2.94;0,00;1,87;0,01;0,01;-0,01
27,10.2019 18:44:32;29.7;0;292.4;1.845046890623114;289.71;Module 1,1_10;2.83;0,00;1,74;0,00;0,01;-0,01
27,10.2019 18:46:32;29.7;0;292.4;1.5454930110620655;289.67;Module 1,1_10;2.46;0,00;1,46;0,00;0,01;-0,01
28,10.2019 11:00:39;37.4;0.55;287.4;537.19191054455;281.67;Module 1,1_10;596.47;20,57;38,09;2,55;97,29;-76,72
28,10.2019 11:10:58;40.1;0.8;289.9;539.8533670582879;281.67;Module 1,1_10;596.47;32,08;37,66;2,57;96,74;-64,66
28,10.2019 11:15:54;40.4;1.52;290.4;541.0127107178894;281.67;Module 1,1_10;596.47;61,41;37,57;2,57;96,74;-35,33
28,10.2019 11:24:40;40;1.64;294.5;568.5440287740995;285.11;Module 1,1_10;624.63;65,60;36,86;2,71;99,99;-34,39
28,10.2019 11:26:36;40.2;1.53;294.5;609.2801177280973;285.46;Module 1,1_10;668.9;61,51;36,84;2,91;107,35;-45,85
28,10.2019 11:28:33;39.3;1.38;296.5;508.6914729802536;285.78;Module 1,1_10;558.07;54,23;36,51;2,42;88,30;-34,07
28,10.2019 11:30:26;39.7;0.97;296.5;242.7187179996049;285.92;Module 1,1_10;266.1;38,51;35,97;1,11;39,85;-1,34
28,10.2019 11:32:26;38.3;1.05;296.5;350.49512045155416;285.55;Module 1,1_10;383.99;40,21;36,34;1,64;59,55;-19,34
28,10.2019 11:34:18;39.5;1.74;298;558.8173113252959;285.48;Module 1,1_10;611.83;68,73;36,25;2,67;96,66;-27,93
28,10.2019 11:36:12;39.8;1.9;298;608.5064489757459;285.81;Module 1,1_10;665.81;75,62;36,24;2,91;105,50;-29,88
28,10.2019 11:38:06;39.1;1.8;298.5;512.6971658367223;286.14;Module 1,1_10;560.63;70,38;36,16;2,44;88,21;-17,83
28,10.2019 11:39:50;37.4;2.66;298.5;656.9491611534971;286.44;Module 1,1_10;717.97;99,48;36,13;3,15;113,81;-14,33
28,10.2019 11:41:43;37.1;2.52;298.5;442.97021664873625;286.43;Module 1,1_10;483.83;93,49;36,12;2,10;75,70;17,80
28,10.2019 11:43:38;37.4;2.37;298.5;534.692649200926;286.71;Module 1,1_10;583.67;88,64;36,16;2,55;92,14;-3,50
28,10.2019 11:45:30;37;1.16;298.5;199.80049172313267;286.61;Module 1,1_10;217.98;42,92;35,34;0,90;31,74;11,18
28,10.2019 11:47:24;35.7;0.83;298.5;178.93755710847452;286.12;Module 1,1_10;195.11;29,63;35,18;0,80;27,98;1,65
28,10.2019 11:49:17;37.6;1.84;298.5;319.4648915401387;285.61;Module 1,1_10;348.15;69,18;35,91;1,49;53,39;15,79
28,10.2019 11:51:11;36.5;0.94;298.5;190.13784522167637;285.23;Module 1,1_10;207.1;34,31;35,27;0,85;29,99;4,32
28,10.2019 11:53:03;35.5;0.64;298;137.31671125993944;284.89;Module 1,1_10;149.49;22,72;34,81;0,59;20,56;2,16
28,10.2019 11:54:56;37.5;1.31;298;376.4268328747332;284.71;Module 1,1_10;409.59;49,13;36,12;1,77;63,84;-14,72
28,10.2019 11:56:49;37.1;2.32;298;395.4445964428586;284.89;Module 1,1_10;430.07;86,07;36,15;1,86;67,29;18,79
28,10.2019 11:58:43;37;1.78;298;286.6989704503848;284.93;Module 1,1_10;311.65;65,86;35,89;1,33;47,56;18,30
28,10.2019 12:00:37;37.1;2.03;298;494.78679794805794;284.89;Module 1,1_10;537.59;75,31;36,24;2,35;85,20;-9,88
28,10.2019 12:02:29;36.7;0.87;298;154.11483250006475;285;Module 1,1_10;167.37;31,93;35,02;0,67;23,57;8,36
28,10.2019 12:04:24;37.2;0.9;298;207.53449986323534;284.89;Module 1,1_10;225.28;33,48;35,49;0,94;33,21;0,27
28,10.2019 12:06:18;36.1;0.6;298;139.2325155595499;284.29;Module 1,1_10;151.07;21,66;34,84;0,60;20,91;0,75
28,10.2019 12:08:14;38;2.36;296.5;575.942526607489;284.21;Module 1,1_10;624.63;89,68;36,51;2,75;100,41;-10,73
28,10.2019 12:10:08;37.3;0.77;296.5;311.70496104842107;284.22;Module 1,1_10;337.91;28,72;36,23;1,45;52,46;-23,74
28,10.2019 12:12:07;37.7;2.29;296.5;519.7420167570451;284.25;Module 1,1_10;563.19;86,33;36,51;2,47;90,30;-3,96
28,10.2019 12:14:00;36.9;2.26;296.5;548.315047041254;284.61;Module 1,1_10;593.91;83,39;36,51;2,61;95,44;-12,05
28,10.2019 12:15:52;36.7;1.26;296.5;260.0839065137655;284.92;Module 1,1_10;281.6;46,24;36,05;1,19;43,02;3,22
28,10.2019 12:17:46;36.3;1.54;295;605.5147341723191;284.95;Module 1,1_10;655.35;55,90;36,77;2,89;106,43;-50,53
28,10.2019 12:19:56;36.8;3.62;295;777.4518743494331;285.59;Module 1,1_10;841.07;133,22;36,64;3,74;137,08;-3,86
28,10.2019 12:21:49;36.5;3.5;298;774.6243297963351;286.2;Module 1,1_10;837.7;127,75;36,13;3,73;134,69;-6,94
28,10.2019 12:23:46;37.1;2.66;298;575.4467002660514;286.67;Module 1,1_10;622.07;98,69;36,25;2,75;99,63;-0,94
28,10.2019 12:25:40;35.8;3.74;298;751.3458607498876;287.04;Module 1,1_10;811.93;133,89;36,15;3,61;130,64;3,25
28,10.2019 12:27:34;35.5;3.41;300;711.5720529338378;287.56;Module 1,1_10;768.68;121,06;35,84;3,42;122,53;-1,48
28,10.2019 12:29:28;36;0.88;300;156.108995853247;287.37;Module 1,1_10;168.58;31,68;34,68;0,68;23,72;7,96
28,10.2019 12:31:12;34;0.77;300.5;178.7585408729453;286.81;Module 1,1_10;192.98;26,18;34,82;0,80;27,69;-1,51
28,10.2019 12:33:07;34.9;0.69;300.5;150.62078886946622;286.2;Module 1,1_10;162.55;24,08;34,53;0,66;22,69;1,39
28,10.2019 12:34:59;35.5;0.6;300.5;145.80190207191387;285.55;Module 1,1_10;157.3;21,30;34,47;0,63;21,84;-0,54
28,10.2019 12:36:53;35.9;0.59;300;152.58819141656784;285.13;Module 1,1_10;164.57;21,18;34,64;0,67;23,09;-1,91
28,10.2019 12:39:02;36.1;1.29;300;610.2944344163859;284.67;Module 1,1_10;657.99;46,57;35,89;2,92;104,84;-58,27
28,10.2019 12:40:55;37.3;3.48;298.5;753.0102177342588;285.09;Module 1,1_10;811.62;129,80;36,06;3,62;130,63;-0,82
28,10.2019 12:42:50;37;3.16;298.5;769.4068597821741;285.98;Module 1,1_10;829.05;116,92;36,04;3,70;133,47;-16,55
28,10.2019 12:44:45;36.3;3.67;298.5;760.3992874874742;286.91;Module 1,1_10;819.11;133,22;36,05;3,66;131,91;1,31
28,10.2019 12:46:39;35.3;3.58;298.5;766.4967763511597;287.62;Module 1,1_10;825.45;126,37;36,05;3,69;132,97;-6,60
28,10.2019 12:48:33;35;3.93;298.5;815.5043770315411;288.1;Module 1,1_10;877.99;137,55;35,99;3,93;141,45;-3,90
28,10.2019 12:50:27;35.4;3.58;300;518.4891681145797;288.23;Module 1,1_10;558.07;126,73;35,90;2,47;88,62;38,11
28,10.2019 12:52:23;34.7;1.38;300;318.78397705074735;287.35;Module 1,1_10;343.03;47,89;35,63;1,48;52,90;-5,01
28,10.2019 12:54:17;35.4;3.86;300;783.3042772322158;286.93;Module 1,1_10;842.67;136,64;35,77;3,77;134,93;1,72
28,10.2019 12:56:11;35.5;4.06;300;862.089192857253;287.1;Module 1,1_10;927.2;144,13;35,68;4,16;148,40;-4,27
28,10.2019 12:58:04;35.6;4.07;300;821.6977388081776;287.75;Module 1,1_10;883.55;144,89;35,73;3,96;141,51;3,38
28,10.2019 13:00:02;34.9;3.98;302;813.5967363042541;288.38;Module 1,1_10;874.63;138,90;35,39;3,92;138,79;0,11
28,10.2019 13:01:55;34.4;3.9;302;810.8751366699856;289.08;Module 1,1_10;871.51;134,16;35,39;3,91;138,33;-4,17
28,10.2019 13:03:48;34.4;3.87;302.5;817.8631993844688;289.75;Module 1,1_10;878.83;133,13;35,30;3,94;139,17;-6,05
28,10.2019 13:05:41;34.2;4.3;302.5;877.4316029001374;290.26;Module 1,1_10;942.64;147,06;35,23;4,24;149,20;-2,14
28,10.2019 13:07:35;34.2;3.98;302.5;837.0394607690067;290.29;Module 1,1_10;899.06;136,12;35,28;4,04;142,41;-6,30
28,10.2019 13:09:28;33.1;3.9;303.5;795.3394246119315;290.41;Module 1,1_10;854.1;129,09;35,15;3,83;134,71;-5,62
28,10.2019 13:11:21;33.3;4.17;303.5;828.9392711387168;290.63;Module 1,1_10;890.01;138,86;35,12;4,00;140,36;-1,50
28,10.2019 13:13:09;33.2;3.92;306;696.6777712581426;290.82;Module 1,1_10;747.87;130,14;34,80;3,35;116,51;13,63
28,10.2019 13:15:02;34.4;2.5;306;272.4999315959318;289.99;Module 1,1_10;292.47;86,00;34,41;1,26;43,32;42,68
28,10.2019 13:16:56;34.8;1.27;306;243.58554590632585;289.21;Module 1,1_10;261.39;44,20;34,27;1,12;38,27;5,92
28,10.2019 13:18:49;34.1;1.22;306;275.12106871727633;288.61;Module 1,1_10;295.18;41,60;34,41;1,27;43,78;-2,18
28,10.2019 13:20:42;35.3;2.57;306;697.8725827013259;288.18;Module 1,1_10;748.63;90,72;34,80;3,35;116,71;-25,99
28,10.2019 13:22:38;35.3;4.23;303.5;848.3665876768797;288.39;Module 1,1_10;909.92;149,32;35,09;4,09;143,62;5,70
28,10.2019 13:24:22;33.9;4.36;303.5;876.6859614017486;288.92;Module 1,1_10;940.16;147,80;35,05;4,23;148,35;-0,55
28,10.2019 13:26:14;34;4.32;303.5;867.3313597869325;289.68;Module 1,1_10;929.99;146,88;35,07;4,19;146,79;0,09
28,10.2019 13:28:07;33.8;4.13;303.5;827.0495645534736;290.36;Module 1,1_10;886.67;139,59;35,12;3,99;140,04;-0,45
28,10.2019 13:30:01;33.7;4.02;303.5;805.1588008578142;290.71;Module 1,1_10;863.08;135,47;35,14;3,88;136,36;-0,89
28,10.2019 13:31:56;33.5;4.04;303.5;775.1040012464362;291.05;Module 1,1_10;830.75;135,34;35,17;3,73;131,29;4,05
28,10.2019 13:33:49;34.9;2.2;303.5;327.26049631584874;290.74;Module 1,1_10;350.71;76,78;35,04;1,53;53,53;23,25
28,10.2019 13:35:44;34.2;0.68;303.5;141.29466801461666;289.8;Module 1,1_10;151.4;23,26;33,87;0,61;20,76;2,50
28,10.2019 13:37:44;33.3;0.74;303.5;162.26652228105775;288.53;Module 1,1_10;173.85;24,64;34,12;0,72;24,42;0,22
28,10.2019 13:39:37;34.3;0.86;303.5;195.56318707520893;287.3;Module 1,1_10;209.5;29,50;34,41;0,88;30,27;-0,77
28,10.2019 13:41:30;35;0.8;303.5;187.88217196335881;286.42;Module 1,1_10;201.25;28,00;34,36;0,84;28,92;-0,92
28,10.2019 13:43:28;36.4;2.89;302;675.1314204579638;286.17;Module 1,1_10;723.09;105,20;35,52;3,24;115,09;-9,89
28,10.2019 13:45:26;36.1;3.72;302;775.215678331611;286.68;Module 1,1_10;830.2;134,29;35,43;3,73;132,26;2,03
28,10.2019 13:47:21;35.8;3.63;302;776.8847055259978;287.43;Module 1,1_10;831.91;129,95;35,43;3,74;132,55;-2,59
28,10.2019 13:49:14;35.8;2.43;302;499.68444613309765;288.17;Module 1,1_10;535.03;86,99;35,54;2,38;84,47;2,52
28,10.2019 13:51:07;35.6;3.59;302;749.3680288100427;288.57;Module 1,1_10;802.31;127,80;35,45;3,61;127,85;-0,05
28,10.2019 13:53:22;34.9;3.71;302;773.4793855356937;289.03;Module 1,1_10;828.05;129,48;35,43;3,72;131,97;-2,49
28,10.2019 13:55:18;34.9;3.66;302;763.5580609661815;289.55;Module 1,1_10;817.37;127,73;35,45;3,68;130,27;-2,54
28,10.2019 13:57:11;34.6;3.65;302.5;753.7421371272499;290.06;Module 1,1_10;806.81;126,29;35,37;3,63;128,29;-2,00
28,10.2019 13:59:09;34.7;3.63;302.5;748.4356280427767;290.5;Module 1,1_10;801.08;125,96;35,37;3,60;127,38;-1,42
28,10.2019 14:01:02;34.2;3.73;302.5;752.0268411953524;290.81;Module 1,1_10;804.88;127,57;35,37;3,62;127,99;-0,43
28,10.2019 14:02:55;34.3;3.64;303.5;755.5959153892315;291.04;Module 1,1_10;808.66;124,85;35,19;3,64;127,98;-3,13
28,10.2019 14:04:50;34.3;3.63;303.5;753.5835365455472;291.17;Module 1,1_10;806.47;124,51;35,20;3,63;127,64;-3,13
28,10.2019 14:06:43;34.4;3.57;303.5;726.4389260202975;291.24;Module 1,1_10;777.39;122,81;35,22;3,49;123,03;-0,22
28,10.2019 14:08:49;34.4;3.5;303.5;723.4664832940582;291.5;Module 1,1_10;774.18;120,40;35,22;3,48;122,52;-2,12
28,10.2019 14:10:41;34.4;3.51;303.5;721.2532668609339;291.83;Module 1,1_10;771.79;120,74;35,22;3,47;122,14;-1,40
28,10.2019 14:12:34;34.1;3.62;303.5;740.1103476749128;292.08;Module 1,1_10;791.95;123,44;35,20;3,56;125,35;-1,91
28,10.2019 14:14:27;34;3.42;303.5;725.6473792611487;291.76;Module 1,1_10;776.46;116,28;35,22;3,49;122,89;-6,61
28,10.2019 14:16:11;34.5;3.42;306;731.3382915148784;291.46;Module 1,1_10;782.54;117,99;34,77;3,52;122,35;-4,36
28,10.2019 14:18:05;34;3.45;306;738.5124498473888;291.07;Module 1,1_10;790.21;117,30;34,77;3,55;123,56;-6,26
28,10.2019 14:19:58;35.1;3.54;306;739.0005211892922;290.69;Module 1,1_10;790.73;124,25;34,77;3,56;123,64;0,62
28,10.2019 14:21:50;34.4;3.58;306;739.5221392554944;290.96;Module 1,1_10;791.29;123,15;34,77;3,56;123,72;-0,57
28,10.2019 14:23:46;33.9;3.54;306;711.5259121294225;291.25;Module 1,1_10;761.34;120,01;34,79;3,42;119,02;0,99
28,10.2019 14:25:39;34.6;3.43;306;739.5533710012533;291.57;Module 1,1_10;791.34;118,68;34,77;3,56;123,73;-5,05
28,10.2019 14:27:32;35.4;3.12;306;696.0462318458829;291.95;Module 1,1_10;744.8;110,45;34,80;3,34;116,40;-5,96
28,10.2019 14:29:26;35.7;3.32;306;751.0913854228138;292.1;Module 1,1_10;803.72;118,52;34,76;3,62;125,67;-7,14
28,10.2019 14:31:24;35.9;3.36;308.1;764.2166738915649;292.32;Module 1,1_10;817.79;120,62;34,38;3,68;126,53;-5,90
28,10.2019 14:33:17;34.4;3.58;308.1;765.5169573089452;292.49;Module 1,1_10;819.21;123,15;34,38;3,69;126,74;-3,59
28,10.2019 14:35:10;34.6;3.67;308.1;758.0387436532044;292.54;Module 1,1_10;811.24;126,98;34,38;3,65;125,51;1,48
28,10.2019 14:37:07;34.8;3.68;308.1;776.2136363378478;292.28;Module 1,1_10;830.73;128,06;34,37;3,74;128,51;-0,45
28,10.2019 14:39:01;34.4;3.3;308.1;698.904360099046;291.6;Module 1,1_10;748.03;113,52;34,43;3,36;115,67;-2,15
28,10.2019 14:40:54;35.3;1.73;308.1;231.55958478161168;290.96;Module 1,1_10;247.85;61,07;33,83;1,06;35,81;25,26
28,10.2019 14:42:47;34.5;1.31;308.1;569.1887027788305;289.98;Module 1,1_10;609.27;45,20;34,48;2,72;93,83;-48,64
28,10.2019 14:44:40;35.2;3.65;306.5;684.5731554588984;289.57;Module 1,1_10;732.83;128,48;34,72;3,29;114,18;14,30
28,10.2019 14:46:33;35.9;3.78;306.5;778.8268919791626;289.65;Module 1,1_10;833.79;135,70;34,65;3,75;129,98;5,72
28,10.2019 14:48:27;34.9;3.53;306.5;747.2690768807233;289.75;Module 1,1_10;800.07;123,20;34,67;3,60;124,71;-1,52
28,10.2019 14:50:23;35.1;2.83;306;590.5280596297159;289.86;Module 1,1_10;632.31;99,33;34,84;2,83;98,47;0,86
28,10.2019 14:52:20;35;3.35;306;747.0377398428104;289.68;Module 1,1_10;799.97;117,25;34,77;3,60;124,99;-7,74
28,10.2019 14:54:13;34.8;3.75;306;789.3837519207772;289.68;Module 1,1_10;845.4;130,50;34,72;3,80;132,07;-1,57
28,10.2019 14:56:07;34.6;3.37;306;583.1802318213226;290.14;Module 1,1_10;624.63;116,60;34,85;2,79;97,21;19,39
28,10.2019 14:58:00;35;2.05;306;530.5385670327947;289.83;Module 1,1_10;568.31;71,75;34,84;2,53;88,17;-16,42
28,10.2019 14:59:54;35.2;3.43;306;698.1750874063674;289.59;Module 1,1_10;747.97;120,74;34,80;3,36;116,76;3,97
28,10.2019 15:01:47;35;0.98;306;299.5088033588512;289.29;Module 1,1_10;320.91;34,30;34,51;1,39;48,04;-13,74
28,10.2019 15:03:41;35.4;2.81;303.5;606.786892484789;289.03;Module 1,1_10;650.23;99,47;35,28;2,90;102,49;-3,02
28,10.2019 15:05:35;34.8;3.25;303.5;661.8187856668137;288.93;Module 1,1_10;709.3;113,10;35,26;3,18;111,97;1,13
28,10.2019 15:07:28;34.5;3.5;303.5;729.3700278921908;289.38;Module 1,1_10;781.81;120,75;35,21;3,51;123,52;-2,77
28,10.2019 15:09:11;34.5;3.52;303.5;725.8561158537628;289.88;Module 1,1_10;778.15;121,44;35,22;3,49;122,93;-1,49
28,10.2019 15:11:06;34;3.4;303.5;692.9856430284206;290.18;Module 1,1_10;743.03;115,60;35,24;3,33;117,32;-1,72
28,10.2019 15:12:59;33.8;3.46;303.5;694.6065134793059;290.47;Module 1,1_10;744.89;116,95;35,24;3,34;117,59;-0,64
28,10.2019 15:14:52;34.7;3;303.5;678.4329267827222;290.6;Module 1,1_10;727.67;104,10;35,25;3,26;114,82;-10,72
28,10.2019 15:16:45;34;3.19;303.5;662.8193776614534;290.46;Module 1,1_10;711.05;108,46;35,26;3,18;112,15;-3,69
28,10.2019 15:18:41;33.1;3.42;303.5;685.5455323072571;289.83;Module 1,1_10;735.57;113,20;35,24;3,29;116,04;-2,84
28,10.2019 15:20:34;33;3.18;303.5;446.0678186353661;289.83;Module 1,1_10;478.71;104,94;35,24;2,11;74,47;30,47
28,10.2019 15:22:27;33.5;3.34;303.5;690.93976670826;289.67;Module 1,1_10;741.65;111,89;35,24;3,32;116,97;-5,08
28,10.2019 15:24:19;34.6;3.5;303.5;711.0370249397191;289.44;Module 1,1_10;763.38;121,10;35,23;3,42;120,40;0,70
28,10.2019 15:26:19;32.8;3.51;303.5;695.5549510968187;289.91;Module 1,1_10;746.93;115,13;35,23;3,34;117,75;-2,63
28,10.2019 15:28:16;32.7;3.56;303.5;702.086805997883;290.22;Module 1,1_10;754.12;116,41;35,23;3,37;118,87;-2,46
28,10.2019 15:30:09;33.3;3.35;303.5;654.676362487631;290.14;Module 1,1_10;703.36;111,55;35,27;3,14;110,75;0,81
28,10.2019 15:32:04;33.8;1.38;302.5;211.72920881685633;288.98;Module 1,1_10;227.53;46,64;34,71;0,96;33,27;13,37
28,10.2019 15:34:07;34.3;2.75;302.5;488.21270739551846;288.27;Module 1,1_10;524.79;94,32;35,45;2,32;82,26;12,07
28,10.2019 15:36:01;33.5;2.71;302.5;395.22776324659407;287.87;Module 1,1_10;424.95;90,78;35,35;1,86;65,84;24,94
28,10.2019 15:37:54;34.1;2.92;302;595.0671629479174;287.39;Module 1,1_10;639.99;99,57;35,55;2,85;101,19;-1,62
28,10.2019 15:39:48;33.8;2.87;302;604.4187632761539;287.53;Module 1,1_10;650.23;97,01;35,55;2,89;102,82;-5,81
28,10.2019 15:41:42;34.4;2.86;302;589.9697646184688;288.11;Module 1,1_10;634.87;98,38;35,55;2,82;100,30;-1,92
28,10.2019 15:43:36;34.1;2.9;302;589.7929172946511;288.56;Module 1,1_10;634.87;98,89;35,55;2,82;100,27;-1,38
28,10.2019 15:45:29;33.9;2.83;302;580.1018746685132;288.96;Module 1,1_10;624.63;95,94;35,55;2,77;98,58;-2,64
28,10.2019 15:47:23;33;2.77;302;556.1489349593687;289.29;Module 1,1_10;599.03;91,41;35,55;2,65;94,39;-2,98
28,10.2019 15:49:46;33.3;2.81;302;565.420695637003;289.76;Module 1,1_10;609.27;93,57;35,55;2,70;96,01;-2,44
28,10.2019 15:51:40;33.3;2.53;300.5;484.4784696977548;289.9;Module 1,1_10;522.23;84,25;35,80;2,30;82,38;1,87
28,10.2019 15:53:38;34;2.66;300.5;517.5375103315729;289.93;Module 1,1_10;558.07;90,44;35,81;2,46;88,24;2,20
28,10.2019 15:55:34;33.6;2.45;300.5;519.7177683457651;290.16;Module 1,1_10;560.63;82,32;35,81;2,47;88,63;-6,31
28,10.2019 15:57:27;34;2.36;300.5;491.05552652429776;290.22;Module 1,1_10;529.91;80,24;35,80;2,33;83,55;-3,31
28,10.2019 15:59:21;34.2;2.58;300.5;535.9201218871345;289.93;Module 1,1_10;578.55;88,24;35,81;2,55;91,49;-3,26
28,10.2019 16:01:18;34.6;2.17;302;481.17995006886514;289.74;Module 1,1_10;519.67;75,08;35,53;2,29;81,21;-6,13
28,10.2019 16:03:06;34.4;2.22;302;511.79395677936327;289.82;Module 1,1_10;552.95;76,37;35,55;2,44;86,60;-10,24
28,10.2019 16:05:12;35.8;2.26;302;468.921897951226;289.73;Module 1,1_10;506.87;80,91;35,52;2,23;79,05;1,86
28,10.2019 16:07:04;35.4;2.06;302;452.14728687889766;289.4;Module 1,1_10;488.95;72,92;35,51;2,14;76,08;-3,16
28,10.2019 16:08:58;37.3;0.93;302;390.41942919588155;288.76;Module 1,1_10;422.39;34,69;35,44;1,84;65,15;-30,46
28,10.2019 16:10:51;40.1;0.61;302.5;376.0471062286224;288.55;Module 1,1_10;407.03;24,46;35,32;1,77;62,44;-37,98
28,10.2019 16:13:18;40.4;0.57;302.5;415.99378872222667;288.5;Module 1,1_10;450.55;23,03;35,38;1,96;69,52;-46,49
28,10.2019 16:15:13;40.4;0.53;302.5;351.99654252916537;288.46;Module 1,1_10;381.43;21,41;35,27;1,65;58,18;-36,77
28,10.2019 16:17:07;40.4;0.52;302.5;403.7611934709145;288.51;Module 1,1_10;437.75;21,01;35,37;1,90;67,35;-46,34
28,10.2019 16:19:02;40.4;0.54;302.5;368.14422562690606;288.53;Module 1,1_10;399.35;21,82;35,30;1,73;61,04;-39,23
28,10.2019 16:21:12;40.4;0.53;302.5;389.1387837904287;288.46;Module 1,1_10;422.39;21,41;35,34;1,83;64,76;-43,35
28,10.2019 16:23:05;40.3;0.52;302.5;370.0617816657026;288.66;Module 1,1_10;401.91;20,96;35,31;1,74;61,38;-40,43
28,10.2019 16:24:58;40.4;0.52;302.5;358.06745124700967;288.61;Module 1,1_10;389.11;21,01;35,29;1,68;59,25;-38,25
28,10.2019 16:26:54;40.4;0.52;302.5;334.30360955622365;288.74;Module 1,1_10;363.51;21,01;35,23;1,56;55,04;-34,03
28,10.2019 16:28:47;39.9;0.51;302.5;331.7437942705028;288.57;Module 1,1_10;360.95;20,35;35,23;1,55;54,58;-34,23
28,10.2019 16:30:47;38;0.48;300.5;234.80475224973944;288.13;Module 1,1_10;255.65;18,24;35,21;1,07;37,71;-19,47
28,10.2019 16:32:45;38.7;0.51;300.5;366.5351022429643;288.17;Module 1,1_10;399.35;19,74;35,66;1,72;61,33;-41,60
28,10.2019 16:34:43;37.2;0.48;300.5;248.2246846809499;288.39;Module 1,1_10;270.64;17,86;35,28;1,14;40,12;-22,26
28,10.2019 16:36:36;35.6;0.45;298;174.6085585145659;288.22;Module 1,1_10;190.51;16,02;35,23;0,77;27,26;-11,24
28,10.2019 16:38:29;35.4;0.46;298;208.67140332933545;287.87;Module 1,1_10;227.84;16,28;35,50;0,94;33,41;-17,13
28,10.2019 16:40:22;35.4;0.46;296;270.81201096178717;287.67;Module 1,1_10;295.91;16,28;36,18;1,25;45,09;-28,80
28,10.2019 16:42:20;35.7;0.46;296;320.70550591091956;287.71;Module 1,1_10;350.71;16,42;36,35;1,49;54,23;-37,81
28,10.2019 16:44:14;35.9;0.47;296;353.1951677970795;287.88;Module 1,1_10;386.55;16,87;36,43;1,65;60,18;-43,31
28,10.2019 16:46:07;36;0.46;294;392.63677289587645;288.06;Module 1,1_10;430.07;16,56;36,84;1,85;68,00;-51,44
28,10.2019 16:48:01;36.1;0.46;294;410.9819438210177;288.32;Module 1,1_10;450.55;16,61;36,88;1,94;71,38;-54,78
28,10.2019 16:49:55;36;0.44;292.4;419.95092694924097;288.38;Module 1,1_10;460.79;15,84;37,16;1,98;73,56;-57,72
28,10.2019 16:51:52;36;0.41;292.4;386.9241144277876;288.71;Module 1,1_10;424.95;14,76;37,12;1,82;67,43;-52,67
28,10.2019 16:53:45;35.7;0.39;292.4;268.55110733480916;288.96;Module 1,1_10;295.22;13,92;36,81;1,23;45,39;-31,47
28,10.2019 16:55:41;36;0.35;291.9;217.2665048537175;289.04;Module 1,1_10;239.08;12,60;36,64;0,98;35,92;-23,32
28,10.2019 16:57:35;34.9;0.37;291.9;191.1645569087311;288.93;Module 1,1_10;210.57;12,91;36,46;0,85;31,06;-18,15
28,10.2019 16:59:30;34.6;0.36;290.4;130.91822296810128;288.51;Module 1,1_10;144.36;12,46;36,08;0,56;20,04;-7,59
28,10.2019 17:01:25;34.6;0.39;290.4;230.55125133016398;287.97;Module 1,1_10;254.5;13,49;36,98;1,04;38,65;-25,15
28,10.2019 17:03:20;35.3;0.43;289.9;347.46373668800436;287.82;Module 1,1_10;383.99;15,18;37,48;1,62;60,75;-45,57
28,10.2019 17:05:04;35.5;0.45;289.9;372.5518400376172;288.07;Module 1,1_10;412.15;15,97;37,53;1,74;65,47;-49,49
28,10.2019 17:07:22;35.4;0.47;289.9;369.70036605231815;288.49;Module 1,1_10;409.59;16,64;37,52;1,73;64,93;-48,30
28,10.2019 17:09:15;35.4;0.49;289.9;348.4730620338731;288.71;Module 1,1_10;386.55;17,35;37,48;1,63;60,94;-43,59
28,10.2019 17:11:11;35.4;0.5;289.9;345.7101175478549;288.89;Module 1,1_10;383.99;17,70;37,48;1,61;60,42;-42,72
28,10.2019 17:13:11;35.4;0.48;289.9;194.34530225378245;289.05;Module 1,1_10;216.17;16,99;36,84;0,87;31,93;-14,93
28,10.2019 17:15:05;35.2;0.45;289.9;214.07740054355008;288.9;Module 1,1_10;238.45;15,84;36,98;0,96;35,63;-19,79
28,10.2019 17:16:58;35.6;0.46;289.9;284.9441433968789;288.75;Module 1,1_10;317.84;16,38;37,31;1,31;48,98;-32,60
28,10.2019 17:18:51;35.6;0.47;289.9;295.6118652147682;288.88;Module 1,1_10;330.23;16,73;37,34;1,37;50,99;-34,25
28,10.2019 17:20:44;35.9;0.47;289.9;220.89087938026637;289.03;Module 1,1_10;247.14;16,87;37,02;1,00;36,91;-20,04
28,10.2019 17:22:58;34.8;0.49;289.9;249.64964813928893;288.89;Module 1,1_10;279.85;17,05;37,16;1,14;42,33;-25,27
28,10.2019 17:24:52;34.7;0.5;289.9;266.0766043696328;288.93;Module 1,1_10;298.77;17,35;37,24;1,22;45,42;-28,07
28,10.2019 17:26:52;34.3;0.48;289.9;203.1627345640792;288.83;Module 1,1_10;228.55;16,46;36,90;0,91;33,58;-17,12
28,10.2019 17:28:37;34.5;0.48;288.4;258.4161007947592;288.77;Module 1,1_10;291.2;16,56;37,47;1,18;44,26;-27,70
28,10.2019 17:30:31;34.4;0.47;288.4;217.4807889411032;288.65;Module 1,1_10;245.54;16,17;37,26;0,98;36,50;-20,33
28,10.2019 17:32:25;34.1;0.45;289.9;141.77877263562158;288.48;Module 1,1_10;160.39;15,35;36,32;0,61;22,10;-6,76
28,10.2019 17:34:23;33.7;0.44;289.9;108.41435317907664;288.16;Module 1,1_10;122.91;14,83;35,78;0,45;15,93;-1,10
28,10.2019 17:36:07;33.2;0.43;289.9;119.33627761448683;287.85;Module 1,1_10;135.56;14,28;35,98;0,50;17,94;-3,67
28,10.2019 17:38:19;33.8;0.41;287.4;142.88773345796756;287.52;Module 1,1_10;162.74;13,86;36,78;0,61;22,53;-8,67
28,10.2019 17:40:16;33.5;0.37;287.4;112.23396534255619;287.02;Module 1,1_10;128.14;12,39;36,30;0,46;16,79;-4,40
28,10.2019 17:42:10;33.4;0.34;287.4;101.88966049826101;286.49;Module 1,1_10;116.62;11,36;36,09;0,41;14,87;-3,52
28,10.2019 17:44:06;33.3;0.32;287.4;83.77357136177464;286.03;Module 1,1_10;96.14;10,66;35,60;0,32;11,53;-0,88
28,10.2019 17:46:01;33.1;0.3;287.4;73.2972548474871;285.71;Module 1,1_10;84.35;9,93;35,22;0,27;9,63;0,30
28,10.2019 17:48:00;33.2;0.29;287.4;69.52525808370088;285.33;Module 1,1_10;80.25;9,63;35,05;0,26;8,94;0,68
28,10.2019 17:50:00;33.2;0.29;287.4;73.10359787542606;284.96;Module 1,1_10;84.65;9,63;35,21;0,27;9,59;0,04
28,10.2019 17:51:53;33;0.29;287.4;73.71635750557434;284.65;Module 1,1_10;85.63;9,57;35,23;0,28;9,70;-0,13
28,10.2019 17:53:51;33;0.29;287.4;68.29579487377444;284.43;Module 1,1_10;79.61;9,57;34,99;0,25;8,72;0,85
28,10.2019 17:55:46;33.3;0.29;287.4;64.18797784976896;284.23;Module 1,1_10;75.09;9,66;34,78;0,23;7,98;1,67
28,10.2019 17:57:40;33.5;0.29;287.4;60.345589757728476;284.03;Module 1,1_10;70.86;9,71;34,55;0,21;7,30;2,42
28,10.2019 17:59:36;33.3;0.28;287.4;57.06626439365891;283.89;Module 1,1_10;67.28;9,32;34,33;0,20;6,71;2,61
28,10.2019 18:01:30;33.1;0.27;286.4;56.067145624138114;283.75;Module 1,1_10;66.38;8,94;34,43;0,19;6,55;2,38
28,10.2019 18:03:39;33.2;0.27;286.4;53.56593173276272;283.5;Module 1,1_10;63.74;8,96;34,23;0,18;6,11;2,85
28,10.2019 18:05:35;33.1;0.26;286.4;53.07275584523077;283.32;Module 1,1_10;63.46;8,61;34,19;0,18;6,02;2,58
28,10.2019 18:07:30;33;0.26;286.4;50.84659374945983;283.22;Module 1,1_10;61.11;8,58;33,98;0,17;5,63;2,95
28,10.2019 18:09:46;33.4;0.25;286.4;49.73223464124217;283.07;Module 1,1_10;60.16;8,35;33,87;0,16;5,44;2,91
28,10.2019 18:11:39;32.9;0.23;286.4;47.14349730215568;282.94;Module 1,1_10;57.36;7,57;33,57;0,15;4,99;2,58
28,10.2019 18:13:34;32.4;0.22;286.4;43.604322962542504;282.84;Module 1,1_10;53.39;7,13;33,07;0,13;4,38;2,75
28,10.2019 18:15:31;32.5;0.2;286.4;38.26741317302814;282.75;Module 1,1_10;47.18;6,50;31,96;0,11;3,48;3,02
28,10.2019 18:17:31;32.5;0.19;286.4;34.36206315316166;282.66;Module 1,1_10;42.69;6,17;30,59;0,09;2,85;3,32
28,10.2019 18:19:15;32.5;0.17;285.9;32.375596230139166;282.58;Module 1,1_10;40.51;5,53;29,59;0,09;2,54;2,98
28,10.2019 18:21:09;32.2;0.16;285.9;29.964143399017708;282.49;Module 1,1_10;37.81;5,15;27,92;0,08;2,18;2,97
28,10.2019 18:23:02;31.8;0.16;285.9;28.390198829916336;282.43;Module 1,1_10;36.15;5,09;26,63;0,07;1,96;3,13
28,10.2019 18:24:56;32.3;0.15;285.9;26.21192061660269;282.34;Module 1,1_10;33.71;4,84;24,68;0,07;1,67;3,17
28,10.2019 18:26:45;32.3;0.14;285.9;24.348525721720318;282.24;Module 1,1_10;31.64;4,52;22,95;0,06;1,44;3,08
28,10.2019 18:28:47;32;0.13;285.9;22.695215404799573;282.15;Module 1,1_10;29.87;4,16;21,41;0,06;1,25;2,91
28,10.2019 18:30:45;32.1;0.12;285.9;20.34123433805335;282.04;Module 1,1_10;27.14;3,85;19,19;0,05;1,01;2,84
28,10.2019 18:32:40;32.3;0.11;285.9;18.632355859280096;281.96;Module 1,1_10;25.23;3,55;17,58;0,05;0,85;2,71
28,10.2019 18:34:34;32.1;0.09;285.9;16.25281034288506;281.84;Module 1,1_10;22.37;2,89;15,34;0,04;0,64;2,25
28,10.2019 18:36:30;32.3;0.09;285.9;13.998831357341892;281.72;Module 1,1_10;19.63;2,91;13,21;0,04;0,48;2,43
28,10.2019 18:38:25;31.9;0.08;285.9;12.354712880728673;281.63;Module 1,1_10;17.69;2,55;11,66;0,03;0,37;2,18
28,10.2019 18:40:25;31.6;0.07;285.9;10.504656244169915;281.52;Module 1,1_10;15.42;2,21;9,91;0,03;0,27;1,94
28,10.2019 18:42:20;30.8;0;285.9;8.927330218743847;281.43;Module 1,1_10;13.47;0,00;8,42;0,02;0,19;-0,19
28,10.2019 18:44:13;30.5;0;284.4;7.334963974667399;281.36;Module 1,1_10;11.42;0,00;6,91;0,02;0,13;-0,13
28,10.2019 18:46:07;31.5;0;284.4;5.872964864063098;281.28;Module 1,1_10;9.49;0,00;5,54;0,02;0,08;-0,08
28,10.2019 18:47:51;31.8;0;284.4;4.803810377944638;281.21;Module 1,1_10;8.08;0,00;4,53;0,01;0,06;-0,06
28,10.2019 18:49:47;31.1;0;284.4;3.627797534751152;281.08;Module 1,1_10;6.44;0,00;3,42;0,01;0,03;-0,03
28,10.2019 18:51:37;31.6;0;284.4;2.9559800694653013;281.01;Module 1,1_10;5.59;0,00;2,79;0,01;0,02;-0,02
28,10.2019 18:53:31;32.9;0;283.9;2.136054977148128;280.96;Module 1,1_10;4.39;0,00;2,02;0,01;0,01;-0,01
28,10.2019 18:55:32;33.1;0;283.9;1.2452576402072122;280.9;Module 1,1_10;2.88;0,00;1,17;0,00;0,00;-0,00
28,10.2019 18:57:27;32.2;0;284.4;0.6307060807619762;280.85;Module 1,1_10;1.71;0,00;0,59;0,00;0,00;-0,00
28,10.2019 18:59:12;30.5;0;284.4;0.28483921573460474;280.78;Module 1,1_10;0.96;0,00;0,27;0,00;0,00;-0,00
28,10.2019 19:01:08;28.3;0;284.4;0.048679703147594545;280.68;Module 1,1_10;0.25;0,00;0,05;0,00;0,00;-0,00
28,10.2019 19:03:15;28.3;0;284.4;0.009605734134313896;280.64;Module 1,1_10;0.05;0,00;0,01;0,00;0,00;-0,00
28,10.2019 19:05:10;28.3;0;284.4;0.001;280.6;Module 1,1_10;-0.01;0,00;0,00;0,00;0,00;0,00
29,10.2019 09:19:47;29.1;0;276.3;8.353984331343515;276.5;Module 1,1_10;10.66;0,00;7,85;0,02;0,17;-0,17
29,10.2019 09:21:52;28.3;0.07;276.3;10.18050075829242;276.46;Module 1,1_10;12.9;1,98;9,57;0,03;0,25;1,73
29,10.2019 09:23:44;27.2;0.08;277.8;12.217757165869472;276.44;Module 1,1_10;15.39;2,18;11,49;0,03;0,36;1,81
29,10.2019 09:25:41;26.8;0.09;277.8;13.87870636975779;276.4;Module 1,1_10;17.38;2,41;13,05;0,04;0,47;1,95
29,10.2019 09:27:36;26.9;0.1;277.8;15.560561832542056;276.42;Module 1,1_10;19.38;2,69;14,63;0,04;0,59;2,10
29,10.2019 09:29:36;27.2;0.11;277.8;17.017278658924923;276.46;Module 1,1_10;21.08;2,99;16,00;0,04;0,70;2,29
29,10.2019 09:31:29;27.2;0.11;277.8;17.813640124659756;276.46;Module 1,1_10;21.96;2,99;16,75;0,05;0,77;2,22
29,10.2019 09:33:22;27.2;0.12;277.8;19.207971825423677;276.49;Module 1,1_10;23.57;3,26;18,06;0,05;0,89;2,37
29,10.2019 09:35:18;27.1;0.13;277.8;20.3589949468631;276.52;Module 1,1_10;24.87;3,52;19,15;0,05;1,00;2,52
29,10.2019 09:37:25;32.7;0.12;277.8;21.104628825941937;276.56;Module 1,1_10;25.66;3,92;19,84;0,05;1,08;2,85
29,10.2019 09:39:22;32.4;0.13;278.3;21.96813256965648;276.64;Module 1,1_10;26.6;4,21;20,66;0,06;1,17;3,04
29,10.2019 09:41:15;32.2;0.14;278.3;23.759701645596195;276.74;Module 1,1_10;28.66;4,51;22,34;0,06;1,37;3,14
29,10.2019 09:43:08;32.2;0.16;279.9;27.449251076025377;276.81;Module 1,1_10;32.99;5,15;25,79;0,07;1,83;3,33
29,10.2019 09:45:01;32.9;0.19;279.9;32.20442691753447;276.89;Module 1,1_10;38.57;6,25;29,80;0,08;2,51;3,74
29,10.2019 09:46:54;33;0.22;279.9;37.799936610140676;276.96;Module 1,1_10;45.12;7,26;32,66;0,10;3,41;3,85
29,10.2019 09:48:47;33.3;0.24;280.4;40.93067405404851;277.07;Module 1,1_10;48.7;7,99;33,47;0,12;3,95;4,05
29,10.2019 09:50:40;33.6;0.25;280.4;42.4063725770352;277.16;Module 1,1_10;50.3;8,40;33,78;0,12;4,20;4,20
29,10.2019 09:52:50;33.8;0.26;280.4;43.82020970398828;277.32;Module 1,1_10;51.8;8,79;34,05;0,13;4,45;4,34
29,10.2019 09:54:47;33.7;0.26;280.4;44.119090107841515;277.45;Module 1,1_10;52;8,76;34,09;0,13;4,50;4,26
29,10.2019 09:56:40;33.5;0.26;280.4;44.84401576407733;277.55;Module 1,1_10;52.71;8,71;34,22;0,14;4,63;4,08
29,10.2019 09:58:33;33.7;0.27;281.9;46.011611138728085;277.65;Module 1,1_10;53.94;9,10;34,16;0,14;4,83;4,27
29,10.2019 10:00:29;34;0.27;281.9;46.83308045337499;277.75;Module 1,1_10;54.76;9,18;34,27;0,15;4,97;4,21
29,10.2019 10:02:22;34;0.28;281.9;48.12252824380909;277.85;Module 1,1_10;56.13;9,52;34,43;0,15;5,20;4,32
29,10.2019 10:04:22;33.7;0.3;282.4;50.650007434217;277.93;Module 1,1_10;58.93;10,11;34,63;0,16;5,64;4,47
29,10.2019 10:06:15;33.8;0.32;282.4;53.46196023749723;278.02;Module 1,1_10;62.06;10,82;34,90;0,18;6,15;4,67
29,10.2019 10:08:40;34.8;0.3;282.4;52.29084766917572;278.16;Module 1,1_10;60.53;10,44;34,80;0,17;5,94;4,50
29,10.2019 10:10:32;34.7;0.27;282.4;47.474553658913685;278.24;Module 1,1_10;54.84;9,37;34,27;0,15;5,08;4,29
29,10.2019 10:12:25;34.6;0.23;283.9;41.42997358026098;278.29;Module 1,1_10;47.76;7,96;33,06;0,12;4,02;3,94
29,10.2019 10:14:19;34.2;0.22;283.9;39.94811667326063;278.34;Module 1,1_10;45.96;7,52;32,74;0,12;3,77;3,75
29,10.2019 10:16:15;33.7;0.24;283.9;42.01229530885881;278.37;Module 1,1_10;48.24;8,09;33,18;0,12;4,12;3,97
29,10.2019 10:18:08;33.3;0.26;283.9;46.382976690740506;278.39;Module 1,1_10;53.16;8,66;33,88;0,14;4,88;3,78
29,10.2019 10:20:04;33.9;0.28;283.9;49.98249881308199;278.42;Module 1,1_10;57.18;9,49;34,31;0,16;5,51;3,98
29,10.2019 10:21:58;34.1;0.29;283.9;52.373272045105935;278.44;Module 1,1_10;59.81;9,89;34,55;0,17;5,93;3,96
29,10.2019 10:24:11;34.1;0.3;282.4;54.696907423569385;278.49;Module 1,1_10;62.34;10,23;35,01;0,18;6,37;3,86
29,10.2019 10:26:05;34.8;0.3;282.4;56.087514437039;278.5;Module 1,1_10;63.82;10,44;35,12;0,19;6,62;3,82
29,10.2019 10:28:00;35.1;0.31;283.9;58.51045684460654;278.52;Module 1,1_10;66.47;10,88;35,04;0,20;7,03;3,85
29,10.2019 10:29:53;35;0.33;283.9;62.04737207414692;278.53;Module 1,1_10;70.38;11,55;35,27;0,22;7,67;3,88
29,10.2019 10:31:45;35.2;0.38;283.9;70.10295511999085;278.56;Module 1,1_10;79.4;13,38;35,70;0,26;9,14;4,23
29,10.2019 10:33:40;35.7;0.45;283.9;84.35375990116763;278.62;Module 1,1_10;95.4;16,07;36,24;0,32;11,78;4,29
29,10.2019 10:35:33;36.1;0.54;283.9;99.1357734383033;278.71;Module 1,1_10;111.96;19,49;36,65;0,40;14,54;4,95
29,10.2019 10:37:26;36.3;0.61;284.4;113.0415820927556;278.84;Module 1,1_10;127.49;22,14;36,85;0,46;17,14;5,01
29,10.2019 10:39:52;36.6;0.65;284.4;121.40684759315162;279.06;Module 1,1_10;136.69;23,79;37,00;0,51;18,72;5,07
29,10.2019 10:41:44;36.5;0.68;285.9;125.44801341392034;279.21;Module 1,1_10;141.06;24,82;36,80;0,53;19,37;5,45
29,10.2019 10:43:37;36.5;0.7;285.9;132.6574023344053;279.39;Module 1,1_10;148.98;25,55;36,91;0,56;20,73;4,82
29,10.2019 10:45:30;36.7;0.76;285.9;142.84881134850843;279.53;Module 1,1_10;160.23;27,89;37,05;0,61;22,66;5,23
29,10.2019 10:47:32;36.9;0.84;285.9;154.93101821335773;279.69;Module 1,1_10;173.56;31,00;37,19;0,67;24,95;6,05
29,10.2019 10:49:28;37.2;0.85;285.9;161.54937384282977;279.85;Module 1,1_10;180.76;31,62;37,26;0,70;26,21;5,41
29,10.2019 10:51:23;36.9;0.76;286.4;138.88235362504594;280.02;Module 1,1_10;155.22;28,04;36,91;0,59;21,87;6,18
29,10.2019 10:53:16;36.3;0.66;286.4;123.61901170925944;280.14;Module 1,1_10;138.01;23,96;36,68;0,52;18,99;4,97
29,10.2019 10:55:25;35.9;0.58;286.4;106.69405152664612;280.25;Module 1,1_10;118.97;20,82;36,37;0,44;15,82;5,00
29,10.2019 10:57:18;35.7;0.52;286.4;96.81281114314514;280.32;Module 1,1_10;107.84;18,56;36,15;0,39;13,98;4,58
29,10.2019 10:59:13;35.6;0.5;286.4;92.21241501561097;280.35;Module 1,1_10;102.61;17,80;36,02;0,36;13,13;4,67
29,10.2019 11:01:07;35.7;0.51;286.4;94.87690988981473;280.35;Module 1,1_10;105.47;18,21;36,09;0,38;13,62;4,58
29,10.2019 11:03:01;35.6;0.54;286.4;99.59723047357745;280.37;Module 1,1_10;110.61;19,22;36,21;0,40;14,50;4,72
29,10.2019 11:04:54;35.7;0.55;286.4;101.43920511694003;280.39;Module 1,1_10;112.55;19,64;36,26;0,41;14,84;4,79
29,10.2019 11:06:47;35.6;0.54;286.4;99.97149628408667;280.44;Module 1,1_10;110.82;19,22;36,22;0,40;14,57;4,65
29,10.2019 11:08:42;35.6;0.55;286.4;101.25433736864794;280.46;Module 1,1_10;112.14;19,58;36,25;0,41;14,81;4,77
29,10.2019 11:10:47;35.7;0.59;286.4;108.17566723820708;280.48;Module 1,1_10;119.69;21,06;36,40;0,44;16,10;4,96
29,10.2019 11:12:40;35.8;0.67;286.4;120.82303557207845;280.53;Module 1,1_10;133.57;23,99;36,63;0,50;18,47;5,52
29,10.2019 11:14:38;36.2;0.76;286.4;137.722023026434;280.63;Module 1,1_10;152.12;27,51;36,89;0,59;21,65;5,87
29,10.2019 11:16:31;36.3;0.8;286.4;143.25201519840996;280.75;Module 1,1_10;158.1;29,04;36,96;0,61;22,69;6,35
29,10.2019 11:18:50;36.4;0.76;286.4;137.02427291348647;280.88;Module 1,1_10;151.08;27,66;36,88;0,58;21,52;6,15
29,10.2019 11:20:42;36.4;0.66;287.4;119.22979758357252;280.95;Module 1,1_10;131.36;24,02;36,43;0,50;18,10;5,93
29,10.2019 11:22:35;36.1;0.62;287.4;113.67868874933916;280.92;Module 1,1_10;125.15;22,38;36,33;0,47;17,06;5,32
29,10.2019 11:24:38;36.2;0.57;287.4;107.36065365154107;280.87;Module 1,1_10;118.1;20,63;36,20;0,44;15,89;4,75
29,10.2019 11:26:32;37.3;0.66;287.4;131.94626832127497;280.85;Module 1,1_10;145.04;24,62;36,63;0,56;20,48;4,14
29,10.2019 11:28:25;36.7;0.67;287.4;127.35950275429666;280.89;Module 1,1_10;139.9;24,59;36,56;0,54;19,62;4,97
29,10.2019 11:30:20;37.3;0.74;287.4;138.56246473329963;281;Module 1,1_10;152.1;27,60;36,73;0,59;21,72;5,88
29,10.2019 11:32:13;36.7;0.7;287.4;128.4179473455915;281.06;Module 1,1_10;140.87;25,69;36,58;0,54;19,82;5,87
29,10.2019 11:34:21;36.1;0.72;287.4;132.8829283887364;281.14;Module 1,1_10;145.66;25,99;36,65;0,56;20,65;5,34
29,10.2019 11:36:14;36.1;0.73;287.4;135.44166991018307;281.19;Module 1,1_10;148.37;26,35;36,68;0,58;21,13;5,22
29,10.2019 11:38:06;36.3;0.8;287.4;147.06216079018373;281.19;Module 1,1_10;161;29,04;36,83;0,63;23,32;5,72
29,10.2019 11:39:59;36.3;0.81;287.4;151.48434822407813;281.23;Module 1,1_10;165.74;29,40;36,88;0,65;24,15;5,25
29,10.2019 11:42:04;36.4;0.84;287.4;159.87976879380543;281.33;Module 1,1_10;174.81;30,58;36,98;0,70;25,74;4,84
29,10.2019 11:43:59;38.9;0.97;287.4;212.3844588931268;281.58;Module 1,1_10;232.08;37,73;37,41;0,95;35,69;2,05
29,10.2019 11:45:52;39.1;1.07;289.9;260.6692088293265;281.9;Module 1,1_10;284.68;41,84;37,22;1,19;44,40;-2,56
29,10.2019 11:47:45;37.3;1.43;289.9;307.2369791653874;282.21;Module 1,1_10;335.35;53,34;37,38;1,42;53,18;0,16
29,10.2019 11:49:46;37.5;1.24;290.4;283.74726515442717;282.56;Module 1,1_10;309.53;46,50;37,22;1,31;48,64;-2,14
29,10.2019 11:51:39;36.6;0.77;290.4;157.83970734761965;282.77;Module 1,1_10;172.09;28,18;36,42;0,69;25,04;3,14
29,10.2019 11:53:33;36.4;0.77;290.4;161.32742267447335;282.81;Module 1,1_10;175.8;28,03;36,46;0,70;25,69;2,34
29,10.2019 11:55:26;36.9;0.73;290.4;151.88867186635287;282.75;Module 1,1_10;165.43;26,94;36,35;0,66;23,93;3,00
29,10.2019 11:57:19;36.5;0.8;290.4;168.17794522482433;282.62;Module 1,1_10;183.08;29,20;36,52;0,74;26,97;2,23
29,10.2019 11:59:22;38;1.08;290.4;254.12898799022412;282.61;Module 1,1_10;276.5;41,04;37,10;1,16;43,08;-2,04
29,10.2019 12:01:16;38.5;1.09;290.4;261.1571490805784;282.73;Module 1,1_10;284.01;41,97;37,13;1,20;44,40;-2,43
29,10.2019 12:03:10;39.4;1.76;291.9;463.94932606065413;283.12;Module 1,1_10;504.31;69,34;37,29;2,20;81,88;-12,54
29,10.2019 12:05:11;39;2.29;291.9;539.5769672395645;283.78;Module 1,1_10;586.23;89,31;37,31;2,57;95,84;-6,53
29,10.2019 12:07:04;38.9;1.94;294;466.7409273570963;284.41;Module 1,1_10;506.87;75,47;36,92;2,21;81,63;-6,16
29,10.2019 12:08:56;37.9;1.32;294;258.5888554424795;284.84;Module 1,1_10;280.7;50,03;36,48;1,18;43,23;6,80
29,10.2019 12:10:57;36.3;1.42;294;287.9419282574702;284.89;Module 1,1_10;312.42;51,55;36,60;1,33;48,66;2,89
29,10.2019 12:12:50;37.5;1.41;294;295.6966740715028;284.93;Module 1,1_10;320.7;52,88;36,63;1,37;50,09;2,78
29,10.2019 12:14:45;35.9;1.15;294;229.64533532032345;284.88;Module 1,1_10;248.96;41,28;36,34;1,04;37,88;3,40
29,10.2019 12:16:38;36.5;1.12;294.5;229.59870095645914;284.74;Module 1,1_10;248.81;40,88;36,25;1,04;37,79;3,09
29,10.2019 12:18:33;36.8;1.09;294.5;228.1114422709692;284.6;Module 1,1_10;247.1;40,11;36,24;1,04;37,52;2,60
29,10.2019 12:20:26;36.4;1.04;294.5;216.85797030145636;284.4;Module 1,1_10;234.82;37,86;36,17;0,98;35,44;2,41
29,10.2019 12:22:18;37.2;1.16;294.5;255.15798796082177;284.28;Module 1,1_10;276.19;43,15;36,38;1,17;42,50;0,65
29,10.2019 12:24:11;38;1.24;294.5;307.5602975992362;284.21;Module 1,1_10;332.79;47,12;36,58;1,43;52,17;-5,05
29,10.2019 12:26:08;36.5;0.81;294.5;171.4077423803508;284.25;Module 1,1_10;185.4;29,57;35,83;0,76;27,09;2,47
29,10.2019 12:28:01;36.2;0.68;294.5;150.77867504384682;284.07;Module 1,1_10;163.03;24,62;35,61;0,65;23,32;1,29
29,10.2019 12:29:55;36.2;0.69;294.5;153.5968796450067;283.92;Module 1,1_10;166.02;24,98;35,64;0,67;23,84;1,14
29,10.2019 12:31:47;36.3;0.79;294;169.54738930169202;283.79;Module 1,1_10;183.2;28,68;35,90;0,75;26,81;1,87
29,10.2019 12:33:48;36.3;0.9;294;190.10378619575735;283.62;Module 1,1_10;205.34;32,67;36,08;0,85;30,59;2,08
29,10.2019 12:35:42;36.3;1.1;294;230.23705185911294;283.5;Module 1,1_10;248.61;39,93;36,34;1,05;37,99;1,94
29,10.2019 12:37:38;37.4;1.37;294;281.0212486170371;283.67;Module 1,1_10;303.35;51,24;36,58;1,30;47,38;3,86
29,10.2019 12:39:31;37;1.32;294;265.0472763963171;283.9;Module 1,1_10;286.02;48,84;36,51;1,22;44,43;4,41
29,10.2019 12:41:26;36.2;1.23;292.4;250.14764071374674;283.99;Module 1,1_10;269.86;44,53;36,73;1,14;41,96;2,56
29,10.2019 12:43:20;36;1.23;292.4;255.81179386803421;284.1;Module 1,1_10;275.89;44,28;36,76;1,17;43,02;1,26
29,10.2019 12:45:12;36.3;1.46;294;289.47682943489593;284.23;Module 1,1_10;312.11;53,00;36,60;1,34;48,94;4,05
29,10.2019 12:47:05;36.3;1.26;294;261.3997266062939;284.39;Module 1,1_10;281.76;45,74;36,49;1,20;43,75;1,99
29,10.2019 12:49:20;35.8;1.11;294;216.59438154441972;284.4;Module 1,1_10;233.39;39,74;36,27;0,98;35,47;4,27
29,10.2019 12:51:12;35.5;1;294;198.28910948018762;284.39;Module 1,1_10;213.61;35,50;36,14;0,89;32,10;3,40
29,10.2019 12:53:05;35.4;0.97;294;190.23366523316162;284.36;Module 1,1_10;204.88;34,34;36,08;0,85;30,61;3,72
29,10.2019 12:55:00;35.5;0.95;294;188.60994258106916;284.37;Module 1,1_10;203.08;33,73;36,06;0,84;30,31;3,41
29,10.2019 12:56:55;35.7;1.03;294;208.85223852660073;284.4;Module 1,1_10;224.82;36,77;36,21;0,94;34,04;2,73
29,10.2019 12:58:48;36.1;1.21;294;248.36423739734104;284.45;Module 1,1_10;267.29;43,68;36,44;1,13;41,34;2,34
29,10.2019 13:00:40;36.1;1.64;292.4;311.6759266457148;284.66;Module 1,1_10;335.35;59,20;36,95;1,45;53,43;5,78
29,10.2019 13:02:35;36.3;1.61;292.4;321.26590357188365;284.84;Module 1,1_10;345.59;58,44;36,98;1,49;55,21;3,23
29,10.2019 13:05:04;35.9;1.38;294;262.3471408840055;285.11;Module 1,1_10;282.13;49,54;36,50;1,20;43,93;5,62
29,10.2019 13:07:02;35.6;1.21;294;234.01820450624265;285.23;Module 1,1_10;251.61;43,08;36,37;1,06;38,69;4,39
29,10.2019 13:08:59;35.5;1.17;294;226.14133439845557;285.28;Module 1,1_10;243.09;41,53;36,32;1,03;37,23;4,30
29,10.2019 13:10:52;35.5;1.06;294;200.31899119801912;285.28;Module 1,1_10;215.29;37,63;36,16;0,90;32,47;5,16
29,10.2019 13:12:45;35.2;0.88;294;172.19609862696706;285.22;Module 1,1_10;185.03;30,98;35,92;0,76;27,30;3,68
29,10.2019 13:14:39;35.2;0.91;294;177.2360283525739;285.1;Module 1,1_10;190.41;32,03;35,97;0,78;28,22;3,81
29,10.2019 13:16:33;35.2;0.95;294;185.31177629664086;284.88;Module 1,1_10;199.05;33,44;36,04;0,82;29,71;3,73
29,10.2019 13:18:26;35.4;0.96;294;187.35523237386673;284.74;Module 1,1_10;201.21;33,98;36,05;0,83;30,08;3,90
29,10.2019 13:20:47;35.5;1;292.4;195.75777704308777;284.71;Module 1,1_10;210.19;35,50;36,41;0,87;31,85;3,65
29,10.2019 13:22:39;35.5;1;292.4;196.049867379322;284.63;Module 1,1_10;210.47;35,50;36,41;0,88;31,90;3,60
29,10.2019 13:24:34;35.5;0.99;292.4;194.31081931289452;284.6;Module 1,1_10;208.57;35,15;36,39;0,87;31,58;3,56
29,10.2019 13:26:27;35.5;1.09;292.4;213.3947589126501;284.63;Module 1,1_10;229.02;38,70;36,52;0,96;35,13;3,57
29,10.2019 13:28:19;35.8;1.22;292.4;249.50881144930395;284.75;Module 1,1_10;267.74;43,68;36,73;1,14;41,84;1,83
29,10.2019 13:30:12;35.9;1.06;292.4;206.17589762952568;284.89;Module 1,1_10;221.21;38,05;36,48;0,93;33,78;4,27
29,10.2019 13:32:06;35.4;1;292.4;190.61799369262633;284.88;Module 1,1_10;204.49;35,40;36,37;0,85;30,90;4,50
29,10.2019 13:33:58;35.2;0.92;292.4;178.28955674602878;284.86;Module 1,1_10;191.24;32,38;36,27;0,79;28,61;3,77
29,10.2019 13:36:13;35.2;0.99;292.4;193.89642326045856;284.88;Module 1,1_10;207.95;34,85;36,39;0,87;31,50;3,34
29,10.2019 13:38:06;35.5;1.05;292.4;201.6870594787326;284.96;Module 1,1_10;216.28;37,27;36,45;0,90;32,95;4,32
29,10.2019 13:40:05;35.4;0.99;292.4;190.0994244225926;285.07;Module 1,1_10;203.83;35,05;36,36;0,85;30,80;4,25
29,10.2019 13:42:00;35.3;0.95;292.4;181.54809691301278;285.14;Module 1,1_10;194.64;33,53;36,29;0,81;29,22;4,32
29,10.2019 13:43:55;35.1;0.95;292.4;182.8353767048761;285.12;Module 1,1_10;196;33,34;36,30;0,81;29,45;3,89
29,10.2019 13:45:52;35.2;0.93;292.4;180.2412554756636;285.03;Module 1,1_10;193.2;32,74;36,28;0,80;28,97;3,76
29,10.2019 13:47:48;35.2;0.93;292.4;179.83806986147383;284.93;Module 1,1_10;192.75;32,74;36,27;0,80;28,90;3,84
29,10.2019 13:49:50;35.3;0.95;294;185.18248670987796;284.85;Module 1,1_10;198.46;33,53;36,04;0,82;29,68;3,85
29,10.2019 13:51:56;35.5;0.94;294;183.7336952203714;284.81;Module 1,1_10;196.89;33,37;36,02;0,82;29,42;3,95
29,10.2019 13:54:00;35.2;0.93;292.4;177.98094474132768;284.77;Module 1,1_10;190.71;32,74;36,26;0,79;28,56;4,18
29,10.2019 13:55:58;35.3;0.91;292.4;175.80955351072356;284.77;Module 1,1_10;188.37;32,12;36,24;0,78;28,15;3,97
29,10.2019 13:57:51;35.2;0.87;292.4;164.80665575914122;284.75;Module 1,1_10;176.57;30,62;36,14;0,72;26,12;4,50
29,10.2019 13:59:50;35.2;0.84;292.4;158.7492381477179;284.78;Module 1,1_10;170.07;29,57;36,07;0,69;25,00;4,57
29,10.2019 14:01:52;35.2;0.85;292.4;161.60521140676178;284.72;Module 1,1_10;173.12;29,92;36,10;0,71;25,53;4,39
29,10.2019 14:03:48;35.2;0.83;292.4;157.8600681876001;284.71;Module 1,1_10;169.1;29,22;36,06;0,69;24,84;4,38
29,10.2019 14:05:43;35.2;0.85;292.4;160.807370210016;284.73;Module 1,1_10;172.25;29,92;36,09;0,70;25,38;4,54
29,10.2019 14:07:46;35.2;0.84;292.4;158.73161704275174;284.7;Module 1,1_10;170.02;29,57;36,07;0,69;25,00;4,57
29,10.2019 14:09:45;35.2;0.84;292.4;160.5851907296169;284.75;Module 1,1_10;172;29,57;36,09;0,70;25,34;4,23
29,10.2019 14:11:45;35.2;0.89;292.4;169.35638298738814;284.82;Module 1,1_10;181.39;31,33;36,18;0,75;26,96;4,37
29,10.2019 14:13:42;35.2;0.92;292.4;174.98040750977503;284.85;Module 1,1_10;187.41;32,38;36,23;0,77;28,00;4,38
29,10.2019 14:15:37;35.4;0.9;292.4;171.88293662350253;284.91;Module 1,1_10;184.09;31,86;36,20;0,76;27,43;4,43
29,10.2019 14:17:30;35.2;0.86;292.4;166.25412326908986;284.95;Module 1,1_10;178.06;30,27;36,15;0,73;26,39;3,89
29,10.2019 14:19:23;35.2;0.82;292.4;155.3302902292636;284.97;Module 1,1_10;166.36;28,86;36,04;0,68;24,37;4,49
29,10.2019 14:21:19;35;0.75;292.4;143.96677003338846;284.96;Module 1,1_10;154.19;26,25;35,90;0,62;22,28;3,97
29,10.2019 14:23:12;35;0.69;292.4;132.15443081451485;284.92;Module 1,1_10;141.54;24,15;35,74;0,56;20,11;4,04
29,10.2019 14:25:13;35;0.66;292.4;125.58875402583249;284.9;Module 1,1_10;134.51;23,10;35,64;0,53;18,91;4,19
29,10.2019 14:27:05;34.8;0.64;292.4;120.05910036250005;284.79;Module 1,1_10;128.59;22,27;35,55;0,50;17,90;4,38
29,10.2019 14:28:49;34.8;0.62;291.9;117.61026683453514;284.75;Module 1,1_10;125.97;21,58;35,59;0,49;17,49;4,09
29,10.2019 14:30:42;34.8;0.62;291.9;115.19805622086834;284.67;Module 1,1_10;123.39;21,58;35,55;0,48;17,04;4,53
29,10.2019 14:32:35;34.8;0.61;291.9;113.69093435295866;284.61;Module 1,1_10;121.78;21,23;35,52;0,47;16,77;4,46
29,10.2019 14:34:30;34.8;0.6;291.9;111.28701064137267;284.52;Module 1,1_10;119.21;20,88;35,48;0,46;16,33;4,55
29,10.2019 14:36:29;34.8;0.58;291.9;105.49388745102112;284.42;Module 1,1_10;113.01;20,18;35,36;0,43;15,28;4,91
29,10.2019 14:38:27;34.7;0.57;291.9;105.19871947059238;284.36;Module 1,1_10;112.7;19,78;35,36;0,43;15,22;4,56
29,10.2019 14:40:21;34.8;0.57;291.9;106.06988895983801;284.36;Module 1,1_10;113.64;19,84;35,38;0,43;15,38;4,45
29,10.2019 14:42:15;34.8;0.55;291.9;103.19769495297358;284.38;Module 1,1_10;110.57;19,14;35,31;0,42;14,86;4,28
29,10.2019 14:44:07;34.7;0.54;291.9;100.66138112392318;284.41;Module 1,1_10;107.86;18,74;35,26;0,41;14,40;4,34
29,10.2019 14:46:01;34.7;0.54;291.9;102.11875882959156;284.42;Module 1,1_10;109.43;18,74;35,29;0,42;14,66;4,07
29,10.2019 14:47:55;34.8;0.58;291.9;108.3061553055027;284.45;Module 1,1_10;116.07;20,18;35,42;0,45;15,79;4,40
29,10.2019 14:49:48;34.8;0.61;291.9;112.04738216409439;284.46;Module 1,1_10;120.09;21,23;35,49;0,46;16,47;4,76
29,10.2019 14:51:40;34.8;0.58;291.9;109.64858917110303;284.46;Module 1,1_10;117.53;20,18;35,45;0,45;16,03;4,15
29,10.2019 14:53:45;34.8;0.6;291.9;110.25204974785181;284.47;Module 1,1_10;118.19;20,88;35,46;0,46;16,14;4,74
29,10.2019 14:55:37;34.8;0.58;291.9;108.70131370432642;284.51;Module 1,1_10;116.54;20,18;35,43;0,45;15,86;4,32
29,10.2019 14:57:33;34.7;0.57;291.9;101.76852515592057;284.49;Module 1,1_10;109.12;19,78;35,28;0,41;14,60;5,18
29,10.2019 14:59:26;34.6;0.54;291.9;97.85837865278538;284.48;Module 1,1_10;104.94;18,68;35,19;0,39;13,89;4,79
29,10.2019 15:01:20;34.5;0.52;291.9;97.5102127590167;284.46;Module 1,1_10;104.58;17,94;35,18;0,39;13,83;4,11
29,10.2019 15:03:13;34.7;0.55;291.9;102.80185777731894;284.44;Module 1,1_10;110.27;19,09;35,30;0,42;14,79;4,30
29,10.2019 15:05:16;34.7;0.57;291.9;104.97667411357757;284.42;Module 1,1_10;112.62;19,78;35,35;0,43;15,18;4,60
29,10.2019 15:07:10;34.7;0.55;291.9;103.06912115342982;284.45;Module 1,1_10;110.59;19,09;35,31;0,42;14,84;4,25
29,10.2019 15:09:16;34.7;0.56;291.9;102.10087367829848;284.49;Module 1,1_10;109.57;19,43;35,29;0,42;14,66;4,77
29,10.2019 15:11:08;34.7;0.56;291.9;102.82050075288647;284.55;Module 1,1_10;110.36;19,43;35,30;0,42;14,79;4,64
29,10.2019 15:13:01;34.6;0.57;291.9;103.41791202667588;284.57;Module 1,1_10;111.02;19,72;35,32;0,42;14,90;4,82
29,10.2019 15:14:54;34.7;0.54;291.9;101.21096843304868;284.53;Module 1,1_10;108.67;18,74;35,27;0,41;14,50;4,24
29,10.2019 15:16:51;34.6;0.53;291.9;97.7183797800755;284.5;Module 1,1_10;104.94;18,34;35,19;0,39;13,87;4,47
29,10.2019 15:18:44;34.7;0.53;291.9;96.52659405400917;284.48;Module 1,1_10;103.68;18,39;35,16;0,39;13,65;4,74
29,10.2019 15:21:10;34.7;0.53;291.9;96.11999705132394;284.4;Module 1,1_10;103.27;18,39;35,15;0,39;13,58;4,81
29,10.2019 15:23:05;34.6;0.51;291.9;95.6156247692977;284.35;Module 1,1_10;102.75;17,65;35,13;0,38;13,49;4,16
29,10.2019 15:25:03;34.5;0.53;290.4;94.00299698991708;284.33;Module 1,1_10;101.04;18,29;35,36;0,38;13,27;5,02
29,10.2019 15:26:57;34.6;0.49;290.4;89.71222164920403;284.3;Module 1,1_10;96.45;16,95;35,24;0,35;12,49;4,46
29,10.2019 15:28:50;34.6;0.47;290.4;86.5573648951327;284.34;Module 1,1_10;93.08;16,26;35,15;0,34;11,92;4,34
29,10.2019 15:30:44;34.4;0.44;290.4;79.87954339645368;284.33;Module 1,1_10;85.92;15,14;34,94;0,31;10,71;4,42
29,10.2019 15:32:38;34.3;0.39;290.4;69.36567061877793;284.28;Module 1,1_10;74.63;13,38;34,51;0,26;8,83;4,55
29,10.2019 15:34:31;33.5;0.34;290.4;60.612960330525716;284.23;Module 1,1_10;65.23;11,39;34,05;0,21;7,28;4,11
29,10.2019 15:36:24;33.1;0.31;290.4;55.54305150729627;284.16;Module 1,1_10;59.79;10,26;33,70;0,19;6,40;3,86
29,10.2019 15:38:17;32.9;0.29;290.4;53.187238693965284;284.08;Module 1,1_10;57.27;9,54;33,51;0,18;5,99;3,55
29,10.2019 15:40:18;32.5;0.3;289.9;53.83001101172592;284;Module 1,1_10;57.98;9,75;33,65;0,18;6,11;3,64
29,10.2019 15:42:11;33.1;0.35;289.9;62.538549323294774;283.93;Module 1,1_10;67.38;11,58;34,25;0,22;7,63;3,95
29,10.2019 15:44:06;33;0.41;289.9;72.68825256455068;283.91;Module 1,1_10;78.34;13,53;34,75;0,27;9,44;4,09
29,10.2019 15:45:59;33.5;0.44;289.9;78.56441802205228;283.92;Module 1,1_10;84.7;14,74;34,98;0,30;10,49;4,25
29,10.2019 15:47:58;33.6;0.45;289.9;80.53079077187864;283.95;Module 1,1_10;86.85;15,12;35,05;0,31;10,85;4,27
29,10.2019 15:49:51;33.9;0.45;289.9;80.4385653382799;283.96;Module 1,1_10;86.78;15,25;35,04;0,31;10,83;4,42
29,10.2019 15:51:44;33.7;0.45;289.9;81.4203808137856;284;Module 1,1_10;87.87;15,17;35,08;0,31;11,01;4,16
29,10.2019 15:53:45;33.4;0.47;289.9;83.1579593405261;284;Module 1,1_10;89.78;15,70;35,13;0,32;11,32;4,37
29,10.2019 15:55:53;33.4;0.47;289.9;83.20602487542754;284.01;Module 1,1_10;89.87;15,70;35,13;0,32;11,33;4,37
29,10.2019 15:57:45;33.9;0.48;289.9;84.27546600920323;284.03;Module 1,1_10;91.06;16,27;35,17;0,33;11,53;4,75
29,10.2019 15:59:39;33.6;0.52;289.9;91.0134499975506;284.07;Module 1,1_10;98.38;17,47;35,37;0,36;12,75;4,72
29,10.2019 16:01:33;33.8;0.54;289.9;99.60349331447233;284.09;Module 1,1_10;107.71;18,25;35,59;0,40;14,32;3,94
29,10.2019 16:03:36;34.8;0.58;289.9;106.59146818227401;284.14;Module 1,1_10;115.32;20,18;35,74;0,44;15,60;4,59
29,10.2019 16:05:31;34.7;0.62;289.9;112.79871426371409;284.16;Module 1,1_10;122.09;21,51;35,87;0,47;16,74;4,78
29,10.2019 16:07:30;35;0.66;289.9;122.46901372102288;284.24;Module 1,1_10;132.62;23,10;36,04;0,51;18,52;4,58
29,10.2019 16:09:23;35;0.68;290.4;125.84555796542799;284.32;Module 1,1_10;136.34;23,80;36,00;0,53;19,11;4,69
29,10.2019 16:11:17;35;0.67;290.4;124.14233896761243;284.39;Module 1,1_10;134.56;23,45;35,98;0,52;18,79;4,66
29,10.2019 16:13:13;35;0.65;290.4;119.16433255379948;284.45;Module 1,1_10;129.23;22,75;35,89;0,50;17,88;4,87
29,10.2019 16:15:12;34.7;0.6;290.4;110.63975268251892;284.46;Module 1,1_10;120.05;20,82;35,73;0,46;16,31;4,51
29,10.2019 16:17:05;34.7;0.56;290.4;101.3517102466699;284.45;Module 1,1_10;110.03;19,43;35,54;0,41;14,61;4,82
29,10.2019 16:19:02;34.6;0.54;291.9;96.8297041369574;284.48;Module 1,1_10;105.18;18,68;35,16;0,39;13,71;4,98
29,10.2019 16:20:55;34.6;0.49;291.9;89.93913414023528;284.49;Module 1,1_10;97.75;16,95;34,98;0,36;12,46;4,49
29,10.2019 16:22:48;34.3;0.46;291.9;83.77209470566304;284.51;Module 1,1_10;91.1;15,78;34,80;0,33;11,35;4,42
29,10.2019 16:24:42;34.3;0.46;291.9;82.20541109352476;284.45;Module 1,1_10;89.45;15,78;34,74;0,32;11,07;4,70
29,10.2019 16:26:35;34.4;0.47;291.9;85.39707394834755;284.45;Module 1,1_10;92.98;16,17;34,84;0,33;11,65;4,52
29,10.2019 16:28:28;34.4;0.48;291.9;86.50874308551703;284.48;Module 1,1_10;94.25;16,51;34,88;0,34;11,85;4,67
29,10.2019 16:30:20;34.5;0.47;291.9;86.51705055698909;284.5;Module 1,1_10;94.32;16,21;34,88;0,34;11,85;4,37
29,10.2019 16:32:14;34.4;0.49;291.9;89.7033259770529;284.46;Module 1,1_10;97.86;16,86;34,98;0,36;12,42;4,44
29,10.2019 16:34:06;34.5;0.5;291.9;90.06308335297985;284.46;Module 1,1_10;98.32;17,25;34,98;0,36;12,48;4,77
29,10.2019 16:35:59;34.4;0.48;291.9;86.76749635112111;284.42;Module 1,1_10;94.79;16,51;34,89;0,34;11,89;4,62
29,10.2019 16:37:54;34.4;0.47;291.9;86.39142418464539;284.41;Module 1,1_10;94.45;16,17;34,88;0,34;11,82;4,34
29,10.2019 16:39:48;34.4;0.45;291.9;80.99665392149033;284.4;Module 1,1_10;88.62;15,48;34,70;0,31;10,86;4,62
29,10.2019 16:41:40;33.5;0.41;291.9;73.2348330057194;284.37;Module 1,1_10;80.19;13,73;34,41;0,28;9,47;4,26
29,10.2019 16:43:35;33.2;0.33;290.4;59.231278124059614;284.3;Module 1,1_10;64.91;10,96;33,95;0,21;7,04;3,91
29,10.2019 16:45:28;32.5;0.28;290.4;49.92749909325934;284.22;Module 1,1_10;54.76;9,10;33,21;0,16;5,43;3,67
29,10.2019 16:47:21;32.7;0.28;290.4;51.15066821620087;284.17;Module 1,1_10;56.15;9,16;33,33;0,17;5,64;3,52
29,10.2019 16:49:17;33.1;0.34;290.4;59.04932886357437;284.11;Module 1,1_10;64.88;11,25;33,95;0,21;7,01;4,24
29,10.2019 16:51:11;33.2;0.37;290.4;65.49587840553832;284.1;Module 1,1_10;72.03;12,28;34,32;0,24;8,15;4,14
29,10.2019 16:53:04;33.2;0.4;289.9;69.44880589123582;284.08;Module 1,1_10;76.45;13,28;34,60;0,26;8,86;4,42
29,10.2019 16:54:57;33.6;0.46;289.9;80.16199901363814;284.08;Module 1,1_10;88.33;15,46;35,03;0,31;10,78;4,67
29,10.2019 16:56:53;33.7;0.49;289.9;84.4390511402588;284.1;Module 1,1_10;93.14;16,51;35,17;0,33;11,56;4,96
29,10.2019 16:58:46;34;0.42;289.9;71.48132946361127;284.14;Module 1,1_10;78.93;14,28;34,70;0,27;9,22;5,06
29,10.2019 17:00:39;33.6;0.35;289.9;59.57089655023857;284.11;Module 1,1_10;65.85;11,76;34,06;0,21;7,11;4,65
29,10.2019 17:02:31;32.5;0.3;289.9;52.19411294645569;284.06;Module 1,1_10;57.76;9,75;33,51;0,17;5,82;3,93
29,10.2019 17:04:35;33;0.31;289.9;52.75914926294864;284;Module 1,1_10;58.46;10,23;33,55;0,18;5,92;4,31
29,10.2019 17:06:28;32.5;0.32;289.9;56.183829217332956;283.96;Module 1,1_10;62.33;10,40;33,84;0,19;6,52;3,88
29,10.2019 17:08:24;32.7;0.34;289.9;58.50630064036468;283.88;Module 1,1_10;64.99;11,12;33,99;0,20;6,92;4,19
29,10.2019 17:10:17;32.6;0.33;289.9;57.1987166478936;283.82;Module 1,1_10;63.62;10,76;33,91;0,20;6,70;4,06
29,10.2019 17:12:10;32.5;0.32;287.4;54.060152889972;283.8;Module 1,1_10;60.21;10,40;34,10;0,18;6,18;4,22
29,10.2019 17:14:03;32.7;0.29;287.4;49.67214699093645;283.76;Module 1,1_10;55.4;9,48;33,69;0,16;5,42;4,07
29,10.2019 17:15:56;32.6;0.26;289.9;44.622424028695654;283.71;Module 1,1_10;49.84;8,48;32,66;0,14;4,53;3,95
29,10.2019 17:17:49;32.5;0.22;289.9;40.023076417747916;283.67;Module 1,1_10;44.77;7,15;31,88;0,12;3,76;3,39
29,10.2019 17:19:58;32.3;0.22;288.4;37.301394559976515;283.62;Module 1,1_10;41.8;7,11;31,42;0,11;3,32;3,79
29,10.2019 17:21:53;32.3;0.23;288.4;38.54927139661282;283.59;Module 1,1_10;43.27;7,43;31,76;0,11;3,52;3,90
29,10.2019 17:23:47;31.7;0.24;287.4;40.38676188891373;283.54;Module 1,1_10;45.41;7,61;32,33;0,12;3,83;3,78
29,10.2019 17:25:39;32.1;0.22;287.4;37.90144810004297;283.52;Module 1,1_10;42.69;7,06;31,73;0,11;3,42;3,64
29,10.2019 17:27:34;32.1;0.18;287.4;31.66304879025105;283.49;Module 1,1_10;35.73;5,78;29,06;0,08;2,44;3,34
29,10.2019 17:29:29;31.9;0.16;287.4;28.125670296203694;283.42;Module 1,1_10;31.8;5,10;26,38;0,07;1,93;3,18
29,10.2019 17:31:21;32;0.15;287.4;26.340136980927838;283.36;Module 1,1_10;29.84;4,80;24,80;0,07;1,69;3,11
29,10.2019 17:33:14;31.8;0.15;287.4;26.42649661948163;283.28;Module 1,1_10;30;4,77;24,88;0,07;1,70;3,07
29,10.2019 17:35:28;32.1;0.16;287.4;28.695606761175156;283.16;Module 1,1_10;32.66;5,14;26,87;0,07;2,01;3,13
29,10.2019 17:37:20;32.1;0.18;287.4;30.1474759680651;283.12;Module 1,1_10;34.39;5,78;28,02;0,08;2,21;3,57
29,10.2019 17:39:14;32.3;0.19;287.4;32.36643875920274;283.07;Module 1,1_10;37.01;6,14;29,48;0,09;2,54;3,60
29,10.2019 17:41:07;31.9;0.2;287.4;34.859392293706044;283.05;Module 1,1_10;39.96;6,38;30,70;0,10;2,93;3,45
29,10.2019 17:43:02;32.5;0.21;287.4;36.03726018661068;283.03;Module 1,1_10;41.42;6,83;31,15;0,10;3,12;3,71
29,10.2019 17:44:56;32.1;0.21;287.4;36.25034360875526;283.03;Module 1,1_10;41.78;6,74;31,22;0,10;3,15;3,59
29,10.2019 17:46:49;32.1;0.21;287.4;35.359219469464826;283.05;Module 1,1_10;40.87;6,74;30,90;0,10;3,01;3,73
29,10.2019 17:48:42;32.3;0.2;287.4;33.83830571242281;283.07;Module 1,1_10;39.23;6,46;30,26;0,09;2,77;3,69
29,10.2019 17:50:58;31.8;0.19;287.4;32.033437742828596;283.1;Module 1,1_10;37.28;6,04;29,29;0,09;2,49;3,55
29,10.2019 17:52:50;31.9;0.18;287.4;30.01703520340248;283.1;Module 1,1_10;35.05;5,74;27,92;0,08;2,19;3,55
29,10.2019 17:54:45;31.8;0.17;287.4;28.483899470167557;283.12;Module 1,1_10;33.38;5,41;26,69;0,07;1,98;3,43
29,10.2019 17:56:40;32;0.16;287.4;26.624450642435004;283.11;Module 1,1_10;31.32;5,12;25,06;0,07;1,73;3,39
29,10.2019 17:58:32;31.8;0.15;287.4;25.131630617907476;283.08;Module 1,1_10;29.68;4,77;23,70;0,06;1,54;3,23
29,10.2019 18:00:27;31.7;0.15;287.4;25.193483097238623;283.02;Module 1,1_10;29.88;4,75;23,75;0,07;1,55;3,21
29,10.2019 18:02:20;32;0.15;287.4;24.351717241439676;282.97;Module 1,1_10;29.01;4,80;22,97;0,06;1,45;3,35
29,10.2019 18:04:23;32.2;0.14;286.4;22.9241991759125;282.92;Module 1,1_10;27.45;4,51;21,63;0,06;1,28;3,23
29,10.2019 18:06:22;31.8;0.13;286.4;21.340903557277734;282.9;Module 1,1_10;25.69;4,13;20,13;0,06;1,11;3,02
29,10.2019 18:08:15;32;0.12;286.4;20.235071202652847;282.87;Module 1,1_10;24.49;3,84;19,09;0,05;1,00;2,84
29,10.2019 18:10:12;32;0.12;286.4;19.441695501490496;282.84;Module 1,1_10;23.67;3,84;18,34;0,05;0,92;2,92
29,10.2019 18:12:05;31.5;0.1;286.4;17.453246406342622;282.8;Module 1,1_10;21.38;3,15;16,47;0,05;0,74;2,41
29,10.2019 18:14:01;31.5;0.09;287.9;15.932877729470349;282.77;Module 1,1_10;19.65;2,83;15,05;0,04;0,62;2,22
29,10.2019 18:15:54;31.7;0.09;287.9;14.926761995707437;282.72;Module 1,1_10;18.54;2,85;14,09;0,04;0,54;2,31
29,10.2019 18:17:47;32;0.09;286.4;14.877275007647171;282.67;Module 1,1_10;18.62;2,88;14,04;0,04;0,54;2,34
29,10.2019 18:19:39;32.1;0.09;286.4;15.477556522166285;282.64;Module 1,1_10;19.53;2,89;14,61;0,04;0,58;2,31
29,10.2019 18:21:55;31.8;0.1;286.4;15.389430102633563;282.6;Module 1,1_10;19.63;3,18;14,52;0,04;0,58;2,60
29,10.2019 18:23:49;31.9;0.08;286.4;13.98746748918485;282.58;Module 1,1_10;18.02;2,55;13,20;0,04;0,48;2,08
29,10.2019 18:25:42;32;0.08;286.4;13.538325134629211;282.55;Module 1,1_10;17.63;2,56;12,77;0,03;0,45;2,11
29,10.2019 18:27:35;31.7;0.08;286.4;12.765019591692088;282.51;Module 1,1_10;16.82;2,54;12,05;0,03;0,40;2,14
29,10.2019 18:29:40;31.5;0.07;286.4;11.153547090817181;282.44;Module 1,1_10;14.91;2,21;10,52;0,03;0,30;1,90
29,10.2019 18:31:33;32.3;0;286.4;9.422718708059788;282.38;Module 1,1_10;12.78;0,00;8,89;0,02;0,22;-0,22
29,10.2019 18:33:26;32;0;286.4;7.465655918821048;282.28;Module 1,1_10;10.29;0,00;7,05;0,02;0,14;-0,14
29,10.2019 18:36:19;32.2;0;286.4;5.2957979580908265;282.17;Module 1,1_10;7.51;0,00;5,00;0,01;0,07;-0,07
29,10.2019 18:38:13;32.9;0;286.4;4.408585707470152;282.08;Module 1,1_10;6.39;0,00;4,16;0,01;0,05;-0,05
29,10.2019 18:40:13;32;0;286.4;3.7765261758629185;282;Module 1,1_10;5.62;0,00;3,56;0,01;0,03;-0,03
29,10.2019 18:42:06;34;0;286.4;3.3759483209438637;281.93;Module 1,1_10;5.17;0,00;3,19;0,01;0,03;-0,03
29,10.2019 18:43:59;33.5;0;286.4;3.0757193038511126;281.87;Module 1,1_10;4.87;0,00;2,91;0,01;0,02;-0,02
29,10.2019 18:45:51;33.3;0;286.4;2.751718990850765;281.82;Module 1,1_10;4.53;0,00;2,59;0,01;0,02;-0,02
29,10.2019 18:47:45;32.8;0;286.4;2.322970492441236;281.76;Module 1,1_10;4.01;0,00;2,20;0,01;0,01;-0,01
29,10.2019 18:49:40;32.1;0;286.4;1.7647023941127185;281.71;Module 1,1_10;3.23;0,00;1,66;0,00;0,01;-0,01
29,10.2019 18:51:34;32.1;0;286.4;1.2395306126479226;281.65;Module 1,1_10;2.44;0,00;1,17;0,00;0,00;-0,00
29,10.2019 18:53:30;32.1;0;286.4;0.812271434602648;281.62;Module 1,1_10;1.76;0,00;0,77;0,00;0,00;-0,00