date;V;I;T;G;Tamb;Name;G_orig;Pmax;V_sim;I_sim;Pmax_sim;deviation
05,11.2019 09:29:43;30.4;0;279.9;4.3106209805965765;281.13;Module 1,11_4;5.49;0,00;1,66;0,01;0,02;-0,02
05,11.2019 09:31:36;33;0;279.9;5.686256785460744;281.14;Module 1,11_4;7.2;0,00;2,18;0,02;0,03;-0,03
05,11.2019 09:33:29;34.3;0;279.9;7.226617791211676;281.17;Module 1,11_4;9.1;0,00;2,77;0,02;0,05;-0,05
05,11.2019 09:35:23;27.8;0;282.4;7.344857993656277;281.17;Module 1,11_4;9.2;0,00;2,82;0,02;0,06;-0,06
05,11.2019 09:37:15;27.4;0;282.4;7.630085178280247;281.17;Module 1,11_4;9.51;0,00;2,93;0,02;0,06;-0,06
05,11.2019 09:39:17;26.8;0;282.4;8.443601496841774;281.18;Module 1,11_4;10.47;0,00;3,24;0,02;0,07;-0,07
05,11.2019 09:41:10;27.3;0;280.4;9.397414386888322;281.18;Module 1,11_4;11.6;0,00;3,61;0,03;0,09;-0,09
05,11.2019 09:43:03;28.2;0.06;280.4;10.975989297674337;281.18;Module 1,11_4;13.49;1,69;4,22;0,03;0,13;1,57
05,11.2019 09:44:57;28.6;0.07;281.9;12.745911787103058;281.19;Module 1,11_4;15.6;2,00;4,90;0,03;0,17;1,83
05,11.2019 09:47:05;29.1;0.08;281.9;14.53479982739839;281.19;Module 1,11_4;17.71;2,33;5,59;0,04;0,22;2,11
05,11.2019 09:48:58;30.1;0.08;281.9;14.902829354294543;281.16;Module 1,11_4;18.09;2,41;5,73;0,04;0,23;2,18
05,11.2019 09:50:51;30.4;0.08;282.4;14.98168459669142;281.13;Module 1,11_4;18.12;2,43;5,76;0,04;0,24;2,20
05,11.2019 09:52:44;30.4;0.09;282.4;15.730759781080845;281.11;Module 1,11_4;18.96;2,74;6,05;0,04;0,26;2,48
05,11.2019 09:54:56;30.8;0.09;282.4;17.33287874077162;281.1;Module 1,11_4;20.81;2,77;6,66;0,05;0,32;2,46
05,11.2019 09:56:50;30.9;0.1;282.4;17.77304538214358;281.11;Module 1,11_4;21.27;3,09;6,83;0,05;0,33;2,76
05,11.2019 09:58:45;31.1;0.1;282.4;18.3230694833427;281.1;Module 1,11_4;21.86;3,11;7,04;0,05;0,35;2,76
05,11.2019 10:00:39;31.7;0.12;282.4;22.74924410372074;281.11;Module 1,11_4;27.06;3,80;8,74;0,06;0,54;3,26
05,11.2019 10:02:36;31.8;0.18;282.4;32.681221339680896;281.14;Module 1,11_4;38.76;5,72;12,56;0,09;1,12;4,60
05,11.2019 10:04:28;32.3;0.2;283.4;35.720485242628556;281.14;Module 1,11_4;42.25;6,46;13,73;0,10;1,34;5,12
05,11.2019 10:06:21;33.1;0.16;283.4;29.431674618627653;281.12;Module 1,11_4;34.72;5,30;11,32;0,08;0,91;4,39
05,11.2019 10:08:17;32.9;0.14;283.4;25.68402434146327;281.1;Module 1,11_4;30.22;4,61;9,88;0,07;0,69;3,91
05,11.2019 10:10:26;32.2;0.15;283.4;28.397951950577117;281.09;Module 1,11_4;33.32;4,83;10,92;0,08;0,85;3,98
05,11.2019 10:12:19;32.5;0.15;283.4;27.90972404952639;281.15;Module 1,11_4;32.67;4,88;10,73;0,08;0,82;4,06
05,11.2019 10:14:13;32.3;0.12;283.4;23.42725055218591;281.2;Module 1,11_4;27.36;3,88;9,01;0,06;0,58;3,30
05,11.2019 10:16:06;32.2;0.09;283.4;17.986798624437178;281.25;Module 1,11_4;20.96;2,90;6,91;0,05;0,34;2,56
05,11.2019 10:18:06;31.4;0.07;283.4;14.819399204793967;281.31;Module 1,11_4;17.23;2,20;5,70;0,04;0,23;1,97
05,11.2019 10:20:01;30.9;0;283.4;11.773525436507814;281.33;Module 1,11_4;13.66;0,00;4,52;0,03;0,15;-0,15
05,11.2019 10:21:55;29.6;0;283.4;10.916330632384081;281.36;Module 1,11_4;12.64;0,00;4,20;0,03;0,13;-0,13
05,11.2019 10:23:47;29;0.07;283.4;13.204315737314822;281.39;Module 1,11_4;15.26;2,03;5,08;0,04;0,18;1,85
05,11.2019 10:26:08;29.7;0.1;283.4;19.86132085544592;281.41;Module 1,11_4;22.9;2,97;7,63;0,05;0,41;2,56
05,11.2019 10:28:01;30.1;0.14;282.4;26.79599943169612;281.44;Module 1,11_4;30.84;4,21;10,30;0,07;0,75;3,46
05,11.2019 10:29:56;30.4;0.19;282.4;33.22389707142327;281.45;Module 1,11_4;38.17;5,78;12,77;0,09;1,16;4,62
05,11.2019 10:31:49;31.2;0.22;283.4;38.38962764335844;281.46;Module 1,11_4;44.03;6,86;14,76;0,10;1,55;5,32
05,11.2019 10:33:51;33.3;0.21;283.4;37.514554951884264;281.48;Module 1,11_4;42.95;6,99;14,42;0,10;1,48;5,52
05,11.2019 10:35:43;33.2;0.17;283.4;32.193747923332694;281.5;Module 1,11_4;36.8;5,64;12,38;0,09;1,09;4,56
05,11.2019 10:37:36;33;0.13;283.4;24.708502174758088;281.52;Module 1,11_4;28.2;4,29;9,50;0,07;0,64;3,65
05,11.2019 10:39:33;32.8;0.12;283.4;23.053393138963465;281.53;Module 1,11_4;26.27;3,94;8,87;0,06;0,56;3,38
05,11.2019 10:41:26;31.6;0.13;283.4;25.48640411848647;281.55;Module 1,11_4;29;4,11;9,80;0,07;0,68;3,43
05,11.2019 10:43:30;31.7;0.15;283.4;29.09986475119775;281.58;Module 1,11_4;33.06;4,75;11,19;0,08;0,89;3,87
05,11.2019 10:45:23;32.3;0.18;283.4;33.159405381009535;281.59;Module 1,11_4;37.62;5,81;12,75;0,09;1,15;4,66
05,11.2019 10:47:16;32.7;0.21;283.4;37.80242592674147;281.58;Module 1,11_4;42.83;6,87;14,54;0,10;1,50;5,37
05,11.2019 10:49:19;33.2;0.23;283.4;42.20487198466512;281.6;Module 1,11_4;47.75;7,64;16,23;0,12;1,87;5,77
05,11.2019 10:51:12;33.6;0.23;285.9;42.320475069658706;281.59;Module 1,11_4;47.82;7,73;16,29;0,12;1,88;5,84
05,11.2019 10:53:04;33.4;0.23;285.9;41.95595029162314;281.6;Module 1,11_4;47.35;7,68;16,15;0,11;1,85;5,83
05,11.2019 10:54:57;33.4;0.23;285.9;42.11301195934017;281.61;Module 1,11_4;47.47;7,68;16,21;0,12;1,87;5,82
05,11.2019 10:56:52;33.4;0.23;285.9;42.3143588928127;281.64;Module 1,11_4;47.64;7,68;16,29;0,12;1,88;5,80
05,11.2019 10:58:45;33.4;0.22;285.9;41.22458024559176;281.68;Module 1,11_4;46.36;7,35;15,87;0,11;1,79;5,56
05,11.2019 11:00:38;33.3;0.22;285.9;40.78095107224352;281.71;Module 1,11_4;45.81;7,33;15,70;0,11;1,75;5,58
05,11.2019 11:02:31;33.4;0.23;285.9;43.14239401271924;281.75;Module 1,11_4;48.41;7,68;16,60;0,12;1,96;5,72
05,11.2019 11:04:49;33.6;0.27;285.9;49.747892101671965;281.82;Module 1,11_4;55.75;9,07;19,15;0,14;2,60;6,47
05,11.2019 11:06:51;33.8;0.28;285.9;52.402677982562125;281.89;Module 1,11_4;58.66;9,46;20,17;0,14;2,89;6,57
05,11.2019 11:08:43;33.9;0.28;285.9;52.18643687572887;281.93;Module 1,11_4;58.36;9,49;20,09;0,14;2,87;6,63
05,11.2019 11:10:37;33.8;0.27;285.9;50.608812804032056;282;Module 1,11_4;56.54;9,13;19,48;0,14;2,69;6,43
05,11.2019 11:12:32;33.6;0.28;285.9;53.44437241400554;282.08;Module 1,11_4;59.65;9,41;20,57;0,15;3,01;6,40
05,11.2019 11:14:25;33.9;0.36;285.9;66.2734886955836;282.15;Module 1,11_4;73.9;12,20;25,48;0,18;4,62;7,58
05,11.2019 11:16:18;34.3;0.47;286.4;87.19422876825325;282.24;Module 1,11_4;97.14;16,12;32,00;0,25;7,95;8,17
05,11.2019 11:18:13;34.7;0.46;286.4;85.80846563557486;282.35;Module 1,11_4;95.51;15,96;31,72;0,24;7,71;8,25
05,11.2019 11:20:31;34.6;0.33;286.4;62.62320919632215;282.45;Module 1,11_4;69.63;11,42;24,09;0,17;4,13;7,29
05,11.2019 11:22:23;34.3;0.28;286.4;55.096387409666264;282.48;Module 1,11_4;61.21;9,60;21,21;0,15;3,20;6,41
05,11.2019 11:24:17;33.8;0.26;286.4;50.151241695397935;282.5;Module 1,11_4;55.67;8,79;19,30;0,14;2,65;6,14
05,11.2019 11:26:12;33.5;0.24;287.9;46.27021305760881;282.48;Module 1,11_4;51.32;8,04;17,82;0,13;2,26;5,78
05,11.2019 11:28:05;33.2;0.25;287.9;48.71562947686657;282.46;Module 1,11_4;53.99;8,30;18,77;0,13;2,50;5,80
05,11.2019 11:29:59;33.4;0.37;286.4;69.01668728641067;282.43;Module 1,11_4;76.43;12,36;26,52;0,19;5,01;7,34
05,11.2019 11:31:51;34;0.31;286.4;59.109361522958636;282.45;Module 1,11_4;65.41;10,54;22,75;0,16;3,68;6,86
05,11.2019 11:33:44;33.6;0.29;286.4;56.0778369148838;282.47;Module 1,11_4;62.01;9,74;21,59;0,15;3,31;6,43
05,11.2019 11:36:05;33.8;0.33;286.4;64.23775187173601;282.5;Module 1,11_4;70.97;11,15;24,71;0,18;4,34;6,81
05,11.2019 11:37:58;34;0.46;286.4;83.9103638190899;282.55;Module 1,11_4;92.64;15,64;31,29;0,24;7,38;8,26
05,11.2019 11:39:53;34.4;0.41;287.9;76.57215720047755;282.64;Module 1,11_4;84.48;14,10;29,16;0,21;6,17;7,93
05,11.2019 11:41:46;34.2;0.35;287.9;64.78667308103235;282.72;Module 1,11_4;71.43;11,97;24,93;0,18;4,42;7,55
05,11.2019 11:43:45;34.2;0.31;287.9;59.40336949545943;282.76;Module 1,11_4;65.45;10,60;22,88;0,16;3,72;6,88
05,11.2019 11:45:39;33.8;0.31;287.9;56.98012210792603;282.78;Module 1,11_4;62.74;10,48;21,95;0,16;3,42;7,06
05,11.2019 11:47:31;33.8;0.28;287.9;52.82575285909751;282.8;Module 1,11_4;58.13;9,46;20,35;0,14;2,94;6,52
05,11.2019 11:49:25;33.6;0.28;287.9;52.430653001613;282.82;Module 1,11_4;57.66;9,41;20,20;0,14;2,90;6,51
05,11.2019 11:51:27;33.8;0.29;287.9;55.32119102854647;282.83;Module 1,11_4;60.8;9,80;21,30;0,15;3,23;6,58
05,11.2019 11:53:20;33.8;0.33;287.9;62.07202200355576;282.86;Module 1,11_4;68.18;11,15;23,90;0,17;4,06;7,09
05,11.2019 11:55:14;33.9;0.36;287.9;67.13576507429775;282.86;Module 1,11_4;73.7;12,20;25,82;0,18;4,75;7,45
05,11.2019 11:57:09;34;0.39;287.9;73.26197171287949;282.88;Module 1,11_4;80.38;13,26;28,05;0,20;5,65;7,61
05,11.2019 11:59:02;34;0.3;287.9;53.530741917427065;282.89;Module 1,11_4;58.7;10,20;20,62;0,15;3,02;7,18
05,11.2019 12:00:54;33.8;0.24;287.9;46.97113743270684;282.88;Module 1,11_4;51.48;8,11;18,09;0,13;2,33;5,79
05,11.2019 12:02:47;33.5;0.35;287.9;67.89138784137045;282.86;Module 1,11_4;74.37;11,72;26,10;0,19;4,86;6,87
05,11.2019 12:04:40;33.8;0.4;287.9;74.48353520444277;282.9;Module 1,11_4;81.55;13,52;28,47;0,21;5,84;7,68
05,11.2019 12:07:13;34.2;0.4;287.9;74.73425000439195;282.98;Module 1,11_4;81.77;13,68;28,55;0,21;5,88;7,80
05,11.2019 12:09:06;34.3;0.4;287.9;75.59303325553319;283.06;Module 1,11_4;82.67;13,72;28,84;0,21;6,02;7,70
05,11.2019 12:11:02;34.3;0.38;287.9;70.90885054971021;283.16;Module 1,11_4;77.51;13,03;27,21;0,19;5,30;7,74
05,11.2019 12:12:56;34.1;0.4;287.9;74.90468056432708;283.25;Module 1,11_4;81.84;13,64;28,61;0,21;5,91;7,73
05,11.2019 12:14:49;34.3;0.5;287.9;89.57058424388896;283.32;Module 1,11_4;97.82;17,15;32,29;0,26;8,37;8,78
05,11.2019 12:16:42;34.7;0.56;287.9;103.46074387147526;283.32;Module 1,11_4;112.94;19,43;33,90;0,32;10,89;8,54
05,11.2019 12:18:35;34.8;0.52;288.4;95.53181200962499;283.36;Module 1,11_4;104.24;18,10;33,05;0,29;9,43;8,66
05,11.2019 12:20:28;34.6;0.38;288.4;74.21848415314074;283.43;Module 1,11_4;80.95;13,15;28,38;0,20;5,80;7,35
05,11.2019 12:22:24;34.3;0.43;288.4;81.85344303271353;283.49;Module 1,11_4;89.24;14,75;30,66;0,23;7,04;7,71
05,11.2019 12:24:16;35.1;0.63;288.4;124.85663471133857;283.6;Module 1,11_4;136.07;22,11;35,05;0,43;14,91;7,20
05,11.2019 12:26:09;36.4;0.86;288.4;169.60030759961074;283.69;Module 1,11_4;184.76;31,30;36,20;0,65;23,58;7,72
05,11.2019 12:28:06;36.6;0.91;289.9;195.89420881807672;283.83;Module 1,11_4;213.32;33,31;36,30;0,79;28,62;4,68
05,11.2019 12:30:13;36.2;0.62;289.9;117.24386098674523;283.99;Module 1,11_4;127.62;22,44;34,46;0,39;13,43;9,01
05,11.2019 12:32:06;35.4;0.52;289.9;109.2448587553483;284;Module 1,11_4;118.87;18,41;34,02;0,35;11,94;6,47
05,11.2019 12:34:01;34.6;0.36;289.9;69.99079828251305;283.95;Module 1,11_4;76.13;12,46;26,88;0,19;5,17;7,29
05,11.2019 12:35:54;33.8;0.31;289.9;57.01074894449449;283.84;Module 1,11_4;61.99;10,48;21,98;0,16;3,43;7,05
05,11.2019 12:38:19;33.3;0.23;289.9;46.0588618395939;283.75;Module 1,11_4;50.06;7,66;17,76;0,13;2,24;5,42
05,11.2019 12:40:13;33.2;0.24;289.9;46.52503187748343;283.68;Module 1,11_4;50.55;7,97;17,94;0,13;2,28;5,68
05,11.2019 12:42:06;33;0.29;288.4;54.42080029152165;283.53;Module 1,11_4;59.11;9,57;20,97;0,15;3,12;6,45
05,11.2019 12:43:59;33.3;0.36;288.4;73.7778076991004;283.32;Module 1,11_4;80.11;11,99;28,22;0,20;5,73;6,25
05,11.2019 12:45:53;34.5;0.6;288.4;117.70658579674226;283.25;Module 1,11_4;127.77;20,70;34,73;0,39;13,55;7,15
05,11.2019 12:47:47;35.6;0.68;288.4;132.55039859432108;283.28;Module 1,11_4;143.84;24,21;35,33;0,46;16,38;7,82
05,11.2019 12:49:44;36;0.8;288.4;152.20555539333853;283.5;Module 1,11_4;165.12;28,80;35,86;0,56;20,19;8,61
05,11.2019 12:51:38;35.7;0.67;289.9;131.87134328210894;283.67;Module 1,11_4;143.02;23,92;35,05;0,46;16,20;7,71
05,11.2019 12:53:36;35.3;0.59;289.9;116.22041346874549;283.79;Module 1,11_4;126.01;20,83;34,41;0,38;13,24;7,59
05,11.2019 12:55:29;35.5;0.68;289.9;132.46058355244048;283.89;Module 1,11_4;143.58;24,14;35,07;0,47;16,32;7,82
05,11.2019 12:57:25;35.6;0.75;289.9;147.232838713928;284.03;Module 1,11_4;159.55;26,70;35,49;0,54;19,15;7,55
05,11.2019 12:59:18;35.7;0.78;289.9;156.03863659012694;284.14;Module 1,11_4;169.05;27,85;35,69;0,58;20,85;6,99
05,11.2019 13:01:11;35.8;0.89;289.9;174.12644852343638;284.32;Module 1,11_4;188.6;31,86;36,02;0,68;24,37;7,49
05,11.2019 13:03:08;35.7;0.87;289.9;170.48452928257294;284.48;Module 1,11_4;184.61;31,06;35,95;0,66;23,66;7,40
05,11.2019 13:05:09;36;1.07;289.9;201.99742971230532;284.72;Module 1,11_4;218.68;38,52;36,37;0,82;29,82;8,70
05,11.2019 13:07:01;35.6;0.88;290.4;171.16482734444273;284.96;Module 1,11_4;185.26;31,33;35,88;0,66;23,76;7,57
05,11.2019 13:09:14;35.3;0.79;290.4;155.04494103287743;285.13;Module 1,11_4;167.77;27,89;35,59;0,58;20,63;7,25
05,11.2019 13:11:07;35.4;0.84;290.4;165.6980536910736;285.17;Module 1,11_4;179.26;29,74;35,79;0,63;22,70;7,04
05,11.2019 13:13:02;35.6;0.94;290.4;184.35231508953694;285.33;Module 1,11_4;199.4;33,46;36,07;0,73;26,33;7,14
05,11.2019 13:14:54;35.5;0.97;290.4;196.2152072843836;285.46;Module 1,11_4;212.19;34,44;36,22;0,79;28,64;5,79
05,11.2019 13:16:48;35.5;0.93;291.9;182.6753113626208;285.58;Module 1,11_4;197.51;33,02;35,79;0,72;25,88;7,13
05,11.2019 13:18:40;35.3;0.79;291.9;152.07050798465286;285.56;Module 1,11_4;164.39;27,89;35,27;0,57;19,98;7,90
05,11.2019 13:20:37;35.1;0.66;291.9;124.81335048735646;285.48;Module 1,11_4;134.9;23,17;34,47;0,43;14,81;8,36
05,11.2019 13:22:30;34.5;0.55;291.9;105.79942621888112;285.37;Module 1,11_4;114.33;18,98;33,48;0,34;11,27;7,70
05,11.2019 13:24:36;34.3;0.48;291.9;88.59417363920457;285.09;Module 1,11_4;95.72;16,46;31,70;0,26;8,20;8,27
05,11.2019 13:26:29;34.2;0.46;291.9;81.65610224574979;284.76;Module 1,11_4;88.21;15,73;30,38;0,23;7,01;8,72
05,11.2019 13:28:22;34.3;0.52;291.9;94.07472876738862;284.24;Module 1,11_4;101.61;17,84;32,43;0,28;9,16;8,68
05,11.2019 13:30:16;35.1;0.65;290.4;125.0716944286549;283.75;Module 1,11_4;135.07;22,82;34,73;0,43;14,90;7,92
05,11.2019 13:32:09;35.7;0.77;290.4;148.4084369034221;283.55;Module 1,11_4;160.25;27,49;35,44;0,55;19,35;8,13
05,11.2019 13:34:02;35.9;0.82;290.4;158.37589276315973;283.32;Module 1,11_4;170.99;29,44;35,65;0,60;21,28;8,16
05,11.2019 13:35:56;35.8;0.77;290.4;152.13409268412698;283.3;Module 1,11_4;164.23;27,57;35,52;0,57;20,07;7,49
05,11.2019 13:37:48;35.8;0.8;290.4;158.35963856059962;283.36;Module 1,11_4;170.93;28,64;35,65;0,60;21,28;7,36
05,11.2019 13:40:06;35.8;0.82;290.4;161.105974689895;283.52;Module 1,11_4;173.87;29,36;35,70;0,61;21,81;7,55
05,11.2019 13:41:59;35.8;0.86;290.4;169.50064936710493;283.61;Module 1,11_4;182.91;30,79;35,85;0,65;23,43;7,35
05,11.2019 13:43:51;35.7;0.77;290.4;150.30561308587198;283.73;Module 1,11_4;162.18;27,49;35,48;0,56;19,72;7,77
05,11.2019 13:45:44;35.8;0.84;290.4;166.1788740464599;283.85;Module 1,11_4;179.29;30,07;35,80;0,64;22,79;7,28
05,11.2019 13:48:04;36.2;1.13;290.4;222.60379444388337;284.1;Module 1,11_4;240.14;40,91;36,48;0,93;33,81;7,10
05,11.2019 13:49:57;36.3;1.17;290.4;231.03996027425998;284.34;Module 1,11_4;249.22;42,47;36,54;0,97;35,46;7,01
05,11.2019 13:51:50;36.3;1.08;290.4;213.88750883200555;284.52;Module 1,11_4;230.7;39,20;36,40;0,88;32,10;7,10
05,11.2019 13:53:43;36;1.01;290.4;202.10895736142788;284.65;Module 1,11_4;217.98;36,36;36,28;0,82;29,79;6,57
05,11.2019 13:55:41;35.7;0.9;291.9;178.08838573495223;284.8;Module 1,11_4;192.06;32,13;35,73;0,70;24,99;7,14
05,11.2019 13:57:33;35.7;0.91;291.9;183.49585884715293;284.92;Module 1,11_4;197.88;32,49;35,80;0,73;26,04;6,45
05,11.2019 13:59:26;35.6;0.82;291.9;166.78546859493161;285.01;Module 1,11_4;179.85;29,19;35,55;0,64;22,81;6,38
05,11.2019 14:01:28;35.8;1.13;291.9;228.66137413088273;285.11;Module 1,11_4;246.56;40,45;36,26;0,96;34,82;5,63
05,11.2019 14:03:35;35.9;0.98;291.9;193.46601615280906;285.26;Module 1,11_4;208.6;35,18;35,93;0,78;27,97;7,21
05,11.2019 14:05:36;35.6;1.03;292.5;196.97914894594862;285.37;Module 1,11_4;212.38;36,67;35,87;0,80;28,60;8,07
05,11.2019 14:07:29;35.4;0.88;292.5;189.71314971509918;285.46;Module 1,11_4;204.54;31,15;35,78;0,76;27,19;3,96
05,11.2019 14:09:21;35.8;0.98;292.5;201.0519250794681;285.49;Module 1,11_4;216.76;35,08;35,91;0,82;29,39;5,70
05,11.2019 14:11:17;35.8;1.02;292.5;206.63929138497485;285.58;Module 1,11_4;222.78;36,52;35,97;0,85;30,47;6,04
05,11.2019 14:13:10;35.8;1.21;292.5;238.4846774470626;285.63;Module 1,11_4;257.11;43,32;36,23;1,01;36,66;6,66
05,11.2019 14:15:03;36.2;1.26;294;278.12069681793724;285.71;Module 1,11_4;299.84;45,61;36,19;1,22;44,12;1,49
05,11.2019 14:16:57;36.1;1.56;294;339.55294258580807;285.8;Module 1,11_4;366.07;56,32;36,38;1,54;55,97;0,35
05,11.2019 14:18:54;36;1.1;294;217.91076763382893;285.9;Module 1,11_4;234.93;39,60;35,81;0,91;32,49;7,11
05,11.2019 14:20:50;35.6;1.25;294;270.8612738360078;285.95;Module 1,11_4;292.02;44,50;36,15;1,18;42,72;1,78
05,11.2019 14:22:51;35.8;1.14;294;226.6034198775082;286.03;Module 1,11_4;244.31;40,81;35,88;0,95;34,17;6,64
05,11.2019 14:24:44;36.3;1.5;294;313.41156233042904;286.23;Module 1,11_4;337.91;54,45;36,31;1,40;50,93;3,52
05,11.2019 14:26:43;36.1;1.57;294;330.0211722733515;286.5;Module 1,11_4;355.83;56,68;36,35;1,49;54,14;2,54
05,11.2019 14:28:37;36.4;2.4;294.5;524.6949694924102;286.99;Module 1,11_4;565.75;87,36;36,35;2,50;91,00;-3,64
05,11.2019 14:30:30;36.2;3.62;294.5;763.5209849077446;287.78;Module 1,11_4;823.3;131,04;35,95;3,75;134,62;-3,57
05,11.2019 14:32:24;35.2;3.6;294.5;753.6610193045004;288.78;Module 1,11_4;812.71;126,72;35,97;3,69;132,86;-6,14
05,11.2019 14:34:36;33.4;0.75;296;147.0202797772893;288.87;Module 1,11_4;158.55;25,05;34,45;0,55;18,82;6,23
05,11.2019 14:36:29;33.6;0.58;296;119.91735829682946;288.38;Module 1,11_4;129.33;19,49;33,59;0,41;13,78;5,70
05,11.2019 14:38:22;33.8;0.52;296.5;109.32996719110926;287.78;Module 1,11_4;117.92;17,58;32,99;0,36;11,85;5,73
05,11.2019 14:40:17;33.9;0.58;296.5;119.62114644724429;287.31;Module 1,11_4;129.03;19,66;33,50;0,41;13,72;5,94
05,11.2019 14:42:16;34.8;0.68;296.5;142.6556116335555;286.76;Module 1,11_4;153.89;23,66;34,26;0,52;17,98;5,69
05,11.2019 14:44:10;35.3;0.75;296;159.74393189351906;286.5;Module 1,11_4;172.34;26,47;34,71;0,61;21,21;5,26
05,11.2019 14:46:03;35.6;0.93;296;198.90489579743323;286.32;Module 1,11_4;214.61;33,11;35,27;0,81;28,64;4,47
05,11.2019 14:47:56;36.2;1.11;296;251.6237463564957;286.28;Module 1,11_4;271.52;40,18;35,70;1,08;38,72;1,47
05,11.2019 14:50:08;36.4;1.1;296;251.0346493679963;286.37;Module 1,11_4;270.92;40,04;35,70;1,08;38,60;1,44
05,11.2019 14:52:06;36.9;2.98;296;583.453361662692;286.69;Module 1,11_4;629.75;109,96;36,02;2,81;101,27;8,69
05,11.2019 14:53:59;36.3;3.28;296;713.7555831598555;287.41;Module 1,11_4;770.49;119,06;35,80;3,49;124,88;-5,81
05,11.2019 14:55:51;35.4;1.47;296;317.72879482665644;287.89;Module 1,11_4;343.03;52,04;35,98;1,43;51,36;0,68
05,11.2019 14:57:45;36;1.44;296;310.5707302464193;288.08;Module 1,11_4;335.35;51,84;35,95;1,39;49,99;1,85
05,11.2019 14:59:38;36;1.4;296;305.7833330973584;288.17;Module 1,11_4;330.23;50,40;35,94;1,37;49,08;1,32
05,11.2019 15:01:31;36;1.87;296.5;336.5468083740783;288.38;Module 1,11_4;363.51;67,32;35,94;1,53;54,84;12,48
05,11.2019 15:03:25;36;1.75;296.5;573.4628945228508;288.53;Module 1,11_4;619.51;63,00;35,95;2,76;99,22;-36,22
05,11.2019 15:06:00;35.9;1.83;298;395.63960824784476;288.95;Module 1,11_4;427.51;65,70;35,76;1,84;65,64;0,05
05,11.2019 15:07:54;35.7;1.54;298;341.0860312730903;289.06;Module 1,11_4;368.63;54,98;35,68;1,55;55,37;-0,39
05,11.2019 15:09:47;35.6;2.24;298;473.6436575272269;289.21;Module 1,11_4;511.99;79,74;35,77;2,24;80,21;-0,46
05,11.2019 15:11:41;35.5;3.22;298;694.4094500282071;289.88;Module 1,11_4;750.78;114,31;35,50;3,39;120,33;-6,02
05,11.2019 15:13:33;35.1;2.26;298;411.9011897903805;290.39;Module 1,11_4;445.43;79,33;35,77;1,92;68,69;10,63
05,11.2019 15:15:26;35.4;3.27;298.5;701.9382138522673;290.81;Module 1,11_4;759.24;115,76;35,40;3,43;121,39;-5,64
05,11.2019 15:17:19;34.9;3.32;298.5;541.8640675594843;291.14;Module 1,11_4;586.23;115,87;35,64;2,60;92,59;23,28
05,11.2019 15:19:28;34.1;1.19;298.5;237.25580123151045;291.14;Module 1,11_4;256.75;40,58;35,17;1,01;35,64;4,94
05,11.2019 15:21:24;34.3;1.27;299.5;239.25668161963657;290.32;Module 1,11_4;258.98;43,56;35,01;1,02;35,88;7,68
05,11.2019 15:23:05;34.5;1.19;299.5;240.4496694861295;289.34;Module 1,11_4;260.33;41,05;35,02;1,03;36,11;4,95
05,11.2019 15:24:58;34.7;1.07;299.5;218.59486432421008;288.63;Module 1,11_4;236.73;37,13;34,85;0,92;32,00;5,13
05,11.2019 15:26:53;35;1.08;299.5;228.88310716097715;288.2;Module 1,11_4;247.94;37,80;34,94;0,97;33,93;3,87
05,11.2019 15:28:49;35.3;1.01;299.5;211.9379179088353;287.64;Module 1,11_4;229.65;35,65;34,80;0,88;30,75;4,91
05,11.2019 15:30:41;35.2;0.98;298.5;205.16039578821017;287.31;Module 1,11_4;222.37;34,50;34,91;0,85;29,58;4,92
05,11.2019 15:32:34;35.3;0.96;298.5;200.03523874096453;287.12;Module 1,11_4;216.88;33,89;34,85;0,82;28,61;5,28
05,11.2019 15:34:34;35.6;1.31;298;254.4979491126481;287;Module 1,11_4;276.02;46,64;35,37;1,10;38,97;7,66
05,11.2019 15:36:40;35.6;1.34;298;578.0786184669869;286.96;Module 1,11_4;627.19;47,70;35,69;2,79;99,41;-51,70
05,11.2019 15:38:23;36.4;3.09;298;577.9032287270139;287.56;Module 1,11_4;627.19;112,48;35,69;2,78;99,37;13,10
05,11.2019 15:40:17;35.6;2.44;298;396.13632819399515;288.07;Module 1,11_4;430.07;86,86;35,76;1,84;65,74;21,13
05,11.2019 15:42:00;34.3;0.93;298;182.00532776881835;288.01;Module 1,11_4;197.66;31,90;34,73;0,73;25,26;6,64
05,11.2019 15:43:53;34.2;0.73;298;145.2860104553693;287.7;Module 1,11_4;157.84;24,97;34,06;0,54;18,40;6,57
05,11.2019 15:45:46;34.1;0.59;298;118.98952827586655;287.47;Module 1,11_4;129.32;20,12;33,23;0,41;13,56;6,56
05,11.2019 15:47:44;34;0.5;298;101.81556433414957;287;Module 1,11_4;110.7;17,00;32,27;0,32;10,48;6,52
05,11.2019 15:49:38;34;0.44;296.5;86.47597539359566;286.53;Module 1,11_4;94.06;14,96;30,86;0,25;7,83;7,13
05,11.2019 15:51:35;34;0.39;296.5;78.0394097352817;286.29;Module 1,11_4;84.92;13,26;29,20;0,22;6,43;6,83
05,11.2019 15:53:27;34;0.35;296;70.2534528049116;285.95;Module 1,11_4;76.48;11,90;26,91;0,19;5,23;6,67
05,11.2019 15:55:23;34;0.36;296;71.37852383347415;285.68;Module 1,11_4;77.74;12,24;27,29;0,20;5,40;6,84
05,11.2019 15:57:17;33.9;0.38;294.5;73.14453253692963;285.4;Module 1,11_4;79.7;12,88;27,90;0,20;5,66;7,22
05,11.2019 15:59:11;33.9;0.42;294.5;78.08173728713311;285.15;Module 1,11_4;85.12;14,24;29,33;0,22;6,44;7,80
05,11.2019 16:01:04;34;0.41;294.5;74.76156173732917;284.79;Module 1,11_4;81.54;13,94;28,40;0,21;5,91;8,03
05,11.2019 16:02:59;33.9;0.37;292.5;69.18852432442709;284.49;Module 1,11_4;75.5;12,54;26,58;0,19;5,06;7,48
05,11.2019 16:04:53;33.8;0.35;292.5;65.27824408235703;284.33;Module 1,11_4;71.27;11,83;25,14;0,18;4,51;7,32
05,11.2019 16:06:46;33.7;0.33;291.9;62.77194086390929;284.27;Module 1,11_4;68.57;11,12;24,20;0,17;4,17;6,96
05,11.2019 16:08:58;33.9;0.39;291.9;75.77764867809351;284.28;Module 1,11_4;82.83;13,22;28,80;0,21;6,06;7,16
05,11.2019 16:10:51;34.8;0.55;291.9;106.37429793264305;284.35;Module 1,11_4;116.34;19,14;33,52;0,34;11,38;7,76
05,11.2019 16:12:44;35.3;0.68;290.4;132.2278265402529;284.38;Module 1,11_4;144.7;24,00;34,98;0,46;16,26;7,75
05,11.2019 16:14:37;35.8;0.91;290.4;188.6059509285407;284.35;Module 1,11_4;206.52;32,58;36,13;0,75;27,16;5,42
05,11.2019 16:16:30;36.3;0.93;290.4;187.1931300289224;284.48;Module 1,11_4;205.1;33,76;36,11;0,74;26,88;6,88
05,11.2019 16:18:28;35.8;0.78;290.4;152.90165130150467;284.71;Module 1,11_4;167.64;27,92;35,54;0,57;20,22;7,70
05,11.2019 16:20:21;35.6;0.69;290.4;138.3721743483734;284.92;Module 1,11_4;151.81;24,56;35,17;0,50;17,43;7,14
05,11.2019 16:22:14;35.7;1.69;291.9;394.06702061639146;285.07;Module 1,11_4;432.63;60,33;36,82;1,82;67,00;-6,66
05,11.2019 16:24:07;36.7;1.16;291.9;279.90373571776087;285.59;Module 1,11_4;307.51;42,57;36,55;1,23;44,81;-2,24
05,11.2019 16:26:00;36.4;1.27;292.5;287.57869913340517;286.17;Module 1,11_4;316.17;46,23;36,48;1,27;46,21;0,02
05,11.2019 16:27:54;36.6;1.92;292.5;383.9049153240741;286.85;Module 1,11_4;422.39;70,27;36,70;1,77;64,88;5,39
05,11.2019 16:29:47;36.3;1.73;292.5;332.4611755076679;287.59;Module 1,11_4;366.07;62,80;36,62;1,50;54,93;7,87
05,11.2019 16:31:39;36;2.08;294;443.7114924749961;288.18;Module 1,11_4;488.95;74,88;36,48;2,08;75,90;-1,02
05,11.2019 16:33:32;36.1;1.62;294;318.0021313667505;288.8;Module 1,11_4;350.71;58,48;36,32;1,43;51,82;6,66
05,11.2019 16:35:25;36;1.4;294.5;295.7465790821938;289.07;Module 1,11_4;326.44;50,40;36,16;1,31;47,43;2,97
05,11.2019 16:37:18;35.8;1.37;294.5;296.4493851065468;289.29;Module 1,11_4;327.5;49,05;36,17;1,32;47,57;1,48
05,11.2019 16:39:19;35.8;1.19;294.5;242.33965013920871;289.48;Module 1,11_4;267.98;42,60;35,91;1,03;37,14;5,46
05,11.2019 16:41:11;35.6;0.93;295.5;191.15130616401404;289.39;Module 1,11_4;211.57;33,11;35,27;0,77;27,21;5,90
05,11.2019 16:43:05;35.2;0.95;295.5;195.36265701824738;289.18;Module 1,11_4;216.44;33,44;35,32;0,79;28,01;5,43
05,11.2019 16:44:57;35.4;0.88;296;180.8158598753674;289;Module 1,11_4;200.52;31,15;35,05;0,72;25,20;5,95
05,11.2019 16:46:50;35.6;0.74;296;153.94935977469413;288.84;Module 1,11_4;170.9;26,34;34,60;0,58;20,12;6,22
05,11.2019 16:48:43;35.2;0.63;296;130.84062029774088;288.35;Module 1,11_4;145.4;22,18;34,00;0,46;15,80;6,38
05,11.2019 16:50:36;35.6;0.62;296;129.95215600309726;287.89;Module 1,11_4;144.57;22,07;33,97;0,46;15,64;6,44
05,11.2019 16:52:30;35.6;0.72;296;181.76425196103463;287.46;Module 1,11_4;202.44;25,63;35,07;0,72;25,38;0,25
05,11.2019 16:54:22;36.6;0.62;296;123.69110247642152;287.17;Module 1,11_4;137.92;22,69;33,75;0,43;14,48;8,21
05,11.2019 16:56:15;35;0.55;296;110.8136858029076;286.88;Module 1,11_4;123.71;19,25;33,16;0,37;12,12;7,13
05,11.2019 16:58:11;34.9;0.53;296;104.81240283758127;286.57;Module 1,11_4;117.16;18,50;32,79;0,34;11,04;7,46
05,11.2019 17:00:04;34.8;0.48;294;95.36751434901466;286.38;Module 1,11_4;106.74;16,70;32,30;0,29;9,38;7,33
05,11.2019 17:02:03;34.7;0.45;294;88.62220313137382;286.19;Module 1,11_4;99.33;15,62;31,47;0,26;8,20;7,42
05,11.2019 17:03:57;34.6;0.43;294;85.24644045874118;285.9;Module 1,11_4;95.68;14,88;30,92;0,25;7,62;7,26
05,11.2019 17:05:50;34.5;0.41;294;82.38394218397471;285.71;Module 1,11_4;92.6;14,14;30,38;0,24;7,14;7,01
05,11.2019 17:07:43;34.6;0.4;294;80.1293928268679;285.6;Module 1,11_4;90.2;13,84;29,87;0,23;6,77;7,07
05,11.2019 17:09:50;36;0.66;292.5;163.06655974232666;285.46;Module 1,11_4;183.88;23,76;35,38;0,62;22,06;1,70
05,11.2019 17:11:42;36.7;0.89;292.5;199.0107928009376;285.6;Module 1,11_4;224.77;32,66;35,88;0,81;28,99;3,67
05,11.2019 17:13:36;36.6;0.85;292.5;185.6825447034446;285.85;Module 1,11_4;210.07;31,11;35,73;0,74;26,41;4,70
05,11.2019 17:15:30;37.1;1.11;292.5;257.3235923844864;286.11;Module 1,11_4;291.63;41,18;36,34;1,11;40,32;0,86
05,11.2019 17:17:22;37.1;1.17;292.5;263.3119285761783;286.48;Module 1,11_4;298.95;43,41;36,38;1,14;41,49;1,92
05,11.2019 17:19:36;36.6;1.08;294;232.9071216585571;286.94;Module 1,11_4;265.02;39,53;35,93;0,98;35,39;4,14
05,11.2019 17:21:31;36.1;0.64;294;128.71948853439787;287.02;Module 1,11_4;146.76;23,10;34,27;0,45;15,47;7,63
05,11.2019 17:23:24;35.8;0.48;294;98.11933481504647;286.78;Module 1,11_4;112.1;17,18;32,56;0,30;9,86;7,32
05,11.2019 17:25:23;35.5;0.48;294;99.07835831812446;286.39;Module 1,11_4;113.45;17,04;32,65;0,31;10,04;7,00
05,11.2019 17:27:16;36.2;0.53;294;129.8359166651605;286.06;Module 1,11_4;149;19,19;34,30;0,46;15,68;3,50
05,11.2019 17:29:11;38;0.83;294;198.41516681530686;286;Module 1,11_4;228.24;31,54;35,62;0,81;28,74;2,80
05,11.2019 17:31:04;37.5;0.82;294;197.77028884707147;286.22;Module 1,11_4;228.05;30,75;35,61;0,80;28,61;2,14
05,11.2019 17:33:03;37.8;0.86;294;163.25225444850642;286.42;Module 1,11_4;188.75;32,51;35,13;0,63;22,00;10,51
05,11.2019 17:34:56;36.5;0.41;294;75.77272580159769;286.41;Module 1,11_4;87.84;14,96;28,72;0,21;6,07;8,90
05,11.2019 17:36:48;35;0.39;292.5;74.48936270341312;286.25;Module 1,11_4;86.59;13,65;28,38;0,21;5,86;7,79
05,11.2019 17:38:43;35.1;0.4;292.5;75.87334673955385;286;Module 1,11_4;88.46;14,04;28,80;0,21;6,08;7,96
05,11.2019 17:41:01;36.4;0.39;292.5;83.22937670027086;285.66;Module 1,11_4;97.4;14,20;30,67;0,24;7,28;6,92
05,11.2019 17:42:58;38;0.5;292.5;162.87037928838606;285.51;Module 1,11_4;191.24;19,00;35,38;0,62;22,02;-3,02
05,11.2019 17:44:55;35.3;0.35;292.5;67.31557653375354;285.49;Module 1,11_4;79.32;12,35;25,89;0,19;4,79;7,56
05,11.2019 17:46:48;35.3;0.34;291.9;63.937563650309876;285.32;Module 1,11_4;75.61;12,00;24,63;0,18;4,32;7,68
05,11.2019 17:48:57;37.6;0.35;291.9;60.420159152372115;285.12;Module 1,11_4;71.76;13,16;23,30;0,17;3,86;9,30
05,11.2019 17:50:49;37.8;0.33;291.9;56.54101837014902;284.95;Module 1,11_4;67.42;12,47;21,81;0,15;3,38;9,09
05,11.2019 17:52:42;34.9;0.31;292.5;54.82429786522372;284.81;Module 1,11_4;65.65;10,82;21,16;0,15;3,18;7,64
05,11.2019 17:54:43;35.6;0.28;292.5;52.226544875742604;284.65;Module 1,11_4;62.84;9,97;20,16;0,14;2,89;7,08
05,11.2019 17:56:36;37.5;0.28;291.9;50.72163678293911;284.47;Module 1,11_4;61.32;10,50;19,57;0,14;2,72;7,78
05,11.2019 17:58:29;37.9;0.25;291.9;48.771259101555806;284.33;Module 1,11_4;59.26;9,47;18,82;0,13;2,51;6,96
05,11.2019 18:00:25;35.4;0.24;291.9;46.964992112257946;284.25;Module 1,11_4;57.38;8,50;18,12;0,13;2,33;6,16
05,11.2019 18:02:19;34.6;0.23;290.4;43.87963492498618;284.14;Module 1,11_4;53.92;7,96;16,92;0,12;2,03;5,92
05,11.2019 18:04:22;34.5;0.21;290.4;42.53005079410245;284.03;Module 1,11_4;52.61;7,25;16,40;0,12;1,91;5,33
05,11.2019 18:06:15;34.4;0.21;289.9;40.38954380011176;283.96;Module 1,11_4;50.29;7,22;15,57;0,11;1,72;5,50
05,11.2019 18:08:11;34.4;0.2;289.9;37.28525284936961;283.86;Module 1,11_4;46.76;6,88;14,38;0,10;1,47;5,41
05,11.2019 18:10:04;34.1;0.19;289.9;35.612738902197464;283.8;Module 1,11_4;45;6,48;13,73;0,10;1,34;5,14
05,11.2019 18:11:56;33.8;0.18;289.9;32.3055543302514;283.73;Module 1,11_4;41.15;6,08;12,45;0,09;1,10;4,98
05,11.2019 18:13:50;33.6;0.17;289.9;30.10001572511767;283.64;Module 1,11_4;38.68;5,71;11,60;0,08;0,96;4,76
05,11.2019 18:15:43;33.5;0.16;288.4;27.943630999144;283.57;Module 1,11_4;36.25;5,36;10,77;0,08;0,82;4,54
05,11.2019 18:17:36;33.2;0.15;288.4;25.651758154764323;283.5;Module 1,11_4;33.62;4,98;9,88;0,07;0,69;4,29
05,11.2019 18:19:43;33;0.14;288.4;22.986807508556602;283.39;Module 1,11_4;30.51;4,62;8,86;0,06;0,56;4,06
05,11.2019 18:21:39;32.6;0.12;287.9;19.86256547645224;283.31;Module 1,11_4;26.7;3,91;7,65;0,05;0,42;3,50
05,11.2019 18:23:33;32.5;0.11;287.9;17.346532764259308;283.23;Module 1,11_4;23.64;3,58;6,68;0,05;0,32;3,26
05,11.2019 18:25:26;32.4;0.09;287.9;14.695467519747192;283.14;Module 1,11_4;20.33;2,92;5,66;0,04;0,23;2,69
05,11.2019 18:27:19;31.9;0.08;287.9;12.583182148300025;283.04;Module 1,11_4;17.7;2,55;4,84;0,03;0,17;2,39
05,11.2019 18:29:13;31.3;0.07;287.9;10.835579143170566;283;Module 1,11_4;15.53;2,19;4,17;0,03;0,12;2,07
05,11.2019 18:31:06;30.9;0.06;286.4;8.609847558823633;282.92;Module 1,11_4;12.6;1,85;3,31;0,02;0,08;1,78
05,11.2019 18:32:58;30.2;0;286.4;7.035998902407066;282.85;Module 1,11_4;10.54;0,00;2,71;0,02;0,05;-0,05
05,11.2019 18:34:52;29.7;0;285.9;5.866931255205398;282.75;Module 1,11_4;9.03;0,00;2,26;0,02;0,04;-0,04
05,11.2019 18:36:46;29.2;0;285.9;4.987703985167919;282.68;Module 1,11_4;7.92;0,00;1,92;0,01;0,03;-0,03
05,11.2019 18:38:41;28.9;0;283.4;4.073503258394384;282.59;Module 1,11_4;6.71;0,00;1,56;0,01;0,02;-0,02
05,11.2019 18:40:36;28.1;0;283.4;3.191439330759013;282.49;Module 1,11_4;5.49;0,00;1,23;0,01;0,01;-0,01
05,11.2019 18:42:35;32;0;283.4;2.2523849909215343;282.39;Module 1,11_4;4.09;0,00;0,87;0,01;0,01;-0,01
05,11.2019 18:44:28;32.4;0;283.4;1.5045643675289448;282.26;Module 1,11_4;2.91;0,00;0,58;0,00;0,00;-0,00
05,11.2019 18:46:20;30.9;0;283.4;0.984912729907194;282.13;Module 1,11_4;2.06;0,00;0,38;0,00;0,00;-0,00
05,11.2019 18:48:15;30.9;0;283.4;0.56439792200496;281.96;Module 1,11_4;1.31;0,00;0,22;0,00;0,00;-0,00
05,11.2019 18:50:20;29.1;0;283.4;0.3168287655228711;281.77;Module 1,11_4;0.86;0,00;0,13;0,00;0,00;-0,00
05,11.2019 18:52:13;24.6;0;283.4;0.02687307064116646;281.62;Module 1,11_4;0.09;0,00;0,01;0,00;0,00;-0,00
05,11.2019 18:54:05;24.6;0;283.4;0.001;281.47;Module 1,11_4;-0.01;0,00;0,00;0,00;0,00;0,00
05,11.2019 18:55:58;24.6;0;283.4;0.001;281.32;Module 1,11_4;-0.01;0,00;0,00;0,00;0,00;0,00
06,11.2019 09:13:36;33;0;275.8;5.192703894910667;278.27;Module 1,11_4;7.11;0,00;1,99;0,01;0,03;-0,03
06,11.2019 09:15:34;34.3;0;275.8;6.936796797613675;278.35;Module 1,11_4;9.4;0,00;2,66;0,02;0,05;-0,05
06,11.2019 09:17:27;30.5;0;279.9;8.3869094435276;278.49;Module 1,11_4;11.26;0,00;3,22;0,02;0,07;-0,07
06,11.2019 09:19:20;27.5;0;279.9;8.881006650189759;278.57;Module 1,11_4;11.82;0,00;3,41;0,02;0,08;-0,08
06,11.2019 09:21:16;27.7;0;279.9;9.539254742332034;278.66;Module 1,11_4;12.59;0,00;3,66;0,03;0,10;-0,10
06,11.2019 09:23:31;28.1;0;278.3;10.039675163231763;278.76;Module 1,11_4;13.13;0,00;3,85;0,03;0,11;-0,11
06,11.2019 09:25:26;28.4;0;278.3;9.98221310536798;278.78;Module 1,11_4;12.96;0,00;3,83;0,03;0,10;-0,10
06,11.2019 09:27:22;28.2;0;278.3;9.772529420679838;278.81;Module 1,11_4;12.6;0,00;3,75;0,03;0,10;-0,10
06,11.2019 09:29:15;28.4;0;278.3;10.319174626188943;278.83;Module 1,11_4;13.22;0,00;3,96;0,03;0,11;-0,11
06,11.2019 09:31:11;28.5;0.07;278.3;11.475289797507006;278.86;Module 1,11_4;14.61;2,00;4,41;0,03;0,14;1,86
06,11.2019 09:33:04;28.6;0.07;279.9;12.45774771886882;278.89;Module 1,11_4;15.77;2,00;4,78;0,03;0,16;1,84
06,11.2019 09:34:57;29.6;0.08;279.9;13.359932284696114;278.92;Module 1,11_4;16.82;2,37;5,13;0,04;0,19;2,18
06,11.2019 09:36:51;29.7;0.09;279.9;14.23654047618915;278.96;Module 1,11_4;17.83;2,67;5,47;0,04;0,21;2,46
06,11.2019 09:39:05;30.1;0.08;279.9;14.86602940776852;279.02;Module 1,11_4;18.51;2,41;5,71;0,04;0,23;2,18
06,11.2019 09:40:58;30.4;0.07;280.4;13.854443798585073;279.05;Module 1,11_4;17.17;2,13;5,32;0,04;0,20;1,93
06,11.2019 09:42:51;30.1;0.07;280.4;13.60843023255176;279.07;Module 1,11_4;16.79;2,11;5,23;0,04;0,19;1,91
06,11.2019 09:44:43;30;0.07;280.4;13.356808622781845;279.09;Module 1,11_4;16.41;2,10;5,13;0,04;0,19;1,91
06,11.2019 09:46:44;30.1;0.08;280.4;14.91127793806324;279.1;Module 1,11_4;18.24;2,41;5,73;0,04;0,23;2,18
06,11.2019 09:48:37;30.2;0.09;280.4;16.061042143211495;279.1;Module 1,11_4;19.57;2,72;6,16;0,04;0,27;2,45
06,11.2019 09:50:30;31.1;0.09;281.9;16.903738800134864;279.11;Module 1,11_4;20.52;2,80;6,49;0,05;0,30;2,50
06,11.2019 09:52:23;30.9;0.09;281.9;16.600666102750846;279.13;Module 1,11_4;20.08;2,78;6,38;0,05;0,29;2,49
06,11.2019 09:54:46;30.8;0.08;281.9;15.47706216828014;279.15;Module 1,11_4;18.64;2,46;5,95;0,04;0,25;2,21
06,11.2019 09:56:38;30.6;0.08;281.9;15.385713545712413;279.19;Module 1,11_4;18.47;2,45;5,91;0,04;0,25;2,20
06,11.2019 09:58:33;30.2;0.09;281.9;16.0952282073714;279.21;Module 1,11_4;19.26;2,72;6,19;0,04;0,27;2,45
06,11.2019 10:00:26;30.4;0.09;281.9;16.772658538591628;279.25;Module 1,11_4;20.01;2,74;6,45;0,05;0,30;2,44
06,11.2019 10:02:19;30.8;0.09;281.9;17.04016557451715;279.28;Module 1,11_4;20.27;2,77;6,55;0,05;0,30;2,47
06,11.2019 10:04:12;30.8;0.09;281.9;17.113357066245705;279.31;Module 1,11_4;20.3;2,77;6,58;0,05;0,31;2,46
06,11.2019 10:06:05;30.8;0.09;281.9;17.886699904727113;279.34;Module 1,11_4;21.16;2,77;6,88;0,05;0,34;2,44
06,11.2019 10:07:58;31.3;0.1;281.9;19.865799854078922;279.37;Module 1,11_4;23.44;3,13;7,63;0,05;0,41;2,72
06,11.2019 10:10:13;31.7;0.12;281.9;23.478766618386413;279.4;Module 1,11_4;27.62;3,80;9,02;0,06;0,58;3,23
06,11.2019 10:12:05;31.9;0.13;281.9;25.92951376404424;279.42;Module 1,11_4;30.43;4,15;9,96;0,07;0,71;3,44
06,11.2019 10:13:58;32.3;0.15;282.4;28.526851700532774;279.45;Module 1,11_4;33.4;4,84;10,96;0,08;0,85;3,99
06,11.2019 10:15:52;32.3;0.18;282.4;34.57570913270066;279.49;Module 1,11_4;40.39;5,81;13,29;0,09;1,25;4,56
06,11.2019 10:17:50;32.5;0.21;282.4;39.3135802078768;279.54;Module 1,11_4;45.82;6,83;15,11;0,11;1,62;5,20
06,11.2019 10:19:43;33.4;0.21;282.4;39.02696717516026;279.59;Module 1,11_4;45.39;7,01;15,00;0,11;1,60;5,42
06,11.2019 10:22:02;33.3;0.21;282.4;39.91790367293707;279.67;Module 1,11_4;46.31;6,99;15,34;0,11;1,67;5,32
06,11.2019 10:23:55;33.4;0.22;283.4;42.233371176890614;279.7;Module 1,11_4;48.9;7,35;16,24;0,12;1,87;5,48
06,11.2019 10:25:50;33.6;0.23;283.4;44.11525134371304;279.73;Module 1,11_4;50.98;7,73;16,96;0,12;2,04;5,68
06,11.2019 10:27:42;33.6;0.24;283.4;45.955948263565865;279.75;Module 1,11_4;53.01;8,06;17,67;0,13;2,22;5,85
06,11.2019 10:29:35;33.8;0.24;283.4;46.48128526780628;279.79;Module 1,11_4;53.52;8,11;17,88;0,13;2,27;5,84
06,11.2019 10:31:30;34;0.25;283.4;47.572796421464346;279.82;Module 1,11_4;54.68;8,50;18,29;0,13;2,38;6,12
06,11.2019 10:33:36;34;0.27;283.4;53.493576941517475;279.88;Module 1,11_4;61.37;9,18;20,57;0,15;3,00;6,18
06,11.2019 10:35:29;34;0.3;283.4;57.62332039024401;279.93;Module 1,11_4;66;10,20;22,16;0,16;3,49;6,71
06,11.2019 10:37:22;34.2;0.32;283.4;62.699205183698;279.99;Module 1,11_4;71.7;10,94;24,10;0,17;4,13;6,82
06,11.2019 10:39:15;34.3;0.36;283.4;68.19964208292613;280.07;Module 1,11_4;77.87;12,35;26,20;0,19;4,88;7,46
06,11.2019 10:41:11;34.6;0.35;283.4;67.74313247677077;280.12;Module 1,11_4;77.23;12,11;26,02;0,19;4,82;7,29
06,11.2019 10:43:04;34.7;0.34;284.4;66.91939748627446;280.17;Module 1,11_4;76.18;11,80;25,72;0,18;4,71;7,09
06,11.2019 10:44:57;35;0.38;284.4;74.060400112428;280.22;Module 1,11_4;84.19;13,30;28,35;0,20;5,76;7,54
06,11.2019 10:46:52;35.2;0.45;284.9;88.71690592392699;280.3;Module 1,11_4;100.71;15,84;32,43;0,25;8,22;7,62
06,11.2019 10:48:59;35.5;0.52;284.9;105.05700982851852;280.4;Module 1,11_4;119.08;18,46;34,47;0,33;11,21;7,25
06,11.2019 10:50:52;36.2;0.55;285.9;113.29420536830182;280.46;Module 1,11_4;128.25;19,91;34,88;0,37;12,76;7,15
06,11.2019 10:52:44;36.5;0.61;285.9;139.33430595523444;280.57;Module 1,11_4;157.53;22,27;35,95;0,49;17,79;4,48
06,11.2019 10:54:44;38.9;0.81;287.9;273.4004028457325;280.78;Module 1,11_4;308.7;31,51;37,22;1,19;44,18;-12,67
06,11.2019 10:56:43;36.5;1.71;287.9;401.8035691686317;281.2;Module 1,11_4;453.11;62,41;37,52;1,85;69,58;-7,16
06,11.2019 10:58:36;36.5;0.88;287.9;227.81018248189557;281.75;Module 1,11_4;256.6;32,12;36,95;0,95;35,12;-3,00
06,11.2019 11:00:29;37.4;0.76;287.9;169.41647249829225;281.85;Module 1,11_4;190.61;28,42;36,28;0,65;23,58;4,84
06,11.2019 11:02:26;36.9;0.8;287.9;171.07901267660193;281.81;Module 1,11_4;192.26;29,52;36,30;0,66;23,91;5,61
06,11.2019 11:04:57;38.3;1.31;288.4;301.1149971717414;281.87;Module 1,11_4;337.91;50,17;37,24;1,33;49,59;0,58
06,11.2019 11:06:49;38.5;1.14;288.4;281.2845123350383;282.17;Module 1,11_4;315.33;43,89;37,17;1,23;45,66;-1,77
06,11.2019 11:08:47;38;1.54;289.9;347.4676281324745;282.39;Module 1,11_4;389.11;58,52;37,10;1,57;58,42;0,10
06,11.2019 11:10:40;37.2;0.83;289.9;168.9050771187843;282.63;Module 1,11_4;188.96;30,88;35,93;0,65;23,35;7,52
06,11.2019 11:12:33;36.4;0.74;289.9;150.09139273741116;282.57;Module 1,11_4;167.75;26,94;35,55;0,55;19,70;7,23
06,11.2019 11:14:26;36.3;0.72;289.9;150.90495038676312;282.42;Module 1,11_4;168.5;26,14;35,58;0,56;19,86;6,28
06,11.2019 11:16:18;37;0.64;289.9;134.01141399146428;282.27;Module 1,11_4;149.5;23,68;35,13;0,47;16,61;7,07
06,11.2019 11:18:11;36.3;0.58;289.9;124.06550724002739;282.1;Module 1,11_4;138.28;21,05;34,77;0,42;14,72;6,33
06,11.2019 11:20:28;36.8;0.56;289.9;122.81433247356776;281.93;Module 1,11_4;136.74;20,61;34,72;0,42;14,48;6,13
06,11.2019 11:22:25;36.2;0.57;289.9;121.44868495380112;281.79;Module 1,11_4;135.1;20,63;34,66;0,41;14,22;6,41
06,11.2019 11:24:18;36;0.58;289.9;121.93684897000406;281.78;Module 1,11_4;135.53;20,88;34,68;0,41;14,32;6,56
06,11.2019 11:26:11;36;0.59;289.9;124.54840545394279;281.71;Module 1,11_4;138.32;21,24;34,79;0,43;14,81;6,43
06,11.2019 11:28:04;36;0.63;289.9;131.7846618297681;281.67;Module 1,11_4;146.24;22,68;35,05;0,46;16,19;6,49
06,11.2019 11:29:58;36;0.72;289.9;148.10347364273366;281.71;Module 1,11_4;164.22;25,92;35,52;0,54;19,32;6,60
06,11.2019 11:31:50;36.1;0.76;289.9;154.63204232542222;281.84;Module 1,11_4;171.33;27,44;35,66;0,58;20,58;6,85
06,11.2019 11:33:43;36;0.71;289.9;147.50310838283187;281.93;Module 1,11_4;163.31;25,56;35,50;0,54;19,20;6,36
06,11.2019 11:35:49;35.9;0.6;289.9;122.23968447826152;281.96;Module 1,11_4;135.23;21,54;34,70;0,41;14,37;7,17
06,11.2019 11:37:42;35.7;0.55;289.9;112.68333823807335;281.96;Module 1,11_4;124.57;19,64;34,23;0,37;12,58;7,06
06,11.2019 11:39:37;35.4;0.49;289.9;101.50173392406164;281.94;Module 1,11_4;112.13;17,35;33,45;0,31;10,51;6,84
06,11.2019 11:41:30;34.6;0.52;289.9;105.00338470023074;281.9;Module 1,11_4;115.92;17,99;33,73;0,33;11,15;6,84
06,11.2019 11:43:24;34.8;0.58;288.4;116.73002309356666;281.85;Module 1,11_4;128.78;20,18;34,68;0,39;13,37;6,82
06,11.2019 11:45:17;35.3;0.64;288.4;126.70090604253772;281.92;Module 1,11_4;139.69;22,59;35,12;0,43;15,26;7,33
06,11.2019 11:47:11;35.4;0.66;288.4;131.33768203777342;282.01;Module 1,11_4;144.71;23,36;35,29;0,46;16,15;7,21
06,11.2019 11:49:04;35.4;0.67;288.4;133.05338367577443;282.07;Module 1,11_4;146.51;23,72;35,34;0,47;16,48;7,24
06,11.2019 11:51:29;35.6;0.76;289.9;153.7234013867091;282.27;Module 1,11_4;169.14;27,06;35,64;0,57;20,41;6,65
06,11.2019 11:53:23;35.9;0.86;289.9;175.50324801799377;282.41;Module 1,11_4;192.99;30,87;36,03;0,68;24,64;6,24
06,11.2019 11:55:17;36.1;0.83;289.9;172.91133928785348;282.46;Module 1,11_4;190.03;29,96;35,99;0,67;24,13;5,83
06,11.2019 11:57:09;36.5;0.91;289.9;234.6246659276215;282.57;Module 1,11_4;257.71;33,22;36,66;0,99;36,23;-3,01
06,11.2019 11:59:05;37.8;2.77;289.9;621.292863687797;282.85;Module 1,11_4;682.04;104,71;37,02;3,00;111,06;-6,35
06,11.2019 12:00:58;36.9;1.67;290.4;333.6438568828774;283.7;Module 1,11_4;366.07;61,62;36,98;1,50;55,60;6,02
06,11.2019 12:02:51;36.9;0.85;290.4;176.26990571271884;284.02;Module 1,11_4;193.3;31,36;35,96;0,69;24,75;6,61
06,11.2019 12:04:47;35.5;0.62;290.4;134.9405920495325;283.99;Module 1,11_4;147.9;22,01;35,07;0,48;16,77;5,24
06,11.2019 12:07:00;34.5;0.81;291.9;178.59325658180205;283.65;Module 1,11_4;195.63;27,95;35,73;0,70;25,09;2,85
06,11.2019 12:09:07;35.4;0.75;291.9;153.2341104811422;283.53;Module 1,11_4;167.76;26,55;35,29;0,57;20,21;6,34
06,11.2019 12:11:00;34.8;0.8;291.9;166.07334203669882;283.41;Module 1,11_4;181.73;27,84;35,54;0,64;22,67;5,17
06,11.2019 12:12:53;35.4;1.2;291.9;259.2506935190528;283.62;Module 1,11_4;283.56;42,48;36,46;1,12;40,79;1,69
06,11.2019 12:14:45;36.2;0.81;291.9;161.69757644187177;283.85;Module 1,11_4;176.78;29,32;35,45;0,62;21,83;7,49
06,11.2019 12:16:38;34.5;0.63;291.9;121.16688057518867;283.73;Module 1,11_4;132.41;21,73;34,32;0,41;14,12;7,61
06,11.2019 12:18:31;34.1;0.52;291.9;98.90907406207471;283.48;Module 1,11_4;108.04;17,73;32,93;0,30;10,02;7,71
06,11.2019 12:20:24;34.5;0.81;291.9;152.0350804555352;283.39;Module 1,11_4;166;27,95;35,26;0,57;19,98;7,97
06,11.2019 12:22:35;35.2;0.82;291.9;151.7231552056848;283.38;Module 1,11_4;165.58;28,86;35,26;0,56;19,92;8,95
06,11.2019 12:24:28;34.7;0.5;291.4;97.60841420535073;283.43;Module 1,11_4;106.48;17,35;32,88;0,30;9,79;7,56
06,11.2019 12:26:21;34.2;0.43;291.4;83.8545513064706;283.36;Module 1,11_4;91.44;14,71;30,90;0,24;7,38;7,32
06,11.2019 12:28:14;33.9;0.48;291.4;93.57457253388893;283.21;Module 1,11_4;102;16,27;32,44;0,28;9,07;7,20
06,11.2019 12:30:07;34.1;0.47;290.4;90.34261592728416;283.11;Module 1,11_4;98.44;16,03;32,13;0,26;8,50;7,52
06,11.2019 12:32:00;34;0.41;290.4;80.59825999103663;283.03;Module 1,11_4;87.79;13,94;30,22;0,23;6,83;7,11
06,11.2019 12:33:52;33.9;0.45;290.4;87.4047693717811;282.99;Module 1,11_4;95.17;15,25;31,66;0,25;7,99;7,27
06,11.2019 12:35:45;34.4;0.5;290.4;98.82762944133935;282.97;Module 1,11_4;107.57;17,20;33,13;0,30;10,02;7,18
06,11.2019 12:38:28;34.7;0.6;290.4;116.20266227370858;283.01;Module 1,11_4;126.42;20,82;34,34;0,39;13,23;7,59
06,11.2019 12:40:21;34.6;0.61;289.9;113.4458017208254;283.14;Module 1,11_4;123.38;21,11;34,27;0,37;12,72;8,39
06,11.2019 12:42:14;34.5;0.57;289.9;108.34997718012869;283.21;Module 1,11_4;117.8;19,66;33,96;0,35;11,77;7,89
06,11.2019 12:44:07;34.5;0.51;289.9;96.4047318129277;283.21;Module 1,11_4;104.78;17,59;32,96;0,29;9,58;8,01
06,11.2019 12:46:03;34.4;0.51;289.9;99.7299183380953;283.17;Module 1,11_4;108.36;17,54;33,29;0,31;10,19;7,36
06,11.2019 12:47:57;34.7;0.69;290.4;130.84055681457886;283.12;Module 1,11_4;142.12;23,94;34,94;0,46;15,99;7,95
06,11.2019 12:49:50;35.4;0.69;290.4;131.10882441869921;283.05;Module 1,11_4;142.37;24,43;34,95;0,46;16,04;8,38
06,11.2019 12:51:43;35.4;0.66;290.4;127.73765776355629;283.03;Module 1,11_4;138.67;23,36;34,83;0,44;15,40;7,96
06,11.2019 12:53:39;35.3;0.71;289.9;134.83192051696022;283.01;Module 1,11_4;146.33;25,06;35,15;0,48;16,77;8,29
06,11.2019 12:55:37;35.1;0.49;289.9;91.1911843659843;282.93;Module 1,11_4;98.94;17,20;32,31;0,27;8,65;8,55
06,11.2019 12:57:31;34.8;0.4;289.9;75.67153302911694;282.9;Module 1,11_4;82.08;13,92;28,82;0,21;6,04;7,88
06,11.2019 12:59:25;34.1;0.5;289.9;94.86259662982599;282.82;Module 1,11_4;102.87;17,05;32,78;0,28;9,31;7,74
06,11.2019 13:01:18;34.6;0.48;289.9;89.37010341049319;282.73;Module 1,11_4;96.89;16,61;32,04;0,26;8,33;8,28
06,11.2019 13:03:11;34.4;0.48;289.9;92.16856033739629;282.71;Module 1,11_4;99.9;16,51;32,45;0,27;8,83;7,69
06,11.2019 13:05:03;34.5;0.44;289.9;81.80807880641586;282.66;Module 1,11_4;88.65;15,18;30,55;0,23;7,03;8,15
06,11.2019 13:06:56;34.2;0.44;288.4;81.17120621079232;282.63;Module 1,11_4;87.94;15,05;30,48;0,23;6,92;8,12
06,11.2019 13:09:18;34.3;0.51;288.4;95.61514435550677;282.63;Module 1,11_4;103.56;17,49;33,06;0,29;9,45;8,04
06,11.2019 13:11:11;34.3;0.32;288.4;59.18565068203773;282.66;Module 1,11_4;64.09;10,98;22,80;0,16;3,69;7,28
06,11.2019 13:13:05;34;0.39;288.4;73.35765728452442;282.68;Module 1,11_4;79.42;13,26;28,08;0,20;5,67;7,59
06,11.2019 13:14:58;34.3;0.46;288.4;88.95749286864879;282.74;Module 1,11_4;96.29;15,78;32,13;0,26;8,26;7,52
06,11.2019 13:16:55;34.7;0.55;288.4;106.60561637255192;282.84;Module 1,11_4;115.37;19,09;34,07;0,34;11,47;7,62
06,11.2019 13:18:48;34.9;0.58;288.4;112.49395968265709;282.9;Module 1,11_4;121.72;20,24;34,45;0,36;12,57;7,68
06,11.2019 13:20:41;35.2;0.62;288.4;120.58370938750869;282.97;Module 1,11_4;130.45;21,82;34,86;0,40;14,10;7,73
06,11.2019 13:22:42;35.5;0.67;288.4;131.97765027975015;283.12;Module 1,11_4;142.75;23,79;35,30;0,46;16,27;7,51
06,11.2019 13:24:55;35.5;0.68;288.4;134.66636554953004;283.3;Module 1,11_4;145.63;24,14;35,40;0,47;16,79;7,35
06,11.2019 13:26:50;35.5;0.75;288.4;146.93315490971324;283.39;Module 1,11_4;158.87;26,63;35,73;0,54;19,16;7,46
06,11.2019 13:28:44;35.8;0.84;288.4;166.26043301567051;283.54;Module 1,11_4;179.74;30,07;36,14;0,63;22,93;7,14
06,11.2019 13:30:37;35.6;0.72;289.9;142.24017803977824;283.71;Module 1,11_4;153.75;25,63;35,37;0,51;18,19;7,44
06,11.2019 13:32:44;34.7;0.58;289.9;112.56998201874323;283.85;Module 1,11_4;121.66;20,13;34,22;0,37;12,56;7,57
06,11.2019 13:34:39;34.5;0.49;289.9;94.93758117331575;283.91;Module 1,11_4;102.59;16,91;32,79;0,28;9,32;7,58
06,11.2019 13:36:32;34.1;0.48;289.9;92.73753122660491;283.96;Module 1,11_4;100.2;16,37;32,52;0,27;8,93;7,44
06,11.2019 13:38:25;34.1;0.41;289.9;73.6898183330729;283.89;Module 1,11_4;79.61;13,98;28,17;0,20;5,73;8,25
06,11.2019 13:40:20;34;0.31;289.9;59.293800487339176;283.85;Module 1,11_4;64.05;10,54;22,85;0,16;3,71;6,83
06,11.2019 13:42:13;33.6;0.29;289.9;56.3097188956729;283.77;Module 1,11_4;60.82;9,74;21,70;0,15;3,35;6,40
06,11.2019 13:44:08;33.5;0.3;289.9;58.6674300744001;283.71;Module 1,11_4;63.36;10,05;22,61;0,16;3,63;6,42
06,11.2019 13:46:01;33.5;0.29;289.9;56.28389568272129;283.64;Module 1,11_4;60.78;9,71;21,70;0,15;3,34;6,37
06,11.2019 13:47:56;33.7;0.34;289.9;64.27211100119553;283.55;Module 1,11_4;69.4;11,46;24,75;0,18;4,36;7,10
06,11.2019 13:49:49;33.8;0.3;288.4;58.303573874049604;283.47;Module 1,11_4;62.95;10,14;22,46;0,16;3,58;6,56
06,11.2019 13:51:41;33.8;0.35;288.4;69.22867514252285;283.39;Module 1,11_4;74.74;11,83;26,59;0,19;5,05;6,78
06,11.2019 13:53:34;34.3;0.54;288.4;105.39744359115781;283.42;Module 1,11_4;113.78;18,52;33,98;0,33;11,24;7,28
06,11.2019 13:56:00;34.7;0.52;288.4;97.63377492840058;283.48;Module 1,11_4;105.39;18,04;33,29;0,29;9,81;8,23
06,11.2019 13:57:53;34.4;0.4;288.4;75.70092935782672;283.48;Module 1,11_4;81.71;13,76;28,87;0,21;6,03;7,73
06,11.2019 13:59:46;34;0.38;289.9;69.56215289145659;283.42;Module 1,11_4;75.08;12,92;26,72;0,19;5,11;7,81
06,11.2019 14:01:39;33.8;0.26;289.9;47.21699493328826;283.33;Module 1,11_4;50.96;8,79;18,20;0,13;2,35;6,43
06,11.2019 14:03:34;33.6;0.17;288.4;30.623742887412362;283.07;Module 1,11_4;33.05;5,71;11,80;0,08;0,99;4,72
06,11.2019 14:05:26;33;0.25;288.4;43.189756097196494;282.72;Module 1,11_4;46.61;8,25;16,64;0,12;1,97;6,28
06,11.2019 14:07:10;33.3;0.35;288.4;60.917609493970964;282.37;Module 1,11_4;65.74;11,65;23,46;0,17;3,91;7,74
06,11.2019 14:09:23;33.8;0.31;287.9;58.69521786031159;281.97;Module 1,11_4;63.34;10,48;22,60;0,16;3,63;6,85
06,11.2019 14:11:22;34;0.4;287.9;77.01674840092663;281.83;Module 1,11_4;83.11;13,60;29,30;0,21;6,24;7,36
06,11.2019 14:13:17;34.4;0.54;287.9;106.23614727064802;281.78;Module 1,11_4;114.64;18,58;34,12;0,33;11,40;7,17
06,11.2019 14:15:09;35.1;0.61;287.9;123.8066883598076;281.8;Module 1,11_4;133.6;21,41;35,09;0,42;14,72;6,69
06,11.2019 14:17:02;35.9;0.74;287.9;151.3570007348151;281.88;Module 1,11_4;163.33;26,57;35,93;0,56;20,05;6,52
06,11.2019 14:18:57;36.2;0.88;288.4;181.9085086082256;282.03;Module 1,11_4;196.3;31,86;36,38;0,71;26,00;5,85
06,11.2019 14:20:50;36.4;1.12;288.4;225.03313994232147;282.23;Module 1,11_4;242.84;40,77;36,84;0,94;34,51;6,25
06,11.2019 14:22:47;36.6;1.21;289.9;244.36744349461895;282.58;Module 1,11_4;263.71;44,29;36,72;1,04;38,15;6,14
06,11.2019 14:24:40;36.4;1.22;289.9;250.2077470480111;282.86;Module 1,11_4;270.02;44,41;36,76;1,07;39,30;5,11
06,11.2019 14:26:36;36.3;1.1;289.9;224.21735532108045;283.12;Module 1,11_4;241.98;39,93;36,57;0,93;34,18;5,75
06,11.2019 14:28:30;36.1;1.04;289.9;205.19531324698048;283.26;Module 1,11_4;221.46;37,54;36,40;0,84;30,45;7,10
06,11.2019 14:30:25;36;0.93;289.9;184.02402008462994;283.31;Module 1,11_4;198.62;33,48;36,16;0,73;26,30;7,18
06,11.2019 14:32:18;35.8;0.86;289.9;176.32460479933616;283.32;Module 1,11_4;190.32;30,79;36,05;0,69;24,80;5,99
06,11.2019 14:34:34;36.3;1.15;289.9;237.0093544594922;283.27;Module 1,11_4;255.84;41,74;36,67;1,00;36,70;5,05
06,11.2019 14:36:27;37.9;3.52;289.9;740.5302550210471;283.38;Module 1,11_4;799.42;133,41;36,78;3,62;133,15;0,25
06,11.2019 14:38:10;36.9;3.3;290.4;635.5246585629027;284.1;Module 1,11_4;686.11;121,77;36,91;3,07;113,48;8,29
06,11.2019 14:40:03;36.6;3.29;290.4;695.547066623024;284.97;Module 1,11_4;750.97;120,41;36,79;3,39;124,62;-4,20
06,11.2019 14:42:07;36.6;2.36;292.5;467.0464415343765;285.6;Module 1,11_4;504.31;86,38;36,73;2,20;80,83;5,55
06,11.2019 14:43:59;35.8;2.95;292.5;703.5741358878463;285.74;Module 1,11_4;759.78;105,61;36,41;3,43;124,96;-19,35
06,11.2019 14:45:52;36.1;3.02;292.5;627.7065434632303;286.1;Module 1,11_4;677.92;109,02;36,56;3,04;111,03;-2,01
06,11.2019 14:47:45;36;1.7;294;283.8780957687597;286.53;Module 1,11_4;306.62;61,20;36,21;1,25;45,23;15,97
06,11.2019 14:49:43;35.6;1.73;294;277.1233060357188;286.42;Module 1,11_4;299.36;61,59;36,18;1,21;43,93;17,66
06,11.2019 14:51:48;34.2;0.77;295.5;149.80734463522487;286.01;Module 1,11_4;161.85;26,33;34,59;0,56;19,37;6,97
06,11.2019 14:53:40;34;0.73;295.5;145.29022358043494;285.67;Module 1,11_4;156.99;24,82;34,49;0,54;18,52;6,30
06,11.2019 14:55:33;34.5;0.93;295.5;165.35030573399814;285.24;Module 1,11_4;178.69;32,09;34,91;0,64;22,30;9,78
06,11.2019 14:57:27;34.4;0.76;294.5;149.77334292514655;284.98;Module 1,11_4;161.88;26,14;34,77;0,56;19,41;6,73
06,11.2019 14:59:21;34.2;0.62;294.5;123.31182984406422;284.66;Module 1,11_4;133.3;21,20;33,98;0,43;14,45;6,75
06,11.2019 15:01:14;34.1;0.55;294;112.57226224356866;284.35;Module 1,11_4;121.71;18,76;33,57;0,37;12,48;6,27
06,11.2019 15:03:07;34.3;0.71;294;141.48010310871967;284.12;Module 1,11_4;152.99;24,35;34,65;0,52;17,87;6,48
06,11.2019 15:05:01;35.6;0.74;294;151.73664353330824;284.08;Module 1,11_4;164.11;26,34;34,90;0,57;19,81;6,53
06,11.2019 15:07:02;35;0.7;294;145.02322133707665;283.97;Module 1,11_4;156.88;24,50;34,74;0,53;18,54;5,96
06,11.2019 15:08:55;34.9;0.62;294;128.7563972153012;283.83;Module 1,11_4;139.31;21,64;34,27;0,45;15,48;6,16
06,11.2019 15:10:50;34.7;0.6;292.5;124.85834578162493;283.69;Module 1,11_4;135.12;20,82;34,38;0,43;14,80;6,02
06,11.2019 15:12:43;34.7;0.66;292.5;135.02247239757068;283.61;Module 1,11_4;146.15;22,90;34,72;0,48;16,71;6,19
06,11.2019 15:14:35;34.8;0.61;291.9;126.90210207642258;283.57;Module 1,11_4;137.39;21,23;34,55;0,44;15,20;6,03
06,11.2019 15:16:28;36.4;0.79;291.9;330.9569125949806;283.62;Module 1,11_4;358.39;28,76;36,72;1,49;54,76;-26,00
06,11.2019 15:19:47;37;1.01;292.5;237.30218023713962;284.7;Module 1,11_4;257.08;37,37;36,22;1,01;36,43;0,94
06,11.2019 15:21:40;36;1.38;292.5;455.9456409536175;284.96;Module 1,11_4;494.07;49,68;36,73;2,14;78,71;-29,03
06,11.2019 15:23:37;36.5;2.15;292.5;434.5664563609098;285.6;Module 1,11_4;471.03;78,47;36,73;2,03;74,62;3,86
06,11.2019 15:25:30;35.4;1.03;294;206.44710284249322;285.84;Module 1,11_4;223.83;36,46;35,70;0,85;30,28;6,18
06,11.2019 15:27:22;34.8;0.96;294;191.3876569635505;285.71;Module 1,11_4;207.56;33,41;35,54;0,77;27,39;6,02
06,11.2019 15:29:15;35;1.15;294;204.99365694461903;285.6;Module 1,11_4;222.38;40,25;35,69;0,84;30,00;10,25
06,11.2019 15:31:09;34.7;0.82;294;164.4946640136041;285.53;Module 1,11_4;178.5;28,45;35,15;0,63;22,24;6,22
06,11.2019 15:33:03;36.1;0.68;294;132.27321206707595;285.51;Module 1,11_4;143.58;24,55;34,38;0,47;16,14;8,41
06,11.2019 15:35:01;33.8;0.47;294;94.43347538143902;285.43;Module 1,11_4;102.54;15,89;32,20;0,29;9,21;6,67
06,11.2019 15:37:02;33.4;0.33;294;63.23709461166548;285.07;Module 1,11_4;68.69;11,02;24,38;0,17;4,23;6,79
06,11.2019 15:38:58;33.2;0.21;294;40.870140462245104;284.79;Module 1,11_4;44.41;6,97;15,78;0,11;1,77;5,20
06,11.2019 15:40:50;33.1;0.14;294;29.880559877896786;284.52;Module 1,11_4;32.48;4,63;11,54;0,08;0,95;3,69
06,11.2019 15:42:43;31.7;0.16;294;29.11552514121289;284.3;Module 1,11_4;31.66;5,07;11,24;0,08;0,90;4,17
06,11.2019 15:44:41;31.7;0.21;290.4;40.07089904927239;284.11;Module 1,11_4;43.59;6,66;15,45;0,11;1,70;4,96
06,11.2019 15:46:34;32.1;0.29;290.4;57.04588522808369;283.96;Module 1,11_4;62.08;9,31;21,99;0,16;3,44;5,87
06,11.2019 15:48:27;32.5;0.37;289.9;70.29579418464574;283.85;Module 1,11_4;76.53;12,03;26,98;0,19;5,21;6,81
06,11.2019 15:50:19;33.5;0.41;289.9;78.58538206425939;283.79;Module 1,11_4;85.59;13,73;29,70;0,22;6,50;7,23
06,11.2019 15:52:50;34.2;0.42;289.9;81.83445685792489;283.8;Module 1,11_4;89.18;14,36;30,55;0,23;7,04;7,32
06,11.2019 15:54:34;34.3;0.39;289.9;77.96674597207024;283.78;Module 1,11_4;85;13,38;29,52;0,22;6,40;6,97
06,11.2019 15:56:28;34.8;0.45;289.9;95.18538439262352;283.76;Module 1,11_4;103.82;15,66;32,82;0,29;9,36;6,30
06,11.2019 15:58:10;35;0.66;289.9;130.4826776291318;283.85;Module 1,11_4;142.38;23,10;35,01;0,46;15,94;7,16
06,11.2019 16:00:04;35.7;1.42;289.9;191.3044494120895;284.14;Module 1,11_4;208.85;50,69;36,25;0,76;27,72;22,97
06,11.2019 16:01:59;35.6;0.74;289.9;145.88841532966217;284.35;Module 1,11_4;159.35;26,34;35,46;0,53;18,89;7,45
06,11.2019 16:03:54;34.9;0.62;290.4;121.47152727346341;284.42;Module 1,11_4;132.75;21,64;34,58;0,41;14,22;7,42
06,11.2019 16:05:47;34.3;0.51;290.4;97.91189623717617;284.41;Module 1,11_4;107.06;17,49;33,05;0,30;9,85;7,64
06,11.2019 16:08:06;33.8;0.31;290.4;61.19682200206872;284.31;Module 1,11_4;66.96;10,48;23,58;0,17;3,95;6,52
06,11.2019 16:10:09;33.5;0.17;290.4;35.04572951683327;284.05;Module 1,11_4;38.37;5,70;13,52;0,10;1,30;4,40
06,11.2019 16:12:01;33.3;0.08;290.4;20.547785661601473;283.83;Module 1,11_4;22.51;2,66;7,92;0,06;0,45;2,22
06,11.2019 16:13:54;32.9;0;289.9;11.522031499330705;283.57;Module 1,11_4;12.63;0,00;4,45;0,03;0,14;-0,14
06,11.2019 16:15:47;30.4;0.07;289.9;13.4111645934313;283.36;Module 1,11_4;14.71;2,13;5,17;0,04;0,19;1,94
06,11.2019 16:17:40;29.8;0.08;287.9;14.5869651051926;283.1;Module 1,11_4;16.01;2,38;5,62;0,04;0,22;2,16
06,11.2019 16:19:33;29.3;0.11;287.9;18.037207079180853;282.75;Module 1,11_4;19.81;3,22;6,95;0,05;0,34;2,88
06,11.2019 16:21:25;30;0.15;287.9;24.794555651236543;282.4;Module 1,11_4;27.25;4,50;9,55;0,07;0,65;3,85
06,11.2019 16:23:36;31.3;0.17;286.4;27.965312401252195;282.01;Module 1,11_4;30.76;5,32;10,77;0,08;0,82;4,50
06,11.2019 16:25:29;32.2;0.18;286.4;31.306236103218943;281.78;Module 1,11_4;34.46;5,80;12,05;0,09;1,03;4,76
06,11.2019 16:27:26;32.5;0.23;286.4;38.98875412020649;281.52;Module 1,11_4;42.95;7,48;15,01;0,11;1,60;5,87
06,11.2019 16:29:18;32.6;0.25;286.4;45.92498050352039;281.35;Module 1,11_4;50.63;8,15;17,68;0,13;2,22;5,93
06,11.2019 16:31:26;33.6;0.25;286.4;45.66565237711974;281.28;Module 1,11_4;50.39;8,40;17,58;0,12;2,20;6,20
06,11.2019 16:33:18;33.4;0.23;286.4;42.31391931360158;281.28;Module 1,11_4;46.73;7,68;16,29;0,12;1,88;5,80
06,11.2019 16:35:11;33.3;0.2;286.4;37.003124762421294;281.3;Module 1,11_4;40.9;6,66;14,24;0,10;1,44;5,22
06,11.2019 16:37:06;33;0.18;286.4;33.70670977360818;281.32;Module 1,11_4;37.29;5,94;12,98;0,09;1,20;4,74
06,11.2019 16:39:34;33.1;0.27;286.4;50.0704750635509;281.4;Module 1,11_4;55.46;8,94;19,27;0,14;2,64;6,30
06,11.2019 16:41:26;33.6;0.38;285.9;69.89365107109535;281.51;Module 1,11_4;77.49;12,77;26,84;0,19;5,14;7,63
06,11.2019 16:43:20;33.7;0.42;285.9;77.97912078234569;281.64;Module 1,11_4;86.54;14,15;29,66;0,22;6,39;7,76
06,11.2019 16:45:14;34.7;0.43;285.9;79.94264246718058;281.78;Module 1,11_4;88.81;14,92;30,26;0,22;6,71;8,21
06,11.2019 16:47:07;34.9;0.44;285.9;84.97534788347407;281.92;Module 1,11_4;94.5;15,36;31,57;0,24;7,56;7,79
06,11.2019 16:49:00;35.3;0.54;285.9;102.68636068645334;282.07;Module 1,11_4;114.32;19,06;34,13;0,32;10,76;8,30
06,11.2019 16:50:52;35.5;0.66;285.9;125.0393542024897;282.28;Module 1,11_4;139.36;23,43;35,46;0,42;15,01;8,42
06,11.2019 16:52:45;37.3;1.74;285.9;371.663997516801;282.64;Module 1,11_4;414.71;64,90;37,83;1,70;64,13;0,78
06,11.2019 16:54:43;37.6;0.66;289.9;129.50047842819427;283.28;Module 1,11_4;144.68;24,82;34,98;0,45;15,75;9,06
06,11.2019 16:56:36;35.8;0.58;289.9;127.81134599229567;283.39;Module 1,11_4;142.97;20,76;34,91;0,44;15,43;5,33
06,11.2019 16:58:29;35.3;0.49;289.9;97.4967303943221;283.31;Module 1,11_4;109.2;17,30;33,07;0,30;9,78;7,52
06,11.2019 17:00:22;35.1;0.44;289.9;86.1415875796937;283.18;Module 1,11_4;96.61;15,44;31,48;0,25;7,77;7,67
06,11.2019 17:02:16;35;0.38;289.9;75.53318644536309;283.03;Module 1,11_4;84.83;13,30;28,77;0,21;6,01;7,29
06,11.2019 17:04:13;34.7;0.39;288.4;75.83077120373366;282.92;Module 1,11_4;85.29;13,53;28,91;0,21;6,06;7,48
06,11.2019 17:06:07;34.6;0.39;288.4;75.20285415249535;282.83;Module 1,11_4;84.71;13,49;28,70;0,21;5,96;7,54
06,11.2019 17:08:00;34.4;0.34;288.4;67.63296997597462;282.77;Module 1,11_4;76.3;11,70;26,01;0,19;4,82;6,87
06,11.2019 17:10:14;34.3;0.3;288.4;57.64921222897607;282.71;Module 1,11_4;65.16;10,29;22,20;0,16;3,50;6,79
06,11.2019 17:12:07;34.3;0.29;288.4;56.31695359554589;282.71;Module 1,11_4;63.76;9,95;21,70;0,15;3,34;6,60
06,11.2019 17:14:01;34.2;0.36;288.4;67.00257281512143;282.75;Module 1,11_4;75.99;12,31;25,77;0,18;4,73;7,58
06,11.2019 17:15:53;34.3;0.47;288.4;88.13083872549498;282.85;Module 1,11_4;100.13;16,12;31,99;0,25;8,12;8,01
06,11.2019 17:17:49;36.2;0.51;288.4;98.13527129335206;282.98;Module 1,11_4;111.71;18,46;33,34;0,30;9,91;8,56
06,11.2019 17:19:43;34.5;0.45;288.4;84.06430679982705;283.08;Module 1,11_4;95.88;15,53;31,18;0,24;7,41;8,11
06,11.2019 17:21:36;34.7;0.49;288.4;89.74859729548817;283.15;Module 1,11_4;102.57;17,00;32,26;0,26;8,40;8,60
06,11.2019 17:23:29;34.7;0.46;288.4;84.1728388167784;283.17;Module 1,11_4;96.4;15,96;31,20;0,24;7,43;8,53
06,11.2019 17:26:03;34.4;0.32;288.4;58.648403023735526;283.14;Module 1,11_4;67.37;11,01;22,59;0,16;3,63;7,38
06,11.2019 17:28:04;34.1;0.3;288.4;54.577775823516795;283.06;Module 1,11_4;62.85;10,23;21,02;0,15;3,14;7,09
06,11.2019 17:29:57;33.9;0.29;288.4;53.32807843925845;282.97;Module 1,11_4;61.56;9,83;20,55;0,15;3,00;6,83
06,11.2019 17:31:50;35.1;0.27;288.4;57.63458981850408;282.94;Module 1,11_4;66.7;9,48;22,20;0,16;3,50;5,97
06,11.2019 17:33:49;34.2;0.24;288.4;45.3501368084017;282.92;Module 1,11_4;52.63;8,21;17,48;0,12;2,17;6,04
06,11.2019 17:35:51;33.9;0.25;288.4;46.88083118306401;282.9;Module 1,11_4;54.57;8,47;18,06;0,13;2,32;6,16
06,11.2019 17:37:44;33.9;0.27;288.4;49.54534196663012;282.9;Module 1,11_4;57.84;9,15;19,09;0,14;2,59;6,56
06,11.2019 17:39:38;34;0.29;288.4;53.013513333520955;282.89;Module 1,11_4;62.08;9,86;20,42;0,15;2,96;6,90
06,11.2019 17:41:31;34.1;0.27;287.9;49.57502347349104;282.88;Module 1,11_4;58.24;9,21;19,09;0,14;2,59;6,62
06,11.2019 17:43:23;33.9;0.26;287.9;46.32168655053404;282.85;Module 1,11_4;54.6;8,81;17,84;0,13;2,26;6,55
06,11.2019 17:45:21;33.7;0.24;287.9;43.1076862823315;282.79;Module 1,11_4;51;8,09;16,60;0,12;1,96;6,13
06,11.2019 17:47:14;33.8;0.24;287.9;43.96597117762325;282.75;Module 1,11_4;52.21;8,11;16,94;0,12;2,04;6,07
06,11.2019 17:49:23;33.7;0.24;287.9;43.61730871459596;282.7;Module 1,11_4;52.03;8,09;16,80;0,12;2,00;6,08
06,11.2019 17:51:16;33.7;0.25;287.9;42.80915050932355;282.67;Module 1,11_4;51.28;8,43;16,49;0,12;1,93;6,49
06,11.2019 17:53:10;33.7;0.22;287.9;38.64602649914356;282.62;Module 1,11_4;46.5;7,41;14,88;0,11;1,57;5,84
06,11.2019 17:55:07;33.6;0.2;287.9;34.73724614795219;282.57;Module 1,11_4;42;6,72;13,38;0,10;1,27;5,45
06,11.2019 17:57:00;33.3;0.19;287.9;33.25657409846374;282.51;Module 1,11_4;40.41;6,33;12,81;0,09;1,17;5,16
06,11.2019 17:58:52;33.3;0.18;287.9;31.462264860057946;282.46;Module 1,11_4;38.43;5,99;12,12;0,09;1,04;4,95
06,11.2019 18:00:45;33;0.17;287.9;29.519842767854414;282.42;Module 1,11_4;36.26;5,61;11,37;0,08;0,92;4,69
06,11.2019 18:02:38;32.6;0.15;287.9;27.725653592685546;282.36;Module 1,11_4;34.26;4,89;10,68;0,08;0,81;4,08
06,11.2019 18:04:34;32.4;0.14;287.9;25.23735890842684;282.31;Module 1,11_4;31.39;4,54;9,72;0,07;0,67;3,86
06,11.2019 18:06:27;32.1;0.13;285.9;23.285041718798993;282.25;Module 1,11_4;29.16;4,17;8,96;0,06;0,57;3,60
06,11.2019 18:08:20;31.9;0.13;285.9;21.98974349989395;282.2;Module 1,11_4;27.74;4,15;8,46;0,06;0,51;3,64
06,11.2019 18:10:23;31.7;0.11;285.9;19.30261028618766;282.16;Module 1,11_4;24.56;3,49;7,43;0,05;0,39;3,10
06,11.2019 18:12:16;31.3;0.1;285.9;16.49715315680804;282.11;Module 1,11_4;21.17;3,13;6,35;0,05;0,29;2,84
06,11.2019 18:14:09;31.1;0.08;285.9;13.272945930694119;282.07;Module 1,11_4;17.19;2,49;5,11;0,04;0,19;2,30
06,11.2019 18:16:02;30.8;0.07;285.9;11.145979188326692;282.05;Module 1,11_4;14.58;2,16;4,29;0,03;0,13;2,03
06,11.2019 18:17:56;30.1;0;285.9;9.081386270875207;282.03;Module 1,11_4;12.01;0,00;3,49;0,02;0,09;-0,09
06,11.2019 18:19:57;29.4;0;283.4;7.047885187870024;282.03;Module 1,11_4;9.44;0,00;2,71;0,02;0,05;-0,05
06,11.2019 18:21:52;28.5;0;283.4;5.960219867843249;282.03;Module 1,11_4;8.09;0,00;2,29;0,02;0,04;-0,04
06,11.2019 18:23:54;29.7;0;283.4;4.598653542927296;282.03;Module 1,11_4;6.34;0,00;1,77;0,01;0,02;-0,02
06,11.2019 18:25:48;31.7;0;283.4;3.4685451548886315;282.04;Module 1,11_4;4.86;0,00;1,34;0,01;0,01;-0,01
06,11.2019 18:27:45;28.7;0;283.4;2.9074660579472553;282.04;Module 1,11_4;4.15;0,00;1,12;0,01;0,01;-0,01
06,11.2019 18:29:40;29.8;0;283.4;2.6770462105235318;282.04;Module 1,11_4;3.9;0,00;1,03;0,01;0,01;-0,01
06,11.2019 18:31:36;29.1;0;283.4;2.2398639425205937;282.07;Module 1,11_4;3.34;0,00;0,86;0,01;0,01;-0,01
06,11.2019 18:33:19;25.9;0;283.4;1.8408687095663177;282.07;Module 1,11_4;2.81;0,00;0,71;0,01;0,00;-0,00
06,11.2019 18:35:14;22.6;0;283.4;1.3353746899761327;282.07;Module 1,11_4;2.1;0,00;0,52;0,00;0,00;-0,00
06,11.2019 18:37:07;22.6;0;283.4;0.9896632251848291;282.08;Module 1,11_4;1.61;0,00;0,38;0,00;0,00;-0,00
06,11.2019 18:39:01;22.6;0;283.4;0.7913324377941444;282.09;Module 1,11_4;1.34;0,00;0,30;0,00;0,00;-0,00
07,11.2019 09:13:36;28.9;0;274.3;3.75822226587177;277.41;Module 1,11_4;5.18;0,00;1,44;0,01;0,01;-0,01
07,11.2019 09:15:29;33.1;0;274.3;4.427532812192799;277.42;Module 1,11_4;6.04;0,00;1,70;0,01;0,02;-0,02
07,11.2019 09:17:22;33.8;0;278.3;5.180877656769583;277.42;Module 1,11_4;7;0,00;1,98;0,01;0,03;-0,03
07,11.2019 09:19:14;34.4;0;278.3;5.727742178042547;277.42;Module 1,11_4;7.67;0,00;2,20;0,02;0,03;-0,03
07,11.2019 09:21:07;35.2;0;278.3;6.936274467147985;277.44;Module 1,11_4;9.21;0,00;2,66;0,02;0,05;-0,05
07,11.2019 09:23:01;28.9;0;279.9;7.751431651968861;277.47;Module 1,11_4;10.21;0,00;2,98;0,02;0,06;-0,06
07,11.2019 09:24:54;29.9;0;279.9;8.758303545777133;277.46;Module 1,11_4;11.45;0,00;3,36;0,02;0,08;-0,08
07,11.2019 09:26:46;30;0;278.3;9.875326666424394;277.45;Module 1,11_4;12.82;0,00;3,79;0,03;0,10;-0,10
07,11.2019 09:28:39;30.3;0.07;278.3;11.53918604025338;277.49;Module 1,11_4;14.88;2,12;4,43;0,03;0,14;1,98
07,11.2019 09:30:33;31.1;0.07;278.3;13.025856274450407;277.55;Module 1,11_4;16.69;2,18;5,00;0,04;0,18;2,00
07,11.2019 09:32:26;31.3;0.07;278.3;13.481249556706569;277.59;Module 1,11_4;17.17;2,19;5,17;0,04;0,19;2,00
07,11.2019 09:34:18;31.9;0.08;278.3;14.86058742773684;277.63;Module 1,11_4;18.82;2,55;5,70;0,04;0,23;2,32
07,11.2019 09:36:13;32.1;0.09;279.9;15.736829948619878;277.64;Module 1,11_4;19.82;2,89;6,04;0,04;0,26;2,63
07,11.2019 09:38:06;32.1;0.09;279.9;16.42479472117223;277.65;Module 1,11_4;20.58;2,89;6,30;0,04;0,28;2,61
07,11.2019 09:39:58;32.2;0.08;279.9;16.54515110793736;277.67;Module 1,11_4;20.63;2,58;6,35;0,05;0,29;2,29
07,11.2019 09:41:53;32.4;0.1;279.9;18.727538154199507;277.69;Module 1,11_4;23.24;3,24;7,19;0,05;0,37;2,87
07,11.2019 09:43:46;32.9;0.11;279.9;20.859474276208484;277.68;Module 1,11_4;25.77;3,62;8,01;0,06;0,46;3,16
07,11.2019 09:45:40;33;0.12;279.9;22.81949382849227;277.68;Module 1,11_4;28.07;3,96;8,76;0,06;0,55;3,41
07,11.2019 09:47:36;33.2;0.13;279.9;24.189057320929887;277.67;Module 1,11_4;29.63;4,32;9,29;0,07;0,61;3,70
07,11.2019 09:49:28;33.6;0.13;280.4;26.20905486204607;277.7;Module 1,11_4;31.98;4,37;10,06;0,07;0,72;3,65
07,11.2019 09:51:25;33.6;0.14;280.4;27.4793350286291;277.69;Module 1,11_4;33.4;4,70;10,55;0,07;0,79;3,91
07,11.2019 09:53:18;33.8;0.15;280.4;28.924216854370002;277.71;Module 1,11_4;35.03;5,07;11,11;0,08;0,88;4,19
07,11.2019 09:55:11;33.9;0.17;280.4;32.727883831462336;277.74;Module 1,11_4;39.5;5,76;12,57;0,09;1,12;4,64
07,11.2019 09:57:06;33.9;0.16;280.4;33.01309793697452;277.78;Module 1,11_4;39.71;5,42;12,68;0,09;1,14;4,28
07,11.2019 09:59:00;34.1;0.17;280.4;33.411309544406656;277.81;Module 1,11_4;40.06;5,80;12,83;0,09;1,17;4,63
07,11.2019 10:00:52;34.3;0.18;281.9;41.410219477620046;277.85;Module 1,11_4;49.5;6,17;15,91;0,11;1,80;4,38
07,11.2019 10:02:45;34.5;0.18;281.9;86.22013527321751;277.92;Module 1,11_4;102.76;6,21;32,14;0,24;7,77;-1,56
07,11.2019 10:04:38;34.5;0.17;281.9;142.59779737806687;278.14;Module 1,11_4;169.47;5,87;36,72;0,51;18,58;-12,71
07,11.2019 10:06:53;34.3;0.18;281.9;144.28816548951733;278.55;Module 1,11_4;170.92;6,17;36,77;0,51;18,91;-12,74
07,11.2019 10:08:46;34.3;0.18;281.9;155.53553997110603;278.81;Module 1,11_4;183.76;6,17;37,04;0,57;21,16;-14,99
07,11.2019 10:10:41;34.3;0.18;281.9;178.06857278977012;279.11;Module 1,11_4;209.84;6,17;37,45;0,69;25,70;-19,53
07,11.2019 10:12:34;34.5;0.18;281.9;185.81216908852775;279.39;Module 1,11_4;218.43;6,21;37,55;0,73;27,27;-21,06
07,11.2019 10:14:32;34.5;0.18;281.9;193.68185708193246;279.67;Module 1,11_4;227.12;6,21;37,66;0,77;28,86;-22,65
07,11.2019 10:16:25;35.5;0.19;281.9;198.3810437370995;279.89;Module 1,11_4;232.1;6,75;37,71;0,79;29,82;-23,07
07,11.2019 10:18:17;34.6;0.2;281.9;205.54005405805205;280.18;Module 1,11_4;239.95;6,92;37,78;0,83;31,27;-24,35
07,11.2019 10:20:13;34.3;0.21;282.4;210.7130065948524;280.57;Module 1,11_4;245.45;7,20;37,75;0,85;32,27;-25,07
07,11.2019 10:22:39;33.8;0.23;282.4;212.63411030837085;280.92;Module 1,11_4;247.03;7,77;37,77;0,86;32,66;-24,89
07,11.2019 10:24:32;36.8;0.23;281.9;215.83366087874813;281.14;Module 1,11_4;250.25;8,46;37,88;0,88;33,36;-24,90
07,11.2019 10:26:25;39.5;0.29;281.9;221.52900927353562;281.4;Module 1,11_4;256.36;11,46;37,93;0,91;34,52;-23,07
07,11.2019 10:28:19;40.3;0.97;285.9;227.2098854450063;281.59;Module 1,11_4;262.44;39,09;37,29;0,94;35,23;3,86
07,11.2019 10:30:13;36.1;1.09;285.9;229.5761564942515;281.75;Module 1,11_4;264.69;39,35;37,30;0,96;35,71;3,64
07,11.2019 10:32:06;35.9;1.11;285.9;233.71524602692614;281.92;Module 1,11_4;268.99;39,85;37,34;0,98;36,53;3,31
07,11.2019 10:33:59;35.7;1.14;283.4;239.99694711115148;282.03;Module 1,11_4;275.75;40,70;37,81;1,01;38,10;2,60
07,11.2019 10:35:52;34;1.2;283.4;256.1296223278591;282.06;Module 1,11_4;293.8;40,80;37,91;1,09;41,37;-0,57
07,11.2019 10:38:06;36;1.24;285.9;270.1808981075202;282.14;Module 1,11_4;309.33;44,64;37,55;1,17;43,84;0,80
07,11.2019 10:39:59;36.3;1.26;285.9;284.1510014745818;282.35;Module 1,11_4;324.82;45,74;37,62;1,24;46,64;-0,90
07,11.2019 10:41:53;36.4;1.31;285.9;289.32343487444496;282.49;Module 1,11_4;330.23;47,68;37,63;1,27;47,68;0,01
07,11.2019 10:43:46;36.4;1.35;285.9;291.9940359825741;282.7;Module 1,11_4;332.79;49,14;37,64;1,28;48,21;0,93
07,11.2019 10:45:42;36;1.4;285.9;296.92045540003403;282.89;Module 1,11_4;337.91;50,40;37,66;1,31;49,20;1,20
07,11.2019 10:47:25;36;1.32;287.9;250.36722727313358;283.03;Module 1,11_4;284.57;47,52;37,10;1,07;39,60;7,92
07,11.2019 10:49:18;35.2;1.49;287.9;304.4644911447471;283.02;Module 1,11_4;345.59;52,45;37,34;1,35;50,34;2,10
07,11.2019 10:51:16;35.4;1.49;287.9;311.658257005582;283.19;Module 1,11_4;353.27;52,75;37,37;1,39;51,77;0,98
07,11.2019 10:53:39;35.1;1.52;287.9;316.68576995866334;283.44;Module 1,11_4;358.39;53,35;37,38;1,41;52,77;0,58
07,11.2019 10:55:32;35;1.53;287.9;321.60769549137206;283.51;Module 1,11_4;363.51;53,55;37,39;1,44;53,74;-0,19
07,11.2019 10:57:25;34.8;1.56;287.9;326.5308709908395;283.56;Module 1,11_4;368.63;54,29;37,41;1,46;54,72;-0,43
07,11.2019 10:59:18;34.8;1.59;287.9;333.7255088262916;283.64;Module 1,11_4;376.31;55,33;37,42;1,50;56,14;-0,81
07,11.2019 11:01:16;34.7;1.64;287.9;340.9434582293886;283.67;Module 1,11_4;383.99;56,91;37,44;1,54;57,57;-0,66
07,11.2019 11:03:08;34;1.68;288.4;350.4224332644943;283.79;Module 1,11_4;394.23;57,12;37,37;1,59;59,34;-2,22
07,11.2019 11:05:01;33.3;1.72;288.4;357.63749949029597;283.8;Module 1,11_4;401.91;57,28;37,38;1,63;60,76;-3,48
07,11.2019 11:06:54;33;1.75;287.9;362.5775765983758;283.81;Module 1,11_4;407.03;57,75;37,47;1,65;61,85;-4,10
07,11.2019 11:09:23;33.1;1.78;287.9;369.9207276147322;283.78;Module 1,11_4;414.71;58,92;37,48;1,69;63,30;-4,38
07,11.2019 11:11:16;34.9;1.8;288.4;377.1484327427812;283.82;Module 1,11_4;422.39;62,82;37,41;1,73;64,60;-1,78
07,11.2019 11:13:08;35;1.83;288.4;386.66564343834307;283.97;Module 1,11_4;432.63;64,05;37,41;1,78;66,47;-2,42
07,11.2019 11:15:02;34.9;1.85;288.4;391.61794096090546;284.03;Module 1,11_4;437.75;64,56;37,42;1,80;67,44;-2,88
07,11.2019 11:16:55;35.4;1.84;289.9;401.1516678035775;284.1;Module 1,11_4;447.99;65,14;37,16;1,85;68,91;-3,77
07,11.2019 11:18:51;36.4;1.88;289.9;403.82003430014095;284.01;Module 1,11_4;450.55;68,43;37,17;1,87;69,43;-1,00
07,11.2019 11:20:45;36;1.88;291.4;408.7740736957815;284.1;Module 1,11_4;455.67;67,68;36,91;1,90;69,98;-2,30
07,11.2019 11:22:38;36.4;1.94;291.4;413.72474776777756;284.07;Module 1,11_4;460.79;70,62;36,91;1,92;70,93;-0,32
07,11.2019 11:24:40;35.4;1.97;291.4;421.0036315203926;284.14;Module 1,11_4;468.47;69,74;36,92;1,96;72,34;-2,60
07,11.2019 11:26:35;35.4;2.02;291.9;428.26408522732663;284.25;Module 1,11_4;476.15;71,51;36,84;2,00;73,59;-2,08
07,11.2019 11:28:28;35.4;2.05;291.9;435.521694449886;284.35;Module 1,11_4;483.83;72,57;36,84;2,04;74,98;-2,41
07,11.2019 11:30:21;35.4;2.07;292.5;440.47629130721975;284.42;Module 1,11_4;488.95;73,28;36,73;2,06;75,75;-2,47
07,11.2019 11:32:04;35.4;2.11;292.5;450.0160906839722;284.52;Module 1,11_4;499.19;74,69;36,73;2,11;77,58;-2,88
07,11.2019 11:33:56;35.4;2.08;292.5;443.422759115176;284.48;Module 1,11_4;491.51;73,63;36,73;2,08;76,31;-2,68
07,11.2019 11:35:49;35.5;1.84;294;383.6563583392349;284.47;Module 1,11_4;424.95;65,32;36,45;1,77;64,44;0,88
07,11.2019 11:37:43;35.4;2.18;294;464.8861239416037;284.64;Module 1,11_4;514.55;77,17;36,47;2,19;79,92;-2,75
07,11.2019 11:39:36;35.4;2.19;294;469.8413582011219;284.78;Module 1,11_4;519.67;77,53;36,47;2,22;80,86;-3,33
07,11.2019 11:41:29;35.3;2.22;294;470.16356608112073;284.83;Module 1,11_4;519.67;78,37;36,47;2,22;80,92;-2,55
07,11.2019 11:43:23;35.3;2.26;294;479.75225100040376;284.9;Module 1,11_4;529.91;79,78;36,47;2,27;82,73;-2,95
07,11.2019 11:45:16;35.3;2.22;294;475.42816493858163;284.84;Module 1,11_4;524.79;78,37;36,47;2,25;81,91;-3,55
07,11.2019 11:47:08;35.3;2.26;294;482.6920543717539;284.79;Module 1,11_4;532.47;79,78;36,47;2,28;83,29;-3,51
07,11.2019 11:49:01;35.3;2.3;294.5;494.6050390480873;284.92;Module 1,11_4;545.27;81,19;36,38;2,35;85,35;-4,16
07,11.2019 11:50:54;35.4;2.34;294.5;499.5550227998792;285;Module 1,11_4;550.39;82,84;36,37;2,37;86,28;-3,45
07,11.2019 11:52:47;35.4;2.38;294.5;509.15389553552774;285.07;Module 1,11_4;560.63;84,25;36,36;2,42;88,09;-3,83
07,11.2019 11:54:40;35.4;2.39;294.5;511.7782568684387;285.14;Module 1,11_4;563.19;84,61;36,36;2,44;88,58;-3,97
07,11.2019 11:56:33;36;2.42;294.5;523.7093741191192;285.21;Module 1,11_4;575.99;87,12;36,35;2,50;90,81;-3,69
07,11.2019 11:58:26;35.7;2.38;296;521.6735286274094;285.36;Module 1,11_4;573.43;84,97;36,09;2,49;89,85;-4,89
07,11.2019 12:00:18;35.9;2.42;296;524.2866994020386;285.6;Module 1,11_4;575.99;86,88;36,09;2,50;90,34;-3,46
07,11.2019 12:02:11;36.4;2.3;296;519.9043718219917;285.75;Module 1,11_4;570.87;83,72;36,09;2,48;89,53;-5,81
07,11.2019 12:04:05;36.3;2.37;296;513.1807481705964;285.88;Module 1,11_4;563.19;86,03;36,10;2,45;88,28;-2,24
07,11.2019 12:05:58;35.6;2.46;296;532.1142328434171;285.91;Module 1,11_4;583.67;87,58;36,09;2,54;91,79;-4,22
07,11.2019 12:07:51;35.6;2.43;296.5;527.7102565252159;286;Module 1,11_4;578.55;86,51;36,00;2,52;90,78;-4,27
07,11.2019 12:09:45;35.6;2.49;296.5;539.6514917262733;286.05;Module 1,11_4;591.35;88,64;35,99;2,58;92,99;-4,34
07,11.2019 12:11:38;35.6;2.53;296.5;539.9093866421802;286.14;Module 1,11_4;591.35;90,07;35,99;2,58;93,04;-2,97
07,11.2019 12:13:32;35;2.3;296.5;509.7644814687204;285.99;Module 1,11_4;558.07;80,50;36,02;2,43;87,45;-6,95
07,11.2019 12:15:26;36.2;2.54;296.5;556.7890263503792;286;Module 1,11_4;609.27;91,95;35,98;2,67;96,15;-4,20
07,11.2019 12:17:18;36;2.52;296.5;550.0137155253545;286.14;Module 1,11_4;601.59;90,72;35,98;2,64;94,90;-4,18
07,11.2019 12:19:11;36;2.57;296.5;561.9613355378617;286.21;Module 1,11_4;614.39;92,52;35,97;2,70;97,10;-4,58
07,11.2019 12:21:04;35.8;2.45;296.5;524.7202091610998;286.3;Module 1,11_4;573.43;87,71;36,01;2,51;90,23;-2,52
07,11.2019 12:23:04;35.8;2.45;298;534.3264569445349;286.48;Module 1,11_4;583.67;87,71;35,73;2,56;91,41;-3,70
07,11.2019 12:24:57;35.8;2.21;298;475.93036146512105;286.24;Module 1,11_4;519.67;79,12;35,77;2,25;80,63;-1,51
07,11.2019 12:26:53;36.1;2.65;298;579.3256079033055;286.07;Module 1,11_4;632.31;95,67;35,69;2,79;99,63;-3,97
07,11.2019 12:28:47;35.9;2.53;298;553.7416792863737;286.07;Module 1,11_4;604.15;90,83;35,72;2,66;94,96;-4,14
07,11.2019 12:30:40;35.8;2.68;298;582.1187169536546;286.25;Module 1,11_4;634.87;95,94;35,69;2,81;100,14;-4,20
07,11.2019 12:32:32;35.8;2.74;298;594.0727055270889;286.4;Module 1,11_4;647.67;98,09;35,66;2,87;102,31;-4,22
07,11.2019 12:34:25;35.8;2.62;298;556.7031405678553;286.5;Module 1,11_4;606.71;93,80;35,71;2,67;95,51;-1,71
07,11.2019 12:36:18;35.6;2.68;298;592.1466216420529;286.6;Module 1,11_4;645.11;95,41;35,67;2,86;101,96;-6,56
07,11.2019 12:38:10;35.9;1.4;298;340.8315038651498;286.61;Module 1,11_4;371.19;50,26;35,68;1,55;55,32;-5,06
07,11.2019 12:40:04;35.4;2.75;298;618.8370695489402;286.42;Module 1,11_4;673.73;97,35;35,63;3,00;106,80;-9,45
07,11.2019 12:41:57;35.4;1.75;298.5;362.228156824999;286.56;Module 1,11_4;394.23;61,95;35,63;1,66;59,24;2,71
07,11.2019 12:43:50;35.4;2.89;298.5;631.8198824919793;286.62;Module 1,11_4;687.42;102,31;35,52;3,07;108,89;-6,59
07,11.2019 12:45:42;35.6;2.3;298.5;454.24855658076626;286.75;Module 1,11_4;494.07;81,88;35,70;2,14;76,44;5,44
07,11.2019 12:47:35;35.8;2.54;298.5;553.2703863775247;286.65;Module 1,11_4;601.59;90,93;35,63;2,66;94,67;-3,74
07,11.2019 12:50:00;35.4;2.78;298.5;603.9430434219144;286.69;Module 1,11_4;656.44;98,41;35,57;2,92;103,87;-5,46
07,11.2019 12:51:52;35.7;2.83;298.5;611.8445981288926;286.82;Module 1,11_4;664.84;101,03;35,55;2,96;105,30;-4,27
07,11.2019 12:53:45;35.3;2.37;298.5;530.2245397174105;286.97;Module 1,11_4;575.99;83,66;35,66;2,54;90,46;-6,79
07,11.2019 12:55:41;35.7;2.87;298.5;629.9657803677827;287.08;Module 1,11_4;684.15;102,46;35,52;3,06;108,56;-6,10
07,11.2019 12:57:43;35.6;2.94;298.5;634.8606069313203;287.25;Module 1,11_4;689.27;104,66;35,52;3,08;109,44;-4,78
07,11.2019 12:59:36;34.5;2.75;298.5;605.6519264873955;287.19;Module 1,11_4;657.39;94,88;35,56;2,93;104,18;-9,31
07,11.2019 13:01:29;35.8;3.07;298.5;669.212670401183;287.29;Module 1,11_4;726.2;109,91;35,46;3,26;115,58;-5,68
07,11.2019 13:03:22;35.6;3.13;298.5;658.4054106059325;287.5;Module 1,11_4;714.3;111,43;35,48;3,20;113,66;-2,23
07,11.2019 13:05:31;34.9;2.61;298.5;547.5822250315516;287.58;Module 1,11_4;593.91;91,09;35,64;2,63;93,63;-2,54
07,11.2019 13:07:23;34.5;1.56;298.5;273.01799820300255;287.31;Module 1,11_4;296.05;53,82;35,38;1,20;42,40;11,42
07,11.2019 13:09:18;34.8;0.83;298.5;178.17242596121827;286.85;Module 1,11_4;193.16;28,88;34,59;0,71;24,50;4,38
07,11.2019 13:11:15;35.3;1.55;298.5;351.9117688219649;286.41;Module 1,11_4;381.43;54,71;35,62;1,61;57,30;-2,58
07,11.2019 13:13:09;36.4;3.04;298.5;708.7221536552615;286.32;Module 1,11_4;768.01;110,66;35,38;3,46;122,59;-11,94
07,11.2019 13:15:02;36;3.26;298;701.728636580273;286.84;Module 1,11_4;760.28;117,36;35,48;3,43;121,63;-4,27
07,11.2019 13:16:55;35.6;3.2;298;686.668498653284;287.32;Module 1,11_4;743.82;113,92;35,52;3,35;118,96;-5,04
07,11.2019 13:18:51;35.4;3.24;298.5;696.3192448260979;287.71;Module 1,11_4;754.13;114,70;35,41;3,40;120,40;-5,70
07,11.2019 13:21:19;34.4;0.79;298.5;166.85902454205294;287.95;Module 1,11_4;180.67;27,18;34,41;0,65;22,38;4,79
07,11.2019 13:23:12;34.6;3.39;298.5;729.7069966596807;287.57;Module 1,11_4;789.97;117,29;35,34;3,57;126,29;-9,00
07,11.2019 13:25:05;35.6;2.83;298.5;584.1702681145022;287.73;Module 1,11_4;632.31;100,75;35,59;2,82;100,29;0,46
07,11.2019 13:26:58;35.6;3.13;298.5;655.2177014004753;287.43;Module 1,11_4;709.1;111,43;35,48;3,19;113,09;-1,66
07,11.2019 13:28:50;36.1;1.48;298.5;357.2310878181277;287.12;Module 1,11_4;386.55;53,43;35,63;1,64;58,30;-4,87
07,11.2019 13:30:43;35.8;3.31;298.5;712.1169756382288;287.01;Module 1,11_4;770.45;118,50;35,38;3,48;123,19;-4,69
07,11.2019 13:32:36;35.9;2.38;298.5;541.9204333430009;287.5;Module 1,11_4;586.23;85,44;35,64;2,60;92,60;-7,15
07,11.2019 13:34:29;35.1;3.4;298.5;716.5364960603416;287.85;Module 1,11_4;775.02;119,34;35,37;3,51;123,97;-4,63
07,11.2019 13:36:40;34.9;3.33;298.5;699.0636826544885;288.07;Module 1,11_4;756.01;116,22;35,40;3,41;120,88;-4,67
07,11.2019 13:38:38;34.9;3.23;298.5;681.8946504866523;288.32;Module 1,11_4;737.35;112,73;35,44;3,33;117,84;-5,11
07,11.2019 13:40:31;34.9;3.14;298.5;641.6004710233274;288.56;Module 1,11_4;693.7;109,59;35,51;3,12;110,65;-1,06
07,11.2019 13:42:25;34.8;2.97;299.5;643.1316077283515;288.78;Module 1,11_4;695.28;103,36;35,34;3,12;110,42;-7,07
07,11.2019 13:44:19;34.7;3.12;299.5;666.2599656341614;289.14;Module 1,11_4;720.21;108,26;35,29;3,25;114,54;-6,27
07,11.2019 13:46:12;33.6;1.28;299.5;198.68229355910847;289.14;Module 1,11_4;214.75;43,01;34,66;0,82;28,26;14,75
07,11.2019 13:48:07;35;3.16;299.5;665.9584366607703;288.91;Module 1,11_4;719.75;110,60;35,30;3,24;114,48;-3,88
07,11.2019 13:50:00;34.8;3.08;299.5;649.6630732462886;289.01;Module 1,11_4;702.08;107,18;35,32;3,16;111,59;-4,40
07,11.2019 13:52:24;35;3.1;299.5;657.9533525728505;288.62;Module 1,11_4;710.97;108,50;35,30;3,20;113,06;-4,56
07,11.2019 13:54:20;35.1;3.09;299.5;655.8993581212798;288.64;Module 1,11_4;708.7;108,46;35,31;3,19;112,70;-4,24
07,11.2019 13:56:13;35;2.44;299.5;516.5245231839059;288.85;Module 1,11_4;558.07;85,40;35,49;2,47;87,56;-2,16
07,11.2019 13:58:06;35.5;3.18;299.5;677.5173655893611;288.53;Module 1,11_4;731.97;112,89;35,27;3,30;116,53;-3,64
07,11.2019 14:00:01;35.3;3.15;299.5;665.6857641906772;288.38;Module 1,11_4;719.15;111,19;35,30;3,24;114,44;-3,24
07,11.2019 14:01:55;35.3;0.57;299.5;124.15467893850669;288.42;Module 1,11_4;134.12;20,12;33,18;0,44;14,46;5,67
07,11.2019 14:03:53;35.5;3.35;299.5;709.9377420986468;288.18;Module 1,11_4;766.89;118,92;35,21;3,47;122,25;-3,32
07,11.2019 14:05:47;35.3;3.37;299.5;696.9263650000671;288.25;Module 1,11_4;752.81;118,96;35,23;3,40;119,96;-1,00
07,11.2019 14:07:42;35.3;3.09;299.5;643.9621412070734;288.4;Module 1,11_4;695.58;109,08;35,33;3,13;110,57;-1,50
07,11.2019 14:09:35;35.1;2.54;299.5;500.0765575492549;288.48;Module 1,11_4;540.15;89,15;35,51;2,38;84,54;4,61
07,11.2019 14:11:29;35;2.49;299.5;533.2652938990944;288.49;Module 1,11_4;575.99;87,15;35,48;2,55;90,61;-3,46
07,11.2019 14:13:22;35.1;2.52;299.5;538.0098913103952;288.56;Module 1,11_4;581.11;88,45;35,48;2,58;91,48;-3,02
07,11.2019 14:15:17;35;2.36;299.5;497.71869024026427;288.62;Module 1,11_4;537.59;82,60;35,51;2,37;84,11;-1,51
07,11.2019 14:17:11;35.1;2.45;299.5;514.3073816468175;288.6;Module 1,11_4;555.51;86,00;35,49;2,46;87,15;-1,16
07,11.2019 14:19:04;35.1;1.64;299.5;355.50540596644373;288.49;Module 1,11_4;383.99;57,56;35,45;1,63;57,73;-0,17
07,11.2019 14:20:57;35.4;2.56;299.5;535.6238441527275;288.3;Module 1,11_4;578.55;90,62;35,48;2,57;91,04;-0,42
07,11.2019 14:23:13;35.4;2.95;299.5;621.6318092828108;288.49;Module 1,11_4;671.47;104,43;35,37;3,01;106,58;-2,15
07,11.2019 14:25:07;35.4;2.89;298.5;609.8555526266867;288.6;Module 1,11_4;658.77;102,31;35,55;2,95;104,94;-2,63
07,11.2019 14:27:01;35.2;2.89;298.5;611.267578339867;288.91;Module 1,11_4;660.32;101,73;35,55;2,96;105,19;-3,47
07,11.2019 14:28:54;35.2;1.5;300;217.90362568852848;289.19;Module 1,11_4;235.4;52,80;34,76;0,92;31,81;20,99
07,11.2019 14:30:48;35.1;1.95;300;414.6716998276793;288.91;Module 1,11_4;447.99;68,45;35,42;1,94;68,63;-0,18
07,11.2019 14:32:41;35.4;2.1;300;447.82084270431136;288.61;Module 1,11_4;483.83;74,34;35,44;2,11;74,76;-0,42
07,11.2019 14:34:34;35.7;2.73;298.5;580.474594088825;288.61;Module 1,11_4;627.19;97,46;35,60;2,80;99,62;-2,16
07,11.2019 14:36:26;35.5;2.69;298.5;559.1120572097414;288.82;Module 1,11_4;604.15;95,50;35,63;2,69;95,74;-0,24
07,11.2019 14:38:43;35.3;1.28;298.5;269.87370775942514;288.89;Module 1,11_4;291.64;45,18;35,36;1,18;41,81;3,38
07,11.2019 14:40:36;35.1;1.3;298.5;290.83641004175877;288.54;Module 1,11_4;314.32;45,63;35,45;1,29;45,77;-0,14
07,11.2019 14:42:30;35.5;1.87;298.5;395.5332334633699;288.31;Module 1,11_4;427.51;66,39;35,67;1,84;65,49;0,90
07,11.2019 14:44:23;35.7;1.74;298.5;345.7603470169013;288.17;Module 1,11_4;373.75;62,12;35,60;1,58;56,14;5,98
07,11.2019 14:46:24;35.8;1.72;298.5;355.1933244032997;287.96;Module 1,11_4;383.99;61,58;35,63;1,63;57,91;3,66
07,11.2019 14:48:17;35.6;1.3;298.5;278.09036657375447;287.82;Module 1,11_4;300.67;46,28;35,40;1,22;43,36;2,92
07,11.2019 14:50:10;35.7;1.17;298.5;247.11346778670315;287.44;Module 1,11_4;267.21;41,77;35,23;1,06;37,50;4,27
07,11.2019 14:52:02;35.9;1.19;298;251.16011534648527;287.19;Module 1,11_4;271.62;42,72;35,35;1,08;38,34;4,38
07,11.2019 14:54:13;35.9;1.14;298;240.91395950826396;286.85;Module 1,11_4;260.58;40,93;35,28;1,03;36,40;4,53
07,11.2019 14:56:06;36;1.14;298;239.3634568527525;286.69;Module 1,11_4;258.94;41,04;35,27;1,02;36,10;4,94
07,11.2019 14:57:58;36;1.1;296.5;232.45122005348983;286.62;Module 1,11_4;251.5;39,60;35,48;0,99;34,98;4,62
07,11.2019 14:59:52;36.2;1.17;296.5;247.28304834931865;286.52;Module 1,11_4;267.59;42,35;35,59;1,06;37,82;4,54
07,11.2019 15:01:49;36.2;1.39;296;280.82615725632195;286.51;Module 1,11_4;303.94;50,32;35,84;1,24;44,31;6,01
07,11.2019 15:03:42;36.4;2.11;296;435.1335512922831;286.55;Module 1,11_4;471.03;76,80;36,13;2,04;73,66;3,15
07,11.2019 15:05:35;36;1.25;296;244.2429181305732;286.73;Module 1,11_4;264.44;45,00;35,66;1,05;37,30;7,70
07,11.2019 15:07:28;35.6;1.12;296;227.1311050605121;286.69;Module 1,11_4;245.96;39,87;35,54;0,96;34,03;5,84
07,11.2019 15:09:44;35.7;1.13;296;230.0678154925169;286.61;Module 1,11_4;249.2;40,34;35,55;0,97;34,59;5,75
07,11.2019 15:11:38;35.8;1.17;296;237.50512662976774;286.56;Module 1,11_4;257.31;41,89;35,61;1,01;36,01;5,87
07,11.2019 15:15:23;36.5;1.67;296;354.2782139330112;286.75;Module 1,11_4;383.99;60,95;36,05;1,62;58,33;2,62
07,11.2019 15:17:19;36.3;1.76;296;361.2767567291998;286.96;Module 1,11_4;391.67;63,89;36,07;1,65;59,67;4,22
07,11.2019 15:19:15;36.1;1.75;296;354.10386637843123;287.1;Module 1,11_4;383.99;63,18;36,05;1,62;58,30;4,87
07,11.2019 15:21:09;36;1.45;296;286.12203930794703;287.17;Module 1,11_4;310.35;52,20;35,87;1,26;45,32;6,88
07,11.2019 15:23:01;35.7;1.35;296;270.3141137908196;287.21;Module 1,11_4;293.28;48,20;35,80;1,18;42,29;5,90
07,11.2019 15:25:19;35.8;1.28;296;260.7887612785318;287.28;Module 1,11_4;283.04;45,82;35,75;1,13;40,47;5,35
07,11.2019 15:27:15;35.8;1.21;296;246.6378770814181;287.21;Module 1,11_4;267.76;43,32;35,67;1,06;37,76;5,56
07,11.2019 15:29:08;35.8;1.22;296;250.58922107102828;287.18;Module 1,11_4;272.13;43,68;35,70;1,08;38,52;5,16
07,11.2019 15:31:00;35.8;1.12;296;230.17814803274933;287.13;Module 1,11_4;250.04;40,10;35,55;0,97;34,61;5,48
07,11.2019 15:32:57;35.9;1.48;296;275.69280023781727;287.07;Module 1,11_4;299.58;53,13;35,83;1,21;43,32;9,81
07,11.2019 15:34:50;35.9;1.26;296;256.577907707789;287.07;Module 1,11_4;278.9;45,23;35,73;1,11;39,66;5,57
07,11.2019 15:36:46;35.6;1.14;296;230.58257128745387;287.02;Module 1,11_4;250.73;40,58;35,56;0,98;34,69;5,89
07,11.2019 15:38:40;35.5;1.1;296;221.7770173601015;286.91;Module 1,11_4;241.24;39,05;35,49;0,93;33,01;6,04
07,11.2019 15:40:43;35.4;1.04;296;206.45350555837302;286.74;Module 1,11_4;224.66;36,82;35,35;0,85;30,08;6,74
07,11.2019 15:42:36;35.3;0.95;296;185.53302240592677;286.63;Module 1,11_4;201.97;33,53;35,12;0,74;26,10;7,44
07,11.2019 15:44:29;35.2;0.86;294.5;168.77669853902785;286.56;Module 1,11_4;183.8;30,27;35,13;0,66;23,02;7,25
07,11.2019 15:46:23;34.7;0.75;294.5;144.10941592313125;286.49;Module 1,11_4;157;26,03;34,63;0,53;18,34;7,68
07,11.2019 15:48:27;34.3;0.61;294.5;116.90535474617005;286.35;Module 1,11_4;127.42;20,92;33,70;0,39;13,27;7,65
07,11.2019 15:50:23;34.1;0.53;293.5;103.61174098205576;286.22;Module 1,11_4;112.98;18,07;33,09;0,33;10,86;7,22
07,11.2019 15:52:16;33.8;0.43;293.5;85.23276532012576;286.06;Module 1,11_4;92.98;14,53;30,97;0,25;7,62;6,92
07,11.2019 15:54:09;33.7;0.36;292.5;69.9567748695181;285.84;Module 1,11_4;76.35;12,13;26,85;0,19;5,17;6,96
07,11.2019 15:56:26;33.5;0.28;292.5;56.37326261080446;285.61;Module 1,11_4;61.56;9,38;21,75;0,15;3,36;6,02
07,11.2019 15:58:18;33.4;0.25;291.9;51.09239665911831;285.42;Module 1,11_4;55.82;8,35;19,71;0,14;2,76;5,59
07,11.2019 16:00:11;32.9;0.26;291.9;51.8903084214736;285.26;Module 1,11_4;56.72;8,55;20,02;0,14;2,85;5,71
07,11.2019 16:02:04;33.2;0.31;291.9;60.00165012654159;285.14;Module 1,11_4;65.62;10,29;23,13;0,16;3,81;6,49
07,11.2019 16:04:08;33.6;0.39;290.4;75.85858370493257;285.05;Module 1,11_4;83.01;13,10;28,87;0,21;6,07;7,04
07,11.2019 16:06:01;33.8;0.42;290.4;81.01404264413512;285.02;Module 1,11_4;88.7;14,20;30,32;0,23;6,90;7,29
07,11.2019 16:07:54;34.1;0.42;290.4;80.00989658521272;285.01;Module 1,11_4;87.65;14,32;30,06;0,22;6,74;7,58
07,11.2019 16:09:49;34;0.4;290.4;74.96320784657307;284.99;Module 1,11_4;82.17;13,60;28,58;0,21;5,93;7,67
07,11.2019 16:11:42;33.9;0.37;290.4;70.41427074518958;284.98;Module 1,11_4;77.23;12,54;27,02;0,19;5,23;7,31
07,11.2019 16:13:34;33.8;0.36;289.9;66.86311276664311;284.97;Module 1,11_4;73.38;12,17;25,73;0,18;4,72;7,45
07,11.2019 16:15:27;33.8;0.37;289.9;67.01181534352004;284.99;Module 1,11_4;73.59;12,51;25,78;0,18;4,74;7,77
07,11.2019 16:17:20;33.8;0.38;289.9;68.52401365489953;284.99;Module 1,11_4;75.3;12,84;26,34;0,19;4,96;7,89
07,11.2019 16:19:36;33.8;0.36;289.9;64.5855408717537;285.01;Module 1,11_4;71.03;12,17;24,87;0,18;4,40;7,77
07,11.2019 16:21:29;33.7;0.33;289.9;59.451938067340556;285;Module 1,11_4;65.43;11,12;22,91;0,16;3,73;7,39
07,11.2019 16:23:22;33.6;0.3;289.9;55.441136196541564;284.97;Module 1,11_4;61.06;10,08;21,37;0,15;3,24;6,84
07,11.2019 16:25:14;33.5;0.3;289.9;54.70160060955117;284.94;Module 1,11_4;60.29;10,05;21,09;0,15;3,16;6,89
07,11.2019 16:27:07;33.7;0.32;289.9;59.36493483549205;284.9;Module 1,11_4;65.48;10,78;22,88;0,16;3,72;7,06
07,11.2019 16:29:06;34;0.38;289.9;72.83984642323041;284.85;Module 1,11_4;80.41;12,92;27,88;0,20;5,60;7,32
07,11.2019 16:31:00;34.4;0.45;289.9;86.43785641987577;284.87;Module 1,11_4;95.5;15,48;31,54;0,25;7,82;7,66
07,11.2019 16:32:52;34.6;0.5;289.9;95.9065271384468;284.88;Module 1,11_4;106.05;17,30;32,91;0,29;9,49;7,81
07,11.2019 16:35:09;34.9;0.54;289.9;105.64304184065838;284.91;Module 1,11_4;116.94;18,85;33,77;0,33;11,27;7,58
07,11.2019 16:37:07;35.1;0.58;289.9;114.23479990739872;285;Module 1,11_4;126.57;20,36;34,31;0,38;12,87;7,49
07,11.2019 16:39:00;35.3;0.58;289.9;112.06326000317233;285.04;Module 1,11_4;124.28;20,47;34,19;0,36;12,46;8,01
07,11.2019 16:40:53;35.6;0.63;289.9;126.45864937697579;285.1;Module 1,11_4;140.38;22,43;34,86;0,44;15,17;7,25
07,11.2019 16:42:46;35.8;0.64;290.4;129.68059464182954;285.21;Module 1,11_4;144.1;22,91;34,90;0,45;15,77;7,14
07,11.2019 16:44:30;35.7;0.64;290.4;130.07060728192914;285.28;Module 1,11_4;144.67;22,85;34,91;0,45;15,84;7,00
07,11.2019 16:46:22;36.2;0.76;290.4;160.41710636366133;285.37;Module 1,11_4;178.61;27,51;35,69;0,61;21,67;5,84
07,11.2019 16:48:15;36.3;0.71;290.4;144.41583785900508;285.52;Module 1,11_4;160.97;25,77;35,34;0,53;18,59;7,19
07,11.2019 16:50:09;36;0.72;290.4;149.20686042327645;285.59;Module 1,11_4;166.5;25,92;35,45;0,55;19,51;6,41
07,11.2019 16:52:02;35.9;0.72;290.4;143.178674042336;285.66;Module 1,11_4;159.96;25,85;35,30;0,52;18,35;7,50
07,11.2019 16:53:55;35.5;0.64;290.4;125.14342604148968;285.74;Module 1,11_4;139.98;22,72;34,73;0,43;14,91;7,81
07,11.2019 16:55:56;35.3;0.62;291.4;121.84204467989237;285.66;Module 1,11_4;136.47;21,89;34,43;0,41;14,26;7,62
07,11.2019 16:57:49;35.8;0.65;291.4;137.72503505890612;285.6;Module 1,11_4;154.46;23,27;34,98;0,49;17,27;6,00
07,11.2019 16:59:43;36.1;0.64;291.4;135.00087389277473;285.6;Module 1,11_4;151.61;23,10;34,91;0,48;16,75;6,36
07,11.2019 17:01:39;35.6;0.47;291.9;92.5367482392;285.57;Module 1,11_4;104.07;16,73;32,25;0,28;8,89;7,85
07,11.2019 17:03:39;34.4;0.45;291.9;84.96403652201046;285.46;Module 1,11_4;95.7;15,48;31,07;0,24;7,57;7,91
07,11.2019 17:05:33;34.3;0.43;290.4;80.59844234946011;285.32;Module 1,11_4;90.92;14,75;30,22;0,23;6,83;7,91
07,11.2019 17:07:26;34.1;0.42;290.4;76.8090947443611;285.16;Module 1,11_4;86.78;14,32;29,16;0,21;6,22;8,10
07,11.2019 17:09:19;34;0.39;290.4;72.36433418955562;285.07;Module 1,11_4;81.89;13,26;27,71;0,20;5,53;7,73
07,11.2019 17:11:18;33.9;0.35;290.4;64.2008547030069;284.97;Module 1,11_4;72.78;11,86;24,73;0,18;4,35;7,51
07,11.2019 17:13:11;33.8;0.29;290.4;55.18659403363529;284.93;Module 1,11_4;62.67;9,80;21,27;0,15;3,22;6,59
07,11.2019 17:15:05;33.6;0.26;289.9;48.59043207286682;284.89;Module 1,11_4;55.28;8,74;18,73;0,13;2,49;6,24
07,11.2019 17:16:58;33.4;0.23;289.9;42.1649238810254;284.87;Module 1,11_4;48.06;7,68;16,26;0,12;1,88;5,81
07,11.2019 17:19:17;33.2;0.2;289.9;36.27810594974133;284.81;Module 1,11_4;41.45;6,64;13,98;0,10;1,39;5,25
07,11.2019 17:21:10;32.6;0.2;289.9;35.19937881832926;284.76;Module 1,11_4;40.3;6,52;13,57;0,10;1,31;5,21
07,11.2019 17:23:03;32.5;0.2;289.9;36.553718010684136;284.73;Module 1,11_4;41.94;6,50;14,09;0,10;1,41;5,09
07,11.2019 17:24:56;32.5;0.2;289.9;35.58550202955021;284.7;Module 1,11_4;40.92;6,50;13,72;0,10;1,34;5,16
07,11.2019 17:26:54;32.4;0.18;289.9;32.23746190961929;284.65;Module 1,11_4;37.16;5,83;12,43;0,09;1,10;4,74
07,11.2019 17:28:47;32.3;0.17;289.9;29.788153645592057;284.62;Module 1,11_4;34.42;5,49;11,48;0,08;0,94;4,55
07,11.2019 17:30:40;32.3;0.22;288.4;48.997761387260184;284.61;Module 1,11_4;56.76;7,11;18,88;0,13;2,53;4,57
07,11.2019 17:32:34;33.7;0.25;288.4;44.665805851317764;284.61;Module 1,11_4;51.88;8,43;17,21;0,12;2,10;6,32
07,11.2019 17:34:46;33.4;0.28;288.4;49.833147629544435;284.61;Module 1,11_4;58.07;9,35;19,20;0,14;2,62;6,73
07,11.2019 17:36:45;33.5;0.32;288.4;55.76281806442332;284.6;Module 1,11_4;65.18;10,72;21,48;0,15;3,28;7,44
07,11.2019 17:38:37;33.6;0.29;288.4;50.31410299465105;284.63;Module 1,11_4;58.99;9,74;19,38;0,14;2,67;7,07
07,11.2019 17:40:30;33.4;0.25;288.4;44.0313264079626;284.63;Module 1,11_4;51.79;8,35;16,96;0,12;2,04;6,31
07,11.2019 17:42:23;33.3;0.21;288.4;36.994274561104504;284.6;Module 1,11_4;43.66;6,99;14,25;0,10;1,44;5,55
07,11.2019 17:44:17;33.1;0.16;288.4;29.30567091295651;284.6;Module 1,11_4;34.71;5,30;11,29;0,08;0,91;4,39
07,11.2019 17:46:10;32.8;0.14;288.4;24.805675527815225;284.58;Module 1,11_4;29.49;4,59;9,55;0,07;0,65;3,94
07,11.2019 17:48:02;32.1;0.14;288.4;23.938379767755535;284.55;Module 1,11_4;28.57;4,49;9,23;0,07;0,60;3,89
07,11.2019 17:50:16;31.6;0.18;288.4;31.149154420322436;284.52;Module 1,11_4;37.36;5,69;12,00;0,09;1,02;4,67
07,11.2019 17:52:14;32.2;0.19;288.4;33.893575426402236;284.5;Module 1,11_4;40.84;6,12;13,05;0,09;1,21;4,91
07,11.2019 17:54:07;32.4;0.18;287.9;31.33128036358939;284.47;Module 1,11_4;37.93;5,83;12,07;0,09;1,03;4,80
07,11.2019 17:56:00;32.3;0.16;287.9;28.55405389545163;284.46;Module 1,11_4;34.74;5,17;11,00;0,08;0,86;4,31
07,11.2019 17:57:54;32.2;0.15;287.9;26.67749471854136;284.44;Module 1,11_4;32.63;4,83;10,27;0,07;0,75;4,08
07,11.2019 17:59:48;32.1;0.15;287.9;26.128668994007633;284.42;Module 1,11_4;32.14;4,82;10,06;0,07;0,72;4,10
07,11.2019 18:01:42;32.1;0.12;287.9;22.351487503242538;284.4;Module 1,11_4;27.66;3,85;8,61;0,06;0,53;3,33
07,11.2019 18:03:42;31.9;0.1;287.9;18.08295999609728;284.37;Module 1,11_4;22.53;3,19;6,97;0,05;0,34;2,85
07,11.2019 18:05:39;31.1;0.09;287.9;16.903171304521656;284.34;Module 1,11_4;21.21;2,80;6,51;0,05;0,30;2,50
07,11.2019 18:07:33;30.8;0.09;287.9;16.24033505603297;284.32;Module 1,11_4;20.53;2,77;6,26;0,04;0,28;2,49
07,11.2019 18:09:26;30.6;0.1;287.9;17.74498414826868;284.28;Module 1,11_4;22.61;3,06;6,84;0,05;0,33;2,73
07,11.2019 18:11:19;30.6;0.12;287.9;20.147094395223107;284.26;Module 1,11_4;25.89;3,67;7,76;0,06;0,43;3,24
07,11.2019 18:13:14;31.5;0.12;286.4;21.3317497238992;284.25;Module 1,11_4;27.67;3,78;8,21;0,06;0,48;3,30
07,11.2019 18:15:10;31.7;0.13;286.4;21.862264103605995;284.22;Module 1,11_4;28.65;4,12;8,41;0,06;0,50;3,62
07,11.2019 18:17:02;31.6;0.13;286.4;20.36777790791235;284.2;Module 1,11_4;26.98;4,11;7,84;0,06;0,44;3,67
07,11.2019 18:18:55;31.6;0.1;286.4;17.233711910354828;284.16;Module 1,11_4;23.1;3,16;6,63;0,05;0,31;2,85
07,11.2019 18:21:06;31.4;0.07;287.9;12.874633667134674;284.07;Module 1,11_4;17.52;2,20;4,96;0,04;0,17;2,02
07,11.2019 18:22:59;30.9;0.07;287.9;11.168861516930127;283.98;Module 1,11_4;15.42;2,16;4,30;0,03;0,13;2,03
07,11.2019 18:24:53;30;0.06;287.9;9.906881464835884;283.89;Module 1,11_4;13.9;1,80;3,81;0,03;0,10;1,70
07,11.2019 18:26:46;29.7;0;286.4;8.521102959799329;283.78;Module 1,11_4;12.17;0,00;3,28;0,02;0,08;-0,08
07,11.2019 18:28:42;29.2;0;286.4;7.367834166493192;283.69;Module 1,11_4;10.74;0,00;2,84;0,02;0,06;-0,06
07,11.2019 18:30:35;28.4;0;286.4;6.171399182545294;283.6;Module 1,11_4;9.2;0,00;2,38;0,02;0,04;-0,04
07,11.2019 18:32:32;27.9;0;285.9;5.069824679800318;283.5;Module 1,11_4;7.76;0,00;1,95;0,01;0,03;-0,03
07,11.2019 18:34:25;27.8;0;285.9;4.105211334247094;283.41;Module 1,11_4;6.47;0,00;1,58;0,01;0,02;-0,02
07,11.2019 18:36:26;32.7;0;283.4;3.224284007131285;283.32;Module 1,11_4;5.27;0,00;1,24;0,01;0,01;-0,01
07,11.2019 18:38:19;32;0;283.4;2.3924434633868654;283.21;Module 1,11_4;4.07;0,00;0,92;0,01;0,01;-0,01
07,11.2019 18:40:12;30;0;283.4;1.6255773684706742;283.13;Module 1,11_4;2.9;0,00;0,63;0,00;0,00;-0,00
07,11.2019 18:42:05;28.7;0;284.4;1.264927345294406;283.04;Module 1,11_4;2.39;0,00;0,48;0,00;0,00;-0,00
07,11.2019 18:43:58;28.4;0;284.4;1.173386977872956;283;Module 1,11_4;2.38;0,00;0,45;0,00;0,00;-0,00
07,11.2019 18:45:51;25;0;284.4;0.8966075894279559;282.97;Module 1,11_4;1.99;0,00;0,34;0,00;0,00;-0,00
07,11.2019 18:47:44;25;0;284.4;0.6481960535965404;282.94;Module 1,11_4;1.62;0,00;0,25;0,00;0,00;-0,00
07,11.2019 18:49:41;25;0;284.4;0.30653953905792913;282.92;Module 1,11_4;0.91;0,00;0,12;0,00;0,00;-0,00
08,11.2019 09:41:00;33;0;277.8;4.374359322475779;279.36;Module 1,11_4;5.46;0,00;1,68;0,01;0,02;-0,02
08,11.2019 09:42:59;33.6;0;277.8;5.176978410188797;279.38;Module 1,11_4;6.43;0,00;1,98;0,01;0,03;-0,03
08,11.2019 09:44:52;34;0;277.8;6.421368119590529;279.39;Module 1,11_4;7.94;0,00;2,46;0,02;0,04;-0,04
08,11.2019 09:46:51;27.8;0;277.8;7.823227784738991;279.41;Module 1,11_4;9.63;0,00;3,00;0,02;0,06;-0,06
08,11.2019 09:48:53;28;0;277.8;8.57575946252082;279.41;Module 1,11_4;10.51;0,00;3,29;0,02;0,08;-0,08
08,11.2019 09:51:15;28.4;0;277.8;9.626148782477596;279.4;Module 1,11_4;11.74;0,00;3,70;0,03;0,10;-0,10
08,11.2019 09:53:08;29.2;0.07;277.8;10.558832529021762;279.4;Module 1,11_4;12.83;2,04;4,05;0,03;0,12;1,93
08,11.2019 09:55:05;29.4;0.07;280.4;11.250189459309553;279.42;Module 1,11_4;13.62;2,06;4,32;0,03;0,13;1,93
08,11.2019 09:57:00;29.5;0.07;280.4;11.388647972572766;279.42;Module 1,11_4;13.74;2,07;4,38;0,03;0,14;1,93
08,11.2019 09:58:55;29.8;0.08;280.4;12.274821098862315;279.42;Module 1,11_4;14.76;2,38;4,71;0,03;0,16;2,23
08,11.2019 10:00:48;29.7;0.08;280.4;13.756666424879459;279.4;Module 1,11_4;16.49;2,38;5,28;0,04;0,20;2,18
08,11.2019 10:02:40;30.5;0.09;280.4;15.714095418265611;279.41;Module 1,11_4;18.78;2,75;6,03;0,04;0,26;2,49
08,11.2019 10:04:39;31.2;0.1;281.9;18.129177946321672;279.42;Module 1,11_4;21.6;3,12;6,97;0,05;0,34;2,78
08,11.2019 10:06:52;31.6;0.12;281.9;21.035074168339076;279.46;Module 1,11_4;24.98;3,79;8,09;0,06;0,46;3,33
08,11.2019 10:08:46;31.9;0.13;281.9;22.333313637391786;279.49;Module 1,11_4;26.45;4,15;8,58;0,06;0,52;3,62
08,11.2019 10:10:46;32.3;0.13;281.9;23.07209311285702;279.52;Module 1,11_4;27.25;4,20;8,87;0,06;0,56;3,64
08,11.2019 10:12:39;32.3;0.13;282.4;23.647496634951416;279.56;Module 1,11_4;27.86;4,20;9,09;0,06;0,59;3,61
08,11.2019 10:14:31;32.4;0.13;282.4;23.55092082698428;279.6;Module 1,11_4;27.68;4,21;9,05;0,06;0,58;3,63
08,11.2019 10:16:24;32.3;0.13;282.4;23.06860215551417;279.64;Module 1,11_4;27.05;4,20;8,87;0,06;0,56;3,64
08,11.2019 10:18:40;32.1;0.13;282.4;22.68639281060187;279.65;Module 1,11_4;26.53;4,17;8,72;0,06;0,54;3,63
08,11.2019 10:20:33;32;0.13;282.4;23.378325109459595;279.66;Module 1,11_4;27.28;4,16;8,98;0,06;0,57;3,59
08,11.2019 10:22:37;31.9;0.13;282.4;24.4027160553796;279.67;Module 1,11_4;28.41;4,15;9,38;0,07;0,62;3,52
08,11.2019 10:24:31;32.2;0.14;282.4;24.530072857519023;279.68;Module 1,11_4;28.5;4,51;9,43;0,07;0,63;3,88
08,11.2019 10:26:24;32.2;0.14;282.4;24.10391790485225;279.71;Module 1,11_4;27.95;4,51;9,27;0,07;0,61;3,90
08,11.2019 10:28:18;32.2;0.13;282.4;24.089707907503154;279.73;Module 1,11_4;27.88;4,19;9,26;0,07;0,61;3,58
08,11.2019 10:30:11;32.2;0.14;282.4;24.731447822441783;279.74;Module 1,11_4;28.57;4,51;9,51;0,07;0,64;3,87
08,11.2019 10:32:04;32.3;0.14;282.4;26.197909264344645;279.75;Module 1,11_4;30.21;4,52;10,07;0,07;0,72;3,80
08,11.2019 10:33:58;32.4;0.15;282.4;27.633749564086553;279.76;Module 1,11_4;31.81;4,86;10,62;0,08;0,80;4,06
08,11.2019 10:35:51;32.5;0.17;282.4;29.907985377745863;279.79;Module 1,11_4;34.37;5,53;11,49;0,08;0,94;4,59
08,11.2019 10:37:46;32.5;0.18;282.4;33.392008352760406;279.83;Module 1,11_4;38.31;5,85;12,84;0,09;1,17;4,68
08,11.2019 10:39:54;33.1;0.19;282.4;35.38177833087225;279.86;Module 1,11_4;40.52;6,29;13,60;0,10;1,31;4,98
08,11.2019 10:41:51;33.2;0.2;283.4;35.57805650946399;279.89;Module 1,11_4;40.68;6,64;13,68;0,10;1,33;5,31
08,11.2019 10:43:44;33.3;0.2;283.4;36.03413205301635;279.88;Module 1,11_4;41.14;6,66;13,85;0,10;1,36;5,30
08,11.2019 10:45:38;33.2;0.22;283.4;37.81498403190881;279.89;Module 1,11_4;43.11;7,30;14,54;0,10;1,50;5,80
08,11.2019 10:47:32;33.5;0.22;283.4;40.23184789600118;279.92;Module 1,11_4;45.8;7,37;15,47;0,11;1,70;5,67
08,11.2019 10:49:28;33.6;0.23;283.4;41.616887860007736;279.95;Module 1,11_4;47.31;7,73;16,00;0,11;1,82;5,91
08,11.2019 10:51:21;33.6;0.23;283.4;42.06008808798791;279.98;Module 1,11_4;47.75;7,73;16,17;0,11;1,86;5,87
08,11.2019 10:53:14;33.7;0.24;283.4;42.34413623987263;280;Module 1,11_4;48.01;8,09;16,28;0,12;1,88;6,21
08,11.2019 10:55:06;33.7;0.24;283.4;42.37965867082335;280;Module 1,11_4;47.99;8,09;16,30;0,12;1,89;6,20
08,11.2019 10:56:59;33.7;0.24;283.4;41.74230702023163;280.02;Module 1,11_4;47.21;8,09;16,05;0,11;1,83;6,26
08,11.2019 10:58:54;33.6;0.23;283.4;40.4035117624193;280.03;Module 1,11_4;45.64;7,73;15,54;0,11;1,71;6,01
08,11.2019 11:00:56;33.6;0.23;283.4;40.12658718224999;280.03;Module 1,11_4;45.27;7,73;15,43;0,11;1,69;6,04
08,11.2019 11:02:49;33.8;0.23;283.4;39.5422453447631;280.01;Module 1,11_4;44.56;7,77;15,20;0,11;1,64;6,13
08,11.2019 11:04:55;33.6;0.22;283.4;39.40455351056336;279.98;Module 1,11_4;44.35;7,39;15,15;0,11;1,63;5,76
08,11.2019 11:06:52;33.7;0.22;283.4;38.30114556232682;279.95;Module 1,11_4;43.06;7,41;14,73;0,10;1,54;5,87
08,11.2019 11:09:13;33.6;0.2;283.4;35.40322515089576;279.92;Module 1,11_4;39.75;6,72;13,61;0,10;1,32;5,40
08,11.2019 11:11:06;33.4;0.19;283.4;33.647299482003184;279.91;Module 1,11_4;37.74;6,35;12,94;0,09;1,19;5,16
08,11.2019 11:13:00;33.2;0.18;283.4;32.163900704943906;279.92;Module 1,11_4;36.04;5,98;12,37;0,09;1,09;4,89
08,11.2019 11:14:56;33;0.18;283.4;32.52647114187335;279.93;Module 1,11_4;36.41;5,94;12,51;0,09;1,11;4,83
08,11.2019 11:16:52;33.2;0.19;283.4;33.77418865356426;279.96;Module 1,11_4;37.77;6,31;12,98;0,09;1,20;5,11
08,11.2019 11:18:47;33.2;0.19;283.4;33.698513885525145;279.97;Module 1,11_4;37.65;6,31;12,96;0,09;1,19;5,12
08,11.2019 11:20:52;33.1;0.18;283.4;31.725159741208646;280;Module 1,11_4;35.41;5,96;12,20;0,09;1,06;4,90
08,11.2019 11:22:49;33;0.17;283.4;29.843891915862898;280.01;Module 1,11_4;33.28;5,61;11,48;0,08;0,94;4,67
08,11.2019 11:24:50;32.9;0.16;283.4;29.359614106928248;280.01;Module 1,11_4;32.71;5,26;11,29;0,08;0,91;4,36
08,11.2019 11:26:50;32.8;0.16;283.4;29.107129022851048;280.03;Module 1,11_4;32.4;5,25;11,20;0,08;0,89;4,36
08,11.2019 11:28:47;32.7;0.16;283.4;28.7989809189987;280.07;Module 1,11_4;32.03;5,23;11,07;0,08;0,87;4,36
08,11.2019 11:30:45;32.9;0.17;283.4;30.36164822969296;280.1;Module 1,11_4;33.74;5,59;11,67;0,08;0,97;4,63
08,11.2019 11:32:37;32.9;0.18;283.4;33.15872495636626;280.12;Module 1,11_4;36.82;5,92;12,75;0,09;1,15;4,77
08,11.2019 11:34:33;32.9;0.2;283.4;35.5007657491732;280.17;Module 1,11_4;39.39;6,58;13,65;0,10;1,32;5,26
08,11.2019 11:36:29;33.2;0.21;283.4;36.45674073861897;280.21;Module 1,11_4;40.42;6,97;14,02;0,10;1,40;5,58
08,11.2019 11:38:21;33.1;0.21;283.4;36.52799599524664;280.25;Module 1,11_4;40.47;6,95;14,05;0,10;1,40;5,55
08,11.2019 11:40:22;33.1;0.2;283.4;35.751699509120904;280.29;Module 1,11_4;39.58;6,62;13,75;0,10;1,34;5,28
08,11.2019 11:42:15;33.2;0.2;283.4;35.405754777868204;280.32;Module 1,11_4;39.17;6,64;13,62;0,10;1,32;5,32
08,11.2019 11:44:21;33.2;0.19;283.4;35.23332452225971;280.35;Module 1,11_4;38.95;6,31;13,55;0,10;1,30;5,00
08,11.2019 11:46:13;33.3;0.2;283.4;35.58213620492039;280.38;Module 1,11_4;39.31;6,66;13,68;0,10;1,33;5,33
08,11.2019 11:48:06;33.2;0.2;283.4;35.976356430717416;280.42;Module 1,11_4;39.72;6,64;13,84;0,10;1,36;5,28
08,11.2019 11:50:01;33.2;0.21;283.4;37.00537459870896;280.45;Module 1,11_4;40.83;6,97;14,23;0,10;1,44;5,53
08,11.2019 11:51:58;33.4;0.22;283.4;39.0694191488689;280.49;Module 1,11_4;43.08;7,35;15,02;0,11;1,60;5,75
08,11.2019 11:53:51;33.4;0.23;283.4;41.20720060546906;280.52;Module 1,11_4;45.41;7,68;15,84;0,11;1,78;5,90
08,11.2019 11:55:52;33.6;0.24;283.4;43.748256510326144;280.57;Module 1,11_4;48.18;8,06;16,82;0,12;2,01;6,05
08,11.2019 11:57:45;33.8;0.25;283.4;45.690304880931826;280.61;Module 1,11_4;50.29;8,45;17,57;0,12;2,19;6,26
08,11.2019 11:59:38;33.6;0.26;283.4;46.961260791632526;280.66;Module 1,11_4;51.66;8,74;18,05;0,13;2,32;6,42
08,11.2019 12:01:31;33.8;0.27;283.4;48.278500076571795;280.71;Module 1,11_4;53.08;9,13;18,56;0,13;2,45;6,68
08,11.2019 12:03:24;33.8;0.28;285.9;50.25178193713528;280.79;Module 1,11_4;55.22;9,46;19,34;0,14;2,66;6,81
08,11.2019 12:05:52;33.9;0.29;285.9;51.76133166046195;280.83;Module 1,11_4;56.84;9,83;19,92;0,14;2,82;7,01
08,11.2019 12:07:46;33.9;0.28;285.9;52.01561555959474;280.88;Module 1,11_4;57.09;9,49;20,02;0,14;2,85;6,65
08,11.2019 12:09:39;33.9;0.29;285.9;52.15992667214104;280.94;Module 1,11_4;57.22;9,83;20,08;0,14;2,86;6,97
08,11.2019 12:11:32;33.8;0.3;285.9;54.51085061750722;280.98;Module 1,11_4;59.77;10,14;20,98;0,15;3,13;7,01
08,11.2019 12:13:26;34;0.33;285.9;59.70136645430626;281.03;Module 1,11_4;65.43;11,22;22,98;0,16;3,75;7,47
08,11.2019 12:15:22;34.3;0.35;285.9;63.71903864802356;281.07;Module 1,11_4;69.8;12,00;24,51;0,17;4,27;7,73
08,11.2019 12:17:17;34.4;0.37;285.9;66.41521622213756;281.12;Module 1,11_4;72.72;12,73;25,53;0,18;4,64;8,09
08,11.2019 12:19:10;34.3;0.38;285.9;67.55015926046579;281.15;Module 1,11_4;73.93;13,03;25,96;0,18;4,80;8,23
08,11.2019 12:21:11;34.5;0.39;285.9;69.22680961620956;281.21;Module 1,11_4;75.73;13,46;26,59;0,19;5,04;8,41
08,11.2019 12:23:04;34.5;0.39;285.9;69.53948102434812;281.27;Module 1,11_4;76.04;13,46;26,70;0,19;5,09;8,37
08,11.2019 12:24:57;34.4;0.38;285.9;68.51598916080285;281.31;Module 1,11_4;74.89;13,07;26,33;0,19;4,94;8,13
08,11.2019 12:27:10;34.3;0.37;286.4;65.80239405142228;281.38;Module 1,11_4;71.89;12,69;25,30;0,18;4,56;8,13
08,11.2019 12:29:03;34.3;0.35;286.4;63.5572512445911;281.41;Module 1,11_4;69.41;12,00;24,45;0,17;4,25;7,75
08,11.2019 12:30:55;34.3;0.34;286.4;60.48515211863771;281.46;Module 1,11_4;66.03;11,66;23,28;0,17;3,85;7,81
08,11.2019 12:32:48;34.2;0.32;286.4;56.723120748774456;281.48;Module 1,11_4;61.9;10,94;21,84;0,16;3,39;7,56
08,11.2019 12:34:58;34.1;0.3;286.4;54.00576065959009;281.49;Module 1,11_4;58.91;10,23;20,79;0,15;3,07;7,16
08,11.2019 12:37:01;33.9;0.31;286.4;56.30097413858083;281.46;Module 1,11_4;61.39;10,51;21,67;0,15;3,34;7,17
08,11.2019 12:38:54;34;0.34;286.4;60.2102479412523;281.49;Module 1,11_4;65.63;11,56;23,17;0,16;3,82;7,74
08,11.2019 12:40:46;34.2;0.34;286.4;61.77210523721318;281.5;Module 1,11_4;67.31;11,63;23,77;0,17;4,02;7,61
08,11.2019 12:42:43;34.1;0.35;286.4;62.876370445781646;281.5;Module 1,11_4;68.49;11,94;24,20;0,17;4,16;7,77
08,11.2019 12:44:44;34.3;0.37;286.4;66.5712826949009;281.5;Module 1,11_4;72.49;12,69;25,59;0,18;4,66;8,03
08,11.2019 12:46:43;34.3;0.39;286.4;70.17582071837768;281.5;Module 1,11_4;76.39;13,38;26,95;0,19;5,18;8,19
08,11.2019 12:48:36;34.5;0.41;286.4;73.86359738099235;281.57;Module 1,11_4;80.38;14,14;28,27;0,20;5,74;8,41
08,11.2019 12:50:42;34.5;0.42;286.4;76.84777836680436;281.64;Module 1,11_4;83.6;14,49;29,28;0,21;6,21;8,28
08,11.2019 12:52:36;34.7;0.45;286.4;80.3732594380091;281.69;Module 1,11_4;87.41;15,62;30,36;0,22;6,78;8,83
08,11.2019 12:54:29;34.7;0.48;286.4;85.84059755079718;281.75;Module 1,11_4;93.33;16,66;31,73;0,24;7,71;8,94
08,11.2019 12:56:22;35.1;0.49;286.4;89.65428595529401;281.82;Module 1,11_4;97.45;17,20;32,45;0,26;8,38;8,82
08,11.2019 12:58:15;35.3;0.49;287.9;90.5061526031908;281.92;Module 1,11_4;98.35;17,30;32,44;0,26;8,53;8,76
08,11.2019 13:00:11;35.3;0.49;287.9;91.41363521714285;281.95;Module 1,11_4;99.31;17,30;32,57;0,27;8,70;8,60
08,11.2019 13:02:04;35.4;0.51;287.9;95.82821516110305;281.99;Module 1,11_4;104.08;18,05;33,16;0,29;9,49;8,57
08,11.2019 13:03:57;35.5;0.57;287.9;105.03315588475351;282.08;Module 1,11_4;114.05;20,23;34,02;0,33;11,18;9,06
08,11.2019 13:05:58;35.6;0.61;287.9;113.09213846470755;282.22;Module 1,11_4;122.77;21,72;34,56;0,37;12,69;9,03
08,11.2019 13:07:52;35.6;0.6;287.9;111.2384421143818;282.26;Module 1,11_4;120.73;21,36;34,45;0,36;12,34;9,02
08,11.2019 13:10:02;35.5;0.59;287.9;109.38646745944143;282.29;Module 1,11_4;118.69;20,95;34,34;0,35;11,99;8,95
08,11.2019 13:11:55;35.5;0.59;288.4;110.01809090592168;282.35;Module 1,11_4;119.35;20,95;34,30;0,35;12,10;8,84
08,11.2019 13:13:48;35.5;0.59;288.4;108.63004618215176;282.37;Module 1,11_4;117.82;20,95;34,21;0,35;11,84;9,10
08,11.2019 13:15:45;35.4;0.58;288.4;108.23741087863031;282.36;Module 1,11_4;117.37;20,53;34,18;0,34;11,77;8,76
08,11.2019 13:17:41;35.4;0.57;288.4;106.580009578595;282.38;Module 1,11_4;115.55;20,18;34,07;0,34;11,46;8,72
08,11.2019 13:19:39;35.3;0.55;288.4;101.36051588339535;282.39;Module 1,11_4;109.87;19,41;33,65;0,31;10,50;8,92
08,11.2019 13:21:32;35.2;0.51;288.4;94.42132197980781;282.45;Module 1,11_4;102.33;17,95;32,92;0,28;9,23;8,72
08,11.2019 13:23:52;35.1;0.45;288.4;83.32026508296023;282.5;Module 1,11_4;90.28;15,80;31,01;0,23;7,29;8,51
08,11.2019 13:25:45;35;0.42;288.4;79.06936839538102;282.55;Module 1,11_4;85.66;14,70;29,91;0,22;6,58;8,12
08,11.2019 13:27:41;34.5;0.46;288.4;85.02760092911731;282.59;Module 1,11_4;92.1;15,87;31,39;0,24;7,58;8,29
08,11.2019 13:29:34;34.6;0.52;288.4;95.28959226713943;282.57;Module 1,11_4;103.2;17,99;33,02;0,28;9,39;8,60
08,11.2019 13:31:26;34.8;0.49;288.4;87.67528320467163;282.6;Module 1,11_4;94.94;17,05;31,91;0,25;8,04;9,02
08,11.2019 13:33:21;34.7;0.43;288.4;78.58080519119594;282.6;Module 1,11_4;85.08;14,92;29,76;0,22;6,50;8,42
08,11.2019 13:35:13;34.5;0.34;288.4;62.20407577817664;282.59;Module 1,11_4;67.34;11,73;23,95;0,17;4,08;7,65
08,11.2019 13:37:11;33.8;0.33;288.4;61.00197811564475;282.5;Module 1,11_4;66.03;11,15;23,49;0,17;3,92;7,23
08,11.2019 13:39:04;33.8;0.37;288.4;67.7264501485022;282.46;Module 1,11_4;73.3;12,51;26,04;0,19;4,84;7,67
08,11.2019 13:40:58;34.1;0.39;287.9;71.53207964641932;282.39;Module 1,11_4;77.41;13,30;27,44;0,20;5,39;7,91
08,11.2019 13:42:52;34.3;0.45;287.9;79.69092784460821;282.35;Module 1,11_4;86.23;15,43;30,10;0,22;6,68;8,76
08,11.2019 13:44:44;34.4;0.47;287.9;84.40334145257778;282.38;Module 1,11_4;91.32;16,17;31,30;0,24;7,47;8,70
08,11.2019 13:46:41;34.5;0.5;287.9;90.0131326241007;282.4;Module 1,11_4;97.38;17,25;32,36;0,26;8,45;8,80
08,11.2019 13:48:33;34.7;0.52;287.9;95.23476893778633;282.43;Module 1,11_4;103.02;18,04;33,09;0,28;9,38;8,66
08,11.2019 13:50:29;34.9;0.5;287.9;92.1086876867736;282.5;Module 1,11_4;99.63;17,45;32,67;0,27;8,82;8,63
08,11.2019 13:53:14;34.7;0.48;287.9;88.753096990232;282.47;Module 1,11_4;95.99;16,66;32,15;0,26;8,22;8,43
08,11.2019 13:55:07;34.6;0.47;287.9;84.30210934875544;282.41;Module 1,11_4;91.17;16,26;31,27;0,24;7,45;8,81
08,11.2019 13:57:05;34.5;0.39;287.9;68.97544360959672;282.35;Module 1,11_4;74.59;13,46;26,50;0,19;5,01;8,44
08,11.2019 13:59:01;34.3;0.32;287.9;59.69449215692906;282.32;Module 1,11_4;64.55;10,98;22,98;0,16;3,76;7,22
08,11.2019 14:00:56;33.6;0.32;287.9;57.11713944075336;282.25;Module 1,11_4;61.76;10,75;22,00;0,16;3,44;7,31
08,11.2019 14:02:49;34;0.32;287.9;58.608547897175825;282.2;Module 1,11_4;63.37;10,88;22,57;0,16;3,62;7,26
08,11.2019 14:04:46;33.8;0.35;287.9;62.62474796952476;282.17;Module 1,11_4;67.71;11,83;24,11;0,17;4,13;7,70
08,11.2019 14:06:54;34;0.33;287.9;59.63002420961054;282.15;Module 1,11_4;64.47;11,22;22,96;0,16;3,75;7,47
08,11.2019 14:09:03;33.9;0.3;287.9;55.3397365755789;282.14;Module 1,11_4;59.83;10,17;21,31;0,15;3,23;6,94
08,11.2019 14:10:56;33.8;0.28;287.9;50.928495393213865;282.1;Module 1,11_4;55.06;9,46;19,62;0,14;2,73;6,73
08,11.2019 14:12:49;33.6;0.25;287.9;44.04715726705228;282.08;Module 1,11_4;47.62;8,40;16,97;0,12;2,04;6,36
08,11.2019 14:14:45;33.4;0.19;287.9;36.57348102731117;282.04;Module 1,11_4;39.54;6,35;14,09;0,10;1,41;4,94
08,11.2019 14:16:48;32.9;0.19;287.9;35.1766139988167;281.92;Module 1,11_4;38.03;6,25;13,55;0,10;1,30;4,95
08,11.2019 14:18:52;32.7;0.22;286.4;39.107266802056984;281.87;Module 1,11_4;42.28;7,19;15,05;0,11;1,61;5,58
08,11.2019 14:20:55;33;0.2;286.4;36.51667077974656;281.8;Module 1,11_4;39.48;6,60;14,05;0,10;1,40;5,20
08,11.2019 14:22:51;33;0.17;286.4;31.410202451318224;281.75;Module 1,11_4;33.96;5,61;12,09;0,09;1,04;4,57
08,11.2019 14:24:46;32.9;0.14;285.9;26.85875539123055;281.73;Module 1,11_4;29.04;4,61;10,34;0,07;0,76;3,85
08,11.2019 14:26:40;32.5;0.14;285.9;25.38721673901228;281.71;Module 1,11_4;27.45;4,55;9,77;0,07;0,68;3,87
08,11.2019 14:28:33;31.7;0.14;285.9;25.6265442138519;281.64;Module 1,11_4;27.71;4,44;9,86;0,07;0,69;3,75
08,11.2019 14:30:26;31.9;0.13;285.9;24.48778084892438;281.57;Module 1,11_4;26.48;4,15;9,42;0,07;0,63;3,52
08,11.2019 14:32:20;31.9;0.14;285.9;26.69642209292099;281.53;Module 1,11_4;28.87;4,47;10,27;0,07;0,75;3,72
08,11.2019 14:34:16;32.1;0.19;285.9;34.563438068946134;281.49;Module 1,11_4;37.38;6,10;13,30;0,09;1,26;4,84
08,11.2019 14:36:15;32.8;0.2;285.9;36.835315379517624;281.48;Module 1,11_4;39.84;6,56;14,18;0,10;1,43;5,13
08,11.2019 14:38:07;33;0.2;285.9;38.552049576462466;281.46;Module 1,11_4;41.7;6,60;14,84;0,11;1,56;5,04
08,11.2019 14:40:13;33.3;0.24;285.9;43.85455904104576;281.48;Module 1,11_4;47.44;7,99;16,88;0,12;2,02;5,97
08,11.2019 14:42:18;33.5;0.25;285.9;46.049940399970616;281.51;Module 1,11_4;49.82;8,38;17,73;0,13;2,23;6,14
08,11.2019 14:44:12;33.6;0.3;285.9;53.48534475563911;281.55;Module 1,11_4;57.87;10,08;20,59;0,15;3,01;7,07
08,11.2019 14:46:05;33.6;0.25;285.9;45.97562723897901;281.58;Module 1,11_4;49.75;8,40;17,70;0,13;2,22;6,18
08,11.2019 14:47:59;33.6;0.27;286.4;48.760860619460075;281.6;Module 1,11_4;52.77;9,07;18,77;0,13;2,50;6,57
08,11.2019 14:49:47;33.6;0.26;286.4;47.05516741567292;281.6;Module 1,11_4;50.93;8,74;18,12;0,13;2,33;6,41
08,11.2019 14:51:42;33.7;0.33;285.9;59.28929044823329;281.61;Module 1,11_4;64.18;11,12;22,81;0,16;3,70;7,42
08,11.2019 14:53:40;34.1;0.36;285.9;64.10234759868754;281.65;Module 1,11_4;69.4;12,28;24,66;0,18;4,32;7,95
08,11.2019 14:55:34;34.2;0.37;285.9;65.83846778458816;281.66;Module 1,11_4;71.29;12,65;25,32;0,18;4,56;8,09
08,11.2019 14:57:27;34.2;0.35;286.4;62.402666000741505;281.71;Module 1,11_4;67.58;11,97;24,02;0,17;4,10;7,87
08,11.2019 14:59:19;34.1;0.32;286.4;57.79501867677377;281.73;Module 1,11_4;62.6;10,91;22,25;0,16;3,52;7,40
08,11.2019 15:01:14;34;0.28;286.4;50.99123444293189;281.75;Module 1,11_4;55.24;9,52;19,63;0,14;2,74;6,78
08,11.2019 15:03:18;33.7;0.27;286.4;48.19418823642851;281.64;Module 1,11_4;52.22;9,10;18,55;0,13;2,44;6,65
08,11.2019 15:05:12;33.6;0.28;286.4;48.840339682636255;281.51;Module 1,11_4;52.93;9,41;18,80;0,13;2,51;6,90
08,11.2019 15:07:12;33.7;0.32;286.4;55.09438706655464;281.41;Module 1,11_4;59.72;10,78;21,21;0,15;3,20;7,59
08,11.2019 15:09:05;34.1;0.3;286.4;51.569066831885465;281.27;Module 1,11_4;55.91;10,23;19,85;0,14;2,80;7,43
08,11.2019 15:10:58;34.1;0.28;286.4;49.07758332562145;281.17;Module 1,11_4;53.22;9,55;18,89;0,13;2,54;7,01
08,11.2019 15:12:57;33.8;0.23;286.4;39.542482489193475;281.1;Module 1,11_4;42.89;7,77;15,23;0,11;1,65;6,13
08,11.2019 15:14:50;33.6;0.2;286.4;34.49152352668041;281;Module 1,11_4;37.42;6,72;13,28;0,09;1,25;5,47
08,11.2019 15:16:49;33;0.21;285.9;36.6945075614556;280.86;Module 1,11_4;39.82;6,93;14,13;0,10;1,42;5,51
08,11.2019 15:18:47;33.2;0.18;285.9;31.378502857191616;280.72;Module 1,11_4;34.06;5,98;12,08;0,09;1,04;4,94
08,11.2019 15:20:41;32.9;0.21;285.9;35.8281631499775;280.61;Module 1,11_4;38.9;6,91;13,79;0,10;1,35;5,56
08,11.2019 15:22:34;33.2;0.24;285.9;40.51462429410238;280.57;Module 1,11_4;44;7,97;15,59;0,11;1,73;6,24
08,11.2019 15:24:35;33.6;0.24;285.9;42.75788111102103;280.54;Module 1,11_4;46.45;8,06;16,46;0,12;1,92;6,14
08,11.2019 15:26:33;33.6;0.24;285.9;41.18985685688178;280.46;Module 1,11_4;44.76;8,06;15,85;0,11;1,79;6,28
08,11.2019 15:28:26;33.6;0.21;285.9;37.378149289799616;280.44;Module 1,11_4;40.63;7,06;14,38;0,10;1,47;5,59
08,11.2019 15:30:52;33.4;0.19;285.9;33.08708343150869;280.39;Module 1,11_4;35.98;6,35;12,73;0,09;1,15;5,19
08,11.2019 15:32:44;33;0.2;285.9;33.81198195291282;280.35;Module 1,11_4;36.78;6,60;13,02;0,09;1,20;5,40
08,11.2019 15:34:50;33.1;0.26;284.4;45.12104195298468;280.3;Module 1,11_4;49.1;8,61;17,36;0,12;2,14;6,47
08,11.2019 15:36:45;33.4;0.34;284.4;56.79030288356179;280.29;Module 1,11_4;61.82;11,36;21,84;0,16;3,39;7,97
08,11.2019 15:38:41;34.3;0.36;284.4;62.08649677535946;280.31;Module 1,11_4;67.61;12,35;23,88;0,17;4,05;8,30
08,11.2019 15:40:34;34.4;0.31;285.9;53.59998966978959;280.31;Module 1,11_4;58.39;10,66;20,63;0,15;3,02;7,64
08,11.2019 15:42:39;34.2;0.26;285.9;46.78732480724199;280.28;Module 1,11_4;50.99;8,89;18,01;0,13;2,30;6,59
08,11.2019 15:44:33;33.8;0.28;285.9;48.89666992869843;280.25;Module 1,11_4;53.31;9,46;18,82;0,13;2,52;6,95
08,11.2019 15:46:28;33.9;0.32;285.9;57.07293541205825;280.22;Module 1,11_4;62.25;10,85;21,97;0,16;3,43;7,42
08,11.2019 15:48:21;34.1;0.39;285.9;69.75097926018951;280.19;Module 1,11_4;76.11;13,30;26,79;0,19;5,12;8,18
08,11.2019 15:50:23;34.7;0.48;285.9;82.0296662464693;280.21;Module 1,11_4;89.55;16,66;30,84;0,23;7,06;9,60
08,11.2019 15:52:16;34.9;0.5;285.9;88.99738521719695;280.26;Module 1,11_4;97.2;17,45;32,39;0,26;8,27;9,18
08,11.2019 15:54:13;35.5;0.51;286.4;89.33006673491147;280.39;Module 1,11_4;97.61;18,11;32,40;0,26;8,33;9,78
08,11.2019 15:56:13;35.4;0.46;286.4;81.71104896943352;280.46;Module 1,11_4;89.33;16,28;30,73;0,23;7,01;9,28
08,11.2019 15:58:06;35.3;0.38;286.4;67.49982615407127;280.52;Module 1,11_4;73.83;13,41;25,95;0,18;4,80;8,62
08,11.2019 16:00:01;35.1;0.31;286.4;56.36246057738554;280.5;Module 1,11_4;61.68;10,88;21,70;0,15;3,34;7,54
08,11.2019 16:01:59;34.8;0.28;286.4;49.50939742804593;280.47;Module 1,11_4;54.21;9,74;19,06;0,14;2,58;7,16
08,11.2019 16:03:52;33.8;0.26;286.4;46.78993284004319;280.42;Module 1,11_4;51.26;8,79;18,02;0,13;2,30;6,48
08,11.2019 16:05:49;33.6;0.26;286.4;47.33770685064154;280.35;Module 1,11_4;51.89;8,74;18,23;0,13;2,36;6,38
08,11.2019 16:08:24;33.7;0.27;285.9;49.33299960067848;280.35;Module 1,11_4;54.12;9,10;18,98;0,13;2,56;6,54
08,11.2019 16:10:31;33.9;0.31;285.9;55.05689459787963;280.26;Module 1,11_4;60.44;10,51;21,19;0,15;3,19;7,32
08,11.2019 16:14:24;34.3;0.35;285.9;62.92772158751241;280.24;Module 1,11_4;69.17;12,00;24,21;0,17;4,17;7,84
08,11.2019 16:17:00;34.2;0.31;285.9;54.199094959706834;280.25;Module 1,11_4;59.63;10,60;20,86;0,15;3,09;7,51
08,11.2019 16:22:02;33.6;0.25;285.9;43.79123516567233;280.12;Module 1,11_4;48.27;8,40;16,85;0,12;2,02;6,38
08,11.2019 16:24:35;33.5;0.23;285.9;39.86793512709838;280.08;Module 1,11_4;43.99;7,71;15,34;0,11;1,67;6,03
09,11.2019 12:26:56;31.5;0.09;281.9;17.53701082227502;278.32;Module 1,11_4;19.18;2,83;6,74;0,05;0,32;2,51
09,11.2019 12:49:31;33.8;0.27;282.4;47.08370732495732;278.58;Module 1,11_4;51.28;9,13;18,09;0,13;2,33;6,80
09,11.2019 13:02:45;33.5;0.2;282.4;38.66435384418999;278.82;Module 1,11_4;42.03;6,70;14,86;0,11;1,57;5,13
09,11.2019 13:20:24;34.7;0.44;284.4;99.26400380516914;279.47;Module 1,11_4;107.69;15,27;34,00;0,30;10,13;5,14
09,11.2019 13:23:16;35.6;0.54;283.4;103.09840337808137;279.57;Module 1,11_4;111.82;19,22;34,52;0,31;10,85;8,37
09,11.2019 13:25:08;35.9;0.69;283.4;143.90246238185603;279.88;Module 1,11_4;156.05;24,77;36,50;0,51;18,78;5,99
09,11.2019 13:37:23;35.1;0.41;285.9;141.3596739709023;280.02;Module 1,11_4;153.15;14,39;36,02;0,50;18,18;-3,79
09,11.2019 13:43:38;34.2;0.34;285.9;390.01684928920076;281.22;Module 1,11_4;422.39;11,63;37,84;1,79;67,78;-56,15
09,11.2019 13:57:46;36.8;2.78;289.9;683.7309764834995;282.6;Module 1,11_4;740.05;102,30;36,90;3,33;122,70;-20,39
09,11.2019 13:59:39;36.2;1.06;289.9;233.2132268043902;282.95;Module 1,11_4;252.41;38,37;36,64;0,98;35,95;2,42
09,11.2019 14:03:36;36.8;1.93;290.4;338.2587343343558;283.27;Module 1,11_4;366.07;71,02;37,00;1,53;56,50;14,52
09,11.2019 14:18:52;35;0.8;294;181.98342609605555;283.81;Module 1,11_4;196.93;28,00;35,41;0,72;25,58;2,42
09,11.2019 14:22:46;34.8;0.72;292.5;147.56298998933076;283;Module 1,11_4;159.69;25,06;35,05;0,54;19,09;5,96
09,11.2019 14:24:41;35.6;0.95;292.5;199.61786653577298;282.8;Module 1,11_4;216.03;33,82;35,89;0,81;29,11;4,71
09,11.2019 14:26:33;36.3;1.13;292.5;233.82557125246552;282.69;Module 1,11_4;253.06;41,02;36,20;0,99;35,75;5,27
09,11.2019 14:28:27;36.2;1.06;292.5;221.66483955710947;282.67;Module 1,11_4;239.91;38,37;36,10;0,92;33,39;4,98
09,11.2019 14:30:22;36.3;1.14;292.5;230.94743967385705;282.66;Module 1,11_4;249.97;41,38;36,17;0,97;35,19;6,19
09,11.2019 14:32:57;36;1.1;291.9;227.96279514160955;282.73;Module 1,11_4;246.76;39,60;36,26;0,96;34,68;4,92
09,11.2019 14:34:50;36.4;1.19;291.9;246.5701801273699;282.79;Module 1,11_4;266.92;43,32;36,38;1,05;38,31;5,00
09,11.2019 14:36:55;35.9;0.94;291.9;191.6734945674856;282.89;Module 1,11_4;207.51;33,75;35,91;0,77;27,62;6,12
09,11.2019 14:39:11;35.7;0.97;291.9;196.9001601476855;282.87;Module 1,11_4;213.19;34,63;35,97;0,80;28,64;5,99
09,11.2019 14:41:06;35.7;0.97;291.9;194.19441765928042;282.88;Module 1,11_4;210.28;34,63;35,94;0,78;28,11;6,51
09,11.2019 14:43:16;35.8;0.93;291.9;185.97246891372842;282.84;Module 1,11_4;201.4;33,29;35,84;0,74;26,52;6,77
09,11.2019 14:46:00;35.2;0.69;291.4;137.6477980014683;282.69;Module 1,11_4;149.09;24,29;34,98;0,49;17,25;7,04
09,11.2019 14:48:27;34.6;0.55;291.4;107.10852482533524;282.48;Module 1,11_4;116.03;19,03;33,65;0,34;11,52;7,51
09,11.2019 14:50:29;34.1;0.38;290.4;75.35238465793734;282.32;Module 1,11_4;81.64;12,96;28,70;0,21;5,99;6,97
09,11.2019 14:52:31;33.9;0.31;290.4;60.861866133754724;282.19;Module 1,11_4;65.95;10,51;23,45;0,17;3,91;6,60
09,11.2019 14:54:23;33.6;0.34;290.4;66.75860873699509;282.01;Module 1,11_4;72.35;11,42;25,69;0,18;4,71;6,72
09,11.2019 14:56:16;33.8;0.35;289.9;68.16006881186166;281.89;Module 1,11_4;73.88;11,83;26,20;0,19;4,90;6,93
09,11.2019 14:58:09;33.9;0.3;289.9;58.81423298796967;281.71;Module 1,11_4;63.76;10,17;22,66;0,16;3,65;6,52
09,11.2019 15:00:01;33.8;0.26;288.4;53.18783203204036;281.62;Module 1,11_4;57.67;8,79;20,49;0,15;2,98;5,81
09,11.2019 15:01:54;33.7;0.27;288.4;53.7410277875444;281.53;Module 1,11_4;58.28;9,10;20,70;0,15;3,05;6,05
09,11.2019 15:03:50;34.3;0.42;288.4;86.48761931866427;281.5;Module 1,11_4;93.81;14,41;31,69;0,25;7,83;6,58
09,11.2019 15:05:44;35.4;0.76;287.9;160.9496395179296;281.59;Module 1,11_4;174.61;26,90;36,13;0,61;21,92;4,98
09,11.2019 15:07:36;36.4;1.27;287.9;261.17684646667226;281.78;Module 1,11_4;283.4;46,23;37,16;1,12;41,75;4,48
09,11.2019 15:09:29;38.1;1.46;289.9;291.6481080995055;282.41;Module 1,11_4;316.53;55,63;36,95;1,28;47,45;8,17
09,11.2019 15:11:23;36.4;0.83;289.9;154.24401551051477;282.75;Module 1,11_4;167.44;30,21;35,65;0,58;20,51;9,71
09,11.2019 15:13:17;35.4;0.56;289.9;113.79623943016807;282.82;Module 1,11_4;123.56;19,82;34,29;0,37;12,79;7,04
09,11.2019 15:15:11;34.6;0.46;289.9;91.65255194130944;282.77;Module 1,11_4;99.54;15,92;32,38;0,27;8,73;7,18
09,11.2019 15:17:04;34.4;0.44;289.9;85.84917928903107;282.7;Module 1,11_4;93.26;15,14;31,42;0,25;7,72;7,42
09,11.2019 15:19:02;34.4;0.46;289.9;90.03213801251938;282.6;Module 1,11_4;97.83;15,82;32,14;0,26;8,45;7,38
09,11.2019 15:20:55;34.5;0.48;289.9;91.50806790231641;282.42;Module 1,11_4;99.46;16,56;32,36;0,27;8,71;7,85
09,11.2019 15:22:51;34.4;0.45;289.9;85.4209427090174;282.35;Module 1,11_4;92.87;15,48;31,34;0,24;7,65;7,83
09,11.2019 15:24:43;34.3;0.37;288.4;69.50741568485111;282.26;Module 1,11_4;75.59;12,69;26,70;0,19;5,09;7,60
09,11.2019 15:26:43;34.1;0.3;288.4;56.90125020975968;282.17;Module 1,11_4;61.9;10,23;21,92;0,16;3,41;6,82
09,11.2019 15:28:42;33.6;0.31;288.4;57.74678705627542;282.04;Module 1,11_4;62.84;10,42;22,24;0,16;3,52;6,90
09,11.2019 15:30:43;33.7;0.3;288.4;57.04744139299946;281.91;Module 1,11_4;62.1;10,11;21,98;0,16;3,43;6,68
09,11.2019 15:32:44;33.9;0.3;288.4;58.680385997182285;281.81;Module 1,11_4;63.9;10,17;22,60;0,16;3,63;6,54
09,11.2019 15:34:44;33.7;0.3;287.9;57.09864934019369;281.71;Module 1,11_4;62.2;10,11;21,99;0,16;3,44;6,67
09,11.2019 15:36:39;33.8;0.26;287.9;50.55369306840534;281.64;Module 1,11_4;55.09;8,79;19,48;0,14;2,69;6,09
09,11.2019 15:38:32;33.7;0.24;287.9;47.76502127768892;281.54;Module 1,11_4;52.07;8,09;18,40;0,13;2,40;5,68
09,11.2019 15:40:25;33.4;0.32;287.9;62.84976012855291;281.46;Module 1,11_4;68.54;10,69;24,20;0,17;4,16;6,53
09,11.2019 15:42:27;33.9;0.29;287.9;57.433877749567024;281.45;Module 1,11_4;62.66;9,83;22,12;0,16;3,48;6,35
09,11.2019 15:44:20;33.7;0.23;286.4;47.94623272047326;281.41;Module 1,11_4;52.33;7,75;18,46;0,13;2,42;5,33
09,11.2019 15:46:13;33.6;0.19;286.4;39.09762391402731;281.39;Module 1,11_4;42.69;6,38;15,05;0,11;1,61;4,78
09,11.2019 15:48:06;33.5;0.2;286.4;42.44068688483668;281.36;Module 1,11_4;46.36;6,70;16,34;0,12;1,90;4,80
09,11.2019 15:49:58;33.8;0.33;286.4;65.85687662819332;281.39;Module 1,11_4;71.97;11,15;25,33;0,18;4,57;6,59
09,11.2019 15:51:54;34.6;0.51;286.4;100.83839262618967;281.43;Module 1,11_4;110.25;17,65;33,88;0,31;10,41;7,23
09,11.2019 15:53:47;34.9;0.64;286.4;126.73636173043789;281.52;Module 1,11_4;138.63;22,34;35,45;0,43;15,32;7,01
09,11.2019 15:55:42;36.3;0.77;286.4;155.33865910846896;281.7;Module 1,11_4;170;27,95;36,27;0,58;20,90;7,05
09,11.2019 15:57:35;36.1;0.76;287.9;153.5808679185047;281.89;Module 1,11_4;168.16;27,44;35,98;0,57;20,48;6,96
09,11.2019 15:59:28;36;0.73;287.9;149.09308628709982;282.05;Module 1,11_4;163.33;26,28;35,88;0,55;19,61;6,67
09,11.2019 16:01:21;35.8;0.69;287.9;140.14619277848755;282.16;Module 1,11_4;153.61;24,70;35,64;0,50;17,87;6,83
09,11.2019 16:03:14;35.7;0.64;287.9;128.80841654612615;282.17;Module 1,11_4;141.26;22,85;35,28;0,44;15,68;7,17
09,11.2019 16:05:06;35.6;0.64;287.9;128.36305801089082;282.17;Module 1,11_4;140.85;22,78;35,27;0,44;15,59;7,19
09,11.2019 16:07:05;35.6;0.68;288.4;135.5984025480431;282.25;Module 1,11_4;148.88;24,21;35,42;0,48;16,97;7,24
09,11.2019 16:08:58;35.6;0.64;288.4;127.57094863782024;282.29;Module 1,11_4;140.15;22,78;35,15;0,44;15,43;7,36
09,11.2019 16:10:52;35.3;0.58;288.4;114.4104978824349;282.32;Module 1,11_4;125.77;20,47;34,55;0,37;12,93;7,55
09,11.2019 16:12:45;34.9;0.52;288.4;103.24682874143733;282.29;Module 1,11_4;113.57;18,15;33,81;0,32;10,84;7,30
09,11.2019 16:14:39;34.7;0.44;288.4;88.41551538702365;282.26;Module 1,11_4;97.32;15,27;32,04;0,25;8,17;7,10
09,11.2019 16:16:37;34.5;0.41;288.4;83.22379173453713;282.22;Module 1,11_4;91.67;14,14;30,98;0,23;7,27;6,88
09,11.2019 16:18:30;34.5;0.41;288.4;82.36750992997597;282.21;Module 1,11_4;90.79;14,14;30,78;0,23;7,12;7,02
09,11.2019 16:20:23;34.3;0.36;287.9;73.15196316958738;282.22;Module 1,11_4;80.69;12,35;28,01;0,20;5,64;6,71
09,11.2019 16:22:28;34.4;0.33;287.9;65.91779694719425;282.25;Module 1,11_4;72.77;11,35;25,36;0,18;4,58;6,77
09,11.2019 16:24:21;34.6;0.34;287.9;69.10779987446061;282.24;Module 1,11_4;76.35;11,76;26,55;0,19;5,03;6,73
09,11.2019 16:26:15;35.5;0.56;288.4;112.23004174250599;282.32;Module 1,11_4;124.09;19,88;34,43;0,36;12,52;7,36
09,11.2019 16:28:09;36;0.69;288.4;145.30307702865497;282.41;Module 1,11_4;160.79;24,84;35,70;0,53;18,85;5,99
09,11.2019 16:30:02;36.7;0.81;288.4;168.17863298945872;282.45;Module 1,11_4;186.26;29,73;36,17;0,64;23,31;6,42
09,11.2019 16:31:56;36.7;0.75;289.9;158.0812167111811;282.5;Module 1,11_4;175.23;27,53;35,73;0,59;21,25;6,28
09,11.2019 16:33:49;36.7;0.73;289.9;155.5515133506943;282.55;Module 1,11_4;172.58;26,79;35,68;0,58;20,76;6,03
09,11.2019 16:35:42;36.8;1.3;289.9;246.93492931769836;282.6;Module 1,11_4;274.22;47,84;36,73;1,05;38,65;9,19
09,11.2019 16:38:06;38.1;1.57;289.9;372.9916086396106;283.22;Module 1,11_4;414.71;59,82;37,14;1,71;63,41;-3,60
09,11.2019 16:39:58;37.2;0.91;290.4;178.31147411041735;283.5;Module 1,11_4;198.45;33,85;35,99;0,70;25,15;8,70
09,11.2019 16:41:51;35.2;0.47;290.4;93.8712804574667;283.46;Module 1,11_4;104.58;16,54;32,60;0,28;9,13;7,42
09,11.2019 16:43:47;35;0.4;290.4;84.28319088466097;283.1;Module 1,11_4;94;14,00;31,07;0,24;7,45;6,55
09,11.2019 16:45:45;34.8;0.39;289.9;80.6315280886052;282.74;Module 1,11_4;90.03;13,57;30,26;0,23;6,84;6,73
09,11.2019 16:47:37;34.8;0.44;289.9;88.2885930519312;282.49;Module 1,11_4;98.69;15,31;31,87;0,26;8,14;7,17
09,11.2019 16:49:30;35.1;0.51;289.9;102.81320839145502;282.29;Module 1,11_4;115.06;17,90;33,55;0,32;10,75;7,15
09,11.2019 16:51:23;35.3;0.56;289.9;108.31187220856927;282.22;Module 1,11_4;121.36;19,77;33,96;0,35;11,76;8,00
09,11.2019 16:53:33;35.4;0.56;289.9;111.56939458386066;282.28;Module 1,11_4;125.19;19,82;34,16;0,36;12,37;7,45
09,11.2019 16:55:26;35.2;0.52;288.4;100.62848448024353;282.26;Module 1,11_4;113.06;18,30;33,59;0,31;10,36;7,94
09,11.2019 16:57:29;34.9;0.44;288.4;84.7860924528239;282.2;Module 1,11_4;95.4;15,36;31,34;0,24;7,54;7,82
09,11.2019 16:59:22;34.6;0.39;288.4;76.28991434000629;282.14;Module 1,11_4;85.96;13,49;29,05;0,21;6,13;7,37
09,11.2019 17:01:14;34.5;0.34;288.4;66.62720357599044;282.07;Module 1,11_4;75.18;11,73;25,63;0,18;4,68;7,05
09,11.2019 17:03:07;34.3;0.3;288.4;57.8112586128138;281.95;Module 1,11_4;65.33;10,29;22,27;0,16;3,52;6,77
09,11.2019 17:05:10;34.2;0.29;287.9;54.480337163535346;281.87;Module 1,11_4;61.67;9,92;20,98;0,15;3,13;6,79
09,11.2019 17:07:03;34;0.32;287.9;60.9986959530841;281.8;Module 1,11_4;69.16;10,88;23,48;0,17;3,92;6,96
09,11.2019 17:09:00;34.2;0.35;287.9;66.60729894397463;281.78;Module 1,11_4;75.65;11,97;25,62;0,18;4,68;7,29
09,11.2019 17:10:52;34.1;0.31;287.9;60.69157243683594;281.76;Module 1,11_4;69.05;10,57;23,37;0,17;3,88;6,69
09,11.2019 17:12:45;34;0.25;287.9;49.00091087412518;281.63;Module 1,11_4;55.85;8,50;18,88;0,13;2,53;5,97
09,11.2019 17:14:39;33.8;0.23;287.9;44.4159155893284;281.47;Module 1,11_4;50.72;7,77;17,11;0,12;2,08;5,69
09,11.2019 17:16:40;33.4;0.23;287.9;44.54162769936198;281.32;Module 1,11_4;50.97;7,68;17,16;0,12;2,09;5,59
09,11.2019 17:18:36;33.6;0.23;287.9;44.335327986845584;281.25;Module 1,11_4;50.84;7,73;17,08;0,12;2,07;5,66
09,11.2019 17:20:29;33.5;0.24;286.4;46.7215966872119;281.19;Module 1,11_4;53.69;8,04;17,98;0,13;2,30;5,74
09,11.2019 17:22:31;33.6;0.23;286.4;44.535404167565105;281.18;Module 1,11_4;51.3;7,73;17,15;0,12;2,09;5,64
09,11.2019 17:24:27;33.9;0.23;285.9;51.644468119385806;281.19;Module 1,11_4;59.63;7,80;19,88;0,14;2,81;4,99
09,11.2019 17:26:20;34.1;0.23;285.9;44.46136694804047;281.23;Module 1,11_4;51.46;7,84;17,11;0,12;2,08;5,76
09,11.2019 17:28:15;34.3;0.25;285.9;66.91802981156297;281.28;Module 1,11_4;77.65;8,57;25,73;0,18;4,71;3,86
09,11.2019 17:30:08;38.4;0.65;286.4;171.14089960432494;281.48;Module 1,11_4;199.11;24,96;36,56;0,66;24,02;0,94
09,11.2019 17:32:01;38.1;0.68;286.4;175.17175128124114;281.84;Module 1,11_4;204.36;25,91;36,63;0,68;24,82;1,09
09,11.2019 17:33:54;38.2;0.7;286.4;136.67726086571804;282.32;Module 1,11_4;159.91;26,74;35,79;0,48;17,25;9,49
09,11.2019 17:35:47;38.6;0.7;288.4;97.40039107695979;282.55;Module 1,11_4;114.3;27,02;33,27;0,29;9,77;17,25
09,11.2019 17:37:40;39;0.52;288.4;67.5919564286273;282.56;Module 1,11_4;79.57;20,28;25,99;0,19;4,82;15,46
09,11.2019 17:39:58;37.8;0.38;289.9;55.862960526737076;282.36;Module 1,11_4;66.03;14,36;21,53;0,15;3,29;11,07
09,11.2019 17:41:52;34;0.29;289.9;53.34713229981309;282.17;Module 1,11_4;63.28;9,86;20,56;0,15;3,00;6,86
09,11.2019 17:43:45;37.9;0.39;288.4;63.632843765034686;281.92;Module 1,11_4;75.76;14,78;24,50;0,17;4,27;10,51
09,11.2019 17:45:38;38.8;0.28;288.4;51.84002996456847;281.78;Module 1,11_4;61.96;10,86;19,97;0,14;2,83;8,03
09,11.2019 17:47:42;38.8;0.34;288.4;73.44586109356408;281.7;Module 1,11_4;88.18;13,19;28,11;0,20;5,68;7,51
09,11.2019 17:49:35;37.4;0.33;289.9;59.77582627275122;281.66;Module 1,11_4;72.08;12,34;23,03;0,16;3,77;8,57
09,11.2019 17:51:28;36.2;0.25;289.9;49.27413428244351;281.6;Module 1,11_4;59.69;9,05;18,99;0,13;2,56;6,49
09,11.2019 17:53:21;34.6;0.24;288.4;43.74492077314481;281.51;Module 1,11_4;53.25;8,30;16,85;0,12;2,02;6,29
09,11.2019 17:55:25;34.8;0.26;288.4;47.88434429197558;281.4;Module 1,11_4;58.62;9,05;18,45;0,13;2,42;6,63
09,11.2019 17:57:18;34.7;0.24;287.9;43.494975219522736;281.32;Module 1,11_4;53.54;8,33;16,76;0,12;1,99;6,33
09,11.2019 17:59:11;34.5;0.22;287.9;41.35158598542156;281.25;Module 1,11_4;51.2;7,59;15,93;0,11;1,80;5,79
09,11.2019 18:01:04;34.1;0.2;287.9;36.27906604877427;281.16;Module 1,11_4;45.2;6,82;13,98;0,10;1,39;5,43
09,11.2019 18:03:05;34;0.18;286.4;32.004609889126726;281.1;Module 1,11_4;40.16;6,12;12,32;0,09;1,08;5,04
09,11.2019 18:04:57;33.9;0.15;286.4;27.74315586837222;281.07;Module 1,11_4;35.06;5,08;10,68;0,08;0,81;4,27
09,11.2019 18:06:51;33.4;0.15;286.4;28.32266606105237;281.01;Module 1,11_4;36.07;5,01;10,91;0,08;0,84;4,17
09,11.2019 18:08:44;33.4;0.16;285.9;28.80684609718224;281;Module 1,11_4;36.99;5,34;11,09;0,08;0,87;4,47
09,11.2019 18:10:50;33.2;0.15;285.9;26.332077211972624;280.93;Module 1,11_4;34.15;4,98;10,13;0,07;0,73;4,25
09,11.2019 18:12:43;33;0.15;285.9;26.64354725998694;280.89;Module 1,11_4;34.89;4,95;10,26;0,07;0,75;4,20
09,11.2019 18:14:36;32.9;0.14;285.9;23.569402229714747;280.84;Module 1,11_4;31.19;4,61;9,07;0,06;0,58;4,02
09,11.2019 18:16:31;32.8;0.11;283.4;18.21026844445923;280.76;Module 1,11_4;24.38;3,61;7,00;0,05;0,35;3,26
09,11.2019 18:18:31;32.2;0.09;283.4;15.006679540997423;280.68;Module 1,11_4;20.36;2,90;5,77;0,04;0,24;2,66
09,11.2019 18:20:24;31.5;0.09;283.4;14.234379367901465;280.64;Module 1,11_4;19.58;2,83;5,48;0,04;0,21;2,62
09,11.2019 18:22:16;31.5;0.09;283.4;14.945870630253047;280.58;Module 1,11_4;20.87;2,83;5,75;0,04;0,23;2,60
09,11.2019 18:24:09;31.5;0.07;283.4;11.556360800876838;280.54;Module 1,11_4;16.41;2,21;4,45;0,03;0,14;2,06
09,11.2019 18:26:04;31.1;0.06;283.4;9.790869784677884;280.5;Module 1,11_4;14.17;1,87;3,77;0,03;0,10;1,77
09,11.2019 18:27:56;30.5;0;283.4;7.97905040501274;280.44;Module 1,11_4;11.79;0,00;3,07;0,02;0,07;-0,07
09,11.2019 18:29:51;30.1;0;283.4;7.056116049640201;280.36;Module 1,11_4;10.68;0,00;2,71;0,02;0,05;-0,05
09,11.2019 18:31:45;29.5;0;282.4;5.709803242334784;280.29;Module 1,11_4;8.88;0,00;2,20;0,02;0,03;-0,03
09,11.2019 18:33:38;29.1;0;282.4;3.9090141739328454;280.15;Module 1,11_4;6.27;0,00;1,50;0,01;0,02;-0,02
09,11.2019 18:35:31;28.4;0;282.4;3.1941223921056556;280;Module 1,11_4;5.31;0,00;1,23;0,01;0,01;-0,01
09,11.2019 18:37:32;31.5;0;281.9;2.7423445550388035;279.83;Module 1,11_4;4.77;0,00;1,05;0,01;0,01;-0,01
09,11.2019 18:39:24;33.2;0;281.9;2.1761488217876823;279.72;Module 1,11_4;3.98;0,00;0,84;0,01;0,00;-0,00
09,11.2019 18:41:17;32.7;0;282.4;1.465426528493685;279.59;Module 1,11_4;2.85;0,00;0,56;0,00;0,00;-0,00
09,11.2019 18:43:10;31.3;0;282.4;1.1195060006067161;279.44;Module 1,11_4;2.35;0,00;0,43;0,00;0,00;-0,00
09,11.2019 18:45:03;30.6;0;282.4;0.5745860879074592;279.31;Module 1,11_4;1.33;0,00;0,22;0,00;0,00;-0,00
09,11.2019 18:46:55;27.3;0;282.4;0.28859568589314744;279.14;Module 1,11_4;0.76;0,00;0,11;0,00;0,00;-0,00
09,11.2019 18:48:48;27.9;0;279.9;0.18009812022744395;279.02;Module 1,11_4;0.57;0,00;0,07;0,00;0,00;-0,00
09,11.2019 18:50:41;20.2;0;279.9;0.097277880764487;278.91;Module 1,11_4;0.41;0,00;0,04;0,00;0,00;-0,00
09,11.2019 18:52:33;20.2;0;279.9;0.049949817498432254;278.85;Module 1,11_4;0.26;0,00;0,02;0,00;0,00;-0,00
09,11.2019 18:54:26;20.2;0;279.9;0.001;278.75;Module 1,11_4;-0.01;0,00;0,00;0,00;0,00;0,00
10,11.2019 09:35:02;31.8;0;275.8;5.486375342516498;274.26;Module 1,11_4;7.02;0,00;2,10;0,01;0,03;-0,03
10,11.2019 09:36:58;31.8;0;275.8;6.627474820551694;274.29;Module 1,11_4;8.43;0,00;2,54;0,02;0,05;-0,05
10,11.2019 09:38:52;30.8;0;275.8;7.1464499621735325;274.33;Module 1,11_4;9.04;0,00;2,74;0,02;0,05;-0,05
10,11.2019 09:40:46;28.7;0;276.3;7.343094293984246;274.35;Module 1,11_4;9.24;0,00;2,81;0,02;0,06;-0,06
10,11.2019 09:42:41;28.2;0;276.3;9.009734867396217;274.39;Module 1,11_4;11.28;0,00;3,45;0,02;0,08;-0,08
10,11.2019 09:44:47;28.7;0;275.8;8.936893685476097;274.42;Module 1,11_4;11.13;0,00;3,42;0,02;0,08;-0,08
10,11.2019 09:46:40;28.6;0;275.8;9.090141071464686;274.48;Module 1,11_4;11.27;0,00;3,48;0,02;0,09;-0,09
10,11.2019 09:48:45;28.4;0;275.8;10.430103032295124;274.52;Module 1,11_4;12.87;0,00;4,00;0,03;0,11;-0,11
10,11.2019 09:50:37;29.2;0;275.8;11.562981451304342;274.56;Module 1,11_4;14.21;0,00;4,43;0,03;0,14;-0,14
10,11.2019 09:52:30;29.9;0.07;275.8;12.400937116131955;274.6;Module 1,11_4;15.18;2,09;4,75;0,03;0,16;1,93
10,11.2019 09:54:23;30.3;0.07;276.3;12.73476308656214;274.63;Module 1,11_4;15.53;2,12;4,88;0,03;0,17;1,95
10,11.2019 09:56:27;30.3;0.08;276.3;15.115138639033653;274.67;Module 1,11_4;18.36;2,42;5,80;0,04;0,24;2,19
10,11.2019 09:58:23;30.9;0.08;276.3;15.044953841726752;274.71;Module 1,11_4;18.21;2,47;5,77;0,04;0,24;2,24
10,11.2019 10:00:16;31.2;0.08;276.3;15.849342885615535;274.76;Module 1,11_4;19.12;2,50;6,08;0,04;0,26;2,23
10,11.2019 10:02:09;31.7;0.08;276.3;16.14953351783744;274.8;Module 1,11_4;19.42;2,54;6,20;0,04;0,27;2,26
10,11.2019 10:04:19;31.5;0.09;277.8;16.87422302020117;274.85;Module 1,11_4;20.22;2,83;6,48;0,05;0,30;2,54
10,11.2019 10:06:12;31.9;0.1;277.8;18.51427115512883;274.9;Module 1,11_4;22.12;3,19;7,10;0,05;0,36;2,83
10,11.2019 10:08:13;32;0.09;278.3;17.4035935945645;274.93;Module 1,11_4;20.73;2,88;6,68;0,05;0,32;2,56
10,11.2019 10:10:05;31.7;0.1;278.3;19.041780519420218;274.97;Module 1,11_4;22.62;3,17;7,30;0,05;0,38;2,79
10,11.2019 10:12:07;32;0.11;277.8;21.172706153782823;275.03;Module 1,11_4;25.08;3,52;8,13;0,06;0,47;3,05
10,11.2019 10:13:59;32.5;0.12;277.8;21.98772584308428;275.07;Module 1,11_4;25.98;3,90;8,44;0,06;0,51;3,39
10,11.2019 10:15:52;32.8;0.13;277.8;24.16272911200444;275.1;Module 1,11_4;28.48;4,26;9,27;0,07;0,61;3,65
10,11.2019 10:17:45;32.8;0.12;278.3;22.697801093890533;275.12;Module 1,11_4;26.69;3,94;8,71;0,06;0,54;3,40
10,11.2019 10:19:53;32.6;0.13;278.3;23.67750931861259;275.17;Module 1,11_4;27.77;4,24;9,09;0,06;0,59;3,65
10,11.2019 10:21:49;32.7;0.13;278.3;24.867772550840293;275.21;Module 1,11_4;29.1;4,25;9,54;0,07;0,65;3,60
10,11.2019 10:23:52;33.1;0.15;278.3;27.98342745067457;275.25;Module 1,11_4;32.67;4,96;10,73;0,08;0,82;4,15
10,11.2019 10:25:48;33.2;0.17;278.3;31.570563131587324;275.28;Module 1,11_4;36.78;5,64;12,12;0,09;1,04;4,60
10,11.2019 10:27:41;33.8;0.18;279.9;33.8956439350018;275.32;Module 1,11_4;39.41;6,08;13,02;0,09;1,20;4,88
10,11.2019 10:29:35;33.8;0.2;279.9;36.97800794389432;275.35;Module 1,11_4;42.91;6,76;14,20;0,10;1,43;5,33
10,11.2019 10:31:28;33.9;0.17;279.9;32.739183100727196;275.4;Module 1,11_4;37.92;5,76;12,57;0,09;1,12;4,64
10,11.2019 10:33:50;33.7;0.18;279.9;33.13400586828165;275.43;Module 1,11_4;38.29;6,07;12,72;0,09;1,15;4,92
10,11.2019 10:35:57;33.7;0.18;279.9;34.20496565321245;275.4;Module 1,11_4;39.45;6,07;13,13;0,09;1,23;4,84
10,11.2019 10:37:51;33.8;0.21;279.9;39.813390327570275;275.39;Module 1,11_4;45.84;7,10;15,29;0,11;1,66;5,44
10,11.2019 10:39:55;34;0.2;279.9;37.23144594370737;275.43;Module 1,11_4;42.79;6,80;14,30;0,10;1,45;5,35
10,11.2019 10:41:47;33.9;0.2;279.9;38.161798107600895;275.48;Module 1,11_4;43.79;6,78;14,66;0,10;1,52;5,26
10,11.2019 10:43:47;34;0.21;279.9;38.33807221760231;275.5;Module 1,11_4;43.92;7,14;14,72;0,10;1,54;5,60
10,11.2019 10:45:40;34.1;0.24;279.9;44.95242425444063;275.53;Module 1,11_4;51.42;8,18;17,26;0,12;2,12;6,07
10,11.2019 10:47:33;34.3;0.25;279.9;46.812985642049085;275.58;Module 1,11_4;53.47;8,57;17,98;0,13;2,29;6,28
10,11.2019 10:49:25;34.4;0.28;280.4;51.779993583451144;275.62;Module 1,11_4;59.06;9,63;19,88;0,14;2,81;6,82
10,11.2019 10:51:21;34.6;0.27;280.4;50.05374474229201;275.64;Module 1,11_4;57.01;9,34;19,23;0,14;2,62;6,72
10,11.2019 10:53:16;34.5;0.29;280.4;54.60620645345912;275.65;Module 1,11_4;62.11;10,00;20,97;0,15;3,12;6,88
10,11.2019 10:55:15;34.8;0.31;280.4;56.715263582320944;275.7;Module 1,11_4;64.42;10,79;21,78;0,15;3,37;7,42
10,11.2019 10:57:08;34.6;0.28;280.4;50.94307739918915;275.75;Module 1,11_4;57.79;9,69;19,56;0,14;2,72;6,97
10,11.2019 10:59:08;34.5;0.31;280.4;57.30371309207621;275.79;Module 1,11_4;64.92;10,70;22,01;0,16;3,44;7,25
10,11.2019 11:01:02;34.7;0.31;280.4;58.09819434377003;275.78;Module 1,11_4;65.74;10,76;22,31;0,16;3,54;7,22
10,11.2019 11:02:55;34.5;0.33;280.4;61.378350865922826;275.82;Module 1,11_4;69.37;11,38;23,57;0,17;3,95;7,44
10,11.2019 11:04:59;34.8;0.34;280.4;63.90058792984129;275.88;Module 1,11_4;72.13;11,83;24,53;0,17;4,28;7,55
10,11.2019 11:07:26;34.7;0.29;280.4;56.23002652126404;275.92;Module 1,11_4;63.38;10,06;21,59;0,15;3,31;6,75
10,11.2019 11:09:19;34.5;0.31;281.9;58.191321083463855;275.92;Module 1,11_4;65.52;10,70;22,36;0,16;3,55;7,14
10,11.2019 11:11:14;34.7;0.33;281.9;62.503498917957884;275.91;Module 1,11_4;70.3;11,45;24,02;0,17;4,10;7,35
10,11.2019 11:13:12;34.7;0.31;281.9;58.40499158331268;275.93;Module 1,11_4;65.62;10,76;22,45;0,16;3,58;7,18
10,11.2019 11:15:05;34.5;0.32;281.9;61.06492008968646;275.92;Module 1,11_4;68.54;11,04;23,46;0,17;3,91;7,13
10,11.2019 11:16:59;34.5;0.36;281.9;67.10017030329463;275.87;Module 1,11_4;75.24;12,42;25,77;0,18;4,72;7,70
10,11.2019 11:18:52;34.9;0.4;281.9;74.40353989159311;275.83;Module 1,11_4;83.35;13,96;28,48;0,20;5,80;8,16
10,11.2019 11:20:46;35.4;0.37;281.9;70.02363295766665;275.86;Module 1,11_4;78.37;13,10;26,87;0,19;5,14;7,96
10,11.2019 11:22:39;35.3;0.37;281.9;71.178181946673;275.86;Module 1,11_4;79.59;13,06;27,30;0,19;5,31;7,75
10,11.2019 11:24:32;35.5;0.35;281.9;66.83728786044654;275.89;Module 1,11_4;74.67;12,42;25,66;0,18;4,69;7,74
10,11.2019 11:26:25;35.4;0.33;281.9;65.04059775649279;275.94;Module 1,11_4;72.6;11,68;24,98;0,18;4,44;7,25
10,11.2019 11:28:22;34.8;0.35;281.9;67.27630191559993;276.01;Module 1,11_4;75.03;12,18;25,84;0,18;4,75;7,43
10,11.2019 11:30:15;35;0.36;281.9;70.51748194867307;276.02;Module 1,11_4;78.58;12,60;27,05;0,19;5,22;7,38
10,11.2019 11:32:08;35.5;0.36;281.9;70.35867433014016;276.09;Module 1,11_4;78.34;12,78;27,00;0,19;5,19;7,59
10,11.2019 11:34:06;35.4;0.37;281.9;72.14220125707779;276.13;Module 1,11_4;80.26;13,10;27,66;0,20;5,46;7,64
10,11.2019 11:35:59;35.6;0.42;281.9;81.37291210652741;276.17;Module 1,11_4;90.46;14,95;30,83;0,22;6,93;8,02
10,11.2019 11:38:15;35.7;0.42;282.4;82.23846619813264;276.2;Module 1,11_4;91.34;14,99;31,06;0,23;7,08;7,91
10,11.2019 11:40:11;35.7;0.39;282.4;77.83989645858804;276.24;Module 1,11_4;86.39;13,92;29,68;0,21;6,35;7,57
10,11.2019 11:42:04;35.8;0.42;282.4;82.78236817603859;276.25;Module 1,11_4;91.81;15,04;31,22;0,23;7,17;7,86
10,11.2019 11:44:02;35.8;0.45;282.4;86.86685588640711;276.28;Module 1,11_4;96.27;16,11;32,26;0,24;7,88;8,23
10,11.2019 11:45:57;35.8;0.38;282.4;75.68518416993393;276.33;Module 1,11_4;83.82;13,60;28,95;0,21;6,01;7,60
10,11.2019 11:47:52;35.5;0.41;282.4;80.66972608030717;276.4;Module 1,11_4;89.28;14,55;30,59;0,22;6,82;7,74
10,11.2019 11:50:00;35.8;0.46;282.4;89.5088851075698;276.48;Module 1,11_4;98.99;16,47;32,81;0,25;8,35;8,12
10,11.2019 11:51:53;35.9;0.45;282.4;89.08590908836996;276.58;Module 1,11_4;98.46;16,16;32,73;0,25;8,28;7,88
10,11.2019 11:54:43;36;0.5;282.4;97.50908391158133;276.71;Module 1,11_4;107.67;18,00;34,05;0,29;9,81;8,19
10,11.2019 11:56:36;36;0.49;283.4;96.57050623899849;276.75;Module 1,11_4;106.57;17,64;33,81;0,29;9,64;8,00
10,11.2019 11:58:28;35.9;0.48;283.4;93.30786744812991;276.78;Module 1,11_4;102.91;17,23;33,36;0,27;9,04;8,19
10,11.2019 12:00:22;35.9;0.55;283.4;106.4164059185443;276.89;Module 1,11_4;117.3;19,75;34,80;0,33;11,48;8,26
10,11.2019 12:02:15;36.1;0.59;283.4;114.0098371907427;276.99;Module 1,11_4;125.6;21,30;35,31;0,37;12,93;8,37
10,11.2019 12:04:08;36.2;0.55;283.4;107.64181213541674;277.01;Module 1,11_4;118.52;19,91;34,89;0,34;11,71;8,20
10,11.2019 12:06:01;35.9;0.56;283.4;111.83375508289572;277.07;Module 1,11_4;123.07;20,10;35,18;0,36;12,51;7,59
10,11.2019 12:08:10;36.2;0.59;283.4;115.9462631677685;277.09;Module 1,11_4;127.52;21,36;35,42;0,38;13,31;8,05
10,11.2019 12:10:40;36;0.57;283.4;112.14811978999097;277.09;Module 1,11_4;123.26;20,52;35,20;0,36;12,57;7,95
10,11.2019 12:12:33;35.9;0.51;283.4;101.34347212848246;277.15;Module 1,11_4;111.33;18,31;34,34;0,31;10,53;7,78
10,11.2019 12:14:26;35.8;0.63;283.4;122.60326786799027;277.14;Module 1,11_4;134.62;22,55;35,76;0,41;14,59;7,96
10,11.2019 12:16:18;36.2;0.57;283.4;113.8585969951539;277.18;Module 1,11_4;124.96;20,63;35,30;0,37;12,90;7,73
10,11.2019 12:18:15;35.9;0.55;283.4;106.37386737538898;277.27;Module 1,11_4;116.69;19,75;34,79;0,33;11,47;8,27
10,11.2019 12:20:09;35.9;0.56;283.4;109.23098516320451;277.37;Module 1,11_4;119.77;20,10;35,01;0,34;12,02;8,09
10,11.2019 12:22:02;35.9;0.58;283.4;115.88466893785981;277.46;Module 1,11_4;127.01;20,82;35,42;0,38;13,29;7,53
10,11.2019 12:23:56;36.1;0.67;283.4;128.55873177703475;277.54;Module 1,11_4;140.84;24,19;36,01;0,44;15,76;8,43
10,11.2019 12:25:50;36.1;0.62;283.4;119.11582240030882;277.56;Module 1,11_4;130.44;22,38;35,59;0,39;13,92;8,46
10,11.2019 12:27:44;36.1;0.64;283.4;123.72353694188197;277.64;Module 1,11_4;135.43;23,10;35,81;0,41;14,81;8,29
10,11.2019 12:29:52;36.1;0.64;283.4;123.92553482925304;277.71;Module 1,11_4;135.59;23,10;35,82;0,41;14,85;8,25
10,11.2019 12:31:46;36;0.61;283.4;118.83548240823708;277.71;Module 1,11_4;129.97;21,96;35,58;0,39;13,86;8,10
10,11.2019 12:33:45;36;0.58;285.9;115.86432901399084;277.78;Module 1,11_4;126.67;20,88;35,03;0,38;13,25;7,63
10,11.2019 12:35:41;36.1;0.67;285.9;130.71355253495747;277.82;Module 1,11_4;142.85;24,19;35,68;0,45;16,11;8,08
10,11.2019 12:37:35;36.1;0.59;283.4;113.61605731040997;277.89;Module 1,11_4;124.12;21,30;35,29;0,36;12,86;8,44
10,11.2019 12:39:29;35.8;0.52;283.4;101.52328980912914;277.96;Module 1,11_4;110.87;18,62;34,37;0,31;10,56;8,06
10,11.2019 12:41:25;35.7;0.52;283.4;101.85206104007608;278.05;Module 1,11_4;111.19;18,56;34,40;0,31;10,62;7,94
10,11.2019 12:43:18;35.6;0.5;284.4;98.62390502066148;278.05;Module 1,11_4;107.63;17,80;33,93;0,30;10,01;7,79
10,11.2019 12:45:11;35.6;0.64;284.4;123.93637317310058;278.01;Module 1,11_4;135.21;22,78;35,66;0,42;14,83;7,95
10,11.2019 12:47:04;36.1;0.61;285.9;119.29937509156099;278.06;Module 1,11_4;130.11;22,02;35,20;0,39;13,90;8,12
10,11.2019 12:48:56;35.9;0.58;285.9;115.39193653034997;278.16;Module 1,11_4;125.81;20,82;35,00;0,38;13,16;7,66
10,11.2019 12:50:56;35.8;0.6;285.9;118.37386317178046;278.21;Module 1,11_4;129.02;21,48;35,16;0,39;13,73;7,75
10,11.2019 12:53:07;36;0.64;285.9;127.65605935693696;278.3;Module 1,11_4;139.09;23,04;35,56;0,44;15,51;7,53
10,11.2019 12:55:01;36;0.62;285.9;122.56975215173588;278.42;Module 1,11_4;133.51;22,32;35,35;0,41;14,53;7,79
10,11.2019 12:56:53;35.9;0.62;285.9;121.89610064211908;278.39;Module 1,11_4;132.74;22,26;35,33;0,41;14,40;7,86
10,11.2019 12:58:46;36;0.68;285.9;133.60354286562225;278.37;Module 1,11_4;145.45;24,48;35,77;0,47;16,67;7,81
10,11.2019 13:00:39;36.2;0.89;285.9;176.35294530828423;278.47;Module 1,11_4;191.94;32,22;36,73;0,68;25,08;7,13
10,11.2019 13:02:35;36.7;0.9;285.9;179.2384834722525;278.61;Module 1,11_4;195.03;33,03;36,77;0,70;25,66;7,37
10,11.2019 13:04:45;37.2;1.28;285.9;253.75133027324088;278.82;Module 1,11_4;276.03;47,62;37,47;1,08;40,55;7,07
10,11.2019 13:06:37;37.6;1.14;286.4;223.29253024371604;279.21;Module 1,11_4;242.84;42,86;37,17;0,93;34,39;8,47
10,11.2019 13:08:30;36.5;0.9;286.4;177.57874721145754;279.44;Module 1,11_4;193.08;32,85;36,66;0,69;25,29;7,56
10,11.2019 13:10:23;36.4;0.78;287.9;155.03421365882127;279.49;Module 1,11_4;168.53;28,39;36,01;0,58;20,76;7,63
10,11.2019 13:12:16;36;0.68;287.9;137.69577630511372;279.52;Module 1,11_4;149.65;24,48;35,57;0,49;17,39;7,09
10,11.2019 13:14:14;36;0.66;287.9;131.57800034820113;279.39;Module 1,11_4;142.97;23,76;35,38;0,46;16,21;7,55
10,11.2019 13:16:08;36;0.67;287.9;134.10848511687715;279.29;Module 1,11_4;145.69;24,12;35,46;0,47;16,70;7,42
10,11.2019 13:18:17;36;0.65;287.9;130.7591560084833;279.26;Module 1,11_4;142.02;23,40;35,35;0,45;16,05;7,35
10,11.2019 13:20:28;35.9;0.62;286.4;126.62484693853963;279.28;Module 1,11_4;137.5;22,26;35,45;0,43;15,30;6,96
10,11.2019 13:22:31;36;0.68;286.4;141.3591939769094;279.29;Module 1,11_4;153.47;24,48;35,93;0,51;18,16;6,32
10,11.2019 13:24:25;36.2;0.78;286.4;162.63678271787586;279.28;Module 1,11_4;176.54;28,24;36,41;0,61;22,34;5,90
10,11.2019 13:26:21;36.9;0.86;286.4;180.15247250293595;279.32;Module 1,11_4;195.52;31,73;36,70;0,70;25,80;5,93
10,11.2019 13:28:22;36.7;1.04;286.4;213.3681731224128;279.43;Module 1,11_4;231.53;38,17;37,09;0,87;32,41;5,76
10,11.2019 13:30:15;37.9;2.06;287.9;443.58483103517676;279.74;Module 1,11_4;481.27;78,07;37,52;2,07;77,77;0,31
10,11.2019 13:32:08;36.8;0.98;287.9;211.84563136865586;280.07;Module 1,11_4;229.81;36,06;36,81;0,87;31,96;4,11
10,11.2019 13:34:02;36.5;1.02;287.9;214.3551578989217;280.1;Module 1,11_4;232.5;37,23;36,84;0,88;32,45;4,78
10,11.2019 13:36:01;36.5;1.04;287.9;221.92742613222947;280.07;Module 1,11_4;240.68;37,96;36,90;0,92;33,96;4,00
10,11.2019 13:37:57;37.1;1.29;287.9;269.6521200878054;280.06;Module 1,11_4;292.4;47,86;37,20;1,17;43,43;4,43
10,11.2019 13:39:58;36.5;1.02;288.4;223.33958700611015;280.25;Module 1,11_4;242.15;37,23;36,83;0,93;34,18;3,05
10,11.2019 13:41:54;37;1.1;288.4;237.4412478636201;280.34;Module 1,11_4;257.41;40,70;36,93;1,00;36,97;3,73
10,11.2019 13:43:59;36.9;1.02;288.4;223.31701732617879;280.47;Module 1,11_4;242.07;37,64;36,83;0,93;34,18;3,46
10,11.2019 13:45:52;36.8;0.85;288.4;193.63042354872232;280.42;Module 1,11_4;209.87;31,28;36,53;0,77;28,31;2,97
10,11.2019 13:47:48;37.2;2.04;288.4;479.50321945795133;280.52;Module 1,11_4;519.67;75,89;37,43;2,26;84,60;-8,71
10,11.2019 13:49:45;38.1;1.68;288.4;429.93616729984615;281.3;Module 1,11_4;465.91;64,01;37,44;2,00;74,95;-10,94
10,11.2019 13:52:00;36.7;1.45;288.4;380.36235126957234;281.52;Module 1,11_4;412.15;53,22;37,41;1,74;65,23;-12,02
10,11.2019 13:53:55;37.5;2.31;289.9;559.9568893168798;282.02;Module 1,11_4;606.71;86,63;37,10;2,68;99,48;-12,85
10,11.2019 13:55:53;38;2.95;289.9;662.2999057783957;282.62;Module 1,11_4;717.55;112,10;36,94;3,21;118,72;-6,62
10,11.2019 13:57:54;36.3;1.32;291.4;277.25909528172525;283.17;Module 1,11_4;300.37;47,92;36,63;1,21;44,38;3,54
10,11.2019 14:00:04;36.7;3;291.4;661.0959790182986;283.76;Module 1,11_4;716.16;110,10;36,69;3,21;117,74;-7,64
10,11.2019 14:01:58;36.4;1.44;292.5;330.84871694051947;284.13;Module 1,11_4;358.39;52,42;36,62;1,49;54,61;-2,20
10,11.2019 14:04:08;35.7;1.93;292.5;543.5661228647386;283.97;Module 1,11_4;588.79;68,90;36,67;2,60;95,32;-26,42
10,11.2019 14:06:02;36.6;2.36;292.5;555.3997594188461;284.16;Module 1,11_4;601.59;86,38;36,66;2,66;97,55;-11,17
10,11.2019 14:07:56;36;0.91;294;271.3222571679292;284;Module 1,11_4;293.88;32,76;36,16;1,18;42,81;-10,05
10,11.2019 14:10:00;37.3;2.98;294;660.3884776463863;284;Module 1,11_4;715.28;111,15;36,24;3,21;116,30;-5,15
10,11.2019 14:12:03;36.6;3.04;294;664.347128283808;284.39;Module 1,11_4;719.56;111,26;36,24;3,23;117,02;-5,76
10,11.2019 14:13:56;36.5;2.71;294;593.2480626834416;284.61;Module 1,11_4;642.55;98,91;36,36;2,86;103,96;-5,05
10,11.2019 14:15:48;36.2;2.47;294;531.7933695485003;284.7;Module 1,11_4;575.99;89,41;36,43;2,54;92,52;-3,11
10,11.2019 14:17:41;36.2;2.73;294.5;597.9674076981087;284.92;Module 1,11_4;647.67;98,83;36,27;2,88;104,61;-5,78
10,11.2019 14:19:34;36.2;2.66;294.5;586.1401417563327;285.24;Module 1,11_4;634.87;96,29;36,28;2,82;102,42;-6,13
10,11.2019 14:21:27;36;2.52;296;560.1287878298435;285.49;Module 1,11_4;606.71;90,72;36,05;2,69;96,97;-6,25
10,11.2019 14:23:33;35.8;2.59;296;569.5636601464023;285.69;Module 1,11_4;616.95;92,72;36,05;2,74;98,71;-5,99
10,11.2019 14:25:26;35.9;2.32;296.5;600.2653993372548;285.81;Module 1,11_4;650.23;83,29;35,91;2,90;104,12;-20,83
10,11.2019 14:27:19;36.3;2.19;296.5;456.0851079881615;285.88;Module 1,11_4;494.07;79,50;36,04;2,15;77,44;2,06
10,11.2019 14:29:12;35.8;2.52;296.5;460.7883176302236;285.73;Module 1,11_4;499.19;90,22;36,04;2,17;78,32;11,90
10,11.2019 14:31:06;36;2.86;298;631.7694940024962;285.84;Module 1,11_4;684.46;102,96;35,61;3,06;109,13;-6,17
10,11.2019 14:33:00;35.9;2.86;298;627.0493173320037;286.21;Module 1,11_4;679.39;102,67;35,62;3,04;108,28;-5,60
10,11.2019 14:34:53;35.8;2.87;298;628.4261133917646;286.53;Module 1,11_4;680.93;102,75;35,62;3,05;108,53;-5,78
10,11.2019 14:36:47;35.6;2.92;298;632.2618035557457;286.83;Module 1,11_4;685.14;103,95;35,61;3,07;109,22;-5,26
10,11.2019 14:39:20;35.3;2.67;298.5;604.7003589808595;286.53;Module 1,11_4;655.35;94,25;35,56;2,92;104,01;-9,76
10,11.2019 14:41:13;35.7;2.55;298.5;569.2143068554606;286.73;Module 1,11_4;616.95;91,03;35,62;2,74;97,58;-6,54
10,11.2019 14:43:16;35.5;2.79;298.5;605.5722745523996;286.88;Module 1,11_4;656.43;99,05;35,56;2,93;104,17;-5,12
10,11.2019 14:45:12;35.4;2.83;298.5;612.7911194737359;287.05;Module 1,11_4;664.33;100,18;35,55;2,97;105,47;-5,29
10,11.2019 14:47:05;35.4;2.82;298.5;612.6731277313406;287.07;Module 1,11_4;664.28;99,83;35,55;2,97;105,45;-5,62
10,11.2019 14:48:58;35.3;2.72;298.5;566.5883109594773;286.74;Module 1,11_4;614.39;96,02;35,62;2,73;97,10;-1,08
10,11.2019 14:50:52;35.6;1.81;298.5;354.0669582228711;286.71;Module 1,11_4;383.99;64,44;35,62;1,62;57,70;6,73
10,11.2019 14:52:44;35.5;2.79;298.5;599.4765874848587;286.75;Module 1,11_4;650.23;99,05;35,57;2,90;103,06;-4,02
10,11.2019 14:54:47;35.5;2.79;299.5;604.0995827916859;287.08;Module 1,11_4;655.35;99,05;35,40;2,92;103,44;-4,39
10,11.2019 14:56:41;35.4;2.73;299.5;589.8477647718806;287.4;Module 1,11_4;639.99;96,64;35,41;2,85;100,87;-4,23
10,11.2019 14:58:34;35.2;2.59;299.5;570.8785309055874;287.65;Module 1,11_4;619.51;91,17;35,44;2,75;97,44;-6,28
10,11.2019 15:00:27;35.3;1.16;299.5;365.57899462509323;287.85;Module 1,11_4;396.79;40,95;35,46;1,68;59,62;-18,67
10,11.2019 15:02:21;34.4;2.55;299.5;587.1835291519436;287.32;Module 1,11_4;637.43;87,72;35,42;2,83;100,39;-12,67
10,11.2019 15:04:13;35.8;2.6;299.5;570.5692161158835;287.17;Module 1,11_4;619.51;93,08;35,44;2,75;97,39;-4,31
10,11.2019 15:06:07;35.8;0.64;299.5;130.75606629134344;286.97;Module 1,11_4;142;22,91;33,41;0,47;15,66;7,26
10,11.2019 15:08:00;36.2;2.56;298.5;563.2675891231152;286.75;Module 1,11_4;611.83;92,67;35,62;2,71;96,49;-3,82
10,11.2019 15:10:21;35.9;2.48;298.5;546.6226329627858;286.96;Module 1,11_4;593.91;89,03;35,64;2,62;93,46;-4,42
10,11.2019 15:12:14;35.8;2.31;298.5;475.829944978288;287.14;Module 1,11_4;517.11;82,70;35,69;2,25;80,44;2,26
10,11.2019 15:14:06;35.9;2.52;298.5;553.4371089145783;287.28;Module 1,11_4;601.59;90,47;35,63;2,66;94,70;-4,23
10,11.2019 15:16:01;35.9;2.49;298.5;548.5905080301934;287.49;Module 1,11_4;596.47;89,39;35,64;2,63;93,82;-4,42
10,11.2019 15:17:56;35.8;2.41;298.5;531.9714906968322;287.57;Module 1,11_4;578.55;86,28;35,66;2,55;90,78;-4,50
10,11.2019 15:20:04;35.7;2.47;298.5;543.5782456719555;287.6;Module 1,11_4;591.35;88,18;35,64;2,61;92,90;-4,72
10,11.2019 15:21:58;35.7;2.46;298.5;538.7225182140429;287.72;Module 1,11_4;586.23;87,82;35,65;2,58;92,01;-4,19
10,11.2019 15:24:08;35.6;2.06;298.5;451.5301674292645;287.6;Module 1,11_4;491.51;73,34;35,70;2,13;75,93;-2,60
10,11.2019 15:26:07;35.8;2.42;298.5;531.3241424703582;287.64;Module 1,11_4;578.55;86,64;35,66;2,54;90,66;-4,02
10,11.2019 15:29:29;35.7;2.37;298.5;519.279484341072;288.02;Module 1,11_4;565.75;84,61;35,66;2,48;88,45;-3,84
10,11.2019 15:31:23;35.7;2.36;298.5;516.7593170941459;288.11;Module 1,11_4;563.19;84,25;35,66;2,47;87,98;-3,73
10,11.2019 15:33:32;35.6;2.35;299.5;514.2114275094151;288.5;Module 1,11_4;560.63;83,66;35,49;2,45;87,13;-3,47
10,11.2019 15:35:27;35.6;2.33;299.5;509.33331616133785;288.74;Module 1,11_4;555.51;82,95;35,50;2,43;86,24;-3,29
10,11.2019 15:37:20;35.7;2.29;299.5;502.1094840608417;288.61;Module 1,11_4;547.83;81,75;35,50;2,39;84,92;-3,16
10,11.2019 15:39:13;35.8;2.25;299.5;497.2303987525197;288.49;Module 1,11_4;542.71;80,55;35,51;2,37;84,02;-3,47
10,11.2019 15:41:12;35.8;2.18;299.5;485.3050675636032;288.54;Module 1,11_4;529.91;78,04;35,52;2,30;81,83;-3,79
10,11.2019 15:43:13;35.9;2.21;299.5;489.7839559393945;288.66;Module 1,11_4;535.03;79,34;35,51;2,33;82,66;-3,32
10,11.2019 15:45:16;36;2.2;299.5;489.5630527727592;288.78;Module 1,11_4;535.03;79,20;35,51;2,33;82,61;-3,41
10,11.2019 15:47:09;36.1;2.16;298.5;484.6705704618786;288.81;Module 1,11_4;529.91;77,98;35,69;2,30;82,07;-4,10
10,11.2019 15:49:17;36.2;2.13;298.5;484.42762449223716;288.96;Module 1,11_4;529.91;77,11;35,69;2,30;82,03;-4,92
10,11.2019 15:51:10;36.3;2.1;299.5;479.5276673534124;289;Module 1,11_4;524.79;76,23;35,52;2,27;80,77;-4,54
10,11.2019 15:53:12;36.4;2.09;299.5;469.93116345564;288.85;Module 1,11_4;514.55;76,08;35,52;2,22;79,00;-2,93
10,11.2019 15:55:07;36.4;2.06;299.5;462.68742636181867;288.42;Module 1,11_4;506.87;74,98;35,52;2,19;77,67;-2,68
10,11.2019 15:57:00;36.5;2.02;298.5;460.1191111912554;288.26;Module 1,11_4;504.31;73,73;35,70;2,17;77,53;-3,80
10,11.2019 15:58:53;36.5;2;298.5;455.21169780624786;288.07;Module 1,11_4;499.19;73,00;35,70;2,15;76,62;-3,62
10,11.2019 16:00:48;36.5;2;298.5;450.29774068894386;287.89;Module 1,11_4;494.07;73,00;35,70;2,12;75,70;-2,70
10,11.2019 16:02:43;36.5;1.93;298.5;440.7176473086522;288.02;Module 1,11_4;483.83;70,44;35,70;2,07;73,92;-3,48
10,11.2019 16:04:51;36.4;1.94;298.5;435.7727017626075;288.18;Module 1,11_4;478.71;70,62;35,70;2,05;73,00;-2,39
10,11.2019 16:06:44;36.5;1.89;298.5;433.187516984952;288.27;Module 1,11_4;476.15;68,98;35,70;2,03;72,52;-3,53
10,11.2019 16:08:36;36.1;1.9;298.5;423.6169714811041;288.36;Module 1,11_4;465.91;68,59;35,69;1,98;70,74;-2,15
10,11.2019 16:10:29;36.2;1.83;298.5;404.7432498578293;288.29;Module 1,11_4;445.43;66,25;35,68;1,88;67,21;-0,96
10,11.2019 16:12:23;36;1.9;298.5;413.77915667560876;288.28;Module 1,11_4;455.67;68,40;35,69;1,93;68,90;-0,50
10,11.2019 16:14:23;35.7;1.94;298.5;418.1335166649459;288.37;Module 1,11_4;460.79;69,26;35,69;1,95;69,71;-0,45
10,11.2019 16:16:16;35.6;1.9;298.5;410.88291926848365;288.5;Module 1,11_4;453.11;67,64;35,69;1,92;68,36;-0,72
10,11.2019 16:18:08;35.6;1.88;298.5;405.95592061352687;288.64;Module 1,11_4;447.99;66,93;35,68;1,89;67,44;-0,51
10,11.2019 16:20:01;35.6;1.91;298;412.61499271538287;288.76;Module 1,11_4;455.67;68,00;35,77;1,92;68,83;-0,83
10,11.2019 16:21:59;35.7;1.95;298;414.6080158481578;288.74;Module 1,11_4;458.23;69,62;35,77;1,93;69,20;0,42
10,11.2019 16:23:54;35.7;1.91;298;409.652385282616;288.82;Module 1,11_4;453.11;68,19;35,77;1,91;68,27;-0,08
10,11.2019 16:25:46;35.6;1.85;298;400.07765026632745;288.78;Module 1,11_4;442.87;65,86;35,77;1,86;66,48;-0,62
10,11.2019 16:27:42;35.6;1.12;297;244.54445642591625;288.5;Module 1,11_4;270.93;39,87;35,48;1,05;37,22;2,65
10,11.2019 16:29:36;35.6;1.88;297;404.01413401825056;288.43;Module 1,11_4;447.99;66,93;35,94;1,88;67,50;-0,57
10,11.2019 16:31:28;35.8;1.83;297;399.0497348463177;288.48;Module 1,11_4;442.87;65,51;35,94;1,85;66,56;-1,05
10,11.2019 16:33:21;36;1.83;298;405.6027708478157;288.22;Module 1,11_4;450.55;65,88;35,77;1,89;67,51;-1,63
10,11.2019 16:35:16;36.4;1.8;298;400.6127295154643;288.06;Module 1,11_4;445.43;65,52;35,77;1,86;66,58;-1,06
10,11.2019 16:37:09;36.3;1.84;298;414.02805191087907;288.2;Module 1,11_4;460.79;66,79;35,77;1,93;69,09;-2,30
10,11.2019 16:39:01;36.4;1.87;298;413.62007095850686;288.49;Module 1,11_4;460.79;68,07;35,77;1,93;69,01;-0,95
10,11.2019 16:40:58;36.3;1.77;298;390.2253532872167;288.73;Module 1,11_4;435.19;64,25;35,76;1,81;64,63;-0,38
10,11.2019 16:42:54;36.2;1.66;298.5;369.1632035460201;288.91;Module 1,11_4;412.15;60,09;35,64;1,70;60,54;-0,45
10,11.2019 16:44:53;36.1;1.64;298.5;366.44608308349115;288.82;Module 1,11_4;409.59;59,20;35,64;1,68;60,03;-0,83
10,11.2019 16:46:50;36.1;1.54;298.5;333.9880154024422;288.97;Module 1,11_4;373.75;55,59;35,58;1,52;53,92;1,67
10,11.2019 16:48:43;36;1.11;298.5;219.26722425180589;288.96;Module 1,11_4;245.66;39,96;35,03;0,92;32,24;7,72
10,11.2019 16:50:56;35.5;0.67;298.5;118.96866059782073;288.31;Module 1,11_4;133.48;23,79;33,15;0,41;13,55;10,24
10,11.2019 16:52:49;35.1;0.57;298;110.27286557318311;287.78;Module 1,11_4;123.88;20,01;32,81;0,37;11,99;8,02
10,11.2019 16:54:42;36.6;1.3;298;293.57302782167153;287.49;Module 1,11_4;330.23;47,58;35,55;1,30;46,38;1,20
10,11.2019 16:56:38;36.9;1.21;298;289.24146254752606;287.55;Module 1,11_4;325.81;44,65;35,53;1,28;45,56;-0,91
10,11.2019 16:58:46;36.9;1.22;298;285.55512551468144;287.51;Module 1,11_4;322.17;45,02;35,52;1,26;44,86;0,16
10,11.2019 17:00:39;36.9;1.12;298;260.9237507624452;287.68;Module 1,11_4;294.81;41,33;35,41;1,14;40,19;1,14
10,11.2019 17:02:31;36.8;1.01;298;236.71669704014516;287.75;Module 1,11_4;267.86;37,17;35,26;1,01;35,60;1,57
10,11.2019 17:04:41;36.1;0.68;298;134.82599185911215;287.57;Module 1,11_4;152.84;24,55;33,79;0,49;16,46;8,09
10,11.2019 17:06:44;36.1;0.6;296;136.3649928658619;287.08;Module 1,11_4;154.86;21,66;34,17;0,49;16,83;4,83
10,11.2019 17:08:38;34.6;0.88;296;152.32371534227826;286.53;Module 1,11_4;173.28;30,45;34,56;0,57;19,81;10,63
10,11.2019 17:10:41;36.5;0.85;296;156.78635882215104;286.32;Module 1,11_4;178.7;31,02;34,66;0,60;20,65;10,37
10,11.2019 17:12:35;35.3;0.9;294.5;189.63405459259909;286.01;Module 1,11_4;216.54;31,77;35,43;0,76;27,01;4,76
10,11.2019 17:14:29;38;0.83;294.5;217.64951966936786;286;Module 1,11_4;249.01;31,54;35,72;0,91;32,39;-0,85
10,11.2019 17:16:22;38.2;0.42;294.5;94.91760430357519;285.75;Module 1,11_4;108.81;16,04;32,18;0,29;9,29;6,75
10,11.2019 17:18:16;37.7;0.33;294.5;60.082380329841534;285.22;Module 1,11_4;69.02;12,44;23,19;0,16;3,82;8,62
10,11.2019 17:20:09;34.7;0.27;294;52.81302939541577;284.51;Module 1,11_4;60.8;9,37;20,39;0,14;2,95;6,42
10,11.2019 17:22:30;34.6;0.26;294;51.304836444316464;283.59;Module 1,11_4;59.23;9,00;19,81;0,14;2,79;6,21
10,11.2019 17:24:24;37;0.5;294;156.51236733874333;283.07;Module 1,11_4;181.12;18,50;34,99;0,59;20,72;-2,22
10,11.2019 17:26:24;38.4;0.46;291.9;147.63076818087967;282.68;Module 1,11_4;171.29;17,66;35,16;0,54;19,13;-1,47
10,11.2019 17:28:18;38.3;0.56;291.9;158.89536051400307;282.5;Module 1,11_4;184.84;21,45;35,41;0,60;21,29;0,15
10,11.2019 17:30:14;38;0.58;291.9;153.39844787463272;282.43;Module 1,11_4;178.94;22,04;35,29;0,57;20,24;1,80
10,11.2019 17:32:11;37.7;0.53;291.9;148.92494097171243;282.46;Module 1,11_4;174.23;19,98;35,19;0,55;19,38;0,60
10,11.2019 17:34:04;37.7;0.44;291.9;120.39566894271348;282.44;Module 1,11_4;141.27;16,59;34,29;0,41;13,98;2,61
10,11.2019 17:35:57;38.3;0.42;291.9;66.65143210975491;282.39;Module 1,11_4;78.45;16,09;25,65;0,18;4,70;11,39
10,11.2019 17:38:14;38.1;0.49;291.9;47.98241471302336;282.04;Module 1,11_4;56.7;18,67;18,52;0,13;2,43;16,23
10,11.2019 17:40:06;37.8;0.44;290.4;47.776921494193076;281.69;Module 1,11_4;56.65;16,63;18,42;0,13;2,41;14,22
10,11.2019 17:41:59;38.8;0.36;290.4;45.117214842161836;281.27;Module 1,11_4;53.69;13,97;17,40;0,12;2,15;11,82
10,11.2019 17:43:52;39.1;0.3;290.4;46.176653374525245;280.95;Module 1,11_4;55.16;11,73;17,80;0,13;2,25;9,48
10,11.2019 17:45:44;38.8;0.29;290.4;56.09985801379361;280.75;Module 1,11_4;67.28;11,25;21,63;0,15;3,32;7,93
10,11.2019 17:47:38;37.2;0.25;290.4;70.07608787419635;280.6;Module 1,11_4;84.4;9,30;26,91;0,19;5,18;4,12
10,11.2019 17:49:32;33;0.21;289.9;46.02294866141958;280.51;Module 1,11_4;55.68;6,93;17,74;0,13;2,24;4,69
10,11.2019 17:51:24;32.9;0.19;289.9;37.367574204338524;280.42;Module 1,11_4;45.42;6,25;14,41;0,10;1,47;4,78
10,11.2019 17:53:31;34.5;0.18;288.4;34.19653316541304;280.24;Module 1,11_4;41.8;6,21;13,17;0,09;1,23;4,98
10,11.2019 17:55:26;34.5;0.16;288.4;29.764258202731256;280.06;Module 1,11_4;36.58;5,52;11,47;0,08;0,93;4,59
10,11.2019 17:57:21;34.4;0.14;288.4;26.55942527544709;279.89;Module 1,11_4;32.83;4,82;10,23;0,07;0,74;4,07
10,11.2019 17:59:14;34.1;0.13;286.4;24.767342456756637;279.77;Module 1,11_4;30.8;4,43;9,53;0,07;0,65;3,79
10,11.2019 18:01:08;33.9;0.13;286.4;22.30624277481376;279.64;Module 1,11_4;27.92;4,41;8,59;0,06;0,52;3,88
10,11.2019 18:03:12;33.6;0.12;285.9;20.837741177527867;279.5;Module 1,11_4;26.28;4,03;8,02;0,06;0,46;3,58
10,11.2019 18:05:08;33.4;0.11;285.9;19.334173801811087;279.38;Module 1,11_4;24.57;3,67;7,44;0,05;0,39;3,28
10,11.2019 18:07:00;33.1;0.1;285.9;18.268787521991804;279.28;Module 1,11_4;23.4;3,31;7,03;0,05;0,35;2,96
10,11.2019 18:09:01;33;0.1;283.4;16.84842755576131;279.17;Module 1,11_4;21.78;3,30;6,48;0,05;0,30;3,00
10,11.2019 18:10:54;32.8;0.09;283.4;15.543045514284229;279.07;Module 1,11_4;20.28;2,95;5,98;0,04;0,25;2,70
10,11.2019 18:12:47;32.5;0.09;283.4;14.40123712405078;278.97;Module 1,11_4;18.98;2,92;5,54;0,04;0,22;2,71
10,11.2019 18:14:40;32.4;0.09;283.4;13.19424403188912;278.89;Module 1,11_4;17.58;2,92;5,07;0,04;0,18;2,73
10,11.2019 18:16:35;32.2;0.08;283.4;12.004830198322106;278.81;Module 1,11_4;16.19;2,58;4,62;0,03;0,15;2,42
10,11.2019 18:18:30;32;0.07;282.4;10.383283593520778;278.69;Module 1,11_4;14.19;2,24;3,99;0,03;0,11;2,13
10,11.2019 18:20:23;31.7;0.06;282.4;9.059944768124243;278.64;Module 1,11_4;12.56;1,90;3,48;0,02;0,09;1,82
10,11.2019 18:22:17;31.3;0;281.9;7.638833485887527;278.58;Module 1,11_4;10.76;0,00;2,94;0,02;0,06;-0,06
10,11.2019 18:24:11;30.5;0;281.9;6.284326588627499;278.5;Module 1,11_4;9.01;0,00;2,41;0,02;0,04;-0,04
10,11.2019 18:26:03;30;0;281.9;5.623305685585106;278.42;Module 1,11_4;8.22;0,00;2,16;0,02;0,03;-0,03
10,11.2019 18:27:56;29.6;0;280.4;5.113189281485711;278.35;Module 1,11_4;7.64;0,00;1,96;0,01;0,03;-0,03
10,11.2019 18:29:52;29.3;0;280.4;4.482180188577546;278.25;Module 1,11_4;6.87;0,00;1,72;0,01;0,02;-0,02
10,11.2019 18:31:54;29;0;279.9;3.3594343865431924;278.2;Module 1,11_4;5.31;0,00;1,29;0,01;0,01;-0,01
10,11.2019 18:33:48;33.1;0;279.9;2.38657140567076;278.12;Module 1,11_4;3.9;0,00;0,91;0,01;0,01;-0,01
10,11.2019 18:35:41;32.9;0;279.9;1.925538214235008;278.09;Module 1,11_4;3.27;0,00;0,74;0,01;0,00;-0,00
10,11.2019 18:37:34;27.9;0;280.4;1.2323458386461112;278.01;Module 1,11_4;2.19;0,00;0,48;0,00;0,00;-0,00
10,11.2019 18:39:31;30.6;0;280.4;0.9146357333549364;277.98;Module 1,11_4;1.72;0,00;0,35;0,00;0,00;-0,00
10,11.2019 18:41:25;29.4;0;280.4;0.3577858705745486;277.89;Module 1,11_4;0.72;0,00;0,14;0,00;0,00;-0,00
10,11.2019 18:43:26;24.8;0;280.4;0.16782875541476372;277.85;Module 1,11_4;0.37;0,00;0,06;0,00;0,00;-0,00
10,11.2019 18:45:19;24.8;0;280.4;0.001;277.82;Module 1,11_4;-0.01;0,00;0,00;0,00;0,00;0,00
10,11.2019 18:47:12;24.8;0;280.4;0.001;277.78;Module 1,11_4;-0.01;0,00;0,00;0,00;0,00;0,00
11,11.2019 10:01:16;32.6;0;276.3;4.587511211513896;275.34;Module 1,11_4;5.54;0,00;1,76;0,01;0,02;-0,02
11,11.2019 10:03:08;33;0;276.3;4.9675991094991065;275.35;Module 1,11_4;5.98;0,00;1,91;0,01;0,03;-0,03
11,11.2019 10:05:01;31;0;277.8;5.282908075342826;275.38;Module 1,11_4;6.34;0,00;2,02;0,01;0,03;-0,03
11,11.2019 10:06:54;33.6;0;277.8;5.766629230336397;275.39;Module 1,11_4;6.9;0,00;2,21;0,02;0,03;-0,03
11,11.2019 10:08:46;29.4;0;277.8;6.470262166036432;275.42;Module 1,11_4;7.72;0,00;2,48;0,02;0,04;-0,04
11,11.2019 10:10:39;26.7;0;277.8;6.883146353002339;275.42;Module 1,11_4;8.19;0,00;2,64;0,02;0,05;-0,05
11,11.2019 10:12:37;26.5;0;277.8;7.256261808912642;275.41;Module 1,11_4;8.61;0,00;2,78;0,02;0,06;-0,06
11,11.2019 10:14:30;27.1;0;275.8;7.748076402372218;275.41;Module 1,11_4;9.17;0,00;2,97;0,02;0,06;-0,06
11,11.2019 10:16:23;27.5;0;275.8;8.063773980418143;275.42;Module 1,11_4;9.52;0,00;3,09;0,02;0,07;-0,07
11,11.2019 10:18:15;27.8;0;275.8;8.057481036357961;275.45;Module 1,11_4;9.49;0,00;3,09;0,02;0,07;-0,07
11,11.2019 10:20:08;27.7;0;276.3;8.21234218986763;275.44;Module 1,11_4;9.65;0,00;3,15;0,02;0,07;-0,07
11,11.2019 10:22:01;27.7;0;276.3;8.648713682208822;275.46;Module 1,11_4;10.14;0,00;3,31;0,02;0,08;-0,08
11,11.2019 10:23:53;28.4;0;276.3;9.02634267949386;275.46;Module 1,11_4;10.56;0,00;3,46;0,02;0,09;-0,09
11,11.2019 10:25:46;28.6;0;276.3;10.021821739192465;275.46;Module 1,11_4;11.7;0,00;3,84;0,03;0,10;-0,10
11,11.2019 10:27:39;29.1;0;276.3;10.763231699699011;275.46;Module 1,11_4;12.54;0,00;4,13;0,03;0,12;-0,12
11,11.2019 10:29:32;29.2;0.07;277.8;11.644499751337335;275.47;Module 1,11_4;13.54;2,04;4,47;0,03;0,14;1,90
11,11.2019 10:31:25;29.2;0.06;277.8;11.804663489936924;275.47;Module 1,11_4;13.7;1,75;4,53;0,03;0,15;1,61
11,11.2019 10:33:17;29.8;0.07;277.8;12.206222007454928;275.46;Module 1,11_4;14.14;2,09;4,68;0,03;0,16;1,93
11,11.2019 10:35:10;30.1;0.07;277.8;12.95465107906586;275.48;Module 1,11_4;14.98;2,11;4,97;0,04;0,18;1,93
11,11.2019 10:37:02;29.9;0.07;277.8;13.020429409737226;275.5;Module 1,11_4;15.03;2,09;4,99;0,04;0,18;1,92
11,11.2019 10:38:55;30.1;0.07;277.8;13.111969854984206;275.49;Module 1,11_4;15.11;2,11;5,03;0,04;0,18;1,93
11,11.2019 10:40:47;30.4;0.07;277.8;14.01998491678036;275.46;Module 1,11_4;16.13;2,13;5,38;0,04;0,21;1,92
11,11.2019 10:42:40;30.9;0.08;277.8;15.783624391806581;275.46;Module 1,11_4;18.13;2,47;6,05;0,04;0,26;2,21
11,11.2019 10:44:33;31.3;0.1;277.8;19.48779176930348;275.46;Module 1,11_4;22.35;3,13;7,48;0,05;0,40;2,73
11,11.2019 10:46:26;31.4;0.11;277.8;21.508337852751442;275.46;Module 1,11_4;24.63;3,45;8,25;0,06;0,48;2,97
11,11.2019 10:48:18;32.3;0.13;278.3;24.836729668310117;275.47;Module 1,11_4;28.4;4,20;9,53;0,07;0,65;3,55
11,11.2019 10:50:11;32.9;0.14;278.3;27.73614176202065;275.48;Module 1,11_4;31.67;4,61;10,64;0,08;0,80;3,80
11,11.2019 10:52:04;33.1;0.15;278.3;28.002835242307416;275.45;Module 1,11_4;31.93;4,96;10,74;0,08;0,82;4,15
11,11.2019 10:53:57;33.2;0.15;278.3;28.67313438901241;275.46;Module 1,11_4;32.65;4,98;11,00;0,08;0,86;4,12
11,11.2019 10:55:49;33.3;0.13;278.3;25.67693033322759;275.47;Module 1,11_4;29.2;4,33;9,85;0,07;0,69;3,64
11,11.2019 10:57:42;32.6;0.15;278.3;28.03442420544257;275.45;Module 1,11_4;31.84;4,89;10,76;0,08;0,82;4,07
11,11.2019 10:59:35;33.3;0.16;280.4;31.922058023152264;275.46;Module 1,11_4;36.21;5,33;12,26;0,09;1,07;4,26
11,11.2019 11:01:28;33.5;0.19;280.4;35.44751411580604;275.47;Module 1,11_4;40.16;6,37;13,62;0,10;1,32;5,05
11,11.2019 11:03:20;33.6;0.19;279.9;36.717638560942405;275.5;Module 1,11_4;41.55;6,38;14,10;0,10;1,41;4,97
11,11.2019 11:05:13;33.7;0.19;279.9;37.07870082439297;275.55;Module 1,11_4;41.91;6,40;14,23;0,10;1,44;4,96
11,11.2019 11:07:06;33.7;0.2;279.9;36.642306862182316;275.56;Module 1,11_4;41.37;6,74;14,07;0,10;1,41;5,33
11,11.2019 11:08:59;33.5;0.18;279.9;34.76740572451728;275.57;Module 1,11_4;39.21;6,03;13,35;0,09;1,27;4,76
11,11.2019 11:10:52;33.6;0.19;279.9;35.896562369585794;275.57;Module 1,11_4;40.44;6,38;13,78;0,10;1,35;5,03
11,11.2019 11:12:45;33.5;0.18;279.9;34.921189140025305;275.58;Module 1,11_4;39.3;6,03;13,41;0,10;1,28;4,75
11,11.2019 11:14:39;33.4;0.18;279.9;34.877135086257674;275.58;Module 1,11_4;39.21;6,01;13,39;0,10;1,27;4,74
11,11.2019 11:16:33;33.4;0.18;279.9;34.547146414612484;275.58;Module 1,11_4;38.8;6,01;13,27;0,09;1,25;4,76
11,11.2019 11:18:26;33.5;0.18;279.9;34.91050848521882;275.6;Module 1,11_4;39.17;6,03;13,41;0,10;1,28;4,75
11,11.2019 11:20:19;33.6;0.19;279.9;36.15690102644905;275.6;Module 1,11_4;40.53;6,38;13,88;0,10;1,37;5,02
11,11.2019 11:22:12;33.7;0.2;279.9;38.47629377404992;275.58;Module 1,11_4;43.09;6,74;14,77;0,10;1,55;5,19
11,11.2019 11:24:05;33.8;0.21;279.9;40.33431161262515;275.63;Module 1,11_4;45.13;7,10;15,48;0,11;1,70;5,39
11,11.2019 11:25:57;33.7;0.21;280.4;40.19070956961234;275.67;Module 1,11_4;44.93;7,08;15,44;0,11;1,69;5,38
11,11.2019 11:27:50;33.7;0.21;280.4;39.697146767960696;275.71;Module 1,11_4;44.34;7,08;15,24;0,11;1,65;5,43
11,11.2019 11:29:43;33.7;0.2;280.4;39.14814870228062;275.75;Module 1,11_4;43.69;6,74;15,03;0,11;1,61;5,13
11,11.2019 11:31:37;33.8;0.23;280.4;42.67809912932346;275.77;Module 1,11_4;47.59;7,77;16,39;0,12;1,91;5,87
11,11.2019 11:33:30;33.8;0.24;280.4;44.70484552716735;275.77;Module 1,11_4;49.81;8,11;17,17;0,12;2,09;6,02
11,11.2019 11:35:22;33.9;0.26;280.4;49.88633320343745;275.78;Module 1,11_4;55.54;8,81;19,16;0,14;2,61;6,21
11,11.2019 11:37:29;34.3;0.27;280.4;50.47763773340294;275.84;Module 1,11_4;56.15;9,26;19,38;0,14;2,67;6,59
11,11.2019 11:39:22;34.2;0.25;280.4;47.9243505679906;275.87;Module 1,11_4;53.27;8,55;18,41;0,13;2,41;6,14
11,11.2019 11:41:15;34.2;0.25;280.4;48.62555558448064;275.88;Module 1,11_4;54.01;8,55;18,67;0,13;2,48;6,07
11,11.2019 11:43:07;34.3;0.26;280.4;50.173516494358665;275.9;Module 1,11_4;55.69;8,92;19,27;0,14;2,64;6,28
11,11.2019 11:45:00;34.4;0.28;281.9;54.69831739758919;275.96;Module 1,11_4;60.67;9,63;21,02;0,15;3,14;6,49
11,11.2019 11:46:53;34.5;0.28;281.9;52.597403647937504;276;Module 1,11_4;58.3;9,66;20,21;0,14;2,90;6,76
11,11.2019 11:48:46;34.4;0.26;281.9;50.07754128976121;276;Module 1,11_4;55.47;8,94;19,24;0,14;2,63;6,31
11,11.2019 11:50:39;34.3;0.27;280.4;51.65490007745776;275.99;Module 1,11_4;57.18;9,26;19,84;0,14;2,80;6,47
11,11.2019 11:52:32;34.5;0.28;280.4;53.152153357591146;276;Module 1,11_4;58.8;9,66;20,41;0,14;2,96;6,70
11,11.2019 11:54:25;34.4;0.28;281.9;52.96811767631227;276.03;Module 1,11_4;58.56;9,63;20,35;0,14;2,94;6,69
11,11.2019 11:56:17;34.6;0.31;281.9;59.34446200098319;276.07;Module 1,11_4;65.57;10,73;22,80;0,16;3,69;7,03
11,11.2019 11:58:10;34.8;0.33;281.9;64.23369895547629;276.1;Module 1,11_4;70.93;11,48;24,67;0,18;4,33;7,16
11,11.2019 12:00:03;34.8;0.33;281.9;62.35909291845736;276.16;Module 1,11_4;68.82;11,48;23,96;0,17;4,08;7,41
11,11.2019 12:01:55;34.8;0.34;281.9;66.43774660748704;276.22;Module 1,11_4;73.28;11,83;25,52;0,18;4,63;7,20
11,11.2019 12:03:48;35.1;0.34;281.9;66.64697400496453;276.25;Module 1,11_4;73.47;11,93;25,59;0,18;4,66;7,28
11,11.2019 12:05:41;35.3;0.34;281.9;64.80434642460956;276.21;Module 1,11_4;71.4;12,00;24,89;0,18;4,40;7,60
11,11.2019 12:07:34;35.3;0.34;281.9;65.20194866950573;276.2;Module 1,11_4;71.8;12,00;25,05;0,18;4,46;7,54
11,11.2019 12:09:27;35.3;0.32;281.9;63.50944361400275;276.23;Module 1,11_4;69.9;11,30;24,40;0,17;4,23;7,07
11,11.2019 12:11:21;34.7;0.33;281.9;63.705517932778776;276.28;Module 1,11_4;70.08;11,45;24,48;0,17;4,26;7,19
11,11.2019 12:13:13;34.6;0.32;281.9;62.1178827371401;276.31;Module 1,11_4;68.3;11,07;23,87;0,17;4,05;7,02
11,11.2019 12:15:06;34.7;0.35;281.9;66.68845782352902;276.34;Module 1,11_4;73.29;12,14;25,61;0,18;4,66;7,48
11,11.2019 12:16:59;34.8;0.36;281.9;70.03367217474317;276.32;Module 1,11_4;76.93;12,53;26,88;0,19;5,14;7,38
11,11.2019 12:18:52;35.1;0.37;281.9;70.54872479192669;276.31;Module 1,11_4;77.46;12,99;27,07;0,19;5,22;7,77
11,11.2019 12:20:45;35.1;0.4;281.9;77.60580647664727;276.33;Module 1,11_4;85.17;14,04;29,61;0,21;6,31;7,73
11,11.2019 12:22:37;35.4;0.39;282.4;76.69166201938373;276.37;Module 1,11_4;84.13;13,81;29,29;0,21;6,17;7,64
11,11.2019 12:24:32;35.6;0.39;282.4;76.18719084807177;276.39;Module 1,11_4;83.54;13,88;29,12;0,21;6,09;7,80
11,11.2019 12:26:26;35.6;0.39;282.4;75.92753754671912;276.4;Module 1,11_4;83.22;13,88;29,02;0,21;6,05;7,84
11,11.2019 12:28:19;35.6;0.4;282.4;80.22122004398402;276.4;Module 1,11_4;87.89;14,24;30,45;0,22;6,74;7,50
11,11.2019 12:30:12;35.8;0.39;282.4;76.26306714634302;276.39;Module 1,11_4;83.52;13,96;29,14;0,21;6,10;7,86
11,11.2019 12:32:06;35.7;0.37;282.4;74.4388114427464;276.39;Module 1,11_4;81.49;13,21;28,50;0,20;5,81;7,40
11,11.2019 12:33:59;35.6;0.45;282.4;85.96308585960489;276.38;Module 1,11_4;94.07;16,02;32,05;0,24;7,72;8,30
11,11.2019 12:35:54;36;0.45;282.4;89.7985995197821;276.46;Module 1,11_4;98.23;16,20;32,87;0,26;8,40;7,80
11,11.2019 12:37:47;36;0.46;282.4;90.4256440382733;276.54;Module 1,11_4;98.88;16,56;32,98;0,26;8,52;8,04
11,11.2019 12:39:39;35.8;0.45;282.4;88.38076365805345;276.6;Module 1,11_4;96.61;16,11;32,59;0,25;8,15;7,96
11,11.2019 12:41:32;35.9;0.45;282.4;88.20998069973628;276.71;Module 1,11_4;96.39;16,16;32,55;0,25;8,12;8,03
11,11.2019 12:43:25;35.7;0.45;282.4;87.83690973086922;276.85;Module 1,11_4;95.95;16,07;32,47;0,25;8,05;8,01
11,11.2019 12:45:18;35.8;0.46;282.4;91.16244280846006;276.92;Module 1,11_4;99.55;16,47;33,12;0,26;8,65;7,82
11,11.2019 12:47:13;35.9;0.45;282.4;89.89134702566226;277;Module 1,11_4;98.13;16,16;32,88;0,26;8,42;7,73
11,11.2019 12:49:06;35.8;0.47;282.4;92.70499869375095;277;Module 1,11_4;101.17;16,83;33,38;0,27;8,93;7,90
11,11.2019 12:50:58;36;0.49;283.4;95.83100761526507;276.98;Module 1,11_4;104.55;17,64;33,72;0,28;9,50;8,14
11,11.2019 12:52:52;36.1;0.53;283.4;103.8914180884902;277;Module 1,11_4;113.31;19,13;34,59;0,32;11,00;8,13
11,11.2019 12:54:45;36.2;0.54;283.4;106.88364635129435;277.03;Module 1,11_4;116.54;19,55;34,83;0,33;11,57;7,98
11,11.2019 12:56:38;36.1;0.5;283.4;98.49181786243122;277.02;Module 1,11_4;107.36;18,05;34,04;0,29;9,99;8,06
11,11.2019 12:58:30;36;0.51;283.4;100.57388103162222;277;Module 1,11_4;109.6;18,36;34,27;0,30;10,38;7,98
11,11.2019 13:00:23;36;0.51;283.4;99.86614519994656;276.96;Module 1,11_4;108.8;18,36;34,20;0,30;10,25;8,11
11,11.2019 13:02:16;36;0.51;283.4;100.52528041053276;276.98;Module 1,11_4;109.49;18,36;34,27;0,30;10,37;7,99
11,11.2019 13:04:08;36;0.51;283.4;99.84297915289464;277.06;Module 1,11_4;108.72;18,36;34,20;0,30;10,24;8,12
11,11.2019 13:06:01;36.2;0.52;283.4;104.28545235406384;277.1;Module 1,11_4;113.53;18,82;34,62;0,32;11,08;7,75
11,11.2019 13:07:54;36.1;0.56;283.4;109.80425194976777;277.15;Module 1,11_4;119.51;20,22;35,05;0,35;12,13;8,09
11,11.2019 13:09:47;36.1;0.59;283.4;118.80779135946129;277.14;Module 1,11_4;129.28;21,30;35,58;0,39;13,86;7,44
11,11.2019 13:11:39;36.4;0.65;283.4;130.43396276087802;277.21;Module 1,11_4;141.9;23,66;36,08;0,45;16,12;7,54
11,11.2019 13:13:32;36.4;0.69;283.4;139.2235480367129;277.32;Module 1,11_4;151.43;25,12;36,37;0,49;17,85;7,26
11,11.2019 13:15:25;36.5;0.71;283.4;140.06144737673958;277.39;Module 1,11_4;152.31;25,91;36,39;0,50;18,02;7,90
11,11.2019 13:17:19;36.4;0.7;283.4;140.02516615056635;277.5;Module 1,11_4;152.24;25,48;36,39;0,49;18,01;7,47
11,11.2019 13:19:12;36.4;0.71;283.4;142.78426788657467;277.6;Module 1,11_4;155.21;25,84;36,47;0,51;18,56;7,29
11,11.2019 13:21:05;36.5;0.84;283.4;167.86535489693006;277.63;Module 1,11_4;182.44;30,66;37,02;0,64;23,55;7,11
11,11.2019 13:23:12;36.4;0.8;283.4;160.61014614959444;277.66;Module 1,11_4;174.52;29,12;36,89;0,60;22,10;7,02
11,11.2019 13:25:04;36.5;0.72;283.4;146.29665993560468;277.67;Module 1,11_4;158.94;26,28;36,56;0,53;19,25;7,03
11,11.2019 13:26:59;36.4;0.8;283.4;161.67675426008708;277.78;Module 1,11_4;175.62;29,12;36,91;0,60;22,32;6,80
11,11.2019 13:28:52;36.5;0.78;283.4;155.29372975052215;277.89;Module 1,11_4;168.66;28,47;36,78;0,57;21,04;7,43
11,11.2019 13:30:45;36.3;0.72;285.9;144.13750170819574;277.89;Module 1,11_4;156.52;26,14;36,09;0,52;18,72;7,41
11,11.2019 13:32:38;36.5;0.76;285.9;154.04078750934733;277.82;Module 1,11_4;167.25;27,74;36,33;0,57;20,67;7,07
11,11.2019 13:34:31;36.5;0.8;285.9;159.3032557954291;277.78;Module 1,11_4;172.94;29,20;36,44;0,60;21,71;7,49
11,11.2019 13:36:24;36.8;0.98;285.9;198.5885109780641;277.88;Module 1,11_4;215.56;36,06;37,02;0,80;29,51;6,55
11,11.2019 13:38:16;36.7;0.92;285.9;186.44150570858446;277.94;Module 1,11_4;202.35;33,76;36,88;0,73;27,09;6,67
11,11.2019 13:40:10;36.7;0.94;285.9;190.4905534133252;278.02;Module 1,11_4;206.72;34,50;36,93;0,76;27,90;6,60
11,11.2019 13:42:03;36.7;0.91;285.9;186.01435483499944;278.16;Module 1,11_4;201.84;33,40;36,87;0,73;27,00;6,39
11,11.2019 13:43:56;36.7;0.92;285.9;189.7574572578954;278.3;Module 1,11_4;205.88;33,76;36,92;0,75;27,75;6,01
11,11.2019 13:45:49;36.7;0.88;285.9;181.54460566406104;278.42;Module 1,11_4;196.95;32,30;36,81;0,71;26,12;6,18
11,11.2019 13:47:42;36.6;0.85;285.9;175.6152484492199;278.51;Module 1,11_4;190.5;31,11;36,72;0,68;24,94;6,17
11,11.2019 13:49:45;36.4;0.78;286.4;160.10587852643744;278.56;Module 1,11_4;173.66;28,39;36,37;0,60;21,84;6,55
11,11.2019 13:51:37;36.2;0.75;286.4;152.4010052839424;278.6;Module 1,11_4;165.29;27,15;36,20;0,56;20,32;6,83
11,11.2019 13:53:30;36.1;0.7;286.4;141.68810233318064;278.54;Module 1,11_4;153.66;25,27;35,94;0,51;18,23;7,04
11,11.2019 13:55:23;36;0.66;286.4;132.95543585706642;278.45;Module 1,11_4;144.18;23,76;35,67;0,46;16,53;7,23
11,11.2019 13:57:21;36;0.69;286.4;141.75226772727746;278.47;Module 1,11_4;153.71;24,84;35,94;0,51;18,24;6,60
11,11.2019 13:59:13;37.5;1.04;286.4;214.50705359653602;278.47;Module 1,11_4;232.59;39,00;37,09;0,88;32,64;6,36
11,11.2019 14:01:06;36.5;0.84;286.4;170.90156280540614;278.5;Module 1,11_4;185.3;30,66;36,56;0,66;23,97;6,69
11,11.2019 14:03:00;36.3;0.76;286.4;153.89136573323765;278.5;Module 1,11_4;166.85;27,59;36,24;0,57;20,62;6,97
11,11.2019 14:05:14;36.4;0.88;286.4;179.11491649653576;278.46;Module 1,11_4;194.19;32,03;36,69;0,70;25,60;6,44
11,11.2019 14:07:07;36.5;0.86;286.4;176.82275593273118;278.55;Module 1,11_4;191.7;31,39;36,66;0,69;25,14;6,25
11,11.2019 14:09:01;36.4;0.77;286.4;156.91132468777067;278.68;Module 1,11_4;170.11;28,03;36,30;0,58;21,21;6,82
11,11.2019 14:10:54;36.2;0.72;286.4;147.55072181784342;278.73;Module 1,11_4;159.96;26,06;36,09;0,54;19,37;6,69
11,11.2019 14:12:50;36.1;0.69;286.4;144.2216740170983;278.71;Module 1,11_4;156.35;24,91;36,01;0,52;18,72;6,19
11,11.2019 14:14:43;36.2;0.74;286.4;153.17836777119237;278.65;Module 1,11_4;166.06;26,79;36,23;0,57;20,48;6,31
11,11.2019 14:16:36;36.2;0.65;286.4;136.3246397511583;278.67;Module 1,11_4;147.79;23,53;35,78;0,48;17,18;6,35
11,11.2019 14:18:29;36.2;0.64;286.4;134.95760422085894;278.65;Module 1,11_4;146.31;23,17;35,73;0,47;16,91;6,25
11,11.2019 14:20:22;36.1;0.63;286.4;130.7395354484299;278.64;Module 1,11_4;141.74;22,74;35,59;0,45;16,10;6,65
11,11.2019 14:22:16;36;0.65;285.9;132.52535414245352;278.66;Module 1,11_4;143.68;23,40;35,74;0,46;16,46;6,94
11,11.2019 14:24:08;36;0.63;285.9;128.2597362864476;278.57;Module 1,11_4;139.06;22,68;35,59;0,44;15,63;7,05
11,11.2019 14:26:01;36.1;0.66;285.9;133.69609108091188;278.53;Module 1,11_4;144.96;23,83;35,78;0,47;16,69;7,14
11,11.2019 14:27:54;36.2;0.72;285.9;148.20602617014893;278.53;Module 1,11_4;160.7;26,06;36,20;0,54;19,52;6,54
11,11.2019 14:29:47;36.4;0.73;285.9;149.7473004472211;278.58;Module 1,11_4;162.38;26,57;36,23;0,55;19,83;6,75
11,11.2019 14:31:40;36.3;0.7;285.9;144.64790674992207;278.63;Module 1,11_4;156.86;25,41;36,10;0,52;18,82;6,59
11,11.2019 14:33:34;36.3;0.75;285.9;153.07503532499354;278.7;Module 1,11_4;166.01;27,22;36,30;0,56;20,48;6,74
11,11.2019 14:35:28;36.5;0.9;285.9;183.70193060110037;278.75;Module 1,11_4;199.24;32,85;36,84;0,72;26,54;6,31
11,11.2019 14:37:21;36.7;0.91;286.4;184.99596571687454;278.8;Module 1,11_4;200.66;33,40;36,77;0,73;26,76;6,63
11,11.2019 14:39:13;36.8;0.95;286.4;193.70954390353802;278.89;Module 1,11_4;210.13;34,96;36,88;0,77;28,50;6,46
11,11.2019 14:41:06;36.7;0.91;286.4;190.79648005842992;278.96;Module 1,11_4;206.99;33,40;36,84;0,76;27,92;5,48
11,11.2019 14:43:00;37.2;1.03;286.4;219.3943208603518;279.01;Module 1,11_4;238.04;38,32;37,14;0,91;33,61;4,70
11,11.2019 14:44:52;37.3;1.09;286.4;230.2261795618309;279.07;Module 1,11_4;249.82;40,66;37,23;0,96;35,78;4,88
11,11.2019 14:46:45;37.3;1.2;286.4;251.9083966745725;279.28;Module 1,11_4;273.38;44,76;37,37;1,07;40,11;4,65
11,11.2019 14:48:39;37.2;1.22;286.4;255.64455930423992;279.48;Module 1,11_4;277.47;45,38;37,39;1,09;40,86;4,53
11,11.2019 14:50:32;37.2;1.09;287.9;229.9083050650732;279.74;Module 1,11_4;249.57;40,55;36,96;0,96;35,54;5,01
11,11.2019 14:52:25;37;0.99;287.9;207.01431267635513;279.77;Module 1,11_4;224.75;36,63;36,77;0,84;31,00;5,63
11,11.2019 14:54:18;36.1;0.8;287.9;164.69333661057777;279.75;Module 1,11_4;178.83;28,88;36,20;0,63;22,65;6,23
11,11.2019 14:56:11;36;0.69;287.9;143.3599663561206;279.58;Module 1,11_4;155.69;24,84;35,73;0,52;18,49;6,35
11,11.2019 14:58:09;35.6;0.57;287.9;115.76182726033275;279.31;Module 1,11_4;125.74;20,29;34,71;0,38;13,19;7,10
11,11.2019 15:00:03;35.6;0.56;287.9;112.34488687813385;279.1;Module 1,11_4;122.05;19,94;34,52;0,36;12,55;7,39
11,11.2019 15:01:59;35.5;0.54;287.9;108.53212857386426;279.04;Module 1,11_4;117.93;19,17;34,28;0,35;11,83;7,34
11,11.2019 15:03:52;35.6;0.56;286.4;110.6460695600299;279.03;Module 1,11_4;120.25;19,94;34,65;0,35;12,25;7,69
11,11.2019 15:05:47;35.6;0.6;286.4;117.78072870872433;279.06;Module 1,11_4;128.03;21,36;35,05;0,39;13,60;7,76
11,11.2019 15:07:42;35.7;0.6;286.4;117.13025849443649;279;Module 1,11_4;127.35;21,42;35,02;0,38;13,48;7,94
11,11.2019 15:09:36;35.7;0.59;286.4;114.8240311321249;278.96;Module 1,11_4;124.87;21,06;34,89;0,37;13,04;8,02
11,11.2019 15:11:30;35.6;0.53;286.4;104.86888640171158;278.92;Module 1,11_4;114.07;18,87;34,23;0,33;11,16;7,71
11,11.2019 15:13:58;35.4;0.48;286.4;92.37390310004614;278.78;Module 1,11_4;100.51;16,99;32,88;0,27;8,87;8,12
11,11.2019 15:15:51;35.2;0.55;286.4;107.3553377784076;278.71;Module 1,11_4;116.84;19,36;34,42;0,34;11,63;7,73
11,11.2019 15:17:45;35.6;0.53;286.4;102.97329569000742;278.72;Module 1,11_4;112.1;18,87;34,08;0,32;10,81;8,06
11,11.2019 15:19:39;35.4;0.48;285.9;94.36820418451423;278.72;Module 1,11_4;102.76;16,99;33,22;0,28;9,23;7,76
11,11.2019 15:21:32;34.9;0.48;285.9;91.22050368626114;278.76;Module 1,11_4;99.36;16,75;32,77;0,26;8,66;8,09
11,11.2019 15:23:44;34.8;0.45;285.9;87.41768018870943;278.76;Module 1,11_4;95.25;15,66;32,09;0,25;7,99;7,67
11,11.2019 15:25:38;34.9;0.5;285.9;96.41933712148239;278.75;Module 1,11_4;105.09;17,45;33,48;0,29;9,60;7,85
11,11.2019 15:27:31;35.1;0.51;285.9;98.48977363738948;278.75;Module 1,11_4;107.38;17,90;33,71;0,30;9,98;7,92
11,11.2019 15:29:25;35.2;0.52;285.9;100.29163122966582;278.71;Module 1,11_4;109.38;18,30;33,90;0,30;10,32;7,99
11,11.2019 15:31:18;35.3;0.55;285.9;105.70289061021684;278.6;Module 1,11_4;115.32;19,41;34,38;0,33;11,32;8,09
11,11.2019 15:33:11;35.6;0.55;285.9;109.25837804342507;278.53;Module 1,11_4;119.24;19,58;34,63;0,35;11,99;7,59
11,11.2019 15:35:06;35.7;0.53;285.9;105.18861225111378;278.56;Module 1,11_4;114.84;18,92;34,34;0,33;11,23;7,69
11,11.2019 15:36:59;35.6;0.51;285.9;99.88512232131026;278.5;Module 1,11_4;109.09;18,16;33,86;0,30;10,24;7,92
11,11.2019 15:38:54;35.7;0.53;285.9;104.03844038431203;278.5;Module 1,11_4;113.67;18,92;34,24;0,32;11,01;7,91
11,11.2019 15:40:46;35.6;0.57;285.9;111.78389446256963;278.52;Module 1,11_4;122.18;20,29;34,80;0,36;12,47;7,82
11,11.2019 15:42:39;35.7;0.59;285.9;115.76262476042561;278.54;Module 1,11_4;126.58;21,06;35,02;0,38;13,23;7,84
11,11.2019 15:44:33;35.8;0.59;285.9;114.61684051203362;278.51;Module 1,11_4;125.38;21,12;34,96;0,37;13,01;8,11
11,11.2019 15:46:26;35.8;0.58;285.9;113.79072235024981;278.52;Module 1,11_4;124.53;20,76;34,91;0,37;12,85;7,91
11,11.2019 15:48:20;35.8;0.58;285.9;112.68929797533029;278.53;Module 1,11_4;123.38;20,76;34,85;0,36;12,64;8,12
11,11.2019 15:50:13;35.8;0.57;285.9;111.3686073407028;278.53;Module 1,11_4;121.99;20,41;34,77;0,36;12,39;8,01
11,11.2019 15:52:15;35.7;0.51;285.9;102.36035012023606;278.53;Module 1,11_4;112.18;18,21;34,09;0,31;10,70;7,51
11,11.2019 15:54:08;35.6;0.54;285.9;106.49644410308404;278.5;Module 1,11_4;116.77;19,22;34,43;0,33;11,47;7,75
11,11.2019 15:56:01;35.8;0.62;285.9;122.22181847974727;278.47;Module 1,11_4;134.08;22,20;35,34;0,41;14,47;7,73
11,11.2019 15:57:54;35.9;0.62;285.9;123.29712970519759;278.54;Module 1,11_4;135.33;22,26;35,38;0,41;14,67;7,59
11,11.2019 15:59:47;35.9;0.58;285.9;114.84445581871682;278.54;Module 1,11_4;126.12;20,82;34,98;0,37;13,05;7,77
11,11.2019 16:01:41;35.7;0.56;285.9;109.9842766739095;278.53;Module 1,11_4;120.85;19,99;34,68;0,35;12,13;7,86
11,11.2019 16:03:34;35.6;0.55;285.9;107.28388638273216;278.59;Module 1,11_4;117.95;19,58;34,49;0,34;11,62;7,96
11,11.2019 16:05:36;35.6;0.49;285.9;94.1444910839363;278.59;Module 1,11_4;103.57;17,44;33,20;0,28;9,19;8,26
11,11.2019 16:07:29;35.4;0.45;285.9;86.55641697820528;278.52;Module 1,11_4;95.28;15,93;31,91;0,25;7,84;8,09
11,11.2019 16:09:25;35.3;0.39;285.9;75.41590327345686;278.49;Module 1,11_4;83.07;13,77;28,81;0,21;5,98;7,79
11,11.2019 16:11:18;34.7;0.36;285.9;69.75126536960533;278.49;Module 1,11_4;76.88;12,49;26,79;0,19;5,12;7,37
11,11.2019 16:13:13;34.5;0.34;285.9;65.8054563213474;278.5;Module 1,11_4;72.58;11,73;25,30;0,18;4,56;7,17
11,11.2019 16:15:07;34.3;0.34;284.4;63.51300883299318;278.46;Module 1,11_4;70.1;11,66;24,42;0,17;4,24;7,42
11,11.2019 16:17:00;34.3;0.33;284.4;61.711688530694715;278.4;Module 1,11_4;68.16;11,32;23,73;0,17;4,00;7,32
11,11.2019 16:18:54;34.2;0.35;283.4;66.28952877932163;278.39;Module 1,11_4;73.27;11,97;25,47;0,18;4,61;7,36
11,11.2019 16:20:47;34.3;0.38;283.4;72.07993595451154;278.32;Module 1,11_4;79.73;13,03;27,64;0,20;5,45;7,58
11,11.2019 16:22:44;34.6;0.38;283.4;72.1395849190396;278.28;Module 1,11_4;79.86;13,15;27,66;0,20;5,46;7,68
11,11.2019 16:25:01;34.5;0.35;283.4;66.12237159994682;278.28;Module 1,11_4;73.27;12,07;25,41;0,18;4,59;7,48
11,11.2019 16:26:59;34.4;0.32;283.4;61.574793747651206;278.31;Module 1,11_4;68.29;11,01;23,67;0,17;3,98;7,03
11,11.2019 16:28:51;34.3;0.32;283.4;59.55858589014614;278.28;Module 1,11_4;66.11;10,98;22,90;0,16;3,73;7,25
11,11.2019 16:30:44;34.2;0.3;283.4;55.428525391117276;278.25;Module 1,11_4;61.58;10,26;21,31;0,15;3,23;7,03
11,11.2019 16:32:37;34;0.27;283.4;49.82944768558195;278.2;Module 1,11_4;55.41;9,18;19,16;0,14;2,61;6,57
11,11.2019 16:34:35;33.9;0.24;283.4;45.00999634217244;278.11;Module 1,11_4;50.1;8,14;17,30;0,12;2,13;6,01
11,11.2019 16:36:28;33.6;0.21;283.4;40.532484237118226;277.99;Module 1,11_4;45.16;7,06;15,59;0,11;1,73;5,33
11,11.2019 16:38:24;33.6;0.21;283.4;38.805138076437316;277.89;Module 1,11_4;43.28;7,06;14,92;0,11;1,58;5,47
11,11.2019 16:40:33;33.5;0.21;283.4;40.774126884948906;277.84;Module 1,11_4;45.53;7,04;15,68;0,11;1,75;5,29
11,11.2019 16:42:27;33.3;0.21;283.4;39.745891532854955;277.8;Module 1,11_4;44.43;6,99;15,28;0,11;1,66;5,33
11,11.2019 16:44:22;33.4;0.2;282.4;39.04867264717615;277.78;Module 1,11_4;43.7;6,68;15,01;0,11;1,60;5,08
11,11.2019 16:46:16;33.4;0.2;282.4;38.85172439223368;277.77;Module 1,11_4;43.53;6,68;14,93;0,11;1,58;5,10
11,11.2019 16:48:18;33.2;0.19;282.4;37.152835742615736;277.75;Module 1,11_4;41.68;6,31;14,28;0,10;1,45;4,86
11,11.2019 16:50:10;33.2;0.2;282.4;37.71295881129229;277.77;Module 1,11_4;42.36;6,64;14,49;0,10;1,49;5,15
11,11.2019 16:52:09;33.3;0.2;282.4;39.92074689573829;277.79;Module 1,11_4;44.9;6,66;15,34;0,11;1,67;4,99
11,11.2019 16:54:02;33.4;0.22;282.4;41.13789610220384;277.77;Module 1,11_4;46.33;7,35;15,81;0,11;1,78;5,57
11,11.2019 16:56:00;33.5;0.27;282.4;52.33109541036985;277.71;Module 1,11_4;59.02;9,04;20,12;0,14;2,87;6,17
11,11.2019 16:57:52;33.8;0.35;282.4;64.94594268162209;277.64;Module 1,11_4;73.35;11,83;24,95;0,18;4,43;7,40
11,11.2019 16:59:45;34.2;0.37;282.4;70.54471491373528;277.66;Module 1,11_4;79.79;12,65;27,07;0,19;5,22;7,43
11,11.2019 17:01:38;35.1;0.38;282.4;72.3269614404276;277.68;Module 1,11_4;81.93;13,34;27,73;0,20;5,49;7,85
11,11.2019 17:03:47;35.3;0.36;282.4;70.52266227552629;277.73;Module 1,11_4;80.03;12,71;27,06;0,19;5,22;7,49
11,11.2019 17:05:46;35.2;0.33;282.4;63.33712808546513;277.78;Module 1,11_4;72;11,62;24,34;0,17;4,21;7,41
11,11.2019 17:07:38;35.1;0.2;283.4;41.881318503813716;277.77;Module 1,11_4;47.69;7,02;16,10;0,11;1,84;5,18
11,11.2019 17:09:31;34.7;0.1;283.4;23.248733417156473;277.68;Module 1,11_4;26.52;3,47;8,94;0,06;0,57;2,90
11,11.2019 17:11:26;32.9;0.1;283.4;20.317812705270214;277.6;Module 1,11_4;23.22;3,29;7,81;0,06;0,43;2,86
11,11.2019 17:13:18;31.7;0.09;282.4;18.847139544178702;277.51;Module 1,11_4;21.58;2,85;7,24;0,05;0,37;2,48
11,11.2019 17:15:11;30.9;0.09;282.4;18.156105793267216;277.42;Module 1,11_4;20.83;2,78;6,98;0,05;0,35;2,44
11,11.2019 17:17:04;30.6;0.08;281.9;17.205397521403935;277.36;Module 1,11_4;19.78;2,45;6,61;0,05;0,31;2,14
11,11.2019 17:19:19;30.6;0.07;281.9;15.478047285956842;277.25;Module 1,11_4;17.84;2,14;5,95;0,04;0,25;1,89
11,11.2019 17:21:12;30.3;0.07;281.9;15.382651551495561;277.21;Module 1,11_4;17.77;2,12;5,91;0,04;0,25;1,87
11,11.2019 17:23:08;30.4;0.08;280.4;16.019221046453787;277.15;Module 1,11_4;18.55;2,43;6,15;0,04;0,27;2,16
11,11.2019 17:25:00;30.4;0.09;280.4;17.341530849691626;277.11;Module 1,11_4;20.13;2,74;6,66;0,05;0,31;2,42
11,11.2019 17:27:02;31;0.1;280.4;19.05484709000784;277.1;Module 1,11_4;22.18;3,10;7,32;0,05;0,38;2,72
11,11.2019 17:28:55;31.3;0.11;280.4;20.78606219685731;277.1;Module 1,11_4;24.26;3,44;7,98;0,06;0,45;2,99
11,11.2019 17:30:48;31.5;0.14;280.4;25.79464222851876;277.14;Module 1,11_4;30.19;4,41;9,91;0,07;0,70;3,71
11,11.2019 17:32:41;31.7;0.17;280.4;31.44412121512397;277.15;Module 1,11_4;36.91;5,39;12,08;0,09;1,04;4,35
11,11.2019 17:34:55;33.2;0.17;280.4;31.813405580732418;277.17;Module 1,11_4;37.48;5,64;12,22;0,09;1,06;4,58
11,11.2019 17:36:49;33;0.17;281.9;31.151208681489813;277.21;Module 1,11_4;36.82;5,61;11,97;0,09;1,02;4,59
11,11.2019 17:38:42;33;0.16;281.9;29.28326522551551;277.21;Module 1,11_4;34.73;5,28;11,25;0,08;0,90;4,38
11,11.2019 17:40:36;33;0.14;281.9;26.79197390198902;277.22;Module 1,11_4;31.89;4,62;10,30;0,07;0,75;3,87
11,11.2019 17:42:35;32.8;0.13;281.9;23.67355716684665;277.21;Module 1,11_4;28.29;4,26;9,09;0,06;0,59;3,68
11,11.2019 17:44:28;32.7;0.1;281.9;19.06231958048017;277.2;Module 1,11_4;22.87;3,27;7,33;0,05;0,38;2,89
11,11.2019 17:46:21;32.4;0.09;281.9;16.849695370734047;277.21;Module 1,11_4;20.3;2,92;6,48;0,05;0,30;2,62
11,11.2019 17:48:18;31.1;0.09;281.9;15.607911172985801;277.21;Module 1,11_4;18.89;2,80;6,00;0,04;0,26;2,54
11,11.2019 17:50:41;30.8;0.08;280.4;15.515364252702945;277.21;Module 1,11_4;18.89;2,46;5,96;0,04;0,25;2,21
11,11.2019 17:52:34;30.9;0.09;280.4;16.26323443384078;277.22;Module 1,11_4;19.9;2,78;6,24;0,04;0,28;2,50
11,11.2019 17:54:26;31;0.09;280.4;16.007137070509163;277.24;Module 1,11_4;19.69;2,79;6,15;0,04;0,27;2,52
11,11.2019 17:56:19;31.3;0.09;279.9;16.879138858189883;277.25;Module 1,11_4;20.88;2,82;6,48;0,05;0,30;2,52
11,11.2019 17:58:30;31.3;0.09;279.9;16.167589465284024;277.25;Module 1,11_4;20.14;2,82;6,21;0,04;0,27;2,54
11,11.2019 18:00:25;31;0.09;280.4;14.6500950184126;277.25;Module 1,11_4;18.37;2,79;5,63;0,04;0,22;2,57
11,11.2019 18:02:19;31.1;0.07;280.4;12.172516413751321;277.25;Module 1,11_4;15.37;2,18;4,67;0,03;0,16;2,02
11,11.2019 18:04:12;30.6;0.06;279.9;11.060904355527892;277.21;Module 1,11_4;14.07;1,84;4,25;0,03;0,13;1,71
11,11.2019 18:06:07;29.9;0;279.9;9.053617083683577;277.18;Module 1,11_4;11.61;0,00;3,48;0,02;0,09;-0,09
11,11.2019 18:08:04;29.6;0;279.9;6.569989496113992;277.17;Module 1,11_4;8.5;0,00;2,52;0,02;0,05;-0,05
11,11.2019 18:09:57;29.1;0;279.9;5.81271122054046;277.15;Module 1,11_4;7.59;0,00;2,23;0,02;0,04;-0,04
11,11.2019 18:11:49;28;0;279.9;5.4370182137930545;277.14;Module 1,11_4;7.17;0,00;2,09;0,01;0,03;-0,03
11,11.2019 18:13:42;33.7;0;279.9;4.958424135151115;277.13;Module 1,11_4;6.61;0,00;1,91;0,01;0,03;-0,03
11,11.2019 18:15:36;32.9;0;279.9;4.158558240304314;277.1;Module 1,11_4;5.61;0,00;1,59;0,01;0,02;-0,02
11,11.2019 18:17:29;31.9;0;279.9;3.541872534299421;277.06;Module 1,11_4;4.84;0,00;1,36;0,01;0,01;-0,01
11,11.2019 18:19:31;31.4;0;280.4;3.329514875534489;277.03;Module 1,11_4;4.62;0,00;1,28;0,01;0,01;-0,01
11,11.2019 18:21:24;28.7;0;280.4;2.7101269040875287;277.02;Module 1,11_4;3.82;0,00;1,04;0,01;0,01;-0,01
11,11.2019 18:23:17;28.6;0;280.4;2.259043725714774;276.99;Module 1,11_4;3.24;0,00;0,87;0,01;0,01;-0,01
11,11.2019 18:25:10;26.9;0;279.9;2.099480735444443;276.98;Module 1,11_4;3.07;0,00;0,80;0,01;0,00;-0,00
11,11.2019 18:27:03;26.9;0;279.9;1.8335899262108228;276.96;Module 1,11_4;2.74;0,00;0,70;0,01;0,00;-0,00
11,11.2019 18:29:10;24.1;0;279.9;1.5556108512896354;276.91;Module 1,11_4;2.39;0,00;0,59;0,00;0,00;-0,00
11,11.2019 18:31:03;19.4;0;279.9;1.4425632113311098;276.91;Module 1,11_4;2.28;0,00;0,55;0,00;0,00;-0,00
11,11.2019 18:32:59;21.1;0;275.8;1.2726625024348195;276.89;Module 1,11_4;2.08;0,00;0,48;0,00;0,00;-0,00
11,11.2019 18:34:52;21.1;0;275.8;0.9071085669078299;276.89;Module 1,11_4;1.54;0,00;0,35;0,00;0,00;-0,00
11,11.2019 18:36:56;21.1;0;275.8;0.5213041387290245;276.86;Module 1,11_4;0.93;0,00;0,20;0,00;0,00;-0,00
12,11.2019 09:54:34;33.4;0;278.3;6.114684356726255;276.64;Module 1,11_4;7.5;0,00;2,34;0,02;0,04;-0,04
12,11.2019 09:56:27;34;0;278.3;6.47334304511021;276.64;Module 1,11_4;7.91;0,00;2,48;0,02;0,04;-0,04
12,11.2019 09:58:23;27.6;0;278.3;6.809591138206976;276.67;Module 1,11_4;8.29;0,00;2,61;0,02;0,05;-0,05
12,11.2019 10:00:16;26.7;0;278.3;7.24544629490834;276.68;Module 1,11_4;8.79;0,00;2,78;0,02;0,05;-0,05
12,11.2019 10:02:16;26.4;0;278.3;8.156287076276925;276.71;Module 1,11_4;9.86;0,00;3,13;0,02;0,07;-0,07
12,11.2019 10:04:11;27.4;0;277.8;9.021152137197879;276.72;Module 1,11_4;10.87;0,00;3,46;0,02;0,09;-0,09
12,11.2019 10:06:39;28.2;0;277.8;9.540750886043133;276.76;Module 1,11_4;11.45;0,00;3,66;0,03;0,10;-0,10
12,11.2019 10:08:36;28.5;0;277.8;10.02112229643189;276.78;Module 1,11_4;11.99;0,00;3,84;0,03;0,10;-0,10
12,11.2019 10:10:29;28.9;0;277.8;10.594307854726555;276.81;Module 1,11_4;12.64;0,00;4,06;0,03;0,12;-0,12
12,11.2019 10:12:22;29.1;0.06;277.8;11.161137737558622;276.82;Module 1,11_4;13.28;1,75;4,28;0,03;0,13;1,62
12,11.2019 10:14:32;29.5;0.07;278.3;11.650126593023906;276.84;Module 1,11_4;13.82;2,07;4,47;0,03;0,14;1,92
12,11.2019 10:16:25;29.6;0;278.3;11.468353906182731;276.85;Module 1,11_4;13.57;0,00;4,40;0,03;0,14;-0,14
12,11.2019 10:18:18;29.5;0;278.3;10.471316714041347;276.86;Module 1,11_4;12.36;0,00;4,02;0,03;0,11;-0,11
12,11.2019 10:20:13;29.1;0;278.3;10.26722979919559;276.87;Module 1,11_4;12.09;0,00;3,94;0,03;0,11;-0,11
12,11.2019 10:22:17;28.8;0;278.3;10.58242100875885;276.89;Module 1,11_4;12.43;0,00;4,06;0,03;0,12;-0,12
12,11.2019 10:24:17;29.2;0;277.8;11.443475418163494;276.89;Module 1,11_4;13.41;0,00;4,39;0,03;0,14;-0,14
12,11.2019 10:26:09;29.1;0.06;277.8;11.484756894443702;276.88;Module 1,11_4;13.43;1,75;4,41;0,03;0,14;1,61
12,11.2019 10:28:03;29.1;0.06;278.3;11.748622851412847;276.89;Module 1,11_4;13.71;1,75;4,51;0,03;0,14;1,60
12,11.2019 10:30:09;29.4;0;278.3;12.48762777599011;276.91;Module 1,11_4;14.54;0,00;4,79;0,03;0,16;-0,16
12,11.2019 10:32:09;30.3;0.07;278.3;13.623412842691973;276.92;Module 1,11_4;15.83;2,12;5,23;0,04;0,19;1,93
12,11.2019 10:34:05;30.2;0.07;278.3;14.787742539479634;276.95;Module 1,11_4;17.15;2,11;5,67;0,04;0,23;1,89
12,11.2019 10:35:58;30.5;0.07;278.3;15.211913540689627;276.96;Module 1,11_4;17.61;2,14;5,84;0,04;0,24;1,89
12,11.2019 10:37:50;31;0.08;279.9;16.475870005515503;276.96;Module 1,11_4;19.04;2,48;6,33;0,04;0,28;2,20
12,11.2019 10:39:50;31.1;0.1;279.9;19.513882558414075;276.99;Module 1,11_4;22.51;3,11;7,49;0,05;0,40;2,71
12,11.2019 10:41:52;31.7;0.11;279.9;20.999056303657163;277;Module 1,11_4;24.18;3,49;8,06;0,06;0,46;3,03
12,11.2019 10:43:48;31.9;0.12;279.9;22.956093301449076;277.01;Module 1,11_4;26.39;3,83;8,81;0,06;0,55;3,28
12,11.2019 10:45:43;32.3;0.12;279.9;23.73308944681066;277.03;Module 1,11_4;27.24;3,88;9,11;0,06;0,59;3,29
12,11.2019 10:47:37;32.4;0.13;280.9;25.71524517985939;277.06;Module 1,11_4;29.47;4,21;9,88;0,07;0,69;3,52
12,11.2019 10:49:30;32.5;0.15;280.9;30.043862565493114;277.07;Module 1,11_4;34.38;4,88;11,54;0,08;0,95;3,93
12,11.2019 10:51:38;33;0.18;280.9;33.261107540646556;277.1;Module 1,11_4;38;5,94;12,77;0,09;1,16;4,78
12,11.2019 10:53:38;33.6;0.19;280.4;35.519130389870114;277.13;Module 1,11_4;40.52;6,38;13,64;0,10;1,32;5,06
12,11.2019 10:55:31;33.7;0.2;280.4;37.99849118188084;277.16;Module 1,11_4;43.29;6,74;14,59;0,10;1,51;5,23
12,11.2019 10:57:31;33.8;0.23;281.9;43.04414518961843;277.19;Module 1,11_4;48.97;7,77;16,54;0,12;1,94;5,83
12,11.2019 10:59:24;33.9;0.25;281.9;47.28847853947072;277.23;Module 1,11_4;53.73;8,47;18,17;0,13;2,35;6,13
12,11.2019 11:01:17;34;0.28;281.9;50.60779642431012;277.28;Module 1,11_4;57.43;9,52;19,45;0,14;2,69;6,83
12,11.2019 11:03:11;34.5;0.29;281.9;55.266396878691666;277.33;Module 1,11_4;62.64;10,00;21,23;0,15;3,20;6,80
12,11.2019 11:05:05;34.2;0.33;281.9;61.76293575948578;277.38;Module 1,11_4;69.92;11,29;23,73;0,17;4,00;7,28
12,11.2019 11:07:09;34.2;0.38;281.9;70.34926540416056;277.46;Module 1,11_4;79.54;13,00;26,99;0,19;5,19;7,81
12,11.2019 11:09:07;34.4;0.41;281.9;76.07196965261026;277.54;Module 1,11_4;85.91;14,10;29,08;0,21;6,07;8,04
12,11.2019 11:11:04;34.5;0.43;282.4;81.32598071792934;277.6;Module 1,11_4;91.74;14,83;30,80;0,22;6,93;7,91
12,11.2019 11:12:57;35.6;0.45;282.4;85.31701737290805;277.69;Module 1,11_4;96.14;16,02;31,89;0,24;7,61;8,41
12,11.2019 11:14:50;35.6;0.46;282.4;88.91435252022774;277.78;Module 1,11_4;100.09;16,38;32,70;0,25;8,25;8,13
12,11.2019 11:16:47;35.7;0.48;283.4;91.93305364994755;277.85;Module 1,11_4;103.38;17,14;33,15;0,27;8,79;8,35
12,11.2019 11:18:41;35.6;0.46;283.4;88.19673715496032;277.91;Module 1,11_4;99.08;16,38;32,46;0,25;8,12;8,26
12,11.2019 11:20:34;35.7;0.43;283.4;83.94227616252395;277.97;Module 1,11_4;94.21;15,35;31,48;0,23;7,38;7,97
12,11.2019 11:22:38;35.5;0.42;283.4;82.01282962843906;278.02;Module 1,11_4;91.95;14,91;30,95;0,23;7,05;7,86
12,11.2019 11:24:58;35.5;0.42;283.4;81.98931695084796;278.06;Module 1,11_4;91.82;14,91;30,95;0,23;7,04;7,87
12,11.2019 11:26:54;35.5;0.43;283.4;83.9676140901008;278.1;Module 1,11_4;93.95;15,27;31,48;0,23;7,38;7,88
12,11.2019 11:28:48;35.5;0.43;283.4;83.70098835512326;278.14;Module 1,11_4;93.57;15,27;31,41;0,23;7,34;7,93
12,11.2019 11:30:41;35.5;0.41;284.4;80.22637887730897;278.16;Module 1,11_4;89.61;14,55;30,40;0,22;6,75;7,80
12,11.2019 11:32:35;35.4;0.39;284.4;75.85781023821215;278.17;Module 1,11_4;84.66;13,81;28,98;0,21;6,04;7,76
12,11.2019 11:34:27;35.4;0.36;283.4;70.10749271646513;278.17;Module 1,11_4;78.18;12,74;26,91;0,19;5,16;7,58
12,11.2019 11:36:20;35.3;0.32;283.4;63.539499278506945;278.14;Module 1,11_4;70.8;11,30;24,42;0,17;4,24;7,06
12,11.2019 11:38:13;34.8;0.32;283.4;62.37587552687466;278.11;Module 1,11_4;69.45;11,14;23,98;0,17;4,09;7,05
12,11.2019 11:40:32;34.7;0.35;283.4;67.85416018833924;278.11;Module 1,11_4;75.48;12,14;26,06;0,19;4,83;7,31
12,11.2019 11:42:24;34.6;0.34;283.4;65.02449404463057;278.11;Module 1,11_4;72.28;11,76;24,99;0,18;4,44;7,32
12,11.2019 11:44:25;34.5;0.32;283.4;61.09479351340192;278.11;Module 1,11_4;67.86;11,04;23,48;0,17;3,92;7,12
12,11.2019 11:46:18;34.3;0.36;283.4;68.9394150063985;278.1;Module 1,11_4;76.52;12,35;26,47;0,19;4,99;7,36
12,11.2019 11:48:37;34.6;0.39;283.4;74.65053817206336;278.13;Module 1,11_4;82.79;13,49;28,57;0,20;5,85;7,64
12,11.2019 11:50:30;35.4;0.4;283.9;78.24588662888976;278.17;Module 1,11_4;86.72;14,16;29,79;0,22;6,42;7,74
12,11.2019 11:52:22;35.4;0.42;283.9;82.36792878466557;278.18;Module 1,11_4;91.23;14,87;31,03;0,23;7,11;7,76
12,11.2019 11:54:37;35.6;0.44;283.4;85.14060622322245;278.22;Module 1,11_4;94.23;15,66;31,78;0,24;7,58;8,08
12,11.2019 11:56:33;35.6;0.43;283.4;82.2107728512304;278.28;Module 1,11_4;90.93;15,31;31,02;0,23;7,08;8,23
12,11.2019 11:58:36;35.5;0.4;283.4;77.21624078859683;278.32;Module 1,11_4;85.35;14,20;29,46;0,21;6,26;7,94
12,11.2019 12:00:29;35.3;0.4;283.4;77.05328024750324;278.33;Module 1,11_4;85.12;14,12;29,41;0,21;6,23;7,89
12,11.2019 12:02:38;35.4;0.43;283.4;81.72326823205194;278.34;Module 1,11_4;90.22;15,22;30,88;0,23;7,00;8,22
12,11.2019 12:04:31;35.4;0.47;283.4;91.10403523718966;278.37;Module 1,11_4;100.52;16,64;33,01;0,26;8,64;8,00
12,11.2019 12:06:23;35.4;0.51;283.4;97.81838474725797;278.39;Module 1,11_4;107.87;18,05;33,96;0,29;9,87;8,19
12,11.2019 12:08:30;35.9;0.51;283.4;99.89124157174328;278.4;Module 1,11_4;110.09;18,31;34,20;0,30;10,25;8,06
12,11.2019 12:10:23;35.9;0.53;283.4;103.06606751202736;278.49;Module 1,11_4;113.53;19,03;34,51;0,31;10,85;8,18
12,11.2019 12:12:24;36;0.54;283.4;104.98410866252117;278.57;Module 1,11_4;115.58;19,44;34,68;0,32;11,21;8,23
12,11.2019 12:14:25;35.8;0.55;285.9;106.83008119395836;278.64;Module 1,11_4;117.55;19,69;34,46;0,33;11,54;8,15
12,11.2019 12:16:18;36;0.56;285.9;109.3002792671253;278.69;Module 1,11_4;120.21;20,16;34,63;0,35;12,00;8,16
12,11.2019 12:18:12;36;0.56;285.9;108.5608992500634;278.73;Module 1,11_4;119.34;20,16;34,59;0,34;11,86;8,30
12,11.2019 12:20:06;36;0.58;285.9;112.97076517644427;278.74;Module 1,11_4;124.13;20,88;34,87;0,36;12,70;8,18
12,11.2019 12:22:06;36;0.57;285.9;111.72267566345954;278.78;Module 1,11_4;122.7;20,52;34,79;0,36;12,46;8,06
12,11.2019 12:23:59;35.9;0.54;285.9;104.18364585132525;278.85;Module 1,11_4;114.37;19,39;34,25;0,32;11,04;8,35
12,11.2019 12:25:52;35.8;0.53;285.9;103.58128339190341;278.9;Module 1,11_4;113.66;18,97;34,20;0,32;10,93;8,05
12,11.2019 12:27:48;35.8;0.54;285.9;104.91131831583324;278.9;Module 1,11_4;115.07;19,33;34,31;0,33;11,18;8,16
12,11.2019 12:29:41;35.8;0.52;285.9;99.90120600339957;278.9;Module 1,11_4;109.53;18,62;33,86;0,30;10,24;8,37
12,11.2019 12:31:35;35.7;0.5;285.9;97.03066323916337;278.89;Module 1,11_4;106.34;17,85;33,55;0,29;9,71;8,14
12,11.2019 12:33:29;35.9;0.54;285.9;105.58532307748392;278.94;Module 1,11_4;115.67;19,39;34,37;0,33;11,30;8,08
12,11.2019 12:35:26;36.1;0.66;285.9;127.52472514715296;278.97;Module 1,11_4;139.65;23,83;35,56;0,44;15,49;8,34
12,11.2019 12:37:37;36.3;0.75;285.9;145.36644805791664;279.08;Module 1,11_4;159.12;27,22;36,12;0,53;18,97;8,26
12,11.2019 12:39:30;36.3;0.73;285.9;144.5596617150052;279.18;Module 1,11_4;158.18;26,50;36,10;0,52;18,81;7,69
12,11.2019 12:41:23;36.3;0.73;285.9;143.6778549486915;279.28;Module 1,11_4;157.16;26,50;36,08;0,52;18,63;7,86
12,11.2019 12:43:16;36.1;0.71;285.9;135.35905581232575;279.41;Module 1,11_4;148.01;25,63;35,84;0,47;17,01;8,62
12,11.2019 12:45:09;36.1;0.69;285.9;133.92212949075528;279.47;Module 1,11_4;146.39;24,91;35,79;0,47;16,73;8,18
12,11.2019 12:47:08;36.3;0.77;285.9;151.3464622311077;279.53;Module 1,11_4;165.38;27,95;36,27;0,56;20,14;7,81
12,11.2019 12:49:03;36.2;0.76;285.9;146.70804733004664;279.57;Module 1,11_4;160.26;27,51;36,16;0,53;19,23;8,28
12,11.2019 12:51:15;36.4;0.82;286.4;158.03367365830366;279.67;Module 1,11_4;172.57;29,85;36,33;0,59;21,43;8,42
12,11.2019 12:53:07;36.3;0.79;286.4;154.01312142944346;279.76;Module 1,11_4;168.13;28,68;36,24;0,57;20,64;8,04
12,11.2019 12:55:01;36.2;0.78;286.4;152.0331097433019;279.85;Module 1,11_4;165.92;28,24;36,20;0,56;20,25;7,99
12,11.2019 12:56:54;36.2;0.75;286.4;145.83415840466802;279.83;Module 1,11_4;159.11;27,15;36,05;0,53;19,04;8,11
12,11.2019 12:58:52;36.2;0.73;286.4;141.3100585754236;279.85;Module 1,11_4;154.13;26,43;35,93;0,51;18,15;8,27
12,11.2019 13:00:46;36.1;0.67;287.9;131.5628093840471;279.88;Module 1,11_4;143.46;24,19;35,38;0,46;16,21;7,98
12,11.2019 13:02:39;36;0.64;287.9;126.70751388410596;279.87;Module 1,11_4;138.13;23,04;35,20;0,43;15,28;7,76
12,11.2019 13:04:36;36;0.63;287.9;122.37284278043785;279.85;Module 1,11_4;133.37;22,68;35,02;0,41;14,45;8,23
12,11.2019 13:06:35;36;0.62;287.9;121.1834448770841;279.83;Module 1,11_4;132.04;22,32;34,97;0,41;14,22;8,10
12,11.2019 13:08:30;36.1;0.66;287.9;126.99578494208635;279.81;Module 1,11_4;138.34;23,83;35,21;0,44;15,33;8,49
12,11.2019 13:10:23;36.1;0.69;286.4;135.11405747753565;279.85;Module 1,11_4;147.15;24,91;35,74;0,47;16,95;7,96
12,11.2019 13:12:20;36.1;0.67;286.4;129.77209989961096;279.91;Module 1,11_4;141.3;24,19;35,56;0,45;15,91;8,28
12,11.2019 13:14:16;36;0.66;286.4;128.90935620465712;279.97;Module 1,11_4;140.33;23,76;35,53;0,44;15,74;8,02
12,11.2019 13:16:10;36;0.67;287.9;129.56083963277024;280.02;Module 1,11_4;141.01;24,12;35,30;0,45;15,82;8,30
12,11.2019 13:18:03;36;0.67;287.9;130.98337512880468;280.07;Module 1,11_4;142.53;24,12;35,36;0,46;16,10;8,02
12,11.2019 13:20:02;36;0.68;287.9;131.84616204858926;280.07;Module 1,11_4;143.44;24,48;35,38;0,46;16,26;8,22
12,11.2019 13:21:59;36;0.69;287.9;135.07056657212792;280.03;Module 1,11_4;146.92;24,84;35,49;0,48;16,89;7,95
12,11.2019 13:23:58;36;0.71;287.9;138.01054048803496;280.03;Module 1,11_4;150.09;25,56;35,58;0,49;17,45;8,11
12,11.2019 13:25:51;36;0.7;287.9;136.9946893208887;280.04;Module 1,11_4;148.96;25,20;35,55;0,49;17,26;7,94
12,11.2019 13:27:49;35.8;0.61;287.9;117.93144854041566;280.02;Module 1,11_4;128.21;21,84;34,82;0,39;13,60;8,24
12,11.2019 13:29:48;35.6;0.55;286.4;107.41696045633421;279.97;Module 1,11_4;116.76;19,58;34,43;0,34;11,64;7,94
12,11.2019 13:31:41;35.5;0.54;286.4;104.7829658998127;279.92;Module 1,11_4;113.88;19,17;34,23;0,33;11,15;8,02
12,11.2019 13:33:54;35.5;0.53;286.4;102.85860200279564;279.92;Module 1,11_4;111.77;18,82;34,07;0,32;10,79;8,03
12,11.2019 13:35:47;35.5;0.52;286.4;101.81392046949807;279.97;Module 1,11_4;110.62;18,46;33,98;0,31;10,59;7,87
12,11.2019 13:37:54;35.4;0.46;286.4;89.66830417000989;280;Module 1,11_4;97.41;16,28;32,46;0,26;8,39;7,90
12,11.2019 13:39:47;35.1;0.45;286.4;87.81936609649969;279.99;Module 1,11_4;95.39;15,80;32,13;0,25;8,06;7,74
12,11.2019 13:41:52;34.9;0.54;286.4;106.03355899015534;280.04;Module 1,11_4;115.16;18,85;34,33;0,33;11,38;7,47
12,11.2019 13:43:45;35.4;0.61;286.4;120.27189089557072;280.1;Module 1,11_4;130.61;21,59;35,17;0,40;14,08;7,51
12,11.2019 13:45:44;35.8;0.61;286.4;118.35969196123524;280.18;Module 1,11_4;128.52;21,84;35,08;0,39;13,71;8,12
12,11.2019 13:48:00;35.7;0.58;286.4;113.94255479690528;280.25;Module 1,11_4;123.71;20,71;34,84;0,37;12,87;7,83
12,11.2019 13:49:53;35.8;0.61;286.4;119.70002072282523;280.35;Module 1,11_4;129.95;21,84;35,14;0,40;13,97;7,87
12,11.2019 13:51:58;35.8;0.64;286.4;127.44843801640815;280.48;Module 1,11_4;138.35;22,91;35,48;0,44;15,46;7,45
12,11.2019 13:54:05;36;0.71;287.9;141.62778194552052;280.54;Module 1,11_4;153.73;25,56;35,69;0,51;18,15;7,41
12,11.2019 13:55:58;36;0.77;287.9;152.6928258100579;280.6;Module 1,11_4;165.73;27,72;35,96;0,56;20,31;7,41
12,11.2019 13:57:56;36.1;0.75;287.9;150.31552828605624;280.69;Module 1,11_4;163.14;27,08;35,91;0,55;19,84;7,23
12,11.2019 13:59:52;35.9;0.69;287.9;137.9207501866801;280.75;Module 1,11_4;149.68;24,77;35,58;0,49;17,44;7,33
12,11.2019 14:01:46;35.9;0.71;287.9;143.8795821817993;280.8;Module 1,11_4;156.14;25,49;35,74;0,52;18,59;6,90
12,11.2019 14:03:45;36;0.77;287.9;153.4689337091055;280.87;Module 1,11_4;166.54;27,72;35,98;0,57;20,46;7,26
12,11.2019 14:05:43;36;0.81;287.9;161.92431445913144;280.93;Module 1,11_4;175.71;29,16;36,15;0,61;22,11;7,05
12,11.2019 14:07:40;36;0.8;287.9;159.34784467535326;280.96;Module 1,11_4;172.91;28,80;36,09;0,60;21,61;7,19
12,11.2019 14:10:18;36.1;0.8;287.9;159.87656639106154;281.02;Module 1,11_4;173.48;28,88;36,11;0,60;21,71;7,17
12,11.2019 14:12:21;36.1;0.84;287.9;169.5637422842521;281.03;Module 1,11_4;183.99;30,32;36,28;0,65;23,61;6,71
12,11.2019 14:14:19;36.2;0.91;287.9;184.18942348427203;281.08;Module 1,11_4;199.86;32,94;36,50;0,73;26,49;6,45
12,11.2019 14:16:21;36.2;0.92;287.9;187.74535039582412;281.12;Module 1,11_4;203.72;33,30;36,55;0,74;27,19;6,11
12,11.2019 14:18:17;36.2;0.82;288.4;168.7582600255282;281.15;Module 1,11_4;183.12;29,68;36,18;0,65;23,42;6,26
12,11.2019 14:20:14;36;0.79;288.4;162.07334121912155;281.14;Module 1,11_4;175.87;28,44;36,06;0,61;22,11;6,33
12,11.2019 14:22:12;36;0.78;288.4;159.23951612473843;281.08;Module 1,11_4;172.8;28,08;36,01;0,60;21,56;6,52
12,11.2019 14:24:16;36;0.78;288.4;164.20017072239392;281.09;Module 1,11_4;178.19;28,08;36,10;0,62;22,53;5,55
12,11.2019 14:26:27;36.2;0.88;289.9;179.15621061625632;281.16;Module 1,11_4;194.43;31,86;36,09;0,70;25,35;6,51
12,11.2019 14:28:20;36.2;0.89;289.9;182.38125877607553;281.2;Module 1,11_4;197.94;32,22;36,13;0,72;25,98;6,24
12,11.2019 14:30:14;36.3;0.95;289.9;195.16812821024578;281.26;Module 1,11_4;211.83;34,48;36,30;0,78;28,48;6,00
12,11.2019 14:32:23;36.4;1.11;288.4;220.17544423401318;281.39;Module 1,11_4;238.99;40,40;36,80;0,91;33,55;6,85
12,11.2019 14:34:18;36.3;1.14;288.4;232.69675995498056;281.53;Module 1,11_4;252.6;41,38;36,90;0,98;36,03;5,35
12,11.2019 14:36:11;36;0.79;289.9;157.11762226814383;281.64;Module 1,11_4;170.57;28,44;35,71;0,59;21,06;7,38
12,11.2019 14:38:04;35.6;0.81;289.9;172.6144413922041;281.66;Module 1,11_4;187.41;28,84;35,99;0,67;24,07;4,76
12,11.2019 14:40:03;36.2;1.05;289.9;212.134060926593;281.71;Module 1,11_4;230.34;38,01;36,47;0,87;31,81;6,20
12,11.2019 14:42:02;36.1;0.89;289.9;175.80160751385796;281.79;Module 1,11_4;190.91;32,13;36,04;0,69;24,70;7,43
12,11.2019 14:43:55;35.9;0.88;289.9;172.20048617429816;281.77;Module 1,11_4;187.02;31,59;35,98;0,67;23,99;7,60
12,11.2019 14:45:48;35.9;0.78;289.9;155.20340579911328;281.7;Module 1,11_4;168.58;28,00;35,67;0,58;20,69;7,31
12,11.2019 14:47:41;35.7;0.72;289.9;142.2043947247409;281.64;Module 1,11_4;154.48;25,70;35,36;0,51;18,18;7,52
12,11.2019 14:49:34;35.6;0.68;289.9;132.23580129221705;281.63;Module 1,11_4;143.67;24,21;35,06;0,46;16,27;7,93
12,11.2019 14:51:32;35.5;0.64;288.4;124.82648918157402;281.53;Module 1,11_4;135.64;22,72;35,05;0,43;14,90;7,82
12,11.2019 14:53:27;35.5;0.64;288.4;124.50388292377473;281.46;Module 1,11_4;135.31;22,72;35,03;0,42;14,84;7,88
12,11.2019 14:55:21;35.4;0.57;288.4;112.19301970586383;281.41;Module 1,11_4;121.95;20,18;34,43;0,36;12,51;7,67
12,11.2019 14:57:18;35.4;0.64;288.4;123.71768482234822;281.4;Module 1,11_4;134.5;22,66;35,00;0,42;14,69;7,96
12,11.2019 14:59:17;35.6;0.67;288.4;130.39012831613616;281.35;Module 1,11_4;141.78;23,85;35,25;0,45;15,97;7,88
12,11.2019 15:01:10;35.5;0.6;288.4;118.29327293588983;281.32;Module 1,11_4;128.65;21,30;34,76;0,39;13,66;7,64
12,11.2019 15:03:07;35.5;0.61;288.4;118.4628517121627;281.28;Module 1,11_4;128.86;21,66;34,77;0,39;13,69;7,96
12,11.2019 15:05:15;35.5;0.58;287.9;113.21535289729731;281.19;Module 1,11_4;123.18;20,59;34,57;0,37;12,71;7,88
12,11.2019 15:07:11;35.4;0.55;287.9;108.09094643094629;281.13;Module 1,11_4;117.63;19,47;34,25;0,34;11,75;7,72
12,11.2019 15:09:11;35.4;0.56;287.9;108.17593911917136;281.1;Module 1,11_4;117.75;19,82;34,25;0,34;11,76;8,06
12,11.2019 15:11:04;35.4;0.57;287.9;110.86064299735152;281.1;Module 1,11_4;120.7;20,18;34,43;0,36;12,27;7,91
12,11.2019 15:12:59;35.6;0.6;287.9;116.49017181747404;281.06;Module 1,11_4;126.86;21,36;34,74;0,38;13,33;8,03
12,11.2019 15:14:52;35.5;0.57;287.9;110.83372358110688;281.03;Module 1,11_4;120.73;20,23;34,43;0,36;12,26;7,97
12,11.2019 15:16:47;35.5;0.58;287.9;111.97020981864215;280.98;Module 1,11_4;122;20,59;34,49;0,36;12,48;8,11
12,11.2019 15:18:40;35.5;0.56;287.9;107.08640760707195;280.95;Module 1,11_4;116.71;19,88;34,18;0,34;11,56;8,32
12,11.2019 15:20:46;35.5;0.54;287.9;104.20047847497821;280.92;Module 1,11_4;113.6;19,17;33,96;0,32;11,02;8,15
12,11.2019 15:23:02;35.6;0.6;287.9;117.38629601703767;280.89;Module 1,11_4;128.02;21,36;34,79;0,39;13,50;7,86
12,11.2019 15:24:55;35.7;0.58;287.9;111.92422684887865;280.94;Module 1,11_4;122.1;20,71;34,49;0,36;12,47;8,24
12,11.2019 15:28:56;35.6;0.55;287.9;106.06795164044765;280.96;Module 1,11_4;115.79;19,58;34,10;0,33;11,37;8,21
12,11.2019 15:30:53;35.6;0.54;287.9;104.108005863395;280.96;Module 1,11_4;113.69;19,22;33,95;0,32;11,01;8,22
12,11.2019 15:32:47;35.5;0.53;287.9;101.18795444850494;280.94;Module 1,11_4;110.54;18,82;33,70;0,31;10,47;8,35
12,11.2019 15:35:17;35.5;0.61;287.9;119.22807952417537;280.96;Module 1,11_4;130.31;21,66;34,88;0,40;13,85;7,81
12,11.2019 15:37:28;35.8;0.65;287.9;127.47106100182229;281;Module 1,11_4;139.38;23,27;35,23;0,44;15,42;7,85
12,11.2019 15:39:30;35.8;0.66;287.9;127.37161575588067;281.03;Module 1,11_4;139.33;23,63;35,23;0,44;15,40;8,22
12,11.2019 15:41:24;35.8;0.64;287.9;123.50005753452683;281.05;Module 1,11_4;135.15;22,91;35,07;0,42;14,66;8,25
12,11.2019 15:43:23;35.7;0.6;287.9;117.37171187804037;281.05;Module 1,11_4;128.5;21,42;34,79;0,39;13,50;7,92
12,11.2019 15:45:16;35.7;0.61;287.9;120.03277741538969;281.07;Module 1,11_4;131.47;21,78;34,91;0,40;14,00;7,77
12,11.2019 15:47:18;35.8;0.63;287.9;123.3151058878136;281.08;Module 1,11_4;135.13;22,55;35,06;0,42;14,63;7,93
12,11.2019 15:49:19;35.8;0.67;287.9;130.8887756518889;281.14;Module 1,11_4;143.5;23,99;35,35;0,45;16,08;7,91
12,11.2019 15:51:43;36;0.75;287.9;146.7250976963971;281.14;Module 1,11_4;160.96;27,00;35,82;0,53;19,14;7,86
12,11.2019 15:53:50;36;0.71;287.9;142.06999456984977;281.17;Module 1,11_4;155.94;25,56;35,70;0,51;18,24;7,32
12,11.2019 15:55:43;36.1;0.87;287.9;180.07823551890726;281.26;Module 1,11_4;197.76;31,41;36,45;0,70;25,68;5,73
12,11.2019 15:57:36;36.1;0.76;287.9;149.13061198052432;281.34;Module 1,11_4;163.86;27,44;35,88;0,55;19,61;7,82
12,11.2019 15:59:36;36;0.72;287.9;142.06799156882144;281.42;Module 1,11_4;156.19;25,92;35,70;0,51;18,24;7,68
12,11.2019 16:01:29;35.9;0.69;287.9;138.03382407100656;281.45;Module 1,11_4;151.84;24,77;35,58;0,49;17,46;7,31
12,11.2019 16:03:23;35.9;0.71;287.9;141.9327216943642;281.48;Module 1,11_4;156.22;25,49;35,70;0,51;18,21;7,28
12,11.2019 16:05:29;36;0.74;287.9;147.34941808244065;281.51;Module 1,11_4;162.29;26,64;35,84;0,54;19,27;7,37
12,11.2019 16:07:40;36;0.75;287.9;147.73380406238937;281.53;Module 1,11_4;162.83;27,00;35,84;0,54;19,34;7,66
12,11.2019 16:09:38;35.9;0.71;287.9;140.3999243928969;281.5;Module 1,11_4;154.85;25,49;35,65;0,50;17,92;7,57
12,11.2019 16:11:31;35.8;0.66;288.4;131.42778590281995;281.47;Module 1,11_4;145.05;23,63;35,29;0,46;16,17;7,46
12,11.2019 16:13:26;35.7;0.64;288.4;126.51084397779525;281.41;Module 1,11_4;139.72;22,85;35,11;0,43;15,23;7,62
12,11.2019 16:15:23;35.7;0.61;287.9;122.48318410026513;281.36;Module 1,11_4;135.37;21,78;35,02;0,41;14,47;7,31
12,11.2019 16:17:17;35.9;0.7;287.9;147.25783927344852;281.34;Module 1,11_4;162.87;25,13;35,83;0,54;19,25;5,88
12,11.2019 16:19:10;37.6;1.28;287.9;274.4560774732691;281.37;Module 1,11_4;303.78;48,13;37,23;1,19;44,39;3,74
12,11.2019 16:21:15;37.7;1.48;288.4;283.4210732212302;281.94;Module 1,11_4;313.97;55,80;37,18;1,24;46,08;9,71
12,11.2019 16:23:16;37.9;1.54;288.4;371.7314762321287;282.22;Module 1,11_4;412.15;58,37;37,40;1,70;63,53;-5,17
12,11.2019 16:25:20;36.7;0.82;289.9;166.4276486109554;282.41;Module 1,11_4;184.69;30,09;35,88;0,64;22,87;7,22
12,11.2019 16:27:30;37.8;1.59;289.9;334.1588703863894;282.56;Module 1,11_4;371.19;60,10;37,08;1,51;55,81;4,29
12,11.2019 16:29:23;37.1;1.31;289.9;246.56478476164784;283;Module 1,11_4;274.13;48,60;36,73;1,05;38,58;10,02
12,11.2019 16:31:25;37.5;1.4;289.9;287.8814155586787;283.09;Module 1,11_4;320.38;52,50;36,94;1,26;46,71;5,79
12,11.2019 16:33:18;35.5;0.61;289.9;123.4363535575051;283.08;Module 1,11_4;137.5;21,66;34,74;0,42;14,60;7,05
12,11.2019 16:35:12;35.3;0.55;289.9;109.7106288040805;282.87;Module 1,11_4;122.33;19,41;34,05;0,35;12,02;7,39
12,11.2019 16:37:10;35.2;0.45;289.9;91.02388541677112;282.53;Module 1,11_4;101.6;15,84;32,29;0,27;8,62;7,22
12,11.2019 16:39:08;35.1;0.4;289.9;82.4863012798204;282.22;Module 1,11_4;92.17;14,04;30,71;0,23;7,15;6,89
12,11.2019 16:41:03;35.2;0.48;289.9;98.85439140208912;281.87;Module 1,11_4;110.58;16,90;33,21;0,30;10,03;6,87
12,11.2019 16:43:06;35.4;0.54;289.9;108.76246921199176;281.65;Module 1,11_4;121.81;19,12;33,98;0,35;11,85;7,27
12,11.2019 16:45:30;35.4;0.42;289.9;85.55584626461746;281.39;Module 1,11_4;95.96;14,87;31,37;0,24;7,67;7,20
12,11.2019 16:47:43;35;0.39;287.9;79.17635831854767;281.25;Module 1,11_4;88.93;13,65;29,95;0,22;6,59;7,06
12,11.2019 16:49:39;35.1;0.4;287.9;80.96941577812203;281.16;Module 1,11_4;91.06;14,04;30,45;0,23;6,89;7,15
12,11.2019 16:51:32;35.3;0.43;287.9;86.09599953114174;281.03;Module 1,11_4;96.95;15,18;31,65;0,25;7,76;7,42
12,11.2019 16:53:57;35.3;0.48;287.9;96.2499335069456;280.97;Module 1,11_4;108.57;16,94;33,20;0,29;9,56;7,38
12,11.2019 16:55:54;35.3;0.49;287.9;95.8990342902724;280.97;Module 1,11_4;108.33;17,30;33,16;0,29;9,50;7,80
12,11.2019 16:57:50;35.2;0.53;287.9;101.82998003055357;281;Module 1,11_4;115.2;18,66;33,77;0,31;10,59;8,07
12,11.2019 16:59:46;35.4;0.43;287.9;87.67615582501398;281;Module 1,11_4;99.34;15,22;31,95;0,25;8,04;7,19
12,11.2019 17:01:59;36.1;0.48;287.9;100.61613539624949;281.08;Module 1,11_4;114.21;17,33;33,66;0,31;10,36;6,97
12,11.2019 17:04:01;35.9;0.52;287.9;103.28998994833714;281.14;Module 1,11_4;117.45;18,67;33,89;0,32;10,86;7,81
12,11.2019 17:05:54;35.6;0.35;287.9;70.09649893569377;281.15;Module 1,11_4;79.84;12,46;26,91;0,19;5,18;7,28
12,11.2019 17:07:50;35.4;0.34;287.9;80.06719691144853;281.09;Module 1,11_4;91.36;12,04;30,21;0,22;6,74;5,30
12,11.2019 17:10:14;36.4;0.34;287.9;74.53935372295493;281.03;Module 1,11_4;85.25;12,38;28,48;0,21;5,85;6,53
12,11.2019 17:12:18;36.5;0.32;287.9;70.90237295598207;280.95;Module 1,11_4;81.26;11,68;27,21;0,19;5,30;6,38
12,11.2019 17:14:18;36;0.33;287.9;75.06306360447961;280.84;Module 1,11_4;86.21;11,88;28,66;0,21;5,93;5,95
12,11.2019 17:16:11;38;0.51;287.9;147.4615147830771;280.92;Module 1,11_4;169.71;19,38;35,84;0,54;19,29;0,09
12,11.2019 17:18:25;35.9;0.37;288.4;77.54204766784633;280.95;Module 1,11_4;89.47;13,28;29,45;0,21;6,33;6,95
12,11.2019 17:20:19;36;0.38;288.4;79.03467051233251;280.9;Module 1,11_4;91.4;13,68;29,89;0,22;6,57;7,11
12,11.2019 17:22:19;37.2;0.4;287.9;91.2322383992018;280.83;Module 1,11_4;105.77;14,88;32,55;0,27;8,66;6,22
12,11.2019 17:24:21;36.5;0.38;287.9;78.96360200442106;280.81;Module 1,11_4;91.79;13,87;29,89;0,22;6,56;7,31
12,11.2019 17:26:15;39.2;0.67;287.9;174.70412046365797;280.87;Module 1,11_4;203.61;26,26;36,37;0,68;24,62;1,64
12,11.2019 17:28:08;38.4;0.79;287.9;189.749551241579;281.2;Module 1,11_4;221.74;30,34;36,57;0,75;27,59;2,75
12,11.2019 17:30:05;37.3;0.43;287.9;82.89252848373152;281.33;Module 1,11_4;97.15;16,04;30,95;0,23;7,21;8,83
12,11.2019 17:32:11;35.9;0.43;287.9;112.0710067061506;281.32;Module 1,11_4;131.78;15,44;34,50;0,36;12,50;2,94
12,11.2019 17:34:19;38.2;0.49;287.9;145.66863319434478;281.34;Module 1,11_4;171.89;18,72;35,79;0,53;18,94;-0,22
12,11.2019 17:36:12;37.4;0.41;287.9;79.75557778991828;281.34;Module 1,11_4;94.42;15,33;30,12;0,22;6,69;8,65
12,11.2019 17:38:23;35.9;0.38;287.9;74.81089151347024;281.28;Module 1,11_4;88.92;13,64;28,58;0,21;5,89;7,75
12,11.2019 17:40:27;36.2;0.37;287.9;67.85951662694161;281.14;Module 1,11_4;80.98;13,39;26,09;0,19;4,85;8,54
12,11.2019 17:42:34;39.8;0.37;287.9;66.857785550399;281.01;Module 1,11_4;80.13;14,73;25,71;0,18;4,71;10,02
12,11.2019 17:44:28;38.5;0.34;287.9;63.68443004654483;280.9;Module 1,11_4;76.64;13,09;24,52;0,17;4,27;8,82
12,11.2019 17:46:21;36.2;0.32;288.4;63.96671623808224;280.78;Module 1,11_4;77.31;11,58;24,63;0,18;4,31;7,27
12,11.2019 17:48:08;35.8;0.29;288.4;65.16872531346465;280.7;Module 1,11_4;79.1;10,38;25,08;0,18;4,48;5,90
12,11.2019 17:50:28;36.1;0.3;287.9;61.22830833785635;280.6;Module 1,11_4;74.76;10,83;23,58;0,17;3,95;6,88
12,11.2019 17:52:27;35.8;0.28;287.9;55.87314619972871;280.53;Module 1,11_4;68.59;10,02;21,52;0,15;3,29;6,73
12,11.2019 17:54:35;35.6;0.24;287.9;45.94344434256311;280.44;Module 1,11_4;56.75;8,54;17,70;0,13;2,22;6,32
12,11.2019 17:56:41;34.7;0.21;286.4;40.05514243793314;280.32;Module 1,11_4;49.8;7,29;15,42;0,11;1,69;5,60
12,11.2019 17:58:47;34.3;0.2;286.4;36.45369889544753;280.23;Module 1,11_4;45.64;6,86;14,03;0,10;1,40;5,46
12,11.2019 18:00:43;34.1;0.17;285.9;31.72954952862505;280.14;Module 1,11_4;40;5,80;12,21;0,09;1,06;4,74
12,11.2019 18:02:36;33.9;0.16;285.9;29.88015315307885;280.06;Module 1,11_4;37.94;5,42;11,50;0,08;0,94;4,48
12,11.2019 18:04:29;33.7;0.15;285.9;28.033416365807554;279.97;Module 1,11_4;35.87;5,06;10,79;0,08;0,83;4,23
12,11.2019 18:06:33;33.6;0.14;284.4;25.06896557428736;279.89;Module 1,11_4;32.37;4,70;9,64;0,07;0,66;4,04
12,11.2019 18:08:31;33.2;0.13;284.4;23.538537477649626;279.8;Module 1,11_4;30.68;4,32;9,05;0,06;0,58;3,73
12,11.2019 18:10:25;33;0.13;283.4;23.445835460612415;279.71;Module 1,11_4;30.86;4,29;9,02;0,06;0,58;3,71
12,11.2019 18:12:37;32.7;0.13;283.4;22.429548156421248;279.64;Module 1,11_4;29.89;4,25;8,63;0,06;0,53;3,72
12,11.2019 18:14:31;32.5;0.12;283.4;20.551688673751222;279.6;Module 1,11_4;27.71;3,90;7,90;0,06;0,44;3,46
12,11.2019 18:16:28;32.3;0.11;283.4;19.28065821828049;279.6;Module 1,11_4;26.34;3,55;7,41;0,05;0,39;3,16
12,11.2019 18:18:21;32;0.11;283.4;18.682013826367697;279.61;Module 1,11_4;25.88;3,52;7,18;0,05;0,37;3,15
12,11.2019 18:20:25;31.7;0.1;282.4;17.212070093226078;279.66;Module 1,11_4;24.25;3,17;6,62;0,05;0,31;2,86
12,11.2019 18:22:21;31.7;0.1;282.4;15.35669020301736;279.66;Module 1,11_4;22.02;3,17;5,90;0,04;0,25;2,92
12,11.2019 18:24:33;31.3;0.07;282.4;12.103188374866413;279.64;Module 1,11_4;17.75;2,19;4,65;0,03;0,15;2,04
12,11.2019 18:26:35;31.2;0;282.4;9.38971508123023;279.58;Module 1,11_4;14.1;0,00;3,61;0,03;0,09;-0,09
12,11.2019 18:28:33;30.8;0;282.4;7.059366781568951;279.5;Module 1,11_4;10.88;0,00;2,71;0,02;0,05;-0,05
12,11.2019 18:30:25;29.9;0;282.4;5.469181295791698;279.41;Module 1,11_4;8.67;0,00;2,10;0,01;0,03;-0,03
12,11.2019 18:32:24;28.9;0;282.4;4.223263398383472;279.28;Module 1,11_4;6.93;0,00;1,63;0,01;0,02;-0,02
12,11.2019 18:34:24;28.2;0;281.9;3.7969551185644566;279.21;Module 1,11_4;6.49;0,00;1,46;0,01;0,02;-0,02
12,11.2019 18:36:27;33.6;0;281.9;3.456186679897674;279.13;Module 1,11_4;6.21;0,00;1,33;0,01;0,01;-0,01
12,11.2019 18:38:21;33.1;0;281.9;2.9365573782922008;279.07;Module 1,11_4;5.58;0,00;1,13;0,01;0,01;-0,01
12,11.2019 18:40:29;32.2;0;282.4;2.3216930751072296;278.98;Module 1,11_4;4.77;0,00;0,89;0,01;0,01;-0,01
12,11.2019 18:42:23;31.8;0;282.4;1.8436269943304402;278.89;Module 1,11_4;4.14;0,00;0,71;0,01;0,00;-0,00
12,11.2019 18:44:28;31.4;0;280.9;1.263730656986045;278.79;Module 1,11_4;3.23;0,00;0,48;0,00;0,00;-0,00
12,11.2019 18:46:26;27.8;0;280.4;0.7178108531619524;278.67;Module 1,11_4;2.18;0,00;0,27;0,00;0,00;-0,00
12,11.2019 18:48:36;23.5;0;280.4;0.2490325247223596;278.57;Module 1,11_4;1.02;0,00;0,09;0,00;0,00;-0,00
12,11.2019 18:50:29;23.5;0;280.4;0.06916128576706004;278.53;Module 1,11_4;0.36;0,00;0,02;0,00;0,00;-0,00
12,11.2019 18:52:53;23.5;0;280.4;0.0019211468268627789;278.5;Module 1,11_4;0.01;0,00;0,00;0,00;0,00;0,00
13,11.2019 09:40:07;29.1;0;275.3;4.727106702515749;276.53;Module 1,11_4;6.03;0,00;1,81;0,01;0,02;-0,02
13,11.2019 09:42:04;33;0;275.3;5.4004031702990725;276.53;Module 1,11_4;6.85;0,00;2,07;0,01;0,03;-0,03
13,11.2019 09:43:59;33.9;0;278.3;6.086879760827696;276.57;Module 1,11_4;7.68;0,00;2,34;0,02;0,04;-0,04
13,11.2019 09:46:03;34.4;0;278.3;6.502496508594325;276.59;Module 1,11_4;8.16;0,00;2,49;0,02;0,04;-0,04
13,11.2019 09:47:58;34.7;0;278.3;6.821979212947282;276.6;Module 1,11_4;8.52;0,00;2,62;0,02;0,05;-0,05
13,11.2019 09:50:01;27.8;0;279.9;7.36230526610776;276.63;Module 1,11_4;9.15;0,00;2,83;0,02;0,06;-0,06
13,11.2019 09:52:29;27.4;0;279.9;7.783756736827402;276.66;Module 1,11_4;9.62;0,00;2,99;0,02;0,06;-0,06
13,11.2019 09:54:52;27.4;0;277.8;7.782862679221487;276.69;Module 1,11_4;9.57;0,00;2,98;0,02;0,06;-0,06
13,11.2019 09:56:55;27.3;0;277.8;8.509553809223126;276.75;Module 1,11_4;10.42;0,00;3,27;0,02;0,08;-0,08
13,11.2019 09:59:22;28.4;0;277.8;9.477253488736206;276.8;Module 1,11_4;11.55;0,00;3,63;0,03;0,09;-0,09
13,11.2019 10:01:31;28.7;0;277.8;9.251295694307128;276.84;Module 1,11_4;11.23;0,00;3,55;0,03;0,09;-0,09
13,11.2019 10:03:43;28.8;0;277.8;9.618040765885386;276.85;Module 1,11_4;11.63;0,00;3,69;0,03;0,10;-0,10
13,11.2019 10:05:40;28.7;0.07;277.8;12.46256504992143;276.83;Module 1,11_4;15.02;2,01;4,78;0,03;0,16;1,85
13,11.2019 10:07:32;29.2;0.09;277.8;15.837777074930823;276.85;Module 1,11_4;19.03;2,63;6,08;0,04;0,26;2,37
13,11.2019 10:09:58;30.6;0.09;278.3;16.97562936535002;276.86;Module 1,11_4;20.32;2,75;6,52;0,05;0,30;2,45
13,11.2019 10:11:51;31.2;0.08;278.3;14.996071627116411;276.89;Module 1,11_4;17.9;2,50;5,76;0,04;0,24;2,26
13,11.2019 10:13:52;31;0.08;279.9;13.880198808521342;276.91;Module 1,11_4;16.52;2,48;5,33;0,04;0,20;2,28
13,11.2019 10:16:21;30.7;0.08;279.9;14.037474230860145;276.92;Module 1,11_4;16.65;2,46;5,39;0,04;0,21;2,25
13,11.2019 10:18:37;30.7;0.08;279.9;15.05205900622595;276.96;Module 1,11_4;17.8;2,46;5,78;0,04;0,24;2,22
13,11.2019 10:20:31;31.1;0.09;279.9;16.34306051142412;276.97;Module 1,11_4;19.28;2,80;6,27;0,04;0,28;2,52
13,11.2019 10:23:25;31.8;0.1;279.9;17.75356176932057;276.99;Module 1,11_4;20.87;3,18;6,82;0,05;0,33;2,85
13,11.2019 10:26:18;31.8;0.1;279.9;19.118950150618385;277;Module 1,11_4;22.4;3,18;7,34;0,05;0,38;2,80
13,11.2019 12:48:18;36.2;1.08;290.4;205.47541567725125;282.19;Module 1,11_4;224.7;39,10;36,32;0,84;30,45;8,64
13,11.2019 12:51:10;35.8;1.05;290.4;210.13831284225364;282.09;Module 1,11_4;229.69;37,59;36,37;0,86;31,37;6,22
13,11.2019 12:53:04;35.9;1.03;290.4;204.50999708877947;282.14;Module 1,11_4;223.47;36,98;36,30;0,83;30,26;6,71
13,11.2019 12:54:57;36.3;1.11;290.4;227.35493901035863;282.1;Module 1,11_4;248.36;40,29;36,52;0,95;34,74;5,55
13,11.2019 12:56:50;36.5;1.18;290.4;236.97958306318586;282.17;Module 1,11_4;258.8;43,07;36,59;1,00;36,63;6,44
13,11.2019 12:58:43;36.1;1.04;290.4;204.45616563358456;282.26;Module 1,11_4;223.22;37,54;36,30;0,83;30,25;7,29
13,11.2019 13:00:35;35.7;0.84;290.4;165.27974833812897;282.31;Module 1,11_4;180.4;29,99;35,78;0,63;22,62;7,37
13,11.2019 13:02:28;35.6;0.88;290.4;175.8160742868864;282.27;Module 1,11_4;191.85;31,33;35,95;0,69;24,66;6,67
13,11.2019 13:04:21;35.8;0.86;290.4;170.0949639337528;282.25;Module 1,11_4;185.56;30,79;35,86;0,66;23,55;7,24
13,11.2019 13:06:14;35.7;0.8;290.4;157.27300437324055;282.22;Module 1,11_4;171.53;28,56;35,63;0,59;21,07;7,49
13,11.2019 13:08:06;35.5;0.77;290.4;151.1931841972748;282.22;Module 1,11_4;164.86;27,34;35,50;0,56;19,89;7,44
13,11.2019 13:09:59;35.6;0.73;290.4;145.83438043835378;282.17;Module 1,11_4;158.98;25,99;35,38;0,53;18,86;7,13
13,11.2019 13:11:52;35.6;0.75;290.4;149.3719759000489;282.11;Module 1,11_4;162.8;26,70;35,45;0,55;19,54;7,16
13,11.2019 13:13:45;35.8;0.84;290.4;168.68558612210575;282.05;Module 1,11_4;183.81;30,07;35,84;0,65;23,28;6,80
13,11.2019 13:15:38;35.9;1.01;290.4;201.0221501742186;282.02;Module 1,11_4;219;36,26;36,27;0,82;29,58;6,68
13,11.2019 13:17:31;36;0.97;290.4;195.0309250837248;281.97;Module 1,11_4;212.43;34,92;36,20;0,78;28,41;6,51
13,11.2019 13:19:23;36.1;0.89;290.4;176.2256949058835;281.99;Module 1,11_4;191.91;32,13;35,96;0,69;24,74;7,39
13,11.2019 13:21:17;35.9;0.79;290.4;154.47357125093106;282.01;Module 1,11_4;168.19;28,36;35,57;0,58;20,52;7,84
13,11.2019 13:23:09;35.7;0.71;290.4;139.83106050560116;281.94;Module 1,11_4;152.22;25,35;35,21;0,50;17,71;7,64
13,11.2019 13:25:02;35.6;0.67;290.4;136.92452053488438;281.92;Module 1,11_4;149.03;23,85;35,13;0,49;17,15;6,70
13,11.2019 13:26:55;36;0.79;290.4;158.25727852525574;281.84;Module 1,11_4;172.22;28,44;35,65;0,60;21,26;7,18
13,11.2019 13:28:47;35.8;0.82;290.4;164.6423901689783;281.68;Module 1,11_4;179.14;29,36;35,77;0,63;22,49;6,86
13,11.2019 13:30:40;35.8;0.81;290.4;163.2520677018462;281.68;Module 1,11_4;177.6;29,00;35,74;0,62;22,22;6,78
13,11.2019 13:32:31;35.7;0.81;290.4;161.01400391581254;281.68;Module 1,11_4;175.14;28,92;35,70;0,61;21,79;7,13
13,11.2019 13:34:23;35.8;0.8;290.4;159.28934905455048;281.71;Module 1,11_4;173.24;28,64;35,67;0,60;21,46;7,18
13,11.2019 13:36:16;35.6;0.7;289.9;140.97386101080332;281.74;Module 1,11_4;153.3;24,92;35,33;0,51;17,95;6,97
13,11.2019 13:38:10;35.4;0.65;289.9;130.53472938586978;281.71;Module 1,11_4;141.93;23,01;35,01;0,46;15,95;7,06
13,11.2019 13:40:04;35.5;0.73;289.9;147.8155820776168;281.71;Module 1,11_4;160.7;25,91;35,51;0,54;19,26;6,65
13,11.2019 13:41:57;35.7;0.8;289.9;158.70583336284372;281.76;Module 1,11_4;172.52;28,56;35,74;0,60;21,37;7,19
13,11.2019 13:43:50;35.8;0.76;289.9;150.20328886188875;281.73;Module 1,11_4;163.26;27,21;35,56;0,55;19,72;7,48
13,11.2019 13:45:43;35.6;0.69;289.9;134.5578860383818;281.64;Module 1,11_4;146.24;24,56;35,14;0,48;16,72;7,85
13,11.2019 13:47:36;35.5;0.64;289.9;126.36221295406368;281.55;Module 1,11_4;137.32;22,72;34,86;0,43;15,16;7,56
13,11.2019 13:49:30;35.5;0.67;289.9;134.93187120504564;281.51;Module 1,11_4;146.62;23,79;35,16;0,48;16,79;7,00
13,11.2019 13:51:23;35.6;0.72;289.9;143.05098812262963;281.57;Module 1,11_4;155.43;25,63;35,38;0,52;18,35;7,29
13,11.2019 13:53:15;35.6;0.7;289.9;139.26923800612002;281.56;Module 1,11_4;151.31;24,92;35,28;0,50;17,62;7,30
13,11.2019 13:55:08;35.7;0.73;289.9;145.37214123562333;281.61;Module 1,11_4;157.93;26,06;35,45;0,53;18,79;7,27
13,11.2019 13:57:01;35.6;0.71;289.9;141.21083849327283;281.62;Module 1,11_4;153.4;25,28;35,34;0,51;17,99;7,28
13,11.2019 13:58:53;35.6;0.68;289.9;137.08489319554081;281.64;Module 1,11_4;148.91;24,21;35,22;0,49;17,20;7,01
13,11.2019 14:00:46;35.7;0.74;289.9;145.83734252605763;281.7;Module 1,11_4;158.41;26,42;35,45;0,53;18,88;7,54
13,11.2019 14:02:39;35.9;0.77;289.9;152.55491318506427;281.76;Module 1,11_4;165.7;27,64;35,62;0,57;20,18;7,46
13,11.2019 14:04:32;36.1;0.85;289.9;170.53213822379416;281.78;Module 1,11_4;185.22;30,68;35,95;0,66;23,67;7,02
13,11.2019 14:06:25;36.2;0.96;289.9;192.49606759337019;281.85;Module 1,11_4;209.07;34,75;36,27;0,77;27,96;6,79
13,11.2019 14:08:18;36.2;1.06;289.9;211.55941755100997;281.93;Module 1,11_4;229.77;38,37;36,46;0,87;31,70;6,68
13,11.2019 14:10:10;36.2;1.01;289.9;204.06735819756986;282.15;Module 1,11_4;221.63;36,56;36,39;0,83;30,23;6,34
13,11.2019 14:12:03;36;0.9;289.9;184.10666867769834;282.22;Module 1,11_4;199.95;32,40;36,16;0,73;26,32;6,08
13,11.2019 14:13:56;35.9;0.96;289.9;199.19807301314253;282.15;Module 1,11_4;216.34;34,46;36,34;0,81;29,27;5,19
13,11.2019 14:15:49;36.1;1.07;289.9;227.88764225396682;282.17;Module 1,11_4;247.5;38,63;36,60;0,95;34,90;3,72
13,11.2019 14:17:42;36.5;1.18;290.4;244.84480435302794;282.28;Module 1,11_4;265.92;43,07;36,63;1,04;38,17;4,90
13,11.2019 14:19:34;37.5;1.01;290.4;207.82671797478258;282.36;Module 1,11_4;225.72;37,88;36,34;0,85;30,91;6,96
13,11.2019 14:21:28;36.3;0.95;290.4;197.8130712928059;282.28;Module 1,11_4;214.85;34,48;36,23;0,80;28,95;5,53
13,11.2019 14:23:34;36.3;1.15;290.4;221.9546868980412;282.28;Module 1,11_4;241.08;41,74;36,47;0,92;33,68;8,06
13,11.2019 14:25:27;37.6;2.75;290.4;596.264480149038;282.74;Module 1,11_4;647.67;103,40;36,97;2,87;106,13;-2,73
13,11.2019 14:27:20;37.4;2.13;291.9;509.03776328255435;283.54;Module 1,11_4;552.95;79,66;36,81;2,42;89,03;-9,37
13,11.2019 14:29:13;37.1;1.92;291.9;532.5752228359868;284.22;Module 1,11_4;578.55;71,23;36,79;2,54;93,49;-22,26
13,11.2019 14:31:08;36.7;2.1;291.9;457.1359079684073;284.89;Module 1,11_4;496.63;77,07;36,84;2,15;79,13;-2,06
13,11.2019 14:33:01;35.1;0.89;291.9;197.38225435316326;284.77;Module 1,11_4;214.45;31,24;35,97;0,80;28,73;2,51
13,11.2019 14:34:54;35.6;1.36;291.9;259.33357597897464;284.4;Module 1,11_4;281.78;48,42;36,46;1,12;40,80;7,61
13,11.2019 14:36:48;35.8;0.77;294;159.33420596166363;284.07;Module 1,11_4;173.14;27,57;35,05;0,61;21,25;6,31
13,11.2019 14:38:41;35.2;0.61;294;123.18419955431976;283.56;Module 1,11_4;133.87;21,47;34,05;0,42;14,44;7,03
13,11.2019 14:40:34;34.6;0.56;294;109.54549577772185;283.09;Module 1,11_4;119.06;19,38;33,40;0,36;11,93;7,45
13,11.2019 14:42:27;34.4;0.52;292.5;98.95393761846788;282.62;Module 1,11_4;107.56;17,89;32,85;0,31;10,03;7,86
13,11.2019 14:44:19;34.3;0.53;292.5;101.63798682718098;282.26;Module 1,11_4;110.49;18,18;33,08;0,32;10,51;7,67
13,11.2019 14:46:12;34.4;0.59;291.4;111.67869765953012;282;Module 1,11_4;121.42;20,30;33,93;0,36;12,36;7,93
13,11.2019 14:48:05;35.1;0.61;291.4;118.79151647312096;281.67;Module 1,11_4;129.17;21,41;34,30;0,40;13,69;7,72
13,11.2019 14:49:58;35.1;0.57;291.4;109.45117721823443;281.43;Module 1,11_4;119.03;20,01;33,80;0,35;11,95;8,05
13,11.2019 14:51:51;34.7;0.47;290.4;91.23128035822035;281.32;Module 1,11_4;99.23;16,31;32,26;0,27;8,66;7,65
13,11.2019 14:53:45;34.6;0.4;290.4;78.32006428527991;281.33;Module 1,11_4;85.2;13,84;29,60;0,22;6,46;7,38
13,11.2019 14:55:38;34.1;0.4;289.9;77.18608141534864;281.32;Module 1,11_4;83.98;13,64;29,29;0,21;6,28;7,36
13,11.2019 14:57:31;34;0.39;289.9;74.73774212998885;281.32;Module 1,11_4;81.33;13,26;28,52;0,21;5,89;7,37
13,11.2019 14:59:23;34.1;0.39;288.4;74.25593519967404;281.29;Module 1,11_4;80.82;13,30;28,38;0,20;5,81;7,49
13,11.2019 15:01:18;34.4;0.42;288.4;81.31506327827256;281.21;Module 1,11_4;88.52;14,45;30,52;0,23;6,95;7,50
13,11.2019 15:03:10;34.6;0.49;288.4;96.51763512803606;281.19;Module 1,11_4;105.09;16,95;33,17;0,29;9,61;7,34
13,11.2019 15:05:03;34.9;0.56;288.4;107.37903312234693;281.22;Module 1,11_4;116.94;19,54;34,13;0,34;11,61;7,93
13,11.2019 15:06:56;35.4;0.6;288.4;124.27565492544747;281.28;Module 1,11_4;135.37;21,24;35,02;0,42;14,80;6,44
13,11.2019 15:08:49;36.5;0.74;288.4;154.4908044287996;281.3;Module 1,11_4;168.32;27,01;35,91;0,57;20,63;6,38
13,11.2019 15:10:42;36.6;0.86;288.4;175.8632106434332;281.35;Module 1,11_4;191.65;31,48;36,30;0,68;24,81;6,66
13,11.2019 15:12:35;36.5;0.94;288.4;190.68273677966027;281.53;Module 1,11_4;207.85;34,31;36,50;0,76;27,73;6,58
13,11.2019 15:14:28;36.4;0.97;289.9;195.48674791087078;281.73;Module 1,11_4;213.14;35,31;36,30;0,79;28,54;6,76
13,11.2019 15:16:21;36.3;0.96;289.9;195.0598457163503;281.93;Module 1,11_4;212.73;34,85;36,29;0,78;28,46;6,39
13,11.2019 15:18:14;36.4;0.97;289.9;198.9396527728428;282.15;Module 1,11_4;217.02;35,31;36,34;0,80;29,22;6,09
13,11.2019 15:20:06;36.3;1.02;289.9;207.51710659236394;282.14;Module 1,11_4;226.44;37,03;36,42;0,85;30,90;6,12
13,11.2019 15:21:59;36.4;1.47;289.9;321.3087296915875;282.23;Module 1,11_4;350.71;53,51;37,05;1,44;53,29;0,22
13,11.2019 15:23:56;38.4;2.8;290.4;637.4435065757244;283.07;Module 1,11_4;695.99;107,52;36,90;3,09;113,84;-6,32
13,11.2019 15:25:49;37.6;2.69;290.4;615.361540678276;284.25;Module 1,11_4;672.09;101,14;36,94;2,97;109,71;-8,57
13,11.2019 15:27:42;37.3;2.58;290.4;595.1540158838047;285.09;Module 1,11_4;650.23;96,23;36,97;2,87;105,92;-9,68
13,11.2019 15:29:34;37;2.39;292.5;555.1360234471745;286.02;Module 1,11_4;606.71;88,43;36,66;2,66;97,50;-9,07
13,11.2019 15:31:27;36.8;2.37;292.5;547.9191578576363;286.76;Module 1,11_4;599.03;87,22;36,67;2,62;96,14;-8,93
13,11.2019 15:33:20;36.7;2.37;294.5;545.3823689906728;287.53;Module 1,11_4;596.47;86,98;36,33;2,61;94,86;-7,88
13,11.2019 15:35:13;36.4;2.27;294.5;545.1807036490188;287.83;Module 1,11_4;596.47;82,63;36,33;2,61;94,82;-12,19
13,11.2019 15:37:07;36.5;2.49;294.5;568.3602601146299;288;Module 1,11_4;622.07;90,89;36,30;2,73;99,13;-8,25
13,11.2019 15:39:00;36.4;2.2;296;488.6424179112728;287.91;Module 1,11_4;535.03;80,08;36,12;2,32;83,70;-3,62
13,11.2019 15:40:59;35.8;1.51;296;334.1878296049116;287.64;Module 1,11_4;366.07;54,06;36,02;1,51;54,50;-0,45
13,11.2019 15:42:52;36.2;1.43;296.5;350.39944755833505;287.18;Module 1,11_4;383.99;51,77;35,96;1,60;57,48;-5,71
13,11.2019 15:44:45;36.5;1.27;296.5;272.07795240828534;286.99;Module 1,11_4;298.29;46,36;35,72;1,19;42,55;3,80
13,11.2019 15:46:38;36.4;1.09;296.5;226.45214612210117;286.84;Module 1,11_4;248.38;39,68;35,45;0,95;33,84;5,84
13,11.2019 15:48:31;35.9;0.99;298;207.06437514260767;286.25;Module 1,11_4;227.22;35,54;35,01;0,86;29,99;5,55
13,11.2019 15:50:31;36.9;1.37;298;300.7841908744982;285.84;Module 1,11_4;330.23;50,55;35,57;1,34;47,75;2,81
13,11.2019 15:52:24;37.1;1.65;298;375.2144949709685;285.68;Module 1,11_4;412.15;61,21;35,74;1,73;61,80;-0,59
13,11.2019 15:54:17;37.4;1.85;298;386.6707298916298;285.62;Module 1,11_4;424.95;69,19;35,75;1,79;63,96;5,23
13,11.2019 15:56:09;37;1.48;298;309.6397301324248;285.53;Module 1,11_4;340.47;54,76;35,60;1,39;49,42;5,34
13,11.2019 15:59:02;36.3;1.18;296.5;240.69375940712874;285.28;Module 1,11_4;264.88;42,83;35,55;1,03;36,56;6,28
13,11.2019 16:00:54;36.7;1.04;296.5;218.4809316532378;285.19;Module 1,11_4;240.57;38,17;35,38;0,91;32,32;5,85
13,11.2019 16:02:48;37.1;0.85;296;173.8686740146246;285.05;Module 1,11_4;191.56;31,54;34,95;0,68;23,88;7,65
13,11.2019 16:04:45;35.4;0.8;296;162.61238630762364;284.8;Module 1,11_4;179.27;28,32;34,77;0,63;21,75;6,57
13,11.2019 16:06:41;35.4;0.77;294.5;153.43472723281772;284.46;Module 1,11_4;169.26;27,26;34,84;0,58;20,11;7,15
13,11.2019 16:08:34;35.4;0.74;294.5;149.58605881047626;284.17;Module 1,11_4;165.12;26,20;34,77;0,56;19,38;6,82
13,11.2019 16:10:27;35.4;0.7;294.5;141.35761517709545;283.82;Module 1,11_4;156.14;24,78;34,56;0,52;17,83;6,95
13,11.2019 16:12:21;35.2;0.66;294;129.10146401712092;283.53;Module 1,11_4;142.7;23,23;34,27;0,45;15,55;7,69
13,11.2019 16:14:13;35;0.58;294;113.16336370436791;283.17;Module 1,11_4;125.17;20,30;33,60;0,37;12,59;7,71
13,11.2019 16:16:07;34.9;0.45;291.9;87.68583846158879;282.85;Module 1,11_4;97.06;15,71;31,55;0,25;8,04;7,67
13,11.2019 16:18:00;34.7;0.37;291.9;73.65508762536894;282.55;Module 1,11_4;81.59;12,84;28,13;0,20;5,73;7,11
13,11.2019 16:20:20;34.4;0.41;290.4;81.12458347326816;282.31;Module 1,11_4;89.95;14,10;30,35;0,23;6,92;7,18
13,11.2019 16:22:13;34.9;0.47;290.4;91.64865153094935;282.17;Module 1,11_4;101.7;16,40;32,31;0,27;8,73;7,67
13,11.2019 16:24:07;34.7;0.46;290.4;88.58328536644035;282.01;Module 1,11_4;98.38;15,96;31,86;0,26;8,19;7,77
13,11.2019 16:26:02;34.6;0.41;289.9;78.0170305101753;281.91;Module 1,11_4;86.72;14,19;29,54;0,22;6,41;7,78
13,11.2019 16:27:55;34.5;0.36;289.9;70.17369982395115;281.83;Module 1,11_4;78.07;12,42;26,94;0,19;5,20;7,22
13,11.2019 16:29:47;34.5;0.33;288.4;64.84838145351911;281.75;Module 1,11_4;72.21;11,38;24,96;0,18;4,43;6,95
13,11.2019 16:31:41;34.4;0.33;288.4;65.46041708975179;281.7;Module 1,11_4;72.96;11,35;25,19;0,18;4,52;6,83
13,11.2019 16:33:35;34.6;0.35;288.4;69.52912755004837;281.67;Module 1,11_4;77.57;12,11;26,71;0,19;5,10;7,01
13,11.2019 16:35:28;34.7;0.36;287.9;70.01539084899865;281.64;Module 1,11_4;78.19;12,49;26,88;0,19;5,16;7,33
13,11.2019 16:37:20;34.7;0.35;287.9;68.99618361225981;281.56;Module 1,11_4;77.13;12,14;26,51;0,19;5,02;7,13
13,11.2019 16:39:15;34.6;0.34;287.9;67.60844782087273;281.46;Module 1,11_4;75.66;11,76;25,99;0,19;4,82;6,95
13,11.2019 16:41:10;34.6;0.35;287.9;68.88116496417922;281.36;Module 1,11_4;77.17;12,11;26,47;0,19;5,00;7,11
13,11.2019 16:43:03;34.7;0.35;287.9;69.55242212067304;281.28;Module 1,11_4;78.01;12,14;26,72;0,19;5,10;7,05
13,11.2019 16:44:56;34.9;0.34;287.9;66.91552837284972;281.25;Module 1,11_4;75.14;11,87;25,73;0,18;4,72;7,15
13,11.2019 16:46:48;35.1;0.34;287.9;73.15101110906991;281.18;Module 1,11_4;82.24;11,93;28,01;0,20;5,64;6,30
13,11.2019 16:48:41;36.5;0.41;287.9;82.84100956845215;281.2;Module 1,11_4;93.25;14,96;30,93;0,23;7,20;7,76
13,11.2019 16:50:52;36;0.43;287.9;87.01931115410044;281.23;Module 1,11_4;98.1;15,48;31,84;0,25;7,92;7,56
13,11.2019 16:52:45;34.9;0.39;287.9;75.87392533275182;281.27;Module 1,11_4;85.65;13,61;28,93;0,21;6,06;7,55
13,11.2019 16:54:40;35;0.44;287.9;83.42773162865781;281.25;Module 1,11_4;94.31;15,40;31,07;0,24;7,30;8,10
13,11.2019 16:56:32;35.1;0.47;287.9;90.38485445691848;281.28;Module 1,11_4;102.32;16,50;32,41;0,26;8,51;7,98
13,11.2019 16:58:25;35.4;0.48;287.9;92.75570225263525;281.31;Module 1,11_4;105.16;16,99;32,77;0,27;8,93;8,06
13,11.2019 17:00:18;35.4;0.48;287.9;90.97501125864909;281.32;Module 1,11_4;103.3;16,99;32,51;0,27;8,62;8,37
13,11.2019 17:02:10;35.4;0.47;287.9;90.41809783094638;281.32;Module 1,11_4;102.83;16,64;32,42;0,26;8,52;8,12
13,11.2019 17:04:04;35.1;0.5;287.9;93.05895715545134;281.35;Module 1,11_4;106.01;17,55;32,80;0,27;8,99;8,56
13,11.2019 17:05:57;35.2;0.51;287.9;95.21303966869695;281.37;Module 1,11_4;108.65;17,95;33,08;0,28;9,38;8,57
13,11.2019 17:07:49;35.3;0.52;287.9;98.54444862177445;281.38;Module 1,11_4;112.65;18,36;33,45;0,30;9,98;8,37
13,11.2019 17:09:43;36;0.52;287.9;102.29021882465258;281.43;Module 1,11_4;117.15;18,72;33,80;0,32;10,67;8,05
13,11.2019 17:11:36;36.4;0.54;287.9;110.13793833691967;281.5;Module 1,11_4;126.38;19,66;34,38;0,35;12,13;7,52
13,11.2019 17:13:29;36.7;0.56;287.9;116.35468345623704;281.63;Module 1,11_4;133.78;20,55;34,73;0,38;13,30;7,25
13,11.2019 17:15:21;37.3;0.6;287.9;137.0511074833973;281.78;Module 1,11_4;157.9;22,38;35,55;0,49;17,27;5,11
13,11.2019 17:17:14;36.7;0.56;288.4;112.2628348523403;281.88;Module 1,11_4;129.62;20,55;34,44;0,36;12,52;8,03
13,11.2019 17:19:08;36.3;0.57;288.4;110.79906754393372;281.92;Module 1,11_4;128.22;20,69;34,34;0,36;12,25;8,44
13,11.2019 17:21:01;35.7;0.55;288.4;105.78995555660433;281.94;Module 1,11_4;122.71;19,64;34,01;0,33;11,31;8,32
13,11.2019 17:22:54;35.4;0.5;287.9;92.94172475882712;281.93;Module 1,11_4;108.07;17,70;32,79;0,27;8,97;8,73
13,11.2019 17:24:46;35.2;0.44;287.9;82.96260941983812;281.92;Module 1,11_4;96.71;15,49;30,96;0,23;7,22;8,26
13,11.2019 17:26:39;34.9;0.41;287.9;76.01790854412832;281.85;Module 1,11_4;88.85;14,31;28,98;0,21;6,08;8,23
13,11.2019 17:28:32;34.6;0.38;287.9;69.4084038660811;281.74;Module 1,11_4;81.35;13,15;26,66;0,19;5,08;8,07
13,11.2019 17:30:25;34.5;0.36;287.9;65.61741217415847;281.63;Module 1,11_4;77.13;12,42;25,24;0,18;4,54;7,88
13,11.2019 17:32:17;34.4;0.33;287.9;60.31443982017703;281.56;Module 1,11_4;71.11;11,35;23,23;0,17;3,83;7,52
13,11.2019 17:34:10;34.3;0.31;287.9;57.44303941675933;281.5;Module 1,11_4;67.94;10,63;22,13;0,16;3,48;7,16
13,11.2019 17:36:06;34;0.3;287.9;55.233175190640424;281.41;Module 1,11_4;65.55;10,20;21,27;0,15;3,22;6,98
13,11.2019 17:37:58;34;0.29;287.9;51.95206805766868;281.31;Module 1,11_4;61.87;9,86;20,01;0,14;2,84;7,02
13,11.2019 17:39:51;33.9;0.28;287.9;48.86701904813633;281.2;Module 1,11_4;58.41;9,49;18,82;0,13;2,52;6,98
13,11.2019 17:41:44;33.8;0.26;286.4;46.703632266669416;281.13;Module 1,11_4;56.04;8,79;17,98;0,13;2,30;6,49
13,11.2019 17:43:36;33.8;0.25;286.4;45.661044506088224;281.04;Module 1,11_4;55.01;8,45;17,58;0,12;2,19;6,26
13,11.2019 17:45:29;33.7;0.25;286.4;44.68913736908867;280.99;Module 1,11_4;54.07;8,43;17,20;0,12;2,10;6,32
13,11.2019 17:47:21;33.6;0.24;286.4;42.959170202588794;280.93;Module 1,11_4;52.21;8,06;16,54;0,12;1,94;6,12
13,11.2019 17:49:14;33.6;0.23;286.4;39.086098715338466;280.89;Module 1,11_4;47.73;7,73;15,05;0,11;1,61;6,12
13,11.2019 17:51:07;33.5;0.2;285.9;35.57320014935386;280.87;Module 1,11_4;43.66;6,70;13,70;0,10;1,33;5,37
13,11.2019 17:53:02;33.4;0.17;285.9;31.060834637214032;280.81;Module 1,11_4;38.33;5,68;11,95;0,08;1,02;4,66
13,11.2019 17:54:56;33.3;0.15;285.9;26.451779177378057;280.75;Module 1,11_4;32.83;4,99;10,18;0,07;0,74;4,26
13,11.2019 17:56:49;32.8;0.13;285.9;22.728518846723357;280.69;Module 1,11_4;28.38;4,26;8,75;0,06;0,54;3,72
13,11.2019 17:58:43;32.7;0.1;285.9;18.332399366881194;280.62;Module 1,11_4;23.04;3,27;7,05;0,05;0,35;2,92
13,11.2019 18:00:35;31.7;0.1;284.4;16.76172543527046;280.55;Module 1,11_4;21.21;3,17;6,45;0,05;0,30;2,87
13,11.2019 18:02:28;31.1;0.09;284.4;15.556404116558031;280.5;Module 1,11_4;19.83;2,80;5,98;0,04;0,25;2,54
13,11.2019 18:04:20;30.7;0.09;284.4;14.423563003846521;280.45;Module 1,11_4;18.53;2,76;5,55;0,04;0,22;2,54
13,11.2019 18:06:13;30.4;0.07;284.9;12.171837455106694;280.39;Module 1,11_4;15.77;2,13;4,68;0,03;0,16;1,97
13,11.2019 18:08:06;30.1;0.07;284.9;10.768899177790233;280.35;Module 1,11_4;14.08;2,11;4,14;0,03;0,12;1,99
13,11.2019 18:09:59;29.9;0;282.4;8.44444289601391;280.32;Module 1,11_4;11.15;0,00;3,24;0,02;0,07;-0,07
13,11.2019 18:11:52;29.3;0;282.4;7.126039144757396;280.27;Module 1,11_4;9.51;0,00;2,74;0,02;0,05;-0,05
13,11.2019 18:13:44;28.3;0;282.4;6.503965896434598;280.22;Module 1,11_4;8.78;0,00;2,50;0,02;0,04;-0,04
13,11.2019 18:15:37;28.1;0;282.4;5.559234333746821;280.17;Module 1,11_4;7.6;0,00;2,13;0,02;0,03;-0,03
13,11.2019 18:17:30;27.6;0;282.4;4.819202180604519;280.13;Module 1,11_4;6.68;0,00;1,85;0,01;0,02;-0,02
13,11.2019 18:19:23;27.4;0;281.9;4.099906156925543;280.08;Module 1,11_4;5.77;0,00;1,58;0,01;0,02;-0,02
13,11.2019 18:21:21;32.8;0;281.9;3.553719610060812;280.05;Module 1,11_4;5.09;0,00;1,37;0,01;0,01;-0,01
13,11.2019 18:23:14;27.3;0;281.9;2.727160491582951;280;Module 1,11_4;3.98;0,00;1,05;0,01;0,01;-0,01
13,11.2019 18:25:07;30.5;0;282.4;2.3015911291524347;279.97;Module 1,11_4;3.43;0,00;0,88;0,01;0,01;-0,01
13,11.2019 18:27:00;29.9;0;282.4;2.090717861663499;279.94;Module 1,11_4;3.19;0,00;0,80;0,01;0,00;-0,00
13,11.2019 18:28:53;28.5;0;282.4;1.742101689880181;279.92;Module 1,11_4;2.73;0,00;0,67;0,00;0,00;-0,00
13,11.2019 18:30:45;26.7;0;282.4;1.3497042644476391;279.89;Module 1,11_4;2.18;0,00;0,52;0,00;0,00;-0,00
13,11.2019 18:32:39;24;0;282.4;1.1173605841360772;279.87;Module 1,11_4;1.87;0,00;0,43;0,00;0,00;-0,00
13,11.2019 18:34:33;21.3;0;278.3;0.8655185091500952;279.84;Module 1,11_4;1.51;0,00;0,34;0,00;0,00;-0,00
13,11.2019 18:36:25;21.3;0;278.3;0.7099551880791448;279.84;Module 1,11_4;1.3;0,00;0,27;0,00;0,00;-0,00
13,11.2019 18:38:19;21.3;0;278.3;0.5043580294598344;279.84;Module 1,11_4;0.98;0,00;0,20;0,00;0,00;-0,00
14,11.2019 09:28:43;34.9;0;274.3;5.222458424833148;272.99;Module 1,11_4;6.97;0,00;2,00;0,01;0,03;-0,03
14,11.2019 09:30:36;28;0;274.3;6.660228883344075;272.99;Module 1,11_4;8.82;0,00;2,55;0,02;0,05;-0,05
14,11.2019 09:32:29;28;0;274.3;7.667801556184353;272.99;Module 1,11_4;10.08;0,00;2,94;0,02;0,06;-0,06
14,11.2019 09:34:22;29.6;0;273.8;9.329837272757985;272.99;Module 1,11_4;12.18;0,00;3,57;0,03;0,09;-0,09
14,11.2019 09:36:22;30.6;0.07;273.8;11.2078210729946;272.99;Module 1,11_4;14.53;2,14;4,29;0,03;0,13;2,01
14,11.2019 09:38:16;31.5;0.07;274.3;12.512512457500069;272.99;Module 1,11_4;16.12;2,21;4,80;0,03;0,16;2,04
14,11.2019 09:40:09;31.9;0.08;274.3;13.929581749129193;272.99;Module 1,11_4;17.84;2,55;5,34;0,04;0,20;2,35
14,11.2019 09:42:10;32.8;0.09;274.3;16.23640011834655;272.99;Module 1,11_4;20.67;2,95;6,22;0,04;0,27;2,68
14,11.2019 09:44:05;32.7;0.1;275.8;17.92785155424965;272.99;Module 1,11_4;22.7;3,27;6,88;0,05;0,34;2,93
14,11.2019 09:45:58;33.6;0.11;275.8;20.186075233693995;272.99;Module 1,11_4;25.43;3,70;7,73;0,05;0,43;3,27
14,11.2019 09:47:50;33.7;0.13;275.8;23.186476646801232;272.99;Module 1,11_4;29.07;4,38;8,89;0,06;0,56;3,82
14,11.2019 09:49:44;33.7;0.14;275.8;25.25018704434347;272.99;Module 1,11_4;31.51;4,72;9,68;0,07;0,67;4,05
14,11.2019 09:51:37;33.8;0.16;276.3;28.428710370601927;273;Module 1,11_4;35.32;5,41;10,90;0,08;0,84;4,56
14,11.2019 09:53:30;34.1;0.18;276.3;31.4187437529765;273.01;Module 1,11_4;38.87;6,14;12,05;0,09;1,03;5,11
14,11.2019 09:55:23;34.5;0.19;276.3;34.03793142820467;273.07;Module 1,11_4;41.94;6,55;13,05;0,09;1,21;5,35
14,11.2019 09:57:23;34.5;0.2;276.3;36.50924053163651;273.14;Module 1,11_4;44.8;6,90;14,00;0,10;1,39;5,51
14,11.2019 09:59:16;34.6;0.21;276.3;38.80474189504778;273.2;Module 1,11_4;47.44;7,27;14,88;0,11;1,57;5,69
14,11.2019 10:01:10;34.8;0.23;276.3;41.16951013096123;273.25;Module 1,11_4;50.15;8,00;15,78;0,11;1,77;6,23
14,11.2019 10:03:04;35.8;0.23;277.8;43.8082801550228;273.32;Module 1,11_4;53.18;8,23;16,80;0,12;2,01;6,23
14,11.2019 10:04:57;36.2;0.24;277.8;45.89529358969774;273.38;Module 1,11_4;55.53;8,69;17,61;0,13;2,20;6,49
14,11.2019 10:06:49;36.4;0.25;278.3;48.643327440539146;273.44;Module 1,11_4;58.67;9,10;18,66;0,13;2,47;6,63
14,11.2019 10:08:53;36.4;0.27;278.3;52.56664920117415;273.51;Module 1,11_4;63.19;9,83;20,17;0,14;2,89;6,94
14,11.2019 10:10:46;36.7;0.29;278.3;56.183684537610574;273.6;Module 1,11_4;67.34;10,64;21,56;0,15;3,30;7,34
14,11.2019 10:12:39;36.9;0.3;279.9;71.01022016687097;273.67;Module 1,11_4;84.87;11,07;27,23;0,19;5,28;5,79
14,11.2019 10:14:32;36.9;0.3;279.9;113.514335375829;273.83;Module 1,11_4;135.3;11,07;35,82;0,36;12,88;-1,81
14,11.2019 10:16:25;36.8;0.32;279.9;118.74345736336699;274.03;Module 1,11_4;141.16;11,78;36,13;0,38;13,91;-2,13
14,11.2019 10:18:18;37.1;0.32;279.9;133.82160892654224;274.28;Module 1,11_4;158.68;11,87;36,77;0,46;16,89;-5,02
14,11.2019 10:20:12;37;0.31;279.9;121.62481763403781;274.53;Module 1,11_4;143.86;11,47;36,27;0,40;14,47;-3,00
14,11.2019 10:22:16;37.3;0.32;279.9;134.41951442669378;274.76;Module 1,11_4;158.58;11,94;36,80;0,46;17,01;-5,08
14,11.2019 10:24:20;37.5;0.34;279.9;164.99277933724485;275.08;Module 1,11_4;194.16;12,75;37,56;0,62;23,18;-10,43
14,11.2019 10:26:13;36.5;0.34;279.9;161.66204100836865;275.39;Module 1,11_4;189.82;12,41;37,50;0,60;22,50;-10,09
14,11.2019 10:28:06;36.3;0.34;279.9;162.93051478013714;275.6;Module 1,11_4;190.9;12,34;37,52;0,61;22,76;-10,41
14,11.2019 10:30:00;36.3;0.36;279.9;174.86946129690728;275.76;Module 1,11_4;204.46;13,07;37,73;0,67;25,18;-12,12
14,11.2019 10:31:52;36.2;0.38;279.9;192.27224099140886;275.93;Module 1,11_4;224.36;13,76;37,98;0,76;28,74;-14,98
14,11.2019 10:33:45;36.9;0.41;279.9;204.66861418503225;276.1;Module 1,11_4;238.36;15,13;38,12;0,82;31,27;-16,15
14,11.2019 10:35:38;34.8;0.53;279.9;218.91505652553263;276.39;Module 1,11_4;254.47;18,44;38,26;0,89;34,20;-15,75
14,11.2019 10:37:31;32.1;1.07;279.9;230.08162036648633;276.73;Module 1,11_4;266.96;34,35;38,34;0,95;36,49;-2,14
14,11.2019 10:39:24;33.6;1.16;277.8;239.30687389946596;277;Module 1,11_4;277.17;38,98;38,77;1,00;38,64;0,34
14,11.2019 10:41:17;27.3;1.19;277.8;242.48852369731506;277.23;Module 1,11_4;280.37;32,49;38,79;1,01;39,30;-6,81
14,11.2019 10:43:10;27.3;1.24;277.8;254.019758625919;277.53;Module 1,11_4;293.21;33,85;38,86;1,07;41,69;-7,84
14,11.2019 10:45:03;27.8;1.27;276.3;260.1962754536949;277.75;Module 1,11_4;299.85;35,31;39,16;1,10;43,17;-7,87
14,11.2019 10:46:55;33.5;1.27;276.3;265.22041925082453;277.93;Module 1,11_4;305.16;42,55;39,18;1,13;44,22;-1,68
14,11.2019 10:48:49;34.2;1.28;279.9;273.7545394024548;278.1;Module 1,11_4;314.49;43,78;38,60;1,18;45,47;-1,69
14,11.2019 10:50:42;36.5;1.31;279.9;278.57617023689284;278.25;Module 1,11_4;319.55;47,82;38,63;1,20;46,46;1,35
14,11.2019 10:52:35;36.1;1.36;279.9;285.2858168193253;278.4;Module 1,11_4;326.77;49,10;38,65;1,24;47,84;1,25
14,11.2019 10:54:28;34.9;1.33;282.4;259.82043323201077;278.62;Module 1,11_4;297.18;46,42;38,10;1,11;42,26;4,16
14,11.2019 10:56:21;34.5;1.08;282.4;214.52217224977662;278.53;Module 1,11_4;245.03;37,26;37,79;0,87;33,05;4,21
14,11.2019 10:58:14;35.4;1.16;282.4;253.32259367055374;278.46;Module 1,11_4;288.96;41,06;38,07;1,08;40,94;0,13
14,11.2019 11:00:07;35.5;1.31;282.4;278.2592825212621;278.5;Module 1,11_4;316.99;46,51;38,20;1,20;46,01;0,49
14,11.2019 11:02:08;35.9;1.5;282.4;286.532179489233;278.6;Module 1,11_4;325.97;53,85;38,23;1,25;47,69;6,16
14,11.2019 11:04:00;36.1;1.23;282.4;255.95759353086888;278.64;Module 1,11_4;290.83;44,40;38,09;1,09;41,47;2,93
14,11.2019 11:05:48;36.4;1.5;282.4;324.8034553228012;278.59;Module 1,11_4;368.63;54,60;38,34;1,45;55,47;-0,87
14,11.2019 11:07:44;36.7;1.42;283.4;307.1291505742394;278.64;Module 1,11_4;348.15;52,11;38,13;1,36;51,70;0,41
14,11.2019 11:09:39;36.5;1.17;283.4;231.2494737453305;278.72;Module 1,11_4;261.83;42,70;37,75;0,96;36,33;6,37
14,11.2019 11:11:31;35.9;0.68;283.4;145.13871726646354;278.65;Module 1,11_4;164.15;24,41;36,53;0,52;19,02;5,39
14,11.2019 11:13:24;35.7;0.84;283.4;175.47165781574805;278.39;Module 1,11_4;198.24;29,99;37,15;0,68;25,08;4,91
14,11.2019 11:15:22;35.6;1.02;283.4;209.8887468082722;278.05;Module 1,11_4;236.86;36,31;37,57;0,85;32,01;4,30
14,11.2019 11:17:15;35.6;1.08;283.4;231.59051519961446;277.89;Module 1,11_4;261.08;38,45;37,76;0,96;36,40;2,05
14,11.2019 11:19:10;35.4;1.55;283.4;325.0556519751055;277.9;Module 1,11_4;366.07;54,87;38,17;1,45;55,32;-0,45
14,11.2019 11:21:04;35.5;1.7;283.4;361.78591396744343;278.08;Module 1,11_4;407.03;60,35;38,24;1,64;62,74;-2,39
14,11.2019 11:23:14;35.6;1.65;283.4;337.12804311965266;278.46;Module 1,11_4;378.87;58,74;38,20;1,51;57,76;0,98
14,11.2019 11:25:07;35.2;1.2;283.4;236.43389900402343;278.65;Module 1,11_4;265.46;42,24;37,79;0,99;37,38;4,86
14,11.2019 11:27:01;35.3;1.14;283.4;238.48808332601277;278.75;Module 1,11_4;267.52;40,24;37,80;1,00;37,80;2,44
14,11.2019 11:28:53;35.2;1.23;283.4;252.59130379140075;278.73;Module 1,11_4;283.09;43,30;37,89;1,07;40,65;2,64
14,11.2019 11:30:46;35.1;1.28;283.4;262.10767441205405;278.59;Module 1,11_4;293.5;44,93;37,95;1,12;42,58;2,35
14,11.2019 11:32:39;35.2;1.27;284.4;260.93607070333036;278.53;Module 1,11_4;291.94;44,70;37,77;1,12;42,20;2,50
14,11.2019 11:34:33;35.1;1.28;284.4;266.88855697571995;278.6;Module 1,11_4;298.35;44,93;37,80;1,15;43,40;1,52
14,11.2019 11:36:30;35.7;1.23;285.9;255.13328876205583;278.67;Module 1,11_4;284.97;43,91;37,48;1,09;40,83;3,09
14,11.2019 11:38:23;35.9;1.33;285.9;279.9304405088772;278.72;Module 1,11_4;312.42;47,75;37,59;1,22;45,80;1,95
14,11.2019 11:40:16;37;1.21;285.9;266.01471357858446;278.68;Module 1,11_4;296.66;44,77;37,53;1,15;43,01;1,76
14,11.2019 11:42:09;37;1.09;285.9;239.00703753483742;278.57;Module 1,11_4;266.34;40,33;37,38;1,01;37,59;2,74
14,11.2019 11:44:02;37.1;1.25;285.9;288.5034667646039;278.53;Module 1,11_4;321.26;46,38;37,63;1,26;47,51;-1,14
14,11.2019 11:45:56;38.2;1.35;286.4;315.1795320508193;278.69;Module 1,11_4;350.71;51,57;37,63;1,40;52,76;-1,19
14,11.2019 11:47:49;38.1;1.32;286.4;303.89000555395285;278.85;Module 1,11_4;337.91;50,29;37,60;1,34;50,50;-0,21
14,11.2019 11:49:57;38;1.31;286.4;299.518247376324;279.02;Module 1,11_4;332.79;49,78;37,59;1,32;49,63;0,15
14,11.2019 11:51:49;37.7;1.22;287.9;277.5709022594764;279.17;Module 1,11_4;308.2;45,99;37,24;1,21;45,00;0,99
14,11.2019 11:53:46;37.7;1.15;287.9;262.9878453662323;279.17;Module 1,11_4;291.81;43,35;37,17;1,13;42,11;1,25
14,11.2019 11:55:39;37.8;1.28;287.9;297.80336125783225;279.04;Module 1,11_4;330.23;48,38;37,32;1,31;49,02;-0,64
14,11.2019 11:57:32;37.6;1.46;287.9;328.02027193664924;279.07;Module 1,11_4;363.51;54,90;37,41;1,47;55,01;-0,12
14,11.2019 11:59:26;37.7;1.39;287.9;328.2223014600809;279.27;Module 1,11_4;363.51;52,40;37,41;1,47;55,05;-2,65
14,11.2019 12:01:19;38.1;1.48;287.9;344.60817432076897;279.49;Module 1,11_4;381.43;56,39;37,45;1,56;58,30;-1,91
14,11.2019 12:03:12;38;1.64;287.9;381.83652317838806;279.69;Module 1,11_4;422.39;62,32;37,49;1,75;65,65;-3,33
14,11.2019 12:06:07;37.7;1.85;288.4;412.2825364571477;279.94;Module 1,11_4;455.67;69,75;37,43;1,91;71,50;-1,75
14,11.2019 12:07:59;37.7;1.75;288.4;396.28464387540583;280.06;Module 1,11_4;437.75;65,98;37,42;1,83;68,36;-2,38
14,11.2019 12:09:53;37.4;1.99;288.4;431.2808644060972;280.32;Module 1,11_4;476.15;74,43;37,44;2,01;75,21;-0,79
14,11.2019 12:11:45;37.4;1.7;288.4;366.5461048573436;280.56;Module 1,11_4;404.47;63,58;37,39;1,67;62,51;1,07
14,11.2019 12:13:38;37.3;1.55;288.4;345.84368272746553;280.56;Module 1,11_4;381.43;57,81;37,36;1,56;58,43;-0,62
14,11.2019 12:15:31;37.3;1.32;289.9;301.8928659416711;280.59;Module 1,11_4;332.79;49,24;36,98;1,34;49,47;-0,23
14,11.2019 12:17:24;37.3;1.37;289.9;313.65795955274393;280.48;Module 1,11_4;345.59;51,10;37,02;1,40;51,78;-0,68
14,11.2019 12:19:20;37.4;1.43;289.9;325.43489338621595;280.44;Module 1,11_4;358.39;53,48;37,05;1,46;54,10;-0,61
14,11.2019 12:21:15;37.5;1.33;289.9;302.33242861124074;280.39;Module 1,11_4;332.79;49,88;36,99;1,34;49,56;0,32
14,11.2019 12:23:09;37.5;1.16;289.9;262.9344475173623;280.32;Module 1,11_4;289.29;43,50;36,83;1,14;41,80;1,70
14,11.2019 12:25:02;37.6;1.2;289.9;270.9441591625884;280.21;Module 1,11_4;297.97;45,12;36,87;1,18;43,38;1,74
14,11.2019 12:26:55;37.7;1.1;289.9;248.09206173702717;280.17;Module 1,11_4;272.72;41,47;36,74;1,06;38,88;2,59
14,11.2019 12:28:57;37.6;1.09;289.9;250.0348780391696;280.22;Module 1,11_4;274.73;40,98;36,75;1,07;39,26;1,72
14,11.2019 12:30:50;37.7;1.23;289.9;275.97781878988206;280.25;Module 1,11_4;303.11;46,37;36,89;1,20;44,37;2,00
14,11.2019 12:32:43;37.7;1.29;289.9;287.93932071116285;280.29;Module 1,11_4;316.12;48,63;36,94;1,26;46,72;1,91
14,11.2019 12:34:35;37.7;1.2;289.9;273.2626896365223;280.25;Module 1,11_4;299.89;45,24;36,88;1,19;43,84;1,40
14,11.2019 12:36:51;37.9;1.41;289.9;310.382581109413;280.37;Module 1,11_4;340.47;53,44;37,02;1,38;51,14;2,30
14,11.2019 12:38:45;37.9;1.55;289.9;361.8615138452106;280.54;Module 1,11_4;396.79;58,74;37,13;1,65;61,24;-2,49
14,11.2019 12:40:40;37.7;1.75;289.9;392.3568976463582;280.67;Module 1,11_4;430.07;65,98;37,16;1,81;67,20;-1,22
14,11.2019 12:42:33;37.5;2.29;289.9;506.9763484515355;281.08;Module 1,11_4;555.51;85,88;37,16;2,41;89,37;-3,49
14,11.2019 12:44:31;37.6;2.14;290.4;469.763973877459;281.5;Module 1,11_4;514.55;80,46;37,09;2,21;82,05;-1,58
14,11.2019 12:46:24;37.3;1.95;290.4;425.50033914369277;281.73;Module 1,11_4;465.91;72,73;37,09;1,98;73,50;-0,76
14,11.2019 12:48:16;37.3;2.01;290.4;444.3480103394214;281.84;Module 1,11_4;486.39;74,97;37,09;2,08;77,15;-2,17
14,11.2019 12:50:10;37.2;2.27;290.4;498.2986074556228;281.92;Module 1,11_4;545.27;84,44;37,08;2,36;87,52;-3,08
14,11.2019 12:52:30;36.9;2.43;290.4;512.5314876995571;282.05;Module 1,11_4;560.63;89,67;37,06;2,44;90,25;-0,58
14,11.2019 12:54:32;36.9;2.65;291.9;578.2484993716582;282.28;Module 1,11_4;632.31;97,78;36,73;2,78;102,09;-4,30
14,11.2019 12:56:25;36.7;2.79;291.9;583.1001391087879;282.74;Module 1,11_4;637.43;102,39;36,73;2,80;103,00;-0,60
14,11.2019 12:58:18;36.6;2.88;292.5;630.4344141623606;283.08;Module 1,11_4;688.98;105,41;36,55;3,05;111,53;-6,13
14,11.2019 13:00:11;36.4;2.86;292.5;608.7414564862842;283.39;Module 1,11_4;665.09;104,10;36,59;2,94;107,51;-3,41
14,11.2019 13:02:09;36;2.43;292.5;555.4620245675588;283.63;Module 1,11_4;606.71;87,48;36,66;2,66;97,56;-10,08
14,11.2019 13:04:02;36.5;3.1;294;675.1956155227101;283.54;Module 1,11_4;737.3;113,15;36,22;3,29;119,00;-5,85
14,11.2019 13:05:55;36.4;3.21;294;698.4387455250976;283.92;Module 1,11_4;762.49;116,84;36,17;3,41;123,22;-6,38
14,11.2019 13:08:12;36.1;3.32;296;712.2777524650585;284.42;Module 1,11_4;777.37;119,85;35,80;3,48;124,61;-4,76
14,11.2019 13:10:06;36;2.58;296;588.8855243968476;284.65;Module 1,11_4;642.55;92,88;36,02;2,84;102,27;-9,39
14,11.2019 13:12:03;36;2.33;296;506.8872950519825;284.53;Module 1,11_4;552.95;83,88;36,11;2,41;87,10;-3,22
14,11.2019 13:13:56;35.4;1.49;296;305.1340305972497;284.23;Module 1,11_4;332.79;52,75;35,94;1,36;48,96;3,79
14,11.2019 13:15:52;36.4;1.47;296;307.5478636510038;283.57;Module 1,11_4;335.35;53,51;35,95;1,37;49,42;4,09
14,11.2019 13:17:45;36.3;1.42;296;314.655182424099;283.14;Module 1,11_4;343.03;51,55;35,97;1,41;50,78;0,77
14,11.2019 13:19:40;36.5;1.52;296;331.1589906228494;282.81;Module 1,11_4;360.95;55,48;36,01;1,50;53,93;1,55
14,11.2019 13:21:34;36.9;1.92;294.5;413.44264837426715;282.54;Module 1,11_4;450.55;70,85;36,38;1,92;69,99;0,85
14,11.2019 13:24:01;36.7;1.21;294.5;261.4603508576165;282.38;Module 1,11_4;284.86;44,41;36,02;1,13;40,83;3,58
14,11.2019 13:25:54;36.5;1.19;294;256.8144229321994;281.98;Module 1,11_4;279.75;43,43;36,08;1,11;40,00;3,43
14,11.2019 13:27:46;36.6;1.09;294;237.2353943181811;281.64;Module 1,11_4;258.38;39,89;35,96;1,01;36,22;3,67
14,11.2019 13:29:40;36.5;1.09;294;233.10422272578;281.37;Module 1,11_4;253.84;39,79;35,93;0,99;35,42;4,36
14,11.2019 13:31:32;36.7;1.33;291.9;273.9827251804689;281.31;Module 1,11_4;298.31;48,81;36,53;1,20;43,66;5,15
14,11.2019 13:33:25;36.7;1.16;291.9;242.94674931711177;281.25;Module 1,11_4;264.48;42,57;36,36;1,03;37,60;4,97
14,11.2019 13:35:18;36.8;0.96;291.9;201.81289482028876;281.12;Module 1,11_4;219.67;35,33;36,02;0,82;29,59;5,73
14,11.2019 13:37:13;36.7;1.09;291.9;222.6146009078828;281.1;Module 1,11_4;242.28;40,00;36,21;0,93;33,64;6,36
14,11.2019 13:39:09;36.6;1.05;291.9;217.04656019230305;281.19;Module 1,11_4;236.19;38,43;36,16;0,90;32,56;5,87
14,11.2019 13:41:02;36;0.86;290.4;172.21284509054937;281.25;Module 1,11_4;187.38;30,96;35,90;0,67;23,96;7,00
14,11.2019 13:42:57;35.9;0.83;290.4;167.14004805334122;281.21;Module 1,11_4;181.84;29,80;35,81;0,64;22,98;6,82
14,11.2019 13:44:50;36.1;1.02;289.9;217.6152814136098;281.16;Module 1,11_4;236.73;36,82;36,52;0,90;32,89;3,94
14,11.2019 13:46:43;36.8;0.88;289.9;176.67957702529628;281.13;Module 1,11_4;192.18;32,38;36,05;0,69;24,87;7,52
14,11.2019 13:48:38;36.1;0.88;289.9;176.15331563275237;281;Module 1,11_4;191.59;31,77;36,04;0,69;24,76;7,00
14,11.2019 13:50:32;36.7;0.94;289.9;187.9194060287808;281.02;Module 1,11_4;204.37;34,50;36,20;0,75;27,06;7,44
14,11.2019 13:52:26;36.5;1;289.9;196.12735022614243;281.09;Module 1,11_4;213.28;36,50;36,30;0,79;28,67;7,83
14,11.2019 13:54:50;36.2;0.91;289.9;183.53607054072253;281.11;Module 1,11_4;199.57;32,94;36,15;0,72;26,21;6,74
14,11.2019 13:56:58;37;1.11;289.9;228.56907037000985;281.14;Module 1,11_4;248.52;41,07;36,61;0,96;35,04;6,03
14,11.2019 13:58:51;37;1.13;289.9;234.0539871633155;281.17;Module 1,11_4;254.47;41,81;36,65;0,99;36,12;5,69
14,11.2019 14:00:44;37.1;1.3;289.9;278.39082010524766;281.39;Module 1,11_4;302.66;48,23;36,90;1,22;44,85;3,38
14,11.2019 14:02:36;37;1.38;289.9;289.2745906762334;281.66;Module 1,11_4;314.48;51,06;36,95;1,27;46,99;4,07
14,11.2019 14:04:29;37.6;1.95;289.9;416.8075040386832;281.92;Module 1,11_4;453.11;73,32;37,17;1,94;71,96;1,36
14,11.2019 14:06:22;37.4;2.49;289.9;539.2766591754569;282.46;Module 1,11_4;586.23;93,13;37,13;2,57;95,54;-2,42
14,11.2019 14:08:15;37.2;2.85;290.4;600.5177495231117;282.96;Module 1,11_4;652.79;106,02;36,96;2,89;106,93;-0,91
14,11.2019 14:10:11;37;2.98;290.4;638.8229681355824;283.7;Module 1,11_4;694.42;110,26;36,90;3,09;114,10;-3,84
14,11.2019 14:12:08;36.7;2.6;290.4;551.0737486680621;284.22;Module 1,11_4;599.03;95,42;37,02;2,64;97,59;-2,17
14,11.2019 14:14:02;36.6;2.71;291.9;591.1093100260397;284.38;Module 1,11_4;642.55;99,19;36,72;2,85;104,50;-5,31
14,11.2019 14:15:57;36.5;2.73;291.9;600.5248944602499;284.56;Module 1,11_4;652.79;99,64;36,70;2,89;106,25;-6,61
14,11.2019 14:17:53;36.5;2.38;294;543.9958779539628;284.93;Module 1,11_4;591.35;86,87;36,41;2,60;94,80;-7,93
14,11.2019 14:19:49;36.5;2.76;294;605.1847967397536;285.07;Module 1,11_4;657.88;100,74;36,34;2,92;106,17;-5,43
14,11.2019 14:21:42;36.5;2.6;294;576.9364206435811;284.99;Module 1,11_4;627.19;94,90;36,38;2,77;100,94;-6,04
14,11.2019 14:23:42;36.5;2.65;294.5;598.1074798883213;284.89;Module 1,11_4;650.23;96,72;36,27;2,89;104,63;-7,91
14,11.2019 14:25:39;36.5;2.4;294.5;539.2135036740431;284.82;Module 1,11_4;586.23;87,60;36,34;2,58;93,71;-6,11
14,11.2019 14:27:35;36.6;2.22;294.5;494.44876081483096;284.74;Module 1,11_4;537.59;81,25;36,38;2,35;85,32;-4,07
14,11.2019 14:29:28;36.7;2.6;294.5;586.2426836080679;284.57;Module 1,11_4;637.43;95,42;36,28;2,82;102,44;-7,02
14,11.2019 14:31:21;36.8;2.71;296;607.5492557131131;284.78;Module 1,11_4;660.64;99,73;35,99;2,94;105,68;-5,95
14,11.2019 14:33:14;36.6;2.68;296;593.2242999410898;285.11;Module 1,11_4;645.11;98,09;36,02;2,86;103,06;-4,97
14,11.2019 14:35:10;36.3;2.73;296;602.5912774343461;285.42;Module 1,11_4;655.35;99,10;36,00;2,91;104,78;-5,68
14,11.2019 14:37:08;36.4;2.66;296;593.1214023345574;285.66;Module 1,11_4;645.11;96,82;36,02;2,86;103,04;-6,22
14,11.2019 14:39:01;36.5;2.64;296;588.3579876277211;285.92;Module 1,11_4;639.99;96,36;36,02;2,84;102,17;-5,81
14,11.2019 14:41:18;36.4;2.63;296;585.93092135231;286.21;Module 1,11_4;637.43;95,73;36,02;2,82;101,72;-5,99
14,11.2019 14:43:15;36.3;2.62;296;581.1570562895567;286.3;Module 1,11_4;632.31;95,11;36,03;2,80;100,85;-5,74
14,11.2019 14:45:09;36.1;2.66;296.5;581.0866335140772;286.25;Module 1,11_4;632.31;96,03;35,95;2,80;100,61;-4,59
14,11.2019 14:47:03;36;2.63;296.5;576.3069616536254;286.35;Module 1,11_4;627.19;94,68;35,95;2,77;99,74;-5,06
14,11.2019 14:48:59;36;2.62;296.5;576.2264458263895;286.39;Module 1,11_4;627.19;94,32;35,95;2,77;99,72;-5,40
14,11.2019 14:50:54;36.1;2.6;296.5;571.4385454790586;286.42;Module 1,11_4;622.07;93,86;35,95;2,75;98,84;-4,98
14,11.2019 14:52:47;36.1;2.6;296.5;571.3513883314599;286.42;Module 1,11_4;622.07;93,86;35,95;2,75;98,83;-4,97
14,11.2019 14:54:56;36;2.6;297;566.5444513983327;286.39;Module 1,11_4;616.95;93,60;35,88;2,72;97,73;-4,13
14,11.2019 14:56:48;36;2.59;297;566.4488274985777;286.44;Module 1,11_4;616.95;93,24;35,88;2,72;97,71;-4,47
14,11.2019 14:58:41;35.9;2.57;298;563.9975454774137;286.82;Module 1,11_4;614.39;92,26;35,70;2,71;96,84;-4,58
14,11.2019 15:00:34;36;2.55;298;561.5422785792692;287.13;Module 1,11_4;611.83;91,80;35,71;2,70;96,39;-4,59
14,11.2019 15:02:28;35.9;2.52;298;554.383779294038;287.38;Module 1,11_4;604.15;90,47;35,72;2,66;95,08;-4,61
14,11.2019 15:04:37;35.8;2.53;298;551.9050052542153;287.38;Module 1,11_4;601.59;90,57;35,72;2,65;94,63;-4,05
14,11.2019 15:06:30;35.8;2.51;298;549.438048345071;287.3;Module 1,11_4;599.03;89,86;35,73;2,64;94,18;-4,32
14,11.2019 15:10:07;36.1;2.47;298;546.8494960008038;287.16;Module 1,11_4;596.47;89,17;35,73;2,62;93,70;-4,54
14,11.2019 15:12:05;36.2;2.44;298;544.3643240043277;287.14;Module 1,11_4;593.91;88,33;35,73;2,61;93,25;-4,92
14,11.2019 15:14:00;36.2;2.44;298.5;541.8783677930737;287.05;Module 1,11_4;591.35;88,33;35,64;2,60;92,59;-4,26
14,11.2019 15:16:00;36.2;2.4;298.5;537.0365633641957;287.14;Module 1,11_4;586.23;86,88;35,65;2,57;91,70;-4,82
14,11.2019 15:17:54;36.4;2.38;298.5;536.8883321684044;287.2;Module 1,11_4;586.23;86,63;35,65;2,57;91,68;-5,04
14,11.2019 15:20:13;36.6;2.32;298.5;529.6689365044718;286.96;Module 1,11_4;578.55;84,91;35,66;2,53;90,35;-5,44
14,11.2019 15:22:11;36.7;2.29;298.5;527.1616795663315;286.73;Module 1,11_4;575.99;84,04;35,66;2,52;89,89;-5,85
14,11.2019 15:24:05;36.9;2.28;298.5;524.6556211781801;286.52;Module 1,11_4;573.43;84,13;35,66;2,51;89,43;-5,30
14,11.2019 15:26:03;36.9;2.27;298.5;522.1392510849175;286.38;Module 1,11_4;570.87;83,76;35,66;2,49;88,97;-5,21
14,11.2019 15:27:59;37;2.23;298;517.2805865136077;286.14;Module 1,11_4;565.75;82,51;35,75;2,47;88,27;-5,76
14,11.2019 15:29:52;37.1;2.21;298;514.7636088809554;285.97;Module 1,11_4;563.19;81,99;35,76;2,46;87,81;-5,82
14,11.2019 15:31:50;37.1;2.21;298;512.2341497658783;285.83;Module 1,11_4;560.63;81,99;35,76;2,44;87,34;-5,35
14,11.2019 15:33:43;37.1;2.18;298;507.3701114903073;285.87;Module 1,11_4;555.51;80,88;35,76;2,42;86,45;-5,57
14,11.2019 15:35:47;37.1;2.17;298;507.1589325542325;286.03;Module 1,11_4;555.51;80,51;35,76;2,42;86,41;-5,90
14,11.2019 15:38:21;37.1;2.16;298;504.550199540745;286.03;Module 1,11_4;552.95;80,14;35,77;2,40;85,93;-5,79
14,11.2019 15:40:14;37.1;2.12;298;499.6734259408852;286.01;Module 1,11_4;547.83;78,65;35,77;2,38;85,02;-6,37
14,11.2019 15:42:16;37.2;2.11;298;497.11094674101935;285.88;Module 1,11_4;545.27;78,49;35,77;2,36;84,55;-6,06
14,11.2019 15:44:12;37.2;2.1;298;494.5545748399942;285.76;Module 1,11_4;542.71;78,12;35,77;2,35;84,08;-5,96
14,11.2019 15:46:04;37.2;2.09;298;492.00117699548304;285.87;Module 1,11_4;540.15;77,75;35,77;2,34;83,61;-5,86
14,11.2019 15:47:57;37.2;2.05;298;475.45675629817015;286.01;Module 1,11_4;522.23;76,26;35,77;2,25;80,54;-4,28
14,11.2019 15:49:58;36.9;1.74;298;398.33769282961185;286.06;Module 1,11_4;437.75;64,21;35,77;1,85;66,15;-1,94
14,11.2019 15:52:05;36.8;1.1;298;273.2917898339515;285.8;Module 1,11_4;300.5;40,48;35,46;1,20;42,54;-2,06
14,11.2019 15:53:58;36.4;1.2;298;294.7033165367385;285.44;Module 1,11_4;324.21;43,68;35,55;1,31;46,59;-2,91
14,11.2019 15:55:51;37.2;1.33;296;287.0609037124853;285.14;Module 1,11_4;315.97;49,48;35,88;1,27;45,50;3,98
14,11.2019 15:57:44;37.6;1.56;296;371.9118380267269;285;Module 1,11_4;409.59;58,66;36,09;1,71;61,69;-3,03
14,11.2019 15:59:38;37.3;1.38;296;325.23664945642753;284.78;Module 1,11_4;358.39;51,47;35,99;1,47;52,80;-1,32
14,11.2019 16:01:32;36.7;0.59;296;142.09366258475652;284.43;Module 1,11_4;156.67;21,65;34,33;0,52;17,90;3,76
14,11.2019 16:03:34;36;0.81;296;194.95201562739663;284.05;Module 1,11_4;215.09;29,16;35,23;0,79;27,89;1,27
14,11.2019 16:05:28;36.9;1.03;294;242.69315213728126;283.78;Module 1,11_4;267.93;38,01;35,99;1,04;37,28;0,73
14,11.2019 16:07:47;37.3;0.74;294;177.78772727944926;283.78;Module 1,11_4;196.43;27,60;35,36;0,70;24,78;2,82
14,11.2019 16:09:40;36.8;0.7;294;165.50451936708083;283.68;Module 1,11_4;182.98;25,76;35,16;0,64;22,43;3,33
14,11.2019 16:11:33;36.9;0.98;294;223.22164091309972;283.6;Module 1,11_4;246.96;36,16;35,85;0,93;33,52;2,65
14,11.2019 16:13:27;36.9;1.07;294;246.32150855024918;283.48;Module 1,11_4;272.71;39,48;36,02;1,05;37,98;1,51
14,11.2019 16:15:20;36.2;1.17;292.5;240.47462228607475;283.39;Module 1,11_4;266.43;42,35;36,24;1,02;37,04;5,31
14,11.2019 16:17:20;36.1;1.29;292.5;288.217543297124;283.42;Module 1,11_4;319.58;46,57;36,48;1,27;46,33;0,24
14,11.2019 16:19:14;35.8;0.73;291.4;163.42550757439324;283.42;Module 1,11_4;181.35;26,13;35,58;0,62;22,19;3,94
14,11.2019 16:21:12;37;0.77;291.4;174.58966311269876;283.21;Module 1,11_4;193.9;28,49;35,76;0,68;24,35;4,14
14,11.2019 16:23:19;36.4;1.2;291.4;249.25485250592337;283.14;Module 1,11_4;277.08;43,68;36,48;1,07;38,90;4,78
14,11.2019 16:25:11;35.4;0.69;290.4;138.98429315770588;283.05;Module 1,11_4;154.63;24,43;35,19;0,50;17,55;6,88
14,11.2019 16:27:25;35.5;0.5;290.4;103.98353462925994;282.76;Module 1,11_4;115.81;17,75;33,58;0,33;10,96;6,79
14,11.2019 16:29:17;35.5;0.49;289.9;102.4364632470963;282.5;Module 1,11_4;114.19;17,39;33,52;0,32;10,68;6,71
14,11.2019 16:31:15;36.4;0.55;289.9;124.20299468754945;282.19;Module 1,11_4;138.59;20,02;34,77;0,42;14,75;5,27
14,11.2019 16:33:08;37.1;0.58;289.9;128.17410844499793;281.97;Module 1,11_4;143.16;21,52;34,92;0,44;15,50;6,02
14,11.2019 16:35:31;35.9;0.41;289.9;88.82799775573301;281.75;Module 1,11_4;99.34;14,72;31,95;0,26;8,24;6,48
14,11.2019 16:37:39;35.8;0.41;288.4;88.66931888162677;281.57;Module 1,11_4;99.28;14,68;32,09;0,26;8,21;6,47
14,11.2019 16:39:32;36.3;0.63;288.4;138.73063588304774;281.51;Module 1,11_4;155.5;22,87;35,52;0,49;17,57;5,29
14,11.2019 16:41:25;37.8;0.88;288.4;198.41736219502667;281.6;Module 1,11_4;222.65;33,26;36,59;0,80;29,25;4,01
14,11.2019 16:43:24;37.7;0.97;288.4;224.6917117486866;281.85;Module 1,11_4;252.44;36,57;36,84;0,94;34,45;2,12
14,11.2019 16:45:17;37.9;1.46;288.4;325.44260744210567;282.14;Module 1,11_4;366.07;55,33;37,31;1,46;54,40;0,93
14,11.2019 16:47:21;38.1;1.64;289.9;375.00299610548575;282.86;Module 1,11_4;422.39;62,48;37,14;1,72;63,81;-1,32
14,11.2019 16:49:27;38;1.66;289.9;381.27567379318793;283.51;Module 1,11_4;430.07;63,08;37,15;1,75;65,03;-1,95
14,11.2019 16:51:20;38.2;1.53;290.4;369.43654102083747;284.2;Module 1,11_4;417.27;58,45;37,05;1,69;62,60;-4,15
14,11.2019 16:53:55;38.1;1.53;290.4;364.2113844766254;284.84;Module 1,11_4;412.15;58,29;37,05;1,66;61,58;-3,28
14,11.2019 16:55:48;38;1.51;291.9;359.1687498984671;285.18;Module 1,11_4;407.03;57,38;36,77;1,64;60,24;-2,86
14,11.2019 16:57:41;37.8;1.46;291.9;345.099356861925;285.43;Module 1,11_4;391.67;55,19;36,75;1,56;57,51;-2,32
14,11.2019 16:59:35;37.8;1.36;292.5;324.2925374040363;285.75;Module 1,11_4;368.63;51,41;36,60;1,46;53,34;-1,93
14,11.2019 17:01:38;37.7;1.34;292.5;305.7410769298365;285.89;Module 1,11_4;348.15;50,52;36,55;1,36;49,74;0,78
14,11.2019 17:03:40;37;1.25;292.5;282.82830725746425;286;Module 1,11_4;322.64;46,25;36,47;1,24;45,28;0,97
14,11.2019 17:05:34;37;1.16;294;269.6278349583965;286.03;Module 1,11_4;308.12;42,92;36,15;1,18;42,48;0,44
14,11.2019 17:07:31;37.1;1.09;294;254.82721762079393;285.98;Module 1,11_4;291.75;40,44;36,07;1,10;39,62;0,82
14,11.2019 17:09:29;37.4;0.98;294;245.18484908631387;285.9;Module 1,11_4;281.26;36,65;36,01;1,05;37,76;-1,11
14,11.2019 17:11:22;37.4;0.92;294;237.53011974805253;285.87;Module 1,11_4;273.01;34,41;35,96;1,01;36,28;-1,87
14,11.2019 17:13:14;37.5;0.92;294;229.26566810379683;285.85;Module 1,11_4;264.04;34,50;35,90;0,97;34,68;-0,18
14,11.2019 17:15:08;38.3;0.81;294;223.9187679252224;285.67;Module 1,11_4;258.43;31,02;35,86;0,94;33,65;-2,63
14,11.2019 17:17:03;38.5;0.78;294;218.58752673883467;285.53;Module 1,11_4;252.84;30,03;35,81;0,91;32,62;-2,59
14,11.2019 17:18:57;38.2;0.78;294;204.39648018277728;285.41;Module 1,11_4;236.97;29,80;35,68;0,84;29,89;-0,09
14,11.2019 17:20:52;37.9;0.71;294;182.36518897335532;285.11;Module 1,11_4;211.94;26,91;35,42;0,72;25,65;1,25
14,11.2019 17:22:51;37.9;0.72;294;185.7766934676708;284.78;Module 1,11_4;216.47;27,29;35,47;0,74;26,31;0,98
14,11.2019 17:25:02;38.1;0.64;292.5;173.5036459405443;284.42;Module 1,11_4;202.78;24,38;35,55;0,68;24,07;0,32
14,11.2019 17:27:00;38.7;0.61;292.5;179.75016721992415;284.13;Module 1,11_4;210.68;23,61;35,65;0,71;25,27;-1,66
14,11.2019 17:28:53;38.9;0.52;291.9;169.9901068718829;284.02;Module 1,11_4;199.81;20,23;35,60;0,66;23,43;-3,20
14,11.2019 17:30:46;39.1;0.44;291.9;156.4123150700351;283.97;Module 1,11_4;184.4;17,20;35,35;0,59;20,82;-3,61
14,11.2019 17:33:07;39.2;0.3;291.9;114.10417564497834;283.6;Module 1,11_4;135.05;11,76;33,98;0,38;12,81;-1,05
14,11.2019 17:35:01;39.2;0.24;291.9;91.91348716958606;283.25;Module 1,11_4;109.15;9,41;32,17;0,27;8,78;0,63
14,11.2019 17:37:04;39.2;0.2;291.9;67.103418237577;282.87;Module 1,11_4;79.99;7,84;25,81;0,18;4,76;3,08
14,11.2019 17:38:58;37.3;0.16;290.4;33.65769171420717;282.5;Module 1,11_4;40.27;5,97;12,98;0,09;1,20;4,77
14,11.2019 17:40:54;37.5;0.16;290.4;25.257980085271086;281.92;Module 1,11_4;30.34;6,00;9,74;0,07;0,67;5,33
14,11.2019 17:42:55;36.3;0.14;289.9;26.3748898676469;281.51;Module 1,11_4;31.82;5,08;10,16;0,07;0,73;4,35
14,11.2019 17:44:47;33.8;0.13;289.9;28.04561678823837;281.22;Module 1,11_4;33.98;4,39;10,81;0,08;0,83;3,56
14,11.2019 17:46:43;33.3;0.12;289.9;24.136376495921795;280.94;Module 1,11_4;29.38;4,00;9,30;0,07;0,61;3,38
14,11.2019 17:48:38;33.3;0.11;286.4;22.08132631212723;280.7;Module 1,11_4;27.01;3,66;8,50;0,06;0,51;3,15
14,11.2019 17:50:31;33.8;0.1;286.4;21.9613773974232;280.49;Module 1,11_4;27;3,38;8,45;0,06;0,51;2,87
14,11.2019 17:52:26;34;0.1;285.9;22.65844766280313;280.35;Module 1,11_4;28.01;3,40;8,72;0,06;0,54;2,86
14,11.2019 17:54:20;33.9;0.11;285.9;21.876675490492094;280.22;Module 1,11_4;27.2;3,73;8,42;0,06;0,50;3,23
14,11.2019 17:56:19;33.7;0.1;283.4;21.017606929346993;280.1;Module 1,11_4;26.3;3,37;8,08;0,06;0,46;2,91
14,11.2019 17:58:11;33.6;0.1;283.4;19.84258278191964;280;Module 1,11_4;24.99;3,36;7,63;0,05;0,41;2,95
14,11.2019 18:00:04;33.1;0.09;283.4;17.86827644223719;279.92;Module 1,11_4;22.66;2,98;6,87;0,05;0,34;2,64
14,11.2019 18:01:58;32.8;0.09;283.4;16.0367832409996;279.82;Module 1,11_4;20.49;2,95;6,16;0,04;0,27;2,68
14,11.2019 18:04:09;32.3;0.08;283.4;14.330242309531837;279.67;Module 1,11_4;18.48;2,58;5,51;0,04;0,22;2,37
14,11.2019 18:05:57;32.1;0.08;282.4;14.343373413467777;279.61;Module 1,11_4;18.65;2,57;5,52;0,04;0,22;2,35
14,11.2019 18:08:13;31.8;0.07;282.4;12.745587103310761;279.53;Module 1,11_4;16.76;2,23;4,90;0,03;0,17;2,06
14,11.2019 18:10:11;31.5;0.07;282.4;12.05372999585686;279.51;Module 1,11_4;16.02;2,21;4,63;0,03;0,15;2,05
14,11.2019 18:12:17;31.3;0.07;282.4;11.005765445768349;279.49;Module 1,11_4;14.81;2,19;4,23;0,03;0,13;2,06
14,11.2019 18:14:09;31;0;282.4;9.721009128044088;279.41;Module 1,11_4;13.24;0,00;3,73;0,03;0,10;-0,10
14,11.2019 18:16:02;30.8;0;281.9;8.36089449349756;279.35;Module 1,11_4;11.54;0,00;3,21;0,02;0,07;-0,07
14,11.2019 18:17:56;30.3;0;281.9;7.1463599122515635;279.25;Module 1,11_4;10.01;0,00;2,74;0,02;0,05;-0,05
14,11.2019 18:19:57;30;0;281.9;6.525619492894762;279.17;Module 1,11_4;9.3;0,00;2,51;0,02;0,04;-0,04
14,11.2019 18:21:50;29.5;0;281.9;5.396360396797099;279.08;Module 1,11_4;7.83;0,00;2,07;0,01;0,03;-0,03
14,11.2019 18:23:43;28.9;0;281.9;4.593650925958117;279;Module 1,11_4;6.8;0,00;1,77;0,01;0,02;-0,02
14,11.2019 18:25:39;28.7;0;279.9;4.2446526390620924;278.94;Module 1,11_4;6.43;0,00;1,63;0,01;0,02;-0,02
14,11.2019 18:27:35;31.5;0;279.9;3.125481102044334;278.85;Module 1,11_4;4.86;0,00;1,20;0,01;0,01;-0,01
14,11.2019 18:29:28;33.1;0;279.9;2.82987017285817;278.79;Module 1,11_4;4.53;0,00;1,09;0,01;0,01;-0,01
14,11.2019 18:31:20;30.2;0;281.9;1.9823556617185665;278.68;Module 1,11_4;3.28;0,00;0,76;0,01;0,00;-0,00
14,11.2019 18:33:16;31.4;0;281.9;1.3880179386830769;278.6;Module 1,11_4;2.39;0,00;0,53;0,00;0,00;-0,00
14,11.2019 18:35:17;30.8;0;280.4;1.287987488090342;278.56;Module 1,11_4;2.33;0,00;0,49;0,00;0,00;-0,00
14,11.2019 18:37:10;27.8;0;279.9;0.554295002466326;278.48;Module 1,11_4;1.06;0,00;0,21;0,00;0,00;-0,00
14,11.2019 18:39:04;22.1;0;279.9;0.22461840757811385;278.39;Module 1,11_4;0.46;0,00;0,09;0,00;0,00;-0,00
14,11.2019 18:40:58;22.1;0;279.9;0.18819612313898565;278.36;Module 1,11_4;0.42;0,00;0,07;0,00;0,00;-0,00
14,11.2019 18:42:53;22.1;0;279.9;0.14012382124110484;278.32;Module 1,11_4;0.35;0,00;0,05;0,00;0,00;-0,00
15,11.2019 09:50:05;28.5;0;275.8;4.515722496533504;277.56;Module 1,11_4;5.65;0,00;1,73;0,01;0,02;-0,02
15,11.2019 09:52:12;32.3;0;275.8;5.285580340095005;277.61;Module 1,11_4;6.58;0,00;2,02;0,01;0,03;-0,03
15,11.2019 09:54:05;31.3;0;275.8;6.235971335295282;277.66;Module 1,11_4;7.73;0,00;2,39;0,02;0,04;-0,04
15,11.2019 09:55:59;34.4;0;278.3;7.136666560913023;277.72;Module 1,11_4;8.81;0,00;2,73;0,02;0,05;-0,05
15,11.2019 09:57:53;33.2;0;278.3;8.002664372547576;277.75;Module 1,11_4;9.84;0,00;3,07;0,02;0,07;-0,07
15,11.2019 09:59:49;29;0;279.9;9.258284462732984;277.78;Module 1,11_4;11.34;0,00;3,55;0,03;0,09;-0,09
15,11.2019 10:01:52;29.8;0;279.9;10.401202330791623;277.79;Module 1,11_4;12.69;0,00;3,99;0,03;0,11;-0,11
15,11.2019 10:03:46;30.4;0;279.9;12.296406806775465;277.81;Module 1,11_4;14.95;0,00;4,72;0,03;0,16;-0,16
15,11.2019 10:06:00;31.4;0.07;279.9;14.747715331672051;277.84;Module 1,11_4;17.86;2,20;5,66;0,04;0,23;1,97
15,11.2019 10:08:26;32.5;0.08;279.9;17.809453606188463;277.88;Module 1,11_4;21.48;2,60;6,84;0,05;0,33;2,27
15,11.2019 10:10:21;32.9;0.1;279.9;20.791874534133967;277.91;Module 1,11_4;25;3,29;7,98;0,06;0,45;2,84
15,11.2019 10:12:22;33.5;0.12;279.9;28.048225839502344;277.97;Module 1,11_4;33.62;4,02;10,77;0,08;0,82;3,20
15,11.2019 10:14:14;33.8;0.15;280.4;39.37014617368358;278.03;Module 1,11_4;47.06;5,07;15,12;0,11;1,62;3,45
15,11.2019 10:16:20;34.1;0.19;280.4;98.5629049776255;278.14;Module 1,11_4;117.46;6,48;34,43;0,29;10,01;-3,54
15,11.2019 10:18:26;34.2;0.23;281.9;122.60595160263793;278.47;Module 1,11_4;145.69;7,87;36,00;0,41;14,63;-6,76
15,11.2019 10:20:38;34.5;0.27;281.9;152.45411470378116;278.91;Module 1,11_4;180.63;9,32;36,97;0,56;20,55;-11,23
15,11.2019 10:23:09;34.7;0.33;281.9;176.00739505944412;279.43;Module 1,11_4;207.87;11,45;37,41;0,68;25,28;-13,83
15,11.2019 10:25:05;34.9;0.38;281.9;223.85900506509452;280.01;Module 1,11_4;263.76;13,26;37,95;0,92;35,00;-21,74
15,11.2019 10:27:10;35;0.41;282.4;251.7129059156468;280.54;Module 1,11_4;295.85;14,35;38,06;1,07;40,61;-26,26
15,11.2019 10:29:14;36;0.41;282.4;265.3545093072162;281.14;Module 1,11_4;311.15;14,76;38,13;1,14;43,38;-28,62
15,11.2019 10:31:24;35.3;0.42;282.4;272.48432097694075;281.82;Module 1,11_4;318.75;14,83;38,16;1,17;44,84;-30,01
15,11.2019 10:33:19;34.6;0.42;282.4;279.22459810160456;282.28;Module 1,11_4;325.97;14,53;38,20;1,21;46,21;-31,67
15,11.2019 10:36:00;35.5;0.48;282.4;290.2484795690055;282.78;Module 1,11_4;337.91;17,04;38,24;1,27;48,45;-31,41
15,11.2019 10:38:40;28.2;1.41;283.4;302.0316680563209;283.23;Module 1,11_4;350.71;39,76;38,11;1,33;50,67;-10,91
15,11.2019 10:40:38;34.6;1.48;283.4;302.59349910081437;283.57;Module 1,11_4;350.71;51,21;38,11;1,33;50,78;0,43
15,11.2019 10:43:26;27.9;1.5;282.4;301.1514548918741;283.84;Module 1,11_4;348.15;41,85;38,28;1,32;50,67;-8,82
15,11.2019 10:45:50;28.9;1.5;282.4;308.44148664265026;284.04;Module 1,11_4;355.83;43,35;38,30;1,36;52,15;-8,80
15,11.2019 10:47:52;29.3;1.43;282.4;293.41211697121844;284.12;Module 1,11_4;337.91;41,90;38,25;1,28;49,09;-7,19
15,11.2019 13:24:50;35.3;0.8;292.5;165.95885216222604;285.28;Module 1,11_4;180.96;28,24;35,43;0,64;22,61;5,63
15,11.2019 13:36:49;35.2;0.73;291.9;136.47786042559883;285.07;Module 1,11_4;148.67;25,70;34,87;0,49;17,01;8,69
15,11.2019 13:47:30;35.4;0.73;291.9;138.90593474803993;285.11;Module 1,11_4;151.22;25,84;34,94;0,50;17,47;8,37
15,11.2019 14:20:34;33.5;0.29;289.9;54.721821114933576;283.63;Module 1,11_4;59.54;9,71;21,09;0,15;3,16;6,55
15,11.2019 14:22:30;33.6;0.31;289.9;57.247355611799684;283.57;Module 1,11_4;62.29;10,42;22,06;0,16;3,46;6,96
15,11.2019 14:24:23;33.6;0.33;288.4;60.020473139943626;283.5;Module 1,11_4;65.31;11,09;23,12;0,16;3,80;7,29
15,11.2019 14:26:16;33.7;0.32;288.4;60.072780327679794;283.42;Module 1,11_4;65.37;10,78;23,13;0,16;3,80;6,98
15,11.2019 14:28:09;33.6;0.33;287.9;59.894919252456916;283.39;Module 1,11_4;65.18;11,09;23,06;0,16;3,78;7,31
15,11.2019 14:30:02;33.6;0.31;287.9;57.91567916017628;283.35;Module 1,11_4;63.03;10,42;22,30;0,16;3,54;6,88
15,11.2019 14:31:55;33.6;0.29;287.9;54.58564304923418;283.32;Module 1,11_4;59.41;9,74;21,02;0,15;3,14;6,60
15,11.2019 14:33:47;33.5;0.26;287.9;49.36314768051656;283.3;Module 1,11_4;53.73;8,71;19,02;0,14;2,57;6,14
15,11.2019 14:35:40;33.3;0.24;287.9;45.04136067069206;283.27;Module 1,11_4;49.03;7,99;17,35;0,12;2,14;5,85
15,11.2019 14:37:33;33.2;0.23;287.9;42.73164831959583;283.23;Module 1,11_4;46.52;7,64;16,46;0,12;1,92;5,71
15,11.2019 14:39:26;33;0.23;287.9;41.94671704127224;283.18;Module 1,11_4;45.67;7,59;16,16;0,11;1,85;5,74
15,11.2019 14:41:18;32.9;0.23;287.9;41.731058246988894;283.14;Module 1,11_4;45.44;7,57;16,08;0,11;1,84;5,73
15,11.2019 14:43:16;32.9;0.24;287.9;43.80135230370317;283.11;Module 1,11_4;47.7;7,90;16,88;0,12;2,02;5,87
15,11.2019 14:45:59;33.2;0.26;287.9;47.8239697030625;283.06;Module 1,11_4;52.09;8,63;18,42;0,13;2,41;6,22
15,11.2019 14:47:55;33.2;0.25;287.9;46.1925655846091;283.03;Module 1,11_4;50.32;8,30;17,80;0,13;2,25;6,05
15,11.2019 14:49:48;33.2;0.24;287.9;42.85421030487617;283;Module 1,11_4;46.69;7,97;16,51;0,12;1,94;6,03
15,11.2019 14:51:41;33;0.23;287.9;42.02182175461364;282.98;Module 1,11_4;45.79;7,59;16,19;0,11;1,86;5,73
15,11.2019 14:53:34;33;0.23;287.9;42.32711711789587;282.94;Module 1,11_4;46.13;7,59;16,30;0,12;1,89;5,70
15,11.2019 14:55:28;33.1;0.24;287.9;43.39333833266829;282.94;Module 1,11_4;47.3;7,94;16,72;0,12;1,98;5,96
15,11.2019 14:57:21;33.2;0.25;287.9;44.183709336189416;282.92;Module 1,11_4;48.17;8,30;17,02;0,12;2,06;6,24
15,11.2019 14:59:14;33.2;0.24;287.9;44.34979967051932;282.9;Module 1,11_4;48.36;7,97;17,09;0,12;2,07;5,90
15,11.2019 15:01:06;33.2;0.25;287.9;45.404907158718366;282.89;Module 1,11_4;49.52;8,30;17,49;0,12;2,17;6,13
15,11.2019 15:02:59;33.2;0.25;287.9;46.69746236486452;282.88;Module 1,11_4;50.94;8,30;17,98;0,13;2,30;6,00
15,11.2019 15:04:52;33.2;0.26;287.9;47.301667054304595;282.85;Module 1,11_4;51.61;8,63;18,22;0,13;2,36;6,27
15,11.2019 15:06:46;33.4;0.27;287.9;48.775579295790585;282.82;Module 1,11_4;53.23;9,02;18,79;0,13;2,51;6,51
15,11.2019 15:08:39;33.4;0.28;287.9;50.358391730167796;282.8;Module 1,11_4;54.97;9,35;19,40;0,14;2,67;6,68
15,11.2019 15:10:32;33.5;0.28;287.9;49.94334443134886;282.77;Module 1,11_4;54.53;9,38;19,23;0,14;2,63;6,75
15,11.2019 15:12:25;33.5;0.27;287.9;48.127054290947704;282.75;Module 1,11_4;52.56;9,04;18,54;0,13;2,44;6,60
15,11.2019 15:14:17;33.4;0.26;287.9;46.79649225564252;282.71;Module 1,11_4;51.12;8,68;18,02;0,13;2,31;6,38
15,11.2019 15:16:10;33.4;0.25;287.9;45.22810490639603;282.67;Module 1,11_4;49.42;8,35;17,42;0,12;2,16;6,19
15,11.2019 15:18:03;33.4;0.24;287.9;43.40393272815599;282.62;Module 1,11_4;47.44;8,02;16,72;0,12;1,99;6,03
15,11.2019 15:19:56;33.2;0.23;287.9;41.20533227026589;282.57;Module 1,11_4;45.05;7,64;15,88;0,11;1,79;5,85
15,11.2019 15:21:49;33.1;0.23;287.9;40.42488078021421;282.53;Module 1,11_4;44.21;7,61;15,57;0,11;1,72;5,89
15,11.2019 15:23:41;33;0.23;286.4;40.79634307375057;282.51;Module 1,11_4;44.63;7,59;15,70;0,11;1,75;5,84
15,11.2019 15:25:34;33.1;0.23;286.4;41.176143929326244;282.5;Module 1,11_4;45.06;7,61;15,85;0,11;1,78;5,83
15,11.2019 15:27:26;33.1;0.23;286.4;40.660116320371074;282.5;Module 1,11_4;44.51;7,61;15,66;0,11;1,74;5,87
15,11.2019 15:29:19;33.1;0.21;286.4;38.618818056392726;282.48;Module 1,11_4;42.29;6,95;14,87;0,11;1,57;5,38
15,11.2019 15:31:12;33.1;0.2;286.4;36.33201789159683;282.47;Module 1,11_4;39.8;6,62;13,98;0,10;1,39;5,23
15,11.2019 15:33:05;32.7;0.2;286.4;35.84411417789436;282.46;Module 1,11_4;39.28;6,54;13,80;0,10;1,35;5,19
15,11.2019 15:34:58;32.8;0.2;286.4;36.1953362377789;282.45;Module 1,11_4;39.68;6,56;13,94;0,10;1,38;5,18
15,11.2019 15:36:51;32.8;0.2;286.4;34.293625013472976;282.43;Module 1,11_4;37.61;6,56;13,20;0,09;1,24;5,32
15,11.2019 15:38:45;32.7;0.18;286.4;31.526992825946888;282.43;Module 1,11_4;34.59;5,89;12,14;0,09;1,05;4,84
15,11.2019 15:40:37;32.7;0.16;286.4;28.83533944972672;282.42;Module 1,11_4;31.65;5,23;11,10;0,08;0,88;4,36
15,11.2019 15:42:30;32.1;0.16;286.4;28.613398640008363;282.43;Module 1,11_4;31.42;5,14;11,02;0,08;0,86;4,27
15,11.2019 15:44:26;32.2;0.16;286.4;28.054114060164686;282.42;Module 1,11_4;30.82;5,15;10,80;0,08;0,83;4,32
15,11.2019 15:46:19;32.1;0.15;286.4;26.0486269176301;282.4;Module 1,11_4;28.63;4,82;10,03;0,07;0,71;4,10
15,11.2019 15:48:12;32.1;0.14;286.4;25.32689339847248;282.41;Module 1,11_4;27.85;4,49;9,75;0,07;0,68;3,82
15,11.2019 15:50:05;31.8;0.14;286.4;25.169026668577054;282.37;Module 1,11_4;27.69;4,45;9,69;0,07;0,67;3,79
15,11.2019 15:52:14;32.2;0.14;286.4;26.798708820906505;282.32;Module 1,11_4;29.5;4,51;10,32;0,07;0,76;3,75
15,11.2019 15:54:07;32.3;0.17;285.9;29.34509060772593;282.28;Module 1,11_4;32.32;5,49;11,30;0,08;0,91;4,59
15,11.2019 15:56:00;32.3;0.17;285.9;31.03526074257149;282.23;Module 1,11_4;34.2;5,49;11,95;0,08;1,01;4,48
15,11.2019 15:57:53;32.5;0.17;286.4;30.092869919194175;282.18;Module 1,11_4;33.18;5,53;11,59;0,08;0,95;4,57
15,11.2019 15:59:46;32.5;0.16;286.4;28.51651284238354;282.14;Module 1,11_4;31.46;5,20;10,98;0,08;0,86;4,34
15,11.2019 16:01:39;32.4;0.15;286.4;27.54843383001522;282.14;Module 1,11_4;30.41;4,86;10,60;0,08;0,80;4,06
15,11.2019 16:03:32;32.2;0.15;285.9;26.80734445103208;282.1;Module 1,11_4;29.61;4,83;10,32;0,07;0,76;4,07
15,11.2019 16:05:24;32.1;0.14;285.9;25.732038414189176;282.07;Module 1,11_4;28.44;4,49;9,91;0,07;0,70;3,80
15,11.2019 16:07:32;32;0.14;285.9;25.685987400203828;282.06;Module 1,11_4;28.41;4,48;9,88;0,07;0,69;3,79
15,11.2019 16:09:25;32;0.14;285.9;25.036303237436677;282.03;Module 1,11_4;27.71;4,48;9,63;0,07;0,66;3,82
15,11.2019 16:11:19;32;0.13;285.9;23.754808245788443;282;Module 1,11_4;26.31;4,16;9,14;0,06;0,59;3,57
15,11.2019 16:13:12;31.9;0.14;285.9;24.17095367150608;282;Module 1,11_4;26.79;4,47;9,30;0,07;0,61;3,85
15,11.2019 16:15:05;32;0.14;285.9;24.874458558336116;281.98;Module 1,11_4;27.59;4,48;9,57;0,07;0,65;3,83
15,11.2019 16:16:58;32.1;0.14;285.9;25.279042828207693;281.97;Module 1,11_4;28.06;4,49;9,73;0,07;0,67;3,82
15,11.2019 16:18:50;32.1;0.14;285.9;26.186688550050544;281.96;Module 1,11_4;29.09;4,49;10,08;0,07;0,72;3,77
15,11.2019 16:20:43;32.4;0.15;285.9;27.874614985161763;281.96;Module 1,11_4;30.99;4,86;10,73;0,08;0,82;4,04
15,11.2019 16:22:36;32.6;0.17;285.9;30.313997708649776;281.96;Module 1,11_4;33.73;5,54;11,66;0,08;0,97;4,58
15,11.2019 16:24:30;32.7;0.19;285.9;35.03798484994527;281.97;Module 1,11_4;39.02;6,21;13,48;0,10;1,29;4,92
15,11.2019 16:26:22;32.8;0.23;285.9;40.82096538423083;281.99;Module 1,11_4;45.5;7,54;15,71;0,11;1,75;5,79
15,11.2019 16:28:16;33.1;0.25;285.9;45.23829620821348;282;Module 1,11_4;50.47;8,28;17,41;0,12;2,15;6,12
15,11.2019 16:30:08;33.4;0.27;285.9;49.5931336581797;282.05;Module 1,11_4;55.38;9,02;19,09;0,14;2,59;6,43
15,11.2019 16:32:01;33.7;0.3;285.9;55.10080529186252;282.08;Module 1,11_4;61.59;10,11;21,20;0,15;3,19;6,92
15,11.2019 16:33:59;33.7;0.35;285.9;62.57718139837707;282.11;Module 1,11_4;70.02;11,79;24,08;0,17;4,12;7,67
15,11.2019 16:35:51;33.8;0.4;286.4;71.90525585376727;282.19;Module 1,11_4;80.54;13,52;27,58;0,20;5,44;8,08
15,11.2019 16:37:44;34.3;0.42;286.4;76.32344558259393;282.27;Module 1,11_4;85.58;14,41;29,11;0,21;6,13;8,28
15,11.2019 16:39:37;34.4;0.44;286.4;79.72265633078428;282.37;Module 1,11_4;89.49;15,14;30,17;0,22;6,68;8,46
15,11.2019 16:41:31;34.7;0.47;287.9;85.52187941475805;282.49;Module 1,11_4;96.11;16,31;31,53;0,24;7,66;8,65
15,11.2019 16:43:23;34.7;0.47;287.9;84.08908779685272;282.58;Module 1,11_4;94.61;16,31;31,23;0,24;7,42;8,89
15,11.2019 16:45:16;34.5;0.4;287.9;70.5824634817519;282.67;Module 1,11_4;79.51;13,80;27,09;0,19;5,25;8,55
15,11.2019 16:47:09;34.3;0.33;287.9;59.92557529675888;282.7;Module 1,11_4;67.59;11,32;23,08;0,16;3,78;7,53
15,11.2019 16:49:02;34.1;0.27;287.9;49.673964282553875;282.75;Module 1,11_4;56.1;9,21;19,13;0,14;2,60;6,61
15,11.2019 16:50:54;34;0.22;287.9;39.960454820204916;282.75;Module 1,11_4;45.19;7,48;15,39;0,11;1,68;5,80
15,11.2019 16:52:44;33.9;0.16;287.9;31.60552009383002;282.73;Module 1,11_4;35.79;5,42;12,17;0,09;1,05;4,37
15,11.2019 16:54:37;33.7;0.12;287.9;23.63264955553393;282.7;Module 1,11_4;26.8;4,04;9,10;0,06;0,59;3,46
15,11.2019 16:56:31;31.6;0.12;287.9;22.23246166770862;282.62;Module 1,11_4;25.25;3,79;8,56;0,06;0,52;3,27
15,11.2019 16:58:25;30.9;0.13;287.9;23.5166278249255;282.53;Module 1,11_4;26.75;4,02;9,05;0,06;0,58;3,43
15,11.2019 17:00:19;31.3;0.13;286.4;25.30442142437061;282.44;Module 1,11_4;28.83;4,07;9,74;0,07;0,67;3,40
15,11.2019 17:02:11;31.6;0.14;286.4;26.3845815505343;282.35;Module 1,11_4;30.11;4,42;10,16;0,07;0,73;3,69
15,11.2019 17:04:05;31.9;0.14;286.4;27.056246031959503;282.31;Module 1,11_4;30.93;4,47;10,41;0,07;0,77;3,70
15,11.2019 17:05:59;31.7;0.16;286.4;31.09419821093169;282.29;Module 1,11_4;35.61;5,07;11,97;0,09;1,02;4,05
15,11.2019 17:07:52;31.9;0.19;286.4;34.627657230037;282.28;Module 1,11_4;39.73;6,06;13,33;0,09;1,26;4,80
15,11.2019 17:09:44;32.6;0.18;285.9;33.839813907123755;282.28;Module 1,11_4;38.9;5,87;13,02;0,09;1,20;4,66
15,11.2019 17:11:38;32.5;0.19;285.9;36.237406612859075;282.28;Module 1,11_4;41.74;6,17;13,95;0,10;1,38;4,79
15,11.2019 17:13:30;32.6;0.22;286.4;40.763550091192734;282.29;Module 1,11_4;47.05;7,17;15,70;0,11;1,75;5,42
15,11.2019 17:15:23;33.2;0.23;286.4;42.17139485241374;282.29;Module 1,11_4;48.78;7,64;16,23;0,12;1,87;5,76
15,11.2019 17:17:16;33.1;0.21;286.4;40.13607531384744;282.28;Module 1,11_4;46.53;6,95;15,45;0,11;1,70;5,26
15,11.2019 17:19:08;32.9;0.2;286.4;37.99505754989139;282.27;Module 1,11_4;44.15;6,58;14,63;0,10;1,52;5,06
15,11.2019 17:21:02;32.8;0.2;286.4;37.73017841815246;282.25;Module 1,11_4;43.95;6,56;14,52;0,10;1,50;5,06
15,11.2019 17:22:55;32.8;0.18;286.4;34.98854685269571;282.24;Module 1,11_4;40.86;5,90;13,47;0,10;1,29;4,62
15,11.2019 17:25:04;32.6;0.17;286.4;32.57756536001299;282.16;Module 1,11_4;38.16;5,54;12,54;0,09;1,12;4,42
15,11.2019 17:26:58;32.5;0.18;285.9;33.46521713765074;282.11;Module 1,11_4;39.31;5,85;12,88;0,09;1,18;4,67
15,11.2019 17:28:50;33;0.21;285.9;38.470525181254715;282.03;Module 1,11_4;45.32;6,93;14,80;0,11;1,56;5,37
15,11.2019 17:30:43;33.1;0.24;285.9;43.21132091163925;281.99;Module 1,11_4;51.06;7,94;16,63;0,12;1,96;5,98
15,11.2019 17:32:38;33.3;0.23;286.4;41.78920929285091;281.97;Module 1,11_4;49.54;7,66;16,09;0,11;1,84;5,82
15,11.2019 17:34:30;33.4;0.21;286.4;38.31328150975029;281.98;Module 1,11_4;45.57;7,01;14,75;0,10;1,55;5,47
15,11.2019 17:36:23;33.1;0.2;285.9;36.55394493154002;282;Module 1,11_4;43.63;6,62;14,07;0,10;1,41;5,21
15,11.2019 17:38:16;32.9;0.19;285.9;34.58332209771861;281.99;Module 1,11_4;41.43;6,25;13,31;0,09;1,26;4,99
15,11.2019 17:40:09;32.8;0.18;285.9;32.56234303358399;281.98;Module 1,11_4;39.16;5,90;12,53;0,09;1,12;4,79
15,11.2019 17:42:01;32.7;0.16;285.9;27.760451262516746;281.96;Module 1,11_4;33.52;5,23;10,69;0,08;0,81;4,42
15,11.2019 17:43:54;32.6;0.13;285.9;23.02384578125965;281.96;Module 1,11_4;27.92;4,24;8,86;0,06;0,56;3,68
15,11.2019 17:45:46;32.6;0.09;285.9;18.159483949410472;281.96;Module 1,11_4;22.12;2,93;6,99;0,05;0,35;2,59
15,11.2019 17:47:40;31.7;0.08;285.9;14.65719765656267;281.9;Module 1,11_4;17.94;2,54;5,64;0,04;0,23;2,31
15,11.2019 17:49:32;30.7;0.07;285.9;12.787503788978064;281.84;Module 1,11_4;15.73;2,15;4,92;0,03;0,17;1,98
15,11.2019 17:51:28;30.2;0.07;285.9;11.221817935779828;281.79;Module 1,11_4;13.88;2,11;4,32;0,03;0,13;1,98
15,11.2019 17:53:22;29.4;0;285.9;10.257396597103842;281.73;Module 1,11_4;12.76;0,00;3,95;0,03;0,11;-0,11
15,11.2019 17:55:15;28.6;0;285.9;9.628374641665172;281.67;Module 1,11_4;12.05;0,00;3,70;0,03;0,10;-0,10
15,11.2019 17:57:07;28.4;0;283.4;9.059150511693286;281.63;Module 1,11_4;11.41;0,00;3,48;0,02;0,09;-0,09
15,11.2019 17:59:01;28.7;0;283.4;8.783880432915224;281.58;Module 1,11_4;11.14;0,00;3,38;0,02;0,08;-0,08
15,11.2019 18:00:53;28.2;0;283.4;8.814329191962583;281.54;Module 1,11_4;11.26;0,00;3,39;0,02;0,08;-0,08
15,11.2019 18:02:47;28.2;0;283.4;8.760436452309328;281.52;Module 1,11_4;11.28;0,00;3,37;0,02;0,08;-0,08
15,11.2019 18:04:40;27.8;0;283.4;7.901484116081994;281.51;Module 1,11_4;10.26;0,00;3,04;0,02;0,07;-0,07
15,11.2019 18:06:33;27.9;0;282.4;6.311507303235654;281.5;Module 1,11_4;8.27;0,00;2,42;0,02;0,04;-0,04
15,11.2019 18:08:28;27.6;0;282.4;4.639519822352765;281.5;Module 1,11_4;6.14;0,00;1,78;0,01;0,02;-0,02
15,11.2019 18:10:21;32.6;0;283.4;3.4915736073711274;281.48;Module 1,11_4;4.67;0,00;1,34;0,01;0,01;-0,01
15,11.2019 18:12:13;31.4;0;283.4;3.1637304515138847;281.47;Module 1,11_4;4.28;0,00;1,22;0,01;0,01;-0,01
15,11.2019 18:14:06;30.3;0;283.4;2.6133724464545316;281.45;Module 1,11_4;3.58;0,00;1,01;0,01;0,01;-0,01
15,11.2019 18:15:59;28.4;0;283.4;2.1601967269908053;281.44;Module 1,11_4;3;0,00;0,83;0,01;0,00;-0,00
15,11.2019 18:17:52;24.8;0;283.4;1.5888772920853524;281.42;Module 1,11_4;2.24;0,00;0,61;0,00;0,00;-0,00
15,11.2019 18:19:44;19.8;0;283.4;1.067572578402145;281.39;Module 1,11_4;1.53;0,00;0,41;0,00;0,00;-0,00
15,11.2019 18:21:36;19.8;0;283.4;0.7194326873867243;281.37;Module 1,11_4;1.05;0,00;0,27;0,00;0,00;-0,00
15,11.2019 18:23:30;19.8;0;283.4;0.6107596795421657;281.35;Module 1,11_4;0.91;0,00;0,23;0,00;0,00;-0,00
16,11.2019 09:36:48;33.4;0;276.3;4.66224451155297;277.17;Module 1,11_4;6.09;0,00;1,79;0,01;0,02;-0,02
16,11.2019 09:38:42;34.8;0;276.3;6.303439620461289;277.14;Module 1,11_4;8.18;0,00;2,41;0,02;0,04;-0,04
16,11.2019 09:40:34;32.3;0;279.9;8.450934791916119;277.14;Module 1,11_4;10.9;0,00;3,24;0,02;0,07;-0,07
16,11.2019 09:42:27;29.3;0;279.9;10.083742378502405;277.12;Module 1,11_4;12.93;0,00;3,88;0,03;0,11;-0,11
16,11.2019 09:44:19;29.3;0.07;279.9;11.33160465182062;277.15;Module 1,11_4;14.45;2,05;4,35;0,03;0,13;1,92
16,11.2019 09:46:12;29.8;0.06;278.3;10.911058832376792;277.21;Module 1,11_4;13.84;1,79;4,19;0,03;0,12;1,66
16,11.2019 09:48:05;29.6;0;278.3;9.373798655088887;277.26;Module 1,11_4;11.83;0,00;3,59;0,03;0,09;-0,09
16,11.2019 09:49:58;28.9;0;278.3;9.060939477544943;277.33;Module 1,11_4;11.38;0,00;3,48;0,02;0,09;-0,09
16,11.2019 09:51:51;28.7;0;278.3;9.41486514622825;277.39;Module 1,11_4;11.77;0,00;3,61;0,03;0,09;-0,09
16,11.2019 09:53:44;28.9;0;278.3;9.46459821604982;277.45;Module 1,11_4;11.78;0,00;3,63;0,03;0,09;-0,09
16,11.2019 09:55:37;28.8;0;278.3;10.351918989810198;277.48;Module 1,11_4;12.83;0,00;3,97;0,03;0,11;-0,11
16,11.2019 09:57:31;29.5;0.06;278.3;11.658177702953783;277.53;Module 1,11_4;14.39;1,77;4,48;0,03;0,14;1,63
16,11.2019 09:59:24;29.9;0.07;278.3;13.818178113272843;277.54;Module 1,11_4;16.99;2,09;5,30;0,04;0,20;1,89
16,11.2019 10:01:17;30.4;0.08;278.3;16.30253096069224;277.57;Module 1,11_4;19.97;2,43;6,26;0,04;0,28;2,15
16,11.2019 10:03:12;31.2;0.1;279.9;18.795456521070626;277.58;Module 1,11_4;22.94;3,12;7,22;0,05;0,37;2,75
16,11.2019 10:05:11;31.6;0.12;279.9;21.99657330317949;277.57;Module 1,11_4;26.75;3,79;8,45;0,06;0,51;3,29
16,11.2019 10:07:04;32.3;0.12;279.9;22.663346513499675;277.55;Module 1,11_4;27.47;3,88;8,70;0,06;0,54;3,34
16,11.2019 10:08:57;32.5;0.14;280.4;25.119123490450832;277.49;Module 1,11_4;30.35;4,55;9,65;0,07;0,66;3,89
16,11.2019 10:10:53;32.8;0.14;280.4;26.72581389441053;277.39;Module 1,11_4;32.19;4,59;10,27;0,07;0,75;3,84
16,11.2019 10:12:46;33.2;0.15;280.4;27.645736418083246;277.29;Module 1,11_4;33.2;4,98;10,62;0,08;0,80;4,18
16,11.2019 10:14:44;34;0.16;280.4;31.152075928105056;277.18;Module 1,11_4;37.3;5,44;11,96;0,08;1,02;4,42
16,11.2019 10:16:38;34.6;0.16;280.4;33.81770211328532;277.11;Module 1,11_4;40.38;5,54;12,98;0,09;1,20;4,34
16,11.2019 10:18:50;34.6;0.18;281.9;59.05682055569109;277.06;Module 1,11_4;70.3;6,23;22,70;0,16;3,66;2,57
16,11.2019 10:20:43;34.4;0.18;281.9;49.35313694770137;277.06;Module 1,11_4;58.6;6,19;18,97;0,13;2,55;3,64
16,11.2019 10:22:50;34.9;0.21;281.9;56.92094574192552;277.1;Module 1,11_4;67.4;7,33;21,88;0,16;3,40;3,93
16,11.2019 10:24:43;35.2;0.22;281.9;169.88854565272788;277.23;Module 1,11_4;200.69;7,74;37,31;0,64;24,05;-16,31
16,11.2019 10:26:36;35.9;0.2;282.4;149.89737009258397;277.53;Module 1,11_4;176.67;7,18;36,82;0,54;20,01;-12,83
16,11.2019 10:28:29;35.8;0.23;282.4;173.07805804231486;277.86;Module 1,11_4;203.54;8,23;37,28;0,66;24,66;-16,43
16,11.2019 10:30:21;35.4;0.26;282.4;195.11622480082457;278.18;Module 1,11_4;228.97;9,20;37,59;0,77;29,11;-19,91
16,11.2019 10:32:14;35.5;0.27;282.4;199.39862663656663;278.57;Module 1,11_4;233.51;9,59;37,63;0,80;29,98;-20,40
16,11.2019 10:34:07;35.2;0.3;282.4;204.19834118740215;278.99;Module 1,11_4;238.65;10,56;37,69;0,82;30,95;-20,39
16,11.2019 10:36:00;30.8;0.35;280.4;211.7557530500804;279.3;Module 1,11_4;247;10,78;38,10;0,86;32,68;-21,90
16,11.2019 10:38:00;35.4;0.42;280.4;223.46912239291845;279.65;Module 1,11_4;260.14;14,87;38,20;0,92;35,08;-20,21
16,11.2019 10:40:03;26;1.03;280.4;232.10058720765218;279.92;Module 1,11_4;269.65;26,78;38,27;0,96;36,85;-10,07
16,11.2019 10:41:56;31.2;1.09;280.4;231.59021884854886;280.17;Module 1,11_4;268.58;34,01;38,27;0,96;36,74;-2,74
16,11.2019 10:43:49;32.1;1.13;280.4;230.8667514778604;280.39;Module 1,11_4;267.28;36,27;38,27;0,96;36,60;-0,32
16,11.2019 10:45:42;30.3;1.19;280.4;250.85917604826082;280.57;Module 1,11_4;289.94;36,06;38,40;1,06;40,70;-4,64
16,11.2019 10:47:34;28.1;1.19;280.4;254.55702800457837;280.87;Module 1,11_4;293.74;33,44;38,42;1,08;41,46;-8,02
16,11.2019 10:49:27;30.9;1.21;280.4;253.61445407819548;281.06;Module 1,11_4;292.19;37,39;38,41;1,07;41,26;-3,87
16,11.2019 10:51:22;29.7;1.11;281.9;235.40760736282795;281.17;Module 1,11_4;270.79;32,97;38,04;0,98;37,35;-4,38
16,11.2019 10:53:19;35.1;0.8;281.9;157.75010289147184;281.29;Module 1,11_4;181.18;28,08;37,09;0,58;21,61;6,47
16,11.2019 10:55:12;34.3;0.61;281.9;127.1211235694319;281.09;Module 1,11_4;145.79;20,92;36,20;0,43;15,51;5,41
16,11.2019 10:57:06;36.2;0.65;285.9;126.24585867862976;280.85;Module 1,11_4;144.58;23,53;35,51;0,43;15,24;8,29
16,11.2019 10:59:00;38.7;0.7;285.9;247.3158741749951;280.71;Module 1,11_4;282.84;27,09;37,43;1,05;39,26;-12,17
16,11.2019 11:00:55;39.2;0.71;287.9;151.15365617829207;280.67;Module 1,11_4;172.63;27,83;35,92;0,56;20,01;7,83
16,11.2019 11:02:48;37.1;0.71;287.9;149.76373179874207;280.58;Module 1,11_4;170.82;26,34;35,89;0,55;19,74;6,61
16,11.2019 11:04:57;37.6;0.71;287.9;153.55379976397316;280.42;Module 1,11_4;174.89;26,70;35,98;0,57;20,47;6,22
16,11.2019 11:06:51;38;0.86;288.4;166.73759142929495;280.64;Module 1,11_4;189.67;32,68;36,15;0,64;23,02;9,66
16,11.2019 11:09:27;36.7;0.68;288.4;137.47911998765338;280.65;Module 1,11_4;156.13;24,96;35,48;0,49;17,33;7,62
16,11.2019 11:11:21;36.3;0.65;288.4;133.2318702376412;280.54;Module 1,11_4;151.13;23,59;35,35;0,47;16,51;7,08
16,11.2019 11:13:15;37.1;0.58;288.4;115.82032201227311;280.46;Module 1,11_4;131.23;21,52;34,63;0,38;13,19;8,32
16,11.2019 11:15:09;35.8;0.57;287.9;115.10949263686291;280.33;Module 1,11_4;130.28;20,41;34,67;0,38;13,07;7,34
16,11.2019 11:17:03;36.2;0.58;287.9;125.29978547757338;280.25;Module 1,11_4;141.66;21,00;35,14;0,43;15,01;5,99
16,11.2019 11:18:56;38.7;0.57;287.9;146.82298877048555;280.16;Module 1,11_4;165.82;22,06;35,82;0,53;19,16;2,90
16,11.2019 11:20:58;39.1;0.86;288.4;220.92895918191962;280.14;Module 1,11_4;249.24;33,63;36,80;0,92;33,70;-0,08
16,11.2019 11:23:04;38.4;1.24;288.4;276.8483397165939;280.32;Module 1,11_4;311.98;47,62;37,15;1,21;44,78;2,83
16,11.2019 11:24:59;35.4;1.77;287.9;377.46791998257453;280.69;Module 1,11_4;424.95;62,66;37,49;1,73;64,79;-2,13
16,11.2019 11:26:52;35.3;1.75;287.9;361.891245247287;281.09;Module 1,11_4;407.03;61,77;37,47;1,65;61,71;0,06
16,11.2019 11:28:45;35.2;2.12;287.9;446.51771090469333;281.63;Module 1,11_4;501.75;74,62;37,52;2,09;78,34;-3,72
16,11.2019 11:30:38;35;1.34;287.9;300.9833654589421;282.14;Module 1,11_4;337.91;46,90;37,33;1,33;49,65;-2,75
16,11.2019 11:32:31;35.4;2.21;287.9;438.1821762192602;282.25;Module 1,11_4;491.51;78,23;37,52;2,04;76,71;1,52
16,11.2019 11:34:23;35.1;2.25;289.9;472.8170503300708;282.61;Module 1,11_4;529.91;78,98;37,17;2,23;82,80;-3,83
16,11.2019 11:36:16;34.3;1.74;289.9;297.1833948894881;282.93;Module 1,11_4;332.79;59,68;36,97;1,31;48,54;11,14
16,11.2019 11:38:09;35.4;0.87;289.9;163.794912967489;283;Module 1,11_4;183.27;30,80;35,84;0,62;22,36;8,44
16,11.2019 11:40:07;36.3;0.64;290.4;142.78585065566068;282.77;Module 1,11_4;159.63;23,23;35,30;0,52;18,27;4,96
16,11.2019 11:42:00;37.3;0.65;290.4;150.1927370397816;282.3;Module 1,11_4;167.78;24,24;35,48;0,56;19,70;4,55
16,11.2019 11:43:55;37.4;0.79;291.4;193.624281858743;281.9;Module 1,11_4;216.13;29,55;36,02;0,78;28,05;1,50
16,11.2019 11:45:47;39.4;2.01;291.4;463.6042047902126;281.96;Module 1,11_4;517.11;79,19;36,92;2,18;80,53;-1,34
16,11.2019 11:47:40;35.9;1.67;291.4;344.5081176414327;282.38;Module 1,11_4;383.99;59,95;36,84;1,56;57,51;2,45
16,11.2019 11:49:35;36;2.07;291.9;436.69420954164525;282.67;Module 1,11_4;486.39;74,52;36,84;2,04;75,21;-0,69
16,11.2019 11:51:22;36.2;1.9;291.9;443.8805977604287;282.97;Module 1,11_4;494.07;68,78;36,84;2,08;76,59;-7,81
16,11.2019 11:53:15;36.2;2.23;291.9;492.5129206186768;283.25;Module 1,11_4;547.83;80,73;36,82;2,33;85,89;-5,16
16,11.2019 11:55:34;36.1;2.4;291.9;520.5534241369731;283.75;Module 1,11_4;578.55;86,64;36,80;2,48;91,21;-4,57
16,11.2019 11:57:29;35.8;2.31;291.9;518.5893226983691;284.17;Module 1,11_4;575.99;82,70;36,80;2,47;90,84;-8,14
16,11.2019 11:59:23;36.1;2.43;292.5;525.8370891901767;284.5;Module 1,11_4;583.67;87,72;36,70;2,51;91,98;-4,26
16,11.2019 12:01:17;35.9;2.08;292.5;433.8518966148484;284.85;Module 1,11_4;481.27;74,67;36,73;2,03;74,48;0,19
16,11.2019 12:03:10;35.4;0.96;294.5;194.3929541227273;284.93;Module 1,11_4;215.51;33,98;35,48;0,79;27,92;6,07
16,11.2019 12:05:36;36.1;0.86;294.5;188.97002854836416;284.38;Module 1,11_4;209.34;31,05;35,42;0,76;26,88;4,17
16,11.2019 12:07:30;36.7;0.86;294.5;193.23321172118398;284.04;Module 1,11_4;213.94;31,56;35,48;0,78;27,70;3,87
16,11.2019 12:09:23;38;1.78;294.5;448.8114472230676;283.73;Module 1,11_4;496.63;67,64;36,39;2,11;76,71;-9,07
16,11.2019 12:11:16;37.2;1.85;294.5;317.1135288452595;283.64;Module 1,11_4;350.71;68,82;36,23;1,42;51,55;17,27
16,11.2019 12:13:11;37.5;2.09;294.5;421.5051582000239;283.77;Module 1,11_4;465.91;78,38;36,38;1,97;71,53;6,85
16,11.2019 12:15:03;37.2;2.35;294.5;461.11389823381876;284.12;Module 1,11_4;509.43;87,42;36,38;2,17;79,04;8,38
16,11.2019 12:16:56;36.6;1.14;294.5;247.45914070704552;284.23;Module 1,11_4;273.25;41,72;35,94;1,06;38,13;3,60
16,11.2019 12:18:56;36.1;0.78;294.5;164.2921030163127;284.14;Module 1,11_4;181.32;28,16;35,05;0,63;22,17;5,99
16,11.2019 12:20:51;35.4;0.63;294.5;126.74244503214751;283.84;Module 1,11_4;139.81;22,30;34,11;0,44;15,09;7,21
16,11.2019 12:22:46;35.2;0.53;294.5;104.68216614880063;283.46;Module 1,11_4;115.42;18,66;33,01;0,33;11,04;7,62
16,11.2019 12:24:39;34.7;0.5;294.5;96.36414313444563;283;Module 1,11_4;106.2;17,35;32,33;0,30;9,55;7,80
16,11.2019 12:26:47;34.5;0.51;292.5;99.75385123323079;282.65;Module 1,11_4;109.88;17,59;32,92;0,31;10,17;7,42
16,11.2019 12:28:39;34.6;0.5;292.5;97.19941651959059;282.33;Module 1,11_4;107.02;17,30;32,69;0,30;9,71;7,59
16,11.2019 12:30:33;34.5;0.5;292.5;95.95090743822517;282.08;Module 1,11_4;105.6;17,25;32,56;0,29;9,49;7,76
16,11.2019 12:32:28;34.5;0.51;291.4;98.418511592431;281.83;Module 1,11_4;108.27;17,59;32,95;0,30;9,94;7,66
16,11.2019 12:34:37;34.7;0.53;291.4;103.00199447115877;281.66;Module 1,11_4;113.26;18,39;33,35;0,32;10,77;7,62
16,11.2019 12:36:32;34.8;0.53;290.4;103.94395144905292;281.44;Module 1,11_4;114.25;18,44;33,57;0,33;10,95;7,49
16,11.2019 12:38:26;34.7;0.55;290.4;107.78860220728042;281.37;Module 1,11_4;118.43;19,09;33,84;0,34;11,66;7,42
16,11.2019 12:40:20;35.1;0.61;290.4;122.86146077988226;281.35;Module 1,11_4;134.94;21,41;34,63;0,42;14,48;6,93
16,11.2019 12:42:25;35.4;0.69;289.9;137.42088307470513;281.35;Module 1,11_4;150.87;24,43;35,23;0,49;17,27;7,16
16,11.2019 12:44:18;35.4;0.68;289.9;132.9592347800082;281.35;Module 1,11_4;145.92;24,07;35,09;0,47;16,41;7,66
16,11.2019 12:46:11;35.3;0.65;289.9;126.0413157021166;281.32;Module 1,11_4;138.28;22,95;34,84;0,43;15,09;7,85
16,11.2019 12:48:09;35.3;0.58;289.9;113.11042991318803;281.28;Module 1,11_4;124.05;20,47;34,25;0,37;12,66;7,82
16,11.2019 12:50:10;35.1;0.58;289.9;114.33575355956235;281.2;Module 1,11_4;125.35;20,36;34,31;0,38;12,89;7,47
16,11.2019 12:52:02;35.3;0.56;288.4;110.13811262836904;281.21;Module 1,11_4;120.71;19,77;34,30;0,35;12,12;7,64
16,11.2019 12:53:55;35.5;0.54;288.4;108.6022927877279;281.2;Module 1,11_4;118.99;19,17;34,20;0,35;11,84;7,33
16,11.2019 12:55:39;35.7;0.58;288.4;116.92197287376729;281.21;Module 1,11_4;128.07;20,71;34,69;0,39;13,40;7,30
16,11.2019 12:57:40;36.2;0.65;288.4;130.90374591688075;281.2;Module 1,11_4;143.34;23,53;35,27;0,46;16,07;7,46
16,11.2019 12:59:33;36.2;0.8;288.4;159.32329573155064;281.28;Module 1,11_4;174.41;28,96;36,01;0,60;21,57;7,39
16,11.2019 13:01:26;36.2;0.65;289.9;132.79533980467502;281.35;Module 1,11_4;145.33;23,53;35,09;0,47;16,38;7,15
16,11.2019 13:03:19;35.8;0.7;289.9;143.94503289578148;281.4;Module 1,11_4;157.49;25,06;35,41;0,52;18,52;6,54
16,11.2019 13:05:12;36.5;0.84;289.9;172.82639276828291;281.46;Module 1,11_4;189.04;30,66;35,99;0,67;24,12;6,54
16,11.2019 13:07:05;36.6;0.99;289.9;201.58395923980362;281.52;Module 1,11_4;220.44;36,23;36,37;0,82;29,74;6,50
16,11.2019 13:09:10;36.3;0.97;289.9;197.22930740869924;281.67;Module 1,11_4;215.62;35,21;36,32;0,80;28,88;6,33
16,11.2019 13:11:03;36.2;0.99;289.9;202.15220631283125;281.75;Module 1,11_4;220.95;35,84;36,37;0,82;29,85;5,99
16,11.2019 13:12:58;36.3;1.01;289.9;210.41687676882478;281.98;Module 1,11_4;229.93;36,66;36,45;0,86;31,47;5,19
16,11.2019 13:14:51;36.3;1.16;289.9;241.2275133826934;282.21;Module 1,11_4;263.54;42,11;36,70;1,02;37,53;4,58
16,11.2019 13:16:47;36.3;1.23;289.9;249.1993784816649;282.42;Module 1,11_4;272.19;44,65;36,75;1,06;39,10;5,55
16,11.2019 13:18:42;36.1;1.19;289.9;237.74053263249493;282.57;Module 1,11_4;259.62;42,96;36,67;1,00;36,84;6,12
16,11.2019 13:20:41;35.9;1.01;290.4;197.96579446483804;282.69;Module 1,11_4;216.14;36,26;36,24;0,80;28,98;7,28
16,11.2019 13:22:40;35.6;0.81;290.4;159.4283347534021;282.7;Module 1,11_4;174.03;28,84;35,67;0,60;21,48;7,35
16,11.2019 13:24:34;35.5;0.73;290.4;141.14137716510595;282.54;Module 1,11_4;154.04;25,91;35,25;0,51;17,96;7,96
16,11.2019 13:26:27;35.3;0.64;290.4;125.72420183191981;282.48;Module 1,11_4;137.19;22,59;34,75;0,43;15,02;7,57
16,11.2019 13:28:21;35.1;0.56;290.4;110.13603537385119;282.44;Module 1,11_4;120.16;19,66;34,00;0,36;12,09;7,56
16,11.2019 13:30:14;35.2;0.51;290.4;104.55243011810633;282.29;Module 1,11_4;114.05;17,95;33,62;0,33;11,06;6,89
16,11.2019 13:32:08;35.4;0.67;290.4;133.3580909059953;282.19;Module 1,11_4;145.45;23,72;35,02;0,47;16,47;7,25
16,11.2019 13:34:01;35.9;0.67;290.4;134.40451490395213;282.07;Module 1,11_4;146.57;24,05;35,05;0,48;16,67;7,38
16,11.2019 13:35:54;36.4;0.74;290.4;150.02341169949733;282.06;Module 1,11_4;163.58;26,94;35,47;0,55;19,67;7,27
16,11.2019 13:37:57;35.7;0.51;290.4;104.54888387267832;282.09;Module 1,11_4;113.98;18,21;33,62;0,33;11,06;7,14
16,11.2019 13:40:02;35.6;0.48;290.4;105.16861682393187;282;Module 1,11_4;114.64;17,09;33,66;0,33;11,18;5,91
16,11.2019 13:41:55;35.6;0.64;290.4;127.89781457863694;281.96;Module 1,11_4;139.4;22,78;34,84;0,44;15,43;7,35
16,11.2019 13:43:48;35.7;0.7;289.9;138.25297604902673;281.99;Module 1,11_4;150.67;24,99;35,25;0,49;17,42;7,57
16,11.2019 13:45:42;35.6;0.69;289.9;135.1379167066036;282;Module 1,11_4;147.26;24,56;35,16;0,48;16,83;7,74
16,11.2019 13:47:35;35.5;0.59;289.9;118.84200535563924;282;Module 1,11_4;129.49;20,95;34,54;0,40;13,73;7,21
16,11.2019 13:49:27;35.9;0.71;289.9;145.1212718245158;282.03;Module 1,11_4;158.11;25,49;35,44;0,53;18,74;6,74
16,11.2019 13:51:51;36.9;0.96;289.9;199.69875652336293;282.14;Module 1,11_4;217.55;35,42;36,34;0,81;29,37;6,06
16,11.2019 13:53:44;36.7;0.93;290.4;197.14283434046155;282.27;Module 1,11_4;214.75;34,13;36,23;0,80;28,82;5,31
16,11.2019 13:55:37;36.8;0.91;290.4;197.8168124138976;282.39;Module 1,11_4;215.47;33,49;36,23;0,80;28,95;4,53
16,11.2019 13:57:30;36.8;1.24;290.4;243.05531632172503;282.52;Module 1,11_4;264.73;45,63;36,63;1,03;37,82;7,81
16,11.2019 13:59:23;36.7;0.58;290.4;122.25474524126443;282.57;Module 1,11_4;133.15;21,29;34,61;0,42;14,36;6,92
16,11.2019 14:01:16;35.5;0.38;290.4;87.79967159981393;282.39;Module 1,11_4;95.62;13,49;31,73;0,25;8,06;5,43
16,11.2019 14:03:09;36.2;2.28;290.4;505.39540542615373;282.3;Module 1,11_4;550.39;82,54;37,07;2,40;88,88;-6,35
16,11.2019 14:05:03;37.8;2.37;290.4;519.5161181704705;282.88;Module 1,11_4;565.75;89,59;37,06;2,47;91,58;-2,00
16,11.2019 14:06:56;36.4;1.92;290.4;409.0387899721052;283.47;Module 1,11_4;445.43;69,89;37,09;1,90;70,31;-0,42
16,11.2019 14:08:55;37.2;1.33;290.4;305.6069083416329;283.92;Module 1,11_4;332.79;49,48;36,91;1,36;50,11;-0,63
16,11.2019 14:10:49;35.1;0.6;290.4;126.22402788075108;284.1;Module 1,11_4;137.45;21,06;34,77;0,43;15,11;5,95
16,11.2019 14:12:43;36.3;1.06;291.9;227.40596277782487;284.05;Module 1,11_4;247.63;38,48;36,25;0,95;34,57;3,90
16,11.2019 14:14:37;37.3;2.22;291.9;456.0681431450711;284.27;Module 1,11_4;496.63;82,81;36,84;2,14;78,93;3,88
16,11.2019 14:16:30;36.9;1.2;294;269.85619763031013;284.6;Module 1,11_4;293.86;44,28;36,15;1,18;42,52;1,76
16,11.2019 14:18:23;36.5;1.23;294;258.6755668719859;284.51;Module 1,11_4;281.69;44,89;36,09;1,12;40,36;4,53
16,11.2019 14:20:20;36.2;1.05;294;225.1241608634887;284.27;Module 1,11_4;245.16;38,01;35,87;0,94;33,88;4,13
16,11.2019 14:22:13;36.1;0.93;294;195.9625124311646;283.92;Module 1,11_4;213.41;33,57;35,59;0,79;28,27;5,31
16,11.2019 14:24:22;35.6;0.76;294;160.59348793476514;283.57;Module 1,11_4;174.9;27,06;35,08;0,61;21,49;5,56
16,11.2019 14:26:18;36;0.82;294;178.78335547442032;283.46;Module 1,11_4;194.72;29,52;35,38;0,71;24,97;4,55
16,11.2019 14:28:14;37.1;1.9;294;404.25008684108695;283.32;Module 1,11_4;440.31;70,49;36,46;1,88;68,38;2,11
16,11.2019 14:30:08;36.6;0.83;294;174.1805942774211;283.44;Module 1,11_4;189.73;30,38;35,30;0,68;24,09;6,29
16,11.2019 14:32:01;35.8;0.76;294;157.27741468409442;283.38;Module 1,11_4;171.33;27,21;35,01;0,60;20,86;6,35
16,11.2019 14:34:15;36;0.84;294;168.88317973305098;283.36;Module 1,11_4;183.99;30,24;35,22;0,66;23,07;7,17
16,11.2019 14:36:10;35.3;0.68;292.5;142.0313300870022;283.37;Module 1,11_4;154.75;24,00;34,92;0,52;18,04;5,96
16,11.2019 14:38:06;35;0.57;292.5;116.91774084291909;283.23;Module 1,11_4;127.4;19,95;34,03;0,39;13,32;6,63
16,11.2019 14:39:58;34.9;0.55;292.5;110.04193089046746;283.12;Module 1,11_4;119.92;19,20;33,66;0,36;12,04;7,15
16,11.2019 14:41:54;35;0.57;292.5;115.02988874474676;282.98;Module 1,11_4;125.37;19,95;33,94;0,38;12,97;6,98
16,11.2019 14:43:51;35.1;0.59;291.9;120.6027192514307;282.81;Module 1,11_4;131.46;20,71;34,30;0,41;14,02;6,69
16,11.2019 14:45:44;35.2;0.64;291.9;130.705105886691;282.75;Module 1,11_4;142.49;22,53;34,68;0,46;15,92;6,61
16,11.2019 14:47:36;35.4;0.64;291.9;133.870145785635;282.79;Module 1,11_4;145.96;22,66;34,78;0,47;16,52;6,14
16,11.2019 14:49:39;35.4;0.63;291.4;128.3561864080979;282.82;Module 1,11_4;139.97;22,30;34,68;0,45;15,49;6,81
16,11.2019 14:51:33;35.6;0.68;291.4;137.60613209934758;282.84;Module 1,11_4;150.08;24,21;34,98;0,49;17,24;6,96
16,11.2019 14:53:25;35.7;0.83;290.4;166.974815847182;282.85;Module 1,11_4;182.14;29,63;35,81;0,64;22,94;6,69
16,11.2019 14:55:35;36;0.95;290.4;189.49865186458007;282.88;Module 1,11_4;206.75;34,20;36,14;0,76;27,33;6,87
16,11.2019 14:57:28;35.9;0.88;290.4;175.5171084391125;282.91;Module 1,11_4;191.53;31,59;35,95;0,68;24,60;6,99
16,11.2019 14:59:21;35.9;0.83;290.4;166.57838025914302;282.95;Module 1,11_4;181.81;29,80;35,80;0,64;22,87;6,93
16,11.2019 15:01:14;36.1;0.83;290.4;170.20969611996347;283.09;Module 1,11_4;185.81;29,96;35,87;0,66;23,57;6,39
16,11.2019 15:03:08;36.1;0.82;291.4;169.4782227383123;283.15;Module 1,11_4;185.05;29,60;35,68;0,65;23,36;6,24
16,11.2019 15:05:06;36.2;0.85;291.4;175.3459459850456;283.13;Module 1,11_4;191.5;30,77;35,77;0,68;24,50;6,27
16,11.2019 15:06:59;36.3;0.87;291.4;179.6913853433119;283.02;Module 1,11_4;196.29;31,58;35,84;0,71;25,34;6,24
16,11.2019 15:08:52;36.2;0.79;291.9;160.1457769230578;282.92;Module 1,11_4;174.98;28,60;35,43;0,61;21,53;7,06
16,11.2019 15:10:49;36.1;0.81;291.9;169.89561122388858;282.98;Module 1,11_4;185.68;29,24;35,60;0,66;23,41;5,83
16,11.2019 15:12:42;36.5;0.84;291.9;177.67351868171363;282.96;Module 1,11_4;194.23;30,66;35,72;0,70;24,91;5,75
16,11.2019 15:15:08;36.4;0.81;291.9;170.38829695911568;282.93;Module 1,11_4;186.33;29,48;35,61;0,66;23,51;5,98
16,11.2019 15:17:02;36.4;0.77;291.9;162.5242023533002;282.96;Module 1,11_4;177.78;28,03;35,47;0,62;21,99;6,04
16,11.2019 15:18:56;36.4;0.77;291.4;163.68325840827714;283.06;Module 1,11_4;179.1;28,03;35,58;0,63;22,24;5,78
16,11.2019 15:20:53;36.4;0.83;291.4;175.71992378566028;283.11;Module 1,11_4;192.33;30,21;35,78;0,69;24,57;5,64
16,11.2019 15:22:47;36.5;0.95;291.9;225.20502864312374;283.17;Module 1,11_4;246.57;34,67;36,23;0,94;34,15;0,53
16,11.2019 15:24:47;38.2;1.32;291.9;289.1685271783534;283.49;Module 1,11_4;316.71;50,42;36,59;1,27;46,62;3,80
16,11.2019 15:26:40;38;2.37;291.9;493.0132690849165;283.92;Module 1,11_4;540.15;90,06;36,82;2,34;85,98;4,08
16,11.2019 15:28:37;37.5;2.45;292.5;588.6030906192623;284.8;Module 1,11_4;645.11;91,88;36,62;2,83;103,76;-11,89
16,11.2019 15:30:32;36.9;1.74;292.5;485.6526026500668;285.64;Module 1,11_4;532.47;64,21;36,72;2,30;84,37;-20,16
16,11.2019 15:32:25;37.1;2.49;294;571.832654114882;286.41;Module 1,11_4;627.19;92,38;36,38;2,75;99,99;-7,61
16,11.2019 15:34:21;36.7;2.2;294;478.2827930977967;286.98;Module 1,11_4;524.79;80,74;36,47;2,26;82,45;-1,71
16,11.2019 15:36:25;36.3;2.37;294;545.7062958268806;287.75;Module 1,11_4;599.03;86,03;36,41;2,61;95,12;-9,09
16,11.2019 15:38:21;36.2;2.43;296;557.1323375280723;288.28;Module 1,11_4;611.83;87,97;36,06;2,67;96,42;-8,46
16,11.2019 15:40:14;36;1.1;296;220.44480739086134;288.57;Module 1,11_4;242.19;39,60;35,48;0,92;32,75;6,85
16,11.2019 15:42:08;35;0.89;298;175.66667633772187;288.09;Module 1,11_4;193.08;31,15;34,63;0,70;24,07;7,08
16,11.2019 15:44:01;34.7;0.74;298;147.6960439348208;287.56;Module 1,11_4;162.41;25,68;34,12;0,55;18,84;6,83
16,11.2019 15:46:01;34.6;0.7;298;139.46965278373304;286.85;Module 1,11_4;153.44;24,22;33,91;0,51;17,32;6,90
16,11.2019 15:47:56;35.1;0.79;296.5;154.67334166029082;286.19;Module 1,11_4;170.25;27,73;34,53;0,59;20,23;7,50
16,11.2019 15:49:56;36.7;1.01;296.5;323.10346493173176;285.84;Module 1,11_4;355.83;37,07;35,90;1,46;52,28;-15,22
16,11.2019 15:51:54;36.9;0.95;296.5;200.12181957747643;285.93;Module 1,11_4;220.51;35,05;35,20;0,82;28,82;6,23
16,11.2019 15:53:47;35.6;0.63;296.5;126.75256658644426;285.71;Module 1,11_4;139.74;22,43;33,78;0,44;15,03;7,40
16,11.2019 15:55:40;35.1;0.6;296;130.36398887115183;285.57;Module 1,11_4;143.8;21,06;33,98;0,46;15,71;5,35
16,11.2019 15:57:33;34;0.52;296;99.89246881734452;285.12;Module 1,11_4;110.25;17,68;32,43;0,31;10,16;7,52
16,11.2019 15:59:26;34;0.47;296;89.75595889639833;284.83;Module 1,11_4;99.12;15,98;31,38;0,27;8,39;7,59
16,11.2019 16:01:19;34;0.46;294;86.80630175194415;284.45;Module 1,11_4;95.92;15,64;31,19;0,25;7,89;7,75
16,11.2019 16:03:13;34;0.44;294;82.64620708804642;284.08;Module 1,11_4;91.38;14,96;30,42;0,24;7,18;7,78
16,11.2019 16:05:07;33.9;0.41;292.5;78.49878038704452;283.75;Module 1,11_4;86.85;13,90;29,55;0,22;6,50;7,40
16,11.2019 16:06:58;33.8;0.38;292.5;73.23643267817573;283.42;Module 1,11_4;81.08;12,84;27,97;0,20;5,67;7,18
16,11.2019 16:08:51;33.9;0.38;292.5;72.75370910637224;283.15;Module 1,11_4;80.6;12,88;27,81;0,20;5,59;7,29
16,11.2019 16:10:44;34;0.38;291.4;73.14506736994328;282.94;Module 1,11_4;81.09;12,92;27,96;0,20;5,65;7,27
16,11.2019 16:12:46;34.1;0.39;291.4;75.09830354232363;282.88;Module 1,11_4;83.32;13,30;28,60;0,21;5,95;7,35
16,11.2019 16:14:40;34.3;0.46;290.4;90.12802437531874;282.75;Module 1,11_4;100.07;15,78;32,10;0,26;8,46;7,31
16,11.2019 16:16:33;34.7;0.51;290.4;99.89572139728763;282.62;Module 1,11_4;111;17,70;33,23;0,31;10,21;7,48
16,11.2019 16:18:29;34.9;0.49;290.4;97.89053410465449;282.56;Module 1,11_4;108.86;17,10;33,05;0,30;9,85;7,25
16,11.2019 16:20:59;34.7;0.46;289.9;91.2630216668961;282.52;Module 1,11_4;101.6;15,96;32,32;0,27;8,67;7,30
16,11.2019 16:22:53;34.6;0.43;289.9;83.81665557630494;282.52;Module 1,11_4;93.39;14,88;31,01;0,24;7,37;7,50
16,11.2019 16:24:50;34.5;0.38;289.9;74.91750003745497;282.53;Module 1,11_4;83.55;13,11;28,58;0,21;5,92;7,19
16,11.2019 16:26:46;34.3;0.36;289.9;70.54804650584916;282.46;Module 1,11_4;78.75;12,35;27,07;0,19;5,25;7,10
16,11.2019 16:28:42;34.1;0.34;289.9;67.46447329953801;282.37;Module 1,11_4;75.38;11,59;25,95;0,19;4,80;6,79
16,11.2019 16:30:35;34.1;0.35;288.4;68.66034461568438;282.35;Module 1,11_4;76.79;11,94;26,39;0,19;4,97;6,97
16,11.2019 16:32:30;34.3;0.36;288.4;72.58374478781835;282.31;Module 1,11_4;81.26;12,35;27,80;0,20;5,55;6,80
16,11.2019 16:34:23;34.7;0.4;288.4;82.01253570744261;282.25;Module 1,11_4;91.91;13,88;30,70;0,23;7,07;6,81
16,11.2019 16:37:06;35.3;0.45;288.4;94.60034653249535;282.25;Module 1,11_4;106.18;15,88;32,95;0,28;9,27;6,62
16,11.2019 16:38:59;35.6;0.48;288.4;101.16136985014813;282.28;Module 1,11_4;113.67;17,09;33,63;0,31;10,46;6,63
16,11.2019 16:41:01;36.6;0.46;288.4;98.11196931955922;282.34;Module 1,11_4;110.38;16,84;33,34;0,30;9,90;6,93
16,11.2019 16:42:55;36;0.43;288.4;91.83341798861787;282.36;Module 1,11_4;103.44;15,48;32,58;0,27;8,77;6,71
16,11.2019 16:44:51;35.9;0.43;289.9;91.37214109048082;282.4;Module 1,11_4;103.05;15,44;32,34;0,27;8,69;6,75
16,11.2019 16:46:43;36;0.41;289.9;89.22064485303054;282.42;Module 1,11_4;100.75;14,76;32,02;0,26;8,31;6,45
16,11.2019 16:48:41;36.4;0.46;289.9;115.29311438460113;282.39;Module 1,11_4;130.37;16,74;34,37;0,38;13,07;3,68
16,11.2019 16:50:43;38;0.83;289.9;213.92046186639078;282.68;Module 1,11_4;242.25;31,54;36,48;0,88;32,16;-0,62
16,11.2019 16:52:46;38.1;0.88;289.9;232.81350361945428;283.15;Module 1,11_4;264.05;33,53;36,64;0,98;35,87;-2,35
16,11.2019 16:54:45;37.9;1.01;289.9;255.98672594800914;283.67;Module 1,11_4;290.78;38,28;36,79;1,10;40,43;-2,16
16,11.2019 16:56:40;37.8;0.98;289.9;252.51547318195827;284.03;Module 1,11_4;287.28;37,04;36,77;1,08;39,75;-2,71
16,11.2019 16:58:33;37.8;1;290.4;250.23212668995902;284.34;Module 1,11_4;285.13;37,80;36,66;1,07;39,23;-1,43
16,11.2019 17:00:34;37.4;0.92;290.4;200.80545750934976;284.73;Module 1,11_4;229.21;34,41;36,27;0,81;29,54;4,87
16,11.2019 17:02:32;37.1;0.81;291.9;189.20418561592834;284.75;Module 1,11_4;216.35;30,05;35,88;0,76;27,15;2,91
16,11.2019 17:04:35;36.7;0.58;291.9;123.01125943434509;284.71;Module 1,11_4;140.93;21,29;34,40;0,42;14,47;6,82
16,11.2019 17:06:28;35.8;0.3;291.9;71.80033837398146;284.48;Module 1,11_4;82.41;10,74;27,50;0,20;5,45;5,29
16,11.2019 17:08:21;34.1;0.23;291.4;44.132390465318;284.07;Module 1,11_4;50.75;7,84;17,02;0,12;2,06;5,78
16,11.2019 17:10:17;33.9;0.21;291.4;39.617027577967065;283.52;Module 1,11_4;45.65;7,12;15,28;0,11;1,66;5,46
16,11.2019 17:12:12;33.2;0.19;289.4;35.94894152451762;283.16;Module 1,11_4;41.51;6,31;13,86;0,10;1,36;4,94
16,11.2019 17:14:05;33;0.17;289.4;33.80682880719478;282.75;Module 1,11_4;39.12;5,61;13,03;0,09;1,21;4,40
16,11.2019 17:16:01;32.7;0.15;289.4;29.849784515885;282.44;Module 1,11_4;34.62;4,91;11,51;0,08;0,94;3,96
16,11.2019 17:17:58;32.1;0.15;287.9;29.279342134007237;282.17;Module 1,11_4;34.04;4,82;11,28;0,08;0,90;3,91
16,11.2019 17:19:57;32.1;0.15;287.9;28.475577905165746;281.96;Module 1,11_4;33.19;4,82;10,97;0,08;0,85;3,96
16,11.2019 17:21:55;31.9;0.15;286.4;28.195163398489303;281.75;Module 1,11_4;32.95;4,78;10,85;0,08;0,84;3,95
16,11.2019 17:23:57;32.1;0.15;286.4;29.00219768126261;281.61;Module 1,11_4;33.99;4,82;11,16;0,08;0,89;3,93
16,11.2019 17:25:56;32.1;0.16;286.4;29.258096191756408;281.48;Module 1,11_4;34.39;5,14;11,27;0,08;0,90;4,24
16,11.2019 17:27:48;32.1;0.15;286.4;27.664231012126457;281.38;Module 1,11_4;32.61;4,82;10,65;0,08;0,81;4,01
16,11.2019 17:29:43;31.8;0.14;286.4;25.735432732503615;281.34;Module 1,11_4;30.43;4,45;9,91;0,07;0,70;3,75
16,11.2019 17:31:42;31.7;0.13;285.9;23.550715951427232;281.31;Module 1,11_4;27.94;4,12;9,06;0,06;0,58;3,54
16,11.2019 17:33:36;31.5;0.12;285.9;22.37122348943211;281.27;Module 1,11_4;26.63;3,78;8,61;0,06;0,53;3,25
16,11.2019 17:35:29;31.3;0.11;285.9;20.744495111005396;281.25;Module 1,11_4;24.78;3,44;7,98;0,06;0,45;2,99
16,11.2019 17:37:22;31.2;0.1;285.9;19.27565530261939;281.2;Module 1,11_4;23.11;3,12;7,42;0,05;0,39;2,73
16,11.2019 17:39:20;31;0.09;285.9;17.378875961953362;281.16;Module 1,11_4;20.92;2,79;6,69;0,05;0,32;2,47
16,11.2019 17:41:15;30.8;0.08;283.4;15.106527635870998;281.11;Module 1,11_4;18.26;2,46;5,80;0,04;0,24;2,22
16,11.2019 17:43:07;30.5;0.07;283.4;13.32906332313682;281.07;Module 1,11_4;16.18;2,14;5,13;0,04;0,19;1,95
16,11.2019 17:45:00;29.8;0.07;283.4;12.86719726456015;281.02;Module 1,11_4;15.69;2,09;4,95;0,04;0,17;1,91
16,11.2019 17:47:14;29.5;0.07;283.4;12.794312399417512;280.97;Module 1,11_4;15.69;2,07;4,92;0,03;0,17;1,89
16,11.2019 17:49:06;29.5;0.07;283.4;12.015941999045399;280.93;Module 1,11_4;14.81;2,07;4,62;0,03;0,15;1,91
16,11.2019 17:51:04;29.2;0;283.4;10.69790000039874;280.87;Module 1,11_4;13.26;0,00;4,11;0,03;0,12;-0,12
16,11.2019 17:52:56;29;0;283.4;8.904526085775863;280.86;Module 1,11_4;11.1;0,00;3,42;0,02;0,08;-0,08
16,11.2019 17:55:04;28.7;0;282.4;8.978501438925104;280.84;Module 1,11_4;11.27;0,00;3,45;0,02;0,08;-0,08
16,11.2019 17:56:57;28.3;0;282.4;8.136436847032218;280.81;Module 1,11_4;10.28;0,00;3,13;0,02;0,07;-0,07
16,11.2019 17:58:50;27.6;0;282.4;6.775167032764985;280.77;Module 1,11_4;8.62;0,00;2,60;0,02;0,05;-0,05
16,11.2019 18:00:43;27.3;0;282.4;6.65463920686101;280.74;Module 1,11_4;8.53;0,00;2,55;0,02;0,05;-0,05
16,11.2019 18:02:55;26.6;0;282.4;6.723867134768981;280.72;Module 1,11_4;8.7;0,00;2,59;0,02;0,05;-0,05
16,11.2019 18:04:50;26.4;0;281.9;6.427213472468747;280.7;Module 1,11_4;8.39;0,00;2,47;0,02;0,04;-0,04
16,11.2019 18:06:44;26.7;0;281.9;7.368464686111172;280.69;Module 1,11_4;9.71;0,00;2,83;0,02;0,06;-0,06
16,11.2019 18:08:37;27.1;0;281.9;6.107370061854849;280.66;Module 1,11_4;8.13;0,00;2,34;0,02;0,04;-0,04
16,11.2019 18:10:36;26.9;0;281.9;5.658412824590268;280.64;Module 1,11_4;7.62;0,00;2,17;0,02;0,03;-0,03
16,11.2019 18:12:32;26.7;0;281.9;6.073357151206832;280.62;Module 1,11_4;8.28;0,00;2,34;0,02;0,04;-0,04
16,11.2019 18:14:25;26.7;0;281.9;5.060490396893822;280.6;Module 1,11_4;6.99;0,00;1,95;0,01;0,03;-0,03
16,11.2019 18:16:24;33.1;0;281.9;4.6992530865032265;280.6;Module 1,11_4;6.59;0,00;1,80;0,01;0,02;-0,02
16,11.2019 18:18:17;33;0;281.9;4.407776779670261;280.58;Module 1,11_4;6.28;0,00;1,70;0,01;0,02;-0,02
16,11.2019 18:20:15;32.7;0;283.4;4.045125955462012;280.56;Module 1,11_4;5.87;0,00;1,55;0,01;0,02;-0,02
16,11.2019 18:22:08;32.7;0;283.4;3.6491123513186734;280.51;Module 1,11_4;5.4;0,00;1,41;0,01;0,01;-0,01
16,11.2019 18:24:02;29.9;0;283.4;3.232250789700532;280.45;Module 1,11_4;4.89;0,00;1,24;0,01;0,01;-0,01
16,11.2019 18:25:58;32;0;283.4;2.442379943405406;280.35;Module 1,11_4;3.79;0,00;0,94;0,01;0,01;-0,01
16,11.2019 18:27:51;31.1;0;283.4;2.067664531135612;280.24;Module 1,11_4;3.3;0,00;0,80;0,01;0,00;-0,00
16,11.2019 18:29:43;29.3;0;282.4;1.632559845116694;280.18;Module 1,11_4;2.69;0,00;0,63;0,00;0,00;-0,00
16,11.2019 18:31:38;27.7;0;282.4;1.3556186345674168;280.12;Module 1,11_4;2.32;0,00;0,52;0,00;0,00;-0,00
16,11.2019 18:33:33;24.5;0;280.4;1.0562473907417287;280.09;Module 1,11_4;1.89;0,00;0,41;0,00;0,00;-0,00
16,11.2019 18:35:30;20;0;280.4;0.9423443506099496;280.07;Module 1,11_4;1.78;0,00;0,36;0,00;0,00;-0,00
16,11.2019 18:37:23;20;0;280.4;0.5415306356951065;280.05;Module 1,11_4;1.09;0,00;0,21;0,00;0,00;-0,00
16,11.2019 18:39:15;20;0;280.4;0.2297837574841378;280;Module 1,11_4;0.5;0,00;0,09;0,00;0,00;-0,00
17,11.2019 10:04:04;31.3;0;274.3;3.4697013004056467;275.78;Module 1,11_4;4.24;0,00;1,33;0,01;0,01;-0,01
17,11.2019 10:06:05;32.2;0;276.3;3.9260761609388988;275.81;Module 1,11_4;4.78;0,00;1,51;0,01;0,02;-0,02
17,11.2019 10:07:58;32.3;0;276.3;4.697265449511191;275.82;Module 1,11_4;5.7;0,00;1,80;0,01;0,02;-0,02
17,11.2019 10:09:53;33.8;0;278.3;5.621973050234834;275.85;Module 1,11_4;6.8;0,00;2,16;0,02;0,03;-0,03
17,11.2019 10:11:46;28.4;0;278.3;6.277827651919159;275.85;Module 1,11_4;7.57;0,00;2,41;0,02;0,04;-0,04
17,11.2019 10:13:39;27.4;0;278.3;7.935006043410683;275.89;Module 1,11_4;9.54;0,00;3,05;0,02;0,07;-0,07
17,11.2019 10:15:37;27.9;0;277.8;10.077649019268922;275.91;Module 1,11_4;12.08;0,00;3,87;0,03;0,11;-0,11
17,11.2019 10:17:30;28.7;0.09;277.8;15.233386627476662;275.95;Module 1,11_4;18.21;2,58;5,84;0,04;0,24;2,34
17,11.2019 10:19:46;29.5;0.11;277.8;18.37025098754585;275.99;Module 1,11_4;21.89;3,25;7,05;0,05;0,35;2,89
17,11.2019 10:21:39;31.1;0.12;277.8;20.51204975615888;276.03;Module 1,11_4;24.38;3,73;7,87;0,06;0,44;3,29
17,11.2019 10:23:33;32.2;0.14;278.3;23.0596248302533;276.08;Module 1,11_4;27.34;4,51;8,85;0,06;0,56;3,95
17,11.2019 10:25:26;32.9;0.15;278.3;25.693186034645368;276.15;Module 1,11_4;30.39;4,93;9,86;0,07;0,69;4,24
17,11.2019 10:27:19;33;0.19;278.3;31.37913192985695;276.22;Module 1,11_4;37.03;6,27;12,04;0,09;1,03;5,24
17,11.2019 10:29:14;33.4;0.2;279.9;33.879422490795406;276.28;Module 1,11_4;39.89;6,68;13,01;0,09;1,20;5,48
17,11.2019 10:31:09;33.8;0.18;279.9;31.5535052687177;276.36;Module 1,11_4;37.07;6,08;12,12;0,09;1,04;5,04
17,11.2019 10:33:11;33.6;0.15;280.4;26.437758111907954;276.43;Module 1,11_4;30.99;5,04;10,16;0,07;0,73;4,31
17,11.2019 10:35:18;33.3;0.14;280.4;24.18909556837974;276.46;Module 1,11_4;28.29;4,66;9,29;0,07;0,61;4,05
17,11.2019 10:37:11;32.9;0.14;280.4;23.311070059656995;276.51;Module 1,11_4;27.21;4,61;8,95;0,06;0,57;4,04
17,11.2019 10:39:05;32.8;0.14;280.4;24.866284492981464;276.53;Module 1,11_4;28.97;4,59;9,55;0,07;0,65;3,94
17,11.2019 10:41:27;33.1;0.17;280.4;28.442187304076995;276.52;Module 1,11_4;33.06;5,63;10,92;0,08;0,85;4,78
17,11.2019 10:43:20;33.1;0.2;280.4;34.21515035551291;276.56;Module 1,11_4;39.7;6,62;13,14;0,09;1,23;5,39
17,11.2019 10:45:13;33.8;0.2;280.4;35.223598551823116;276.54;Module 1,11_4;40.8;6,76;13,52;0,10;1,30;5,46
17,11.2019 10:47:06;34;0.24;280.4;41.02442837489276;276.57;Module 1,11_4;47.44;8,16;15,76;0,11;1,76;6,40
17,11.2019 10:49:14;34.2;0.29;280.4;48.827510492211964;276.62;Module 1,11_4;56.36;9,92;18,75;0,13;2,50;7,42
17,11.2019 10:51:12;34.5;0.3;280.4;52.32655879081973;276.66;Module 1,11_4;60.3;10,35;20,09;0,14;2,87;7,48
17,11.2019 10:53:06;34.5;0.3;281.9;52.28538774878725;276.74;Module 1,11_4;60.16;10,35;20,09;0,14;2,87;7,48
17,11.2019 10:55:04;34.5;0.28;281.9;49.13693894949628;276.83;Module 1,11_4;56.45;9,66;18,88;0,13;2,53;7,13
17,11.2019 10:57:01;34.4;0.27;281.9;45.679634528101715;276.82;Module 1,11_4;52.4;9,29;17,55;0,12;2,19;7,10
17,11.2019 10:59:00;34.3;0.24;281.9;40.80560613727951;276.8;Module 1,11_4;46.74;8,23;15,68;0,11;1,75;6,49
17,11.2019 11:00:57;34;0.24;281.9;40.42597639322979;276.8;Module 1,11_4;46.24;8,16;15,53;0,11;1,71;6,45
17,11.2019 11:03:11;34;0.21;281.9;36.98678309522389;276.81;Module 1,11_4;42.24;7,14;14,21;0,10;1,43;5,71
17,11.2019 11:05:09;33.8;0.21;281.9;37.045095230505524;276.85;Module 1,11_4;42.25;7,10;14,23;0,10;1,44;5,66
17,11.2019 11:07:01;33.9;0.24;281.9;42.55144131938853;276.87;Module 1,11_4;48.47;8,14;16,35;0,12;1,90;6,24
17,11.2019 11:09:32;34;0.25;281.9;42.004832704047516;276.95;Module 1,11_4;47.77;8,50;16,14;0,11;1,85;6,65
17,11.2019 11:11:32;33.9;0.22;281.9;38.53559293428172;276.98;Module 1,11_4;43.77;7,46;14,80;0,11;1,56;5,90
17,11.2019 11:13:25;33.8;0.22;281.9;39.293634109264524;276.98;Module 1,11_4;44.58;7,44;15,10;0,11;1,62;5,82
17,11.2019 11:15:18;33.8;0.24;281.9;43.14944199330233;277.01;Module 1,11_4;48.9;8,11;16,58;0,12;1,95;6,16
17,11.2019 11:17:19;34.1;0.31;281.9;55.320298124971494;277.04;Module 1,11_4;62.62;10,57;21,26;0,15;3,21;7,36
17,11.2019 11:19:17;34.7;0.32;281.9;60.14838344412045;277.08;Module 1,11_4;68.01;11,10;23,11;0,16;3,79;7,31
17,11.2019 11:21:11;34.5;0.28;281.9;50.711445607870715;277.14;Module 1,11_4;57.28;9,66;19,48;0,14;2,70;6,96
17,11.2019 11:23:09;34.3;0.24;281.9;45.385142046604265;277.17;Module 1,11_4;51.21;8,23;17,44;0,12;2,16;6,07
17,11.2019 11:25:39;33.9;0.25;282.4;46.10069236953172;277.25;Module 1,11_4;51.95;8,47;17,72;0,13;2,23;6,25
17,11.2019 11:27:38;34;0.24;282.4;43.02886305218398;277.29;Module 1,11_4;48.44;8,16;16,54;0,12;1,94;6,22
17,11.2019 11:29:30;33.8;0.24;282.4;43.95745329491431;277.37;Module 1,11_4;49.44;8,11;16,90;0,12;2,03;6,08
17,11.2019 11:31:23;33.9;0.24;282.4;44.175164798032;277.43;Module 1,11_4;49.64;8,14;16,98;0,12;2,05;6,09
17,11.2019 11:33:35;33.8;0.23;282.4;42.804195666646834;277.46;Module 1,11_4;48.05;7,77;16,45;0,12;1,92;5,85
17,11.2019 11:35:51;33.9;0.28;282.4;53.3976278563437;277.45;Module 1,11_4;59.88;9,49;20,52;0,15;2,99;6,50
17,11.2019 11:37:45;34.1;0.33;282.4;61.234014495289884;277.4;Module 1,11_4;68.61;11,25;23,53;0,17;3,93;7,32
17,11.2019 11:39:39;34.7;0.35;282.4;66.4739515937591;277.41;Module 1,11_4;74.42;12,14;25,53;0,18;4,64;7,51
17,11.2019 11:41:45;34.7;0.34;282.4;64.48549758180386;277.37;Module 1,11_4;72.13;11,80;24,77;0,18;4,36;7,43
17,11.2019 11:43:38;34.7;0.35;282.4;66.1101222993099;277.36;Module 1,11_4;73.89;12,14;25,39;0,18;4,59;7,56
17,11.2019 11:45:34;34.5;0.29;282.4;55.255412959992015;277.42;Module 1,11_4;61.71;10,00;21,23;0,15;3,20;6,80
17,11.2019 11:47:27;34.1;0.28;282.4;51.69403128027561;277.42;Module 1,11_4;57.69;9,55;19,87;0,14;2,80;6,74
17,11.2019 11:49:44;34;0.26;282.4;47.936501245482646;277.42;Module 1,11_4;53.45;8,84;18,42;0,13;2,41;6,43
17,11.2019 11:51:37;34;0.26;282.4;47.467531252032366;277.46;Module 1,11_4;52.89;8,84;18,24;0,13;2,36;6,48
17,11.2019 11:53:34;34;0.26;282.4;47.644889261926124;277.53;Module 1,11_4;53.05;8,84;18,31;0,13;2,38;6,46
17,11.2019 11:55:34;33.8;0.24;282.4;44.37130567191339;277.57;Module 1,11_4;49.37;8,11;17,05;0,12;2,07;6,05
17,11.2019 11:57:43;33.8;0.25;282.4;46.643860362319906;277.57;Module 1,11_4;51.86;8,45;17,93;0,13;2,28;6,17
17,11.2019 11:59:36;33.9;0.27;282.4;50.66045921678246;277.62;Module 1,11_4;56.29;9,15;19,47;0,14;2,69;6,46
17,11.2019 12:01:36;34;0.28;282.4;52.17980223176135;277.65;Module 1,11_4;57.94;9,52;20,05;0,14;2,86;6,66
17,11.2019 12:03:31;34.1;0.26;282.4;47.1475662260747;277.67;Module 1,11_4;52.32;8,87;18,13;0,13;2,33;6,53
17,11.2019 12:05:53;33.8;0.24;282.4;45.69453604229072;277.68;Module 1,11_4;50.67;8,11;17,56;0,12;2,19;5,92
17,11.2019 12:07:54;33.8;0.28;282.4;53.39269484605028;277.7;Module 1,11_4;59.17;9,46;20,52;0,15;2,99;6,47
17,11.2019 12:09:48;34.2;0.29;282.4;56.05023321184935;277.75;Module 1,11_4;62.08;9,92;21,54;0,15;3,30;6,62
17,11.2019 12:12:09;34.1;0.31;282.4;58.53685443854846;277.84;Module 1,11_4;64.79;10,57;22,50;0,16;3,60;6,98
17,11.2019 12:14:06;34.3;0.3;282.4;56.95997166267566;277.94;Module 1,11_4;63.01;10,29;21,89;0,16;3,40;6,89
17,11.2019 12:16:00;34.1;0.29;282.4;55.063291312840434;278.07;Module 1,11_4;60.88;9,89;21,16;0,15;3,18;6,71
17,11.2019 12:17:52;34.2;0.32;283.4;60.51135810818842;278.15;Module 1,11_4;66.87;10,94;23,27;0,17;3,85;7,10
17,11.2019 12:20:36;34.2;0.38;283.4;70.98661210440861;278.22;Module 1,11_4;78.39;13,00;27,23;0,19;5,29;7,71
17,11.2019 12:22:34;34.8;0.37;283.4;69.98918603934874;278.35;Module 1,11_4;77.25;12,88;26,87;0,19;5,14;7,73
17,11.2019 12:24:27;34.7;0.33;283.4;62.97885266745096;278.42;Module 1,11_4;69.48;11,45;24,21;0,17;4,17;7,29
17,11.2019 12:26:21;34.6;0.35;283.4;65.82807139968908;278.47;Module 1,11_4;72.59;12,11;25,30;0,18;4,55;7,56
17,11.2019 12:28:22;34.7;0.41;283.4;77.17312826595614;278.49;Module 1,11_4;85.06;14,23;29,45;0,21;6,25;7,98
17,11.2019 12:30:17;34.9;0.44;283.4;82.10858093564326;278.54;Module 1,11_4;90.46;15,36;30,98;0,23;7,06;8,29
17,11.2019 12:32:10;35;0.47;283.4;88.02748654432092;278.66;Module 1,11_4;96.94;16,45;32,43;0,25;8,09;8,36
17,11.2019 12:34:03;35.1;0.45;283.4;84.9023903861484;278.79;Module 1,11_4;93.46;15,80;31,72;0,24;7,54;8,25
17,11.2019 12:36:17;35.3;0.44;283.4;83.31587852512614;278.89;Module 1,11_4;91.67;15,53;31,31;0,23;7,27;8,26
17,11.2019 12:38:43;35.3;0.45;283.4;85.53099406454336;278.92;Module 1,11_4;94.06;15,88;31,88;0,24;7,65;8,23
17,11.2019 12:40:36;35.5;0.48;283.4;90.87573074350487;278.94;Module 1,11_4;99.9;17,04;32,97;0,26;8,60;8,44
17,11.2019 12:42:32;35.6;0.49;285.9;92.7664574247004;279.05;Module 1,11_4;101.94;17,44;33,00;0,27;8,94;8,50
17,11.2019 12:44:42;35.7;0.52;285.9;97.78441498530592;279.19;Module 1,11_4;107.41;18,56;33,64;0,29;9,85;8,71
17,11.2019 12:46:40;35.7;0.49;285.9;94.48666546221777;279.33;Module 1,11_4;103.75;17,49;33,23;0,28;9,25;8,24
17,11.2019 12:48:33;35.5;0.42;285.9;80.30664958703147;279.49;Module 1,11_4;88.15;14,91;30,36;0,22;6,77;8,14
17,11.2019 12:50:26;35;0.44;285.9;83.130832878972;279.53;Module 1,11_4;91.22;15,40;31,13;0,23;7,25;8,15
17,11.2019 12:52:46;35.4;0.45;285.9;86.08108672482422;279.56;Module 1,11_4;94.42;15,93;31,81;0,24;7,75;8,18
17,11.2019 12:55:01;35.3;0.45;285.9;84.18845603340168;279.62;Module 1,11_4;92.31;15,88;31,39;0,24;7,43;8,46
17,11.2019 12:56:54;35.3;0.44;285.9;85.3996154948619;279.63;Module 1,11_4;93.61;15,53;31,66;0,24;7,64;7,90
17,11.2019 12:59:13;35.2;0.48;285.9;94.42844507161576;279.73;Module 1,11_4;103.47;16,90;33,23;0,28;9,24;7,66
17,11.2019 13:01:13;35.4;0.51;286.4;103.64018632400916;279.9;Module 1,11_4;113.53;18,05;34,13;0,32;10,93;7,12
17,11.2019 13:03:06;35.4;0.54;286.4;108.3161963351489;280.04;Module 1,11_4;118.62;19,12;34,49;0,34;11,81;7,31
17,11.2019 13:05:04;35.4;0.39;286.4;81.51979572364263;280.11;Module 1,11_4;89.25;13,81;30,68;0,23;6,98;6,83
17,11.2019 13:07:29;34.7;0.4;286.4;81.43671342752903;280.08;Module 1,11_4;89.13;13,88;30,66;0,23;6,96;6,92
17,11.2019 13:09:30;34.7;0.43;286.4;83.0299868750554;280.09;Module 1,11_4;90.85;14,92;31,07;0,23;7,23;7,69
17,11.2019 13:11:24;34.7;0.42;285.9;79.84114779757637;280.13;Module 1,11_4;87.34;14,57;30,23;0,22;6,69;7,88
17,11.2019 13:13:23;34.5;0.37;285.9;70.75330452874353;280.14;Module 1,11_4;77.38;12,77;27,16;0,19;5,27;7,50
17,11.2019 13:15:54;34.3;0.42;286.4;80.06665850959595;280.21;Module 1,11_4;87.54;14,41;30,27;0,22;6,73;7,67
17,11.2019 13:17:51;34.5;0.43;286.4;79.1966919309339;280.12;Module 1,11_4;86.57;14,83;30,02;0,22;6,59;8,24
17,11.2019 13:19:44;34.5;0.4;286.4;73.89649314133396;280.05;Module 1,11_4;80.76;13,80;28,28;0,20;5,74;8,06
17,11.2019 13:21:37;34.4;0.36;286.4;66.88222283791922;280;Module 1,11_4;73.08;12,38;25,71;0,18;4,71;7,68
17,11.2019 13:24:30;34.3;0.36;286.4;66.20547604355372;279.95;Module 1,11_4;72.32;12,35;25,46;0,18;4,61;7,73
17,11.2019 13:26:25;34.1;0.34;286.4;61.84069895962214;279.88;Module 1,11_4;67.54;11,59;23,80;0,17;4,03;7,57
17,11.2019 13:28:22;34;0.32;286.4;58.417336859224505;279.79;Module 1,11_4;63.79;10,88;22,48;0,16;3,59;7,29
17,11.2019 13:30:41;34;0.33;285.9;60.3706910309449;279.73;Module 1,11_4;65.91;11,22;23,23;0,17;3,83;7,39
17,11.2019 13:32:43;34.2;0.35;285.9;62.94570207470599;279.74;Module 1,11_4;68.71;11,97;24,22;0,17;4,17;7,80
17,11.2019 13:34:36;34.2;0.35;285.9;62.61579618706649;279.81;Module 1,11_4;68.34;11,97;24,09;0,17;4,13;7,84
17,11.2019 13:36:34;34.1;0.35;285.9;63.15626979100408;279.87;Module 1,11_4;68.92;11,94;24,30;0,17;4,20;7,74
17,11.2019 13:38:49;34.2;0.34;285.9;61.305510450322984;279.88;Module 1,11_4;66.89;11,63;23,59;0,17;3,95;7,67
17,11.2019 13:40:48;34.2;0.35;285.9;64.5673835248821;279.97;Module 1,11_4;70.44;11,97;24,84;0,18;4,39;7,58
17,11.2019 13:42:41;34.3;0.37;285.9;68.81006719819366;280.03;Module 1,11_4;75.06;12,69;26,44;0,19;4,98;7,71
17,11.2019 13:44:48;34.5;0.4;285.9;74.0901732343011;280.06;Module 1,11_4;80.81;13,80;28,35;0,20;5,77;8,03
17,11.2019 13:46:40;34.6;0.41;285.9;75.60123720376163;280.1;Module 1,11_4;82.45;14,19;28,88;0,21;6,01;8,18
17,11.2019 13:48:33;34.6;0.4;286.4;74.48945423578617;280.1;Module 1,11_4;81.23;13,84;28,49;0,20;5,84;8,00
17,11.2019 13:50:30;34.5;0.37;286.4;69.51617442442694;280.08;Module 1,11_4;75.8;12,77;26,70;0,19;5,09;7,68
17,11.2019 13:52:25;34.3;0.41;286.4;75.94190629871379;280.17;Module 1,11_4;82.8;14,06;28,98;0,21;6,07;8,00
17,11.2019 13:54:18;34.6;0.44;286.4;81.97355325515683;280.27;Module 1,11_4;89.37;15,22;30,80;0,23;7,05;8,17
17,11.2019 13:56:20;34.8;0.45;286.4;85.10719441748661;280.38;Module 1,11_4;92.78;15,66;31,56;0,24;7,59;8,07
17,11.2019 13:58:33;34.7;0.46;286.4;87.50710843317036;280.5;Module 1,11_4;95.39;15,96;32,06;0,25;8,00;7,96
17,11.2019 14:00:52;35;0.47;286.4;89.10852501639854;280.62;Module 1,11_4;97.13;16,45;32,36;0,26;8,29;8,16
17,11.2019 14:02:46;35;0.5;286.4;93.49751267760061;280.74;Module 1,11_4;101.91;17,50;33,05;0,27;9,07;8,43
17,11.2019 14:04:44;35.3;0.49;286.4;92.99607061105266;280.85;Module 1,11_4;101.36;17,30;32,98;0,27;8,98;8,32
17,11.2019 14:06:47;35.2;0.48;286.4;89.7598005282521;281;Module 1,11_4;97.83;16,90;32,48;0,26;8,40;8,49
17,11.2019 14:08:45;35.1;0.44;287.9;82.61392511955678;281.1;Module 1,11_4;90.04;15,44;30,88;0,23;7,16;8,28
17,11.2019 14:10:40;35.1;0.41;287.9;76.22874763280807;281.15;Module 1,11_4;83.08;14,39;29,05;0,21;6,12;8,27
17,11.2019 14:12:56;34.8;0.38;287.9;69.75115469471865;281.16;Module 1,11_4;76.02;13,22;26,79;0,19;5,13;8,10
17,11.2019 14:14:49;34.6;0.36;287.9;65.64023030712298;281.19;Module 1,11_4;71.54;12,46;25,26;0,18;4,54;7,92
17,11.2019 14:16:46;34.3;0.34;287.9;60.69393227576521;281.18;Module 1,11_4;66.15;11,66;23,37;0,17;3,88;7,78
17,11.2019 14:19:16;34.1;0.31;287.9;56.56349797120066;281.21;Module 1,11_4;61.65;10,57;21,79;0,15;3,37;7,20
17,11.2019 14:21:26;33.9;0.31;287.9;55.62572046873838;281.22;Module 1,11_4;60.63;10,51;21,42;0,15;3,26;7,25
17,11.2019 14:23:34;33.9;0.32;286.4;57.15538663940694;281.23;Module 1,11_4;62.3;10,85;22,00;0,16;3,44;7,41
17,11.2019 14:25:34;34;0.33;286.4;58.7396194930095;281.24;Module 1,11_4;64.03;11,22;22,61;0,16;3,63;7,59
17,11.2019 14:27:54;34;0.33;286.4;58.78147376738989;281.24;Module 1,11_4;64.08;11,22;22,63;0,16;3,64;7,58
17,11.2019 14:29:56;34;0.34;286.4;59.9973695690088;281.24;Module 1,11_4;65.41;11,56;23,09;0,16;3,79;7,77
17,11.2019 14:31:51;34;0.34;286.4;60.77259894295819;281.23;Module 1,11_4;66.26;11,56;23,39;0,17;3,89;7,67
17,11.2019 14:33:50;34.1;0.34;286.4;60.813362836535156;281.23;Module 1,11_4;66.31;11,59;23,41;0,17;3,89;7,70
17,11.2019 14:36:10;34.1;0.34;286.4;61.24686900587439;281.23;Module 1,11_4;66.79;11,59;23,57;0,17;3,95;7,65
17,11.2019 14:38:13;34.1;0.34;286.4;61.34123649440392;281.24;Module 1,11_4;66.9;11,59;23,61;0,17;3,96;7,63
17,11.2019 14:40:20;34;0.34;286.4;61.04971571718234;281.27;Module 1,11_4;66.59;11,56;23,49;0,17;3,92;7,64
17,11.2019 14:42:38;34;0.35;286.4;62.434452418215386;281.32;Module 1,11_4;68.11;11,90;24,02;0,17;4,10;7,80
17,11.2019 14:44:34;34;0.37;286.4;67.07340492310695;281.38;Module 1,11_4;73.18;12,58;25,79;0,18;4,74;7,84
17,11.2019 14:46:30;34.1;0.4;286.4;71.93049854054512;281.42;Module 1,11_4;78.49;13,64;27,59;0,20;5,44;8,20
17,11.2019 14:48:23;34.5;0.42;286.4;77.16157857000107;281.45;Module 1,11_4;84.21;14,49;29,38;0,21;6,26;8,23
17,11.2019 14:50:15;34.7;0.44;286.4;82.36311962341829;281.5;Module 1,11_4;89.9;15,27;30,90;0,23;7,12;8,15
17,11.2019 14:52:08;34.6;0.48;286.4;89.56834665466764;281.57;Module 1,11_4;97.78;16,61;32,44;0,26;8,37;8,24
17,11.2019 14:54:20;34.8;0.56;287.9;104.05776467987292;281.67;Module 1,11_4;113.62;19,49;33,95;0,32;11,00;8,49
17,11.2019 14:56:22;34.8;0.63;287.9;122.21383988304066;281.85;Module 1,11_4;133.47;21,92;35,02;0,41;14,42;7,51
17,11.2019 14:58:24;35.9;0.69;287.9;135.1524413028483;282.02;Module 1,11_4;147.63;24,77;35,49;0,48;16,90;7,87
17,11.2019 15:00:30;36;0.75;287.9;148.7696822562184;282.2;Module 1,11_4;162.54;27,00;35,87;0,54;19,54;7,46
17,11.2019 15:02:26;36.2;0.81;287.9;167.671347686905;282.5;Module 1,11_4;183.23;29,32;36,25;0,64;23,24;6,08
17,11.2019 15:04:23;36.7;0.97;288.4;202.0700750980465;282.69;Module 1,11_4;220.87;35,60;36,63;0,82;29,97;5,62
17,11.2019 15:06:16;36.9;1.05;288.4;225.4311157373155;283.03;Module 1,11_4;246.46;38,74;36,84;0,94;34,59;4,15
17,11.2019 15:08:04;36.9;1.22;289.9;260.4871008951867;283.28;Module 1,11_4;284.85;45,02;36,81;1,12;41,32;3,70
17,11.2019 15:09:58;37;1.34;289.9;288.48111838948654;283.66;Module 1,11_4;315.54;49,58;36,94;1,27;46,83;2,75
17,11.2019 15:12:04;36.7;1.15;289.9;245.067084129677;284.03;Module 1,11_4;268.13;42,20;36,73;1,04;38,28;3,92
17,11.2019 15:13:57;36.8;1.34;290.4;290.46989874196726;284.42;Module 1,11_4;317.89;49,31;36,86;1,28;47,14;2,18
17,11.2019 15:15:58;36.5;1.23;290.4;265.78417605514494;284.84;Module 1,11_4;290.96;44,89;36,75;1,15;42,29;2,61
17,11.2019 15:18:10;36.7;1.13;291.9;240.3818277818822;285.08;Module 1,11_4;263.24;41,47;36,34;1,02;37,10;4,37
17,11.2019 15:20:08;36.3;0.93;291.9;199.5373490060184;285.25;Module 1,11_4;218.58;33,76;35,99;0,81;29,15;4,61
17,11.2019 15:22:06;36.6;1.11;292.5;242.8019639207279;285.31;Module 1,11_4;266.06;40,63;36,26;1,03;37,50;3,13
17,11.2019 15:24:29;36.7;1.04;292.5;223.1354753014063;285.38;Module 1,11_4;244.61;38,17;36,12;0,93;33,67;4,49
17,11.2019 15:27:02;36.2;0.98;292.5;209.20113603399147;285.45;Module 1,11_4;229.44;35,48;35,99;0,86;30,97;4,51
17,11.2019 15:28:55;36.3;0.94;292.5;197.89797793988578;285.39;Module 1,11_4;217.12;34,12;35,88;0,80;28,78;5,34
17,11.2019 15:30:50;36.3;0.95;292.5;205.34122672503398;285.32;Module 1,11_4;225.37;34,48;35,95;0,84;30,22;4,27
17,11.2019 15:32:45;37;1.1;292.5;247.3493636478362;285.34;Module 1,11_4;271.58;40,70;36,29;1,06;38,38;2,32
17,11.2019 15:34:59;36.7;1.04;292.5;223.32850595590986;285.55;Module 1,11_4;245.32;38,17;36,12;0,93;33,71;4,46
17,11.2019 15:37:15;36.1;0.86;294;182.40958997659345;285.61;Module 1,11_4;200.47;31,05;35,42;0,72;25,66;5,38
17,11.2019 15:39:56;36.2;0.85;294;181.62625787553657;285.57;Module 1,11_4;199.73;30,77;35,41;0,72;25,51;5,26
17,11.2019 15:42:01;36.2;0.8;294;170.88492742731395;285.56;Module 1,11_4;188.01;28,96;35,25;0,67;23,46;5,50
17,11.2019 15:43:56;36;0.76;294;158.99501082835525;285.44;Module 1,11_4;175.01;27,36;35,05;0,60;21,19;6,17
17,11.2019 15:45:51;35.7;0.73;292.5;148.20357290839644;285.37;Module 1,11_4;163.21;26,06;35,07;0,55;19,21;6,85
17,11.2019 15:47:51;35.4;0.71;292.5;142.79022914623016;285.31;Module 1,11_4;157.33;25,13;34,94;0,52;18,18;6,95
17,11.2019 15:50:16;35.3;0.67;291.9;135.1513808835522;285.16;Module 1,11_4;149.01;23,65;34,83;0,48;16,76;6,89
17,11.2019 15:52:13;35.4;0.67;291.9;137.0089034993606;285.07;Module 1,11_4;151.14;23,72;34,88;0,49;17,11;6,61
17,11.2019 15:54:41;36;0.72;291.9;150.0282668061707;284.95;Module 1,11_4;165.62;25,92;35,22;0,56;19,59;6,33
17,11.2019 15:57:01;36.3;0.72;291.9;149.00902847582472;284.9;Module 1,11_4;164.61;26,14;35,20;0,55;19,40;6,74
17,11.2019 15:58:59;36.3;0.74;291.9;152.65435043250918;284.87;Module 1,11_4;168.74;26,86;35,27;0,57;20,10;6,77
17,11.2019 16:00:54;35.9;0.74;291.9;152.7324169048265;284.91;Module 1,11_4;168.93;26,57;35,27;0,57;20,11;6,46
17,11.2019 16:03:03;36.2;0.75;291.9;161.16156813901256;284.9;Module 1,11_4;178.38;27,15;35,45;0,61;21,73;5,42
17,11.2019 16:04:59;36.2;0.66;294;137.77887150972447;284.95;Module 1,11_4;152.6;23,89;34,55;0,50;17,17;6,72
17,11.2019 16:06:51;35.8;0.63;294;132.6534603665849;284.98;Module 1,11_4;147.02;22,55;34,39;0,47;16,21;6,34
17,11.2019 16:08:41;36;0.65;294;139.45396963100058;284.96;Module 1,11_4;154.66;23,40;34,59;0,51;17,49;5,91
17,11.2019 16:10:34;36.4;0.74;291.9;165.99058797723282;285.01;Module 1,11_4;184.22;26,94;35,53;0,64;22,66;4,28
17,11.2019 16:12:58;36.9;0.72;291.9;158.4005772639159;285.12;Module 1,11_4;175.96;26,57;35,39;0,60;21,20;5,37
17,11.2019 16:14:53;36.6;0.65;291.9;136.68144449954445;285.15;Module 1,11_4;151.95;23,79;34,87;0,49;17,05;6,74
17,11.2019 16:16:50;35.9;0.61;291.9;127.58326634300438;285.17;Module 1,11_4;141.95;21,90;34,57;0,44;15,33;6,57
17,11.2019 16:19:13;35.8;0.55;291.9;113.46412381144833;285.18;Module 1,11_4;126.37;19,69;33,95;0,37;12,69;7,00
17,11.2019 16:21:14;35.2;0.51;291.9;100.90222786320712;285.17;Module 1,11_4;112.48;17,95;33,11;0,31;10,38;7,57
17,11.2019 16:23:16;34.8;0.5;291.9;98.71087413075387;285.14;Module 1,11_4;110.14;17,40;32,91;0,30;9,99;7,41
17,11.2019 16:25:40;34.7;0.49;291.4;97.05836463619687;285.08;Module 1,11_4;108.42;17,00;32,82;0,30;9,69;7,31
17,11.2019 16:27:40;34.7;0.5;291.4;98.74226754457534;285.01;Module 1,11_4;110.41;17,35;32,98;0,30;10,00;7,35
17,11.2019 16:30:07;34.9;0.53;290.4;103.94189051330572;284.95;Module 1,11_4;116.37;18,50;33,57;0,33;10,95;7,55
17,11.2019 16:32:00;35.2;0.54;290.4;106.64874404751217;284.89;Module 1,11_4;119.52;19,01;33,77;0,34;11,45;7,56
17,11.2019 16:34:42;34.8;0.53;290.4;104.07536774585753;284.87;Module 1,11_4;116.81;18,44;33,59;0,33;10,98;7,47
17,11.2019 16:36:38;34.7;0.52;290.4;101.09416728892072;284.86;Module 1,11_4;113.59;18,04;33,34;0,31;10,43;7,61
17,11.2019 16:38:35;34.8;0.49;290.4;97.84813240374851;284.82;Module 1,11_4;110.07;17,05;33,04;0,30;9,84;7,21
17,11.2019 16:41:26;34.8;0.48;290.4;94.41912001420015;284.81;Module 1,11_4;106.4;16,70;32,66;0,28;9,23;7,48
17,11.2019 16:43:29;35;0.5;290.4;100.27636518494073;284.79;Module 1,11_4;113.15;17,50;33,27;0,31;10,28;7,22
17,11.2019 16:45:34;35.5;0.55;290.4;113.07530917817907;284.8;Module 1,11_4;127.77;19,53;34,16;0,37;12,64;6,88
17,11.2019 16:47:38;36;0.52;290.4;108.74211985689175;284.82;Module 1,11_4;123.05;18,72;33,91;0,35;11,84;6,88
17,11.2019 16:49:50;35.8;0.55;290.4;116.10487236107075;284.88;Module 1,11_4;131.59;19,69;34,33;0,38;13,21;6,48
17,11.2019 16:51:47;36.7;0.56;290.4;120.12052426388739;284.99;Module 1,11_4;136.34;20,55;34,52;0,40;13,96;6,59
17,11.2019 16:53:56;36.3;0.56;290.4;115.94446154246386;285.08;Module 1,11_4;131.82;20,33;34,32;0,38;13,18;7,15
17,11.2019 16:55:50;35.6;0.53;290.4;107.95083144716999;285.11;Module 1,11_4;122.92;18,87;33,86;0,35;11,69;7,18
17,11.2019 16:58:04;35.5;0.49;290.4;99.05334966169296;285.14;Module 1,11_4;113;17,39;33,16;0,30;10,06;7,34
17,11.2019 17:00:29;35.2;0.44;290.4;88.45224309778109;285.12;Module 1,11_4;101.12;15,49;31,84;0,26;8,17;7,32
17,11.2019 17:04:45;35;0.38;290.4;73.03663668848239;284.98;Module 1,11_4;83.83;13,30;27,94;0,20;5,63;7,67
17,11.2019 17:08:50;34.1;0.34;290.4;65.29045319556181;284.76;Module 1,11_4;75.25;11,59;25,13;0,18;4,50;7,09
18,11.2019 09:49:36;31.2;0;276.3;3.8066953564115322;278.06;Module 1,11_4;4.82;0,00;1,46;0,01;0,02;-0,02
18,11.2019 09:51:29;31.9;0;276.3;4.261904501561745;278.06;Module 1,11_4;5.37;0,00;1,63;0,01;0,02;-0,02
18,11.2019 09:53:22;29.4;0;279.9;4.385566688518388;278.07;Module 1,11_4;5.5;0,00;1,69;0,01;0,02;-0,02
18,11.2019 09:55:37;32.6;0;279.9;4.753696987555264;278.06;Module 1,11_4;5.93;0,00;1,83;0,01;0,02;-0,02
18,11.2019 09:57:31;33;0;279.9;4.902937549962259;278.07;Module 1,11_4;6.09;0,00;1,88;0,01;0,03;-0,03
18,11.2019 09:59:23;33.1;0;279.9;5.100604895640588;278.07;Module 1,11_4;6.31;0,00;1,96;0,01;0,03;-0,03
18,11.2019 10:01:16;33.4;0;279.9;5.355907742637503;278.08;Module 1,11_4;6.6;0,00;2,05;0,01;0,03;-0,03
18,11.2019 10:03:14;31.7;0;280.4;5.849420145608089;278.09;Module 1,11_4;7.18;0,00;2,25;0,02;0,04;-0,04
18,11.2019 10:05:09;34.1;0;280.4;6.852059961112849;278.11;Module 1,11_4;8.38;0,00;2,63;0,02;0,05;-0,05
18,11.2019 10:07:02;28.9;0;280.4;7.786522383444771;278.14;Module 1,11_4;9.49;0,00;2,99;0,02;0,06;-0,06
18,11.2019 10:08:55;27.9;0;281.9;8.635668302383172;278.15;Module 1,11_4;10.49;0,00;3,32;0,02;0,08;-0,08
18,11.2019 10:11:01;28.3;0;281.9;8.327730806053571;278.17;Module 1,11_4;10.08;0,00;3,20;0,02;0,07;-0,07
18,11.2019 10:12:55;28.3;0;279.9;8.544148767088673;278.17;Module 1,11_4;10.31;0,00;3,28;0,02;0,08;-0,08
18,11.2019 10:14:48;28.6;0;279.9;9.059840076652868;278.18;Module 1,11_4;10.9;0,00;3,48;0,02;0,09;-0,09
18,11.2019 10:16:40;28.6;0;279.9;9.818990515374129;278.19;Module 1,11_4;11.78;0,00;3,77;0,03;0,10;-0,10
18,11.2019 10:18:49;28.9;0.07;279.9;10.652515888625457;278.2;Module 1,11_4;12.74;2,02;4,09;0,03;0,12;1,90
18,11.2019 10:20:42;29.1;0;279.9;10.689107080486576;278.19;Module 1,11_4;12.75;0,00;4,10;0,03;0,12;-0,12
18,11.2019 10:22:40;29;0;279.9;9.935884061668816;278.18;Module 1,11_4;11.82;0,00;3,81;0,03;0,10;-0,10
18,11.2019 10:24:40;28.8;0;279.9;9.312952715645409;278.16;Module 1,11_4;11.05;0,00;3,58;0,03;0,09;-0,09
18,11.2019 10:26:33;28.4;0;279.9;8.304475134222292;278.14;Module 1,11_4;9.83;0,00;3,19;0,02;0,07;-0,07
18,11.2019 10:28:26;28.2;0;279.9;7.2990438898938805;278.14;Module 1,11_4;8.62;0,00;2,80;0,02;0,06;-0,06
18,11.2019 10:30:18;28;0;279.9;8.078956563336893;278.13;Module 1,11_4;9.52;0,00;3,10;0,02;0,07;-0,07
18,11.2019 10:32:11;27.9;0;279.9;8.55567056305469;278.12;Module 1,11_4;10.06;0,00;3,28;0,02;0,08;-0,08
18,11.2019 10:34:28;27.5;0;279.9;9.566360991867214;278.1;Module 1,11_4;11.22;0,00;3,67;0,03;0,10;-0,10
18,11.2019 10:36:26;28.6;0;279.9;10.073504125252452;278.1;Module 1,11_4;11.79;0,00;3,87;0,03;0,11;-0,11
18,11.2019 10:38:20;28.9;0;279.9;10.4272197901556;278.11;Module 1,11_4;12.18;0,00;4,00;0,03;0,11;-0,11
18,11.2019 10:40:13;29.5;0.07;279.9;12.033734249259869;278.12;Module 1,11_4;14.03;2,07;4,62;0,03;0,15;1,91
18,11.2019 10:42:06;29.6;0.07;279.9;12.31363075513865;278.13;Module 1,11_4;14.33;2,07;4,73;0,03;0,16;1,91
18,11.2019 10:43:59;29.9;0.08;279.9;14.014196402176214;278.14;Module 1,11_4;16.28;2,39;5,38;0,04;0,21;2,19
18,11.2019 10:45:53;30.7;0.08;279.9;15.151079681250605;278.15;Module 1,11_4;17.57;2,46;5,82;0,04;0,24;2,22
18,11.2019 10:47:46;31.1;0.09;279.9;16.515414571959287;278.17;Module 1,11_4;19.12;2,80;6,34;0,05;0,29;2,51
18,11.2019 10:50:01;31.5;0.1;280.4;18.018852904901777;278.17;Module 1,11_4;20.82;3,15;6,92;0,05;0,34;2,81
18,11.2019 10:51:54;31.4;0.11;280.4;19.20886111081103;278.15;Module 1,11_4;22.16;3,45;7,38;0,05;0,39;3,07
18,11.2019 10:53:46;31.9;0.12;280.4;22.181116852971414;278.17;Module 1,11_4;25.55;3,83;8,52;0,06;0,52;3,31
18,11.2019 10:55:39;32.1;0.13;281.9;24.12702833628299;278.2;Module 1,11_4;27.75;4,17;9,27;0,07;0,61;3,56
18,11.2019 10:57:33;32.4;0.12;281.9;23.69221254664016;278.22;Module 1,11_4;27.21;3,89;9,10;0,06;0,59;3,30
18,11.2019 10:59:27;32.4;0.12;281.9;23.106911898273566;278.26;Module 1,11_4;26.5;3,89;8,88;0,06;0,56;3,33
18,11.2019 11:01:21;32.3;0.13;281.9;24.614635699992807;278.28;Module 1,11_4;28.19;4,20;9,46;0,07;0,64;3,56
18,11.2019 11:03:13;32.7;0.15;281.9;26.76318243627751;278.28;Module 1,11_4;30.61;4,91;10,28;0,07;0,75;4,15
18,11.2019 11:05:34;32.8;0.15;281.9;27.82246899555401;278.3;Module 1,11_4;31.77;4,92;10,69;0,08;0,81;4,11
18,11.2019 11:07:28;32.8;0.15;281.9;26.84073078933091;278.32;Module 1,11_4;30.61;4,92;10,31;0,07;0,76;4,16
18,11.2019 11:09:22;32.6;0.14;281.9;25.60098825143327;278.34;Module 1,11_4;29.16;4,56;9,84;0,07;0,69;3,88
18,11.2019 11:11:15;32.5;0.13;281.9;25.473427598397496;278.33;Module 1,11_4;28.98;4,23;9,79;0,07;0,68;3,54
18,11.2019 11:13:08;32.8;0.17;281.9;30.888920671326865;278.32;Module 1,11_4;35.1;5,58;11,87;0,08;1,00;4,58
18,11.2019 11:15:02;32.9;0.19;281.9;35.67315861358755;278.33;Module 1,11_4;40.49;6,25;13,71;0,10;1,33;4,92
18,11.2019 11:16:55;33.2;0.23;281.9;41.99265843194474;278.37;Module 1,11_4;47.61;7,64;16,14;0,11;1,85;5,79
18,11.2019 11:18:47;33.6;0.3;282.4;54.92887812580625;278.4;Module 1,11_4;62.21;10,08;21,11;0,15;3,17;6,91
18,11.2019 11:20:59;34.1;0.36;282.4;66.39177976389578;278.47;Module 1,11_4;75.1;12,28;25,50;0,18;4,63;7,65
18,11.2019 11:22:52;34.6;0.4;282.4;73.07040703260132;278.55;Module 1,11_4;82.57;13,84;28,00;0,20;5,60;8,24
18,11.2019 11:24:45;34.9;0.45;282.4;84.71248595144098;278.61;Module 1,11_4;95.63;15,71;31,73;0,24;7,51;8,20
18,11.2019 11:26:37;35.8;0.46;282.4;87.11754730311634;278.67;Module 1,11_4;98.25;16,47;32,31;0,25;7,93;8,54
18,11.2019 11:28:35;35.8;0.46;283.4;89.39644586836187;278.75;Module 1,11_4;100.72;16,47;32,70;0,25;8,33;8,13
18,11.2019 11:30:28;35.7;0.48;283.4;91.78039993289642;278.8;Module 1,11_4;103.31;17,14;33,12;0,26;8,76;8,37
18,11.2019 11:32:22;35.7;0.49;283.4;95.57231638895678;278.89;Module 1,11_4;107.48;17,49;33,68;0,28;9,45;8,04
18,11.2019 11:34:14;35.8;0.56;283.4;105.73970513697599;278.97;Module 1,11_4;118.81;20,05;34,74;0,33;11,35;8,69
18,11.2019 11:36:33;36.1;0.57;283.4;110.19061249826741;279.14;Module 1,11_4;123.68;20,58;35,07;0,35;12,20;8,38
18,11.2019 11:38:26;36.1;0.54;285.9;105.71764354458584;279.2;Module 1,11_4;118.56;19,49;34,38;0,33;11,33;8,17
18,11.2019 11:40:19;36.2;0.68;285.9;141.9201175521;279.31;Module 1,11_4;159.03;24,62;36,03;0,51;18,29;6,33
18,11.2019 11:42:18;37.7;0.95;285.9;223.4692266237961;279.47;Module 1,11_4;250.2;35,81;37,26;0,93;34,48;1,33
18,11.2019 11:44:10;39.1;1.2;285.9;388.99601218061446;279.81;Module 1,11_4;435.19;46,92;37,84;1,79;67,57;-20,65
18,11.2019 11:46:03;38.6;1.95;285.9;439.67277839911236;280.3;Module 1,11_4;491.51;75,27;37,87;2,05;77,61;-2,34
18,11.2019 11:47:58;38.4;1.91;287.9;469.7986096845322;280.95;Module 1,11_4;524.79;73,34;37,52;2,21;82,88;-9,54
18,11.2019 11:49:51;38.6;1.55;287.9;362.34992954441225;281.46;Module 1,11_4;404.47;59,83;37,47;1,65;61,80;-1,97
18,11.2019 11:52:05;38;1.96;289.9;438.4006989779072;281.81;Module 1,11_4;488.95;74,48;37,18;2,05;76,15;-1,67
18,11.2019 11:53:58;35.7;0.97;289.9;239.75047469831574;282.03;Module 1,11_4;267.21;34,63;36,69;1,02;37,24;-2,61
18,11.2019 11:55:52;36.7;1.49;289.9;335.57036823567;282;Module 1,11_4;373.75;54,68;37,08;1,51;56,09;-1,40
18,11.2019 11:57:45;35.8;1.7;289.9;379.4917136990218;282.05;Module 1,11_4;422.39;60,86;37,15;1,74;64,68;-3,82
18,11.2019 11:59:39;36;1.61;289.9;349.8188341567374;282.09;Module 1,11_4;389.11;57,96;37,11;1,59;58,88;-0,92
18,11.2019 12:01:32;37.1;1.63;290.4;370.7654778156443;282.18;Module 1,11_4;412.15;60,47;37,05;1,70;62,86;-2,38
18,11.2019 12:03:42;36.1;2.08;290.4;440.1644444413575;282.27;Module 1,11_4;488.95;75,09;37,09;2,06;76,34;-1,25
18,11.2019 12:05:39;36.2;2.08;290.4;477.333105515618;282.54;Module 1,11_4;529.91;75,30;37,09;2,25;83,50;-8,21
18,11.2019 12:07:34;36;0.54;290.4;111.1323759910405;282.43;Module 1,11_4;123.3;19,44;34,05;0,36;12,28;7,16
18,11.2019 12:09:27;36.9;2.33;290.4;517.1370115129586;282.31;Module 1,11_4;573.43;85,98;37,06;2,46;91,13;-5,15
18,11.2019 12:11:20;36.9;1.29;290.4;358.0369838551449;282.14;Module 1,11_4;396.79;47,60;37,03;1,63;60,37;-12,77
18,11.2019 12:13:14;38;1.35;290.4;281.67367810512116;282.23;Module 1,11_4;311.99;51,30;36,83;1,23;45,41;5,89
18,11.2019 12:15:08;37.5;0.78;290.4;181.1143236639611;282.07;Module 1,11_4;200.5;29,25;36,03;0,71;25,69;3,56
18,11.2019 12:17:02;38;1.33;291.9;300.771059750452;282.02;Module 1,11_4;332.79;50,54;36,63;1,33;48,88;1,66
18,11.2019 12:18:59;37.5;0.86;291.9;210.9458805463578;281.9;Module 1,11_4;233.28;32,25;36,11;0,87;31,37;0,88
18,11.2019 12:20:55;38.2;2.15;291.9;530.3736437001705;282.29;Module 1,11_4;586.23;82,13;36,79;2,53;93,07;-10,94
18,11.2019 12:23:03;35.5;0.68;291.9;154.37505187681307;282.46;Module 1,11_4;170.54;24,14;35,31;0,58;20,43;3,71
18,11.2019 12:24:56;38.2;1.87;291.9;396.44315299183415;282.48;Module 1,11_4;437.75;71,43;36,82;1,83;67,46;3,98
18,11.2019 12:26:50;36.3;1.05;291.9;228.11798950898088;282.79;Module 1,11_4;251.77;38,12;36,26;0,96;34,71;3,40
18,11.2019 12:28:44;37.6;1.13;291.9;223.57982314573667;282.86;Module 1,11_4;246.65;42,49;36,22;0,93;33,83;8,66
18,11.2019 12:30:36;37.4;1.96;291.9;359.83222881919704;282.75;Module 1,11_4;396.79;73,30;36,77;1,64;60,37;12,93
18,11.2019 12:32:29;36.8;1.69;291.9;371.5982258827388;282.77;Module 1,11_4;409.59;62,19;36,80;1,70;62,65;-0,46
18,11.2019 12:34:22;37.7;1.24;291.9;576.2215745421832;282.96;Module 1,11_4;634.87;46,75;36,74;2,77;101,71;-54,96
18,11.2019 12:36:15;35.3;0.91;292.5;191.0772477059313;283.22;Module 1,11_4;210.44;32,12;35,80;0,77;27,46;4,67
18,11.2019 12:38:41;37.1;1.5;292.5;406.97703391898233;282.87;Module 1,11_4;447.99;55,65;36,72;1,89;69,32;-13,67
18,11.2019 12:40:34;35.8;0.62;291.9;135.49277883917608;282.72;Module 1,11_4;149.09;22,20;34,84;0,48;16,82;5,37
18,11.2019 12:42:26;36.7;1.9;291.9;435.2116952411177;282.44;Module 1,11_4;478.71;69,73;36,84;2,03;74,92;-5,19
18,11.2019 12:44:19;36.4;0.78;291.9;175.22653635761188;282.15;Module 1,11_4;192.67;28,39;35,69;0,68;24,44;3,95
18,11.2019 12:46:17;38.3;1.47;291.9;386.6196726565203;282.27;Module 1,11_4;424.95;56,30;36,81;1,78;65,56;-9,26
18,11.2019 12:48:10;36.7;1.22;291.9;292.6014793691678;282.32;Module 1,11_4;321.5;44,77;36,61;1,29;47,29;-2,52
18,11.2019 12:50:03;36.6;1.27;291.9;550.0292374142102;282.3;Module 1,11_4;604.15;46,48;36,77;2,63;96,78;-50,30
18,11.2019 12:51:55;37.4;2.74;291.9;612.0989835144151;282.75;Module 1,11_4;672.11;102,48;36,69;2,96;108,41;-5,94
18,11.2019 12:54:22;36.7;2.62;292.5;583.0863717379012;283.77;Module 1,11_4;639.99;96,15;36,63;2,80;102,73;-6,58
18,11.2019 12:56:15;36.2;2.61;292.5;559.9337008950271;283.95;Module 1,11_4;614.39;94,48;36,66;2,68;98,40;-3,92
18,11.2019 12:58:08;36.7;2.7;294;597.4406809373552;284.15;Module 1,11_4;655.35;99,09;36,35;2,88;104,74;-5,65
18,11.2019 13:00:01;36.6;2.71;294;599.5098498946969;284.42;Module 1,11_4;657.43;99,19;36,34;2,89;105,12;-5,93
18,11.2019 13:01:58;36.4;2.71;294;602.1556344029814;284.57;Module 1,11_4;660.14;98,64;36,34;2,91;105,61;-6,96
18,11.2019 13:03:53;36.2;2.82;294;616.4735681043404;284.82;Module 1,11_4;675.65;102,08;36,32;2,98;108,25;-6,17
18,11.2019 13:05:46;35.4;2.77;294;609.489719416737;284.78;Module 1,11_4;667.82;98,06;36,33;2,94;106,96;-8,90
18,11.2019 13:07:39;36.3;2.71;296;588.9134705507856;285.15;Module 1,11_4;645.11;98,37;36,02;2,84;102,27;-3,90
18,11.2019 13:10:01;36.2;2.87;296;622.5814728159011;285.56;Module 1,11_4;681.78;103,89;35,97;3,01;108,43;-4,53
18,11.2019 13:11:55;36;2.29;296;413.86565683363324;285.75;Module 1,11_4;453.11;82,44;36,12;1,93;69,64;12,80
18,11.2019 13:13:49;35.1;0.9;296;190.02879090265037;285.88;Module 1,11_4;208;31,59;35,17;0,77;26,95;4,64
18,11.2019 13:15:42;35.6;2.89;296;617.7667204074222;285.53;Module 1,11_4;676.04;102,88;35,98;2,99;107,55;-4,66
18,11.2019 13:17:34;35.4;0.56;298;123.93777300198224;285.12;Module 1,11_4;135.6;19,82;33,42;0,43;14,46;5,36
18,11.2019 13:19:31;36.4;2.84;298;622.7828312498277;284.58;Module 1,11_4;681.24;103,38;35,63;3,02;107,51;-4,13
18,11.2019 13:21:27;36.8;2.91;296;636.1220646428955;284.75;Module 1,11_4;695.69;107,09;35,95;3,08;110,89;-3,80
18,11.2019 13:23:20;35.4;0.6;296;133.03954320554016;284.6;Module 1,11_4;145.47;21,24;34,07;0,48;16,21;5,03
18,11.2019 13:25:23;35.3;0.59;296;133.94410053050478;283.89;Module 1,11_4;146.43;20,83;34,10;0,48;16,38;4,45
18,11.2019 13:27:16;36.1;1.63;296;291.4568341523421;283.33;Module 1,11_4;318.57;58,84;35,89;1,29;46,34;12,50
18,11.2019 13:29:08;36.2;0.95;296;201.8858757131867;282.96;Module 1,11_4;220.63;34,39;35,30;0,83;29,21;5,18
18,11.2019 13:31:01;37.6;3.28;294;705.6016497981607;283;Module 1,11_4;770.99;123,33;36,16;3,44;124,52;-1,19
18,11.2019 13:32:56;36;3.37;294;727.212367762558;283.54;Module 1,11_4;794.48;121,32;36,11;3,56;128,41;-7,09
18,11.2019 13:34:48;36.5;3.29;294;709.1543169257315;284.53;Module 1,11_4;774.64;120,09;36,15;3,46;125,16;-5,07
18,11.2019 13:36:42;34.7;0.72;294.5;154.76227925900386;284.91;Module 1,11_4;169.03;24,98;34,88;0,58;20,36;4,63
18,11.2019 13:38:36;35.2;0.64;294.5;138.84932471618703;284.53;Module 1,11_4;151.63;22,53;34,49;0,50;17,35;5,17
18,11.2019 13:40:50;37.1;2.93;294.5;631.0904317836153;284.42;Module 1,11_4;689.08;108,70;36,21;3,06;110,70;-1,99
18,11.2019 13:42:43;36.8;0.56;294.5;126.34619652777933;284.42;Module 1,11_4;137.94;20,61;34,09;0,44;15,02;5,59
18,11.2019 13:44:35;35.7;0.66;294.5;149.46246937359072;283.92;Module 1,11_4;163.16;23,56;34,76;0,56;19,35;4,21
18,11.2019 13:46:28;37.6;2.76;294;626.6129397460377;283.8;Module 1,11_4;683.97;103,78;36,30;3,03;110,12;-6,34
18,11.2019 13:48:30;37;3.11;294;675.1358537470591;284.17;Module 1,11_4;736.86;115,07;36,22;3,29;118,99;-3,92
18,11.2019 13:50:22;36.8;1.1;294;224.78047058621624;284.73;Module 1,11_4;245.31;40,48;35,87;0,94;33,82;6,66
18,11.2019 13:52:15;35.2;0.94;294;167.60672383619897;284.52;Module 1,11_4;182.9;33,09;35,20;0,65;22,83;10,26
18,11.2019 13:54:08;35.8;0.78;294;163.30233684656747;284.14;Module 1,11_4;178.19;27,92;35,13;0,63;22,01;5,91
18,11.2019 13:56:20;36;0.7;294;157.15563041424193;283.87;Module 1,11_4;171.47;25,20;35,01;0,60;20,84;4,36
18,11.2019 13:58:14;35.7;0.6;294;128.61341428352344;283.47;Module 1,11_4;140.32;21,42;34,26;0,45;15,45;5,97
18,11.2019 14:00:07;35.6;0.64;292.5;134.12868188439234;283;Module 1,11_4;146.33;22,78;34,70;0,48;16,54;6,24
18,11.2019 14:02:00;34.9;0.55;292.5;115.2787695277872;282.58;Module 1,11_4;125.76;19,20;33,95;0,38;13,01;6,18
18,11.2019 14:03:54;34.7;0.53;292.5;110.55278199187828;282.21;Module 1,11_4;120.6;18,39;33,70;0,36;12,14;6,25
18,11.2019 14:05:52;35.7;0.61;290.4;130.66880729021491;281.95;Module 1,11_4;142.54;21,78;34,93;0,46;15,96;5,82
18,11.2019 14:07:45;35.6;0.57;290.4;119.46903223104323;281.78;Module 1,11_4;130.32;20,29;34,49;0,40;13,84;6,45
18,11.2019 14:09:38;35;0.45;289.9;94.4251101519102;281.66;Module 1,11_4;103;15,75;32,73;0,28;9,23;6,52
18,11.2019 14:11:31;34.7;0.47;289.9;95.70919512959397;281.56;Module 1,11_4;104.4;16,31;32,88;0,29;9,46;6,85
18,11.2019 14:13:23;34.7;0.47;289.9;91.24455391470764;281.49;Module 1,11_4;99.53;16,31;32,32;0,27;8,66;7,65
18,11.2019 14:15:17;34.5;0.39;288.4;75.7966534858534;281.42;Module 1,11_4;82.68;13,46;28,90;0,21;6,05;7,40
18,11.2019 14:17:10;34.4;0.43;288.4;84.66032738977299;281.32;Module 1,11_4;92.35;14,79;31,31;0,24;7,51;7,28
18,11.2019 14:19:03;34.7;0.55;287.9;106.02701757872387;281.34;Module 1,11_4;115.66;19,09;34,10;0,33;11,36;7,72
18,11.2019 14:20:56;34.9;0.53;287.9;104.11716900559065;281.35;Module 1,11_4;113.58;18,50;33,95;0,32;11,01;7,49
18,11.2019 14:22:49;35.6;0.7;287.9;138.39609407995903;281.37;Module 1,11_4;150.98;24,92;35,59;0,49;17,53;7,39
18,11.2019 14:24:54;35.5;0.65;287.9;128.56321036064804;281.46;Module 1,11_4;140.26;23,07;35,27;0,44;15,63;7,44
18,11.2019 14:26:47;35.1;0.5;287.9;99.18074819750129;281.51;Module 1,11_4;108.21;17,55;33,52;0,30;10,10;7,45
18,11.2019 14:28:39;34.7;0.58;287.9;111.1351984140934;281.57;Module 1,11_4;121.26;20,13;34,45;0,36;12,32;7,81
18,11.2019 14:30:40;34.7;0.49;287.9;97.12395029513118;281.63;Module 1,11_4;105.98;17,00;33,30;0,29;9,72;7,28
18,11.2019 14:32:33;34.5;0.36;287.9;72.18222638942873;281.64;Module 1,11_4;78.77;12,42;27,66;0,20;5,49;6,93
18,11.2019 14:34:26;34.3;0.46;287.9;88.71522421918603;281.6;Module 1,11_4;96.82;15,78;32,14;0,26;8,22;7,56
18,11.2019 14:36:20;34.5;0.48;287.9;94.4516414548338;281.57;Module 1,11_4;103.09;16,56;32,98;0,28;9,24;7,32
18,11.2019 14:38:13;34.5;0.42;287.9;81.65328980111181;281.6;Module 1,11_4;89.13;14,49;30,63;0,23;7,00;7,49
18,11.2019 14:40:10;34.3;0.38;287.9;75.78171779082804;281.58;Module 1,11_4;82.73;13,03;28,90;0,21;6,05;6,99
18,11.2019 14:42:03;34.1;0.38;287.9;73.57477252683464;281.56;Module 1,11_4;80.33;12,96;28,16;0,20;5,70;7,26
18,11.2019 14:43:55;34.1;0.38;287.9;75.11343562427689;281.6;Module 1,11_4;82.02;12,96;28,68;0,21;5,94;7,02
18,11.2019 14:46:01;34.1;0.43;287.9;83.1418250241403;281.59;Module 1,11_4;90.8;14,66;31,00;0,23;7,25;7,41
18,11.2019 14:47:54;34.2;0.36;287.9;67.90482302860907;281.53;Module 1,11_4;74.17;12,31;26,10;0,19;4,86;7,45
18,11.2019 14:49:57;33.9;0.29;287.9;57.82455005828686;281.52;Module 1,11_4;63.17;9,83;22,27;0,16;3,52;6,31
18,11.2019 14:51:50;34;0.4;287.9;75.48853065733728;281.53;Module 1,11_4;82.48;13,60;28,80;0,21;6,00;7,60
18,11.2019 14:53:47;34.3;0.41;287.9;77.55263359965085;281.49;Module 1,11_4;84.75;14,06;29,47;0,21;6,33;7,73
18,11.2019 14:55:40;34.5;0.42;287.9;81.60114040989376;281.46;Module 1,11_4;89.19;14,49;30,62;0,23;6,99;7,50
18,11.2019 14:57:33;34.7;0.4;287.9;77.34157756158433;281.47;Module 1,11_4;84.55;13,88;29,40;0,21;6,29;7,59
18,11.2019 14:59:26;34.6;0.33;287.9;67.23885908451504;281.47;Module 1,11_4;73.52;11,42;25,86;0,18;4,76;6,65
18,11.2019 15:01:19;34.5;0.37;287.9;73.46121408286591;281.45;Module 1,11_4;80.34;12,77;28,12;0,20;5,68;7,08
18,11.2019 15:03:20;34.7;0.45;287.9;88.2539691201689;281.46;Module 1,11_4;96.54;15,62;32,06;0,25;8,14;7,48
18,11.2019 15:05:12;35;0.63;287.9;127.27913153651473;281.5;Module 1,11_4;139.26;22,05;35,22;0,44;15,39;6,66
18,11.2019 15:07:20;36.6;0.85;287.9;179.41006703252816;281.65;Module 1,11_4;196.35;31,11;36,44;0,70;25,55;5,56
18,11.2019 15:09:14;37.6;0.9;287.9;191.46064477097292;282.08;Module 1,11_4;209.59;33,84;36,59;0,76;27,92;5,92
18,11.2019 15:11:42;37.1;0.98;288.4;206.87519469419652;282.8;Module 1,11_4;226.54;36,36;36,68;0,84;30,92;5,43
18,11.2019 15:13:35;35.7;0.7;288.4;146.88465136450674;282.81;Module 1,11_4;160.89;24,99;35,73;0,54;19,15;5,84
18,11.2019 15:15:29;38.2;2.35;289.9;563.0870861549257;282.99;Module 1,11_4;616.95;89,77;37,10;2,70;100,07;-10,30
18,11.2019 15:17:24;38.1;2.72;289.9;616.5906340941606;283.72;Module 1,11_4;675.77;103,63;37,02;2,98;110,17;-6,54
18,11.2019 15:19:17;37.7;2.2;290.4;569.7584240902642;284.75;Module 1,11_4;624.63;82,94;37,01;2,73;101,13;-18,19
18,11.2019 15:21:10;36;1.48;290.4;239.38416905901494;285.15;Module 1,11_4;262.52;53,28;36,60;1,01;37,10;16,18
18,11.2019 15:23:19;36.4;0.93;290.4;220.86479028369493;285.16;Module 1,11_4;242.3;33,85;36,46;0,92;33,47;0,38
18,11.2019 15:25:15;36.2;1.64;291.9;361.563347343409;284.75;Module 1,11_4;396.79;59,37;36,78;1,65;60,70;-1,34
18,11.2019 15:27:09;36;1.47;291.9;200.70813197897792;284.57;Module 1,11_4;220.34;52,92;36,01;0,82;29,38;23,54
18,11.2019 15:29:01;34.6;0.48;292.5;96.9310092880803;284.33;Module 1,11_4;106.45;16,61;32,66;0,30;9,66;6,94
18,11.2019 15:30:59;34.3;0.35;292.5;75.293779606048;283.94;Module 1,11_4;82.72;12,00;28,63;0,21;5,99;6,02
18,11.2019 15:32:52;34.2;0.28;292.5;59.878862125538554;283.58;Module 1,11_4;65.81;9,58;23,09;0,16;3,79;5,78
18,11.2019 15:34:50;34.3;0.29;291.9;60.89084047930334;283.27;Module 1,11_4;66.95;9,95;23,48;0,17;3,92;6,03
18,11.2019 15:36:42;34.7;0.34;291.9;71.94830777967682;282.89;Module 1,11_4;79.14;11,80;27,55;0,20;5,47;6,33
18,11.2019 15:38:38;34.9;0.45;290.4;93.25397061486755;282.68;Module 1,11_4;102.62;15,71;32,52;0,28;9,02;6,69
18,11.2019 15:40:31;35.1;0.42;290.4;92.76801615306138;282.46;Module 1,11_4;102.13;14,74;32,46;0,28;8,93;5,81
18,11.2019 15:42:24;35.6;0.44;289.9;96.47576561166085;282.31;Module 1,11_4;106.26;15,66;32,97;0,29;9,60;6,07
18,11.2019 15:44:17;36;0.95;289.9;170.16492934509108;282.14;Module 1,11_4;187.51;34,20;35,95;0,66;23,60;10,60
18,11.2019 15:46:10;39.2;2.28;289.9;534.0683099632643;282.31;Module 1,11_4;588.79;89,38;37,13;2,55;94,55;-5,17
18,11.2019 15:48:02;38.4;2.35;290.4;540.76811951368;283.08;Module 1,11_4;596.47;90,24;37,04;2,58;95,63;-5,39
18,11.2019 15:49:58;38;1.02;290.4;268.4068650409265;284;Module 1,11_4;296.21;38,76;36,77;1,16;42,80;-4,04
18,11.2019 15:51:55;35.3;0.63;290.4;128.4379623111414;283.98;Module 1,11_4;141.82;22,24;34,85;0,45;15,53;6,70
18,11.2019 15:53:48;36.2;0.54;290.4;118.16685446470113;283.77;Module 1,11_4;130.55;19,55;34,43;0,39;13,59;5,95
18,11.2019 15:55:45;37.1;0.79;290.4;241.65981767136094;283.75;Module 1,11_4;267.14;29,31;36,62;1,03;37,55;-8,24
18,11.2019 15:57:38;37.7;2.14;290.4;483.71698200630635;283.81;Module 1,11_4;535.03;80,68;37,09;2,28;84,73;-4,05
18,11.2019 15:59:32;38;2.1;290.4;492.67707831177427;284.28;Module 1,11_4;545.27;79,80;37,08;2,33;86,45;-6,65
18,11.2019 16:01:25;37.7;1.99;290.4;478.50300882932237;284.82;Module 1,11_4;529.91;75,02;37,09;2,26;83,73;-8,70
18,11.2019 16:03:18;37.4;1.63;292.5;293.76302280540756;285.1;Module 1,11_4;325.53;60,96;36,51;1,30;47,41;13,55
18,11.2019 16:05:14;36.7;0.53;292.5;108.02743026421597;285.28;Module 1,11_4;119.79;19,45;33,54;0,35;11,67;7,78
18,11.2019 16:07:07;34.9;0.57;292.5;114.07346442653851;284.94;Module 1,11_4;126.58;19,89;33,89;0,38;12,79;7,10
18,11.2019 16:09:36;35.4;0.57;292.5;116.2369857557045;284.34;Module 1,11_4;129.1;20,18;34,00;0,39;13,19;6,99
18,11.2019 16:11:29;35.4;0.64;291.9;123.7281828312971;283.99;Module 1,11_4;137.52;22,66;34,42;0,42;14,60;8,05
18,11.2019 16:13:22;35.4;0.59;291.9;120.8575897581942;283.57;Module 1,11_4;134.43;20,89;34,30;0,41;14,06;6,82
18,11.2019 16:15:17;34.9;0.53;291.9;105.91328568816144;283.11;Module 1,11_4;117.9;18,50;33,49;0,34;11,30;7,20
18,11.2019 16:17:09;34.8;0.48;290.9;96.98819830275811;282.83;Module 1,11_4;108.05;16,70;32,88;0,29;9,68;7,02
18,11.2019 16:19:02;34.7;0.38;290.9;77.23993513870398;282.53;Module 1,11_4;86.12;13,19;29,27;0,21;6,29;6,90
18,11.2019 16:20:55;34.4;0.33;289.9;68.96609200454583;282.25;Module 1,11_4;76.96;11,35;26,50;0,19;5,02;6,33
18,11.2019 16:22:53;34.4;0.35;289.9;69.25243685746128;281.98;Module 1,11_4;77.35;12,04;26,60;0,19;5,06;6,98
18,11.2019 16:24:45;34.7;0.34;289.9;70.61292342688894;281.82;Module 1,11_4;78.94;11,80;27,09;0,19;5,26;6,54
18,11.2019 16:26:48;35.2;0.34;288.4;70.28232241637753;281.79;Module 1,11_4;78.65;11,97;26,98;0,19;5,21;6,76
18,11.2019 16:28:41;35.1;0.34;288.4;69.33992841045992;281.75;Module 1,11_4;77.67;11,93;26,64;0,19;5,07;6,87
18,11.2019 16:30:35;35.1;0.39;288.4;80.93610206604335;281.69;Module 1,11_4;90.75;13,69;30,42;0,23;6,89;6,80
18,11.2019 16:32:37;35.5;0.43;288.4;86.46801292392253;281.68;Module 1,11_4;97.06;15,27;31,68;0,25;7,83;7,44
18,11.2019 16:34:32;35.2;0.4;287.9;81.40913933924986;281.68;Module 1,11_4;91.48;14,08;30,57;0,23;6,96;7,12
18,11.2019 16:36:25;36;0.42;287.9;85.59593040834773;281.71;Module 1,11_4;96.29;15,12;31,55;0,24;7,67;7,45
18,11.2019 16:38:22;34.8;0.42;287.9;83.94199744084726;281.72;Module 1,11_4;94.54;14,62;31,19;0,24;7,39;7,23
18,11.2019 16:40:37;34.5;0.31;287.9;63.42258854397912;281.69;Module 1,11_4;71.53;10,70;24,41;0,17;4,24;6,46
18,11.2019 16:42:31;34.4;0.38;287.9;72.5371525299757;281.67;Module 1,11_4;81.91;13,07;27,80;0,20;5,54;7,53
18,11.2019 16:44:24;34.7;0.43;287.9;82.45823868825758;281.67;Module 1,11_4;93.23;14,92;30,84;0,23;7,14;7,78
18,11.2019 16:46:16;34.8;0.29;287.9;61.594156782323076;281.65;Module 1,11_4;69.73;10,09;23,72;0,17;4,00;6,09
18,11.2019 16:48:11;34.7;0.31;287.9;64.87097044295226;281.57;Module 1,11_4;73.54;10,76;24,96;0,18;4,43;6,32
18,11.2019 16:50:04;35;0.36;287.9;73.58110333121024;281.5;Module 1,11_4;83.53;12,60;28,16;0,20;5,70;6,90
18,11.2019 16:51:57;36.5;0.43;287.9;88.74585432540655;281.48;Module 1,11_4;100.89;15,70;32,15;0,26;8,22;7,47
18,11.2019 16:53:52;37.9;0.47;287.9;98.4661509765046;281.61;Module 1,11_4;112.11;17,81;33,45;0,30;9,97;7,84
18,11.2019 16:55:56;35.8;0.53;287.9;104.51617353354455;281.69;Module 1,11_4;119.2;18,97;33,98;0,33;11,08;7,89
18,11.2019 16:57:53;35.6;0.44;287.9;90.18837580917119;281.69;Module 1,11_4;103.03;15,66;32,38;0,26;8,48;7,19
18,11.2019 16:59:46;36;0.9;287.9;176.28461207064103;281.63;Module 1,11_4;201.72;32,40;36,39;0,69;24,93;7,47
18,11.2019 17:01:39;38.8;1.22;287.9;266.632781500601;282.08;Module 1,11_4;305.63;47,34;37,19;1,15;42,83;4,50
18,11.2019 17:03:38;38.5;1.05;288.4;292.0103419403914;282.46;Module 1,11_4;335.35;40,43;37,21;1,28;47,79;-7,36
18,11.2019 17:05:37;39.5;1.26;288.4;298.1137136587004;283.06;Module 1,11_4;343.03;49,77;37,23;1,32;48,99;0,78
18,11.2019 17:07:45;38.4;1.21;290.4;286.36095374708026;283.6;Module 1,11_4;330.23;46,46;36,84;1,26;46,33;0,13
18,11.2019 17:09:38;37.8;1.02;290.4;240.2376345974461;283.89;Module 1,11_4;277.6;38,56;36,60;1,02;37,27;1,29
18,11.2019 17:11:34;38.2;0.99;290.4;253.1579380151992;284.25;Module 1,11_4;293.16;37,82;36,69;1,09;39,81;-1,99
18,11.2019 17:13:27;38.4;0.85;290.4;235.4332811113028;284.52;Module 1,11_4;273.23;32,64;36,57;0,99;36,33;-3,69
18,11.2019 17:15:21;38.7;0.8;290.4;235.55668032995902;284.64;Module 1,11_4;274;30,96;36,57;0,99;36,35;-5,39
18,11.2019 17:17:14;39;0.68;291.9;220.6174613190248;284.75;Module 1,11_4;257.23;26,52;36,20;0,92;33,25;-6,73
18,11.2019 17:19:15;39.3;0.57;291.9;208.0941800590317;284.97;Module 1,11_4;243.27;22,40;36,09;0,85;30,81;-8,41
18,11.2019 17:21:08;39.6;0.35;291.9;136.5980501893245;284.98;Module 1,11_4;160.1;13,86;34,87;0,49;17,03;-3,17
18,11.2019 17:23:01;38.6;0.51;292.5;161.69102697166005;284.7;Module 1,11_4;190.02;19,69;35,35;0,62;21,79;-2,11
18,11.2019 17:24:54;38.6;0.28;292.5;79.2360066308742;284.44;Module 1,11_4;93.38;10,81;29,74;0,22;6,62;4,19
18,11.2019 17:26:51;38.5;0.45;291.9;185.9759892015087;284.2;Module 1,11_4;219.84;17,32;35,84;0,74;26,52;-9,20
18,11.2019 17:28:44;39.4;0.52;291.9;185.4820851310555;284.14;Module 1,11_4;219.93;20,49;35,83;0,74;26,42;-5,94
18,11.2019 17:30:38;39.7;0.42;292.5;175.90395977912138;284.14;Module 1,11_4;209.25;16,67;35,59;0,69;24,53;-7,85
18,11.2019 17:32:31;39.9;0.41;292.5;162.25980465466773;284.05;Module 1,11_4;193.67;16,36;35,37;0,62;21,90;-5,54
18,11.2019 17:34:48;39.3;0.33;292.5;159.8117253277528;283.84;Module 1,11_4;191.57;12,97;35,32;0,61;21,43;-8,46
18,11.2019 17:36:55;38.7;0.23;292.5;106.83753246463894;283.82;Module 1,11_4;128.61;8,90;33,46;0,34;11,46;-2,56
18,11.2019 17:38:47;34.2;0.18;292.5;35.82896671935079;283.53;Module 1,11_4;43.3;6,16;13,83;0,10;1,36;4,80
18,11.2019 17:40:40;31.2;0.14;289.9;21.910770639910684;282.96;Module 1,11_4;26.59;4,37;8,45;0,06;0,51;3,86
18,11.2019 17:42:35;31;0.12;289.9;21.12411208087404;282.41;Module 1,11_4;25.75;3,72;8,14;0,06;0,47;3,25
18,11.2019 17:44:28;31.2;0.12;289.9;20.650978321169937;282.01;Module 1,11_4;25.29;3,74;7,96;0,06;0,45;3,29
18,11.2019 17:46:21;32;0.1;286.4;20.274039289504927;281.61;Module 1,11_4;24.95;3,20;7,80;0,06;0,43;2,77
18,11.2019 17:48:17;32.9;0.1;286.4;24.822418587751642;281.34;Module 1,11_4;30.71;3,29;9,55;0,07;0,65;2,64
18,11.2019 17:50:17;32.8;0.09;285.9;16.60206708415413;281;Module 1,11_4;20.66;2,95;6,39;0,05;0,29;2,66
18,11.2019 17:52:11;32.3;0.09;285.9;16.264927991493543;280.78;Module 1,11_4;20.36;2,91;6,26;0,04;0,28;2,63
18,11.2019 17:54:04;32.5;0.09;285.9;16.21196080635198;280.55;Module 1,11_4;20.42;2,92;6,24;0,04;0,28;2,65
18,11.2019 17:55:58;32.3;0.09;283.4;16.506476148063992;280.35;Module 1,11_4;20.93;2,91;6,34;0,05;0,29;2,62
18,11.2019 17:57:54;32.4;0.09;283.4;16.69272233215951;280.21;Module 1,11_4;21.32;2,92;6,42;0,05;0,29;2,62
18,11.2019 17:59:47;32.4;0.1;283.4;16.68378655154071;280.08;Module 1,11_4;21.47;3,24;6,41;0,05;0,29;2,95
18,11.2019 18:01:41;32.4;0.09;283.4;17.010703685352468;279.99;Module 1,11_4;22.07;2,92;6,54;0,05;0,30;2,61
18,11.2019 18:03:35;32.4;0.1;283.4;17.358906942765593;279.88;Module 1,11_4;22.72;3,24;6,67;0,05;0,32;2,92
18,11.2019 18:06:07;32.1;0.08;283.4;12.997585362021553;279.8;Module 1,11_4;17.23;2,57;5,00;0,04;0,18;2,39
18,11.2019 18:08:00;31.7;0.07;283.4;12.154241376440039;279.75;Module 1,11_4;16.28;2,22;4,67;0,03;0,16;2,06
18,11.2019 18:09:54;31.5;0.07;282.4;11.766198244340172;279.66;Module 1,11_4;15.94;2,21;4,52;0,03;0,15;2,06
18,11.2019 18:11:48;31.5;0.07;282.4;9.478332815596776;279.58;Module 1,11_4;13;2,21;3,64;0,03;0,09;2,11
18,11.2019 18:13:55;30.8;0;281.9;8.43863689205877;279.53;Module 1,11_4;11.75;0,00;3,24;0,02;0,07;-0,07
18,11.2019 18:15:48;30.3;0;281.9;7.394762616049363;279.46;Module 1,11_4;10.45;0,00;2,84;0,02;0,06;-0,06
18,11.2019 18:17:43;29.9;0;281.9;6.075972770187732;279.39;Module 1,11_4;8.73;0,00;2,34;0,02;0,04;-0,04
18,11.2019 18:19:36;29.7;0;280.4;5.085502368217069;279.34;Module 1,11_4;7.44;0,00;1,95;0,01;0,03;-0,03
18,11.2019 18:21:29;28.8;0;280.4;4.321148000442477;279.27;Module 1,11_4;6.45;0,00;1,66;0,01;0,02;-0,02
18,11.2019 18:23:23;28.3;0;280.4;4.617177474202758;279.25;Module 1,11_4;7.05;0,00;1,77;0,01;0,02;-0,02
18,11.2019 18:25:18;33.5;0;280.4;3.650613099436158;279.21;Module 1,11_4;5.72;0,00;1,40;0,01;0,01;-0,01
18,11.2019 18:27:11;33.4;0;280.4;3.6521729508509235;279.19;Module 1,11_4;5.89;0,00;1,41;0,01;0,01;-0,01
18,11.2019 18:29:07;31.3;0;281.9;3.0325689974221164;279.14;Module 1,11_4;5.06;0,00;1,16;0,01;0,01;-0,01
18,11.2019 18:30:59;32.3;0;281.9;1.8576721151585256;279.12;Module 1,11_4;3.22;0,00;0,71;0,01;0,00;-0,00
18,11.2019 18:33:05;30.6;0;281.9;0.773201605662361;279.1;Module 1,11_4;1.41;0,00;0,30;0,00;0,00;-0,00
18,11.2019 18:34:57;25.8;0;281.9;0.34281173108331764;279.07;Module 1,11_4;0.66;0,00;0,13;0,00;0,00;-0,00
18,11.2019 18:36:54;25.8;0;281.9;0.001;278.96;Module 1,11_4;-0.01;0,00;0,00;0,00;0,00;0,00
18,11.2019 18:38:47;25.8;0;281.9;0.001;278.85;Module 1,11_4;-0.01;0,00;0,00;0,00;0,00;0,00
19,11.2019 09:56:59;30.3;0;275.8;3.871439660442599;276.95;Module 1,11_4;4.83;0,00;1,48;0,01;0,02;-0,02
19,11.2019 09:58:52;31.4;0;275.8;4.435164109714835;276.96;Module 1,11_4;5.51;0,00;1,70;0,01;0,02;-0,02
19,11.2019 10:00:58;32.1;0;275.8;4.770503792043718;276.95;Module 1,11_4;5.9;0,00;1,83;0,01;0,02;-0,02
19,11.2019 10:03:08;34;0;278.3;6.789569259975156;276.95;Module 1,11_4;8.36;0,00;2,60;0,02;0,05;-0,05
19,11.2019 10:05:09;35.6;0;278.3;9.572285358843452;276.97;Module 1,11_4;11.74;0,00;3,67;0,03;0,10;-0,10
19,11.2019 10:07:04;30.2;0.07;279.9;13.313603104901622;277.01;Module 1,11_4;16.27;2,11;5,11;0,04;0,19;1,93
19,11.2019 10:09:01;30.3;0.09;279.9;15.733626436147727;277.05;Module 1,11_4;19.16;2,73;6,04;0,04;0,26;2,47
19,11.2019 10:10:57;31.4;0.08;279.9;15.374414447424545;277.08;Module 1,11_4;18.66;2,51;5,91;0,04;0,25;2,26
19,11.2019 10:12:56;31.1;0.07;279.9;13.433037759832112;277.12;Module 1,11_4;16.25;2,18;5,16;0,04;0,19;1,99
19,11.2019 10:15:05;30.8;0;279.9;10.219370910979073;277.14;Module 1,11_4;12.32;0,00;3,92;0,03;0,11;-0,11
19,11.2019 10:17:01;29.1;0;279.9;10.457768040248057;277.17;Module 1,11_4;12.57;0,00;4,02;0,03;0,11;-0,11
19,11.2019 10:19:00;29.3;0;279.9;11.17273897115257;277.18;Module 1,11_4;13.39;0,00;4,29;0,03;0,13;-0,13
19,11.2019 10:21:18;29.4;0;279.9;11.527472113236072;277.21;Module 1,11_4;13.77;0,00;4,43;0,03;0,14;-0,14
19,11.2019 10:23:17;29.5;0.07;279.9;11.743458565017317;277.21;Module 1,11_4;13.99;2,07;4,51;0,03;0,14;1,92
19,11.2019 10:25:17;29.9;0.07;279.9;12.363636101536033;277.22;Module 1,11_4;14.69;2,09;4,75;0,03;0,16;1,93
19,11.2019 10:27:32;29.8;0.07;279.9;13.234638944308262;277.25;Module 1,11_4;15.68;2,09;5,08;0,04;0,18;1,90
19,11.2019 10:29:29;30.3;0.07;279.9;13.807766366693969;277.26;Module 1,11_4;16.32;2,12;5,30;0,04;0,20;1,92
19,11.2019 10:31:24;30.6;0.07;279.9;14.008750616275236;277.29;Module 1,11_4;16.52;2,14;5,38;0,04;0,21;1,94
19,11.2019 10:33:20;30.6;0.08;279.9;14.694235106747964;277.3;Module 1,11_4;17.29;2,45;5,64;0,04;0,23;2,22
19,11.2019 10:35:27;30.7;0.08;279.4;15.129120475863488;277.33;Module 1,11_4;17.76;2,46;5,80;0,04;0,24;2,22
19,11.2019 10:37:30;31;0.08;279.4;14.974541110071709;277.34;Module 1,11_4;17.54;2,48;5,75;0,04;0,23;2,25
19,11.2019 10:39:23;31;0.08;279.4;15.739458852397954;277.37;Module 1,11_4;18.4;2,48;6,04;0,04;0,26;2,22
19,11.2019 10:41:16;30.9;0.09;279.9;16.729172610308353;277.39;Module 1,11_4;19.52;2,78;6,42;0,05;0,29;2,49
19,11.2019 10:43:18;31.4;0.09;279.9;17.90447666783851;277.42;Module 1,11_4;20.85;2,83;6,88;0,05;0,34;2,49
19,11.2019 10:45:18;31.6;0.1;280.4;18.50616093964218;277.44;Module 1,11_4;21.51;3,16;7,11;0,05;0,36;2,80
19,11.2019 10:47:11;31.5;0.09;280.4;18.805296357735756;277.46;Module 1,11_4;21.82;2,83;7,22;0,05;0,37;2,46
19,11.2019 10:49:07;31.8;0.1;280.4;19.036240574781452;277.47;Module 1,11_4;22.05;3,18;7,31;0,05;0,38;2,80
19,11.2019 10:51:33;31.5;0.1;280.4;18.565729226689125;277.5;Module 1,11_4;21.46;3,15;7,13;0,05;0,36;2,79
19,11.2019 10:53:47;31.5;0.1;280.4;19.648978915726218;277.53;Module 1,11_4;22.67;3,15;7,55;0,05;0,40;2,75
19,11.2019 10:55:43;31.6;0.1;280.4;19.453911802442036;277.54;Module 1,11_4;22.41;3,16;7,47;0,05;0,40;2,76
19,11.2019 10:57:47;31.5;0.1;280.4;19.250634692101873;277.54;Module 1,11_4;22.14;3,15;7,39;0,05;0,39;2,76
19,11.2019 10:59:49;31.7;0.11;280.4;20.36022960390898;277.56;Module 1,11_4;23.38;3,49;7,82;0,06;0,43;3,05
19,11.2019 11:01:50;31.8;0.11;280.4;21.262679011626886;277.58;Module 1,11_4;24.38;3,50;8,16;0,06;0,47;3,02
19,11.2019 11:03:47;32.2;0.11;280.4;21.213832200638464;277.6;Module 1,11_4;24.29;3,54;8,15;0,06;0,47;3,07
19,11.2019 11:06:12;32;0.12;280.4;22.37803705980022;277.61;Module 1,11_4;25.58;3,84;8,59;0,06;0,52;3,32
19,11.2019 11:08:53;32.1;0.12;280.4;22.856568740575817;277.66;Module 1,11_4;26.08;3,85;8,78;0,06;0,55;3,30
19,11.2019 11:10:55;32.3;0.11;280.4;21.447574104419914;277.68;Module 1,11_4;24.44;3,55;8,23;0,06;0,48;3,07
19,11.2019 11:13:13;32;0.11;281.9;20.01983348924185;277.69;Module 1,11_4;22.78;3,52;7,70;0,05;0,42;3,10
19,11.2019 11:15:43;31.5;0.1;281.9;19.011792349057693;277.7;Module 1,11_4;21.6;3,15;7,30;0,05;0,38;2,77
19,11.2019 14:05:25;35.2;0.56;289.9;108.02613293113582;281.96;Module 1,11_4;117.94;19,71;33,94;0,35;11,71;8,00
19,11.2019 14:16:59;34.1;0.38;287.9;70.40096618622196;281.55;Module 1,11_4;76.86;12,96;27,02;0,19;5,22;7,74
19,11.2019 14:18:54;34.1;0.36;287.9;66.63484548787537;281.5;Module 1,11_4;72.75;12,28;25,63;0,18;4,68;7,60
19,11.2019 14:20:48;34;0.34;287.9;63.35386595031561;281.44;Module 1,11_4;69.17;11,56;24,38;0,17;4,23;7,33
19,11.2019 14:22:35;34;0.35;287.9;64.35911246384931;281.41;Module 1,11_4;70.27;11,90;24,77;0,18;4,37;7,53
19,11.2019 14:24:31;34;0.35;287.9;65.07968688425072;281.39;Module 1,11_4;71.06;11,90;25,04;0,18;4,46;7,44
19,11.2019 14:26:24;34.1;0.36;287.9;67.35661777473183;281.39;Module 1,11_4;73.55;12,28;25,90;0,18;4,78;7,50
19,11.2019 14:28:26;34.1;0.36;287.9;66.81196450987044;281.39;Module 1,11_4;72.96;12,28;25,70;0,18;4,70;7,57
19,11.2019 14:30:19;34.2;0.38;287.9;69.02334158160988;281.36;Module 1,11_4;75.38;13,00;26,52;0,19;5,02;7,98
19,11.2019 14:32:12;34.3;0.41;287.9;74.21872908851937;281.36;Module 1,11_4;81.06;14,06;28,38;0,20;5,80;8,26
19,11.2019 14:34:05;34.5;0.42;287.9;77.55419028816469;281.4;Module 1,11_4;84.71;14,49;29,47;0,21;6,33;8,16
19,11.2019 14:35:58;34.4;0.4;287.9;73.1071980788901;281.41;Module 1,11_4;79.86;13,76;27,99;0,20;5,63;8,13
19,11.2019 14:37:51;34.3;0.37;287.9;68.02888049802567;281.4;Module 1,11_4;74.32;12,69;26,15;0,19;4,88;7,81
19,11.2019 14:39:44;34.1;0.34;287.9;61.69717055727487;281.35;Module 1,11_4;67.41;11,59;23,76;0,17;4,01;7,58
19,11.2019 14:41:40;34;0.3;287.9;53.86535976906864;281.32;Module 1,11_4;58.86;10,20;20,75;0,15;3,06;7,14
19,11.2019 14:43:33;33.9;0.28;287.9;50.71097196891668;281.33;Module 1,11_4;55.42;9,49;19,53;0,14;2,71;6,78
19,11.2019 14:45:25;33.6;0.24;286.4;44.830596293757594;281.29;Module 1,11_4;49;8,06;17,26;0,12;2,12;5,95
19,11.2019 14:47:18;33.5;0.23;286.4;41.44874413070349;281.21;Module 1,11_4;45.31;7,71;15,95;0,11;1,81;5,90
19,11.2019 14:49:11;33.2;0.23;286.4;42.000491878083565;281.14;Module 1,11_4;45.92;7,64;16,17;0,11;1,86;5,78
19,11.2019 14:51:04;33.1;0.22;286.4;39.33266566437268;281.08;Module 1,11_4;43.01;7,28;15,14;0,11;1,63;5,65
19,11.2019 14:52:56;33;0.19;286.4;35.61391407158755;281.04;Module 1,11_4;38.95;6,27;13,71;0,10;1,34;4,93
19,11.2019 14:54:49;33;0.19;285.9;34.83060845714902;280.99;Module 1,11_4;38.1;6,27;13,41;0,10;1,28;4,99
19,11.2019 14:56:42;32.5;0.2;285.9;37.474848642009164;280.93;Module 1,11_4;41;6,50;14,42;0,10;1,48;5,02
19,11.2019 14:58:35;33;0.2;285.9;37.52243110544234;280.83;Module 1,11_4;41.06;6,60;14,45;0,10;1,48;5,12
19,11.2019 15:00:28;33.1;0.2;285.9;36.92094911231984;280.64;Module 1,11_4;40.41;6,62;14,21;0,10;1,43;5,19
19,11.2019 15:02:21;33.1;0.2;285.9;37.87225933952224;280.5;Module 1,11_4;41.46;6,62;14,58;0,10;1,51;5,11
19,11.2019 15:04:31;33;0.22;285.9;41.442442578503105;280.44;Module 1,11_4;45.38;7,26;15,95;0,11;1,81;5,45
19,11.2019 15:06:24;33.4;0.22;285.9;41.13150320952112;280.39;Module 1,11_4;45.05;7,35;15,83;0,11;1,78;5,57
19,11.2019 15:08:16;33.3;0.23;285.9;42.39953624193188;280.32;Module 1,11_4;46.45;7,66;16,32;0,12;1,89;5,77
19,11.2019 15:10:09;33.5;0.25;285.9;45.44593717383155;280.29;Module 1,11_4;49.8;8,38;17,49;0,12;2,17;6,20
19,11.2019 15:12:02;33.6;0.25;285.9;43.9560256040037;280.22;Module 1,11_4;48.18;8,40;16,92;0,12;2,03;6,37
19,11.2019 15:13:55;33.4;0.22;285.9;40.20449370745114;280.22;Module 1,11_4;44.08;7,35;15,48;0,11;1,70;5,65
19,11.2019 15:15:49;33.3;0.21;285.9;38.45141239383453;280.23;Module 1,11_4;42.17;6,99;14,80;0,11;1,56;5,44
19,11.2019 15:17:49;33.4;0.22;285.9;39.05009998865117;280.27;Module 1,11_4;42.84;7,35;15,03;0,11;1,60;5,74
19,11.2019 15:19:49;33.4;0.21;285.9;38.57265752747871;280.31;Module 1,11_4;42.33;7,01;14,84;0,11;1,57;5,45
19,11.2019 15:21:54;33.3;0.21;285.9;38.48618551787496;280.35;Module 1,11_4;42.25;6,99;14,81;0,11;1,56;5,43
19,11.2019 15:23:50;33.3;0.23;284.4;40.895323133833735;280.39;Module 1,11_4;44.91;7,66;15,73;0,11;1,76;5,90
19,11.2019 15:25:52;33.5;0.23;284.4;42.91916809371774;280.43;Module 1,11_4;47.15;7,71;16,51;0,12;1,94;5,77
19,11.2019 15:27:46;33.5;0.24;284.4;44.295973455716286;280.46;Module 1,11_4;48.68;8,04;17,04;0,12;2,06;5,98
19,11.2019 15:30:01;33.6;0.23;284.4;43.02126427384009;280.5;Module 1,11_4;47.3;7,73;16,55;0,12;1,95;5,78
19,11.2019 15:32:07;33.5;0.22;284.4;40.78452355323012;280.51;Module 1,11_4;44.86;7,37;15,69;0,11;1,75;5,62
19,11.2019 15:36:23;33.2;0.21;285.9;39.33914982540419;280.34;Module 1,11_4;43.31;6,97;15,14;0,11;1,63;5,34
19,11.2019 15:38:38;33.4;0.23;284.4;42.968541440118145;280.32;Module 1,11_4;47.33;7,68;16,53;0,12;1,94;5,74
19,11.2019 15:40:38;33.7;0.27;284.4;48.193138491685424;280.35;Module 1,11_4;53.11;9,10;18,54;0,13;2,44;6,66
19,11.2019 15:42:44;33.9;0.29;284.4;54.01825862249185;280.39;Module 1,11_4;59.56;9,83;20,78;0,15;3,07;6,76
19,11.2019 15:45:33;34.1;0.32;284.4;58.574472732421825;280.46;Module 1,11_4;64.63;10,91;22,53;0,16;3,61;7,31
19,11.2019 15:47:53;34.1;0.32;285.9;58.76458345215067;280.51;Module 1,11_4;64.88;10,91;22,62;0,16;3,63;7,28
19,11.2019 15:50:36;34.1;0.3;285.9;54.330812463154686;280.53;Module 1,11_4;60.03;10,23;20,91;0,15;3,11;7,12
19,11.2019 15:52:35;33.9;0.26;285.9;49.39716158724706;280.51;Module 1,11_4;54.61;8,81;19,02;0,14;2,57;6,25
19,11.2019 15:55:21;33.8;0.28;285.9;51.68806515660177;280.47;Module 1,11_4;57.19;9,46;19,89;0,14;2,81;6,65
19,11.2019 15:58:18;34.1;0.3;285.9;55.37854010492998;280.5;Module 1,11_4;61.33;10,23;21,31;0,15;3,23;7,00
19,11.2019 16:00:20;34.1;0.31;285.9;55.79298531317079;280.54;Module 1,11_4;61.83;10,57;21,48;0,15;3,28;7,30
19,11.2019 16:02:18;34;0.29;285.4;52.23914007864503;280.59;Module 1,11_4;57.93;9,86;20,10;0,14;2,87;6,99
19,11.2019 16:04:18;33.9;0.27;285.4;49.59851568639546;280.62;Module 1,11_4;55.04;9,15;19,09;0,14;2,59;6,57
19,11.2019 16:06:43;33.7;0.23;285.9;42.118418666540734;280.67;Module 1,11_4;46.78;7,75;16,21;0,12;1,87;5,88
19,11.2019 16:09:06;33.7;0.25;285.9;45.238228672419744;280.7;Module 1,11_4;50.29;8,43;17,41;0,12;2,15;6,27
19,11.2019 16:12:00;33.7;0.25;285.9;45.44753035739857;280.66;Module 1,11_4;50.58;8,43;17,49;0,12;2,17;6,25
19,11.2019 16:13:54;33.6;0.24;285.9;45.071270140723925;280.68;Module 1,11_4;50.2;8,06;17,35;0,12;2,14;5,93
19,11.2019 16:15:53;33.8;0.27;285.9;49.69864975550353;280.74;Module 1,11_4;55.4;9,13;19,13;0,14;2,60;6,53
19,11.2019 16:17:48;33.9;0.29;285.9;53.108356816543306;280.79;Module 1,11_4;59.25;9,83;20,44;0,15;2,97;6,86
19,11.2019 16:19:57;34;0.29;285.9;52.099129441526436;280.83;Module 1,11_4;58.18;9,86;20,05;0,14;2,86;7,00
19,11.2019 16:22:26;33.8;0.24;285.9;44.97290077648372;280.83;Module 1,11_4;50.28;8,11;17,31;0,12;2,13;5,98
19,11.2019 16:24:38;33.7;0.22;285.9;40.25215427782298;280.7;Module 1,11_4;45.05;7,41;15,49;0,11;1,70;5,71
19,11.2019 16:26:39;33.5;0.19;285.9;35.373710417971246;280.63;Module 1,11_4;39.63;6,37;13,62;0,10;1,32;5,05
19,11.2019 16:28:47;33.4;0.16;285.9;29.664022659351502;280.6;Module 1,11_4;33.27;5,34;11,41;0,08;0,93;4,42
19,11.2019 16:30:47;32.5;0.16;285.9;28.41206892255161;280.58;Module 1,11_4;31.9;5,20;10,94;0,08;0,85;4,35
19,11.2019 16:32:31;32.4;0.15;285.9;27.406087873090147;280.56;Module 1,11_4;30.8;4,86;10,55;0,07;0,79;4,07
19,11.2019 16:34:32;32.3;0.14;285.9;25.499257027042134;280.51;Module 1,11_4;28.69;4,52;9,81;0,07;0,68;3,84
19,11.2019 16:37:12;32.1;0.12;285.9;22.20226080549765;280.39;Module 1,11_4;25.02;3,85;8,55;0,06;0,52;3,33
19,11.2019 16:39:26;31.8;0.12;283.4;20.930988468264964;280.34;Module 1,11_4;23.62;3,82;8,05;0,06;0,46;3,36
19,11.2019 16:41:22;31.6;0.11;283.4;20.435973090578976;280.33;Module 1,11_4;23.09;3,48;7,86;0,06;0,44;3,04
19,11.2019 16:43:21;31.5;0.1;283.4;17.9165176184875;280.32;Module 1,11_4;20.27;3,15;6,89;0,05;0,34;2,81
19,11.2019 16:45:14;31.2;0.1;283.4;17.522614728949033;280.3;Module 1,11_4;19.85;3,12;6,73;0,05;0,32;2,80
19,11.2019 16:47:07;31.2;0.09;283.4;17.031975856179653;280.28;Module 1,11_4;19.32;2,81;6,55;0,05;0,30;2,50
19,11.2019 16:49:00;30.9;0.09;283.4;15.177310406513932;280.27;Module 1,11_4;17.24;2,78;5,84;0,04;0,24;2,54
19,11.2019 16:51:52;30.2;0.07;283.4;12.658073072848289;280.21;Module 1,11_4;14.41;2,11;4,87;0,03;0,17;1,95
19,11.2019 16:54:06;29.9;0.07;283.4;11.311356794032191;280.2;Module 1,11_4;12.9;2,09;4,35;0,03;0,13;1,96
19,11.2019 16:56:08;29.3;0.07;283.4;10.99454245307067;280.15;Module 1,11_4;12.56;2,05;4,23;0,03;0,13;1,92
19,11.2019 16:58:04;29.3;0.07;282.4;11.054784594285948;280.14;Module 1,11_4;12.65;2,05;4,25;0,03;0,13;1,92
19,11.2019 17:00:11;29.5;0.07;282.4;11.094784516880395;280.08;Module 1,11_4;12.72;2,07;4,27;0,03;0,13;1,94
19,11.2019 17:04:22;29.3;0.07;282.4;11.858370054209889;280.04;Module 1,11_4;13.65;2,05;4,55;0,03;0,15;1,90
19,11.2019 17:06:45;29.6;0.07;282.4;13.112163214073714;279.98;Module 1,11_4;15.13;2,07;5,04;0,04;0,18;1,89
19,11.2019 17:08:42;30.5;0.08;282.4;14.338931239596867;279.96;Module 1,11_4;16.58;2,44;5,51;0,04;0,22;2,22
19,11.2019 17:10:43;30.4;0.09;282.4;15.808299621305316;279.96;Module 1,11_4;18.32;2,74;6,08;0,04;0,26;2,47
19,11.2019 17:12:39;31;0.08;282.4;14.817308373776827;279.96;Module 1,11_4;17.21;2,48;5,70;0,04;0,23;2,25
19,11.2019 17:17:03;30.8;0.09;282.4;15.41334326933242;279.98;Module 1,11_4;18;2,77;5,92;0,04;0,25;2,52
19,11.2019 17:19:10;31;0.1;282.4;17.462149505166984;279.98;Module 1,11_4;20.45;3,10;6,71;0,05;0,32;2,78
19,11.2019 17:21:54;31.4;0.1;282.4;18.654362281768556;279.97;Module 1,11_4;21.93;3,14;7,17;0,05;0,37;2,77
19,11.2019 17:23:55;31.3;0.1;282.4;18.022137500254356;279.96;Module 1,11_4;21.25;3,13;6,93;0,05;0,34;2,79
19,11.2019 17:26:42;31.2;0.1;282.4;17.53860103313144;279.92;Module 1,11_4;20.77;3,12;6,74;0,05;0,32;2,80
19,11.2019 17:28:53;31.2;0.1;282.4;16.650709472491286;279.92;Module 1,11_4;19.79;3,12;6,40;0,05;0,29;2,83
19,11.2019 17:32:43;30.9;0.09;282.4;15.475962069139898;279.85;Module 1,11_4;18.52;2,78;5,95;0,04;0,25;2,53
19,11.2019 17:34:32;31;0.09;282.4;15.988482072185992;279.83;Module 1,11_4;19.2;2,79;6,15;0,04;0,27;2,52
19,11.2019 17:37:26;30.8;0.07;282.4;12.806561214594472;279.8;Module 1,11_4;15.47;2,16;4,92;0,03;0,17;1,98
19,11.2019 17:39:31;30.7;0;282.4;10.32584496147772;279.78;Module 1,11_4;12.53;0,00;3,97;0,03;0,11;-0,11
19,11.2019 17:42:06;29.5;0;282.4;9.436824086316872;279.75;Module 1,11_4;11.52;0,00;3,63;0,03;0,09;-0,09
19,11.2019 17:44:44;28.7;0;281.9;8.243823712224064;279.69;Module 1,11_4;10.13;0,00;3,16;0,02;0,07;-0,07
19,11.2019 17:47:24;28.3;0;281.9;7.659575903134619;279.67;Module 1,11_4;9.48;0,00;2,95;0,02;0,06;-0,06
19,11.2019 17:49:30;28.3;0;280.9;7.805849376672898;279.67;Module 1,11_4;9.72;0,00;3,00;0,02;0,06;-0,06
19,11.2019 17:52:22;27.6;0;280.9;7.234664618900502;279.65;Module 1,11_4;9.09;0,00;2,78;0,02;0,05;-0,05
19,11.2019 17:54:28;27.5;0;280.4;5.9030941631465765;279.64;Module 1,11_4;7.47;0,00;2,27;0,02;0,04;-0,04
19,11.2019 17:56:51;26.9;0;280.4;5.695147258519821;279.64;Module 1,11_4;7.27;0,00;2,19;0,02;0,03;-0,03
19,11.2019 17:59:10;26.6;0;280.4;4.517478999137538;279.62;Module 1,11_4;5.82;0,00;1,73;0,01;0,02;-0,02
19,11.2019 18:01:20;32.5;0;280.4;3.9602732982199456;279.63;Module 1,11_4;5.15;0,00;1,52;0,01;0,02;-0,02
19,11.2019 18:04:23;29.1;0;281.9;3.5773030069162943;279.6;Module 1,11_4;4.72;0,00;1,38;0,01;0,01;-0,01
19,11.2019 18:06:45;30.6;0;281.9;2.7767742045174844;279.6;Module 1,11_4;3.71;0,00;1,07;0,01;0,01;-0,01
19,11.2019 18:09:18;29;0;281.9;2.610135982480666;279.59;Module 1,11_4;3.54;0,00;1,00;0,01;0,01;-0,01
19,11.2019 18:12:10;26.7;0;281.9;3.190435534577385;279.59;Module 1,11_4;4.41;0,00;1,23;0,01;0,01;-0,01
19,11.2019 18:15:37;29.8;0;281.9;2.6207206482615555;279.61;Module 1,11_4;3.72;0,00;1,01;0,01;0,01;-0,01
19,11.2019 18:18:31;27;0;280.4;1.7018897746054895;279.62;Module 1,11_4;2.48;0,00;0,66;0,00;0,00;-0,00
19,11.2019 18:20:50;22;0;280.4;1.185613936634081;279.63;Module 1,11_4;1.77;0,00;0,45;0,00;0,00;-0,00
19,11.2019 18:22:56;22;0;280.4;0.9864899320707932;279.62;Module 1,11_4;1.51;0,00;0,38;0,00;0,00;-0,00
20,11.2019 12:51:56;35.7;0.49;286.4;100.2694785493479;279.21;Module 1,11_4;110.3;17,49;33,83;0,30;10,31;7,18
20,11.2019 12:55:29;35.6;0.47;286.4;96.57346212083303;279.23;Module 1,11_4;106.17;16,73;33,44;0,29;9,63;7,10
20,11.2019 12:57:22;35.6;0.48;285.9;99.49667031086375;279.26;Module 1,11_4;109.35;17,09;33,82;0,30;10,17;6,92
20,11.2019 12:59:15;35.8;0.56;285.9;112.67831775931252;279.23;Module 1,11_4;123.8;20,05;34,85;0,36;12,64;7,41
20,11.2019 13:01:08;35.9;0.58;285.9;118.36481916582191;279.25;Module 1,11_4;130.01;20,82;35,16;0,39;13,73;7,10
20,11.2019 13:03:01;36;0.55;285.9;111.50430577378894;279.33;Module 1,11_4;122.44;19,80;34,77;0,36;12,42;7,38
20,11.2019 13:04:53;35.8;0.6;285.9;122.08312604377565;279.39;Module 1,11_4;134.02;21,48;35,34;0,41;14,44;7,04
20,11.2019 13:06:46;36.1;0.71;285.9;143.4916273153233;279.38;Module 1,11_4;157.48;25,63;36,07;0,52;18,60;7,03
20,11.2019 13:08:39;36.2;0.76;285.9;151.67646147115244;279.43;Module 1,11_4;166.42;27,51;36,27;0,56;20,20;7,31
20,11.2019 13:10:32;36.2;0.72;286.4;141.02981177664043;279.42;Module 1,11_4;154.7;26,06;35,92;0,50;18,10;7,97
20,11.2019 13:12:25;35.9;0.56;286.4;108.29170843078799;279.45;Module 1,11_4;118.76;20,10;34,49;0,34;11,80;8,30
20,11.2019 13:14:17;35.5;0.48;286.4;97.08003050383252;279.53;Module 1,11_4;106.44;17,04;33,49;0,29;9,72;7,32
20,11.2019 13:16:10;35.1;0.53;286.4;104.8378518697157;279.52;Module 1,11_4;114.92;18,60;34,23;0,33;11,16;7,45
20,11.2019 13:18:04;35.5;0.58;286.4;115.89247706080636;279.55;Module 1,11_4;127.01;20,59;34,95;0,38;13,24;7,35
20,11.2019 13:19:57;35.8;0.61;286.4;118.62724259815582;279.59;Module 1,11_4;129.98;21,84;35,09;0,39;13,77;8,07
20,11.2019 13:21:50;35.8;0.58;286.4;112.772365020893;279.53;Module 1,11_4;123.54;20,76;34,77;0,36;12,65;8,11
20,11.2019 13:24:01;35.6;0.56;286.4;109.11795330004426;279.54;Module 1,11_4;119.51;19,94;34,55;0,35;11,96;7,98
20,11.2019 13:25:54;35.6;0.56;286.4;109.48506731076947;279.64;Module 1,11_4;119.89;19,94;34,57;0,35;12,03;7,91
20,11.2019 13:27:46;35.5;0.55;286.4;108.2803072027758;279.74;Module 1,11_4;118.55;19,53;34,48;0,34;11,80;7,72
20,11.2019 13:29:39;35.4;0.53;286.4;103.69443286969548;279.82;Module 1,11_4;113.51;18,76;34,14;0,32;10,94;7,82
20,11.2019 13:31:32;35.4;0.54;286.4;104.37816042108176;279.85;Module 1,11_4;114.24;19,12;34,20;0,32;11,07;8,04
20,11.2019 13:33:25;35.4;0.56;286.4;107.80276485922313;279.94;Module 1,11_4;117.97;19,82;34,45;0,34;11,71;8,11
20,11.2019 13:35:18;35.6;0.58;286.4;112.49798228632014;279.99;Module 1,11_4;123.09;20,65;34,76;0,36;12,60;8,05
20,11.2019 13:37:10;35.6;0.55;286.4;109.83526000787712;280.03;Module 1,11_4;120.16;19,58;34,59;0,35;12,10;7,48
20,11.2019 13:39:04;35.7;0.59;286.4;115.30761653267157;279.96;Module 1,11_4;126.13;21,06;34,92;0,38;13,13;7,93
20,11.2019 13:40:57;35.8;0.64;286.4;125.72681209224618;279.99;Module 1,11_4;137.51;22,91;35,41;0,43;15,13;7,78
20,11.2019 13:42:51;35.9;0.68;286.4;134.61151420823398;280.06;Module 1,11_4;147.21;24,41;35,73;0,47;16,85;7,56
20,11.2019 13:44:43;36;0.73;287.9;143.45125024314487;280.15;Module 1,11_4;156.86;26,28;35,73;0,52;18,51;7,77
20,11.2019 13:46:38;36;0.74;287.9;146.09114005330298;280.22;Module 1,11_4;159.73;26,64;35,80;0,53;19,02;7,62
20,11.2019 13:48:30;36;0.76;287.9;151.48334197903623;280.28;Module 1,11_4;165.61;27,36;35,93;0,56;20,07;7,29
20,11.2019 13:50:23;36.1;0.76;287.9;155.3204316919632;280.33;Module 1,11_4;169.79;27,44;36,02;0,58;20,82;6,62
20,11.2019 13:52:19;36.1;0.73;287.9;150.10029834477558;280.37;Module 1,11_4;164.07;26,35;35,90;0,55;19,80;6,55
20,11.2019 13:54:12;36.1;0.72;287.9;149.02252487925236;280.36;Module 1,11_4;162.88;25,99;35,88;0,55;19,59;6,40
20,11.2019 13:56:05;36.2;0.76;287.9;157.55998721608626;280.23;Module 1,11_4;172.2;27,51;36,06;0,59;21,26;6,25
20,11.2019 13:57:58;36.4;0.81;287.9;165.27383869028176;280.22;Module 1,11_4;180.62;29,48;36,21;0,63;22,77;6,72
20,11.2019 13:59:51;36.2;0.75;287.9;153.77974319259053;280.25;Module 1,11_4;168.05;27,15;35,98;0,57;20,52;6,63
20,11.2019 14:01:43;36;0.67;287.9;135.0813603404178;280.27;Module 1,11_4;147.61;24,12;35,49;0,48;16,89;7,23
20,11.2019 14:03:37;36;0.66;287.9;134.1620860573411;280.28;Module 1,11_4;146.6;23,76;35,46;0,47;16,71;7,05
20,11.2019 14:05:30;36.1;0.74;287.9;149.42218877057562;280.3;Module 1,11_4;163.27;26,71;35,88;0,55;19,67;7,04
20,11.2019 14:07:24;36.4;1.25;287.9;267.32228276189454;280.36;Module 1,11_4;292.09;45,50;37,20;1,16;42,97;2,53
20,11.2019 14:09:17;38.1;2.85;287.9;678.6622486579956;280.77;Module 1,11_4;741.53;108,59;37,25;3,30;122,79;-14,20
20,11.2019 14:11:10;36.9;2.87;288.4;603.1246730792154;281.43;Module 1,11_4;658.99;105,90;37,30;2,90;108,31;-2,41
20,11.2019 14:13:03;37.2;2.99;288.4;650.7074216640872;282.41;Module 1,11_4;710.98;111,23;37,22;3,15;117,29;-6,07
20,11.2019 14:14:55;35.9;1.11;288.4;184.1513345474978;282.94;Module 1,11_4;201.21;39,85;36,41;0,73;26,44;13,41
20,11.2019 14:16:48;35.6;0.75;290.4;165.70725307679834;282.71;Module 1,11_4;181.06;26,70;35,79;0,63;22,70;4,00
20,11.2019 14:18:41;36.1;0.91;290.4;195.0078700582152;282.44;Module 1,11_4;213.08;32,85;36,20;0,78;28,41;4,45
20,11.2019 14:20:33;36.3;0.93;290.4;199.51391024751481;282.22;Module 1,11_4;218.01;33,76;36,26;0,81;29,29;4,47
20,11.2019 14:22:26;36.5;0.86;290.4;188.40605684805706;281.94;Module 1,11_4;205.88;31,39;36,13;0,75;27,12;4,27
20,11.2019 14:24:19;36.6;0.78;290.4;182.32149256095548;281.7;Module 1,11_4;199.24;28,55;36,05;0,72;25,93;2,62
20,11.2019 14:26:12;36.7;0.74;290.4;169.0713821343201;281.39;Module 1,11_4;184.77;27,16;35,84;0,65;23,35;3,81
20,11.2019 14:28:04;36.9;0.72;290.4;167.1856267198821;281.15;Module 1,11_4;182.72;26,57;35,81;0,64;22,99;3,58
20,11.2019 14:29:57;39;1.94;290.4;562.1181485220096;281.41;Module 1,11_4;614.39;75,66;37,02;2,69;99,68;-24,02
20,11.2019 14:31:50;38.2;1.37;290.4;302.11146718642624;281.86;Module 1,11_4;330.23;52,33;36,90;1,34;49,42;2,91
20,11.2019 14:33:52;36.4;0.72;290.4;168.7382899758854;281.96;Module 1,11_4;184.46;26,21;35,84;0,65;23,29;2,92
20,11.2019 14:35:45;37.2;0.94;290.4;279.3356073366713;281.96;Module 1,11_4;305.39;34,97;36,81;1,22;44,95;-9,98
20,11.2019 14:37:41;36.8;0.77;290.4;220.76393186232468;281.96;Module 1,11_4;241.38;28,34;36,46;0,92;33,45;-5,11
20,11.2019 14:39:34;38.2;2.13;290.4;582.9244374400594;282.12;Module 1,11_4;637.43;81,37;36,98;2,80;103,61;-22,25
20,11.2019 14:41:29;37.6;2.45;290.4;543.0612668519221;282.66;Module 1,11_4;593.91;92,12;37,04;2,59;96,07;-3,95
20,11.2019 14:43:22;37.3;2.44;290.4;552.3554639567992;283.11;Module 1,11_4;604.15;91,01;37,02;2,64;97,83;-6,82
20,11.2019 14:45:15;36.9;2.5;291.9;556.9621768693177;283.78;Module 1,11_4;609.27;92,25;36,77;2,67;98,09;-5,84
20,11.2019 14:47:08;36.7;1.11;291.9;339.2739527880742;284.21;Module 1,11_4;371.19;40,74;36,74;1,53;56,38;-15,64
20,11.2019 14:49:01;36.7;2.48;292.5;556.7992604764544;284.44;Module 1,11_4;609.27;91,02;36,66;2,67;97,81;-6,80
20,11.2019 14:50:55;36.6;2.34;292.5;528.6399056928069;284.74;Module 1,11_4;578.55;85,64;36,69;2,52;92,51;-6,87
20,11.2019 14:52:49;36.5;2.5;294;554.2765265072912;284.93;Module 1,11_4;606.71;91,25;36,41;2,66;96,72;-5,47
20,11.2019 14:54:47;36.4;2.44;294;544.8205403375388;285.21;Module 1,11_4;596.47;88,82;36,41;2,61;94,96;-6,14
20,11.2019 14:56:46;36.3;2.4;294;535.3618291331716;285.46;Module 1,11_4;586.23;87,12;36,43;2,56;93,19;-6,07
20,11.2019 14:58:46;36.3;2.39;294.5;532.9126343421244;285.53;Module 1,11_4;583.67;86,76;36,34;2,55;92,53;-5,78
20,11.2019 15:00:40;36.2;2.34;294.5;525.7910130013402;285.68;Module 1,11_4;575.99;84,71;36,35;2,51;91,20;-6,49
20,11.2019 15:02:32;36.2;2.41;296;539.6968458458871;285.79;Module 1,11_4;591.35;87,24;36,08;2,58;93,20;-5,96
20,11.2019 15:04:26;36.2;2.41;296;537.2381884194868;285.9;Module 1,11_4;588.79;87,24;36,08;2,57;92,74;-5,50
20,11.2019 15:06:19;36.2;1.09;296.5;366.6342386113787;285.84;Module 1,11_4;401.91;39,46;35,99;1,68;60,56;-21,10
20,11.2019 15:08:12;36.8;1.62;296.5;373.5484814628415;285.76;Module 1,11_4;409.59;59,62;36,00;1,72;61,87;-2,26
20,11.2019 15:10:05;37;2.23;296.5;511.16719968661516;285.55;Module 1,11_4;560.63;82,51;36,02;2,44;87,71;-5,20
20,11.2019 15:11:58;37;2.26;298;520.3653793876406;285.78;Module 1,11_4;570.87;83,62;35,75;2,49;88,84;-5,22
20,11.2019 15:13:51;36.9;2.26;298;517.8886996921872;285.98;Module 1,11_4;568.31;83,39;35,75;2,47;88,38;-4,99
20,11.2019 15:15:44;36.8;2.21;298;510.7434240326844;286.24;Module 1,11_4;560.63;81,33;35,76;2,43;87,07;-5,74
20,11.2019 15:17:39;36.8;2.18;296.5;503.5940081824373;286.35;Module 1,11_4;552.95;80,22;36,02;2,40;86,31;-6,08
20,11.2019 15:19:32;36.7;2.16;296.5;496.4459324098426;286.52;Module 1,11_4;545.27;79,27;36,02;2,36;84,98;-5,70
20,11.2019 15:21:25;36.7;2.17;296.5;496.28676345372253;286.66;Module 1,11_4;545.27;79,64;36,02;2,36;84,95;-5,31
20,11.2019 15:23:19;36.7;2.14;296.5;491.4619279652307;286.8;Module 1,11_4;540.15;78,54;36,03;2,33;84,05;-5,51
20,11.2019 15:25:11;36.8;2.11;298;488.96589025231054;286.85;Module 1,11_4;537.59;77,65;35,77;2,32;83,04;-5,40
20,11.2019 15:27:05;36.8;2.11;298;486.46261819912417;286.74;Module 1,11_4;535.03;77,65;35,77;2,31;82,58;-4,93
20,11.2019 15:28:57;36.8;2.04;298;483.95822575374814;286.71;Module 1,11_4;532.47;75,07;35,77;2,30;82,12;-7,05
20,11.2019 15:30:50;36.8;2.07;298;479.1221167499377;286.72;Module 1,11_4;527.35;76,18;35,77;2,27;81,22;-5,05
20,11.2019 15:32:44;36.7;2.03;298;462.65706325053213;286.85;Module 1,11_4;509.43;74,50;35,78;2,18;78,16;-3,66
20,11.2019 15:34:37;36.7;2.05;298;476.4127960217854;286.98;Module 1,11_4;524.79;75,23;35,77;2,26;80,72;-5,48
20,11.2019 15:36:29;36.7;2.03;298;469.24514309639864;287.16;Module 1,11_4;517.11;74,50;35,78;2,22;79,39;-4,89
20,11.2019 15:38:22;36.7;1.99;298;462.0753236060516;287.24;Module 1,11_4;509.43;73,03;35,78;2,18;78,06;-5,02
20,11.2019 15:40:16;36.8;2;298;464.1873172373841;287.27;Module 1,11_4;511.99;73,60;35,78;2,19;78,45;-4,85
20,11.2019 15:42:09;36.8;1.96;298;454.69284789595247;287.39;Module 1,11_4;501.75;72,13;35,78;2,14;76,68;-4,56
20,11.2019 15:44:02;36.8;1.96;298;449.8380709219231;287.4;Module 1,11_4;496.63;72,13;35,78;2,12;75,78;-3,65
20,11.2019 15:45:54;36.7;1.92;298;444.9830391441388;287.48;Module 1,11_4;491.51;70,46;35,78;2,09;74,87;-4,41
20,11.2019 15:47:50;36.7;1.91;298;437.8014024808573;287.53;Module 1,11_4;483.83;70,10;35,78;2,06;73,54;-3,44
20,11.2019 15:49:43;36.7;1.89;298;435.2564604508847;287.39;Module 1,11_4;481.27;69,36;35,78;2,04;73,06;-3,70
20,11.2019 15:51:56;36.8;1.85;298;425.7234659803231;287.17;Module 1,11_4;471.03;68,08;35,78;1,99;71,28;-3,20
20,11.2019 15:53:49;36.7;1.81;298;420.85971108736453;287.1;Module 1,11_4;465.91;66,43;35,77;1,97;70,37;-3,94
20,11.2019 15:55:43;36.8;1.8;298;418.3029837850825;286.95;Module 1,11_4;463.35;66,24;35,77;1,95;69,89;-3,65
20,11.2019 15:57:36;36.9;1.79;298;413.4340063228024;286.75;Module 1,11_4;458.23;66,05;35,77;1,93;68,98;-2,93
20,11.2019 15:59:29;36.9;1.79;298;415.4881094124022;286.84;Module 1,11_4;460.79;66,05;35,77;1,94;69,36;-3,31
20,11.2019 16:01:22;36.8;1.78;298;410.61104695157417;286.94;Module 1,11_4;455.67;65,50;35,77;1,91;68,45;-2,95
20,11.2019 16:03:18;36.9;1.76;298;405.7249257189185;287.08;Module 1,11_4;450.55;64,94;35,77;1,89;67,54;-2,59
20,11.2019 16:05:13;37;1.74;296.5;403.14282638516323;286.94;Module 1,11_4;447.99;64,38;36,02;1,87;67,47;-3,09
20,11.2019 16:07:21;36.9;1.74;296.5;391.3152338638473;286.96;Module 1,11_4;435.19;64,21;36,02;1,81;65,24;-1,03
20,11.2019 16:09:14;36.5;1.66;296.5;384.132971116892;287.05;Module 1,11_4;427.51;60,59;36,01;1,77;63,88;-3,29
20,11.2019 16:11:07;36.3;1.72;296.5;372.3553908676173;287.1;Module 1,11_4;414.71;62,44;36,00;1,71;61,65;0,79
20,11.2019 16:12:59;35.9;1.59;296.5;326.1372287520179;287.05;Module 1,11_4;363.51;57,08;35,91;1,47;52,86;4,22
20,11.2019 16:14:58;35.8;1.65;296.5;362.5847916231037;286.92;Module 1,11_4;404.47;59,07;35,98;1,66;59,79;-0,72
20,11.2019 16:16:50;36;1.6;296.5;353.1202835305013;286.89;Module 1,11_4;394.23;57,60;35,97;1,61;58,00;-0,40
20,11.2019 16:18:44;36;1.57;296;350.5304107884118;286.87;Module 1,11_4;391.67;56,52;36,05;1,60;57,62;-1,10
20,11.2019 16:20:37;36;1.6;296;350.227243151638;286.91;Module 1,11_4;391.67;57,60;36,05;1,60;57,56;0,04
20,11.2019 16:22:30;36;1.58;296;345.34070676574845;286.88;Module 1,11_4;386.55;56,88;36,04;1,57;56,63;0,25
20,11.2019 16:24:31;36;1.56;296;342.7153528888689;286.86;Module 1,11_4;383.99;56,16;36,03;1,56;56,13;0,03
20,11.2019 16:26:24;36.1;1.53;296;335.5414822260368;286.79;Module 1,11_4;376.31;55,23;36,02;1,52;54,76;0,47
20,11.2019 16:28:16;36.4;1.45;296;326.09350973122895;286.57;Module 1,11_4;366.07;52,78;36,00;1,47;52,96;-0,18
20,11.2019 16:30:09;36.5;1.45;296;323.4853770326616;286.36;Module 1,11_4;363.51;52,92;35,99;1,46;52,46;0,46
20,11.2019 16:32:01;36.9;0.75;296;137.0085173405268;286.32;Module 1,11_4;154.12;27,67;34,19;0,50;16,95;10,73
20,11.2019 16:33:56;36.9;1.38;296;322.7960536426459;286.11;Module 1,11_4;363.51;50,92;35,99;1,45;52,33;-1,41
20,11.2019 16:35:49;37;0.86;296;194.39693077096734;286.17;Module 1,11_4;219.16;31,82;35,23;0,79;27,78;4,04
20,11.2019 16:37:51;34.9;0.53;294.5;108.43500805484058;285.68;Module 1,11_4;122.4;18,50;33,26;0,35;11,72;6,78
20,11.2019 16:39:48;35.4;0.62;294.5;131.07640709926878;285.25;Module 1,11_4;148.14;21,95;34,26;0,46;15,90;6,05
20,11.2019 16:41:50;36;0.62;294.5;128.4896168969046;284.7;Module 1,11_4;145.41;22,32;34,17;0,45;15,41;6,91
20,11.2019 16:45:13;37.2;0.67;294;154.63892606720185;284.22;Module 1,11_4;175.41;24,92;34,96;0,58;20,36;4,56
20,11.2019 16:47:07;37.3;0.69;294;167.1491220593585;283.86;Module 1,11_4;189.86;25,74;35,20;0,65;22,74;2,99
20,11.2019 16:49:01;37.9;0.75;294;187.7483550981785;283.78;Module 1,11_4;213.56;28,42;35,49;0,75;26,69;1,74
20,11.2019 16:50:54;37;0.56;294;135.88419618624064;283.62;Module 1,11_4;154.79;20,72;34,49;0,49;16,82;3,90
20,11.2019 16:52:54;37.9;0.95;292.5;230.70211367682487;283.69;Module 1,11_4;263.22;36,00;36,17;0,97;35,14;0,86
20,11.2019 16:54:47;37.6;1.01;292.5;248.0811231621528;283.84;Module 1,11_4;283.49;37,98;36,29;1,06;38,52;-0,55
20,11.2019 16:56:41;37.7;1.06;292.5;255.4444247464219;284.07;Module 1,11_4;292.38;39,96;36,34;1,10;39,96;0,01
20,11.2019 16:58:34;37;0.81;292.5;169.40983677940255;284.35;Module 1,11_4;194.23;29,97;35,49;0,66;23,28;6,69
20,11.2019 17:00:27;36.9;0.98;292.5;247.8713066838487;284.24;Module 1,11_4;284.68;36,16;36,29;1,06;38,48;-2,32
20,11.2019 17:02:19;38.4;0.89;291.9;224.54527425693922;284.34;Module 1,11_4;258.35;34,18;36,23;0,94;34,02;0,16
20,11.2019 17:04:21;37.4;0.61;291.9;142.92161387637321;284.37;Module 1,11_4;164.77;22,81;35,05;0,52;18,24;4,58
20,11.2019 17:06:14;36.9;0.5;291.9;124.44701680225049;284.17;Module 1,11_4;143.75;18,45;34,45;0,43;14,74;3,71
20,11.2019 17:08:07;37.3;0.48;291.9;154.70331429356622;283.92;Module 1,11_4;179.06;17,90;35,32;0,58;20,49;-2,58
20,11.2019 17:10:05;37.7;0.45;291.9;126.36444546982514;283.77;Module 1,11_4;146.58;16,97;34,53;0,44;15,10;1,87
20,11.2019 17:11:58;35.8;0.33;291.9;66.54557541854821;283.5;Module 1,11_4;77.36;11,81;25,61;0,18;4,68;7,13
20,11.2019 17:13:55;38.8;0.58;291.9;194.25903967570702;283.35;Module 1,11_4;226.36;22,50;35,94;0,78;28,13;-5,62
20,11.2019 17:15:47;39.4;0.53;291.9;184.04380723984724;283.46;Module 1,11_4;214.96;20,88;35,81;0,73;26,15;-5,26
20,11.2019 17:17:41;39.1;0.51;291.9;147.2385847053734;283.61;Module 1,11_4;172.4;19,94;35,15;0,54;19,06;0,88
20,11.2019 17:19:36;36.5;0.36;291.9;86.09371351657002;283.55;Module 1,11_4;101.07;13,14;31,28;0,25;7,76;5,38
20,11.2019 17:21:28;38.9;0.41;290.4;147.95151951021776;283.29;Module 1,11_4;174.15;15,95;35,42;0,54;19,27;-3,32
20,11.2019 17:23:21;38.4;0.3;290.4;57.770025882658985;283;Module 1,11_4;68.19;11,52;22,27;0,16;3,52;8,00
20,11.2019 17:25:15;35.7;0.31;290.4;108.66217946780105;282.67;Module 1,11_4;128.64;11,07;33,91;0,35;11,82;-0,75
20,11.2019 17:27:08;39.1;0.31;290.4;100.71812638567177;282.53;Module 1,11_4;119.6;12,12;33,30;0,31;10,36;1,76
20,11.2019 17:29:01;38.8;0.29;290.4;124.89180402393927;282.41;Module 1,11_4;148.78;11,25;34,72;0,43;14,86;-3,61
20,11.2019 17:30:53;39.2;0.27;290.4;94.14961529029063;282.36;Module 1,11_4;112.53;10,58;32,63;0,28;9,18;1,41
20,11.2019 17:32:47;36;0.23;290.4;49.92256412042356;282.15;Module 1,11_4;59.88;8,28;19,25;0,14;2,63;5,65
20,11.2019 17:34:43;34.5;0.2;289.9;37.79083580328131;281.83;Module 1,11_4;45.5;6,90;14,57;0,10;1,51;5,39
20,11.2019 17:36:35;33.5;0.19;289.9;47.285493275974275;281.53;Module 1,11_4;57.15;6,37;18,23;0,13;2,36;4,00
20,11.2019 17:38:29;33.6;0.19;289.9;39.914991784975584;281.28;Module 1,11_4;48.44;6,38;15,39;0,11;1,68;4,70
20,11.2019 17:40:31;33.5;0.19;287.9;32.82463900546979;281.02;Module 1,11_4;40.02;6,37;12,64;0,09;1,14;5,23
20,11.2019 17:42:25;33.3;0.18;287.9;31.14833213560938;280.76;Module 1,11_4;38.15;5,99;12,00;0,09;1,02;4,97
20,11.2019 17:44:18;33.5;0.16;286.4;30.975567063120515;280.48;Module 1,11_4;38.12;5,36;11,92;0,08;1,01;4,35
20,11.2019 17:46:11;33.5;0.16;286.4;30.87628862943109;280.26;Module 1,11_4;38.19;5,36;11,88;0,08;1,00;4,36
20,11.2019 17:48:14;33.6;0.16;285.9;32.32868546206261;279.98;Module 1,11_4;40.22;5,38;12,45;0,09;1,10;4,28
20,11.2019 17:50:07;33.5;0.16;285.9;32.273326023869;279.78;Module 1,11_4;40.38;5,36;12,42;0,09;1,10;4,26
20,11.2019 17:52:00;33.6;0.14;285.9;29.195422633601076;279.6;Module 1,11_4;36.75;4,70;11,23;0,08;0,90;3,81
20,11.2019 17:53:53;33.5;0.13;284.4;26.538093915631173;279.48;Module 1,11_4;33.62;4,36;10,21;0,07;0,74;3,61
20,11.2019 17:55:46;33.3;0.12;284.4;22.1631361532828;279.3;Module 1,11_4;28.27;4,00;8,52;0,06;0,52;3,48
20,11.2019 17:57:46;33;0.12;283.4;21.151726218750262;279.11;Module 1,11_4;27.19;3,96;8,13;0,06;0,47;3,49
20,11.2019 17:59:38;32.8;0.11;283.4;18.085918906615564;278.92;Module 1,11_4;23.43;3,61;6,95;0,05;0,34;3,26
20,11.2019 18:01:31;32.6;0.1;283.4;16.587688426858293;278.78;Module 1,11_4;21.67;3,26;6,38;0,05;0,29;2,97
20,11.2019 18:03:23;32.5;0.09;282.9;14.960897716133424;278.62;Module 1,11_4;19.72;2,92;5,75;0,04;0,23;2,69
20,11.2019 18:05:16;32.3;0.09;282.9;14.155350689341619;278.51;Module 1,11_4;18.84;2,91;5,44;0,04;0,21;2,70
20,11.2019 18:07:09;31.7;0.09;282.9;13.249490382158218;278.37;Module 1,11_4;17.82;2,85;5,09;0,04;0,18;2,67
20,11.2019 18:09:02;31.5;0.08;281.9;12.04878138573262;278.26;Module 1,11_4;16.39;2,52;4,63;0,03;0,15;2,37
20,11.2019 18:10:54;31.1;0.07;281.9;10.38470683219237;278.21;Module 1,11_4;14.3;2,18;3,99;0,03;0,11;2,06
20,11.2019 18:12:50;30.9;0;281.9;8.029060759343501;278.17;Module 1,11_4;11.21;0,00;3,09;0,02;0,07;-0,07
20,11.2019 18:14:49;30.4;0;281.9;6.374750124353385;278.12;Module 1,11_4;9.04;0,00;2,45;0,02;0,04;-0,04
20,11.2019 18:16:50;29.1;0;281.9;5.3077649537438925;278.06;Module 1,11_4;7.66;0,00;2,04;0,01;0,03;-0,03
20,11.2019 18:18:44;28.2;0;280.9;4.503812498966045;277.97;Module 1,11_4;6.62;0,00;1,73;0,01;0,02;-0,02
20,11.2019 18:20:36;27.6;0;280.9;4.0677796479062405;277.94;Module 1,11_4;6.1;0,00;1,56;0,01;0,02;-0,02
20,11.2019 18:22:29;28.2;0;280.9;3.3967114857920917;277.9;Module 1,11_4;5.21;0,00;1,30;0,01;0,01;-0,01
20,11.2019 18:24:22;33.1;0;280.9;2.54872314124845;277.87;Module 1,11_4;4.01;0,00;0,98;0,01;0,01;-0,01
20,11.2019 18:26:16;31.6;0;280.9;2.315050110640052;277.89;Module 1,11_4;3.75;0,00;0,89;0,01;0,01;-0,01
20,11.2019 18:28:09;30.4;0;279.9;2.0008303193761408;277.92;Module 1,11_4;3.35;0,00;0,77;0,01;0,00;-0,00
20,11.2019 18:30:03;29.4;0;279.9;1.6319580387180048;277.96;Module 1,11_4;2.84;0,00;0,63;0,00;0,00;-0,00
20,11.2019 18:31:55;24.5;0;279.9;1.2807041848660465;278;Module 1,11_4;2.33;0,00;0,49;0,00;0,00;-0,00
20,11.2019 18:33:54;22.9;0;277.8;0.9351891260142027;278.02;Module 1,11_4;1.8;0,00;0,36;0,00;0,00;-0,00
20,11.2019 18:35:47;22.9;0;277.8;0.6474753959831263;278.03;Module 1,11_4;1.33;0,00;0,25;0,00;0,00;-0,00
20,11.2019 18:37:41;22.9;0;277.8;0.4128808703798289;278.05;Module 1,11_4;0.92;0,00;0,16;0,00;0,00;-0,00
21,11.2019 09:58:11;32.5;0;276.3;4.384221583912269;277.2;Module 1,11_4;5.49;0,00;1,68;0,01;0,02;-0,02
21,11.2019 10:00:04;33;0;276.3;4.611662614195314;277.22;Module 1,11_4;5.75;0,00;1,77;0,01;0,02;-0,02
21,11.2019 10:01:56;32.8;0;279.9;4.276222915003594;277.25;Module 1,11_4;5.31;0,00;1,64;0,01;0,02;-0,02
21,11.2019 10:03:49;32.2;0;279.9;3.9050987830554025;277.28;Module 1,11_4;4.83;0,00;1,50;0,01;0,02;-0,02
21,11.2019 10:05:42;32.1;0;279.9;3.8306900630792655;277.26;Module 1,11_4;4.72;0,00;1,47;0,01;0,02;-0,02
21,11.2019 10:07:35;29.7;0;279.9;3.5677487199695515;277.24;Module 1,11_4;4.38;0,00;1,37;0,01;0,01;-0,01
21,11.2019 10:09:28;30.5;0;279.9;2.983574014629583;277.22;Module 1,11_4;3.65;0,00;1,15;0,01;0,01;-0,01
21,11.2019 10:11:21;28;0;279.9;2.64098350520145;277.23;Module 1,11_4;3.22;0,00;1,02;0,01;0,01;-0,01
21,11.2019 10:13:13;27.5;0;278.3;2.575449094128807;277.25;Module 1,11_4;3.13;0,00;0,98;0,01;0,01;-0,01
21,11.2019 10:15:06;27.1;0;278.3;2.7651142559008224;277.26;Module 1,11_4;3.35;0,00;1,06;0,01;0,01;-0,01
21,11.2019 10:17:00;28.9;0;278.3;3.328251737648378;277.27;Module 1,11_4;4.02;0,00;1,27;0,01;0,01;-0,01
21,11.2019 10:18:53;29.8;0;278.3;3.7780256560380794;277.28;Module 1,11_4;4.55;0,00;1,45;0,01;0,01;-0,01
21,11.2019 10:20:47;32.1;0;278.3;4.305005916472597;277.29;Module 1,11_4;5.17;0,00;1,65;0,01;0,02;-0,02
21,11.2019 10:22:40;32.7;0;280.4;4.750858866023044;277.31;Module 1,11_4;5.69;0,00;1,83;0,01;0,02;-0,02
21,11.2019 10:24:33;31.2;0;280.4;5.240477096023337;277.32;Module 1,11_4;6.26;0,00;2,02;0,01;0,03;-0,03
21,11.2019 10:26:25;34;0;280.4;6.160011485289058;277.34;Module 1,11_4;7.34;0,00;2,37;0,02;0,04;-0,04
21,11.2019 10:28:18;28.6;0;281.9;6.7892457606851835;277.36;Module 1,11_4;8.07;0,00;2,61;0,02;0,05;-0,05
21,11.2019 10:30:11;27.5;0;281.9;7.117350193817912;277.37;Module 1,11_4;8.44;0,00;2,73;0,02;0,05;-0,05
21,11.2019 10:32:06;27.7;0;279.9;7.50586945207592;277.37;Module 1,11_4;8.88;0,00;2,88;0,02;0,06;-0,06
21,11.2019 10:33:58;27.4;0;279.9;8.005236651001894;277.37;Module 1,11_4;9.45;0,00;3,07;0,02;0,07;-0,07
21,11.2019 10:35:52;27.8;0;279.9;8.667803310973774;277.41;Module 1,11_4;10.21;0,00;3,33;0,02;0,08;-0,08
21,11.2019 10:37:44;28.3;0;279.9;9.80012507695982;277.44;Module 1,11_4;11.52;0,00;3,77;0,03;0,10;-0,10
21,11.2019 10:39:38;29.1;0;279.9;10.664006980230127;277.46;Module 1,11_4;12.51;0,00;4,09;0,03;0,12;-0,12
21,11.2019 10:41:31;29.3;0.07;279.9;11.487751848130406;277.47;Module 1,11_4;13.45;2,05;4,41;0,03;0,14;1,91
21,11.2019 10:43:27;29.7;0.07;279.9;11.321877613510287;277.5;Module 1,11_4;13.23;2,08;4,34;0,03;0,13;1,94
21,11.2019 10:45:20;29.4;0.07;279.9;11.968600996840836;277.52;Module 1,11_4;13.96;2,06;4,59;0,03;0,15;1,91
21,11.2019 10:47:15;29.9;0.07;279.9;13.089785263164163;277.55;Module 1,11_4;15.24;2,09;5,02;0,04;0,18;1,91
21,11.2019 10:49:07;30.2;0.08;279.9;15.073995130037805;277.6;Module 1,11_4;17.52;2,42;5,79;0,04;0,24;2,18
21,11.2019 10:51:00;31;0.09;279.9;15.987117402321484;277.64;Module 1,11_4;18.55;2,79;6,14;0,04;0,27;2,52
21,11.2019 10:52:53;31.3;0.09;279.9;16.073751159165607;277.65;Module 1,11_4;18.62;2,82;6,17;0,04;0,27;2,55
21,11.2019 10:54:56;31.4;0.09;280.4;16.594502126758126;277.66;Module 1,11_4;19.19;2,83;6,38;0,05;0,29;2,54
21,11.2019 10:56:48;31.2;0.1;280.4;17.40804870092252;277.7;Module 1,11_4;20.1;3,12;6,69;0,05;0,32;2,80
21,11.2019 10:58:42;31.7;0.09;280.4;18.067639932866115;277.74;Module 1,11_4;20.83;2,85;6,94;0,05;0,34;2,51
21,11.2019 11:00:35;31.5;0.09;281.9;16.287258823041068;277.77;Module 1,11_4;18.75;2,83;6,26;0,04;0,28;2,56
21,11.2019 11:02:28;31.3;0.08;281.9;14.65764287200291;277.79;Module 1,11_4;16.85;2,50;5,63;0,04;0,23;2,28
21,11.2019 11:04:20;30.8;0.07;281.9;13.449536678681026;277.79;Module 1,11_4;15.44;2,16;5,17;0,04;0,19;1,97
21,11.2019 11:06:14;30.3;0.08;280.4;13.354438348060514;277.78;Module 1,11_4;15.31;2,42;5,13;0,04;0,19;2,24
21,11.2019 11:08:08;30.4;0.08;280.4;14.44643677607669;277.79;Module 1,11_4;16.54;2,43;5,55;0,04;0,22;2,21
21,11.2019 11:10:10;30.8;0.09;280.4;17.440094790589374;277.78;Module 1,11_4;19.94;2,77;6,70;0,05;0,32;2,45
21,11.2019 11:12:07;31.2;0.11;280.4;20.20363743660534;277.81;Module 1,11_4;23.07;3,43;7,76;0,06;0,43;3,00
21,11.2019 11:14:02;31.5;0.14;280.4;24.156716851546538;277.84;Module 1,11_4;27.55;4,41;9,27;0,07;0,61;3,80
21,11.2019 11:15:55;31.9;0.16;280.4;28.363828682937694;277.86;Module 1,11_4;32.31;5,10;10,89;0,08;0,84;4,26
21,11.2019 11:17:48;32.6;0.18;280.4;32.26346208090332;277.89;Module 1,11_4;36.71;5,87;12,39;0,09;1,09;4,78
21,11.2019 11:19:45;33;0.22;281.9;37.80899374283552;277.94;Module 1,11_4;42.97;7,26;14,53;0,10;1,50;5,76
21,11.2019 11:21:39;33.4;0.24;281.9;41.981854108714394;278.02;Module 1,11_4;47.66;8,02;16,13;0,11;1,85;6,17
21,11.2019 11:23:33;33.9;0.22;282.4;39.01113511617977;278.07;Module 1,11_4;44.24;7,46;14,99;0,11;1,60;5,86
21,11.2019 11:25:47;33.7;0.18;282.4;32.59628030568796;278.14;Module 1,11_4;36.92;6,07;12,53;0,09;1,11;4,95
21,11.2019 11:27:39;33.2;0.18;282.4;32.637675351449715;278.17;Module 1,11_4;36.93;5,98;12,55;0,09;1,12;4,86
21,11.2019 11:29:35;33.2;0.21;282.4;38.429768522784755;278.2;Module 1,11_4;43.44;6,97;14,77;0,10;1,55;5,42
21,11.2019 11:31:28;33.6;0.22;282.4;40.768950470028265;278.22;Module 1,11_4;46.04;7,39;15,67;0,11;1,74;5,65
21,11.2019 11:33:36;33.8;0.2;282.4;36.3621300131649;278.27;Module 1,11_4;41.02;6,76;13,98;0,10;1,39;5,37
21,11.2019 11:35:30;33.6;0.16;282.4;29.971744062761847;278.3;Module 1,11_4;33.78;5,38;11,52;0,08;0,94;4,43
21,11.2019 11:37:24;32.8;0.17;282.4;30.344953462886856;278.29;Module 1,11_4;34.17;5,58;11,66;0,08;0,97;4,61
21,11.2019 11:39:16;33.1;0.18;282.4;33.74856565655592;278.27;Module 1,11_4;37.97;5,96;12,97;0,09;1,19;4,76
21,11.2019 11:41:28;33.2;0.22;282.4;40.02758363274689;278.26;Module 1,11_4;44.99;7,30;15,38;0,11;1,68;5,62
21,11.2019 11:43:21;33.6;0.23;282.4;41.81470700855373;278.26;Module 1,11_4;46.96;7,73;16,07;0,11;1,83;5,89
21,11.2019 11:45:16;33.8;0.2;282.4;37.526797790510074;278.31;Module 1,11_4;42.11;6,76;14,42;0,10;1,48;5,28
21,11.2019 11:47:18;33.5;0.19;282.4;36.06016227817275;278.36;Module 1,11_4;40.43;6,37;13,86;0,10;1,36;5,00
21,11.2019 11:49:19;33.4;0.2;282.4;36.31285388993772;278.4;Module 1,11_4;40.68;6,68;13,95;0,10;1,38;5,30
21,11.2019 11:51:12;33.3;0.19;282.4;34.66945908914953;278.4;Module 1,11_4;38.81;6,33;13,33;0,09;1,26;5,07
21,11.2019 11:53:05;33.2;0.18;282.4;33.362723969115144;278.39;Module 1,11_4;37.32;5,98;12,82;0,09;1,17;4,81
21,11.2019 11:54:59;33.2;0.17;282.4;33.05568045820656;278.39;Module 1,11_4;36.95;5,64;12,70;0,09;1,15;4,50
21,11.2019 11:56:53;33.1;0.19;282.4;35.0215202107046;278.39;Module 1,11_4;39.12;6,29;13,46;0,10;1,29;5,00
21,11.2019 11:58:46;33.3;0.2;282.4;37.48198719998872;278.39;Module 1,11_4;41.84;6,66;14,41;0,10;1,47;5,19
21,11.2019 12:00:40;33.6;0.22;282.4;39.88263127369275;278.41;Module 1,11_4;44.49;7,39;15,33;0,11;1,67;5,72
21,11.2019 12:02:33;33.5;0.23;283.4;41.99852303150724;278.4;Module 1,11_4;46.82;7,71;16,15;0,11;1,85;5,85
21,11.2019 12:04:27;33.8;0.24;283.4;44.448829949750476;278.42;Module 1,11_4;49.52;8,11;17,09;0,12;2,07;6,04
21,11.2019 12:06:20;33.8;0.25;283.4;46.46120076143616;278.46;Module 1,11_4;51.73;8,45;17,87;0,13;2,27;6,18
21,11.2019 12:08:12;34;0.27;283.4;49.50857790292868;278.52;Module 1,11_4;55.09;9,18;19,04;0,14;2,57;6,61
21,11.2019 12:10:06;34.1;0.3;283.4;54.51070831483771;278.54;Module 1,11_4;60.62;10,23;20,96;0,15;3,12;7,11
21,11.2019 12:12:02;34.4;0.32;283.4;58.42983888122975;278.55;Module 1,11_4;64.94;11,01;22,46;0,16;3,59;7,42
21,11.2019 12:13:54;34.5;0.32;283.4;58.01225725888463;278.63;Module 1,11_4;64.44;11,04;22,30;0,16;3,53;7,51
21,11.2019 12:15:47;34.4;0.3;283.4;54.864462439337316;278.69;Module 1,11_4;60.91;10,32;21,09;0,15;3,16;7,16
21,11.2019 12:17:50;34.2;0.27;283.4;48.33518102766813;278.78;Module 1,11_4;53.63;9,23;18,59;0,13;2,45;6,78
21,11.2019 12:19:43;34.1;0.25;283.4;44.59114031329485;278.78;Module 1,11_4;49.45;8,53;17,15;0,12;2,09;6,44
21,11.2019 12:21:38;33.8;0.24;283.4;43.269979447913144;278.78;Module 1,11_4;47.96;8,11;16,64;0,12;1,97;6,15
21,11.2019 12:23:32;33.8;0.23;283.4;42.17239272572177;278.82;Module 1,11_4;46.72;7,77;16,22;0,12;1,87;5,91
21,11.2019 12:25:25;33.7;0.24;283.4;43.23143323213965;278.83;Module 1,11_4;47.87;8,09;16,63;0,12;1,96;6,13
21,11.2019 12:27:19;33.9;0.26;283.4;46.73069656035973;278.87;Module 1,11_4;51.72;8,81;17,97;0,13;2,29;6,52
21,11.2019 12:29:12;34;0.28;283.4;51.13645719826568;278.93;Module 1,11_4;56.57;9,52;19,66;0,14;2,75;6,77
21,11.2019 12:31:05;34.3;0.3;283.4;56.160620325297096;278.92;Module 1,11_4;62.1;10,29;21,59;0,15;3,31;6,98
21,11.2019 12:32:58;34.3;0.34;283.4;61.87624410475419;278.96;Module 1,11_4;68.39;11,66;23,79;0,17;4,02;7,64
21,11.2019 12:34:52;34.5;0.33;283.4;61.32373544595495;279.02;Module 1,11_4;67.75;11,38;23,58;0,17;3,95;7,44
21,11.2019 12:36:45;34.4;0.32;283.4;58.58753747886292;279.04;Module 1,11_4;64.7;11,01;22,52;0,16;3,60;7,40
21,11.2019 12:38:38;34.3;0.31;283.4;58.07695651098224;279.06;Module 1,11_4;64.11;10,63;22,33;0,16;3,54;7,09
21,11.2019 12:41:31;34.3;0.32;283.4;58.791902334004135;279.14;Module 1,11_4;64.86;10,98;22,60;0,16;3,63;7,35
21,11.2019 12:43:24;34.3;0.33;283.4;60.33777283195103;279.15;Module 1,11_4;66.54;11,32;23,20;0,16;3,82;7,50
21,11.2019 12:46:17;34.5;0.35;283.4;65.67963723571214;279.15;Module 1,11_4;72.39;12,07;25,24;0,18;4,53;7,55
21,11.2019 12:48:09;34.6;0.39;283.4;71.84751362547489;279.21;Module 1,11_4;79.16;13,49;27,55;0,20;5,42;8,07
21,11.2019 12:50:02;34.7;0.42;283.4;78.80008435350311;279.32;Module 1,11_4;86.79;14,57;29,98;0,22;6,51;8,06
21,11.2019 12:51:55;35;0.47;283.4;86.7557478529748;279.41;Module 1,11_4;95.52;16,45;32,16;0,24;7,87;8,58
21,11.2019 12:53:51;35.1;0.51;285.9;96.2794362457908;279.5;Module 1,11_4;105.97;17,90;33,46;0,29;9,58;8,32
21,11.2019 12:55:45;35.4;0.56;285.9;106.36233431074727;279.6;Module 1,11_4;117.03;19,82;34,42;0,33;11,45;8,38
21,11.2019 12:57:38;35.7;0.59;285.9;112.38653380395311;279.72;Module 1,11_4;123.62;21,06;34,83;0,36;12,59;8,48
21,11.2019 12:59:34;35.9;0.63;285.9;120.35138822365133;279.89;Module 1,11_4;132.34;22,62;35,26;0,40;14,11;8,51
21,11.2019 13:01:29;36;0.63;285.9;121.02400185556962;279.94;Module 1,11_4;133.04;22,68;35,29;0,40;14,24;8,44
21,11.2019 13:03:24;35.9;0.63;285.9;119.02977320616256;279.94;Module 1,11_4;130.81;22,62;35,19;0,39;13,85;8,76
21,11.2019 13:05:23;35.8;0.59;286.4;111.76436068305325;279.95;Module 1,11_4;122.79;21,12;34,72;0,36;12,46;8,66
21,11.2019 13:07:28;35.6;0.53;286.4;99.53310935290972;280;Module 1,11_4;109.32;18,87;33,76;0,30;10,17;8,70
21,11.2019 13:09:27;35.1;0.46;286.4;86.77348400267405;280;Module 1,11_4;95.28;16,15;31,91;0,25;7,88;8,27
21,11.2019 13:11:21;34.9;0.41;286.4;76.55613269196174;280.03;Module 1,11_4;84.04;14,31;29,19;0,21;6,16;8,15
21,11.2019 13:13:18;34.9;0.37;286.4;70.50670276476846;280.04;Module 1,11_4;77.38;12,91;27,06;0,19;5,23;7,68
21,11.2019 13:15:11;34.5;0.35;286.4;66.11190732538304;280;Module 1,11_4;72.54;12,07;25,42;0,18;4,60;7,47
21,11.2019 13:17:03;34.2;0.35;286.4;63.847571354918834;279.91;Module 1,11_4;70.04;11,97;24,56;0,17;4,29;7,68
21,11.2019 13:19:01;34.1;0.33;286.4;60.63417283574125;279.91;Module 1,11_4;66.5;11,25;23,34;0,17;3,87;7,38
21,11.2019 13:20:56;34;0.31;286.4;57.50971987229566;279.93;Module 1,11_4;63.06;10,54;22,14;0,16;3,48;7,06
21,11.2019 13:22:49;34;0.31;286.4;57.119814144576196;279.96;Module 1,11_4;62.62;10,54;21,98;0,16;3,43;7,11
21,11.2019 13:24:42;34.1;0.32;286.4;59.147009342697224;279.96;Module 1,11_4;64.83;10,91;22,77;0,16;3,68;7,23
21,11.2019 13:26:34;34.1;0.34;285.9;63.85717416814691;279.97;Module 1,11_4;69.98;11,59;24,56;0,17;4,29;7,30
21,11.2019 13:28:27;34.3;0.36;285.9;67.45518305682101;279.96;Module 1,11_4;73.91;12,35;25,93;0,18;4,79;7,56
21,11.2019 13:30:22;34.5;0.37;285.9;70.13216735148455;280;Module 1,11_4;76.83;12,77;26,93;0,19;5,17;7,59
21,11.2019 13:32:14;34.4;0.37;286.4;70.4446024901905;280.1;Module 1,11_4;77.16;12,73;27,04;0,19;5,22;7,51
21,11.2019 13:34:07;34.5;0.38;286.4;71.63328591401475;280.16;Module 1,11_4;78.45;13,11;27,48;0,20;5,40;7,71
21,11.2019 13:36:01;34.4;0.38;285.9;72.50223975380489;280.23;Module 1,11_4;79.39;13,07;27,79;0,20;5,53;7,54
21,11.2019 13:38:14;34.5;0.4;285.9;75.95742392063227;280.25;Module 1,11_4;83.16;13,80;29,00;0,21;6,07;7,73
21,11.2019 13:40:07;34.5;0.41;285.9;77.36489364480126;280.21;Module 1,11_4;84.69;14,14;29,46;0,21;6,29;7,85
21,11.2019 13:42:02;34.5;0.4;286.4;75.82131216172651;280.13;Module 1,11_4;82.99;13,80;28,95;0,21;6,05;7,75
21,11.2019 13:43:54;34.5;0.38;286.4;71.62676265854171;280.13;Module 1,11_4;78.39;13,11;27,48;0,20;5,40;7,71
21,11.2019 13:45:48;34.5;0.36;286.4;68.34471840661718;280.18;Module 1,11_4;74.79;12,42;26,27;0,19;4,92;7,50
21,11.2019 13:47:41;34.2;0.35;286.4;65.27162313881564;280.17;Module 1,11_4;71.42;11,97;25,10;0,18;4,48;7,49
21,11.2019 13:49:34;34.1;0.33;286.4;61.53024161966309;280.21;Module 1,11_4;67.32;11,25;23,68;0,17;3,99;7,27
21,11.2019 13:51:27;34.1;0.28;286.4;53.747540449288586;280.24;Module 1,11_4;58.8;9,55;20,69;0,15;3,04;6,51
21,11.2019 13:53:20;33.9;0.23;286.4;43.760095918434665;280.23;Module 1,11_4;47.87;7,80;16,84;0,12;2,02;5,78
21,11.2019 13:55:14;33.8;0.19;285.9;36.860905451643305;280.17;Module 1,11_4;40.32;6,42;14,19;0,10;1,43;4,99
21,11.2019 13:57:07;33.4;0.17;285.9;33.20614693570603;280.1;Module 1,11_4;36.32;5,68;12,78;0,09;1,16;4,52
21,11.2019 13:59:00;32.9;0.16;285.9;30.181592666758007;280.05;Module 1,11_4;33.01;5,26;11,62;0,08;0,96;4,31
21,11.2019 14:00:53;32.7;0.15;285.9;27.705121104485457;279.96;Module 1,11_4;30.3;4,91;10,66;0,08;0,81;4,10
21,11.2019 14:02:46;32.4;0.14;285.9;26.197488202173897;279.89;Module 1,11_4;28.65;4,54;10,09;0,07;0,72;3,81
21,11.2019 14:04:39;32.1;0.13;284.4;25.11933232566617;279.78;Module 1,11_4;27.47;4,17;9,66;0,07;0,66;3,51
21,11.2019 14:06:32;31.7;0.13;284.4;24.489008701543387;279.73;Module 1,11_4;26.78;4,12;9,42;0,07;0,63;3,49
21,11.2019 14:08:40;31.7;0.13;284.4;24.077993804512822;279.71;Module 1,11_4;26.33;4,12;9,26;0,07;0,61;3,51
21,11.2019 14:10:34;32;0.13;283.4;24.48060642234944;279.64;Module 1,11_4;26.77;4,16;9,41;0,07;0,63;3,53
21,11.2019 14:12:27;31.9;0.13;283.4;24.947052461355014;279.6;Module 1,11_4;27.28;4,15;9,59;0,07;0,65;3,49
21,11.2019 14:14:22;31.9;0.14;283.4;25.440741089758532;279.56;Module 1,11_4;27.82;4,47;9,78;0,07;0,68;3,79
21,11.2019 14:16:15;32.1;0.14;283.4;25.010620657826998;279.54;Module 1,11_4;27.35;4,49;9,62;0,07;0,66;3,84
21,11.2019 14:18:08;31.8;0.13;283.4;23.85791271970626;279.53;Module 1,11_4;26.09;4,13;9,17;0,07;0,60;3,54
21,11.2019 14:20:00;31.5;0.12;283.4;21.836384974137104;279.51;Module 1,11_4;23.88;3,78;8,40;0,06;0,50;3,28
21,11.2019 14:21:53;31.4;0.11;283.4;21.06752614438104;279.5;Module 1,11_4;23.04;3,45;8,10;0,06;0,47;2,99
21,11.2019 14:23:46;31;0.11;283.4;20.252848280145876;279.43;Module 1,11_4;22.15;3,41;7,79;0,06;0,43;2,98
21,11.2019 14:25:39;31.3;0.1;283.4;19.84952675382111;279.36;Module 1,11_4;21.71;3,13;7,63;0,05;0,41;2,72
21,11.2019 14:27:35;31.4;0.11;283.4;20.415165680244087;279.35;Module 1,11_4;22.33;3,45;7,85;0,06;0,44;3,02
21,11.2019 14:29:28;31.2;0.11;282.4;21.11773043267612;279.28;Module 1,11_4;23.1;3,43;8,12;0,06;0,47;2,96
21,11.2019 14:31:21;31.4;0.12;282.4;22.06684117569231;279.25;Module 1,11_4;24.14;3,77;8,48;0,06;0,51;3,26
21,11.2019 14:33:14;31.6;0.13;282.4;23.60975538243914;279.18;Module 1,11_4;25.83;4,11;9,07;0,06;0,58;3,52
21,11.2019 14:35:07;31.9;0.13;282.4;24.283949376379734;279.19;Module 1,11_4;26.57;4,15;9,34;0,07;0,62;3,53
21,11.2019 14:37:02;32;0.13;282.4;23.440749806465902;279.21;Module 1,11_4;25.65;4,16;9,01;0,06;0,58;3,58
21,11.2019 14:38:55;32.1;0.12;282.4;21.92138091333908;279.24;Module 1,11_4;23.99;3,85;8,42;0,06;0,50;3,35
21,11.2019 14:40:48;31.5;0.11;282.4;20.840727608428008;279.26;Module 1,11_4;22.81;3,46;8,01;0,06;0,46;3,01
21,11.2019 14:42:41;31.5;0.11;282.4;20.58235561818882;279.27;Module 1,11_4;22.53;3,46;7,91;0,06;0,44;3,02
21,11.2019 14:44:34;31.4;0.11;282.4;20.250800468039134;279.27;Module 1,11_4;22.17;3,45;7,78;0,06;0,43;3,02
21,11.2019 14:46:27;31.3;0.11;282.4;20.41234611124097;279.28;Module 1,11_4;22.35;3,44;7,84;0,06;0,44;3,01
21,11.2019 14:48:20;31.4;0.11;282.4;21.04851469133849;279.23;Module 1,11_4;23.05;3,45;8,09;0,06;0,46;2,99
21,11.2019 14:50:13;31.4;0.11;282.4;21.036055897985534;279.17;Module 1,11_4;23.04;3,45;8,09;0,06;0,46;2,99
21,11.2019 14:52:05;31.3;0.11;282.4;20.521365791977246;279.17;Module 1,11_4;22.48;3,44;7,89;0,06;0,44;3,00
21,11.2019 14:53:58;31.2;0.11;282.4;20.499500657972227;279.17;Module 1,11_4;22.46;3,43;7,88;0,06;0,44;2,99
21,11.2019 14:55:54;31.3;0.11;282.4;20.86061827162686;279.19;Module 1,11_4;22.86;3,44;8,02;0,06;0,46;2,99
21,11.2019 14:57:46;31.2;0.1;282.4;20.62850502647091;279.21;Module 1,11_4;22.61;3,12;7,93;0,06;0,45;2,67
21,11.2019 14:59:44;31.4;0.1;282.4;20.259240792910035;279.22;Module 1,11_4;22.21;3,14;7,79;0,06;0,43;2,71
21,11.2019 15:01:39;31.2;0.1;282.4;20.373385051334758;279.21;Module 1,11_4;22.34;3,12;7,83;0,06;0,44;2,68
21,11.2019 15:03:33;31.3;0.1;282.4;20.560255260210823;279.17;Module 1,11_4;22.55;3,13;7,90;0,06;0,44;2,69
21,11.2019 15:05:28;31.5;0.11;282.4;21.293715610615457;279.18;Module 1,11_4;23.36;3,46;8,19;0,06;0,48;2,99
21,11.2019 15:07:29;31.8;0.12;282.4;23.201892133176003;279.2;Module 1,11_4;25.46;3,82;8,91;0,06;0,56;3,25
21,11.2019 15:09:25;32;0.13;282.4;26.138572676232982;279.19;Module 1,11_4;28.69;4,16;10,05;0,07;0,72;3,44
21,11.2019 15:11:20;32.4;0.16;283.4;31.141033691015465;279.22;Module 1,11_4;34.19;5,18;11,98;0,09;1,02;4,17
21,11.2019 15:13:19;32.6;0.2;283.4;38.05220292625708;279.28;Module 1,11_4;41.79;6,52;14,63;0,10;1,52;5,00
21,11.2019 15:15:14;33;0.23;283.4;44.61336316644296;279.35;Module 1,11_4;49.01;7,59;17,16;0,12;2,09;5,50
21,11.2019 15:17:16;33.5;0.22;283.4;40.74056410895313;279.41;Module 1,11_4;44.77;7,37;15,66;0,11;1,74;5,63
21,11.2019 15:20:03;33.3;0.15;283.4;28.769865612058737;279.45;Module 1,11_4;31.63;4,99;11,06;0,08;0,87;4,13
21,11.2019 15:21:56;32.8;0.14;283.4;26.5690759664489;279.45;Module 1,11_4;29.22;4,59;10,22;0,07;0,74;3,85
21,11.2019 15:23:49;32.3;0.14;283.4;26.760025769869735;279.46;Module 1,11_4;29.44;4,52;10,29;0,07;0,75;3,77
21,11.2019 15:25:42;32.2;0.15;283.4;27.731956670418473;279.46;Module 1,11_4;30.52;4,83;10,66;0,08;0,81;4,02
21,11.2019 15:27:34;32.4;0.15;283.4;28.993605131015798;279.44;Module 1,11_4;31.92;4,86;11,15;0,08;0,88;3,98
21,11.2019 15:30:41;32.7;0.15;283.4;28.0040589253096;279.46;Module 1,11_4;30.85;4,91;10,77;0,08;0,82;4,08
21,11.2019 15:32:39;32.4;0.13;283.4;25.043462723175775;279.46;Module 1,11_4;27.6;4,21;9,63;0,07;0,66;3,55
21,11.2019 15:35:00;31.9;0.12;283.4;22.500288025048917;279.5;Module 1,11_4;24.81;3,83;8,65;0,06;0,53;3,30
21,11.2019 15:36:57;31.5;0.11;283.4;20.40534449165616;279.53;Module 1,11_4;22.51;3,46;7,84;0,06;0,44;3,03
21,11.2019 15:38:51;31.2;0.1;283.4;20.169697355195876;279.54;Module 1,11_4;22.26;3,12;7,76;0,06;0,43;2,69
21,11.2019 15:40:49;31.4;0.12;282.4;21.192508011391205;279.53;Module 1,11_4;23.4;3,77;8,15;0,06;0,47;3,30
21,11.2019 15:42:46;31.5;0.12;282.4;22.73910028834859;279.56;Module 1,11_4;25.12;3,78;8,74;0,06;0,54;3,24
21,11.2019 15:44:41;31.7;0.13;282.4;23.786368753184725;279.54;Module 1,11_4;26.29;4,12;9,14;0,06;0,59;3,53
21,11.2019 15:46:37;31.9;0.13;282.4;24.850163831671303;279.55;Module 1,11_4;27.48;4,15;9,55;0,07;0,65;3,50
21,11.2019 15:48:48;32.1;0.13;282.4;25.54908932814554;279.53;Module 1,11_4;28.27;4,17;9,82;0,07;0,68;3,49
21,11.2019 15:51:01;32.2;0.14;283.4;26.860484651195463;279.53;Module 1,11_4;29.74;4,51;10,33;0,07;0,76;3,75
21,11.2019 15:52:57;32.3;0.14;283.4;27.54912001078479;279.55;Module 1,11_4;30.52;4,52;10,59;0,08;0,80;3,73
21,11.2019 15:54:57;32.3;0.15;283.4;27.856965596708903;279.57;Module 1,11_4;30.88;4,84;10,71;0,08;0,81;4,03
21,11.2019 15:56:49;32.4;0.15;283.4;27.678213751818877;279.6;Module 1,11_4;30.7;4,86;10,64;0,08;0,80;4,06
21,11.2019 15:58:47;32.6;0.15;283.4;28.237065532618672;279.6;Module 1,11_4;31.34;4,89;10,86;0,08;0,84;4,05
21,11.2019 16:00:40;32.6;0.16;283.4;29.425706111299625;279.6;Module 1,11_4;32.68;5,22;11,31;0,08;0,91;4,31
21,11.2019 16:02:37;32.6;0.16;283.4;29.603720669396836;279.6;Module 1,11_4;32.9;5,22;11,38;0,08;0,92;4,30
21,11.2019 16:04:31;32.6;0.16;283.4;30.10508915137073;279.64;Module 1,11_4;33.48;5,22;11,58;0,08;0,95;4,26
21,11.2019 16:06:30;32.6;0.16;283.4;30.819803431252392;279.64;Module 1,11_4;34.3;5,22;11,85;0,08;1,00;4,22
21,11.2019 16:08:31;32.8;0.16;283.4;31.12826359215843;279.65;Module 1,11_4;34.67;5,25;11,97;0,09;1,02;4,23
21,11.2019 16:10:26;32.8;0.16;283.4;30.144771327610282;279.67;Module 1,11_4;33.6;5,25;11,59;0,08;0,95;4,29
21,11.2019 16:12:26;32.6;0.15;283.4;28.829369397077066;279.7;Module 1,11_4;32.16;4,89;11,09;0,08;0,87;4,02
21,11.2019 16:14:25;32.4;0.15;283.4;28.267926849713902;279.67;Module 1,11_4;31.56;4,86;10,87;0,08;0,84;4,02
21,11.2019 16:16:23;32.5;0.15;283.4;28.77180928485469;279.67;Module 1,11_4;32.15;4,88;11,06;0,08;0,87;4,01
21,11.2019 16:18:15;32.5;0.16;283.4;29.579352032474144;279.67;Module 1,11_4;33.08;5,20;11,38;0,08;0,92;4,28
21,11.2019 16:20:12;32.6;0.17;283.4;30.53542653143501;279.7;Module 1,11_4;34.18;5,54;11,74;0,08;0,98;4,56
21,11.2019 16:22:25;32.7;0.17;283.4;31.841728995437283;279.69;Module 1,11_4;35.68;5,56;12,24;0,09;1,06;4,49
21,11.2019 16:24:25;32.8;0.18;283.4;34.55618475807934;279.74;Module 1,11_4;38.76;5,90;13,29;0,09;1,25;4,65
21,11.2019 16:26:24;33.1;0.19;283.4;36.008524988617104;279.75;Module 1,11_4;40.43;6,29;13,84;0,10;1,36;4,93
21,11.2019 16:28:22;33.2;0.21;283.4;38.41784209301854;279.78;Module 1,11_4;43.18;6,97;14,77;0,10;1,55;5,42
21,11.2019 16:30:18;33.3;0.24;283.4;43.52333520478447;279.82;Module 1,11_4;48.97;7,99;16,73;0,12;1,99;6,00
21,11.2019 16:32:20;33.4;0.26;283.4;48.791090377796706;279.85;Module 1,11_4;54.96;8,68;18,76;0,13;2,50;6,18
21,11.2019 16:34:18;33.8;0.29;283.4;52.8584542532341;279.89;Module 1,11_4;59.61;9,80;20,33;0,14;2,93;6,87
21,11.2019 16:36:12;34.1;0.31;283.4;57.527679379590026;279.95;Module 1,11_4;64.95;10,57;22,12;0,16;3,48;7,10
21,11.2019 16:38:19;34.1;0.32;283.4;58.407044440388916;280.01;Module 1,11_4;66.03;10,91;22,45;0,16;3,58;7,33
21,11.2019 16:40:17;34.1;0.27;283.4;50.178776980765626;280.1;Module 1,11_4;56.8;9,21;19,30;0,14;2,64;6,56
21,11.2019 16:42:20;33.9;0.23;285.9;43.687413047150045;280.15;Module 1,11_4;49.52;7,80;16,81;0,12;2,01;5,79
21,11.2019 16:44:19;33.8;0.19;285.9;37.24007373062517;280.16;Module 1,11_4;42.27;6,42;14,34;0,10;1,46;4,96
21,11.2019 16:46:18;33.6;0.16;284.4;31.3807019972179;280.16;Module 1,11_4;35.67;5,38;12,07;0,09;1,03;4,34
21,11.2019 16:48:18;33.1;0.14;284.4;27.012086907244708;280.13;Module 1,11_4;30.75;4,63;10,39;0,07;0,77;3,87
21,11.2019 16:50:11;32.8;0.12;284.4;22.60460580670642;280.09;Module 1,11_4;25.77;3,94;8,70;0,06;0,54;3,40
21,11.2019 16:52:13;32.3;0.1;283.4;19.93192929156571;280.07;Module 1,11_4;22.76;3,23;7,66;0,05;0,42;2,81
21,11.2019 16:54:55;31.4;0.09;283.4;17.169636231443405;280.02;Module 1,11_4;19.65;2,83;6,60;0,05;0,31;2,52
21,11.2019 16:56:54;31;0.08;283.4;15.578624530677775;279.97;Module 1,11_4;17.86;2,48;5,99;0,04;0,25;2,23
21,11.2019 17:02:42;29.9;0.07;282.4;12.362220537824097;279.77;Module 1,11_4;14.25;2,09;4,75;0,03;0,16;1,93
21,11.2019 17:04:36;29.5;0.07;282.4;13.256284984234501;279.71;Module 1,11_4;15.31;2,07;5,09;0,04;0,18;1,88
21,11.2019 17:06:28;29.4;0.08;282.4;15.287020748101408;279.68;Module 1,11_4;17.69;2,35;5,88;0,04;0,25;2,11
21,11.2019 17:08:21;30.5;0.09;282.4;17.635835669389586;279.67;Module 1,11_4;20.45;2,75;6,78;0,05;0,33;2,42
21,11.2019 17:10:14;30.8;0.1;282.4;18.55343035080238;279.65;Module 1,11_4;21.56;3,08;7,13;0,05;0,36;2,72
21,11.2019 17:12:09;31.2;0.1;282.4;17.592836442916344;279.65;Module 1,11_4;20.49;3,12;6,76;0,05;0,32;2,80
21,11.2019 17:14:07;31;0.09;282.4;16.257022055813533;279.64;Module 1,11_4;18.98;2,79;6,25;0,04;0,28;2,51
21,11.2019 17:16:03;30.6;0.09;282.4;16.24245714422029;279.66;Module 1,11_4;19.01;2,75;6,24;0,04;0,28;2,48
21,11.2019 17:17:59;30.4;0.09;282.4;16.73747226405496;279.64;Module 1,11_4;19.64;2,74;6,43;0,05;0,29;2,44
21,11.2019 17:19:57;31;0.1;282.4;18.297920413139348;279.64;Module 1,11_4;21.53;3,10;7,03;0,05;0,35;2,75
21,11.2019 17:21:54;31.1;0.12;282.4;20.347743121749254;279.64;Module 1,11_4;24.01;3,73;7,82;0,06;0,43;3,30
21,11.2019 17:23:52;31.5;0.12;282.4;20.878330112825218;279.63;Module 1,11_4;24.71;3,78;8,02;0,06;0,46;3,32
21,11.2019 17:25:48;31.5;0.09;282.4;17.284706611411856;279.64;Module 1,11_4;20.52;2,83;6,64;0,05;0,31;2,52
21,11.2019 17:27:40;31.3;0.08;282.4;13.737770413535854;279.61;Module 1,11_4;16.36;2,50;5,28;0,04;0,20;2,31
21,11.2019 17:29:33;30.9;0.07;282.4;12.947810705732829;279.57;Module 1,11_4;15.47;2,16;4,98;0,04;0,18;1,99
21,11.2019 17:31:26;30.2;0.07;282.4;11.660537601624489;279.55;Module 1,11_4;13.98;2,11;4,48;0,03;0,14;1,97
21,11.2019 17:33:19;29.9;0.06;282.4;9.91482041012764;279.52;Module 1,11_4;11.93;1,79;3,81;0,03;0,10;1,69
21,11.2019 17:35:13;29.4;0;281.9;9.396819376498412;279.5;Module 1,11_4;11.35;0,00;3,61;0,03;0,09;-0,09
21,11.2019 17:37:06;28.4;0;281.9;9.565654215094796;279.47;Module 1,11_4;11.6;0,00;3,67;0,03;0,10;-0,10
21,11.2019 17:38:58;28.4;0;281.9;9.682095054446993;279.46;Module 1,11_4;11.79;0,00;3,72;0,03;0,10;-0,10
21,11.2019 17:40:51;28.4;0;281.9;8.977284447081411;279.45;Module 1,11_4;10.98;0,00;3,45;0,02;0,08;-0,08
21,11.2019 17:42:43;28.2;0;281.9;7.585084313423026;279.42;Module 1,11_4;9.32;0,00;2,91;0,02;0,06;-0,06
21,11.2019 17:44:36;28.1;0;281.9;6.171235641482171;279.43;Module 1,11_4;7.62;0,00;2,38;0,02;0,04;-0,04
21,11.2019 17:46:30;27.6;0;281.9;5.3334259803584505;279.44;Module 1,11_4;6.62;0,00;2,05;0,01;0,03;-0,03
21,11.2019 17:48:23;32.8;0;281.9;4.4309049672048895;279.43;Module 1,11_4;5.53;0,00;1,70;0,01;0,02;-0,02
21,11.2019 17:50:16;32.4;0;282.4;4.030824342165467;279.4;Module 1,11_4;5.06;0,00;1,55;0,01;0,02;-0,02
21,11.2019 17:52:10;32.1;0;282.4;4.013719643754042;279.39;Module 1,11_4;5.07;0,00;1,54;0,01;0,02;-0,02
21,11.2019 17:54:03;31.8;0;282.4;3.7751004034125883;279.39;Module 1,11_4;4.8;0,00;1,45;0,01;0,01;-0,01
21,11.2019 17:55:56;30;0;282.4;3.3348506548616856;279.35;Module 1,11_4;4.27;0,00;1,28;0,01;0,01;-0,01
21,11.2019 17:57:50;30.2;0;282.4;3.0540120027293134;279.36;Module 1,11_4;3.94;0,00;1,17;0,01;0,01;-0,01
21,11.2019 17:59:42;29.5;0;281.9;2.991457059988371;279.36;Module 1,11_4;3.89;0,00;1,15;0,01;0,01;-0,01
21,11.2019 18:01:37;29.1;0;281.9;2.752010651650033;279.36;Module 1,11_4;3.61;0,00;1,05;0,01;0,01;-0,01
21,11.2019 18:03:29;27.2;0;281.9;2.364384487929963;279.32;Module 1,11_4;3.13;0,00;0,91;0,01;0,01;-0,01
21,11.2019 18:05:23;28.2;0;281.9;2.34079821115151;279.32;Module 1,11_4;3.13;0,00;0,90;0,01;0,01;-0,01
21,11.2019 18:07:19;27.8;0;280.4;2.0932007621208513;279.28;Module 1,11_4;2.83;0,00;0,80;0,01;0,00;-0,00
21,11.2019 18:09:11;27;0;280.4;1.8936566540629003;279.27;Module 1,11_4;2.59;0,00;0,73;0,01;0,00;-0,00
21,11.2019 18:11:04;25.1;0;279.9;1.7831491199928466;279.28;Module 1,11_4;2.47;0,00;0,69;0,00;0,00;-0,00
21,11.2019 18:12:57;24.2;0;279.9;1.8298158812197929;279.27;Module 1,11_4;2.57;0,00;0,70;0,00;0,00;-0,00
21,11.2019 18:14:50;24.9;0;279.9;1.8863910293804786;279.26;Module 1,11_4;2.69;0,00;0,73;0,01;0,00;-0,00
21,11.2019 18:16:43;25.1;0;279.9;1.8758047444863741;279.26;Module 1,11_4;2.72;0,00;0,72;0,01;0,00;-0,00
21,11.2019 18:18:37;24.1;0;279.9;1.7260408984786024;279.25;Module 1,11_4;2.55;0,00;0,66;0,00;0,00;-0,00
21,11.2019 18:20:30;25.7;0;279.9;1.743903100173724;279.25;Module 1,11_4;2.63;0,00;0,67;0,00;0,00;-0,00
21,11.2019 18:22:23;25.6;0;278.3;1.503293634808983;279.23;Module 1,11_4;2.32;0,00;0,58;0,00;0,00;-0,00
21,11.2019 18:24:16;22.5;0;278.3;1.3258468589130263;279.21;Module 1,11_4;2.1;0,00;0,51;0,00;0,00;-0,00
21,11.2019 18:26:09;21.5;0;278.3;1.336338225948018;279.21;Module 1,11_4;2.18;0,00;0,52;0,00;0,00;-0,00
21,11.2019 18:28:02;19.8;0;277.8;1.1200442926089;279.18;Module 1,11_4;1.89;0,00;0,43;0,00;0,00;-0,00
21,11.2019 18:29:55;19.8;0;277.8;0.8547808027186514;279.19;Module 1,11_4;1.5;0,00;0,33;0,00;0,00;-0,00
21,11.2019 18:31:49;19.8;0;277.8;0.7616464944413176;279.19;Module 1,11_4;1.4;0,00;0,29;0,00;0,00;-0,00
22,11.2019 10:12:38;31.6;0;277.8;4.517569024068494;276.78;Module 1,11_4;5.51;0,00;1,73;0,01;0,02;-0,02
22,11.2019 10:14:31;31;0;277.8;4.4828525148830645;276.78;Module 1,11_4;5.45;0,00;1,72;0,01;0,02;-0,02
22,11.2019 10:16:24;32.1;0;277.8;4.75262720805069;276.8;Module 1,11_4;5.76;0,00;1,82;0,01;0,02;-0,02
22,11.2019 10:18:17;27.3;0;279.9;5.33796279805747;276.8;Module 1,11_4;6.45;0,00;2,05;0,01;0,03;-0,03
22,11.2019 10:20:25;33.8;0;279.9;6.277107974748546;276.81;Module 1,11_4;7.56;0,00;2,41;0,02;0,04;-0,04
22,11.2019 10:22:27;34;0;280.4;6.895587696284541;276.82;Module 1,11_4;8.28;0,00;2,65;0,02;0,05;-0,05
22,11.2019 10:24:19;28.2;0;280.4;7.231238623348335;276.82;Module 1,11_4;8.66;0,00;2,77;0,02;0,05;-0,05
22,11.2019 10:26:12;28;0;278.3;8.154150856172164;276.85;Module 1,11_4;9.74;0,00;3,13;0,02;0,07;-0,07
22,11.2019 10:28:06;27.7;0;278.3;8.250310052946542;276.87;Module 1,11_4;9.83;0,00;3,16;0,02;0,07;-0,07
22,11.2019 10:29:59;27.6;0;278.3;8.320789077339567;276.89;Module 1,11_4;9.89;0,00;3,20;0,02;0,07;-0,07
22,11.2019 10:31:51;27.6;0;277.8;8.922004359210192;276.9;Module 1,11_4;10.58;0,00;3,42;0,02;0,08;-0,08
22,11.2019 10:33:44;28.4;0;277.8;9.102854920325475;276.93;Module 1,11_4;10.77;0,00;3,49;0,02;0,09;-0,09
22,11.2019 10:35:37;28.4;0;277.8;9.41087576149966;276.93;Module 1,11_4;11.11;0,00;3,61;0,03;0,09;-0,09
22,11.2019 10:37:29;28.9;0;277.8;10.440886512829888;276.96;Module 1,11_4;12.3;0,00;4,01;0,03;0,11;-0,11
22,11.2019 10:39:23;28.6;0;277.8;10.930482572636011;276.96;Module 1,11_4;12.85;0,00;4,20;0,03;0,12;-0,12
22,11.2019 10:41:16;28.9;0.07;278.3;12.597352989262797;276.94;Module 1,11_4;14.78;2,02;4,84;0,03;0,17;1,86
22,11.2019 10:43:08;29.1;0.09;278.3;15.550703009539982;276.93;Module 1,11_4;18.21;2,62;5,97;0,04;0,25;2,37
22,11.2019 10:45:01;30.8;0.09;278.3;16.435586496734718;276.96;Module 1,11_4;19.21;2,77;6,30;0,04;0,28;2,49
22,11.2019 10:46:53;31.4;0.09;278.3;16.39682038685652;276.97;Module 1,11_4;19.13;2,83;6,29;0,04;0,28;2,54
22,11.2019 10:48:46;31.3;0.1;278.3;17.42198424385944;277;Module 1,11_4;20.29;3,13;6,69;0,05;0,32;2,81
22,11.2019 10:50:39;31.6;0.11;279.9;20.14425513222021;277.01;Module 1,11_4;23.42;3,48;7,73;0,05;0,42;3,05
22,11.2019 10:52:32;31.7;0.08;279.9;15.80123823374052;277.03;Module 1,11_4;18.34;2,54;6,07;0,04;0,26;2,27
22,11.2019 10:54:26;31.2;0.08;279.9;15.740908298972336;277.04;Module 1,11_4;18.24;2,50;6,05;0,04;0,26;2,24
22,11.2019 10:56:19;31.1;0.09;279.9;16.50053455580558;277.03;Module 1,11_4;19.09;2,80;6,34;0,04;0,29;2,51
22,11.2019 10:58:12;31.5;0.1;279.9;18.525674715849885;277.06;Module 1,11_4;21.4;3,15;7,11;0,05;0,36;2,79
22,11.2019 11:00:05;31.1;0.12;279.9;21.71790391998018;277.07;Module 1,11_4;25.05;3,73;8,34;0,06;0,49;3,24
22,11.2019 11:01:57;32;0.12;279.9;22.26152936242288;277.1;Module 1,11_4;25.64;3,84;8,55;0,06;0,52;3,32
22,11.2019 11:03:50;32.3;0.12;279.9;22.727834487723577;277.15;Module 1,11_4;26.14;3,88;8,73;0,06;0,54;3,34
22,11.2019 11:05:43;32.3;0.12;280.4;22.81144986207145;277.16;Module 1,11_4;26.2;3,88;8,76;0,06;0,55;3,33
22,11.2019 11:07:37;32.3;0.12;280.4;22.755192601711958;277.18;Module 1,11_4;26.1;3,88;8,74;0,06;0,54;3,33
22,11.2019 11:09:29;32.3;0.11;280.4;21.53635088555247;277.18;Module 1,11_4;24.67;3,55;8,27;0,06;0,49;3,07
22,11.2019 11:11:22;31.9;0.13;280.4;24.561936013496677;277.18;Module 1,11_4;28.1;4,15;9,43;0,07;0,63;3,52
22,11.2019 11:13:15;32.4;0.14;280.4;26.334041483787974;277.19;Module 1,11_4;30.09;4,54;10,11;0,07;0,73;3,81
22,11.2019 11:15:08;33;0.14;280.4;27.724075265617103;277.19;Module 1,11_4;31.64;4,62;10,65;0,08;0,81;3,81
22,11.2019 11:17:01;32.7;0.14;280.4;26.44964457875912;277.21;Module 1,11_4;30.15;4,58;10,16;0,07;0,73;3,85
22,11.2019 11:18:53;32.7;0.15;280.4;29.360507641454817;277.22;Module 1,11_4;33.43;4,91;11,27;0,08;0,90;4,00
22,11.2019 11:20:46;32.8;0.16;280.4;30.545245936768236;277.25;Module 1,11_4;34.74;5,25;11,73;0,08;0,98;4,27
22,11.2019 11:22:39;33.1;0.16;281.9;29.91847762689635;277.27;Module 1,11_4;33.99;5,30;11,50;0,08;0,94;4,36
22,11.2019 11:24:32;33.1;0.16;281.9;30.752223847489308;277.27;Module 1,11_4;34.9;5,30;11,82;0,08;0,99;4,30
22,11.2019 11:26:25;33.2;0.16;281.9;29.752182661003438;277.27;Module 1,11_4;33.73;5,31;11,43;0,08;0,93;4,38
22,11.2019 11:28:18;33.1;0.14;281.9;26.17104342718092;277.27;Module 1,11_4;29.64;4,63;10,05;0,07;0,72;3,92
22,11.2019 11:30:10;32.7;0.15;281.9;26.83307738337215;277.28;Module 1,11_4;30.36;4,91;10,31;0,07;0,76;4,15
22,11.2019 11:32:05;32.8;0.15;281.9;28.73501233589155;277.29;Module 1,11_4;32.48;4,92;11,04;0,08;0,87;4,05
22,11.2019 11:33:58;33;0.15;281.9;29.15172340349269;277.31;Module 1,11_4;32.92;4,95;11,20;0,08;0,89;4,06
22,11.2019 11:35:50;33.1;0.17;281.9;32.156400151535934;277.33;Module 1,11_4;36.28;5,63;12,36;0,09;1,08;4,54
22,11.2019 11:37:43;33.2;0.2;281.9;37.3217872349988;277.35;Module 1,11_4;42.07;6,64;14,34;0,10;1,46;5,18
22,11.2019 11:39:38;33.5;0.19;281.9;34.95767074068941;277.38;Module 1,11_4;39.37;6,37;13,43;0,10;1,28;5,08
22,11.2019 11:41:33;33.4;0.18;281.9;32.99740860597212;277.4;Module 1,11_4;37.13;6,01;12,68;0,09;1,14;4,87
22,11.2019 11:43:26;33.3;0.19;281.9;35.57765090650301;277.41;Module 1,11_4;40;6,33;13,67;0,10;1,33;5,00
22,11.2019 11:45:19;33.5;0.2;281.9;38.722232703791434;277.43;Module 1,11_4;43.5;6,70;14,88;0,11;1,57;5,13
22,11.2019 11:47:12;33.3;0.17;281.9;31.011351884343323;277.44;Module 1,11_4;34.81;5,66;11,91;0,08;1,01;4,65
22,11.2019 11:49:05;33.2;0.15;281.9;27.888224361585266;277.42;Module 1,11_4;31.28;4,98;10,72;0,08;0,82;4,16
22,11.2019 11:50:57;32.8;0.14;281.9;27.95382122051721;277.42;Module 1,11_4;31.33;4,59;10,74;0,08;0,82;3,77
22,11.2019 11:52:50;32.7;0.16;281.9;30.52824329983666;277.41;Module 1,11_4;34.19;5,23;11,73;0,08;0,98;4,25
22,11.2019 11:54:43;33;0.17;281.9;30.907771708526226;277.41;Module 1,11_4;34.59;5,61;11,88;0,08;1,00;4,61
22,11.2019 11:56:35;33;0.17;281.9;31.457005763043608;277.42;Module 1,11_4;35.18;5,61;12,09;0,09;1,04;4,57
22,11.2019 11:58:28;33.1;0.17;281.9;32.1050978524313;277.4;Module 1,11_4;35.88;5,63;12,34;0,09;1,08;4,55
22,11.2019 12:00:22;33.2;0.18;281.9;33.747631907790385;277.42;Module 1,11_4;37.69;5,98;12,97;0,09;1,19;4,78
22,11.2019 12:02:15;33.2;0.17;281.9;32.16605361114129;277.46;Module 1,11_4;35.9;5,64;12,36;0,09;1,09;4,56
22,11.2019 12:04:08;33;0.16;281.9;30.806048847712837;277.46;Module 1,11_4;34.36;5,28;11,84;0,08;1,00;4,28
22,11.2019 12:06:01;33;0.15;281.9;28.90556005759062;277.46;Module 1,11_4;32.22;4,95;11,11;0,08;0,88;4,07
22,11.2019 12:07:54;32.9;0.15;281.9;28.474472024773757;277.48;Module 1,11_4;31.72;4,93;10,95;0,08;0,85;4,08
22,11.2019 12:09:46;32.8;0.15;281.9;28.02433063618244;277.47;Module 1,11_4;31.2;4,92;10,77;0,08;0,82;4,10
22,11.2019 12:11:41;32.8;0.16;281.9;30.35082940000766;277.47;Module 1,11_4;33.77;5,25;11,66;0,08;0,97;4,28
22,11.2019 12:13:34;33.1;0.17;281.9;31.83399220580358;277.49;Module 1,11_4;35.4;5,63;12,23;0,09;1,06;4,56
22,11.2019 12:15:27;33;0.16;281.9;29.512377675479726;277.5;Module 1,11_4;32.8;5,28;11,34;0,08;0,91;4,37
22,11.2019 12:17:19;32.8;0.09;281.9;18.97735566474655;277.5;Module 1,11_4;21.08;2,95;7,29;0,05;0,38;2,57
22,11.2019 12:19:13;31.5;0.09;281.9;18.23093249376399;277.49;Module 1,11_4;20.24;2,83;7,01;0,05;0,35;2,49
22,11.2019 12:21:19;31.2;0.1;281.9;20.728962545813914;277.44;Module 1,11_4;23;3,12;7,97;0,06;0,45;2,67
22,11.2019 12:23:11;31.3;0.13;280.9;23.660907050831042;277.4;Module 1,11_4;26.24;4,07;9,09;0,06;0,59;3,48
22,11.2019 12:25:04;32.2;0.14;280.9;26.16255140979125;277.39;Module 1,11_4;29;4,51;10,05;0,07;0,72;3,79
22,11.2019 12:26:57;32.6;0.14;280.9;27.71860007356302;277.41;Module 1,11_4;30.71;4,56;10,65;0,08;0,81;3,76
22,11.2019 12:28:50;32.5;0.14;281.9;27.198863629618575;277.42;Module 1,11_4;30.12;4,55;10,45;0,07;0,78;3,77
22,11.2019 12:30:43;32.5;0.15;281.9;28.647806793727455;277.44;Module 1,11_4;31.71;4,88;11,01;0,08;0,86;4,01
22,11.2019 12:32:37;32.5;0.11;281.9;21.493302422417592;277.46;Module 1,11_4;23.78;3,58;8,26;0,06;0,48;3,09
22,11.2019 12:34:30;32.1;0.08;281.9;16.212918990034062;277.46;Module 1,11_4;17.93;2,57;6,23;0,04;0,28;2,29
22,11.2019 12:36:23;31.7;0.08;281.9;17.51342901051672;277.45;Module 1,11_4;19.36;2,54;6,73;0,05;0,32;2,21
22,11.2019 12:38:16;31.3;0.12;281.9;22.805870290036268;277.44;Module 1,11_4;25.2;3,76;8,77;0,06;0,55;3,21
22,11.2019 12:40:08;31.3;0.11;281.9;21.42076770971978;277.44;Module 1,11_4;23.66;3,44;8,23;0,06;0,48;2,96
22,11.2019 12:42:01;31.7;0.17;280.4;31.32868206912841;277.43;Module 1,11_4;34.59;5,39;12,03;0,09;1,03;4,36
22,11.2019 12:43:54;31.9;0.11;280.4;23.48515429510302;277.45;Module 1,11_4;25.92;3,51;9,02;0,06;0,58;2,93
22,11.2019 12:45:46;32.3;0.17;280.4;32.050275572184646;277.46;Module 1,11_4;35.36;5,49;12,30;0,09;1,08;4,42
22,11.2019 12:47:39;32.9;0.19;280.4;35.95182736640992;277.49;Module 1,11_4;39.65;6,25;13,80;0,10;1,35;4,90
22,11.2019 12:49:37;33.2;0.15;280.4;30.32319239729849;277.54;Module 1,11_4;33.43;4,98;11,65;0,08;0,96;4,02
22,11.2019 12:51:31;33.2;0.2;281.9;37.53834123371516;277.56;Module 1,11_4;41.37;6,64;14,42;0,10;1,48;5,16
22,11.2019 12:53:24;33.4;0.19;281.9;36.26201321053111;277.59;Module 1,11_4;39.95;6,35;13,94;0,10;1,38;4,97
22,11.2019 12:55:17;33.3;0.2;281.9;36.618864981120744;277.62;Module 1,11_4;40.33;6,66;14,07;0,10;1,41;5,25
22,11.2019 12:57:14;33.2;0.14;281.9;26.5126469158836;277.61;Module 1,11_4;29.19;4,65;10,19;0,07;0,74;3,91
22,11.2019 12:59:07;32.5;0.12;281.9;23.81329420752563;277.59;Module 1,11_4;26.21;3,90;9,15;0,07;0,59;3,31
22,11.2019 13:00:59;32.5;0.21;281.9;40.27918318375752;277.57;Module 1,11_4;44.32;6,83;15,48;0,11;1,70;5,12
22,11.2019 13:02:53;33.3;0.24;281.9;45.20004728016914;277.61;Module 1,11_4;49.72;7,99;17,37;0,12;2,14;5,85
22,11.2019 13:05:16;33.9;0.14;281.9;27.30969081816776;277.69;Module 1,11_4;30.03;4,75;10,49;0,07;0,78;3,96
22,11.2019 13:06:59;33.5;0.12;281.9;23.541422411712322;277.71;Module 1,11_4;25.88;4,02;9,05;0,06;0,58;3,44
22,11.2019 13:08:52;32;0.13;281.9;25.239962669185086;277.71;Module 1,11_4;27.74;4,16;9,70;0,07;0,67;3,49
22,11.2019 13:10:45;32.1;0.13;281.9;25.064344139509423;277.67;Module 1,11_4;27.54;4,17;9,63;0,07;0,66;3,51
22,11.2019 13:12:40;32.3;0.17;281.9;31.033287983592132;277.68;Module 1,11_4;34.09;5,49;11,92;0,08;1,01;4,48
22,11.2019 13:14:32;33;0.18;281.9;34.13643839191003;277.66;Module 1,11_4;37.49;5,94;13,12;0,09;1,22;4,72
22,11.2019 13:16:25;33.2;0.21;281.9;40.20988371758958;277.65;Module 1,11_4;44.15;6,97;15,45;0,11;1,70;5,28
22,11.2019 13:18:18;33.6;0.22;281.9;42.46881979198967;277.67;Module 1,11_4;46.62;7,39;16,32;0,12;1,89;5,50
22,11.2019 13:20:11;33.7;0.2;281.9;37.11117011455633;277.67;Module 1,11_4;40.73;6,74;14,26;0,10;1,44;5,30
22,11.2019 13:22:03;33.3;0.17;281.9;33.39133447563753;277.64;Module 1,11_4;36.64;5,66;12,83;0,09;1,17;4,49
22,11.2019 13:23:56;33.2;0.19;282.4;36.42413281821119;277.64;Module 1,11_4;39.96;6,31;14,00;0,10;1,39;4,92
22,11.2019 13:25:50;33.4;0.23;282.4;43.8248648359671;277.66;Module 1,11_4;48.07;7,68;16,84;0,12;2,02;5,67
22,11.2019 13:27:43;33.9;0.25;282.4;47.835832326919146;277.7;Module 1,11_4;52.46;8,47;18,38;0,13;2,40;6,07
22,11.2019 13:29:37;33.9;0.23;282.4;42.46331374767138;277.73;Module 1,11_4;46.56;7,80;16,32;0,12;1,89;5,91
22,11.2019 13:31:29;33.8;0.23;282.4;43.54662818174879;277.73;Module 1,11_4;47.74;7,77;16,73;0,12;1,99;5,78
22,11.2019 13:33:22;33.7;0.22;282.4;41.053780480551595;277.67;Module 1,11_4;45;7,41;15,78;0,11;1,77;5,65
22,11.2019 13:35:15;33.7;0.22;282.4;40.65846984052068;277.64;Module 1,11_4;44.56;7,41;15,63;0,11;1,73;5,68
22,11.2019 13:37:08;33.5;0.2;282.4;38.200317838697565;277.64;Module 1,11_4;41.86;6,70;14,68;0,10;1,53;5,17
22,11.2019 13:39:13;33.6;0.21;282.4;38.92704500418477;277.63;Module 1,11_4;42.65;7,06;14,96;0,11;1,59;5,47
22,11.2019 13:41:05;33.7;0.22;282.4;41.71604476771808;277.6;Module 1,11_4;45.7;7,41;16,03;0,11;1,83;5,59
22,11.2019 13:42:58;33.7;0.21;282.4;39.712565488982804;277.59;Module 1,11_4;43.5;7,08;15,27;0,11;1,65;5,42
22,11.2019 13:44:51;33.7;0.22;282.4;41.771329233754244;277.61;Module 1,11_4;45.75;7,41;16,05;0,11;1,83;5,58
22,11.2019 13:46:45;33.6;0.23;282.4;43.19107266134631;277.63;Module 1,11_4;47.3;7,73;16,60;0,12;1,96;5,77
22,11.2019 13:48:38;33.9;0.24;282.4;44.592474641998244;277.66;Module 1,11_4;48.83;8,14;17,14;0,12;2,09;6,05
22,11.2019 13:50:37;33.9;0.23;282.4;42.486924316734054;277.68;Module 1,11_4;46.52;7,80;16,33;0,12;1,89;5,90
22,11.2019 13:52:30;33.8;0.23;282.4;43.559038002894425;277.66;Module 1,11_4;47.69;7,77;16,74;0,12;1,99;5,78
22,11.2019 13:54:23;33.8;0.22;282.4;42.03680667900418;277.67;Module 1,11_4;46.02;7,44;16,16;0,11;1,85;5,58
22,11.2019 13:56:16;33.6;0.23;282.4;43.14495009499707;277.7;Module 1,11_4;47.23;7,73;16,59;0,12;1,95;5,77
22,11.2019 13:58:09;33.8;0.22;282.4;43.348486685980234;277.73;Module 1,11_4;47.45;7,44;16,66;0,12;1,97;5,46
22,11.2019 14:00:02;33.8;0.22;282.4;42.638115118262704;277.75;Module 1,11_4;46.67;7,44;16,39;0,12;1,91;5,53
22,11.2019 14:01:55;33.7;0.23;282.4;43.65415505819065;277.76;Module 1,11_4;47.78;7,75;16,78;0,12;2,00;5,75
22,11.2019 14:03:48;33.8;0.23;282.4;43.134965287774044;277.77;Module 1,11_4;47.21;7,77;16,58;0,12;1,95;5,82
22,11.2019 14:05:42;33.9;0.23;282.4;43.82152603545185;277.78;Module 1,11_4;47.96;7,80;16,84;0,12;2,01;5,78
22,11.2019 14:07:38;33.8;0.22;282.4;42.278301011015046;277.78;Module 1,11_4;46.27;7,44;16,25;0,12;1,88;5,56
22,11.2019 14:09:32;33.6;0.23;282.4;43.9784665758103;277.79;Module 1,11_4;48.13;7,73;16,91;0,12;2,03;5,70
22,11.2019 14:11:24;34.1;0.24;282.4;46.45501557947412;277.78;Module 1,11_4;50.84;8,18;17,85;0,13;2,26;5,92
22,11.2019 14:13:17;34;0.24;282.4;47.42354712378546;277.78;Module 1,11_4;51.9;8,16;18,23;0,13;2,36;5,80
22,11.2019 14:15:09;33.9;0.23;282.4;45.29413385337513;277.78;Module 1,11_4;49.57;7,80;17,41;0,12;2,15;5,64
22,11.2019 14:17:03;33.8;0.21;282.4;41.346103347876564;277.76;Module 1,11_4;45.25;7,10;15,89;0,11;1,79;5,30
22,11.2019 14:18:56;33.6;0.25;282.4;47.357295910794875;277.78;Module 1,11_4;51.83;8,40;18,20;0,13;2,35;6,05
22,11.2019 14:20:50;34.1;0.24;282.4;46.36902255840506;277.79;Module 1,11_4;50.75;8,18;17,82;0,13;2,26;5,93
22,11.2019 14:22:52;34;0.24;282.4;45.82799642426107;277.84;Module 1,11_4;50.16;8,16;17,62;0,13;2,20;5,96
22,11.2019 14:24:47;34;0.24;282.4;45.99935240012996;277.89;Module 1,11_4;50.35;8,16;17,68;0,13;2,22;5,94
22,11.2019 14:26:41;34;0.24;282.4;45.43037276814614;277.9;Module 1,11_4;49.73;8,16;17,46;0,12;2,17;5,99
22,11.2019 14:28:35;33.9;0.23;282.4;43.23509808283205;277.88;Module 1,11_4;47.33;7,80;16,62;0,12;1,96;5,84
22,11.2019 14:30:28;33.9;0.24;282.4;44.7391363228364;277.86;Module 1,11_4;48.98;8,14;17,20;0,12;2,10;6,04
22,11.2019 14:32:22;33.9;0.24;282.4;45.41141077307809;277.9;Module 1,11_4;49.72;8,14;17,45;0,12;2,16;5,97
22,11.2019 14:34:16;33.9;0.23;282.4;43.90963317418822;277.91;Module 1,11_4;48.08;7,80;16,88;0,12;2,02;5,77
22,11.2019 14:36:09;33.8;0.22;282.4;42.40780615838591;277.92;Module 1,11_4;46.44;7,44;16,30;0,12;1,89;5,55
22,11.2019 14:38:17;33.7;0.22;282.4;43.178870385108475;277.89;Module 1,11_4;47.29;7,41;16,59;0,12;1,96;5,46
22,11.2019 14:40:10;33.9;0.24;282.4;44.50687821866603;277.84;Module 1,11_4;48.75;8,14;17,11;0,12;2,08;6,06
22,11.2019 14:42:02;34;0.25;282.4;47.541278783007485;277.84;Module 1,11_4;52.08;8,50;18,27;0,13;2,37;6,13
22,11.2019 14:43:55;34;0.25;282.4;48.219611276755565;277.87;Module 1,11_4;52.83;8,50;18,53;0,13;2,44;6,06
22,11.2019 14:45:51;34;0.25;282.4;48.41347824211451;277.87;Module 1,11_4;53.05;8,50;18,61;0,13;2,46;6,04
22,11.2019 14:47:44;34;0.27;282.4;51.38093361894162;277.82;Module 1,11_4;56.31;9,18;19,75;0,14;2,77;6,41
22,11.2019 14:49:52;34.2;0.28;282.4;52.65809665696556;277.81;Module 1,11_4;57.72;9,58;20,24;0,14;2,91;6,67
22,11.2019 14:51:44;34.2;0.28;282.4;51.7463347165683;277.8;Module 1,11_4;56.73;9,58;19,89;0,14;2,81;6,77
22,11.2019 14:53:49;34.3;0.3;282.4;57.819069686793554;277.8;Module 1,11_4;63.4;10,29;22,22;0,16;3,51;6,78
22,11.2019 14:55:41;34.4;0.29;282.4;55.45592600618106;277.84;Module 1,11_4;60.82;9,98;21,31;0,15;3,23;6,75
22,11.2019 14:57:34;34.2;0.28;282.4;52.910746545430996;277.82;Module 1,11_4;58.04;9,58;20,34;0,14;2,94;6,64
22,11.2019 14:59:28;34.1;0.29;282.4;55.74346608669441;277.81;Module 1,11_4;61.16;9,89;21,42;0,15;3,26;6,63
22,11.2019 15:01:21;34.3;0.28;282.4;54.36461692818128;277.81;Module 1,11_4;59.66;9,60;20,90;0,15;3,10;6,50
22,11.2019 15:03:14;34.2;0.25;282.4;48.17557064111941;277.79;Module 1,11_4;52.88;8,55;18,52;0,13;2,44;6,11
22,11.2019 15:05:06;33.9;0.25;282.4;47.0531564103366;277.78;Module 1,11_4;51.66;8,47;18,09;0,13;2,32;6,15
22,11.2019 15:07:06;34;0.25;282.4;48.98045739500101;277.82;Module 1,11_4;53.79;8,50;18,83;0,13;2,52;5,98
22,11.2019 15:09:17;34.1;0.25;282.4;48.87485766688644;277.79;Module 1,11_4;53.69;8,53;18,79;0,13;2,51;6,02
22,11.2019 15:12:45;34;0.27;282.4;50.797456021451836;277.75;Module 1,11_4;55.83;9,18;19,52;0,14;2,71;6,47
22,11.2019 15:14:38;34.3;0.28;282.4;52.474693405511616;277.71;Module 1,11_4;57.69;9,60;20,17;0,14;2,89;6,71
22,11.2019 15:16:47;34.2;0.25;282.4;48.00124510184734;277.69;Module 1,11_4;52.79;8,55;18,45;0,13;2,42;6,13
22,11.2019 15:18:45;34;0.25;282.4;47.02208271306149;277.69;Module 1,11_4;51.73;8,50;18,07;0,13;2,32;6,18
22,11.2019 15:20:38;34;0.25;282.4;47.63386507141223;277.74;Module 1,11_4;52.42;8,50;18,30;0,13;2,38;6,12
22,11.2019 15:22:31;34;0.23;282.4;44.456686422612876;277.78;Module 1,11_4;48.94;7,82;17,09;0,12;2,07;5,75
22,11.2019 15:24:55;34;0.25;282.4;48.13242250168702;277.79;Module 1,11_4;53.01;8,50;18,50;0,13;2,43;6,07
22,11.2019 15:26:48;34.1;0.26;282.4;49.385670855545506;277.8;Module 1,11_4;54.41;8,87;18,98;0,13;2,56;6,31
22,11.2019 15:28:42;34.1;0.24;282.4;46.762964076130366;277.81;Module 1,11_4;51.54;8,18;17,98;0,13;2,29;5,89
22,11.2019 15:30:35;34.1;0.25;282.4;48.123375816465;277.86;Module 1,11_4;53.06;8,53;18,50;0,13;2,43;6,10
22,11.2019 15:32:52;34;0.22;282.4;42.21655470306913;277.87;Module 1,11_4;46.57;7,48;16,23;0,12;1,87;5,61
22,11.2019 15:34:45;33.9;0.22;282.4;41.04811082331425;277.85;Module 1,11_4;45.3;7,46;15,77;0,11;1,77;5,69
22,11.2019 15:36:38;33.4;0.14;282.4;27.32641777719065;277.8;Module 1,11_4;30.17;4,68;10,50;0,07;0,78;3,89
22,11.2019 15:38:31;32.9;0.07;282.4;16.20565923459239;277.75;Module 1,11_4;17.9;2,30;6,23;0,04;0,28;2,03
22,11.2019 15:40:27;30.8;0.07;281.9;15.103047819354417;277.65;Module 1,11_4;16.69;2,16;5,80;0,04;0,24;1,92
22,11.2019 15:42:19;29.9;0.1;281.9;18.542032846893534;277.62;Module 1,11_4;20.5;2,99;7,13;0,05;0,36;2,63
22,11.2019 15:44:13;31.2;0.17;281.9;31.70473652379156;277.6;Module 1,11_4;35.07;5,30;12,18;0,09;1,05;4,25
22,11.2019 15:46:07;31.6;0.15;281.9;27.12545720381178;277.6;Module 1,11_4;30.02;4,74;10,42;0,07;0,77;3,97
22,11.2019 15:48:00;31.8;0.1;281.9;21.105616734011342;277.61;Module 1,11_4;23.37;3,18;8,11;0,06;0,47;2,71
22,11.2019 15:49:52;31.4;0.11;280.9;21.753257270230975;277.6;Module 1,11_4;24.1;3,45;8,36;0,06;0,50;2,96
22,11.2019 15:51:45;31.4;0.17;280.9;31.4389898051221;277.63;Module 1,11_4;34.85;5,34;12,08;0,09;1,04;4,30
22,11.2019 15:53:40;33.2;0.31;280.9;57.46777716708507;277.68;Module 1,11_4;63.74;10,29;22,07;0,16;3,46;6,83
22,11.2019 15:55:54;34.2;0.35;281.9;63.31065735029111;277.82;Module 1,11_4;70.27;11,97;24,32;0,17;4,20;7,77
22,11.2019 15:57:47;34.5;0.33;281.9;57.284114243421776;277.93;Module 1,11_4;63.62;11,38;22,02;0,16;3,44;7,94
22,11.2019 15:59:39;34.2;0.21;282.4;42.59873382297605;277.96;Module 1,11_4;47.34;7,18;16,38;0,12;1,90;5,28
22,11.2019 16:01:37;34;0.2;282.4;38.7659804853995;277.96;Module 1,11_4;43.11;6,80;14,90;0,11;1,58;5,22
22,11.2019 16:03:35;33.6;0.17;282.4;33.1224814961645;277.96;Module 1,11_4;36.86;5,71;12,73;0,09;1,15;4,56
22,11.2019 16:05:28;33.1;0.15;282.4;30.57617539641953;277.97;Module 1,11_4;34.05;4,96;11,75;0,08;0,98;3,98
22,11.2019 16:07:44;32.7;0.16;282.4;30.433134657961368;277.95;Module 1,11_4;33.92;5,23;11,70;0,08;0,97;4,26
22,11.2019 16:09:38;32.8;0.15;282.4;28.69797637713721;277.93;Module 1,11_4;32.01;4,92;11,03;0,08;0,86;4,06
22,11.2019 16:11:31;32.7;0.13;282.4;26.21244523110223;277.95;Module 1,11_4;29.26;4,25;10,08;0,07;0,72;3,53
22,11.2019 16:13:24;32.6;0.12;282.4;23.944972492680265;277.96;Module 1,11_4;26.75;3,91;9,20;0,07;0,60;3,31
22,11.2019 16:15:17;31.8;0.12;282.4;23.76450881364809;277.92;Module 1,11_4;26.57;3,82;9,13;0,06;0,59;3,22
22,11.2019 16:17:10;32.1;0.14;282.4;25.9698036104751;277.9;Module 1,11_4;29.06;4,49;9,98;0,07;0,71;3,79
22,11.2019 16:19:06;32.5;0.15;281.9;28.223563960093937;277.89;Module 1,11_4;31.61;4,88;10,84;0,08;0,84;4,04
22,11.2019 16:20:59;32.6;0.16;281.9;32.57845730696957;277.91;Module 1,11_4;36.52;5,22;12,52;0,09;1,11;4,10
22,11.2019 16:22:52;32.9;0.19;281.9;36.443249769442694;277.95;Module 1,11_4;40.89;6,25;14,01;0,10;1,39;4,86
22,11.2019 16:24:46;33.4;0.22;281.9;41.8575873899902;277.97;Module 1,11_4;47.01;7,35;16,09;0,11;1,84;5,51
22,11.2019 16:26:44;33.6;0.25;281.9;47.08941038148494;278;Module 1,11_4;52.94;8,40;18,09;0,13;2,33;6,07
22,11.2019 16:28:38;34;0.24;282.4;45.21086851867031;278.03;Module 1,11_4;50.88;8,16;17,38;0,12;2,14;6,02
22,11.2019 16:30:33;34;0.23;282.4;42.109344528792775;278.07;Module 1,11_4;47.44;7,82;16,19;0,11;1,86;5,96
22,11.2019 16:32:26;33.8;0.22;282.4;40.91125130340923;278.1;Module 1,11_4;46.14;7,44;15,73;0,11;1,76;5,68
22,11.2019 16:34:47;33.7;0.21;282.4;38.729143044237624;278.15;Module 1,11_4;43.74;7,08;14,88;0,11;1,57;5,50
22,11.2019 16:36:39;33.6;0.2;282.4;36.49130039680147;278.16;Module 1,11_4;41.26;6,72;14,02;0,10;1,40;5,32
22,11.2019 16:38:34;33.4;0.2;282.4;36.932697451510506;278.17;Module 1,11_4;41.81;6,68;14,20;0,10;1,43;5,25
22,11.2019 16:40:26;33.5;0.18;282.4;35.21113426528035;278.21;Module 1,11_4;39.91;6,03;13,53;0,10;1,30;4,73
22,11.2019 16:42:31;33.4;0.17;282.4;33.14376795061091;278.23;Module 1,11_4;37.62;5,68;12,74;0,09;1,15;4,53
22,11.2019 16:44:23;33.3;0.18;282.4;34.36724021200815;278.25;Module 1,11_4;39.06;5,99;13,21;0,09;1,24;4,75
22,11.2019 16:46:16;33.3;0.2;282.4;36.64860039193749;278.25;Module 1,11_4;41.71;6,66;14,09;0,10;1,41;5,25
22,11.2019 16:48:09;33.6;0.21;282.4;39.2113649261221;278.25;Module 1,11_4;44.69;7,06;15,07;0,11;1,61;5,44
22,11.2019 16:50:36;33.6;0.2;282.4;37.01698462234445;278.28;Module 1,11_4;42.27;6,72;14,23;0,10;1,44;5,28
22,11.2019 16:52:28;33.4;0.2;282.4;36.57603697905477;278.32;Module 1,11_4;41.83;6,68;14,05;0,10;1,40;5,28
22,11.2019 16:54:22;33.4;0.19;282.4;35.295306448912406;278.36;Module 1,11_4;40.43;6,35;13,56;0,10;1,31;5,04
22,11.2019 16:56:16;33.3;0.18;282.4;32.944607715446764;278.37;Module 1,11_4;37.8;5,99;12,66;0,09;1,14;4,86
22,11.2019 16:58:09;32.9;0.17;282.4;31.122262818909537;278.35;Module 1,11_4;35.77;5,59;11,96;0,08;1,02;4,58
22,11.2019 17:00:02;32.9;0.14;282.4;26.53359069196992;278.35;Module 1,11_4;30.55;4,61;10,20;0,07;0,74;3,87
22,11.2019 17:01:55;32.8;0.11;282.4;22.193659958300955;278.35;Module 1,11_4;25.6;3,61;8,53;0,06;0,52;3,09
22,11.2019 17:04:06;32.2;0.1;282.4;19.558224767504594;278.37;Module 1,11_4;22.61;3,22;7,52;0,05;0,40;2,82
22,11.2019 17:06:02;31.5;0.09;282.4;17.964510129322147;278.38;Module 1,11_4;20.81;2,83;6,91;0,05;0,34;2,50
22,11.2019 17:07:54;31.2;0.09;282.4;18.384396280958768;278.36;Module 1,11_4;21.34;2,81;7,06;0,05;0,35;2,45
22,11.2019 17:09:48;31.1;0.1;282.4;18.68851908552611;278.32;Module 1,11_4;21.74;3,11;7,18;0,05;0,37;2,74
22,11.2019 17:11:41;31.4;0.11;281.9;21.580299064958112;278.29;Module 1,11_4;25.16;3,45;8,29;0,06;0,49;2,97
22,11.2019 17:13:35;31.7;0.14;281.9;25.243651068151852;278.3;Module 1,11_4;29.5;4,44;9,70;0,07;0,67;3,77
22,11.2019 17:15:27;31.9;0.17;281.9;30.245556849227594;278.29;Module 1,11_4;35.43;5,42;11,63;0,08;0,96;4,46
22,11.2019 17:17:21;33.3;0.17;281.9;29.95600981252294;278.28;Module 1,11_4;35.18;5,66;11,51;0,08;0,94;4,72
22,11.2019 17:19:13;33;0.17;281.9;30.820973953858605;278.3;Module 1,11_4;36.29;5,61;11,84;0,08;1,00;4,61
22,11.2019 17:21:25;33.2;0.18;282.4;31.069424849730826;278.35;Module 1,11_4;36.7;5,98;11,95;0,08;1,01;4,96
22,11.2019 17:23:18;33.1;0.17;282.4;28.87830484464688;278.39;Module 1,11_4;34.21;5,63;11,10;0,08;0,87;4,75
22,11.2019 17:25:11;33;0.16;282.4;27.83226414167647;278.39;Module 1,11_4;33.07;5,28;10,70;0,08;0,81;4,47
22,11.2019 17:27:03;32.9;0.15;282.4;26.411787644168903;278.4;Module 1,11_4;31.48;4,93;10,15;0,07;0,73;4,20
22,11.2019 17:28:56;32.7;0.15;282.4;26.06595405956208;278.45;Module 1,11_4;31.17;4,91;10,02;0,07;0,71;4,19
22,11.2019 17:30:48;32.5;0.15;282.4;25.185532576194873;278.5;Module 1,11_4;30.22;4,88;9,68;0,07;0,67;4,21
22,11.2019 17:32:41;32.6;0.14;282.4;24.181485961317016;278.56;Module 1,11_4;29.12;4,56;9,30;0,07;0,61;3,95
22,11.2019 17:34:35;32.3;0.13;282.4;22.410089369827077;278.58;Module 1,11_4;27.09;4,20;8,61;0,06;0,53;3,67
22,11.2019 17:36:50;32.2;0.12;282.4;19.545361399058528;278.6;Module 1,11_4;23.74;3,86;7,52;0,05;0,40;3,46
22,11.2019 17:38:43;32;0.11;282.4;18.610433241073864;278.59;Module 1,11_4;22.7;3,52;7,16;0,05;0,36;3,16
22,11.2019 17:40:35;31.5;0.1;281.9;17.402276627614263;278.53;Module 1,11_4;21.32;3,15;6,69;0,05;0,32;2,83
22,11.2019 17:42:30;31.3;0.09;281.9;16.67777196894985;278.47;Module 1,11_4;20.53;2,82;6,41;0,05;0,29;2,53
22,11.2019 17:44:28;31.1;0.09;281.9;15.217871026759008;278.46;Module 1,11_4;18.83;2,80;5,84;0,04;0,24;2,56
22,11.2019 17:46:20;30.8;0.07;281.9;12.65474294366391;278.46;Module 1,11_4;15.74;2,16;4,86;0,03;0,17;1,99
22,11.2019 17:48:13;30.1;0.07;281.9;11.289523597640548;278.43;Module 1,11_4;14.12;2,11;4,34;0,03;0,13;1,97
22,11.2019 17:50:06;29.7;0;281.9;9.975442259433853;278.42;Module 1,11_4;12.55;0,00;3,84;0,03;0,10;-0,10
22,11.2019 17:52:30;28.9;0;281.9;8.468553892241207;278.41;Module 1,11_4;10.74;0,00;3,26;0,02;0,08;-0,08
22,11.2019 17:54:23;28.5;0;280.4;7.996455034618437;278.39;Module 1,11_4;10.21;0,00;3,07;0,02;0,07;-0,07
22,11.2019 17:56:17;28.1;0;280.4;6.772263858807454;278.36;Module 1,11_4;8.71;0,00;2,60;0,02;0,05;-0,05
22,11.2019 17:58:11;27.7;0;280.4;6.542410106398615;278.31;Module 1,11_4;8.48;0,00;2,52;0,02;0,04;-0,04
22,11.2019 18:00:04;27;0;280.4;6.305034510097592;278.27;Module 1,11_4;8.24;0,00;2,42;0,02;0,04;-0,04
22,11.2019 18:01:57;26.7;0;280.4;5.794419409375738;278.21;Module 1,11_4;7.64;0,00;2,23;0,02;0,04;-0,04
22,11.2019 18:03:51;26.3;0;279.9;4.837592735849093;278.17;Module 1,11_4;6.44;0,00;1,86;0,01;0,02;-0,02
22,11.2019 18:05:44;32.5;0;279.9;4.141283529808097;278.14;Module 1,11_4;5.57;0,00;1,59;0,01;0,02;-0,02
22,11.2019 18:07:40;29.6;0;279.9;3.2342213783263443;278.14;Module 1,11_4;4.4;0,00;1,24;0,01;0,01;-0,01
22,11.2019 18:09:33;29.7;0;279.9;2.7523502506152386;278.13;Module 1,11_4;3.79;0,00;1,05;0,01;0,01;-0,01
22,11.2019 18:11:29;28.6;0;279.9;2.471747449677326;278.1;Module 1,11_4;3.45;0,00;0,95;0,01;0,01;-0,01
22,11.2019 18:13:22;28.6;0;279.9;2.062047950439105;278.07;Module 1,11_4;2.92;0,00;0,79;0,01;0,00;-0,00
22,11.2019 18:15:16;26;0;278.3;1.8694834105257776;278.06;Module 1,11_4;2.69;0,00;0,72;0,01;0,00;-0,00
22,11.2019 18:17:11;20.6;0;278.3;1.4814598714797391;278.04;Module 1,11_4;2.17;0,00;0,57;0,00;0,00;-0,00
22,11.2019 18:19:05;20.6;0;278.3;1.2518569329914346;278.03;Module 1,11_4;1.87;0,00;0,48;0,00;0,00;-0,00
22,11.2019 18:20:58;20.6;0;278.3;1.0808840362894865;278.03;Module 1,11_4;1.65;0,00;0,41;0,00;0,00;-0,00
23,11.2019 09:31:44;34.9;0;275.8;7.000668612670044;274.26;Module 1,11_4;9.69;0,00;2,68;0,02;0,05;-0,05
23,11.2019 09:33:38;28;0;275.8;7.978512982458248;274.28;Module 1,11_4;10.94;0,00;3,05;0,02;0,07;-0,07
23,11.2019 09:35:32;28.7;0;275.8;8.40998098442096;274.32;Module 1,11_4;11.43;0,00;3,23;0,02;0,07;-0,07
23,11.2019 09:37:24;28.9;0;273.8;9.562262586788755;274.37;Module 1,11_4;12.89;0,00;3,66;0,03;0,10;-0,10
23,11.2019 09:39:17;29.7;0;273.8;9.891403427125555;274.41;Module 1,11_4;13.23;0,00;3,79;0,03;0,10;-0,10
23,11.2019 09:41:12;30.6;0;274.3;10.38778214215558;274.43;Module 1,11_4;13.79;0,00;3,98;0,03;0,11;-0,11
23,11.2019 09:43:05;30.8;0.07;274.3;11.188778768740825;274.46;Module 1,11_4;14.75;2,16;4,29;0,03;0,13;2,03
23,11.2019 09:45:02;31.1;0.07;274.3;12.052351886119904;274.53;Module 1,11_4;15.78;2,18;4,62;0,03;0,15;2,03
23,11.2019 09:46:57;31.7;0.07;275.3;12.436988562614587;274.6;Module 1,11_4;16.18;2,22;4,77;0,03;0,16;2,06
23,11.2019 09:48:49;31.9;0.07;275.3;13.28390966580816;274.65;Module 1,11_4;17.18;2,23;5,09;0,04;0,18;2,05
23,11.2019 09:50:54;32.2;0.08;275.8;14.946855998066056;274.71;Module 1,11_4;19.21;2,58;5,73;0,04;0,23;2,34
23,11.2019 09:52:48;32.8;0.09;275.8;16.209498588623134;274.83;Module 1,11_4;20.72;2,95;6,21;0,04;0,27;2,68
23,11.2019 09:54:41;33;0.09;275.8;17.48813844721522;274.89;Module 1,11_4;22.24;2,97;6,70;0,05;0,32;2,65
23,11.2019 09:56:34;33.4;0.1;276.3;19.19398650280899;274.96;Module 1,11_4;24.29;3,34;7,36;0,05;0,38;2,96
23,11.2019 09:58:32;33.5;0.11;276.3;20.582394856972453;274.98;Module 1,11_4;25.92;3,69;7,89;0,06;0,44;3,24
23,11.2019 10:00:25;33.7;0.12;276.3;21.823319603670917;274.97;Module 1,11_4;27.36;4,04;8,37;0,06;0,50;3,55
23,11.2019 10:02:18;34.1;0.12;276.3;23.479147625386204;275.03;Module 1,11_4;29.31;4,09;9,00;0,06;0,58;3,52
23,11.2019 10:04:10;34.1;0.13;276.3;24.845840111136564;275.07;Module 1,11_4;30.89;4,43;9,52;0,07;0,64;3,79
23,11.2019 10:06:07;34.1;0.13;276.3;25.948888030390847;275.14;Module 1,11_4;32.13;4,43;9,95;0,07;0,70;3,73
23,11.2019 10:08:02;34.3;0.14;276.3;26.819103853505684;275.19;Module 1,11_4;33.08;4,80;10,28;0,07;0,75;4,05
23,11.2019 10:09:55;34.5;0.14;276.3;27.510648521842256;275.24;Module 1,11_4;33.81;4,83;10,55;0,07;0,79;4,04
23,11.2019 10:11:48;34.5;0.14;278.3;28.292751824631296;275.31;Module 1,11_4;34.65;4,83;10,86;0,08;0,84;3,99
23,11.2019 10:13:42;34.6;0.14;278.3;28.667351723393153;275.35;Module 1,11_4;34.99;4,84;11,00;0,08;0,86;3,98
23,11.2019 10:15:36;34.4;0.14;278.3;28.908965552512484;275.39;Module 1,11_4;35.17;4,82;11,09;0,08;0,87;3,94
23,11.2019 10:17:29;34.5;0.15;278.3;29.469131732054144;275.4;Module 1,11_4;35.74;5,17;11,30;0,08;0,91;4,27
23,11.2019 10:19:32;34.6;0.14;278.3;30.161058895904404;275.42;Module 1,11_4;36.46;4,84;11,57;0,08;0,95;3,89
23,11.2019 10:21:28;34.5;0.14;278.3;30.756652636789166;275.42;Module 1,11_4;37.07;4,83;11,80;0,08;0,99;3,84
23,11.2019 10:23:21;34.6;0.14;278.3;31.08368239432923;275.43;Module 1,11_4;37.36;4,84;11,93;0,08;1,01;3,83
23,11.2019 10:25:14;34.6;0.14;278.3;31.659573020131646;275.45;Module 1,11_4;37.95;4,84;12,15;0,09;1,05;3,80
23,11.2019 10:27:07;34.6;0.14;278.3;32.59507033681138;275.5;Module 1,11_4;38.97;4,84;12,51;0,09;1,11;3,73
23,11.2019 10:29:00;34.6;0.14;278.3;36.08141356661692;275.54;Module 1,11_4;43.03;4,84;13,84;0,10;1,36;3,48
23,11.2019 10:30:57;34.6;0.15;278.3;43.28392813546414;275.58;Module 1,11_4;51.49;5,19;16,61;0,12;1,96;3,23
23,11.2019 10:32:50;34.6;0.15;278.3;55.54442857377613;275.65;Module 1,11_4;65.92;5,19;21,31;0,15;3,23;1,96
23,11.2019 10:34:43;34.7;0.15;278.3;69.33514448977635;275.72;Module 1,11_4;82.1;5,21;26,59;0,19;5,03;0,18
23,11.2019 10:36:35;34.7;0.15;278.3;148.3847430722058;275.9;Module 1,11_4;175.32;5,21;37,48;0,53;19,88;-14,67
23,11.2019 10:38:29;34.9;0.15;278.3;202.1317194350319;276.35;Module 1,11_4;238.31;5,23;38,37;0,81;30,89;-25,66
23,11.2019 10:40:23;34.4;0.16;278.3;173.23000957129028;276.86;Module 1,11_4;203.81;5,50;37,98;0,66;24,95;-19,44
23,11.2019 10:42:15;32.1;0.18;278.3;174.7156038009358;277.14;Module 1,11_4;205.15;5,78;38,01;0,66;25,25;-19,48
23,11.2019 10:44:08;29.9;0.19;278.3;210.51039592411564;277.5;Module 1,11_4;246.7;5,68;38,45;0,85;32,62;-26,94
23,11.2019 10:46:04;29.9;0.35;278.3;210.93534037526996;277.82;Module 1,11_4;246.72;10,46;38,45;0,85;32,71;-22,25
23,11.2019 10:47:57;39.8;1.02;278.3;217.28299515713275;278.03;Module 1,11_4;253.68;40,60;38,52;0,88;34,02;6,57
23,11.2019 10:49:50;36.7;1.19;278.3;227.33092155417665;278.28;Module 1,11_4;264.94;43,67;38,60;0,94;36,10;7,57
23,11.2019 10:51:49;28.6;1.21;278.3;230.99335467546385;278.55;Module 1,11_4;268.72;34,61;38,63;0,95;36,86;-2,25
23,11.2019 10:53:55;28.6;1.29;278.3;243.4294381627808;278.8;Module 1,11_4;282.66;36,89;38,71;1,02;39,43;-2,54
23,11.2019 10:55:49;30.4;1.33;279.9;251.92792685870617;279.02;Module 1,11_4;292.05;40,43;38,49;1,06;40,98;-0,55
23,11.2019 10:57:46;28.2;1.37;279.9;255.87304131020272;279.17;Module 1,11_4;296.14;38,63;38,52;1,09;41,79;-3,16
23,11.2019 10:59:38;27.6;1.4;279.9;264.09303009618117;279.38;Module 1,11_4;305.19;38,64;38,55;1,13;43,48;-4,84
23,11.2019 11:01:43;27;1.44;279.9;271.97349961238666;279.53;Module 1,11_4;313.78;38,88;38,59;1,17;45,10;-6,22
23,11.2019 11:03:37;23.8;1.47;279.9;278.34236996578414;279.69;Module 1,11_4;320.66;34,99;38,63;1,20;46,41;-11,43
23,11.2019 11:05:30;29.1;1.48;279.9;283.69752644225656;279.81;Module 1,11_4;326.37;43,07;38,65;1,23;47,52;-4,45
23,11.2019 11:07:23;30.3;1.53;279.9;294.1311013516944;280;Module 1,11_4;337.91;46,36;38,69;1,28;49,66;-3,30
23,11.2019 11:09:25;29.9;1.47;282.4;284.5908218162351;280.04;Module 1,11_4;326.48;43,95;38,22;1,24;47,30;-3,35
23,11.2019 11:11:18;31.1;1.54;282.4;301.63944773589725;280.04;Module 1,11_4;345.59;47,89;38,28;1,33;50,77;-2,87
23,11.2019 11:13:13;30.7;1.55;283.4;310.9762387504594;280.17;Module 1,11_4;355.83;47,59;38,14;1,38;52,48;-4,89
23,11.2019 11:15:07;36.1;1.58;283.4;313.6021080634189;280.24;Module 1,11_4;358.39;57,04;38,15;1,39;53,01;4,03
23,11.2019 11:17:04;36.4;1.6;283.4;322.9624173925509;280.49;Module 1,11_4;368.63;58,24;38,17;1,44;54,90;3,34
23,11.2019 11:18:57;35.9;1.64;286.4;327.8301887098762;280.47;Module 1,11_4;373.75;58,88;37,66;1,47;55,28;3,59
23,11.2019 11:20:50;35.8;1.68;286.4;330.451099205001;280.6;Module 1,11_4;376.31;60,14;37,67;1,48;55,80;4,34
23,11.2019 11:22:44;35.2;1.7;287.9;335.3218563328652;280.75;Module 1,11_4;381.43;59,84;37,42;1,51;56,46;3,38
23,11.2019 11:25:28;35.3;1.74;287.9;342.6073810494441;280.88;Module 1,11_4;389.11;61,42;37,44;1,55;57,90;3,52
23,11.2019 11:27:21;35.3;1.77;287.9;347.4774361901084;281;Module 1,11_4;394.23;62,48;37,45;1,57;58,87;3,62
23,11.2019 11:29:14;35.1;1.8;287.9;350.08958523290096;281.15;Module 1,11_4;396.79;63,18;37,45;1,59;59,38;3,80
23,11.2019 11:31:08;34.8;1.84;287.9;357.2229343002599;281.36;Module 1,11_4;404.47;64,03;37,46;1,62;60,79;3,24
23,11.2019 11:33:03;34.9;1.86;288.4;362.10119572984286;281.59;Module 1,11_4;409.59;64,91;37,38;1,65;61,64;3,28
23,11.2019 11:34:56;34.9;1.89;288.4;366.97379866601614;281.82;Module 1,11_4;414.71;65,96;37,39;1,67;62,60;3,36
23,11.2019 11:36:49;35.1;1.92;289.9;374.11426569084074;282.14;Module 1,11_4;422.39;67,39;37,14;1,71;63,63;3,76
23,11.2019 11:38:52;35;1.96;289.9;379.019495969388;282.5;Module 1,11_4;427.51;68,60;37,15;1,74;64,59;4,01
23,11.2019 11:40:46;34.5;2;289.9;386.16944924211407;282.79;Module 1,11_4;435.19;69,00;37,16;1,78;65,99;3,01
23,11.2019 11:42:39;34.4;2.04;290.4;393.32048683088954;283.26;Module 1,11_4;442.87;70,18;37,08;1,81;67,25;2,92
23,11.2019 11:44:32;34.2;2.07;290.4;398.1998957116714;283.68;Module 1,11_4;447.99;70,79;37,08;1,84;68,20;2,59
23,11.2019 11:46:28;34.3;2.1;291.9;405.3652413924337;283.96;Module 1,11_4;455.67;72,03;36,83;1,88;69,18;2,85
23,11.2019 11:48:21;34.2;2.12;291.9;403.4085844971143;284.11;Module 1,11_4;453.11;72,50;36,82;1,87;68,80;3,70
23,11.2019 11:50:14;34.1;2.12;291.9;401.4410626585209;284.32;Module 1,11_4;450.55;72,29;36,82;1,86;68,42;3,87
23,11.2019 11:52:21;34.3;2.16;291.9;410.9145557325162;284.57;Module 1,11_4;460.79;74,09;36,83;1,91;70,25;3,84
23,11.2019 11:54:14;34.5;2.21;291.9;415.78735336739715;284.54;Module 1,11_4;465.91;76,25;36,83;1,93;71,19;5,06
23,11.2019 11:56:23;34.7;2.22;292.5;420.70226227185833;284.53;Module 1,11_4;471.03;77,03;36,73;1,96;71,96;5,07
23,11.2019 11:58:16;34.7;2.24;292.5;425.57392537141754;284.73;Module 1,11_4;476.15;77,73;36,73;1,98;72,89;4,83
23,11.2019 12:00:09;34.9;2.23;294;425.8658787999793;284.78;Module 1,11_4;476.15;77,83;36,47;1,99;72,51;5,32
23,11.2019 12:02:05;34.8;2.23;294;430.7411550426925;284.82;Module 1,11_4;481.27;77,60;36,47;2,01;73,43;4,17
23,11.2019 12:03:59;34.9;2.25;294;437.903527158105;284.89;Module 1,11_4;488.95;78,52;36,48;2,05;74,80;3,73
23,11.2019 12:06:32;34.8;2.33;294;458.93302165048595;284.93;Module 1,11_4;511.99;81,08;36,48;2,16;78,79;2,29
23,11.2019 12:08:31;34.6;2.35;294;463.8241640858882;285.17;Module 1,11_4;517.11;81,31;36,47;2,19;79,72;1,59
23,11.2019 12:10:23;35.3;2.41;294;480.1845617360548;285.39;Module 1,11_4;535.03;85,07;36,47;2,27;82,81;2,26
23,11.2019 12:12:19;35.3;2.4;294;480.4749340706833;285.46;Module 1,11_4;535.03;84,72;36,47;2,27;82,87;1,85
23,11.2019 12:14:12;35.4;2.3;294;462.3489261569931;285.51;Module 1,11_4;514.55;81,42;36,47;2,18;79,44;1,98
23,11.2019 12:16:05;35.4;2.15;294;439.59274221714946;285.47;Module 1,11_4;488.95;76,11;36,48;2,06;75,12;0,99
23,11.2019 12:17:58;35.7;2.14;294;437.5309072819954;285.42;Module 1,11_4;486.39;76,40;36,48;2,05;74,73;1,67
23,11.2019 12:19:53;35.6;2.08;294.5;423.9446206404455;285.43;Module 1,11_4;471.03;74,05;36,38;1,98;71,99;2,06
23,11.2019 12:21:48;36.1;2.06;294.5;433.3912017289921;285.41;Module 1,11_4;481.27;74,37;36,38;2,03;73,79;0,58
23,11.2019 12:23:42;36.2;2.18;296;447.45302437549276;285.47;Module 1,11_4;496.63;78,92;36,13;2,10;75,98;2,94
23,11.2019 12:25:40;35.8;2.14;296;443.0698462695503;285.49;Module 1,11_4;491.51;76,61;36,13;2,08;75,15;1,46
23,11.2019 12:27:34;35.9;2.17;296;454.83065228961385;285.5;Module 1,11_4;504.31;77,90;36,13;2,14;77,36;0,54
23,11.2019 12:29:27;36.1;2.25;296;471.21518645996366;285.55;Module 1,11_4;522.23;81,23;36,13;2,23;80,44;0,79
23,11.2019 12:31:19;36;2.31;296;496.85143415948585;285.68;Module 1,11_4;550.39;83,16;36,11;2,36;85,23;-2,07
23,11.2019 12:33:14;36.3;2.34;296;497.0789622051125;285.83;Module 1,11_4;550.39;84,94;36,11;2,36;85,28;-0,33
23,11.2019 12:35:30;36.1;2.32;296;492.7142653422833;285.86;Module 1,11_4;545.27;83,75;36,12;2,34;84,46;-0,71
23,11.2019 12:37:23;36.1;2.36;296;506.80938485806917;285.89;Module 1,11_4;560.63;85,20;36,11;2,41;87,09;-1,89
23,11.2019 12:39:18;36;2.42;296;516.2841647550531;286;Module 1,11_4;570.87;87,12;36,10;2,46;88,85;-1,73
23,11.2019 12:41:11;35.9;2.47;296;525.7573971904181;286.02;Module 1,11_4;581.11;88,67;36,09;2,51;90,61;-1,94
23,11.2019 12:43:04;35.7;2.5;296;528.2814537218192;286.14;Module 1,11_4;583.67;89,25;36,09;2,52;91,08;-1,83
23,11.2019 12:44:57;36;2.46;296;526.1660872742488;286.34;Module 1,11_4;581.11;88,56;36,09;2,51;90,69;-2,13
23,11.2019 12:47:00;36;2.43;296;528.6985961955658;286.45;Module 1,11_4;583.67;87,48;36,09;2,53;91,16;-3,68
23,11.2019 12:49:21;36.2;2.44;296;528.9370314003343;286.53;Module 1,11_4;583.67;88,33;36,09;2,53;91,20;-2,88
23,11.2019 12:51:30;36.3;2.4;296;536.1108446909834;286.54;Module 1,11_4;591.35;87,12;36,08;2,56;92,53;-5,41
23,11.2019 12:53:23;36.2;2.4;296;531.6495647282032;286.76;Module 1,11_4;586.23;86,88;36,09;2,54;91,71;-4,83
23,11.2019 12:55:18;36.2;2.43;296;527.1832539879883;286.87;Module 1,11_4;581.11;87,97;36,09;2,52;90,88;-2,91
23,11.2019 12:57:10;36.1;2.5;296.5;536.6434873899036;286.89;Module 1,11_4;591.35;90,25;35,99;2,57;92,43;-2,18
23,11.2019 12:59:04;35.9;2.6;296.5;562.3750258345829;286.83;Module 1,11_4;619.51;93,34;35,97;2,70;97,18;-3,84
23,11.2019 13:01:00;36;2.6;296.5;560.2248818696507;286.88;Module 1,11_4;616.95;93,60;35,97;2,69;96,78;-3,18
23,11.2019 13:02:55;35.9;2.62;296.5;565.0426019698425;286.89;Module 1,11_4;622.07;94,06;35,96;2,72;97,67;-3,61
23,11.2019 13:04:49;35.8;2.53;296.5;544.2707081996759;287.02;Module 1,11_4;599.03;90,57;35,98;2,61;93,84;-3,27
23,11.2019 13:06:36;35.7;2.43;296.5;511.84046245146146;287.1;Module 1,11_4;563.19;86,75;36,02;2,44;87,84;-1,09
23,11.2019 13:08:28;35.5;2.36;296.5;504.9943677986837;287.18;Module 1,11_4;555.51;83,78;36,02;2,40;86,57;-2,79
23,11.2019 13:10:25;35.8;2.53;296.5;540.0469183908588;287.22;Module 1,11_4;593.91;90,57;35,99;2,59;93,06;-2,49
23,11.2019 13:12:18;35.6;2.5;296;561.1375132899111;287.41;Module 1,11_4;616.95;89,00;36,05;2,69;97,16;-8,16
23,11.2019 13:14:11;35.6;2.59;296;554.2860677893639;287.61;Module 1,11_4;609.27;92,20;36,06;2,66;95,90;-3,69
23,11.2019 13:16:04;35.5;2.48;298;533.4496431735217;287.75;Module 1,11_4;586.23;88,04;35,74;2,55;91,25;-3,21
23,11.2019 13:18:03;35.5;2.37;298;510.275186031002;287.71;Module 1,11_4;560.63;84,14;35,76;2,43;86,98;-2,85
23,11.2019 13:20:01;35.7;2.52;298;547.6797746748156;287.74;Module 1,11_4;601.59;89,96;35,73;2,63;93,86;-3,89
23,11.2019 13:22:15;36;2.37;298;512.8467934138114;287.6;Module 1,11_4;563.19;85,32;35,76;2,45;87,46;-2,14
23,11.2019 13:24:08;36;2.36;298;522.2749736142019;287.54;Module 1,11_4;573.43;84,96;35,75;2,49;89,19;-4,23
23,11.2019 13:26:07;36;2.09;297;457.0809433121784;287.5;Module 1,11_4;501.75;75,24;35,95;2,15;77,46;-2,22
23,11.2019 13:28:00;36;2.15;297;464.16166522435867;287.36;Module 1,11_4;509.43;77,40;35,95;2,19;78,78;-1,38
23,11.2019 13:29:53;36;2.46;298;541.2289231370568;287.43;Module 1,11_4;593.91;88,56;35,73;2,59;92,67;-4,11
23,11.2019 13:31:46;35.6;1.94;298;422.32008965839844;287.57;Module 1,11_4;463.35;69,06;35,77;1,97;70,64;-1,58
23,11.2019 13:33:38;35.8;1.89;298;413.0517513048439;287.5;Module 1,11_4;453.11;67,66;35,77;1,93;68,91;-1,25
23,11.2019 13:35:32;36;1.95;298;417.7826689200911;287.35;Module 1,11_4;458.23;70,20;35,77;1,95;69,79;0,41
23,11.2019 13:37:35;36.1;1.98;298;434.18835899659666;287.39;Module 1,11_4;476.15;71,48;35,78;2,04;72,86;-1,38
23,11.2019 13:39:30;36.1;1.95;298;424.90902168240694;287.43;Module 1,11_4;465.91;70,39;35,77;1,99;71,13;-0,73
23,11.2019 13:41:23;36.2;1.94;298;408.6179095310579;287.38;Module 1,11_4;447.99;70,23;35,77;1,90;68,08;2,15
23,11.2019 13:43:16;36.2;2.06;298;448.3666418742395;287.43;Module 1,11_4;491.51;74,57;35,78;2,11;75,51;-0,93
23,11.2019 13:45:13;36.1;1.9;298;415.72065201220164;287.53;Module 1,11_4;455.67;68,59;35,77;1,94;69,41;-0,82
23,11.2019 13:47:06;36.1;1.84;298;397.0774652860505;287.72;Module 1,11_4;435.19;66,42;35,76;1,84;65,91;0,51
23,11.2019 13:48:59;36.1;1.98;298;432.15620533015357;287.82;Module 1,11_4;473.59;71,48;35,78;2,03;72,48;-1,00
23,11.2019 13:50:54;36;1.86;298;406.4966541023359;287.95;Module 1,11_4;445.43;66,96;35,77;1,89;67,68;-0,72
23,11.2019 13:53:22;36;1.53;296.5;336.4447578097862;287.92;Module 1,11_4;368.63;55,08;35,94;1,53;54,83;0,25
23,11.2019 13:55:15;36;1.54;296.5;348.1520604981878;287.71;Module 1,11_4;381.43;55,44;35,96;1,59;57,05;-1,61
23,11.2019 13:57:10;36.1;1.95;296.5;453.3308824133459;287.6;Module 1,11_4;496.63;70,39;36,04;2,13;76,92;-6,52
23,11.2019 13:59:03;36.3;2.16;296.5;465.04108492316993;287.71;Module 1,11_4;509.43;78,41;36,04;2,20;79,11;-0,70
23,11.2019 14:01:00;36.2;1.9;296.5;415.98638850081625;287.8;Module 1,11_4;455.67;68,78;36,03;1,94;69,90;-1,12
23,11.2019 14:02:52;36.2;1.99;296.5;434.7004922064093;287.82;Module 1,11_4;476.15;72,04;36,04;2,04;73,42;-1,38
23,11.2019 14:04:48;36.1;1.63;296.5;350.57517377618956;287.77;Module 1,11_4;383.99;58,84;35,96;1,60;57,51;1,33
23,11.2019 14:06:40;36;1.58;296.5;348.24685075910156;287.78;Module 1,11_4;381.43;56,88;35,96;1,59;57,07;-0,19
23,11.2019 14:09:00;36.1;1.64;296.5;359.9410327334946;287.83;Module 1,11_4;394.23;59,20;35,98;1,65;59,29;-0,09
23,11.2019 14:10:57;36.2;1.55;296.5;338.9080420909422;287.79;Module 1,11_4;371.19;56,11;35,94;1,54;55,29;0,82
23,11.2019 14:12:51;36.1;1.59;298;350.59516546128066;287.89;Module 1,11_4;383.99;57,40;35,70;1,60;57,17;0,23
23,11.2019 14:14:45;36.2;1.68;298;371.62886988054197;287.85;Module 1,11_4;407.03;60,82;35,73;1,71;61,13;-0,31
23,11.2019 14:16:46;36.3;2;296.5;439.40493230332123;287.86;Module 1,11_4;481.27;72,60;36,04;2,06;74,30;-1,70
23,11.2019 14:18:48;36.2;1.81;296.5;392.6489508731536;288.08;Module 1,11_4;430.07;65,52;36,02;1,82;65,49;0,03
23,11.2019 14:20:41;36;1.51;296.5;334.2072559717707;288.06;Module 1,11_4;366.07;54,36;35,93;1,51;54,40;-0,04
23,11.2019 14:22:40;36.1;1.35;296.5;301.47430911001464;287.83;Module 1,11_4;330.23;48,74;35,84;1,34;48,16;0,57
23,11.2019 14:25:33;36.2;1.38;296.5;310.7991071677623;287.51;Module 1,11_4;340.47;49,96;35,87;1,39;49,94;0,02
23,11.2019 14:27:37;36.2;1.45;296.5;322.4624336674001;287.42;Module 1,11_4;353.27;52,49;35,90;1,45;52,16;0,33
23,11.2019 14:29:30;36.4;1.39;296.5;308.4208626699762;287.35;Module 1,11_4;337.91;50,60;35,86;1,38;49,49;1,11
23,11.2019 14:31:27;36.3;1.3;296.5;289.3218585270165;287.46;Module 1,11_4;317.01;47,19;35,80;1,28;45,84;1,35
23,11.2019 14:33:23;36.2;1.37;296.5;306.03332310256627;287.48;Module 1,11_4;335.35;49,59;35,85;1,37;49,03;0,56
23,11.2019 14:35:16;36.3;1.39;296;310.6767380362362;287.42;Module 1,11_4;340.47;50,46;35,95;1,39;50,02;0,44
23,11.2019 14:37:09;36.4;1.38;296;308.30942245746365;287.43;Module 1,11_4;337.91;50,23;35,95;1,38;49,56;0,67
23,11.2019 14:39:13;36.3;1.34;296;301.2656743493032;287.48;Module 1,11_4;330.23;48,64;35,92;1,34;48,22;0,43
23,11.2019 14:41:22;36.3;1.43;296;315.2352920708345;287.5;Module 1,11_4;345.59;51,91;35,97;1,41;50,89;1,02
23,11.2019 14:43:16;36.3;1.44;296;315.19421488037835;287.53;Module 1,11_4;345.59;52,27;35,97;1,41;50,88;1,39
23,11.2019 14:45:14;36.4;1.37;296;291.5666382316306;287.43;Module 1,11_4;319.73;49,87;35,89;1,29;46,36;3,51
23,11.2019 14:47:11;36.3;1.29;296;286.79918879015025;287.38;Module 1,11_4;314.55;46,83;35,88;1,27;45,45;1,38
23,11.2019 14:49:04;36.3;1.34;296;288.6140935733423;287.32;Module 1,11_4;316.59;48,64;35,88;1,28;45,80;2,85
23,11.2019 14:51:09;36.3;1.34;296;292.480462556866;287.26;Module 1,11_4;320.89;48,64;35,89;1,30;46,54;2,11
23,11.2019 14:53:22;36.3;1.28;296;283.8264399444982;287.25;Module 1,11_4;311.46;46,46;35,86;1,25;44,88;1,58
23,11.2019 14:55:47;36.3;1.28;296;278.0730762240721;287.4;Module 1,11_4;305.22;46,46;35,84;1,22;43,78;2,69
23,11.2019 14:57:49;36.2;1.33;296;288.0601766706397;287.53;Module 1,11_4;316.25;48,15;35,88;1,27;45,69;2,46
23,11.2019 14:59:42;36.2;1.38;296;300.7311982379434;287.6;Module 1,11_4;330.23;49,96;35,92;1,34;48,11;1,84
23,11.2019 15:01:38;36.3;1.34;296;285.4861642767477;287.6;Module 1,11_4;313.56;48,64;35,87;1,26;45,20;3,44
23,11.2019 15:03:40;36.2;1.23;296;268.03898702739275;287.53;Module 1,11_4;294.47;44,53;35,79;1,17;41,86;2,67
23,11.2019 15:05:35;36.2;1.11;296;243.08452335843742;287.48;Module 1,11_4;267.12;40,18;35,65;1,04;37,08;3,10
23,11.2019 15:07:33;36.3;1.06;296;233.20441366281986;287.39;Module 1,11_4;256.33;38,48;35,58;0,99;35,19;3,29
23,11.2019 15:09:29;36.3;1.02;296;226.41129804578037;287.2;Module 1,11_4;248.93;37,03;35,53;0,95;33,89;3,13
23,11.2019 15:11:22;36.5;0.97;296;214.5834955830033;287.1;Module 1,11_4;235.99;35,41;35,43;0,89;31,63;3,77
23,11.2019 15:13:20;36.4;0.92;294.5;206.5297671880369;286.96;Module 1,11_4;227.2;33,49;35,62;0,85;30,25;3,24
23,11.2019 15:15:15;36.4;0.86;294.5;191.52804203521134;286.85;Module 1,11_4;210.76;31,30;35,45;0,77;27,37;3,93
23,11.2019 15:17:11;36.4;0.85;294.5;189.90533732522076;286.78;Module 1,11_4;209.04;30,94;35,43;0,76;27,06;3,88
23,11.2019 15:19:05;36.5;0.86;294.5;192.65983051590445;286.7;Module 1,11_4;212.14;31,39;35,47;0,78;27,59;3,80
23,11.2019 15:22:29;36.2;0.78;294.5;172.52142363863106;286.63;Module 1,11_4;190.08;28,24;35,20;0,67;23,73;4,50
23,11.2019 15:24:23;36.3;0.76;294.5;168.84017753512117;286.53;Module 1,11_4;186.09;27,59;35,13;0,66;23,03;4,56
23,11.2019 15:27:08;36.4;0.78;294.5;175.10665209361935;286.36;Module 1,11_4;193.1;28,39;35,23;0,69;24,23;4,16
23,11.2019 15:29:04;36.5;0.8;294;180.05974969402192;286.25;Module 1,11_4;198.64;29,20;35,39;0,71;25,21;3,99
23,11.2019 15:31:19;36.8;0.8;294;182.8374742781699;286.24;Module 1,11_4;201.8;29,44;35,43;0,73;25,75;3,69
23,11.2019 15:33:16;36.7;0.79;294;176.33850768319047;286.23;Module 1,11_4;194.71;28,99;35,34;0,69;24,50;4,49
23,11.2019 15:35:20;36.6;0.78;294;173.36835755014772;286.22;Module 1,11_4;191.52;28,55;35,29;0,68;23,93;4,62
23,11.2019 15:37:37;36.5;0.77;294;170.60636448776734;286.19;Module 1,11_4;188.57;28,11;35,25;0,66;23,40;4,70
23,11.2019 15:39:30;36.5;0.76;294;167.17309551973085;286.17;Module 1,11_4;184.86;27,74;35,20;0,65;22,75;4,99
23,11.2019 15:41:25;36.4;0.74;294;160.593588472742;286.17;Module 1,11_4;177.67;26,94;35,08;0,61;21,49;5,44
23,11.2019 15:43:52;36.1;0.73;294;157.07647012121296;286.14;Module 1,11_4;173.89;26,35;35,01;0,59;20,82;5,53
23,11.2019 15:45:44;36.1;0.7;294;150.76751281410344;286.08;Module 1,11_4;166.99;25,27;34,88;0,56;19,63;5,64
23,11.2019 15:47:37;35.7;0.67;292.5;141.4479658908607;286.03;Module 1,11_4;156.75;23,92;34,91;0,51;17,93;5,99
23,11.2019 15:49:32;35.7;0.64;292.5;136.80644004626313;285.99;Module 1,11_4;151.69;22,85;34,77;0,49;17,05;5,80
23,11.2019 15:52:01;35.7;0.63;292.5;134.15467415283598;285.9;Module 1,11_4;148.86;22,49;34,70;0,48;16,55;5,94
23,11.2019 15:53:56;35.6;0.62;292.5;130.97683710454285;285.86;Module 1,11_4;145.42;22,07;34,59;0,46;15,95;6,12
23,11.2019 15:55:50;35.4;0.61;291.9;128.1070573188152;285.82;Module 1,11_4;142.32;21,59;34,59;0,45;15,43;6,17
23,11.2019 15:58:14;35.4;0.61;291.9;126.85427499359213;285.78;Module 1,11_4;141.04;21,59;34,55;0,44;15,19;6,40
23,11.2019 16:00:06;35.5;0.6;291.9;126.02729204452663;285.8;Module 1,11_4;140.21;21,30;34,52;0,44;15,03;6,27
23,11.2019 16:02:09;35.5;0.59;291.9;123.5289808840894;285.78;Module 1,11_4;137.53;20,95;34,41;0,42;14,56;6,38
23,11.2019 16:04:03;35.4;0.59;291.9;122.10611216832359;285.77;Module 1,11_4;136.04;20,89;34,36;0,42;14,30;6,59
23,11.2019 16:06:50;35.4;0.57;291.9;118.03241195978663;285.74;Module 1,11_4;131.64;20,18;34,18;0,40;13,54;6,64
23,11.2019 16:08:54;35.3;0.56;291.9;114.85457400773824;285.71;Module 1,11_4;128.2;19,77;34,02;0,38;12,94;6,82
23,11.2019 16:10:48;35.2;0.55;291.4;112.95763048932498;285.66;Module 1,11_4;126.18;19,36;34,00;0,37;12,60;6,76
23,11.2019 16:12:51;35.2;0.54;291.4;109.26489553784675;285.6;Module 1,11_4;122.16;19,01;33,79;0,35;11,92;7,09
23,11.2019 16:14:56;34.9;0.52;291.4;105.81508944577146;285.53;Module 1,11_4;118.41;18,15;33,56;0,34;11,28;6,86
23,11.2019 16:16:51;34.9;0.51;290.4;102.72423572124845;285.49;Module 1,11_4;115.05;17,80;33,48;0,32;10,73;7,07
23,11.2019 16:18:50;34.7;0.5;290.4;99.30272073277699;285.44;Module 1,11_4;111.32;17,35;33,18;0,30;10,11;7,24
23,11.2019 16:20:53;34.6;0.48;290.4;96.46065549370192;285.42;Module 1,11_4;108.24;16,61;32,90;0,29;9,59;7,02
23,11.2019 16:23:04;34.6;0.47;290.4;94.789723623904;285.35;Module 1,11_4;106.48;16,26;32,71;0,28;9,29;6,97
23,11.2019 16:24:57;34.5;0.47;289.9;92.45724926897408;285.3;Module 1,11_4;103.96;16,21;32,48;0,27;8,88;7,34
23,11.2019 16:27:00;34.4;0.46;289.9;90.2782764410538;285.25;Module 1,11_4;101.62;15,82;32,18;0,26;8,49;7,33
23,11.2019 16:28:54;34.4;0.44;289.9;88.49843290582056;285.21;Module 1,11_4;99.72;15,14;31,90;0,26;8,18;6,96
23,11.2019 16:30:58;34.4;0.43;289.9;85.99297462299116;285.16;Module 1,11_4;97.01;14,79;31,45;0,25;7,75;7,05
23,11.2019 16:32:52;34.4;0.43;289.9;84.22412892851378;285.14;Module 1,11_4;95.12;14,79;31,09;0,24;7,44;7,35
23,11.2019 16:34:54;34.3;0.42;289.9;82.25480361900522;285.1;Module 1,11_4;93.01;14,41;30,66;0,23;7,11;7,30
23,11.2019 16:37:03;34.2;0.41;289.9;80.13060246935288;285.06;Module 1,11_4;90.73;14,02;30,13;0,22;6,76;7,27
23,11.2019 16:38:53;34.2;0.4;289.9;78.42126142473654;285.03;Module 1,11_4;88.9;13,68;29,66;0,22;6,48;7,20
23,11.2019 16:40:48;34.1;0.39;289.4;75.91568226849066;285;Module 1,11_4;86.17;13,30;28,91;0,21;6,07;7,23
23,11.2019 16:42:44;34.1;0.38;289.4;74.14258242830041;284.97;Module 1,11_4;84.27;12,96;28,33;0,20;5,79;7,16
23,11.2019 16:44:37;34.1;0.37;289.9;72.53152178224569;284.94;Module 1,11_4;82.55;12,62;27,77;0,20;5,55;7,07
23,11.2019 16:46:33;34.1;0.36;289.9;70.80468660719409;284.92;Module 1,11_4;80.7;12,28;27,16;0,19;5,29;6,99
23,11.2019 16:48:37;34;0.36;289.9;68.87048959962397;284.88;Module 1,11_4;78.62;12,24;26,47;0,19;5,01;7,23
23,11.2019 16:50:31;34;0.35;289.9;67.17464603459283;284.85;Module 1,11_4;76.8;11,90;25,84;0,18;4,76;7,14
23,11.2019 16:52:26;34;0.34;289.9;65.64527708667993;284.83;Module 1,11_4;75.17;11,56;25,27;0,18;4,55;7,01
23,11.2019 16:54:59;33.9;0.33;289.9;62.817954407309344;284.79;Module 1,11_4;72.09;11,19;24,20;0,17;4,17;7,02
23,11.2019 16:56:52;33.8;0.31;289.9;60.9985042782809;284.76;Module 1,11_4;70.12;10,48;23,50;0,17;3,93;6,55
23,11.2019 16:58:45;33.7;0.31;288.4;59.43320987757073;284.72;Module 1,11_4;68.44;10,45;22,89;0,16;3,72;6,72
23,11.2019 17:00:40;33.7;0.3;288.4;57.997603495151175;284.69;Module 1,11_4;66.91;10,11;22,34;0,16;3,55;6,56
23,11.2019 17:02:57;33.6;0.29;288.4;56.403598914369425;284.66;Module 1,11_4;65.22;9,74;21,73;0,15;3,35;6,39
23,11.2019 17:04:50;33.5;0.29;288.4;54.40264062110096;284.64;Module 1,11_4;63.03;9,71;20,96;0,15;3,12;6,59
23,11.2019 17:06:45;33.6;0.28;288.4;52.63600168796454;284.6;Module 1,11_4;61.11;9,41;20,28;0,14;2,92;6,49
23,11.2019 17:08:38;33.5;0.27;288.4;51.12348057695479;284.55;Module 1,11_4;59.48;9,04;19,70;0,14;2,76;6,29
23,11.2019 17:11:21;33.3;0.26;288.4;48.60366005266355;284.5;Module 1,11_4;56.73;8,66;18,73;0,13;2,49;6,17
23,11.2019 17:13:14;33.3;0.25;288.4;47.00309658077517;284.46;Module 1,11_4;54.99;8,32;18,11;0,13;2,33;6,00
23,11.2019 17:15:06;33.2;0.24;288.4;44.698648633985414;284.42;Module 1,11_4;52.42;7,97;17,22;0,12;2,11;5,86
23,11.2019 17:17:01;33;0.23;288.4;42.44042610543367;284.38;Module 1,11_4;49.9;7,59;16,35;0,12;1,90;5,69
23,11.2019 17:19:00;32.9;0.21;288.4;40.261567374619545;284.33;Module 1,11_4;47.47;6,91;15,52;0,11;1,71;5,20
23,11.2019 17:20:53;32.8;0.21;288.4;38.146132743307845;284.3;Module 1,11_4;45.1;6,89;14,70;0,10;1,53;5,35
23,11.2019 17:22:46;32.6;0.19;287.9;35.86901908646729;284.25;Module 1,11_4;42.53;6,19;13,82;0,10;1,36;4,84
23,11.2019 17:24:51;32.5;0.18;287.9;33.38764512805464;284.18;Module 1,11_4;39.72;5,85;12,86;0,09;1,17;4,68
23,11.2019 17:26:50;32.3;0.17;287.9;31.358160844410314;284.11;Module 1,11_4;37.43;5,49;12,08;0,09;1,04;4,45
23,11.2019 17:28:45;32.3;0.17;287.9;29.474141000355228;284.05;Module 1,11_4;35.3;5,49;11,35;0,08;0,92;4,58
23,11.2019 17:30:37;32.1;0.15;287.9;27.675459597265455;283.96;Module 1,11_4;33.26;4,82;10,66;0,08;0,81;4,01
23,11.2019 17:32:30;32;0.15;287.9;26.35624347962017;283.89;Module 1,11_4;31.79;4,80;10,15;0,07;0,73;4,07
23,11.2019 17:34:30;32;0.14;287.9;25.291649782232355;283.82;Module 1,11_4;30.63;4,48;9,74;0,07;0,67;3,81
23,11.2019 17:36:49;31.6;0.13;287.9;23.28463381160542;283.71;Module 1,11_4;28.34;4,11;8,97;0,06;0,57;3,54
23,11.2019 17:38:49;31.5;0.13;286.4;22.001160704134122;283.64;Module 1,11_4;26.9;4,09;8,47;0,06;0,51;3,59
23,11.2019 17:40:45;31.5;0.12;286.4;21.20726259477965;283.58;Module 1,11_4;26.05;3,78;8,16;0,06;0,47;3,31
23,11.2019 17:42:43;31.4;0.11;286.4;19.991946580403557;283.53;Module 1,11_4;24.68;3,45;7,70;0,05;0,42;3,03
23,11.2019 17:44:36;31.3;0.11;286.4;18.932122015199415;283.47;Module 1,11_4;23.49;3,44;7,29;0,05;0,38;3,07
23,11.2019 17:46:31;30.8;0.1;286.4;17.55491579849885;283.42;Module 1,11_4;21.9;3,08;6,76;0,05;0,32;2,76
23,11.2019 17:48:27;30.7;0.09;285.9;16.592418034603853;283.37;Module 1,11_4;20.82;2,76;6,38;0,05;0,29;2,47
23,11.2019 17:50:50;30.4;0.09;285.9;15.390062659986452;283.31;Module 1,11_4;19.46;2,74;5,92;0,04;0,25;2,49
23,11.2019 17:52:58;30.1;0.08;285.9;14.036459469460311;283.25;Module 1,11_4;17.88;2,41;5,40;0,04;0,21;2,20
23,11.2019 17:54:52;29.9;0.07;285.9;12.78434384842189;283.2;Module 1,11_4;16.4;2,09;4,92;0,03;0,17;1,92
23,11.2019 17:56:56;29.9;0.07;284.4;11.195520866746577;283.12;Module 1,11_4;14.48;2,09;4,30;0,03;0,13;1,96
23,11.2019 17:58:48;29.6;0;284.4;9.626578466611738;283.04;Module 1,11_4;12.55;0,00;3,70;0,03;0,10;-0,10
23,11.2019 18:00:41;28.8;0;284.4;8.722976413145716;282.96;Module 1,11_4;11.47;0,00;3,35;0,02;0,08;-0,08
23,11.2019 18:02:34;28.6;0;283.4;7.505100615075898;282.84;Module 1,11_4;9.96;0,00;2,88;0,02;0,06;-0,06
23,11.2019 18:04:21;28.4;0;283.4;6.464567670433101;282.75;Module 1,11_4;8.66;0,00;2,48;0,02;0,04;-0,04
23,11.2019 18:06:46;27.5;0;283.4;5.138732767172299;282.6;Module 1,11_4;6.98;0,00;1,98;0,01;0,03;-0,03
23,11.2019 18:08:55;26.8;0;283.4;4.343054487190895;282.51;Module 1,11_4;5.98;0,00;1,67;0,01;0,02;-0,02
23,11.2019 18:10:58;32.9;0;283.4;3.6157364987542318;282.41;Module 1,11_4;5.05;0,00;1,39;0,01;0,01;-0,01
23,11.2019 18:12:53;32.1;0;283.4;2.6741937037640326;282.33;Module 1,11_4;3.79;0,00;1,03;0,01;0,01;-0,01
23,11.2019 18:14:48;30.6;0;283.4;2.2010589252559356;282.24;Module 1,11_4;3.17;0,00;0,84;0,01;0,01;-0,01
23,11.2019 18:16:45;29.2;0;283.4;1.779764587714834;282.2;Module 1,11_4;2.61;0,00;0,69;0,00;0,00;-0,00
23,11.2019 18:18:40;29.2;0;283.4;1.1365736374150355;282.11;Module 1,11_4;1.7;0,00;0,44;0,00;0,00;-0,00
23,11.2019 18:20:57;24.3;0;283.4;0.6315196727800495;282.03;Module 1,11_4;0.97;0,00;0,24;0,00;0,00;-0,00
23,11.2019 18:22:50;24.3;0;283.4;0.36197673590277735;281.98;Module 1,11_4;0.57;0,00;0,14;0,00;0,00;-0,00
24,11.2019 09:47:33;31.4;0;274.3;4.4871761855827135;276.77;Module 1,11_4;5.85;0,00;1,72;0,01;0,02;-0,02
24,11.2019 09:49:30;33.6;0;274.3;5.2252973869043196;276.78;Module 1,11_4;6.77;0,00;2,00;0,01;0,03;-0,03
24,11.2019 09:51:27;34.6;0;274.3;6.079310877934658;276.79;Module 1,11_4;7.83;0,00;2,33;0,02;0,04;-0,04
24,11.2019 09:53:22;29;0;278.3;6.917204739533301;276.82;Module 1,11_4;8.86;0,00;2,66;0,02;0,05;-0,05
24,11.2019 09:55:53;27.8;0;278.3;8.30919982353927;276.85;Module 1,11_4;10.57;0,00;3,19;0,02;0,07;-0,07
24,11.2019 09:57:51;28.8;0;277.8;8.920486237511438;276.88;Module 1,11_4;11.29;0,00;3,42;0,02;0,08;-0,08
24,11.2019 09:59:56;29;0;277.8;10.038602963869824;276.91;Module 1,11_4;12.64;0,00;3,85;0,03;0,11;-0,11
24,11.2019 10:01:50;29.2;0;277.8;11.360027766529814;276.94;Module 1,11_4;14.24;0,00;4,36;0,03;0,13;-0,13
24,11.2019 10:03:59;30.2;0.06;277.8;12.112503404361323;276.96;Module 1,11_4;15.11;1,81;4,65;0,03;0,15;1,66
24,11.2019 10:06:00;30.4;0.07;277.8;12.640075510482921;276.95;Module 1,11_4;15.7;2,13;4,85;0,03;0,17;1,96
24,11.2019 10:08:16;30.8;0.08;278.3;13.790876028424496;276.98;Module 1,11_4;17.05;2,46;5,29;0,04;0,20;2,27
24,11.2019 10:10:28;31.3;0.08;278.3;15.003806909765089;277;Module 1,11_4;18.47;2,50;5,76;0,04;0,24;2,27
24,11.2019 10:12:28;31.4;0.09;278.3;16.022182378858922;277.01;Module 1,11_4;19.65;2,83;6,15;0,04;0,27;2,56
24,11.2019 10:14:31;31.5;0.09;278.3;17.096023598597846;277;Module 1,11_4;20.89;2,83;6,56;0,05;0,31;2,53
24,11.2019 10:16:32;31.8;0.1;279.9;18.280601301756498;277.05;Module 1,11_4;22.26;3,18;7,02;0,05;0,35;2,83
24,11.2019 10:19:14;31.9;0.11;279.9;19.31056518439022;277.1;Module 1,11_4;23.41;3,51;7,41;0,05;0,39;3,12
24,11.2019 10:21:15;32.1;0.11;279.9;20.025573113725805;277.13;Module 1,11_4;24.2;3,53;7,69;0,05;0,42;3,11
24,11.2019 10:23:40;32.3;0.12;279.9;21.120156973081265;277.18;Module 1,11_4;25.43;3,88;8,11;0,06;0,47;3,41
24,11.2019 10:25:51;32.4;0.12;279.9;22.46986180023274;277.25;Module 1,11_4;26.97;3,89;8,63;0,06;0,53;3,36
24,11.2019 10:27:52;32.6;0.13;279.9;23.20963283670716;277.29;Module 1,11_4;27.78;4,24;8,91;0,06;0,56;3,67
24,11.2019 10:30:04;32.7;0.14;279.9;24.342208554145373;277.34;Module 1,11_4;29.05;4,58;9,34;0,07;0,62;3,96
24,11.2019 10:32:00;32.8;0.14;279.9;25.38580069387489;277.39;Module 1,11_4;30.22;4,59;9,75;0,07;0,67;3,92
24,11.2019 10:33:55;32.9;0.14;279.9;26.389622989646433;277.45;Module 1,11_4;31.34;4,61;10,13;0,07;0,73;3,88
24,11.2019 10:36:20;33.1;0.15;280.4;27.775301625303015;277.54;Module 1,11_4;32.89;4,96;10,66;0,08;0,81;4,16
24,11.2019 10:38:34;33.1;0.16;280.4;28.786835763038887;277.58;Module 1,11_4;34;5,30;11,05;0,08;0,87;4,43
24,11.2019 10:40:34;33.2;0.16;280.4;29.716621631334664;277.62;Module 1,11_4;35.02;5,31;11,41;0,08;0,92;4,39
24,11.2019 10:42:36;33.4;0.17;280.4;30.742833935718785;277.65;Module 1,11_4;36.15;5,68;11,80;0,08;0,99;4,69
24,11.2019 10:44:37;33.3;0.18;280.4;32.40124228088419;277.7;Module 1,11_4;38.02;5,99;12,45;0,09;1,10;4,89
24,11.2019 10:46:39;33.5;0.19;280.4;33.38161101665131;277.73;Module 1,11_4;39.09;6,37;12,82;0,09;1,17;5,20
24,11.2019 10:48:35;33.6;0.19;280.4;34.70256185923944;277.78;Module 1,11_4;40.56;6,38;13,33;0,09;1,26;5,12
24,11.2019 10:50:50;33.7;0.2;281.9;35.891254238012976;277.82;Module 1,11_4;41.86;6,74;13,79;0,10;1,35;5,39
24,11.2019 10:53:18;33.8;0.2;281.9;37.415927364204016;277.88;Module 1,11_4;43.54;6,76;14,38;0,10;1,47;5,29
24,11.2019 10:55:45;33.8;0.21;281.9;39.40854704831291;277.94;Module 1,11_4;45.76;7,10;15,14;0,11;1,63;5,47
24,11.2019 11:00:16;34.1;0.23;281.9;42.30648360971706;278.05;Module 1,11_4;48.94;7,84;16,26;0,12;1,88;5,97
24,11.2019 11:02:18;34.1;0.24;281.9;44.01146441288967;278.1;Module 1,11_4;50.83;8,18;16,91;0,12;2,03;6,15
24,11.2019 12:47:41;36.1;0.94;294;201.51416042463973;284.48;Module 1,11_4;222.63;33,93;35,65;0,82;29,33;4,60
24,11.2019 13:05:19;36;0.86;291.9;202.12586565611971;284.48;Module 1,11_4;222.63;30,96;36,02;0,82;29,65;1,31
24,11.2019 13:12:42;35.6;0.81;291.9;162.1641932608262;284.04;Module 1,11_4;178.43;28,84;35,47;0,62;21,92;6,91
24,11.2019 13:18:29;35.6;0.79;290.4;158.7154961304383;283.68;Module 1,11_4;174.51;28,12;35,66;0,60;21,34;6,78
24,11.2019 13:24:36;35.8;0.79;290.4;158.42220929685683;283.57;Module 1,11_4;174.07;28,28;35,65;0,60;21,29;6,99
24,11.2019 13:27:42;35.8;0.78;290.4;159.29060055744088;283.56;Module 1,11_4;174.97;27,92;35,67;0,60;21,46;6,47
24,11.2019 13:30:35;36.1;0.78;290.4;161.09089945537903;283.55;Module 1,11_4;176.9;28,16;35,70;0,61;21,80;6,35
24,11.2019 13:32:28;36.2;0.8;290.4;165.4437658611645;283.53;Module 1,11_4;181.65;28,96;35,78;0,63;22,65;6,31
24,11.2019 13:34:24;36.3;0.86;290.4;178.78831119550634;283.5;Module 1,11_4;196.27;31,22;35,99;0,70;25,24;5,98
24,11.2019 13:36:25;36.5;1.09;290.4;232.60681800738155;283.56;Module 1,11_4;255.31;39,79;36,55;0,98;35,77;4,01
24,11.2019 13:38:18;36.7;1.25;290.4;263.6661902043591;283.76;Module 1,11_4;289.36;45,88;36,74;1,14;41,87;4,00
24,11.2019 13:40:11;36.7;1.17;291.4;242.66797817510178;284.03;Module 1,11_4;266.28;42,94;36,45;1,03;37,62;5,32
24,11.2019 13:42:04;36.4;1.02;291.4;208.41009531289063;284.27;Module 1,11_4;228.66;37,13;36,17;0,85;30,93;6,20
24,11.2019 13:43:57;36;0.87;291.4;178.92788276716405;284.31;Module 1,11_4;196.29;31,32;35,83;0,70;25,19;6,13
24,11.2019 13:45:50;35.7;0.82;291.9;165.34583927258643;284.32;Module 1,11_4;181.37;29,27;35,52;0,63;22,53;6,74
24,11.2019 13:47:44;35.8;0.79;291.9;160.2572197305933;284.25;Module 1,11_4;175.77;28,28;35,43;0,61;21,55;6,73
24,11.2019 13:49:37;35.6;0.78;291.9;158.3576210990688;284.22;Module 1,11_4;173.67;27,77;35,39;0,60;21,19;6,58
24,11.2019 13:51:30;35.6;0.78;291.9;158.36236167526184;284.2;Module 1,11_4;173.66;27,77;35,39;0,60;21,19;6,58
24,11.2019 13:53:22;35.6;0.78;291.9;159.0588981286123;284.19;Module 1,11_4;174.41;27,77;35,41;0,60;21,32;6,44
24,11.2019 13:55:15;35.7;0.79;291.4;162.30818512859315;284.11;Module 1,11_4;177.96;28,20;35,55;0,62;21,98;6,22
24,11.2019 13:57:09;36;0.87;291.4;184.87522700786627;284.08;Module 1,11_4;202.69;31,32;35,91;0,73;26,35;4,97
24,11.2019 13:59:02;36.5;1.14;291.4;236.2769051047127;284.08;Module 1,11_4;259.03;41,61;36,41;1,00;36,37;5,24
24,11.2019 14:00:54;36.4;1.03;291.9;214.21314600178715;284.14;Module 1,11_4;234.83;37,49;36,14;0,89;32,01;5,49
24,11.2019 14:02:48;36.2;0.95;291.9;194.8461537038749;284.21;Module 1,11_4;213.59;34,39;35,95;0,79;28,24;6,15
24,11.2019 14:04:40;36.1;0.89;291.9;183.38548869524027;284.25;Module 1,11_4;201.02;32,13;35,80;0,73;26,02;6,11
24,11.2019 14:06:55;36;0.83;291.9;170.71929003941855;284.21;Module 1,11_4;187.13;29,88;35,62;0,66;23,57;6,31
24,11.2019 14:08:48;35.6;0.82;291.9;164.51852026822334;284.22;Module 1,11_4;180.33;29,19;35,51;0,63;22,37;6,82
24,11.2019 14:10:40;35.4;0.81;291.9;160.670114326527;284.19;Module 1,11_4;176.11;28,67;35,44;0,61;21,63;7,04
24,11.2019 14:12:34;35.4;0.8;291.9;157.69627754127924;284.19;Module 1,11_4;172.85;28,32;35,38;0,60;21,06;7,26
24,11.2019 14:14:26;35.4;0.79;291.9;156.39991296354216;284.21;Module 1,11_4;171.43;27,97;35,35;0,59;20,81;7,15
24,11.2019 14:16:19;35.4;0.78;291.9;154.28127293012125;284.21;Module 1,11_4;169.11;27,61;35,31;0,58;20,41;7,20
24,11.2019 14:18:12;35.4;0.77;291.9;152.41694295615167;284.18;Module 1,11_4;167.07;27,26;35,27;0,57;20,05;7,21
24,11.2019 14:20:06;35.4;0.77;291.9;150.51497495935305;284.17;Module 1,11_4;164.99;27,26;35,23;0,56;19,69;7,57
24,11.2019 14:21:59;35.4;0.75;291.9;148.24708391627073;284.13;Module 1,11_4;162.51;26,55;35,17;0,55;19,25;7,30
24,11.2019 14:23:52;35.4;0.74;291.9;145.56771343835092;284.14;Module 1,11_4;159.58;26,20;35,11;0,53;18,74;7,46
24,11.2019 14:25:45;35.3;0.73;291.9;141.99353848813024;284.18;Module 1,11_4;155.67;25,77;35,02;0,52;18,06;7,71
24,11.2019 14:27:38;35.3;0.71;291.9;138.8746703892831;284.2;Module 1,11_4;152.26;25,06;34,94;0,50;17,46;7,60
24,11.2019 14:29:30;35.3;0.69;290.4;134.65161537125513;284.16;Module 1,11_4;147.64;24,36;35,06;0,48;16,72;7,64
24,11.2019 14:31:23;35.3;0.67;290.4;131.0481255996692;284.14;Module 1,11_4;143.7;23,65;34,95;0,46;16,03;7,62
24,11.2019 14:33:16;35.2;0.64;290.4;126.86965607109497;284.12;Module 1,11_4;139.13;22,53;34,80;0,44;15,24;7,29
24,11.2019 14:35:10;35.1;0.62;290.4;122.64518197932716;284.14;Module 1,11_4;134.51;21,76;34,63;0,42;14,44;7,32
24,11.2019 14:37:02;35.1;0.61;290.4;119.21389506547935;284.14;Module 1,11_4;130.76;21,41;34,48;0,40;13,79;7,62
24,11.2019 14:38:56;35;0.6;290.4;116.1923206589318;284.1;Module 1,11_4;127.46;21,00;34,33;0,39;13,22;7,78
24,11.2019 14:40:48;35.1;0.58;290.4;113.65376943385493;284;Module 1,11_4;124.69;20,36;34,20;0,37;12,75;7,61
24,11.2019 14:42:41;35;0.57;290.4;111.78915793009341;283.97;Module 1,11_4;122.66;19,95;34,09;0,36;12,40;7,55
24,11.2019 14:44:34;34.9;0.56;290.4;110.04252103616986;283.92;Module 1,11_4;120.76;19,54;33,99;0,36;12,08;7,47
24,11.2019 14:46:27;34.9;0.56;290.4;108.68718019731313;283.85;Module 1,11_4;119.29;19,54;33,91;0,35;11,83;7,72
24,11.2019 14:48:20;34.7;0.56;290.4;107.8049768572826;283.8;Module 1,11_4;118.34;19,43;33,85;0,34;11,66;7,77
24,11.2019 14:50:13;34.8;0.56;290.4;107.28640396757774;283.75;Module 1,11_4;117.79;19,49;33,81;0,34;11,57;7,92
24,11.2019 14:52:11;34.8;0.55;289.9;106.38369913049058;283.69;Module 1,11_4;116.82;19,14;33,83;0,34;11,41;7,73
24,11.2019 14:54:04;34.9;0.55;289.9;105.82710746998958;283.67;Module 1,11_4;116.23;19,20;33,79;0,33;11,30;7,89
24,11.2019 14:55:57;34.8;0.55;289.9;105.16958490109164;283.6;Module 1,11_4;115.53;19,14;33,74;0,33;11,18;7,96
24,11.2019 14:57:51;34.9;0.55;289.9;105.24832966324995;283.57;Module 1,11_4;115.64;19,20;33,74;0,33;11,20;8,00
24,11.2019 14:59:43;35;0.56;289.9;107.60126638682598;283.5;Module 1,11_4;118.25;19,60;33,91;0,34;11,63;7,97
24,11.2019 15:01:36;35.4;0.57;289.9;112.99957713539092;283.46;Module 1,11_4;124.21;20,18;34,24;0,37;12,64;7,54
24,11.2019 15:03:32;35.8;0.58;289.9;116.25617079573333;283.43;Module 1,11_4;127.82;20,76;34,41;0,38;13,25;7,52
24,11.2019 15:05:24;35.7;0.57;289.9;112.86389669961915;283.46;Module 1,11_4;124.12;20,35;34,23;0,37;12,61;7,74
24,11.2019 15:07:17;35.6;0.54;289.9;103.38101453864667;283.46;Module 1,11_4;113.72;19,22;33,60;0,32;10,85;8,37
24,11.2019 15:09:13;35.1;0.51;289.9;98.81806137463506;283.44;Module 1,11_4;108.73;17,90;33,20;0,30;10,02;7,88
24,11.2019 15:11:05;34.7;0.5;289.9;94.99338428158254;283.43;Module 1,11_4;104.55;17,35;32,80;0,28;9,33;8,02
24,11.2019 15:12:58;34.6;0.49;289.9;91.57831099589067;283.43;Module 1,11_4;100.82;16,95;32,37;0,27;8,72;8,23
24,11.2019 15:14:51;34.6;0.47;289.9;89.14490264457496;283.44;Module 1,11_4;98.17;16,26;32,00;0,26;8,29;7,97
24,11.2019 15:16:47;34.5;0.46;289.9;86.68398876374219;283.42;Module 1,11_4;95.49;15,87;31,59;0,25;7,86;8,01
24,11.2019 15:18:41;34.5;0.45;289.9;84.68689417766473;283.39;Module 1,11_4;93.32;15,53;31,20;0,24;7,52;8,00
24,11.2019 15:20:36;34.5;0.44;289.9;83.47908718653329;283.4;Module 1,11_4;92.02;15,18;30,94;0,24;7,32;7,86
24,11.2019 15:22:29;34.5;0.43;289.9;82.61617905259644;283.36;Module 1,11_4;91.1;14,83;30,74;0,23;7,17;7,66
24,11.2019 15:24:24;34.5;0.43;289.9;81.7160660054644;283.32;Module 1,11_4;90.14;14,83;30,52;0,23;7,02;7,82
24,11.2019 15:26:17;34.5;0.43;288.4;80.89763866597302;283.34;Module 1,11_4;89.27;14,83;30,41;0,23;6,88;7,96
24,11.2019 15:28:11;34.5;0.42;288.4;80.80319638544054;283.35;Module 1,11_4;89.2;14,49;30,38;0,23;6,86;7,63
24,11.2019 15:30:04;34.6;0.42;288.4;81.14267181477021;283.38;Module 1,11_4;89.61;14,53;30,47;0,23;6,92;7,61
24,11.2019 15:31:57;34.6;0.43;288.4;82.38592055905023;283.35;Module 1,11_4;91.02;14,88;30,79;0,23;7,13;7,75
24,11.2019 15:33:50;34.7;0.43;288.4;84.0250972806057;283.34;Module 1,11_4;92.87;14,92;31,17;0,24;7,41;7,52
24,11.2019 15:35:42;34.8;0.45;289.9;88.5650501985196;283.38;Module 1,11_4;97.93;15,66;31,91;0,26;8,19;7,47
24,11.2019 15:37:37;35.1;0.48;289.9;98.1246523222423;283.4;Module 1,11_4;108.55;16,85;33,13;0,30;9,89;6,95
24,11.2019 15:39:49;36.2;0.63;289.9;134.11071788818091;283.52;Module 1,11_4;148.44;22,81;35,13;0,47;16,63;6,17
24,11.2019 15:41:42;36.7;0.63;289.9;134.3171319649075;283.61;Module 1,11_4;148.74;23,12;35,13;0,47;16,67;6,45
24,11.2019 15:43:35;36.6;0.64;289.9;135.70362554185544;283.75;Module 1,11_4;150.35;23,42;35,18;0,48;16,94;6,49
24,11.2019 15:45:28;36.7;0.68;289.9;142.66165653512013;283.89;Module 1,11_4;158.14;24,96;35,38;0,52;18,27;6,68
24,11.2019 15:47:22;36.6;0.65;289.9;136.22902311783434;283.97;Module 1,11_4;151.09;23,79;35,20;0,48;17,04;6,75
24,11.2019 15:49:16;36.5;0.65;289.9;136.23518498851053;284.04;Module 1,11_4;151.18;23,73;35,20;0,48;17,04;6,69
24,11.2019 15:51:09;36.5;0.64;289.9;132.9432760381622;284.11;Module 1,11_4;147.61;23,36;35,09;0,47;16,41;6,95
24,11.2019 15:53:02;36.1;0.61;289.9;124.13503413414702;284.16;Module 1,11_4;137.91;22,02;34,77;0,42;14,73;7,29
24,11.2019 15:54:55;35.8;0.6;289.9;119.06812953815424;284.17;Module 1,11_4;132.36;21,48;34,55;0,40;13,78;7,70
24,11.2019 15:56:48;35.4;0.59;289.9;116.74714362728484;284.17;Module 1,11_4;129.86;20,89;34,44;0,39;13,34;7,55
24,11.2019 15:58:40;35.3;0.6;290.4;116.33216966562443;284.17;Module 1,11_4;129.48;21,18;34,34;0,39;13,25;7,93
24,11.2019 16:00:33;35.3;0.59;290.4;115.91475024252136;284.14;Module 1,11_4;129.1;20,83;34,32;0,38;13,17;7,65
24,11.2019 16:02:26;35.3;0.59;290.4;115.27117402298883;284.12;Module 1,11_4;128.47;20,83;34,28;0,38;13,05;7,77
24,11.2019 16:04:19;35.4;0.59;290.4;115.31643392351819;284.13;Module 1,11_4;128.61;20,89;34,29;0,38;13,06;7,83
24,11.2019 16:06:16;35.5;0.59;290.4;117.28245198997388;284.11;Module 1,11_4;130.9;20,95;34,38;0,39;13,43;7,52
24,11.2019 16:08:09;35.9;0.59;290.4;121.55571375757697;284.16;Module 1,11_4;135.77;21,18;34,58;0,41;14,23;6,95
24,11.2019 16:10:02;36.6;0.6;290.4;128.01152601482633;284.17;Module 1,11_4;143.09;21,96;34,84;0,44;15,45;6,51
24,11.2019 16:11:56;36.5;0.59;290.4;121.78654988979024;284.17;Module 1,11_4;136.24;21,54;34,59;0,41;14,28;7,26
24,11.2019 16:13:49;36.1;0.55;290.4;112.54145540991416;284.2;Module 1,11_4;126;19,86;34,14;0,37;12,54;7,31
24,11.2019 16:15:42;36;0.53;290.4;107.99399052259989;284.18;Module 1,11_4;121.01;19,08;33,86;0,35;11,70;7,38
24,11.2019 16:17:35;35.7;0.52;290.4;105.27928492560709;284.15;Module 1,11_4;118.07;18,56;33,67;0,33;11,20;7,37
24,11.2019 16:19:28;35.7;0.51;290.4;104.61543425289366;284.1;Module 1,11_4;117.43;18,21;33,63;0,33;11,08;7,13
24,11.2019 16:21:21;36;0.52;290.4;106.00581715545881;284.08;Module 1,11_4;119.1;18,72;33,73;0,34;11,33;7,39
24,11.2019 16:23:43;36.2;0.51;290.4;108.3950849278295;284.1;Module 1,11_4;121.93;18,46;33,89;0,35;11,77;6,69
24,11.2019 16:25:37;36.8;0.53;290.4;119.06910940129131;284.11;Module 1,11_4;134.07;19,50;34,47;0,40;13,76;5,74
24,11.2019 16:27:30;36.7;0.59;290.4;128.99137171608075;284.14;Module 1,11_4;145.39;21,65;34,88;0,45;15,64;6,01
24,11.2019 16:29:24;36.8;0.59;290.4;129.20946053685074;284.2;Module 1,11_4;145.79;21,71;34,88;0,45;15,68;6,03
24,11.2019 16:31:17;36.8;0.57;290.4;125.78513791906204;284.25;Module 1,11_4;142.08;20,98;34,75;0,43;15,03;5,94
24,11.2019 16:33:17;36.7;0.56;290.4;125.34398524293331;284.32;Module 1,11_4;141.75;20,55;34,73;0,43;14,95;5,60
24,11.2019 16:35:11;36.7;0.56;290.4;120.37540835755951;284.35;Module 1,11_4;136.29;20,55;34,53;0,41;14,01;6,54
24,11.2019 16:37:04;36.3;0.55;290.4;114.00356084738019;284.37;Module 1,11_4;129.23;19,96;34,22;0,37;12,82;7,15
24,11.2019 16:38:57;36.1;0.55;290.4;119.47552777912111;284.35;Module 1,11_4;135.6;19,86;34,49;0,40;13,84;6,01
24,11.2019 16:40:50;37;0.57;290.4;130.89487587253296;284.35;Module 1,11_4;148.75;21,09;34,94;0,46;16,00;5,09
24,11.2019 16:42:43;37.4;0.64;290.4;149.9947910042459;284.39;Module 1,11_4;170.68;23,94;35,47;0,55;19,66;4,28
24,11.2019 16:44:35;37.4;0.6;290.4;142.04309480471917;284.47;Module 1,11_4;161.85;22,44;35,27;0,51;18,13;4,31
24,11.2019 16:46:29;37.1;0.56;290.4;126.32084872372711;284.54;Module 1,11_4;144.14;20,78;34,77;0,44;15,13;5,64
24,11.2019 16:48:31;36.5;0.58;290.4;125.14208023383452;284.58;Module 1,11_4;143.02;21,17;34,73;0,43;14,91;6,26
24,11.2019 16:50:23;36.4;0.46;290.4;98.55195743903333;284.58;Module 1,11_4;112.8;16,74;33,11;0,30;9,97;6,77
24,11.2019 16:52:16;36;0.42;290.4;89.9974944898534;284.53;Module 1,11_4;103.17;15,12;32,08;0,26;8,44;6,68
24,11.2019 16:54:09;36.1;0.41;290.4;87.70073191167452;284.44;Module 1,11_4;100.7;14,80;31,71;0,25;8,04;6,76
24,11.2019 16:56:01;36.3;0.4;290.4;86.45955219115086;284.34;Module 1,11_4;99.44;14,52;31,49;0,25;7,83;6,69
24,11.2019 16:57:55;36.1;0.39;290.4;85.01487199549265;284.25;Module 1,11_4;97.95;14,08;31,22;0,24;7,58;6,50
24,11.2019 16:59:48;36.4;0.4;290.4;88.6738966569583;284.18;Module 1,11_4;102.35;14,56;31,88;0,26;8,21;6,35
24,11.2019 17:01:41;36.3;0.42;290.4;92.02792713860637;284.08;Module 1,11_4;106.42;15,25;32,37;0,27;8,80;6,45
24,11.2019 17:03:34;36.5;0.41;290.4;92.91126171268596;284.08;Module 1,11_4;107.65;14,96;32,48;0,28;8,96;6,01
24,11.2019 17:05:27;37;0.45;290.4;118.35825173293935;284.04;Module 1,11_4;137.41;16,65;34,44;0,40;13,63;3,02
24,11.2019 17:07:26;38.8;0.51;290.4;162.17057381033288;284.17;Module 1,11_4;188.69;19,79;35,73;0,62;22,01;-2,22
24,11.2019 17:09:18;38.9;0.45;290.4;136.05016925386417;284.38;Module 1,11_4;158.64;17,50;35,10;0,48;16,98;0,52
24,11.2019 17:11:11;38.2;0.42;291.9;113.67512112814134;284.52;Module 1,11_4;132.85;16,04;33,96;0,37;12,73;3,32
24,11.2019 17:13:04;37.6;0.4;291.9;95.54092616820547;284.5;Module 1,11_4;111.92;15,04;32,59;0,29;9,42;5,62
24,11.2019 17:14:57;37;0.38;291.9;87.54939505027612;284.45;Module 1,11_4;102.81;14,06;31,53;0,25;8,01;6,05
24,11.2019 17:16:50;36.8;0.37;291.9;85.45761098796271;284.38;Module 1,11_4;100.61;13,62;31,16;0,25;7,66;5,96
24,11.2019 17:18:43;37;0.36;291.9;87.81440855280096;284.26;Module 1,11_4;103.66;13,32;31,57;0,26;8,06;5,26
24,11.2019 17:20:45;37.5;0.36;290.4;92.35715300152472;284.14;Module 1,11_4;109.35;13,50;32,41;0,27;8,86;4,64
24,11.2019 17:22:39;37.7;0.36;290.4;96.3058847469158;284.02;Module 1,11_4;114.36;13,57;32,88;0,29;9,56;4,01
24,11.2019 17:24:32;37.9;0.35;290.4;99.50660617724901;283.94;Module 1,11_4;118.52;13,26;33,20;0,31;10,14;3,12
24,11.2019 17:26:27;38.1;0.34;290.4;94.47404601501067;283.92;Module 1,11_4;112.89;12,95;32,67;0,28;9,24;3,72
24,11.2019 17:28:21;37.6;0.32;290.4;81.02957416128362;283.92;Module 1,11_4;97.15;12,03;30,33;0,23;6,91;5,13
24,11.2019 17:30:13;37.3;0.3;290.4;78.58940503135932;283.89;Module 1,11_4;94.55;11,19;29,68;0,22;6,51;4,68
24,11.2019 17:32:06;37.1;0.29;290.4;77.34258554598044;283.82;Module 1,11_4;93.39;10,76;29,32;0,22;6,30;4,46
24,11.2019 17:34:00;36.4;0.28;290.4;67.20252180685314;283.77;Module 1,11_4;81.46;10,19;25,85;0,18;4,77;5,42
24,11.2019 17:36:11;35.5;0.26;290.4;52.551906640507696;283.64;Module 1,11_4;64;9,23;20,27;0,14;2,92;6,31
24,11.2019 17:38:06;34.8;0.25;289.9;48.71070012628139;283.5;Module 1,11_4;59.58;8,70;18,78;0,13;2,50;6,20
24,11.2019 17:39:59;34.5;0.23;289.9;44.42290084419196;283.32;Module 1,11_4;54.58;7,94;17,13;0,12;2,08;5,85
24,11.2019 17:41:51;34.3;0.22;289.9;40.42375646539548;283.14;Module 1,11_4;49.9;7,55;15,59;0,11;1,72;5,82
24,11.2019 17:43:44;34.1;0.2;288.4;37.12711902385373;282.97;Module 1,11_4;46.06;6,82;14,30;0,10;1,45;5,37
24,11.2019 17:45:37;34;0.19;288.4;33.4277526317824;282.8;Module 1,11_4;41.69;6,46;12,88;0,09;1,18;5,28
24,11.2019 17:47:29;33.7;0.17;288.4;30.141402364472807;282.64;Module 1,11_4;37.8;5,73;11,61;0,08;0,96;4,77
24,11.2019 17:49:22;33.5;0.16;287.4;27.633079924591108;282.5;Module 1,11_4;34.86;5,36;10,64;0,08;0,80;4,56
24,11.2019 17:51:37;33.4;0.14;287.4;24.168197536065385;282.32;Module 1,11_4;30.72;4,68;9,30;0,07;0,62;4,06
24,11.2019 17:53:30;33.1;0.12;287.9;21.14531351443631;282.17;Module 1,11_4;27.06;3,97;8,15;0,06;0,47;3,50
24,11.2019 17:55:22;32.6;0.11;287.9;19.101748167615703;282.04;Module 1,11_4;24.62;3,59;7,36;0,05;0,38;3,20
24,11.2019 17:57:15;32.3;0.1;285.9;17.092189399005015;281.89;Module 1,11_4;22.2;3,23;6,58;0,05;0,31;2,92
24,11.2019 17:59:09;31.9;0.09;285.9;15.354988110947868;281.75;Module 1,11_4;20.11;2,87;5,91;0,04;0,25;2,62
24,11.2019 18:01:02;31.7;0.08;285.9;13.373271880842506;281.64;Module 1,11_4;17.67;2,54;5,15;0,04;0,19;2,35
24,11.2019 18:02:56;31.4;0.06;285.9;10.869423546333223;281.5;Module 1,11_4;14.5;1,88;4,18;0,03;0,12;1,76
24,11.2019 18:04:48;31.1;0.06;285.9;9.32749738399702;281.38;Module 1,11_4;12.57;1,87;3,59;0,03;0,09;1,77
24,11.2019 18:06:41;30.4;0;285.9;8.050620789258126;281.28;Module 1,11_4;10.97;0,00;3,10;0,02;0,07;-0,07
24,11.2019 18:08:34;29.7;0;283.4;6.656599352393803;281.17;Module 1,11_4;9.18;0,00;2,56;0,02;0,05;-0,05
24,11.2019 18:10:27;29.3;0;283.4;5.747157203304356;281.07;Module 1,11_4;8.03;0,00;2,21;0,02;0,03;-0,03
24,11.2019 18:12:19;28.7;0;282.4;4.615067231619374;280.96;Module 1,11_4;6.54;0,00;1,77;0,01;0,02;-0,02
24,11.2019 18:14:13;30.8;0;282.4;3.5217503160110564;280.88;Module 1,11_4;5.07;0,00;1,35;0,01;0,01;-0,01
24,11.2019 18:16:07;32.6;0;282.4;2.6555200988104746;280.75;Module 1,11_4;3.89;0,00;1,02;0,01;0,01;-0,01
24,11.2019 18:18:00;29;0;283.4;1.7949277304063243;280.64;Module 1,11_4;2.68;0,00;0,69;0,00;0,00;-0,00
24,11.2019 18:19:52;28.9;0;283.4;1.2197959601661368;280.55;Module 1,11_4;1.86;0,00;0,47;0,00;0,00;-0,00
24,11.2019 18:21:45;26.8;0;281.9;0.723658441999342;280.46;Module 1,11_4;1.13;0,00;0,28;0,00;0,00;-0,00
24,11.2019 18:23:38;24.3;0;281.9;0.5611277914122946;280.39;Module 1,11_4;0.9;0,00;0,22;0,00;0,00;-0,00
24,11.2019 18:25:30;24.3;0;281.9;0.13308880631272754;280.32;Module 1,11_4;0.22;0,00;0,05;0,00;0,00;-0,00
24,11.2019 18:27:23;24.3;0;281.9;0.11684170835657973;280.25;Module 1,11_4;0.2;0,00;0,05;0,00;0,00;-0,00
25,11.2019 09:54:24;31.3;0;273.8;3.908745625168219;275.09;Module 1,11_4;5.01;0,00;1,50;0,01;0,02;-0,02
25,11.2019 09:56:17;32.8;0;273.8;4.799561814005627;275.1;Module 1,11_4;6.12;0,00;1,84;0,01;0,02;-0,02
25,11.2019 09:58:10;34.1;0;273.8;5.627270657820416;275.13;Module 1,11_4;7.14;0,00;2,16;0,02;0,03;-0,03
25,11.2019 10:00:03;31.4;0;277.8;7.063490320741657;275.14;Module 1,11_4;8.92;0,00;2,71;0,02;0,05;-0,05
25,11.2019 10:01:56;28.1;0;277.8;8.058056701725688;275.16;Module 1,11_4;10.13;0,00;3,09;0,02;0,07;-0,07
25,11.2019 10:03:50;28.6;0;276.3;8.476877280642269;275.17;Module 1,11_4;10.61;0,00;3,25;0,02;0,08;-0,08
25,11.2019 10:05:47;28.9;0;276.3;9.877470188407075;275.19;Module 1,11_4;12.31;0,00;3,79;0,03;0,10;-0,10
25,11.2019 10:07:41;29.3;0;276.3;10.779226003603787;275.19;Module 1,11_4;13.38;0,00;4,13;0,03;0,12;-0,12
25,11.2019 10:09:33;29.6;0;276.3;11.192122580526213;275.2;Module 1,11_4;13.84;0,00;4,29;0,03;0,13;-0,13
25,11.2019 10:11:26;30.1;0.07;276.3;11.501146161524726;275.22;Module 1,11_4;14.17;2,11;4,41;0,03;0,14;1,97
25,11.2019 10:13:19;29.7;0.07;277.8;12.209741280187675;275.27;Module 1,11_4;14.99;2,08;4,69;0,03;0,16;1,92
25,11.2019 10:15:12;30.2;0.07;277.8;11.948895870149821;275.28;Module 1,11_4;14.62;2,11;4,59;0,03;0,15;1,96
25,11.2019 10:17:05;30.7;0.08;277.8;13.685398820340708;275.32;Module 1,11_4;16.69;2,46;5,25;0,04;0,20;2,26
25,11.2019 10:18:59;30.8;0.08;277.8;14.214301025301557;275.38;Module 1,11_4;17.28;2,46;5,45;0,04;0,21;2,25
25,11.2019 10:20:55;31;0.07;277.8;14.085385570677012;275.42;Module 1,11_4;17.07;2,17;5,41;0,04;0,21;1,96
25,11.2019 10:23:00;31;0.07;277.8;14.230317259360657;275.46;Module 1,11_4;17.19;2,17;5,46;0,04;0,21;1,96
25,11.2019 10:24:52;31.3;0.08;277.8;14.701744754835165;275.5;Module 1,11_4;17.71;2,50;5,64;0,04;0,23;2,28
25,11.2019 10:26:46;31.5;0.08;277.8;15.016813961394956;275.53;Module 1,11_4;18.04;2,52;5,76;0,04;0,24;2,28
25,11.2019 10:28:42;31.3;0.09;278.3;15.900340415486863;275.54;Module 1,11_4;19.05;2,82;6,10;0,04;0,26;2,55
25,11.2019 10:30:35;31.6;0.09;278.3;16.836075248220357;275.58;Module 1,11_4;20.12;2,84;6,46;0,05;0,30;2,55
25,11.2019 10:32:29;31.6;0.1;278.3;17.414650373101217;275.61;Module 1,11_4;20.76;3,16;6,68;0,05;0,32;2,84
25,11.2019 10:34:22;31.7;0.1;278.3;18.431403261503903;275.64;Module 1,11_4;21.92;3,17;7,07;0,05;0,36;2,81
25,11.2019 10:36:22;31.8;0.11;278.3;18.687094491111555;275.67;Module 1,11_4;22.17;3,50;7,17;0,05;0,37;3,13
25,11.2019 10:38:16;32.1;0.11;278.3;20.2411605026781;275.71;Module 1,11_4;23.96;3,53;7,77;0,06;0,43;3,10
25,11.2019 10:40:09;32.2;0.1;278.3;19.90375672270992;275.75;Module 1,11_4;23.51;3,22;7,64;0,05;0,41;2,81
25,11.2019 10:42:01;32.2;0.1;279.9;18.256684886464818;275.8;Module 1,11_4;21.52;3,22;7,01;0,05;0,35;2,87
25,11.2019 10:44:07;31.9;0.1;279.9;18.561391125657046;275.8;Module 1,11_4;21.83;3,19;7,13;0,05;0,36;2,83
25,11.2019 10:46:00;31.9;0.1;279.9;18.325073617973803;275.82;Module 1,11_4;21.51;3,19;7,04;0,05;0,35;2,84
25,11.2019 10:47:54;31.9;0.1;279.9;18.06140511942098;275.85;Module 1,11_4;21.16;3,19;6,94;0,05;0,34;2,85
25,11.2019 10:49:52;31.8;0.11;279.9;19.695347605052483;275.88;Module 1,11_4;23.03;3,50;7,56;0,05;0,41;3,09
25,11.2019 10:51:56;31.9;0.12;279.9;22.544450016154396;275.88;Module 1,11_4;26.31;3,83;8,66;0,06;0,53;3,30
25,11.2019 10:53:54;32.5;0.13;279.9;23.5809170290998;275.89;Module 1,11_4;27.47;4,23;9,05;0,06;0,58;3,64
25,11.2019 10:55:48;32.9;0.12;279.9;22.58898824112965;275.91;Module 1,11_4;26.27;3,95;8,67;0,06;0,53;3,41
25,11.2019 10:57:41;32.8;0.13;279.9;22.39328293898325;275.9;Module 1,11_4;26;4,26;8,60;0,06;0,53;3,74
25,11.2019 10:59:34;32.7;0.12;279.9;22.273512561113524;275.92;Module 1,11_4;25.82;3,92;8,55;0,06;0,52;3,40
25,11.2019 11:01:28;32.6;0.1;279.9;19.05956316147374;275.93;Module 1,11_4;22.06;3,26;7,32;0,05;0,38;2,88
25,11.2019 11:03:21;32.2;0.11;279.9;20.20435736176101;275.95;Module 1,11_4;23.35;3,54;7,76;0,06;0,43;3,11
25,11.2019 11:05:27;32.7;0.12;279.9;22.36056358127892;275.99;Module 1,11_4;25.8;3,92;8,59;0,06;0,52;3,40
25,11.2019 11:07:25;32.6;0.12;279.9;22.029048099954267;276.04;Module 1,11_4;25.38;3,91;8,46;0,06;0,51;3,40
25,11.2019 11:09:18;32.6;0.14;279.9;25.231810787373746;276.07;Module 1,11_4;29.03;4,56;9,69;0,07;0,67;3,90
25,11.2019 11:11:10;32.9;0.13;279.9;24.299272832471214;276.08;Module 1,11_4;27.92;4,28;9,33;0,07;0,62;3,66
25,11.2019 11:13:03;32.9;0.13;279.9;24.8102902217614;276.1;Module 1,11_4;28.47;4,28;9,52;0,07;0,64;3,63
25,11.2019 11:14:58;33.1;0.13;279.9;25.418290627708842;276.14;Module 1,11_4;29.13;4,30;9,76;0,07;0,68;3,63
25,11.2019 11:16:51;33;0.15;279.9;28.17558756778321;276.19;Module 1,11_4;32.25;4,95;10,82;0,08;0,83;4,12
25,11.2019 11:18:44;33.2;0.15;279.9;27.684753808135277;276.19;Module 1,11_4;31.65;4,98;10,63;0,08;0,80;4,18
25,11.2019 11:20:39;33.2;0.17;280.4;30.879381249697566;276.22;Module 1,11_4;35.26;5,64;11,86;0,08;1,00;4,65
25,11.2019 11:22:54;33.4;0.14;280.4;26.984009388555698;276.25;Module 1,11_4;30.77;4,68;10,36;0,07;0,76;3,91
25,11.2019 11:24:49;33.2;0.15;280.4;27.910039694340455;276.23;Module 1,11_4;31.79;4,98;10,72;0,08;0,82;4,16
25,11.2019 11:26:42;33.2;0.17;280.4;31.30647407168376;276.25;Module 1,11_4;35.62;5,64;12,02;0,09;1,03;4,62
25,11.2019 11:28:36;33.3;0.15;280.4;27.380573365855764;276.23;Module 1,11_4;31.12;4,99;10,52;0,07;0,79;4,21
25,11.2019 11:34:12;32.9;0.15;280.4;28.38914824884084;276.24;Module 1,11_4;32.17;4,93;10,91;0,08;0,84;4,09
25,11.2019 11:36:44;33.2;0.19;280.4;36.44870929521704;276.24;Module 1,11_4;41.25;6,31;14,00;0,10;1,39;4,92
25,11.2019 11:38:44;33.5;0.18;280.4;34.86597065309673;276.28;Module 1,11_4;39.42;6,03;13,39;0,10;1,27;4,76
25,11.2019 11:40:44;33.4;0.19;280.4;33.916682967475595;276.29;Module 1,11_4;38.31;6,35;13,02;0,09;1,20;5,14
25,11.2019 11:42:37;33.5;0.18;280.4;33.21107754881147;276.34;Module 1,11_4;37.48;6,03;12,76;0,09;1,16;4,87
25,11.2019 11:44:30;33.5;0.19;280.4;34.48122690552567;276.4;Module 1,11_4;38.88;6,37;13,24;0,09;1,25;5,12
25,11.2019 11:46:23;33.4;0.17;280.4;31.58105367070648;276.43;Module 1,11_4;35.58;5,68;12,13;0,09;1,04;4,63
25,11.2019 11:48:17;33.4;0.18;281.9;33.17951143706087;276.47;Module 1,11_4;37.35;6,01;12,75;0,09;1,15;4,86
25,11.2019 11:50:10;33.6;0.2;281.9;36.18436222122314;276.49;Module 1,11_4;40.7;6,72;13,91;0,10;1,37;5,35
25,11.2019 11:52:03;33.5;0.2;281.9;36.63969172882166;276.52;Module 1,11_4;41.18;6,70;14,08;0,10;1,41;5,29
25,11.2019 11:53:57;33.7;0.21;281.9;37.60282123031781;276.52;Module 1,11_4;42.23;7,08;14,45;0,10;1,48;5,59
25,11.2019 11:55:50;33.7;0.2;281.9;36.42783681465058;276.54;Module 1,11_4;40.88;6,74;14,00;0,10;1,39;5,35
25,11.2019 11:57:43;33.6;0.19;281.9;34.11795792997914;276.57;Module 1,11_4;38.26;6,38;13,11;0,09;1,22;5,16
25,11.2019 11:59:41;33.5;0.18;281.9;33.679187116941186;276.6;Module 1,11_4;37.74;6,03;12,95;0,09;1,19;4,84
25,11.2019 12:01:34;33.6;0.18;281.9;33.86325285345995;276.61;Module 1,11_4;37.92;6,05;13,02;0,09;1,20;4,85
25,11.2019 12:03:36;33.4;0.18;281.9;33.55729693564599;276.64;Module 1,11_4;37.55;6,01;12,90;0,09;1,18;4,83
25,11.2019 12:05:29;33.6;0.2;281.9;37.388959266413806;276.66;Module 1,11_4;41.81;6,72;14,37;0,10;1,47;5,25
25,11.2019 12:07:23;33.6;0.2;281.9;37.287959989166886;276.69;Module 1,11_4;41.67;6,72;14,33;0,10;1,46;5,26
25,11.2019 12:09:18;33.7;0.21;281.9;39.398113398554536;276.68;Module 1,11_4;44;7,08;15,14;0,11;1,63;5,45
25,11.2019 12:11:19;33.9;0.23;281.9;41.92380970099423;276.66;Module 1,11_4;46.79;7,80;16,11;0,11;1,84;5,95
25,11.2019 12:13:12;34.1;0.24;281.9;44.55779649277097;276.65;Module 1,11_4;49.7;8,18;17,13;0,12;2,08;6,10
25,11.2019 12:15:05;34.1;0.24;281.9;45.22969428479004;276.68;Module 1,11_4;50.42;8,18;17,38;0,12;2,15;6,04
25,11.2019 12:16:57;34;0.25;281.9;47.36453048928223;276.74;Module 1,11_4;52.77;8,50;18,20;0,13;2,35;6,15
25,11.2019 12:19:11;34.3;0.26;281.9;49.03935315526523;276.78;Module 1,11_4;54.6;8,92;18,84;0,13;2,52;6,40
25,11.2019 12:21:04;34.2;0.26;281.9;49.39837781978076;276.82;Module 1,11_4;54.97;8,89;18,98;0,13;2,56;6,33
25,11.2019 12:22:59;34.2;0.26;281.9;49.27206416023692;276.85;Module 1,11_4;54.8;8,89;18,94;0,13;2,55;6,35
25,11.2019 12:24:52;34.3;0.28;281.9;51.80729416952015;276.88;Module 1,11_4;57.59;9,60;19,91;0,14;2,82;6,79
25,11.2019 12:26:47;34.3;0.27;281.9;51.16775310983415;276.93;Module 1,11_4;56.85;9,26;19,66;0,14;2,75;6,51
25,11.2019 12:28:40;34.2;0.26;281.9;48.824547708490975;276.94;Module 1,11_4;54.22;8,89;18,77;0,13;2,50;6,39
25,11.2019 12:30:33;34.1;0.24;281.9;45.42439948019549;276.94;Module 1,11_4;50.42;8,18;17,45;0,12;2,16;6,02
25,11.2019 12:32:26;34.1;0.27;281.9;50.67336281023753;276.96;Module 1,11_4;56.22;9,21;19,48;0,14;2,69;6,51
25,11.2019 12:34:27;34.5;0.28;281.9;53.06068608872272;277;Module 1,11_4;58.84;9,66;20,39;0,14;2,95;6,71
25,11.2019 12:36:23;34.3;0.28;282.4;52.155540147410726;277.06;Module 1,11_4;57.81;9,60;20,05;0,14;2,85;6,75
25,11.2019 12:38:18;34.3;0.28;282.4;53.08101369349082;277.1;Module 1,11_4;58.81;9,60;20,40;0,14;2,96;6,65
25,11.2019 12:40:10;34.3;0.28;282.4;51.55002957724097;277.14;Module 1,11_4;57.09;9,60;19,81;0,14;2,79;6,82
25,11.2019 12:42:07;34.3;0.28;282.4;51.969347734760305;277.16;Module 1,11_4;57.53;9,60;19,98;0,14;2,83;6,77
25,11.2019 12:44:08;34.3;0.28;282.4;52.96753182528995;277.16;Module 1,11_4;58.61;9,60;20,36;0,14;2,94;6,66
25,11.2019 12:46:03;34.3;0.27;282.4;50.76435960848482;277.18;Module 1,11_4;56.15;9,26;19,52;0,14;2,70;6,56
25,11.2019 12:47:56;34.2;0.29;282.4;53.33397439266168;277.21;Module 1,11_4;58.97;9,92;20,50;0,15;2,98;6,93
25,11.2019 12:49:48;34.3;0.3;282.4;55.68763452715057;277.24;Module 1,11_4;61.55;10,29;21,41;0,15;3,25;7,04
25,11.2019 12:51:44;34.4;0.29;282.4;55.02921896898257;277.27;Module 1,11_4;60.8;9,98;21,15;0,15;3,18;6,80
25,11.2019 12:53:46;34.5;0.31;282.4;57.575939875254505;277.27;Module 1,11_4;63.59;10,70;22,13;0,16;3,48;7,22
25,11.2019 12:55:40;34.8;0.34;282.4;63.79974246400147;277.31;Module 1,11_4;70.44;11,83;24,52;0,17;4,27;7,56
25,11.2019 12:57:33;35.3;0.33;282.4;62.7243003879187;277.35;Module 1,11_4;69.23;11,65;24,10;0,17;4,13;7,52
25,11.2019 12:59:27;35.1;0.32;282.4;61.77462354225721;277.41;Module 1,11_4;68.16;11,23;23,74;0,17;4,00;7,23
25,11.2019 13:01:20;35.2;0.36;282.4;67.8225227355218;277.43;Module 1,11_4;74.81;12,67;26,05;0,19;4,83;7,85
25,11.2019 13:03:13;35.3;0.35;282.4;65.42145477440467;277.48;Module 1,11_4;72.14;12,35;25,13;0,18;4,49;7,86
25,11.2019 13:05:31;35.1;0.31;282.4;58.295888948728724;277.51;Module 1,11_4;64.26;10,88;22,41;0,16;3,57;7,32
25,11.2019 13:07:24;34.5;0.33;282.4;60.80760715975615;277.53;Module 1,11_4;67.01;11,38;23,37;0,17;3,88;7,51
25,11.2019 13:09:17;34.5;0.32;282.4;60.35202909474913;277.57;Module 1,11_4;66.49;11,04;23,20;0,16;3,82;7,22
25,11.2019 13:11:09;34.5;0.31;282.4;58.47010454355331;277.59;Module 1,11_4;64.4;10,70;22,47;0,16;3,59;7,11
25,11.2019 13:13:02;34.5;0.32;282.4;59.057012818586664;277.63;Module 1,11_4;65.03;11,04;22,70;0,16;3,66;7,38
25,11.2019 13:14:55;34.5;0.32;282.4;59.79812562853684;277.69;Module 1,11_4;65.83;11,04;22,98;0,16;3,75;7,29
25,11.2019 13:16:48;34.3;0.29;282.4;55.841692961300375;277.76;Module 1,11_4;61.46;9,95;21,46;0,15;3,27;6,68
25,11.2019 13:18:41;34.2;0.25;282.4;48.411369098894895;277.79;Module 1,11_4;53.27;8,55;18,61;0,13;2,46;6,09
25,11.2019 13:20:43;34;0.29;282.4;54.44950376164873;277.8;Module 1,11_4;59.9;9,86;20,93;0,15;3,11;6,75
25,11.2019 13:22:41;34.3;0.3;282.4;55.85251203808629;277.79;Module 1,11_4;61.43;10,29;21,47;0,15;3,27;7,02
25,11.2019 13:24:34;34.2;0.29;282.4;52.8082092326522;277.77;Module 1,11_4;58.07;9,92;20,30;0,14;2,93;6,99
25,11.2019 13:26:27;34.2;0.29;282.4;54.09179999861914;277.75;Module 1,11_4;59.47;9,92;20,79;0,15;3,07;6,85
25,11.2019 13:28:24;34.3;0.28;282.4;51.79142094040581;277.81;Module 1,11_4;56.93;9,60;19,91;0,14;2,81;6,79
25,11.2019 13:30:17;34.1;0.27;282.4;50.87247737585837;277.85;Module 1,11_4;55.91;9,21;19,55;0,14;2,72;6,49
25,11.2019 13:32:15;34.1;0.26;282.4;49.04311249529479;277.87;Module 1,11_4;53.89;8,87;18,85;0,13;2,52;6,34
25,11.2019 13:34:08;34;0.28;282.4;51.0716384676872;277.85;Module 1,11_4;56.11;9,52;19,63;0,14;2,74;6,78
25,11.2019 13:36:21;34.1;0.26;282.4;50.65289400349663;277.89;Module 1,11_4;55.64;8,87;19,47;0,14;2,69;6,17
25,11.2019 13:38:15;34.2;0.28;282.4;52.226275206242974;277.91;Module 1,11_4;57.36;9,58;20,07;0,14;2,86;6,71
25,11.2019 13:40:11;34.2;0.28;282.4;52.45207986300703;277.9;Module 1,11_4;57.6;9,58;20,16;0,14;2,89;6,69
25,11.2019 13:42:10;34.1;0.3;282.4;56.557474062453295;277.9;Module 1,11_4;62.1;10,23;21,73;0,15;3,36;6,87
25,11.2019 13:44:15;34.3;0.36;282.4;66.16545765518083;277.91;Module 1,11_4;72.64;12,35;25,41;0,18;4,59;7,75
25,11.2019 13:46:09;34.9;0.36;282.4;68.51403493045741;277.96;Module 1,11_4;75.21;12,56;26,30;0,19;4,93;7,64
25,11.2019 13:48:04;35.1;0.31;283.4;59.337667734547296;277.97;Module 1,11_4;65.13;10,88;22,81;0,16;3,70;7,18
25,11.2019 13:50:12;34.5;0.31;283.4;57.94083081123025;278.01;Module 1,11_4;63.59;10,70;22,27;0,16;3,53;7,17
25,11.2019 13:52:14;34.4;0.29;283.4;54.89353332761524;278.04;Module 1,11_4;60.24;9,98;21,11;0,15;3,16;6,81
25,11.2019 13:54:07;34.3;0.27;283.4;51.03382662762907;278.04;Module 1,11_4;56;9,26;19,63;0,14;2,73;6,53
25,11.2019 13:56:00;34;0.26;283.4;49.378700512972834;278.05;Module 1,11_4;54.18;8,84;18,98;0,13;2,56;6,28
25,11.2019 13:57:55;34.1;0.28;283.4;51.952108362511325;278.03;Module 1,11_4;57;9,55;19,98;0,14;2,83;6,71
25,11.2019 13:59:48;34.1;0.27;283.4;49.776495489436385;278.05;Module 1,11_4;54.61;9,21;19,14;0,14;2,60;6,61
25,11.2019 14:01:41;34;0.25;282.4;46.059786301199495;278.07;Module 1,11_4;50.53;8,50;17,70;0,13;2,23;6,27
25,11.2019 14:03:41;33.9;0.24;282.4;44.94047189545212;278.06;Module 1,11_4;49.3;8,14;17,27;0,12;2,12;6,02
25,11.2019 14:05:37;33.8;0.24;282.4;44.62284962654505;278.06;Module 1,11_4;48.95;8,11;17,15;0,12;2,09;6,02
25,11.2019 14:07:43;34;0.27;282.4;51.379121581727254;278.1;Module 1,11_4;56.36;9,18;19,75;0,14;2,77;6,41
25,11.2019 14:09:43;34.2;0.27;282.4;51.48930680858546;278.1;Module 1,11_4;56.48;9,23;19,79;0,14;2,78;6,45
25,11.2019 14:11:35;34.1;0.27;283.4;50.79678782738675;278.12;Module 1,11_4;55.72;9,21;19,53;0,14;2,71;6,50
25,11.2019 14:13:28;34.3;0.29;283.4;53.25815660939343;278.15;Module 1,11_4;58.42;9,95;20,48;0,15;2,98;6,97
25,11.2019 14:15:23;34.2;0.28;283.4;51.15178304836869;278.1;Module 1,11_4;56.11;9,58;19,67;0,14;2,75;6,83
25,11.2019 14:17:23;34.1;0.24;283.4;43.93994649226206;278.09;Module 1,11_4;48.2;8,18;16,90;0,12;2,03;6,16
25,11.2019 14:19:21;33.8;0.2;283.4;38.286891400864505;278.1;Module 1,11_4;42;6,76;14,72;0,10;1,54;5,22
25,11.2019 14:21:17;33.7;0.22;282.4;41.73125617908013;278.09;Module 1,11_4;45.78;7,41;16,04;0,11;1,83;5,59
25,11.2019 14:23:14;33.8;0.23;282.4;44.08115560790186;278.08;Module 1,11_4;48.36;7,77;16,95;0,12;2,04;5,74
25,11.2019 14:25:07;33.7;0.26;282.4;48.27171743731209;278.06;Module 1,11_4;52.96;8,76;18,55;0,13;2,44;6,32
25,11.2019 14:27:02;34;0.28;282.4;51.94186251728645;278.03;Module 1,11_4;56.99;9,52;19,96;0,14;2,83;6,69
25,11.2019 14:28:56;34.2;0.28;282.4;52.384922056149364;278.05;Module 1,11_4;57.48;9,58;20,13;0,14;2,88;6,70
25,11.2019 14:30:50;34.1;0.27;282.4;50.2849793226934;278.03;Module 1,11_4;55.18;9,21;19,33;0,14;2,65;6,55
25,11.2019 14:32:45;34.2;0.28;282.4;52.330926152886676;278.03;Module 1,11_4;57.43;9,58;20,12;0,14;2,87;6,70
25,11.2019 14:34:38;34.1;0.29;282.4;55.00482332892528;278.05;Module 1,11_4;60.37;9,89;21,14;0,15;3,17;6,71
25,11.2019 14:36:30;34.2;0.3;282.4;56.78497588142559;278.1;Module 1,11_4;62.33;10,26;21,83;0,16;3,38;6,88
25,11.2019 14:38:28;34.4;0.32;282.4;58.73700594978119;278.09;Module 1,11_4;64.48;11,01;22,57;0,16;3,62;7,39
25,11.2019 14:40:26;34.5;0.33;282.4;61.8903025248012;278.12;Module 1,11_4;67.95;11,38;23,78;0,17;4,02;7,37
25,11.2019 14:42:19;34.5;0.32;282.4;60.50726659783514;278.18;Module 1,11_4;66.44;11,04;23,25;0,17;3,84;7,20
25,11.2019 14:44:21;34.5;0.3;283.4;55.872656853737574;278.24;Module 1,11_4;61.36;10,35;21,48;0,15;3,28;7,07
25,11.2019 14:46:30;34.3;0.27;283.4;50.764978802086944;278.21;Module 1,11_4;55.76;9,26;19,52;0,14;2,71;6,55
25,11.2019 14:48:30;34.1;0.28;283.4;52.09464947301292;278.19;Module 1,11_4;57.23;9,55;20,03;0,14;2,85;6,70
25,11.2019 14:50:24;34.1;0.27;283.4;52.20425321238737;278.17;Module 1,11_4;57.36;9,21;20,07;0,14;2,86;6,35
25,11.2019 14:52:10;34;0.24;283.4;45.807726416828196;278.21;Module 1,11_4;50.34;8,16;17,62;0,13;2,20;5,96
25,11.2019 14:54:46;33.8;0.27;283.4;50.60847082262372;278.28;Module 1,11_4;55.63;9,13;19,46;0,14;2,69;6,44
25,11.2019 14:56:42;34.1;0.28;283.4;52.0262146983569;278.32;Module 1,11_4;57.2;9,55;20,01;0,14;2,84;6,71
25,11.2019 14:58:35;34.1;0.26;283.4;49.660193915214904;278.35;Module 1,11_4;54.61;8,87;19,09;0,14;2,59;6,28
25,11.2019 15:00:29;34.1;0.26;283.4;49.585678088980266;278.39;Module 1,11_4;54.54;8,87;19,06;0,14;2,58;6,28
25,11.2019 15:02:44;34.1;0.26;283.4;47.990654218446046;278.4;Module 1,11_4;52.8;8,87;18,45;0,13;2,42;6,45
25,11.2019 15:04:39;34.1;0.26;283.4;49.95991027852914;278.42;Module 1,11_4;54.98;8,87;19,21;0,14;2,62;6,24
25,11.2019 15:06:33;34;0.26;283.4;49.63843451104278;278.43;Module 1,11_4;54.64;8,84;19,09;0,14;2,59;6,25
25,11.2019 15:08:35;34;0.26;283.4;49.034112569789286;278.42;Module 1,11_4;53.99;8,84;18,85;0,13;2,52;6,32
25,11.2019 15:10:29;33.9;0.24;283.4;46.314931193523336;278.42;Module 1,11_4;51.01;8,14;17,81;0,13;2,25;5,88
25,11.2019 15:12:21;33.7;0.2;283.4;38.1689121652633;278.43;Module 1,11_4;42.05;6,74;14,68;0,10;1,53;5,21
25,11.2019 15:14:14;33.4;0.2;283.4;37.40450739118554;278.43;Module 1,11_4;41.22;6,68;14,38;0,10;1,47;5,21
25,11.2019 15:16:07;33.4;0.21;283.4;39.633755978061856;278.46;Module 1,11_4;43.69;7,01;15,24;0,11;1,65;5,36
25,11.2019 15:18:32;33.5;0.24;283.4;44.514189983006396;278.5;Module 1,11_4;49.09;8,04;17,12;0,12;2,08;5,96
25,11.2019 15:20:29;33.9;0.25;283.4;45.586629133897624;278.5;Module 1,11_4;50.29;8,47;17,53;0,12;2,18;6,29
25,11.2019 15:22:32;33.8;0.23;283.4;41.37408443901946;278.55;Module 1,11_4;45.66;7,77;15,91;0,11;1,80;5,98
25,11.2019 15:24:33;33.6;0.2;283.4;37.78033132836171;278.53;Module 1,11_4;41.71;6,72;14,52;0,10;1,50;5,22
25,11.2019 15:26:26;33.5;0.19;283.4;35.2491300926749;278.5;Module 1,11_4;38.93;6,37;13,55;0,10;1,30;5,06
25,11.2019 15:28:20;33.3;0.18;283.4;32.99079929075389;278.44;Module 1,11_4;36.45;5,99;12,69;0,09;1,14;4,85
25,11.2019 15:30:15;33.2;0.17;283.4;31.32176834876394;278.42;Module 1,11_4;34.62;5,64;12,05;0,09;1,03;4,61
25,11.2019 15:32:10;32.9;0.18;283.4;32.87315965482663;278.37;Module 1,11_4;36.35;5,92;12,64;0,09;1,13;4,79
25,11.2019 15:34:15;33;0.17;282.4;31.013635143127026;278.33;Module 1,11_4;34.31;5,61;11,92;0,08;1,01;4,60
25,11.2019 15:36:11;33;0.16;282.4;30.737547399581835;278.3;Module 1,11_4;34.02;5,28;11,81;0,08;0,99;4,29
25,11.2019 15:38:03;33;0.19;282.4;35.08563643002313;278.3;Module 1,11_4;38.85;6,27;13,48;0,10;1,29;4,98
25,11.2019 15:39:56;33.1;0.21;282.4;38.065994608912526;278.28;Module 1,11_4;42.17;6,95;14,63;0,10;1,52;5,43
25,11.2019 15:41:49;33.5;0.19;282.4;35.313684061693095;278.25;Module 1,11_4;39.14;6,37;13,57;0,10;1,31;5,06
25,11.2019 15:43:43;33.3;0.19;282.4;35.62944963053793;278.25;Module 1,11_4;39.51;6,33;13,70;0,10;1,33;5,00
25,11.2019 15:45:36;33.3;0.16;282.4;30.653744655254208;278.2;Module 1,11_4;34.01;5,33;11,78;0,08;0,99;4,34
25,11.2019 15:47:32;33.1;0.14;282.4;27.592135430891936;278.12;Module 1,11_4;30.63;4,63;10,60;0,08;0,80;3,84
25,11.2019 15:49:24;32.5;0.14;282.4;25.803392690241274;278.06;Module 1,11_4;28.66;4,55;9,91;0,07;0,70;3,85
25,11.2019 15:51:17;32.5;0.11;282.4;21.991483116814326;278.02;Module 1,11_4;24.44;3,58;8,45;0,06;0,51;3,07
25,11.2019 15:53:11;32.1;0.12;282.4;22.455075873608685;278;Module 1,11_4;24.97;3,85;8,63;0,06;0,53;3,32
25,11.2019 15:55:07;31.9;0.12;282.4;22.83655004252946;277.99;Module 1,11_4;25.41;3,83;8,77;0,06;0,55;3,28
25,11.2019 15:57:10;31.8;0.11;281.9;20.97088873586719;277.99;Module 1,11_4;23.35;3,50;8,05;0,06;0,46;3,04
25,11.2019 15:59:03;31.6;0.11;281.9;19.826453753695652;277.96;Module 1,11_4;22.09;3,48;7,62;0,05;0,41;3,06
25,11.2019 16:01:00;31.6;0.1;281.9;19.283598215437337;277.95;Module 1,11_4;21.5;3,16;7,41;0,05;0,39;2,77
25,11.2019 16:02:53;31.4;0.1;281.9;19.440641720426193;277.92;Module 1,11_4;21.69;3,14;7,47;0,05;0,40;2,74
25,11.2019 16:04:58;31.4;0.1;281.9;19.49702935497653;277.9;Module 1,11_4;21.77;3,14;7,49;0,05;0,40;2,74
25,11.2019 16:06:52;31.6;0.1;281.9;18.963556708240795;277.89;Module 1,11_4;21.19;3,16;7,29;0,05;0,38;2,78
25,11.2019 16:08:49;31.3;0.09;281.9;17.383813654288563;277.87;Module 1,11_4;19.44;2,82;6,68;0,05;0,32;2,50
25,11.2019 16:10:42;30.9;0.09;281.9;16.986040915451284;277.85;Module 1,11_4;19.01;2,78;6,52;0,05;0,30;2,48
25,11.2019 16:12:36;31.2;0.09;281.9;17.650798087432985;277.86;Module 1,11_4;19.77;2,81;6,78;0,05;0,33;2,48
25,11.2019 16:14:29;31.2;0.1;281.9;19.06347376859017;277.89;Module 1,11_4;21.37;3,12;7,33;0,05;0,38;2,74
25,11.2019 16:16:22;31.5;0.1;281.9;19.01152800895436;277.89;Module 1,11_4;21.33;3,15;7,30;0,05;0,38;2,77
25,11.2019 16:18:37;31.2;0.09;281.9;17.825075999285325;277.86;Module 1,11_4;20.02;2,81;6,85;0,05;0,33;2,47
25,11.2019 16:20:29;31.1;0.09;281.9;17.791133367137505;277.85;Module 1,11_4;20;2,80;6,84;0,05;0,33;2,47
25,11.2019 16:22:28;31.3;0.1;281.9;18.066718051072325;277.83;Module 1,11_4;20.33;3,13;6,95;0,05;0,34;2,79
25,11.2019 16:24:25;31.1;0.09;280.4;16.983156138384736;277.82;Module 1,11_4;19.13;2,80;6,52;0,05;0,30;2,50
25,11.2019 16:26:17;31;0.09;280.4;16.03498919420187;277.8;Module 1,11_4;18.08;2,79;6,16;0,04;0,27;2,52
25,11.2019 16:28:12;31;0.09;280.4;15.699107139415812;277.76;Module 1,11_4;17.72;2,79;6,03;0,04;0,26;2,53
25,11.2019 16:30:05;30.9;0.09;280.4;15.903537102086908;277.77;Module 1,11_4;17.97;2,78;6,11;0,04;0,26;2,52
25,11.2019 16:31:59;30.9;0.08;280.4;16.044913813876533;277.78;Module 1,11_4;18.15;2,47;6,16;0,04;0,27;2,20
25,11.2019 16:34:04;31;0.07;280.4;14.091062368101642;277.75;Module 1,11_4;15.96;2,17;5,41;0,04;0,21;1,96
25,11.2019 16:35:57;30.5;0.08;280.4;14.418311654889095;277.75;Module 1,11_4;16.35;2,44;5,54;0,04;0,22;2,22
25,11.2019 16:37:50;30.5;0.07;280.4;13.99553360697058;277.77;Module 1,11_4;15.89;2,14;5,38;0,04;0,21;1,93
25,11.2019 16:39:57;30.3;0.07;280.4;13.641416434250406;277.78;Module 1,11_4;15.51;2,12;5,24;0,04;0,19;1,93
25,11.2019 16:41:50;30.3;0.08;280.4;14.001246733752003;277.78;Module 1,11_4;15.94;2,42;5,38;0,04;0,21;2,22
25,11.2019 16:43:43;30.4;0.08;280.4;15.09631065542212;277.78;Module 1,11_4;17.21;2,43;5,80;0,04;0,24;2,19
25,11.2019 16:45:36;30.8;0.08;280.4;15.548192017236484;277.78;Module 1,11_4;17.75;2,46;5,97;0,04;0,25;2,21
25,11.2019 16:47:35;30.7;0.08;280.4;15.04342457168067;277.79;Module 1,11_4;17.2;2,46;5,77;0,04;0,24;2,22
25,11.2019 16:49:27;31.2;0.09;280.4;16.70655484409786;277.79;Module 1,11_4;19.13;2,81;6,41;0,05;0,29;2,52
25,11.2019 16:51:25;31.5;0.09;281.9;17.089242396475438;277.81;Module 1,11_4;19.6;2,83;6,57;0,05;0,31;2,53
25,11.2019 16:53:21;30.8;0.08;281.9;16.147007501448787;277.8;Module 1,11_4;18.55;2,46;6,20;0,04;0,27;2,19
25,11.2019 16:55:20;31.2;0.09;281.9;16.127294471705255;277.8;Module 1,11_4;18.56;2,81;6,20;0,04;0,27;2,54
25,11.2019 16:57:26;30.7;0.08;280.4;14.578401918901733;277.82;Module 1,11_4;16.81;2,46;5,60;0,04;0,22;2,23
25,11.2019 16:59:32;30.2;0.08;280.4;14.324004689240763;277.8;Module 1,11_4;16.55;2,42;5,50;0,04;0,21;2,20
25,11.2019 17:01:25;30.5;0.09;280.4;16.37040617777897;277.78;Module 1,11_4;18.95;2,75;6,29;0,04;0,28;2,46
25,11.2019 17:03:17;31.1;0.08;280.4;15.028249026769995;277.77;Module 1,11_4;17.43;2,49;5,77;0,04;0,24;2,25
25,11.2019 17:05:10;31;0.09;280.4;16.06484347174098;277.77;Module 1,11_4;18.67;2,79;6,17;0,04;0,27;2,52
25,11.2019 17:07:11;31;0.09;280.4;15.994342090050942;277.74;Module 1,11_4;18.63;2,79;6,14;0,04;0,27;2,52
25,11.2019 17:09:14;31.1;0.08;280.4;13.977732920903753;277.72;Module 1,11_4;16.32;2,49;5,37;0,04;0,20;2,28
25,11.2019 17:11:09;30.8;0.07;280.4;12.073929509598639;277.7;Module 1,11_4;14.13;2,16;4,63;0,03;0,15;2,00
25,11.2019 17:13:02;30.2;0.07;280.4;11.499672323678789;277.67;Module 1,11_4;13.49;2,11;4,41;0,03;0,14;1,98
25,11.2019 17:14:54;29.7;0.07;280.4;11.760617120748194;277.63;Module 1,11_4;13.83;2,08;4,52;0,03;0,14;1,93
25,11.2019 17:16:53;29.9;0.07;280.4;12.21209052130069;277.61;Module 1,11_4;14.4;2,09;4,69;0,03;0,16;1,94
25,11.2019 17:19:09;29.7;0.07;280.4;11.606046153039758;277.6;Module 1,11_4;13.73;2,08;4,45;0,03;0,14;1,94
25,11.2019 17:21:02;29.7;0.07;280.4;11.227610935195251;277.6;Module 1,11_4;13.32;2,08;4,31;0,03;0,13;1,95
25,11.2019 17:23:28;29.7;0.07;280.4;11.12572629509079;277.6;Module 1,11_4;13.25;2,08;4,27;0,03;0,13;1,95
25,11.2019 17:25:29;29.4;0;280.4;9.598813683213217;277.6;Module 1,11_4;11.47;0,00;3,69;0,03;0,10;-0,10
25,11.2019 17:27:26;29.4;0;280.4;10.124985821958935;277.6;Module 1,11_4;12.14;0,00;3,89;0,03;0,11;-0,11
25,11.2019 17:29:34;29;0;279.9;9.287904199071136;277.63;Module 1,11_4;11.18;0,00;3,56;0,03;0,09;-0,09
25,11.2019 17:31:27;28.7;0;279.9;8.832080293766987;277.61;Module 1,11_4;10.67;0,00;3,39;0,02;0,08;-0,08
25,11.2019 17:33:37;28.7;0;279.9;7.631310553820812;277.61;Module 1,11_4;9.26;0,00;2,93;0,02;0,06;-0,06
25,11.2019 17:35:30;27.8;0;279.9;7.313338228140497;277.62;Module 1,11_4;8.91;0,00;2,80;0,02;0,06;-0,06
25,11.2019 17:38:17;27.4;0;279.9;6.720666531628425;277.6;Module 1,11_4;8.24;0,00;2,58;0,02;0,05;-0,05
25,11.2019 17:40:24;26.7;0;278.3;6.9538850689668426;277.57;Module 1,11_4;8.57;0,00;2,67;0,02;0,05;-0,05
25,11.2019 17:42:20;27.2;0;278.3;6.854723113332352;277.53;Module 1,11_4;8.49;0,00;2,63;0,02;0,05;-0,05
25,11.2019 17:44:21;27.1;0;278.3;6.279117636401105;277.54;Module 1,11_4;7.82;0,00;2,41;0,02;0,04;-0,04
25,11.2019 17:46:15;26.6;0;278.3;5.446149674975793;277.55;Module 1,11_4;6.82;0,00;2,09;0,01;0,03;-0,03
25,11.2019 17:48:08;33.6;0;278.3;4.890800336518987;277.54;Module 1,11_4;6.16;0,00;1,88;0,01;0,03;-0,03
25,11.2019 17:50:04;32.9;0;280.4;4.213177012687627;277.54;Module 1,11_4;5.34;0,00;1,62;0,01;0,02;-0,02
25,11.2019 17:52:00;29.2;0;280.4;3.6051242850348317;277.53;Module 1,11_4;4.6;0,00;1,38;0,01;0,01;-0,01
25,11.2019 17:54:07;31;0;280.4;3.499227209968358;277.53;Module 1,11_4;4.5;0,00;1,34;0,01;0,01;-0,01
25,11.2019 17:56:08;31.1;0;280.4;3.101029693738263;277.51;Module 1,11_4;4.02;0,00;1,19;0,01;0,01;-0,01
25,11.2019 17:58:11;29.8;0;279.9;2.61519699636778;277.5;Module 1,11_4;3.42;0,00;1,01;0,01;0,01;-0,01
25,11.2019 18:00:04;24.7;0;279.9;2.1605767059947993;277.49;Module 1,11_4;2.85;0,00;0,83;0,01;0,00;-0,00
25,11.2019 18:02:02;24.7;0;279.9;1.8919449344323633;277.47;Module 1,11_4;2.52;0,00;0,73;0,01;0,00;-0,00
25,11.2019 18:04:09;19.7;0;279.9;1.5588641365237634;277.46;Module 1,11_4;2.1;0,00;0,60;0,00;0,00;-0,00
25,11.2019 18:06:04;19.7;0;279.9;1.3874365661495176;277.44;Module 1,11_4;1.89;0,00;0,53;0,00;0,00;-0,00
25,11.2019 18:07:57;19.7;0;279.9;1.1969624158420171;277.42;Module 1,11_4;1.65;0,00;0,46;0,00;0,00;-0,00
26,11.2019 09:47:57;32.1;0;276.3;3.8928270612026825;276.99;Module 1,11_4;5.11;0,00;1,49;0,01;0,02;-0,02
26,11.2019 09:50:15;33.2;0;276.3;5.150821632513485;276.96;Module 1,11_4;6.71;0,00;1,98;0,01;0,03;-0,03
26,11.2019 09:52:20;34.4;0;276.3;6.188923105447889;276.97;Module 1,11_4;8.01;0,00;2,38;0,02;0,04;-0,04
26,11.2019 09:54:28;27.6;0;279.9;7.651044511861189;276.98;Module 1,11_4;9.84;0,00;2,94;0,02;0,06;-0,06
26,11.2019 09:56:27;27.6;0;279.9;9.562544455508773;277;Module 1,11_4;12.23;0,00;3,67;0,03;0,10;-0,10
26,11.2019 09:58:26;28.9;0.06;277.8;11.476410102740555;277.03;Module 1,11_4;14.6;1,73;4,41;0,03;0,14;1,60
26,11.2019 10:00:20;29.6;0.08;277.8;13.483271946806632;277.03;Module 1,11_4;17.07;2,37;5,17;0,04;0,19;2,18
26,11.2019 10:02:18;30.8;0.09;278.3;15.83398597201749;277.03;Module 1,11_4;19.95;2,77;6,08;0,04;0,26;2,51
26,11.2019 10:04:22;31.4;0.09;278.3;17.609162295498173;277.02;Module 1,11_4;22.08;2,83;6,76;0,05;0,32;2,50
26,11.2019 10:06:20;31.8;0.1;278.3;18.904022037071584;277.01;Module 1,11_4;23.6;3,18;7,25;0,05;0,37;2,81
26,11.2019 10:08:24;32;0.11;279.9;20.26668528189204;277.01;Module 1,11_4;25.19;3,52;7,78;0,06;0,43;3,09
26,11.2019 10:10:34;32.2;0.1;279.9;19.709772841116838;277.03;Module 1,11_4;24.39;3,22;7,57;0,05;0,41;2,81
26,11.2019 10:12:36;31.9;0.1;279.9;18.603432998979525;277.07;Module 1,11_4;22.93;3,19;7,14;0,05;0,36;2,83
26,11.2019 10:14:30;31.6;0.1;279.9;17.98568335296729;277.09;Module 1,11_4;22.09;3,16;6,91;0,05;0,34;2,82
26,11.2019 10:16:42;31.5;0.09;279.9;16.904192801653014;277.13;Module 1,11_4;20.68;2,83;6,49;0,05;0,30;2,54
26,11.2019 10:18:34;31.3;0.09;279.9;16.974987067623456;277.17;Module 1,11_4;20.7;2,82;6,52;0,05;0,30;2,52
26,11.2019 10:20:29;31.1;0.08;279.9;16.362669608142316;277.21;Module 1,11_4;19.89;2,49;6,28;0,04;0,28;2,21
26,11.2019 10:22:22;31;0.08;279.9;16.015932508788538;277.28;Module 1,11_4;19.41;2,48;6,15;0,04;0,27;2,21
26,11.2019 10:24:53;31.1;0.08;279.9;14.851914962036318;277.34;Module 1,11_4;17.93;2,49;5,70;0,04;0,23;2,26
26,11.2019 10:27:11;31;0.07;279.9;15.342557413291832;277.38;Module 1,11_4;18.46;2,17;5,89;0,04;0,25;1,92
26,11.2019 10:29:04;31.2;0.08;279.9;16.62503346535422;277.43;Module 1,11_4;19.95;2,50;6,38;0,05;0,29;2,21
26,11.2019 10:31:00;31.4;0.09;279.9;17.746726074122677;277.49;Module 1,11_4;21.24;2,83;6,81;0,05;0,33;2,50
26,11.2019 10:33:12;31.3;0.1;279.9;18.946075485442115;277.55;Module 1,11_4;22.61;3,13;7,27;0,05;0,38;2,75
26,11.2019 10:35:05;31.6;0.1;280.4;19.176139532978254;277.58;Module 1,11_4;22.83;3,16;7,37;0,05;0,39;2,77
26,11.2019 10:37:21;31.5;0.09;280.4;18.109123635460925;277.64;Module 1,11_4;21.5;2,83;6,95;0,05;0,34;2,49
26,11.2019 10:39:14;31.5;0.09;280.4;17.330590219897367;277.67;Module 1,11_4;20.53;2,83;6,66;0,05;0,31;2,52
26,11.2019 10:41:37;31;0.09;280.4;16.776714277019718;277.71;Module 1,11_4;19.82;2,79;6,45;0,05;0,29;2,50
26,11.2019 10:43:45;30.6;0.08;280.4;15.738513134045515;277.75;Module 1,11_4;18.55;2,45;6,05;0,04;0,26;2,19
26,11.2019 10:45:38;31.1;0.09;280.4;17.546801885140805;277.79;Module 1,11_4;20.64;2,80;6,74;0,05;0,32;2,48
26,11.2019 10:47:35;31.3;0.1;280.4;21.03203454964052;277.83;Module 1,11_4;24.69;3,13;8,08;0,06;0,46;2,67
26,11.2019 10:49:36;31.8;0.12;280.4;23.06318407569773;277.87;Module 1,11_4;27.02;3,82;8,86;0,06;0,56;3,26
26,11.2019 10:51:47;31.9;0.12;280.4;22.162388621618412;277.92;Module 1,11_4;25.91;3,83;8,51;0,06;0,51;3,31
26,11.2019 10:53:41;32.4;0.12;280.4;24.412552921435132;277.94;Module 1,11_4;28.49;3,89;9,38;0,07;0,62;3,26
26,11.2019 10:56:25;32.6;0.13;281.9;24.790677271243688;277.97;Module 1,11_4;28.86;4,24;9,52;0,07;0,64;3,59
26,11.2019 10:58:33;32.4;0.14;281.9;27.805767909933284;278;Module 1,11_4;32.31;4,54;10,69;0,08;0,81;3,73
26,11.2019 11:00:26;33.2;0.15;281.9;29.36705712485109;278.03;Module 1,11_4;34.07;4,98;11,28;0,08;0,90;4,08
26,11.2019 11:02:40;33.2;0.19;281.9;37.209932058078635;278.06;Module 1,11_4;43.09;6,31;14,30;0,10;1,45;4,86
26,11.2019 11:05:16;33.8;0.22;281.9;40.739074893691956;278.12;Module 1,11_4;47.08;7,44;15,66;0,11;1,74;5,70
26,11.2019 11:07:33;33.7;0.21;281.9;39.96927218892296;278.21;Module 1,11_4;46.11;7,08;15,36;0,11;1,68;5,40
26,11.2019 11:09:51;33.7;0.23;282.4;42.650762761096104;278.29;Module 1,11_4;49.12;7,75;16,39;0,12;1,91;5,84
26,11.2019 11:11:53;33.8;0.24;282.4;44.89548565358168;278.36;Module 1,11_4;51.63;8,11;17,26;0,12;2,11;6,00
26,11.2019 11:13:54;34;0.25;282.4;45.602898857560234;278.46;Module 1,11_4;52.37;8,50;17,53;0,12;2,18;6,32
26,11.2019 11:15:55;33.9;0.25;282.4;46.52840144153291;278.53;Module 1,11_4;53.36;8,47;17,88;0,13;2,27;6,20
26,11.2019 11:18:19;34;0.27;282.4;49.79816953769049;278.6;Module 1,11_4;57.02;9,18;19,14;0,14;2,60;6,58
26,11.2019 11:20:27;34;0.29;282.4;55.34034991746616;278.69;Module 1,11_4;63.28;9,86;21,27;0,15;3,21;6,65
26,11.2019 11:22:34;34.4;0.35;282.4;65.82456274122775;278.78;Module 1,11_4;75.17;12,04;25,29;0,18;4,55;7,49
26,11.2019 11:24:58;34.8;0.4;282.4;74.9342219156327;278.89;Module 1,11_4;85.45;13,92;28,67;0,21;5,89;8,03
26,11.2019 11:26:57;34.8;0.36;282.4;68.19910053333643;278.93;Module 1,11_4;77.68;12,53;26,19;0,19;4,88;7,65
26,11.2019 11:29:03;34.6;0.36;283.4;67.97261691199725;278.99;Module 1,11_4;77.33;12,46;26,11;0,19;4,85;7,60
26,11.2019 11:30:59;34.6;0.37;283.4;72.77035864427488;279.05;Module 1,11_4;82.7;12,80;27,89;0,20;5,56;7,24
26,11.2019 11:33:30;35.2;0.47;283.4;89.66262688846922;279.17;Module 1,11_4;101.76;16,54;32,75;0,26;8,38;8,16
26,11.2019 11:35:25;35.6;0.46;283.4;87.70584215662622;279.2;Module 1,11_4;99.44;16,38;32,36;0,25;8,03;8,34
26,11.2019 11:37:32;35.6;0.47;283.4;88.34739622538781;279.25;Module 1,11_4;100.06;16,73;32,49;0,25;8,15;8,58
26,11.2019 11:39:40;35.6;0.47;285.9;89.16514031519154;279.29;Module 1,11_4;100.88;16,73;32,42;0,26;8,30;8,44
26,11.2019 11:41:47;35.7;0.49;285.9;92.79480186819939;279.37;Module 1,11_4;104.88;17,49;33,01;0,27;8,94;8,55
26,11.2019 11:43:56;35.4;0.42;285.9;81.04669489694761;279.43;Module 1,11_4;91.51;14,87;30,57;0,23;6,90;7,97
26,11.2019 11:45:56;35.4;0.38;285.9;74.58715032437554;279.48;Module 1,11_4;84.14;13,45;28,53;0,21;5,85;7,60
26,11.2019 11:47:53;35;0.38;284.4;72.40693957959014;279.49;Module 1,11_4;81.61;13,30;27,76;0,20;5,51;7,79
26,11.2019 11:49:49;34.6;0.39;284.4;74.34111165890057;279.5;Module 1,11_4;83.72;13,49;28,45;0,20;5,81;7,69
26,11.2019 11:51:48;34.6;0.38;284.4;72.28817514246974;279.53;Module 1,11_4;81.34;13,15;27,72;0,20;5,49;7,66
26,11.2019 12:09:19;34.3;0.36;285.9;71.08103951431299;279.7;Module 1,11_4;79.46;12,35;27,27;0,19;5,31;7,03
26,11.2019 12:11:12;34.4;0.38;285.9;74.57137381005711;279.72;Module 1,11_4;83.31;13,07;28,52;0,21;5,85;7,22
26,11.2019 12:13:05;34.6;0.39;285.9;76.19296558969747;279.8;Module 1,11_4;85.07;13,49;29,08;0,21;6,10;7,39
26,11.2019 12:14:59;34.6;0.39;285.9;76.69555296035652;279.88;Module 1,11_4;85.58;13,49;29,24;0,21;6,18;7,31
26,11.2019 12:16:51;34.7;0.43;285.9;84.72013669865875;279.86;Module 1,11_4;94.48;14,92;31,52;0,24;7,52;7,40
26,11.2019 12:18:47;35;0.54;285.9;106.33836434493679;279.92;Module 1,11_4;118.52;18,90;34,42;0,33;11,44;7,46
26,11.2019 12:20:39;36;0.65;285.9;133.85732849382006;280.01;Module 1,11_4;149.11;23,40;35,78;0,47;16,72;6,68
26,11.2019 12:22:32;36.8;0.66;285.9;138.06996765144433;280.1;Module 1,11_4;153.72;24,29;35,91;0,49;17,54;6,75
26,11.2019 12:24:25;36.6;0.69;286.4;144.64874181668236;280.17;Module 1,11_4;160.96;25,25;36,02;0,52;18,80;6,45
26,11.2019 12:26:17;37.2;0.76;286.4;159.539646774655;280.29;Module 1,11_4;177.44;28,27;36,36;0,60;21,73;6,54
26,11.2019 12:28:10;36.9;0.71;286.4;151.40632142521588;280.41;Module 1,11_4;168.31;26,20;36,18;0,56;20,13;6,07
26,11.2019 12:30:04;36.6;0.72;287.9;147.86274262999;280.5;Module 1,11_4;164.29;26,35;35,84;0,54;19,37;6,99
26,11.2019 12:31:57;36.8;0.71;287.9;144.20523004471082;280.64;Module 1,11_4;160.15;26,13;35,75;0,52;18,65;7,47
26,11.2019 12:33:51;36;0.68;287.9;136.8676144348692;280.76;Module 1,11_4;151.93;24,48;35,55;0,48;17,23;7,25
26,11.2019 12:35:44;36;0.69;287.9;140.0839167013214;280.85;Module 1,11_4;155.43;24,84;35,64;0,50;17,86;6,98
26,11.2019 12:37:36;36.1;0.78;287.9;154.70692657359106;280.95;Module 1,11_4;171.58;28,16;36,00;0,57;20,70;7,46
26,11.2019 12:39:49;36.3;0.81;287.9;161.42454702128543;281;Module 1,11_4;178.94;29,40;36,14;0,61;22,01;7,39
26,11.2019 12:41:41;36.2;0.76;287.9;152.40316808758607;281.07;Module 1,11_4;168.87;27,51;35,95;0,56;20,25;7,26
26,11.2019 12:43:34;36.2;0.8;287.9;160.0309664078029;281.11;Module 1,11_4;177.25;28,96;36,11;0,60;21,74;7,22
26,11.2019 12:45:27;35.9;0.74;287.9;144.71255112672924;281.21;Module 1,11_4;160.22;26,57;35,77;0,52;18,75;7,81
26,11.2019 12:47:20;35.7;0.67;287.9;133.6002679929089;281.3;Module 1,11_4;147.86;23,92;35,45;0,47;16,60;7,32
26,11.2019 12:49:13;35.7;0.69;288.4;137.54612454571836;281.32;Module 1,11_4;152.17;24,63;35,48;0,49;17,35;7,29
26,11.2019 12:51:05;35.8;0.72;288.4;141.4387823184293;281.35;Module 1,11_4;156.42;25,78;35,59;0,51;18,10;7,68
26,11.2019 12:52:58;35.8;0.74;288.4;145.52321399496577;281.41;Module 1,11_4;160.88;26,49;35,70;0,53;18,89;7,60
26,11.2019 12:55:15;36;0.78;288.4;154.51544716311554;281.55;Module 1,11_4;170.75;28,08;35,91;0,57;20,64;7,44
26,11.2019 12:57:07;36;0.73;288.4;148.25706780997368;281.64;Module 1,11_4;163.78;26,28;35,77;0,54;19,42;6,86
26,11.2019 12:59:00;36.2;0.71;288.4;149.55464635681477;281.68;Module 1,11_4;165.16;25,70;35,80;0,55;19,67;6,03
26,11.2019 13:00:53;36.7;0.81;288.4;172.47302763924782;281.74;Module 1,11_4;190.41;29,73;36,24;0,67;24,15;5,58
26,11.2019 13:02:53;37.1;0.84;289.9;184.0270968750586;281.76;Module 1,11_4;203.1;31,16;36,16;0,73;26,30;4,86
26,11.2019 13:04:47;37.3;0.75;289.9;171.70097377369618;281.82;Module 1,11_4;189.44;27,97;35,98;0,66;23,90;4,08
26,11.2019 13:06:40;37.7;1.88;289.9;415.4403860507818;281.89;Module 1,11_4;458.23;70,88;37,17;1,93;71,69;-0,81
26,11.2019 13:08:32;37.5;1.49;289.9;301.7968006685089;282.1;Module 1,11_4;332.79;55,88;36,98;1,34;49,45;6,42
26,11.2019 13:10:46;37.5;2.63;289.9;638.9099429048487;282.67;Module 1,11_4;704.3;98,63;36,98;3,09;114,36;-15,73
26,11.2019 13:12:39;37.2;2.72;290.4;612.3337512630869;283.32;Module 1,11_4;674.83;101,18;36,95;2,95;109,15;-7,96
26,11.2019 13:14:32;36.8;1.66;290.4;343.8682792900708;283.91;Module 1,11_4;378.87;61,09;37,01;1,56;57,60;3,49
26,11.2019 13:16:24;36.4;1.28;290.4;284.9320481300051;284.03;Module 1,11_4;313.86;46,59;36,84;1,25;46,05;0,54
26,11.2019 13:18:26;36.6;1.37;291.9;289.1440040460766;283.97;Module 1,11_4;318.42;50,14;36,59;1,27;46,62;3,53
26,11.2019 13:20:18;36.8;1.33;291.9;316.21037137071926;283.96;Module 1,11_4;348.15;48,94;36,69;1,41;51,89;-2,95
26,11.2019 13:22:12;36.9;1.44;292.5;286.5904217337826;283.8;Module 1,11_4;315.47;53,14;36,48;1,26;46,02;7,12
26,11.2019 13:24:05;37.2;1.4;292.5;418.6933788781638;283.84;Module 1,11_4;460.79;52,08;36,73;1,95;71,57;-19,49
26,11.2019 13:26:13;36.9;1.29;294;293.8115530772322;283.82;Module 1,11_4;323.28;47,60;36,25;1,30;47,15;0,45
26,11.2019 13:28:07;37.1;1.71;294;295.43999463836485;283.71;Module 1,11_4;325.01;63,44;36,25;1,31;47,47;15,98
26,11.2019 13:29:59;37.1;1.31;294;290.9468727670046;283.56;Module 1,11_4;320.01;48,60;36,23;1,29;46,60;2,00
26,11.2019 13:31:52;37.2;1.92;294;453.9319973130995;283.5;Module 1,11_4;499.19;71,42;36,48;2,13;77,84;-6,42
26,11.2019 13:34:05;37;1.59;294;367.8703398158757;283.73;Module 1,11_4;404.47;58,83;36,42;1,69;61,41;-2,58
26,11.2019 13:35:58;37.1;1.98;294;433.13117582445864;284.02;Module 1,11_4;476.15;73,46;36,48;2,03;73,89;-0,43
26,11.2019 13:37:51;36.8;1.94;294;435.5238061209291;284.39;Module 1,11_4;478.71;71,39;36,48;2,04;74,34;-2,95
26,11.2019 13:39:44;36.7;1.93;294;426.2667802160512;284.57;Module 1,11_4;468.47;70,83;36,47;1,99;72,58;-1,75
26,11.2019 13:41:42;36.6;1.88;294;417.0062270380695;284.78;Module 1,11_4;458.23;68,81;36,47;1,94;70,82;-2,01
26,11.2019 13:43:35;36.7;1.92;294;424.0473655397517;285.06;Module 1,11_4;465.91;70,46;36,47;1,98;72,16;-1,70
26,11.2019 13:45:28;36.6;1.93;294.5;426.42635304334937;285.22;Module 1,11_4;468.47;70,64;36,38;1,99;72,46;-1,83
26,11.2019 13:47:20;36.6;2.01;294.5;438.12412346845156;285.21;Module 1,11_4;481.27;73,57;36,39;2,05;74,68;-1,12
26,11.2019 13:49:40;36.5;1.96;294.5;428.8544520045132;285.5;Module 1,11_4;471.03;71,54;36,38;2,00;72,92;-1,38
26,11.2019 13:51:33;36.5;2.06;296;456.86481731542597;285.64;Module 1,11_4;501.75;75,19;36,13;2,15;77,75;-2,56
26,11.2019 13:53:26;36.5;2.01;296;445.24637137168577;285.59;Module 1,11_4;488.95;73,36;36,13;2,09;75,56;-2,20
26,11.2019 13:55:19;36.5;2.13;296;463.93024664403583;285.61;Module 1,11_4;509.43;77,74;36,13;2,19;79,07;-1,33
26,11.2019 13:57:17;36.5;2.05;296;452.3047860060377;285.72;Module 1,11_4;496.63;74,82;36,13;2,13;76,89;-2,06
26,11.2019 13:59:09;36.4;2.09;296;459.3259109928884;285.92;Module 1,11_4;504.31;76,08;36,13;2,16;78,21;-2,13
26,11.2019 14:01:02;36.3;1.81;296;408.05028316509004;286.1;Module 1,11_4;447.99;65,70;36,12;1,90;68,54;-2,84
26,11.2019 14:02:55;36.2;1.4;296;305.4655908989659;286;Module 1,11_4;335.35;50,68;35,94;1,36;49,02;1,66
26,11.2019 14:05:18;36.2;1.11;296;249.09248810708286;285.6;Module 1,11_4;273.45;40,18;35,69;1,07;38,23;1,95
26,11.2019 14:07:13;36.7;1.95;296;417.42392357207393;285.45;Module 1,11_4;458.23;71,56;36,13;1,95;70,31;1,25
26,11.2019 14:09:05;36.7;1.6;296;356.7973051866746;285.51;Module 1,11_4;391.67;58,72;36,06;1,63;58,81;-0,09
26,11.2019 14:10:59;35.9;0.98;296;210.9539623552352;285.4;Module 1,11_4;231.57;35,18;35,40;0,87;30,94;4,24
26,11.2019 14:12:53;36.1;1.09;296;230.52200342721363;285.18;Module 1,11_4;253.05;39,35;35,56;0,98;34,68;4,67
26,11.2019 14:14:45;36.2;1.02;296;212.4560346717014;284.96;Module 1,11_4;233.22;36,92;35,41;0,88;31,23;5,70
26,11.2019 14:16:38;36;0.97;296;194.1245706634462;284.71;Module 1,11_4;213.1;34,92;35,23;0,79;27,73;7,19
26,11.2019 14:18:31;35.4;0.89;296;178.38839361376927;284.56;Module 1,11_4;195.83;31,51;35,02;0,71;24,74;6,77
26,11.2019 14:20:44;35;0.8;294;154.54357912176937;284.38;Module 1,11_4;169.66;28,00;34,95;0,58;20,34;7,66
26,11.2019 14:22:37;34.7;0.72;294;140.17307634131765;284.25;Module 1,11_4;153.89;24,98;34,62;0,51;17,62;7,36
26,11.2019 14:24:29;34.8;0.73;294;142.6165301587207;284.09;Module 1,11_4;156.58;25,40;34,68;0,52;18,08;7,32
26,11.2019 14:26:23;35;0.78;294;151.0330862211528;284.02;Module 1,11_4;165.83;27,30;34,88;0,56;19,68;7,62
26,11.2019 14:28:16;35.5;0.85;294;168.76403180787838;283.96;Module 1,11_4;185.31;30,18;35,22;0,65;23,05;7,12
26,11.2019 14:30:09;35.8;0.91;294;186.25437737868182;283.89;Module 1,11_4;204.53;32,58;35,48;0,74;26,40;6,18
26,11.2019 14:32:02;36.4;1.03;294;216.08782988213034;283.91;Module 1,11_4;237.31;37,49;35,79;0,90;32,14;5,35
26,11.2019 14:33:55;36.9;1.21;292.5;260.04518108854376;284.07;Module 1,11_4;285.61;44,65;36,36;1,12;40,85;3,80
26,11.2019 14:36:18;36.6;1.04;292.5;234.71319834093322;284.22;Module 1,11_4;257.82;38,06;36,20;0,99;35,92;2,14
26,11.2019 14:38:11;36.7;1.22;292.5;258.9101104951653;284.35;Module 1,11_4;284.43;44,77;36,35;1,12;40,63;4,14
26,11.2019 14:40:03;36.4;1;292.5;211.46003026087922;284.32;Module 1,11_4;232.33;36,40;36,02;0,87;31,41;4,99
26,11.2019 14:41:56;36.4;1.17;292.5;236.89668471811706;284.31;Module 1,11_4;260.31;42,59;36,22;1,00;36,35;6,24
26,11.2019 14:43:50;36.5;0.95;292.5;200.97664674984952;284.41;Module 1,11_4;220.87;34,67;35,91;0,82;29,37;5,30
26,11.2019 14:45:45;36.3;0.86;292.5;181.4956332069864;284.34;Module 1,11_4;199.49;31,22;35,67;0,72;25,61;5,61
26,11.2019 14:47:37;36.2;0.8;292.5;161.30995820632933;284.27;Module 1,11_4;177.33;28,96;35,34;0,61;21,72;7,24
26,11.2019 14:49:30;36;0.77;292.5;156.68158589938542;284.18;Module 1,11_4;172.27;27,72;35,26;0,59;20,83;6,89
26,11.2019 14:51:54;35.6;0.75;292.5;155.81041701738664;284.12;Module 1,11_4;171.35;26,70;35,24;0,59;20,67;6,03
26,11.2019 14:53:47;36.4;0.98;292.5;207.81201588366983;284.1;Module 1,11_4;228.58;35,67;35,98;0,85;30,70;4,97
26,11.2019 14:55:40;36.6;1.12;292.5;245.44845986313868;284.18;Module 1,11_4;270.03;40,99;36,27;1,05;38,01;2,98
26,11.2019 14:57:33;36.7;1.14;292.5;246.2346016791917;284.21;Module 1,11_4;270.95;41,84;36,28;1,05;38,16;3,67
26,11.2019 14:59:26;36.8;1.18;292.5;255.17709342428657;284.19;Module 1,11_4;280.85;43,42;36,33;1,10;39,90;3,52
26,11.2019 15:01:19;36.7;1.07;292.5;234.29080607539652;284.17;Module 1,11_4;257.92;39,27;36,20;0,99;35,84;3,43
26,11.2019 15:03:11;36.6;1.19;292.5;258.82995739934836;284.22;Module 1,11_4;285;43,55;36,35;1,12;40,61;2,94
26,11.2019 15:05:06;36.6;1.07;292.5;231.78142633556706;284.41;Module 1,11_4;255.28;39,16;36,18;0,98;35,35;3,81
26,11.2019 15:07:17;36.6;1.01;292.5;220.96584759656676;284.53;Module 1,11_4;243.44;36,97;36,09;0,92;33,25;3,71
26,11.2019 15:09:10;36.5;0.95;292.5;200.9885668813991;284.55;Module 1,11_4;221.49;34,67;35,91;0,82;29,38;5,30
26,11.2019 15:11:04;36;0.84;292.5;170.91347597553693;284.42;Module 1,11_4;188.4;30,24;35,52;0,66;23,57;6,67
26,11.2019 15:12:57;35.7;0.81;292.5;161.0602275529333;284.39;Module 1,11_4;177.59;28,92;35,34;0,61;21,67;7,24
26,11.2019 15:14:55;35.4;0.77;292.5;152.04300516640046;284.36;Module 1,11_4;167.7;27,26;35,16;0,57;19,95;7,31
26,11.2019 15:16:48;35.3;0.73;291.9;146.0226128455467;284.41;Module 1,11_4;161.11;25,77;35,13;0,54;18,83;6,94
26,11.2019 15:18:41;35.3;0.73;291.9;146.78164627318327;284.41;Module 1,11_4;162;25,77;35,14;0,54;18,97;6,80
26,11.2019 15:20:35;35.6;0.77;292.5;154.71151012834844;284.31;Module 1,11_4;170.81;27,41;35,22;0,58;20,46;6,95
26,11.2019 15:23:00;35.8;0.8;292.5;162.8896342060169;284.24;Module 1,11_4;179.92;28,64;35,38;0,62;22,02;6,62
26,11.2019 15:24:53;35.9;0.81;291.9;165.22850794026897;284.26;Module 1,11_4;182.57;29,08;35,52;0,63;22,51;6,57
26,11.2019 15:26:47;35.8;0.81;291.9;164.1523285571567;284.24;Module 1,11_4;181.45;29,00;35,50;0,63;22,30;6,69
26,11.2019 15:28:40;35.9;0.81;291.9;164.938234235381;284.21;Module 1,11_4;182.39;29,08;35,52;0,63;22,46;6,62
26,11.2019 15:30:49;36.1;0.78;291.9;160.2611070398528;284.19;Module 1,11_4;177.3;28,16;35,43;0,61;21,56;6,60
26,11.2019 15:32:42;36.1;0.74;291.9;154.75463963326078;284.19;Module 1,11_4;171.28;26,71;35,32;0,58;20,50;6,22
26,11.2019 15:34:34;35.9;0.73;292.5;149.7118488633834;284.23;Module 1,11_4;165.77;26,21;35,11;0,56;19,50;6,70
26,11.2019 15:36:27;36;0.76;292.5;157.91371803059914;284.24;Module 1,11_4;174.93;27,36;35,28;0,60;21,07;6,29
26,11.2019 15:38:46;37.1;0.95;291.9;209.59224857192586;284.25;Module 1,11_4;232.31;35,24;36,10;0,86;31,11;4,14
26,11.2019 15:40:41;37.2;0.88;291.9;195.9720351935095;284.35;Module 1,11_4;217.32;32,74;35,95;0,79;28,46;4,28
26,11.2019 15:42:34;37;0.83;292.5;182.06638285669823;284.43;Module 1,11_4;202;30,71;35,68;0,72;25,72;4,99
26,11.2019 15:44:27;36.5;0.78;292.5;171.09961441707426;284.46;Module 1,11_4;189.93;28,47;35,52;0,66;23,60;4,87
26,11.2019 15:46:20;36.4;0.75;292.5;162.38338102958113;284.47;Module 1,11_4;180.35;27,30;35,37;0,62;21,93;5,37
26,11.2019 15:48:16;36.6;0.73;292.5;158.94475032837724;284.42;Module 1,11_4;176.63;26,72;35,30;0,60;21,27;5,45
26,11.2019 15:50:19;36.2;0.69;292.5;154.08964161689033;284.32;Module 1,11_4;171.34;24,98;35,20;0,58;20,34;4,64
26,11.2019 15:52:16;36.6;0.66;291.9;144.75710932446952;284.17;Module 1,11_4;161.06;24,16;35,09;0,53;18,59;5,57
26,11.2019 15:54:17;36.5;0.67;291.9;146.02894320450545;284.03;Module 1,11_4;162.58;24,46;35,13;0,54;18,83;5,63
26,11.2019 15:56:11;36.9;0.68;291.9;153.2709387589105;283.96;Module 1,11_4;170.75;25,09;35,29;0,57;20,21;4,88
26,11.2019 15:58:04;36.9;0.67;291.9;149.66509647760603;283.97;Module 1,11_4;166.84;24,72;35,21;0,55;19,52;5,20
26,11.2019 15:59:56;36.9;0.67;291.9;150.47241213345595;283.96;Module 1,11_4;167.85;24,72;35,23;0,56;19,68;5,05
26,11.2019 16:01:57;36.7;0.64;291.9;141.79845443921636;283.99;Module 1,11_4;158.29;23,49;35,02;0,51;18,02;5,47
26,11.2019 16:03:49;35.8;0.6;291.9;124.52079306823494;283.87;Module 1,11_4;139.1;21,48;34,46;0,43;14,75;6,73
26,11.2019 16:05:42;35.7;0.6;291.9;121.94357889937363;283.76;Module 1,11_4;136.32;21,42;34,35;0,42;14,27;7,15
26,11.2019 16:07:36;35.8;0.59;290.4;121.04702338275177;283.67;Module 1,11_4;135.42;21,12;34,56;0,41;14,14;6,99
26,11.2019 16:09:58;35.5;0.58;290.4;115.57122671455251;283.56;Module 1,11_4;129.42;20,59;34,30;0,38;13,11;7,48
26,11.2019 16:11:50;35.4;0.56;290.4;111.40165407222285;283.48;Module 1,11_4;124.85;19,82;34,07;0,36;12,33;7,49
26,11.2019 16:13:43;35.1;0.55;290.4;107.51159859393715;283.44;Module 1,11_4;120.59;19,31;33,83;0,34;11,61;7,70
26,11.2019 16:15:44;35;0.55;289.9;106.6562749737905;283.42;Module 1,11_4;119.74;19,25;33,84;0,34;11,46;7,79
26,11.2019 16:17:37;35;0.54;289.9;105.03164889334104;283.35;Module 1,11_4;118.02;18,90;33,73;0,33;11,16;7,74
26,11.2019 16:19:36;35;0.52;289.9;102.17493309649353;283.32;Module 1,11_4;114.92;18,20;33,51;0,32;10,63;7,57
26,11.2019 16:21:28;34.9;0.51;289.9;98.31368686563007;283.25;Module 1,11_4;110.68;17,80;33,16;0,30;9,93;7,87
26,11.2019 16:23:21;34.8;0.51;289.9;98.53805768750216;283.25;Module 1,11_4;111.04;17,75;33,18;0,30;9,97;7,78
26,11.2019 16:25:26;34.7;0.5;289.9;95.37979820163433;283.23;Module 1,11_4;107.6;17,35;32,84;0,29;9,40;7,95
26,11.2019 16:27:18;34.7;0.49;289.9;93.90074685989387;283.14;Module 1,11_4;106.04;17,00;32,67;0,28;9,13;7,87
26,11.2019 16:29:11;34.8;0.47;289.9;90.73119738743577;283.04;Module 1,11_4;102.57;16,36;32,24;0,27;8,57;7,78
26,11.2019 16:31:05;34.6;0.42;289.9;82.34237506960412;282.95;Module 1,11_4;93.19;14,53;30,68;0,23;7,12;7,41
26,11.2019 16:33:10;34.4;0.39;289.9;74.3405221325259;282.82;Module 1,11_4;84.24;13,42;28,39;0,21;5,83;7,59
26,11.2019 16:35:02;34.5;0.42;288.4;80.15078102456992;282.76;Module 1,11_4;90.93;14,49;30,20;0,22;6,75;7,74
26,11.2019 16:36:56;34.6;0.46;288.4;85.78378744565902;282.77;Module 1,11_4;97.44;15,92;31,55;0,24;7,71;8,21
26,11.2019 16:38:48;34.5;0.38;288.4;73.72766168070646;282.77;Module 1,11_4;83.85;13,11;28,20;0,20;5,73;7,38
26,11.2019 16:40:42;34.3;0.35;288.4;65.45582248973965;282.75;Module 1,11_4;74.54;12,00;25,19;0,18;4,52;7,49
26,11.2019 16:42:35;34;0.37;288.4;68.38480976032707;282.75;Module 1,11_4;77.98;12,58;26,28;0,19;4,93;7,65
26,11.2019 16:44:32;34.2;0.39;288.4;72.89279817716756;282.72;Module 1,11_4;83.24;13,34;27,91;0,20;5,60;7,74
26,11.2019 16:46:26;34.3;0.39;288.4;73.52180947655793;282.75;Module 1,11_4;84.08;13,38;28,13;0,20;5,69;7,68
26,11.2019 16:48:44;34.3;0.38;287.9;71.30197233535583;282.76;Module 1,11_4;81.69;13,03;27,35;0,20;5,36;7,68
26,11.2019 16:50:37;34.1;0.36;287.9;68.66431681673224;282.72;Module 1,11_4;78.79;12,28;26,39;0,19;4,97;7,31
26,11.2019 16:52:29;34.1;0.3;287.9;56.495694521060194;282.69;Module 1,11_4;64.93;10,23;21,76;0,15;3,36;6,87
26,11.2019 16:54:22;33.8;0.29;288.4;56.55835550533968;282.61;Module 1,11_4;65.11;9,80;21,79;0,15;3,37;6,43
26,11.2019 16:56:22;34;0.3;288.4;57.226748937612676;282.57;Module 1,11_4;66;10,20;22,05;0,16;3,45;6,75
26,11.2019 16:58:15;33.9;0.31;287.9;57.514114128723484;282.5;Module 1,11_4;66.45;10,51;22,15;0,16;3,49;7,02
26,11.2019 17:00:08;34;0.33;287.9;61.63228823388686;282.46;Module 1,11_4;71.34;11,22;23,73;0,17;4,00;7,22
26,11.2019 17:02:04;34.1;0.31;287.9;59.04486231838133;282.43;Module 1,11_4;68.48;10,57;22,74;0,16;3,67;6,90
26,11.2019 17:04:14;34;0.29;287.9;54.048742870488795;282.35;Module 1,11_4;62.83;9,86;20,82;0,15;3,08;6,78
26,11.2019 17:06:07;33.8;0.29;287.9;53.120714913726104;282.25;Module 1,11_4;61.88;9,80;20,46;0,15;2,97;6,83
26,11.2019 17:08:02;33.9;0.3;287.9;54.86250769305524;282.09;Module 1,11_4;64.05;10,17;21,13;0,15;3,17;7,00
26,11.2019 17:10:03;34;0.3;287.9;55.37107720920257;281.94;Module 1,11_4;64.8;10,20;21,33;0,15;3,23;6,97
26,11.2019 17:11:55;34;0.28;286.4;52.50582888327914;281.81;Module 1,11_4;61.59;9,52;20,21;0,14;2,90;6,62
26,11.2019 17:13:48;33.8;0.25;286.4;47.640845332598644;281.75;Module 1,11_4;56.02;8,45;18,34;0,13;2,39;6,06
26,11.2019 17:15:42;33.6;0.23;286.4;41.78457580829555;281.7;Module 1,11_4;49.26;7,73;16,09;0,11;1,84;5,89
26,11.2019 17:17:35;33.2;0.23;286.4;42.14768596639155;281.64;Module 1,11_4;49.82;7,64;16,23;0,12;1,87;5,77
26,11.2019 17:19:48;33.3;0.23;286.4;41.799428706624646;281.63;Module 1,11_4;49.57;7,66;16,09;0,11;1,84;5,82
26,11.2019 17:21:46;33.2;0.23;286.4;41.176617912075315;281.59;Module 1,11_4;48.98;7,64;15,85;0,11;1,78;5,85
26,11.2019 17:23:39;33.2;0.2;286.4;37.22131782080602;281.59;Module 1,11_4;44.41;6,64;14,33;0,10;1,46;5,18
26,11.2019 17:25:31;33;0.18;285.9;32.03280553906374;281.6;Module 1,11_4;38.34;5,94;12,33;0,09;1,08;4,86
26,11.2019 17:27:30;32.8;0.15;285.9;27.27499559205683;281.61;Module 1,11_4;32.76;4,92;10,50;0,07;0,78;4,14
26,11.2019 17:29:23;32.3;0.14;285.9;25.03116552051077;281.63;Module 1,11_4;30.17;4,52;9,63;0,07;0,66;3,86
26,11.2019 17:31:15;31.8;0.14;285.9;24.419849849350925;281.65;Module 1,11_4;29.54;4,45;9,40;0,07;0,63;3,82
26,11.2019 17:33:09;31.7;0.17;285.9;28.805312623724404;281.66;Module 1,11_4;34.98;5,39;11,09;0,08;0,87;4,52
26,11.2019 17:35:24;32.1;0.12;285.9;20.4959143772219;281.63;Module 1,11_4;25.01;3,85;7,89;0,06;0,44;3,41
26,11.2019 17:37:17;32.1;0.09;285.9;16.679323798052607;281.56;Module 1,11_4;20.44;2,89;6,42;0,05;0,29;2,60
26,11.2019 17:39:09;30.9;0.09;285.9;15.760264808093916;281.51;Module 1,11_4;19.4;2,78;6,06;0,04;0,26;2,52
26,11.2019 17:41:02;30.4;0.08;285.9;14.6023238980245;281.47;Module 1,11_4;18.06;2,43;5,62;0,04;0,22;2,21
26,11.2019 17:42:54;30.6;0.09;285.9;15.720909736507043;281.43;Module 1,11_4;19.54;2,75;6,05;0,04;0,26;2,49
26,11.2019 17:44:47;30.7;0.09;283.4;16.158354233939082;281.39;Module 1,11_4;20.19;2,76;6,21;0,04;0,27;2,49
26,11.2019 17:46:39;30.6;0.09;283.4;15.082278750592325;281.37;Module 1,11_4;18.95;2,75;5,80;0,04;0,24;2,52
26,11.2019 17:48:32;30.6;0.08;283.4;13.545447483207498;281.32;Module 1,11_4;17.12;2,45;5,21;0,04;0,19;2,26
26,11.2019 17:51:16;30.1;0.08;283.4;13.413096111491807;281.22;Module 1,11_4;17.11;2,41;5,16;0,04;0,19;2,22
26,11.2019 17:53:14;30.1;0.09;283.4;14.570317646246071;281.19;Module 1,11_4;18.72;2,71;5,60;0,04;0,22;2,49
26,11.2019 17:55:06;30.3;0.08;283.4;14.48028478778395;281.17;Module 1,11_4;18.74;2,42;5,57;0,04;0,22;2,20
26,11.2019 17:56:59;30.4;0.09;283.4;15.21072371008963;281.16;Module 1,11_4;19.84;2,74;5,85;0,04;0,24;2,49
26,11.2019 17:58:52;30.3;0.08;283.4;13.783766985331704;281.16;Module 1,11_4;18.13;2,42;5,30;0,04;0,20;2,22
26,11.2019 18:00:45;30.2;0.06;283.4;10.63150157657924;281.14;Module 1,11_4;14.11;1,81;4,09;0,03;0,12;1,69
26,11.2019 18:02:38;29.8;0;283.4;8.499529291086626;281.11;Module 1,11_4;11.39;0,00;3,27;0,02;0,08;-0,08
26,11.2019 18:04:33;29.2;0;283.4;6.556565667191762;281.09;Module 1,11_4;8.88;0,00;2,52;0,02;0,05;-0,05
26,11.2019 18:06:39;28.4;0;283.4;4.768184184502005;281.06;Module 1,11_4;6.54;0,00;1,84;0,01;0,02;-0,02
26,11.2019 18:08:31;31.9;0;283.4;3.917949989464452;281.03;Module 1,11_4;5.44;0,00;1,51;0,01;0,02;-0,02
26,11.2019 18:10:24;31.2;0;283.4;3.0982030466049455;281;Module 1,11_4;4.36;0,00;1,19;0,01;0,01;-0,01
26,11.2019 18:12:16;28.6;0;283.4;2.4161457248171185;280.99;Module 1,11_4;3.45;0,00;0,93;0,01;0,01;-0,01
26,11.2019 18:14:10;25.5;0;282.4;1.908646995498549;280.96;Module 1,11_4;2.77;0,00;0,73;0,01;0,00;-0,00
26,11.2019 18:16:02;23.8;0;282.4;1.6383919484595353;280.92;Module 1,11_4;2.42;0,00;0,63;0,00;0,00;-0,00
26,11.2019 18:17:55;21.3;0;282.4;1.3608712750734795;280.89;Module 1,11_4;2.05;0,00;0,52;0,00;0,00;-0,00
26,11.2019 18:19:48;21.3;0;282.4;0.9611961988407025;280.86;Module 1,11_4;1.48;0,00;0,37;0,00;0,00;-0,00
26,11.2019 18:21:57;21.3;0;282.4;0.6187236746247498;280.85;Module 1,11_4;0.98;0,00;0,23;0,00;0,00;-0,00
27,11.2019 10:23:57;31.6;0;279.9;5.067445119104846;278.57;Module 1,11_4;6.14;0,00;1,95;0,01;0,03;-0,03
27,11.2019 10:26:17;33.8;0;279.9;6.6259877250366905;278.6;Module 1,11_4;8;0,00;2,55;0,02;0,05;-0,05
27,11.2019 10:28:10;34.5;0;281.9;7.391725159419654;278.62;Module 1,11_4;8.9;0,00;2,84;0,02;0,06;-0,06
27,11.2019 10:30:04;28.6;0;281.9;8.011163828950146;278.64;Module 1,11_4;9.62;0,00;3,08;0,02;0,07;-0,07
27,11.2019 10:31:57;28;0;281.9;8.516017143005671;278.67;Module 1,11_4;10.2;0,00;3,27;0,02;0,08;-0,08
27,11.2019 10:33:51;27.6;0;279.9;8.955887086252655;278.71;Module 1,11_4;10.7;0,00;3,44;0,02;0,08;-0,08
27,11.2019 10:35:51;28.2;0;279.9;9.440274869010727;278.73;Module 1,11_4;11.25;0,00;3,63;0,03;0,09;-0,09
27,11.2019 10:37:44;28;0;279.9;9.983690749392062;278.75;Module 1,11_4;11.87;0,00;3,84;0,03;0,10;-0,10
27,11.2019 10:39:37;28.2;0;279.9;10.410792277388303;278.78;Module 1,11_4;12.35;0,00;4,00;0,03;0,11;-0,11
27,11.2019 10:41:30;28.4;0;279.9;10.484182257499082;278.8;Module 1,11_4;12.41;0,00;4,02;0,03;0,12;-0,12
27,11.2019 10:43:23;28.7;0;279.9;10.574066173137346;278.82;Module 1,11_4;12.49;0,00;4,06;0,03;0,12;-0,12
27,11.2019 10:45:16;28.7;0;279.9;10.213979055007616;278.85;Module 1,11_4;12.04;0,00;3,92;0,03;0,11;-0,11
27,11.2019 10:47:09;28.2;0;279.9;9.9877689272655;278.86;Module 1,11_4;11.75;0,00;3,84;0,03;0,10;-0,10
27,11.2019 10:49:17;28.4;0;279.9;9.68582792890804;278.88;Module 1,11_4;11.37;0,00;3,72;0,03;0,10;-0,10
27,11.2019 10:51:10;28.6;0;279.9;9.499049491680946;278.91;Module 1,11_4;11.13;0,00;3,65;0,03;0,09;-0,09
27,11.2019 10:53:06;28.2;0;279.9;9.302927204788947;278.92;Module 1,11_4;10.88;0,00;3,57;0,03;0,09;-0,09
27,11.2019 10:55:02;28.6;0;279.9;9.268297556020254;278.96;Module 1,11_4;10.82;0,00;3,55;0,03;0,09;-0,09
27,11.2019 10:57:02;27.9;0;279.9;9.38804095694225;279;Module 1,11_4;10.94;0,00;3,60;0,03;0,09;-0,09
27,11.2019 10:58:56;28;0;279.9;9.240385720020086;279.02;Module 1,11_4;10.75;0,00;3,55;0,03;0,09;-0,09
27,11.2019 11:00:54;27.8;0;279.9;9.135345745606282;279.03;Module 1,11_4;10.61;0,00;3,51;0,02;0,09;-0,09
27,11.2019 11:02:47;28.2;0;279.9;9.115113142323725;279;Module 1,11_4;10.57;0,00;3,50;0,02;0,09;-0,09
27,11.2019 11:04:57;28.5;0;279.9;8.923678835585621;278.96;Module 1,11_4;10.33;0,00;3,43;0,02;0,08;-0,08
27,11.2019 11:06:55;28.8;0;279.9;8.980640210403271;278.91;Module 1,11_4;10.38;0,00;3,45;0,02;0,08;-0,08
27,11.2019 11:08:48;28.8;0;279.9;9.357381127544008;278.88;Module 1,11_4;10.8;0,00;3,59;0,03;0,09;-0,09
27,11.2019 11:10:41;28.7;0;279.9;9.405111933560917;278.85;Module 1,11_4;10.84;0,00;3,61;0,03;0,09;-0,09
27,11.2019 11:12:44;28.7;0;279.9;9.445038449905311;278.81;Module 1,11_4;10.87;0,00;3,63;0,03;0,09;-0,09
27,11.2019 11:14:37;28.8;0.06;279.9;9.440073971657588;278.75;Module 1,11_4;10.85;1,73;3,63;0,03;0,09;1,63
27,11.2019 11:16:36;28.6;0.06;279.9;9.583499909558302;278.73;Module 1,11_4;11;1,72;3,68;0,03;0,10;1,62
27,11.2019 11:18:30;28.4;0;279.9;9.630455406092333;278.72;Module 1,11_4;11.04;0,00;3,70;0,03;0,10;-0,10
27,11.2019 11:20:29;28.9;0;279.9;9.345806018669315;278.67;Module 1,11_4;10.7;0,00;3,59;0,03;0,09;-0,09
27,11.2019 11:22:26;28.6;0;279.9;8.823798688291324;278.63;Module 1,11_4;10.09;0,00;3,39;0,02;0,08;-0,08
27,11.2019 11:24:19;28.6;0;280.4;8.282389756899658;278.61;Module 1,11_4;9.46;0,00;3,18;0,02;0,07;-0,07
27,11.2019 11:26:12;28.3;0;280.4;7.818383221464143;278.57;Module 1,11_4;8.92;0,00;3,00;0,02;0,06;-0,06
27,11.2019 11:28:21;28.3;0;280.4;8.12652489720865;278.54;Module 1,11_4;9.26;0,00;3,12;0,02;0,07;-0,07
27,11.2019 11:30:16;28.1;0;279.9;8.557027497827317;278.52;Module 1,11_4;9.74;0,00;3,29;0,02;0,08;-0,08
27,11.2019 11:32:16;28.2;0;279.9;9.23487984229161;278.48;Module 1,11_4;10.5;0,00;3,55;0,03;0,09;-0,09
27,11.2019 11:34:11;28.5;0.06;279.9;10.080773164177199;278.46;Module 1,11_4;11.45;1,71;3,87;0,03;0,11;1,60
27,11.2019 11:36:32;29.3;0.07;279.9;11.829683760727171;278.42;Module 1,11_4;13.42;2,05;4,54;0,03;0,15;1,90
27,11.2019 11:38:25;29.7;0.07;279.9;12.838035410977295;278.42;Module 1,11_4;14.55;2,08;4,93;0,04;0,17;1,91
27,11.2019 11:40:24;30.3;0.08;280.4;13.945814252153856;278.42;Module 1,11_4;15.79;2,42;5,35;0,04;0,20;2,22
27,11.2019 11:42:24;30.4;0.08;280.4;15.028979937584733;278.44;Module 1,11_4;17;2,43;5,77;0,04;0,24;2,20
27,11.2019 11:44:17;30.6;0.09;281.9;15.80326081590011;278.47;Module 1,11_4;17.86;2,75;6,07;0,04;0,26;2,49
27,11.2019 11:46:13;30.8;0.09;281.9;16.136114246492596;278.47;Module 1,11_4;18.22;2,77;6,20;0,04;0,27;2,50
27,11.2019 11:48:06;30.8;0.09;281.9;16.238367822992306;278.46;Module 1,11_4;18.32;2,77;6,24;0,04;0,28;2,50
27,11.2019 11:50:02;31;0.09;281.9;16.58920264691335;278.47;Module 1,11_4;18.7;2,79;6,38;0,05;0,29;2,50
27,11.2019 11:52:25;31.2;0.09;281.9;16.739228353475482;278.47;Module 1,11_4;18.85;2,81;6,43;0,05;0,29;2,51
27,11.2019 11:54:18;31.1;0.1;281.9;17.436592251829385;278.48;Module 1,11_4;19.62;3,11;6,70;0,05;0,32;2,79
27,11.2019 11:56:12;31.1;0.1;281.9;18.606201623948593;278.5;Module 1,11_4;20.92;3,11;7,15;0,05;0,36;2,75
27,11.2019 11:58:05;31.5;0.11;281.9;19.216370908582842;278.53;Module 1,11_4;21.59;3,46;7,38;0,05;0,39;3,08
27,11.2019 11:59:58;31.4;0.1;281.9;18.963106460410437;278.52;Module 1,11_4;21.29;3,14;7,29;0,05;0,38;2,76
27,11.2019 12:01:51;31.5;0.1;281.9;17.862375575086734;278.5;Module 1,11_4;20.04;3,15;6,87;0,05;0,33;2,82
27,11.2019 12:04:07;31.3;0.09;281.9;16.619389796566537;278.5;Module 1,11_4;18.63;2,82;6,38;0,05;0,29;2,53
27,11.2019 12:06:02;30.9;0.09;281.9;15.8719772503259;278.49;Module 1,11_4;17.78;2,78;6,10;0,04;0,26;2,52
27,11.2019 12:07:59;30.8;0.08;281.9;15.829161612313962;278.48;Module 1,11_4;17.72;2,46;6,09;0,04;0,26;2,20
27,11.2019 12:09:55;30.9;0.08;281.9;15.893196322069214;278.47;Module 1,11_4;17.78;2,47;6,11;0,04;0,26;2,21
27,11.2019 12:11:49;30.7;0.09;281.9;16.511435437986194;278.5;Module 1,11_4;18.46;2,76;6,34;0,05;0,29;2,48
27,11.2019 12:13:44;31.2;0.09;281.9;17.389831093765807;278.5;Module 1,11_4;19.43;2,81;6,68;0,05;0,32;2,49
27,11.2019 12:15:40;31.2;0.1;281.9;18.65421692371696;278.51;Module 1,11_4;20.83;3,12;7,17;0,05;0,36;2,76
27,11.2019 12:17:34;31.2;0.1;281.9;19.274471470484333;278.5;Module 1,11_4;21.51;3,12;7,41;0,05;0,39;2,73
27,11.2019 12:19:26;31.4;0.1;281.9;19.25840169798681;278.5;Module 1,11_4;21.48;3,14;7,40;0,05;0,39;2,75
27,11.2019 12:21:19;31.4;0.1;281.9;18.97302368208485;278.5;Module 1,11_4;21.15;3,14;7,29;0,05;0,38;2,76
27,11.2019 12:23:27;31.1;0.1;281.9;19.980965689896934;278.51;Module 1,11_4;22.26;3,11;7,68;0,05;0,42;2,69
27,11.2019 12:25:29;31.8;0.12;281.9;22.14778789646362;278.52;Module 1,11_4;24.66;3,82;8,51;0,06;0,51;3,30
27,11.2019 12:27:23;31.9;0.13;281.9;23.363325002786908;278.52;Module 1,11_4;26;4,15;8,98;0,06;0,57;3,57
27,11.2019 12:29:17;32.3;0.13;281.9;23.995421403001075;278.55;Module 1,11_4;26.69;4,20;9,22;0,07;0,60;3,60
27,11.2019 12:31:09;32.2;0.13;281.9;22.792702408042224;278.58;Module 1,11_4;25.34;4,19;8,76;0,06;0,54;3,64
27,11.2019 12:33:19;31.8;0.12;282.4;21.851161350096586;278.63;Module 1,11_4;24.28;3,82;8,40;0,06;0,50;3,32
27,11.2019 12:35:25;31.9;0.13;282.4;24.185481698211138;278.67;Module 1,11_4;26.86;4,15;9,30;0,07;0,61;3,53
27,11.2019 12:37:18;32.2;0.16;282.4;27.682536633438275;278.71;Module 1,11_4;30.73;5,15;10,64;0,08;0,80;4,35
27,11.2019 12:39:15;32.8;0.18;282.4;31.10173157427855;278.75;Module 1,11_4;34.51;5,90;11,95;0,08;1,01;4,89
27,11.2019 12:41:08;33.1;0.19;282.4;33.75670873839083;278.77;Module 1,11_4;37.44;6,29;12,98;0,09;1,20;5,09
27,11.2019 12:43:03;33.4;0.2;282.4;34.85333970406074;278.81;Module 1,11_4;38.64;6,68;13,40;0,10;1,27;5,41
27,11.2019 12:45:01;33.4;0.19;282.4;33.39712809967921;278.85;Module 1,11_4;37.01;6,35;12,84;0,09;1,17;5,18
27,11.2019 12:46:53;33.3;0.19;282.4;33.834396308974135;278.85;Module 1,11_4;37.48;6,33;13,01;0,09;1,20;5,13
27,11.2019 12:48:46;33.3;0.19;282.4;33.729915741324;278.86;Module 1,11_4;37.35;6,33;12,96;0,09;1,19;5,13
27,11.2019 12:50:46;33.1;0.19;282.4;33.69804132199718;278.92;Module 1,11_4;37.3;6,29;12,95;0,09;1,19;5,10
27,11.2019 12:52:39;33.2;0.2;282.4;35.41830229711866;278.93;Module 1,11_4;39.19;6,64;13,61;0,10;1,32;5,32
27,11.2019 12:54:41;33.4;0.22;282.4;39.382619816715334;278.96;Module 1,11_4;43.56;7,35;15,14;0,11;1,63;5,72
27,11.2019 12:56:33;33.5;0.22;282.4;38.518624730266055;279;Module 1,11_4;42.59;7,37;14,80;0,11;1,56;5,81
27,11.2019 12:58:26;33.5;0.2;282.4;36.66766397687512;279.04;Module 1,11_4;40.53;6,70;14,09;0,10;1,41;5,29
27,11.2019 13:00:19;33.4;0.18;282.4;31.873909231925868;279.06;Module 1,11_4;35.22;6,01;12,25;0,09;1,07;4,95
27,11.2019 13:02:11;33.3;0.14;283.4;26.33441953454823;279.07;Module 1,11_4;29.09;4,66;10,13;0,07;0,73;3,93
27,11.2019 13:03:55;33.1;0.12;283.4;23.253907834001684;279.07;Module 1,11_4;25.68;3,97;8,94;0,06;0,57;3,40
27,11.2019 13:05:50;32.5;0.11;283.4;20.77897233656268;279.06;Module 1,11_4;22.94;3,58;7,99;0,06;0,45;3,12
27,11.2019 13:07:43;32.1;0.1;283.4;18.411018525256516;279.06;Module 1,11_4;20.32;3,21;7,08;0,05;0,36;2,85
27,11.2019 13:09:53;31.2;0.1;282.4;19.232541042508522;279.04;Module 1,11_4;21.22;3,12;7,39;0,05;0,39;2,73
27,11.2019 13:11:46;31.3;0.1;282.4;19.22857147252499;279.07;Module 1,11_4;21.21;3,13;7,39;0,05;0,39;2,74
27,11.2019 13:13:41;31.2;0.11;282.4;18.80737836855959;279.06;Module 1,11_4;20.74;3,43;7,23;0,05;0,37;3,06
27,11.2019 13:15:34;31.3;0.1;282.4;18.603408533682597;279.03;Module 1,11_4;20.51;3,13;7,15;0,05;0,36;2,77
27,11.2019 13:17:48;31.3;0.1;282.4;17.655992017155818;279.03;Module 1,11_4;19.46;3,13;6,79;0,05;0,33;2,80
27,11.2019 13:19:41;31.1;0.09;282.4;17.414997897268098;279.04;Module 1,11_4;19.19;2,80;6,70;0,05;0,32;2,48
27,11.2019 13:21:35;30.9;0.1;282.4;18.281179591472245;279.03;Module 1,11_4;20.14;3,09;7,02;0,05;0,35;2,74
27,11.2019 13:23:29;31.2;0.1;282.4;19.48350260723369;279.03;Module 1,11_4;21.46;3,12;7,48;0,05;0,40;2,72
27,11.2019 13:25:42;31.9;0.13;282.4;23.193245715841176;279.05;Module 1,11_4;25.54;4,15;8,91;0,06;0,56;3,58
27,11.2019 13:27:35;32;0.15;282.4;26.90354734228612;279.02;Module 1,11_4;29.62;4,80;10,34;0,07;0,76;4,04
27,11.2019 13:29:28;32.1;0.16;282.4;29.243257331148477;279.03;Module 1,11_4;32.19;5,14;11,24;0,08;0,90;4,24
27,11.2019 13:31:21;32.9;0.14;282.4;25.650295072004404;279.07;Module 1,11_4;28.23;4,61;9,86;0,07;0,69;3,92
27,11.2019 13:33:14;32.8;0.13;282.4;23.72802221364116;279.07;Module 1,11_4;26.11;4,26;9,12;0,06;0,59;3,67
27,11.2019 13:35:23;31.9;0.12;282.4;23.38695602535816;279.07;Module 1,11_4;25.73;3,83;8,99;0,06;0,57;3,25
27,11.2019 13:37:22;32;0.12;282.4;22.1815963863077;279.1;Module 1,11_4;24.4;3,84;8,52;0,06;0,52;3,32
27,11.2019 13:39:19;31.7;0.12;282.4;20.884693370563102;279.13;Module 1,11_4;22.97;3,80;8,02;0,06;0,46;3,35
27,11.2019 13:41:18;31.7;0.12;282.4;22.115262576602547;279.17;Module 1,11_4;24.32;3,80;8,50;0,06;0,51;3,29
27,11.2019 13:43:15;32.1;0.13;282.4;23.336828701261243;279.2;Module 1,11_4;25.66;4,17;8,97;0,06;0,57;3,60
27,11.2019 13:45:09;32.1;0.12;282.4;22.493703127929916;279.24;Module 1,11_4;24.73;3,85;8,65;0,06;0,53;3,32
27,11.2019 13:47:01;31.9;0.12;282.4;22.29602812335241;279.27;Module 1,11_4;24.51;3,83;8,57;0,06;0,52;3,31
27,11.2019 13:49:03;31.9;0.12;282.4;21.861789799891163;279.3;Module 1,11_4;24.03;3,83;8,40;0,06;0,50;3,33
27,11.2019 13:50:59;31.8;0.11;282.4;20.171553502269518;279.32;Module 1,11_4;22.17;3,50;7,75;0,06;0,43;3,07
27,11.2019 13:52:56;31.5;0.1;282.4;18.981318905756012;279.36;Module 1,11_4;20.86;3,15;7,30;0,05;0,38;2,77
27,11.2019 13:54:55;31.2;0.1;282.4;18.92826269498054;279.39;Module 1,11_4;20.8;3,12;7,27;0,05;0,38;2,74
27,11.2019 13:56:53;31.1;0.1;282.4;18.702107852812446;279.39;Module 1,11_4;20.55;3,11;7,19;0,05;0,37;2,74
27,11.2019 13:58:50;31.1;0.1;282.4;18.33013131884286;279.42;Module 1,11_4;20.14;3,11;7,05;0,05;0,35;2,76
27,11.2019 14:00:45;31;0.1;282.4;18.422135380461114;279.42;Module 1,11_4;20.24;3,10;7,08;0,05;0,36;2,74
27,11.2019 14:02:37;31.2;0.11;281.4;20.753132318244845;279.43;Module 1,11_4;22.8;3,43;7,98;0,06;0,45;2,98
27,11.2019 14:04:36;31.5;0.15;281.4;27.589995140025103;279.48;Module 1,11_4;30.31;4,72;10,60;0,08;0,80;3,93
27,11.2019 14:06:32;31.9;0.21;282.4;37.46742573211302;279.51;Module 1,11_4;41.16;6,70;14,40;0,10;1,47;5,23
27,11.2019 14:08:34;32.7;0.27;282.4;45.87038770759635;279.58;Module 1,11_4;50.39;8,83;17,63;0,13;2,21;6,62
27,11.2019 14:10:28;33.8;0.29;282.4;49.566841870874846;279.65;Module 1,11_4;54.45;9,80;19,05;0,14;2,58;7,22
27,11.2019 14:12:44;34.1;0.29;284.9;49.53973090187335;279.74;Module 1,11_4;54.42;9,89;19,06;0,14;2,58;7,31
27,11.2019 14:14:36;34;0.24;284.9;42.202307398469685;279.78;Module 1,11_4;46.36;8,16;16,23;0,12;1,87;6,29
27,11.2019 14:16:21;33.9;0.23;283.4;41.04570388246684;279.78;Module 1,11_4;45.09;7,80;15,78;0,11;1,77;6,03
27,11.2019 14:18:14;33.8;0.24;283.4;43.32966693674021;279.8;Module 1,11_4;47.6;8,11;16,66;0,12;1,97;6,14
27,11.2019 14:20:37;33.8;0.25;283.4;46.532107004030976;279.8;Module 1,11_4;51.12;8,45;17,89;0,13;2,27;6,18
27,11.2019 14:23:24;33.7;0.25;283.4;46.93885864519547;279.85;Module 1,11_4;51.57;8,43;18,05;0,13;2,31;6,11
27,11.2019 14:25:20;33.7;0.33;283.4;59.94240147876363;279.85;Module 1,11_4;65.86;11,12;23,05;0,16;3,77;7,35
27,11.2019 14:27:18;34.4;0.48;283.4;88.47911275823802;279.91;Module 1,11_4;97.22;16,51;32,52;0,25;8,17;8,34
27,11.2019 14:29:11;35.5;0.51;283.4;94.60663438849556;279.98;Module 1,11_4;103.96;18,11;33,55;0,28;9,28;8,83
27,11.2019 14:31:06;35.6;0.47;285.9;89.02116529180381;280.05;Module 1,11_4;97.83;16,73;32,39;0,26;8,27;8,46
27,11.2019 14:32:59;35.5;0.44;285.9;84.47323526493317;280.12;Module 1,11_4;92.84;15,62;31,45;0,24;7,48;8,14
27,11.2019 14:35:00;35.4;0.43;285.9;82.55412661878671;280.15;Module 1,11_4;90.74;15,22;30,98;0,23;7,15;8,07
27,11.2019 14:37:08;35;0.44;285.9;83.10839370096332;280.16;Module 1,11_4;91.36;15,40;31,13;0,23;7,24;8,16
27,11.2019 14:39:14;35;0.46;285.9;86.82705215854747;280.18;Module 1,11_4;95.46;16,10;31,97;0,25;7,88;8,22
27,11.2019 14:41:11;35.6;0.47;285.9;88.56209754666702;280.25;Module 1,11_4;97.38;16,73;32,31;0,25;8,19;8,54
27,11.2019 14:43:34;35.5;0.46;285.9;87.6287245065911;280.33;Module 1,11_4;96.37;16,33;32,13;0,25;8,02;8,31
27,11.2019 14:45:27;35.3;0.45;285.9;86.04325545882068;280.37;Module 1,11_4;94.64;15,88;31,80;0,24;7,75;8,14
27,11.2019 14:47:23;35.3;0.42;285.9;80.73921788070854;280.41;Module 1,11_4;88.82;14,83;30,48;0,22;6,84;7,98
27,11.2019 14:49:20;35.2;0.38;285.9;72.81845883242926;280.39;Module 1,11_4;80.12;13,38;27,91;0,20;5,58;7,80
27,11.2019 14:51:49;34.8;0.37;285.9;70.79362379657304;280.43;Module 1,11_4;77.91;12,88;27,17;0,19;5,27;7,60
27,11.2019 14:53:52;35;0.4;285.9;76.68442698972596;280.5;Module 1,11_4;84.41;14,00;29,24;0,21;6,18;7,82
27,11.2019 14:55:45;35.3;0.42;285.9;83.11834595530834;280.54;Module 1,11_4;91.51;14,83;31,13;0,23;7,24;7,58
27,11.2019 14:57:38;35.4;0.47;285.9;90.79297587650171;280.6;Module 1,11_4;99.98;16,64;32,70;0,26;8,59;8,05
27,11.2019 14:59:31;35.7;0.75;286.4;129.83195489371758;280.71;Module 1,11_4;143;26,78;35,56;0,45;15,92;10,85
27,11.2019 15:01:24;36;0.47;286.4;94.74687286352673;280.8;Module 1,11_4;104.38;16,92;33,21;0,28;9,30;7,62
27,11.2019 15:03:17;35.9;0.48;286.4;97.13846827624283;280.82;Module 1,11_4;107.04;17,23;33,50;0,29;9,73;7,50
27,11.2019 15:05:13;36.2;0.54;286.4;109.47087266004957;280.83;Module 1,11_4;120.66;19,55;34,57;0,35;12,03;7,52
27,11.2019 15:07:17;36.7;0.6;286.4;124.76838863031871;280.95;Module 1,11_4;137.56;22,02;35,37;0,42;14,94;7,08
27,11.2019 15:09:11;36.9;0.77;287.9;163.86138923455334;281.08;Module 1,11_4;180.71;28,41;36,18;0,62;22,49;5,92
27,11.2019 15:11:04;38.4;1.29;287.9;285.913331038721;281.5;Module 1,11_4;315.4;49,54;37,27;1,25;46,66;2,87
27,11.2019 15:12:57;38.2;1.41;288.4;334.0694680524502;282.07;Module 1,11_4;368.63;53,86;37,34;1,50;56,11;-2,25
27,11.2019 15:14:51;37.9;1.78;288.4;387.310818168776;282.53;Module 1,11_4;427.51;67,46;37,41;1,78;66,60;0,86
27,11.2019 15:16:44;37.8;1.92;288.4;412.6930073423648;283.03;Module 1,11_4;455.67;72,58;37,43;1,91;71,58;1,00
27,11.2019 15:18:37;37.5;1.61;289.9;352.2956114963368;283.26;Module 1,11_4;389.11;60,38;37,11;1,60;59,36;1,01
27,11.2019 15:20:33;37.2;1.45;289.9;324.3692357789502;283.47;Module 1,11_4;358.39;53,94;37,05;1,45;53,89;0,05
27,11.2019 15:24:10;36.9;1.12;290.4;245.0976616881174;283.53;Module 1,11_4;270.99;41,33;36,63;1,04;38,22;3,10
27,11.2019 15:26:03;36.4;0.95;290.4;205.54104008109505;283.3;Module 1,11_4;227.34;34,58;36,32;0,84;30,47;4,11
27,11.2019 15:27:58;37;1.05;291.9;234.38887673983024;283.2;Module 1,11_4;259.35;38,85;36,30;0,99;35,94;2,91
27,11.2019 15:29:52;36.9;0.88;291.9;195.19505451773975;283.04;Module 1,11_4;216.07;32,47;35,95;0,79;28,31;4,16
27,11.2019 15:31:46;36.9;1.07;291.9;236.84108682214224;282.89;Module 1,11_4;262.28;39,48;36,32;1,00;36,41;3,07
27,11.2019 15:33:39;37.2;0.99;291.9;222.32429809825322;282.79;Module 1,11_4;246.31;36,83;36,21;0,93;33,58;3,24
27,11.2019 15:35:36;37.3;1.1;291.9;245.22804993464263;282.73;Module 1,11_4;271.81;41,03;36,38;1,05;38,05;2,98
27,11.2019 15:37:55;37.6;1.25;292.5;283.3204989966605;282.85;Module 1,11_4;314.21;47,00;36,47;1,24;45,38;1,62
27,11.2019 15:39:50;37.4;1.08;292.5;249.5297154290537;282.89;Module 1,11_4;276.87;40,39;36,30;1,07;38,81;1,59
27,11.2019 15:41:43;37.5;1.43;291.9;336.67652220001025;283.01;Module 1,11_4;373.75;53,63;36,73;1,52;55,87;-2,25
27,11.2019 15:43:37;37.3;1.75;291.9;389.51539316778303;283.25;Module 1,11_4;432.63;65,27;36,81;1,80;66,12;-0,84
27,11.2019 15:45:31;36.5;0.9;291.9;215.8235160572268;283.53;Module 1,11_4;239.84;32,85;36,16;0,89;32,32;0,53
27,11.2019 15:47:24;37.9;2.2;291.9;518.0312652752201;283.89;Module 1,11_4;575.99;83,38;36,80;2,47;90,73;-7,35
27,11.2019 15:49:17;37.9;2.18;291.9;513.1385831596601;284.14;Module 1,11_4;570.87;82,62;36,80;2,44;89,81;-7,18
27,11.2019 15:51:13;37.5;1.61;294;367.9499778834014;284.5;Module 1,11_4;409.59;60,38;36,42;1,69;61,43;-1,05
27,11.2019 15:53:19;37.7;2.05;294;475.7205218098011;284.76;Module 1,11_4;529.91;77,28;36,47;2,25;81,97;-4,68
27,11.2019 15:55:14;37.4;1.92;294;452.45372961592074;285.1;Module 1,11_4;504.31;71,81;36,48;2,13;77,56;-5,75
27,11.2019 15:57:10;37.1;1.87;294;433.7955255759914;285.33;Module 1,11_4;483.83;69,38;36,48;2,03;74,02;-4,64
27,11.2019 15:59:17;37.2;1.75;294;408.2451482326887;285.49;Module 1,11_4;455.67;65,10;36,46;1,90;69,14;-4,04
27,11.2019 16:01:09;36.9;1.69;294.5;396.50975290416176;285.44;Module 1,11_4;442.87;62,36;36,37;1,84;66,77;-4,40
27,11.2019 16:03:06;37.1;1.64;294.5;384.7699088255423;285.22;Module 1,11_4;430.07;60,84;36,36;1,77;64,52;-3,68
27,11.2019 16:05:00;37.1;1.6;296;375.33419393454983;285.23;Module 1,11_4;419.83;59,36;36,09;1,73;62,34;-2,98
27,11.2019 16:06:52;37.1;1.56;296;368.1956121451122;285.25;Module 1,11_4;412.15;57,88;36,08;1,69;60,98;-3,11
27,11.2019 16:08:59;37;1.53;296;361.02168630914696;285.39;Module 1,11_4;404.47;56,61;36,07;1,65;59,62;-3,01
27,11.2019 16:11:06;37;1.51;296;351.5662683543279;285.69;Module 1,11_4;394.23;55,87;36,05;1,60;57,82;-1,95
27,11.2019 16:12:59;37;1.51;296;348.9955645229742;285.71;Module 1,11_4;391.67;55,87;36,05;1,59;57,33;-1,46
27,11.2019 16:14:53;36.5;1.51;296;341.8591039257507;285.81;Module 1,11_4;383.99;55,12;36,03;1,55;55,97;-0,85
27,11.2019 16:16:46;36.5;1.48;296;334.7282405906945;285.96;Module 1,11_4;376.31;54,02;36,02;1,52;54,61;-0,59
27,11.2019 16:18:40;36.4;1.44;296;327.59798381406216;286.04;Module 1,11_4;368.63;52,42;36,00;1,48;53,25;-0,83
27,11.2019 16:20:33;36.7;1.43;296;318.20096981429344;285.89;Module 1,11_4;358.39;52,48;35,98;1,43;51,45;1,03
27,11.2019 16:22:43;36.5;1.39;296;313.3074731811922;285.79;Module 1,11_4;353.27;50,73;35,96;1,40;50,52;0,22
27,11.2019 16:24:39;36.5;1.37;294.5;308.45076666023124;285.75;Module 1,11_4;348.15;50,01;36,21;1,38;49,88;0,12
27,11.2019 16:26:36;36.3;1.33;294.5;299.05939404652685;285.82;Module 1,11_4;337.91;48,28;36,18;1,33;48,07;0,21
27,11.2019 16:28:48;36.5;1.27;294.5;288.0801108718954;285.89;Module 1,11_4;325.91;46,36;36,14;1,27;45,96;0,40
27,11.2019 16:30:41;36.9;1.22;294.5;283.8951663322447;285.85;Module 1,11_4;321.53;45,02;36,13;1,25;45,15;-0,13
27,11.2019 16:32:35;37.3;1.18;294.5;275.4376971517168;285.73;Module 1,11_4;312.31;44,01;36,09;1,21;43,52;0,49
27,11.2019 16:34:31;37.3;1.2;294.5;278.699168892477;285.76;Module 1,11_4;316.39;44,76;36,10;1,22;44,15;0,61
27,11.2019 16:36:26;37.5;1.11;294.5;272.2927879096867;285.79;Module 1,11_4;309.5;41,63;36,07;1,19;42,91;-1,29
27,11.2019 16:38:23;37.7;1.1;294.5;266.00778039300974;285.71;Module 1,11_4;302.75;41,47;36,04;1,16;41,70;-0,23
27,11.2019 16:40:23;37.6;1.06;294.5;262.3150830496053;285.72;Module 1,11_4;298.96;39,86;36,02;1,14;40,99;-1,14
27,11.2019 16:42:22;37.8;1.02;294.5;257.5360225331184;285.87;Module 1,11_4;293.93;38,56;35,99;1,11;40,07;-1,51
27,11.2019 16:44:20;38.2;0.94;294.5;250.11816889467292;285.92;Module 1,11_4;285.88;35,91;35,95;1,07;38,64;-2,73
27,11.2019 16:46:14;38.5;0.86;294.5;246.28580663692148;285.84;Module 1,11_4;281.91;33,11;35,93;1,05;37,90;-4,79
27,11.2019 16:48:07;38.5;0.99;294.5;234.717505458147;285.74;Module 1,11_4;269.07;38,12;35,85;1,00;35,67;2,44
27,11.2019 16:50:07;37.1;0.93;294.5;216.91422049200565;285.57;Module 1,11_4;249.07;34,50;35,71;0,90;32,24;2,26
27,11.2019 16:52:10;37.1;0.9;294;219.05659165438945;285.46;Module 1,11_4;251.97;33,39;35,82;0,91;32,71;0,68
27,11.2019 16:54:04;37.8;0.82;294;217.13522225801844;285.35;Module 1,11_4;250.18;31,00;35,80;0,90;32,34;-1,35
27,11.2019 16:55:57;37.7;0.94;294;218.9788450318455;285.28;Module 1,11_4;252.74;35,44;35,82;0,91;32,70;2,74
27,11.2019 16:57:50;37.8;0.83;294;212.4469583797918;285.26;Module 1,11_4;245.64;31,37;35,76;0,88;31,44;-0,07
27,11.2019 16:59:44;37.7;0.81;294;208.8903256031098;285.23;Module 1,11_4;241.98;30,54;35,73;0,86;30,75;-0,22
27,11.2019 17:01:41;37.4;0.81;294;205.50204621810622;285.21;Module 1,11_4;238.53;30,29;35,70;0,84;30,10;0,19
27,11.2019 17:03:54;37.2;0.77;294;193.41416371445933;285.07;Module 1,11_4;225.03;28,64;35,56;0,78;27,78;0,87
27,11.2019 17:05:54;36.9;0.79;294;187.2647960500908;285.03;Module 1,11_4;218.36;29,15;35,48;0,75;26,59;2,56
27,11.2019 17:07:47;37.1;0.73;292.5;175.04012517512575;284.89;Module 1,11_4;204.55;27,08;35,58;0,68;24,36;2,72
27,11.2019 17:09:49;37;0.58;292.5;135.95965565443575;284.71;Module 1,11_4;159.27;21,46;34,75;0,49;16,89;4,57
27,11.2019 17:11:42;36.2;0.22;291.9;47.43584082634226;284.44;Module 1,11_4;55.7;7,96;18,30;0,13;2,38;5,58
27,11.2019 17:13:35;34.9;0.2;291.9;42.83393097656544;283.92;Module 1,11_4;50.42;6,98;16,52;0,12;1,94;5,04
27,11.2019 17:15:32;33.7;0.15;289.9;31.663412010617265;283.53;Module 1,11_4;37.37;5,06;12,20;0,09;1,06;4,00
27,11.2019 17:17:27;32.8;0.13;289.9;28.189093074404177;283.09;Module 1,11_4;33.36;4,26;10,87;0,08;0,84;3,43
27,11.2019 17:19:24;34.3;0.13;289.9;30.07107275817939;282.82;Module 1,11_4;35.69;4,46;11,59;0,08;0,95;3,50
27,11.2019 17:21:33;35.1;0.13;288.4;32.38958161654381;282.49;Module 1,11_4;38.57;4,56;12,48;0,09;1,11;3,46
27,11.2019 17:23:26;36.5;0.13;288.4;41.12317634394408;282.28;Module 1,11_4;49.12;4,75;15,84;0,11;1,78;2,96
27,11.2019 17:25:24;35.9;0.13;288.4;36.1548715206933;282.14;Module 1,11_4;43.33;4,67;13,93;0,10;1,38;3,29
27,11.2019 17:27:24;36.3;0.13;288.4;38.346090405092255;282.04;Module 1,11_4;46.12;4,72;14,77;0,10;1,55;3,17
27,11.2019 17:29:19;35.7;0.12;288.4;31.24993456194986;281.93;Module 1,11_4;37.72;4,28;12,04;0,09;1,03;3,25
27,11.2019 17:31:11;34.3;0.12;287.9;29.68317641306416;281.84;Module 1,11_4;35.96;4,12;11,44;0,08;0,93;3,19
27,11.2019 17:33:04;34;0.13;287.9;32.89881855782959;281.75;Module 1,11_4;40.01;4,42;12,67;0,09;1,14;3,28
27,11.2019 17:35:03;33.9;0.13;286.4;32.26704557001945;281.67;Module 1,11_4;39.41;4,41;12,42;0,09;1,10;3,31
27,11.2019 17:37:11;34;0.14;286.4;29.44618904645227;281.59;Module 1,11_4;36.14;4,76;11,34;0,08;0,91;3,85
27,11.2019 17:38:54;33.9;0.13;286.4;27.01247248970428;281.53;Module 1,11_4;33.29;4,41;10,40;0,07;0,77;3,64
27,11.2019 17:40:48;33.4;0.12;286.4;24.533220714658505;281.48;Module 1,11_4;30.38;4,01;9,45;0,07;0,63;3,37
27,11.2019 17:42:41;33.2;0.12;286.4;24.755911435718346;281.42;Module 1,11_4;30.81;3,98;9,53;0,07;0,65;3,34
27,11.2019 17:44:37;33.2;0.12;285.9;24.18191808171687;281.37;Module 1,11_4;30.26;3,98;9,30;0,07;0,62;3,37
27,11.2019 17:46:37;33.1;0.11;285.9;22.933659927555805;281.35;Module 1,11_4;28.87;3,64;8,83;0,06;0,55;3,09
27,11.2019 17:48:32;32.8;0.11;285.9;21.79186165666042;281.3;Module 1,11_4;27.6;3,61;8,39;0,06;0,50;3,11
27,11.2019 17:50:27;32.6;0.1;283.4;20.121778445022873;281.26;Module 1,11_4;25.65;3,26;7,73;0,05;0,43;2,83
27,11.2019 17:52:44;32.3;0.1;283.4;20.69572080031999;281.22;Module 1,11_4;26.6;3,23;7,96;0,06;0,45;2,78
27,11.2019 17:54:37;32.1;0.1;283.4;19.44084982982537;281.21;Module 1,11_4;25.17;3,21;7,48;0,05;0,40;2,81
27,11.2019 17:56:37;31.8;0.09;283.4;17.013070276728783;281.21;Module 1,11_4;22.21;2,86;6,54;0,05;0,30;2,56
27,11.2019 17:58:42;31.8;0.09;283.4;15.884378637409394;281.19;Module 1,11_4;20.93;2,86;6,11;0,04;0,26;2,60
27,11.2019 18:00:41;31.3;0.08;283.4;14.109900598306414;281.2;Module 1,11_4;18.77;2,50;5,42;0,04;0,21;2,29
27,11.2019 18:02:34;31;0.07;283.4;12.692496132632941;281.17;Module 1,11_4;17.05;2,17;4,88;0,03;0,17;2,00
27,11.2019 18:04:28;30.8;0.07;283.4;11.181078068363394;281.16;Module 1,11_4;15.18;2,16;4,30;0,03;0,13;2,02
27,11.2019 18:06:21;30.6;0;283.4;9.335893899371253;281.12;Module 1,11_4;12.82;0,00;3,59;0,03;0,09;-0,09
27,11.2019 18:08:33;29.6;0;282.4;7.622237052871494;281.08;Module 1,11_4;10.62;0,00;2,93;0,02;0,06;-0,06
27,11.2019 18:10:35;29.2;0;282.4;6.230395772376658;281.05;Module 1,11_4;8.81;0,00;2,39;0,02;0,04;-0,04
27,11.2019 18:12:46;28.4;0;282.4;5.024107241118552;280.99;Module 1,11_4;7.23;0,00;1,93;0,01;0,03;-0,03
27,11.2019 18:14:40;27.9;0;282.4;4.085826981287432;280.93;Module 1,11_4;5.98;0,00;1,57;0,01;0,02;-0,02
27,11.2019 18:16:34;33;0;282.4;3.5474878791071127;280.89;Module 1,11_4;5.29;0,00;1,37;0,01;0,01;-0,01
27,11.2019 18:18:29;32.1;0;282.4;3.047092240145016;280.85;Module 1,11_4;4.64;0,00;1,17;0,01;0,01;-0,01
27,11.2019 18:20:31;31.4;0;282.4;2.517231697168451;280.82;Module 1,11_4;3.93;0,00;0,97;0,01;0,01;-0,01
27,11.2019 18:22:30;30.2;0;282.4;2.0624284145982927;280.77;Module 1,11_4;3.31;0,00;0,79;0,01;0,00;-0,00
27,11.2019 18:24:23;30.2;0;282.4;1.451529400370147;280.75;Module 1,11_4;2.4;0,00;0,55;0,00;0,00;-0,00
27,11.2019 18:26:18;25.9;0;282.4;0.6717959202207359;280.7;Module 1,11_4;1.15;0,00;0,26;0,00;0,00;-0,00
27,11.2019 18:28:11;19.8;0;282.4;0.42679195422645677;280.64;Module 1,11_4;0.76;0,00;0,16;0,00;0,00;-0,00
27,11.2019 18:30:04;19.8;0;282.4;0.22522198516152825;280.6;Module 1,11_4;0.42;0,00;0,09;0,00;0,00;-0,00
27,11.2019 18:32:04;19.8;0;282.4;0.001;280.58;Module 1,11_4;-0.01;0,00;0,00;0,00;0,00;0,00
28,11.2019 10:07:03;30.4;0;280.4;4.450963953875799;282.07;Module 1,11_4;5.58;0,00;1,71;0,01;0,02;-0,02
28,11.2019 10:09:04;32;0;280.4;5.1116404943895795;282.04;Module 1,11_4;6.38;0,00;1,96;0,01;0,03;-0,03
28,11.2019 10:11:01;33.3;0;280.4;6.403690658419329;282.02;Module 1,11_4;7.96;0,00;2,46;0,02;0,04;-0,04
28,11.2019 10:12:58;27.7;0;282.4;8.464154160413731;282;Module 1,11_4;10.48;0,00;3,25;0,02;0,08;-0,08
28,11.2019 10:14:51;28;0;282.4;9.694718272945405;281.96;Module 1,11_4;11.96;0,00;3,73;0,03;0,10;-0,10
28,11.2019 10:16:45;28;0;282.4;10.428616512115225;281.95;Module 1,11_4;12.82;0,00;4,01;0,03;0,11;-0,11
28,11.2019 10:18:38;28.1;0.07;282.4;12.798193980914082;281.93;Module 1,11_4;15.68;1,97;4,92;0,03;0,17;1,80
28,11.2019 10:20:50;29.4;0.08;282.4;14.059242383079672;281.91;Module 1,11_4;17.16;2,35;5,41;0,04;0,21;2,14
28,11.2019 10:22:50;29.6;0.08;282.4;14.492041458249439;281.89;Module 1,11_4;17.63;2,37;5,57;0,04;0,22;2,15
28,11.2019 10:25:01;30;0.08;282.4;15.672317046385182;281.86;Module 1,11_4;19;2,40;6,02;0,04;0,26;2,14
28,11.2019 10:27:36;30.2;0.09;282.4;17.4893242689635;281.86;Module 1,11_4;21.12;2,72;6,72;0,05;0,32;2,40
28,11.2019 10:29:29;30.5;0.12;282.4;21.116124000807122;281.86;Module 1,11_4;25.43;3,66;8,12;0,06;0,47;3,19
28,11.2019 10:31:41;30.9;0.15;283.4;26.31209506410545;281.86;Module 1,11_4;31.59;4,63;10,12;0,07;0,73;3,91
28,11.2019 10:33:34;31.2;0.16;283.4;28.967718160822773;281.9;Module 1,11_4;34.69;4,99;11,14;0,08;0,88;4,11
28,11.2019 10:35:44;32.4;0.14;283.4;26.369892024360695;281.96;Module 1,11_4;31.49;4,54;10,14;0,07;0,73;3,81
28,11.2019 10:37:41;32.1;0.14;283.4;24.747280503727417;282.03;Module 1,11_4;29.48;4,49;9,52;0,07;0,64;3,85
28,11.2019 10:40:05;31.9;0.12;283.4;22.310428129977637;282.07;Module 1,11_4;26.5;3,83;8,58;0,06;0,52;3,31
28,11.2019 10:42:07;31.6;0.11;283.4;21.080668498603742;282.11;Module 1,11_4;24.98;3,48;8,10;0,06;0,47;3,01
28,11.2019 10:44:09;31.1;0.1;283.4;20.198629725447322;282.12;Module 1,11_4;23.88;3,11;7,77;0,06;0,43;2,68
28,11.2019 10:46:02;31;0.1;283.4;20.189349548482916;282.15;Module 1,11_4;23.82;3,10;7,77;0,06;0,43;2,67
28,11.2019 10:48:07;31.2;0.13;283.4;25.37303020477439;282.18;Module 1,11_4;29.87;4,06;9,76;0,07;0,68;3,38
28,11.2019 10:50:43;31.5;0.18;283.4;33.01191833883708;282.22;Module 1,11_4;38.76;5,67;12,70;0,09;1,14;4,53
28,11.2019 10:52:44;32.2;0.2;283.4;36.627446862511064;282.26;Module 1,11_4;42.92;6,44;14,09;0,10;1,41;5,03
28,11.2019 10:54:46;32.8;0.2;285.9;36.9719809003937;282.31;Module 1,11_4;43.24;6,56;14,23;0,10;1,44;5,12
28,11.2019 10:56:42;33.1;0.21;285.9;36.63540637149897;282.35;Module 1,11_4;42.77;6,95;14,10;0,10;1,41;5,54
28,11.2019 10:58:36;33.1;0.22;285.9;39.75241328254283;282.32;Module 1,11_4;46.33;7,28;15,30;0,11;1,66;5,62
28,11.2019 11:00:32;33.3;0.28;285.9;52.15281110931721;282.3;Module 1,11_4;60.68;9,32;20,07;0,14;2,86;6,46
28,11.2019 11:02:27;33.7;0.27;285.9;48.97474483234328;282.32;Module 1,11_4;56.89;9,10;18,85;0,13;2,52;6,58
28,11.2019 11:05:07;33.5;0.19;286.4;35.56241509259326;282.39;Module 1,11_4;41.22;6,37;13,69;0,10;1,33;5,03
28,11.2019 11:07:16;33.4;0.15;286.4;29.25358000422174;282.44;Module 1,11_4;33.85;5,01;11,26;0,08;0,90;4,11
28,11.2019 11:09:11;32.5;0.19;285.9;34.98281045738161;282.45;Module 1,11_4;40.42;6,17;13,46;0,10;1,29;4,89
28,11.2019 11:11:25;32.9;0.2;285.9;38.439325063425265;282.4;Module 1,11_4;44.34;6,58;14,80;0,11;1,55;5,03
28,11.2019 11:13:24;33;0.23;285.9;44.8233350382436;282.32;Module 1,11_4;51.63;7,59;17,25;0,12;2,11;5,48
28,11.2019 11:15:18;33.4;0.29;285.9;55.419422977400345;282.26;Module 1,11_4;63.75;9,69;21,33;0,15;3,23;6,45
28,11.2019 11:17:22;33.8;0.38;285.9;75.83387002219715;282.25;Module 1,11_4;87.11;12,84;28,95;0,21;6,05;6,80
28,11.2019 11:20:15;35.5;0.39;285.9;80.95001975474938;282.35;Module 1,11_4;92.81;13,85;30,55;0,23;6,88;6,97
28,11.2019 11:22:21;35.8;0.44;285.9;91.77497828838312;282.42;Module 1,11_4;105.08;15,75;32,85;0,27;8,76;6,99
28,11.2019 11:24:16;36.2;0.54;287.9;115.15264546764364;282.5;Module 1,11_4;131.69;19,55;34,67;0,38;13,08;6,47
28,11.2019 11:26:20;38;0.65;287.9;158.30189352688922;282.67;Module 1,11_4;180.81;24,70;36,08;0,59;21,40;3,30
28,11.2019 11:28:24;40.3;0.71;289.9;460.0201972259276;283.35;Module 1,11_4;524.79;28,61;37,18;2,16;80,33;-51,72
28,11.2019 11:30:21;40.3;0.77;289.9;260.2487453577328;284.28;Module 1,11_4;296.56;31,03;36,81;1,12;41,27;-10,24
28,11.2019 11:32:16;39.8;0.89;291.9;191.39820896511253;284.82;Module 1,11_4;217.87;35,42;35,91;0,77;27,57;7,85
28,11.2019 11:34:43;39;0.68;291.9;150.1851541557275;285.07;Module 1,11_4;170.73;26,52;35,22;0,56;19,62;6,90
28,11.2019 11:36:46;37.7;0.5;291.9;120.74101281878552;285.14;Module 1,11_4;137.11;18,85;34,30;0,41;14,04;4,81
28,11.2019 11:38:45;36.4;0.53;291.9;106.43350313305837;285.17;Module 1,11_4;120.74;19,29;33,52;0,34;11,39;7,90
28,11.2019 11:41:01;35.5;0.65;291.9;125.22770248538518;285.05;Module 1,11_4;141.9;23,07;34,48;0,43;14,88;8,19
28,11.2019 11:43:02;34.9;0.61;291.9;121.78142375864444;284.86;Module 1,11_4;137.86;21,29;34,34;0,41;14,24;7,05
28,11.2019 11:44:55;35.8;0.65;291.9;134.88705612053516;284.73;Module 1,11_4;152.56;23,27;34,82;0,48;16,71;6,56
28,11.2019 11:47:12;35.8;0.64;290.4;130.7628240130563;284.61;Module 1,11_4;147.74;22,91;34,93;0,46;15,98;6,94
28,11.2019 11:50:05;37.1;0.68;290.4;186.08067924374132;284.53;Module 1,11_4;209.97;25,23;36,09;0,74;26,66;-1,43
28,11.2019 11:52:14;35.4;0.58;292.5;114.02107537418935;284.48;Module 1,11_4;128.54;20,53;33,88;0,38;12,78;7,75
28,11.2019 11:54:45;34.3;0.52;292.5;102.0558608700062;284.42;Module 1,11_4;114.93;17,84;33,12;0,32;10,59;7,25
28,11.2019 11:56:39;34.6;0.68;290.4;134.98897670533069;284.39;Module 1,11_4;151.9;23,53;35,07;0,48;16,78;6,75
28,11.2019 11:58:39;35.6;0.62;290.4;128.45262171958097;284.36;Module 1,11_4;144.43;22,07;34,85;0,45;15,54;6,53
28,11.2019 12:00:36;36;0.51;290.4;101.91054757734852;284.35;Module 1,11_4;114.5;18,36;33,41;0,32;10,58;7,78
28,11.2019 12:02:48;35.1;0.33;290.4;67.584060468563;284.26;Module 1,11_4;75.87;11,58;25,99;0,19;4,82;6,76
28,11.2019 12:04:43;34.2;0.27;290.4;52.424150666491215;284.14;Module 1,11_4;58.81;9,23;20,21;0,14;2,90;6,33
28,11.2019 12:06:36;34;0.18;290.4;34.02157879866871;284.01;Module 1,11_4;38.14;6,12;13,12;0,09;1,22;4,90
28,11.2019 12:08:35;32.5;0.17;290.4;30.608560945865477;283.86;Module 1,11_4;34.29;5,53;11,80;0,08;0,99;4,54
28,11.2019 12:11:16;32.1;0.2;289.9;36.23844760594304;283.64;Module 1,11_4;40.56;6,42;13,97;0,10;1,39;5,03
28,11.2019 12:13:17;32.7;0.27;289.9;51.00541498351997;283.34;Module 1,11_4;57.05;8,83;19,66;0,14;2,75;6,08
28,11.2019 12:15:13;33.2;0.36;288.4;66.93426605013282;283.07;Module 1,11_4;74.82;11,95;25,74;0,18;4,72;7,23
28,11.2019 12:17:09;33.6;0.4;288.4;76.81256594712247;282.93;Module 1,11_4;85.81;13,44;29,22;0,21;6,21;7,23
28,11.2019 12:19:22;34.3;0.51;288.4;97.98650233874089;282.89;Module 1,11_4;109.39;17,49;33,33;0,30;9,88;7,61
28,11.2019 12:21:17;34.7;0.57;288.4;111.91659812697377;282.93;Module 1,11_4;124.87;19,78;34,41;0,36;12,46;7,32
28,11.2019 12:23:32;35.4;0.59;288.4;113.99852298733153;283.03;Module 1,11_4;127.11;20,89;34,53;0,37;12,85;8,04
28,11.2019 12:25:45;35.4;0.6;288.4;121.74251316318006;283.13;Module 1,11_4;135.66;21,24;34,91;0,41;14,32;6,92
28,11.2019 12:27:54;36.2;0.76;288.4;161.43110823327316;283.28;Module 1,11_4;179.78;27,51;36,05;0,61;21,99;5,53
28,11.2019 12:29:55;36.7;0.75;288.4;154.24956229338213;283.41;Module 1,11_4;171.69;27,53;35,91;0,57;20,58;6,94
28,11.2019 12:31:57;36.4;0.7;288.4;143.20255752429392;283.55;Module 1,11_4;159.31;25,48;35,64;0,52;18,44;7,04
28,11.2019 12:34:02;36.2;0.66;289.9;131.85585124373017;283.67;Module 1,11_4;146.61;23,89;35,05;0,46;16,20;7,69
28,11.2019 12:36:01;35.9;0.62;289.9;125.52241763246082;283.75;Module 1,11_4;139.5;22,26;34,83;0,43;15,00;7,26
28,11.2019 12:38:07;35.8;0.48;289.9;96.21006197706475;283.85;Module 1,11_4;106.87;17,18;32,94;0,29;9,55;7,63
28,11.2019 12:40:51;35.3;0.43;289.9;83.93853771618821;283.92;Module 1,11_4;93.18;15,18;31,04;0,24;7,39;7,78
28,11.2019 12:49:23;35.1;0.61;289.9;116.33656359041129;284.03;Module 1,11_4;128.91;21,41;34,42;0,39;13,26;8,15
28,11.2019 14:33:52;33.4;0.21;290.4;50.870162602941555;284.82;Module 1,11_4;55.95;7,01;19,62;0,14;2,73;4,28
28,11.2019 14:51:30;32.9;0.23;289.9;50.80528964576271;284.82;Module 1,11_4;55.95;7,57;19,59;0,14;2,72;4,84
28,11.2019 15:01:36;33.7;0.32;288.4;60.5361506959362;284.73;Module 1,11_4;66.74;10,78;23,31;0,17;3,86;6,92
28,11.2019 15:08:32;33.8;0.47;289.9;88.46327811632224;284.91;Module 1,11_4;97.62;15,89;31,89;0,26;8,17;7,71
28,11.2019 15:10:15;34.2;0.44;289.4;89.27436303630238;284.92;Module 1,11_4;98.54;15,05;32,08;0,26;8,32;6,73
28,11.2019 15:14:48;33.7;0.25;289.9;44.80435659344144;285.1;Module 1,11_4;49.49;8,43;17,27;0,12;2,12;6,31
28,11.2019 15:16:41;33.4;0.15;289.9;40.64511077549889;285.1;Module 1,11_4;44.91;5,01;15,67;0,11;1,74;3,27
28,11.2019 15:22:27;31.3;0.28;288.4;23.50632409297135;284.91;Module 1,11_4;26;8,76;9,05;0,06;0,58;8,18
28,11.2019 15:25:43;32.5;0.29;288.4;55.05067687091328;284.85;Module 1,11_4;60.93;9,42;21,21;0,15;3,20;6,23
28,11.2019 15:27:52;33.4;0.3;288.4;55.74862884300835;284.85;Module 1,11_4;61.73;10,02;21,48;0,15;3,28;6,74
28,11.2019 15:30:07;33.8;0.37;288.4;69.42405196052775;284.87;Module 1,11_4;76.91;12,51;26,67;0,19;5,08;7,43
28,11.2019 15:32:06;33.7;0.34;288.4;66.73153891999407;284.84;Module 1,11_4;73.96;11,46;25,66;0,18;4,69;6,76
28,11.2019 15:33:59;33.8;0.47;288.4;88.53673825598464;284.78;Module 1,11_4;98.17;15,89;32,06;0,26;8,19;7,70
28,11.2019 15:35:54;34;0.39;289.9;94.14824875668401;284.58;Module 1,11_4;104.44;13,26;32,70;0,28;9,18;4,08
28,11.2019 15:37:51;34.1;0.56;289.9;122.52105833658482;284.39;Module 1,11_4;135.98;19,10;34,70;0,42;14,43;4,67
28,11.2019 15:40:09;35.3;0.52;289.9;97.16295011142344;284.37;Module 1,11_4;107.9;18,36;33,04;0,29;9,72;8,64
28,11.2019 15:42:16;35;0.34;289.9;58.39988956591783;284.12;Module 1,11_4;64.89;11,90;22,51;0,16;3,60;8,30
28,11.2019 15:44:18;34.4;0.15;289.9;29.610816728021526;283.88;Module 1,11_4;32.92;5,16;11,41;0,08;0,93;4,23
28,11.2019 15:46:14;33.6;0.1;289.9;19.669729187364993;283.71;Module 1,11_4;21.88;3,36;7,59;0,05;0,41;2,95
28,11.2019 15:48:14;33.1;0.21;289.9;37.41155998484894;283.64;Module 1,11_4;41.64;6,95;14,42;0,10;1,48;5,47
28,11.2019 15:50:07;33.4;0.32;289.9;59.56918896881492;283.55;Module 1,11_4;66.34;10,69;22,95;0,16;3,75;6,94
28,11.2019 15:52:01;33.8;0.28;287.9;50.44298807822018;283.42;Module 1,11_4;56.21;9,46;19,43;0,14;2,68;6,78
28,11.2019 15:54:08;33.4;0.17;287.9;33.2528422040964;283.23;Module 1,11_4;37.08;5,68;12,81;0,09;1,17;4,51
28,11.2019 15:56:00;33.4;0.13;287.9;25.784414656955057;283.1;Module 1,11_4;28.77;4,34;9,93;0,07;0,70;3,64
28,11.2019 15:57:53;32.5;0.18;287.9;37.86778073066146;283.02;Module 1,11_4;42.28;5,85;14,59;0,10;1,51;4,34
28,11.2019 15:59:46;35.3;1.12;287.9;196.8466564120536;283.17;Module 1,11_4;219.93;39,54;36,66;0,79;28,99;10,55
28,11.2019 16:01:41;38.4;0.86;287.9;177.72869854125122;283.67;Module 1,11_4;198.71;33,02;36,41;0,69;25,22;7,81
28,11.2019 16:03:40;37.5;1.21;287.9;202.26236109557033;284.29;Module 1,11_4;226.31;45,38;36,72;0,82;30,06;15,32
28,11.2019 16:05:33;35.1;0.5;289.9;97.72105423290847;284.35;Module 1,11_4;109.42;17,55;33,09;0,30;9,82;7,73
28,11.2019 16:07:26;35.3;0.54;289.9;99.89573466688091;284.26;Module 1,11_4;111.94;19,06;33,30;0,31;10,22;8,85
28,11.2019 16:09:19;34.3;0.41;289.9;75.42048588719354;284.17;Module 1,11_4;84.58;14,06;28,74;0,21;6,00;8,07
28,11.2019 16:11:12;34.5;0.6;289.9;112.30884603425984;284.12;Module 1,11_4;126.05;20,70;34,20;0,37;12,51;8,19
28,11.2019 16:13:06;35.6;0.66;289.9;157.50993035748542;284.17;Module 1,11_4;176.93;23,50;35,72;0,59;21,14;2,36
28,11.2019 16:14:59;37.1;0.62;289.9;106.7369941255943;284.28;Module 1,11_4;120;23,00;33,85;0,34;11,47;11,53
28,11.2019 16:16:53;35.1;0.61;289.9;117.98129496098228;284.28;Module 1,11_4;132.76;21,41;34,50;0,39;13,57;7,84
28,11.2019 16:18:45;34.1;0.38;289.9;76.89906268864922;284.25;Module 1,11_4;86.61;12,96;29,20;0,21;6,23;6,73
28,11.2019 16:20:38;35.4;0.45;289.9;92.63380430052696;284.35;Module 1,11_4;104.43;15,93;32,51;0,27;8,91;7,02
28,11.2019 16:22:31;35.4;0.47;289.9;97.66603985240815;284.37;Module 1,11_4;110.21;16,64;33,09;0,30;9,81;6,83
28,11.2019 16:24:24;34.2;0.26;289.9;49.38170947363534;284.35;Module 1,11_4;55.78;8,89;19,04;0,14;2,57;6,32
28,11.2019 16:26:18;33.6;0.29;289.9;54.60994879262858;284.3;Module 1,11_4;61.75;9,74;21,05;0,15;3,15;6,60
28,11.2019 16:28:11;33.6;0.29;289.9;53.07640789550974;284.28;Module 1,11_4;60.08;9,74;20,46;0,15;2,97;6,77
28,11.2019 16:30:04;33.6;0.32;288.4;58.621616676332614;284.25;Module 1,11_4;66.43;10,75;22,58;0,16;3,62;7,13
28,11.2019 16:31:57;33.6;0.28;288.4;52.12042416069224;284.21;Module 1,11_4;59.13;9,41;20,08;0,14;2,86;6,54
28,11.2019 16:33:50;34.4;0.44;288.4;83.67524665335111;284.22;Module 1,11_4;95.04;15,14;31,09;0,24;7,35;7,79
28,11.2019 16:35:44;35.2;1.4;288.4;317.39987951311946;284.4;Module 1,11_4;360.95;49,28;37,30;1,42;52,81;-3,53
28,11.2019 16:37:37;37.8;1.08;288.4;266.1260657358355;284.96;Module 1,11_4;303.02;40,82;37,10;1,15;42,66;-1,83
28,11.2019 16:39:30;37.5;0.9;290.4;202.13898112585605;285.35;Module 1,11_4;230.46;33,75;36,28;0,82;29,80;3,95
28,11.2019 16:41:23;36.9;0.6;290.4;223.95147384445974;285.52;Module 1,11_4;255.67;22,14;36,48;0,93;34,07;-11,93
28,11.2019 16:43:17;37.4;1.06;291.4;236.86531681237307;285.78;Module 1,11_4;270.79;39,64;36,41;1,00;36,48;3,16
28,11.2019 16:45:11;36.8;1.01;291.4;231.77249480830045;285.96;Module 1,11_4;265.35;37,17;36,38;0,98;35,49;1,68
28,11.2019 16:48:31;37.4;0.7;291.9;157.52955983295865;286.08;Module 1,11_4;180.83;26,18;35,38;0,59;21,03;5,15
28,11.2019 16:50:23;37.3;0.68;291.9;136.60095874068898;286.01;Module 1,11_4;157.05;25,36;34,87;0,49;17,03;8,33
28,11.2019 16:52:18;37.5;0.65;292.5;156.59048488113058;286;Module 1,11_4;180.33;24,38;35,26;0,59;20,82;3,56
28,11.2019 16:54:13;37.7;0.61;292.5;147.09014885757992;286.01;Module 1,11_4;169.68;23,00;35,05;0,54;19,00;3,99
28,11.2019 16:56:13;37.1;0.5;292.5;113.27993781654892;285.87;Module 1,11_4;130.92;18,55;33,84;0,37;12,64;5,91
28,11.2019 16:58:06;35.4;0.44;292.5;85.97203698386745;285.67;Module 1,11_4;99.54;15,58;31,20;0,25;7,74;7,83
28,11.2019 17:00:01;36.7;0.37;292.5;85.031818590259;285.5;Module 1,11_4;98.64;13,58;31,03;0,24;7,58;6,00
28,11.2019 17:01:54;36.4;0.32;291.9;74.81702821615534;285.39;Module 1,11_4;86.96;11,65;28,50;0,21;5,91;5,74
28,11.2019 17:03:47;36;0.32;291.9;70.93924955772073;285.27;Module 1,11_4;82.62;11,52;27,20;0,20;5,32;6,20
28,11.2019 17:05:40;35.3;0.31;291.9;68.16837742530522;285.14;Module 1,11_4;79.56;10,94;26,20;0,19;4,91;6,03
28,11.2019 17:07:33;35.8;0.32;292.5;71.14019059827244;284.97;Module 1,11_4;83.21;11,46;27,27;0,20;5,35;6,11
28,11.2019 17:09:25;34.2;0.3;292.5;59.788604614505644;284.82;Module 1,11_4;70.09;10,26;23,06;0,16;3,78;6,48
28,11.2019 17:11:18;34.6;0.34;290.4;65.17073790265093;284.69;Module 1,11_4;76.58;11,76;25,09;0,18;4,48;7,28
28,11.2019 17:13:11;34.1;0.28;290.4;53.48243517848235;284.59;Module 1,11_4;63;9,55;20,62;0,15;3,02;6,53
28,11.2019 17:15:03;33.8;0.22;290.4;42.33894909851077;284.48;Module 1,11_4;50;7,44;16,33;0,12;1,89;5,54
28,11.2019 17:16:56;33;0.22;288.9;41.542273353281395;284.38;Module 1,11_4;49.19;7,26;16,01;0,11;1,82;5,44
28,11.2019 17:18:49;33.4;0.26;288.9;48.49302420262204;284.27;Module 1,11_4;57.58;8,68;18,69;0,13;2,48;6,20
28,11.2019 17:20:42;33.4;0.24;289.9;45.66556341020082;284.17;Module 1,11_4;54.38;8,02;17,60;0,13;2,20;5,81
28,11.2019 17:22:37;33.3;0.23;289.9;42.913217987967045;284.01;Module 1,11_4;51.26;7,66;16,55;0,12;1,94;5,72
28,11.2019 17:24:29;33.1;0.21;289.9;39.71616392249171;283.87;Module 1,11_4;47.59;6,95;15,31;0,11;1,66;5,29
28,11.2019 17:26:22;32.9;0.18;288.4;34.968646855054864;283.78;Module 1,11_4;42.04;5,92;13,48;0,10;1,29;4,63
28,11.2019 17:28:15;32.7;0.17;288.4;30.943669596079637;283.69;Module 1,11_4;37.33;5,56;11,92;0,08;1,01;4,55
28,11.2019 17:30:07;32.5;0.11;288.4;22.878851645653135;283.63;Module 1,11_4;27.7;3,58;8,81;0,06;0,55;3,02
28,11.2019 17:32:00;32.2;0.07;288.4;14.456961778553307;283.57;Module 1,11_4;17.57;2,25;5,57;0,04;0,22;2,03
28,11.2019 17:33:53;30.6;0.08;288.4;14.284724897673499;283.54;Module 1,11_4;17.43;2,45;5,50;0,04;0,22;2,23
28,11.2019 17:35:48;30.1;0.09;286.4;17.55349539249674;283.54;Module 1,11_4;21.51;2,71;6,76;0,05;0,32;2,38
28,11.2019 17:37:40;30.2;0.08;286.4;15.42136281406951;283.5;Module 1,11_4;18.98;2,42;5,94;0,04;0,25;2,17
28,11.2019 17:39:33;29.9;0.08;285.9;15.867596272993154;283.46;Module 1,11_4;19.62;2,39;6,11;0,04;0,26;2,13
28,11.2019 17:41:26;30.5;0.11;285.9;19.194505988662197;283.4;Module 1,11_4;23.85;3,35;7,39;0,05;0,39;2,97
28,11.2019 17:43:18;31;0.13;285.9;22.819821966305213;283.33;Module 1,11_4;28.5;4,03;8,78;0,06;0,55;3,48
28,11.2019 17:45:11;31.7;0.11;286.4;18.58660844964401;283.18;Module 1,11_4;23.34;3,49;7,16;0,05;0,36;3,12
28,11.2019 17:47:04;31.5;0.09;286.4;16.82486696173536;283.03;Module 1,11_4;21.25;2,83;6,48;0,05;0,30;2,54
28,11.2019 17:48:59;31.3;0.09;285.9;15.917793945579866;282.9;Module 1,11_4;20.23;2,82;6,13;0,04;0,27;2,55
28,11.2019 17:50:52;31.2;0.08;285.9;13.148870286440776;282.82;Module 1,11_4;16.82;2,50;5,06;0,04;0,18;2,31
28,11.2019 17:52:35;30.9;0.08;285.9;13.392721885829172;282.78;Module 1,11_4;17.24;2,47;5,16;0,04;0,19;2,28
28,11.2019 17:54:32;30.9;0.08;285.9;13.653695326478607;282.73;Module 1,11_4;17.71;2,47;5,26;0,04;0,20;2,28
28,11.2019 17:56:25;30.9;0.08;285.9;13.195148119985383;282.69;Module 1,11_4;17.25;2,47;5,08;0,04;0,18;2,29
28,11.2019 17:58:18;30.9;0.08;285.4;13.054539560213215;282.71;Module 1,11_4;17.21;2,47;5,02;0,04;0,18;2,29
28,11.2019 18:00:11;30.9;0.07;285.4;12.058051878879837;282.72;Module 1,11_4;16.04;2,16;4,64;0,03;0,15;2,01
28,11.2019 18:02:07;30.3;0.07;285.4;12.221643363741181;282.76;Module 1,11_4;16.42;2,12;4,70;0,03;0,16;1,96
28,11.2019 18:04:00;30.2;0.07;283.4;11.527490293962563;282.77;Module 1,11_4;15.65;2,11;4,43;0,03;0,14;1,97
28,11.2019 18:05:52;29.9;0;283.4;9.170407622637779;282.79;Module 1,11_4;12.59;0,00;3,52;0,03;0,09;-0,09
28,11.2019 18:07:47;29.4;0;283.4;7.258464570517782;282.83;Module 1,11_4;10.09;0,00;2,79;0,02;0,06;-0,06
28,11.2019 18:09:40;28.8;0;283.4;5.842078017411969;282.89;Module 1,11_4;8.23;0,00;2,25;0,02;0,04;-0,04
28,11.2019 18:11:33;27.1;0;283.4;5.680759174960468;282.96;Module 1,11_4;8.12;0,00;2,19;0,02;0,03;-0,03
28,11.2019 18:13:26;27.1;0;282.4;5.652867297983041;283.01;Module 1,11_4;8.21;0,00;2,17;0,02;0,03;-0,03
28,11.2019 18:15:19;27.9;0;282.4;4.607320597345715;283.03;Module 1,11_4;6.81;0,00;1,77;0,01;0,02;-0,02
28,11.2019 18:17:12;32.7;0;283.4;3.384041629879115;282.98;Module 1,11_4;5.1;0,00;1,30;0,01;0,01;-0,01
28,11.2019 18:19:05;32;0;283.4;2.4935151123537764;282.91;Module 1,11_4;3.84;0,00;0,96;0,01;0,01;-0,01
28,11.2019 18:21:01;29.3;0;283.4;1.8748733549696097;282.85;Module 1,11_4;2.96;0,00;0,72;0,01;0,00;-0,00
28,11.2019 18:22:54;28.5;0;283.4;1.3374003951403164;282.8;Module 1,11_4;2.17;0,00;0,52;0,00;0,00;-0,00
28,11.2019 18:24:47;25.3;0;283.4;1.1530860696143181;282.77;Module 1,11_4;1.93;0,00;0,45;0,00;0,00;-0,00
28,11.2019 18:26:40;21.7;0;283.4;0.565006258261991;282.72;Module 1,11_4;0.98;0,00;0,22;0,00;0,00;-0,00
28,11.2019 18:28:33;21.7;0;283.4;0.16596292847336933;282.67;Module 1,11_4;0.3;0,00;0,06;0,00;0,00;-0,00
28,11.2019 18:30:26;21.7;0;283.4;0.07905502250552601;282.65;Module 1,11_4;0.15;0,00;0,03;0,00;0,00;-0,00