module_id;temperature;voltage;ts;utc_ts;timestamp;current;irradiation;temperature_amb
1380556889530408;4.9;31.1;Tue Nov 05 2019 07:29:43 GMT+0100 (CET);Tue Nov 05 2019 06:29:43 GMT+0100 (CET);1572935383000;0;5.49;8.13
1380556889530408;4.9;33.4;Tue Nov 05 2019 07:31:36 GMT+0100 (CET);Tue Nov 05 2019 06:31:36 GMT+0100 (CET);1572935496000;0;7.2;8.14
1380556889530408;4.9;34.8;Tue Nov 05 2019 07:33:29 GMT+0100 (CET);Tue Nov 05 2019 06:33:29 GMT+0100 (CET);1572935609000;0;9.1;8.17
1380556889530408;8.9;27.6;Tue Nov 05 2019 07:35:23 GMT+0100 (CET);Tue Nov 05 2019 06:35:23 GMT+0100 (CET);1572935723000;0;9.2;8.17
1380556889530408;8.9;27.6;Tue Nov 05 2019 07:37:15 GMT+0100 (CET);Tue Nov 05 2019 06:37:15 GMT+0100 (CET);1572935835000;0;9.51;8.17
1380556889530408;5.4;24.3;Tue Nov 05 2019 07:39:17 GMT+0100 (CET);Tue Nov 05 2019 06:39:17 GMT+0100 (CET);1572935957000;0;10.47;8.18
1380556889530408;5.4;26.4;Tue Nov 05 2019 07:41:10 GMT+0100 (CET);Tue Nov 05 2019 06:41:10 GMT+0100 (CET);1572936070000;0;11.6;8.18
1380556889530408;5.4;25.8;Tue Nov 05 2019 07:43:03 GMT+0100 (CET);Tue Nov 05 2019 06:43:03 GMT+0100 (CET);1572936183000;0.06;13.49;8.18
1380556889530408;6.4;26.7;Tue Nov 05 2019 07:44:57 GMT+0100 (CET);Tue Nov 05 2019 06:44:57 GMT+0100 (CET);1572936297000;0.07;15.6;8.19
1380556889530408;6.4;26;Tue Nov 05 2019 07:47:05 GMT+0100 (CET);Tue Nov 05 2019 06:47:05 GMT+0100 (CET);1572936425000;0.08;17.71;8.19
1380556889530408;6.9;28.8;Tue Nov 05 2019 07:48:58 GMT+0100 (CET);Tue Nov 05 2019 06:48:58 GMT+0100 (CET);1572936538000;0.08;18.09;8.16
1380556889530408;6.9;29.5;Tue Nov 05 2019 07:50:51 GMT+0100 (CET);Tue Nov 05 2019 06:50:51 GMT+0100 (CET);1572936651000;0.08;18.12;8.13
1380556889530408;6.9;29.8;Tue Nov 05 2019 07:52:44 GMT+0100 (CET);Tue Nov 05 2019 06:52:44 GMT+0100 (CET);1572936764000;0.09;18.96;8.11
1380556889530408;8.9;30.3;Tue Nov 05 2019 07:54:56 GMT+0100 (CET);Tue Nov 05 2019 06:54:56 GMT+0100 (CET);1572936896000;0.09;20.81;8.1
1380556889530408;8.9;30.3;Tue Nov 05 2019 07:56:50 GMT+0100 (CET);Tue Nov 05 2019 06:56:50 GMT+0100 (CET);1572937010000;0.1;21.27;8.11
1380556889530408;8.9;30.7;Tue Nov 05 2019 07:58:45 GMT+0100 (CET);Tue Nov 05 2019 06:58:45 GMT+0100 (CET);1572937125000;0.1;21.86;8.1
1380556889530408;8.9;31.4;Tue Nov 05 2019 08:00:39 GMT+0100 (CET);Tue Nov 05 2019 07:00:39 GMT+0100 (CET);1572937239000;0.12;27.06;8.11
1380556889530408;8.9;30.5;Tue Nov 05 2019 08:02:36 GMT+0100 (CET);Tue Nov 05 2019 07:02:36 GMT+0100 (CET);1572937356000;0.18;38.76;8.14
1380556889530408;8.9;32;Tue Nov 05 2019 08:04:28 GMT+0100 (CET);Tue Nov 05 2019 07:04:28 GMT+0100 (CET);1572937468000;0.2;42.25;8.14
1380556889530408;8.9;32.7;Tue Nov 05 2019 08:06:21 GMT+0100 (CET);Tue Nov 05 2019 07:06:21 GMT+0100 (CET);1572937581000;0.16;34.72;8.12
1380556889530408;9.4;32.7;Tue Nov 05 2019 08:08:17 GMT+0100 (CET);Tue Nov 05 2019 07:08:17 GMT+0100 (CET);1572937697000;0.14;30.22;8.1
1380556889530408;9.4;31.8;Tue Nov 05 2019 08:10:26 GMT+0100 (CET);Tue Nov 05 2019 07:10:26 GMT+0100 (CET);1572937826000;0.15;33.32;8.09
1380556889530408;9.4;32.2;Tue Nov 05 2019 08:12:19 GMT+0100 (CET);Tue Nov 05 2019 07:12:19 GMT+0100 (CET);1572937939000;0.15;32.67;8.15
1380556889530408;9.4;32.2;Tue Nov 05 2019 08:14:13 GMT+0100 (CET);Tue Nov 05 2019 07:14:13 GMT+0100 (CET);1572938053000;0.12;27.36;8.2
1380556889530408;9.4;32.3;Tue Nov 05 2019 08:16:06 GMT+0100 (CET);Tue Nov 05 2019 07:16:06 GMT+0100 (CET);1572938166000;0.09;20.96;8.25
1380556889530408;9.4;31.6;Tue Nov 05 2019 08:18:06 GMT+0100 (CET);Tue Nov 05 2019 07:18:06 GMT+0100 (CET);1572938286000;0.07;17.23;8.31
1380556889530408;9.4;31.1;Tue Nov 05 2019 08:20:01 GMT+0100 (CET);Tue Nov 05 2019 07:20:01 GMT+0100 (CET);1572938401000;0;13.66;8.33
1380556889530408;8.9;30.3;Tue Nov 05 2019 08:21:55 GMT+0100 (CET);Tue Nov 05 2019 07:21:55 GMT+0100 (CET);1572938515000;0;12.64;8.36
1380556889530408;8.9;29.3;Tue Nov 05 2019 08:23:47 GMT+0100 (CET);Tue Nov 05 2019 07:23:47 GMT+0100 (CET);1572938627000;0.07;15.26;8.39
1380556889530408;8.9;26.2;Tue Nov 05 2019 08:26:08 GMT+0100 (CET);Tue Nov 05 2019 07:26:08 GMT+0100 (CET);1572938768000;0.1;22.9;8.41
1380556889530408;8.9;25.5;Tue Nov 05 2019 08:28:01 GMT+0100 (CET);Tue Nov 05 2019 07:28:01 GMT+0100 (CET);1572938881000;0.14;30.84;8.44
1380556889530408;8.9;22.9;Tue Nov 05 2019 08:29:56 GMT+0100 (CET);Tue Nov 05 2019 07:29:56 GMT+0100 (CET);1572938996000;0.19;38.17;8.45
1380556889530408;6.9;26.9;Tue Nov 05 2019 08:31:49 GMT+0100 (CET);Tue Nov 05 2019 07:31:49 GMT+0100 (CET);1572939109000;0.22;44.03;8.46
1380556889530408;6.9;32.8;Tue Nov 05 2019 08:33:51 GMT+0100 (CET);Tue Nov 05 2019 07:33:51 GMT+0100 (CET);1572939231000;0.21;42.95;8.48
1380556889530408;9.4;32.9;Tue Nov 05 2019 08:35:43 GMT+0100 (CET);Tue Nov 05 2019 07:35:43 GMT+0100 (CET);1572939343000;0.17;36.8;8.5
1380556889530408;9.4;32.9;Tue Nov 05 2019 08:37:36 GMT+0100 (CET);Tue Nov 05 2019 07:37:36 GMT+0100 (CET);1572939456000;0.13;28.2;8.52
1380556889530408;9.4;32.2;Tue Nov 05 2019 08:39:33 GMT+0100 (CET);Tue Nov 05 2019 07:39:33 GMT+0100 (CET);1572939573000;0.12;26.27;8.53
1380556889530408;10.9;31.4;Tue Nov 05 2019 08:41:26 GMT+0100 (CET);Tue Nov 05 2019 07:41:26 GMT+0100 (CET);1572939686000;0.13;29;8.55
1380556889530408;10.9;31;Tue Nov 05 2019 08:43:30 GMT+0100 (CET);Tue Nov 05 2019 07:43:30 GMT+0100 (CET);1572939810000;0.15;33.06;8.58
1380556889530408;10.9;31.9;Tue Nov 05 2019 08:45:23 GMT+0100 (CET);Tue Nov 05 2019 07:45:23 GMT+0100 (CET);1572939923000;0.18;37.62;8.59
1380556889530408;10.9;31.8;Tue Nov 05 2019 08:47:16 GMT+0100 (CET);Tue Nov 05 2019 07:47:16 GMT+0100 (CET);1572940036000;0.21;42.83;8.58
1380556889530408;10.9;32.7;Tue Nov 05 2019 08:49:19 GMT+0100 (CET);Tue Nov 05 2019 07:49:19 GMT+0100 (CET);1572940159000;0.23;47.75;8.6
1380556889530408;10.9;33.2;Tue Nov 05 2019 08:51:12 GMT+0100 (CET);Tue Nov 05 2019 07:51:12 GMT+0100 (CET);1572940272000;0.23;47.82;8.59
1380556889530408;10.9;32.9;Tue Nov 05 2019 08:53:04 GMT+0100 (CET);Tue Nov 05 2019 07:53:04 GMT+0100 (CET);1572940384000;0.23;47.35;8.6
1380556889530408;11.4;33;Tue Nov 05 2019 08:54:57 GMT+0100 (CET);Tue Nov 05 2019 07:54:57 GMT+0100 (CET);1572940497000;0.23;47.47;8.61
1380556889530408;11.4;33;Tue Nov 05 2019 08:56:52 GMT+0100 (CET);Tue Nov 05 2019 07:56:52 GMT+0100 (CET);1572940612000;0.23;47.64;8.64
1380556889530408;10.9;33;Tue Nov 05 2019 08:58:45 GMT+0100 (CET);Tue Nov 05 2019 07:58:45 GMT+0100 (CET);1572940725000;0.22;46.36;8.68
1380556889530408;10.9;33;Tue Nov 05 2019 09:00:38 GMT+0100 (CET);Tue Nov 05 2019 08:00:38 GMT+0100 (CET);1572940838000;0.22;45.81;8.71
1380556889530408;10.9;33;Tue Nov 05 2019 09:02:31 GMT+0100 (CET);Tue Nov 05 2019 08:02:31 GMT+0100 (CET);1572940951000;0.23;48.41;8.75
1380556889530408;10.9;33.1;Tue Nov 05 2019 09:04:49 GMT+0100 (CET);Tue Nov 05 2019 08:04:49 GMT+0100 (CET);1572941089000;0.27;55.75;8.82
1380556889530408;10.9;33.3;Tue Nov 05 2019 09:06:51 GMT+0100 (CET);Tue Nov 05 2019 08:06:51 GMT+0100 (CET);1572941211000;0.28;58.66;8.89
1380556889530408;11.4;33.4;Tue Nov 05 2019 09:08:43 GMT+0100 (CET);Tue Nov 05 2019 08:08:43 GMT+0100 (CET);1572941323000;0.28;58.36;8.93
1380556889530408;11.4;33.3;Tue Nov 05 2019 09:10:37 GMT+0100 (CET);Tue Nov 05 2019 08:10:37 GMT+0100 (CET);1572941437000;0.27;56.54;9
1380556889530408;11.4;33.2;Tue Nov 05 2019 09:12:32 GMT+0100 (CET);Tue Nov 05 2019 08:12:32 GMT+0100 (CET);1572941552000;0.28;59.65;9.08
1380556889530408;11.4;33.3;Tue Nov 05 2019 09:14:25 GMT+0100 (CET);Tue Nov 05 2019 08:14:25 GMT+0100 (CET);1572941665000;0.36;73.9;9.15
1380556889530408;11.4;33.5;Tue Nov 05 2019 09:16:18 GMT+0100 (CET);Tue Nov 05 2019 08:16:18 GMT+0100 (CET);1572941778000;0.47;97.14;9.24
1380556889530408;12.9;34.2;Tue Nov 05 2019 09:18:13 GMT+0100 (CET);Tue Nov 05 2019 08:18:13 GMT+0100 (CET);1572941893000;0.46;95.51;9.35
1380556889530408;12.9;34.1;Tue Nov 05 2019 09:20:31 GMT+0100 (CET);Tue Nov 05 2019 08:20:31 GMT+0100 (CET);1572942031000;0.33;69.63;9.45
1380556889530408;12.9;34;Tue Nov 05 2019 09:22:23 GMT+0100 (CET);Tue Nov 05 2019 08:22:23 GMT+0100 (CET);1572942143000;0.28;61.21;9.48
1380556889530408;12.9;33.7;Tue Nov 05 2019 09:24:17 GMT+0100 (CET);Tue Nov 05 2019 08:24:17 GMT+0100 (CET);1572942257000;0.26;55.67;9.5
1380556889530408;12.9;33.3;Tue Nov 05 2019 09:26:12 GMT+0100 (CET);Tue Nov 05 2019 08:26:12 GMT+0100 (CET);1572942372000;0.24;51.32;9.48
1380556889530408;12.9;32.8;Tue Nov 05 2019 09:28:05 GMT+0100 (CET);Tue Nov 05 2019 08:28:05 GMT+0100 (CET);1572942485000;0.25;53.99;9.46
1380556889530408;12.9;32.8;Tue Nov 05 2019 09:29:59 GMT+0100 (CET);Tue Nov 05 2019 08:29:59 GMT+0100 (CET);1572942599000;0.37;76.43;9.43
1380556889530408;12.9;33.3;Tue Nov 05 2019 09:31:51 GMT+0100 (CET);Tue Nov 05 2019 08:31:51 GMT+0100 (CET);1572942711000;0.31;65.41;9.45
1380556889530408;12.9;33.2;Tue Nov 05 2019 09:33:44 GMT+0100 (CET);Tue Nov 05 2019 08:33:44 GMT+0100 (CET);1572942824000;0.29;62.01;9.47
1380556889530408;13.4;33.4;Tue Nov 05 2019 09:36:05 GMT+0100 (CET);Tue Nov 05 2019 08:36:05 GMT+0100 (CET);1572942965000;0.33;70.97;9.5
1380556889530408;13.4;33.4;Tue Nov 05 2019 09:37:58 GMT+0100 (CET);Tue Nov 05 2019 08:37:58 GMT+0100 (CET);1572943078000;0.46;92.64;9.55
1380556889530408;13.4;33.9;Tue Nov 05 2019 09:39:53 GMT+0100 (CET);Tue Nov 05 2019 08:39:53 GMT+0100 (CET);1572943193000;0.41;84.48;9.64
1380556889530408;13.4;33.8;Tue Nov 05 2019 09:41:46 GMT+0100 (CET);Tue Nov 05 2019 08:41:46 GMT+0100 (CET);1572943306000;0.35;71.43;9.72
1380556889530408;13.4;33.8;Tue Nov 05 2019 09:43:45 GMT+0100 (CET);Tue Nov 05 2019 08:43:45 GMT+0100 (CET);1572943425000;0.31;65.45;9.76
1380556889530408;13.4;33.4;Tue Nov 05 2019 09:45:39 GMT+0100 (CET);Tue Nov 05 2019 08:45:39 GMT+0100 (CET);1572943539000;0.31;62.74;9.78
1380556889530408;13.4;33.3;Tue Nov 05 2019 09:47:31 GMT+0100 (CET);Tue Nov 05 2019 08:47:31 GMT+0100 (CET);1572943651000;0.28;58.13;9.8
1380556889530408;13.4;33.2;Tue Nov 05 2019 09:49:25 GMT+0100 (CET);Tue Nov 05 2019 08:49:25 GMT+0100 (CET);1572943765000;0.28;57.66;9.82
1380556889530408;13.4;33.3;Tue Nov 05 2019 09:51:27 GMT+0100 (CET);Tue Nov 05 2019 08:51:27 GMT+0100 (CET);1572943887000;0.29;60.8;9.83
1380556889530408;13.4;33.2;Tue Nov 05 2019 09:53:20 GMT+0100 (CET);Tue Nov 05 2019 08:53:20 GMT+0100 (CET);1572944000000;0.33;68.18;9.86
1380556889530408;13.4;33.2;Tue Nov 05 2019 09:55:14 GMT+0100 (CET);Tue Nov 05 2019 08:55:14 GMT+0100 (CET);1572944114000;0.36;73.7;9.86
1380556889530408;13.4;33.2;Tue Nov 05 2019 09:57:09 GMT+0100 (CET);Tue Nov 05 2019 08:57:09 GMT+0100 (CET);1572944229000;0.39;80.38;9.88
1380556889530408;13.4;33.5;Tue Nov 05 2019 09:59:02 GMT+0100 (CET);Tue Nov 05 2019 08:59:02 GMT+0100 (CET);1572944342000;0.3;58.7;9.89
1380556889530408;13.4;33.4;Tue Nov 05 2019 10:00:54 GMT+0100 (CET);Tue Nov 05 2019 09:00:54 GMT+0100 (CET);1572944454000;0.24;51.48;9.88
1380556889530408;13.4;32.9;Tue Nov 05 2019 10:02:47 GMT+0100 (CET);Tue Nov 05 2019 09:02:47 GMT+0100 (CET);1572944567000;0.35;74.37;9.86
1380556889530408;13.4;33.2;Tue Nov 05 2019 10:04:40 GMT+0100 (CET);Tue Nov 05 2019 09:04:40 GMT+0100 (CET);1572944680000;0.4;81.55;9.9
1380556889530408;13.4;33.7;Tue Nov 05 2019 10:07:13 GMT+0100 (CET);Tue Nov 05 2019 09:07:13 GMT+0100 (CET);1572944833000;0.4;81.77;9.98
1380556889530408;13.4;33.8;Tue Nov 05 2019 10:09:06 GMT+0100 (CET);Tue Nov 05 2019 09:09:06 GMT+0100 (CET);1572944946000;0.4;82.67;10.06
1380556889530408;13.4;33.8;Tue Nov 05 2019 10:11:02 GMT+0100 (CET);Tue Nov 05 2019 09:11:02 GMT+0100 (CET);1572945062000;0.38;77.51;10.16
1380556889530408;13.4;33.6;Tue Nov 05 2019 10:12:56 GMT+0100 (CET);Tue Nov 05 2019 09:12:56 GMT+0100 (CET);1572945176000;0.4;81.84;10.25
1380556889530408;13.4;33.6;Tue Nov 05 2019 10:14:49 GMT+0100 (CET);Tue Nov 05 2019 09:14:49 GMT+0100 (CET);1572945289000;0.5;97.82;10.32
1380556889530408;13.4;34.1;Tue Nov 05 2019 10:16:42 GMT+0100 (CET);Tue Nov 05 2019 09:16:42 GMT+0100 (CET);1572945402000;0.56;112.94;10.32
1380556889530408;14.4;34.4;Tue Nov 05 2019 10:18:35 GMT+0100 (CET);Tue Nov 05 2019 09:18:35 GMT+0100 (CET);1572945515000;0.52;104.24;10.36
1380556889530408;14.4;34.3;Tue Nov 05 2019 10:20:28 GMT+0100 (CET);Tue Nov 05 2019 09:20:28 GMT+0100 (CET);1572945628000;0.38;80.95;10.43
1380556889530408;14.4;33.9;Tue Nov 05 2019 10:22:24 GMT+0100 (CET);Tue Nov 05 2019 09:22:24 GMT+0100 (CET);1572945744000;0.43;89.24;10.49
1380556889530408;14.4;34.7;Tue Nov 05 2019 10:24:16 GMT+0100 (CET);Tue Nov 05 2019 09:24:16 GMT+0100 (CET);1572945856000;0.63;136.07;10.6
1380556889530408;14.4;36.2;Tue Nov 05 2019 10:26:09 GMT+0100 (CET);Tue Nov 05 2019 09:26:09 GMT+0100 (CET);1572945969000;0.86;184.76;10.69
1380556889530408;14.4;36;Tue Nov 05 2019 10:28:06 GMT+0100 (CET);Tue Nov 05 2019 09:28:06 GMT+0100 (CET);1572946086000;0.91;213.32;10.83
1380556889530408;14.4;36.3;Tue Nov 05 2019 10:30:13 GMT+0100 (CET);Tue Nov 05 2019 09:30:13 GMT+0100 (CET);1572946213000;0.62;127.62;10.99
1380556889530408;14.4;35.2;Tue Nov 05 2019 10:32:06 GMT+0100 (CET);Tue Nov 05 2019 09:32:06 GMT+0100 (CET);1572946326000;0.52;118.87;11
1380556889530408;17;34.2;Tue Nov 05 2019 10:34:01 GMT+0100 (CET);Tue Nov 05 2019 09:34:01 GMT+0100 (CET);1572946441000;0.36;76.13;10.95
1380556889530408;17;33.5;Tue Nov 05 2019 10:35:54 GMT+0100 (CET);Tue Nov 05 2019 09:35:54 GMT+0100 (CET);1572946554000;0.31;61.99;10.84
1380556889530408;14.4;33.2;Tue Nov 05 2019 10:38:19 GMT+0100 (CET);Tue Nov 05 2019 09:38:19 GMT+0100 (CET);1572946699000;0.23;50.06;10.75
1380556889530408;14.4;33;Tue Nov 05 2019 10:40:13 GMT+0100 (CET);Tue Nov 05 2019 09:40:13 GMT+0100 (CET);1572946813000;0.24;50.55;10.68
1380556889530408;14.4;32.8;Tue Nov 05 2019 10:42:06 GMT+0100 (CET);Tue Nov 05 2019 09:42:06 GMT+0100 (CET);1572946926000;0.29;59.11;10.53
1380556889530408;14.4;33;Tue Nov 05 2019 10:43:59 GMT+0100 (CET);Tue Nov 05 2019 09:43:59 GMT+0100 (CET);1572947039000;0.36;80.11;10.32
1380556889530408;14.4;33.7;Tue Nov 05 2019 10:45:53 GMT+0100 (CET);Tue Nov 05 2019 09:45:53 GMT+0100 (CET);1572947153000;0.6;127.77;10.25
1380556889530408;14.4;35.3;Tue Nov 05 2019 10:47:47 GMT+0100 (CET);Tue Nov 05 2019 09:47:47 GMT+0100 (CET);1572947267000;0.68;143.84;10.28
1380556889530408;14.4;35.8;Tue Nov 05 2019 10:49:44 GMT+0100 (CET);Tue Nov 05 2019 09:49:44 GMT+0100 (CET);1572947384000;0.8;165.12;10.5
1380556889530408;14.4;35.5;Tue Nov 05 2019 10:51:38 GMT+0100 (CET);Tue Nov 05 2019 09:51:38 GMT+0100 (CET);1572947498000;0.67;143.02;10.67
1380556889530408;14.4;34.9;Tue Nov 05 2019 10:53:36 GMT+0100 (CET);Tue Nov 05 2019 09:53:36 GMT+0100 (CET);1572947616000;0.59;126.01;10.79
1380556889530408;14.4;35.2;Tue Nov 05 2019 10:55:29 GMT+0100 (CET);Tue Nov 05 2019 09:55:29 GMT+0100 (CET);1572947729000;0.68;143.58;10.89
1380556889530408;14.4;35.3;Tue Nov 05 2019 10:57:25 GMT+0100 (CET);Tue Nov 05 2019 09:57:25 GMT+0100 (CET);1572947845000;0.75;159.55;11.03
1380556889530408;14.4;35.4;Tue Nov 05 2019 10:59:18 GMT+0100 (CET);Tue Nov 05 2019 09:59:18 GMT+0100 (CET);1572947958000;0.78;169.05;11.14
1380556889530408;17;35.6;Tue Nov 05 2019 11:01:11 GMT+0100 (CET);Tue Nov 05 2019 10:01:11 GMT+0100 (CET);1572948071000;0.89;188.6;11.32
1380556889530408;17;35.4;Tue Nov 05 2019 11:03:08 GMT+0100 (CET);Tue Nov 05 2019 10:03:08 GMT+0100 (CET);1572948188000;0.87;184.61;11.48
1380556889530408;17;35.6;Tue Nov 05 2019 11:05:09 GMT+0100 (CET);Tue Nov 05 2019 10:05:09 GMT+0100 (CET);1572948309000;1.07;218.68;11.72
1380556889530408;17;35.4;Tue Nov 05 2019 11:07:01 GMT+0100 (CET);Tue Nov 05 2019 10:07:01 GMT+0100 (CET);1572948421000;0.88;185.26;11.96
1380556889530408;17;35.2;Tue Nov 05 2019 11:09:14 GMT+0100 (CET);Tue Nov 05 2019 10:09:14 GMT+0100 (CET);1572948554000;0.79;167.77;12.13
1380556889530408;17.5;35.2;Tue Nov 05 2019 11:11:07 GMT+0100 (CET);Tue Nov 05 2019 10:11:07 GMT+0100 (CET);1572948667000;0.84;179.26;12.17
1380556889530408;17.5;35.3;Tue Nov 05 2019 11:13:02 GMT+0100 (CET);Tue Nov 05 2019 10:13:02 GMT+0100 (CET);1572948782000;0.94;199.4;12.33
1380556889530408;17.5;35.3;Tue Nov 05 2019 11:14:54 GMT+0100 (CET);Tue Nov 05 2019 10:14:54 GMT+0100 (CET);1572948894000;0.97;212.19;12.46
1380556889530408;19;35.2;Tue Nov 05 2019 11:16:48 GMT+0100 (CET);Tue Nov 05 2019 10:16:48 GMT+0100 (CET);1572949008000;0.93;197.51;12.58
1380556889530408;19;35.1;Tue Nov 05 2019 11:18:40 GMT+0100 (CET);Tue Nov 05 2019 10:18:40 GMT+0100 (CET);1572949120000;0.79;164.39;12.56
1380556889530408;19;34.7;Tue Nov 05 2019 11:20:37 GMT+0100 (CET);Tue Nov 05 2019 10:20:37 GMT+0100 (CET);1572949237000;0.66;134.9;12.48
1380556889530408;19;34.2;Tue Nov 05 2019 11:22:30 GMT+0100 (CET);Tue Nov 05 2019 10:22:30 GMT+0100 (CET);1572949350000;0.55;114.33;12.37
1380556889530408;19;34;Tue Nov 05 2019 11:24:36 GMT+0100 (CET);Tue Nov 05 2019 10:24:36 GMT+0100 (CET);1572949476000;0.48;95.72;12.09
1380556889530408;17.5;33.9;Tue Nov 05 2019 11:26:29 GMT+0100 (CET);Tue Nov 05 2019 10:26:29 GMT+0100 (CET);1572949589000;0.46;88.21;11.76
1380556889530408;17.5;33.9;Tue Nov 05 2019 11:28:22 GMT+0100 (CET);Tue Nov 05 2019 10:28:22 GMT+0100 (CET);1572949702000;0.52;101.61;11.24
1380556889530408;17;34.6;Tue Nov 05 2019 11:30:16 GMT+0100 (CET);Tue Nov 05 2019 10:30:16 GMT+0100 (CET);1572949816000;0.65;135.07;10.75
1380556889530408;17;35.5;Tue Nov 05 2019 11:32:09 GMT+0100 (CET);Tue Nov 05 2019 10:32:09 GMT+0100 (CET);1572949929000;0.77;160.25;10.55
1380556889530408;17;35.6;Tue Nov 05 2019 11:34:02 GMT+0100 (CET);Tue Nov 05 2019 10:34:02 GMT+0100 (CET);1572950042000;0.82;170.99;10.32
1380556889530408;17;35.6;Tue Nov 05 2019 11:35:56 GMT+0100 (CET);Tue Nov 05 2019 10:35:56 GMT+0100 (CET);1572950156000;0.77;164.23;10.3
1380556889530408;17;35.6;Tue Nov 05 2019 11:37:48 GMT+0100 (CET);Tue Nov 05 2019 10:37:48 GMT+0100 (CET);1572950268000;0.8;170.93;10.36
1380556889530408;17;35.7;Tue Nov 05 2019 11:40:06 GMT+0100 (CET);Tue Nov 05 2019 10:40:06 GMT+0100 (CET);1572950406000;0.82;173.87;10.52
1380556889530408;17;35.7;Tue Nov 05 2019 11:41:59 GMT+0100 (CET);Tue Nov 05 2019 10:41:59 GMT+0100 (CET);1572950519000;0.86;182.91;10.61
1380556889530408;17;35.6;Tue Nov 05 2019 11:43:51 GMT+0100 (CET);Tue Nov 05 2019 10:43:51 GMT+0100 (CET);1572950631000;0.77;162.18;10.73
1380556889530408;17;35.6;Tue Nov 05 2019 11:45:44 GMT+0100 (CET);Tue Nov 05 2019 10:45:44 GMT+0100 (CET);1572950744000;0.84;179.29;10.85
1380556889530408;17;35.8;Tue Nov 05 2019 11:48:04 GMT+0100 (CET);Tue Nov 05 2019 10:48:04 GMT+0100 (CET);1572950884000;1.13;240.14;11.1
1380556889530408;17;36;Tue Nov 05 2019 11:49:57 GMT+0100 (CET);Tue Nov 05 2019 10:49:57 GMT+0100 (CET);1572950997000;1.17;249.22;11.34
1380556889530408;17;35.9;Tue Nov 05 2019 11:51:50 GMT+0100 (CET);Tue Nov 05 2019 10:51:50 GMT+0100 (CET);1572951110000;1.08;230.7;11.52
1380556889530408;17.5;35.7;Tue Nov 05 2019 11:53:43 GMT+0100 (CET);Tue Nov 05 2019 10:53:43 GMT+0100 (CET);1572951223000;1.01;217.98;11.65
1380556889530408;17.5;35.5;Tue Nov 05 2019 11:55:41 GMT+0100 (CET);Tue Nov 05 2019 10:55:41 GMT+0100 (CET);1572951341000;0.9;192.06;11.8
1380556889530408;19;35.4;Tue Nov 05 2019 11:57:33 GMT+0100 (CET);Tue Nov 05 2019 10:57:33 GMT+0100 (CET);1572951453000;0.91;197.88;11.92
1380556889530408;19;35.4;Tue Nov 05 2019 11:59:26 GMT+0100 (CET);Tue Nov 05 2019 10:59:26 GMT+0100 (CET);1572951566000;0.82;179.85;12.01
1380556889530408;19;35.9;Tue Nov 05 2019 12:01:28 GMT+0100 (CET);Tue Nov 05 2019 11:01:28 GMT+0100 (CET);1572951688000;1.13;246.56;12.11
1380556889530408;19;35.6;Tue Nov 05 2019 12:03:35 GMT+0100 (CET);Tue Nov 05 2019 11:03:35 GMT+0100 (CET);1572951815000;0.98;208.6;12.26
1380556889530408;19;35.4;Tue Nov 05 2019 12:05:36 GMT+0100 (CET);Tue Nov 05 2019 11:05:36 GMT+0100 (CET);1572951936000;1.03;212.38;12.37
1380556889530408;19;35.3;Tue Nov 05 2019 12:07:29 GMT+0100 (CET);Tue Nov 05 2019 11:07:29 GMT+0100 (CET);1572952049000;0.88;204.54;12.46
1380556889530408;19;35.5;Tue Nov 05 2019 12:09:21 GMT+0100 (CET);Tue Nov 05 2019 11:09:21 GMT+0100 (CET);1572952161000;0.98;216.76;12.49
1380556889530408;19.5;35.5;Tue Nov 05 2019 12:11:17 GMT+0100 (CET);Tue Nov 05 2019 11:11:17 GMT+0100 (CET);1572952277000;1.02;222.78;12.58
1380556889530408;19.5;35.8;Tue Nov 05 2019 12:13:10 GMT+0100 (CET);Tue Nov 05 2019 11:13:10 GMT+0100 (CET);1572952390000;1.21;257.11;12.63
1380556889530408;19.5;36;Tue Nov 05 2019 12:15:03 GMT+0100 (CET);Tue Nov 05 2019 11:15:03 GMT+0100 (CET);1572952503000;1.26;299.84;12.71
1380556889530408;21;36;Tue Nov 05 2019 12:16:57 GMT+0100 (CET);Tue Nov 05 2019 11:16:57 GMT+0100 (CET);1572952617000;1.56;366.07;12.8
1380556889530408;21;35.6;Tue Nov 05 2019 12:18:54 GMT+0100 (CET);Tue Nov 05 2019 11:18:54 GMT+0100 (CET);1572952734000;1.1;234.93;12.9
1380556889530408;21;35.5;Tue Nov 05 2019 12:20:50 GMT+0100 (CET);Tue Nov 05 2019 11:20:50 GMT+0100 (CET);1572952850000;1.25;292.02;12.95
1380556889530408;21;35.7;Tue Nov 05 2019 12:22:51 GMT+0100 (CET);Tue Nov 05 2019 11:22:51 GMT+0100 (CET);1572952971000;1.14;244.31;13.03
1380556889530408;21;36;Tue Nov 05 2019 12:24:44 GMT+0100 (CET);Tue Nov 05 2019 11:24:44 GMT+0100 (CET);1572953084000;1.5;337.91;13.23
1380556889530408;21;35.9;Tue Nov 05 2019 12:26:43 GMT+0100 (CET);Tue Nov 05 2019 11:26:43 GMT+0100 (CET);1572953203000;1.57;355.83;13.5
1380556889530408;21;36.3;Tue Nov 05 2019 12:28:37 GMT+0100 (CET);Tue Nov 05 2019 11:28:37 GMT+0100 (CET);1572953317000;2.4;565.75;13.99
1380556889530408;21.5;36;Tue Nov 05 2019 12:30:30 GMT+0100 (CET);Tue Nov 05 2019 11:30:30 GMT+0100 (CET);1572953430000;3.62;823.3;14.78
1380556889530408;21.5;35;Tue Nov 05 2019 12:32:24 GMT+0100 (CET);Tue Nov 05 2019 11:32:24 GMT+0100 (CET);1572953544000;3.6;812.71;15.78
1380556889530408;21.5;33.2;Tue Nov 05 2019 12:34:36 GMT+0100 (CET);Tue Nov 05 2019 11:34:36 GMT+0100 (CET);1572953676000;0.75;158.55;15.87
1380556889530408;23;33.6;Tue Nov 05 2019 12:36:29 GMT+0100 (CET);Tue Nov 05 2019 11:36:29 GMT+0100 (CET);1572953789000;0.58;129.33;15.38
1380556889530408;23;33.7;Tue Nov 05 2019 12:38:22 GMT+0100 (CET);Tue Nov 05 2019 11:38:22 GMT+0100 (CET);1572953902000;0.52;117.92;14.78
1380556889530408;23.5;34;Tue Nov 05 2019 12:40:17 GMT+0100 (CET);Tue Nov 05 2019 11:40:17 GMT+0100 (CET);1572954017000;0.58;129.03;14.31
1380556889530408;23.5;34.6;Tue Nov 05 2019 12:42:16 GMT+0100 (CET);Tue Nov 05 2019 11:42:16 GMT+0100 (CET);1572954136000;0.68;153.89;13.76
1380556889530408;23.5;35.3;Tue Nov 05 2019 12:44:10 GMT+0100 (CET);Tue Nov 05 2019 11:44:10 GMT+0100 (CET);1572954250000;0.75;172.34;13.5
1380556889530408;23;35.8;Tue Nov 05 2019 12:46:03 GMT+0100 (CET);Tue Nov 05 2019 11:46:03 GMT+0100 (CET);1572954363000;0.93;214.61;13.32
1380556889530408;23;36.1;Tue Nov 05 2019 12:47:56 GMT+0100 (CET);Tue Nov 05 2019 11:47:56 GMT+0100 (CET);1572954476000;1.11;271.52;13.28
1380556889530408;23;36.5;Tue Nov 05 2019 12:50:08 GMT+0100 (CET);Tue Nov 05 2019 11:50:08 GMT+0100 (CET);1572954608000;1.1;270.92;13.37
1380556889530408;23;37.1;Tue Nov 05 2019 12:52:06 GMT+0100 (CET);Tue Nov 05 2019 11:52:06 GMT+0100 (CET);1572954726000;2.98;629.75;13.69
1380556889530408;23;36.2;Tue Nov 05 2019 12:53:59 GMT+0100 (CET);Tue Nov 05 2019 11:53:59 GMT+0100 (CET);1572954839000;3.28;770.49;14.41
1380556889530408;23;35.8;Tue Nov 05 2019 12:55:51 GMT+0100 (CET);Tue Nov 05 2019 11:55:51 GMT+0100 (CET);1572954951000;1.47;343.03;14.89
1380556889530408;23;35.5;Tue Nov 05 2019 12:57:45 GMT+0100 (CET);Tue Nov 05 2019 11:57:45 GMT+0100 (CET);1572955065000;1.44;335.35;15.08
1380556889530408;23.5;35.9;Tue Nov 05 2019 12:59:38 GMT+0100 (CET);Tue Nov 05 2019 11:59:38 GMT+0100 (CET);1572955178000;1.4;330.23;15.17
1380556889530408;23.5;35.8;Tue Nov 05 2019 13:01:31 GMT+0100 (CET);Tue Nov 05 2019 12:01:31 GMT+0100 (CET);1572955291000;1.87;363.51;15.38
1380556889530408;25;35.6;Tue Nov 05 2019 13:03:25 GMT+0100 (CET);Tue Nov 05 2019 12:03:25 GMT+0100 (CET);1572955405000;1.75;619.51;15.53
1380556889530408;25;35.9;Tue Nov 05 2019 13:06:00 GMT+0100 (CET);Tue Nov 05 2019 12:06:00 GMT+0100 (CET);1572955560000;1.83;427.51;15.95
1380556889530408;25;35.8;Tue Nov 05 2019 13:07:54 GMT+0100 (CET);Tue Nov 05 2019 12:07:54 GMT+0100 (CET);1572955674000;1.54;368.63;16.06
1380556889530408;25;35.5;Tue Nov 05 2019 13:09:47 GMT+0100 (CET);Tue Nov 05 2019 12:09:47 GMT+0100 (CET);1572955787000;2.24;511.99;16.21
1380556889530408;25;35.3;Tue Nov 05 2019 13:11:41 GMT+0100 (CET);Tue Nov 05 2019 12:11:41 GMT+0100 (CET);1572955901000;3.22;750.78;16.88
1380556889530408;25;35;Tue Nov 05 2019 13:13:33 GMT+0100 (CET);Tue Nov 05 2019 12:13:33 GMT+0100 (CET);1572956013000;2.26;445.43;17.39
1380556889530408;25;35;Tue Nov 05 2019 13:15:26 GMT+0100 (CET);Tue Nov 05 2019 12:15:26 GMT+0100 (CET);1572956126000;3.27;759.24;17.81
1380556889530408;27;34.5;Tue Nov 05 2019 13:17:19 GMT+0100 (CET);Tue Nov 05 2019 12:17:19 GMT+0100 (CET);1572956239000;3.32;586.23;18.14
1380556889530408;27;34.5;Tue Nov 05 2019 13:19:28 GMT+0100 (CET);Tue Nov 05 2019 12:19:28 GMT+0100 (CET);1572956368000;1.19;256.75;18.14
1380556889530408;27;34.3;Tue Nov 05 2019 13:21:24 GMT+0100 (CET);Tue Nov 05 2019 12:21:24 GMT+0100 (CET);1572956484000;1.27;258.98;17.32
1380556889530408;27.5;34.6;Tue Nov 05 2019 13:23:05 GMT+0100 (CET);Tue Nov 05 2019 12:23:05 GMT+0100 (CET);1572956585000;1.19;260.33;16.34
1380556889530408;27.5;34.9;Tue Nov 05 2019 13:24:58 GMT+0100 (CET);Tue Nov 05 2019 12:24:58 GMT+0100 (CET);1572956698000;1.07;236.73;15.63
1380556889530408;27;35.1;Tue Nov 05 2019 13:26:53 GMT+0100 (CET);Tue Nov 05 2019 12:26:53 GMT+0100 (CET);1572956813000;1.08;247.94;15.2
1380556889530408;27;35.4;Tue Nov 05 2019 13:28:49 GMT+0100 (CET);Tue Nov 05 2019 12:28:49 GMT+0100 (CET);1572956929000;1.01;229.65;14.64
1380556889530408;27;35.4;Tue Nov 05 2019 13:30:41 GMT+0100 (CET);Tue Nov 05 2019 12:30:41 GMT+0100 (CET);1572957041000;0.98;222.37;14.31
1380556889530408;25.5;35.4;Tue Nov 05 2019 13:32:34 GMT+0100 (CET);Tue Nov 05 2019 12:32:34 GMT+0100 (CET);1572957154000;0.96;216.88;14.12
1380556889530408;25.5;35.6;Tue Nov 05 2019 13:34:34 GMT+0100 (CET);Tue Nov 05 2019 12:34:34 GMT+0100 (CET);1572957274000;1.31;276.02;14
1380556889530408;25;35.7;Tue Nov 05 2019 13:36:40 GMT+0100 (CET);Tue Nov 05 2019 12:36:40 GMT+0100 (CET);1572957400000;1.34;627.19;13.96
1380556889530408;25;36.5;Tue Nov 05 2019 13:38:23 GMT+0100 (CET);Tue Nov 05 2019 12:38:23 GMT+0100 (CET);1572957503000;3.09;627.19;14.56
1380556889530408;25;34.9;Tue Nov 05 2019 13:40:17 GMT+0100 (CET);Tue Nov 05 2019 12:40:17 GMT+0100 (CET);1572957617000;2.44;430.07;15.07
1380556889530408;25;34.5;Tue Nov 05 2019 13:42:00 GMT+0100 (CET);Tue Nov 05 2019 12:42:00 GMT+0100 (CET);1572957720000;0.93;197.66;15.01
1380556889530408;25;34.3;Tue Nov 05 2019 13:43:53 GMT+0100 (CET);Tue Nov 05 2019 12:43:53 GMT+0100 (CET);1572957833000;0.73;157.84;14.7
1380556889530408;25;34.3;Tue Nov 05 2019 13:45:46 GMT+0100 (CET);Tue Nov 05 2019 12:45:46 GMT+0100 (CET);1572957946000;0.59;129.32;14.47
1380556889530408;25;34.2;Tue Nov 05 2019 13:47:44 GMT+0100 (CET);Tue Nov 05 2019 12:47:44 GMT+0100 (CET);1572958064000;0.5;110.7;14
1380556889530408;25;34.2;Tue Nov 05 2019 13:49:38 GMT+0100 (CET);Tue Nov 05 2019 12:49:38 GMT+0100 (CET);1572958178000;0.44;94.06;13.53
1380556889530408;23;34.3;Tue Nov 05 2019 13:51:35 GMT+0100 (CET);Tue Nov 05 2019 12:51:35 GMT+0100 (CET);1572958295000;0.39;84.92;13.29
1380556889530408;23;34.3;Tue Nov 05 2019 13:53:27 GMT+0100 (CET);Tue Nov 05 2019 12:53:27 GMT+0100 (CET);1572958407000;0.35;76.48;12.95
1380556889530408;21.5;34.2;Tue Nov 05 2019 13:55:23 GMT+0100 (CET);Tue Nov 05 2019 12:55:23 GMT+0100 (CET);1572958523000;0.36;77.74;12.68
1380556889530408;21.5;34;Tue Nov 05 2019 13:57:17 GMT+0100 (CET);Tue Nov 05 2019 12:57:17 GMT+0100 (CET);1572958637000;0.38;79.7;12.4
1380556889530408;21.5;34;Tue Nov 05 2019 13:59:11 GMT+0100 (CET);Tue Nov 05 2019 12:59:11 GMT+0100 (CET);1572958751000;0.42;85.12;12.15
1380556889530408;19.5;34;Tue Nov 05 2019 14:01:04 GMT+0100 (CET);Tue Nov 05 2019 13:01:04 GMT+0100 (CET);1572958864000;0.41;81.54;11.79
1380556889530408;19.5;33.9;Tue Nov 05 2019 14:02:59 GMT+0100 (CET);Tue Nov 05 2019 13:02:59 GMT+0100 (CET);1572958979000;0.37;75.5;11.49
1380556889530408;19.5;33.9;Tue Nov 05 2019 14:04:53 GMT+0100 (CET);Tue Nov 05 2019 13:04:53 GMT+0100 (CET);1572959093000;0.35;71.27;11.33
1380556889530408;19.5;33.6;Tue Nov 05 2019 14:06:46 GMT+0100 (CET);Tue Nov 05 2019 13:06:46 GMT+0100 (CET);1572959206000;0.33;68.57;11.27
1380556889530408;19.5;33.8;Tue Nov 05 2019 14:08:58 GMT+0100 (CET);Tue Nov 05 2019 13:08:58 GMT+0100 (CET);1572959338000;0.39;82.83;11.28
1380556889530408;17.5;34.6;Tue Nov 05 2019 14:10:51 GMT+0100 (CET);Tue Nov 05 2019 13:10:51 GMT+0100 (CET);1572959451000;0.55;116.34;11.35
1380556889530408;17.5;35.3;Tue Nov 05 2019 14:12:44 GMT+0100 (CET);Tue Nov 05 2019 13:12:44 GMT+0100 (CET);1572959564000;0.68;144.7;11.38
1380556889530408;17.5;35.7;Tue Nov 05 2019 14:14:37 GMT+0100 (CET);Tue Nov 05 2019 13:14:37 GMT+0100 (CET);1572959677000;0.91;206.52;11.35
1380556889530408;17.5;36.1;Tue Nov 05 2019 14:16:30 GMT+0100 (CET);Tue Nov 05 2019 13:16:30 GMT+0100 (CET);1572959790000;0.93;205.1;11.48
1380556889530408;17.5;35.7;Tue Nov 05 2019 14:18:28 GMT+0100 (CET);Tue Nov 05 2019 13:18:28 GMT+0100 (CET);1572959908000;0.78;167.64;11.71
1380556889530408;17.5;35.6;Tue Nov 05 2019 14:20:21 GMT+0100 (CET);Tue Nov 05 2019 13:20:21 GMT+0100 (CET);1572960021000;0.69;151.81;11.92
1380556889530408;17.5;35.6;Tue Nov 05 2019 14:22:14 GMT+0100 (CET);Tue Nov 05 2019 13:22:14 GMT+0100 (CET);1572960134000;1.69;432.63;12.07
1380556889530408;19;36.2;Tue Nov 05 2019 14:24:07 GMT+0100 (CET);Tue Nov 05 2019 13:24:07 GMT+0100 (CET);1572960247000;1.16;307.51;12.59
1380556889530408;19;36.3;Tue Nov 05 2019 14:26:00 GMT+0100 (CET);Tue Nov 05 2019 13:26:00 GMT+0100 (CET);1572960360000;1.27;316.17;13.17
1380556889530408;19;36.3;Tue Nov 05 2019 14:27:54 GMT+0100 (CET);Tue Nov 05 2019 13:27:54 GMT+0100 (CET);1572960474000;1.92;422.39;13.85
1380556889530408;19;36;Tue Nov 05 2019 14:29:47 GMT+0100 (CET);Tue Nov 05 2019 13:29:47 GMT+0100 (CET);1572960587000;1.73;366.07;14.59
1380556889530408;19;35.7;Tue Nov 05 2019 14:31:39 GMT+0100 (CET);Tue Nov 05 2019 13:31:39 GMT+0100 (CET);1572960699000;2.08;488.95;15.18
1380556889530408;21;35.7;Tue Nov 05 2019 14:33:32 GMT+0100 (CET);Tue Nov 05 2019 13:33:32 GMT+0100 (CET);1572960812000;1.62;350.71;15.8
1380556889530408;21;35.8;Tue Nov 05 2019 14:35:25 GMT+0100 (CET);Tue Nov 05 2019 13:35:25 GMT+0100 (CET);1572960925000;1.4;326.44;16.07
1380556889530408;21;35.7;Tue Nov 05 2019 14:37:18 GMT+0100 (CET);Tue Nov 05 2019 13:37:18 GMT+0100 (CET);1572961038000;1.37;327.5;16.29
1380556889530408;21;35.8;Tue Nov 05 2019 14:39:19 GMT+0100 (CET);Tue Nov 05 2019 13:39:19 GMT+0100 (CET);1572961159000;1.19;267.98;16.48
1380556889530408;21;35.5;Tue Nov 05 2019 14:41:11 GMT+0100 (CET);Tue Nov 05 2019 13:41:11 GMT+0100 (CET);1572961271000;0.93;211.57;16.39
1380556889530408;21.5;35.1;Tue Nov 05 2019 14:43:05 GMT+0100 (CET);Tue Nov 05 2019 13:43:05 GMT+0100 (CET);1572961385000;0.95;216.44;16.18
1380556889530408;21.5;35.2;Tue Nov 05 2019 14:44:57 GMT+0100 (CET);Tue Nov 05 2019 13:44:57 GMT+0100 (CET);1572961497000;0.88;200.52;16
1380556889530408;21.5;35.5;Tue Nov 05 2019 14:46:50 GMT+0100 (CET);Tue Nov 05 2019 13:46:50 GMT+0100 (CET);1572961610000;0.74;170.9;15.84
1380556889530408;21.5;35.2;Tue Nov 05 2019 14:48:43 GMT+0100 (CET);Tue Nov 05 2019 13:48:43 GMT+0100 (CET);1572961723000;0.63;145.4;15.35
1380556889530408;21.5;35.6;Tue Nov 05 2019 14:50:36 GMT+0100 (CET);Tue Nov 05 2019 13:50:36 GMT+0100 (CET);1572961836000;0.62;144.57;14.89
1380556889530408;21.5;35.6;Tue Nov 05 2019 14:52:30 GMT+0100 (CET);Tue Nov 05 2019 13:52:30 GMT+0100 (CET);1572961950000;0.72;202.44;14.46
1380556889530408;21.5;36.6;Tue Nov 05 2019 14:54:22 GMT+0100 (CET);Tue Nov 05 2019 13:54:22 GMT+0100 (CET);1572962062000;0.62;137.92;14.17
1380556889530408;21.5;35;Tue Nov 05 2019 14:56:15 GMT+0100 (CET);Tue Nov 05 2019 13:56:15 GMT+0100 (CET);1572962175000;0.55;123.71;13.88
1380556889530408;20;34.9;Tue Nov 05 2019 14:58:11 GMT+0100 (CET);Tue Nov 05 2019 13:58:11 GMT+0100 (CET);1572962291000;0.53;117.16;13.57
1380556889530408;20;34.8;Tue Nov 05 2019 15:00:04 GMT+0100 (CET);Tue Nov 05 2019 14:00:04 GMT+0100 (CET);1572962404000;0.48;106.74;13.38
1380556889530408;21;34.7;Tue Nov 05 2019 15:02:03 GMT+0100 (CET);Tue Nov 05 2019 14:02:03 GMT+0100 (CET);1572962523000;0.45;99.33;13.19
1380556889530408;21;34.6;Tue Nov 05 2019 15:03:57 GMT+0100 (CET);Tue Nov 05 2019 14:03:57 GMT+0100 (CET);1572962637000;0.43;95.68;12.9
1380556889530408;21;34.5;Tue Nov 05 2019 15:05:50 GMT+0100 (CET);Tue Nov 05 2019 14:05:50 GMT+0100 (CET);1572962750000;0.41;92.6;12.71
1380556889530408;19;34.6;Tue Nov 05 2019 15:07:43 GMT+0100 (CET);Tue Nov 05 2019 14:07:43 GMT+0100 (CET);1572962863000;0.4;90.2;12.6
1380556889530408;19;36.3;Tue Nov 05 2019 15:09:50 GMT+0100 (CET);Tue Nov 05 2019 14:09:50 GMT+0100 (CET);1572962990000;0.66;183.88;12.46
1380556889530408;19;36.5;Tue Nov 05 2019 15:11:42 GMT+0100 (CET);Tue Nov 05 2019 14:11:42 GMT+0100 (CET);1572963102000;0.89;224.77;12.6
1380556889530408;19;36.3;Tue Nov 05 2019 15:13:36 GMT+0100 (CET);Tue Nov 05 2019 14:13:36 GMT+0100 (CET);1572963216000;0.85;210.07;12.85
1380556889530408;19;36.9;Tue Nov 05 2019 15:15:30 GMT+0100 (CET);Tue Nov 05 2019 14:15:30 GMT+0100 (CET);1572963330000;1.11;291.63;13.11
1380556889530408;19;36.9;Tue Nov 05 2019 15:17:22 GMT+0100 (CET);Tue Nov 05 2019 14:17:22 GMT+0100 (CET);1572963442000;1.17;298.95;13.48
1380556889530408;19;36.2;Tue Nov 05 2019 15:19:36 GMT+0100 (CET);Tue Nov 05 2019 14:19:36 GMT+0100 (CET);1572963576000;1.08;265.02;13.94
1380556889530408;19.5;36;Tue Nov 05 2019 15:21:31 GMT+0100 (CET);Tue Nov 05 2019 14:21:31 GMT+0100 (CET);1572963691000;0.64;146.76;14.02
1380556889530408;19.5;36;Tue Nov 05 2019 15:23:24 GMT+0100 (CET);Tue Nov 05 2019 14:23:24 GMT+0100 (CET);1572963804000;0.48;112.1;13.78
1380556889530408;19;35.6;Tue Nov 05 2019 15:25:23 GMT+0100 (CET);Tue Nov 05 2019 14:25:23 GMT+0100 (CET);1572963923000;0.48;113.45;13.39
1380556889530408;19;36.7;Tue Nov 05 2019 15:27:16 GMT+0100 (CET);Tue Nov 05 2019 14:27:16 GMT+0100 (CET);1572964036000;0.53;149;13.06
1380556889530408;19.5;38.2;Tue Nov 05 2019 15:29:11 GMT+0100 (CET);Tue Nov 05 2019 14:29:11 GMT+0100 (CET);1572964151000;0.83;228.24;13
1380556889530408;19.5;37.5;Tue Nov 05 2019 15:31:04 GMT+0100 (CET);Tue Nov 05 2019 14:31:04 GMT+0100 (CET);1572964264000;0.82;228.05;13.22
1380556889530408;19.5;37.8;Tue Nov 05 2019 15:33:03 GMT+0100 (CET);Tue Nov 05 2019 14:33:03 GMT+0100 (CET);1572964383000;0.86;188.75;13.42
1380556889530408;19.5;34.9;Tue Nov 05 2019 15:34:56 GMT+0100 (CET);Tue Nov 05 2019 14:34:56 GMT+0100 (CET);1572964496000;0.41;87.84;13.41
1380556889530408;19.5;35.1;Tue Nov 05 2019 15:36:48 GMT+0100 (CET);Tue Nov 05 2019 14:36:48 GMT+0100 (CET);1572964608000;0.39;86.59;13.25
1380556889530408;19.5;35.2;Tue Nov 05 2019 15:38:43 GMT+0100 (CET);Tue Nov 05 2019 14:38:43 GMT+0100 (CET);1572964723000;0.4;88.46;13
1380556889530408;19.5;36.6;Tue Nov 05 2019 15:41:01 GMT+0100 (CET);Tue Nov 05 2019 14:41:01 GMT+0100 (CET);1572964861000;0.39;97.4;12.66
1380556889530408;19;38.3;Tue Nov 05 2019 15:42:58 GMT+0100 (CET);Tue Nov 05 2019 14:42:58 GMT+0100 (CET);1572964978000;0.5;191.24;12.51
1380556889530408;19;35.7;Tue Nov 05 2019 15:44:55 GMT+0100 (CET);Tue Nov 05 2019 14:44:55 GMT+0100 (CET);1572965095000;0.35;79.32;12.49
1380556889530408;19;35.7;Tue Nov 05 2019 15:46:48 GMT+0100 (CET);Tue Nov 05 2019 14:46:48 GMT+0100 (CET);1572965208000;0.34;75.61;12.32
1380556889530408;19;38.7;Tue Nov 05 2019 15:48:57 GMT+0100 (CET);Tue Nov 05 2019 14:48:57 GMT+0100 (CET);1572965337000;0.35;71.76;12.12
1380556889530408;19;37.8;Tue Nov 05 2019 15:50:49 GMT+0100 (CET);Tue Nov 05 2019 14:50:49 GMT+0100 (CET);1572965449000;0.33;67.42;11.95
1380556889530408;19;35.6;Tue Nov 05 2019 15:52:42 GMT+0100 (CET);Tue Nov 05 2019 14:52:42 GMT+0100 (CET);1572965562000;0.31;65.65;11.81
1380556889530408;19;37;Tue Nov 05 2019 15:54:43 GMT+0100 (CET);Tue Nov 05 2019 14:54:43 GMT+0100 (CET);1572965683000;0.28;62.84;11.65
1380556889530408;19;38.2;Tue Nov 05 2019 15:56:36 GMT+0100 (CET);Tue Nov 05 2019 14:56:36 GMT+0100 (CET);1572965796000;0.28;61.32;11.47
1380556889530408;19;38.8;Tue Nov 05 2019 15:58:29 GMT+0100 (CET);Tue Nov 05 2019 14:58:29 GMT+0100 (CET);1572965909000;0.25;59.26;11.33
1380556889530408;19;39.1;Tue Nov 05 2019 16:00:25 GMT+0100 (CET);Tue Nov 05 2019 15:00:25 GMT+0100 (CET);1572966025000;0.24;57.38;11.25
1380556889530408;19;35.4;Tue Nov 05 2019 16:02:19 GMT+0100 (CET);Tue Nov 05 2019 15:02:19 GMT+0100 (CET);1572966139000;0.23;53.92;11.14
1380556889530408;19;34.9;Tue Nov 05 2019 16:04:22 GMT+0100 (CET);Tue Nov 05 2019 15:04:22 GMT+0100 (CET);1572966262000;0.21;52.61;11.03
1380556889530408;19;34.8;Tue Nov 05 2019 16:06:15 GMT+0100 (CET);Tue Nov 05 2019 15:06:15 GMT+0100 (CET);1572966375000;0.21;50.29;10.96
1380556889530408;17;34.7;Tue Nov 05 2019 16:08:11 GMT+0100 (CET);Tue Nov 05 2019 15:08:11 GMT+0100 (CET);1572966491000;0.2;46.76;10.86
1380556889530408;17;34.5;Tue Nov 05 2019 16:10:04 GMT+0100 (CET);Tue Nov 05 2019 15:10:04 GMT+0100 (CET);1572966604000;0.19;45;10.8
1380556889530408;14.4;34.2;Tue Nov 05 2019 16:11:56 GMT+0100 (CET);Tue Nov 05 2019 15:11:56 GMT+0100 (CET);1572966716000;0.18;41.15;10.73
1380556889530408;14.4;33.9;Tue Nov 05 2019 16:13:50 GMT+0100 (CET);Tue Nov 05 2019 15:13:50 GMT+0100 (CET);1572966830000;0.17;38.68;10.64
1380556889530408;14.4;33.7;Tue Nov 05 2019 16:15:43 GMT+0100 (CET);Tue Nov 05 2019 15:15:43 GMT+0100 (CET);1572966943000;0.16;36.25;10.57
1380556889530408;14.4;33.4;Tue Nov 05 2019 16:17:36 GMT+0100 (CET);Tue Nov 05 2019 15:17:36 GMT+0100 (CET);1572967056000;0.15;33.62;10.5
1380556889530408;14.4;33.1;Tue Nov 05 2019 16:19:43 GMT+0100 (CET);Tue Nov 05 2019 15:19:43 GMT+0100 (CET);1572967183000;0.14;30.51;10.39
1380556889530408;13.4;32.9;Tue Nov 05 2019 16:21:39 GMT+0100 (CET);Tue Nov 05 2019 15:21:39 GMT+0100 (CET);1572967299000;0.12;26.7;10.31
1380556889530408;13.4;32.7;Tue Nov 05 2019 16:23:33 GMT+0100 (CET);Tue Nov 05 2019 15:23:33 GMT+0100 (CET);1572967413000;0.11;23.64;10.23
1380556889530408;13.4;32.3;Tue Nov 05 2019 16:25:26 GMT+0100 (CET);Tue Nov 05 2019 15:25:26 GMT+0100 (CET);1572967526000;0.09;20.33;10.14
1380556889530408;13.4;32;Tue Nov 05 2019 16:27:19 GMT+0100 (CET);Tue Nov 05 2019 15:27:19 GMT+0100 (CET);1572967639000;0.08;17.7;10.04
1380556889530408;13.4;31.5;Tue Nov 05 2019 16:29:13 GMT+0100 (CET);Tue Nov 05 2019 15:29:13 GMT+0100 (CET);1572967753000;0.07;15.53;10
1380556889530408;12.9;31.2;Tue Nov 05 2019 16:31:06 GMT+0100 (CET);Tue Nov 05 2019 15:31:06 GMT+0100 (CET);1572967866000;0.06;12.6;9.92
1380556889530408;12.9;30.5;Tue Nov 05 2019 16:32:58 GMT+0100 (CET);Tue Nov 05 2019 15:32:58 GMT+0100 (CET);1572967978000;0;10.54;9.85
1380556889530408;12.9;29.8;Tue Nov 05 2019 16:34:52 GMT+0100 (CET);Tue Nov 05 2019 15:34:52 GMT+0100 (CET);1572968092000;0;9.03;9.75
1380556889530408;10.9;29.2;Tue Nov 05 2019 16:36:46 GMT+0100 (CET);Tue Nov 05 2019 15:36:46 GMT+0100 (CET);1572968206000;0;7.92;9.68
1380556889530408;10.9;28.6;Tue Nov 05 2019 16:38:41 GMT+0100 (CET);Tue Nov 05 2019 15:38:41 GMT+0100 (CET);1572968321000;0;6.71;9.59
1380556889530408;9.9;28.2;Tue Nov 05 2019 16:40:36 GMT+0100 (CET);Tue Nov 05 2019 15:40:36 GMT+0100 (CET);1572968436000;0;5.49;9.49
1380556889530408;9.9;27.7;Tue Nov 05 2019 16:42:35 GMT+0100 (CET);Tue Nov 05 2019 15:42:35 GMT+0100 (CET);1572968555000;0;4.09;9.39
1380556889530408;10.9;33.3;Tue Nov 05 2019 16:44:28 GMT+0100 (CET);Tue Nov 05 2019 15:44:28 GMT+0100 (CET);1572968668000;0;2.91;9.26
1380556889530408;10.9;32.3;Tue Nov 05 2019 16:46:20 GMT+0100 (CET);Tue Nov 05 2019 15:46:20 GMT+0100 (CET);1572968780000;0;2.06;9.13
1380556889530408;10.9;30.9;Tue Nov 05 2019 16:48:15 GMT+0100 (CET);Tue Nov 05 2019 15:48:15 GMT+0100 (CET);1572968895000;0;1.31;8.96
1380556889530408;9.4;28.8;Tue Nov 05 2019 16:50:20 GMT+0100 (CET);Tue Nov 05 2019 15:50:20 GMT+0100 (CET);1572969020000;0;0.86;8.77
1380556889530408;9.4;28.8;Tue Nov 05 2019 16:52:13 GMT+0100 (CET);Tue Nov 05 2019 15:52:13 GMT+0100 (CET);1572969133000;0;0.09;8.62
1380556889530408;9.4;28.8;Tue Nov 05 2019 16:54:05 GMT+0100 (CET);Tue Nov 05 2019 15:54:05 GMT+0100 (CET);1572969245000;0;-0.01;8.47
1380556889530408;1.3;33.5;Wed Nov 06 2019 07:13:36 GMT+0100 (CET);Wed Nov 06 2019 06:13:36 GMT+0100 (CET);1573020816000;0;7.11;5.27
1380556889530408;1.3;34.6;Wed Nov 06 2019 07:15:34 GMT+0100 (CET);Wed Nov 06 2019 06:15:34 GMT+0100 (CET);1573020934000;0;9.4;5.35
1380556889530408;1.3;35.4;Wed Nov 06 2019 07:17:27 GMT+0100 (CET);Wed Nov 06 2019 06:17:27 GMT+0100 (CET);1573021047000;0;11.26;5.49
1380556889530408;1.3;26.2;Wed Nov 06 2019 07:19:20 GMT+0100 (CET);Wed Nov 06 2019 06:19:20 GMT+0100 (CET);1573021160000;0;11.82;5.57
1380556889530408;1.3;25.9;Wed Nov 06 2019 07:21:16 GMT+0100 (CET);Wed Nov 06 2019 06:21:16 GMT+0100 (CET);1573021276000;0;12.59;5.66
1380556889530408;3.4;26.5;Wed Nov 06 2019 07:23:31 GMT+0100 (CET);Wed Nov 06 2019 06:23:31 GMT+0100 (CET);1573021411000;0;13.13;5.76
1380556889530408;3.4;26.8;Wed Nov 06 2019 07:25:26 GMT+0100 (CET);Wed Nov 06 2019 06:25:26 GMT+0100 (CET);1573021526000;0;12.96;5.78
1380556889530408;3.4;26.5;Wed Nov 06 2019 07:27:22 GMT+0100 (CET);Wed Nov 06 2019 06:27:22 GMT+0100 (CET);1573021642000;0;12.6;5.81
1380556889530408;3.4;26.5;Wed Nov 06 2019 07:29:15 GMT+0100 (CET);Wed Nov 06 2019 06:29:15 GMT+0100 (CET);1573021755000;0;13.22;5.83
1380556889530408;4.9;26.2;Wed Nov 06 2019 07:31:11 GMT+0100 (CET);Wed Nov 06 2019 06:31:11 GMT+0100 (CET);1573021871000;0.07;14.61;5.86
1380556889530408;4.9;25.6;Wed Nov 06 2019 07:33:04 GMT+0100 (CET);Wed Nov 06 2019 06:33:04 GMT+0100 (CET);1573021984000;0.07;15.77;5.89
1380556889530408;4.9;28.3;Wed Nov 06 2019 07:34:57 GMT+0100 (CET);Wed Nov 06 2019 06:34:57 GMT+0100 (CET);1573022097000;0.08;16.82;5.92
1380556889530408;4.9;27.8;Wed Nov 06 2019 07:36:51 GMT+0100 (CET);Wed Nov 06 2019 06:36:51 GMT+0100 (CET);1573022211000;0.09;17.83;5.96
1380556889530408;4.9;28.8;Wed Nov 06 2019 07:39:05 GMT+0100 (CET);Wed Nov 06 2019 06:39:05 GMT+0100 (CET);1573022345000;0.08;18.51;6.02
1380556889530408;5.4;30.4;Wed Nov 06 2019 07:40:58 GMT+0100 (CET);Wed Nov 06 2019 06:40:58 GMT+0100 (CET);1573022458000;0.07;17.17;6.05
1380556889530408;5.4;30.4;Wed Nov 06 2019 07:42:51 GMT+0100 (CET);Wed Nov 06 2019 06:42:51 GMT+0100 (CET);1573022571000;0.07;16.79;6.07
1380556889530408;5.4;29.2;Wed Nov 06 2019 07:44:43 GMT+0100 (CET);Wed Nov 06 2019 06:44:43 GMT+0100 (CET);1573022683000;0.07;16.41;6.09
1380556889530408;6.4;28.5;Wed Nov 06 2019 07:46:44 GMT+0100 (CET);Wed Nov 06 2019 06:46:44 GMT+0100 (CET);1573022804000;0.08;18.24;6.1
1380556889530408;6.4;29.9;Wed Nov 06 2019 07:48:37 GMT+0100 (CET);Wed Nov 06 2019 06:48:37 GMT+0100 (CET);1573022917000;0.09;19.57;6.1
1380556889530408;6.9;30.3;Wed Nov 06 2019 07:50:30 GMT+0100 (CET);Wed Nov 06 2019 06:50:30 GMT+0100 (CET);1573023030000;0.09;20.52;6.11
1380556889530408;6.9;30.5;Wed Nov 06 2019 07:52:23 GMT+0100 (CET);Wed Nov 06 2019 06:52:23 GMT+0100 (CET);1573023143000;0.09;20.08;6.13
1380556889530408;7.4;30.6;Wed Nov 06 2019 07:54:46 GMT+0100 (CET);Wed Nov 06 2019 06:54:46 GMT+0100 (CET);1573023286000;0.08;18.64;6.15
1380556889530408;7.4;30.4;Wed Nov 06 2019 07:56:38 GMT+0100 (CET);Wed Nov 06 2019 06:56:38 GMT+0100 (CET);1573023398000;0.08;18.47;6.19
1380556889530408;7.4;29.3;Wed Nov 06 2019 07:58:33 GMT+0100 (CET);Wed Nov 06 2019 06:58:33 GMT+0100 (CET);1573023513000;0.09;19.26;6.21
1380556889530408;6.9;29.9;Wed Nov 06 2019 08:00:26 GMT+0100 (CET);Wed Nov 06 2019 07:00:26 GMT+0100 (CET);1573023626000;0.09;20.01;6.25
1380556889530408;6.9;30.3;Wed Nov 06 2019 08:02:19 GMT+0100 (CET);Wed Nov 06 2019 07:02:19 GMT+0100 (CET);1573023739000;0.09;20.27;6.28
1380556889530408;7.4;30.4;Wed Nov 06 2019 08:04:12 GMT+0100 (CET);Wed Nov 06 2019 07:04:12 GMT+0100 (CET);1573023852000;0.09;20.3;6.31
1380556889530408;7.4;30.4;Wed Nov 06 2019 08:06:05 GMT+0100 (CET);Wed Nov 06 2019 07:06:05 GMT+0100 (CET);1573023965000;0.09;21.16;6.34
1380556889530408;7.4;30.7;Wed Nov 06 2019 08:07:58 GMT+0100 (CET);Wed Nov 06 2019 07:07:58 GMT+0100 (CET);1573024078000;0.1;23.44;6.37
1380556889530408;7.4;31.2;Wed Nov 06 2019 08:10:13 GMT+0100 (CET);Wed Nov 06 2019 07:10:13 GMT+0100 (CET);1573024213000;0.12;27.62;6.4
1380556889530408;7.4;31.1;Wed Nov 06 2019 08:12:05 GMT+0100 (CET);Wed Nov 06 2019 07:12:05 GMT+0100 (CET);1573024325000;0.13;30.43;6.42
1380556889530408;7.4;31.9;Wed Nov 06 2019 08:13:58 GMT+0100 (CET);Wed Nov 06 2019 07:13:58 GMT+0100 (CET);1573024438000;0.15;33.4;6.45
1380556889530408;7.4;30.9;Wed Nov 06 2019 08:15:52 GMT+0100 (CET);Wed Nov 06 2019 07:15:52 GMT+0100 (CET);1573024552000;0.18;40.39;6.49
1380556889530408;8.9;30;Wed Nov 06 2019 08:17:50 GMT+0100 (CET);Wed Nov 06 2019 07:17:50 GMT+0100 (CET);1573024670000;0.21;45.82;6.54
1380556889530408;8.9;33;Wed Nov 06 2019 08:19:43 GMT+0100 (CET);Wed Nov 06 2019 07:19:43 GMT+0100 (CET);1573024783000;0.21;45.39;6.59
1380556889530408;8.9;33;Wed Nov 06 2019 08:22:02 GMT+0100 (CET);Wed Nov 06 2019 07:22:02 GMT+0100 (CET);1573024922000;0.21;46.31;6.67
1380556889530408;8.9;33.1;Wed Nov 06 2019 08:23:55 GMT+0100 (CET);Wed Nov 06 2019 07:23:55 GMT+0100 (CET);1573025035000;0.22;48.9;6.7
1380556889530408;8.9;33.2;Wed Nov 06 2019 08:25:50 GMT+0100 (CET);Wed Nov 06 2019 07:25:50 GMT+0100 (CET);1573025150000;0.23;50.98;6.73
1380556889530408;8.9;33.3;Wed Nov 06 2019 08:27:42 GMT+0100 (CET);Wed Nov 06 2019 07:27:42 GMT+0100 (CET);1573025262000;0.24;53.01;6.75
1380556889530408;8.9;33.4;Wed Nov 06 2019 08:29:35 GMT+0100 (CET);Wed Nov 06 2019 07:29:35 GMT+0100 (CET);1573025375000;0.24;53.52;6.79
1380556889530408;9.4;33.6;Wed Nov 06 2019 08:31:30 GMT+0100 (CET);Wed Nov 06 2019 07:31:30 GMT+0100 (CET);1573025490000;0.25;54.68;6.82
1380556889530408;9.4;33.5;Wed Nov 06 2019 08:33:36 GMT+0100 (CET);Wed Nov 06 2019 07:33:36 GMT+0100 (CET);1573025616000;0.27;61.37;6.88
1380556889530408;9.4;33.6;Wed Nov 06 2019 08:35:29 GMT+0100 (CET);Wed Nov 06 2019 07:35:29 GMT+0100 (CET);1573025729000;0.3;66;6.93
1380556889530408;9.4;33.9;Wed Nov 06 2019 08:37:22 GMT+0100 (CET);Wed Nov 06 2019 07:37:22 GMT+0100 (CET);1573025842000;0.32;71.7;6.99
1380556889530408;9.4;34.2;Wed Nov 06 2019 08:39:15 GMT+0100 (CET);Wed Nov 06 2019 07:39:15 GMT+0100 (CET);1573025955000;0.36;77.87;7.07
1380556889530408;10.9;34.4;Wed Nov 06 2019 08:41:11 GMT+0100 (CET);Wed Nov 06 2019 07:41:11 GMT+0100 (CET);1573026071000;0.35;77.23;7.12
1380556889530408;10.9;34.5;Wed Nov 06 2019 08:43:04 GMT+0100 (CET);Wed Nov 06 2019 07:43:04 GMT+0100 (CET);1573026184000;0.34;76.18;7.17
1380556889530408;10.9;34.7;Wed Nov 06 2019 08:44:57 GMT+0100 (CET);Wed Nov 06 2019 07:44:57 GMT+0100 (CET);1573026297000;0.38;84.19;7.22
1380556889530408;10.9;35;Wed Nov 06 2019 08:46:52 GMT+0100 (CET);Wed Nov 06 2019 07:46:52 GMT+0100 (CET);1573026412000;0.45;100.71;7.3
1380556889530408;10.9;35.5;Wed Nov 06 2019 08:48:59 GMT+0100 (CET);Wed Nov 06 2019 07:48:59 GMT+0100 (CET);1573026539000;0.52;119.08;7.4
1380556889530408;11.4;36.2;Wed Nov 06 2019 08:50:52 GMT+0100 (CET);Wed Nov 06 2019 07:50:52 GMT+0100 (CET);1573026652000;0.55;128.25;7.46
1380556889530408;11.4;37.7;Wed Nov 06 2019 08:52:44 GMT+0100 (CET);Wed Nov 06 2019 07:52:44 GMT+0100 (CET);1573026764000;0.61;157.53;7.57
1380556889530408;12.9;39;Wed Nov 06 2019 08:54:44 GMT+0100 (CET);Wed Nov 06 2019 07:54:44 GMT+0100 (CET);1573026884000;0.81;308.7;7.78
1380556889530408;12.9;36.9;Wed Nov 06 2019 08:56:43 GMT+0100 (CET);Wed Nov 06 2019 07:56:43 GMT+0100 (CET);1573027003000;1.71;453.11;8.2
1380556889530408;13.4;36.8;Wed Nov 06 2019 08:58:36 GMT+0100 (CET);Wed Nov 06 2019 07:58:36 GMT+0100 (CET);1573027116000;0.88;256.6;8.75
1380556889530408;13.4;37.6;Wed Nov 06 2019 09:00:29 GMT+0100 (CET);Wed Nov 06 2019 08:00:29 GMT+0100 (CET);1573027229000;0.76;190.61;8.85
1380556889530408;13.4;36.9;Wed Nov 06 2019 09:02:26 GMT+0100 (CET);Wed Nov 06 2019 08:02:26 GMT+0100 (CET);1573027346000;0.8;192.26;8.81
1380556889530408;14.4;39.1;Wed Nov 06 2019 09:04:57 GMT+0100 (CET);Wed Nov 06 2019 08:04:57 GMT+0100 (CET);1573027497000;1.31;337.91;8.87
1380556889530408;14.4;38.7;Wed Nov 06 2019 09:06:49 GMT+0100 (CET);Wed Nov 06 2019 08:06:49 GMT+0100 (CET);1573027609000;1.14;315.33;9.17
1380556889530408;17;38.8;Wed Nov 06 2019 09:08:47 GMT+0100 (CET);Wed Nov 06 2019 08:08:47 GMT+0100 (CET);1573027727000;1.54;389.11;9.39
1380556889530408;17;37.5;Wed Nov 06 2019 09:10:40 GMT+0100 (CET);Wed Nov 06 2019 08:10:40 GMT+0100 (CET);1573027840000;0.83;188.96;9.63
1380556889530408;17;36.4;Wed Nov 06 2019 09:12:33 GMT+0100 (CET);Wed Nov 06 2019 08:12:33 GMT+0100 (CET);1573027953000;0.74;167.75;9.57
1380556889530408;17;36.5;Wed Nov 06 2019 09:14:26 GMT+0100 (CET);Wed Nov 06 2019 08:14:26 GMT+0100 (CET);1573028066000;0.72;168.5;9.42
1380556889530408;17;37.1;Wed Nov 06 2019 09:16:18 GMT+0100 (CET);Wed Nov 06 2019 08:16:18 GMT+0100 (CET);1573028178000;0.64;149.5;9.27
1380556889530408;17;36.3;Wed Nov 06 2019 09:18:11 GMT+0100 (CET);Wed Nov 06 2019 08:18:11 GMT+0100 (CET);1573028291000;0.58;138.28;9.1
1380556889530408;17;36.9;Wed Nov 06 2019 09:20:28 GMT+0100 (CET);Wed Nov 06 2019 08:20:28 GMT+0100 (CET);1573028428000;0.56;136.74;8.93
1380556889530408;17;36.4;Wed Nov 06 2019 09:22:25 GMT+0100 (CET);Wed Nov 06 2019 08:22:25 GMT+0100 (CET);1573028545000;0.57;135.1;8.79
1380556889530408;17;36.1;Wed Nov 06 2019 09:24:18 GMT+0100 (CET);Wed Nov 06 2019 08:24:18 GMT+0100 (CET);1573028658000;0.58;135.53;8.78
1380556889530408;17;36.2;Wed Nov 06 2019 09:26:11 GMT+0100 (CET);Wed Nov 06 2019 08:26:11 GMT+0100 (CET);1573028771000;0.59;138.32;8.71
1380556889530408;17;36.2;Wed Nov 06 2019 09:28:04 GMT+0100 (CET);Wed Nov 06 2019 08:28:04 GMT+0100 (CET);1573028884000;0.63;146.24;8.67
1380556889530408;17;36.1;Wed Nov 06 2019 09:29:58 GMT+0100 (CET);Wed Nov 06 2019 08:29:58 GMT+0100 (CET);1573028998000;0.72;164.22;8.71
1380556889530408;17;36.2;Wed Nov 06 2019 09:31:50 GMT+0100 (CET);Wed Nov 06 2019 08:31:50 GMT+0100 (CET);1573029110000;0.76;171.33;8.84
1380556889530408;17;36.2;Wed Nov 06 2019 09:33:43 GMT+0100 (CET);Wed Nov 06 2019 08:33:43 GMT+0100 (CET);1573029223000;0.71;163.31;8.93
1380556889530408;17;36.1;Wed Nov 06 2019 09:35:49 GMT+0100 (CET);Wed Nov 06 2019 08:35:49 GMT+0100 (CET);1573029349000;0.6;135.23;8.96
1380556889530408;17;35.9;Wed Nov 06 2019 09:37:42 GMT+0100 (CET);Wed Nov 06 2019 08:37:42 GMT+0100 (CET);1573029462000;0.55;124.57;8.96
1380556889530408;14.4;35.5;Wed Nov 06 2019 09:39:37 GMT+0100 (CET);Wed Nov 06 2019 08:39:37 GMT+0100 (CET);1573029577000;0.49;112.13;8.94
1380556889530408;14.4;34.7;Wed Nov 06 2019 09:41:30 GMT+0100 (CET);Wed Nov 06 2019 08:41:30 GMT+0100 (CET);1573029690000;0.52;115.92;8.9
1380556889530408;14.4;34.7;Wed Nov 06 2019 09:43:24 GMT+0100 (CET);Wed Nov 06 2019 08:43:24 GMT+0100 (CET);1573029804000;0.58;128.78;8.85
1380556889530408;14.4;35.4;Wed Nov 06 2019 09:45:17 GMT+0100 (CET);Wed Nov 06 2019 08:45:17 GMT+0100 (CET);1573029917000;0.64;139.69;8.92
1380556889530408;14.4;35.5;Wed Nov 06 2019 09:47:11 GMT+0100 (CET);Wed Nov 06 2019 08:47:11 GMT+0100 (CET);1573030031000;0.66;144.71;9.01
1380556889530408;14.4;35.4;Wed Nov 06 2019 09:49:04 GMT+0100 (CET);Wed Nov 06 2019 08:49:04 GMT+0100 (CET);1573030144000;0.67;146.51;9.07
1380556889530408;14.4;35.8;Wed Nov 06 2019 09:51:29 GMT+0100 (CET);Wed Nov 06 2019 08:51:29 GMT+0100 (CET);1573030289000;0.76;169.14;9.27
1380556889530408;14.4;36.1;Wed Nov 06 2019 09:53:23 GMT+0100 (CET);Wed Nov 06 2019 08:53:23 GMT+0100 (CET);1573030403000;0.86;192.99;9.41
1380556889530408;14.4;36.4;Wed Nov 06 2019 09:55:17 GMT+0100 (CET);Wed Nov 06 2019 08:55:17 GMT+0100 (CET);1573030517000;0.83;190.03;9.46
1380556889530408;14.4;37.2;Wed Nov 06 2019 09:57:09 GMT+0100 (CET);Wed Nov 06 2019 08:57:09 GMT+0100 (CET);1573030629000;0.91;257.71;9.57
1380556889530408;17;37.6;Wed Nov 06 2019 09:59:05 GMT+0100 (CET);Wed Nov 06 2019 08:59:05 GMT+0100 (CET);1573030745000;2.77;682.04;9.85
1380556889530408;17;37.4;Wed Nov 06 2019 10:00:58 GMT+0100 (CET);Wed Nov 06 2019 09:00:58 GMT+0100 (CET);1573030858000;1.67;366.07;10.7
1380556889530408;19;36.8;Wed Nov 06 2019 10:02:51 GMT+0100 (CET);Wed Nov 06 2019 09:02:51 GMT+0100 (CET);1573030971000;0.85;193.3;11.02
1380556889530408;19;35.9;Wed Nov 06 2019 10:04:47 GMT+0100 (CET);Wed Nov 06 2019 09:04:47 GMT+0100 (CET);1573031087000;0.62;147.9;10.99
1380556889530408;19;34.5;Wed Nov 06 2019 10:07:00 GMT+0100 (CET);Wed Nov 06 2019 09:07:00 GMT+0100 (CET);1573031220000;0.81;195.63;10.65
1380556889530408;19;35.5;Wed Nov 06 2019 10:09:07 GMT+0100 (CET);Wed Nov 06 2019 09:09:07 GMT+0100 (CET);1573031347000;0.75;167.76;10.53
1380556889530408;19;34.7;Wed Nov 06 2019 10:11:00 GMT+0100 (CET);Wed Nov 06 2019 09:11:00 GMT+0100 (CET);1573031460000;0.8;181.73;10.41
1380556889530408;19;37;Wed Nov 06 2019 10:12:53 GMT+0100 (CET);Wed Nov 06 2019 09:12:53 GMT+0100 (CET);1573031573000;1.2;283.56;10.62
1380556889530408;19;37.3;Wed Nov 06 2019 10:14:45 GMT+0100 (CET);Wed Nov 06 2019 09:14:45 GMT+0100 (CET);1573031685000;0.81;176.78;10.85
1380556889530408;19;34.4;Wed Nov 06 2019 10:16:38 GMT+0100 (CET);Wed Nov 06 2019 09:16:38 GMT+0100 (CET);1573031798000;0.63;132.41;10.73
1380556889530408;19;34.1;Wed Nov 06 2019 10:18:31 GMT+0100 (CET);Wed Nov 06 2019 09:18:31 GMT+0100 (CET);1573031911000;0.52;108.04;10.48
1380556889530408;19;33.9;Wed Nov 06 2019 10:20:24 GMT+0100 (CET);Wed Nov 06 2019 09:20:24 GMT+0100 (CET);1573032024000;0.81;166;10.39
1380556889530408;19;35.1;Wed Nov 06 2019 10:22:35 GMT+0100 (CET);Wed Nov 06 2019 09:22:35 GMT+0100 (CET);1573032155000;0.82;165.58;10.38
1380556889530408;19;34.9;Wed Nov 06 2019 10:24:28 GMT+0100 (CET);Wed Nov 06 2019 09:24:28 GMT+0100 (CET);1573032268000;0.5;106.48;10.43
1380556889530408;19;34.2;Wed Nov 06 2019 10:26:21 GMT+0100 (CET);Wed Nov 06 2019 09:26:21 GMT+0100 (CET);1573032381000;0.43;91.44;10.36
1380556889530408;19;33.7;Wed Nov 06 2019 10:28:14 GMT+0100 (CET);Wed Nov 06 2019 09:28:14 GMT+0100 (CET);1573032494000;0.48;102;10.21
1380556889530408;19;34;Wed Nov 06 2019 10:30:07 GMT+0100 (CET);Wed Nov 06 2019 09:30:07 GMT+0100 (CET);1573032607000;0.47;98.44;10.11
1380556889530408;17.5;33.9;Wed Nov 06 2019 10:32:00 GMT+0100 (CET);Wed Nov 06 2019 09:32:00 GMT+0100 (CET);1573032720000;0.41;87.79;10.03
1380556889530408;17.5;33.7;Wed Nov 06 2019 10:33:52 GMT+0100 (CET);Wed Nov 06 2019 09:33:52 GMT+0100 (CET);1573032832000;0.45;95.17;9.99
1380556889530408;17.5;34.3;Wed Nov 06 2019 10:35:45 GMT+0100 (CET);Wed Nov 06 2019 09:35:45 GMT+0100 (CET);1573032945000;0.5;107.57;9.97
1380556889530408;17;34.5;Wed Nov 06 2019 10:38:28 GMT+0100 (CET);Wed Nov 06 2019 09:38:28 GMT+0100 (CET);1573033108000;0.6;126.42;10.01
1380556889530408;17;34.6;Wed Nov 06 2019 10:40:21 GMT+0100 (CET);Wed Nov 06 2019 09:40:21 GMT+0100 (CET);1573033221000;0.61;123.38;10.14
1380556889530408;17;34.3;Wed Nov 06 2019 10:42:14 GMT+0100 (CET);Wed Nov 06 2019 09:42:14 GMT+0100 (CET);1573033334000;0.57;117.8;10.21
1380556889530408;17;34.4;Wed Nov 06 2019 10:44:07 GMT+0100 (CET);Wed Nov 06 2019 09:44:07 GMT+0100 (CET);1573033447000;0.51;104.78;10.21
1380556889530408;17;34.3;Wed Nov 06 2019 10:46:03 GMT+0100 (CET);Wed Nov 06 2019 09:46:03 GMT+0100 (CET);1573033563000;0.51;108.36;10.17
1380556889530408;17;34.6;Wed Nov 06 2019 10:47:57 GMT+0100 (CET);Wed Nov 06 2019 09:47:57 GMT+0100 (CET);1573033677000;0.69;142.12;10.12
1380556889530408;17;35.2;Wed Nov 06 2019 10:49:50 GMT+0100 (CET);Wed Nov 06 2019 09:49:50 GMT+0100 (CET);1573033790000;0.69;142.37;10.05
1380556889530408;17;35.2;Wed Nov 06 2019 10:51:43 GMT+0100 (CET);Wed Nov 06 2019 09:51:43 GMT+0100 (CET);1573033903000;0.66;138.67;10.03
1380556889530408;17;34.8;Wed Nov 06 2019 10:53:39 GMT+0100 (CET);Wed Nov 06 2019 09:53:39 GMT+0100 (CET);1573034019000;0.71;146.33;10.01
1380556889530408;17;35.2;Wed Nov 06 2019 10:55:37 GMT+0100 (CET);Wed Nov 06 2019 09:55:37 GMT+0100 (CET);1573034137000;0.49;98.94;9.93
1380556889530408;17;34.8;Wed Nov 06 2019 10:57:31 GMT+0100 (CET);Wed Nov 06 2019 09:57:31 GMT+0100 (CET);1573034251000;0.4;82.08;9.9
1380556889530408;17;33.7;Wed Nov 06 2019 10:59:25 GMT+0100 (CET);Wed Nov 06 2019 09:59:25 GMT+0100 (CET);1573034365000;0.5;102.87;9.82
1380556889530408;14.4;34.3;Wed Nov 06 2019 11:01:18 GMT+0100 (CET);Wed Nov 06 2019 10:01:18 GMT+0100 (CET);1573034478000;0.48;96.89;9.73
1380556889530408;14.4;34.3;Wed Nov 06 2019 11:03:11 GMT+0100 (CET);Wed Nov 06 2019 10:03:11 GMT+0100 (CET);1573034591000;0.48;99.9;9.71
1380556889530408;14.4;34.3;Wed Nov 06 2019 11:05:03 GMT+0100 (CET);Wed Nov 06 2019 10:05:03 GMT+0100 (CET);1573034703000;0.44;88.65;9.66
1380556889530408;14.4;34.1;Wed Nov 06 2019 11:06:56 GMT+0100 (CET);Wed Nov 06 2019 10:06:56 GMT+0100 (CET);1573034816000;0.44;87.94;9.63
1380556889530408;14.4;34.1;Wed Nov 06 2019 11:09:18 GMT+0100 (CET);Wed Nov 06 2019 10:09:18 GMT+0100 (CET);1573034958000;0.51;103.56;9.63
1380556889530408;14.4;34.3;Wed Nov 06 2019 11:11:11 GMT+0100 (CET);Wed Nov 06 2019 10:11:11 GMT+0100 (CET);1573035071000;0.32;64.09;9.66
1380556889530408;14.4;33.8;Wed Nov 06 2019 11:13:05 GMT+0100 (CET);Wed Nov 06 2019 10:13:05 GMT+0100 (CET);1573035185000;0.39;79.42;9.68
1380556889530408;14.4;34;Wed Nov 06 2019 11:14:58 GMT+0100 (CET);Wed Nov 06 2019 10:14:58 GMT+0100 (CET);1573035298000;0.46;96.29;9.74
1380556889530408;14.4;34.3;Wed Nov 06 2019 11:16:55 GMT+0100 (CET);Wed Nov 06 2019 10:16:55 GMT+0100 (CET);1573035415000;0.55;115.37;9.84
1380556889530408;14.4;34.7;Wed Nov 06 2019 11:18:48 GMT+0100 (CET);Wed Nov 06 2019 10:18:48 GMT+0100 (CET);1573035528000;0.58;121.72;9.9
1380556889530408;14.4;34.9;Wed Nov 06 2019 11:20:41 GMT+0100 (CET);Wed Nov 06 2019 10:20:41 GMT+0100 (CET);1573035641000;0.62;130.45;9.97
1380556889530408;14.4;35.2;Wed Nov 06 2019 11:22:42 GMT+0100 (CET);Wed Nov 06 2019 10:22:42 GMT+0100 (CET);1573035762000;0.67;142.75;10.12
1380556889530408;14.4;35.3;Wed Nov 06 2019 11:24:55 GMT+0100 (CET);Wed Nov 06 2019 10:24:55 GMT+0100 (CET);1573035895000;0.68;145.63;10.3
1380556889530408;14.4;35.4;Wed Nov 06 2019 11:26:50 GMT+0100 (CET);Wed Nov 06 2019 10:26:50 GMT+0100 (CET);1573036010000;0.75;158.87;10.39
1380556889530408;14.4;35.6;Wed Nov 06 2019 11:28:44 GMT+0100 (CET);Wed Nov 06 2019 10:28:44 GMT+0100 (CET);1573036124000;0.84;179.74;10.54
1380556889530408;14.4;35.5;Wed Nov 06 2019 11:30:37 GMT+0100 (CET);Wed Nov 06 2019 10:30:37 GMT+0100 (CET);1573036237000;0.72;153.75;10.71
1380556889530408;14.4;34.5;Wed Nov 06 2019 11:32:44 GMT+0100 (CET);Wed Nov 06 2019 10:32:44 GMT+0100 (CET);1573036364000;0.58;121.66;10.85
1380556889530408;17;34.3;Wed Nov 06 2019 11:34:39 GMT+0100 (CET);Wed Nov 06 2019 10:34:39 GMT+0100 (CET);1573036479000;0.49;102.59;10.91
1380556889530408;17;33.9;Wed Nov 06 2019 11:36:32 GMT+0100 (CET);Wed Nov 06 2019 10:36:32 GMT+0100 (CET);1573036592000;0.48;100.2;10.96
1380556889530408;17;33.9;Wed Nov 06 2019 11:38:25 GMT+0100 (CET);Wed Nov 06 2019 10:38:25 GMT+0100 (CET);1573036705000;0.41;79.61;10.89
1380556889530408;17;33.7;Wed Nov 06 2019 11:40:20 GMT+0100 (CET);Wed Nov 06 2019 10:40:20 GMT+0100 (CET);1573036820000;0.31;64.05;10.85
1380556889530408;17;33.5;Wed Nov 06 2019 11:42:13 GMT+0100 (CET);Wed Nov 06 2019 10:42:13 GMT+0100 (CET);1573036933000;0.29;60.82;10.77
1380556889530408;17;33.1;Wed Nov 06 2019 11:44:08 GMT+0100 (CET);Wed Nov 06 2019 10:44:08 GMT+0100 (CET);1573037048000;0.3;63.36;10.71
1380556889530408;17;33.2;Wed Nov 06 2019 11:46:01 GMT+0100 (CET);Wed Nov 06 2019 10:46:01 GMT+0100 (CET);1573037161000;0.29;60.78;10.64
1380556889530408;14.4;33.5;Wed Nov 06 2019 11:47:56 GMT+0100 (CET);Wed Nov 06 2019 10:47:56 GMT+0100 (CET);1573037276000;0.34;69.4;10.55
1380556889530408;14.4;33.6;Wed Nov 06 2019 11:49:49 GMT+0100 (CET);Wed Nov 06 2019 10:49:49 GMT+0100 (CET);1573037389000;0.3;62.95;10.47
1380556889530408;14.4;33.6;Wed Nov 06 2019 11:51:41 GMT+0100 (CET);Wed Nov 06 2019 10:51:41 GMT+0100 (CET);1573037501000;0.35;74.74;10.39
1380556889530408;14.4;33.8;Wed Nov 06 2019 11:53:34 GMT+0100 (CET);Wed Nov 06 2019 10:53:34 GMT+0100 (CET);1573037614000;0.54;113.78;10.42
1380556889530408;14.4;34.5;Wed Nov 06 2019 11:56:00 GMT+0100 (CET);Wed Nov 06 2019 10:56:00 GMT+0100 (CET);1573037760000;0.52;105.39;10.48
1380556889530408;14.4;34.4;Wed Nov 06 2019 11:57:53 GMT+0100 (CET);Wed Nov 06 2019 10:57:53 GMT+0100 (CET);1573037873000;0.4;81.71;10.48
1380556889530408;14.4;33.9;Wed Nov 06 2019 11:59:46 GMT+0100 (CET);Wed Nov 06 2019 10:59:46 GMT+0100 (CET);1573037986000;0.38;75.08;10.42
1380556889530408;14.4;33.8;Wed Nov 06 2019 12:01:39 GMT+0100 (CET);Wed Nov 06 2019 11:01:39 GMT+0100 (CET);1573038099000;0.26;50.96;10.33
1380556889530408;14.4;33.8;Wed Nov 06 2019 12:03:34 GMT+0100 (CET);Wed Nov 06 2019 11:03:34 GMT+0100 (CET);1573038214000;0.17;33.05;10.07
1380556889530408;14.4;32.8;Wed Nov 06 2019 12:05:26 GMT+0100 (CET);Wed Nov 06 2019 11:05:26 GMT+0100 (CET);1573038326000;0.25;46.61;9.72
1380556889530408;14.4;32.9;Wed Nov 06 2019 12:07:10 GMT+0100 (CET);Wed Nov 06 2019 11:07:10 GMT+0100 (CET);1573038430000;0.35;65.74;9.37
1380556889530408;13.4;33.5;Wed Nov 06 2019 12:09:23 GMT+0100 (CET);Wed Nov 06 2019 11:09:23 GMT+0100 (CET);1573038563000;0.31;63.34;8.97
1380556889530408;13.4;33.7;Wed Nov 06 2019 12:11:22 GMT+0100 (CET);Wed Nov 06 2019 11:11:22 GMT+0100 (CET);1573038682000;0.4;83.11;8.83
1380556889530408;13.4;34.1;Wed Nov 06 2019 12:13:17 GMT+0100 (CET);Wed Nov 06 2019 11:13:17 GMT+0100 (CET);1573038797000;0.54;114.64;8.78
1380556889530408;13.4;34.3;Wed Nov 06 2019 12:15:09 GMT+0100 (CET);Wed Nov 06 2019 11:15:09 GMT+0100 (CET);1573038909000;0.61;133.6;8.8
1380556889530408;13.4;35.7;Wed Nov 06 2019 12:17:02 GMT+0100 (CET);Wed Nov 06 2019 11:17:02 GMT+0100 (CET);1573039022000;0.74;163.33;8.88
1380556889530408;14.4;36.1;Wed Nov 06 2019 12:18:57 GMT+0100 (CET);Wed Nov 06 2019 11:18:57 GMT+0100 (CET);1573039137000;0.88;196.3;9.03
1380556889530408;14.4;36.3;Wed Nov 06 2019 12:20:50 GMT+0100 (CET);Wed Nov 06 2019 11:20:50 GMT+0100 (CET);1573039250000;1.12;242.84;9.23
1380556889530408;14.4;36.5;Wed Nov 06 2019 12:22:47 GMT+0100 (CET);Wed Nov 06 2019 11:22:47 GMT+0100 (CET);1573039367000;1.21;263.71;9.58
1380556889530408;14.4;36.3;Wed Nov 06 2019 12:24:40 GMT+0100 (CET);Wed Nov 06 2019 11:24:40 GMT+0100 (CET);1573039480000;1.22;270.02;9.86
1380556889530408;14.4;36.2;Wed Nov 06 2019 12:26:36 GMT+0100 (CET);Wed Nov 06 2019 11:26:36 GMT+0100 (CET);1573039596000;1.1;241.98;10.12
1380556889530408;17;36;Wed Nov 06 2019 12:28:30 GMT+0100 (CET);Wed Nov 06 2019 11:28:30 GMT+0100 (CET);1573039710000;1.04;221.46;10.26
1380556889530408;17;35.8;Wed Nov 06 2019 12:30:25 GMT+0100 (CET);Wed Nov 06 2019 11:30:25 GMT+0100 (CET);1573039825000;0.93;198.62;10.31
1380556889530408;17;35.7;Wed Nov 06 2019 12:32:18 GMT+0100 (CET);Wed Nov 06 2019 11:32:18 GMT+0100 (CET);1573039938000;0.86;190.32;10.32
1380556889530408;17;36.4;Wed Nov 06 2019 12:34:34 GMT+0100 (CET);Wed Nov 06 2019 11:34:34 GMT+0100 (CET);1573040074000;1.15;255.84;10.27
1380556889530408;17;37.9;Wed Nov 06 2019 12:36:27 GMT+0100 (CET);Wed Nov 06 2019 11:36:27 GMT+0100 (CET);1573040187000;3.52;799.42;10.38
1380556889530408;17.5;37.1;Wed Nov 06 2019 12:38:10 GMT+0100 (CET);Wed Nov 06 2019 11:38:10 GMT+0100 (CET);1573040290000;3.3;686.11;11.1
1380556889530408;17.5;36.5;Wed Nov 06 2019 12:40:03 GMT+0100 (CET);Wed Nov 06 2019 11:40:03 GMT+0100 (CET);1573040403000;3.29;750.97;11.97
1380556889530408;17.5;36.4;Wed Nov 06 2019 12:42:07 GMT+0100 (CET);Wed Nov 06 2019 11:42:07 GMT+0100 (CET);1573040527000;2.36;504.31;12.6
1380556889530408;19;36;Wed Nov 06 2019 12:43:59 GMT+0100 (CET);Wed Nov 06 2019 11:43:59 GMT+0100 (CET);1573040639000;2.95;759.78;12.74
1380556889530408;19;36;Wed Nov 06 2019 12:45:52 GMT+0100 (CET);Wed Nov 06 2019 11:45:52 GMT+0100 (CET);1573040752000;3.02;677.92;13.1
1380556889530408;21;36;Wed Nov 06 2019 12:47:45 GMT+0100 (CET);Wed Nov 06 2019 11:47:45 GMT+0100 (CET);1573040865000;1.7;306.62;13.53
1380556889530408;21;35.5;Wed Nov 06 2019 12:49:43 GMT+0100 (CET);Wed Nov 06 2019 11:49:43 GMT+0100 (CET);1573040983000;1.73;299.36;13.42
1380556889530408;21;33.9;Wed Nov 06 2019 12:51:48 GMT+0100 (CET);Wed Nov 06 2019 11:51:48 GMT+0100 (CET);1573041108000;0.77;161.85;13.01
1380556889530408;21.5;33.9;Wed Nov 06 2019 12:53:40 GMT+0100 (CET);Wed Nov 06 2019 11:53:40 GMT+0100 (CET);1573041220000;0.73;156.99;12.67
1380556889530408;21.5;34.2;Wed Nov 06 2019 12:55:33 GMT+0100 (CET);Wed Nov 06 2019 11:55:33 GMT+0100 (CET);1573041333000;0.93;178.69;12.24
1380556889530408;21.5;34.3;Wed Nov 06 2019 12:57:27 GMT+0100 (CET);Wed Nov 06 2019 11:57:27 GMT+0100 (CET);1573041447000;0.76;161.88;11.98
1380556889530408;21.5;34.1;Wed Nov 06 2019 12:59:21 GMT+0100 (CET);Wed Nov 06 2019 11:59:21 GMT+0100 (CET);1573041561000;0.62;133.3;11.66
1380556889530408;21.5;33.9;Wed Nov 06 2019 13:01:14 GMT+0100 (CET);Wed Nov 06 2019 12:01:14 GMT+0100 (CET);1573041674000;0.55;121.71;11.35
1380556889530408;21;34.3;Wed Nov 06 2019 13:03:07 GMT+0100 (CET);Wed Nov 06 2019 12:03:07 GMT+0100 (CET);1573041787000;0.71;152.99;11.12
1380556889530408;21;36.1;Wed Nov 06 2019 13:05:01 GMT+0100 (CET);Wed Nov 06 2019 12:05:01 GMT+0100 (CET);1573041901000;0.74;164.11;11.08
1380556889530408;21;35;Wed Nov 06 2019 13:07:02 GMT+0100 (CET);Wed Nov 06 2019 12:07:02 GMT+0100 (CET);1573042022000;0.7;156.88;10.97
1380556889530408;21;34.9;Wed Nov 06 2019 13:08:55 GMT+0100 (CET);Wed Nov 06 2019 12:08:55 GMT+0100 (CET);1573042135000;0.62;139.31;10.83
1380556889530408;21;34.4;Wed Nov 06 2019 13:10:50 GMT+0100 (CET);Wed Nov 06 2019 12:10:50 GMT+0100 (CET);1573042250000;0.6;135.12;10.69
1380556889530408;19;34.7;Wed Nov 06 2019 13:12:43 GMT+0100 (CET);Wed Nov 06 2019 12:12:43 GMT+0100 (CET);1573042363000;0.66;146.15;10.61
1380556889530408;19;34.7;Wed Nov 06 2019 13:14:35 GMT+0100 (CET);Wed Nov 06 2019 12:14:35 GMT+0100 (CET);1573042475000;0.61;137.39;10.57
1380556889530408;19;34.8;Wed Nov 06 2019 13:16:28 GMT+0100 (CET);Wed Nov 06 2019 12:16:28 GMT+0100 (CET);1573042588000;0.79;358.39;10.62
1380556889530408;19;36.5;Wed Nov 06 2019 13:19:47 GMT+0100 (CET);Wed Nov 06 2019 12:19:47 GMT+0100 (CET);1573042787000;1.01;257.08;11.7
1380556889530408;19;35.8;Wed Nov 06 2019 13:21:40 GMT+0100 (CET);Wed Nov 06 2019 12:21:40 GMT+0100 (CET);1573042900000;1.38;494.07;11.96
1380556889530408;19;36.7;Wed Nov 06 2019 13:23:37 GMT+0100 (CET);Wed Nov 06 2019 12:23:37 GMT+0100 (CET);1573043017000;2.15;471.03;12.6
1380556889530408;19;34.7;Wed Nov 06 2019 13:25:30 GMT+0100 (CET);Wed Nov 06 2019 12:25:30 GMT+0100 (CET);1573043130000;1.03;223.83;12.84
1380556889530408;21;34.6;Wed Nov 06 2019 13:27:22 GMT+0100 (CET);Wed Nov 06 2019 12:27:22 GMT+0100 (CET);1573043242000;0.96;207.56;12.71
1380556889530408;21;34.7;Wed Nov 06 2019 13:29:15 GMT+0100 (CET);Wed Nov 06 2019 12:29:15 GMT+0100 (CET);1573043355000;1.15;222.38;12.6
1380556889530408;21;34.7;Wed Nov 06 2019 13:31:09 GMT+0100 (CET);Wed Nov 06 2019 12:31:09 GMT+0100 (CET);1573043469000;0.82;178.5;12.53
1380556889530408;21;35.3;Wed Nov 06 2019 13:33:03 GMT+0100 (CET);Wed Nov 06 2019 12:33:03 GMT+0100 (CET);1573043583000;0.68;143.58;12.51
1380556889530408;21;33.8;Wed Nov 06 2019 13:35:01 GMT+0100 (CET);Wed Nov 06 2019 12:35:01 GMT+0100 (CET);1573043701000;0.47;102.54;12.43
1380556889530408;19.5;33.5;Wed Nov 06 2019 13:37:02 GMT+0100 (CET);Wed Nov 06 2019 12:37:02 GMT+0100 (CET);1573043822000;0.33;68.69;12.07
1380556889530408;19.5;33.3;Wed Nov 06 2019 13:38:58 GMT+0100 (CET);Wed Nov 06 2019 12:38:58 GMT+0100 (CET);1573043938000;0.21;44.41;11.79
1380556889530408;18.5;33.3;Wed Nov 06 2019 13:40:50 GMT+0100 (CET);Wed Nov 06 2019 12:40:50 GMT+0100 (CET);1573044050000;0.14;32.48;11.52
1380556889530408;18.5;31.7;Wed Nov 06 2019 13:42:43 GMT+0100 (CET);Wed Nov 06 2019 12:42:43 GMT+0100 (CET);1573044163000;0.16;31.66;11.3
1380556889530408;17;31.1;Wed Nov 06 2019 13:44:41 GMT+0100 (CET);Wed Nov 06 2019 12:44:41 GMT+0100 (CET);1573044281000;0.21;43.59;11.11
1380556889530408;17;31.3;Wed Nov 06 2019 13:46:34 GMT+0100 (CET);Wed Nov 06 2019 12:46:34 GMT+0100 (CET);1573044394000;0.29;62.08;10.96
1380556889530408;17;30.9;Wed Nov 06 2019 13:48:27 GMT+0100 (CET);Wed Nov 06 2019 12:48:27 GMT+0100 (CET);1573044507000;0.37;76.53;10.85
1380556889530408;17;33.3;Wed Nov 06 2019 13:50:19 GMT+0100 (CET);Wed Nov 06 2019 12:50:19 GMT+0100 (CET);1573044619000;0.41;85.59;10.79
1380556889530408;17;34.1;Wed Nov 06 2019 13:52:50 GMT+0100 (CET);Wed Nov 06 2019 12:52:50 GMT+0100 (CET);1573044770000;0.42;89.18;10.8
1380556889530408;17;34.2;Wed Nov 06 2019 13:54:34 GMT+0100 (CET);Wed Nov 06 2019 12:54:34 GMT+0100 (CET);1573044874000;0.39;85;10.78
1380556889530408;17;34.5;Wed Nov 06 2019 13:56:28 GMT+0100 (CET);Wed Nov 06 2019 12:56:28 GMT+0100 (CET);1573044988000;0.45;103.82;10.76
1380556889530408;17;35.7;Wed Nov 06 2019 13:58:10 GMT+0100 (CET);Wed Nov 06 2019 12:58:10 GMT+0100 (CET);1573045090000;0.66;142.38;10.85
1380556889530408;17;36.2;Wed Nov 06 2019 14:00:04 GMT+0100 (CET);Wed Nov 06 2019 13:00:04 GMT+0100 (CET);1573045204000;1.42;208.85;11.14
1380556889530408;17;35.8;Wed Nov 06 2019 14:01:59 GMT+0100 (CET);Wed Nov 06 2019 13:01:59 GMT+0100 (CET);1573045319000;0.74;159.35;11.35
1380556889530408;17;34.7;Wed Nov 06 2019 14:03:54 GMT+0100 (CET);Wed Nov 06 2019 13:03:54 GMT+0100 (CET);1573045434000;0.62;132.75;11.42
1380556889530408;17;34.3;Wed Nov 06 2019 14:05:47 GMT+0100 (CET);Wed Nov 06 2019 13:05:47 GMT+0100 (CET);1573045547000;0.51;107.06;11.41
1380556889530408;17;33.9;Wed Nov 06 2019 14:08:06 GMT+0100 (CET);Wed Nov 06 2019 13:08:06 GMT+0100 (CET);1573045686000;0.31;66.96;11.31
1380556889530408;17;33.7;Wed Nov 06 2019 14:10:09 GMT+0100 (CET);Wed Nov 06 2019 13:10:09 GMT+0100 (CET);1573045809000;0.17;38.37;11.05
1380556889530408;17;33.7;Wed Nov 06 2019 14:12:01 GMT+0100 (CET);Wed Nov 06 2019 13:12:01 GMT+0100 (CET);1573045921000;0.08;22.51;10.83
1380556889530408;17;32.7;Wed Nov 06 2019 14:13:54 GMT+0100 (CET);Wed Nov 06 2019 13:13:54 GMT+0100 (CET);1573046034000;0;12.63;10.57
1380556889530408;17;30;Wed Nov 06 2019 14:15:47 GMT+0100 (CET);Wed Nov 06 2019 13:15:47 GMT+0100 (CET);1573046147000;0.07;14.71;10.36
1380556889530408;13.4;29;Wed Nov 06 2019 14:17:40 GMT+0100 (CET);Wed Nov 06 2019 13:17:40 GMT+0100 (CET);1573046260000;0.08;16.01;10.1
1380556889530408;13.4;27.7;Wed Nov 06 2019 14:19:33 GMT+0100 (CET);Wed Nov 06 2019 13:19:33 GMT+0100 (CET);1573046373000;0.11;19.81;9.75
1380556889530408;13.4;25.8;Wed Nov 06 2019 14:21:25 GMT+0100 (CET);Wed Nov 06 2019 13:21:25 GMT+0100 (CET);1573046485000;0.15;27.25;9.4
1380556889530408;13.4;28.9;Wed Nov 06 2019 14:23:36 GMT+0100 (CET);Wed Nov 06 2019 13:23:36 GMT+0100 (CET);1573046616000;0.17;30.76;9.01
1380556889530408;13.4;31.7;Wed Nov 06 2019 14:25:29 GMT+0100 (CET);Wed Nov 06 2019 13:25:29 GMT+0100 (CET);1573046729000;0.18;34.46;8.78
1380556889530408;11.4;32;Wed Nov 06 2019 14:27:26 GMT+0100 (CET);Wed Nov 06 2019 13:27:26 GMT+0100 (CET);1573046846000;0.23;42.95;8.52
1380556889530408;11.4;31.9;Wed Nov 06 2019 14:29:18 GMT+0100 (CET);Wed Nov 06 2019 13:29:18 GMT+0100 (CET);1573046958000;0.25;50.63;8.35
1380556889530408;12.9;33.5;Wed Nov 06 2019 14:31:26 GMT+0100 (CET);Wed Nov 06 2019 13:31:26 GMT+0100 (CET);1573047086000;0.25;50.39;8.28
1380556889530408;12.9;33.3;Wed Nov 06 2019 14:33:18 GMT+0100 (CET);Wed Nov 06 2019 13:33:18 GMT+0100 (CET);1573047198000;0.23;46.73;8.28
1380556889530408;12.9;33.3;Wed Nov 06 2019 14:35:11 GMT+0100 (CET);Wed Nov 06 2019 13:35:11 GMT+0100 (CET);1573047311000;0.2;40.9;8.3
1380556889530408;12.9;33.3;Wed Nov 06 2019 14:37:06 GMT+0100 (CET);Wed Nov 06 2019 13:37:06 GMT+0100 (CET);1573047426000;0.18;37.29;8.32
1380556889530408;12.9;32.9;Wed Nov 06 2019 14:39:34 GMT+0100 (CET);Wed Nov 06 2019 13:39:34 GMT+0100 (CET);1573047574000;0.27;55.46;8.4
1380556889530408;11.4;33.1;Wed Nov 06 2019 14:41:26 GMT+0100 (CET);Wed Nov 06 2019 13:41:26 GMT+0100 (CET);1573047686000;0.38;77.49;8.51
1380556889530408;11.4;33.4;Wed Nov 06 2019 14:43:20 GMT+0100 (CET);Wed Nov 06 2019 13:43:20 GMT+0100 (CET);1573047800000;0.42;86.54;8.64
1380556889530408;11.4;34.5;Wed Nov 06 2019 14:45:14 GMT+0100 (CET);Wed Nov 06 2019 13:45:14 GMT+0100 (CET);1573047914000;0.43;88.81;8.78
1380556889530408;12.9;34.5;Wed Nov 06 2019 14:47:07 GMT+0100 (CET);Wed Nov 06 2019 13:47:07 GMT+0100 (CET);1573048027000;0.44;94.5;8.92
1380556889530408;12.9;35;Wed Nov 06 2019 14:49:00 GMT+0100 (CET);Wed Nov 06 2019 13:49:00 GMT+0100 (CET);1573048140000;0.54;114.32;9.07
1380556889530408;12.4;35.6;Wed Nov 06 2019 14:50:52 GMT+0100 (CET);Wed Nov 06 2019 13:50:52 GMT+0100 (CET);1573048252000;0.66;139.36;9.28
1380556889530408;12.4;37.2;Wed Nov 06 2019 14:52:45 GMT+0100 (CET);Wed Nov 06 2019 13:52:45 GMT+0100 (CET);1573048365000;1.74;414.71;9.64
1380556889530408;12.4;36.9;Wed Nov 06 2019 14:54:43 GMT+0100 (CET);Wed Nov 06 2019 13:54:43 GMT+0100 (CET);1573048483000;0.66;144.68;10.28
1380556889530408;14.4;35.7;Wed Nov 06 2019 14:56:36 GMT+0100 (CET);Wed Nov 06 2019 13:56:36 GMT+0100 (CET);1573048596000;0.58;142.97;10.39
1380556889530408;14.4;35.3;Wed Nov 06 2019 14:58:29 GMT+0100 (CET);Wed Nov 06 2019 13:58:29 GMT+0100 (CET);1573048709000;0.49;109.2;10.31
1380556889530408;14.4;35;Wed Nov 06 2019 15:00:22 GMT+0100 (CET);Wed Nov 06 2019 14:00:22 GMT+0100 (CET);1573048822000;0.44;96.61;10.18
1380556889530408;14.4;34.9;Wed Nov 06 2019 15:02:16 GMT+0100 (CET);Wed Nov 06 2019 14:02:16 GMT+0100 (CET);1573048936000;0.38;84.83;10.03
1380556889530408;14.4;34.5;Wed Nov 06 2019 15:04:13 GMT+0100 (CET);Wed Nov 06 2019 14:04:13 GMT+0100 (CET);1573049053000;0.39;85.29;9.92
1380556889530408;14.4;34.4;Wed Nov 06 2019 15:06:07 GMT+0100 (CET);Wed Nov 06 2019 14:06:07 GMT+0100 (CET);1573049167000;0.39;84.71;9.83
1380556889530408;14.4;34.4;Wed Nov 06 2019 15:08:00 GMT+0100 (CET);Wed Nov 06 2019 14:08:00 GMT+0100 (CET);1573049280000;0.34;76.3;9.77
1380556889530408;14.4;34.4;Wed Nov 06 2019 15:10:14 GMT+0100 (CET);Wed Nov 06 2019 14:10:14 GMT+0100 (CET);1573049414000;0.3;65.16;9.71
1380556889530408;14.4;34.3;Wed Nov 06 2019 15:12:07 GMT+0100 (CET);Wed Nov 06 2019 14:12:07 GMT+0100 (CET);1573049527000;0.29;63.76;9.71
1380556889530408;14.4;34;Wed Nov 06 2019 15:14:01 GMT+0100 (CET);Wed Nov 06 2019 14:14:01 GMT+0100 (CET);1573049641000;0.36;75.99;9.75
1380556889530408;14.4;34.1;Wed Nov 06 2019 15:15:53 GMT+0100 (CET);Wed Nov 06 2019 14:15:53 GMT+0100 (CET);1573049753000;0.47;100.13;9.85
1380556889530408;14.4;35;Wed Nov 06 2019 15:17:49 GMT+0100 (CET);Wed Nov 06 2019 14:17:49 GMT+0100 (CET);1573049869000;0.51;111.71;9.98
1380556889530408;14.4;34.1;Wed Nov 06 2019 15:19:43 GMT+0100 (CET);Wed Nov 06 2019 14:19:43 GMT+0100 (CET);1573049983000;0.45;95.88;10.08
1380556889530408;14.4;34.5;Wed Nov 06 2019 15:21:36 GMT+0100 (CET);Wed Nov 06 2019 14:21:36 GMT+0100 (CET);1573050096000;0.49;102.57;10.15
1380556889530408;14.4;34.5;Wed Nov 06 2019 15:23:29 GMT+0100 (CET);Wed Nov 06 2019 14:23:29 GMT+0100 (CET);1573050209000;0.46;96.4;10.17
1380556889530408;14.4;34.2;Wed Nov 06 2019 15:26:03 GMT+0100 (CET);Wed Nov 06 2019 14:26:03 GMT+0100 (CET);1573050363000;0.32;67.37;10.14
1380556889530408;14.4;33.9;Wed Nov 06 2019 15:28:04 GMT+0100 (CET);Wed Nov 06 2019 14:28:04 GMT+0100 (CET);1573050484000;0.3;62.85;10.06
1380556889530408;14.4;33.6;Wed Nov 06 2019 15:29:57 GMT+0100 (CET);Wed Nov 06 2019 14:29:57 GMT+0100 (CET);1573050597000;0.29;61.56;9.97
1380556889530408;14.4;35.4;Wed Nov 06 2019 15:31:50 GMT+0100 (CET);Wed Nov 06 2019 14:31:50 GMT+0100 (CET);1573050710000;0.27;66.7;9.94
1380556889530408;14.4;34.3;Wed Nov 06 2019 15:33:49 GMT+0100 (CET);Wed Nov 06 2019 14:33:49 GMT+0100 (CET);1573050829000;0.24;52.63;9.92
1380556889530408;14.4;33.6;Wed Nov 06 2019 15:35:51 GMT+0100 (CET);Wed Nov 06 2019 14:35:51 GMT+0100 (CET);1573050951000;0.25;54.57;9.9
1380556889530408;14.4;33.6;Wed Nov 06 2019 15:37:44 GMT+0100 (CET);Wed Nov 06 2019 14:37:44 GMT+0100 (CET);1573051064000;0.27;57.84;9.9
1380556889530408;13.4;33.8;Wed Nov 06 2019 15:39:38 GMT+0100 (CET);Wed Nov 06 2019 14:39:38 GMT+0100 (CET);1573051178000;0.29;62.08;9.89
1380556889530408;13.4;33.8;Wed Nov 06 2019 15:41:31 GMT+0100 (CET);Wed Nov 06 2019 14:41:31 GMT+0100 (CET);1573051291000;0.27;58.24;9.88
1380556889530408;13.4;33.6;Wed Nov 06 2019 15:43:23 GMT+0100 (CET);Wed Nov 06 2019 14:43:23 GMT+0100 (CET);1573051403000;0.26;54.6;9.85
1380556889530408;13.4;33.5;Wed Nov 06 2019 15:45:21 GMT+0100 (CET);Wed Nov 06 2019 14:45:21 GMT+0100 (CET);1573051521000;0.24;51;9.79
1380556889530408;13.4;33.4;Wed Nov 06 2019 15:47:14 GMT+0100 (CET);Wed Nov 06 2019 14:47:14 GMT+0100 (CET);1573051634000;0.24;52.21;9.75
1380556889530408;13.4;33.4;Wed Nov 06 2019 15:49:23 GMT+0100 (CET);Wed Nov 06 2019 14:49:23 GMT+0100 (CET);1573051763000;0.24;52.03;9.7
1380556889530408;13.4;33.4;Wed Nov 06 2019 15:51:16 GMT+0100 (CET);Wed Nov 06 2019 14:51:16 GMT+0100 (CET);1573051876000;0.25;51.28;9.67
1380556889530408;13.4;33.5;Wed Nov 06 2019 15:53:10 GMT+0100 (CET);Wed Nov 06 2019 14:53:10 GMT+0100 (CET);1573051990000;0.22;46.5;9.62
1380556889530408;13.4;33.6;Wed Nov 06 2019 15:55:07 GMT+0100 (CET);Wed Nov 06 2019 14:55:07 GMT+0100 (CET);1573052107000;0.2;42;9.57
1380556889530408;13.4;33.9;Wed Nov 06 2019 15:57:00 GMT+0100 (CET);Wed Nov 06 2019 14:57:00 GMT+0100 (CET);1573052220000;0.19;40.41;9.51
1380556889530408;13.4;33.2;Wed Nov 06 2019 15:58:52 GMT+0100 (CET);Wed Nov 06 2019 14:58:52 GMT+0100 (CET);1573052332000;0.18;38.43;9.46
1380556889530408;13.4;32.8;Wed Nov 06 2019 16:00:45 GMT+0100 (CET);Wed Nov 06 2019 15:00:45 GMT+0100 (CET);1573052445000;0.17;36.26;9.42
1380556889530408;12.9;32.4;Wed Nov 06 2019 16:02:38 GMT+0100 (CET);Wed Nov 06 2019 15:02:38 GMT+0100 (CET);1573052558000;0.15;34.26;9.36
1380556889530408;12.9;32.2;Wed Nov 06 2019 16:04:34 GMT+0100 (CET);Wed Nov 06 2019 15:04:34 GMT+0100 (CET);1573052674000;0.14;31.39;9.31
1380556889530408;12.9;31.8;Wed Nov 06 2019 16:06:27 GMT+0100 (CET);Wed Nov 06 2019 15:06:27 GMT+0100 (CET);1573052787000;0.13;29.16;9.25
1380556889530408;12.9;31.5;Wed Nov 06 2019 16:08:20 GMT+0100 (CET);Wed Nov 06 2019 15:08:20 GMT+0100 (CET);1573052900000;0.13;27.74;9.2
1380556889530408;12.9;31.5;Wed Nov 06 2019 16:10:23 GMT+0100 (CET);Wed Nov 06 2019 15:10:23 GMT+0100 (CET);1573053023000;0.11;24.56;9.16
1380556889530408;11.4;31.3;Wed Nov 06 2019 16:12:16 GMT+0100 (CET);Wed Nov 06 2019 15:12:16 GMT+0100 (CET);1573053136000;0.1;21.17;9.11
1380556889530408;11.4;31.3;Wed Nov 06 2019 16:14:09 GMT+0100 (CET);Wed Nov 06 2019 15:14:09 GMT+0100 (CET);1573053249000;0.08;17.19;9.07
1380556889530408;10.9;30.9;Wed Nov 06 2019 16:16:02 GMT+0100 (CET);Wed Nov 06 2019 15:16:02 GMT+0100 (CET);1573053362000;0.07;14.58;9.05
1380556889530408;10.9;30.3;Wed Nov 06 2019 16:17:56 GMT+0100 (CET);Wed Nov 06 2019 15:17:56 GMT+0100 (CET);1573053476000;0;12.01;9.03
1380556889530408;10.9;29.3;Wed Nov 06 2019 16:19:57 GMT+0100 (CET);Wed Nov 06 2019 15:19:57 GMT+0100 (CET);1573053597000;0;9.44;9.03
1380556889530408;10.9;28.7;Wed Nov 06 2019 16:21:52 GMT+0100 (CET);Wed Nov 06 2019 15:21:52 GMT+0100 (CET);1573053712000;0;8.09;9.03
1380556889530408;10.9;33.3;Wed Nov 06 2019 16:23:54 GMT+0100 (CET);Wed Nov 06 2019 15:23:54 GMT+0100 (CET);1573053834000;0;6.34;9.03
1380556889530408;10.9;32.4;Wed Nov 06 2019 16:25:48 GMT+0100 (CET);Wed Nov 06 2019 15:25:48 GMT+0100 (CET);1573053948000;0;4.86;9.04
1380556889530408;10.9;31.5;Wed Nov 06 2019 16:27:45 GMT+0100 (CET);Wed Nov 06 2019 15:27:45 GMT+0100 (CET);1573054065000;0;4.15;9.04
1380556889530408;10.9;30.3;Wed Nov 06 2019 16:29:40 GMT+0100 (CET);Wed Nov 06 2019 15:29:40 GMT+0100 (CET);1573054180000;0;3.9;9.04
1380556889530408;10.9;29;Wed Nov 06 2019 16:31:36 GMT+0100 (CET);Wed Nov 06 2019 15:31:36 GMT+0100 (CET);1573054296000;0;3.34;9.07
1380556889530408;10.9;29;Wed Nov 06 2019 16:33:19 GMT+0100 (CET);Wed Nov 06 2019 15:33:19 GMT+0100 (CET);1573054399000;0;2.81;9.07
1380556889530408;10.9;22.9;Wed Nov 06 2019 16:35:14 GMT+0100 (CET);Wed Nov 06 2019 15:35:14 GMT+0100 (CET);1573054514000;0;2.1;9.07
1380556889530408;10.9;22.9;Wed Nov 06 2019 16:37:07 GMT+0100 (CET);Wed Nov 06 2019 15:37:07 GMT+0100 (CET);1573054627000;0;1.61;9.08
1380556889530408;10.9;22.9;Wed Nov 06 2019 16:39:01 GMT+0100 (CET);Wed Nov 06 2019 15:39:01 GMT+0100 (CET);1573054741000;0;1.34;9.09
1380556889530408;4.9;35;Thu Nov 07 2019 07:19:14 GMT+0100 (CET);Thu Nov 07 2019 06:19:14 GMT+0100 (CET);1573107554000;0;7.67;4.42
1380556889530408;4.9;35.5;Thu Nov 07 2019 07:21:07 GMT+0100 (CET);Thu Nov 07 2019 06:21:07 GMT+0100 (CET);1573107667000;0;9.21;4.44
1380556889530408;4.9;31.5;Thu Nov 07 2019 07:23:01 GMT+0100 (CET);Thu Nov 07 2019 06:23:01 GMT+0100 (CET);1573107781000;0;10.21;4.47
1380556889530408;4.9;30.4;Thu Nov 07 2019 07:24:54 GMT+0100 (CET);Thu Nov 07 2019 06:24:54 GMT+0100 (CET);1573107894000;0;11.45;4.46
1380556889530408;4.9;30.6;Thu Nov 07 2019 07:26:46 GMT+0100 (CET);Thu Nov 07 2019 06:26:46 GMT+0100 (CET);1573108006000;0;12.82;4.45
1380556889530408;4.9;30.8;Thu Nov 07 2019 07:28:39 GMT+0100 (CET);Thu Nov 07 2019 06:28:39 GMT+0100 (CET);1573108119000;0.07;14.88;4.49
1380556889530408;4.9;31.6;Thu Nov 07 2019 07:30:33 GMT+0100 (CET);Thu Nov 07 2019 06:30:33 GMT+0100 (CET);1573108233000;0.07;16.69;4.55
1380556889530408;4.9;31.9;Thu Nov 07 2019 07:32:26 GMT+0100 (CET);Thu Nov 07 2019 06:32:26 GMT+0100 (CET);1573108346000;0.07;17.17;4.59
1380556889530408;4.9;32.5;Thu Nov 07 2019 07:34:18 GMT+0100 (CET);Thu Nov 07 2019 06:34:18 GMT+0100 (CET);1573108458000;0.08;18.82;4.63
1380556889530408;4.9;32.7;Thu Nov 07 2019 07:36:13 GMT+0100 (CET);Thu Nov 07 2019 06:36:13 GMT+0100 (CET);1573108573000;0.09;19.82;4.64
1380556889530408;4.9;32.7;Thu Nov 07 2019 07:38:06 GMT+0100 (CET);Thu Nov 07 2019 06:38:06 GMT+0100 (CET);1573108686000;0.09;20.58;4.65
1380556889530408;4.9;32.7;Thu Nov 07 2019 07:39:58 GMT+0100 (CET);Thu Nov 07 2019 06:39:58 GMT+0100 (CET);1573108798000;0.08;20.63;4.67
1380556889530408;5.4;32.8;Thu Nov 07 2019 07:41:53 GMT+0100 (CET);Thu Nov 07 2019 06:41:53 GMT+0100 (CET);1573108913000;0.1;23.24;4.69
1380556889530408;5.4;33.5;Thu Nov 07 2019 07:43:46 GMT+0100 (CET);Thu Nov 07 2019 06:43:46 GMT+0100 (CET);1573109026000;0.11;25.77;4.68
1380556889530408;5.4;33.6;Thu Nov 07 2019 07:45:40 GMT+0100 (CET);Thu Nov 07 2019 06:45:40 GMT+0100 (CET);1573109140000;0.12;28.07;4.68
1380556889530408;5.4;33.7;Thu Nov 07 2019 07:47:36 GMT+0100 (CET);Thu Nov 07 2019 06:47:36 GMT+0100 (CET);1573109256000;0.13;29.63;4.67
1380556889530408;5.4;33.9;Thu Nov 07 2019 07:49:28 GMT+0100 (CET);Thu Nov 07 2019 06:49:28 GMT+0100 (CET);1573109368000;0.13;31.98;4.7
1380556889530408;6.4;33.9;Thu Nov 07 2019 07:51:25 GMT+0100 (CET);Thu Nov 07 2019 06:51:25 GMT+0100 (CET);1573109485000;0.14;33.4;4.69
1380556889530408;6.4;34.2;Thu Nov 07 2019 07:53:18 GMT+0100 (CET);Thu Nov 07 2019 06:53:18 GMT+0100 (CET);1573109598000;0.15;35.03;4.71
1380556889530408;6.4;34.3;Thu Nov 07 2019 07:55:11 GMT+0100 (CET);Thu Nov 07 2019 06:55:11 GMT+0100 (CET);1573109711000;0.17;39.5;4.74
1380556889530408;6.9;34.3;Thu Nov 07 2019 07:57:06 GMT+0100 (CET);Thu Nov 07 2019 06:57:06 GMT+0100 (CET);1573109826000;0.16;39.71;4.78
1380556889530408;6.9;34.5;Thu Nov 07 2019 07:59:00 GMT+0100 (CET);Thu Nov 07 2019 06:59:00 GMT+0100 (CET);1573109940000;0.17;40.06;4.81
1380556889530408;6.9;34.7;Thu Nov 07 2019 08:00:52 GMT+0100 (CET);Thu Nov 07 2019 07:00:52 GMT+0100 (CET);1573110052000;0.18;49.5;4.85
1380556889530408;6.9;34.9;Thu Nov 07 2019 08:02:45 GMT+0100 (CET);Thu Nov 07 2019 07:02:45 GMT+0100 (CET);1573110165000;0.18;102.76;4.92
1380556889530408;6.9;34.8;Thu Nov 07 2019 08:04:38 GMT+0100 (CET);Thu Nov 07 2019 07:04:38 GMT+0100 (CET);1573110278000;0.17;169.47;5.14
1380556889530408;6.9;34.7;Thu Nov 07 2019 08:06:53 GMT+0100 (CET);Thu Nov 07 2019 07:06:53 GMT+0100 (CET);1573110413000;0.18;170.92;5.55
1380556889530408;6.9;34.7;Thu Nov 07 2019 08:08:46 GMT+0100 (CET);Thu Nov 07 2019 07:08:46 GMT+0100 (CET);1573110526000;0.18;183.76;5.81
1380556889530408;7.4;34.7;Thu Nov 07 2019 08:10:41 GMT+0100 (CET);Thu Nov 07 2019 07:10:41 GMT+0100 (CET);1573110641000;0.18;209.84;6.11
1380556889530408;7.4;34.8;Thu Nov 07 2019 08:12:34 GMT+0100 (CET);Thu Nov 07 2019 07:12:34 GMT+0100 (CET);1573110754000;0.18;218.43;6.39
1380556889530408;7.4;34.8;Thu Nov 07 2019 08:14:32 GMT+0100 (CET);Thu Nov 07 2019 07:14:32 GMT+0100 (CET);1573110872000;0.18;227.12;6.67
1380556889530408;7.4;35.8;Thu Nov 07 2019 08:16:25 GMT+0100 (CET);Thu Nov 07 2019 07:16:25 GMT+0100 (CET);1573110985000;0.19;232.1;6.89
1380556889530408;7.4;34.9;Thu Nov 07 2019 08:18:17 GMT+0100 (CET);Thu Nov 07 2019 07:18:17 GMT+0100 (CET);1573111097000;0.2;239.95;7.18
1380556889530408;7.4;34.6;Thu Nov 07 2019 08:20:13 GMT+0100 (CET);Thu Nov 07 2019 07:20:13 GMT+0100 (CET);1573111213000;0.21;245.45;7.57
1380556889530408;7.4;34;Thu Nov 07 2019 08:22:39 GMT+0100 (CET);Thu Nov 07 2019 07:22:39 GMT+0100 (CET);1573111359000;0.23;247.03;7.92
1380556889530408;7.4;33.6;Thu Nov 07 2019 08:24:32 GMT+0100 (CET);Thu Nov 07 2019 07:24:32 GMT+0100 (CET);1573111472000;0.23;250.25;8.14
1380556889530408;7.4;28.3;Thu Nov 07 2019 08:26:25 GMT+0100 (CET);Thu Nov 07 2019 07:26:25 GMT+0100 (CET);1573111585000;0.29;256.36;8.4
1380556889530408;7.4;28.3;Thu Nov 07 2019 08:28:19 GMT+0100 (CET);Thu Nov 07 2019 07:28:19 GMT+0100 (CET);1573111699000;0.97;262.44;8.59
1380556889530408;7.4;28.3;Thu Nov 07 2019 08:30:13 GMT+0100 (CET);Thu Nov 07 2019 07:30:13 GMT+0100 (CET);1573111813000;1.09;264.69;8.75
1380556889530408;5.4;35.1;Thu Nov 07 2019 08:35:52 GMT+0100 (CET);Thu Nov 07 2019 07:35:52 GMT+0100 (CET);1573112152000;1.2;293.8;9.06
1380556889530408;5.4;35.8;Thu Nov 07 2019 08:38:06 GMT+0100 (CET);Thu Nov 07 2019 07:38:06 GMT+0100 (CET);1573112286000;1.24;309.33;9.14
1380556889530408;10.9;36.9;Thu Nov 07 2019 08:39:59 GMT+0100 (CET);Thu Nov 07 2019 07:39:59 GMT+0100 (CET);1573112399000;1.26;324.82;9.35
1380556889530408;10.9;37.1;Thu Nov 07 2019 08:41:53 GMT+0100 (CET);Thu Nov 07 2019 07:41:53 GMT+0100 (CET);1573112513000;1.31;330.23;9.49
1380556889530408;10.9;37.1;Thu Nov 07 2019 08:43:46 GMT+0100 (CET);Thu Nov 07 2019 07:43:46 GMT+0100 (CET);1573112626000;1.35;332.79;9.7
1380556889530408;10.9;36.7;Thu Nov 07 2019 08:45:42 GMT+0100 (CET);Thu Nov 07 2019 07:45:42 GMT+0100 (CET);1573112742000;1.4;337.91;9.89
1380556889530408;10.9;36.7;Thu Nov 07 2019 08:47:25 GMT+0100 (CET);Thu Nov 07 2019 07:47:25 GMT+0100 (CET);1573112845000;1.32;284.57;10.03
1380556889530408;10.9;35.8;Thu Nov 07 2019 08:49:18 GMT+0100 (CET);Thu Nov 07 2019 07:49:18 GMT+0100 (CET);1573112958000;1.49;345.59;10.02
1380556889530408;12.9;36.1;Thu Nov 07 2019 08:51:16 GMT+0100 (CET);Thu Nov 07 2019 07:51:16 GMT+0100 (CET);1573113076000;1.49;353.27;10.19
1380556889530408;12.9;35.8;Thu Nov 07 2019 08:53:39 GMT+0100 (CET);Thu Nov 07 2019 07:53:39 GMT+0100 (CET);1573113219000;1.52;358.39;10.44
1380556889530408;13.4;35.6;Thu Nov 07 2019 08:55:32 GMT+0100 (CET);Thu Nov 07 2019 07:55:32 GMT+0100 (CET);1573113332000;1.53;363.51;10.51
1380556889530408;13.4;34.7;Thu Nov 07 2019 08:57:25 GMT+0100 (CET);Thu Nov 07 2019 07:57:25 GMT+0100 (CET);1573113445000;1.56;368.63;10.56
1380556889530408;13.4;33.4;Thu Nov 07 2019 08:59:18 GMT+0100 (CET);Thu Nov 07 2019 07:59:18 GMT+0100 (CET);1573113558000;1.59;376.31;10.64
1380556889530408;13.4;32.4;Thu Nov 07 2019 09:01:16 GMT+0100 (CET);Thu Nov 07 2019 08:01:16 GMT+0100 (CET);1573113676000;1.64;383.99;10.67
1380556889530408;13.4;30.9;Thu Nov 07 2019 09:03:08 GMT+0100 (CET);Thu Nov 07 2019 08:03:08 GMT+0100 (CET);1573113788000;1.68;394.23;10.79
1380556889530408;13.4;30.8;Thu Nov 07 2019 09:05:01 GMT+0100 (CET);Thu Nov 07 2019 08:05:01 GMT+0100 (CET);1573113901000;1.72;401.91;10.8
1380556889530408;13.4;31.3;Thu Nov 07 2019 09:06:54 GMT+0100 (CET);Thu Nov 07 2019 08:06:54 GMT+0100 (CET);1573114014000;1.75;407.03;10.81
1380556889530408;13.4;32.2;Thu Nov 07 2019 09:09:23 GMT+0100 (CET);Thu Nov 07 2019 08:09:23 GMT+0100 (CET);1573114163000;1.78;414.71;10.78
1380556889530408;13.4;35.4;Thu Nov 07 2019 09:11:16 GMT+0100 (CET);Thu Nov 07 2019 08:11:16 GMT+0100 (CET);1573114276000;1.8;422.39;10.82
1380556889530408;14.4;35.4;Thu Nov 07 2019 09:13:08 GMT+0100 (CET);Thu Nov 07 2019 08:13:08 GMT+0100 (CET);1573114388000;1.83;432.63;10.97
1380556889530408;14.4;35.4;Thu Nov 07 2019 09:15:02 GMT+0100 (CET);Thu Nov 07 2019 08:15:02 GMT+0100 (CET);1573114502000;1.85;437.75;11.03
1380556889530408;14.4;35.8;Thu Nov 07 2019 09:16:55 GMT+0100 (CET);Thu Nov 07 2019 08:16:55 GMT+0100 (CET);1573114615000;1.84;447.99;11.1
1380556889530408;17.5;36.9;Thu Nov 07 2019 09:18:51 GMT+0100 (CET);Thu Nov 07 2019 08:18:51 GMT+0100 (CET);1573114731000;1.88;450.55;11.01
1380556889530408;17.5;36.5;Thu Nov 07 2019 09:20:45 GMT+0100 (CET);Thu Nov 07 2019 08:20:45 GMT+0100 (CET);1573114845000;1.88;455.67;11.1
1380556889530408;19;36.8;Thu Nov 07 2019 09:22:38 GMT+0100 (CET);Thu Nov 07 2019 08:22:38 GMT+0100 (CET);1573114958000;1.94;460.79;11.07
1380556889530408;19;36;Thu Nov 07 2019 09:24:40 GMT+0100 (CET);Thu Nov 07 2019 08:24:40 GMT+0100 (CET);1573115080000;1.97;468.47;11.14
1380556889530408;19;35.8;Thu Nov 07 2019 09:26:35 GMT+0100 (CET);Thu Nov 07 2019 08:26:35 GMT+0100 (CET);1573115195000;2.02;476.15;11.25
1380556889530408;19;35.8;Thu Nov 07 2019 09:28:28 GMT+0100 (CET);Thu Nov 07 2019 08:28:28 GMT+0100 (CET);1573115308000;2.05;483.83;11.35
1380556889530408;19;35.8;Thu Nov 07 2019 09:30:21 GMT+0100 (CET);Thu Nov 07 2019 08:30:21 GMT+0100 (CET);1573115421000;2.07;488.95;11.42
1380556889530408;19.5;35.8;Thu Nov 07 2019 09:32:04 GMT+0100 (CET);Thu Nov 07 2019 08:32:04 GMT+0100 (CET);1573115524000;2.11;499.19;11.52
1380556889530408;19.5;35.8;Thu Nov 07 2019 09:33:56 GMT+0100 (CET);Thu Nov 07 2019 08:33:56 GMT+0100 (CET);1573115636000;2.08;491.51;11.48
1380556889530408;19.5;35.7;Thu Nov 07 2019 09:35:49 GMT+0100 (CET);Thu Nov 07 2019 08:35:49 GMT+0100 (CET);1573115749000;1.84;424.95;11.47
1380556889530408;21;35.8;Thu Nov 07 2019 09:37:43 GMT+0100 (CET);Thu Nov 07 2019 08:37:43 GMT+0100 (CET);1573115863000;2.18;514.55;11.64
1380556889530408;21;35.7;Thu Nov 07 2019 09:39:36 GMT+0100 (CET);Thu Nov 07 2019 08:39:36 GMT+0100 (CET);1573115976000;2.19;519.67;11.78
1380556889530408;21;35.6;Thu Nov 07 2019 09:41:29 GMT+0100 (CET);Thu Nov 07 2019 08:41:29 GMT+0100 (CET);1573116089000;2.22;519.67;11.83
1380556889530408;21;35.6;Thu Nov 07 2019 09:43:23 GMT+0100 (CET);Thu Nov 07 2019 08:43:23 GMT+0100 (CET);1573116203000;2.26;529.91;11.9
1380556889530408;21;35.5;Thu Nov 07 2019 09:45:16 GMT+0100 (CET);Thu Nov 07 2019 08:45:16 GMT+0100 (CET);1573116316000;2.22;524.79;11.84
1380556889530408;21.5;35.6;Thu Nov 07 2019 09:47:08 GMT+0100 (CET);Thu Nov 07 2019 08:47:08 GMT+0100 (CET);1573116428000;2.26;532.47;11.79
1380556889530408;21.5;35.6;Thu Nov 07 2019 09:49:01 GMT+0100 (CET);Thu Nov 07 2019 08:49:01 GMT+0100 (CET);1573116541000;2.3;545.27;11.92
1380556889530408;21.5;35.8;Thu Nov 07 2019 09:50:54 GMT+0100 (CET);Thu Nov 07 2019 08:50:54 GMT+0100 (CET);1573116654000;2.34;550.39;12
1380556889530408;21.5;35.6;Thu Nov 07 2019 09:52:47 GMT+0100 (CET);Thu Nov 07 2019 08:52:47 GMT+0100 (CET);1573116767000;2.38;560.63;12.07
1380556889530408;21.5;36;Thu Nov 07 2019 09:54:40 GMT+0100 (CET);Thu Nov 07 2019 08:54:40 GMT+0100 (CET);1573116880000;2.39;563.19;12.14
1380556889530408;21.5;36.3;Thu Nov 07 2019 09:56:33 GMT+0100 (CET);Thu Nov 07 2019 08:56:33 GMT+0100 (CET);1573116993000;2.42;575.99;12.21
1380556889530408;21.5;36;Thu Nov 07 2019 09:58:26 GMT+0100 (CET);Thu Nov 07 2019 08:58:26 GMT+0100 (CET);1573117106000;2.38;573.43;12.36
1380556889530408;23;36.4;Thu Nov 07 2019 10:00:18 GMT+0100 (CET);Thu Nov 07 2019 09:00:18 GMT+0100 (CET);1573117218000;2.42;575.99;12.6
1380556889530408;23;36.7;Thu Nov 07 2019 10:02:11 GMT+0100 (CET);Thu Nov 07 2019 09:02:11 GMT+0100 (CET);1573117331000;2.3;570.87;12.75
1380556889530408;23;36.3;Thu Nov 07 2019 10:04:05 GMT+0100 (CET);Thu Nov 07 2019 09:04:05 GMT+0100 (CET);1573117445000;2.37;563.19;12.88
1380556889530408;23.5;35.9;Thu Nov 07 2019 10:05:58 GMT+0100 (CET);Thu Nov 07 2019 09:05:58 GMT+0100 (CET);1573117558000;2.46;583.67;12.91
1380556889530408;23.5;35.9;Thu Nov 07 2019 10:07:51 GMT+0100 (CET);Thu Nov 07 2019 09:07:51 GMT+0100 (CET);1573117671000;2.43;578.55;13
1380556889530408;23.5;35.8;Thu Nov 07 2019 10:09:45 GMT+0100 (CET);Thu Nov 07 2019 09:09:45 GMT+0100 (CET);1573117785000;2.49;591.35;13.05
1380556889530408;23.5;35.9;Thu Nov 07 2019 10:11:38 GMT+0100 (CET);Thu Nov 07 2019 09:11:38 GMT+0100 (CET);1573117898000;2.53;591.35;13.14
1380556889530408;23.5;35.1;Thu Nov 07 2019 10:13:32 GMT+0100 (CET);Thu Nov 07 2019 09:13:32 GMT+0100 (CET);1573118012000;2.3;558.07;12.99
1380556889530408;25;36.5;Thu Nov 07 2019 10:15:26 GMT+0100 (CET);Thu Nov 07 2019 09:15:26 GMT+0100 (CET);1573118126000;2.54;609.27;13
1380556889530408;25;36.3;Thu Nov 07 2019 10:17:18 GMT+0100 (CET);Thu Nov 07 2019 09:17:18 GMT+0100 (CET);1573118238000;2.52;601.59;13.14
1380556889530408;25;36.3;Thu Nov 07 2019 10:19:11 GMT+0100 (CET);Thu Nov 07 2019 09:19:11 GMT+0100 (CET);1573118351000;2.57;614.39;13.21
1380556889530408;25;36.1;Thu Nov 07 2019 10:21:04 GMT+0100 (CET);Thu Nov 07 2019 09:21:04 GMT+0100 (CET);1573118464000;2.45;573.43;13.3
1380556889530408;25;36;Thu Nov 07 2019 10:23:04 GMT+0100 (CET);Thu Nov 07 2019 09:23:04 GMT+0100 (CET);1573118584000;2.45;583.67;13.48
1380556889530408;25;35.9;Thu Nov 07 2019 10:24:57 GMT+0100 (CET);Thu Nov 07 2019 09:24:57 GMT+0100 (CET);1573118697000;2.21;519.67;13.24
1380556889530408;25;36;Thu Nov 07 2019 10:26:53 GMT+0100 (CET);Thu Nov 07 2019 09:26:53 GMT+0100 (CET);1573118813000;2.65;632.31;13.07
1380556889530408;25.5;36;Thu Nov 07 2019 10:28:47 GMT+0100 (CET);Thu Nov 07 2019 09:28:47 GMT+0100 (CET);1573118927000;2.53;604.15;13.07
1380556889530408;25.5;35.5;Thu Nov 07 2019 10:30:40 GMT+0100 (CET);Thu Nov 07 2019 09:30:40 GMT+0100 (CET);1573119040000;2.68;634.87;13.25
1380556889530408;25.5;36;Thu Nov 07 2019 10:32:32 GMT+0100 (CET);Thu Nov 07 2019 09:32:32 GMT+0100 (CET);1573119152000;2.74;647.67;13.4
1380556889530408;25.5;35.7;Thu Nov 07 2019 10:34:25 GMT+0100 (CET);Thu Nov 07 2019 09:34:25 GMT+0100 (CET);1573119265000;2.62;606.71;13.5
1380556889530408;25.5;35.9;Thu Nov 07 2019 10:36:18 GMT+0100 (CET);Thu Nov 07 2019 09:36:18 GMT+0100 (CET);1573119378000;2.68;645.11;13.6
1380556889530408;27;36;Thu Nov 07 2019 10:38:10 GMT+0100 (CET);Thu Nov 07 2019 09:38:10 GMT+0100 (CET);1573119490000;1.4;371.19;13.61
1380556889530408;27;32.6;Thu Nov 07 2019 10:40:04 GMT+0100 (CET);Thu Nov 07 2019 09:40:04 GMT+0100 (CET);1573119604000;2.75;673.73;13.42
1380556889530408;27;36.4;Thu Nov 07 2019 10:41:57 GMT+0100 (CET);Thu Nov 07 2019 09:41:57 GMT+0100 (CET);1573119717000;1.75;394.23;13.56
1380556889530408;27;36.2;Thu Nov 07 2019 10:43:50 GMT+0100 (CET);Thu Nov 07 2019 09:43:50 GMT+0100 (CET);1573119830000;2.89;687.42;13.62
1380556889530408;27;35.2;Thu Nov 07 2019 10:45:42 GMT+0100 (CET);Thu Nov 07 2019 09:45:42 GMT+0100 (CET);1573119942000;2.3;494.07;13.75
1380556889530408;27;36;Thu Nov 07 2019 10:47:35 GMT+0100 (CET);Thu Nov 07 2019 09:47:35 GMT+0100 (CET);1573120055000;2.54;601.59;13.65
1380556889530408;27;35.7;Thu Nov 07 2019 10:50:00 GMT+0100 (CET);Thu Nov 07 2019 09:50:00 GMT+0100 (CET);1573120200000;2.78;656.44;13.69
1380556889530408;27;35.9;Thu Nov 07 2019 10:51:52 GMT+0100 (CET);Thu Nov 07 2019 09:51:52 GMT+0100 (CET);1573120312000;2.83;664.84;13.82
1380556889530408;27;35.9;Thu Nov 07 2019 10:53:45 GMT+0100 (CET);Thu Nov 07 2019 09:53:45 GMT+0100 (CET);1573120425000;2.37;575.99;13.97
1380556889530408;27;35.9;Thu Nov 07 2019 10:55:41 GMT+0100 (CET);Thu Nov 07 2019 09:55:41 GMT+0100 (CET);1573120541000;2.87;684.15;14.08
1380556889530408;27;35.8;Thu Nov 07 2019 10:57:43 GMT+0100 (CET);Thu Nov 07 2019 09:57:43 GMT+0100 (CET);1573120663000;2.94;689.27;14.25
1380556889530408;27;34.3;Thu Nov 07 2019 10:59:36 GMT+0100 (CET);Thu Nov 07 2019 09:59:36 GMT+0100 (CET);1573120776000;2.75;657.39;14.19
1380556889530408;27;35.9;Thu Nov 07 2019 11:01:29 GMT+0100 (CET);Thu Nov 07 2019 10:01:29 GMT+0100 (CET);1573120889000;3.07;726.2;14.29
1380556889530408;27;35.8;Thu Nov 07 2019 11:03:22 GMT+0100 (CET);Thu Nov 07 2019 10:03:22 GMT+0100 (CET);1573121002000;3.13;714.3;14.5
1380556889530408;27;35.4;Thu Nov 07 2019 11:05:31 GMT+0100 (CET);Thu Nov 07 2019 10:05:31 GMT+0100 (CET);1573121131000;2.61;593.91;14.58
1380556889530408;27;35;Thu Nov 07 2019 11:07:23 GMT+0100 (CET);Thu Nov 07 2019 10:07:23 GMT+0100 (CET);1573121243000;1.56;296.05;14.31
1380556889530408;27;34.9;Thu Nov 07 2019 11:09:18 GMT+0100 (CET);Thu Nov 07 2019 10:09:18 GMT+0100 (CET);1573121358000;0.83;193.16;13.85
1380556889530408;27;35.9;Thu Nov 07 2019 11:11:15 GMT+0100 (CET);Thu Nov 07 2019 10:11:15 GMT+0100 (CET);1573121475000;1.55;381.43;13.41
1380556889530408;27;36.6;Thu Nov 07 2019 11:13:09 GMT+0100 (CET);Thu Nov 07 2019 10:13:09 GMT+0100 (CET);1573121589000;3.04;768.01;13.32
1380556889530408;27;36.3;Thu Nov 07 2019 11:15:02 GMT+0100 (CET);Thu Nov 07 2019 10:15:02 GMT+0100 (CET);1573121702000;3.26;760.28;13.84
1380556889530408;27;35.7;Thu Nov 07 2019 11:16:55 GMT+0100 (CET);Thu Nov 07 2019 10:16:55 GMT+0100 (CET);1573121815000;3.2;743.82;14.32
1380556889530408;27;35.6;Thu Nov 07 2019 11:18:51 GMT+0100 (CET);Thu Nov 07 2019 10:18:51 GMT+0100 (CET);1573121931000;3.24;754.13;14.71
1380556889530408;27.5;34.1;Thu Nov 07 2019 11:21:19 GMT+0100 (CET);Thu Nov 07 2019 10:21:19 GMT+0100 (CET);1573122079000;0.79;180.67;14.95
1380556889530408;27.5;36.5;Thu Nov 07 2019 11:23:12 GMT+0100 (CET);Thu Nov 07 2019 10:23:12 GMT+0100 (CET);1573122192000;3.39;789.97;14.57
1380556889530408;27;35.6;Thu Nov 07 2019 11:25:05 GMT+0100 (CET);Thu Nov 07 2019 10:25:05 GMT+0100 (CET);1573122305000;2.83;632.31;14.73
1380556889530408;27;36.7;Thu Nov 07 2019 11:26:58 GMT+0100 (CET);Thu Nov 07 2019 10:26:58 GMT+0100 (CET);1573122418000;3.13;709.1;14.43
1380556889530408;27;37.5;Thu Nov 07 2019 11:28:50 GMT+0100 (CET);Thu Nov 07 2019 10:28:50 GMT+0100 (CET);1573122530000;1.48;386.55;14.12
1380556889530408;27;36;Thu Nov 07 2019 11:30:43 GMT+0100 (CET);Thu Nov 07 2019 10:30:43 GMT+0100 (CET);1573122643000;3.31;770.45;14.01
1380556889530408;27;37.2;Thu Nov 07 2019 11:32:36 GMT+0100 (CET);Thu Nov 07 2019 10:32:36 GMT+0100 (CET);1573122756000;2.38;586.23;14.5
1380556889530408;27;35;Thu Nov 07 2019 11:34:29 GMT+0100 (CET);Thu Nov 07 2019 10:34:29 GMT+0100 (CET);1573122869000;3.4;775.02;14.85
1380556889530408;27;34.9;Thu Nov 07 2019 11:36:40 GMT+0100 (CET);Thu Nov 07 2019 10:36:40 GMT+0100 (CET);1573123000000;3.33;756.01;15.07
1380556889530408;27.5;34.8;Thu Nov 07 2019 11:38:38 GMT+0100 (CET);Thu Nov 07 2019 10:38:38 GMT+0100 (CET);1573123118000;3.23;737.35;15.32
1380556889530408;27.5;34.8;Thu Nov 07 2019 11:40:31 GMT+0100 (CET);Thu Nov 07 2019 10:40:31 GMT+0100 (CET);1573123231000;3.14;693.7;15.56
1380556889530408;29;34.8;Thu Nov 07 2019 11:42:25 GMT+0100 (CET);Thu Nov 07 2019 10:42:25 GMT+0100 (CET);1573123345000;2.97;695.28;15.78
1380556889530408;29;34.8;Thu Nov 07 2019 11:44:19 GMT+0100 (CET);Thu Nov 07 2019 10:44:19 GMT+0100 (CET);1573123459000;3.12;720.21;16.14
1380556889530408;29;33;Thu Nov 07 2019 11:46:12 GMT+0100 (CET);Thu Nov 07 2019 10:46:12 GMT+0100 (CET);1573123572000;1.28;214.75;16.14
1380556889530408;29;34.8;Thu Nov 07 2019 11:48:07 GMT+0100 (CET);Thu Nov 07 2019 10:48:07 GMT+0100 (CET);1573123687000;3.16;719.75;15.91
1380556889530408;29;34.7;Thu Nov 07 2019 11:50:00 GMT+0100 (CET);Thu Nov 07 2019 10:50:00 GMT+0100 (CET);1573123800000;3.08;702.08;16.01
1380556889530408;29;34.9;Thu Nov 07 2019 11:52:24 GMT+0100 (CET);Thu Nov 07 2019 10:52:24 GMT+0100 (CET);1573123944000;3.1;710.97;15.62
1380556889530408;29;34.9;Thu Nov 07 2019 11:54:20 GMT+0100 (CET);Thu Nov 07 2019 10:54:20 GMT+0100 (CET);1573124060000;3.09;708.7;15.64
1380556889530408;29;34.1;Thu Nov 07 2019 11:56:13 GMT+0100 (CET);Thu Nov 07 2019 10:56:13 GMT+0100 (CET);1573124173000;2.44;558.07;15.85
1380556889530408;29;35;Thu Nov 07 2019 11:58:06 GMT+0100 (CET);Thu Nov 07 2019 10:58:06 GMT+0100 (CET);1573124286000;3.18;731.97;15.53
1380556889530408;29;35;Thu Nov 07 2019 12:00:01 GMT+0100 (CET);Thu Nov 07 2019 11:00:01 GMT+0100 (CET);1573124401000;3.15;719.15;15.38
1380556889530408;29;33.7;Thu Nov 07 2019 12:01:55 GMT+0100 (CET);Thu Nov 07 2019 11:01:55 GMT+0100 (CET);1573124515000;0.57;134.12;15.42
1380556889530408;29;35.9;Thu Nov 07 2019 12:03:53 GMT+0100 (CET);Thu Nov 07 2019 11:03:53 GMT+0100 (CET);1573124633000;3.35;766.89;15.18
1380556889530408;29;35.6;Thu Nov 07 2019 12:05:47 GMT+0100 (CET);Thu Nov 07 2019 11:05:47 GMT+0100 (CET);1573124747000;3.37;752.81;15.25
1380556889530408;29;35;Thu Nov 07 2019 12:07:42 GMT+0100 (CET);Thu Nov 07 2019 11:07:42 GMT+0100 (CET);1573124862000;3.09;695.58;15.4
1380556889530408;29;34.9;Thu Nov 07 2019 12:09:35 GMT+0100 (CET);Thu Nov 07 2019 11:09:35 GMT+0100 (CET);1573124975000;2.54;540.15;15.48
1380556889530408;29;34.9;Thu Nov 07 2019 12:11:29 GMT+0100 (CET);Thu Nov 07 2019 11:11:29 GMT+0100 (CET);1573125089000;2.49;575.99;15.49
1380556889530408;29;34.9;Thu Nov 07 2019 12:13:22 GMT+0100 (CET);Thu Nov 07 2019 11:13:22 GMT+0100 (CET);1573125202000;2.52;581.11;15.56
1380556889530408;29;34.8;Thu Nov 07 2019 12:15:17 GMT+0100 (CET);Thu Nov 07 2019 11:15:17 GMT+0100 (CET);1573125317000;2.36;537.59;15.62
1380556889530408;27.5;35;Thu Nov 07 2019 12:17:11 GMT+0100 (CET);Thu Nov 07 2019 11:17:11 GMT+0100 (CET);1573125431000;2.45;555.51;15.6
1380556889530408;27.5;34.9;Thu Nov 07 2019 12:19:04 GMT+0100 (CET);Thu Nov 07 2019 11:19:04 GMT+0100 (CET);1573125544000;1.64;383.99;15.49
1380556889530408;27.5;35.1;Thu Nov 07 2019 12:20:57 GMT+0100 (CET);Thu Nov 07 2019 11:20:57 GMT+0100 (CET);1573125657000;2.56;578.55;15.3
1380556889530408;27.5;35.3;Thu Nov 07 2019 12:23:13 GMT+0100 (CET);Thu Nov 07 2019 11:23:13 GMT+0100 (CET);1573125793000;2.95;671.47;15.49
1380556889530408;27.5;35.2;Thu Nov 07 2019 12:25:07 GMT+0100 (CET);Thu Nov 07 2019 11:25:07 GMT+0100 (CET);1573125907000;2.89;658.77;15.6
1380556889530408;27.5;35;Thu Nov 07 2019 12:27:01 GMT+0100 (CET);Thu Nov 07 2019 11:27:01 GMT+0100 (CET);1573126021000;2.89;660.32;15.91
1380556889530408;27.5;35;Thu Nov 07 2019 12:28:54 GMT+0100 (CET);Thu Nov 07 2019 11:28:54 GMT+0100 (CET);1573126134000;1.5;235.4;16.19
1380556889530408;27.5;35.3;Thu Nov 07 2019 12:30:48 GMT+0100 (CET);Thu Nov 07 2019 11:30:48 GMT+0100 (CET);1573126248000;1.95;447.99;15.91
1380556889530408;27.5;35.4;Thu Nov 07 2019 12:32:41 GMT+0100 (CET);Thu Nov 07 2019 11:32:41 GMT+0100 (CET);1573126361000;2.1;483.83;15.61
1380556889530408;27.5;35.6;Thu Nov 07 2019 12:34:34 GMT+0100 (CET);Thu Nov 07 2019 11:34:34 GMT+0100 (CET);1573126474000;2.73;627.19;15.61
1380556889530408;27.5;35.4;Thu Nov 07 2019 12:36:26 GMT+0100 (CET);Thu Nov 07 2019 11:36:26 GMT+0100 (CET);1573126586000;2.69;604.15;15.82
1380556889530408;27.5;35;Thu Nov 07 2019 12:38:43 GMT+0100 (CET);Thu Nov 07 2019 11:38:43 GMT+0100 (CET);1573126723000;1.28;291.64;15.89
1380556889530408;28;35.4;Thu Nov 07 2019 12:40:36 GMT+0100 (CET);Thu Nov 07 2019 11:40:36 GMT+0100 (CET);1573126836000;1.3;314.32;15.54
1380556889530408;28;35.6;Thu Nov 07 2019 12:42:30 GMT+0100 (CET);Thu Nov 07 2019 11:42:30 GMT+0100 (CET);1573126950000;1.87;427.51;15.31
1380556889530408;27;35.6;Thu Nov 07 2019 12:44:23 GMT+0100 (CET);Thu Nov 07 2019 11:44:23 GMT+0100 (CET);1573127063000;1.74;373.75;15.17
1380556889530408;27;35.4;Thu Nov 07 2019 12:46:24 GMT+0100 (CET);Thu Nov 07 2019 11:46:24 GMT+0100 (CET);1573127184000;1.72;383.99;14.96
1380556889530408;27;35.6;Thu Nov 07 2019 12:48:17 GMT+0100 (CET);Thu Nov 07 2019 11:48:17 GMT+0100 (CET);1573127297000;1.3;300.67;14.82
1380556889530408;27;35.8;Thu Nov 07 2019 12:50:10 GMT+0100 (CET);Thu Nov 07 2019 11:50:10 GMT+0100 (CET);1573127410000;1.17;267.21;14.44
1380556889530408;27;35.9;Thu Nov 07 2019 12:52:02 GMT+0100 (CET);Thu Nov 07 2019 11:52:02 GMT+0100 (CET);1573127522000;1.19;271.62;14.19
1380556889530408;25.5;36;Thu Nov 07 2019 12:54:13 GMT+0100 (CET);Thu Nov 07 2019 11:54:13 GMT+0100 (CET);1573127653000;1.14;260.58;13.85
1380556889530408;25.5;36.1;Thu Nov 07 2019 12:56:06 GMT+0100 (CET);Thu Nov 07 2019 11:56:06 GMT+0100 (CET);1573127766000;1.14;258.94;13.69
1380556889530408;25;36.1;Thu Nov 07 2019 12:57:58 GMT+0100 (CET);Thu Nov 07 2019 11:57:58 GMT+0100 (CET);1573127878000;1.1;251.5;13.62
1380556889530408;25;36.2;Thu Nov 07 2019 12:59:52 GMT+0100 (CET);Thu Nov 07 2019 11:59:52 GMT+0100 (CET);1573127992000;1.17;267.59;13.52
1380556889530408;25;36.1;Thu Nov 07 2019 13:01:49 GMT+0100 (CET);Thu Nov 07 2019 12:01:49 GMT+0100 (CET);1573128109000;1.39;303.94;13.51
1380556889530408;23.5;36.3;Thu Nov 07 2019 13:03:42 GMT+0100 (CET);Thu Nov 07 2019 12:03:42 GMT+0100 (CET);1573128222000;2.11;471.03;13.55
1380556889530408;23.5;36.2;Thu Nov 07 2019 13:05:35 GMT+0100 (CET);Thu Nov 07 2019 12:05:35 GMT+0100 (CET);1573128335000;1.25;264.44;13.73
1380556889530408;23;35.6;Thu Nov 07 2019 13:07:28 GMT+0100 (CET);Thu Nov 07 2019 12:07:28 GMT+0100 (CET);1573128448000;1.12;245.96;13.69
1380556889530408;23;35.6;Thu Nov 07 2019 13:09:44 GMT+0100 (CET);Thu Nov 07 2019 12:09:44 GMT+0100 (CET);1573128584000;1.13;249.2;13.61
1380556889530408;23;35.9;Thu Nov 07 2019 13:11:38 GMT+0100 (CET);Thu Nov 07 2019 12:11:38 GMT+0100 (CET);1573128698000;1.17;257.31;13.56
1380556889530408;22.5;36.4;Thu Nov 07 2019 13:15:23 GMT+0100 (CET);Thu Nov 07 2019 12:15:23 GMT+0100 (CET);1573128923000;1.67;383.99;13.75
1380556889530408;23;36.2;Thu Nov 07 2019 13:17:19 GMT+0100 (CET);Thu Nov 07 2019 12:17:19 GMT+0100 (CET);1573129039000;1.76;391.67;13.96
1380556889530408;23;36;Thu Nov 07 2019 13:19:15 GMT+0100 (CET);Thu Nov 07 2019 12:19:15 GMT+0100 (CET);1573129155000;1.75;383.99;14.1
1380556889530408;22.5;35.7;Thu Nov 07 2019 13:21:09 GMT+0100 (CET);Thu Nov 07 2019 12:21:09 GMT+0100 (CET);1573129269000;1.45;310.35;14.17
1380556889530408;22.5;35.7;Thu Nov 07 2019 13:23:01 GMT+0100 (CET);Thu Nov 07 2019 12:23:01 GMT+0100 (CET);1573129381000;1.35;293.28;14.21
1380556889530408;23;35.7;Thu Nov 07 2019 13:25:19 GMT+0100 (CET);Thu Nov 07 2019 12:25:19 GMT+0100 (CET);1573129519000;1.28;283.04;14.28
1380556889530408;23;35.8;Thu Nov 07 2019 13:27:15 GMT+0100 (CET);Thu Nov 07 2019 12:27:15 GMT+0100 (CET);1573129635000;1.21;267.76;14.21
1380556889530408;23;35.7;Thu Nov 07 2019 13:29:08 GMT+0100 (CET);Thu Nov 07 2019 12:29:08 GMT+0100 (CET);1573129748000;1.22;272.13;14.18
1380556889530408;23;35.7;Thu Nov 07 2019 13:31:00 GMT+0100 (CET);Thu Nov 07 2019 12:31:00 GMT+0100 (CET);1573129860000;1.12;250.04;14.13
1380556889530408;23;35.8;Thu Nov 07 2019 13:32:57 GMT+0100 (CET);Thu Nov 07 2019 12:32:57 GMT+0100 (CET);1573129977000;1.48;299.58;14.07
1380556889530408;23;35.8;Thu Nov 07 2019 13:34:50 GMT+0100 (CET);Thu Nov 07 2019 12:34:50 GMT+0100 (CET);1573130090000;1.26;278.9;14.07
1380556889530408;23;35.4;Thu Nov 07 2019 13:36:46 GMT+0100 (CET);Thu Nov 07 2019 12:36:46 GMT+0100 (CET);1573130206000;1.14;250.73;14.02
1380556889530408;23;35.4;Thu Nov 07 2019 13:38:40 GMT+0100 (CET);Thu Nov 07 2019 12:38:40 GMT+0100 (CET);1573130320000;1.1;241.24;13.91
1380556889530408;21.5;35.3;Thu Nov 07 2019 13:40:43 GMT+0100 (CET);Thu Nov 07 2019 12:40:43 GMT+0100 (CET);1573130443000;1.04;224.66;13.74
1380556889530408;21.5;35.2;Thu Nov 07 2019 13:42:36 GMT+0100 (CET);Thu Nov 07 2019 12:42:36 GMT+0100 (CET);1573130556000;0.95;201.97;13.63
1380556889530408;21.5;35;Thu Nov 07 2019 13:44:29 GMT+0100 (CET);Thu Nov 07 2019 12:44:29 GMT+0100 (CET);1573130669000;0.86;183.8;13.56
1380556889530408;21.5;34.5;Thu Nov 07 2019 13:46:23 GMT+0100 (CET);Thu Nov 07 2019 12:46:23 GMT+0100 (CET);1573130783000;0.75;157;13.49
1380556889530408;21.5;34.1;Thu Nov 07 2019 13:48:27 GMT+0100 (CET);Thu Nov 07 2019 12:48:27 GMT+0100 (CET);1573130907000;0.61;127.42;13.35
1380556889530408;21;33.7;Thu Nov 07 2019 13:50:23 GMT+0100 (CET);Thu Nov 07 2019 12:50:23 GMT+0100 (CET);1573131023000;0.53;112.98;13.22
1380556889530408;21;33.6;Thu Nov 07 2019 13:52:16 GMT+0100 (CET);Thu Nov 07 2019 12:52:16 GMT+0100 (CET);1573131136000;0.43;92.98;13.06
1380556889530408;19.5;33.5;Thu Nov 07 2019 13:54:09 GMT+0100 (CET);Thu Nov 07 2019 12:54:09 GMT+0100 (CET);1573131249000;0.36;76.35;12.84
1380556889530408;19.5;33.5;Thu Nov 07 2019 13:56:26 GMT+0100 (CET);Thu Nov 07 2019 12:56:26 GMT+0100 (CET);1573131386000;0.28;61.56;12.61
1380556889530408;19.5;33.4;Thu Nov 07 2019 13:58:18 GMT+0100 (CET);Thu Nov 07 2019 12:58:18 GMT+0100 (CET);1573131498000;0.25;55.82;12.42
1380556889530408;19;32.8;Thu Nov 07 2019 14:00:11 GMT+0100 (CET);Thu Nov 07 2019 13:00:11 GMT+0100 (CET);1573131611000;0.26;56.72;12.26
1380556889530408;19;33;Thu Nov 07 2019 14:02:04 GMT+0100 (CET);Thu Nov 07 2019 13:02:04 GMT+0100 (CET);1573131724000;0.31;65.62;12.14
1380556889530408;17.5;33.1;Thu Nov 07 2019 14:04:08 GMT+0100 (CET);Thu Nov 07 2019 13:04:08 GMT+0100 (CET);1573131848000;0.39;83.01;12.05
1380556889530408;17.5;33.6;Thu Nov 07 2019 14:06:01 GMT+0100 (CET);Thu Nov 07 2019 13:06:01 GMT+0100 (CET);1573131961000;0.42;88.7;12.02
1380556889530408;17;33.9;Thu Nov 07 2019 14:07:54 GMT+0100 (CET);Thu Nov 07 2019 13:07:54 GMT+0100 (CET);1573132074000;0.42;87.65;12.01
1380556889530408;17;33.7;Thu Nov 07 2019 14:09:49 GMT+0100 (CET);Thu Nov 07 2019 13:09:49 GMT+0100 (CET);1573132189000;0.4;82.17;11.99
1380556889530408;17;33.7;Thu Nov 07 2019 14:11:42 GMT+0100 (CET);Thu Nov 07 2019 13:11:42 GMT+0100 (CET);1573132302000;0.37;77.23;11.98
1380556889530408;17;33.6;Thu Nov 07 2019 14:13:34 GMT+0100 (CET);Thu Nov 07 2019 13:13:34 GMT+0100 (CET);1573132414000;0.36;73.38;11.97
1380556889530408;17;33.5;Thu Nov 07 2019 14:15:27 GMT+0100 (CET);Thu Nov 07 2019 13:15:27 GMT+0100 (CET);1573132527000;0.37;73.59;11.99
1380556889530408;17;33.5;Thu Nov 07 2019 14:17:20 GMT+0100 (CET);Thu Nov 07 2019 13:17:20 GMT+0100 (CET);1573132640000;0.38;75.3;11.99
1380556889530408;17;33.5;Thu Nov 07 2019 14:19:36 GMT+0100 (CET);Thu Nov 07 2019 13:19:36 GMT+0100 (CET);1573132776000;0.36;71.03;12.01
1380556889530408;17;33.5;Thu Nov 07 2019 14:21:29 GMT+0100 (CET);Thu Nov 07 2019 13:21:29 GMT+0100 (CET);1573132889000;0.33;65.43;12
1380556889530408;17;33.4;Thu Nov 07 2019 14:23:22 GMT+0100 (CET);Thu Nov 07 2019 13:23:22 GMT+0100 (CET);1573133002000;0.3;61.06;11.97
1380556889530408;17;33.3;Thu Nov 07 2019 14:25:14 GMT+0100 (CET);Thu Nov 07 2019 13:25:14 GMT+0100 (CET);1573133114000;0.3;60.29;11.94
1380556889530408;14.4;33.5;Thu Nov 07 2019 14:27:07 GMT+0100 (CET);Thu Nov 07 2019 13:27:07 GMT+0100 (CET);1573133227000;0.32;65.48;11.9
1380556889530408;14.4;33.8;Thu Nov 07 2019 14:29:06 GMT+0100 (CET);Thu Nov 07 2019 13:29:06 GMT+0100 (CET);1573133346000;0.38;80.41;11.85
1380556889530408;17;34.1;Thu Nov 07 2019 14:31:00 GMT+0100 (CET);Thu Nov 07 2019 13:31:00 GMT+0100 (CET);1573133460000;0.45;95.5;11.87
1380556889530408;17;34.3;Thu Nov 07 2019 14:32:52 GMT+0100 (CET);Thu Nov 07 2019 13:32:52 GMT+0100 (CET);1573133572000;0.5;106.05;11.88
1380556889530408;17;34.6;Thu Nov 07 2019 14:35:09 GMT+0100 (CET);Thu Nov 07 2019 13:35:09 GMT+0100 (CET);1573133709000;0.54;116.94;11.91
1380556889530408;17;34.7;Thu Nov 07 2019 14:37:07 GMT+0100 (CET);Thu Nov 07 2019 13:37:07 GMT+0100 (CET);1573133827000;0.58;126.57;12
1380556889530408;17;35;Thu Nov 07 2019 14:39:00 GMT+0100 (CET);Thu Nov 07 2019 13:39:00 GMT+0100 (CET);1573133940000;0.58;124.28;12.04
1380556889530408;17;35.4;Thu Nov 07 2019 14:40:53 GMT+0100 (CET);Thu Nov 07 2019 13:40:53 GMT+0100 (CET);1573134053000;0.63;140.38;12.1
1380556889530408;17;35.9;Thu Nov 07 2019 14:42:46 GMT+0100 (CET);Thu Nov 07 2019 13:42:46 GMT+0100 (CET);1573134166000;0.64;144.1;12.21
1380556889530408;17;35.7;Thu Nov 07 2019 14:44:30 GMT+0100 (CET);Thu Nov 07 2019 13:44:30 GMT+0100 (CET);1573134270000;0.64;144.67;12.28
1380556889530408;17;36.3;Thu Nov 07 2019 14:46:22 GMT+0100 (CET);Thu Nov 07 2019 13:46:22 GMT+0100 (CET);1573134382000;0.76;178.61;12.37
1380556889530408;17;36.1;Thu Nov 07 2019 14:48:15 GMT+0100 (CET);Thu Nov 07 2019 13:48:15 GMT+0100 (CET);1573134495000;0.71;160.97;12.52
1380556889530408;17.5;35.9;Thu Nov 07 2019 14:50:09 GMT+0100 (CET);Thu Nov 07 2019 13:50:09 GMT+0100 (CET);1573134609000;0.72;166.5;12.59
1380556889530408;17.5;36;Thu Nov 07 2019 14:52:02 GMT+0100 (CET);Thu Nov 07 2019 13:52:02 GMT+0100 (CET);1573134722000;0.72;159.96;12.66
1380556889530408;17.5;35.3;Thu Nov 07 2019 14:53:55 GMT+0100 (CET);Thu Nov 07 2019 13:53:55 GMT+0100 (CET);1573134835000;0.64;139.98;12.74
1380556889530408;17.5;35.2;Thu Nov 07 2019 14:55:56 GMT+0100 (CET);Thu Nov 07 2019 13:55:56 GMT+0100 (CET);1573134956000;0.62;136.47;12.66
1380556889530408;17.5;36.3;Thu Nov 07 2019 14:57:49 GMT+0100 (CET);Thu Nov 07 2019 13:57:49 GMT+0100 (CET);1573135069000;0.65;154.46;12.6
1380556889530408;19;36;Thu Nov 07 2019 14:59:43 GMT+0100 (CET);Thu Nov 07 2019 13:59:43 GMT+0100 (CET);1573135183000;0.64;151.61;12.6
1380556889530408;19;35.6;Thu Nov 07 2019 15:01:39 GMT+0100 (CET);Thu Nov 07 2019 14:01:39 GMT+0100 (CET);1573135299000;0.47;104.07;12.57
1380556889530408;19;34.4;Thu Nov 07 2019 15:03:39 GMT+0100 (CET);Thu Nov 07 2019 14:03:39 GMT+0100 (CET);1573135419000;0.45;95.7;12.46
1380556889530408;19;34;Thu Nov 07 2019 15:05:33 GMT+0100 (CET);Thu Nov 07 2019 14:05:33 GMT+0100 (CET);1573135533000;0.43;90.92;12.32
1380556889530408;19;33.8;Thu Nov 07 2019 15:07:26 GMT+0100 (CET);Thu Nov 07 2019 14:07:26 GMT+0100 (CET);1573135646000;0.42;86.78;12.16
1380556889530408;17;33.7;Thu Nov 07 2019 15:09:19 GMT+0100 (CET);Thu Nov 07 2019 14:09:19 GMT+0100 (CET);1573135759000;0.39;81.89;12.07
1380556889530408;17;33.7;Thu Nov 07 2019 15:11:18 GMT+0100 (CET);Thu Nov 07 2019 14:11:18 GMT+0100 (CET);1573135878000;0.35;72.78;11.97
1380556889530408;17;33.6;Thu Nov 07 2019 15:13:11 GMT+0100 (CET);Thu Nov 07 2019 14:13:11 GMT+0100 (CET);1573135991000;0.29;62.67;11.93
1380556889530408;17;33.6;Thu Nov 07 2019 15:15:05 GMT+0100 (CET);Thu Nov 07 2019 14:15:05 GMT+0100 (CET);1573136105000;0.26;55.28;11.89
1380556889530408;17;33.4;Thu Nov 07 2019 15:16:58 GMT+0100 (CET);Thu Nov 07 2019 14:16:58 GMT+0100 (CET);1573136218000;0.23;48.06;11.87
1380556889530408;17;33;Thu Nov 07 2019 15:19:17 GMT+0100 (CET);Thu Nov 07 2019 14:19:17 GMT+0100 (CET);1573136357000;0.2;41.45;11.81
1380556889530408;17;32.3;Thu Nov 07 2019 15:21:10 GMT+0100 (CET);Thu Nov 07 2019 14:21:10 GMT+0100 (CET);1573136470000;0.2;40.3;11.76
1380556889530408;14.4;32.2;Thu Nov 07 2019 15:23:03 GMT+0100 (CET);Thu Nov 07 2019 14:23:03 GMT+0100 (CET);1573136583000;0.2;41.94;11.73
1380556889530408;14.4;32.4;Thu Nov 07 2019 15:24:56 GMT+0100 (CET);Thu Nov 07 2019 14:24:56 GMT+0100 (CET);1573136696000;0.2;40.92;11.7
1380556889530408;14.4;32.2;Thu Nov 07 2019 15:26:54 GMT+0100 (CET);Thu Nov 07 2019 14:26:54 GMT+0100 (CET);1573136814000;0.18;37.16;11.65
1380556889530408;14.4;32.3;Thu Nov 07 2019 15:28:47 GMT+0100 (CET);Thu Nov 07 2019 14:28:47 GMT+0100 (CET);1573136927000;0.17;34.42;11.62
1380556889530408;14.4;33;Thu Nov 07 2019 15:30:40 GMT+0100 (CET);Thu Nov 07 2019 14:30:40 GMT+0100 (CET);1573137040000;0.22;56.76;11.61
1380556889530408;14.4;34.9;Thu Nov 07 2019 15:32:34 GMT+0100 (CET);Thu Nov 07 2019 14:32:34 GMT+0100 (CET);1573137154000;0.25;51.88;11.61
1380556889530408;14.4;33.2;Thu Nov 07 2019 15:34:46 GMT+0100 (CET);Thu Nov 07 2019 14:34:46 GMT+0100 (CET);1573137286000;0.28;58.07;11.61
1380556889530408;14.4;33.2;Thu Nov 07 2019 15:36:45 GMT+0100 (CET);Thu Nov 07 2019 14:36:45 GMT+0100 (CET);1573137405000;0.32;65.18;11.6
1380556889530408;14.4;33.5;Thu Nov 07 2019 15:38:37 GMT+0100 (CET);Thu Nov 07 2019 14:38:37 GMT+0100 (CET);1573137517000;0.29;58.99;11.63
1380556889530408;14.4;33.3;Thu Nov 07 2019 15:40:30 GMT+0100 (CET);Thu Nov 07 2019 14:40:30 GMT+0100 (CET);1573137630000;0.25;51.79;11.63
1380556889530408;14.4;33.3;Thu Nov 07 2019 15:42:23 GMT+0100 (CET);Thu Nov 07 2019 14:42:23 GMT+0100 (CET);1573137743000;0.21;43.66;11.6
1380556889530408;14.4;33.3;Thu Nov 07 2019 15:44:17 GMT+0100 (CET);Thu Nov 07 2019 14:44:17 GMT+0100 (CET);1573137857000;0.16;34.71;11.6
1380556889530408;14.4;33.1;Thu Nov 07 2019 15:46:10 GMT+0100 (CET);Thu Nov 07 2019 14:46:10 GMT+0100 (CET);1573137970000;0.14;29.49;11.58
1380556889530408;14.4;31.9;Thu Nov 07 2019 15:48:02 GMT+0100 (CET);Thu Nov 07 2019 14:48:02 GMT+0100 (CET);1573138082000;0.14;28.57;11.55
1380556889530408;14.4;31.3;Thu Nov 07 2019 15:50:16 GMT+0100 (CET);Thu Nov 07 2019 14:50:16 GMT+0100 (CET);1573138216000;0.18;37.36;11.52
1380556889530408;13.4;32.2;Thu Nov 07 2019 15:52:14 GMT+0100 (CET);Thu Nov 07 2019 14:52:14 GMT+0100 (CET);1573138334000;0.19;40.84;11.5
1380556889530408;13.4;32.2;Thu Nov 07 2019 15:54:07 GMT+0100 (CET);Thu Nov 07 2019 14:54:07 GMT+0100 (CET);1573138447000;0.18;37.93;11.47
1380556889530408;13.4;32.2;Thu Nov 07 2019 15:56:00 GMT+0100 (CET);Thu Nov 07 2019 14:56:00 GMT+0100 (CET);1573138560000;0.16;34.74;11.46
1380556889530408;13.4;32.1;Thu Nov 07 2019 15:57:54 GMT+0100 (CET);Thu Nov 07 2019 14:57:54 GMT+0100 (CET);1573138674000;0.15;32.63;11.44
1380556889530408;13.4;32;Thu Nov 07 2019 15:59:48 GMT+0100 (CET);Thu Nov 07 2019 14:59:48 GMT+0100 (CET);1573138788000;0.15;32.14;11.42
1380556889530408;13.4;32.6;Thu Nov 07 2019 16:01:42 GMT+0100 (CET);Thu Nov 07 2019 15:01:42 GMT+0100 (CET);1573138902000;0.12;27.66;11.4
1380556889530408;13.4;32.3;Thu Nov 07 2019 16:03:42 GMT+0100 (CET);Thu Nov 07 2019 15:03:42 GMT+0100 (CET);1573139022000;0.1;22.53;11.37
1380556889530408;13.4;31.4;Thu Nov 07 2019 16:05:39 GMT+0100 (CET);Thu Nov 07 2019 15:05:39 GMT+0100 (CET);1573139139000;0.09;21.21;11.34
1380556889530408;13.4;31;Thu Nov 07 2019 16:07:33 GMT+0100 (CET);Thu Nov 07 2019 15:07:33 GMT+0100 (CET);1573139253000;0.09;20.53;11.32
1380556889530408;13.4;30.5;Thu Nov 07 2019 16:09:26 GMT+0100 (CET);Thu Nov 07 2019 15:09:26 GMT+0100 (CET);1573139366000;0.1;22.61;11.28
1380556889530408;12.9;30.3;Thu Nov 07 2019 16:11:19 GMT+0100 (CET);Thu Nov 07 2019 15:11:19 GMT+0100 (CET);1573139479000;0.12;25.89;11.26
1380556889530408;12.9;31.2;Thu Nov 07 2019 16:13:14 GMT+0100 (CET);Thu Nov 07 2019 15:13:14 GMT+0100 (CET);1573139594000;0.12;27.67;11.25
1380556889530408;12.9;31.4;Thu Nov 07 2019 16:15:10 GMT+0100 (CET);Thu Nov 07 2019 15:15:10 GMT+0100 (CET);1573139710000;0.13;28.65;11.22
1380556889530408;12.9;31.3;Thu Nov 07 2019 16:17:02 GMT+0100 (CET);Thu Nov 07 2019 15:17:02 GMT+0100 (CET);1573139822000;0.13;26.98;11.2
1380556889530408;12.9;31.4;Thu Nov 07 2019 16:18:55 GMT+0100 (CET);Thu Nov 07 2019 15:18:55 GMT+0100 (CET);1573139935000;0.1;23.1;11.16
1380556889530408;12.9;31.3;Thu Nov 07 2019 16:21:06 GMT+0100 (CET);Thu Nov 07 2019 15:21:06 GMT+0100 (CET);1573140066000;0.07;17.52;11.07
1380556889530408;12.9;30.8;Thu Nov 07 2019 16:22:59 GMT+0100 (CET);Thu Nov 07 2019 15:22:59 GMT+0100 (CET);1573140179000;0.07;15.42;10.98
1380556889530408;12.9;30;Thu Nov 07 2019 16:24:53 GMT+0100 (CET);Thu Nov 07 2019 15:24:53 GMT+0100 (CET);1573140293000;0.06;13.9;10.89
1380556889530408;12.9;29.5;Thu Nov 07 2019 16:26:46 GMT+0100 (CET);Thu Nov 07 2019 15:26:46 GMT+0100 (CET);1573140406000;0;12.17;10.78
1380556889530408;12.9;28.6;Thu Nov 07 2019 16:28:42 GMT+0100 (CET);Thu Nov 07 2019 15:28:42 GMT+0100 (CET);1573140522000;0;10.74;10.69
1380556889530408;11.4;27.9;Thu Nov 07 2019 16:30:35 GMT+0100 (CET);Thu Nov 07 2019 15:30:35 GMT+0100 (CET);1573140635000;0;9.2;10.6
1380556889530408;11.4;27.8;Thu Nov 07 2019 16:32:32 GMT+0100 (CET);Thu Nov 07 2019 15:32:32 GMT+0100 (CET);1573140752000;0;7.76;10.5
1380556889530408;10.9;27.7;Thu Nov 07 2019 16:34:25 GMT+0100 (CET);Thu Nov 07 2019 15:34:25 GMT+0100 (CET);1573140865000;0;6.47;10.41
1380556889530408;10.9;33.2;Thu Nov 07 2019 16:36:26 GMT+0100 (CET);Thu Nov 07 2019 15:36:26 GMT+0100 (CET);1573140986000;0;5.27;10.32
1380556889530408;11.4;32.5;Thu Nov 07 2019 16:38:19 GMT+0100 (CET);Thu Nov 07 2019 15:38:19 GMT+0100 (CET);1573141099000;0;4.07;10.21
1380556889530408;11.4;30.9;Thu Nov 07 2019 16:40:12 GMT+0100 (CET);Thu Nov 07 2019 15:40:12 GMT+0100 (CET);1573141212000;0;2.9;10.13
1380556889530408;11.4;29.4;Thu Nov 07 2019 16:42:05 GMT+0100 (CET);Thu Nov 07 2019 15:42:05 GMT+0100 (CET);1573141325000;0;2.39;10.04
1380556889530408;10.9;29.1;Thu Nov 07 2019 16:43:58 GMT+0100 (CET);Thu Nov 07 2019 15:43:58 GMT+0100 (CET);1573141438000;0;2.38;10
1380556889530408;10.9;26;Thu Nov 07 2019 16:45:51 GMT+0100 (CET);Thu Nov 07 2019 15:45:51 GMT+0100 (CET);1573141551000;0;1.99;9.97
1380556889530408;10.9;23.5;Thu Nov 07 2019 16:47:44 GMT+0100 (CET);Thu Nov 07 2019 15:47:44 GMT+0100 (CET);1573141664000;0;1.62;9.94
1380556889530408;10.9;23.5;Thu Nov 07 2019 16:49:41 GMT+0100 (CET);Thu Nov 07 2019 15:49:41 GMT+0100 (CET);1573141781000;0;0.91;9.92
1380556889530408;10.9;23.5;Thu Nov 07 2019 16:51:36 GMT+0100 (CET);Thu Nov 07 2019 15:51:36 GMT+0100 (CET);1573141896000;0;0.37;9.89
1380556889530408;3.4;33.4;Fri Nov 08 2019 07:41:00 GMT+0100 (CET);Fri Nov 08 2019 06:41:00 GMT+0100 (CET);1573195260000;0;5.46;6.36
1380556889530408;3.4;33.9;Fri Nov 08 2019 07:42:59 GMT+0100 (CET);Fri Nov 08 2019 06:42:59 GMT+0100 (CET);1573195379000;0;6.43;6.38
1380556889530408;7.4;34.5;Fri Nov 08 2019 07:44:52 GMT+0100 (CET);Fri Nov 08 2019 06:44:52 GMT+0100 (CET);1573195492000;0;7.94;6.39
1380556889530408;7.4;26;Fri Nov 08 2019 07:46:51 GMT+0100 (CET);Fri Nov 08 2019 06:46:51 GMT+0100 (CET);1573195611000;0;9.63;6.41
1380556889530408;7.4;24.9;Fri Nov 08 2019 07:48:53 GMT+0100 (CET);Fri Nov 08 2019 06:48:53 GMT+0100 (CET);1573195733000;0;10.51;6.41
1380556889530408;7.4;25.8;Fri Nov 08 2019 07:51:15 GMT+0100 (CET);Fri Nov 08 2019 06:51:15 GMT+0100 (CET);1573195875000;0;11.74;6.4
1380556889530408;7.4;27.1;Fri Nov 08 2019 07:53:08 GMT+0100 (CET);Fri Nov 08 2019 06:53:08 GMT+0100 (CET);1573195988000;0.07;12.83;6.4
1380556889530408;5.4;27.2;Fri Nov 08 2019 07:55:05 GMT+0100 (CET);Fri Nov 08 2019 06:55:05 GMT+0100 (CET);1573196105000;0.07;13.62;6.42
1380556889530408;5.4;27.8;Fri Nov 08 2019 07:57:00 GMT+0100 (CET);Fri Nov 08 2019 06:57:00 GMT+0100 (CET);1573196220000;0.07;13.74;6.42
1380556889530408;5.4;28.3;Fri Nov 08 2019 07:58:55 GMT+0100 (CET);Fri Nov 08 2019 06:58:55 GMT+0100 (CET);1573196335000;0.08;14.76;6.42
1380556889530408;5.4;27.3;Fri Nov 08 2019 08:00:48 GMT+0100 (CET);Fri Nov 08 2019 07:00:48 GMT+0100 (CET);1573196448000;0.08;16.49;6.4
1380556889530408;5.4;28.4;Fri Nov 08 2019 08:02:40 GMT+0100 (CET);Fri Nov 08 2019 07:02:40 GMT+0100 (CET);1573196560000;0.09;18.78;6.41
1380556889530408;6.9;30.3;Fri Nov 08 2019 08:04:39 GMT+0100 (CET);Fri Nov 08 2019 07:04:39 GMT+0100 (CET);1573196679000;0.1;21.6;6.42
1380556889530408;6.9;30.9;Fri Nov 08 2019 08:06:52 GMT+0100 (CET);Fri Nov 08 2019 07:06:52 GMT+0100 (CET);1573196812000;0.12;24.98;6.46
1380556889530408;6.9;31.3;Fri Nov 08 2019 08:08:46 GMT+0100 (CET);Fri Nov 08 2019 07:08:46 GMT+0100 (CET);1573196926000;0.13;26.45;6.49
1380556889530408;7.4;31.6;Fri Nov 08 2019 08:10:46 GMT+0100 (CET);Fri Nov 08 2019 07:10:46 GMT+0100 (CET);1573197046000;0.13;27.25;6.52
1380556889530408;7.4;31.9;Fri Nov 08 2019 08:12:39 GMT+0100 (CET);Fri Nov 08 2019 07:12:39 GMT+0100 (CET);1573197159000;0.13;27.86;6.56
1380556889530408;8.9;31.9;Fri Nov 08 2019 08:14:31 GMT+0100 (CET);Fri Nov 08 2019 07:14:31 GMT+0100 (CET);1573197271000;0.13;27.68;6.6
1380556889530408;8.9;31.6;Fri Nov 08 2019 08:16:24 GMT+0100 (CET);Fri Nov 08 2019 07:16:24 GMT+0100 (CET);1573197384000;0.13;27.05;6.64
1380556889530408;8.9;31.6;Fri Nov 08 2019 08:18:40 GMT+0100 (CET);Fri Nov 08 2019 07:18:40 GMT+0100 (CET);1573197520000;0.13;26.53;6.65
1380556889530408;8.9;31.5;Fri Nov 08 2019 08:20:33 GMT+0100 (CET);Fri Nov 08 2019 07:20:33 GMT+0100 (CET);1573197633000;0.13;27.28;6.66
1380556889530408;8.9;31.8;Fri Nov 08 2019 08:22:37 GMT+0100 (CET);Fri Nov 08 2019 07:22:37 GMT+0100 (CET);1573197757000;0.13;28.41;6.67
1380556889530408;8.9;31.8;Fri Nov 08 2019 08:24:31 GMT+0100 (CET);Fri Nov 08 2019 07:24:31 GMT+0100 (CET);1573197871000;0.14;28.5;6.68
1380556889530408;8.9;31.8;Fri Nov 08 2019 08:26:24 GMT+0100 (CET);Fri Nov 08 2019 07:26:24 GMT+0100 (CET);1573197984000;0.14;27.95;6.71
1380556889530408;8.9;31.9;Fri Nov 08 2019 08:28:18 GMT+0100 (CET);Fri Nov 08 2019 07:28:18 GMT+0100 (CET);1573198098000;0.13;27.88;6.73
1380556889530408;8.9;31.9;Fri Nov 08 2019 08:30:11 GMT+0100 (CET);Fri Nov 08 2019 07:30:11 GMT+0100 (CET);1573198211000;0.14;28.57;6.74
1380556889530408;8.9;31.9;Fri Nov 08 2019 08:32:04 GMT+0100 (CET);Fri Nov 08 2019 07:32:04 GMT+0100 (CET);1573198324000;0.14;30.21;6.75
1380556889530408;8.9;32.1;Fri Nov 08 2019 08:33:58 GMT+0100 (CET);Fri Nov 08 2019 07:33:58 GMT+0100 (CET);1573198438000;0.15;31.81;6.76
1380556889530408;8.9;32.1;Fri Nov 08 2019 08:35:51 GMT+0100 (CET);Fri Nov 08 2019 07:35:51 GMT+0100 (CET);1573198551000;0.17;34.37;6.79
1380556889530408;8.9;32;Fri Nov 08 2019 08:37:46 GMT+0100 (CET);Fri Nov 08 2019 07:37:46 GMT+0100 (CET);1573198666000;0.18;38.31;6.83
1380556889530408;8.9;32.6;Fri Nov 08 2019 08:39:54 GMT+0100 (CET);Fri Nov 08 2019 07:39:54 GMT+0100 (CET);1573198794000;0.19;40.52;6.86
1380556889530408;9.4;32.8;Fri Nov 08 2019 08:41:51 GMT+0100 (CET);Fri Nov 08 2019 07:41:51 GMT+0100 (CET);1573198911000;0.2;40.68;6.89
1380556889530408;9.4;32.9;Fri Nov 08 2019 08:43:44 GMT+0100 (CET);Fri Nov 08 2019 07:43:44 GMT+0100 (CET);1573199024000;0.2;41.14;6.88
1380556889530408;9.4;32.6;Fri Nov 08 2019 08:45:38 GMT+0100 (CET);Fri Nov 08 2019 07:45:38 GMT+0100 (CET);1573199138000;0.22;43.11;6.89
1380556889530408;9.4;33;Fri Nov 08 2019 08:47:32 GMT+0100 (CET);Fri Nov 08 2019 07:47:32 GMT+0100 (CET);1573199252000;0.22;45.8;6.92
1380556889530408;9.4;33.2;Fri Nov 08 2019 08:49:28 GMT+0100 (CET);Fri Nov 08 2019 07:49:28 GMT+0100 (CET);1573199368000;0.23;47.31;6.95
1380556889530408;9.4;33;Fri Nov 08 2019 08:51:21 GMT+0100 (CET);Fri Nov 08 2019 07:51:21 GMT+0100 (CET);1573199481000;0.23;47.75;6.98
1380556889530408;9.4;33.2;Fri Nov 08 2019 08:53:14 GMT+0100 (CET);Fri Nov 08 2019 07:53:14 GMT+0100 (CET);1573199594000;0.24;48.01;7
1380556889530408;9.4;33.2;Fri Nov 08 2019 08:55:06 GMT+0100 (CET);Fri Nov 08 2019 07:55:06 GMT+0100 (CET);1573199706000;0.24;47.99;7
1380556889530408;10.9;33.2;Fri Nov 08 2019 08:56:59 GMT+0100 (CET);Fri Nov 08 2019 07:56:59 GMT+0100 (CET);1573199819000;0.24;47.21;7.02
1380556889530408;10.9;33.1;Fri Nov 08 2019 08:58:54 GMT+0100 (CET);Fri Nov 08 2019 07:58:54 GMT+0100 (CET);1573199934000;0.23;45.64;7.03
1380556889530408;10.9;33.1;Fri Nov 08 2019 09:00:56 GMT+0100 (CET);Fri Nov 08 2019 08:00:56 GMT+0100 (CET);1573200056000;0.23;45.27;7.03
1380556889530408;9.4;33.3;Fri Nov 08 2019 09:02:49 GMT+0100 (CET);Fri Nov 08 2019 08:02:49 GMT+0100 (CET);1573200169000;0.23;44.56;7.01
1380556889530408;9.4;33.1;Fri Nov 08 2019 09:04:55 GMT+0100 (CET);Fri Nov 08 2019 08:04:55 GMT+0100 (CET);1573200295000;0.22;44.35;6.98
1380556889530408;10.9;33.2;Fri Nov 08 2019 09:06:52 GMT+0100 (CET);Fri Nov 08 2019 08:06:52 GMT+0100 (CET);1573200412000;0.22;43.06;6.95
1380556889530408;10.9;33.2;Fri Nov 08 2019 09:09:13 GMT+0100 (CET);Fri Nov 08 2019 08:09:13 GMT+0100 (CET);1573200553000;0.2;39.75;6.92
1380556889530408;10.9;33.1;Fri Nov 08 2019 09:11:06 GMT+0100 (CET);Fri Nov 08 2019 08:11:06 GMT+0100 (CET);1573200666000;0.19;37.74;6.91
1380556889530408;10.9;32.8;Fri Nov 08 2019 09:13:00 GMT+0100 (CET);Fri Nov 08 2019 08:13:00 GMT+0100 (CET);1573200780000;0.18;36.04;6.92
1380556889530408;10.9;32.8;Fri Nov 08 2019 09:14:56 GMT+0100 (CET);Fri Nov 08 2019 08:14:56 GMT+0100 (CET);1573200896000;0.18;36.41;6.93
1380556889530408;10.9;32.8;Fri Nov 08 2019 09:16:52 GMT+0100 (CET);Fri Nov 08 2019 08:16:52 GMT+0100 (CET);1573201012000;0.19;37.77;6.96
1380556889530408;10.9;32.8;Fri Nov 08 2019 09:18:47 GMT+0100 (CET);Fri Nov 08 2019 08:18:47 GMT+0100 (CET);1573201127000;0.19;37.65;6.97
1380556889530408;9.4;32.6;Fri Nov 08 2019 09:20:52 GMT+0100 (CET);Fri Nov 08 2019 08:20:52 GMT+0100 (CET);1573201252000;0.18;35.41;7
1380556889530408;9.4;32.6;Fri Nov 08 2019 09:22:49 GMT+0100 (CET);Fri Nov 08 2019 08:22:49 GMT+0100 (CET);1573201369000;0.17;33.28;7.01
1380556889530408;9.4;32.4;Fri Nov 08 2019 09:24:50 GMT+0100 (CET);Fri Nov 08 2019 08:24:50 GMT+0100 (CET);1573201490000;0.16;32.71;7.01
1380556889530408;9.4;32.5;Fri Nov 08 2019 09:26:50 GMT+0100 (CET);Fri Nov 08 2019 08:26:50 GMT+0100 (CET);1573201610000;0.16;32.4;7.03
1380556889530408;9.4;32.4;Fri Nov 08 2019 09:28:47 GMT+0100 (CET);Fri Nov 08 2019 08:28:47 GMT+0100 (CET);1573201727000;0.16;32.03;7.07
1380556889530408;9.4;32.4;Fri Nov 08 2019 09:30:45 GMT+0100 (CET);Fri Nov 08 2019 08:30:45 GMT+0100 (CET);1573201845000;0.17;33.74;7.1
1380556889530408;9.4;32.6;Fri Nov 08 2019 09:32:37 GMT+0100 (CET);Fri Nov 08 2019 08:32:37 GMT+0100 (CET);1573201957000;0.18;36.82;7.12
1380556889530408;9.4;32.6;Fri Nov 08 2019 09:34:33 GMT+0100 (CET);Fri Nov 08 2019 08:34:33 GMT+0100 (CET);1573202073000;0.2;39.39;7.17
1380556889530408;9.4;32.8;Fri Nov 08 2019 09:36:29 GMT+0100 (CET);Fri Nov 08 2019 08:36:29 GMT+0100 (CET);1573202189000;0.21;40.42;7.21
1380556889530408;9.4;32.8;Fri Nov 08 2019 09:38:21 GMT+0100 (CET);Fri Nov 08 2019 08:38:21 GMT+0100 (CET);1573202301000;0.21;40.47;7.25
1380556889530408;10.9;32.6;Fri Nov 08 2019 09:40:22 GMT+0100 (CET);Fri Nov 08 2019 08:40:22 GMT+0100 (CET);1573202422000;0.2;39.58;7.29
1380556889530408;10.9;32.7;Fri Nov 08 2019 09:42:15 GMT+0100 (CET);Fri Nov 08 2019 08:42:15 GMT+0100 (CET);1573202535000;0.2;39.17;7.32
1380556889530408;10.9;32.7;Fri Nov 08 2019 09:44:21 GMT+0100 (CET);Fri Nov 08 2019 08:44:21 GMT+0100 (CET);1573202661000;0.19;38.95;7.35
1380556889530408;10.9;32.8;Fri Nov 08 2019 09:46:13 GMT+0100 (CET);Fri Nov 08 2019 08:46:13 GMT+0100 (CET);1573202773000;0.2;39.31;7.38
1380556889530408;10.9;32.9;Fri Nov 08 2019 09:48:06 GMT+0100 (CET);Fri Nov 08 2019 08:48:06 GMT+0100 (CET);1573202886000;0.2;39.72;7.42
1380556889530408;10.9;32.8;Fri Nov 08 2019 09:50:01 GMT+0100 (CET);Fri Nov 08 2019 08:50:01 GMT+0100 (CET);1573203001000;0.21;40.83;7.45
1380556889530408;10.9;32.8;Fri Nov 08 2019 09:51:58 GMT+0100 (CET);Fri Nov 08 2019 08:51:58 GMT+0100 (CET);1573203118000;0.22;43.08;7.49
1380556889530408;10.9;33;Fri Nov 08 2019 09:53:51 GMT+0100 (CET);Fri Nov 08 2019 08:53:51 GMT+0100 (CET);1573203231000;0.23;45.41;7.52
1380556889530408;10.9;33.2;Fri Nov 08 2019 09:55:52 GMT+0100 (CET);Fri Nov 08 2019 08:55:52 GMT+0100 (CET);1573203352000;0.24;48.18;7.57
1380556889530408;10.9;33.4;Fri Nov 08 2019 09:57:45 GMT+0100 (CET);Fri Nov 08 2019 08:57:45 GMT+0100 (CET);1573203465000;0.25;50.29;7.61
1380556889530408;10.9;33.3;Fri Nov 08 2019 09:59:38 GMT+0100 (CET);Fri Nov 08 2019 08:59:38 GMT+0100 (CET);1573203578000;0.26;51.66;7.66
1380556889530408;10.9;33.3;Fri Nov 08 2019 10:01:31 GMT+0100 (CET);Fri Nov 08 2019 09:01:31 GMT+0100 (CET);1573203691000;0.27;53.08;7.71
1380556889530408;10.9;33.4;Fri Nov 08 2019 10:03:24 GMT+0100 (CET);Fri Nov 08 2019 09:03:24 GMT+0100 (CET);1573203804000;0.28;55.22;7.79
1380556889530408;10.9;33.3;Fri Nov 08 2019 10:05:52 GMT+0100 (CET);Fri Nov 08 2019 09:05:52 GMT+0100 (CET);1573203952000;0.29;56.84;7.83
1380556889530408;10.9;33.4;Fri Nov 08 2019 10:07:46 GMT+0100 (CET);Fri Nov 08 2019 09:07:46 GMT+0100 (CET);1573204066000;0.28;57.09;7.88
1380556889530408;10.9;33.3;Fri Nov 08 2019 10:09:39 GMT+0100 (CET);Fri Nov 08 2019 09:09:39 GMT+0100 (CET);1573204179000;0.29;57.22;7.94
1380556889530408;10.9;33.4;Fri Nov 08 2019 10:11:32 GMT+0100 (CET);Fri Nov 08 2019 09:11:32 GMT+0100 (CET);1573204292000;0.3;59.77;7.98
1380556889530408;11.4;33.5;Fri Nov 08 2019 10:13:26 GMT+0100 (CET);Fri Nov 08 2019 09:13:26 GMT+0100 (CET);1573204406000;0.33;65.43;8.03
1380556889530408;11.4;33.5;Fri Nov 08 2019 10:15:22 GMT+0100 (CET);Fri Nov 08 2019 09:15:22 GMT+0100 (CET);1573204522000;0.35;69.8;8.07
1380556889530408;11.4;33.8;Fri Nov 08 2019 10:17:17 GMT+0100 (CET);Fri Nov 08 2019 09:17:17 GMT+0100 (CET);1573204637000;0.37;72.72;8.12
1380556889530408;11.4;33.8;Fri Nov 08 2019 10:19:10 GMT+0100 (CET);Fri Nov 08 2019 09:19:10 GMT+0100 (CET);1573204750000;0.38;73.93;8.15
1380556889530408;11.4;33.9;Fri Nov 08 2019 10:21:11 GMT+0100 (CET);Fri Nov 08 2019 09:21:11 GMT+0100 (CET);1573204871000;0.39;75.73;8.21
1380556889530408;11.4;33.9;Fri Nov 08 2019 10:23:04 GMT+0100 (CET);Fri Nov 08 2019 09:23:04 GMT+0100 (CET);1573204984000;0.39;76.04;8.27
1380556889530408;11.4;33.8;Fri Nov 08 2019 10:24:57 GMT+0100 (CET);Fri Nov 08 2019 09:24:57 GMT+0100 (CET);1573205097000;0.38;74.89;8.31
1380556889530408;11.4;33.8;Fri Nov 08 2019 10:27:10 GMT+0100 (CET);Fri Nov 08 2019 09:27:10 GMT+0100 (CET);1573205230000;0.37;71.89;8.38
1380556889530408;11.4;33.8;Fri Nov 08 2019 10:29:03 GMT+0100 (CET);Fri Nov 08 2019 09:29:03 GMT+0100 (CET);1573205343000;0.35;69.41;8.41
1380556889530408;11.4;33.7;Fri Nov 08 2019 10:30:55 GMT+0100 (CET);Fri Nov 08 2019 09:30:55 GMT+0100 (CET);1573205455000;0.34;66.03;8.46
1380556889530408;12.9;33.7;Fri Nov 08 2019 10:32:48 GMT+0100 (CET);Fri Nov 08 2019 09:32:48 GMT+0100 (CET);1573205568000;0.32;61.9;8.48
1380556889530408;12.9;33.5;Fri Nov 08 2019 10:34:58 GMT+0100 (CET);Fri Nov 08 2019 09:34:58 GMT+0100 (CET);1573205698000;0.3;58.91;8.49
1380556889530408;12.9;33.4;Fri Nov 08 2019 10:37:01 GMT+0100 (CET);Fri Nov 08 2019 09:37:01 GMT+0100 (CET);1573205821000;0.31;61.39;8.46
1380556889530408;12.9;33.5;Fri Nov 08 2019 10:38:54 GMT+0100 (CET);Fri Nov 08 2019 09:38:54 GMT+0100 (CET);1573205934000;0.34;65.63;8.49
1380556889530408;12.9;33.6;Fri Nov 08 2019 10:40:46 GMT+0100 (CET);Fri Nov 08 2019 09:40:46 GMT+0100 (CET);1573206046000;0.34;67.31;8.5
1380556889530408;12.9;33.7;Fri Nov 08 2019 10:42:43 GMT+0100 (CET);Fri Nov 08 2019 09:42:43 GMT+0100 (CET);1573206163000;0.35;68.49;8.5
1380556889530408;12.9;33.9;Fri Nov 08 2019 10:44:44 GMT+0100 (CET);Fri Nov 08 2019 09:44:44 GMT+0100 (CET);1573206284000;0.37;72.49;8.5
1380556889530408;12.9;33.8;Fri Nov 08 2019 10:46:43 GMT+0100 (CET);Fri Nov 08 2019 09:46:43 GMT+0100 (CET);1573206403000;0.39;76.39;8.5
1380556889530408;12.9;34;Fri Nov 08 2019 10:48:36 GMT+0100 (CET);Fri Nov 08 2019 09:48:36 GMT+0100 (CET);1573206516000;0.41;80.38;8.57
1380556889530408;12.9;33.9;Fri Nov 08 2019 10:50:42 GMT+0100 (CET);Fri Nov 08 2019 09:50:42 GMT+0100 (CET);1573206642000;0.42;83.6;8.64
1380556889530408;12.9;34.1;Fri Nov 08 2019 10:52:36 GMT+0100 (CET);Fri Nov 08 2019 09:52:36 GMT+0100 (CET);1573206756000;0.45;87.41;8.69
1380556889530408;12.9;34.2;Fri Nov 08 2019 10:54:29 GMT+0100 (CET);Fri Nov 08 2019 09:54:29 GMT+0100 (CET);1573206869000;0.48;93.33;8.75
1380556889530408;12.9;34.6;Fri Nov 08 2019 10:56:22 GMT+0100 (CET);Fri Nov 08 2019 09:56:22 GMT+0100 (CET);1573206982000;0.49;97.45;8.82
1380556889530408;12.9;34.9;Fri Nov 08 2019 10:58:15 GMT+0100 (CET);Fri Nov 08 2019 09:58:15 GMT+0100 (CET);1573207095000;0.49;98.35;8.92
1380556889530408;13.4;34.9;Fri Nov 08 2019 11:00:11 GMT+0100 (CET);Fri Nov 08 2019 10:00:11 GMT+0100 (CET);1573207211000;0.49;99.31;8.95
1380556889530408;13.4;35;Fri Nov 08 2019 11:02:04 GMT+0100 (CET);Fri Nov 08 2019 10:02:04 GMT+0100 (CET);1573207324000;0.51;104.08;8.99
1380556889530408;13.4;35.1;Fri Nov 08 2019 11:03:57 GMT+0100 (CET);Fri Nov 08 2019 10:03:57 GMT+0100 (CET);1573207437000;0.57;114.05;9.08
1380556889530408;13.4;35.2;Fri Nov 08 2019 11:05:58 GMT+0100 (CET);Fri Nov 08 2019 10:05:58 GMT+0100 (CET);1573207558000;0.61;122.77;9.22
1380556889530408;13.4;35.2;Fri Nov 08 2019 11:07:52 GMT+0100 (CET);Fri Nov 08 2019 10:07:52 GMT+0100 (CET);1573207672000;0.6;120.73;9.26
1380556889530408;14.4;35.1;Fri Nov 08 2019 11:10:02 GMT+0100 (CET);Fri Nov 08 2019 10:10:02 GMT+0100 (CET);1573207802000;0.59;118.69;9.29
1380556889530408;14.4;35.1;Fri Nov 08 2019 11:11:55 GMT+0100 (CET);Fri Nov 08 2019 10:11:55 GMT+0100 (CET);1573207915000;0.59;119.35;9.35
1380556889530408;14.4;35.1;Fri Nov 08 2019 11:13:48 GMT+0100 (CET);Fri Nov 08 2019 10:13:48 GMT+0100 (CET);1573208028000;0.59;117.82;9.37
1380556889530408;14.4;35.1;Fri Nov 08 2019 11:15:45 GMT+0100 (CET);Fri Nov 08 2019 10:15:45 GMT+0100 (CET);1573208145000;0.58;117.37;9.36
1380556889530408;14.4;35;Fri Nov 08 2019 11:17:41 GMT+0100 (CET);Fri Nov 08 2019 10:17:41 GMT+0100 (CET);1573208261000;0.57;115.55;9.38
1380556889530408;14.9;34.9;Fri Nov 08 2019 11:19:39 GMT+0100 (CET);Fri Nov 08 2019 10:19:39 GMT+0100 (CET);1573208379000;0.55;109.87;9.39
1380556889530408;14.9;34.9;Fri Nov 08 2019 11:21:32 GMT+0100 (CET);Fri Nov 08 2019 10:21:32 GMT+0100 (CET);1573208492000;0.51;102.33;9.45
1380556889530408;14.4;34.8;Fri Nov 08 2019 11:23:52 GMT+0100 (CET);Fri Nov 08 2019 10:23:52 GMT+0100 (CET);1573208632000;0.45;90.28;9.5
1380556889530408;14.4;34.8;Fri Nov 08 2019 11:25:45 GMT+0100 (CET);Fri Nov 08 2019 10:25:45 GMT+0100 (CET);1573208745000;0.42;85.66;9.55
1380556889530408;14.4;34;Fri Nov 08 2019 11:27:41 GMT+0100 (CET);Fri Nov 08 2019 10:27:41 GMT+0100 (CET);1573208861000;0.46;92.1;9.59
1380556889530408;14.4;34.1;Fri Nov 08 2019 11:29:34 GMT+0100 (CET);Fri Nov 08 2019 10:29:34 GMT+0100 (CET);1573208974000;0.52;103.2;9.57
1380556889530408;14.4;34.3;Fri Nov 08 2019 11:31:26 GMT+0100 (CET);Fri Nov 08 2019 10:31:26 GMT+0100 (CET);1573209086000;0.49;94.94;9.6
1380556889530408;14.4;34.3;Fri Nov 08 2019 11:33:21 GMT+0100 (CET);Fri Nov 08 2019 10:33:21 GMT+0100 (CET);1573209201000;0.43;85.08;9.6
1380556889530408;14.4;34.2;Fri Nov 08 2019 11:35:13 GMT+0100 (CET);Fri Nov 08 2019 10:35:13 GMT+0100 (CET);1573209313000;0.34;67.34;9.59
1380556889530408;14.4;33.3;Fri Nov 08 2019 11:37:11 GMT+0100 (CET);Fri Nov 08 2019 10:37:11 GMT+0100 (CET);1573209431000;0.33;66.03;9.5
1380556889530408;14.4;33.3;Fri Nov 08 2019 11:39:04 GMT+0100 (CET);Fri Nov 08 2019 10:39:04 GMT+0100 (CET);1573209544000;0.37;73.3;9.46
1380556889530408;14.4;33.7;Fri Nov 08 2019 11:40:58 GMT+0100 (CET);Fri Nov 08 2019 10:40:58 GMT+0100 (CET);1573209658000;0.39;77.41;9.39
1380556889530408;14.9;33.8;Fri Nov 08 2019 11:42:52 GMT+0100 (CET);Fri Nov 08 2019 10:42:52 GMT+0100 (CET);1573209772000;0.45;86.23;9.35
1380556889530408;14.9;33.8;Fri Nov 08 2019 11:44:44 GMT+0100 (CET);Fri Nov 08 2019 10:44:44 GMT+0100 (CET);1573209884000;0.47;91.32;9.38
1380556889530408;13.4;34;Fri Nov 08 2019 11:46:41 GMT+0100 (CET);Fri Nov 08 2019 10:46:41 GMT+0100 (CET);1573210001000;0.5;97.38;9.4
1380556889530408;13.4;34.3;Fri Nov 08 2019 11:48:33 GMT+0100 (CET);Fri Nov 08 2019 10:48:33 GMT+0100 (CET);1573210113000;0.52;103.02;9.43
1380556889530408;13.4;34.5;Fri Nov 08 2019 11:50:29 GMT+0100 (CET);Fri Nov 08 2019 10:50:29 GMT+0100 (CET);1573210229000;0.5;99.63;9.5
1380556889530408;13.4;34.2;Fri Nov 08 2019 11:53:14 GMT+0100 (CET);Fri Nov 08 2019 10:53:14 GMT+0100 (CET);1573210394000;0.48;95.99;9.47
1380556889530408;13.4;34.2;Fri Nov 08 2019 11:55:07 GMT+0100 (CET);Fri Nov 08 2019 10:55:07 GMT+0100 (CET);1573210507000;0.47;91.17;9.41
1380556889530408;13.4;34.1;Fri Nov 08 2019 11:57:05 GMT+0100 (CET);Fri Nov 08 2019 10:57:05 GMT+0100 (CET);1573210625000;0.39;74.59;9.35
1380556889530408;13.4;34;Fri Nov 08 2019 11:59:01 GMT+0100 (CET);Fri Nov 08 2019 10:59:01 GMT+0100 (CET);1573210741000;0.32;64.55;9.32
1380556889530408;13.4;33.9;Fri Nov 08 2019 12:00:56 GMT+0100 (CET);Fri Nov 08 2019 11:00:56 GMT+0100 (CET);1573210856000;0.32;61.76;9.25
1380556889530408;13.4;33.5;Fri Nov 08 2019 12:02:49 GMT+0100 (CET);Fri Nov 08 2019 11:02:49 GMT+0100 (CET);1573210969000;0.32;63.37;9.2
1380556889530408;13.4;33.3;Fri Nov 08 2019 12:04:46 GMT+0100 (CET);Fri Nov 08 2019 11:04:46 GMT+0100 (CET);1573211086000;0.35;67.71;9.17
1380556889530408;13.4;33.5;Fri Nov 08 2019 12:06:54 GMT+0100 (CET);Fri Nov 08 2019 11:06:54 GMT+0100 (CET);1573211214000;0.33;64.47;9.15
1380556889530408;13.4;33.4;Fri Nov 08 2019 12:09:03 GMT+0100 (CET);Fri Nov 08 2019 11:09:03 GMT+0100 (CET);1573211343000;0.3;59.83;9.14
1380556889530408;13.4;33.3;Fri Nov 08 2019 12:10:56 GMT+0100 (CET);Fri Nov 08 2019 11:10:56 GMT+0100 (CET);1573211456000;0.28;55.06;9.1
1380556889530408;13.4;33.2;Fri Nov 08 2019 12:12:49 GMT+0100 (CET);Fri Nov 08 2019 11:12:49 GMT+0100 (CET);1573211569000;0.25;47.62;9.08
1380556889530408;13.4;33.2;Fri Nov 08 2019 12:14:45 GMT+0100 (CET);Fri Nov 08 2019 11:14:45 GMT+0100 (CET);1573211685000;0.19;39.54;9.04
1380556889530408;13.4;32.5;Fri Nov 08 2019 12:16:48 GMT+0100 (CET);Fri Nov 08 2019 11:16:48 GMT+0100 (CET);1573211808000;0.19;38.03;8.92
1380556889530408;13.4;32.2;Fri Nov 08 2019 12:18:52 GMT+0100 (CET);Fri Nov 08 2019 11:18:52 GMT+0100 (CET);1573211932000;0.22;42.28;8.87
1380556889530408;12.9;32.7;Fri Nov 08 2019 12:20:55 GMT+0100 (CET);Fri Nov 08 2019 11:20:55 GMT+0100 (CET);1573212055000;0.2;39.48;8.8
1380556889530408;12.9;32.7;Fri Nov 08 2019 12:22:51 GMT+0100 (CET);Fri Nov 08 2019 11:22:51 GMT+0100 (CET);1573212171000;0.17;33.96;8.75
1380556889530408;12.9;32.7;Fri Nov 08 2019 12:24:46 GMT+0100 (CET);Fri Nov 08 2019 11:24:46 GMT+0100 (CET);1573212286000;0.14;29.04;8.73
1380556889530408;12.9;32.5;Fri Nov 08 2019 12:26:40 GMT+0100 (CET);Fri Nov 08 2019 11:26:40 GMT+0100 (CET);1573212400000;0.14;27.45;8.71
1380556889530408;12.9;31.4;Fri Nov 08 2019 12:28:33 GMT+0100 (CET);Fri Nov 08 2019 11:28:33 GMT+0100 (CET);1573212513000;0.14;27.71;8.64
1380556889530408;12.9;31.6;Fri Nov 08 2019 12:30:26 GMT+0100 (CET);Fri Nov 08 2019 11:30:26 GMT+0100 (CET);1573212626000;0.13;26.48;8.57
1380556889530408;12.9;31.5;Fri Nov 08 2019 12:32:20 GMT+0100 (CET);Fri Nov 08 2019 11:32:20 GMT+0100 (CET);1573212740000;0.14;28.87;8.53
1380556889530408;11.4;31.6;Fri Nov 08 2019 12:34:16 GMT+0100 (CET);Fri Nov 08 2019 11:34:16 GMT+0100 (CET);1573212856000;0.19;37.38;8.49
1380556889530408;11.4;32.4;Fri Nov 08 2019 12:36:15 GMT+0100 (CET);Fri Nov 08 2019 11:36:15 GMT+0100 (CET);1573212975000;0.2;39.84;8.48
1380556889530408;11.4;32.8;Fri Nov 08 2019 12:38:07 GMT+0100 (CET);Fri Nov 08 2019 11:38:07 GMT+0100 (CET);1573213087000;0.2;41.7;8.46
1380556889530408;11.4;33;Fri Nov 08 2019 12:40:13 GMT+0100 (CET);Fri Nov 08 2019 11:40:13 GMT+0100 (CET);1573213213000;0.24;47.44;8.48
1380556889530408;11.4;33.2;Fri Nov 08 2019 12:42:18 GMT+0100 (CET);Fri Nov 08 2019 11:42:18 GMT+0100 (CET);1573213338000;0.25;49.82;8.51
1380556889530408;12.9;33.2;Fri Nov 08 2019 12:44:12 GMT+0100 (CET);Fri Nov 08 2019 11:44:12 GMT+0100 (CET);1573213452000;0.3;57.87;8.55
1380556889530408;12.9;33.2;Fri Nov 08 2019 12:46:05 GMT+0100 (CET);Fri Nov 08 2019 11:46:05 GMT+0100 (CET);1573213565000;0.25;49.75;8.58
1380556889530408;12.9;33.2;Fri Nov 08 2019 12:47:59 GMT+0100 (CET);Fri Nov 08 2019 11:47:59 GMT+0100 (CET);1573213679000;0.27;52.77;8.6
1380556889530408;12.9;33.2;Fri Nov 08 2019 12:49:47 GMT+0100 (CET);Fri Nov 08 2019 11:49:47 GMT+0100 (CET);1573213787000;0.26;50.93;8.6
1380556889530408;12.9;33.5;Fri Nov 08 2019 12:51:42 GMT+0100 (CET);Fri Nov 08 2019 11:51:42 GMT+0100 (CET);1573213902000;0.33;64.18;8.61
1380556889530408;12.9;33.7;Fri Nov 08 2019 12:53:40 GMT+0100 (CET);Fri Nov 08 2019 11:53:40 GMT+0100 (CET);1573214020000;0.36;69.4;8.65
1380556889530408;12.9;33.9;Fri Nov 08 2019 12:55:34 GMT+0100 (CET);Fri Nov 08 2019 11:55:34 GMT+0100 (CET);1573214134000;0.37;71.29;8.66
1380556889530408;12.9;33.7;Fri Nov 08 2019 12:57:27 GMT+0100 (CET);Fri Nov 08 2019 11:57:27 GMT+0100 (CET);1573214247000;0.35;67.58;8.71
1380556889530408;12.9;33.7;Fri Nov 08 2019 12:59:19 GMT+0100 (CET);Fri Nov 08 2019 11:59:19 GMT+0100 (CET);1573214359000;0.32;62.6;8.73
1380556889530408;12.9;33.6;Fri Nov 08 2019 13:01:14 GMT+0100 (CET);Fri Nov 08 2019 12:01:14 GMT+0100 (CET);1573214474000;0.28;55.24;8.75
1380556889530408;12.9;33.3;Fri Nov 08 2019 13:03:18 GMT+0100 (CET);Fri Nov 08 2019 12:03:18 GMT+0100 (CET);1573214598000;0.27;52.22;8.64
1380556889530408;12.9;33;Fri Nov 08 2019 13:05:12 GMT+0100 (CET);Fri Nov 08 2019 12:05:12 GMT+0100 (CET);1573214712000;0.28;52.93;8.51
1380556889530408;12.9;33;Fri Nov 08 2019 13:07:12 GMT+0100 (CET);Fri Nov 08 2019 12:07:12 GMT+0100 (CET);1573214832000;0.32;59.72;8.41
1380556889530408;12.9;33.7;Fri Nov 08 2019 13:09:05 GMT+0100 (CET);Fri Nov 08 2019 12:09:05 GMT+0100 (CET);1573214945000;0.3;55.91;8.27
1380556889530408;12.9;33.7;Fri Nov 08 2019 13:10:58 GMT+0100 (CET);Fri Nov 08 2019 12:10:58 GMT+0100 (CET);1573215058000;0.28;53.22;8.17
1380556889530408;12.9;33.5;Fri Nov 08 2019 13:12:57 GMT+0100 (CET);Fri Nov 08 2019 12:12:57 GMT+0100 (CET);1573215177000;0.23;42.89;8.1
1380556889530408;12.9;33.2;Fri Nov 08 2019 13:14:50 GMT+0100 (CET);Fri Nov 08 2019 12:14:50 GMT+0100 (CET);1573215290000;0.2;37.42;8
1380556889530408;12.4;32.6;Fri Nov 08 2019 13:16:49 GMT+0100 (CET);Fri Nov 08 2019 12:16:49 GMT+0100 (CET);1573215409000;0.21;39.82;7.86
1380556889530408;12.4;32.8;Fri Nov 08 2019 13:18:47 GMT+0100 (CET);Fri Nov 08 2019 12:18:47 GMT+0100 (CET);1573215527000;0.18;34.06;7.72
1380556889530408;11.4;32.8;Fri Nov 08 2019 13:20:41 GMT+0100 (CET);Fri Nov 08 2019 12:20:41 GMT+0100 (CET);1573215641000;0.21;38.9;7.61
1380556889530408;11.4;32.8;Fri Nov 08 2019 13:22:34 GMT+0100 (CET);Fri Nov 08 2019 12:22:34 GMT+0100 (CET);1573215754000;0.24;44;7.57
1380556889530408;11.4;32.8;Fri Nov 08 2019 13:24:35 GMT+0100 (CET);Fri Nov 08 2019 12:24:35 GMT+0100 (CET);1573215875000;0.24;46.45;7.54
1380556889530408;11.4;33.2;Fri Nov 08 2019 13:26:33 GMT+0100 (CET);Fri Nov 08 2019 12:26:33 GMT+0100 (CET);1573215993000;0.24;44.76;7.46
1380556889530408;11.4;33.3;Fri Nov 08 2019 13:28:26 GMT+0100 (CET);Fri Nov 08 2019 12:28:26 GMT+0100 (CET);1573216106000;0.21;40.63;7.44
1380556889530408;11.4;33.3;Fri Nov 08 2019 13:30:52 GMT+0100 (CET);Fri Nov 08 2019 12:30:52 GMT+0100 (CET);1573216252000;0.19;35.98;7.39
1380556889530408;11.4;32.7;Fri Nov 08 2019 13:32:44 GMT+0100 (CET);Fri Nov 08 2019 12:32:44 GMT+0100 (CET);1573216364000;0.2;36.78;7.35
1380556889530408;10.9;32.5;Fri Nov 08 2019 13:34:50 GMT+0100 (CET);Fri Nov 08 2019 12:34:50 GMT+0100 (CET);1573216490000;0.26;49.1;7.3
1380556889530408;10.9;32.2;Fri Nov 08 2019 13:36:45 GMT+0100 (CET);Fri Nov 08 2019 12:36:45 GMT+0100 (CET);1573216605000;0.34;61.82;7.29
1380556889530408;10.9;31.5;Fri Nov 08 2019 13:38:41 GMT+0100 (CET);Fri Nov 08 2019 12:38:41 GMT+0100 (CET);1573216721000;0.36;67.61;7.31
1380556889530408;10.9;34;Fri Nov 08 2019 13:40:34 GMT+0100 (CET);Fri Nov 08 2019 12:40:34 GMT+0100 (CET);1573216834000;0.31;58.39;7.31
1380556889530408;10.9;33.9;Fri Nov 08 2019 13:42:39 GMT+0100 (CET);Fri Nov 08 2019 12:42:39 GMT+0100 (CET);1573216959000;0.26;50.99;7.28
1380556889530408;11.4;33.3;Fri Nov 08 2019 13:44:33 GMT+0100 (CET);Fri Nov 08 2019 12:44:33 GMT+0100 (CET);1573217073000;0.28;53.31;7.25
1380556889530408;11.4;33.4;Fri Nov 08 2019 13:46:28 GMT+0100 (CET);Fri Nov 08 2019 12:46:28 GMT+0100 (CET);1573217188000;0.32;62.25;7.22
1380556889530408;11.4;33.6;Fri Nov 08 2019 13:48:21 GMT+0100 (CET);Fri Nov 08 2019 12:48:21 GMT+0100 (CET);1573217301000;0.39;76.11;7.19
1380556889530408;11.4;33.9;Fri Nov 08 2019 13:50:23 GMT+0100 (CET);Fri Nov 08 2019 12:50:23 GMT+0100 (CET);1573217423000;0.48;89.55;7.21
1380556889530408;11.4;34.7;Fri Nov 08 2019 13:52:16 GMT+0100 (CET);Fri Nov 08 2019 12:52:16 GMT+0100 (CET);1573217536000;0.5;97.2;7.26
1380556889530408;12.9;35.2;Fri Nov 08 2019 13:54:13 GMT+0100 (CET);Fri Nov 08 2019 12:54:13 GMT+0100 (CET);1573217653000;0.51;97.61;7.39
1380556889530408;12.9;35.2;Fri Nov 08 2019 13:56:13 GMT+0100 (CET);Fri Nov 08 2019 12:56:13 GMT+0100 (CET);1573217773000;0.46;89.33;7.46
1380556889530408;12.9;35.1;Fri Nov 08 2019 13:58:06 GMT+0100 (CET);Fri Nov 08 2019 12:58:06 GMT+0100 (CET);1573217886000;0.38;73.83;7.52
1380556889530408;12.9;35;Fri Nov 08 2019 14:00:01 GMT+0100 (CET);Fri Nov 08 2019 13:00:01 GMT+0100 (CET);1573218001000;0.31;61.68;7.5
1380556889530408;12.9;34.8;Fri Nov 08 2019 14:01:59 GMT+0100 (CET);Fri Nov 08 2019 13:01:59 GMT+0100 (CET);1573218119000;0.28;54.21;7.47
1380556889530408;12.9;33.4;Fri Nov 08 2019 14:03:52 GMT+0100 (CET);Fri Nov 08 2019 13:03:52 GMT+0100 (CET);1573218232000;0.26;51.26;7.42
1380556889530408;12.9;33.3;Fri Nov 08 2019 14:05:49 GMT+0100 (CET);Fri Nov 08 2019 13:05:49 GMT+0100 (CET);1573218349000;0.26;51.89;7.35
1380556889530408;11.4;33.4;Fri Nov 08 2019 14:08:24 GMT+0100 (CET);Fri Nov 08 2019 13:08:24 GMT+0100 (CET);1573218504000;0.27;54.12;7.35
1380556889530408;11.4;33.5;Fri Nov 08 2019 14:10:31 GMT+0100 (CET);Fri Nov 08 2019 13:10:31 GMT+0100 (CET);1573218631000;0.31;60.44;7.26
1380556889530408;11.4;33.8;Fri Nov 08 2019 14:14:24 GMT+0100 (CET);Fri Nov 08 2019 13:14:24 GMT+0100 (CET);1573218864000;0.35;69.17;7.24
1380556889530408;11.4;33.7;Fri Nov 08 2019 14:17:00 GMT+0100 (CET);Fri Nov 08 2019 13:17:00 GMT+0100 (CET);1573219020000;0.31;59.63;7.25
1380556889530408;11.4;33.3;Fri Nov 08 2019 14:22:02 GMT+0100 (CET);Fri Nov 08 2019 13:22:02 GMT+0100 (CET);1573219322000;0.25;48.27;7.12
1380556889530408;11.4;33.2;Fri Nov 08 2019 14:24:35 GMT+0100 (CET);Fri Nov 08 2019 13:24:35 GMT+0100 (CET);1573219475000;0.23;43.99;7.08
1380556889530408;7.4;31.2;Sat Nov 09 2019 10:26:56 GMT+0100 (CET);Sat Nov 09 2019 09:26:56 GMT+0100 (CET);1573291616000;0.09;19.18;5.32
1380556889530408;8.9;33.2;Sat Nov 09 2019 10:49:31 GMT+0100 (CET);Sat Nov 09 2019 09:49:31 GMT+0100 (CET);1573292971000;0.27;51.28;5.58
1380556889530408;9.4;33.2;Sat Nov 09 2019 11:02:45 GMT+0100 (CET);Sat Nov 09 2019 10:02:45 GMT+0100 (CET);1573293765000;0.2;42.03;5.82
1380556889530408;9.4;34;Sat Nov 09 2019 11:20:24 GMT+0100 (CET);Sat Nov 09 2019 10:20:24 GMT+0100 (CET);1573294824000;0.44;107.69;6.47
1380556889530408;9.4;35.3;Sat Nov 09 2019 11:23:16 GMT+0100 (CET);Sat Nov 09 2019 10:23:16 GMT+0100 (CET);1573294996000;0.54;111.82;6.57
1380556889530408;10.9;35.9;Sat Nov 09 2019 11:25:08 GMT+0100 (CET);Sat Nov 09 2019 10:25:08 GMT+0100 (CET);1573295108000;0.69;156.05;6.88
1380556889530408;11.4;34.8;Sat Nov 09 2019 11:37:23 GMT+0100 (CET);Sat Nov 09 2019 10:37:23 GMT+0100 (CET);1573295843000;0.41;153.15;7.02
1380556889530408;11.4;33.8;Sat Nov 09 2019 11:43:38 GMT+0100 (CET);Sat Nov 09 2019 10:43:38 GMT+0100 (CET);1573296218000;0.34;422.39;8.22
1380556889530408;14.4;37.3;Sat Nov 09 2019 11:57:46 GMT+0100 (CET);Sat Nov 09 2019 10:57:46 GMT+0100 (CET);1573297066000;2.78;740.05;9.6
1380556889530408;14.4;36.5;Sat Nov 09 2019 11:59:39 GMT+0100 (CET);Sat Nov 09 2019 10:59:39 GMT+0100 (CET);1573297179000;1.06;252.41;9.95
1380556889530408;17;36.5;Sat Nov 09 2019 12:03:36 GMT+0100 (CET);Sat Nov 09 2019 11:03:36 GMT+0100 (CET);1573297416000;1.93;366.07;10.27
1380556889530408;21;34.9;Sat Nov 09 2019 12:18:52 GMT+0100 (CET);Sat Nov 09 2019 11:18:52 GMT+0100 (CET);1573298332000;0.8;196.93;10.81
1380556889530408;19.5;34.7;Sat Nov 09 2019 12:22:46 GMT+0100 (CET);Sat Nov 09 2019 11:22:46 GMT+0100 (CET);1573298566000;0.72;159.69;10
1380556889530408;19.5;35.7;Sat Nov 09 2019 12:24:41 GMT+0100 (CET);Sat Nov 09 2019 11:24:41 GMT+0100 (CET);1573298681000;0.95;216.03;9.8
1380556889530408;19;36.3;Sat Nov 09 2019 12:26:33 GMT+0100 (CET);Sat Nov 09 2019 11:26:33 GMT+0100 (CET);1573298793000;1.13;253.06;9.69
1380556889530408;19;36.3;Sat Nov 09 2019 12:28:27 GMT+0100 (CET);Sat Nov 09 2019 11:28:27 GMT+0100 (CET);1573298907000;1.06;239.91;9.67
1380556889530408;19;36.3;Sat Nov 09 2019 12:30:22 GMT+0100 (CET);Sat Nov 09 2019 11:30:22 GMT+0100 (CET);1573299022000;1.14;249.97;9.66
1380556889530408;19;36;Sat Nov 09 2019 12:32:57 GMT+0100 (CET);Sat Nov 09 2019 11:32:57 GMT+0100 (CET);1573299177000;1.1;246.76;9.73
1380556889530408;19;36.3;Sat Nov 09 2019 12:34:50 GMT+0100 (CET);Sat Nov 09 2019 11:34:50 GMT+0100 (CET);1573299290000;1.19;266.92;9.79
1380556889530408;19;36.1;Sat Nov 09 2019 12:36:55 GMT+0100 (CET);Sat Nov 09 2019 11:36:55 GMT+0100 (CET);1573299415000;0.94;207.51;9.89
1380556889530408;19;35.8;Sat Nov 09 2019 12:39:11 GMT+0100 (CET);Sat Nov 09 2019 11:39:11 GMT+0100 (CET);1573299551000;0.97;213.19;9.87
1380556889530408;19;35.8;Sat Nov 09 2019 12:41:06 GMT+0100 (CET);Sat Nov 09 2019 11:41:06 GMT+0100 (CET);1573299666000;0.97;210.28;9.88
1380556889530408;19;35.8;Sat Nov 09 2019 12:43:16 GMT+0100 (CET);Sat Nov 09 2019 11:43:16 GMT+0100 (CET);1573299796000;0.93;201.4;9.84
1380556889530408;19;35.1;Sat Nov 09 2019 12:46:00 GMT+0100 (CET);Sat Nov 09 2019 11:46:00 GMT+0100 (CET);1573299960000;0.69;149.09;9.69
1380556889530408;19;34.4;Sat Nov 09 2019 12:48:27 GMT+0100 (CET);Sat Nov 09 2019 11:48:27 GMT+0100 (CET);1573300107000;0.55;116.03;9.48
1380556889530408;17;34;Sat Nov 09 2019 12:50:29 GMT+0100 (CET);Sat Nov 09 2019 11:50:29 GMT+0100 (CET);1573300229000;0.38;81.64;9.32
1380556889530408;17;33.9;Sat Nov 09 2019 12:52:31 GMT+0100 (CET);Sat Nov 09 2019 11:52:31 GMT+0100 (CET);1573300351000;0.31;65.95;9.19
1380556889530408;17;33.3;Sat Nov 09 2019 12:54:23 GMT+0100 (CET);Sat Nov 09 2019 11:54:23 GMT+0100 (CET);1573300463000;0.34;72.35;9.01
1380556889530408;17;33.4;Sat Nov 09 2019 12:56:16 GMT+0100 (CET);Sat Nov 09 2019 11:56:16 GMT+0100 (CET);1573300576000;0.35;73.88;8.89
1380556889530408;17;33.7;Sat Nov 09 2019 12:58:09 GMT+0100 (CET);Sat Nov 09 2019 11:58:09 GMT+0100 (CET);1573300689000;0.3;63.76;8.71
1380556889530408;14.4;33.7;Sat Nov 09 2019 13:00:01 GMT+0100 (CET);Sat Nov 09 2019 12:00:01 GMT+0100 (CET);1573300801000;0.26;57.67;8.62
1380556889530408;14.4;33.6;Sat Nov 09 2019 13:01:54 GMT+0100 (CET);Sat Nov 09 2019 12:01:54 GMT+0100 (CET);1573300914000;0.27;58.28;8.53
1380556889530408;14.4;33.9;Sat Nov 09 2019 13:03:50 GMT+0100 (CET);Sat Nov 09 2019 12:03:50 GMT+0100 (CET);1573301030000;0.42;93.81;8.5
1380556889530408;14.4;34.3;Sat Nov 09 2019 13:05:44 GMT+0100 (CET);Sat Nov 09 2019 12:05:44 GMT+0100 (CET);1573301144000;0.76;174.61;8.59
1380556889530408;14.4;36.2;Sat Nov 09 2019 13:07:36 GMT+0100 (CET);Sat Nov 09 2019 12:07:36 GMT+0100 (CET);1573301256000;1.27;283.4;8.78
1380556889530408;14.4;37.1;Sat Nov 09 2019 13:09:29 GMT+0100 (CET);Sat Nov 09 2019 12:09:29 GMT+0100 (CET);1573301369000;1.46;316.53;9.41
1380556889530408;14.4;36.3;Sat Nov 09 2019 13:11:23 GMT+0100 (CET);Sat Nov 09 2019 12:11:23 GMT+0100 (CET);1573301483000;0.83;167.44;9.75
1380556889530408;14.4;35.6;Sat Nov 09 2019 13:13:17 GMT+0100 (CET);Sat Nov 09 2019 12:13:17 GMT+0100 (CET);1573301597000;0.56;123.56;9.82
1380556889530408;14.4;34.7;Sat Nov 09 2019 13:15:11 GMT+0100 (CET);Sat Nov 09 2019 12:15:11 GMT+0100 (CET);1573301711000;0.46;99.54;9.77
1380556889530408;15.4;34.5;Sat Nov 09 2019 13:17:04 GMT+0100 (CET);Sat Nov 09 2019 12:17:04 GMT+0100 (CET);1573301824000;0.44;93.26;9.7
1380556889530408;15.4;34.3;Sat Nov 09 2019 13:19:02 GMT+0100 (CET);Sat Nov 09 2019 12:19:02 GMT+0100 (CET);1573301942000;0.46;97.83;9.6
1380556889530408;15.4;34.4;Sat Nov 09 2019 13:20:55 GMT+0100 (CET);Sat Nov 09 2019 12:20:55 GMT+0100 (CET);1573302055000;0.48;99.46;9.42
1380556889530408;14.4;34.4;Sat Nov 09 2019 13:22:51 GMT+0100 (CET);Sat Nov 09 2019 12:22:51 GMT+0100 (CET);1573302171000;0.45;92.87;9.35
1380556889530408;14.4;34.3;Sat Nov 09 2019 13:24:43 GMT+0100 (CET);Sat Nov 09 2019 12:24:43 GMT+0100 (CET);1573302283000;0.37;75.59;9.26
1380556889530408;14.4;34.1;Sat Nov 09 2019 13:26:43 GMT+0100 (CET);Sat Nov 09 2019 12:26:43 GMT+0100 (CET);1573302403000;0.3;61.9;9.17
1380556889530408;14.4;33.4;Sat Nov 09 2019 13:28:42 GMT+0100 (CET);Sat Nov 09 2019 12:28:42 GMT+0100 (CET);1573302522000;0.31;62.84;9.04
1380556889530408;14.4;33.5;Sat Nov 09 2019 13:30:43 GMT+0100 (CET);Sat Nov 09 2019 12:30:43 GMT+0100 (CET);1573302643000;0.3;62.1;8.91
1380556889530408;14.4;33.7;Sat Nov 09 2019 13:32:44 GMT+0100 (CET);Sat Nov 09 2019 12:32:44 GMT+0100 (CET);1573302764000;0.3;63.9;8.81
1380556889530408;14.4;33.6;Sat Nov 09 2019 13:34:44 GMT+0100 (CET);Sat Nov 09 2019 12:34:44 GMT+0100 (CET);1573302884000;0.3;62.2;8.71
1380556889530408;13.4;33.6;Sat Nov 09 2019 13:36:39 GMT+0100 (CET);Sat Nov 09 2019 12:36:39 GMT+0100 (CET);1573302999000;0.26;55.09;8.64
1380556889530408;13.4;33.6;Sat Nov 09 2019 13:38:32 GMT+0100 (CET);Sat Nov 09 2019 12:38:32 GMT+0100 (CET);1573303112000;0.24;52.07;8.54
1380556889530408;13.4;33.2;Sat Nov 09 2019 13:40:25 GMT+0100 (CET);Sat Nov 09 2019 12:40:25 GMT+0100 (CET);1573303225000;0.32;68.54;8.46
1380556889530408;13.4;33.7;Sat Nov 09 2019 13:42:27 GMT+0100 (CET);Sat Nov 09 2019 12:42:27 GMT+0100 (CET);1573303347000;0.29;62.66;8.45
1380556889530408;13.4;33.7;Sat Nov 09 2019 13:44:20 GMT+0100 (CET);Sat Nov 09 2019 12:44:20 GMT+0100 (CET);1573303460000;0.23;52.33;8.41
1380556889530408;13.4;33.8;Sat Nov 09 2019 13:46:13 GMT+0100 (CET);Sat Nov 09 2019 12:46:13 GMT+0100 (CET);1573303573000;0.19;42.69;8.39
1380556889530408;13.4;33.6;Sat Nov 09 2019 13:48:06 GMT+0100 (CET);Sat Nov 09 2019 12:48:06 GMT+0100 (CET);1573303686000;0.2;46.36;8.36
1380556889530408;12.9;33.8;Sat Nov 09 2019 13:49:58 GMT+0100 (CET);Sat Nov 09 2019 12:49:58 GMT+0100 (CET);1573303798000;0.33;71.97;8.39
1380556889530408;12.9;34.3;Sat Nov 09 2019 13:51:54 GMT+0100 (CET);Sat Nov 09 2019 12:51:54 GMT+0100 (CET);1573303914000;0.51;110.25;8.43
1380556889530408;12.9;34.5;Sat Nov 09 2019 13:53:47 GMT+0100 (CET);Sat Nov 09 2019 12:53:47 GMT+0100 (CET);1573304027000;0.64;138.63;8.52
1380556889530408;12.9;36.3;Sat Nov 09 2019 13:55:42 GMT+0100 (CET);Sat Nov 09 2019 12:55:42 GMT+0100 (CET);1573304142000;0.77;170;8.7
1380556889530408;12.9;36.1;Sat Nov 09 2019 13:57:35 GMT+0100 (CET);Sat Nov 09 2019 12:57:35 GMT+0100 (CET);1573304255000;0.76;168.16;8.89
1380556889530408;12.9;36;Sat Nov 09 2019 13:59:28 GMT+0100 (CET);Sat Nov 09 2019 12:59:28 GMT+0100 (CET);1573304368000;0.73;163.33;9.05
1380556889530408;13.4;35.8;Sat Nov 09 2019 14:01:21 GMT+0100 (CET);Sat Nov 09 2019 13:01:21 GMT+0100 (CET);1573304481000;0.69;153.61;9.16
1380556889530408;13.4;35.7;Sat Nov 09 2019 14:03:14 GMT+0100 (CET);Sat Nov 09 2019 13:03:14 GMT+0100 (CET);1573304594000;0.64;141.26;9.17
1380556889530408;14.4;35.5;Sat Nov 09 2019 14:05:06 GMT+0100 (CET);Sat Nov 09 2019 13:05:06 GMT+0100 (CET);1573304706000;0.64;140.85;9.17
1380556889530408;14.4;35.6;Sat Nov 09 2019 14:07:05 GMT+0100 (CET);Sat Nov 09 2019 13:07:05 GMT+0100 (CET);1573304825000;0.68;148.88;9.25
1380556889530408;14.4;35.5;Sat Nov 09 2019 14:08:58 GMT+0100 (CET);Sat Nov 09 2019 13:08:58 GMT+0100 (CET);1573304938000;0.64;140.15;9.29
1380556889530408;14.4;35.1;Sat Nov 09 2019 14:10:52 GMT+0100 (CET);Sat Nov 09 2019 13:10:52 GMT+0100 (CET);1573305052000;0.58;125.77;9.32
1380556889530408;14.4;34.6;Sat Nov 09 2019 14:12:45 GMT+0100 (CET);Sat Nov 09 2019 13:12:45 GMT+0100 (CET);1573305165000;0.52;113.57;9.29
1380556889530408;14.4;34.6;Sat Nov 09 2019 14:14:39 GMT+0100 (CET);Sat Nov 09 2019 13:14:39 GMT+0100 (CET);1573305279000;0.44;97.32;9.26
1380556889530408;14.4;34.4;Sat Nov 09 2019 14:16:37 GMT+0100 (CET);Sat Nov 09 2019 13:16:37 GMT+0100 (CET);1573305397000;0.41;91.67;9.22
1380556889530408;14.4;34.3;Sat Nov 09 2019 14:18:30 GMT+0100 (CET);Sat Nov 09 2019 13:18:30 GMT+0100 (CET);1573305510000;0.41;90.79;9.21
1380556889530408;14.4;34.3;Sat Nov 09 2019 14:20:23 GMT+0100 (CET);Sat Nov 09 2019 13:20:23 GMT+0100 (CET);1573305623000;0.36;80.69;9.22
1380556889530408;14.4;34.4;Sat Nov 09 2019 14:22:28 GMT+0100 (CET);Sat Nov 09 2019 13:22:28 GMT+0100 (CET);1573305748000;0.33;72.77;9.25
1380556889530408;14.4;34.7;Sat Nov 09 2019 14:24:21 GMT+0100 (CET);Sat Nov 09 2019 13:24:21 GMT+0100 (CET);1573305861000;0.34;76.35;9.24
1380556889530408;14.4;36.2;Sat Nov 09 2019 14:26:15 GMT+0100 (CET);Sat Nov 09 2019 13:26:15 GMT+0100 (CET);1573305975000;0.56;124.09;9.32
1380556889530408;14.4;36.2;Sat Nov 09 2019 14:28:09 GMT+0100 (CET);Sat Nov 09 2019 13:28:09 GMT+0100 (CET);1573306089000;0.69;160.79;9.41
1380556889530408;14.4;36.6;Sat Nov 09 2019 14:30:02 GMT+0100 (CET);Sat Nov 09 2019 13:30:02 GMT+0100 (CET);1573306202000;0.81;186.26;9.45
1380556889530408;14.4;36.7;Sat Nov 09 2019 14:31:56 GMT+0100 (CET);Sat Nov 09 2019 13:31:56 GMT+0100 (CET);1573306316000;0.75;175.23;9.5
1380556889530408;14.4;36.9;Sat Nov 09 2019 14:33:49 GMT+0100 (CET);Sat Nov 09 2019 13:33:49 GMT+0100 (CET);1573306429000;0.73;172.58;9.55
1380556889530408;14.4;36.9;Sat Nov 09 2019 14:35:42 GMT+0100 (CET);Sat Nov 09 2019 13:35:42 GMT+0100 (CET);1573306542000;1.3;274.22;9.6
1380556889530408;17;38;Sat Nov 09 2019 14:38:06 GMT+0100 (CET);Sat Nov 09 2019 13:38:06 GMT+0100 (CET);1573306686000;1.57;414.71;10.22
1380556889530408;17;37.7;Sat Nov 09 2019 14:39:58 GMT+0100 (CET);Sat Nov 09 2019 13:39:58 GMT+0100 (CET);1573306798000;0.91;198.45;10.5
1380556889530408;17;36.1;Sat Nov 09 2019 14:41:51 GMT+0100 (CET);Sat Nov 09 2019 13:41:51 GMT+0100 (CET);1573306911000;0.47;104.58;10.46
1380556889530408;17;35.1;Sat Nov 09 2019 14:43:47 GMT+0100 (CET);Sat Nov 09 2019 13:43:47 GMT+0100 (CET);1573307027000;0.4;94;10.1
1380556889530408;17;35;Sat Nov 09 2019 14:45:45 GMT+0100 (CET);Sat Nov 09 2019 13:45:45 GMT+0100 (CET);1573307145000;0.39;90.03;9.74
1380556889530408;17;34.9;Sat Nov 09 2019 14:47:37 GMT+0100 (CET);Sat Nov 09 2019 13:47:37 GMT+0100 (CET);1573307257000;0.44;98.69;9.49
1380556889530408;17;35.4;Sat Nov 09 2019 14:49:30 GMT+0100 (CET);Sat Nov 09 2019 13:49:30 GMT+0100 (CET);1573307370000;0.51;115.06;9.29
1380556889530408;14.4;35.2;Sat Nov 09 2019 14:51:23 GMT+0100 (CET);Sat Nov 09 2019 13:51:23 GMT+0100 (CET);1573307483000;0.56;121.36;9.22
1380556889530408;14.4;35.6;Sat Nov 09 2019 14:53:33 GMT+0100 (CET);Sat Nov 09 2019 13:53:33 GMT+0100 (CET);1573307613000;0.56;125.19;9.28
1380556889530408;14.4;35.4;Sat Nov 09 2019 14:55:26 GMT+0100 (CET);Sat Nov 09 2019 13:55:26 GMT+0100 (CET);1573307726000;0.52;113.06;9.26
1380556889530408;14.4;34.9;Sat Nov 09 2019 14:57:29 GMT+0100 (CET);Sat Nov 09 2019 13:57:29 GMT+0100 (CET);1573307849000;0.44;95.4;9.2
1380556889530408;14.4;34.7;Sat Nov 09 2019 14:59:22 GMT+0100 (CET);Sat Nov 09 2019 13:59:22 GMT+0100 (CET);1573307962000;0.39;85.96;9.14
1380556889530408;14.4;34.5;Sat Nov 09 2019 15:01:14 GMT+0100 (CET);Sat Nov 09 2019 14:01:14 GMT+0100 (CET);1573308074000;0.34;75.18;9.07
1380556889530408;14.4;34.3;Sat Nov 09 2019 15:03:07 GMT+0100 (CET);Sat Nov 09 2019 14:03:07 GMT+0100 (CET);1573308187000;0.3;65.33;8.95
1380556889530408;13.4;33.9;Sat Nov 09 2019 15:05:10 GMT+0100 (CET);Sat Nov 09 2019 14:05:10 GMT+0100 (CET);1573308310000;0.29;61.67;8.87
1380556889530408;13.4;33.7;Sat Nov 09 2019 15:07:03 GMT+0100 (CET);Sat Nov 09 2019 14:07:03 GMT+0100 (CET);1573308423000;0.32;69.16;8.8
1380556889530408;13.4;33.8;Sat Nov 09 2019 15:09:00 GMT+0100 (CET);Sat Nov 09 2019 14:09:00 GMT+0100 (CET);1573308540000;0.35;75.65;8.78
1380556889530408;13.4;33.9;Sat Nov 09 2019 15:10:52 GMT+0100 (CET);Sat Nov 09 2019 14:10:52 GMT+0100 (CET);1573308652000;0.31;69.05;8.76
1380556889530408;13.4;33.8;Sat Nov 09 2019 15:12:45 GMT+0100 (CET);Sat Nov 09 2019 14:12:45 GMT+0100 (CET);1573308765000;0.25;55.85;8.63
1380556889530408;13.4;33.6;Sat Nov 09 2019 15:14:39 GMT+0100 (CET);Sat Nov 09 2019 14:14:39 GMT+0100 (CET);1573308879000;0.23;50.72;8.47
1380556889530408;13.4;33.2;Sat Nov 09 2019 15:16:40 GMT+0100 (CET);Sat Nov 09 2019 14:16:40 GMT+0100 (CET);1573309000000;0.23;50.97;8.32
1380556889530408;13.4;33.5;Sat Nov 09 2019 15:18:36 GMT+0100 (CET);Sat Nov 09 2019 14:18:36 GMT+0100 (CET);1573309116000;0.23;50.84;8.25
1380556889530408;13.4;33.3;Sat Nov 09 2019 15:20:29 GMT+0100 (CET);Sat Nov 09 2019 14:20:29 GMT+0100 (CET);1573309229000;0.24;53.69;8.19
1380556889530408;13.4;33.4;Sat Nov 09 2019 15:22:31 GMT+0100 (CET);Sat Nov 09 2019 14:22:31 GMT+0100 (CET);1573309351000;0.23;51.3;8.18
1380556889530408;12.9;33.9;Sat Nov 09 2019 15:24:27 GMT+0100 (CET);Sat Nov 09 2019 14:24:27 GMT+0100 (CET);1573309467000;0.23;59.63;8.19
1380556889530408;12.9;34.3;Sat Nov 09 2019 15:26:20 GMT+0100 (CET);Sat Nov 09 2019 14:26:20 GMT+0100 (CET);1573309580000;0.23;51.46;8.23
1380556889530408;12.9;35.9;Sat Nov 09 2019 15:28:15 GMT+0100 (CET);Sat Nov 09 2019 14:28:15 GMT+0100 (CET);1573309695000;0.25;77.65;8.28
1380556889530408;12.9;38;Sat Nov 09 2019 15:30:08 GMT+0100 (CET);Sat Nov 09 2019 14:30:08 GMT+0100 (CET);1573309808000;0.65;199.11;8.48
1380556889530408;12.9;38;Sat Nov 09 2019 15:32:01 GMT+0100 (CET);Sat Nov 09 2019 14:32:01 GMT+0100 (CET);1573309921000;0.68;204.36;8.84
1380556889530408;14.9;38.2;Sat Nov 09 2019 15:33:54 GMT+0100 (CET);Sat Nov 09 2019 14:33:54 GMT+0100 (CET);1573310034000;0.7;159.91;9.32
1380556889530408;14.9;38.7;Sat Nov 09 2019 15:35:47 GMT+0100 (CET);Sat Nov 09 2019 14:35:47 GMT+0100 (CET);1573310147000;0.7;114.3;9.55
1380556889530408;14.9;39.1;Sat Nov 09 2019 15:37:40 GMT+0100 (CET);Sat Nov 09 2019 14:37:40 GMT+0100 (CET);1573310260000;0.52;79.57;9.56
1380556889530408;14.4;37.7;Sat Nov 09 2019 15:39:58 GMT+0100 (CET);Sat Nov 09 2019 14:39:58 GMT+0100 (CET);1573310398000;0.38;66.03;9.36
1380556889530408;14.4;34;Sat Nov 09 2019 15:41:52 GMT+0100 (CET);Sat Nov 09 2019 14:41:52 GMT+0100 (CET);1573310512000;0.29;63.28;9.17
1380556889530408;14.4;39.3;Sat Nov 09 2019 15:43:45 GMT+0100 (CET);Sat Nov 09 2019 14:43:45 GMT+0100 (CET);1573310625000;0.39;75.76;8.92
1380556889530408;14.4;37.3;Sat Nov 09 2019 15:45:38 GMT+0100 (CET);Sat Nov 09 2019 14:45:38 GMT+0100 (CET);1573310738000;0.28;61.96;8.78
1380556889530408;14.4;38.9;Sat Nov 09 2019 15:47:42 GMT+0100 (CET);Sat Nov 09 2019 14:47:42 GMT+0100 (CET);1573310862000;0.34;88.18;8.7
1380556889530408;14.4;39.7;Sat Nov 09 2019 15:49:35 GMT+0100 (CET);Sat Nov 09 2019 14:49:35 GMT+0100 (CET);1573310975000;0.33;72.08;8.66
1380556889530408;14.4;39.1;Sat Nov 09 2019 15:51:28 GMT+0100 (CET);Sat Nov 09 2019 14:51:28 GMT+0100 (CET);1573311088000;0.25;59.69;8.6
1380556889530408;17;34.8;Sat Nov 09 2019 15:53:21 GMT+0100 (CET);Sat Nov 09 2019 14:53:21 GMT+0100 (CET);1573311201000;0.24;53.25;8.51
1380556889530408;17;36.4;Sat Nov 09 2019 15:55:25 GMT+0100 (CET);Sat Nov 09 2019 14:55:25 GMT+0100 (CET);1573311325000;0.26;58.62;8.4
1380556889530408;14.4;34.8;Sat Nov 09 2019 15:57:18 GMT+0100 (CET);Sat Nov 09 2019 14:57:18 GMT+0100 (CET);1573311438000;0.24;53.54;8.32
1380556889530408;14.4;34.4;Sat Nov 09 2019 15:59:11 GMT+0100 (CET);Sat Nov 09 2019 14:59:11 GMT+0100 (CET);1573311551000;0.22;51.2;8.25
1380556889530408;14.4;34.3;Sat Nov 09 2019 16:01:04 GMT+0100 (CET);Sat Nov 09 2019 15:01:04 GMT+0100 (CET);1573311664000;0.2;45.2;8.16
1380556889530408;13.4;34.2;Sat Nov 09 2019 16:03:05 GMT+0100 (CET);Sat Nov 09 2019 15:03:05 GMT+0100 (CET);1573311785000;0.18;40.16;8.1
1380556889530408;13.4;34.1;Sat Nov 09 2019 16:04:57 GMT+0100 (CET);Sat Nov 09 2019 15:04:57 GMT+0100 (CET);1573311897000;0.15;35.06;8.07
1380556889530408;12.9;33.5;Sat Nov 09 2019 16:06:51 GMT+0100 (CET);Sat Nov 09 2019 15:06:51 GMT+0100 (CET);1573312011000;0.15;36.07;8.01
1380556889530408;12.9;33.3;Sat Nov 09 2019 16:08:44 GMT+0100 (CET);Sat Nov 09 2019 15:08:44 GMT+0100 (CET);1573312124000;0.16;36.99;8
1380556889530408;12.9;33.3;Sat Nov 09 2019 16:10:50 GMT+0100 (CET);Sat Nov 09 2019 15:10:50 GMT+0100 (CET);1573312250000;0.15;34.15;7.93
1380556889530408;11.4;32.9;Sat Nov 09 2019 16:12:43 GMT+0100 (CET);Sat Nov 09 2019 15:12:43 GMT+0100 (CET);1573312363000;0.15;34.89;7.89
1380556889530408;11.4;33;Sat Nov 09 2019 16:14:36 GMT+0100 (CET);Sat Nov 09 2019 15:14:36 GMT+0100 (CET);1573312476000;0.14;31.19;7.84
1380556889530408;10.9;32.9;Sat Nov 09 2019 16:16:31 GMT+0100 (CET);Sat Nov 09 2019 15:16:31 GMT+0100 (CET);1573312591000;0.11;24.38;7.76
1380556889530408;10.9;32.7;Sat Nov 09 2019 16:18:31 GMT+0100 (CET);Sat Nov 09 2019 15:18:31 GMT+0100 (CET);1573312711000;0.09;20.36;7.68
1380556889530408;10.9;31.6;Sat Nov 09 2019 16:20:24 GMT+0100 (CET);Sat Nov 09 2019 15:20:24 GMT+0100 (CET);1573312824000;0.09;19.58;7.64
1380556889530408;10.9;31.7;Sat Nov 09 2019 16:22:16 GMT+0100 (CET);Sat Nov 09 2019 15:22:16 GMT+0100 (CET);1573312936000;0.09;20.87;7.58
1380556889530408;10.9;31.7;Sat Nov 09 2019 16:24:09 GMT+0100 (CET);Sat Nov 09 2019 15:24:09 GMT+0100 (CET);1573313049000;0.07;16.41;7.54
1380556889530408;9.4;31.4;Sat Nov 09 2019 16:26:04 GMT+0100 (CET);Sat Nov 09 2019 15:26:04 GMT+0100 (CET);1573313164000;0.06;14.17;7.5
1380556889530408;9.4;30.6;Sat Nov 09 2019 16:27:56 GMT+0100 (CET);Sat Nov 09 2019 15:27:56 GMT+0100 (CET);1573313276000;0;11.79;7.44
1380556889530408;9.4;30;Sat Nov 09 2019 16:29:51 GMT+0100 (CET);Sat Nov 09 2019 15:29:51 GMT+0100 (CET);1573313391000;0;10.68;7.36
1380556889530408;8.9;29.5;Sat Nov 09 2019 16:31:45 GMT+0100 (CET);Sat Nov 09 2019 15:31:45 GMT+0100 (CET);1573313505000;0;8.88;7.29
1380556889530408;8.9;29.3;Sat Nov 09 2019 16:33:38 GMT+0100 (CET);Sat Nov 09 2019 15:33:38 GMT+0100 (CET);1573313618000;0;6.27;7.15
1380556889530408;8.9;28.7;Sat Nov 09 2019 16:35:31 GMT+0100 (CET);Sat Nov 09 2019 15:35:31 GMT+0100 (CET);1573313731000;0;5.31;7
1380556889530408;8.9;28.4;Sat Nov 09 2019 16:37:32 GMT+0100 (CET);Sat Nov 09 2019 15:37:32 GMT+0100 (CET);1573313852000;0;4.77;6.83
1380556889530408;8.9;32.3;Sat Nov 09 2019 16:39:24 GMT+0100 (CET);Sat Nov 09 2019 15:39:24 GMT+0100 (CET);1573313964000;0;3.98;6.72
1380556889530408;8.9;33.1;Sat Nov 09 2019 16:41:17 GMT+0100 (CET);Sat Nov 09 2019 15:41:17 GMT+0100 (CET);1573314077000;0;2.85;6.59
1380556889530408;8.9;32;Sat Nov 09 2019 16:43:10 GMT+0100 (CET);Sat Nov 09 2019 15:43:10 GMT+0100 (CET);1573314190000;0;2.35;6.44
1380556889530408;8.9;31.3;Sat Nov 09 2019 16:45:03 GMT+0100 (CET);Sat Nov 09 2019 15:45:03 GMT+0100 (CET);1573314303000;0;1.33;6.31
1380556889530408;8.9;28.1;Sat Nov 09 2019 16:46:55 GMT+0100 (CET);Sat Nov 09 2019 15:46:55 GMT+0100 (CET);1573314415000;0;0.76;6.14
1380556889530408;6.4;27.7;Sat Nov 09 2019 16:48:48 GMT+0100 (CET);Sat Nov 09 2019 15:48:48 GMT+0100 (CET);1573314528000;0;0.57;6.02
1380556889530408;6.4;19.6;Sat Nov 09 2019 16:50:41 GMT+0100 (CET);Sat Nov 09 2019 15:50:41 GMT+0100 (CET);1573314641000;0;0.41;5.91
1380556889530408;6.4;19.6;Sat Nov 09 2019 16:52:33 GMT+0100 (CET);Sat Nov 09 2019 15:52:33 GMT+0100 (CET);1573314753000;0;0.26;5.85
1380556889530408;6.4;19.6;Sat Nov 09 2019 16:54:26 GMT+0100 (CET);Sat Nov 09 2019 15:54:26 GMT+0100 (CET);1573314866000;0;-0.01;5.75
1380556889530408;1.3;33.9;Sun Nov 10 2019 07:33:04 GMT+0100 (CET);Sun Nov 10 2019 06:33:04 GMT+0100 (CET);1573367584000;0;6.36;1.24
1380556889530408;1.3;31.6;Sun Nov 10 2019 07:35:02 GMT+0100 (CET);Sun Nov 10 2019 06:35:02 GMT+0100 (CET);1573367702000;0;7.02;1.26
1380556889530408;1.3;35;Sun Nov 10 2019 07:36:58 GMT+0100 (CET);Sun Nov 10 2019 06:36:58 GMT+0100 (CET);1573367818000;0;8.43;1.29
1380556889530408;2.8;34.5;Sun Nov 10 2019 07:38:52 GMT+0100 (CET);Sun Nov 10 2019 06:38:52 GMT+0100 (CET);1573367932000;0;9.04;1.33
1380556889530408;2.8;28.2;Sun Nov 10 2019 07:40:46 GMT+0100 (CET);Sun Nov 10 2019 06:40:46 GMT+0100 (CET);1573368046000;0;9.24;1.35
1380556889530408;1.3;26.1;Sun Nov 10 2019 07:42:41 GMT+0100 (CET);Sun Nov 10 2019 06:42:41 GMT+0100 (CET);1573368161000;0;11.28;1.39
1380556889530408;1.3;25.5;Sun Nov 10 2019 07:44:47 GMT+0100 (CET);Sun Nov 10 2019 06:44:47 GMT+0100 (CET);1573368287000;0;11.13;1.42
1380556889530408;1.3;27.2;Sun Nov 10 2019 07:46:40 GMT+0100 (CET);Sun Nov 10 2019 06:46:40 GMT+0100 (CET);1573368400000;0;11.27;1.48
1380556889530408;0.8;26.4;Sun Nov 10 2019 07:48:45 GMT+0100 (CET);Sun Nov 10 2019 06:48:45 GMT+0100 (CET);1573368525000;0;12.87;1.52
1380556889530408;0.8;27.1;Sun Nov 10 2019 07:50:37 GMT+0100 (CET);Sun Nov 10 2019 06:50:37 GMT+0100 (CET);1573368637000;0;14.21;1.56
1380556889530408;0.8;27.9;Sun Nov 10 2019 07:52:30 GMT+0100 (CET);Sun Nov 10 2019 06:52:30 GMT+0100 (CET);1573368750000;0.07;15.18;1.6
1380556889530408;0.8;28.9;Sun Nov 10 2019 07:54:23 GMT+0100 (CET);Sun Nov 10 2019 06:54:23 GMT+0100 (CET);1573368863000;0.07;15.53;1.63
1380556889530408;1.3;28.5;Sun Nov 10 2019 07:56:27 GMT+0100 (CET);Sun Nov 10 2019 06:56:27 GMT+0100 (CET);1573368987000;0.08;18.36;1.67
1380556889530408;1.3;30.8;Sun Nov 10 2019 07:58:23 GMT+0100 (CET);Sun Nov 10 2019 06:58:23 GMT+0100 (CET);1573369103000;0.08;18.21;1.71
1380556889530408;1.3;30.5;Sun Nov 10 2019 08:00:16 GMT+0100 (CET);Sun Nov 10 2019 07:00:16 GMT+0100 (CET);1573369216000;0.08;19.12;1.76
1380556889530408;2.8;31.4;Sun Nov 10 2019 08:02:09 GMT+0100 (CET);Sun Nov 10 2019 07:02:09 GMT+0100 (CET);1573369329000;0.08;19.42;1.8
1380556889530408;2.8;31.1;Sun Nov 10 2019 08:04:19 GMT+0100 (CET);Sun Nov 10 2019 07:04:19 GMT+0100 (CET);1573369459000;0.09;20.22;1.85
1380556889530408;3.4;31.6;Sun Nov 10 2019 08:06:12 GMT+0100 (CET);Sun Nov 10 2019 07:06:12 GMT+0100 (CET);1573369572000;0.1;22.12;1.9
1380556889530408;3.4;31.7;Sun Nov 10 2019 08:08:13 GMT+0100 (CET);Sun Nov 10 2019 07:08:13 GMT+0100 (CET);1573369693000;0.09;20.73;1.93
1380556889530408;3.4;30.9;Sun Nov 10 2019 08:10:05 GMT+0100 (CET);Sun Nov 10 2019 07:10:05 GMT+0100 (CET);1573369805000;0.1;22.62;1.97
1380556889530408;3.4;31.8;Sun Nov 10 2019 08:12:07 GMT+0100 (CET);Sun Nov 10 2019 07:12:07 GMT+0100 (CET);1573369927000;0.11;25.08;2.03
1380556889530408;3.4;32.1;Sun Nov 10 2019 08:13:59 GMT+0100 (CET);Sun Nov 10 2019 07:13:59 GMT+0100 (CET);1573370039000;0.12;25.98;2.07
1380556889530408;3.4;32.4;Sun Nov 10 2019 08:15:52 GMT+0100 (CET);Sun Nov 10 2019 07:15:52 GMT+0100 (CET);1573370152000;0.13;28.48;2.1
1380556889530408;3.4;32.4;Sun Nov 10 2019 08:17:45 GMT+0100 (CET);Sun Nov 10 2019 07:17:45 GMT+0100 (CET);1573370265000;0.12;26.69;2.12
1380556889530408;3.4;32;Sun Nov 10 2019 08:19:53 GMT+0100 (CET);Sun Nov 10 2019 07:19:53 GMT+0100 (CET);1573370393000;0.13;27.77;2.17
1380556889530408;4.9;32.6;Sun Nov 10 2019 08:21:49 GMT+0100 (CET);Sun Nov 10 2019 07:21:49 GMT+0100 (CET);1573370509000;0.13;29.1;2.21
1380556889530408;4.9;32.8;Sun Nov 10 2019 08:23:52 GMT+0100 (CET);Sun Nov 10 2019 07:23:52 GMT+0100 (CET);1573370632000;0.15;32.67;2.25
1380556889530408;4.9;32.7;Sun Nov 10 2019 08:25:48 GMT+0100 (CET);Sun Nov 10 2019 07:25:48 GMT+0100 (CET);1573370748000;0.17;36.78;2.28
1380556889530408;4.9;33;Sun Nov 10 2019 08:27:41 GMT+0100 (CET);Sun Nov 10 2019 07:27:41 GMT+0100 (CET);1573370861000;0.18;39.41;2.32
1380556889530408;4.9;33.3;Sun Nov 10 2019 08:29:35 GMT+0100 (CET);Sun Nov 10 2019 07:29:35 GMT+0100 (CET);1573370975000;0.2;42.91;2.35
1380556889530408;4.9;33.5;Sun Nov 10 2019 08:31:28 GMT+0100 (CET);Sun Nov 10 2019 07:31:28 GMT+0100 (CET);1573371088000;0.17;37.92;2.4
1380556889530408;4.9;33.4;Sun Nov 10 2019 08:33:50 GMT+0100 (CET);Sun Nov 10 2019 07:33:50 GMT+0100 (CET);1573371230000;0.18;38.29;2.43
1380556889530408;5.4;33.4;Sun Nov 10 2019 08:35:57 GMT+0100 (CET);Sun Nov 10 2019 07:35:57 GMT+0100 (CET);1573371357000;0.18;39.45;2.4
1380556889530408;5.4;33.4;Sun Nov 10 2019 08:37:51 GMT+0100 (CET);Sun Nov 10 2019 07:37:51 GMT+0100 (CET);1573371471000;0.21;45.84;2.39
1380556889530408;5.4;33.6;Sun Nov 10 2019 08:39:55 GMT+0100 (CET);Sun Nov 10 2019 07:39:55 GMT+0100 (CET);1573371595000;0.2;42.79;2.43
1380556889530408;5.4;33.4;Sun Nov 10 2019 08:41:47 GMT+0100 (CET);Sun Nov 10 2019 07:41:47 GMT+0100 (CET);1573371707000;0.2;43.79;2.48
1380556889530408;5.4;33.5;Sun Nov 10 2019 08:43:47 GMT+0100 (CET);Sun Nov 10 2019 07:43:47 GMT+0100 (CET);1573371827000;0.21;43.92;2.5
1380556889530408;5.4;33.7;Sun Nov 10 2019 08:45:40 GMT+0100 (CET);Sun Nov 10 2019 07:45:40 GMT+0100 (CET);1573371940000;0.24;51.42;2.53
1380556889530408;5.4;33.7;Sun Nov 10 2019 08:47:33 GMT+0100 (CET);Sun Nov 10 2019 07:47:33 GMT+0100 (CET);1573372053000;0.25;53.47;2.58
1380556889530408;5.4;33.9;Sun Nov 10 2019 08:49:25 GMT+0100 (CET);Sun Nov 10 2019 07:49:25 GMT+0100 (CET);1573372165000;0.28;59.06;2.62
1380556889530408;5.4;34.1;Sun Nov 10 2019 08:51:21 GMT+0100 (CET);Sun Nov 10 2019 07:51:21 GMT+0100 (CET);1573372281000;0.27;57.01;2.64
1380556889530408;5.4;34.1;Sun Nov 10 2019 08:53:16 GMT+0100 (CET);Sun Nov 10 2019 07:53:16 GMT+0100 (CET);1573372396000;0.29;62.11;2.65
1380556889530408;5.4;34.3;Sun Nov 10 2019 08:55:15 GMT+0100 (CET);Sun Nov 10 2019 07:55:15 GMT+0100 (CET);1573372515000;0.31;64.42;2.7
1380556889530408;5.4;34.2;Sun Nov 10 2019 08:57:08 GMT+0100 (CET);Sun Nov 10 2019 07:57:08 GMT+0100 (CET);1573372628000;0.28;57.79;2.75
1380556889530408;6.9;34;Sun Nov 10 2019 08:59:08 GMT+0100 (CET);Sun Nov 10 2019 07:59:08 GMT+0100 (CET);1573372748000;0.31;64.92;2.79
1380556889530408;6.9;34.1;Sun Nov 10 2019 09:01:02 GMT+0100 (CET);Sun Nov 10 2019 08:01:02 GMT+0100 (CET);1573372862000;0.31;65.74;2.78
1380556889530408;6.9;34.1;Sun Nov 10 2019 09:02:55 GMT+0100 (CET);Sun Nov 10 2019 08:02:55 GMT+0100 (CET);1573372975000;0.33;69.37;2.82
1380556889530408;6.9;34.2;Sun Nov 10 2019 09:04:59 GMT+0100 (CET);Sun Nov 10 2019 08:04:59 GMT+0100 (CET);1573373099000;0.34;72.13;2.88
1380556889530408;6.9;34.1;Sun Nov 10 2019 09:07:26 GMT+0100 (CET);Sun Nov 10 2019 08:07:26 GMT+0100 (CET);1573373246000;0.29;63.38;2.92
1380556889530408;6.9;34;Sun Nov 10 2019 09:09:19 GMT+0100 (CET);Sun Nov 10 2019 08:09:19 GMT+0100 (CET);1573373359000;0.31;65.52;2.92
1380556889530408;6.9;34.1;Sun Nov 10 2019 09:11:14 GMT+0100 (CET);Sun Nov 10 2019 08:11:14 GMT+0100 (CET);1573373474000;0.33;70.3;2.91
1380556889530408;6.9;34;Sun Nov 10 2019 09:13:12 GMT+0100 (CET);Sun Nov 10 2019 08:13:12 GMT+0100 (CET);1573373592000;0.31;65.62;2.93
1380556889530408;6.9;33.9;Sun Nov 10 2019 09:15:05 GMT+0100 (CET);Sun Nov 10 2019 08:15:05 GMT+0100 (CET);1573373705000;0.32;68.54;2.92
1380556889530408;7.4;33.9;Sun Nov 10 2019 09:16:59 GMT+0100 (CET);Sun Nov 10 2019 08:16:59 GMT+0100 (CET);1573373819000;0.36;75.24;2.87
1380556889530408;7.4;34.3;Sun Nov 10 2019 09:18:52 GMT+0100 (CET);Sun Nov 10 2019 08:18:52 GMT+0100 (CET);1573373932000;0.4;83.35;2.83
1380556889530408;7.4;34.9;Sun Nov 10 2019 09:20:46 GMT+0100 (CET);Sun Nov 10 2019 08:20:46 GMT+0100 (CET);1573374046000;0.37;78.37;2.86
1380556889530408;7.4;34.8;Sun Nov 10 2019 09:22:39 GMT+0100 (CET);Sun Nov 10 2019 08:22:39 GMT+0100 (CET);1573374159000;0.37;79.59;2.86
1380556889530408;7.4;35.2;Sun Nov 10 2019 09:24:32 GMT+0100 (CET);Sun Nov 10 2019 08:24:32 GMT+0100 (CET);1573374272000;0.35;74.67;2.89
1380556889530408;7.4;35.1;Sun Nov 10 2019 09:26:25 GMT+0100 (CET);Sun Nov 10 2019 08:26:25 GMT+0100 (CET);1573374385000;0.33;72.6;2.94
1380556889530408;8.9;34.8;Sun Nov 10 2019 09:28:22 GMT+0100 (CET);Sun Nov 10 2019 08:28:22 GMT+0100 (CET);1573374502000;0.35;75.03;3.01
1380556889530408;8.9;34.5;Sun Nov 10 2019 09:30:15 GMT+0100 (CET);Sun Nov 10 2019 08:30:15 GMT+0100 (CET);1573374615000;0.36;78.58;3.02
1380556889530408;8.9;35.1;Sun Nov 10 2019 09:32:08 GMT+0100 (CET);Sun Nov 10 2019 08:32:08 GMT+0100 (CET);1573374728000;0.36;78.34;3.09
1380556889530408;8.9;35.1;Sun Nov 10 2019 09:34:06 GMT+0100 (CET);Sun Nov 10 2019 08:34:06 GMT+0100 (CET);1573374846000;0.37;80.26;3.13
1380556889530408;8.9;35.2;Sun Nov 10 2019 09:35:59 GMT+0100 (CET);Sun Nov 10 2019 08:35:59 GMT+0100 (CET);1573374959000;0.42;90.46;3.17
1380556889530408;8.9;35.4;Sun Nov 10 2019 09:38:15 GMT+0100 (CET);Sun Nov 10 2019 08:38:15 GMT+0100 (CET);1573375095000;0.42;91.34;3.2
1380556889530408;8.9;35.3;Sun Nov 10 2019 09:40:11 GMT+0100 (CET);Sun Nov 10 2019 08:40:11 GMT+0100 (CET);1573375211000;0.39;86.39;3.24
1380556889530408;8.9;35.3;Sun Nov 10 2019 09:42:04 GMT+0100 (CET);Sun Nov 10 2019 08:42:04 GMT+0100 (CET);1573375324000;0.42;91.81;3.25
1380556889530408;8.9;35.4;Sun Nov 10 2019 09:44:02 GMT+0100 (CET);Sun Nov 10 2019 08:44:02 GMT+0100 (CET);1573375442000;0.45;96.27;3.28
1380556889530408;8.9;35.4;Sun Nov 10 2019 09:45:57 GMT+0100 (CET);Sun Nov 10 2019 08:45:57 GMT+0100 (CET);1573375557000;0.38;83.82;3.33
1380556889530408;8.9;35.1;Sun Nov 10 2019 09:47:52 GMT+0100 (CET);Sun Nov 10 2019 08:47:52 GMT+0100 (CET);1573375672000;0.41;89.28;3.4
1380556889530408;8.9;35.3;Sun Nov 10 2019 09:50:00 GMT+0100 (CET);Sun Nov 10 2019 08:50:00 GMT+0100 (CET);1573375800000;0.46;98.99;3.48
1380556889530408;8.9;35.5;Sun Nov 10 2019 09:51:53 GMT+0100 (CET);Sun Nov 10 2019 08:51:53 GMT+0100 (CET);1573375913000;0.45;98.46;3.58
1380556889530408;8.9;35.7;Sun Nov 10 2019 09:54:43 GMT+0100 (CET);Sun Nov 10 2019 08:54:43 GMT+0100 (CET);1573376083000;0.5;107.67;3.71
1380556889530408;9.4;35.5;Sun Nov 10 2019 09:56:36 GMT+0100 (CET);Sun Nov 10 2019 08:56:36 GMT+0100 (CET);1573376196000;0.49;106.57;3.75
1380556889530408;9.4;35.5;Sun Nov 10 2019 09:58:28 GMT+0100 (CET);Sun Nov 10 2019 08:58:28 GMT+0100 (CET);1573376308000;0.48;102.91;3.78
1380556889530408;9.4;35.5;Sun Nov 10 2019 10:00:22 GMT+0100 (CET);Sun Nov 10 2019 09:00:22 GMT+0100 (CET);1573376422000;0.55;117.3;3.89
1380556889530408;9.4;35.6;Sun Nov 10 2019 10:02:15 GMT+0100 (CET);Sun Nov 10 2019 09:02:15 GMT+0100 (CET);1573376535000;0.59;125.6;3.99
1380556889530408;9.4;35.8;Sun Nov 10 2019 10:04:08 GMT+0100 (CET);Sun Nov 10 2019 09:04:08 GMT+0100 (CET);1573376648000;0.55;118.52;4.01
1380556889530408;9.4;35.5;Sun Nov 10 2019 10:06:01 GMT+0100 (CET);Sun Nov 10 2019 09:06:01 GMT+0100 (CET);1573376761000;0.56;123.07;4.07
1380556889530408;9.4;35.8;Sun Nov 10 2019 10:08:10 GMT+0100 (CET);Sun Nov 10 2019 09:08:10 GMT+0100 (CET);1573376890000;0.59;127.52;4.09
1380556889530408;10.9;35.7;Sun Nov 10 2019 10:10:40 GMT+0100 (CET);Sun Nov 10 2019 09:10:40 GMT+0100 (CET);1573377040000;0.57;123.26;4.09
1380556889530408;10.9;35.6;Sun Nov 10 2019 10:12:33 GMT+0100 (CET);Sun Nov 10 2019 09:12:33 GMT+0100 (CET);1573377153000;0.51;111.33;4.15
1380556889530408;10.9;35.4;Sun Nov 10 2019 10:14:26 GMT+0100 (CET);Sun Nov 10 2019 09:14:26 GMT+0100 (CET);1573377266000;0.63;134.62;4.14
1380556889530408;10.9;35.8;Sun Nov 10 2019 10:16:18 GMT+0100 (CET);Sun Nov 10 2019 09:16:18 GMT+0100 (CET);1573377378000;0.57;124.96;4.18
1380556889530408;10.9;35.5;Sun Nov 10 2019 10:18:15 GMT+0100 (CET);Sun Nov 10 2019 09:18:15 GMT+0100 (CET);1573377495000;0.55;116.69;4.27
1380556889530408;10.9;35.6;Sun Nov 10 2019 10:20:09 GMT+0100 (CET);Sun Nov 10 2019 09:20:09 GMT+0100 (CET);1573377609000;0.56;119.77;4.37
1380556889530408;10.9;35.7;Sun Nov 10 2019 10:22:02 GMT+0100 (CET);Sun Nov 10 2019 09:22:02 GMT+0100 (CET);1573377722000;0.58;127.01;4.46
1380556889530408;10.9;35.8;Sun Nov 10 2019 10:23:56 GMT+0100 (CET);Sun Nov 10 2019 09:23:56 GMT+0100 (CET);1573377836000;0.67;140.84;4.54
1380556889530408;10.9;35.8;Sun Nov 10 2019 10:25:50 GMT+0100 (CET);Sun Nov 10 2019 09:25:50 GMT+0100 (CET);1573377950000;0.62;130.44;4.56
1380556889530408;10.9;35.8;Sun Nov 10 2019 10:27:44 GMT+0100 (CET);Sun Nov 10 2019 09:27:44 GMT+0100 (CET);1573378064000;0.64;135.43;4.64
1380556889530408;10.9;35.8;Sun Nov 10 2019 10:29:52 GMT+0100 (CET);Sun Nov 10 2019 09:29:52 GMT+0100 (CET);1573378192000;0.64;135.59;4.71
1380556889530408;10.9;35.7;Sun Nov 10 2019 10:31:46 GMT+0100 (CET);Sun Nov 10 2019 09:31:46 GMT+0100 (CET);1573378306000;0.61;129.97;4.71
1380556889530408;11.4;35.6;Sun Nov 10 2019 10:33:45 GMT+0100 (CET);Sun Nov 10 2019 09:33:45 GMT+0100 (CET);1573378425000;0.58;126.67;4.78
1380556889530408;11.4;35.8;Sun Nov 10 2019 10:35:41 GMT+0100 (CET);Sun Nov 10 2019 09:35:41 GMT+0100 (CET);1573378541000;0.67;142.85;4.82
1380556889530408;11.4;35.7;Sun Nov 10 2019 10:37:35 GMT+0100 (CET);Sun Nov 10 2019 09:37:35 GMT+0100 (CET);1573378655000;0.59;124.12;4.89
1380556889530408;11.4;35.4;Sun Nov 10 2019 10:39:29 GMT+0100 (CET);Sun Nov 10 2019 09:39:29 GMT+0100 (CET);1573378769000;0.52;110.87;4.96
1380556889530408;11.4;35.5;Sun Nov 10 2019 10:41:25 GMT+0100 (CET);Sun Nov 10 2019 09:41:25 GMT+0100 (CET);1573378885000;0.52;111.19;5.05
1380556889530408;11.4;35.4;Sun Nov 10 2019 10:43:18 GMT+0100 (CET);Sun Nov 10 2019 09:43:18 GMT+0100 (CET);1573378998000;0.5;107.63;5.05
1380556889530408;11.4;35.4;Sun Nov 10 2019 10:45:11 GMT+0100 (CET);Sun Nov 10 2019 09:45:11 GMT+0100 (CET);1573379111000;0.64;135.21;5.01
1380556889530408;11.4;35.7;Sun Nov 10 2019 10:47:04 GMT+0100 (CET);Sun Nov 10 2019 09:47:04 GMT+0100 (CET);1573379224000;0.61;130.11;5.06
1380556889530408;11.4;35.6;Sun Nov 10 2019 10:48:56 GMT+0100 (CET);Sun Nov 10 2019 09:48:56 GMT+0100 (CET);1573379336000;0.58;125.81;5.16
1380556889530408;11.4;35.5;Sun Nov 10 2019 10:50:56 GMT+0100 (CET);Sun Nov 10 2019 09:50:56 GMT+0100 (CET);1573379456000;0.6;129.02;5.21
1380556889530408;11.4;35.8;Sun Nov 10 2019 10:53:07 GMT+0100 (CET);Sun Nov 10 2019 09:53:07 GMT+0100 (CET);1573379587000;0.64;139.09;5.3
1380556889530408;11.4;35.8;Sun Nov 10 2019 10:55:01 GMT+0100 (CET);Sun Nov 10 2019 09:55:01 GMT+0100 (CET);1573379701000;0.62;133.51;5.42
1380556889530408;11.4;35.6;Sun Nov 10 2019 10:56:53 GMT+0100 (CET);Sun Nov 10 2019 09:56:53 GMT+0100 (CET);1573379813000;0.62;132.74;5.39
1380556889530408;12.9;35.8;Sun Nov 10 2019 10:58:46 GMT+0100 (CET);Sun Nov 10 2019 09:58:46 GMT+0100 (CET);1573379926000;0.68;145.45;5.37
1380556889530408;12.9;36.2;Sun Nov 10 2019 11:00:39 GMT+0100 (CET);Sun Nov 10 2019 10:00:39 GMT+0100 (CET);1573380039000;0.89;191.94;5.47
1380556889530408;12.9;36.5;Sun Nov 10 2019 11:02:35 GMT+0100 (CET);Sun Nov 10 2019 10:02:35 GMT+0100 (CET);1573380155000;0.9;195.03;5.61
1380556889530408;12.9;37.2;Sun Nov 10 2019 11:04:45 GMT+0100 (CET);Sun Nov 10 2019 10:04:45 GMT+0100 (CET);1573380285000;1.28;276.03;5.82
1380556889530408;12.9;37.4;Sun Nov 10 2019 11:06:37 GMT+0100 (CET);Sun Nov 10 2019 10:06:37 GMT+0100 (CET);1573380397000;1.14;242.84;6.21
1380556889530408;13.4;36.6;Sun Nov 10 2019 11:08:30 GMT+0100 (CET);Sun Nov 10 2019 10:08:30 GMT+0100 (CET);1573380510000;0.9;193.08;6.44
1380556889530408;13.4;36.3;Sun Nov 10 2019 11:10:23 GMT+0100 (CET);Sun Nov 10 2019 10:10:23 GMT+0100 (CET);1573380623000;0.78;168.53;6.49
1380556889530408;13.4;36;Sun Nov 10 2019 11:12:16 GMT+0100 (CET);Sun Nov 10 2019 10:12:16 GMT+0100 (CET);1573380736000;0.68;149.65;6.52
1380556889530408;13.4;36;Sun Nov 10 2019 11:14:14 GMT+0100 (CET);Sun Nov 10 2019 10:14:14 GMT+0100 (CET);1573380854000;0.66;142.97;6.39
1380556889530408;13.4;35.8;Sun Nov 10 2019 11:16:08 GMT+0100 (CET);Sun Nov 10 2019 10:16:08 GMT+0100 (CET);1573380968000;0.67;145.69;6.29
1380556889530408;13.4;35.8;Sun Nov 10 2019 11:18:17 GMT+0100 (CET);Sun Nov 10 2019 10:18:17 GMT+0100 (CET);1573381097000;0.65;142.02;6.26
1380556889530408;13.4;35.8;Sun Nov 10 2019 11:20:28 GMT+0100 (CET);Sun Nov 10 2019 10:20:28 GMT+0100 (CET);1573381228000;0.62;137.5;6.28
1380556889530408;13.4;36.1;Sun Nov 10 2019 11:22:31 GMT+0100 (CET);Sun Nov 10 2019 10:22:31 GMT+0100 (CET);1573381351000;0.68;153.47;6.29
1380556889530408;13.4;36.5;Sun Nov 10 2019 11:24:25 GMT+0100 (CET);Sun Nov 10 2019 10:24:25 GMT+0100 (CET);1573381465000;0.78;176.54;6.28
1380556889530408;13.4;37.1;Sun Nov 10 2019 11:26:21 GMT+0100 (CET);Sun Nov 10 2019 10:26:21 GMT+0100 (CET);1573381581000;0.86;195.52;6.32
1380556889530408;13.4;36.9;Sun Nov 10 2019 11:28:22 GMT+0100 (CET);Sun Nov 10 2019 10:28:22 GMT+0100 (CET);1573381702000;1.04;231.53;6.43
1380556889530408;13.4;37.8;Sun Nov 10 2019 11:30:15 GMT+0100 (CET);Sun Nov 10 2019 10:30:15 GMT+0100 (CET);1573381815000;2.06;481.27;6.74
1380556889530408;13.4;36.3;Sun Nov 10 2019 11:32:08 GMT+0100 (CET);Sun Nov 10 2019 10:32:08 GMT+0100 (CET);1573381928000;0.98;229.81;7.07
1380556889530408;13.4;36.5;Sun Nov 10 2019 11:34:02 GMT+0100 (CET);Sun Nov 10 2019 10:34:02 GMT+0100 (CET);1573382042000;1.02;232.5;7.1
1380556889530408;13.4;36.5;Sun Nov 10 2019 11:36:01 GMT+0100 (CET);Sun Nov 10 2019 10:36:01 GMT+0100 (CET);1573382161000;1.04;240.68;7.07
1380556889530408;13.4;36.9;Sun Nov 10 2019 11:37:57 GMT+0100 (CET);Sun Nov 10 2019 10:37:57 GMT+0100 (CET);1573382277000;1.29;292.4;7.06
1380556889530408;13.4;36.6;Sun Nov 10 2019 11:39:58 GMT+0100 (CET);Sun Nov 10 2019 10:39:58 GMT+0100 (CET);1573382398000;1.02;242.15;7.25
1380556889530408;14.4;37.2;Sun Nov 10 2019 11:41:54 GMT+0100 (CET);Sun Nov 10 2019 10:41:54 GMT+0100 (CET);1573382514000;1.1;257.41;7.34
1380556889530408;14.4;37.5;Sun Nov 10 2019 11:43:59 GMT+0100 (CET);Sun Nov 10 2019 10:43:59 GMT+0100 (CET);1573382639000;1.02;242.07;7.47
1380556889530408;14.4;37.1;Sun Nov 10 2019 11:45:52 GMT+0100 (CET);Sun Nov 10 2019 10:45:52 GMT+0100 (CET);1573382752000;0.85;209.87;7.42
1380556889530408;14.4;37;Sun Nov 10 2019 11:47:48 GMT+0100 (CET);Sun Nov 10 2019 10:47:48 GMT+0100 (CET);1573382868000;2.04;519.67;7.52
1380556889530408;14.4;37.3;Sun Nov 10 2019 11:49:45 GMT+0100 (CET);Sun Nov 10 2019 10:49:45 GMT+0100 (CET);1573382985000;1.68;465.91;8.3
1380556889530408;17;36.8;Sun Nov 10 2019 11:52:00 GMT+0100 (CET);Sun Nov 10 2019 10:52:00 GMT+0100 (CET);1573383120000;1.45;412.15;8.52
1380556889530408;17;36.3;Sun Nov 10 2019 11:53:55 GMT+0100 (CET);Sun Nov 10 2019 10:53:55 GMT+0100 (CET);1573383235000;2.31;606.71;9.02
1380556889530408;17.5;38.2;Sun Nov 10 2019 11:55:53 GMT+0100 (CET);Sun Nov 10 2019 10:55:53 GMT+0100 (CET);1573383353000;2.95;717.55;9.62
1380556889530408;17.5;36.9;Sun Nov 10 2019 11:57:54 GMT+0100 (CET);Sun Nov 10 2019 10:57:54 GMT+0100 (CET);1573383474000;1.32;300.37;10.17
1380556889530408;19;36.9;Sun Nov 10 2019 12:00:04 GMT+0100 (CET);Sun Nov 10 2019 11:00:04 GMT+0100 (CET);1573383604000;3;716.16;10.76
1380556889530408;19;36.3;Sun Nov 10 2019 12:01:58 GMT+0100 (CET);Sun Nov 10 2019 11:01:58 GMT+0100 (CET);1573383718000;1.44;358.39;11.13
1380556889530408;19;36.6;Sun Nov 10 2019 12:04:08 GMT+0100 (CET);Sun Nov 10 2019 11:04:08 GMT+0100 (CET);1573383848000;1.93;588.79;10.97
1380556889530408;19;36.5;Sun Nov 10 2019 12:06:02 GMT+0100 (CET);Sun Nov 10 2019 11:06:02 GMT+0100 (CET);1573383962000;2.36;601.59;11.16
1380556889530408;19;36.2;Sun Nov 10 2019 12:07:56 GMT+0100 (CET);Sun Nov 10 2019 11:07:56 GMT+0100 (CET);1573384076000;0.91;293.88;11
1380556889530408;20.5;37.3;Sun Nov 10 2019 12:10:00 GMT+0100 (CET);Sun Nov 10 2019 11:10:00 GMT+0100 (CET);1573384200000;2.98;715.28;11
1380556889530408;20.5;36.5;Sun Nov 10 2019 12:12:03 GMT+0100 (CET);Sun Nov 10 2019 11:12:03 GMT+0100 (CET);1573384323000;3.04;719.56;11.39
1380556889530408;21.5;36.3;Sun Nov 10 2019 12:13:56 GMT+0100 (CET);Sun Nov 10 2019 11:13:56 GMT+0100 (CET);1573384436000;2.71;642.55;11.61
1380556889530408;21.5;36;Sun Nov 10 2019 12:15:48 GMT+0100 (CET);Sun Nov 10 2019 11:15:48 GMT+0100 (CET);1573384548000;2.47;575.99;11.7
1380556889530408;21.5;36.2;Sun Nov 10 2019 12:17:41 GMT+0100 (CET);Sun Nov 10 2019 11:17:41 GMT+0100 (CET);1573384661000;2.73;647.67;11.92
1380556889530408;23;36.1;Sun Nov 10 2019 12:19:34 GMT+0100 (CET);Sun Nov 10 2019 11:19:34 GMT+0100 (CET);1573384774000;2.66;634.87;12.24
1380556889530408;23;35.7;Sun Nov 10 2019 12:21:27 GMT+0100 (CET);Sun Nov 10 2019 11:21:27 GMT+0100 (CET);1573384887000;2.52;606.71;12.49
1380556889530408;25;35.7;Sun Nov 10 2019 12:23:33 GMT+0100 (CET);Sun Nov 10 2019 11:23:33 GMT+0100 (CET);1573385013000;2.59;616.95;12.69
1380556889530408;25;34.6;Sun Nov 10 2019 12:25:26 GMT+0100 (CET);Sun Nov 10 2019 11:25:26 GMT+0100 (CET);1573385126000;2.32;650.23;12.81
1380556889530408;25;36.7;Sun Nov 10 2019 12:27:19 GMT+0100 (CET);Sun Nov 10 2019 11:27:19 GMT+0100 (CET);1573385239000;2.19;494.07;12.88
1380556889530408;25;34.6;Sun Nov 10 2019 12:29:12 GMT+0100 (CET);Sun Nov 10 2019 11:29:12 GMT+0100 (CET);1573385352000;2.52;499.19;12.73
1380556889530408;25;36.1;Sun Nov 10 2019 12:31:06 GMT+0100 (CET);Sun Nov 10 2019 11:31:06 GMT+0100 (CET);1573385466000;2.86;684.46;12.84
1380556889530408;25;35.9;Sun Nov 10 2019 12:33:00 GMT+0100 (CET);Sun Nov 10 2019 11:33:00 GMT+0100 (CET);1573385580000;2.86;679.39;13.21
1380556889530408;25;35.8;Sun Nov 10 2019 12:34:53 GMT+0100 (CET);Sun Nov 10 2019 11:34:53 GMT+0100 (CET);1573385693000;2.87;680.93;13.53
1380556889530408;25;35.6;Sun Nov 10 2019 12:36:47 GMT+0100 (CET);Sun Nov 10 2019 11:36:47 GMT+0100 (CET);1573385807000;2.92;685.14;13.83
1380556889530408;25.5;35.4;Sun Nov 10 2019 12:39:20 GMT+0100 (CET);Sun Nov 10 2019 11:39:20 GMT+0100 (CET);1573385960000;2.67;655.35;13.53
1380556889530408;25.5;35.6;Sun Nov 10 2019 12:41:13 GMT+0100 (CET);Sun Nov 10 2019 11:41:13 GMT+0100 (CET);1573386073000;2.55;616.95;13.73
1380556889530408;27;35.6;Sun Nov 10 2019 12:43:16 GMT+0100 (CET);Sun Nov 10 2019 11:43:16 GMT+0100 (CET);1573386196000;2.79;656.43;13.88
1380556889530408;27;35.4;Sun Nov 10 2019 12:45:12 GMT+0100 (CET);Sun Nov 10 2019 11:45:12 GMT+0100 (CET);1573386312000;2.83;664.33;14.05
1380556889530408;27;35.4;Sun Nov 10 2019 12:47:05 GMT+0100 (CET);Sun Nov 10 2019 11:47:05 GMT+0100 (CET);1573386425000;2.82;664.28;14.07
1380556889530408;27;35.3;Sun Nov 10 2019 12:48:58 GMT+0100 (CET);Sun Nov 10 2019 11:48:58 GMT+0100 (CET);1573386538000;2.72;614.39;13.74
1380556889530408;27;35.3;Sun Nov 10 2019 12:50:52 GMT+0100 (CET);Sun Nov 10 2019 11:50:52 GMT+0100 (CET);1573386652000;1.81;383.99;13.71
1380556889530408;27.5;35.5;Sun Nov 10 2019 12:52:44 GMT+0100 (CET);Sun Nov 10 2019 11:52:44 GMT+0100 (CET);1573386764000;2.79;650.23;13.75
1380556889530408;27.5;35.3;Sun Nov 10 2019 12:54:47 GMT+0100 (CET);Sun Nov 10 2019 11:54:47 GMT+0100 (CET);1573386887000;2.79;655.35;14.08
1380556889530408;27.5;35.3;Sun Nov 10 2019 12:56:41 GMT+0100 (CET);Sun Nov 10 2019 11:56:41 GMT+0100 (CET);1573387001000;2.73;639.99;14.4
1380556889530408;27.5;35;Sun Nov 10 2019 12:58:34 GMT+0100 (CET);Sun Nov 10 2019 11:58:34 GMT+0100 (CET);1573387114000;2.59;619.51;14.65
1380556889530408;29;35.3;Sun Nov 10 2019 13:00:27 GMT+0100 (CET);Sun Nov 10 2019 12:00:27 GMT+0100 (CET);1573387227000;1.16;396.79;14.85
1380556889530408;29;36.1;Sun Nov 10 2019 13:02:21 GMT+0100 (CET);Sun Nov 10 2019 12:02:21 GMT+0100 (CET);1573387341000;2.55;637.43;14.32
1380556889530408;29;35.9;Sun Nov 10 2019 13:04:13 GMT+0100 (CET);Sun Nov 10 2019 12:04:13 GMT+0100 (CET);1573387453000;2.6;619.51;14.17
1380556889530408;27.5;36;Sun Nov 10 2019 13:06:07 GMT+0100 (CET);Sun Nov 10 2019 12:06:07 GMT+0100 (CET);1573387567000;0.64;142;13.97
1380556889530408;27.5;36.5;Sun Nov 10 2019 13:08:00 GMT+0100 (CET);Sun Nov 10 2019 12:08:00 GMT+0100 (CET);1573387680000;2.56;611.83;13.75
1380556889530408;27.5;35.9;Sun Nov 10 2019 13:10:21 GMT+0100 (CET);Sun Nov 10 2019 12:10:21 GMT+0100 (CET);1573387821000;2.48;593.91;13.96
1380556889530408;27.5;35.8;Sun Nov 10 2019 13:12:14 GMT+0100 (CET);Sun Nov 10 2019 12:12:14 GMT+0100 (CET);1573387934000;2.31;517.11;14.14
1380556889530408;27;36;Sun Nov 10 2019 13:14:06 GMT+0100 (CET);Sun Nov 10 2019 12:14:06 GMT+0100 (CET);1573388046000;2.52;601.59;14.28
1380556889530408;27;36;Sun Nov 10 2019 13:16:01 GMT+0100 (CET);Sun Nov 10 2019 12:16:01 GMT+0100 (CET);1573388161000;2.49;596.47;14.49
1380556889530408;27;35.9;Sun Nov 10 2019 13:17:56 GMT+0100 (CET);Sun Nov 10 2019 12:17:56 GMT+0100 (CET);1573388276000;2.41;578.55;14.57
1380556889530408;27;35.9;Sun Nov 10 2019 13:20:04 GMT+0100 (CET);Sun Nov 10 2019 12:20:04 GMT+0100 (CET);1573388404000;2.47;591.35;14.6
1380556889530408;27;35.8;Sun Nov 10 2019 13:21:58 GMT+0100 (CET);Sun Nov 10 2019 12:21:58 GMT+0100 (CET);1573388518000;2.46;586.23;14.72
1380556889530408;27;35.7;Sun Nov 10 2019 13:24:08 GMT+0100 (CET);Sun Nov 10 2019 12:24:08 GMT+0100 (CET);1573388648000;2.06;491.51;14.6
1380556889530408;27;36;Sun Nov 10 2019 13:26:07 GMT+0100 (CET);Sun Nov 10 2019 12:26:07 GMT+0100 (CET);1573388767000;2.42;578.55;14.64
1380556889530408;27;35.7;Sun Nov 10 2019 13:29:29 GMT+0100 (CET);Sun Nov 10 2019 12:29:29 GMT+0100 (CET);1573388969000;2.37;565.75;15.02
1380556889530408;27;35.8;Sun Nov 10 2019 13:31:23 GMT+0100 (CET);Sun Nov 10 2019 12:31:23 GMT+0100 (CET);1573389083000;2.36;563.19;15.11
1380556889530408;27;35.7;Sun Nov 10 2019 13:33:32 GMT+0100 (CET);Sun Nov 10 2019 12:33:32 GMT+0100 (CET);1573389212000;2.35;560.63;15.5
1380556889530408;27;35.7;Sun Nov 10 2019 13:35:27 GMT+0100 (CET);Sun Nov 10 2019 12:35:27 GMT+0100 (CET);1573389327000;2.33;555.51;15.74
1380556889530408;27;35.8;Sun Nov 10 2019 13:37:20 GMT+0100 (CET);Sun Nov 10 2019 12:37:20 GMT+0100 (CET);1573389440000;2.29;547.83;15.61
1380556889530408;27.5;35.8;Sun Nov 10 2019 13:39:13 GMT+0100 (CET);Sun Nov 10 2019 12:39:13 GMT+0100 (CET);1573389553000;2.25;542.71;15.49
1380556889530408;27.5;35.8;Sun Nov 10 2019 13:41:12 GMT+0100 (CET);Sun Nov 10 2019 12:41:12 GMT+0100 (CET);1573389672000;2.18;529.91;15.54
1380556889530408;27;35.9;Sun Nov 10 2019 13:43:13 GMT+0100 (CET);Sun Nov 10 2019 12:43:13 GMT+0100 (CET);1573389793000;2.21;535.03;15.66
1380556889530408;27;36;Sun Nov 10 2019 13:45:16 GMT+0100 (CET);Sun Nov 10 2019 12:45:16 GMT+0100 (CET);1573389916000;2.2;535.03;15.78
1380556889530408;27;36.2;Sun Nov 10 2019 13:47:09 GMT+0100 (CET);Sun Nov 10 2019 12:47:09 GMT+0100 (CET);1573390029000;2.16;529.91;15.81
1380556889530408;27;36.4;Sun Nov 10 2019 13:49:17 GMT+0100 (CET);Sun Nov 10 2019 12:49:17 GMT+0100 (CET);1573390157000;2.13;529.91;15.96
1380556889530408;27;36.6;Sun Nov 10 2019 13:51:10 GMT+0100 (CET);Sun Nov 10 2019 12:51:10 GMT+0100 (CET);1573390270000;2.1;524.79;16
1380556889530408;27;36.6;Sun Nov 10 2019 13:53:12 GMT+0100 (CET);Sun Nov 10 2019 12:53:12 GMT+0100 (CET);1573390392000;2.09;514.55;15.85
1380556889530408;27;36.6;Sun Nov 10 2019 13:55:07 GMT+0100 (CET);Sun Nov 10 2019 12:55:07 GMT+0100 (CET);1573390507000;2.06;506.87;15.42
1380556889530408;27;36.6;Sun Nov 10 2019 13:57:00 GMT+0100 (CET);Sun Nov 10 2019 12:57:00 GMT+0100 (CET);1573390620000;2.02;504.31;15.26
1380556889530408;27;36.6;Sun Nov 10 2019 13:58:53 GMT+0100 (CET);Sun Nov 10 2019 12:58:53 GMT+0100 (CET);1573390733000;2;499.19;15.07
1380556889530408;27;36.6;Sun Nov 10 2019 14:00:48 GMT+0100 (CET);Sun Nov 10 2019 13:00:48 GMT+0100 (CET);1573390848000;2;494.07;14.89
1380556889530408;27;36.5;Sun Nov 10 2019 14:02:43 GMT+0100 (CET);Sun Nov 10 2019 13:02:43 GMT+0100 (CET);1573390963000;1.93;483.83;15.02
1380556889530408;27;36.4;Sun Nov 10 2019 14:04:51 GMT+0100 (CET);Sun Nov 10 2019 13:04:51 GMT+0100 (CET);1573391091000;1.94;478.71;15.18
1380556889530408;27;36.5;Sun Nov 10 2019 14:06:44 GMT+0100 (CET);Sun Nov 10 2019 13:06:44 GMT+0100 (CET);1573391204000;1.89;476.15;15.27
1380556889530408;27;36.3;Sun Nov 10 2019 14:08:36 GMT+0100 (CET);Sun Nov 10 2019 13:08:36 GMT+0100 (CET);1573391316000;1.9;465.91;15.36
1380556889530408;27;36.3;Sun Nov 10 2019 14:10:29 GMT+0100 (CET);Sun Nov 10 2019 13:10:29 GMT+0100 (CET);1573391429000;1.83;445.43;15.29
1380556889530408;27;36;Sun Nov 10 2019 14:12:23 GMT+0100 (CET);Sun Nov 10 2019 13:12:23 GMT+0100 (CET);1573391543000;1.9;455.67;15.28
1380556889530408;27;35.8;Sun Nov 10 2019 14:14:23 GMT+0100 (CET);Sun Nov 10 2019 13:14:23 GMT+0100 (CET);1573391663000;1.94;460.79;15.37
1380556889530408;25.5;35.7;Sun Nov 10 2019 14:16:16 GMT+0100 (CET);Sun Nov 10 2019 13:16:16 GMT+0100 (CET);1573391776000;1.9;453.11;15.5
1380556889530408;25.5;35.7;Sun Nov 10 2019 14:18:08 GMT+0100 (CET);Sun Nov 10 2019 13:18:08 GMT+0100 (CET);1573391888000;1.88;447.99;15.64
1380556889530408;25;35.7;Sun Nov 10 2019 14:20:01 GMT+0100 (CET);Sun Nov 10 2019 13:20:01 GMT+0100 (CET);1573392001000;1.91;455.67;15.76
1380556889530408;25;35.7;Sun Nov 10 2019 14:21:59 GMT+0100 (CET);Sun Nov 10 2019 13:21:59 GMT+0100 (CET);1573392119000;1.95;458.23;15.74
1380556889530408;25;35.6;Sun Nov 10 2019 14:23:54 GMT+0100 (CET);Sun Nov 10 2019 13:23:54 GMT+0100 (CET);1573392234000;1.91;453.11;15.82
1380556889530408;25;35.5;Sun Nov 10 2019 14:25:46 GMT+0100 (CET);Sun Nov 10 2019 13:25:46 GMT+0100 (CET);1573392346000;1.85;442.87;15.78
1380556889530408;25;35.6;Sun Nov 10 2019 14:27:42 GMT+0100 (CET);Sun Nov 10 2019 13:27:42 GMT+0100 (CET);1573392462000;1.12;270.93;15.5
1380556889530408;25;35.6;Sun Nov 10 2019 14:29:36 GMT+0100 (CET);Sun Nov 10 2019 13:29:36 GMT+0100 (CET);1573392576000;1.88;447.99;15.43
1380556889530408;25;35.7;Sun Nov 10 2019 14:31:28 GMT+0100 (CET);Sun Nov 10 2019 13:31:28 GMT+0100 (CET);1573392688000;1.83;442.87;15.48
1380556889530408;25;36.2;Sun Nov 10 2019 14:33:21 GMT+0100 (CET);Sun Nov 10 2019 13:33:21 GMT+0100 (CET);1573392801000;1.83;450.55;15.22
1380556889530408;25;36.4;Sun Nov 10 2019 14:35:16 GMT+0100 (CET);Sun Nov 10 2019 13:35:16 GMT+0100 (CET);1573392916000;1.8;445.43;15.06
1380556889530408;25;36.5;Sun Nov 10 2019 14:37:09 GMT+0100 (CET);Sun Nov 10 2019 13:37:09 GMT+0100 (CET);1573393029000;1.84;460.79;15.2
1380556889530408;25.5;36.5;Sun Nov 10 2019 14:39:01 GMT+0100 (CET);Sun Nov 10 2019 13:39:01 GMT+0100 (CET);1573393141000;1.87;460.79;15.49
1380556889530408;25.5;36.3;Sun Nov 10 2019 14:40:58 GMT+0100 (CET);Sun Nov 10 2019 13:40:58 GMT+0100 (CET);1573393258000;1.77;435.19;15.73
1380556889530408;25.5;36.2;Sun Nov 10 2019 14:42:54 GMT+0100 (CET);Sun Nov 10 2019 13:42:54 GMT+0100 (CET);1573393374000;1.66;412.15;15.91
1380556889530408;25.5;36.2;Sun Nov 10 2019 14:44:53 GMT+0100 (CET);Sun Nov 10 2019 13:44:53 GMT+0100 (CET);1573393493000;1.64;409.59;15.82
1380556889530408;25.5;36.2;Sun Nov 10 2019 14:46:50 GMT+0100 (CET);Sun Nov 10 2019 13:46:50 GMT+0100 (CET);1573393610000;1.54;373.75;15.97
1380556889530408;25.5;36;Sun Nov 10 2019 14:48:43 GMT+0100 (CET);Sun Nov 10 2019 13:48:43 GMT+0100 (CET);1573393723000;1.11;245.66;15.96
1380556889530408;25.5;35.4;Sun Nov 10 2019 14:50:56 GMT+0100 (CET);Sun Nov 10 2019 13:50:56 GMT+0100 (CET);1573393856000;0.67;133.48;15.31
1380556889530408;25.5;35.5;Sun Nov 10 2019 14:52:49 GMT+0100 (CET);Sun Nov 10 2019 13:52:49 GMT+0100 (CET);1573393969000;0.57;123.88;14.78
1380556889530408;25;36.6;Sun Nov 10 2019 14:54:42 GMT+0100 (CET);Sun Nov 10 2019 13:54:42 GMT+0100 (CET);1573394082000;1.3;330.23;14.49
1380556889530408;25;37.2;Sun Nov 10 2019 14:56:38 GMT+0100 (CET);Sun Nov 10 2019 13:56:38 GMT+0100 (CET);1573394198000;1.21;325.81;14.55
1380556889530408;25;37.1;Sun Nov 10 2019 14:58:46 GMT+0100 (CET);Sun Nov 10 2019 13:58:46 GMT+0100 (CET);1573394326000;1.22;322.17;14.51
1380556889530408;25;37;Sun Nov 10 2019 15:00:39 GMT+0100 (CET);Sun Nov 10 2019 14:00:39 GMT+0100 (CET);1573394439000;1.12;294.81;14.68
1380556889530408;23.5;36.9;Sun Nov 10 2019 15:02:31 GMT+0100 (CET);Sun Nov 10 2019 14:02:31 GMT+0100 (CET);1573394551000;1.01;267.86;14.75
1380556889530408;23.5;35.8;Sun Nov 10 2019 15:04:41 GMT+0100 (CET);Sun Nov 10 2019 14:04:41 GMT+0100 (CET);1573394681000;0.68;152.84;14.57
1380556889530408;23.5;35.7;Sun Nov 10 2019 15:06:44 GMT+0100 (CET);Sun Nov 10 2019 14:06:44 GMT+0100 (CET);1573394804000;0.6;154.86;14.08
1380556889530408;23;34.9;Sun Nov 10 2019 15:08:38 GMT+0100 (CET);Sun Nov 10 2019 14:08:38 GMT+0100 (CET);1573394918000;0.88;173.28;13.53
1380556889530408;23;36.4;Sun Nov 10 2019 15:10:41 GMT+0100 (CET);Sun Nov 10 2019 14:10:41 GMT+0100 (CET);1573395041000;0.85;178.7;13.32
1380556889530408;21;35.6;Sun Nov 10 2019 15:12:35 GMT+0100 (CET);Sun Nov 10 2019 14:12:35 GMT+0100 (CET);1573395155000;0.9;216.54;13.01
1380556889530408;21;37.9;Sun Nov 10 2019 15:14:29 GMT+0100 (CET);Sun Nov 10 2019 14:14:29 GMT+0100 (CET);1573395269000;0.83;249.01;13
1380556889530408;21;38.4;Sun Nov 10 2019 15:16:22 GMT+0100 (CET);Sun Nov 10 2019 14:16:22 GMT+0100 (CET);1573395382000;0.42;108.81;12.75
1380556889530408;21;37.9;Sun Nov 10 2019 15:18:16 GMT+0100 (CET);Sun Nov 10 2019 14:18:16 GMT+0100 (CET);1573395496000;0.33;69.02;12.22
1380556889530408;21;35;Sun Nov 10 2019 15:20:09 GMT+0100 (CET);Sun Nov 10 2019 14:20:09 GMT+0100 (CET);1573395609000;0.27;60.8;11.51
1380556889530408;19;35;Sun Nov 10 2019 15:22:30 GMT+0100 (CET);Sun Nov 10 2019 14:22:30 GMT+0100 (CET);1573395750000;0.26;59.23;10.59
1380556889530408;19;35.3;Sun Nov 10 2019 15:24:24 GMT+0100 (CET);Sun Nov 10 2019 14:24:24 GMT+0100 (CET);1573395864000;0.5;181.12;10.07
1380556889530408;19;38.4;Sun Nov 10 2019 15:26:24 GMT+0100 (CET);Sun Nov 10 2019 14:26:24 GMT+0100 (CET);1573395984000;0.46;171.29;9.68
1380556889530408;19;38.3;Sun Nov 10 2019 15:28:18 GMT+0100 (CET);Sun Nov 10 2019 14:28:18 GMT+0100 (CET);1573396098000;0.56;184.84;9.5
1380556889530408;19;38;Sun Nov 10 2019 15:30:14 GMT+0100 (CET);Sun Nov 10 2019 14:30:14 GMT+0100 (CET);1573396214000;0.58;178.94;9.43
1380556889530408;17.5;38.1;Sun Nov 10 2019 15:32:11 GMT+0100 (CET);Sun Nov 10 2019 14:32:11 GMT+0100 (CET);1573396331000;0.53;174.23;9.46
1380556889530408;17.5;38.1;Sun Nov 10 2019 15:34:04 GMT+0100 (CET);Sun Nov 10 2019 14:34:04 GMT+0100 (CET);1573396444000;0.44;141.27;9.44
1380556889530408;17;38.6;Sun Nov 10 2019 15:35:57 GMT+0100 (CET);Sun Nov 10 2019 14:35:57 GMT+0100 (CET);1573396557000;0.42;78.45;9.39
1380556889530408;17;38.4;Sun Nov 10 2019 15:38:14 GMT+0100 (CET);Sun Nov 10 2019 14:38:14 GMT+0100 (CET);1573396694000;0.49;56.7;9.04
1380556889530408;17;38.6;Sun Nov 10 2019 15:40:06 GMT+0100 (CET);Sun Nov 10 2019 14:40:06 GMT+0100 (CET);1573396806000;0.44;56.65;8.69
1380556889530408;17;39.2;Sun Nov 10 2019 15:41:59 GMT+0100 (CET);Sun Nov 10 2019 14:41:59 GMT+0100 (CET);1573396919000;0.36;53.69;8.27
1380556889530408;17;39.3;Sun Nov 10 2019 15:43:52 GMT+0100 (CET);Sun Nov 10 2019 14:43:52 GMT+0100 (CET);1573397032000;0.3;55.16;7.95
1380556889530408;17;39.2;Sun Nov 10 2019 15:45:44 GMT+0100 (CET);Sun Nov 10 2019 14:45:44 GMT+0100 (CET);1573397144000;0.29;67.28;7.75
1380556889530408;17;39.4;Sun Nov 10 2019 15:47:38 GMT+0100 (CET);Sun Nov 10 2019 14:47:38 GMT+0100 (CET);1573397258000;0.25;84.4;7.6
1380556889530408;17;38.7;Sun Nov 10 2019 15:49:32 GMT+0100 (CET);Sun Nov 10 2019 14:49:32 GMT+0100 (CET);1573397372000;0.21;55.68;7.51
1380556889530408;17;35.8;Sun Nov 10 2019 15:51:24 GMT+0100 (CET);Sun Nov 10 2019 14:51:24 GMT+0100 (CET);1573397484000;0.19;45.42;7.42
1380556889530408;17;35.7;Sun Nov 10 2019 15:53:31 GMT+0100 (CET);Sun Nov 10 2019 14:53:31 GMT+0100 (CET);1573397611000;0.18;41.8;7.24
1380556889530408;13.4;35;Sun Nov 10 2019 15:55:26 GMT+0100 (CET);Sun Nov 10 2019 14:55:26 GMT+0100 (CET);1573397726000;0.16;36.58;7.06
1380556889530408;13.4;34.8;Sun Nov 10 2019 15:57:21 GMT+0100 (CET);Sun Nov 10 2019 14:57:21 GMT+0100 (CET);1573397841000;0.14;32.83;6.89
1380556889530408;13.4;34.4;Sun Nov 10 2019 15:59:14 GMT+0100 (CET);Sun Nov 10 2019 14:59:14 GMT+0100 (CET);1573397954000;0.13;30.8;6.77
1380556889530408;12.9;34.2;Sun Nov 10 2019 16:01:08 GMT+0100 (CET);Sun Nov 10 2019 15:01:08 GMT+0100 (CET);1573398068000;0.13;27.92;6.64
1380556889530408;12.9;34.1;Sun Nov 10 2019 16:03:12 GMT+0100 (CET);Sun Nov 10 2019 15:03:12 GMT+0100 (CET);1573398192000;0.12;26.28;6.5
1380556889530408;10.9;33.7;Sun Nov 10 2019 16:05:08 GMT+0100 (CET);Sun Nov 10 2019 15:05:08 GMT+0100 (CET);1573398308000;0.11;24.57;6.38
1380556889530408;10.9;33.4;Sun Nov 10 2019 16:07:00 GMT+0100 (CET);Sun Nov 10 2019 15:07:00 GMT+0100 (CET);1573398420000;0.1;23.4;6.28
1380556889530408;9.4;33.3;Sun Nov 10 2019 16:09:01 GMT+0100 (CET);Sun Nov 10 2019 15:09:01 GMT+0100 (CET);1573398541000;0.1;21.78;6.17
1380556889530408;9.4;32.9;Sun Nov 10 2019 16:10:54 GMT+0100 (CET);Sun Nov 10 2019 15:10:54 GMT+0100 (CET);1573398654000;0.09;20.28;6.07
1380556889530408;9.4;32.8;Sun Nov 10 2019 16:12:47 GMT+0100 (CET);Sun Nov 10 2019 15:12:47 GMT+0100 (CET);1573398767000;0.09;18.98;5.97
1380556889530408;8.9;32.6;Sun Nov 10 2019 16:14:40 GMT+0100 (CET);Sun Nov 10 2019 15:14:40 GMT+0100 (CET);1573398880000;0.09;17.58;5.89
1380556889530408;8.9;32.5;Sun Nov 10 2019 16:16:35 GMT+0100 (CET);Sun Nov 10 2019 15:16:35 GMT+0100 (CET);1573398995000;0.08;16.19;5.81
1380556889530408;8.9;32.2;Sun Nov 10 2019 16:18:30 GMT+0100 (CET);Sun Nov 10 2019 15:18:30 GMT+0100 (CET);1573399110000;0.07;14.19;5.69
1380556889530408;8.9;32;Sun Nov 10 2019 16:20:23 GMT+0100 (CET);Sun Nov 10 2019 15:20:23 GMT+0100 (CET);1573399223000;0.06;12.56;5.64
1380556889530408;8.9;31.4;Sun Nov 10 2019 16:22:17 GMT+0100 (CET);Sun Nov 10 2019 15:22:17 GMT+0100 (CET);1573399337000;0;10.76;5.58
1380556889530408;8.9;30.9;Sun Nov 10 2019 16:24:11 GMT+0100 (CET);Sun Nov 10 2019 15:24:11 GMT+0100 (CET);1573399451000;0;9.01;5.5
1380556889530408;8.9;30.3;Sun Nov 10 2019 16:26:03 GMT+0100 (CET);Sun Nov 10 2019 15:26:03 GMT+0100 (CET);1573399563000;0;8.22;5.42
1380556889530408;8.9;29.7;Sun Nov 10 2019 16:27:56 GMT+0100 (CET);Sun Nov 10 2019 15:27:56 GMT+0100 (CET);1573399676000;0;7.64;5.35
1380556889530408;5.4;29.1;Sun Nov 10 2019 16:29:52 GMT+0100 (CET);Sun Nov 10 2019 15:29:52 GMT+0100 (CET);1573399792000;0;6.87;5.25
1380556889530408;5.4;29;Sun Nov 10 2019 16:31:54 GMT+0100 (CET);Sun Nov 10 2019 15:31:54 GMT+0100 (CET);1573399914000;0;5.31;5.2
1380556889530408;5.4;28.7;Sun Nov 10 2019 16:33:48 GMT+0100 (CET);Sun Nov 10 2019 15:33:48 GMT+0100 (CET);1573400028000;0;3.9;5.12
1380556889530408;5.4;33.8;Sun Nov 10 2019 16:35:41 GMT+0100 (CET);Sun Nov 10 2019 15:35:41 GMT+0100 (CET);1573400141000;0;3.27;5.09
1380556889530408;5.4;28.6;Sun Nov 10 2019 16:37:34 GMT+0100 (CET);Sun Nov 10 2019 15:37:34 GMT+0100 (CET);1573400254000;0;2.19;5.01
1380556889530408;5.4;31;Sun Nov 10 2019 16:39:31 GMT+0100 (CET);Sun Nov 10 2019 15:39:31 GMT+0100 (CET);1573400371000;0;1.72;4.98
1380556889530408;5.4;30.5;Sun Nov 10 2019 16:41:25 GMT+0100 (CET);Sun Nov 10 2019 15:41:25 GMT+0100 (CET);1573400485000;0;0.72;4.89
1380556889530408;5.4;30.5;Sun Nov 10 2019 16:43:26 GMT+0100 (CET);Sun Nov 10 2019 15:43:26 GMT+0100 (CET);1573400606000;0;0.37;4.85
1380556889530408;5.4;22.1;Sun Nov 10 2019 16:45:19 GMT+0100 (CET);Sun Nov 10 2019 15:45:19 GMT+0100 (CET);1573400719000;0;-0.01;4.82
1380556889530408;5.4;22.1;Sun Nov 10 2019 16:47:12 GMT+0100 (CET);Sun Nov 10 2019 15:47:12 GMT+0100 (CET);1573400832000;0;-0.01;4.78
1380556889530408;5.4;22.1;Sun Nov 10 2019 16:49:05 GMT+0100 (CET);Sun Nov 10 2019 15:49:05 GMT+0100 (CET);1573400945000;0;-0.01;4.71
1380556889530408;0.8;31.2;Mon Nov 11 2019 07:55:37 GMT+0100 (CET);Mon Nov 11 2019 06:55:37 GMT+0100 (CET);1573455337000;0;4.67;2.33
1380556889530408;0.8;32.2;Mon Nov 11 2019 07:57:30 GMT+0100 (CET);Mon Nov 11 2019 06:57:30 GMT+0100 (CET);1573455450000;0;5;2.34
1380556889530408;0.8;32.8;Mon Nov 11 2019 07:59:23 GMT+0100 (CET);Mon Nov 11 2019 06:59:23 GMT+0100 (CET);1573455563000;0;5.33;2.34
1380556889530408;2.8;33.1;Mon Nov 11 2019 08:01:16 GMT+0100 (CET);Mon Nov 11 2019 07:01:16 GMT+0100 (CET);1573455676000;0;5.54;2.34
1380556889530408;2.8;33.5;Mon Nov 11 2019 08:03:08 GMT+0100 (CET);Mon Nov 11 2019 07:03:08 GMT+0100 (CET);1573455788000;0;5.98;2.35
1380556889530408;3.4;31.8;Mon Nov 11 2019 08:05:01 GMT+0100 (CET);Mon Nov 11 2019 07:05:01 GMT+0100 (CET);1573455901000;0;6.34;2.38
1380556889530408;3.4;34.1;Mon Nov 11 2019 08:06:54 GMT+0100 (CET);Mon Nov 11 2019 07:06:54 GMT+0100 (CET);1573456014000;0;6.9;2.39
1380556889530408;3.4;34.7;Mon Nov 11 2019 08:08:46 GMT+0100 (CET);Mon Nov 11 2019 07:08:46 GMT+0100 (CET);1573456126000;0;7.72;2.42
1380556889530408;3.4;26.1;Mon Nov 11 2019 08:10:39 GMT+0100 (CET);Mon Nov 11 2019 07:10:39 GMT+0100 (CET);1573456239000;0;8.19;2.42
1380556889530408;3.4;23.8;Mon Nov 11 2019 08:12:37 GMT+0100 (CET);Mon Nov 11 2019 07:12:37 GMT+0100 (CET);1573456357000;0;8.61;2.41
1380556889530408;3.4;25;Mon Nov 11 2019 08:14:30 GMT+0100 (CET);Mon Nov 11 2019 07:14:30 GMT+0100 (CET);1573456470000;0;9.17;2.41
1380556889530408;1.3;25.4;Mon Nov 11 2019 08:16:23 GMT+0100 (CET);Mon Nov 11 2019 07:16:23 GMT+0100 (CET);1573456583000;0;9.52;2.42
1380556889530408;1.3;26.2;Mon Nov 11 2019 08:18:15 GMT+0100 (CET);Mon Nov 11 2019 07:18:15 GMT+0100 (CET);1573456695000;0;9.49;2.45
1380556889530408;1.3;25.8;Mon Nov 11 2019 08:20:08 GMT+0100 (CET);Mon Nov 11 2019 07:20:08 GMT+0100 (CET);1573456808000;0;9.65;2.44
1380556889530408;1.3;25.1;Mon Nov 11 2019 08:22:01 GMT+0100 (CET);Mon Nov 11 2019 07:22:01 GMT+0100 (CET);1573456921000;0;10.14;2.46
1380556889530408;1.3;26.2;Mon Nov 11 2019 08:23:53 GMT+0100 (CET);Mon Nov 11 2019 07:23:53 GMT+0100 (CET);1573457033000;0;10.56;2.46
1380556889530408;1.3;27.7;Mon Nov 11 2019 08:25:46 GMT+0100 (CET);Mon Nov 11 2019 07:25:46 GMT+0100 (CET);1573457146000;0;11.7;2.46
1380556889530408;1.3;27.3;Mon Nov 11 2019 08:27:39 GMT+0100 (CET);Mon Nov 11 2019 07:27:39 GMT+0100 (CET);1573457259000;0;12.54;2.46
1380556889530408;2.8;27.9;Mon Nov 11 2019 08:29:32 GMT+0100 (CET);Mon Nov 11 2019 07:29:32 GMT+0100 (CET);1573457372000;0.07;13.54;2.47
1380556889530408;2.8;27.9;Mon Nov 11 2019 08:31:25 GMT+0100 (CET);Mon Nov 11 2019 07:31:25 GMT+0100 (CET);1573457485000;0.06;13.7;2.47
1380556889530408;2.8;29.1;Mon Nov 11 2019 08:33:17 GMT+0100 (CET);Mon Nov 11 2019 07:33:17 GMT+0100 (CET);1573457597000;0.07;14.14;2.46
1380556889530408;2.8;29;Mon Nov 11 2019 08:35:10 GMT+0100 (CET);Mon Nov 11 2019 07:35:10 GMT+0100 (CET);1573457710000;0.07;14.98;2.48
1380556889530408;2.8;28.4;Mon Nov 11 2019 08:37:02 GMT+0100 (CET);Mon Nov 11 2019 07:37:02 GMT+0100 (CET);1573457822000;0.07;15.03;2.5
1380556889530408;3.4;29.2;Mon Nov 11 2019 08:38:55 GMT+0100 (CET);Mon Nov 11 2019 07:38:55 GMT+0100 (CET);1573457935000;0.07;15.11;2.49
1380556889530408;3.4;29.9;Mon Nov 11 2019 08:40:47 GMT+0100 (CET);Mon Nov 11 2019 07:40:47 GMT+0100 (CET);1573458047000;0.07;16.13;2.46
1380556889530408;3.4;30.3;Mon Nov 11 2019 08:42:40 GMT+0100 (CET);Mon Nov 11 2019 07:42:40 GMT+0100 (CET);1573458160000;0.08;18.13;2.46
1380556889530408;3.4;30.3;Mon Nov 11 2019 08:44:33 GMT+0100 (CET);Mon Nov 11 2019 07:44:33 GMT+0100 (CET);1573458273000;0.1;22.35;2.46
1380556889530408;3.4;30.3;Mon Nov 11 2019 08:46:26 GMT+0100 (CET);Mon Nov 11 2019 07:46:26 GMT+0100 (CET);1573458386000;0.11;24.63;2.46
1380556889530408;4.9;31.7;Mon Nov 11 2019 08:48:18 GMT+0100 (CET);Mon Nov 11 2019 07:48:18 GMT+0100 (CET);1573458498000;0.13;28.4;2.47
1380556889530408;4.9;32.3;Mon Nov 11 2019 08:50:11 GMT+0100 (CET);Mon Nov 11 2019 07:50:11 GMT+0100 (CET);1573458611000;0.14;31.67;2.48
1380556889530408;4.9;32.5;Mon Nov 11 2019 08:52:04 GMT+0100 (CET);Mon Nov 11 2019 07:52:04 GMT+0100 (CET);1573458724000;0.15;31.93;2.45
1380556889530408;4.9;32.9;Mon Nov 11 2019 08:53:57 GMT+0100 (CET);Mon Nov 11 2019 07:53:57 GMT+0100 (CET);1573458837000;0.15;32.65;2.46
1380556889530408;4.9;32.9;Mon Nov 11 2019 08:55:49 GMT+0100 (CET);Mon Nov 11 2019 07:55:49 GMT+0100 (CET);1573458949000;0.13;29.2;2.47
1380556889530408;4.9;32.3;Mon Nov 11 2019 08:57:42 GMT+0100 (CET);Mon Nov 11 2019 07:57:42 GMT+0100 (CET);1573459062000;0.15;31.84;2.45
1380556889530408;4.9;32.6;Mon Nov 11 2019 08:59:35 GMT+0100 (CET);Mon Nov 11 2019 07:59:35 GMT+0100 (CET);1573459175000;0.16;36.21;2.46
1380556889530408;4.9;32.9;Mon Nov 11 2019 09:01:28 GMT+0100 (CET);Mon Nov 11 2019 08:01:28 GMT+0100 (CET);1573459288000;0.19;40.16;2.47
1380556889530408;5.4;33.1;Mon Nov 11 2019 09:03:20 GMT+0100 (CET);Mon Nov 11 2019 08:03:20 GMT+0100 (CET);1573459400000;0.19;41.55;2.5
1380556889530408;5.4;33.1;Mon Nov 11 2019 09:05:13 GMT+0100 (CET);Mon Nov 11 2019 08:05:13 GMT+0100 (CET);1573459513000;0.19;41.91;2.55
1380556889530408;5.4;33.3;Mon Nov 11 2019 09:07:06 GMT+0100 (CET);Mon Nov 11 2019 08:07:06 GMT+0100 (CET);1573459626000;0.2;41.37;2.56
1380556889530408;5.4;33.1;Mon Nov 11 2019 09:08:59 GMT+0100 (CET);Mon Nov 11 2019 08:08:59 GMT+0100 (CET);1573459739000;0.18;39.21;2.57
1380556889530408;5.4;33.1;Mon Nov 11 2019 09:10:52 GMT+0100 (CET);Mon Nov 11 2019 08:10:52 GMT+0100 (CET);1573459852000;0.19;40.44;2.57
1380556889530408;5.4;32.9;Mon Nov 11 2019 09:12:45 GMT+0100 (CET);Mon Nov 11 2019 08:12:45 GMT+0100 (CET);1573459965000;0.18;39.3;2.58
1380556889530408;5.4;32.9;Mon Nov 11 2019 09:14:39 GMT+0100 (CET);Mon Nov 11 2019 08:14:39 GMT+0100 (CET);1573460079000;0.18;39.21;2.58
1380556889530408;5.4;32.8;Mon Nov 11 2019 09:16:33 GMT+0100 (CET);Mon Nov 11 2019 08:16:33 GMT+0100 (CET);1573460193000;0.18;38.8;2.58
1380556889530408;5.4;32.9;Mon Nov 11 2019 09:18:26 GMT+0100 (CET);Mon Nov 11 2019 08:18:26 GMT+0100 (CET);1573460306000;0.18;39.17;2.6
1380556889530408;5.4;33;Mon Nov 11 2019 09:20:19 GMT+0100 (CET);Mon Nov 11 2019 08:20:19 GMT+0100 (CET);1573460419000;0.19;40.53;2.6
1380556889530408;5.9;33.2;Mon Nov 11 2019 09:22:12 GMT+0100 (CET);Mon Nov 11 2019 08:22:12 GMT+0100 (CET);1573460532000;0.2;43.09;2.58
1380556889530408;5.9;33.1;Mon Nov 11 2019 09:24:05 GMT+0100 (CET);Mon Nov 11 2019 08:24:05 GMT+0100 (CET);1573460645000;0.21;45.13;2.63
1380556889530408;5.4;33.1;Mon Nov 11 2019 09:25:57 GMT+0100 (CET);Mon Nov 11 2019 08:25:57 GMT+0100 (CET);1573460757000;0.21;44.93;2.67
1380556889530408;5.4;33;Mon Nov 11 2019 09:27:50 GMT+0100 (CET);Mon Nov 11 2019 08:27:50 GMT+0100 (CET);1573460870000;0.21;44.34;2.71
1380556889530408;5.4;33.1;Mon Nov 11 2019 09:29:43 GMT+0100 (CET);Mon Nov 11 2019 08:29:43 GMT+0100 (CET);1573460983000;0.2;43.69;2.75
1380556889530408;6.4;33.1;Mon Nov 11 2019 09:31:37 GMT+0100 (CET);Mon Nov 11 2019 08:31:37 GMT+0100 (CET);1573461097000;0.23;47.59;2.77
1380556889530408;6.4;33.2;Mon Nov 11 2019 09:33:30 GMT+0100 (CET);Mon Nov 11 2019 08:33:30 GMT+0100 (CET);1573461210000;0.24;49.81;2.77
1380556889530408;6.9;33.2;Mon Nov 11 2019 09:35:22 GMT+0100 (CET);Mon Nov 11 2019 08:35:22 GMT+0100 (CET);1573461322000;0.26;55.54;2.78
1380556889530408;6.9;33.6;Mon Nov 11 2019 09:37:29 GMT+0100 (CET);Mon Nov 11 2019 08:37:29 GMT+0100 (CET);1573461449000;0.27;56.15;2.84
1380556889530408;6.9;33.6;Mon Nov 11 2019 09:39:22 GMT+0100 (CET);Mon Nov 11 2019 08:39:22 GMT+0100 (CET);1573461562000;0.25;53.27;2.87
1380556889530408;6.9;33.5;Mon Nov 11 2019 09:41:15 GMT+0100 (CET);Mon Nov 11 2019 08:41:15 GMT+0100 (CET);1573461675000;0.25;54.01;2.88
1380556889530408;6.9;33.7;Mon Nov 11 2019 09:43:07 GMT+0100 (CET);Mon Nov 11 2019 08:43:07 GMT+0100 (CET);1573461787000;0.26;55.69;2.9
1380556889530408;6.9;33.7;Mon Nov 11 2019 09:45:00 GMT+0100 (CET);Mon Nov 11 2019 08:45:00 GMT+0100 (CET);1573461900000;0.28;60.67;2.96
1380556889530408;6.9;33.9;Mon Nov 11 2019 09:46:53 GMT+0100 (CET);Mon Nov 11 2019 08:46:53 GMT+0100 (CET);1573462013000;0.28;58.3;3
1380556889530408;6.9;33.9;Mon Nov 11 2019 09:48:46 GMT+0100 (CET);Mon Nov 11 2019 08:48:46 GMT+0100 (CET);1573462126000;0.26;55.47;3
1380556889530408;6.9;33.7;Mon Nov 11 2019 09:50:39 GMT+0100 (CET);Mon Nov 11 2019 08:50:39 GMT+0100 (CET);1573462239000;0.27;57.18;2.99
1380556889530408;6.9;33.9;Mon Nov 11 2019 09:52:32 GMT+0100 (CET);Mon Nov 11 2019 08:52:32 GMT+0100 (CET);1573462352000;0.28;58.8;3
1380556889530408;7.4;33.7;Mon Nov 11 2019 09:54:25 GMT+0100 (CET);Mon Nov 11 2019 08:54:25 GMT+0100 (CET);1573462465000;0.28;58.56;3.03
1380556889530408;7.4;34;Mon Nov 11 2019 09:56:17 GMT+0100 (CET);Mon Nov 11 2019 08:56:17 GMT+0100 (CET);1573462577000;0.31;65.57;3.07
1380556889530408;7.4;34.1;Mon Nov 11 2019 09:58:10 GMT+0100 (CET);Mon Nov 11 2019 08:58:10 GMT+0100 (CET);1573462690000;0.33;70.93;3.1
1380556889530408;7.4;34.1;Mon Nov 11 2019 10:00:03 GMT+0100 (CET);Mon Nov 11 2019 09:00:03 GMT+0100 (CET);1573462803000;0.33;68.82;3.16
1380556889530408;7.4;33.9;Mon Nov 11 2019 10:01:55 GMT+0100 (CET);Mon Nov 11 2019 09:01:55 GMT+0100 (CET);1573462915000;0.34;73.28;3.22
1380556889530408;8.9;34.6;Mon Nov 11 2019 10:03:48 GMT+0100 (CET);Mon Nov 11 2019 09:03:48 GMT+0100 (CET);1573463028000;0.34;73.47;3.25
1380556889530408;8.9;34.9;Mon Nov 11 2019 10:05:41 GMT+0100 (CET);Mon Nov 11 2019 09:05:41 GMT+0100 (CET);1573463141000;0.34;71.4;3.21
1380556889530408;8.9;34.9;Mon Nov 11 2019 10:07:34 GMT+0100 (CET);Mon Nov 11 2019 09:07:34 GMT+0100 (CET);1573463254000;0.34;71.8;3.2
1380556889530408;8.9;35;Mon Nov 11 2019 10:09:27 GMT+0100 (CET);Mon Nov 11 2019 09:09:27 GMT+0100 (CET);1573463367000;0.32;69.9;3.23
1380556889530408;8.9;34.2;Mon Nov 11 2019 10:11:21 GMT+0100 (CET);Mon Nov 11 2019 09:11:21 GMT+0100 (CET);1573463481000;0.33;70.08;3.28
1380556889530408;8.9;34;Mon Nov 11 2019 10:13:13 GMT+0100 (CET);Mon Nov 11 2019 09:13:13 GMT+0100 (CET);1573463593000;0.32;68.3;3.31
1380556889530408;8.9;34.1;Mon Nov 11 2019 10:15:06 GMT+0100 (CET);Mon Nov 11 2019 09:15:06 GMT+0100 (CET);1573463706000;0.35;73.29;3.34
1380556889530408;8.9;34.3;Mon Nov 11 2019 10:16:59 GMT+0100 (CET);Mon Nov 11 2019 09:16:59 GMT+0100 (CET);1573463819000;0.36;76.93;3.32
1380556889530408;8.9;34.5;Mon Nov 11 2019 10:18:52 GMT+0100 (CET);Mon Nov 11 2019 09:18:52 GMT+0100 (CET);1573463932000;0.37;77.46;3.31
1380556889530408;8.9;34.4;Mon Nov 11 2019 10:20:45 GMT+0100 (CET);Mon Nov 11 2019 09:20:45 GMT+0100 (CET);1573464045000;0.4;85.17;3.33
1380556889530408;8.9;35;Mon Nov 11 2019 10:22:37 GMT+0100 (CET);Mon Nov 11 2019 09:22:37 GMT+0100 (CET);1573464157000;0.39;84.13;3.37
1380556889530408;8.9;35.2;Mon Nov 11 2019 10:24:32 GMT+0100 (CET);Mon Nov 11 2019 09:24:32 GMT+0100 (CET);1573464272000;0.39;83.54;3.39
1380556889530408;8.9;35.2;Mon Nov 11 2019 10:26:26 GMT+0100 (CET);Mon Nov 11 2019 09:26:26 GMT+0100 (CET);1573464386000;0.39;83.22;3.4
1380556889530408;9.4;35.2;Mon Nov 11 2019 10:28:19 GMT+0100 (CET);Mon Nov 11 2019 09:28:19 GMT+0100 (CET);1573464499000;0.4;87.89;3.4
1380556889530408;9.4;35.4;Mon Nov 11 2019 10:30:12 GMT+0100 (CET);Mon Nov 11 2019 09:30:12 GMT+0100 (CET);1573464612000;0.39;83.52;3.39
1380556889530408;9.4;35.2;Mon Nov 11 2019 10:32:06 GMT+0100 (CET);Mon Nov 11 2019 09:32:06 GMT+0100 (CET);1573464726000;0.37;81.49;3.39
1380556889530408;8.9;35.1;Mon Nov 11 2019 10:33:59 GMT+0100 (CET);Mon Nov 11 2019 09:33:59 GMT+0100 (CET);1573464839000;0.45;94.07;3.38
1380556889530408;8.9;35.1;Mon Nov 11 2019 10:35:54 GMT+0100 (CET);Mon Nov 11 2019 09:35:54 GMT+0100 (CET);1573464954000;0.45;98.23;3.46
1380556889530408;8.9;35.6;Mon Nov 11 2019 10:37:47 GMT+0100 (CET);Mon Nov 11 2019 09:37:47 GMT+0100 (CET);1573465067000;0.46;98.88;3.54
1380556889530408;8.9;35.4;Mon Nov 11 2019 10:39:39 GMT+0100 (CET);Mon Nov 11 2019 09:39:39 GMT+0100 (CET);1573465179000;0.45;96.61;3.6
1380556889530408;8.9;35.5;Mon Nov 11 2019 10:41:32 GMT+0100 (CET);Mon Nov 11 2019 09:41:32 GMT+0100 (CET);1573465292000;0.45;96.39;3.71
1380556889530408;9.4;35.3;Mon Nov 11 2019 10:43:25 GMT+0100 (CET);Mon Nov 11 2019 09:43:25 GMT+0100 (CET);1573465405000;0.45;95.95;3.85
1380556889530408;9.4;35.4;Mon Nov 11 2019 10:45:18 GMT+0100 (CET);Mon Nov 11 2019 09:45:18 GMT+0100 (CET);1573465518000;0.46;99.55;3.92
1380556889530408;9.4;35.5;Mon Nov 11 2019 10:47:13 GMT+0100 (CET);Mon Nov 11 2019 09:47:13 GMT+0100 (CET);1573465633000;0.45;98.13;4
1380556889530408;9.4;35.5;Mon Nov 11 2019 10:49:06 GMT+0100 (CET);Mon Nov 11 2019 09:49:06 GMT+0100 (CET);1573465746000;0.47;101.17;4
1380556889530408;9.4;35.6;Mon Nov 11 2019 10:50:58 GMT+0100 (CET);Mon Nov 11 2019 09:50:58 GMT+0100 (CET);1573465858000;0.49;104.55;3.98
1380556889530408;9.4;35.7;Mon Nov 11 2019 10:52:52 GMT+0100 (CET);Mon Nov 11 2019 09:52:52 GMT+0100 (CET);1573465972000;0.53;113.31;4
1380556889530408;9.4;35.7;Mon Nov 11 2019 10:54:45 GMT+0100 (CET);Mon Nov 11 2019 09:54:45 GMT+0100 (CET);1573466085000;0.54;116.54;4.03
1380556889530408;9.4;35.7;Mon Nov 11 2019 10:56:38 GMT+0100 (CET);Mon Nov 11 2019 09:56:38 GMT+0100 (CET);1573466198000;0.5;107.36;4.02
1380556889530408;10.9;35.7;Mon Nov 11 2019 10:58:30 GMT+0100 (CET);Mon Nov 11 2019 09:58:30 GMT+0100 (CET);1573466310000;0.51;109.6;4
1380556889530408;10.9;35.6;Mon Nov 11 2019 11:00:23 GMT+0100 (CET);Mon Nov 11 2019 10:00:23 GMT+0100 (CET);1573466423000;0.51;108.8;3.96
1380556889530408;9.4;35.6;Mon Nov 11 2019 11:02:16 GMT+0100 (CET);Mon Nov 11 2019 10:02:16 GMT+0100 (CET);1573466536000;0.51;109.49;3.98
1380556889530408;9.4;35.6;Mon Nov 11 2019 11:04:08 GMT+0100 (CET);Mon Nov 11 2019 10:04:08 GMT+0100 (CET);1573466648000;0.51;108.72;4.06
1380556889530408;9.4;35.8;Mon Nov 11 2019 11:06:01 GMT+0100 (CET);Mon Nov 11 2019 10:06:01 GMT+0100 (CET);1573466761000;0.52;113.53;4.1
1380556889530408;10.9;35.8;Mon Nov 11 2019 11:07:54 GMT+0100 (CET);Mon Nov 11 2019 10:07:54 GMT+0100 (CET);1573466874000;0.56;119.51;4.15
1380556889530408;10.9;35.7;Mon Nov 11 2019 11:09:47 GMT+0100 (CET);Mon Nov 11 2019 10:09:47 GMT+0100 (CET);1573466987000;0.59;129.28;4.14
1380556889530408;10.9;36;Mon Nov 11 2019 11:11:39 GMT+0100 (CET);Mon Nov 11 2019 10:11:39 GMT+0100 (CET);1573467099000;0.65;141.9;4.21
1380556889530408;10.9;36.1;Mon Nov 11 2019 11:13:32 GMT+0100 (CET);Mon Nov 11 2019 10:13:32 GMT+0100 (CET);1573467212000;0.69;151.43;4.32
1380556889530408;10.9;36.1;Mon Nov 11 2019 11:15:25 GMT+0100 (CET);Mon Nov 11 2019 10:15:25 GMT+0100 (CET);1573467325000;0.71;152.31;4.39
1380556889530408;10.9;36;Mon Nov 11 2019 11:17:19 GMT+0100 (CET);Mon Nov 11 2019 10:17:19 GMT+0100 (CET);1573467439000;0.7;152.24;4.5
1380556889530408;10.9;36.1;Mon Nov 11 2019 11:19:12 GMT+0100 (CET);Mon Nov 11 2019 10:19:12 GMT+0100 (CET);1573467552000;0.71;155.21;4.6
1380556889530408;10.9;36.2;Mon Nov 11 2019 11:21:05 GMT+0100 (CET);Mon Nov 11 2019 10:21:05 GMT+0100 (CET);1573467665000;0.84;182.44;4.63
1380556889530408;10.9;36;Mon Nov 11 2019 11:23:12 GMT+0100 (CET);Mon Nov 11 2019 10:23:12 GMT+0100 (CET);1573467792000;0.8;174.52;4.66
1380556889530408;11.4;36.1;Mon Nov 11 2019 11:25:04 GMT+0100 (CET);Mon Nov 11 2019 10:25:04 GMT+0100 (CET);1573467904000;0.72;158.94;4.67
1380556889530408;11.4;36.2;Mon Nov 11 2019 11:26:59 GMT+0100 (CET);Mon Nov 11 2019 10:26:59 GMT+0100 (CET);1573468019000;0.8;175.62;4.78
1380556889530408;11.4;36.2;Mon Nov 11 2019 11:28:52 GMT+0100 (CET);Mon Nov 11 2019 10:28:52 GMT+0100 (CET);1573468132000;0.78;168.66;4.89
1380556889530408;11.4;36;Mon Nov 11 2019 11:30:45 GMT+0100 (CET);Mon Nov 11 2019 10:30:45 GMT+0100 (CET);1573468245000;0.72;156.52;4.89
1380556889530408;11.4;36.2;Mon Nov 11 2019 11:32:38 GMT+0100 (CET);Mon Nov 11 2019 10:32:38 GMT+0100 (CET);1573468358000;0.76;167.25;4.82
1380556889530408;12.9;36.2;Mon Nov 11 2019 11:34:31 GMT+0100 (CET);Mon Nov 11 2019 10:34:31 GMT+0100 (CET);1573468471000;0.8;172.94;4.78
1380556889530408;12.9;36.6;Mon Nov 11 2019 11:36:24 GMT+0100 (CET);Mon Nov 11 2019 10:36:24 GMT+0100 (CET);1573468584000;0.98;215.56;4.88
1380556889530408;12.9;36.3;Mon Nov 11 2019 11:38:16 GMT+0100 (CET);Mon Nov 11 2019 10:38:16 GMT+0100 (CET);1573468696000;0.92;202.35;4.94
1380556889530408;12.9;36.4;Mon Nov 11 2019 11:40:10 GMT+0100 (CET);Mon Nov 11 2019 10:40:10 GMT+0100 (CET);1573468810000;0.94;206.72;5.02
1380556889530408;12.9;36.5;Mon Nov 11 2019 11:42:03 GMT+0100 (CET);Mon Nov 11 2019 10:42:03 GMT+0100 (CET);1573468923000;0.91;201.84;5.16
1380556889530408;12.9;36.5;Mon Nov 11 2019 11:43:56 GMT+0100 (CET);Mon Nov 11 2019 10:43:56 GMT+0100 (CET);1573469036000;0.92;205.88;5.3
1380556889530408;12.9;36.5;Mon Nov 11 2019 11:45:49 GMT+0100 (CET);Mon Nov 11 2019 10:45:49 GMT+0100 (CET);1573469149000;0.88;196.95;5.42
1380556889530408;12.9;36.4;Mon Nov 11 2019 11:47:42 GMT+0100 (CET);Mon Nov 11 2019 10:47:42 GMT+0100 (CET);1573469262000;0.85;190.5;5.51
1380556889530408;12.9;36;Mon Nov 11 2019 11:49:45 GMT+0100 (CET);Mon Nov 11 2019 10:49:45 GMT+0100 (CET);1573469385000;0.78;173.66;5.56
1380556889530408;12.9;36;Mon Nov 11 2019 11:51:37 GMT+0100 (CET);Mon Nov 11 2019 10:51:37 GMT+0100 (CET);1573469497000;0.75;165.29;5.6
1380556889530408;13.4;35.9;Mon Nov 11 2019 11:53:30 GMT+0100 (CET);Mon Nov 11 2019 10:53:30 GMT+0100 (CET);1573469610000;0.7;153.66;5.54
1380556889530408;13.4;35.8;Mon Nov 11 2019 11:55:23 GMT+0100 (CET);Mon Nov 11 2019 10:55:23 GMT+0100 (CET);1573469723000;0.66;144.18;5.45
1380556889530408;13.4;35.9;Mon Nov 11 2019 11:57:21 GMT+0100 (CET);Mon Nov 11 2019 10:57:21 GMT+0100 (CET);1573469841000;0.69;153.71;5.47
1380556889530408;12.9;36.7;Mon Nov 11 2019 11:59:13 GMT+0100 (CET);Mon Nov 11 2019 10:59:13 GMT+0100 (CET);1573469953000;1.04;232.59;5.47
1380556889530408;12.9;36.2;Mon Nov 11 2019 12:01:06 GMT+0100 (CET);Mon Nov 11 2019 11:01:06 GMT+0100 (CET);1573470066000;0.84;185.3;5.5
1380556889530408;13.4;36.1;Mon Nov 11 2019 12:03:00 GMT+0100 (CET);Mon Nov 11 2019 11:03:00 GMT+0100 (CET);1573470180000;0.76;166.85;5.5
1380556889530408;13.4;36.3;Mon Nov 11 2019 12:05:14 GMT+0100 (CET);Mon Nov 11 2019 11:05:14 GMT+0100 (CET);1573470314000;0.88;194.19;5.46
1380556889530408;12.9;36.4;Mon Nov 11 2019 12:07:07 GMT+0100 (CET);Mon Nov 11 2019 11:07:07 GMT+0100 (CET);1573470427000;0.86;191.7;5.55
1380556889530408;12.9;36.3;Mon Nov 11 2019 12:09:01 GMT+0100 (CET);Mon Nov 11 2019 11:09:01 GMT+0100 (CET);1573470541000;0.77;170.11;5.68
1380556889530408;12.9;36;Mon Nov 11 2019 12:10:54 GMT+0100 (CET);Mon Nov 11 2019 11:10:54 GMT+0100 (CET);1573470654000;0.72;159.96;5.73
1380556889530408;12.9;36;Mon Nov 11 2019 12:12:50 GMT+0100 (CET);Mon Nov 11 2019 11:12:50 GMT+0100 (CET);1573470770000;0.69;156.35;5.71
1380556889530408;12.9;36.1;Mon Nov 11 2019 12:14:43 GMT+0100 (CET);Mon Nov 11 2019 11:14:43 GMT+0100 (CET);1573470883000;0.74;166.06;5.65
1380556889530408;12.9;36.1;Mon Nov 11 2019 12:16:36 GMT+0100 (CET);Mon Nov 11 2019 11:16:36 GMT+0100 (CET);1573470996000;0.65;147.79;5.67
1380556889530408;12.9;36;Mon Nov 11 2019 12:18:29 GMT+0100 (CET);Mon Nov 11 2019 11:18:29 GMT+0100 (CET);1573471109000;0.64;146.31;5.65
1380556889530408;12.9;35.9;Mon Nov 11 2019 12:20:22 GMT+0100 (CET);Mon Nov 11 2019 11:20:22 GMT+0100 (CET);1573471222000;0.63;141.74;5.64
1380556889530408;12.9;35.8;Mon Nov 11 2019 12:22:16 GMT+0100 (CET);Mon Nov 11 2019 11:22:16 GMT+0100 (CET);1573471336000;0.65;143.68;5.66
1380556889530408;12.9;35.8;Mon Nov 11 2019 12:24:08 GMT+0100 (CET);Mon Nov 11 2019 11:24:08 GMT+0100 (CET);1573471448000;0.63;139.06;5.57
1380556889530408;12.9;35.8;Mon Nov 11 2019 12:26:01 GMT+0100 (CET);Mon Nov 11 2019 11:26:01 GMT+0100 (CET);1573471561000;0.66;144.96;5.53
1380556889530408;12.9;36;Mon Nov 11 2019 12:27:54 GMT+0100 (CET);Mon Nov 11 2019 11:27:54 GMT+0100 (CET);1573471674000;0.72;160.7;5.53
1380556889530408;12.9;36.2;Mon Nov 11 2019 12:29:47 GMT+0100 (CET);Mon Nov 11 2019 11:29:47 GMT+0100 (CET);1573471787000;0.73;162.38;5.58
1380556889530408;12.9;36.1;Mon Nov 11 2019 12:31:40 GMT+0100 (CET);Mon Nov 11 2019 11:31:40 GMT+0100 (CET);1573471900000;0.7;156.86;5.63
1380556889530408;12.9;36.2;Mon Nov 11 2019 12:33:34 GMT+0100 (CET);Mon Nov 11 2019 11:33:34 GMT+0100 (CET);1573472014000;0.75;166.01;5.7
1380556889530408;13.4;36.3;Mon Nov 11 2019 12:35:28 GMT+0100 (CET);Mon Nov 11 2019 11:35:28 GMT+0100 (CET);1573472128000;0.9;199.24;5.75
1380556889530408;13.4;36.5;Mon Nov 11 2019 12:37:21 GMT+0100 (CET);Mon Nov 11 2019 11:37:21 GMT+0100 (CET);1573472241000;0.91;200.66;5.8
1380556889530408;13.4;36.6;Mon Nov 11 2019 12:39:13 GMT+0100 (CET);Mon Nov 11 2019 11:39:13 GMT+0100 (CET);1573472353000;0.95;210.13;5.89
1380556889530408;13.4;36.7;Mon Nov 11 2019 12:41:06 GMT+0100 (CET);Mon Nov 11 2019 11:41:06 GMT+0100 (CET);1573472466000;0.91;206.99;5.96
1380556889530408;13.4;37.2;Mon Nov 11 2019 12:43:00 GMT+0100 (CET);Mon Nov 11 2019 11:43:00 GMT+0100 (CET);1573472580000;1.03;238.04;6.01
1380556889530408;13.4;37.2;Mon Nov 11 2019 12:44:52 GMT+0100 (CET);Mon Nov 11 2019 11:44:52 GMT+0100 (CET);1573472692000;1.09;249.82;6.07
1380556889530408;13.4;37.3;Mon Nov 11 2019 12:46:45 GMT+0100 (CET);Mon Nov 11 2019 11:46:45 GMT+0100 (CET);1573472805000;1.2;273.38;6.28
1380556889530408;13.4;37.1;Mon Nov 11 2019 12:48:39 GMT+0100 (CET);Mon Nov 11 2019 11:48:39 GMT+0100 (CET);1573472919000;1.22;277.47;6.48
1380556889530408;14.4;36.5;Mon Nov 11 2019 12:50:32 GMT+0100 (CET);Mon Nov 11 2019 11:50:32 GMT+0100 (CET);1573473032000;1.09;249.57;6.74
1380556889530408;14.4;36.7;Mon Nov 11 2019 12:52:25 GMT+0100 (CET);Mon Nov 11 2019 11:52:25 GMT+0100 (CET);1573473145000;0.99;224.75;6.77
1380556889530408;14.4;35.9;Mon Nov 11 2019 12:54:18 GMT+0100 (CET);Mon Nov 11 2019 11:54:18 GMT+0100 (CET);1573473258000;0.8;178.83;6.75
1380556889530408;14.4;35.7;Mon Nov 11 2019 12:56:11 GMT+0100 (CET);Mon Nov 11 2019 11:56:11 GMT+0100 (CET);1573473371000;0.69;155.69;6.58
1380556889530408;14.4;35.4;Mon Nov 11 2019 12:58:09 GMT+0100 (CET);Mon Nov 11 2019 11:58:09 GMT+0100 (CET);1573473489000;0.57;125.74;6.31
1380556889530408;14.4;35.4;Mon Nov 11 2019 13:00:03 GMT+0100 (CET);Mon Nov 11 2019 12:00:03 GMT+0100 (CET);1573473603000;0.56;122.05;6.1
1380556889530408;14.4;35.2;Mon Nov 11 2019 13:01:59 GMT+0100 (CET);Mon Nov 11 2019 12:01:59 GMT+0100 (CET);1573473719000;0.54;117.93;6.04
1380556889530408;13.4;35.3;Mon Nov 11 2019 13:03:52 GMT+0100 (CET);Mon Nov 11 2019 12:03:52 GMT+0100 (CET);1573473832000;0.56;120.25;6.03
1380556889530408;13.4;35.4;Mon Nov 11 2019 13:05:47 GMT+0100 (CET);Mon Nov 11 2019 12:05:47 GMT+0100 (CET);1573473947000;0.6;128.03;6.06
1380556889530408;13.4;35.4;Mon Nov 11 2019 13:07:42 GMT+0100 (CET);Mon Nov 11 2019 12:07:42 GMT+0100 (CET);1573474062000;0.6;127.35;6
1380556889530408;13.4;35.4;Mon Nov 11 2019 13:09:36 GMT+0100 (CET);Mon Nov 11 2019 12:09:36 GMT+0100 (CET);1573474176000;0.59;124.87;5.96
1380556889530408;13.4;35.4;Mon Nov 11 2019 13:11:30 GMT+0100 (CET);Mon Nov 11 2019 12:11:30 GMT+0100 (CET);1573474290000;0.53;114.07;5.92
1380556889530408;13.4;35.3;Mon Nov 11 2019 13:13:58 GMT+0100 (CET);Mon Nov 11 2019 12:13:58 GMT+0100 (CET);1573474438000;0.48;100.51;5.78
1380556889530408;13.4;34.8;Mon Nov 11 2019 13:15:51 GMT+0100 (CET);Mon Nov 11 2019 12:15:51 GMT+0100 (CET);1573474551000;0.55;116.84;5.71
1380556889530408;12.9;35;Mon Nov 11 2019 13:17:45 GMT+0100 (CET);Mon Nov 11 2019 12:17:45 GMT+0100 (CET);1573474665000;0.53;112.1;5.72
1380556889530408;12.9;35.2;Mon Nov 11 2019 13:19:39 GMT+0100 (CET);Mon Nov 11 2019 12:19:39 GMT+0100 (CET);1573474779000;0.48;102.76;5.72
1380556889530408;12.9;34.5;Mon Nov 11 2019 13:21:32 GMT+0100 (CET);Mon Nov 11 2019 12:21:32 GMT+0100 (CET);1573474892000;0.48;99.36;5.76
1380556889530408;12.9;34.4;Mon Nov 11 2019 13:23:44 GMT+0100 (CET);Mon Nov 11 2019 12:23:44 GMT+0100 (CET);1573475024000;0.45;95.25;5.76
1380556889530408;12.9;34.5;Mon Nov 11 2019 13:25:38 GMT+0100 (CET);Mon Nov 11 2019 12:25:38 GMT+0100 (CET);1573475138000;0.5;105.09;5.75
1380556889530408;12.9;34.7;Mon Nov 11 2019 13:27:31 GMT+0100 (CET);Mon Nov 11 2019 12:27:31 GMT+0100 (CET);1573475251000;0.51;107.38;5.75
1380556889530408;12.9;34.8;Mon Nov 11 2019 13:29:25 GMT+0100 (CET);Mon Nov 11 2019 12:29:25 GMT+0100 (CET);1573475365000;0.52;109.38;5.71
1380556889530408;12.9;35;Mon Nov 11 2019 13:31:18 GMT+0100 (CET);Mon Nov 11 2019 12:31:18 GMT+0100 (CET);1573475478000;0.55;115.32;5.6
1380556889530408;12.9;35.5;Mon Nov 11 2019 13:33:11 GMT+0100 (CET);Mon Nov 11 2019 12:33:11 GMT+0100 (CET);1573475591000;0.55;119.24;5.53
1380556889530408;12.9;35.5;Mon Nov 11 2019 13:35:06 GMT+0100 (CET);Mon Nov 11 2019 12:35:06 GMT+0100 (CET);1573475706000;0.53;114.84;5.56
1380556889530408;12.9;35.5;Mon Nov 11 2019 13:36:59 GMT+0100 (CET);Mon Nov 11 2019 12:36:59 GMT+0100 (CET);1573475819000;0.51;109.09;5.5
1380556889530408;12.9;35.5;Mon Nov 11 2019 13:38:54 GMT+0100 (CET);Mon Nov 11 2019 12:38:54 GMT+0100 (CET);1573475934000;0.53;113.67;5.5
1380556889530408;12.9;35.3;Mon Nov 11 2019 13:40:46 GMT+0100 (CET);Mon Nov 11 2019 12:40:46 GMT+0100 (CET);1573476046000;0.57;122.18;5.52
1380556889530408;12.9;35.5;Mon Nov 11 2019 13:42:39 GMT+0100 (CET);Mon Nov 11 2019 12:42:39 GMT+0100 (CET);1573476159000;0.59;126.58;5.54
1380556889530408;12.9;35.6;Mon Nov 11 2019 13:44:33 GMT+0100 (CET);Mon Nov 11 2019 12:44:33 GMT+0100 (CET);1573476273000;0.59;125.38;5.51
1380556889530408;12.9;35.5;Mon Nov 11 2019 13:46:26 GMT+0100 (CET);Mon Nov 11 2019 12:46:26 GMT+0100 (CET);1573476386000;0.58;124.53;5.52
1380556889530408;12.9;35.5;Mon Nov 11 2019 13:48:20 GMT+0100 (CET);Mon Nov 11 2019 12:48:20 GMT+0100 (CET);1573476500000;0.58;123.38;5.53
1380556889530408;12.9;35.5;Mon Nov 11 2019 13:50:13 GMT+0100 (CET);Mon Nov 11 2019 12:50:13 GMT+0100 (CET);1573476613000;0.57;121.99;5.53
1380556889530408;12.9;35.4;Mon Nov 11 2019 13:52:15 GMT+0100 (CET);Mon Nov 11 2019 12:52:15 GMT+0100 (CET);1573476735000;0.51;112.18;5.53
1380556889530408;12.9;35.4;Mon Nov 11 2019 13:54:08 GMT+0100 (CET);Mon Nov 11 2019 12:54:08 GMT+0100 (CET);1573476848000;0.54;116.77;5.5
1380556889530408;12.9;35.6;Mon Nov 11 2019 13:56:01 GMT+0100 (CET);Mon Nov 11 2019 12:56:01 GMT+0100 (CET);1573476961000;0.62;134.08;5.47
1380556889530408;12.9;35.6;Mon Nov 11 2019 13:57:54 GMT+0100 (CET);Mon Nov 11 2019 12:57:54 GMT+0100 (CET);1573477074000;0.62;135.33;5.54
1380556889530408;12.9;35.6;Mon Nov 11 2019 13:59:47 GMT+0100 (CET);Mon Nov 11 2019 12:59:47 GMT+0100 (CET);1573477187000;0.58;126.12;5.54
1380556889530408;12.9;35.5;Mon Nov 11 2019 14:01:41 GMT+0100 (CET);Mon Nov 11 2019 13:01:41 GMT+0100 (CET);1573477301000;0.56;120.85;5.53
1380556889530408;12.9;35.4;Mon Nov 11 2019 14:03:34 GMT+0100 (CET);Mon Nov 11 2019 13:03:34 GMT+0100 (CET);1573477414000;0.55;117.95;5.59
1380556889530408;12.9;35.2;Mon Nov 11 2019 14:05:36 GMT+0100 (CET);Mon Nov 11 2019 13:05:36 GMT+0100 (CET);1573477536000;0.49;103.57;5.59
1380556889530408;12.9;35.2;Mon Nov 11 2019 14:07:29 GMT+0100 (CET);Mon Nov 11 2019 13:07:29 GMT+0100 (CET);1573477649000;0.45;95.28;5.52
1380556889530408;12.9;35.1;Mon Nov 11 2019 14:09:25 GMT+0100 (CET);Mon Nov 11 2019 13:09:25 GMT+0100 (CET);1573477765000;0.39;83.07;5.49
1380556889530408;12.9;34.6;Mon Nov 11 2019 14:11:18 GMT+0100 (CET);Mon Nov 11 2019 13:11:18 GMT+0100 (CET);1573477878000;0.36;76.88;5.49
1380556889530408;12.9;34.2;Mon Nov 11 2019 14:13:13 GMT+0100 (CET);Mon Nov 11 2019 13:13:13 GMT+0100 (CET);1573477993000;0.34;72.58;5.5
1380556889530408;11.4;33.9;Mon Nov 11 2019 14:15:07 GMT+0100 (CET);Mon Nov 11 2019 13:15:07 GMT+0100 (CET);1573478107000;0.34;70.1;5.46
1380556889530408;11.4;33.9;Mon Nov 11 2019 14:17:00 GMT+0100 (CET);Mon Nov 11 2019 13:17:00 GMT+0100 (CET);1573478220000;0.33;68.16;5.4
1380556889530408;11.4;33.8;Mon Nov 11 2019 14:18:54 GMT+0100 (CET);Mon Nov 11 2019 13:18:54 GMT+0100 (CET);1573478334000;0.35;73.27;5.39
1380556889530408;11.4;33.9;Mon Nov 11 2019 14:20:47 GMT+0100 (CET);Mon Nov 11 2019 13:20:47 GMT+0100 (CET);1573478447000;0.38;79.73;5.32
1380556889530408;11.4;34.2;Mon Nov 11 2019 14:22:44 GMT+0100 (CET);Mon Nov 11 2019 13:22:44 GMT+0100 (CET);1573478564000;0.38;79.86;5.28
1380556889530408;10.9;34.1;Mon Nov 11 2019 14:25:01 GMT+0100 (CET);Mon Nov 11 2019 13:25:01 GMT+0100 (CET);1573478701000;0.35;73.27;5.28
1380556889530408;10.9;34;Mon Nov 11 2019 14:26:59 GMT+0100 (CET);Mon Nov 11 2019 13:26:59 GMT+0100 (CET);1573478819000;0.32;68.29;5.31
1380556889530408;10.9;33.8;Mon Nov 11 2019 14:28:51 GMT+0100 (CET);Mon Nov 11 2019 13:28:51 GMT+0100 (CET);1573478931000;0.32;66.11;5.28
1380556889530408;10.9;33.8;Mon Nov 11 2019 14:30:44 GMT+0100 (CET);Mon Nov 11 2019 13:30:44 GMT+0100 (CET);1573479044000;0.3;61.58;5.25
1380556889530408;10.9;33.7;Mon Nov 11 2019 14:32:37 GMT+0100 (CET);Mon Nov 11 2019 13:32:37 GMT+0100 (CET);1573479157000;0.27;55.41;5.2
1380556889530408;10.9;33.6;Mon Nov 11 2019 14:34:35 GMT+0100 (CET);Mon Nov 11 2019 13:34:35 GMT+0100 (CET);1573479275000;0.24;50.1;5.11
1380556889530408;10.9;33.3;Mon Nov 11 2019 14:36:28 GMT+0100 (CET);Mon Nov 11 2019 13:36:28 GMT+0100 (CET);1573479388000;0.21;45.16;4.99
1380556889530408;10.9;33.2;Mon Nov 11 2019 14:38:24 GMT+0100 (CET);Mon Nov 11 2019 13:38:24 GMT+0100 (CET);1573479504000;0.21;43.28;4.89
1380556889530408;10.9;33;Mon Nov 11 2019 14:40:33 GMT+0100 (CET);Mon Nov 11 2019 13:40:33 GMT+0100 (CET);1573479633000;0.21;45.53;4.84
1380556889530408;10.9;33;Mon Nov 11 2019 14:42:27 GMT+0100 (CET);Mon Nov 11 2019 13:42:27 GMT+0100 (CET);1573479747000;0.21;44.43;4.8
1380556889530408;9.4;33;Mon Nov 11 2019 14:44:22 GMT+0100 (CET);Mon Nov 11 2019 13:44:22 GMT+0100 (CET);1573479862000;0.2;43.7;4.78
1380556889530408;9.4;33.1;Mon Nov 11 2019 14:46:16 GMT+0100 (CET);Mon Nov 11 2019 13:46:16 GMT+0100 (CET);1573479976000;0.2;43.53;4.77
1380556889530408;9.4;33;Mon Nov 11 2019 14:48:18 GMT+0100 (CET);Mon Nov 11 2019 13:48:18 GMT+0100 (CET);1573480098000;0.19;41.68;4.75
1380556889530408;9.4;32.9;Mon Nov 11 2019 14:50:10 GMT+0100 (CET);Mon Nov 11 2019 13:50:10 GMT+0100 (CET);1573480210000;0.2;42.36;4.77
1380556889530408;9.4;33;Mon Nov 11 2019 14:52:09 GMT+0100 (CET);Mon Nov 11 2019 13:52:09 GMT+0100 (CET);1573480329000;0.2;44.9;4.79
1380556889530408;8.9;33.1;Mon Nov 11 2019 14:54:02 GMT+0100 (CET);Mon Nov 11 2019 13:54:02 GMT+0100 (CET);1573480442000;0.22;46.33;4.77
1380556889530408;8.9;33;Mon Nov 11 2019 14:56:00 GMT+0100 (CET);Mon Nov 11 2019 13:56:00 GMT+0100 (CET);1573480560000;0.27;59.02;4.71
1380556889530408;8.9;33.2;Mon Nov 11 2019 14:57:52 GMT+0100 (CET);Mon Nov 11 2019 13:57:52 GMT+0100 (CET);1573480672000;0.35;73.35;4.64
1380556889530408;8.9;34;Mon Nov 11 2019 14:59:45 GMT+0100 (CET);Mon Nov 11 2019 13:59:45 GMT+0100 (CET);1573480785000;0.37;79.79;4.66
1380556889530408;8.9;34.4;Mon Nov 11 2019 15:01:38 GMT+0100 (CET);Mon Nov 11 2019 14:01:38 GMT+0100 (CET);1573480898000;0.38;81.93;4.68
1380556889530408;9.4;35.1;Mon Nov 11 2019 15:03:47 GMT+0100 (CET);Mon Nov 11 2019 14:03:47 GMT+0100 (CET);1573481027000;0.36;80.03;4.73
1380556889530408;9.4;35.1;Mon Nov 11 2019 15:05:46 GMT+0100 (CET);Mon Nov 11 2019 14:05:46 GMT+0100 (CET);1573481146000;0.33;72;4.78
1380556889530408;9.4;34.9;Mon Nov 11 2019 15:07:38 GMT+0100 (CET);Mon Nov 11 2019 14:07:38 GMT+0100 (CET);1573481258000;0.2;47.69;4.77
1380556889530408;10.9;34.7;Mon Nov 11 2019 15:09:31 GMT+0100 (CET);Mon Nov 11 2019 14:09:31 GMT+0100 (CET);1573481371000;0.1;26.52;4.68
1380556889530408;10.9;33;Mon Nov 11 2019 15:11:26 GMT+0100 (CET);Mon Nov 11 2019 14:11:26 GMT+0100 (CET);1573481486000;0.1;23.22;4.6
1380556889530408;8.9;31.9;Mon Nov 11 2019 15:13:18 GMT+0100 (CET);Mon Nov 11 2019 14:13:18 GMT+0100 (CET);1573481598000;0.09;21.58;4.51
1380556889530408;8.9;30.7;Mon Nov 11 2019 15:15:11 GMT+0100 (CET);Mon Nov 11 2019 14:15:11 GMT+0100 (CET);1573481711000;0.09;20.83;4.42
1380556889530408;8.9;30.2;Mon Nov 11 2019 15:17:04 GMT+0100 (CET);Mon Nov 11 2019 14:17:04 GMT+0100 (CET);1573481824000;0.08;19.78;4.36
1380556889530408;6.9;30.2;Mon Nov 11 2019 15:19:19 GMT+0100 (CET);Mon Nov 11 2019 14:19:19 GMT+0100 (CET);1573481959000;0.07;17.84;4.25
1380556889530408;6.9;30;Mon Nov 11 2019 15:21:12 GMT+0100 (CET);Mon Nov 11 2019 14:21:12 GMT+0100 (CET);1573482072000;0.07;17.77;4.21
1380556889530408;7.4;30.1;Mon Nov 11 2019 15:23:08 GMT+0100 (CET);Mon Nov 11 2019 14:23:08 GMT+0100 (CET);1573482188000;0.08;18.55;4.15
1380556889530408;7.4;30;Mon Nov 11 2019 15:25:00 GMT+0100 (CET);Mon Nov 11 2019 14:25:00 GMT+0100 (CET);1573482300000;0.09;20.13;4.11
1380556889530408;6.9;30.5;Mon Nov 11 2019 15:27:02 GMT+0100 (CET);Mon Nov 11 2019 14:27:02 GMT+0100 (CET);1573482422000;0.1;22.18;4.1
1380556889530408;6.9;31;Mon Nov 11 2019 15:28:55 GMT+0100 (CET);Mon Nov 11 2019 14:28:55 GMT+0100 (CET);1573482535000;0.11;24.26;4.1
1380556889530408;6.9;30.4;Mon Nov 11 2019 15:30:48 GMT+0100 (CET);Mon Nov 11 2019 14:30:48 GMT+0100 (CET);1573482648000;0.14;30.19;4.14
1380556889530408;6.4;29;Mon Nov 11 2019 15:32:41 GMT+0100 (CET);Mon Nov 11 2019 14:32:41 GMT+0100 (CET);1573482761000;0.17;36.91;4.15
1380556889530408;6.4;32.9;Mon Nov 11 2019 15:34:55 GMT+0100 (CET);Mon Nov 11 2019 14:34:55 GMT+0100 (CET);1573482895000;0.17;37.48;4.17
1380556889530408;6.9;32.8;Mon Nov 11 2019 15:36:49 GMT+0100 (CET);Mon Nov 11 2019 14:36:49 GMT+0100 (CET);1573483009000;0.17;36.82;4.21
1380556889530408;6.9;32.7;Mon Nov 11 2019 15:38:42 GMT+0100 (CET);Mon Nov 11 2019 14:38:42 GMT+0100 (CET);1573483122000;0.16;34.73;4.21
1380556889530408;6.9;32.8;Mon Nov 11 2019 15:40:36 GMT+0100 (CET);Mon Nov 11 2019 14:40:36 GMT+0100 (CET);1573483236000;0.14;31.89;4.22
1380556889530408;7.4;32.7;Mon Nov 11 2019 15:42:35 GMT+0100 (CET);Mon Nov 11 2019 14:42:35 GMT+0100 (CET);1573483355000;0.13;28.29;4.21
1380556889530408;7.4;32.7;Mon Nov 11 2019 15:44:28 GMT+0100 (CET);Mon Nov 11 2019 14:44:28 GMT+0100 (CET);1573483468000;0.1;22.87;4.2
1380556889530408;7.4;31.9;Mon Nov 11 2019 15:46:21 GMT+0100 (CET);Mon Nov 11 2019 14:46:21 GMT+0100 (CET);1573483581000;0.09;20.3;4.21
1380556889530408;7.4;31.1;Mon Nov 11 2019 15:48:18 GMT+0100 (CET);Mon Nov 11 2019 14:48:18 GMT+0100 (CET);1573483698000;0.09;18.89;4.21
1380556889530408;6.9;30.5;Mon Nov 11 2019 15:50:41 GMT+0100 (CET);Mon Nov 11 2019 14:50:41 GMT+0100 (CET);1573483841000;0.08;18.89;4.21
1380556889530408;6.9;30.6;Mon Nov 11 2019 15:52:34 GMT+0100 (CET);Mon Nov 11 2019 14:52:34 GMT+0100 (CET);1573483954000;0.09;19.9;4.22
1380556889530408;6.9;30.7;Mon Nov 11 2019 15:54:26 GMT+0100 (CET);Mon Nov 11 2019 14:54:26 GMT+0100 (CET);1573484066000;0.09;19.69;4.24
1380556889530408;6.9;31;Mon Nov 11 2019 15:56:19 GMT+0100 (CET);Mon Nov 11 2019 14:56:19 GMT+0100 (CET);1573484179000;0.09;20.88;4.25
1380556889530408;6.9;30.9;Mon Nov 11 2019 15:58:30 GMT+0100 (CET);Mon Nov 11 2019 14:58:30 GMT+0100 (CET);1573484310000;0.09;20.14;4.25
1380556889530408;6.9;30.7;Mon Nov 11 2019 16:00:25 GMT+0100 (CET);Mon Nov 11 2019 15:00:25 GMT+0100 (CET);1573484425000;0.09;18.37;4.25
1380556889530408;6.9;30.9;Mon Nov 11 2019 16:02:19 GMT+0100 (CET);Mon Nov 11 2019 15:02:19 GMT+0100 (CET);1573484539000;0.07;15.37;4.25
1380556889530408;6.9;30.5;Mon Nov 11 2019 16:04:12 GMT+0100 (CET);Mon Nov 11 2019 15:04:12 GMT+0100 (CET);1573484652000;0.06;14.07;4.21
1380556889530408;6.9;29.9;Mon Nov 11 2019 16:06:07 GMT+0100 (CET);Mon Nov 11 2019 15:06:07 GMT+0100 (CET);1573484767000;0;11.61;4.18
1380556889530408;5.4;29.7;Mon Nov 11 2019 16:08:04 GMT+0100 (CET);Mon Nov 11 2019 15:08:04 GMT+0100 (CET);1573484884000;0;8.5;4.17
1380556889530408;5.4;28.7;Mon Nov 11 2019 16:09:57 GMT+0100 (CET);Mon Nov 11 2019 15:09:57 GMT+0100 (CET);1573484997000;0;7.59;4.15
1380556889530408;5.4;27.1;Mon Nov 11 2019 16:11:49 GMT+0100 (CET);Mon Nov 11 2019 15:11:49 GMT+0100 (CET);1573485109000;0;7.17;4.14
1380556889530408;5.4;34.2;Mon Nov 11 2019 16:13:42 GMT+0100 (CET);Mon Nov 11 2019 15:13:42 GMT+0100 (CET);1573485222000;0;6.61;4.13
1380556889530408;5.4;33.5;Mon Nov 11 2019 16:15:36 GMT+0100 (CET);Mon Nov 11 2019 15:15:36 GMT+0100 (CET);1573485336000;0;5.61;4.1
1380556889530408;5.4;32.6;Mon Nov 11 2019 16:17:29 GMT+0100 (CET);Mon Nov 11 2019 15:17:29 GMT+0100 (CET);1573485449000;0;4.84;4.06
1380556889530408;5.4;32.1;Mon Nov 11 2019 16:19:31 GMT+0100 (CET);Mon Nov 11 2019 15:19:31 GMT+0100 (CET);1573485571000;0;4.62;4.03
1380556889530408;5.4;30.4;Mon Nov 11 2019 16:21:24 GMT+0100 (CET);Mon Nov 11 2019 15:21:24 GMT+0100 (CET);1573485684000;0;3.82;4.02
1380556889530408;5.4;29.1;Mon Nov 11 2019 16:23:17 GMT+0100 (CET);Mon Nov 11 2019 15:23:17 GMT+0100 (CET);1573485797000;0;3.24;3.99
1380556889530408;5.4;28.5;Mon Nov 11 2019 16:25:10 GMT+0100 (CET);Mon Nov 11 2019 15:25:10 GMT+0100 (CET);1573485910000;0;3.07;3.98
1380556889530408;5.4;26.2;Mon Nov 11 2019 16:27:03 GMT+0100 (CET);Mon Nov 11 2019 15:27:03 GMT+0100 (CET);1573486023000;0;2.74;3.96
1380556889530408;3.4;26.2;Mon Nov 11 2019 16:29:10 GMT+0100 (CET);Mon Nov 11 2019 15:29:10 GMT+0100 (CET);1573486150000;0;2.39;3.91
1380556889530408;3.4;20.3;Mon Nov 11 2019 16:31:03 GMT+0100 (CET);Mon Nov 11 2019 15:31:03 GMT+0100 (CET);1573486263000;0;2.28;3.91
1380556889530408;3.4;20.9;Mon Nov 11 2019 16:32:59 GMT+0100 (CET);Mon Nov 11 2019 15:32:59 GMT+0100 (CET);1573486379000;0;2.08;3.89
1380556889530408;3.4;20.9;Mon Nov 11 2019 16:34:52 GMT+0100 (CET);Mon Nov 11 2019 15:34:52 GMT+0100 (CET);1573486492000;0;1.54;3.89
1380556889530408;0.8;31.4;Tue Nov 12 2019 07:44:54 GMT+0100 (CET);Tue Nov 12 2019 06:44:54 GMT+0100 (CET);1573541094000;0;5.44;3.6
1380556889530408;0.8;32.6;Tue Nov 12 2019 07:46:46 GMT+0100 (CET);Tue Nov 12 2019 06:46:46 GMT+0100 (CET);1573541206000;0;5.71;3.63
1380556889530408;0.8;32.3;Tue Nov 12 2019 07:48:43 GMT+0100 (CET);Tue Nov 12 2019 06:48:43 GMT+0100 (CET);1573541323000;0;5.87;3.61
1380556889530408;3.4;33.2;Tue Nov 12 2019 07:50:48 GMT+0100 (CET);Tue Nov 12 2019 06:50:48 GMT+0100 (CET);1573541448000;0;6.18;3.62
1380556889530408;3.4;33.7;Tue Nov 12 2019 07:52:41 GMT+0100 (CET);Tue Nov 12 2019 06:52:41 GMT+0100 (CET);1573541561000;0;6.82;3.62
1380556889530408;4.9;28.2;Tue Nov 12 2019 07:54:34 GMT+0100 (CET);Tue Nov 12 2019 06:54:34 GMT+0100 (CET);1573541674000;0;7.5;3.64
1380556889530408;4.9;34.5;Tue Nov 12 2019 07:56:27 GMT+0100 (CET);Tue Nov 12 2019 06:56:27 GMT+0100 (CET);1573541787000;0;7.91;3.64
1380556889530408;4.9;27.5;Tue Nov 12 2019 07:58:23 GMT+0100 (CET);Tue Nov 12 2019 06:58:23 GMT+0100 (CET);1573541903000;0;8.29;3.67
1380556889530408;4.9;25.3;Tue Nov 12 2019 08:00:16 GMT+0100 (CET);Tue Nov 12 2019 07:00:16 GMT+0100 (CET);1573542016000;0;8.79;3.68
1380556889530408;4.9;24.7;Tue Nov 12 2019 08:02:16 GMT+0100 (CET);Tue Nov 12 2019 07:02:16 GMT+0100 (CET);1573542136000;0;9.86;3.71
1380556889530408;4.9;25.8;Tue Nov 12 2019 08:04:11 GMT+0100 (CET);Tue Nov 12 2019 07:04:11 GMT+0100 (CET);1573542251000;0;10.87;3.72
1380556889530408;4.9;26.5;Tue Nov 12 2019 08:06:39 GMT+0100 (CET);Tue Nov 12 2019 07:06:39 GMT+0100 (CET);1573542399000;0;11.45;3.76
1380556889530408;2.8;27.1;Tue Nov 12 2019 08:08:36 GMT+0100 (CET);Tue Nov 12 2019 07:08:36 GMT+0100 (CET);1573542516000;0;11.99;3.78
1380556889530408;2.8;27.3;Tue Nov 12 2019 08:10:29 GMT+0100 (CET);Tue Nov 12 2019 07:10:29 GMT+0100 (CET);1573542629000;0;12.64;3.81
1380556889530408;2.8;27.1;Tue Nov 12 2019 08:12:22 GMT+0100 (CET);Tue Nov 12 2019 07:12:22 GMT+0100 (CET);1573542742000;0.06;13.28;3.82
1380556889530408;2.8;28.2;Tue Nov 12 2019 08:14:32 GMT+0100 (CET);Tue Nov 12 2019 07:14:32 GMT+0100 (CET);1573542872000;0.07;13.82;3.84
1380556889530408;2.8;28.4;Tue Nov 12 2019 08:16:25 GMT+0100 (CET);Tue Nov 12 2019 07:16:25 GMT+0100 (CET);1573542985000;0;13.57;3.85
1380556889530408;2.8;28.3;Tue Nov 12 2019 08:18:18 GMT+0100 (CET);Tue Nov 12 2019 07:18:18 GMT+0100 (CET);1573543098000;0;12.36;3.86
1380556889530408;2.8;28.1;Tue Nov 12 2019 08:20:13 GMT+0100 (CET);Tue Nov 12 2019 07:20:13 GMT+0100 (CET);1573543213000;0;12.09;3.87
1380556889530408;3.4;27.7;Tue Nov 12 2019 08:22:17 GMT+0100 (CET);Tue Nov 12 2019 07:22:17 GMT+0100 (CET);1573543337000;0;12.43;3.89
1380556889530408;3.4;27.7;Tue Nov 12 2019 08:24:17 GMT+0100 (CET);Tue Nov 12 2019 07:24:17 GMT+0100 (CET);1573543457000;0;13.41;3.89
1380556889530408;3.4;26.9;Tue Nov 12 2019 08:26:09 GMT+0100 (CET);Tue Nov 12 2019 07:26:09 GMT+0100 (CET);1573543569000;0.06;13.43;3.88
1380556889530408;2.8;27.4;Tue Nov 12 2019 08:28:03 GMT+0100 (CET);Tue Nov 12 2019 07:28:03 GMT+0100 (CET);1573543683000;0.06;13.71;3.89
1380556889530408;2.8;28.6;Tue Nov 12 2019 08:30:09 GMT+0100 (CET);Tue Nov 12 2019 07:30:09 GMT+0100 (CET);1573543809000;0;14.54;3.91
1380556889530408;3.4;29.2;Tue Nov 12 2019 08:32:09 GMT+0100 (CET);Tue Nov 12 2019 07:32:09 GMT+0100 (CET);1573543929000;0.07;15.83;3.92
1380556889530408;3.4;29.4;Tue Nov 12 2019 08:34:05 GMT+0100 (CET);Tue Nov 12 2019 07:34:05 GMT+0100 (CET);1573544045000;0.07;17.15;3.95
1380556889530408;3.4;29.4;Tue Nov 12 2019 08:35:58 GMT+0100 (CET);Tue Nov 12 2019 07:35:58 GMT+0100 (CET);1573544158000;0.07;17.61;3.96
1380556889530408;3.9;30.9;Tue Nov 12 2019 08:37:50 GMT+0100 (CET);Tue Nov 12 2019 07:37:50 GMT+0100 (CET);1573544270000;0.08;19.04;3.96
1380556889530408;3.9;30.9;Tue Nov 12 2019 08:39:50 GMT+0100 (CET);Tue Nov 12 2019 07:39:50 GMT+0100 (CET);1573544390000;0.1;22.51;3.99
1380556889530408;4.9;31.2;Tue Nov 12 2019 08:41:52 GMT+0100 (CET);Tue Nov 12 2019 07:41:52 GMT+0100 (CET);1573544512000;0.11;24.18;4
1380556889530408;4.9;31.2;Tue Nov 12 2019 08:43:48 GMT+0100 (CET);Tue Nov 12 2019 07:43:48 GMT+0100 (CET);1573544628000;0.12;26.39;4.01
1380556889530408;4.9;32;Tue Nov 12 2019 08:45:43 GMT+0100 (CET);Tue Nov 12 2019 07:45:43 GMT+0100 (CET);1573544743000;0.12;27.24;4.03
1380556889530408;5.4;31.8;Tue Nov 12 2019 08:47:37 GMT+0100 (CET);Tue Nov 12 2019 07:47:37 GMT+0100 (CET);1573544857000;0.13;29.47;4.06
1380556889530408;5.4;31.8;Tue Nov 12 2019 08:49:30 GMT+0100 (CET);Tue Nov 12 2019 07:49:30 GMT+0100 (CET);1573544970000;0.15;34.38;4.07
1380556889530408;5.4;32.2;Tue Nov 12 2019 08:51:38 GMT+0100 (CET);Tue Nov 12 2019 07:51:38 GMT+0100 (CET);1573545098000;0.18;38;4.1
1380556889530408;5.4;33.1;Tue Nov 12 2019 08:53:38 GMT+0100 (CET);Tue Nov 12 2019 07:53:38 GMT+0100 (CET);1573545218000;0.19;40.52;4.13
1380556889530408;5.4;33.3;Tue Nov 12 2019 08:55:31 GMT+0100 (CET);Tue Nov 12 2019 07:55:31 GMT+0100 (CET);1573545331000;0.2;43.29;4.16
1380556889530408;5.4;33.3;Tue Nov 12 2019 08:57:31 GMT+0100 (CET);Tue Nov 12 2019 07:57:31 GMT+0100 (CET);1573545451000;0.23;48.97;4.19
1380556889530408;5.4;33.6;Tue Nov 12 2019 08:59:24 GMT+0100 (CET);Tue Nov 12 2019 07:59:24 GMT+0100 (CET);1573545564000;0.25;53.73;4.23
1380556889530408;6.9;33.4;Tue Nov 12 2019 09:01:17 GMT+0100 (CET);Tue Nov 12 2019 08:01:17 GMT+0100 (CET);1573545677000;0.28;57.43;4.28
1380556889530408;6.9;33.7;Tue Nov 12 2019 09:03:11 GMT+0100 (CET);Tue Nov 12 2019 08:03:11 GMT+0100 (CET);1573545791000;0.29;62.64;4.33
1380556889530408;7.4;34;Tue Nov 12 2019 09:05:05 GMT+0100 (CET);Tue Nov 12 2019 08:05:05 GMT+0100 (CET);1573545905000;0.33;69.92;4.38
1380556889530408;7.4;34;Tue Nov 12 2019 09:07:09 GMT+0100 (CET);Tue Nov 12 2019 08:07:09 GMT+0100 (CET);1573546029000;0.38;79.54;4.46
1380556889530408;7.4;34.5;Tue Nov 12 2019 09:09:07 GMT+0100 (CET);Tue Nov 12 2019 08:09:07 GMT+0100 (CET);1573546147000;0.41;85.91;4.54
1380556889530408;7.4;34.6;Tue Nov 12 2019 09:11:04 GMT+0100 (CET);Tue Nov 12 2019 08:11:04 GMT+0100 (CET);1573546264000;0.43;91.74;4.6
1380556889530408;7.4;35.6;Tue Nov 12 2019 09:12:57 GMT+0100 (CET);Tue Nov 12 2019 08:12:57 GMT+0100 (CET);1573546377000;0.45;96.14;4.69
1380556889530408;8.9;35.7;Tue Nov 12 2019 09:14:50 GMT+0100 (CET);Tue Nov 12 2019 08:14:50 GMT+0100 (CET);1573546490000;0.46;100.09;4.78
1380556889530408;8.9;35.7;Tue Nov 12 2019 09:16:47 GMT+0100 (CET);Tue Nov 12 2019 08:16:47 GMT+0100 (CET);1573546607000;0.48;103.38;4.85
1380556889530408;8.9;35.6;Tue Nov 12 2019 09:18:41 GMT+0100 (CET);Tue Nov 12 2019 08:18:41 GMT+0100 (CET);1573546721000;0.46;99.08;4.91
1380556889530408;9.4;35.6;Tue Nov 12 2019 09:20:34 GMT+0100 (CET);Tue Nov 12 2019 08:20:34 GMT+0100 (CET);1573546834000;0.43;94.21;4.97
1380556889530408;9.4;35.4;Tue Nov 12 2019 09:22:38 GMT+0100 (CET);Tue Nov 12 2019 08:22:38 GMT+0100 (CET);1573546958000;0.42;91.95;5.02
1380556889530408;9.4;35.2;Tue Nov 12 2019 09:24:58 GMT+0100 (CET);Tue Nov 12 2019 08:24:58 GMT+0100 (CET);1573547098000;0.42;91.82;5.06
1380556889530408;9.4;35.2;Tue Nov 12 2019 09:26:54 GMT+0100 (CET);Tue Nov 12 2019 08:26:54 GMT+0100 (CET);1573547214000;0.43;93.95;5.1
1380556889530408;9.4;35.2;Tue Nov 12 2019 09:28:48 GMT+0100 (CET);Tue Nov 12 2019 08:28:48 GMT+0100 (CET);1573547328000;0.43;93.57;5.14
1380556889530408;9.4;35.2;Tue Nov 12 2019 09:30:41 GMT+0100 (CET);Tue Nov 12 2019 08:30:41 GMT+0100 (CET);1573547441000;0.41;89.61;5.16
1380556889530408;9.4;35;Tue Nov 12 2019 09:32:35 GMT+0100 (CET);Tue Nov 12 2019 08:32:35 GMT+0100 (CET);1573547555000;0.39;84.66;5.17
1380556889530408;9.4;35;Tue Nov 12 2019 09:34:27 GMT+0100 (CET);Tue Nov 12 2019 08:34:27 GMT+0100 (CET);1573547667000;0.36;78.18;5.17
1380556889530408;9.4;35;Tue Nov 12 2019 09:36:20 GMT+0100 (CET);Tue Nov 12 2019 08:36:20 GMT+0100 (CET);1573547780000;0.32;70.8;5.14
1380556889530408;10.9;34.8;Tue Nov 12 2019 09:38:13 GMT+0100 (CET);Tue Nov 12 2019 08:38:13 GMT+0100 (CET);1573547893000;0.32;69.45;5.11
1380556889530408;10.9;34.1;Tue Nov 12 2019 09:40:32 GMT+0100 (CET);Tue Nov 12 2019 08:40:32 GMT+0100 (CET);1573548032000;0.35;75.48;5.11
1380556889530408;10.9;33.9;Tue Nov 12 2019 09:42:24 GMT+0100 (CET);Tue Nov 12 2019 08:42:24 GMT+0100 (CET);1573548144000;0.34;72.28;5.11
1380556889530408;9.4;33.9;Tue Nov 12 2019 09:44:25 GMT+0100 (CET);Tue Nov 12 2019 08:44:25 GMT+0100 (CET);1573548265000;0.32;67.86;5.11
1380556889530408;9.4;33.7;Tue Nov 12 2019 09:46:18 GMT+0100 (CET);Tue Nov 12 2019 08:46:18 GMT+0100 (CET);1573548378000;0.36;76.52;5.1
1380556889530408;9.4;34;Tue Nov 12 2019 09:48:37 GMT+0100 (CET);Tue Nov 12 2019 08:48:37 GMT+0100 (CET);1573548517000;0.39;82.79;5.13
1380556889530408;9.4;35.1;Tue Nov 12 2019 09:50:30 GMT+0100 (CET);Tue Nov 12 2019 08:50:30 GMT+0100 (CET);1573548630000;0.4;86.72;5.17
1380556889530408;10.9;35;Tue Nov 12 2019 09:52:22 GMT+0100 (CET);Tue Nov 12 2019 08:52:22 GMT+0100 (CET);1573548742000;0.42;91.23;5.18
1380556889530408;10.9;35.3;Tue Nov 12 2019 09:54:37 GMT+0100 (CET);Tue Nov 12 2019 08:54:37 GMT+0100 (CET);1573548877000;0.44;94.23;5.22
1380556889530408;10.9;35.3;Tue Nov 12 2019 09:56:33 GMT+0100 (CET);Tue Nov 12 2019 08:56:33 GMT+0100 (CET);1573548993000;0.43;90.93;5.28
1380556889530408;10.9;35.2;Tue Nov 12 2019 09:58:36 GMT+0100 (CET);Tue Nov 12 2019 08:58:36 GMT+0100 (CET);1573549116000;0.4;85.35;5.32
1380556889530408;10.9;35.1;Tue Nov 12 2019 10:00:29 GMT+0100 (CET);Tue Nov 12 2019 09:00:29 GMT+0100 (CET);1573549229000;0.4;85.12;5.33
1380556889530408;10.9;35;Tue Nov 12 2019 10:02:38 GMT+0100 (CET);Tue Nov 12 2019 09:02:38 GMT+0100 (CET);1573549358000;0.43;90.22;5.34
1380556889530408;10.9;35;Tue Nov 12 2019 10:04:31 GMT+0100 (CET);Tue Nov 12 2019 09:04:31 GMT+0100 (CET);1573549471000;0.47;100.52;5.37
1380556889530408;10.9;34.9;Tue Nov 12 2019 10:06:23 GMT+0100 (CET);Tue Nov 12 2019 09:06:23 GMT+0100 (CET);1573549583000;0.51;107.87;5.39
1380556889530408;10.9;35.6;Tue Nov 12 2019 10:08:30 GMT+0100 (CET);Tue Nov 12 2019 09:08:30 GMT+0100 (CET);1573549710000;0.51;110.09;5.4
1380556889530408;10.9;35.6;Tue Nov 12 2019 10:10:23 GMT+0100 (CET);Tue Nov 12 2019 09:10:23 GMT+0100 (CET);1573549823000;0.53;113.53;5.49
1380556889530408;10.9;35.6;Tue Nov 12 2019 10:12:24 GMT+0100 (CET);Tue Nov 12 2019 09:12:24 GMT+0100 (CET);1573549944000;0.54;115.58;5.57
1380556889530408;10.9;35.5;Tue Nov 12 2019 10:14:25 GMT+0100 (CET);Tue Nov 12 2019 09:14:25 GMT+0100 (CET);1573550065000;0.55;117.55;5.64
1380556889530408;11.4;35.7;Tue Nov 12 2019 10:16:18 GMT+0100 (CET);Tue Nov 12 2019 09:16:18 GMT+0100 (CET);1573550178000;0.56;120.21;5.69
1380556889530408;11.4;35.7;Tue Nov 12 2019 10:18:12 GMT+0100 (CET);Tue Nov 12 2019 09:18:12 GMT+0100 (CET);1573550292000;0.56;119.34;5.73
1380556889530408;11.4;35.7;Tue Nov 12 2019 10:20:06 GMT+0100 (CET);Tue Nov 12 2019 09:20:06 GMT+0100 (CET);1573550406000;0.58;124.13;5.74
1380556889530408;11.4;35.7;Tue Nov 12 2019 10:22:06 GMT+0100 (CET);Tue Nov 12 2019 09:22:06 GMT+0100 (CET);1573550526000;0.57;122.7;5.78
1380556889530408;11.4;35.6;Tue Nov 12 2019 10:23:59 GMT+0100 (CET);Tue Nov 12 2019 09:23:59 GMT+0100 (CET);1573550639000;0.54;114.37;5.85
1380556889530408;11.4;35.6;Tue Nov 12 2019 10:25:52 GMT+0100 (CET);Tue Nov 12 2019 09:25:52 GMT+0100 (CET);1573550752000;0.53;113.66;5.9
1380556889530408;11.4;35.6;Tue Nov 12 2019 10:27:48 GMT+0100 (CET);Tue Nov 12 2019 09:27:48 GMT+0100 (CET);1573550868000;0.54;115.07;5.9
1380556889530408;11.4;35.6;Tue Nov 12 2019 10:29:41 GMT+0100 (CET);Tue Nov 12 2019 09:29:41 GMT+0100 (CET);1573550981000;0.52;109.53;5.9
1380556889530408;11.4;35.5;Tue Nov 12 2019 10:31:35 GMT+0100 (CET);Tue Nov 12 2019 09:31:35 GMT+0100 (CET);1573551095000;0.5;106.34;5.89
1380556889530408;11.4;35.7;Tue Nov 12 2019 10:33:29 GMT+0100 (CET);Tue Nov 12 2019 09:33:29 GMT+0100 (CET);1573551209000;0.54;115.67;5.94
1380556889530408;11.4;36;Tue Nov 12 2019 10:35:26 GMT+0100 (CET);Tue Nov 12 2019 09:35:26 GMT+0100 (CET);1573551326000;0.66;139.65;5.97
1380556889530408;11.4;36.3;Tue Nov 12 2019 10:37:37 GMT+0100 (CET);Tue Nov 12 2019 09:37:37 GMT+0100 (CET);1573551457000;0.75;159.12;6.08
1380556889530408;12.9;36.1;Tue Nov 12 2019 10:39:30 GMT+0100 (CET);Tue Nov 12 2019 09:39:30 GMT+0100 (CET);1573551570000;0.73;158.18;6.18
1380556889530408;12.9;36.3;Tue Nov 12 2019 10:41:23 GMT+0100 (CET);Tue Nov 12 2019 09:41:23 GMT+0100 (CET);1573551683000;0.73;157.16;6.28
1380556889530408;12.9;35.9;Tue Nov 12 2019 10:43:16 GMT+0100 (CET);Tue Nov 12 2019 09:43:16 GMT+0100 (CET);1573551796000;0.71;148.01;6.41
1380556889530408;12.9;35.8;Tue Nov 12 2019 10:45:09 GMT+0100 (CET);Tue Nov 12 2019 09:45:09 GMT+0100 (CET);1573551909000;0.69;146.39;6.47
1380556889530408;12.9;36;Tue Nov 12 2019 10:47:08 GMT+0100 (CET);Tue Nov 12 2019 09:47:08 GMT+0100 (CET);1573552028000;0.77;165.38;6.53
1380556889530408;12.9;36;Tue Nov 12 2019 10:49:03 GMT+0100 (CET);Tue Nov 12 2019 09:49:03 GMT+0100 (CET);1573552143000;0.76;160.26;6.57
1380556889530408;12.9;36.1;Tue Nov 12 2019 10:51:15 GMT+0100 (CET);Tue Nov 12 2019 09:51:15 GMT+0100 (CET);1573552275000;0.82;172.57;6.67
1380556889530408;12.9;36;Tue Nov 12 2019 10:53:07 GMT+0100 (CET);Tue Nov 12 2019 09:53:07 GMT+0100 (CET);1573552387000;0.79;168.13;6.76
1380556889530408;12.9;36;Tue Nov 12 2019 10:55:01 GMT+0100 (CET);Tue Nov 12 2019 09:55:01 GMT+0100 (CET);1573552501000;0.78;165.92;6.85
1380556889530408;12.9;35.9;Tue Nov 12 2019 10:56:54 GMT+0100 (CET);Tue Nov 12 2019 09:56:54 GMT+0100 (CET);1573552614000;0.75;159.11;6.83
1380556889530408;13.4;35.8;Tue Nov 12 2019 10:58:52 GMT+0100 (CET);Tue Nov 12 2019 09:58:52 GMT+0100 (CET);1573552732000;0.73;154.13;6.85
1380556889530408;13.4;35.8;Tue Nov 12 2019 11:00:46 GMT+0100 (CET);Tue Nov 12 2019 10:00:46 GMT+0100 (CET);1573552846000;0.67;143.46;6.88
1380556889530408;13.4;35.7;Tue Nov 12 2019 11:02:39 GMT+0100 (CET);Tue Nov 12 2019 10:02:39 GMT+0100 (CET);1573552959000;0.64;138.13;6.87
1380556889530408;13.4;35.7;Tue Nov 12 2019 11:04:36 GMT+0100 (CET);Tue Nov 12 2019 10:04:36 GMT+0100 (CET);1573553076000;0.63;133.37;6.85
1380556889530408;13.4;35.7;Tue Nov 12 2019 11:06:35 GMT+0100 (CET);Tue Nov 12 2019 10:06:35 GMT+0100 (CET);1573553195000;0.62;132.04;6.83
1380556889530408;12.9;35.8;Tue Nov 12 2019 11:08:30 GMT+0100 (CET);Tue Nov 12 2019 10:08:30 GMT+0100 (CET);1573553310000;0.66;138.34;6.81
1380556889530408;12.9;35.8;Tue Nov 12 2019 11:10:23 GMT+0100 (CET);Tue Nov 12 2019 10:10:23 GMT+0100 (CET);1573553423000;0.69;147.15;6.85
1380556889530408;13.4;35.8;Tue Nov 12 2019 11:12:20 GMT+0100 (CET);Tue Nov 12 2019 10:12:20 GMT+0100 (CET);1573553540000;0.67;141.3;6.91
1380556889530408;13.4;35.8;Tue Nov 12 2019 11:14:16 GMT+0100 (CET);Tue Nov 12 2019 10:14:16 GMT+0100 (CET);1573553656000;0.66;140.33;6.97
1380556889530408;13.4;35.7;Tue Nov 12 2019 11:16:10 GMT+0100 (CET);Tue Nov 12 2019 10:16:10 GMT+0100 (CET);1573553770000;0.67;141.01;7.02
1380556889530408;13.4;35.6;Tue Nov 12 2019 11:18:03 GMT+0100 (CET);Tue Nov 12 2019 10:18:03 GMT+0100 (CET);1573553883000;0.67;142.53;7.07
1380556889530408;13.4;35.8;Tue Nov 12 2019 11:20:02 GMT+0100 (CET);Tue Nov 12 2019 10:20:02 GMT+0100 (CET);1573554002000;0.68;143.44;7.07
1380556889530408;13.4;35.7;Tue Nov 12 2019 11:21:59 GMT+0100 (CET);Tue Nov 12 2019 10:21:59 GMT+0100 (CET);1573554119000;0.69;146.92;7.03
1380556889530408;13.4;35.8;Tue Nov 12 2019 11:23:58 GMT+0100 (CET);Tue Nov 12 2019 10:23:58 GMT+0100 (CET);1573554238000;0.71;150.09;7.03
1380556889530408;13.4;35.8;Tue Nov 12 2019 11:25:51 GMT+0100 (CET);Tue Nov 12 2019 10:25:51 GMT+0100 (CET);1573554351000;0.7;148.96;7.04
1380556889530408;13.4;35.7;Tue Nov 12 2019 11:27:49 GMT+0100 (CET);Tue Nov 12 2019 10:27:49 GMT+0100 (CET);1573554469000;0.61;128.21;7.02
1380556889530408;13.4;35.3;Tue Nov 12 2019 11:29:48 GMT+0100 (CET);Tue Nov 12 2019 10:29:48 GMT+0100 (CET);1573554588000;0.55;116.76;6.97
1380556889530408;13.4;35.2;Tue Nov 12 2019 11:31:41 GMT+0100 (CET);Tue Nov 12 2019 10:31:41 GMT+0100 (CET);1573554701000;0.54;113.88;6.92
1380556889530408;13.4;35.2;Tue Nov 12 2019 11:33:54 GMT+0100 (CET);Tue Nov 12 2019 10:33:54 GMT+0100 (CET);1573554834000;0.53;111.77;6.92
1380556889530408;13.4;35.2;Tue Nov 12 2019 11:35:47 GMT+0100 (CET);Tue Nov 12 2019 10:35:47 GMT+0100 (CET);1573554947000;0.52;110.62;6.97
1380556889530408;13.4;35.2;Tue Nov 12 2019 11:37:54 GMT+0100 (CET);Tue Nov 12 2019 10:37:54 GMT+0100 (CET);1573555074000;0.46;97.41;7
1380556889530408;13.4;35.1;Tue Nov 12 2019 11:39:47 GMT+0100 (CET);Tue Nov 12 2019 10:39:47 GMT+0100 (CET);1573555187000;0.45;95.39;6.99
1380556889530408;13.4;34.5;Tue Nov 12 2019 11:41:52 GMT+0100 (CET);Tue Nov 12 2019 10:41:52 GMT+0100 (CET);1573555312000;0.54;115.16;7.04
1380556889530408;13.4;35.5;Tue Nov 12 2019 11:43:45 GMT+0100 (CET);Tue Nov 12 2019 10:43:45 GMT+0100 (CET);1573555425000;0.61;130.61;7.1
1380556889530408;12.9;35.6;Tue Nov 12 2019 11:45:44 GMT+0100 (CET);Tue Nov 12 2019 10:45:44 GMT+0100 (CET);1573555544000;0.61;128.52;7.18
1380556889530408;12.9;35.5;Tue Nov 12 2019 11:48:00 GMT+0100 (CET);Tue Nov 12 2019 10:48:00 GMT+0100 (CET);1573555680000;0.58;123.71;7.25
1380556889530408;13.4;35.5;Tue Nov 12 2019 11:49:53 GMT+0100 (CET);Tue Nov 12 2019 10:49:53 GMT+0100 (CET);1573555793000;0.61;129.95;7.35
1380556889530408;13.4;35.6;Tue Nov 12 2019 11:51:58 GMT+0100 (CET);Tue Nov 12 2019 10:51:58 GMT+0100 (CET);1573555918000;0.64;138.35;7.48
1380556889530408;13.4;35.7;Tue Nov 12 2019 11:54:05 GMT+0100 (CET);Tue Nov 12 2019 10:54:05 GMT+0100 (CET);1573556045000;0.71;153.73;7.54
1380556889530408;13.4;35.8;Tue Nov 12 2019 11:55:58 GMT+0100 (CET);Tue Nov 12 2019 10:55:58 GMT+0100 (CET);1573556158000;0.77;165.73;7.6
1380556889530408;13.4;35.9;Tue Nov 12 2019 11:57:56 GMT+0100 (CET);Tue Nov 12 2019 10:57:56 GMT+0100 (CET);1573556276000;0.75;163.14;7.69
1380556889530408;13.4;35.6;Tue Nov 12 2019 11:59:52 GMT+0100 (CET);Tue Nov 12 2019 10:59:52 GMT+0100 (CET);1573556392000;0.69;149.68;7.75
1380556889530408;13.4;35.6;Tue Nov 12 2019 12:01:46 GMT+0100 (CET);Tue Nov 12 2019 11:01:46 GMT+0100 (CET);1573556506000;0.71;156.14;7.8
1380556889530408;13.4;35.7;Tue Nov 12 2019 12:03:45 GMT+0100 (CET);Tue Nov 12 2019 11:03:45 GMT+0100 (CET);1573556625000;0.77;166.54;7.87
1380556889530408;13.4;35.8;Tue Nov 12 2019 12:05:43 GMT+0100 (CET);Tue Nov 12 2019 11:05:43 GMT+0100 (CET);1573556743000;0.81;175.71;7.93
1380556889530408;14.4;35.8;Tue Nov 12 2019 12:07:40 GMT+0100 (CET);Tue Nov 12 2019 11:07:40 GMT+0100 (CET);1573556860000;0.8;172.91;7.96
1380556889530408;14.4;35.8;Tue Nov 12 2019 12:10:18 GMT+0100 (CET);Tue Nov 12 2019 11:10:18 GMT+0100 (CET);1573557018000;0.8;173.48;8.02
1380556889530408;14.4;35.8;Tue Nov 12 2019 12:12:21 GMT+0100 (CET);Tue Nov 12 2019 11:12:21 GMT+0100 (CET);1573557141000;0.84;183.99;8.03
1380556889530408;14.4;35.9;Tue Nov 12 2019 12:14:19 GMT+0100 (CET);Tue Nov 12 2019 11:14:19 GMT+0100 (CET);1573557259000;0.91;199.86;8.08
1380556889530408;14.4;36;Tue Nov 12 2019 12:16:21 GMT+0100 (CET);Tue Nov 12 2019 11:16:21 GMT+0100 (CET);1573557381000;0.92;203.72;8.12
1380556889530408;14.4;35.9;Tue Nov 12 2019 12:18:17 GMT+0100 (CET);Tue Nov 12 2019 11:18:17 GMT+0100 (CET);1573557497000;0.82;183.12;8.15
1380556889530408;14.4;35.7;Tue Nov 12 2019 12:20:14 GMT+0100 (CET);Tue Nov 12 2019 11:20:14 GMT+0100 (CET);1573557614000;0.79;175.87;8.14
1380556889530408;14.4;35.8;Tue Nov 12 2019 12:22:12 GMT+0100 (CET);Tue Nov 12 2019 11:22:12 GMT+0100 (CET);1573557732000;0.78;172.8;8.08
1380556889530408;14.4;35.8;Tue Nov 12 2019 12:24:16 GMT+0100 (CET);Tue Nov 12 2019 11:24:16 GMT+0100 (CET);1573557856000;0.78;178.19;8.09
1380556889530408;14.4;36;Tue Nov 12 2019 12:26:27 GMT+0100 (CET);Tue Nov 12 2019 11:26:27 GMT+0100 (CET);1573557987000;0.88;194.43;8.16
1380556889530408;14.4;36;Tue Nov 12 2019 12:28:20 GMT+0100 (CET);Tue Nov 12 2019 11:28:20 GMT+0100 (CET);1573558100000;0.89;197.94;8.2
1380556889530408;14.4;36.1;Tue Nov 12 2019 12:30:14 GMT+0100 (CET);Tue Nov 12 2019 11:30:14 GMT+0100 (CET);1573558214000;0.95;211.83;8.26
1380556889530408;14.4;36.2;Tue Nov 12 2019 12:32:23 GMT+0100 (CET);Tue Nov 12 2019 11:32:23 GMT+0100 (CET);1573558343000;1.11;238.99;8.39
1380556889530408;14.4;36.2;Tue Nov 12 2019 12:34:18 GMT+0100 (CET);Tue Nov 12 2019 11:34:18 GMT+0100 (CET);1573558458000;1.14;252.6;8.53
1380556889530408;14.4;36;Tue Nov 12 2019 12:36:11 GMT+0100 (CET);Tue Nov 12 2019 11:36:11 GMT+0100 (CET);1573558571000;0.79;170.57;8.64
1380556889530408;14.4;35.5;Tue Nov 12 2019 12:38:04 GMT+0100 (CET);Tue Nov 12 2019 11:38:04 GMT+0100 (CET);1573558684000;0.81;187.41;8.66
1380556889530408;14.4;36.1;Tue Nov 12 2019 12:40:03 GMT+0100 (CET);Tue Nov 12 2019 11:40:03 GMT+0100 (CET);1573558803000;1.05;230.34;8.71
1380556889530408;17;35.8;Tue Nov 12 2019 12:42:02 GMT+0100 (CET);Tue Nov 12 2019 11:42:02 GMT+0100 (CET);1573558922000;0.89;190.91;8.79
1380556889530408;17;35.6;Tue Nov 12 2019 12:43:55 GMT+0100 (CET);Tue Nov 12 2019 11:43:55 GMT+0100 (CET);1573559035000;0.88;187.02;8.77
1380556889530408;17;35.6;Tue Nov 12 2019 12:45:48 GMT+0100 (CET);Tue Nov 12 2019 11:45:48 GMT+0100 (CET);1573559148000;0.78;168.58;8.7
1380556889530408;17;35.4;Tue Nov 12 2019 12:47:41 GMT+0100 (CET);Tue Nov 12 2019 11:47:41 GMT+0100 (CET);1573559261000;0.72;154.48;8.64
1380556889530408;17;35.4;Tue Nov 12 2019 12:49:34 GMT+0100 (CET);Tue Nov 12 2019 11:49:34 GMT+0100 (CET);1573559374000;0.68;143.67;8.63
1380556889530408;14.4;35.2;Tue Nov 12 2019 12:51:32 GMT+0100 (CET);Tue Nov 12 2019 11:51:32 GMT+0100 (CET);1573559492000;0.64;135.64;8.53
1380556889530408;14.4;35.3;Tue Nov 12 2019 12:53:27 GMT+0100 (CET);Tue Nov 12 2019 11:53:27 GMT+0100 (CET);1573559607000;0.64;135.31;8.46
1380556889530408;14.4;35.2;Tue Nov 12 2019 12:55:21 GMT+0100 (CET);Tue Nov 12 2019 11:55:21 GMT+0100 (CET);1573559721000;0.57;121.95;8.41
1380556889530408;14.4;35.2;Tue Nov 12 2019 12:57:18 GMT+0100 (CET);Tue Nov 12 2019 11:57:18 GMT+0100 (CET);1573559838000;0.64;134.5;8.4
1380556889530408;14.4;35.4;Tue Nov 12 2019 12:59:17 GMT+0100 (CET);Tue Nov 12 2019 11:59:17 GMT+0100 (CET);1573559957000;0.67;141.78;8.35
1380556889530408;14.4;35.3;Tue Nov 12 2019 13:01:10 GMT+0100 (CET);Tue Nov 12 2019 12:01:10 GMT+0100 (CET);1573560070000;0.6;128.65;8.32
1380556889530408;14.4;35.2;Tue Nov 12 2019 13:03:07 GMT+0100 (CET);Tue Nov 12 2019 12:03:07 GMT+0100 (CET);1573560187000;0.61;128.86;8.28
1380556889530408;14.4;35.2;Tue Nov 12 2019 13:05:15 GMT+0100 (CET);Tue Nov 12 2019 12:05:15 GMT+0100 (CET);1573560315000;0.58;123.18;8.19
1380556889530408;14.4;35.1;Tue Nov 12 2019 13:07:11 GMT+0100 (CET);Tue Nov 12 2019 12:07:11 GMT+0100 (CET);1573560431000;0.55;117.63;8.13
1380556889530408;14.4;35.1;Tue Nov 12 2019 13:09:11 GMT+0100 (CET);Tue Nov 12 2019 12:09:11 GMT+0100 (CET);1573560551000;0.56;117.75;8.1
1380556889530408;14.4;35.2;Tue Nov 12 2019 13:11:04 GMT+0100 (CET);Tue Nov 12 2019 12:11:04 GMT+0100 (CET);1573560664000;0.57;120.7;8.1
1380556889530408;14.4;35.3;Tue Nov 12 2019 13:12:59 GMT+0100 (CET);Tue Nov 12 2019 12:12:59 GMT+0100 (CET);1573560779000;0.6;126.86;8.06
1380556889530408;14.4;35.2;Tue Nov 12 2019 13:14:52 GMT+0100 (CET);Tue Nov 12 2019 12:14:52 GMT+0100 (CET);1573560892000;0.57;120.73;8.03
1380556889530408;14.4;35.2;Tue Nov 12 2019 13:16:47 GMT+0100 (CET);Tue Nov 12 2019 12:16:47 GMT+0100 (CET);1573561007000;0.58;122;7.98
1380556889530408;14.4;35.3;Tue Nov 12 2019 13:18:40 GMT+0100 (CET);Tue Nov 12 2019 12:18:40 GMT+0100 (CET);1573561120000;0.56;116.71;7.95
1380556889530408;14.4;35.2;Tue Nov 12 2019 13:20:46 GMT+0100 (CET);Tue Nov 12 2019 12:20:46 GMT+0100 (CET);1573561246000;0.54;113.6;7.92
1380556889530408;14.4;35.3;Tue Nov 12 2019 13:23:02 GMT+0100 (CET);Tue Nov 12 2019 12:23:02 GMT+0100 (CET);1573561382000;0.6;128.02;7.89
1380556889530408;13.4;35.4;Tue Nov 12 2019 13:24:55 GMT+0100 (CET);Tue Nov 12 2019 12:24:55 GMT+0100 (CET);1573561495000;0.58;122.1;7.94
1380556889530408;13.4;35.2;Tue Nov 12 2019 13:28:56 GMT+0100 (CET);Tue Nov 12 2019 12:28:56 GMT+0100 (CET);1573561736000;0.55;115.79;7.96
1380556889530408;13.4;35.3;Tue Nov 12 2019 13:30:53 GMT+0100 (CET);Tue Nov 12 2019 12:30:53 GMT+0100 (CET);1573561853000;0.54;113.69;7.96
1380556889530408;13.4;35.3;Tue Nov 12 2019 13:32:47 GMT+0100 (CET);Tue Nov 12 2019 12:32:47 GMT+0100 (CET);1573561967000;0.53;110.54;7.94
1380556889530408;13.4;35.3;Tue Nov 12 2019 13:35:17 GMT+0100 (CET);Tue Nov 12 2019 12:35:17 GMT+0100 (CET);1573562117000;0.61;130.31;7.96
1380556889530408;13.4;35.6;Tue Nov 12 2019 13:37:28 GMT+0100 (CET);Tue Nov 12 2019 12:37:28 GMT+0100 (CET);1573562248000;0.65;139.38;8
1380556889530408;13.4;35.6;Tue Nov 12 2019 13:39:30 GMT+0100 (CET);Tue Nov 12 2019 12:39:30 GMT+0100 (CET);1573562370000;0.66;139.33;8.03
1380556889530408;13.4;35.6;Tue Nov 12 2019 13:41:24 GMT+0100 (CET);Tue Nov 12 2019 12:41:24 GMT+0100 (CET);1573562484000;0.64;135.15;8.05
1380556889530408;13.4;35.4;Tue Nov 12 2019 13:43:23 GMT+0100 (CET);Tue Nov 12 2019 12:43:23 GMT+0100 (CET);1573562603000;0.6;128.5;8.05
1380556889530408;13.4;35.4;Tue Nov 12 2019 13:45:16 GMT+0100 (CET);Tue Nov 12 2019 12:45:16 GMT+0100 (CET);1573562716000;0.61;131.47;8.07
1380556889530408;13.4;35.5;Tue Nov 12 2019 13:47:18 GMT+0100 (CET);Tue Nov 12 2019 12:47:18 GMT+0100 (CET);1573562838000;0.63;135.13;8.08
1380556889530408;13.4;35.5;Tue Nov 12 2019 13:49:19 GMT+0100 (CET);Tue Nov 12 2019 12:49:19 GMT+0100 (CET);1573562959000;0.67;143.5;8.14
1380556889530408;13.4;35.6;Tue Nov 12 2019 13:51:43 GMT+0100 (CET);Tue Nov 12 2019 12:51:43 GMT+0100 (CET);1573563103000;0.75;160.96;8.14
1380556889530408;13.4;35.8;Tue Nov 12 2019 13:53:50 GMT+0100 (CET);Tue Nov 12 2019 12:53:50 GMT+0100 (CET);1573563230000;0.71;155.94;8.17
1380556889530408;13.4;35.8;Tue Nov 12 2019 13:55:43 GMT+0100 (CET);Tue Nov 12 2019 12:55:43 GMT+0100 (CET);1573563343000;0.87;197.76;8.26
1380556889530408;14.4;35.8;Tue Nov 12 2019 13:57:36 GMT+0100 (CET);Tue Nov 12 2019 12:57:36 GMT+0100 (CET);1573563456000;0.76;163.86;8.34
1380556889530408;14.4;35.7;Tue Nov 12 2019 13:59:36 GMT+0100 (CET);Tue Nov 12 2019 12:59:36 GMT+0100 (CET);1573563576000;0.72;156.19;8.42
1380556889530408;14.4;35.7;Tue Nov 12 2019 14:01:29 GMT+0100 (CET);Tue Nov 12 2019 13:01:29 GMT+0100 (CET);1573563689000;0.69;151.84;8.45
1380556889530408;14.4;35.7;Tue Nov 12 2019 14:03:23 GMT+0100 (CET);Tue Nov 12 2019 13:03:23 GMT+0100 (CET);1573563803000;0.71;156.22;8.48
1380556889530408;14.4;35.7;Tue Nov 12 2019 14:05:29 GMT+0100 (CET);Tue Nov 12 2019 13:05:29 GMT+0100 (CET);1573563929000;0.74;162.29;8.51
1380556889530408;14.4;35.8;Tue Nov 12 2019 14:07:40 GMT+0100 (CET);Tue Nov 12 2019 13:07:40 GMT+0100 (CET);1573564060000;0.75;162.83;8.53
1380556889530408;14.4;35.7;Tue Nov 12 2019 14:09:38 GMT+0100 (CET);Tue Nov 12 2019 13:09:38 GMT+0100 (CET);1573564178000;0.71;154.85;8.5
1380556889530408;14.4;35.6;Tue Nov 12 2019 14:11:31 GMT+0100 (CET);Tue Nov 12 2019 13:11:31 GMT+0100 (CET);1573564291000;0.66;145.05;8.47
1380556889530408;14.4;35.6;Tue Nov 12 2019 14:13:26 GMT+0100 (CET);Tue Nov 12 2019 13:13:26 GMT+0100 (CET);1573564406000;0.64;139.72;8.41
1380556889530408;14.4;35.5;Tue Nov 12 2019 14:15:23 GMT+0100 (CET);Tue Nov 12 2019 13:15:23 GMT+0100 (CET);1573564523000;0.61;135.37;8.36
1380556889530408;14.4;35.9;Tue Nov 12 2019 14:17:17 GMT+0100 (CET);Tue Nov 12 2019 13:17:17 GMT+0100 (CET);1573564637000;0.7;162.87;8.34
1380556889530408;14.4;37.2;Tue Nov 12 2019 14:19:10 GMT+0100 (CET);Tue Nov 12 2019 13:19:10 GMT+0100 (CET);1573564750000;1.28;303.78;8.37
1380556889530408;14.4;37.4;Tue Nov 12 2019 14:21:15 GMT+0100 (CET);Tue Nov 12 2019 13:21:15 GMT+0100 (CET);1573564875000;1.48;313.97;8.94
1380556889530408;14.4;36.1;Tue Nov 12 2019 14:23:16 GMT+0100 (CET);Tue Nov 12 2019 13:23:16 GMT+0100 (CET);1573564996000;1.54;412.15;9.22
1380556889530408;17;36.7;Tue Nov 12 2019 14:25:20 GMT+0100 (CET);Tue Nov 12 2019 13:25:20 GMT+0100 (CET);1573565120000;0.82;184.69;9.41
1380556889530408;17;37.9;Tue Nov 12 2019 14:27:30 GMT+0100 (CET);Tue Nov 12 2019 13:27:30 GMT+0100 (CET);1573565250000;1.59;371.19;9.56
1380556889530408;17;36.2;Tue Nov 12 2019 14:29:23 GMT+0100 (CET);Tue Nov 12 2019 13:29:23 GMT+0100 (CET);1573565363000;1.31;274.13;10
1380556889530408;17;37.3;Tue Nov 12 2019 14:31:25 GMT+0100 (CET);Tue Nov 12 2019 13:31:25 GMT+0100 (CET);1573565485000;1.4;320.38;10.09
1380556889530408;17;35.4;Tue Nov 12 2019 14:33:18 GMT+0100 (CET);Tue Nov 12 2019 13:33:18 GMT+0100 (CET);1573565598000;0.61;137.5;10.08
1380556889530408;17;35.4;Tue Nov 12 2019 14:35:12 GMT+0100 (CET);Tue Nov 12 2019 13:35:12 GMT+0100 (CET);1573565712000;0.55;122.33;9.87
1380556889530408;17;35.4;Tue Nov 12 2019 14:37:10 GMT+0100 (CET);Tue Nov 12 2019 13:37:10 GMT+0100 (CET);1573565830000;0.45;101.6;9.53
1380556889530408;17;35.2;Tue Nov 12 2019 14:39:08 GMT+0100 (CET);Tue Nov 12 2019 13:39:08 GMT+0100 (CET);1573565948000;0.4;92.17;9.22
1380556889530408;17;35.3;Tue Nov 12 2019 14:41:03 GMT+0100 (CET);Tue Nov 12 2019 13:41:03 GMT+0100 (CET);1573566063000;0.48;110.58;8.87
1380556889530408;17;35.7;Tue Nov 12 2019 14:43:06 GMT+0100 (CET);Tue Nov 12 2019 13:43:06 GMT+0100 (CET);1573566186000;0.54;121.81;8.65
1380556889530408;14.4;35.4;Tue Nov 12 2019 14:45:30 GMT+0100 (CET);Tue Nov 12 2019 13:45:30 GMT+0100 (CET);1573566330000;0.42;95.96;8.39
1380556889530408;14.4;35;Tue Nov 12 2019 14:47:43 GMT+0100 (CET);Tue Nov 12 2019 13:47:43 GMT+0100 (CET);1573566463000;0.39;88.93;8.25
1380556889530408;14.4;35.1;Tue Nov 12 2019 14:49:39 GMT+0100 (CET);Tue Nov 12 2019 13:49:39 GMT+0100 (CET);1573566579000;0.4;91.06;8.16
1380556889530408;14.4;35.3;Tue Nov 12 2019 14:51:32 GMT+0100 (CET);Tue Nov 12 2019 13:51:32 GMT+0100 (CET);1573566692000;0.43;96.95;8.03
1380556889530408;14.4;35.2;Tue Nov 12 2019 14:53:57 GMT+0100 (CET);Tue Nov 12 2019 13:53:57 GMT+0100 (CET);1573566837000;0.48;108.57;7.97
1380556889530408;14.4;35.2;Tue Nov 12 2019 14:55:54 GMT+0100 (CET);Tue Nov 12 2019 13:55:54 GMT+0100 (CET);1573566954000;0.49;108.33;7.97
1380556889530408;14.4;35.2;Tue Nov 12 2019 14:57:50 GMT+0100 (CET);Tue Nov 12 2019 13:57:50 GMT+0100 (CET);1573567070000;0.53;115.2;8
1380556889530408;13.4;35.4;Tue Nov 12 2019 14:59:46 GMT+0100 (CET);Tue Nov 12 2019 13:59:46 GMT+0100 (CET);1573567186000;0.43;99.34;8
1380556889530408;13.4;36.2;Tue Nov 12 2019 15:01:59 GMT+0100 (CET);Tue Nov 12 2019 14:01:59 GMT+0100 (CET);1573567319000;0.48;114.21;8.08
1380556889530408;13.4;36.1;Tue Nov 12 2019 15:04:01 GMT+0100 (CET);Tue Nov 12 2019 14:04:01 GMT+0100 (CET);1573567441000;0.52;117.45;8.14
1380556889530408;13.4;35.6;Tue Nov 12 2019 15:05:54 GMT+0100 (CET);Tue Nov 12 2019 14:05:54 GMT+0100 (CET);1573567554000;0.35;79.84;8.15
1380556889530408;13.4;35.6;Tue Nov 12 2019 15:07:50 GMT+0100 (CET);Tue Nov 12 2019 14:07:50 GMT+0100 (CET);1573567670000;0.34;91.36;8.09
1380556889530408;13.4;36.4;Tue Nov 12 2019 15:10:14 GMT+0100 (CET);Tue Nov 12 2019 14:10:14 GMT+0100 (CET);1573567814000;0.34;85.25;8.03
1380556889530408;13.4;36.6;Tue Nov 12 2019 15:12:18 GMT+0100 (CET);Tue Nov 12 2019 14:12:18 GMT+0100 (CET);1573567938000;0.32;81.26;7.95
1380556889530408;13.4;36.2;Tue Nov 12 2019 15:14:18 GMT+0100 (CET);Tue Nov 12 2019 14:14:18 GMT+0100 (CET);1573568058000;0.33;86.21;7.84
1380556889530408;13.4;39.5;Tue Nov 12 2019 15:16:11 GMT+0100 (CET);Tue Nov 12 2019 14:16:11 GMT+0100 (CET);1573568171000;0.51;169.71;7.92
1380556889530408;14.4;36.1;Tue Nov 12 2019 15:18:25 GMT+0100 (CET);Tue Nov 12 2019 14:18:25 GMT+0100 (CET);1573568305000;0.37;89.47;7.95
1380556889530408;14.4;36.1;Tue Nov 12 2019 15:20:19 GMT+0100 (CET);Tue Nov 12 2019 14:20:19 GMT+0100 (CET);1573568419000;0.38;91.4;7.9
1380556889530408;13.4;36.2;Tue Nov 12 2019 15:22:19 GMT+0100 (CET);Tue Nov 12 2019 14:22:19 GMT+0100 (CET);1573568539000;0.4;105.77;7.83
1380556889530408;13.4;36.6;Tue Nov 12 2019 15:24:21 GMT+0100 (CET);Tue Nov 12 2019 14:24:21 GMT+0100 (CET);1573568661000;0.38;91.79;7.81
1380556889530408;13.4;39.2;Tue Nov 12 2019 15:26:15 GMT+0100 (CET);Tue Nov 12 2019 14:26:15 GMT+0100 (CET);1573568775000;0.67;203.61;7.87
1380556889530408;13.4;38.4;Tue Nov 12 2019 15:28:08 GMT+0100 (CET);Tue Nov 12 2019 14:28:08 GMT+0100 (CET);1573568888000;0.79;221.74;8.2
1380556889530408;13.4;37.5;Tue Nov 12 2019 15:30:05 GMT+0100 (CET);Tue Nov 12 2019 14:30:05 GMT+0100 (CET);1573569005000;0.43;97.15;8.33
1380556889530408;13.4;36.4;Tue Nov 12 2019 15:32:11 GMT+0100 (CET);Tue Nov 12 2019 14:32:11 GMT+0100 (CET);1573569131000;0.43;131.78;8.32
1380556889530408;13.4;37.5;Tue Nov 12 2019 15:34:19 GMT+0100 (CET);Tue Nov 12 2019 14:34:19 GMT+0100 (CET);1573569259000;0.49;171.89;8.34
1380556889530408;13.4;36.3;Tue Nov 12 2019 15:36:12 GMT+0100 (CET);Tue Nov 12 2019 14:36:12 GMT+0100 (CET);1573569372000;0.41;94.42;8.34
1380556889530408;14.4;36;Tue Nov 12 2019 15:38:23 GMT+0100 (CET);Tue Nov 12 2019 14:38:23 GMT+0100 (CET);1573569503000;0.38;88.92;8.28
1380556889530408;14.4;36.5;Tue Nov 12 2019 15:40:27 GMT+0100 (CET);Tue Nov 12 2019 14:40:27 GMT+0100 (CET);1573569627000;0.37;80.98;8.14
1380556889530408;14.4;39.9;Tue Nov 12 2019 15:42:34 GMT+0100 (CET);Tue Nov 12 2019 14:42:34 GMT+0100 (CET);1573569754000;0.37;80.13;8.01
1380556889530408;14.4;39.8;Tue Nov 12 2019 15:44:28 GMT+0100 (CET);Tue Nov 12 2019 14:44:28 GMT+0100 (CET);1573569868000;0.34;76.64;7.9
1380556889530408;14.4;39.4;Tue Nov 12 2019 15:46:21 GMT+0100 (CET);Tue Nov 12 2019 14:46:21 GMT+0100 (CET);1573569981000;0.32;77.31;7.78
1380556889530408;14.4;37.2;Tue Nov 12 2019 15:48:08 GMT+0100 (CET);Tue Nov 12 2019 14:48:08 GMT+0100 (CET);1573570088000;0.29;79.1;7.7
1380556889530408;14.4;36.3;Tue Nov 12 2019 15:50:28 GMT+0100 (CET);Tue Nov 12 2019 14:50:28 GMT+0100 (CET);1573570228000;0.3;74.76;7.6
1380556889530408;14.4;36.1;Tue Nov 12 2019 15:52:27 GMT+0100 (CET);Tue Nov 12 2019 14:52:27 GMT+0100 (CET);1573570347000;0.28;68.59;7.53
1380556889530408;14.4;36;Tue Nov 12 2019 15:54:35 GMT+0100 (CET);Tue Nov 12 2019 14:54:35 GMT+0100 (CET);1573570475000;0.24;56.75;7.44
1380556889530408;12.9;34.9;Tue Nov 12 2019 15:56:41 GMT+0100 (CET);Tue Nov 12 2019 14:56:41 GMT+0100 (CET);1573570601000;0.21;49.8;7.32
1380556889530408;12.9;34.6;Tue Nov 12 2019 15:58:47 GMT+0100 (CET);Tue Nov 12 2019 14:58:47 GMT+0100 (CET);1573570727000;0.2;45.64;7.23
1380556889530408;12.9;34.3;Tue Nov 12 2019 16:00:43 GMT+0100 (CET);Tue Nov 12 2019 15:00:43 GMT+0100 (CET);1573570843000;0.17;40;7.14
1380556889530408;12.9;34;Tue Nov 12 2019 16:02:36 GMT+0100 (CET);Tue Nov 12 2019 15:02:36 GMT+0100 (CET);1573570956000;0.16;37.94;7.06
1380556889530408;12.9;33.9;Tue Nov 12 2019 16:04:29 GMT+0100 (CET);Tue Nov 12 2019 15:04:29 GMT+0100 (CET);1573571069000;0.15;35.87;6.97
1380556889530408;10.9;33.9;Tue Nov 12 2019 16:06:33 GMT+0100 (CET);Tue Nov 12 2019 15:06:33 GMT+0100 (CET);1573571193000;0.14;32.37;6.89
1380556889530408;10.9;33.5;Tue Nov 12 2019 16:08:31 GMT+0100 (CET);Tue Nov 12 2019 15:08:31 GMT+0100 (CET);1573571311000;0.13;30.68;6.8
1380556889530408;10.9;33.2;Tue Nov 12 2019 16:10:25 GMT+0100 (CET);Tue Nov 12 2019 15:10:25 GMT+0100 (CET);1573571425000;0.13;30.86;6.71
1380556889530408;10.9;32.7;Tue Nov 12 2019 16:12:37 GMT+0100 (CET);Tue Nov 12 2019 15:12:37 GMT+0100 (CET);1573571557000;0.13;29.89;6.64
1380556889530408;10.9;32.6;Tue Nov 12 2019 16:14:31 GMT+0100 (CET);Tue Nov 12 2019 15:14:31 GMT+0100 (CET);1573571671000;0.12;27.71;6.6
1380556889530408;9.4;32.5;Tue Nov 12 2019 16:16:28 GMT+0100 (CET);Tue Nov 12 2019 15:16:28 GMT+0100 (CET);1573571788000;0.11;26.34;6.6
1380556889530408;9.4;32;Tue Nov 12 2019 16:18:21 GMT+0100 (CET);Tue Nov 12 2019 15:18:21 GMT+0100 (CET);1573571901000;0.11;25.88;6.61
1380556889530408;8.9;31.9;Tue Nov 12 2019 16:20:25 GMT+0100 (CET);Tue Nov 12 2019 15:20:25 GMT+0100 (CET);1573572025000;0.1;24.25;6.66
1380556889530408;8.9;31.8;Tue Nov 12 2019 16:22:21 GMT+0100 (CET);Tue Nov 12 2019 15:22:21 GMT+0100 (CET);1573572141000;0.1;22.02;6.66
1380556889530408;8.9;31.6;Tue Nov 12 2019 16:24:33 GMT+0100 (CET);Tue Nov 12 2019 15:24:33 GMT+0100 (CET);1573572273000;0.07;17.75;6.64
1380556889530408;8.9;31.4;Tue Nov 12 2019 16:26:35 GMT+0100 (CET);Tue Nov 12 2019 15:26:35 GMT+0100 (CET);1573572395000;0;14.1;6.58
1380556889530408;8.9;30.9;Tue Nov 12 2019 16:28:33 GMT+0100 (CET);Tue Nov 12 2019 15:28:33 GMT+0100 (CET);1573572513000;0;10.88;6.5
1380556889530408;8.9;30.4;Tue Nov 12 2019 16:30:25 GMT+0100 (CET);Tue Nov 12 2019 15:30:25 GMT+0100 (CET);1573572625000;0;8.67;6.41
1380556889530408;8.9;29.2;Tue Nov 12 2019 16:32:24 GMT+0100 (CET);Tue Nov 12 2019 15:32:24 GMT+0100 (CET);1573572744000;0;6.93;6.28
1380556889530408;7.4;28.6;Tue Nov 12 2019 16:34:24 GMT+0100 (CET);Tue Nov 12 2019 15:34:24 GMT+0100 (CET);1573572864000;0;6.49;6.21
1380556889530408;7.4;34.1;Tue Nov 12 2019 16:36:27 GMT+0100 (CET);Tue Nov 12 2019 15:36:27 GMT+0100 (CET);1573572987000;0;6.21;6.13
1380556889530408;8.9;33.8;Tue Nov 12 2019 16:38:21 GMT+0100 (CET);Tue Nov 12 2019 15:38:21 GMT+0100 (CET);1573573101000;0;5.58;6.07
1380556889530408;8.9;32.9;Tue Nov 12 2019 16:40:29 GMT+0100 (CET);Tue Nov 12 2019 15:40:29 GMT+0100 (CET);1573573229000;0;4.77;5.98
1380556889530408;8.9;32.3;Tue Nov 12 2019 16:42:23 GMT+0100 (CET);Tue Nov 12 2019 15:42:23 GMT+0100 (CET);1573573343000;0;4.14;5.89
1380556889530408;8.9;29.9;Tue Nov 12 2019 16:44:28 GMT+0100 (CET);Tue Nov 12 2019 15:44:28 GMT+0100 (CET);1573573468000;0;3.23;5.79
1380556889530408;6.9;29.6;Tue Nov 12 2019 16:46:26 GMT+0100 (CET);Tue Nov 12 2019 15:46:26 GMT+0100 (CET);1573573586000;0;2.18;5.67
1380556889530408;6.9;20.3;Tue Nov 12 2019 16:48:36 GMT+0100 (CET);Tue Nov 12 2019 15:48:36 GMT+0100 (CET);1573573716000;0;1.02;5.57
1380556889530408;6.9;20.3;Tue Nov 12 2019 16:50:29 GMT+0100 (CET);Tue Nov 12 2019 15:50:29 GMT+0100 (CET);1573573829000;0;0.36;5.53
1380556889530408;6.9;20.3;Tue Nov 12 2019 16:52:53 GMT+0100 (CET);Tue Nov 12 2019 15:52:53 GMT+0100 (CET);1573573973000;0;0.01;5.5
1380556889530408;1.3;29;Wed Nov 13 2019 07:40:07 GMT+0100 (CET);Wed Nov 13 2019 06:40:07 GMT+0100 (CET);1573627207000;0;6.03;3.53
1380556889530408;1.3;33.5;Wed Nov 13 2019 07:42:04 GMT+0100 (CET);Wed Nov 13 2019 06:42:04 GMT+0100 (CET);1573627324000;0;6.85;3.53
1380556889530408;4.9;34.4;Wed Nov 13 2019 07:43:59 GMT+0100 (CET);Wed Nov 13 2019 06:43:59 GMT+0100 (CET);1573627439000;0;7.68;3.57
1380556889530408;4.9;34.8;Wed Nov 13 2019 07:46:03 GMT+0100 (CET);Wed Nov 13 2019 06:46:03 GMT+0100 (CET);1573627563000;0;8.16;3.59
1380556889530408;4.9;35.1;Wed Nov 13 2019 07:47:58 GMT+0100 (CET);Wed Nov 13 2019 06:47:58 GMT+0100 (CET);1573627678000;0;8.52;3.6
1380556889530408;5.4;26.7;Wed Nov 13 2019 07:50:01 GMT+0100 (CET);Wed Nov 13 2019 06:50:01 GMT+0100 (CET);1573627801000;0;9.15;3.63
1380556889530408;5.4;25.6;Wed Nov 13 2019 07:52:29 GMT+0100 (CET);Wed Nov 13 2019 06:52:29 GMT+0100 (CET);1573627949000;0;9.62;3.66
1380556889530408;2.8;25.3;Wed Nov 13 2019 07:54:52 GMT+0100 (CET);Wed Nov 13 2019 06:54:52 GMT+0100 (CET);1573628092000;0;9.57;3.69
1380556889530408;2.8;25.3;Wed Nov 13 2019 07:56:55 GMT+0100 (CET);Wed Nov 13 2019 06:56:55 GMT+0100 (CET);1573628215000;0;10.42;3.75
1380556889530408;2.8;26.5;Wed Nov 13 2019 07:59:22 GMT+0100 (CET);Wed Nov 13 2019 06:59:22 GMT+0100 (CET);1573628362000;0;11.55;3.8
1380556889530408;2.8;27.7;Wed Nov 13 2019 08:01:31 GMT+0100 (CET);Wed Nov 13 2019 07:01:31 GMT+0100 (CET);1573628491000;0;11.23;3.84
1380556889530408;2.8;27.7;Wed Nov 13 2019 08:03:43 GMT+0100 (CET);Wed Nov 13 2019 07:03:43 GMT+0100 (CET);1573628623000;0;11.63;3.85
1380556889530408;2.8;26.8;Wed Nov 13 2019 08:05:40 GMT+0100 (CET);Wed Nov 13 2019 07:05:40 GMT+0100 (CET);1573628740000;0.07;15.02;3.83
1380556889530408;2.8;24.4;Wed Nov 13 2019 08:07:32 GMT+0100 (CET);Wed Nov 13 2019 07:07:32 GMT+0100 (CET);1573628852000;0.09;19.03;3.85
1380556889530408;2.8;28.5;Wed Nov 13 2019 08:09:58 GMT+0100 (CET);Wed Nov 13 2019 07:09:58 GMT+0100 (CET);1573628998000;0.09;20.32;3.86
1380556889530408;2.8;30.8;Wed Nov 13 2019 08:11:51 GMT+0100 (CET);Wed Nov 13 2019 07:11:51 GMT+0100 (CET);1573629111000;0.08;17.9;3.89
1380556889530408;4.9;30.7;Wed Nov 13 2019 08:13:52 GMT+0100 (CET);Wed Nov 13 2019 07:13:52 GMT+0100 (CET);1573629232000;0.08;16.52;3.91
1380556889530408;4.9;30.1;Wed Nov 13 2019 08:16:21 GMT+0100 (CET);Wed Nov 13 2019 07:16:21 GMT+0100 (CET);1573629381000;0.08;16.65;3.92
1380556889530408;4.9;29.8;Wed Nov 13 2019 08:18:37 GMT+0100 (CET);Wed Nov 13 2019 07:18:37 GMT+0100 (CET);1573629517000;0.08;17.8;3.96
1380556889530408;4.9;30.5;Wed Nov 13 2019 08:20:31 GMT+0100 (CET);Wed Nov 13 2019 07:20:31 GMT+0100 (CET);1573629631000;0.09;19.28;3.97
1380556889530408;4.9;31.1;Wed Nov 13 2019 08:23:25 GMT+0100 (CET);Wed Nov 13 2019 07:23:25 GMT+0100 (CET);1573629805000;0.1;20.87;3.99
1380556889530408;4.9;31.3;Wed Nov 13 2019 08:26:18 GMT+0100 (CET);Wed Nov 13 2019 07:26:18 GMT+0100 (CET);1573629978000;0.1;22.4;4
1380556889530408;17.5;36.5;Wed Nov 13 2019 10:48:18 GMT+0100 (CET);Wed Nov 13 2019 09:48:18 GMT+0100 (CET);1573638498000;1.08;224.7;9.19
1380556889530408;19;35.7;Wed Nov 13 2019 10:51:10 GMT+0100 (CET);Wed Nov 13 2019 09:51:10 GMT+0100 (CET);1573638670000;1.05;229.69;9.09
1380556889530408;19;35.9;Wed Nov 13 2019 10:53:04 GMT+0100 (CET);Wed Nov 13 2019 09:53:04 GMT+0100 (CET);1573638784000;1.03;223.47;9.14
1380556889530408;19;36;Wed Nov 13 2019 10:54:57 GMT+0100 (CET);Wed Nov 13 2019 09:54:57 GMT+0100 (CET);1573638897000;1.11;248.36;9.1
1380556889530408;19;36.6;Wed Nov 13 2019 10:56:50 GMT+0100 (CET);Wed Nov 13 2019 09:56:50 GMT+0100 (CET);1573639010000;1.18;258.8;9.17
1380556889530408;19;36.2;Wed Nov 13 2019 10:58:43 GMT+0100 (CET);Wed Nov 13 2019 09:58:43 GMT+0100 (CET);1573639123000;1.04;223.22;9.26
1380556889530408;19;35.8;Wed Nov 13 2019 11:00:35 GMT+0100 (CET);Wed Nov 13 2019 10:00:35 GMT+0100 (CET);1573639235000;0.84;180.4;9.31
1380556889530408;19;35.6;Wed Nov 13 2019 11:02:28 GMT+0100 (CET);Wed Nov 13 2019 10:02:28 GMT+0100 (CET);1573639348000;0.88;191.85;9.27
1380556889530408;19;35.6;Wed Nov 13 2019 11:04:21 GMT+0100 (CET);Wed Nov 13 2019 10:04:21 GMT+0100 (CET);1573639461000;0.86;185.56;9.25
1380556889530408;19;35.6;Wed Nov 13 2019 11:06:14 GMT+0100 (CET);Wed Nov 13 2019 10:06:14 GMT+0100 (CET);1573639574000;0.8;171.53;9.22
1380556889530408;19;35.5;Wed Nov 13 2019 11:08:06 GMT+0100 (CET);Wed Nov 13 2019 10:08:06 GMT+0100 (CET);1573639686000;0.77;164.86;9.22
1380556889530408;17.5;35.5;Wed Nov 13 2019 11:09:59 GMT+0100 (CET);Wed Nov 13 2019 10:09:59 GMT+0100 (CET);1573639799000;0.73;158.98;9.17
1380556889530408;17.5;35.6;Wed Nov 13 2019 11:11:52 GMT+0100 (CET);Wed Nov 13 2019 10:11:52 GMT+0100 (CET);1573639912000;0.75;162.8;9.11
1380556889530408;17.5;35.8;Wed Nov 13 2019 11:13:45 GMT+0100 (CET);Wed Nov 13 2019 10:13:45 GMT+0100 (CET);1573640025000;0.84;183.81;9.05
1380556889530408;17.5;36;Wed Nov 13 2019 11:15:38 GMT+0100 (CET);Wed Nov 13 2019 10:15:38 GMT+0100 (CET);1573640138000;1.01;219;9.02
1380556889530408;17.5;36;Wed Nov 13 2019 11:17:31 GMT+0100 (CET);Wed Nov 13 2019 10:17:31 GMT+0100 (CET);1573640251000;0.97;212.43;8.97
1380556889530408;17.5;36.2;Wed Nov 13 2019 11:19:23 GMT+0100 (CET);Wed Nov 13 2019 10:19:23 GMT+0100 (CET);1573640363000;0.89;191.91;8.99
1380556889530408;17.5;36;Wed Nov 13 2019 11:21:17 GMT+0100 (CET);Wed Nov 13 2019 10:21:17 GMT+0100 (CET);1573640477000;0.79;168.19;9.01
1380556889530408;17.5;35.7;Wed Nov 13 2019 11:23:09 GMT+0100 (CET);Wed Nov 13 2019 10:23:09 GMT+0100 (CET);1573640589000;0.71;152.22;8.94
1380556889530408;17.5;35.6;Wed Nov 13 2019 11:25:02 GMT+0100 (CET);Wed Nov 13 2019 10:25:02 GMT+0100 (CET);1573640702000;0.67;149.03;8.92
1380556889530408;17.5;35.9;Wed Nov 13 2019 11:26:55 GMT+0100 (CET);Wed Nov 13 2019 10:26:55 GMT+0100 (CET);1573640815000;0.79;172.22;8.84
1380556889530408;17;35.8;Wed Nov 13 2019 11:28:47 GMT+0100 (CET);Wed Nov 13 2019 10:28:47 GMT+0100 (CET);1573640927000;0.82;179.14;8.68
1380556889530408;17;35.8;Wed Nov 13 2019 11:30:40 GMT+0100 (CET);Wed Nov 13 2019 10:30:40 GMT+0100 (CET);1573641040000;0.81;177.6;8.68
1380556889530408;17;35.6;Wed Nov 13 2019 11:32:31 GMT+0100 (CET);Wed Nov 13 2019 10:32:31 GMT+0100 (CET);1573641151000;0.81;175.14;8.68
1380556889530408;17;35.7;Wed Nov 13 2019 11:34:23 GMT+0100 (CET);Wed Nov 13 2019 10:34:23 GMT+0100 (CET);1573641263000;0.8;173.24;8.71
1380556889530408;17;35.6;Wed Nov 13 2019 11:36:16 GMT+0100 (CET);Wed Nov 13 2019 10:36:16 GMT+0100 (CET);1573641376000;0.7;153.3;8.74
1380556889530408;17;35.4;Wed Nov 13 2019 11:38:10 GMT+0100 (CET);Wed Nov 13 2019 10:38:10 GMT+0100 (CET);1573641490000;0.65;141.93;8.71
1380556889530408;17;35.5;Wed Nov 13 2019 11:40:04 GMT+0100 (CET);Wed Nov 13 2019 10:40:04 GMT+0100 (CET);1573641604000;0.73;160.7;8.71
1380556889530408;17;35.7;Wed Nov 13 2019 11:41:57 GMT+0100 (CET);Wed Nov 13 2019 10:41:57 GMT+0100 (CET);1573641717000;0.8;172.52;8.76
1380556889530408;17;35.8;Wed Nov 13 2019 11:43:50 GMT+0100 (CET);Wed Nov 13 2019 10:43:50 GMT+0100 (CET);1573641830000;0.76;163.26;8.73
1380556889530408;17;35.6;Wed Nov 13 2019 11:45:43 GMT+0100 (CET);Wed Nov 13 2019 10:45:43 GMT+0100 (CET);1573641943000;0.69;146.24;8.64
1380556889530408;17;35.4;Wed Nov 13 2019 11:47:36 GMT+0100 (CET);Wed Nov 13 2019 10:47:36 GMT+0100 (CET);1573642056000;0.64;137.32;8.55
1380556889530408;17;35.4;Wed Nov 13 2019 11:49:30 GMT+0100 (CET);Wed Nov 13 2019 10:49:30 GMT+0100 (CET);1573642170000;0.67;146.62;8.51
1380556889530408;15.4;35.6;Wed Nov 13 2019 11:51:23 GMT+0100 (CET);Wed Nov 13 2019 10:51:23 GMT+0100 (CET);1573642283000;0.72;155.43;8.57
1380556889530408;15.4;35.6;Wed Nov 13 2019 11:53:15 GMT+0100 (CET);Wed Nov 13 2019 10:53:15 GMT+0100 (CET);1573642395000;0.7;151.31;8.56
1380556889530408;17;35.6;Wed Nov 13 2019 11:55:08 GMT+0100 (CET);Wed Nov 13 2019 10:55:08 GMT+0100 (CET);1573642508000;0.73;157.93;8.61
1380556889530408;17;35.6;Wed Nov 13 2019 11:57:01 GMT+0100 (CET);Wed Nov 13 2019 10:57:01 GMT+0100 (CET);1573642621000;0.71;153.4;8.62
1380556889530408;17;35.6;Wed Nov 13 2019 11:58:53 GMT+0100 (CET);Wed Nov 13 2019 10:58:53 GMT+0100 (CET);1573642733000;0.68;148.91;8.64
1380556889530408;17;35.8;Wed Nov 13 2019 12:00:46 GMT+0100 (CET);Wed Nov 13 2019 11:00:46 GMT+0100 (CET);1573642846000;0.74;158.41;8.7
1380556889530408;17;35.9;Wed Nov 13 2019 12:02:39 GMT+0100 (CET);Wed Nov 13 2019 11:02:39 GMT+0100 (CET);1573642959000;0.77;165.7;8.76
1380556889530408;17;36.1;Wed Nov 13 2019 12:04:32 GMT+0100 (CET);Wed Nov 13 2019 11:04:32 GMT+0100 (CET);1573643072000;0.85;185.22;8.78
1380556889530408;17;36.1;Wed Nov 13 2019 12:06:25 GMT+0100 (CET);Wed Nov 13 2019 11:06:25 GMT+0100 (CET);1573643185000;0.96;209.07;8.85
1380556889530408;17;36.1;Wed Nov 13 2019 12:08:18 GMT+0100 (CET);Wed Nov 13 2019 11:08:18 GMT+0100 (CET);1573643298000;1.06;229.77;8.93
1380556889530408;17;36.1;Wed Nov 13 2019 12:10:10 GMT+0100 (CET);Wed Nov 13 2019 11:10:10 GMT+0100 (CET);1573643410000;1.01;221.63;9.15
1380556889530408;17;36;Wed Nov 13 2019 12:12:03 GMT+0100 (CET);Wed Nov 13 2019 11:12:03 GMT+0100 (CET);1573643523000;0.9;199.95;9.22
1380556889530408;17;35.8;Wed Nov 13 2019 12:13:56 GMT+0100 (CET);Wed Nov 13 2019 11:13:56 GMT+0100 (CET);1573643636000;0.96;216.34;9.15
1380556889530408;17;36.1;Wed Nov 13 2019 12:15:49 GMT+0100 (CET);Wed Nov 13 2019 11:15:49 GMT+0100 (CET);1573643749000;1.07;247.5;9.17
1380556889530408;17;36.7;Wed Nov 13 2019 12:17:42 GMT+0100 (CET);Wed Nov 13 2019 11:17:42 GMT+0100 (CET);1573643862000;1.18;265.92;9.28
1380556889530408;17.5;37.2;Wed Nov 13 2019 12:19:34 GMT+0100 (CET);Wed Nov 13 2019 11:19:34 GMT+0100 (CET);1573643974000;1.01;225.72;9.36
1380556889530408;17.5;36.5;Wed Nov 13 2019 12:21:28 GMT+0100 (CET);Wed Nov 13 2019 11:21:28 GMT+0100 (CET);1573644088000;0.95;214.85;9.28
1380556889530408;17.5;36.2;Wed Nov 13 2019 12:23:34 GMT+0100 (CET);Wed Nov 13 2019 11:23:34 GMT+0100 (CET);1573644214000;1.15;241.08;9.28
1380556889530408;17.5;37.8;Wed Nov 13 2019 12:25:27 GMT+0100 (CET);Wed Nov 13 2019 11:25:27 GMT+0100 (CET);1573644327000;2.75;647.67;9.74
1380556889530408;17.5;37.2;Wed Nov 13 2019 12:27:20 GMT+0100 (CET);Wed Nov 13 2019 11:27:20 GMT+0100 (CET);1573644440000;2.13;552.95;10.54
1380556889530408;19;37.1;Wed Nov 13 2019 12:29:13 GMT+0100 (CET);Wed Nov 13 2019 11:29:13 GMT+0100 (CET);1573644553000;1.92;578.55;11.22
1380556889530408;19;36.7;Wed Nov 13 2019 12:31:08 GMT+0100 (CET);Wed Nov 13 2019 11:31:08 GMT+0100 (CET);1573644668000;2.1;496.63;11.89
1380556889530408;21;35.2;Wed Nov 13 2019 12:33:01 GMT+0100 (CET);Wed Nov 13 2019 11:33:01 GMT+0100 (CET);1573644781000;0.89;214.45;11.77
1380556889530408;21;36;Wed Nov 13 2019 12:34:54 GMT+0100 (CET);Wed Nov 13 2019 11:34:54 GMT+0100 (CET);1573644894000;1.36;281.78;11.4
1380556889530408;21;35.9;Wed Nov 13 2019 12:36:48 GMT+0100 (CET);Wed Nov 13 2019 11:36:48 GMT+0100 (CET);1573645008000;0.77;173.14;11.07
1380556889530408;21;35.4;Wed Nov 13 2019 12:38:41 GMT+0100 (CET);Wed Nov 13 2019 11:38:41 GMT+0100 (CET);1573645121000;0.61;133.87;10.56
1380556889530408;21;34.9;Wed Nov 13 2019 12:40:34 GMT+0100 (CET);Wed Nov 13 2019 11:40:34 GMT+0100 (CET);1573645234000;0.56;119.06;10.09
1380556889530408;21;34.4;Wed Nov 13 2019 12:42:27 GMT+0100 (CET);Wed Nov 13 2019 11:42:27 GMT+0100 (CET);1573645347000;0.52;107.56;9.62
1380556889530408;19;34.3;Wed Nov 13 2019 12:44:19 GMT+0100 (CET);Wed Nov 13 2019 11:44:19 GMT+0100 (CET);1573645459000;0.53;110.49;9.26
1380556889530408;19;34.2;Wed Nov 13 2019 12:46:12 GMT+0100 (CET);Wed Nov 13 2019 11:46:12 GMT+0100 (CET);1573645572000;0.59;121.42;9
1380556889530408;17.5;35;Wed Nov 13 2019 12:48:05 GMT+0100 (CET);Wed Nov 13 2019 11:48:05 GMT+0100 (CET);1573645685000;0.61;129.17;8.67
1380556889530408;17.5;35.2;Wed Nov 13 2019 12:49:58 GMT+0100 (CET);Wed Nov 13 2019 11:49:58 GMT+0100 (CET);1573645798000;0.57;119.03;8.43
1380556889530408;17.5;34.8;Wed Nov 13 2019 12:51:51 GMT+0100 (CET);Wed Nov 13 2019 11:51:51 GMT+0100 (CET);1573645911000;0.47;99.23;8.32
1380556889530408;17;34.7;Wed Nov 13 2019 12:53:45 GMT+0100 (CET);Wed Nov 13 2019 11:53:45 GMT+0100 (CET);1573646025000;0.4;85.2;8.33
1380556889530408;17;34.1;Wed Nov 13 2019 12:55:38 GMT+0100 (CET);Wed Nov 13 2019 11:55:38 GMT+0100 (CET);1573646138000;0.4;83.98;8.32
1380556889530408;14.4;33.9;Wed Nov 13 2019 12:57:31 GMT+0100 (CET);Wed Nov 13 2019 11:57:31 GMT+0100 (CET);1573646251000;0.39;81.33;8.32
1380556889530408;14.4;33.9;Wed Nov 13 2019 12:59:23 GMT+0100 (CET);Wed Nov 13 2019 11:59:23 GMT+0100 (CET);1573646363000;0.39;80.82;8.29
1380556889530408;14.4;34.3;Wed Nov 13 2019 13:01:18 GMT+0100 (CET);Wed Nov 13 2019 12:01:18 GMT+0100 (CET);1573646478000;0.42;88.52;8.21
1380556889530408;14.4;34.5;Wed Nov 13 2019 13:03:10 GMT+0100 (CET);Wed Nov 13 2019 12:03:10 GMT+0100 (CET);1573646590000;0.49;105.09;8.19
1380556889530408;14.4;34.9;Wed Nov 13 2019 13:05:03 GMT+0100 (CET);Wed Nov 13 2019 12:05:03 GMT+0100 (CET);1573646703000;0.56;116.94;8.22
1380556889530408;14.4;35.5;Wed Nov 13 2019 13:06:56 GMT+0100 (CET);Wed Nov 13 2019 12:06:56 GMT+0100 (CET);1573646816000;0.6;135.37;8.28
1380556889530408;14.4;36.7;Wed Nov 13 2019 13:08:49 GMT+0100 (CET);Wed Nov 13 2019 12:08:49 GMT+0100 (CET);1573646929000;0.74;168.32;8.3
1380556889530408;14.4;36.7;Wed Nov 13 2019 13:10:42 GMT+0100 (CET);Wed Nov 13 2019 12:10:42 GMT+0100 (CET);1573647042000;0.86;191.65;8.35
1380556889530408;14.4;36.6;Wed Nov 13 2019 13:12:35 GMT+0100 (CET);Wed Nov 13 2019 12:12:35 GMT+0100 (CET);1573647155000;0.94;207.85;8.53
1380556889530408;14.4;36.5;Wed Nov 13 2019 13:14:28 GMT+0100 (CET);Wed Nov 13 2019 12:14:28 GMT+0100 (CET);1573647268000;0.97;213.14;8.73
1380556889530408;14.4;36.3;Wed Nov 13 2019 13:16:21 GMT+0100 (CET);Wed Nov 13 2019 12:16:21 GMT+0100 (CET);1573647381000;0.96;212.73;8.93
1380556889530408;14.4;36.3;Wed Nov 13 2019 13:18:14 GMT+0100 (CET);Wed Nov 13 2019 12:18:14 GMT+0100 (CET);1573647494000;0.97;217.02;9.15
1380556889530408;17;36.2;Wed Nov 13 2019 13:20:06 GMT+0100 (CET);Wed Nov 13 2019 12:20:06 GMT+0100 (CET);1573647606000;1.02;226.44;9.14
1380556889530408;17;36.5;Wed Nov 13 2019 13:21:59 GMT+0100 (CET);Wed Nov 13 2019 12:21:59 GMT+0100 (CET);1573647719000;1.47;350.71;9.23
1380556889530408;17;38.1;Wed Nov 13 2019 13:23:56 GMT+0100 (CET);Wed Nov 13 2019 12:23:56 GMT+0100 (CET);1573647836000;2.8;695.99;10.07
1380556889530408;17.5;37.6;Wed Nov 13 2019 13:25:49 GMT+0100 (CET);Wed Nov 13 2019 12:25:49 GMT+0100 (CET);1573647949000;2.69;672.09;11.25
1380556889530408;17.5;37.4;Wed Nov 13 2019 13:27:42 GMT+0100 (CET);Wed Nov 13 2019 12:27:42 GMT+0100 (CET);1573648062000;2.58;650.23;12.09
1380556889530408;19.5;37.1;Wed Nov 13 2019 13:29:34 GMT+0100 (CET);Wed Nov 13 2019 12:29:34 GMT+0100 (CET);1573648174000;2.39;606.71;13.02
1380556889530408;19.5;36.9;Wed Nov 13 2019 13:31:27 GMT+0100 (CET);Wed Nov 13 2019 12:31:27 GMT+0100 (CET);1573648287000;2.37;599.03;13.76
1380556889530408;19.5;36.9;Wed Nov 13 2019 13:33:20 GMT+0100 (CET);Wed Nov 13 2019 12:33:20 GMT+0100 (CET);1573648400000;2.37;596.47;14.53
1380556889530408;21.5;36.7;Wed Nov 13 2019 13:35:13 GMT+0100 (CET);Wed Nov 13 2019 12:35:13 GMT+0100 (CET);1573648513000;2.27;596.47;14.83
1380556889530408;21.5;36.7;Wed Nov 13 2019 13:37:07 GMT+0100 (CET);Wed Nov 13 2019 12:37:07 GMT+0100 (CET);1573648627000;2.49;622.07;15
1380556889530408;21.5;36.6;Wed Nov 13 2019 13:39:00 GMT+0100 (CET);Wed Nov 13 2019 12:39:00 GMT+0100 (CET);1573648740000;2.2;535.03;14.91
1380556889530408;23.5;36.2;Wed Nov 13 2019 13:40:59 GMT+0100 (CET);Wed Nov 13 2019 12:40:59 GMT+0100 (CET);1573648859000;1.51;366.07;14.64
1380556889530408;23.5;36.7;Wed Nov 13 2019 13:42:52 GMT+0100 (CET);Wed Nov 13 2019 12:42:52 GMT+0100 (CET);1573648972000;1.43;383.99;14.18
1380556889530408;25;36.4;Wed Nov 13 2019 13:44:45 GMT+0100 (CET);Wed Nov 13 2019 12:44:45 GMT+0100 (CET);1573649085000;1.27;298.29;13.99
1380556889530408;25;36.3;Wed Nov 13 2019 13:46:38 GMT+0100 (CET);Wed Nov 13 2019 12:46:38 GMT+0100 (CET);1573649198000;1.09;248.38;13.84
1380556889530408;25;36;Wed Nov 13 2019 13:48:31 GMT+0100 (CET);Wed Nov 13 2019 12:48:31 GMT+0100 (CET);1573649311000;0.99;227.22;13.25
1380556889530408;25;36.9;Wed Nov 13 2019 13:50:31 GMT+0100 (CET);Wed Nov 13 2019 12:50:31 GMT+0100 (CET);1573649431000;1.37;330.23;12.84
1380556889530408;25;37.3;Wed Nov 13 2019 13:52:24 GMT+0100 (CET);Wed Nov 13 2019 12:52:24 GMT+0100 (CET);1573649544000;1.65;412.15;12.68
1380556889530408;23.5;37.4;Wed Nov 13 2019 13:54:17 GMT+0100 (CET);Wed Nov 13 2019 12:54:17 GMT+0100 (CET);1573649657000;1.85;424.95;12.62
1380556889530408;23.5;37.1;Wed Nov 13 2019 13:56:09 GMT+0100 (CET);Wed Nov 13 2019 12:56:09 GMT+0100 (CET);1573649769000;1.48;340.47;12.53
1380556889530408;23.5;37.2;Wed Nov 13 2019 13:59:02 GMT+0100 (CET);Wed Nov 13 2019 12:59:02 GMT+0100 (CET);1573649942000;1.18;264.88;12.28
1380556889530408;23.5;36.8;Wed Nov 13 2019 14:00:54 GMT+0100 (CET);Wed Nov 13 2019 13:00:54 GMT+0100 (CET);1573650054000;1.04;240.57;12.19
1380556889530408;23;37.3;Wed Nov 13 2019 14:02:48 GMT+0100 (CET);Wed Nov 13 2019 13:02:48 GMT+0100 (CET);1573650168000;0.85;191.56;12.05
1380556889530408;23;35.4;Wed Nov 13 2019 14:04:45 GMT+0100 (CET);Wed Nov 13 2019 13:04:45 GMT+0100 (CET);1573650285000;0.8;179.27;11.8
1380556889530408;21.5;35.4;Wed Nov 13 2019 14:06:41 GMT+0100 (CET);Wed Nov 13 2019 13:06:41 GMT+0100 (CET);1573650401000;0.77;169.26;11.46
1380556889530408;21.5;35.5;Wed Nov 13 2019 14:08:34 GMT+0100 (CET);Wed Nov 13 2019 13:08:34 GMT+0100 (CET);1573650514000;0.74;165.12;11.17
1380556889530408;21.5;35.5;Wed Nov 13 2019 14:10:27 GMT+0100 (CET);Wed Nov 13 2019 13:10:27 GMT+0100 (CET);1573650627000;0.7;156.14;10.82
1380556889530408;21;35.1;Wed Nov 13 2019 14:12:21 GMT+0100 (CET);Wed Nov 13 2019 13:12:21 GMT+0100 (CET);1573650741000;0.66;142.7;10.53
1380556889530408;21;35;Wed Nov 13 2019 14:14:13 GMT+0100 (CET);Wed Nov 13 2019 13:14:13 GMT+0100 (CET);1573650853000;0.58;125.17;10.17
1380556889530408;21;34.9;Wed Nov 13 2019 14:16:07 GMT+0100 (CET);Wed Nov 13 2019 13:16:07 GMT+0100 (CET);1573650967000;0.45;97.06;9.85
1380556889530408;21;34.8;Wed Nov 13 2019 14:18:00 GMT+0100 (CET);Wed Nov 13 2019 13:18:00 GMT+0100 (CET);1573651080000;0.37;81.59;9.55
1380556889530408;21;34.7;Wed Nov 13 2019 14:20:20 GMT+0100 (CET);Wed Nov 13 2019 13:20:20 GMT+0100 (CET);1573651220000;0.41;89.95;9.31
1380556889530408;17.5;34.9;Wed Nov 13 2019 14:22:13 GMT+0100 (CET);Wed Nov 13 2019 13:22:13 GMT+0100 (CET);1573651333000;0.47;101.7;9.17
1380556889530408;17.5;34.9;Wed Nov 13 2019 14:24:07 GMT+0100 (CET);Wed Nov 13 2019 13:24:07 GMT+0100 (CET);1573651447000;0.46;98.38;9.01
1380556889530408;17;34.7;Wed Nov 13 2019 14:26:02 GMT+0100 (CET);Wed Nov 13 2019 13:26:02 GMT+0100 (CET);1573651562000;0.41;86.72;8.91
1380556889530408;17;34.5;Wed Nov 13 2019 14:27:55 GMT+0100 (CET);Wed Nov 13 2019 13:27:55 GMT+0100 (CET);1573651675000;0.36;78.07;8.83
1380556889530408;17;34.5;Wed Nov 13 2019 14:29:47 GMT+0100 (CET);Wed Nov 13 2019 13:29:47 GMT+0100 (CET);1573651787000;0.33;72.21;8.75
1380556889530408;14.4;34.5;Wed Nov 13 2019 14:31:41 GMT+0100 (CET);Wed Nov 13 2019 13:31:41 GMT+0100 (CET);1573651901000;0.33;72.96;8.7
1380556889530408;14.4;34.7;Wed Nov 13 2019 14:33:35 GMT+0100 (CET);Wed Nov 13 2019 13:33:35 GMT+0100 (CET);1573652015000;0.35;77.57;8.67
1380556889530408;14.4;34.5;Wed Nov 13 2019 14:35:28 GMT+0100 (CET);Wed Nov 13 2019 13:35:28 GMT+0100 (CET);1573652128000;0.36;78.19;8.64
1380556889530408;14.4;34.6;Wed Nov 13 2019 14:37:20 GMT+0100 (CET);Wed Nov 13 2019 13:37:20 GMT+0100 (CET);1573652240000;0.35;77.13;8.56
1380556889530408;14.4;34.5;Wed Nov 13 2019 14:39:15 GMT+0100 (CET);Wed Nov 13 2019 13:39:15 GMT+0100 (CET);1573652355000;0.34;75.66;8.46
1380556889530408;14.4;34.5;Wed Nov 13 2019 14:41:10 GMT+0100 (CET);Wed Nov 13 2019 13:41:10 GMT+0100 (CET);1573652470000;0.35;77.17;8.36
1380556889530408;14.4;34.7;Wed Nov 13 2019 14:43:03 GMT+0100 (CET);Wed Nov 13 2019 13:43:03 GMT+0100 (CET);1573652583000;0.35;78.01;8.28
1380556889530408;13.4;34.8;Wed Nov 13 2019 14:44:56 GMT+0100 (CET);Wed Nov 13 2019 13:44:56 GMT+0100 (CET);1573652696000;0.34;75.14;8.25
1380556889530408;13.4;35;Wed Nov 13 2019 14:46:48 GMT+0100 (CET);Wed Nov 13 2019 13:46:48 GMT+0100 (CET);1573652808000;0.34;82.24;8.18
1380556889530408;13.4;36.5;Wed Nov 13 2019 14:48:41 GMT+0100 (CET);Wed Nov 13 2019 13:48:41 GMT+0100 (CET);1573652921000;0.41;93.25;8.2
1380556889530408;13.4;36.3;Wed Nov 13 2019 14:50:52 GMT+0100 (CET);Wed Nov 13 2019 13:50:52 GMT+0100 (CET);1573653052000;0.43;98.1;8.23
1380556889530408;13.4;35.8;Wed Nov 13 2019 14:52:45 GMT+0100 (CET);Wed Nov 13 2019 13:52:45 GMT+0100 (CET);1573653165000;0.39;85.65;8.27
1380556889530408;13.4;34.9;Wed Nov 13 2019 14:54:40 GMT+0100 (CET);Wed Nov 13 2019 13:54:40 GMT+0100 (CET);1573653280000;0.44;94.31;8.25
1380556889530408;13.4;34.9;Wed Nov 13 2019 14:56:32 GMT+0100 (CET);Wed Nov 13 2019 13:56:32 GMT+0100 (CET);1573653392000;0.47;102.32;8.28
1380556889530408;13.4;35.2;Wed Nov 13 2019 14:58:25 GMT+0100 (CET);Wed Nov 13 2019 13:58:25 GMT+0100 (CET);1573653505000;0.48;105.16;8.31
1380556889530408;13.4;35.4;Wed Nov 13 2019 15:00:18 GMT+0100 (CET);Wed Nov 13 2019 14:00:18 GMT+0100 (CET);1573653618000;0.48;103.3;8.32
1380556889530408;13.4;35.3;Wed Nov 13 2019 15:02:10 GMT+0100 (CET);Wed Nov 13 2019 14:02:10 GMT+0100 (CET);1573653730000;0.47;102.83;8.32
1380556889530408;13.4;34.9;Wed Nov 13 2019 15:04:04 GMT+0100 (CET);Wed Nov 13 2019 14:04:04 GMT+0100 (CET);1573653844000;0.5;106.01;8.35
1380556889530408;13.4;35;Wed Nov 13 2019 15:05:57 GMT+0100 (CET);Wed Nov 13 2019 14:05:57 GMT+0100 (CET);1573653957000;0.51;108.65;8.37
1380556889530408;13.4;35.1;Wed Nov 13 2019 15:07:49 GMT+0100 (CET);Wed Nov 13 2019 14:07:49 GMT+0100 (CET);1573654069000;0.52;112.65;8.38
1380556889530408;13.4;35.8;Wed Nov 13 2019 15:09:43 GMT+0100 (CET);Wed Nov 13 2019 14:09:43 GMT+0100 (CET);1573654183000;0.52;117.15;8.43
1380556889530408;13.4;36.3;Wed Nov 13 2019 15:11:36 GMT+0100 (CET);Wed Nov 13 2019 14:11:36 GMT+0100 (CET);1573654296000;0.54;126.38;8.5
1380556889530408;13.4;37.1;Wed Nov 13 2019 15:13:29 GMT+0100 (CET);Wed Nov 13 2019 14:13:29 GMT+0100 (CET);1573654409000;0.56;133.78;8.63
1380556889530408;13.4;37.3;Wed Nov 13 2019 15:15:21 GMT+0100 (CET);Wed Nov 13 2019 14:15:21 GMT+0100 (CET);1573654521000;0.6;157.9;8.78
1380556889530408;14.4;36.9;Wed Nov 13 2019 15:17:14 GMT+0100 (CET);Wed Nov 13 2019 14:17:14 GMT+0100 (CET);1573654634000;0.56;129.62;8.88
1380556889530408;14.4;36.3;Wed Nov 13 2019 15:19:08 GMT+0100 (CET);Wed Nov 13 2019 14:19:08 GMT+0100 (CET);1573654748000;0.57;128.22;8.92
1380556889530408;14.4;35.7;Wed Nov 13 2019 15:21:01 GMT+0100 (CET);Wed Nov 13 2019 14:21:01 GMT+0100 (CET);1573654861000;0.55;122.71;8.94
1380556889530408;14.4;35.2;Wed Nov 13 2019 15:22:54 GMT+0100 (CET);Wed Nov 13 2019 14:22:54 GMT+0100 (CET);1573654974000;0.5;108.07;8.93
1380556889530408;14.4;35.1;Wed Nov 13 2019 15:24:46 GMT+0100 (CET);Wed Nov 13 2019 14:24:46 GMT+0100 (CET);1573655086000;0.44;96.71;8.92
1380556889530408;13.4;34.8;Wed Nov 13 2019 15:26:39 GMT+0100 (CET);Wed Nov 13 2019 14:26:39 GMT+0100 (CET);1573655199000;0.41;88.85;8.85
1380556889530408;13.4;34.5;Wed Nov 13 2019 15:28:32 GMT+0100 (CET);Wed Nov 13 2019 14:28:32 GMT+0100 (CET);1573655312000;0.38;81.35;8.74
1380556889530408;13.4;34.4;Wed Nov 13 2019 15:30:25 GMT+0100 (CET);Wed Nov 13 2019 14:30:25 GMT+0100 (CET);1573655425000;0.36;77.13;8.63
1380556889530408;13.4;34.3;Wed Nov 13 2019 15:32:17 GMT+0100 (CET);Wed Nov 13 2019 14:32:17 GMT+0100 (CET);1573655537000;0.33;71.11;8.56
1380556889530408;13.4;34.2;Wed Nov 13 2019 15:34:10 GMT+0100 (CET);Wed Nov 13 2019 14:34:10 GMT+0100 (CET);1573655650000;0.31;67.94;8.5
1380556889530408;13.4;33.9;Wed Nov 13 2019 15:36:06 GMT+0100 (CET);Wed Nov 13 2019 14:36:06 GMT+0100 (CET);1573655766000;0.3;65.55;8.41
1380556889530408;13.4;33.9;Wed Nov 13 2019 15:37:58 GMT+0100 (CET);Wed Nov 13 2019 14:37:58 GMT+0100 (CET);1573655878000;0.29;61.87;8.31
1380556889530408;13.4;33.7;Wed Nov 13 2019 15:39:51 GMT+0100 (CET);Wed Nov 13 2019 14:39:51 GMT+0100 (CET);1573655991000;0.28;58.41;8.2
1380556889530408;12.9;33.7;Wed Nov 13 2019 15:41:44 GMT+0100 (CET);Wed Nov 13 2019 14:41:44 GMT+0100 (CET);1573656104000;0.26;56.04;8.13
1380556889530408;12.9;33.6;Wed Nov 13 2019 15:43:36 GMT+0100 (CET);Wed Nov 13 2019 14:43:36 GMT+0100 (CET);1573656216000;0.25;55.01;8.04
1380556889530408;12.9;33.6;Wed Nov 13 2019 15:45:29 GMT+0100 (CET);Wed Nov 13 2019 14:45:29 GMT+0100 (CET);1573656329000;0.25;54.07;7.99
1380556889530408;12.9;33.5;Wed Nov 13 2019 15:47:21 GMT+0100 (CET);Wed Nov 13 2019 14:47:21 GMT+0100 (CET);1573656441000;0.24;52.21;7.93
1380556889530408;12.9;33.5;Wed Nov 13 2019 15:49:14 GMT+0100 (CET);Wed Nov 13 2019 14:49:14 GMT+0100 (CET);1573656554000;0.23;47.73;7.89
1380556889530408;12.9;33.5;Wed Nov 13 2019 15:51:07 GMT+0100 (CET);Wed Nov 13 2019 14:51:07 GMT+0100 (CET);1573656667000;0.2;43.66;7.87
1380556889530408;12.9;33.3;Wed Nov 13 2019 15:53:02 GMT+0100 (CET);Wed Nov 13 2019 14:53:02 GMT+0100 (CET);1573656782000;0.17;38.33;7.81
1380556889530408;12.9;33.3;Wed Nov 13 2019 15:54:56 GMT+0100 (CET);Wed Nov 13 2019 14:54:56 GMT+0100 (CET);1573656896000;0.15;32.83;7.75
1380556889530408;11.4;33;Wed Nov 13 2019 15:56:49 GMT+0100 (CET);Wed Nov 13 2019 14:56:49 GMT+0100 (CET);1573657009000;0.13;28.38;7.69
1380556889530408;11.4;33;Wed Nov 13 2019 15:58:43 GMT+0100 (CET);Wed Nov 13 2019 14:58:43 GMT+0100 (CET);1573657123000;0.1;23.04;7.62
1380556889530408;10.9;32.4;Wed Nov 13 2019 16:00:35 GMT+0100 (CET);Wed Nov 13 2019 15:00:35 GMT+0100 (CET);1573657235000;0.1;21.21;7.55
1380556889530408;10.9;30.9;Wed Nov 13 2019 16:02:28 GMT+0100 (CET);Wed Nov 13 2019 15:02:28 GMT+0100 (CET);1573657348000;0.09;19.83;7.5
1380556889530408;10.9;30.3;Wed Nov 13 2019 16:04:20 GMT+0100 (CET);Wed Nov 13 2019 15:04:20 GMT+0100 (CET);1573657460000;0.09;18.53;7.45
1380556889530408;9.4;30.1;Wed Nov 13 2019 16:06:13 GMT+0100 (CET);Wed Nov 13 2019 15:06:13 GMT+0100 (CET);1573657573000;0.07;15.77;7.39
1380556889530408;9.4;30.2;Wed Nov 13 2019 16:08:06 GMT+0100 (CET);Wed Nov 13 2019 15:08:06 GMT+0100 (CET);1573657686000;0.07;14.08;7.35
1380556889530408;8.9;30.1;Wed Nov 13 2019 16:09:59 GMT+0100 (CET);Wed Nov 13 2019 15:09:59 GMT+0100 (CET);1573657799000;0;11.15;7.32
1380556889530408;8.9;29.3;Wed Nov 13 2019 16:11:52 GMT+0100 (CET);Wed Nov 13 2019 15:11:52 GMT+0100 (CET);1573657912000;0;9.51;7.27
1380556889530408;8.9;28.1;Wed Nov 13 2019 16:13:44 GMT+0100 (CET);Wed Nov 13 2019 15:13:44 GMT+0100 (CET);1573658024000;0;8.78;7.22
1380556889530408;8.9;27.8;Wed Nov 13 2019 16:15:37 GMT+0100 (CET);Wed Nov 13 2019 15:15:37 GMT+0100 (CET);1573658137000;0;7.6;7.17
1380556889530408;8.9;27.5;Wed Nov 13 2019 16:17:30 GMT+0100 (CET);Wed Nov 13 2019 15:17:30 GMT+0100 (CET);1573658250000;0;6.68;7.13
1380556889530408;7.4;30.7;Wed Nov 13 2019 16:19:23 GMT+0100 (CET);Wed Nov 13 2019 15:19:23 GMT+0100 (CET);1573658363000;0;5.77;7.08
1380556889530408;7.4;33.5;Wed Nov 13 2019 16:21:21 GMT+0100 (CET);Wed Nov 13 2019 15:21:21 GMT+0100 (CET);1573658481000;0;5.09;7.05
1380556889530408;7.4;30.8;Wed Nov 13 2019 16:23:14 GMT+0100 (CET);Wed Nov 13 2019 15:23:14 GMT+0100 (CET);1573658594000;0;3.98;7
1380556889530408;8.9;31.1;Wed Nov 13 2019 16:25:07 GMT+0100 (CET);Wed Nov 13 2019 15:25:07 GMT+0100 (CET);1573658707000;0;3.43;6.97
1380556889530408;8.9;30.3;Wed Nov 13 2019 16:27:00 GMT+0100 (CET);Wed Nov 13 2019 15:27:00 GMT+0100 (CET);1573658820000;0;3.19;6.94
1380556889530408;8.9;29.1;Wed Nov 13 2019 16:28:53 GMT+0100 (CET);Wed Nov 13 2019 15:28:53 GMT+0100 (CET);1573658933000;0;2.73;6.92
1380556889530408;8.9;28.1;Wed Nov 13 2019 16:30:45 GMT+0100 (CET);Wed Nov 13 2019 15:30:45 GMT+0100 (CET);1573659045000;0;2.18;6.89
1380556889530408;8.9;24.2;Wed Nov 13 2019 16:32:39 GMT+0100 (CET);Wed Nov 13 2019 15:32:39 GMT+0100 (CET);1573659159000;0;1.87;6.87
1380556889530408;8.9;19.4;Wed Nov 13 2019 16:34:33 GMT+0100 (CET);Wed Nov 13 2019 15:34:33 GMT+0100 (CET);1573659273000;0;1.51;6.84
1380556889530408;8.9;19.4;Wed Nov 13 2019 16:36:25 GMT+0100 (CET);Wed Nov 13 2019 15:36:25 GMT+0100 (CET);1573659385000;0;1.3;6.84
1380556889530408;8.9;19.4;Wed Nov 13 2019 16:38:19 GMT+0100 (CET);Wed Nov 13 2019 15:38:19 GMT+0100 (CET);1573659499000;0;0.98;6.84
1380556889530408;0.8;29;Thu Nov 14 2019 07:28:43 GMT+0100 (CET);Thu Nov 14 2019 06:28:43 GMT+0100 (CET);1573712923000;0;6.97;-0.01
1380556889530408;0.8;27.7;Thu Nov 14 2019 07:30:36 GMT+0100 (CET);Thu Nov 14 2019 06:30:36 GMT+0100 (CET);1573713036000;0;8.82;-0.01
1380556889530408;0.8;27;Thu Nov 14 2019 07:32:29 GMT+0100 (CET);Thu Nov 14 2019 06:32:29 GMT+0100 (CET);1573713149000;0;10.08;-0.01
1380556889530408;0.8;32.1;Thu Nov 14 2019 07:38:16 GMT+0100 (CET);Thu Nov 14 2019 06:38:16 GMT+0100 (CET);1573713496000;0.07;16.12;-0.01
1380556889530408;0.8;32.6;Thu Nov 14 2019 07:40:09 GMT+0100 (CET);Thu Nov 14 2019 06:40:09 GMT+0100 (CET);1573713609000;0.08;17.84;-0.01
1380556889530408;0.8;33.4;Thu Nov 14 2019 07:42:10 GMT+0100 (CET);Thu Nov 14 2019 06:42:10 GMT+0100 (CET);1573713730000;0.09;20.67;-0.01
1380556889530408;1.3;33.5;Thu Nov 14 2019 07:44:05 GMT+0100 (CET);Thu Nov 14 2019 06:44:05 GMT+0100 (CET);1573713845000;0.1;22.7;-0.01
1380556889530408;1.3;34.3;Thu Nov 14 2019 07:45:58 GMT+0100 (CET);Thu Nov 14 2019 06:45:58 GMT+0100 (CET);1573713958000;0.11;25.43;-0.01
1380556889530408;1.3;34.4;Thu Nov 14 2019 07:47:50 GMT+0100 (CET);Thu Nov 14 2019 06:47:50 GMT+0100 (CET);1573714070000;0.13;29.07;-0.01
1380556889530408;1.3;34.4;Thu Nov 14 2019 07:49:44 GMT+0100 (CET);Thu Nov 14 2019 06:49:44 GMT+0100 (CET);1573714184000;0.14;31.51;-0.01
1380556889530408;1.3;34.7;Thu Nov 14 2019 07:51:37 GMT+0100 (CET);Thu Nov 14 2019 06:51:37 GMT+0100 (CET);1573714297000;0.16;35.32;0
1380556889530408;1.3;34.8;Thu Nov 14 2019 07:53:30 GMT+0100 (CET);Thu Nov 14 2019 06:53:30 GMT+0100 (CET);1573714410000;0.18;38.87;0.01
1380556889530408;1.3;35.1;Thu Nov 14 2019 07:55:23 GMT+0100 (CET);Thu Nov 14 2019 06:55:23 GMT+0100 (CET);1573714523000;0.19;41.94;0.07
1380556889530408;2.8;35;Thu Nov 14 2019 07:57:23 GMT+0100 (CET);Thu Nov 14 2019 06:57:23 GMT+0100 (CET);1573714643000;0.2;44.8;0.14
1380556889530408;2.8;35.4;Thu Nov 14 2019 07:59:16 GMT+0100 (CET);Thu Nov 14 2019 06:59:16 GMT+0100 (CET);1573714756000;0.21;47.44;0.2
1380556889530408;2.8;35.5;Thu Nov 14 2019 08:01:10 GMT+0100 (CET);Thu Nov 14 2019 07:01:10 GMT+0100 (CET);1573714870000;0.23;50.15;0.25
1380556889530408;2.8;36.6;Thu Nov 14 2019 08:03:04 GMT+0100 (CET);Thu Nov 14 2019 07:03:04 GMT+0100 (CET);1573714984000;0.23;53.18;0.32
1380556889530408;2.8;36.8;Thu Nov 14 2019 08:04:57 GMT+0100 (CET);Thu Nov 14 2019 07:04:57 GMT+0100 (CET);1573715097000;0.24;55.53;0.38
1380556889530408;4.9;36.8;Thu Nov 14 2019 08:06:49 GMT+0100 (CET);Thu Nov 14 2019 07:06:49 GMT+0100 (CET);1573715209000;0.25;58.67;0.44
1380556889530408;4.9;37;Thu Nov 14 2019 08:08:53 GMT+0100 (CET);Thu Nov 14 2019 07:08:53 GMT+0100 (CET);1573715333000;0.27;63.19;0.51
1380556889530408;4.9;37.2;Thu Nov 14 2019 08:10:46 GMT+0100 (CET);Thu Nov 14 2019 07:10:46 GMT+0100 (CET);1573715446000;0.29;67.34;0.6
1380556889530408;4.9;37.3;Thu Nov 14 2019 08:12:39 GMT+0100 (CET);Thu Nov 14 2019 07:12:39 GMT+0100 (CET);1573715559000;0.3;84.87;0.67
1380556889530408;4.9;37.3;Thu Nov 14 2019 08:14:32 GMT+0100 (CET);Thu Nov 14 2019 07:14:32 GMT+0100 (CET);1573715672000;0.3;135.3;0.83
1380556889530408;4.9;37.2;Thu Nov 14 2019 08:16:25 GMT+0100 (CET);Thu Nov 14 2019 07:16:25 GMT+0100 (CET);1573715785000;0.32;141.16;1.03
1380556889530408;4.9;37.5;Thu Nov 14 2019 08:18:18 GMT+0100 (CET);Thu Nov 14 2019 07:18:18 GMT+0100 (CET);1573715898000;0.32;158.68;1.28
1380556889530408;4.9;37.4;Thu Nov 14 2019 08:20:12 GMT+0100 (CET);Thu Nov 14 2019 07:20:12 GMT+0100 (CET);1573716012000;0.31;143.86;1.53
1380556889530408;5.4;37.7;Thu Nov 14 2019 08:22:16 GMT+0100 (CET);Thu Nov 14 2019 07:22:16 GMT+0100 (CET);1573716136000;0.32;158.58;1.76
1380556889530408;5.4;37.9;Thu Nov 14 2019 08:24:20 GMT+0100 (CET);Thu Nov 14 2019 07:24:20 GMT+0100 (CET);1573716260000;0.34;194.16;2.08
1380556889530408;5.4;37;Thu Nov 14 2019 08:26:13 GMT+0100 (CET);Thu Nov 14 2019 07:26:13 GMT+0100 (CET);1573716373000;0.34;189.82;2.39
1380556889530408;5.4;36.8;Thu Nov 14 2019 08:28:06 GMT+0100 (CET);Thu Nov 14 2019 07:28:06 GMT+0100 (CET);1573716486000;0.34;190.9;2.6
1380556889530408;5.4;36.8;Thu Nov 14 2019 08:30:00 GMT+0100 (CET);Thu Nov 14 2019 07:30:00 GMT+0100 (CET);1573716600000;0.36;204.46;2.76
1380556889530408;5.4;36.6;Thu Nov 14 2019 08:31:52 GMT+0100 (CET);Thu Nov 14 2019 07:31:52 GMT+0100 (CET);1573716712000;0.38;224.36;2.93
1380556889530408;5.4;36.5;Thu Nov 14 2019 08:33:45 GMT+0100 (CET);Thu Nov 14 2019 07:33:45 GMT+0100 (CET);1573716825000;0.41;238.36;3.1
1380556889530408;5.4;36.5;Thu Nov 14 2019 08:35:38 GMT+0100 (CET);Thu Nov 14 2019 07:35:38 GMT+0100 (CET);1573716938000;0.53;254.47;3.39
1380556889530408;5.4;36.5;Thu Nov 14 2019 08:37:31 GMT+0100 (CET);Thu Nov 14 2019 07:37:31 GMT+0100 (CET);1573717051000;1.07;266.96;3.73
1380556889530408;0.8;34.5;Thu Nov 14 2019 08:46:55 GMT+0100 (CET);Thu Nov 14 2019 07:46:55 GMT+0100 (CET);1573717615000;1.27;305.16;4.93
1380556889530408;0.8;36.7;Thu Nov 14 2019 08:48:49 GMT+0100 (CET);Thu Nov 14 2019 07:48:49 GMT+0100 (CET);1573717729000;1.28;314.49;5.1
1380556889530408;6.9;37.3;Thu Nov 14 2019 08:50:42 GMT+0100 (CET);Thu Nov 14 2019 07:50:42 GMT+0100 (CET);1573717842000;1.31;319.55;5.25
1380556889530408;6.9;37;Thu Nov 14 2019 08:52:35 GMT+0100 (CET);Thu Nov 14 2019 07:52:35 GMT+0100 (CET);1573717955000;1.36;326.77;5.4
1380556889530408;6.9;36.6;Thu Nov 14 2019 08:54:28 GMT+0100 (CET);Thu Nov 14 2019 07:54:28 GMT+0100 (CET);1573718068000;1.33;297.18;5.62
1380556889530408;8.9;32.9;Thu Nov 14 2019 08:56:21 GMT+0100 (CET);Thu Nov 14 2019 07:56:21 GMT+0100 (CET);1573718181000;1.08;245.03;5.53
1380556889530408;8.9;36.5;Thu Nov 14 2019 08:58:14 GMT+0100 (CET);Thu Nov 14 2019 07:58:14 GMT+0100 (CET);1573718294000;1.16;288.96;5.46
1380556889530408;8.9;36.5;Thu Nov 14 2019 09:00:07 GMT+0100 (CET);Thu Nov 14 2019 08:00:07 GMT+0100 (CET);1573718407000;1.31;316.99;5.5
1380556889530408;8.9;37;Thu Nov 14 2019 09:02:08 GMT+0100 (CET);Thu Nov 14 2019 08:02:08 GMT+0100 (CET);1573718528000;1.5;325.97;5.6
1380556889530408;9.4;36.9;Thu Nov 14 2019 09:04:00 GMT+0100 (CET);Thu Nov 14 2019 08:04:00 GMT+0100 (CET);1573718640000;1.23;290.83;5.64
1380556889530408;9.4;37.3;Thu Nov 14 2019 09:05:48 GMT+0100 (CET);Thu Nov 14 2019 08:05:48 GMT+0100 (CET);1573718748000;1.5;368.63;5.59
1380556889530408;9.4;37.6;Thu Nov 14 2019 09:07:44 GMT+0100 (CET);Thu Nov 14 2019 08:07:44 GMT+0100 (CET);1573718864000;1.42;348.15;5.64
1380556889530408;10.9;37.2;Thu Nov 14 2019 09:09:39 GMT+0100 (CET);Thu Nov 14 2019 08:09:39 GMT+0100 (CET);1573718979000;1.17;261.83;5.72
1380556889530408;10.9;36.5;Thu Nov 14 2019 09:11:31 GMT+0100 (CET);Thu Nov 14 2019 08:11:31 GMT+0100 (CET);1573719091000;0.68;164.15;5.65
1380556889530408;10.9;36.2;Thu Nov 14 2019 09:13:24 GMT+0100 (CET);Thu Nov 14 2019 08:13:24 GMT+0100 (CET);1573719204000;0.84;198.24;5.39
1380556889530408;10.9;36.1;Thu Nov 14 2019 09:15:22 GMT+0100 (CET);Thu Nov 14 2019 08:15:22 GMT+0100 (CET);1573719322000;1.02;236.86;5.05
1380556889530408;10.9;36.3;Thu Nov 14 2019 09:17:15 GMT+0100 (CET);Thu Nov 14 2019 08:17:15 GMT+0100 (CET);1573719435000;1.08;261.08;4.89
1380556889530408;10.9;36.8;Thu Nov 14 2019 09:19:10 GMT+0100 (CET);Thu Nov 14 2019 08:19:10 GMT+0100 (CET);1573719550000;1.55;366.07;4.9
1380556889530408;10.9;36.6;Thu Nov 14 2019 09:21:04 GMT+0100 (CET);Thu Nov 14 2019 08:21:04 GMT+0100 (CET);1573719664000;1.7;407.03;5.08
1380556889530408;10.9;36.2;Thu Nov 14 2019 09:23:14 GMT+0100 (CET);Thu Nov 14 2019 08:23:14 GMT+0100 (CET);1573719794000;1.65;378.87;5.46
1380556889530408;10.9;35.8;Thu Nov 14 2019 09:25:07 GMT+0100 (CET);Thu Nov 14 2019 08:25:07 GMT+0100 (CET);1573719907000;1.2;265.46;5.65
1380556889530408;10.9;35.6;Thu Nov 14 2019 09:27:01 GMT+0100 (CET);Thu Nov 14 2019 08:27:01 GMT+0100 (CET);1573720021000;1.14;267.52;5.75
1380556889530408;10.9;35.5;Thu Nov 14 2019 09:28:53 GMT+0100 (CET);Thu Nov 14 2019 08:28:53 GMT+0100 (CET);1573720133000;1.23;283.09;5.73
1380556889530408;10.9;35.4;Thu Nov 14 2019 09:30:46 GMT+0100 (CET);Thu Nov 14 2019 08:30:46 GMT+0100 (CET);1573720246000;1.28;293.5;5.59
1380556889530408;11.4;35.4;Thu Nov 14 2019 09:32:39 GMT+0100 (CET);Thu Nov 14 2019 08:32:39 GMT+0100 (CET);1573720359000;1.27;291.94;5.53
1380556889530408;11.4;35.4;Thu Nov 14 2019 09:34:33 GMT+0100 (CET);Thu Nov 14 2019 08:34:33 GMT+0100 (CET);1573720473000;1.28;298.35;5.6
1380556889530408;11.4;36;Thu Nov 14 2019 09:36:30 GMT+0100 (CET);Thu Nov 14 2019 08:36:30 GMT+0100 (CET);1573720590000;1.23;284.97;5.67
1380556889530408;11.4;36.2;Thu Nov 14 2019 09:38:23 GMT+0100 (CET);Thu Nov 14 2019 08:38:23 GMT+0100 (CET);1573720703000;1.33;312.42;5.72
1380556889530408;11.4;37.3;Thu Nov 14 2019 09:40:16 GMT+0100 (CET);Thu Nov 14 2019 08:40:16 GMT+0100 (CET);1573720816000;1.21;296.66;5.68
1380556889530408;12.9;37.3;Thu Nov 14 2019 09:42:09 GMT+0100 (CET);Thu Nov 14 2019 08:42:09 GMT+0100 (CET);1573720929000;1.09;266.34;5.57
1380556889530408;12.9;37.8;Thu Nov 14 2019 09:44:02 GMT+0100 (CET);Thu Nov 14 2019 08:44:02 GMT+0100 (CET);1573721042000;1.25;321.26;5.53
1380556889530408;13.4;38.5;Thu Nov 14 2019 09:45:56 GMT+0100 (CET);Thu Nov 14 2019 08:45:56 GMT+0100 (CET);1573721156000;1.35;350.71;5.69
1380556889530408;13.4;38.4;Thu Nov 14 2019 09:47:49 GMT+0100 (CET);Thu Nov 14 2019 08:47:49 GMT+0100 (CET);1573721269000;1.32;337.91;5.85
1380556889530408;13.4;38.3;Thu Nov 14 2019 09:49:57 GMT+0100 (CET);Thu Nov 14 2019 08:49:57 GMT+0100 (CET);1573721397000;1.31;332.79;6.02
1380556889530408;13.4;38.1;Thu Nov 14 2019 09:51:49 GMT+0100 (CET);Thu Nov 14 2019 08:51:49 GMT+0100 (CET);1573721509000;1.22;308.2;6.17
1380556889530408;13.4;38.1;Thu Nov 14 2019 09:53:46 GMT+0100 (CET);Thu Nov 14 2019 08:53:46 GMT+0100 (CET);1573721626000;1.15;291.81;6.17
1380556889530408;14.4;38.1;Thu Nov 14 2019 09:55:39 GMT+0100 (CET);Thu Nov 14 2019 08:55:39 GMT+0100 (CET);1573721739000;1.28;330.23;6.04
1380556889530408;14.4;38.2;Thu Nov 14 2019 09:57:32 GMT+0100 (CET);Thu Nov 14 2019 08:57:32 GMT+0100 (CET);1573721852000;1.46;363.51;6.07
1380556889530408;14.4;38.2;Thu Nov 14 2019 09:59:26 GMT+0100 (CET);Thu Nov 14 2019 08:59:26 GMT+0100 (CET);1573721966000;1.39;363.51;6.27
1380556889530408;14.4;38.5;Thu Nov 14 2019 10:01:19 GMT+0100 (CET);Thu Nov 14 2019 09:01:19 GMT+0100 (CET);1573722079000;1.48;381.43;6.49
1380556889530408;14.4;38.4;Thu Nov 14 2019 10:03:12 GMT+0100 (CET);Thu Nov 14 2019 09:03:12 GMT+0100 (CET);1573722192000;1.64;422.39;6.69
1380556889530408;14.4;38.1;Thu Nov 14 2019 10:06:07 GMT+0100 (CET);Thu Nov 14 2019 09:06:07 GMT+0100 (CET);1573722367000;1.85;455.67;6.94
1380556889530408;14.4;38;Thu Nov 14 2019 10:07:59 GMT+0100 (CET);Thu Nov 14 2019 09:07:59 GMT+0100 (CET);1573722479000;1.75;437.75;7.06
1380556889530408;14.4;37.5;Thu Nov 14 2019 10:09:53 GMT+0100 (CET);Thu Nov 14 2019 09:09:53 GMT+0100 (CET);1573722593000;1.99;476.15;7.32
1380556889530408;14.4;37.6;Thu Nov 14 2019 10:11:45 GMT+0100 (CET);Thu Nov 14 2019 09:11:45 GMT+0100 (CET);1573722705000;1.7;404.47;7.56
1380556889530408;17;37.3;Thu Nov 14 2019 10:13:38 GMT+0100 (CET);Thu Nov 14 2019 09:13:38 GMT+0100 (CET);1573722818000;1.55;381.43;7.56
1380556889530408;17;37.7;Thu Nov 14 2019 10:15:31 GMT+0100 (CET);Thu Nov 14 2019 09:15:31 GMT+0100 (CET);1573722931000;1.32;332.79;7.59
1380556889530408;17;37.8;Thu Nov 14 2019 10:17:24 GMT+0100 (CET);Thu Nov 14 2019 09:17:24 GMT+0100 (CET);1573723044000;1.37;345.59;7.48
1380556889530408;17;37.8;Thu Nov 14 2019 10:19:20 GMT+0100 (CET);Thu Nov 14 2019 09:19:20 GMT+0100 (CET);1573723160000;1.43;358.39;7.44
1380556889530408;17;37.8;Thu Nov 14 2019 10:21:15 GMT+0100 (CET);Thu Nov 14 2019 09:21:15 GMT+0100 (CET);1573723275000;1.33;332.79;7.39
1380556889530408;17;37.9;Thu Nov 14 2019 10:23:09 GMT+0100 (CET);Thu Nov 14 2019 09:23:09 GMT+0100 (CET);1573723389000;1.16;289.29;7.32
1380556889530408;17;37.9;Thu Nov 14 2019 10:25:02 GMT+0100 (CET);Thu Nov 14 2019 09:25:02 GMT+0100 (CET);1573723502000;1.2;297.97;7.21
1380556889530408;17;37.9;Thu Nov 14 2019 10:26:55 GMT+0100 (CET);Thu Nov 14 2019 09:26:55 GMT+0100 (CET);1573723615000;1.1;272.72;7.17
1380556889530408;17;37.9;Thu Nov 14 2019 10:28:57 GMT+0100 (CET);Thu Nov 14 2019 09:28:57 GMT+0100 (CET);1573723737000;1.09;274.73;7.22
1380556889530408;17;38.1;Thu Nov 14 2019 10:30:50 GMT+0100 (CET);Thu Nov 14 2019 09:30:50 GMT+0100 (CET);1573723850000;1.23;303.11;7.25
1380556889530408;17.5;38;Thu Nov 14 2019 10:32:43 GMT+0100 (CET);Thu Nov 14 2019 09:32:43 GMT+0100 (CET);1573723963000;1.29;316.12;7.29
1380556889530408;17.5;38.1;Thu Nov 14 2019 10:34:35 GMT+0100 (CET);Thu Nov 14 2019 09:34:35 GMT+0100 (CET);1573724075000;1.2;299.89;7.25
1380556889530408;17;38.2;Thu Nov 14 2019 10:36:51 GMT+0100 (CET);Thu Nov 14 2019 09:36:51 GMT+0100 (CET);1573724211000;1.41;340.47;7.37
1380556889530408;17;38.2;Thu Nov 14 2019 10:38:45 GMT+0100 (CET);Thu Nov 14 2019 09:38:45 GMT+0100 (CET);1573724325000;1.55;396.79;7.54
1380556889530408;17;37.9;Thu Nov 14 2019 10:40:40 GMT+0100 (CET);Thu Nov 14 2019 09:40:40 GMT+0100 (CET);1573724440000;1.75;430.07;7.67
1380556889530408;17;37.7;Thu Nov 14 2019 10:42:33 GMT+0100 (CET);Thu Nov 14 2019 09:42:33 GMT+0100 (CET);1573724553000;2.29;555.51;8.08
1380556889530408;17;37.9;Thu Nov 14 2019 10:44:31 GMT+0100 (CET);Thu Nov 14 2019 09:44:31 GMT+0100 (CET);1573724671000;2.14;514.55;8.5
1380556889530408;17.5;37.6;Thu Nov 14 2019 10:46:24 GMT+0100 (CET);Thu Nov 14 2019 09:46:24 GMT+0100 (CET);1573724784000;1.95;465.91;8.73
1380556889530408;17.5;37.5;Thu Nov 14 2019 10:48:16 GMT+0100 (CET);Thu Nov 14 2019 09:48:16 GMT+0100 (CET);1573724896000;2.01;486.39;8.84
1380556889530408;19.5;37.4;Thu Nov 14 2019 10:50:10 GMT+0100 (CET);Thu Nov 14 2019 09:50:10 GMT+0100 (CET);1573725010000;2.27;545.27;8.92
1380556889530408;19.5;37.2;Thu Nov 14 2019 10:52:30 GMT+0100 (CET);Thu Nov 14 2019 09:52:30 GMT+0100 (CET);1573725150000;2.43;560.63;9.05
1380556889530408;19.5;37.1;Thu Nov 14 2019 10:54:32 GMT+0100 (CET);Thu Nov 14 2019 09:54:32 GMT+0100 (CET);1573725272000;2.65;632.31;9.28
1380556889530408;19.5;36.9;Thu Nov 14 2019 10:56:25 GMT+0100 (CET);Thu Nov 14 2019 09:56:25 GMT+0100 (CET);1573725385000;2.79;637.43;9.74
1380556889530408;19.5;36.7;Thu Nov 14 2019 10:58:18 GMT+0100 (CET);Thu Nov 14 2019 09:58:18 GMT+0100 (CET);1573725498000;2.88;688.98;10.08
1380556889530408;21;36.6;Thu Nov 14 2019 11:00:11 GMT+0100 (CET);Thu Nov 14 2019 10:00:11 GMT+0100 (CET);1573725611000;2.86;665.09;10.39
1380556889530408;21;36.5;Thu Nov 14 2019 11:02:09 GMT+0100 (CET);Thu Nov 14 2019 10:02:09 GMT+0100 (CET);1573725729000;2.43;606.71;10.63
1380556889530408;21;36.5;Thu Nov 14 2019 11:04:02 GMT+0100 (CET);Thu Nov 14 2019 10:04:02 GMT+0100 (CET);1573725842000;3.1;737.3;10.54
1380556889530408;21.5;36.5;Thu Nov 14 2019 11:05:55 GMT+0100 (CET);Thu Nov 14 2019 10:05:55 GMT+0100 (CET);1573725955000;3.21;762.49;10.92
1380556889530408;21.5;36.1;Thu Nov 14 2019 11:08:12 GMT+0100 (CET);Thu Nov 14 2019 10:08:12 GMT+0100 (CET);1573726092000;3.32;777.37;11.42
1380556889530408;23;36;Thu Nov 14 2019 11:10:06 GMT+0100 (CET);Thu Nov 14 2019 10:10:06 GMT+0100 (CET);1573726206000;2.58;642.55;11.65
1380556889530408;23;36.3;Thu Nov 14 2019 11:12:03 GMT+0100 (CET);Thu Nov 14 2019 10:12:03 GMT+0100 (CET);1573726323000;2.33;552.95;11.53
1380556889530408;23;36;Thu Nov 14 2019 11:13:56 GMT+0100 (CET);Thu Nov 14 2019 10:13:56 GMT+0100 (CET);1573726436000;1.49;332.79;11.23
1380556889530408;23.5;36.7;Thu Nov 14 2019 11:15:52 GMT+0100 (CET);Thu Nov 14 2019 10:15:52 GMT+0100 (CET);1573726552000;1.47;335.35;10.57
1380556889530408;23.5;36.5;Thu Nov 14 2019 11:17:45 GMT+0100 (CET);Thu Nov 14 2019 10:17:45 GMT+0100 (CET);1573726665000;1.42;343.03;10.14
1380556889530408;23.5;36.7;Thu Nov 14 2019 11:19:40 GMT+0100 (CET);Thu Nov 14 2019 10:19:40 GMT+0100 (CET);1573726780000;1.52;360.95;9.81
1380556889530408;23.5;37;Thu Nov 14 2019 11:21:34 GMT+0100 (CET);Thu Nov 14 2019 10:21:34 GMT+0100 (CET);1573726894000;1.92;450.55;9.54
1380556889530408;21.5;36.7;Thu Nov 14 2019 11:24:01 GMT+0100 (CET);Thu Nov 14 2019 10:24:01 GMT+0100 (CET);1573727041000;1.21;284.86;9.38
1380556889530408;21.5;36.7;Thu Nov 14 2019 11:25:54 GMT+0100 (CET);Thu Nov 14 2019 10:25:54 GMT+0100 (CET);1573727154000;1.19;279.75;8.98
1380556889530408;21.5;36.8;Thu Nov 14 2019 11:27:46 GMT+0100 (CET);Thu Nov 14 2019 10:27:46 GMT+0100 (CET);1573727266000;1.09;258.38;8.64
1380556889530408;19.5;36.8;Thu Nov 14 2019 11:29:40 GMT+0100 (CET);Thu Nov 14 2019 10:29:40 GMT+0100 (CET);1573727380000;1.09;253.84;8.37
1380556889530408;19.5;37;Thu Nov 14 2019 11:31:32 GMT+0100 (CET);Thu Nov 14 2019 10:31:32 GMT+0100 (CET);1573727492000;1.33;298.31;8.31
1380556889530408;19;36.9;Thu Nov 14 2019 11:33:25 GMT+0100 (CET);Thu Nov 14 2019 10:33:25 GMT+0100 (CET);1573727605000;1.16;264.48;8.25
1380556889530408;19;36.9;Thu Nov 14 2019 11:35:18 GMT+0100 (CET);Thu Nov 14 2019 10:35:18 GMT+0100 (CET);1573727718000;0.96;219.67;8.12
1380556889530408;19;36.9;Thu Nov 14 2019 11:37:13 GMT+0100 (CET);Thu Nov 14 2019 10:37:13 GMT+0100 (CET);1573727833000;1.09;242.28;8.1
1380556889530408;17;36.8;Thu Nov 14 2019 11:39:09 GMT+0100 (CET);Thu Nov 14 2019 10:39:09 GMT+0100 (CET);1573727949000;1.05;236.19;8.19
1380556889530408;17;36.4;Thu Nov 14 2019 11:41:02 GMT+0100 (CET);Thu Nov 14 2019 10:41:02 GMT+0100 (CET);1573728062000;0.86;187.38;8.25
1380556889530408;17.5;36;Thu Nov 14 2019 11:42:57 GMT+0100 (CET);Thu Nov 14 2019 10:42:57 GMT+0100 (CET);1573728177000;0.83;181.84;8.21
1380556889530408;17.5;36.1;Thu Nov 14 2019 11:44:50 GMT+0100 (CET);Thu Nov 14 2019 10:44:50 GMT+0100 (CET);1573728290000;1.02;236.73;8.16
1380556889530408;17.5;36.3;Thu Nov 14 2019 11:46:43 GMT+0100 (CET);Thu Nov 14 2019 10:46:43 GMT+0100 (CET);1573728403000;0.88;192.18;8.13
1380556889530408;17;36.2;Thu Nov 14 2019 11:48:38 GMT+0100 (CET);Thu Nov 14 2019 10:48:38 GMT+0100 (CET);1573728518000;0.88;191.59;8
1380556889530408;17;36.8;Thu Nov 14 2019 11:50:32 GMT+0100 (CET);Thu Nov 14 2019 10:50:32 GMT+0100 (CET);1573728632000;0.94;204.37;8.02
1380556889530408;17;36.5;Thu Nov 14 2019 11:52:26 GMT+0100 (CET);Thu Nov 14 2019 10:52:26 GMT+0100 (CET);1573728746000;1;213.28;8.09
1380556889530408;17;36.5;Thu Nov 14 2019 11:54:50 GMT+0100 (CET);Thu Nov 14 2019 10:54:50 GMT+0100 (CET);1573728890000;0.91;199.57;8.11
1380556889530408;17;36.8;Thu Nov 14 2019 11:56:58 GMT+0100 (CET);Thu Nov 14 2019 10:56:58 GMT+0100 (CET);1573729018000;1.11;248.52;8.14
1380556889530408;17;37.2;Thu Nov 14 2019 11:58:51 GMT+0100 (CET);Thu Nov 14 2019 10:58:51 GMT+0100 (CET);1573729131000;1.13;254.47;8.17
1380556889530408;17;37.3;Thu Nov 14 2019 12:00:44 GMT+0100 (CET);Thu Nov 14 2019 11:00:44 GMT+0100 (CET);1573729244000;1.3;302.66;8.39
1380556889530408;17;37.3;Thu Nov 14 2019 12:02:36 GMT+0100 (CET);Thu Nov 14 2019 11:02:36 GMT+0100 (CET);1573729356000;1.38;314.48;8.66
1380556889530408;17;37.4;Thu Nov 14 2019 12:04:29 GMT+0100 (CET);Thu Nov 14 2019 11:04:29 GMT+0100 (CET);1573729469000;1.95;453.11;8.92
1380556889530408;17;37.6;Thu Nov 14 2019 12:06:22 GMT+0100 (CET);Thu Nov 14 2019 11:06:22 GMT+0100 (CET);1573729582000;2.49;586.23;9.46
1380556889530408;17;37.2;Thu Nov 14 2019 12:08:15 GMT+0100 (CET);Thu Nov 14 2019 11:08:15 GMT+0100 (CET);1573729695000;2.85;652.79;9.96
1380556889530408;17;37;Thu Nov 14 2019 12:10:11 GMT+0100 (CET);Thu Nov 14 2019 11:10:11 GMT+0100 (CET);1573729811000;2.98;694.42;10.7
1380556889530408;19;36.8;Thu Nov 14 2019 12:12:08 GMT+0100 (CET);Thu Nov 14 2019 11:12:08 GMT+0100 (CET);1573729928000;2.6;599.03;11.22
1380556889530408;19;36.6;Thu Nov 14 2019 12:14:02 GMT+0100 (CET);Thu Nov 14 2019 11:14:02 GMT+0100 (CET);1573730042000;2.71;642.55;11.38
1380556889530408;21;36.5;Thu Nov 14 2019 12:15:57 GMT+0100 (CET);Thu Nov 14 2019 11:15:57 GMT+0100 (CET);1573730157000;2.73;652.79;11.56
1380556889530408;21;36.3;Thu Nov 14 2019 12:17:53 GMT+0100 (CET);Thu Nov 14 2019 11:17:53 GMT+0100 (CET);1573730273000;2.38;591.35;11.93
1380556889530408;21;36.6;Thu Nov 14 2019 12:19:49 GMT+0100 (CET);Thu Nov 14 2019 11:19:49 GMT+0100 (CET);1573730389000;2.76;657.88;12.07
1380556889530408;21.5;36.6;Thu Nov 14 2019 12:21:42 GMT+0100 (CET);Thu Nov 14 2019 11:21:42 GMT+0100 (CET);1573730502000;2.6;627.19;11.99
1380556889530408;21.5;36.5;Thu Nov 14 2019 12:23:42 GMT+0100 (CET);Thu Nov 14 2019 11:23:42 GMT+0100 (CET);1573730622000;2.65;650.23;11.89
1380556889530408;23;36.5;Thu Nov 14 2019 12:25:39 GMT+0100 (CET);Thu Nov 14 2019 11:25:39 GMT+0100 (CET);1573730739000;2.4;586.23;11.82
1380556889530408;23;36.7;Thu Nov 14 2019 12:27:35 GMT+0100 (CET);Thu Nov 14 2019 11:27:35 GMT+0100 (CET);1573730855000;2.22;537.59;11.74
1380556889530408;23;36.7;Thu Nov 14 2019 12:29:28 GMT+0100 (CET);Thu Nov 14 2019 11:29:28 GMT+0100 (CET);1573730968000;2.6;637.43;11.57
1380556889530408;23;36.9;Thu Nov 14 2019 12:31:21 GMT+0100 (CET);Thu Nov 14 2019 11:31:21 GMT+0100 (CET);1573731081000;2.71;660.64;11.78
1380556889530408;23;36.5;Thu Nov 14 2019 12:33:14 GMT+0100 (CET);Thu Nov 14 2019 11:33:14 GMT+0100 (CET);1573731194000;2.68;645.11;12.11
1380556889530408;23;36.4;Thu Nov 14 2019 12:35:10 GMT+0100 (CET);Thu Nov 14 2019 11:35:10 GMT+0100 (CET);1573731310000;2.73;655.35;12.42
1380556889530408;23;36.3;Thu Nov 14 2019 12:37:08 GMT+0100 (CET);Thu Nov 14 2019 11:37:08 GMT+0100 (CET);1573731428000;2.66;645.11;12.66
1380556889530408;23;36.5;Thu Nov 14 2019 12:39:01 GMT+0100 (CET);Thu Nov 14 2019 11:39:01 GMT+0100 (CET);1573731541000;2.64;639.99;12.92
1380556889530408;23.5;36.5;Thu Nov 14 2019 12:41:18 GMT+0100 (CET);Thu Nov 14 2019 11:41:18 GMT+0100 (CET);1573731678000;2.63;637.43;13.21
1380556889530408;23.5;36.4;Thu Nov 14 2019 12:43:15 GMT+0100 (CET);Thu Nov 14 2019 11:43:15 GMT+0100 (CET);1573731795000;2.62;632.31;13.3
1380556889530408;23.5;36.2;Thu Nov 14 2019 12:45:09 GMT+0100 (CET);Thu Nov 14 2019 11:45:09 GMT+0100 (CET);1573731909000;2.66;632.31;13.25
1380556889530408;23.5;36;Thu Nov 14 2019 12:47:03 GMT+0100 (CET);Thu Nov 14 2019 11:47:03 GMT+0100 (CET);1573732023000;2.63;627.19;13.35
1380556889530408;25;36.1;Thu Nov 14 2019 12:48:59 GMT+0100 (CET);Thu Nov 14 2019 11:48:59 GMT+0100 (CET);1573732139000;2.62;627.19;13.39
1380556889530408;25;36.2;Thu Nov 14 2019 12:50:54 GMT+0100 (CET);Thu Nov 14 2019 11:50:54 GMT+0100 (CET);1573732254000;2.6;622.07;13.42
1380556889530408;25;36.2;Thu Nov 14 2019 12:52:47 GMT+0100 (CET);Thu Nov 14 2019 11:52:47 GMT+0100 (CET);1573732367000;2.6;622.07;13.42
1380556889530408;25;36;Thu Nov 14 2019 12:54:56 GMT+0100 (CET);Thu Nov 14 2019 11:54:56 GMT+0100 (CET);1573732496000;2.6;616.95;13.39
1380556889530408;25;36;Thu Nov 14 2019 12:56:48 GMT+0100 (CET);Thu Nov 14 2019 11:56:48 GMT+0100 (CET);1573732608000;2.59;616.95;13.44
1380556889530408;25;35.9;Thu Nov 14 2019 12:58:41 GMT+0100 (CET);Thu Nov 14 2019 11:58:41 GMT+0100 (CET);1573732721000;2.57;614.39;13.82
1380556889530408;25;36;Thu Nov 14 2019 13:00:34 GMT+0100 (CET);Thu Nov 14 2019 12:00:34 GMT+0100 (CET);1573732834000;2.55;611.83;14.13
1380556889530408;25;36;Thu Nov 14 2019 13:02:28 GMT+0100 (CET);Thu Nov 14 2019 12:02:28 GMT+0100 (CET);1573732948000;2.52;604.15;14.38
1380556889530408;25.5;35.9;Thu Nov 14 2019 13:04:37 GMT+0100 (CET);Thu Nov 14 2019 12:04:37 GMT+0100 (CET);1573733077000;2.53;601.59;14.38
1380556889530408;25.5;35.8;Thu Nov 14 2019 13:06:30 GMT+0100 (CET);Thu Nov 14 2019 12:06:30 GMT+0100 (CET);1573733190000;2.51;599.03;14.3
1380556889530408;27;36;Thu Nov 14 2019 13:10:07 GMT+0100 (CET);Thu Nov 14 2019 12:10:07 GMT+0100 (CET);1573733407000;2.47;596.47;14.16
1380556889530408;27;36.1;Thu Nov 14 2019 13:12:05 GMT+0100 (CET);Thu Nov 14 2019 12:12:05 GMT+0100 (CET);1573733525000;2.44;593.91;14.14
1380556889530408;27;36.1;Thu Nov 14 2019 13:14:00 GMT+0100 (CET);Thu Nov 14 2019 12:14:00 GMT+0100 (CET);1573733640000;2.44;591.35;14.05
1380556889530408;27;36.3;Thu Nov 14 2019 13:16:00 GMT+0100 (CET);Thu Nov 14 2019 12:16:00 GMT+0100 (CET);1573733760000;2.4;586.23;14.14
1380556889530408;27;36.3;Thu Nov 14 2019 13:17:54 GMT+0100 (CET);Thu Nov 14 2019 12:17:54 GMT+0100 (CET);1573733874000;2.38;586.23;14.2
1380556889530408;27;36.6;Thu Nov 14 2019 13:20:13 GMT+0100 (CET);Thu Nov 14 2019 12:20:13 GMT+0100 (CET);1573734013000;2.32;578.55;13.96
1380556889530408;27;36.7;Thu Nov 14 2019 13:22:11 GMT+0100 (CET);Thu Nov 14 2019 12:22:11 GMT+0100 (CET);1573734131000;2.29;575.99;13.73
1380556889530408;27;36.8;Thu Nov 14 2019 13:24:05 GMT+0100 (CET);Thu Nov 14 2019 12:24:05 GMT+0100 (CET);1573734245000;2.28;573.43;13.52
1380556889530408;27;36.9;Thu Nov 14 2019 13:26:03 GMT+0100 (CET);Thu Nov 14 2019 12:26:03 GMT+0100 (CET);1573734363000;2.27;570.87;13.38
1380556889530408;27;37;Thu Nov 14 2019 13:27:59 GMT+0100 (CET);Thu Nov 14 2019 12:27:59 GMT+0100 (CET);1573734479000;2.23;565.75;13.14
1380556889530408;27;37.1;Thu Nov 14 2019 13:29:52 GMT+0100 (CET);Thu Nov 14 2019 12:29:52 GMT+0100 (CET);1573734592000;2.21;563.19;12.97
1380556889530408;27;37.1;Thu Nov 14 2019 13:31:50 GMT+0100 (CET);Thu Nov 14 2019 12:31:50 GMT+0100 (CET);1573734710000;2.21;560.63;12.83
1380556889530408;27;37.1;Thu Nov 14 2019 13:33:43 GMT+0100 (CET);Thu Nov 14 2019 12:33:43 GMT+0100 (CET);1573734823000;2.18;555.51;12.87
1380556889530408;25.5;37.1;Thu Nov 14 2019 13:35:47 GMT+0100 (CET);Thu Nov 14 2019 12:35:47 GMT+0100 (CET);1573734947000;2.17;555.51;13.03
1380556889530408;25.5;37.2;Thu Nov 14 2019 13:38:21 GMT+0100 (CET);Thu Nov 14 2019 12:38:21 GMT+0100 (CET);1573735101000;2.16;552.95;13.03
1380556889530408;25.5;37.2;Thu Nov 14 2019 13:40:14 GMT+0100 (CET);Thu Nov 14 2019 12:40:14 GMT+0100 (CET);1573735214000;2.12;547.83;13.01
1380556889530408;25;37.3;Thu Nov 14 2019 13:42:16 GMT+0100 (CET);Thu Nov 14 2019 12:42:16 GMT+0100 (CET);1573735336000;2.11;545.27;12.88
1380556889530408;25;37.3;Thu Nov 14 2019 13:44:12 GMT+0100 (CET);Thu Nov 14 2019 12:44:12 GMT+0100 (CET);1573735452000;2.1;542.71;12.76
1380556889530408;25;37.2;Thu Nov 14 2019 13:46:04 GMT+0100 (CET);Thu Nov 14 2019 12:46:04 GMT+0100 (CET);1573735564000;2.09;540.15;12.87
1380556889530408;25;37.3;Thu Nov 14 2019 13:47:57 GMT+0100 (CET);Thu Nov 14 2019 12:47:57 GMT+0100 (CET);1573735677000;2.05;522.23;13.01
1380556889530408;25;37.2;Thu Nov 14 2019 13:49:58 GMT+0100 (CET);Thu Nov 14 2019 12:49:58 GMT+0100 (CET);1573735798000;1.74;437.75;13.06
1380556889530408;25;37;Thu Nov 14 2019 13:52:05 GMT+0100 (CET);Thu Nov 14 2019 12:52:05 GMT+0100 (CET);1573735925000;1.1;300.5;12.8
1380556889530408;25;37.1;Thu Nov 14 2019 13:53:58 GMT+0100 (CET);Thu Nov 14 2019 12:53:58 GMT+0100 (CET);1573736038000;1.2;324.21;12.44
1380556889530408;23.5;37.5;Thu Nov 14 2019 13:55:51 GMT+0100 (CET);Thu Nov 14 2019 12:55:51 GMT+0100 (CET);1573736151000;1.33;315.97;12.14
1380556889530408;23.5;37.9;Thu Nov 14 2019 13:57:44 GMT+0100 (CET);Thu Nov 14 2019 12:57:44 GMT+0100 (CET);1573736264000;1.56;409.59;12
1380556889530408;23.5;37.7;Thu Nov 14 2019 13:59:38 GMT+0100 (CET);Thu Nov 14 2019 12:59:38 GMT+0100 (CET);1573736378000;1.38;358.39;11.78
1380556889530408;23.5;37.1;Thu Nov 14 2019 14:01:32 GMT+0100 (CET);Thu Nov 14 2019 13:01:32 GMT+0100 (CET);1573736492000;0.59;156.67;11.43
1380556889530408;23.5;36.1;Thu Nov 14 2019 14:03:34 GMT+0100 (CET);Thu Nov 14 2019 13:03:34 GMT+0100 (CET);1573736614000;0.81;215.09;11.05
1380556889530408;21;37.1;Thu Nov 14 2019 14:05:28 GMT+0100 (CET);Thu Nov 14 2019 13:05:28 GMT+0100 (CET);1573736728000;1.03;267.93;10.78
1380556889530408;21;37.5;Thu Nov 14 2019 14:07:47 GMT+0100 (CET);Thu Nov 14 2019 13:07:47 GMT+0100 (CET);1573736867000;0.74;196.43;10.78
1380556889530408;21;37.1;Thu Nov 14 2019 14:09:40 GMT+0100 (CET);Thu Nov 14 2019 13:09:40 GMT+0100 (CET);1573736980000;0.7;182.98;10.68
1380556889530408;21;37.2;Thu Nov 14 2019 14:11:33 GMT+0100 (CET);Thu Nov 14 2019 13:11:33 GMT+0100 (CET);1573737093000;0.98;246.96;10.6
1380556889530408;21;37.2;Thu Nov 14 2019 14:13:27 GMT+0100 (CET);Thu Nov 14 2019 13:13:27 GMT+0100 (CET);1573737207000;1.07;272.71;10.48
1380556889530408;19.5;36.3;Thu Nov 14 2019 14:15:20 GMT+0100 (CET);Thu Nov 14 2019 13:15:20 GMT+0100 (CET);1573737320000;1.17;266.43;10.39
1380556889530408;19.5;36;Thu Nov 14 2019 14:17:20 GMT+0100 (CET);Thu Nov 14 2019 13:17:20 GMT+0100 (CET);1573737440000;1.29;319.58;10.42
1380556889530408;19;35.9;Thu Nov 14 2019 14:19:14 GMT+0100 (CET);Thu Nov 14 2019 13:19:14 GMT+0100 (CET);1573737554000;0.73;181.35;10.42
1380556889530408;19;37.3;Thu Nov 14 2019 14:21:12 GMT+0100 (CET);Thu Nov 14 2019 13:21:12 GMT+0100 (CET);1573737672000;0.77;193.9;10.21
1380556889530408;17.5;36.2;Thu Nov 14 2019 14:23:19 GMT+0100 (CET);Thu Nov 14 2019 13:23:19 GMT+0100 (CET);1573737799000;1.2;277.08;10.14
1380556889530408;17.5;35.4;Thu Nov 14 2019 14:25:11 GMT+0100 (CET);Thu Nov 14 2019 13:25:11 GMT+0100 (CET);1573737911000;0.69;154.63;10.05
1380556889530408;17.5;35.7;Thu Nov 14 2019 14:27:25 GMT+0100 (CET);Thu Nov 14 2019 13:27:25 GMT+0100 (CET);1573738045000;0.5;115.81;9.76
1380556889530408;17;35.7;Thu Nov 14 2019 14:29:17 GMT+0100 (CET);Thu Nov 14 2019 13:29:17 GMT+0100 (CET);1573738157000;0.49;114.19;9.5
1380556889530408;17;36.7;Thu Nov 14 2019 14:31:15 GMT+0100 (CET);Thu Nov 14 2019 13:31:15 GMT+0100 (CET);1573738275000;0.55;138.59;9.19
1380556889530408;17;37.1;Thu Nov 14 2019 14:33:08 GMT+0100 (CET);Thu Nov 14 2019 13:33:08 GMT+0100 (CET);1573738388000;0.58;143.16;8.97
1380556889530408;17;36.2;Thu Nov 14 2019 14:35:31 GMT+0100 (CET);Thu Nov 14 2019 13:35:31 GMT+0100 (CET);1573738531000;0.41;99.34;8.75
1380556889530408;14.4;36.1;Thu Nov 14 2019 14:37:39 GMT+0100 (CET);Thu Nov 14 2019 13:37:39 GMT+0100 (CET);1573738659000;0.41;99.28;8.57
1380556889530408;14.4;36.2;Thu Nov 14 2019 14:39:32 GMT+0100 (CET);Thu Nov 14 2019 13:39:32 GMT+0100 (CET);1573738772000;0.63;155.5;8.51
1380556889530408;14.4;37.7;Thu Nov 14 2019 14:41:25 GMT+0100 (CET);Thu Nov 14 2019 13:41:25 GMT+0100 (CET);1573738885000;0.88;222.65;8.6
1380556889530408;14.4;37.7;Thu Nov 14 2019 14:43:24 GMT+0100 (CET);Thu Nov 14 2019 13:43:24 GMT+0100 (CET);1573739004000;0.97;252.44;8.85
1380556889530408;14.4;38.1;Thu Nov 14 2019 14:45:17 GMT+0100 (CET);Thu Nov 14 2019 13:45:17 GMT+0100 (CET);1573739117000;1.46;366.07;9.14
1380556889530408;14.4;38.1;Thu Nov 14 2019 14:47:21 GMT+0100 (CET);Thu Nov 14 2019 13:47:21 GMT+0100 (CET);1573739241000;1.64;422.39;9.86
1380556889530408;14.4;38.1;Thu Nov 14 2019 14:49:27 GMT+0100 (CET);Thu Nov 14 2019 13:49:27 GMT+0100 (CET);1573739367000;1.66;430.07;10.51
1380556889530408;15.9;38.3;Thu Nov 14 2019 14:51:20 GMT+0100 (CET);Thu Nov 14 2019 13:51:20 GMT+0100 (CET);1573739480000;1.53;417.27;11.2
1380556889530408;15.9;38.2;Thu Nov 14 2019 14:53:55 GMT+0100 (CET);Thu Nov 14 2019 13:53:55 GMT+0100 (CET);1573739635000;1.53;412.15;11.84
1380556889530408;19;38.1;Thu Nov 14 2019 14:55:48 GMT+0100 (CET);Thu Nov 14 2019 13:55:48 GMT+0100 (CET);1573739748000;1.51;407.03;12.18
1380556889530408;19;37.8;Thu Nov 14 2019 14:57:41 GMT+0100 (CET);Thu Nov 14 2019 13:57:41 GMT+0100 (CET);1573739861000;1.46;391.67;12.43
1380556889530408;19;37.9;Thu Nov 14 2019 14:59:35 GMT+0100 (CET);Thu Nov 14 2019 13:59:35 GMT+0100 (CET);1573739975000;1.36;368.63;12.75
1380556889530408;19.5;37.9;Thu Nov 14 2019 15:01:38 GMT+0100 (CET);Thu Nov 14 2019 14:01:38 GMT+0100 (CET);1573740098000;1.34;348.15;12.89
1380556889530408;19.5;36.9;Thu Nov 14 2019 15:03:40 GMT+0100 (CET);Thu Nov 14 2019 14:03:40 GMT+0100 (CET);1573740220000;1.25;322.64;13
1380556889530408;19.5;36.7;Thu Nov 14 2019 15:05:34 GMT+0100 (CET);Thu Nov 14 2019 14:05:34 GMT+0100 (CET);1573740334000;1.16;308.12;13.03
1380556889530408;19.5;36.6;Thu Nov 14 2019 15:07:31 GMT+0100 (CET);Thu Nov 14 2019 14:07:31 GMT+0100 (CET);1573740451000;1.09;291.75;12.98
1380556889530408;19.5;37.4;Thu Nov 14 2019 15:09:29 GMT+0100 (CET);Thu Nov 14 2019 14:09:29 GMT+0100 (CET);1573740569000;0.98;281.26;12.9
1380556889530408;21;37.1;Thu Nov 14 2019 15:11:22 GMT+0100 (CET);Thu Nov 14 2019 14:11:22 GMT+0100 (CET);1573740682000;0.92;273.01;12.87
1380556889530408;21;37.6;Thu Nov 14 2019 15:13:14 GMT+0100 (CET);Thu Nov 14 2019 14:13:14 GMT+0100 (CET);1573740794000;0.92;264.04;12.85
1380556889530408;19.5;37.9;Thu Nov 14 2019 15:15:08 GMT+0100 (CET);Thu Nov 14 2019 14:15:08 GMT+0100 (CET);1573740908000;0.81;258.43;12.67
1380556889530408;19.5;38.6;Thu Nov 14 2019 15:17:03 GMT+0100 (CET);Thu Nov 14 2019 14:17:03 GMT+0100 (CET);1573741023000;0.78;252.84;12.53
1380556889530408;19.5;38.1;Thu Nov 14 2019 15:18:57 GMT+0100 (CET);Thu Nov 14 2019 14:18:57 GMT+0100 (CET);1573741137000;0.78;236.97;12.41
1380556889530408;19.5;37.9;Thu Nov 14 2019 15:20:52 GMT+0100 (CET);Thu Nov 14 2019 14:20:52 GMT+0100 (CET);1573741252000;0.71;211.94;12.11
1380556889530408;19.5;37.8;Thu Nov 14 2019 15:22:51 GMT+0100 (CET);Thu Nov 14 2019 14:22:51 GMT+0100 (CET);1573741371000;0.72;216.47;11.78
1380556889530408;19;38.1;Thu Nov 14 2019 15:25:02 GMT+0100 (CET);Thu Nov 14 2019 14:25:02 GMT+0100 (CET);1573741502000;0.64;202.78;11.42
1380556889530408;19;38.7;Thu Nov 14 2019 15:27:00 GMT+0100 (CET);Thu Nov 14 2019 14:27:00 GMT+0100 (CET);1573741620000;0.61;210.68;11.13
1380556889530408;19;39.2;Thu Nov 14 2019 15:28:53 GMT+0100 (CET);Thu Nov 14 2019 14:28:53 GMT+0100 (CET);1573741733000;0.52;199.81;11.02
1380556889530408;19;39.4;Thu Nov 14 2019 15:30:46 GMT+0100 (CET);Thu Nov 14 2019 14:30:46 GMT+0100 (CET);1573741846000;0.44;184.4;10.97
1380556889530408;19;39.4;Thu Nov 14 2019 15:33:07 GMT+0100 (CET);Thu Nov 14 2019 14:33:07 GMT+0100 (CET);1573741987000;0.3;135.05;10.6
1380556889530408;19;39.6;Thu Nov 14 2019 15:35:01 GMT+0100 (CET);Thu Nov 14 2019 14:35:01 GMT+0100 (CET);1573742101000;0.24;109.15;10.25
1380556889530408;19;39.7;Thu Nov 14 2019 15:37:04 GMT+0100 (CET);Thu Nov 14 2019 14:37:04 GMT+0100 (CET);1573742224000;0.2;79.99;9.87
1380556889530408;17.5;38.3;Thu Nov 14 2019 15:38:58 GMT+0100 (CET);Thu Nov 14 2019 14:38:58 GMT+0100 (CET);1573742338000;0.16;40.27;9.5
1380556889530408;17.5;38.1;Thu Nov 14 2019 15:40:54 GMT+0100 (CET);Thu Nov 14 2019 14:40:54 GMT+0100 (CET);1573742454000;0.16;30.34;8.92
1380556889530408;17.5;39.6;Thu Nov 14 2019 15:42:55 GMT+0100 (CET);Thu Nov 14 2019 14:42:55 GMT+0100 (CET);1573742575000;0.14;31.82;8.51
1380556889530408;17;37.8;Thu Nov 14 2019 15:44:47 GMT+0100 (CET);Thu Nov 14 2019 14:44:47 GMT+0100 (CET);1573742687000;0.13;33.98;8.22
1380556889530408;17;34.2;Thu Nov 14 2019 15:46:43 GMT+0100 (CET);Thu Nov 14 2019 14:46:43 GMT+0100 (CET);1573742803000;0.12;29.38;7.94
1380556889530408;13.4;33.9;Thu Nov 14 2019 15:48:38 GMT+0100 (CET);Thu Nov 14 2019 14:48:38 GMT+0100 (CET);1573742918000;0.11;27.01;7.7
1380556889530408;13.4;34.3;Thu Nov 14 2019 15:50:31 GMT+0100 (CET);Thu Nov 14 2019 14:50:31 GMT+0100 (CET);1573743031000;0.1;27;7.49
1380556889530408;13.4;34.5;Thu Nov 14 2019 15:52:26 GMT+0100 (CET);Thu Nov 14 2019 14:52:26 GMT+0100 (CET);1573743146000;0.1;28.01;7.35
1380556889530408;12.9;34.4;Thu Nov 14 2019 15:54:20 GMT+0100 (CET);Thu Nov 14 2019 14:54:20 GMT+0100 (CET);1573743260000;0.11;27.2;7.22
1380556889530408;12.9;34.2;Thu Nov 14 2019 15:56:19 GMT+0100 (CET);Thu Nov 14 2019 14:56:19 GMT+0100 (CET);1573743379000;0.1;26.3;7.1
1380556889530408;10.9;33.9;Thu Nov 14 2019 15:58:11 GMT+0100 (CET);Thu Nov 14 2019 14:58:11 GMT+0100 (CET);1573743491000;0.1;24.99;7
1380556889530408;10.9;33.5;Thu Nov 14 2019 16:00:04 GMT+0100 (CET);Thu Nov 14 2019 15:00:04 GMT+0100 (CET);1573743604000;0.09;22.66;6.92
1380556889530408;9.4;33.1;Thu Nov 14 2019 16:01:58 GMT+0100 (CET);Thu Nov 14 2019 15:01:58 GMT+0100 (CET);1573743718000;0.09;20.49;6.82
1380556889530408;9.4;32.5;Thu Nov 14 2019 16:04:09 GMT+0100 (CET);Thu Nov 14 2019 15:04:09 GMT+0100 (CET);1573743849000;0.08;18.48;6.67
1380556889530408;9.4;32;Thu Nov 14 2019 16:05:57 GMT+0100 (CET);Thu Nov 14 2019 15:05:57 GMT+0100 (CET);1573743957000;0.08;18.65;6.61
1380556889530408;8.9;31.9;Thu Nov 14 2019 16:08:13 GMT+0100 (CET);Thu Nov 14 2019 15:08:13 GMT+0100 (CET);1573744093000;0.07;16.76;6.53
1380556889530408;8.9;31.8;Thu Nov 14 2019 16:10:11 GMT+0100 (CET);Thu Nov 14 2019 15:10:11 GMT+0100 (CET);1573744211000;0.07;16.02;6.51
1380556889530408;8.9;31.4;Thu Nov 14 2019 16:12:17 GMT+0100 (CET);Thu Nov 14 2019 15:12:17 GMT+0100 (CET);1573744337000;0.07;14.81;6.49
1380556889530408;8.9;31.1;Thu Nov 14 2019 16:14:09 GMT+0100 (CET);Thu Nov 14 2019 15:14:09 GMT+0100 (CET);1573744449000;0;13.24;6.41
1380556889530408;7.4;31;Thu Nov 14 2019 16:16:02 GMT+0100 (CET);Thu Nov 14 2019 15:16:02 GMT+0100 (CET);1573744562000;0;11.54;6.35
1380556889530408;7.4;30.2;Thu Nov 14 2019 16:17:56 GMT+0100 (CET);Thu Nov 14 2019 15:17:56 GMT+0100 (CET);1573744676000;0;10.01;6.25
1380556889530408;7.4;30.2;Thu Nov 14 2019 16:19:57 GMT+0100 (CET);Thu Nov 14 2019 15:19:57 GMT+0100 (CET);1573744797000;0;9.3;6.17
1380556889530408;7.4;29.9;Thu Nov 14 2019 16:21:50 GMT+0100 (CET);Thu Nov 14 2019 15:21:50 GMT+0100 (CET);1573744910000;0;7.83;6.08
1380556889530408;7.4;29.2;Thu Nov 14 2019 16:23:43 GMT+0100 (CET);Thu Nov 14 2019 15:23:43 GMT+0100 (CET);1573745023000;0;6.8;6
1380556889530408;5.4;28.9;Thu Nov 14 2019 16:25:39 GMT+0100 (CET);Thu Nov 14 2019 15:25:39 GMT+0100 (CET);1573745139000;0;6.43;5.94
1380556889530408;5.4;34.3;Thu Nov 14 2019 16:27:35 GMT+0100 (CET);Thu Nov 14 2019 15:27:35 GMT+0100 (CET);1573745255000;0;4.86;5.85
1380556889530408;5.4;33.7;Thu Nov 14 2019 16:29:28 GMT+0100 (CET);Thu Nov 14 2019 15:29:28 GMT+0100 (CET);1573745368000;0;4.53;5.79
1380556889530408;7.4;31.3;Thu Nov 14 2019 16:31:20 GMT+0100 (CET);Thu Nov 14 2019 15:31:20 GMT+0100 (CET);1573745480000;0;3.28;5.68
1380556889530408;7.4;32.1;Thu Nov 14 2019 16:33:16 GMT+0100 (CET);Thu Nov 14 2019 15:33:16 GMT+0100 (CET);1573745596000;0;2.39;5.6
1380556889530408;7.4;31.3;Thu Nov 14 2019 16:35:17 GMT+0100 (CET);Thu Nov 14 2019 15:35:17 GMT+0100 (CET);1573745717000;0;2.33;5.56
1380556889530408;7.4;28.5;Thu Nov 14 2019 16:37:10 GMT+0100 (CET);Thu Nov 14 2019 15:37:10 GMT+0100 (CET);1573745830000;0;1.06;5.48
1380556889530408;5.4;20.9;Thu Nov 14 2019 16:39:04 GMT+0100 (CET);Thu Nov 14 2019 15:39:04 GMT+0100 (CET);1573745944000;0;0.46;5.39
1380556889530408;5.4;20.9;Thu Nov 14 2019 16:40:58 GMT+0100 (CET);Thu Nov 14 2019 15:40:58 GMT+0100 (CET);1573746058000;0;0.42;5.36
1380556889530408;5.4;20.9;Thu Nov 14 2019 16:42:53 GMT+0100 (CET);Thu Nov 14 2019 15:42:53 GMT+0100 (CET);1573746173000;0;0.35;5.32
1380556889530408;4.9;32.2;Fri Nov 15 2019 07:54:05 GMT+0100 (CET);Fri Nov 15 2019 06:54:05 GMT+0100 (CET);1573800845000;0;7.73;4.66
1380556889530408;4.9;34.7;Fri Nov 15 2019 07:55:59 GMT+0100 (CET);Fri Nov 15 2019 06:55:59 GMT+0100 (CET);1573800959000;0;8.81;4.72
1380556889530408;4.9;35.5;Fri Nov 15 2019 07:57:53 GMT+0100 (CET);Fri Nov 15 2019 06:57:53 GMT+0100 (CET);1573801073000;0;9.84;4.75
1380556889530408;5.4;30;Fri Nov 15 2019 07:59:49 GMT+0100 (CET);Fri Nov 15 2019 06:59:49 GMT+0100 (CET);1573801189000;0;11.34;4.78
1380556889530408;5.4;30.7;Fri Nov 15 2019 08:01:52 GMT+0100 (CET);Fri Nov 15 2019 07:01:52 GMT+0100 (CET);1573801312000;0;12.69;4.79
1380556889530408;4.9;31.3;Fri Nov 15 2019 08:03:46 GMT+0100 (CET);Fri Nov 15 2019 07:03:46 GMT+0100 (CET);1573801426000;0;14.95;4.81
1380556889530408;4.9;32.2;Fri Nov 15 2019 08:06:00 GMT+0100 (CET);Fri Nov 15 2019 07:06:00 GMT+0100 (CET);1573801560000;0.07;17.86;4.84
1380556889530408;5.4;33.3;Fri Nov 15 2019 08:08:26 GMT+0100 (CET);Fri Nov 15 2019 07:08:26 GMT+0100 (CET);1573801706000;0.08;21.48;4.88
1380556889530408;5.4;33.7;Fri Nov 15 2019 08:10:21 GMT+0100 (CET);Fri Nov 15 2019 07:10:21 GMT+0100 (CET);1573801821000;0.1;25;4.91
1380556889530408;6.9;34.3;Fri Nov 15 2019 08:12:22 GMT+0100 (CET);Fri Nov 15 2019 07:12:22 GMT+0100 (CET);1573801942000;0.12;33.62;4.97
1380556889530408;6.9;34.6;Fri Nov 15 2019 08:14:14 GMT+0100 (CET);Fri Nov 15 2019 07:14:14 GMT+0100 (CET);1573802054000;0.15;47.06;5.03
1380556889530408;6.9;34.8;Fri Nov 15 2019 08:16:20 GMT+0100 (CET);Fri Nov 15 2019 07:16:20 GMT+0100 (CET);1573802180000;0.19;117.46;5.14
1380556889530408;7.4;35;Fri Nov 15 2019 08:18:26 GMT+0100 (CET);Fri Nov 15 2019 07:18:26 GMT+0100 (CET);1573802306000;0.23;145.69;5.47
1380556889530408;7.4;35.2;Fri Nov 15 2019 08:20:38 GMT+0100 (CET);Fri Nov 15 2019 07:20:38 GMT+0100 (CET);1573802438000;0.27;180.63;5.91
1380556889530408;7.4;35.3;Fri Nov 15 2019 08:23:09 GMT+0100 (CET);Fri Nov 15 2019 07:23:09 GMT+0100 (CET);1573802589000;0.33;207.87;6.43
1380556889530408;7.4;35.4;Fri Nov 15 2019 08:25:05 GMT+0100 (CET);Fri Nov 15 2019 07:25:05 GMT+0100 (CET);1573802705000;0.38;263.76;7.01
1380556889530408;8.9;35.2;Fri Nov 15 2019 08:27:10 GMT+0100 (CET);Fri Nov 15 2019 07:27:10 GMT+0100 (CET);1573802830000;0.41;295.85;7.54
1380556889530408;8.9;36.4;Fri Nov 15 2019 08:29:14 GMT+0100 (CET);Fri Nov 15 2019 07:29:14 GMT+0100 (CET);1573802954000;0.41;311.15;8.14
1380556889530408;8.9;35.5;Fri Nov 15 2019 08:31:24 GMT+0100 (CET);Fri Nov 15 2019 07:31:24 GMT+0100 (CET);1573803084000;0.42;318.75;8.82
1380556889530408;9.4;34.7;Fri Nov 15 2019 08:33:19 GMT+0100 (CET);Fri Nov 15 2019 07:33:19 GMT+0100 (CET);1573803199000;0.42;325.97;9.28
1380556889530408;9.4;34.5;Fri Nov 15 2019 08:36:00 GMT+0100 (CET);Fri Nov 15 2019 07:36:00 GMT+0100 (CET);1573803360000;0.48;337.91;9.78
1380556889530408;9.4;34.5;Fri Nov 15 2019 08:38:40 GMT+0100 (CET);Fri Nov 15 2019 07:38:40 GMT+0100 (CET);1573803520000;1.41;350.71;10.23
1380556889530408;5.4;23.6;Fri Nov 15 2019 08:43:26 GMT+0100 (CET);Fri Nov 15 2019 07:43:26 GMT+0100 (CET);1573803806000;1.5;348.15;10.84
1380556889530408;5.4;24.5;Fri Nov 15 2019 08:45:50 GMT+0100 (CET);Fri Nov 15 2019 07:45:50 GMT+0100 (CET);1573803950000;1.5;355.83;11.04
1380556889530408;6.9;25.2;Fri Nov 15 2019 08:47:52 GMT+0100 (CET);Fri Nov 15 2019 07:47:52 GMT+0100 (CET);1573804072000;1.43;337.91;11.12
1380556889530408;19;35.2;Fri Nov 15 2019 11:24:50 GMT+0100 (CET);Fri Nov 15 2019 10:24:50 GMT+0100 (CET);1573813490000;0.8;180.96;12.28
1380556889530408;19;35.1;Fri Nov 15 2019 11:36:49 GMT+0100 (CET);Fri Nov 15 2019 10:36:49 GMT+0100 (CET);1573814209000;0.73;148.67;12.07
1380556889530408;17.5;35.2;Fri Nov 15 2019 11:47:30 GMT+0100 (CET);Fri Nov 15 2019 10:47:30 GMT+0100 (CET);1573814850000;0.73;151.22;12.11
1380556889530408;14.4;33.3;Fri Nov 15 2019 12:20:34 GMT+0100 (CET);Fri Nov 15 2019 11:20:34 GMT+0100 (CET);1573816834000;0.29;59.54;10.63
1380556889530408;14.4;33.3;Fri Nov 15 2019 12:22:30 GMT+0100 (CET);Fri Nov 15 2019 11:22:30 GMT+0100 (CET);1573816950000;0.31;62.29;10.57
1380556889530408;14.4;33.3;Fri Nov 15 2019 12:24:23 GMT+0100 (CET);Fri Nov 15 2019 11:24:23 GMT+0100 (CET);1573817063000;0.33;65.31;10.5
1380556889530408;14.4;33.5;Fri Nov 15 2019 12:26:16 GMT+0100 (CET);Fri Nov 15 2019 11:26:16 GMT+0100 (CET);1573817176000;0.32;65.37;10.42
1380556889530408;14.4;33.5;Fri Nov 15 2019 12:28:09 GMT+0100 (CET);Fri Nov 15 2019 11:28:09 GMT+0100 (CET);1573817289000;0.33;65.18;10.39
1380556889530408;14.4;33.4;Fri Nov 15 2019 12:30:02 GMT+0100 (CET);Fri Nov 15 2019 11:30:02 GMT+0100 (CET);1573817402000;0.31;63.03;10.35
1380556889530408;14.4;33.4;Fri Nov 15 2019 12:31:55 GMT+0100 (CET);Fri Nov 15 2019 11:31:55 GMT+0100 (CET);1573817515000;0.29;59.41;10.32
1380556889530408;13.4;33.3;Fri Nov 15 2019 12:33:47 GMT+0100 (CET);Fri Nov 15 2019 11:33:47 GMT+0100 (CET);1573817627000;0.26;53.73;10.3
1380556889530408;13.4;33.3;Fri Nov 15 2019 12:35:40 GMT+0100 (CET);Fri Nov 15 2019 11:35:40 GMT+0100 (CET);1573817740000;0.24;49.03;10.27
1380556889530408;13.4;33;Fri Nov 15 2019 12:37:33 GMT+0100 (CET);Fri Nov 15 2019 11:37:33 GMT+0100 (CET);1573817853000;0.23;46.52;10.23
1380556889530408;13.4;32.8;Fri Nov 15 2019 12:39:26 GMT+0100 (CET);Fri Nov 15 2019 11:39:26 GMT+0100 (CET);1573817966000;0.23;45.67;10.18
1380556889530408;13.4;32.8;Fri Nov 15 2019 12:41:18 GMT+0100 (CET);Fri Nov 15 2019 11:41:18 GMT+0100 (CET);1573818078000;0.23;45.44;10.14
1380556889530408;13.4;32.7;Fri Nov 15 2019 12:43:16 GMT+0100 (CET);Fri Nov 15 2019 11:43:16 GMT+0100 (CET);1573818196000;0.24;47.7;10.11
1380556889530408;13.4;32.9;Fri Nov 15 2019 12:45:59 GMT+0100 (CET);Fri Nov 15 2019 11:45:59 GMT+0100 (CET);1573818359000;0.26;52.09;10.06
1380556889530408;13.4;33;Fri Nov 15 2019 12:47:55 GMT+0100 (CET);Fri Nov 15 2019 11:47:55 GMT+0100 (CET);1573818475000;0.25;50.32;10.03
1380556889530408;13.4;33.1;Fri Nov 15 2019 12:49:48 GMT+0100 (CET);Fri Nov 15 2019 11:49:48 GMT+0100 (CET);1573818588000;0.24;46.69;10
1380556889530408;13.4;32.8;Fri Nov 15 2019 12:51:41 GMT+0100 (CET);Fri Nov 15 2019 11:51:41 GMT+0100 (CET);1573818701000;0.23;45.79;9.98
1380556889530408;13.4;32.9;Fri Nov 15 2019 12:53:34 GMT+0100 (CET);Fri Nov 15 2019 11:53:34 GMT+0100 (CET);1573818814000;0.23;46.13;9.94
1380556889530408;13.4;32.9;Fri Nov 15 2019 12:55:28 GMT+0100 (CET);Fri Nov 15 2019 11:55:28 GMT+0100 (CET);1573818928000;0.24;47.3;9.94
1380556889530408;12.9;33;Fri Nov 15 2019 12:57:21 GMT+0100 (CET);Fri Nov 15 2019 11:57:21 GMT+0100 (CET);1573819041000;0.25;48.17;9.92
1380556889530408;12.9;32.8;Fri Nov 15 2019 12:59:14 GMT+0100 (CET);Fri Nov 15 2019 11:59:14 GMT+0100 (CET);1573819154000;0.24;48.36;9.9
1380556889530408;12.9;33.1;Fri Nov 15 2019 13:01:06 GMT+0100 (CET);Fri Nov 15 2019 12:01:06 GMT+0100 (CET);1573819266000;0.25;49.52;9.89
1380556889530408;12.9;33.2;Fri Nov 15 2019 13:02:59 GMT+0100 (CET);Fri Nov 15 2019 12:02:59 GMT+0100 (CET);1573819379000;0.25;50.94;9.88
1380556889530408;12.9;33;Fri Nov 15 2019 13:04:52 GMT+0100 (CET);Fri Nov 15 2019 12:04:52 GMT+0100 (CET);1573819492000;0.26;51.61;9.85
1380556889530408;13.4;33.2;Fri Nov 15 2019 13:06:46 GMT+0100 (CET);Fri Nov 15 2019 12:06:46 GMT+0100 (CET);1573819606000;0.27;53.23;9.82
1380556889530408;13.4;33.3;Fri Nov 15 2019 13:08:39 GMT+0100 (CET);Fri Nov 15 2019 12:08:39 GMT+0100 (CET);1573819719000;0.28;54.97;9.8
1380556889530408;13.4;33.3;Fri Nov 15 2019 13:10:32 GMT+0100 (CET);Fri Nov 15 2019 12:10:32 GMT+0100 (CET);1573819832000;0.28;54.53;9.77
1380556889530408;13.4;33.2;Fri Nov 15 2019 13:12:25 GMT+0100 (CET);Fri Nov 15 2019 12:12:25 GMT+0100 (CET);1573819945000;0.27;52.56;9.75
1380556889530408;13.4;33.2;Fri Nov 15 2019 13:14:17 GMT+0100 (CET);Fri Nov 15 2019 12:14:17 GMT+0100 (CET);1573820057000;0.26;51.12;9.71
1380556889530408;12.9;33.1;Fri Nov 15 2019 13:16:10 GMT+0100 (CET);Fri Nov 15 2019 12:16:10 GMT+0100 (CET);1573820170000;0.25;49.42;9.67
1380556889530408;12.9;33.1;Fri Nov 15 2019 13:18:03 GMT+0100 (CET);Fri Nov 15 2019 12:18:03 GMT+0100 (CET);1573820283000;0.24;47.44;9.62
1380556889530408;12.9;33;Fri Nov 15 2019 13:19:56 GMT+0100 (CET);Fri Nov 15 2019 12:19:56 GMT+0100 (CET);1573820396000;0.23;45.05;9.57
1380556889530408;13.4;33.1;Fri Nov 15 2019 13:21:49 GMT+0100 (CET);Fri Nov 15 2019 12:21:49 GMT+0100 (CET);1573820509000;0.23;44.21;9.53
1380556889530408;13.4;32.8;Fri Nov 15 2019 13:23:41 GMT+0100 (CET);Fri Nov 15 2019 12:23:41 GMT+0100 (CET);1573820621000;0.23;44.63;9.51
1380556889530408;12.9;32.9;Fri Nov 15 2019 13:25:34 GMT+0100 (CET);Fri Nov 15 2019 12:25:34 GMT+0100 (CET);1573820734000;0.23;45.06;9.5
1380556889530408;12.9;32.9;Fri Nov 15 2019 13:27:26 GMT+0100 (CET);Fri Nov 15 2019 12:27:26 GMT+0100 (CET);1573820846000;0.23;44.51;9.5
1380556889530408;12.9;32.9;Fri Nov 15 2019 13:29:19 GMT+0100 (CET);Fri Nov 15 2019 12:29:19 GMT+0100 (CET);1573820959000;0.21;42.29;9.48
1380556889530408;12.9;32.8;Fri Nov 15 2019 13:31:12 GMT+0100 (CET);Fri Nov 15 2019 12:31:12 GMT+0100 (CET);1573821072000;0.2;39.8;9.47
1380556889530408;12.9;32.5;Fri Nov 15 2019 13:33:05 GMT+0100 (CET);Fri Nov 15 2019 12:33:05 GMT+0100 (CET);1573821185000;0.2;39.28;9.46
1380556889530408;12.9;32.6;Fri Nov 15 2019 13:34:58 GMT+0100 (CET);Fri Nov 15 2019 12:34:58 GMT+0100 (CET);1573821298000;0.2;39.68;9.45
1380556889530408;12.9;32.6;Fri Nov 15 2019 13:36:51 GMT+0100 (CET);Fri Nov 15 2019 12:36:51 GMT+0100 (CET);1573821411000;0.2;37.61;9.43
1380556889530408;12.9;32.5;Fri Nov 15 2019 13:38:45 GMT+0100 (CET);Fri Nov 15 2019 12:38:45 GMT+0100 (CET);1573821525000;0.18;34.59;9.43
1380556889530408;12.9;32.5;Fri Nov 15 2019 13:40:37 GMT+0100 (CET);Fri Nov 15 2019 12:40:37 GMT+0100 (CET);1573821637000;0.16;31.65;9.42
1380556889530408;12.9;32;Fri Nov 15 2019 13:42:30 GMT+0100 (CET);Fri Nov 15 2019 12:42:30 GMT+0100 (CET);1573821750000;0.16;31.42;9.43
1380556889530408;12.9;32;Fri Nov 15 2019 13:44:26 GMT+0100 (CET);Fri Nov 15 2019 12:44:26 GMT+0100 (CET);1573821866000;0.16;30.82;9.42
1380556889530408;12.9;31.9;Fri Nov 15 2019 13:46:19 GMT+0100 (CET);Fri Nov 15 2019 12:46:19 GMT+0100 (CET);1573821979000;0.15;28.63;9.4
1380556889530408;12.9;31.8;Fri Nov 15 2019 13:48:12 GMT+0100 (CET);Fri Nov 15 2019 12:48:12 GMT+0100 (CET);1573822092000;0.14;27.85;9.41
1380556889530408;12.9;31.6;Fri Nov 15 2019 13:50:05 GMT+0100 (CET);Fri Nov 15 2019 12:50:05 GMT+0100 (CET);1573822205000;0.14;27.69;9.37
1380556889530408;12.9;32;Fri Nov 15 2019 13:52:14 GMT+0100 (CET);Fri Nov 15 2019 12:52:14 GMT+0100 (CET);1573822334000;0.14;29.5;9.32
1380556889530408;11.4;32.1;Fri Nov 15 2019 13:54:07 GMT+0100 (CET);Fri Nov 15 2019 12:54:07 GMT+0100 (CET);1573822447000;0.17;32.32;9.28
1380556889530408;11.4;32;Fri Nov 15 2019 13:56:00 GMT+0100 (CET);Fri Nov 15 2019 12:56:00 GMT+0100 (CET);1573822560000;0.17;34.2;9.23
1380556889530408;11.4;32.4;Fri Nov 15 2019 13:57:53 GMT+0100 (CET);Fri Nov 15 2019 12:57:53 GMT+0100 (CET);1573822673000;0.17;33.18;9.18
1380556889530408;11.4;32.2;Fri Nov 15 2019 13:59:46 GMT+0100 (CET);Fri Nov 15 2019 12:59:46 GMT+0100 (CET);1573822786000;0.16;31.46;9.14
1380556889530408;11.4;32.2;Fri Nov 15 2019 14:01:39 GMT+0100 (CET);Fri Nov 15 2019 13:01:39 GMT+0100 (CET);1573822899000;0.15;30.41;9.14
1380556889530408;11.4;32;Fri Nov 15 2019 14:03:32 GMT+0100 (CET);Fri Nov 15 2019 13:03:32 GMT+0100 (CET);1573823012000;0.15;29.61;9.1
1380556889530408;11.4;31.9;Fri Nov 15 2019 14:05:24 GMT+0100 (CET);Fri Nov 15 2019 13:05:24 GMT+0100 (CET);1573823124000;0.14;28.44;9.07
1380556889530408;11.4;31.6;Fri Nov 15 2019 14:07:32 GMT+0100 (CET);Fri Nov 15 2019 13:07:32 GMT+0100 (CET);1573823252000;0.14;28.41;9.06
1380556889530408;11.4;31.7;Fri Nov 15 2019 14:09:25 GMT+0100 (CET);Fri Nov 15 2019 13:09:25 GMT+0100 (CET);1573823365000;0.14;27.71;9.03
1380556889530408;11.4;31.6;Fri Nov 15 2019 14:11:19 GMT+0100 (CET);Fri Nov 15 2019 13:11:19 GMT+0100 (CET);1573823479000;0.13;26.31;9
1380556889530408;11.4;31.8;Fri Nov 15 2019 14:13:12 GMT+0100 (CET);Fri Nov 15 2019 13:13:12 GMT+0100 (CET);1573823592000;0.14;26.79;9
1380556889530408;11.4;31.8;Fri Nov 15 2019 14:15:05 GMT+0100 (CET);Fri Nov 15 2019 13:15:05 GMT+0100 (CET);1573823705000;0.14;27.59;8.98
1380556889530408;11.4;31.9;Fri Nov 15 2019 14:16:58 GMT+0100 (CET);Fri Nov 15 2019 13:16:58 GMT+0100 (CET);1573823818000;0.14;28.06;8.97
1380556889530408;11.4;32;Fri Nov 15 2019 14:18:50 GMT+0100 (CET);Fri Nov 15 2019 13:18:50 GMT+0100 (CET);1573823930000;0.14;29.09;8.96
1380556889530408;11.4;32.1;Fri Nov 15 2019 14:20:43 GMT+0100 (CET);Fri Nov 15 2019 13:20:43 GMT+0100 (CET);1573824043000;0.15;30.99;8.96
1380556889530408;11.4;32.4;Fri Nov 15 2019 14:22:36 GMT+0100 (CET);Fri Nov 15 2019 13:22:36 GMT+0100 (CET);1573824156000;0.17;33.73;8.96
1380556889530408;11.4;32.5;Fri Nov 15 2019 14:24:30 GMT+0100 (CET);Fri Nov 15 2019 13:24:30 GMT+0100 (CET);1573824270000;0.19;39.02;8.97
1380556889530408;11.4;32.4;Fri Nov 15 2019 14:26:22 GMT+0100 (CET);Fri Nov 15 2019 13:26:22 GMT+0100 (CET);1573824382000;0.23;45.5;8.99
1380556889530408;11.4;32.8;Fri Nov 15 2019 14:28:16 GMT+0100 (CET);Fri Nov 15 2019 13:28:16 GMT+0100 (CET);1573824496000;0.25;50.47;9
1380556889530408;11.4;33;Fri Nov 15 2019 14:30:08 GMT+0100 (CET);Fri Nov 15 2019 13:30:08 GMT+0100 (CET);1573824608000;0.27;55.38;9.05
1380556889530408;12.9;33.5;Fri Nov 15 2019 14:32:01 GMT+0100 (CET);Fri Nov 15 2019 13:32:01 GMT+0100 (CET);1573824721000;0.3;61.59;9.08
1380556889530408;12.9;33.3;Fri Nov 15 2019 14:33:59 GMT+0100 (CET);Fri Nov 15 2019 13:33:59 GMT+0100 (CET);1573824839000;0.35;70.02;9.11
1380556889530408;12.9;33.3;Fri Nov 15 2019 14:35:51 GMT+0100 (CET);Fri Nov 15 2019 13:35:51 GMT+0100 (CET);1573824951000;0.4;80.54;9.19
1380556889530408;12.9;34;Fri Nov 15 2019 14:37:44 GMT+0100 (CET);Fri Nov 15 2019 13:37:44 GMT+0100 (CET);1573825064000;0.42;85.58;9.27
1380556889530408;12.9;34.1;Fri Nov 15 2019 14:39:37 GMT+0100 (CET);Fri Nov 15 2019 13:39:37 GMT+0100 (CET);1573825177000;0.44;89.49;9.37
1380556889530408;12.9;34.4;Fri Nov 15 2019 14:41:31 GMT+0100 (CET);Fri Nov 15 2019 13:41:31 GMT+0100 (CET);1573825291000;0.47;96.11;9.49
1380556889530408;12.9;34.2;Fri Nov 15 2019 14:43:23 GMT+0100 (CET);Fri Nov 15 2019 13:43:23 GMT+0100 (CET);1573825403000;0.47;94.61;9.58
1380556889530408;12.9;34.1;Fri Nov 15 2019 14:45:16 GMT+0100 (CET);Fri Nov 15 2019 13:45:16 GMT+0100 (CET);1573825516000;0.4;79.51;9.67
1380556889530408;13.4;34.1;Fri Nov 15 2019 14:47:09 GMT+0100 (CET);Fri Nov 15 2019 13:47:09 GMT+0100 (CET);1573825629000;0.33;67.59;9.7
1380556889530408;13.4;34;Fri Nov 15 2019 14:49:02 GMT+0100 (CET);Fri Nov 15 2019 13:49:02 GMT+0100 (CET);1573825742000;0.27;56.1;9.75
1380556889530408;13.4;33.9;Fri Nov 15 2019 14:50:54 GMT+0100 (CET);Fri Nov 15 2019 13:50:54 GMT+0100 (CET);1573825854000;0.22;45.19;9.75
1380556889530408;13.4;33.9;Fri Nov 15 2019 14:52:44 GMT+0100 (CET);Fri Nov 15 2019 13:52:44 GMT+0100 (CET);1573825964000;0.16;35.79;9.73
1380556889530408;13.4;33.9;Fri Nov 15 2019 14:54:37 GMT+0100 (CET);Fri Nov 15 2019 13:54:37 GMT+0100 (CET);1573826077000;0.12;26.8;9.7
1380556889530408;13.4;31.8;Fri Nov 15 2019 14:56:31 GMT+0100 (CET);Fri Nov 15 2019 13:56:31 GMT+0100 (CET);1573826191000;0.12;25.25;9.62
1380556889530408;13.4;30.8;Fri Nov 15 2019 14:58:25 GMT+0100 (CET);Fri Nov 15 2019 13:58:25 GMT+0100 (CET);1573826305000;0.13;26.75;9.53
1380556889530408;12.9;31.2;Fri Nov 15 2019 15:00:19 GMT+0100 (CET);Fri Nov 15 2019 14:00:19 GMT+0100 (CET);1573826419000;0.13;28.83;9.44
1380556889530408;12.9;31.3;Fri Nov 15 2019 15:02:11 GMT+0100 (CET);Fri Nov 15 2019 14:02:11 GMT+0100 (CET);1573826531000;0.14;30.11;9.35
1380556889530408;12.9;31.4;Fri Nov 15 2019 15:04:05 GMT+0100 (CET);Fri Nov 15 2019 14:04:05 GMT+0100 (CET);1573826645000;0.14;30.93;9.31
1380556889530408;12.9;31.3;Fri Nov 15 2019 15:05:59 GMT+0100 (CET);Fri Nov 15 2019 14:05:59 GMT+0100 (CET);1573826759000;0.16;35.61;9.29
1380556889530408;12.9;31;Fri Nov 15 2019 15:07:52 GMT+0100 (CET);Fri Nov 15 2019 14:07:52 GMT+0100 (CET);1573826872000;0.19;39.73;9.28
1380556889530408;12.9;32.5;Fri Nov 15 2019 15:09:44 GMT+0100 (CET);Fri Nov 15 2019 14:09:44 GMT+0100 (CET);1573826984000;0.18;38.9;9.28
1380556889530408;12.9;32.2;Fri Nov 15 2019 15:11:38 GMT+0100 (CET);Fri Nov 15 2019 14:11:38 GMT+0100 (CET);1573827098000;0.19;41.74;9.28
1380556889530408;12.9;32.4;Fri Nov 15 2019 15:13:30 GMT+0100 (CET);Fri Nov 15 2019 14:13:30 GMT+0100 (CET);1573827210000;0.22;47.05;9.29
1380556889530408;12.9;33;Fri Nov 15 2019 15:15:23 GMT+0100 (CET);Fri Nov 15 2019 14:15:23 GMT+0100 (CET);1573827323000;0.23;48.78;9.29
1380556889530408;12.9;33;Fri Nov 15 2019 15:17:16 GMT+0100 (CET);Fri Nov 15 2019 14:17:16 GMT+0100 (CET);1573827436000;0.21;46.53;9.28
1380556889530408;12.9;32.8;Fri Nov 15 2019 15:19:08 GMT+0100 (CET);Fri Nov 15 2019 14:19:08 GMT+0100 (CET);1573827548000;0.2;44.15;9.27
1380556889530408;12.9;32.6;Fri Nov 15 2019 15:21:02 GMT+0100 (CET);Fri Nov 15 2019 14:21:02 GMT+0100 (CET);1573827662000;0.2;43.95;9.25
1380556889530408;12.9;32.7;Fri Nov 15 2019 15:22:55 GMT+0100 (CET);Fri Nov 15 2019 14:22:55 GMT+0100 (CET);1573827775000;0.18;40.86;9.24
1380556889530408;12.9;32.4;Fri Nov 15 2019 15:25:04 GMT+0100 (CET);Fri Nov 15 2019 14:25:04 GMT+0100 (CET);1573827904000;0.17;38.16;9.16
1380556889530408;12.9;32.7;Fri Nov 15 2019 15:26:58 GMT+0100 (CET);Fri Nov 15 2019 14:26:58 GMT+0100 (CET);1573828018000;0.18;39.31;9.11
1380556889530408;12.9;32.8;Fri Nov 15 2019 15:28:50 GMT+0100 (CET);Fri Nov 15 2019 14:28:50 GMT+0100 (CET);1573828130000;0.21;45.32;9.03
1380556889530408;12.9;32.8;Fri Nov 15 2019 15:30:43 GMT+0100 (CET);Fri Nov 15 2019 14:30:43 GMT+0100 (CET);1573828243000;0.24;51.06;8.99
1380556889530408;12.9;33.2;Fri Nov 15 2019 15:32:38 GMT+0100 (CET);Fri Nov 15 2019 14:32:38 GMT+0100 (CET);1573828358000;0.23;49.54;8.97
1380556889530408;12.9;33.1;Fri Nov 15 2019 15:34:30 GMT+0100 (CET);Fri Nov 15 2019 14:34:30 GMT+0100 (CET);1573828470000;0.21;45.57;8.98
1380556889530408;12.9;32.8;Fri Nov 15 2019 15:36:23 GMT+0100 (CET);Fri Nov 15 2019 14:36:23 GMT+0100 (CET);1573828583000;0.2;43.63;9
1380556889530408;12.9;32.6;Fri Nov 15 2019 15:38:16 GMT+0100 (CET);Fri Nov 15 2019 14:38:16 GMT+0100 (CET);1573828696000;0.19;41.43;8.99
1380556889530408;12.9;32.6;Fri Nov 15 2019 15:40:09 GMT+0100 (CET);Fri Nov 15 2019 14:40:09 GMT+0100 (CET);1573828809000;0.18;39.16;8.98
1380556889530408;12.9;32.4;Fri Nov 15 2019 15:42:01 GMT+0100 (CET);Fri Nov 15 2019 14:42:01 GMT+0100 (CET);1573828921000;0.16;33.52;8.96
1380556889530408;11.4;32.6;Fri Nov 15 2019 15:43:54 GMT+0100 (CET);Fri Nov 15 2019 14:43:54 GMT+0100 (CET);1573829034000;0.13;27.92;8.96
1380556889530408;11.4;32.7;Fri Nov 15 2019 15:45:46 GMT+0100 (CET);Fri Nov 15 2019 14:45:46 GMT+0100 (CET);1573829146000;0.09;22.12;8.96
1380556889530408;12.9;32.1;Fri Nov 15 2019 15:47:40 GMT+0100 (CET);Fri Nov 15 2019 14:47:40 GMT+0100 (CET);1573829260000;0.08;17.94;8.9
1380556889530408;12.9;30.9;Fri Nov 15 2019 15:49:32 GMT+0100 (CET);Fri Nov 15 2019 14:49:32 GMT+0100 (CET);1573829372000;0.07;15.73;8.84
1380556889530408;12.9;30.1;Fri Nov 15 2019 15:51:28 GMT+0100 (CET);Fri Nov 15 2019 14:51:28 GMT+0100 (CET);1573829488000;0.07;13.88;8.79
1380556889530408;10.9;28.8;Fri Nov 15 2019 15:53:22 GMT+0100 (CET);Fri Nov 15 2019 14:53:22 GMT+0100 (CET);1573829602000;0;12.76;8.73
1380556889530408;10.9;28.5;Fri Nov 15 2019 15:55:15 GMT+0100 (CET);Fri Nov 15 2019 14:55:15 GMT+0100 (CET);1573829715000;0;12.05;8.67
1380556889530408;9.4;27.9;Fri Nov 15 2019 15:57:07 GMT+0100 (CET);Fri Nov 15 2019 14:57:07 GMT+0100 (CET);1573829827000;0;11.41;8.63
1380556889530408;9.4;28.4;Fri Nov 15 2019 15:59:01 GMT+0100 (CET);Fri Nov 15 2019 14:59:01 GMT+0100 (CET);1573829941000;0;11.14;8.58
1380556889530408;8.9;27.3;Fri Nov 15 2019 16:00:53 GMT+0100 (CET);Fri Nov 15 2019 15:00:53 GMT+0100 (CET);1573830053000;0;11.26;8.54
1380556889530408;8.9;26.7;Fri Nov 15 2019 16:02:47 GMT+0100 (CET);Fri Nov 15 2019 15:02:47 GMT+0100 (CET);1573830167000;0;11.28;8.52
1380556889530408;8.9;26.4;Fri Nov 15 2019 16:04:40 GMT+0100 (CET);Fri Nov 15 2019 15:04:40 GMT+0100 (CET);1573830280000;0;10.26;8.51
1380556889530408;8.9;27.5;Fri Nov 15 2019 16:06:33 GMT+0100 (CET);Fri Nov 15 2019 15:06:33 GMT+0100 (CET);1573830393000;0;8.27;8.5
1380556889530408;8.9;27.4;Fri Nov 15 2019 16:08:28 GMT+0100 (CET);Fri Nov 15 2019 15:08:28 GMT+0100 (CET);1573830508000;0;6.14;8.5
1380556889530408;8.9;32.6;Fri Nov 15 2019 16:10:21 GMT+0100 (CET);Fri Nov 15 2019 15:10:21 GMT+0100 (CET);1573830621000;0;4.67;8.48
1380556889530408;8.9;31.8;Fri Nov 15 2019 16:12:13 GMT+0100 (CET);Fri Nov 15 2019 15:12:13 GMT+0100 (CET);1573830733000;0;4.28;8.47
1380556889530408;8.9;28.5;Fri Nov 15 2019 16:14:06 GMT+0100 (CET);Fri Nov 15 2019 15:14:06 GMT+0100 (CET);1573830846000;0;3.58;8.45
1380556889530408;9.4;29.9;Fri Nov 15 2019 16:15:59 GMT+0100 (CET);Fri Nov 15 2019 15:15:59 GMT+0100 (CET);1573830959000;0;3;8.44
1380556889530408;9.4;27.5;Fri Nov 15 2019 16:17:52 GMT+0100 (CET);Fri Nov 15 2019 15:17:52 GMT+0100 (CET);1573831072000;0;2.24;8.42
1380556889530408;9.4;19.6;Fri Nov 15 2019 16:19:44 GMT+0100 (CET);Fri Nov 15 2019 15:19:44 GMT+0100 (CET);1573831184000;0;1.53;8.39
1380556889530408;9.4;19.6;Fri Nov 15 2019 16:21:36 GMT+0100 (CET);Fri Nov 15 2019 15:21:36 GMT+0100 (CET);1573831296000;0;1.05;8.37
1380556889530408;9.4;19.6;Fri Nov 15 2019 16:23:30 GMT+0100 (CET);Fri Nov 15 2019 15:23:30 GMT+0100 (CET);1573831410000;0;0.91;8.35
1380556889530408;5.4;35.7;Sat Nov 16 2019 07:40:34 GMT+0100 (CET);Sat Nov 16 2019 06:40:34 GMT+0100 (CET);1573886434000;0;10.9;4.14
1380556889530408;5.4;27.9;Sat Nov 16 2019 07:42:27 GMT+0100 (CET);Sat Nov 16 2019 06:42:27 GMT+0100 (CET);1573886547000;0;12.93;4.12
1380556889530408;5.4;26.8;Sat Nov 16 2019 07:44:19 GMT+0100 (CET);Sat Nov 16 2019 06:44:19 GMT+0100 (CET);1573886659000;0.07;14.45;4.15
1380556889530408;3.4;28.7;Sat Nov 16 2019 07:46:12 GMT+0100 (CET);Sat Nov 16 2019 06:46:12 GMT+0100 (CET);1573886772000;0.06;13.84;4.21
1380556889530408;3.4;28.8;Sat Nov 16 2019 07:48:05 GMT+0100 (CET);Sat Nov 16 2019 06:48:05 GMT+0100 (CET);1573886885000;0;11.83;4.26
1380556889530408;3.4;27.8;Sat Nov 16 2019 07:49:58 GMT+0100 (CET);Sat Nov 16 2019 06:49:58 GMT+0100 (CET);1573886998000;0;11.38;4.33
1380556889530408;3.4;27.4;Sat Nov 16 2019 07:51:51 GMT+0100 (CET);Sat Nov 16 2019 06:51:51 GMT+0100 (CET);1573887111000;0;11.77;4.39
1380556889530408;3.4;28.1;Sat Nov 16 2019 07:53:44 GMT+0100 (CET);Sat Nov 16 2019 06:53:44 GMT+0100 (CET);1573887224000;0;11.78;4.45
1380556889530408;3.4;27.5;Sat Nov 16 2019 07:55:37 GMT+0100 (CET);Sat Nov 16 2019 06:55:37 GMT+0100 (CET);1573887337000;0;12.83;4.48
1380556889530408;3.4;28.5;Sat Nov 16 2019 07:57:31 GMT+0100 (CET);Sat Nov 16 2019 06:57:31 GMT+0100 (CET);1573887451000;0.06;14.39;4.53
1380556889530408;4.9;28.7;Sat Nov 16 2019 07:59:24 GMT+0100 (CET);Sat Nov 16 2019 06:59:24 GMT+0100 (CET);1573887564000;0.07;16.99;4.54
1380556889530408;4.9;29.1;Sat Nov 16 2019 08:01:17 GMT+0100 (CET);Sat Nov 16 2019 07:01:17 GMT+0100 (CET);1573887677000;0.08;19.97;4.57
1380556889530408;4.9;30.9;Sat Nov 16 2019 08:03:12 GMT+0100 (CET);Sat Nov 16 2019 07:03:12 GMT+0100 (CET);1573887792000;0.1;22.94;4.58
1380556889530408;5.4;30.8;Sat Nov 16 2019 08:05:11 GMT+0100 (CET);Sat Nov 16 2019 07:05:11 GMT+0100 (CET);1573887911000;0.12;26.75;4.57
1380556889530408;5.4;31.8;Sat Nov 16 2019 08:07:04 GMT+0100 (CET);Sat Nov 16 2019 07:07:04 GMT+0100 (CET);1573888024000;0.12;27.47;4.55
1380556889530408;6.4;32.2;Sat Nov 16 2019 08:08:57 GMT+0100 (CET);Sat Nov 16 2019 07:08:57 GMT+0100 (CET);1573888137000;0.14;30.35;4.49
1380556889530408;6.4;32.6;Sat Nov 16 2019 08:10:53 GMT+0100 (CET);Sat Nov 16 2019 07:10:53 GMT+0100 (CET);1573888253000;0.14;32.19;4.39
1380556889530408;6.9;33;Sat Nov 16 2019 08:12:46 GMT+0100 (CET);Sat Nov 16 2019 07:12:46 GMT+0100 (CET);1573888366000;0.15;33.2;4.29
1380556889530408;6.9;34.5;Sat Nov 16 2019 08:14:44 GMT+0100 (CET);Sat Nov 16 2019 07:14:44 GMT+0100 (CET);1573888484000;0.16;37.3;4.18
1380556889530408;6.9;34.8;Sat Nov 16 2019 08:16:38 GMT+0100 (CET);Sat Nov 16 2019 07:16:38 GMT+0100 (CET);1573888598000;0.16;40.38;4.11
1380556889530408;7.4;34.8;Sat Nov 16 2019 08:18:50 GMT+0100 (CET);Sat Nov 16 2019 07:18:50 GMT+0100 (CET);1573888730000;0.18;70.3;4.06
1380556889530408;7.4;34.6;Sat Nov 16 2019 08:20:43 GMT+0100 (CET);Sat Nov 16 2019 07:20:43 GMT+0100 (CET);1573888843000;0.18;58.6;4.06
1380556889530408;7.4;35;Sat Nov 16 2019 08:22:50 GMT+0100 (CET);Sat Nov 16 2019 07:22:50 GMT+0100 (CET);1573888970000;0.21;67.4;4.1
1380556889530408;7.4;35.4;Sat Nov 16 2019 08:24:43 GMT+0100 (CET);Sat Nov 16 2019 07:24:43 GMT+0100 (CET);1573889083000;0.22;200.69;4.23
1380556889530408;8.9;36.2;Sat Nov 16 2019 08:26:36 GMT+0100 (CET);Sat Nov 16 2019 07:26:36 GMT+0100 (CET);1573889196000;0.2;176.67;4.53
1380556889530408;8.9;36.2;Sat Nov 16 2019 08:28:29 GMT+0100 (CET);Sat Nov 16 2019 07:28:29 GMT+0100 (CET);1573889309000;0.23;203.54;4.86
1380556889530408;8.9;35.7;Sat Nov 16 2019 08:30:21 GMT+0100 (CET);Sat Nov 16 2019 07:30:21 GMT+0100 (CET);1573889421000;0.26;228.97;5.18
1380556889530408;8.9;35.7;Sat Nov 16 2019 08:32:14 GMT+0100 (CET);Sat Nov 16 2019 07:32:14 GMT+0100 (CET);1573889534000;0.27;233.51;5.57
1380556889530408;8.9;35;Sat Nov 16 2019 08:34:07 GMT+0100 (CET);Sat Nov 16 2019 07:34:07 GMT+0100 (CET);1573889647000;0.3;238.65;5.99
1380556889530408;8.9;29.3;Sat Nov 16 2019 08:36:00 GMT+0100 (CET);Sat Nov 16 2019 07:36:00 GMT+0100 (CET);1573889760000;0.35;247;6.3
1380556889530408;8.9;29.3;Sat Nov 16 2019 08:38:00 GMT+0100 (CET);Sat Nov 16 2019 07:38:00 GMT+0100 (CET);1573889880000;0.42;260.14;6.65
1380556889530408;4.9;32.6;Sat Nov 16 2019 08:43:49 GMT+0100 (CET);Sat Nov 16 2019 07:43:49 GMT+0100 (CET);1573890229000;1.13;267.28;7.39
1380556889530408;4.9;27.2;Sat Nov 16 2019 08:45:42 GMT+0100 (CET);Sat Nov 16 2019 07:45:42 GMT+0100 (CET);1573890342000;1.19;289.94;7.57
1380556889530408;4.9;30.9;Sat Nov 16 2019 08:47:34 GMT+0100 (CET);Sat Nov 16 2019 07:47:34 GMT+0100 (CET);1573890454000;1.19;293.74;7.87
1380556889530408;4.9;27.7;Sat Nov 16 2019 08:49:27 GMT+0100 (CET);Sat Nov 16 2019 07:49:27 GMT+0100 (CET);1573890567000;1.21;292.19;8.06
1380556889530408;6.9;27.4;Sat Nov 16 2019 08:51:22 GMT+0100 (CET);Sat Nov 16 2019 07:51:22 GMT+0100 (CET);1573890682000;1.11;270.79;8.17
1380556889530408;6.9;35.8;Sat Nov 16 2019 08:53:19 GMT+0100 (CET);Sat Nov 16 2019 07:53:19 GMT+0100 (CET);1573890799000;0.8;181.18;8.29
1380556889530408;6.9;33.6;Sat Nov 16 2019 08:55:12 GMT+0100 (CET);Sat Nov 16 2019 07:55:12 GMT+0100 (CET);1573890912000;0.61;145.79;8.09
1380556889530408;10.9;35.9;Sat Nov 16 2019 08:57:06 GMT+0100 (CET);Sat Nov 16 2019 07:57:06 GMT+0100 (CET);1573891026000;0.65;144.58;7.85
1380556889530408;10.9;38.1;Sat Nov 16 2019 08:59:00 GMT+0100 (CET);Sat Nov 16 2019 07:59:00 GMT+0100 (CET);1573891140000;0.7;282.84;7.71
1380556889530408;13.4;39.2;Sat Nov 16 2019 09:00:55 GMT+0100 (CET);Sat Nov 16 2019 08:00:55 GMT+0100 (CET);1573891255000;0.71;172.63;7.67
1380556889530408;13.4;37.3;Sat Nov 16 2019 09:02:48 GMT+0100 (CET);Sat Nov 16 2019 08:02:48 GMT+0100 (CET);1573891368000;0.71;170.82;7.58
1380556889530408;13.4;37.8;Sat Nov 16 2019 09:04:57 GMT+0100 (CET);Sat Nov 16 2019 08:04:57 GMT+0100 (CET);1573891497000;0.71;174.89;7.42
1380556889530408;13.4;36.7;Sat Nov 16 2019 09:06:51 GMT+0100 (CET);Sat Nov 16 2019 08:06:51 GMT+0100 (CET);1573891611000;0.86;189.67;7.64
1380556889530408;13.4;36.9;Sat Nov 16 2019 09:09:27 GMT+0100 (CET);Sat Nov 16 2019 08:09:27 GMT+0100 (CET);1573891767000;0.68;156.13;7.65
1380556889530408;14.4;36.5;Sat Nov 16 2019 09:11:21 GMT+0100 (CET);Sat Nov 16 2019 08:11:21 GMT+0100 (CET);1573891881000;0.65;151.13;7.54
1380556889530408;14.4;36;Sat Nov 16 2019 09:13:15 GMT+0100 (CET);Sat Nov 16 2019 08:13:15 GMT+0100 (CET);1573891995000;0.58;131.23;7.46
1380556889530408;14.9;35.9;Sat Nov 16 2019 09:15:09 GMT+0100 (CET);Sat Nov 16 2019 08:15:09 GMT+0100 (CET);1573892109000;0.57;130.28;7.33
1380556889530408;14.9;36.5;Sat Nov 16 2019 09:17:03 GMT+0100 (CET);Sat Nov 16 2019 08:17:03 GMT+0100 (CET);1573892223000;0.58;141.66;7.25
1380556889530408;14.9;38.5;Sat Nov 16 2019 09:18:56 GMT+0100 (CET);Sat Nov 16 2019 08:18:56 GMT+0100 (CET);1573892336000;0.57;165.82;7.16
1380556889530408;14.9;38.9;Sat Nov 16 2019 09:20:58 GMT+0100 (CET);Sat Nov 16 2019 08:20:58 GMT+0100 (CET);1573892458000;0.86;249.24;7.14
1380556889530408;14.9;36.5;Sat Nov 16 2019 09:23:04 GMT+0100 (CET);Sat Nov 16 2019 08:23:04 GMT+0100 (CET);1573892584000;1.24;311.98;7.32
1380556889530408;14.4;36;Sat Nov 16 2019 09:24:59 GMT+0100 (CET);Sat Nov 16 2019 08:24:59 GMT+0100 (CET);1573892699000;1.77;424.95;7.69
1380556889530408;14.4;35.6;Sat Nov 16 2019 09:26:52 GMT+0100 (CET);Sat Nov 16 2019 08:26:52 GMT+0100 (CET);1573892812000;1.75;407.03;8.09
1380556889530408;14.4;35.6;Sat Nov 16 2019 09:28:45 GMT+0100 (CET);Sat Nov 16 2019 08:28:45 GMT+0100 (CET);1573892925000;2.12;501.75;8.63
1380556889530408;14.4;34.5;Sat Nov 16 2019 09:30:38 GMT+0100 (CET);Sat Nov 16 2019 08:30:38 GMT+0100 (CET);1573893038000;1.34;337.91;9.14
1380556889530408;14.4;36.2;Sat Nov 16 2019 09:32:31 GMT+0100 (CET);Sat Nov 16 2019 08:32:31 GMT+0100 (CET);1573893151000;2.21;491.51;9.25
1380556889530408;14.4;35.4;Sat Nov 16 2019 09:34:23 GMT+0100 (CET);Sat Nov 16 2019 08:34:23 GMT+0100 (CET);1573893263000;2.25;529.91;9.61
1380556889530408;15.4;35.1;Sat Nov 16 2019 09:36:16 GMT+0100 (CET);Sat Nov 16 2019 08:36:16 GMT+0100 (CET);1573893376000;1.74;332.79;9.93
1380556889530408;15.4;35.7;Sat Nov 16 2019 09:38:09 GMT+0100 (CET);Sat Nov 16 2019 08:38:09 GMT+0100 (CET);1573893489000;0.87;183.27;10
1380556889530408;17;36.8;Sat Nov 16 2019 09:40:07 GMT+0100 (CET);Sat Nov 16 2019 08:40:07 GMT+0100 (CET);1573893607000;0.64;159.63;9.77
1380556889530408;17;37;Sat Nov 16 2019 09:42:00 GMT+0100 (CET);Sat Nov 16 2019 08:42:00 GMT+0100 (CET);1573893720000;0.65;167.78;9.3
1380556889530408;19;37.4;Sat Nov 16 2019 09:43:55 GMT+0100 (CET);Sat Nov 16 2019 08:43:55 GMT+0100 (CET);1573893835000;0.79;216.13;8.9
1380556889530408;19;38.7;Sat Nov 16 2019 09:45:47 GMT+0100 (CET);Sat Nov 16 2019 08:45:47 GMT+0100 (CET);1573893947000;2.01;517.11;8.96
1380556889530408;19;36.3;Sat Nov 16 2019 09:47:40 GMT+0100 (CET);Sat Nov 16 2019 08:47:40 GMT+0100 (CET);1573894060000;1.67;383.99;9.38
1380556889530408;19;35.6;Sat Nov 16 2019 09:49:35 GMT+0100 (CET);Sat Nov 16 2019 08:49:35 GMT+0100 (CET);1573894175000;2.07;486.39;9.67
1380556889530408;19;36.4;Sat Nov 16 2019 09:51:22 GMT+0100 (CET);Sat Nov 16 2019 08:51:22 GMT+0100 (CET);1573894282000;1.9;494.07;9.97
1380556889530408;19;36.8;Sat Nov 16 2019 09:53:15 GMT+0100 (CET);Sat Nov 16 2019 08:53:15 GMT+0100 (CET);1573894395000;2.23;547.83;10.25
1380556889530408;19;36.2;Sat Nov 16 2019 09:55:34 GMT+0100 (CET);Sat Nov 16 2019 08:55:34 GMT+0100 (CET);1573894534000;2.4;578.55;10.75
1380556889530408;19;36.2;Sat Nov 16 2019 09:57:29 GMT+0100 (CET);Sat Nov 16 2019 08:57:29 GMT+0100 (CET);1573894649000;2.31;575.99;11.17
1380556889530408;21;36.5;Sat Nov 16 2019 09:59:23 GMT+0100 (CET);Sat Nov 16 2019 08:59:23 GMT+0100 (CET);1573894763000;2.43;583.67;11.5
1380556889530408;21;36.4;Sat Nov 16 2019 10:01:17 GMT+0100 (CET);Sat Nov 16 2019 09:01:17 GMT+0100 (CET);1573894877000;2.08;481.27;11.85
1380556889530408;21;35.8;Sat Nov 16 2019 10:03:10 GMT+0100 (CET);Sat Nov 16 2019 09:03:10 GMT+0100 (CET);1573894990000;0.96;215.51;11.93
1380556889530408;21;36;Sat Nov 16 2019 10:05:36 GMT+0100 (CET);Sat Nov 16 2019 09:05:36 GMT+0100 (CET);1573895136000;0.86;209.34;11.38
1380556889530408;21;37;Sat Nov 16 2019 10:07:30 GMT+0100 (CET);Sat Nov 16 2019 09:07:30 GMT+0100 (CET);1573895250000;0.86;213.94;11.04
1380556889530408;21.5;37.3;Sat Nov 16 2019 10:09:23 GMT+0100 (CET);Sat Nov 16 2019 09:09:23 GMT+0100 (CET);1573895363000;1.78;496.63;10.73
1380556889530408;21.5;37.3;Sat Nov 16 2019 10:11:16 GMT+0100 (CET);Sat Nov 16 2019 09:11:16 GMT+0100 (CET);1573895476000;1.85;350.71;10.64
1380556889530408;21.5;37.5;Sat Nov 16 2019 10:13:11 GMT+0100 (CET);Sat Nov 16 2019 09:13:11 GMT+0100 (CET);1573895591000;2.09;465.91;10.77
1380556889530408;21.5;37;Sat Nov 16 2019 10:15:03 GMT+0100 (CET);Sat Nov 16 2019 09:15:03 GMT+0100 (CET);1573895703000;2.35;509.43;11.12
1380556889530408;21.5;36.5;Sat Nov 16 2019 10:16:56 GMT+0100 (CET);Sat Nov 16 2019 09:16:56 GMT+0100 (CET);1573895816000;1.14;273.25;11.23
1380556889530408;21.5;36.2;Sat Nov 16 2019 10:18:56 GMT+0100 (CET);Sat Nov 16 2019 09:18:56 GMT+0100 (CET);1573895936000;0.78;181.32;11.14
1380556889530408;21.5;35.6;Sat Nov 16 2019 10:20:51 GMT+0100 (CET);Sat Nov 16 2019 09:20:51 GMT+0100 (CET);1573896051000;0.63;139.81;10.84
1380556889530408;21.5;35.1;Sat Nov 16 2019 10:22:46 GMT+0100 (CET);Sat Nov 16 2019 09:22:46 GMT+0100 (CET);1573896166000;0.53;115.42;10.46
1380556889530408;21.5;34.8;Sat Nov 16 2019 10:24:39 GMT+0100 (CET);Sat Nov 16 2019 09:24:39 GMT+0100 (CET);1573896279000;0.5;106.2;10
1380556889530408;21;34.5;Sat Nov 16 2019 10:26:47 GMT+0100 (CET);Sat Nov 16 2019 09:26:47 GMT+0100 (CET);1573896407000;0.51;109.88;9.65
1380556889530408;21;34.6;Sat Nov 16 2019 10:28:39 GMT+0100 (CET);Sat Nov 16 2019 09:28:39 GMT+0100 (CET);1573896519000;0.5;107.02;9.33
1380556889530408;21;34.4;Sat Nov 16 2019 10:30:33 GMT+0100 (CET);Sat Nov 16 2019 09:30:33 GMT+0100 (CET);1573896633000;0.5;105.6;9.08
1380556889530408;19;34.3;Sat Nov 16 2019 10:32:28 GMT+0100 (CET);Sat Nov 16 2019 09:32:28 GMT+0100 (CET);1573896748000;0.51;108.27;8.83
1380556889530408;19;34.5;Sat Nov 16 2019 10:34:37 GMT+0100 (CET);Sat Nov 16 2019 09:34:37 GMT+0100 (CET);1573896877000;0.53;113.26;8.66
1380556889530408;17.5;34.5;Sat Nov 16 2019 10:36:32 GMT+0100 (CET);Sat Nov 16 2019 09:36:32 GMT+0100 (CET);1573896992000;0.53;114.25;8.44
1380556889530408;17.5;34.6;Sat Nov 16 2019 10:38:26 GMT+0100 (CET);Sat Nov 16 2019 09:38:26 GMT+0100 (CET);1573897106000;0.55;118.43;8.37
1380556889530408;17;34.6;Sat Nov 16 2019 10:40:20 GMT+0100 (CET);Sat Nov 16 2019 09:40:20 GMT+0100 (CET);1573897220000;0.61;134.94;8.35
1380556889530408;17;35;Sat Nov 16 2019 10:42:25 GMT+0100 (CET);Sat Nov 16 2019 09:42:25 GMT+0100 (CET);1573897345000;0.69;150.87;8.35
1380556889530408;17;35.4;Sat Nov 16 2019 10:44:18 GMT+0100 (CET);Sat Nov 16 2019 09:44:18 GMT+0100 (CET);1573897458000;0.68;145.92;8.35
1380556889530408;17;35.4;Sat Nov 16 2019 10:46:11 GMT+0100 (CET);Sat Nov 16 2019 09:46:11 GMT+0100 (CET);1573897571000;0.65;138.28;8.32
1380556889530408;17;35.2;Sat Nov 16 2019 10:48:09 GMT+0100 (CET);Sat Nov 16 2019 09:48:09 GMT+0100 (CET);1573897689000;0.58;124.05;8.28
1380556889530408;14.4;35.1;Sat Nov 16 2019 10:50:10 GMT+0100 (CET);Sat Nov 16 2019 09:50:10 GMT+0100 (CET);1573897810000;0.58;125.35;8.2
1380556889530408;14.4;35.2;Sat Nov 16 2019 10:52:02 GMT+0100 (CET);Sat Nov 16 2019 09:52:02 GMT+0100 (CET);1573897922000;0.56;120.71;8.21
1380556889530408;14.4;35.6;Sat Nov 16 2019 10:53:55 GMT+0100 (CET);Sat Nov 16 2019 09:53:55 GMT+0100 (CET);1573898035000;0.54;118.99;8.2
1380556889530408;14.4;35.8;Sat Nov 16 2019 10:55:39 GMT+0100 (CET);Sat Nov 16 2019 09:55:39 GMT+0100 (CET);1573898139000;0.58;128.07;8.21
1380556889530408;14.4;36.3;Sat Nov 16 2019 10:57:40 GMT+0100 (CET);Sat Nov 16 2019 09:57:40 GMT+0100 (CET);1573898260000;0.65;143.34;8.2
1380556889530408;14.4;36.3;Sat Nov 16 2019 10:59:33 GMT+0100 (CET);Sat Nov 16 2019 09:59:33 GMT+0100 (CET);1573898373000;0.8;174.41;8.28
1380556889530408;14.4;36.3;Sat Nov 16 2019 11:01:26 GMT+0100 (CET);Sat Nov 16 2019 10:01:26 GMT+0100 (CET);1573898486000;0.65;145.33;8.35
1380556889530408;14.4;35.8;Sat Nov 16 2019 11:03:19 GMT+0100 (CET);Sat Nov 16 2019 10:03:19 GMT+0100 (CET);1573898599000;0.7;157.49;8.4
1380556889530408;14.4;36.6;Sat Nov 16 2019 11:05:12 GMT+0100 (CET);Sat Nov 16 2019 10:05:12 GMT+0100 (CET);1573898712000;0.84;189.04;8.46
1380556889530408;14.4;36.8;Sat Nov 16 2019 11:07:05 GMT+0100 (CET);Sat Nov 16 2019 10:07:05 GMT+0100 (CET);1573898825000;0.99;220.44;8.52
1380556889530408;17;36.3;Sat Nov 16 2019 11:09:10 GMT+0100 (CET);Sat Nov 16 2019 10:09:10 GMT+0100 (CET);1573898950000;0.97;215.62;8.67
1380556889530408;17;36.3;Sat Nov 16 2019 11:11:03 GMT+0100 (CET);Sat Nov 16 2019 10:11:03 GMT+0100 (CET);1573899063000;0.99;220.95;8.75
1380556889530408;17;36.3;Sat Nov 16 2019 11:12:58 GMT+0100 (CET);Sat Nov 16 2019 10:12:58 GMT+0100 (CET);1573899178000;1.01;229.93;8.98
1380556889530408;17;36.5;Sat Nov 16 2019 11:14:51 GMT+0100 (CET);Sat Nov 16 2019 10:14:51 GMT+0100 (CET);1573899291000;1.16;263.54;9.21
1380556889530408;17;36.3;Sat Nov 16 2019 11:16:47 GMT+0100 (CET);Sat Nov 16 2019 10:16:47 GMT+0100 (CET);1573899407000;1.23;272.19;9.42
1380556889530408;17.5;36.2;Sat Nov 16 2019 11:18:42 GMT+0100 (CET);Sat Nov 16 2019 10:18:42 GMT+0100 (CET);1573899522000;1.19;259.62;9.57
1380556889530408;17.5;35.9;Sat Nov 16 2019 11:20:41 GMT+0100 (CET);Sat Nov 16 2019 10:20:41 GMT+0100 (CET);1573899641000;1.01;216.14;9.69
1380556889530408;17.5;35.7;Sat Nov 16 2019 11:22:40 GMT+0100 (CET);Sat Nov 16 2019 10:22:40 GMT+0100 (CET);1573899760000;0.81;174.03;9.7
1380556889530408;17.5;35.5;Sat Nov 16 2019 11:24:34 GMT+0100 (CET);Sat Nov 16 2019 10:24:34 GMT+0100 (CET);1573899874000;0.73;154.04;9.54
1380556889530408;17.5;35.3;Sat Nov 16 2019 11:26:27 GMT+0100 (CET);Sat Nov 16 2019 10:26:27 GMT+0100 (CET);1573899987000;0.64;137.19;9.48
1380556889530408;17.5;35.1;Sat Nov 16 2019 11:28:21 GMT+0100 (CET);Sat Nov 16 2019 10:28:21 GMT+0100 (CET);1573900101000;0.56;120.16;9.44
1380556889530408;17.5;35.1;Sat Nov 16 2019 11:30:14 GMT+0100 (CET);Sat Nov 16 2019 10:30:14 GMT+0100 (CET);1573900214000;0.51;114.05;9.29
1380556889530408;17.5;35.4;Sat Nov 16 2019 11:32:08 GMT+0100 (CET);Sat Nov 16 2019 10:32:08 GMT+0100 (CET);1573900328000;0.67;145.45;9.19
1380556889530408;17.5;35.9;Sat Nov 16 2019 11:34:01 GMT+0100 (CET);Sat Nov 16 2019 10:34:01 GMT+0100 (CET);1573900441000;0.67;146.57;9.07
1380556889530408;17.5;36.2;Sat Nov 16 2019 11:35:54 GMT+0100 (CET);Sat Nov 16 2019 10:35:54 GMT+0100 (CET);1573900554000;0.74;163.58;9.06
1380556889530408;17.5;35.6;Sat Nov 16 2019 11:37:57 GMT+0100 (CET);Sat Nov 16 2019 10:37:57 GMT+0100 (CET);1573900677000;0.51;113.98;9.09
1380556889530408;17.5;35.7;Sat Nov 16 2019 11:40:02 GMT+0100 (CET);Sat Nov 16 2019 10:40:02 GMT+0100 (CET);1573900802000;0.48;114.64;9
1380556889530408;17;35.7;Sat Nov 16 2019 11:41:55 GMT+0100 (CET);Sat Nov 16 2019 10:41:55 GMT+0100 (CET);1573900915000;0.64;139.4;8.96
1380556889530408;17;35.6;Sat Nov 16 2019 11:43:48 GMT+0100 (CET);Sat Nov 16 2019 10:43:48 GMT+0100 (CET);1573901028000;0.7;150.67;8.99
1380556889530408;17;35.5;Sat Nov 16 2019 11:45:42 GMT+0100 (CET);Sat Nov 16 2019 10:45:42 GMT+0100 (CET);1573901142000;0.69;147.26;9
1380556889530408;17;35.4;Sat Nov 16 2019 11:47:35 GMT+0100 (CET);Sat Nov 16 2019 10:47:35 GMT+0100 (CET);1573901255000;0.59;129.49;9
1380556889530408;17;35.8;Sat Nov 16 2019 11:49:27 GMT+0100 (CET);Sat Nov 16 2019 10:49:27 GMT+0100 (CET);1573901367000;0.71;158.11;9.03
1380556889530408;17;36.9;Sat Nov 16 2019 11:51:51 GMT+0100 (CET);Sat Nov 16 2019 10:51:51 GMT+0100 (CET);1573901511000;0.96;217.55;9.14
1380556889530408;17;36.8;Sat Nov 16 2019 11:53:44 GMT+0100 (CET);Sat Nov 16 2019 10:53:44 GMT+0100 (CET);1573901624000;0.93;214.75;9.27
1380556889530408;17.5;36.9;Sat Nov 16 2019 11:55:37 GMT+0100 (CET);Sat Nov 16 2019 10:55:37 GMT+0100 (CET);1573901737000;0.91;215.47;9.39
1380556889530408;17.5;36.8;Sat Nov 16 2019 11:57:30 GMT+0100 (CET);Sat Nov 16 2019 10:57:30 GMT+0100 (CET);1573901850000;1.24;264.73;9.52
1380556889530408;17.5;36.9;Sat Nov 16 2019 11:59:23 GMT+0100 (CET);Sat Nov 16 2019 10:59:23 GMT+0100 (CET);1573901963000;0.58;133.15;9.57
1380556889530408;17.5;35.8;Sat Nov 16 2019 12:01:16 GMT+0100 (CET);Sat Nov 16 2019 11:01:16 GMT+0100 (CET);1573902076000;0.38;95.62;9.39
1380556889530408;17.5;36.4;Sat Nov 16 2019 12:03:09 GMT+0100 (CET);Sat Nov 16 2019 11:03:09 GMT+0100 (CET);1573902189000;2.28;550.39;9.3
1380556889530408;17.5;37.8;Sat Nov 16 2019 12:05:03 GMT+0100 (CET);Sat Nov 16 2019 11:05:03 GMT+0100 (CET);1573902303000;2.37;565.75;9.88
1380556889530408;17.5;36.5;Sat Nov 16 2019 12:06:56 GMT+0100 (CET);Sat Nov 16 2019 11:06:56 GMT+0100 (CET);1573902416000;1.92;445.43;10.47
1380556889530408;19;37.3;Sat Nov 16 2019 12:08:55 GMT+0100 (CET);Sat Nov 16 2019 11:08:55 GMT+0100 (CET);1573902535000;1.33;332.79;10.92
1380556889530408;19;35.4;Sat Nov 16 2019 12:10:49 GMT+0100 (CET);Sat Nov 16 2019 11:10:49 GMT+0100 (CET);1573902649000;0.6;137.45;11.1
1380556889530408;19;36;Sat Nov 16 2019 12:12:43 GMT+0100 (CET);Sat Nov 16 2019 11:12:43 GMT+0100 (CET);1573902763000;1.06;247.63;11.05
1380556889530408;19.5;37.4;Sat Nov 16 2019 12:14:37 GMT+0100 (CET);Sat Nov 16 2019 11:14:37 GMT+0100 (CET);1573902877000;2.22;496.63;11.27
1380556889530408;19.5;37.2;Sat Nov 16 2019 12:16:30 GMT+0100 (CET);Sat Nov 16 2019 11:16:30 GMT+0100 (CET);1573902990000;1.2;293.86;11.6
1380556889530408;21;36.7;Sat Nov 16 2019 12:18:23 GMT+0100 (CET);Sat Nov 16 2019 11:18:23 GMT+0100 (CET);1573903103000;1.23;281.69;11.51
1380556889530408;21;36.4;Sat Nov 16 2019 12:20:20 GMT+0100 (CET);Sat Nov 16 2019 11:20:20 GMT+0100 (CET);1573903220000;1.05;245.16;11.27
1380556889530408;21;36.3;Sat Nov 16 2019 12:22:13 GMT+0100 (CET);Sat Nov 16 2019 11:22:13 GMT+0100 (CET);1573903333000;0.93;213.41;10.92
1380556889530408;21;36;Sat Nov 16 2019 12:24:22 GMT+0100 (CET);Sat Nov 16 2019 11:24:22 GMT+0100 (CET);1573903462000;0.76;174.9;10.57
1380556889530408;21;36.2;Sat Nov 16 2019 12:26:18 GMT+0100 (CET);Sat Nov 16 2019 11:26:18 GMT+0100 (CET);1573903578000;0.82;194.72;10.46
1380556889530408;21;36.5;Sat Nov 16 2019 12:28:14 GMT+0100 (CET);Sat Nov 16 2019 11:28:14 GMT+0100 (CET);1573903694000;1.9;440.31;10.32
1380556889530408;21;37.2;Sat Nov 16 2019 12:30:08 GMT+0100 (CET);Sat Nov 16 2019 11:30:08 GMT+0100 (CET);1573903808000;0.83;189.73;10.44
1380556889530408;21;36;Sat Nov 16 2019 12:32:01 GMT+0100 (CET);Sat Nov 16 2019 11:32:01 GMT+0100 (CET);1573903921000;0.76;171.33;10.38
1380556889530408;21;36;Sat Nov 16 2019 12:34:15 GMT+0100 (CET);Sat Nov 16 2019 11:34:15 GMT+0100 (CET);1573904055000;0.84;183.99;10.36
1380556889530408;21;35.6;Sat Nov 16 2019 12:36:10 GMT+0100 (CET);Sat Nov 16 2019 11:36:10 GMT+0100 (CET);1573904170000;0.68;154.75;10.37
1380556889530408;19.5;35.1;Sat Nov 16 2019 12:38:06 GMT+0100 (CET);Sat Nov 16 2019 11:38:06 GMT+0100 (CET);1573904286000;0.57;127.4;10.23
1380556889530408;19.5;35;Sat Nov 16 2019 12:39:58 GMT+0100 (CET);Sat Nov 16 2019 11:39:58 GMT+0100 (CET);1573904398000;0.55;119.92;10.12
1380556889530408;19;35.1;Sat Nov 16 2019 12:41:54 GMT+0100 (CET);Sat Nov 16 2019 11:41:54 GMT+0100 (CET);1573904514000;0.57;125.37;9.98
1380556889530408;19;35.1;Sat Nov 16 2019 12:43:51 GMT+0100 (CET);Sat Nov 16 2019 11:43:51 GMT+0100 (CET);1573904631000;0.59;131.46;9.81
1380556889530408;19;35.3;Sat Nov 16 2019 12:45:44 GMT+0100 (CET);Sat Nov 16 2019 11:45:44 GMT+0100 (CET);1573904744000;0.64;142.49;9.75
1380556889530408;19;35.4;Sat Nov 16 2019 12:47:36 GMT+0100 (CET);Sat Nov 16 2019 11:47:36 GMT+0100 (CET);1573904856000;0.64;145.96;9.79
1380556889530408;19;35.6;Sat Nov 16 2019 12:49:39 GMT+0100 (CET);Sat Nov 16 2019 11:49:39 GMT+0100 (CET);1573904979000;0.63;139.97;9.82
1380556889530408;19;35.8;Sat Nov 16 2019 12:51:33 GMT+0100 (CET);Sat Nov 16 2019 11:51:33 GMT+0100 (CET);1573905093000;0.68;150.08;9.84
1380556889530408;19;35.8;Sat Nov 16 2019 12:53:25 GMT+0100 (CET);Sat Nov 16 2019 11:53:25 GMT+0100 (CET);1573905205000;0.83;182.14;9.85
1380556889530408;17.5;36;Sat Nov 16 2019 12:55:35 GMT+0100 (CET);Sat Nov 16 2019 11:55:35 GMT+0100 (CET);1573905335000;0.95;206.75;9.88
1380556889530408;17.5;35.9;Sat Nov 16 2019 12:57:28 GMT+0100 (CET);Sat Nov 16 2019 11:57:28 GMT+0100 (CET);1573905448000;0.88;191.53;9.91
1380556889530408;17.5;36;Sat Nov 16 2019 12:59:21 GMT+0100 (CET);Sat Nov 16 2019 11:59:21 GMT+0100 (CET);1573905561000;0.83;181.81;9.95
1380556889530408;19;36.2;Sat Nov 16 2019 13:01:14 GMT+0100 (CET);Sat Nov 16 2019 12:01:14 GMT+0100 (CET);1573905674000;0.83;185.81;10.09
1380556889530408;19;36.2;Sat Nov 16 2019 13:03:08 GMT+0100 (CET);Sat Nov 16 2019 12:03:08 GMT+0100 (CET);1573905788000;0.82;185.05;10.15
1380556889530408;19;36.3;Sat Nov 16 2019 13:05:06 GMT+0100 (CET);Sat Nov 16 2019 12:05:06 GMT+0100 (CET);1573905906000;0.85;191.5;10.13
1380556889530408;19;36.3;Sat Nov 16 2019 13:06:59 GMT+0100 (CET);Sat Nov 16 2019 12:06:59 GMT+0100 (CET);1573906019000;0.87;196.29;10.02
1380556889530408;19;36.1;Sat Nov 16 2019 13:08:52 GMT+0100 (CET);Sat Nov 16 2019 12:08:52 GMT+0100 (CET);1573906132000;0.79;174.98;9.92
1380556889530408;19;36.3;Sat Nov 16 2019 13:10:49 GMT+0100 (CET);Sat Nov 16 2019 12:10:49 GMT+0100 (CET);1573906249000;0.81;185.68;9.98
1380556889530408;19;36.5;Sat Nov 16 2019 13:12:42 GMT+0100 (CET);Sat Nov 16 2019 12:12:42 GMT+0100 (CET);1573906362000;0.84;194.23;9.96
1380556889530408;19;36.5;Sat Nov 16 2019 13:15:08 GMT+0100 (CET);Sat Nov 16 2019 12:15:08 GMT+0100 (CET);1573906508000;0.81;186.33;9.93
1380556889530408;19;36.5;Sat Nov 16 2019 13:17:02 GMT+0100 (CET);Sat Nov 16 2019 12:17:02 GMT+0100 (CET);1573906622000;0.77;177.78;9.96
1380556889530408;19;36.5;Sat Nov 16 2019 13:18:56 GMT+0100 (CET);Sat Nov 16 2019 12:18:56 GMT+0100 (CET);1573906736000;0.77;179.1;10.06
1380556889530408;19;36.4;Sat Nov 16 2019 13:20:53 GMT+0100 (CET);Sat Nov 16 2019 12:20:53 GMT+0100 (CET);1573906853000;0.83;192.33;10.11
1380556889530408;19;36.4;Sat Nov 16 2019 13:22:47 GMT+0100 (CET);Sat Nov 16 2019 12:22:47 GMT+0100 (CET);1573906967000;0.95;246.57;10.17
1380556889530408;19;38.4;Sat Nov 16 2019 13:24:47 GMT+0100 (CET);Sat Nov 16 2019 12:24:47 GMT+0100 (CET);1573907087000;1.32;316.71;10.49
1380556889530408;19;37.9;Sat Nov 16 2019 13:26:40 GMT+0100 (CET);Sat Nov 16 2019 12:26:40 GMT+0100 (CET);1573907200000;2.37;540.15;10.92
1380556889530408;21;37.9;Sat Nov 16 2019 13:28:37 GMT+0100 (CET);Sat Nov 16 2019 12:28:37 GMT+0100 (CET);1573907317000;2.45;645.11;11.8
1380556889530408;21;37.3;Sat Nov 16 2019 13:30:32 GMT+0100 (CET);Sat Nov 16 2019 12:30:32 GMT+0100 (CET);1573907432000;1.74;532.47;12.64
1380556889530408;21;37;Sat Nov 16 2019 13:32:25 GMT+0100 (CET);Sat Nov 16 2019 12:32:25 GMT+0100 (CET);1573907545000;2.49;627.19;13.41
1380556889530408;21.5;36.9;Sat Nov 16 2019 13:34:21 GMT+0100 (CET);Sat Nov 16 2019 12:34:21 GMT+0100 (CET);1573907661000;2.2;524.79;13.98
1380556889530408;21.5;36.6;Sat Nov 16 2019 13:36:25 GMT+0100 (CET);Sat Nov 16 2019 12:36:25 GMT+0100 (CET);1573907785000;2.37;599.03;14.75
1380556889530408;23.5;36;Sat Nov 16 2019 13:38:21 GMT+0100 (CET);Sat Nov 16 2019 12:38:21 GMT+0100 (CET);1573907901000;2.43;611.83;15.28
1380556889530408;23.5;36.2;Sat Nov 16 2019 13:40:14 GMT+0100 (CET);Sat Nov 16 2019 12:40:14 GMT+0100 (CET);1573908014000;1.1;242.19;15.57
1380556889530408;23.5;35;Sat Nov 16 2019 13:42:08 GMT+0100 (CET);Sat Nov 16 2019 12:42:08 GMT+0100 (CET);1573908128000;0.89;193.08;15.09
1380556889530408;25;34.8;Sat Nov 16 2019 13:44:01 GMT+0100 (CET);Sat Nov 16 2019 12:44:01 GMT+0100 (CET);1573908241000;0.74;162.41;14.56
1380556889530408;25;34.7;Sat Nov 16 2019 13:46:01 GMT+0100 (CET);Sat Nov 16 2019 12:46:01 GMT+0100 (CET);1573908361000;0.7;153.44;13.85
1380556889530408;25;34.9;Sat Nov 16 2019 13:47:56 GMT+0100 (CET);Sat Nov 16 2019 12:47:56 GMT+0100 (CET);1573908476000;0.79;170.25;13.19
1380556889530408;25;35.6;Sat Nov 16 2019 13:49:56 GMT+0100 (CET);Sat Nov 16 2019 12:49:56 GMT+0100 (CET);1573908596000;1.01;355.83;12.84
1380556889530408;25;37.1;Sat Nov 16 2019 13:51:54 GMT+0100 (CET);Sat Nov 16 2019 12:51:54 GMT+0100 (CET);1573908714000;0.95;220.51;12.93
1380556889530408;25;35.4;Sat Nov 16 2019 13:53:47 GMT+0100 (CET);Sat Nov 16 2019 12:53:47 GMT+0100 (CET);1573908827000;0.63;139.74;12.71
1380556889530408;25;34.7;Sat Nov 16 2019 13:55:40 GMT+0100 (CET);Sat Nov 16 2019 12:55:40 GMT+0100 (CET);1573908940000;0.6;143.8;12.57
1380556889530408;23;34.8;Sat Nov 16 2019 13:57:33 GMT+0100 (CET);Sat Nov 16 2019 12:57:33 GMT+0100 (CET);1573909053000;0.52;110.25;12.12
1380556889530408;23;33.9;Sat Nov 16 2019 13:59:26 GMT+0100 (CET);Sat Nov 16 2019 12:59:26 GMT+0100 (CET);1573909166000;0.47;99.12;11.83
1380556889530408;21;33.9;Sat Nov 16 2019 14:01:19 GMT+0100 (CET);Sat Nov 16 2019 13:01:19 GMT+0100 (CET);1573909279000;0.46;95.92;11.45
1380556889530408;21;33.8;Sat Nov 16 2019 14:03:13 GMT+0100 (CET);Sat Nov 16 2019 13:03:13 GMT+0100 (CET);1573909393000;0.44;91.38;11.08
1380556889530408;21;33.7;Sat Nov 16 2019 14:05:07 GMT+0100 (CET);Sat Nov 16 2019 13:05:07 GMT+0100 (CET);1573909507000;0.41;86.85;10.75
1380556889530408;19.5;33.7;Sat Nov 16 2019 14:06:58 GMT+0100 (CET);Sat Nov 16 2019 13:06:58 GMT+0100 (CET);1573909618000;0.38;81.08;10.42
1380556889530408;19.5;33.7;Sat Nov 16 2019 14:08:51 GMT+0100 (CET);Sat Nov 16 2019 13:08:51 GMT+0100 (CET);1573909731000;0.38;80.6;10.15
1380556889530408;19;33.7;Sat Nov 16 2019 14:10:44 GMT+0100 (CET);Sat Nov 16 2019 13:10:44 GMT+0100 (CET);1573909844000;0.38;81.09;9.94
1380556889530408;19;33.9;Sat Nov 16 2019 14:12:46 GMT+0100 (CET);Sat Nov 16 2019 13:12:46 GMT+0100 (CET);1573909966000;0.39;83.32;9.88
1380556889530408;19;34.1;Sat Nov 16 2019 14:14:40 GMT+0100 (CET);Sat Nov 16 2019 13:14:40 GMT+0100 (CET);1573910080000;0.46;100.07;9.75
1380556889530408;17.5;34.4;Sat Nov 16 2019 14:16:33 GMT+0100 (CET);Sat Nov 16 2019 13:16:33 GMT+0100 (CET);1573910193000;0.51;111;9.62
1380556889530408;17.5;34.9;Sat Nov 16 2019 14:18:29 GMT+0100 (CET);Sat Nov 16 2019 13:18:29 GMT+0100 (CET);1573910309000;0.49;108.86;9.56
1380556889530408;17;34.6;Sat Nov 16 2019 14:20:59 GMT+0100 (CET);Sat Nov 16 2019 13:20:59 GMT+0100 (CET);1573910459000;0.46;101.6;9.52
1380556889530408;17;34.5;Sat Nov 16 2019 14:22:53 GMT+0100 (CET);Sat Nov 16 2019 13:22:53 GMT+0100 (CET);1573910573000;0.43;93.39;9.52
1380556889530408;17;34.4;Sat Nov 16 2019 14:24:50 GMT+0100 (CET);Sat Nov 16 2019 13:24:50 GMT+0100 (CET);1573910690000;0.38;83.55;9.53
1380556889530408;17;34.2;Sat Nov 16 2019 14:26:46 GMT+0100 (CET);Sat Nov 16 2019 13:26:46 GMT+0100 (CET);1573910806000;0.36;78.75;9.46
1380556889530408;17;34;Sat Nov 16 2019 14:28:42 GMT+0100 (CET);Sat Nov 16 2019 13:28:42 GMT+0100 (CET);1573910922000;0.34;75.38;9.37
1380556889530408;17;34;Sat Nov 16 2019 14:30:35 GMT+0100 (CET);Sat Nov 16 2019 13:30:35 GMT+0100 (CET);1573911035000;0.35;76.79;9.35
1380556889530408;17;34.2;Sat Nov 16 2019 14:32:30 GMT+0100 (CET);Sat Nov 16 2019 13:32:30 GMT+0100 (CET);1573911150000;0.36;81.26;9.31
1380556889530408;17;34.7;Sat Nov 16 2019 14:34:23 GMT+0100 (CET);Sat Nov 16 2019 13:34:23 GMT+0100 (CET);1573911263000;0.4;91.91;9.25
1380556889530408;14.4;35.2;Sat Nov 16 2019 14:37:06 GMT+0100 (CET);Sat Nov 16 2019 13:37:06 GMT+0100 (CET);1573911426000;0.45;106.18;9.25
1380556889530408;14.4;35.8;Sat Nov 16 2019 14:38:59 GMT+0100 (CET);Sat Nov 16 2019 13:38:59 GMT+0100 (CET);1573911539000;0.48;113.67;9.28
1380556889530408;14.4;37.3;Sat Nov 16 2019 14:41:01 GMT+0100 (CET);Sat Nov 16 2019 13:41:01 GMT+0100 (CET);1573911661000;0.46;110.38;9.34
1380556889530408;14.4;36.2;Sat Nov 16 2019 14:42:55 GMT+0100 (CET);Sat Nov 16 2019 13:42:55 GMT+0100 (CET);1573911775000;0.43;103.44;9.36
1380556889530408;17;36;Sat Nov 16 2019 14:44:51 GMT+0100 (CET);Sat Nov 16 2019 13:44:51 GMT+0100 (CET);1573911891000;0.43;103.05;9.4
1380556889530408;17;36.1;Sat Nov 16 2019 14:46:43 GMT+0100 (CET);Sat Nov 16 2019 13:46:43 GMT+0100 (CET);1573912003000;0.41;100.75;9.42
1380556889530408;17;36.5;Sat Nov 16 2019 14:48:41 GMT+0100 (CET);Sat Nov 16 2019 13:48:41 GMT+0100 (CET);1573912121000;0.46;130.37;9.39
1380556889530408;17;37.9;Sat Nov 16 2019 14:50:43 GMT+0100 (CET);Sat Nov 16 2019 13:50:43 GMT+0100 (CET);1573912243000;0.83;242.25;9.68
1380556889530408;17;38.1;Sat Nov 16 2019 14:52:46 GMT+0100 (CET);Sat Nov 16 2019 13:52:46 GMT+0100 (CET);1573912366000;0.88;264.05;10.15
1380556889530408;17;37.7;Sat Nov 16 2019 14:54:45 GMT+0100 (CET);Sat Nov 16 2019 13:54:45 GMT+0100 (CET);1573912485000;1.01;290.78;10.67
1380556889530408;17;37.8;Sat Nov 16 2019 14:56:40 GMT+0100 (CET);Sat Nov 16 2019 13:56:40 GMT+0100 (CET);1573912600000;0.98;287.28;11.03
1380556889530408;19;37.8;Sat Nov 16 2019 14:58:33 GMT+0100 (CET);Sat Nov 16 2019 13:58:33 GMT+0100 (CET);1573912713000;1;285.13;11.34
1380556889530408;19;37.3;Sat Nov 16 2019 15:00:34 GMT+0100 (CET);Sat Nov 16 2019 14:00:34 GMT+0100 (CET);1573912834000;0.92;229.21;11.73
1380556889530408;19;36.9;Sat Nov 16 2019 15:02:32 GMT+0100 (CET);Sat Nov 16 2019 14:02:32 GMT+0100 (CET);1573912952000;0.81;216.35;11.75
1380556889530408;19;36.7;Sat Nov 16 2019 15:04:35 GMT+0100 (CET);Sat Nov 16 2019 14:04:35 GMT+0100 (CET);1573913075000;0.58;140.93;11.71
1380556889530408;19;36;Sat Nov 16 2019 15:06:28 GMT+0100 (CET);Sat Nov 16 2019 14:06:28 GMT+0100 (CET);1573913188000;0.3;82.41;11.48
1380556889530408;19;34.5;Sat Nov 16 2019 15:08:21 GMT+0100 (CET);Sat Nov 16 2019 14:08:21 GMT+0100 (CET);1573913301000;0.23;50.75;11.07
1380556889530408;19;34.1;Sat Nov 16 2019 15:10:17 GMT+0100 (CET);Sat Nov 16 2019 14:10:17 GMT+0100 (CET);1573913417000;0.21;45.65;10.52
1380556889530408;19;33.4;Sat Nov 16 2019 15:12:12 GMT+0100 (CET);Sat Nov 16 2019 14:12:12 GMT+0100 (CET);1573913532000;0.19;41.51;10.16
1380556889530408;17;33.1;Sat Nov 16 2019 15:14:05 GMT+0100 (CET);Sat Nov 16 2019 14:14:05 GMT+0100 (CET);1573913645000;0.17;39.12;9.75
1380556889530408;17;32.8;Sat Nov 16 2019 15:16:01 GMT+0100 (CET);Sat Nov 16 2019 14:16:01 GMT+0100 (CET);1573913761000;0.15;34.62;9.44
1380556889530408;14.4;32.4;Sat Nov 16 2019 15:17:58 GMT+0100 (CET);Sat Nov 16 2019 14:17:58 GMT+0100 (CET);1573913878000;0.15;34.04;9.17
1380556889530408;14.4;32.3;Sat Nov 16 2019 15:19:57 GMT+0100 (CET);Sat Nov 16 2019 14:19:57 GMT+0100 (CET);1573913997000;0.15;33.19;8.96
1380556889530408;13.4;32.2;Sat Nov 16 2019 15:21:55 GMT+0100 (CET);Sat Nov 16 2019 14:21:55 GMT+0100 (CET);1573914115000;0.15;32.95;8.75
1380556889530408;13.4;32.2;Sat Nov 16 2019 15:23:57 GMT+0100 (CET);Sat Nov 16 2019 14:23:57 GMT+0100 (CET);1573914237000;0.15;33.99;8.61
1380556889530408;12.9;32.2;Sat Nov 16 2019 15:25:56 GMT+0100 (CET);Sat Nov 16 2019 14:25:56 GMT+0100 (CET);1573914356000;0.16;34.39;8.48
1380556889530408;12.9;32;Sat Nov 16 2019 15:27:48 GMT+0100 (CET);Sat Nov 16 2019 14:27:48 GMT+0100 (CET);1573914468000;0.15;32.61;8.38
1380556889530408;12.9;31.8;Sat Nov 16 2019 15:29:43 GMT+0100 (CET);Sat Nov 16 2019 14:29:43 GMT+0100 (CET);1573914583000;0.14;30.43;8.34
1380556889530408;12.9;31.8;Sat Nov 16 2019 15:31:42 GMT+0100 (CET);Sat Nov 16 2019 14:31:42 GMT+0100 (CET);1573914702000;0.13;27.94;8.31
1380556889530408;12.9;31.7;Sat Nov 16 2019 15:33:36 GMT+0100 (CET);Sat Nov 16 2019 14:33:36 GMT+0100 (CET);1573914816000;0.12;26.63;8.27
1380556889530408;12.9;31.1;Sat Nov 16 2019 15:35:29 GMT+0100 (CET);Sat Nov 16 2019 14:35:29 GMT+0100 (CET);1573914929000;0.11;24.78;8.25
1380556889530408;11.4;31.1;Sat Nov 16 2019 15:37:22 GMT+0100 (CET);Sat Nov 16 2019 14:37:22 GMT+0100 (CET);1573915042000;0.1;23.11;8.2
1380556889530408;11.4;30.9;Sat Nov 16 2019 15:39:20 GMT+0100 (CET);Sat Nov 16 2019 14:39:20 GMT+0100 (CET);1573915160000;0.09;20.92;8.16
1380556889530408;10.9;30.8;Sat Nov 16 2019 15:41:15 GMT+0100 (CET);Sat Nov 16 2019 14:41:15 GMT+0100 (CET);1573915275000;0.08;18.26;8.11
1380556889530408;10.9;30.7;Sat Nov 16 2019 15:43:07 GMT+0100 (CET);Sat Nov 16 2019 14:43:07 GMT+0100 (CET);1573915387000;0.07;16.18;8.07
1380556889530408;10.9;29.9;Sat Nov 16 2019 15:45:00 GMT+0100 (CET);Sat Nov 16 2019 14:45:00 GMT+0100 (CET);1573915500000;0.07;15.69;8.02
1380556889530408;10.9;29.3;Sat Nov 16 2019 15:47:14 GMT+0100 (CET);Sat Nov 16 2019 14:47:14 GMT+0100 (CET);1573915634000;0.07;15.69;7.97
1380556889530408;10.9;29.4;Sat Nov 16 2019 15:49:06 GMT+0100 (CET);Sat Nov 16 2019 14:49:06 GMT+0100 (CET);1573915746000;0.07;14.81;7.93
1380556889530408;9.4;29.1;Sat Nov 16 2019 15:51:04 GMT+0100 (CET);Sat Nov 16 2019 14:51:04 GMT+0100 (CET);1573915864000;0;13.26;7.87
1380556889530408;9.4;29;Sat Nov 16 2019 15:52:56 GMT+0100 (CET);Sat Nov 16 2019 14:52:56 GMT+0100 (CET);1573915976000;0;11.1;7.86
1380556889530408;9.4;28.6;Sat Nov 16 2019 15:55:04 GMT+0100 (CET);Sat Nov 16 2019 14:55:04 GMT+0100 (CET);1573916104000;0;11.27;7.84
1380556889530408;9.4;28.2;Sat Nov 16 2019 15:56:57 GMT+0100 (CET);Sat Nov 16 2019 14:56:57 GMT+0100 (CET);1573916217000;0;10.28;7.81
1380556889530408;9.4;27.5;Sat Nov 16 2019 15:58:50 GMT+0100 (CET);Sat Nov 16 2019 14:58:50 GMT+0100 (CET);1573916330000;0;8.62;7.77
1380556889530408;8.9;27.5;Sat Nov 16 2019 16:00:43 GMT+0100 (CET);Sat Nov 16 2019 15:00:43 GMT+0100 (CET);1573916443000;0;8.53;7.74
1380556889530408;8.9;26.2;Sat Nov 16 2019 16:02:55 GMT+0100 (CET);Sat Nov 16 2019 15:02:55 GMT+0100 (CET);1573916575000;0;8.7;7.72
1380556889530408;7.4;25.9;Sat Nov 16 2019 16:04:50 GMT+0100 (CET);Sat Nov 16 2019 15:04:50 GMT+0100 (CET);1573916690000;0;8.39;7.7
1380556889530408;7.4;25.4;Sat Nov 16 2019 16:06:44 GMT+0100 (CET);Sat Nov 16 2019 15:06:44 GMT+0100 (CET);1573916804000;0;9.71;7.69
1380556889530408;7.4;26.7;Sat Nov 16 2019 16:08:37 GMT+0100 (CET);Sat Nov 16 2019 15:08:37 GMT+0100 (CET);1573916917000;0;8.13;7.66
1380556889530408;7.4;26.5;Sat Nov 16 2019 16:10:36 GMT+0100 (CET);Sat Nov 16 2019 15:10:36 GMT+0100 (CET);1573917036000;0;7.62;7.64
1380556889530408;7.4;26.2;Sat Nov 16 2019 16:12:32 GMT+0100 (CET);Sat Nov 16 2019 15:12:32 GMT+0100 (CET);1573917152000;0;8.28;7.62
1380556889530408;7.4;26.7;Sat Nov 16 2019 16:14:25 GMT+0100 (CET);Sat Nov 16 2019 15:14:25 GMT+0100 (CET);1573917265000;0;6.99;7.6
1380556889530408;7.4;33.7;Sat Nov 16 2019 16:16:24 GMT+0100 (CET);Sat Nov 16 2019 15:16:24 GMT+0100 (CET);1573917384000;0;6.59;7.6
1380556889530408;7.4;33.6;Sat Nov 16 2019 16:18:17 GMT+0100 (CET);Sat Nov 16 2019 15:18:17 GMT+0100 (CET);1573917497000;0;6.28;7.58
1380556889530408;9.4;33.3;Sat Nov 16 2019 16:20:15 GMT+0100 (CET);Sat Nov 16 2019 15:20:15 GMT+0100 (CET);1573917615000;0;5.87;7.56
1380556889530408;9.4;33.2;Sat Nov 16 2019 16:22:08 GMT+0100 (CET);Sat Nov 16 2019 15:22:08 GMT+0100 (CET);1573917728000;0;5.4;7.51
1380556889530408;9.9;33.1;Sat Nov 16 2019 16:24:02 GMT+0100 (CET);Sat Nov 16 2019 15:24:02 GMT+0100 (CET);1573917842000;0;4.89;7.45
1380556889530408;9.9;32.4;Sat Nov 16 2019 16:25:58 GMT+0100 (CET);Sat Nov 16 2019 15:25:58 GMT+0100 (CET);1573917958000;0;3.79;7.35
1380556889530408;9.9;28.6;Sat Nov 16 2019 16:27:51 GMT+0100 (CET);Sat Nov 16 2019 15:27:51 GMT+0100 (CET);1573918071000;0;3.3;7.24
1380556889530408;8.9;30.1;Sat Nov 16 2019 16:29:43 GMT+0100 (CET);Sat Nov 16 2019 15:29:43 GMT+0100 (CET);1573918183000;0;2.69;7.18
1380556889530408;8.9;28.9;Sat Nov 16 2019 16:31:38 GMT+0100 (CET);Sat Nov 16 2019 15:31:38 GMT+0100 (CET);1573918298000;0;2.32;7.12
1380556889530408;7.4;28.9;Sat Nov 16 2019 16:33:33 GMT+0100 (CET);Sat Nov 16 2019 15:33:33 GMT+0100 (CET);1573918413000;0;1.89;7.09
1380556889530408;7.4;22.8;Sat Nov 16 2019 16:35:30 GMT+0100 (CET);Sat Nov 16 2019 15:35:30 GMT+0100 (CET);1573918530000;0;1.78;7.07
1380556889530408;7.4;22.8;Sat Nov 16 2019 16:37:23 GMT+0100 (CET);Sat Nov 16 2019 15:37:23 GMT+0100 (CET);1573918643000;0;1.09;7.05
1380556889530408;7.4;22.8;Sat Nov 16 2019 16:39:15 GMT+0100 (CET);Sat Nov 16 2019 15:39:15 GMT+0100 (CET);1573918755000;0;0.5;7
1380556889530408;0.8;30.8;Sun Nov 17 2019 08:04:04 GMT+0100 (CET);Sun Nov 17 2019 07:04:04 GMT+0100 (CET);1573974244000;0;4.24;2.78
1380556889530408;2.8;32.4;Sun Nov 17 2019 08:06:05 GMT+0100 (CET);Sun Nov 17 2019 07:06:05 GMT+0100 (CET);1573974365000;0;4.78;2.81
1380556889530408;2.8;30.7;Sun Nov 17 2019 08:07:58 GMT+0100 (CET);Sun Nov 17 2019 07:07:58 GMT+0100 (CET);1573974478000;0;5.7;2.82
1380556889530408;2.8;34.6;Sun Nov 17 2019 08:09:53 GMT+0100 (CET);Sun Nov 17 2019 07:09:53 GMT+0100 (CET);1573974593000;0;6.8;2.85
1380556889530408;4.9;34.1;Sun Nov 17 2019 08:11:46 GMT+0100 (CET);Sun Nov 17 2019 07:11:46 GMT+0100 (CET);1573974706000;0;7.57;2.85
1380556889530408;4.9;24.8;Sun Nov 17 2019 08:13:39 GMT+0100 (CET);Sun Nov 17 2019 07:13:39 GMT+0100 (CET);1573974819000;0;9.54;2.89
1380556889530408;4.9;24.5;Sun Nov 17 2019 08:15:37 GMT+0100 (CET);Sun Nov 17 2019 07:15:37 GMT+0100 (CET);1573974937000;0;12.08;2.91
1380556889530408;4.9;23.6;Sun Nov 17 2019 08:17:30 GMT+0100 (CET);Sun Nov 17 2019 07:17:30 GMT+0100 (CET);1573975050000;0.09;18.21;2.95
1380556889530408;0.3;22.4;Sun Nov 17 2019 08:19:46 GMT+0100 (CET);Sun Nov 17 2019 07:19:46 GMT+0100 (CET);1573975186000;0.11;21.89;2.99
1380556889530408;0.3;30.4;Sun Nov 17 2019 08:21:39 GMT+0100 (CET);Sun Nov 17 2019 07:21:39 GMT+0100 (CET);1573975299000;0.12;24.38;3.03
1380556889530408;0.3;31;Sun Nov 17 2019 08:23:33 GMT+0100 (CET);Sun Nov 17 2019 07:23:33 GMT+0100 (CET);1573975413000;0.14;27.34;3.08
1380556889530408;4.9;32.5;Sun Nov 17 2019 08:25:26 GMT+0100 (CET);Sun Nov 17 2019 07:25:26 GMT+0100 (CET);1573975526000;0.15;30.39;3.15
1380556889530408;4.9;32.3;Sun Nov 17 2019 08:27:19 GMT+0100 (CET);Sun Nov 17 2019 07:27:19 GMT+0100 (CET);1573975639000;0.19;37.03;3.22
1380556889530408;4.9;32.6;Sun Nov 17 2019 08:29:14 GMT+0100 (CET);Sun Nov 17 2019 07:29:14 GMT+0100 (CET);1573975754000;0.2;39.89;3.28
1380556889530408;5.4;33.3;Sun Nov 17 2019 08:31:09 GMT+0100 (CET);Sun Nov 17 2019 07:31:09 GMT+0100 (CET);1573975869000;0.18;37.07;3.36
1380556889530408;5.4;33.4;Sun Nov 17 2019 08:33:11 GMT+0100 (CET);Sun Nov 17 2019 07:33:11 GMT+0100 (CET);1573975991000;0.15;30.99;3.43
1380556889530408;5.4;33;Sun Nov 17 2019 08:35:18 GMT+0100 (CET);Sun Nov 17 2019 07:35:18 GMT+0100 (CET);1573976118000;0.14;28.29;3.46
1380556889530408;5.4;32.6;Sun Nov 17 2019 08:37:11 GMT+0100 (CET);Sun Nov 17 2019 07:37:11 GMT+0100 (CET);1573976231000;0.14;27.21;3.51
1380556889530408;5.4;32.3;Sun Nov 17 2019 08:39:05 GMT+0100 (CET);Sun Nov 17 2019 07:39:05 GMT+0100 (CET);1573976345000;0.14;28.97;3.53
1380556889530408;5.4;32.6;Sun Nov 17 2019 08:41:27 GMT+0100 (CET);Sun Nov 17 2019 07:41:27 GMT+0100 (CET);1573976487000;0.17;33.06;3.52
1380556889530408;5.4;32.5;Sun Nov 17 2019 08:43:20 GMT+0100 (CET);Sun Nov 17 2019 07:43:20 GMT+0100 (CET);1573976600000;0.2;39.7;3.56
1380556889530408;5.4;33.4;Sun Nov 17 2019 08:45:13 GMT+0100 (CET);Sun Nov 17 2019 07:45:13 GMT+0100 (CET);1573976713000;0.2;40.8;3.54
1380556889530408;5.4;33.5;Sun Nov 17 2019 08:47:06 GMT+0100 (CET);Sun Nov 17 2019 07:47:06 GMT+0100 (CET);1573976826000;0.24;47.44;3.57
1380556889530408;6.9;33.4;Sun Nov 17 2019 08:49:14 GMT+0100 (CET);Sun Nov 17 2019 07:49:14 GMT+0100 (CET);1573976954000;0.29;56.36;3.62
1380556889530408;6.9;33.9;Sun Nov 17 2019 08:51:12 GMT+0100 (CET);Sun Nov 17 2019 07:51:12 GMT+0100 (CET);1573977072000;0.3;60.3;3.66
1380556889530408;6.9;33.9;Sun Nov 17 2019 08:53:06 GMT+0100 (CET);Sun Nov 17 2019 07:53:06 GMT+0100 (CET);1573977186000;0.3;60.16;3.74
1380556889530408;6.9;33.8;Sun Nov 17 2019 08:55:04 GMT+0100 (CET);Sun Nov 17 2019 07:55:04 GMT+0100 (CET);1573977304000;0.28;56.45;3.83
1380556889530408;7.4;33.7;Sun Nov 17 2019 08:57:01 GMT+0100 (CET);Sun Nov 17 2019 07:57:01 GMT+0100 (CET);1573977421000;0.27;52.4;3.82
1380556889530408;7.4;33.8;Sun Nov 17 2019 08:59:00 GMT+0100 (CET);Sun Nov 17 2019 07:59:00 GMT+0100 (CET);1573977540000;0.24;46.74;3.8
1380556889530408;7.4;33.5;Sun Nov 17 2019 09:00:57 GMT+0100 (CET);Sun Nov 17 2019 08:00:57 GMT+0100 (CET);1573977657000;0.24;46.24;3.8
1380556889530408;7.4;33.4;Sun Nov 17 2019 09:03:11 GMT+0100 (CET);Sun Nov 17 2019 08:03:11 GMT+0100 (CET);1573977791000;0.21;42.24;3.81
1380556889530408;7.4;33.2;Sun Nov 17 2019 09:05:09 GMT+0100 (CET);Sun Nov 17 2019 08:05:09 GMT+0100 (CET);1573977909000;0.21;42.25;3.85
1380556889530408;6.9;33.3;Sun Nov 17 2019 09:07:01 GMT+0100 (CET);Sun Nov 17 2019 08:07:01 GMT+0100 (CET);1573978021000;0.24;48.47;3.87
1380556889530408;6.9;33.2;Sun Nov 17 2019 09:09:32 GMT+0100 (CET);Sun Nov 17 2019 08:09:32 GMT+0100 (CET);1573978172000;0.25;47.77;3.95
1380556889530408;7.4;33.3;Sun Nov 17 2019 09:11:32 GMT+0100 (CET);Sun Nov 17 2019 08:11:32 GMT+0100 (CET);1573978292000;0.22;43.77;3.98
1380556889530408;7.4;33.1;Sun Nov 17 2019 09:13:25 GMT+0100 (CET);Sun Nov 17 2019 08:13:25 GMT+0100 (CET);1573978405000;0.22;44.58;3.98
1380556889530408;7.4;33.2;Sun Nov 17 2019 09:15:18 GMT+0100 (CET);Sun Nov 17 2019 08:15:18 GMT+0100 (CET);1573978518000;0.24;48.9;4.01
1380556889530408;7.4;33.2;Sun Nov 17 2019 09:17:19 GMT+0100 (CET);Sun Nov 17 2019 08:17:19 GMT+0100 (CET);1573978639000;0.31;62.62;4.04
1380556889530408;7.4;33.8;Sun Nov 17 2019 09:19:17 GMT+0100 (CET);Sun Nov 17 2019 08:19:17 GMT+0100 (CET);1573978757000;0.32;68.01;4.08
1380556889530408;8.9;33.8;Sun Nov 17 2019 09:21:11 GMT+0100 (CET);Sun Nov 17 2019 08:21:11 GMT+0100 (CET);1573978871000;0.28;57.28;4.14
1380556889530408;8.9;33.8;Sun Nov 17 2019 09:23:09 GMT+0100 (CET);Sun Nov 17 2019 08:23:09 GMT+0100 (CET);1573978989000;0.24;51.21;4.17
1380556889530408;8.9;33.3;Sun Nov 17 2019 09:25:39 GMT+0100 (CET);Sun Nov 17 2019 08:25:39 GMT+0100 (CET);1573979139000;0.25;51.95;4.25
1380556889530408;8.9;33.5;Sun Nov 17 2019 09:27:38 GMT+0100 (CET);Sun Nov 17 2019 08:27:38 GMT+0100 (CET);1573979258000;0.24;48.44;4.29
1380556889530408;8.9;33.3;Sun Nov 17 2019 09:29:30 GMT+0100 (CET);Sun Nov 17 2019 08:29:30 GMT+0100 (CET);1573979370000;0.24;49.44;4.37
1380556889530408;8.9;33.5;Sun Nov 17 2019 09:31:23 GMT+0100 (CET);Sun Nov 17 2019 08:31:23 GMT+0100 (CET);1573979483000;0.24;49.64;4.43
1380556889530408;8.9;33.3;Sun Nov 17 2019 09:33:35 GMT+0100 (CET);Sun Nov 17 2019 08:33:35 GMT+0100 (CET);1573979615000;0.23;48.05;4.46
1380556889530408;8.9;33.2;Sun Nov 17 2019 09:35:51 GMT+0100 (CET);Sun Nov 17 2019 08:35:51 GMT+0100 (CET);1573979751000;0.28;59.88;4.45
1380556889530408;8.9;33.2;Sun Nov 17 2019 09:37:45 GMT+0100 (CET);Sun Nov 17 2019 08:37:45 GMT+0100 (CET);1573979865000;0.33;68.61;4.4
1380556889530408;8.9;34.3;Sun Nov 17 2019 09:39:39 GMT+0100 (CET);Sun Nov 17 2019 08:39:39 GMT+0100 (CET);1573979979000;0.35;74.42;4.41
1380556889530408;8.9;34.1;Sun Nov 17 2019 09:41:45 GMT+0100 (CET);Sun Nov 17 2019 08:41:45 GMT+0100 (CET);1573980105000;0.34;72.13;4.37
1380556889530408;8.9;34.3;Sun Nov 17 2019 09:43:38 GMT+0100 (CET);Sun Nov 17 2019 08:43:38 GMT+0100 (CET);1573980218000;0.35;73.89;4.36
1380556889530408;8.9;34;Sun Nov 17 2019 09:45:34 GMT+0100 (CET);Sun Nov 17 2019 08:45:34 GMT+0100 (CET);1573980334000;0.29;61.71;4.42
1380556889530408;8.9;34;Sun Nov 17 2019 09:47:27 GMT+0100 (CET);Sun Nov 17 2019 08:47:27 GMT+0100 (CET);1573980447000;0.28;57.69;4.42
1380556889530408;8.9;33.8;Sun Nov 17 2019 09:49:44 GMT+0100 (CET);Sun Nov 17 2019 08:49:44 GMT+0100 (CET);1573980584000;0.26;53.45;4.42
1380556889530408;8.9;33.5;Sun Nov 17 2019 09:51:37 GMT+0100 (CET);Sun Nov 17 2019 08:51:37 GMT+0100 (CET);1573980697000;0.26;52.89;4.46
1380556889530408;8.9;33.5;Sun Nov 17 2019 09:53:34 GMT+0100 (CET);Sun Nov 17 2019 08:53:34 GMT+0100 (CET);1573980814000;0.26;53.05;4.53
1380556889530408;8.4;33.3;Sun Nov 17 2019 09:55:34 GMT+0100 (CET);Sun Nov 17 2019 08:55:34 GMT+0100 (CET);1573980934000;0.24;49.37;4.57
1380556889530408;8.4;33.2;Sun Nov 17 2019 09:57:43 GMT+0100 (CET);Sun Nov 17 2019 08:57:43 GMT+0100 (CET);1573981063000;0.25;51.86;4.57
1380556889530408;8.4;33.2;Sun Nov 17 2019 09:59:36 GMT+0100 (CET);Sun Nov 17 2019 08:59:36 GMT+0100 (CET);1573981176000;0.27;56.29;4.62
1380556889530408;8.4;33.4;Sun Nov 17 2019 10:01:36 GMT+0100 (CET);Sun Nov 17 2019 09:01:36 GMT+0100 (CET);1573981296000;0.28;57.94;4.65
1380556889530408;8.4;33.5;Sun Nov 17 2019 10:03:31 GMT+0100 (CET);Sun Nov 17 2019 09:03:31 GMT+0100 (CET);1573981411000;0.26;52.32;4.67
1380556889530408;8.9;33.2;Sun Nov 17 2019 10:05:53 GMT+0100 (CET);Sun Nov 17 2019 09:05:53 GMT+0100 (CET);1573981553000;0.24;50.67;4.68
1380556889530408;8.9;33.3;Sun Nov 17 2019 10:07:54 GMT+0100 (CET);Sun Nov 17 2019 09:07:54 GMT+0100 (CET);1573981674000;0.28;59.17;4.7
1380556889530408;8.9;33.7;Sun Nov 17 2019 10:09:48 GMT+0100 (CET);Sun Nov 17 2019 09:09:48 GMT+0100 (CET);1573981788000;0.29;62.08;4.75
1380556889530408;8.9;33.6;Sun Nov 17 2019 10:12:09 GMT+0100 (CET);Sun Nov 17 2019 09:12:09 GMT+0100 (CET);1573981929000;0.31;64.79;4.84
1380556889530408;8.9;33.6;Sun Nov 17 2019 10:14:06 GMT+0100 (CET);Sun Nov 17 2019 09:14:06 GMT+0100 (CET);1573982046000;0.3;63.01;4.94
1380556889530408;8.9;33.5;Sun Nov 17 2019 10:16:00 GMT+0100 (CET);Sun Nov 17 2019 09:16:00 GMT+0100 (CET);1573982160000;0.29;60.88;5.07
1380556889530408;9.4;33.7;Sun Nov 17 2019 10:17:52 GMT+0100 (CET);Sun Nov 17 2019 09:17:52 GMT+0100 (CET);1573982272000;0.32;66.87;5.15
1380556889530408;9.4;33.7;Sun Nov 17 2019 10:20:36 GMT+0100 (CET);Sun Nov 17 2019 09:20:36 GMT+0100 (CET);1573982436000;0.38;78.39;5.22
1380556889530408;9.4;34.1;Sun Nov 17 2019 10:22:34 GMT+0100 (CET);Sun Nov 17 2019 09:22:34 GMT+0100 (CET);1573982554000;0.37;77.25;5.35
1380556889530408;9.4;34.2;Sun Nov 17 2019 10:24:27 GMT+0100 (CET);Sun Nov 17 2019 09:24:27 GMT+0100 (CET);1573982667000;0.33;69.48;5.42
1380556889530408;9.4;34.1;Sun Nov 17 2019 10:26:21 GMT+0100 (CET);Sun Nov 17 2019 09:26:21 GMT+0100 (CET);1573982781000;0.35;72.59;5.47
1380556889530408;9.4;34.1;Sun Nov 17 2019 10:28:22 GMT+0100 (CET);Sun Nov 17 2019 09:28:22 GMT+0100 (CET);1573982902000;0.41;85.06;5.49
1380556889530408;9.4;34.3;Sun Nov 17 2019 10:30:17 GMT+0100 (CET);Sun Nov 17 2019 09:30:17 GMT+0100 (CET);1573983017000;0.44;90.46;5.54
1380556889530408;10.9;34.5;Sun Nov 17 2019 10:32:10 GMT+0100 (CET);Sun Nov 17 2019 09:32:10 GMT+0100 (CET);1573983130000;0.47;96.94;5.66
1380556889530408;10.9;34.7;Sun Nov 17 2019 10:34:03 GMT+0100 (CET);Sun Nov 17 2019 09:34:03 GMT+0100 (CET);1573983243000;0.45;93.46;5.79
1380556889530408;10.9;34.5;Sun Nov 17 2019 10:36:17 GMT+0100 (CET);Sun Nov 17 2019 09:36:17 GMT+0100 (CET);1573983377000;0.44;91.67;5.89
1380556889530408;10.9;34.9;Sun Nov 17 2019 10:38:43 GMT+0100 (CET);Sun Nov 17 2019 09:38:43 GMT+0100 (CET);1573983523000;0.45;94.06;5.92
1380556889530408;10.9;35.1;Sun Nov 17 2019 10:40:36 GMT+0100 (CET);Sun Nov 17 2019 09:40:36 GMT+0100 (CET);1573983636000;0.48;99.9;5.94
1380556889530408;10.9;35.2;Sun Nov 17 2019 10:42:32 GMT+0100 (CET);Sun Nov 17 2019 09:42:32 GMT+0100 (CET);1573983752000;0.49;101.94;6.05
1380556889530408;10.9;35.3;Sun Nov 17 2019 10:44:42 GMT+0100 (CET);Sun Nov 17 2019 09:44:42 GMT+0100 (CET);1573983882000;0.52;107.41;6.19
1380556889530408;11.4;35.2;Sun Nov 17 2019 10:46:40 GMT+0100 (CET);Sun Nov 17 2019 09:46:40 GMT+0100 (CET);1573984000000;0.49;103.75;6.33
1380556889530408;11.4;35.1;Sun Nov 17 2019 10:48:33 GMT+0100 (CET);Sun Nov 17 2019 09:48:33 GMT+0100 (CET);1573984113000;0.42;88.15;6.49
1380556889530408;11.4;34.7;Sun Nov 17 2019 10:50:26 GMT+0100 (CET);Sun Nov 17 2019 09:50:26 GMT+0100 (CET);1573984226000;0.44;91.22;6.53
1380556889530408;11.4;34.8;Sun Nov 17 2019 10:52:46 GMT+0100 (CET);Sun Nov 17 2019 09:52:46 GMT+0100 (CET);1573984366000;0.45;94.42;6.56
1380556889530408;12.9;35;Sun Nov 17 2019 10:55:01 GMT+0100 (CET);Sun Nov 17 2019 09:55:01 GMT+0100 (CET);1573984501000;0.45;92.31;6.62
1380556889530408;12.9;35;Sun Nov 17 2019 10:56:54 GMT+0100 (CET);Sun Nov 17 2019 09:56:54 GMT+0100 (CET);1573984614000;0.44;93.61;6.63
1380556889530408;12.9;34.8;Sun Nov 17 2019 10:59:13 GMT+0100 (CET);Sun Nov 17 2019 09:59:13 GMT+0100 (CET);1573984753000;0.48;103.47;6.73
1380556889530408;12.9;35.2;Sun Nov 17 2019 11:01:13 GMT+0100 (CET);Sun Nov 17 2019 10:01:13 GMT+0100 (CET);1573984873000;0.51;113.53;6.9
1380556889530408;12.9;35.2;Sun Nov 17 2019 11:03:06 GMT+0100 (CET);Sun Nov 17 2019 10:03:06 GMT+0100 (CET);1573984986000;0.54;118.62;7.04
1380556889530408;12.9;35.2;Sun Nov 17 2019 11:05:04 GMT+0100 (CET);Sun Nov 17 2019 10:05:04 GMT+0100 (CET);1573985104000;0.39;89.25;7.11
1380556889530408;12.9;34.1;Sun Nov 17 2019 11:07:29 GMT+0100 (CET);Sun Nov 17 2019 10:07:29 GMT+0100 (CET);1573985249000;0.4;89.13;7.08
1380556889530408;12.9;34;Sun Nov 17 2019 11:09:30 GMT+0100 (CET);Sun Nov 17 2019 10:09:30 GMT+0100 (CET);1573985370000;0.43;90.85;7.09
1380556889530408;12.9;34.1;Sun Nov 17 2019 11:11:24 GMT+0100 (CET);Sun Nov 17 2019 10:11:24 GMT+0100 (CET);1573985484000;0.42;87.34;7.13
1380556889530408;12.9;34;Sun Nov 17 2019 11:13:23 GMT+0100 (CET);Sun Nov 17 2019 10:13:23 GMT+0100 (CET);1573985603000;0.37;77.38;7.14
1380556889530408;12.9;33.8;Sun Nov 17 2019 11:15:54 GMT+0100 (CET);Sun Nov 17 2019 10:15:54 GMT+0100 (CET);1573985754000;0.42;87.54;7.21
1380556889530408;12.9;34.2;Sun Nov 17 2019 11:17:51 GMT+0100 (CET);Sun Nov 17 2019 10:17:51 GMT+0100 (CET);1573985871000;0.43;86.57;7.12
1380556889530408;12.9;34;Sun Nov 17 2019 11:19:44 GMT+0100 (CET);Sun Nov 17 2019 10:19:44 GMT+0100 (CET);1573985984000;0.4;80.76;7.05
1380556889530408;12.9;34;Sun Nov 17 2019 11:21:37 GMT+0100 (CET);Sun Nov 17 2019 10:21:37 GMT+0100 (CET);1573986097000;0.36;73.08;7
1380556889530408;12.9;33.7;Sun Nov 17 2019 11:24:30 GMT+0100 (CET);Sun Nov 17 2019 10:24:30 GMT+0100 (CET);1573986270000;0.36;72.32;6.95
1380556889530408;12.9;33.6;Sun Nov 17 2019 11:26:25 GMT+0100 (CET);Sun Nov 17 2019 10:26:25 GMT+0100 (CET);1573986385000;0.34;67.54;6.88
1380556889530408;12.9;33.5;Sun Nov 17 2019 11:28:22 GMT+0100 (CET);Sun Nov 17 2019 10:28:22 GMT+0100 (CET);1573986502000;0.32;63.79;6.79
1380556889530408;12.9;33.3;Sun Nov 17 2019 11:30:41 GMT+0100 (CET);Sun Nov 17 2019 10:30:41 GMT+0100 (CET);1573986641000;0.33;65.91;6.73
1380556889530408;12.9;33.7;Sun Nov 17 2019 11:32:43 GMT+0100 (CET);Sun Nov 17 2019 10:32:43 GMT+0100 (CET);1573986763000;0.35;68.71;6.74
1380556889530408;12.9;33.7;Sun Nov 17 2019 11:34:36 GMT+0100 (CET);Sun Nov 17 2019 10:34:36 GMT+0100 (CET);1573986876000;0.35;68.34;6.81
1380556889530408;12.9;33.5;Sun Nov 17 2019 11:36:34 GMT+0100 (CET);Sun Nov 17 2019 10:36:34 GMT+0100 (CET);1573986994000;0.35;68.92;6.87
1380556889530408;12.9;33.7;Sun Nov 17 2019 11:38:49 GMT+0100 (CET);Sun Nov 17 2019 10:38:49 GMT+0100 (CET);1573987129000;0.34;66.89;6.88
1380556889530408;12.9;33.8;Sun Nov 17 2019 11:40:48 GMT+0100 (CET);Sun Nov 17 2019 10:40:48 GMT+0100 (CET);1573987248000;0.35;70.44;6.97
1380556889530408;12.9;33.8;Sun Nov 17 2019 11:42:41 GMT+0100 (CET);Sun Nov 17 2019 10:42:41 GMT+0100 (CET);1573987361000;0.37;75.06;7.03
1380556889530408;12.9;34;Sun Nov 17 2019 11:44:48 GMT+0100 (CET);Sun Nov 17 2019 10:44:48 GMT+0100 (CET);1573987488000;0.4;80.81;7.06
1380556889530408;12.9;34.1;Sun Nov 17 2019 11:46:40 GMT+0100 (CET);Sun Nov 17 2019 10:46:40 GMT+0100 (CET);1573987600000;0.41;82.45;7.1
1380556889530408;12.9;34.1;Sun Nov 17 2019 11:48:33 GMT+0100 (CET);Sun Nov 17 2019 10:48:33 GMT+0100 (CET);1573987713000;0.4;81.23;7.1
1380556889530408;12.9;34.1;Sun Nov 17 2019 11:50:30 GMT+0100 (CET);Sun Nov 17 2019 10:50:30 GMT+0100 (CET);1573987830000;0.37;75.8;7.08
1380556889530408;12.9;33.7;Sun Nov 17 2019 11:52:25 GMT+0100 (CET);Sun Nov 17 2019 10:52:25 GMT+0100 (CET);1573987945000;0.41;82.8;7.17
1380556889530408;12.9;34.1;Sun Nov 17 2019 11:54:18 GMT+0100 (CET);Sun Nov 17 2019 10:54:18 GMT+0100 (CET);1573988058000;0.44;89.37;7.27
1380556889530408;12.9;34.2;Sun Nov 17 2019 11:56:20 GMT+0100 (CET);Sun Nov 17 2019 10:56:20 GMT+0100 (CET);1573988180000;0.45;92.78;7.38
1380556889530408;12.9;34.3;Sun Nov 17 2019 11:58:33 GMT+0100 (CET);Sun Nov 17 2019 10:58:33 GMT+0100 (CET);1573988313000;0.46;95.39;7.5
1380556889530408;12.9;34.4;Sun Nov 17 2019 12:00:52 GMT+0100 (CET);Sun Nov 17 2019 11:00:52 GMT+0100 (CET);1573988452000;0.47;97.13;7.62
1380556889530408;12.9;34.6;Sun Nov 17 2019 12:02:46 GMT+0100 (CET);Sun Nov 17 2019 11:02:46 GMT+0100 (CET);1573988566000;0.5;101.91;7.74
1380556889530408;12.9;34.9;Sun Nov 17 2019 12:04:44 GMT+0100 (CET);Sun Nov 17 2019 11:04:44 GMT+0100 (CET);1573988684000;0.49;101.36;7.85
1380556889530408;12.9;34.8;Sun Nov 17 2019 12:06:47 GMT+0100 (CET);Sun Nov 17 2019 11:06:47 GMT+0100 (CET);1573988807000;0.48;97.83;8
1380556889530408;12.9;34.8;Sun Nov 17 2019 12:08:45 GMT+0100 (CET);Sun Nov 17 2019 11:08:45 GMT+0100 (CET);1573988925000;0.44;90.04;8.1
1380556889530408;12.9;34.8;Sun Nov 17 2019 12:10:40 GMT+0100 (CET);Sun Nov 17 2019 11:10:40 GMT+0100 (CET);1573989040000;0.41;83.08;8.15
1380556889530408;13.4;34.3;Sun Nov 17 2019 12:12:56 GMT+0100 (CET);Sun Nov 17 2019 11:12:56 GMT+0100 (CET);1573989176000;0.38;76.02;8.16
1380556889530408;13.4;34.2;Sun Nov 17 2019 12:14:49 GMT+0100 (CET);Sun Nov 17 2019 11:14:49 GMT+0100 (CET);1573989289000;0.36;71.54;8.19
1380556889530408;12.9;33.8;Sun Nov 17 2019 12:16:46 GMT+0100 (CET);Sun Nov 17 2019 11:16:46 GMT+0100 (CET);1573989406000;0.34;66.15;8.18
1380556889530408;12.9;33.7;Sun Nov 17 2019 12:19:16 GMT+0100 (CET);Sun Nov 17 2019 11:19:16 GMT+0100 (CET);1573989556000;0.31;61.65;8.21
1380556889530408;12.9;33.4;Sun Nov 17 2019 12:21:26 GMT+0100 (CET);Sun Nov 17 2019 11:21:26 GMT+0100 (CET);1573989686000;0.31;60.63;8.22
1380556889530408;12.9;33.4;Sun Nov 17 2019 12:23:34 GMT+0100 (CET);Sun Nov 17 2019 11:23:34 GMT+0100 (CET);1573989814000;0.32;62.3;8.23
1380556889530408;12.9;33.5;Sun Nov 17 2019 12:25:34 GMT+0100 (CET);Sun Nov 17 2019 11:25:34 GMT+0100 (CET);1573989934000;0.33;64.03;8.24
1380556889530408;12.9;33.5;Sun Nov 17 2019 12:27:54 GMT+0100 (CET);Sun Nov 17 2019 11:27:54 GMT+0100 (CET);1573990074000;0.33;64.08;8.24
1380556889530408;12.9;33.5;Sun Nov 17 2019 12:29:56 GMT+0100 (CET);Sun Nov 17 2019 11:29:56 GMT+0100 (CET);1573990196000;0.34;65.41;8.24
1380556889530408;12.9;33.5;Sun Nov 17 2019 12:31:51 GMT+0100 (CET);Sun Nov 17 2019 11:31:51 GMT+0100 (CET);1573990311000;0.34;66.26;8.23
1380556889530408;12.9;33.6;Sun Nov 17 2019 12:33:50 GMT+0100 (CET);Sun Nov 17 2019 11:33:50 GMT+0100 (CET);1573990430000;0.34;66.31;8.23
1380556889530408;12.9;33.6;Sun Nov 17 2019 12:36:10 GMT+0100 (CET);Sun Nov 17 2019 11:36:10 GMT+0100 (CET);1573990570000;0.34;66.79;8.23
1380556889530408;12.9;33.6;Sun Nov 17 2019 12:38:13 GMT+0100 (CET);Sun Nov 17 2019 11:38:13 GMT+0100 (CET);1573990693000;0.34;66.9;8.24
1380556889530408;12.9;33.7;Sun Nov 17 2019 12:40:20 GMT+0100 (CET);Sun Nov 17 2019 11:40:20 GMT+0100 (CET);1573990820000;0.34;66.59;8.27
1380556889530408;12.9;33.6;Sun Nov 17 2019 12:42:38 GMT+0100 (CET);Sun Nov 17 2019 11:42:38 GMT+0100 (CET);1573990958000;0.35;68.11;8.32
1380556889530408;12.9;33.5;Sun Nov 17 2019 12:44:34 GMT+0100 (CET);Sun Nov 17 2019 11:44:34 GMT+0100 (CET);1573991074000;0.37;73.18;8.38
1380556889530408;12.9;33.5;Sun Nov 17 2019 12:46:30 GMT+0100 (CET);Sun Nov 17 2019 11:46:30 GMT+0100 (CET);1573991190000;0.4;78.49;8.42
1380556889530408;12.9;33.8;Sun Nov 17 2019 12:48:23 GMT+0100 (CET);Sun Nov 17 2019 11:48:23 GMT+0100 (CET);1573991303000;0.42;84.21;8.45
1380556889530408;12.9;34.5;Sun Nov 17 2019 12:50:15 GMT+0100 (CET);Sun Nov 17 2019 11:50:15 GMT+0100 (CET);1573991415000;0.44;89.9;8.5
1380556889530408;12.9;34.3;Sun Nov 17 2019 12:52:08 GMT+0100 (CET);Sun Nov 17 2019 11:52:08 GMT+0100 (CET);1573991528000;0.48;97.78;8.57
1380556889530408;12.9;34.5;Sun Nov 17 2019 12:54:20 GMT+0100 (CET);Sun Nov 17 2019 11:54:20 GMT+0100 (CET);1573991660000;0.56;113.62;8.67
1380556889530408;12.9;35.4;Sun Nov 17 2019 12:56:22 GMT+0100 (CET);Sun Nov 17 2019 11:56:22 GMT+0100 (CET);1573991782000;0.63;133.47;8.85
1380556889530408;13.4;35.8;Sun Nov 17 2019 12:58:24 GMT+0100 (CET);Sun Nov 17 2019 11:58:24 GMT+0100 (CET);1573991904000;0.69;147.63;9.02
1380556889530408;13.4;35.9;Sun Nov 17 2019 13:00:30 GMT+0100 (CET);Sun Nov 17 2019 12:00:30 GMT+0100 (CET);1573992030000;0.75;162.54;9.2
1380556889530408;13.4;36.1;Sun Nov 17 2019 13:02:26 GMT+0100 (CET);Sun Nov 17 2019 12:02:26 GMT+0100 (CET);1573992146000;0.81;183.23;9.5
1380556889530408;14.4;36.8;Sun Nov 17 2019 13:04:23 GMT+0100 (CET);Sun Nov 17 2019 12:04:23 GMT+0100 (CET);1573992263000;0.97;220.87;9.69
1380556889530408;14.4;36.9;Sun Nov 17 2019 13:06:16 GMT+0100 (CET);Sun Nov 17 2019 12:06:16 GMT+0100 (CET);1573992376000;1.05;246.46;10.03
1380556889530408;17;36.9;Sun Nov 17 2019 13:08:04 GMT+0100 (CET);Sun Nov 17 2019 12:08:04 GMT+0100 (CET);1573992484000;1.22;284.85;10.28
1380556889530408;17;36.9;Sun Nov 17 2019 13:09:58 GMT+0100 (CET);Sun Nov 17 2019 12:09:58 GMT+0100 (CET);1573992598000;1.34;315.54;10.66
1380556889530408;17;36.8;Sun Nov 17 2019 13:12:04 GMT+0100 (CET);Sun Nov 17 2019 12:12:04 GMT+0100 (CET);1573992724000;1.15;268.13;11.03
1380556889530408;17;36.8;Sun Nov 17 2019 13:13:57 GMT+0100 (CET);Sun Nov 17 2019 12:13:57 GMT+0100 (CET);1573992837000;1.34;317.89;11.42
1380556889530408;17;36.6;Sun Nov 17 2019 13:15:58 GMT+0100 (CET);Sun Nov 17 2019 12:15:58 GMT+0100 (CET);1573992958000;1.23;290.96;11.84
1380556889530408;19;36.7;Sun Nov 17 2019 13:18:10 GMT+0100 (CET);Sun Nov 17 2019 12:18:10 GMT+0100 (CET);1573993090000;1.13;263.24;12.08
1380556889530408;19;36.5;Sun Nov 17 2019 13:20:08 GMT+0100 (CET);Sun Nov 17 2019 12:20:08 GMT+0100 (CET);1573993208000;0.93;218.58;12.25
1380556889530408;19.5;36.4;Sun Nov 17 2019 13:22:06 GMT+0100 (CET);Sun Nov 17 2019 12:22:06 GMT+0100 (CET);1573993326000;1.11;266.06;12.31
1380556889530408;19.5;36.9;Sun Nov 17 2019 13:24:29 GMT+0100 (CET);Sun Nov 17 2019 12:24:29 GMT+0100 (CET);1573993469000;1.04;244.61;12.38
1380556889530408;19.5;36.4;Sun Nov 17 2019 13:27:02 GMT+0100 (CET);Sun Nov 17 2019 12:27:02 GMT+0100 (CET);1573993622000;0.98;229.44;12.45
1380556889530408;19.5;36.4;Sun Nov 17 2019 13:28:55 GMT+0100 (CET);Sun Nov 17 2019 12:28:55 GMT+0100 (CET);1573993735000;0.94;217.12;12.39
1380556889530408;19.5;36.4;Sun Nov 17 2019 13:30:50 GMT+0100 (CET);Sun Nov 17 2019 12:30:50 GMT+0100 (CET);1573993850000;0.95;225.37;12.32
1380556889530408;19.5;37.2;Sun Nov 17 2019 13:32:45 GMT+0100 (CET);Sun Nov 17 2019 12:32:45 GMT+0100 (CET);1573993965000;1.1;271.58;12.34
1380556889530408;19.5;37.1;Sun Nov 17 2019 13:34:59 GMT+0100 (CET);Sun Nov 17 2019 12:34:59 GMT+0100 (CET);1573994099000;1.04;245.32;12.55
1380556889530408;19.5;36.2;Sun Nov 17 2019 13:37:15 GMT+0100 (CET);Sun Nov 17 2019 12:37:15 GMT+0100 (CET);1573994235000;0.86;200.47;12.61
1380556889530408;19.5;36.3;Sun Nov 17 2019 13:39:56 GMT+0100 (CET);Sun Nov 17 2019 12:39:56 GMT+0100 (CET);1573994396000;0.85;199.73;12.57
1380556889530408;19.5;36.3;Sun Nov 17 2019 13:42:01 GMT+0100 (CET);Sun Nov 17 2019 12:42:01 GMT+0100 (CET);1573994521000;0.8;188.01;12.56
1380556889530408;19.5;36.2;Sun Nov 17 2019 13:43:56 GMT+0100 (CET);Sun Nov 17 2019 12:43:56 GMT+0100 (CET);1573994636000;0.76;175.01;12.44
1380556889530408;19;35.6;Sun Nov 17 2019 13:45:51 GMT+0100 (CET);Sun Nov 17 2019 12:45:51 GMT+0100 (CET);1573994751000;0.73;163.21;12.37
1380556889530408;19;35.4;Sun Nov 17 2019 13:47:51 GMT+0100 (CET);Sun Nov 17 2019 12:47:51 GMT+0100 (CET);1573994871000;0.71;157.33;12.31
1380556889530408;19;35.3;Sun Nov 17 2019 13:50:16 GMT+0100 (CET);Sun Nov 17 2019 12:50:16 GMT+0100 (CET);1573995016000;0.67;149.01;12.16
1380556889530408;19;35.4;Sun Nov 17 2019 13:52:13 GMT+0100 (CET);Sun Nov 17 2019 12:52:13 GMT+0100 (CET);1573995133000;0.67;151.14;12.07
1380556889530408;19;36.1;Sun Nov 17 2019 13:54:41 GMT+0100 (CET);Sun Nov 17 2019 12:54:41 GMT+0100 (CET);1573995281000;0.72;165.62;11.95
1380556889530408;19;36.4;Sun Nov 17 2019 13:57:01 GMT+0100 (CET);Sun Nov 17 2019 12:57:01 GMT+0100 (CET);1573995421000;0.72;164.61;11.9
1380556889530408;19;36.4;Sun Nov 17 2019 13:58:59 GMT+0100 (CET);Sun Nov 17 2019 12:58:59 GMT+0100 (CET);1573995539000;0.74;168.74;11.87
1380556889530408;19;35.9;Sun Nov 17 2019 14:00:54 GMT+0100 (CET);Sun Nov 17 2019 13:00:54 GMT+0100 (CET);1573995654000;0.74;168.93;11.91
1380556889530408;19;36.3;Sun Nov 17 2019 14:03:03 GMT+0100 (CET);Sun Nov 17 2019 13:03:03 GMT+0100 (CET);1573995783000;0.75;178.38;11.9
1380556889530408;19;36.3;Sun Nov 17 2019 14:04:59 GMT+0100 (CET);Sun Nov 17 2019 13:04:59 GMT+0100 (CET);1573995899000;0.66;152.6;11.95
1380556889530408;19;35.9;Sun Nov 17 2019 14:06:51 GMT+0100 (CET);Sun Nov 17 2019 13:06:51 GMT+0100 (CET);1573996011000;0.63;147.02;11.98
1380556889530408;19;36.1;Sun Nov 17 2019 14:08:41 GMT+0100 (CET);Sun Nov 17 2019 13:08:41 GMT+0100 (CET);1573996121000;0.65;154.66;11.96
1380556889530408;19;36.8;Sun Nov 17 2019 14:10:34 GMT+0100 (CET);Sun Nov 17 2019 13:10:34 GMT+0100 (CET);1573996234000;0.74;184.22;12.01
1380556889530408;19;37.1;Sun Nov 17 2019 14:12:58 GMT+0100 (CET);Sun Nov 17 2019 13:12:58 GMT+0100 (CET);1573996378000;0.72;175.96;12.12
1380556889530408;19;36.3;Sun Nov 17 2019 14:14:53 GMT+0100 (CET);Sun Nov 17 2019 13:14:53 GMT+0100 (CET);1573996493000;0.65;151.95;12.15
1380556889530408;19;36.1;Sun Nov 17 2019 14:16:50 GMT+0100 (CET);Sun Nov 17 2019 13:16:50 GMT+0100 (CET);1573996610000;0.61;141.95;12.17
1380556889530408;19;35.8;Sun Nov 17 2019 14:19:13 GMT+0100 (CET);Sun Nov 17 2019 13:19:13 GMT+0100 (CET);1573996753000;0.55;126.37;12.18
1380556889530408;19;35.2;Sun Nov 17 2019 14:21:14 GMT+0100 (CET);Sun Nov 17 2019 13:21:14 GMT+0100 (CET);1573996874000;0.51;112.48;12.17
1380556889530408;17.5;34.8;Sun Nov 17 2019 14:23:16 GMT+0100 (CET);Sun Nov 17 2019 13:23:16 GMT+0100 (CET);1573996996000;0.5;110.14;12.14
1380556889530408;17.5;34.7;Sun Nov 17 2019 14:25:40 GMT+0100 (CET);Sun Nov 17 2019 13:25:40 GMT+0100 (CET);1573997140000;0.49;108.42;12.08
1380556889530408;17.5;34.7;Sun Nov 17 2019 14:27:40 GMT+0100 (CET);Sun Nov 17 2019 13:27:40 GMT+0100 (CET);1573997260000;0.5;110.41;12.01
1380556889530408;17.5;34.8;Sun Nov 17 2019 14:30:07 GMT+0100 (CET);Sun Nov 17 2019 13:30:07 GMT+0100 (CET);1573997407000;0.53;116.37;11.95
1380556889530408;17.5;35.2;Sun Nov 17 2019 14:32:00 GMT+0100 (CET);Sun Nov 17 2019 13:32:00 GMT+0100 (CET);1573997520000;0.54;119.52;11.89
1380556889530408;17.5;34.7;Sun Nov 17 2019 14:34:42 GMT+0100 (CET);Sun Nov 17 2019 13:34:42 GMT+0100 (CET);1573997682000;0.53;116.81;11.87
1380556889530408;17.5;34.6;Sun Nov 17 2019 14:36:38 GMT+0100 (CET);Sun Nov 17 2019 13:36:38 GMT+0100 (CET);1573997798000;0.52;113.59;11.86
1380556889530408;17;34.7;Sun Nov 17 2019 14:38:35 GMT+0100 (CET);Sun Nov 17 2019 13:38:35 GMT+0100 (CET);1573997915000;0.49;110.07;11.82
1380556889530408;17;34.7;Sun Nov 17 2019 14:41:26 GMT+0100 (CET);Sun Nov 17 2019 13:41:26 GMT+0100 (CET);1573998086000;0.48;106.4;11.81
1380556889530408;17;35;Sun Nov 17 2019 14:43:29 GMT+0100 (CET);Sun Nov 17 2019 13:43:29 GMT+0100 (CET);1573998209000;0.5;113.15;11.79
1380556889530408;17;35.4;Sun Nov 17 2019 14:45:34 GMT+0100 (CET);Sun Nov 17 2019 13:45:34 GMT+0100 (CET);1573998334000;0.55;127.77;11.8
1380556889530408;17;36;Sun Nov 17 2019 14:47:38 GMT+0100 (CET);Sun Nov 17 2019 13:47:38 GMT+0100 (CET);1573998458000;0.52;123.05;11.82
1380556889530408;17;35.9;Sun Nov 17 2019 14:49:50 GMT+0100 (CET);Sun Nov 17 2019 13:49:50 GMT+0100 (CET);1573998590000;0.55;131.59;11.88
1380556889530408;17.5;36.9;Sun Nov 17 2019 14:51:47 GMT+0100 (CET);Sun Nov 17 2019 13:51:47 GMT+0100 (CET);1573998707000;0.56;136.34;11.99
1380556889530408;17.5;36.3;Sun Nov 17 2019 14:53:56 GMT+0100 (CET);Sun Nov 17 2019 13:53:56 GMT+0100 (CET);1573998836000;0.56;131.82;12.08
1380556889530408;17.5;35.6;Sun Nov 17 2019 14:55:50 GMT+0100 (CET);Sun Nov 17 2019 13:55:50 GMT+0100 (CET);1573998950000;0.53;122.92;12.11
1380556889530408;17.5;35.5;Sun Nov 17 2019 14:58:04 GMT+0100 (CET);Sun Nov 17 2019 13:58:04 GMT+0100 (CET);1573999084000;0.49;113;12.14
1380556889530408;17.5;35.2;Sun Nov 17 2019 15:00:29 GMT+0100 (CET);Sun Nov 17 2019 14:00:29 GMT+0100 (CET);1573999229000;0.44;101.12;12.12
1380556889530408;17.5;35;Sun Nov 17 2019 15:04:45 GMT+0100 (CET);Sun Nov 17 2019 14:04:45 GMT+0100 (CET);1573999485000;0.38;83.83;11.98
1380556889530408;17;34;Sun Nov 17 2019 15:08:50 GMT+0100 (CET);Sun Nov 17 2019 14:08:50 GMT+0100 (CET);1573999730000;0.34;75.25;11.76
1380556889530408;4.9;32.9;Mon Nov 18 2019 07:53:22 GMT+0100 (CET);Mon Nov 18 2019 06:53:22 GMT+0100 (CET);1574060002000;0;5.5;5.07
1380556889530408;4.9;33.1;Mon Nov 18 2019 07:55:37 GMT+0100 (CET);Mon Nov 18 2019 06:55:37 GMT+0100 (CET);1574060137000;0;5.93;5.06
1380556889530408;4.9;32;Mon Nov 18 2019 07:57:31 GMT+0100 (CET);Mon Nov 18 2019 06:57:31 GMT+0100 (CET);1574060251000;0;6.09;5.07
1380556889530408;6.4;33.6;Mon Nov 18 2019 07:59:23 GMT+0100 (CET);Mon Nov 18 2019 06:59:23 GMT+0100 (CET);1574060363000;0;6.31;5.07
1380556889530408;6.4;33.7;Mon Nov 18 2019 08:01:16 GMT+0100 (CET);Mon Nov 18 2019 07:01:16 GMT+0100 (CET);1574060476000;0;6.6;5.08
1380556889530408;6.9;32.5;Mon Nov 18 2019 08:03:14 GMT+0100 (CET);Mon Nov 18 2019 07:03:14 GMT+0100 (CET);1574060594000;0;7.18;5.09
1380556889530408;6.9;34.5;Mon Nov 18 2019 08:05:09 GMT+0100 (CET);Mon Nov 18 2019 07:05:09 GMT+0100 (CET);1574060709000;0;8.38;5.11
1380556889530408;6.9;28.8;Mon Nov 18 2019 08:07:02 GMT+0100 (CET);Mon Nov 18 2019 07:07:02 GMT+0100 (CET);1574060822000;0;9.49;5.14
1380556889530408;6.9;25.6;Mon Nov 18 2019 08:08:55 GMT+0100 (CET);Mon Nov 18 2019 07:08:55 GMT+0100 (CET);1574060935000;0;10.49;5.15
1380556889530408;6.9;26.9;Mon Nov 18 2019 08:11:01 GMT+0100 (CET);Mon Nov 18 2019 07:11:01 GMT+0100 (CET);1574061061000;0;10.08;5.17
1380556889530408;4.9;27.2;Mon Nov 18 2019 08:12:55 GMT+0100 (CET);Mon Nov 18 2019 07:12:55 GMT+0100 (CET);1574061175000;0;10.31;5.17
1380556889530408;4.9;27.5;Mon Nov 18 2019 08:14:48 GMT+0100 (CET);Mon Nov 18 2019 07:14:48 GMT+0100 (CET);1574061288000;0;10.9;5.18
1380556889530408;4.9;27.3;Mon Nov 18 2019 08:16:40 GMT+0100 (CET);Mon Nov 18 2019 07:16:40 GMT+0100 (CET);1574061400000;0;11.78;5.19
1380556889530408;4.9;27.7;Mon Nov 18 2019 08:18:49 GMT+0100 (CET);Mon Nov 18 2019 07:18:49 GMT+0100 (CET);1574061529000;0.07;12.74;5.2
1380556889530408;4.9;27.6;Mon Nov 18 2019 08:20:42 GMT+0100 (CET);Mon Nov 18 2019 07:20:42 GMT+0100 (CET);1574061642000;0;12.75;5.19
1380556889530408;4.9;27.9;Mon Nov 18 2019 08:22:40 GMT+0100 (CET);Mon Nov 18 2019 07:22:40 GMT+0100 (CET);1574061760000;0;11.82;5.18
1380556889530408;4.9;28.2;Mon Nov 18 2019 08:24:40 GMT+0100 (CET);Mon Nov 18 2019 07:24:40 GMT+0100 (CET);1574061880000;0;11.05;5.16
1380556889530408;4.9;27.4;Mon Nov 18 2019 08:26:33 GMT+0100 (CET);Mon Nov 18 2019 07:26:33 GMT+0100 (CET);1574061993000;0;9.83;5.14
1380556889530408;4.9;27.5;Mon Nov 18 2019 08:28:26 GMT+0100 (CET);Mon Nov 18 2019 07:28:26 GMT+0100 (CET);1574062106000;0;8.62;5.14
1380556889530408;4.9;26.4;Mon Nov 18 2019 08:30:18 GMT+0100 (CET);Mon Nov 18 2019 07:30:18 GMT+0100 (CET);1574062218000;0;9.52;5.13
1380556889530408;4.9;26;Mon Nov 18 2019 08:32:11 GMT+0100 (CET);Mon Nov 18 2019 07:32:11 GMT+0100 (CET);1574062331000;0;10.06;5.12
1380556889530408;4.9;24.5;Mon Nov 18 2019 08:34:28 GMT+0100 (CET);Mon Nov 18 2019 07:34:28 GMT+0100 (CET);1574062468000;0;11.22;5.1
1380556889530408;4.9;25;Mon Nov 18 2019 08:36:26 GMT+0100 (CET);Mon Nov 18 2019 07:36:26 GMT+0100 (CET);1574062586000;0;11.79;5.1
1380556889530408;4.9;27.7;Mon Nov 18 2019 08:38:20 GMT+0100 (CET);Mon Nov 18 2019 07:38:20 GMT+0100 (CET);1574062700000;0;12.18;5.11
1380556889530408;4.9;28.1;Mon Nov 18 2019 08:40:13 GMT+0100 (CET);Mon Nov 18 2019 07:40:13 GMT+0100 (CET);1574062813000;0.07;14.03;5.12
1380556889530408;4.9;28.4;Mon Nov 18 2019 08:42:06 GMT+0100 (CET);Mon Nov 18 2019 07:42:06 GMT+0100 (CET);1574062926000;0.07;14.33;5.13
1380556889530408;4.9;27.9;Mon Nov 18 2019 08:43:59 GMT+0100 (CET);Mon Nov 18 2019 07:43:59 GMT+0100 (CET);1574063039000;0.08;16.28;5.14
1380556889530408;5.4;29.9;Mon Nov 18 2019 08:45:53 GMT+0100 (CET);Mon Nov 18 2019 07:45:53 GMT+0100 (CET);1574063153000;0.08;17.57;5.15
1380556889530408;5.4;30.7;Mon Nov 18 2019 08:47:46 GMT+0100 (CET);Mon Nov 18 2019 07:47:46 GMT+0100 (CET);1574063266000;0.09;19.12;5.17
1380556889530408;6.4;30.9;Mon Nov 18 2019 08:50:01 GMT+0100 (CET);Mon Nov 18 2019 07:50:01 GMT+0100 (CET);1574063401000;0.1;20.82;5.17
1380556889530408;6.4;31.2;Mon Nov 18 2019 08:51:54 GMT+0100 (CET);Mon Nov 18 2019 07:51:54 GMT+0100 (CET);1574063514000;0.11;22.16;5.15
1380556889530408;6.4;31.5;Mon Nov 18 2019 08:53:46 GMT+0100 (CET);Mon Nov 18 2019 07:53:46 GMT+0100 (CET);1574063626000;0.12;25.55;5.17
1380556889530408;6.9;31.1;Mon Nov 18 2019 08:55:39 GMT+0100 (CET);Mon Nov 18 2019 07:55:39 GMT+0100 (CET);1574063739000;0.13;27.75;5.2
1380556889530408;6.9;31.8;Mon Nov 18 2019 08:57:33 GMT+0100 (CET);Mon Nov 18 2019 07:57:33 GMT+0100 (CET);1574063853000;0.12;27.21;5.22
1380556889530408;7.4;31.9;Mon Nov 18 2019 08:59:27 GMT+0100 (CET);Mon Nov 18 2019 07:59:27 GMT+0100 (CET);1574063967000;0.12;26.5;5.26
1380556889530408;7.4;31.7;Mon Nov 18 2019 09:01:21 GMT+0100 (CET);Mon Nov 18 2019 08:01:21 GMT+0100 (CET);1574064081000;0.13;28.19;5.28
1380556889530408;7.4;32.2;Mon Nov 18 2019 09:03:13 GMT+0100 (CET);Mon Nov 18 2019 08:03:13 GMT+0100 (CET);1574064193000;0.15;30.61;5.28
1380556889530408;7.4;32.4;Mon Nov 18 2019 09:05:34 GMT+0100 (CET);Mon Nov 18 2019 08:05:34 GMT+0100 (CET);1574064334000;0.15;31.77;5.3
1380556889530408;7.4;32.4;Mon Nov 18 2019 09:07:28 GMT+0100 (CET);Mon Nov 18 2019 08:07:28 GMT+0100 (CET);1574064448000;0.15;30.61;5.32
1380556889530408;8.9;32.2;Mon Nov 18 2019 09:09:22 GMT+0100 (CET);Mon Nov 18 2019 08:09:22 GMT+0100 (CET);1574064562000;0.14;29.16;5.34
1380556889530408;8.9;32;Mon Nov 18 2019 09:11:15 GMT+0100 (CET);Mon Nov 18 2019 08:11:15 GMT+0100 (CET);1574064675000;0.13;28.98;5.33
1380556889530408;8.9;32.2;Mon Nov 18 2019 09:13:08 GMT+0100 (CET);Mon Nov 18 2019 08:13:08 GMT+0100 (CET);1574064788000;0.17;35.1;5.32
1380556889530408;7.4;32.1;Mon Nov 18 2019 09:15:02 GMT+0100 (CET);Mon Nov 18 2019 08:15:02 GMT+0100 (CET);1574064902000;0.19;40.49;5.33
1380556889530408;7.4;32.1;Mon Nov 18 2019 09:16:55 GMT+0100 (CET);Mon Nov 18 2019 08:16:55 GMT+0100 (CET);1574065015000;0.23;47.61;5.37
1380556889530408;8.9;32.5;Mon Nov 18 2019 09:18:47 GMT+0100 (CET);Mon Nov 18 2019 08:18:47 GMT+0100 (CET);1574065127000;0.3;62.21;5.4
1380556889530408;8.9;33;Mon Nov 18 2019 09:20:59 GMT+0100 (CET);Mon Nov 18 2019 08:20:59 GMT+0100 (CET);1574065259000;0.36;75.1;5.47
1380556889530408;8.9;33.6;Mon Nov 18 2019 09:22:52 GMT+0100 (CET);Mon Nov 18 2019 08:22:52 GMT+0100 (CET);1574065372000;0.4;82.57;5.55
1380556889530408;8.9;34;Mon Nov 18 2019 09:24:45 GMT+0100 (CET);Mon Nov 18 2019 08:24:45 GMT+0100 (CET);1574065485000;0.45;95.63;5.61
1380556889530408;8.9;34.9;Mon Nov 18 2019 09:26:37 GMT+0100 (CET);Mon Nov 18 2019 08:26:37 GMT+0100 (CET);1574065597000;0.46;98.25;5.67
1380556889530408;10.9;35.4;Mon Nov 18 2019 09:28:35 GMT+0100 (CET);Mon Nov 18 2019 08:28:35 GMT+0100 (CET);1574065715000;0.46;100.72;5.75
1380556889530408;10.9;35.5;Mon Nov 18 2019 09:30:28 GMT+0100 (CET);Mon Nov 18 2019 08:30:28 GMT+0100 (CET);1574065828000;0.48;103.31;5.8
1380556889530408;10.9;35.5;Mon Nov 18 2019 09:32:22 GMT+0100 (CET);Mon Nov 18 2019 08:32:22 GMT+0100 (CET);1574065942000;0.49;107.48;5.89
1380556889530408;10.9;35.5;Mon Nov 18 2019 09:34:14 GMT+0100 (CET);Mon Nov 18 2019 08:34:14 GMT+0100 (CET);1574066054000;0.56;118.81;5.97
1380556889530408;10.9;35.8;Mon Nov 18 2019 09:36:33 GMT+0100 (CET);Mon Nov 18 2019 08:36:33 GMT+0100 (CET);1574066193000;0.57;123.68;6.14
1380556889530408;11.4;35.8;Mon Nov 18 2019 09:38:26 GMT+0100 (CET);Mon Nov 18 2019 08:38:26 GMT+0100 (CET);1574066306000;0.54;118.56;6.2
1380556889530408;11.4;36.3;Mon Nov 18 2019 09:40:19 GMT+0100 (CET);Mon Nov 18 2019 08:40:19 GMT+0100 (CET);1574066419000;0.68;159.03;6.31
1380556889530408;11.4;38.3;Mon Nov 18 2019 09:42:18 GMT+0100 (CET);Mon Nov 18 2019 08:42:18 GMT+0100 (CET);1574066538000;0.95;250.2;6.47
1380556889530408;12.9;39.3;Mon Nov 18 2019 09:44:10 GMT+0100 (CET);Mon Nov 18 2019 08:44:10 GMT+0100 (CET);1574066650000;1.2;435.19;6.81
1380556889530408;12.9;39.5;Mon Nov 18 2019 09:46:03 GMT+0100 (CET);Mon Nov 18 2019 08:46:03 GMT+0100 (CET);1574066763000;1.95;491.51;7.3
1380556889530408;14.4;38.8;Mon Nov 18 2019 09:47:58 GMT+0100 (CET);Mon Nov 18 2019 08:47:58 GMT+0100 (CET);1574066878000;1.91;524.79;7.95
1380556889530408;14.4;38.7;Mon Nov 18 2019 09:49:51 GMT+0100 (CET);Mon Nov 18 2019 08:49:51 GMT+0100 (CET);1574066991000;1.55;404.47;8.46
1380556889530408;14.4;37.7;Mon Nov 18 2019 09:52:05 GMT+0100 (CET);Mon Nov 18 2019 08:52:05 GMT+0100 (CET);1574067125000;1.96;488.95;8.81
1380556889530408;14.4;36.1;Mon Nov 18 2019 09:53:58 GMT+0100 (CET);Mon Nov 18 2019 08:53:58 GMT+0100 (CET);1574067238000;0.97;267.21;9.03
1380556889530408;14.4;36.8;Mon Nov 18 2019 09:55:52 GMT+0100 (CET);Mon Nov 18 2019 08:55:52 GMT+0100 (CET);1574067352000;1.49;373.75;9
1380556889530408;17;36.1;Mon Nov 18 2019 09:57:45 GMT+0100 (CET);Mon Nov 18 2019 08:57:45 GMT+0100 (CET);1574067465000;1.7;422.39;9.05
1380556889530408;17;36.3;Mon Nov 18 2019 09:59:39 GMT+0100 (CET);Mon Nov 18 2019 08:59:39 GMT+0100 (CET);1574067579000;1.61;389.11;9.09
1380556889530408;17.5;37.4;Mon Nov 18 2019 10:01:32 GMT+0100 (CET);Mon Nov 18 2019 09:01:32 GMT+0100 (CET);1574067692000;1.63;412.15;9.18
1380556889530408;17.5;36.4;Mon Nov 18 2019 10:03:42 GMT+0100 (CET);Mon Nov 18 2019 09:03:42 GMT+0100 (CET);1574067822000;2.08;488.95;9.27
1380556889530408;17.5;36.5;Mon Nov 18 2019 10:05:39 GMT+0100 (CET);Mon Nov 18 2019 09:05:39 GMT+0100 (CET);1574067939000;2.08;529.91;9.54
1380556889530408;17.5;34.1;Mon Nov 18 2019 10:07:34 GMT+0100 (CET);Mon Nov 18 2019 09:07:34 GMT+0100 (CET);1574068054000;0.54;123.3;9.43
1380556889530408;17.5;35.9;Mon Nov 18 2019 10:09:27 GMT+0100 (CET);Mon Nov 18 2019 09:09:27 GMT+0100 (CET);1574068167000;2.33;573.43;9.31
1380556889530408;17.5;36.5;Mon Nov 18 2019 10:11:20 GMT+0100 (CET);Mon Nov 18 2019 09:11:20 GMT+0100 (CET);1574068280000;1.29;396.79;9.14
1380556889530408;17.5;38.4;Mon Nov 18 2019 10:13:14 GMT+0100 (CET);Mon Nov 18 2019 09:13:14 GMT+0100 (CET);1574068394000;1.35;311.99;9.23
1380556889530408;19;37.8;Mon Nov 18 2019 10:15:08 GMT+0100 (CET);Mon Nov 18 2019 09:15:08 GMT+0100 (CET);1574068508000;0.78;200.5;9.07
1380556889530408;19;38.2;Mon Nov 18 2019 10:17:02 GMT+0100 (CET);Mon Nov 18 2019 09:17:02 GMT+0100 (CET);1574068622000;1.33;332.79;9.02
1380556889530408;19;37.8;Mon Nov 18 2019 10:18:59 GMT+0100 (CET);Mon Nov 18 2019 09:18:59 GMT+0100 (CET);1574068739000;0.86;233.28;8.9
1380556889530408;19;37.6;Mon Nov 18 2019 10:20:55 GMT+0100 (CET);Mon Nov 18 2019 09:20:55 GMT+0100 (CET);1574068855000;2.15;586.23;9.29
1380556889530408;19;36.3;Mon Nov 18 2019 10:23:03 GMT+0100 (CET);Mon Nov 18 2019 09:23:03 GMT+0100 (CET);1574068983000;0.68;170.54;9.46
1380556889530408;19;38.5;Mon Nov 18 2019 10:24:56 GMT+0100 (CET);Mon Nov 18 2019 09:24:56 GMT+0100 (CET);1574069096000;1.87;437.75;9.48
1380556889530408;19;37;Mon Nov 18 2019 10:26:50 GMT+0100 (CET);Mon Nov 18 2019 09:26:50 GMT+0100 (CET);1574069210000;1.05;251.77;9.79
1380556889530408;19.5;38;Mon Nov 18 2019 10:28:44 GMT+0100 (CET);Mon Nov 18 2019 09:28:44 GMT+0100 (CET);1574069324000;1.13;246.65;9.86
1380556889530408;19.5;37.5;Mon Nov 18 2019 10:30:36 GMT+0100 (CET);Mon Nov 18 2019 09:30:36 GMT+0100 (CET);1574069436000;1.96;396.79;9.75
1380556889530408;19.5;37.3;Mon Nov 18 2019 10:32:29 GMT+0100 (CET);Mon Nov 18 2019 09:32:29 GMT+0100 (CET);1574069549000;1.69;409.59;9.77
1380556889530408;19.5;37.5;Mon Nov 18 2019 10:34:22 GMT+0100 (CET);Mon Nov 18 2019 09:34:22 GMT+0100 (CET);1574069662000;1.24;634.87;9.96
1380556889530408;19.5;37.3;Mon Nov 18 2019 10:36:15 GMT+0100 (CET);Mon Nov 18 2019 09:36:15 GMT+0100 (CET);1574069775000;0.91;210.44;10.22
1380556889530408;19.5;37.4;Mon Nov 18 2019 10:38:41 GMT+0100 (CET);Mon Nov 18 2019 09:38:41 GMT+0100 (CET);1574069921000;1.5;447.99;9.87
1380556889530408;19.5;37.5;Mon Nov 18 2019 10:40:34 GMT+0100 (CET);Mon Nov 18 2019 09:40:34 GMT+0100 (CET);1574070034000;0.62;149.09;9.72
1380556889530408;19.5;37;Mon Nov 18 2019 10:42:26 GMT+0100 (CET);Mon Nov 18 2019 09:42:26 GMT+0100 (CET);1574070146000;1.9;478.71;9.44
1380556889530408;19.5;36.8;Mon Nov 18 2019 10:44:19 GMT+0100 (CET);Mon Nov 18 2019 09:44:19 GMT+0100 (CET);1574070259000;0.78;192.67;9.15
1380556889530408;19.5;38.2;Mon Nov 18 2019 10:46:17 GMT+0100 (CET);Mon Nov 18 2019 09:46:17 GMT+0100 (CET);1574070377000;1.47;424.95;9.27
1380556889530408;19;36.9;Mon Nov 18 2019 10:48:10 GMT+0100 (CET);Mon Nov 18 2019 09:48:10 GMT+0100 (CET);1574070490000;1.22;321.5;9.32
1380556889530408;19;37.7;Mon Nov 18 2019 10:50:03 GMT+0100 (CET);Mon Nov 18 2019 09:50:03 GMT+0100 (CET);1574070603000;1.27;604.15;9.3
1380556889530408;19;37.7;Mon Nov 18 2019 10:51:55 GMT+0100 (CET);Mon Nov 18 2019 09:51:55 GMT+0100 (CET);1574070715000;2.74;672.11;9.75
1380556889530408;19;37;Mon Nov 18 2019 10:54:22 GMT+0100 (CET);Mon Nov 18 2019 09:54:22 GMT+0100 (CET);1574070862000;2.62;639.99;10.77
1380556889530408;19;36.1;Mon Nov 18 2019 10:56:15 GMT+0100 (CET);Mon Nov 18 2019 09:56:15 GMT+0100 (CET);1574070975000;2.61;614.39;10.95
1380556889530408;21;36.8;Mon Nov 18 2019 10:58:08 GMT+0100 (CET);Mon Nov 18 2019 09:58:08 GMT+0100 (CET);1574071088000;2.7;655.35;11.15
1380556889530408;21;36.5;Mon Nov 18 2019 11:00:01 GMT+0100 (CET);Mon Nov 18 2019 10:00:01 GMT+0100 (CET);1574071201000;2.71;657.43;11.42
1380556889530408;21.5;36.6;Mon Nov 18 2019 11:01:58 GMT+0100 (CET);Mon Nov 18 2019 10:01:58 GMT+0100 (CET);1574071318000;2.71;660.14;11.57
1380556889530408;21.5;36.4;Mon Nov 18 2019 11:03:53 GMT+0100 (CET);Mon Nov 18 2019 10:03:53 GMT+0100 (CET);1574071433000;2.82;675.65;11.82
1380556889530408;21.5;35.5;Mon Nov 18 2019 11:05:46 GMT+0100 (CET);Mon Nov 18 2019 10:05:46 GMT+0100 (CET);1574071546000;2.77;667.82;11.78
1380556889530408;22.5;36.4;Mon Nov 18 2019 11:07:39 GMT+0100 (CET);Mon Nov 18 2019 10:07:39 GMT+0100 (CET);1574071659000;2.71;645.11;12.15
1380556889530408;22.5;36.3;Mon Nov 18 2019 11:10:01 GMT+0100 (CET);Mon Nov 18 2019 10:10:01 GMT+0100 (CET);1574071801000;2.87;681.78;12.56
1380556889530408;23.5;36.2;Mon Nov 18 2019 11:11:55 GMT+0100 (CET);Mon Nov 18 2019 10:11:55 GMT+0100 (CET);1574071915000;2.29;453.11;12.75
1380556889530408;23.5;36.2;Mon Nov 18 2019 11:13:49 GMT+0100 (CET);Mon Nov 18 2019 10:13:49 GMT+0100 (CET);1574072029000;0.9;208;12.88
1380556889530408;23.5;36.1;Mon Nov 18 2019 11:15:42 GMT+0100 (CET);Mon Nov 18 2019 10:15:42 GMT+0100 (CET);1574072142000;2.89;676.04;12.53
1380556889530408;23.5;35.2;Mon Nov 18 2019 11:17:34 GMT+0100 (CET);Mon Nov 18 2019 10:17:34 GMT+0100 (CET);1574072254000;0.56;135.6;12.12
1380556889530408;23.5;36.1;Mon Nov 18 2019 11:19:31 GMT+0100 (CET);Mon Nov 18 2019 10:19:31 GMT+0100 (CET);1574072371000;2.84;681.24;11.58
1380556889530408;23.5;36.9;Mon Nov 18 2019 11:21:27 GMT+0100 (CET);Mon Nov 18 2019 10:21:27 GMT+0100 (CET);1574072487000;2.91;695.69;11.75
1380556889530408;23.5;34.8;Mon Nov 18 2019 11:23:20 GMT+0100 (CET);Mon Nov 18 2019 10:23:20 GMT+0100 (CET);1574072600000;0.6;145.47;11.6
1380556889530408;23.5;35.6;Mon Nov 18 2019 11:25:23 GMT+0100 (CET);Mon Nov 18 2019 10:25:23 GMT+0100 (CET);1574072723000;0.59;146.43;10.89
1380556889530408;23;36.1;Mon Nov 18 2019 11:27:16 GMT+0100 (CET);Mon Nov 18 2019 10:27:16 GMT+0100 (CET);1574072836000;1.63;318.57;10.33
1380556889530408;23;36.3;Mon Nov 18 2019 11:29:08 GMT+0100 (CET);Mon Nov 18 2019 10:29:08 GMT+0100 (CET);1574072948000;0.95;220.63;9.96
1380556889530408;21.5;37.7;Mon Nov 18 2019 11:31:01 GMT+0100 (CET);Mon Nov 18 2019 10:31:01 GMT+0100 (CET);1574073061000;3.28;770.99;10
1380556889530408;21.5;36.1;Mon Nov 18 2019 11:32:56 GMT+0100 (CET);Mon Nov 18 2019 10:32:56 GMT+0100 (CET);1574073176000;3.37;794.48;10.54
1380556889530408;21.5;36.7;Mon Nov 18 2019 11:34:48 GMT+0100 (CET);Mon Nov 18 2019 10:34:48 GMT+0100 (CET);1574073288000;3.29;774.64;11.53
1380556889530408;21.5;35.2;Mon Nov 18 2019 11:36:42 GMT+0100 (CET);Mon Nov 18 2019 10:36:42 GMT+0100 (CET);1574073402000;0.72;169.03;11.91
1380556889530408;21.5;35.5;Mon Nov 18 2019 11:38:36 GMT+0100 (CET);Mon Nov 18 2019 10:38:36 GMT+0100 (CET);1574073516000;0.64;151.63;11.53
1380556889530408;21.5;37.1;Mon Nov 18 2019 11:40:50 GMT+0100 (CET);Mon Nov 18 2019 10:40:50 GMT+0100 (CET);1574073650000;2.93;689.08;11.42
1380556889530408;21.5;36.7;Mon Nov 18 2019 11:42:43 GMT+0100 (CET);Mon Nov 18 2019 10:42:43 GMT+0100 (CET);1574073763000;0.56;137.94;11.42
1380556889530408;21.5;36.1;Mon Nov 18 2019 11:44:35 GMT+0100 (CET);Mon Nov 18 2019 10:44:35 GMT+0100 (CET);1574073875000;0.66;163.16;10.92
1380556889530408;21.5;37.3;Mon Nov 18 2019 11:46:28 GMT+0100 (CET);Mon Nov 18 2019 10:46:28 GMT+0100 (CET);1574073988000;2.76;683.97;10.8
1380556889530408;21.5;37.1;Mon Nov 18 2019 11:48:30 GMT+0100 (CET);Mon Nov 18 2019 10:48:30 GMT+0100 (CET);1574074110000;3.11;736.86;11.17
1380556889530408;21;36.9;Mon Nov 18 2019 11:50:22 GMT+0100 (CET);Mon Nov 18 2019 10:50:22 GMT+0100 (CET);1574074222000;1.1;245.31;11.73
1380556889530408;21;35.5;Mon Nov 18 2019 11:52:15 GMT+0100 (CET);Mon Nov 18 2019 10:52:15 GMT+0100 (CET);1574074335000;0.94;182.9;11.52
1380556889530408;21;36;Mon Nov 18 2019 11:54:08 GMT+0100 (CET);Mon Nov 18 2019 10:54:08 GMT+0100 (CET);1574074448000;0.78;178.19;11.14
1380556889530408;21;36.3;Mon Nov 18 2019 11:56:20 GMT+0100 (CET);Mon Nov 18 2019 10:56:20 GMT+0100 (CET);1574074580000;0.7;171.47;10.87
1380556889530408;21;36;Mon Nov 18 2019 11:58:14 GMT+0100 (CET);Mon Nov 18 2019 10:58:14 GMT+0100 (CET);1574074694000;0.6;140.32;10.47
1380556889530408;21;35.8;Mon Nov 18 2019 12:00:07 GMT+0100 (CET);Mon Nov 18 2019 11:00:07 GMT+0100 (CET);1574074807000;0.64;146.33;10
1380556889530408;21;35;Mon Nov 18 2019 12:02:00 GMT+0100 (CET);Mon Nov 18 2019 11:02:00 GMT+0100 (CET);1574074920000;0.55;125.76;9.58
1380556889530408;19;34.8;Mon Nov 18 2019 12:03:54 GMT+0100 (CET);Mon Nov 18 2019 11:03:54 GMT+0100 (CET);1574075034000;0.53;120.6;9.21
1380556889530408;19;35.5;Mon Nov 18 2019 12:05:52 GMT+0100 (CET);Mon Nov 18 2019 11:05:52 GMT+0100 (CET);1574075152000;0.61;142.54;8.95
1380556889530408;17;36.2;Mon Nov 18 2019 12:07:45 GMT+0100 (CET);Mon Nov 18 2019 11:07:45 GMT+0100 (CET);1574075265000;0.57;130.32;8.78
1380556889530408;17;35;Mon Nov 18 2019 12:09:38 GMT+0100 (CET);Mon Nov 18 2019 11:09:38 GMT+0100 (CET);1574075378000;0.45;103;8.66
1380556889530408;17;34.3;Mon Nov 18 2019 12:11:31 GMT+0100 (CET);Mon Nov 18 2019 11:11:31 GMT+0100 (CET);1574075491000;0.47;104.4;8.56
1380556889530408;14.4;34.5;Mon Nov 18 2019 12:13:23 GMT+0100 (CET);Mon Nov 18 2019 11:13:23 GMT+0100 (CET);1574075603000;0.47;99.53;8.49
1380556889530408;14.4;34.5;Mon Nov 18 2019 12:15:17 GMT+0100 (CET);Mon Nov 18 2019 11:15:17 GMT+0100 (CET);1574075717000;0.39;82.68;8.42
1380556889530408;14.4;34.2;Mon Nov 18 2019 12:17:10 GMT+0100 (CET);Mon Nov 18 2019 11:17:10 GMT+0100 (CET);1574075830000;0.43;92.35;8.32
1380556889530408;14.4;34.5;Mon Nov 18 2019 12:19:03 GMT+0100 (CET);Mon Nov 18 2019 11:19:03 GMT+0100 (CET);1574075943000;0.55;115.66;8.34
1380556889530408;14.4;34.8;Mon Nov 18 2019 12:20:56 GMT+0100 (CET);Mon Nov 18 2019 11:20:56 GMT+0100 (CET);1574076056000;0.53;113.58;8.35
1380556889530408;13.4;35.7;Mon Nov 18 2019 12:22:49 GMT+0100 (CET);Mon Nov 18 2019 11:22:49 GMT+0100 (CET);1574076169000;0.7;150.98;8.37
1380556889530408;13.4;35.6;Mon Nov 18 2019 12:24:54 GMT+0100 (CET);Mon Nov 18 2019 11:24:54 GMT+0100 (CET);1574076294000;0.65;140.26;8.46
1380556889530408;13.4;35.1;Mon Nov 18 2019 12:26:47 GMT+0100 (CET);Mon Nov 18 2019 11:26:47 GMT+0100 (CET);1574076407000;0.5;108.21;8.51
1380556889530408;13.4;34.6;Mon Nov 18 2019 12:28:39 GMT+0100 (CET);Mon Nov 18 2019 11:28:39 GMT+0100 (CET);1574076519000;0.58;121.26;8.57
1380556889530408;13.4;34.7;Mon Nov 18 2019 12:30:40 GMT+0100 (CET);Mon Nov 18 2019 11:30:40 GMT+0100 (CET);1574076640000;0.49;105.98;8.63
1380556889530408;13.4;34.5;Mon Nov 18 2019 12:32:33 GMT+0100 (CET);Mon Nov 18 2019 11:32:33 GMT+0100 (CET);1574076753000;0.36;78.77;8.64
1380556889530408;13.4;34.2;Mon Nov 18 2019 12:34:26 GMT+0100 (CET);Mon Nov 18 2019 11:34:26 GMT+0100 (CET);1574076866000;0.46;96.82;8.6
1380556889530408;13.4;34.3;Mon Nov 18 2019 12:36:20 GMT+0100 (CET);Mon Nov 18 2019 11:36:20 GMT+0100 (CET);1574076980000;0.48;103.09;8.57
1380556889530408;13.4;34.4;Mon Nov 18 2019 12:38:13 GMT+0100 (CET);Mon Nov 18 2019 11:38:13 GMT+0100 (CET);1574077093000;0.42;89.13;8.6
1380556889530408;13.4;34.3;Mon Nov 18 2019 12:40:10 GMT+0100 (CET);Mon Nov 18 2019 11:40:10 GMT+0100 (CET);1574077210000;0.38;82.73;8.58
1380556889530408;13.4;34.1;Mon Nov 18 2019 12:42:03 GMT+0100 (CET);Mon Nov 18 2019 11:42:03 GMT+0100 (CET);1574077323000;0.38;80.33;8.56
1380556889530408;13.4;34;Mon Nov 18 2019 12:43:55 GMT+0100 (CET);Mon Nov 18 2019 11:43:55 GMT+0100 (CET);1574077435000;0.38;82.02;8.6
1380556889530408;13.4;33.9;Mon Nov 18 2019 12:46:01 GMT+0100 (CET);Mon Nov 18 2019 11:46:01 GMT+0100 (CET);1574077561000;0.43;90.8;8.59
1380556889530408;13.4;34.1;Mon Nov 18 2019 12:47:54 GMT+0100 (CET);Mon Nov 18 2019 11:47:54 GMT+0100 (CET);1574077674000;0.36;74.17;8.53
1380556889530408;13.4;34.1;Mon Nov 18 2019 12:49:57 GMT+0100 (CET);Mon Nov 18 2019 11:49:57 GMT+0100 (CET);1574077797000;0.29;63.17;8.52
1380556889530408;13.4;33.8;Mon Nov 18 2019 12:51:50 GMT+0100 (CET);Mon Nov 18 2019 11:51:50 GMT+0100 (CET);1574077910000;0.4;82.48;8.53
1380556889530408;13.4;34.1;Mon Nov 18 2019 12:53:47 GMT+0100 (CET);Mon Nov 18 2019 11:53:47 GMT+0100 (CET);1574078027000;0.41;84.75;8.49
1380556889530408;12.9;34.5;Mon Nov 18 2019 12:55:40 GMT+0100 (CET);Mon Nov 18 2019 11:55:40 GMT+0100 (CET);1574078140000;0.42;89.19;8.46
1380556889530408;12.9;34.7;Mon Nov 18 2019 12:57:33 GMT+0100 (CET);Mon Nov 18 2019 11:57:33 GMT+0100 (CET);1574078253000;0.4;84.55;8.47
1380556889530408;13.4;34.6;Mon Nov 18 2019 12:59:26 GMT+0100 (CET);Mon Nov 18 2019 11:59:26 GMT+0100 (CET);1574078366000;0.33;73.52;8.47
1380556889530408;13.4;34.4;Mon Nov 18 2019 13:01:19 GMT+0100 (CET);Mon Nov 18 2019 12:01:19 GMT+0100 (CET);1574078479000;0.37;80.34;8.45
1380556889530408;13.4;34.5;Mon Nov 18 2019 13:03:20 GMT+0100 (CET);Mon Nov 18 2019 12:03:20 GMT+0100 (CET);1574078600000;0.45;96.54;8.46
1380556889530408;13.4;34.8;Mon Nov 18 2019 13:05:12 GMT+0100 (CET);Mon Nov 18 2019 12:05:12 GMT+0100 (CET);1574078712000;0.63;139.26;8.5
1380556889530408;13.4;36.7;Mon Nov 18 2019 13:07:20 GMT+0100 (CET);Mon Nov 18 2019 12:07:20 GMT+0100 (CET);1574078840000;0.85;196.35;8.65
1380556889530408;14.4;37.1;Mon Nov 18 2019 13:09:14 GMT+0100 (CET);Mon Nov 18 2019 12:09:14 GMT+0100 (CET);1574078954000;0.9;209.59;9.08
1380556889530408;14.4;37.1;Mon Nov 18 2019 13:11:42 GMT+0100 (CET);Mon Nov 18 2019 12:11:42 GMT+0100 (CET);1574079102000;0.98;226.54;9.8
1380556889530408;14.4;35.8;Mon Nov 18 2019 13:13:35 GMT+0100 (CET);Mon Nov 18 2019 12:13:35 GMT+0100 (CET);1574079215000;0.7;160.89;9.81
1380556889530408;14.4;37.4;Mon Nov 18 2019 13:15:29 GMT+0100 (CET);Mon Nov 18 2019 12:15:29 GMT+0100 (CET);1574079329000;2.35;616.95;9.99
1380556889530408;14.4;38;Mon Nov 18 2019 13:17:24 GMT+0100 (CET);Mon Nov 18 2019 12:17:24 GMT+0100 (CET);1574079444000;2.72;675.77;10.72
1380556889530408;17;37.5;Mon Nov 18 2019 13:19:17 GMT+0100 (CET);Mon Nov 18 2019 12:19:17 GMT+0100 (CET);1574079557000;2.2;624.63;11.75
1380556889530408;17;36.3;Mon Nov 18 2019 13:21:10 GMT+0100 (CET);Mon Nov 18 2019 12:21:10 GMT+0100 (CET);1574079670000;1.48;262.52;12.15
1380556889530408;19.5;36.6;Mon Nov 18 2019 13:23:19 GMT+0100 (CET);Mon Nov 18 2019 12:23:19 GMT+0100 (CET);1574079799000;0.93;242.3;12.16
1380556889530408;19.5;35.8;Mon Nov 18 2019 13:25:15 GMT+0100 (CET);Mon Nov 18 2019 12:25:15 GMT+0100 (CET);1574079915000;1.64;396.79;11.75
1380556889530408;19.5;35.4;Mon Nov 18 2019 13:27:09 GMT+0100 (CET);Mon Nov 18 2019 12:27:09 GMT+0100 (CET);1574080029000;1.47;220.34;11.57
1380556889530408;19.5;34.6;Mon Nov 18 2019 13:29:01 GMT+0100 (CET);Mon Nov 18 2019 12:29:01 GMT+0100 (CET);1574080141000;0.48;106.45;11.33
1380556889530408;19.5;34.5;Mon Nov 18 2019 13:30:59 GMT+0100 (CET);Mon Nov 18 2019 12:30:59 GMT+0100 (CET);1574080259000;0.35;82.72;10.94
1380556889530408;19;34.5;Mon Nov 18 2019 13:32:52 GMT+0100 (CET);Mon Nov 18 2019 12:32:52 GMT+0100 (CET);1574080372000;0.28;65.81;10.58
1380556889530408;19;34.6;Mon Nov 18 2019 13:34:50 GMT+0100 (CET);Mon Nov 18 2019 12:34:50 GMT+0100 (CET);1574080490000;0.29;66.95;10.27
1380556889530408;17.5;34.8;Mon Nov 18 2019 13:36:42 GMT+0100 (CET);Mon Nov 18 2019 12:36:42 GMT+0100 (CET);1574080602000;0.34;79.14;9.89
1380556889530408;17.5;35.1;Mon Nov 18 2019 13:38:38 GMT+0100 (CET);Mon Nov 18 2019 12:38:38 GMT+0100 (CET);1574080718000;0.45;102.62;9.68
1380556889530408;17.5;35.7;Mon Nov 18 2019 13:40:31 GMT+0100 (CET);Mon Nov 18 2019 12:40:31 GMT+0100 (CET);1574080831000;0.42;102.13;9.46
1380556889530408;17;35.8;Mon Nov 18 2019 13:42:24 GMT+0100 (CET);Mon Nov 18 2019 12:42:24 GMT+0100 (CET);1574080944000;0.44;106.26;9.31
1380556889530408;17;35.9;Mon Nov 18 2019 13:44:17 GMT+0100 (CET);Mon Nov 18 2019 12:44:17 GMT+0100 (CET);1574081057000;0.95;187.51;9.14
1380556889530408;17;37.5;Mon Nov 18 2019 13:46:10 GMT+0100 (CET);Mon Nov 18 2019 12:46:10 GMT+0100 (CET);1574081170000;2.28;588.79;9.31
1380556889530408;17;38.4;Mon Nov 18 2019 13:48:02 GMT+0100 (CET);Mon Nov 18 2019 12:48:02 GMT+0100 (CET);1574081282000;2.35;596.47;10.08
1380556889530408;17;38.1;Mon Nov 18 2019 13:49:58 GMT+0100 (CET);Mon Nov 18 2019 12:49:58 GMT+0100 (CET);1574081398000;1.02;296.21;11
1380556889530408;17.5;35.6;Mon Nov 18 2019 13:51:55 GMT+0100 (CET);Mon Nov 18 2019 12:51:55 GMT+0100 (CET);1574081515000;0.63;141.82;10.98
1380556889530408;17.5;36.2;Mon Nov 18 2019 13:53:48 GMT+0100 (CET);Mon Nov 18 2019 12:53:48 GMT+0100 (CET);1574081628000;0.54;130.55;10.77
1380556889530408;19;38;Mon Nov 18 2019 13:55:45 GMT+0100 (CET);Mon Nov 18 2019 12:55:45 GMT+0100 (CET);1574081745000;0.79;267.14;10.75
1380556889530408;19;38.2;Mon Nov 18 2019 13:57:38 GMT+0100 (CET);Mon Nov 18 2019 12:57:38 GMT+0100 (CET);1574081858000;2.14;535.03;10.81
1380556889530408;19;38;Mon Nov 18 2019 13:59:32 GMT+0100 (CET);Mon Nov 18 2019 12:59:32 GMT+0100 (CET);1574081972000;2.1;545.27;11.28
1380556889530408;19;37.9;Mon Nov 18 2019 14:01:25 GMT+0100 (CET);Mon Nov 18 2019 13:01:25 GMT+0100 (CET);1574082085000;1.99;529.91;11.82
1380556889530408;19;37.6;Mon Nov 18 2019 14:03:18 GMT+0100 (CET);Mon Nov 18 2019 13:03:18 GMT+0100 (CET);1574082198000;1.63;325.53;12.1
1380556889530408;19.5;37.7;Mon Nov 18 2019 14:05:14 GMT+0100 (CET);Mon Nov 18 2019 13:05:14 GMT+0100 (CET);1574082314000;0.53;119.79;12.28
1380556889530408;19.5;35.3;Mon Nov 18 2019 14:07:07 GMT+0100 (CET);Mon Nov 18 2019 13:07:07 GMT+0100 (CET);1574082427000;0.57;126.58;11.94
1380556889530408;19.5;35.4;Mon Nov 18 2019 14:09:36 GMT+0100 (CET);Mon Nov 18 2019 13:09:36 GMT+0100 (CET);1574082576000;0.57;129.1;11.34
1380556889530408;19;35.5;Mon Nov 18 2019 14:11:29 GMT+0100 (CET);Mon Nov 18 2019 13:11:29 GMT+0100 (CET);1574082689000;0.64;137.52;10.99
1380556889530408;19;35.8;Mon Nov 18 2019 14:13:22 GMT+0100 (CET);Mon Nov 18 2019 13:13:22 GMT+0100 (CET);1574082802000;0.59;134.43;10.57
1380556889530408;17.5;35.3;Mon Nov 18 2019 14:15:17 GMT+0100 (CET);Mon Nov 18 2019 13:15:17 GMT+0100 (CET);1574082917000;0.53;117.9;10.11
1380556889530408;17.5;34.9;Mon Nov 18 2019 14:17:09 GMT+0100 (CET);Mon Nov 18 2019 13:17:09 GMT+0100 (CET);1574083029000;0.48;108.05;9.83
1380556889530408;17.5;34.8;Mon Nov 18 2019 14:19:02 GMT+0100 (CET);Mon Nov 18 2019 13:19:02 GMT+0100 (CET);1574083142000;0.38;86.12;9.53
1380556889530408;17;34.7;Mon Nov 18 2019 14:20:55 GMT+0100 (CET);Mon Nov 18 2019 13:20:55 GMT+0100 (CET);1574083255000;0.33;76.96;9.25
1380556889530408;17;34.6;Mon Nov 18 2019 14:22:53 GMT+0100 (CET);Mon Nov 18 2019 13:22:53 GMT+0100 (CET);1574083373000;0.35;77.35;8.98
1380556889530408;15.9;34.8;Mon Nov 18 2019 14:24:45 GMT+0100 (CET);Mon Nov 18 2019 13:24:45 GMT+0100 (CET);1574083485000;0.34;78.94;8.82
1380556889530408;15.9;35.5;Mon Nov 18 2019 14:26:48 GMT+0100 (CET);Mon Nov 18 2019 13:26:48 GMT+0100 (CET);1574083608000;0.34;78.65;8.79
1380556889530408;15.9;35.4;Mon Nov 18 2019 14:28:41 GMT+0100 (CET);Mon Nov 18 2019 13:28:41 GMT+0100 (CET);1574083721000;0.34;77.67;8.75
1380556889530408;14.4;35.3;Mon Nov 18 2019 14:30:35 GMT+0100 (CET);Mon Nov 18 2019 13:30:35 GMT+0100 (CET);1574083835000;0.39;90.75;8.69
1380556889530408;14.4;35.5;Mon Nov 18 2019 14:32:37 GMT+0100 (CET);Mon Nov 18 2019 13:32:37 GMT+0100 (CET);1574083957000;0.43;97.06;8.68
1380556889530408;14.4;35.4;Mon Nov 18 2019 14:34:32 GMT+0100 (CET);Mon Nov 18 2019 13:34:32 GMT+0100 (CET);1574084072000;0.4;91.48;8.68
1380556889530408;14.4;36.3;Mon Nov 18 2019 14:36:25 GMT+0100 (CET);Mon Nov 18 2019 13:36:25 GMT+0100 (CET);1574084185000;0.42;96.29;8.71
1380556889530408;14.4;35.1;Mon Nov 18 2019 14:38:22 GMT+0100 (CET);Mon Nov 18 2019 13:38:22 GMT+0100 (CET);1574084302000;0.42;94.54;8.72
1380556889530408;14.4;34.8;Mon Nov 18 2019 14:40:37 GMT+0100 (CET);Mon Nov 18 2019 13:40:37 GMT+0100 (CET);1574084437000;0.31;71.53;8.69
1380556889530408;14.4;34.6;Mon Nov 18 2019 14:42:31 GMT+0100 (CET);Mon Nov 18 2019 13:42:31 GMT+0100 (CET);1574084551000;0.38;81.91;8.67
1380556889530408;13.4;34.9;Mon Nov 18 2019 14:44:24 GMT+0100 (CET);Mon Nov 18 2019 13:44:24 GMT+0100 (CET);1574084664000;0.43;93.23;8.67
1380556889530408;13.4;35;Mon Nov 18 2019 14:46:16 GMT+0100 (CET);Mon Nov 18 2019 13:46:16 GMT+0100 (CET);1574084776000;0.29;69.73;8.65
1380556889530408;13.4;34.7;Mon Nov 18 2019 14:48:11 GMT+0100 (CET);Mon Nov 18 2019 13:48:11 GMT+0100 (CET);1574084891000;0.31;73.54;8.57
1380556889530408;13.4;35.1;Mon Nov 18 2019 14:50:04 GMT+0100 (CET);Mon Nov 18 2019 13:50:04 GMT+0100 (CET);1574085004000;0.36;83.53;8.5
1380556889530408;13.4;36.9;Mon Nov 18 2019 14:51:57 GMT+0100 (CET);Mon Nov 18 2019 13:51:57 GMT+0100 (CET);1574085117000;0.43;100.89;8.48
1380556889530408;13.4;37.9;Mon Nov 18 2019 14:53:52 GMT+0100 (CET);Mon Nov 18 2019 13:53:52 GMT+0100 (CET);1574085232000;0.47;112.11;8.61
1380556889530408;13.4;35.8;Mon Nov 18 2019 14:55:56 GMT+0100 (CET);Mon Nov 18 2019 13:55:56 GMT+0100 (CET);1574085356000;0.53;119.2;8.69
1380556889530408;13.4;35.7;Mon Nov 18 2019 14:57:53 GMT+0100 (CET);Mon Nov 18 2019 13:57:53 GMT+0100 (CET);1574085473000;0.44;103.03;8.69
1380556889530408;13.4;35.5;Mon Nov 18 2019 14:59:46 GMT+0100 (CET);Mon Nov 18 2019 13:59:46 GMT+0100 (CET);1574085586000;0.9;201.72;8.63
1380556889530408;13.4;38.8;Mon Nov 18 2019 15:01:39 GMT+0100 (CET);Mon Nov 18 2019 14:01:39 GMT+0100 (CET);1574085699000;1.22;305.63;9.08
1380556889530408;14.4;39.2;Mon Nov 18 2019 15:03:38 GMT+0100 (CET);Mon Nov 18 2019 14:03:38 GMT+0100 (CET);1574085818000;1.05;335.35;9.46
1380556889530408;14.4;39.6;Mon Nov 18 2019 15:05:37 GMT+0100 (CET);Mon Nov 18 2019 14:05:37 GMT+0100 (CET);1574085937000;1.26;343.03;10.06
1380556889530408;17;38.3;Mon Nov 18 2019 15:07:45 GMT+0100 (CET);Mon Nov 18 2019 14:07:45 GMT+0100 (CET);1574086065000;1.21;330.23;10.6
1380556889530408;17;37.8;Mon Nov 18 2019 15:09:38 GMT+0100 (CET);Mon Nov 18 2019 14:09:38 GMT+0100 (CET);1574086178000;1.02;277.6;10.89
1380556889530408;17;38.3;Mon Nov 18 2019 15:11:34 GMT+0100 (CET);Mon Nov 18 2019 14:11:34 GMT+0100 (CET);1574086294000;0.99;293.16;11.25
1380556889530408;17;38.6;Mon Nov 18 2019 15:13:27 GMT+0100 (CET);Mon Nov 18 2019 14:13:27 GMT+0100 (CET);1574086407000;0.85;273.23;11.52
1380556889530408;17;38.8;Mon Nov 18 2019 15:15:21 GMT+0100 (CET);Mon Nov 18 2019 14:15:21 GMT+0100 (CET);1574086521000;0.8;274;11.64
1380556889530408;19;39.1;Mon Nov 18 2019 15:17:14 GMT+0100 (CET);Mon Nov 18 2019 14:17:14 GMT+0100 (CET);1574086634000;0.68;257.23;11.75
1380556889530408;19;39.5;Mon Nov 18 2019 15:19:15 GMT+0100 (CET);Mon Nov 18 2019 14:19:15 GMT+0100 (CET);1574086755000;0.57;243.27;11.97
1380556889530408;19;39.8;Mon Nov 18 2019 15:21:08 GMT+0100 (CET);Mon Nov 18 2019 14:21:08 GMT+0100 (CET);1574086868000;0.35;160.1;11.98
1380556889530408;19;38.9;Mon Nov 18 2019 15:23:01 GMT+0100 (CET);Mon Nov 18 2019 14:23:01 GMT+0100 (CET);1574086981000;0.51;190.02;11.7
1380556889530408;19;38.8;Mon Nov 18 2019 15:24:54 GMT+0100 (CET);Mon Nov 18 2019 14:24:54 GMT+0100 (CET);1574087094000;0.28;93.38;11.44
1380556889530408;19;36.6;Mon Nov 18 2019 15:26:51 GMT+0100 (CET);Mon Nov 18 2019 14:26:51 GMT+0100 (CET);1574087211000;0.45;219.84;11.2
1380556889530408;19;39.6;Mon Nov 18 2019 15:28:44 GMT+0100 (CET);Mon Nov 18 2019 14:28:44 GMT+0100 (CET);1574087324000;0.52;219.93;11.14
1380556889530408;19;40.1;Mon Nov 18 2019 15:30:38 GMT+0100 (CET);Mon Nov 18 2019 14:30:38 GMT+0100 (CET);1574087438000;0.42;209.25;11.14
1380556889530408;19;40.1;Mon Nov 18 2019 15:32:31 GMT+0100 (CET);Mon Nov 18 2019 14:32:31 GMT+0100 (CET);1574087551000;0.41;193.67;11.05
1380556889530408;19;39.8;Mon Nov 18 2019 15:34:48 GMT+0100 (CET);Mon Nov 18 2019 14:34:48 GMT+0100 (CET);1574087688000;0.33;191.57;10.84
1380556889530408;19;40.3;Mon Nov 18 2019 15:36:55 GMT+0100 (CET);Mon Nov 18 2019 14:36:55 GMT+0100 (CET);1574087815000;0.23;128.61;10.82
1380556889530408;19;38.3;Mon Nov 18 2019 15:38:47 GMT+0100 (CET);Mon Nov 18 2019 14:38:47 GMT+0100 (CET);1574087927000;0.18;43.3;10.53
1380556889530408;19;29.2;Mon Nov 18 2019 15:40:40 GMT+0100 (CET);Mon Nov 18 2019 14:40:40 GMT+0100 (CET);1574088040000;0.14;26.59;9.96
1380556889530408;14.4;31;Mon Nov 18 2019 15:42:35 GMT+0100 (CET);Mon Nov 18 2019 14:42:35 GMT+0100 (CET);1574088155000;0.12;25.75;9.41
1380556889530408;14.4;31.1;Mon Nov 18 2019 15:44:28 GMT+0100 (CET);Mon Nov 18 2019 14:44:28 GMT+0100 (CET);1574088268000;0.12;25.29;9.01
1380556889530408;12.9;31.4;Mon Nov 18 2019 15:46:21 GMT+0100 (CET);Mon Nov 18 2019 14:46:21 GMT+0100 (CET);1574088381000;0.1;24.95;8.61
1380556889530408;12.9;33.4;Mon Nov 18 2019 15:48:17 GMT+0100 (CET);Mon Nov 18 2019 14:48:17 GMT+0100 (CET);1574088497000;0.1;30.71;8.34
1380556889530408;12.9;32.8;Mon Nov 18 2019 15:50:17 GMT+0100 (CET);Mon Nov 18 2019 14:50:17 GMT+0100 (CET);1574088617000;0.09;20.66;8
1380556889530408;12.9;32.5;Mon Nov 18 2019 15:52:11 GMT+0100 (CET);Mon Nov 18 2019 14:52:11 GMT+0100 (CET);1574088731000;0.09;20.36;7.78
1380556889530408;12.9;32.9;Mon Nov 18 2019 15:54:04 GMT+0100 (CET);Mon Nov 18 2019 14:54:04 GMT+0100 (CET);1574088844000;0.09;20.42;7.55
1380556889530408;11.4;32.7;Mon Nov 18 2019 15:55:58 GMT+0100 (CET);Mon Nov 18 2019 14:55:58 GMT+0100 (CET);1574088958000;0.09;20.93;7.35
1380556889530408;11.4;32.8;Mon Nov 18 2019 15:57:54 GMT+0100 (CET);Mon Nov 18 2019 14:57:54 GMT+0100 (CET);1574089074000;0.09;21.32;7.21
1380556889530408;10.9;32.8;Mon Nov 18 2019 15:59:47 GMT+0100 (CET);Mon Nov 18 2019 14:59:47 GMT+0100 (CET);1574089187000;0.1;21.47;7.08
1380556889530408;10.9;32.7;Mon Nov 18 2019 16:01:41 GMT+0100 (CET);Mon Nov 18 2019 15:01:41 GMT+0100 (CET);1574089301000;0.09;22.07;6.99
1380556889530408;10.9;32.8;Mon Nov 18 2019 16:03:35 GMT+0100 (CET);Mon Nov 18 2019 15:03:35 GMT+0100 (CET);1574089415000;0.1;22.72;6.88
1380556889530408;9.4;32.5;Mon Nov 18 2019 16:06:07 GMT+0100 (CET);Mon Nov 18 2019 15:06:07 GMT+0100 (CET);1574089567000;0.08;17.23;6.8
1380556889530408;9.4;32;Mon Nov 18 2019 16:08:00 GMT+0100 (CET);Mon Nov 18 2019 15:08:00 GMT+0100 (CET);1574089680000;0.07;16.28;6.75
1380556889530408;8.9;31.8;Mon Nov 18 2019 16:09:54 GMT+0100 (CET);Mon Nov 18 2019 15:09:54 GMT+0100 (CET);1574089794000;0.07;15.94;6.66
1380556889530408;8.9;31.7;Mon Nov 18 2019 16:11:48 GMT+0100 (CET);Mon Nov 18 2019 15:11:48 GMT+0100 (CET);1574089908000;0.07;13;6.58
1380556889530408;7.4;31.1;Mon Nov 18 2019 16:13:55 GMT+0100 (CET);Mon Nov 18 2019 15:13:55 GMT+0100 (CET);1574090035000;0;11.75;6.53
1380556889530408;7.4;30.8;Mon Nov 18 2019 16:15:48 GMT+0100 (CET);Mon Nov 18 2019 15:15:48 GMT+0100 (CET);1574090148000;0;10.45;6.46
1380556889530408;7.4;30.4;Mon Nov 18 2019 16:17:43 GMT+0100 (CET);Mon Nov 18 2019 15:17:43 GMT+0100 (CET);1574090263000;0;8.73;6.39
1380556889530408;7.4;29.7;Mon Nov 18 2019 16:19:36 GMT+0100 (CET);Mon Nov 18 2019 15:19:36 GMT+0100 (CET);1574090376000;0;7.44;6.34
1380556889530408;7.4;29.1;Mon Nov 18 2019 16:21:29 GMT+0100 (CET);Mon Nov 18 2019 15:21:29 GMT+0100 (CET);1574090489000;0;6.45;6.27
1380556889530408;6.9;28.2;Mon Nov 18 2019 16:23:23 GMT+0100 (CET);Mon Nov 18 2019 15:23:23 GMT+0100 (CET);1574090603000;0;7.05;6.25
1380556889530408;6.9;30.1;Mon Nov 18 2019 16:25:18 GMT+0100 (CET);Mon Nov 18 2019 15:25:18 GMT+0100 (CET);1574090718000;0;5.72;6.21
1380556889530408;6.9;33.9;Mon Nov 18 2019 16:27:11 GMT+0100 (CET);Mon Nov 18 2019 15:27:11 GMT+0100 (CET);1574090831000;0;5.89;6.19
1380556889530408;7.4;29.6;Mon Nov 18 2019 16:29:07 GMT+0100 (CET);Mon Nov 18 2019 15:29:07 GMT+0100 (CET);1574090947000;0;5.06;6.14
1380556889530408;7.4;33.2;Mon Nov 18 2019 16:30:59 GMT+0100 (CET);Mon Nov 18 2019 15:30:59 GMT+0100 (CET);1574091059000;0;3.22;6.12
1380556889530408;6.9;31.6;Mon Nov 18 2019 16:33:05 GMT+0100 (CET);Mon Nov 18 2019 15:33:05 GMT+0100 (CET);1574091185000;0;1.41;6.1
1380556889530408;6.9;24.9;Mon Nov 18 2019 16:34:57 GMT+0100 (CET);Mon Nov 18 2019 15:34:57 GMT+0100 (CET);1574091297000;0;0.66;6.07
1380556889530408;4.9;24.9;Mon Nov 18 2019 16:36:54 GMT+0100 (CET);Mon Nov 18 2019 15:36:54 GMT+0100 (CET);1574091414000;0;-0.01;5.96
1380556889530408;4.9;24.9;Mon Nov 18 2019 16:38:47 GMT+0100 (CET);Mon Nov 18 2019 15:38:47 GMT+0100 (CET);1574091527000;0;-0.01;5.85
1380556889530408;4.9;24.9;Mon Nov 18 2019 16:40:41 GMT+0100 (CET);Mon Nov 18 2019 15:40:41 GMT+0100 (CET);1574091641000;0;-0.01;5.8
1380556889530408;3.4;32.7;Tue Nov 19 2019 08:00:58 GMT+0100 (CET);Tue Nov 19 2019 07:00:58 GMT+0100 (CET);1574146858000;0;5.9;3.95
1380556889530408;3.4;34.2;Tue Nov 19 2019 08:03:08 GMT+0100 (CET);Tue Nov 19 2019 07:03:08 GMT+0100 (CET);1574146988000;0;8.36;3.95
1380556889530408;5.4;35.6;Tue Nov 19 2019 08:05:09 GMT+0100 (CET);Tue Nov 19 2019 07:05:09 GMT+0100 (CET);1574147109000;0;11.74;3.97
1380556889530408;5.4;32.4;Tue Nov 19 2019 08:07:04 GMT+0100 (CET);Tue Nov 19 2019 07:07:04 GMT+0100 (CET);1574147224000;0.07;16.27;4.01
1380556889530408;4.9;29;Tue Nov 19 2019 08:09:01 GMT+0100 (CET);Tue Nov 19 2019 07:09:01 GMT+0100 (CET);1574147341000;0.09;19.16;4.05
1380556889530408;4.9;31.2;Tue Nov 19 2019 08:10:57 GMT+0100 (CET);Tue Nov 19 2019 07:10:57 GMT+0100 (CET);1574147457000;0.08;18.66;4.08
1380556889530408;4.9;30.9;Tue Nov 19 2019 08:12:56 GMT+0100 (CET);Tue Nov 19 2019 07:12:56 GMT+0100 (CET);1574147576000;0.07;16.25;4.12
1380556889530408;5.4;31;Tue Nov 19 2019 08:15:05 GMT+0100 (CET);Tue Nov 19 2019 07:15:05 GMT+0100 (CET);1574147705000;0;12.32;4.14
1380556889530408;5.4;28.4;Tue Nov 19 2019 08:17:01 GMT+0100 (CET);Tue Nov 19 2019 07:17:01 GMT+0100 (CET);1574147821000;0;12.57;4.17
1380556889530408;4.9;28.5;Tue Nov 19 2019 08:19:00 GMT+0100 (CET);Tue Nov 19 2019 07:19:00 GMT+0100 (CET);1574147940000;0;13.39;4.18
1380556889530408;4.9;28.4;Tue Nov 19 2019 08:21:18 GMT+0100 (CET);Tue Nov 19 2019 07:21:18 GMT+0100 (CET);1574148078000;0;13.77;4.21
1380556889530408;4.9;28.7;Tue Nov 19 2019 08:23:17 GMT+0100 (CET);Tue Nov 19 2019 07:23:17 GMT+0100 (CET);1574148197000;0.07;13.99;4.21
1380556889530408;4.9;29.5;Tue Nov 19 2019 08:25:17 GMT+0100 (CET);Tue Nov 19 2019 07:25:17 GMT+0100 (CET);1574148317000;0.07;14.69;4.22
1380556889530408;4.9;28.8;Tue Nov 19 2019 08:27:32 GMT+0100 (CET);Tue Nov 19 2019 07:27:32 GMT+0100 (CET);1574148452000;0.07;15.68;4.25
1380556889530408;4.9;29.7;Tue Nov 19 2019 08:29:29 GMT+0100 (CET);Tue Nov 19 2019 07:29:29 GMT+0100 (CET);1574148569000;0.07;16.32;4.26
1380556889530408;4.9;30.5;Tue Nov 19 2019 08:31:24 GMT+0100 (CET);Tue Nov 19 2019 07:31:24 GMT+0100 (CET);1574148684000;0.07;16.52;4.29
1380556889530408;4.9;30.1;Tue Nov 19 2019 08:33:20 GMT+0100 (CET);Tue Nov 19 2019 07:33:20 GMT+0100 (CET);1574148800000;0.08;17.29;4.3
1380556889530408;4.9;30.3;Tue Nov 19 2019 08:35:27 GMT+0100 (CET);Tue Nov 19 2019 07:35:27 GMT+0100 (CET);1574148927000;0.08;17.76;4.33
1380556889530408;5.4;30.4;Tue Nov 19 2019 08:37:30 GMT+0100 (CET);Tue Nov 19 2019 07:37:30 GMT+0100 (CET);1574149050000;0.08;17.54;4.34
1380556889530408;5.4;30.1;Tue Nov 19 2019 08:39:23 GMT+0100 (CET);Tue Nov 19 2019 07:39:23 GMT+0100 (CET);1574149163000;0.08;18.4;4.37
1380556889530408;5.4;30.4;Tue Nov 19 2019 08:41:16 GMT+0100 (CET);Tue Nov 19 2019 07:41:16 GMT+0100 (CET);1574149276000;0.09;19.52;4.39
1380556889530408;5.4;31.2;Tue Nov 19 2019 08:43:18 GMT+0100 (CET);Tue Nov 19 2019 07:43:18 GMT+0100 (CET);1574149398000;0.09;20.85;4.42
1380556889530408;5.4;31.3;Tue Nov 19 2019 08:45:18 GMT+0100 (CET);Tue Nov 19 2019 07:45:18 GMT+0100 (CET);1574149518000;0.1;21.51;4.44
1380556889530408;5.4;30.9;Tue Nov 19 2019 08:47:11 GMT+0100 (CET);Tue Nov 19 2019 07:47:11 GMT+0100 (CET);1574149631000;0.09;21.82;4.46
1380556889530408;5.4;31.1;Tue Nov 19 2019 08:49:07 GMT+0100 (CET);Tue Nov 19 2019 07:49:07 GMT+0100 (CET);1574149747000;0.1;22.05;4.47
1380556889530408;5.4;31.1;Tue Nov 19 2019 08:51:33 GMT+0100 (CET);Tue Nov 19 2019 07:51:33 GMT+0100 (CET);1574149893000;0.1;21.46;4.5
1380556889530408;6.9;31.1;Tue Nov 19 2019 08:53:47 GMT+0100 (CET);Tue Nov 19 2019 07:53:47 GMT+0100 (CET);1574150027000;0.1;22.67;4.53
1380556889530408;6.9;31.1;Tue Nov 19 2019 08:55:43 GMT+0100 (CET);Tue Nov 19 2019 07:55:43 GMT+0100 (CET);1574150143000;0.1;22.41;4.54
1380556889530408;7.4;31;Tue Nov 19 2019 08:57:47 GMT+0100 (CET);Tue Nov 19 2019 07:57:47 GMT+0100 (CET);1574150267000;0.1;22.14;4.54
1380556889530408;7.4;31.5;Tue Nov 19 2019 08:59:49 GMT+0100 (CET);Tue Nov 19 2019 07:59:49 GMT+0100 (CET);1574150389000;0.11;23.38;4.56
1380556889530408;6.9;31.4;Tue Nov 19 2019 09:01:50 GMT+0100 (CET);Tue Nov 19 2019 08:01:50 GMT+0100 (CET);1574150510000;0.11;24.38;4.58
1380556889530408;6.9;31.6;Tue Nov 19 2019 09:03:47 GMT+0100 (CET);Tue Nov 19 2019 08:03:47 GMT+0100 (CET);1574150627000;0.11;24.29;4.6
1380556889530408;6.9;31.4;Tue Nov 19 2019 09:06:12 GMT+0100 (CET);Tue Nov 19 2019 08:06:12 GMT+0100 (CET);1574150772000;0.12;25.58;4.61
1380556889530408;6.9;31.8;Tue Nov 19 2019 09:08:53 GMT+0100 (CET);Tue Nov 19 2019 08:08:53 GMT+0100 (CET);1574150933000;0.12;26.08;4.66
1380556889530408;6.9;32.1;Tue Nov 19 2019 09:10:55 GMT+0100 (CET);Tue Nov 19 2019 08:10:55 GMT+0100 (CET);1574151055000;0.11;24.44;4.68
1380556889530408;6.9;31.6;Tue Nov 19 2019 09:13:13 GMT+0100 (CET);Tue Nov 19 2019 08:13:13 GMT+0100 (CET);1574151193000;0.11;22.78;4.69
1380556889530408;6.9;31.4;Tue Nov 19 2019 09:15:43 GMT+0100 (CET);Tue Nov 19 2019 08:15:43 GMT+0100 (CET);1574151343000;0.1;21.6;4.7
1380556889530408;17;35;Tue Nov 19 2019 12:05:25 GMT+0100 (CET);Tue Nov 19 2019 11:05:25 GMT+0100 (CET);1574161525000;0.56;117.94;8.96
1380556889530408;14.4;33.6;Tue Nov 19 2019 12:16:59 GMT+0100 (CET);Tue Nov 19 2019 11:16:59 GMT+0100 (CET);1574162219000;0.38;76.86;8.55
1380556889530408;14.4;33.7;Tue Nov 19 2019 12:18:54 GMT+0100 (CET);Tue Nov 19 2019 11:18:54 GMT+0100 (CET);1574162334000;0.36;72.75;8.5
1380556889530408;14.4;33.7;Tue Nov 19 2019 12:20:48 GMT+0100 (CET);Tue Nov 19 2019 11:20:48 GMT+0100 (CET);1574162448000;0.34;69.17;8.44
1380556889530408;14.4;33.5;Tue Nov 19 2019 12:22:35 GMT+0100 (CET);Tue Nov 19 2019 11:22:35 GMT+0100 (CET);1574162555000;0.35;70.27;8.41
1380556889530408;14.4;33.5;Tue Nov 19 2019 12:24:31 GMT+0100 (CET);Tue Nov 19 2019 11:24:31 GMT+0100 (CET);1574162671000;0.35;71.06;8.39
1380556889530408;13.4;33.7;Tue Nov 19 2019 12:26:24 GMT+0100 (CET);Tue Nov 19 2019 11:26:24 GMT+0100 (CET);1574162784000;0.36;73.55;8.39
1380556889530408;13.4;33.7;Tue Nov 19 2019 12:28:26 GMT+0100 (CET);Tue Nov 19 2019 11:28:26 GMT+0100 (CET);1574162906000;0.36;72.96;8.39
1380556889530408;13.4;33.7;Tue Nov 19 2019 12:30:19 GMT+0100 (CET);Tue Nov 19 2019 11:30:19 GMT+0100 (CET);1574163019000;0.38;75.38;8.36
1380556889530408;13.4;33.7;Tue Nov 19 2019 12:32:12 GMT+0100 (CET);Tue Nov 19 2019 11:32:12 GMT+0100 (CET);1574163132000;0.41;81.06;8.36
1380556889530408;13.4;34;Tue Nov 19 2019 12:34:05 GMT+0100 (CET);Tue Nov 19 2019 11:34:05 GMT+0100 (CET);1574163245000;0.42;84.71;8.4
1380556889530408;13.4;33.9;Tue Nov 19 2019 12:35:58 GMT+0100 (CET);Tue Nov 19 2019 11:35:58 GMT+0100 (CET);1574163358000;0.4;79.86;8.41
1380556889530408;13.4;33.9;Tue Nov 19 2019 12:37:51 GMT+0100 (CET);Tue Nov 19 2019 11:37:51 GMT+0100 (CET);1574163471000;0.37;74.32;8.4
1380556889530408;13.4;33.7;Tue Nov 19 2019 12:39:44 GMT+0100 (CET);Tue Nov 19 2019 11:39:44 GMT+0100 (CET);1574163584000;0.34;67.41;8.35
1380556889530408;13.4;33.7;Tue Nov 19 2019 12:41:40 GMT+0100 (CET);Tue Nov 19 2019 11:41:40 GMT+0100 (CET);1574163700000;0.3;58.86;8.32
1380556889530408;13.4;33.5;Tue Nov 19 2019 12:43:33 GMT+0100 (CET);Tue Nov 19 2019 11:43:33 GMT+0100 (CET);1574163813000;0.28;55.42;8.33
1380556889530408;13.4;33.3;Tue Nov 19 2019 12:45:25 GMT+0100 (CET);Tue Nov 19 2019 11:45:25 GMT+0100 (CET);1574163925000;0.24;49;8.29
1380556889530408;13.4;33.2;Tue Nov 19 2019 12:47:18 GMT+0100 (CET);Tue Nov 19 2019 11:47:18 GMT+0100 (CET);1574164038000;0.23;45.31;8.21
1380556889530408;12.9;32.8;Tue Nov 19 2019 12:49:11 GMT+0100 (CET);Tue Nov 19 2019 11:49:11 GMT+0100 (CET);1574164151000;0.23;45.92;8.14
1380556889530408;12.9;32.8;Tue Nov 19 2019 12:51:04 GMT+0100 (CET);Tue Nov 19 2019 11:51:04 GMT+0100 (CET);1574164264000;0.22;43.01;8.08
1380556889530408;12.9;32.8;Tue Nov 19 2019 12:52:56 GMT+0100 (CET);Tue Nov 19 2019 11:52:56 GMT+0100 (CET);1574164376000;0.19;38.95;8.04
1380556889530408;12.9;32.7;Tue Nov 19 2019 12:54:49 GMT+0100 (CET);Tue Nov 19 2019 11:54:49 GMT+0100 (CET);1574164489000;0.19;38.1;7.99
1380556889530408;12.9;32.1;Tue Nov 19 2019 12:56:42 GMT+0100 (CET);Tue Nov 19 2019 11:56:42 GMT+0100 (CET);1574164602000;0.2;41;7.93
1380556889530408;12.9;32.6;Tue Nov 19 2019 12:58:35 GMT+0100 (CET);Tue Nov 19 2019 11:58:35 GMT+0100 (CET);1574164715000;0.2;41.06;7.83
1380556889530408;12.9;32.8;Tue Nov 19 2019 13:00:28 GMT+0100 (CET);Tue Nov 19 2019 12:00:28 GMT+0100 (CET);1574164828000;0.2;40.41;7.64
1380556889530408;12.9;32.8;Tue Nov 19 2019 13:02:21 GMT+0100 (CET);Tue Nov 19 2019 12:02:21 GMT+0100 (CET);1574164941000;0.2;41.46;7.5
1380556889530408;11.4;32.7;Tue Nov 19 2019 13:04:31 GMT+0100 (CET);Tue Nov 19 2019 12:04:31 GMT+0100 (CET);1574165071000;0.22;45.38;7.44
1380556889530408;11.4;33;Tue Nov 19 2019 13:06:24 GMT+0100 (CET);Tue Nov 19 2019 12:06:24 GMT+0100 (CET);1574165184000;0.22;45.05;7.39
1380556889530408;11.4;32.9;Tue Nov 19 2019 13:08:16 GMT+0100 (CET);Tue Nov 19 2019 12:08:16 GMT+0100 (CET);1574165296000;0.23;46.45;7.32
1380556889530408;11.4;33.1;Tue Nov 19 2019 13:10:09 GMT+0100 (CET);Tue Nov 19 2019 12:10:09 GMT+0100 (CET);1574165409000;0.25;49.8;7.29
1380556889530408;11.4;33.2;Tue Nov 19 2019 13:12:02 GMT+0100 (CET);Tue Nov 19 2019 12:12:02 GMT+0100 (CET);1574165522000;0.25;48.18;7.22
1380556889530408;11.4;33.1;Tue Nov 19 2019 13:13:55 GMT+0100 (CET);Tue Nov 19 2019 12:13:55 GMT+0100 (CET);1574165635000;0.22;44.08;7.22
1380556889530408;11.4;33;Tue Nov 19 2019 13:15:49 GMT+0100 (CET);Tue Nov 19 2019 12:15:49 GMT+0100 (CET);1574165749000;0.21;42.17;7.23
1380556889530408;11.4;33;Tue Nov 19 2019 13:17:49 GMT+0100 (CET);Tue Nov 19 2019 12:17:49 GMT+0100 (CET);1574165869000;0.22;42.84;7.27
1380556889530408;11.4;33.1;Tue Nov 19 2019 13:19:49 GMT+0100 (CET);Tue Nov 19 2019 12:19:49 GMT+0100 (CET);1574165989000;0.21;42.33;7.31
1380556889530408;11.4;33;Tue Nov 19 2019 13:21:54 GMT+0100 (CET);Tue Nov 19 2019 12:21:54 GMT+0100 (CET);1574166114000;0.21;42.25;7.35
1380556889530408;10.9;33;Tue Nov 19 2019 13:23:50 GMT+0100 (CET);Tue Nov 19 2019 12:23:50 GMT+0100 (CET);1574166230000;0.23;44.91;7.39
1380556889530408;10.9;33.2;Tue Nov 19 2019 13:25:52 GMT+0100 (CET);Tue Nov 19 2019 12:25:52 GMT+0100 (CET);1574166352000;0.23;47.15;7.43
1380556889530408;10.9;33.2;Tue Nov 19 2019 13:27:46 GMT+0100 (CET);Tue Nov 19 2019 12:27:46 GMT+0100 (CET);1574166466000;0.24;48.68;7.46
1380556889530408;10.9;33.2;Tue Nov 19 2019 13:30:01 GMT+0100 (CET);Tue Nov 19 2019 12:30:01 GMT+0100 (CET);1574166601000;0.23;47.3;7.5
1380556889530408;10.9;33.3;Tue Nov 19 2019 13:32:07 GMT+0100 (CET);Tue Nov 19 2019 12:32:07 GMT+0100 (CET);1574166727000;0.22;44.86;7.51
1380556889530408;10.9;32.8;Tue Nov 19 2019 13:36:23 GMT+0100 (CET);Tue Nov 19 2019 12:36:23 GMT+0100 (CET);1574166983000;0.21;43.31;7.34
1380556889530408;10.9;32.9;Tue Nov 19 2019 13:38:38 GMT+0100 (CET);Tue Nov 19 2019 12:38:38 GMT+0100 (CET);1574167118000;0.23;47.33;7.32
1380556889530408;10.9;33.2;Tue Nov 19 2019 13:40:38 GMT+0100 (CET);Tue Nov 19 2019 12:40:38 GMT+0100 (CET);1574167238000;0.27;53.11;7.35
1380556889530408;10.9;33.6;Tue Nov 19 2019 13:42:44 GMT+0100 (CET);Tue Nov 19 2019 12:42:44 GMT+0100 (CET);1574167364000;0.29;59.56;7.39
1380556889530408;10.9;33.6;Tue Nov 19 2019 13:45:33 GMT+0100 (CET);Tue Nov 19 2019 12:45:33 GMT+0100 (CET);1574167533000;0.32;64.63;7.46
1380556889530408;10.9;33.7;Tue Nov 19 2019 13:47:53 GMT+0100 (CET);Tue Nov 19 2019 12:47:53 GMT+0100 (CET);1574167673000;0.32;64.88;7.51
1380556889530408;10.9;33.6;Tue Nov 19 2019 13:50:36 GMT+0100 (CET);Tue Nov 19 2019 12:50:36 GMT+0100 (CET);1574167836000;0.3;60.03;7.53
1380556889530408;11.4;33.6;Tue Nov 19 2019 13:52:35 GMT+0100 (CET);Tue Nov 19 2019 12:52:35 GMT+0100 (CET);1574167955000;0.26;54.61;7.51
1380556889530408;11.4;33.4;Tue Nov 19 2019 13:55:21 GMT+0100 (CET);Tue Nov 19 2019 12:55:21 GMT+0100 (CET);1574168121000;0.28;57.19;7.47
1380556889530408;11.4;33.5;Tue Nov 19 2019 13:58:18 GMT+0100 (CET);Tue Nov 19 2019 12:58:18 GMT+0100 (CET);1574168298000;0.3;61.33;7.5
1380556889530408;11.4;33.7;Tue Nov 19 2019 14:00:20 GMT+0100 (CET);Tue Nov 19 2019 13:00:20 GMT+0100 (CET);1574168420000;0.31;61.83;7.54
1380556889530408;11.4;33.6;Tue Nov 19 2019 14:02:18 GMT+0100 (CET);Tue Nov 19 2019 13:02:18 GMT+0100 (CET);1574168538000;0.29;57.93;7.59
1380556889530408;11.4;33.5;Tue Nov 19 2019 14:04:18 GMT+0100 (CET);Tue Nov 19 2019 13:04:18 GMT+0100 (CET);1574168658000;0.27;55.04;7.62
1380556889530408;11.4;33.4;Tue Nov 19 2019 14:06:43 GMT+0100 (CET);Tue Nov 19 2019 13:06:43 GMT+0100 (CET);1574168803000;0.23;46.78;7.67
1380556889530408;11.4;33.3;Tue Nov 19 2019 14:09:06 GMT+0100 (CET);Tue Nov 19 2019 13:09:06 GMT+0100 (CET);1574168946000;0.25;50.29;7.7
1380556889530408;11.4;33.3;Tue Nov 19 2019 14:12:00 GMT+0100 (CET);Tue Nov 19 2019 13:12:00 GMT+0100 (CET);1574169120000;0.25;50.58;7.66
1380556889530408;11.4;33.3;Tue Nov 19 2019 14:13:54 GMT+0100 (CET);Tue Nov 19 2019 13:13:54 GMT+0100 (CET);1574169234000;0.24;50.2;7.68
1380556889530408;11.4;33.4;Tue Nov 19 2019 14:15:53 GMT+0100 (CET);Tue Nov 19 2019 13:15:53 GMT+0100 (CET);1574169353000;0.27;55.4;7.74
1380556889530408;11.4;33.5;Tue Nov 19 2019 14:17:48 GMT+0100 (CET);Tue Nov 19 2019 13:17:48 GMT+0100 (CET);1574169468000;0.29;59.25;7.79
1380556889530408;11.4;33.5;Tue Nov 19 2019 14:19:57 GMT+0100 (CET);Tue Nov 19 2019 13:19:57 GMT+0100 (CET);1574169597000;0.29;58.18;7.83
1380556889530408;11.4;33.5;Tue Nov 19 2019 14:22:26 GMT+0100 (CET);Tue Nov 19 2019 13:22:26 GMT+0100 (CET);1574169746000;0.24;50.28;7.83
1380556889530408;11.4;33.5;Tue Nov 19 2019 14:24:38 GMT+0100 (CET);Tue Nov 19 2019 13:24:38 GMT+0100 (CET);1574169878000;0.22;45.05;7.7
1380556889530408;11.4;33.3;Tue Nov 19 2019 14:26:39 GMT+0100 (CET);Tue Nov 19 2019 13:26:39 GMT+0100 (CET);1574169999000;0.19;39.63;7.63
1380556889530408;11.4;33.2;Tue Nov 19 2019 14:28:47 GMT+0100 (CET);Tue Nov 19 2019 13:28:47 GMT+0100 (CET);1574170127000;0.16;33.27;7.6
1380556889530408;11.4;32.2;Tue Nov 19 2019 14:30:47 GMT+0100 (CET);Tue Nov 19 2019 13:30:47 GMT+0100 (CET);1574170247000;0.16;31.9;7.58
1380556889530408;11.4;32.1;Tue Nov 19 2019 14:32:31 GMT+0100 (CET);Tue Nov 19 2019 13:32:31 GMT+0100 (CET);1574170351000;0.15;30.8;7.56
1380556889530408;10.9;31.9;Tue Nov 19 2019 14:34:32 GMT+0100 (CET);Tue Nov 19 2019 13:34:32 GMT+0100 (CET);1574170472000;0.14;28.69;7.51
1380556889530408;10.9;31.9;Tue Nov 19 2019 14:37:12 GMT+0100 (CET);Tue Nov 19 2019 13:37:12 GMT+0100 (CET);1574170632000;0.12;25.02;7.39
1380556889530408;10.9;31.7;Tue Nov 19 2019 14:39:26 GMT+0100 (CET);Tue Nov 19 2019 13:39:26 GMT+0100 (CET);1574170766000;0.12;23.62;7.34
1380556889530408;10.9;31.5;Tue Nov 19 2019 14:41:22 GMT+0100 (CET);Tue Nov 19 2019 13:41:22 GMT+0100 (CET);1574170882000;0.11;23.09;7.33
1380556889530408;10.9;31.2;Tue Nov 19 2019 14:43:21 GMT+0100 (CET);Tue Nov 19 2019 13:43:21 GMT+0100 (CET);1574171001000;0.1;20.27;7.32
1380556889530408;10.9;30.8;Tue Nov 19 2019 14:45:14 GMT+0100 (CET);Tue Nov 19 2019 13:45:14 GMT+0100 (CET);1574171114000;0.1;19.85;7.3
1380556889530408;10.9;30.9;Tue Nov 19 2019 14:47:07 GMT+0100 (CET);Tue Nov 19 2019 13:47:07 GMT+0100 (CET);1574171227000;0.09;19.32;7.28
1380556889530408;9.4;30.6;Tue Nov 19 2019 14:49:00 GMT+0100 (CET);Tue Nov 19 2019 13:49:00 GMT+0100 (CET);1574171340000;0.09;17.24;7.27
1380556889530408;9.4;30.1;Tue Nov 19 2019 14:51:52 GMT+0100 (CET);Tue Nov 19 2019 13:51:52 GMT+0100 (CET);1574171512000;0.07;14.41;7.21
1380556889530408;8.9;29.7;Tue Nov 19 2019 14:54:06 GMT+0100 (CET);Tue Nov 19 2019 13:54:06 GMT+0100 (CET);1574171646000;0.07;12.9;7.2
1380556889530408;8.9;29;Tue Nov 19 2019 14:56:08 GMT+0100 (CET);Tue Nov 19 2019 13:56:08 GMT+0100 (CET);1574171768000;0.07;12.56;7.15
1380556889530408;8.9;29.1;Tue Nov 19 2019 14:58:04 GMT+0100 (CET);Tue Nov 19 2019 13:58:04 GMT+0100 (CET);1574171884000;0.07;12.65;7.14
1380556889530408;8.9;29.2;Tue Nov 19 2019 15:00:11 GMT+0100 (CET);Tue Nov 19 2019 14:00:11 GMT+0100 (CET);1574172011000;0.07;12.72;7.08
1380556889530408;8.9;29.1;Tue Nov 19 2019 15:04:22 GMT+0100 (CET);Tue Nov 19 2019 14:04:22 GMT+0100 (CET);1574172262000;0.07;13.65;7.04
1380556889530408;8.9;28.7;Tue Nov 19 2019 15:06:45 GMT+0100 (CET);Tue Nov 19 2019 14:06:45 GMT+0100 (CET);1574172405000;0.07;15.13;6.98
1380556889530408;8.9;30.1;Tue Nov 19 2019 15:08:42 GMT+0100 (CET);Tue Nov 19 2019 14:08:42 GMT+0100 (CET);1574172522000;0.08;16.58;6.96
1380556889530408;8.9;28.6;Tue Nov 19 2019 15:10:43 GMT+0100 (CET);Tue Nov 19 2019 14:10:43 GMT+0100 (CET);1574172643000;0.09;18.32;6.96
1380556889530408;8.9;30.6;Tue Nov 19 2019 15:12:39 GMT+0100 (CET);Tue Nov 19 2019 14:12:39 GMT+0100 (CET);1574172759000;0.08;17.21;6.96
1380556889530408;8.9;30.5;Tue Nov 19 2019 15:17:03 GMT+0100 (CET);Tue Nov 19 2019 14:17:03 GMT+0100 (CET);1574173023000;0.09;18;6.98
1380556889530408;8.9;30.5;Tue Nov 19 2019 15:19:10 GMT+0100 (CET);Tue Nov 19 2019 14:19:10 GMT+0100 (CET);1574173150000;0.1;20.45;6.98
1380556889530408;8.9;30.7;Tue Nov 19 2019 15:21:54 GMT+0100 (CET);Tue Nov 19 2019 14:21:54 GMT+0100 (CET);1574173314000;0.1;21.93;6.97
1380556889530408;8.9;30.7;Tue Nov 19 2019 15:23:55 GMT+0100 (CET);Tue Nov 19 2019 14:23:55 GMT+0100 (CET);1574173435000;0.1;21.25;6.96
1380556889530408;8.9;30.7;Tue Nov 19 2019 15:26:42 GMT+0100 (CET);Tue Nov 19 2019 14:26:42 GMT+0100 (CET);1574173602000;0.1;20.77;6.92
1380556889530408;9.4;30.9;Tue Nov 19 2019 15:28:53 GMT+0100 (CET);Tue Nov 19 2019 14:28:53 GMT+0100 (CET);1574173733000;0.1;19.79;6.92
1380556889530408;8.9;30.4;Tue Nov 19 2019 15:32:43 GMT+0100 (CET);Tue Nov 19 2019 14:32:43 GMT+0100 (CET);1574173963000;0.09;18.52;6.85
1380556889530408;8.9;30.7;Tue Nov 19 2019 15:34:32 GMT+0100 (CET);Tue Nov 19 2019 14:34:32 GMT+0100 (CET);1574174072000;0.09;19.2;6.83
1380556889530408;8.9;30.6;Tue Nov 19 2019 15:37:26 GMT+0100 (CET);Tue Nov 19 2019 14:37:26 GMT+0100 (CET);1574174246000;0.07;15.47;6.8
1380556889530408;8.9;30.8;Tue Nov 19 2019 15:39:31 GMT+0100 (CET);Tue Nov 19 2019 14:39:31 GMT+0100 (CET);1574174371000;0;12.53;6.78
1380556889530408;8.9;29.7;Tue Nov 19 2019 15:42:06 GMT+0100 (CET);Tue Nov 19 2019 14:42:06 GMT+0100 (CET);1574174526000;0;11.52;6.75
1380556889530408;8.9;28.4;Tue Nov 19 2019 15:44:44 GMT+0100 (CET);Tue Nov 19 2019 14:44:44 GMT+0100 (CET);1574174684000;0;10.13;6.69
1380556889530408;7.4;27.6;Tue Nov 19 2019 15:47:24 GMT+0100 (CET);Tue Nov 19 2019 14:47:24 GMT+0100 (CET);1574174844000;0;9.48;6.67
1380556889530408;7.4;27.6;Tue Nov 19 2019 15:49:30 GMT+0100 (CET);Tue Nov 19 2019 14:49:30 GMT+0100 (CET);1574174970000;0;9.72;6.67
1380556889530408;6.9;27.3;Tue Nov 19 2019 15:52:22 GMT+0100 (CET);Tue Nov 19 2019 14:52:22 GMT+0100 (CET);1574175142000;0;9.09;6.65
1380556889530408;6.9;26.3;Tue Nov 19 2019 15:54:28 GMT+0100 (CET);Tue Nov 19 2019 14:54:28 GMT+0100 (CET);1574175268000;0;7.47;6.64
1380556889530408;6.4;25.3;Tue Nov 19 2019 15:56:51 GMT+0100 (CET);Tue Nov 19 2019 14:56:51 GMT+0100 (CET);1574175411000;0;7.27;6.64
1380556889530408;6.4;25.2;Tue Nov 19 2019 15:59:10 GMT+0100 (CET);Tue Nov 19 2019 14:59:10 GMT+0100 (CET);1574175550000;0;5.82;6.62
1380556889530408;8.9;33.1;Tue Nov 19 2019 16:01:20 GMT+0100 (CET);Tue Nov 19 2019 15:01:20 GMT+0100 (CET);1574175680000;0;5.15;6.63
1380556889530408;8.9;29.6;Tue Nov 19 2019 16:04:23 GMT+0100 (CET);Tue Nov 19 2019 15:04:23 GMT+0100 (CET);1574175863000;0;4.72;6.6
1380556889530408;8.9;31.3;Tue Nov 19 2019 16:06:45 GMT+0100 (CET);Tue Nov 19 2019 15:06:45 GMT+0100 (CET);1574176005000;0;3.71;6.6
1380556889530408;8.9;28.7;Tue Nov 19 2019 16:09:18 GMT+0100 (CET);Tue Nov 19 2019 15:09:18 GMT+0100 (CET);1574176158000;0;3.54;6.59
1380556889530408;7.4;27.5;Tue Nov 19 2019 16:12:10 GMT+0100 (CET);Tue Nov 19 2019 15:12:10 GMT+0100 (CET);1574176330000;0;4.41;6.59
1380556889530408;8.9;30.5;Tue Nov 19 2019 16:15:37 GMT+0100 (CET);Tue Nov 19 2019 15:15:37 GMT+0100 (CET);1574176537000;0;3.72;6.61
1380556889530408;6.9;28.2;Tue Nov 19 2019 16:18:31 GMT+0100 (CET);Tue Nov 19 2019 15:18:31 GMT+0100 (CET);1574176711000;0;2.48;6.62
1380556889530408;6.9;25.8;Tue Nov 19 2019 16:20:50 GMT+0100 (CET);Tue Nov 19 2019 15:20:50 GMT+0100 (CET);1574176850000;0;1.77;6.63
1380556889530408;6.9;25.8;Tue Nov 19 2019 16:22:56 GMT+0100 (CET);Tue Nov 19 2019 15:22:56 GMT+0100 (CET);1574176976000;0;1.51;6.62
1380556889530408;12.9;35.4;Wed Nov 20 2019 10:51:56 GMT+0100 (CET);Wed Nov 20 2019 09:51:56 GMT+0100 (CET);1574243516000;0.49;110.3;6.21
1380556889530408;12.9;35.4;Wed Nov 20 2019 10:55:29 GMT+0100 (CET);Wed Nov 20 2019 09:55:29 GMT+0100 (CET);1574243729000;0.47;106.17;6.23
1380556889530408;12.9;35.3;Wed Nov 20 2019 10:57:22 GMT+0100 (CET);Wed Nov 20 2019 09:57:22 GMT+0100 (CET);1574243842000;0.48;109.35;6.26
1380556889530408;12.9;35.5;Wed Nov 20 2019 10:59:15 GMT+0100 (CET);Wed Nov 20 2019 09:59:15 GMT+0100 (CET);1574243955000;0.56;123.8;6.23
1380556889530408;12.9;35.6;Wed Nov 20 2019 11:01:08 GMT+0100 (CET);Wed Nov 20 2019 10:01:08 GMT+0100 (CET);1574244068000;0.58;130.01;6.25
1380556889530408;12.9;35.7;Wed Nov 20 2019 11:03:01 GMT+0100 (CET);Wed Nov 20 2019 10:03:01 GMT+0100 (CET);1574244181000;0.55;122.44;6.33
1380556889530408;12.9;35.6;Wed Nov 20 2019 11:04:53 GMT+0100 (CET);Wed Nov 20 2019 10:04:53 GMT+0100 (CET);1574244293000;0.6;134.02;6.39
1380556889530408;12.9;36;Wed Nov 20 2019 11:06:46 GMT+0100 (CET);Wed Nov 20 2019 10:06:46 GMT+0100 (CET);1574244406000;0.71;157.48;6.38
1380556889530408;12.9;36;Wed Nov 20 2019 11:08:39 GMT+0100 (CET);Wed Nov 20 2019 10:08:39 GMT+0100 (CET);1574244519000;0.76;166.42;6.43
1380556889530408;12.9;36;Wed Nov 20 2019 11:10:32 GMT+0100 (CET);Wed Nov 20 2019 10:10:32 GMT+0100 (CET);1574244632000;0.72;154.7;6.42
1380556889530408;12.9;35.5;Wed Nov 20 2019 11:12:25 GMT+0100 (CET);Wed Nov 20 2019 10:12:25 GMT+0100 (CET);1574244745000;0.56;118.76;6.45
1380556889530408;12.9;35.2;Wed Nov 20 2019 11:14:17 GMT+0100 (CET);Wed Nov 20 2019 10:14:17 GMT+0100 (CET);1574244857000;0.48;106.44;6.53
1380556889530408;12.9;34.8;Wed Nov 20 2019 11:16:10 GMT+0100 (CET);Wed Nov 20 2019 10:16:10 GMT+0100 (CET);1574244970000;0.53;114.92;6.52
1380556889530408;12.9;34.9;Wed Nov 20 2019 11:18:04 GMT+0100 (CET);Wed Nov 20 2019 10:18:04 GMT+0100 (CET);1574245084000;0.58;127.01;6.55
1380556889530408;12.9;35.5;Wed Nov 20 2019 11:19:57 GMT+0100 (CET);Wed Nov 20 2019 10:19:57 GMT+0100 (CET);1574245197000;0.61;129.98;6.59
1380556889530408;12.9;35.5;Wed Nov 20 2019 11:21:50 GMT+0100 (CET);Wed Nov 20 2019 10:21:50 GMT+0100 (CET);1574245310000;0.58;123.54;6.53
1380556889530408;12.9;35.4;Wed Nov 20 2019 11:24:01 GMT+0100 (CET);Wed Nov 20 2019 10:24:01 GMT+0100 (CET);1574245441000;0.56;119.51;6.54
1380556889530408;12.9;35.3;Wed Nov 20 2019 11:25:54 GMT+0100 (CET);Wed Nov 20 2019 10:25:54 GMT+0100 (CET);1574245554000;0.56;119.89;6.64
1380556889530408;12.9;35.2;Wed Nov 20 2019 11:27:46 GMT+0100 (CET);Wed Nov 20 2019 10:27:46 GMT+0100 (CET);1574245666000;0.55;118.55;6.74
1380556889530408;12.9;35.2;Wed Nov 20 2019 11:29:39 GMT+0100 (CET);Wed Nov 20 2019 10:29:39 GMT+0100 (CET);1574245779000;0.53;113.51;6.82
1380556889530408;12.9;35.2;Wed Nov 20 2019 11:31:32 GMT+0100 (CET);Wed Nov 20 2019 10:31:32 GMT+0100 (CET);1574245892000;0.54;114.24;6.85
1380556889530408;12.9;35.2;Wed Nov 20 2019 11:33:25 GMT+0100 (CET);Wed Nov 20 2019 10:33:25 GMT+0100 (CET);1574246005000;0.56;117.97;6.94
1380556889530408;12.9;35.4;Wed Nov 20 2019 11:35:18 GMT+0100 (CET);Wed Nov 20 2019 10:35:18 GMT+0100 (CET);1574246118000;0.58;123.09;6.99
1380556889530408;12.9;35.4;Wed Nov 20 2019 11:37:10 GMT+0100 (CET);Wed Nov 20 2019 10:37:10 GMT+0100 (CET);1574246230000;0.55;120.16;7.03
1380556889530408;12.9;35.2;Wed Nov 20 2019 11:39:04 GMT+0100 (CET);Wed Nov 20 2019 10:39:04 GMT+0100 (CET);1574246344000;0.59;126.13;6.96
1380556889530408;12.9;35.5;Wed Nov 20 2019 11:40:57 GMT+0100 (CET);Wed Nov 20 2019 10:40:57 GMT+0100 (CET);1574246457000;0.64;137.51;6.99
1380556889530408;12.9;35.6;Wed Nov 20 2019 11:42:51 GMT+0100 (CET);Wed Nov 20 2019 10:42:51 GMT+0100 (CET);1574246571000;0.68;147.21;7.06
1380556889530408;13.4;35.7;Wed Nov 20 2019 11:44:43 GMT+0100 (CET);Wed Nov 20 2019 10:44:43 GMT+0100 (CET);1574246683000;0.73;156.86;7.15
1380556889530408;13.4;35.8;Wed Nov 20 2019 11:46:38 GMT+0100 (CET);Wed Nov 20 2019 10:46:38 GMT+0100 (CET);1574246798000;0.74;159.73;7.22
1380556889530408;13.4;35.8;Wed Nov 20 2019 11:48:30 GMT+0100 (CET);Wed Nov 20 2019 10:48:30 GMT+0100 (CET);1574246910000;0.76;165.61;7.28
1380556889530408;13.4;35.8;Wed Nov 20 2019 11:50:23 GMT+0100 (CET);Wed Nov 20 2019 10:50:23 GMT+0100 (CET);1574247023000;0.76;169.79;7.33
1380556889530408;13.4;35.9;Wed Nov 20 2019 11:52:19 GMT+0100 (CET);Wed Nov 20 2019 10:52:19 GMT+0100 (CET);1574247139000;0.73;164.07;7.37
1380556889530408;13.4;35.9;Wed Nov 20 2019 11:54:12 GMT+0100 (CET);Wed Nov 20 2019 10:54:12 GMT+0100 (CET);1574247252000;0.72;162.88;7.36
1380556889530408;13.4;36.1;Wed Nov 20 2019 11:56:05 GMT+0100 (CET);Wed Nov 20 2019 10:56:05 GMT+0100 (CET);1574247365000;0.76;172.2;7.23
1380556889530408;13.4;36.2;Wed Nov 20 2019 11:57:58 GMT+0100 (CET);Wed Nov 20 2019 10:57:58 GMT+0100 (CET);1574247478000;0.81;180.62;7.22
1380556889530408;13.4;36.1;Wed Nov 20 2019 11:59:51 GMT+0100 (CET);Wed Nov 20 2019 10:59:51 GMT+0100 (CET);1574247591000;0.75;168.05;7.25
1380556889530408;13.4;35.9;Wed Nov 20 2019 12:01:43 GMT+0100 (CET);Wed Nov 20 2019 11:01:43 GMT+0100 (CET);1574247703000;0.67;147.61;7.27
1380556889530408;13.4;35.8;Wed Nov 20 2019 12:03:37 GMT+0100 (CET);Wed Nov 20 2019 11:03:37 GMT+0100 (CET);1574247817000;0.66;146.6;7.28
1380556889530408;13.4;36;Wed Nov 20 2019 12:05:30 GMT+0100 (CET);Wed Nov 20 2019 11:05:30 GMT+0100 (CET);1574247930000;0.74;163.27;7.3
1380556889530408;13.4;36.3;Wed Nov 20 2019 12:07:24 GMT+0100 (CET);Wed Nov 20 2019 11:07:24 GMT+0100 (CET);1574248044000;1.25;292.09;7.36
1380556889530408;13.4;37.5;Wed Nov 20 2019 12:09:17 GMT+0100 (CET);Wed Nov 20 2019 11:09:17 GMT+0100 (CET);1574248157000;2.85;741.53;7.77
1380556889530408;14.4;34.8;Wed Nov 20 2019 12:11:10 GMT+0100 (CET);Wed Nov 20 2019 11:11:10 GMT+0100 (CET);1574248270000;2.87;658.99;8.43
1380556889530408;14.4;37.3;Wed Nov 20 2019 12:13:03 GMT+0100 (CET);Wed Nov 20 2019 11:13:03 GMT+0100 (CET);1574248383000;2.99;710.98;9.41
1380556889530408;14.4;37.1;Wed Nov 20 2019 12:14:55 GMT+0100 (CET);Wed Nov 20 2019 11:14:55 GMT+0100 (CET);1574248495000;1.11;201.21;9.94
1380556889530408;17;35.7;Wed Nov 20 2019 12:16:48 GMT+0100 (CET);Wed Nov 20 2019 11:16:48 GMT+0100 (CET);1574248608000;0.75;181.06;9.71
1380556889530408;17;36.3;Wed Nov 20 2019 12:18:41 GMT+0100 (CET);Wed Nov 20 2019 11:18:41 GMT+0100 (CET);1574248721000;0.91;213.08;9.44
1380556889530408;17;36.5;Wed Nov 20 2019 12:20:33 GMT+0100 (CET);Wed Nov 20 2019 11:20:33 GMT+0100 (CET);1574248833000;0.93;218.01;9.22
1380556889530408;17.5;36.6;Wed Nov 20 2019 12:22:26 GMT+0100 (CET);Wed Nov 20 2019 11:22:26 GMT+0100 (CET);1574248946000;0.86;205.88;8.94
1380556889530408;17.5;36.7;Wed Nov 20 2019 12:24:19 GMT+0100 (CET);Wed Nov 20 2019 11:24:19 GMT+0100 (CET);1574249059000;0.78;199.24;8.7
1380556889530408;17.5;36.9;Wed Nov 20 2019 12:26:12 GMT+0100 (CET);Wed Nov 20 2019 11:26:12 GMT+0100 (CET);1574249172000;0.74;184.77;8.39
1380556889530408;19;37.2;Wed Nov 20 2019 12:28:04 GMT+0100 (CET);Wed Nov 20 2019 11:28:04 GMT+0100 (CET);1574249284000;0.72;182.72;8.15
1380556889530408;19;35.9;Wed Nov 20 2019 12:29:57 GMT+0100 (CET);Wed Nov 20 2019 11:29:57 GMT+0100 (CET);1574249397000;1.94;614.39;8.41
1380556889530408;17.5;38.1;Wed Nov 20 2019 12:31:50 GMT+0100 (CET);Wed Nov 20 2019 11:31:50 GMT+0100 (CET);1574249510000;1.37;330.23;8.86
1380556889530408;17.5;36.4;Wed Nov 20 2019 12:33:52 GMT+0100 (CET);Wed Nov 20 2019 11:33:52 GMT+0100 (CET);1574249632000;0.72;184.46;8.96
1380556889530408;17.5;37.4;Wed Nov 20 2019 12:35:45 GMT+0100 (CET);Wed Nov 20 2019 11:35:45 GMT+0100 (CET);1574249745000;0.94;305.39;8.96
1380556889530408;19;37.1;Wed Nov 20 2019 12:37:41 GMT+0100 (CET);Wed Nov 20 2019 11:37:41 GMT+0100 (CET);1574249861000;0.77;241.38;8.96
1380556889530408;19;38.5;Wed Nov 20 2019 12:39:34 GMT+0100 (CET);Wed Nov 20 2019 11:39:34 GMT+0100 (CET);1574249974000;2.13;637.43;9.12
1380556889530408;19;37.7;Wed Nov 20 2019 12:41:29 GMT+0100 (CET);Wed Nov 20 2019 11:41:29 GMT+0100 (CET);1574250089000;2.45;593.91;9.66
1380556889530408;19;37.5;Wed Nov 20 2019 12:43:22 GMT+0100 (CET);Wed Nov 20 2019 11:43:22 GMT+0100 (CET);1574250202000;2.44;604.15;10.11
1380556889530408;19;37.1;Wed Nov 20 2019 12:45:15 GMT+0100 (CET);Wed Nov 20 2019 11:45:15 GMT+0100 (CET);1574250315000;2.5;609.27;10.78
1380556889530408;19;36.3;Wed Nov 20 2019 12:47:08 GMT+0100 (CET);Wed Nov 20 2019 11:47:08 GMT+0100 (CET);1574250428000;1.11;371.19;11.21
1380556889530408;19;36.9;Wed Nov 20 2019 12:49:01 GMT+0100 (CET);Wed Nov 20 2019 11:49:01 GMT+0100 (CET);1574250541000;2.48;609.27;11.44
1380556889530408;21;36.8;Wed Nov 20 2019 12:50:55 GMT+0100 (CET);Wed Nov 20 2019 11:50:55 GMT+0100 (CET);1574250655000;2.34;578.55;11.74
1380556889530408;21;36.8;Wed Nov 20 2019 12:52:49 GMT+0100 (CET);Wed Nov 20 2019 11:52:49 GMT+0100 (CET);1574250769000;2.5;606.71;11.93
1380556889530408;21;36.6;Wed Nov 20 2019 12:54:47 GMT+0100 (CET);Wed Nov 20 2019 11:54:47 GMT+0100 (CET);1574250887000;2.44;596.47;12.21
1380556889530408;21.5;36.5;Wed Nov 20 2019 12:56:46 GMT+0100 (CET);Wed Nov 20 2019 11:56:46 GMT+0100 (CET);1574251006000;2.4;586.23;12.46
1380556889530408;21.5;36.5;Wed Nov 20 2019 12:58:46 GMT+0100 (CET);Wed Nov 20 2019 11:58:46 GMT+0100 (CET);1574251126000;2.39;583.67;12.53
1380556889530408;23;36.4;Wed Nov 20 2019 13:00:40 GMT+0100 (CET);Wed Nov 20 2019 12:00:40 GMT+0100 (CET);1574251240000;2.34;575.99;12.68
1380556889530408;23;36.4;Wed Nov 20 2019 13:02:32 GMT+0100 (CET);Wed Nov 20 2019 12:02:32 GMT+0100 (CET);1574251352000;2.41;591.35;12.79
1380556889530408;23;36.3;Wed Nov 20 2019 13:04:26 GMT+0100 (CET);Wed Nov 20 2019 12:04:26 GMT+0100 (CET);1574251466000;2.41;588.79;12.9
1380556889530408;23.5;36.2;Wed Nov 20 2019 13:06:19 GMT+0100 (CET);Wed Nov 20 2019 12:06:19 GMT+0100 (CET);1574251579000;1.09;401.91;12.84
1380556889530408;23.5;36.7;Wed Nov 20 2019 13:08:12 GMT+0100 (CET);Wed Nov 20 2019 12:08:12 GMT+0100 (CET);1574251692000;1.62;409.59;12.76
1380556889530408;23.5;37.3;Wed Nov 20 2019 13:10:05 GMT+0100 (CET);Wed Nov 20 2019 12:10:05 GMT+0100 (CET);1574251805000;2.23;560.63;12.55
1380556889530408;23.5;37;Wed Nov 20 2019 13:11:58 GMT+0100 (CET);Wed Nov 20 2019 12:11:58 GMT+0100 (CET);1574251918000;2.26;570.87;12.78
1380556889530408;23.5;37;Wed Nov 20 2019 13:13:51 GMT+0100 (CET);Wed Nov 20 2019 12:13:51 GMT+0100 (CET);1574252031000;2.26;568.31;12.98
1380556889530408;25;37;Wed Nov 20 2019 13:15:44 GMT+0100 (CET);Wed Nov 20 2019 12:15:44 GMT+0100 (CET);1574252144000;2.21;560.63;13.24
1380556889530408;25;37;Wed Nov 20 2019 13:17:39 GMT+0100 (CET);Wed Nov 20 2019 12:17:39 GMT+0100 (CET);1574252259000;2.18;552.95;13.35
1380556889530408;25;36.9;Wed Nov 20 2019 13:19:32 GMT+0100 (CET);Wed Nov 20 2019 12:19:32 GMT+0100 (CET);1574252372000;2.16;545.27;13.52
1380556889530408;25;36.9;Wed Nov 20 2019 13:21:25 GMT+0100 (CET);Wed Nov 20 2019 12:21:25 GMT+0100 (CET);1574252485000;2.17;545.27;13.66
1380556889530408;25;36.8;Wed Nov 20 2019 13:23:19 GMT+0100 (CET);Wed Nov 20 2019 12:23:19 GMT+0100 (CET);1574252599000;2.14;540.15;13.8
1380556889530408;23.5;36.9;Wed Nov 20 2019 13:25:11 GMT+0100 (CET);Wed Nov 20 2019 12:25:11 GMT+0100 (CET);1574252711000;2.11;537.59;13.85
1380556889530408;23.5;36.9;Wed Nov 20 2019 13:27:05 GMT+0100 (CET);Wed Nov 20 2019 12:27:05 GMT+0100 (CET);1574252825000;2.11;535.03;13.74
1380556889530408;25;36.9;Wed Nov 20 2019 13:28:57 GMT+0100 (CET);Wed Nov 20 2019 12:28:57 GMT+0100 (CET);1574252937000;2.04;532.47;13.71
1380556889530408;25;37.1;Wed Nov 20 2019 13:30:50 GMT+0100 (CET);Wed Nov 20 2019 12:30:50 GMT+0100 (CET);1574253050000;2.07;527.35;13.72
1380556889530408;25;37;Wed Nov 20 2019 13:32:44 GMT+0100 (CET);Wed Nov 20 2019 12:32:44 GMT+0100 (CET);1574253164000;2.03;509.43;13.85
1380556889530408;25;37;Wed Nov 20 2019 13:34:37 GMT+0100 (CET);Wed Nov 20 2019 12:34:37 GMT+0100 (CET);1574253277000;2.05;524.79;13.98
1380556889530408;25;37;Wed Nov 20 2019 13:36:29 GMT+0100 (CET);Wed Nov 20 2019 12:36:29 GMT+0100 (CET);1574253389000;2.03;517.11;14.16
1380556889530408;25;36.9;Wed Nov 20 2019 13:38:22 GMT+0100 (CET);Wed Nov 20 2019 12:38:22 GMT+0100 (CET);1574253502000;1.99;509.43;14.24
1380556889530408;25;36.9;Wed Nov 20 2019 13:40:16 GMT+0100 (CET);Wed Nov 20 2019 12:40:16 GMT+0100 (CET);1574253616000;2;511.99;14.27
1380556889530408;25.5;36.9;Wed Nov 20 2019 13:42:09 GMT+0100 (CET);Wed Nov 20 2019 12:42:09 GMT+0100 (CET);1574253729000;1.96;501.75;14.39
1380556889530408;25.5;36.9;Wed Nov 20 2019 13:44:02 GMT+0100 (CET);Wed Nov 20 2019 12:44:02 GMT+0100 (CET);1574253842000;1.96;496.63;14.4
1380556889530408;25.5;36.9;Wed Nov 20 2019 13:45:54 GMT+0100 (CET);Wed Nov 20 2019 12:45:54 GMT+0100 (CET);1574253954000;1.92;491.51;14.48
1380556889530408;25;36.9;Wed Nov 20 2019 13:47:50 GMT+0100 (CET);Wed Nov 20 2019 12:47:50 GMT+0100 (CET);1574254070000;1.91;483.83;14.53
1380556889530408;25;36.9;Wed Nov 20 2019 13:49:43 GMT+0100 (CET);Wed Nov 20 2019 12:49:43 GMT+0100 (CET);1574254183000;1.89;481.27;14.39
1380556889530408;25;36.9;Wed Nov 20 2019 13:51:56 GMT+0100 (CET);Wed Nov 20 2019 12:51:56 GMT+0100 (CET);1574254316000;1.85;471.03;14.17
1380556889530408;25;36.9;Wed Nov 20 2019 13:53:49 GMT+0100 (CET);Wed Nov 20 2019 12:53:49 GMT+0100 (CET);1574254429000;1.81;465.91;14.1
1380556889530408;25;37;Wed Nov 20 2019 13:55:43 GMT+0100 (CET);Wed Nov 20 2019 12:55:43 GMT+0100 (CET);1574254543000;1.8;463.35;13.95
1380556889530408;25;36.9;Wed Nov 20 2019 13:57:36 GMT+0100 (CET);Wed Nov 20 2019 12:57:36 GMT+0100 (CET);1574254656000;1.79;458.23;13.75
1380556889530408;25;36.9;Wed Nov 20 2019 13:59:29 GMT+0100 (CET);Wed Nov 20 2019 12:59:29 GMT+0100 (CET);1574254769000;1.79;460.79;13.84
1380556889530408;25;36.9;Wed Nov 20 2019 14:01:22 GMT+0100 (CET);Wed Nov 20 2019 13:01:22 GMT+0100 (CET);1574254882000;1.78;455.67;13.94
1380556889530408;25;37;Wed Nov 20 2019 14:03:18 GMT+0100 (CET);Wed Nov 20 2019 13:03:18 GMT+0100 (CET);1574254998000;1.76;450.55;14.08
1380556889530408;25;37;Wed Nov 20 2019 14:05:13 GMT+0100 (CET);Wed Nov 20 2019 13:05:13 GMT+0100 (CET);1574255113000;1.74;447.99;13.94
1380556889530408;25;37;Wed Nov 20 2019 14:07:21 GMT+0100 (CET);Wed Nov 20 2019 13:07:21 GMT+0100 (CET);1574255241000;1.74;435.19;13.96
1380556889530408;25;36.5;Wed Nov 20 2019 14:09:14 GMT+0100 (CET);Wed Nov 20 2019 13:09:14 GMT+0100 (CET);1574255354000;1.66;427.51;14.05
1380556889530408;23.5;36.1;Wed Nov 20 2019 14:11:07 GMT+0100 (CET);Wed Nov 20 2019 13:11:07 GMT+0100 (CET);1574255467000;1.72;414.71;14.1
1380556889530408;23.5;35.8;Wed Nov 20 2019 14:12:59 GMT+0100 (CET);Wed Nov 20 2019 13:12:59 GMT+0100 (CET);1574255579000;1.59;363.51;14.05
1380556889530408;23.5;35.8;Wed Nov 20 2019 14:14:58 GMT+0100 (CET);Wed Nov 20 2019 13:14:58 GMT+0100 (CET);1574255698000;1.65;404.47;13.92
1380556889530408;25;35.9;Wed Nov 20 2019 14:16:50 GMT+0100 (CET);Wed Nov 20 2019 13:16:50 GMT+0100 (CET);1574255810000;1.6;394.23;13.89
1380556889530408;25;36;Wed Nov 20 2019 14:18:44 GMT+0100 (CET);Wed Nov 20 2019 13:18:44 GMT+0100 (CET);1574255924000;1.57;391.67;13.87
1380556889530408;25;35.9;Wed Nov 20 2019 14:20:37 GMT+0100 (CET);Wed Nov 20 2019 13:20:37 GMT+0100 (CET);1574256037000;1.6;391.67;13.91
1380556889530408;23;36;Wed Nov 20 2019 14:22:30 GMT+0100 (CET);Wed Nov 20 2019 13:22:30 GMT+0100 (CET);1574256150000;1.58;386.55;13.88
1380556889530408;23;36;Wed Nov 20 2019 14:24:31 GMT+0100 (CET);Wed Nov 20 2019 13:24:31 GMT+0100 (CET);1574256271000;1.56;383.99;13.86
1380556889530408;23;36;Wed Nov 20 2019 14:26:24 GMT+0100 (CET);Wed Nov 20 2019 13:26:24 GMT+0100 (CET);1574256384000;1.53;376.31;13.79
1380556889530408;23;36.3;Wed Nov 20 2019 14:28:16 GMT+0100 (CET);Wed Nov 20 2019 13:28:16 GMT+0100 (CET);1574256496000;1.45;366.07;13.57
1380556889530408;23;36.8;Wed Nov 20 2019 14:30:09 GMT+0100 (CET);Wed Nov 20 2019 13:30:09 GMT+0100 (CET);1574256609000;1.45;363.51;13.36
1380556889530408;21.5;37;Wed Nov 20 2019 14:32:01 GMT+0100 (CET);Wed Nov 20 2019 13:32:01 GMT+0100 (CET);1574256721000;0.75;154.12;13.32
1380556889530408;21.5;36.7;Wed Nov 20 2019 14:33:56 GMT+0100 (CET);Wed Nov 20 2019 13:33:56 GMT+0100 (CET);1574256836000;1.38;363.51;13.11
1380556889530408;21.5;37.2;Wed Nov 20 2019 14:35:49 GMT+0100 (CET);Wed Nov 20 2019 13:35:49 GMT+0100 (CET);1574256949000;0.86;219.16;13.17
1380556889530408;21.5;35.6;Wed Nov 20 2019 14:37:51 GMT+0100 (CET);Wed Nov 20 2019 13:37:51 GMT+0100 (CET);1574257071000;0.53;122.4;12.68
1380556889530408;21.5;36.2;Wed Nov 20 2019 14:39:48 GMT+0100 (CET);Wed Nov 20 2019 13:39:48 GMT+0100 (CET);1574257188000;0.62;148.14;12.25
1380556889530408;21;36.3;Wed Nov 20 2019 14:41:50 GMT+0100 (CET);Wed Nov 20 2019 13:41:50 GMT+0100 (CET);1574257310000;0.62;145.41;11.7
1380556889530408;21;37.5;Wed Nov 20 2019 14:45:13 GMT+0100 (CET);Wed Nov 20 2019 13:45:13 GMT+0100 (CET);1574257513000;0.67;175.41;11.22
1380556889530408;21;37.4;Wed Nov 20 2019 14:47:07 GMT+0100 (CET);Wed Nov 20 2019 13:47:07 GMT+0100 (CET);1574257627000;0.69;189.86;10.86
1380556889530408;21;37.7;Wed Nov 20 2019 14:49:01 GMT+0100 (CET);Wed Nov 20 2019 13:49:01 GMT+0100 (CET);1574257741000;0.75;213.56;10.78
1380556889530408;19;36.9;Wed Nov 20 2019 14:50:54 GMT+0100 (CET);Wed Nov 20 2019 13:50:54 GMT+0100 (CET);1574257854000;0.56;154.79;10.62
1380556889530408;19;38.1;Wed Nov 20 2019 14:52:54 GMT+0100 (CET);Wed Nov 20 2019 13:52:54 GMT+0100 (CET);1574257974000;0.95;263.22;10.69
1380556889530408;19;37.8;Wed Nov 20 2019 14:54:47 GMT+0100 (CET);Wed Nov 20 2019 13:54:47 GMT+0100 (CET);1574258087000;1.01;283.49;10.84
1380556889530408;19;37.9;Wed Nov 20 2019 14:56:41 GMT+0100 (CET);Wed Nov 20 2019 13:56:41 GMT+0100 (CET);1574258201000;1.06;292.38;11.07
1380556889530408;19;36.8;Wed Nov 20 2019 14:58:34 GMT+0100 (CET);Wed Nov 20 2019 13:58:34 GMT+0100 (CET);1574258314000;0.81;194.23;11.35
1380556889530408;19;37.3;Wed Nov 20 2019 15:00:27 GMT+0100 (CET);Wed Nov 20 2019 14:00:27 GMT+0100 (CET);1574258427000;0.98;284.68;11.24
1380556889530408;19;38.6;Wed Nov 20 2019 15:02:19 GMT+0100 (CET);Wed Nov 20 2019 14:02:19 GMT+0100 (CET);1574258539000;0.89;258.35;11.34
1380556889530408;19;37.7;Wed Nov 20 2019 15:04:21 GMT+0100 (CET);Wed Nov 20 2019 14:04:21 GMT+0100 (CET);1574258661000;0.61;164.77;11.37
1380556889530408;19;37;Wed Nov 20 2019 15:06:14 GMT+0100 (CET);Wed Nov 20 2019 14:06:14 GMT+0100 (CET);1574258774000;0.5;143.75;11.17
1380556889530408;19;37.6;Wed Nov 20 2019 15:08:07 GMT+0100 (CET);Wed Nov 20 2019 14:08:07 GMT+0100 (CET);1574258887000;0.48;179.06;10.92
1380556889530408;17.5;38.4;Wed Nov 20 2019 15:10:05 GMT+0100 (CET);Wed Nov 20 2019 14:10:05 GMT+0100 (CET);1574259005000;0.45;146.58;10.77
1380556889530408;17.5;35.6;Wed Nov 20 2019 15:11:58 GMT+0100 (CET);Wed Nov 20 2019 14:11:58 GMT+0100 (CET);1574259118000;0.33;77.36;10.5
1380556889530408;17.5;38.8;Wed Nov 20 2019 15:13:55 GMT+0100 (CET);Wed Nov 20 2019 14:13:55 GMT+0100 (CET);1574259235000;0.58;226.36;10.35
1380556889530408;17.5;39.8;Wed Nov 20 2019 15:15:47 GMT+0100 (CET);Wed Nov 20 2019 14:15:47 GMT+0100 (CET);1574259347000;0.53;214.96;10.46
1380556889530408;17.5;39.7;Wed Nov 20 2019 15:17:41 GMT+0100 (CET);Wed Nov 20 2019 14:17:41 GMT+0100 (CET);1574259461000;0.51;172.4;10.61
1380556889530408;17.5;37.7;Wed Nov 20 2019 15:19:36 GMT+0100 (CET);Wed Nov 20 2019 14:19:36 GMT+0100 (CET);1574259576000;0.36;101.07;10.55
1380556889530408;17.5;39;Wed Nov 20 2019 15:21:28 GMT+0100 (CET);Wed Nov 20 2019 14:21:28 GMT+0100 (CET);1574259688000;0.41;174.15;10.29
1380556889530408;17.5;36.3;Wed Nov 20 2019 15:23:21 GMT+0100 (CET);Wed Nov 20 2019 14:23:21 GMT+0100 (CET);1574259801000;0.3;68.19;10
1380556889530408;17.5;38.6;Wed Nov 20 2019 15:25:15 GMT+0100 (CET);Wed Nov 20 2019 14:25:15 GMT+0100 (CET);1574259915000;0.31;128.64;9.67
1380556889530408;17.5;39.3;Wed Nov 20 2019 15:27:08 GMT+0100 (CET);Wed Nov 20 2019 14:27:08 GMT+0100 (CET);1574260028000;0.31;119.6;9.53
1380556889530408;17.5;38.8;Wed Nov 20 2019 15:29:01 GMT+0100 (CET);Wed Nov 20 2019 14:29:01 GMT+0100 (CET);1574260141000;0.29;148.78;9.41
1380556889530408;17.5;39.1;Wed Nov 20 2019 15:30:53 GMT+0100 (CET);Wed Nov 20 2019 14:30:53 GMT+0100 (CET);1574260253000;0.27;112.53;9.36
1380556889530408;17;36.5;Wed Nov 20 2019 15:32:47 GMT+0100 (CET);Wed Nov 20 2019 14:32:47 GMT+0100 (CET);1574260367000;0.23;59.88;9.15
1380556889530408;17;36;Wed Nov 20 2019 15:34:43 GMT+0100 (CET);Wed Nov 20 2019 14:34:43 GMT+0100 (CET);1574260483000;0.2;45.5;8.83
1380556889530408;14.4;35.5;Wed Nov 20 2019 15:36:35 GMT+0100 (CET);Wed Nov 20 2019 14:36:35 GMT+0100 (CET);1574260595000;0.19;57.15;8.53
1380556889530408;14.4;33.8;Wed Nov 20 2019 15:38:29 GMT+0100 (CET);Wed Nov 20 2019 14:38:29 GMT+0100 (CET);1574260709000;0.19;48.44;8.28
1380556889530408;14.4;33.7;Wed Nov 20 2019 15:40:31 GMT+0100 (CET);Wed Nov 20 2019 14:40:31 GMT+0100 (CET);1574260831000;0.19;40.02;8.02
1380556889530408;12.9;33.5;Wed Nov 20 2019 15:42:25 GMT+0100 (CET);Wed Nov 20 2019 14:42:25 GMT+0100 (CET);1574260945000;0.18;38.15;7.76
1380556889530408;12.9;33.6;Wed Nov 20 2019 15:44:18 GMT+0100 (CET);Wed Nov 20 2019 14:44:18 GMT+0100 (CET);1574261058000;0.16;38.12;7.48
1380556889530408;12.9;33.8;Wed Nov 20 2019 15:46:11 GMT+0100 (CET);Wed Nov 20 2019 14:46:11 GMT+0100 (CET);1574261171000;0.16;38.19;7.26
1380556889530408;12.9;34;Wed Nov 20 2019 15:48:14 GMT+0100 (CET);Wed Nov 20 2019 14:48:14 GMT+0100 (CET);1574261294000;0.16;40.22;6.98
1380556889530408;12.9;33.8;Wed Nov 20 2019 15:50:07 GMT+0100 (CET);Wed Nov 20 2019 14:50:07 GMT+0100 (CET);1574261407000;0.16;40.38;6.78
1380556889530408;11.4;33.9;Wed Nov 20 2019 15:52:00 GMT+0100 (CET);Wed Nov 20 2019 14:52:00 GMT+0100 (CET);1574261520000;0.14;36.75;6.6
1380556889530408;11.4;33.8;Wed Nov 20 2019 15:53:53 GMT+0100 (CET);Wed Nov 20 2019 14:53:53 GMT+0100 (CET);1574261633000;0.13;33.62;6.48
1380556889530408;10.9;33.6;Wed Nov 20 2019 15:55:46 GMT+0100 (CET);Wed Nov 20 2019 14:55:46 GMT+0100 (CET);1574261746000;0.12;28.27;6.3
1380556889530408;10.9;33.3;Wed Nov 20 2019 15:57:46 GMT+0100 (CET);Wed Nov 20 2019 14:57:46 GMT+0100 (CET);1574261866000;0.12;27.19;6.11
1380556889530408;10.9;33.1;Wed Nov 20 2019 15:59:38 GMT+0100 (CET);Wed Nov 20 2019 14:59:38 GMT+0100 (CET);1574261978000;0.11;23.43;5.92
1380556889530408;9.4;32.9;Wed Nov 20 2019 16:01:31 GMT+0100 (CET);Wed Nov 20 2019 15:01:31 GMT+0100 (CET);1574262091000;0.1;21.67;5.78
1380556889530408;9.4;32.7;Wed Nov 20 2019 16:03:23 GMT+0100 (CET);Wed Nov 20 2019 15:03:23 GMT+0100 (CET);1574262203000;0.09;19.72;5.62
1380556889530408;8.9;32.6;Wed Nov 20 2019 16:05:16 GMT+0100 (CET);Wed Nov 20 2019 15:05:16 GMT+0100 (CET);1574262316000;0.09;18.84;5.51
1380556889530408;8.9;32;Wed Nov 20 2019 16:07:09 GMT+0100 (CET);Wed Nov 20 2019 15:07:09 GMT+0100 (CET);1574262429000;0.09;17.82;5.37
1380556889530408;8.9;31.5;Wed Nov 20 2019 16:09:02 GMT+0100 (CET);Wed Nov 20 2019 15:09:02 GMT+0100 (CET);1574262542000;0.08;16.39;5.26
1380556889530408;7.4;31.3;Wed Nov 20 2019 16:10:54 GMT+0100 (CET);Wed Nov 20 2019 15:10:54 GMT+0100 (CET);1574262654000;0.07;14.3;5.21
1380556889530408;7.4;31.1;Wed Nov 20 2019 16:12:50 GMT+0100 (CET);Wed Nov 20 2019 15:12:50 GMT+0100 (CET);1574262770000;0;11.21;5.17
1380556889530408;6.9;30.7;Wed Nov 20 2019 16:14:49 GMT+0100 (CET);Wed Nov 20 2019 15:14:49 GMT+0100 (CET);1574262889000;0;9.04;5.12
1380556889530408;6.9;29.4;Wed Nov 20 2019 16:16:50 GMT+0100 (CET);Wed Nov 20 2019 15:16:50 GMT+0100 (CET);1574263010000;0;7.66;5.06
1380556889530408;6.9;28.2;Wed Nov 20 2019 16:18:44 GMT+0100 (CET);Wed Nov 20 2019 15:18:44 GMT+0100 (CET);1574263124000;0;6.62;4.97
1380556889530408;5.4;28.2;Wed Nov 20 2019 16:20:36 GMT+0100 (CET);Wed Nov 20 2019 15:20:36 GMT+0100 (CET);1574263236000;0;6.1;4.94
1380556889530408;5.4;29.7;Wed Nov 20 2019 16:22:29 GMT+0100 (CET);Wed Nov 20 2019 15:22:29 GMT+0100 (CET);1574263349000;0;5.21;4.9
1380556889530408;6.4;33.6;Wed Nov 20 2019 16:24:22 GMT+0100 (CET);Wed Nov 20 2019 15:24:22 GMT+0100 (CET);1574263462000;0;4.01;4.87
1380556889530408;6.4;32.6;Wed Nov 20 2019 16:26:16 GMT+0100 (CET);Wed Nov 20 2019 15:26:16 GMT+0100 (CET);1574263576000;0;3.75;4.89
1380556889530408;6.4;30.8;Wed Nov 20 2019 16:28:09 GMT+0100 (CET);Wed Nov 20 2019 15:28:09 GMT+0100 (CET);1574263689000;0;3.35;4.92
1380556889530408;5.4;29.8;Wed Nov 20 2019 16:30:03 GMT+0100 (CET);Wed Nov 20 2019 15:30:03 GMT+0100 (CET);1574263803000;0;2.84;4.96
1380556889530408;5.4;25.2;Wed Nov 20 2019 16:31:55 GMT+0100 (CET);Wed Nov 20 2019 15:31:55 GMT+0100 (CET);1574263915000;0;2.33;5
1380556889530408;3.4;25.2;Wed Nov 20 2019 16:33:54 GMT+0100 (CET);Wed Nov 20 2019 15:33:54 GMT+0100 (CET);1574264034000;0;1.8;5.02
1380556889530408;3.4;25.2;Wed Nov 20 2019 16:35:47 GMT+0100 (CET);Wed Nov 20 2019 15:35:47 GMT+0100 (CET);1574264147000;0;1.33;5.03
1380556889530408;3.4;25.2;Wed Nov 20 2019 16:37:41 GMT+0100 (CET);Wed Nov 20 2019 15:37:41 GMT+0100 (CET);1574264261000;0;0.92;5.05
1380556889530408;5.4;32;Thu Nov 21 2019 08:07:35 GMT+0100 (CET);Thu Nov 21 2019 07:07:35 GMT+0100 (CET);1574320055000;0;4.38;4.24
1380556889530408;5.4;31.3;Thu Nov 21 2019 08:09:28 GMT+0100 (CET);Thu Nov 21 2019 07:09:28 GMT+0100 (CET);1574320168000;0;3.65;4.22
1380556889530408;5.4;27.4;Thu Nov 21 2019 08:11:21 GMT+0100 (CET);Thu Nov 21 2019 07:11:21 GMT+0100 (CET);1574320281000;0;3.22;4.23
1380556889530408;4.9;27.9;Thu Nov 21 2019 08:13:13 GMT+0100 (CET);Thu Nov 21 2019 07:13:13 GMT+0100 (CET);1574320393000;0;3.13;4.25
1380556889530408;4.9;27.7;Thu Nov 21 2019 08:15:06 GMT+0100 (CET);Thu Nov 21 2019 07:15:06 GMT+0100 (CET);1574320506000;0;3.35;4.26
1380556889530408;4.9;27.2;Thu Nov 21 2019 08:17:00 GMT+0100 (CET);Thu Nov 21 2019 07:17:00 GMT+0100 (CET);1574320620000;0;4.02;4.27
1380556889530408;4.9;31.3;Thu Nov 21 2019 08:18:53 GMT+0100 (CET);Thu Nov 21 2019 07:18:53 GMT+0100 (CET);1574320733000;0;4.55;4.28
1380556889530408;4.9;32.6;Thu Nov 21 2019 08:20:47 GMT+0100 (CET);Thu Nov 21 2019 07:20:47 GMT+0100 (CET);1574320847000;0;5.17;4.29
1380556889530408;6.4;33.3;Thu Nov 21 2019 08:22:40 GMT+0100 (CET);Thu Nov 21 2019 07:22:40 GMT+0100 (CET);1574320960000;0;5.69;4.31
1380556889530408;6.4;29.5;Thu Nov 21 2019 08:24:33 GMT+0100 (CET);Thu Nov 21 2019 07:24:33 GMT+0100 (CET);1574321073000;0;6.26;4.32
1380556889530408;6.4;34.4;Thu Nov 21 2019 08:26:25 GMT+0100 (CET);Thu Nov 21 2019 07:26:25 GMT+0100 (CET);1574321185000;0;7.34;4.34
1380556889530408;7.4;28.4;Thu Nov 21 2019 08:28:18 GMT+0100 (CET);Thu Nov 21 2019 07:28:18 GMT+0100 (CET);1574321298000;0;8.07;4.36
1380556889530408;7.4;26;Thu Nov 21 2019 08:30:11 GMT+0100 (CET);Thu Nov 21 2019 07:30:11 GMT+0100 (CET);1574321411000;0;8.44;4.37
1380556889530408;4.9;26.4;Thu Nov 21 2019 08:32:06 GMT+0100 (CET);Thu Nov 21 2019 07:32:06 GMT+0100 (CET);1574321526000;0;8.88;4.37
1380556889530408;4.9;25.9;Thu Nov 21 2019 08:33:58 GMT+0100 (CET);Thu Nov 21 2019 07:33:58 GMT+0100 (CET);1574321638000;0;9.45;4.37
1380556889530408;4.9;25.7;Thu Nov 21 2019 08:35:52 GMT+0100 (CET);Thu Nov 21 2019 07:35:52 GMT+0100 (CET);1574321752000;0;10.21;4.41
1380556889530408;4.9;26.1;Thu Nov 21 2019 08:37:44 GMT+0100 (CET);Thu Nov 21 2019 07:37:44 GMT+0100 (CET);1574321864000;0;11.52;4.44
1380556889530408;4.9;27.7;Thu Nov 21 2019 08:39:38 GMT+0100 (CET);Thu Nov 21 2019 07:39:38 GMT+0100 (CET);1574321978000;0;12.51;4.46
1380556889530408;4.9;28.6;Thu Nov 21 2019 08:41:31 GMT+0100 (CET);Thu Nov 21 2019 07:41:31 GMT+0100 (CET);1574322091000;0.07;13.45;4.47
1380556889530408;4.9;28.8;Thu Nov 21 2019 08:43:27 GMT+0100 (CET);Thu Nov 21 2019 07:43:27 GMT+0100 (CET);1574322207000;0.07;13.23;4.5
1380556889530408;4.9;28;Thu Nov 21 2019 08:45:20 GMT+0100 (CET);Thu Nov 21 2019 07:45:20 GMT+0100 (CET);1574322320000;0.07;13.96;4.52
1380556889530408;4.9;29.2;Thu Nov 21 2019 08:47:15 GMT+0100 (CET);Thu Nov 21 2019 07:47:15 GMT+0100 (CET);1574322435000;0.07;15.24;4.55
1380556889530408;4.9;28.2;Thu Nov 21 2019 08:49:07 GMT+0100 (CET);Thu Nov 21 2019 07:49:07 GMT+0100 (CET);1574322547000;0.08;17.52;4.6
1380556889530408;4.9;30.4;Thu Nov 21 2019 08:51:00 GMT+0100 (CET);Thu Nov 21 2019 07:51:00 GMT+0100 (CET);1574322660000;0.09;18.55;4.64
1380556889530408;4.9;30.9;Thu Nov 21 2019 08:52:53 GMT+0100 (CET);Thu Nov 21 2019 07:52:53 GMT+0100 (CET);1574322773000;0.09;18.62;4.65
1380556889530408;4.9;31.1;Thu Nov 21 2019 08:54:56 GMT+0100 (CET);Thu Nov 21 2019 07:54:56 GMT+0100 (CET);1574322896000;0.09;19.19;4.66
1380556889530408;6.9;31.1;Thu Nov 21 2019 08:56:48 GMT+0100 (CET);Thu Nov 21 2019 07:56:48 GMT+0100 (CET);1574323008000;0.1;20.1;4.7
1380556889530408;6.9;31.3;Thu Nov 21 2019 08:58:42 GMT+0100 (CET);Thu Nov 21 2019 07:58:42 GMT+0100 (CET);1574323122000;0.09;20.83;4.74
1380556889530408;6.9;31.3;Thu Nov 21 2019 09:00:35 GMT+0100 (CET);Thu Nov 21 2019 08:00:35 GMT+0100 (CET);1574323235000;0.09;18.75;4.77
1380556889530408;6.9;31.2;Thu Nov 21 2019 09:02:28 GMT+0100 (CET);Thu Nov 21 2019 08:02:28 GMT+0100 (CET);1574323348000;0.08;16.85;4.79
1380556889530408;6.9;30.6;Thu Nov 21 2019 09:04:20 GMT+0100 (CET);Thu Nov 21 2019 08:04:20 GMT+0100 (CET);1574323460000;0.07;15.44;4.79
1380556889530408;6.9;29.6;Thu Nov 21 2019 09:06:14 GMT+0100 (CET);Thu Nov 21 2019 08:06:14 GMT+0100 (CET);1574323574000;0.08;15.31;4.78
1380556889530408;6.9;30;Thu Nov 21 2019 09:08:08 GMT+0100 (CET);Thu Nov 21 2019 08:08:08 GMT+0100 (CET);1574323688000;0.08;16.54;4.79
1380556889530408;6.9;29.6;Thu Nov 21 2019 09:10:10 GMT+0100 (CET);Thu Nov 21 2019 08:10:10 GMT+0100 (CET);1574323810000;0.09;19.94;4.78
1380556889530408;6.9;29.3;Thu Nov 21 2019 09:12:07 GMT+0100 (CET);Thu Nov 21 2019 08:12:07 GMT+0100 (CET);1574323927000;0.11;23.07;4.81
1380556889530408;6.9;28.9;Thu Nov 21 2019 09:14:02 GMT+0100 (CET);Thu Nov 21 2019 08:14:02 GMT+0100 (CET);1574324042000;0.14;27.55;4.84
1380556889530408;5.9;29;Thu Nov 21 2019 09:15:55 GMT+0100 (CET);Thu Nov 21 2019 08:15:55 GMT+0100 (CET);1574324155000;0.16;32.31;4.86
1380556889530408;5.9;30.4;Thu Nov 21 2019 09:17:48 GMT+0100 (CET);Thu Nov 21 2019 08:17:48 GMT+0100 (CET);1574324268000;0.18;36.71;4.89
1380556889530408;7.4;30.5;Thu Nov 21 2019 09:19:45 GMT+0100 (CET);Thu Nov 21 2019 08:19:45 GMT+0100 (CET);1574324385000;0.22;42.97;4.94
1380556889530408;7.4;31.9;Thu Nov 21 2019 09:21:39 GMT+0100 (CET);Thu Nov 21 2019 08:21:39 GMT+0100 (CET);1574324499000;0.24;47.66;5.02
1380556889530408;7.4;33.5;Thu Nov 21 2019 09:23:33 GMT+0100 (CET);Thu Nov 21 2019 08:23:33 GMT+0100 (CET);1574324613000;0.22;44.24;5.07
1380556889530408;7.4;33.5;Thu Nov 21 2019 09:25:47 GMT+0100 (CET);Thu Nov 21 2019 08:25:47 GMT+0100 (CET);1574324747000;0.18;36.92;5.14
1380556889530408;7.4;32.9;Thu Nov 21 2019 09:27:39 GMT+0100 (CET);Thu Nov 21 2019 08:27:39 GMT+0100 (CET);1574324859000;0.18;36.93;5.17
1380556889530408;8.9;32.4;Thu Nov 21 2019 09:29:35 GMT+0100 (CET);Thu Nov 21 2019 08:29:35 GMT+0100 (CET);1574324975000;0.21;43.44;5.2
1380556889530408;8.9;33.2;Thu Nov 21 2019 09:31:28 GMT+0100 (CET);Thu Nov 21 2019 08:31:28 GMT+0100 (CET);1574325088000;0.22;46.04;5.22
1380556889530408;8.9;33.3;Thu Nov 21 2019 09:33:36 GMT+0100 (CET);Thu Nov 21 2019 08:33:36 GMT+0100 (CET);1574325216000;0.2;41.02;5.27
1380556889530408;8.9;33.3;Thu Nov 21 2019 09:35:30 GMT+0100 (CET);Thu Nov 21 2019 08:35:30 GMT+0100 (CET);1574325330000;0.16;33.78;5.3
1380556889530408;8.9;32.8;Thu Nov 21 2019 09:37:24 GMT+0100 (CET);Thu Nov 21 2019 08:37:24 GMT+0100 (CET);1574325444000;0.17;34.17;5.29
1380556889530408;8.9;32.8;Thu Nov 21 2019 09:39:16 GMT+0100 (CET);Thu Nov 21 2019 08:39:16 GMT+0100 (CET);1574325556000;0.18;37.97;5.27
1380556889530408;8.9;32.7;Thu Nov 21 2019 09:41:28 GMT+0100 (CET);Thu Nov 21 2019 08:41:28 GMT+0100 (CET);1574325688000;0.22;44.99;5.26
1380556889530408;8.9;33.3;Thu Nov 21 2019 09:43:21 GMT+0100 (CET);Thu Nov 21 2019 08:43:21 GMT+0100 (CET);1574325801000;0.23;46.96;5.26
1380556889530408;8.9;33.4;Thu Nov 21 2019 09:45:16 GMT+0100 (CET);Thu Nov 21 2019 08:45:16 GMT+0100 (CET);1574325916000;0.2;42.11;5.31
1380556889530408;8.9;33.1;Thu Nov 21 2019 09:47:18 GMT+0100 (CET);Thu Nov 21 2019 08:47:18 GMT+0100 (CET);1574326038000;0.19;40.43;5.36
1380556889530408;8.9;33;Thu Nov 21 2019 09:49:19 GMT+0100 (CET);Thu Nov 21 2019 08:49:19 GMT+0100 (CET);1574326159000;0.2;40.68;5.4
1380556889530408;8.9;32.9;Thu Nov 21 2019 09:51:12 GMT+0100 (CET);Thu Nov 21 2019 08:51:12 GMT+0100 (CET);1574326272000;0.19;38.81;5.4
1380556889530408;8.9;32.9;Thu Nov 21 2019 09:53:05 GMT+0100 (CET);Thu Nov 21 2019 08:53:05 GMT+0100 (CET);1574326385000;0.18;37.32;5.39
1380556889530408;8.9;32.9;Thu Nov 21 2019 09:54:59 GMT+0100 (CET);Thu Nov 21 2019 08:54:59 GMT+0100 (CET);1574326499000;0.17;36.95;5.39
1380556889530408;8.9;32.9;Thu Nov 21 2019 09:56:53 GMT+0100 (CET);Thu Nov 21 2019 08:56:53 GMT+0100 (CET);1574326613000;0.19;39.12;5.39
1380556889530408;8.9;32.7;Thu Nov 21 2019 09:58:46 GMT+0100 (CET);Thu Nov 21 2019 08:58:46 GMT+0100 (CET);1574326726000;0.2;41.84;5.39
1380556889530408;8.9;33.2;Thu Nov 21 2019 10:00:40 GMT+0100 (CET);Thu Nov 21 2019 09:00:40 GMT+0100 (CET);1574326840000;0.22;44.49;5.41
1380556889530408;8.9;33;Thu Nov 21 2019 10:02:33 GMT+0100 (CET);Thu Nov 21 2019 09:02:33 GMT+0100 (CET);1574326953000;0.23;46.82;5.4
1380556889530408;8.9;33.3;Thu Nov 21 2019 10:04:27 GMT+0100 (CET);Thu Nov 21 2019 09:04:27 GMT+0100 (CET);1574327067000;0.24;49.52;5.42
1380556889530408;9.4;33.2;Thu Nov 21 2019 10:06:20 GMT+0100 (CET);Thu Nov 21 2019 09:06:20 GMT+0100 (CET);1574327180000;0.25;51.73;5.46
1380556889530408;9.4;33.4;Thu Nov 21 2019 10:08:12 GMT+0100 (CET);Thu Nov 21 2019 09:08:12 GMT+0100 (CET);1574327292000;0.27;55.09;5.52
1380556889530408;9.4;33.4;Thu Nov 21 2019 10:10:06 GMT+0100 (CET);Thu Nov 21 2019 09:10:06 GMT+0100 (CET);1574327406000;0.3;60.62;5.54
1380556889530408;9.4;33.8;Thu Nov 21 2019 10:12:02 GMT+0100 (CET);Thu Nov 21 2019 09:12:02 GMT+0100 (CET);1574327522000;0.32;64.94;5.55
1380556889530408;9.4;33.9;Thu Nov 21 2019 10:13:54 GMT+0100 (CET);Thu Nov 21 2019 09:13:54 GMT+0100 (CET);1574327634000;0.32;64.44;5.63
1380556889530408;10.9;33.8;Thu Nov 21 2019 10:15:47 GMT+0100 (CET);Thu Nov 21 2019 09:15:47 GMT+0100 (CET);1574327747000;0.3;60.91;5.69
1380556889530408;10.9;33.8;Thu Nov 21 2019 10:17:50 GMT+0100 (CET);Thu Nov 21 2019 09:17:50 GMT+0100 (CET);1574327870000;0.27;53.63;5.78
1380556889530408;10.9;33.8;Thu Nov 21 2019 10:19:43 GMT+0100 (CET);Thu Nov 21 2019 09:19:43 GMT+0100 (CET);1574327983000;0.25;49.45;5.78
1380556889530408;9.4;33.4;Thu Nov 21 2019 10:21:38 GMT+0100 (CET);Thu Nov 21 2019 09:21:38 GMT+0100 (CET);1574328098000;0.24;47.96;5.78
1380556889530408;9.4;33.3;Thu Nov 21 2019 10:23:32 GMT+0100 (CET);Thu Nov 21 2019 09:23:32 GMT+0100 (CET);1574328212000;0.23;46.72;5.82
1380556889530408;10.9;33.3;Thu Nov 21 2019 10:25:25 GMT+0100 (CET);Thu Nov 21 2019 09:25:25 GMT+0100 (CET);1574328325000;0.24;47.87;5.83
1380556889530408;10.9;33.4;Thu Nov 21 2019 10:27:19 GMT+0100 (CET);Thu Nov 21 2019 09:27:19 GMT+0100 (CET);1574328439000;0.26;51.72;5.87
1380556889530408;10.9;33.4;Thu Nov 21 2019 10:29:12 GMT+0100 (CET);Thu Nov 21 2019 09:29:12 GMT+0100 (CET);1574328552000;0.28;56.57;5.93
1380556889530408;9.4;33.8;Thu Nov 21 2019 10:31:05 GMT+0100 (CET);Thu Nov 21 2019 09:31:05 GMT+0100 (CET);1574328665000;0.3;62.1;5.92
1380556889530408;9.4;33.8;Thu Nov 21 2019 10:32:58 GMT+0100 (CET);Thu Nov 21 2019 09:32:58 GMT+0100 (CET);1574328778000;0.34;68.39;5.96
1380556889530408;10.9;33.8;Thu Nov 21 2019 10:34:52 GMT+0100 (CET);Thu Nov 21 2019 09:34:52 GMT+0100 (CET);1574328892000;0.33;67.75;6.02
1380556889530408;10.9;33.8;Thu Nov 21 2019 10:36:45 GMT+0100 (CET);Thu Nov 21 2019 09:36:45 GMT+0100 (CET);1574329005000;0.32;64.7;6.04
1380556889530408;10.9;33.7;Thu Nov 21 2019 10:38:38 GMT+0100 (CET);Thu Nov 21 2019 09:38:38 GMT+0100 (CET);1574329118000;0.31;64.11;6.06
1380556889530408;10.9;33.6;Thu Nov 21 2019 10:41:31 GMT+0100 (CET);Thu Nov 21 2019 09:41:31 GMT+0100 (CET);1574329291000;0.32;64.86;6.14
1380556889530408;10.9;33.5;Thu Nov 21 2019 10:43:24 GMT+0100 (CET);Thu Nov 21 2019 09:43:24 GMT+0100 (CET);1574329404000;0.33;66.54;6.15
1380556889530408;10.9;33.7;Thu Nov 21 2019 10:46:17 GMT+0100 (CET);Thu Nov 21 2019 09:46:17 GMT+0100 (CET);1574329577000;0.35;72.39;6.15
1380556889530408;10.9;33.9;Thu Nov 21 2019 10:48:09 GMT+0100 (CET);Thu Nov 21 2019 09:48:09 GMT+0100 (CET);1574329689000;0.39;79.16;6.21
1380556889530408;10.9;34;Thu Nov 21 2019 10:50:02 GMT+0100 (CET);Thu Nov 21 2019 09:50:02 GMT+0100 (CET);1574329802000;0.42;86.79;6.32
1380556889530408;10.9;34.4;Thu Nov 21 2019 10:51:55 GMT+0100 (CET);Thu Nov 21 2019 09:51:55 GMT+0100 (CET);1574329915000;0.47;95.52;6.41
1380556889530408;11.4;34.5;Thu Nov 21 2019 10:53:51 GMT+0100 (CET);Thu Nov 21 2019 09:53:51 GMT+0100 (CET);1574330031000;0.51;105.97;6.5
1380556889530408;11.4;34.9;Thu Nov 21 2019 10:55:45 GMT+0100 (CET);Thu Nov 21 2019 09:55:45 GMT+0100 (CET);1574330145000;0.56;117.03;6.6
1380556889530408;11.4;35.5;Thu Nov 21 2019 10:57:38 GMT+0100 (CET);Thu Nov 21 2019 09:57:38 GMT+0100 (CET);1574330258000;0.59;123.62;6.72
1380556889530408;11.4;35.6;Thu Nov 21 2019 10:59:34 GMT+0100 (CET);Thu Nov 21 2019 09:59:34 GMT+0100 (CET);1574330374000;0.63;132.34;6.89
1380556889530408;11.4;35.6;Thu Nov 21 2019 11:01:29 GMT+0100 (CET);Thu Nov 21 2019 10:01:29 GMT+0100 (CET);1574330489000;0.63;133.04;6.94
1380556889530408;12.9;35.5;Thu Nov 21 2019 11:03:24 GMT+0100 (CET);Thu Nov 21 2019 10:03:24 GMT+0100 (CET);1574330604000;0.63;130.81;6.94
1380556889530408;12.9;35.4;Thu Nov 21 2019 11:05:23 GMT+0100 (CET);Thu Nov 21 2019 10:05:23 GMT+0100 (CET);1574330723000;0.59;122.79;6.95
1380556889530408;12.9;35;Thu Nov 21 2019 11:07:28 GMT+0100 (CET);Thu Nov 21 2019 10:07:28 GMT+0100 (CET);1574330848000;0.53;109.32;7
1380556889530408;12.9;34.6;Thu Nov 21 2019 11:09:27 GMT+0100 (CET);Thu Nov 21 2019 10:09:27 GMT+0100 (CET);1574330967000;0.46;95.28;7
1380556889530408;12.9;34.5;Thu Nov 21 2019 11:11:21 GMT+0100 (CET);Thu Nov 21 2019 10:11:21 GMT+0100 (CET);1574331081000;0.41;84.04;7.03
1380556889530408;12.9;34.5;Thu Nov 21 2019 11:13:18 GMT+0100 (CET);Thu Nov 21 2019 10:13:18 GMT+0100 (CET);1574331198000;0.37;77.38;7.04
1380556889530408;12.9;33.9;Thu Nov 21 2019 11:15:11 GMT+0100 (CET);Thu Nov 21 2019 10:15:11 GMT+0100 (CET);1574331311000;0.35;72.54;7
1380556889530408;12.9;33.7;Thu Nov 21 2019 11:17:03 GMT+0100 (CET);Thu Nov 21 2019 10:17:03 GMT+0100 (CET);1574331423000;0.35;70.04;6.91
1380556889530408;12.9;33.6;Thu Nov 21 2019 11:19:01 GMT+0100 (CET);Thu Nov 21 2019 10:19:01 GMT+0100 (CET);1574331541000;0.33;66.5;6.91
1380556889530408;12.9;33.6;Thu Nov 21 2019 11:20:56 GMT+0100 (CET);Thu Nov 21 2019 10:20:56 GMT+0100 (CET);1574331656000;0.31;63.06;6.93
1380556889530408;12.9;33.5;Thu Nov 21 2019 11:22:49 GMT+0100 (CET);Thu Nov 21 2019 10:22:49 GMT+0100 (CET);1574331769000;0.31;62.62;6.96
1380556889530408;12.9;33.4;Thu Nov 21 2019 11:24:42 GMT+0100 (CET);Thu Nov 21 2019 10:24:42 GMT+0100 (CET);1574331882000;0.32;64.83;6.96
1380556889530408;12.9;33.5;Thu Nov 21 2019 11:26:34 GMT+0100 (CET);Thu Nov 21 2019 10:26:34 GMT+0100 (CET);1574331994000;0.34;69.98;6.97
1380556889530408;12.9;33.7;Thu Nov 21 2019 11:28:27 GMT+0100 (CET);Thu Nov 21 2019 10:28:27 GMT+0100 (CET);1574332107000;0.36;73.91;6.96
1380556889530408;12.9;33.8;Thu Nov 21 2019 11:30:22 GMT+0100 (CET);Thu Nov 21 2019 10:30:22 GMT+0100 (CET);1574332222000;0.37;76.83;7
1380556889530408;12.9;33.9;Thu Nov 21 2019 11:32:14 GMT+0100 (CET);Thu Nov 21 2019 10:32:14 GMT+0100 (CET);1574332334000;0.37;77.16;7.1
1380556889530408;12.9;33.9;Thu Nov 21 2019 11:34:07 GMT+0100 (CET);Thu Nov 21 2019 10:34:07 GMT+0100 (CET);1574332447000;0.38;78.45;7.16
1380556889530408;12.9;33.9;Thu Nov 21 2019 11:36:01 GMT+0100 (CET);Thu Nov 21 2019 10:36:01 GMT+0100 (CET);1574332561000;0.38;79.39;7.23
1380556889530408;12.9;33.9;Thu Nov 21 2019 11:38:14 GMT+0100 (CET);Thu Nov 21 2019 10:38:14 GMT+0100 (CET);1574332694000;0.4;83.16;7.25
1380556889530408;12.9;34.1;Thu Nov 21 2019 11:40:07 GMT+0100 (CET);Thu Nov 21 2019 10:40:07 GMT+0100 (CET);1574332807000;0.41;84.69;7.21
1380556889530408;12.9;34.1;Thu Nov 21 2019 11:42:02 GMT+0100 (CET);Thu Nov 21 2019 10:42:02 GMT+0100 (CET);1574332922000;0.4;82.99;7.13
1380556889530408;12.9;34.1;Thu Nov 21 2019 11:43:54 GMT+0100 (CET);Thu Nov 21 2019 10:43:54 GMT+0100 (CET);1574333034000;0.38;78.39;7.13
1380556889530408;12.9;34.1;Thu Nov 21 2019 11:45:48 GMT+0100 (CET);Thu Nov 21 2019 10:45:48 GMT+0100 (CET);1574333148000;0.36;74.79;7.18
1380556889530408;12.9;33.7;Thu Nov 21 2019 11:47:41 GMT+0100 (CET);Thu Nov 21 2019 10:47:41 GMT+0100 (CET);1574333261000;0.35;71.42;7.17
1380556889530408;12.9;33.7;Thu Nov 21 2019 11:49:34 GMT+0100 (CET);Thu Nov 21 2019 10:49:34 GMT+0100 (CET);1574333374000;0.33;67.32;7.21
1380556889530408;12.9;33.7;Thu Nov 21 2019 11:51:27 GMT+0100 (CET);Thu Nov 21 2019 10:51:27 GMT+0100 (CET);1574333487000;0.28;58.8;7.24
1380556889530408;12.9;33.7;Thu Nov 21 2019 11:53:20 GMT+0100 (CET);Thu Nov 21 2019 10:53:20 GMT+0100 (CET);1574333600000;0.23;47.87;7.23
1380556889530408;12.9;33.6;Thu Nov 21 2019 11:55:14 GMT+0100 (CET);Thu Nov 21 2019 10:55:14 GMT+0100 (CET);1574333714000;0.19;40.32;7.17
1380556889530408;12.9;33.2;Thu Nov 21 2019 11:57:07 GMT+0100 (CET);Thu Nov 21 2019 10:57:07 GMT+0100 (CET);1574333827000;0.17;36.32;7.1
1380556889530408;12.9;32.8;Thu Nov 21 2019 11:59:00 GMT+0100 (CET);Thu Nov 21 2019 10:59:00 GMT+0100 (CET);1574333940000;0.16;33.01;7.05
1380556889530408;12.9;32.4;Thu Nov 21 2019 12:00:53 GMT+0100 (CET);Thu Nov 21 2019 11:00:53 GMT+0100 (CET);1574334053000;0.15;30.3;6.96
1380556889530408;12.9;31.9;Thu Nov 21 2019 12:02:46 GMT+0100 (CET);Thu Nov 21 2019 11:02:46 GMT+0100 (CET);1574334166000;0.14;28.65;6.89
1380556889530408;11.4;31.6;Thu Nov 21 2019 12:04:39 GMT+0100 (CET);Thu Nov 21 2019 11:04:39 GMT+0100 (CET);1574334279000;0.13;27.47;6.78
1380556889530408;11.4;31.4;Thu Nov 21 2019 12:06:32 GMT+0100 (CET);Thu Nov 21 2019 11:06:32 GMT+0100 (CET);1574334392000;0.13;26.78;6.73
1380556889530408;11.4;31.2;Thu Nov 21 2019 12:08:40 GMT+0100 (CET);Thu Nov 21 2019 11:08:40 GMT+0100 (CET);1574334520000;0.13;26.33;6.71
1380556889530408;10.9;31.6;Thu Nov 21 2019 12:10:34 GMT+0100 (CET);Thu Nov 21 2019 11:10:34 GMT+0100 (CET);1574334634000;0.13;26.77;6.64
1380556889530408;10.9;31.3;Thu Nov 21 2019 12:12:27 GMT+0100 (CET);Thu Nov 21 2019 11:12:27 GMT+0100 (CET);1574334747000;0.13;27.28;6.6
1380556889530408;10.4;31.4;Thu Nov 21 2019 12:14:22 GMT+0100 (CET);Thu Nov 21 2019 11:14:22 GMT+0100 (CET);1574334862000;0.14;27.82;6.56
1380556889530408;10.4;31.6;Thu Nov 21 2019 12:16:15 GMT+0100 (CET);Thu Nov 21 2019 11:16:15 GMT+0100 (CET);1574334975000;0.14;27.35;6.54
1380556889530408;10.9;31.3;Thu Nov 21 2019 12:18:08 GMT+0100 (CET);Thu Nov 21 2019 11:18:08 GMT+0100 (CET);1574335088000;0.13;26.09;6.53
1380556889530408;10.9;31.1;Thu Nov 21 2019 12:20:00 GMT+0100 (CET);Thu Nov 21 2019 11:20:00 GMT+0100 (CET);1574335200000;0.12;23.88;6.51
1380556889530408;10.9;31;Thu Nov 21 2019 12:21:53 GMT+0100 (CET);Thu Nov 21 2019 11:21:53 GMT+0100 (CET);1574335313000;0.11;23.04;6.5
1380556889530408;9.4;30.5;Thu Nov 21 2019 12:23:46 GMT+0100 (CET);Thu Nov 21 2019 11:23:46 GMT+0100 (CET);1574335426000;0.11;22.15;6.43
1380556889530408;9.4;30.9;Thu Nov 21 2019 12:25:39 GMT+0100 (CET);Thu Nov 21 2019 11:25:39 GMT+0100 (CET);1574335539000;0.1;21.71;6.36
1380556889530408;9.4;31.2;Thu Nov 21 2019 12:27:35 GMT+0100 (CET);Thu Nov 21 2019 11:27:35 GMT+0100 (CET);1574335655000;0.11;22.33;6.35
1380556889530408;9.4;30.9;Thu Nov 21 2019 12:29:28 GMT+0100 (CET);Thu Nov 21 2019 11:29:28 GMT+0100 (CET);1574335768000;0.11;23.1;6.28
1380556889530408;9.4;31;Thu Nov 21 2019 12:31:21 GMT+0100 (CET);Thu Nov 21 2019 11:31:21 GMT+0100 (CET);1574335881000;0.12;24.14;6.25
1380556889530408;9.4;31.1;Thu Nov 21 2019 12:33:14 GMT+0100 (CET);Thu Nov 21 2019 11:33:14 GMT+0100 (CET);1574335994000;0.13;25.83;6.18
1380556889530408;9.4;31.5;Thu Nov 21 2019 12:35:07 GMT+0100 (CET);Thu Nov 21 2019 11:35:07 GMT+0100 (CET);1574336107000;0.13;26.57;6.19
1380556889530408;9.4;31.8;Thu Nov 21 2019 12:37:02 GMT+0100 (CET);Thu Nov 21 2019 11:37:02 GMT+0100 (CET);1574336222000;0.13;25.65;6.21
1380556889530408;9.4;31.6;Thu Nov 21 2019 12:38:55 GMT+0100 (CET);Thu Nov 21 2019 11:38:55 GMT+0100 (CET);1574336335000;0.12;23.99;6.24
1380556889530408;9.4;31.3;Thu Nov 21 2019 12:40:48 GMT+0100 (CET);Thu Nov 21 2019 11:40:48 GMT+0100 (CET);1574336448000;0.11;22.81;6.26
1380556889530408;9.4;31.1;Thu Nov 21 2019 12:42:41 GMT+0100 (CET);Thu Nov 21 2019 11:42:41 GMT+0100 (CET);1574336561000;0.11;22.53;6.27
1380556889530408;9.4;30.9;Thu Nov 21 2019 12:44:34 GMT+0100 (CET);Thu Nov 21 2019 11:44:34 GMT+0100 (CET);1574336674000;0.11;22.17;6.27
1380556889530408;8.9;30.9;Thu Nov 21 2019 12:46:27 GMT+0100 (CET);Thu Nov 21 2019 11:46:27 GMT+0100 (CET);1574336787000;0.11;22.35;6.28
1380556889530408;8.9;30.8;Thu Nov 21 2019 12:48:20 GMT+0100 (CET);Thu Nov 21 2019 11:48:20 GMT+0100 (CET);1574336900000;0.11;23.05;6.23
1380556889530408;8.9;30.9;Thu Nov 21 2019 12:50:13 GMT+0100 (CET);Thu Nov 21 2019 11:50:13 GMT+0100 (CET);1574337013000;0.11;23.04;6.17
1380556889530408;8.9;30.9;Thu Nov 21 2019 12:52:05 GMT+0100 (CET);Thu Nov 21 2019 11:52:05 GMT+0100 (CET);1574337125000;0.11;22.48;6.17
1380556889530408;8.9;30.9;Thu Nov 21 2019 12:53:58 GMT+0100 (CET);Thu Nov 21 2019 11:53:58 GMT+0100 (CET);1574337238000;0.11;22.46;6.17
1380556889530408;8.9;31;Thu Nov 21 2019 12:55:54 GMT+0100 (CET);Thu Nov 21 2019 11:55:54 GMT+0100 (CET);1574337354000;0.11;22.86;6.19
1380556889530408;8.9;30.7;Thu Nov 21 2019 12:57:46 GMT+0100 (CET);Thu Nov 21 2019 11:57:46 GMT+0100 (CET);1574337466000;0.1;22.61;6.21
1380556889530408;8.9;31.1;Thu Nov 21 2019 12:59:44 GMT+0100 (CET);Thu Nov 21 2019 11:59:44 GMT+0100 (CET);1574337584000;0.1;22.21;6.22
1380556889530408;8.9;30.7;Thu Nov 21 2019 13:01:39 GMT+0100 (CET);Thu Nov 21 2019 12:01:39 GMT+0100 (CET);1574337699000;0.1;22.34;6.21
1380556889530408;8.9;30.9;Thu Nov 21 2019 13:03:33 GMT+0100 (CET);Thu Nov 21 2019 12:03:33 GMT+0100 (CET);1574337813000;0.1;22.55;6.17
1380556889530408;8.9;31.2;Thu Nov 21 2019 13:05:28 GMT+0100 (CET);Thu Nov 21 2019 12:05:28 GMT+0100 (CET);1574337928000;0.11;23.36;6.18
1380556889530408;8.9;31.1;Thu Nov 21 2019 13:07:29 GMT+0100 (CET);Thu Nov 21 2019 12:07:29 GMT+0100 (CET);1574338049000;0.12;25.46;6.2
1380556889530408;8.9;31.6;Thu Nov 21 2019 13:09:25 GMT+0100 (CET);Thu Nov 21 2019 12:09:25 GMT+0100 (CET);1574338165000;0.13;28.69;6.19
1380556889530408;8.9;31.8;Thu Nov 21 2019 13:11:20 GMT+0100 (CET);Thu Nov 21 2019 12:11:20 GMT+0100 (CET);1574338280000;0.16;34.19;6.22
1380556889530408;8.9;31.6;Thu Nov 21 2019 13:13:19 GMT+0100 (CET);Thu Nov 21 2019 12:13:19 GMT+0100 (CET);1574338399000;0.2;41.79;6.28
1380556889530408;9.4;31.9;Thu Nov 21 2019 13:15:14 GMT+0100 (CET);Thu Nov 21 2019 12:15:14 GMT+0100 (CET);1574338514000;0.23;49.01;6.35
1380556889530408;9.4;33.1;Thu Nov 21 2019 13:17:16 GMT+0100 (CET);Thu Nov 21 2019 12:17:16 GMT+0100 (CET);1574338636000;0.22;44.77;6.41
1380556889530408;9.4;33.1;Thu Nov 21 2019 13:20:03 GMT+0100 (CET);Thu Nov 21 2019 12:20:03 GMT+0100 (CET);1574338803000;0.15;31.63;6.45
1380556889530408;9.4;33;Thu Nov 21 2019 13:21:56 GMT+0100 (CET);Thu Nov 21 2019 12:21:56 GMT+0100 (CET);1574338916000;0.14;29.22;6.45
1380556889530408;10.9;31.9;Thu Nov 21 2019 13:23:49 GMT+0100 (CET);Thu Nov 21 2019 12:23:49 GMT+0100 (CET);1574339029000;0.14;29.44;6.46
1380556889530408;10.9;31.6;Thu Nov 21 2019 13:25:42 GMT+0100 (CET);Thu Nov 21 2019 12:25:42 GMT+0100 (CET);1574339142000;0.15;30.52;6.46
1380556889530408;10.9;32;Thu Nov 21 2019 13:27:34 GMT+0100 (CET);Thu Nov 21 2019 12:27:34 GMT+0100 (CET);1574339254000;0.15;31.92;6.44
1380556889530408;9.4;32.5;Thu Nov 21 2019 13:30:41 GMT+0100 (CET);Thu Nov 21 2019 12:30:41 GMT+0100 (CET);1574339441000;0.15;30.85;6.46
1380556889530408;9.4;32.2;Thu Nov 21 2019 13:32:39 GMT+0100 (CET);Thu Nov 21 2019 12:32:39 GMT+0100 (CET);1574339559000;0.13;27.6;6.46
1380556889530408;9.4;31.6;Thu Nov 21 2019 13:35:00 GMT+0100 (CET);Thu Nov 21 2019 12:35:00 GMT+0100 (CET);1574339700000;0.12;24.81;6.5
1380556889530408;9.4;31.3;Thu Nov 21 2019 13:36:57 GMT+0100 (CET);Thu Nov 21 2019 12:36:57 GMT+0100 (CET);1574339817000;0.11;22.51;6.53
1380556889530408;9.4;31.1;Thu Nov 21 2019 13:38:51 GMT+0100 (CET);Thu Nov 21 2019 12:38:51 GMT+0100 (CET);1574339931000;0.1;22.26;6.54
1380556889530408;9.4;31.1;Thu Nov 21 2019 13:40:49 GMT+0100 (CET);Thu Nov 21 2019 12:40:49 GMT+0100 (CET);1574340049000;0.12;23.4;6.53
1380556889530408;9.4;30.8;Thu Nov 21 2019 13:42:46 GMT+0100 (CET);Thu Nov 21 2019 12:42:46 GMT+0100 (CET);1574340166000;0.12;25.12;6.56
1380556889530408;9.4;31.3;Thu Nov 21 2019 13:44:41 GMT+0100 (CET);Thu Nov 21 2019 12:44:41 GMT+0100 (CET);1574340281000;0.13;26.29;6.54
1380556889530408;9.4;31.4;Thu Nov 21 2019 13:46:37 GMT+0100 (CET);Thu Nov 21 2019 12:46:37 GMT+0100 (CET);1574340397000;0.13;27.48;6.55
1380556889530408;9.4;31.7;Thu Nov 21 2019 13:48:48 GMT+0100 (CET);Thu Nov 21 2019 12:48:48 GMT+0100 (CET);1574340528000;0.13;28.27;6.53
1380556889530408;9.4;31.7;Thu Nov 21 2019 13:51:01 GMT+0100 (CET);Thu Nov 21 2019 12:51:01 GMT+0100 (CET);1574340661000;0.14;29.74;6.53
1380556889530408;9.4;31.8;Thu Nov 21 2019 13:52:57 GMT+0100 (CET);Thu Nov 21 2019 12:52:57 GMT+0100 (CET);1574340777000;0.14;30.52;6.55
1380556889530408;9.4;32.2;Thu Nov 21 2019 13:54:57 GMT+0100 (CET);Thu Nov 21 2019 12:54:57 GMT+0100 (CET);1574340897000;0.15;30.88;6.57
1380556889530408;9.4;32;Thu Nov 21 2019 13:56:49 GMT+0100 (CET);Thu Nov 21 2019 12:56:49 GMT+0100 (CET);1574341009000;0.15;30.7;6.6
1380556889530408;9.4;32.3;Thu Nov 21 2019 13:58:47 GMT+0100 (CET);Thu Nov 21 2019 12:58:47 GMT+0100 (CET);1574341127000;0.15;31.34;6.6
1380556889530408;9.4;32.3;Thu Nov 21 2019 14:00:40 GMT+0100 (CET);Thu Nov 21 2019 13:00:40 GMT+0100 (CET);1574341240000;0.16;32.68;6.6
1380556889530408;9.4;32.2;Thu Nov 21 2019 14:02:37 GMT+0100 (CET);Thu Nov 21 2019 13:02:37 GMT+0100 (CET);1574341357000;0.16;32.9;6.6
1380556889530408;9.4;32.2;Thu Nov 21 2019 14:04:31 GMT+0100 (CET);Thu Nov 21 2019 13:04:31 GMT+0100 (CET);1574341471000;0.16;33.48;6.64
1380556889530408;9.4;32.3;Thu Nov 21 2019 14:06:30 GMT+0100 (CET);Thu Nov 21 2019 13:06:30 GMT+0100 (CET);1574341590000;0.16;34.3;6.64
1380556889530408;9.4;32.4;Thu Nov 21 2019 14:08:31 GMT+0100 (CET);Thu Nov 21 2019 13:08:31 GMT+0100 (CET);1574341711000;0.16;34.67;6.65
1380556889530408;9.4;32.4;Thu Nov 21 2019 14:10:26 GMT+0100 (CET);Thu Nov 21 2019 13:10:26 GMT+0100 (CET);1574341826000;0.16;33.6;6.67
1380556889530408;9.4;32.3;Thu Nov 21 2019 14:12:26 GMT+0100 (CET);Thu Nov 21 2019 13:12:26 GMT+0100 (CET);1574341946000;0.15;32.16;6.7
1380556889530408;9.4;31.9;Thu Nov 21 2019 14:14:25 GMT+0100 (CET);Thu Nov 21 2019 13:14:25 GMT+0100 (CET);1574342065000;0.15;31.56;6.67
1380556889530408;9.4;32.1;Thu Nov 21 2019 14:16:23 GMT+0100 (CET);Thu Nov 21 2019 13:16:23 GMT+0100 (CET);1574342183000;0.15;32.15;6.67
1380556889530408;9.4;32.3;Thu Nov 21 2019 14:18:15 GMT+0100 (CET);Thu Nov 21 2019 13:18:15 GMT+0100 (CET);1574342295000;0.16;33.08;6.67
1380556889530408;9.4;32.2;Thu Nov 21 2019 14:20:12 GMT+0100 (CET);Thu Nov 21 2019 13:20:12 GMT+0100 (CET);1574342412000;0.17;34.18;6.7
1380556889530408;10.9;32.4;Thu Nov 21 2019 14:22:25 GMT+0100 (CET);Thu Nov 21 2019 13:22:25 GMT+0100 (CET);1574342545000;0.17;35.68;6.69
1380556889530408;10.9;32.3;Thu Nov 21 2019 14:24:25 GMT+0100 (CET);Thu Nov 21 2019 13:24:25 GMT+0100 (CET);1574342665000;0.18;38.76;6.74
1380556889530408;10.9;32.6;Thu Nov 21 2019 14:26:24 GMT+0100 (CET);Thu Nov 21 2019 13:26:24 GMT+0100 (CET);1574342784000;0.19;40.43;6.75
1380556889530408;10.9;32.7;Thu Nov 21 2019 14:28:22 GMT+0100 (CET);Thu Nov 21 2019 13:28:22 GMT+0100 (CET);1574342902000;0.21;43.18;6.78
1380556889530408;10.9;32.6;Thu Nov 21 2019 14:30:18 GMT+0100 (CET);Thu Nov 21 2019 13:30:18 GMT+0100 (CET);1574343018000;0.24;48.97;6.82
1380556889530408;10.9;33.1;Thu Nov 21 2019 14:32:20 GMT+0100 (CET);Thu Nov 21 2019 13:32:20 GMT+0100 (CET);1574343140000;0.26;54.96;6.85
1380556889530408;10.9;33.1;Thu Nov 21 2019 14:34:18 GMT+0100 (CET);Thu Nov 21 2019 13:34:18 GMT+0100 (CET);1574343258000;0.29;59.61;6.89
1380556889530408;10.9;33.1;Thu Nov 21 2019 14:36:12 GMT+0100 (CET);Thu Nov 21 2019 13:36:12 GMT+0100 (CET);1574343372000;0.31;64.95;6.95
1380556889530408;10.9;33.4;Thu Nov 21 2019 14:38:19 GMT+0100 (CET);Thu Nov 21 2019 13:38:19 GMT+0100 (CET);1574343499000;0.32;66.03;7.01
1380556889530408;10.9;33.4;Thu Nov 21 2019 14:40:17 GMT+0100 (CET);Thu Nov 21 2019 13:40:17 GMT+0100 (CET);1574343617000;0.27;56.8;7.1
1380556889530408;10.9;33.4;Thu Nov 21 2019 14:42:20 GMT+0100 (CET);Thu Nov 21 2019 13:42:20 GMT+0100 (CET);1574343740000;0.23;49.52;7.15
1380556889530408;10.9;33.4;Thu Nov 21 2019 14:44:19 GMT+0100 (CET);Thu Nov 21 2019 13:44:19 GMT+0100 (CET);1574343859000;0.19;42.27;7.16
1380556889530408;10.9;33.2;Thu Nov 21 2019 14:46:18 GMT+0100 (CET);Thu Nov 21 2019 13:46:18 GMT+0100 (CET);1574343978000;0.16;35.67;7.16
1380556889530408;10.9;32.9;Thu Nov 21 2019 14:48:18 GMT+0100 (CET);Thu Nov 21 2019 13:48:18 GMT+0100 (CET);1574344098000;0.14;30.75;7.13
1380556889530408;10.9;32.9;Thu Nov 21 2019 14:50:11 GMT+0100 (CET);Thu Nov 21 2019 13:50:11 GMT+0100 (CET);1574344211000;0.12;25.77;7.09
1380556889530408;10.9;32.2;Thu Nov 21 2019 14:52:13 GMT+0100 (CET);Thu Nov 21 2019 13:52:13 GMT+0100 (CET);1574344333000;0.1;22.76;7.07
1380556889530408;10.9;31.3;Thu Nov 21 2019 14:54:55 GMT+0100 (CET);Thu Nov 21 2019 13:54:55 GMT+0100 (CET);1574344495000;0.09;19.65;7.02
1380556889530408;10.9;30.6;Thu Nov 21 2019 14:56:54 GMT+0100 (CET);Thu Nov 21 2019 13:56:54 GMT+0100 (CET);1574344614000;0.08;17.86;6.97
1380556889530408;9.4;29.2;Thu Nov 21 2019 15:02:42 GMT+0100 (CET);Thu Nov 21 2019 14:02:42 GMT+0100 (CET);1574344962000;0.07;14.25;6.77
1380556889530408;8.9;29;Thu Nov 21 2019 15:04:36 GMT+0100 (CET);Thu Nov 21 2019 14:04:36 GMT+0100 (CET);1574345076000;0.07;15.31;6.71
1380556889530408;8.9;28.2;Thu Nov 21 2019 15:06:28 GMT+0100 (CET);Thu Nov 21 2019 14:06:28 GMT+0100 (CET);1574345188000;0.08;17.69;6.68
1380556889530408;8.9;29.8;Thu Nov 21 2019 15:08:21 GMT+0100 (CET);Thu Nov 21 2019 14:08:21 GMT+0100 (CET);1574345301000;0.09;20.45;6.67
1380556889530408;8.9;30.6;Thu Nov 21 2019 15:10:14 GMT+0100 (CET);Thu Nov 21 2019 14:10:14 GMT+0100 (CET);1574345414000;0.1;21.56;6.65
1380556889530408;8.9;30.8;Thu Nov 21 2019 15:12:09 GMT+0100 (CET);Thu Nov 21 2019 14:12:09 GMT+0100 (CET);1574345529000;0.1;20.49;6.65
1380556889530408;8.9;30.8;Thu Nov 21 2019 15:14:07 GMT+0100 (CET);Thu Nov 21 2019 14:14:07 GMT+0100 (CET);1574345647000;0.09;18.98;6.64
1380556889530408;8.9;30.3;Thu Nov 21 2019 15:16:03 GMT+0100 (CET);Thu Nov 21 2019 14:16:03 GMT+0100 (CET);1574345763000;0.09;19.01;6.66
1380556889530408;8.9;30.5;Thu Nov 21 2019 15:17:59 GMT+0100 (CET);Thu Nov 21 2019 14:17:59 GMT+0100 (CET);1574345879000;0.09;19.64;6.64
1380556889530408;8.9;30.6;Thu Nov 21 2019 15:19:57 GMT+0100 (CET);Thu Nov 21 2019 14:19:57 GMT+0100 (CET);1574345997000;0.1;21.53;6.64
1380556889530408;8.9;30.1;Thu Nov 21 2019 15:21:54 GMT+0100 (CET);Thu Nov 21 2019 14:21:54 GMT+0100 (CET);1574346114000;0.12;24.01;6.64
1380556889530408;8.9;31;Thu Nov 21 2019 15:23:52 GMT+0100 (CET);Thu Nov 21 2019 14:23:52 GMT+0100 (CET);1574346232000;0.12;24.71;6.63
1380556889530408;8.9;31.3;Thu Nov 21 2019 15:25:48 GMT+0100 (CET);Thu Nov 21 2019 14:25:48 GMT+0100 (CET);1574346348000;0.09;20.52;6.64
1380556889530408;8.9;31.3;Thu Nov 21 2019 15:27:40 GMT+0100 (CET);Thu Nov 21 2019 14:27:40 GMT+0100 (CET);1574346460000;0.08;16.36;6.61
1380556889530408;8.9;30.7;Thu Nov 21 2019 15:29:33 GMT+0100 (CET);Thu Nov 21 2019 14:29:33 GMT+0100 (CET);1574346573000;0.07;15.47;6.57
1380556889530408;8.9;30;Thu Nov 21 2019 15:31:26 GMT+0100 (CET);Thu Nov 21 2019 14:31:26 GMT+0100 (CET);1574346686000;0.07;13.98;6.55
1380556889530408;8.4;29.5;Thu Nov 21 2019 15:33:19 GMT+0100 (CET);Thu Nov 21 2019 14:33:19 GMT+0100 (CET);1574346799000;0.06;11.93;6.52
1380556889530408;8.4;28.8;Thu Nov 21 2019 15:35:13 GMT+0100 (CET);Thu Nov 21 2019 14:35:13 GMT+0100 (CET);1574346913000;0;11.35;6.5
1380556889530408;7.4;27.9;Thu Nov 21 2019 15:37:06 GMT+0100 (CET);Thu Nov 21 2019 14:37:06 GMT+0100 (CET);1574347026000;0;11.6;6.47
1380556889530408;7.4;26.9;Thu Nov 21 2019 15:38:58 GMT+0100 (CET);Thu Nov 21 2019 14:38:58 GMT+0100 (CET);1574347138000;0;11.79;6.46
1380556889530408;7.4;27.2;Thu Nov 21 2019 15:40:51 GMT+0100 (CET);Thu Nov 21 2019 14:40:51 GMT+0100 (CET);1574347251000;0;10.98;6.45
1380556889530408;7.4;27.4;Thu Nov 21 2019 15:42:43 GMT+0100 (CET);Thu Nov 21 2019 14:42:43 GMT+0100 (CET);1574347363000;0;9.32;6.42
1380556889530408;7.4;27.7;Thu Nov 21 2019 15:44:36 GMT+0100 (CET);Thu Nov 21 2019 14:44:36 GMT+0100 (CET);1574347476000;0;7.62;6.43
1380556889530408;6.9;27.8;Thu Nov 21 2019 15:46:30 GMT+0100 (CET);Thu Nov 21 2019 14:46:30 GMT+0100 (CET);1574347590000;0;6.62;6.44
1380556889530408;6.9;33.3;Thu Nov 21 2019 15:48:23 GMT+0100 (CET);Thu Nov 21 2019 14:48:23 GMT+0100 (CET);1574347703000;0;5.53;6.43
1380556889530408;6.9;32.4;Thu Nov 21 2019 15:50:16 GMT+0100 (CET);Thu Nov 21 2019 14:50:16 GMT+0100 (CET);1574347816000;0;5.06;6.4
1380556889530408;8.9;32.6;Thu Nov 21 2019 15:52:10 GMT+0100 (CET);Thu Nov 21 2019 14:52:10 GMT+0100 (CET);1574347930000;0;5.07;6.39
1380556889530408;8.9;32.5;Thu Nov 21 2019 15:54:03 GMT+0100 (CET);Thu Nov 21 2019 14:54:03 GMT+0100 (CET);1574348043000;0;4.8;6.39
1380556889530408;8.9;25.6;Thu Nov 21 2019 15:55:56 GMT+0100 (CET);Thu Nov 21 2019 14:55:56 GMT+0100 (CET);1574348156000;0;4.27;6.35
1380556889530408;8.9;30.6;Thu Nov 21 2019 15:57:50 GMT+0100 (CET);Thu Nov 21 2019 14:57:50 GMT+0100 (CET);1574348270000;0;3.94;6.36
1380556889530408;8.9;30.5;Thu Nov 21 2019 15:59:42 GMT+0100 (CET);Thu Nov 21 2019 14:59:42 GMT+0100 (CET);1574348382000;0;3.89;6.36
1380556889530408;8.9;29.7;Thu Nov 21 2019 16:01:37 GMT+0100 (CET);Thu Nov 21 2019 15:01:37 GMT+0100 (CET);1574348497000;0;3.61;6.36
1380556889530408;7.4;29.3;Thu Nov 21 2019 16:03:29 GMT+0100 (CET);Thu Nov 21 2019 15:03:29 GMT+0100 (CET);1574348609000;0;3.13;6.32
1380556889530408;7.4;28.9;Thu Nov 21 2019 16:05:23 GMT+0100 (CET);Thu Nov 21 2019 15:05:23 GMT+0100 (CET);1574348723000;0;3.13;6.32
1380556889530408;7.4;28.1;Thu Nov 21 2019 16:07:19 GMT+0100 (CET);Thu Nov 21 2019 15:07:19 GMT+0100 (CET);1574348839000;0;2.83;6.28
1380556889530408;7.4;26.2;Thu Nov 21 2019 16:09:11 GMT+0100 (CET);Thu Nov 21 2019 15:09:11 GMT+0100 (CET);1574348951000;0;2.59;6.27
1380556889530408;6.4;24.8;Thu Nov 21 2019 16:11:04 GMT+0100 (CET);Thu Nov 21 2019 15:11:04 GMT+0100 (CET);1574349064000;0;2.47;6.28
1380556889530408;6.4;24.5;Thu Nov 21 2019 16:12:57 GMT+0100 (CET);Thu Nov 21 2019 15:12:57 GMT+0100 (CET);1574349177000;0;2.57;6.27
1380556889530408;5.4;25.6;Thu Nov 21 2019 16:14:50 GMT+0100 (CET);Thu Nov 21 2019 15:14:50 GMT+0100 (CET);1574349290000;0;2.69;6.26
1380556889530408;5.4;23.9;Thu Nov 21 2019 16:16:43 GMT+0100 (CET);Thu Nov 21 2019 15:16:43 GMT+0100 (CET);1574349403000;0;2.72;6.26
1380556889530408;5.4;23;Thu Nov 21 2019 16:18:37 GMT+0100 (CET);Thu Nov 21 2019 15:18:37 GMT+0100 (CET);1574349517000;0;2.55;6.25
1380556889530408;5.4;24.6;Thu Nov 21 2019 16:20:30 GMT+0100 (CET);Thu Nov 21 2019 15:20:30 GMT+0100 (CET);1574349630000;0;2.63;6.25
1380556889530408;5.4;23.5;Thu Nov 21 2019 16:22:23 GMT+0100 (CET);Thu Nov 21 2019 15:22:23 GMT+0100 (CET);1574349743000;0;2.32;6.23
1380556889530408;5.4;19.8;Thu Nov 21 2019 16:24:16 GMT+0100 (CET);Thu Nov 21 2019 15:24:16 GMT+0100 (CET);1574349856000;0;2.1;6.21
1380556889530408;5.4;21;Thu Nov 21 2019 16:26:09 GMT+0100 (CET);Thu Nov 21 2019 15:26:09 GMT+0100 (CET);1574349969000;0;2.18;6.21
1380556889530408;5.4;18.6;Thu Nov 21 2019 16:28:02 GMT+0100 (CET);Thu Nov 21 2019 15:28:02 GMT+0100 (CET);1574350082000;0;1.89;6.18
1380556889530408;5.4;18.6;Thu Nov 21 2019 16:29:55 GMT+0100 (CET);Thu Nov 21 2019 15:29:55 GMT+0100 (CET);1574350195000;0;1.5;6.19
1380556889530408;5.4;18.6;Thu Nov 21 2019 16:31:49 GMT+0100 (CET);Thu Nov 21 2019 15:31:49 GMT+0100 (CET);1574350309000;0;1.4;6.19
1380556889530408;1.3;30.2;Fri Nov 22 2019 08:10:45 GMT+0100 (CET);Fri Nov 22 2019 07:10:45 GMT+0100 (CET);1574406645000;0;4.93;3.78
1380556889530408;3.4;32.7;Fri Nov 22 2019 08:12:38 GMT+0100 (CET);Fri Nov 22 2019 07:12:38 GMT+0100 (CET);1574406758000;0;5.51;3.78
1380556889530408;3.4;31.3;Fri Nov 22 2019 08:14:31 GMT+0100 (CET);Fri Nov 22 2019 07:14:31 GMT+0100 (CET);1574406871000;0;5.45;3.78
1380556889530408;3.4;32.7;Fri Nov 22 2019 08:16:24 GMT+0100 (CET);Fri Nov 22 2019 07:16:24 GMT+0100 (CET);1574406984000;0;5.76;3.8
1380556889530408;5.4;29.5;Fri Nov 22 2019 08:18:17 GMT+0100 (CET);Fri Nov 22 2019 07:18:17 GMT+0100 (CET);1574407097000;0;6.45;3.8
1380556889530408;5.4;34.1;Fri Nov 22 2019 08:20:25 GMT+0100 (CET);Fri Nov 22 2019 07:20:25 GMT+0100 (CET);1574407225000;0;7.56;3.81
1380556889530408;6.4;34.6;Fri Nov 22 2019 08:22:27 GMT+0100 (CET);Fri Nov 22 2019 07:22:27 GMT+0100 (CET);1574407347000;0;8.28;3.82
1380556889530408;6.4;27.9;Fri Nov 22 2019 08:24:19 GMT+0100 (CET);Fri Nov 22 2019 07:24:19 GMT+0100 (CET);1574407459000;0;8.66;3.82
1380556889530408;4.9;27;Fri Nov 22 2019 08:26:12 GMT+0100 (CET);Fri Nov 22 2019 07:26:12 GMT+0100 (CET);1574407572000;0;9.74;3.85
1380556889530408;4.9;25.7;Fri Nov 22 2019 08:28:06 GMT+0100 (CET);Fri Nov 22 2019 07:28:06 GMT+0100 (CET);1574407686000;0;9.83;3.87
1380556889530408;4.9;25.5;Fri Nov 22 2019 08:29:59 GMT+0100 (CET);Fri Nov 22 2019 07:29:59 GMT+0100 (CET);1574407799000;0;9.89;3.89
1380556889530408;2.8;25.9;Fri Nov 22 2019 08:31:51 GMT+0100 (CET);Fri Nov 22 2019 07:31:51 GMT+0100 (CET);1574407911000;0;10.58;3.9
1380556889530408;2.8;26.9;Fri Nov 22 2019 08:33:44 GMT+0100 (CET);Fri Nov 22 2019 07:33:44 GMT+0100 (CET);1574408024000;0;10.77;3.93
1380556889530408;3.4;26.9;Fri Nov 22 2019 08:35:37 GMT+0100 (CET);Fri Nov 22 2019 07:35:37 GMT+0100 (CET);1574408137000;0;11.11;3.93
1380556889530408;3.4;26.9;Fri Nov 22 2019 08:37:29 GMT+0100 (CET);Fri Nov 22 2019 07:37:29 GMT+0100 (CET);1574408249000;0;12.3;3.96
1380556889530408;3.4;26.7;Fri Nov 22 2019 08:39:23 GMT+0100 (CET);Fri Nov 22 2019 07:39:23 GMT+0100 (CET);1574408363000;0;12.85;3.96
1380556889530408;3.4;26.1;Fri Nov 22 2019 08:41:16 GMT+0100 (CET);Fri Nov 22 2019 07:41:16 GMT+0100 (CET);1574408476000;0.07;14.78;3.94
1380556889530408;3.4;25.7;Fri Nov 22 2019 08:43:08 GMT+0100 (CET);Fri Nov 22 2019 07:43:08 GMT+0100 (CET);1574408588000;0.09;18.21;3.93
1380556889530408;3.4;29.9;Fri Nov 22 2019 08:45:01 GMT+0100 (CET);Fri Nov 22 2019 07:45:01 GMT+0100 (CET);1574408701000;0.09;19.21;3.96
1380556889530408;3.4;31;Fri Nov 22 2019 08:46:53 GMT+0100 (CET);Fri Nov 22 2019 07:46:53 GMT+0100 (CET);1574408813000;0.09;19.13;3.97
1380556889530408;3.4;30.4;Fri Nov 22 2019 08:48:46 GMT+0100 (CET);Fri Nov 22 2019 07:48:46 GMT+0100 (CET);1574408926000;0.1;20.29;4
1380556889530408;4.9;30.9;Fri Nov 22 2019 08:50:39 GMT+0100 (CET);Fri Nov 22 2019 07:50:39 GMT+0100 (CET);1574409039000;0.11;23.42;4.01
1380556889530408;4.9;31.1;Fri Nov 22 2019 08:52:32 GMT+0100 (CET);Fri Nov 22 2019 07:52:32 GMT+0100 (CET);1574409152000;0.08;18.34;4.03
1380556889530408;5.4;30.7;Fri Nov 22 2019 08:54:26 GMT+0100 (CET);Fri Nov 22 2019 07:54:26 GMT+0100 (CET);1574409266000;0.08;18.24;4.04
1380556889530408;5.4;30.3;Fri Nov 22 2019 08:56:19 GMT+0100 (CET);Fri Nov 22 2019 07:56:19 GMT+0100 (CET);1574409379000;0.09;19.09;4.03
1380556889530408;5.4;30.9;Fri Nov 22 2019 08:58:12 GMT+0100 (CET);Fri Nov 22 2019 07:58:12 GMT+0100 (CET);1574409492000;0.1;21.4;4.06
1380556889530408;5.4;30.3;Fri Nov 22 2019 09:00:05 GMT+0100 (CET);Fri Nov 22 2019 08:00:05 GMT+0100 (CET);1574409605000;0.12;25.05;4.07
1380556889530408;5.4;31.7;Fri Nov 22 2019 09:01:57 GMT+0100 (CET);Fri Nov 22 2019 08:01:57 GMT+0100 (CET);1574409717000;0.12;25.64;4.1
1380556889530408;5.4;31.8;Fri Nov 22 2019 09:03:50 GMT+0100 (CET);Fri Nov 22 2019 08:03:50 GMT+0100 (CET);1574409830000;0.12;26.14;4.15
1380556889530408;5.4;31.9;Fri Nov 22 2019 09:05:43 GMT+0100 (CET);Fri Nov 22 2019 08:05:43 GMT+0100 (CET);1574409943000;0.12;26.2;4.16
1380556889530408;5.4;32;Fri Nov 22 2019 09:07:37 GMT+0100 (CET);Fri Nov 22 2019 08:07:37 GMT+0100 (CET);1574410057000;0.12;26.1;4.18
1380556889530408;6.4;32;Fri Nov 22 2019 09:09:29 GMT+0100 (CET);Fri Nov 22 2019 08:09:29 GMT+0100 (CET);1574410169000;0.11;24.67;4.18
1380556889530408;6.4;31.3;Fri Nov 22 2019 09:11:22 GMT+0100 (CET);Fri Nov 22 2019 08:11:22 GMT+0100 (CET);1574410282000;0.13;28.1;4.18
1380556889530408;6.4;31.9;Fri Nov 22 2019 09:13:15 GMT+0100 (CET);Fri Nov 22 2019 08:13:15 GMT+0100 (CET);1574410395000;0.14;30.09;4.19
1380556889530408;6.4;32.7;Fri Nov 22 2019 09:15:08 GMT+0100 (CET);Fri Nov 22 2019 08:15:08 GMT+0100 (CET);1574410508000;0.14;31.64;4.19
1380556889530408;6.4;32.5;Fri Nov 22 2019 09:17:01 GMT+0100 (CET);Fri Nov 22 2019 08:17:01 GMT+0100 (CET);1574410621000;0.14;30.15;4.21
1380556889530408;6.9;32;Fri Nov 22 2019 09:18:53 GMT+0100 (CET);Fri Nov 22 2019 08:18:53 GMT+0100 (CET);1574410733000;0.15;33.43;4.22
1380556889530408;6.9;32.7;Fri Nov 22 2019 09:20:46 GMT+0100 (CET);Fri Nov 22 2019 08:20:46 GMT+0100 (CET);1574410846000;0.16;34.74;4.25
1380556889530408;6.9;32.6;Fri Nov 22 2019 09:22:39 GMT+0100 (CET);Fri Nov 22 2019 08:22:39 GMT+0100 (CET);1574410959000;0.16;33.99;4.27
1380556889530408;6.9;32.5;Fri Nov 22 2019 09:24:32 GMT+0100 (CET);Fri Nov 22 2019 08:24:32 GMT+0100 (CET);1574411072000;0.16;34.9;4.27
1380556889530408;6.9;32.7;Fri Nov 22 2019 09:26:25 GMT+0100 (CET);Fri Nov 22 2019 08:26:25 GMT+0100 (CET);1574411185000;0.16;33.73;4.27
1380556889530408;7.4;32.8;Fri Nov 22 2019 09:28:18 GMT+0100 (CET);Fri Nov 22 2019 08:28:18 GMT+0100 (CET);1574411298000;0.14;29.64;4.27
1380556889530408;7.4;32.2;Fri Nov 22 2019 09:30:10 GMT+0100 (CET);Fri Nov 22 2019 08:30:10 GMT+0100 (CET);1574411410000;0.15;30.36;4.28
1380556889530408;7.4;32.2;Fri Nov 22 2019 09:32:05 GMT+0100 (CET);Fri Nov 22 2019 08:32:05 GMT+0100 (CET);1574411525000;0.15;32.48;4.29
1380556889530408;7.4;32.4;Fri Nov 22 2019 09:33:58 GMT+0100 (CET);Fri Nov 22 2019 08:33:58 GMT+0100 (CET);1574411638000;0.15;32.92;4.31
1380556889530408;7.4;32.6;Fri Nov 22 2019 09:35:50 GMT+0100 (CET);Fri Nov 22 2019 08:35:50 GMT+0100 (CET);1574411750000;0.17;36.28;4.33
1380556889530408;7.4;32.5;Fri Nov 22 2019 09:37:43 GMT+0100 (CET);Fri Nov 22 2019 08:37:43 GMT+0100 (CET);1574411863000;0.2;42.07;4.35
1380556889530408;7.4;32.9;Fri Nov 22 2019 09:39:38 GMT+0100 (CET);Fri Nov 22 2019 08:39:38 GMT+0100 (CET);1574411978000;0.19;39.37;4.38
1380556889530408;7.4;33;Fri Nov 22 2019 09:41:33 GMT+0100 (CET);Fri Nov 22 2019 08:41:33 GMT+0100 (CET);1574412093000;0.18;37.13;4.4
1380556889530408;7.4;32.8;Fri Nov 22 2019 09:43:26 GMT+0100 (CET);Fri Nov 22 2019 08:43:26 GMT+0100 (CET);1574412206000;0.19;40;4.41
1380556889530408;7.4;32.9;Fri Nov 22 2019 09:45:19 GMT+0100 (CET);Fri Nov 22 2019 08:45:19 GMT+0100 (CET);1574412319000;0.2;43.5;4.43
1380556889530408;7.4;32.8;Fri Nov 22 2019 09:47:12 GMT+0100 (CET);Fri Nov 22 2019 08:47:12 GMT+0100 (CET);1574412432000;0.17;34.81;4.44
1380556889530408;7.4;32.9;Fri Nov 22 2019 09:49:05 GMT+0100 (CET);Fri Nov 22 2019 08:49:05 GMT+0100 (CET);1574412545000;0.15;31.28;4.42
1380556889530408;7.4;32.2;Fri Nov 22 2019 09:50:57 GMT+0100 (CET);Fri Nov 22 2019 08:50:57 GMT+0100 (CET);1574412657000;0.14;31.33;4.42
1380556889530408;7.4;32;Fri Nov 22 2019 09:52:50 GMT+0100 (CET);Fri Nov 22 2019 08:52:50 GMT+0100 (CET);1574412770000;0.16;34.19;4.41
1380556889530408;7.4;32.6;Fri Nov 22 2019 09:54:43 GMT+0100 (CET);Fri Nov 22 2019 08:54:43 GMT+0100 (CET);1574412883000;0.17;34.59;4.41
1380556889530408;7.4;32.5;Fri Nov 22 2019 09:56:35 GMT+0100 (CET);Fri Nov 22 2019 08:56:35 GMT+0100 (CET);1574412995000;0.17;35.18;4.42
1380556889530408;7.4;32.6;Fri Nov 22 2019 09:58:28 GMT+0100 (CET);Fri Nov 22 2019 08:58:28 GMT+0100 (CET);1574413108000;0.17;35.88;4.4
1380556889530408;7.4;32.8;Fri Nov 22 2019 10:00:22 GMT+0100 (CET);Fri Nov 22 2019 09:00:22 GMT+0100 (CET);1574413222000;0.18;37.69;4.42
1380556889530408;7.4;32.8;Fri Nov 22 2019 10:02:15 GMT+0100 (CET);Fri Nov 22 2019 09:02:15 GMT+0100 (CET);1574413335000;0.17;35.9;4.46
1380556889530408;7.4;32.6;Fri Nov 22 2019 10:04:08 GMT+0100 (CET);Fri Nov 22 2019 09:04:08 GMT+0100 (CET);1574413448000;0.16;34.36;4.46
1380556889530408;7.4;32.5;Fri Nov 22 2019 10:06:01 GMT+0100 (CET);Fri Nov 22 2019 09:06:01 GMT+0100 (CET);1574413561000;0.15;32.22;4.46
1380556889530408;7.4;32.5;Fri Nov 22 2019 10:07:54 GMT+0100 (CET);Fri Nov 22 2019 09:07:54 GMT+0100 (CET);1574413674000;0.15;31.72;4.48
1380556889530408;7.4;32.5;Fri Nov 22 2019 10:09:46 GMT+0100 (CET);Fri Nov 22 2019 09:09:46 GMT+0100 (CET);1574413786000;0.15;31.2;4.47
1380556889530408;7.4;32.3;Fri Nov 22 2019 10:11:41 GMT+0100 (CET);Fri Nov 22 2019 09:11:41 GMT+0100 (CET);1574413901000;0.16;33.77;4.47
1380556889530408;7.4;32.8;Fri Nov 22 2019 10:13:34 GMT+0100 (CET);Fri Nov 22 2019 09:13:34 GMT+0100 (CET);1574414014000;0.17;35.4;4.49
1380556889530408;7.4;32.6;Fri Nov 22 2019 10:15:27 GMT+0100 (CET);Fri Nov 22 2019 09:15:27 GMT+0100 (CET);1574414127000;0.16;32.8;4.5
1380556889530408;7.4;32.8;Fri Nov 22 2019 10:17:19 GMT+0100 (CET);Fri Nov 22 2019 09:17:19 GMT+0100 (CET);1574414239000;0.09;21.08;4.5
1380556889530408;7.4;31.3;Fri Nov 22 2019 10:19:13 GMT+0100 (CET);Fri Nov 22 2019 09:19:13 GMT+0100 (CET);1574414353000;0.09;20.24;4.49
1380556889530408;7.4;30.5;Fri Nov 22 2019 10:21:19 GMT+0100 (CET);Fri Nov 22 2019 09:21:19 GMT+0100 (CET);1574414479000;0.1;23;4.44
1380556889530408;7.4;30.2;Fri Nov 22 2019 10:23:11 GMT+0100 (CET);Fri Nov 22 2019 09:23:11 GMT+0100 (CET);1574414591000;0.13;26.24;4.4
1380556889530408;6.9;31.8;Fri Nov 22 2019 10:25:04 GMT+0100 (CET);Fri Nov 22 2019 09:25:04 GMT+0100 (CET);1574414704000;0.14;29;4.39
1380556889530408;6.9;32.2;Fri Nov 22 2019 10:26:57 GMT+0100 (CET);Fri Nov 22 2019 09:26:57 GMT+0100 (CET);1574414817000;0.14;30.71;4.41
1380556889530408;7.4;31.8;Fri Nov 22 2019 10:28:50 GMT+0100 (CET);Fri Nov 22 2019 09:28:50 GMT+0100 (CET);1574414930000;0.14;30.12;4.42
1380556889530408;7.4;32.1;Fri Nov 22 2019 10:30:43 GMT+0100 (CET);Fri Nov 22 2019 09:30:43 GMT+0100 (CET);1574415043000;0.15;31.71;4.44
1380556889530408;7.4;32;Fri Nov 22 2019 10:32:37 GMT+0100 (CET);Fri Nov 22 2019 09:32:37 GMT+0100 (CET);1574415157000;0.11;23.78;4.46
1380556889530408;7.4;31.8;Fri Nov 22 2019 10:34:30 GMT+0100 (CET);Fri Nov 22 2019 09:34:30 GMT+0100 (CET);1574415270000;0.08;17.93;4.46
1380556889530408;7.4;31.3;Fri Nov 22 2019 10:36:23 GMT+0100 (CET);Fri Nov 22 2019 09:36:23 GMT+0100 (CET);1574415383000;0.08;19.36;4.45
1380556889530408;6.9;30.4;Fri Nov 22 2019 10:38:16 GMT+0100 (CET);Fri Nov 22 2019 09:38:16 GMT+0100 (CET);1574415496000;0.12;25.2;4.44
1380556889530408;6.9;30.9;Fri Nov 22 2019 10:40:08 GMT+0100 (CET);Fri Nov 22 2019 09:40:08 GMT+0100 (CET);1574415608000;0.11;23.66;4.44
1380556889530408;6.9;28.9;Fri Nov 22 2019 10:42:01 GMT+0100 (CET);Fri Nov 22 2019 09:42:01 GMT+0100 (CET);1574415721000;0.17;34.59;4.43
1380556889530408;6.4;31.3;Fri Nov 22 2019 10:43:54 GMT+0100 (CET);Fri Nov 22 2019 09:43:54 GMT+0100 (CET);1574415834000;0.11;25.92;4.45
1380556889530408;6.4;31.7;Fri Nov 22 2019 10:45:46 GMT+0100 (CET);Fri Nov 22 2019 09:45:46 GMT+0100 (CET);1574415946000;0.17;35.36;4.46
1380556889530408;6.9;30.6;Fri Nov 22 2019 10:47:39 GMT+0100 (CET);Fri Nov 22 2019 09:47:39 GMT+0100 (CET);1574416059000;0.19;39.65;4.49
1380556889530408;6.9;32.9;Fri Nov 22 2019 10:49:37 GMT+0100 (CET);Fri Nov 22 2019 09:49:37 GMT+0100 (CET);1574416177000;0.15;33.43;4.54
1380556889530408;6.9;32.6;Fri Nov 22 2019 10:51:31 GMT+0100 (CET);Fri Nov 22 2019 09:51:31 GMT+0100 (CET);1574416291000;0.2;41.37;4.56
1380556889530408;7.4;33;Fri Nov 22 2019 10:53:24 GMT+0100 (CET);Fri Nov 22 2019 09:53:24 GMT+0100 (CET);1574416404000;0.19;39.95;4.59
1380556889530408;7.4;32.6;Fri Nov 22 2019 10:55:17 GMT+0100 (CET);Fri Nov 22 2019 09:55:17 GMT+0100 (CET);1574416517000;0.2;40.33;4.62
1380556889530408;7.4;32.8;Fri Nov 22 2019 10:57:14 GMT+0100 (CET);Fri Nov 22 2019 09:57:14 GMT+0100 (CET);1574416634000;0.14;29.19;4.61
1380556889530408;7.4;32.9;Fri Nov 22 2019 10:59:07 GMT+0100 (CET);Fri Nov 22 2019 09:59:07 GMT+0100 (CET);1574416747000;0.12;26.21;4.59
1380556889530408;7.4;30.7;Fri Nov 22 2019 11:00:59 GMT+0100 (CET);Fri Nov 22 2019 10:00:59 GMT+0100 (CET);1574416859000;0.21;44.32;4.57
1380556889530408;7.4;31.9;Fri Nov 22 2019 11:02:53 GMT+0100 (CET);Fri Nov 22 2019 10:02:53 GMT+0100 (CET);1574416973000;0.24;49.72;4.61
1380556889530408;7.4;33.5;Fri Nov 22 2019 11:05:16 GMT+0100 (CET);Fri Nov 22 2019 10:05:16 GMT+0100 (CET);1574417116000;0.14;30.03;4.69
1380556889530408;8.9;33.5;Fri Nov 22 2019 11:06:59 GMT+0100 (CET);Fri Nov 22 2019 10:06:59 GMT+0100 (CET);1574417219000;0.12;25.88;4.71
1380556889530408;8.9;31.3;Fri Nov 22 2019 11:08:52 GMT+0100 (CET);Fri Nov 22 2019 10:08:52 GMT+0100 (CET);1574417332000;0.13;27.74;4.71
1380556889530408;7.4;31.7;Fri Nov 22 2019 11:10:45 GMT+0100 (CET);Fri Nov 22 2019 10:10:45 GMT+0100 (CET);1574417445000;0.13;27.54;4.67
1380556889530408;7.4;31.3;Fri Nov 22 2019 11:12:40 GMT+0100 (CET);Fri Nov 22 2019 10:12:40 GMT+0100 (CET);1574417560000;0.17;34.09;4.68
1380556889530408;7.4;32.6;Fri Nov 22 2019 11:14:32 GMT+0100 (CET);Fri Nov 22 2019 10:14:32 GMT+0100 (CET);1574417672000;0.18;37.49;4.66
1380556889530408;7.4;32.6;Fri Nov 22 2019 11:16:25 GMT+0100 (CET);Fri Nov 22 2019 10:16:25 GMT+0100 (CET);1574417785000;0.21;44.15;4.65
1380556889530408;7.4;32.9;Fri Nov 22 2019 11:18:18 GMT+0100 (CET);Fri Nov 22 2019 10:18:18 GMT+0100 (CET);1574417898000;0.22;46.62;4.67
1380556889530408;8.9;33.1;Fri Nov 22 2019 11:20:11 GMT+0100 (CET);Fri Nov 22 2019 10:20:11 GMT+0100 (CET);1574418011000;0.2;40.73;4.67
1380556889530408;8.9;32.9;Fri Nov 22 2019 11:22:03 GMT+0100 (CET);Fri Nov 22 2019 10:22:03 GMT+0100 (CET);1574418123000;0.17;36.64;4.64
1380556889530408;8.9;32.6;Fri Nov 22 2019 11:23:56 GMT+0100 (CET);Fri Nov 22 2019 10:23:56 GMT+0100 (CET);1574418236000;0.19;39.96;4.64
1380556889530408;8.9;32.9;Fri Nov 22 2019 11:25:50 GMT+0100 (CET);Fri Nov 22 2019 10:25:50 GMT+0100 (CET);1574418350000;0.23;48.07;4.66
1380556889530408;8.9;32.9;Fri Nov 22 2019 11:27:43 GMT+0100 (CET);Fri Nov 22 2019 10:27:43 GMT+0100 (CET);1574418463000;0.25;52.46;4.7
1380556889530408;8.9;33.3;Fri Nov 22 2019 11:29:37 GMT+0100 (CET);Fri Nov 22 2019 10:29:37 GMT+0100 (CET);1574418577000;0.23;46.56;4.73
1380556889530408;8.9;33.2;Fri Nov 22 2019 11:31:29 GMT+0100 (CET);Fri Nov 22 2019 10:31:29 GMT+0100 (CET);1574418689000;0.23;47.74;4.73
1380556889530408;8.9;33.1;Fri Nov 22 2019 11:33:22 GMT+0100 (CET);Fri Nov 22 2019 10:33:22 GMT+0100 (CET);1574418802000;0.22;45;4.67
1380556889530408;8.9;33.2;Fri Nov 22 2019 11:35:15 GMT+0100 (CET);Fri Nov 22 2019 10:35:15 GMT+0100 (CET);1574418915000;0.22;44.56;4.64
1380556889530408;8.9;33.2;Fri Nov 22 2019 11:37:08 GMT+0100 (CET);Fri Nov 22 2019 10:37:08 GMT+0100 (CET);1574419028000;0.2;41.86;4.64
1380556889530408;8.9;33.1;Fri Nov 22 2019 11:39:13 GMT+0100 (CET);Fri Nov 22 2019 10:39:13 GMT+0100 (CET);1574419153000;0.21;42.65;4.63
1380556889530408;8.9;33.1;Fri Nov 22 2019 11:41:05 GMT+0100 (CET);Fri Nov 22 2019 10:41:05 GMT+0100 (CET);1574419265000;0.22;45.7;4.6
1380556889530408;8.9;33.2;Fri Nov 22 2019 11:42:58 GMT+0100 (CET);Fri Nov 22 2019 10:42:58 GMT+0100 (CET);1574419378000;0.21;43.5;4.59
1380556889530408;8.9;33.2;Fri Nov 22 2019 11:44:51 GMT+0100 (CET);Fri Nov 22 2019 10:44:51 GMT+0100 (CET);1574419491000;0.22;45.75;4.61
1380556889530408;8.9;33.3;Fri Nov 22 2019 11:46:45 GMT+0100 (CET);Fri Nov 22 2019 10:46:45 GMT+0100 (CET);1574419605000;0.23;47.3;4.63
1380556889530408;8.9;33.3;Fri Nov 22 2019 11:48:38 GMT+0100 (CET);Fri Nov 22 2019 10:48:38 GMT+0100 (CET);1574419718000;0.24;48.83;4.66
1380556889530408;8.9;33.4;Fri Nov 22 2019 11:50:37 GMT+0100 (CET);Fri Nov 22 2019 10:50:37 GMT+0100 (CET);1574419837000;0.23;46.52;4.68
1380556889530408;8.9;33.3;Fri Nov 22 2019 11:52:30 GMT+0100 (CET);Fri Nov 22 2019 10:52:30 GMT+0100 (CET);1574419950000;0.23;47.69;4.66
1380556889530408;8.9;33.2;Fri Nov 22 2019 11:54:23 GMT+0100 (CET);Fri Nov 22 2019 10:54:23 GMT+0100 (CET);1574420063000;0.22;46.02;4.67
1380556889530408;8.9;33.2;Fri Nov 22 2019 11:56:16 GMT+0100 (CET);Fri Nov 22 2019 10:56:16 GMT+0100 (CET);1574420176000;0.23;47.23;4.7
1380556889530408;8.9;33.2;Fri Nov 22 2019 11:58:09 GMT+0100 (CET);Fri Nov 22 2019 10:58:09 GMT+0100 (CET);1574420289000;0.22;47.45;4.73
1380556889530408;8.9;33.3;Fri Nov 22 2019 12:00:02 GMT+0100 (CET);Fri Nov 22 2019 11:00:02 GMT+0100 (CET);1574420402000;0.22;46.67;4.75
1380556889530408;8.9;33.2;Fri Nov 22 2019 12:01:55 GMT+0100 (CET);Fri Nov 22 2019 11:01:55 GMT+0100 (CET);1574420515000;0.23;47.78;4.76
1380556889530408;8.9;33.2;Fri Nov 22 2019 12:03:48 GMT+0100 (CET);Fri Nov 22 2019 11:03:48 GMT+0100 (CET);1574420628000;0.23;47.21;4.77
1380556889530408;8.9;33.3;Fri Nov 22 2019 12:05:42 GMT+0100 (CET);Fri Nov 22 2019 11:05:42 GMT+0100 (CET);1574420742000;0.23;47.96;4.78
1380556889530408;8.9;33.3;Fri Nov 22 2019 12:07:38 GMT+0100 (CET);Fri Nov 22 2019 11:07:38 GMT+0100 (CET);1574420858000;0.22;46.27;4.78
1380556889530408;8.9;32.9;Fri Nov 22 2019 12:09:32 GMT+0100 (CET);Fri Nov 22 2019 11:09:32 GMT+0100 (CET);1574420972000;0.23;48.13;4.79
1380556889530408;8.9;33.5;Fri Nov 22 2019 12:11:24 GMT+0100 (CET);Fri Nov 22 2019 11:11:24 GMT+0100 (CET);1574421084000;0.24;50.84;4.78
1380556889530408;8.9;33.2;Fri Nov 22 2019 12:13:17 GMT+0100 (CET);Fri Nov 22 2019 11:13:17 GMT+0100 (CET);1574421197000;0.24;51.9;4.78
1380556889530408;8.9;33.2;Fri Nov 22 2019 12:15:09 GMT+0100 (CET);Fri Nov 22 2019 11:15:09 GMT+0100 (CET);1574421309000;0.23;49.57;4.78
1380556889530408;8.9;33.5;Fri Nov 22 2019 12:17:03 GMT+0100 (CET);Fri Nov 22 2019 11:17:03 GMT+0100 (CET);1574421423000;0.21;45.25;4.76
1380556889530408;8.9;33;Fri Nov 22 2019 12:18:56 GMT+0100 (CET);Fri Nov 22 2019 11:18:56 GMT+0100 (CET);1574421536000;0.25;51.83;4.78
1380556889530408;8.9;33.6;Fri Nov 22 2019 12:20:50 GMT+0100 (CET);Fri Nov 22 2019 11:20:50 GMT+0100 (CET);1574421650000;0.24;50.75;4.79
1380556889530408;8.9;33.5;Fri Nov 22 2019 12:22:52 GMT+0100 (CET);Fri Nov 22 2019 11:22:52 GMT+0100 (CET);1574421772000;0.24;50.16;4.84
1380556889530408;8.9;33.4;Fri Nov 22 2019 12:24:47 GMT+0100 (CET);Fri Nov 22 2019 11:24:47 GMT+0100 (CET);1574421887000;0.24;50.35;4.89
1380556889530408;8.9;33.4;Fri Nov 22 2019 12:26:41 GMT+0100 (CET);Fri Nov 22 2019 11:26:41 GMT+0100 (CET);1574422001000;0.24;49.73;4.9
1380556889530408;8.9;33.4;Fri Nov 22 2019 12:28:35 GMT+0100 (CET);Fri Nov 22 2019 11:28:35 GMT+0100 (CET);1574422115000;0.23;47.33;4.88
1380556889530408;8.9;33.3;Fri Nov 22 2019 12:30:28 GMT+0100 (CET);Fri Nov 22 2019 11:30:28 GMT+0100 (CET);1574422228000;0.24;48.98;4.86
1380556889530408;8.9;33.4;Fri Nov 22 2019 12:32:22 GMT+0100 (CET);Fri Nov 22 2019 11:32:22 GMT+0100 (CET);1574422342000;0.24;49.72;4.9
1380556889530408;8.9;33.4;Fri Nov 22 2019 12:34:16 GMT+0100 (CET);Fri Nov 22 2019 11:34:16 GMT+0100 (CET);1574422456000;0.23;48.08;4.91
1380556889530408;8.9;33.3;Fri Nov 22 2019 12:36:09 GMT+0100 (CET);Fri Nov 22 2019 11:36:09 GMT+0100 (CET);1574422569000;0.22;46.44;4.92
1380556889530408;8.9;33.2;Fri Nov 22 2019 12:38:17 GMT+0100 (CET);Fri Nov 22 2019 11:38:17 GMT+0100 (CET);1574422697000;0.22;47.29;4.89
1380556889530408;8.9;33.4;Fri Nov 22 2019 12:40:10 GMT+0100 (CET);Fri Nov 22 2019 11:40:10 GMT+0100 (CET);1574422810000;0.24;48.75;4.84
1380556889530408;8.9;33.5;Fri Nov 22 2019 12:42:02 GMT+0100 (CET);Fri Nov 22 2019 11:42:02 GMT+0100 (CET);1574422922000;0.25;52.08;4.84
1380556889530408;8.9;33.4;Fri Nov 22 2019 12:43:55 GMT+0100 (CET);Fri Nov 22 2019 11:43:55 GMT+0100 (CET);1574423035000;0.25;52.83;4.87
1380556889530408;8.9;33.5;Fri Nov 22 2019 12:45:51 GMT+0100 (CET);Fri Nov 22 2019 11:45:51 GMT+0100 (CET);1574423151000;0.25;53.05;4.87
1380556889530408;8.9;33.4;Fri Nov 22 2019 12:47:44 GMT+0100 (CET);Fri Nov 22 2019 11:47:44 GMT+0100 (CET);1574423264000;0.27;56.31;4.82
1380556889530408;8.9;33.6;Fri Nov 22 2019 12:49:52 GMT+0100 (CET);Fri Nov 22 2019 11:49:52 GMT+0100 (CET);1574423392000;0.28;57.72;4.81
1380556889530408;8.9;33.7;Fri Nov 22 2019 12:51:44 GMT+0100 (CET);Fri Nov 22 2019 11:51:44 GMT+0100 (CET);1574423504000;0.28;56.73;4.8
1380556889530408;8.9;33.7;Fri Nov 22 2019 12:53:49 GMT+0100 (CET);Fri Nov 22 2019 11:53:49 GMT+0100 (CET);1574423629000;0.3;63.4;4.8
1380556889530408;8.9;33.8;Fri Nov 22 2019 12:55:41 GMT+0100 (CET);Fri Nov 22 2019 11:55:41 GMT+0100 (CET);1574423741000;0.29;60.82;4.84
1380556889530408;8.9;33.7;Fri Nov 22 2019 12:57:34 GMT+0100 (CET);Fri Nov 22 2019 11:57:34 GMT+0100 (CET);1574423854000;0.28;58.04;4.82
1380556889530408;8.9;33.6;Fri Nov 22 2019 12:59:28 GMT+0100 (CET);Fri Nov 22 2019 11:59:28 GMT+0100 (CET);1574423968000;0.29;61.16;4.81
1380556889530408;8.9;33.7;Fri Nov 22 2019 13:01:21 GMT+0100 (CET);Fri Nov 22 2019 12:01:21 GMT+0100 (CET);1574424081000;0.28;59.66;4.81
1380556889530408;8.9;33.7;Fri Nov 22 2019 13:03:14 GMT+0100 (CET);Fri Nov 22 2019 12:03:14 GMT+0100 (CET);1574424194000;0.25;52.88;4.79
1380556889530408;9.4;33.3;Fri Nov 22 2019 13:05:06 GMT+0100 (CET);Fri Nov 22 2019 12:05:06 GMT+0100 (CET);1574424306000;0.25;51.66;4.78
1380556889530408;9.4;33.5;Fri Nov 22 2019 13:07:06 GMT+0100 (CET);Fri Nov 22 2019 12:07:06 GMT+0100 (CET);1574424426000;0.25;53.79;4.82
1380556889530408;8.9;33.5;Fri Nov 22 2019 13:09:17 GMT+0100 (CET);Fri Nov 22 2019 12:09:17 GMT+0100 (CET);1574424557000;0.25;53.69;4.79
1380556889530408;8.9;33.4;Fri Nov 22 2019 13:12:45 GMT+0100 (CET);Fri Nov 22 2019 12:12:45 GMT+0100 (CET);1574424765000;0.27;55.83;4.75
1380556889530408;8.9;33.7;Fri Nov 22 2019 13:14:38 GMT+0100 (CET);Fri Nov 22 2019 12:14:38 GMT+0100 (CET);1574424878000;0.28;57.69;4.71
1380556889530408;8.9;33.7;Fri Nov 22 2019 13:16:47 GMT+0100 (CET);Fri Nov 22 2019 12:16:47 GMT+0100 (CET);1574425007000;0.25;52.79;4.69
1380556889530408;9.4;33.5;Fri Nov 22 2019 13:18:45 GMT+0100 (CET);Fri Nov 22 2019 12:18:45 GMT+0100 (CET);1574425125000;0.25;51.73;4.69
1380556889530408;9.4;33.3;Fri Nov 22 2019 13:20:38 GMT+0100 (CET);Fri Nov 22 2019 12:20:38 GMT+0100 (CET);1574425238000;0.25;52.42;4.74
1380556889530408;9.4;33.6;Fri Nov 22 2019 13:22:31 GMT+0100 (CET);Fri Nov 22 2019 12:22:31 GMT+0100 (CET);1574425351000;0.23;48.94;4.78
1380556889530408;9.4;33.5;Fri Nov 22 2019 13:24:55 GMT+0100 (CET);Fri Nov 22 2019 12:24:55 GMT+0100 (CET);1574425495000;0.25;53.01;4.79
1380556889530408;9.4;33.7;Fri Nov 22 2019 13:26:48 GMT+0100 (CET);Fri Nov 22 2019 12:26:48 GMT+0100 (CET);1574425608000;0.26;54.41;4.8
1380556889530408;8.9;33.6;Fri Nov 22 2019 13:28:42 GMT+0100 (CET);Fri Nov 22 2019 12:28:42 GMT+0100 (CET);1574425722000;0.24;51.54;4.81
1380556889530408;8.9;33.6;Fri Nov 22 2019 13:30:35 GMT+0100 (CET);Fri Nov 22 2019 12:30:35 GMT+0100 (CET);1574425835000;0.25;53.06;4.86
1380556889530408;9.4;33.6;Fri Nov 22 2019 13:32:52 GMT+0100 (CET);Fri Nov 22 2019 12:32:52 GMT+0100 (CET);1574425972000;0.22;46.57;4.87
1380556889530408;9.4;33.4;Fri Nov 22 2019 13:34:45 GMT+0100 (CET);Fri Nov 22 2019 12:34:45 GMT+0100 (CET);1574426085000;0.22;45.3;4.85
1380556889530408;9.4;33;Fri Nov 22 2019 13:36:38 GMT+0100 (CET);Fri Nov 22 2019 12:36:38 GMT+0100 (CET);1574426198000;0.14;30.17;4.8
1380556889530408;8.9;32.8;Fri Nov 22 2019 13:38:31 GMT+0100 (CET);Fri Nov 22 2019 12:38:31 GMT+0100 (CET);1574426311000;0.07;17.9;4.75
1380556889530408;8.9;30.7;Fri Nov 22 2019 13:40:27 GMT+0100 (CET);Fri Nov 22 2019 12:40:27 GMT+0100 (CET);1574426427000;0.07;16.69;4.65
1380556889530408;8.9;28.2;Fri Nov 22 2019 13:42:19 GMT+0100 (CET);Fri Nov 22 2019 12:42:19 GMT+0100 (CET);1574426539000;0.1;20.5;4.62
1380556889530408;8.9;25.3;Fri Nov 22 2019 13:44:13 GMT+0100 (CET);Fri Nov 22 2019 12:44:13 GMT+0100 (CET);1574426653000;0.17;35.07;4.6
1380556889530408;5.4;28.5;Fri Nov 22 2019 13:46:07 GMT+0100 (CET);Fri Nov 22 2019 12:46:07 GMT+0100 (CET);1574426767000;0.15;30.02;4.6
1380556889530408;5.4;30.9;Fri Nov 22 2019 13:48:00 GMT+0100 (CET);Fri Nov 22 2019 12:48:00 GMT+0100 (CET);1574426880000;0.1;23.37;4.61
1380556889530408;5.4;30.2;Fri Nov 22 2019 13:49:52 GMT+0100 (CET);Fri Nov 22 2019 12:49:52 GMT+0100 (CET);1574426992000;0.11;24.1;4.6
1380556889530408;6.9;28.3;Fri Nov 22 2019 13:51:45 GMT+0100 (CET);Fri Nov 22 2019 12:51:45 GMT+0100 (CET);1574427105000;0.17;34.85;4.63
1380556889530408;6.9;26.7;Fri Nov 22 2019 13:53:40 GMT+0100 (CET);Fri Nov 22 2019 12:53:40 GMT+0100 (CET);1574427220000;0.31;63.74;4.68
1380556889530408;6.9;33.3;Fri Nov 22 2019 13:55:54 GMT+0100 (CET);Fri Nov 22 2019 12:55:54 GMT+0100 (CET);1574427354000;0.35;70.27;4.82
1380556889530408;6.9;33.9;Fri Nov 22 2019 13:57:47 GMT+0100 (CET);Fri Nov 22 2019 12:57:47 GMT+0100 (CET);1574427467000;0.33;63.62;4.93
1380556889530408;6.9;33.8;Fri Nov 22 2019 13:59:39 GMT+0100 (CET);Fri Nov 22 2019 12:59:39 GMT+0100 (CET);1574427579000;0.21;47.34;4.96
1380556889530408;8.9;33.3;Fri Nov 22 2019 14:01:37 GMT+0100 (CET);Fri Nov 22 2019 13:01:37 GMT+0100 (CET);1574427697000;0.2;43.11;4.96
1380556889530408;8.9;33.2;Fri Nov 22 2019 14:03:35 GMT+0100 (CET);Fri Nov 22 2019 13:03:35 GMT+0100 (CET);1574427815000;0.17;36.86;4.96
1380556889530408;8.9;33.2;Fri Nov 22 2019 14:05:28 GMT+0100 (CET);Fri Nov 22 2019 13:05:28 GMT+0100 (CET);1574427928000;0.15;34.05;4.97
1380556889530408;8.9;32.4;Fri Nov 22 2019 14:07:44 GMT+0100 (CET);Fri Nov 22 2019 13:07:44 GMT+0100 (CET);1574428064000;0.16;33.92;4.95
1380556889530408;8.9;32.3;Fri Nov 22 2019 14:09:38 GMT+0100 (CET);Fri Nov 22 2019 13:09:38 GMT+0100 (CET);1574428178000;0.15;32.01;4.93
1380556889530408;8.9;32.3;Fri Nov 22 2019 14:11:31 GMT+0100 (CET);Fri Nov 22 2019 13:11:31 GMT+0100 (CET);1574428291000;0.13;29.26;4.95
1380556889530408;8.9;32.2;Fri Nov 22 2019 14:13:24 GMT+0100 (CET);Fri Nov 22 2019 13:13:24 GMT+0100 (CET);1574428404000;0.12;26.75;4.96
1380556889530408;8.9;31.9;Fri Nov 22 2019 14:15:17 GMT+0100 (CET);Fri Nov 22 2019 13:15:17 GMT+0100 (CET);1574428517000;0.12;26.57;4.92
1380556889530408;8.9;31.2;Fri Nov 22 2019 14:17:10 GMT+0100 (CET);Fri Nov 22 2019 13:17:10 GMT+0100 (CET);1574428630000;0.14;29.06;4.9
1380556889530408;8.9;32.2;Fri Nov 22 2019 14:19:06 GMT+0100 (CET);Fri Nov 22 2019 13:19:06 GMT+0100 (CET);1574428746000;0.15;31.61;4.89
1380556889530408;7.4;32.4;Fri Nov 22 2019 14:20:59 GMT+0100 (CET);Fri Nov 22 2019 13:20:59 GMT+0100 (CET);1574428859000;0.16;36.52;4.91
1380556889530408;7.4;32.4;Fri Nov 22 2019 14:22:52 GMT+0100 (CET);Fri Nov 22 2019 13:22:52 GMT+0100 (CET);1574428972000;0.19;40.89;4.95
1380556889530408;8.9;32.3;Fri Nov 22 2019 14:24:46 GMT+0100 (CET);Fri Nov 22 2019 13:24:46 GMT+0100 (CET);1574429086000;0.22;47.01;4.97
1380556889530408;8.9;32.7;Fri Nov 22 2019 14:26:44 GMT+0100 (CET);Fri Nov 22 2019 13:26:44 GMT+0100 (CET);1574429204000;0.25;52.94;5
1380556889530408;8.9;33.5;Fri Nov 22 2019 14:28:38 GMT+0100 (CET);Fri Nov 22 2019 13:28:38 GMT+0100 (CET);1574429318000;0.24;50.88;5.03
1380556889530408;8.9;33.5;Fri Nov 22 2019 14:30:33 GMT+0100 (CET);Fri Nov 22 2019 13:30:33 GMT+0100 (CET);1574429433000;0.23;47.44;5.07
1380556889530408;8.9;33.3;Fri Nov 22 2019 14:32:26 GMT+0100 (CET);Fri Nov 22 2019 13:32:26 GMT+0100 (CET);1574429546000;0.22;46.14;5.1
1380556889530408;8.9;33.2;Fri Nov 22 2019 14:34:47 GMT+0100 (CET);Fri Nov 22 2019 13:34:47 GMT+0100 (CET);1574429687000;0.21;43.74;5.15
1380556889530408;8.9;33.2;Fri Nov 22 2019 14:36:39 GMT+0100 (CET);Fri Nov 22 2019 13:36:39 GMT+0100 (CET);1574429799000;0.2;41.26;5.16
1380556889530408;8.9;32.9;Fri Nov 22 2019 14:38:34 GMT+0100 (CET);Fri Nov 22 2019 13:38:34 GMT+0100 (CET);1574429914000;0.2;41.81;5.17
1380556889530408;8.9;33.1;Fri Nov 22 2019 14:40:26 GMT+0100 (CET);Fri Nov 22 2019 13:40:26 GMT+0100 (CET);1574430026000;0.18;39.91;5.21
1380556889530408;8.9;32.8;Fri Nov 22 2019 14:42:31 GMT+0100 (CET);Fri Nov 22 2019 13:42:31 GMT+0100 (CET);1574430151000;0.17;37.62;5.23
1380556889530408;8.9;32.8;Fri Nov 22 2019 14:44:23 GMT+0100 (CET);Fri Nov 22 2019 13:44:23 GMT+0100 (CET);1574430263000;0.18;39.06;5.25
1380556889530408;8.9;32.8;Fri Nov 22 2019 14:46:16 GMT+0100 (CET);Fri Nov 22 2019 13:46:16 GMT+0100 (CET);1574430376000;0.2;41.71;5.25
1380556889530408;8.9;33.2;Fri Nov 22 2019 14:48:09 GMT+0100 (CET);Fri Nov 22 2019 13:48:09 GMT+0100 (CET);1574430489000;0.21;44.69;5.25
1380556889530408;9.4;33.2;Fri Nov 22 2019 14:50:36 GMT+0100 (CET);Fri Nov 22 2019 13:50:36 GMT+0100 (CET);1574430636000;0.2;42.27;5.28
1380556889530408;9.4;33;Fri Nov 22 2019 14:52:28 GMT+0100 (CET);Fri Nov 22 2019 13:52:28 GMT+0100 (CET);1574430748000;0.2;41.83;5.32
1380556889530408;8.9;33;Fri Nov 22 2019 14:54:22 GMT+0100 (CET);Fri Nov 22 2019 13:54:22 GMT+0100 (CET);1574430862000;0.19;40.43;5.36
1380556889530408;8.9;32.9;Fri Nov 22 2019 14:56:16 GMT+0100 (CET);Fri Nov 22 2019 13:56:16 GMT+0100 (CET);1574430976000;0.18;37.8;5.37
1380556889530408;8.9;32.5;Fri Nov 22 2019 14:58:09 GMT+0100 (CET);Fri Nov 22 2019 13:58:09 GMT+0100 (CET);1574431089000;0.17;35.77;5.35
1380556889530408;8.9;32.5;Fri Nov 22 2019 15:00:02 GMT+0100 (CET);Fri Nov 22 2019 14:00:02 GMT+0100 (CET);1574431202000;0.14;30.55;5.35
1380556889530408;8.9;32.6;Fri Nov 22 2019 15:01:55 GMT+0100 (CET);Fri Nov 22 2019 14:01:55 GMT+0100 (CET);1574431315000;0.11;25.6;5.35
1380556889530408;8.9;32;Fri Nov 22 2019 15:04:06 GMT+0100 (CET);Fri Nov 22 2019 14:04:06 GMT+0100 (CET);1574431446000;0.1;22.61;5.37
1380556889530408;8.9;31.1;Fri Nov 22 2019 15:06:02 GMT+0100 (CET);Fri Nov 22 2019 14:06:02 GMT+0100 (CET);1574431562000;0.09;20.81;5.38
1380556889530408;8.9;30.7;Fri Nov 22 2019 15:07:54 GMT+0100 (CET);Fri Nov 22 2019 14:07:54 GMT+0100 (CET);1574431674000;0.09;21.34;5.36
1380556889530408;8.9;30.6;Fri Nov 22 2019 15:09:48 GMT+0100 (CET);Fri Nov 22 2019 14:09:48 GMT+0100 (CET);1574431788000;0.1;21.74;5.32
1380556889530408;8.9;30.9;Fri Nov 22 2019 15:11:41 GMT+0100 (CET);Fri Nov 22 2019 14:11:41 GMT+0100 (CET);1574431901000;0.11;25.16;5.29
1380556889530408;7.4;30.8;Fri Nov 22 2019 15:13:35 GMT+0100 (CET);Fri Nov 22 2019 14:13:35 GMT+0100 (CET);1574432015000;0.14;29.5;5.3
1380556889530408;7.4;29.7;Fri Nov 22 2019 15:15:27 GMT+0100 (CET);Fri Nov 22 2019 14:15:27 GMT+0100 (CET);1574432127000;0.17;35.43;5.29
1380556889530408;8.9;32.7;Fri Nov 22 2019 15:17:21 GMT+0100 (CET);Fri Nov 22 2019 14:17:21 GMT+0100 (CET);1574432241000;0.17;35.18;5.28
1380556889530408;8.9;32.7;Fri Nov 22 2019 15:19:13 GMT+0100 (CET);Fri Nov 22 2019 14:19:13 GMT+0100 (CET);1574432353000;0.17;36.29;5.3
1380556889530408;8.9;32.8;Fri Nov 22 2019 15:21:25 GMT+0100 (CET);Fri Nov 22 2019 14:21:25 GMT+0100 (CET);1574432485000;0.18;36.7;5.35
1380556889530408;8.9;32.8;Fri Nov 22 2019 15:23:18 GMT+0100 (CET);Fri Nov 22 2019 14:23:18 GMT+0100 (CET);1574432598000;0.17;34.21;5.39
1380556889530408;8.9;32.7;Fri Nov 22 2019 15:25:11 GMT+0100 (CET);Fri Nov 22 2019 14:25:11 GMT+0100 (CET);1574432711000;0.16;33.07;5.39
1380556889530408;8.9;32.6;Fri Nov 22 2019 15:27:03 GMT+0100 (CET);Fri Nov 22 2019 14:27:03 GMT+0100 (CET);1574432823000;0.15;31.48;5.4
1380556889530408;8.9;32.5;Fri Nov 22 2019 15:28:56 GMT+0100 (CET);Fri Nov 22 2019 14:28:56 GMT+0100 (CET);1574432936000;0.15;31.17;5.45
1380556889530408;8.9;32.1;Fri Nov 22 2019 15:30:48 GMT+0100 (CET);Fri Nov 22 2019 14:30:48 GMT+0100 (CET);1574433048000;0.15;30.22;5.5
1380556889530408;8.9;31.8;Fri Nov 22 2019 15:32:41 GMT+0100 (CET);Fri Nov 22 2019 14:32:41 GMT+0100 (CET);1574433161000;0.14;29.12;5.56
1380556889530408;8.9;31.8;Fri Nov 22 2019 15:34:35 GMT+0100 (CET);Fri Nov 22 2019 14:34:35 GMT+0100 (CET);1574433275000;0.13;27.09;5.58
1380556889530408;8.9;31.9;Fri Nov 22 2019 15:36:50 GMT+0100 (CET);Fri Nov 22 2019 14:36:50 GMT+0100 (CET);1574433410000;0.12;23.74;5.6
1380556889530408;8.9;31.5;Fri Nov 22 2019 15:38:43 GMT+0100 (CET);Fri Nov 22 2019 14:38:43 GMT+0100 (CET);1574433523000;0.11;22.7;5.59
1380556889530408;8.9;31.1;Fri Nov 22 2019 15:40:35 GMT+0100 (CET);Fri Nov 22 2019 14:40:35 GMT+0100 (CET);1574433635000;0.1;21.32;5.53
1380556889530408;8.9;30.9;Fri Nov 22 2019 15:42:30 GMT+0100 (CET);Fri Nov 22 2019 14:42:30 GMT+0100 (CET);1574433750000;0.09;20.53;5.47
1380556889530408;8.9;30.7;Fri Nov 22 2019 15:44:28 GMT+0100 (CET);Fri Nov 22 2019 14:44:28 GMT+0100 (CET);1574433868000;0.09;18.83;5.46
1380556889530408;7.4;30.6;Fri Nov 22 2019 15:46:20 GMT+0100 (CET);Fri Nov 22 2019 14:46:20 GMT+0100 (CET);1574433980000;0.07;15.74;5.46
1380556889530408;7.4;30.2;Fri Nov 22 2019 15:48:13 GMT+0100 (CET);Fri Nov 22 2019 14:48:13 GMT+0100 (CET);1574434093000;0.07;14.12;5.43
1380556889530408;7.4;29.6;Fri Nov 22 2019 15:50:06 GMT+0100 (CET);Fri Nov 22 2019 14:50:06 GMT+0100 (CET);1574434206000;0;12.55;5.42
1380556889530408;7.4;28.8;Fri Nov 22 2019 15:52:30 GMT+0100 (CET);Fri Nov 22 2019 14:52:30 GMT+0100 (CET);1574434350000;0;10.74;5.41
1380556889530408;7.4;28.4;Fri Nov 22 2019 15:54:23 GMT+0100 (CET);Fri Nov 22 2019 14:54:23 GMT+0100 (CET);1574434463000;0;10.21;5.39
1380556889530408;5.4;27.6;Fri Nov 22 2019 15:56:17 GMT+0100 (CET);Fri Nov 22 2019 14:56:17 GMT+0100 (CET);1574434577000;0;8.71;5.36
1380556889530408;5.4;27.3;Fri Nov 22 2019 15:58:11 GMT+0100 (CET);Fri Nov 22 2019 14:58:11 GMT+0100 (CET);1574434691000;0;8.48;5.31
1380556889530408;5.4;27.3;Fri Nov 22 2019 16:00:04 GMT+0100 (CET);Fri Nov 22 2019 15:00:04 GMT+0100 (CET);1574434804000;0;8.24;5.27
1380556889530408;5.4;25.6;Fri Nov 22 2019 16:01:57 GMT+0100 (CET);Fri Nov 22 2019 15:01:57 GMT+0100 (CET);1574434917000;0;7.64;5.21
1380556889530408;5.4;25.2;Fri Nov 22 2019 16:03:51 GMT+0100 (CET);Fri Nov 22 2019 15:03:51 GMT+0100 (CET);1574435031000;0;6.44;5.17
1380556889530408;5.4;33.1;Fri Nov 22 2019 16:05:44 GMT+0100 (CET);Fri Nov 22 2019 15:05:44 GMT+0100 (CET);1574435144000;0;5.57;5.14
1380556889530408;5.4;29.6;Fri Nov 22 2019 16:07:40 GMT+0100 (CET);Fri Nov 22 2019 15:07:40 GMT+0100 (CET);1574435260000;0;4.4;5.14
1380556889530408;5.4;30.4;Fri Nov 22 2019 16:09:33 GMT+0100 (CET);Fri Nov 22 2019 15:09:33 GMT+0100 (CET);1574435373000;0;3.79;5.13
1380556889530408;5.4;29.4;Fri Nov 22 2019 16:11:29 GMT+0100 (CET);Fri Nov 22 2019 15:11:29 GMT+0100 (CET);1574435489000;0;3.45;5.1
1380556889530408;5.4;26.8;Fri Nov 22 2019 16:13:22 GMT+0100 (CET);Fri Nov 22 2019 15:13:22 GMT+0100 (CET);1574435602000;0;2.92;5.07
1380556889530408;4.9;26.8;Fri Nov 22 2019 16:15:16 GMT+0100 (CET);Fri Nov 22 2019 15:15:16 GMT+0100 (CET);1574435716000;0;2.69;5.06
1380556889530408;4.9;20.3;Fri Nov 22 2019 16:17:11 GMT+0100 (CET);Fri Nov 22 2019 15:17:11 GMT+0100 (CET);1574435831000;0;2.17;5.04
1380556889530408;4.9;20.3;Fri Nov 22 2019 16:19:05 GMT+0100 (CET);Fri Nov 22 2019 15:19:05 GMT+0100 (CET);1574435945000;0;1.87;5.03
1380556889530408;4.9;20.3;Fri Nov 22 2019 16:20:58 GMT+0100 (CET);Fri Nov 22 2019 15:20:58 GMT+0100 (CET);1574436058000;0;1.65;5.03
1380556889530408;1.3;34.5;Sat Nov 23 2019 07:31:44 GMT+0100 (CET);Sat Nov 23 2019 06:31:44 GMT+0100 (CET);1574490704000;0;9.69;1.26
1380556889530408;1.3;26.7;Sat Nov 23 2019 07:33:38 GMT+0100 (CET);Sat Nov 23 2019 06:33:38 GMT+0100 (CET);1574490818000;0;10.94;1.28
1380556889530408;1.3;24.3;Sat Nov 23 2019 07:35:32 GMT+0100 (CET);Sat Nov 23 2019 06:35:32 GMT+0100 (CET);1574490932000;0;11.43;1.32
1380556889530408;0.8;29.9;Sat Nov 23 2019 07:46:57 GMT+0100 (CET);Sat Nov 23 2019 06:46:57 GMT+0100 (CET);1574491617000;0.07;16.18;1.6
1380556889530408;0.8;31.4;Sat Nov 23 2019 07:48:49 GMT+0100 (CET);Sat Nov 23 2019 06:48:49 GMT+0100 (CET);1574491729000;0.07;17.18;1.65
1380556889530408;1.3;31.8;Sat Nov 23 2019 07:50:54 GMT+0100 (CET);Sat Nov 23 2019 06:50:54 GMT+0100 (CET);1574491854000;0.08;19.21;1.71
1380556889530408;1.3;32.7;Sat Nov 23 2019 07:52:48 GMT+0100 (CET);Sat Nov 23 2019 06:52:48 GMT+0100 (CET);1574491968000;0.09;20.72;1.83
1380556889530408;1.3;33.1;Sat Nov 23 2019 07:54:41 GMT+0100 (CET);Sat Nov 23 2019 06:54:41 GMT+0100 (CET);1574492081000;0.09;22.24;1.89
1380556889530408;2.8;33.2;Sat Nov 23 2019 07:56:34 GMT+0100 (CET);Sat Nov 23 2019 06:56:34 GMT+0100 (CET);1574492194000;0.1;24.29;1.96
1380556889530408;2.8;33.5;Sat Nov 23 2019 07:58:32 GMT+0100 (CET);Sat Nov 23 2019 06:58:32 GMT+0100 (CET);1574492312000;0.11;25.92;1.98
1380556889530408;2.8;33.7;Sat Nov 23 2019 08:00:25 GMT+0100 (CET);Sat Nov 23 2019 07:00:25 GMT+0100 (CET);1574492425000;0.12;27.36;1.97
1380556889530408;2.8;33.8;Sat Nov 23 2019 08:02:18 GMT+0100 (CET);Sat Nov 23 2019 07:02:18 GMT+0100 (CET);1574492538000;0.12;29.31;2.03
1380556889530408;2.8;33.9;Sat Nov 23 2019 08:04:10 GMT+0100 (CET);Sat Nov 23 2019 07:04:10 GMT+0100 (CET);1574492650000;0.13;30.89;2.07
1380556889530408;3.4;33.9;Sat Nov 23 2019 08:06:07 GMT+0100 (CET);Sat Nov 23 2019 07:06:07 GMT+0100 (CET);1574492767000;0.13;32.13;2.14
1380556889530408;3.4;34.2;Sat Nov 23 2019 08:08:02 GMT+0100 (CET);Sat Nov 23 2019 07:08:02 GMT+0100 (CET);1574492882000;0.14;33.08;2.19
1380556889530408;3.4;34.2;Sat Nov 23 2019 08:09:55 GMT+0100 (CET);Sat Nov 23 2019 07:09:55 GMT+0100 (CET);1574492995000;0.14;33.81;2.24
1380556889530408;3.4;34.3;Sat Nov 23 2019 08:11:48 GMT+0100 (CET);Sat Nov 23 2019 07:11:48 GMT+0100 (CET);1574493108000;0.14;34.65;2.31
1380556889530408;3.4;34.4;Sat Nov 23 2019 08:13:42 GMT+0100 (CET);Sat Nov 23 2019 07:13:42 GMT+0100 (CET);1574493222000;0.14;34.99;2.35
1380556889530408;4.9;34.4;Sat Nov 23 2019 08:15:36 GMT+0100 (CET);Sat Nov 23 2019 07:15:36 GMT+0100 (CET);1574493336000;0.14;35.17;2.39
1380556889530408;4.9;34.3;Sat Nov 23 2019 08:17:29 GMT+0100 (CET);Sat Nov 23 2019 07:17:29 GMT+0100 (CET);1574493449000;0.15;35.74;2.4
1380556889530408;3.4;34.5;Sat Nov 23 2019 08:19:32 GMT+0100 (CET);Sat Nov 23 2019 07:19:32 GMT+0100 (CET);1574493572000;0.14;36.46;2.42
1380556889530408;3.4;34.5;Sat Nov 23 2019 08:21:28 GMT+0100 (CET);Sat Nov 23 2019 07:21:28 GMT+0100 (CET);1574493688000;0.14;37.07;2.42
1380556889530408;3.4;34.4;Sat Nov 23 2019 08:23:21 GMT+0100 (CET);Sat Nov 23 2019 07:23:21 GMT+0100 (CET);1574493801000;0.14;37.36;2.43
1380556889530408;4.9;34.5;Sat Nov 23 2019 08:25:14 GMT+0100 (CET);Sat Nov 23 2019 07:25:14 GMT+0100 (CET);1574493914000;0.14;37.95;2.45
1380556889530408;4.9;34.3;Sat Nov 23 2019 08:27:07 GMT+0100 (CET);Sat Nov 23 2019 07:27:07 GMT+0100 (CET);1574494027000;0.14;38.97;2.5
1380556889530408;4.9;34.3;Sat Nov 23 2019 08:29:00 GMT+0100 (CET);Sat Nov 23 2019 07:29:00 GMT+0100 (CET);1574494140000;0.14;43.03;2.54
1380556889530408;4.9;34.3;Sat Nov 23 2019 08:30:57 GMT+0100 (CET);Sat Nov 23 2019 07:30:57 GMT+0100 (CET);1574494257000;0.15;51.49;2.58
1380556889530408;4.9;34.4;Sat Nov 23 2019 08:32:50 GMT+0100 (CET);Sat Nov 23 2019 07:32:50 GMT+0100 (CET);1574494370000;0.15;65.92;2.65
1380556889530408;4.9;34.5;Sat Nov 23 2019 08:34:43 GMT+0100 (CET);Sat Nov 23 2019 07:34:43 GMT+0100 (CET);1574494483000;0.15;82.1;2.72
1380556889530408;4.9;34.7;Sat Nov 23 2019 08:36:35 GMT+0100 (CET);Sat Nov 23 2019 07:36:35 GMT+0100 (CET);1574494595000;0.15;175.32;2.9
1380556889530408;4.9;34.3;Sat Nov 23 2019 08:38:29 GMT+0100 (CET);Sat Nov 23 2019 07:38:29 GMT+0100 (CET);1574494709000;0.15;238.31;3.35
1380556889530408;4.9;33.9;Sat Nov 23 2019 08:40:23 GMT+0100 (CET);Sat Nov 23 2019 07:40:23 GMT+0100 (CET);1574494823000;0.16;203.81;3.86
1380556889530408;4.9;33.9;Sat Nov 23 2019 08:42:15 GMT+0100 (CET);Sat Nov 23 2019 07:42:15 GMT+0100 (CET);1574494935000;0.18;205.15;4.14
1380556889530408;4.9;33.9;Sat Nov 23 2019 08:44:08 GMT+0100 (CET);Sat Nov 23 2019 07:44:08 GMT+0100 (CET);1574495048000;0.19;246.7;4.5
1380556889530408;1.3;29.2;Sat Nov 23 2019 08:53:55 GMT+0100 (CET);Sat Nov 23 2019 07:53:55 GMT+0100 (CET);1574495635000;1.29;282.66;5.8
1380556889530408;2.8;28.6;Sat Nov 23 2019 08:55:49 GMT+0100 (CET);Sat Nov 23 2019 07:55:49 GMT+0100 (CET);1574495749000;1.33;292.05;6.02
1380556889530408;3.4;27.3;Sat Nov 23 2019 08:57:46 GMT+0100 (CET);Sat Nov 23 2019 07:57:46 GMT+0100 (CET);1574495866000;1.37;296.14;6.17
1380556889530408;3.4;27.6;Sat Nov 23 2019 08:59:38 GMT+0100 (CET);Sat Nov 23 2019 07:59:38 GMT+0100 (CET);1574495978000;1.4;305.19;6.38
1380556889530408;4.9;24.9;Sat Nov 23 2019 09:01:43 GMT+0100 (CET);Sat Nov 23 2019 08:01:43 GMT+0100 (CET);1574496103000;1.44;313.78;6.53
1380556889530408;4.9;27.1;Sat Nov 23 2019 09:03:37 GMT+0100 (CET);Sat Nov 23 2019 08:03:37 GMT+0100 (CET);1574496217000;1.47;320.66;6.69
1380556889530408;5.4;31.4;Sat Nov 23 2019 09:05:30 GMT+0100 (CET);Sat Nov 23 2019 08:05:30 GMT+0100 (CET);1574496330000;1.48;326.37;6.81
1380556889530408;6.4;30.7;Sat Nov 23 2019 09:07:23 GMT+0100 (CET);Sat Nov 23 2019 08:07:23 GMT+0100 (CET);1574496443000;1.53;337.91;7
1380556889530408;6.9;29.4;Sat Nov 23 2019 09:09:25 GMT+0100 (CET);Sat Nov 23 2019 08:09:25 GMT+0100 (CET);1574496565000;1.47;326.48;7.04
1380556889530408;7.4;30.3;Sat Nov 23 2019 09:11:18 GMT+0100 (CET);Sat Nov 23 2019 08:11:18 GMT+0100 (CET);1574496678000;1.54;345.59;7.04
1380556889530408;8.9;37.2;Sat Nov 23 2019 09:13:13 GMT+0100 (CET);Sat Nov 23 2019 08:13:13 GMT+0100 (CET);1574496793000;1.55;355.83;7.17
1380556889530408;10.9;37;Sat Nov 23 2019 09:15:07 GMT+0100 (CET);Sat Nov 23 2019 08:15:07 GMT+0100 (CET);1574496907000;1.58;358.39;7.24
1380556889530408;11.4;37.1;Sat Nov 23 2019 09:17:04 GMT+0100 (CET);Sat Nov 23 2019 08:17:04 GMT+0100 (CET);1574497024000;1.6;368.63;7.49
1380556889530408;12.9;36.7;Sat Nov 23 2019 09:18:57 GMT+0100 (CET);Sat Nov 23 2019 08:18:57 GMT+0100 (CET);1574497137000;1.64;373.75;7.47
1380556889530408;12.9;36.2;Sat Nov 23 2019 09:20:50 GMT+0100 (CET);Sat Nov 23 2019 08:20:50 GMT+0100 (CET);1574497250000;1.68;376.31;7.6
1380556889530408;12.9;36.2;Sat Nov 23 2019 09:22:44 GMT+0100 (CET);Sat Nov 23 2019 08:22:44 GMT+0100 (CET);1574497364000;1.7;381.43;7.75
1380556889530408;13.4;36;Sat Nov 23 2019 09:25:28 GMT+0100 (CET);Sat Nov 23 2019 08:25:28 GMT+0100 (CET);1574497528000;1.74;389.11;7.88
1380556889530408;13.4;35.9;Sat Nov 23 2019 09:27:21 GMT+0100 (CET);Sat Nov 23 2019 08:27:21 GMT+0100 (CET);1574497641000;1.77;394.23;8
1380556889530408;13.4;35.7;Sat Nov 23 2019 09:29:14 GMT+0100 (CET);Sat Nov 23 2019 08:29:14 GMT+0100 (CET);1574497754000;1.8;396.79;8.15
1380556889530408;13.4;35.5;Sat Nov 23 2019 09:31:08 GMT+0100 (CET);Sat Nov 23 2019 08:31:08 GMT+0100 (CET);1574497868000;1.84;404.47;8.36
1380556889530408;13.4;35.6;Sat Nov 23 2019 09:33:03 GMT+0100 (CET);Sat Nov 23 2019 08:33:03 GMT+0100 (CET);1574497983000;1.86;409.59;8.59
1380556889530408;13.4;35.6;Sat Nov 23 2019 09:34:56 GMT+0100 (CET);Sat Nov 23 2019 08:34:56 GMT+0100 (CET);1574498096000;1.89;414.71;8.82
1380556889530408;14.4;35.7;Sat Nov 23 2019 09:36:49 GMT+0100 (CET);Sat Nov 23 2019 08:36:49 GMT+0100 (CET);1574498209000;1.92;422.39;9.14
1380556889530408;14.4;35.5;Sat Nov 23 2019 09:38:52 GMT+0100 (CET);Sat Nov 23 2019 08:38:52 GMT+0100 (CET);1574498332000;1.96;427.51;9.5
1380556889530408;17;35;Sat Nov 23 2019 09:40:46 GMT+0100 (CET);Sat Nov 23 2019 08:40:46 GMT+0100 (CET);1574498446000;2;435.19;9.79
1380556889530408;17;34.9;Sat Nov 23 2019 09:42:39 GMT+0100 (CET);Sat Nov 23 2019 08:42:39 GMT+0100 (CET);1574498559000;2.04;442.87;10.26
1380556889530408;17;34.5;Sat Nov 23 2019 09:44:32 GMT+0100 (CET);Sat Nov 23 2019 08:44:32 GMT+0100 (CET);1574498672000;2.07;447.99;10.68
1380556889530408;17;34.5;Sat Nov 23 2019 09:46:28 GMT+0100 (CET);Sat Nov 23 2019 08:46:28 GMT+0100 (CET);1574498788000;2.1;455.67;10.96
1380556889530408;17;34.4;Sat Nov 23 2019 09:48:21 GMT+0100 (CET);Sat Nov 23 2019 08:48:21 GMT+0100 (CET);1574498901000;2.12;453.11;11.11
1380556889530408;17.5;34.3;Sat Nov 23 2019 09:50:14 GMT+0100 (CET);Sat Nov 23 2019 08:50:14 GMT+0100 (CET);1574499014000;2.12;450.55;11.32
1380556889530408;17.5;34.5;Sat Nov 23 2019 09:52:21 GMT+0100 (CET);Sat Nov 23 2019 08:52:21 GMT+0100 (CET);1574499141000;2.16;460.79;11.57
1380556889530408;19;34.7;Sat Nov 23 2019 09:54:14 GMT+0100 (CET);Sat Nov 23 2019 08:54:14 GMT+0100 (CET);1574499254000;2.21;465.91;11.54
1380556889530408;19;34.7;Sat Nov 23 2019 09:56:23 GMT+0100 (CET);Sat Nov 23 2019 08:56:23 GMT+0100 (CET);1574499383000;2.22;471.03;11.53
1380556889530408;19;34.9;Sat Nov 23 2019 09:58:16 GMT+0100 (CET);Sat Nov 23 2019 08:58:16 GMT+0100 (CET);1574499496000;2.24;476.15;11.73
1380556889530408;18.5;35;Sat Nov 23 2019 10:00:09 GMT+0100 (CET);Sat Nov 23 2019 09:00:09 GMT+0100 (CET);1574499609000;2.23;476.15;11.78
1380556889530408;18.5;35;Sat Nov 23 2019 10:02:05 GMT+0100 (CET);Sat Nov 23 2019 09:02:05 GMT+0100 (CET);1574499725000;2.23;481.27;11.82
1380556889530408;19.5;35;Sat Nov 23 2019 10:03:59 GMT+0100 (CET);Sat Nov 23 2019 09:03:59 GMT+0100 (CET);1574499839000;2.25;488.95;11.89
1380556889530408;19.5;34.9;Sat Nov 23 2019 10:06:32 GMT+0100 (CET);Sat Nov 23 2019 09:06:32 GMT+0100 (CET);1574499992000;2.33;511.99;11.93
1380556889530408;19.5;34.8;Sat Nov 23 2019 10:08:31 GMT+0100 (CET);Sat Nov 23 2019 09:08:31 GMT+0100 (CET);1574500111000;2.35;517.11;12.17
1380556889530408;19.5;35.4;Sat Nov 23 2019 10:10:23 GMT+0100 (CET);Sat Nov 23 2019 09:10:23 GMT+0100 (CET);1574500223000;2.41;535.03;12.39
1380556889530408;19.5;35.5;Sat Nov 23 2019 10:12:19 GMT+0100 (CET);Sat Nov 23 2019 09:12:19 GMT+0100 (CET);1574500339000;2.4;535.03;12.46
1380556889530408;21;35.6;Sat Nov 23 2019 10:14:12 GMT+0100 (CET);Sat Nov 23 2019 09:14:12 GMT+0100 (CET);1574500452000;2.3;514.55;12.51
1380556889530408;21;35.8;Sat Nov 23 2019 10:16:05 GMT+0100 (CET);Sat Nov 23 2019 09:16:05 GMT+0100 (CET);1574500565000;2.15;488.95;12.47
1380556889530408;21.5;36.1;Sat Nov 23 2019 10:17:58 GMT+0100 (CET);Sat Nov 23 2019 09:17:58 GMT+0100 (CET);1574500678000;2.14;486.39;12.42
1380556889530408;21.5;35.7;Sat Nov 23 2019 10:19:53 GMT+0100 (CET);Sat Nov 23 2019 09:19:53 GMT+0100 (CET);1574500793000;2.08;471.03;12.43
1380556889530408;21.5;36.7;Sat Nov 23 2019 10:21:48 GMT+0100 (CET);Sat Nov 23 2019 09:21:48 GMT+0100 (CET);1574500908000;2.06;481.27;12.41
1380556889530408;21.5;36.1;Sat Nov 23 2019 10:23:42 GMT+0100 (CET);Sat Nov 23 2019 09:23:42 GMT+0100 (CET);1574501022000;2.18;496.63;12.47
1380556889530408;21.5;36.1;Sat Nov 23 2019 10:25:40 GMT+0100 (CET);Sat Nov 23 2019 09:25:40 GMT+0100 (CET);1574501140000;2.14;491.51;12.49
1380556889530408;21.5;36.1;Sat Nov 23 2019 10:27:34 GMT+0100 (CET);Sat Nov 23 2019 09:27:34 GMT+0100 (CET);1574501254000;2.17;504.31;12.5
1380556889530408;21.5;36.4;Sat Nov 23 2019 10:29:27 GMT+0100 (CET);Sat Nov 23 2019 09:29:27 GMT+0100 (CET);1574501367000;2.25;522.23;12.55
1380556889530408;21.5;36.2;Sat Nov 23 2019 10:31:19 GMT+0100 (CET);Sat Nov 23 2019 09:31:19 GMT+0100 (CET);1574501479000;2.31;550.39;12.68
1380556889530408;21.5;36.4;Sat Nov 23 2019 10:33:14 GMT+0100 (CET);Sat Nov 23 2019 09:33:14 GMT+0100 (CET);1574501594000;2.34;550.39;12.83
1380556889530408;21.5;36.4;Sat Nov 23 2019 10:35:30 GMT+0100 (CET);Sat Nov 23 2019 09:35:30 GMT+0100 (CET);1574501730000;2.32;545.27;12.86
1380556889530408;23;36.4;Sat Nov 23 2019 10:37:23 GMT+0100 (CET);Sat Nov 23 2019 09:37:23 GMT+0100 (CET);1574501843000;2.36;560.63;12.89
1380556889530408;23;36.3;Sat Nov 23 2019 10:39:18 GMT+0100 (CET);Sat Nov 23 2019 09:39:18 GMT+0100 (CET);1574501958000;2.42;570.87;13
1380556889530408;23;36.2;Sat Nov 23 2019 10:41:11 GMT+0100 (CET);Sat Nov 23 2019 09:41:11 GMT+0100 (CET);1574502071000;2.47;581.11;13.02
1380556889530408;23;35.8;Sat Nov 23 2019 10:43:04 GMT+0100 (CET);Sat Nov 23 2019 09:43:04 GMT+0100 (CET);1574502184000;2.5;583.67;13.14
1380556889530408;23;36.1;Sat Nov 23 2019 10:44:57 GMT+0100 (CET);Sat Nov 23 2019 09:44:57 GMT+0100 (CET);1574502297000;2.46;581.11;13.34
1380556889530408;23;36.3;Sat Nov 23 2019 10:47:00 GMT+0100 (CET);Sat Nov 23 2019 09:47:00 GMT+0100 (CET);1574502420000;2.43;583.67;13.45
1380556889530408;23;36.4;Sat Nov 23 2019 10:49:21 GMT+0100 (CET);Sat Nov 23 2019 09:49:21 GMT+0100 (CET);1574502561000;2.44;583.67;13.53
1380556889530408;23.5;36.5;Sat Nov 23 2019 10:51:30 GMT+0100 (CET);Sat Nov 23 2019 09:51:30 GMT+0100 (CET);1574502690000;2.4;591.35;13.54
1380556889530408;23.5;36.5;Sat Nov 23 2019 10:53:23 GMT+0100 (CET);Sat Nov 23 2019 09:53:23 GMT+0100 (CET);1574502803000;2.4;586.23;13.76
1380556889530408;23.5;36.4;Sat Nov 23 2019 10:55:18 GMT+0100 (CET);Sat Nov 23 2019 09:55:18 GMT+0100 (CET);1574502918000;2.43;581.11;13.87
1380556889530408;25;36.2;Sat Nov 23 2019 10:57:10 GMT+0100 (CET);Sat Nov 23 2019 09:57:10 GMT+0100 (CET);1574503030000;2.5;591.35;13.89
1380556889530408;25;36.1;Sat Nov 23 2019 10:59:04 GMT+0100 (CET);Sat Nov 23 2019 09:59:04 GMT+0100 (CET);1574503144000;2.6;619.51;13.83
1380556889530408;23.5;36.2;Sat Nov 23 2019 11:01:00 GMT+0100 (CET);Sat Nov 23 2019 10:01:00 GMT+0100 (CET);1574503260000;2.6;616.95;13.88
1380556889530408;23.5;36.1;Sat Nov 23 2019 11:02:55 GMT+0100 (CET);Sat Nov 23 2019 10:02:55 GMT+0100 (CET);1574503375000;2.62;622.07;13.89
1380556889530408;23.5;36;Sat Nov 23 2019 11:04:49 GMT+0100 (CET);Sat Nov 23 2019 10:04:49 GMT+0100 (CET);1574503489000;2.53;599.03;14.02
1380556889530408;23.5;35.9;Sat Nov 23 2019 11:06:36 GMT+0100 (CET);Sat Nov 23 2019 10:06:36 GMT+0100 (CET);1574503596000;2.43;563.19;14.1
1380556889530408;23.5;35.8;Sat Nov 23 2019 11:08:28 GMT+0100 (CET);Sat Nov 23 2019 10:08:28 GMT+0100 (CET);1574503708000;2.36;555.51;14.18
1380556889530408;25;36;Sat Nov 23 2019 11:10:25 GMT+0100 (CET);Sat Nov 23 2019 10:10:25 GMT+0100 (CET);1574503825000;2.53;593.91;14.22
1380556889530408;25;35.8;Sat Nov 23 2019 11:12:18 GMT+0100 (CET);Sat Nov 23 2019 10:12:18 GMT+0100 (CET);1574503938000;2.5;616.95;14.41
1380556889530408;25;35.8;Sat Nov 23 2019 11:14:11 GMT+0100 (CET);Sat Nov 23 2019 10:14:11 GMT+0100 (CET);1574504051000;2.59;609.27;14.61
1380556889530408;25;35.7;Sat Nov 23 2019 11:16:04 GMT+0100 (CET);Sat Nov 23 2019 10:16:04 GMT+0100 (CET);1574504164000;2.48;586.23;14.75
1380556889530408;25;35.8;Sat Nov 23 2019 11:18:03 GMT+0100 (CET);Sat Nov 23 2019 10:18:03 GMT+0100 (CET);1574504283000;2.37;560.63;14.71
1380556889530408;25;35.9;Sat Nov 23 2019 11:20:01 GMT+0100 (CET);Sat Nov 23 2019 10:20:01 GMT+0100 (CET);1574504401000;2.52;601.59;14.74
1380556889530408;25;36;Sat Nov 23 2019 11:22:15 GMT+0100 (CET);Sat Nov 23 2019 10:22:15 GMT+0100 (CET);1574504535000;2.37;563.19;14.6
1380556889530408;25;36.2;Sat Nov 23 2019 11:24:08 GMT+0100 (CET);Sat Nov 23 2019 10:24:08 GMT+0100 (CET);1574504648000;2.36;573.43;14.54
1380556889530408;25;36.2;Sat Nov 23 2019 11:26:07 GMT+0100 (CET);Sat Nov 23 2019 10:26:07 GMT+0100 (CET);1574504767000;2.09;501.75;14.5
1380556889530408;25;36.2;Sat Nov 23 2019 11:28:00 GMT+0100 (CET);Sat Nov 23 2019 10:28:00 GMT+0100 (CET);1574504880000;2.15;509.43;14.36
1380556889530408;25;36.3;Sat Nov 23 2019 11:29:53 GMT+0100 (CET);Sat Nov 23 2019 10:29:53 GMT+0100 (CET);1574504993000;2.46;593.91;14.43
1380556889530408;25;36.3;Sat Nov 23 2019 11:31:46 GMT+0100 (CET);Sat Nov 23 2019 10:31:46 GMT+0100 (CET);1574505106000;1.94;463.35;14.57
1380556889530408;25;36.2;Sat Nov 23 2019 11:33:38 GMT+0100 (CET);Sat Nov 23 2019 10:33:38 GMT+0100 (CET);1574505218000;1.89;453.11;14.5
1380556889530408;25;36.3;Sat Nov 23 2019 11:35:32 GMT+0100 (CET);Sat Nov 23 2019 10:35:32 GMT+0100 (CET);1574505332000;1.95;458.23;14.35
1380556889530408;25;36.3;Sat Nov 23 2019 11:37:35 GMT+0100 (CET);Sat Nov 23 2019 10:37:35 GMT+0100 (CET);1574505455000;1.98;476.15;14.39
1380556889530408;24;36.3;Sat Nov 23 2019 11:39:30 GMT+0100 (CET);Sat Nov 23 2019 10:39:30 GMT+0100 (CET);1574505570000;1.95;465.91;14.43
1380556889530408;24;36.3;Sat Nov 23 2019 11:41:23 GMT+0100 (CET);Sat Nov 23 2019 10:41:23 GMT+0100 (CET);1574505683000;1.94;447.99;14.38
1380556889530408;24;36.3;Sat Nov 23 2019 11:43:16 GMT+0100 (CET);Sat Nov 23 2019 10:43:16 GMT+0100 (CET);1574505796000;2.06;491.51;14.43
1380556889530408;25;36.3;Sat Nov 23 2019 11:45:13 GMT+0100 (CET);Sat Nov 23 2019 10:45:13 GMT+0100 (CET);1574505913000;1.9;455.67;14.53
1380556889530408;25;36.3;Sat Nov 23 2019 11:47:06 GMT+0100 (CET);Sat Nov 23 2019 10:47:06 GMT+0100 (CET);1574506026000;1.84;435.19;14.72
1380556889530408;25;36.3;Sat Nov 23 2019 11:48:59 GMT+0100 (CET);Sat Nov 23 2019 10:48:59 GMT+0100 (CET);1574506139000;1.98;473.59;14.82
1380556889530408;25;36.3;Sat Nov 23 2019 11:50:54 GMT+0100 (CET);Sat Nov 23 2019 10:50:54 GMT+0100 (CET);1574506254000;1.86;445.43;14.95
1380556889530408;25;36.2;Sat Nov 23 2019 11:53:22 GMT+0100 (CET);Sat Nov 23 2019 10:53:22 GMT+0100 (CET);1574506402000;1.53;368.63;14.92
1380556889530408;25;36.3;Sat Nov 23 2019 11:55:15 GMT+0100 (CET);Sat Nov 23 2019 10:55:15 GMT+0100 (CET);1574506515000;1.54;381.43;14.71
1380556889530408;25;36.4;Sat Nov 23 2019 11:57:10 GMT+0100 (CET);Sat Nov 23 2019 10:57:10 GMT+0100 (CET);1574506630000;1.95;496.63;14.6
1380556889530408;23.5;36.5;Sat Nov 23 2019 11:59:03 GMT+0100 (CET);Sat Nov 23 2019 10:59:03 GMT+0100 (CET);1574506743000;2.16;509.43;14.71
1380556889530408;23.5;36.4;Sat Nov 23 2019 12:01:00 GMT+0100 (CET);Sat Nov 23 2019 11:01:00 GMT+0100 (CET);1574506860000;1.9;455.67;14.8
1380556889530408;25;36.4;Sat Nov 23 2019 12:02:52 GMT+0100 (CET);Sat Nov 23 2019 11:02:52 GMT+0100 (CET);1574506972000;1.99;476.15;14.82
1380556889530408;25;36.3;Sat Nov 23 2019 12:04:48 GMT+0100 (CET);Sat Nov 23 2019 11:04:48 GMT+0100 (CET);1574507088000;1.63;383.99;14.77
1380556889530408;25;36.3;Sat Nov 23 2019 12:06:40 GMT+0100 (CET);Sat Nov 23 2019 11:06:40 GMT+0100 (CET);1574507200000;1.58;381.43;14.78
1380556889530408;25;36.3;Sat Nov 23 2019 12:09:00 GMT+0100 (CET);Sat Nov 23 2019 11:09:00 GMT+0100 (CET);1574507340000;1.64;394.23;14.83
1380556889530408;25;36.4;Sat Nov 23 2019 12:10:57 GMT+0100 (CET);Sat Nov 23 2019 11:10:57 GMT+0100 (CET);1574507457000;1.55;371.19;14.79
1380556889530408;25;36.4;Sat Nov 23 2019 12:12:51 GMT+0100 (CET);Sat Nov 23 2019 11:12:51 GMT+0100 (CET);1574507571000;1.59;383.99;14.89
1380556889530408;25;36.5;Sat Nov 23 2019 12:14:45 GMT+0100 (CET);Sat Nov 23 2019 11:14:45 GMT+0100 (CET);1574507685000;1.68;407.03;14.85
1380556889530408;25;36.5;Sat Nov 23 2019 12:16:46 GMT+0100 (CET);Sat Nov 23 2019 11:16:46 GMT+0100 (CET);1574507806000;2;481.27;14.86
1380556889530408;25;36.5;Sat Nov 23 2019 12:18:48 GMT+0100 (CET);Sat Nov 23 2019 11:18:48 GMT+0100 (CET);1574507928000;1.81;430.07;15.08
1380556889530408;25;36.3;Sat Nov 23 2019 12:20:41 GMT+0100 (CET);Sat Nov 23 2019 11:20:41 GMT+0100 (CET);1574508041000;1.51;366.07;15.06
1380556889530408;25;36.3;Sat Nov 23 2019 12:22:40 GMT+0100 (CET);Sat Nov 23 2019 11:22:40 GMT+0100 (CET);1574508160000;1.35;330.23;14.83
1380556889530408;23.5;36.5;Sat Nov 23 2019 12:25:33 GMT+0100 (CET);Sat Nov 23 2019 11:25:33 GMT+0100 (CET);1574508333000;1.38;340.47;14.51
1380556889530408;23.5;36.5;Sat Nov 23 2019 12:27:37 GMT+0100 (CET);Sat Nov 23 2019 11:27:37 GMT+0100 (CET);1574508457000;1.45;353.27;14.42
1380556889530408;23.5;36.6;Sat Nov 23 2019 12:29:30 GMT+0100 (CET);Sat Nov 23 2019 11:29:30 GMT+0100 (CET);1574508570000;1.39;337.91;14.35
1380556889530408;23.5;36.5;Sat Nov 23 2019 12:31:27 GMT+0100 (CET);Sat Nov 23 2019 11:31:27 GMT+0100 (CET);1574508687000;1.3;317.01;14.46
1380556889530408;23.5;36.6;Sat Nov 23 2019 12:33:23 GMT+0100 (CET);Sat Nov 23 2019 11:33:23 GMT+0100 (CET);1574508803000;1.37;335.35;14.48
1380556889530408;25;36.6;Sat Nov 23 2019 12:35:16 GMT+0100 (CET);Sat Nov 23 2019 11:35:16 GMT+0100 (CET);1574508916000;1.39;340.47;14.42
1380556889530408;25;36.6;Sat Nov 23 2019 12:37:09 GMT+0100 (CET);Sat Nov 23 2019 11:37:09 GMT+0100 (CET);1574509029000;1.38;337.91;14.43
1380556889530408;23;36.5;Sat Nov 23 2019 12:39:13 GMT+0100 (CET);Sat Nov 23 2019 11:39:13 GMT+0100 (CET);1574509153000;1.34;330.23;14.48
1380556889530408;23;36.5;Sat Nov 23 2019 12:41:22 GMT+0100 (CET);Sat Nov 23 2019 11:41:22 GMT+0100 (CET);1574509282000;1.43;345.59;14.5
1380556889530408;23;36.5;Sat Nov 23 2019 12:43:16 GMT+0100 (CET);Sat Nov 23 2019 11:43:16 GMT+0100 (CET);1574509396000;1.44;345.59;14.53
1380556889530408;23;36.6;Sat Nov 23 2019 12:45:14 GMT+0100 (CET);Sat Nov 23 2019 11:45:14 GMT+0100 (CET);1574509514000;1.37;319.73;14.43
1380556889530408;23;36.5;Sat Nov 23 2019 12:47:11 GMT+0100 (CET);Sat Nov 23 2019 11:47:11 GMT+0100 (CET);1574509631000;1.29;314.55;14.38
1380556889530408;21.5;36.5;Sat Nov 23 2019 12:49:04 GMT+0100 (CET);Sat Nov 23 2019 11:49:04 GMT+0100 (CET);1574509744000;1.34;316.59;14.32
1380556889530408;21.5;36.5;Sat Nov 23 2019 12:51:09 GMT+0100 (CET);Sat Nov 23 2019 11:51:09 GMT+0100 (CET);1574509869000;1.34;320.89;14.26
1380556889530408;21.5;36.5;Sat Nov 23 2019 12:53:22 GMT+0100 (CET);Sat Nov 23 2019 11:53:22 GMT+0100 (CET);1574510002000;1.28;311.46;14.25
1380556889530408;21.5;36.5;Sat Nov 23 2019 12:55:47 GMT+0100 (CET);Sat Nov 23 2019 11:55:47 GMT+0100 (CET);1574510147000;1.28;305.22;14.4
1380556889530408;21.5;36.4;Sat Nov 23 2019 12:57:49 GMT+0100 (CET);Sat Nov 23 2019 11:57:49 GMT+0100 (CET);1574510269000;1.33;316.25;14.53
1380556889530408;21.5;36.4;Sat Nov 23 2019 12:59:42 GMT+0100 (CET);Sat Nov 23 2019 11:59:42 GMT+0100 (CET);1574510382000;1.38;330.23;14.6
1380556889530408;21.5;36.5;Sat Nov 23 2019 13:01:38 GMT+0100 (CET);Sat Nov 23 2019 12:01:38 GMT+0100 (CET);1574510498000;1.34;313.56;14.6
1380556889530408;22;36.4;Sat Nov 23 2019 13:03:40 GMT+0100 (CET);Sat Nov 23 2019 12:03:40 GMT+0100 (CET);1574510620000;1.23;294.47;14.53
1380556889530408;22;36.4;Sat Nov 23 2019 13:05:35 GMT+0100 (CET);Sat Nov 23 2019 12:05:35 GMT+0100 (CET);1574510735000;1.11;267.12;14.48
1380556889530408;21.5;36.5;Sat Nov 23 2019 13:07:33 GMT+0100 (CET);Sat Nov 23 2019 12:07:33 GMT+0100 (CET);1574510853000;1.06;256.33;14.39
1380556889530408;21.5;36.5;Sat Nov 23 2019 13:09:29 GMT+0100 (CET);Sat Nov 23 2019 12:09:29 GMT+0100 (CET);1574510969000;1.02;248.93;14.2
1380556889530408;21.5;36.7;Sat Nov 23 2019 13:11:22 GMT+0100 (CET);Sat Nov 23 2019 12:11:22 GMT+0100 (CET);1574511082000;0.97;235.99;14.1
1380556889530408;21.5;36.7;Sat Nov 23 2019 13:13:20 GMT+0100 (CET);Sat Nov 23 2019 12:13:20 GMT+0100 (CET);1574511200000;0.92;227.2;13.96
1380556889530408;21.5;36.6;Sat Nov 23 2019 13:15:15 GMT+0100 (CET);Sat Nov 23 2019 12:15:15 GMT+0100 (CET);1574511315000;0.86;210.76;13.85
1380556889530408;21.5;36.7;Sat Nov 23 2019 13:17:11 GMT+0100 (CET);Sat Nov 23 2019 12:17:11 GMT+0100 (CET);1574511431000;0.85;209.04;13.78
1380556889530408;21.5;36.8;Sat Nov 23 2019 13:19:05 GMT+0100 (CET);Sat Nov 23 2019 12:19:05 GMT+0100 (CET);1574511545000;0.86;212.14;13.7
1380556889530408;21;36.5;Sat Nov 23 2019 13:22:29 GMT+0100 (CET);Sat Nov 23 2019 12:22:29 GMT+0100 (CET);1574511749000;0.78;190.08;13.63
1380556889530408;21;36.5;Sat Nov 23 2019 13:24:23 GMT+0100 (CET);Sat Nov 23 2019 12:24:23 GMT+0100 (CET);1574511863000;0.76;186.09;13.53
1380556889530408;21;36.6;Sat Nov 23 2019 13:27:08 GMT+0100 (CET);Sat Nov 23 2019 12:27:08 GMT+0100 (CET);1574512028000;0.78;193.1;13.36
1380556889530408;21;36.7;Sat Nov 23 2019 13:29:04 GMT+0100 (CET);Sat Nov 23 2019 12:29:04 GMT+0100 (CET);1574512144000;0.8;198.64;13.25
1380556889530408;21;37.1;Sat Nov 23 2019 13:31:19 GMT+0100 (CET);Sat Nov 23 2019 12:31:19 GMT+0100 (CET);1574512279000;0.8;201.8;13.24
1380556889530408;21;36.9;Sat Nov 23 2019 13:33:16 GMT+0100 (CET);Sat Nov 23 2019 12:33:16 GMT+0100 (CET);1574512396000;0.79;194.71;13.23
1380556889530408;21;36.9;Sat Nov 23 2019 13:35:20 GMT+0100 (CET);Sat Nov 23 2019 12:35:20 GMT+0100 (CET);1574512520000;0.78;191.52;13.22
1380556889530408;19.5;36.8;Sat Nov 23 2019 13:37:37 GMT+0100 (CET);Sat Nov 23 2019 12:37:37 GMT+0100 (CET);1574512657000;0.77;188.57;13.19
1380556889530408;19.5;36.8;Sat Nov 23 2019 13:39:30 GMT+0100 (CET);Sat Nov 23 2019 12:39:30 GMT+0100 (CET);1574512770000;0.76;184.86;13.17
1380556889530408;19.5;36.7;Sat Nov 23 2019 13:41:25 GMT+0100 (CET);Sat Nov 23 2019 12:41:25 GMT+0100 (CET);1574512885000;0.74;177.67;13.17
1380556889530408;19.5;36.3;Sat Nov 23 2019 13:43:52 GMT+0100 (CET);Sat Nov 23 2019 12:43:52 GMT+0100 (CET);1574513032000;0.73;173.89;13.14
1380556889530408;19.5;36.3;Sat Nov 23 2019 13:45:44 GMT+0100 (CET);Sat Nov 23 2019 12:45:44 GMT+0100 (CET);1574513144000;0.7;166.99;13.08
1380556889530408;19.5;35.9;Sat Nov 23 2019 13:47:37 GMT+0100 (CET);Sat Nov 23 2019 12:47:37 GMT+0100 (CET);1574513257000;0.67;156.75;13.03
1380556889530408;19.5;35.9;Sat Nov 23 2019 13:49:32 GMT+0100 (CET);Sat Nov 23 2019 12:49:32 GMT+0100 (CET);1574513372000;0.64;151.69;12.99
1380556889530408;19;35.9;Sat Nov 23 2019 13:52:01 GMT+0100 (CET);Sat Nov 23 2019 12:52:01 GMT+0100 (CET);1574513521000;0.63;148.86;12.9
1380556889530408;19;35.8;Sat Nov 23 2019 13:53:56 GMT+0100 (CET);Sat Nov 23 2019 12:53:56 GMT+0100 (CET);1574513636000;0.62;145.42;12.86
1380556889530408;19;35.6;Sat Nov 23 2019 13:55:50 GMT+0100 (CET);Sat Nov 23 2019 12:55:50 GMT+0100 (CET);1574513750000;0.61;142.32;12.82
1380556889530408;19;35.6;Sat Nov 23 2019 13:58:14 GMT+0100 (CET);Sat Nov 23 2019 12:58:14 GMT+0100 (CET);1574513894000;0.61;141.04;12.78
1380556889530408;19;35.7;Sat Nov 23 2019 14:00:06 GMT+0100 (CET);Sat Nov 23 2019 13:00:06 GMT+0100 (CET);1574514006000;0.6;140.21;12.8
1380556889530408;19;35.6;Sat Nov 23 2019 14:02:09 GMT+0100 (CET);Sat Nov 23 2019 13:02:09 GMT+0100 (CET);1574514129000;0.59;137.53;12.78
1380556889530408;17.5;35.6;Sat Nov 23 2019 14:04:03 GMT+0100 (CET);Sat Nov 23 2019 13:04:03 GMT+0100 (CET);1574514243000;0.59;136.04;12.77
1380556889530408;17.5;35.6;Sat Nov 23 2019 14:06:50 GMT+0100 (CET);Sat Nov 23 2019 13:06:50 GMT+0100 (CET);1574514410000;0.57;131.64;12.74
1380556889530408;17.5;35.4;Sat Nov 23 2019 14:08:54 GMT+0100 (CET);Sat Nov 23 2019 13:08:54 GMT+0100 (CET);1574514534000;0.56;128.2;12.71
1380556889530408;19;35.2;Sat Nov 23 2019 14:10:48 GMT+0100 (CET);Sat Nov 23 2019 13:10:48 GMT+0100 (CET);1574514648000;0.55;126.18;12.66
1380556889530408;19;35.2;Sat Nov 23 2019 14:12:51 GMT+0100 (CET);Sat Nov 23 2019 13:12:51 GMT+0100 (CET);1574514771000;0.54;122.16;12.6
1380556889530408;17.5;34.9;Sat Nov 23 2019 14:14:56 GMT+0100 (CET);Sat Nov 23 2019 13:14:56 GMT+0100 (CET);1574514896000;0.52;118.41;12.53
1380556889530408;17.5;34.8;Sat Nov 23 2019 14:16:51 GMT+0100 (CET);Sat Nov 23 2019 13:16:51 GMT+0100 (CET);1574515011000;0.51;115.05;12.49
1380556889530408;17;34.7;Sat Nov 23 2019 14:18:50 GMT+0100 (CET);Sat Nov 23 2019 13:18:50 GMT+0100 (CET);1574515130000;0.5;111.32;12.44
1380556889530408;17;34.5;Sat Nov 23 2019 14:20:53 GMT+0100 (CET);Sat Nov 23 2019 13:20:53 GMT+0100 (CET);1574515253000;0.48;108.24;12.42
1380556889530408;17;34.5;Sat Nov 23 2019 14:23:04 GMT+0100 (CET);Sat Nov 23 2019 13:23:04 GMT+0100 (CET);1574515384000;0.47;106.48;12.35
1380556889530408;17;34.4;Sat Nov 23 2019 14:24:57 GMT+0100 (CET);Sat Nov 23 2019 13:24:57 GMT+0100 (CET);1574515497000;0.47;103.96;12.3
1380556889530408;17;34.3;Sat Nov 23 2019 14:27:00 GMT+0100 (CET);Sat Nov 23 2019 13:27:00 GMT+0100 (CET);1574515620000;0.46;101.62;12.25
1380556889530408;17;34.3;Sat Nov 23 2019 14:28:54 GMT+0100 (CET);Sat Nov 23 2019 13:28:54 GMT+0100 (CET);1574515734000;0.44;99.72;12.21
1380556889530408;17;34.3;Sat Nov 23 2019 14:30:58 GMT+0100 (CET);Sat Nov 23 2019 13:30:58 GMT+0100 (CET);1574515858000;0.43;97.01;12.16
1380556889530408;17;34.2;Sat Nov 23 2019 14:32:52 GMT+0100 (CET);Sat Nov 23 2019 13:32:52 GMT+0100 (CET);1574515972000;0.43;95.12;12.14
1380556889530408;17;34.1;Sat Nov 23 2019 14:34:54 GMT+0100 (CET);Sat Nov 23 2019 13:34:54 GMT+0100 (CET);1574516094000;0.42;93.01;12.1
1380556889530408;17;34.1;Sat Nov 23 2019 14:37:03 GMT+0100 (CET);Sat Nov 23 2019 13:37:03 GMT+0100 (CET);1574516223000;0.41;90.73;12.06
1380556889530408;17;34.1;Sat Nov 23 2019 14:38:53 GMT+0100 (CET);Sat Nov 23 2019 13:38:53 GMT+0100 (CET);1574516333000;0.4;88.9;12.03
1380556889530408;17;34;Sat Nov 23 2019 14:40:48 GMT+0100 (CET);Sat Nov 23 2019 13:40:48 GMT+0100 (CET);1574516448000;0.39;86.17;12
1380556889530408;17;33.9;Sat Nov 23 2019 14:42:44 GMT+0100 (CET);Sat Nov 23 2019 13:42:44 GMT+0100 (CET);1574516564000;0.38;84.27;11.97
1380556889530408;14.4;34;Sat Nov 23 2019 14:44:37 GMT+0100 (CET);Sat Nov 23 2019 13:44:37 GMT+0100 (CET);1574516677000;0.37;82.55;11.94
1380556889530408;14.4;33.9;Sat Nov 23 2019 14:46:33 GMT+0100 (CET);Sat Nov 23 2019 13:46:33 GMT+0100 (CET);1574516793000;0.36;80.7;11.92
1380556889530408;14.4;33.9;Sat Nov 23 2019 14:48:37 GMT+0100 (CET);Sat Nov 23 2019 13:48:37 GMT+0100 (CET);1574516917000;0.36;78.62;11.88
1380556889530408;14.4;33.9;Sat Nov 23 2019 14:50:31 GMT+0100 (CET);Sat Nov 23 2019 13:50:31 GMT+0100 (CET);1574517031000;0.35;76.8;11.85
1380556889530408;15.9;33.9;Sat Nov 23 2019 14:52:26 GMT+0100 (CET);Sat Nov 23 2019 13:52:26 GMT+0100 (CET);1574517146000;0.34;75.17;11.83
1380556889530408;15.9;33.8;Sat Nov 23 2019 14:54:59 GMT+0100 (CET);Sat Nov 23 2019 13:54:59 GMT+0100 (CET);1574517299000;0.33;72.09;11.79
1380556889530408;14.4;33.7;Sat Nov 23 2019 14:56:52 GMT+0100 (CET);Sat Nov 23 2019 13:56:52 GMT+0100 (CET);1574517412000;0.31;70.12;11.76
1380556889530408;14.4;33.7;Sat Nov 23 2019 14:58:45 GMT+0100 (CET);Sat Nov 23 2019 13:58:45 GMT+0100 (CET);1574517525000;0.31;68.44;11.72
1380556889530408;14.4;33.5;Sat Nov 23 2019 15:00:40 GMT+0100 (CET);Sat Nov 23 2019 14:00:40 GMT+0100 (CET);1574517640000;0.3;66.91;11.69
1380556889530408;14.4;33.4;Sat Nov 23 2019 15:02:57 GMT+0100 (CET);Sat Nov 23 2019 14:02:57 GMT+0100 (CET);1574517777000;0.29;65.22;11.66
1380556889530408;14.4;33.5;Sat Nov 23 2019 15:04:50 GMT+0100 (CET);Sat Nov 23 2019 14:04:50 GMT+0100 (CET);1574517890000;0.29;63.03;11.64
1380556889530408;14.4;33.5;Sat Nov 23 2019 15:06:45 GMT+0100 (CET);Sat Nov 23 2019 14:06:45 GMT+0100 (CET);1574518005000;0.28;61.11;11.6
1380556889530408;14.4;33.4;Sat Nov 23 2019 15:08:38 GMT+0100 (CET);Sat Nov 23 2019 14:08:38 GMT+0100 (CET);1574518118000;0.27;59.48;11.55
1380556889530408;14.4;33.2;Sat Nov 23 2019 15:11:21 GMT+0100 (CET);Sat Nov 23 2019 14:11:21 GMT+0100 (CET);1574518281000;0.26;56.73;11.5
1380556889530408;14.4;33.2;Sat Nov 23 2019 15:13:14 GMT+0100 (CET);Sat Nov 23 2019 14:13:14 GMT+0100 (CET);1574518394000;0.25;54.99;11.46
1380556889530408;14.4;33.1;Sat Nov 23 2019 15:15:06 GMT+0100 (CET);Sat Nov 23 2019 14:15:06 GMT+0100 (CET);1574518506000;0.24;52.42;11.42
1380556889530408;13.4;32.9;Sat Nov 23 2019 15:17:01 GMT+0100 (CET);Sat Nov 23 2019 14:17:01 GMT+0100 (CET);1574518621000;0.23;49.9;11.38
1380556889530408;13.4;32.9;Sat Nov 23 2019 15:19:00 GMT+0100 (CET);Sat Nov 23 2019 14:19:00 GMT+0100 (CET);1574518740000;0.21;47.47;11.33
1380556889530408;13.4;32.6;Sat Nov 23 2019 15:20:53 GMT+0100 (CET);Sat Nov 23 2019 14:20:53 GMT+0100 (CET);1574518853000;0.21;45.1;11.3
1380556889530408;13.4;32.5;Sat Nov 23 2019 15:22:46 GMT+0100 (CET);Sat Nov 23 2019 14:22:46 GMT+0100 (CET);1574518966000;0.19;42.53;11.25
1380556889530408;13.4;32.5;Sat Nov 23 2019 15:24:51 GMT+0100 (CET);Sat Nov 23 2019 14:24:51 GMT+0100 (CET);1574519091000;0.18;39.72;11.18
1380556889530408;13.4;32.3;Sat Nov 23 2019 15:26:50 GMT+0100 (CET);Sat Nov 23 2019 14:26:50 GMT+0100 (CET);1574519210000;0.17;37.43;11.11
1380556889530408;13.4;32.2;Sat Nov 23 2019 15:28:45 GMT+0100 (CET);Sat Nov 23 2019 14:28:45 GMT+0100 (CET);1574519325000;0.17;35.3;11.05
1380556889530408;12.9;31.9;Sat Nov 23 2019 15:30:37 GMT+0100 (CET);Sat Nov 23 2019 14:30:37 GMT+0100 (CET);1574519437000;0.15;33.26;10.96
1380556889530408;12.9;31.9;Sat Nov 23 2019 15:32:30 GMT+0100 (CET);Sat Nov 23 2019 14:32:30 GMT+0100 (CET);1574519550000;0.15;31.79;10.89
1380556889530408;12.9;31.8;Sat Nov 23 2019 15:34:30 GMT+0100 (CET);Sat Nov 23 2019 14:34:30 GMT+0100 (CET);1574519670000;0.14;30.63;10.82
1380556889530408;12.9;31.5;Sat Nov 23 2019 15:36:49 GMT+0100 (CET);Sat Nov 23 2019 14:36:49 GMT+0100 (CET);1574519809000;0.13;28.34;10.71
1380556889530408;12.9;31.2;Sat Nov 23 2019 15:38:49 GMT+0100 (CET);Sat Nov 23 2019 14:38:49 GMT+0100 (CET);1574519929000;0.13;26.9;10.64
1380556889530408;12.9;31.1;Sat Nov 23 2019 15:40:45 GMT+0100 (CET);Sat Nov 23 2019 14:40:45 GMT+0100 (CET);1574520045000;0.12;26.05;10.58
1380556889530408;12.9;31.3;Sat Nov 23 2019 15:42:43 GMT+0100 (CET);Sat Nov 23 2019 14:42:43 GMT+0100 (CET);1574520163000;0.11;24.68;10.53
1380556889530408;11.4;31.1;Sat Nov 23 2019 15:44:36 GMT+0100 (CET);Sat Nov 23 2019 14:44:36 GMT+0100 (CET);1574520276000;0.11;23.49;10.47
1380556889530408;11.4;31;Sat Nov 23 2019 15:46:31 GMT+0100 (CET);Sat Nov 23 2019 14:46:31 GMT+0100 (CET);1574520391000;0.1;21.9;10.42
1380556889530408;11.4;30.5;Sat Nov 23 2019 15:48:27 GMT+0100 (CET);Sat Nov 23 2019 14:48:27 GMT+0100 (CET);1574520507000;0.09;20.82;10.37
1380556889530408;11.4;30.4;Sat Nov 23 2019 15:50:50 GMT+0100 (CET);Sat Nov 23 2019 14:50:50 GMT+0100 (CET);1574520650000;0.09;19.46;10.31
1380556889530408;11.4;29.9;Sat Nov 23 2019 15:52:58 GMT+0100 (CET);Sat Nov 23 2019 14:52:58 GMT+0100 (CET);1574520778000;0.08;17.88;10.25
1380556889530408;10.9;29.8;Sat Nov 23 2019 15:54:52 GMT+0100 (CET);Sat Nov 23 2019 14:54:52 GMT+0100 (CET);1574520892000;0.07;16.4;10.2
1380556889530408;10.9;29.8;Sat Nov 23 2019 15:56:56 GMT+0100 (CET);Sat Nov 23 2019 14:56:56 GMT+0100 (CET);1574521016000;0.07;14.48;10.12
1380556889530408;10.9;29.5;Sat Nov 23 2019 15:58:48 GMT+0100 (CET);Sat Nov 23 2019 14:58:48 GMT+0100 (CET);1574521128000;0;12.55;10.04
1380556889530408;10.9;28.6;Sat Nov 23 2019 16:00:41 GMT+0100 (CET);Sat Nov 23 2019 15:00:41 GMT+0100 (CET);1574521241000;0;11.47;9.96
1380556889530408;10.9;28.4;Sat Nov 23 2019 16:02:34 GMT+0100 (CET);Sat Nov 23 2019 15:02:34 GMT+0100 (CET);1574521354000;0;9.96;9.84
1380556889530408;10.9;27.5;Sat Nov 23 2019 16:04:21 GMT+0100 (CET);Sat Nov 23 2019 15:04:21 GMT+0100 (CET);1574521461000;0;8.66;9.75
1380556889530408;10.9;27.1;Sat Nov 23 2019 16:06:46 GMT+0100 (CET);Sat Nov 23 2019 15:06:46 GMT+0100 (CET);1574521606000;0;6.98;9.6
1380556889530408;9.4;26.6;Sat Nov 23 2019 16:08:55 GMT+0100 (CET);Sat Nov 23 2019 15:08:55 GMT+0100 (CET);1574521735000;0;5.98;9.51
1380556889530408;9.4;33.2;Sat Nov 23 2019 16:10:58 GMT+0100 (CET);Sat Nov 23 2019 15:10:58 GMT+0100 (CET);1574521858000;0;5.05;9.41
1380556889530408;10.9;32.6;Sat Nov 23 2019 16:12:53 GMT+0100 (CET);Sat Nov 23 2019 15:12:53 GMT+0100 (CET);1574521973000;0;3.79;9.33
1380556889530408;10.9;27.8;Sat Nov 23 2019 16:14:48 GMT+0100 (CET);Sat Nov 23 2019 15:14:48 GMT+0100 (CET);1574522088000;0;3.17;9.24
1380556889530408;10.9;29.7;Sat Nov 23 2019 16:16:45 GMT+0100 (CET);Sat Nov 23 2019 15:16:45 GMT+0100 (CET);1574522205000;0;2.61;9.2
1380556889530408;10.9;26.1;Sat Nov 23 2019 16:18:40 GMT+0100 (CET);Sat Nov 23 2019 15:18:40 GMT+0100 (CET);1574522320000;0;1.7;9.11
1380556889530408;8.9;22.3;Sat Nov 23 2019 16:20:57 GMT+0100 (CET);Sat Nov 23 2019 15:20:57 GMT+0100 (CET);1574522457000;0;0.97;9.03
1380556889530408;8.9;22.3;Sat Nov 23 2019 16:22:50 GMT+0100 (CET);Sat Nov 23 2019 15:22:50 GMT+0100 (CET);1574522570000;0;0.57;8.98
1380556889530408;8.9;22.3;Sat Nov 23 2019 16:24:43 GMT+0100 (CET);Sat Nov 23 2019 15:24:43 GMT+0100 (CET);1574522683000;0;0.45;8.94
1380556889530408;0.8;32.5;Sun Nov 24 2019 07:47:33 GMT+0100 (CET);Sun Nov 24 2019 06:47:33 GMT+0100 (CET);1574578053000;0;5.85;3.77
1380556889530408;0.8;34.1;Sun Nov 24 2019 07:49:30 GMT+0100 (CET);Sun Nov 24 2019 06:49:30 GMT+0100 (CET);1574578170000;0;6.77;3.78
1380556889530408;0.8;35.1;Sun Nov 24 2019 07:51:27 GMT+0100 (CET);Sun Nov 24 2019 06:51:27 GMT+0100 (CET);1574578287000;0;7.83;3.79
1380556889530408;4.9;35.1;Sun Nov 24 2019 07:53:22 GMT+0100 (CET);Sun Nov 24 2019 06:53:22 GMT+0100 (CET);1574578402000;0;8.86;3.82
1380556889530408;4.9;24.4;Sun Nov 24 2019 07:55:53 GMT+0100 (CET);Sun Nov 24 2019 06:55:53 GMT+0100 (CET);1574578553000;0;10.57;3.85
1380556889530408;4.9;24.4;Sun Nov 24 2019 07:57:51 GMT+0100 (CET);Sun Nov 24 2019 06:57:51 GMT+0100 (CET);1574578671000;0;11.29;3.88
1380556889530408;4.9;27;Sun Nov 24 2019 07:59:56 GMT+0100 (CET);Sun Nov 24 2019 06:59:56 GMT+0100 (CET);1574578796000;0;12.64;3.91
1380556889530408;4.9;27.3;Sun Nov 24 2019 08:01:50 GMT+0100 (CET);Sun Nov 24 2019 07:01:50 GMT+0100 (CET);1574578910000;0;14.24;3.94
1380556889530408;2.3;29.4;Sun Nov 24 2019 08:03:59 GMT+0100 (CET);Sun Nov 24 2019 07:03:59 GMT+0100 (CET);1574579039000;0.06;15.11;3.96
1380556889530408;2.3;29.1;Sun Nov 24 2019 08:06:00 GMT+0100 (CET);Sun Nov 24 2019 07:06:00 GMT+0100 (CET);1574579160000;0.07;15.7;3.95
1380556889530408;2.8;29.8;Sun Nov 24 2019 08:08:16 GMT+0100 (CET);Sun Nov 24 2019 07:08:16 GMT+0100 (CET);1574579296000;0.08;17.05;3.98
1380556889530408;2.8;30.7;Sun Nov 24 2019 08:10:28 GMT+0100 (CET);Sun Nov 24 2019 07:10:28 GMT+0100 (CET);1574579428000;0.08;18.47;4
1380556889530408;3.4;30.9;Sun Nov 24 2019 08:12:28 GMT+0100 (CET);Sun Nov 24 2019 07:12:28 GMT+0100 (CET);1574579548000;0.09;19.65;4.01
1380556889530408;3.4;30.9;Sun Nov 24 2019 08:14:31 GMT+0100 (CET);Sun Nov 24 2019 07:14:31 GMT+0100 (CET);1574579671000;0.09;20.89;4
1380556889530408;4.9;31.2;Sun Nov 24 2019 08:16:32 GMT+0100 (CET);Sun Nov 24 2019 07:16:32 GMT+0100 (CET);1574579792000;0.1;22.26;4.05
1380556889530408;4.9;31.3;Sun Nov 24 2019 08:19:14 GMT+0100 (CET);Sun Nov 24 2019 07:19:14 GMT+0100 (CET);1574579954000;0.11;23.41;4.1
1380556889530408;4.9;31.6;Sun Nov 24 2019 08:21:15 GMT+0100 (CET);Sun Nov 24 2019 07:21:15 GMT+0100 (CET);1574580075000;0.11;24.2;4.13
1380556889530408;4.9;31.9;Sun Nov 24 2019 08:23:40 GMT+0100 (CET);Sun Nov 24 2019 07:23:40 GMT+0100 (CET);1574580220000;0.12;25.43;4.18
1380556889530408;5.4;31.9;Sun Nov 24 2019 08:25:51 GMT+0100 (CET);Sun Nov 24 2019 07:25:51 GMT+0100 (CET);1574580351000;0.12;26.97;4.25
1380556889530408;5.4;32.2;Sun Nov 24 2019 08:27:52 GMT+0100 (CET);Sun Nov 24 2019 07:27:52 GMT+0100 (CET);1574580472000;0.13;27.78;4.29
1380556889530408;5.4;32.3;Sun Nov 24 2019 08:30:04 GMT+0100 (CET);Sun Nov 24 2019 07:30:04 GMT+0100 (CET);1574580604000;0.14;29.05;4.34
1380556889530408;5.4;32.4;Sun Nov 24 2019 08:32:00 GMT+0100 (CET);Sun Nov 24 2019 07:32:00 GMT+0100 (CET);1574580720000;0.14;30.22;4.39
1380556889530408;5.4;32.3;Sun Nov 24 2019 08:33:55 GMT+0100 (CET);Sun Nov 24 2019 07:33:55 GMT+0100 (CET);1574580835000;0.14;31.34;4.45
1380556889530408;5.4;32.8;Sun Nov 24 2019 08:36:20 GMT+0100 (CET);Sun Nov 24 2019 07:36:20 GMT+0100 (CET);1574580980000;0.15;32.89;4.54
1380556889530408;5.4;32.6;Sun Nov 24 2019 08:38:34 GMT+0100 (CET);Sun Nov 24 2019 07:38:34 GMT+0100 (CET);1574581114000;0.16;34;4.58
1380556889530408;5.9;32.8;Sun Nov 24 2019 08:40:34 GMT+0100 (CET);Sun Nov 24 2019 07:40:34 GMT+0100 (CET);1574581234000;0.16;35.02;4.62
1380556889530408;5.9;33;Sun Nov 24 2019 08:42:36 GMT+0100 (CET);Sun Nov 24 2019 07:42:36 GMT+0100 (CET);1574581356000;0.17;36.15;4.65
1380556889530408;5.9;32.9;Sun Nov 24 2019 08:44:37 GMT+0100 (CET);Sun Nov 24 2019 07:44:37 GMT+0100 (CET);1574581477000;0.18;38.02;4.7
1380556889530408;5.9;33.2;Sun Nov 24 2019 08:46:39 GMT+0100 (CET);Sun Nov 24 2019 07:46:39 GMT+0100 (CET);1574581599000;0.19;39.09;4.73
1380556889530408;5.9;33.2;Sun Nov 24 2019 08:48:35 GMT+0100 (CET);Sun Nov 24 2019 07:48:35 GMT+0100 (CET);1574581715000;0.19;40.56;4.78
1380556889530408;6.9;33.3;Sun Nov 24 2019 08:50:50 GMT+0100 (CET);Sun Nov 24 2019 07:50:50 GMT+0100 (CET);1574581850000;0.2;41.86;4.82
1380556889530408;6.9;33.4;Sun Nov 24 2019 08:53:18 GMT+0100 (CET);Sun Nov 24 2019 07:53:18 GMT+0100 (CET);1574581998000;0.2;43.54;4.88
1380556889530408;6.9;33.4;Sun Nov 24 2019 08:55:45 GMT+0100 (CET);Sun Nov 24 2019 07:55:45 GMT+0100 (CET);1574582145000;0.21;45.76;4.94
1380556889530408;6.9;33.7;Sun Nov 24 2019 09:00:16 GMT+0100 (CET);Sun Nov 24 2019 08:00:16 GMT+0100 (CET);1574582416000;0.23;48.94;5.05
1380556889530408;6.9;33.7;Sun Nov 24 2019 09:02:18 GMT+0100 (CET);Sun Nov 24 2019 08:02:18 GMT+0100 (CET);1574582538000;0.24;50.83;5.1
1380556889530408;21;36.2;Sun Nov 24 2019 10:47:41 GMT+0100 (CET);Sun Nov 24 2019 09:47:41 GMT+0100 (CET);1574588861000;0.94;222.63;11.48
1380556889530408;19;36.3;Sun Nov 24 2019 11:05:19 GMT+0100 (CET);Sun Nov 24 2019 10:05:19 GMT+0100 (CET);1574589919000;0.86;222.63;11.48
1380556889530408;17.5;35.7;Sun Nov 24 2019 11:12:42 GMT+0100 (CET);Sun Nov 24 2019 10:12:42 GMT+0100 (CET);1574590362000;0.81;178.43;11.04
1380556889530408;17.5;35.8;Sun Nov 24 2019 11:18:29 GMT+0100 (CET);Sun Nov 24 2019 10:18:29 GMT+0100 (CET);1574590709000;0.79;174.51;10.68
1380556889530408;17;35.9;Sun Nov 24 2019 11:24:36 GMT+0100 (CET);Sun Nov 24 2019 10:24:36 GMT+0100 (CET);1574591076000;0.79;174.07;10.57
1380556889530408;17;36;Sun Nov 24 2019 11:27:42 GMT+0100 (CET);Sun Nov 24 2019 10:27:42 GMT+0100 (CET);1574591262000;0.78;174.97;10.56
1380556889530408;17;36.2;Sun Nov 24 2019 11:30:35 GMT+0100 (CET);Sun Nov 24 2019 10:30:35 GMT+0100 (CET);1574591435000;0.78;176.9;10.55
1380556889530408;17;36.4;Sun Nov 24 2019 11:32:28 GMT+0100 (CET);Sun Nov 24 2019 10:32:28 GMT+0100 (CET);1574591548000;0.8;181.65;10.53
1380556889530408;17;36.5;Sun Nov 24 2019 11:34:24 GMT+0100 (CET);Sun Nov 24 2019 10:34:24 GMT+0100 (CET);1574591664000;0.86;196.27;10.5
1380556889530408;17;36.6;Sun Nov 24 2019 11:36:25 GMT+0100 (CET);Sun Nov 24 2019 10:36:25 GMT+0100 (CET);1574591785000;1.09;255.31;10.56
1380556889530408;17;36.9;Sun Nov 24 2019 11:38:18 GMT+0100 (CET);Sun Nov 24 2019 10:38:18 GMT+0100 (CET);1574591898000;1.25;289.36;10.76
1380556889530408;17.5;36.8;Sun Nov 24 2019 11:40:11 GMT+0100 (CET);Sun Nov 24 2019 10:40:11 GMT+0100 (CET);1574592011000;1.17;266.28;11.03
1380556889530408;17.5;36.6;Sun Nov 24 2019 11:42:04 GMT+0100 (CET);Sun Nov 24 2019 10:42:04 GMT+0100 (CET);1574592124000;1.02;228.66;11.27
1380556889530408;17.5;36.3;Sun Nov 24 2019 11:43:57 GMT+0100 (CET);Sun Nov 24 2019 10:43:57 GMT+0100 (CET);1574592237000;0.87;196.29;11.31
1380556889530408;17.5;35.9;Sun Nov 24 2019 11:45:50 GMT+0100 (CET);Sun Nov 24 2019 10:45:50 GMT+0100 (CET);1574592350000;0.82;181.37;11.32
1380556889530408;17.5;35.8;Sun Nov 24 2019 11:47:44 GMT+0100 (CET);Sun Nov 24 2019 10:47:44 GMT+0100 (CET);1574592464000;0.79;175.77;11.25
1380556889530408;19;35.8;Sun Nov 24 2019 11:49:37 GMT+0100 (CET);Sun Nov 24 2019 10:49:37 GMT+0100 (CET);1574592577000;0.78;173.67;11.22
1380556889530408;19;35.6;Sun Nov 24 2019 11:51:30 GMT+0100 (CET);Sun Nov 24 2019 10:51:30 GMT+0100 (CET);1574592690000;0.78;173.66;11.2
1380556889530408;19;35.7;Sun Nov 24 2019 11:53:22 GMT+0100 (CET);Sun Nov 24 2019 10:53:22 GMT+0100 (CET);1574592802000;0.78;174.41;11.19
1380556889530408;19;35.9;Sun Nov 24 2019 11:55:15 GMT+0100 (CET);Sun Nov 24 2019 10:55:15 GMT+0100 (CET);1574592915000;0.79;177.96;11.11
1380556889530408;19;36.3;Sun Nov 24 2019 11:57:09 GMT+0100 (CET);Sun Nov 24 2019 10:57:09 GMT+0100 (CET);1574593029000;0.87;202.69;11.08
1380556889530408;17.5;36.7;Sun Nov 24 2019 11:59:02 GMT+0100 (CET);Sun Nov 24 2019 10:59:02 GMT+0100 (CET);1574593142000;1.14;259.03;11.08
1380556889530408;17.5;36.5;Sun Nov 24 2019 12:00:54 GMT+0100 (CET);Sun Nov 24 2019 11:00:54 GMT+0100 (CET);1574593254000;1.03;234.83;11.14
1380556889530408;17.5;36.4;Sun Nov 24 2019 12:02:48 GMT+0100 (CET);Sun Nov 24 2019 11:02:48 GMT+0100 (CET);1574593368000;0.95;213.59;11.21
1380556889530408;17.5;36.2;Sun Nov 24 2019 12:04:40 GMT+0100 (CET);Sun Nov 24 2019 11:04:40 GMT+0100 (CET);1574593480000;0.89;201.02;11.25
1380556889530408;17.5;36.2;Sun Nov 24 2019 12:06:55 GMT+0100 (CET);Sun Nov 24 2019 11:06:55 GMT+0100 (CET);1574593615000;0.83;187.13;11.21
1380556889530408;19;35.7;Sun Nov 24 2019 12:08:48 GMT+0100 (CET);Sun Nov 24 2019 11:08:48 GMT+0100 (CET);1574593728000;0.82;180.33;11.22
1380556889530408;19;35.5;Sun Nov 24 2019 12:10:40 GMT+0100 (CET);Sun Nov 24 2019 11:10:40 GMT+0100 (CET);1574593840000;0.81;176.11;11.19
1380556889530408;19;35.4;Sun Nov 24 2019 12:12:34 GMT+0100 (CET);Sun Nov 24 2019 11:12:34 GMT+0100 (CET);1574593954000;0.8;172.85;11.19
1380556889530408;19;35.4;Sun Nov 24 2019 12:14:26 GMT+0100 (CET);Sun Nov 24 2019 11:14:26 GMT+0100 (CET);1574594066000;0.79;171.43;11.21
1380556889530408;19;35.4;Sun Nov 24 2019 12:16:19 GMT+0100 (CET);Sun Nov 24 2019 11:16:19 GMT+0100 (CET);1574594179000;0.78;169.11;11.21
1380556889530408;17.5;35.4;Sun Nov 24 2019 12:18:12 GMT+0100 (CET);Sun Nov 24 2019 11:18:12 GMT+0100 (CET);1574594292000;0.77;167.07;11.18
1380556889530408;17.5;35.4;Sun Nov 24 2019 12:20:06 GMT+0100 (CET);Sun Nov 24 2019 11:20:06 GMT+0100 (CET);1574594406000;0.77;164.99;11.17
1380556889530408;17.5;35.4;Sun Nov 24 2019 12:21:59 GMT+0100 (CET);Sun Nov 24 2019 11:21:59 GMT+0100 (CET);1574594519000;0.75;162.51;11.13
1380556889530408;17.5;35.4;Sun Nov 24 2019 12:23:52 GMT+0100 (CET);Sun Nov 24 2019 11:23:52 GMT+0100 (CET);1574594632000;0.74;159.58;11.14
1380556889530408;17.5;35.3;Sun Nov 24 2019 12:25:45 GMT+0100 (CET);Sun Nov 24 2019 11:25:45 GMT+0100 (CET);1574594745000;0.73;155.67;11.18
1380556889530408;17.5;35.3;Sun Nov 24 2019 12:27:38 GMT+0100 (CET);Sun Nov 24 2019 11:27:38 GMT+0100 (CET);1574594858000;0.71;152.26;11.2
1380556889530408;17.5;35.3;Sun Nov 24 2019 12:29:30 GMT+0100 (CET);Sun Nov 24 2019 11:29:30 GMT+0100 (CET);1574594970000;0.69;147.64;11.16
1380556889530408;17.5;35.2;Sun Nov 24 2019 12:31:23 GMT+0100 (CET);Sun Nov 24 2019 11:31:23 GMT+0100 (CET);1574595083000;0.67;143.7;11.14
1380556889530408;17.5;35.2;Sun Nov 24 2019 12:33:16 GMT+0100 (CET);Sun Nov 24 2019 11:33:16 GMT+0100 (CET);1574595196000;0.64;139.13;11.12
1380556889530408;17.5;35.1;Sun Nov 24 2019 12:35:10 GMT+0100 (CET);Sun Nov 24 2019 11:35:10 GMT+0100 (CET);1574595310000;0.62;134.51;11.14
1380556889530408;17;35;Sun Nov 24 2019 12:37:02 GMT+0100 (CET);Sun Nov 24 2019 11:37:02 GMT+0100 (CET);1574595422000;0.61;130.76;11.14
1380556889530408;17;35;Sun Nov 24 2019 12:38:56 GMT+0100 (CET);Sun Nov 24 2019 11:38:56 GMT+0100 (CET);1574595536000;0.6;127.46;11.1
1380556889530408;17;35;Sun Nov 24 2019 12:40:48 GMT+0100 (CET);Sun Nov 24 2019 11:40:48 GMT+0100 (CET);1574595648000;0.58;124.69;11
1380556889530408;17;35;Sun Nov 24 2019 12:42:41 GMT+0100 (CET);Sun Nov 24 2019 11:42:41 GMT+0100 (CET);1574595761000;0.57;122.66;10.97
1380556889530408;17;35;Sun Nov 24 2019 12:44:34 GMT+0100 (CET);Sun Nov 24 2019 11:44:34 GMT+0100 (CET);1574595874000;0.56;120.76;10.92
1380556889530408;17;34.8;Sun Nov 24 2019 12:46:27 GMT+0100 (CET);Sun Nov 24 2019 11:46:27 GMT+0100 (CET);1574595987000;0.56;119.29;10.85
1380556889530408;17;34.9;Sun Nov 24 2019 12:48:20 GMT+0100 (CET);Sun Nov 24 2019 11:48:20 GMT+0100 (CET);1574596100000;0.56;118.34;10.8
1380556889530408;17;34.6;Sun Nov 24 2019 12:50:13 GMT+0100 (CET);Sun Nov 24 2019 11:50:13 GMT+0100 (CET);1574596213000;0.56;117.79;10.75
1380556889530408;17;34.7;Sun Nov 24 2019 12:52:11 GMT+0100 (CET);Sun Nov 24 2019 11:52:11 GMT+0100 (CET);1574596331000;0.55;116.82;10.69
1380556889530408;17;34.7;Sun Nov 24 2019 12:54:04 GMT+0100 (CET);Sun Nov 24 2019 11:54:04 GMT+0100 (CET);1574596444000;0.55;116.23;10.67
1380556889530408;17;34.7;Sun Nov 24 2019 12:55:57 GMT+0100 (CET);Sun Nov 24 2019 11:55:57 GMT+0100 (CET);1574596557000;0.55;115.53;10.6
1380556889530408;17;34.7;Sun Nov 24 2019 12:57:51 GMT+0100 (CET);Sun Nov 24 2019 11:57:51 GMT+0100 (CET);1574596671000;0.55;115.64;10.57
1380556889530408;17;34.9;Sun Nov 24 2019 12:59:43 GMT+0100 (CET);Sun Nov 24 2019 11:59:43 GMT+0100 (CET);1574596783000;0.56;118.25;10.5
1380556889530408;17;35.5;Sun Nov 24 2019 13:01:36 GMT+0100 (CET);Sun Nov 24 2019 12:01:36 GMT+0100 (CET);1574596896000;0.57;124.21;10.46
1380556889530408;17;35.8;Sun Nov 24 2019 13:03:32 GMT+0100 (CET);Sun Nov 24 2019 12:03:32 GMT+0100 (CET);1574597012000;0.58;127.82;10.43
1380556889530408;17;35.8;Sun Nov 24 2019 13:05:24 GMT+0100 (CET);Sun Nov 24 2019 12:05:24 GMT+0100 (CET);1574597124000;0.57;124.12;10.46
1380556889530408;17;35.7;Sun Nov 24 2019 13:07:17 GMT+0100 (CET);Sun Nov 24 2019 12:07:17 GMT+0100 (CET);1574597237000;0.54;113.72;10.46
1380556889530408;17;34.9;Sun Nov 24 2019 13:09:13 GMT+0100 (CET);Sun Nov 24 2019 12:09:13 GMT+0100 (CET);1574597353000;0.51;108.73;10.44
1380556889530408;17;34.6;Sun Nov 24 2019 13:11:05 GMT+0100 (CET);Sun Nov 24 2019 12:11:05 GMT+0100 (CET);1574597465000;0.5;104.55;10.43
1380556889530408;17;34.5;Sun Nov 24 2019 13:12:58 GMT+0100 (CET);Sun Nov 24 2019 12:12:58 GMT+0100 (CET);1574597578000;0.49;100.82;10.43
1380556889530408;14.4;34.4;Sun Nov 24 2019 13:14:51 GMT+0100 (CET);Sun Nov 24 2019 12:14:51 GMT+0100 (CET);1574597691000;0.47;98.17;10.44
1380556889530408;14.4;34.4;Sun Nov 24 2019 13:16:47 GMT+0100 (CET);Sun Nov 24 2019 12:16:47 GMT+0100 (CET);1574597807000;0.46;95.49;10.42
1380556889530408;14.4;34.5;Sun Nov 24 2019 13:18:41 GMT+0100 (CET);Sun Nov 24 2019 12:18:41 GMT+0100 (CET);1574597921000;0.45;93.32;10.39
1380556889530408;14.4;34.4;Sun Nov 24 2019 13:20:36 GMT+0100 (CET);Sun Nov 24 2019 12:20:36 GMT+0100 (CET);1574598036000;0.44;92.02;10.4
1380556889530408;14.4;34.4;Sun Nov 24 2019 13:22:29 GMT+0100 (CET);Sun Nov 24 2019 12:22:29 GMT+0100 (CET);1574598149000;0.43;91.1;10.36
1380556889530408;14.4;34.3;Sun Nov 24 2019 13:24:24 GMT+0100 (CET);Sun Nov 24 2019 12:24:24 GMT+0100 (CET);1574598264000;0.43;90.14;10.32
1380556889530408;14.4;34.4;Sun Nov 24 2019 13:26:17 GMT+0100 (CET);Sun Nov 24 2019 12:26:17 GMT+0100 (CET);1574598377000;0.43;89.27;10.34
1380556889530408;14.4;34.3;Sun Nov 24 2019 13:28:11 GMT+0100 (CET);Sun Nov 24 2019 12:28:11 GMT+0100 (CET);1574598491000;0.42;89.2;10.35
1380556889530408;14.4;34.4;Sun Nov 24 2019 13:30:04 GMT+0100 (CET);Sun Nov 24 2019 12:30:04 GMT+0100 (CET);1574598604000;0.42;89.61;10.38
1380556889530408;14.4;34.6;Sun Nov 24 2019 13:31:57 GMT+0100 (CET);Sun Nov 24 2019 12:31:57 GMT+0100 (CET);1574598717000;0.43;91.02;10.35
1380556889530408;14.4;34.7;Sun Nov 24 2019 13:33:50 GMT+0100 (CET);Sun Nov 24 2019 12:33:50 GMT+0100 (CET);1574598830000;0.43;92.87;10.34
1380556889530408;14.4;34.8;Sun Nov 24 2019 13:35:42 GMT+0100 (CET);Sun Nov 24 2019 12:35:42 GMT+0100 (CET);1574598942000;0.45;97.93;10.38
1380556889530408;14.4;35;Sun Nov 24 2019 13:37:37 GMT+0100 (CET);Sun Nov 24 2019 12:37:37 GMT+0100 (CET);1574599057000;0.48;108.55;10.4
1380556889530408;14.4;35.6;Sun Nov 24 2019 13:39:49 GMT+0100 (CET);Sun Nov 24 2019 12:39:49 GMT+0100 (CET);1574599189000;0.63;148.44;10.52
1380556889530408;17;36.8;Sun Nov 24 2019 13:41:42 GMT+0100 (CET);Sun Nov 24 2019 12:41:42 GMT+0100 (CET);1574599302000;0.63;148.74;10.61
1380556889530408;17;36.7;Sun Nov 24 2019 13:43:35 GMT+0100 (CET);Sun Nov 24 2019 12:43:35 GMT+0100 (CET);1574599415000;0.64;150.35;10.75
1380556889530408;17;36.8;Sun Nov 24 2019 13:45:28 GMT+0100 (CET);Sun Nov 24 2019 12:45:28 GMT+0100 (CET);1574599528000;0.68;158.14;10.89
1380556889530408;17;36.7;Sun Nov 24 2019 13:47:22 GMT+0100 (CET);Sun Nov 24 2019 12:47:22 GMT+0100 (CET);1574599642000;0.65;151.09;10.97
1380556889530408;17;36.7;Sun Nov 24 2019 13:49:16 GMT+0100 (CET);Sun Nov 24 2019 12:49:16 GMT+0100 (CET);1574599756000;0.65;151.18;11.04
1380556889530408;17;36.7;Sun Nov 24 2019 13:51:09 GMT+0100 (CET);Sun Nov 24 2019 12:51:09 GMT+0100 (CET);1574599869000;0.64;147.61;11.11
1380556889530408;17;36.3;Sun Nov 24 2019 13:53:02 GMT+0100 (CET);Sun Nov 24 2019 12:53:02 GMT+0100 (CET);1574599982000;0.61;137.91;11.16
1380556889530408;17;35.9;Sun Nov 24 2019 13:54:55 GMT+0100 (CET);Sun Nov 24 2019 12:54:55 GMT+0100 (CET);1574600095000;0.6;132.36;11.17
1380556889530408;17;35.5;Sun Nov 24 2019 13:56:48 GMT+0100 (CET);Sun Nov 24 2019 12:56:48 GMT+0100 (CET);1574600208000;0.59;129.86;11.17
1380556889530408;17;35.2;Sun Nov 24 2019 13:58:40 GMT+0100 (CET);Sun Nov 24 2019 12:58:40 GMT+0100 (CET);1574600320000;0.6;129.48;11.17
1380556889530408;17;35.2;Sun Nov 24 2019 14:00:33 GMT+0100 (CET);Sun Nov 24 2019 13:00:33 GMT+0100 (CET);1574600433000;0.59;129.1;11.14
1380556889530408;17;35.2;Sun Nov 24 2019 14:02:26 GMT+0100 (CET);Sun Nov 24 2019 13:02:26 GMT+0100 (CET);1574600546000;0.59;128.47;11.12
1380556889530408;17;35.3;Sun Nov 24 2019 14:04:19 GMT+0100 (CET);Sun Nov 24 2019 13:04:19 GMT+0100 (CET);1574600659000;0.59;128.61;11.13
1380556889530408;17;35.6;Sun Nov 24 2019 14:06:16 GMT+0100 (CET);Sun Nov 24 2019 13:06:16 GMT+0100 (CET);1574600776000;0.59;130.9;11.11
1380556889530408;17;35.9;Sun Nov 24 2019 14:08:09 GMT+0100 (CET);Sun Nov 24 2019 13:08:09 GMT+0100 (CET);1574600889000;0.59;135.77;11.16
1380556889530408;17;36.5;Sun Nov 24 2019 14:10:02 GMT+0100 (CET);Sun Nov 24 2019 13:10:02 GMT+0100 (CET);1574601002000;0.6;143.09;11.17
1380556889530408;17;36.8;Sun Nov 24 2019 14:11:56 GMT+0100 (CET);Sun Nov 24 2019 13:11:56 GMT+0100 (CET);1574601116000;0.59;136.24;11.17
1380556889530408;17;36.1;Sun Nov 24 2019 14:13:49 GMT+0100 (CET);Sun Nov 24 2019 13:13:49 GMT+0100 (CET);1574601229000;0.55;126;11.2
1380556889530408;17;35.9;Sun Nov 24 2019 14:15:42 GMT+0100 (CET);Sun Nov 24 2019 13:15:42 GMT+0100 (CET);1574601342000;0.53;121.01;11.18
1380556889530408;17;35.8;Sun Nov 24 2019 14:17:35 GMT+0100 (CET);Sun Nov 24 2019 13:17:35 GMT+0100 (CET);1574601455000;0.52;118.07;11.15
1380556889530408;17;35.8;Sun Nov 24 2019 14:19:28 GMT+0100 (CET);Sun Nov 24 2019 13:19:28 GMT+0100 (CET);1574601568000;0.51;117.43;11.1
1380556889530408;17;36.1;Sun Nov 24 2019 14:21:21 GMT+0100 (CET);Sun Nov 24 2019 13:21:21 GMT+0100 (CET);1574601681000;0.52;119.1;11.08
1380556889530408;17;36.3;Sun Nov 24 2019 14:23:43 GMT+0100 (CET);Sun Nov 24 2019 13:23:43 GMT+0100 (CET);1574601823000;0.51;121.93;11.1
1380556889530408;17;36.7;Sun Nov 24 2019 14:25:37 GMT+0100 (CET);Sun Nov 24 2019 13:25:37 GMT+0100 (CET);1574601937000;0.53;134.07;11.11
1380556889530408;17;36.7;Sun Nov 24 2019 14:27:30 GMT+0100 (CET);Sun Nov 24 2019 13:27:30 GMT+0100 (CET);1574602050000;0.59;145.39;11.14
1380556889530408;17;36.9;Sun Nov 24 2019 14:29:24 GMT+0100 (CET);Sun Nov 24 2019 13:29:24 GMT+0100 (CET);1574602164000;0.59;145.79;11.2
1380556889530408;17;36.9;Sun Nov 24 2019 14:31:17 GMT+0100 (CET);Sun Nov 24 2019 13:31:17 GMT+0100 (CET);1574602277000;0.57;142.08;11.25
1380556889530408;17;36.9;Sun Nov 24 2019 14:33:17 GMT+0100 (CET);Sun Nov 24 2019 13:33:17 GMT+0100 (CET);1574602397000;0.56;141.75;11.32
1380556889530408;17.5;36.8;Sun Nov 24 2019 14:35:11 GMT+0100 (CET);Sun Nov 24 2019 13:35:11 GMT+0100 (CET);1574602511000;0.56;136.29;11.35
1380556889530408;17.5;36.4;Sun Nov 24 2019 14:37:04 GMT+0100 (CET);Sun Nov 24 2019 13:37:04 GMT+0100 (CET);1574602624000;0.55;129.23;11.37
1380556889530408;17;36.2;Sun Nov 24 2019 14:38:57 GMT+0100 (CET);Sun Nov 24 2019 13:38:57 GMT+0100 (CET);1574602737000;0.55;135.6;11.35
1380556889530408;17;37;Sun Nov 24 2019 14:40:50 GMT+0100 (CET);Sun Nov 24 2019 13:40:50 GMT+0100 (CET);1574602850000;0.57;148.75;11.35
1380556889530408;17;37.6;Sun Nov 24 2019 14:42:43 GMT+0100 (CET);Sun Nov 24 2019 13:42:43 GMT+0100 (CET);1574602963000;0.64;170.68;11.39
1380556889530408;17.5;37.5;Sun Nov 24 2019 14:44:35 GMT+0100 (CET);Sun Nov 24 2019 13:44:35 GMT+0100 (CET);1574603075000;0.6;161.85;11.47
1380556889530408;17.5;37.4;Sun Nov 24 2019 14:46:29 GMT+0100 (CET);Sun Nov 24 2019 13:46:29 GMT+0100 (CET);1574603189000;0.56;144.14;11.54
1380556889530408;17.5;36.5;Sun Nov 24 2019 14:48:31 GMT+0100 (CET);Sun Nov 24 2019 13:48:31 GMT+0100 (CET);1574603311000;0.58;143.02;11.58
1380556889530408;17.5;36.5;Sun Nov 24 2019 14:50:23 GMT+0100 (CET);Sun Nov 24 2019 13:50:23 GMT+0100 (CET);1574603423000;0.46;112.8;11.58
1380556889530408;17.5;36.2;Sun Nov 24 2019 14:52:16 GMT+0100 (CET);Sun Nov 24 2019 13:52:16 GMT+0100 (CET);1574603536000;0.42;103.17;11.53
1380556889530408;17.5;36.2;Sun Nov 24 2019 14:54:09 GMT+0100 (CET);Sun Nov 24 2019 13:54:09 GMT+0100 (CET);1574603649000;0.41;100.7;11.44
1380556889530408;17.5;36.5;Sun Nov 24 2019 14:56:01 GMT+0100 (CET);Sun Nov 24 2019 13:56:01 GMT+0100 (CET);1574603761000;0.4;99.44;11.34
1380556889530408;17.5;36.3;Sun Nov 24 2019 14:57:55 GMT+0100 (CET);Sun Nov 24 2019 13:57:55 GMT+0100 (CET);1574603875000;0.39;97.95;11.25
1380556889530408;17;36.7;Sun Nov 24 2019 14:59:48 GMT+0100 (CET);Sun Nov 24 2019 13:59:48 GMT+0100 (CET);1574603988000;0.4;102.35;11.18
1380556889530408;17;36.5;Sun Nov 24 2019 15:01:41 GMT+0100 (CET);Sun Nov 24 2019 14:01:41 GMT+0100 (CET);1574604101000;0.42;106.42;11.08
1380556889530408;17;36.8;Sun Nov 24 2019 15:03:34 GMT+0100 (CET);Sun Nov 24 2019 14:03:34 GMT+0100 (CET);1574604214000;0.41;107.65;11.08
1380556889530408;17;37.4;Sun Nov 24 2019 15:05:27 GMT+0100 (CET);Sun Nov 24 2019 14:05:27 GMT+0100 (CET);1574604327000;0.45;137.41;11.04
1380556889530408;17;39.3;Sun Nov 24 2019 15:07:26 GMT+0100 (CET);Sun Nov 24 2019 14:07:26 GMT+0100 (CET);1574604446000;0.51;188.69;11.17
1380556889530408;17.5;39.2;Sun Nov 24 2019 15:09:18 GMT+0100 (CET);Sun Nov 24 2019 14:09:18 GMT+0100 (CET);1574604558000;0.45;158.64;11.38
1380556889530408;17.5;38.8;Sun Nov 24 2019 15:11:11 GMT+0100 (CET);Sun Nov 24 2019 14:11:11 GMT+0100 (CET);1574604671000;0.42;132.85;11.52
1380556889530408;19;37.9;Sun Nov 24 2019 15:13:04 GMT+0100 (CET);Sun Nov 24 2019 14:13:04 GMT+0100 (CET);1574604784000;0.4;111.92;11.5
1380556889530408;19;37.3;Sun Nov 24 2019 15:14:57 GMT+0100 (CET);Sun Nov 24 2019 14:14:57 GMT+0100 (CET);1574604897000;0.38;102.81;11.45
1380556889530408;17;37.1;Sun Nov 24 2019 15:16:50 GMT+0100 (CET);Sun Nov 24 2019 14:16:50 GMT+0100 (CET);1574605010000;0.37;100.61;11.38
1380556889530408;17;37.3;Sun Nov 24 2019 15:18:43 GMT+0100 (CET);Sun Nov 24 2019 14:18:43 GMT+0100 (CET);1574605123000;0.36;103.66;11.26
1380556889530408;17;37.8;Sun Nov 24 2019 15:20:45 GMT+0100 (CET);Sun Nov 24 2019 14:20:45 GMT+0100 (CET);1574605245000;0.36;109.35;11.14
1380556889530408;17;38;Sun Nov 24 2019 15:22:39 GMT+0100 (CET);Sun Nov 24 2019 14:22:39 GMT+0100 (CET);1574605359000;0.36;114.36;11.02
1380556889530408;17;38.3;Sun Nov 24 2019 15:24:32 GMT+0100 (CET);Sun Nov 24 2019 14:24:32 GMT+0100 (CET);1574605472000;0.35;118.52;10.94
1380556889530408;17.5;38.4;Sun Nov 24 2019 15:26:27 GMT+0100 (CET);Sun Nov 24 2019 14:26:27 GMT+0100 (CET);1574605587000;0.34;112.89;10.92
1380556889530408;17.5;38;Sun Nov 24 2019 15:28:21 GMT+0100 (CET);Sun Nov 24 2019 14:28:21 GMT+0100 (CET);1574605701000;0.32;97.15;10.92
1380556889530408;17.5;37.7;Sun Nov 24 2019 15:30:13 GMT+0100 (CET);Sun Nov 24 2019 14:30:13 GMT+0100 (CET);1574605813000;0.3;94.55;10.89
1380556889530408;17;37.9;Sun Nov 24 2019 15:32:06 GMT+0100 (CET);Sun Nov 24 2019 14:32:06 GMT+0100 (CET);1574605926000;0.29;93.39;10.82
1380556889530408;17;37.9;Sun Nov 24 2019 15:34:00 GMT+0100 (CET);Sun Nov 24 2019 14:34:00 GMT+0100 (CET);1574606040000;0.28;81.46;10.77
1380556889530408;17;36.7;Sun Nov 24 2019 15:36:11 GMT+0100 (CET);Sun Nov 24 2019 14:36:11 GMT+0100 (CET);1574606171000;0.26;64;10.64
1380556889530408;17;35.3;Sun Nov 24 2019 15:38:06 GMT+0100 (CET);Sun Nov 24 2019 14:38:06 GMT+0100 (CET);1574606286000;0.25;59.58;10.5
1380556889530408;17;35;Sun Nov 24 2019 15:39:59 GMT+0100 (CET);Sun Nov 24 2019 14:39:59 GMT+0100 (CET);1574606399000;0.23;54.58;10.32
1380556889530408;14.4;34.7;Sun Nov 24 2019 15:41:51 GMT+0100 (CET);Sun Nov 24 2019 14:41:51 GMT+0100 (CET);1574606511000;0.22;49.9;10.14
1380556889530408;14.4;34.4;Sun Nov 24 2019 15:43:44 GMT+0100 (CET);Sun Nov 24 2019 14:43:44 GMT+0100 (CET);1574606624000;0.2;46.06;9.97
1380556889530408;13.4;34.2;Sun Nov 24 2019 15:45:37 GMT+0100 (CET);Sun Nov 24 2019 14:45:37 GMT+0100 (CET);1574606737000;0.19;41.69;9.8
1380556889530408;13.4;33.9;Sun Nov 24 2019 15:47:29 GMT+0100 (CET);Sun Nov 24 2019 14:47:29 GMT+0100 (CET);1574606849000;0.17;37.8;9.64
1380556889530408;13.4;33.8;Sun Nov 24 2019 15:49:22 GMT+0100 (CET);Sun Nov 24 2019 14:49:22 GMT+0100 (CET);1574606962000;0.16;34.86;9.5
1380556889530408;13.4;33.5;Sun Nov 24 2019 15:51:37 GMT+0100 (CET);Sun Nov 24 2019 14:51:37 GMT+0100 (CET);1574607097000;0.14;30.72;9.32
1380556889530408;13.4;33.3;Sun Nov 24 2019 15:53:30 GMT+0100 (CET);Sun Nov 24 2019 14:53:30 GMT+0100 (CET);1574607210000;0.12;27.06;9.17
1380556889530408;12.9;32.9;Sun Nov 24 2019 15:55:22 GMT+0100 (CET);Sun Nov 24 2019 14:55:22 GMT+0100 (CET);1574607322000;0.11;24.62;9.04
1380556889530408;12.9;32.5;Sun Nov 24 2019 15:57:15 GMT+0100 (CET);Sun Nov 24 2019 14:57:15 GMT+0100 (CET);1574607435000;0.1;22.2;8.89
1380556889530408;12.9;32.1;Sun Nov 24 2019 15:59:09 GMT+0100 (CET);Sun Nov 24 2019 14:59:09 GMT+0100 (CET);1574607549000;0.09;20.11;8.75
1380556889530408;11.4;31.9;Sun Nov 24 2019 16:01:02 GMT+0100 (CET);Sun Nov 24 2019 15:01:02 GMT+0100 (CET);1574607662000;0.08;17.67;8.64
1380556889530408;11.4;31.5;Sun Nov 24 2019 16:02:56 GMT+0100 (CET);Sun Nov 24 2019 15:02:56 GMT+0100 (CET);1574607776000;0.06;14.5;8.5
1380556889530408;10.9;31.2;Sun Nov 24 2019 16:04:48 GMT+0100 (CET);Sun Nov 24 2019 15:04:48 GMT+0100 (CET);1574607888000;0.06;12.57;8.38
1380556889530408;10.9;30.8;Sun Nov 24 2019 16:06:41 GMT+0100 (CET);Sun Nov 24 2019 15:06:41 GMT+0100 (CET);1574608001000;0;10.97;8.28
1380556889530408;10.9;29.9;Sun Nov 24 2019 16:08:34 GMT+0100 (CET);Sun Nov 24 2019 15:08:34 GMT+0100 (CET);1574608114000;0;9.18;8.17
1380556889530408;9.4;29.3;Sun Nov 24 2019 16:10:27 GMT+0100 (CET);Sun Nov 24 2019 15:10:27 GMT+0100 (CET);1574608227000;0;8.03;8.07
1380556889530408;9.4;28.7;Sun Nov 24 2019 16:12:19 GMT+0100 (CET);Sun Nov 24 2019 15:12:19 GMT+0100 (CET);1574608339000;0;6.54;7.96
1380556889530408;8.9;28.1;Sun Nov 24 2019 16:14:13 GMT+0100 (CET);Sun Nov 24 2019 15:14:13 GMT+0100 (CET);1574608453000;0;5.07;7.88
1380556889530408;8.9;33.1;Sun Nov 24 2019 16:16:07 GMT+0100 (CET);Sun Nov 24 2019 15:16:07 GMT+0100 (CET);1574608567000;0;3.89;7.75
1380556889530408;8.9;26.2;Sun Nov 24 2019 16:18:00 GMT+0100 (CET);Sun Nov 24 2019 15:18:00 GMT+0100 (CET);1574608680000;0;2.68;7.64
1380556889530408;8.9;29.9;Sun Nov 24 2019 16:19:52 GMT+0100 (CET);Sun Nov 24 2019 15:19:52 GMT+0100 (CET);1574608792000;0;1.86;7.55
1380556889530408;8.9;29.1;Sun Nov 24 2019 16:21:45 GMT+0100 (CET);Sun Nov 24 2019 15:21:45 GMT+0100 (CET);1574608905000;0;1.13;7.46
1380556889530408;6.9;23.5;Sun Nov 24 2019 16:23:38 GMT+0100 (CET);Sun Nov 24 2019 15:23:38 GMT+0100 (CET);1574609018000;0;0.9;7.39
1380556889530408;6.9;23.5;Sun Nov 24 2019 16:25:30 GMT+0100 (CET);Sun Nov 24 2019 15:25:30 GMT+0100 (CET);1574609130000;0;0.22;7.32
1380556889530408;6.9;23.5;Sun Nov 24 2019 16:27:23 GMT+0100 (CET);Sun Nov 24 2019 15:27:23 GMT+0100 (CET);1574609243000;0;0.2;7.25
1380556889530408;0.8;31.9;Mon Nov 25 2019 07:54:24 GMT+0100 (CET);Mon Nov 25 2019 06:54:24 GMT+0100 (CET);1574664864000;0;5.01;2.09
1380556889530408;0.8;33.4;Mon Nov 25 2019 07:56:17 GMT+0100 (CET);Mon Nov 25 2019 06:56:17 GMT+0100 (CET);1574664977000;0;6.12;2.1
1380556889530408;0.8;34.5;Mon Nov 25 2019 07:58:10 GMT+0100 (CET);Mon Nov 25 2019 06:58:10 GMT+0100 (CET);1574665090000;0;7.14;2.13
1380556889530408;3.4;27.1;Mon Nov 25 2019 08:00:03 GMT+0100 (CET);Mon Nov 25 2019 07:00:03 GMT+0100 (CET);1574665203000;0;8.92;2.14
1380556889530408;3.4;26.6;Mon Nov 25 2019 08:01:56 GMT+0100 (CET);Mon Nov 25 2019 07:01:56 GMT+0100 (CET);1574665316000;0;10.13;2.16
1380556889530408;3.4;26.7;Mon Nov 25 2019 08:03:50 GMT+0100 (CET);Mon Nov 25 2019 07:03:50 GMT+0100 (CET);1574665430000;0;10.61;2.17
1380556889530408;3.4;26.1;Mon Nov 25 2019 08:05:47 GMT+0100 (CET);Mon Nov 25 2019 07:05:47 GMT+0100 (CET);1574665547000;0;12.31;2.19
1380556889530408;3.4;27.4;Mon Nov 25 2019 08:07:41 GMT+0100 (CET);Mon Nov 25 2019 07:07:41 GMT+0100 (CET);1574665661000;0;13.38;2.19
1380556889530408;2.8;27.3;Mon Nov 25 2019 08:09:33 GMT+0100 (CET);Mon Nov 25 2019 07:09:33 GMT+0100 (CET);1574665773000;0;13.84;2.2
1380556889530408;2.8;27.5;Mon Nov 25 2019 08:11:26 GMT+0100 (CET);Mon Nov 25 2019 07:11:26 GMT+0100 (CET);1574665886000;0.07;14.17;2.22
1380556889530408;2.8;28.3;Mon Nov 25 2019 08:13:19 GMT+0100 (CET);Mon Nov 25 2019 07:13:19 GMT+0100 (CET);1574665999000;0.07;14.99;2.27
1380556889530408;2.8;28.7;Mon Nov 25 2019 08:15:12 GMT+0100 (CET);Mon Nov 25 2019 07:15:12 GMT+0100 (CET);1574666112000;0.07;14.62;2.28
1380556889530408;2.8;29.8;Mon Nov 25 2019 08:17:05 GMT+0100 (CET);Mon Nov 25 2019 07:17:05 GMT+0100 (CET);1574666225000;0.08;16.69;2.32
1380556889530408;2.8;29.5;Mon Nov 25 2019 08:18:59 GMT+0100 (CET);Mon Nov 25 2019 07:18:59 GMT+0100 (CET);1574666339000;0.08;17.28;2.38
1380556889530408;2.8;30.3;Mon Nov 25 2019 08:20:55 GMT+0100 (CET);Mon Nov 25 2019 07:20:55 GMT+0100 (CET);1574666455000;0.07;17.07;2.42
1380556889530408;3.4;30.5;Mon Nov 25 2019 08:23:00 GMT+0100 (CET);Mon Nov 25 2019 07:23:00 GMT+0100 (CET);1574666580000;0.07;17.19;2.46
1380556889530408;3.4;31.1;Mon Nov 25 2019 08:24:52 GMT+0100 (CET);Mon Nov 25 2019 07:24:52 GMT+0100 (CET);1574666692000;0.08;17.71;2.5
1380556889530408;4.9;31;Mon Nov 25 2019 08:26:46 GMT+0100 (CET);Mon Nov 25 2019 07:26:46 GMT+0100 (CET);1574666806000;0.08;18.04;2.53
1380556889530408;4.9;30.5;Mon Nov 25 2019 08:28:42 GMT+0100 (CET);Mon Nov 25 2019 07:28:42 GMT+0100 (CET);1574666922000;0.09;19.05;2.54
1380556889530408;4.9;31.1;Mon Nov 25 2019 08:30:35 GMT+0100 (CET);Mon Nov 25 2019 07:30:35 GMT+0100 (CET);1574667035000;0.09;20.12;2.58
1380556889530408;4.9;30.8;Mon Nov 25 2019 08:32:29 GMT+0100 (CET);Mon Nov 25 2019 07:32:29 GMT+0100 (CET);1574667149000;0.1;20.76;2.61
1380556889530408;4.9;30.3;Mon Nov 25 2019 08:34:22 GMT+0100 (CET);Mon Nov 25 2019 07:34:22 GMT+0100 (CET);1574667262000;0.1;21.92;2.64
1380556889530408;4.9;31.1;Mon Nov 25 2019 08:36:22 GMT+0100 (CET);Mon Nov 25 2019 07:36:22 GMT+0100 (CET);1574667382000;0.11;22.17;2.67
1380556889530408;4.9;31.3;Mon Nov 25 2019 08:38:16 GMT+0100 (CET);Mon Nov 25 2019 07:38:16 GMT+0100 (CET);1574667496000;0.11;23.96;2.71
1380556889530408;4.9;31.6;Mon Nov 25 2019 08:40:09 GMT+0100 (CET);Mon Nov 25 2019 07:40:09 GMT+0100 (CET);1574667609000;0.1;23.51;2.75
1380556889530408;4.9;31.7;Mon Nov 25 2019 08:42:01 GMT+0100 (CET);Mon Nov 25 2019 07:42:01 GMT+0100 (CET);1574667721000;0.1;21.52;2.8
1380556889530408;4.9;31.3;Mon Nov 25 2019 08:44:07 GMT+0100 (CET);Mon Nov 25 2019 07:44:07 GMT+0100 (CET);1574667847000;0.1;21.83;2.8
1380556889530408;4.9;31.6;Mon Nov 25 2019 08:46:00 GMT+0100 (CET);Mon Nov 25 2019 07:46:00 GMT+0100 (CET);1574667960000;0.1;21.51;2.82
1380556889530408;4.9;31.2;Mon Nov 25 2019 08:47:54 GMT+0100 (CET);Mon Nov 25 2019 07:47:54 GMT+0100 (CET);1574668074000;0.1;21.16;2.85
1380556889530408;4.9;31.1;Mon Nov 25 2019 08:49:52 GMT+0100 (CET);Mon Nov 25 2019 07:49:52 GMT+0100 (CET);1574668192000;0.11;23.03;2.88
1380556889530408;4.9;31.4;Mon Nov 25 2019 08:51:56 GMT+0100 (CET);Mon Nov 25 2019 07:51:56 GMT+0100 (CET);1574668316000;0.12;26.31;2.88
1380556889530408;4.9;32;Mon Nov 25 2019 08:53:54 GMT+0100 (CET);Mon Nov 25 2019 07:53:54 GMT+0100 (CET);1574668434000;0.13;27.47;2.89
1380556889530408;4.9;32.4;Mon Nov 25 2019 08:55:48 GMT+0100 (CET);Mon Nov 25 2019 07:55:48 GMT+0100 (CET);1574668548000;0.12;26.27;2.91
1380556889530408;4.9;32.5;Mon Nov 25 2019 08:57:41 GMT+0100 (CET);Mon Nov 25 2019 07:57:41 GMT+0100 (CET);1574668661000;0.13;26;2.9
1380556889530408;4.9;32.5;Mon Nov 25 2019 08:59:34 GMT+0100 (CET);Mon Nov 25 2019 07:59:34 GMT+0100 (CET);1574668774000;0.12;25.82;2.92
1380556889530408;4.9;32.1;Mon Nov 25 2019 09:01:28 GMT+0100 (CET);Mon Nov 25 2019 08:01:28 GMT+0100 (CET);1574668888000;0.1;22.06;2.93
1380556889530408;4.9;31.7;Mon Nov 25 2019 09:03:21 GMT+0100 (CET);Mon Nov 25 2019 08:03:21 GMT+0100 (CET);1574669001000;0.11;23.35;2.95
1380556889530408;5.4;32.1;Mon Nov 25 2019 09:05:27 GMT+0100 (CET);Mon Nov 25 2019 08:05:27 GMT+0100 (CET);1574669127000;0.12;25.8;2.99
1380556889530408;5.4;32;Mon Nov 25 2019 09:07:25 GMT+0100 (CET);Mon Nov 25 2019 08:07:25 GMT+0100 (CET);1574669245000;0.12;25.38;3.04
1380556889530408;5.4;31.8;Mon Nov 25 2019 09:09:18 GMT+0100 (CET);Mon Nov 25 2019 08:09:18 GMT+0100 (CET);1574669358000;0.14;29.03;3.07
1380556889530408;5.4;32.4;Mon Nov 25 2019 09:11:10 GMT+0100 (CET);Mon Nov 25 2019 08:11:10 GMT+0100 (CET);1574669470000;0.13;27.92;3.08
1380556889530408;5.4;32.4;Mon Nov 25 2019 09:13:03 GMT+0100 (CET);Mon Nov 25 2019 08:13:03 GMT+0100 (CET);1574669583000;0.13;28.47;3.1
1380556889530408;5.4;32.7;Mon Nov 25 2019 09:14:58 GMT+0100 (CET);Mon Nov 25 2019 08:14:58 GMT+0100 (CET);1574669698000;0.13;29.13;3.14
1380556889530408;5.4;32.4;Mon Nov 25 2019 09:16:51 GMT+0100 (CET);Mon Nov 25 2019 08:16:51 GMT+0100 (CET);1574669811000;0.15;32.25;3.19
1380556889530408;5.4;32.8;Mon Nov 25 2019 09:18:44 GMT+0100 (CET);Mon Nov 25 2019 08:18:44 GMT+0100 (CET);1574669924000;0.15;31.65;3.19
1380556889530408;5.4;32.6;Mon Nov 25 2019 09:20:39 GMT+0100 (CET);Mon Nov 25 2019 08:20:39 GMT+0100 (CET);1574670039000;0.17;35.26;3.22
1380556889530408;6.4;33;Mon Nov 25 2019 09:22:54 GMT+0100 (CET);Mon Nov 25 2019 08:22:54 GMT+0100 (CET);1574670174000;0.14;30.77;3.25
1380556889530408;6.4;32.6;Mon Nov 25 2019 09:24:49 GMT+0100 (CET);Mon Nov 25 2019 08:24:49 GMT+0100 (CET);1574670289000;0.15;31.79;3.23
1380556889530408;6.4;32.5;Mon Nov 25 2019 09:26:42 GMT+0100 (CET);Mon Nov 25 2019 08:26:42 GMT+0100 (CET);1574670402000;0.17;35.62;3.25
1380556889530408;5.4;32.9;Mon Nov 25 2019 09:28:36 GMT+0100 (CET);Mon Nov 25 2019 08:28:36 GMT+0100 (CET);1574670516000;0.15;31.12;3.23
1380556889530408;6.4;32.6;Mon Nov 25 2019 09:34:12 GMT+0100 (CET);Mon Nov 25 2019 08:34:12 GMT+0100 (CET);1574670852000;0.15;32.17;3.24
1380556889530408;6.4;32.5;Mon Nov 25 2019 09:36:44 GMT+0100 (CET);Mon Nov 25 2019 08:36:44 GMT+0100 (CET);1574671004000;0.19;41.25;3.24
1380556889530408;6.4;33;Mon Nov 25 2019 09:38:44 GMT+0100 (CET);Mon Nov 25 2019 08:38:44 GMT+0100 (CET);1574671124000;0.18;39.42;3.28
1380556889530408;6.4;33;Mon Nov 25 2019 09:40:44 GMT+0100 (CET);Mon Nov 25 2019 08:40:44 GMT+0100 (CET);1574671244000;0.19;38.31;3.29
1380556889530408;6.9;33.2;Mon Nov 25 2019 09:42:37 GMT+0100 (CET);Mon Nov 25 2019 08:42:37 GMT+0100 (CET);1574671357000;0.18;37.48;3.34
1380556889530408;6.9;33.2;Mon Nov 25 2019 09:44:30 GMT+0100 (CET);Mon Nov 25 2019 08:44:30 GMT+0100 (CET);1574671470000;0.19;38.88;3.4
1380556889530408;6.9;33;Mon Nov 25 2019 09:46:23 GMT+0100 (CET);Mon Nov 25 2019 08:46:23 GMT+0100 (CET);1574671583000;0.17;35.58;3.43
1380556889530408;6.9;33.2;Mon Nov 25 2019 09:48:17 GMT+0100 (CET);Mon Nov 25 2019 08:48:17 GMT+0100 (CET);1574671697000;0.18;37.35;3.47
1380556889530408;6.9;33;Mon Nov 25 2019 09:50:10 GMT+0100 (CET);Mon Nov 25 2019 08:50:10 GMT+0100 (CET);1574671810000;0.2;40.7;3.49
1380556889530408;6.9;33;Mon Nov 25 2019 09:52:03 GMT+0100 (CET);Mon Nov 25 2019 08:52:03 GMT+0100 (CET);1574671923000;0.2;41.18;3.52
1380556889530408;6.9;33.2;Mon Nov 25 2019 09:53:57 GMT+0100 (CET);Mon Nov 25 2019 08:53:57 GMT+0100 (CET);1574672037000;0.21;42.23;3.52
1380556889530408;6.9;33.3;Mon Nov 25 2019 09:55:50 GMT+0100 (CET);Mon Nov 25 2019 08:55:50 GMT+0100 (CET);1574672150000;0.2;40.88;3.54
1380556889530408;7.4;33.1;Mon Nov 25 2019 09:57:43 GMT+0100 (CET);Mon Nov 25 2019 08:57:43 GMT+0100 (CET);1574672263000;0.19;38.26;3.57
1380556889530408;7.4;32.9;Mon Nov 25 2019 09:59:41 GMT+0100 (CET);Mon Nov 25 2019 08:59:41 GMT+0100 (CET);1574672381000;0.18;37.74;3.6
1380556889530408;6.9;32.8;Mon Nov 25 2019 10:01:34 GMT+0100 (CET);Mon Nov 25 2019 09:01:34 GMT+0100 (CET);1574672494000;0.18;37.92;3.61
1380556889530408;6.9;32.9;Mon Nov 25 2019 10:03:36 GMT+0100 (CET);Mon Nov 25 2019 09:03:36 GMT+0100 (CET);1574672616000;0.18;37.55;3.64
1380556889530408;6.9;32.9;Mon Nov 25 2019 10:05:29 GMT+0100 (CET);Mon Nov 25 2019 09:05:29 GMT+0100 (CET);1574672729000;0.2;41.81;3.66
1380556889530408;7.4;33.1;Mon Nov 25 2019 10:07:23 GMT+0100 (CET);Mon Nov 25 2019 09:07:23 GMT+0100 (CET);1574672843000;0.2;41.67;3.69
1380556889530408;7.4;32.9;Mon Nov 25 2019 10:09:18 GMT+0100 (CET);Mon Nov 25 2019 09:09:18 GMT+0100 (CET);1574672958000;0.21;44;3.68
1380556889530408;6.9;33.4;Mon Nov 25 2019 10:11:19 GMT+0100 (CET);Mon Nov 25 2019 09:11:19 GMT+0100 (CET);1574673079000;0.23;46.79;3.66
1380556889530408;6.9;33.4;Mon Nov 25 2019 10:13:12 GMT+0100 (CET);Mon Nov 25 2019 09:13:12 GMT+0100 (CET);1574673192000;0.24;49.7;3.65
1380556889530408;7.4;33.5;Mon Nov 25 2019 10:15:05 GMT+0100 (CET);Mon Nov 25 2019 09:15:05 GMT+0100 (CET);1574673305000;0.24;50.42;3.68
1380556889530408;7.4;33.2;Mon Nov 25 2019 10:16:57 GMT+0100 (CET);Mon Nov 25 2019 09:16:57 GMT+0100 (CET);1574673417000;0.25;52.77;3.74
1380556889530408;7.4;33.6;Mon Nov 25 2019 10:19:11 GMT+0100 (CET);Mon Nov 25 2019 09:19:11 GMT+0100 (CET);1574673551000;0.26;54.6;3.78
1380556889530408;7.4;33.4;Mon Nov 25 2019 10:21:04 GMT+0100 (CET);Mon Nov 25 2019 09:21:04 GMT+0100 (CET);1574673664000;0.26;54.97;3.82
1380556889530408;7.4;33.4;Mon Nov 25 2019 10:22:59 GMT+0100 (CET);Mon Nov 25 2019 09:22:59 GMT+0100 (CET);1574673779000;0.26;54.8;3.85
1380556889530408;7.4;33.8;Mon Nov 25 2019 10:24:52 GMT+0100 (CET);Mon Nov 25 2019 09:24:52 GMT+0100 (CET);1574673892000;0.28;57.59;3.88
1380556889530408;7.4;33.7;Mon Nov 25 2019 10:26:47 GMT+0100 (CET);Mon Nov 25 2019 09:26:47 GMT+0100 (CET);1574674007000;0.27;56.85;3.93
1380556889530408;7.4;33.6;Mon Nov 25 2019 10:28:40 GMT+0100 (CET);Mon Nov 25 2019 09:28:40 GMT+0100 (CET);1574674120000;0.26;54.22;3.94
1380556889530408;8.9;33.5;Mon Nov 25 2019 10:30:33 GMT+0100 (CET);Mon Nov 25 2019 09:30:33 GMT+0100 (CET);1574674233000;0.24;50.42;3.94
1380556889530408;8.9;33.5;Mon Nov 25 2019 10:32:26 GMT+0100 (CET);Mon Nov 25 2019 09:32:26 GMT+0100 (CET);1574674346000;0.27;56.22;3.96
1380556889530408;8.9;33.6;Mon Nov 25 2019 10:34:27 GMT+0100 (CET);Mon Nov 25 2019 09:34:27 GMT+0100 (CET);1574674467000;0.28;58.84;4
1380556889530408;8.9;33.7;Mon Nov 25 2019 10:36:23 GMT+0100 (CET);Mon Nov 25 2019 09:36:23 GMT+0100 (CET);1574674583000;0.28;57.81;4.06
1380556889530408;8.9;33.6;Mon Nov 25 2019 10:38:18 GMT+0100 (CET);Mon Nov 25 2019 09:38:18 GMT+0100 (CET);1574674698000;0.28;58.81;4.1
1380556889530408;8.9;33.7;Mon Nov 25 2019 10:40:10 GMT+0100 (CET);Mon Nov 25 2019 09:40:10 GMT+0100 (CET);1574674810000;0.28;57.09;4.14
1380556889530408;8.9;33.7;Mon Nov 25 2019 10:42:07 GMT+0100 (CET);Mon Nov 25 2019 09:42:07 GMT+0100 (CET);1574674927000;0.28;57.53;4.16
1380556889530408;8.9;33.6;Mon Nov 25 2019 10:44:08 GMT+0100 (CET);Mon Nov 25 2019 09:44:08 GMT+0100 (CET);1574675048000;0.28;58.61;4.16
1380556889530408;8.9;33.7;Mon Nov 25 2019 10:46:03 GMT+0100 (CET);Mon Nov 25 2019 09:46:03 GMT+0100 (CET);1574675163000;0.27;56.15;4.18
1380556889530408;8.9;33.5;Mon Nov 25 2019 10:47:56 GMT+0100 (CET);Mon Nov 25 2019 09:47:56 GMT+0100 (CET);1574675276000;0.29;58.97;4.21
1380556889530408;8.9;33.8;Mon Nov 25 2019 10:49:48 GMT+0100 (CET);Mon Nov 25 2019 09:49:48 GMT+0100 (CET);1574675388000;0.3;61.55;4.24
1380556889530408;8.9;33.9;Mon Nov 25 2019 10:51:44 GMT+0100 (CET);Mon Nov 25 2019 09:51:44 GMT+0100 (CET);1574675504000;0.29;60.8;4.27
1380556889530408;8.9;33.9;Mon Nov 25 2019 10:53:46 GMT+0100 (CET);Mon Nov 25 2019 09:53:46 GMT+0100 (CET);1574675626000;0.31;63.59;4.27
1380556889530408;8.9;34;Mon Nov 25 2019 10:55:40 GMT+0100 (CET);Mon Nov 25 2019 09:55:40 GMT+0100 (CET);1574675740000;0.34;70.44;4.31
1380556889530408;8.9;35;Mon Nov 25 2019 10:57:33 GMT+0100 (CET);Mon Nov 25 2019 09:57:33 GMT+0100 (CET);1574675853000;0.33;69.23;4.35
1380556889530408;9.4;34.8;Mon Nov 25 2019 10:59:27 GMT+0100 (CET);Mon Nov 25 2019 09:59:27 GMT+0100 (CET);1574675967000;0.32;68.16;4.41
1380556889530408;9.4;34.7;Mon Nov 25 2019 11:01:20 GMT+0100 (CET);Mon Nov 25 2019 10:01:20 GMT+0100 (CET);1574676080000;0.36;74.81;4.43
1380556889530408;9.4;34.8;Mon Nov 25 2019 11:03:13 GMT+0100 (CET);Mon Nov 25 2019 10:03:13 GMT+0100 (CET);1574676193000;0.35;72.14;4.48
1380556889530408;9.4;34.8;Mon Nov 25 2019 11:05:31 GMT+0100 (CET);Mon Nov 25 2019 10:05:31 GMT+0100 (CET);1574676331000;0.31;64.26;4.51
1380556889530408;9.4;33.9;Mon Nov 25 2019 11:07:24 GMT+0100 (CET);Mon Nov 25 2019 10:07:24 GMT+0100 (CET);1574676444000;0.33;67.01;4.53
1380556889530408;9.4;34;Mon Nov 25 2019 11:09:17 GMT+0100 (CET);Mon Nov 25 2019 10:09:17 GMT+0100 (CET);1574676557000;0.32;66.49;4.57
1380556889530408;9.4;33.9;Mon Nov 25 2019 11:11:09 GMT+0100 (CET);Mon Nov 25 2019 10:11:09 GMT+0100 (CET);1574676669000;0.31;64.4;4.59
1380556889530408;9.4;33.9;Mon Nov 25 2019 11:13:02 GMT+0100 (CET);Mon Nov 25 2019 10:13:02 GMT+0100 (CET);1574676782000;0.32;65.03;4.63
1380556889530408;9.4;33.7;Mon Nov 25 2019 11:14:55 GMT+0100 (CET);Mon Nov 25 2019 10:14:55 GMT+0100 (CET);1574676895000;0.32;65.83;4.69
1380556889530408;9.4;33.6;Mon Nov 25 2019 11:16:48 GMT+0100 (CET);Mon Nov 25 2019 10:16:48 GMT+0100 (CET);1574677008000;0.29;61.46;4.76
1380556889530408;9.4;33.6;Mon Nov 25 2019 11:18:41 GMT+0100 (CET);Mon Nov 25 2019 10:18:41 GMT+0100 (CET);1574677121000;0.25;53.27;4.79
1380556889530408;9.4;33.2;Mon Nov 25 2019 11:20:43 GMT+0100 (CET);Mon Nov 25 2019 10:20:43 GMT+0100 (CET);1574677243000;0.29;59.9;4.8
1380556889530408;8.9;33.6;Mon Nov 25 2019 11:22:41 GMT+0100 (CET);Mon Nov 25 2019 10:22:41 GMT+0100 (CET);1574677361000;0.3;61.43;4.79
1380556889530408;8.9;33.5;Mon Nov 25 2019 11:24:34 GMT+0100 (CET);Mon Nov 25 2019 10:24:34 GMT+0100 (CET);1574677474000;0.29;58.07;4.77
1380556889530408;8.9;33.4;Mon Nov 25 2019 11:26:27 GMT+0100 (CET);Mon Nov 25 2019 10:26:27 GMT+0100 (CET);1574677587000;0.29;59.47;4.75
1380556889530408;9.4;33.7;Mon Nov 25 2019 11:28:24 GMT+0100 (CET);Mon Nov 25 2019 10:28:24 GMT+0100 (CET);1574677704000;0.28;56.93;4.81
1380556889530408;9.4;33.6;Mon Nov 25 2019 11:30:17 GMT+0100 (CET);Mon Nov 25 2019 10:30:17 GMT+0100 (CET);1574677817000;0.27;55.91;4.85
1380556889530408;9.4;33.5;Mon Nov 25 2019 11:32:15 GMT+0100 (CET);Mon Nov 25 2019 10:32:15 GMT+0100 (CET);1574677935000;0.26;53.89;4.87
1380556889530408;9.4;33.3;Mon Nov 25 2019 11:34:08 GMT+0100 (CET);Mon Nov 25 2019 10:34:08 GMT+0100 (CET);1574678048000;0.28;56.11;4.85
1380556889530408;8.9;33.4;Mon Nov 25 2019 11:36:21 GMT+0100 (CET);Mon Nov 25 2019 10:36:21 GMT+0100 (CET);1574678181000;0.26;55.64;4.89
1380556889530408;8.9;33.5;Mon Nov 25 2019 11:38:15 GMT+0100 (CET);Mon Nov 25 2019 10:38:15 GMT+0100 (CET);1574678295000;0.28;57.36;4.91
1380556889530408;8.9;33.6;Mon Nov 25 2019 11:40:11 GMT+0100 (CET);Mon Nov 25 2019 10:40:11 GMT+0100 (CET);1574678411000;0.28;57.6;4.9
1380556889530408;9.4;33.2;Mon Nov 25 2019 11:42:10 GMT+0100 (CET);Mon Nov 25 2019 10:42:10 GMT+0100 (CET);1574678530000;0.3;62.1;4.9
1380556889530408;9.4;33.4;Mon Nov 25 2019 11:44:15 GMT+0100 (CET);Mon Nov 25 2019 10:44:15 GMT+0100 (CET);1574678655000;0.36;72.64;4.91
1380556889530408;9.4;34.3;Mon Nov 25 2019 11:46:09 GMT+0100 (CET);Mon Nov 25 2019 10:46:09 GMT+0100 (CET);1574678769000;0.36;75.21;4.96
1380556889530408;9.4;34.6;Mon Nov 25 2019 11:48:04 GMT+0100 (CET);Mon Nov 25 2019 10:48:04 GMT+0100 (CET);1574678884000;0.31;65.13;4.97
1380556889530408;9.4;33.9;Mon Nov 25 2019 11:50:12 GMT+0100 (CET);Mon Nov 25 2019 10:50:12 GMT+0100 (CET);1574679012000;0.31;63.59;5.01
1380556889530408;9.4;33.8;Mon Nov 25 2019 11:52:14 GMT+0100 (CET);Mon Nov 25 2019 10:52:14 GMT+0100 (CET);1574679134000;0.29;60.24;5.04
1380556889530408;9.4;33.7;Mon Nov 25 2019 11:54:07 GMT+0100 (CET);Mon Nov 25 2019 10:54:07 GMT+0100 (CET);1574679247000;0.27;56;5.04
1380556889530408;9.4;33.7;Mon Nov 25 2019 11:56:00 GMT+0100 (CET);Mon Nov 25 2019 10:56:00 GMT+0100 (CET);1574679360000;0.26;54.18;5.05
1380556889530408;9.4;33.5;Mon Nov 25 2019 11:57:55 GMT+0100 (CET);Mon Nov 25 2019 10:57:55 GMT+0100 (CET);1574679475000;0.28;57;5.03
1380556889530408;9.4;33.5;Mon Nov 25 2019 11:59:48 GMT+0100 (CET);Mon Nov 25 2019 10:59:48 GMT+0100 (CET);1574679588000;0.27;54.61;5.05
1380556889530408;9.4;33.5;Mon Nov 25 2019 12:01:41 GMT+0100 (CET);Mon Nov 25 2019 11:01:41 GMT+0100 (CET);1574679701000;0.25;50.53;5.07
1380556889530408;9.4;33.3;Mon Nov 25 2019 12:03:41 GMT+0100 (CET);Mon Nov 25 2019 11:03:41 GMT+0100 (CET);1574679821000;0.24;49.3;5.06
1380556889530408;9.4;33.3;Mon Nov 25 2019 12:05:37 GMT+0100 (CET);Mon Nov 25 2019 11:05:37 GMT+0100 (CET);1574679937000;0.24;48.95;5.06
1380556889530408;9.4;33.5;Mon Nov 25 2019 12:07:43 GMT+0100 (CET);Mon Nov 25 2019 11:07:43 GMT+0100 (CET);1574680063000;0.27;56.36;5.1
1380556889530408;8.9;33.7;Mon Nov 25 2019 12:09:43 GMT+0100 (CET);Mon Nov 25 2019 11:09:43 GMT+0100 (CET);1574680183000;0.27;56.48;5.1
1380556889530408;8.9;33.5;Mon Nov 25 2019 12:11:35 GMT+0100 (CET);Mon Nov 25 2019 11:11:35 GMT+0100 (CET);1574680295000;0.27;55.72;5.12
1380556889530408;8.9;33.8;Mon Nov 25 2019 12:13:28 GMT+0100 (CET);Mon Nov 25 2019 11:13:28 GMT+0100 (CET);1574680408000;0.29;58.42;5.15
1380556889530408;9.4;33.6;Mon Nov 25 2019 12:15:23 GMT+0100 (CET);Mon Nov 25 2019 11:15:23 GMT+0100 (CET);1574680523000;0.28;56.11;5.1
1380556889530408;9.4;33.6;Mon Nov 25 2019 12:17:23 GMT+0100 (CET);Mon Nov 25 2019 11:17:23 GMT+0100 (CET);1574680643000;0.24;48.2;5.09
1380556889530408;9.4;33.5;Mon Nov 25 2019 12:19:21 GMT+0100 (CET);Mon Nov 25 2019 11:19:21 GMT+0100 (CET);1574680761000;0.2;42;5.1
1380556889530408;9.4;33.3;Mon Nov 25 2019 12:21:17 GMT+0100 (CET);Mon Nov 25 2019 11:21:17 GMT+0100 (CET);1574680877000;0.22;45.78;5.09
1380556889530408;9.4;33.3;Mon Nov 25 2019 12:23:14 GMT+0100 (CET);Mon Nov 25 2019 11:23:14 GMT+0100 (CET);1574680994000;0.23;48.36;5.08
1380556889530408;9.4;33.2;Mon Nov 25 2019 12:25:07 GMT+0100 (CET);Mon Nov 25 2019 11:25:07 GMT+0100 (CET);1574681107000;0.26;52.96;5.06
1380556889530408;9.4;33.5;Mon Nov 25 2019 12:27:02 GMT+0100 (CET);Mon Nov 25 2019 11:27:02 GMT+0100 (CET);1574681222000;0.28;56.99;5.03
1380556889530408;8.9;33.6;Mon Nov 25 2019 12:28:56 GMT+0100 (CET);Mon Nov 25 2019 11:28:56 GMT+0100 (CET);1574681336000;0.28;57.48;5.05
1380556889530408;8.9;33.5;Mon Nov 25 2019 12:30:50 GMT+0100 (CET);Mon Nov 25 2019 11:30:50 GMT+0100 (CET);1574681450000;0.27;55.18;5.03
1380556889530408;9.4;33.7;Mon Nov 25 2019 12:32:45 GMT+0100 (CET);Mon Nov 25 2019 11:32:45 GMT+0100 (CET);1574681565000;0.28;57.43;5.03
1380556889530408;9.4;33.4;Mon Nov 25 2019 12:34:38 GMT+0100 (CET);Mon Nov 25 2019 11:34:38 GMT+0100 (CET);1574681678000;0.29;60.37;5.05
1380556889530408;9.4;33.7;Mon Nov 25 2019 12:36:30 GMT+0100 (CET);Mon Nov 25 2019 11:36:30 GMT+0100 (CET);1574681790000;0.3;62.33;5.1
1380556889530408;9.4;33.9;Mon Nov 25 2019 12:38:28 GMT+0100 (CET);Mon Nov 25 2019 11:38:28 GMT+0100 (CET);1574681908000;0.32;64.48;5.09
1380556889530408;9.4;33.9;Mon Nov 25 2019 12:40:26 GMT+0100 (CET);Mon Nov 25 2019 11:40:26 GMT+0100 (CET);1574682026000;0.33;67.95;5.12
1380556889530408;9.4;33.9;Mon Nov 25 2019 12:42:19 GMT+0100 (CET);Mon Nov 25 2019 11:42:19 GMT+0100 (CET);1574682139000;0.32;66.44;5.18
1380556889530408;9.4;33.8;Mon Nov 25 2019 12:44:21 GMT+0100 (CET);Mon Nov 25 2019 11:44:21 GMT+0100 (CET);1574682261000;0.3;61.36;5.24
1380556889530408;9.4;33.7;Mon Nov 25 2019 12:46:30 GMT+0100 (CET);Mon Nov 25 2019 11:46:30 GMT+0100 (CET);1574682390000;0.27;55.76;5.21
1380556889530408;9.4;33.5;Mon Nov 25 2019 12:48:30 GMT+0100 (CET);Mon Nov 25 2019 11:48:30 GMT+0100 (CET);1574682510000;0.28;57.23;5.19
1380556889530408;9.4;33.5;Mon Nov 25 2019 12:50:24 GMT+0100 (CET);Mon Nov 25 2019 11:50:24 GMT+0100 (CET);1574682624000;0.27;57.36;5.17
1380556889530408;9.4;33.6;Mon Nov 25 2019 12:52:10 GMT+0100 (CET);Mon Nov 25 2019 11:52:10 GMT+0100 (CET);1574682730000;0.24;50.34;5.21
1380556889530408;9.4;33.2;Mon Nov 25 2019 12:54:46 GMT+0100 (CET);Mon Nov 25 2019 11:54:46 GMT+0100 (CET);1574682886000;0.27;55.63;5.28
1380556889530408;9.4;33.7;Mon Nov 25 2019 12:56:42 GMT+0100 (CET);Mon Nov 25 2019 11:56:42 GMT+0100 (CET);1574683002000;0.28;57.2;5.32
1380556889530408;9.4;33.7;Mon Nov 25 2019 12:58:35 GMT+0100 (CET);Mon Nov 25 2019 11:58:35 GMT+0100 (CET);1574683115000;0.26;54.61;5.35
1380556889530408;9.4;33.6;Mon Nov 25 2019 13:00:29 GMT+0100 (CET);Mon Nov 25 2019 12:00:29 GMT+0100 (CET);1574683229000;0.26;54.54;5.39
1380556889530408;9.4;33.6;Mon Nov 25 2019 13:02:44 GMT+0100 (CET);Mon Nov 25 2019 12:02:44 GMT+0100 (CET);1574683364000;0.26;52.8;5.4
1380556889530408;9.4;33.7;Mon Nov 25 2019 13:04:39 GMT+0100 (CET);Mon Nov 25 2019 12:04:39 GMT+0100 (CET);1574683479000;0.26;54.98;5.42
1380556889530408;9.4;33.6;Mon Nov 25 2019 13:06:33 GMT+0100 (CET);Mon Nov 25 2019 12:06:33 GMT+0100 (CET);1574683593000;0.26;54.64;5.43
1380556889530408;9.4;33.5;Mon Nov 25 2019 13:08:35 GMT+0100 (CET);Mon Nov 25 2019 12:08:35 GMT+0100 (CET);1574683715000;0.26;53.99;5.42
1380556889530408;9.4;33.3;Mon Nov 25 2019 13:10:29 GMT+0100 (CET);Mon Nov 25 2019 12:10:29 GMT+0100 (CET);1574683829000;0.24;51.01;5.42
1380556889530408;9.4;33.3;Mon Nov 25 2019 13:12:21 GMT+0100 (CET);Mon Nov 25 2019 12:12:21 GMT+0100 (CET);1574683941000;0.2;42.05;5.43
1380556889530408;9.4;33;Mon Nov 25 2019 13:14:14 GMT+0100 (CET);Mon Nov 25 2019 12:14:14 GMT+0100 (CET);1574684054000;0.2;41.22;5.43
1380556889530408;9.4;32.9;Mon Nov 25 2019 13:16:07 GMT+0100 (CET);Mon Nov 25 2019 12:16:07 GMT+0100 (CET);1574684167000;0.21;43.69;5.46
1380556889530408;9.4;32.9;Mon Nov 25 2019 13:18:32 GMT+0100 (CET);Mon Nov 25 2019 12:18:32 GMT+0100 (CET);1574684312000;0.24;49.09;5.5
1380556889530408;9.4;33.4;Mon Nov 25 2019 13:20:29 GMT+0100 (CET);Mon Nov 25 2019 12:20:29 GMT+0100 (CET);1574684429000;0.25;50.29;5.5
1380556889530408;9.4;33.4;Mon Nov 25 2019 13:22:32 GMT+0100 (CET);Mon Nov 25 2019 12:22:32 GMT+0100 (CET);1574684552000;0.23;45.66;5.55
1380556889530408;9.4;33.4;Mon Nov 25 2019 13:24:33 GMT+0100 (CET);Mon Nov 25 2019 12:24:33 GMT+0100 (CET);1574684673000;0.2;41.71;5.53
1380556889530408;9.4;33.2;Mon Nov 25 2019 13:26:26 GMT+0100 (CET);Mon Nov 25 2019 12:26:26 GMT+0100 (CET);1574684786000;0.19;38.93;5.5
1380556889530408;9.4;32.9;Mon Nov 25 2019 13:28:20 GMT+0100 (CET);Mon Nov 25 2019 12:28:20 GMT+0100 (CET);1574684900000;0.18;36.45;5.44
1380556889530408;9.4;32.8;Mon Nov 25 2019 13:30:15 GMT+0100 (CET);Mon Nov 25 2019 12:30:15 GMT+0100 (CET);1574685015000;0.17;34.62;5.42
1380556889530408;9.4;32.5;Mon Nov 25 2019 13:32:10 GMT+0100 (CET);Mon Nov 25 2019 12:32:10 GMT+0100 (CET);1574685130000;0.18;36.35;5.37
1380556889530408;8.9;32.7;Mon Nov 25 2019 13:34:15 GMT+0100 (CET);Mon Nov 25 2019 12:34:15 GMT+0100 (CET);1574685255000;0.17;34.31;5.33
1380556889530408;8.9;32.5;Mon Nov 25 2019 13:36:11 GMT+0100 (CET);Mon Nov 25 2019 12:36:11 GMT+0100 (CET);1574685371000;0.16;34.02;5.3
1380556889530408;8.9;32.6;Mon Nov 25 2019 13:38:03 GMT+0100 (CET);Mon Nov 25 2019 12:38:03 GMT+0100 (CET);1574685483000;0.19;38.85;5.3
1380556889530408;8.9;33;Mon Nov 25 2019 13:39:56 GMT+0100 (CET);Mon Nov 25 2019 12:39:56 GMT+0100 (CET);1574685596000;0.21;42.17;5.28
1380556889530408;8.9;33;Mon Nov 25 2019 13:41:49 GMT+0100 (CET);Mon Nov 25 2019 12:41:49 GMT+0100 (CET);1574685709000;0.19;39.14;5.25
1380556889530408;8.9;32.9;Mon Nov 25 2019 13:43:43 GMT+0100 (CET);Mon Nov 25 2019 12:43:43 GMT+0100 (CET);1574685823000;0.19;39.51;5.25
1380556889530408;8.9;33;Mon Nov 25 2019 13:45:36 GMT+0100 (CET);Mon Nov 25 2019 12:45:36 GMT+0100 (CET);1574685936000;0.16;34.01;5.2
1380556889530408;8.9;33;Mon Nov 25 2019 13:47:32 GMT+0100 (CET);Mon Nov 25 2019 12:47:32 GMT+0100 (CET);1574686052000;0.14;30.63;5.12
1380556889530408;8.9;32.1;Mon Nov 25 2019 13:49:24 GMT+0100 (CET);Mon Nov 25 2019 12:49:24 GMT+0100 (CET);1574686164000;0.14;28.66;5.06
1380556889530408;8.9;32.2;Mon Nov 25 2019 13:51:17 GMT+0100 (CET);Mon Nov 25 2019 12:51:17 GMT+0100 (CET);1574686277000;0.11;24.44;5.02
1380556889530408;8.9;31.7;Mon Nov 25 2019 13:53:11 GMT+0100 (CET);Mon Nov 25 2019 12:53:11 GMT+0100 (CET);1574686391000;0.12;24.97;5
1380556889530408;8.9;31.3;Mon Nov 25 2019 13:55:07 GMT+0100 (CET);Mon Nov 25 2019 12:55:07 GMT+0100 (CET);1574686507000;0.12;25.41;4.99
1380556889530408;8.9;31.4;Mon Nov 25 2019 13:57:10 GMT+0100 (CET);Mon Nov 25 2019 12:57:10 GMT+0100 (CET);1574686630000;0.11;23.35;4.99
1380556889530408;8.9;31.2;Mon Nov 25 2019 13:59:03 GMT+0100 (CET);Mon Nov 25 2019 12:59:03 GMT+0100 (CET);1574686743000;0.11;22.09;4.96
1380556889530408;8.9;31.2;Mon Nov 25 2019 14:01:00 GMT+0100 (CET);Mon Nov 25 2019 13:01:00 GMT+0100 (CET);1574686860000;0.1;21.5;4.95
1380556889530408;7.4;31;Mon Nov 25 2019 14:02:53 GMT+0100 (CET);Mon Nov 25 2019 13:02:53 GMT+0100 (CET);1574686973000;0.1;21.69;4.92
1380556889530408;7.4;30.9;Mon Nov 25 2019 14:04:58 GMT+0100 (CET);Mon Nov 25 2019 13:04:58 GMT+0100 (CET);1574687098000;0.1;21.77;4.9
1380556889530408;7.4;31.3;Mon Nov 25 2019 14:06:52 GMT+0100 (CET);Mon Nov 25 2019 13:06:52 GMT+0100 (CET);1574687212000;0.1;21.19;4.89
1380556889530408;7.4;31;Mon Nov 25 2019 14:08:49 GMT+0100 (CET);Mon Nov 25 2019 13:08:49 GMT+0100 (CET);1574687329000;0.09;19.44;4.87
1380556889530408;7.4;30.3;Mon Nov 25 2019 14:10:42 GMT+0100 (CET);Mon Nov 25 2019 13:10:42 GMT+0100 (CET);1574687442000;0.09;19.01;4.85
1380556889530408;7.4;30.7;Mon Nov 25 2019 14:12:36 GMT+0100 (CET);Mon Nov 25 2019 13:12:36 GMT+0100 (CET);1574687556000;0.09;19.77;4.86
1380556889530408;7.4;30.4;Mon Nov 25 2019 14:14:29 GMT+0100 (CET);Mon Nov 25 2019 13:14:29 GMT+0100 (CET);1574687669000;0.1;21.37;4.89
1380556889530408;7.4;31.2;Mon Nov 25 2019 14:16:22 GMT+0100 (CET);Mon Nov 25 2019 13:16:22 GMT+0100 (CET);1574687782000;0.1;21.33;4.89
1380556889530408;7.4;30.7;Mon Nov 25 2019 14:18:37 GMT+0100 (CET);Mon Nov 25 2019 13:18:37 GMT+0100 (CET);1574687917000;0.09;20.02;4.86
1380556889530408;7.4;30.5;Mon Nov 25 2019 14:20:29 GMT+0100 (CET);Mon Nov 25 2019 13:20:29 GMT+0100 (CET);1574688029000;0.09;20;4.85
1380556889530408;7.4;31;Mon Nov 25 2019 14:22:28 GMT+0100 (CET);Mon Nov 25 2019 13:22:28 GMT+0100 (CET);1574688148000;0.1;20.33;4.83
1380556889530408;7.4;30.6;Mon Nov 25 2019 14:24:25 GMT+0100 (CET);Mon Nov 25 2019 13:24:25 GMT+0100 (CET);1574688265000;0.09;19.13;4.82
1380556889530408;6.4;30.5;Mon Nov 25 2019 14:26:17 GMT+0100 (CET);Mon Nov 25 2019 13:26:17 GMT+0100 (CET);1574688377000;0.09;18.08;4.8
1380556889530408;6.4;30.6;Mon Nov 25 2019 14:28:12 GMT+0100 (CET);Mon Nov 25 2019 13:28:12 GMT+0100 (CET);1574688492000;0.09;17.72;4.76
1380556889530408;6.4;30.4;Mon Nov 25 2019 14:30:05 GMT+0100 (CET);Mon Nov 25 2019 13:30:05 GMT+0100 (CET);1574688605000;0.09;17.97;4.77
1380556889530408;6.4;30.5;Mon Nov 25 2019 14:31:59 GMT+0100 (CET);Mon Nov 25 2019 13:31:59 GMT+0100 (CET);1574688719000;0.08;18.15;4.78
1380556889530408;6.4;30.6;Mon Nov 25 2019 14:34:04 GMT+0100 (CET);Mon Nov 25 2019 13:34:04 GMT+0100 (CET);1574688844000;0.07;15.96;4.75
1380556889530408;6.9;30.1;Mon Nov 25 2019 14:35:57 GMT+0100 (CET);Mon Nov 25 2019 13:35:57 GMT+0100 (CET);1574688957000;0.08;16.35;4.75
1380556889530408;6.9;29.9;Mon Nov 25 2019 14:37:50 GMT+0100 (CET);Mon Nov 25 2019 13:37:50 GMT+0100 (CET);1574689070000;0.07;15.89;4.77
1380556889530408;6.9;29.8;Mon Nov 25 2019 14:39:57 GMT+0100 (CET);Mon Nov 25 2019 13:39:57 GMT+0100 (CET);1574689197000;0.07;15.51;4.78
1380556889530408;6.9;29;Mon Nov 25 2019 14:41:50 GMT+0100 (CET);Mon Nov 25 2019 13:41:50 GMT+0100 (CET);1574689310000;0.08;15.94;4.78
1380556889530408;6.9;29.7;Mon Nov 25 2019 14:43:43 GMT+0100 (CET);Mon Nov 25 2019 13:43:43 GMT+0100 (CET);1574689423000;0.08;17.21;4.78
1380556889530408;6.9;30;Mon Nov 25 2019 14:45:36 GMT+0100 (CET);Mon Nov 25 2019 13:45:36 GMT+0100 (CET);1574689536000;0.08;17.75;4.78
1380556889530408;6.9;30;Mon Nov 25 2019 14:47:35 GMT+0100 (CET);Mon Nov 25 2019 13:47:35 GMT+0100 (CET);1574689655000;0.08;17.2;4.79
1380556889530408;6.9;31;Mon Nov 25 2019 14:49:27 GMT+0100 (CET);Mon Nov 25 2019 13:49:27 GMT+0100 (CET);1574689767000;0.09;19.13;4.79
1380556889530408;6.9;30.8;Mon Nov 25 2019 14:51:25 GMT+0100 (CET);Mon Nov 25 2019 13:51:25 GMT+0100 (CET);1574689885000;0.09;19.6;4.81
1380556889530408;6.9;30.5;Mon Nov 25 2019 14:53:21 GMT+0100 (CET);Mon Nov 25 2019 13:53:21 GMT+0100 (CET);1574690001000;0.08;18.55;4.8
1380556889530408;6.9;30.8;Mon Nov 25 2019 14:55:20 GMT+0100 (CET);Mon Nov 25 2019 13:55:20 GMT+0100 (CET);1574690120000;0.09;18.56;4.8
1380556889530408;6.9;30.6;Mon Nov 25 2019 14:57:26 GMT+0100 (CET);Mon Nov 25 2019 13:57:26 GMT+0100 (CET);1574690246000;0.08;16.81;4.82
1380556889530408;6.9;29.3;Mon Nov 25 2019 14:59:32 GMT+0100 (CET);Mon Nov 25 2019 13:59:32 GMT+0100 (CET);1574690372000;0.08;16.55;4.8
1380556889530408;6.9;30.2;Mon Nov 25 2019 15:01:25 GMT+0100 (CET);Mon Nov 25 2019 14:01:25 GMT+0100 (CET);1574690485000;0.09;18.95;4.78
1380556889530408;6.9;30.7;Mon Nov 25 2019 15:03:17 GMT+0100 (CET);Mon Nov 25 2019 14:03:17 GMT+0100 (CET);1574690597000;0.08;17.43;4.77
1380556889530408;6.9;30.3;Mon Nov 25 2019 15:05:10 GMT+0100 (CET);Mon Nov 25 2019 14:05:10 GMT+0100 (CET);1574690710000;0.09;18.67;4.77
1380556889530408;6.9;30.3;Mon Nov 25 2019 15:07:11 GMT+0100 (CET);Mon Nov 25 2019 14:07:11 GMT+0100 (CET);1574690831000;0.09;18.63;4.74
1380556889530408;6.9;30.5;Mon Nov 25 2019 15:09:14 GMT+0100 (CET);Mon Nov 25 2019 14:09:14 GMT+0100 (CET);1574690954000;0.08;16.32;4.72
1380556889530408;6.9;30.7;Mon Nov 25 2019 15:11:09 GMT+0100 (CET);Mon Nov 25 2019 14:11:09 GMT+0100 (CET);1574691069000;0.07;14.13;4.7
1380556889530408;6.9;29.9;Mon Nov 25 2019 15:13:02 GMT+0100 (CET);Mon Nov 25 2019 14:13:02 GMT+0100 (CET);1574691182000;0.07;13.49;4.67
1380556889530408;6.9;29.1;Mon Nov 25 2019 15:14:54 GMT+0100 (CET);Mon Nov 25 2019 14:14:54 GMT+0100 (CET);1574691294000;0.07;13.83;4.63
1380556889530408;6.9;29;Mon Nov 25 2019 15:16:53 GMT+0100 (CET);Mon Nov 25 2019 14:16:53 GMT+0100 (CET);1574691413000;0.07;14.4;4.61
1380556889530408;6.9;28.9;Mon Nov 25 2019 15:19:09 GMT+0100 (CET);Mon Nov 25 2019 14:19:09 GMT+0100 (CET);1574691549000;0.07;13.73;4.6
1380556889530408;6.4;29.2;Mon Nov 25 2019 15:21:02 GMT+0100 (CET);Mon Nov 25 2019 14:21:02 GMT+0100 (CET);1574691662000;0.07;13.32;4.6
1380556889530408;6.4;29;Mon Nov 25 2019 15:23:28 GMT+0100 (CET);Mon Nov 25 2019 14:23:28 GMT+0100 (CET);1574691808000;0.07;13.25;4.6
1380556889530408;6.4;28.8;Mon Nov 25 2019 15:25:29 GMT+0100 (CET);Mon Nov 25 2019 14:25:29 GMT+0100 (CET);1574691929000;0;11.47;4.6
1380556889530408;6.4;28.9;Mon Nov 25 2019 15:27:26 GMT+0100 (CET);Mon Nov 25 2019 14:27:26 GMT+0100 (CET);1574692046000;0;12.14;4.6
1380556889530408;6.4;28.3;Mon Nov 25 2019 15:29:34 GMT+0100 (CET);Mon Nov 25 2019 14:29:34 GMT+0100 (CET);1574692174000;0;11.18;4.63
1380556889530408;6.4;27.9;Mon Nov 25 2019 15:31:27 GMT+0100 (CET);Mon Nov 25 2019 14:31:27 GMT+0100 (CET);1574692287000;0;10.67;4.61
1380556889530408;6.4;28.1;Mon Nov 25 2019 15:33:37 GMT+0100 (CET);Mon Nov 25 2019 14:33:37 GMT+0100 (CET);1574692417000;0;9.26;4.61
1380556889530408;5.4;27.5;Mon Nov 25 2019 15:35:30 GMT+0100 (CET);Mon Nov 25 2019 14:35:30 GMT+0100 (CET);1574692530000;0;8.91;4.62
1380556889530408;5.4;26.1;Mon Nov 25 2019 15:38:17 GMT+0100 (CET);Mon Nov 25 2019 14:38:17 GMT+0100 (CET);1574692697000;0;8.24;4.6
1380556889530408;4.9;25;Mon Nov 25 2019 15:40:24 GMT+0100 (CET);Mon Nov 25 2019 14:40:24 GMT+0100 (CET);1574692824000;0;8.57;4.57
1380556889530408;4.9;25.1;Mon Nov 25 2019 15:42:20 GMT+0100 (CET);Mon Nov 25 2019 14:42:20 GMT+0100 (CET);1574692940000;0;8.49;4.53
1380556889530408;4.9;25.4;Mon Nov 25 2019 15:44:21 GMT+0100 (CET);Mon Nov 25 2019 14:44:21 GMT+0100 (CET);1574693061000;0;7.82;4.54
1380556889530408;4.9;25.3;Mon Nov 25 2019 15:46:15 GMT+0100 (CET);Mon Nov 25 2019 14:46:15 GMT+0100 (CET);1574693175000;0;6.82;4.55
1380556889530408;5.4;31.7;Mon Nov 25 2019 15:48:08 GMT+0100 (CET);Mon Nov 25 2019 14:48:08 GMT+0100 (CET);1574693288000;0;6.16;4.54
1380556889530408;5.4;33.4;Mon Nov 25 2019 15:50:04 GMT+0100 (CET);Mon Nov 25 2019 14:50:04 GMT+0100 (CET);1574693404000;0;5.34;4.54
1380556889530408;5.4;31.7;Mon Nov 25 2019 15:52:00 GMT+0100 (CET);Mon Nov 25 2019 14:52:00 GMT+0100 (CET);1574693520000;0;4.6;4.53
1380556889530408;6.9;31.5;Mon Nov 25 2019 15:54:07 GMT+0100 (CET);Mon Nov 25 2019 14:54:07 GMT+0100 (CET);1574693647000;0;4.5;4.53
1380556889530408;6.9;26.8;Mon Nov 25 2019 15:56:08 GMT+0100 (CET);Mon Nov 25 2019 14:56:08 GMT+0100 (CET);1574693768000;0;4.02;4.51
1380556889530408;5.4;30.3;Mon Nov 25 2019 15:58:11 GMT+0100 (CET);Mon Nov 25 2019 14:58:11 GMT+0100 (CET);1574693891000;0;3.42;4.5
1380556889530408;5.4;29;Mon Nov 25 2019 16:00:04 GMT+0100 (CET);Mon Nov 25 2019 15:00:04 GMT+0100 (CET);1574694004000;0;2.85;4.49
1380556889530408;4.9;22.6;Mon Nov 25 2019 16:02:02 GMT+0100 (CET);Mon Nov 25 2019 15:02:02 GMT+0100 (CET);1574694122000;0;2.52;4.47
1380556889530408;4.9;18.6;Mon Nov 25 2019 16:04:09 GMT+0100 (CET);Mon Nov 25 2019 15:04:09 GMT+0100 (CET);1574694249000;0;2.1;4.46
1380556889530408;4.9;18.6;Mon Nov 25 2019 16:06:04 GMT+0100 (CET);Mon Nov 25 2019 15:06:04 GMT+0100 (CET);1574694364000;0;1.89;4.44
1380556889530408;4.9;18.6;Mon Nov 25 2019 16:07:57 GMT+0100 (CET);Mon Nov 25 2019 15:07:57 GMT+0100 (CET);1574694477000;0;1.65;4.42
1380556889530408;2.8;33.9;Tue Nov 26 2019 07:50:15 GMT+0100 (CET);Tue Nov 26 2019 06:50:15 GMT+0100 (CET);1574751015000;0;6.71;3.96
1380556889530408;2.8;34.6;Tue Nov 26 2019 07:52:20 GMT+0100 (CET);Tue Nov 26 2019 06:52:20 GMT+0100 (CET);1574751140000;0;8.01;3.97
1380556889530408;4.9;25.8;Tue Nov 26 2019 07:54:28 GMT+0100 (CET);Tue Nov 26 2019 06:54:28 GMT+0100 (CET);1574751268000;0;9.84;3.98
1380556889530408;4.9;25.6;Tue Nov 26 2019 07:56:27 GMT+0100 (CET);Tue Nov 26 2019 06:56:27 GMT+0100 (CET);1574751387000;0;12.23;4
1380556889530408;2.8;25.6;Tue Nov 26 2019 07:58:26 GMT+0100 (CET);Tue Nov 26 2019 06:58:26 GMT+0100 (CET);1574751506000;0.06;14.6;4.03
1380556889530408;2.8;25.6;Tue Nov 26 2019 08:00:20 GMT+0100 (CET);Tue Nov 26 2019 07:00:20 GMT+0100 (CET);1574751620000;0.08;17.07;4.03
1380556889530408;2.8;31;Tue Nov 26 2019 08:02:18 GMT+0100 (CET);Tue Nov 26 2019 07:02:18 GMT+0100 (CET);1574751738000;0.09;19.95;4.03
1380556889530408;4.9;31.3;Tue Nov 26 2019 08:04:22 GMT+0100 (CET);Tue Nov 26 2019 07:04:22 GMT+0100 (CET);1574751862000;0.09;22.08;4.02
1380556889530408;4.9;31.6;Tue Nov 26 2019 08:06:20 GMT+0100 (CET);Tue Nov 26 2019 07:06:20 GMT+0100 (CET);1574751980000;0.1;23.6;4.01
1380556889530408;4.9;31.6;Tue Nov 26 2019 08:08:24 GMT+0100 (CET);Tue Nov 26 2019 07:08:24 GMT+0100 (CET);1574752104000;0.11;25.19;4.01
1380556889530408;4.9;32.1;Tue Nov 26 2019 08:10:34 GMT+0100 (CET);Tue Nov 26 2019 07:10:34 GMT+0100 (CET);1574752234000;0.1;24.39;4.03
1380556889530408;5.4;31.8;Tue Nov 26 2019 08:12:36 GMT+0100 (CET);Tue Nov 26 2019 07:12:36 GMT+0100 (CET);1574752356000;0.1;22.93;4.07
1380556889530408;5.4;31.4;Tue Nov 26 2019 08:14:30 GMT+0100 (CET);Tue Nov 26 2019 07:14:30 GMT+0100 (CET);1574752470000;0.1;22.09;4.09
1380556889530408;5.4;30.9;Tue Nov 26 2019 08:16:42 GMT+0100 (CET);Tue Nov 26 2019 07:16:42 GMT+0100 (CET);1574752602000;0.09;20.68;4.13
1380556889530408;5.4;30.4;Tue Nov 26 2019 08:18:34 GMT+0100 (CET);Tue Nov 26 2019 07:18:34 GMT+0100 (CET);1574752714000;0.09;20.7;4.17
1380556889530408;5.4;30.5;Tue Nov 26 2019 08:20:29 GMT+0100 (CET);Tue Nov 26 2019 07:20:29 GMT+0100 (CET);1574752829000;0.08;19.89;4.21
1380556889530408;5.4;30.7;Tue Nov 26 2019 08:22:22 GMT+0100 (CET);Tue Nov 26 2019 07:22:22 GMT+0100 (CET);1574752942000;0.08;19.41;4.28
1380556889530408;5.4;30.9;Tue Nov 26 2019 08:24:53 GMT+0100 (CET);Tue Nov 26 2019 07:24:53 GMT+0100 (CET);1574753093000;0.08;17.93;4.34
1380556889530408;5.4;30.6;Tue Nov 26 2019 08:27:11 GMT+0100 (CET);Tue Nov 26 2019 07:27:11 GMT+0100 (CET);1574753231000;0.07;18.46;4.38
1380556889530408;5.4;31.1;Tue Nov 26 2019 08:29:04 GMT+0100 (CET);Tue Nov 26 2019 07:29:04 GMT+0100 (CET);1574753344000;0.08;19.95;4.43
1380556889530408;5.4;31.1;Tue Nov 26 2019 08:31:00 GMT+0100 (CET);Tue Nov 26 2019 07:31:00 GMT+0100 (CET);1574753460000;0.09;21.24;4.49
1380556889530408;5.4;30.6;Tue Nov 26 2019 08:33:12 GMT+0100 (CET);Tue Nov 26 2019 07:33:12 GMT+0100 (CET);1574753592000;0.1;22.61;4.55
1380556889530408;5.4;31.1;Tue Nov 26 2019 08:35:05 GMT+0100 (CET);Tue Nov 26 2019 07:35:05 GMT+0100 (CET);1574753705000;0.1;22.83;4.58
1380556889530408;5.4;31.3;Tue Nov 26 2019 08:37:21 GMT+0100 (CET);Tue Nov 26 2019 07:37:21 GMT+0100 (CET);1574753841000;0.09;21.5;4.64
1380556889530408;5.4;30.9;Tue Nov 26 2019 08:39:14 GMT+0100 (CET);Tue Nov 26 2019 07:39:14 GMT+0100 (CET);1574753954000;0.09;20.53;4.67
1380556889530408;5.4;30.7;Tue Nov 26 2019 08:41:37 GMT+0100 (CET);Tue Nov 26 2019 07:41:37 GMT+0100 (CET);1574754097000;0.09;19.82;4.71
1380556889530408;5.4;29.9;Tue Nov 26 2019 08:43:45 GMT+0100 (CET);Tue Nov 26 2019 07:43:45 GMT+0100 (CET);1574754225000;0.08;18.55;4.75
1380556889530408;5.4;30.7;Tue Nov 26 2019 08:45:38 GMT+0100 (CET);Tue Nov 26 2019 07:45:38 GMT+0100 (CET);1574754338000;0.09;20.64;4.79
1380556889530408;5.4;31;Tue Nov 26 2019 08:47:35 GMT+0100 (CET);Tue Nov 26 2019 07:47:35 GMT+0100 (CET);1574754455000;0.1;24.69;4.83
1380556889530408;5.4;31.2;Tue Nov 26 2019 08:49:36 GMT+0100 (CET);Tue Nov 26 2019 07:49:36 GMT+0100 (CET);1574754576000;0.12;27.02;4.87
1380556889530408;6.9;31.5;Tue Nov 26 2019 08:51:47 GMT+0100 (CET);Tue Nov 26 2019 07:51:47 GMT+0100 (CET);1574754707000;0.12;25.91;4.92
1380556889530408;6.9;31.9;Tue Nov 26 2019 08:53:41 GMT+0100 (CET);Tue Nov 26 2019 07:53:41 GMT+0100 (CET);1574754821000;0.12;28.49;4.94
1380556889530408;6.9;32.2;Tue Nov 26 2019 08:56:25 GMT+0100 (CET);Tue Nov 26 2019 07:56:25 GMT+0100 (CET);1574754985000;0.13;28.86;4.97
1380556889530408;6.9;31.9;Tue Nov 26 2019 08:58:33 GMT+0100 (CET);Tue Nov 26 2019 07:58:33 GMT+0100 (CET);1574755113000;0.14;32.31;5
1380556889530408;7.4;31.9;Tue Nov 26 2019 09:00:26 GMT+0100 (CET);Tue Nov 26 2019 08:00:26 GMT+0100 (CET);1574755226000;0.15;34.07;5.03
1380556889530408;7.4;32.7;Tue Nov 26 2019 09:02:40 GMT+0100 (CET);Tue Nov 26 2019 08:02:40 GMT+0100 (CET);1574755360000;0.19;43.09;5.06
1380556889530408;7.4;32.6;Tue Nov 26 2019 09:05:16 GMT+0100 (CET);Tue Nov 26 2019 08:05:16 GMT+0100 (CET);1574755516000;0.22;47.08;5.12
1380556889530408;7.4;33.2;Tue Nov 26 2019 09:07:33 GMT+0100 (CET);Tue Nov 26 2019 08:07:33 GMT+0100 (CET);1574755653000;0.21;46.11;5.21
1380556889530408;8.9;33.3;Tue Nov 26 2019 09:09:51 GMT+0100 (CET);Tue Nov 26 2019 08:09:51 GMT+0100 (CET);1574755791000;0.23;49.12;5.29
1380556889530408;8.9;33.2;Tue Nov 26 2019 09:11:53 GMT+0100 (CET);Tue Nov 26 2019 08:11:53 GMT+0100 (CET);1574755913000;0.24;51.63;5.36
1380556889530408;8.9;33.5;Tue Nov 26 2019 09:13:54 GMT+0100 (CET);Tue Nov 26 2019 08:13:54 GMT+0100 (CET);1574756034000;0.25;52.37;5.46
1380556889530408;8.9;33.3;Tue Nov 26 2019 09:15:55 GMT+0100 (CET);Tue Nov 26 2019 08:15:55 GMT+0100 (CET);1574756155000;0.25;53.36;5.53
1380556889530408;8.9;33.4;Tue Nov 26 2019 09:18:19 GMT+0100 (CET);Tue Nov 26 2019 08:18:19 GMT+0100 (CET);1574756299000;0.27;57.02;5.6
1380556889530408;8.9;33.4;Tue Nov 26 2019 09:20:27 GMT+0100 (CET);Tue Nov 26 2019 08:20:27 GMT+0100 (CET);1574756427000;0.29;63.28;5.69
1380556889530408;8.9;33.8;Tue Nov 26 2019 09:22:34 GMT+0100 (CET);Tue Nov 26 2019 08:22:34 GMT+0100 (CET);1574756554000;0.35;75.17;5.78
1380556889530408;9.4;34.2;Tue Nov 26 2019 09:24:58 GMT+0100 (CET);Tue Nov 26 2019 08:24:58 GMT+0100 (CET);1574756698000;0.4;85.45;5.89
1380556889530408;9.4;34.4;Tue Nov 26 2019 09:26:57 GMT+0100 (CET);Tue Nov 26 2019 08:26:57 GMT+0100 (CET);1574756817000;0.36;77.68;5.93
1380556889530408;9.4;33.9;Tue Nov 26 2019 09:29:03 GMT+0100 (CET);Tue Nov 26 2019 08:29:03 GMT+0100 (CET);1574756943000;0.36;77.33;5.99
1380556889530408;9.4;33.9;Tue Nov 26 2019 09:30:59 GMT+0100 (CET);Tue Nov 26 2019 08:30:59 GMT+0100 (CET);1574757059000;0.37;82.7;6.05
1380556889530408;10.9;34.3;Tue Nov 26 2019 09:33:30 GMT+0100 (CET);Tue Nov 26 2019 08:33:30 GMT+0100 (CET);1574757210000;0.47;101.76;6.17
1380556889530408;10.9;35.3;Tue Nov 26 2019 09:35:25 GMT+0100 (CET);Tue Nov 26 2019 08:35:25 GMT+0100 (CET);1574757325000;0.46;99.44;6.2
1380556889530408;10.9;35.2;Tue Nov 26 2019 09:37:32 GMT+0100 (CET);Tue Nov 26 2019 08:37:32 GMT+0100 (CET);1574757452000;0.47;100.06;6.25
1380556889530408;10.9;35.2;Tue Nov 26 2019 09:39:40 GMT+0100 (CET);Tue Nov 26 2019 08:39:40 GMT+0100 (CET);1574757580000;0.47;100.88;6.29
1380556889530408;10.9;35.3;Tue Nov 26 2019 09:41:47 GMT+0100 (CET);Tue Nov 26 2019 08:41:47 GMT+0100 (CET);1574757707000;0.49;104.88;6.37
1380556889530408;11.4;35.2;Tue Nov 26 2019 09:43:56 GMT+0100 (CET);Tue Nov 26 2019 08:43:56 GMT+0100 (CET);1574757836000;0.42;91.51;6.43
1380556889530408;11.4;35.1;Tue Nov 26 2019 09:45:56 GMT+0100 (CET);Tue Nov 26 2019 08:45:56 GMT+0100 (CET);1574757956000;0.38;84.14;6.48
1380556889530408;11.4;34.9;Tue Nov 26 2019 09:47:53 GMT+0100 (CET);Tue Nov 26 2019 08:47:53 GMT+0100 (CET);1574758073000;0.38;81.61;6.49
1380556889530408;11.4;33.9;Tue Nov 26 2019 09:49:49 GMT+0100 (CET);Tue Nov 26 2019 08:49:49 GMT+0100 (CET);1574758189000;0.39;83.72;6.5
1380556889530408;11.4;34;Tue Nov 26 2019 09:51:48 GMT+0100 (CET);Tue Nov 26 2019 08:51:48 GMT+0100 (CET);1574758308000;0.38;81.34;6.53
1380556889530408;11.4;33.7;Tue Nov 26 2019 10:09:19 GMT+0100 (CET);Tue Nov 26 2019 09:09:19 GMT+0100 (CET);1574759359000;0.36;79.46;6.7
1380556889530408;11.4;33.9;Tue Nov 26 2019 10:11:12 GMT+0100 (CET);Tue Nov 26 2019 09:11:12 GMT+0100 (CET);1574759472000;0.38;83.31;6.72
1380556889530408;11.4;34.1;Tue Nov 26 2019 10:13:05 GMT+0100 (CET);Tue Nov 26 2019 09:13:05 GMT+0100 (CET);1574759585000;0.39;85.07;6.8
1380556889530408;11.4;34.1;Tue Nov 26 2019 10:14:59 GMT+0100 (CET);Tue Nov 26 2019 09:14:59 GMT+0100 (CET);1574759699000;0.39;85.58;6.88
1380556889530408;11.4;34.2;Tue Nov 26 2019 10:16:51 GMT+0100 (CET);Tue Nov 26 2019 09:16:51 GMT+0100 (CET);1574759811000;0.43;94.48;6.86
1380556889530408;11.4;34.3;Tue Nov 26 2019 10:18:47 GMT+0100 (CET);Tue Nov 26 2019 09:18:47 GMT+0100 (CET);1574759927000;0.54;118.52;6.92
1380556889530408;11.4;35.6;Tue Nov 26 2019 10:20:39 GMT+0100 (CET);Tue Nov 26 2019 09:20:39 GMT+0100 (CET);1574760039000;0.65;149.11;7.01
1380556889530408;12.9;36.7;Tue Nov 26 2019 10:22:32 GMT+0100 (CET);Tue Nov 26 2019 09:22:32 GMT+0100 (CET);1574760152000;0.66;153.72;7.1
1380556889530408;12.9;36.6;Tue Nov 26 2019 10:24:25 GMT+0100 (CET);Tue Nov 26 2019 09:24:25 GMT+0100 (CET);1574760265000;0.69;160.96;7.17
1380556889530408;12.9;37.1;Tue Nov 26 2019 10:26:17 GMT+0100 (CET);Tue Nov 26 2019 09:26:17 GMT+0100 (CET);1574760377000;0.76;177.44;7.29
1380556889530408;12.9;36.9;Tue Nov 26 2019 10:28:10 GMT+0100 (CET);Tue Nov 26 2019 09:28:10 GMT+0100 (CET);1574760490000;0.71;168.31;7.41
1380556889530408;13.4;36.5;Tue Nov 26 2019 10:30:04 GMT+0100 (CET);Tue Nov 26 2019 09:30:04 GMT+0100 (CET);1574760604000;0.72;164.29;7.5
1380556889530408;13.4;36.7;Tue Nov 26 2019 10:31:57 GMT+0100 (CET);Tue Nov 26 2019 09:31:57 GMT+0100 (CET);1574760717000;0.71;160.15;7.64
1380556889530408;13.4;35.9;Tue Nov 26 2019 10:33:51 GMT+0100 (CET);Tue Nov 26 2019 09:33:51 GMT+0100 (CET);1574760831000;0.68;151.93;7.76
1380556889530408;13.4;35.8;Tue Nov 26 2019 10:35:44 GMT+0100 (CET);Tue Nov 26 2019 09:35:44 GMT+0100 (CET);1574760944000;0.69;155.43;7.85
1380556889530408;13.4;35.9;Tue Nov 26 2019 10:37:36 GMT+0100 (CET);Tue Nov 26 2019 09:37:36 GMT+0100 (CET);1574761056000;0.78;171.58;7.95
1380556889530408;14.4;36.1;Tue Nov 26 2019 10:39:49 GMT+0100 (CET);Tue Nov 26 2019 09:39:49 GMT+0100 (CET);1574761189000;0.81;178.94;8
1380556889530408;14.4;36;Tue Nov 26 2019 10:41:41 GMT+0100 (CET);Tue Nov 26 2019 09:41:41 GMT+0100 (CET);1574761301000;0.76;168.87;8.07
1380556889530408;14.4;35.9;Tue Nov 26 2019 10:43:34 GMT+0100 (CET);Tue Nov 26 2019 09:43:34 GMT+0100 (CET);1574761414000;0.8;177.25;8.11
1380556889530408;14.4;35.8;Tue Nov 26 2019 10:45:27 GMT+0100 (CET);Tue Nov 26 2019 09:45:27 GMT+0100 (CET);1574761527000;0.74;160.22;8.21
1380556889530408;14.4;35.6;Tue Nov 26 2019 10:47:20 GMT+0100 (CET);Tue Nov 26 2019 09:47:20 GMT+0100 (CET);1574761640000;0.67;147.86;8.3
1380556889530408;14.4;35.4;Tue Nov 26 2019 10:49:13 GMT+0100 (CET);Tue Nov 26 2019 09:49:13 GMT+0100 (CET);1574761753000;0.69;152.17;8.32
1380556889530408;14.4;35.5;Tue Nov 26 2019 10:51:05 GMT+0100 (CET);Tue Nov 26 2019 09:51:05 GMT+0100 (CET);1574761865000;0.72;156.42;8.35
1380556889530408;14.4;35.6;Tue Nov 26 2019 10:52:58 GMT+0100 (CET);Tue Nov 26 2019 09:52:58 GMT+0100 (CET);1574761978000;0.74;160.88;8.41
1380556889530408;14.4;35.8;Tue Nov 26 2019 10:55:15 GMT+0100 (CET);Tue Nov 26 2019 09:55:15 GMT+0100 (CET);1574762115000;0.78;170.75;8.55
1380556889530408;14.4;35.8;Tue Nov 26 2019 10:57:07 GMT+0100 (CET);Tue Nov 26 2019 09:57:07 GMT+0100 (CET);1574762227000;0.73;163.78;8.64
1380556889530408;15.4;36;Tue Nov 26 2019 10:59:00 GMT+0100 (CET);Tue Nov 26 2019 09:59:00 GMT+0100 (CET);1574762340000;0.71;165.16;8.68
1380556889530408;15.4;36.7;Tue Nov 26 2019 11:00:53 GMT+0100 (CET);Tue Nov 26 2019 10:00:53 GMT+0100 (CET);1574762453000;0.81;190.41;8.74
1380556889530408;15.4;37.3;Tue Nov 26 2019 11:02:53 GMT+0100 (CET);Tue Nov 26 2019 10:02:53 GMT+0100 (CET);1574762573000;0.84;203.1;8.76
1380556889530408;17;37.4;Tue Nov 26 2019 11:04:47 GMT+0100 (CET);Tue Nov 26 2019 10:04:47 GMT+0100 (CET);1574762687000;0.75;189.44;8.82
1380556889530408;17;37.2;Tue Nov 26 2019 11:06:40 GMT+0100 (CET);Tue Nov 26 2019 10:06:40 GMT+0100 (CET);1574762800000;1.88;458.23;8.89
1380556889530408;17;37.4;Tue Nov 26 2019 11:08:32 GMT+0100 (CET);Tue Nov 26 2019 10:08:32 GMT+0100 (CET);1574762912000;1.49;332.79;9.1
1380556889530408;17;37.5;Tue Nov 26 2019 11:10:46 GMT+0100 (CET);Tue Nov 26 2019 10:10:46 GMT+0100 (CET);1574763046000;2.63;704.3;9.67
1380556889530408;17;37.3;Tue Nov 26 2019 11:12:39 GMT+0100 (CET);Tue Nov 26 2019 10:12:39 GMT+0100 (CET);1574763159000;2.72;674.83;10.32
1380556889530408;17.5;36.6;Tue Nov 26 2019 11:14:32 GMT+0100 (CET);Tue Nov 26 2019 10:14:32 GMT+0100 (CET);1574763272000;1.66;378.87;10.91
1380556889530408;17.5;36.4;Tue Nov 26 2019 11:16:24 GMT+0100 (CET);Tue Nov 26 2019 10:16:24 GMT+0100 (CET);1574763384000;1.28;313.86;11.03
1380556889530408;19.5;36.5;Tue Nov 26 2019 11:18:26 GMT+0100 (CET);Tue Nov 26 2019 10:18:26 GMT+0100 (CET);1574763506000;1.37;318.42;10.97
1380556889530408;19.5;36.7;Tue Nov 26 2019 11:20:18 GMT+0100 (CET);Tue Nov 26 2019 10:20:18 GMT+0100 (CET);1574763618000;1.33;348.15;10.96
1380556889530408;19.5;37.2;Tue Nov 26 2019 11:22:12 GMT+0100 (CET);Tue Nov 26 2019 10:22:12 GMT+0100 (CET);1574763732000;1.44;315.47;10.8
1380556889530408;21;37.2;Tue Nov 26 2019 11:24:05 GMT+0100 (CET);Tue Nov 26 2019 10:24:05 GMT+0100 (CET);1574763845000;1.4;460.79;10.84
1380556889530408;21;37.1;Tue Nov 26 2019 11:26:13 GMT+0100 (CET);Tue Nov 26 2019 10:26:13 GMT+0100 (CET);1574763973000;1.29;323.28;10.82
1380556889530408;21;37.2;Tue Nov 26 2019 11:28:07 GMT+0100 (CET);Tue Nov 26 2019 10:28:07 GMT+0100 (CET);1574764087000;1.71;325.01;10.71
1380556889530408;21;37.5;Tue Nov 26 2019 11:29:59 GMT+0100 (CET);Tue Nov 26 2019 10:29:59 GMT+0100 (CET);1574764199000;1.31;320.01;10.56
1380556889530408;21;37.5;Tue Nov 26 2019 11:31:52 GMT+0100 (CET);Tue Nov 26 2019 10:31:52 GMT+0100 (CET);1574764312000;1.92;499.19;10.5
1380556889530408;21;36.9;Tue Nov 26 2019 11:34:05 GMT+0100 (CET);Tue Nov 26 2019 10:34:05 GMT+0100 (CET);1574764445000;1.59;404.47;10.73
1380556889530408;21;36.9;Tue Nov 26 2019 11:35:58 GMT+0100 (CET);Tue Nov 26 2019 10:35:58 GMT+0100 (CET);1574764558000;1.98;476.15;11.02
1380556889530408;21;36.9;Tue Nov 26 2019 11:37:51 GMT+0100 (CET);Tue Nov 26 2019 10:37:51 GMT+0100 (CET);1574764671000;1.94;478.71;11.39
1380556889530408;21;36.8;Tue Nov 26 2019 11:39:44 GMT+0100 (CET);Tue Nov 26 2019 10:39:44 GMT+0100 (CET);1574764784000;1.93;468.47;11.57
1380556889530408;21.5;36.7;Tue Nov 26 2019 11:41:42 GMT+0100 (CET);Tue Nov 26 2019 10:41:42 GMT+0100 (CET);1574764902000;1.88;458.23;11.78
1380556889530408;21.5;36.7;Tue Nov 26 2019 11:43:35 GMT+0100 (CET);Tue Nov 26 2019 10:43:35 GMT+0100 (CET);1574765015000;1.92;465.91;12.06
1380556889530408;21.5;36.7;Tue Nov 26 2019 11:45:28 GMT+0100 (CET);Tue Nov 26 2019 10:45:28 GMT+0100 (CET);1574765128000;1.93;468.47;12.22
1380556889530408;21.5;36.7;Tue Nov 26 2019 11:47:20 GMT+0100 (CET);Tue Nov 26 2019 10:47:20 GMT+0100 (CET);1574765240000;2.01;481.27;12.21
1380556889530408;21.5;36.6;Tue Nov 26 2019 11:49:40 GMT+0100 (CET);Tue Nov 26 2019 10:49:40 GMT+0100 (CET);1574765380000;1.96;471.03;12.5
1380556889530408;23;36.6;Tue Nov 26 2019 11:51:33 GMT+0100 (CET);Tue Nov 26 2019 10:51:33 GMT+0100 (CET);1574765493000;2.06;501.75;12.64
1380556889530408;23;36.5;Tue Nov 26 2019 11:53:26 GMT+0100 (CET);Tue Nov 26 2019 10:53:26 GMT+0100 (CET);1574765606000;2.01;488.95;12.59
1380556889530408;23;36.5;Tue Nov 26 2019 11:55:19 GMT+0100 (CET);Tue Nov 26 2019 10:55:19 GMT+0100 (CET);1574765719000;2.13;509.43;12.61
1380556889530408;23.5;36.5;Tue Nov 26 2019 11:57:17 GMT+0100 (CET);Tue Nov 26 2019 10:57:17 GMT+0100 (CET);1574765837000;2.05;496.63;12.72
1380556889530408;23.5;36.3;Tue Nov 26 2019 11:59:09 GMT+0100 (CET);Tue Nov 26 2019 10:59:09 GMT+0100 (CET);1574765949000;2.09;504.31;12.92
1380556889530408;25;36.3;Tue Nov 26 2019 12:01:02 GMT+0100 (CET);Tue Nov 26 2019 11:01:02 GMT+0100 (CET);1574766062000;1.81;447.99;13.1
1380556889530408;25;36.2;Tue Nov 26 2019 12:02:55 GMT+0100 (CET);Tue Nov 26 2019 11:02:55 GMT+0100 (CET);1574766175000;1.4;335.35;13
1380556889530408;25;36.2;Tue Nov 26 2019 12:05:18 GMT+0100 (CET);Tue Nov 26 2019 11:05:18 GMT+0100 (CET);1574766318000;1.11;273.45;12.6
1380556889530408;25;36.8;Tue Nov 26 2019 12:07:13 GMT+0100 (CET);Tue Nov 26 2019 11:07:13 GMT+0100 (CET);1574766433000;1.95;458.23;12.45
1380556889530408;25;36.7;Tue Nov 26 2019 12:09:05 GMT+0100 (CET);Tue Nov 26 2019 11:09:05 GMT+0100 (CET);1574766545000;1.6;391.67;12.51
1380556889530408;23.5;36.3;Tue Nov 26 2019 12:10:59 GMT+0100 (CET);Tue Nov 26 2019 11:10:59 GMT+0100 (CET);1574766659000;0.98;231.57;12.4
1380556889530408;23.5;36.2;Tue Nov 26 2019 12:12:53 GMT+0100 (CET);Tue Nov 26 2019 11:12:53 GMT+0100 (CET);1574766773000;1.09;253.05;12.18
1380556889530408;23;36.2;Tue Nov 26 2019 12:14:45 GMT+0100 (CET);Tue Nov 26 2019 11:14:45 GMT+0100 (CET);1574766885000;1.02;233.22;11.96
1380556889530408;23;35.9;Tue Nov 26 2019 12:16:38 GMT+0100 (CET);Tue Nov 26 2019 11:16:38 GMT+0100 (CET);1574766998000;0.97;213.1;11.71
1380556889530408;23;35.4;Tue Nov 26 2019 12:18:31 GMT+0100 (CET);Tue Nov 26 2019 11:18:31 GMT+0100 (CET);1574767111000;0.89;195.83;11.56
1380556889530408;21.5;34.9;Tue Nov 26 2019 12:20:44 GMT+0100 (CET);Tue Nov 26 2019 11:20:44 GMT+0100 (CET);1574767244000;0.8;169.66;11.38
1380556889530408;21.5;34.6;Tue Nov 26 2019 12:22:37 GMT+0100 (CET);Tue Nov 26 2019 11:22:37 GMT+0100 (CET);1574767357000;0.72;153.89;11.25
1380556889530408;21;34.7;Tue Nov 26 2019 12:24:29 GMT+0100 (CET);Tue Nov 26 2019 11:24:29 GMT+0100 (CET);1574767469000;0.73;156.58;11.09
1380556889530408;21;34.9;Tue Nov 26 2019 12:26:23 GMT+0100 (CET);Tue Nov 26 2019 11:26:23 GMT+0100 (CET);1574767583000;0.78;165.83;11.02
1380556889530408;21;35.4;Tue Nov 26 2019 12:28:16 GMT+0100 (CET);Tue Nov 26 2019 11:28:16 GMT+0100 (CET);1574767696000;0.85;185.31;10.96
1380556889530408;21;35.7;Tue Nov 26 2019 12:30:09 GMT+0100 (CET);Tue Nov 26 2019 11:30:09 GMT+0100 (CET);1574767809000;0.91;204.53;10.89
1380556889530408;21;36.2;Tue Nov 26 2019 12:32:02 GMT+0100 (CET);Tue Nov 26 2019 11:32:02 GMT+0100 (CET);1574767922000;1.03;237.31;10.91
1380556889530408;21;36.9;Tue Nov 26 2019 12:33:55 GMT+0100 (CET);Tue Nov 26 2019 11:33:55 GMT+0100 (CET);1574768035000;1.21;285.61;11.07
1380556889530408;21;36.6;Tue Nov 26 2019 12:36:18 GMT+0100 (CET);Tue Nov 26 2019 11:36:18 GMT+0100 (CET);1574768178000;1.04;257.82;11.22
1380556889530408;21;36.8;Tue Nov 26 2019 12:38:11 GMT+0100 (CET);Tue Nov 26 2019 11:38:11 GMT+0100 (CET);1574768291000;1.22;284.43;11.35
1380556889530408;21;36.5;Tue Nov 26 2019 12:40:03 GMT+0100 (CET);Tue Nov 26 2019 11:40:03 GMT+0100 (CET);1574768403000;1;232.33;11.32
1380556889530408;21;36.5;Tue Nov 26 2019 12:41:56 GMT+0100 (CET);Tue Nov 26 2019 11:41:56 GMT+0100 (CET);1574768516000;1.17;260.31;11.31
1380556889530408;21;36.7;Tue Nov 26 2019 12:43:50 GMT+0100 (CET);Tue Nov 26 2019 11:43:50 GMT+0100 (CET);1574768630000;0.95;220.87;11.41
1380556889530408;21;36.4;Tue Nov 26 2019 12:45:45 GMT+0100 (CET);Tue Nov 26 2019 11:45:45 GMT+0100 (CET);1574768745000;0.86;199.49;11.34
1380556889530408;21;36;Tue Nov 26 2019 12:47:37 GMT+0100 (CET);Tue Nov 26 2019 11:47:37 GMT+0100 (CET);1574768857000;0.8;177.33;11.27
1380556889530408;21;35.9;Tue Nov 26 2019 12:49:30 GMT+0100 (CET);Tue Nov 26 2019 11:49:30 GMT+0100 (CET);1574768970000;0.77;172.27;11.18
1380556889530408;21;35.6;Tue Nov 26 2019 12:51:54 GMT+0100 (CET);Tue Nov 26 2019 11:51:54 GMT+0100 (CET);1574769114000;0.75;171.35;11.12
1380556889530408;19.5;36.1;Tue Nov 26 2019 12:53:47 GMT+0100 (CET);Tue Nov 26 2019 11:53:47 GMT+0100 (CET);1574769227000;0.98;228.58;11.1
1380556889530408;19.5;36.6;Tue Nov 26 2019 12:55:40 GMT+0100 (CET);Tue Nov 26 2019 11:55:40 GMT+0100 (CET);1574769340000;1.12;270.03;11.18
1380556889530408;19.5;36.8;Tue Nov 26 2019 12:57:33 GMT+0100 (CET);Tue Nov 26 2019 11:57:33 GMT+0100 (CET);1574769453000;1.14;270.95;11.21
1380556889530408;19.5;36.9;Tue Nov 26 2019 12:59:26 GMT+0100 (CET);Tue Nov 26 2019 11:59:26 GMT+0100 (CET);1574769566000;1.18;280.85;11.19
1380556889530408;19.5;36.8;Tue Nov 26 2019 13:01:19 GMT+0100 (CET);Tue Nov 26 2019 12:01:19 GMT+0100 (CET);1574769679000;1.07;257.92;11.17
1380556889530408;19.5;36.7;Tue Nov 26 2019 13:03:11 GMT+0100 (CET);Tue Nov 26 2019 12:03:11 GMT+0100 (CET);1574769791000;1.19;285;11.22
1380556889530408;21;36.8;Tue Nov 26 2019 13:05:06 GMT+0100 (CET);Tue Nov 26 2019 12:05:06 GMT+0100 (CET);1574769906000;1.07;255.28;11.41
1380556889530408;21;36.7;Tue Nov 26 2019 13:07:17 GMT+0100 (CET);Tue Nov 26 2019 12:07:17 GMT+0100 (CET);1574770037000;1.01;243.44;11.53
1380556889530408;21;36.7;Tue Nov 26 2019 13:09:10 GMT+0100 (CET);Tue Nov 26 2019 12:09:10 GMT+0100 (CET);1574770150000;0.95;221.49;11.55
1380556889530408;21;36.5;Tue Nov 26 2019 13:11:04 GMT+0100 (CET);Tue Nov 26 2019 12:11:04 GMT+0100 (CET);1574770264000;0.84;188.4;11.42
1380556889530408;21;35.6;Tue Nov 26 2019 13:12:57 GMT+0100 (CET);Tue Nov 26 2019 12:12:57 GMT+0100 (CET);1574770377000;0.81;177.59;11.39
1380556889530408;19.5;35.3;Tue Nov 26 2019 13:14:55 GMT+0100 (CET);Tue Nov 26 2019 12:14:55 GMT+0100 (CET);1574770495000;0.77;167.7;11.36
1380556889530408;19.5;35.3;Tue Nov 26 2019 13:16:48 GMT+0100 (CET);Tue Nov 26 2019 12:16:48 GMT+0100 (CET);1574770608000;0.73;161.11;11.41
1380556889530408;21;35.5;Tue Nov 26 2019 13:18:41 GMT+0100 (CET);Tue Nov 26 2019 12:18:41 GMT+0100 (CET);1574770721000;0.73;162;11.41
1380556889530408;21;35.6;Tue Nov 26 2019 13:20:35 GMT+0100 (CET);Tue Nov 26 2019 12:20:35 GMT+0100 (CET);1574770835000;0.77;170.81;11.31
1380556889530408;19;35.8;Tue Nov 26 2019 13:23:00 GMT+0100 (CET);Tue Nov 26 2019 12:23:00 GMT+0100 (CET);1574770980000;0.8;179.92;11.24
1380556889530408;19;35.9;Tue Nov 26 2019 13:24:53 GMT+0100 (CET);Tue Nov 26 2019 12:24:53 GMT+0100 (CET);1574771093000;0.81;182.57;11.26
1380556889530408;19.5;35.9;Tue Nov 26 2019 13:26:47 GMT+0100 (CET);Tue Nov 26 2019 12:26:47 GMT+0100 (CET);1574771207000;0.81;181.45;11.24
1380556889530408;19.5;35.9;Tue Nov 26 2019 13:28:40 GMT+0100 (CET);Tue Nov 26 2019 12:28:40 GMT+0100 (CET);1574771320000;0.81;182.39;11.21
1380556889530408;19.5;36.2;Tue Nov 26 2019 13:30:49 GMT+0100 (CET);Tue Nov 26 2019 12:30:49 GMT+0100 (CET);1574771449000;0.78;177.3;11.19
1380556889530408;19;36.2;Tue Nov 26 2019 13:32:42 GMT+0100 (CET);Tue Nov 26 2019 12:32:42 GMT+0100 (CET);1574771562000;0.74;171.28;11.19
1380556889530408;19;36;Tue Nov 26 2019 13:34:34 GMT+0100 (CET);Tue Nov 26 2019 12:34:34 GMT+0100 (CET);1574771674000;0.73;165.77;11.23
1380556889530408;19;36.1;Tue Nov 26 2019 13:36:27 GMT+0100 (CET);Tue Nov 26 2019 12:36:27 GMT+0100 (CET);1574771787000;0.76;174.93;11.24
1380556889530408;19;37.2;Tue Nov 26 2019 13:38:46 GMT+0100 (CET);Tue Nov 26 2019 12:38:46 GMT+0100 (CET);1574771926000;0.95;232.31;11.25
1380556889530408;19;37.2;Tue Nov 26 2019 13:40:41 GMT+0100 (CET);Tue Nov 26 2019 12:40:41 GMT+0100 (CET);1574772041000;0.88;217.32;11.35
1380556889530408;19.5;37.2;Tue Nov 26 2019 13:42:34 GMT+0100 (CET);Tue Nov 26 2019 12:42:34 GMT+0100 (CET);1574772154000;0.83;202;11.43
1380556889530408;19.5;36.7;Tue Nov 26 2019 13:44:27 GMT+0100 (CET);Tue Nov 26 2019 12:44:27 GMT+0100 (CET);1574772267000;0.78;189.93;11.46
1380556889530408;19.5;36.8;Tue Nov 26 2019 13:46:20 GMT+0100 (CET);Tue Nov 26 2019 12:46:20 GMT+0100 (CET);1574772380000;0.75;180.35;11.47
1380556889530408;19.5;36.7;Tue Nov 26 2019 13:48:16 GMT+0100 (CET);Tue Nov 26 2019 12:48:16 GMT+0100 (CET);1574772496000;0.73;176.63;11.42
1380556889530408;19;36.2;Tue Nov 26 2019 13:50:19 GMT+0100 (CET);Tue Nov 26 2019 12:50:19 GMT+0100 (CET);1574772619000;0.69;171.34;11.32
1380556889530408;19;36.6;Tue Nov 26 2019 13:52:16 GMT+0100 (CET);Tue Nov 26 2019 12:52:16 GMT+0100 (CET);1574772736000;0.66;161.06;11.17
1380556889530408;19;36.6;Tue Nov 26 2019 13:54:17 GMT+0100 (CET);Tue Nov 26 2019 12:54:17 GMT+0100 (CET);1574772857000;0.67;162.58;11.03
1380556889530408;19;37;Tue Nov 26 2019 13:56:11 GMT+0100 (CET);Tue Nov 26 2019 12:56:11 GMT+0100 (CET);1574772971000;0.68;170.75;10.96
1380556889530408;19;37;Tue Nov 26 2019 13:58:04 GMT+0100 (CET);Tue Nov 26 2019 12:58:04 GMT+0100 (CET);1574773084000;0.67;166.84;10.97
1380556889530408;19;37;Tue Nov 26 2019 13:59:56 GMT+0100 (CET);Tue Nov 26 2019 12:59:56 GMT+0100 (CET);1574773196000;0.67;167.85;10.96
1380556889530408;19;36.9;Tue Nov 26 2019 14:01:57 GMT+0100 (CET);Tue Nov 26 2019 13:01:57 GMT+0100 (CET);1574773317000;0.64;158.29;10.99
1380556889530408;19;35.8;Tue Nov 26 2019 14:03:49 GMT+0100 (CET);Tue Nov 26 2019 13:03:49 GMT+0100 (CET);1574773429000;0.6;139.1;10.87
1380556889530408;19;35.7;Tue Nov 26 2019 14:05:42 GMT+0100 (CET);Tue Nov 26 2019 13:05:42 GMT+0100 (CET);1574773542000;0.6;136.32;10.76
1380556889530408;19;35.8;Tue Nov 26 2019 14:07:36 GMT+0100 (CET);Tue Nov 26 2019 13:07:36 GMT+0100 (CET);1574773656000;0.59;135.42;10.67
1380556889530408;17.5;35.5;Tue Nov 26 2019 14:09:58 GMT+0100 (CET);Tue Nov 26 2019 13:09:58 GMT+0100 (CET);1574773798000;0.58;129.42;10.56
1380556889530408;17.5;35.3;Tue Nov 26 2019 14:11:50 GMT+0100 (CET);Tue Nov 26 2019 13:11:50 GMT+0100 (CET);1574773910000;0.56;124.85;10.48
1380556889530408;17;35.1;Tue Nov 26 2019 14:13:43 GMT+0100 (CET);Tue Nov 26 2019 13:13:43 GMT+0100 (CET);1574774023000;0.55;120.59;10.44
1380556889530408;17;34.9;Tue Nov 26 2019 14:15:44 GMT+0100 (CET);Tue Nov 26 2019 13:15:44 GMT+0100 (CET);1574774144000;0.55;119.74;10.42
1380556889530408;17;34.8;Tue Nov 26 2019 14:17:37 GMT+0100 (CET);Tue Nov 26 2019 13:17:37 GMT+0100 (CET);1574774257000;0.54;118.02;10.35
1380556889530408;17;34.7;Tue Nov 26 2019 14:19:36 GMT+0100 (CET);Tue Nov 26 2019 13:19:36 GMT+0100 (CET);1574774376000;0.52;114.92;10.32
1380556889530408;17;34.7;Tue Nov 26 2019 14:21:28 GMT+0100 (CET);Tue Nov 26 2019 13:21:28 GMT+0100 (CET);1574774488000;0.51;110.68;10.25
1380556889530408;17;34.7;Tue Nov 26 2019 14:23:21 GMT+0100 (CET);Tue Nov 26 2019 13:23:21 GMT+0100 (CET);1574774601000;0.51;111.04;10.25
1380556889530408;17;34.5;Tue Nov 26 2019 14:25:26 GMT+0100 (CET);Tue Nov 26 2019 13:25:26 GMT+0100 (CET);1574774726000;0.5;107.6;10.23
1380556889530408;17;34.5;Tue Nov 26 2019 14:27:18 GMT+0100 (CET);Tue Nov 26 2019 13:27:18 GMT+0100 (CET);1574774838000;0.49;106.04;10.14
1380556889530408;14.4;34.6;Tue Nov 26 2019 14:29:11 GMT+0100 (CET);Tue Nov 26 2019 13:29:11 GMT+0100 (CET);1574774951000;0.47;102.57;10.04
1380556889530408;14.4;34.6;Tue Nov 26 2019 14:31:05 GMT+0100 (CET);Tue Nov 26 2019 13:31:05 GMT+0100 (CET);1574775065000;0.42;93.19;9.95
1380556889530408;14.4;34.3;Tue Nov 26 2019 14:33:10 GMT+0100 (CET);Tue Nov 26 2019 13:33:10 GMT+0100 (CET);1574775190000;0.39;84.24;9.82
1380556889530408;14.4;34.5;Tue Nov 26 2019 14:35:02 GMT+0100 (CET);Tue Nov 26 2019 13:35:02 GMT+0100 (CET);1574775302000;0.42;90.93;9.76
1380556889530408;14.4;34.4;Tue Nov 26 2019 14:36:56 GMT+0100 (CET);Tue Nov 26 2019 13:36:56 GMT+0100 (CET);1574775416000;0.46;97.44;9.77
1380556889530408;14.4;34.2;Tue Nov 26 2019 14:38:48 GMT+0100 (CET);Tue Nov 26 2019 13:38:48 GMT+0100 (CET);1574775528000;0.38;83.85;9.77
1380556889530408;14.4;34.1;Tue Nov 26 2019 14:40:42 GMT+0100 (CET);Tue Nov 26 2019 13:40:42 GMT+0100 (CET);1574775642000;0.35;74.54;9.75
1380556889530408;14.4;33.8;Tue Nov 26 2019 14:42:35 GMT+0100 (CET);Tue Nov 26 2019 13:42:35 GMT+0100 (CET);1574775755000;0.37;77.98;9.75
1380556889530408;14.4;34.1;Tue Nov 26 2019 14:44:32 GMT+0100 (CET);Tue Nov 26 2019 13:44:32 GMT+0100 (CET);1574775872000;0.39;83.24;9.72
1380556889530408;14.4;34.1;Tue Nov 26 2019 14:46:26 GMT+0100 (CET);Tue Nov 26 2019 13:46:26 GMT+0100 (CET);1574775986000;0.39;84.08;9.75
1380556889530408;14.4;34.1;Tue Nov 26 2019 14:48:44 GMT+0100 (CET);Tue Nov 26 2019 13:48:44 GMT+0100 (CET);1574776124000;0.38;81.69;9.76
1380556889530408;14.4;33.9;Tue Nov 26 2019 14:50:37 GMT+0100 (CET);Tue Nov 26 2019 13:50:37 GMT+0100 (CET);1574776237000;0.36;78.79;9.72
1380556889530408;14.4;33.9;Tue Nov 26 2019 14:52:29 GMT+0100 (CET);Tue Nov 26 2019 13:52:29 GMT+0100 (CET);1574776349000;0.3;64.93;9.69
1380556889530408;14.4;33.6;Tue Nov 26 2019 14:54:22 GMT+0100 (CET);Tue Nov 26 2019 13:54:22 GMT+0100 (CET);1574776462000;0.29;65.11;9.61
1380556889530408;14.4;33.7;Tue Nov 26 2019 14:56:22 GMT+0100 (CET);Tue Nov 26 2019 13:56:22 GMT+0100 (CET);1574776582000;0.3;66;9.57
1380556889530408;14.4;33.7;Tue Nov 26 2019 14:58:15 GMT+0100 (CET);Tue Nov 26 2019 13:58:15 GMT+0100 (CET);1574776695000;0.31;66.45;9.5
1380556889530408;14.4;33.9;Tue Nov 26 2019 15:00:08 GMT+0100 (CET);Tue Nov 26 2019 14:00:08 GMT+0100 (CET);1574776808000;0.33;71.34;9.46
1380556889530408;13.4;34.1;Tue Nov 26 2019 15:02:04 GMT+0100 (CET);Tue Nov 26 2019 14:02:04 GMT+0100 (CET);1574776924000;0.31;68.48;9.43
1380556889530408;13.4;33.9;Tue Nov 26 2019 15:04:14 GMT+0100 (CET);Tue Nov 26 2019 14:04:14 GMT+0100 (CET);1574777054000;0.29;62.83;9.35
1380556889530408;13.4;33.6;Tue Nov 26 2019 15:06:07 GMT+0100 (CET);Tue Nov 26 2019 14:06:07 GMT+0100 (CET);1574777167000;0.29;61.88;9.25
1380556889530408;13.4;33.7;Tue Nov 26 2019 15:08:02 GMT+0100 (CET);Tue Nov 26 2019 14:08:02 GMT+0100 (CET);1574777282000;0.3;64.05;9.09
1380556889530408;13.4;33.7;Tue Nov 26 2019 15:10:03 GMT+0100 (CET);Tue Nov 26 2019 14:10:03 GMT+0100 (CET);1574777403000;0.3;64.8;8.94
1380556889530408;13.4;33.7;Tue Nov 26 2019 15:11:55 GMT+0100 (CET);Tue Nov 26 2019 14:11:55 GMT+0100 (CET);1574777515000;0.28;61.59;8.81
1380556889530408;13.4;33.5;Tue Nov 26 2019 15:13:48 GMT+0100 (CET);Tue Nov 26 2019 14:13:48 GMT+0100 (CET);1574777628000;0.25;56.02;8.75
1380556889530408;12.9;33.5;Tue Nov 26 2019 15:15:42 GMT+0100 (CET);Tue Nov 26 2019 14:15:42 GMT+0100 (CET);1574777742000;0.23;49.26;8.7
1380556889530408;12.9;33.1;Tue Nov 26 2019 15:17:35 GMT+0100 (CET);Tue Nov 26 2019 14:17:35 GMT+0100 (CET);1574777855000;0.23;49.82;8.64
1380556889530408;12.9;33.2;Tue Nov 26 2019 15:19:48 GMT+0100 (CET);Tue Nov 26 2019 14:19:48 GMT+0100 (CET);1574777988000;0.23;49.57;8.63
1380556889530408;12.9;33.2;Tue Nov 26 2019 15:21:46 GMT+0100 (CET);Tue Nov 26 2019 14:21:46 GMT+0100 (CET);1574778106000;0.23;48.98;8.59
1380556889530408;12.9;32.9;Tue Nov 26 2019 15:23:39 GMT+0100 (CET);Tue Nov 26 2019 14:23:39 GMT+0100 (CET);1574778219000;0.2;44.41;8.59
1380556889530408;12.9;32.8;Tue Nov 26 2019 15:25:31 GMT+0100 (CET);Tue Nov 26 2019 14:25:31 GMT+0100 (CET);1574778331000;0.18;38.34;8.6
1380556889530408;12.9;32.8;Tue Nov 26 2019 15:27:30 GMT+0100 (CET);Tue Nov 26 2019 14:27:30 GMT+0100 (CET);1574778450000;0.15;32.76;8.61
1380556889530408;12.9;32.2;Tue Nov 26 2019 15:29:23 GMT+0100 (CET);Tue Nov 26 2019 14:29:23 GMT+0100 (CET);1574778563000;0.14;30.17;8.63
1380556889530408;12.9;31.7;Tue Nov 26 2019 15:31:15 GMT+0100 (CET);Tue Nov 26 2019 14:31:15 GMT+0100 (CET);1574778675000;0.14;29.54;8.65
1380556889530408;12.9;31.2;Tue Nov 26 2019 15:33:09 GMT+0100 (CET);Tue Nov 26 2019 14:33:09 GMT+0100 (CET);1574778789000;0.17;34.98;8.66
1380556889530408;11.4;32.1;Tue Nov 26 2019 15:35:24 GMT+0100 (CET);Tue Nov 26 2019 14:35:24 GMT+0100 (CET);1574778924000;0.12;25.01;8.63
1380556889530408;11.4;32.1;Tue Nov 26 2019 15:37:17 GMT+0100 (CET);Tue Nov 26 2019 14:37:17 GMT+0100 (CET);1574779037000;0.09;20.44;8.56
1380556889530408;11.4;31;Tue Nov 26 2019 15:39:09 GMT+0100 (CET);Tue Nov 26 2019 14:39:09 GMT+0100 (CET);1574779149000;0.09;19.4;8.51
1380556889530408;11.4;30.3;Tue Nov 26 2019 15:41:02 GMT+0100 (CET);Tue Nov 26 2019 14:41:02 GMT+0100 (CET);1574779262000;0.08;18.06;8.47
1380556889530408;11.4;30.5;Tue Nov 26 2019 15:42:54 GMT+0100 (CET);Tue Nov 26 2019 14:42:54 GMT+0100 (CET);1574779374000;0.09;19.54;8.43
1380556889530408;10.9;30.1;Tue Nov 26 2019 15:44:47 GMT+0100 (CET);Tue Nov 26 2019 14:44:47 GMT+0100 (CET);1574779487000;0.09;20.19;8.39
1380556889530408;10.9;30.4;Tue Nov 26 2019 15:46:39 GMT+0100 (CET);Tue Nov 26 2019 14:46:39 GMT+0100 (CET);1574779599000;0.09;18.95;8.37
1380556889530408;10.9;30.5;Tue Nov 26 2019 15:48:32 GMT+0100 (CET);Tue Nov 26 2019 14:48:32 GMT+0100 (CET);1574779712000;0.08;17.12;8.32
1380556889530408;10.9;29.9;Tue Nov 26 2019 15:51:16 GMT+0100 (CET);Tue Nov 26 2019 14:51:16 GMT+0100 (CET);1574779876000;0.08;17.11;8.22
1380556889530408;10.9;30;Tue Nov 26 2019 15:53:14 GMT+0100 (CET);Tue Nov 26 2019 14:53:14 GMT+0100 (CET);1574779994000;0.09;18.72;8.19
1380556889530408;10.9;29.9;Tue Nov 26 2019 15:55:06 GMT+0100 (CET);Tue Nov 26 2019 14:55:06 GMT+0100 (CET);1574780106000;0.08;18.74;8.17
1380556889530408;10.9;30.3;Tue Nov 26 2019 15:56:59 GMT+0100 (CET);Tue Nov 26 2019 14:56:59 GMT+0100 (CET);1574780219000;0.09;19.84;8.16
1380556889530408;10.9;29.9;Tue Nov 26 2019 15:58:52 GMT+0100 (CET);Tue Nov 26 2019 14:58:52 GMT+0100 (CET);1574780332000;0.08;18.13;8.16
1380556889530408;10.9;30.1;Tue Nov 26 2019 16:00:45 GMT+0100 (CET);Tue Nov 26 2019 15:00:45 GMT+0100 (CET);1574780445000;0.06;14.11;8.14
1380556889530408;10.9;30.1;Tue Nov 26 2019 16:02:38 GMT+0100 (CET);Tue Nov 26 2019 15:02:38 GMT+0100 (CET);1574780558000;0;11.39;8.11
1380556889530408;10.9;29.4;Tue Nov 26 2019 16:04:33 GMT+0100 (CET);Tue Nov 26 2019 15:04:33 GMT+0100 (CET);1574780673000;0;8.88;8.09
1380556889530408;9.4;28.5;Tue Nov 26 2019 16:06:39 GMT+0100 (CET);Tue Nov 26 2019 15:06:39 GMT+0100 (CET);1574780799000;0;6.54;8.06
1380556889530408;9.4;32.3;Tue Nov 26 2019 16:08:31 GMT+0100 (CET);Tue Nov 26 2019 15:08:31 GMT+0100 (CET);1574780911000;0;5.44;8.03
1380556889530408;9.4;31.4;Tue Nov 26 2019 16:10:24 GMT+0100 (CET);Tue Nov 26 2019 15:10:24 GMT+0100 (CET);1574781024000;0;4.36;8
1380556889530408;9.4;31.4;Tue Nov 26 2019 16:12:16 GMT+0100 (CET);Tue Nov 26 2019 15:12:16 GMT+0100 (CET);1574781136000;0;3.45;7.99
1380556889530408;8.9;27.4;Tue Nov 26 2019 16:14:10 GMT+0100 (CET);Tue Nov 26 2019 15:14:10 GMT+0100 (CET);1574781250000;0;2.77;7.96
1380556889530408;8.9;25.5;Tue Nov 26 2019 16:16:02 GMT+0100 (CET);Tue Nov 26 2019 15:16:02 GMT+0100 (CET);1574781362000;0;2.42;7.92
1380556889530408;8.9;20.9;Tue Nov 26 2019 16:17:55 GMT+0100 (CET);Tue Nov 26 2019 15:17:55 GMT+0100 (CET);1574781475000;0;2.05;7.89
1380556889530408;8.9;20.9;Tue Nov 26 2019 16:19:48 GMT+0100 (CET);Tue Nov 26 2019 15:19:48 GMT+0100 (CET);1574781588000;0;1.48;7.86
1380556889530408;8.9;20.9;Tue Nov 26 2019 16:21:57 GMT+0100 (CET);Tue Nov 26 2019 15:21:57 GMT+0100 (CET);1574781717000;0;0.98;7.85
1380556889530408;4.9;32.9;Wed Nov 27 2019 08:23:57 GMT+0100 (CET);Wed Nov 27 2019 07:23:57 GMT+0100 (CET);1574839437000;0;6.14;5.57
1380556889530408;4.9;34.4;Wed Nov 27 2019 08:26:17 GMT+0100 (CET);Wed Nov 27 2019 07:26:17 GMT+0100 (CET);1574839577000;0;8;5.6
1380556889530408;7.4;35;Wed Nov 27 2019 08:28:10 GMT+0100 (CET);Wed Nov 27 2019 07:28:10 GMT+0100 (CET);1574839690000;0;8.9;5.62
1380556889530408;7.4;28.2;Wed Nov 27 2019 08:30:04 GMT+0100 (CET);Wed Nov 27 2019 07:30:04 GMT+0100 (CET);1574839804000;0;9.62;5.64
1380556889530408;7.4;26.1;Wed Nov 27 2019 08:31:57 GMT+0100 (CET);Wed Nov 27 2019 07:31:57 GMT+0100 (CET);1574839917000;0;10.2;5.67
1380556889530408;7.4;25.5;Wed Nov 27 2019 08:33:51 GMT+0100 (CET);Wed Nov 27 2019 07:33:51 GMT+0100 (CET);1574840031000;0;10.7;5.71
1380556889530408;7.4;27.1;Wed Nov 27 2019 08:35:51 GMT+0100 (CET);Wed Nov 27 2019 07:35:51 GMT+0100 (CET);1574840151000;0;11.25;5.73
1380556889530408;4.9;25.3;Wed Nov 27 2019 08:37:44 GMT+0100 (CET);Wed Nov 27 2019 07:37:44 GMT+0100 (CET);1574840264000;0;11.87;5.75
1380556889530408;4.9;25.5;Wed Nov 27 2019 08:39:37 GMT+0100 (CET);Wed Nov 27 2019 07:39:37 GMT+0100 (CET);1574840377000;0;12.35;5.78
1380556889530408;4.9;25.6;Wed Nov 27 2019 08:41:30 GMT+0100 (CET);Wed Nov 27 2019 07:41:30 GMT+0100 (CET);1574840490000;0;12.41;5.8
1380556889530408;4.9;26.6;Wed Nov 27 2019 08:43:23 GMT+0100 (CET);Wed Nov 27 2019 07:43:23 GMT+0100 (CET);1574840603000;0;12.49;5.82
1380556889530408;4.9;27;Wed Nov 27 2019 08:45:16 GMT+0100 (CET);Wed Nov 27 2019 07:45:16 GMT+0100 (CET);1574840716000;0;12.04;5.85
1380556889530408;4.9;25.8;Wed Nov 27 2019 08:47:09 GMT+0100 (CET);Wed Nov 27 2019 07:47:09 GMT+0100 (CET);1574840829000;0;11.75;5.86
1380556889530408;4.9;26.4;Wed Nov 27 2019 08:49:17 GMT+0100 (CET);Wed Nov 27 2019 07:49:17 GMT+0100 (CET);1574840957000;0;11.37;5.88
1380556889530408;4.9;27.1;Wed Nov 27 2019 08:51:10 GMT+0100 (CET);Wed Nov 27 2019 07:51:10 GMT+0100 (CET);1574841070000;0;11.13;5.91
1380556889530408;4.9;26.8;Wed Nov 27 2019 08:53:06 GMT+0100 (CET);Wed Nov 27 2019 07:53:06 GMT+0100 (CET);1574841186000;0;10.88;5.92
1380556889530408;4.9;26.8;Wed Nov 27 2019 08:55:02 GMT+0100 (CET);Wed Nov 27 2019 07:55:02 GMT+0100 (CET);1574841302000;0;10.82;5.96
1380556889530408;4.9;26.4;Wed Nov 27 2019 08:57:02 GMT+0100 (CET);Wed Nov 27 2019 07:57:02 GMT+0100 (CET);1574841422000;0;10.94;6
1380556889530408;4.9;26;Wed Nov 27 2019 08:58:56 GMT+0100 (CET);Wed Nov 27 2019 07:58:56 GMT+0100 (CET);1574841536000;0;10.75;6.02
1380556889530408;4.9;25.1;Wed Nov 27 2019 09:00:54 GMT+0100 (CET);Wed Nov 27 2019 08:00:54 GMT+0100 (CET);1574841654000;0;10.61;6.03
1380556889530408;4.9;27.9;Wed Nov 27 2019 09:02:47 GMT+0100 (CET);Wed Nov 27 2019 08:02:47 GMT+0100 (CET);1574841767000;0;10.57;6
1380556889530408;4.9;27.2;Wed Nov 27 2019 09:04:57 GMT+0100 (CET);Wed Nov 27 2019 08:04:57 GMT+0100 (CET);1574841897000;0;10.33;5.96
1380556889530408;5.4;28.1;Wed Nov 27 2019 09:06:55 GMT+0100 (CET);Wed Nov 27 2019 08:06:55 GMT+0100 (CET);1574842015000;0;10.38;5.91
1380556889530408;5.4;27.9;Wed Nov 27 2019 09:08:48 GMT+0100 (CET);Wed Nov 27 2019 08:08:48 GMT+0100 (CET);1574842128000;0;10.8;5.88
1380556889530408;5.4;27.2;Wed Nov 27 2019 09:10:41 GMT+0100 (CET);Wed Nov 27 2019 08:10:41 GMT+0100 (CET);1574842241000;0;10.84;5.85
1380556889530408;5.4;26.7;Wed Nov 27 2019 09:12:44 GMT+0100 (CET);Wed Nov 27 2019 08:12:44 GMT+0100 (CET);1574842364000;0;10.87;5.81
1380556889530408;5.4;27.5;Wed Nov 27 2019 09:14:37 GMT+0100 (CET);Wed Nov 27 2019 08:14:37 GMT+0100 (CET);1574842477000;0.06;10.85;5.75
1380556889530408;5.4;26.8;Wed Nov 27 2019 09:16:36 GMT+0100 (CET);Wed Nov 27 2019 08:16:36 GMT+0100 (CET);1574842596000;0.06;11;5.73
1380556889530408;5.4;26.6;Wed Nov 27 2019 09:18:30 GMT+0100 (CET);Wed Nov 27 2019 08:18:30 GMT+0100 (CET);1574842710000;0;11.04;5.72
1380556889530408;5.4;27.9;Wed Nov 27 2019 09:20:29 GMT+0100 (CET);Wed Nov 27 2019 08:20:29 GMT+0100 (CET);1574842829000;0;10.7;5.67
1380556889530408;5.4;27.3;Wed Nov 27 2019 09:22:26 GMT+0100 (CET);Wed Nov 27 2019 08:22:26 GMT+0100 (CET);1574842946000;0;10.09;5.63
1380556889530408;5.4;27.5;Wed Nov 27 2019 09:24:19 GMT+0100 (CET);Wed Nov 27 2019 08:24:19 GMT+0100 (CET);1574843059000;0;9.46;5.61
1380556889530408;5.4;27.5;Wed Nov 27 2019 09:26:12 GMT+0100 (CET);Wed Nov 27 2019 08:26:12 GMT+0100 (CET);1574843172000;0;8.92;5.57
1380556889530408;5.4;27.7;Wed Nov 27 2019 09:28:21 GMT+0100 (CET);Wed Nov 27 2019 08:28:21 GMT+0100 (CET);1574843301000;0;9.26;5.54
1380556889530408;5.4;27.1;Wed Nov 27 2019 09:30:16 GMT+0100 (CET);Wed Nov 27 2019 08:30:16 GMT+0100 (CET);1574843416000;0;9.74;5.52
1380556889530408;5.4;26.5;Wed Nov 27 2019 09:32:16 GMT+0100 (CET);Wed Nov 27 2019 08:32:16 GMT+0100 (CET);1574843536000;0;10.5;5.48
1380556889530408;5.4;27.1;Wed Nov 27 2019 09:34:11 GMT+0100 (CET);Wed Nov 27 2019 08:34:11 GMT+0100 (CET);1574843651000;0.06;11.45;5.46
1380556889530408;5.4;28.2;Wed Nov 27 2019 09:36:32 GMT+0100 (CET);Wed Nov 27 2019 08:36:32 GMT+0100 (CET);1574843792000;0.07;13.42;5.42
1380556889530408;5.4;28.3;Wed Nov 27 2019 09:38:25 GMT+0100 (CET);Wed Nov 27 2019 08:38:25 GMT+0100 (CET);1574843905000;0.07;14.55;5.42
1380556889530408;5.4;29.8;Wed Nov 27 2019 09:40:24 GMT+0100 (CET);Wed Nov 27 2019 08:40:24 GMT+0100 (CET);1574844024000;0.08;15.79;5.42
1380556889530408;5.4;29.8;Wed Nov 27 2019 09:42:24 GMT+0100 (CET);Wed Nov 27 2019 08:42:24 GMT+0100 (CET);1574844144000;0.08;17;5.44
1380556889530408;6.9;29.9;Wed Nov 27 2019 09:44:17 GMT+0100 (CET);Wed Nov 27 2019 08:44:17 GMT+0100 (CET);1574844257000;0.09;17.86;5.47
1380556889530408;6.9;30.5;Wed Nov 27 2019 09:46:13 GMT+0100 (CET);Wed Nov 27 2019 08:46:13 GMT+0100 (CET);1574844373000;0.09;18.22;5.47
1380556889530408;7.4;30.3;Wed Nov 27 2019 09:48:06 GMT+0100 (CET);Wed Nov 27 2019 08:48:06 GMT+0100 (CET);1574844486000;0.09;18.32;5.46
1380556889530408;7.4;30.7;Wed Nov 27 2019 09:50:02 GMT+0100 (CET);Wed Nov 27 2019 08:50:02 GMT+0100 (CET);1574844602000;0.09;18.7;5.47
1380556889530408;7.4;30.8;Wed Nov 27 2019 09:52:25 GMT+0100 (CET);Wed Nov 27 2019 08:52:25 GMT+0100 (CET);1574844745000;0.09;18.85;5.47
1380556889530408;7.4;30.7;Wed Nov 27 2019 09:54:18 GMT+0100 (CET);Wed Nov 27 2019 08:54:18 GMT+0100 (CET);1574844858000;0.1;19.62;5.48
1380556889530408;7.4;30.6;Wed Nov 27 2019 09:56:12 GMT+0100 (CET);Wed Nov 27 2019 08:56:12 GMT+0100 (CET);1574844972000;0.1;20.92;5.5
1380556889530408;7.4;31.1;Wed Nov 27 2019 09:58:05 GMT+0100 (CET);Wed Nov 27 2019 08:58:05 GMT+0100 (CET);1574845085000;0.11;21.59;5.53
1380556889530408;7.4;30.9;Wed Nov 27 2019 09:59:58 GMT+0100 (CET);Wed Nov 27 2019 08:59:58 GMT+0100 (CET);1574845198000;0.1;21.29;5.52
1380556889530408;7.4;31.1;Wed Nov 27 2019 10:01:51 GMT+0100 (CET);Wed Nov 27 2019 09:01:51 GMT+0100 (CET);1574845311000;0.1;20.04;5.5
1380556889530408;7.4;30.8;Wed Nov 27 2019 10:04:07 GMT+0100 (CET);Wed Nov 27 2019 09:04:07 GMT+0100 (CET);1574845447000;0.09;18.63;5.5
1380556889530408;7.4;30.4;Wed Nov 27 2019 10:06:02 GMT+0100 (CET);Wed Nov 27 2019 09:06:02 GMT+0100 (CET);1574845562000;0.09;17.78;5.49
1380556889530408;7.4;30.5;Wed Nov 27 2019 10:07:59 GMT+0100 (CET);Wed Nov 27 2019 09:07:59 GMT+0100 (CET);1574845679000;0.08;17.72;5.48
1380556889530408;7.4;30.4;Wed Nov 27 2019 10:09:55 GMT+0100 (CET);Wed Nov 27 2019 09:09:55 GMT+0100 (CET);1574845795000;0.08;17.78;5.47
1380556889530408;7.4;30.2;Wed Nov 27 2019 10:11:49 GMT+0100 (CET);Wed Nov 27 2019 09:11:49 GMT+0100 (CET);1574845909000;0.09;18.46;5.5
1380556889530408;7.4;30.9;Wed Nov 27 2019 10:13:44 GMT+0100 (CET);Wed Nov 27 2019 09:13:44 GMT+0100 (CET);1574846024000;0.09;19.43;5.5
1380556889530408;7.4;30.5;Wed Nov 27 2019 10:15:40 GMT+0100 (CET);Wed Nov 27 2019 09:15:40 GMT+0100 (CET);1574846140000;0.1;20.83;5.51
1380556889530408;7.4;30.5;Wed Nov 27 2019 10:17:34 GMT+0100 (CET);Wed Nov 27 2019 09:17:34 GMT+0100 (CET);1574846254000;0.1;21.51;5.5
1380556889530408;7.4;30.8;Wed Nov 27 2019 10:19:26 GMT+0100 (CET);Wed Nov 27 2019 09:19:26 GMT+0100 (CET);1574846366000;0.1;21.48;5.5
1380556889530408;7.4;31.1;Wed Nov 27 2019 10:21:19 GMT+0100 (CET);Wed Nov 27 2019 09:21:19 GMT+0100 (CET);1574846479000;0.1;21.15;5.5
1380556889530408;7.4;30.1;Wed Nov 27 2019 10:23:27 GMT+0100 (CET);Wed Nov 27 2019 09:23:27 GMT+0100 (CET);1574846607000;0.1;22.26;5.51
1380556889530408;7.4;31.6;Wed Nov 27 2019 10:25:29 GMT+0100 (CET);Wed Nov 27 2019 09:25:29 GMT+0100 (CET);1574846729000;0.12;24.66;5.52
1380556889530408;7.4;31.5;Wed Nov 27 2019 10:27:23 GMT+0100 (CET);Wed Nov 27 2019 09:27:23 GMT+0100 (CET);1574846843000;0.13;26;5.52
1380556889530408;7.4;31.7;Wed Nov 27 2019 10:29:17 GMT+0100 (CET);Wed Nov 27 2019 09:29:17 GMT+0100 (CET);1574846957000;0.13;26.69;5.55
1380556889530408;7.4;31.8;Wed Nov 27 2019 10:31:09 GMT+0100 (CET);Wed Nov 27 2019 09:31:09 GMT+0100 (CET);1574847069000;0.13;25.34;5.58
1380556889530408;8.9;31.5;Wed Nov 27 2019 10:33:19 GMT+0100 (CET);Wed Nov 27 2019 09:33:19 GMT+0100 (CET);1574847199000;0.12;24.28;5.63
1380556889530408;8.9;31.5;Wed Nov 27 2019 10:35:25 GMT+0100 (CET);Wed Nov 27 2019 09:35:25 GMT+0100 (CET);1574847325000;0.13;26.86;5.67
1380556889530408;8.9;31.7;Wed Nov 27 2019 10:37:18 GMT+0100 (CET);Wed Nov 27 2019 09:37:18 GMT+0100 (CET);1574847438000;0.16;30.73;5.71
1380556889530408;8.9;32.4;Wed Nov 27 2019 10:39:15 GMT+0100 (CET);Wed Nov 27 2019 09:39:15 GMT+0100 (CET);1574847555000;0.18;34.51;5.75
1380556889530408;8.9;32.6;Wed Nov 27 2019 10:41:08 GMT+0100 (CET);Wed Nov 27 2019 09:41:08 GMT+0100 (CET);1574847668000;0.19;37.44;5.77
1380556889530408;8.9;33;Wed Nov 27 2019 10:43:03 GMT+0100 (CET);Wed Nov 27 2019 09:43:03 GMT+0100 (CET);1574847783000;0.2;38.64;5.81
1380556889530408;8.9;32.8;Wed Nov 27 2019 10:45:01 GMT+0100 (CET);Wed Nov 27 2019 09:45:01 GMT+0100 (CET);1574847901000;0.19;37.01;5.85
1380556889530408;8.9;32.8;Wed Nov 27 2019 10:46:53 GMT+0100 (CET);Wed Nov 27 2019 09:46:53 GMT+0100 (CET);1574848013000;0.19;37.48;5.85
1380556889530408;8.9;32.8;Wed Nov 27 2019 10:48:46 GMT+0100 (CET);Wed Nov 27 2019 09:48:46 GMT+0100 (CET);1574848126000;0.19;37.35;5.86
1380556889530408;8.9;32.8;Wed Nov 27 2019 10:50:46 GMT+0100 (CET);Wed Nov 27 2019 09:50:46 GMT+0100 (CET);1574848246000;0.19;37.3;5.92
1380556889530408;8.9;33;Wed Nov 27 2019 10:52:39 GMT+0100 (CET);Wed Nov 27 2019 09:52:39 GMT+0100 (CET);1574848359000;0.2;39.19;5.93
1380556889530408;8.9;32.8;Wed Nov 27 2019 10:54:41 GMT+0100 (CET);Wed Nov 27 2019 09:54:41 GMT+0100 (CET);1574848481000;0.22;43.56;5.96
1380556889530408;8.9;33.1;Wed Nov 27 2019 10:56:33 GMT+0100 (CET);Wed Nov 27 2019 09:56:33 GMT+0100 (CET);1574848593000;0.22;42.59;6
1380556889530408;8.9;33.1;Wed Nov 27 2019 10:58:26 GMT+0100 (CET);Wed Nov 27 2019 09:58:26 GMT+0100 (CET);1574848706000;0.2;40.53;6.04
1380556889530408;9.4;33.2;Wed Nov 27 2019 11:00:19 GMT+0100 (CET);Wed Nov 27 2019 10:00:19 GMT+0100 (CET);1574848819000;0.18;35.22;6.06
1380556889530408;9.4;33.2;Wed Nov 27 2019 11:02:11 GMT+0100 (CET);Wed Nov 27 2019 10:02:11 GMT+0100 (CET);1574848931000;0.14;29.09;6.07
1380556889530408;9.4;33;Wed Nov 27 2019 11:03:55 GMT+0100 (CET);Wed Nov 27 2019 10:03:55 GMT+0100 (CET);1574849035000;0.12;25.68;6.07
1380556889530408;9.4;32.3;Wed Nov 27 2019 11:05:50 GMT+0100 (CET);Wed Nov 27 2019 10:05:50 GMT+0100 (CET);1574849150000;0.11;22.94;6.06
1380556889530408;9.4;31.9;Wed Nov 27 2019 11:07:43 GMT+0100 (CET);Wed Nov 27 2019 10:07:43 GMT+0100 (CET);1574849263000;0.1;20.32;6.06
1380556889530408;8.9;30.9;Wed Nov 27 2019 11:09:53 GMT+0100 (CET);Wed Nov 27 2019 10:09:53 GMT+0100 (CET);1574849393000;0.1;21.22;6.04
1380556889530408;8.9;30.9;Wed Nov 27 2019 11:11:46 GMT+0100 (CET);Wed Nov 27 2019 10:11:46 GMT+0100 (CET);1574849506000;0.1;21.21;6.07
1380556889530408;8.9;30.8;Wed Nov 27 2019 11:13:41 GMT+0100 (CET);Wed Nov 27 2019 10:13:41 GMT+0100 (CET);1574849621000;0.11;20.74;6.06
1380556889530408;8.9;31;Wed Nov 27 2019 11:15:34 GMT+0100 (CET);Wed Nov 27 2019 10:15:34 GMT+0100 (CET);1574849734000;0.1;20.51;6.03
1380556889530408;8.9;30.9;Wed Nov 27 2019 11:17:48 GMT+0100 (CET);Wed Nov 27 2019 10:17:48 GMT+0100 (CET);1574849868000;0.1;19.46;6.03
1380556889530408;8.9;30.8;Wed Nov 27 2019 11:19:41 GMT+0100 (CET);Wed Nov 27 2019 10:19:41 GMT+0100 (CET);1574849981000;0.09;19.19;6.04
1380556889530408;8.9;30.4;Wed Nov 27 2019 11:21:35 GMT+0100 (CET);Wed Nov 27 2019 10:21:35 GMT+0100 (CET);1574850095000;0.1;20.14;6.03
1380556889530408;8.9;31;Wed Nov 27 2019 11:23:29 GMT+0100 (CET);Wed Nov 27 2019 10:23:29 GMT+0100 (CET);1574850209000;0.1;21.46;6.03
1380556889530408;8.9;31.3;Wed Nov 27 2019 11:25:42 GMT+0100 (CET);Wed Nov 27 2019 10:25:42 GMT+0100 (CET);1574850342000;0.13;25.54;6.05
1380556889530408;8.9;31.3;Wed Nov 27 2019 11:27:35 GMT+0100 (CET);Wed Nov 27 2019 10:27:35 GMT+0100 (CET);1574850455000;0.15;29.62;6.02
1380556889530408;8.9;32;Wed Nov 27 2019 11:29:28 GMT+0100 (CET);Wed Nov 27 2019 10:29:28 GMT+0100 (CET);1574850568000;0.16;32.19;6.03
1380556889530408;8.9;32.6;Wed Nov 27 2019 11:31:21 GMT+0100 (CET);Wed Nov 27 2019 10:31:21 GMT+0100 (CET);1574850681000;0.14;28.23;6.07
1380556889530408;8.9;32.6;Wed Nov 27 2019 11:33:14 GMT+0100 (CET);Wed Nov 27 2019 10:33:14 GMT+0100 (CET);1574850794000;0.13;26.11;6.07
1380556889530408;8.9;31.9;Wed Nov 27 2019 11:35:23 GMT+0100 (CET);Wed Nov 27 2019 10:35:23 GMT+0100 (CET);1574850923000;0.12;25.73;6.07
1380556889530408;8.9;31.7;Wed Nov 27 2019 11:37:22 GMT+0100 (CET);Wed Nov 27 2019 10:37:22 GMT+0100 (CET);1574851042000;0.12;24.4;6.1
1380556889530408;8.9;31.4;Wed Nov 27 2019 11:39:19 GMT+0100 (CET);Wed Nov 27 2019 10:39:19 GMT+0100 (CET);1574851159000;0.12;22.97;6.13
1380556889530408;8.9;31.7;Wed Nov 27 2019 11:41:18 GMT+0100 (CET);Wed Nov 27 2019 10:41:18 GMT+0100 (CET);1574851278000;0.12;24.32;6.17
1380556889530408;8.9;31.7;Wed Nov 27 2019 11:43:15 GMT+0100 (CET);Wed Nov 27 2019 10:43:15 GMT+0100 (CET);1574851395000;0.13;25.66;6.2
1380556889530408;8.9;31.8;Wed Nov 27 2019 11:45:09 GMT+0100 (CET);Wed Nov 27 2019 10:45:09 GMT+0100 (CET);1574851509000;0.12;24.73;6.24
1380556889530408;8.9;31.6;Wed Nov 27 2019 11:47:01 GMT+0100 (CET);Wed Nov 27 2019 10:47:01 GMT+0100 (CET);1574851621000;0.12;24.51;6.27
1380556889530408;8.9;31.4;Wed Nov 27 2019 11:49:03 GMT+0100 (CET);Wed Nov 27 2019 10:49:03 GMT+0100 (CET);1574851743000;0.12;24.03;6.3
1380556889530408;8.9;31.5;Wed Nov 27 2019 11:50:59 GMT+0100 (CET);Wed Nov 27 2019 10:50:59 GMT+0100 (CET);1574851859000;0.11;22.17;6.32
1380556889530408;8.9;31;Wed Nov 27 2019 11:52:56 GMT+0100 (CET);Wed Nov 27 2019 10:52:56 GMT+0100 (CET);1574851976000;0.1;20.86;6.36
1380556889530408;8.9;30.6;Wed Nov 27 2019 11:54:55 GMT+0100 (CET);Wed Nov 27 2019 10:54:55 GMT+0100 (CET);1574852095000;0.1;20.8;6.39
1380556889530408;8.9;30.8;Wed Nov 27 2019 11:56:53 GMT+0100 (CET);Wed Nov 27 2019 10:56:53 GMT+0100 (CET);1574852213000;0.1;20.55;6.39
1380556889530408;8.9;30.6;Wed Nov 27 2019 11:58:50 GMT+0100 (CET);Wed Nov 27 2019 10:58:50 GMT+0100 (CET);1574852330000;0.1;20.14;6.42
1380556889530408;8.9;30.8;Wed Nov 27 2019 12:00:45 GMT+0100 (CET);Wed Nov 27 2019 11:00:45 GMT+0100 (CET);1574852445000;0.1;20.24;6.42
1380556889530408;8.9;30.9;Wed Nov 27 2019 12:02:37 GMT+0100 (CET);Wed Nov 27 2019 11:02:37 GMT+0100 (CET);1574852557000;0.11;22.8;6.43
1380556889530408;8.9;30.8;Wed Nov 27 2019 12:04:36 GMT+0100 (CET);Wed Nov 27 2019 11:04:36 GMT+0100 (CET);1574852676000;0.15;30.31;6.48
1380556889530408;8.9;29.2;Wed Nov 27 2019 12:06:32 GMT+0100 (CET);Wed Nov 27 2019 11:06:32 GMT+0100 (CET);1574852792000;0.21;41.16;6.51
1380556889530408;8.9;28.7;Wed Nov 27 2019 12:08:34 GMT+0100 (CET);Wed Nov 27 2019 11:08:34 GMT+0100 (CET);1574852914000;0.27;50.39;6.58
1380556889530408;8.9;33.1;Wed Nov 27 2019 12:10:28 GMT+0100 (CET);Wed Nov 27 2019 11:10:28 GMT+0100 (CET);1574853028000;0.29;54.45;6.65
1380556889530408;8.9;33.5;Wed Nov 27 2019 12:12:44 GMT+0100 (CET);Wed Nov 27 2019 11:12:44 GMT+0100 (CET);1574853164000;0.29;54.42;6.74
1380556889530408;8.9;33.5;Wed Nov 27 2019 12:14:36 GMT+0100 (CET);Wed Nov 27 2019 11:14:36 GMT+0100 (CET);1574853276000;0.24;46.36;6.78
1380556889530408;9.4;33.4;Wed Nov 27 2019 12:16:21 GMT+0100 (CET);Wed Nov 27 2019 11:16:21 GMT+0100 (CET);1574853381000;0.23;45.09;6.78
1380556889530408;9.4;33.4;Wed Nov 27 2019 12:18:14 GMT+0100 (CET);Wed Nov 27 2019 11:18:14 GMT+0100 (CET);1574853494000;0.24;47.6;6.8
1380556889530408;9.9;33.4;Wed Nov 27 2019 12:20:37 GMT+0100 (CET);Wed Nov 27 2019 11:20:37 GMT+0100 (CET);1574853637000;0.25;51.12;6.8
1380556889530408;9.9;33.2;Wed Nov 27 2019 12:23:24 GMT+0100 (CET);Wed Nov 27 2019 11:23:24 GMT+0100 (CET);1574853804000;0.25;51.57;6.85
1380556889530408;10.9;33.2;Wed Nov 27 2019 12:25:20 GMT+0100 (CET);Wed Nov 27 2019 11:25:20 GMT+0100 (CET);1574853920000;0.33;65.86;6.85
1380556889530408;10.9;33;Wed Nov 27 2019 12:27:18 GMT+0100 (CET);Wed Nov 27 2019 11:27:18 GMT+0100 (CET);1574854038000;0.48;97.22;6.91
1380556889530408;10.9;34.2;Wed Nov 27 2019 12:29:11 GMT+0100 (CET);Wed Nov 27 2019 11:29:11 GMT+0100 (CET);1574854151000;0.51;103.96;6.98
1380556889530408;10.9;35.2;Wed Nov 27 2019 12:31:06 GMT+0100 (CET);Wed Nov 27 2019 11:31:06 GMT+0100 (CET);1574854266000;0.47;97.83;7.05
1380556889530408;10.9;35.2;Wed Nov 27 2019 12:32:59 GMT+0100 (CET);Wed Nov 27 2019 11:32:59 GMT+0100 (CET);1574854379000;0.44;92.84;7.12
1380556889530408;11.4;35.1;Wed Nov 27 2019 12:35:00 GMT+0100 (CET);Wed Nov 27 2019 11:35:00 GMT+0100 (CET);1574854500000;0.43;90.74;7.15
1380556889530408;11.4;34.5;Wed Nov 27 2019 12:37:08 GMT+0100 (CET);Wed Nov 27 2019 11:37:08 GMT+0100 (CET);1574854628000;0.44;91.36;7.16
1380556889530408;11.4;34.5;Wed Nov 27 2019 12:39:14 GMT+0100 (CET);Wed Nov 27 2019 11:39:14 GMT+0100 (CET);1574854754000;0.46;95.46;7.18
1380556889530408;11.4;35;Wed Nov 27 2019 12:41:11 GMT+0100 (CET);Wed Nov 27 2019 11:41:11 GMT+0100 (CET);1574854871000;0.47;97.38;7.25
1380556889530408;11.4;35.2;Wed Nov 27 2019 12:43:34 GMT+0100 (CET);Wed Nov 27 2019 11:43:34 GMT+0100 (CET);1574855014000;0.46;96.37;7.33
1380556889530408;11.4;35;Wed Nov 27 2019 12:45:27 GMT+0100 (CET);Wed Nov 27 2019 11:45:27 GMT+0100 (CET);1574855127000;0.45;94.64;7.37
1380556889530408;11.4;35;Wed Nov 27 2019 12:47:23 GMT+0100 (CET);Wed Nov 27 2019 11:47:23 GMT+0100 (CET);1574855243000;0.42;88.82;7.41
1380556889530408;12.9;35;Wed Nov 27 2019 12:49:20 GMT+0100 (CET);Wed Nov 27 2019 11:49:20 GMT+0100 (CET);1574855360000;0.38;80.12;7.39
1380556889530408;12.9;34.6;Wed Nov 27 2019 12:51:49 GMT+0100 (CET);Wed Nov 27 2019 11:51:49 GMT+0100 (CET);1574855509000;0.37;77.91;7.43
1380556889530408;12.9;34.9;Wed Nov 27 2019 12:53:52 GMT+0100 (CET);Wed Nov 27 2019 11:53:52 GMT+0100 (CET);1574855632000;0.4;84.41;7.5
1380556889530408;12.9;35.2;Wed Nov 27 2019 12:55:45 GMT+0100 (CET);Wed Nov 27 2019 11:55:45 GMT+0100 (CET);1574855745000;0.42;91.51;7.54
1380556889530408;12.9;35.2;Wed Nov 27 2019 12:57:38 GMT+0100 (CET);Wed Nov 27 2019 11:57:38 GMT+0100 (CET);1574855858000;0.47;99.98;7.6
1380556889530408;12.9;35.4;Wed Nov 27 2019 12:59:31 GMT+0100 (CET);Wed Nov 27 2019 11:59:31 GMT+0100 (CET);1574855971000;0.75;143;7.71
1380556889530408;12.9;35.8;Wed Nov 27 2019 13:01:24 GMT+0100 (CET);Wed Nov 27 2019 12:01:24 GMT+0100 (CET);1574856084000;0.47;104.38;7.8
1380556889530408;12.9;35.8;Wed Nov 27 2019 13:03:17 GMT+0100 (CET);Wed Nov 27 2019 12:03:17 GMT+0100 (CET);1574856197000;0.48;107.04;7.82
1380556889530408;12.9;36.2;Wed Nov 27 2019 13:05:13 GMT+0100 (CET);Wed Nov 27 2019 12:05:13 GMT+0100 (CET);1574856313000;0.54;120.66;7.83
1380556889530408;13.4;36.6;Wed Nov 27 2019 13:07:17 GMT+0100 (CET);Wed Nov 27 2019 12:07:17 GMT+0100 (CET);1574856437000;0.6;137.56;7.95
1380556889530408;13.4;36.8;Wed Nov 27 2019 13:09:11 GMT+0100 (CET);Wed Nov 27 2019 12:09:11 GMT+0100 (CET);1574856551000;0.77;180.71;8.08
1380556889530408;13.4;38.5;Wed Nov 27 2019 13:11:04 GMT+0100 (CET);Wed Nov 27 2019 12:11:04 GMT+0100 (CET);1574856664000;1.29;315.4;8.5
1380556889530408;14.4;38.2;Wed Nov 27 2019 13:12:57 GMT+0100 (CET);Wed Nov 27 2019 12:12:57 GMT+0100 (CET);1574856777000;1.41;368.63;9.07
1380556889530408;14.4;38;Wed Nov 27 2019 13:14:51 GMT+0100 (CET);Wed Nov 27 2019 12:14:51 GMT+0100 (CET);1574856891000;1.78;427.51;9.53
1380556889530408;17;37.9;Wed Nov 27 2019 13:16:44 GMT+0100 (CET);Wed Nov 27 2019 12:16:44 GMT+0100 (CET);1574857004000;1.92;455.67;10.03
1380556889530408;17;37.5;Wed Nov 27 2019 13:18:37 GMT+0100 (CET);Wed Nov 27 2019 12:18:37 GMT+0100 (CET);1574857117000;1.61;389.11;10.26
1380556889530408;17;37.2;Wed Nov 27 2019 13:20:33 GMT+0100 (CET);Wed Nov 27 2019 12:20:33 GMT+0100 (CET);1574857233000;1.45;358.39;10.47
1380556889530408;17.5;36.9;Wed Nov 27 2019 13:24:10 GMT+0100 (CET);Wed Nov 27 2019 12:24:10 GMT+0100 (CET);1574857450000;1.12;270.99;10.53
1380556889530408;17.5;36.8;Wed Nov 27 2019 13:26:03 GMT+0100 (CET);Wed Nov 27 2019 12:26:03 GMT+0100 (CET);1574857563000;0.95;227.34;10.3
1380556889530408;17.5;37.1;Wed Nov 27 2019 13:27:58 GMT+0100 (CET);Wed Nov 27 2019 12:27:58 GMT+0100 (CET);1574857678000;1.05;259.35;10.2
1380556889530408;17.5;36.9;Wed Nov 27 2019 13:29:52 GMT+0100 (CET);Wed Nov 27 2019 12:29:52 GMT+0100 (CET);1574857792000;0.88;216.07;10.04
1380556889530408;19;37.1;Wed Nov 27 2019 13:31:46 GMT+0100 (CET);Wed Nov 27 2019 12:31:46 GMT+0100 (CET);1574857906000;1.07;262.28;9.89
1380556889530408;19;37.2;Wed Nov 27 2019 13:33:39 GMT+0100 (CET);Wed Nov 27 2019 12:33:39 GMT+0100 (CET);1574858019000;0.99;246.31;9.79
1380556889530408;19.5;37.3;Wed Nov 27 2019 13:35:36 GMT+0100 (CET);Wed Nov 27 2019 12:35:36 GMT+0100 (CET);1574858136000;1.1;271.81;9.73
1380556889530408;19.5;37.5;Wed Nov 27 2019 13:37:55 GMT+0100 (CET);Wed Nov 27 2019 12:37:55 GMT+0100 (CET);1574858275000;1.25;314.21;9.85
1380556889530408;19.5;37.3;Wed Nov 27 2019 13:39:50 GMT+0100 (CET);Wed Nov 27 2019 12:39:50 GMT+0100 (CET);1574858390000;1.08;276.87;9.89
1380556889530408;19.5;37.5;Wed Nov 27 2019 13:41:43 GMT+0100 (CET);Wed Nov 27 2019 12:41:43 GMT+0100 (CET);1574858503000;1.43;373.75;10.01
1380556889530408;19.5;37.8;Wed Nov 27 2019 13:43:37 GMT+0100 (CET);Wed Nov 27 2019 12:43:37 GMT+0100 (CET);1574858617000;1.75;432.63;10.25
1380556889530408;19.5;36.8;Wed Nov 27 2019 13:45:31 GMT+0100 (CET);Wed Nov 27 2019 12:45:31 GMT+0100 (CET);1574858731000;0.9;239.84;10.53
1380556889530408;19.5;38.1;Wed Nov 27 2019 13:47:24 GMT+0100 (CET);Wed Nov 27 2019 12:47:24 GMT+0100 (CET);1574858844000;2.2;575.99;10.89
1380556889530408;19.5;37.8;Wed Nov 27 2019 13:49:17 GMT+0100 (CET);Wed Nov 27 2019 12:49:17 GMT+0100 (CET);1574858957000;2.18;570.87;11.14
1380556889530408;21;37.5;Wed Nov 27 2019 13:51:13 GMT+0100 (CET);Wed Nov 27 2019 12:51:13 GMT+0100 (CET);1574859073000;1.61;409.59;11.5
1380556889530408;21;37.6;Wed Nov 27 2019 13:53:19 GMT+0100 (CET);Wed Nov 27 2019 12:53:19 GMT+0100 (CET);1574859199000;2.05;529.91;11.76
1380556889530408;21.5;37.5;Wed Nov 27 2019 13:55:14 GMT+0100 (CET);Wed Nov 27 2019 12:55:14 GMT+0100 (CET);1574859314000;1.92;504.31;12.1
1380556889530408;21.5;37.2;Wed Nov 27 2019 13:57:10 GMT+0100 (CET);Wed Nov 27 2019 12:57:10 GMT+0100 (CET);1574859430000;1.87;483.83;12.33
1380556889530408;21.5;37.2;Wed Nov 27 2019 13:59:17 GMT+0100 (CET);Wed Nov 27 2019 12:59:17 GMT+0100 (CET);1574859557000;1.75;455.67;12.49
1380556889530408;21.5;36.7;Wed Nov 27 2019 14:01:09 GMT+0100 (CET);Wed Nov 27 2019 13:01:09 GMT+0100 (CET);1574859669000;1.69;442.87;12.44
1380556889530408;21.5;37;Wed Nov 27 2019 14:03:06 GMT+0100 (CET);Wed Nov 27 2019 13:03:06 GMT+0100 (CET);1574859786000;1.64;430.07;12.22
1380556889530408;23.5;37;Wed Nov 27 2019 14:05:00 GMT+0100 (CET);Wed Nov 27 2019 13:05:00 GMT+0100 (CET);1574859900000;1.6;419.83;12.23
1380556889530408;23.5;37;Wed Nov 27 2019 14:06:52 GMT+0100 (CET);Wed Nov 27 2019 13:06:52 GMT+0100 (CET);1574860012000;1.56;412.15;12.25
1380556889530408;23;36.9;Wed Nov 27 2019 14:08:59 GMT+0100 (CET);Wed Nov 27 2019 13:08:59 GMT+0100 (CET);1574860139000;1.53;404.47;12.39
1380556889530408;23;37;Wed Nov 27 2019 14:11:06 GMT+0100 (CET);Wed Nov 27 2019 13:11:06 GMT+0100 (CET);1574860266000;1.51;394.23;12.69
1380556889530408;23;36.9;Wed Nov 27 2019 14:12:59 GMT+0100 (CET);Wed Nov 27 2019 13:12:59 GMT+0100 (CET);1574860379000;1.51;391.67;12.71
1380556889530408;23;36.4;Wed Nov 27 2019 14:14:53 GMT+0100 (CET);Wed Nov 27 2019 13:14:53 GMT+0100 (CET);1574860493000;1.51;383.99;12.81
1380556889530408;23;36.5;Wed Nov 27 2019 14:16:46 GMT+0100 (CET);Wed Nov 27 2019 13:16:46 GMT+0100 (CET);1574860606000;1.48;376.31;12.96
1380556889530408;23;36.3;Wed Nov 27 2019 14:18:40 GMT+0100 (CET);Wed Nov 27 2019 13:18:40 GMT+0100 (CET);1574860720000;1.44;368.63;13.04
1380556889530408;23;36.8;Wed Nov 27 2019 14:20:33 GMT+0100 (CET);Wed Nov 27 2019 13:20:33 GMT+0100 (CET);1574860833000;1.43;358.39;12.89
1380556889530408;23;36.3;Wed Nov 27 2019 14:22:43 GMT+0100 (CET);Wed Nov 27 2019 13:22:43 GMT+0100 (CET);1574860963000;1.39;353.27;12.79
1380556889530408;21.5;36.3;Wed Nov 27 2019 14:24:39 GMT+0100 (CET);Wed Nov 27 2019 13:24:39 GMT+0100 (CET);1574861079000;1.37;348.15;12.75
1380556889530408;21.5;36;Wed Nov 27 2019 14:26:36 GMT+0100 (CET);Wed Nov 27 2019 13:26:36 GMT+0100 (CET);1574861196000;1.33;337.91;12.82
1380556889530408;21.5;36.4;Wed Nov 27 2019 14:28:48 GMT+0100 (CET);Wed Nov 27 2019 13:28:48 GMT+0100 (CET);1574861328000;1.27;325.91;12.89
1380556889530408;21.5;37;Wed Nov 27 2019 14:30:41 GMT+0100 (CET);Wed Nov 27 2019 13:30:41 GMT+0100 (CET);1574861441000;1.22;321.53;12.85
1380556889530408;23;37.3;Wed Nov 27 2019 14:32:35 GMT+0100 (CET);Wed Nov 27 2019 13:32:35 GMT+0100 (CET);1574861555000;1.18;312.31;12.73
1380556889530408;23;37.3;Wed Nov 27 2019 14:34:31 GMT+0100 (CET);Wed Nov 27 2019 13:34:31 GMT+0100 (CET);1574861671000;1.2;316.39;12.76
1380556889530408;23;37.4;Wed Nov 27 2019 14:36:26 GMT+0100 (CET);Wed Nov 27 2019 13:36:26 GMT+0100 (CET);1574861786000;1.11;309.5;12.79
1380556889530408;21.5;37.6;Wed Nov 27 2019 14:38:23 GMT+0100 (CET);Wed Nov 27 2019 13:38:23 GMT+0100 (CET);1574861903000;1.1;302.75;12.71
1380556889530408;21.5;37.7;Wed Nov 27 2019 14:40:23 GMT+0100 (CET);Wed Nov 27 2019 13:40:23 GMT+0100 (CET);1574862023000;1.06;298.96;12.72
1380556889530408;21.5;37.9;Wed Nov 27 2019 14:42:22 GMT+0100 (CET);Wed Nov 27 2019 13:42:22 GMT+0100 (CET);1574862142000;1.02;293.93;12.87
1380556889530408;21.5;38.3;Wed Nov 27 2019 14:44:20 GMT+0100 (CET);Wed Nov 27 2019 13:44:20 GMT+0100 (CET);1574862260000;0.94;285.88;12.92
1380556889530408;21.5;38.6;Wed Nov 27 2019 14:46:14 GMT+0100 (CET);Wed Nov 27 2019 13:46:14 GMT+0100 (CET);1574862374000;0.86;281.91;12.84
1380556889530408;21.5;37.7;Wed Nov 27 2019 14:48:07 GMT+0100 (CET);Wed Nov 27 2019 13:48:07 GMT+0100 (CET);1574862487000;0.99;269.07;12.74
1380556889530408;21.5;37.3;Wed Nov 27 2019 14:50:07 GMT+0100 (CET);Wed Nov 27 2019 13:50:07 GMT+0100 (CET);1574862607000;0.93;249.07;12.57
1380556889530408;21;37.1;Wed Nov 27 2019 14:52:10 GMT+0100 (CET);Wed Nov 27 2019 13:52:10 GMT+0100 (CET);1574862730000;0.9;251.97;12.46
1380556889530408;21;37.7;Wed Nov 27 2019 14:54:04 GMT+0100 (CET);Wed Nov 27 2019 13:54:04 GMT+0100 (CET);1574862844000;0.82;250.18;12.35
1380556889530408;21;37.8;Wed Nov 27 2019 14:55:57 GMT+0100 (CET);Wed Nov 27 2019 13:55:57 GMT+0100 (CET);1574862957000;0.94;252.74;12.28
1380556889530408;21;37.9;Wed Nov 27 2019 14:57:50 GMT+0100 (CET);Wed Nov 27 2019 13:57:50 GMT+0100 (CET);1574863070000;0.83;245.64;12.26
1380556889530408;21;37.9;Wed Nov 27 2019 14:59:44 GMT+0100 (CET);Wed Nov 27 2019 13:59:44 GMT+0100 (CET);1574863184000;0.81;241.98;12.23
1380556889530408;21;37.9;Wed Nov 27 2019 15:01:41 GMT+0100 (CET);Wed Nov 27 2019 14:01:41 GMT+0100 (CET);1574863301000;0.81;238.53;12.21
1380556889530408;21;33.2;Wed Nov 27 2019 15:03:54 GMT+0100 (CET);Wed Nov 27 2019 14:03:54 GMT+0100 (CET);1574863434000;0.77;225.03;12.07
1380556889530408;21;29.8;Wed Nov 27 2019 15:05:54 GMT+0100 (CET);Wed Nov 27 2019 14:05:54 GMT+0100 (CET);1574863554000;0.79;218.36;12.03
1380556889530408;17;36.6;Wed Nov 27 2019 15:07:47 GMT+0100 (CET);Wed Nov 27 2019 14:07:47 GMT+0100 (CET);1574863667000;0.73;204.55;11.89
1380556889530408;17;37.1;Wed Nov 27 2019 15:09:49 GMT+0100 (CET);Wed Nov 27 2019 14:09:49 GMT+0100 (CET);1574863789000;0.58;159.27;11.71
1380556889530408;19;36.9;Wed Nov 27 2019 15:11:42 GMT+0100 (CET);Wed Nov 27 2019 14:11:42 GMT+0100 (CET);1574863902000;0.22;55.7;11.44
1380556889530408;19;35.1;Wed Nov 27 2019 15:13:35 GMT+0100 (CET);Wed Nov 27 2019 14:13:35 GMT+0100 (CET);1574864015000;0.2;50.42;10.92
1380556889530408;19;34.1;Wed Nov 27 2019 15:15:32 GMT+0100 (CET);Wed Nov 27 2019 14:15:32 GMT+0100 (CET);1574864132000;0.15;37.37;10.53
1380556889530408;17;33;Wed Nov 27 2019 15:17:27 GMT+0100 (CET);Wed Nov 27 2019 14:17:27 GMT+0100 (CET);1574864247000;0.13;33.36;10.09
1380556889530408;17;34.3;Wed Nov 27 2019 15:19:24 GMT+0100 (CET);Wed Nov 27 2019 14:19:24 GMT+0100 (CET);1574864364000;0.13;35.69;9.82
1380556889530408;14.4;35.2;Wed Nov 27 2019 15:21:33 GMT+0100 (CET);Wed Nov 27 2019 14:21:33 GMT+0100 (CET);1574864493000;0.13;38.57;9.49
1380556889530408;14.4;36.7;Wed Nov 27 2019 15:23:26 GMT+0100 (CET);Wed Nov 27 2019 14:23:26 GMT+0100 (CET);1574864606000;0.13;49.12;9.28
1380556889530408;14.4;36.3;Wed Nov 27 2019 15:25:24 GMT+0100 (CET);Wed Nov 27 2019 14:25:24 GMT+0100 (CET);1574864724000;0.13;43.33;9.14
1380556889530408;14.4;37.2;Wed Nov 27 2019 15:27:24 GMT+0100 (CET);Wed Nov 27 2019 14:27:24 GMT+0100 (CET);1574864844000;0.13;46.12;9.04
1380556889530408;14.4;35.9;Wed Nov 27 2019 15:29:19 GMT+0100 (CET);Wed Nov 27 2019 14:29:19 GMT+0100 (CET);1574864959000;0.12;37.72;8.93
1380556889530408;13.4;35.4;Wed Nov 27 2019 15:31:11 GMT+0100 (CET);Wed Nov 27 2019 14:31:11 GMT+0100 (CET);1574865071000;0.12;35.96;8.84
1380556889530408;13.4;36.2;Wed Nov 27 2019 15:33:04 GMT+0100 (CET);Wed Nov 27 2019 14:33:04 GMT+0100 (CET);1574865184000;0.13;40.01;8.75
1380556889530408;13.4;35.3;Wed Nov 27 2019 15:35:03 GMT+0100 (CET);Wed Nov 27 2019 14:35:03 GMT+0100 (CET);1574865303000;0.13;39.41;8.67
1380556889530408;13.4;34.7;Wed Nov 27 2019 15:37:11 GMT+0100 (CET);Wed Nov 27 2019 14:37:11 GMT+0100 (CET);1574865431000;0.14;36.14;8.59
1380556889530408;13.4;34.3;Wed Nov 27 2019 15:38:54 GMT+0100 (CET);Wed Nov 27 2019 14:38:54 GMT+0100 (CET);1574865534000;0.13;33.29;8.53
1380556889530408;12.9;33.7;Wed Nov 27 2019 15:40:48 GMT+0100 (CET);Wed Nov 27 2019 14:40:48 GMT+0100 (CET);1574865648000;0.12;30.38;8.48
1380556889530408;12.9;33.5;Wed Nov 27 2019 15:42:41 GMT+0100 (CET);Wed Nov 27 2019 14:42:41 GMT+0100 (CET);1574865761000;0.12;30.81;8.42
1380556889530408;12.9;33.5;Wed Nov 27 2019 15:44:37 GMT+0100 (CET);Wed Nov 27 2019 14:44:37 GMT+0100 (CET);1574865877000;0.12;30.26;8.37
1380556889530408;11.4;33.2;Wed Nov 27 2019 15:46:37 GMT+0100 (CET);Wed Nov 27 2019 14:46:37 GMT+0100 (CET);1574865997000;0.11;28.87;8.35
1380556889530408;11.4;33.2;Wed Nov 27 2019 15:48:32 GMT+0100 (CET);Wed Nov 27 2019 14:48:32 GMT+0100 (CET);1574866112000;0.11;27.6;8.3
1380556889530408;10.9;33.1;Wed Nov 27 2019 15:50:27 GMT+0100 (CET);Wed Nov 27 2019 14:50:27 GMT+0100 (CET);1574866227000;0.1;25.65;8.26
1380556889530408;10.9;32.8;Wed Nov 27 2019 15:52:44 GMT+0100 (CET);Wed Nov 27 2019 14:52:44 GMT+0100 (CET);1574866364000;0.1;26.6;8.22
1380556889530408;10.9;32.6;Wed Nov 27 2019 15:54:37 GMT+0100 (CET);Wed Nov 27 2019 14:54:37 GMT+0100 (CET);1574866477000;0.1;25.17;8.21
1380556889530408;10.9;32.4;Wed Nov 27 2019 15:56:37 GMT+0100 (CET);Wed Nov 27 2019 14:56:37 GMT+0100 (CET);1574866597000;0.09;22.21;8.21
1380556889530408;10.9;32.2;Wed Nov 27 2019 15:58:42 GMT+0100 (CET);Wed Nov 27 2019 14:58:42 GMT+0100 (CET);1574866722000;0.09;20.93;8.19
1380556889530408;10.9;32;Wed Nov 27 2019 16:00:41 GMT+0100 (CET);Wed Nov 27 2019 15:00:41 GMT+0100 (CET);1574866841000;0.08;18.77;8.2
1380556889530408;10.9;31.8;Wed Nov 27 2019 16:02:34 GMT+0100 (CET);Wed Nov 27 2019 15:02:34 GMT+0100 (CET);1574866954000;0.07;17.05;8.17
1380556889530408;10.9;31.5;Wed Nov 27 2019 16:04:28 GMT+0100 (CET);Wed Nov 27 2019 15:04:28 GMT+0100 (CET);1574867068000;0.07;15.18;8.16
1380556889530408;9.4;31.3;Wed Nov 27 2019 16:06:21 GMT+0100 (CET);Wed Nov 27 2019 15:06:21 GMT+0100 (CET);1574867181000;0;12.82;8.12
1380556889530408;9.4;30.3;Wed Nov 27 2019 16:08:33 GMT+0100 (CET);Wed Nov 27 2019 15:08:33 GMT+0100 (CET);1574867313000;0;10.62;8.08
1380556889530408;8.9;29.9;Wed Nov 27 2019 16:10:35 GMT+0100 (CET);Wed Nov 27 2019 15:10:35 GMT+0100 (CET);1574867435000;0;8.81;8.05
1380556889530408;8.9;28.9;Wed Nov 27 2019 16:12:46 GMT+0100 (CET);Wed Nov 27 2019 15:12:46 GMT+0100 (CET);1574867566000;0;7.23;7.99
1380556889530408;8.9;28.4;Wed Nov 27 2019 16:14:40 GMT+0100 (CET);Wed Nov 27 2019 15:14:40 GMT+0100 (CET);1574867680000;0;5.98;7.93
1380556889530408;8.9;33.6;Wed Nov 27 2019 16:16:34 GMT+0100 (CET);Wed Nov 27 2019 15:16:34 GMT+0100 (CET);1574867794000;0;5.29;7.89
1380556889530408;9.4;33.3;Wed Nov 27 2019 16:18:29 GMT+0100 (CET);Wed Nov 27 2019 15:18:29 GMT+0100 (CET);1574867909000;0;4.64;7.85
1380556889530408;9.4;32.3;Wed Nov 27 2019 16:20:31 GMT+0100 (CET);Wed Nov 27 2019 15:20:31 GMT+0100 (CET);1574868031000;0;3.93;7.82
1380556889530408;9.4;31.4;Wed Nov 27 2019 16:22:30 GMT+0100 (CET);Wed Nov 27 2019 15:22:30 GMT+0100 (CET);1574868150000;0;3.31;7.77
1380556889530408;8.9;27.9;Wed Nov 27 2019 16:24:23 GMT+0100 (CET);Wed Nov 27 2019 15:24:23 GMT+0100 (CET);1574868263000;0;2.4;7.75
1380556889530408;8.9;26.7;Wed Nov 27 2019 16:26:18 GMT+0100 (CET);Wed Nov 27 2019 15:26:18 GMT+0100 (CET);1574868378000;0;1.15;7.7
1380556889530408;8.9;20;Wed Nov 27 2019 16:28:11 GMT+0100 (CET);Wed Nov 27 2019 15:28:11 GMT+0100 (CET);1574868491000;0;0.76;7.64
1380556889530408;8.9;20;Wed Nov 27 2019 16:30:04 GMT+0100 (CET);Wed Nov 27 2019 15:30:04 GMT+0100 (CET);1574868604000;0;0.42;7.6
1380556889530408;8.9;20;Wed Nov 27 2019 16:32:04 GMT+0100 (CET);Wed Nov 27 2019 15:32:04 GMT+0100 (CET);1574868724000;0;-0.01;7.58
1380556889530408;9.4;26.7;Thu Nov 28 2019 08:12:58 GMT+0100 (CET);Thu Nov 28 2019 07:12:58 GMT+0100 (CET);1574925178000;0;10.48;9
1380556889530408;9.4;27;Thu Nov 28 2019 08:14:51 GMT+0100 (CET);Thu Nov 28 2019 07:14:51 GMT+0100 (CET);1574925291000;0;11.96;8.96
1380556889530408;7.4;25.3;Thu Nov 28 2019 08:16:45 GMT+0100 (CET);Thu Nov 28 2019 07:16:45 GMT+0100 (CET);1574925405000;0;12.82;8.95
1380556889530408;7.4;25.3;Thu Nov 28 2019 08:18:38 GMT+0100 (CET);Thu Nov 28 2019 07:18:38 GMT+0100 (CET);1574925518000;0.07;15.68;8.93
1380556889530408;7.4;27.8;Thu Nov 28 2019 08:20:50 GMT+0100 (CET);Thu Nov 28 2019 07:20:50 GMT+0100 (CET);1574925650000;0.08;17.16;8.91
1380556889530408;7.4;28.2;Thu Nov 28 2019 08:22:50 GMT+0100 (CET);Thu Nov 28 2019 07:22:50 GMT+0100 (CET);1574925770000;0.08;17.63;8.89
1380556889530408;7.4;29.5;Thu Nov 28 2019 08:25:01 GMT+0100 (CET);Thu Nov 28 2019 07:25:01 GMT+0100 (CET);1574925901000;0.08;19;8.86
1380556889530408;8.9;28.9;Thu Nov 28 2019 08:27:36 GMT+0100 (CET);Thu Nov 28 2019 07:27:36 GMT+0100 (CET);1574926056000;0.09;21.12;8.86
1380556889530408;8.9;28.6;Thu Nov 28 2019 08:29:29 GMT+0100 (CET);Thu Nov 28 2019 07:29:29 GMT+0100 (CET);1574926169000;0.12;25.43;8.86
1380556889530408;8.9;27.7;Thu Nov 28 2019 08:31:41 GMT+0100 (CET);Thu Nov 28 2019 07:31:41 GMT+0100 (CET);1574926301000;0.15;31.59;8.86
1380556889530408;8.9;28.1;Thu Nov 28 2019 08:33:34 GMT+0100 (CET);Thu Nov 28 2019 07:33:34 GMT+0100 (CET);1574926414000;0.16;34.69;8.9
1380556889530408;9.4;32.2;Thu Nov 28 2019 08:35:44 GMT+0100 (CET);Thu Nov 28 2019 07:35:44 GMT+0100 (CET);1574926544000;0.14;31.49;8.96
1380556889530408;9.4;32;Thu Nov 28 2019 08:37:41 GMT+0100 (CET);Thu Nov 28 2019 07:37:41 GMT+0100 (CET);1574926661000;0.14;29.48;9.03
1380556889530408;10.9;31.8;Thu Nov 28 2019 08:40:05 GMT+0100 (CET);Thu Nov 28 2019 07:40:05 GMT+0100 (CET);1574926805000;0.12;26.5;9.07
1380556889530408;10.9;31.6;Thu Nov 28 2019 08:42:07 GMT+0100 (CET);Thu Nov 28 2019 07:42:07 GMT+0100 (CET);1574926927000;0.11;24.98;9.11
1380556889530408;10.9;30.8;Thu Nov 28 2019 08:44:09 GMT+0100 (CET);Thu Nov 28 2019 07:44:09 GMT+0100 (CET);1574927049000;0.1;23.88;9.12
1380556889530408;10.9;30.7;Thu Nov 28 2019 08:46:02 GMT+0100 (CET);Thu Nov 28 2019 07:46:02 GMT+0100 (CET);1574927162000;0.1;23.82;9.15
1380556889530408;10.9;30.3;Thu Nov 28 2019 08:48:07 GMT+0100 (CET);Thu Nov 28 2019 07:48:07 GMT+0100 (CET);1574927287000;0.13;29.87;9.18
1380556889530408;10.9;28.6;Thu Nov 28 2019 08:50:43 GMT+0100 (CET);Thu Nov 28 2019 07:50:43 GMT+0100 (CET);1574927443000;0.18;38.76;9.22
1380556889530408;10.9;31.5;Thu Nov 28 2019 08:52:44 GMT+0100 (CET);Thu Nov 28 2019 07:52:44 GMT+0100 (CET);1574927564000;0.2;42.92;9.26
1380556889530408;9.9;32.7;Thu Nov 28 2019 08:54:46 GMT+0100 (CET);Thu Nov 28 2019 07:54:46 GMT+0100 (CET);1574927686000;0.2;43.24;9.31
1380556889530408;9.9;32.8;Thu Nov 28 2019 08:56:42 GMT+0100 (CET);Thu Nov 28 2019 07:56:42 GMT+0100 (CET);1574927802000;0.21;42.77;9.35
1380556889530408;11.4;32.7;Thu Nov 28 2019 08:58:36 GMT+0100 (CET);Thu Nov 28 2019 07:58:36 GMT+0100 (CET);1574927916000;0.22;46.33;9.32
1380556889530408;11.4;32.8;Thu Nov 28 2019 09:00:32 GMT+0100 (CET);Thu Nov 28 2019 08:00:32 GMT+0100 (CET);1574928032000;0.28;60.68;9.3
1380556889530408;11.4;33.5;Thu Nov 28 2019 09:02:27 GMT+0100 (CET);Thu Nov 28 2019 08:02:27 GMT+0100 (CET);1574928147000;0.27;56.89;9.32
1380556889530408;11.4;33.4;Thu Nov 28 2019 09:05:07 GMT+0100 (CET);Thu Nov 28 2019 08:05:07 GMT+0100 (CET);1574928307000;0.19;41.22;9.39
1380556889530408;11.4;33.4;Thu Nov 28 2019 09:07:16 GMT+0100 (CET);Thu Nov 28 2019 08:07:16 GMT+0100 (CET);1574928436000;0.15;33.85;9.44
1380556889530408;12.9;32;Thu Nov 28 2019 09:09:11 GMT+0100 (CET);Thu Nov 28 2019 08:09:11 GMT+0100 (CET);1574928551000;0.19;40.42;9.45
1380556889530408;12.9;32.6;Thu Nov 28 2019 09:11:25 GMT+0100 (CET);Thu Nov 28 2019 08:11:25 GMT+0100 (CET);1574928685000;0.2;44.34;9.4
1380556889530408;11.4;32.8;Thu Nov 28 2019 09:13:24 GMT+0100 (CET);Thu Nov 28 2019 08:13:24 GMT+0100 (CET);1574928804000;0.23;51.63;9.32
1380556889530408;11.4;32.8;Thu Nov 28 2019 09:15:18 GMT+0100 (CET);Thu Nov 28 2019 08:15:18 GMT+0100 (CET);1574928918000;0.29;63.75;9.26
1380556889530408;11.4;33.3;Thu Nov 28 2019 09:17:22 GMT+0100 (CET);Thu Nov 28 2019 08:17:22 GMT+0100 (CET);1574929042000;0.38;87.11;9.25
1380556889530408;11.4;35.7;Thu Nov 28 2019 09:20:15 GMT+0100 (CET);Thu Nov 28 2019 08:20:15 GMT+0100 (CET);1574929215000;0.39;92.81;9.35
1380556889530408;11.4;35.9;Thu Nov 28 2019 09:22:21 GMT+0100 (CET);Thu Nov 28 2019 08:22:21 GMT+0100 (CET);1574929341000;0.44;105.08;9.42
1380556889530408;11.4;36.2;Thu Nov 28 2019 09:24:16 GMT+0100 (CET);Thu Nov 28 2019 08:24:16 GMT+0100 (CET);1574929456000;0.54;131.69;9.5
1380556889530408;11.4;38.2;Thu Nov 28 2019 09:26:20 GMT+0100 (CET);Thu Nov 28 2019 08:26:20 GMT+0100 (CET);1574929580000;0.65;180.81;9.67
1380556889530408;13.4;40.4;Thu Nov 28 2019 09:28:24 GMT+0100 (CET);Thu Nov 28 2019 08:28:24 GMT+0100 (CET);1574929704000;0.71;524.79;10.35
1380556889530408;13.4;40.4;Thu Nov 28 2019 09:30:21 GMT+0100 (CET);Thu Nov 28 2019 08:30:21 GMT+0100 (CET);1574929821000;0.77;296.56;11.28
1380556889530408;17.5;39.2;Thu Nov 28 2019 09:32:16 GMT+0100 (CET);Thu Nov 28 2019 08:32:16 GMT+0100 (CET);1574929936000;0.89;217.87;11.82
1380556889530408;17.5;38.9;Thu Nov 28 2019 09:34:43 GMT+0100 (CET);Thu Nov 28 2019 08:34:43 GMT+0100 (CET);1574930083000;0.68;170.73;12.07
1380556889530408;19;37.9;Thu Nov 28 2019 09:36:46 GMT+0100 (CET);Thu Nov 28 2019 08:36:46 GMT+0100 (CET);1574930206000;0.5;137.11;12.14
1380556889530408;19;39.9;Thu Nov 28 2019 09:38:45 GMT+0100 (CET);Thu Nov 28 2019 08:38:45 GMT+0100 (CET);1574930325000;0.53;120.74;12.17
1380556889530408;19;35.5;Thu Nov 28 2019 09:41:01 GMT+0100 (CET);Thu Nov 28 2019 08:41:01 GMT+0100 (CET);1574930461000;0.65;141.9;12.05
1380556889530408;19;35.2;Thu Nov 28 2019 09:43:02 GMT+0100 (CET);Thu Nov 28 2019 08:43:02 GMT+0100 (CET);1574930582000;0.61;137.86;11.86
1380556889530408;19;36.2;Thu Nov 28 2019 09:44:55 GMT+0100 (CET);Thu Nov 28 2019 08:44:55 GMT+0100 (CET);1574930695000;0.65;152.56;11.73
1380556889530408;19;36.3;Thu Nov 28 2019 09:47:12 GMT+0100 (CET);Thu Nov 28 2019 08:47:12 GMT+0100 (CET);1574930832000;0.64;147.74;11.61
1380556889530408;19;37.4;Thu Nov 28 2019 09:50:05 GMT+0100 (CET);Thu Nov 28 2019 08:50:05 GMT+0100 (CET);1574931005000;0.68;209.97;11.53
1380556889530408;19;35.7;Thu Nov 28 2019 09:52:14 GMT+0100 (CET);Thu Nov 28 2019 08:52:14 GMT+0100 (CET);1574931134000;0.58;128.54;11.48
1380556889530408;19;34.5;Thu Nov 28 2019 09:54:45 GMT+0100 (CET);Thu Nov 28 2019 08:54:45 GMT+0100 (CET);1574931285000;0.52;114.93;11.42
1380556889530408;17.5;35.2;Thu Nov 28 2019 09:56:39 GMT+0100 (CET);Thu Nov 28 2019 08:56:39 GMT+0100 (CET);1574931399000;0.68;151.9;11.39
1380556889530408;17.5;36;Thu Nov 28 2019 09:58:39 GMT+0100 (CET);Thu Nov 28 2019 08:58:39 GMT+0100 (CET);1574931519000;0.62;144.43;11.36
1380556889530408;17.5;36.5;Thu Nov 28 2019 10:00:36 GMT+0100 (CET);Thu Nov 28 2019 09:00:36 GMT+0100 (CET);1574931636000;0.51;114.5;11.35
1380556889530408;17.5;35.2;Thu Nov 28 2019 10:02:48 GMT+0100 (CET);Thu Nov 28 2019 09:02:48 GMT+0100 (CET);1574931768000;0.33;75.87;11.26
1380556889530408;17.5;34.4;Thu Nov 28 2019 10:04:43 GMT+0100 (CET);Thu Nov 28 2019 09:04:43 GMT+0100 (CET);1574931883000;0.27;58.81;11.14
1380556889530408;17;34.3;Thu Nov 28 2019 10:06:36 GMT+0100 (CET);Thu Nov 28 2019 09:06:36 GMT+0100 (CET);1574931996000;0.18;38.14;11.01
1380556889530408;17;33.3;Thu Nov 28 2019 10:08:35 GMT+0100 (CET);Thu Nov 28 2019 09:08:35 GMT+0100 (CET);1574932115000;0.17;34.29;10.86
1380556889530408;14.4;32;Thu Nov 28 2019 10:11:16 GMT+0100 (CET);Thu Nov 28 2019 09:11:16 GMT+0100 (CET);1574932276000;0.2;40.56;10.64
1380556889530408;14.4;32.2;Thu Nov 28 2019 10:13:17 GMT+0100 (CET);Thu Nov 28 2019 09:13:17 GMT+0100 (CET);1574932397000;0.27;57.05;10.34
1380556889530408;14.4;32.6;Thu Nov 28 2019 10:15:13 GMT+0100 (CET);Thu Nov 28 2019 09:15:13 GMT+0100 (CET);1574932513000;0.36;74.82;10.07
1380556889530408;14.4;33.5;Thu Nov 28 2019 10:17:09 GMT+0100 (CET);Thu Nov 28 2019 09:17:09 GMT+0100 (CET);1574932629000;0.4;85.81;9.93
1380556889530408;14.4;34.3;Thu Nov 28 2019 10:19:22 GMT+0100 (CET);Thu Nov 28 2019 09:19:22 GMT+0100 (CET);1574932762000;0.51;109.39;9.89
1380556889530408;14.4;34.6;Thu Nov 28 2019 10:21:17 GMT+0100 (CET);Thu Nov 28 2019 09:21:17 GMT+0100 (CET);1574932877000;0.57;124.87;9.93
1380556889530408;14.4;35.5;Thu Nov 28 2019 10:23:32 GMT+0100 (CET);Thu Nov 28 2019 09:23:32 GMT+0100 (CET);1574933012000;0.59;127.11;10.03
1380556889530408;14.4;35.6;Thu Nov 28 2019 10:25:45 GMT+0100 (CET);Thu Nov 28 2019 09:25:45 GMT+0100 (CET);1574933145000;0.6;135.66;10.13
1380556889530408;14.4;36.6;Thu Nov 28 2019 10:27:54 GMT+0100 (CET);Thu Nov 28 2019 09:27:54 GMT+0100 (CET);1574933274000;0.76;179.78;10.28
1380556889530408;14.4;37;Thu Nov 28 2019 10:29:55 GMT+0100 (CET);Thu Nov 28 2019 09:29:55 GMT+0100 (CET);1574933395000;0.75;171.69;10.41
1380556889530408;14.4;36.7;Thu Nov 28 2019 10:31:57 GMT+0100 (CET);Thu Nov 28 2019 09:31:57 GMT+0100 (CET);1574933517000;0.7;159.31;10.55
1380556889530408;14.4;36.5;Thu Nov 28 2019 10:34:02 GMT+0100 (CET);Thu Nov 28 2019 09:34:02 GMT+0100 (CET);1574933642000;0.66;146.61;10.67
1380556889530408;14.4;36.2;Thu Nov 28 2019 10:36:01 GMT+0100 (CET);Thu Nov 28 2019 09:36:01 GMT+0100 (CET);1574933761000;0.62;139.5;10.75
1380556889530408;14.4;36;Thu Nov 28 2019 10:38:07 GMT+0100 (CET);Thu Nov 28 2019 09:38:07 GMT+0100 (CET);1574933887000;0.48;106.87;10.85
1380556889530408;14.4;35.5;Thu Nov 28 2019 10:40:51 GMT+0100 (CET);Thu Nov 28 2019 09:40:51 GMT+0100 (CET);1574934051000;0.43;93.18;10.92
1380556889530408;14.4;35.1;Thu Nov 28 2019 10:49:23 GMT+0100 (CET);Thu Nov 28 2019 09:49:23 GMT+0100 (CET);1574934563000;0.61;128.91;11.03
1380556889530408;17;33.3;Thu Nov 28 2019 12:33:52 GMT+0100 (CET);Thu Nov 28 2019 11:33:52 GMT+0100 (CET);1574940832000;0.21;55.95;11.82
1380556889530408;14.4;32.9;Thu Nov 28 2019 12:51:30 GMT+0100 (CET);Thu Nov 28 2019 11:51:30 GMT+0100 (CET);1574941890000;0.23;55.95;11.82
1380556889530408;14.4;33.4;Thu Nov 28 2019 13:01:36 GMT+0100 (CET);Thu Nov 28 2019 12:01:36 GMT+0100 (CET);1574942496000;0.32;66.74;11.73
1380556889530408;14.4;33.3;Thu Nov 28 2019 13:08:32 GMT+0100 (CET);Thu Nov 28 2019 12:08:32 GMT+0100 (CET);1574942912000;0.47;97.62;11.91
1380556889530408;14.4;34;Thu Nov 28 2019 13:10:15 GMT+0100 (CET);Thu Nov 28 2019 12:10:15 GMT+0100 (CET);1574943015000;0.44;98.54;11.92
1380556889530408;14.4;33.7;Thu Nov 28 2019 13:14:48 GMT+0100 (CET);Thu Nov 28 2019 12:14:48 GMT+0100 (CET);1574943288000;0.25;49.49;12.1
1380556889530408;14.4;33.6;Thu Nov 28 2019 13:16:41 GMT+0100 (CET);Thu Nov 28 2019 12:16:41 GMT+0100 (CET);1574943401000;0.15;44.91;12.1
1380556889530408;14.4;30.6;Thu Nov 28 2019 13:22:27 GMT+0100 (CET);Thu Nov 28 2019 12:22:27 GMT+0100 (CET);1574943747000;0.28;26;11.91
1380556889530408;13.4;30.9;Thu Nov 28 2019 13:25:43 GMT+0100 (CET);Thu Nov 28 2019 12:25:43 GMT+0100 (CET);1574943943000;0.29;60.93;11.85
1380556889530408;13.4;32.5;Thu Nov 28 2019 13:27:52 GMT+0100 (CET);Thu Nov 28 2019 12:27:52 GMT+0100 (CET);1574944072000;0.3;61.73;11.85
1380556889530408;14.4;33.4;Thu Nov 28 2019 13:30:07 GMT+0100 (CET);Thu Nov 28 2019 12:30:07 GMT+0100 (CET);1574944207000;0.37;76.91;11.87
1380556889530408;14.4;33.4;Thu Nov 28 2019 13:32:06 GMT+0100 (CET);Thu Nov 28 2019 12:32:06 GMT+0100 (CET);1574944326000;0.34;73.96;11.84
1380556889530408;14.4;33.6;Thu Nov 28 2019 13:33:59 GMT+0100 (CET);Thu Nov 28 2019 12:33:59 GMT+0100 (CET);1574944439000;0.47;98.17;11.78
1380556889530408;14.4;33.9;Thu Nov 28 2019 13:35:54 GMT+0100 (CET);Thu Nov 28 2019 12:35:54 GMT+0100 (CET);1574944554000;0.39;104.44;11.58
1380556889530408;14.4;34.6;Thu Nov 28 2019 13:37:51 GMT+0100 (CET);Thu Nov 28 2019 12:37:51 GMT+0100 (CET);1574944671000;0.56;135.98;11.39
1380556889530408;14.4;35.4;Thu Nov 28 2019 13:40:09 GMT+0100 (CET);Thu Nov 28 2019 12:40:09 GMT+0100 (CET);1574944809000;0.52;107.9;11.37
1380556889530408;14.4;35;Thu Nov 28 2019 13:42:16 GMT+0100 (CET);Thu Nov 28 2019 12:42:16 GMT+0100 (CET);1574944936000;0.34;64.89;11.12
1380556889530408;14.4;34.7;Thu Nov 28 2019 13:44:18 GMT+0100 (CET);Thu Nov 28 2019 12:44:18 GMT+0100 (CET);1574945058000;0.15;32.92;10.88
1380556889530408;14.4;33.9;Thu Nov 28 2019 13:46:14 GMT+0100 (CET);Thu Nov 28 2019 12:46:14 GMT+0100 (CET);1574945174000;0.1;21.88;10.71
1380556889530408;14.4;33.2;Thu Nov 28 2019 13:48:14 GMT+0100 (CET);Thu Nov 28 2019 12:48:14 GMT+0100 (CET);1574945294000;0.21;41.64;10.64
1380556889530408;14.4;33.2;Thu Nov 28 2019 13:50:07 GMT+0100 (CET);Thu Nov 28 2019 12:50:07 GMT+0100 (CET);1574945407000;0.32;66.34;10.55
1380556889530408;14.4;33.6;Thu Nov 28 2019 13:52:01 GMT+0100 (CET);Thu Nov 28 2019 12:52:01 GMT+0100 (CET);1574945521000;0.28;56.21;10.42
1380556889530408;13.4;33.5;Thu Nov 28 2019 13:54:08 GMT+0100 (CET);Thu Nov 28 2019 12:54:08 GMT+0100 (CET);1574945648000;0.17;37.08;10.23
1380556889530408;13.4;33.5;Thu Nov 28 2019 13:56:00 GMT+0100 (CET);Thu Nov 28 2019 12:56:00 GMT+0100 (CET);1574945760000;0.13;28.77;10.1
1380556889530408;13.4;33;Thu Nov 28 2019 13:57:53 GMT+0100 (CET);Thu Nov 28 2019 12:57:53 GMT+0100 (CET);1574945873000;0.18;42.28;10.02
1380556889530408;13.4;35.9;Thu Nov 28 2019 13:59:46 GMT+0100 (CET);Thu Nov 28 2019 12:59:46 GMT+0100 (CET);1574945986000;1.12;219.93;10.17
1380556889530408;13.4;38.2;Thu Nov 28 2019 14:01:41 GMT+0100 (CET);Thu Nov 28 2019 13:01:41 GMT+0100 (CET);1574946101000;0.86;198.71;10.67
1380556889530408;15.4;38.5;Thu Nov 28 2019 14:03:40 GMT+0100 (CET);Thu Nov 28 2019 13:03:40 GMT+0100 (CET);1574946220000;1.21;226.31;11.29
1380556889530408;15.4;35;Thu Nov 28 2019 14:05:33 GMT+0100 (CET);Thu Nov 28 2019 13:05:33 GMT+0100 (CET);1574946333000;0.5;109.42;11.35
1380556889530408;15.4;34.5;Thu Nov 28 2019 14:07:26 GMT+0100 (CET);Thu Nov 28 2019 13:07:26 GMT+0100 (CET);1574946446000;0.54;111.94;11.26
1380556889530408;14.4;34.2;Thu Nov 28 2019 14:09:19 GMT+0100 (CET);Thu Nov 28 2019 13:09:19 GMT+0100 (CET);1574946559000;0.41;84.58;11.17
1380556889530408;14.4;34;Thu Nov 28 2019 14:11:12 GMT+0100 (CET);Thu Nov 28 2019 13:11:12 GMT+0100 (CET);1574946672000;0.6;126.05;11.12
1380556889530408;14.4;36.2;Thu Nov 28 2019 14:13:06 GMT+0100 (CET);Thu Nov 28 2019 13:13:06 GMT+0100 (CET);1574946786000;0.66;176.93;11.17
1380556889530408;14.4;35.6;Thu Nov 28 2019 14:14:59 GMT+0100 (CET);Thu Nov 28 2019 13:14:59 GMT+0100 (CET);1574946899000;0.62;120;11.28
1380556889530408;14.4;35;Thu Nov 28 2019 14:16:53 GMT+0100 (CET);Thu Nov 28 2019 13:16:53 GMT+0100 (CET);1574947013000;0.61;132.76;11.28
1380556889530408;14.4;33.9;Thu Nov 28 2019 14:18:45 GMT+0100 (CET);Thu Nov 28 2019 13:18:45 GMT+0100 (CET);1574947125000;0.38;86.61;11.25
1380556889530408;14.4;37.1;Thu Nov 28 2019 14:20:38 GMT+0100 (CET);Thu Nov 28 2019 13:20:38 GMT+0100 (CET);1574947238000;0.45;104.43;11.35
1380556889530408;14.4;35.3;Thu Nov 28 2019 14:22:31 GMT+0100 (CET);Thu Nov 28 2019 13:22:31 GMT+0100 (CET);1574947351000;0.47;110.21;11.37
1380556889530408;14.4;33.9;Thu Nov 28 2019 14:24:24 GMT+0100 (CET);Thu Nov 28 2019 13:24:24 GMT+0100 (CET);1574947464000;0.26;55.78;11.35
1380556889530408;14.4;33.2;Thu Nov 28 2019 14:26:18 GMT+0100 (CET);Thu Nov 28 2019 13:26:18 GMT+0100 (CET);1574947578000;0.29;61.75;11.3
1380556889530408;14.4;33.3;Thu Nov 28 2019 14:28:11 GMT+0100 (CET);Thu Nov 28 2019 13:28:11 GMT+0100 (CET);1574947691000;0.29;60.08;11.28
1380556889530408;14.4;33.3;Thu Nov 28 2019 14:30:04 GMT+0100 (CET);Thu Nov 28 2019 13:30:04 GMT+0100 (CET);1574947804000;0.32;66.43;11.25
1380556889530408;14.4;33.4;Thu Nov 28 2019 14:31:57 GMT+0100 (CET);Thu Nov 28 2019 13:31:57 GMT+0100 (CET);1574947917000;0.28;59.13;11.21
1380556889530408;14.4;34.3;Thu Nov 28 2019 14:33:50 GMT+0100 (CET);Thu Nov 28 2019 13:33:50 GMT+0100 (CET);1574948030000;0.44;95.04;11.22
1380556889530408;14.4;35.3;Thu Nov 28 2019 14:35:44 GMT+0100 (CET);Thu Nov 28 2019 13:35:44 GMT+0100 (CET);1574948144000;1.4;360.95;11.4
1380556889530408;17;38;Thu Nov 28 2019 14:37:37 GMT+0100 (CET);Thu Nov 28 2019 13:37:37 GMT+0100 (CET);1574948257000;1.08;303.02;11.96
1380556889530408;17;38;Thu Nov 28 2019 14:39:30 GMT+0100 (CET);Thu Nov 28 2019 13:39:30 GMT+0100 (CET);1574948370000;0.9;230.46;12.35
1380556889530408;17;36.9;Thu Nov 28 2019 14:41:23 GMT+0100 (CET);Thu Nov 28 2019 13:41:23 GMT+0100 (CET);1574948483000;0.6;255.67;12.52
1380556889530408;17;37.4;Thu Nov 28 2019 14:43:17 GMT+0100 (CET);Thu Nov 28 2019 13:43:17 GMT+0100 (CET);1574948597000;1.06;270.79;12.78
1380556889530408;17;36.7;Thu Nov 28 2019 14:45:11 GMT+0100 (CET);Thu Nov 28 2019 13:45:11 GMT+0100 (CET);1574948711000;1.01;265.35;12.96
1380556889530408;19;37.2;Thu Nov 28 2019 14:48:31 GMT+0100 (CET);Thu Nov 28 2019 13:48:31 GMT+0100 (CET);1574948911000;0.7;180.83;13.08
1380556889530408;19;37.5;Thu Nov 28 2019 14:50:23 GMT+0100 (CET);Thu Nov 28 2019 13:50:23 GMT+0100 (CET);1574949023000;0.68;157.05;13.01
1380556889530408;19;37.5;Thu Nov 28 2019 14:52:18 GMT+0100 (CET);Thu Nov 28 2019 13:52:18 GMT+0100 (CET);1574949138000;0.65;180.33;13
1380556889530408;19;37.9;Thu Nov 28 2019 14:54:13 GMT+0100 (CET);Thu Nov 28 2019 13:54:13 GMT+0100 (CET);1574949253000;0.61;169.68;13.01
1380556889530408;19;37.3;Thu Nov 28 2019 14:56:13 GMT+0100 (CET);Thu Nov 28 2019 13:56:13 GMT+0100 (CET);1574949373000;0.5;130.92;12.87
1380556889530408;19;35.3;Thu Nov 28 2019 14:58:06 GMT+0100 (CET);Thu Nov 28 2019 13:58:06 GMT+0100 (CET);1574949486000;0.44;99.54;12.67
1380556889530408;19;36.1;Thu Nov 28 2019 15:00:01 GMT+0100 (CET);Thu Nov 28 2019 14:00:01 GMT+0100 (CET);1574949601000;0.37;98.64;12.5
1380556889530408;19;36.7;Thu Nov 28 2019 15:01:54 GMT+0100 (CET);Thu Nov 28 2019 14:01:54 GMT+0100 (CET);1574949714000;0.32;86.96;12.39
1380556889530408;19;36.4;Thu Nov 28 2019 15:03:47 GMT+0100 (CET);Thu Nov 28 2019 14:03:47 GMT+0100 (CET);1574949827000;0.32;82.62;12.27
1380556889530408;19;36.1;Thu Nov 28 2019 15:05:40 GMT+0100 (CET);Thu Nov 28 2019 14:05:40 GMT+0100 (CET);1574949940000;0.31;79.56;12.14
1380556889530408;17.5;36;Thu Nov 28 2019 15:07:33 GMT+0100 (CET);Thu Nov 28 2019 14:07:33 GMT+0100 (CET);1574950053000;0.32;83.21;11.97
1380556889530408;17.5;34.5;Thu Nov 28 2019 15:09:25 GMT+0100 (CET);Thu Nov 28 2019 14:09:25 GMT+0100 (CET);1574950165000;0.3;70.09;11.82
1380556889530408;17;34.5;Thu Nov 28 2019 15:11:18 GMT+0100 (CET);Thu Nov 28 2019 14:11:18 GMT+0100 (CET);1574950278000;0.34;76.58;11.69
1380556889530408;17;34.1;Thu Nov 28 2019 15:13:11 GMT+0100 (CET);Thu Nov 28 2019 14:13:11 GMT+0100 (CET);1574950391000;0.28;63;11.59
1380556889530408;17;33.9;Thu Nov 28 2019 15:15:03 GMT+0100 (CET);Thu Nov 28 2019 14:15:03 GMT+0100 (CET);1574950503000;0.22;50;11.48
1380556889530408;17;33;Thu Nov 28 2019 15:16:56 GMT+0100 (CET);Thu Nov 28 2019 14:16:56 GMT+0100 (CET);1574950616000;0.22;49.19;11.38
1380556889530408;17;33.2;Thu Nov 28 2019 15:18:49 GMT+0100 (CET);Thu Nov 28 2019 14:18:49 GMT+0100 (CET);1574950729000;0.26;57.58;11.27
1380556889530408;14.4;33.2;Thu Nov 28 2019 15:20:42 GMT+0100 (CET);Thu Nov 28 2019 14:20:42 GMT+0100 (CET);1574950842000;0.24;54.38;11.17
1380556889530408;14.4;33.1;Thu Nov 28 2019 15:22:37 GMT+0100 (CET);Thu Nov 28 2019 14:22:37 GMT+0100 (CET);1574950957000;0.23;51.26;11.01
1380556889530408;14.4;32.9;Thu Nov 28 2019 15:24:29 GMT+0100 (CET);Thu Nov 28 2019 14:24:29 GMT+0100 (CET);1574951069000;0.21;47.59;10.87
1380556889530408;14.4;32.7;Thu Nov 28 2019 15:26:22 GMT+0100 (CET);Thu Nov 28 2019 14:26:22 GMT+0100 (CET);1574951182000;0.18;42.04;10.78
1380556889530408;14.4;32.6;Thu Nov 28 2019 15:28:15 GMT+0100 (CET);Thu Nov 28 2019 14:28:15 GMT+0100 (CET);1574951295000;0.17;37.33;10.69
1380556889530408;13.4;32.5;Thu Nov 28 2019 15:30:07 GMT+0100 (CET);Thu Nov 28 2019 14:30:07 GMT+0100 (CET);1574951407000;0.11;27.7;10.63
1380556889530408;13.4;32.5;Thu Nov 28 2019 15:32:00 GMT+0100 (CET);Thu Nov 28 2019 14:32:00 GMT+0100 (CET);1574951520000;0.07;17.57;10.57
1380556889530408;13.4;30.5;Thu Nov 28 2019 15:33:53 GMT+0100 (CET);Thu Nov 28 2019 14:33:53 GMT+0100 (CET);1574951633000;0.08;17.43;10.54
1380556889530408;13.4;29.5;Thu Nov 28 2019 15:35:48 GMT+0100 (CET);Thu Nov 28 2019 14:35:48 GMT+0100 (CET);1574951748000;0.09;21.51;10.54
1380556889530408;13.4;30.1;Thu Nov 28 2019 15:37:40 GMT+0100 (CET);Thu Nov 28 2019 14:37:40 GMT+0100 (CET);1574951860000;0.08;18.98;10.5
1380556889530408;12.9;29.8;Thu Nov 28 2019 15:39:33 GMT+0100 (CET);Thu Nov 28 2019 14:39:33 GMT+0100 (CET);1574951973000;0.08;19.62;10.46
1380556889530408;12.9;30;Thu Nov 28 2019 15:41:26 GMT+0100 (CET);Thu Nov 28 2019 14:41:26 GMT+0100 (CET);1574952086000;0.11;23.85;10.4
1380556889530408;12.9;30.6;Thu Nov 28 2019 15:43:18 GMT+0100 (CET);Thu Nov 28 2019 14:43:18 GMT+0100 (CET);1574952198000;0.13;28.5;10.33
1380556889530408;12.9;31.7;Thu Nov 28 2019 15:45:11 GMT+0100 (CET);Thu Nov 28 2019 14:45:11 GMT+0100 (CET);1574952311000;0.11;23.34;10.18
1380556889530408;12.9;31.6;Thu Nov 28 2019 15:47:04 GMT+0100 (CET);Thu Nov 28 2019 14:47:04 GMT+0100 (CET);1574952424000;0.09;21.25;10.03
1380556889530408;12.9;31.4;Thu Nov 28 2019 15:48:59 GMT+0100 (CET);Thu Nov 28 2019 14:48:59 GMT+0100 (CET);1574952539000;0.09;20.23;9.9
1380556889530408;12.9;31.4;Thu Nov 28 2019 15:50:52 GMT+0100 (CET);Thu Nov 28 2019 14:50:52 GMT+0100 (CET);1574952652000;0.08;16.82;9.82
1380556889530408;12.9;31;Thu Nov 28 2019 15:52:35 GMT+0100 (CET);Thu Nov 28 2019 14:52:35 GMT+0100 (CET);1574952755000;0.08;17.24;9.78
1380556889530408;11.4;30.7;Thu Nov 28 2019 15:54:32 GMT+0100 (CET);Thu Nov 28 2019 14:54:32 GMT+0100 (CET);1574952872000;0.08;17.71;9.73
1380556889530408;11.4;30.9;Thu Nov 28 2019 15:56:25 GMT+0100 (CET);Thu Nov 28 2019 14:56:25 GMT+0100 (CET);1574952985000;0.08;17.25;9.69
1380556889530408;11.4;30.9;Thu Nov 28 2019 15:58:18 GMT+0100 (CET);Thu Nov 28 2019 14:58:18 GMT+0100 (CET);1574953098000;0.08;17.21;9.71
1380556889530408;10.9;30.7;Thu Nov 28 2019 16:00:11 GMT+0100 (CET);Thu Nov 28 2019 15:00:11 GMT+0100 (CET);1574953211000;0.07;16.04;9.72
1380556889530408;10.9;30.2;Thu Nov 28 2019 16:02:07 GMT+0100 (CET);Thu Nov 28 2019 15:02:07 GMT+0100 (CET);1574953327000;0.07;16.42;9.76
1380556889530408;10.9;30;Thu Nov 28 2019 16:04:00 GMT+0100 (CET);Thu Nov 28 2019 15:04:00 GMT+0100 (CET);1574953440000;0.07;15.65;9.77
1380556889530408;10.9;29.8;Thu Nov 28 2019 16:05:52 GMT+0100 (CET);Thu Nov 28 2019 15:05:52 GMT+0100 (CET);1574953552000;0;12.59;9.79
1380556889530408;10.9;29.5;Thu Nov 28 2019 16:07:47 GMT+0100 (CET);Thu Nov 28 2019 15:07:47 GMT+0100 (CET);1574953667000;0;10.09;9.83
1380556889530408;10.9;28.6;Thu Nov 28 2019 16:09:40 GMT+0100 (CET);Thu Nov 28 2019 15:09:40 GMT+0100 (CET);1574953780000;0;8.23;9.89
1380556889530408;10.9;27.5;Thu Nov 28 2019 16:11:33 GMT+0100 (CET);Thu Nov 28 2019 15:11:33 GMT+0100 (CET);1574953893000;0;8.12;9.96
1380556889530408;8.9;26.6;Thu Nov 28 2019 16:13:26 GMT+0100 (CET);Thu Nov 28 2019 15:13:26 GMT+0100 (CET);1574954006000;0;8.21;10.01
1380556889530408;8.9;25.9;Thu Nov 28 2019 16:15:19 GMT+0100 (CET);Thu Nov 28 2019 15:15:19 GMT+0100 (CET);1574954119000;0;6.81;10.03
1380556889530408;8.9;32.9;Thu Nov 28 2019 16:17:12 GMT+0100 (CET);Thu Nov 28 2019 15:17:12 GMT+0100 (CET);1574954232000;0;5.1;9.98
1380556889530408;10.9;28.7;Thu Nov 28 2019 16:19:05 GMT+0100 (CET);Thu Nov 28 2019 15:19:05 GMT+0100 (CET);1574954345000;0;3.84;9.91
1380556889530408;10.9;30.6;Thu Nov 28 2019 16:21:01 GMT+0100 (CET);Thu Nov 28 2019 15:21:01 GMT+0100 (CET);1574954461000;0;2.96;9.85
1380556889530408;10.9;28.5;Thu Nov 28 2019 16:22:54 GMT+0100 (CET);Thu Nov 28 2019 15:22:54 GMT+0100 (CET);1574954574000;0;2.17;9.8
1380556889530408;10.9;26.6;Thu Nov 28 2019 16:24:47 GMT+0100 (CET);Thu Nov 28 2019 15:24:47 GMT+0100 (CET);1574954687000;0;1.93;9.77
1380556889530408;10.9;21.3;Thu Nov 28 2019 16:26:40 GMT+0100 (CET);Thu Nov 28 2019 15:26:40 GMT+0100 (CET);1574954800000;0;0.98;9.72
1380556889530408;10.9;21.3;Thu Nov 28 2019 16:28:33 GMT+0100 (CET);Thu Nov 28 2019 15:28:33 GMT+0100 (CET);1574954913000;0;0.3;9.67
1380556889530408;10.9;21.3;Thu Nov 28 2019 16:30:26 GMT+0100 (CET);Thu Nov 28 2019 15:30:26 GMT+0100 (CET);1574955026000;0;0.15;9.65