module_id;temperature;voltage;ts;utc_ts;timestamp;current;irradiation;temperature_amb
1438719252742555;6.4;32.6;Tue Nov 05 2019 07:31:08 GMT+0100 (CET);Tue Nov 05 2019 06:31:08 GMT+0100 (CET);1572935468000;0;6.85;8.13
1438719252742555;6.4;34;Tue Nov 05 2019 07:33:00 GMT+0100 (CET);Tue Nov 05 2019 06:33:00 GMT+0100 (CET);1572935580000;0;8.85;8.15
1438719252742555;6.4;34.5;Tue Nov 05 2019 07:34:54 GMT+0100 (CET);Tue Nov 05 2019 06:34:54 GMT+0100 (CET);1572935694000;0;9.11;8.17
1438719252742555;6.4;27.4;Tue Nov 05 2019 07:36:46 GMT+0100 (CET);Tue Nov 05 2019 06:36:46 GMT+0100 (CET);1572935806000;0;9.38;8.16
1438719252742555;6.4;26.8;Tue Nov 05 2019 07:38:48 GMT+0100 (CET);Tue Nov 05 2019 06:38:48 GMT+0100 (CET);1572935928000;0;10.21;8.17
1438719252742555;7.9;27.4;Tue Nov 05 2019 07:40:41 GMT+0100 (CET);Tue Nov 05 2019 06:40:41 GMT+0100 (CET);1572936041000;0;11.21;8.19
1438719252742555;7.9;27.4;Tue Nov 05 2019 07:42:34 GMT+0100 (CET);Tue Nov 05 2019 06:42:34 GMT+0100 (CET);1572936154000;0;13.14;8.17
1438719252742555;8.4;28.1;Tue Nov 05 2019 07:44:28 GMT+0100 (CET);Tue Nov 05 2019 06:44:28 GMT+0100 (CET);1572936268000;0.06;15.34;8.2
1438719252742555;8.4;28.9;Tue Nov 05 2019 07:46:36 GMT+0100 (CET);Tue Nov 05 2019 06:46:36 GMT+0100 (CET);1572936396000;0.08;17.05;8.17
1438719252742555;8.4;29.9;Tue Nov 05 2019 07:48:29 GMT+0100 (CET);Tue Nov 05 2019 06:48:29 GMT+0100 (CET);1572936509000;0.08;18.01;8.16
1438719252742555;8.4;30.3;Tue Nov 05 2019 07:50:22 GMT+0100 (CET);Tue Nov 05 2019 06:50:22 GMT+0100 (CET);1572936622000;0.08;18;8.14
1438719252742555;8.4;30.3;Tue Nov 05 2019 07:52:15 GMT+0100 (CET);Tue Nov 05 2019 06:52:15 GMT+0100 (CET);1572936735000;0.08;18.56;8.12
1438719252742555;8.4;30.7;Tue Nov 05 2019 07:54:27 GMT+0100 (CET);Tue Nov 05 2019 06:54:27 GMT+0100 (CET);1572936867000;0.09;20.19;8.1
1438719252742555;8.4;30.9;Tue Nov 05 2019 07:56:21 GMT+0100 (CET);Tue Nov 05 2019 06:56:21 GMT+0100 (CET);1572936981000;0.1;21.4;8.11
1438719252742555;8.4;31.1;Tue Nov 05 2019 07:58:17 GMT+0100 (CET);Tue Nov 05 2019 06:58:17 GMT+0100 (CET);1572937097000;0.09;21.66;8.1
1438719252742555;9.9;31.5;Tue Nov 05 2019 08:00:10 GMT+0100 (CET);Tue Nov 05 2019 07:00:10 GMT+0100 (CET);1572937210000;0.11;25.71;8.11
1438719252742555;9.9;31.7;Tue Nov 05 2019 08:02:07 GMT+0100 (CET);Tue Nov 05 2019 07:02:07 GMT+0100 (CET);1572937327000;0.16;34.41;8.13
1438719252742555;9.9;32.1;Tue Nov 05 2019 08:03:59 GMT+0100 (CET);Tue Nov 05 2019 07:03:59 GMT+0100 (CET);1572937439000;0.2;43.3;8.14
1438719252742555;9.9;33.2;Tue Nov 05 2019 08:05:52 GMT+0100 (CET);Tue Nov 05 2019 07:05:52 GMT+0100 (CET);1572937552000;0.17;36.28;8.12
1438719252742555;11.9;33;Tue Nov 05 2019 08:07:48 GMT+0100 (CET);Tue Nov 05 2019 07:07:48 GMT+0100 (CET);1572937668000;0.13;30.49;8.1
1438719252742555;11.9;32.1;Tue Nov 05 2019 08:09:57 GMT+0100 (CET);Tue Nov 05 2019 07:09:57 GMT+0100 (CET);1572937797000;0.15;32.42;8.1
1438719252742555;11.9;32.5;Tue Nov 05 2019 08:11:50 GMT+0100 (CET);Tue Nov 05 2019 07:11:50 GMT+0100 (CET);1572937910000;0.15;33.78;8.13
1438719252742555;10.4;32.4;Tue Nov 05 2019 08:13:44 GMT+0100 (CET);Tue Nov 05 2019 07:13:44 GMT+0100 (CET);1572938024000;0.13;28.44;8.2
1438719252742555;10.4;32.3;Tue Nov 05 2019 08:15:37 GMT+0100 (CET);Tue Nov 05 2019 07:15:37 GMT+0100 (CET);1572938137000;0.09;22.92;8.24
1438719252742555;10.4;32.1;Tue Nov 05 2019 08:17:37 GMT+0100 (CET);Tue Nov 05 2019 07:17:37 GMT+0100 (CET);1572938257000;0.07;18.27;8.28
1438719252742555;10.4;31;Tue Nov 05 2019 08:19:32 GMT+0100 (CET);Tue Nov 05 2019 07:19:32 GMT+0100 (CET);1572938372000;0.06;14.78;8.33
1438719252742555;10.4;29.8;Tue Nov 05 2019 08:21:26 GMT+0100 (CET);Tue Nov 05 2019 07:21:26 GMT+0100 (CET);1572938486000;0;12.61;8.35
1438719252742555;10.4;28.6;Tue Nov 05 2019 08:23:18 GMT+0100 (CET);Tue Nov 05 2019 07:23:18 GMT+0100 (CET);1572938598000;0.06;14.62;8.39
1438719252742555;10.4;28.6;Tue Nov 05 2019 08:25:39 GMT+0100 (CET);Tue Nov 05 2019 07:25:39 GMT+0100 (CET);1572938739000;0.09;21.62;8.42
1438719252742555;9.9;29;Tue Nov 05 2019 08:27:32 GMT+0100 (CET);Tue Nov 05 2019 07:27:32 GMT+0100 (CET);1572938852000;0.14;28.16;8.42
1438719252742555;9.9;29.2;Tue Nov 05 2019 08:29:26 GMT+0100 (CET);Tue Nov 05 2019 07:29:26 GMT+0100 (CET);1572938966000;0.18;36.76;8.43
1438719252742555;9.9;29.5;Tue Nov 05 2019 08:31:20 GMT+0100 (CET);Tue Nov 05 2019 07:31:20 GMT+0100 (CET);1572939080000;0.21;43.46;8.46
1438719252742555;9.9;32.9;Tue Nov 05 2019 08:33:22 GMT+0100 (CET);Tue Nov 05 2019 07:33:22 GMT+0100 (CET);1572939202000;0.21;43.99;8.46
1438719252742555;9.9;33.2;Tue Nov 05 2019 08:35:15 GMT+0100 (CET);Tue Nov 05 2019 07:35:15 GMT+0100 (CET);1572939315000;0.18;38.35;8.5
1438719252742555;11.9;33;Tue Nov 05 2019 08:37:07 GMT+0100 (CET);Tue Nov 05 2019 07:37:07 GMT+0100 (CET);1572939427000;0.14;30.41;8.5
1438719252742555;11.9;32.7;Tue Nov 05 2019 08:39:04 GMT+0100 (CET);Tue Nov 05 2019 07:39:04 GMT+0100 (CET);1572939544000;0.12;26.26;8.53
1438719252742555;11.9;31.8;Tue Nov 05 2019 08:40:58 GMT+0100 (CET);Tue Nov 05 2019 07:40:58 GMT+0100 (CET);1572939658000;0.13;27.84;8.54
1438719252742555;11.9;31.4;Tue Nov 05 2019 08:43:01 GMT+0100 (CET);Tue Nov 05 2019 07:43:01 GMT+0100 (CET);1572939781000;0.15;32.49;8.57
1438719252742555;11.9;32;Tue Nov 05 2019 08:44:54 GMT+0100 (CET);Tue Nov 05 2019 07:44:54 GMT+0100 (CET);1572939894000;0.17;35.78;8.6
1438719252742555;11.9;32.3;Tue Nov 05 2019 08:46:47 GMT+0100 (CET);Tue Nov 05 2019 07:46:47 GMT+0100 (CET);1572940007000;0.2;41.83;8.58
1438719252742555;11.9;33;Tue Nov 05 2019 08:48:50 GMT+0100 (CET);Tue Nov 05 2019 07:48:50 GMT+0100 (CET);1572940130000;0.22;46.69;8.59
1438719252742555;11.9;33.4;Tue Nov 05 2019 08:50:43 GMT+0100 (CET);Tue Nov 05 2019 07:50:43 GMT+0100 (CET);1572940243000;0.23;48;8.59
1438719252742555;11.9;33.3;Tue Nov 05 2019 08:52:35 GMT+0100 (CET);Tue Nov 05 2019 07:52:35 GMT+0100 (CET);1572940355000;0.23;47.28;8.59
1438719252742555;11.9;33.3;Tue Nov 05 2019 08:54:28 GMT+0100 (CET);Tue Nov 05 2019 07:54:28 GMT+0100 (CET);1572940468000;0.23;47.45;8.6
1438719252742555;12.4;33.3;Tue Nov 05 2019 08:56:23 GMT+0100 (CET);Tue Nov 05 2019 07:56:23 GMT+0100 (CET);1572940583000;0.23;47.61;8.64
1438719252742555;12.4;33.3;Tue Nov 05 2019 08:58:16 GMT+0100 (CET);Tue Nov 05 2019 07:58:16 GMT+0100 (CET);1572940696000;0.22;47.01;8.65
1438719252742555;12.4;33.2;Tue Nov 05 2019 09:00:09 GMT+0100 (CET);Tue Nov 05 2019 08:00:09 GMT+0100 (CET);1572940809000;0.22;45.78;8.7
1438719252742555;12.4;33.2;Tue Nov 05 2019 09:02:02 GMT+0100 (CET);Tue Nov 05 2019 08:02:02 GMT+0100 (CET);1572940922000;0.22;47.59;8.75
1438719252742555;12.4;33.3;Tue Nov 05 2019 09:04:21 GMT+0100 (CET);Tue Nov 05 2019 08:04:21 GMT+0100 (CET);1572941061000;0.25;54.86;8.81
1438719252742555;12.4;33.5;Tue Nov 05 2019 09:06:22 GMT+0100 (CET);Tue Nov 05 2019 08:06:22 GMT+0100 (CET);1572941182000;0.28;58.06;8.86
1438719252742555;12.4;33.7;Tue Nov 05 2019 09:08:15 GMT+0100 (CET);Tue Nov 05 2019 08:08:15 GMT+0100 (CET);1572941295000;0.27;58.59;8.93
1438719252742555;13.9;33.6;Tue Nov 05 2019 09:10:08 GMT+0100 (CET);Tue Nov 05 2019 08:10:08 GMT+0100 (CET);1572941408000;0.26;57.06;8.99
1438719252742555;13.9;33.5;Tue Nov 05 2019 09:12:03 GMT+0100 (CET);Tue Nov 05 2019 08:12:03 GMT+0100 (CET);1572941523000;0.27;57.54;9.05
1438719252742555;13.9;33.4;Tue Nov 05 2019 09:13:56 GMT+0100 (CET);Tue Nov 05 2019 08:13:56 GMT+0100 (CET);1572941636000;0.33;70.19;9.13
1438719252742555;13.9;33.7;Tue Nov 05 2019 09:15:49 GMT+0100 (CET);Tue Nov 05 2019 08:15:49 GMT+0100 (CET);1572941749000;0.44;94.48;9.22
1438719252742555;13.9;34.6;Tue Nov 05 2019 09:17:44 GMT+0100 (CET);Tue Nov 05 2019 08:17:44 GMT+0100 (CET);1572941864000;0.47;97.95;9.32
1438719252742555;13.9;34.5;Tue Nov 05 2019 09:20:02 GMT+0100 (CET);Tue Nov 05 2019 08:20:02 GMT+0100 (CET);1572942002000;0.36;76.37;9.42
1438719252742555;13.9;34.2;Tue Nov 05 2019 09:21:54 GMT+0100 (CET);Tue Nov 05 2019 08:21:54 GMT+0100 (CET);1572942114000;0.29;62.68;9.47
1438719252742555;13.9;33.9;Tue Nov 05 2019 09:23:47 GMT+0100 (CET);Tue Nov 05 2019 08:23:47 GMT+0100 (CET);1572942227000;0.26;57.1;9.5
1438719252742555;13.9;33.4;Tue Nov 05 2019 09:25:43 GMT+0100 (CET);Tue Nov 05 2019 08:25:43 GMT+0100 (CET);1572942343000;0.24;52.81;9.49
1438719252742555;13.9;33.1;Tue Nov 05 2019 09:27:36 GMT+0100 (CET);Tue Nov 05 2019 08:27:36 GMT+0100 (CET);1572942456000;0.24;52.02;9.46
1438719252742555;13.9;33;Tue Nov 05 2019 09:29:30 GMT+0100 (CET);Tue Nov 05 2019 08:29:30 GMT+0100 (CET);1572942570000;0.34;73.27;9.44
1438719252742555;13.9;33.7;Tue Nov 05 2019 09:31:23 GMT+0100 (CET);Tue Nov 05 2019 08:31:23 GMT+0100 (CET);1572942683000;0.32;70.37;9.45
1438719252742555;14.4;33.5;Tue Nov 05 2019 09:33:15 GMT+0100 (CET);Tue Nov 05 2019 08:33:15 GMT+0100 (CET);1572942795000;0.28;61.14;9.46
1438719252742555;14.4;33.4;Tue Nov 05 2019 09:35:36 GMT+0100 (CET);Tue Nov 05 2019 08:35:36 GMT+0100 (CET);1572942936000;0.31;67.63;9.49
1438719252742555;13.9;33.7;Tue Nov 05 2019 09:37:29 GMT+0100 (CET);Tue Nov 05 2019 08:37:29 GMT+0100 (CET);1572943049000;0.42;88.7;9.54
1438719252742555;13.9;34.3;Tue Nov 05 2019 09:39:24 GMT+0100 (CET);Tue Nov 05 2019 08:39:24 GMT+0100 (CET);1572943164000;0.43;87.96;9.62
1438719252742555;13.9;34.1;Tue Nov 05 2019 09:41:17 GMT+0100 (CET);Tue Nov 05 2019 08:41:17 GMT+0100 (CET);1572943277000;0.35;74.2;9.7
1438719252742555;14.4;34;Tue Nov 05 2019 09:43:17 GMT+0100 (CET);Tue Nov 05 2019 08:43:17 GMT+0100 (CET);1572943397000;0.32;67.16;9.75
1438719252742555;14.4;33.8;Tue Nov 05 2019 09:45:10 GMT+0100 (CET);Tue Nov 05 2019 08:45:10 GMT+0100 (CET);1572943510000;0.3;63.18;9.78
1438719252742555;14.4;33.5;Tue Nov 05 2019 09:47:03 GMT+0100 (CET);Tue Nov 05 2019 08:47:03 GMT+0100 (CET);1572943623000;0.28;58.94;9.79
1438719252742555;14.4;33.4;Tue Nov 05 2019 09:48:55 GMT+0100 (CET);Tue Nov 05 2019 08:48:55 GMT+0100 (CET);1572943735000;0.27;57.51;9.81
1438719252742555;14.4;33.5;Tue Nov 05 2019 09:50:58 GMT+0100 (CET);Tue Nov 05 2019 08:50:58 GMT+0100 (CET);1572943858000;0.28;59.7;9.82
1438719252742555;14.4;33.5;Tue Nov 05 2019 09:52:51 GMT+0100 (CET);Tue Nov 05 2019 08:52:51 GMT+0100 (CET);1572943971000;0.3;64.65;9.84
1438719252742555;14.4;33.6;Tue Nov 05 2019 09:54:46 GMT+0100 (CET);Tue Nov 05 2019 08:54:46 GMT+0100 (CET);1572944086000;0.35;72.6;9.87
1438719252742555;14.4;33.7;Tue Nov 05 2019 09:56:40 GMT+0100 (CET);Tue Nov 05 2019 08:56:40 GMT+0100 (CET);1572944200000;0.39;79.95;9.89
1438719252742555;14.4;33.9;Tue Nov 05 2019 09:58:33 GMT+0100 (CET);Tue Nov 05 2019 08:58:33 GMT+0100 (CET);1572944313000;0.34;69.89;9.89
1438719252742555;14.4;33.5;Tue Nov 05 2019 10:00:25 GMT+0100 (CET);Tue Nov 05 2019 09:00:25 GMT+0100 (CET);1572944425000;0.23;50.56;9.89
1438719252742555;14.4;33.1;Tue Nov 05 2019 10:02:18 GMT+0100 (CET);Tue Nov 05 2019 09:02:18 GMT+0100 (CET);1572944538000;0.32;66.39;9.85
1438719252742555;14.4;33.4;Tue Nov 05 2019 10:04:11 GMT+0100 (CET);Tue Nov 05 2019 09:04:11 GMT+0100 (CET);1572944651000;0.4;81.26;9.89
1438719252742555;14.4;34;Tue Nov 05 2019 10:06:44 GMT+0100 (CET);Tue Nov 05 2019 09:06:44 GMT+0100 (CET);1572944804000;0.39;80.95;9.96
1438719252742555;14.4;34.1;Tue Nov 05 2019 10:08:37 GMT+0100 (CET);Tue Nov 05 2019 09:08:37 GMT+0100 (CET);1572944917000;0.4;83.07;10.04
1438719252742555;15.9;34.1;Tue Nov 05 2019 10:10:34 GMT+0100 (CET);Tue Nov 05 2019 09:10:34 GMT+0100 (CET);1572945034000;0.38;78.01;10.14
1438719252742555;15.9;33.9;Tue Nov 05 2019 10:12:27 GMT+0100 (CET);Tue Nov 05 2019 09:12:27 GMT+0100 (CET);1572945147000;0.38;78.35;10.23
1438719252742555;15.9;33.9;Tue Nov 05 2019 10:14:20 GMT+0100 (CET);Tue Nov 05 2019 09:14:20 GMT+0100 (CET);1572945260000;0.46;93.84;10.3
1438719252742555;15.9;34.3;Tue Nov 05 2019 10:16:13 GMT+0100 (CET);Tue Nov 05 2019 09:16:13 GMT+0100 (CET);1572945373000;0.54;110.71;10.32
1438719252742555;15.9;34.6;Tue Nov 05 2019 10:18:06 GMT+0100 (CET);Tue Nov 05 2019 09:18:06 GMT+0100 (CET);1572945486000;0.54;110.03;10.35
1438719252742555;15.9;34.5;Tue Nov 05 2019 10:19:59 GMT+0100 (CET);Tue Nov 05 2019 09:19:59 GMT+0100 (CET);1572945599000;0.41;85.79;10.42
1438719252742555;15.9;33.7;Tue Nov 05 2019 10:21:55 GMT+0100 (CET);Tue Nov 05 2019 09:21:55 GMT+0100 (CET);1572945715000;0.38;83.06;10.48
1438719252742555;15.9;32;Tue Nov 05 2019 10:23:48 GMT+0100 (CET);Tue Nov 05 2019 09:23:48 GMT+0100 (CET);1572945828000;0.58;118.36;10.56
1438719252742555;15.9;35.4;Tue Nov 05 2019 10:25:40 GMT+0100 (CET);Tue Nov 05 2019 09:25:40 GMT+0100 (CET);1572945940000;0.86;183.1;10.67
1438719252742555;15.9;36.2;Tue Nov 05 2019 10:27:37 GMT+0100 (CET);Tue Nov 05 2019 09:27:37 GMT+0100 (CET);1572946057000;1.17;237.34;10.8
1438719252742555;15.9;35.8;Tue Nov 05 2019 10:29:44 GMT+0100 (CET);Tue Nov 05 2019 09:29:44 GMT+0100 (CET);1572946184000;0.82;177.73;10.96
1438719252742555;15.9;35.3;Tue Nov 05 2019 10:31:37 GMT+0100 (CET);Tue Nov 05 2019 09:31:37 GMT+0100 (CET);1572946297000;0.61;127.62;11
1438719252742555;15.9;34.6;Tue Nov 05 2019 10:33:32 GMT+0100 (CET);Tue Nov 05 2019 09:33:32 GMT+0100 (CET);1572946412000;0.34;75.45;10.96
1438719252742555;16.4;33.8;Tue Nov 05 2019 10:35:25 GMT+0100 (CET);Tue Nov 05 2019 09:35:25 GMT+0100 (CET);1572946525000;0.34;72;10.88
1438719252742555;16.4;33.2;Tue Nov 05 2019 10:37:50 GMT+0100 (CET);Tue Nov 05 2019 09:37:50 GMT+0100 (CET);1572946670000;0.25;54.21;10.77
1438719252742555;16.4;32.9;Tue Nov 05 2019 10:39:44 GMT+0100 (CET);Tue Nov 05 2019 09:39:44 GMT+0100 (CET);1572946784000;0.24;50.69;10.71
1438719252742555;15.9;32.4;Tue Nov 05 2019 10:41:37 GMT+0100 (CET);Tue Nov 05 2019 09:41:37 GMT+0100 (CET);1572946897000;0.25;53.56;10.57
1438719252742555;15.9;32.8;Tue Nov 05 2019 10:43:31 GMT+0100 (CET);Tue Nov 05 2019 09:43:31 GMT+0100 (CET);1572947011000;0.3;69.17;10.35
1438719252742555;15.9;33.5;Tue Nov 05 2019 10:45:24 GMT+0100 (CET);Tue Nov 05 2019 09:45:24 GMT+0100 (CET);1572947124000;0.58;116.66;10.25
1438719252742555;15.9;35.4;Tue Nov 05 2019 10:47:18 GMT+0100 (CET);Tue Nov 05 2019 09:47:18 GMT+0100 (CET);1572947238000;0.62;132.34;10.27
1438719252742555;15.9;35.9;Tue Nov 05 2019 10:49:15 GMT+0100 (CET);Tue Nov 05 2019 09:49:15 GMT+0100 (CET);1572947355000;0.84;171.16;10.46
1438719252742555;16.4;35.6;Tue Nov 05 2019 10:51:09 GMT+0100 (CET);Tue Nov 05 2019 09:51:09 GMT+0100 (CET);1572947469000;0.71;148.1;10.64
1438719252742555;16.4;35.3;Tue Nov 05 2019 10:53:08 GMT+0100 (CET);Tue Nov 05 2019 09:53:08 GMT+0100 (CET);1572947588000;0.58;122.22;10.76
1438719252742555;16.4;35.2;Tue Nov 05 2019 10:55:00 GMT+0100 (CET);Tue Nov 05 2019 09:55:00 GMT+0100 (CET);1572947700000;0.67;141.35;10.87
1438719252742555;16.4;35.5;Tue Nov 05 2019 10:56:57 GMT+0100 (CET);Tue Nov 05 2019 09:56:57 GMT+0100 (CET);1572947817000;0.73;155.88;11
1438719252742555;16.4;35.6;Tue Nov 05 2019 10:58:49 GMT+0100 (CET);Tue Nov 05 2019 09:58:49 GMT+0100 (CET);1572947929000;0.79;166.79;11.1
1438719252742555;16.4;35.7;Tue Nov 05 2019 11:00:42 GMT+0100 (CET);Tue Nov 05 2019 10:00:42 GMT+0100 (CET);1572948042000;0.89;187.77;11.25
1438719252742555;16.4;35.6;Tue Nov 05 2019 11:02:39 GMT+0100 (CET);Tue Nov 05 2019 10:02:39 GMT+0100 (CET);1572948159000;0.85;180.76;11.44
1438719252742555;17.4;35.6;Tue Nov 05 2019 11:04:40 GMT+0100 (CET);Tue Nov 05 2019 10:04:40 GMT+0100 (CET);1572948280000;1.04;215.86;11.63
1438719252742555;17.4;35.7;Tue Nov 05 2019 11:06:32 GMT+0100 (CET);Tue Nov 05 2019 10:06:32 GMT+0100 (CET);1572948392000;0.9;189.75;11.89
1438719252742555;17.4;35.2;Tue Nov 05 2019 11:08:45 GMT+0100 (CET);Tue Nov 05 2019 10:08:45 GMT+0100 (CET);1572948525000;0.81;170.81;12.1
1438719252742555;17.4;35;Tue Nov 05 2019 11:10:38 GMT+0100 (CET);Tue Nov 05 2019 10:10:38 GMT+0100 (CET);1572948638000;0.84;176.85;12.16
1438719252742555;17.4;35.3;Tue Nov 05 2019 11:12:33 GMT+0100 (CET);Tue Nov 05 2019 10:12:33 GMT+0100 (CET);1572948753000;0.96;200.48;12.3
1438719252742555;17.4;35.2;Tue Nov 05 2019 11:14:26 GMT+0100 (CET);Tue Nov 05 2019 10:14:26 GMT+0100 (CET);1572948866000;0.96;200.89;12.41
1438719252742555;17.4;35.4;Tue Nov 05 2019 11:16:18 GMT+0100 (CET);Tue Nov 05 2019 10:16:18 GMT+0100 (CET);1572948978000;0.98;203.05;12.56
1438719252742555;17.4;35.2;Tue Nov 05 2019 11:18:11 GMT+0100 (CET);Tue Nov 05 2019 10:18:11 GMT+0100 (CET);1572949091000;0.83;176.17;12.57
1438719252742555;17.4;35;Tue Nov 05 2019 11:20:08 GMT+0100 (CET);Tue Nov 05 2019 10:20:08 GMT+0100 (CET);1572949208000;0.68;144.87;12.5
1438719252742555;20;34.4;Tue Nov 05 2019 11:22:01 GMT+0100 (CET);Tue Nov 05 2019 10:22:01 GMT+0100 (CET);1572949321000;0.58;118.84;12.41
1438719252742555;20;34.1;Tue Nov 05 2019 11:24:06 GMT+0100 (CET);Tue Nov 05 2019 10:24:06 GMT+0100 (CET);1572949446000;0.47;96.54;12.17
1438719252742555;20;33.9;Tue Nov 05 2019 11:26:00 GMT+0100 (CET);Tue Nov 05 2019 10:26:00 GMT+0100 (CET);1572949560000;0.44;87.63;11.84
1438719252742555;17.4;33.9;Tue Nov 05 2019 11:27:53 GMT+0100 (CET);Tue Nov 05 2019 10:27:53 GMT+0100 (CET);1572949673000;0.48;97.46;11.34
1438719252742555;17.4;34.5;Tue Nov 05 2019 11:29:47 GMT+0100 (CET);Tue Nov 05 2019 10:29:47 GMT+0100 (CET);1572949787000;0.61;124.65;10.89
1438719252742555;17.4;35.4;Tue Nov 05 2019 11:31:40 GMT+0100 (CET);Tue Nov 05 2019 10:31:40 GMT+0100 (CET);1572949900000;0.75;157.58;10.58
1438719252742555;17.4;35.6;Tue Nov 05 2019 11:33:33 GMT+0100 (CET);Tue Nov 05 2019 10:33:33 GMT+0100 (CET);1572950013000;0.84;172.38;10.34
1438719252742555;17.4;35.6;Tue Nov 05 2019 11:35:27 GMT+0100 (CET);Tue Nov 05 2019 10:35:27 GMT+0100 (CET);1572950127000;0.87;179.84;10.28
1438719252742555;17.4;35.6;Tue Nov 05 2019 11:37:20 GMT+0100 (CET);Tue Nov 05 2019 10:37:20 GMT+0100 (CET);1572950240000;0.83;172.64;10.34
1438719252742555;17.4;35.6;Tue Nov 05 2019 11:39:37 GMT+0100 (CET);Tue Nov 05 2019 10:39:37 GMT+0100 (CET);1572950377000;0.84;175.39;10.47
1438719252742555;17.4;35.7;Tue Nov 05 2019 11:41:30 GMT+0100 (CET);Tue Nov 05 2019 10:41:30 GMT+0100 (CET);1572950490000;0.9;187.69;10.58
1438719252742555;17.4;35.5;Tue Nov 05 2019 11:43:22 GMT+0100 (CET);Tue Nov 05 2019 10:43:22 GMT+0100 (CET);1572950602000;0.78;162.08;10.71
1438719252742555;17.4;35.3;Tue Nov 05 2019 11:45:15 GMT+0100 (CET);Tue Nov 05 2019 10:45:15 GMT+0100 (CET);1572950715000;0.81;168.97;10.8
1438719252742555;17.4;35.6;Tue Nov 05 2019 11:47:36 GMT+0100 (CET);Tue Nov 05 2019 10:47:36 GMT+0100 (CET);1572950856000;1.09;229.46;11.01
1438719252742555;17.4;35.8;Tue Nov 05 2019 11:49:28 GMT+0100 (CET);Tue Nov 05 2019 10:49:28 GMT+0100 (CET);1572950968000;1.17;248.58;11.29
1438719252742555;17.4;35.8;Tue Nov 05 2019 11:51:21 GMT+0100 (CET);Tue Nov 05 2019 10:51:21 GMT+0100 (CET);1572951081000;1.13;241.68;11.47
1438719252742555;17.4;35.6;Tue Nov 05 2019 11:53:14 GMT+0100 (CET);Tue Nov 05 2019 10:53:14 GMT+0100 (CET);1572951194000;1.02;217.74;11.62
1438719252742555;17.4;35.2;Tue Nov 05 2019 11:55:12 GMT+0100 (CET);Tue Nov 05 2019 10:55:12 GMT+0100 (CET);1572951312000;0.92;196.44;11.77
1438719252742555;17.4;35.2;Tue Nov 05 2019 11:57:04 GMT+0100 (CET);Tue Nov 05 2019 10:57:04 GMT+0100 (CET);1572951424000;0.9;193.53;11.89
1438719252742555;20;35.2;Tue Nov 05 2019 11:58:57 GMT+0100 (CET);Tue Nov 05 2019 10:58:57 GMT+0100 (CET);1572951537000;0.85;181.43;12.03
1438719252742555;20;35.2;Tue Nov 05 2019 12:00:59 GMT+0100 (CET);Tue Nov 05 2019 11:00:59 GMT+0100 (CET);1572951659000;1.02;228.69;12.09
1438719252742555;20;35.6;Tue Nov 05 2019 12:03:06 GMT+0100 (CET);Tue Nov 05 2019 11:03:06 GMT+0100 (CET);1572951786000;1.12;235.41;12.23
1438719252742555;20;35.1;Tue Nov 05 2019 12:05:07 GMT+0100 (CET);Tue Nov 05 2019 11:05:07 GMT+0100 (CET);1572951907000;0.97;209.5;12.34
1438719252742555;20;35;Tue Nov 05 2019 12:07:00 GMT+0100 (CET);Tue Nov 05 2019 11:07:00 GMT+0100 (CET);1572952020000;0.88;189.26;12.42
1438719252742555;20;35.3;Tue Nov 05 2019 12:08:53 GMT+0100 (CET);Tue Nov 05 2019 11:08:53 GMT+0100 (CET);1572952133000;1.18;254.53;12.48
1438719252742555;20;35.3;Tue Nov 05 2019 12:10:49 GMT+0100 (CET);Tue Nov 05 2019 11:10:49 GMT+0100 (CET);1572952249000;1.02;220.98;12.55
1438719252742555;20;35.6;Tue Nov 05 2019 12:12:41 GMT+0100 (CET);Tue Nov 05 2019 11:12:41 GMT+0100 (CET);1572952361000;1.21;255.53;12.61
1438719252742555;20;35.8;Tue Nov 05 2019 12:14:34 GMT+0100 (CET);Tue Nov 05 2019 11:14:34 GMT+0100 (CET);1572952474000;1.46;315.06;12.71
1438719252742555;20;35.9;Tue Nov 05 2019 12:16:28 GMT+0100 (CET);Tue Nov 05 2019 11:16:28 GMT+0100 (CET);1572952588000;1.82;389.11;12.79
1438719252742555;20.5;35.6;Tue Nov 05 2019 12:18:25 GMT+0100 (CET);Tue Nov 05 2019 11:18:25 GMT+0100 (CET);1572952705000;1.16;247.44;12.87
1438719252742555;20.5;35.2;Tue Nov 05 2019 12:20:20 GMT+0100 (CET);Tue Nov 05 2019 11:20:20 GMT+0100 (CET);1572952820000;1.19;255.82;12.93
1438719252742555;22;35.2;Tue Nov 05 2019 12:22:22 GMT+0100 (CET);Tue Nov 05 2019 11:22:22 GMT+0100 (CET);1572952942000;1.13;243.43;13.02
1438719252742555;22;35.9;Tue Nov 05 2019 12:24:15 GMT+0100 (CET);Tue Nov 05 2019 11:24:15 GMT+0100 (CET);1572953055000;1.59;340.47;13.19
1438719252742555;22;35.8;Tue Nov 05 2019 12:26:14 GMT+0100 (CET);Tue Nov 05 2019 11:26:14 GMT+0100 (CET);1572953174000;1.58;317.07;13.45
1438719252742555;22;36.2;Tue Nov 05 2019 12:28:08 GMT+0100 (CET);Tue Nov 05 2019 11:28:08 GMT+0100 (CET);1572953288000;2.77;616.95;13.8
1438719252742555;22;35.8;Tue Nov 05 2019 12:30:01 GMT+0100 (CET);Tue Nov 05 2019 11:30:01 GMT+0100 (CET);1572953401000;3.9;824.82;14.58
1438719252742555;22;35.2;Tue Nov 05 2019 12:31:55 GMT+0100 (CET);Tue Nov 05 2019 11:31:55 GMT+0100 (CET);1572953515000;3.89;815.38;15.64
1438719252742555;22;30;Tue Nov 05 2019 12:34:08 GMT+0100 (CET);Tue Nov 05 2019 11:34:08 GMT+0100 (CET);1572953648000;0.82;178.48;16.03
1438719252742555;22;32.8;Tue Nov 05 2019 12:36:01 GMT+0100 (CET);Tue Nov 05 2019 11:36:01 GMT+0100 (CET);1572953761000;0.6;132.96;15.49
1438719252742555;24;32.7;Tue Nov 05 2019 12:37:53 GMT+0100 (CET);Tue Nov 05 2019 11:37:53 GMT+0100 (CET);1572953873000;0.52;117.01;14.87
1438719252742555;24;32.3;Tue Nov 05 2019 12:39:48 GMT+0100 (CET);Tue Nov 05 2019 11:39:48 GMT+0100 (CET);1572953988000;0.56;126.69;14.39
1438719252742555;24;31.9;Tue Nov 05 2019 12:41:47 GMT+0100 (CET);Tue Nov 05 2019 11:41:47 GMT+0100 (CET);1572954107000;0.66;149.19;13.84
1438719252742555;22.5;33.8;Tue Nov 05 2019 12:43:41 GMT+0100 (CET);Tue Nov 05 2019 11:43:41 GMT+0100 (CET);1572954221000;0.76;167.06;13.55
1438719252742555;22.5;34.6;Tue Nov 05 2019 12:45:34 GMT+0100 (CET);Tue Nov 05 2019 11:45:34 GMT+0100 (CET);1572954334000;0.85;190.38;13.36
1438719252742555;22.5;34.8;Tue Nov 05 2019 12:47:27 GMT+0100 (CET);Tue Nov 05 2019 11:47:27 GMT+0100 (CET);1572954447000;1.12;256.38;13.27
1438719252742555;22.5;35.2;Tue Nov 05 2019 12:49:40 GMT+0100 (CET);Tue Nov 05 2019 11:49:40 GMT+0100 (CET);1572954580000;1.11;248.03;13.33
1438719252742555;22.5;36;Tue Nov 05 2019 12:51:37 GMT+0100 (CET);Tue Nov 05 2019 11:51:37 GMT+0100 (CET);1572954697000;2.51;540.15;13.51
1438719252742555;22.5;36.2;Tue Nov 05 2019 12:53:30 GMT+0100 (CET);Tue Nov 05 2019 11:53:30 GMT+0100 (CET);1572954810000;2.56;634.87;14.28
1438719252742555;22.5;32.4;Tue Nov 05 2019 12:55:23 GMT+0100 (CET);Tue Nov 05 2019 11:55:23 GMT+0100 (CET);1572954923000;1.82;394.23;14.87
1438719252742555;24;34.8;Tue Nov 05 2019 12:57:16 GMT+0100 (CET);Tue Nov 05 2019 11:57:16 GMT+0100 (CET);1572955036000;2.29;496.63;15.01
1438719252742555;24;33.9;Tue Nov 05 2019 12:59:09 GMT+0100 (CET);Tue Nov 05 2019 11:59:09 GMT+0100 (CET);1572955149000;1.38;335.35;15.16
1438719252742555;24;34.9;Tue Nov 05 2019 13:01:02 GMT+0100 (CET);Tue Nov 05 2019 12:01:02 GMT+0100 (CET);1572955262000;1.93;394.23;15.31
1438719252742555;24.5;33;Tue Nov 05 2019 13:02:57 GMT+0100 (CET);Tue Nov 05 2019 12:02:57 GMT+0100 (CET);1572955377000;1.66;358.39;15.47
1438719252742555;24.5;35.2;Tue Nov 05 2019 13:05:31 GMT+0100 (CET);Tue Nov 05 2019 12:05:31 GMT+0100 (CET);1572955531000;1.76;404.47;15.92
1438719252742555;24.5;34.9;Tue Nov 05 2019 13:07:24 GMT+0100 (CET);Tue Nov 05 2019 12:07:24 GMT+0100 (CET);1572955644000;1.62;312.22;16.03
1438719252742555;24.5;34.5;Tue Nov 05 2019 13:09:19 GMT+0100 (CET);Tue Nov 05 2019 12:09:19 GMT+0100 (CET);1572955759000;1.95;478.71;16.14
1438719252742555;26;35.5;Tue Nov 05 2019 13:11:11 GMT+0100 (CET);Tue Nov 05 2019 12:11:11 GMT+0100 (CET);1572955871000;3.73;793.18;16.59
1438719252742555;26;34.5;Tue Nov 05 2019 13:13:04 GMT+0100 (CET);Tue Nov 05 2019 12:13:04 GMT+0100 (CET);1572955984000;2.77;563.19;17.32
1438719252742555;26;34.8;Tue Nov 05 2019 13:14:57 GMT+0100 (CET);Tue Nov 05 2019 12:14:57 GMT+0100 (CET);1572956097000;3.62;780.56;17.72
1438719252742555;28;34.3;Tue Nov 05 2019 13:16:50 GMT+0100 (CET);Tue Nov 05 2019 12:16:50 GMT+0100 (CET);1572956210000;3.15;658.52;18.04
1438719252742555;28;33.9;Tue Nov 05 2019 13:19:00 GMT+0100 (CET);Tue Nov 05 2019 12:19:00 GMT+0100 (CET);1572956340000;1.3;277.89;18.22
1438719252742555;28;33.5;Tue Nov 05 2019 13:20:55 GMT+0100 (CET);Tue Nov 05 2019 12:20:55 GMT+0100 (CET);1572956455000;1.23;275.96;17.47
1438719252742555;28;33.7;Tue Nov 05 2019 13:22:35 GMT+0100 (CET);Tue Nov 05 2019 12:22:35 GMT+0100 (CET);1572956555000;1.22;259.44;16.51
1438719252742555;28;34.1;Tue Nov 05 2019 13:24:29 GMT+0100 (CET);Tue Nov 05 2019 12:24:29 GMT+0100 (CET);1572956669000;1.12;245.21;15.81
1438719252742555;26.5;34.2;Tue Nov 05 2019 13:26:23 GMT+0100 (CET);Tue Nov 05 2019 12:26:23 GMT+0100 (CET);1572956783000;1.04;231.3;15.39
1438719252742555;26.5;34.5;Tue Nov 05 2019 13:28:20 GMT+0100 (CET);Tue Nov 05 2019 12:28:20 GMT+0100 (CET);1572956900000;1.04;230.31;14.78
1438719252742555;26.5;34.5;Tue Nov 05 2019 13:30:13 GMT+0100 (CET);Tue Nov 05 2019 12:30:13 GMT+0100 (CET);1572957013000;1.01;224.59;14.37
1438719252742555;26.5;34.6;Tue Nov 05 2019 13:32:05 GMT+0100 (CET);Tue Nov 05 2019 12:32:05 GMT+0100 (CET);1572957125000;0.96;215.66;14.16
1438719252742555;26;34.6;Tue Nov 05 2019 13:34:04 GMT+0100 (CET);Tue Nov 05 2019 12:34:04 GMT+0100 (CET);1572957244000;1.13;244.33;14.02
1438719252742555;26;35;Tue Nov 05 2019 13:36:11 GMT+0100 (CET);Tue Nov 05 2019 12:36:11 GMT+0100 (CET);1572957371000;1.16;253.04;13.91
1438719252742555;26;35.9;Tue Nov 05 2019 13:37:54 GMT+0100 (CET);Tue Nov 05 2019 12:37:54 GMT+0100 (CET);1572957474000;3.15;740.57;14.4
1438719252742555;24.5;34.3;Tue Nov 05 2019 13:39:47 GMT+0100 (CET);Tue Nov 05 2019 12:39:47 GMT+0100 (CET);1572957587000;1.56;368.63;14.93
1438719252742555;24.5;34.5;Tue Nov 05 2019 13:41:32 GMT+0100 (CET);Tue Nov 05 2019 12:41:32 GMT+0100 (CET);1572957692000;1.04;221.79;15.07
1438719252742555;24.5;33.8;Tue Nov 05 2019 13:43:24 GMT+0100 (CET);Tue Nov 05 2019 12:43:24 GMT+0100 (CET);1572957804000;0.77;164.72;14.75
1438719252742555;24.5;33.5;Tue Nov 05 2019 13:45:17 GMT+0100 (CET);Tue Nov 05 2019 12:45:17 GMT+0100 (CET);1572957917000;0.62;133.21;14.52
1438719252742555;24.5;32.9;Tue Nov 05 2019 13:47:15 GMT+0100 (CET);Tue Nov 05 2019 12:47:15 GMT+0100 (CET);1572958035000;0.51;112.42;14.07
1438719252742555;24.5;32.5;Tue Nov 05 2019 13:49:09 GMT+0100 (CET);Tue Nov 05 2019 12:49:09 GMT+0100 (CET);1572958149000;0.45;99.87;13.64
1438719252742555;24.5;32.1;Tue Nov 05 2019 13:51:06 GMT+0100 (CET);Tue Nov 05 2019 12:51:06 GMT+0100 (CET);1572958266000;0.39;86.86;13.35
1438719252742555;22.5;32.1;Tue Nov 05 2019 13:52:58 GMT+0100 (CET);Tue Nov 05 2019 12:52:58 GMT+0100 (CET);1572958378000;0.36;78.46;13.03
1438719252742555;22.5;32.1;Tue Nov 05 2019 13:54:55 GMT+0100 (CET);Tue Nov 05 2019 12:54:55 GMT+0100 (CET);1572958495000;0.35;77.17;12.75
1438719252742555;22;32.7;Tue Nov 05 2019 13:56:49 GMT+0100 (CET);Tue Nov 05 2019 12:56:49 GMT+0100 (CET);1572958609000;0.38;78.82;12.44
1438719252742555;22;33.4;Tue Nov 05 2019 13:58:41 GMT+0100 (CET);Tue Nov 05 2019 12:58:41 GMT+0100 (CET);1572958721000;0.41;83.44;12.24
1438719252742555;22;33.6;Tue Nov 05 2019 14:00:35 GMT+0100 (CET);Tue Nov 05 2019 13:00:35 GMT+0100 (CET);1572958835000;0.41;84.06;11.94
1438719252742555;20;33.7;Tue Nov 05 2019 14:02:30 GMT+0100 (CET);Tue Nov 05 2019 13:02:30 GMT+0100 (CET);1572958950000;0.38;76.5;11.53
1438719252742555;20;33.6;Tue Nov 05 2019 14:04:24 GMT+0100 (CET);Tue Nov 05 2019 13:04:24 GMT+0100 (CET);1572959064000;0.35;71.82;11.35
1438719252742555;17.4;33.6;Tue Nov 05 2019 14:06:18 GMT+0100 (CET);Tue Nov 05 2019 13:06:18 GMT+0100 (CET);1572959178000;0.33;68.78;11.28
1438719252742555;17.4;33.9;Tue Nov 05 2019 14:08:29 GMT+0100 (CET);Tue Nov 05 2019 13:08:29 GMT+0100 (CET);1572959309000;0.36;76.15;11.27
1438719252742555;17.4;34.6;Tue Nov 05 2019 14:10:22 GMT+0100 (CET);Tue Nov 05 2019 13:10:22 GMT+0100 (CET);1572959422000;0.54;113.49;11.32
1438719252742555;17.4;34.9;Tue Nov 05 2019 14:12:15 GMT+0100 (CET);Tue Nov 05 2019 13:12:15 GMT+0100 (CET);1572959535000;0.64;138.66;11.39
1438719252742555;17.4;35.6;Tue Nov 05 2019 14:14:09 GMT+0100 (CET);Tue Nov 05 2019 13:14:09 GMT+0100 (CET);1572959649000;0.85;175.55;11.35
1438719252742555;17.4;35.8;Tue Nov 05 2019 14:16:01 GMT+0100 (CET);Tue Nov 05 2019 13:16:01 GMT+0100 (CET);1572959761000;1.03;220.28;11.43
1438719252742555;17.4;35.7;Tue Nov 05 2019 14:17:59 GMT+0100 (CET);Tue Nov 05 2019 13:17:59 GMT+0100 (CET);1572959879000;0.83;171.69;11.66
1438719252742555;17.4;35.4;Tue Nov 05 2019 14:19:52 GMT+0100 (CET);Tue Nov 05 2019 13:19:52 GMT+0100 (CET);1572959992000;0.73;155.53;11.85
1438719252742555;17.4;35.3;Tue Nov 05 2019 14:21:45 GMT+0100 (CET);Tue Nov 05 2019 13:21:45 GMT+0100 (CET);1572960105000;0.69;150.82;11.99
1438719252742555;17.4;37.1;Tue Nov 05 2019 14:23:39 GMT+0100 (CET);Tue Nov 05 2019 13:23:39 GMT+0100 (CET);1572960219000;1.45;332.79;12.44
1438719252742555;17.4;36;Tue Nov 05 2019 14:25:31 GMT+0100 (CET);Tue Nov 05 2019 13:25:31 GMT+0100 (CET);1572960331000;2.06;391.67;13.07
1438719252742555;20;35.9;Tue Nov 05 2019 14:27:26 GMT+0100 (CET);Tue Nov 05 2019 13:27:26 GMT+0100 (CET);1572960446000;1.93;435.19;13.73
1438719252742555;20;35.5;Tue Nov 05 2019 14:29:18 GMT+0100 (CET);Tue Nov 05 2019 13:29:18 GMT+0100 (CET);1572960558000;2.02;445.43;14.34
1438719252742555;20;35;Tue Nov 05 2019 14:31:11 GMT+0100 (CET);Tue Nov 05 2019 13:31:11 GMT+0100 (CET);1572960671000;2.22;488.95;15.07
1438719252742555;20;35.1;Tue Nov 05 2019 14:33:03 GMT+0100 (CET);Tue Nov 05 2019 13:33:03 GMT+0100 (CET);1572960783000;2.07;455.67;15.64
1438719252742555;20;35.6;Tue Nov 05 2019 14:34:56 GMT+0100 (CET);Tue Nov 05 2019 13:34:56 GMT+0100 (CET);1572960896000;1.51;332.79;16.03
1438719252742555;22;35.3;Tue Nov 05 2019 14:36:49 GMT+0100 (CET);Tue Nov 05 2019 13:36:49 GMT+0100 (CET);1572961009000;1.52;330.23;16.25
1438719252742555;22;34.9;Tue Nov 05 2019 14:38:50 GMT+0100 (CET);Tue Nov 05 2019 13:38:50 GMT+0100 (CET);1572961130000;1.38;297.17;16.42
1438719252742555;22.5;34.6;Tue Nov 05 2019 14:40:42 GMT+0100 (CET);Tue Nov 05 2019 13:40:42 GMT+0100 (CET);1572961242000;1.1;231.92;16.43
1438719252742555;22.5;34.1;Tue Nov 05 2019 14:42:36 GMT+0100 (CET);Tue Nov 05 2019 13:42:36 GMT+0100 (CET);1572961356000;0.97;214.3;16.21
1438719252742555;22.5;34.8;Tue Nov 05 2019 14:44:29 GMT+0100 (CET);Tue Nov 05 2019 13:44:29 GMT+0100 (CET);1572961469000;0.92;201.26;16.04
1438719252742555;22.5;35.6;Tue Nov 05 2019 14:46:21 GMT+0100 (CET);Tue Nov 05 2019 13:46:21 GMT+0100 (CET);1572961581000;0.8;180.18;15.88
1438719252742555;22.5;35.1;Tue Nov 05 2019 14:48:14 GMT+0100 (CET);Tue Nov 05 2019 13:48:14 GMT+0100 (CET);1572961694000;0.67;148.63;15.53
1438719252742555;22.5;34.5;Tue Nov 05 2019 14:50:07 GMT+0100 (CET);Tue Nov 05 2019 13:50:07 GMT+0100 (CET);1572961807000;0.64;143.87;15.03
1438719252742555;22.5;35.2;Tue Nov 05 2019 14:52:01 GMT+0100 (CET);Tue Nov 05 2019 13:52:01 GMT+0100 (CET);1572961921000;0.66;155.24;14.59
1438719252742555;22.5;37.1;Tue Nov 05 2019 14:53:54 GMT+0100 (CET);Tue Nov 05 2019 13:53:54 GMT+0100 (CET);1572962034000;0.64;148.1;14.32
1438719252742555;22;34.1;Tue Nov 05 2019 14:55:46 GMT+0100 (CET);Tue Nov 05 2019 13:55:46 GMT+0100 (CET);1572962146000;0.57;124.24;13.93
1438719252742555;22;34.1;Tue Nov 05 2019 14:57:42 GMT+0100 (CET);Tue Nov 05 2019 13:57:42 GMT+0100 (CET);1572962262000;0.54;119.42;13.6
1438719252742555;20.5;34.1;Tue Nov 05 2019 14:59:35 GMT+0100 (CET);Tue Nov 05 2019 13:59:35 GMT+0100 (CET);1572962375000;0.49;110.18;13.43
1438719252742555;20.5;34.1;Tue Nov 05 2019 15:01:34 GMT+0100 (CET);Tue Nov 05 2019 14:01:34 GMT+0100 (CET);1572962494000;0.44;100.61;13.25
1438719252742555;20.5;34.1;Tue Nov 05 2019 15:03:29 GMT+0100 (CET);Tue Nov 05 2019 14:03:29 GMT+0100 (CET);1572962609000;0.43;97.39;13
1438719252742555;20;34.1;Tue Nov 05 2019 15:05:21 GMT+0100 (CET);Tue Nov 05 2019 14:05:21 GMT+0100 (CET);1572962721000;0.41;94.12;12.78
1438719252742555;20;34.2;Tue Nov 05 2019 15:07:14 GMT+0100 (CET);Tue Nov 05 2019 14:07:14 GMT+0100 (CET);1572962834000;0.4;90.52;12.61
1438719252742555;20;35;Tue Nov 05 2019 15:09:21 GMT+0100 (CET);Tue Nov 05 2019 14:09:21 GMT+0100 (CET);1572962961000;0.47;121.09;12.49
1438719252742555;20;38.4;Tue Nov 05 2019 15:11:14 GMT+0100 (CET);Tue Nov 05 2019 14:11:14 GMT+0100 (CET);1572963074000;0.8;231.29;12.57
1438719252742555;20.5;38.6;Tue Nov 05 2019 15:13:07 GMT+0100 (CET);Tue Nov 05 2019 14:13:07 GMT+0100 (CET);1572963187000;0.66;206.81;12.82
1438719252742555;20.5;39.3;Tue Nov 05 2019 15:15:00 GMT+0100 (CET);Tue Nov 05 2019 14:15:00 GMT+0100 (CET);1572963300000;0.74;257.81;13.01
1438719252742555;20.5;39.8;Tue Nov 05 2019 15:16:54 GMT+0100 (CET);Tue Nov 05 2019 14:16:54 GMT+0100 (CET);1572963414000;0.8;297.92;13.4
1438719252742555;22;39.6;Tue Nov 05 2019 15:19:07 GMT+0100 (CET);Tue Nov 05 2019 14:19:07 GMT+0100 (CET);1572963547000;0.75;266.73;13.87
1438719252742555;22;38.8;Tue Nov 05 2019 15:21:02 GMT+0100 (CET);Tue Nov 05 2019 14:21:02 GMT+0100 (CET);1572963662000;0.54;172.84;14.03
1438719252742555;22;37.3;Tue Nov 05 2019 15:22:55 GMT+0100 (CET);Tue Nov 05 2019 14:22:55 GMT+0100 (CET);1572963775000;0.47;115.63;13.85
1438719252742555;22;36.2;Tue Nov 05 2019 15:24:55 GMT+0100 (CET);Tue Nov 05 2019 14:24:55 GMT+0100 (CET);1572963895000;0.45;112.79;13.52
1438719252742555;22;37.2;Tue Nov 05 2019 15:26:47 GMT+0100 (CET);Tue Nov 05 2019 14:26:47 GMT+0100 (CET);1572964007000;0.44;136.31;13.14
1438719252742555;20.5;39.8;Tue Nov 05 2019 15:28:42 GMT+0100 (CET);Tue Nov 05 2019 14:28:42 GMT+0100 (CET);1572964122000;0.48;230.07;12.98
1438719252742555;20.5;39.8;Tue Nov 05 2019 15:30:35 GMT+0100 (CET);Tue Nov 05 2019 14:30:35 GMT+0100 (CET);1572964235000;0.46;221.97;13.14
1438719252742555;22;40.3;Tue Nov 05 2019 15:32:34 GMT+0100 (CET);Tue Nov 05 2019 14:32:34 GMT+0100 (CET);1572964354000;0.45;225.73;13.35
1438719252742555;22;39.5;Tue Nov 05 2019 15:34:27 GMT+0100 (CET);Tue Nov 05 2019 14:34:27 GMT+0100 (CET);1572964467000;0.4;99.73;13.46
1438719252742555;22;35;Tue Nov 05 2019 15:36:20 GMT+0100 (CET);Tue Nov 05 2019 14:36:20 GMT+0100 (CET);1572964580000;0.38;86.98;13.29
1438719252742555;22;35;Tue Nov 05 2019 15:38:13 GMT+0100 (CET);Tue Nov 05 2019 14:38:13 GMT+0100 (CET);1572964693000;0.37;86.25;13.09
1438719252742555;20;35.6;Tue Nov 05 2019 15:40:33 GMT+0100 (CET);Tue Nov 05 2019 14:40:33 GMT+0100 (CET);1572964833000;0.36;99.64;12.75
1438719252742555;20;35.6;Tue Nov 05 2019 15:42:29 GMT+0100 (CET);Tue Nov 05 2019 14:42:29 GMT+0100 (CET);1572964949000;0.36;151.92;12.51
1438719252742555;20;36.4;Tue Nov 05 2019 15:44:26 GMT+0100 (CET);Tue Nov 05 2019 14:44:26 GMT+0100 (CET);1572965066000;0.33;80.65;12.52
1438719252742555;20;35.4;Tue Nov 05 2019 15:46:19 GMT+0100 (CET);Tue Nov 05 2019 14:46:19 GMT+0100 (CET);1572965179000;0.32;76.3;12.36
1438719252742555;20;37.4;Tue Nov 05 2019 15:48:28 GMT+0100 (CET);Tue Nov 05 2019 14:48:28 GMT+0100 (CET);1572965308000;0.32;72.25;12.14
1438719252742555;20;36.8;Tue Nov 05 2019 15:50:21 GMT+0100 (CET);Tue Nov 05 2019 14:50:21 GMT+0100 (CET);1572965421000;0.31;68.87;12.01
1438719252742555;20;36;Tue Nov 05 2019 15:52:13 GMT+0100 (CET);Tue Nov 05 2019 14:52:13 GMT+0100 (CET);1572965533000;0.29;65.56;11.83
1438719252742555;20;35.8;Tue Nov 05 2019 15:54:14 GMT+0100 (CET);Tue Nov 05 2019 14:54:14 GMT+0100 (CET);1572965654000;0.28;63.48;11.68
1438719252742555;17.4;36.9;Tue Nov 05 2019 15:56:07 GMT+0100 (CET);Tue Nov 05 2019 14:56:07 GMT+0100 (CET);1572965767000;0.27;61.54;11.5
1438719252742555;17.4;38.8;Tue Nov 05 2019 15:58:00 GMT+0100 (CET);Tue Nov 05 2019 14:58:00 GMT+0100 (CET);1572965880000;0.26;59.37;11.37
1438719252742555;17.4;38.8;Tue Nov 05 2019 15:59:56 GMT+0100 (CET);Tue Nov 05 2019 14:59:56 GMT+0100 (CET);1572965996000;0.25;58.32;11.27
1438719252742555;17.4;36.5;Tue Nov 05 2019 16:01:50 GMT+0100 (CET);Tue Nov 05 2019 15:01:50 GMT+0100 (CET);1572966110000;0.24;54.28;11.18
1438719252742555;17.4;38.6;Tue Nov 05 2019 16:03:53 GMT+0100 (CET);Tue Nov 05 2019 15:03:53 GMT+0100 (CET);1572966233000;0.23;53.19;11.07
1438719252742555;17.4;38.7;Tue Nov 05 2019 16:05:46 GMT+0100 (CET);Tue Nov 05 2019 15:05:46 GMT+0100 (CET);1572966346000;0.22;50.76;10.98
1438719252742555;17.4;36.3;Tue Nov 05 2019 16:07:42 GMT+0100 (CET);Tue Nov 05 2019 15:07:42 GMT+0100 (CET);1572966462000;0.2;47.36;10.89
1438719252742555;17.4;33.6;Tue Nov 05 2019 16:09:35 GMT+0100 (CET);Tue Nov 05 2019 15:09:35 GMT+0100 (CET);1572966575000;0.18;46.15;10.82
1438719252742555;17.4;33.4;Tue Nov 05 2019 16:11:27 GMT+0100 (CET);Tue Nov 05 2019 15:11:27 GMT+0100 (CET);1572966687000;0.17;41.95;10.75
1438719252742555;15.9;33.2;Tue Nov 05 2019 16:13:22 GMT+0100 (CET);Tue Nov 05 2019 15:13:22 GMT+0100 (CET);1572966802000;0.16;38.85;10.65
1438719252742555;15.9;33;Tue Nov 05 2019 16:15:14 GMT+0100 (CET);Tue Nov 05 2019 15:15:14 GMT+0100 (CET);1572966914000;0.16;37.44;10.6
1438719252742555;15.9;32.5;Tue Nov 05 2019 16:17:07 GMT+0100 (CET);Tue Nov 05 2019 15:17:07 GMT+0100 (CET);1572967027000;0.15;34.17;10.51
1438719252742555;14.4;32.3;Tue Nov 05 2019 16:19:15 GMT+0100 (CET);Tue Nov 05 2019 15:19:15 GMT+0100 (CET);1572967155000;0.14;31.54;10.42
1438719252742555;14.4;31.9;Tue Nov 05 2019 16:21:10 GMT+0100 (CET);Tue Nov 05 2019 15:21:10 GMT+0100 (CET);1572967270000;0.12;27.9;10.34
1438719252742555;13.9;31.8;Tue Nov 05 2019 16:23:04 GMT+0100 (CET);Tue Nov 05 2019 15:23:04 GMT+0100 (CET);1572967384000;0.11;24.28;10.24
1438719252742555;13.9;31.4;Tue Nov 05 2019 16:24:57 GMT+0100 (CET);Tue Nov 05 2019 15:24:57 GMT+0100 (CET);1572967497000;0.09;20.89;10.16
1438719252742555;13.9;31.1;Tue Nov 05 2019 16:26:50 GMT+0100 (CET);Tue Nov 05 2019 15:26:50 GMT+0100 (CET);1572967610000;0.08;18.78;10.07
1438719252742555;13.9;30.6;Tue Nov 05 2019 16:28:44 GMT+0100 (CET);Tue Nov 05 2019 15:28:44 GMT+0100 (CET);1572967724000;0.07;16.32;10.02
1438719252742555;13.9;30.4;Tue Nov 05 2019 16:30:37 GMT+0100 (CET);Tue Nov 05 2019 15:30:37 GMT+0100 (CET);1572967837000;0;12.84;9.95
1438719252742555;11.9;30;Tue Nov 05 2019 16:32:30 GMT+0100 (CET);Tue Nov 05 2019 15:32:30 GMT+0100 (CET);1572967950000;0;11.29;9.89
1438719252742555;11.9;29.3;Tue Nov 05 2019 16:34:23 GMT+0100 (CET);Tue Nov 05 2019 15:34:23 GMT+0100 (CET);1572968063000;0;9.24;9.76
1438719252742555;11.9;29.3;Tue Nov 05 2019 16:36:17 GMT+0100 (CET);Tue Nov 05 2019 15:36:17 GMT+0100 (CET);1572968177000;0;8.22;9.7
1438719252742555;11.9;28.3;Tue Nov 05 2019 16:38:12 GMT+0100 (CET);Tue Nov 05 2019 15:38:12 GMT+0100 (CET);1572968292000;0;7.15;9.64
1438719252742555;11.9;27.4;Tue Nov 05 2019 16:40:07 GMT+0100 (CET);Tue Nov 05 2019 15:40:07 GMT+0100 (CET);1572968407000;0;5.67;9.51
1438719252742555;9.9;26.9;Tue Nov 05 2019 16:42:06 GMT+0100 (CET);Tue Nov 05 2019 15:42:06 GMT+0100 (CET);1572968526000;0;4.34;9.39
1438719252742555;9.9;33.3;Tue Nov 05 2019 16:43:59 GMT+0100 (CET);Tue Nov 05 2019 15:43:59 GMT+0100 (CET);1572968639000;0;3.16;9.29
1438719252742555;9.9;32.2;Tue Nov 05 2019 16:45:52 GMT+0100 (CET);Tue Nov 05 2019 15:45:52 GMT+0100 (CET);1572968752000;0;2.16;9.14
1438719252742555;11.9;31.1;Tue Nov 05 2019 16:47:47 GMT+0100 (CET);Tue Nov 05 2019 15:47:47 GMT+0100 (CET);1572968867000;0;1.39;8.99
1438719252742555;11.9;29.5;Tue Nov 05 2019 16:49:51 GMT+0100 (CET);Tue Nov 05 2019 15:49:51 GMT+0100 (CET);1572968991000;0;0.99;8.8
1438719252742555;9.9;29;Tue Nov 05 2019 16:51:44 GMT+0100 (CET);Tue Nov 05 2019 15:51:44 GMT+0100 (CET);1572969104000;0;0.47;8.66
1438719252742555;9.9;22.2;Tue Nov 05 2019 16:53:36 GMT+0100 (CET);Tue Nov 05 2019 15:53:36 GMT+0100 (CET);1572969216000;0;-0.01;8.5
1438719252742555;9.9;22.2;Tue Nov 05 2019 16:55:30 GMT+0100 (CET);Tue Nov 05 2019 15:55:30 GMT+0100 (CET);1572969330000;0;-0.01;8.35
1438719252742555;9.9;22.2;Tue Nov 05 2019 16:57:36 GMT+0100 (CET);Tue Nov 05 2019 15:57:36 GMT+0100 (CET);1572969456000;0;-0.01;8.25
1438719252742555;3.8;32.6;Wed Nov 06 2019 07:13:08 GMT+0100 (CET);Wed Nov 06 2019 06:13:08 GMT+0100 (CET);1573020788000;0;6.78;5.25
1438719252742555;3.8;33.7;Wed Nov 06 2019 07:15:06 GMT+0100 (CET);Wed Nov 06 2019 06:15:06 GMT+0100 (CET);1573020906000;0;8.87;5.33
1438719252742555;3.8;34.8;Wed Nov 06 2019 07:16:58 GMT+0100 (CET);Wed Nov 06 2019 06:16:58 GMT+0100 (CET);1573021018000;0;11;5.45
1438719252742555;3.8;26.1;Wed Nov 06 2019 07:18:51 GMT+0100 (CET);Wed Nov 06 2019 06:18:51 GMT+0100 (CET);1573021131000;0;11.68;5.55
1438719252742555;3.8;25.7;Wed Nov 06 2019 07:20:47 GMT+0100 (CET);Wed Nov 06 2019 06:20:47 GMT+0100 (CET);1573021247000;0;12.49;5.63
1438719252742555;3.8;26.1;Wed Nov 06 2019 07:23:02 GMT+0100 (CET);Wed Nov 06 2019 06:23:02 GMT+0100 (CET);1573021382000;0;13.03;5.74
1438719252742555;3.8;26.1;Wed Nov 06 2019 07:24:57 GMT+0100 (CET);Wed Nov 06 2019 06:24:57 GMT+0100 (CET);1573021497000;0;12.99;5.78
1438719252742555;4.3;27;Wed Nov 06 2019 07:26:53 GMT+0100 (CET);Wed Nov 06 2019 06:26:53 GMT+0100 (CET);1573021613000;0;12.62;5.8
1438719252742555;4.3;27.5;Wed Nov 06 2019 07:28:46 GMT+0100 (CET);Wed Nov 06 2019 06:28:46 GMT+0100 (CET);1573021726000;0;12.98;5.82
1438719252742555;5.9;27.6;Wed Nov 06 2019 07:30:42 GMT+0100 (CET);Wed Nov 06 2019 06:30:42 GMT+0100 (CET);1573021842000;0.06;13.97;5.85
1438719252742555;5.9;27.5;Wed Nov 06 2019 07:32:35 GMT+0100 (CET);Wed Nov 06 2019 06:32:35 GMT+0100 (CET);1573021955000;0.06;15.56;5.88
1438719252742555;5.9;27.9;Wed Nov 06 2019 07:34:28 GMT+0100 (CET);Wed Nov 06 2019 06:34:28 GMT+0100 (CET);1573022068000;0.07;16.71;5.92
1438719252742555;6.4;29.3;Wed Nov 06 2019 07:36:21 GMT+0100 (CET);Wed Nov 06 2019 06:36:21 GMT+0100 (CET);1573022181000;0.07;17.42;5.95
1438719252742555;6.4;29.3;Wed Nov 06 2019 07:38:36 GMT+0100 (CET);Wed Nov 06 2019 06:38:36 GMT+0100 (CET);1573022316000;0.08;18.59;6
1438719252742555;7.9;29.6;Wed Nov 06 2019 07:40:29 GMT+0100 (CET);Wed Nov 06 2019 06:40:29 GMT+0100 (CET);1573022429000;0.07;17.45;6.03
1438719252742555;7.9;29.8;Wed Nov 06 2019 07:42:21 GMT+0100 (CET);Wed Nov 06 2019 06:42:21 GMT+0100 (CET);1573022541000;0.07;16.99;6.06
1438719252742555;7.9;29.6;Wed Nov 06 2019 07:44:15 GMT+0100 (CET);Wed Nov 06 2019 06:44:15 GMT+0100 (CET);1573022655000;0.07;16.08;6.08
1438719252742555;7.9;29.8;Wed Nov 06 2019 07:46:15 GMT+0100 (CET);Wed Nov 06 2019 06:46:15 GMT+0100 (CET);1573022775000;0.07;17.67;6.1
1438719252742555;7.9;29.9;Wed Nov 06 2019 07:48:08 GMT+0100 (CET);Wed Nov 06 2019 06:48:08 GMT+0100 (CET);1573022888000;0.08;19.27;6.1
1438719252742555;7.9;30.8;Wed Nov 06 2019 07:50:01 GMT+0100 (CET);Wed Nov 06 2019 06:50:01 GMT+0100 (CET);1573023001000;0.09;20.46;6.1
1438719252742555;7.9;30.8;Wed Nov 06 2019 07:51:54 GMT+0100 (CET);Wed Nov 06 2019 06:51:54 GMT+0100 (CET);1573023114000;0.09;20.43;6.12
1438719252742555;7.9;30.7;Wed Nov 06 2019 07:54:17 GMT+0100 (CET);Wed Nov 06 2019 06:54:17 GMT+0100 (CET);1573023257000;0.08;19.02;6.14
1438719252742555;8.4;30.5;Wed Nov 06 2019 07:56:10 GMT+0100 (CET);Wed Nov 06 2019 06:56:10 GMT+0100 (CET);1573023370000;0.08;18.23;6.17
1438719252742555;8.4;30;Wed Nov 06 2019 07:58:04 GMT+0100 (CET);Wed Nov 06 2019 06:58:04 GMT+0100 (CET);1573023484000;0.08;18.94;6.21
1438719252742555;8.4;30;Wed Nov 06 2019 07:59:57 GMT+0100 (CET);Wed Nov 06 2019 06:59:57 GMT+0100 (CET);1573023597000;0.09;19.91;6.24
1438719252742555;8.4;30.3;Wed Nov 06 2019 08:01:50 GMT+0100 (CET);Wed Nov 06 2019 07:01:50 GMT+0100 (CET);1573023710000;0.09;20.25;6.28
1438719252742555;8.4;30.5;Wed Nov 06 2019 08:03:43 GMT+0100 (CET);Wed Nov 06 2019 07:03:43 GMT+0100 (CET);1573023823000;0.09;20.06;6.29
1438719252742555;8.4;30.3;Wed Nov 06 2019 08:05:36 GMT+0100 (CET);Wed Nov 06 2019 07:05:36 GMT+0100 (CET);1573023936000;0.09;20.94;6.33
1438719252742555;8.4;30.6;Wed Nov 06 2019 08:07:29 GMT+0100 (CET);Wed Nov 06 2019 07:07:29 GMT+0100 (CET);1573024049000;0.1;23.03;6.36
1438719252742555;8.4;31;Wed Nov 06 2019 08:09:44 GMT+0100 (CET);Wed Nov 06 2019 07:09:44 GMT+0100 (CET);1573024184000;0.11;26.41;6.39
1438719252742555;8.4;31.3;Wed Nov 06 2019 08:11:37 GMT+0100 (CET);Wed Nov 06 2019 07:11:37 GMT+0100 (CET);1573024297000;0.13;30.01;6.41
1438719252742555;8.4;31.8;Wed Nov 06 2019 08:13:29 GMT+0100 (CET);Wed Nov 06 2019 07:13:29 GMT+0100 (CET);1573024409000;0.14;32.75;6.45
1438719252742555;8.4;31.8;Wed Nov 06 2019 08:15:22 GMT+0100 (CET);Wed Nov 06 2019 07:15:22 GMT+0100 (CET);1573024522000;0.17;37.58;6.48
1438719252742555;8.4;32;Wed Nov 06 2019 08:17:22 GMT+0100 (CET);Wed Nov 06 2019 07:17:22 GMT+0100 (CET);1573024642000;0.21;44.83;6.52
1438719252742555;9.9;33;Wed Nov 06 2019 08:19:15 GMT+0100 (CET);Wed Nov 06 2019 07:19:15 GMT+0100 (CET);1573024755000;0.21;45.59;6.6
1438719252742555;9.9;33.2;Wed Nov 06 2019 08:21:33 GMT+0100 (CET);Wed Nov 06 2019 07:21:33 GMT+0100 (CET);1573024893000;0.21;45.64;6.64
1438719252742555;10.4;33.1;Wed Nov 06 2019 08:23:26 GMT+0100 (CET);Wed Nov 06 2019 07:23:26 GMT+0100 (CET);1573025006000;0.21;48.45;6.69
1438719252742555;10.4;33.2;Wed Nov 06 2019 08:25:21 GMT+0100 (CET);Wed Nov 06 2019 07:25:21 GMT+0100 (CET);1573025121000;0.23;50.45;6.72
1438719252742555;10.4;33.3;Wed Nov 06 2019 08:27:14 GMT+0100 (CET);Wed Nov 06 2019 07:27:14 GMT+0100 (CET);1573025234000;0.24;52.48;6.75
1438719252742555;10.4;33.5;Wed Nov 06 2019 08:29:06 GMT+0100 (CET);Wed Nov 06 2019 07:29:06 GMT+0100 (CET);1573025346000;0.24;53.81;6.77
1438719252742555;10.4;33.4;Wed Nov 06 2019 08:31:01 GMT+0100 (CET);Wed Nov 06 2019 07:31:01 GMT+0100 (CET);1573025461000;0.24;53.6;6.82
1438719252742555;10.4;33.3;Wed Nov 06 2019 08:33:07 GMT+0100 (CET);Wed Nov 06 2019 07:33:07 GMT+0100 (CET);1573025587000;0.27;59.06;6.86
1438719252742555;10.4;33.4;Wed Nov 06 2019 08:35:00 GMT+0100 (CET);Wed Nov 06 2019 07:35:00 GMT+0100 (CET);1573025700000;0.3;65.1;6.9
1438719252742555;10.4;33.5;Wed Nov 06 2019 08:36:53 GMT+0100 (CET);Wed Nov 06 2019 07:36:53 GMT+0100 (CET);1573025813000;0.32;69.15;6.96
1438719252742555;11.9;33.7;Wed Nov 06 2019 08:38:46 GMT+0100 (CET);Wed Nov 06 2019 07:38:46 GMT+0100 (CET);1573025926000;0.35;77.06;7.04
1438719252742555;11.9;34;Wed Nov 06 2019 08:40:43 GMT+0100 (CET);Wed Nov 06 2019 07:40:43 GMT+0100 (CET);1573026043000;0.36;77.82;7.12
1438719252742555;11.9;33.9;Wed Nov 06 2019 08:42:35 GMT+0100 (CET);Wed Nov 06 2019 07:42:35 GMT+0100 (CET);1573026155000;0.34;75.72;7.16
1438719252742555;11.9;33.8;Wed Nov 06 2019 08:44:28 GMT+0100 (CET);Wed Nov 06 2019 07:44:28 GMT+0100 (CET);1573026268000;0.37;82.02;7.21
1438719252742555;11.9;33.2;Wed Nov 06 2019 08:46:23 GMT+0100 (CET);Wed Nov 06 2019 07:46:23 GMT+0100 (CET);1573026383000;0.43;97.39;7.28
1438719252742555;11.9;33.3;Wed Nov 06 2019 08:48:30 GMT+0100 (CET);Wed Nov 06 2019 07:48:30 GMT+0100 (CET);1573026510000;0.51;114.9;7.37
1438719252742555;11.9;35.4;Wed Nov 06 2019 08:50:23 GMT+0100 (CET);Wed Nov 06 2019 07:50:23 GMT+0100 (CET);1573026623000;0.55;126.51;7.45
1438719252742555;12.4;35.8;Wed Nov 06 2019 08:52:15 GMT+0100 (CET);Wed Nov 06 2019 07:52:15 GMT+0100 (CET);1573026735000;0.6;139.36;7.53
1438719252742555;12.4;28;Wed Nov 06 2019 08:54:16 GMT+0100 (CET);Wed Nov 06 2019 07:54:16 GMT+0100 (CET);1573026856000;0.7;198.71;7.69
1438719252742555;9.9;26.6;Wed Nov 06 2019 08:56:14 GMT+0100 (CET);Wed Nov 06 2019 07:56:14 GMT+0100 (CET);1573026974000;1.79;381.43;8.02
1438719252742555;9.9;25;Wed Nov 06 2019 08:58:07 GMT+0100 (CET);Wed Nov 06 2019 07:58:07 GMT+0100 (CET);1573027087000;1.59;355.83;8.65
1438719252742555;9.9;34.2;Wed Nov 06 2019 09:00:00 GMT+0100 (CET);Wed Nov 06 2019 08:00:00 GMT+0100 (CET);1573027200000;0.8;189.18;8.85
1438719252742555;12.4;35.8;Wed Nov 06 2019 09:01:57 GMT+0100 (CET);Wed Nov 06 2019 08:01:57 GMT+0100 (CET);1573027317000;0.78;179.76;8.83
1438719252742555;12.4;34.4;Wed Nov 06 2019 09:04:28 GMT+0100 (CET);Wed Nov 06 2019 08:04:28 GMT+0100 (CET);1573027468000;1.19;280;8.8
1438719252742555;13.9;25.9;Wed Nov 06 2019 09:06:21 GMT+0100 (CET);Wed Nov 06 2019 08:06:21 GMT+0100 (CET);1573027581000;1.43;332.79;9.07
1438719252742555;13.9;28.9;Wed Nov 06 2019 09:08:18 GMT+0100 (CET);Wed Nov 06 2019 08:08:18 GMT+0100 (CET);1573027698000;1.31;363.51;9.33
1438719252742555;12.4;25.2;Wed Nov 06 2019 09:10:11 GMT+0100 (CET);Wed Nov 06 2019 08:10:11 GMT+0100 (CET);1573027811000;1.01;221.39;9.59
1438719252742555;12.4;35.4;Wed Nov 06 2019 09:12:04 GMT+0100 (CET);Wed Nov 06 2019 08:12:04 GMT+0100 (CET);1573027924000;0.73;167.25;9.62
1438719252742555;12.4;35.1;Wed Nov 06 2019 09:13:57 GMT+0100 (CET);Wed Nov 06 2019 08:13:57 GMT+0100 (CET);1573028037000;0.74;171.13;9.46
1438719252742555;16.4;35.4;Wed Nov 06 2019 09:15:50 GMT+0100 (CET);Wed Nov 06 2019 08:15:50 GMT+0100 (CET);1573028150000;0.71;156.75;9.29
1438719252742555;16.4;34.9;Wed Nov 06 2019 09:17:42 GMT+0100 (CET);Wed Nov 06 2019 08:17:42 GMT+0100 (CET);1573028262000;0.58;138.18;9.17
1438719252742555;16.4;34.8;Wed Nov 06 2019 09:19:59 GMT+0100 (CET);Wed Nov 06 2019 08:19:59 GMT+0100 (CET);1573028399000;0.58;139.47;8.96
1438719252742555;16.4;34.8;Wed Nov 06 2019 09:21:56 GMT+0100 (CET);Wed Nov 06 2019 08:21:56 GMT+0100 (CET);1573028516000;0.58;135.48;8.84
1438719252742555;16.4;35.2;Wed Nov 06 2019 09:23:49 GMT+0100 (CET);Wed Nov 06 2019 08:23:49 GMT+0100 (CET);1573028629000;0.59;135.75;8.78
1438719252742555;16.4;35.2;Wed Nov 06 2019 09:25:42 GMT+0100 (CET);Wed Nov 06 2019 08:25:42 GMT+0100 (CET);1573028742000;0.59;138.08;8.71
1438719252742555;16.4;35.3;Wed Nov 06 2019 09:27:36 GMT+0100 (CET);Wed Nov 06 2019 08:27:36 GMT+0100 (CET);1573028856000;0.62;142.79;8.67
1438719252742555;16.4;35.4;Wed Nov 06 2019 09:29:29 GMT+0100 (CET);Wed Nov 06 2019 08:29:29 GMT+0100 (CET);1573028969000;0.7;160.11;8.69
1438719252742555;16.4;35.6;Wed Nov 06 2019 09:31:21 GMT+0100 (CET);Wed Nov 06 2019 08:31:21 GMT+0100 (CET);1573029081000;0.77;171.77;8.79
1438719252742555;16.4;35.7;Wed Nov 06 2019 09:33:14 GMT+0100 (CET);Wed Nov 06 2019 08:33:14 GMT+0100 (CET);1573029194000;0.75;166.24;8.92
1438719252742555;16.4;35.6;Wed Nov 06 2019 09:35:20 GMT+0100 (CET);Wed Nov 06 2019 08:35:20 GMT+0100 (CET);1573029320000;0.63;138.82;8.95
1438719252742555;16.4;35.3;Wed Nov 06 2019 09:37:13 GMT+0100 (CET);Wed Nov 06 2019 08:37:13 GMT+0100 (CET);1573029433000;0.55;126.82;8.96
1438719252742555;16.4;35.1;Wed Nov 06 2019 09:39:08 GMT+0100 (CET);Wed Nov 06 2019 08:39:08 GMT+0100 (CET);1573029548000;0.51;113.93;8.94
1438719252742555;16.4;34.3;Wed Nov 06 2019 09:41:02 GMT+0100 (CET);Wed Nov 06 2019 08:41:02 GMT+0100 (CET);1573029662000;0.51;114.46;8.91
1438719252742555;16.4;34.5;Wed Nov 06 2019 09:42:55 GMT+0100 (CET);Wed Nov 06 2019 08:42:55 GMT+0100 (CET);1573029775000;0.57;124.15;8.87
1438719252742555;16.4;35.1;Wed Nov 06 2019 09:44:48 GMT+0100 (CET);Wed Nov 06 2019 08:44:48 GMT+0100 (CET);1573029888000;0.63;135.74;8.89
1438719252742555;16.4;35.2;Wed Nov 06 2019 09:46:41 GMT+0100 (CET);Wed Nov 06 2019 08:46:41 GMT+0100 (CET);1573030001000;0.66;143.09;8.99
1438719252742555;15.9;35.3;Wed Nov 06 2019 09:48:35 GMT+0100 (CET);Wed Nov 06 2019 08:48:35 GMT+0100 (CET);1573030115000;0.67;145.72;9.07
1438719252742555;15.9;35.3;Wed Nov 06 2019 09:51:00 GMT+0100 (CET);Wed Nov 06 2019 08:51:00 GMT+0100 (CET);1573030260000;0.73;164.15;9.24
1438719252742555;15.9;35.6;Wed Nov 06 2019 09:52:54 GMT+0100 (CET);Wed Nov 06 2019 08:52:54 GMT+0100 (CET);1573030374000;0.85;187.72;9.38
1438719252742555;16.4;35.8;Wed Nov 06 2019 09:54:48 GMT+0100 (CET);Wed Nov 06 2019 08:54:48 GMT+0100 (CET);1573030488000;0.87;191.61;9.44
1438719252742555;16.4;35.8;Wed Nov 06 2019 09:56:40 GMT+0100 (CET);Wed Nov 06 2019 08:56:40 GMT+0100 (CET);1573030600000;0.92;213.82;9.55
1438719252742555;16.4;35.4;Wed Nov 06 2019 09:58:36 GMT+0100 (CET);Wed Nov 06 2019 08:58:36 GMT+0100 (CET);1573030716000;2.46;647.67;9.73
1438719252742555;16.4;36.5;Wed Nov 06 2019 10:00:29 GMT+0100 (CET);Wed Nov 06 2019 09:00:29 GMT+0100 (CET);1573030829000;2.61;614.39;10.43
1438719252742555;16.4;34.3;Wed Nov 06 2019 10:02:22 GMT+0100 (CET);Wed Nov 06 2019 09:02:22 GMT+0100 (CET);1573030942000;1.11;281.92;10.97
1438719252742555;17.4;30.3;Wed Nov 06 2019 10:04:18 GMT+0100 (CET);Wed Nov 06 2019 09:04:18 GMT+0100 (CET);1573031058000;0.61;148.03;10.99
1438719252742555;17.4;34.1;Wed Nov 06 2019 10:06:31 GMT+0100 (CET);Wed Nov 06 2019 09:06:31 GMT+0100 (CET);1573031191000;0.69;152.68;10.75
1438719252742555;17.4;35;Wed Nov 06 2019 10:08:39 GMT+0100 (CET);Wed Nov 06 2019 09:08:39 GMT+0100 (CET);1573031319000;0.9;196.25;10.56
1438719252742555;17.4;34.7;Wed Nov 06 2019 10:10:31 GMT+0100 (CET);Wed Nov 06 2019 09:10:31 GMT+0100 (CET);1573031431000;0.79;172.52;10.43
1438719252742555;17.4;35.2;Wed Nov 06 2019 10:12:24 GMT+0100 (CET);Wed Nov 06 2019 09:12:24 GMT+0100 (CET);1573031544000;2.25;506.87;10.46
1438719252742555;17.4;36.2;Wed Nov 06 2019 10:14:16 GMT+0100 (CET);Wed Nov 06 2019 09:14:16 GMT+0100 (CET);1573031656000;0.9;188.35;10.83
1438719252742555;17.4;34.5;Wed Nov 06 2019 10:16:09 GMT+0100 (CET);Wed Nov 06 2019 09:16:09 GMT+0100 (CET);1573031769000;0.72;158.08;10.8
1438719252742555;20;34.2;Wed Nov 06 2019 10:18:02 GMT+0100 (CET);Wed Nov 06 2019 09:18:02 GMT+0100 (CET);1573031882000;0.51;106.73;10.55
1438719252742555;20;33.8;Wed Nov 06 2019 10:19:55 GMT+0100 (CET);Wed Nov 06 2019 09:19:55 GMT+0100 (CET);1573031995000;0.75;155.24;10.4
1438719252742555;20;35;Wed Nov 06 2019 10:22:06 GMT+0100 (CET);Wed Nov 06 2019 09:22:06 GMT+0100 (CET);1573032126000;0.89;184.82;10.36
1438719252742555;20;34.8;Wed Nov 06 2019 10:23:59 GMT+0100 (CET);Wed Nov 06 2019 09:23:59 GMT+0100 (CET);1573032239000;0.57;115.54;10.42
1438719252742555;20;34;Wed Nov 06 2019 10:25:52 GMT+0100 (CET);Wed Nov 06 2019 09:25:52 GMT+0100 (CET);1573032352000;0.43;92.04;10.37
1438719252742555;17.4;33.6;Wed Nov 06 2019 10:27:45 GMT+0100 (CET);Wed Nov 06 2019 09:27:45 GMT+0100 (CET);1573032465000;0.47;99.72;10.25
1438719252742555;17.4;33.9;Wed Nov 06 2019 10:29:38 GMT+0100 (CET);Wed Nov 06 2019 09:29:38 GMT+0100 (CET);1573032578000;0.47;99.56;10.15
1438719252742555;17.4;33.8;Wed Nov 06 2019 10:31:31 GMT+0100 (CET);Wed Nov 06 2019 09:31:31 GMT+0100 (CET);1573032691000;0.41;87.41;10.03
1438719252742555;17.4;33.5;Wed Nov 06 2019 10:33:23 GMT+0100 (CET);Wed Nov 06 2019 09:33:23 GMT+0100 (CET);1573032803000;0.45;95.42;10
1438719252742555;17.4;34.1;Wed Nov 06 2019 10:35:16 GMT+0100 (CET);Wed Nov 06 2019 09:35:16 GMT+0100 (CET);1573032916000;0.47;102.84;9.98
1438719252742555;17.4;34.5;Wed Nov 06 2019 10:38:00 GMT+0100 (CET);Wed Nov 06 2019 09:38:00 GMT+0100 (CET);1573033080000;0.6;126.07;9.98
1438719252742555;17.4;34.6;Wed Nov 06 2019 10:39:52 GMT+0100 (CET);Wed Nov 06 2019 09:39:52 GMT+0100 (CET);1573033192000;0.63;130.42;10.08
1438719252742555;16.4;34.5;Wed Nov 06 2019 10:41:45 GMT+0100 (CET);Wed Nov 06 2019 09:41:45 GMT+0100 (CET);1573033305000;0.57;118.42;10.19
1438719252742555;16.4;34.3;Wed Nov 06 2019 10:43:38 GMT+0100 (CET);Wed Nov 06 2019 09:43:38 GMT+0100 (CET);1573033418000;0.53;109.35;10.21
1438719252742555;16.4;34.3;Wed Nov 06 2019 10:45:34 GMT+0100 (CET);Wed Nov 06 2019 09:45:34 GMT+0100 (CET);1573033534000;0.49;103.2;10.18
1438719252742555;16.4;34.4;Wed Nov 06 2019 10:47:28 GMT+0100 (CET);Wed Nov 06 2019 09:47:28 GMT+0100 (CET);1573033648000;0.64;136.16;10.13
1438719252742555;16.4;35.1;Wed Nov 06 2019 10:49:21 GMT+0100 (CET);Wed Nov 06 2019 09:49:21 GMT+0100 (CET);1573033761000;0.67;140.99;10.06
1438719252742555;16.4;35.4;Wed Nov 06 2019 10:51:14 GMT+0100 (CET);Wed Nov 06 2019 09:51:14 GMT+0100 (CET);1573033874000;0.68;141.28;10.02
1438719252742555;16.4;35.1;Wed Nov 06 2019 10:53:11 GMT+0100 (CET);Wed Nov 06 2019 09:53:11 GMT+0100 (CET);1573033991000;0.69;144.9;10.02
1438719252742555;16.4;35.2;Wed Nov 06 2019 10:55:08 GMT+0100 (CET);Wed Nov 06 2019 09:55:08 GMT+0100 (CET);1573034108000;0.56;116.14;9.96
1438719252742555;16.4;34.8;Wed Nov 06 2019 10:57:03 GMT+0100 (CET);Wed Nov 06 2019 09:57:03 GMT+0100 (CET);1573034223000;0.39;83.86;9.92
1438719252742555;16.4;34.2;Wed Nov 06 2019 10:58:56 GMT+0100 (CET);Wed Nov 06 2019 09:58:56 GMT+0100 (CET);1573034336000;0.46;96.89;9.83
1438719252742555;16.4;34.3;Wed Nov 06 2019 11:00:49 GMT+0100 (CET);Wed Nov 06 2019 10:00:49 GMT+0100 (CET);1573034449000;0.5;103.16;9.75
1438719252742555;16.4;34.3;Wed Nov 06 2019 11:02:42 GMT+0100 (CET);Wed Nov 06 2019 10:02:42 GMT+0100 (CET);1573034562000;0.46;94.64;9.71
1438719252742555;16.4;34.4;Wed Nov 06 2019 11:04:34 GMT+0100 (CET);Wed Nov 06 2019 10:04:34 GMT+0100 (CET);1573034674000;0.47;95.98;9.67
1438719252742555;15.9;34.2;Wed Nov 06 2019 11:06:27 GMT+0100 (CET);Wed Nov 06 2019 10:06:27 GMT+0100 (CET);1573034787000;0.42;85.86;9.63
1438719252742555;15.9;34.1;Wed Nov 06 2019 11:08:49 GMT+0100 (CET);Wed Nov 06 2019 10:08:49 GMT+0100 (CET);1573034929000;0.52;105.88;9.63
1438719252742555;15.9;34.5;Wed Nov 06 2019 11:10:42 GMT+0100 (CET);Wed Nov 06 2019 10:10:42 GMT+0100 (CET);1573035042000;0.38;75.49;9.66
1438719252742555;15.9;33.9;Wed Nov 06 2019 11:12:36 GMT+0100 (CET);Wed Nov 06 2019 10:12:36 GMT+0100 (CET);1573035156000;0.34;73.13;9.67
1438719252742555;15.9;33.9;Wed Nov 06 2019 11:14:29 GMT+0100 (CET);Wed Nov 06 2019 10:14:29 GMT+0100 (CET);1573035269000;0.46;93.74;9.73
1438719252742555;15.9;34.3;Wed Nov 06 2019 11:16:26 GMT+0100 (CET);Wed Nov 06 2019 10:16:26 GMT+0100 (CET);1573035386000;0.53;111.59;9.8
1438719252742555;15.9;34.7;Wed Nov 06 2019 11:18:19 GMT+0100 (CET);Wed Nov 06 2019 10:18:19 GMT+0100 (CET);1573035499000;0.57;119.87;9.91
1438719252742555;15.9;34.7;Wed Nov 06 2019 11:20:12 GMT+0100 (CET);Wed Nov 06 2019 10:20:12 GMT+0100 (CET);1573035612000;0.6;128.76;9.96
1438719252742555;15.9;35.1;Wed Nov 06 2019 11:22:13 GMT+0100 (CET);Wed Nov 06 2019 10:22:13 GMT+0100 (CET);1573035733000;0.65;141.47;10.09
1438719252742555;15.9;35.2;Wed Nov 06 2019 11:24:26 GMT+0100 (CET);Wed Nov 06 2019 10:24:26 GMT+0100 (CET);1573035866000;0.68;144.03;10.25
1438719252742555;15.9;35.2;Wed Nov 06 2019 11:26:21 GMT+0100 (CET);Wed Nov 06 2019 10:26:21 GMT+0100 (CET);1573035981000;0.72;154.98;10.38
1438719252742555;15.9;35.4;Wed Nov 06 2019 11:28:15 GMT+0100 (CET);Wed Nov 06 2019 10:28:15 GMT+0100 (CET);1573036095000;0.84;179.06;10.52
1438719252742555;15.9;35.4;Wed Nov 06 2019 11:30:08 GMT+0100 (CET);Wed Nov 06 2019 10:30:08 GMT+0100 (CET);1573036208000;0.78;166.97;10.65
1438719252742555;15.9;34.8;Wed Nov 06 2019 11:32:15 GMT+0100 (CET);Wed Nov 06 2019 10:32:15 GMT+0100 (CET);1573036335000;0.6;125.32;10.84
1438719252742555;16.4;34.3;Wed Nov 06 2019 11:34:10 GMT+0100 (CET);Wed Nov 06 2019 10:34:10 GMT+0100 (CET);1573036450000;0.51;109.46;10.9
1438719252742555;16.4;34.1;Wed Nov 06 2019 11:36:03 GMT+0100 (CET);Wed Nov 06 2019 10:36:03 GMT+0100 (CET);1573036563000;0.47;98.78;10.96
1438719252742555;16.4;33.8;Wed Nov 06 2019 11:37:56 GMT+0100 (CET);Wed Nov 06 2019 10:37:56 GMT+0100 (CET);1573036676000;0.44;89.41;10.92
1438719252742555;16.4;33.6;Wed Nov 06 2019 11:39:51 GMT+0100 (CET);Wed Nov 06 2019 10:39:51 GMT+0100 (CET);1573036791000;0.32;68.02;10.87
1438719252742555;16.4;33.3;Wed Nov 06 2019 11:41:44 GMT+0100 (CET);Wed Nov 06 2019 10:41:44 GMT+0100 (CET);1573036904000;0.29;60.86;10.8
1438719252742555;16.4;33;Wed Nov 06 2019 11:43:39 GMT+0100 (CET);Wed Nov 06 2019 10:43:39 GMT+0100 (CET);1573037019000;0.3;63.66;10.72
1438719252742555;16.4;33.2;Wed Nov 06 2019 11:45:32 GMT+0100 (CET);Wed Nov 06 2019 10:45:32 GMT+0100 (CET);1573037132000;0.28;60.14;10.65
1438719252742555;16.4;33.3;Wed Nov 06 2019 11:47:27 GMT+0100 (CET);Wed Nov 06 2019 10:47:27 GMT+0100 (CET);1573037247000;0.32;67.18;10.6
1438719252742555;15.9;33.5;Wed Nov 06 2019 11:49:20 GMT+0100 (CET);Wed Nov 06 2019 10:49:20 GMT+0100 (CET);1573037360000;0.32;65.57;10.5
1438719252742555;15.9;33.4;Wed Nov 06 2019 11:51:13 GMT+0100 (CET);Wed Nov 06 2019 10:51:13 GMT+0100 (CET);1573037473000;0.31;68.02;10.4
1438719252742555;15.9;33.7;Wed Nov 06 2019 11:53:06 GMT+0100 (CET);Wed Nov 06 2019 10:53:06 GMT+0100 (CET);1573037586000;0.49;101.73;10.39
1438719252742555;15.9;34.4;Wed Nov 06 2019 11:55:31 GMT+0100 (CET);Wed Nov 06 2019 10:55:31 GMT+0100 (CET);1573037731000;0.56;114.98;10.46
1438719252742555;15.9;34.4;Wed Nov 06 2019 11:57:24 GMT+0100 (CET);Wed Nov 06 2019 10:57:24 GMT+0100 (CET);1573037844000;0.41;85.32;10.49
1438719252742555;15.9;33.9;Wed Nov 06 2019 11:59:17 GMT+0100 (CET);Wed Nov 06 2019 10:59:17 GMT+0100 (CET);1573037957000;0.39;77.76;10.43
1438719252742555;15.9;33.7;Wed Nov 06 2019 12:01:10 GMT+0100 (CET);Wed Nov 06 2019 11:01:10 GMT+0100 (CET);1573038070000;0.3;60.23;10.37
1438719252742555;15.9;33.4;Wed Nov 06 2019 12:03:05 GMT+0100 (CET);Wed Nov 06 2019 11:03:05 GMT+0100 (CET);1573038185000;0.17;35.4;10.17
1438719252742555;15.9;32.2;Wed Nov 06 2019 12:04:58 GMT+0100 (CET);Wed Nov 06 2019 11:04:58 GMT+0100 (CET);1573038298000;0.2;41.15;9.79
1438719252742555;15.9;32.6;Wed Nov 06 2019 12:06:41 GMT+0100 (CET);Wed Nov 06 2019 11:06:41 GMT+0100 (CET);1573038401000;0.33;63.58;9.44
1438719252742555;15.9;33.4;Wed Nov 06 2019 12:08:54 GMT+0100 (CET);Wed Nov 06 2019 11:08:54 GMT+0100 (CET);1573038534000;0.31;62.69;9
1438719252742555;15.9;33.4;Wed Nov 06 2019 12:10:52 GMT+0100 (CET);Wed Nov 06 2019 11:10:52 GMT+0100 (CET);1573038652000;0.36;77.17;8.82
1438719252742555;14.4;33.7;Wed Nov 06 2019 12:12:48 GMT+0100 (CET);Wed Nov 06 2019 11:12:48 GMT+0100 (CET);1573038768000;0.5;105.39;8.78
1438719252742555;14.4;33.7;Wed Nov 06 2019 12:14:41 GMT+0100 (CET);Wed Nov 06 2019 11:14:41 GMT+0100 (CET);1573038881000;0.6;130.2;8.8
1438719252742555;14.4;35.4;Wed Nov 06 2019 12:16:33 GMT+0100 (CET);Wed Nov 06 2019 11:16:33 GMT+0100 (CET);1573038993000;0.71;157.36;8.85
1438719252742555;15.9;35.8;Wed Nov 06 2019 12:18:29 GMT+0100 (CET);Wed Nov 06 2019 11:18:29 GMT+0100 (CET);1573039109000;0.85;184.04;8.97
1438719252742555;15.9;36.1;Wed Nov 06 2019 12:20:22 GMT+0100 (CET);Wed Nov 06 2019 11:20:22 GMT+0100 (CET);1573039222000;1.07;232.68;9.2
1438719252742555;15.9;36.3;Wed Nov 06 2019 12:22:19 GMT+0100 (CET);Wed Nov 06 2019 11:22:19 GMT+0100 (CET);1573039339000;1.25;265.38;9.51
1438719252742555;15.9;36.3;Wed Nov 06 2019 12:24:11 GMT+0100 (CET);Wed Nov 06 2019 11:24:11 GMT+0100 (CET);1573039451000;1.23;262.35;9.78
1438719252742555;15.9;36.1;Wed Nov 06 2019 12:26:07 GMT+0100 (CET);Wed Nov 06 2019 11:26:07 GMT+0100 (CET);1573039567000;1.19;249.76;10.03
1438719252742555;16.4;35.8;Wed Nov 06 2019 12:28:01 GMT+0100 (CET);Wed Nov 06 2019 11:28:01 GMT+0100 (CET);1573039681000;1.06;221.9;10.24
1438719252742555;16.4;35.8;Wed Nov 06 2019 12:29:56 GMT+0100 (CET);Wed Nov 06 2019 11:29:56 GMT+0100 (CET);1573039796000;0.97;206.43;10.3
1438719252742555;16.4;35.6;Wed Nov 06 2019 12:31:49 GMT+0100 (CET);Wed Nov 06 2019 11:31:49 GMT+0100 (CET);1573039909000;0.87;189;10.32
1438719252742555;16.4;35.6;Wed Nov 06 2019 12:34:05 GMT+0100 (CET);Wed Nov 06 2019 11:34:05 GMT+0100 (CET);1573040045000;1.24;265.76;10.29
1438719252742555;16.4;36.5;Wed Nov 06 2019 12:35:58 GMT+0100 (CET);Wed Nov 06 2019 11:35:58 GMT+0100 (CET);1573040158000;2.23;679.94;10.28
1438719252742555;17.4;36.9;Wed Nov 06 2019 12:37:41 GMT+0100 (CET);Wed Nov 06 2019 11:37:41 GMT+0100 (CET);1573040261000;3.1;736.48;10.96
1438719252742555;17.4;36.4;Wed Nov 06 2019 12:39:34 GMT+0100 (CET);Wed Nov 06 2019 11:39:34 GMT+0100 (CET);1573040374000;3.57;751.37;11.82
1438719252742555;20;36;Wed Nov 06 2019 12:41:38 GMT+0100 (CET);Wed Nov 06 2019 11:41:38 GMT+0100 (CET);1573040498000;3.54;754.34;12.49
1438719252742555;20;35.6;Wed Nov 06 2019 12:43:30 GMT+0100 (CET);Wed Nov 06 2019 11:43:30 GMT+0100 (CET);1573040610000;1.73;355.83;12.73
1438719252742555;20;35.8;Wed Nov 06 2019 12:45:23 GMT+0100 (CET);Wed Nov 06 2019 11:45:23 GMT+0100 (CET);1573040723000;3.32;708.93;13
1438719252742555;22;35.8;Wed Nov 06 2019 12:47:16 GMT+0100 (CET);Wed Nov 06 2019 11:47:16 GMT+0100 (CET);1573040836000;3.04;596.47;13.48
1438719252742555;22;34.3;Wed Nov 06 2019 12:49:15 GMT+0100 (CET);Wed Nov 06 2019 11:49:15 GMT+0100 (CET);1573040955000;2.38;537.59;13.46
1438719252742555;24;33.9;Wed Nov 06 2019 12:51:19 GMT+0100 (CET);Wed Nov 06 2019 11:51:19 GMT+0100 (CET);1573041079000;0.85;178.97;13.16
1438719252742555;24;33.7;Wed Nov 06 2019 12:53:11 GMT+0100 (CET);Wed Nov 06 2019 11:53:11 GMT+0100 (CET);1573041191000;0.73;155.97;12.75
1438719252742555;24;34.1;Wed Nov 06 2019 12:55:04 GMT+0100 (CET);Wed Nov 06 2019 11:55:04 GMT+0100 (CET);1573041304000;0.91;184.27;12.3
1438719252742555;24;34.3;Wed Nov 06 2019 12:56:58 GMT+0100 (CET);Wed Nov 06 2019 11:56:58 GMT+0100 (CET);1573041418000;0.78;164.65;12.02
1438719252742555;24;34.3;Wed Nov 06 2019 12:58:52 GMT+0100 (CET);Wed Nov 06 2019 11:58:52 GMT+0100 (CET);1573041532000;0.67;146.12;11.78
1438719252742555;22;34.1;Wed Nov 06 2019 13:00:45 GMT+0100 (CET);Wed Nov 06 2019 12:00:45 GMT+0100 (CET);1573041645000;0.55;119.35;11.47
1438719252742555;22;34.1;Wed Nov 06 2019 13:02:38 GMT+0100 (CET);Wed Nov 06 2019 12:02:38 GMT+0100 (CET);1573041758000;0.66;143.3;11.17
1438719252742555;22;35.7;Wed Nov 06 2019 13:04:32 GMT+0100 (CET);Wed Nov 06 2019 12:04:32 GMT+0100 (CET);1573041872000;0.78;169.7;11.1
1438719252742555;22;35;Wed Nov 06 2019 13:06:33 GMT+0100 (CET);Wed Nov 06 2019 12:06:33 GMT+0100 (CET);1573041993000;0.73;158.87;11
1438719252742555;22;34.9;Wed Nov 06 2019 13:08:26 GMT+0100 (CET);Wed Nov 06 2019 12:08:26 GMT+0100 (CET);1573042106000;0.65;142.3;10.86
1438719252742555;20.5;34.7;Wed Nov 06 2019 13:10:21 GMT+0100 (CET);Wed Nov 06 2019 12:10:21 GMT+0100 (CET);1573042221000;0.61;132.87;10.75
1438719252742555;20.5;34.6;Wed Nov 06 2019 13:12:14 GMT+0100 (CET);Wed Nov 06 2019 12:12:14 GMT+0100 (CET);1573042334000;0.69;150.35;10.62
1438719252742555;20;34.6;Wed Nov 06 2019 13:14:06 GMT+0100 (CET);Wed Nov 06 2019 12:14:06 GMT+0100 (CET);1573042446000;0.62;137.05;10.58
1438719252742555;20;34.9;Wed Nov 06 2019 13:15:59 GMT+0100 (CET);Wed Nov 06 2019 12:15:59 GMT+0100 (CET);1573042559000;1.43;381.43;10.58
1438719252742555;20;37;Wed Nov 06 2019 13:17:52 GMT+0100 (CET);Wed Nov 06 2019 12:17:52 GMT+0100 (CET);1573042672000;2.62;609.27;10.92
1438719252742555;20;36.7;Wed Nov 06 2019 13:19:17 GMT+0100 (CET);Wed Nov 06 2019 12:19:17 GMT+0100 (CET);1573042757000;2.42;496.63;11.57
1438719252742555;20;34.7;Wed Nov 06 2019 13:21:11 GMT+0100 (CET);Wed Nov 06 2019 12:21:11 GMT+0100 (CET);1573042871000;1.95;345.59;11.82
1438719252742555;20;36.3;Wed Nov 06 2019 13:23:08 GMT+0100 (CET);Wed Nov 06 2019 12:23:08 GMT+0100 (CET);1573042988000;2.06;453.11;12.39
1438719252742555;20.5;35;Wed Nov 06 2019 13:25:01 GMT+0100 (CET);Wed Nov 06 2019 12:25:01 GMT+0100 (CET);1573043101000;1.18;234.79;12.84
1438719252742555;20.5;34.7;Wed Nov 06 2019 13:26:54 GMT+0100 (CET);Wed Nov 06 2019 12:26:54 GMT+0100 (CET);1573043214000;1.02;207.68;12.73
1438719252742555;22;34.6;Wed Nov 06 2019 13:28:46 GMT+0100 (CET);Wed Nov 06 2019 12:28:46 GMT+0100 (CET);1573043326000;1.17;245.53;12.64
1438719252742555;22;35.2;Wed Nov 06 2019 13:30:40 GMT+0100 (CET);Wed Nov 06 2019 12:30:40 GMT+0100 (CET);1573043440000;0.88;181.98;12.53
1438719252742555;22;35.8;Wed Nov 06 2019 13:32:33 GMT+0100 (CET);Wed Nov 06 2019 12:32:33 GMT+0100 (CET);1573043553000;1.1;280.19;12.52
1438719252742555;22;34.1;Wed Nov 06 2019 13:34:32 GMT+0100 (CET);Wed Nov 06 2019 12:34:32 GMT+0100 (CET);1573043672000;0.51;108.17;12.46
1438719252742555;22;33.5;Wed Nov 06 2019 13:36:33 GMT+0100 (CET);Wed Nov 06 2019 12:36:33 GMT+0100 (CET);1573043793000;0.36;77.03;12.17
1438719252742555;20.5;33.3;Wed Nov 06 2019 13:38:29 GMT+0100 (CET);Wed Nov 06 2019 12:38:29 GMT+0100 (CET);1573043909000;0.24;52.08;11.88
1438719252742555;20.5;33.1;Wed Nov 06 2019 13:40:21 GMT+0100 (CET);Wed Nov 06 2019 12:40:21 GMT+0100 (CET);1573044021000;0.15;33.92;11.57
1438719252742555;20.5;31.8;Wed Nov 06 2019 13:42:14 GMT+0100 (CET);Wed Nov 06 2019 12:42:14 GMT+0100 (CET);1573044134000;0.14;30.87;11.34
1438719252742555;17.4;31.4;Wed Nov 06 2019 13:44:12 GMT+0100 (CET);Wed Nov 06 2019 12:44:12 GMT+0100 (CET);1573044252000;0.18;38.72;11.18
1438719252742555;17.4;31.6;Wed Nov 06 2019 13:46:05 GMT+0100 (CET);Wed Nov 06 2019 12:46:05 GMT+0100 (CET);1573044365000;0.26;55.52;11
1438719252742555;17.4;31.7;Wed Nov 06 2019 13:47:58 GMT+0100 (CET);Wed Nov 06 2019 12:47:58 GMT+0100 (CET);1573044478000;0.35;71.42;10.89
1438719252742555;17.4;32.6;Wed Nov 06 2019 13:49:51 GMT+0100 (CET);Wed Nov 06 2019 12:49:51 GMT+0100 (CET);1573044591000;0.39;83.6;10.81
1438719252742555;16.4;33.8;Wed Nov 06 2019 13:52:21 GMT+0100 (CET);Wed Nov 06 2019 12:52:21 GMT+0100 (CET);1573044741000;0.42;90.79;10.81
1438719252742555;16.4;33.9;Wed Nov 06 2019 13:54:06 GMT+0100 (CET);Wed Nov 06 2019 12:54:06 GMT+0100 (CET);1573044846000;0.39;85.34;10.79
1438719252742555;16.4;33.9;Wed Nov 06 2019 13:55:59 GMT+0100 (CET);Wed Nov 06 2019 12:55:59 GMT+0100 (CET);1573044959000;0.42;91.67;10.77
1438719252742555;16.4;34.6;Wed Nov 06 2019 13:57:42 GMT+0100 (CET);Wed Nov 06 2019 12:57:42 GMT+0100 (CET);1573045062000;0.66;141.33;10.82
1438719252742555;16.4;35.3;Wed Nov 06 2019 13:59:36 GMT+0100 (CET);Wed Nov 06 2019 12:59:36 GMT+0100 (CET);1573045176000;1.26;319.92;10.96
1438719252742555;17.4;35.9;Wed Nov 06 2019 14:01:30 GMT+0100 (CET);Wed Nov 06 2019 13:01:30 GMT+0100 (CET);1573045290000;0.79;165.84;11.32
1438719252742555;17.4;34.6;Wed Nov 06 2019 14:03:25 GMT+0100 (CET);Wed Nov 06 2019 13:03:25 GMT+0100 (CET);1573045405000;0.65;136.76;11.4
1438719252742555;17.4;34.2;Wed Nov 06 2019 14:05:18 GMT+0100 (CET);Wed Nov 06 2019 13:05:18 GMT+0100 (CET);1573045518000;0.55;115.38;11.42
1438719252742555;17.4;33.7;Wed Nov 06 2019 14:07:37 GMT+0100 (CET);Wed Nov 06 2019 13:07:37 GMT+0100 (CET);1573045657000;0.36;78.38;11.35
1438719252742555;17.4;33.5;Wed Nov 06 2019 14:09:40 GMT+0100 (CET);Wed Nov 06 2019 13:09:40 GMT+0100 (CET);1573045780000;0.2;47.33;11.15
1438719252742555;16.4;33.3;Wed Nov 06 2019 14:11:32 GMT+0100 (CET);Wed Nov 06 2019 13:11:32 GMT+0100 (CET);1573045892000;0.09;25.17;10.89
1438719252742555;16.4;33.2;Wed Nov 06 2019 14:13:25 GMT+0100 (CET);Wed Nov 06 2019 13:13:25 GMT+0100 (CET);1573046005000;0;13.37;10.62
1438719252742555;16.4;31.5;Wed Nov 06 2019 14:15:18 GMT+0100 (CET);Wed Nov 06 2019 13:15:18 GMT+0100 (CET);1573046118000;0.06;13.76;10.42
1438719252742555;15.9;28.9;Wed Nov 06 2019 14:17:11 GMT+0100 (CET);Wed Nov 06 2019 13:17:11 GMT+0100 (CET);1573046231000;0.07;15.9;10.16
1438719252742555;15.9;28.6;Wed Nov 06 2019 14:19:04 GMT+0100 (CET);Wed Nov 06 2019 13:19:04 GMT+0100 (CET);1573046344000;0.1;18.66;9.8
1438719252742555;13.9;29;Wed Nov 06 2019 14:20:57 GMT+0100 (CET);Wed Nov 06 2019 13:20:57 GMT+0100 (CET);1573046457000;0.14;24.61;9.5
1438719252742555;13.9;29.2;Wed Nov 06 2019 14:23:08 GMT+0100 (CET);Wed Nov 06 2019 13:23:08 GMT+0100 (CET);1573046588000;0.16;29.82;9.11
1438719252742555;13.9;31.8;Wed Nov 06 2019 14:25:00 GMT+0100 (CET);Wed Nov 06 2019 13:25:00 GMT+0100 (CET);1573046700000;0.18;33.59;8.82
1438719252742555;13.9;32.2;Wed Nov 06 2019 14:26:57 GMT+0100 (CET);Wed Nov 06 2019 13:26:57 GMT+0100 (CET);1573046817000;0.21;41.27;8.56
1438719252742555;13.9;32.4;Wed Nov 06 2019 14:28:50 GMT+0100 (CET);Wed Nov 06 2019 13:28:50 GMT+0100 (CET);1573046930000;0.25;49.11;8.39
1438719252742555;13.9;33.5;Wed Nov 06 2019 14:30:57 GMT+0100 (CET);Wed Nov 06 2019 13:30:57 GMT+0100 (CET);1573047057000;0.25;50.81;8.28
1438719252742555;13.9;33.4;Wed Nov 06 2019 14:32:50 GMT+0100 (CET);Wed Nov 06 2019 13:32:50 GMT+0100 (CET);1573047170000;0.23;48.58;8.27
1438719252742555;13.9;33.3;Wed Nov 06 2019 14:34:42 GMT+0100 (CET);Wed Nov 06 2019 13:34:42 GMT+0100 (CET);1573047282000;0.2;42.09;8.31
1438719252742555;13.9;33;Wed Nov 06 2019 14:36:37 GMT+0100 (CET);Wed Nov 06 2019 13:36:37 GMT+0100 (CET);1573047397000;0.17;37.1;8.32
1438719252742555;13.9;32.7;Wed Nov 06 2019 14:39:04 GMT+0100 (CET);Wed Nov 06 2019 13:39:04 GMT+0100 (CET);1573047544000;0.24;47.96;8.38
1438719252742555;13.9;33.2;Wed Nov 06 2019 14:40:58 GMT+0100 (CET);Wed Nov 06 2019 13:40:58 GMT+0100 (CET);1573047658000;0.35;70.97;8.48
1438719252742555;13.9;33.4;Wed Nov 06 2019 14:42:52 GMT+0100 (CET);Wed Nov 06 2019 13:42:52 GMT+0100 (CET);1573047772000;0.42;85.46;8.6
1438719252742555;13.9;34.4;Wed Nov 06 2019 14:44:45 GMT+0100 (CET);Wed Nov 06 2019 13:44:45 GMT+0100 (CET);1573047885000;0.43;88.63;8.75
1438719252742555;13.9;34.5;Wed Nov 06 2019 14:46:39 GMT+0100 (CET);Wed Nov 06 2019 13:46:39 GMT+0100 (CET);1573047999000;0.43;90.98;8.87
1438719252742555;13.9;34.5;Wed Nov 06 2019 14:48:31 GMT+0100 (CET);Wed Nov 06 2019 13:48:31 GMT+0100 (CET);1573048111000;0.5;109.38;9.05
1438719252742555;13.9;35.3;Wed Nov 06 2019 14:50:24 GMT+0100 (CET);Wed Nov 06 2019 13:50:24 GMT+0100 (CET);1573048224000;0.61;133.58;9.24
1438719252742555;13.9;37.3;Wed Nov 06 2019 14:52:17 GMT+0100 (CET);Wed Nov 06 2019 13:52:17 GMT+0100 (CET);1573048337000;1.08;340.47;9.55
1438719252742555;13.9;38;Wed Nov 06 2019 14:54:15 GMT+0100 (CET);Wed Nov 06 2019 13:54:15 GMT+0100 (CET);1573048455000;0.99;150.25;10.25
1438719252742555;13.9;35.3;Wed Nov 06 2019 14:56:07 GMT+0100 (CET);Wed Nov 06 2019 13:56:07 GMT+0100 (CET);1573048567000;0.61;131.51;10.36
1438719252742555;15.9;35.5;Wed Nov 06 2019 14:58:00 GMT+0100 (CET);Wed Nov 06 2019 13:58:00 GMT+0100 (CET);1573048680000;0.52;111.47;10.33
1438719252742555;15.9;34.4;Wed Nov 06 2019 14:59:53 GMT+0100 (CET);Wed Nov 06 2019 13:59:53 GMT+0100 (CET);1573048793000;0.46;101.25;10.25
1438719252742555;15.9;34.3;Wed Nov 06 2019 15:01:47 GMT+0100 (CET);Wed Nov 06 2019 14:01:47 GMT+0100 (CET);1573048907000;0.4;87.49;10.08
1438719252742555;15.9;33.5;Wed Nov 06 2019 15:03:45 GMT+0100 (CET);Wed Nov 06 2019 14:03:45 GMT+0100 (CET);1573049025000;0.39;84.72;9.95
1438719252742555;15.9;33.6;Wed Nov 06 2019 15:05:38 GMT+0100 (CET);Wed Nov 06 2019 14:05:38 GMT+0100 (CET);1573049138000;0.39;86.24;9.87
1438719252742555;15.9;33.6;Wed Nov 06 2019 15:07:31 GMT+0100 (CET);Wed Nov 06 2019 14:07:31 GMT+0100 (CET);1573049251000;0.35;77.94;9.78
1438719252742555;15.9;33.6;Wed Nov 06 2019 15:09:46 GMT+0100 (CET);Wed Nov 06 2019 14:09:46 GMT+0100 (CET);1573049386000;0.3;66.54;9.71
1438719252742555;15.9;33.6;Wed Nov 06 2019 15:11:38 GMT+0100 (CET);Wed Nov 06 2019 14:11:38 GMT+0100 (CET);1573049498000;0.28;62.28;9.7
1438719252742555;15.9;33.5;Wed Nov 06 2019 15:13:32 GMT+0100 (CET);Wed Nov 06 2019 14:13:32 GMT+0100 (CET);1573049612000;0.33;72.35;9.74
1438719252742555;15.9;33.6;Wed Nov 06 2019 15:15:25 GMT+0100 (CET);Wed Nov 06 2019 14:15:25 GMT+0100 (CET);1573049725000;0.44;96.82;9.82
1438719252742555;15.9;34.5;Wed Nov 06 2019 15:17:20 GMT+0100 (CET);Wed Nov 06 2019 14:17:20 GMT+0100 (CET);1573049840000;0.57;155.56;9.94
1438719252742555;15.9;35;Wed Nov 06 2019 15:19:14 GMT+0100 (CET);Wed Nov 06 2019 14:19:14 GMT+0100 (CET);1573049954000;0.44;97.86;10.05
1438719252742555;15.9;34.9;Wed Nov 06 2019 15:21:07 GMT+0100 (CET);Wed Nov 06 2019 14:21:07 GMT+0100 (CET);1573050067000;0.46;100.5;10.13
1438719252742555;15.9;34.6;Wed Nov 06 2019 15:23:00 GMT+0100 (CET);Wed Nov 06 2019 14:23:00 GMT+0100 (CET);1573050180000;0.47;99.19;10.18
1438719252742555;15.9;34.3;Wed Nov 06 2019 15:25:34 GMT+0100 (CET);Wed Nov 06 2019 14:25:34 GMT+0100 (CET);1573050334000;0.33;72.58;10.17
1438719252742555;15.9;33.9;Wed Nov 06 2019 15:27:35 GMT+0100 (CET);Wed Nov 06 2019 14:27:35 GMT+0100 (CET);1573050455000;0.29;62.99;10.09
1438719252742555;15.9;33.6;Wed Nov 06 2019 15:29:28 GMT+0100 (CET);Wed Nov 06 2019 14:29:28 GMT+0100 (CET);1573050568000;0.28;61.9;10
1438719252742555;15.9;34.5;Wed Nov 06 2019 15:31:21 GMT+0100 (CET);Wed Nov 06 2019 14:31:21 GMT+0100 (CET);1573050681000;0.27;71.5;9.94
1438719252742555;15.9;35.4;Wed Nov 06 2019 15:33:20 GMT+0100 (CET);Wed Nov 06 2019 14:33:20 GMT+0100 (CET);1573050800000;0.23;53.18;9.93
1438719252742555;15.9;34.1;Wed Nov 06 2019 15:35:23 GMT+0100 (CET);Wed Nov 06 2019 14:35:23 GMT+0100 (CET);1573050923000;0.23;53.58;9.92
1438719252742555;15.9;34.1;Wed Nov 06 2019 15:37:15 GMT+0100 (CET);Wed Nov 06 2019 14:37:15 GMT+0100 (CET);1573051035000;0.24;56.79;9.89
1438719252742555;15.9;34.2;Wed Nov 06 2019 15:39:09 GMT+0100 (CET);Wed Nov 06 2019 14:39:09 GMT+0100 (CET);1573051149000;0.27;61.89;9.89
1438719252742555;15.9;34.3;Wed Nov 06 2019 15:41:02 GMT+0100 (CET);Wed Nov 06 2019 14:41:02 GMT+0100 (CET);1573051262000;0.26;59.85;9.88
1438719252742555;15.9;34.1;Wed Nov 06 2019 15:42:54 GMT+0100 (CET);Wed Nov 06 2019 14:42:54 GMT+0100 (CET);1573051374000;0.24;55;9.85
1438719252742555;15.9;34.1;Wed Nov 06 2019 15:44:53 GMT+0100 (CET);Wed Nov 06 2019 14:44:53 GMT+0100 (CET);1573051493000;0.23;51.23;9.8
1438719252742555;15.9;34.1;Wed Nov 06 2019 15:46:45 GMT+0100 (CET);Wed Nov 06 2019 14:46:45 GMT+0100 (CET);1573051605000;0.23;51.32;9.75
1438719252742555;15.9;34.3;Wed Nov 06 2019 15:48:55 GMT+0100 (CET);Wed Nov 06 2019 14:48:55 GMT+0100 (CET);1573051735000;0.23;52.29;9.71
1438719252742555;14.4;34.2;Wed Nov 06 2019 15:50:47 GMT+0100 (CET);Wed Nov 06 2019 14:50:47 GMT+0100 (CET);1573051847000;0.23;51.27;9.67
1438719252742555;14.4;34.1;Wed Nov 06 2019 15:52:40 GMT+0100 (CET);Wed Nov 06 2019 14:52:40 GMT+0100 (CET);1573051960000;0.21;48.77;9.64
1438719252742555;14.4;34;Wed Nov 06 2019 15:54:38 GMT+0100 (CET);Wed Nov 06 2019 14:54:38 GMT+0100 (CET);1573052078000;0.19;43.01;9.59
1438719252742555;14.4;34.4;Wed Nov 06 2019 15:56:31 GMT+0100 (CET);Wed Nov 06 2019 14:56:31 GMT+0100 (CET);1573052191000;0.18;40.64;9.53
1438719252742555;14.4;34.3;Wed Nov 06 2019 15:58:24 GMT+0100 (CET);Wed Nov 06 2019 14:58:24 GMT+0100 (CET);1573052304000;0.17;39.08;9.46
1438719252742555;14.4;33.6;Wed Nov 06 2019 16:00:16 GMT+0100 (CET);Wed Nov 06 2019 15:00:16 GMT+0100 (CET);1573052416000;0.16;36.71;9.42
1438719252742555;14.4;33.3;Wed Nov 06 2019 16:02:09 GMT+0100 (CET);Wed Nov 06 2019 15:02:09 GMT+0100 (CET);1573052529000;0.15;34.64;9.37
1438719252742555;13.9;33.1;Wed Nov 06 2019 16:04:05 GMT+0100 (CET);Wed Nov 06 2019 15:04:05 GMT+0100 (CET);1573052645000;0.14;32.05;9.32
1438719252742555;13.9;32.4;Wed Nov 06 2019 16:05:58 GMT+0100 (CET);Wed Nov 06 2019 15:05:58 GMT+0100 (CET);1573052758000;0.13;29.77;9.26
1438719252742555;13.9;32;Wed Nov 06 2019 16:07:51 GMT+0100 (CET);Wed Nov 06 2019 15:07:51 GMT+0100 (CET);1573052871000;0.12;28.17;9.23
1438719252742555;13.9;31.8;Wed Nov 06 2019 16:09:54 GMT+0100 (CET);Wed Nov 06 2019 15:09:54 GMT+0100 (CET);1573052994000;0.11;25.09;9.17
1438719252742555;13.9;31.3;Wed Nov 06 2019 16:11:47 GMT+0100 (CET);Wed Nov 06 2019 15:11:47 GMT+0100 (CET);1573053107000;0.1;21.7;9.12
1438719252742555;12.4;31.3;Wed Nov 06 2019 16:13:40 GMT+0100 (CET);Wed Nov 06 2019 15:13:40 GMT+0100 (CET);1573053220000;0.08;18.47;9.08
1438719252742555;12.4;31;Wed Nov 06 2019 16:15:34 GMT+0100 (CET);Wed Nov 06 2019 15:15:34 GMT+0100 (CET);1573053334000;0.07;15.07;9.05
1438719252742555;11.9;30.4;Wed Nov 06 2019 16:17:27 GMT+0100 (CET);Wed Nov 06 2019 15:17:27 GMT+0100 (CET);1573053447000;0;12.52;9.03
1438719252742555;11.9;29.5;Wed Nov 06 2019 16:19:28 GMT+0100 (CET);Wed Nov 06 2019 15:19:28 GMT+0100 (CET);1573053568000;0;9.85;9.02
1438719252742555;11.9;28.6;Wed Nov 06 2019 16:21:23 GMT+0100 (CET);Wed Nov 06 2019 15:21:23 GMT+0100 (CET);1573053683000;0;8.3;9.03
1438719252742555;11.9;28.6;Wed Nov 06 2019 16:23:25 GMT+0100 (CET);Wed Nov 06 2019 15:23:25 GMT+0100 (CET);1573053805000;0;6.62;9.03
1438719252742555;11.9;32.4;Wed Nov 06 2019 16:25:19 GMT+0100 (CET);Wed Nov 06 2019 15:25:19 GMT+0100 (CET);1573053919000;0;5.05;9.04
1438719252742555;12.4;29.4;Wed Nov 06 2019 16:27:16 GMT+0100 (CET);Wed Nov 06 2019 15:27:16 GMT+0100 (CET);1573054036000;0;4.37;9.04
1438719252742555;12.4;30.1;Wed Nov 06 2019 16:29:12 GMT+0100 (CET);Wed Nov 06 2019 15:29:12 GMT+0100 (CET);1573054152000;0;4;9.05
1438719252742555;12.4;29.2;Wed Nov 06 2019 16:31:07 GMT+0100 (CET);Wed Nov 06 2019 15:31:07 GMT+0100 (CET);1573054267000;0;3.36;9.05
1438719252742555;11.9;29.2;Wed Nov 06 2019 16:32:50 GMT+0100 (CET);Wed Nov 06 2019 15:32:50 GMT+0100 (CET);1573054370000;0;3.03;9.07
1438719252742555;11.9;24.9;Wed Nov 06 2019 16:34:45 GMT+0100 (CET);Wed Nov 06 2019 15:34:45 GMT+0100 (CET);1573054485000;0;2.23;9.07
1438719252742555;11.9;24.9;Wed Nov 06 2019 16:36:38 GMT+0100 (CET);Wed Nov 06 2019 15:36:38 GMT+0100 (CET);1573054598000;0;1.72;9.1
1438719252742555;11.9;24.9;Wed Nov 06 2019 16:38:30 GMT+0100 (CET);Wed Nov 06 2019 15:38:30 GMT+0100 (CET);1573054710000;0;1.38;9.09
1438719252742555;1.3;28.3;Thu Nov 07 2019 07:13:07 GMT+0100 (CET);Thu Nov 07 2019 06:13:07 GMT+0100 (CET);1573107187000;0;4.88;4.4
1438719252742555;1.3;32.4;Thu Nov 07 2019 07:15:00 GMT+0100 (CET);Thu Nov 07 2019 06:15:00 GMT+0100 (CET);1573107300000;0;5.95;4.41
1438719252742555;1.3;33.6;Thu Nov 07 2019 07:16:53 GMT+0100 (CET);Thu Nov 07 2019 06:16:53 GMT+0100 (CET);1573107413000;0;6.63;4.42
1438719252742555;5.9;32.4;Thu Nov 07 2019 07:18:46 GMT+0100 (CET);Thu Nov 07 2019 06:18:46 GMT+0100 (CET);1573107526000;0;7.36;4.42
1438719252742555;5.9;34.6;Thu Nov 07 2019 07:20:38 GMT+0100 (CET);Thu Nov 07 2019 06:20:38 GMT+0100 (CET);1573107638000;0;9.06;4.43
1438719252742555;5.9;26.6;Thu Nov 07 2019 07:22:32 GMT+0100 (CET);Thu Nov 07 2019 06:22:32 GMT+0100 (CET);1573107752000;0;10.2;4.48
1438719252742555;5.9;26.4;Thu Nov 07 2019 07:24:25 GMT+0100 (CET);Thu Nov 07 2019 06:24:25 GMT+0100 (CET);1573107865000;0;11.14;4.47
1438719252742555;5.9;26.4;Thu Nov 07 2019 07:26:18 GMT+0100 (CET);Thu Nov 07 2019 06:26:18 GMT+0100 (CET);1573107978000;0.06;12.38;4.43
1438719252742555;5.9;24.5;Thu Nov 07 2019 07:28:10 GMT+0100 (CET);Thu Nov 07 2019 06:28:10 GMT+0100 (CET);1573108090000;0.06;14.49;4.48
1438719252742555;5.9;26.5;Thu Nov 07 2019 07:30:04 GMT+0100 (CET);Thu Nov 07 2019 06:30:04 GMT+0100 (CET);1573108204000;0.07;16.44;4.53
1438719252742555;5.9;27.5;Thu Nov 07 2019 07:31:57 GMT+0100 (CET);Thu Nov 07 2019 06:31:57 GMT+0100 (CET);1573108317000;0.08;17.47;4.59
1438719252742555;5.9;27.5;Thu Nov 07 2019 07:33:50 GMT+0100 (CET);Thu Nov 07 2019 06:33:50 GMT+0100 (CET);1573108430000;0.08;18.6;4.62
1438719252742555;5.9;27.9;Thu Nov 07 2019 07:35:44 GMT+0100 (CET);Thu Nov 07 2019 06:35:44 GMT+0100 (CET);1573108544000;0.09;19.56;4.65
1438719252742555;4.3;27.9;Thu Nov 07 2019 07:37:37 GMT+0100 (CET);Thu Nov 07 2019 06:37:37 GMT+0100 (CET);1573108657000;0.09;20.42;4.64
1438719252742555;4.3;28.4;Thu Nov 07 2019 07:39:30 GMT+0100 (CET);Thu Nov 07 2019 06:39:30 GMT+0100 (CET);1573108770000;0.09;20.46;4.66
1438719252742555;4.3;29.3;Thu Nov 07 2019 07:41:24 GMT+0100 (CET);Thu Nov 07 2019 06:41:24 GMT+0100 (CET);1573108884000;0.09;22.08;4.69
1438719252742555;4.3;27.6;Thu Nov 07 2019 07:43:17 GMT+0100 (CET);Thu Nov 07 2019 06:43:17 GMT+0100 (CET);1573108997000;0.1;24.9;4.67
1438719252742555;4.3;26.7;Thu Nov 07 2019 07:45:11 GMT+0100 (CET);Thu Nov 07 2019 06:45:11 GMT+0100 (CET);1573109111000;0.11;27.81;4.67
1438719252742555;4.3;26.7;Thu Nov 07 2019 07:47:07 GMT+0100 (CET);Thu Nov 07 2019 06:47:07 GMT+0100 (CET);1573109227000;0.12;29.06;4.68
1438719252742555;4.3;27;Thu Nov 07 2019 07:48:59 GMT+0100 (CET);Thu Nov 07 2019 06:48:59 GMT+0100 (CET);1573109339000;0.13;31.29;4.69
1438719252742555;4.3;26.8;Thu Nov 07 2019 07:50:56 GMT+0100 (CET);Thu Nov 07 2019 06:50:56 GMT+0100 (CET);1573109456000;0.14;33.26;4.7
1438719252742555;4.3;27.4;Thu Nov 07 2019 07:52:49 GMT+0100 (CET);Thu Nov 07 2019 06:52:49 GMT+0100 (CET);1573109569000;0.15;34.73;4.69
1438719252742555;4.3;25.6;Thu Nov 07 2019 07:54:42 GMT+0100 (CET);Thu Nov 07 2019 06:54:42 GMT+0100 (CET);1573109682000;0.17;37.87;4.73
1438719252742555;4.3;25.6;Thu Nov 07 2019 07:56:38 GMT+0100 (CET);Thu Nov 07 2019 06:56:38 GMT+0100 (CET);1573109798000;0.17;39.75;4.78
1438719252742555;4.3;23.8;Thu Nov 07 2019 07:58:31 GMT+0100 (CET);Thu Nov 07 2019 06:58:31 GMT+0100 (CET);1573109911000;0.17;39.73;4.81
1438719252742555;3.8;23.8;Thu Nov 07 2019 08:00:24 GMT+0100 (CET);Thu Nov 07 2019 07:00:24 GMT+0100 (CET);1573110024000;0.19;42.92;4.85
1438719252742555;3.8;22.6;Thu Nov 07 2019 08:02:17 GMT+0100 (CET);Thu Nov 07 2019 07:02:17 GMT+0100 (CET);1573110137000;0.2;90.61;4.9
1438719252742555;3.8;22.6;Thu Nov 07 2019 08:04:09 GMT+0100 (CET);Thu Nov 07 2019 07:04:09 GMT+0100 (CET);1573110249000;0.2;160.85;5.1
1438719252742555;7.9;24.5;Thu Nov 07 2019 08:41:24 GMT+0100 (CET);Thu Nov 07 2019 07:41:24 GMT+0100 (CET);1573112484000;1.47;330.23;9.45
1438719252742555;7.9;24.5;Thu Nov 07 2019 08:43:17 GMT+0100 (CET);Thu Nov 07 2019 07:43:17 GMT+0100 (CET);1573112597000;1.49;327.43;9.63
1438719252742555;9.9;24.5;Thu Nov 07 2019 08:45:13 GMT+0100 (CET);Thu Nov 07 2019 07:45:13 GMT+0100 (CET);1573112713000;1.55;335.35;9.82
1438719252742555;9.9;24.4;Thu Nov 07 2019 08:46:56 GMT+0100 (CET);Thu Nov 07 2019 07:46:56 GMT+0100 (CET);1573112816000;1.54;332.79;9.96
1438719252742555;9.9;23.5;Thu Nov 07 2019 08:48:49 GMT+0100 (CET);Thu Nov 07 2019 07:48:49 GMT+0100 (CET);1573112929000;1.15;256.74;10.01
1438719252742555;9.9;24.1;Thu Nov 07 2019 08:50:47 GMT+0100 (CET);Thu Nov 07 2019 07:50:47 GMT+0100 (CET);1573113047000;1.67;353.27;10.15
1438719252742555;9.9;23.9;Thu Nov 07 2019 08:53:10 GMT+0100 (CET);Thu Nov 07 2019 07:53:10 GMT+0100 (CET);1573113190000;1.69;358.39;10.42
1438719252742555;10.4;23.7;Thu Nov 07 2019 08:55:03 GMT+0100 (CET);Thu Nov 07 2019 07:55:03 GMT+0100 (CET);1573113303000;1.73;360.95;10.5
1438719252742555;10.4;23.4;Thu Nov 07 2019 08:56:56 GMT+0100 (CET);Thu Nov 07 2019 07:56:56 GMT+0100 (CET);1573113416000;1.77;368.63;10.54
1438719252742555;10.4;23.3;Thu Nov 07 2019 08:58:49 GMT+0100 (CET);Thu Nov 07 2019 07:58:49 GMT+0100 (CET);1573113529000;1.78;371.19;10.65
1438719252742555;10.4;23.3;Thu Nov 07 2019 09:00:46 GMT+0100 (CET);Thu Nov 07 2019 08:00:46 GMT+0100 (CET);1573113646000;1.84;381.43;10.64
1438719252742555;10.4;23.2;Thu Nov 07 2019 09:02:40 GMT+0100 (CET);Thu Nov 07 2019 08:02:40 GMT+0100 (CET);1573113760000;1.9;394.23;10.75
1438719252742555;10.4;23.1;Thu Nov 07 2019 09:04:32 GMT+0100 (CET);Thu Nov 07 2019 08:04:32 GMT+0100 (CET);1573113872000;1.95;401.91;10.82
1438719252742555;10.4;23;Thu Nov 07 2019 09:06:25 GMT+0100 (CET);Thu Nov 07 2019 08:06:25 GMT+0100 (CET);1573113985000;1.97;407.03;10.81
1438719252742555;10.4;23.1;Thu Nov 07 2019 09:08:54 GMT+0100 (CET);Thu Nov 07 2019 08:08:54 GMT+0100 (CET);1573114134000;1.99;412.15;10.78
1438719252742555;10.4;23.5;Thu Nov 07 2019 09:10:47 GMT+0100 (CET);Thu Nov 07 2019 08:10:47 GMT+0100 (CET);1573114247000;2;422.39;10.82
1438719252742555;13.9;23.7;Thu Nov 07 2019 09:12:40 GMT+0100 (CET);Thu Nov 07 2019 08:12:40 GMT+0100 (CET);1573114360000;2.03;432.63;10.95
1438719252742555;13.9;23.9;Thu Nov 07 2019 09:14:33 GMT+0100 (CET);Thu Nov 07 2019 08:14:33 GMT+0100 (CET);1573114473000;2.06;437.75;11.01
1438719252742555;13.9;23.7;Thu Nov 07 2019 09:16:26 GMT+0100 (CET);Thu Nov 07 2019 08:16:26 GMT+0100 (CET);1573114586000;2.11;445.43;11.12
1438719252742555;14.4;23.8;Thu Nov 07 2019 09:18:22 GMT+0100 (CET);Thu Nov 07 2019 08:18:22 GMT+0100 (CET);1573114702000;2.13;450.55;11
1438719252742555;14.4;26.7;Thu Nov 07 2019 09:20:16 GMT+0100 (CET);Thu Nov 07 2019 08:20:16 GMT+0100 (CET);1573114816000;2.15;453.11;11.07
1438719252742555;17.4;35.1;Thu Nov 07 2019 09:22:09 GMT+0100 (CET);Thu Nov 07 2019 08:22:09 GMT+0100 (CET);1573114929000;2.18;453.11;11.07
1438719252742555;17.4;35;Thu Nov 07 2019 09:24:11 GMT+0100 (CET);Thu Nov 07 2019 08:24:11 GMT+0100 (CET);1573115051000;2.25;463.35;11.14
1438719252742555;17.4;34.8;Thu Nov 07 2019 09:26:07 GMT+0100 (CET);Thu Nov 07 2019 08:26:07 GMT+0100 (CET);1573115167000;2.29;476.15;11.2
1438719252742555;20.5;34.9;Thu Nov 07 2019 09:27:59 GMT+0100 (CET);Thu Nov 07 2019 08:27:59 GMT+0100 (CET);1573115279000;2.35;483.83;11.35
1438719252742555;20.5;34.9;Thu Nov 07 2019 09:29:52 GMT+0100 (CET);Thu Nov 07 2019 08:29:52 GMT+0100 (CET);1573115392000;2.38;491.51;11.39
1438719252742555;22;34.9;Thu Nov 07 2019 09:31:35 GMT+0100 (CET);Thu Nov 07 2019 08:31:35 GMT+0100 (CET);1573115495000;2.39;496.63;11.49
1438719252742555;22;34.7;Thu Nov 07 2019 09:33:27 GMT+0100 (CET);Thu Nov 07 2019 08:33:27 GMT+0100 (CET);1573115607000;2.33;486.39;11.53
1438719252742555;22;34.8;Thu Nov 07 2019 09:35:20 GMT+0100 (CET);Thu Nov 07 2019 08:35:20 GMT+0100 (CET);1573115720000;2.38;491.51;11.46
1438719252742555;22;34.8;Thu Nov 07 2019 09:37:14 GMT+0100 (CET);Thu Nov 07 2019 08:37:14 GMT+0100 (CET);1573115834000;2.47;509.43;11.57
1438719252742555;22;34.8;Thu Nov 07 2019 09:39:07 GMT+0100 (CET);Thu Nov 07 2019 08:39:07 GMT+0100 (CET);1573115947000;2.49;514.55;11.73
1438719252742555;22;35;Thu Nov 07 2019 09:41:00 GMT+0100 (CET);Thu Nov 07 2019 08:41:00 GMT+0100 (CET);1573116060000;2.52;524.79;11.85
1438719252742555;22.5;35;Thu Nov 07 2019 09:42:54 GMT+0100 (CET);Thu Nov 07 2019 08:42:54 GMT+0100 (CET);1573116174000;2.54;527.35;11.9
1438719252742555;22.5;34.9;Thu Nov 07 2019 09:44:47 GMT+0100 (CET);Thu Nov 07 2019 08:44:47 GMT+0100 (CET);1573116287000;2.5;519.67;11.85
1438719252742555;23.5;34.9;Thu Nov 07 2019 09:46:40 GMT+0100 (CET);Thu Nov 07 2019 08:46:40 GMT+0100 (CET);1573116400000;2.57;535.03;11.79
1438719252742555;23.5;34.9;Thu Nov 07 2019 09:48:32 GMT+0100 (CET);Thu Nov 07 2019 08:48:32 GMT+0100 (CET);1573116512000;2.6;545.27;11.89
1438719252742555;23.5;34.9;Thu Nov 07 2019 09:50:25 GMT+0100 (CET);Thu Nov 07 2019 08:50:25 GMT+0100 (CET);1573116625000;2.59;540.15;11.98
1438719252742555;24;35;Thu Nov 07 2019 09:52:18 GMT+0100 (CET);Thu Nov 07 2019 08:52:18 GMT+0100 (CET);1573116738000;2.69;560.63;12.06
1438719252742555;24;35.1;Thu Nov 07 2019 09:54:11 GMT+0100 (CET);Thu Nov 07 2019 08:54:11 GMT+0100 (CET);1573116851000;2.68;560.63;12.12
1438719252742555;23.5;35;Thu Nov 07 2019 09:56:04 GMT+0100 (CET);Thu Nov 07 2019 08:56:04 GMT+0100 (CET);1573116964000;2.74;573.43;12.16
1438719252742555;23.5;35.1;Thu Nov 07 2019 09:57:57 GMT+0100 (CET);Thu Nov 07 2019 08:57:57 GMT+0100 (CET);1573117077000;2.74;568.31;12.33
1438719252742555;23.5;35;Thu Nov 07 2019 09:59:50 GMT+0100 (CET);Thu Nov 07 2019 08:59:50 GMT+0100 (CET);1573117190000;2.76;575.99;12.51
1438719252742555;24;35.1;Thu Nov 07 2019 10:01:42 GMT+0100 (CET);Thu Nov 07 2019 09:01:42 GMT+0100 (CET);1573117302000;2.74;575.99;12.67
1438719252742555;24;35.1;Thu Nov 07 2019 10:03:36 GMT+0100 (CET);Thu Nov 07 2019 09:03:36 GMT+0100 (CET);1573117416000;2.76;575.99;12.88
1438719252742555;24.5;34.8;Thu Nov 07 2019 10:05:29 GMT+0100 (CET);Thu Nov 07 2019 09:05:29 GMT+0100 (CET);1573117529000;2.77;575.99;12.88
1438719252742555;24.5;34.8;Thu Nov 07 2019 10:07:22 GMT+0100 (CET);Thu Nov 07 2019 09:07:22 GMT+0100 (CET);1573117642000;2.78;575.99;12.96
1438719252742555;24.5;34.8;Thu Nov 07 2019 10:09:16 GMT+0100 (CET);Thu Nov 07 2019 09:09:16 GMT+0100 (CET);1573117756000;2.83;588.79;13.03
1438719252742555;26;34.8;Thu Nov 07 2019 10:11:09 GMT+0100 (CET);Thu Nov 07 2019 09:11:09 GMT+0100 (CET);1573117869000;2.83;588.79;13.12
1438719252742555;26;34.8;Thu Nov 07 2019 10:13:03 GMT+0100 (CET);Thu Nov 07 2019 09:13:03 GMT+0100 (CET);1573117983000;0.96;317.43;13.03
1438719252742555;26;35.1;Thu Nov 07 2019 10:14:57 GMT+0100 (CET);Thu Nov 07 2019 09:14:57 GMT+0100 (CET);1573118097000;2.94;614.39;12.98
1438719252742555;26;35;Thu Nov 07 2019 10:16:50 GMT+0100 (CET);Thu Nov 07 2019 09:16:50 GMT+0100 (CET);1573118210000;2.86;599.03;13.12
1438719252742555;26;35;Thu Nov 07 2019 10:18:42 GMT+0100 (CET);Thu Nov 07 2019 09:18:42 GMT+0100 (CET);1573118322000;2.94;611.83;13.19
1438719252742555;26;34.9;Thu Nov 07 2019 10:20:35 GMT+0100 (CET);Thu Nov 07 2019 09:20:35 GMT+0100 (CET);1573118435000;2.82;586.23;13.27
1438719252742555;26;34.8;Thu Nov 07 2019 10:22:36 GMT+0100 (CET);Thu Nov 07 2019 09:22:36 GMT+0100 (CET);1573118556000;2.96;609.27;13.49
1438719252742555;26;34.7;Thu Nov 07 2019 10:24:28 GMT+0100 (CET);Thu Nov 07 2019 09:24:28 GMT+0100 (CET);1573118668000;2.59;529.91;13.3
1438719252742555;26;34.8;Thu Nov 07 2019 10:26:24 GMT+0100 (CET);Thu Nov 07 2019 09:26:24 GMT+0100 (CET);1573118784000;2.75;573.43;13.07
1438719252742555;26;34.8;Thu Nov 07 2019 10:28:17 GMT+0100 (CET);Thu Nov 07 2019 09:28:17 GMT+0100 (CET);1573118897000;2.94;611.83;13.06
1438719252742555;26.5;34.7;Thu Nov 07 2019 10:30:11 GMT+0100 (CET);Thu Nov 07 2019 09:30:11 GMT+0100 (CET);1573119011000;3;632.31;13.21
1438719252742555;26.5;34.7;Thu Nov 07 2019 10:32:04 GMT+0100 (CET);Thu Nov 07 2019 09:32:04 GMT+0100 (CET);1573119124000;3.08;642.55;13.37
1438719252742555;28;34.7;Thu Nov 07 2019 10:33:56 GMT+0100 (CET);Thu Nov 07 2019 09:33:56 GMT+0100 (CET);1573119236000;2.53;614.39;13.53
1438719252742555;28;34.7;Thu Nov 07 2019 10:35:49 GMT+0100 (CET);Thu Nov 07 2019 09:35:49 GMT+0100 (CET);1573119349000;2.12;514.55;13.6
1438719252742555;28;34.7;Thu Nov 07 2019 10:37:42 GMT+0100 (CET);Thu Nov 07 2019 09:37:42 GMT+0100 (CET);1573119462000;3.12;658.1;13.62
1438719252742555;28;34.7;Thu Nov 07 2019 10:39:34 GMT+0100 (CET);Thu Nov 07 2019 09:39:34 GMT+0100 (CET);1573119574000;2.14;465.91;13.43
1438719252742555;28;35.1;Thu Nov 07 2019 10:41:28 GMT+0100 (CET);Thu Nov 07 2019 09:41:28 GMT+0100 (CET);1573119688000;3.09;619.51;13.51
1438719252742555;28;35.1;Thu Nov 07 2019 10:43:21 GMT+0100 (CET);Thu Nov 07 2019 09:43:21 GMT+0100 (CET);1573119801000;3.31;688.32;13.62
1438719252742555;28;34.8;Thu Nov 07 2019 10:45:13 GMT+0100 (CET);Thu Nov 07 2019 09:45:13 GMT+0100 (CET);1573119913000;2;417.27;13.76
1438719252742555;28;34.7;Thu Nov 07 2019 10:47:06 GMT+0100 (CET);Thu Nov 07 2019 09:47:06 GMT+0100 (CET);1573120026000;2.4;506.87;13.69
1438719252742555;28;35.1;Thu Nov 07 2019 10:49:31 GMT+0100 (CET);Thu Nov 07 2019 09:49:31 GMT+0100 (CET);1573120171000;2.88;606.71;13.66
1438719252742555;28;34.9;Thu Nov 07 2019 10:51:23 GMT+0100 (CET);Thu Nov 07 2019 09:51:23 GMT+0100 (CET);1573120283000;3.11;655.38;13.78
1438719252742555;28;34.9;Thu Nov 07 2019 10:53:16 GMT+0100 (CET);Thu Nov 07 2019 09:53:16 GMT+0100 (CET);1573120396000;3.22;578.55;13.96
1438719252742555;28;34.8;Thu Nov 07 2019 10:55:12 GMT+0100 (CET);Thu Nov 07 2019 09:55:12 GMT+0100 (CET);1573120512000;2.99;622.07;14.04
1438719252742555;28;35;Thu Nov 07 2019 10:57:14 GMT+0100 (CET);Thu Nov 07 2019 09:57:14 GMT+0100 (CET);1573120634000;2.91;678.51;14.21
1438719252742555;28;33.3;Thu Nov 07 2019 10:59:07 GMT+0100 (CET);Thu Nov 07 2019 09:59:07 GMT+0100 (CET);1573120747000;1.15;288.9;14.26
1438719252742555;28;35;Thu Nov 07 2019 11:01:00 GMT+0100 (CET);Thu Nov 07 2019 10:01:00 GMT+0100 (CET);1573120860000;3.43;730.44;14.25
1438719252742555;28;34.9;Thu Nov 07 2019 11:02:53 GMT+0100 (CET);Thu Nov 07 2019 10:02:53 GMT+0100 (CET);1573120973000;3.57;760.82;14.44
1438719252742555;28;34.7;Thu Nov 07 2019 11:05:02 GMT+0100 (CET);Thu Nov 07 2019 10:05:02 GMT+0100 (CET);1573121102000;2.29;476.15;14.57
1438719252742555;28;35.2;Thu Nov 07 2019 11:06:55 GMT+0100 (CET);Thu Nov 07 2019 10:06:55 GMT+0100 (CET);1573121215000;1.96;399.35;14.43
1438719252742555;28;33.9;Thu Nov 07 2019 11:08:49 GMT+0100 (CET);Thu Nov 07 2019 10:08:49 GMT+0100 (CET);1573121329000;1.31;261.75;13.96
1438719252742555;28;32.6;Thu Nov 07 2019 11:10:46 GMT+0100 (CET);Thu Nov 07 2019 10:10:46 GMT+0100 (CET);1573121446000;1.75;389.11;13.46
1438719252742555;28;35.2;Thu Nov 07 2019 11:12:41 GMT+0100 (CET);Thu Nov 07 2019 10:12:41 GMT+0100 (CET);1573121561000;2.56;537.59;13.28
1438719252742555;28;35.6;Thu Nov 07 2019 11:14:33 GMT+0100 (CET);Thu Nov 07 2019 10:14:33 GMT+0100 (CET);1573121673000;3.65;767.65;13.64
1438719252742555;28;35;Thu Nov 07 2019 11:16:26 GMT+0100 (CET);Thu Nov 07 2019 10:16:26 GMT+0100 (CET);1573121786000;3.57;751.71;14.25
1438719252742555;28;34.7;Thu Nov 07 2019 11:18:23 GMT+0100 (CET);Thu Nov 07 2019 10:18:23 GMT+0100 (CET);1573121903000;3.46;725.89;14.65
1438719252742555;28;34.5;Thu Nov 07 2019 11:20:50 GMT+0100 (CET);Thu Nov 07 2019 10:20:50 GMT+0100 (CET);1573122050000;1.28;255.15;15.07
1438719252742555;28;29.9;Thu Nov 07 2019 11:22:43 GMT+0100 (CET);Thu Nov 07 2019 10:22:43 GMT+0100 (CET);1573122163000;2.35;642.55;14.57
1438719252742555;28;35;Thu Nov 07 2019 11:24:36 GMT+0100 (CET);Thu Nov 07 2019 10:24:36 GMT+0100 (CET);1573122276000;3.76;787.22;14.71
1438719252742555;28;31.8;Thu Nov 07 2019 11:26:29 GMT+0100 (CET);Thu Nov 07 2019 10:26:29 GMT+0100 (CET);1573122389000;1.15;280.37;14.57
1438719252742555;28;27;Thu Nov 07 2019 11:28:22 GMT+0100 (CET);Thu Nov 07 2019 10:28:22 GMT+0100 (CET);1573122502000;2.72;368.63;14.2
1438719252742555;28;33.7;Thu Nov 07 2019 11:30:14 GMT+0100 (CET);Thu Nov 07 2019 10:30:14 GMT+0100 (CET);1573122614000;3.46;783.57;13.94
1438719252742555;28;35;Thu Nov 07 2019 11:32:07 GMT+0100 (CET);Thu Nov 07 2019 10:32:07 GMT+0100 (CET);1573122727000;3.67;771.32;14.35
1438719252742555;28;34.8;Thu Nov 07 2019 11:34:00 GMT+0100 (CET);Thu Nov 07 2019 10:34:00 GMT+0100 (CET);1573122840000;3.71;773.02;14.8
1438719252742555;28;34.4;Thu Nov 07 2019 11:36:12 GMT+0100 (CET);Thu Nov 07 2019 10:36:12 GMT+0100 (CET);1573122972000;3.63;760.91;15.07
1438719252742555;28;34.3;Thu Nov 07 2019 11:38:09 GMT+0100 (CET);Thu Nov 07 2019 10:38:09 GMT+0100 (CET);1573123089000;3.55;743.88;15.22
1438719252742555;28;34.2;Thu Nov 07 2019 11:40:02 GMT+0100 (CET);Thu Nov 07 2019 10:40:02 GMT+0100 (CET);1573123202000;3.52;676.95;15.56
1438719252742555;30;34.2;Thu Nov 07 2019 11:41:56 GMT+0100 (CET);Thu Nov 07 2019 10:41:56 GMT+0100 (CET);1573123316000;3.5;726.37;15.72
1438719252742555;30;34.4;Thu Nov 07 2019 11:43:51 GMT+0100 (CET);Thu Nov 07 2019 10:43:51 GMT+0100 (CET);1573123431000;3.43;716.78;16.04
1438719252742555;30;32.9;Thu Nov 07 2019 11:45:43 GMT+0100 (CET);Thu Nov 07 2019 10:45:43 GMT+0100 (CET);1573123543000;0.6;134.43;16.26
1438719252742555;30;34.4;Thu Nov 07 2019 11:47:38 GMT+0100 (CET);Thu Nov 07 2019 10:47:38 GMT+0100 (CET);1573123658000;3.46;717.04;15.9
1438719252742555;30;34.3;Thu Nov 07 2019 11:49:31 GMT+0100 (CET);Thu Nov 07 2019 10:49:31 GMT+0100 (CET);1573123771000;3.39;708.91;16
1438719252742555;30;34.3;Thu Nov 07 2019 11:51:55 GMT+0100 (CET);Thu Nov 07 2019 10:51:55 GMT+0100 (CET);1573123915000;3.39;707.83;15.73
1438719252742555;30;34.4;Thu Nov 07 2019 11:53:51 GMT+0100 (CET);Thu Nov 07 2019 10:53:51 GMT+0100 (CET);1573124031000;3.39;709.46;15.6
1438719252742555;30.5;34.3;Thu Nov 07 2019 11:55:44 GMT+0100 (CET);Thu Nov 07 2019 10:55:44 GMT+0100 (CET);1573124144000;3.48;729.01;15.81
1438719252742555;30.5;25.2;Thu Nov 07 2019 11:57:37 GMT+0100 (CET);Thu Nov 07 2019 10:57:37 GMT+0100 (CET);1573124257000;3.32;702.54;15.53
1438719252742555;30;34.8;Thu Nov 07 2019 11:59:33 GMT+0100 (CET);Thu Nov 07 2019 10:59:33 GMT+0100 (CET);1573124373000;3.41;716.56;15.38
1438719252742555;30;34.5;Thu Nov 07 2019 12:01:26 GMT+0100 (CET);Thu Nov 07 2019 11:01:26 GMT+0100 (CET);1573124486000;3.48;509.43;15.45
1438719252742555;30;33.7;Thu Nov 07 2019 12:03:24 GMT+0100 (CET);Thu Nov 07 2019 11:03:24 GMT+0100 (CET);1573124604000;3.67;771.83;15.14
1438719252742555;30;31.2;Thu Nov 07 2019 12:05:18 GMT+0100 (CET);Thu Nov 07 2019 11:05:18 GMT+0100 (CET);1573124718000;3.48;728.04;15.21
1438719252742555;30;34.6;Thu Nov 07 2019 12:07:14 GMT+0100 (CET);Thu Nov 07 2019 11:07:14 GMT+0100 (CET);1573124834000;3.44;718.58;15.37
1438719252742555;30;34.4;Thu Nov 07 2019 12:09:06 GMT+0100 (CET);Thu Nov 07 2019 11:09:06 GMT+0100 (CET);1573124946000;2.76;581.11;15.48
1438719252742555;30;34.1;Thu Nov 07 2019 12:11:00 GMT+0100 (CET);Thu Nov 07 2019 11:11:00 GMT+0100 (CET);1573125060000;2.55;563.19;15.46
1438719252742555;30;34.3;Thu Nov 07 2019 12:12:53 GMT+0100 (CET);Thu Nov 07 2019 11:12:53 GMT+0100 (CET);1573125173000;2.8;575.99;15.55
1438719252742555;29;34.1;Thu Nov 07 2019 12:14:48 GMT+0100 (CET);Thu Nov 07 2019 11:14:48 GMT+0100 (CET);1573125288000;2.46;532.47;15.65
1438719252742555;29;34.3;Thu Nov 07 2019 12:16:42 GMT+0100 (CET);Thu Nov 07 2019 11:16:42 GMT+0100 (CET);1573125402000;2.52;547.83;15.6
1438719252742555;29.5;34.3;Thu Nov 07 2019 12:18:35 GMT+0100 (CET);Thu Nov 07 2019 11:18:35 GMT+0100 (CET);1573125515000;2.07;453.11;15.56
1438719252742555;29.5;34.1;Thu Nov 07 2019 12:20:28 GMT+0100 (CET);Thu Nov 07 2019 11:20:28 GMT+0100 (CET);1573125628000;2.46;532.47;15.32
1438719252742555;30;34.7;Thu Nov 07 2019 12:22:44 GMT+0100 (CET);Thu Nov 07 2019 11:22:44 GMT+0100 (CET);1573125764000;3.14;687.72;15.47
1438719252742555;30;34.7;Thu Nov 07 2019 12:24:38 GMT+0100 (CET);Thu Nov 07 2019 11:24:38 GMT+0100 (CET);1573125878000;3.14;662.93;15.55
1438719252742555;30;34.5;Thu Nov 07 2019 12:26:32 GMT+0100 (CET);Thu Nov 07 2019 11:26:32 GMT+0100 (CET);1573125992000;3.15;660.3;15.85
1438719252742555;30;33.5;Thu Nov 07 2019 12:28:25 GMT+0100 (CET);Thu Nov 07 2019 11:28:25 GMT+0100 (CET);1573126105000;1.9;332.79;16.18
1438719252742555;30;31.1;Thu Nov 07 2019 12:30:19 GMT+0100 (CET);Thu Nov 07 2019 11:30:19 GMT+0100 (CET);1573126219000;2.12;453.11;16.01
1438719252742555;28.5;34.5;Thu Nov 07 2019 12:32:12 GMT+0100 (CET);Thu Nov 07 2019 11:32:12 GMT+0100 (CET);1573126332000;1.91;424.95;15.66
1438719252742555;28.5;34.9;Thu Nov 07 2019 12:34:05 GMT+0100 (CET);Thu Nov 07 2019 11:34:05 GMT+0100 (CET);1573126445000;2.84;614.39;15.59
1438719252742555;28.5;34.8;Thu Nov 07 2019 12:35:58 GMT+0100 (CET);Thu Nov 07 2019 11:35:58 GMT+0100 (CET);1573126558000;2.85;588.79;15.71
1438719252742555;28.5;34.6;Thu Nov 07 2019 12:38:15 GMT+0100 (CET);Thu Nov 07 2019 11:38:15 GMT+0100 (CET);1573126695000;2.07;323.71;15.91
1438719252742555;28.5;33.3;Thu Nov 07 2019 12:40:07 GMT+0100 (CET);Thu Nov 07 2019 11:40:07 GMT+0100 (CET);1573126807000;1.31;290.4;15.67
1438719252742555;28;34.5;Thu Nov 07 2019 12:42:00 GMT+0100 (CET);Thu Nov 07 2019 11:42:00 GMT+0100 (CET);1573126920000;1.73;404.47;15.35
1438719252742555;28;34.9;Thu Nov 07 2019 12:43:54 GMT+0100 (CET);Thu Nov 07 2019 11:43:54 GMT+0100 (CET);1573127034000;2.29;435.19;15.2
1438719252742555;28;34.8;Thu Nov 07 2019 12:45:55 GMT+0100 (CET);Thu Nov 07 2019 11:45:55 GMT+0100 (CET);1573127155000;1.97;422.39;15.03
1438719252742555;28;34.8;Thu Nov 07 2019 12:47:48 GMT+0100 (CET);Thu Nov 07 2019 11:47:48 GMT+0100 (CET);1573127268000;1.48;313.16;14.85
1438719252742555;28;34.8;Thu Nov 07 2019 12:49:41 GMT+0100 (CET);Thu Nov 07 2019 11:49:41 GMT+0100 (CET);1573127381000;1.27;279.63;14.59
1438719252742555;26.5;34.8;Thu Nov 07 2019 12:51:34 GMT+0100 (CET);Thu Nov 07 2019 11:51:34 GMT+0100 (CET);1573127494000;1.28;279.64;14.23
1438719252742555;26.5;35;Thu Nov 07 2019 12:53:44 GMT+0100 (CET);Thu Nov 07 2019 11:53:44 GMT+0100 (CET);1573127624000;1.18;259.66;13.9
1438719252742555;25.5;35.1;Thu Nov 07 2019 12:55:37 GMT+0100 (CET);Thu Nov 07 2019 11:55:37 GMT+0100 (CET);1573127737000;1.2;264.61;13.71
1438719252742555;25.5;35.1;Thu Nov 07 2019 12:57:30 GMT+0100 (CET);Thu Nov 07 2019 11:57:30 GMT+0100 (CET);1573127850000;1.16;253.43;13.65
1438719252742555;25.5;35.2;Thu Nov 07 2019 12:59:24 GMT+0100 (CET);Thu Nov 07 2019 11:59:24 GMT+0100 (CET);1573127964000;1.2;264.02;13.53
1438719252742555;24;35.4;Thu Nov 07 2019 13:01:20 GMT+0100 (CET);Thu Nov 07 2019 12:01:20 GMT+0100 (CET);1573128080000;1.37;298.77;13.5
1438719252742555;24;35.6;Thu Nov 07 2019 13:03:13 GMT+0100 (CET);Thu Nov 07 2019 12:03:13 GMT+0100 (CET);1573128193000;2.03;450.55;13.53
1438719252742555;24;35.8;Thu Nov 07 2019 13:05:06 GMT+0100 (CET);Thu Nov 07 2019 12:05:06 GMT+0100 (CET);1573128306000;1.38;280.87;13.72
1438719252742555;24;35;Thu Nov 07 2019 13:06:59 GMT+0100 (CET);Thu Nov 07 2019 12:06:59 GMT+0100 (CET);1573128419000;1.14;247;13.71
1438719252742555;24;35.1;Thu Nov 07 2019 13:09:16 GMT+0100 (CET);Thu Nov 07 2019 12:09:16 GMT+0100 (CET);1573128556000;1.14;248.23;13.63
1438719252742555;24;35.2;Thu Nov 07 2019 13:11:09 GMT+0100 (CET);Thu Nov 07 2019 12:11:09 GMT+0100 (CET);1573128669000;1.18;255.33;13.57
1438719252742555;22.5;35.5;Thu Nov 07 2019 13:14:54 GMT+0100 (CET);Thu Nov 07 2019 12:14:54 GMT+0100 (CET);1573128894000;1.62;348.15;13.71
1438719252742555;22.5;35.7;Thu Nov 07 2019 13:16:50 GMT+0100 (CET);Thu Nov 07 2019 12:16:50 GMT+0100 (CET);1573129010000;1.96;424.95;13.91
1438719252742555;22.5;35.6;Thu Nov 07 2019 13:18:45 GMT+0100 (CET);Thu Nov 07 2019 12:18:45 GMT+0100 (CET);1573129125000;1.71;366.07;14.11
1438719252742555;24;35.4;Thu Nov 07 2019 13:20:40 GMT+0100 (CET);Thu Nov 07 2019 12:20:40 GMT+0100 (CET);1573129240000;1.51;322.24;14.15
1438719252742555;24;35.3;Thu Nov 07 2019 13:22:33 GMT+0100 (CET);Thu Nov 07 2019 12:22:33 GMT+0100 (CET);1573129353000;1.39;295.23;14.2
1438719252742555;24;35.3;Thu Nov 07 2019 13:24:50 GMT+0100 (CET);Thu Nov 07 2019 12:24:50 GMT+0100 (CET);1573129490000;1.32;284.2;14.28
1438719252742555;24;35.3;Thu Nov 07 2019 13:26:45 GMT+0100 (CET);Thu Nov 07 2019 12:26:45 GMT+0100 (CET);1573129605000;1.24;268.48;14.22
1438719252742555;24;35.2;Thu Nov 07 2019 13:28:39 GMT+0100 (CET);Thu Nov 07 2019 12:28:39 GMT+0100 (CET);1573129719000;1.33;291.14;14.18
1438719252742555;24;35.2;Thu Nov 07 2019 13:30:31 GMT+0100 (CET);Thu Nov 07 2019 12:30:31 GMT+0100 (CET);1573129831000;1.17;252.48;14.14
1438719252742555;24;35.2;Thu Nov 07 2019 13:32:28 GMT+0100 (CET);Thu Nov 07 2019 12:32:28 GMT+0100 (CET);1573129948000;1.33;287.36;14.07
1438719252742555;22.5;35.4;Thu Nov 07 2019 13:34:21 GMT+0100 (CET);Thu Nov 07 2019 12:34:21 GMT+0100 (CET);1573130061000;1.32;278.55;14.07
1438719252742555;22.5;35.1;Thu Nov 07 2019 13:36:17 GMT+0100 (CET);Thu Nov 07 2019 12:36:17 GMT+0100 (CET);1573130177000;1.18;252.09;14.03
1438719252742555;22.5;35;Thu Nov 07 2019 13:38:11 GMT+0100 (CET);Thu Nov 07 2019 12:38:11 GMT+0100 (CET);1573130291000;1.14;245.39;13.96
1438719252742555;22.5;35;Thu Nov 07 2019 13:40:14 GMT+0100 (CET);Thu Nov 07 2019 12:40:14 GMT+0100 (CET);1573130414000;1.08;231.24;13.79
1438719252742555;22.5;34.9;Thu Nov 07 2019 13:42:07 GMT+0100 (CET);Thu Nov 07 2019 12:42:07 GMT+0100 (CET);1573130527000;0.98;209.1;13.66
1438719252742555;22;34.7;Thu Nov 07 2019 13:44:00 GMT+0100 (CET);Thu Nov 07 2019 12:44:00 GMT+0100 (CET);1573130640000;0.89;187.85;13.58
1438719252742555;22;34.4;Thu Nov 07 2019 13:45:54 GMT+0100 (CET);Thu Nov 07 2019 12:45:54 GMT+0100 (CET);1573130754000;0.78;167.59;13.53
1438719252742555;22;34.2;Thu Nov 07 2019 13:47:59 GMT+0100 (CET);Thu Nov 07 2019 12:47:59 GMT+0100 (CET);1573130879000;0.63;135.81;13.43
1438719252742555;22;33.9;Thu Nov 07 2019 13:49:55 GMT+0100 (CET);Thu Nov 07 2019 12:49:55 GMT+0100 (CET);1573130995000;0.54;115.78;13.25
1438719252742555;22;33.7;Thu Nov 07 2019 13:51:47 GMT+0100 (CET);Thu Nov 07 2019 12:51:47 GMT+0100 (CET);1573131107000;0.45;96.27;13.07
1438719252742555;20.5;33.5;Thu Nov 07 2019 13:53:40 GMT+0100 (CET);Thu Nov 07 2019 12:53:40 GMT+0100 (CET);1573131220000;0.37;81.32;12.92
1438719252742555;20.5;33.3;Thu Nov 07 2019 13:55:57 GMT+0100 (CET);Thu Nov 07 2019 12:55:57 GMT+0100 (CET);1573131357000;0.29;65.2;12.68
1438719252742555;20;33.2;Thu Nov 07 2019 13:57:50 GMT+0100 (CET);Thu Nov 07 2019 12:57:50 GMT+0100 (CET);1573131470000;0.25;56.65;12.47
1438719252742555;20;32.8;Thu Nov 07 2019 13:59:42 GMT+0100 (CET);Thu Nov 07 2019 12:59:42 GMT+0100 (CET);1573131582000;0.25;55.3;12.31
1438719252742555;20;32.8;Thu Nov 07 2019 14:01:35 GMT+0100 (CET);Thu Nov 07 2019 13:01:35 GMT+0100 (CET);1573131695000;0.29;63.49;12.16
1438719252742555;17.4;33.1;Thu Nov 07 2019 14:03:40 GMT+0100 (CET);Thu Nov 07 2019 13:03:40 GMT+0100 (CET);1573131820000;0.38;78.57;12.07
1438719252742555;17.4;33.5;Thu Nov 07 2019 14:05:32 GMT+0100 (CET);Thu Nov 07 2019 13:05:32 GMT+0100 (CET);1573131932000;0.42;88.19;12.03
1438719252742555;17.4;33.8;Thu Nov 07 2019 14:07:26 GMT+0100 (CET);Thu Nov 07 2019 13:07:26 GMT+0100 (CET);1573132046000;0.42;88.28;12.01
1438719252742555;17.4;33.8;Thu Nov 07 2019 14:09:20 GMT+0100 (CET);Thu Nov 07 2019 13:09:20 GMT+0100 (CET);1573132160000;0.4;84.1;11.99
1438719252742555;17.4;33.7;Thu Nov 07 2019 14:11:13 GMT+0100 (CET);Thu Nov 07 2019 13:11:13 GMT+0100 (CET);1573132273000;0.38;78.2;11.98
1438719252742555;17.4;33.7;Thu Nov 07 2019 14:13:05 GMT+0100 (CET);Thu Nov 07 2019 13:13:05 GMT+0100 (CET);1573132385000;0.36;73.63;11.99
1438719252742555;17.4;33.6;Thu Nov 07 2019 14:14:58 GMT+0100 (CET);Thu Nov 07 2019 13:14:58 GMT+0100 (CET);1573132498000;0.36;72.93;12
1438719252742555;16.4;33.6;Thu Nov 07 2019 14:16:51 GMT+0100 (CET);Thu Nov 07 2019 13:16:51 GMT+0100 (CET);1573132611000;0.38;75.15;11.98
1438719252742555;16.4;33.6;Thu Nov 07 2019 14:19:07 GMT+0100 (CET);Thu Nov 07 2019 13:19:07 GMT+0100 (CET);1573132747000;0.37;72.99;12
1438719252742555;16.4;33.5;Thu Nov 07 2019 14:21:00 GMT+0100 (CET);Thu Nov 07 2019 13:21:00 GMT+0100 (CET);1573132860000;0.33;66.53;12.01
1438719252742555;16.4;33.4;Thu Nov 07 2019 14:22:53 GMT+0100 (CET);Thu Nov 07 2019 13:22:53 GMT+0100 (CET);1573132973000;0.31;61.98;12
1438719252742555;16.4;33.2;Thu Nov 07 2019 14:24:46 GMT+0100 (CET);Thu Nov 07 2019 13:24:46 GMT+0100 (CET);1573133086000;0.29;60.18;11.95
1438719252742555;16.4;33.2;Thu Nov 07 2019 14:26:38 GMT+0100 (CET);Thu Nov 07 2019 13:26:38 GMT+0100 (CET);1573133198000;0.3;64.06;11.92
1438719252742555;16.4;33.4;Thu Nov 07 2019 14:28:37 GMT+0100 (CET);Thu Nov 07 2019 13:28:37 GMT+0100 (CET);1573133317000;0.37;78.74;11.88
1438719252742555;16.4;33.7;Thu Nov 07 2019 14:30:31 GMT+0100 (CET);Thu Nov 07 2019 13:30:31 GMT+0100 (CET);1573133431000;0.43;91.04;11.86
1438719252742555;16.4;34.1;Thu Nov 07 2019 14:32:23 GMT+0100 (CET);Thu Nov 07 2019 13:32:23 GMT+0100 (CET);1573133543000;0.49;104.25;11.88
1438719252742555;16.4;34.4;Thu Nov 07 2019 14:34:40 GMT+0100 (CET);Thu Nov 07 2019 13:34:40 GMT+0100 (CET);1573133680000;0.53;114.26;11.91
1438719252742555;16.4;34.5;Thu Nov 07 2019 14:36:39 GMT+0100 (CET);Thu Nov 07 2019 13:36:39 GMT+0100 (CET);1573133799000;0.58;124.11;11.97
1438719252742555;16.4;34.8;Thu Nov 07 2019 14:38:32 GMT+0100 (CET);Thu Nov 07 2019 13:38:32 GMT+0100 (CET);1573133912000;0.58;123.97;12.04
1438719252742555;16.4;34.8;Thu Nov 07 2019 14:40:24 GMT+0100 (CET);Thu Nov 07 2019 13:40:24 GMT+0100 (CET);1573134024000;0.61;131.2;12.09
1438719252742555;16.4;35.2;Thu Nov 07 2019 14:42:17 GMT+0100 (CET);Thu Nov 07 2019 13:42:17 GMT+0100 (CET);1573134137000;0.65;142.45;12.17
1438719252742555;16.4;35.2;Thu Nov 07 2019 14:44:01 GMT+0100 (CET);Thu Nov 07 2019 13:44:01 GMT+0100 (CET);1573134241000;0.64;138.71;12.28
1438719252742555;17.4;36.2;Thu Nov 07 2019 14:45:54 GMT+0100 (CET);Thu Nov 07 2019 13:45:54 GMT+0100 (CET);1573134354000;0.76;173.52;12.35
1438719252742555;17.4;36.5;Thu Nov 07 2019 14:47:46 GMT+0100 (CET);Thu Nov 07 2019 13:47:46 GMT+0100 (CET);1573134466000;0.75;162.98;12.5
1438719252742555;17.4;35.6;Thu Nov 07 2019 14:49:41 GMT+0100 (CET);Thu Nov 07 2019 13:49:41 GMT+0100 (CET);1573134581000;0.73;160.53;12.58
1438719252742555;17.4;36;Thu Nov 07 2019 14:51:33 GMT+0100 (CET);Thu Nov 07 2019 13:51:33 GMT+0100 (CET);1573134693000;0.73;161.17;12.66
1438719252742555;17.4;35.6;Thu Nov 07 2019 14:53:26 GMT+0100 (CET);Thu Nov 07 2019 13:53:26 GMT+0100 (CET);1573134806000;0.66;139.98;12.74
1438719252742555;17.4;34.8;Thu Nov 07 2019 14:55:26 GMT+0100 (CET);Thu Nov 07 2019 13:55:26 GMT+0100 (CET);1573134926000;0.64;138.31;12.67
1438719252742555;17.4;36;Thu Nov 07 2019 14:57:20 GMT+0100 (CET);Thu Nov 07 2019 13:57:20 GMT+0100 (CET);1573135040000;0.68;157.03;12.6
1438719252742555;17.4;36.3;Thu Nov 07 2019 14:59:14 GMT+0100 (CET);Thu Nov 07 2019 13:59:14 GMT+0100 (CET);1573135154000;0.61;139.37;12.6
1438719252742555;17.4;36.1;Thu Nov 07 2019 15:01:10 GMT+0100 (CET);Thu Nov 07 2019 14:01:10 GMT+0100 (CET);1573135270000;0.5;106.65;12.59
1438719252742555;17.4;34.2;Thu Nov 07 2019 15:03:10 GMT+0100 (CET);Thu Nov 07 2019 14:03:10 GMT+0100 (CET);1573135390000;0.45;96.65;12.47
1438719252742555;17.4;34;Thu Nov 07 2019 15:05:05 GMT+0100 (CET);Thu Nov 07 2019 14:05:05 GMT+0100 (CET);1573135505000;0.43;92.52;12.38
1438719252742555;17.4;33.9;Thu Nov 07 2019 15:06:57 GMT+0100 (CET);Thu Nov 07 2019 14:06:57 GMT+0100 (CET);1573135617000;0.42;88.27;12.21
1438719252742555;17.4;33.8;Thu Nov 07 2019 15:08:51 GMT+0100 (CET);Thu Nov 07 2019 14:08:51 GMT+0100 (CET);1573135731000;0.39;82.87;12.08
1438719252742555;17.4;33.7;Thu Nov 07 2019 15:10:49 GMT+0100 (CET);Thu Nov 07 2019 14:10:49 GMT+0100 (CET);1573135849000;0.36;76.57;12
1438719252742555;16.4;33.6;Thu Nov 07 2019 15:12:43 GMT+0100 (CET);Thu Nov 07 2019 14:12:43 GMT+0100 (CET);1573135963000;0.3;64.36;11.95
1438719252742555;16.4;33.4;Thu Nov 07 2019 15:14:36 GMT+0100 (CET);Thu Nov 07 2019 14:14:36 GMT+0100 (CET);1573136076000;0.26;56.29;11.89
1438719252742555;16.4;33.2;Thu Nov 07 2019 15:16:29 GMT+0100 (CET);Thu Nov 07 2019 14:16:29 GMT+0100 (CET);1573136189000;0.23;50.54;11.86
1438719252742555;16.4;33;Thu Nov 07 2019 15:18:49 GMT+0100 (CET);Thu Nov 07 2019 14:18:49 GMT+0100 (CET);1573136329000;0.2;42.95;11.84
1438719252742555;16.4;32.4;Thu Nov 07 2019 15:20:42 GMT+0100 (CET);Thu Nov 07 2019 14:20:42 GMT+0100 (CET);1573136442000;0.19;40.22;11.78
1438719252742555;16.4;32;Thu Nov 07 2019 15:22:34 GMT+0100 (CET);Thu Nov 07 2019 14:22:34 GMT+0100 (CET);1573136554000;0.2;41.64;11.74
1438719252742555;16.4;32.3;Thu Nov 07 2019 15:24:27 GMT+0100 (CET);Thu Nov 07 2019 14:24:27 GMT+0100 (CET);1573136667000;0.2;41.25;11.7
1438719252742555;16.4;32.2;Thu Nov 07 2019 15:26:25 GMT+0100 (CET);Thu Nov 07 2019 14:26:25 GMT+0100 (CET);1573136785000;0.18;37.94;11.66
1438719252742555;15.9;32.2;Thu Nov 07 2019 15:28:18 GMT+0100 (CET);Thu Nov 07 2019 14:28:18 GMT+0100 (CET);1573136898000;0.16;34.28;11.63
1438719252742555;15.9;32;Thu Nov 07 2019 15:30:11 GMT+0100 (CET);Thu Nov 07 2019 14:30:11 GMT+0100 (CET);1573137011000;0.19;40.53;11.61
1438719252742555;15.9;35;Thu Nov 07 2019 15:32:04 GMT+0100 (CET);Thu Nov 07 2019 14:32:04 GMT+0100 (CET);1573137124000;0.25;53.23;11.61
1438719252742555;15.9;33.2;Thu Nov 07 2019 15:34:17 GMT+0100 (CET);Thu Nov 07 2019 14:34:17 GMT+0100 (CET);1573137257000;0.27;56.63;11.6
1438719252742555;15.9;33.3;Thu Nov 07 2019 15:36:16 GMT+0100 (CET);Thu Nov 07 2019 14:36:16 GMT+0100 (CET);1573137376000;0.31;63.87;11.6
1438719252742555;15.9;33.6;Thu Nov 07 2019 15:38:08 GMT+0100 (CET);Thu Nov 07 2019 14:38:08 GMT+0100 (CET);1573137488000;0.31;62.69;11.62
1438719252742555;15.9;33.5;Thu Nov 07 2019 15:40:01 GMT+0100 (CET);Thu Nov 07 2019 14:40:01 GMT+0100 (CET);1573137601000;0.25;52.93;11.64
1438719252742555;15.9;33.3;Thu Nov 07 2019 15:41:54 GMT+0100 (CET);Thu Nov 07 2019 14:41:54 GMT+0100 (CET);1573137714000;0.22;47.09;11.62
1438719252742555;15.9;33.2;Thu Nov 07 2019 15:43:48 GMT+0100 (CET);Thu Nov 07 2019 14:43:48 GMT+0100 (CET);1573137828000;0.17;36.09;11.59
1438719252742555;15.9;32.9;Thu Nov 07 2019 15:45:41 GMT+0100 (CET);Thu Nov 07 2019 14:45:41 GMT+0100 (CET);1573137941000;0.14;30.97;11.58
1438719252742555;15.9;31.6;Thu Nov 07 2019 15:47:33 GMT+0100 (CET);Thu Nov 07 2019 14:47:33 GMT+0100 (CET);1573138053000;0.13;28.26;11.55
1438719252742555;15.9;31.3;Thu Nov 07 2019 15:49:47 GMT+0100 (CET);Thu Nov 07 2019 14:49:47 GMT+0100 (CET);1573138187000;0.16;36.06;11.53
1438719252742555;15.9;31.8;Thu Nov 07 2019 15:51:46 GMT+0100 (CET);Thu Nov 07 2019 14:51:46 GMT+0100 (CET);1573138306000;0.19;40.61;11.51
1438719252742555;15.9;32.1;Thu Nov 07 2019 15:53:38 GMT+0100 (CET);Thu Nov 07 2019 14:53:38 GMT+0100 (CET);1573138418000;0.18;39.27;11.48
1438719252742555;14.4;32;Thu Nov 07 2019 15:55:31 GMT+0100 (CET);Thu Nov 07 2019 14:55:31 GMT+0100 (CET);1573138531000;0.16;35.23;11.46
1438719252742555;14.4;32;Thu Nov 07 2019 15:57:25 GMT+0100 (CET);Thu Nov 07 2019 14:57:25 GMT+0100 (CET);1573138645000;0.15;32.97;11.44
1438719252742555;14.4;31.5;Thu Nov 07 2019 15:59:18 GMT+0100 (CET);Thu Nov 07 2019 14:59:18 GMT+0100 (CET);1573138758000;0.15;32.85;11.43
1438719252742555;14.4;32.5;Thu Nov 07 2019 16:01:13 GMT+0100 (CET);Thu Nov 07 2019 15:01:13 GMT+0100 (CET);1573138873000;0.13;28.75;11.39
1438719252742555;14.4;32.2;Thu Nov 07 2019 16:03:13 GMT+0100 (CET);Thu Nov 07 2019 15:03:13 GMT+0100 (CET);1573138993000;0.1;23.59;11.38
1438719252742555;14.4;31;Thu Nov 07 2019 16:05:10 GMT+0100 (CET);Thu Nov 07 2019 15:05:10 GMT+0100 (CET);1573139110000;0.1;21.71;11.35
1438719252742555;14.4;30.6;Thu Nov 07 2019 16:07:04 GMT+0100 (CET);Thu Nov 07 2019 15:07:04 GMT+0100 (CET);1573139224000;0.09;20.51;11.32
1438719252742555;13.9;30.3;Thu Nov 07 2019 16:08:57 GMT+0100 (CET);Thu Nov 07 2019 15:08:57 GMT+0100 (CET);1573139337000;0.1;21.97;11.29
1438719252742555;13.9;30;Thu Nov 07 2019 16:10:51 GMT+0100 (CET);Thu Nov 07 2019 15:10:51 GMT+0100 (CET);1573139451000;0.11;24.81;11.26
1438719252742555;13.9;31;Thu Nov 07 2019 16:12:45 GMT+0100 (CET);Thu Nov 07 2019 15:12:45 GMT+0100 (CET);1573139565000;0.12;27.44;11.25
1438719252742555;13.9;31.4;Thu Nov 07 2019 16:14:41 GMT+0100 (CET);Thu Nov 07 2019 15:14:41 GMT+0100 (CET);1573139681000;0.12;28.47;11.23
1438719252742555;13.9;31.6;Thu Nov 07 2019 16:16:34 GMT+0100 (CET);Thu Nov 07 2019 15:16:34 GMT+0100 (CET);1573139794000;0.12;28.12;11.21
1438719252742555;13.9;31.4;Thu Nov 07 2019 16:18:26 GMT+0100 (CET);Thu Nov 07 2019 15:18:26 GMT+0100 (CET);1573139906000;0.11;23.91;11.17
1438719252742555;13.9;31.3;Thu Nov 07 2019 16:20:37 GMT+0100 (CET);Thu Nov 07 2019 15:20:37 GMT+0100 (CET);1573140037000;0.08;18.8;11.1
1438719252742555;13.9;30.9;Thu Nov 07 2019 16:22:30 GMT+0100 (CET);Thu Nov 07 2019 15:22:30 GMT+0100 (CET);1573140150000;0.07;15.68;11
1438719252742555;13.9;30.6;Thu Nov 07 2019 16:24:25 GMT+0100 (CET);Thu Nov 07 2019 15:24:25 GMT+0100 (CET);1573140265000;0.06;14.33;10.9
1438719252742555;13.9;29.8;Thu Nov 07 2019 16:26:18 GMT+0100 (CET);Thu Nov 07 2019 15:26:18 GMT+0100 (CET);1573140378000;0;12.45;10.79
1438719252742555;12.4;28.9;Thu Nov 07 2019 16:28:13 GMT+0100 (CET);Thu Nov 07 2019 15:28:13 GMT+0100 (CET);1573140493000;0;11.31;10.71
1438719252742555;12.4;28.4;Thu Nov 07 2019 16:30:06 GMT+0100 (CET);Thu Nov 07 2019 15:30:06 GMT+0100 (CET);1573140606000;0;9.49;10.62
1438719252742555;12.4;27.8;Thu Nov 07 2019 16:32:03 GMT+0100 (CET);Thu Nov 07 2019 15:32:03 GMT+0100 (CET);1573140723000;0;7.97;10.51
1438719252742555;11.9;27.5;Thu Nov 07 2019 16:33:56 GMT+0100 (CET);Thu Nov 07 2019 15:33:56 GMT+0100 (CET);1573140836000;0;6.77;10.43
1438719252742555;11.9;32.8;Thu Nov 07 2019 16:35:57 GMT+0100 (CET);Thu Nov 07 2019 15:35:57 GMT+0100 (CET);1573140957000;0;5.48;10.34
1438719252742555;12.4;32.5;Thu Nov 07 2019 16:37:50 GMT+0100 (CET);Thu Nov 07 2019 15:37:50 GMT+0100 (CET);1573141070000;0;4.19;10.23
1438719252742555;12.4;31.6;Thu Nov 07 2019 16:39:43 GMT+0100 (CET);Thu Nov 07 2019 15:39:43 GMT+0100 (CET);1573141183000;0;3.44;10.16
1438719252742555;11.9;29.9;Thu Nov 07 2019 16:41:36 GMT+0100 (CET);Thu Nov 07 2019 15:41:36 GMT+0100 (CET);1573141296000;0;2.56;10.06
1438719252742555;11.9;28.6;Thu Nov 07 2019 16:43:29 GMT+0100 (CET);Thu Nov 07 2019 15:43:29 GMT+0100 (CET);1573141409000;0;2.21;9.98
1438719252742555;11.9;25.8;Thu Nov 07 2019 16:45:22 GMT+0100 (CET);Thu Nov 07 2019 15:45:22 GMT+0100 (CET);1573141522000;0;2.08;9.96
1438719252742555;9.9;20.8;Thu Nov 07 2019 16:47:15 GMT+0100 (CET);Thu Nov 07 2019 15:47:15 GMT+0100 (CET);1573141635000;0;1.45;9.94
1438719252742555;9.9;20.8;Thu Nov 07 2019 16:49:12 GMT+0100 (CET);Thu Nov 07 2019 15:49:12 GMT+0100 (CET);1573141752000;0;0.9;9.92
1438719252742555;9.9;20.8;Thu Nov 07 2019 16:51:07 GMT+0100 (CET);Thu Nov 07 2019 15:51:07 GMT+0100 (CET);1573141867000;0;0.43;9.89
1438719252742555;5.9;31.9;Fri Nov 08 2019 07:40:31 GMT+0100 (CET);Fri Nov 08 2019 06:40:31 GMT+0100 (CET);1573195231000;0;5.27;6.35
1438719252742555;5.9;33.6;Fri Nov 08 2019 07:42:30 GMT+0100 (CET);Fri Nov 08 2019 06:42:30 GMT+0100 (CET);1573195350000;0;6.14;6.39
1438719252742555;5.9;32.5;Fri Nov 08 2019 07:44:23 GMT+0100 (CET);Fri Nov 08 2019 06:44:23 GMT+0100 (CET);1573195463000;0;7.34;6.39
1438719252742555;7.9;32.5;Fri Nov 08 2019 07:46:23 GMT+0100 (CET);Fri Nov 08 2019 06:46:23 GMT+0100 (CET);1573195583000;0;9.15;6.4
1438719252742555;7.9;32.5;Fri Nov 08 2019 07:48:25 GMT+0100 (CET);Fri Nov 08 2019 06:48:25 GMT+0100 (CET);1573195705000;0;10.51;6.41
1438719252742555;7.9;28.4;Fri Nov 08 2019 07:50:46 GMT+0100 (CET);Fri Nov 08 2019 06:50:46 GMT+0100 (CET);1573195846000;0;11.35;6.4
1438719252742555;7.9;28.6;Fri Nov 08 2019 07:52:39 GMT+0100 (CET);Fri Nov 08 2019 06:52:39 GMT+0100 (CET);1573195959000;0.06;12.57;6.4
1438719252742555;7.9;29.3;Fri Nov 08 2019 07:54:37 GMT+0100 (CET);Fri Nov 08 2019 06:54:37 GMT+0100 (CET);1573196077000;0.06;13.57;6.41
1438719252742555;7.9;29.5;Fri Nov 08 2019 07:56:31 GMT+0100 (CET);Fri Nov 08 2019 06:56:31 GMT+0100 (CET);1573196191000;0.06;13.59;6.42
1438719252742555;7.9;29.8;Fri Nov 08 2019 07:58:26 GMT+0100 (CET);Fri Nov 08 2019 06:58:26 GMT+0100 (CET);1573196306000;0.07;14.33;6.42
1438719252742555;7.9;29.5;Fri Nov 08 2019 08:00:19 GMT+0100 (CET);Fri Nov 08 2019 07:00:19 GMT+0100 (CET);1573196419000;0.08;16.11;6.41
1438719252742555;7.9;29.7;Fri Nov 08 2019 08:02:12 GMT+0100 (CET);Fri Nov 08 2019 07:02:12 GMT+0100 (CET);1573196532000;0.09;18.35;6.41
1438719252742555;8.4;31.1;Fri Nov 08 2019 08:04:11 GMT+0100 (CET);Fri Nov 08 2019 07:04:11 GMT+0100 (CET);1573196651000;0.1;20.63;6.42
1438719252742555;8.4;31.6;Fri Nov 08 2019 08:06:23 GMT+0100 (CET);Fri Nov 08 2019 07:06:23 GMT+0100 (CET);1573196783000;0.11;24.02;6.45
1438719252742555;8.4;31.5;Fri Nov 08 2019 08:08:18 GMT+0100 (CET);Fri Nov 08 2019 07:08:18 GMT+0100 (CET);1573196898000;0.12;26.23;6.48
1438719252742555;8.4;32.3;Fri Nov 08 2019 08:10:17 GMT+0100 (CET);Fri Nov 08 2019 07:10:17 GMT+0100 (CET);1573197017000;0.13;27.1;6.5
1438719252742555;8.4;32.2;Fri Nov 08 2019 08:12:10 GMT+0100 (CET);Fri Nov 08 2019 07:12:10 GMT+0100 (CET);1573197130000;0.13;27.7;6.54
1438719252742555;9.4;32.3;Fri Nov 08 2019 08:14:03 GMT+0100 (CET);Fri Nov 08 2019 07:14:03 GMT+0100 (CET);1573197243000;0.13;27.81;6.59
1438719252742555;9.4;32.2;Fri Nov 08 2019 08:15:55 GMT+0100 (CET);Fri Nov 08 2019 07:15:55 GMT+0100 (CET);1573197355000;0.13;27.17;6.64
1438719252742555;9.4;32;Fri Nov 08 2019 08:18:11 GMT+0100 (CET);Fri Nov 08 2019 07:18:11 GMT+0100 (CET);1573197491000;0.12;26.49;6.65
1438719252742555;9.4;31.9;Fri Nov 08 2019 08:20:04 GMT+0100 (CET);Fri Nov 08 2019 07:20:04 GMT+0100 (CET);1573197604000;0.13;27.03;6.66
1438719252742555;9.4;31.8;Fri Nov 08 2019 08:22:08 GMT+0100 (CET);Fri Nov 08 2019 07:22:08 GMT+0100 (CET);1573197728000;0.13;28.38;6.67
1438719252742555;9.9;32.1;Fri Nov 08 2019 08:24:02 GMT+0100 (CET);Fri Nov 08 2019 07:24:02 GMT+0100 (CET);1573197842000;0.14;28.56;6.69
1438719252742555;9.9;32.2;Fri Nov 08 2019 08:25:55 GMT+0100 (CET);Fri Nov 08 2019 07:25:55 GMT+0100 (CET);1573197955000;0.13;28.23;6.7
1438719252742555;9.9;32.1;Fri Nov 08 2019 08:27:49 GMT+0100 (CET);Fri Nov 08 2019 07:27:49 GMT+0100 (CET);1573198069000;0.13;27.85;6.72
1438719252742555;9.9;32.2;Fri Nov 08 2019 08:29:42 GMT+0100 (CET);Fri Nov 08 2019 07:29:42 GMT+0100 (CET);1573198182000;0.13;28.36;6.74
1438719252742555;9.9;32.2;Fri Nov 08 2019 08:31:35 GMT+0100 (CET);Fri Nov 08 2019 07:31:35 GMT+0100 (CET);1573198295000;0.14;29.6;6.74
1438719252742555;9.9;32.2;Fri Nov 08 2019 08:33:29 GMT+0100 (CET);Fri Nov 08 2019 07:33:29 GMT+0100 (CET);1573198409000;0.14;31.45;6.77
1438719252742555;9.9;32.3;Fri Nov 08 2019 08:35:22 GMT+0100 (CET);Fri Nov 08 2019 07:35:22 GMT+0100 (CET);1573198522000;0.16;34.37;6.79
1438719252742555;10.4;32.5;Fri Nov 08 2019 08:37:17 GMT+0100 (CET);Fri Nov 08 2019 07:37:17 GMT+0100 (CET);1573198637000;0.18;37.73;6.82
1438719252742555;10.4;32.8;Fri Nov 08 2019 08:39:26 GMT+0100 (CET);Fri Nov 08 2019 07:39:26 GMT+0100 (CET);1573198766000;0.19;40.37;6.85
1438719252742555;10.4;33.1;Fri Nov 08 2019 08:41:22 GMT+0100 (CET);Fri Nov 08 2019 07:41:22 GMT+0100 (CET);1573198882000;0.19;40.56;6.88
1438719252742555;10.4;33.2;Fri Nov 08 2019 08:43:15 GMT+0100 (CET);Fri Nov 08 2019 07:43:15 GMT+0100 (CET);1573198995000;0.2;40.91;6.89
1438719252742555;10.4;33.1;Fri Nov 08 2019 08:45:09 GMT+0100 (CET);Fri Nov 08 2019 07:45:09 GMT+0100 (CET);1573199109000;0.2;42.37;6.88
1438719252742555;11.9;33.4;Fri Nov 08 2019 08:47:02 GMT+0100 (CET);Fri Nov 08 2019 07:47:02 GMT+0100 (CET);1573199222000;0.22;44.99;6.91
1438719252742555;11.9;33.5;Fri Nov 08 2019 08:48:59 GMT+0100 (CET);Fri Nov 08 2019 07:48:59 GMT+0100 (CET);1573199339000;0.23;46.84;6.93
1438719252742555;11.9;33.6;Fri Nov 08 2019 08:50:52 GMT+0100 (CET);Fri Nov 08 2019 07:50:52 GMT+0100 (CET);1573199452000;0.23;47.72;6.97
1438719252742555;11.9;33.6;Fri Nov 08 2019 08:52:45 GMT+0100 (CET);Fri Nov 08 2019 07:52:45 GMT+0100 (CET);1573199565000;0.23;47.91;6.99
1438719252742555;11.9;33.6;Fri Nov 08 2019 08:54:38 GMT+0100 (CET);Fri Nov 08 2019 07:54:38 GMT+0100 (CET);1573199678000;0.23;48.02;7
1438719252742555;11.9;33.6;Fri Nov 08 2019 08:56:30 GMT+0100 (CET);Fri Nov 08 2019 07:56:30 GMT+0100 (CET);1573199790000;0.24;47.47;7.02
1438719252742555;11.9;33.5;Fri Nov 08 2019 08:58:25 GMT+0100 (CET);Fri Nov 08 2019 07:58:25 GMT+0100 (CET);1573199905000;0.22;45.86;7.02
1438719252742555;11.9;33.5;Fri Nov 08 2019 09:00:27 GMT+0100 (CET);Fri Nov 08 2019 08:00:27 GMT+0100 (CET);1573200027000;0.22;45.25;7.02
1438719252742555;11.9;33.5;Fri Nov 08 2019 09:02:20 GMT+0100 (CET);Fri Nov 08 2019 08:02:20 GMT+0100 (CET);1573200140000;0.22;44.82;7.02
1438719252742555;11.9;33.5;Fri Nov 08 2019 09:04:26 GMT+0100 (CET);Fri Nov 08 2019 08:04:26 GMT+0100 (CET);1573200266000;0.22;44.42;6.98
1438719252742555;11.9;33.5;Fri Nov 08 2019 09:06:23 GMT+0100 (CET);Fri Nov 08 2019 08:06:23 GMT+0100 (CET);1573200383000;0.21;43.68;6.96
1438719252742555;11.9;33.5;Fri Nov 08 2019 09:08:44 GMT+0100 (CET);Fri Nov 08 2019 08:08:44 GMT+0100 (CET);1573200524000;0.2;40.21;6.92
1438719252742555;11.9;33.3;Fri Nov 08 2019 09:10:37 GMT+0100 (CET);Fri Nov 08 2019 08:10:37 GMT+0100 (CET);1573200637000;0.18;38.09;6.91
1438719252742555;11.9;33.1;Fri Nov 08 2019 09:12:31 GMT+0100 (CET);Fri Nov 08 2019 08:12:31 GMT+0100 (CET);1573200751000;0.18;36.45;6.92
1438719252742555;11.9;32.8;Fri Nov 08 2019 09:14:28 GMT+0100 (CET);Fri Nov 08 2019 08:14:28 GMT+0100 (CET);1573200868000;0.18;36.02;6.92
1438719252742555;11.9;33;Fri Nov 08 2019 09:16:23 GMT+0100 (CET);Fri Nov 08 2019 08:16:23 GMT+0100 (CET);1573200983000;0.18;37.42;6.95
1438719252742555;11.9;33;Fri Nov 08 2019 09:18:18 GMT+0100 (CET);Fri Nov 08 2019 08:18:18 GMT+0100 (CET);1573201098000;0.18;37.86;6.97
1438719252742555;11.9;33;Fri Nov 08 2019 09:20:23 GMT+0100 (CET);Fri Nov 08 2019 08:20:23 GMT+0100 (CET);1573201223000;0.18;36.27;6.99
1438719252742555;11.9;32.8;Fri Nov 08 2019 09:22:21 GMT+0100 (CET);Fri Nov 08 2019 08:22:21 GMT+0100 (CET);1573201341000;0.17;34.13;7.02
1438719252742555;11.9;32.6;Fri Nov 08 2019 09:24:21 GMT+0100 (CET);Fri Nov 08 2019 08:24:21 GMT+0100 (CET);1573201461000;0.16;32.8;7.01
1438719252742555;11.9;32.7;Fri Nov 08 2019 09:26:22 GMT+0100 (CET);Fri Nov 08 2019 08:26:22 GMT+0100 (CET);1573201582000;0.16;32.46;7.03
1438719252742555;11.9;32.4;Fri Nov 08 2019 09:28:18 GMT+0100 (CET);Fri Nov 08 2019 08:28:18 GMT+0100 (CET);1573201698000;0.16;31.96;7.07
1438719252742555;11.9;32.5;Fri Nov 08 2019 09:30:16 GMT+0100 (CET);Fri Nov 08 2019 08:30:16 GMT+0100 (CET);1573201816000;0.16;33.3;7.09
1438719252742555;11.9;32.7;Fri Nov 08 2019 09:32:09 GMT+0100 (CET);Fri Nov 08 2019 08:32:09 GMT+0100 (CET);1573201929000;0.18;35.84;7.11
1438719252742555;11.9;32.7;Fri Nov 08 2019 09:34:05 GMT+0100 (CET);Fri Nov 08 2019 08:34:05 GMT+0100 (CET);1573202045000;0.19;38.63;7.14
1438719252742555;11.9;33;Fri Nov 08 2019 09:36:00 GMT+0100 (CET);Fri Nov 08 2019 08:36:00 GMT+0100 (CET);1573202160000;0.2;40.25;7.2
1438719252742555;11.9;33;Fri Nov 08 2019 09:37:53 GMT+0100 (CET);Fri Nov 08 2019 08:37:53 GMT+0100 (CET);1573202273000;0.2;40.47;7.25
1438719252742555;11.9;32.9;Fri Nov 08 2019 09:39:53 GMT+0100 (CET);Fri Nov 08 2019 08:39:53 GMT+0100 (CET);1573202393000;0.2;39.7;7.28
1438719252742555;11.9;33;Fri Nov 08 2019 09:41:46 GMT+0100 (CET);Fri Nov 08 2019 08:41:46 GMT+0100 (CET);1573202506000;0.19;39.27;7.32
1438719252742555;11.9;32.8;Fri Nov 08 2019 09:43:52 GMT+0100 (CET);Fri Nov 08 2019 08:43:52 GMT+0100 (CET);1573202632000;0.19;38.93;7.35
1438719252742555;11.9;32.9;Fri Nov 08 2019 09:45:44 GMT+0100 (CET);Fri Nov 08 2019 08:45:44 GMT+0100 (CET);1573202744000;0.2;39.18;7.38
1438719252742555;11.9;33;Fri Nov 08 2019 09:47:37 GMT+0100 (CET);Fri Nov 08 2019 08:47:37 GMT+0100 (CET);1573202857000;0.2;39.65;7.41
1438719252742555;11.9;33;Fri Nov 08 2019 09:49:31 GMT+0100 (CET);Fri Nov 08 2019 08:49:31 GMT+0100 (CET);1573202971000;0.2;40.54;7.46
1438719252742555;11.9;33.1;Fri Nov 08 2019 09:51:29 GMT+0100 (CET);Fri Nov 08 2019 08:51:29 GMT+0100 (CET);1573203089000;0.21;42.66;7.48
1438719252742555;11.9;33.1;Fri Nov 08 2019 09:53:22 GMT+0100 (CET);Fri Nov 08 2019 08:53:22 GMT+0100 (CET);1573203202000;0.22;45.02;7.51
1438719252742555;11.9;33.3;Fri Nov 08 2019 09:55:23 GMT+0100 (CET);Fri Nov 08 2019 08:55:23 GMT+0100 (CET);1573203323000;0.24;47.68;7.56
1438719252742555;11.9;33.5;Fri Nov 08 2019 09:57:16 GMT+0100 (CET);Fri Nov 08 2019 08:57:16 GMT+0100 (CET);1573203436000;0.24;49.69;7.6
1438719252742555;11.9;33.4;Fri Nov 08 2019 09:59:09 GMT+0100 (CET);Fri Nov 08 2019 08:59:09 GMT+0100 (CET);1573203549000;0.25;51.41;7.65
1438719252742555;11.9;33.5;Fri Nov 08 2019 10:01:02 GMT+0100 (CET);Fri Nov 08 2019 09:01:02 GMT+0100 (CET);1573203662000;0.26;52.55;7.69
1438719252742555;11.9;33.5;Fri Nov 08 2019 10:02:54 GMT+0100 (CET);Fri Nov 08 2019 09:02:54 GMT+0100 (CET);1573203774000;0.27;54.46;7.76
1438719252742555;11.9;33.6;Fri Nov 08 2019 10:05:23 GMT+0100 (CET);Fri Nov 08 2019 09:05:23 GMT+0100 (CET);1573203923000;0.28;56.66;7.83
1438719252742555;11.9;33.7;Fri Nov 08 2019 10:07:17 GMT+0100 (CET);Fri Nov 08 2019 09:07:17 GMT+0100 (CET);1573204037000;0.28;57.13;7.86
1438719252742555;11.9;33.6;Fri Nov 08 2019 10:09:10 GMT+0100 (CET);Fri Nov 08 2019 09:09:10 GMT+0100 (CET);1573204150000;0.28;56.96;7.91
1438719252742555;12.4;33.6;Fri Nov 08 2019 10:11:03 GMT+0100 (CET);Fri Nov 08 2019 09:11:03 GMT+0100 (CET);1573204263000;0.29;59.02;7.98
1438719252742555;12.4;33.8;Fri Nov 08 2019 10:12:57 GMT+0100 (CET);Fri Nov 08 2019 09:12:57 GMT+0100 (CET);1573204377000;0.32;63.54;8.01
1438719252742555;12.4;33.9;Fri Nov 08 2019 10:14:53 GMT+0100 (CET);Fri Nov 08 2019 09:14:53 GMT+0100 (CET);1573204493000;0.34;69.07;8.07
1438719252742555;12.4;34.2;Fri Nov 08 2019 10:16:49 GMT+0100 (CET);Fri Nov 08 2019 09:16:49 GMT+0100 (CET);1573204609000;0.36;72.09;8.11
1438719252742555;12.4;34.2;Fri Nov 08 2019 10:18:42 GMT+0100 (CET);Fri Nov 08 2019 09:18:42 GMT+0100 (CET);1573204722000;0.37;73.65;8.14
1438719252742555;12.4;34.3;Fri Nov 08 2019 10:20:41 GMT+0100 (CET);Fri Nov 08 2019 09:20:41 GMT+0100 (CET);1573204841000;0.38;75.41;8.21
1438719252742555;12.4;34.3;Fri Nov 08 2019 10:22:36 GMT+0100 (CET);Fri Nov 08 2019 09:22:36 GMT+0100 (CET);1573204956000;0.39;76.07;8.25
1438719252742555;13.9;34.2;Fri Nov 08 2019 10:24:28 GMT+0100 (CET);Fri Nov 08 2019 09:24:28 GMT+0100 (CET);1573205068000;0.38;75.22;8.29
1438719252742555;13.9;34.1;Fri Nov 08 2019 10:26:41 GMT+0100 (CET);Fri Nov 08 2019 09:26:41 GMT+0100 (CET);1573205201000;0.36;72.89;8.36
1438719252742555;13.9;34.1;Fri Nov 08 2019 10:28:34 GMT+0100 (CET);Fri Nov 08 2019 09:28:34 GMT+0100 (CET);1573205314000;0.35;69.93;8.41
1438719252742555;13.9;34.1;Fri Nov 08 2019 10:30:27 GMT+0100 (CET);Fri Nov 08 2019 09:30:27 GMT+0100 (CET);1573205427000;0.34;66.68;8.45
1438719252742555;13.9;33.9;Fri Nov 08 2019 10:32:20 GMT+0100 (CET);Fri Nov 08 2019 09:32:20 GMT+0100 (CET);1573205540000;0.32;62.89;8.49
1438719252742555;13.9;33.7;Fri Nov 08 2019 10:34:28 GMT+0100 (CET);Fri Nov 08 2019 09:34:28 GMT+0100 (CET);1573205668000;0.3;59.36;8.47
1438719252742555;13.9;33.6;Fri Nov 08 2019 10:36:32 GMT+0100 (CET);Fri Nov 08 2019 09:36:32 GMT+0100 (CET);1573205792000;0.3;60.1;8.49
1438719252742555;13.9;33.7;Fri Nov 08 2019 10:38:25 GMT+0100 (CET);Fri Nov 08 2019 09:38:25 GMT+0100 (CET);1573205905000;0.33;64.33;8.47
1438719252742555;13.9;33.9;Fri Nov 08 2019 10:40:17 GMT+0100 (CET);Fri Nov 08 2019 09:40:17 GMT+0100 (CET);1573206017000;0.34;67.15;8.49
1438719252742555;13.9;33.9;Fri Nov 08 2019 10:42:14 GMT+0100 (CET);Fri Nov 08 2019 09:42:14 GMT+0100 (CET);1573206134000;0.34;68.11;8.5
1438719252742555;13.9;34.1;Fri Nov 08 2019 10:44:15 GMT+0100 (CET);Fri Nov 08 2019 09:44:15 GMT+0100 (CET);1573206255000;0.36;71.85;8.5
1438719252742555;13.9;34.1;Fri Nov 08 2019 10:46:15 GMT+0100 (CET);Fri Nov 08 2019 09:46:15 GMT+0100 (CET);1573206375000;0.38;75.79;8.5
1438719252742555;13.9;34.4;Fri Nov 08 2019 10:48:07 GMT+0100 (CET);Fri Nov 08 2019 09:48:07 GMT+0100 (CET);1573206487000;0.39;78.48;8.53
1438719252742555;13.9;34.3;Fri Nov 08 2019 10:50:14 GMT+0100 (CET);Fri Nov 08 2019 09:50:14 GMT+0100 (CET);1573206614000;0.41;83.03;8.62
1438719252742555;13.9;34.4;Fri Nov 08 2019 10:52:06 GMT+0100 (CET);Fri Nov 08 2019 09:52:06 GMT+0100 (CET);1573206726000;0.43;86.62;8.67
1438719252742555;13.9;34.5;Fri Nov 08 2019 10:54:00 GMT+0100 (CET);Fri Nov 08 2019 09:54:00 GMT+0100 (CET);1573206840000;0.46;92.34;8.74
1438719252742555;13.9;34.8;Fri Nov 08 2019 10:55:53 GMT+0100 (CET);Fri Nov 08 2019 09:55:53 GMT+0100 (CET);1573206953000;0.48;96.67;8.79
1438719252742555;13.9;35;Fri Nov 08 2019 10:57:46 GMT+0100 (CET);Fri Nov 08 2019 09:57:46 GMT+0100 (CET);1573207066000;0.48;97.95;8.87
1438719252742555;13.9;35;Fri Nov 08 2019 10:59:42 GMT+0100 (CET);Fri Nov 08 2019 09:59:42 GMT+0100 (CET);1573207182000;0.49;98.95;8.93
1438719252742555;14.4;35;Fri Nov 08 2019 11:01:36 GMT+0100 (CET);Fri Nov 08 2019 10:01:36 GMT+0100 (CET);1573207296000;0.5;102.72;8.98
1438719252742555;14.4;35.2;Fri Nov 08 2019 11:03:28 GMT+0100 (CET);Fri Nov 08 2019 10:03:28 GMT+0100 (CET);1573207408000;0.56;111.85;9.05
1438719252742555;14.4;35.3;Fri Nov 08 2019 11:05:29 GMT+0100 (CET);Fri Nov 08 2019 10:05:29 GMT+0100 (CET);1573207529000;0.6;121.78;9.18
1438719252742555;14.4;35.4;Fri Nov 08 2019 11:07:23 GMT+0100 (CET);Fri Nov 08 2019 10:07:23 GMT+0100 (CET);1573207643000;0.6;121.17;9.26
1438719252742555;14.4;35.3;Fri Nov 08 2019 11:09:34 GMT+0100 (CET);Fri Nov 08 2019 10:09:34 GMT+0100 (CET);1573207774000;0.58;118.61;9.28
1438719252742555;15.9;35.3;Fri Nov 08 2019 11:11:26 GMT+0100 (CET);Fri Nov 08 2019 10:11:26 GMT+0100 (CET);1573207886000;0.58;119.19;9.33
1438719252742555;15.9;35.3;Fri Nov 08 2019 11:13:19 GMT+0100 (CET);Fri Nov 08 2019 10:13:19 GMT+0100 (CET);1573207999000;0.58;118.69;9.37
1438719252742555;15.9;35.2;Fri Nov 08 2019 11:15:16 GMT+0100 (CET);Fri Nov 08 2019 10:15:16 GMT+0100 (CET);1573208116000;0.57;117.14;9.36
1438719252742555;15.9;35.2;Fri Nov 08 2019 11:17:12 GMT+0100 (CET);Fri Nov 08 2019 10:17:12 GMT+0100 (CET);1573208232000;0.57;116.06;9.38
1438719252742555;15.9;35.1;Fri Nov 08 2019 11:19:10 GMT+0100 (CET);Fri Nov 08 2019 10:19:10 GMT+0100 (CET);1573208350000;0.55;112.1;9.37
1438719252742555;15.9;35;Fri Nov 08 2019 11:21:03 GMT+0100 (CET);Fri Nov 08 2019 10:21:03 GMT+0100 (CET);1573208463000;0.52;106.72;9.43
1438719252742555;15.9;34.9;Fri Nov 08 2019 11:23:24 GMT+0100 (CET);Fri Nov 08 2019 10:23:24 GMT+0100 (CET);1573208604000;0.45;92.79;9.5
1438719252742555;15.9;34.8;Fri Nov 08 2019 11:25:17 GMT+0100 (CET);Fri Nov 08 2019 10:25:17 GMT+0100 (CET);1573208717000;0.41;85.1;9.53
1438719252742555;15.9;34.3;Fri Nov 08 2019 11:27:12 GMT+0100 (CET);Fri Nov 08 2019 10:27:12 GMT+0100 (CET);1573208832000;0.45;90.72;9.58
1438719252742555;15.9;34.4;Fri Nov 08 2019 11:29:05 GMT+0100 (CET);Fri Nov 08 2019 10:29:05 GMT+0100 (CET);1573208945000;0.51;102.97;9.57
1438719252742555;15.9;34.6;Fri Nov 08 2019 11:30:58 GMT+0100 (CET);Fri Nov 08 2019 10:30:58 GMT+0100 (CET);1573209058000;0.5;99.31;9.57
1438719252742555;15.9;34.5;Fri Nov 08 2019 11:32:52 GMT+0100 (CET);Fri Nov 08 2019 10:32:52 GMT+0100 (CET);1573209172000;0.44;87.43;9.6
1438719252742555;15.9;34.4;Fri Nov 08 2019 11:34:45 GMT+0100 (CET);Fri Nov 08 2019 10:34:45 GMT+0100 (CET);1573209285000;0.36;72.95;9.61
1438719252742555;15.9;33.9;Fri Nov 08 2019 11:36:41 GMT+0100 (CET);Fri Nov 08 2019 10:36:41 GMT+0100 (CET);1573209401000;0.32;65.12;9.51
1438719252742555;15.9;33.5;Fri Nov 08 2019 11:38:35 GMT+0100 (CET);Fri Nov 08 2019 10:38:35 GMT+0100 (CET);1573209515000;0.36;72.06;9.46
1438719252742555;15.9;33.9;Fri Nov 08 2019 11:40:29 GMT+0100 (CET);Fri Nov 08 2019 10:40:29 GMT+0100 (CET);1573209629000;0.38;76.49;9.4
1438719252742555;15.9;34.1;Fri Nov 08 2019 11:42:23 GMT+0100 (CET);Fri Nov 08 2019 10:42:23 GMT+0100 (CET);1573209743000;0.42;83.88;9.36
1438719252742555;15.9;34.2;Fri Nov 08 2019 11:44:16 GMT+0100 (CET);Fri Nov 08 2019 10:44:16 GMT+0100 (CET);1573209856000;0.46;91.42;9.37
1438719252742555;15.9;34.3;Fri Nov 08 2019 11:46:12 GMT+0100 (CET);Fri Nov 08 2019 10:46:12 GMT+0100 (CET);1573209972000;0.47;92.54;9.39
1438719252742555;15.9;34.3;Fri Nov 08 2019 11:48:05 GMT+0100 (CET);Fri Nov 08 2019 10:48:05 GMT+0100 (CET);1573210085000;0.52;103.52;9.43
1438719252742555;15.9;34.7;Fri Nov 08 2019 11:50:00 GMT+0100 (CET);Fri Nov 08 2019 10:50:00 GMT+0100 (CET);1573210200000;0.51;101.15;9.48
1438719252742555;15.9;34.5;Fri Nov 08 2019 11:52:45 GMT+0100 (CET);Fri Nov 08 2019 10:52:45 GMT+0100 (CET);1573210365000;0.48;95.81;9.47
1438719252742555;15.9;34.5;Fri Nov 08 2019 11:54:38 GMT+0100 (CET);Fri Nov 08 2019 10:54:38 GMT+0100 (CET);1573210478000;0.47;93.92;9.42
1438719252742555;15.9;34.5;Fri Nov 08 2019 11:56:37 GMT+0100 (CET);Fri Nov 08 2019 10:56:37 GMT+0100 (CET);1573210597000;0.41;80.76;9.38
1438719252742555;15.9;34.2;Fri Nov 08 2019 11:58:32 GMT+0100 (CET);Fri Nov 08 2019 10:58:32 GMT+0100 (CET);1573210712000;0.33;66.75;9.33
1438719252742555;15.9;34;Fri Nov 08 2019 12:00:27 GMT+0100 (CET);Fri Nov 08 2019 11:00:27 GMT+0100 (CET);1573210827000;0.3;61;9.28
1438719252742555;15.9;33.7;Fri Nov 08 2019 12:02:20 GMT+0100 (CET);Fri Nov 08 2019 11:02:20 GMT+0100 (CET);1573210940000;0.32;64.63;9.23
1438719252742555;14.4;33.6;Fri Nov 08 2019 12:04:17 GMT+0100 (CET);Fri Nov 08 2019 11:04:17 GMT+0100 (CET);1573211057000;0.34;67.34;9.17
1438719252742555;14.4;33.8;Fri Nov 08 2019 12:06:26 GMT+0100 (CET);Fri Nov 08 2019 11:06:26 GMT+0100 (CET);1573211186000;0.33;64.94;9.15
1438719252742555;14.4;33.7;Fri Nov 08 2019 12:08:34 GMT+0100 (CET);Fri Nov 08 2019 11:08:34 GMT+0100 (CET);1573211314000;0.31;60.9;9.13
1438719252742555;14.4;33.7;Fri Nov 08 2019 12:10:27 GMT+0100 (CET);Fri Nov 08 2019 11:10:27 GMT+0100 (CET);1573211427000;0.28;55.85;9.1
1438719252742555;14.4;33.5;Fri Nov 08 2019 12:12:20 GMT+0100 (CET);Fri Nov 08 2019 11:12:20 GMT+0100 (CET);1573211540000;0.26;50.95;9.09
1438719252742555;14.4;33.3;Fri Nov 08 2019 12:14:16 GMT+0100 (CET);Fri Nov 08 2019 11:14:16 GMT+0100 (CET);1573211656000;0.2;41.18;9.06
1438719252742555;14.4;32.8;Fri Nov 08 2019 12:16:20 GMT+0100 (CET);Fri Nov 08 2019 11:16:20 GMT+0100 (CET);1573211780000;0.18;37.41;8.95
1438719252742555;13.9;32.6;Fri Nov 08 2019 12:18:23 GMT+0100 (CET);Fri Nov 08 2019 11:18:23 GMT+0100 (CET);1573211903000;0.22;41.95;8.89
1438719252742555;13.9;32.8;Fri Nov 08 2019 12:20:26 GMT+0100 (CET);Fri Nov 08 2019 11:20:26 GMT+0100 (CET);1573212026000;0.2;39.66;8.82
1438719252742555;13.9;32.9;Fri Nov 08 2019 12:22:22 GMT+0100 (CET);Fri Nov 08 2019 11:22:22 GMT+0100 (CET);1573212142000;0.17;35.87;8.77
1438719252742555;13.9;32.8;Fri Nov 08 2019 12:24:17 GMT+0100 (CET);Fri Nov 08 2019 11:24:17 GMT+0100 (CET);1573212257000;0.15;30.83;8.75
1438719252742555;13.9;32.5;Fri Nov 08 2019 12:26:12 GMT+0100 (CET);Fri Nov 08 2019 11:26:12 GMT+0100 (CET);1573212372000;0.13;27.25;8.72
1438719252742555;13.9;31.4;Fri Nov 08 2019 12:28:04 GMT+0100 (CET);Fri Nov 08 2019 11:28:04 GMT+0100 (CET);1573212484000;0.14;27.96;8.67
1438719252742555;13.9;31.6;Fri Nov 08 2019 12:29:57 GMT+0100 (CET);Fri Nov 08 2019 11:29:57 GMT+0100 (CET);1573212597000;0.13;26.71;8.58
1438719252742555;12.4;31.6;Fri Nov 08 2019 12:31:51 GMT+0100 (CET);Fri Nov 08 2019 11:31:51 GMT+0100 (CET);1573212711000;0.13;27.29;8.53
1438719252742555;12.4;31.7;Fri Nov 08 2019 12:33:48 GMT+0100 (CET);Fri Nov 08 2019 11:33:48 GMT+0100 (CET);1573212828000;0.18;36.4;8.49
1438719252742555;12.4;32.3;Fri Nov 08 2019 12:35:46 GMT+0100 (CET);Fri Nov 08 2019 11:35:46 GMT+0100 (CET);1573212946000;0.2;39.73;8.48
1438719252742555;12.4;32.7;Fri Nov 08 2019 12:37:39 GMT+0100 (CET);Fri Nov 08 2019 11:37:39 GMT+0100 (CET);1573213059000;0.2;40.26;8.46
1438719252742555;12.4;33;Fri Nov 08 2019 12:39:44 GMT+0100 (CET);Fri Nov 08 2019 11:39:44 GMT+0100 (CET);1573213184000;0.23;45.44;8.48
1438719252742555;12.4;33.2;Fri Nov 08 2019 12:41:49 GMT+0100 (CET);Fri Nov 08 2019 11:41:49 GMT+0100 (CET);1573213309000;0.24;49.14;8.5
1438719252742555;12.4;33.4;Fri Nov 08 2019 12:43:43 GMT+0100 (CET);Fri Nov 08 2019 11:43:43 GMT+0100 (CET);1573213423000;0.29;57.38;8.54
1438719252742555;12.4;33.5;Fri Nov 08 2019 12:45:36 GMT+0100 (CET);Fri Nov 08 2019 11:45:36 GMT+0100 (CET);1573213536000;0.25;49.75;8.58
1438719252742555;12.4;33.4;Fri Nov 08 2019 12:47:29 GMT+0100 (CET);Fri Nov 08 2019 11:47:29 GMT+0100 (CET);1573213649000;0.26;52.12;8.6
1438719252742555;12.4;33.3;Fri Nov 08 2019 12:49:18 GMT+0100 (CET);Fri Nov 08 2019 11:49:18 GMT+0100 (CET);1573213758000;0.27;51.82;8.6
1438719252742555;13.9;33.4;Fri Nov 08 2019 12:51:13 GMT+0100 (CET);Fri Nov 08 2019 11:51:13 GMT+0100 (CET);1573213873000;0.3;60.61;8.6
1438719252742555;13.9;33.8;Fri Nov 08 2019 12:53:11 GMT+0100 (CET);Fri Nov 08 2019 11:53:11 GMT+0100 (CET);1573213991000;0.35;69.85;8.64
1438719252742555;13.9;34.1;Fri Nov 08 2019 12:55:05 GMT+0100 (CET);Fri Nov 08 2019 11:55:05 GMT+0100 (CET);1573214105000;0.36;70.68;8.66
1438719252742555;13.9;34.1;Fri Nov 08 2019 12:56:58 GMT+0100 (CET);Fri Nov 08 2019 11:56:58 GMT+0100 (CET);1573214218000;0.35;68.61;8.71
1438719252742555;13.9;34;Fri Nov 08 2019 12:58:50 GMT+0100 (CET);Fri Nov 08 2019 11:58:50 GMT+0100 (CET);1573214330000;0.33;65.1;8.73
1438719252742555;13.9;33.9;Fri Nov 08 2019 13:00:45 GMT+0100 (CET);Fri Nov 08 2019 12:00:45 GMT+0100 (CET);1573214445000;0.29;56.08;8.75
1438719252742555;13.9;33.7;Fri Nov 08 2019 13:02:49 GMT+0100 (CET);Fri Nov 08 2019 12:02:49 GMT+0100 (CET);1573214569000;0.27;52.64;8.67
1438719252742555;13.9;33.5;Fri Nov 08 2019 13:04:42 GMT+0100 (CET);Fri Nov 08 2019 12:04:42 GMT+0100 (CET);1573214682000;0.26;51.11;8.57
1438719252742555;13.9;33.4;Fri Nov 08 2019 13:06:43 GMT+0100 (CET);Fri Nov 08 2019 12:06:43 GMT+0100 (CET);1573214803000;0.3;57.86;8.43
1438719252742555;13.9;33.7;Fri Nov 08 2019 13:08:36 GMT+0100 (CET);Fri Nov 08 2019 12:08:36 GMT+0100 (CET);1573214916000;0.3;58.91;8.32
1438719252742555;13.9;33.9;Fri Nov 08 2019 13:10:30 GMT+0100 (CET);Fri Nov 08 2019 12:10:30 GMT+0100 (CET);1573215030000;0.28;54.1;8.21
1438719252742555;13.9;33.7;Fri Nov 08 2019 13:12:28 GMT+0100 (CET);Fri Nov 08 2019 12:12:28 GMT+0100 (CET);1573215148000;0.24;47.17;8.11
1438719252742555;13.9;33.5;Fri Nov 08 2019 13:14:21 GMT+0100 (CET);Fri Nov 08 2019 12:14:21 GMT+0100 (CET);1573215261000;0.19;37.69;8.03
1438719252742555;13.9;32.9;Fri Nov 08 2019 13:16:20 GMT+0100 (CET);Fri Nov 08 2019 12:16:20 GMT+0100 (CET);1573215380000;0.21;39.92;7.88
1438719252742555;13.9;33;Fri Nov 08 2019 13:18:18 GMT+0100 (CET);Fri Nov 08 2019 12:18:18 GMT+0100 (CET);1573215498000;0.18;34.35;7.72
1438719252742555;13.9;32.7;Fri Nov 08 2019 13:20:12 GMT+0100 (CET);Fri Nov 08 2019 12:20:12 GMT+0100 (CET);1573215612000;0.19;36.64;7.64
1438719252742555;12.4;33;Fri Nov 08 2019 13:22:05 GMT+0100 (CET);Fri Nov 08 2019 12:22:05 GMT+0100 (CET);1573215725000;0.23;42.95;7.58
1438719252742555;12.4;33.3;Fri Nov 08 2019 13:24:06 GMT+0100 (CET);Fri Nov 08 2019 12:24:06 GMT+0100 (CET);1573215846000;0.24;46.37;7.54
1438719252742555;12.4;33.5;Fri Nov 08 2019 13:26:04 GMT+0100 (CET);Fri Nov 08 2019 12:26:04 GMT+0100 (CET);1573215964000;0.24;45.23;7.48
1438719252742555;12.4;33.5;Fri Nov 08 2019 13:27:57 GMT+0100 (CET);Fri Nov 08 2019 12:27:57 GMT+0100 (CET);1573216077000;0.22;41.44;7.46
1438719252742555;12.4;33.3;Fri Nov 08 2019 13:30:22 GMT+0100 (CET);Fri Nov 08 2019 12:30:22 GMT+0100 (CET);1573216222000;0.19;36.4;7.41
1438719252742555;12.4;33;Fri Nov 08 2019 13:32:16 GMT+0100 (CET);Fri Nov 08 2019 12:32:16 GMT+0100 (CET);1573216336000;0.19;36.78;7.35
1438719252742555;11.9;32.6;Fri Nov 08 2019 13:34:21 GMT+0100 (CET);Fri Nov 08 2019 12:34:21 GMT+0100 (CET);1573216461000;0.23;44.47;7.31
1438719252742555;11.9;33;Fri Nov 08 2019 13:36:16 GMT+0100 (CET);Fri Nov 08 2019 12:36:16 GMT+0100 (CET);1573216576000;0.32;59.23;7.29
1438719252742555;11.9;33.7;Fri Nov 08 2019 13:38:12 GMT+0100 (CET);Fri Nov 08 2019 12:38:12 GMT+0100 (CET);1573216692000;0.36;68.36;7.3
1438719252742555;12.4;34.2;Fri Nov 08 2019 13:40:05 GMT+0100 (CET);Fri Nov 08 2019 12:40:05 GMT+0100 (CET);1573216805000;0.32;62.25;7.31
1438719252742555;12.4;34.1;Fri Nov 08 2019 13:42:10 GMT+0100 (CET);Fri Nov 08 2019 12:42:10 GMT+0100 (CET);1573216930000;0.26;51.56;7.28
1438719252742555;12.4;33.7;Fri Nov 08 2019 13:44:04 GMT+0100 (CET);Fri Nov 08 2019 12:44:04 GMT+0100 (CET);1573217044000;0.27;51.64;7.26
1438719252742555;12.4;33.6;Fri Nov 08 2019 13:45:59 GMT+0100 (CET);Fri Nov 08 2019 12:45:59 GMT+0100 (CET);1573217159000;0.31;58.61;7.24
1438719252742555;12.4;33.7;Fri Nov 08 2019 13:47:52 GMT+0100 (CET);Fri Nov 08 2019 12:47:52 GMT+0100 (CET);1573217272000;0.37;68.31;7.21
1438719252742555;12.4;34.3;Fri Nov 08 2019 13:49:55 GMT+0100 (CET);Fri Nov 08 2019 12:49:55 GMT+0100 (CET);1573217395000;0.45;86.92;7.21
1438719252742555;12.4;34.6;Fri Nov 08 2019 13:51:48 GMT+0100 (CET);Fri Nov 08 2019 12:51:48 GMT+0100 (CET);1573217508000;0.5;96.86;7.24
1438719252742555;13.9;35.3;Fri Nov 08 2019 13:53:44 GMT+0100 (CET);Fri Nov 08 2019 12:53:44 GMT+0100 (CET);1573217624000;0.5;97.93;7.35
1438719252742555;13.9;35.3;Fri Nov 08 2019 13:55:44 GMT+0100 (CET);Fri Nov 08 2019 12:55:44 GMT+0100 (CET);1573217744000;0.46;91.43;7.45
1438719252742555;13.9;35.2;Fri Nov 08 2019 13:57:37 GMT+0100 (CET);Fri Nov 08 2019 12:57:37 GMT+0100 (CET);1573217857000;0.39;76.29;7.52
1438719252742555;13.9;35;Fri Nov 08 2019 13:59:32 GMT+0100 (CET);Fri Nov 08 2019 12:59:32 GMT+0100 (CET);1573217972000;0.32;64.79;7.5
1438719252742555;13.9;34.9;Fri Nov 08 2019 14:01:30 GMT+0100 (CET);Fri Nov 08 2019 13:01:30 GMT+0100 (CET);1573218090000;0.27;56.7;7.48
1438719252742555;14.4;34.5;Fri Nov 08 2019 14:03:23 GMT+0100 (CET);Fri Nov 08 2019 13:03:23 GMT+0100 (CET);1573218203000;0.26;52.18;7.45
1438719252742555;14.4;33.5;Fri Nov 08 2019 14:05:20 GMT+0100 (CET);Fri Nov 08 2019 13:05:20 GMT+0100 (CET);1573218320000;0.26;50.96;7.39
1438719252742555;12.4;33.5;Fri Nov 08 2019 14:07:55 GMT+0100 (CET);Fri Nov 08 2019 13:07:55 GMT+0100 (CET);1573218475000;0.27;54.12;7.35
1438719252742555;12.4;33.6;Fri Nov 08 2019 14:10:02 GMT+0100 (CET);Fri Nov 08 2019 13:10:02 GMT+0100 (CET);1573218602000;0.3;58.81;7.28
1438719252742555;12.4;34.2;Fri Nov 08 2019 14:13:55 GMT+0100 (CET);Fri Nov 08 2019 13:13:55 GMT+0100 (CET);1573218835000;0.35;69.65;7.24
1438719252742555;12.4;34.1;Fri Nov 08 2019 14:16:30 GMT+0100 (CET);Fri Nov 08 2019 13:16:30 GMT+0100 (CET);1573218990000;0.32;59.63;7.25
1438719252742555;12.4;33.6;Fri Nov 08 2019 14:21:33 GMT+0100 (CET);Fri Nov 08 2019 13:21:33 GMT+0100 (CET);1573219293000;0.24;48.6;7.13
1438719252742555;12.4;33.4;Fri Nov 08 2019 14:24:07 GMT+0100 (CET);Fri Nov 08 2019 13:24:07 GMT+0100 (CET);1573219447000;0.23;44.98;7.07
1438719252742555;8.4;31.4;Sat Nov 09 2019 10:26:27 GMT+0100 (CET);Sat Nov 09 2019 09:26:27 GMT+0100 (CET);1573291587000;0.09;19.18;5.32
1438719252742555;9.9;33.6;Sat Nov 09 2019 10:49:02 GMT+0100 (CET);Sat Nov 09 2019 09:49:02 GMT+0100 (CET);1573292942000;0.26;51.28;5.58
1438719252742555;9.9;33.3;Sat Nov 09 2019 11:02:16 GMT+0100 (CET);Sat Nov 09 2019 10:02:16 GMT+0100 (CET);1573293736000;0.2;42.03;5.82
1438719252742555;11.9;34;Sat Nov 09 2019 11:19:55 GMT+0100 (CET);Sat Nov 09 2019 10:19:55 GMT+0100 (CET);1573294795000;0.39;107.69;6.47
1438719252742555;11.9;35;Sat Nov 09 2019 11:22:47 GMT+0100 (CET);Sat Nov 09 2019 10:22:47 GMT+0100 (CET);1573294967000;0.53;111.82;6.57
1438719252742555;11.9;35.7;Sat Nov 09 2019 11:24:40 GMT+0100 (CET);Sat Nov 09 2019 10:24:40 GMT+0100 (CET);1573295080000;0.64;116.48;6.61
1438719252742555;13.9;34.7;Sat Nov 09 2019 11:36:54 GMT+0100 (CET);Sat Nov 09 2019 10:36:54 GMT+0100 (CET);1573295814000;0.41;153.15;7.02
1438719252742555;13.9;33.7;Sat Nov 09 2019 11:43:09 GMT+0100 (CET);Sat Nov 09 2019 10:43:09 GMT+0100 (CET);1573296189000;0.32;422.39;8.22
1438719252742555;15.9;36.7;Sat Nov 09 2019 11:57:17 GMT+0100 (CET);Sat Nov 09 2019 10:57:17 GMT+0100 (CET);1573297037000;3.52;744.55;9.46
1438719252742555;15.9;33.9;Sat Nov 09 2019 11:59:10 GMT+0100 (CET);Sat Nov 09 2019 10:59:10 GMT+0100 (CET);1573297150000;1.14;252.41;9.95
1438719252742555;16.4;36;Sat Nov 09 2019 12:03:07 GMT+0100 (CET);Sat Nov 09 2019 11:03:07 GMT+0100 (CET);1573297387000;1.42;307.47;10.17
1438719252742555;22;34.7;Sat Nov 09 2019 12:18:23 GMT+0100 (CET);Sat Nov 09 2019 11:18:23 GMT+0100 (CET);1573298303000;0.92;196.93;10.81
1438719252742555;20.5;34.2;Sat Nov 09 2019 12:22:17 GMT+0100 (CET);Sat Nov 09 2019 11:22:17 GMT+0100 (CET);1573298537000;0.68;147.96;10.1
1438719252742555;20;34.8;Sat Nov 09 2019 12:24:12 GMT+0100 (CET);Sat Nov 09 2019 11:24:12 GMT+0100 (CET);1573298652000;0.88;195.81;9.83
1438719252742555;20;36;Sat Nov 09 2019 12:26:04 GMT+0100 (CET);Sat Nov 09 2019 11:26:04 GMT+0100 (CET);1573298764000;1.11;271.53;9.71
1438719252742555;20;35.8;Sat Nov 09 2019 12:27:58 GMT+0100 (CET);Sat Nov 09 2019 11:27:58 GMT+0100 (CET);1573298878000;1.06;232.47;9.67
1438719252742555;20;35.9;Sat Nov 09 2019 12:29:54 GMT+0100 (CET);Sat Nov 09 2019 11:29:54 GMT+0100 (CET);1573298994000;1.16;252.24;9.64
1438719252742555;20;35.8;Sat Nov 09 2019 12:32:28 GMT+0100 (CET);Sat Nov 09 2019 11:32:28 GMT+0100 (CET);1573299148000;1.11;246.76;9.73
1438719252742555;17.4;35.8;Sat Nov 09 2019 12:34:21 GMT+0100 (CET);Sat Nov 09 2019 11:34:21 GMT+0100 (CET);1573299261000;1.48;282.04;9.75
1438719252742555;17.4;35.9;Sat Nov 09 2019 12:36:26 GMT+0100 (CET);Sat Nov 09 2019 11:36:26 GMT+0100 (CET);1573299386000;0.97;215.82;9.89
1438719252742555;20;35.4;Sat Nov 09 2019 12:38:42 GMT+0100 (CET);Sat Nov 09 2019 11:38:42 GMT+0100 (CET);1573299522000;0.97;211.6;9.89
1438719252742555;20;35.5;Sat Nov 09 2019 12:40:37 GMT+0100 (CET);Sat Nov 09 2019 11:40:37 GMT+0100 (CET);1573299637000;0.99;210.28;9.88
1438719252742555;20;35.5;Sat Nov 09 2019 12:42:47 GMT+0100 (CET);Sat Nov 09 2019 11:42:47 GMT+0100 (CET);1573299767000;0.97;208.62;9.84
1438719252742555;17.4;35.2;Sat Nov 09 2019 12:45:31 GMT+0100 (CET);Sat Nov 09 2019 11:45:31 GMT+0100 (CET);1573299931000;0.71;156.56;9.79
1438719252742555;17.4;34.7;Sat Nov 09 2019 12:47:58 GMT+0100 (CET);Sat Nov 09 2019 11:47:58 GMT+0100 (CET);1573300078000;0.58;126.48;9.52
1438719252742555;17.4;34.1;Sat Nov 09 2019 12:50:01 GMT+0100 (CET);Sat Nov 09 2019 11:50:01 GMT+0100 (CET);1573300201000;0.42;92.71;9.37
1438719252742555;17.4;33.8;Sat Nov 09 2019 12:52:02 GMT+0100 (CET);Sat Nov 09 2019 11:52:02 GMT+0100 (CET);1573300322000;0.3;66.74;9.23
1438719252742555;17.4;33.3;Sat Nov 09 2019 12:53:55 GMT+0100 (CET);Sat Nov 09 2019 11:53:55 GMT+0100 (CET);1573300435000;0.32;69.13;9.08
1438719252742555;17.4;33.5;Sat Nov 09 2019 12:55:47 GMT+0100 (CET);Sat Nov 09 2019 11:55:47 GMT+0100 (CET);1573300547000;0.34;75.4;8.91
1438719252742555;16.4;33.6;Sat Nov 09 2019 12:57:40 GMT+0100 (CET);Sat Nov 09 2019 11:57:40 GMT+0100 (CET);1573300660000;0.3;66.94;8.77
1438719252742555;16.4;33.5;Sat Nov 09 2019 12:59:33 GMT+0100 (CET);Sat Nov 09 2019 11:59:33 GMT+0100 (CET);1573300773000;0.26;58.7;8.64
1438719252742555;16.4;33;Sat Nov 09 2019 13:01:25 GMT+0100 (CET);Sat Nov 09 2019 12:01:25 GMT+0100 (CET);1573300885000;0.25;56.78;8.53
1438719252742555;15.9;33;Sat Nov 09 2019 13:03:20 GMT+0100 (CET);Sat Nov 09 2019 12:03:20 GMT+0100 (CET);1573301000000;0.35;76.34;8.5
1438719252742555;15.9;34;Sat Nov 09 2019 13:05:14 GMT+0100 (CET);Sat Nov 09 2019 12:05:14 GMT+0100 (CET);1573301114000;0.66;143.99;8.53
1438719252742555;14.4;35.6;Sat Nov 09 2019 13:07:07 GMT+0100 (CET);Sat Nov 09 2019 12:07:07 GMT+0100 (CET);1573301227000;1.11;250.35;8.73
1438719252742555;14.4;37.1;Sat Nov 09 2019 13:09:00 GMT+0100 (CET);Sat Nov 09 2019 12:09:00 GMT+0100 (CET);1573301340000;1.48;318.34;9.24
1438719252742555;16.4;36.1;Sat Nov 09 2019 13:10:54 GMT+0100 (CET);Sat Nov 09 2019 12:10:54 GMT+0100 (CET);1573301454000;1.05;215.57;9.64
1438719252742555;16.4;35;Sat Nov 09 2019 13:12:47 GMT+0100 (CET);Sat Nov 09 2019 12:12:47 GMT+0100 (CET);1573301567000;0.61;130.19;9.83
1438719252742555;16.4;33.7;Sat Nov 09 2019 13:14:42 GMT+0100 (CET);Sat Nov 09 2019 12:14:42 GMT+0100 (CET);1573301682000;0.48;104.86;9.78
1438719252742555;16.4;33.6;Sat Nov 09 2019 13:16:35 GMT+0100 (CET);Sat Nov 09 2019 12:16:35 GMT+0100 (CET);1573301795000;0.43;94.1;9.72
1438719252742555;16.4;33.6;Sat Nov 09 2019 13:18:33 GMT+0100 (CET);Sat Nov 09 2019 12:18:33 GMT+0100 (CET);1573301913000;0.44;96.46;9.61
1438719252742555;15.9;33.8;Sat Nov 09 2019 13:20:26 GMT+0100 (CET);Sat Nov 09 2019 12:20:26 GMT+0100 (CET);1573302026000;0.47;100.36;9.47
1438719252742555;15.9;33.9;Sat Nov 09 2019 13:22:21 GMT+0100 (CET);Sat Nov 09 2019 12:22:21 GMT+0100 (CET);1573302141000;0.46;94.47;9.37
1438719252742555;15.9;33.9;Sat Nov 09 2019 13:24:15 GMT+0100 (CET);Sat Nov 09 2019 12:24:15 GMT+0100 (CET);1573302255000;0.4;83.25;9.32
1438719252742555;15.9;33.7;Sat Nov 09 2019 13:26:15 GMT+0100 (CET);Sat Nov 09 2019 12:26:15 GMT+0100 (CET);1573302375000;0.3;63.35;9.21
1438719252742555;15.9;33.2;Sat Nov 09 2019 13:28:13 GMT+0100 (CET);Sat Nov 09 2019 12:28:13 GMT+0100 (CET);1573302493000;0.3;62.91;9.08
1438719252742555;15.9;33.3;Sat Nov 09 2019 13:30:14 GMT+0100 (CET);Sat Nov 09 2019 12:30:14 GMT+0100 (CET);1573302614000;0.29;62;8.96
1438719252742555;15.9;33.4;Sat Nov 09 2019 13:32:15 GMT+0100 (CET);Sat Nov 09 2019 12:32:15 GMT+0100 (CET);1573302735000;0.3;64.34;8.85
1438719252742555;15.9;33.4;Sat Nov 09 2019 13:34:15 GMT+0100 (CET);Sat Nov 09 2019 12:34:15 GMT+0100 (CET);1573302855000;0.29;63.65;8.74
1438719252742555;14.4;33.3;Sat Nov 09 2019 13:36:10 GMT+0100 (CET);Sat Nov 09 2019 12:36:10 GMT+0100 (CET);1573302970000;0.26;56.67;8.67
1438719252742555;14.4;33.3;Sat Nov 09 2019 13:38:03 GMT+0100 (CET);Sat Nov 09 2019 12:38:03 GMT+0100 (CET);1573303083000;0.23;50.84;8.57
1438719252742555;13.9;32.7;Sat Nov 09 2019 13:39:56 GMT+0100 (CET);Sat Nov 09 2019 12:39:56 GMT+0100 (CET);1573303196000;0.29;62.99;8.49
1438719252742555;13.9;33;Sat Nov 09 2019 13:41:58 GMT+0100 (CET);Sat Nov 09 2019 12:41:58 GMT+0100 (CET);1573303318000;0.3;67.54;8.46
1438719252742555;13.9;33;Sat Nov 09 2019 13:43:51 GMT+0100 (CET);Sat Nov 09 2019 12:43:51 GMT+0100 (CET);1573303431000;0.24;54.05;8.42
1438719252742555;13.9;32.3;Sat Nov 09 2019 13:45:44 GMT+0100 (CET);Sat Nov 09 2019 12:45:44 GMT+0100 (CET);1573303544000;0.19;43.74;8.39
1438719252742555;13.9;31.3;Sat Nov 09 2019 13:47:37 GMT+0100 (CET);Sat Nov 09 2019 12:47:37 GMT+0100 (CET);1573303657000;0.18;42.63;8.36
1438719252742555;12.4;30.5;Sat Nov 09 2019 13:49:30 GMT+0100 (CET);Sat Nov 09 2019 12:49:30 GMT+0100 (CET);1573303770000;0.27;65.19;8.39
1438719252742555;12.4;30.3;Sat Nov 09 2019 13:51:26 GMT+0100 (CET);Sat Nov 09 2019 12:51:26 GMT+0100 (CET);1573303886000;0.47;98.78;8.4
1438719252742555;11.9;28.2;Sat Nov 09 2019 13:53:18 GMT+0100 (CET);Sat Nov 09 2019 12:53:18 GMT+0100 (CET);1573303998000;0.61;130.97;8.5
1438719252742555;11.9;35.4;Sat Nov 09 2019 13:55:13 GMT+0100 (CET);Sat Nov 09 2019 12:55:13 GMT+0100 (CET);1573304113000;0.78;170.11;8.67
1438719252742555;11.9;35.6;Sat Nov 09 2019 13:57:06 GMT+0100 (CET);Sat Nov 09 2019 12:57:06 GMT+0100 (CET);1573304226000;0.77;169.25;8.83
1438719252742555;13.9;35.5;Sat Nov 09 2019 13:58:58 GMT+0100 (CET);Sat Nov 09 2019 12:58:58 GMT+0100 (CET);1573304338000;0.74;164.69;9.01
1438719252742555;13.9;35.4;Sat Nov 09 2019 14:00:52 GMT+0100 (CET);Sat Nov 09 2019 13:00:52 GMT+0100 (CET);1573304452000;0.7;157.33;9.13
1438719252742555;13.9;35.2;Sat Nov 09 2019 14:02:45 GMT+0100 (CET);Sat Nov 09 2019 13:02:45 GMT+0100 (CET);1573304565000;0.66;145.8;9.16
1438719252742555;14.4;35.1;Sat Nov 09 2019 14:04:37 GMT+0100 (CET);Sat Nov 09 2019 13:04:37 GMT+0100 (CET);1573304677000;0.63;139.41;9.17
1438719252742555;14.4;35.2;Sat Nov 09 2019 14:06:36 GMT+0100 (CET);Sat Nov 09 2019 13:06:36 GMT+0100 (CET);1573304796000;0.68;148.53;9.21
1438719252742555;15.9;35.3;Sat Nov 09 2019 14:08:29 GMT+0100 (CET);Sat Nov 09 2019 13:08:29 GMT+0100 (CET);1573304909000;0.66;142.71;9.28
1438719252742555;15.9;35.1;Sat Nov 09 2019 14:10:23 GMT+0100 (CET);Sat Nov 09 2019 13:10:23 GMT+0100 (CET);1573305023000;0.59;129.45;9.32
1438719252742555;15.9;34.5;Sat Nov 09 2019 14:12:16 GMT+0100 (CET);Sat Nov 09 2019 13:12:16 GMT+0100 (CET);1573305136000;0.54;118.38;9.3
1438719252742555;15.9;34.2;Sat Nov 09 2019 14:14:10 GMT+0100 (CET);Sat Nov 09 2019 13:14:10 GMT+0100 (CET);1573305250000;0.45;100.51;9.27
1438719252742555;15.9;33.9;Sat Nov 09 2019 14:16:08 GMT+0100 (CET);Sat Nov 09 2019 13:16:08 GMT+0100 (CET);1573305368000;0.41;90.55;9.23
1438719252742555;15.9;33.8;Sat Nov 09 2019 14:18:01 GMT+0100 (CET);Sat Nov 09 2019 13:18:01 GMT+0100 (CET);1573305481000;0.41;91.61;9.2
1438719252742555;15.9;33.5;Sat Nov 09 2019 14:19:54 GMT+0100 (CET);Sat Nov 09 2019 13:19:54 GMT+0100 (CET);1573305594000;0.37;82.55;9.22
1438719252742555;14.4;32.9;Sat Nov 09 2019 14:22:00 GMT+0100 (CET);Sat Nov 09 2019 13:22:00 GMT+0100 (CET);1573305720000;0.32;73.7;9.26
1438719252742555;14.4;33;Sat Nov 09 2019 14:23:52 GMT+0100 (CET);Sat Nov 09 2019 13:23:52 GMT+0100 (CET);1573305832000;0.33;74.73;9.24
1438719252742555;14.4;34.4;Sat Nov 09 2019 14:25:46 GMT+0100 (CET);Sat Nov 09 2019 13:25:46 GMT+0100 (CET);1573305946000;0.94;173.27;9.29
1438719252742555;15.9;33;Sat Nov 09 2019 14:27:40 GMT+0100 (CET);Sat Nov 09 2019 13:27:40 GMT+0100 (CET);1573306060000;0.67;149.65;9.39
1438719252742555;15.9;35.7;Sat Nov 09 2019 14:29:34 GMT+0100 (CET);Sat Nov 09 2019 13:29:34 GMT+0100 (CET);1573306174000;0.85;188.74;9.43
1438719252742555;15.9;35.9;Sat Nov 09 2019 14:31:27 GMT+0100 (CET);Sat Nov 09 2019 13:31:27 GMT+0100 (CET);1573306287000;0.78;176.19;9.48
1438719252742555;15.9;35.8;Sat Nov 09 2019 14:33:20 GMT+0100 (CET);Sat Nov 09 2019 13:33:20 GMT+0100 (CET);1573306400000;0.76;174.31;9.53
1438719252742555;15.9;35.6;Sat Nov 09 2019 14:35:13 GMT+0100 (CET);Sat Nov 09 2019 13:35:13 GMT+0100 (CET);1573306513000;0.79;189.76;9.57
1438719252742555;15.9;36.9;Sat Nov 09 2019 14:37:37 GMT+0100 (CET);Sat Nov 09 2019 13:37:37 GMT+0100 (CET);1573306657000;1.83;422.39;10.07
1438719252742555;15.9;36.2;Sat Nov 09 2019 14:39:30 GMT+0100 (CET);Sat Nov 09 2019 13:39:30 GMT+0100 (CET);1573306770000;1.81;389.11;10.45
1438719252742555;16.4;35.6;Sat Nov 09 2019 14:41:22 GMT+0100 (CET);Sat Nov 09 2019 13:41:22 GMT+0100 (CET);1573306882000;0.49;106.92;10.55
1438719252742555;16.4;32.1;Sat Nov 09 2019 14:43:18 GMT+0100 (CET);Sat Nov 09 2019 13:43:18 GMT+0100 (CET);1573306998000;0.42;95.85;10.24
1438719252742555;16.4;33.1;Sat Nov 09 2019 14:45:16 GMT+0100 (CET);Sat Nov 09 2019 13:45:16 GMT+0100 (CET);1573307116000;0.4;88.79;9.85
1438719252742555;15.9;33.6;Sat Nov 09 2019 14:47:08 GMT+0100 (CET);Sat Nov 09 2019 13:47:08 GMT+0100 (CET);1573307228000;0.42;96.12;9.53
1438719252742555;15.9;33.7;Sat Nov 09 2019 14:49:01 GMT+0100 (CET);Sat Nov 09 2019 13:49:01 GMT+0100 (CET);1573307341000;0.51;110.43;9.34
1438719252742555;15.9;34.1;Sat Nov 09 2019 14:50:54 GMT+0100 (CET);Sat Nov 09 2019 13:50:54 GMT+0100 (CET);1573307454000;0.55;120.75;9.23
1438719252742555;15.9;35.3;Sat Nov 09 2019 14:53:05 GMT+0100 (CET);Sat Nov 09 2019 13:53:05 GMT+0100 (CET);1573307585000;0.57;124.39;9.27
1438719252742555;15.9;35;Sat Nov 09 2019 14:54:57 GMT+0100 (CET);Sat Nov 09 2019 13:54:57 GMT+0100 (CET);1573307697000;0.55;117.57;9.28
1438719252742555;15.9;34.6;Sat Nov 09 2019 14:57:00 GMT+0100 (CET);Sat Nov 09 2019 13:57:00 GMT+0100 (CET);1573307820000;0.46;100.92;9.2
1438719252742555;15.9;34.4;Sat Nov 09 2019 14:58:53 GMT+0100 (CET);Sat Nov 09 2019 13:58:53 GMT+0100 (CET);1573307933000;0.4;87.25;9.15
1438719252742555;14.4;34.3;Sat Nov 09 2019 15:00:45 GMT+0100 (CET);Sat Nov 09 2019 14:00:45 GMT+0100 (CET);1573308045000;0.36;76.69;9.07
1438719252742555;14.4;34.1;Sat Nov 09 2019 15:02:38 GMT+0100 (CET);Sat Nov 09 2019 14:02:38 GMT+0100 (CET);1573308158000;0.31;69.36;8.99
1438719252742555;15.9;34.1;Sat Nov 09 2019 15:04:41 GMT+0100 (CET);Sat Nov 09 2019 14:04:41 GMT+0100 (CET);1573308281000;0.28;61.38;8.87
1438719252742555;15.9;34.3;Sat Nov 09 2019 15:06:34 GMT+0100 (CET);Sat Nov 09 2019 14:06:34 GMT+0100 (CET);1573308394000;0.3;65.45;8.82
1438719252742555;15.9;34.1;Sat Nov 09 2019 15:08:31 GMT+0100 (CET);Sat Nov 09 2019 14:08:31 GMT+0100 (CET);1573308511000;0.35;75.75;8.78
1438719252742555;14.4;34.3;Sat Nov 09 2019 15:10:23 GMT+0100 (CET);Sat Nov 09 2019 14:10:23 GMT+0100 (CET);1573308623000;0.32;70.77;8.75
1438719252742555;14.4;33.9;Sat Nov 09 2019 15:12:17 GMT+0100 (CET);Sat Nov 09 2019 14:12:17 GMT+0100 (CET);1573308737000;0.26;57.28;8.65
1438719252742555;13.9;33.8;Sat Nov 09 2019 15:14:10 GMT+0100 (CET);Sat Nov 09 2019 14:14:10 GMT+0100 (CET);1573308850000;0.23;52.2;8.53
1438719252742555;13.9;33.5;Sat Nov 09 2019 15:16:11 GMT+0100 (CET);Sat Nov 09 2019 14:16:11 GMT+0100 (CET);1573308971000;0.22;50.68;8.35
1438719252742555;13.9;33.3;Sat Nov 09 2019 15:18:07 GMT+0100 (CET);Sat Nov 09 2019 14:18:07 GMT+0100 (CET);1573309087000;0.22;50.37;8.26
1438719252742555;13.9;33.2;Sat Nov 09 2019 15:20:00 GMT+0100 (CET);Sat Nov 09 2019 14:20:00 GMT+0100 (CET);1573309200000;0.24;53.64;8.2
1438719252742555;13.9;33.1;Sat Nov 09 2019 15:22:02 GMT+0100 (CET);Sat Nov 09 2019 14:22:02 GMT+0100 (CET);1573309322000;0.23;51.4;8.17
1438719252742555;12.4;33.2;Sat Nov 09 2019 15:23:57 GMT+0100 (CET);Sat Nov 09 2019 14:23:57 GMT+0100 (CET);1573309437000;0.23;52.04;8.18
1438719252742555;12.4;35.4;Sat Nov 09 2019 15:25:50 GMT+0100 (CET);Sat Nov 09 2019 14:25:50 GMT+0100 (CET);1573309550000;0.22;51.69;8.22
1438719252742555;12.4;33.2;Sat Nov 09 2019 15:27:46 GMT+0100 (CET);Sat Nov 09 2019 14:27:46 GMT+0100 (CET);1573309666000;0.23;73.49;8.26
1438719252742555;13.9;36.3;Sat Nov 09 2019 15:29:39 GMT+0100 (CET);Sat Nov 09 2019 14:29:39 GMT+0100 (CET);1573309779000;0.29;186.28;8.36
1438719252742555;13.9;40.4;Sat Nov 09 2019 15:31:32 GMT+0100 (CET);Sat Nov 09 2019 14:31:32 GMT+0100 (CET);1573309892000;0.31;202.41;8.77
1438719252742555;15.9;40.4;Sat Nov 09 2019 15:33:25 GMT+0100 (CET);Sat Nov 09 2019 14:33:25 GMT+0100 (CET);1573310005000;0.38;177.56;9.26
1438719252742555;15.9;40.3;Sat Nov 09 2019 15:35:18 GMT+0100 (CET);Sat Nov 09 2019 14:35:18 GMT+0100 (CET);1573310118000;0.46;119.58;9.5
1438719252742555;15.9;39.5;Sat Nov 09 2019 15:37:11 GMT+0100 (CET);Sat Nov 09 2019 14:37:11 GMT+0100 (CET);1573310231000;0.38;86.94;9.57
1438719252742555;16.4;37.9;Sat Nov 09 2019 15:39:30 GMT+0100 (CET);Sat Nov 09 2019 14:39:30 GMT+0100 (CET);1573310370000;0.32;67.45;9.42
1438719252742555;16.4;29.6;Sat Nov 09 2019 15:41:23 GMT+0100 (CET);Sat Nov 09 2019 14:41:23 GMT+0100 (CET);1573310483000;0.29;63.75;9.21
1438719252742555;14.4;31.1;Sat Nov 09 2019 15:43:16 GMT+0100 (CET);Sat Nov 09 2019 14:43:16 GMT+0100 (CET);1573310596000;0.3;69.58;8.96
1438719252742555;14.4;23.8;Sat Nov 09 2019 15:45:09 GMT+0100 (CET);Sat Nov 09 2019 14:45:09 GMT+0100 (CET);1573310709000;0.28;62.18;8.83
1438719252742555;12.4;33.3;Sat Nov 09 2019 15:47:14 GMT+0100 (CET);Sat Nov 09 2019 14:47:14 GMT+0100 (CET);1573310834000;0.31;103.22;8.71
1438719252742555;12.4;34.1;Sat Nov 09 2019 15:49:06 GMT+0100 (CET);Sat Nov 09 2019 14:49:06 GMT+0100 (CET);1573310946000;0.32;75.22;8.67
1438719252742555;12.4;34.7;Sat Nov 09 2019 15:50:59 GMT+0100 (CET);Sat Nov 09 2019 14:50:59 GMT+0100 (CET);1573311059000;0.28;63.16;8.63
1438719252742555;13.9;34.8;Sat Nov 09 2019 15:52:52 GMT+0100 (CET);Sat Nov 09 2019 14:52:52 GMT+0100 (CET);1573311172000;0.24;53.91;8.54
1438719252742555;13.9;33.9;Sat Nov 09 2019 15:54:56 GMT+0100 (CET);Sat Nov 09 2019 14:54:56 GMT+0100 (CET);1573311296000;0.25;57.82;8.41
1438719252742555;13.9;34.9;Sat Nov 09 2019 15:56:49 GMT+0100 (CET);Sat Nov 09 2019 14:56:49 GMT+0100 (CET);1573311409000;0.24;55.46;8.34
1438719252742555;13.9;33.8;Sat Nov 09 2019 15:58:42 GMT+0100 (CET);Sat Nov 09 2019 14:58:42 GMT+0100 (CET);1573311522000;0.23;52.1;8.25
1438719252742555;13.9;33.9;Sat Nov 09 2019 16:00:36 GMT+0100 (CET);Sat Nov 09 2019 15:00:36 GMT+0100 (CET);1573311636000;0.21;46.33;8.17
1438719252742555;12.4;33.3;Sat Nov 09 2019 16:02:36 GMT+0100 (CET);Sat Nov 09 2019 15:02:36 GMT+0100 (CET);1573311756000;0.19;41.38;8.12
1438719252742555;12.4;33.3;Sat Nov 09 2019 16:04:29 GMT+0100 (CET);Sat Nov 09 2019 15:04:29 GMT+0100 (CET);1573311869000;0.15;35.51;8.07
1438719252742555;11.9;32.8;Sat Nov 09 2019 16:06:22 GMT+0100 (CET);Sat Nov 09 2019 15:06:22 GMT+0100 (CET);1573311982000;0.15;35.51;8.03
1438719252742555;11.9;32.8;Sat Nov 09 2019 16:08:15 GMT+0100 (CET);Sat Nov 09 2019 15:08:15 GMT+0100 (CET);1573312095000;0.15;36.95;8
1438719252742555;11.9;32.8;Sat Nov 09 2019 16:10:21 GMT+0100 (CET);Sat Nov 09 2019 15:10:21 GMT+0100 (CET);1573312221000;0.14;34.62;7.96
1438719252742555;11.9;32.6;Sat Nov 09 2019 16:12:14 GMT+0100 (CET);Sat Nov 09 2019 15:12:14 GMT+0100 (CET);1573312334000;0.15;34.61;7.89
1438719252742555;11.9;32.7;Sat Nov 09 2019 16:14:07 GMT+0100 (CET);Sat Nov 09 2019 15:14:07 GMT+0100 (CET);1573312447000;0.14;32.3;7.85
1438719252742555;11.9;32.7;Sat Nov 09 2019 16:16:01 GMT+0100 (CET);Sat Nov 09 2019 15:16:01 GMT+0100 (CET);1573312561000;0.11;26.8;7.79
1438719252742555;11.9;32.1;Sat Nov 09 2019 16:18:02 GMT+0100 (CET);Sat Nov 09 2019 15:18:02 GMT+0100 (CET);1573312682000;0.09;21.57;7.71
1438719252742555;11.9;31.6;Sat Nov 09 2019 16:19:55 GMT+0100 (CET);Sat Nov 09 2019 15:19:55 GMT+0100 (CET);1573312795000;0.09;19.34;7.63
1438719252742555;10.4;31.2;Sat Nov 09 2019 16:21:48 GMT+0100 (CET);Sat Nov 09 2019 15:21:48 GMT+0100 (CET);1573312908000;0.09;21.25;7.6
1438719252742555;10.4;31.4;Sat Nov 09 2019 16:23:40 GMT+0100 (CET);Sat Nov 09 2019 15:23:40 GMT+0100 (CET);1573313020000;0.08;17.74;7.57
1438719252742555;10.4;31.4;Sat Nov 09 2019 16:25:35 GMT+0100 (CET);Sat Nov 09 2019 15:25:35 GMT+0100 (CET);1573313135000;0.06;14.56;7.51
1438719252742555;10.4;30.5;Sat Nov 09 2019 16:27:28 GMT+0100 (CET);Sat Nov 09 2019 15:27:28 GMT+0100 (CET);1573313248000;0.06;12.21;7.46
1438719252742555;10.4;30;Sat Nov 09 2019 16:29:22 GMT+0100 (CET);Sat Nov 09 2019 15:29:22 GMT+0100 (CET);1573313362000;0;10.87;7.39
1438719252742555;9.9;29.5;Sat Nov 09 2019 16:31:16 GMT+0100 (CET);Sat Nov 09 2019 15:31:16 GMT+0100 (CET);1573313476000;0;9.6;7.31
1438719252742555;9.9;28.8;Sat Nov 09 2019 16:33:09 GMT+0100 (CET);Sat Nov 09 2019 15:33:09 GMT+0100 (CET);1573313589000;0;6.55;7.18
1438719252742555;8.4;28.4;Sat Nov 09 2019 16:35:02 GMT+0100 (CET);Sat Nov 09 2019 15:35:02 GMT+0100 (CET);1573313702000;0;5.6;7.04
1438719252742555;8.4;27.6;Sat Nov 09 2019 16:37:03 GMT+0100 (CET);Sat Nov 09 2019 15:37:03 GMT+0100 (CET);1573313823000;0;4.83;6.88
1438719252742555;8.4;33.5;Sat Nov 09 2019 16:38:55 GMT+0100 (CET);Sat Nov 09 2019 15:38:55 GMT+0100 (CET);1573313935000;0;4.23;6.76
1438719252742555;9.9;32.8;Sat Nov 09 2019 16:40:48 GMT+0100 (CET);Sat Nov 09 2019 15:40:48 GMT+0100 (CET);1573314048000;0;3.02;6.6
1438719252742555;9.9;30.2;Sat Nov 09 2019 16:42:41 GMT+0100 (CET);Sat Nov 09 2019 15:42:41 GMT+0100 (CET);1573314161000;0;2.47;6.5
1438719252742555;8.4;31.2;Sat Nov 09 2019 16:44:34 GMT+0100 (CET);Sat Nov 09 2019 15:44:34 GMT+0100 (CET);1573314274000;0;1.46;6.33
1438719252742555;8.4;29.9;Sat Nov 09 2019 16:46:27 GMT+0100 (CET);Sat Nov 09 2019 15:46:27 GMT+0100 (CET);1573314387000;0;0.83;6.19
1438719252742555;7.9;27.9;Sat Nov 09 2019 16:48:19 GMT+0100 (CET);Sat Nov 09 2019 15:48:19 GMT+0100 (CET);1573314499000;0;0.64;6.04
1438719252742555;7.9;20.9;Sat Nov 09 2019 16:50:12 GMT+0100 (CET);Sat Nov 09 2019 15:50:12 GMT+0100 (CET);1573314612000;0;0.73;5.95
1438719252742555;7.9;20.9;Sat Nov 09 2019 16:52:04 GMT+0100 (CET);Sat Nov 09 2019 15:52:04 GMT+0100 (CET);1573314724000;0;0.44;5.85
1438719252742555;7.9;20.9;Sat Nov 09 2019 16:53:57 GMT+0100 (CET);Sat Nov 09 2019 15:53:57 GMT+0100 (CET);1573314837000;0;-0.01;5.76
1438719252742555;0.3;31.6;Sun Nov 10 2019 07:30:42 GMT+0100 (CET);Sun Nov 10 2019 06:30:42 GMT+0100 (CET);1573367442000;0;5.59;1.22
1438719252742555;0.3;33.3;Sun Nov 10 2019 07:32:35 GMT+0100 (CET);Sun Nov 10 2019 06:32:35 GMT+0100 (CET);1573367555000;0;6.3;1.24
1438719252742555;3.8;33.7;Sun Nov 10 2019 07:34:33 GMT+0100 (CET);Sun Nov 10 2019 06:34:33 GMT+0100 (CET);1573367673000;0;6.83;1.25
1438719252742555;3.8;34.5;Sun Nov 10 2019 07:36:29 GMT+0100 (CET);Sun Nov 10 2019 06:36:29 GMT+0100 (CET);1573367789000;0;8.1;1.28
1438719252742555;3.8;35.4;Sun Nov 10 2019 07:38:22 GMT+0100 (CET);Sun Nov 10 2019 06:38:22 GMT+0100 (CET);1573367902000;0;9.08;1.33
1438719252742555;3.8;28.8;Sun Nov 10 2019 07:40:18 GMT+0100 (CET);Sun Nov 10 2019 06:40:18 GMT+0100 (CET);1573368018000;0;9.11;1.35
1438719252742555;3.8;28.4;Sun Nov 10 2019 07:42:12 GMT+0100 (CET);Sun Nov 10 2019 06:42:12 GMT+0100 (CET);1573368132000;0;10.9;1.38
1438719252742555;1.3;28.1;Sun Nov 10 2019 07:44:19 GMT+0100 (CET);Sun Nov 10 2019 06:44:19 GMT+0100 (CET);1573368259000;0;11.16;1.42
1438719252742555;1.3;28.6;Sun Nov 10 2019 07:46:11 GMT+0100 (CET);Sun Nov 10 2019 06:46:11 GMT+0100 (CET);1573368371000;0;11.15;1.47
1438719252742555;1.3;28.1;Sun Nov 10 2019 07:48:16 GMT+0100 (CET);Sun Nov 10 2019 06:48:16 GMT+0100 (CET);1573368496000;0;12.6;1.5
1438719252742555;2.3;29;Sun Nov 10 2019 07:50:09 GMT+0100 (CET);Sun Nov 10 2019 06:50:09 GMT+0100 (CET);1573368609000;0.06;13.64;1.54
1438719252742555;2.3;29.5;Sun Nov 10 2019 07:52:01 GMT+0100 (CET);Sun Nov 10 2019 06:52:01 GMT+0100 (CET);1573368721000;0.06;15.3;1.59
1438719252742555;2.3;29.8;Sun Nov 10 2019 07:53:54 GMT+0100 (CET);Sun Nov 10 2019 06:53:54 GMT+0100 (CET);1573368834000;0.06;14.96;1.62
1438719252742555;2.3;29.8;Sun Nov 10 2019 07:55:58 GMT+0100 (CET);Sun Nov 10 2019 06:55:58 GMT+0100 (CET);1573368958000;0.07;17.78;1.65
1438719252742555;3.8;31.3;Sun Nov 10 2019 07:59:48 GMT+0100 (CET);Sun Nov 10 2019 06:59:48 GMT+0100 (CET);1573369188000;0.08;18.77;1.75
1438719252742555;3.8;31.6;Sun Nov 10 2019 08:01:40 GMT+0100 (CET);Sun Nov 10 2019 07:01:40 GMT+0100 (CET);1573369300000;0.09;19.64;1.8
1438719252742555;4.3;31.4;Sun Nov 10 2019 08:03:50 GMT+0100 (CET);Sun Nov 10 2019 07:03:50 GMT+0100 (CET);1573369430000;0.09;20.2;1.85
1438719252742555;4.3;31.5;Sun Nov 10 2019 08:05:43 GMT+0100 (CET);Sun Nov 10 2019 07:05:43 GMT+0100 (CET);1573369543000;0.09;21.52;1.88
1438719252742555;4.3;31.9;Sun Nov 10 2019 08:07:44 GMT+0100 (CET);Sun Nov 10 2019 07:07:44 GMT+0100 (CET);1573369664000;0.09;20.87;1.92
1438719252742555;4.3;31.5;Sun Nov 10 2019 08:09:36 GMT+0100 (CET);Sun Nov 10 2019 07:09:36 GMT+0100 (CET);1573369776000;0.1;22.05;1.96
1438719252742555;4.3;32;Sun Nov 10 2019 08:11:38 GMT+0100 (CET);Sun Nov 10 2019 07:11:38 GMT+0100 (CET);1573369898000;0.11;25.25;2.02
1438719252742555;5.9;32.4;Sun Nov 10 2019 08:13:31 GMT+0100 (CET);Sun Nov 10 2019 07:13:31 GMT+0100 (CET);1573370011000;0.11;25.29;2.07
1438719252742555;5.9;32.6;Sun Nov 10 2019 08:15:23 GMT+0100 (CET);Sun Nov 10 2019 07:15:23 GMT+0100 (CET);1573370123000;0.13;28.41;2.08
1438719252742555;5.9;32.7;Sun Nov 10 2019 08:17:16 GMT+0100 (CET);Sun Nov 10 2019 07:17:16 GMT+0100 (CET);1573370236000;0.12;26.8;2.13
1438719252742555;5.9;32.4;Sun Nov 10 2019 08:19:24 GMT+0100 (CET);Sun Nov 10 2019 07:19:24 GMT+0100 (CET);1573370364000;0.12;27.1;2.17
1438719252742555;5.9;32.5;Sun Nov 10 2019 08:21:20 GMT+0100 (CET);Sun Nov 10 2019 07:21:20 GMT+0100 (CET);1573370480000;0.13;29.12;2.21
1438719252742555;5.9;33;Sun Nov 10 2019 08:23:23 GMT+0100 (CET);Sun Nov 10 2019 07:23:23 GMT+0100 (CET);1573370603000;0.14;32.02;2.25
1438719252742555;5.9;33;Sun Nov 10 2019 08:25:19 GMT+0100 (CET);Sun Nov 10 2019 07:25:19 GMT+0100 (CET);1573370719000;0.16;35.91;2.27
1438719252742555;5.9;33.5;Sun Nov 10 2019 08:27:13 GMT+0100 (CET);Sun Nov 10 2019 07:27:13 GMT+0100 (CET);1573370833000;0.18;38.78;2.31
1438719252742555;5.9;33.6;Sun Nov 10 2019 08:29:05 GMT+0100 (CET);Sun Nov 10 2019 07:29:05 GMT+0100 (CET);1573370945000;0.2;42.25;2.34
1438719252742555;6.4;33.7;Sun Nov 10 2019 08:30:59 GMT+0100 (CET);Sun Nov 10 2019 07:30:59 GMT+0100 (CET);1573371059000;0.18;38.51;2.41
1438719252742555;6.4;33.5;Sun Nov 10 2019 08:33:21 GMT+0100 (CET);Sun Nov 10 2019 07:33:21 GMT+0100 (CET);1573371201000;0.17;38.38;2.43
1438719252742555;6.4;33.5;Sun Nov 10 2019 08:35:29 GMT+0100 (CET);Sun Nov 10 2019 07:35:29 GMT+0100 (CET);1573371329000;0.18;39.11;2.4
1438719252742555;6.4;33.7;Sun Nov 10 2019 08:37:22 GMT+0100 (CET);Sun Nov 10 2019 07:37:22 GMT+0100 (CET);1573371442000;0.2;43.75;2.4
1438719252742555;6.4;33.9;Sun Nov 10 2019 08:39:26 GMT+0100 (CET);Sun Nov 10 2019 07:39:26 GMT+0100 (CET);1573371566000;0.21;44.47;2.42
1438719252742555;7.9;33.7;Sun Nov 10 2019 08:41:19 GMT+0100 (CET);Sun Nov 10 2019 07:41:19 GMT+0100 (CET);1573371679000;0.2;43.56;2.46
1438719252742555;7.9;33.7;Sun Nov 10 2019 08:43:18 GMT+0100 (CET);Sun Nov 10 2019 07:43:18 GMT+0100 (CET);1573371798000;0.2;43.4;2.5
1438719252742555;7.9;33.9;Sun Nov 10 2019 08:45:11 GMT+0100 (CET);Sun Nov 10 2019 07:45:11 GMT+0100 (CET);1573371911000;0.23;50.07;2.52
1438719252742555;7.9;34.1;Sun Nov 10 2019 08:47:04 GMT+0100 (CET);Sun Nov 10 2019 07:47:04 GMT+0100 (CET);1573372024000;0.25;54.34;2.57
1438719252742555;7.9;34.1;Sun Nov 10 2019 08:48:57 GMT+0100 (CET);Sun Nov 10 2019 07:48:57 GMT+0100 (CET);1573372137000;0.26;57.08;2.6
1438719252742555;7.9;34.3;Sun Nov 10 2019 08:50:53 GMT+0100 (CET);Sun Nov 10 2019 07:50:53 GMT+0100 (CET);1573372253000;0.27;57.5;2.63
1438719252742555;7.9;34.1;Sun Nov 10 2019 08:52:47 GMT+0100 (CET);Sun Nov 10 2019 07:52:47 GMT+0100 (CET);1573372367000;0.28;59.03;2.64
1438719252742555;7.9;34.5;Sun Nov 10 2019 08:54:46 GMT+0100 (CET);Sun Nov 10 2019 07:54:46 GMT+0100 (CET);1573372486000;0.31;67.06;2.69
1438719252742555;7.9;34.4;Sun Nov 10 2019 08:56:39 GMT+0100 (CET);Sun Nov 10 2019 07:56:39 GMT+0100 (CET);1573372599000;0.27;57.5;2.75
1438719252742555;7.9;34.3;Sun Nov 10 2019 08:58:39 GMT+0100 (CET);Sun Nov 10 2019 07:58:39 GMT+0100 (CET);1573372719000;0.3;64.31;2.78
1438719252742555;7.9;34.4;Sun Nov 10 2019 09:00:33 GMT+0100 (CET);Sun Nov 10 2019 08:00:33 GMT+0100 (CET);1573372833000;0.31;65.42;2.77
1438719252742555;7.9;34.5;Sun Nov 10 2019 09:02:26 GMT+0100 (CET);Sun Nov 10 2019 08:02:26 GMT+0100 (CET);1573372946000;0.32;66.92;2.82
1438719252742555;7.9;34.5;Sun Nov 10 2019 09:04:30 GMT+0100 (CET);Sun Nov 10 2019 08:04:30 GMT+0100 (CET);1573373070000;0.35;73.38;2.86
1438719252742555;7.9;34.5;Sun Nov 10 2019 09:06:57 GMT+0100 (CET);Sun Nov 10 2019 08:06:57 GMT+0100 (CET);1573373217000;0.3;65.47;2.91
1438719252742555;8.4;34.4;Sun Nov 10 2019 09:08:51 GMT+0100 (CET);Sun Nov 10 2019 08:08:51 GMT+0100 (CET);1573373331000;0.3;64.28;2.92
1438719252742555;8.4;34.4;Sun Nov 10 2019 09:10:45 GMT+0100 (CET);Sun Nov 10 2019 08:10:45 GMT+0100 (CET);1573373445000;0.33;70.44;2.9
1438719252742555;8.4;34.4;Sun Nov 10 2019 09:12:44 GMT+0100 (CET);Sun Nov 10 2019 08:12:44 GMT+0100 (CET);1573373564000;0.31;66.23;2.93
1438719252742555;8.4;34.4;Sun Nov 10 2019 09:14:36 GMT+0100 (CET);Sun Nov 10 2019 08:14:36 GMT+0100 (CET);1573373676000;0.31;65.71;2.93
1438719252742555;8.4;34.4;Sun Nov 10 2019 09:16:30 GMT+0100 (CET);Sun Nov 10 2019 08:16:30 GMT+0100 (CET);1573373790000;0.35;73.68;2.88
1438719252742555;8.4;34.5;Sun Nov 10 2019 09:18:23 GMT+0100 (CET);Sun Nov 10 2019 08:18:23 GMT+0100 (CET);1573373903000;0.39;81.7;2.83
1438719252742555;8.4;35.2;Sun Nov 10 2019 09:20:18 GMT+0100 (CET);Sun Nov 10 2019 08:20:18 GMT+0100 (CET);1573374018000;0.38;82.14;2.86
1438719252742555;8.4;35.1;Sun Nov 10 2019 09:22:11 GMT+0100 (CET);Sun Nov 10 2019 08:22:11 GMT+0100 (CET);1573374131000;0.36;78.92;2.86
1438719252742555;8.4;35.3;Sun Nov 10 2019 09:24:03 GMT+0100 (CET);Sun Nov 10 2019 08:24:03 GMT+0100 (CET);1573374243000;0.35;77.26;2.89
1438719252742555;8.4;35.2;Sun Nov 10 2019 09:25:56 GMT+0100 (CET);Sun Nov 10 2019 08:25:56 GMT+0100 (CET);1573374356000;0.33;72.88;2.93
1438719252742555;8.4;34.5;Sun Nov 10 2019 09:27:53 GMT+0100 (CET);Sun Nov 10 2019 08:27:53 GMT+0100 (CET);1573374473000;0.34;74.55;3.01
1438719252742555;9.9;34.8;Sun Nov 10 2019 09:29:47 GMT+0100 (CET);Sun Nov 10 2019 08:29:47 GMT+0100 (CET);1573374587000;0.35;76.8;3.02
1438719252742555;9.9;35.2;Sun Nov 10 2019 09:31:39 GMT+0100 (CET);Sun Nov 10 2019 08:31:39 GMT+0100 (CET);1573374699000;0.36;78.7;3.09
1438719252742555;8.4;35.2;Sun Nov 10 2019 09:33:38 GMT+0100 (CET);Sun Nov 10 2019 08:33:38 GMT+0100 (CET);1573374818000;0.36;78.87;3.11
1438719252742555;8.4;35.2;Sun Nov 10 2019 09:35:30 GMT+0100 (CET);Sun Nov 10 2019 08:35:30 GMT+0100 (CET);1573374930000;0.41;90.15;3.17
1438719252742555;9.9;35.5;Sun Nov 10 2019 09:37:46 GMT+0100 (CET);Sun Nov 10 2019 08:37:46 GMT+0100 (CET);1573375066000;0.42;92.22;3.2
1438719252742555;9.9;35.4;Sun Nov 10 2019 09:39:42 GMT+0100 (CET);Sun Nov 10 2019 08:39:42 GMT+0100 (CET);1573375182000;0.39;86.01;3.25
1438719252742555;9.9;35.6;Sun Nov 10 2019 09:41:35 GMT+0100 (CET);Sun Nov 10 2019 08:41:35 GMT+0100 (CET);1573375295000;0.41;91.23;3.26
1438719252742555;10.4;35.5;Sun Nov 10 2019 09:43:33 GMT+0100 (CET);Sun Nov 10 2019 08:43:33 GMT+0100 (CET);1573375413000;0.44;95.87;3.27
1438719252742555;10.4;35.4;Sun Nov 10 2019 09:45:28 GMT+0100 (CET);Sun Nov 10 2019 08:45:28 GMT+0100 (CET);1573375528000;0.39;85.3;3.32
1438719252742555;9.9;35.2;Sun Nov 10 2019 09:47:22 GMT+0100 (CET);Sun Nov 10 2019 08:47:22 GMT+0100 (CET);1573375642000;0.4;87.57;3.39
1438719252742555;9.9;35.4;Sun Nov 10 2019 09:49:31 GMT+0100 (CET);Sun Nov 10 2019 08:49:31 GMT+0100 (CET);1573375771000;0.46;99.21;3.46
1438719252742555;11.9;35.6;Sun Nov 10 2019 09:51:24 GMT+0100 (CET);Sun Nov 10 2019 08:51:24 GMT+0100 (CET);1573375884000;0.45;98.06;3.57
1438719252742555;11.9;35.5;Sun Nov 10 2019 09:54:14 GMT+0100 (CET);Sun Nov 10 2019 08:54:14 GMT+0100 (CET);1573376054000;0.51;108.63;3.68
1438719252742555;11.9;35.8;Sun Nov 10 2019 09:56:07 GMT+0100 (CET);Sun Nov 10 2019 08:56:07 GMT+0100 (CET);1573376167000;0.49;106.88;3.74
1438719252742555;10.4;35.7;Sun Nov 10 2019 09:58:00 GMT+0100 (CET);Sun Nov 10 2019 08:58:00 GMT+0100 (CET);1573376280000;0.47;102.02;3.77
1438719252742555;10.4;35.6;Sun Nov 10 2019 09:59:53 GMT+0100 (CET);Sun Nov 10 2019 08:59:53 GMT+0100 (CET);1573376393000;0.51;111.36;3.86
1438719252742555;10.4;35.8;Sun Nov 10 2019 10:01:46 GMT+0100 (CET);Sun Nov 10 2019 09:01:46 GMT+0100 (CET);1573376506000;0.58;123.68;3.95
1438719252742555;10.4;36;Sun Nov 10 2019 10:03:39 GMT+0100 (CET);Sun Nov 10 2019 09:03:39 GMT+0100 (CET);1573376619000;0.58;124.23;4.01
1438719252742555;10.4;35.7;Sun Nov 10 2019 10:05:32 GMT+0100 (CET);Sun Nov 10 2019 09:05:32 GMT+0100 (CET);1573376732000;0.53;114.68;4.05
1438719252742555;11.9;36;Sun Nov 10 2019 10:07:42 GMT+0100 (CET);Sun Nov 10 2019 09:07:42 GMT+0100 (CET);1573376862000;0.61;130.3;4.1
1438719252742555;11.9;35.9;Sun Nov 10 2019 10:10:11 GMT+0100 (CET);Sun Nov 10 2019 09:10:11 GMT+0100 (CET);1573377011000;0.58;124.05;4.09
1438719252742555;11.9;35.8;Sun Nov 10 2019 10:12:04 GMT+0100 (CET);Sun Nov 10 2019 09:12:04 GMT+0100 (CET);1573377124000;0.52;112.09;4.14
1438719252742555;11.9;35.6;Sun Nov 10 2019 10:13:57 GMT+0100 (CET);Sun Nov 10 2019 09:13:57 GMT+0100 (CET);1573377237000;0.61;128.71;4.12
1438719252742555;11.9;36;Sun Nov 10 2019 10:15:50 GMT+0100 (CET);Sun Nov 10 2019 09:15:50 GMT+0100 (CET);1573377350000;0.61;130.07;4.18
1438719252742555;11.9;35.7;Sun Nov 10 2019 10:17:46 GMT+0100 (CET);Sun Nov 10 2019 09:17:46 GMT+0100 (CET);1573377466000;0.53;115.79;4.25
1438719252742555;11.9;35.7;Sun Nov 10 2019 10:19:41 GMT+0100 (CET);Sun Nov 10 2019 09:19:41 GMT+0100 (CET);1573377581000;0.55;119.59;4.35
1438719252742555;11.9;35.7;Sun Nov 10 2019 10:21:34 GMT+0100 (CET);Sun Nov 10 2019 09:21:34 GMT+0100 (CET);1573377694000;0.56;121.34;4.44
1438719252742555;11.9;35.9;Sun Nov 10 2019 10:23:27 GMT+0100 (CET);Sun Nov 10 2019 09:23:27 GMT+0100 (CET);1573377807000;0.66;138.67;4.53
1438719252742555;11.9;36;Sun Nov 10 2019 10:25:22 GMT+0100 (CET);Sun Nov 10 2019 09:25:22 GMT+0100 (CET);1573377922000;0.62;130.84;4.57
1438719252742555;11.9;35.9;Sun Nov 10 2019 10:27:15 GMT+0100 (CET);Sun Nov 10 2019 09:27:15 GMT+0100 (CET);1573378035000;0.63;134.22;4.6
1438719252742555;11.9;36;Sun Nov 10 2019 10:29:24 GMT+0100 (CET);Sun Nov 10 2019 09:29:24 GMT+0100 (CET);1573378164000;0.64;136.42;4.68
1438719252742555;11.9;35.9;Sun Nov 10 2019 10:31:17 GMT+0100 (CET);Sun Nov 10 2019 09:31:17 GMT+0100 (CET);1573378277000;0.62;132.52;4.73
1438719252742555;11.9;35.8;Sun Nov 10 2019 10:33:16 GMT+0100 (CET);Sun Nov 10 2019 09:33:16 GMT+0100 (CET);1573378396000;0.58;125.28;4.75
1438719252742555;11.9;35.9;Sun Nov 10 2019 10:35:12 GMT+0100 (CET);Sun Nov 10 2019 09:35:12 GMT+0100 (CET);1573378512000;0.64;139.62;4.81
1438719252742555;11.9;36;Sun Nov 10 2019 10:37:07 GMT+0100 (CET);Sun Nov 10 2019 09:37:07 GMT+0100 (CET);1573378627000;0.62;129.58;4.87
1438719252742555;11.9;35.5;Sun Nov 10 2019 10:39:00 GMT+0100 (CET);Sun Nov 10 2019 09:39:00 GMT+0100 (CET);1573378740000;0.51;110.7;4.94
1438719252742555;11.9;35.5;Sun Nov 10 2019 10:40:56 GMT+0100 (CET);Sun Nov 10 2019 09:40:56 GMT+0100 (CET);1573378856000;0.52;112.8;5.04
1438719252742555;11.9;35.5;Sun Nov 10 2019 10:42:49 GMT+0100 (CET);Sun Nov 10 2019 09:42:49 GMT+0100 (CET);1573378969000;0.49;105.87;5.06
1438719252742555;11.9;35.5;Sun Nov 10 2019 10:44:42 GMT+0100 (CET);Sun Nov 10 2019 09:44:42 GMT+0100 (CET);1573379082000;0.6;131.69;5.03
1438719252742555;11.9;35.8;Sun Nov 10 2019 10:46:35 GMT+0100 (CET);Sun Nov 10 2019 09:46:35 GMT+0100 (CET);1573379195000;0.61;131.35;5.03
1438719252742555;11.9;35.7;Sun Nov 10 2019 10:48:28 GMT+0100 (CET);Sun Nov 10 2019 09:48:28 GMT+0100 (CET);1573379308000;0.59;127.49;5.13
1438719252742555;12.4;35.5;Sun Nov 10 2019 10:50:27 GMT+0100 (CET);Sun Nov 10 2019 09:50:27 GMT+0100 (CET);1573379427000;0.57;123.25;5.22
1438719252742555;12.4;35.8;Sun Nov 10 2019 10:52:39 GMT+0100 (CET);Sun Nov 10 2019 09:52:39 GMT+0100 (CET);1573379559000;0.64;137.6;5.25
1438719252742555;12.4;35.7;Sun Nov 10 2019 10:54:32 GMT+0100 (CET);Sun Nov 10 2019 09:54:32 GMT+0100 (CET);1573379672000;0.64;137.28;5.38
1438719252742555;12.4;35.7;Sun Nov 10 2019 10:56:25 GMT+0100 (CET);Sun Nov 10 2019 09:56:25 GMT+0100 (CET);1573379785000;0.61;132.6;5.4
1438719252742555;12.4;35.6;Sun Nov 10 2019 10:58:17 GMT+0100 (CET);Sun Nov 10 2019 09:58:17 GMT+0100 (CET);1573379897000;0.66;142.82;5.36
1438719252742555;12.4;35.9;Sun Nov 10 2019 11:00:10 GMT+0100 (CET);Sun Nov 10 2019 10:00:10 GMT+0100 (CET);1573380010000;0.79;166.79;5.41
1438719252742555;12.4;36.3;Sun Nov 10 2019 11:02:06 GMT+0100 (CET);Sun Nov 10 2019 10:02:06 GMT+0100 (CET);1573380126000;0.88;189.26;5.57
1438719252742555;13.9;36.5;Sun Nov 10 2019 11:04:16 GMT+0100 (CET);Sun Nov 10 2019 10:04:16 GMT+0100 (CET);1573380256000;1.13;247.64;5.78
1438719252742555;13.9;36.9;Sun Nov 10 2019 11:06:09 GMT+0100 (CET);Sun Nov 10 2019 10:06:09 GMT+0100 (CET);1573380369000;1.24;258.95;6.14
1438719252742555;13.9;36.3;Sun Nov 10 2019 11:08:01 GMT+0100 (CET);Sun Nov 10 2019 10:08:01 GMT+0100 (CET);1573380481000;0.96;218.53;6.39
1438719252742555;13.9;36;Sun Nov 10 2019 11:09:55 GMT+0100 (CET);Sun Nov 10 2019 10:09:55 GMT+0100 (CET);1573380595000;0.81;175.3;6.49
1438719252742555;13.9;35.6;Sun Nov 10 2019 11:11:48 GMT+0100 (CET);Sun Nov 10 2019 10:11:48 GMT+0100 (CET);1573380708000;0.69;151.91;6.52
1438719252742555;14.4;35.5;Sun Nov 10 2019 11:13:45 GMT+0100 (CET);Sun Nov 10 2019 10:13:45 GMT+0100 (CET);1573380825000;0.65;143.25;6.42
1438719252742555;14.4;35.5;Sun Nov 10 2019 11:15:40 GMT+0100 (CET);Sun Nov 10 2019 10:15:40 GMT+0100 (CET);1573380940000;0.66;144.67;6.32
1438719252742555;13.9;35.5;Sun Nov 10 2019 11:17:48 GMT+0100 (CET);Sun Nov 10 2019 10:17:48 GMT+0100 (CET);1573381068000;0.65;143.76;6.26
1438719252742555;13.9;35.4;Sun Nov 10 2019 11:19:59 GMT+0100 (CET);Sun Nov 10 2019 10:19:59 GMT+0100 (CET);1573381199000;0.6;135.77;6.29
1438719252742555;13.9;35.5;Sun Nov 10 2019 11:22:01 GMT+0100 (CET);Sun Nov 10 2019 10:22:01 GMT+0100 (CET);1573381321000;0.66;146.39;6.28
1438719252742555;14.4;35.8;Sun Nov 10 2019 11:23:56 GMT+0100 (CET);Sun Nov 10 2019 10:23:56 GMT+0100 (CET);1573381436000;0.76;170.22;6.27
1438719252742555;14.4;36;Sun Nov 10 2019 11:25:53 GMT+0100 (CET);Sun Nov 10 2019 10:25:53 GMT+0100 (CET);1573381553000;0.85;190.07;6.31
1438719252742555;13.9;36.4;Sun Nov 10 2019 11:27:53 GMT+0100 (CET);Sun Nov 10 2019 10:27:53 GMT+0100 (CET);1573381673000;1.15;240.59;6.41
1438719252742555;13.9;36.6;Sun Nov 10 2019 11:29:46 GMT+0100 (CET);Sun Nov 10 2019 10:29:46 GMT+0100 (CET);1573381786000;2.12;391.67;6.57
1438719252742555;13.9;36.5;Sun Nov 10 2019 11:31:39 GMT+0100 (CET);Sun Nov 10 2019 10:31:39 GMT+0100 (CET);1573381899000;1.16;251.08;7.03
1438719252742555;14.4;36.1;Sun Nov 10 2019 11:33:33 GMT+0100 (CET);Sun Nov 10 2019 10:33:33 GMT+0100 (CET);1573382013000;1.04;230.13;7.1
1438719252742555;14.4;36.1;Sun Nov 10 2019 11:35:32 GMT+0100 (CET);Sun Nov 10 2019 10:35:32 GMT+0100 (CET);1573382132000;1.07;238.34;7.08
1438719252742555;15.9;36.2;Sun Nov 10 2019 11:37:28 GMT+0100 (CET);Sun Nov 10 2019 10:37:28 GMT+0100 (CET);1573382248000;1.16;255.1;7.07
1438719252742555;15.9;38;Sun Nov 10 2019 11:39:29 GMT+0100 (CET);Sun Nov 10 2019 10:39:29 GMT+0100 (CET);1573382369000;1.14;248.2;7.24
1438719252742555;15.9;36;Sun Nov 10 2019 11:41:25 GMT+0100 (CET);Sun Nov 10 2019 10:41:25 GMT+0100 (CET);1573382485000;1.2;252.58;7.33
1438719252742555;15.9;36.2;Sun Nov 10 2019 11:43:30 GMT+0100 (CET);Sun Nov 10 2019 10:43:30 GMT+0100 (CET);1573382610000;1.21;279.82;7.42
1438719252742555;15.9;35.8;Sun Nov 10 2019 11:45:23 GMT+0100 (CET);Sun Nov 10 2019 10:45:23 GMT+0100 (CET);1573382723000;0.91;208.88;7.49
1438719252742555;15.9;35.1;Sun Nov 10 2019 11:47:19 GMT+0100 (CET);Sun Nov 10 2019 10:47:19 GMT+0100 (CET);1573382839000;1.38;316.73;7.45
1438719252742555;15.9;37.3;Sun Nov 10 2019 11:49:16 GMT+0100 (CET);Sun Nov 10 2019 10:49:16 GMT+0100 (CET);1573382956000;2.73;609.27;7.89
1438719252742555;16.4;36.4;Sun Nov 10 2019 11:51:31 GMT+0100 (CET);Sun Nov 10 2019 10:51:31 GMT+0100 (CET);1573383091000;1.13;260.82;8.49
1438719252742555;16.4;37;Sun Nov 10 2019 11:53:26 GMT+0100 (CET);Sun Nov 10 2019 10:53:26 GMT+0100 (CET);1573383206000;1.99;447.99;8.84
1438719252742555;16.4;36.3;Sun Nov 10 2019 11:55:24 GMT+0100 (CET);Sun Nov 10 2019 10:55:24 GMT+0100 (CET);1573383324000;3.05;665.93;9.36
1438719252742555;17.9;32.3;Sun Nov 10 2019 11:57:25 GMT+0100 (CET);Sun Nov 10 2019 10:57:25 GMT+0100 (CET);1573383445000;1.49;409.59;10.04
1438719252742555;17.9;35.9;Sun Nov 10 2019 11:59:35 GMT+0100 (CET);Sun Nov 10 2019 10:59:35 GMT+0100 (CET);1573383575000;3.24;697.11;10.57
1438719252742555;20.5;35.6;Sun Nov 10 2019 12:01:30 GMT+0100 (CET);Sun Nov 10 2019 11:01:30 GMT+0100 (CET);1573383690000;3.23;542.71;11.09
1438719252742555;20.5;34.2;Sun Nov 10 2019 12:03:39 GMT+0100 (CET);Sun Nov 10 2019 11:03:39 GMT+0100 (CET);1573383819000;1.18;311.07;11
1438719252742555;22;36.2;Sun Nov 10 2019 12:05:33 GMT+0100 (CET);Sun Nov 10 2019 11:05:33 GMT+0100 (CET);1573383933000;2.31;468.47;11.11
1438719252742555;22;32;Sun Nov 10 2019 12:07:27 GMT+0100 (CET);Sun Nov 10 2019 11:07:27 GMT+0100 (CET);1573384047000;0.89;205.76;11.16
1438719252742555;22;36.5;Sun Nov 10 2019 12:09:31 GMT+0100 (CET);Sun Nov 10 2019 11:09:31 GMT+0100 (CET);1573384171000;2.28;656.32;10.93
1438719252742555;22;35.6;Sun Nov 10 2019 12:11:34 GMT+0100 (CET);Sun Nov 10 2019 11:11:34 GMT+0100 (CET);1573384294000;3.39;721.68;11.32
1438719252742555;22;35.4;Sun Nov 10 2019 12:13:27 GMT+0100 (CET);Sun Nov 10 2019 11:13:27 GMT+0100 (CET);1573384407000;3.17;678.58;11.6
1438719252742555;22;35.1;Sun Nov 10 2019 12:15:20 GMT+0100 (CET);Sun Nov 10 2019 11:15:20 GMT+0100 (CET);1573384520000;2.82;599.03;11.66
1438719252742555;24;35.2;Sun Nov 10 2019 12:17:12 GMT+0100 (CET);Sun Nov 10 2019 11:17:12 GMT+0100 (CET);1573384632000;2.96;634.87;11.82
1438719252742555;24;35;Sun Nov 10 2019 12:19:05 GMT+0100 (CET);Sun Nov 10 2019 11:19:05 GMT+0100 (CET);1573384745000;2.94;634.87;12.14
1438719252742555;24.5;35;Sun Nov 10 2019 12:20:58 GMT+0100 (CET);Sun Nov 10 2019 11:20:58 GMT+0100 (CET);1573384858000;2.47;611.83;12.44
1438719252742555;24.5;35.4;Sun Nov 10 2019 12:23:04 GMT+0100 (CET);Sun Nov 10 2019 11:23:04 GMT+0100 (CET);1573384984000;2.86;616.95;12.64
1438719252742555;26;34.8;Sun Nov 10 2019 12:24:57 GMT+0100 (CET);Sun Nov 10 2019 11:24:57 GMT+0100 (CET);1573385097000;2.4;656.83;12.79
1438719252742555;26;35.4;Sun Nov 10 2019 12:26:50 GMT+0100 (CET);Sun Nov 10 2019 11:26:50 GMT+0100 (CET);1573385210000;2.99;652.79;12.87
1438719252742555;26;34.9;Sun Nov 10 2019 12:28:43 GMT+0100 (CET);Sun Nov 10 2019 11:28:43 GMT+0100 (CET);1573385323000;1.43;368.63;12.77
1438719252742555;26.5;35.4;Sun Nov 10 2019 12:30:37 GMT+0100 (CET);Sun Nov 10 2019 11:30:37 GMT+0100 (CET);1573385437000;3.07;665.69;12.75
1438719252742555;26.5;35;Sun Nov 10 2019 12:32:31 GMT+0100 (CET);Sun Nov 10 2019 11:32:31 GMT+0100 (CET);1573385551000;3.18;678.86;13.13
1438719252742555;26.5;34.7;Sun Nov 10 2019 12:34:24 GMT+0100 (CET);Sun Nov 10 2019 11:34:24 GMT+0100 (CET);1573385664000;3.18;679.83;13.44
1438719252742555;28;34.5;Sun Nov 10 2019 12:36:18 GMT+0100 (CET);Sun Nov 10 2019 11:36:18 GMT+0100 (CET);1573385778000;3.23;685.14;13.83
1438719252742555;28;33.4;Sun Nov 10 2019 12:38:52 GMT+0100 (CET);Sun Nov 10 2019 11:38:52 GMT+0100 (CET);1573385932000;2.21;506.87;13.64
1438719252742555;28.5;34.8;Sun Nov 10 2019 12:40:44 GMT+0100 (CET);Sun Nov 10 2019 11:40:44 GMT+0100 (CET);1573386044000;2.96;650.23;13.62
1438719252742555;28.5;34.5;Sun Nov 10 2019 12:42:47 GMT+0100 (CET);Sun Nov 10 2019 11:42:47 GMT+0100 (CET);1573386167000;3.09;657.22;13.81
1438719252742555;28.5;34.5;Sun Nov 10 2019 12:44:43 GMT+0100 (CET);Sun Nov 10 2019 11:44:43 GMT+0100 (CET);1573386283000;3.13;663.38;14.04
1438719252742555;28.5;34.5;Sun Nov 10 2019 12:46:36 GMT+0100 (CET);Sun Nov 10 2019 11:46:36 GMT+0100 (CET);1573386396000;3.13;663.89;14.15
1438719252742555;28.5;34.5;Sun Nov 10 2019 12:48:29 GMT+0100 (CET);Sun Nov 10 2019 11:48:29 GMT+0100 (CET);1573386509000;3.03;652.79;13.77
1438719252742555;28.5;34.5;Sun Nov 10 2019 12:50:23 GMT+0100 (CET);Sun Nov 10 2019 11:50:23 GMT+0100 (CET);1573386623000;2.85;611.83;13.7
1438719252742555;28.5;34.7;Sun Nov 10 2019 12:52:16 GMT+0100 (CET);Sun Nov 10 2019 11:52:16 GMT+0100 (CET);1573386736000;3.09;655.35;13.71
1438719252742555;28.5;34.3;Sun Nov 10 2019 12:54:18 GMT+0100 (CET);Sun Nov 10 2019 11:54:18 GMT+0100 (CET);1573386858000;3.13;657.94;14
1438719252742555;28.5;34.3;Sun Nov 10 2019 12:56:11 GMT+0100 (CET);Sun Nov 10 2019 11:56:11 GMT+0100 (CET);1573386971000;3.05;645.11;14.29
1438719252742555;28.5;34.1;Sun Nov 10 2019 12:58:05 GMT+0100 (CET);Sun Nov 10 2019 11:58:05 GMT+0100 (CET);1573387085000;2.56;545.27;14.58
1438719252742555;28.5;34.4;Sun Nov 10 2019 12:59:58 GMT+0100 (CET);Sun Nov 10 2019 11:59:58 GMT+0100 (CET);1573387198000;2.63;471.03;14.86
1438719252742555;28.5;28.4;Sun Nov 10 2019 13:01:52 GMT+0100 (CET);Sun Nov 10 2019 12:01:52 GMT+0100 (CET);1573387312000;1.78;383.99;14.48
1438719252742555;28;34.8;Sun Nov 10 2019 13:03:45 GMT+0100 (CET);Sun Nov 10 2019 12:03:45 GMT+0100 (CET);1573387425000;2.88;614.39;14.22
1438719252742555;28;34.4;Sun Nov 10 2019 13:05:38 GMT+0100 (CET);Sun Nov 10 2019 12:05:38 GMT+0100 (CET);1573387538000;2.31;211.52;14.07
1438719252742555;28;35.4;Sun Nov 10 2019 13:07:31 GMT+0100 (CET);Sun Nov 10 2019 12:07:31 GMT+0100 (CET);1573387651000;2.9;619.51;13.73
1438719252742555;28;34.7;Sun Nov 10 2019 13:09:52 GMT+0100 (CET);Sun Nov 10 2019 12:09:52 GMT+0100 (CET);1573387792000;2.79;596.47;13.95
1438719252742555;28;34.7;Sun Nov 10 2019 13:11:45 GMT+0100 (CET);Sun Nov 10 2019 12:11:45 GMT+0100 (CET);1573387905000;2.62;555.51;14.11
1438719252742555;28;34.8;Sun Nov 10 2019 13:13:38 GMT+0100 (CET);Sun Nov 10 2019 12:13:38 GMT+0100 (CET);1573388018000;2.82;604.15;14.24
1438719252742555;28;34.8;Sun Nov 10 2019 13:15:32 GMT+0100 (CET);Sun Nov 10 2019 12:15:32 GMT+0100 (CET);1573388132000;2.7;596.47;14.45
1438719252742555;28;34.7;Sun Nov 10 2019 13:17:27 GMT+0100 (CET);Sun Nov 10 2019 12:17:27 GMT+0100 (CET);1573388247000;2.75;586.23;14.57
1438719252742555;28;34.7;Sun Nov 10 2019 13:19:35 GMT+0100 (CET);Sun Nov 10 2019 12:19:35 GMT+0100 (CET);1573388375000;2.78;591.35;14.59
1438719252742555;28;34.7;Sun Nov 10 2019 13:21:29 GMT+0100 (CET);Sun Nov 10 2019 12:21:29 GMT+0100 (CET);1573388489000;2.75;586.23;14.69
1438719252742555;28;34.7;Sun Nov 10 2019 13:23:40 GMT+0100 (CET);Sun Nov 10 2019 12:23:40 GMT+0100 (CET);1573388620000;2.36;491.51;14.6
1438719252742555;28;34.8;Sun Nov 10 2019 13:25:38 GMT+0100 (CET);Sun Nov 10 2019 12:25:38 GMT+0100 (CET);1573388738000;2.71;578.55;14.58
1438719252742555;28;34.7;Sun Nov 10 2019 13:27:39 GMT+0100 (CET);Sun Nov 10 2019 12:27:39 GMT+0100 (CET);1573388859000;2.69;573.43;14.83
1438719252742555;28;34.7;Sun Nov 10 2019 13:29:00 GMT+0100 (CET);Sun Nov 10 2019 12:29:00 GMT+0100 (CET);1573388940000;2.66;568.31;14.97
1438719252742555;28;34.6;Sun Nov 10 2019 13:30:53 GMT+0100 (CET);Sun Nov 10 2019 12:30:53 GMT+0100 (CET);1573389053000;2.64;563.19;15.08
1438719252742555;28;34.6;Sun Nov 10 2019 13:33:03 GMT+0100 (CET);Sun Nov 10 2019 12:33:03 GMT+0100 (CET);1573389183000;2.62;558.07;15.39
1438719252742555;28;34.6;Sun Nov 10 2019 13:34:57 GMT+0100 (CET);Sun Nov 10 2019 12:34:57 GMT+0100 (CET);1573389297000;2.6;558.07;15.68
1438719252742555;28;34.6;Sun Nov 10 2019 13:36:51 GMT+0100 (CET);Sun Nov 10 2019 12:36:51 GMT+0100 (CET);1573389411000;2.58;550.39;15.7
1438719252742555;28;34.7;Sun Nov 10 2019 13:38:44 GMT+0100 (CET);Sun Nov 10 2019 12:38:44 GMT+0100 (CET);1573389524000;2.57;547.83;15.47
1438719252742555;28;34.7;Sun Nov 10 2019 13:40:43 GMT+0100 (CET);Sun Nov 10 2019 12:40:43 GMT+0100 (CET);1573389643000;2.46;532.47;15.55
1438719252742555;28;34.7;Sun Nov 10 2019 13:42:44 GMT+0100 (CET);Sun Nov 10 2019 12:42:44 GMT+0100 (CET);1573389764000;2.49;535.03;15.64
1438719252742555;28;34.7;Sun Nov 10 2019 13:44:47 GMT+0100 (CET);Sun Nov 10 2019 12:44:47 GMT+0100 (CET);1573389887000;2.52;537.59;15.77
1438719252742555;28;34.7;Sun Nov 10 2019 13:46:40 GMT+0100 (CET);Sun Nov 10 2019 12:46:40 GMT+0100 (CET);1573390000000;2.48;532.47;15.8
1438719252742555;28;34.8;Sun Nov 10 2019 13:48:48 GMT+0100 (CET);Sun Nov 10 2019 12:48:48 GMT+0100 (CET);1573390128000;2.45;527.35;15.94
1438719252742555;28;34.8;Sun Nov 10 2019 13:50:41 GMT+0100 (CET);Sun Nov 10 2019 12:50:41 GMT+0100 (CET);1573390241000;2.42;524.79;15.99
1438719252742555;28;34.9;Sun Nov 10 2019 13:52:43 GMT+0100 (CET);Sun Nov 10 2019 12:52:43 GMT+0100 (CET);1573390363000;2.41;517.11;15.91
1438719252742555;28;34.7;Sun Nov 10 2019 13:54:38 GMT+0100 (CET);Sun Nov 10 2019 12:54:38 GMT+0100 (CET);1573390478000;2.39;509.43;15.55
1438719252742555;28;34.7;Sun Nov 10 2019 13:56:32 GMT+0100 (CET);Sun Nov 10 2019 12:56:32 GMT+0100 (CET);1573390592000;2.34;501.75;15.26
1438719252742555;28;34.7;Sun Nov 10 2019 13:58:24 GMT+0100 (CET);Sun Nov 10 2019 12:58:24 GMT+0100 (CET);1573390704000;2.28;494.07;15.08
1438719252742555;28;34.8;Sun Nov 10 2019 14:00:20 GMT+0100 (CET);Sun Nov 10 2019 13:00:20 GMT+0100 (CET);1573390820000;2.29;496.63;14.96
1438719252742555;28;34.9;Sun Nov 10 2019 14:02:13 GMT+0100 (CET);Sun Nov 10 2019 13:02:13 GMT+0100 (CET);1573390933000;2.25;486.39;14.96
1438719252742555;28;34.9;Sun Nov 10 2019 14:04:22 GMT+0100 (CET);Sun Nov 10 2019 13:04:22 GMT+0100 (CET);1573391062000;2.22;478.71;15.14
1438719252742555;26.5;35;Sun Nov 10 2019 14:06:15 GMT+0100 (CET);Sun Nov 10 2019 13:06:15 GMT+0100 (CET);1573391175000;2.19;476.15;15.25
1438719252742555;26.5;35;Sun Nov 10 2019 14:08:08 GMT+0100 (CET);Sun Nov 10 2019 13:08:08 GMT+0100 (CET);1573391288000;2.16;465.91;15.35
1438719252742555;26.5;34.8;Sun Nov 10 2019 14:10:00 GMT+0100 (CET);Sun Nov 10 2019 13:10:00 GMT+0100 (CET);1573391400000;2.09;453.11;15.28
1438719252742555;26.5;34.7;Sun Nov 10 2019 14:11:54 GMT+0100 (CET);Sun Nov 10 2019 13:11:54 GMT+0100 (CET);1573391514000;2.1;455.67;15.26
1438719252742555;26.5;34.5;Sun Nov 10 2019 14:13:54 GMT+0100 (CET);Sun Nov 10 2019 13:13:54 GMT+0100 (CET);1573391634000;2.13;460.79;15.35
1438719252742555;26.5;34.5;Sun Nov 10 2019 14:15:47 GMT+0100 (CET);Sun Nov 10 2019 13:15:47 GMT+0100 (CET);1573391747000;2.13;455.67;15.46
1438719252742555;26.5;34.4;Sun Nov 10 2019 14:17:40 GMT+0100 (CET);Sun Nov 10 2019 13:17:40 GMT+0100 (CET);1573391860000;2.09;450.55;15.64
1438719252742555;26;34.4;Sun Nov 10 2019 14:19:32 GMT+0100 (CET);Sun Nov 10 2019 13:19:32 GMT+0100 (CET);1573391972000;2.1;450.55;15.78
1438719252742555;26;34.5;Sun Nov 10 2019 14:21:30 GMT+0100 (CET);Sun Nov 10 2019 13:21:30 GMT+0100 (CET);1573392090000;2.13;458.23;15.74
1438719252742555;26;34.4;Sun Nov 10 2019 14:23:24 GMT+0100 (CET);Sun Nov 10 2019 13:23:24 GMT+0100 (CET);1573392204000;2.13;455.67;15.78
1438719252742555;26;34.3;Sun Nov 10 2019 14:25:17 GMT+0100 (CET);Sun Nov 10 2019 13:25:17 GMT+0100 (CET);1573392317000;2.05;442.87;15.79
1438719252742555;26;34.1;Sun Nov 10 2019 14:27:13 GMT+0100 (CET);Sun Nov 10 2019 13:27:13 GMT+0100 (CET);1573392433000;1.95;419.83;15.56
1438719252742555;26;34.4;Sun Nov 10 2019 14:29:07 GMT+0100 (CET);Sun Nov 10 2019 13:29:07 GMT+0100 (CET);1573392547000;2.04;447.99;15.41
1438719252742555;26;34.4;Sun Nov 10 2019 14:31:00 GMT+0100 (CET);Sun Nov 10 2019 13:31:00 GMT+0100 (CET);1573392660000;2.04;442.87;15.48
1438719252742555;26;34.7;Sun Nov 10 2019 14:32:52 GMT+0100 (CET);Sun Nov 10 2019 13:32:52 GMT+0100 (CET);1573392772000;2.02;450.55;15.29
1438719252742555;26;35.2;Sun Nov 10 2019 14:34:47 GMT+0100 (CET);Sun Nov 10 2019 13:34:47 GMT+0100 (CET);1573392887000;2.04;450.55;15.1
1438719252742555;26;35.4;Sun Nov 10 2019 14:36:40 GMT+0100 (CET);Sun Nov 10 2019 13:36:40 GMT+0100 (CET);1573393000000;2.09;460.79;15.12
1438719252742555;26;35.4;Sun Nov 10 2019 14:38:33 GMT+0100 (CET);Sun Nov 10 2019 13:38:33 GMT+0100 (CET);1573393113000;2.08;463.35;15.42
1438719252742555;26;35.2;Sun Nov 10 2019 14:40:30 GMT+0100 (CET);Sun Nov 10 2019 13:40:30 GMT+0100 (CET);1573393230000;1.98;437.75;15.71
1438719252742555;26;35;Sun Nov 10 2019 14:42:25 GMT+0100 (CET);Sun Nov 10 2019 13:42:25 GMT+0100 (CET);1573393345000;1.85;409.59;15.86
1438719252742555;26;35;Sun Nov 10 2019 14:44:24 GMT+0100 (CET);Sun Nov 10 2019 13:44:24 GMT+0100 (CET);1573393464000;1.86;412.15;15.85
1438719252742555;26;35;Sun Nov 10 2019 14:46:21 GMT+0100 (CET);Sun Nov 10 2019 13:46:21 GMT+0100 (CET);1573393581000;1.78;396.79;15.92
1438719252742555;26;34.7;Sun Nov 10 2019 14:48:14 GMT+0100 (CET);Sun Nov 10 2019 13:48:14 GMT+0100 (CET);1573393694000;1.29;263.88;15.99
1438719252742555;26;34.5;Sun Nov 10 2019 14:50:28 GMT+0100 (CET);Sun Nov 10 2019 13:50:28 GMT+0100 (CET);1573393828000;0.72;201.69;15.42
1438719252742555;24.5;34.3;Sun Nov 10 2019 14:52:20 GMT+0100 (CET);Sun Nov 10 2019 13:52:20 GMT+0100 (CET);1573393940000;0.65;149;14.89
1438719252742555;24.5;36.2;Sun Nov 10 2019 14:54:13 GMT+0100 (CET);Sun Nov 10 2019 13:54:13 GMT+0100 (CET);1573394053000;1.44;337.91;14.55
1438719252742555;24.5;36.1;Sun Nov 10 2019 14:56:09 GMT+0100 (CET);Sun Nov 10 2019 13:56:09 GMT+0100 (CET);1573394169000;1.25;304.87;14.5
1438719252742555;24.5;36.7;Sun Nov 10 2019 14:58:18 GMT+0100 (CET);Sun Nov 10 2019 13:58:18 GMT+0100 (CET);1573394298000;1.35;324.87;14.51
1438719252742555;24;36.7;Sun Nov 10 2019 15:00:10 GMT+0100 (CET);Sun Nov 10 2019 14:00:10 GMT+0100 (CET);1573394410000;1.24;306.54;14.61
1438719252742555;24;36.6;Sun Nov 10 2019 15:02:03 GMT+0100 (CET);Sun Nov 10 2019 14:02:03 GMT+0100 (CET);1573394523000;1.09;270.32;14.75
1438719252742555;24;36.3;Sun Nov 10 2019 15:04:12 GMT+0100 (CET);Sun Nov 10 2019 14:04:12 GMT+0100 (CET);1573394652000;0.56;141.57;14.64
1438719252742555;24;36.9;Sun Nov 10 2019 15:06:15 GMT+0100 (CET);Sun Nov 10 2019 14:06:15 GMT+0100 (CET);1573394775000;0.42;89.76;14.26
1438719252742555;24;37.3;Sun Nov 10 2019 15:08:09 GMT+0100 (CET);Sun Nov 10 2019 14:08:09 GMT+0100 (CET);1573394889000;0.35;75.31;13.73
1438719252742555;22.5;37.9;Sun Nov 10 2019 15:10:12 GMT+0100 (CET);Sun Nov 10 2019 14:10:12 GMT+0100 (CET);1573395012000;0.93;260.45;13.32
1438719252742555;22.5;35.6;Sun Nov 10 2019 15:12:06 GMT+0100 (CET);Sun Nov 10 2019 14:12:06 GMT+0100 (CET);1573395126000;0.36;127.44;13.07
1438719252742555;22.5;40.2;Sun Nov 10 2019 15:14:00 GMT+0100 (CET);Sun Nov 10 2019 14:14:00 GMT+0100 (CET);1573395240000;0.51;241.95;13
1438719252742555;22.5;40.1;Sun Nov 10 2019 15:15:53 GMT+0100 (CET);Sun Nov 10 2019 14:15:53 GMT+0100 (CET);1573395353000;0.44;229.52;12.89
1438719252742555;22.5;38.1;Sun Nov 10 2019 15:17:47 GMT+0100 (CET);Sun Nov 10 2019 14:17:47 GMT+0100 (CET);1573395467000;0.35;116.72;12.43
1438719252742555;22.5;31.9;Sun Nov 10 2019 15:19:40 GMT+0100 (CET);Sun Nov 10 2019 14:19:40 GMT+0100 (CET);1573395580000;0.28;60.7;11.65
1438719252742555;20.5;32.2;Sun Nov 10 2019 15:22:02 GMT+0100 (CET);Sun Nov 10 2019 14:22:02 GMT+0100 (CET);1573395722000;0.27;58.6;10.85
1438719252742555;20.5;31.8;Sun Nov 10 2019 15:23:55 GMT+0100 (CET);Sun Nov 10 2019 14:23:55 GMT+0100 (CET);1573395835000;0.28;97.23;10.15
1438719252742555;17.4;31.8;Sun Nov 10 2019 15:25:55 GMT+0100 (CET);Sun Nov 10 2019 14:25:55 GMT+0100 (CET);1573395955000;0.3;177.56;9.7
1438719252742555;17.4;39.8;Sun Nov 10 2019 15:27:48 GMT+0100 (CET);Sun Nov 10 2019 14:27:48 GMT+0100 (CET);1573396068000;0.3;188.46;9.53
1438719252742555;20;40.3;Sun Nov 10 2019 15:29:46 GMT+0100 (CET);Sun Nov 10 2019 14:29:46 GMT+0100 (CET);1573396186000;0.28;181.45;9.42
1438719252742555;20;40;Sun Nov 10 2019 15:31:42 GMT+0100 (CET);Sun Nov 10 2019 14:31:42 GMT+0100 (CET);1573396302000;0.27;178.33;9.46
1438719252742555;20;39.5;Sun Nov 10 2019 15:33:35 GMT+0100 (CET);Sun Nov 10 2019 14:33:35 GMT+0100 (CET);1573396415000;0.26;151.18;9.45
1438719252742555;17.4;39.1;Sun Nov 10 2019 15:35:28 GMT+0100 (CET);Sun Nov 10 2019 14:35:28 GMT+0100 (CET);1573396528000;0.26;92.68;9.42
1438719252742555;17.4;39.2;Sun Nov 10 2019 15:37:45 GMT+0100 (CET);Sun Nov 10 2019 14:37:45 GMT+0100 (CET);1573396665000;0.26;56.36;9.11
1438719252742555;17.4;37.8;Sun Nov 10 2019 15:39:38 GMT+0100 (CET);Sun Nov 10 2019 14:39:38 GMT+0100 (CET);1573396778000;0.25;57.51;8.75
1438719252742555;17.4;35.4;Sun Nov 10 2019 15:41:30 GMT+0100 (CET);Sun Nov 10 2019 14:41:30 GMT+0100 (CET);1573396890000;0.24;53.85;8.33
1438719252742555;14.4;31.4;Sun Nov 10 2019 15:43:23 GMT+0100 (CET);Sun Nov 10 2019 14:43:23 GMT+0100 (CET);1573397003000;0.23;53.22;8.04
1438719252742555;14.4;24.4;Sun Nov 10 2019 15:45:15 GMT+0100 (CET);Sun Nov 10 2019 14:45:15 GMT+0100 (CET);1573397115000;0.23;66.73;7.77
1438719252742555;14.4;24.8;Sun Nov 10 2019 15:47:09 GMT+0100 (CET);Sun Nov 10 2019 14:47:09 GMT+0100 (CET);1573397229000;0.22;87.51;7.63
1438719252742555;10.4;25.6;Sun Nov 10 2019 15:49:03 GMT+0100 (CET);Sun Nov 10 2019 14:49:03 GMT+0100 (CET);1573397343000;0.21;60.57;7.54
1438719252742555;10.4;23.3;Sun Nov 10 2019 15:50:56 GMT+0100 (CET);Sun Nov 10 2019 14:50:56 GMT+0100 (CET);1573397456000;0.2;48.72;7.46
1438719252742555;10.4;31.8;Sun Nov 10 2019 15:53:03 GMT+0100 (CET);Sun Nov 10 2019 14:53:03 GMT+0100 (CET);1573397583000;0.19;42.64;7.27
1438719252742555;10.4;33.2;Sun Nov 10 2019 15:54:57 GMT+0100 (CET);Sun Nov 10 2019 14:54:57 GMT+0100 (CET);1573397697000;0.17;37.25;7.09
1438719252742555;11.9;33.2;Sun Nov 10 2019 15:56:52 GMT+0100 (CET);Sun Nov 10 2019 14:56:52 GMT+0100 (CET);1573397812000;0.15;33.84;6.96
1438719252742555;11.9;32.4;Sun Nov 10 2019 15:58:45 GMT+0100 (CET);Sun Nov 10 2019 14:58:45 GMT+0100 (CET);1573397925000;0.14;31.23;6.79
1438719252742555;11.9;32.4;Sun Nov 10 2019 16:00:39 GMT+0100 (CET);Sun Nov 10 2019 15:00:39 GMT+0100 (CET);1573398039000;0.12;28.71;6.68
1438719252742555;10.4;32.4;Sun Nov 10 2019 16:02:44 GMT+0100 (CET);Sun Nov 10 2019 15:02:44 GMT+0100 (CET);1573398164000;0.12;26.74;6.54
1438719252742555;10.4;32.2;Sun Nov 10 2019 16:04:39 GMT+0100 (CET);Sun Nov 10 2019 15:04:39 GMT+0100 (CET);1573398279000;0.11;24.83;6.41
1438719252742555;9.9;31.9;Sun Nov 10 2019 16:06:32 GMT+0100 (CET);Sun Nov 10 2019 15:06:32 GMT+0100 (CET);1573398392000;0.11;23.8;6.29
1438719252742555;9.9;31.7;Sun Nov 10 2019 16:08:33 GMT+0100 (CET);Sun Nov 10 2019 15:08:33 GMT+0100 (CET);1573398513000;0.1;22.11;6.19
1438719252742555;9.9;31.3;Sun Nov 10 2019 16:10:25 GMT+0100 (CET);Sun Nov 10 2019 15:10:25 GMT+0100 (CET);1573398625000;0.09;20.72;6.09
1438719252742555;9.4;31.2;Sun Nov 10 2019 16:12:18 GMT+0100 (CET);Sun Nov 10 2019 15:12:18 GMT+0100 (CET);1573398738000;0.09;19.43;6
1438719252742555;9.4;31;Sun Nov 10 2019 16:14:11 GMT+0100 (CET);Sun Nov 10 2019 15:14:11 GMT+0100 (CET);1573398851000;0.08;17.82;5.9
1438719252742555;8.4;30.9;Sun Nov 10 2019 16:16:06 GMT+0100 (CET);Sun Nov 10 2019 15:16:06 GMT+0100 (CET);1573398966000;0.07;16.67;5.83
1438719252742555;8.4;30.9;Sun Nov 10 2019 16:18:02 GMT+0100 (CET);Sun Nov 10 2019 15:18:02 GMT+0100 (CET);1573399082000;0.07;14.71;5.73
1438719252742555;8.4;30.7;Sun Nov 10 2019 16:19:54 GMT+0100 (CET);Sun Nov 10 2019 15:19:54 GMT+0100 (CET);1573399194000;0.06;12.8;5.64
1438719252742555;8.4;30.4;Sun Nov 10 2019 16:21:48 GMT+0100 (CET);Sun Nov 10 2019 15:21:48 GMT+0100 (CET);1573399308000;0;10.97;5.59
1438719252742555;8.4;29.5;Sun Nov 10 2019 16:23:42 GMT+0100 (CET);Sun Nov 10 2019 15:23:42 GMT+0100 (CET);1573399422000;0;9.7;5.54
1438719252742555;8.4;29.2;Sun Nov 10 2019 16:25:35 GMT+0100 (CET);Sun Nov 10 2019 15:25:35 GMT+0100 (CET);1573399535000;0;8.38;5.42
1438719252742555;8.4;28.5;Sun Nov 10 2019 16:27:27 GMT+0100 (CET);Sun Nov 10 2019 15:27:27 GMT+0100 (CET);1573399647000;0;7.95;5.37
1438719252742555;8.4;28.5;Sun Nov 10 2019 16:29:22 GMT+0100 (CET);Sun Nov 10 2019 15:29:22 GMT+0100 (CET);1573399762000;0;6.93;5.27
1438719252742555;8.4;27.9;Sun Nov 10 2019 16:31:26 GMT+0100 (CET);Sun Nov 10 2019 15:31:26 GMT+0100 (CET);1573399886000;0;5.77;5.21
1438719252742555;8.4;30.5;Sun Nov 10 2019 16:33:19 GMT+0100 (CET);Sun Nov 10 2019 15:33:19 GMT+0100 (CET);1573399999000;0;4.39;5.16
1438719252742555;6.4;33.3;Sun Nov 10 2019 16:35:12 GMT+0100 (CET);Sun Nov 10 2019 15:35:12 GMT+0100 (CET);1573400112000;0;3.19;5.09
1438719252742555;6.4;32.5;Sun Nov 10 2019 16:37:05 GMT+0100 (CET);Sun Nov 10 2019 15:37:05 GMT+0100 (CET);1573400225000;0;2.42;5.04
1438719252742555;7.9;31.7;Sun Nov 10 2019 16:39:02 GMT+0100 (CET);Sun Nov 10 2019 15:39:02 GMT+0100 (CET);1573400342000;0;1.6;4.99
1438719252742555;7.9;29.9;Sun Nov 10 2019 16:40:57 GMT+0100 (CET);Sun Nov 10 2019 15:40:57 GMT+0100 (CET);1573400457000;0;0.95;4.92
1438719252742555;7.9;25.9;Sun Nov 10 2019 16:42:57 GMT+0100 (CET);Sun Nov 10 2019 15:42:57 GMT+0100 (CET);1573400577000;0;0.26;4.86
1438719252742555;4.3;24.5;Sun Nov 10 2019 16:44:50 GMT+0100 (CET);Sun Nov 10 2019 15:44:50 GMT+0100 (CET);1573400690000;0;-0.01;4.82
1438719252742555;4.3;24.5;Sun Nov 10 2019 16:46:43 GMT+0100 (CET);Sun Nov 10 2019 15:46:43 GMT+0100 (CET);1573400803000;0;-0.01;4.78
1438719252742555;4.3;24.5;Sun Nov 10 2019 16:48:36 GMT+0100 (CET);Sun Nov 10 2019 15:48:36 GMT+0100 (CET);1573400916000;0;-0.01;4.72
1438719252742555;1.3;31.8;Mon Nov 11 2019 07:57:02 GMT+0100 (CET);Mon Nov 11 2019 06:57:02 GMT+0100 (CET);1573455422000;0;4.91;2.35
1438719252742555;1.3;32.4;Mon Nov 11 2019 07:58:54 GMT+0100 (CET);Mon Nov 11 2019 06:58:54 GMT+0100 (CET);1573455534000;0;5.1;2.33
1438719252742555;3.8;32.6;Mon Nov 11 2019 08:00:47 GMT+0100 (CET);Mon Nov 11 2019 07:00:47 GMT+0100 (CET);1573455647000;0;5.54;2.34
1438719252742555;3.8;33.1;Mon Nov 11 2019 08:02:39 GMT+0100 (CET);Mon Nov 11 2019 07:02:39 GMT+0100 (CET);1573455759000;0;5.87;2.35
1438719252742555;3.8;32.4;Mon Nov 11 2019 08:04:32 GMT+0100 (CET);Mon Nov 11 2019 07:04:32 GMT+0100 (CET);1573455872000;0;6.27;2.37
1438719252742555;4.8;33.8;Mon Nov 11 2019 08:06:25 GMT+0100 (CET);Mon Nov 11 2019 07:06:25 GMT+0100 (CET);1573455985000;0;6.72;2.4
1438719252742555;4.8;34.4;Mon Nov 11 2019 08:08:18 GMT+0100 (CET);Mon Nov 11 2019 07:08:18 GMT+0100 (CET);1573456098000;0;7.46;2.42
1438719252742555;5.9;33;Mon Nov 11 2019 08:10:10 GMT+0100 (CET);Mon Nov 11 2019 07:10:10 GMT+0100 (CET);1573456210000;0;8.09;2.43
1438719252742555;5.9;26.3;Mon Nov 11 2019 08:12:09 GMT+0100 (CET);Mon Nov 11 2019 07:12:09 GMT+0100 (CET);1573456329000;0;8.47;2.4
1438719252742555;5.9;26.3;Mon Nov 11 2019 08:14:01 GMT+0100 (CET);Mon Nov 11 2019 07:14:01 GMT+0100 (CET);1573456441000;0;9.09;2.42
1438719252742555;3.8;27.3;Mon Nov 11 2019 08:15:54 GMT+0100 (CET);Mon Nov 11 2019 07:15:54 GMT+0100 (CET);1573456554000;0;9.61;2.42
1438719252742555;3.8;27.6;Mon Nov 11 2019 08:17:47 GMT+0100 (CET);Mon Nov 11 2019 07:17:47 GMT+0100 (CET);1573456667000;0;9.53;2.45
1438719252742555;3.8;27.6;Mon Nov 11 2019 08:19:39 GMT+0100 (CET);Mon Nov 11 2019 07:19:39 GMT+0100 (CET);1573456779000;0;9.58;2.44
1438719252742555;3.8;27.6;Mon Nov 11 2019 08:21:32 GMT+0100 (CET);Mon Nov 11 2019 07:21:32 GMT+0100 (CET);1573456892000;0;9.94;2.44
1438719252742555;3.8;28.2;Mon Nov 11 2019 08:23:25 GMT+0100 (CET);Mon Nov 11 2019 07:23:25 GMT+0100 (CET);1573457005000;0;10.52;2.46
1438719252742555;3.8;28.6;Mon Nov 11 2019 08:25:17 GMT+0100 (CET);Mon Nov 11 2019 07:25:17 GMT+0100 (CET);1573457117000;0;11.11;2.46
1438719252742555;3.8;29;Mon Nov 11 2019 08:27:10 GMT+0100 (CET);Mon Nov 11 2019 07:27:10 GMT+0100 (CET);1573457230000;0.06;12.34;2.46
1438719252742555;4.3;29.2;Mon Nov 11 2019 08:29:03 GMT+0100 (CET);Mon Nov 11 2019 07:29:03 GMT+0100 (CET);1573457343000;0.06;13.32;2.49
1438719252742555;4.3;28.8;Mon Nov 11 2019 08:30:56 GMT+0100 (CET);Mon Nov 11 2019 07:30:56 GMT+0100 (CET);1573457456000;0.06;13.8;2.47
1438719252742555;4.3;29.4;Mon Nov 11 2019 08:32:48 GMT+0100 (CET);Mon Nov 11 2019 07:32:48 GMT+0100 (CET);1573457568000;0.06;13.91;2.47
1438719252742555;4.3;29.8;Mon Nov 11 2019 08:34:41 GMT+0100 (CET);Mon Nov 11 2019 07:34:41 GMT+0100 (CET);1573457681000;0.07;14.94;2.48
1438719252742555;4.3;29.7;Mon Nov 11 2019 08:36:33 GMT+0100 (CET);Mon Nov 11 2019 07:36:33 GMT+0100 (CET);1573457793000;0.07;14.92;2.49
1438719252742555;4.3;29.9;Mon Nov 11 2019 08:38:26 GMT+0100 (CET);Mon Nov 11 2019 07:38:26 GMT+0100 (CET);1573457906000;0.07;15.11;2.49
1438719252742555;4.3;30.1;Mon Nov 11 2019 08:40:19 GMT+0100 (CET);Mon Nov 11 2019 07:40:19 GMT+0100 (CET);1573458019000;0.07;15.76;2.47
1438719252742555;4.3;30.7;Mon Nov 11 2019 08:42:11 GMT+0100 (CET);Mon Nov 11 2019 07:42:11 GMT+0100 (CET);1573458131000;0.07;17.44;2.46
1438719252742555;4.3;31;Mon Nov 11 2019 08:44:04 GMT+0100 (CET);Mon Nov 11 2019 07:44:04 GMT+0100 (CET);1573458244000;0.1;20.84;2.45
1438719252742555;4.3;31.6;Mon Nov 11 2019 08:45:57 GMT+0100 (CET);Mon Nov 11 2019 07:45:57 GMT+0100 (CET);1573458357000;0.11;24.22;2.46
1438719252742555;6.4;32.1;Mon Nov 11 2019 08:47:50 GMT+0100 (CET);Mon Nov 11 2019 07:47:50 GMT+0100 (CET);1573458470000;0.12;27.69;2.47
1438719252742555;6.4;32.4;Mon Nov 11 2019 08:49:42 GMT+0100 (CET);Mon Nov 11 2019 07:49:42 GMT+0100 (CET);1573458582000;0.14;30.72;2.48
1438719252742555;6.4;33;Mon Nov 11 2019 08:51:35 GMT+0100 (CET);Mon Nov 11 2019 07:51:35 GMT+0100 (CET);1573458695000;0.14;31.79;2.45
1438719252742555;5.9;33.1;Mon Nov 11 2019 08:53:28 GMT+0100 (CET);Mon Nov 11 2019 07:53:28 GMT+0100 (CET);1573458808000;0.15;33.2;2.46
1438719252742555;5.9;33.1;Mon Nov 11 2019 08:55:21 GMT+0100 (CET);Mon Nov 11 2019 07:55:21 GMT+0100 (CET);1573458921000;0.13;29.69;2.46
1438719252742555;6.4;32.6;Mon Nov 11 2019 08:57:13 GMT+0100 (CET);Mon Nov 11 2019 07:57:13 GMT+0100 (CET);1573459033000;0.14;31.14;2.46
1438719252742555;6.4;32.7;Mon Nov 11 2019 08:59:06 GMT+0100 (CET);Mon Nov 11 2019 07:59:06 GMT+0100 (CET);1573459146000;0.16;34.55;2.46
1438719252742555;6.4;33.3;Mon Nov 11 2019 09:00:59 GMT+0100 (CET);Mon Nov 11 2019 08:00:59 GMT+0100 (CET);1573459259000;0.18;39.56;2.47
1438719252742555;6.4;33.3;Mon Nov 11 2019 09:02:52 GMT+0100 (CET);Mon Nov 11 2019 08:02:52 GMT+0100 (CET);1573459372000;0.19;41.54;2.51
1438719252742555;6.4;33.5;Mon Nov 11 2019 09:04:44 GMT+0100 (CET);Mon Nov 11 2019 08:04:44 GMT+0100 (CET);1573459484000;0.19;41.83;2.54
1438719252742555;6.4;33.6;Mon Nov 11 2019 09:06:37 GMT+0100 (CET);Mon Nov 11 2019 08:06:37 GMT+0100 (CET);1573459597000;0.2;42.86;2.56
1438719252742555;6.4;33.4;Mon Nov 11 2019 09:08:30 GMT+0100 (CET);Mon Nov 11 2019 08:08:30 GMT+0100 (CET);1573459710000;0.18;39.26;2.58
1438719252742555;6.4;33.4;Mon Nov 11 2019 09:10:24 GMT+0100 (CET);Mon Nov 11 2019 08:10:24 GMT+0100 (CET);1573459824000;0.19;40.43;2.57
1438719252742555;7.9;33.4;Mon Nov 11 2019 09:12:16 GMT+0100 (CET);Mon Nov 11 2019 08:12:16 GMT+0100 (CET);1573459936000;0.18;40.12;2.59
1438719252742555;7.9;33.2;Mon Nov 11 2019 09:14:10 GMT+0100 (CET);Mon Nov 11 2019 08:14:10 GMT+0100 (CET);1573460050000;0.18;39;2.58
1438719252742555;7.9;33.3;Mon Nov 11 2019 09:16:04 GMT+0100 (CET);Mon Nov 11 2019 08:16:04 GMT+0100 (CET);1573460164000;0.18;39.2;2.59
1438719252742555;7.9;33.3;Mon Nov 11 2019 09:17:57 GMT+0100 (CET);Mon Nov 11 2019 08:17:57 GMT+0100 (CET);1573460277000;0.17;38.01;2.59
1438719252742555;7.9;33.2;Mon Nov 11 2019 09:19:50 GMT+0100 (CET);Mon Nov 11 2019 08:19:50 GMT+0100 (CET);1573460390000;0.19;40.95;2.59
1438719252742555;7.9;33.3;Mon Nov 11 2019 09:21:43 GMT+0100 (CET);Mon Nov 11 2019 08:21:43 GMT+0100 (CET);1573460503000;0.19;42.22;2.59
1438719252742555;7.9;33.5;Mon Nov 11 2019 09:23:36 GMT+0100 (CET);Mon Nov 11 2019 08:23:36 GMT+0100 (CET);1573460616000;0.21;45.39;2.61
1438719252742555;7.9;33.5;Mon Nov 11 2019 09:25:28 GMT+0100 (CET);Mon Nov 11 2019 08:25:28 GMT+0100 (CET);1573460728000;0.21;44.69;2.64
1438719252742555;7.9;33.5;Mon Nov 11 2019 09:27:21 GMT+0100 (CET);Mon Nov 11 2019 08:27:21 GMT+0100 (CET);1573460841000;0.21;44.97;2.7
1438719252742555;7.9;33.4;Mon Nov 11 2019 09:29:14 GMT+0100 (CET);Mon Nov 11 2019 08:29:14 GMT+0100 (CET);1573460954000;0.2;42.93;2.75
1438719252742555;7.9;33.4;Mon Nov 11 2019 09:31:08 GMT+0100 (CET);Mon Nov 11 2019 08:31:08 GMT+0100 (CET);1573461068000;0.22;47.02;2.78
1438719252742555;7.9;33.5;Mon Nov 11 2019 09:33:01 GMT+0100 (CET);Mon Nov 11 2019 08:33:01 GMT+0100 (CET);1573461181000;0.23;49.56;2.78
1438719252742555;7.9;33.6;Mon Nov 11 2019 09:34:54 GMT+0100 (CET);Mon Nov 11 2019 08:34:54 GMT+0100 (CET);1573461294000;0.24;52.74;2.77
1438719252742555;7.9;33.8;Mon Nov 11 2019 09:37:01 GMT+0100 (CET);Mon Nov 11 2019 08:37:01 GMT+0100 (CET);1573461421000;0.26;55.79;2.83
1438719252742555;7.9;34;Mon Nov 11 2019 09:38:53 GMT+0100 (CET);Mon Nov 11 2019 08:38:53 GMT+0100 (CET);1573461533000;0.25;54.01;2.86
1438719252742555;7.9;33.9;Mon Nov 11 2019 09:40:46 GMT+0100 (CET);Mon Nov 11 2019 08:40:46 GMT+0100 (CET);1573461646000;0.25;53.35;2.88
1438719252742555;7.9;34;Mon Nov 11 2019 09:42:39 GMT+0100 (CET);Mon Nov 11 2019 08:42:39 GMT+0100 (CET);1573461759000;0.25;54.78;2.9
1438719252742555;7.9;34.1;Mon Nov 11 2019 09:44:31 GMT+0100 (CET);Mon Nov 11 2019 08:44:31 GMT+0100 (CET);1573461871000;0.28;60.88;2.96
1438719252742555;7.9;34.3;Mon Nov 11 2019 09:46:24 GMT+0100 (CET);Mon Nov 11 2019 08:46:24 GMT+0100 (CET);1573461984000;0.28;60.42;3
1438719252742555;7.9;34.3;Mon Nov 11 2019 09:48:17 GMT+0100 (CET);Mon Nov 11 2019 08:48:17 GMT+0100 (CET);1573462097000;0.26;55.47;3
1438719252742555;7.9;34.1;Mon Nov 11 2019 09:50:10 GMT+0100 (CET);Mon Nov 11 2019 08:50:10 GMT+0100 (CET);1573462210000;0.26;55.64;2.98
1438719252742555;7.9;34.3;Mon Nov 11 2019 09:52:03 GMT+0100 (CET);Mon Nov 11 2019 08:52:03 GMT+0100 (CET);1573462323000;0.28;59.91;3
1438719252742555;7.9;34.3;Mon Nov 11 2019 09:53:56 GMT+0100 (CET);Mon Nov 11 2019 08:53:56 GMT+0100 (CET);1573462436000;0.27;58.45;3.03
1438719252742555;7.9;34.3;Mon Nov 11 2019 09:55:49 GMT+0100 (CET);Mon Nov 11 2019 08:55:49 GMT+0100 (CET);1573462549000;0.29;62.08;3.06
1438719252742555;7.9;34.5;Mon Nov 11 2019 09:57:41 GMT+0100 (CET);Mon Nov 11 2019 08:57:41 GMT+0100 (CET);1573462661000;0.33;70.61;3.1
1438719252742555;8.4;34.5;Mon Nov 11 2019 09:59:34 GMT+0100 (CET);Mon Nov 11 2019 08:59:34 GMT+0100 (CET);1573462774000;0.32;68.74;3.15
1438719252742555;8.4;34.5;Mon Nov 11 2019 10:01:26 GMT+0100 (CET);Mon Nov 11 2019 09:01:26 GMT+0100 (CET);1573462886000;0.33;71.35;3.2
1438719252742555;8.4;34.7;Mon Nov 11 2019 10:03:19 GMT+0100 (CET);Mon Nov 11 2019 09:03:19 GMT+0100 (CET);1573462999000;0.34;74.29;3.26
1438719252742555;8.4;35.1;Mon Nov 11 2019 10:05:12 GMT+0100 (CET);Mon Nov 11 2019 09:05:12 GMT+0100 (CET);1573463112000;0.33;71.42;3.21
1438719252742555;8.4;35.1;Mon Nov 11 2019 10:07:05 GMT+0100 (CET);Mon Nov 11 2019 09:07:05 GMT+0100 (CET);1573463225000;0.34;72.47;3.18
1438719252742555;8.4;35.1;Mon Nov 11 2019 10:08:59 GMT+0100 (CET);Mon Nov 11 2019 09:08:59 GMT+0100 (CET);1573463339000;0.32;69.89;3.23
1438719252742555;8.4;34.7;Mon Nov 11 2019 10:10:51 GMT+0100 (CET);Mon Nov 11 2019 09:10:51 GMT+0100 (CET);1573463451000;0.33;70.56;3.25
1438719252742555;8.4;34.5;Mon Nov 11 2019 10:12:44 GMT+0100 (CET);Mon Nov 11 2019 09:12:44 GMT+0100 (CET);1573463564000;0.32;68.24;3.29
1438719252742555;8.4;34.5;Mon Nov 11 2019 10:14:37 GMT+0100 (CET);Mon Nov 11 2019 09:14:37 GMT+0100 (CET);1573463677000;0.34;72.45;3.33
1438719252742555;8.4;34.6;Mon Nov 11 2019 10:16:30 GMT+0100 (CET);Mon Nov 11 2019 09:16:30 GMT+0100 (CET);1573463790000;0.35;75.12;3.32
1438719252742555;8.4;34.7;Mon Nov 11 2019 10:18:23 GMT+0100 (CET);Mon Nov 11 2019 09:18:23 GMT+0100 (CET);1573463903000;0.37;78.87;3.32
1438719252742555;8.4;34.8;Mon Nov 11 2019 10:20:16 GMT+0100 (CET);Mon Nov 11 2019 09:20:16 GMT+0100 (CET);1573464016000;0.38;80.17;3.31
1438719252742555;8.4;35.1;Mon Nov 11 2019 10:22:08 GMT+0100 (CET);Mon Nov 11 2019 09:22:08 GMT+0100 (CET);1573464128000;0.4;86.17;3.37
1438719252742555;8.4;35.3;Mon Nov 11 2019 10:24:03 GMT+0100 (CET);Mon Nov 11 2019 09:24:03 GMT+0100 (CET);1573464243000;0.38;83.57;3.38
1438719252742555;8.4;35.4;Mon Nov 11 2019 10:25:57 GMT+0100 (CET);Mon Nov 11 2019 09:25:57 GMT+0100 (CET);1573464357000;0.38;82.42;3.41
1438719252742555;9.4;35.4;Mon Nov 11 2019 10:27:50 GMT+0100 (CET);Mon Nov 11 2019 09:27:50 GMT+0100 (CET);1573464470000;0.4;88.1;3.4
1438719252742555;9.4;35.4;Mon Nov 11 2019 10:29:43 GMT+0100 (CET);Mon Nov 11 2019 09:29:43 GMT+0100 (CET);1573464583000;0.38;83.67;3.38
1438719252742555;9.4;35.4;Mon Nov 11 2019 10:31:37 GMT+0100 (CET);Mon Nov 11 2019 09:31:37 GMT+0100 (CET);1573464697000;0.37;80.73;3.38
1438719252742555;9.9;35.3;Mon Nov 11 2019 10:33:30 GMT+0100 (CET);Mon Nov 11 2019 09:33:30 GMT+0100 (CET);1573464810000;0.43;91.66;3.39
1438719252742555;9.9;35.4;Mon Nov 11 2019 10:35:25 GMT+0100 (CET);Mon Nov 11 2019 09:35:25 GMT+0100 (CET);1573464925000;0.45;98.06;3.44
1438719252742555;9.9;35.7;Mon Nov 11 2019 10:37:18 GMT+0100 (CET);Mon Nov 11 2019 09:37:18 GMT+0100 (CET);1573465038000;0.45;99.08;3.52
1438719252742555;9.9;35.6;Mon Nov 11 2019 10:39:10 GMT+0100 (CET);Mon Nov 11 2019 09:39:10 GMT+0100 (CET);1573465150000;0.44;96.99;3.6
1438719252742555;9.9;35.6;Mon Nov 11 2019 10:41:03 GMT+0100 (CET);Mon Nov 11 2019 09:41:03 GMT+0100 (CET);1573465263000;0.45;96.7;3.68
1438719252742555;9.9;35.6;Mon Nov 11 2019 10:42:56 GMT+0100 (CET);Mon Nov 11 2019 09:42:56 GMT+0100 (CET);1573465376000;0.43;94.96;3.81
1438719252742555;9.9;35.5;Mon Nov 11 2019 10:44:49 GMT+0100 (CET);Mon Nov 11 2019 09:44:49 GMT+0100 (CET);1573465489000;0.45;99.33;3.9
1438719252742555;9.9;35.6;Mon Nov 11 2019 10:46:45 GMT+0100 (CET);Mon Nov 11 2019 09:46:45 GMT+0100 (CET);1573465605000;0.46;100.44;4
1438719252742555;10.4;35.6;Mon Nov 11 2019 10:48:37 GMT+0100 (CET);Mon Nov 11 2019 09:48:37 GMT+0100 (CET);1573465717000;0.45;97.9;4
1438719252742555;10.4;35.7;Mon Nov 11 2019 10:50:30 GMT+0100 (CET);Mon Nov 11 2019 09:50:30 GMT+0100 (CET);1573465830000;0.48;104.5;3.97
1438719252742555;10.4;35.7;Mon Nov 11 2019 10:52:23 GMT+0100 (CET);Mon Nov 11 2019 09:52:23 GMT+0100 (CET);1573465943000;0.51;112.47;4
1438719252742555;10.4;35.8;Mon Nov 11 2019 10:54:16 GMT+0100 (CET);Mon Nov 11 2019 09:54:16 GMT+0100 (CET);1573466056000;0.53;114.55;4.01
1438719252742555;10.4;35.8;Mon Nov 11 2019 10:56:09 GMT+0100 (CET);Mon Nov 11 2019 09:56:09 GMT+0100 (CET);1573466169000;0.49;107.34;4.02
1438719252742555;10.4;35.7;Mon Nov 11 2019 10:58:02 GMT+0100 (CET);Mon Nov 11 2019 09:58:02 GMT+0100 (CET);1573466282000;0.51;110.59;4.03
1438719252742555;10.4;35.8;Mon Nov 11 2019 10:59:54 GMT+0100 (CET);Mon Nov 11 2019 09:59:54 GMT+0100 (CET);1573466394000;0.49;107.18;3.97
1438719252742555;10.4;35.7;Mon Nov 11 2019 11:01:47 GMT+0100 (CET);Mon Nov 11 2019 10:01:47 GMT+0100 (CET);1573466507000;0.5;109.79;3.98
1438719252742555;10.4;35.7;Mon Nov 11 2019 11:03:40 GMT+0100 (CET);Mon Nov 11 2019 10:03:40 GMT+0100 (CET);1573466620000;0.5;108.86;4.03
1438719252742555;10.4;35.7;Mon Nov 11 2019 11:05:32 GMT+0100 (CET);Mon Nov 11 2019 10:05:32 GMT+0100 (CET);1573466732000;0.51;112.15;4.09
1438719252742555;11.9;35.8;Mon Nov 11 2019 11:07:25 GMT+0100 (CET);Mon Nov 11 2019 10:07:25 GMT+0100 (CET);1573466845000;0.54;118.96;4.15
1438719252742555;11.9;35.8;Mon Nov 11 2019 11:09:18 GMT+0100 (CET);Mon Nov 11 2019 10:09:18 GMT+0100 (CET);1573466958000;0.57;123.68;4.14
1438719252742555;11.9;36;Mon Nov 11 2019 11:11:11 GMT+0100 (CET);Mon Nov 11 2019 10:11:11 GMT+0100 (CET);1573467071000;0.63;139.96;4.18
1438719252742555;11.9;36.1;Mon Nov 11 2019 11:13:03 GMT+0100 (CET);Mon Nov 11 2019 10:13:03 GMT+0100 (CET);1573467183000;0.68;150.56;4.32
1438719252742555;11.9;36.2;Mon Nov 11 2019 11:14:56 GMT+0100 (CET);Mon Nov 11 2019 10:14:56 GMT+0100 (CET);1573467296000;0.72;156.83;4.35
1438719252742555;11.9;36.1;Mon Nov 11 2019 11:16:50 GMT+0100 (CET);Mon Nov 11 2019 10:16:50 GMT+0100 (CET);1573467410000;0.69;151.36;4.47
1438719252742555;11.9;36.1;Mon Nov 11 2019 11:18:43 GMT+0100 (CET);Mon Nov 11 2019 10:18:43 GMT+0100 (CET);1573467523000;0.7;153.18;4.59
1438719252742555;11.9;36.2;Mon Nov 11 2019 11:20:36 GMT+0100 (CET);Mon Nov 11 2019 10:20:36 GMT+0100 (CET);1573467636000;0.76;164.93;4.62
1438719252742555;11.9;36.1;Mon Nov 11 2019 11:22:43 GMT+0100 (CET);Mon Nov 11 2019 10:22:43 GMT+0100 (CET);1573467763000;0.78;172.91;4.64
1438719252742555;11.9;36.2;Mon Nov 11 2019 11:24:35 GMT+0100 (CET);Mon Nov 11 2019 10:24:35 GMT+0100 (CET);1573467875000;0.71;156.02;4.65
1438719252742555;11.9;36.2;Mon Nov 11 2019 11:26:30 GMT+0100 (CET);Mon Nov 11 2019 10:26:30 GMT+0100 (CET);1573467990000;0.8;174.59;4.76
1438719252742555;11.9;36.3;Mon Nov 11 2019 11:28:23 GMT+0100 (CET);Mon Nov 11 2019 10:28:23 GMT+0100 (CET);1573468103000;0.84;176.56;4.89
1438719252742555;11.9;36;Mon Nov 11 2019 11:30:16 GMT+0100 (CET);Mon Nov 11 2019 10:30:16 GMT+0100 (CET);1573468216000;0.71;155.59;4.89
1438719252742555;12.4;36.2;Mon Nov 11 2019 11:32:09 GMT+0100 (CET);Mon Nov 11 2019 10:32:09 GMT+0100 (CET);1573468329000;0.78;169.7;4.86
1438719252742555;12.4;36.1;Mon Nov 11 2019 11:34:02 GMT+0100 (CET);Mon Nov 11 2019 10:34:02 GMT+0100 (CET);1573468442000;0.77;167.66;4.78
1438719252742555;12.4;36.3;Mon Nov 11 2019 11:35:55 GMT+0100 (CET);Mon Nov 11 2019 10:35:55 GMT+0100 (CET);1573468555000;0.96;212.2;4.86
1438719252742555;12.4;36.5;Mon Nov 11 2019 11:37:48 GMT+0100 (CET);Mon Nov 11 2019 10:37:48 GMT+0100 (CET);1573468668000;0.94;207.08;4.93
1438719252742555;12.4;36.3;Mon Nov 11 2019 11:39:41 GMT+0100 (CET);Mon Nov 11 2019 10:39:41 GMT+0100 (CET);1573468781000;0.94;205.76;5
1438719252742555;12.4;36.2;Mon Nov 11 2019 11:41:34 GMT+0100 (CET);Mon Nov 11 2019 10:41:34 GMT+0100 (CET);1573468894000;0.91;202.44;5.13
1438719252742555;12.4;36.3;Mon Nov 11 2019 11:43:27 GMT+0100 (CET);Mon Nov 11 2019 10:43:27 GMT+0100 (CET);1573469007000;0.92;206.21;5.25
1438719252742555;13.9;36.3;Mon Nov 11 2019 11:45:20 GMT+0100 (CET);Mon Nov 11 2019 10:45:20 GMT+0100 (CET);1573469120000;0.88;197.11;5.4
1438719252742555;13.9;36.2;Mon Nov 11 2019 11:47:13 GMT+0100 (CET);Mon Nov 11 2019 10:47:13 GMT+0100 (CET);1573469233000;0.87;193.54;5.5
1438719252742555;13.9;36;Mon Nov 11 2019 11:49:16 GMT+0100 (CET);Mon Nov 11 2019 10:49:16 GMT+0100 (CET);1573469356000;0.8;175.52;5.55
1438719252742555;13.9;35.8;Mon Nov 11 2019 11:51:09 GMT+0100 (CET);Mon Nov 11 2019 10:51:09 GMT+0100 (CET);1573469469000;0.76;167.33;5.57
1438719252742555;13.9;35.8;Mon Nov 11 2019 11:53:02 GMT+0100 (CET);Mon Nov 11 2019 10:53:02 GMT+0100 (CET);1573469582000;0.71;156.67;5.56
1438719252742555;13.9;35.7;Mon Nov 11 2019 11:54:54 GMT+0100 (CET);Mon Nov 11 2019 10:54:54 GMT+0100 (CET);1573469694000;0.66;144.77;5.46
1438719252742555;13.9;35.7;Mon Nov 11 2019 11:56:52 GMT+0100 (CET);Mon Nov 11 2019 10:56:52 GMT+0100 (CET);1573469812000;0.66;146.19;5.46
1438719252742555;13.9;36.7;Mon Nov 11 2019 11:58:45 GMT+0100 (CET);Mon Nov 11 2019 10:58:45 GMT+0100 (CET);1573469925000;0.96;211.27;5.48
1438719252742555;13.9;36.7;Mon Nov 11 2019 12:00:37 GMT+0100 (CET);Mon Nov 11 2019 11:00:37 GMT+0100 (CET);1573470037000;0.9;191.91;5.5
1438719252742555;13.9;36;Mon Nov 11 2019 12:02:32 GMT+0100 (CET);Mon Nov 11 2019 11:02:32 GMT+0100 (CET);1573470152000;0.76;167.94;5.5
1438719252742555;13.9;36;Mon Nov 11 2019 12:04:45 GMT+0100 (CET);Mon Nov 11 2019 11:04:45 GMT+0100 (CET);1573470285000;0.84;184.95;5.43
1438719252742555;13.9;36.3;Mon Nov 11 2019 12:06:38 GMT+0100 (CET);Mon Nov 11 2019 11:06:38 GMT+0100 (CET);1573470398000;0.89;193.1;5.53
1438719252742555;13.9;36.2;Mon Nov 11 2019 12:08:32 GMT+0100 (CET);Mon Nov 11 2019 11:08:32 GMT+0100 (CET);1573470512000;0.81;180.3;5.63
1438719252742555;13.9;35.8;Mon Nov 11 2019 12:10:25 GMT+0100 (CET);Mon Nov 11 2019 11:10:25 GMT+0100 (CET);1573470625000;0.72;161.97;5.72
1438719252742555;13.9;35.8;Mon Nov 11 2019 12:12:21 GMT+0100 (CET);Mon Nov 11 2019 11:12:21 GMT+0100 (CET);1573470741000;0.68;154.46;5.71
1438719252742555;13.9;35.8;Mon Nov 11 2019 12:14:14 GMT+0100 (CET);Mon Nov 11 2019 11:14:14 GMT+0100 (CET);1573470854000;0.76;168.33;5.67
1438719252742555;13.9;36;Mon Nov 11 2019 12:16:07 GMT+0100 (CET);Mon Nov 11 2019 11:16:07 GMT+0100 (CET);1573470967000;0.66;149.16;5.66
1438719252742555;13.9;35.7;Mon Nov 11 2019 12:18:00 GMT+0100 (CET);Mon Nov 11 2019 11:18:00 GMT+0100 (CET);1573471080000;0.65;146.66;5.66
1438719252742555;13.9;35.7;Mon Nov 11 2019 12:19:53 GMT+0100 (CET);Mon Nov 11 2019 11:19:53 GMT+0100 (CET);1573471193000;0.63;142.05;5.63
1438719252742555;13.9;35.6;Mon Nov 11 2019 12:21:47 GMT+0100 (CET);Mon Nov 11 2019 11:21:47 GMT+0100 (CET);1573471307000;0.65;143.67;5.64
1438719252742555;13.9;35.7;Mon Nov 11 2019 12:23:40 GMT+0100 (CET);Mon Nov 11 2019 11:23:40 GMT+0100 (CET);1573471420000;0.63;140.88;5.61
1438719252742555;13.9;35.7;Mon Nov 11 2019 12:25:32 GMT+0100 (CET);Mon Nov 11 2019 11:25:32 GMT+0100 (CET);1573471532000;0.65;143.9;5.53
1438719252742555;13.9;35.8;Mon Nov 11 2019 12:27:25 GMT+0100 (CET);Mon Nov 11 2019 11:27:25 GMT+0100 (CET);1573471645000;0.7;156.41;5.52
1438719252742555;13.9;36;Mon Nov 11 2019 12:29:18 GMT+0100 (CET);Mon Nov 11 2019 11:29:18 GMT+0100 (CET);1573471758000;0.75;166.85;5.58
1438719252742555;13.9;35.9;Mon Nov 11 2019 12:31:12 GMT+0100 (CET);Mon Nov 11 2019 11:31:12 GMT+0100 (CET);1573471872000;0.69;156.23;5.62
1438719252742555;12.4;35.8;Mon Nov 11 2019 12:33:05 GMT+0100 (CET);Mon Nov 11 2019 11:33:05 GMT+0100 (CET);1573471985000;0.73;163.56;5.67
1438719252742555;12.4;36;Mon Nov 11 2019 12:34:59 GMT+0100 (CET);Mon Nov 11 2019 11:34:59 GMT+0100 (CET);1573472099000;0.85;187.12;5.73
1438719252742555;12.4;36.3;Mon Nov 11 2019 12:36:52 GMT+0100 (CET);Mon Nov 11 2019 11:36:52 GMT+0100 (CET);1573472212000;0.91;200.84;5.79
1438719252742555;13.9;36.3;Mon Nov 11 2019 12:38:45 GMT+0100 (CET);Mon Nov 11 2019 11:38:45 GMT+0100 (CET);1573472325000;0.95;209.75;5.87
1438719252742555;13.9;36.3;Mon Nov 11 2019 12:40:37 GMT+0100 (CET);Mon Nov 11 2019 11:40:37 GMT+0100 (CET);1573472437000;0.91;204.85;5.94
1438719252742555;13.9;36.4;Mon Nov 11 2019 12:42:31 GMT+0100 (CET);Mon Nov 11 2019 11:42:31 GMT+0100 (CET);1573472551000;0.99;225.5;6
1438719252742555;13.9;36.6;Mon Nov 11 2019 12:44:24 GMT+0100 (CET);Mon Nov 11 2019 11:44:24 GMT+0100 (CET);1573472664000;1.11;247.84;6.06
1438719252742555;13.9;36.7;Mon Nov 11 2019 12:46:17 GMT+0100 (CET);Mon Nov 11 2019 11:46:17 GMT+0100 (CET);1573472777000;1.19;263.6;6.19
1438719252742555;14.4;36.5;Mon Nov 11 2019 12:48:10 GMT+0100 (CET);Mon Nov 11 2019 11:48:10 GMT+0100 (CET);1573472890000;1.27;275.74;6.44
1438719252742555;14.4;37;Mon Nov 11 2019 12:50:03 GMT+0100 (CET);Mon Nov 11 2019 11:50:03 GMT+0100 (CET);1573473003000;1.21;264.7;6.7
1438719252742555;15.9;36.3;Mon Nov 11 2019 12:51:56 GMT+0100 (CET);Mon Nov 11 2019 11:51:56 GMT+0100 (CET);1573473116000;0.98;216.42;6.78
1438719252742555;15.9;36.2;Mon Nov 11 2019 12:53:49 GMT+0100 (CET);Mon Nov 11 2019 11:53:49 GMT+0100 (CET);1573473229000;0.85;188.95;6.79
1438719252742555;15.9;35.7;Mon Nov 11 2019 12:55:42 GMT+0100 (CET);Mon Nov 11 2019 11:55:42 GMT+0100 (CET);1573473342000;0.75;163;6.62
1438719252742555;15.9;35.6;Mon Nov 11 2019 12:57:40 GMT+0100 (CET);Mon Nov 11 2019 11:57:40 GMT+0100 (CET);1573473460000;0.57;126.96;6.37
1438719252742555;15.9;35.4;Mon Nov 11 2019 12:59:34 GMT+0100 (CET);Mon Nov 11 2019 11:59:34 GMT+0100 (CET);1573473574000;0.56;122.92;6.12
1438719252742555;14.4;35.4;Mon Nov 11 2019 13:01:30 GMT+0100 (CET);Mon Nov 11 2019 12:01:30 GMT+0100 (CET);1573473690000;0.54;118.59;6.07
1438719252742555;14.4;35.3;Mon Nov 11 2019 13:03:23 GMT+0100 (CET);Mon Nov 11 2019 12:03:23 GMT+0100 (CET);1573473803000;0.55;119.63;6.04
1438719252742555;14.4;35.4;Mon Nov 11 2019 13:05:18 GMT+0100 (CET);Mon Nov 11 2019 12:05:18 GMT+0100 (CET);1573473918000;0.58;126.7;6.06
1438719252742555;13.9;35.4;Mon Nov 11 2019 13:07:13 GMT+0100 (CET);Mon Nov 11 2019 12:07:13 GMT+0100 (CET);1573474033000;0.58;126.88;6.01
1438719252742555;13.9;35.4;Mon Nov 11 2019 13:09:08 GMT+0100 (CET);Mon Nov 11 2019 12:09:08 GMT+0100 (CET);1573474148000;0.58;125.71;5.97
1438719252742555;13.9;35.4;Mon Nov 11 2019 13:11:01 GMT+0100 (CET);Mon Nov 11 2019 12:11:01 GMT+0100 (CET);1573474261000;0.55;119.08;5.94
1438719252742555;13.9;35.3;Mon Nov 11 2019 13:13:29 GMT+0100 (CET);Mon Nov 11 2019 12:13:29 GMT+0100 (CET);1573474409000;0.46;99.92;5.78
1438719252742555;13.9;34.9;Mon Nov 11 2019 13:15:22 GMT+0100 (CET);Mon Nov 11 2019 12:15:22 GMT+0100 (CET);1573474522000;0.53;111.13;5.72
1438719252742555;13.9;35.2;Mon Nov 11 2019 13:17:16 GMT+0100 (CET);Mon Nov 11 2019 12:17:16 GMT+0100 (CET);1573474636000;0.54;117.12;5.71
1438719252742555;13.9;35.2;Mon Nov 11 2019 13:19:10 GMT+0100 (CET);Mon Nov 11 2019 12:19:10 GMT+0100 (CET);1573474750000;0.47;103.57;5.72
1438719252742555;13.9;34.8;Mon Nov 11 2019 13:21:03 GMT+0100 (CET);Mon Nov 11 2019 12:21:03 GMT+0100 (CET);1573474863000;0.48;101.73;5.76
1438719252742555;13.9;34.6;Mon Nov 11 2019 13:23:15 GMT+0100 (CET);Mon Nov 11 2019 12:23:15 GMT+0100 (CET);1573474995000;0.44;94.81;5.76
1438719252742555;13.9;34.7;Mon Nov 11 2019 13:25:09 GMT+0100 (CET);Mon Nov 11 2019 12:25:09 GMT+0100 (CET);1573475109000;0.48;101.45;5.75
1438719252742555;12.4;34.9;Mon Nov 11 2019 13:27:02 GMT+0100 (CET);Mon Nov 11 2019 12:27:02 GMT+0100 (CET);1573475222000;0.5;107.38;5.75
1438719252742555;12.4;34.9;Mon Nov 11 2019 13:28:56 GMT+0100 (CET);Mon Nov 11 2019 12:28:56 GMT+0100 (CET);1573475336000;0.51;109.11;5.73
1438719252742555;12.4;35;Mon Nov 11 2019 13:30:49 GMT+0100 (CET);Mon Nov 11 2019 12:30:49 GMT+0100 (CET);1573475449000;0.53;112.74;5.65
1438719252742555;12.4;35.1;Mon Nov 11 2019 13:32:42 GMT+0100 (CET);Mon Nov 11 2019 12:32:42 GMT+0100 (CET);1573475562000;0.55;118.84;5.54
1438719252742555;12.4;35.5;Mon Nov 11 2019 13:34:37 GMT+0100 (CET);Mon Nov 11 2019 12:34:37 GMT+0100 (CET);1573475677000;0.54;116.26;5.53
1438719252742555;12.4;35.4;Mon Nov 11 2019 13:36:30 GMT+0100 (CET);Mon Nov 11 2019 12:36:30 GMT+0100 (CET);1573475790000;0.5;109.85;5.52
1438719252742555;12.4;35.4;Mon Nov 11 2019 13:38:25 GMT+0100 (CET);Mon Nov 11 2019 12:38:25 GMT+0100 (CET);1573475905000;0.52;113;5.49
1438719252742555;12.4;35.4;Mon Nov 11 2019 13:40:18 GMT+0100 (CET);Mon Nov 11 2019 12:40:18 GMT+0100 (CET);1573476018000;0.55;119.11;5.5
1438719252742555;12.4;35.5;Mon Nov 11 2019 13:42:10 GMT+0100 (CET);Mon Nov 11 2019 12:42:10 GMT+0100 (CET);1573476130000;0.58;125.54;5.53
1438719252742555;12.4;35.6;Mon Nov 11 2019 13:44:04 GMT+0100 (CET);Mon Nov 11 2019 12:44:04 GMT+0100 (CET);1573476244000;0.6;128.01;5.53
1438719252742555;12.4;35.6;Mon Nov 11 2019 13:45:57 GMT+0100 (CET);Mon Nov 11 2019 12:45:57 GMT+0100 (CET);1573476357000;0.58;124.33;5.51
1438719252742555;12.4;35.6;Mon Nov 11 2019 13:47:51 GMT+0100 (CET);Mon Nov 11 2019 12:47:51 GMT+0100 (CET);1573476471000;0.57;123.91;5.52
1438719252742555;13.9;35.6;Mon Nov 11 2019 13:49:44 GMT+0100 (CET);Mon Nov 11 2019 12:49:44 GMT+0100 (CET);1573476584000;0.57;122.48;5.53
1438719252742555;13.9;35.5;Mon Nov 11 2019 13:51:46 GMT+0100 (CET);Mon Nov 11 2019 12:51:46 GMT+0100 (CET);1573476706000;0.53;115.83;5.53
1438719252742555;12.4;35.4;Mon Nov 11 2019 13:53:39 GMT+0100 (CET);Mon Nov 11 2019 12:53:39 GMT+0100 (CET);1573476819000;0.52;114.04;5.51
1438719252742555;12.4;35.6;Mon Nov 11 2019 13:55:32 GMT+0100 (CET);Mon Nov 11 2019 12:55:32 GMT+0100 (CET);1573476932000;0.61;130.53;5.48
1438719252742555;12.4;35.7;Mon Nov 11 2019 13:57:25 GMT+0100 (CET);Mon Nov 11 2019 12:57:25 GMT+0100 (CET);1573477045000;0.62;134.86;5.53
1438719252742555;13.9;35.6;Mon Nov 11 2019 13:59:18 GMT+0100 (CET);Mon Nov 11 2019 12:59:18 GMT+0100 (CET);1573477158000;0.6;127.74;5.55
1438719252742555;13.9;35.6;Mon Nov 11 2019 14:01:12 GMT+0100 (CET);Mon Nov 11 2019 13:01:12 GMT+0100 (CET);1573477272000;0.57;122.26;5.52
1438719252742555;13.9;35.5;Mon Nov 11 2019 14:03:05 GMT+0100 (CET);Mon Nov 11 2019 13:03:05 GMT+0100 (CET);1573477385000;0.55;118.91;5.57
1438719252742555;13.9;35.3;Mon Nov 11 2019 14:05:08 GMT+0100 (CET);Mon Nov 11 2019 13:05:08 GMT+0100 (CET);1573477508000;0.5;108.01;5.6
1438719252742555;13.9;35.2;Mon Nov 11 2019 14:07:01 GMT+0100 (CET);Mon Nov 11 2019 13:07:01 GMT+0100 (CET);1573477621000;0.45;96.74;5.53
1438719252742555;13.9;35.2;Mon Nov 11 2019 14:08:56 GMT+0100 (CET);Mon Nov 11 2019 13:08:56 GMT+0100 (CET);1573477736000;0.4;85.04;5.49
1438719252742555;13.9;35.1;Mon Nov 11 2019 14:10:49 GMT+0100 (CET);Mon Nov 11 2019 13:10:49 GMT+0100 (CET);1573477849000;0.36;78.44;5.47
1438719252742555;13.9;34.3;Mon Nov 11 2019 14:12:44 GMT+0100 (CET);Mon Nov 11 2019 13:12:44 GMT+0100 (CET);1573477964000;0.35;73.22;5.48
1438719252742555;12.4;34.1;Mon Nov 11 2019 14:14:37 GMT+0100 (CET);Mon Nov 11 2019 13:14:37 GMT+0100 (CET);1573478077000;0.34;70.53;5.47
1438719252742555;12.4;34.1;Mon Nov 11 2019 14:16:31 GMT+0100 (CET);Mon Nov 11 2019 13:16:31 GMT+0100 (CET);1573478191000;0.32;68.22;5.41
1438719252742555;11.9;34;Mon Nov 11 2019 14:18:25 GMT+0100 (CET);Mon Nov 11 2019 13:18:25 GMT+0100 (CET);1573478305000;0.34;71.2;5.4
1438719252742555;11.9;34.1;Mon Nov 11 2019 14:20:18 GMT+0100 (CET);Mon Nov 11 2019 13:20:18 GMT+0100 (CET);1573478418000;0.37;78.38;5.35
1438719252742555;11.9;34.4;Mon Nov 11 2019 14:22:16 GMT+0100 (CET);Mon Nov 11 2019 13:22:16 GMT+0100 (CET);1573478536000;0.38;80.02;5.28
1438719252742555;11.9;34.3;Mon Nov 11 2019 14:24:33 GMT+0100 (CET);Mon Nov 11 2019 13:24:33 GMT+0100 (CET);1573478673000;0.35;75.31;5.28
1438719252742555;11.9;34.2;Mon Nov 11 2019 14:26:30 GMT+0100 (CET);Mon Nov 11 2019 13:26:30 GMT+0100 (CET);1573478790000;0.33;69.34;5.3
1438719252742555;11.9;34;Mon Nov 11 2019 14:28:23 GMT+0100 (CET);Mon Nov 11 2019 13:28:23 GMT+0100 (CET);1573478903000;0.32;66.66;5.3
1438719252742555;11.9;34;Mon Nov 11 2019 14:30:15 GMT+0100 (CET);Mon Nov 11 2019 13:30:15 GMT+0100 (CET);1573479015000;0.3;62.86;5.25
1438719252742555;11.9;33.9;Mon Nov 11 2019 14:32:08 GMT+0100 (CET);Mon Nov 11 2019 13:32:08 GMT+0100 (CET);1573479128000;0.27;57.66;5.21
1438719252742555;11.9;33.7;Mon Nov 11 2019 14:34:06 GMT+0100 (CET);Mon Nov 11 2019 13:34:06 GMT+0100 (CET);1573479246000;0.24;50.66;5.14
1438719252742555;11.9;33.4;Mon Nov 11 2019 14:35:59 GMT+0100 (CET);Mon Nov 11 2019 13:35:59 GMT+0100 (CET);1573479359000;0.22;46.23;5.02
1438719252742555;11.9;33.3;Mon Nov 11 2019 14:37:55 GMT+0100 (CET);Mon Nov 11 2019 13:37:55 GMT+0100 (CET);1573479475000;0.2;43.01;4.93
1438719252742555;11.9;33.1;Mon Nov 11 2019 14:40:04 GMT+0100 (CET);Mon Nov 11 2019 13:40:04 GMT+0100 (CET);1573479604000;0.21;44.74;4.86
1438719252742555;10.4;33.2;Mon Nov 11 2019 14:41:58 GMT+0100 (CET);Mon Nov 11 2019 13:41:58 GMT+0100 (CET);1573479718000;0.21;44.67;4.81
1438719252742555;10.4;33.2;Mon Nov 11 2019 14:43:53 GMT+0100 (CET);Mon Nov 11 2019 13:43:53 GMT+0100 (CET);1573479833000;0.2;43.92;4.79
1438719252742555;10.4;33.2;Mon Nov 11 2019 14:45:47 GMT+0100 (CET);Mon Nov 11 2019 13:45:47 GMT+0100 (CET);1573479947000;0.2;43.56;4.77
1438719252742555;9.9;33;Mon Nov 11 2019 14:47:49 GMT+0100 (CET);Mon Nov 11 2019 13:47:49 GMT+0100 (CET);1573480069000;0.19;41.59;4.76
1438719252742555;9.9;33;Mon Nov 11 2019 14:49:41 GMT+0100 (CET);Mon Nov 11 2019 13:49:41 GMT+0100 (CET);1573480181000;0.19;42.04;4.76
1438719252742555;9.9;33.2;Mon Nov 11 2019 14:51:40 GMT+0100 (CET);Mon Nov 11 2019 13:51:40 GMT+0100 (CET);1573480300000;0.2;44.69;4.79
1438719252742555;9.9;33.2;Mon Nov 11 2019 14:53:33 GMT+0100 (CET);Mon Nov 11 2019 13:53:33 GMT+0100 (CET);1573480413000;0.21;45.49;4.78
1438719252742555;9.9;33.2;Mon Nov 11 2019 14:55:31 GMT+0100 (CET);Mon Nov 11 2019 13:55:31 GMT+0100 (CET);1573480531000;0.25;54.22;4.73
1438719252742555;9.9;33.4;Mon Nov 11 2019 14:57:24 GMT+0100 (CET);Mon Nov 11 2019 13:57:24 GMT+0100 (CET);1573480644000;0.32;69.86;4.64
1438719252742555;9.9;33.7;Mon Nov 11 2019 14:59:17 GMT+0100 (CET);Mon Nov 11 2019 13:59:17 GMT+0100 (CET);1573480757000;0.37;79.91;4.64
1438719252742555;9.9;34.5;Mon Nov 11 2019 15:01:09 GMT+0100 (CET);Mon Nov 11 2019 14:01:09 GMT+0100 (CET);1573480869000;0.37;80.7;4.67
1438719252742555;9.9;34.9;Mon Nov 11 2019 15:03:18 GMT+0100 (CET);Mon Nov 11 2019 14:03:18 GMT+0100 (CET);1573480998000;0.38;81.34;4.71
1438719252742555;10.4;35.3;Mon Nov 11 2019 15:05:17 GMT+0100 (CET);Mon Nov 11 2019 14:05:17 GMT+0100 (CET);1573481117000;0.33;73.35;4.77
1438719252742555;10.4;35.2;Mon Nov 11 2019 15:07:10 GMT+0100 (CET);Mon Nov 11 2019 14:07:10 GMT+0100 (CET);1573481230000;0.24;54.87;4.76
1438719252742555;10.4;34.8;Mon Nov 11 2019 15:09:02 GMT+0100 (CET);Mon Nov 11 2019 14:09:02 GMT+0100 (CET);1573481342000;0.11;29.46;4.72
1438719252742555;10.4;33.3;Mon Nov 11 2019 15:10:57 GMT+0100 (CET);Mon Nov 11 2019 14:10:57 GMT+0100 (CET);1573481457000;0.1;23.71;4.61
1438719252742555;10.4;32.1;Mon Nov 11 2019 15:12:49 GMT+0100 (CET);Mon Nov 11 2019 14:12:49 GMT+0100 (CET);1573481569000;0.09;21.61;4.53
1438719252742555;10.4;30.9;Mon Nov 11 2019 15:14:42 GMT+0100 (CET);Mon Nov 11 2019 14:14:42 GMT+0100 (CET);1573481682000;0.09;21.18;4.45
1438719252742555;8.4;30.6;Mon Nov 11 2019 15:16:35 GMT+0100 (CET);Mon Nov 11 2019 14:16:35 GMT+0100 (CET);1573481795000;0.08;19.93;4.36
1438719252742555;8.4;30.6;Mon Nov 11 2019 15:18:51 GMT+0100 (CET);Mon Nov 11 2019 14:18:51 GMT+0100 (CET);1573481931000;0.07;18.05;4.28
1438719252742555;8.4;30.3;Mon Nov 11 2019 15:20:43 GMT+0100 (CET);Mon Nov 11 2019 14:20:43 GMT+0100 (CET);1573482043000;0.07;17.72;4.22
1438719252742555;8.4;30.2;Mon Nov 11 2019 15:22:39 GMT+0100 (CET);Mon Nov 11 2019 14:22:39 GMT+0100 (CET);1573482159000;0.08;18.41;4.15
1438719252742555;8.4;30.3;Mon Nov 11 2019 15:24:31 GMT+0100 (CET);Mon Nov 11 2019 14:24:31 GMT+0100 (CET);1573482271000;0.08;19.69;4.12
1438719252742555;8.4;30.9;Mon Nov 11 2019 15:26:33 GMT+0100 (CET);Mon Nov 11 2019 14:26:33 GMT+0100 (CET);1573482393000;0.09;21.35;4.1
1438719252742555;8.4;30.8;Mon Nov 11 2019 15:28:26 GMT+0100 (CET);Mon Nov 11 2019 14:28:26 GMT+0100 (CET);1573482506000;0.1;23.7;4.11
1438719252742555;7.9;31.3;Mon Nov 11 2019 15:30:19 GMT+0100 (CET);Mon Nov 11 2019 14:30:19 GMT+0100 (CET);1573482619000;0.13;28.93;4.14
1438719252742555;7.9;31.3;Mon Nov 11 2019 15:32:12 GMT+0100 (CET);Mon Nov 11 2019 14:32:12 GMT+0100 (CET);1573482732000;0.16;34.94;4.14
1438719252742555;7.9;32;Mon Nov 11 2019 15:34:26 GMT+0100 (CET);Mon Nov 11 2019 14:34:26 GMT+0100 (CET);1573482866000;0.17;37.81;4.17
1438719252742555;7.9;33;Mon Nov 11 2019 15:36:21 GMT+0100 (CET);Mon Nov 11 2019 14:36:21 GMT+0100 (CET);1573482981000;0.17;36.87;4.21
1438719252742555;7.9;33;Mon Nov 11 2019 15:38:13 GMT+0100 (CET);Mon Nov 11 2019 14:38:13 GMT+0100 (CET);1573483093000;0.16;35.7;4.21
1438719252742555;8.4;33;Mon Nov 11 2019 15:40:07 GMT+0100 (CET);Mon Nov 11 2019 14:40:07 GMT+0100 (CET);1573483207000;0.15;32.58;4.21
1438719252742555;8.4;32.9;Mon Nov 11 2019 15:42:06 GMT+0100 (CET);Mon Nov 11 2019 14:42:06 GMT+0100 (CET);1573483326000;0.13;28.86;4.21
1438719252742555;8.4;32.8;Mon Nov 11 2019 15:43:59 GMT+0100 (CET);Mon Nov 11 2019 14:43:59 GMT+0100 (CET);1573483439000;0.1;23.79;4.21
1438719252742555;8.4;32.4;Mon Nov 11 2019 15:45:52 GMT+0100 (CET);Mon Nov 11 2019 14:45:52 GMT+0100 (CET);1573483552000;0.09;20.75;4.21
1438719252742555;8.4;31.2;Mon Nov 11 2019 15:47:50 GMT+0100 (CET);Mon Nov 11 2019 14:47:50 GMT+0100 (CET);1573483670000;0.08;19.39;4.21
1438719252742555;7.9;30.7;Mon Nov 11 2019 15:50:12 GMT+0100 (CET);Mon Nov 11 2019 14:50:12 GMT+0100 (CET);1573483812000;0.08;18.77;4.21
1438719252742555;7.9;31.1;Mon Nov 11 2019 15:52:05 GMT+0100 (CET);Mon Nov 11 2019 14:52:05 GMT+0100 (CET);1573483925000;0.08;19.59;4.22
1438719252742555;7.9;31.1;Mon Nov 11 2019 15:53:58 GMT+0100 (CET);Mon Nov 11 2019 14:53:58 GMT+0100 (CET);1573484038000;0.08;19.71;4.23
1438719252742555;7.9;31.1;Mon Nov 11 2019 15:55:50 GMT+0100 (CET);Mon Nov 11 2019 14:55:50 GMT+0100 (CET);1573484150000;0.09;20.23;4.25
1438719252742555;7.9;31.2;Mon Nov 11 2019 15:58:01 GMT+0100 (CET);Mon Nov 11 2019 14:58:01 GMT+0100 (CET);1573484281000;0.1;21.08;4.25
1438719252742555;7.9;31.1;Mon Nov 11 2019 15:59:56 GMT+0100 (CET);Mon Nov 11 2019 14:59:56 GMT+0100 (CET);1573484396000;0.08;18.33;4.25
1438719252742555;7.9;31.1;Mon Nov 11 2019 16:01:51 GMT+0100 (CET);Mon Nov 11 2019 15:01:51 GMT+0100 (CET);1573484511000;0.07;16.34;4.25
1438719252742555;7.9;31.1;Mon Nov 11 2019 16:03:44 GMT+0100 (CET);Mon Nov 11 2019 15:03:44 GMT+0100 (CET);1573484624000;0.06;14.24;4.22
1438719252742555;7.9;30.5;Mon Nov 11 2019 16:05:37 GMT+0100 (CET);Mon Nov 11 2019 15:05:37 GMT+0100 (CET);1573484737000;0;12.64;4.2
1438719252742555;7.9;29.9;Mon Nov 11 2019 16:07:35 GMT+0100 (CET);Mon Nov 11 2019 15:07:35 GMT+0100 (CET);1573484855000;0;9.44;4.17
1438719252742555;6.4;29.5;Mon Nov 11 2019 16:09:28 GMT+0100 (CET);Mon Nov 11 2019 15:09:28 GMT+0100 (CET);1573484968000;0;7.7;4.16
1438719252742555;6.4;28.3;Mon Nov 11 2019 16:11:21 GMT+0100 (CET);Mon Nov 11 2019 15:11:21 GMT+0100 (CET);1573485081000;0;7.28;4.14
1438719252742555;6.4;30.5;Mon Nov 11 2019 16:13:13 GMT+0100 (CET);Mon Nov 11 2019 15:13:13 GMT+0100 (CET);1573485193000;0;6.83;4.13
1438719252742555;6.4;33.6;Mon Nov 11 2019 16:15:07 GMT+0100 (CET);Mon Nov 11 2019 15:15:07 GMT+0100 (CET);1573485307000;0;5.84;4.1
1438719252742555;6.4;32.4;Mon Nov 11 2019 16:17:00 GMT+0100 (CET);Mon Nov 11 2019 15:17:00 GMT+0100 (CET);1573485420000;0;4.84;4.07
1438719252742555;7.9;31.8;Mon Nov 11 2019 16:19:02 GMT+0100 (CET);Mon Nov 11 2019 15:19:02 GMT+0100 (CET);1573485542000;0;4.73;4.03
1438719252742555;7.9;27.1;Mon Nov 11 2019 16:20:55 GMT+0100 (CET);Mon Nov 11 2019 15:20:55 GMT+0100 (CET);1573485655000;0;4.17;4.02
1438719252742555;6.4;29.4;Mon Nov 11 2019 16:22:48 GMT+0100 (CET);Mon Nov 11 2019 15:22:48 GMT+0100 (CET);1573485768000;0;3.31;3.99
1438719252742555;6.4;28.4;Mon Nov 11 2019 16:24:41 GMT+0100 (CET);Mon Nov 11 2019 15:24:41 GMT+0100 (CET);1573485881000;0;3.17;3.99
1438719252742555;6.4;26.6;Mon Nov 11 2019 16:26:34 GMT+0100 (CET);Mon Nov 11 2019 15:26:34 GMT+0100 (CET);1573485994000;0;2.79;3.96
1438719252742555;5.9;23.1;Mon Nov 11 2019 16:28:41 GMT+0100 (CET);Mon Nov 11 2019 15:28:41 GMT+0100 (CET);1573486121000;0;2.53;3.92
1438719252742555;5.9;21.5;Mon Nov 11 2019 16:30:34 GMT+0100 (CET);Mon Nov 11 2019 15:30:34 GMT+0100 (CET);1573486234000;0;2.32;3.91
1438719252742555;5.9;19.4;Mon Nov 11 2019 16:32:30 GMT+0100 (CET);Mon Nov 11 2019 15:32:30 GMT+0100 (CET);1573486350000;0;2.1;3.89
1438719252742555;5.9;19.4;Mon Nov 11 2019 16:34:23 GMT+0100 (CET);Mon Nov 11 2019 15:34:23 GMT+0100 (CET);1573486463000;0;1.69;3.89
1438719252742555;1.3;31.1;Tue Nov 12 2019 07:44:25 GMT+0100 (CET);Tue Nov 12 2019 06:44:25 GMT+0100 (CET);1573541065000;0;5.26;3.6
1438719252742555;1.3;32.2;Tue Nov 12 2019 07:46:18 GMT+0100 (CET);Tue Nov 12 2019 06:46:18 GMT+0100 (CET);1573541178000;0;5.69;3.61
1438719252742555;1.3;32.6;Tue Nov 12 2019 07:48:14 GMT+0100 (CET);Tue Nov 12 2019 06:48:14 GMT+0100 (CET);1573541294000;0;5.83;3.61
1438719252742555;4.3;31;Tue Nov 12 2019 07:50:20 GMT+0100 (CET);Tue Nov 12 2019 06:50:20 GMT+0100 (CET);1573541420000;0;6.04;3.61
1438719252742555;4.3;33.2;Tue Nov 12 2019 07:52:12 GMT+0100 (CET);Tue Nov 12 2019 06:52:12 GMT+0100 (CET);1573541532000;0;6.74;3.62
1438719252742555;5.9;29.8;Tue Nov 12 2019 07:54:05 GMT+0100 (CET);Tue Nov 12 2019 06:54:05 GMT+0100 (CET);1573541645000;0;7.27;3.63
1438719252742555;5.9;34.1;Tue Nov 12 2019 07:55:58 GMT+0100 (CET);Tue Nov 12 2019 06:55:58 GMT+0100 (CET);1573541758000;0;7.7;3.65
1438719252742555;5.9;34.4;Tue Nov 12 2019 07:57:54 GMT+0100 (CET);Tue Nov 12 2019 06:57:54 GMT+0100 (CET);1573541874000;0;8.16;3.67
1438719252742555;5.9;27.1;Tue Nov 12 2019 07:59:47 GMT+0100 (CET);Tue Nov 12 2019 06:59:47 GMT+0100 (CET);1573541987000;0;8.57;3.68
1438719252742555;5.9;26.6;Tue Nov 12 2019 08:01:47 GMT+0100 (CET);Tue Nov 12 2019 07:01:47 GMT+0100 (CET);1573542107000;0;9.51;3.69
1438719252742555;5.9;27.3;Tue Nov 12 2019 08:03:42 GMT+0100 (CET);Tue Nov 12 2019 07:03:42 GMT+0100 (CET);1573542222000;0;10.55;3.71
1438719252742555;5.9;28.1;Tue Nov 12 2019 08:06:10 GMT+0100 (CET);Tue Nov 12 2019 07:06:10 GMT+0100 (CET);1573542370000;0;11.54;3.75
1438719252742555;4.3;28.1;Tue Nov 12 2019 08:08:07 GMT+0100 (CET);Tue Nov 12 2019 07:08:07 GMT+0100 (CET);1573542487000;0;11.8;3.78
1438719252742555;4.3;29;Tue Nov 12 2019 08:10:00 GMT+0100 (CET);Tue Nov 12 2019 07:10:00 GMT+0100 (CET);1573542600000;0;12.7;3.82
1438719252742555;4.3;29;Tue Nov 12 2019 08:11:53 GMT+0100 (CET);Tue Nov 12 2019 07:11:53 GMT+0100 (CET);1573542713000;0;12.98;3.82
1438719252742555;4.3;29.4;Tue Nov 12 2019 08:14:03 GMT+0100 (CET);Tue Nov 12 2019 07:14:03 GMT+0100 (CET);1573542843000;0.06;13.79;3.83
1438719252742555;4.3;29.5;Tue Nov 12 2019 08:15:56 GMT+0100 (CET);Tue Nov 12 2019 07:15:56 GMT+0100 (CET);1573542956000;0.06;13.69;3.85
1438719252742555;4.3;29.4;Tue Nov 12 2019 08:17:49 GMT+0100 (CET);Tue Nov 12 2019 07:17:49 GMT+0100 (CET);1573543069000;0;12.94;3.87
1438719252742555;4.3;29.1;Tue Nov 12 2019 08:19:45 GMT+0100 (CET);Tue Nov 12 2019 07:19:45 GMT+0100 (CET);1573543185000;0;12.02;3.87
1438719252742555;5.9;29;Tue Nov 12 2019 08:21:48 GMT+0100 (CET);Tue Nov 12 2019 07:21:48 GMT+0100 (CET);1573543308000;0;12.39;3.88
1438719252742555;5.9;29.1;Tue Nov 12 2019 08:23:48 GMT+0100 (CET);Tue Nov 12 2019 07:23:48 GMT+0100 (CET);1573543428000;0;13.23;3.89
1438719252742555;5.9;28.8;Tue Nov 12 2019 08:25:41 GMT+0100 (CET);Tue Nov 12 2019 07:25:41 GMT+0100 (CET);1573543541000;0.06;13.61;3.89
1438719252742555;5.9;28.8;Tue Nov 12 2019 08:27:34 GMT+0100 (CET);Tue Nov 12 2019 07:27:34 GMT+0100 (CET);1573543654000;0;13.61;3.89
1438719252742555;5.9;28.8;Tue Nov 12 2019 08:29:40 GMT+0100 (CET);Tue Nov 12 2019 07:29:40 GMT+0100 (CET);1573543780000;0.06;14.34;3.91
1438719252742555;5.9;29.6;Tue Nov 12 2019 08:31:40 GMT+0100 (CET);Tue Nov 12 2019 07:31:40 GMT+0100 (CET);1573543900000;0.06;15.62;3.92
1438719252742555;5.9;29.9;Tue Nov 12 2019 08:33:35 GMT+0100 (CET);Tue Nov 12 2019 07:33:35 GMT+0100 (CET);1573544015000;0.07;16.79;3.93
1438719252742555;5.9;30.5;Tue Nov 12 2019 08:35:29 GMT+0100 (CET);Tue Nov 12 2019 07:35:29 GMT+0100 (CET);1573544129000;0.07;17.4;3.97
1438719252742555;5.9;30.8;Tue Nov 12 2019 08:37:22 GMT+0100 (CET);Tue Nov 12 2019 07:37:22 GMT+0100 (CET);1573544242000;0.08;18.21;3.96
1438719252742555;5.9;31;Tue Nov 12 2019 08:39:21 GMT+0100 (CET);Tue Nov 12 2019 07:39:21 GMT+0100 (CET);1573544361000;0.09;21.31;3.97
1438719252742555;5.9;31.4;Tue Nov 12 2019 08:41:23 GMT+0100 (CET);Tue Nov 12 2019 07:41:23 GMT+0100 (CET);1573544483000;0.1;23.57;4
1438719252742555;5.9;31.7;Tue Nov 12 2019 08:43:19 GMT+0100 (CET);Tue Nov 12 2019 07:43:19 GMT+0100 (CET);1573544599000;0.11;25.65;4.01
1438719252742555;5.9;32.2;Tue Nov 12 2019 08:45:14 GMT+0100 (CET);Tue Nov 12 2019 07:45:14 GMT+0100 (CET);1573544714000;0.12;27.24;4.03
1438719252742555;6.4;32.3;Tue Nov 12 2019 08:47:08 GMT+0100 (CET);Tue Nov 12 2019 07:47:08 GMT+0100 (CET);1573544828000;0.13;28.8;4.05
1438719252742555;6.4;32.4;Tue Nov 12 2019 08:49:01 GMT+0100 (CET);Tue Nov 12 2019 07:49:01 GMT+0100 (CET);1573544941000;0.15;32.76;4.07
1438719252742555;7.9;33;Tue Nov 12 2019 08:51:09 GMT+0100 (CET);Tue Nov 12 2019 07:51:09 GMT+0100 (CET);1573545069000;0.17;36.96;4.09
1438719252742555;7.9;33.4;Tue Nov 12 2019 08:53:09 GMT+0100 (CET);Tue Nov 12 2019 07:53:09 GMT+0100 (CET);1573545189000;0.18;39.87;4.12
1438719252742555;7.9;33.5;Tue Nov 12 2019 08:55:02 GMT+0100 (CET);Tue Nov 12 2019 07:55:02 GMT+0100 (CET);1573545302000;0.2;42.54;4.15
1438719252742555;7.9;33.8;Tue Nov 12 2019 08:57:02 GMT+0100 (CET);Tue Nov 12 2019 07:57:02 GMT+0100 (CET);1573545422000;0.22;48.03;4.18
1438719252742555;7.9;34;Tue Nov 12 2019 08:58:55 GMT+0100 (CET);Tue Nov 12 2019 07:58:55 GMT+0100 (CET);1573545535000;0.25;52.47;4.21
1438719252742555;7.9;34.1;Tue Nov 12 2019 09:00:48 GMT+0100 (CET);Tue Nov 12 2019 08:00:48 GMT+0100 (CET);1573545648000;0.27;56.57;4.28
1438719252742555;7.9;34.1;Tue Nov 12 2019 09:02:42 GMT+0100 (CET);Tue Nov 12 2019 08:02:42 GMT+0100 (CET);1573545762000;0.28;61.69;4.32
1438719252742555;7.9;34.6;Tue Nov 12 2019 09:04:37 GMT+0100 (CET);Tue Nov 12 2019 08:04:37 GMT+0100 (CET);1573545877000;0.32;67.22;4.37
1438719252742555;8.4;34.5;Tue Nov 12 2019 09:06:40 GMT+0100 (CET);Tue Nov 12 2019 08:06:40 GMT+0100 (CET);1573546000000;0.37;76.78;4.43
1438719252742555;8.4;34.8;Tue Nov 12 2019 09:08:39 GMT+0100 (CET);Tue Nov 12 2019 08:08:39 GMT+0100 (CET);1573546119000;0.4;84.69;4.53
1438719252742555;8.4;35;Tue Nov 12 2019 09:10:35 GMT+0100 (CET);Tue Nov 12 2019 08:10:35 GMT+0100 (CET);1573546235000;0.42;90.64;4.59
1438719252742555;8.4;35.8;Tue Nov 12 2019 09:12:28 GMT+0100 (CET);Tue Nov 12 2019 08:12:28 GMT+0100 (CET);1573546348000;0.44;94.59;4.67
1438719252742555;9.9;35.7;Tue Nov 12 2019 09:14:21 GMT+0100 (CET);Tue Nov 12 2019 08:14:21 GMT+0100 (CET);1573546461000;0.45;98.8;4.75
1438719252742555;9.9;35.8;Tue Nov 12 2019 09:16:18 GMT+0100 (CET);Tue Nov 12 2019 08:16:18 GMT+0100 (CET);1573546578000;0.48;102.83;4.82
1438719252742555;10.4;35.8;Tue Nov 12 2019 09:18:12 GMT+0100 (CET);Tue Nov 12 2019 08:18:12 GMT+0100 (CET);1573546692000;0.47;101.32;4.88
1438719252742555;10.4;35.7;Tue Nov 12 2019 09:20:05 GMT+0100 (CET);Tue Nov 12 2019 08:20:05 GMT+0100 (CET);1573546805000;0.44;95.15;4.96
1438719252742555;10.4;35.5;Tue Nov 12 2019 09:22:10 GMT+0100 (CET);Tue Nov 12 2019 08:22:10 GMT+0100 (CET);1573546930000;0.42;92.24;5.01
1438719252742555;10.4;35.4;Tue Nov 12 2019 09:24:29 GMT+0100 (CET);Tue Nov 12 2019 08:24:29 GMT+0100 (CET);1573547069000;0.41;91.61;5.05
1438719252742555;10.4;35.4;Tue Nov 12 2019 09:26:25 GMT+0100 (CET);Tue Nov 12 2019 08:26:25 GMT+0100 (CET);1573547185000;0.43;93.51;5.08
1438719252742555;11.9;35.5;Tue Nov 12 2019 09:28:19 GMT+0100 (CET);Tue Nov 12 2019 08:28:19 GMT+0100 (CET);1573547299000;0.43;93.51;5.14
1438719252742555;11.9;35.4;Tue Nov 12 2019 09:30:12 GMT+0100 (CET);Tue Nov 12 2019 08:30:12 GMT+0100 (CET);1573547412000;0.41;91.22;5.15
1438719252742555;11.9;35.3;Tue Nov 12 2019 09:32:06 GMT+0100 (CET);Tue Nov 12 2019 08:32:06 GMT+0100 (CET);1573547526000;0.39;85.86;5.18
1438719252742555;11.9;35.2;Tue Nov 12 2019 09:33:58 GMT+0100 (CET);Tue Nov 12 2019 08:33:58 GMT+0100 (CET);1573547638000;0.36;80.62;5.17
1438719252742555;11.9;35.1;Tue Nov 12 2019 09:35:52 GMT+0100 (CET);Tue Nov 12 2019 08:35:52 GMT+0100 (CET);1573547752000;0.32;72.97;5.15
1438719252742555;11.9;35;Tue Nov 12 2019 09:37:44 GMT+0100 (CET);Tue Nov 12 2019 08:37:44 GMT+0100 (CET);1573547864000;0.31;69.45;5.11
1438719252742555;11.9;34.4;Tue Nov 12 2019 09:40:03 GMT+0100 (CET);Tue Nov 12 2019 08:40:03 GMT+0100 (CET);1573548003000;0.35;74.72;5.1
1438719252742555;11.9;34.3;Tue Nov 12 2019 09:41:56 GMT+0100 (CET);Tue Nov 12 2019 08:41:56 GMT+0100 (CET);1573548116000;0.34;73.56;5.12
1438719252742555;10.4;34.2;Tue Nov 12 2019 09:43:55 GMT+0100 (CET);Tue Nov 12 2019 08:43:55 GMT+0100 (CET);1573548235000;0.31;67.56;5.1
1438719252742555;10.4;34;Tue Nov 12 2019 09:45:49 GMT+0100 (CET);Tue Nov 12 2019 08:45:49 GMT+0100 (CET);1573548349000;0.34;74.61;5.1
1438719252742555;10.4;34.3;Tue Nov 12 2019 09:48:09 GMT+0100 (CET);Tue Nov 12 2019 08:48:09 GMT+0100 (CET);1573548489000;0.39;82.51;5.12
1438719252742555;10.4;35.2;Tue Nov 12 2019 09:50:01 GMT+0100 (CET);Tue Nov 12 2019 08:50:01 GMT+0100 (CET);1573548601000;0.39;84.66;5.16
1438719252742555;10.4;35.2;Tue Nov 12 2019 09:51:54 GMT+0100 (CET);Tue Nov 12 2019 08:51:54 GMT+0100 (CET);1573548714000;0.42;90.53;5.18
1438719252742555;11.9;35.4;Tue Nov 12 2019 09:54:08 GMT+0100 (CET);Tue Nov 12 2019 08:54:08 GMT+0100 (CET);1573548848000;0.44;93.67;5.21
1438719252742555;11.9;35.4;Tue Nov 12 2019 09:56:04 GMT+0100 (CET);Tue Nov 12 2019 08:56:04 GMT+0100 (CET);1573548964000;0.43;92.66;5.26
1438719252742555;11.9;35.3;Tue Nov 12 2019 09:58:07 GMT+0100 (CET);Tue Nov 12 2019 08:58:07 GMT+0100 (CET);1573549087000;0.4;87.06;5.31
1438719252742555;11.9;35.2;Tue Nov 12 2019 10:00:00 GMT+0100 (CET);Tue Nov 12 2019 09:00:00 GMT+0100 (CET);1573549200000;0.39;84.68;5.33
1438719252742555;11.9;35.1;Tue Nov 12 2019 10:02:09 GMT+0100 (CET);Tue Nov 12 2019 09:02:09 GMT+0100 (CET);1573549329000;0.41;88.2;5.33
1438719252742555;11.9;35.2;Tue Nov 12 2019 10:04:02 GMT+0100 (CET);Tue Nov 12 2019 09:04:02 GMT+0100 (CET);1573549442000;0.45;96.43;5.38
1438719252742555;11.9;35.2;Tue Nov 12 2019 10:05:54 GMT+0100 (CET);Tue Nov 12 2019 09:05:54 GMT+0100 (CET);1573549554000;0.51;107.35;5.39
1438719252742555;11.9;35.7;Tue Nov 12 2019 10:08:01 GMT+0100 (CET);Tue Nov 12 2019 09:08:01 GMT+0100 (CET);1573549681000;0.5;108.48;5.39
1438719252742555;11.9;35.7;Tue Nov 12 2019 10:09:55 GMT+0100 (CET);Tue Nov 12 2019 09:09:55 GMT+0100 (CET);1573549795000;0.53;112.29;5.44
1438719252742555;11.9;35.8;Tue Nov 12 2019 10:11:55 GMT+0100 (CET);Tue Nov 12 2019 09:11:55 GMT+0100 (CET);1573549915000;0.54;115.48;5.54
1438719252742555;11.9;35.7;Tue Nov 12 2019 10:13:56 GMT+0100 (CET);Tue Nov 12 2019 09:13:56 GMT+0100 (CET);1573550036000;0.54;115.67;5.62
1438719252742555;11.9;35.7;Tue Nov 12 2019 10:15:49 GMT+0100 (CET);Tue Nov 12 2019 09:15:49 GMT+0100 (CET);1573550149000;0.57;120.51;5.68
1438719252742555;11.9;35.7;Tue Nov 12 2019 10:17:43 GMT+0100 (CET);Tue Nov 12 2019 09:17:43 GMT+0100 (CET);1573550263000;0.55;118.92;5.73
1438719252742555;11.9;35.7;Tue Nov 12 2019 10:19:37 GMT+0100 (CET);Tue Nov 12 2019 09:19:37 GMT+0100 (CET);1573550377000;0.57;122.28;5.74
1438719252742555;11.9;35.8;Tue Nov 12 2019 10:21:37 GMT+0100 (CET);Tue Nov 12 2019 09:21:37 GMT+0100 (CET);1573550497000;0.58;123.88;5.77
1438719252742555;11.9;35.7;Tue Nov 12 2019 10:23:30 GMT+0100 (CET);Tue Nov 12 2019 09:23:30 GMT+0100 (CET);1573550610000;0.54;115.17;5.85
1438719252742555;12.4;35.6;Tue Nov 12 2019 10:25:23 GMT+0100 (CET);Tue Nov 12 2019 09:25:23 GMT+0100 (CET);1573550723000;0.54;113.44;5.89
1438719252742555;12.4;35.6;Tue Nov 12 2019 10:27:20 GMT+0100 (CET);Tue Nov 12 2019 09:27:20 GMT+0100 (CET);1573550840000;0.54;115.44;5.89
1438719252742555;12.4;35.6;Tue Nov 12 2019 10:29:13 GMT+0100 (CET);Tue Nov 12 2019 09:29:13 GMT+0100 (CET);1573550953000;0.52;111.75;5.9
1438719252742555;12.4;35.5;Tue Nov 12 2019 10:31:07 GMT+0100 (CET);Tue Nov 12 2019 09:31:07 GMT+0100 (CET);1573551067000;0.49;106.39;5.89
1438719252742555;12.4;35.5;Tue Nov 12 2019 10:33:00 GMT+0100 (CET);Tue Nov 12 2019 09:33:00 GMT+0100 (CET);1573551180000;0.52;113.08;5.94
1438719252742555;12.4;35.8;Tue Nov 12 2019 10:34:57 GMT+0100 (CET);Tue Nov 12 2019 09:34:57 GMT+0100 (CET);1573551297000;0.61;131.28;5.96
1438719252742555;12.4;36.2;Tue Nov 12 2019 10:37:09 GMT+0100 (CET);Tue Nov 12 2019 09:37:09 GMT+0100 (CET);1573551429000;0.71;152.19;6.05
1438719252742555;12.4;36.2;Tue Nov 12 2019 10:39:01 GMT+0100 (CET);Tue Nov 12 2019 09:39:01 GMT+0100 (CET);1573551541000;0.74;156.81;6.16
1438719252742555;13.9;36.2;Tue Nov 12 2019 10:40:54 GMT+0100 (CET);Tue Nov 12 2019 09:40:54 GMT+0100 (CET);1573551654000;0.78;161.5;6.26
1438719252742555;13.9;36.1;Tue Nov 12 2019 10:42:46 GMT+0100 (CET);Tue Nov 12 2019 09:42:46 GMT+0100 (CET);1573551766000;0.71;150.62;6.36
1438719252742555;13.9;35.9;Tue Nov 12 2019 10:44:41 GMT+0100 (CET);Tue Nov 12 2019 09:44:41 GMT+0100 (CET);1573551881000;0.69;145.78;6.46
1438719252742555;13.9;36;Tue Nov 12 2019 10:46:39 GMT+0100 (CET);Tue Nov 12 2019 09:46:39 GMT+0100 (CET);1573551999000;0.79;165.69;6.53
1438719252742555;13.9;36;Tue Nov 12 2019 10:48:35 GMT+0100 (CET);Tue Nov 12 2019 09:48:35 GMT+0100 (CET);1573552115000;0.75;158.36;6.56
1438719252742555;13.9;36.2;Tue Nov 12 2019 10:50:46 GMT+0100 (CET);Tue Nov 12 2019 09:50:46 GMT+0100 (CET);1573552246000;0.88;183.42;6.64
1438719252742555;13.9;36.1;Tue Nov 12 2019 10:52:38 GMT+0100 (CET);Tue Nov 12 2019 09:52:38 GMT+0100 (CET);1573552358000;0.8;168.48;6.74
1438719252742555;13.9;36.1;Tue Nov 12 2019 10:54:32 GMT+0100 (CET);Tue Nov 12 2019 09:54:32 GMT+0100 (CET);1573552472000;0.79;166.79;6.84
1438719252742555;13.9;36;Tue Nov 12 2019 10:56:25 GMT+0100 (CET);Tue Nov 12 2019 09:56:25 GMT+0100 (CET);1573552585000;0.76;160.78;6.83
1438719252742555;13.9;36;Tue Nov 12 2019 10:58:23 GMT+0100 (CET);Tue Nov 12 2019 09:58:23 GMT+0100 (CET);1573552703000;0.73;155.59;6.85
1438719252742555;13.9;35.8;Tue Nov 12 2019 11:00:17 GMT+0100 (CET);Tue Nov 12 2019 10:00:17 GMT+0100 (CET);1573552817000;0.68;146.58;6.87
1438719252742555;13.9;35.7;Tue Nov 12 2019 11:02:11 GMT+0100 (CET);Tue Nov 12 2019 10:02:11 GMT+0100 (CET);1573552931000;0.65;139.29;6.87
1438719252742555;13.9;35.6;Tue Nov 12 2019 11:04:07 GMT+0100 (CET);Tue Nov 12 2019 10:04:07 GMT+0100 (CET);1573553047000;0.62;134.44;6.85
1438719252742555;13.9;35.6;Tue Nov 12 2019 11:06:06 GMT+0100 (CET);Tue Nov 12 2019 10:06:06 GMT+0100 (CET);1573553166000;0.61;131.98;6.82
1438719252742555;13.9;35.6;Tue Nov 12 2019 11:08:01 GMT+0100 (CET);Tue Nov 12 2019 10:08:01 GMT+0100 (CET);1573553281000;0.63;136.53;6.8
1438719252742555;13.9;35.8;Tue Nov 12 2019 11:09:55 GMT+0100 (CET);Tue Nov 12 2019 10:09:55 GMT+0100 (CET);1573553395000;0.69;146.74;6.85
1438719252742555;13.9;35.8;Tue Nov 12 2019 11:11:51 GMT+0100 (CET);Tue Nov 12 2019 10:11:51 GMT+0100 (CET);1573553511000;0.67;142.24;6.9
1438719252742555;13.9;35.8;Tue Nov 12 2019 11:13:47 GMT+0100 (CET);Tue Nov 12 2019 10:13:47 GMT+0100 (CET);1573553627000;0.65;139.95;6.96
1438719252742555;13.9;35.7;Tue Nov 12 2019 11:15:41 GMT+0100 (CET);Tue Nov 12 2019 10:15:41 GMT+0100 (CET);1573553741000;0.66;141.21;7.02
1438719252742555;13.9;35.8;Tue Nov 12 2019 11:17:33 GMT+0100 (CET);Tue Nov 12 2019 10:17:33 GMT+0100 (CET);1573553853000;0.67;141.51;7.07
1438719252742555;13.9;35.8;Tue Nov 12 2019 11:19:33 GMT+0100 (CET);Tue Nov 12 2019 10:19:33 GMT+0100 (CET);1573553973000;0.68;143.58;7.06
1438719252742555;13.9;35.8;Tue Nov 12 2019 11:21:31 GMT+0100 (CET);Tue Nov 12 2019 10:21:31 GMT+0100 (CET);1573554091000;0.69;145.99;7.04
1438719252742555;14.4;35.8;Tue Nov 12 2019 11:23:29 GMT+0100 (CET);Tue Nov 12 2019 10:23:29 GMT+0100 (CET);1573554209000;0.71;149.96;7.04
1438719252742555;14.4;35.8;Tue Nov 12 2019 11:25:22 GMT+0100 (CET);Tue Nov 12 2019 10:25:22 GMT+0100 (CET);1573554322000;0.71;150.84;7.03
1438719252742555;13.9;35.8;Tue Nov 12 2019 11:27:20 GMT+0100 (CET);Tue Nov 12 2019 10:27:20 GMT+0100 (CET);1573554440000;0.63;134.96;7.04
1438719252742555;13.9;35.4;Tue Nov 12 2019 11:29:19 GMT+0100 (CET);Tue Nov 12 2019 10:29:19 GMT+0100 (CET);1573554559000;0.56;118.98;6.98
1438719252742555;13.9;35.3;Tue Nov 12 2019 11:31:12 GMT+0100 (CET);Tue Nov 12 2019 10:31:12 GMT+0100 (CET);1573554672000;0.54;114.95;6.94
1438719252742555;13.9;35.3;Tue Nov 12 2019 11:33:25 GMT+0100 (CET);Tue Nov 12 2019 10:33:25 GMT+0100 (CET);1573554805000;0.53;111.9;6.91
1438719252742555;13.9;35.3;Tue Nov 12 2019 11:35:18 GMT+0100 (CET);Tue Nov 12 2019 10:35:18 GMT+0100 (CET);1573554918000;0.52;111.53;6.96
1438719252742555;13.9;35.2;Tue Nov 12 2019 11:37:26 GMT+0100 (CET);Tue Nov 12 2019 10:37:26 GMT+0100 (CET);1573555046000;0.47;101.5;7
1438719252742555;13.9;35.1;Tue Nov 12 2019 11:39:18 GMT+0100 (CET);Tue Nov 12 2019 10:39:18 GMT+0100 (CET);1573555158000;0.44;94.64;6.99
1438719252742555;13.9;34.5;Tue Nov 12 2019 11:41:23 GMT+0100 (CET);Tue Nov 12 2019 10:41:23 GMT+0100 (CET);1573555283000;0.5;107.39;7.03
1438719252742555;13.9;35.2;Tue Nov 12 2019 11:43:16 GMT+0100 (CET);Tue Nov 12 2019 10:43:16 GMT+0100 (CET);1573555396000;0.6;127.42;7.07
1438719252742555;13.9;35.6;Tue Nov 12 2019 11:45:15 GMT+0100 (CET);Tue Nov 12 2019 10:45:15 GMT+0100 (CET);1573555515000;0.61;130.03;7.15
1438719252742555;13.9;35.4;Tue Nov 12 2019 11:47:31 GMT+0100 (CET);Tue Nov 12 2019 10:47:31 GMT+0100 (CET);1573555651000;0.58;124;7.22
1438719252742555;13.9;35.4;Tue Nov 12 2019 11:49:24 GMT+0100 (CET);Tue Nov 12 2019 10:49:24 GMT+0100 (CET);1573555764000;0.59;127.19;7.31
1438719252742555;14.4;35.5;Tue Nov 12 2019 11:51:29 GMT+0100 (CET);Tue Nov 12 2019 10:51:29 GMT+0100 (CET);1573555889000;0.63;136.82;7.46
1438719252742555;14.4;35.6;Tue Nov 12 2019 11:53:36 GMT+0100 (CET);Tue Nov 12 2019 10:53:36 GMT+0100 (CET);1573556016000;0.69;147.6;7.53
1438719252742555;14.4;35.8;Tue Nov 12 2019 11:55:29 GMT+0100 (CET);Tue Nov 12 2019 10:55:29 GMT+0100 (CET);1573556129000;0.77;164.43;7.6
1438719252742555;14.4;35.9;Tue Nov 12 2019 11:57:27 GMT+0100 (CET);Tue Nov 12 2019 10:57:27 GMT+0100 (CET);1573556247000;0.78;166.06;7.67
1438719252742555;14.4;35.7;Tue Nov 12 2019 11:59:24 GMT+0100 (CET);Tue Nov 12 2019 10:59:24 GMT+0100 (CET);1573556364000;0.7;149.94;7.75
1438719252742555;14.4;35.6;Tue Nov 12 2019 12:01:17 GMT+0100 (CET);Tue Nov 12 2019 11:01:17 GMT+0100 (CET);1573556477000;0.7;152.04;7.78
1438719252742555;14.4;35.6;Tue Nov 12 2019 12:03:16 GMT+0100 (CET);Tue Nov 12 2019 11:03:16 GMT+0100 (CET);1573556596000;0.76;163.49;7.85
1438719252742555;14.4;35.8;Tue Nov 12 2019 12:05:14 GMT+0100 (CET);Tue Nov 12 2019 11:05:14 GMT+0100 (CET);1573556714000;0.82;175.51;7.92
1438719252742555;15.9;35.8;Tue Nov 12 2019 12:07:11 GMT+0100 (CET);Tue Nov 12 2019 11:07:11 GMT+0100 (CET);1573556831000;0.8;171.23;7.96
1438719252742555;15.9;35.8;Tue Nov 12 2019 12:09:49 GMT+0100 (CET);Tue Nov 12 2019 11:09:49 GMT+0100 (CET);1573556989000;0.82;177.18;8.01
1438719252742555;15.9;35.8;Tue Nov 12 2019 12:11:51 GMT+0100 (CET);Tue Nov 12 2019 11:11:51 GMT+0100 (CET);1573557111000;0.83;176.52;8.01
1438719252742555;15.9;35.9;Tue Nov 12 2019 12:13:51 GMT+0100 (CET);Tue Nov 12 2019 11:13:51 GMT+0100 (CET);1573557231000;0.91;194.46;8.05
1438719252742555;15.9;36;Tue Nov 12 2019 12:15:52 GMT+0100 (CET);Tue Nov 12 2019 11:15:52 GMT+0100 (CET);1573557352000;0.96;205.38;8.1
1438719252742555;15.9;35.9;Tue Nov 12 2019 12:17:48 GMT+0100 (CET);Tue Nov 12 2019 11:17:48 GMT+0100 (CET);1573557468000;0.87;187.17;8.14
1438719252742555;15.9;35.7;Tue Nov 12 2019 12:19:46 GMT+0100 (CET);Tue Nov 12 2019 11:19:46 GMT+0100 (CET);1573557586000;0.8;173.86;8.14
1438719252742555;15.9;35.7;Tue Nov 12 2019 12:21:44 GMT+0100 (CET);Tue Nov 12 2019 11:21:44 GMT+0100 (CET);1573557704000;0.81;175.38;8.08
1438719252742555;15.9;35.6;Tue Nov 12 2019 12:23:48 GMT+0100 (CET);Tue Nov 12 2019 11:23:48 GMT+0100 (CET);1573557828000;0.8;174.13;8.09
1438719252742555;15.9;35.9;Tue Nov 12 2019 12:25:58 GMT+0100 (CET);Tue Nov 12 2019 11:25:58 GMT+0100 (CET);1573557958000;0.9;194.59;8.14
1438719252742555;15.9;35.9;Tue Nov 12 2019 12:27:51 GMT+0100 (CET);Tue Nov 12 2019 11:27:51 GMT+0100 (CET);1573558071000;0.94;200.29;8.18
1438719252742555;15.9;36;Tue Nov 12 2019 12:29:45 GMT+0100 (CET);Tue Nov 12 2019 11:29:45 GMT+0100 (CET);1573558185000;1;213.91;8.25
1438719252742555;15.9;36;Tue Nov 12 2019 12:31:54 GMT+0100 (CET);Tue Nov 12 2019 11:31:54 GMT+0100 (CET);1573558314000;1.07;227.43;8.36
1438719252742555;15.9;36;Tue Nov 12 2019 12:33:50 GMT+0100 (CET);Tue Nov 12 2019 11:33:50 GMT+0100 (CET);1573558430000;1.17;249.82;8.52
1438719252742555;15.9;35.8;Tue Nov 12 2019 12:35:43 GMT+0100 (CET);Tue Nov 12 2019 11:35:43 GMT+0100 (CET);1573558543000;0.94;182.54;8.64
1438719252742555;15.9;35.4;Tue Nov 12 2019 12:37:35 GMT+0100 (CET);Tue Nov 12 2019 11:37:35 GMT+0100 (CET);1573558655000;0.78;166.03;8.67
1438719252742555;15.9;35.8;Tue Nov 12 2019 12:39:34 GMT+0100 (CET);Tue Nov 12 2019 11:39:34 GMT+0100 (CET);1573558774000;1.15;256.1;8.67
1438719252742555;15.9;36;Tue Nov 12 2019 12:41:33 GMT+0100 (CET);Tue Nov 12 2019 11:41:33 GMT+0100 (CET);1573558893000;0.97;200.2;8.77
1438719252742555;15.9;35.6;Tue Nov 12 2019 12:43:26 GMT+0100 (CET);Tue Nov 12 2019 11:43:26 GMT+0100 (CET);1573559006000;0.89;186.23;8.78
1438719252742555;16.4;35.7;Tue Nov 12 2019 12:45:19 GMT+0100 (CET);Tue Nov 12 2019 11:45:19 GMT+0100 (CET);1573559119000;0.81;172.86;8.71
1438719252742555;16.4;35.4;Tue Nov 12 2019 12:47:12 GMT+0100 (CET);Tue Nov 12 2019 11:47:12 GMT+0100 (CET);1573559232000;0.74;156.68;8.65
1438719252742555;16.4;35.4;Tue Nov 12 2019 12:49:05 GMT+0100 (CET);Tue Nov 12 2019 11:49:05 GMT+0100 (CET);1573559345000;0.69;148.76;8.64
1438719252742555;16.4;35.2;Tue Nov 12 2019 12:51:04 GMT+0100 (CET);Tue Nov 12 2019 11:51:04 GMT+0100 (CET);1573559464000;0.64;136.42;8.56
1438719252742555;16.4;35.3;Tue Nov 12 2019 12:52:58 GMT+0100 (CET);Tue Nov 12 2019 11:52:58 GMT+0100 (CET);1573559578000;0.65;137.07;8.48
1438719252742555;16.4;35.2;Tue Nov 12 2019 12:54:52 GMT+0100 (CET);Tue Nov 12 2019 11:54:52 GMT+0100 (CET);1573559692000;0.57;122.76;8.41
1438719252742555;16.4;35.1;Tue Nov 12 2019 12:56:49 GMT+0100 (CET);Tue Nov 12 2019 11:56:49 GMT+0100 (CET);1573559809000;0.61;131.31;8.39
1438719252742555;15.9;35.4;Tue Nov 12 2019 12:58:49 GMT+0100 (CET);Tue Nov 12 2019 11:58:49 GMT+0100 (CET);1573559929000;0.67;142.93;8.38
1438719252742555;15.9;35.4;Tue Nov 12 2019 13:00:41 GMT+0100 (CET);Tue Nov 12 2019 12:00:41 GMT+0100 (CET);1573560041000;0.61;131.21;8.32
1438719252742555;15.9;35.2;Tue Nov 12 2019 13:02:38 GMT+0100 (CET);Tue Nov 12 2019 12:02:38 GMT+0100 (CET);1573560158000;0.6;127.39;8.28
1438719252742555;16.4;35.3;Tue Nov 12 2019 13:04:46 GMT+0100 (CET);Tue Nov 12 2019 12:04:46 GMT+0100 (CET);1573560286000;0.59;125.35;8.22
1438719252742555;16.4;35.2;Tue Nov 12 2019 13:06:42 GMT+0100 (CET);Tue Nov 12 2019 12:06:42 GMT+0100 (CET);1573560402000;0.55;117.91;8.15
1438719252742555;15.9;35.2;Tue Nov 12 2019 13:08:42 GMT+0100 (CET);Tue Nov 12 2019 12:08:42 GMT+0100 (CET);1573560522000;0.55;117.54;8.1
1438719252742555;15.9;35.2;Tue Nov 12 2019 13:10:35 GMT+0100 (CET);Tue Nov 12 2019 12:10:35 GMT+0100 (CET);1573560635000;0.56;118.15;8.1
1438719252742555;15.9;35.4;Tue Nov 12 2019 13:12:30 GMT+0100 (CET);Tue Nov 12 2019 12:12:30 GMT+0100 (CET);1573560750000;0.6;127.56;8.08
1438719252742555;15.9;35.4;Tue Nov 12 2019 13:14:23 GMT+0100 (CET);Tue Nov 12 2019 12:14:23 GMT+0100 (CET);1573560863000;0.56;120.25;8.03
1438719252742555;14.4;35.3;Tue Nov 12 2019 13:16:17 GMT+0100 (CET);Tue Nov 12 2019 12:16:17 GMT+0100 (CET);1573560977000;0.58;123.46;8.01
1438719252742555;14.4;35.3;Tue Nov 12 2019 13:18:12 GMT+0100 (CET);Tue Nov 12 2019 12:18:12 GMT+0100 (CET);1573561092000;0.56;118.41;7.96
1438719252742555;14.4;35.4;Tue Nov 12 2019 13:20:17 GMT+0100 (CET);Tue Nov 12 2019 12:20:17 GMT+0100 (CET);1573561217000;0.53;113.36;7.92
1438719252742555;14.4;35.4;Tue Nov 12 2019 13:22:33 GMT+0100 (CET);Tue Nov 12 2019 12:22:33 GMT+0100 (CET);1573561353000;0.59;126.46;7.89
1438719252742555;14.4;35.5;Tue Nov 12 2019 13:24:26 GMT+0100 (CET);Tue Nov 12 2019 12:24:26 GMT+0100 (CET);1573561466000;0.59;126.65;7.94
1438719252742555;14.4;35.2;Tue Nov 12 2019 13:28:28 GMT+0100 (CET);Tue Nov 12 2019 12:28:28 GMT+0100 (CET);1573561708000;0.53;114.56;7.94
1438719252742555;14.4;35.3;Tue Nov 12 2019 13:30:24 GMT+0100 (CET);Tue Nov 12 2019 12:30:24 GMT+0100 (CET);1573561824000;0.54;114.77;7.96
1438719252742555;14.4;35.4;Tue Nov 12 2019 13:32:18 GMT+0100 (CET);Tue Nov 12 2019 12:32:18 GMT+0100 (CET);1573561938000;0.51;109.51;7.95
1438719252742555;14.4;35.2;Tue Nov 12 2019 13:34:48 GMT+0100 (CET);Tue Nov 12 2019 12:34:48 GMT+0100 (CET);1573562088000;0.58;124.39;7.95
1438719252742555;14.4;35.7;Tue Nov 12 2019 13:36:59 GMT+0100 (CET);Tue Nov 12 2019 12:36:59 GMT+0100 (CET);1573562219000;0.65;139.58;7.99
1438719252742555;14.4;35.7;Tue Nov 12 2019 13:39:01 GMT+0100 (CET);Tue Nov 12 2019 12:39:01 GMT+0100 (CET);1573562341000;0.64;138.35;8.02
1438719252742555;14.4;35.7;Tue Nov 12 2019 13:40:55 GMT+0100 (CET);Tue Nov 12 2019 12:40:55 GMT+0100 (CET);1573562455000;0.65;140.01;8.04
1438719252742555;14.4;35.6;Tue Nov 12 2019 13:42:54 GMT+0100 (CET);Tue Nov 12 2019 12:42:54 GMT+0100 (CET);1573562574000;0.59;128.54;8.06
1438719252742555;14.4;35.5;Tue Nov 12 2019 13:44:47 GMT+0100 (CET);Tue Nov 12 2019 12:44:47 GMT+0100 (CET);1573562687000;0.61;131.15;8.07
1438719252742555;14.4;35.5;Tue Nov 12 2019 13:46:49 GMT+0100 (CET);Tue Nov 12 2019 12:46:49 GMT+0100 (CET);1573562809000;0.63;134;8.08
1438719252742555;14.4;35.6;Tue Nov 12 2019 13:48:50 GMT+0100 (CET);Tue Nov 12 2019 12:48:50 GMT+0100 (CET);1573562930000;0.66;140.55;8.12
1438719252742555;14.4;35.6;Tue Nov 12 2019 13:51:14 GMT+0100 (CET);Tue Nov 12 2019 12:51:14 GMT+0100 (CET);1573563074000;0.7;151.25;8.14
1438719252742555;14.9;35.7;Tue Nov 12 2019 13:53:21 GMT+0100 (CET);Tue Nov 12 2019 12:53:21 GMT+0100 (CET);1573563201000;0.73;155.35;8.16
1438719252742555;14.9;35.8;Tue Nov 12 2019 13:55:14 GMT+0100 (CET);Tue Nov 12 2019 12:55:14 GMT+0100 (CET);1573563314000;0.77;166.17;8.23
1438719252742555;14.9;35.8;Tue Nov 12 2019 13:57:07 GMT+0100 (CET);Tue Nov 12 2019 12:57:07 GMT+0100 (CET);1573563427000;0.77;164.17;8.32
1438719252742555;15.9;35.7;Tue Nov 12 2019 13:59:07 GMT+0100 (CET);Tue Nov 12 2019 12:59:07 GMT+0100 (CET);1573563547000;0.73;158.34;8.39
1438719252742555;15.9;35.6;Tue Nov 12 2019 14:01:01 GMT+0100 (CET);Tue Nov 12 2019 13:01:01 GMT+0100 (CET);1573563661000;0.7;152.23;8.43
1438719252742555;15.9;35.6;Tue Nov 12 2019 14:02:54 GMT+0100 (CET);Tue Nov 12 2019 13:02:54 GMT+0100 (CET);1573563774000;0.71;155.12;8.47
1438719252742555;15.9;35.7;Tue Nov 12 2019 14:05:01 GMT+0100 (CET);Tue Nov 12 2019 13:05:01 GMT+0100 (CET);1573563901000;0.75;161.29;8.5
1438719252742555;15.9;35.8;Tue Nov 12 2019 14:07:11 GMT+0100 (CET);Tue Nov 12 2019 13:07:11 GMT+0100 (CET);1573564031000;0.75;163.98;8.52
1438719252742555;15.9;35.7;Tue Nov 12 2019 14:09:09 GMT+0100 (CET);Tue Nov 12 2019 13:09:09 GMT+0100 (CET);1573564149000;0.73;158.33;8.52
1438719252742555;15.9;35.6;Tue Nov 12 2019 14:11:02 GMT+0100 (CET);Tue Nov 12 2019 13:11:02 GMT+0100 (CET);1573564262000;0.68;146.71;8.47
1438719252742555;15.9;35.4;Tue Nov 12 2019 14:12:58 GMT+0100 (CET);Tue Nov 12 2019 13:12:58 GMT+0100 (CET);1573564378000;0.65;141.5;8.44
1438719252742555;15.9;35.3;Tue Nov 12 2019 14:14:54 GMT+0100 (CET);Tue Nov 12 2019 13:14:54 GMT+0100 (CET);1573564494000;0.62;135.59;8.38
1438719252742555;15.9;35.4;Tue Nov 12 2019 14:16:48 GMT+0100 (CET);Tue Nov 12 2019 13:16:48 GMT+0100 (CET);1573564608000;0.66;148.65;8.33
1438719252742555;15.9;36.1;Tue Nov 12 2019 14:18:41 GMT+0100 (CET);Tue Nov 12 2019 13:18:41 GMT+0100 (CET);1573564721000;0.95;215.26;8.35
1438719252742555;15.9;36.8;Tue Nov 12 2019 14:20:46 GMT+0100 (CET);Tue Nov 12 2019 13:20:46 GMT+0100 (CET);1573564846000;1.99;350.71;8.85
1438719252742555;15.9;33.5;Tue Nov 12 2019 14:22:47 GMT+0100 (CET);Tue Nov 12 2019 13:22:47 GMT+0100 (CET);1573564967000;1.2;238.83;9.14
1438719252742555;15.9;36.1;Tue Nov 12 2019 14:24:51 GMT+0100 (CET);Tue Nov 12 2019 13:24:51 GMT+0100 (CET);1573565091000;0.98;200.14;9.41
1438719252742555;16.4;36.2;Tue Nov 12 2019 14:27:01 GMT+0100 (CET);Tue Nov 12 2019 13:27:01 GMT+0100 (CET);1573565221000;2.01;437.75;9.48
1438719252742555;16.4;35.8;Tue Nov 12 2019 14:28:54 GMT+0100 (CET);Tue Nov 12 2019 13:28:54 GMT+0100 (CET);1573565334000;1.4;219.21;9.96
1438719252742555;16.4;34.1;Tue Nov 12 2019 14:30:56 GMT+0100 (CET);Tue Nov 12 2019 13:30:56 GMT+0100 (CET);1573565456000;1.27;391.67;10.03
1438719252742555;16.4;34.6;Tue Nov 12 2019 14:32:50 GMT+0100 (CET);Tue Nov 12 2019 13:32:50 GMT+0100 (CET);1573565570000;0.65;139.11;10.11
1438719252742555;16.4;34.4;Tue Nov 12 2019 14:34:43 GMT+0100 (CET);Tue Nov 12 2019 13:34:43 GMT+0100 (CET);1573565683000;0.59;128.2;9.95
1438719252742555;16.4;34.1;Tue Nov 12 2019 14:36:41 GMT+0100 (CET);Tue Nov 12 2019 13:36:41 GMT+0100 (CET);1573565801000;0.48;106.73;9.63
1438719252742555;16.4;34;Tue Nov 12 2019 14:38:40 GMT+0100 (CET);Tue Nov 12 2019 13:38:40 GMT+0100 (CET);1573565920000;0.41;92.29;9.28
1438719252742555;15.9;31.9;Tue Nov 12 2019 14:40:34 GMT+0100 (CET);Tue Nov 12 2019 13:40:34 GMT+0100 (CET);1573566034000;0.46;100.6;8.99
1438719252742555;15.9;31.7;Tue Nov 12 2019 14:42:37 GMT+0100 (CET);Tue Nov 12 2019 13:42:37 GMT+0100 (CET);1573566157000;0.57;123.93;8.68
1438719252742555;15.9;34.3;Tue Nov 12 2019 14:45:01 GMT+0100 (CET);Tue Nov 12 2019 13:45:01 GMT+0100 (CET);1573566301000;0.46;104.39;8.46
1438719252742555;15.9;34.1;Tue Nov 12 2019 14:47:14 GMT+0100 (CET);Tue Nov 12 2019 13:47:14 GMT+0100 (CET);1573566434000;0.4;89.28;8.26
1438719252742555;15.9;33.5;Tue Nov 12 2019 14:49:10 GMT+0100 (CET);Tue Nov 12 2019 13:49:10 GMT+0100 (CET);1573566550000;0.4;90.13;8.17
1438719252742555;14.4;33.9;Tue Nov 12 2019 14:51:04 GMT+0100 (CET);Tue Nov 12 2019 13:51:04 GMT+0100 (CET);1573566664000;0.43;97.05;8.07
1438719252742555;14.4;34.4;Tue Nov 12 2019 14:53:28 GMT+0100 (CET);Tue Nov 12 2019 13:53:28 GMT+0100 (CET);1573566808000;0.48;106.79;7.98
1438719252742555;14.4;34.7;Tue Nov 12 2019 14:55:26 GMT+0100 (CET);Tue Nov 12 2019 13:55:26 GMT+0100 (CET);1573566926000;0.51;109.46;7.97
1438719252742555;14.4;34.8;Tue Nov 12 2019 14:57:21 GMT+0100 (CET);Tue Nov 12 2019 13:57:21 GMT+0100 (CET);1573567041000;0.55;120.87;7.98
1438719252742555;13.9;35;Tue Nov 12 2019 14:59:17 GMT+0100 (CET);Tue Nov 12 2019 13:59:17 GMT+0100 (CET);1573567157000;0.44;100.77;7.99
1438719252742555;13.9;36;Tue Nov 12 2019 15:01:30 GMT+0100 (CET);Tue Nov 12 2019 14:01:30 GMT+0100 (CET);1573567290000;0.49;110.89;8.06
1438719252742555;13.9;35.9;Tue Nov 12 2019 15:03:32 GMT+0100 (CET);Tue Nov 12 2019 14:03:32 GMT+0100 (CET);1573567412000;0.54;120.36;8.14
1438719252742555;14.4;35.4;Tue Nov 12 2019 15:05:26 GMT+0100 (CET);Tue Nov 12 2019 14:05:26 GMT+0100 (CET);1573567526000;0.38;84.13;8.17
1438719252742555;14.4;34.8;Tue Nov 12 2019 15:07:22 GMT+0100 (CET);Tue Nov 12 2019 14:07:22 GMT+0100 (CET);1573567642000;0.33;78.29;8.1
1438719252742555;14.4;36.5;Tue Nov 12 2019 15:09:45 GMT+0100 (CET);Tue Nov 12 2019 14:09:45 GMT+0100 (CET);1573567785000;0.35;89.62;8.04
1438719252742555;14.4;36.2;Tue Nov 12 2019 15:11:50 GMT+0100 (CET);Tue Nov 12 2019 14:11:50 GMT+0100 (CET);1573567910000;0.33;81.82;7.97
1438719252742555;13.9;35.4;Tue Nov 12 2019 15:13:49 GMT+0100 (CET);Tue Nov 12 2019 14:13:49 GMT+0100 (CET);1573568029000;0.32;81.06;7.85
1438719252742555;13.9;40.3;Tue Nov 12 2019 15:15:42 GMT+0100 (CET);Tue Nov 12 2019 14:15:42 GMT+0100 (CET);1573568142000;0.43;185.02;7.89
1438719252742555;13.9;36.6;Tue Nov 12 2019 15:17:55 GMT+0100 (CET);Tue Nov 12 2019 14:17:55 GMT+0100 (CET);1573568275000;0.38;89.81;7.96
1438719252742555;14.4;35.4;Tue Nov 12 2019 15:19:50 GMT+0100 (CET);Tue Nov 12 2019 14:19:50 GMT+0100 (CET);1573568390000;0.4;91.69;7.91
1438719252742555;14.4;36.7;Tue Nov 12 2019 15:21:49 GMT+0100 (CET);Tue Nov 12 2019 14:21:49 GMT+0100 (CET);1573568509000;0.41;114.29;7.84
1438719252742555;14.4;36;Tue Nov 12 2019 15:23:52 GMT+0100 (CET);Tue Nov 12 2019 14:23:52 GMT+0100 (CET);1573568632000;0.39;91.01;7.82
1438719252742555;14.4;35.6;Tue Nov 12 2019 15:25:46 GMT+0100 (CET);Tue Nov 12 2019 14:25:46 GMT+0100 (CET);1573568746000;0.4;198.15;7.82
1438719252742555;14.4;40.4;Tue Nov 12 2019 15:27:39 GMT+0100 (CET);Tue Nov 12 2019 14:27:39 GMT+0100 (CET);1573568859000;0.42;231.84;8.09
1438719252742555;15.9;38.8;Tue Nov 12 2019 15:29:36 GMT+0100 (CET);Tue Nov 12 2019 14:29:36 GMT+0100 (CET);1573568976000;0.43;103.53;8.33
1438719252742555;15.9;35.3;Tue Nov 12 2019 15:31:42 GMT+0100 (CET);Tue Nov 12 2019 14:31:42 GMT+0100 (CET);1573569102000;0.39;103.1;8.32
1438719252742555;14.4;36.7;Tue Nov 12 2019 15:33:50 GMT+0100 (CET);Tue Nov 12 2019 14:33:50 GMT+0100 (CET);1573569230000;0.44;156.76;8.32
1438719252742555;14.4;37.6;Tue Nov 12 2019 15:35:43 GMT+0100 (CET);Tue Nov 12 2019 14:35:43 GMT+0100 (CET);1573569343000;0.41;95.62;8.35
1438719252742555;14.4;35.8;Tue Nov 12 2019 15:37:54 GMT+0100 (CET);Tue Nov 12 2019 14:37:54 GMT+0100 (CET);1573569474000;0.39;90.68;8.29
1438719252742555;14.4;35.8;Tue Nov 12 2019 15:39:58 GMT+0100 (CET);Tue Nov 12 2019 14:39:58 GMT+0100 (CET);1573569598000;0.36;82.31;8.17
1438719252742555;14.4;37.5;Tue Nov 12 2019 15:42:05 GMT+0100 (CET);Tue Nov 12 2019 14:42:05 GMT+0100 (CET);1573569725000;0.34;80.54;8.03
1438719252742555;14.4;35.7;Tue Nov 12 2019 15:43:59 GMT+0100 (CET);Tue Nov 12 2019 14:43:59 GMT+0100 (CET);1573569839000;0.32;77.01;7.92
1438719252742555;14.4;34.7;Tue Nov 12 2019 15:45:52 GMT+0100 (CET);Tue Nov 12 2019 14:45:52 GMT+0100 (CET);1573569952000;0.32;76.94;7.81
1438719252742555;14.4;34.8;Tue Nov 12 2019 15:47:39 GMT+0100 (CET);Tue Nov 12 2019 14:47:39 GMT+0100 (CET);1573570059000;0.31;79.1;7.7
1438719252742555;14.4;34.9;Tue Nov 12 2019 15:49:58 GMT+0100 (CET);Tue Nov 12 2019 14:49:58 GMT+0100 (CET);1573570198000;0.31;78.12;7.62
1438719252742555;14.4;34.9;Tue Nov 12 2019 15:51:58 GMT+0100 (CET);Tue Nov 12 2019 14:51:58 GMT+0100 (CET);1573570318000;0.3;70.32;7.54
1438719252742555;12.4;35.2;Tue Nov 12 2019 15:54:06 GMT+0100 (CET);Tue Nov 12 2019 14:54:06 GMT+0100 (CET);1573570446000;0.24;57.95;7.46
1438719252742555;12.4;34.1;Tue Nov 12 2019 15:56:12 GMT+0100 (CET);Tue Nov 12 2019 14:56:12 GMT+0100 (CET);1573570572000;0.22;51.98;7.36
1438719252742555;12.4;33.7;Tue Nov 12 2019 15:58:18 GMT+0100 (CET);Tue Nov 12 2019 14:58:18 GMT+0100 (CET);1573570698000;0.2;46.34;7.25
1438719252742555;12.4;33.5;Tue Nov 12 2019 16:00:14 GMT+0100 (CET);Tue Nov 12 2019 15:00:14 GMT+0100 (CET);1573570814000;0.17;41.95;7.17
1438719252742555;12.4;33.1;Tue Nov 12 2019 16:02:07 GMT+0100 (CET);Tue Nov 12 2019 15:02:07 GMT+0100 (CET);1573570927000;0.16;38.13;7.08
1438719252742555;11.9;33;Tue Nov 12 2019 16:04:00 GMT+0100 (CET);Tue Nov 12 2019 15:04:00 GMT+0100 (CET);1573571040000;0.15;36.62;7
1438719252742555;11.9;32.9;Tue Nov 12 2019 16:06:04 GMT+0100 (CET);Tue Nov 12 2019 15:06:04 GMT+0100 (CET);1573571164000;0.14;33.12;6.9
1438719252742555;11.9;32.3;Tue Nov 12 2019 16:08:03 GMT+0100 (CET);Tue Nov 12 2019 15:08:03 GMT+0100 (CET);1573571283000;0.13;30.55;6.81
1438719252742555;11.9;32;Tue Nov 12 2019 16:09:55 GMT+0100 (CET);Tue Nov 12 2019 15:09:55 GMT+0100 (CET);1573571395000;0.14;31.24;6.73
1438719252742555;10.4;31.9;Tue Nov 12 2019 16:12:09 GMT+0100 (CET);Tue Nov 12 2019 15:12:09 GMT+0100 (CET);1573571529000;0.13;29.99;6.66
1438719252742555;10.4;31.6;Tue Nov 12 2019 16:14:02 GMT+0100 (CET);Tue Nov 12 2019 15:14:02 GMT+0100 (CET);1573571642000;0.12;27.99;6.6
1438719252742555;9.9;31.7;Tue Nov 12 2019 16:15:59 GMT+0100 (CET);Tue Nov 12 2019 15:15:59 GMT+0100 (CET);1573571759000;0.11;26.62;6.6
1438719252742555;9.9;31.6;Tue Nov 12 2019 16:17:52 GMT+0100 (CET);Tue Nov 12 2019 15:17:52 GMT+0100 (CET);1573571872000;0.11;25.95;6.61
1438719252742555;9.4;31.3;Tue Nov 12 2019 16:19:56 GMT+0100 (CET);Tue Nov 12 2019 15:19:56 GMT+0100 (CET);1573571996000;0.1;24.49;6.65
1438719252742555;9.4;31.1;Tue Nov 12 2019 16:21:52 GMT+0100 (CET);Tue Nov 12 2019 15:21:52 GMT+0100 (CET);1573572112000;0.09;22.94;6.67
1438719252742555;9.4;30.9;Tue Nov 12 2019 16:24:04 GMT+0100 (CET);Tue Nov 12 2019 15:24:04 GMT+0100 (CET);1573572244000;0.08;19.25;6.66
1438719252742555;8.4;30.6;Tue Nov 12 2019 16:26:06 GMT+0100 (CET);Tue Nov 12 2019 15:26:06 GMT+0100 (CET);1573572366000;0.06;15.2;6.6
1438719252742555;8.4;30.2;Tue Nov 12 2019 16:28:04 GMT+0100 (CET);Tue Nov 12 2019 15:28:04 GMT+0100 (CET);1573572484000;0;11.75;6.52
1438719252742555;8.4;29.5;Tue Nov 12 2019 16:29:57 GMT+0100 (CET);Tue Nov 12 2019 15:29:57 GMT+0100 (CET);1573572597000;0;9.14;6.42
1438719252742555;8.4;28.7;Tue Nov 12 2019 16:31:55 GMT+0100 (CET);Tue Nov 12 2019 15:31:55 GMT+0100 (CET);1573572715000;0;7.06;6.3
1438719252742555;8.4;27.3;Tue Nov 12 2019 16:33:55 GMT+0100 (CET);Tue Nov 12 2019 15:33:55 GMT+0100 (CET);1573572835000;0;6.63;6.21
1438719252742555;8.4;33.3;Tue Nov 12 2019 16:35:58 GMT+0100 (CET);Tue Nov 12 2019 15:35:58 GMT+0100 (CET);1573572958000;0;6.22;6.14
1438719252742555;8.4;33.3;Tue Nov 12 2019 16:37:52 GMT+0100 (CET);Tue Nov 12 2019 15:37:52 GMT+0100 (CET);1573573072000;0;5.72;6.08
1438719252742555;9.9;32.4;Tue Nov 12 2019 16:40:00 GMT+0100 (CET);Tue Nov 12 2019 15:40:00 GMT+0100 (CET);1573573200000;0;4.92;6.02
1438719252742555;9.9;31.8;Tue Nov 12 2019 16:41:54 GMT+0100 (CET);Tue Nov 12 2019 15:41:54 GMT+0100 (CET);1573573314000;0;4.29;5.91
1438719252742555;8.4;31.7;Tue Nov 12 2019 16:43:59 GMT+0100 (CET);Tue Nov 12 2019 15:43:59 GMT+0100 (CET);1573573439000;0;3.49;5.82
1438719252742555;7.9;28.8;Tue Nov 12 2019 16:45:58 GMT+0100 (CET);Tue Nov 12 2019 15:45:58 GMT+0100 (CET);1573573558000;0;2.18;5.7
1438719252742555;7.9;22.4;Tue Nov 12 2019 16:48:07 GMT+0100 (CET);Tue Nov 12 2019 15:48:07 GMT+0100 (CET);1573573687000;0;0.83;5.58
1438719252742555;7.9;22.4;Tue Nov 12 2019 16:50:00 GMT+0100 (CET);Tue Nov 12 2019 15:50:00 GMT+0100 (CET);1573573800000;0;0.58;5.54
1438719252742555;7.9;22.4;Tue Nov 12 2019 16:52:24 GMT+0100 (CET);Tue Nov 12 2019 15:52:24 GMT+0100 (CET);1573573944000;0;0.32;5.5
1438719252742555;1.3;31.5;Wed Nov 13 2019 07:39:38 GMT+0100 (CET);Wed Nov 13 2019 06:39:38 GMT+0100 (CET);1573627178000;0;5.75;3.53
1438719252742555;1.3;33.4;Wed Nov 13 2019 07:41:35 GMT+0100 (CET);Wed Nov 13 2019 06:41:35 GMT+0100 (CET);1573627295000;0;6.73;3.53
1438719252742555;1.3;34.1;Wed Nov 13 2019 07:43:30 GMT+0100 (CET);Wed Nov 13 2019 06:43:30 GMT+0100 (CET);1573627410000;0;7.35;3.54
1438719252742555;5.9;34.5;Wed Nov 13 2019 07:45:34 GMT+0100 (CET);Wed Nov 13 2019 06:45:34 GMT+0100 (CET);1573627534000;0;7.93;3.57
1438719252742555;5.9;34.9;Wed Nov 13 2019 07:47:29 GMT+0100 (CET);Wed Nov 13 2019 06:47:29 GMT+0100 (CET);1573627649000;0;8.34;3.6
1438719252742555;6.4;28.3;Wed Nov 13 2019 07:49:32 GMT+0100 (CET);Wed Nov 13 2019 06:49:32 GMT+0100 (CET);1573627772000;0;9.06;3.62
1438719252742555;6.4;27.6;Wed Nov 13 2019 07:52:00 GMT+0100 (CET);Wed Nov 13 2019 06:52:00 GMT+0100 (CET);1573627920000;0;9.68;3.65
1438719252742555;6.4;27.3;Wed Nov 13 2019 07:54:23 GMT+0100 (CET);Wed Nov 13 2019 06:54:23 GMT+0100 (CET);1573628063000;0;9.64;3.69
1438719252742555;6.4;27.2;Wed Nov 13 2019 07:56:26 GMT+0100 (CET);Wed Nov 13 2019 06:56:26 GMT+0100 (CET);1573628186000;0;10.15;3.74
1438719252742555;4.3;28;Wed Nov 13 2019 07:58:53 GMT+0100 (CET);Wed Nov 13 2019 06:58:53 GMT+0100 (CET);1573628333000;0;11.42;3.8
1438719252742555;4.3;28.8;Wed Nov 13 2019 08:01:03 GMT+0100 (CET);Wed Nov 13 2019 07:01:03 GMT+0100 (CET);1573628463000;0;11.27;3.82
1438719252742555;5.9;28.7;Wed Nov 13 2019 08:03:14 GMT+0100 (CET);Wed Nov 13 2019 07:03:14 GMT+0100 (CET);1573628594000;0;11.23;3.85
1438719252742555;5.9;28.5;Wed Nov 13 2019 08:05:11 GMT+0100 (CET);Wed Nov 13 2019 07:05:11 GMT+0100 (CET);1573628711000;0.06;13.45;3.84
1438719252742555;5.9;28.6;Wed Nov 13 2019 08:07:03 GMT+0100 (CET);Wed Nov 13 2019 07:07:03 GMT+0100 (CET);1573628823000;0.08;18.05;3.85
1438719252742555;4.3;30.3;Wed Nov 13 2019 08:09:29 GMT+0100 (CET);Wed Nov 13 2019 07:09:29 GMT+0100 (CET);1573628969000;0.1;20.53;3.86
1438719252742555;4.3;31.2;Wed Nov 13 2019 08:11:22 GMT+0100 (CET);Wed Nov 13 2019 07:11:22 GMT+0100 (CET);1573629082000;0.09;18.66;3.87
1438719252742555;5.9;30.9;Wed Nov 13 2019 08:13:23 GMT+0100 (CET);Wed Nov 13 2019 07:13:23 GMT+0100 (CET);1573629203000;0.08;16.52;3.91
1438719252742555;5.9;30.6;Wed Nov 13 2019 08:15:52 GMT+0100 (CET);Wed Nov 13 2019 07:15:52 GMT+0100 (CET);1573629352000;0.07;16.55;3.92
1438719252742555;5.9;30.5;Wed Nov 13 2019 08:18:08 GMT+0100 (CET);Wed Nov 13 2019 07:18:08 GMT+0100 (CET);1573629488000;0.08;17.57;3.94
1438719252742555;5.9;31.1;Wed Nov 13 2019 08:20:02 GMT+0100 (CET);Wed Nov 13 2019 07:20:02 GMT+0100 (CET);1573629602000;0.09;18.98;3.96
1438719252742555;6.4;31.4;Wed Nov 13 2019 08:22:56 GMT+0100 (CET);Wed Nov 13 2019 07:22:56 GMT+0100 (CET);1573629776000;0.09;20.87;3.99
1438719252742555;7.9;31.4;Wed Nov 13 2019 08:25:49 GMT+0100 (CET);Wed Nov 13 2019 07:25:49 GMT+0100 (CET);1573629949000;0.1;22.32;4
1438719252742555;17.4;35.6;Wed Nov 13 2019 10:47:49 GMT+0100 (CET);Wed Nov 13 2019 09:47:49 GMT+0100 (CET);1573638469000;1.14;224.7;9.19
1438719252742555;17.4;35.4;Wed Nov 13 2019 10:50:42 GMT+0100 (CET);Wed Nov 13 2019 09:50:42 GMT+0100 (CET);1573638642000;1.05;229.69;9.09
1438719252742555;17.4;35.6;Wed Nov 13 2019 10:52:35 GMT+0100 (CET);Wed Nov 13 2019 09:52:35 GMT+0100 (CET);1573638755000;1.05;224.62;9.1
1438719252742555;17.4;35.5;Wed Nov 13 2019 10:54:28 GMT+0100 (CET);Wed Nov 13 2019 09:54:28 GMT+0100 (CET);1573638868000;1.14;240.58;9.11
1438719252742555;17.4;35.8;Wed Nov 13 2019 10:56:21 GMT+0100 (CET);Wed Nov 13 2019 09:56:21 GMT+0100 (CET);1573638981000;1.25;256.64;9.14
1438719252742555;17.4;35.6;Wed Nov 13 2019 10:58:14 GMT+0100 (CET);Wed Nov 13 2019 09:58:14 GMT+0100 (CET);1573639094000;1.07;225.99;9.24
1438719252742555;17.4;35.3;Wed Nov 13 2019 11:00:07 GMT+0100 (CET);Wed Nov 13 2019 10:00:07 GMT+0100 (CET);1573639207000;0.85;182.21;9.32
1438719252742555;17.4;35.2;Wed Nov 13 2019 11:01:59 GMT+0100 (CET);Wed Nov 13 2019 10:01:59 GMT+0100 (CET);1573639319000;0.88;189.66;9.27
1438719252742555;17.4;35.4;Wed Nov 13 2019 11:03:52 GMT+0100 (CET);Wed Nov 13 2019 10:03:52 GMT+0100 (CET);1573639432000;0.88;189.91;9.27
1438719252742555;17.4;35.3;Wed Nov 13 2019 11:05:45 GMT+0100 (CET);Wed Nov 13 2019 10:05:45 GMT+0100 (CET);1573639545000;0.81;174.17;9.23
1438719252742555;17.4;35.2;Wed Nov 13 2019 11:07:37 GMT+0100 (CET);Wed Nov 13 2019 10:07:37 GMT+0100 (CET);1573639657000;0.8;165.82;9.21
1438719252742555;17.4;35.2;Wed Nov 13 2019 11:09:30 GMT+0100 (CET);Wed Nov 13 2019 10:09:30 GMT+0100 (CET);1573639770000;0.73;159.41;9.2
1438719252742555;17.4;35.2;Wed Nov 13 2019 11:11:23 GMT+0100 (CET);Wed Nov 13 2019 10:11:23 GMT+0100 (CET);1573639883000;0.73;161.03;9.12
1438719252742555;17.4;35.3;Wed Nov 13 2019 11:13:16 GMT+0100 (CET);Wed Nov 13 2019 10:13:16 GMT+0100 (CET);1573639996000;0.81;174.41;9.06
1438719252742555;17.4;35.6;Wed Nov 13 2019 11:15:09 GMT+0100 (CET);Wed Nov 13 2019 10:15:09 GMT+0100 (CET);1573640109000;0.99;213.59;9.04
1438719252742555;17.4;35.8;Wed Nov 13 2019 11:17:02 GMT+0100 (CET);Wed Nov 13 2019 10:17:02 GMT+0100 (CET);1573640222000;0.99;212.55;8.97
1438719252742555;17.4;35.8;Wed Nov 13 2019 11:18:55 GMT+0100 (CET);Wed Nov 13 2019 10:18:55 GMT+0100 (CET);1573640335000;0.94;205.35;9.01
1438719252742555;17.4;35.6;Wed Nov 13 2019 11:20:48 GMT+0100 (CET);Wed Nov 13 2019 10:20:48 GMT+0100 (CET);1573640448000;0.81;175.66;9
1438719252742555;17.4;35.3;Wed Nov 13 2019 11:22:41 GMT+0100 (CET);Wed Nov 13 2019 10:22:41 GMT+0100 (CET);1573640561000;0.72;154.87;8.96
1438719252742555;17.4;35.1;Wed Nov 13 2019 11:24:33 GMT+0100 (CET);Wed Nov 13 2019 10:24:33 GMT+0100 (CET);1573640673000;0.67;146.71;8.92
1438719252742555;17.4;35.2;Wed Nov 13 2019 11:26:26 GMT+0100 (CET);Wed Nov 13 2019 10:26:26 GMT+0100 (CET);1573640786000;0.79;169.98;8.87
1438719252742555;17.4;35.5;Wed Nov 13 2019 11:28:19 GMT+0100 (CET);Wed Nov 13 2019 10:28:19 GMT+0100 (CET);1573640899000;0.83;178.92;8.68
1438719252742555;17.4;35.5;Wed Nov 13 2019 11:30:11 GMT+0100 (CET);Wed Nov 13 2019 10:30:11 GMT+0100 (CET);1573641011000;0.81;176.35;8.67
1438719252742555;17.4;35.5;Wed Nov 13 2019 11:32:02 GMT+0100 (CET);Wed Nov 13 2019 10:32:02 GMT+0100 (CET);1573641122000;0.82;175.67;8.67
1438719252742555;17.4;35.5;Wed Nov 13 2019 11:33:55 GMT+0100 (CET);Wed Nov 13 2019 10:33:55 GMT+0100 (CET);1573641235000;0.84;181.83;8.71
1438719252742555;17.4;35.4;Wed Nov 13 2019 11:35:47 GMT+0100 (CET);Wed Nov 13 2019 10:35:47 GMT+0100 (CET);1573641347000;0.74;158.67;8.74
1438719252742555;16.4;35.1;Wed Nov 13 2019 11:37:41 GMT+0100 (CET);Wed Nov 13 2019 10:37:41 GMT+0100 (CET);1573641461000;0.66;141.56;8.72
1438719252742555;16.4;35.1;Wed Nov 13 2019 11:39:35 GMT+0100 (CET);Wed Nov 13 2019 10:39:35 GMT+0100 (CET);1573641575000;0.7;152.2;8.71
1438719252742555;16.4;35.4;Wed Nov 13 2019 11:41:28 GMT+0100 (CET);Wed Nov 13 2019 10:41:28 GMT+0100 (CET);1573641688000;0.8;171.81;8.77
1438719252742555;16.4;35.5;Wed Nov 13 2019 11:43:21 GMT+0100 (CET);Wed Nov 13 2019 10:43:21 GMT+0100 (CET);1573641801000;0.78;166.15;8.72
1438719252742555;16.4;35.3;Wed Nov 13 2019 11:45:14 GMT+0100 (CET);Wed Nov 13 2019 10:45:14 GMT+0100 (CET);1573641914000;0.7;151.04;8.67
1438719252742555;16.4;35;Wed Nov 13 2019 11:47:07 GMT+0100 (CET);Wed Nov 13 2019 10:47:07 GMT+0100 (CET);1573642027000;0.64;138.19;8.57
1438719252742555;16.4;35;Wed Nov 13 2019 11:49:01 GMT+0100 (CET);Wed Nov 13 2019 10:49:01 GMT+0100 (CET);1573642141000;0.65;143.31;8.5
1438719252742555;16.4;35.2;Wed Nov 13 2019 11:50:54 GMT+0100 (CET);Wed Nov 13 2019 10:50:54 GMT+0100 (CET);1573642254000;0.72;154.75;8.53
1438719252742555;16.4;35.3;Wed Nov 13 2019 11:52:47 GMT+0100 (CET);Wed Nov 13 2019 10:52:47 GMT+0100 (CET);1573642367000;0.71;151.47;8.56
1438719252742555;16.4;35.3;Wed Nov 13 2019 11:54:39 GMT+0100 (CET);Wed Nov 13 2019 10:54:39 GMT+0100 (CET);1573642479000;0.72;155.25;8.58
1438719252742555;16.4;35.4;Wed Nov 13 2019 11:56:32 GMT+0100 (CET);Wed Nov 13 2019 10:56:32 GMT+0100 (CET);1573642592000;0.73;155.31;8.62
1438719252742555;16.4;35.3;Wed Nov 13 2019 11:58:24 GMT+0100 (CET);Wed Nov 13 2019 10:58:24 GMT+0100 (CET);1573642704000;0.68;147.24;8.62
1438719252742555;16.4;35.3;Wed Nov 13 2019 12:00:17 GMT+0100 (CET);Wed Nov 13 2019 11:00:17 GMT+0100 (CET);1573642817000;0.72;156.3;8.69
1438719252742555;16.4;35.4;Wed Nov 13 2019 12:02:10 GMT+0100 (CET);Wed Nov 13 2019 11:02:10 GMT+0100 (CET);1573642930000;0.75;163.43;8.76
1438719252742555;16.4;35.6;Wed Nov 13 2019 12:04:03 GMT+0100 (CET);Wed Nov 13 2019 11:04:03 GMT+0100 (CET);1573643043000;0.82;177.45;8.78
1438719252742555;16.4;35.7;Wed Nov 13 2019 12:05:56 GMT+0100 (CET);Wed Nov 13 2019 11:05:56 GMT+0100 (CET);1573643156000;0.94;204.16;8.82
1438719252742555;16.4;35.8;Wed Nov 13 2019 12:07:49 GMT+0100 (CET);Wed Nov 13 2019 11:07:49 GMT+0100 (CET);1573643269000;1.01;220.21;8.92
1438719252742555;16.4;36;Wed Nov 13 2019 12:09:42 GMT+0100 (CET);Wed Nov 13 2019 11:09:42 GMT+0100 (CET);1573643382000;1.06;228.85;9.07
1438719252742555;16.4;35.7;Wed Nov 13 2019 12:11:34 GMT+0100 (CET);Wed Nov 13 2019 11:11:34 GMT+0100 (CET);1573643494000;0.93;202.69;9.24
1438719252742555;16.4;35.6;Wed Nov 13 2019 12:13:27 GMT+0100 (CET);Wed Nov 13 2019 11:13:27 GMT+0100 (CET);1573643607000;0.98;209.87;9.14
1438719252742555;16.4;35.8;Wed Nov 13 2019 12:15:20 GMT+0100 (CET);Wed Nov 13 2019 11:15:20 GMT+0100 (CET);1573643720000;1.04;225.07;9.17
1438719252742555;16.4;35.9;Wed Nov 13 2019 12:17:13 GMT+0100 (CET);Wed Nov 13 2019 11:17:13 GMT+0100 (CET);1573643833000;1.19;274.89;9.25
1438719252742555;17.4;36.2;Wed Nov 13 2019 12:19:06 GMT+0100 (CET);Wed Nov 13 2019 11:19:06 GMT+0100 (CET);1573643946000;1.17;268.79;9.38
1438719252742555;17.4;35.8;Wed Nov 13 2019 12:20:58 GMT+0100 (CET);Wed Nov 13 2019 11:20:58 GMT+0100 (CET);1573644058000;0.98;214.41;9.31
1438719252742555;17.4;35.8;Wed Nov 13 2019 12:23:05 GMT+0100 (CET);Wed Nov 13 2019 11:23:05 GMT+0100 (CET);1573644185000;1.05;230.2;9.28
1438719252742555;17.4;36.6;Wed Nov 13 2019 12:24:58 GMT+0100 (CET);Wed Nov 13 2019 11:24:58 GMT+0100 (CET);1573644298000;2.82;652.79;9.62
1438719252742555;17.4;36.5;Wed Nov 13 2019 12:26:51 GMT+0100 (CET);Wed Nov 13 2019 11:26:51 GMT+0100 (CET);1573644411000;3.37;724.23;10.22
1438719252742555;20;35.9;Wed Nov 13 2019 12:28:44 GMT+0100 (CET);Wed Nov 13 2019 11:28:44 GMT+0100 (CET);1573644524000;3.3;708.86;11.09
1438719252742555;20;35.9;Wed Nov 13 2019 12:30:39 GMT+0100 (CET);Wed Nov 13 2019 11:30:39 GMT+0100 (CET);1573644639000;2.75;650.23;11.81
1438719252742555;20;30.5;Wed Nov 13 2019 12:32:33 GMT+0100 (CET);Wed Nov 13 2019 11:32:33 GMT+0100 (CET);1573644753000;0.88;197.18;11.89
1438719252742555;20;34.7;Wed Nov 13 2019 12:34:25 GMT+0100 (CET);Wed Nov 13 2019 11:34:25 GMT+0100 (CET);1573644865000;0.93;208.62;11.49
1438719252742555;20;34.9;Wed Nov 13 2019 12:36:18 GMT+0100 (CET);Wed Nov 13 2019 11:36:18 GMT+0100 (CET);1573644978000;0.84;182.31;11.13
1438719252742555;20.5;34.7;Wed Nov 13 2019 12:38:12 GMT+0100 (CET);Wed Nov 13 2019 11:38:12 GMT+0100 (CET);1573645092000;0.64;141.39;10.73
1438719252742555;20.5;34.4;Wed Nov 13 2019 12:40:05 GMT+0100 (CET);Wed Nov 13 2019 11:40:05 GMT+0100 (CET);1573645205000;0.56;121.33;10.18
1438719252742555;20;34.3;Wed Nov 13 2019 12:41:58 GMT+0100 (CET);Wed Nov 13 2019 11:41:58 GMT+0100 (CET);1573645318000;0.51;107.96;9.68
1438719252742555;20;34.1;Wed Nov 13 2019 12:43:51 GMT+0100 (CET);Wed Nov 13 2019 11:43:51 GMT+0100 (CET);1573645431000;0.51;108.21;9.39
1438719252742555;20;34.2;Wed Nov 13 2019 12:45:43 GMT+0100 (CET);Wed Nov 13 2019 11:45:43 GMT+0100 (CET);1573645543000;0.56;119.16;9.06
1438719252742555;17.4;34.5;Wed Nov 13 2019 12:47:36 GMT+0100 (CET);Wed Nov 13 2019 11:47:36 GMT+0100 (CET);1573645656000;0.61;128.72;8.78
1438719252742555;17.4;35;Wed Nov 13 2019 12:49:29 GMT+0100 (CET);Wed Nov 13 2019 11:49:29 GMT+0100 (CET);1573645769000;0.59;124.64;8.52
1438719252742555;17.4;34.8;Wed Nov 13 2019 12:51:22 GMT+0100 (CET);Wed Nov 13 2019 11:51:22 GMT+0100 (CET);1573645882000;0.49;102.55;8.33
1438719252742555;17.4;34.5;Wed Nov 13 2019 12:53:15 GMT+0100 (CET);Wed Nov 13 2019 11:53:15 GMT+0100 (CET);1573645995000;0.41;88.04;8.32
1438719252742555;17.4;34;Wed Nov 13 2019 12:55:09 GMT+0100 (CET);Wed Nov 13 2019 11:55:09 GMT+0100 (CET);1573646109000;0.39;83.91;8.33
1438719252742555;16.4;33.9;Wed Nov 13 2019 12:57:02 GMT+0100 (CET);Wed Nov 13 2019 11:57:02 GMT+0100 (CET);1573646222000;0.39;81.65;8.32
1438719252742555;16.4;33.8;Wed Nov 13 2019 12:58:54 GMT+0100 (CET);Wed Nov 13 2019 11:58:54 GMT+0100 (CET);1573646334000;0.38;80.6;8.3
1438719252742555;15.9;33.9;Wed Nov 13 2019 13:00:49 GMT+0100 (CET);Wed Nov 13 2019 12:00:49 GMT+0100 (CET);1573646449000;0.4;86.77;8.22
1438719252742555;15.9;34;Wed Nov 13 2019 13:02:42 GMT+0100 (CET);Wed Nov 13 2019 12:02:42 GMT+0100 (CET);1573646562000;0.47;98.79;8.2
1438719252742555;15.9;34.4;Wed Nov 13 2019 13:04:34 GMT+0100 (CET);Wed Nov 13 2019 12:04:34 GMT+0100 (CET);1573646674000;0.53;115.34;8.21
1438719252742555;15.9;34.8;Wed Nov 13 2019 13:06:27 GMT+0100 (CET);Wed Nov 13 2019 12:06:27 GMT+0100 (CET);1573646787000;0.58;126.64;8.29
1438719252742555;15.9;35.4;Wed Nov 13 2019 13:08:20 GMT+0100 (CET);Wed Nov 13 2019 12:08:20 GMT+0100 (CET);1573646900000;0.74;163.29;8.3
1438719252742555;15.9;35.9;Wed Nov 13 2019 13:10:13 GMT+0100 (CET);Wed Nov 13 2019 12:10:13 GMT+0100 (CET);1573647013000;0.85;187.63;8.32
1438719252742555;15.9;36;Wed Nov 13 2019 13:12:06 GMT+0100 (CET);Wed Nov 13 2019 12:12:06 GMT+0100 (CET);1573647126000;0.94;203.51;8.46
1438719252742555;15.9;36;Wed Nov 13 2019 13:13:59 GMT+0100 (CET);Wed Nov 13 2019 12:13:59 GMT+0100 (CET);1573647239000;0.99;213.26;8.71
1438719252742555;15.9;35.9;Wed Nov 13 2019 13:15:52 GMT+0100 (CET);Wed Nov 13 2019 12:15:52 GMT+0100 (CET);1573647352000;0.97;211.08;8.89
1438719252742555;15.9;36.3;Wed Nov 13 2019 13:17:45 GMT+0100 (CET);Wed Nov 13 2019 12:17:45 GMT+0100 (CET);1573647465000;0.98;213.14;9.1
1438719252742555;15.9;35.9;Wed Nov 13 2019 13:19:37 GMT+0100 (CET);Wed Nov 13 2019 12:19:37 GMT+0100 (CET);1573647577000;1.04;226.52;9.14
1438719252742555;16.4;35.9;Wed Nov 13 2019 13:21:30 GMT+0100 (CET);Wed Nov 13 2019 12:21:30 GMT+0100 (CET);1573647690000;1.09;252.82;9.2
1438719252742555;16.4;37.1;Wed Nov 13 2019 13:23:27 GMT+0100 (CET);Wed Nov 13 2019 12:23:27 GMT+0100 (CET);1573647807000;3.21;698.28;9.71
1438719252742555;17.4;36.5;Wed Nov 13 2019 13:25:20 GMT+0100 (CET);Wed Nov 13 2019 12:25:20 GMT+0100 (CET);1573647920000;3.12;677;10.85
1438719252742555;17.4;35.9;Wed Nov 13 2019 13:27:13 GMT+0100 (CET);Wed Nov 13 2019 12:27:13 GMT+0100 (CET);1573648033000;3.01;652.79;11.93
1438719252742555;17.4;35.4;Wed Nov 13 2019 13:29:05 GMT+0100 (CET);Wed Nov 13 2019 12:29:05 GMT+0100 (CET);1573648145000;2.79;609.27;12.71
1438719252742555;20;35.2;Wed Nov 13 2019 13:30:58 GMT+0100 (CET);Wed Nov 13 2019 12:30:58 GMT+0100 (CET);1573648258000;2.77;601.59;13.63
1438719252742555;20;35;Wed Nov 13 2019 13:32:51 GMT+0100 (CET);Wed Nov 13 2019 12:32:51 GMT+0100 (CET);1573648371000;2.76;596.47;14.42
1438719252742555;20;34.9;Wed Nov 13 2019 13:34:44 GMT+0100 (CET);Wed Nov 13 2019 12:34:44 GMT+0100 (CET);1573648484000;2.39;519.67;14.77
1438719252742555;20;35;Wed Nov 13 2019 13:36:39 GMT+0100 (CET);Wed Nov 13 2019 12:36:39 GMT+0100 (CET);1573648599000;2.83;611.83;15
1438719252742555;20;34.9;Wed Nov 13 2019 13:38:31 GMT+0100 (CET);Wed Nov 13 2019 12:38:31 GMT+0100 (CET);1573648711000;2.73;527.35;14.96
1438719252742555;24;34.7;Wed Nov 13 2019 13:40:30 GMT+0100 (CET);Wed Nov 13 2019 12:40:30 GMT+0100 (CET);1573648830000;2.1;414.71;14.7
1438719252742555;24;34.1;Wed Nov 13 2019 13:42:23 GMT+0100 (CET);Wed Nov 13 2019 12:42:23 GMT+0100 (CET);1573648943000;2.01;427.51;14.28
1438719252742555;24;34.4;Wed Nov 13 2019 13:44:16 GMT+0100 (CET);Wed Nov 13 2019 12:44:16 GMT+0100 (CET);1573649056000;1.03;242.89;14.03
1438719252742555;24;34.9;Wed Nov 13 2019 13:46:09 GMT+0100 (CET);Wed Nov 13 2019 12:46:09 GMT+0100 (CET);1573649169000;1.52;343.03;13.89
1438719252742555;24;34.8;Wed Nov 13 2019 13:48:02 GMT+0100 (CET);Wed Nov 13 2019 12:48:02 GMT+0100 (CET);1573649282000;1.13;232.82;13.5
1438719252742555;24;35;Wed Nov 13 2019 13:50:02 GMT+0100 (CET);Wed Nov 13 2019 12:50:02 GMT+0100 (CET);1573649402000;1.56;343.03;12.96
1438719252742555;24;35.4;Wed Nov 13 2019 13:51:55 GMT+0100 (CET);Wed Nov 13 2019 12:51:55 GMT+0100 (CET);1573649515000;1.9;442.87;12.72
1438719252742555;24;35.7;Wed Nov 13 2019 13:53:48 GMT+0100 (CET);Wed Nov 13 2019 12:53:48 GMT+0100 (CET);1573649628000;2.16;465.91;12.6
1438719252742555;24;35.6;Wed Nov 13 2019 13:55:40 GMT+0100 (CET);Wed Nov 13 2019 12:55:40 GMT+0100 (CET);1573649740000;1.59;348.15;12.57
1438719252742555;23;35.3;Wed Nov 13 2019 13:58:33 GMT+0100 (CET);Wed Nov 13 2019 12:58:33 GMT+0100 (CET);1573649913000;1.66;366.07;12.32
1438719252742555;23;35.2;Wed Nov 13 2019 14:00:26 GMT+0100 (CET);Wed Nov 13 2019 13:00:26 GMT+0100 (CET);1573650026000;1.27;263.27;12.21
1438719252742555;23;35.6;Wed Nov 13 2019 14:02:18 GMT+0100 (CET);Wed Nov 13 2019 13:02:18 GMT+0100 (CET);1573650138000;1.07;337.91;12.14
1438719252742555;22.5;34.8;Wed Nov 13 2019 14:04:16 GMT+0100 (CET);Wed Nov 13 2019 13:04:16 GMT+0100 (CET);1573650256000;0.83;179.01;11.89
1438719252742555;22.5;34.9;Wed Nov 13 2019 14:06:12 GMT+0100 (CET);Wed Nov 13 2019 13:06:12 GMT+0100 (CET);1573650372000;0.82;177.08;11.6
1438719252742555;22;34.7;Wed Nov 13 2019 14:08:05 GMT+0100 (CET);Wed Nov 13 2019 13:08:05 GMT+0100 (CET);1573650485000;0.78;167.89;11.22
1438719252742555;22;34.8;Wed Nov 13 2019 14:09:58 GMT+0100 (CET);Wed Nov 13 2019 13:09:58 GMT+0100 (CET);1573650598000;0.73;160.06;10.92
1438719252742555;22;34.7;Wed Nov 13 2019 14:11:52 GMT+0100 (CET);Wed Nov 13 2019 13:11:52 GMT+0100 (CET);1573650712000;0.67;145.62;10.62
1438719252742555;20;34.5;Wed Nov 13 2019 14:13:45 GMT+0100 (CET);Wed Nov 13 2019 13:13:45 GMT+0100 (CET);1573650825000;0.61;130.47;10.25
1438719252742555;20;34.2;Wed Nov 13 2019 14:15:38 GMT+0100 (CET);Wed Nov 13 2019 13:15:38 GMT+0100 (CET);1573650938000;0.48;105.8;9.96
1438719252742555;17.4;33.9;Wed Nov 13 2019 14:17:31 GMT+0100 (CET);Wed Nov 13 2019 13:17:31 GMT+0100 (CET);1573651051000;0.38;84.4;9.64
1438719252742555;17.4;33.2;Wed Nov 13 2019 14:19:51 GMT+0100 (CET);Wed Nov 13 2019 13:19:51 GMT+0100 (CET);1573651191000;0.4;86.47;9.37
1438719252742555;17.4;33.9;Wed Nov 13 2019 14:21:44 GMT+0100 (CET);Wed Nov 13 2019 13:21:44 GMT+0100 (CET);1573651304000;0.45;97.29;9.2
1438719252742555;16.4;34.2;Wed Nov 13 2019 14:23:38 GMT+0100 (CET);Wed Nov 13 2019 13:23:38 GMT+0100 (CET);1573651418000;0.47;100.05;9.07
1438719252742555;16.4;34;Wed Nov 13 2019 14:25:32 GMT+0100 (CET);Wed Nov 13 2019 13:25:32 GMT+0100 (CET);1573651532000;0.42;91.03;8.95
1438719252742555;15.9;33.9;Wed Nov 13 2019 14:27:26 GMT+0100 (CET);Wed Nov 13 2019 13:27:26 GMT+0100 (CET);1573651646000;0.37;80.03;8.84
1438719252742555;15.9;33.5;Wed Nov 13 2019 14:29:19 GMT+0100 (CET);Wed Nov 13 2019 13:29:19 GMT+0100 (CET);1573651759000;0.33;73.41;8.77
1438719252742555;15.9;33.4;Wed Nov 13 2019 14:31:12 GMT+0100 (CET);Wed Nov 13 2019 13:31:12 GMT+0100 (CET);1573651872000;0.32;71.67;8.71
1438719252742555;15.9;33.6;Wed Nov 13 2019 14:33:06 GMT+0100 (CET);Wed Nov 13 2019 13:33:06 GMT+0100 (CET);1573651986000;0.34;76.39;8.68
1438719252742555;15.9;33.8;Wed Nov 13 2019 14:34:59 GMT+0100 (CET);Wed Nov 13 2019 13:34:59 GMT+0100 (CET);1573652099000;0.35;78.71;8.66
1438719252742555;15.9;33.9;Wed Nov 13 2019 14:36:52 GMT+0100 (CET);Wed Nov 13 2019 13:36:52 GMT+0100 (CET);1573652212000;0.33;76.89;8.6
1438719252742555;14.4;33.7;Wed Nov 13 2019 14:38:46 GMT+0100 (CET);Wed Nov 13 2019 13:38:46 GMT+0100 (CET);1573652326000;0.33;76.1;8.48
1438719252742555;14.4;33.6;Wed Nov 13 2019 14:40:41 GMT+0100 (CET);Wed Nov 13 2019 13:40:41 GMT+0100 (CET);1573652441000;0.34;77;8.35
1438719252742555;13.9;33.3;Wed Nov 13 2019 14:42:34 GMT+0100 (CET);Wed Nov 13 2019 13:42:34 GMT+0100 (CET);1573652554000;0.34;77.14;8.3
1438719252742555;13.9;33.9;Wed Nov 13 2019 14:44:27 GMT+0100 (CET);Wed Nov 13 2019 13:44:27 GMT+0100 (CET);1573652667000;0.33;75.27;8.25
1438719252742555;13.9;33.8;Wed Nov 13 2019 14:46:19 GMT+0100 (CET);Wed Nov 13 2019 13:46:19 GMT+0100 (CET);1573652779000;0.35;79.13;8.2
1438719252742555;13.9;34.5;Wed Nov 13 2019 14:48:12 GMT+0100 (CET);Wed Nov 13 2019 13:48:12 GMT+0100 (CET);1573652892000;0.47;109.18;8.18
1438719252742555;13.9;34.7;Wed Nov 13 2019 14:50:23 GMT+0100 (CET);Wed Nov 13 2019 13:50:23 GMT+0100 (CET);1573653023000;0.47;102.74;8.21
1438719252742555;13.9;34.5;Wed Nov 13 2019 14:52:17 GMT+0100 (CET);Wed Nov 13 2019 13:52:17 GMT+0100 (CET);1573653137000;0.38;84.52;8.25
1438719252742555;13.9;34.6;Wed Nov 13 2019 14:54:11 GMT+0100 (CET);Wed Nov 13 2019 13:54:11 GMT+0100 (CET);1573653251000;0.42;93.06;8.26
1438719252742555;13.9;34.8;Wed Nov 13 2019 14:56:04 GMT+0100 (CET);Wed Nov 13 2019 13:56:04 GMT+0100 (CET);1573653364000;0.46;99.76;8.28
1438719252742555;13.9;35.2;Wed Nov 13 2019 14:57:56 GMT+0100 (CET);Wed Nov 13 2019 13:57:56 GMT+0100 (CET);1573653476000;0.48;104.76;8.29
1438719252742555;13.9;35.2;Wed Nov 13 2019 14:59:49 GMT+0100 (CET);Wed Nov 13 2019 13:59:49 GMT+0100 (CET);1573653589000;0.47;103.91;8.31
1438719252742555;14.4;35.3;Wed Nov 13 2019 15:01:41 GMT+0100 (CET);Wed Nov 13 2019 14:01:41 GMT+0100 (CET);1573653701000;0.47;102.72;8.32
1438719252742555;14.4;35;Wed Nov 13 2019 15:03:35 GMT+0100 (CET);Wed Nov 13 2019 14:03:35 GMT+0100 (CET);1573653815000;0.48;105.37;8.35
1438719252742555;14.4;34.9;Wed Nov 13 2019 15:05:28 GMT+0100 (CET);Wed Nov 13 2019 14:05:28 GMT+0100 (CET);1573653928000;0.5;107.93;8.35
1438719252742555;13.9;35;Wed Nov 13 2019 15:07:21 GMT+0100 (CET);Wed Nov 13 2019 14:07:21 GMT+0100 (CET);1573654041000;0.51;111.26;8.37
1438719252742555;13.9;35.3;Wed Nov 13 2019 15:09:13 GMT+0100 (CET);Wed Nov 13 2019 14:09:13 GMT+0100 (CET);1573654153000;0.52;116.7;8.43
1438719252742555;14.4;35.8;Wed Nov 13 2019 15:11:07 GMT+0100 (CET);Wed Nov 13 2019 14:11:07 GMT+0100 (CET);1573654267000;0.55;124.33;8.46
1438719252742555;14.4;36.3;Wed Nov 13 2019 15:13:00 GMT+0100 (CET);Wed Nov 13 2019 14:13:00 GMT+0100 (CET);1573654380000;0.57;139.56;8.6
1438719252742555;14.4;36.9;Wed Nov 13 2019 15:14:53 GMT+0100 (CET);Wed Nov 13 2019 14:14:53 GMT+0100 (CET);1573654493000;0.59;147.17;8.75
1438719252742555;15.9;36.4;Wed Nov 13 2019 15:16:45 GMT+0100 (CET);Wed Nov 13 2019 14:16:45 GMT+0100 (CET);1573654605000;0.58;133.9;8.85
1438719252742555;15.9;36;Wed Nov 13 2019 15:18:38 GMT+0100 (CET);Wed Nov 13 2019 14:18:38 GMT+0100 (CET);1573654718000;0.57;129.37;8.91
1438719252742555;15.9;35.8;Wed Nov 13 2019 15:20:32 GMT+0100 (CET);Wed Nov 13 2019 14:20:32 GMT+0100 (CET);1573654832000;0.56;123.83;8.95
1438719252742555;15.9;35.4;Wed Nov 13 2019 15:22:25 GMT+0100 (CET);Wed Nov 13 2019 14:22:25 GMT+0100 (CET);1573654945000;0.51;113.37;8.93
1438719252742555;15.9;35;Wed Nov 13 2019 15:24:18 GMT+0100 (CET);Wed Nov 13 2019 14:24:18 GMT+0100 (CET);1573655058000;0.46;98.7;8.93
1438719252742555;14.4;34.7;Wed Nov 13 2019 15:26:11 GMT+0100 (CET);Wed Nov 13 2019 14:26:11 GMT+0100 (CET);1573655171000;0.42;89.96;8.88
1438719252742555;14.4;34.5;Wed Nov 13 2019 15:28:03 GMT+0100 (CET);Wed Nov 13 2019 14:28:03 GMT+0100 (CET);1573655283000;0.39;83.57;8.77
1438719252742555;14.4;34.4;Wed Nov 13 2019 15:29:56 GMT+0100 (CET);Wed Nov 13 2019 14:29:56 GMT+0100 (CET);1573655396000;0.37;77.96;8.65
1438719252742555;14.4;34.3;Wed Nov 13 2019 15:31:48 GMT+0100 (CET);Wed Nov 13 2019 14:31:48 GMT+0100 (CET);1573655508000;0.34;73.17;8.57
1438719252742555;14.4;34.1;Wed Nov 13 2019 15:33:41 GMT+0100 (CET);Wed Nov 13 2019 14:33:41 GMT+0100 (CET);1573655621000;0.32;68.31;8.52
1438719252742555;13.9;33.9;Wed Nov 13 2019 15:35:37 GMT+0100 (CET);Wed Nov 13 2019 14:35:37 GMT+0100 (CET);1573655737000;0.3;66.05;8.42
1438719252742555;13.9;33.8;Wed Nov 13 2019 15:37:30 GMT+0100 (CET);Wed Nov 13 2019 14:37:30 GMT+0100 (CET);1573655850000;0.29;63.28;8.33
1438719252742555;13.9;33.7;Wed Nov 13 2019 15:39:23 GMT+0100 (CET);Wed Nov 13 2019 14:39:23 GMT+0100 (CET);1573655963000;0.28;59.56;8.25
1438719252742555;13.9;33.7;Wed Nov 13 2019 15:41:15 GMT+0100 (CET);Wed Nov 13 2019 14:41:15 GMT+0100 (CET);1573656075000;0.26;56.38;8.14
1438719252742555;13.9;33.6;Wed Nov 13 2019 15:43:08 GMT+0100 (CET);Wed Nov 13 2019 14:43:08 GMT+0100 (CET);1573656188000;0.26;55.26;8.07
1438719252742555;13.9;33.6;Wed Nov 13 2019 15:45:00 GMT+0100 (CET);Wed Nov 13 2019 14:45:00 GMT+0100 (CET);1573656300000;0.25;54.39;8
1438719252742555;13.9;33.6;Wed Nov 13 2019 15:46:53 GMT+0100 (CET);Wed Nov 13 2019 14:46:53 GMT+0100 (CET);1573656413000;0.24;52.71;7.93
1438719252742555;12.4;33.6;Wed Nov 13 2019 15:48:45 GMT+0100 (CET);Wed Nov 13 2019 14:48:45 GMT+0100 (CET);1573656525000;0.23;49.39;7.89
1438719252742555;12.4;33.5;Wed Nov 13 2019 15:50:38 GMT+0100 (CET);Wed Nov 13 2019 14:50:38 GMT+0100 (CET);1573656638000;0.21;44.36;7.88
1438719252742555;12.4;33.3;Wed Nov 13 2019 15:52:34 GMT+0100 (CET);Wed Nov 13 2019 14:52:34 GMT+0100 (CET);1573656754000;0.18;40.44;7.82
1438719252742555;12.4;33.2;Wed Nov 13 2019 15:54:27 GMT+0100 (CET);Wed Nov 13 2019 14:54:27 GMT+0100 (CET);1573656867000;0.15;33.65;7.76
1438719252742555;12.4;33;Wed Nov 13 2019 15:56:21 GMT+0100 (CET);Wed Nov 13 2019 14:56:21 GMT+0100 (CET);1573656981000;0.13;29.97;7.71
1438719252742555;11.9;32.8;Wed Nov 13 2019 15:58:14 GMT+0100 (CET);Wed Nov 13 2019 14:58:14 GMT+0100 (CET);1573657094000;0.1;24.37;7.64
1438719252742555;11.9;32.5;Wed Nov 13 2019 16:00:07 GMT+0100 (CET);Wed Nov 13 2019 15:00:07 GMT+0100 (CET);1573657207000;0.1;21.53;7.56
1438719252742555;11.9;31;Wed Nov 13 2019 16:01:59 GMT+0100 (CET);Wed Nov 13 2019 15:01:59 GMT+0100 (CET);1573657319000;0.09;20.23;7.51
1438719252742555;11.9;30.7;Wed Nov 13 2019 16:03:52 GMT+0100 (CET);Wed Nov 13 2019 15:03:52 GMT+0100 (CET);1573657432000;0.08;18.77;7.44
1438719252742555;11.9;30.4;Wed Nov 13 2019 16:05:44 GMT+0100 (CET);Wed Nov 13 2019 15:05:44 GMT+0100 (CET);1573657544000;0.07;16.12;7.4
1438719252742555;9.9;30.3;Wed Nov 13 2019 16:07:37 GMT+0100 (CET);Wed Nov 13 2019 15:07:37 GMT+0100 (CET);1573657657000;0.06;14.98;7.36
1438719252742555;9.9;30.1;Wed Nov 13 2019 16:09:30 GMT+0100 (CET);Wed Nov 13 2019 15:09:30 GMT+0100 (CET);1573657770000;0;11.76;7.32
1438719252742555;9.9;29.3;Wed Nov 13 2019 16:11:23 GMT+0100 (CET);Wed Nov 13 2019 15:11:23 GMT+0100 (CET);1573657883000;0;9.68;7.28
1438719252742555;9.9;28.6;Wed Nov 13 2019 16:13:16 GMT+0100 (CET);Wed Nov 13 2019 15:13:16 GMT+0100 (CET);1573657996000;0;9.09;7.22
1438719252742555;9.9;28.2;Wed Nov 13 2019 16:15:08 GMT+0100 (CET);Wed Nov 13 2019 15:15:08 GMT+0100 (CET);1573658108000;0;7.84;7.19
1438719252742555;8.4;27.8;Wed Nov 13 2019 16:17:01 GMT+0100 (CET);Wed Nov 13 2019 15:17:01 GMT+0100 (CET);1573658221000;0;6.91;7.14
1438719252742555;8.4;27.3;Wed Nov 13 2019 16:18:55 GMT+0100 (CET);Wed Nov 13 2019 15:18:55 GMT+0100 (CET);1573658335000;0;6.04;7.1
1438719252742555;8.4;33.3;Wed Nov 13 2019 16:20:53 GMT+0100 (CET);Wed Nov 13 2019 15:20:53 GMT+0100 (CET);1573658453000;0;5.17;7.06
1438719252742555;9.9;32.5;Wed Nov 13 2019 16:22:45 GMT+0100 (CET);Wed Nov 13 2019 15:22:45 GMT+0100 (CET);1573658565000;0;4.17;7.02
1438719252742555;9.9;31.2;Wed Nov 13 2019 16:24:38 GMT+0100 (CET);Wed Nov 13 2019 15:24:38 GMT+0100 (CET);1573658678000;0;3.56;6.99
1438719252742555;9.4;30.6;Wed Nov 13 2019 16:26:31 GMT+0100 (CET);Wed Nov 13 2019 15:26:31 GMT+0100 (CET);1573658791000;0;3.28;6.96
1438719252742555;9.4;28.4;Wed Nov 13 2019 16:28:24 GMT+0100 (CET);Wed Nov 13 2019 15:28:24 GMT+0100 (CET);1573658904000;0;2.78;6.92
1438719252742555;8.4;27.9;Wed Nov 13 2019 16:30:16 GMT+0100 (CET);Wed Nov 13 2019 15:30:16 GMT+0100 (CET);1573659016000;0;2.37;6.89
1438719252742555;8.4;24.3;Wed Nov 13 2019 16:32:10 GMT+0100 (CET);Wed Nov 13 2019 15:32:10 GMT+0100 (CET);1573659130000;0;1.99;6.87
1438719252742555;8.4;20.3;Wed Nov 13 2019 16:34:03 GMT+0100 (CET);Wed Nov 13 2019 15:34:03 GMT+0100 (CET);1573659243000;0;1.55;6.85
1438719252742555;8.4;20.3;Wed Nov 13 2019 16:35:56 GMT+0100 (CET);Wed Nov 13 2019 15:35:56 GMT+0100 (CET);1573659356000;0;1.39;6.85
1438719252742555;8.4;20.3;Wed Nov 13 2019 16:37:49 GMT+0100 (CET);Wed Nov 13 2019 15:37:49 GMT+0100 (CET);1573659469000;0;1.07;6.84
1438719252742555;1.3;30.7;Thu Nov 14 2019 07:28:15 GMT+0100 (CET);Thu Nov 14 2019 06:28:15 GMT+0100 (CET);1573712895000;0;6.42;-0.01
1438719252742555;1.3;25;Thu Nov 14 2019 07:30:07 GMT+0100 (CET);Thu Nov 14 2019 06:30:07 GMT+0100 (CET);1573713007000;0;8.17;-0.01
1438719252742555;0.3;29.7;Thu Nov 14 2019 07:47:21 GMT+0100 (CET);Thu Nov 14 2019 06:47:21 GMT+0100 (CET);1573714041000;0.12;27.81;-0.01
1438719252742555;0.3;29.3;Thu Nov 14 2019 07:49:15 GMT+0100 (CET);Thu Nov 14 2019 06:49:15 GMT+0100 (CET);1573714155000;0.14;31.07;-0.01
1438719252742555;0.3;29;Thu Nov 14 2019 07:51:08 GMT+0100 (CET);Thu Nov 14 2019 06:51:08 GMT+0100 (CET);1573714268000;0.15;33.77;0
1438719252742555;0.3;28.8;Thu Nov 14 2019 07:53:01 GMT+0100 (CET);Thu Nov 14 2019 06:53:01 GMT+0100 (CET);1573714381000;0.17;38;0.02
1438719252742555;0.3;29.4;Thu Nov 14 2019 07:54:54 GMT+0100 (CET);Thu Nov 14 2019 06:54:54 GMT+0100 (CET);1573714494000;0.18;41.37;0.05
1438719252742555;0.3;29.4;Thu Nov 14 2019 07:56:54 GMT+0100 (CET);Thu Nov 14 2019 06:56:54 GMT+0100 (CET);1573714614000;0.2;44.52;0.13
1438719252742555;0.3;29.5;Thu Nov 14 2019 07:58:47 GMT+0100 (CET);Thu Nov 14 2019 06:58:47 GMT+0100 (CET);1573714727000;0.21;46.62;0.17
1438719252742555;0.3;28.4;Thu Nov 14 2019 08:00:41 GMT+0100 (CET);Thu Nov 14 2019 07:00:41 GMT+0100 (CET);1573714841000;0.22;49.56;0.25
1438719252742555;0.3;28.1;Thu Nov 14 2019 08:02:35 GMT+0100 (CET);Thu Nov 14 2019 07:02:35 GMT+0100 (CET);1573714955000;0.23;52.62;0.3
1438719252742555;0.3;34.6;Thu Nov 14 2019 08:04:28 GMT+0100 (CET);Thu Nov 14 2019 07:04:28 GMT+0100 (CET);1573715068000;0.24;54.98;0.36
1438719252742555;3.8;34.7;Thu Nov 14 2019 08:06:21 GMT+0100 (CET);Thu Nov 14 2019 07:06:21 GMT+0100 (CET);1573715181000;0.25;58.31;0.43
1438719252742555;3.8;34.7;Thu Nov 14 2019 08:08:24 GMT+0100 (CET);Thu Nov 14 2019 07:08:24 GMT+0100 (CET);1573715304000;0.27;61.92;0.5
1438719252742555;3.8;34.9;Thu Nov 14 2019 08:10:17 GMT+0100 (CET);Thu Nov 14 2019 07:10:17 GMT+0100 (CET);1573715417000;0.29;66.56;0.59
1438719252742555;3.8;34.9;Thu Nov 14 2019 08:12:10 GMT+0100 (CET);Thu Nov 14 2019 07:12:10 GMT+0100 (CET);1573715530000;0.31;71.21;0.64
1438719252742555;3.8;31.6;Thu Nov 14 2019 08:14:03 GMT+0100 (CET);Thu Nov 14 2019 07:14:03 GMT+0100 (CET);1573715643000;0.32;120.73;0.78
1438719252742555;3.8;30.2;Thu Nov 14 2019 08:15:56 GMT+0100 (CET);Thu Nov 14 2019 07:15:56 GMT+0100 (CET);1573715756000;0.33;136.68;0.98
1438719252742555;3.8;25.9;Thu Nov 14 2019 08:17:50 GMT+0100 (CET);Thu Nov 14 2019 07:17:50 GMT+0100 (CET);1573715870000;0.35;161.61;1.18
1438719252742555;1.3;26.3;Thu Nov 14 2019 08:19:43 GMT+0100 (CET);Thu Nov 14 2019 07:19:43 GMT+0100 (CET);1573715983000;0.33;135.59;1.44
1438719252742555;1.3;25.8;Thu Nov 14 2019 08:21:47 GMT+0100 (CET);Thu Nov 14 2019 07:21:47 GMT+0100 (CET);1573716107000;0.35;158.34;1.68
1438719252742555;0.3;25.3;Thu Nov 14 2019 08:23:51 GMT+0100 (CET);Thu Nov 14 2019 07:23:51 GMT+0100 (CET);1573716231000;0.37;203.66;2.02
1438719252742555;0.3;25;Thu Nov 14 2019 08:25:44 GMT+0100 (CET);Thu Nov 14 2019 07:25:44 GMT+0100 (CET);1573716344000;0.37;193.56;2.28
1438719252742555;0.3;25;Thu Nov 14 2019 08:27:38 GMT+0100 (CET);Thu Nov 14 2019 07:27:38 GMT+0100 (CET);1573716458000;0.36;186.33;2.57
1438719252742555;0.3;25.5;Thu Nov 14 2019 08:29:31 GMT+0100 (CET);Thu Nov 14 2019 07:29:31 GMT+0100 (CET);1573716571000;0.37;200.57;2.73
1438719252742555;0.3;25.7;Thu Nov 14 2019 08:31:24 GMT+0100 (CET);Thu Nov 14 2019 07:31:24 GMT+0100 (CET);1573716684000;0.39;215.43;2.88
1438719252742555;0.3;25.9;Thu Nov 14 2019 08:33:16 GMT+0100 (CET);Thu Nov 14 2019 07:33:16 GMT+0100 (CET);1573716796000;0.4;236.22;3.07
1438719252742555;0.3;25.6;Thu Nov 14 2019 08:35:09 GMT+0100 (CET);Thu Nov 14 2019 07:35:09 GMT+0100 (CET);1573716909000;0.42;250.09;3.28
1438719252742555;0.3;25.6;Thu Nov 14 2019 08:37:02 GMT+0100 (CET);Thu Nov 14 2019 07:37:02 GMT+0100 (CET);1573717022000;0.94;262.44;3.61
1438719252742555;0.3;25.6;Thu Nov 14 2019 08:38:55 GMT+0100 (CET);Thu Nov 14 2019 07:38:55 GMT+0100 (CET);1573717135000;1.27;275.36;3.95
1438719252742555;4.3;23.2;Thu Nov 14 2019 09:03:31 GMT+0100 (CET);Thu Nov 14 2019 08:03:31 GMT+0100 (CET);1573718611000;1.27;269.44;5.65
1438719252742555;4.3;23.3;Thu Nov 14 2019 09:05:20 GMT+0100 (CET);Thu Nov 14 2019 08:05:20 GMT+0100 (CET);1573718720000;1.61;343.03;5.56
1438719252742555;5.9;23.9;Thu Nov 14 2019 09:07:15 GMT+0100 (CET);Thu Nov 14 2019 08:07:15 GMT+0100 (CET);1573718835000;1.78;378.87;5.64
1438719252742555;5.9;23.9;Thu Nov 14 2019 09:09:10 GMT+0100 (CET);Thu Nov 14 2019 08:09:10 GMT+0100 (CET);1573718950000;1.38;284.17;5.72
1438719252742555;5.9;23.2;Thu Nov 14 2019 09:11:03 GMT+0100 (CET);Thu Nov 14 2019 08:11:03 GMT+0100 (CET);1573719063000;0.9;186.8;5.68
1438719252742555;5.9;23.2;Thu Nov 14 2019 09:12:55 GMT+0100 (CET);Thu Nov 14 2019 08:12:55 GMT+0100 (CET);1573719175000;0.84;192.8;5.43
1438719252742555;5.9;23;Thu Nov 14 2019 09:14:52 GMT+0100 (CET);Thu Nov 14 2019 08:14:52 GMT+0100 (CET);1573719292000;0.81;209.96;5.1
1438719252742555;6.4;23.5;Thu Nov 14 2019 09:16:46 GMT+0100 (CET);Thu Nov 14 2019 08:16:46 GMT+0100 (CET);1573719406000;1.11;234.22;4.94
1438719252742555;6.4;23.5;Thu Nov 14 2019 09:18:41 GMT+0100 (CET);Thu Nov 14 2019 08:18:41 GMT+0100 (CET);1573719521000;1.53;337.91;4.89
1438719252742555;6.4;23.9;Thu Nov 14 2019 09:20:35 GMT+0100 (CET);Thu Nov 14 2019 08:20:35 GMT+0100 (CET);1573719635000;1.89;407.03;5.02
1438719252742555;7.9;23.7;Thu Nov 14 2019 09:22:45 GMT+0100 (CET);Thu Nov 14 2019 08:22:45 GMT+0100 (CET);1573719765000;1.86;391.67;5.36
1438719252742555;7.9;23.4;Thu Nov 14 2019 09:24:38 GMT+0100 (CET);Thu Nov 14 2019 08:24:38 GMT+0100 (CET);1573719878000;1.54;317.85;5.62
1438719252742555;7.9;23.3;Thu Nov 14 2019 09:26:32 GMT+0100 (CET);Thu Nov 14 2019 08:26:32 GMT+0100 (CET);1573719992000;1.36;268.97;5.74
1438719252742555;7.9;23;Thu Nov 14 2019 09:28:25 GMT+0100 (CET);Thu Nov 14 2019 08:28:25 GMT+0100 (CET);1573720105000;1.32;278.95;5.74
1438719252742555;7.9;23.2;Thu Nov 14 2019 09:30:17 GMT+0100 (CET);Thu Nov 14 2019 08:30:17 GMT+0100 (CET);1573720217000;1.38;290.25;5.65
1438719252742555;8.4;23.2;Thu Nov 14 2019 09:32:11 GMT+0100 (CET);Thu Nov 14 2019 08:32:11 GMT+0100 (CET);1573720331000;1.4;294.7;5.53
1438719252742555;8.4;23.2;Thu Nov 14 2019 09:34:04 GMT+0100 (CET);Thu Nov 14 2019 08:34:04 GMT+0100 (CET);1573720444000;1.39;292.52;5.57
1438719252742555;8.4;23.5;Thu Nov 14 2019 09:36:02 GMT+0100 (CET);Thu Nov 14 2019 08:36:02 GMT+0100 (CET);1573720562000;1.32;282.55;5.66
1438719252742555;8.4;24;Thu Nov 14 2019 09:37:54 GMT+0100 (CET);Thu Nov 14 2019 08:37:54 GMT+0100 (CET);1573720674000;1.4;308.32;5.72
1438719252742555;8.4;24.9;Thu Nov 14 2019 09:39:47 GMT+0100 (CET);Thu Nov 14 2019 08:39:47 GMT+0100 (CET);1573720787000;1.29;298.67;5.71
1438719252742555;8.4;24.9;Thu Nov 14 2019 09:41:41 GMT+0100 (CET);Thu Nov 14 2019 08:41:41 GMT+0100 (CET);1573720901000;1.27;292.15;5.61
1438719252742555;8.4;24.7;Thu Nov 14 2019 09:43:33 GMT+0100 (CET);Thu Nov 14 2019 08:43:33 GMT+0100 (CET);1573721013000;1.37;317.93;5.52
1438719252742555;8.4;25.1;Thu Nov 14 2019 09:45:27 GMT+0100 (CET);Thu Nov 14 2019 08:45:27 GMT+0100 (CET);1573721127000;1.48;343.03;5.63
1438719252742555;8.4;30.8;Thu Nov 14 2019 09:47:20 GMT+0100 (CET);Thu Nov 14 2019 08:47:20 GMT+0100 (CET);1573721240000;1.55;348.15;5.82
1438719252742555;8.4;31.3;Thu Nov 14 2019 09:49:28 GMT+0100 (CET);Thu Nov 14 2019 08:49:28 GMT+0100 (CET);1573721368000;1.43;317.54;5.95
1438719252742555;11.9;32.1;Thu Nov 14 2019 09:51:21 GMT+0100 (CET);Thu Nov 14 2019 08:51:21 GMT+0100 (CET);1573721481000;1.5;327.08;6.14
1438719252742555;11.9;31.4;Thu Nov 14 2019 09:53:17 GMT+0100 (CET);Thu Nov 14 2019 08:53:17 GMT+0100 (CET);1573721597000;1.28;292.2;6.18
1438719252742555;12.4;31.3;Thu Nov 14 2019 09:55:10 GMT+0100 (CET);Thu Nov 14 2019 08:55:10 GMT+0100 (CET);1573721710000;1.29;292.02;6.1
1438719252742555;12.4;31.8;Thu Nov 14 2019 09:57:03 GMT+0100 (CET);Thu Nov 14 2019 08:57:03 GMT+0100 (CET);1573721823000;1.58;358.39;6.04
1438719252742555;12.4;32.9;Thu Nov 14 2019 09:58:58 GMT+0100 (CET);Thu Nov 14 2019 08:58:58 GMT+0100 (CET);1573721938000;1.64;363.51;6.23
1438719252742555;13.9;35.4;Thu Nov 14 2019 10:00:50 GMT+0100 (CET);Thu Nov 14 2019 09:00:50 GMT+0100 (CET);1573722050000;1.68;376.31;6.42
1438719252742555;13.9;36.1;Thu Nov 14 2019 10:02:43 GMT+0100 (CET);Thu Nov 14 2019 09:02:43 GMT+0100 (CET);1573722163000;1.81;407.03;6.65
1438719252742555;15.9;35;Thu Nov 14 2019 10:05:38 GMT+0100 (CET);Thu Nov 14 2019 09:05:38 GMT+0100 (CET);1573722338000;2.06;450.55;6.89
1438719252742555;15.9;36.1;Thu Nov 14 2019 10:07:31 GMT+0100 (CET);Thu Nov 14 2019 09:07:31 GMT+0100 (CET);1573722451000;2.09;455.67;7.04
1438719252742555;15.9;36.1;Thu Nov 14 2019 10:09:23 GMT+0100 (CET);Thu Nov 14 2019 09:09:23 GMT+0100 (CET);1573722563000;2.29;501.75;7.26
1438719252742555;15.9;35.9;Thu Nov 14 2019 10:11:16 GMT+0100 (CET);Thu Nov 14 2019 09:11:16 GMT+0100 (CET);1573722676000;1.95;424.95;7.5
1438719252742555;15.9;35.9;Thu Nov 14 2019 10:13:09 GMT+0100 (CET);Thu Nov 14 2019 09:13:09 GMT+0100 (CET);1573722789000;1.83;399.35;7.57
1438719252742555;15.9;35.6;Thu Nov 14 2019 10:15:02 GMT+0100 (CET);Thu Nov 14 2019 09:15:02 GMT+0100 (CET);1573722902000;1.57;343.03;7.58
1438719252742555;15.9;35.3;Thu Nov 14 2019 10:16:55 GMT+0100 (CET);Thu Nov 14 2019 09:16:55 GMT+0100 (CET);1573723015000;1.56;345.59;7.53
1438719252742555;16.4;35.9;Thu Nov 14 2019 10:18:52 GMT+0100 (CET);Thu Nov 14 2019 09:18:52 GMT+0100 (CET);1573723132000;1.64;358.39;7.45
1438719252742555;16.4;35.8;Thu Nov 14 2019 10:20:46 GMT+0100 (CET);Thu Nov 14 2019 09:20:46 GMT+0100 (CET);1573723246000;1.55;343.03;7.43
1438719252742555;16.4;36;Thu Nov 14 2019 10:22:40 GMT+0100 (CET);Thu Nov 14 2019 09:22:40 GMT+0100 (CET);1573723360000;1.41;308.71;7.35
1438719252742555;17.4;35.8;Thu Nov 14 2019 10:24:34 GMT+0100 (CET);Thu Nov 14 2019 09:24:34 GMT+0100 (CET);1573723474000;1.39;303.41;7.24
1438719252742555;17.4;36;Thu Nov 14 2019 10:26:26 GMT+0100 (CET);Thu Nov 14 2019 09:26:26 GMT+0100 (CET);1573723586000;1.3;295.17;7.2
1438719252742555;16.4;35.7;Thu Nov 14 2019 10:28:27 GMT+0100 (CET);Thu Nov 14 2019 09:28:27 GMT+0100 (CET);1573723707000;1.18;263.97;7.2
1438719252742555;16.4;35.9;Thu Nov 14 2019 10:30:21 GMT+0100 (CET);Thu Nov 14 2019 09:30:21 GMT+0100 (CET);1573723821000;1.32;297.61;7.25
1438719252742555;16.4;36;Thu Nov 14 2019 10:32:14 GMT+0100 (CET);Thu Nov 14 2019 09:32:14 GMT+0100 (CET);1573723934000;1.48;327.47;7.3
1438719252742555;16.4;36.2;Thu Nov 14 2019 10:34:07 GMT+0100 (CET);Thu Nov 14 2019 09:34:07 GMT+0100 (CET);1573724047000;1.38;308.4;7.29
1438719252742555;16.4;36.2;Thu Nov 14 2019 10:36:22 GMT+0100 (CET);Thu Nov 14 2019 09:36:22 GMT+0100 (CET);1573724182000;1.61;353.27;7.31
1438719252742555;16.4;36.3;Thu Nov 14 2019 10:38:15 GMT+0100 (CET);Thu Nov 14 2019 09:38:15 GMT+0100 (CET);1573724295000;1.62;355.83;7.49
1438719252742555;16.4;36.6;Thu Nov 14 2019 10:40:11 GMT+0100 (CET);Thu Nov 14 2019 09:40:11 GMT+0100 (CET);1573724411000;1.73;401.91;7.65
1438719252742555;17.4;35.9;Thu Nov 14 2019 10:42:04 GMT+0100 (CET);Thu Nov 14 2019 09:42:04 GMT+0100 (CET);1573724524000;2.63;555.51;7.97
1438719252742555;17.4;36;Thu Nov 14 2019 10:44:02 GMT+0100 (CET);Thu Nov 14 2019 09:44:02 GMT+0100 (CET);1573724642000;2.37;514.55;8.39
1438719252742555;17.4;36.3;Thu Nov 14 2019 10:45:55 GMT+0100 (CET);Thu Nov 14 2019 09:45:55 GMT+0100 (CET);1573724755000;2.2;476.15;8.67
1438719252742555;17.4;36.3;Thu Nov 14 2019 10:47:48 GMT+0100 (CET);Thu Nov 14 2019 09:47:48 GMT+0100 (CET);1573724868000;2.2;476.15;8.82
1438719252742555;17.4;36.3;Thu Nov 14 2019 10:49:41 GMT+0100 (CET);Thu Nov 14 2019 09:49:41 GMT+0100 (CET);1573724981000;2.47;535.03;8.86
1438719252742555;20;36.3;Thu Nov 14 2019 10:52:01 GMT+0100 (CET);Thu Nov 14 2019 09:52:01 GMT+0100 (CET);1573725121000;2.69;581.11;9
1438719252742555;20;36.2;Thu Nov 14 2019 10:54:03 GMT+0100 (CET);Thu Nov 14 2019 09:54:03 GMT+0100 (CET);1573725243000;2.95;629.75;9.16
1438719252742555;20;36.1;Thu Nov 14 2019 10:55:56 GMT+0100 (CET);Thu Nov 14 2019 09:55:56 GMT+0100 (CET);1573725356000;3.17;684.91;9.55
1438719252742555;20;35.8;Thu Nov 14 2019 10:57:49 GMT+0100 (CET);Thu Nov 14 2019 09:57:49 GMT+0100 (CET);1573725469000;3.32;694.28;10
1438719252742555;20;35.6;Thu Nov 14 2019 10:59:42 GMT+0100 (CET);Thu Nov 14 2019 09:59:42 GMT+0100 (CET);1573725582000;3.1;659.36;10.28
1438719252742555;22;35.6;Thu Nov 14 2019 11:01:40 GMT+0100 (CET);Thu Nov 14 2019 10:01:40 GMT+0100 (CET);1573725700000;2.61;545.27;10.61
1438719252742555;22;35.4;Thu Nov 14 2019 11:03:33 GMT+0100 (CET);Thu Nov 14 2019 10:03:33 GMT+0100 (CET);1573725813000;3.3;699.57;10.53
1438719252742555;22;35.5;Thu Nov 14 2019 11:05:26 GMT+0100 (CET);Thu Nov 14 2019 10:05:26 GMT+0100 (CET);1573725926000;3.58;771.48;10.85
1438719252742555;24;35.2;Thu Nov 14 2019 11:07:43 GMT+0100 (CET);Thu Nov 14 2019 10:07:43 GMT+0100 (CET);1573726063000;3.51;738.65;11.3
1438719252742555;24;35;Thu Nov 14 2019 11:09:37 GMT+0100 (CET);Thu Nov 14 2019 10:09:37 GMT+0100 (CET);1573726177000;3;634.87;11.64
1438719252742555;24;35.1;Thu Nov 14 2019 11:11:33 GMT+0100 (CET);Thu Nov 14 2019 10:11:33 GMT+0100 (CET);1573726293000;2.35;506.87;11.57
1438719252742555;24;35.3;Thu Nov 14 2019 11:13:27 GMT+0100 (CET);Thu Nov 14 2019 10:13:27 GMT+0100 (CET);1573726407000;1.95;381.43;11.3
1438719252742555;24.5;34.4;Thu Nov 14 2019 11:15:24 GMT+0100 (CET);Thu Nov 14 2019 10:15:24 GMT+0100 (CET);1573726524000;1.7;386.55;10.67
1438719252742555;24.5;35.4;Thu Nov 14 2019 11:17:16 GMT+0100 (CET);Thu Nov 14 2019 10:17:16 GMT+0100 (CET);1573726636000;1.42;308.01;10.27
1438719252742555;24.5;35.7;Thu Nov 14 2019 11:19:12 GMT+0100 (CET);Thu Nov 14 2019 10:19:12 GMT+0100 (CET);1573726752000;1.53;358.39;9.84
1438719252742555;23;36.2;Thu Nov 14 2019 11:21:06 GMT+0100 (CET);Thu Nov 14 2019 10:21:06 GMT+0100 (CET);1573726866000;2.17;473.59;9.58
1438719252742555;23;36;Thu Nov 14 2019 11:23:32 GMT+0100 (CET);Thu Nov 14 2019 10:23:32 GMT+0100 (CET);1573727012000;1.6;358.39;9.41
1438719252742555;22;35.6;Thu Nov 14 2019 11:25:25 GMT+0100 (CET);Thu Nov 14 2019 10:25:25 GMT+0100 (CET);1573727125000;1.31;282.82;9.12
1438719252742555;22;35.8;Thu Nov 14 2019 11:27:18 GMT+0100 (CET);Thu Nov 14 2019 10:27:18 GMT+0100 (CET);1573727238000;1.16;257.15;8.71
1438719252742555;22;35.8;Thu Nov 14 2019 11:29:11 GMT+0100 (CET);Thu Nov 14 2019 10:29:11 GMT+0100 (CET);1573727351000;1.12;242.18;8.42
1438719252742555;20.5;36;Thu Nov 14 2019 11:31:04 GMT+0100 (CET);Thu Nov 14 2019 10:31:04 GMT+0100 (CET);1573727464000;1.27;276.3;8.32
1438719252742555;20.5;35.9;Thu Nov 14 2019 11:32:56 GMT+0100 (CET);Thu Nov 14 2019 10:32:56 GMT+0100 (CET);1573727576000;1.23;260.19;8.28
1438719252742555;20;35.9;Thu Nov 14 2019 11:34:49 GMT+0100 (CET);Thu Nov 14 2019 10:34:49 GMT+0100 (CET);1573727689000;1.05;227.89;8.15
1438719252742555;20;35.8;Thu Nov 14 2019 11:36:44 GMT+0100 (CET);Thu Nov 14 2019 10:36:44 GMT+0100 (CET);1573727804000;1.07;231.81;8.09
1438719252742555;17.4;36.1;Thu Nov 14 2019 11:38:40 GMT+0100 (CET);Thu Nov 14 2019 10:38:40 GMT+0100 (CET);1573727920000;1.09;237.07;8.17
1438719252742555;17.4;35.6;Thu Nov 14 2019 11:40:33 GMT+0100 (CET);Thu Nov 14 2019 10:40:33 GMT+0100 (CET);1573728033000;0.87;188.98;8.25
1438719252742555;17.4;35.6;Thu Nov 14 2019 11:42:28 GMT+0100 (CET);Thu Nov 14 2019 10:42:28 GMT+0100 (CET);1573728148000;0.84;182.22;8.22
1438719252742555;17.4;35.6;Thu Nov 14 2019 11:44:21 GMT+0100 (CET);Thu Nov 14 2019 10:44:21 GMT+0100 (CET);1573728261000;0.94;199.58;8.16
1438719252742555;17.4;36;Thu Nov 14 2019 11:46:14 GMT+0100 (CET);Thu Nov 14 2019 10:46:14 GMT+0100 (CET);1573728374000;0.91;196.49;8.14
1438719252742555;16.4;35.8;Thu Nov 14 2019 11:48:09 GMT+0100 (CET);Thu Nov 14 2019 10:48:09 GMT+0100 (CET);1573728489000;0.86;187.21;8.02
1438719252742555;16.4;36.1;Thu Nov 14 2019 11:50:03 GMT+0100 (CET);Thu Nov 14 2019 10:50:03 GMT+0100 (CET);1573728603000;1.05;226.5;8
1438719252742555;16.4;36;Thu Nov 14 2019 11:51:57 GMT+0100 (CET);Thu Nov 14 2019 10:51:57 GMT+0100 (CET);1573728717000;0.99;211.38;8.07
1438719252742555;16.4;36;Thu Nov 14 2019 11:54:21 GMT+0100 (CET);Thu Nov 14 2019 10:54:21 GMT+0100 (CET);1573728861000;0.92;198.69;8.12
1438719252742555;16.4;36.2;Thu Nov 14 2019 11:56:29 GMT+0100 (CET);Thu Nov 14 2019 10:56:29 GMT+0100 (CET);1573728989000;1.13;247.25;8.12
1438719252742555;16.4;36.2;Thu Nov 14 2019 11:58:22 GMT+0100 (CET);Thu Nov 14 2019 10:58:22 GMT+0100 (CET);1573729102000;1.12;244.05;8.14
1438719252742555;16.4;36.3;Thu Nov 14 2019 12:00:15 GMT+0100 (CET);Thu Nov 14 2019 11:00:15 GMT+0100 (CET);1573729215000;1.28;285.45;8.34
1438719252742555;16.4;36.3;Thu Nov 14 2019 12:02:08 GMT+0100 (CET);Thu Nov 14 2019 11:02:08 GMT+0100 (CET);1573729328000;1.3;283.21;8.57
1438719252742555;16.4;36.6;Thu Nov 14 2019 12:04:00 GMT+0100 (CET);Thu Nov 14 2019 11:04:00 GMT+0100 (CET);1573729440000;1.93;430.07;8.85
1438719252742555;16.4;36.7;Thu Nov 14 2019 12:05:53 GMT+0100 (CET);Thu Nov 14 2019 11:05:53 GMT+0100 (CET);1573729553000;2.58;547.83;9.27
1438719252742555;17.4;36.6;Thu Nov 14 2019 12:07:47 GMT+0100 (CET);Thu Nov 14 2019 11:07:47 GMT+0100 (CET);1573729667000;2.93;632.31;9.86
1438719252742555;17.4;36.3;Thu Nov 14 2019 12:09:43 GMT+0100 (CET);Thu Nov 14 2019 11:09:43 GMT+0100 (CET);1573729783000;3.36;716.58;10.45
1438719252742555;17.4;35.8;Thu Nov 14 2019 12:11:39 GMT+0100 (CET);Thu Nov 14 2019 11:11:39 GMT+0100 (CET);1573729899000;3.17;671.79;11.07
1438719252742555;20;35.6;Thu Nov 14 2019 12:13:33 GMT+0100 (CET);Thu Nov 14 2019 11:13:33 GMT+0100 (CET);1573730013000;2.98;645.11;11.36
1438719252742555;20;35.5;Thu Nov 14 2019 12:15:28 GMT+0100 (CET);Thu Nov 14 2019 11:15:28 GMT+0100 (CET);1573730128000;2.71;614.39;11.53
1438719252742555;22;35.4;Thu Nov 14 2019 12:17:24 GMT+0100 (CET);Thu Nov 14 2019 11:17:24 GMT+0100 (CET);1573730244000;2.65;568.31;11.79
1438719252742555;22;35.4;Thu Nov 14 2019 12:19:20 GMT+0100 (CET);Thu Nov 14 2019 11:19:20 GMT+0100 (CET);1573730360000;2.83;614.39;12.07
1438719252742555;22;35.4;Thu Nov 14 2019 12:21:13 GMT+0100 (CET);Thu Nov 14 2019 11:21:13 GMT+0100 (CET);1573730473000;2.82;624.63;12.02
1438719252742555;22.5;35.3;Thu Nov 14 2019 12:23:13 GMT+0100 (CET);Thu Nov 14 2019 11:23:13 GMT+0100 (CET);1573730593000;2.52;545.27;11.95
1438719252742555;22.5;35.4;Thu Nov 14 2019 12:25:09 GMT+0100 (CET);Thu Nov 14 2019 11:25:09 GMT+0100 (CET);1573730709000;2.75;599.03;11.87
1438719252742555;24;35.5;Thu Nov 14 2019 12:27:06 GMT+0100 (CET);Thu Nov 14 2019 11:27:06 GMT+0100 (CET);1573730826000;2.52;540.15;11.77
1438719252742555;24;35.4;Thu Nov 14 2019 12:28:59 GMT+0100 (CET);Thu Nov 14 2019 11:28:59 GMT+0100 (CET);1573730939000;2.48;511.99;11.6
1438719252742555;24;35.7;Thu Nov 14 2019 12:30:53 GMT+0100 (CET);Thu Nov 14 2019 11:30:53 GMT+0100 (CET);1573731053000;3.07;665.49;11.68
1438719252742555;24;35.5;Thu Nov 14 2019 12:32:45 GMT+0100 (CET);Thu Nov 14 2019 11:32:45 GMT+0100 (CET);1573731165000;2.97;637.43;12.06
1438719252742555;24;35.4;Thu Nov 14 2019 12:34:42 GMT+0100 (CET);Thu Nov 14 2019 11:34:42 GMT+0100 (CET);1573731282000;3.08;658.1;12.35
1438719252742555;24.5;35.3;Thu Nov 14 2019 12:36:39 GMT+0100 (CET);Thu Nov 14 2019 11:36:39 GMT+0100 (CET);1573731399000;3.02;647.67;12.6
1438719252742555;24.5;35.3;Thu Nov 14 2019 12:38:32 GMT+0100 (CET);Thu Nov 14 2019 11:38:32 GMT+0100 (CET);1573731512000;2.99;645.11;12.89
1438719252742555;24.5;35.3;Thu Nov 14 2019 12:40:49 GMT+0100 (CET);Thu Nov 14 2019 11:40:49 GMT+0100 (CET);1573731649000;2.98;639.99;13.13
1438719252742555;24.5;35.2;Thu Nov 14 2019 12:42:46 GMT+0100 (CET);Thu Nov 14 2019 11:42:46 GMT+0100 (CET);1573731766000;2.96;634.87;13.28
1438719252742555;24.5;35.1;Thu Nov 14 2019 12:44:40 GMT+0100 (CET);Thu Nov 14 2019 11:44:40 GMT+0100 (CET);1573731880000;2.98;634.87;13.27
1438719252742555;26;35;Thu Nov 14 2019 12:46:34 GMT+0100 (CET);Thu Nov 14 2019 11:46:34 GMT+0100 (CET);1573731994000;2.97;632.31;13.31
1438719252742555;26;35;Thu Nov 14 2019 12:48:30 GMT+0100 (CET);Thu Nov 14 2019 11:48:30 GMT+0100 (CET);1573732110000;2.94;627.19;13.4
1438719252742555;26.5;35.1;Thu Nov 14 2019 12:50:25 GMT+0100 (CET);Thu Nov 14 2019 11:50:25 GMT+0100 (CET);1573732225000;2.92;624.63;13.43
1438719252742555;26.5;35.1;Thu Nov 14 2019 12:52:19 GMT+0100 (CET);Thu Nov 14 2019 11:52:19 GMT+0100 (CET);1573732339000;2.91;619.51;13.44
1438719252742555;26.5;35;Thu Nov 14 2019 12:54:27 GMT+0100 (CET);Thu Nov 14 2019 11:54:27 GMT+0100 (CET);1573732467000;2.89;616.95;13.38
1438719252742555;26.5;34.9;Thu Nov 14 2019 12:56:19 GMT+0100 (CET);Thu Nov 14 2019 11:56:19 GMT+0100 (CET);1573732579000;2.9;616.95;13.39
1438719252742555;26.5;34.9;Thu Nov 14 2019 12:58:12 GMT+0100 (CET);Thu Nov 14 2019 11:58:12 GMT+0100 (CET);1573732692000;2.87;611.83;13.67
1438719252742555;26.5;34.9;Thu Nov 14 2019 13:00:05 GMT+0100 (CET);Thu Nov 14 2019 12:00:05 GMT+0100 (CET);1573732805000;2.85;609.27;14.07
1438719252742555;26.5;34.9;Thu Nov 14 2019 13:01:59 GMT+0100 (CET);Thu Nov 14 2019 12:01:59 GMT+0100 (CET);1573732919000;2.84;606.71;14.32
1438719252742555;26.5;34.8;Thu Nov 14 2019 13:04:08 GMT+0100 (CET);Thu Nov 14 2019 12:04:08 GMT+0100 (CET);1573733048000;2.83;604.15;14.41
1438719252742555;28;34.8;Thu Nov 14 2019 13:06:01 GMT+0100 (CET);Thu Nov 14 2019 12:06:01 GMT+0100 (CET);1573733161000;2.82;599.03;14.33
1438719252742555;28;34.9;Thu Nov 14 2019 13:09:37 GMT+0100 (CET);Thu Nov 14 2019 12:09:37 GMT+0100 (CET);1573733377000;2.79;596.47;14.14
1438719252742555;28;34.9;Thu Nov 14 2019 13:11:36 GMT+0100 (CET);Thu Nov 14 2019 12:11:36 GMT+0100 (CET);1573733496000;2.78;593.91;14.14
1438719252742555;28;35;Thu Nov 14 2019 13:13:31 GMT+0100 (CET);Thu Nov 14 2019 12:13:31 GMT+0100 (CET);1573733611000;2.76;591.35;14.01
1438719252742555;28;35;Thu Nov 14 2019 13:15:31 GMT+0100 (CET);Thu Nov 14 2019 12:15:31 GMT+0100 (CET);1573733731000;2.74;588.79;14.14
1438719252742555;28;34.9;Thu Nov 14 2019 13:17:25 GMT+0100 (CET);Thu Nov 14 2019 12:17:25 GMT+0100 (CET);1573733845000;2.73;583.67;14.23
1438719252742555;28;34.9;Thu Nov 14 2019 13:19:44 GMT+0100 (CET);Thu Nov 14 2019 12:19:44 GMT+0100 (CET);1573733984000;2.71;581.11;14.06
1438719252742555;28;35;Thu Nov 14 2019 13:21:43 GMT+0100 (CET);Thu Nov 14 2019 12:21:43 GMT+0100 (CET);1573734103000;2.68;575.99;13.77
1438719252742555;28;35;Thu Nov 14 2019 13:23:35 GMT+0100 (CET);Thu Nov 14 2019 12:23:35 GMT+0100 (CET);1573734215000;2.67;573.43;13.59
1438719252742555;28;35.1;Thu Nov 14 2019 13:25:34 GMT+0100 (CET);Thu Nov 14 2019 12:25:34 GMT+0100 (CET);1573734334000;2.67;573.43;13.41
1438719252742555;28;35.2;Thu Nov 14 2019 13:27:30 GMT+0100 (CET);Thu Nov 14 2019 12:27:30 GMT+0100 (CET);1573734450000;2.64;568.31;13.25
1438719252742555;26.5;35.2;Thu Nov 14 2019 13:29:23 GMT+0100 (CET);Thu Nov 14 2019 12:29:23 GMT+0100 (CET);1573734563000;2.6;563.19;13
1438719252742555;26.5;35.4;Thu Nov 14 2019 13:31:21 GMT+0100 (CET);Thu Nov 14 2019 12:31:21 GMT+0100 (CET);1573734681000;2.6;560.63;12.83
1438719252742555;26;35.4;Thu Nov 14 2019 13:33:15 GMT+0100 (CET);Thu Nov 14 2019 12:33:15 GMT+0100 (CET);1573734795000;2.58;558.07;12.82
1438719252742555;26;35.3;Thu Nov 14 2019 13:35:19 GMT+0100 (CET);Thu Nov 14 2019 12:35:19 GMT+0100 (CET);1573734919000;2.57;558.07;13
1438719252742555;26;35.3;Thu Nov 14 2019 13:37:52 GMT+0100 (CET);Thu Nov 14 2019 12:37:52 GMT+0100 (CET);1573735072000;2.54;550.39;13.02
1438719252742555;26;35.3;Thu Nov 14 2019 13:39:45 GMT+0100 (CET);Thu Nov 14 2019 12:39:45 GMT+0100 (CET);1573735185000;2.52;550.39;13.01
1438719252742555;26;35.4;Thu Nov 14 2019 13:41:48 GMT+0100 (CET);Thu Nov 14 2019 12:41:48 GMT+0100 (CET);1573735308000;2.49;545.27;12.89
1438719252742555;24.5;35.4;Thu Nov 14 2019 13:43:42 GMT+0100 (CET);Thu Nov 14 2019 12:43:42 GMT+0100 (CET);1573735422000;2.48;542.71;12.76
1438719252742555;24.5;35.4;Thu Nov 14 2019 13:45:36 GMT+0100 (CET);Thu Nov 14 2019 12:45:36 GMT+0100 (CET);1573735536000;2.47;540.15;12.79
1438719252742555;24.5;35.4;Thu Nov 14 2019 13:47:28 GMT+0100 (CET);Thu Nov 14 2019 12:47:28 GMT+0100 (CET);1573735648000;2.46;540.15;12.96
1438719252742555;24.5;35.3;Thu Nov 14 2019 13:49:29 GMT+0100 (CET);Thu Nov 14 2019 12:49:29 GMT+0100 (CET);1573735769000;1.88;458.23;13.05
1438719252742555;24.5;34.8;Thu Nov 14 2019 13:51:36 GMT+0100 (CET);Thu Nov 14 2019 12:51:36 GMT+0100 (CET);1573735896000;1.5;345.59;12.85
1438719252742555;24;34.3;Thu Nov 14 2019 13:53:29 GMT+0100 (CET);Thu Nov 14 2019 12:53:29 GMT+0100 (CET);1573736009000;1.22;302.52;12.5
1438719252742555;24;35.3;Thu Nov 14 2019 13:55:22 GMT+0100 (CET);Thu Nov 14 2019 12:55:22 GMT+0100 (CET);1573736122000;1.61;358.39;12.25
1438719252742555;24;35.4;Thu Nov 14 2019 13:57:15 GMT+0100 (CET);Thu Nov 14 2019 12:57:15 GMT+0100 (CET);1573736235000;2.09;460.79;12.01
1438719252742555;24;35.6;Thu Nov 14 2019 13:59:09 GMT+0100 (CET);Thu Nov 14 2019 12:59:09 GMT+0100 (CET);1573736349000;1.56;340.47;11.82
1438719252742555;24;35.1;Thu Nov 14 2019 14:01:03 GMT+0100 (CET);Thu Nov 14 2019 13:01:03 GMT+0100 (CET);1573736463000;1.02;223.06;11.58
1438719252742555;22;29.2;Thu Nov 14 2019 14:03:05 GMT+0100 (CET);Thu Nov 14 2019 13:03:05 GMT+0100 (CET);1573736585000;0.79;176.56;11.14
1438719252742555;22;34.1;Thu Nov 14 2019 14:04:59 GMT+0100 (CET);Thu Nov 14 2019 13:04:59 GMT+0100 (CET);1573736699000;1.22;274.87;10.85
1438719252742555;20.5;35.9;Thu Nov 14 2019 14:07:18 GMT+0100 (CET);Thu Nov 14 2019 13:07:18 GMT+0100 (CET);1573736838000;1.03;189.43;10.79
1438719252742555;20.5;35.1;Thu Nov 14 2019 14:09:12 GMT+0100 (CET);Thu Nov 14 2019 13:09:12 GMT+0100 (CET);1573736952000;0.8;180.03;10.75
1438719252742555;20.5;35;Thu Nov 14 2019 14:11:04 GMT+0100 (CET);Thu Nov 14 2019 13:11:04 GMT+0100 (CET);1573737064000;1.17;258.17;10.61
1438719252742555;20;35.2;Thu Nov 14 2019 14:12:59 GMT+0100 (CET);Thu Nov 14 2019 13:12:59 GMT+0100 (CET);1573737179000;1.1;255.1;10.53
1438719252742555;20;33.7;Thu Nov 14 2019 14:14:51 GMT+0100 (CET);Thu Nov 14 2019 13:14:51 GMT+0100 (CET);1573737291000;1.28;279.51;10.39
1438719252742555;16.4;29.2;Thu Nov 14 2019 14:16:51 GMT+0100 (CET);Thu Nov 14 2019 13:16:51 GMT+0100 (CET);1573737411000;1.15;252.48;10.42
1438719252742555;16.4;34.6;Thu Nov 14 2019 14:18:45 GMT+0100 (CET);Thu Nov 14 2019 13:18:45 GMT+0100 (CET);1573737525000;0.81;177.88;10.43
1438719252742555;17.4;35.1;Thu Nov 14 2019 14:20:44 GMT+0100 (CET);Thu Nov 14 2019 13:20:44 GMT+0100 (CET);1573737644000;0.71;161.83;10.32
1438719252742555;17.4;33.6;Thu Nov 14 2019 14:22:49 GMT+0100 (CET);Thu Nov 14 2019 13:22:49 GMT+0100 (CET);1573737769000;1.31;285.53;10.14
1438719252742555;17.4;31.2;Thu Nov 14 2019 14:24:42 GMT+0100 (CET);Thu Nov 14 2019 13:24:42 GMT+0100 (CET);1573737882000;0.79;173.31;10.1
1438719252742555;15.9;34.1;Thu Nov 14 2019 14:26:56 GMT+0100 (CET);Thu Nov 14 2019 13:26:56 GMT+0100 (CET);1573738016000;0.53;119.67;9.85
1438719252742555;15.9;34;Thu Nov 14 2019 14:28:48 GMT+0100 (CET);Thu Nov 14 2019 13:28:48 GMT+0100 (CET);1573738128000;0.5;113.72;9.54
1438719252742555;16.4;33.8;Thu Nov 14 2019 14:30:46 GMT+0100 (CET);Thu Nov 14 2019 13:30:46 GMT+0100 (CET);1573738246000;0.62;139.65;9.22
1438719252742555;16.4;35;Thu Nov 14 2019 14:32:39 GMT+0100 (CET);Thu Nov 14 2019 13:32:39 GMT+0100 (CET);1573738359000;0.75;161.63;9
1438719252742555;15.9;34.7;Thu Nov 14 2019 14:35:02 GMT+0100 (CET);Thu Nov 14 2019 13:35:02 GMT+0100 (CET);1573738502000;0.44;102.66;8.79
1438719252742555;15.9;34.6;Thu Nov 14 2019 14:37:10 GMT+0100 (CET);Thu Nov 14 2019 13:37:10 GMT+0100 (CET);1573738630000;0.42;98.39;8.6
1438719252742555;15.9;34.5;Thu Nov 14 2019 14:39:03 GMT+0100 (CET);Thu Nov 14 2019 13:39:03 GMT+0100 (CET);1573738743000;0.57;139.2;8.5
1438719252742555;15.9;36.2;Thu Nov 14 2019 14:40:57 GMT+0100 (CET);Thu Nov 14 2019 13:40:57 GMT+0100 (CET);1573738857000;0.92;208.27;8.55
1438719252742555;15.9;36.4;Thu Nov 14 2019 14:42:55 GMT+0100 (CET);Thu Nov 14 2019 13:42:55 GMT+0100 (CET);1573738975000;0.99;221.87;8.77
1438719252742555;15.9;36.6;Thu Nov 14 2019 14:44:48 GMT+0100 (CET);Thu Nov 14 2019 13:44:48 GMT+0100 (CET);1573739088000;1.44;332.79;9.07
1438719252742555;15.9;37.1;Thu Nov 14 2019 14:46:52 GMT+0100 (CET);Thu Nov 14 2019 13:46:52 GMT+0100 (CET);1573739212000;1.84;419.83;9.66
1438719252742555;15.9;36.9;Thu Nov 14 2019 14:48:58 GMT+0100 (CET);Thu Nov 14 2019 13:48:58 GMT+0100 (CET);1573739338000;1.88;432.63;10.39
1438719252742555;15.9;36.9;Thu Nov 14 2019 14:50:51 GMT+0100 (CET);Thu Nov 14 2019 13:50:51 GMT+0100 (CET);1573739451000;1.82;419.83;10.98
1438719252742555;17.4;36.6;Thu Nov 14 2019 14:53:26 GMT+0100 (CET);Thu Nov 14 2019 13:53:26 GMT+0100 (CET);1573739606000;1.77;401.91;11.66
1438719252742555;17.4;36.5;Thu Nov 14 2019 14:55:19 GMT+0100 (CET);Thu Nov 14 2019 13:55:19 GMT+0100 (CET);1573739719000;1.78;409.59;12.09
1438719252742555;17.4;36.7;Thu Nov 14 2019 14:57:12 GMT+0100 (CET);Thu Nov 14 2019 13:57:12 GMT+0100 (CET);1573739832000;1.71;396.79;12.39
1438719252742555;17.4;36.8;Thu Nov 14 2019 14:59:06 GMT+0100 (CET);Thu Nov 14 2019 13:59:06 GMT+0100 (CET);1573739946000;1.59;378.87;12.63
1438719252742555;17.4;36.9;Thu Nov 14 2019 15:01:10 GMT+0100 (CET);Thu Nov 14 2019 14:01:10 GMT+0100 (CET);1573740070000;1.43;350.71;12.89
1438719252742555;20;37.1;Thu Nov 14 2019 15:03:11 GMT+0100 (CET);Thu Nov 14 2019 14:03:11 GMT+0100 (CET);1573740191000;1.25;330.23;12.99
1438719252742555;20;37.8;Thu Nov 14 2019 15:05:05 GMT+0100 (CET);Thu Nov 14 2019 14:05:05 GMT+0100 (CET);1573740305000;1.19;310.11;13.01
1438719252742555;22;37.9;Thu Nov 14 2019 15:07:02 GMT+0100 (CET);Thu Nov 14 2019 14:07:02 GMT+0100 (CET);1573740422000;1.13;294.66;12.97
1438719252742555;22;38.2;Thu Nov 14 2019 15:09:00 GMT+0100 (CET);Thu Nov 14 2019 14:09:00 GMT+0100 (CET);1573740540000;0.96;282.56;12.91
1438719252742555;22;39.3;Thu Nov 14 2019 15:10:53 GMT+0100 (CET);Thu Nov 14 2019 14:10:53 GMT+0100 (CET);1573740653000;0.77;274.8;12.89
1438719252742555;21.5;39.9;Thu Nov 14 2019 15:12:45 GMT+0100 (CET);Thu Nov 14 2019 14:12:45 GMT+0100 (CET);1573740765000;0.55;267.19;12.88
1438719252742555;21.5;40.3;Thu Nov 14 2019 15:14:39 GMT+0100 (CET);Thu Nov 14 2019 14:14:39 GMT+0100 (CET);1573740879000;0.32;260.12;12.71
1438719252742555;22;40.4;Thu Nov 14 2019 15:16:35 GMT+0100 (CET);Thu Nov 14 2019 14:16:35 GMT+0100 (CET);1573740995000;0.25;253.39;12.54
1438719252742555;22;40.4;Thu Nov 14 2019 15:18:29 GMT+0100 (CET);Thu Nov 14 2019 14:18:29 GMT+0100 (CET);1573741109000;0.24;240.46;12.42
1438719252742555;22;40.4;Thu Nov 14 2019 15:20:24 GMT+0100 (CET);Thu Nov 14 2019 14:20:24 GMT+0100 (CET);1573741224000;0.23;210.88;12.25
1438719252742555;22;40.4;Thu Nov 14 2019 15:22:22 GMT+0100 (CET);Thu Nov 14 2019 14:22:22 GMT+0100 (CET);1573741342000;0.22;213.21;11.87
1438719252742555;22;40.4;Thu Nov 14 2019 15:24:34 GMT+0100 (CET);Thu Nov 14 2019 14:24:34 GMT+0100 (CET);1573741474000;0.2;201.8;11.5
1438719252742555;22;40.4;Thu Nov 14 2019 15:26:31 GMT+0100 (CET);Thu Nov 14 2019 14:26:31 GMT+0100 (CET);1573741591000;0.2;214.24;11.16
1438719252742555;22;40.4;Thu Nov 14 2019 15:28:24 GMT+0100 (CET);Thu Nov 14 2019 14:28:24 GMT+0100 (CET);1573741704000;0.19;199.74;11.03
1438719252742555;22;38.5;Thu Nov 14 2019 15:30:17 GMT+0100 (CET);Thu Nov 14 2019 14:30:17 GMT+0100 (CET);1573741817000;0.18;187.67;11.01
1438719252742555;20;35.8;Thu Nov 14 2019 15:32:38 GMT+0100 (CET);Thu Nov 14 2019 14:32:38 GMT+0100 (CET);1573741958000;0.17;147.56;10.71
1438719252742555;20;31.8;Thu Nov 14 2019 15:34:33 GMT+0100 (CET);Thu Nov 14 2019 14:34:33 GMT+0100 (CET);1573742073000;0.16;121.86;10.36
1438719252742555;15.9;27.9;Thu Nov 14 2019 15:36:35 GMT+0100 (CET);Thu Nov 14 2019 14:36:35 GMT+0100 (CET);1573742195000;0.15;82.78;9.92
1438719252742555;15.9;30.4;Thu Nov 14 2019 15:38:30 GMT+0100 (CET);Thu Nov 14 2019 14:38:30 GMT+0100 (CET);1573742310000;0.14;40.27;9.5
1438719252742555;15.9;33.2;Thu Nov 14 2019 15:40:25 GMT+0100 (CET);Thu Nov 14 2019 14:40:25 GMT+0100 (CET);1573742425000;0.14;34.09;9.07
1438719252742555;15.9;34;Thu Nov 14 2019 15:42:26 GMT+0100 (CET);Thu Nov 14 2019 14:42:26 GMT+0100 (CET);1573742546000;0.13;30.14;8.64
1438719252742555;15.9;32;Thu Nov 14 2019 15:44:18 GMT+0100 (CET);Thu Nov 14 2019 14:44:18 GMT+0100 (CET);1573742658000;0.13;33.9;8.28
1438719252742555;12.4;29.8;Thu Nov 14 2019 15:46:15 GMT+0100 (CET);Thu Nov 14 2019 14:46:15 GMT+0100 (CET);1573742775000;0.12;29.88;7.99
1438719252742555;12.4;29.4;Thu Nov 14 2019 15:48:10 GMT+0100 (CET);Thu Nov 14 2019 14:48:10 GMT+0100 (CET);1573742890000;0.11;27.23;7.73
1438719252742555;11.9;30.5;Thu Nov 14 2019 15:50:02 GMT+0100 (CET);Thu Nov 14 2019 14:50:02 GMT+0100 (CET);1573743002000;0.1;26.68;7.54
1438719252742555;11.9;31.6;Thu Nov 14 2019 15:51:57 GMT+0100 (CET);Thu Nov 14 2019 14:51:57 GMT+0100 (CET);1573743117000;0.11;27.96;7.38
1438719252742555;11.9;32.2;Thu Nov 14 2019 15:53:51 GMT+0100 (CET);Thu Nov 14 2019 14:53:51 GMT+0100 (CET);1573743231000;0.11;27.36;7.25
1438719252742555;10.4;32;Thu Nov 14 2019 15:55:50 GMT+0100 (CET);Thu Nov 14 2019 14:55:50 GMT+0100 (CET);1573743350000;0.1;26.52;7.12
1438719252742555;10.4;32.2;Thu Nov 14 2019 15:57:42 GMT+0100 (CET);Thu Nov 14 2019 14:57:42 GMT+0100 (CET);1573743462000;0.1;25.4;7.03
1438719252742555;9.9;31.8;Thu Nov 14 2019 15:59:35 GMT+0100 (CET);Thu Nov 14 2019 14:59:35 GMT+0100 (CET);1573743575000;0.09;23.7;6.96
1438719252742555;9.9;31.8;Thu Nov 14 2019 16:01:28 GMT+0100 (CET);Thu Nov 14 2019 15:01:28 GMT+0100 (CET);1573743688000;0.09;20.8;6.84
1438719252742555;9.9;31.5;Thu Nov 14 2019 16:03:40 GMT+0100 (CET);Thu Nov 14 2019 15:03:40 GMT+0100 (CET);1573743820000;0.08;18.79;6.71
1438719252742555;9.4;31.2;Thu Nov 14 2019 16:05:28 GMT+0100 (CET);Thu Nov 14 2019 15:05:28 GMT+0100 (CET);1573743928000;0.08;18.49;6.64
1438719252742555;9.4;31.1;Thu Nov 14 2019 16:07:44 GMT+0100 (CET);Thu Nov 14 2019 15:07:44 GMT+0100 (CET);1573744064000;0.07;17.25;6.57
1438719252742555;8.4;30.7;Thu Nov 14 2019 16:09:42 GMT+0100 (CET);Thu Nov 14 2019 15:09:42 GMT+0100 (CET);1573744182000;0.06;16.61;6.53
1438719252742555;8.4;30.4;Thu Nov 14 2019 16:11:48 GMT+0100 (CET);Thu Nov 14 2019 15:11:48 GMT+0100 (CET);1573744308000;0.06;15.15;6.5
1438719252742555;8.4;30.4;Thu Nov 14 2019 16:13:41 GMT+0100 (CET);Thu Nov 14 2019 15:13:41 GMT+0100 (CET);1573744421000;0.06;13.39;6.41
1438719252742555;7.9;29.9;Thu Nov 14 2019 16:15:33 GMT+0100 (CET);Thu Nov 14 2019 15:15:33 GMT+0100 (CET);1573744533000;0;12.23;6.38
1438719252742555;7.9;29.1;Thu Nov 14 2019 16:17:27 GMT+0100 (CET);Thu Nov 14 2019 15:17:27 GMT+0100 (CET);1573744647000;0;10.37;6.28
1438719252742555;7.9;28.7;Thu Nov 14 2019 16:19:28 GMT+0100 (CET);Thu Nov 14 2019 15:19:28 GMT+0100 (CET);1573744768000;0;9.61;6.2
1438719252742555;7.9;28.7;Thu Nov 14 2019 16:21:21 GMT+0100 (CET);Thu Nov 14 2019 15:21:21 GMT+0100 (CET);1573744881000;0;8.17;6.1
1438719252742555;7.9;27.9;Thu Nov 14 2019 16:23:14 GMT+0100 (CET);Thu Nov 14 2019 15:23:14 GMT+0100 (CET);1573744994000;0;7;6.02
1438719252742555;6.4;27.6;Thu Nov 14 2019 16:25:10 GMT+0100 (CET);Thu Nov 14 2019 15:25:10 GMT+0100 (CET);1573745110000;0;6.47;5.96
1438719252742555;6.4;33.9;Thu Nov 14 2019 16:27:06 GMT+0100 (CET);Thu Nov 14 2019 15:27:06 GMT+0100 (CET);1573745226000;0;5.14;5.87
1438719252742555;7.9;33.3;Thu Nov 14 2019 16:28:59 GMT+0100 (CET);Thu Nov 14 2019 15:28:59 GMT+0100 (CET);1573745339000;0;4.71;5.8
1438719252742555;7.9;29.5;Thu Nov 14 2019 16:30:52 GMT+0100 (CET);Thu Nov 14 2019 15:30:52 GMT+0100 (CET);1573745452000;0;3.41;5.71
1438719252742555;7.9;31.8;Thu Nov 14 2019 16:32:47 GMT+0100 (CET);Thu Nov 14 2019 15:32:47 GMT+0100 (CET);1573745567000;0;2.37;5.61
1438719252742555;7.9;30.9;Thu Nov 14 2019 16:34:48 GMT+0100 (CET);Thu Nov 14 2019 15:34:48 GMT+0100 (CET);1573745688000;0;2.43;5.57
1438719252742555;7.9;28.2;Thu Nov 14 2019 16:36:41 GMT+0100 (CET);Thu Nov 14 2019 15:36:41 GMT+0100 (CET);1573745801000;0;1.04;5.5
1438719252742555;5.9;24.2;Thu Nov 14 2019 16:38:35 GMT+0100 (CET);Thu Nov 14 2019 15:38:35 GMT+0100 (CET);1573745915000;0;0.41;5.41
1438719252742555;5.9;19.7;Thu Nov 14 2019 16:40:29 GMT+0100 (CET);Thu Nov 14 2019 15:40:29 GMT+0100 (CET);1573746029000;0;0.73;5.38
1438719252742555;5.9;19.7;Thu Nov 14 2019 16:42:24 GMT+0100 (CET);Thu Nov 14 2019 15:42:24 GMT+0100 (CET);1573746144000;0;0.43;5.33
1438719252742555;5.9;19.7;Thu Nov 14 2019 16:44:17 GMT+0100 (CET);Thu Nov 14 2019 15:44:17 GMT+0100 (CET);1573746257000;0;0.19;5.33
1438719252742555;1.3;25.9;Fri Nov 15 2019 07:49:35 GMT+0100 (CET);Fri Nov 15 2019 06:49:35 GMT+0100 (CET);1573800575000;0;5.54;4.55
1438719252742555;1.3;32.2;Fri Nov 15 2019 07:51:43 GMT+0100 (CET);Fri Nov 15 2019 06:51:43 GMT+0100 (CET);1573800703000;0;6.31;4.6
1438719252742555;5.9;33;Fri Nov 15 2019 07:53:37 GMT+0100 (CET);Fri Nov 15 2019 06:53:37 GMT+0100 (CET);1573800817000;0;7.48;4.65
1438719252742555;5.9;33.9;Fri Nov 15 2019 07:55:30 GMT+0100 (CET);Fri Nov 15 2019 06:55:30 GMT+0100 (CET);1573800930000;0;8.71;4.71
1438719252742555;5.9;34.6;Fri Nov 15 2019 07:57:25 GMT+0100 (CET);Fri Nov 15 2019 06:57:25 GMT+0100 (CET);1573801045000;0;9.57;4.75
1438719252742555;5.9;34.7;Fri Nov 15 2019 07:59:20 GMT+0100 (CET);Fri Nov 15 2019 06:59:20 GMT+0100 (CET);1573801160000;0;10.95;4.77
1438719252742555;5.9;23.7;Fri Nov 15 2019 08:01:23 GMT+0100 (CET);Fri Nov 15 2019 07:01:23 GMT+0100 (CET);1573801283000;0;12.29;4.79
1438719252742555;4.3;23.7;Fri Nov 15 2019 08:03:17 GMT+0100 (CET);Fri Nov 15 2019 07:03:17 GMT+0100 (CET);1573801397000;0;14.52;4.81
1438719252742555;4.3;23.5;Fri Nov 15 2019 08:05:31 GMT+0100 (CET);Fri Nov 15 2019 07:05:31 GMT+0100 (CET);1573801531000;0.06;17.36;4.83
1438719252742555;4.3;25.3;Fri Nov 15 2019 08:07:57 GMT+0100 (CET);Fri Nov 15 2019 07:07:57 GMT+0100 (CET);1573801677000;0.07;21.02;4.88
1438719252742555;4.3;25.7;Fri Nov 15 2019 08:09:52 GMT+0100 (CET);Fri Nov 15 2019 07:09:52 GMT+0100 (CET);1573801792000;0.09;24.27;4.9
1438719252742555;4.3;24.7;Fri Nov 15 2019 08:11:53 GMT+0100 (CET);Fri Nov 15 2019 07:11:53 GMT+0100 (CET);1573801913000;0.11;32;4.96
1438719252742555;3.8;23.1;Fri Nov 15 2019 08:13:46 GMT+0100 (CET);Fri Nov 15 2019 07:13:46 GMT+0100 (CET);1573802026000;0.15;43.89;5.02
1438719252742555;3.8;22.3;Fri Nov 15 2019 08:15:51 GMT+0100 (CET);Fri Nov 15 2019 07:15:51 GMT+0100 (CET);1573802151000;0.2;102.89;5.11
1438719252742555;3.8;20.9;Fri Nov 15 2019 08:17:57 GMT+0100 (CET);Fri Nov 15 2019 07:17:57 GMT+0100 (CET);1573802277000;0.24;133.93;5.35
1438719252742555;3.8;20.9;Fri Nov 15 2019 08:20:09 GMT+0100 (CET);Fri Nov 15 2019 07:20:09 GMT+0100 (CET);1573802409000;0.3;176.82;5.77
1438719252742555;20;35.2;Fri Nov 15 2019 11:24:22 GMT+0100 (CET);Fri Nov 15 2019 10:24:22 GMT+0100 (CET);1573813462000;0.83;180.96;12.28
1438719252742555;17.4;35;Fri Nov 15 2019 11:36:20 GMT+0100 (CET);Fri Nov 15 2019 10:36:20 GMT+0100 (CET);1573814180000;0.71;148.67;12.07
1438719252742555;17.4;35.2;Fri Nov 15 2019 11:47:01 GMT+0100 (CET);Fri Nov 15 2019 10:47:01 GMT+0100 (CET);1573814821000;0.74;151.22;12.11
1438719252742555;15.9;33.4;Fri Nov 15 2019 12:20:05 GMT+0100 (CET);Fri Nov 15 2019 11:20:05 GMT+0100 (CET);1573816805000;0.29;59.54;10.63
1438719252742555;15.9;33.5;Fri Nov 15 2019 12:22:01 GMT+0100 (CET);Fri Nov 15 2019 11:22:01 GMT+0100 (CET);1573816921000;0.3;60.6;10.6
1438719252742555;15.9;33.5;Fri Nov 15 2019 12:23:54 GMT+0100 (CET);Fri Nov 15 2019 11:23:54 GMT+0100 (CET);1573817034000;0.32;64.88;10.5
1438719252742555;15.9;33.6;Fri Nov 15 2019 12:25:47 GMT+0100 (CET);Fri Nov 15 2019 11:25:47 GMT+0100 (CET);1573817147000;0.33;65.42;10.45
1438719252742555;15.9;33.6;Fri Nov 15 2019 12:27:40 GMT+0100 (CET);Fri Nov 15 2019 11:27:40 GMT+0100 (CET);1573817260000;0.32;65.58;10.39
1438719252742555;15.9;33.6;Fri Nov 15 2019 12:29:33 GMT+0100 (CET);Fri Nov 15 2019 11:29:33 GMT+0100 (CET);1573817373000;0.31;63.53;10.36
1438719252742555;15.9;33.5;Fri Nov 15 2019 12:31:26 GMT+0100 (CET);Fri Nov 15 2019 11:31:26 GMT+0100 (CET);1573817486000;0.29;60.96;10.33
1438719252742555;15.9;33.4;Fri Nov 15 2019 12:33:19 GMT+0100 (CET);Fri Nov 15 2019 11:33:19 GMT+0100 (CET);1573817599000;0.27;54.92;10.31
1438719252742555;15.9;33.3;Fri Nov 15 2019 12:35:11 GMT+0100 (CET);Fri Nov 15 2019 11:35:11 GMT+0100 (CET);1573817711000;0.24;49.61;10.28
1438719252742555;15.9;33;Fri Nov 15 2019 12:37:04 GMT+0100 (CET);Fri Nov 15 2019 11:37:04 GMT+0100 (CET);1573817824000;0.23;47.25;10.24
1438719252742555;15.9;32.9;Fri Nov 15 2019 12:38:57 GMT+0100 (CET);Fri Nov 15 2019 11:38:57 GMT+0100 (CET);1573817937000;0.23;45.83;10.2
1438719252742555;14.4;32.8;Fri Nov 15 2019 12:40:50 GMT+0100 (CET);Fri Nov 15 2019 11:40:50 GMT+0100 (CET);1573818050000;0.23;45.2;10.15
1438719252742555;14.4;32.8;Fri Nov 15 2019 12:42:47 GMT+0100 (CET);Fri Nov 15 2019 11:42:47 GMT+0100 (CET);1573818167000;0.24;47.01;10.11
1438719252742555;13.9;33;Fri Nov 15 2019 12:45:31 GMT+0100 (CET);Fri Nov 15 2019 11:45:31 GMT+0100 (CET);1573818331000;0.26;51.43;10.06
1438719252742555;13.9;33.2;Fri Nov 15 2019 12:47:27 GMT+0100 (CET);Fri Nov 15 2019 11:47:27 GMT+0100 (CET);1573818447000;0.25;50.99;10.03
1438719252742555;14.4;33.2;Fri Nov 15 2019 12:49:19 GMT+0100 (CET);Fri Nov 15 2019 11:49:19 GMT+0100 (CET);1573818559000;0.23;47.16;10.02
1438719252742555;14.4;33;Fri Nov 15 2019 12:51:12 GMT+0100 (CET);Fri Nov 15 2019 11:51:12 GMT+0100 (CET);1573818672000;0.23;45.91;9.99
1438719252742555;13.9;33;Fri Nov 15 2019 12:53:05 GMT+0100 (CET);Fri Nov 15 2019 11:53:05 GMT+0100 (CET);1573818785000;0.23;46.09;9.96
1438719252742555;13.9;33;Fri Nov 15 2019 12:55:00 GMT+0100 (CET);Fri Nov 15 2019 11:55:00 GMT+0100 (CET);1573818900000;0.23;47.1;9.93
1438719252742555;13.9;33.1;Fri Nov 15 2019 12:56:53 GMT+0100 (CET);Fri Nov 15 2019 11:56:53 GMT+0100 (CET);1573819013000;0.24;48.02;9.92
1438719252742555;14.4;33;Fri Nov 15 2019 12:58:45 GMT+0100 (CET);Fri Nov 15 2019 11:58:45 GMT+0100 (CET);1573819125000;0.24;48.36;9.91
1438719252742555;14.4;33.2;Fri Nov 15 2019 13:00:38 GMT+0100 (CET);Fri Nov 15 2019 12:00:38 GMT+0100 (CET);1573819238000;0.25;49.23;9.89
1438719252742555;14.4;33.2;Fri Nov 15 2019 13:02:31 GMT+0100 (CET);Fri Nov 15 2019 12:02:31 GMT+0100 (CET);1573819351000;0.25;50.73;9.88
1438719252742555;13.9;33.3;Fri Nov 15 2019 13:04:23 GMT+0100 (CET);Fri Nov 15 2019 12:04:23 GMT+0100 (CET);1573819463000;0.26;51.45;9.85
1438719252742555;13.9;33.3;Fri Nov 15 2019 13:06:17 GMT+0100 (CET);Fri Nov 15 2019 12:06:17 GMT+0100 (CET);1573819577000;0.26;52.57;9.84
1438719252742555;13.9;33.5;Fri Nov 15 2019 13:08:10 GMT+0100 (CET);Fri Nov 15 2019 12:08:10 GMT+0100 (CET);1573819690000;0.27;54.63;9.81
1438719252742555;13.9;33.5;Fri Nov 15 2019 13:10:03 GMT+0100 (CET);Fri Nov 15 2019 12:10:03 GMT+0100 (CET);1573819803000;0.28;54.81;9.78
1438719252742555;13.9;33.5;Fri Nov 15 2019 13:11:56 GMT+0100 (CET);Fri Nov 15 2019 12:11:56 GMT+0100 (CET);1573819916000;0.27;53.25;9.77
1438719252742555;13.9;33.4;Fri Nov 15 2019 13:13:48 GMT+0100 (CET);Fri Nov 15 2019 12:13:48 GMT+0100 (CET);1573820028000;0.26;51.5;9.73
1438719252742555;13.9;33.3;Fri Nov 15 2019 13:15:41 GMT+0100 (CET);Fri Nov 15 2019 12:15:41 GMT+0100 (CET);1573820141000;0.25;49.71;9.67
1438719252742555;13.9;33.3;Fri Nov 15 2019 13:17:34 GMT+0100 (CET);Fri Nov 15 2019 12:17:34 GMT+0100 (CET);1573820254000;0.24;47.93;9.64
1438719252742555;13.9;33.3;Fri Nov 15 2019 13:19:27 GMT+0100 (CET);Fri Nov 15 2019 12:19:27 GMT+0100 (CET);1573820367000;0.23;45.67;9.59
1438719252742555;13.9;33.1;Fri Nov 15 2019 13:21:20 GMT+0100 (CET);Fri Nov 15 2019 12:21:20 GMT+0100 (CET);1573820480000;0.22;44.21;9.55
1438719252742555;13.9;33.1;Fri Nov 15 2019 13:23:12 GMT+0100 (CET);Fri Nov 15 2019 12:23:12 GMT+0100 (CET);1573820592000;0.23;44.59;9.53
1438719252742555;13.9;33.2;Fri Nov 15 2019 13:25:05 GMT+0100 (CET);Fri Nov 15 2019 12:25:05 GMT+0100 (CET);1573820705000;0.23;45.09;9.51
1438719252742555;13.9;33.2;Fri Nov 15 2019 13:26:58 GMT+0100 (CET);Fri Nov 15 2019 12:26:58 GMT+0100 (CET);1573820818000;0.23;44.78;9.49
1438719252742555;13.9;33.2;Fri Nov 15 2019 13:28:50 GMT+0100 (CET);Fri Nov 15 2019 12:28:50 GMT+0100 (CET);1573820930000;0.21;42.68;9.48
1438719252742555;13.9;33.1;Fri Nov 15 2019 13:30:43 GMT+0100 (CET);Fri Nov 15 2019 12:30:43 GMT+0100 (CET);1573821043000;0.2;40.5;9.47
1438719252742555;13.9;32.8;Fri Nov 15 2019 13:32:36 GMT+0100 (CET);Fri Nov 15 2019 12:32:36 GMT+0100 (CET);1573821156000;0.19;39.2;9.46
1438719252742555;13.9;32.6;Fri Nov 15 2019 13:34:29 GMT+0100 (CET);Fri Nov 15 2019 12:34:29 GMT+0100 (CET);1573821269000;0.2;39.72;9.44
1438719252742555;13.9;32.8;Fri Nov 15 2019 13:36:22 GMT+0100 (CET);Fri Nov 15 2019 12:36:22 GMT+0100 (CET);1573821382000;0.2;38.53;9.43
1438719252742555;13.9;32.7;Fri Nov 15 2019 13:38:16 GMT+0100 (CET);Fri Nov 15 2019 12:38:16 GMT+0100 (CET);1573821496000;0.18;35.25;9.43
1438719252742555;13.9;32.6;Fri Nov 15 2019 13:40:08 GMT+0100 (CET);Fri Nov 15 2019 12:40:08 GMT+0100 (CET);1573821608000;0.16;32.2;9.43
1438719252742555;13.9;32.1;Fri Nov 15 2019 13:42:01 GMT+0100 (CET);Fri Nov 15 2019 12:42:01 GMT+0100 (CET);1573821721000;0.16;31.36;9.42
1438719252742555;13.9;32.2;Fri Nov 15 2019 13:43:57 GMT+0100 (CET);Fri Nov 15 2019 12:43:57 GMT+0100 (CET);1573821837000;0.16;31.32;9.42
1438719252742555;12.4;32;Fri Nov 15 2019 13:45:50 GMT+0100 (CET);Fri Nov 15 2019 12:45:50 GMT+0100 (CET);1573821950000;0.14;29.24;9.41
1438719252742555;12.4;32;Fri Nov 15 2019 13:47:43 GMT+0100 (CET);Fri Nov 15 2019 12:47:43 GMT+0100 (CET);1573822063000;0.14;28;9.4
1438719252742555;12.4;31.7;Fri Nov 15 2019 13:49:36 GMT+0100 (CET);Fri Nov 15 2019 12:49:36 GMT+0100 (CET);1573822176000;0.14;27.71;9.39
1438719252742555;13.9;32;Fri Nov 15 2019 13:51:45 GMT+0100 (CET);Fri Nov 15 2019 12:51:45 GMT+0100 (CET);1573822305000;0.14;28.52;9.34
1438719252742555;13.9;32.1;Fri Nov 15 2019 13:53:38 GMT+0100 (CET);Fri Nov 15 2019 12:53:38 GMT+0100 (CET);1573822418000;0.15;31.76;9.3
1438719252742555;12.4;32.2;Fri Nov 15 2019 13:55:31 GMT+0100 (CET);Fri Nov 15 2019 12:55:31 GMT+0100 (CET);1573822531000;0.17;34.08;9.23
1438719252742555;12.4;32.5;Fri Nov 15 2019 13:57:24 GMT+0100 (CET);Fri Nov 15 2019 12:57:24 GMT+0100 (CET);1573822644000;0.17;33.74;9.2
1438719252742555;12.4;32.4;Fri Nov 15 2019 13:59:17 GMT+0100 (CET);Fri Nov 15 2019 12:59:17 GMT+0100 (CET);1573822757000;0.16;31.81;9.14
1438719252742555;12.4;32.2;Fri Nov 15 2019 14:01:10 GMT+0100 (CET);Fri Nov 15 2019 13:01:10 GMT+0100 (CET);1573822870000;0.15;30.51;9.13
1438719252742555;12.4;32.2;Fri Nov 15 2019 14:03:03 GMT+0100 (CET);Fri Nov 15 2019 13:03:03 GMT+0100 (CET);1573822983000;0.16;30.05;9.1
1438719252742555;12.4;32;Fri Nov 15 2019 14:04:55 GMT+0100 (CET);Fri Nov 15 2019 13:04:55 GMT+0100 (CET);1573823095000;0.14;28.61;9.07
1438719252742555;12.4;31.8;Fri Nov 15 2019 14:07:03 GMT+0100 (CET);Fri Nov 15 2019 13:07:03 GMT+0100 (CET);1573823223000;0.14;28.36;9.06
1438719252742555;12.4;31.9;Fri Nov 15 2019 14:08:56 GMT+0100 (CET);Fri Nov 15 2019 13:08:56 GMT+0100 (CET);1573823336000;0.13;27.92;9.03
1438719252742555;12.4;31.7;Fri Nov 15 2019 14:10:49 GMT+0100 (CET);Fri Nov 15 2019 13:10:49 GMT+0100 (CET);1573823449000;0.13;26.4;9.01
1438719252742555;12.4;31.7;Fri Nov 15 2019 14:12:43 GMT+0100 (CET);Fri Nov 15 2019 13:12:43 GMT+0100 (CET);1573823563000;0.13;26.42;8.99
1438719252742555;11.9;31.6;Fri Nov 15 2019 14:14:36 GMT+0100 (CET);Fri Nov 15 2019 13:14:36 GMT+0100 (CET);1573823676000;0.14;27.51;8.98
1438719252742555;11.9;31.6;Fri Nov 15 2019 14:16:29 GMT+0100 (CET);Fri Nov 15 2019 13:16:29 GMT+0100 (CET);1573823789000;0.13;27.9;8.96
1438719252742555;11.9;31.6;Fri Nov 15 2019 14:18:21 GMT+0100 (CET);Fri Nov 15 2019 13:18:21 GMT+0100 (CET);1573823901000;0.14;28.6;8.97
1438719252742555;11.9;31.9;Fri Nov 15 2019 14:20:14 GMT+0100 (CET);Fri Nov 15 2019 13:20:14 GMT+0100 (CET);1573824014000;0.15;30.54;8.96
1438719252742555;11.9;31.8;Fri Nov 15 2019 14:22:07 GMT+0100 (CET);Fri Nov 15 2019 13:22:07 GMT+0100 (CET);1573824127000;0.16;33.05;8.96
1438719252742555;11.9;32.1;Fri Nov 15 2019 14:24:01 GMT+0100 (CET);Fri Nov 15 2019 13:24:01 GMT+0100 (CET);1573824241000;0.18;38.06;8.97
1438719252742555;11.9;32.2;Fri Nov 15 2019 14:25:54 GMT+0100 (CET);Fri Nov 15 2019 13:25:54 GMT+0100 (CET);1573824354000;0.21;43.28;8.99
1438719252742555;11.9;32.7;Fri Nov 15 2019 14:27:46 GMT+0100 (CET);Fri Nov 15 2019 13:27:46 GMT+0100 (CET);1573824466000;0.24;49.57;9
1438719252742555;12.4;33.2;Fri Nov 15 2019 14:29:40 GMT+0100 (CET);Fri Nov 15 2019 13:29:40 GMT+0100 (CET);1573824580000;0.27;54.62;9.04
1438719252742555;12.4;33.4;Fri Nov 15 2019 14:31:32 GMT+0100 (CET);Fri Nov 15 2019 13:31:32 GMT+0100 (CET);1573824692000;0.29;59;9.07
1438719252742555;13.9;33.7;Fri Nov 15 2019 14:33:30 GMT+0100 (CET);Fri Nov 15 2019 13:33:30 GMT+0100 (CET);1573824810000;0.34;68.11;9.1
1438719252742555;13.9;33.8;Fri Nov 15 2019 14:35:23 GMT+0100 (CET);Fri Nov 15 2019 13:35:23 GMT+0100 (CET);1573824923000;0.39;79.02;9.17
1438719252742555;13.9;34.2;Fri Nov 15 2019 14:37:15 GMT+0100 (CET);Fri Nov 15 2019 13:37:15 GMT+0100 (CET);1573825035000;0.41;84.97;9.25
1438719252742555;13.4;34.5;Fri Nov 15 2019 14:39:08 GMT+0100 (CET);Fri Nov 15 2019 13:39:08 GMT+0100 (CET);1573825148000;0.43;87.63;9.32
1438719252742555;13.4;34.8;Fri Nov 15 2019 14:41:02 GMT+0100 (CET);Fri Nov 15 2019 13:41:02 GMT+0100 (CET);1573825262000;0.46;94.07;9.45
1438719252742555;13.9;34.8;Fri Nov 15 2019 14:42:54 GMT+0100 (CET);Fri Nov 15 2019 13:42:54 GMT+0100 (CET);1573825374000;0.47;95.92;9.55
1438719252742555;13.9;34.7;Fri Nov 15 2019 14:44:47 GMT+0100 (CET);Fri Nov 15 2019 13:44:47 GMT+0100 (CET);1573825487000;0.41;85.09;9.64
1438719252742555;13.9;34.5;Fri Nov 15 2019 14:46:40 GMT+0100 (CET);Fri Nov 15 2019 13:46:40 GMT+0100 (CET);1573825600000;0.33;69.7;9.71
1438719252742555;14.9;34.3;Fri Nov 15 2019 14:48:33 GMT+0100 (CET);Fri Nov 15 2019 13:48:33 GMT+0100 (CET);1573825713000;0.28;58.02;9.74
1438719252742555;14.9;34.1;Fri Nov 15 2019 14:50:25 GMT+0100 (CET);Fri Nov 15 2019 13:50:25 GMT+0100 (CET);1573825825000;0.22;48.67;9.76
1438719252742555;14.4;33.9;Fri Nov 15 2019 14:52:15 GMT+0100 (CET);Fri Nov 15 2019 13:52:15 GMT+0100 (CET);1573825935000;0.17;37.72;9.74
1438719252742555;14.4;33.8;Fri Nov 15 2019 14:54:08 GMT+0100 (CET);Fri Nov 15 2019 13:54:08 GMT+0100 (CET);1573826048000;0.12;29;9.71
1438719252742555;14.4;32.1;Fri Nov 15 2019 14:56:02 GMT+0100 (CET);Fri Nov 15 2019 13:56:02 GMT+0100 (CET);1573826162000;0.11;25.06;9.66
1438719252742555;13.9;30.5;Fri Nov 15 2019 14:57:56 GMT+0100 (CET);Fri Nov 15 2019 13:57:56 GMT+0100 (CET);1573826276000;0.12;26.45;9.55
1438719252742555;13.9;30.8;Fri Nov 15 2019 14:59:50 GMT+0100 (CET);Fri Nov 15 2019 13:59:50 GMT+0100 (CET);1573826390000;0.13;28.5;9.46
1438719252742555;12.4;31;Fri Nov 15 2019 15:01:43 GMT+0100 (CET);Fri Nov 15 2019 14:01:43 GMT+0100 (CET);1573826503000;0.13;29.82;9.39
1438719252742555;12.4;31.3;Fri Nov 15 2019 15:03:36 GMT+0100 (CET);Fri Nov 15 2019 14:03:36 GMT+0100 (CET);1573826616000;0.14;30.74;9.32
1438719252742555;12.4;31.1;Fri Nov 15 2019 15:05:30 GMT+0100 (CET);Fri Nov 15 2019 14:05:30 GMT+0100 (CET);1573826730000;0.16;34.52;9.29
1438719252742555;12.4;31.3;Fri Nov 15 2019 15:07:23 GMT+0100 (CET);Fri Nov 15 2019 14:07:23 GMT+0100 (CET);1573826843000;0.18;39.27;9.28
1438719252742555;12.4;32.4;Fri Nov 15 2019 15:09:16 GMT+0100 (CET);Fri Nov 15 2019 14:09:16 GMT+0100 (CET);1573826956000;0.18;39.34;9.28
1438719252742555;12.4;32.1;Fri Nov 15 2019 15:11:09 GMT+0100 (CET);Fri Nov 15 2019 14:11:09 GMT+0100 (CET);1573827069000;0.18;40.76;9.28
1438719252742555;12.4;32;Fri Nov 15 2019 15:13:02 GMT+0100 (CET);Fri Nov 15 2019 14:13:02 GMT+0100 (CET);1573827182000;0.22;46.48;9.29
1438719252742555;13.9;32.9;Fri Nov 15 2019 15:14:54 GMT+0100 (CET);Fri Nov 15 2019 14:14:54 GMT+0100 (CET);1573827294000;0.22;48.66;9.28
1438719252742555;13.9;32.8;Fri Nov 15 2019 15:16:47 GMT+0100 (CET);Fri Nov 15 2019 14:16:47 GMT+0100 (CET);1573827407000;0.22;47.22;9.29
1438719252742555;13.9;32.7;Fri Nov 15 2019 15:18:39 GMT+0100 (CET);Fri Nov 15 2019 14:18:39 GMT+0100 (CET);1573827519000;0.2;44.3;9.28
1438719252742555;13.9;32.5;Fri Nov 15 2019 15:20:33 GMT+0100 (CET);Fri Nov 15 2019 14:20:33 GMT+0100 (CET);1573827633000;0.2;44.74;9.25
1438719252742555;13.9;32.5;Fri Nov 15 2019 15:22:26 GMT+0100 (CET);Fri Nov 15 2019 14:22:26 GMT+0100 (CET);1573827746000;0.19;41.43;9.24
1438719252742555;13.9;32.3;Fri Nov 15 2019 15:24:35 GMT+0100 (CET);Fri Nov 15 2019 14:24:35 GMT+0100 (CET);1573827875000;0.17;38.54;9.18
1438719252742555;12.4;32.1;Fri Nov 15 2019 15:26:29 GMT+0100 (CET);Fri Nov 15 2019 14:26:29 GMT+0100 (CET);1573827989000;0.17;38.83;9.11
1438719252742555;12.4;32.8;Fri Nov 15 2019 15:28:22 GMT+0100 (CET);Fri Nov 15 2019 14:28:22 GMT+0100 (CET);1573828102000;0.2;44.03;9.04
1438719252742555;12.4;33;Fri Nov 15 2019 15:30:14 GMT+0100 (CET);Fri Nov 15 2019 14:30:14 GMT+0100 (CET);1573828214000;0.23;49.83;9
1438719252742555;12.4;33.2;Fri Nov 15 2019 15:32:09 GMT+0100 (CET);Fri Nov 15 2019 14:32:09 GMT+0100 (CET);1573828329000;0.23;50.19;8.97
1438719252742555;12.4;33.3;Fri Nov 15 2019 15:34:01 GMT+0100 (CET);Fri Nov 15 2019 14:34:01 GMT+0100 (CET);1573828441000;0.21;45.97;8.97
1438719252742555;12.4;33.1;Fri Nov 15 2019 15:35:54 GMT+0100 (CET);Fri Nov 15 2019 14:35:54 GMT+0100 (CET);1573828554000;0.2;44.18;8.98
1438719252742555;12.4;33;Fri Nov 15 2019 15:37:47 GMT+0100 (CET);Fri Nov 15 2019 14:37:47 GMT+0100 (CET);1573828667000;0.19;41.84;9
1438719252742555;12.4;33;Fri Nov 15 2019 15:39:40 GMT+0100 (CET);Fri Nov 15 2019 14:39:40 GMT+0100 (CET);1573828780000;0.18;39.88;8.99
1438719252742555;12.4;33;Fri Nov 15 2019 15:41:32 GMT+0100 (CET);Fri Nov 15 2019 14:41:32 GMT+0100 (CET);1573828892000;0.16;35.92;8.97
1438719252742555;12.4;32.8;Fri Nov 15 2019 15:43:25 GMT+0100 (CET);Fri Nov 15 2019 14:43:25 GMT+0100 (CET);1573829005000;0.13;28.93;8.97
1438719252742555;13.9;32.7;Fri Nov 15 2019 15:45:18 GMT+0100 (CET);Fri Nov 15 2019 14:45:18 GMT+0100 (CET);1573829118000;0.1;23.19;8.96
1438719252742555;13.9;32.4;Fri Nov 15 2019 15:47:11 GMT+0100 (CET);Fri Nov 15 2019 14:47:11 GMT+0100 (CET);1573829231000;0.08;18.35;8.92
1438719252742555;11.9;31;Fri Nov 15 2019 15:49:04 GMT+0100 (CET);Fri Nov 15 2019 14:49:04 GMT+0100 (CET);1573829344000;0.07;16.53;8.85
1438719252742555;11.9;30.4;Fri Nov 15 2019 15:50:59 GMT+0100 (CET);Fri Nov 15 2019 14:50:59 GMT+0100 (CET);1573829459000;0.06;14.16;8.78
1438719252742555;11.9;29.4;Fri Nov 15 2019 15:52:54 GMT+0100 (CET);Fri Nov 15 2019 14:52:54 GMT+0100 (CET);1573829574000;0;12.89;8.73
1438719252742555;11.9;28.6;Fri Nov 15 2019 15:54:46 GMT+0100 (CET);Fri Nov 15 2019 14:54:46 GMT+0100 (CET);1573829686000;0.06;12.27;8.7
1438719252742555;11.9;28.2;Fri Nov 15 2019 15:56:39 GMT+0100 (CET);Fri Nov 15 2019 14:56:39 GMT+0100 (CET);1573829799000;0;11.54;8.63
1438719252742555;11.9;28.5;Fri Nov 15 2019 15:58:32 GMT+0100 (CET);Fri Nov 15 2019 14:58:32 GMT+0100 (CET);1573829912000;0;11.14;8.58
1438719252742555;11.9;28.5;Fri Nov 15 2019 16:00:24 GMT+0100 (CET);Fri Nov 15 2019 15:00:24 GMT+0100 (CET);1573830024000;0;11.28;8.56
1438719252742555;11.9;27.9;Fri Nov 15 2019 16:02:18 GMT+0100 (CET);Fri Nov 15 2019 15:02:18 GMT+0100 (CET);1573830138000;0;11.25;8.52
1438719252742555;11.9;27.8;Fri Nov 15 2019 16:04:11 GMT+0100 (CET);Fri Nov 15 2019 15:04:11 GMT+0100 (CET);1573830251000;0;10.52;8.51
1438719252742555;11.9;28.1;Fri Nov 15 2019 16:06:04 GMT+0100 (CET);Fri Nov 15 2019 15:06:04 GMT+0100 (CET);1573830364000;0;9.01;8.5
1438719252742555;9.9;27.7;Fri Nov 15 2019 16:07:59 GMT+0100 (CET);Fri Nov 15 2019 15:07:59 GMT+0100 (CET);1573830479000;0;6.52;8.5
1438719252742555;9.9;33.1;Fri Nov 15 2019 16:09:52 GMT+0100 (CET);Fri Nov 15 2019 15:09:52 GMT+0100 (CET);1573830592000;0;4.77;8.48
1438719252742555;9.9;31.9;Fri Nov 15 2019 16:11:45 GMT+0100 (CET);Fri Nov 15 2019 15:11:45 GMT+0100 (CET);1573830705000;0;4.37;8.47
1438719252742555;11.9;30.6;Fri Nov 15 2019 16:13:37 GMT+0100 (CET);Fri Nov 15 2019 15:13:37 GMT+0100 (CET);1573830817000;0;3.73;8.45
1438719252742555;11.9;29.1;Fri Nov 15 2019 16:15:30 GMT+0100 (CET);Fri Nov 15 2019 15:15:30 GMT+0100 (CET);1573830930000;0;3.21;8.44
1438719252742555;9.9;26;Fri Nov 15 2019 16:17:23 GMT+0100 (CET);Fri Nov 15 2019 15:17:23 GMT+0100 (CET);1573831043000;0;2.49;8.42
1438719252742555;9.9;20.4;Fri Nov 15 2019 16:19:15 GMT+0100 (CET);Fri Nov 15 2019 15:19:15 GMT+0100 (CET);1573831155000;0;1.63;8.4
1438719252742555;9.9;20.4;Fri Nov 15 2019 16:21:08 GMT+0100 (CET);Fri Nov 15 2019 15:21:08 GMT+0100 (CET);1573831268000;0;1.26;8.38
1438719252742555;9.9;20.4;Fri Nov 15 2019 16:23:01 GMT+0100 (CET);Fri Nov 15 2019 15:23:01 GMT+0100 (CET);1573831381000;0;0.97;8.35
1438719252742555;6.4;29.8;Sat Nov 16 2019 07:41:58 GMT+0100 (CET);Sat Nov 16 2019 06:41:58 GMT+0100 (CET);1573886518000;0;12.62;4.12
1438719252742555;6.4;29.3;Sat Nov 16 2019 07:43:51 GMT+0100 (CET);Sat Nov 16 2019 06:43:51 GMT+0100 (CET);1573886631000;0.06;14.05;4.13
1438719252742555;6.4;29.8;Sat Nov 16 2019 07:45:43 GMT+0100 (CET);Sat Nov 16 2019 06:45:43 GMT+0100 (CET);1573886743000;0.06;14.1;4.19
1438719252742555;5.9;29.8;Sat Nov 16 2019 07:47:36 GMT+0100 (CET);Sat Nov 16 2019 06:47:36 GMT+0100 (CET);1573886856000;0;11.98;4.25
1438719252742555;5.9;29.2;Sat Nov 16 2019 07:49:29 GMT+0100 (CET);Sat Nov 16 2019 06:49:29 GMT+0100 (CET);1573886969000;0;11.43;4.32
1438719252742555;5.9;28.6;Sat Nov 16 2019 07:51:23 GMT+0100 (CET);Sat Nov 16 2019 06:51:23 GMT+0100 (CET);1573887083000;0;11.57;4.39
1438719252742555;5.9;29;Sat Nov 16 2019 07:53:15 GMT+0100 (CET);Sat Nov 16 2019 06:53:15 GMT+0100 (CET);1573887195000;0;12.04;4.43
1438719252742555;5.9;28.8;Sat Nov 16 2019 07:55:08 GMT+0100 (CET);Sat Nov 16 2019 06:55:08 GMT+0100 (CET);1573887308000;0;12.25;4.48
1438719252742555;5.9;29.2;Sat Nov 16 2019 07:57:02 GMT+0100 (CET);Sat Nov 16 2019 06:57:02 GMT+0100 (CET);1573887422000;0.06;14.09;4.51
1438719252742555;5.9;29.4;Sat Nov 16 2019 07:58:55 GMT+0100 (CET);Sat Nov 16 2019 06:58:55 GMT+0100 (CET);1573887535000;0.07;16;4.53
1438719252742555;6.4;29.7;Sat Nov 16 2019 08:00:48 GMT+0100 (CET);Sat Nov 16 2019 07:00:48 GMT+0100 (CET);1573887648000;0.08;19.08;4.56
1438719252742555;6.4;30.8;Sat Nov 16 2019 08:02:43 GMT+0100 (CET);Sat Nov 16 2019 07:02:43 GMT+0100 (CET);1573887763000;0.09;22.11;4.57
1438719252742555;6.4;31.2;Sat Nov 16 2019 08:04:43 GMT+0100 (CET);Sat Nov 16 2019 07:04:43 GMT+0100 (CET);1573887883000;0.12;26.42;4.58
1438719252742555;7.9;32;Sat Nov 16 2019 08:06:35 GMT+0100 (CET);Sat Nov 16 2019 07:06:35 GMT+0100 (CET);1573887995000;0.12;27.76;4.56
1438719252742555;7.9;32;Sat Nov 16 2019 08:08:28 GMT+0100 (CET);Sat Nov 16 2019 07:08:28 GMT+0100 (CET);1573888108000;0.13;30.07;4.51
1438719252742555;7.9;32.2;Sat Nov 16 2019 08:10:23 GMT+0100 (CET);Sat Nov 16 2019 07:10:23 GMT+0100 (CET);1573888223000;0.14;31.46;4.42
1438719252742555;7.9;32.3;Sat Nov 16 2019 08:12:17 GMT+0100 (CET);Sat Nov 16 2019 07:12:17 GMT+0100 (CET);1573888337000;0.15;32.65;4.31
1438719252742555;7.9;31;Sat Nov 16 2019 08:14:14 GMT+0100 (CET);Sat Nov 16 2019 07:14:14 GMT+0100 (CET);1573888454000;0.15;36.89;4.21
1438719252742555;7.9;30.5;Sat Nov 16 2019 08:16:09 GMT+0100 (CET);Sat Nov 16 2019 07:16:09 GMT+0100 (CET);1573888569000;0.15;39.47;4.12
1438719252742555;7.9;28.5;Sat Nov 16 2019 08:18:21 GMT+0100 (CET);Sat Nov 16 2019 07:18:21 GMT+0100 (CET);1573888701000;0.17;54.17;4.07
1438719252742555;7.9;28.5;Sat Nov 16 2019 08:20:14 GMT+0100 (CET);Sat Nov 16 2019 07:20:14 GMT+0100 (CET);1573888814000;0.18;53.26;4.06
1438719252742555;7.9;21.8;Sat Nov 16 2019 08:22:20 GMT+0100 (CET);Sat Nov 16 2019 07:22:20 GMT+0100 (CET);1573888940000;0.22;63.91;4.09
1438719252742555;7.9;22.7;Sat Nov 16 2019 08:24:14 GMT+0100 (CET);Sat Nov 16 2019 07:24:14 GMT+0100 (CET);1573889054000;0.25;142.88;4.14
1438719252742555;7.9;22.7;Sat Nov 16 2019 08:26:07 GMT+0100 (CET);Sat Nov 16 2019 07:26:07 GMT+0100 (CET);1573889167000;0.24;182.89;4.47
1438719252742555;7.9;23.8;Sat Nov 16 2019 08:28:00 GMT+0100 (CET);Sat Nov 16 2019 07:28:00 GMT+0100 (CET);1573889280000;0.25;193.51;4.81
1438719252742555;7.9;24;Sat Nov 16 2019 08:29:53 GMT+0100 (CET);Sat Nov 16 2019 07:29:53 GMT+0100 (CET);1573889393000;0.28;226.4;5.11
1438719252742555;7.9;24.6;Sat Nov 16 2019 08:31:45 GMT+0100 (CET);Sat Nov 16 2019 07:31:45 GMT+0100 (CET);1573889505000;0.29;230.16;5.44
1438719252742555;7.9;24.4;Sat Nov 16 2019 08:33:38 GMT+0100 (CET);Sat Nov 16 2019 07:33:38 GMT+0100 (CET);1573889618000;0.3;239.81;5.85
1438719252742555;7.9;24.4;Sat Nov 16 2019 08:35:32 GMT+0100 (CET);Sat Nov 16 2019 07:35:32 GMT+0100 (CET);1573889732000;0.35;245.35;6.25
1438719252742555;7.9;24.4;Sat Nov 16 2019 08:37:31 GMT+0100 (CET);Sat Nov 16 2019 07:37:31 GMT+0100 (CET);1573889851000;0.37;259.85;6.6
1438719252742555;8.4;32.3;Sat Nov 16 2019 09:00:26 GMT+0100 (CET);Sat Nov 16 2019 08:00:26 GMT+0100 (CET);1573891226000;0.7;220.35;7.67
1438719252742555;8.4;36.2;Sat Nov 16 2019 09:02:20 GMT+0100 (CET);Sat Nov 16 2019 08:02:20 GMT+0100 (CET);1573891340000;0.72;170.28;7.61
1438719252742555;13.9;36.2;Sat Nov 16 2019 09:04:28 GMT+0100 (CET);Sat Nov 16 2019 08:04:28 GMT+0100 (CET);1573891468000;0.71;173.1;7.45
1438719252742555;13.9;27.4;Sat Nov 16 2019 09:06:23 GMT+0100 (CET);Sat Nov 16 2019 08:06:23 GMT+0100 (CET);1573891583000;1.88;337.91;7.59
1438719252742555;10.4;33.8;Sat Nov 16 2019 09:08:58 GMT+0100 (CET);Sat Nov 16 2019 08:08:58 GMT+0100 (CET);1573891738000;0.71;161.77;7.66
1438719252742555;10.4;35.6;Sat Nov 16 2019 09:10:52 GMT+0100 (CET);Sat Nov 16 2019 08:10:52 GMT+0100 (CET);1573891852000;0.65;150.34;7.6
1438719252742555;10.4;35.8;Sat Nov 16 2019 09:12:46 GMT+0100 (CET);Sat Nov 16 2019 08:12:46 GMT+0100 (CET);1573891966000;0.59;133.28;7.47
1438719252742555;13.9;35.4;Sat Nov 16 2019 09:14:40 GMT+0100 (CET);Sat Nov 16 2019 08:14:40 GMT+0100 (CET);1573892080000;0.58;128.69;7.35
1438719252742555;13.9;35.6;Sat Nov 16 2019 09:16:34 GMT+0100 (CET);Sat Nov 16 2019 08:16:34 GMT+0100 (CET);1573892194000;0.62;141.78;7.25
1438719252742555;13.9;35.7;Sat Nov 16 2019 09:18:27 GMT+0100 (CET);Sat Nov 16 2019 08:18:27 GMT+0100 (CET);1573892307000;0.57;159.54;7.17
1438719252742555;13.9;32.3;Sat Nov 16 2019 09:20:29 GMT+0100 (CET);Sat Nov 16 2019 08:20:29 GMT+0100 (CET);1573892429000;0.57;193.2;7.14
1438719252742555;13.9;23.5;Sat Nov 16 2019 09:22:36 GMT+0100 (CET);Sat Nov 16 2019 08:22:36 GMT+0100 (CET);1573892556000;1.24;257.08;7.26
1438719252742555;11.9;23.8;Sat Nov 16 2019 09:24:30 GMT+0100 (CET);Sat Nov 16 2019 08:24:30 GMT+0100 (CET);1573892670000;1.95;412.15;7.53
1438719252742555;11.9;23.6;Sat Nov 16 2019 09:26:24 GMT+0100 (CET);Sat Nov 16 2019 08:26:24 GMT+0100 (CET);1573892784000;1.88;378.87;8.01
1438719252742555;10.4;23.3;Sat Nov 16 2019 09:28:16 GMT+0100 (CET);Sat Nov 16 2019 08:28:16 GMT+0100 (CET);1573892896000;2.31;486.39;8.42
1438719252742555;10.4;23.2;Sat Nov 16 2019 09:30:09 GMT+0100 (CET);Sat Nov 16 2019 08:30:09 GMT+0100 (CET);1573893009000;2.07;437.75;9.05
1438719252742555;11.9;23.2;Sat Nov 16 2019 09:32:02 GMT+0100 (CET);Sat Nov 16 2019 08:32:02 GMT+0100 (CET);1573893122000;1.25;216.06;9.25
1438719252742555;11.9;23.3;Sat Nov 16 2019 09:33:55 GMT+0100 (CET);Sat Nov 16 2019 08:33:55 GMT+0100 (CET);1573893235000;2.55;535.03;9.49
1438719252742555;12.4;23.2;Sat Nov 16 2019 09:35:47 GMT+0100 (CET);Sat Nov 16 2019 08:35:47 GMT+0100 (CET);1573893347000;1.8;255.7;9.92
1438719252742555;12.4;22.8;Sat Nov 16 2019 09:37:40 GMT+0100 (CET);Sat Nov 16 2019 08:37:40 GMT+0100 (CET);1573893460000;2.3;230.71;10.01
1438719252742555;12.4;24.5;Sat Nov 16 2019 09:39:38 GMT+0100 (CET);Sat Nov 16 2019 08:39:38 GMT+0100 (CET);1573893578000;0.67;162.73;9.81
1438719252742555;12.4;35;Sat Nov 16 2019 09:41:31 GMT+0100 (CET);Sat Nov 16 2019 08:41:31 GMT+0100 (CET);1573893691000;0.62;163.47;9.37
1438719252742555;16.4;29.2;Sat Nov 16 2019 09:43:26 GMT+0100 (CET);Sat Nov 16 2019 08:43:26 GMT+0100 (CET);1573893806000;0.64;162.32;9.03
1438719252742555;16.4;26;Sat Nov 16 2019 09:45:18 GMT+0100 (CET);Sat Nov 16 2019 08:45:18 GMT+0100 (CET);1573893918000;2.12;524.79;8.9
1438719252742555;16.4;24.8;Sat Nov 16 2019 09:47:11 GMT+0100 (CET);Sat Nov 16 2019 08:47:11 GMT+0100 (CET);1573894031000;2.32;473.59;9.29
1438719252742555;16.4;24.3;Sat Nov 16 2019 09:49:07 GMT+0100 (CET);Sat Nov 16 2019 08:49:07 GMT+0100 (CET);1573894147000;2.06;460.79;9.56
1438719252742555;16.4;24.3;Sat Nov 16 2019 09:50:53 GMT+0100 (CET);Sat Nov 16 2019 08:50:53 GMT+0100 (CET);1573894253000;2.32;506.87;9.85
1438719252742555;14.4;23.9;Sat Nov 16 2019 09:52:46 GMT+0100 (CET);Sat Nov 16 2019 08:52:46 GMT+0100 (CET);1573894366000;2.24;471.03;10.17
1438719252742555;14.4;25.1;Sat Nov 16 2019 09:55:05 GMT+0100 (CET);Sat Nov 16 2019 08:55:05 GMT+0100 (CET);1573894505000;2.59;552.95;10.6
1438719252742555;14.4;33.9;Sat Nov 16 2019 09:57:00 GMT+0100 (CET);Sat Nov 16 2019 08:57:00 GMT+0100 (CET);1573894620000;2.69;573.43;11.08
1438719252742555;16.4;33.9;Sat Nov 16 2019 09:58:54 GMT+0100 (CET);Sat Nov 16 2019 08:58:54 GMT+0100 (CET);1573894734000;2.59;575.99;11.42
1438719252742555;16.4;34.1;Sat Nov 16 2019 10:00:48 GMT+0100 (CET);Sat Nov 16 2019 09:00:48 GMT+0100 (CET);1573894848000;2.53;537.59;11.73
1438719252742555;20.5;31.3;Sat Nov 16 2019 10:02:41 GMT+0100 (CET);Sat Nov 16 2019 09:02:41 GMT+0100 (CET);1573894961000;1.92;386.55;12.01
1438719252742555;20.5;31.8;Sat Nov 16 2019 10:05:07 GMT+0100 (CET);Sat Nov 16 2019 09:05:07 GMT+0100 (CET);1573895107000;0.86;200.13;11.45
1438719252742555;22;34.9;Sat Nov 16 2019 10:07:01 GMT+0100 (CET);Sat Nov 16 2019 09:07:01 GMT+0100 (CET);1573895221000;0.99;219.8;11.09
1438719252742555;22;35.2;Sat Nov 16 2019 10:08:54 GMT+0100 (CET);Sat Nov 16 2019 09:08:54 GMT+0100 (CET);1573895334000;2.21;478.71;10.8
1438719252742555;22;36.6;Sat Nov 16 2019 10:10:47 GMT+0100 (CET);Sat Nov 16 2019 09:10:47 GMT+0100 (CET);1573895447000;1.46;319.06;10.67
1438719252742555;22;36.2;Sat Nov 16 2019 10:12:42 GMT+0100 (CET);Sat Nov 16 2019 09:12:42 GMT+0100 (CET);1573895562000;2.01;419.83;10.78
1438719252742555;22;36.4;Sat Nov 16 2019 10:14:35 GMT+0100 (CET);Sat Nov 16 2019 09:14:35 GMT+0100 (CET);1573895675000;2.83;637.43;10.97
1438719252742555;22;29.5;Sat Nov 16 2019 10:16:27 GMT+0100 (CET);Sat Nov 16 2019 09:16:27 GMT+0100 (CET);1573895787000;1.22;299.9;11.21
1438719252742555;22;34.5;Sat Nov 16 2019 10:18:27 GMT+0100 (CET);Sat Nov 16 2019 09:18:27 GMT+0100 (CET);1573895907000;0.88;204.04;11.16
1438719252742555;22;34.3;Sat Nov 16 2019 10:20:22 GMT+0100 (CET);Sat Nov 16 2019 09:20:22 GMT+0100 (CET);1573896022000;0.63;139.04;10.9
1438719252742555;22;33.9;Sat Nov 16 2019 10:22:17 GMT+0100 (CET);Sat Nov 16 2019 09:22:17 GMT+0100 (CET);1573896137000;0.55;121.99;10.6
1438719252742555;22;33.9;Sat Nov 16 2019 10:24:10 GMT+0100 (CET);Sat Nov 16 2019 09:24:10 GMT+0100 (CET);1573896250000;0.49;107.89;10.17
1438719252742555;20.5;33.8;Sat Nov 16 2019 10:26:18 GMT+0100 (CET);Sat Nov 16 2019 09:26:18 GMT+0100 (CET);1573896378000;0.49;107.86;9.75
1438719252742555;20.5;34;Sat Nov 16 2019 10:28:10 GMT+0100 (CET);Sat Nov 16 2019 09:28:10 GMT+0100 (CET);1573896490000;0.5;108.68;9.46
1438719252742555;20.5;34;Sat Nov 16 2019 10:30:04 GMT+0100 (CET);Sat Nov 16 2019 09:30:04 GMT+0100 (CET);1573896604000;0.49;105.36;9.13
1438719252742555;17.4;34.1;Sat Nov 16 2019 10:31:59 GMT+0100 (CET);Sat Nov 16 2019 09:31:59 GMT+0100 (CET);1573896719000;0.5;107.15;8.9
1438719252742555;17.4;34.1;Sat Nov 16 2019 10:34:08 GMT+0100 (CET);Sat Nov 16 2019 09:34:08 GMT+0100 (CET);1573896848000;0.51;111.63;8.71
1438719252742555;17.4;34.5;Sat Nov 16 2019 10:36:03 GMT+0100 (CET);Sat Nov 16 2019 09:36:03 GMT+0100 (CET);1573896963000;0.53;114.03;8.49
1438719252742555;17.4;34.5;Sat Nov 16 2019 10:37:57 GMT+0100 (CET);Sat Nov 16 2019 09:37:57 GMT+0100 (CET);1573897077000;0.54;116.99;8.38
1438719252742555;17.4;34.8;Sat Nov 16 2019 10:39:52 GMT+0100 (CET);Sat Nov 16 2019 09:39:52 GMT+0100 (CET);1573897192000;0.6;132.6;8.35
1438719252742555;16.4;35.2;Sat Nov 16 2019 10:41:56 GMT+0100 (CET);Sat Nov 16 2019 09:41:56 GMT+0100 (CET);1573897316000;0.7;150.87;8.35
1438719252742555;16.4;35.3;Sat Nov 16 2019 10:43:49 GMT+0100 (CET);Sat Nov 16 2019 09:43:49 GMT+0100 (CET);1573897429000;0.7;146.53;8.35
1438719252742555;16.4;35.3;Sat Nov 16 2019 10:45:42 GMT+0100 (CET);Sat Nov 16 2019 09:45:42 GMT+0100 (CET);1573897542000;0.68;144.26;8.35
1438719252742555;16.4;35.2;Sat Nov 16 2019 10:47:40 GMT+0100 (CET);Sat Nov 16 2019 09:47:40 GMT+0100 (CET);1573897660000;0.6;127.14;8.28
1438719252742555;16.4;34.9;Sat Nov 16 2019 10:49:41 GMT+0100 (CET);Sat Nov 16 2019 09:49:41 GMT+0100 (CET);1573897781000;0.57;120.8;8.21
1438719252742555;16.4;35;Sat Nov 16 2019 10:51:33 GMT+0100 (CET);Sat Nov 16 2019 09:51:33 GMT+0100 (CET);1573897893000;0.57;122.38;8.21
1438719252742555;16.4;35;Sat Nov 16 2019 10:53:27 GMT+0100 (CET);Sat Nov 16 2019 09:53:27 GMT+0100 (CET);1573898007000;0.54;117.82;8.22
1438719252742555;15.9;35.1;Sat Nov 16 2019 10:55:10 GMT+0100 (CET);Sat Nov 16 2019 09:55:10 GMT+0100 (CET);1573898110000;0.58;125.36;8.21
1438719252742555;15.9;34.9;Sat Nov 16 2019 10:57:11 GMT+0100 (CET);Sat Nov 16 2019 09:57:11 GMT+0100 (CET);1573898231000;0.64;141.35;8.2
1438719252742555;15.9;35;Sat Nov 16 2019 10:59:04 GMT+0100 (CET);Sat Nov 16 2019 09:59:04 GMT+0100 (CET);1573898344000;0.68;149.26;8.24
1438719252742555;15.9;35.8;Sat Nov 16 2019 11:00:57 GMT+0100 (CET);Sat Nov 16 2019 10:00:57 GMT+0100 (CET);1573898457000;0.68;147.78;8.34
1438719252742555;15.9;35.3;Sat Nov 16 2019 11:02:50 GMT+0100 (CET);Sat Nov 16 2019 10:02:50 GMT+0100 (CET);1573898570000;0.69;151.68;8.39
1438719252742555;16.4;35.4;Sat Nov 16 2019 11:04:43 GMT+0100 (CET);Sat Nov 16 2019 10:04:43 GMT+0100 (CET);1573898683000;0.83;184.2;8.46
1438719252742555;16.4;35.8;Sat Nov 16 2019 11:06:36 GMT+0100 (CET);Sat Nov 16 2019 10:06:36 GMT+0100 (CET);1573898796000;1;216.84;8.5
1438719252742555;16.4;35.9;Sat Nov 16 2019 11:08:41 GMT+0100 (CET);Sat Nov 16 2019 10:08:41 GMT+0100 (CET);1573898921000;0.98;215.48;8.62
1438719252742555;16.4;35.9;Sat Nov 16 2019 11:10:34 GMT+0100 (CET);Sat Nov 16 2019 10:10:34 GMT+0100 (CET);1573899034000;0.98;218.09;8.73
1438719252742555;16.4;35.8;Sat Nov 16 2019 11:12:29 GMT+0100 (CET);Sat Nov 16 2019 10:12:29 GMT+0100 (CET);1573899149000;1;222.19;8.89
1438719252742555;16.4;35.9;Sat Nov 16 2019 11:14:22 GMT+0100 (CET);Sat Nov 16 2019 10:14:22 GMT+0100 (CET);1573899262000;1.22;265.15;9.14
1438719252742555;16.4;36;Sat Nov 16 2019 11:16:18 GMT+0100 (CET);Sat Nov 16 2019 10:16:18 GMT+0100 (CET);1573899378000;1.25;271.95;9.39
1438719252742555;16.4;35.8;Sat Nov 16 2019 11:18:13 GMT+0100 (CET);Sat Nov 16 2019 10:18:13 GMT+0100 (CET);1573899493000;1.24;263.24;9.54
1438719252742555;17.4;35.5;Sat Nov 16 2019 11:20:12 GMT+0100 (CET);Sat Nov 16 2019 10:20:12 GMT+0100 (CET);1573899612000;1.08;224.59;9.69
1438719252742555;17.4;35.4;Sat Nov 16 2019 11:22:11 GMT+0100 (CET);Sat Nov 16 2019 10:22:11 GMT+0100 (CET);1573899731000;0.86;179.43;9.69
1438719252742555;17.4;34.9;Sat Nov 16 2019 11:24:04 GMT+0100 (CET);Sat Nov 16 2019 10:24:04 GMT+0100 (CET);1573899844000;0.75;160.33;9.6
1438719252742555;17.4;34.8;Sat Nov 16 2019 11:25:58 GMT+0100 (CET);Sat Nov 16 2019 10:25:58 GMT+0100 (CET);1573899958000;0.66;139.65;9.48
1438719252742555;17.4;34.5;Sat Nov 16 2019 11:27:52 GMT+0100 (CET);Sat Nov 16 2019 10:27:52 GMT+0100 (CET);1573900072000;0.59;123.9;9.45
1438719252742555;17.4;34;Sat Nov 16 2019 11:29:45 GMT+0100 (CET);Sat Nov 16 2019 10:29:45 GMT+0100 (CET);1573900185000;0.5;111.65;9.34
1438719252742555;17.4;34.6;Sat Nov 16 2019 11:31:38 GMT+0100 (CET);Sat Nov 16 2019 10:31:38 GMT+0100 (CET);1573900298000;0.63;139.77;9.2
1438719252742555;17.4;35;Sat Nov 16 2019 11:33:32 GMT+0100 (CET);Sat Nov 16 2019 10:33:32 GMT+0100 (CET);1573900412000;0.72;159.58;9.09
1438719252742555;17.4;35.2;Sat Nov 16 2019 11:35:25 GMT+0100 (CET);Sat Nov 16 2019 10:35:25 GMT+0100 (CET);1573900525000;0.72;161.49;9.05
1438719252742555;16.4;35.4;Sat Nov 16 2019 11:37:27 GMT+0100 (CET);Sat Nov 16 2019 10:37:27 GMT+0100 (CET);1573900647000;0.59;125.12;9.07
1438719252742555;16.4;33.9;Sat Nov 16 2019 11:39:34 GMT+0100 (CET);Sat Nov 16 2019 10:39:34 GMT+0100 (CET);1573900774000;0.41;98.26;9.03
1438719252742555;16.4;34.4;Sat Nov 16 2019 11:41:26 GMT+0100 (CET);Sat Nov 16 2019 10:41:26 GMT+0100 (CET);1573900886000;0.61;136.1;8.94
1438719252742555;16.4;35.3;Sat Nov 16 2019 11:43:19 GMT+0100 (CET);Sat Nov 16 2019 10:43:19 GMT+0100 (CET);1573900999000;0.69;150.38;8.96
1438719252742555;16.4;35.3;Sat Nov 16 2019 11:45:13 GMT+0100 (CET);Sat Nov 16 2019 10:45:13 GMT+0100 (CET);1573901113000;0.69;148.82;9.01
1438719252742555;16.4;35.2;Sat Nov 16 2019 11:47:06 GMT+0100 (CET);Sat Nov 16 2019 10:47:06 GMT+0100 (CET);1573901226000;0.61;134.91;8.99
1438719252742555;16.4;35;Sat Nov 16 2019 11:48:59 GMT+0100 (CET);Sat Nov 16 2019 10:48:59 GMT+0100 (CET);1573901339000;0.66;147.86;9.02
1438719252742555;16.4;35.4;Sat Nov 16 2019 11:51:22 GMT+0100 (CET);Sat Nov 16 2019 10:51:22 GMT+0100 (CET);1573901482000;0.96;215.48;9.1
1438719252742555;16.4;36.2;Sat Nov 16 2019 11:53:15 GMT+0100 (CET);Sat Nov 16 2019 10:53:15 GMT+0100 (CET);1573901595000;0.96;214.85;9.22
1438719252742555;16.4;36;Sat Nov 16 2019 11:55:08 GMT+0100 (CET);Sat Nov 16 2019 10:55:08 GMT+0100 (CET);1573901708000;0.96;216.75;9.35
1438719252742555;17.4;35.8;Sat Nov 16 2019 11:57:01 GMT+0100 (CET);Sat Nov 16 2019 10:57:01 GMT+0100 (CET);1573901821000;0.85;199.35;9.5
1438719252742555;17.4;36;Sat Nov 16 2019 11:58:54 GMT+0100 (CET);Sat Nov 16 2019 10:58:54 GMT+0100 (CET);1573901934000;0.7;162.82;9.57
1438719252742555;16.4;34.9;Sat Nov 16 2019 12:00:47 GMT+0100 (CET);Sat Nov 16 2019 11:00:47 GMT+0100 (CET);1573902047000;0.41;98.32;9.44
1438719252742555;16.4;25.5;Sat Nov 16 2019 12:02:41 GMT+0100 (CET);Sat Nov 16 2019 11:02:41 GMT+0100 (CET);1573902161000;1.77;509.43;9.22
1438719252742555;16.4;36.7;Sat Nov 16 2019 12:04:34 GMT+0100 (CET);Sat Nov 16 2019 11:04:34 GMT+0100 (CET);1573902274000;2.36;514.55;9.64
1438719252742555;16.4;33.6;Sat Nov 16 2019 12:06:27 GMT+0100 (CET);Sat Nov 16 2019 11:06:27 GMT+0100 (CET);1573902387000;1.14;383.99;10.38
1438719252742555;16.4;36.3;Sat Nov 16 2019 12:08:26 GMT+0100 (CET);Sat Nov 16 2019 11:08:26 GMT+0100 (CET);1573902506000;1.81;394.23;10.84
1438719252742555;17.4;30.3;Sat Nov 16 2019 12:10:20 GMT+0100 (CET);Sat Nov 16 2019 11:10:20 GMT+0100 (CET);1573902620000;0.62;142.47;11.09
1438719252742555;17.4;29.5;Sat Nov 16 2019 12:12:14 GMT+0100 (CET);Sat Nov 16 2019 11:12:14 GMT+0100 (CET);1573902734000;0.78;179.84;11.07
1438719252742555;17.4;36.7;Sat Nov 16 2019 12:14:08 GMT+0100 (CET);Sat Nov 16 2019 11:14:08 GMT+0100 (CET);1573902848000;2.33;496.63;11.18
1438719252742555;17.4;36.1;Sat Nov 16 2019 12:16:01 GMT+0100 (CET);Sat Nov 16 2019 11:16:01 GMT+0100 (CET);1573902961000;2.02;337.91;11.6
1438719252742555;17.4;34.4;Sat Nov 16 2019 12:17:54 GMT+0100 (CET);Sat Nov 16 2019 11:17:54 GMT+0100 (CET);1573903074000;1.25;280.93;11.51
1438719252742555;20;35.1;Sat Nov 16 2019 12:19:51 GMT+0100 (CET);Sat Nov 16 2019 11:19:51 GMT+0100 (CET);1573903191000;1.14;250.93;11.34
1438719252742555;20;34.8;Sat Nov 16 2019 12:21:44 GMT+0100 (CET);Sat Nov 16 2019 11:21:44 GMT+0100 (CET);1573903304000;0.99;223.88;11.07
1438719252742555;20.5;34.5;Sat Nov 16 2019 12:23:53 GMT+0100 (CET);Sat Nov 16 2019 11:23:53 GMT+0100 (CET);1573903433000;0.78;174.2;10.62
1438719252742555;20.5;33;Sat Nov 16 2019 12:25:49 GMT+0100 (CET);Sat Nov 16 2019 11:25:49 GMT+0100 (CET);1573903549000;0.84;190.35;10.46
1438719252742555;20.5;35;Sat Nov 16 2019 12:27:45 GMT+0100 (CET);Sat Nov 16 2019 11:27:45 GMT+0100 (CET);1573903665000;1.3;383.99;10.29
1438719252742555;20;36;Sat Nov 16 2019 12:29:39 GMT+0100 (CET);Sat Nov 16 2019 11:29:39 GMT+0100 (CET);1573903779000;1.29;281.14;10.42
1438719252742555;20;34.3;Sat Nov 16 2019 12:31:32 GMT+0100 (CET);Sat Nov 16 2019 11:31:32 GMT+0100 (CET);1573903892000;0.82;179.95;10.41
1438719252742555;20;34.5;Sat Nov 16 2019 12:33:46 GMT+0100 (CET);Sat Nov 16 2019 11:33:46 GMT+0100 (CET);1573904026000;1.17;244.44;10.35
1438719252742555;20;34.9;Sat Nov 16 2019 12:35:41 GMT+0100 (CET);Sat Nov 16 2019 11:35:41 GMT+0100 (CET);1573904141000;0.75;161.71;10.37
1438719252742555;20;34.5;Sat Nov 16 2019 12:37:37 GMT+0100 (CET);Sat Nov 16 2019 11:37:37 GMT+0100 (CET);1573904257000;0.6;129.19;10.27
1438719252742555;20;34.6;Sat Nov 16 2019 12:39:30 GMT+0100 (CET);Sat Nov 16 2019 11:39:30 GMT+0100 (CET);1573904370000;0.56;123.58;10.14
1438719252742555;20;34.3;Sat Nov 16 2019 12:41:25 GMT+0100 (CET);Sat Nov 16 2019 11:41:25 GMT+0100 (CET);1573904485000;0.56;124.79;10.04
1438719252742555;17.4;34.7;Sat Nov 16 2019 12:43:22 GMT+0100 (CET);Sat Nov 16 2019 11:43:22 GMT+0100 (CET);1573904602000;0.58;129.86;9.84
1438719252742555;17.4;34.9;Sat Nov 16 2019 12:45:15 GMT+0100 (CET);Sat Nov 16 2019 11:45:15 GMT+0100 (CET);1573904715000;0.62;136.61;9.75
1438719252742555;17.4;35;Sat Nov 16 2019 12:47:08 GMT+0100 (CET);Sat Nov 16 2019 11:47:08 GMT+0100 (CET);1573904828000;0.69;151.99;9.77
1438719252742555;17.4;35;Sat Nov 16 2019 12:49:10 GMT+0100 (CET);Sat Nov 16 2019 11:49:10 GMT+0100 (CET);1573904950000;0.63;140.13;9.82
1438719252742555;17.4;35.2;Sat Nov 16 2019 12:51:04 GMT+0100 (CET);Sat Nov 16 2019 11:51:04 GMT+0100 (CET);1573905064000;0.67;147.41;9.82
1438719252742555;17.4;35.2;Sat Nov 16 2019 12:52:57 GMT+0100 (CET);Sat Nov 16 2019 11:52:57 GMT+0100 (CET);1573905177000;0.78;165.46;9.84
1438719252742555;17.4;35.6;Sat Nov 16 2019 12:55:07 GMT+0100 (CET);Sat Nov 16 2019 11:55:07 GMT+0100 (CET);1573905307000;0.94;202.23;9.86
1438719252742555;17.4;35.6;Sat Nov 16 2019 12:56:59 GMT+0100 (CET);Sat Nov 16 2019 11:56:59 GMT+0100 (CET);1573905419000;0.92;195.56;9.91
1438719252742555;17.4;35.5;Sat Nov 16 2019 12:58:52 GMT+0100 (CET);Sat Nov 16 2019 11:58:52 GMT+0100 (CET);1573905532000;0.84;182.15;9.94
1438719252742555;17.4;35.4;Sat Nov 16 2019 13:00:45 GMT+0100 (CET);Sat Nov 16 2019 12:00:45 GMT+0100 (CET);1573905645000;0.85;185;10.06
1438719252742555;17.4;35.3;Sat Nov 16 2019 13:02:39 GMT+0100 (CET);Sat Nov 16 2019 12:02:39 GMT+0100 (CET);1573905759000;0.85;185.52;10.14
1438719252742555;17.4;35.3;Sat Nov 16 2019 13:04:37 GMT+0100 (CET);Sat Nov 16 2019 12:04:37 GMT+0100 (CET);1573905877000;0.87;189.94;10.17
1438719252742555;17.4;35.4;Sat Nov 16 2019 13:06:30 GMT+0100 (CET);Sat Nov 16 2019 12:06:30 GMT+0100 (CET);1573905990000;0.88;194.56;10.05
1438719252742555;17.4;35.6;Sat Nov 16 2019 13:08:23 GMT+0100 (CET);Sat Nov 16 2019 12:08:23 GMT+0100 (CET);1573906103000;0.85;181.52;9.91
1438719252742555;17.4;35.4;Sat Nov 16 2019 13:10:21 GMT+0100 (CET);Sat Nov 16 2019 12:10:21 GMT+0100 (CET);1573906221000;0.82;183.13;9.96
1438719252742555;17.9;35.5;Sat Nov 16 2019 13:12:14 GMT+0100 (CET);Sat Nov 16 2019 12:12:14 GMT+0100 (CET);1573906334000;0.87;194.75;9.97
1438719252742555;17.9;35.5;Sat Nov 16 2019 13:14:39 GMT+0100 (CET);Sat Nov 16 2019 12:14:39 GMT+0100 (CET);1573906479000;0.85;187.85;9.96
1438719252742555;17.4;35.3;Sat Nov 16 2019 13:16:33 GMT+0100 (CET);Sat Nov 16 2019 12:16:33 GMT+0100 (CET);1573906593000;0.8;180.06;9.92
1438719252742555;17.4;35.3;Sat Nov 16 2019 13:18:27 GMT+0100 (CET);Sat Nov 16 2019 12:18:27 GMT+0100 (CET);1573906707000;0.76;174.22;10.04
1438719252742555;17.4;34.9;Sat Nov 16 2019 13:20:24 GMT+0100 (CET);Sat Nov 16 2019 12:20:24 GMT+0100 (CET);1573906824000;0.83;187.41;10.11
1438719252742555;17.4;35.1;Sat Nov 16 2019 13:22:18 GMT+0100 (CET);Sat Nov 16 2019 12:22:18 GMT+0100 (CET);1573906938000;0.91;195.63;10.15
1438719252742555;17.4;36.9;Sat Nov 16 2019 13:24:17 GMT+0100 (CET);Sat Nov 16 2019 12:24:17 GMT+0100 (CET);1573907057000;1.38;313.28;10.35
1438719252742555;17.4;36.4;Sat Nov 16 2019 13:26:11 GMT+0100 (CET);Sat Nov 16 2019 12:26:11 GMT+0100 (CET);1573907171000;2.21;488.95;10.81
1438719252742555;17.4;36.2;Sat Nov 16 2019 13:28:07 GMT+0100 (CET);Sat Nov 16 2019 12:28:07 GMT+0100 (CET);1573907287000;2.98;650.23;11.65
1438719252742555;20;35.8;Sat Nov 16 2019 13:30:03 GMT+0100 (CET);Sat Nov 16 2019 12:30:03 GMT+0100 (CET);1573907403000;2.08;496.63;12.53
1438719252742555;20;35.6;Sat Nov 16 2019 13:31:56 GMT+0100 (CET);Sat Nov 16 2019 12:31:56 GMT+0100 (CET);1573907516000;2.83;611.83;13.15
1438719252742555;20;35.2;Sat Nov 16 2019 13:33:53 GMT+0100 (CET);Sat Nov 16 2019 12:33:53 GMT+0100 (CET);1573907633000;2.67;578.55;13.87
1438719252742555;22;35;Sat Nov 16 2019 13:35:56 GMT+0100 (CET);Sat Nov 16 2019 12:35:56 GMT+0100 (CET);1573907756000;2.75;593.91;14.5
1438719252742555;22;34.1;Sat Nov 16 2019 13:37:52 GMT+0100 (CET);Sat Nov 16 2019 12:37:52 GMT+0100 (CET);1573907872000;2.62;583.67;15.15
1438719252742555;24;34.7;Sat Nov 16 2019 13:39:45 GMT+0100 (CET);Sat Nov 16 2019 12:39:45 GMT+0100 (CET);1573907985000;1.89;325.81;15.61
1438719252742555;24;33.5;Sat Nov 16 2019 13:41:40 GMT+0100 (CET);Sat Nov 16 2019 12:41:40 GMT+0100 (CET);1573908100000;1;210.5;15.3
1438719252742555;24;32.8;Sat Nov 16 2019 13:43:32 GMT+0100 (CET);Sat Nov 16 2019 12:43:32 GMT+0100 (CET);1573908212000;0.8;165.9;14.68
1438719252742555;24;32.5;Sat Nov 16 2019 13:45:33 GMT+0100 (CET);Sat Nov 16 2019 12:45:33 GMT+0100 (CET);1573908333000;0.72;152.95;13.93
1438719252742555;24;33.5;Sat Nov 16 2019 13:47:26 GMT+0100 (CET);Sat Nov 16 2019 12:47:26 GMT+0100 (CET);1573908446000;0.73;158.84;13.33
1438719252742555;24;34.8;Sat Nov 16 2019 13:49:27 GMT+0100 (CET);Sat Nov 16 2019 12:49:27 GMT+0100 (CET);1573908567000;1.04;229.76;12.92
1438719252742555;24;35.7;Sat Nov 16 2019 13:51:25 GMT+0100 (CET);Sat Nov 16 2019 12:51:25 GMT+0100 (CET);1573908685000;1.24;282.73;12.96
1438719252742555;24;35.2;Sat Nov 16 2019 13:53:18 GMT+0100 (CET);Sat Nov 16 2019 12:53:18 GMT+0100 (CET);1573908798000;0.87;176.9;12.77
1438719252742555;24;34.2;Sat Nov 16 2019 13:55:11 GMT+0100 (CET);Sat Nov 16 2019 12:55:11 GMT+0100 (CET);1573908911000;0.69;145.71;12.6
1438719252742555;24;33.7;Sat Nov 16 2019 13:57:04 GMT+0100 (CET);Sat Nov 16 2019 12:57:04 GMT+0100 (CET);1573909024000;0.55;113.09;12.28
1438719252742555;22.5;33.6;Sat Nov 16 2019 13:58:57 GMT+0100 (CET);Sat Nov 16 2019 12:58:57 GMT+0100 (CET);1573909137000;0.49;100.8;11.89
1438719252742555;22.5;33.6;Sat Nov 16 2019 14:00:50 GMT+0100 (CET);Sat Nov 16 2019 13:00:50 GMT+0100 (CET);1573909250000;0.46;96.06;11.57
1438719252742555;22;33.7;Sat Nov 16 2019 14:02:44 GMT+0100 (CET);Sat Nov 16 2019 13:02:44 GMT+0100 (CET);1573909364000;0.44;92.18;11.15
1438719252742555;22;33.6;Sat Nov 16 2019 14:04:39 GMT+0100 (CET);Sat Nov 16 2019 13:04:39 GMT+0100 (CET);1573909479000;0.42;86.85;10.75
1438719252742555;20;33.6;Sat Nov 16 2019 14:06:30 GMT+0100 (CET);Sat Nov 16 2019 13:06:30 GMT+0100 (CET);1573909590000;0.39;82.22;10.5
1438719252742555;20;33.6;Sat Nov 16 2019 14:08:22 GMT+0100 (CET);Sat Nov 16 2019 13:08:22 GMT+0100 (CET);1573909702000;0.38;80.17;10.2
1438719252742555;20;33.5;Sat Nov 16 2019 14:10:15 GMT+0100 (CET);Sat Nov 16 2019 13:10:15 GMT+0100 (CET);1573909815000;0.38;80.7;9.96
1438719252742555;17.4;33.7;Sat Nov 16 2019 14:12:17 GMT+0100 (CET);Sat Nov 16 2019 13:12:17 GMT+0100 (CET);1573909937000;0.38;82.87;9.89
1438719252742555;17.4;33.8;Sat Nov 16 2019 14:14:11 GMT+0100 (CET);Sat Nov 16 2019 13:14:11 GMT+0100 (CET);1573910051000;0.45;94.54;9.79
1438719252742555;17.4;34;Sat Nov 16 2019 14:16:04 GMT+0100 (CET);Sat Nov 16 2019 13:16:04 GMT+0100 (CET);1573910164000;0.51;109.23;9.67
1438719252742555;17.4;34.5;Sat Nov 16 2019 14:18:00 GMT+0100 (CET);Sat Nov 16 2019 13:18:00 GMT+0100 (CET);1573910280000;0.5;109.94;9.58
1438719252742555;17.4;34.5;Sat Nov 16 2019 14:20:31 GMT+0100 (CET);Sat Nov 16 2019 13:20:31 GMT+0100 (CET);1573910431000;0.48;104.45;9.52
1438719252742555;17.4;34.3;Sat Nov 16 2019 14:22:24 GMT+0100 (CET);Sat Nov 16 2019 13:22:24 GMT+0100 (CET);1573910544000;0.45;96.71;9.52
1438719252742555;17.4;34.1;Sat Nov 16 2019 14:24:21 GMT+0100 (CET);Sat Nov 16 2019 13:24:21 GMT+0100 (CET);1573910661000;0.39;84.7;9.53
1438719252742555;16.4;34;Sat Nov 16 2019 14:26:17 GMT+0100 (CET);Sat Nov 16 2019 13:26:17 GMT+0100 (CET);1573910777000;0.36;79.3;9.48
1438719252742555;16.4;33.7;Sat Nov 16 2019 14:28:13 GMT+0100 (CET);Sat Nov 16 2019 13:28:13 GMT+0100 (CET);1573910893000;0.35;75.78;9.38
1438719252742555;15.9;33.7;Sat Nov 16 2019 14:30:06 GMT+0100 (CET);Sat Nov 16 2019 13:30:06 GMT+0100 (CET);1573911006000;0.34;75.03;9.35
1438719252742555;15.9;33.7;Sat Nov 16 2019 14:32:02 GMT+0100 (CET);Sat Nov 16 2019 13:32:02 GMT+0100 (CET);1573911122000;0.35;79.75;9.32
1438719252742555;15.9;33.8;Sat Nov 16 2019 14:33:54 GMT+0100 (CET);Sat Nov 16 2019 13:33:54 GMT+0100 (CET);1573911234000;0.4;89.87;9.26
1438719252742555;15.9;34;Sat Nov 16 2019 14:36:38 GMT+0100 (CET);Sat Nov 16 2019 13:36:38 GMT+0100 (CET);1573911398000;0.46;102.7;9.25
1438719252742555;15.9;34.1;Sat Nov 16 2019 14:38:30 GMT+0100 (CET);Sat Nov 16 2019 13:38:30 GMT+0100 (CET);1573911510000;0.51;114.03;9.28
1438719252742555;16.4;35.9;Sat Nov 16 2019 14:40:32 GMT+0100 (CET);Sat Nov 16 2019 13:40:32 GMT+0100 (CET);1573911632000;0.52;117.52;9.34
1438719252742555;16.4;34.5;Sat Nov 16 2019 14:42:26 GMT+0100 (CET);Sat Nov 16 2019 13:42:26 GMT+0100 (CET);1573911746000;0.45;104.14;9.34
1438719252742555;15.9;34.3;Sat Nov 16 2019 14:44:22 GMT+0100 (CET);Sat Nov 16 2019 13:44:22 GMT+0100 (CET);1573911862000;0.44;103.08;9.39
1438719252742555;15.9;33.9;Sat Nov 16 2019 14:46:14 GMT+0100 (CET);Sat Nov 16 2019 13:46:14 GMT+0100 (CET);1573911974000;0.43;100.87;9.43
1438719252742555;15.9;34.5;Sat Nov 16 2019 14:48:12 GMT+0100 (CET);Sat Nov 16 2019 13:48:12 GMT+0100 (CET);1573912092000;0.42;100.61;9.4
1438719252742555;15.9;36.1;Sat Nov 16 2019 14:50:14 GMT+0100 (CET);Sat Nov 16 2019 13:50:14 GMT+0100 (CET);1573912214000;0.91;220.94;9.55
1438719252742555;15.9;36.1;Sat Nov 16 2019 14:52:17 GMT+0100 (CET);Sat Nov 16 2019 13:52:17 GMT+0100 (CET);1573912337000;1.06;254.52;9.98
1438719252742555;16.4;36;Sat Nov 16 2019 14:54:16 GMT+0100 (CET);Sat Nov 16 2019 13:54:16 GMT+0100 (CET);1573912456000;1.18;285.32;10.5
1438719252742555;16.4;36.2;Sat Nov 16 2019 14:56:11 GMT+0100 (CET);Sat Nov 16 2019 13:56:11 GMT+0100 (CET);1573912571000;1.19;286.94;10.98
1438719252742555;16.4;36.5;Sat Nov 16 2019 14:58:04 GMT+0100 (CET);Sat Nov 16 2019 13:58:04 GMT+0100 (CET);1573912684000;1.17;287.06;11.28
1438719252742555;17.4;36.8;Sat Nov 16 2019 15:00:05 GMT+0100 (CET);Sat Nov 16 2019 14:00:05 GMT+0100 (CET);1573912805000;1.06;269.63;11.64
1438719252742555;17.4;36.9;Sat Nov 16 2019 15:02:03 GMT+0100 (CET);Sat Nov 16 2019 14:02:03 GMT+0100 (CET);1573912923000;0.78;203.27;11.75
1438719252742555;17.4;36.7;Sat Nov 16 2019 15:04:06 GMT+0100 (CET);Sat Nov 16 2019 14:04:06 GMT+0100 (CET);1573913046000;0.57;180.45;11.72
1438719252742555;17.4;38;Sat Nov 16 2019 15:05:59 GMT+0100 (CET);Sat Nov 16 2019 14:05:59 GMT+0100 (CET);1573913159000;0.37;113.29;11.6
1438719252742555;17.4;32.7;Sat Nov 16 2019 15:07:52 GMT+0100 (CET);Sat Nov 16 2019 14:07:52 GMT+0100 (CET);1573913272000;0.24;52.29;11.23
1438719252742555;17.4;30.6;Sat Nov 16 2019 15:09:49 GMT+0100 (CET);Sat Nov 16 2019 14:09:49 GMT+0100 (CET);1573913389000;0.23;49.72;10.7
1438719252742555;17.4;31.7;Sat Nov 16 2019 15:11:44 GMT+0100 (CET);Sat Nov 16 2019 14:11:44 GMT+0100 (CET);1573913504000;0.19;41.92;10.21
1438719252742555;15.9;31.8;Sat Nov 16 2019 15:13:36 GMT+0100 (CET);Sat Nov 16 2019 14:13:36 GMT+0100 (CET);1573913616000;0.18;39.24;9.83
1438719252742555;15.9;31.8;Sat Nov 16 2019 15:15:33 GMT+0100 (CET);Sat Nov 16 2019 14:15:33 GMT+0100 (CET);1573913733000;0.16;35.62;9.54
1438719252742555;14.4;31.5;Sat Nov 16 2019 15:17:29 GMT+0100 (CET);Sat Nov 16 2019 14:17:29 GMT+0100 (CET);1573913849000;0.15;34.36;9.23
1438719252742555;14.4;31.1;Sat Nov 16 2019 15:19:28 GMT+0100 (CET);Sat Nov 16 2019 14:19:28 GMT+0100 (CET);1573913968000;0.15;33.25;9
1438719252742555;14.4;31;Sat Nov 16 2019 15:21:26 GMT+0100 (CET);Sat Nov 16 2019 14:21:26 GMT+0100 (CET);1573914086000;0.15;32.73;8.78
1438719252742555;13.9;31.3;Sat Nov 16 2019 15:23:28 GMT+0100 (CET);Sat Nov 16 2019 14:23:28 GMT+0100 (CET);1573914208000;0.15;33.76;8.64
1438719252742555;13.9;31.4;Sat Nov 16 2019 15:25:27 GMT+0100 (CET);Sat Nov 16 2019 14:25:27 GMT+0100 (CET);1573914327000;0.16;34.53;8.49
1438719252742555;13.9;31.7;Sat Nov 16 2019 15:27:20 GMT+0100 (CET);Sat Nov 16 2019 14:27:20 GMT+0100 (CET);1573914440000;0.15;33.37;8.4
1438719252742555;13.9;31.6;Sat Nov 16 2019 15:29:15 GMT+0100 (CET);Sat Nov 16 2019 14:29:15 GMT+0100 (CET);1573914555000;0.14;30.83;8.34
1438719252742555;13.9;31.5;Sat Nov 16 2019 15:31:13 GMT+0100 (CET);Sat Nov 16 2019 14:31:13 GMT+0100 (CET);1573914673000;0.12;28.24;8.31
1438719252742555;12.4;31.5;Sat Nov 16 2019 15:33:08 GMT+0100 (CET);Sat Nov 16 2019 14:33:08 GMT+0100 (CET);1573914788000;0.12;26.97;8.27
1438719252742555;12.4;31.3;Sat Nov 16 2019 15:35:00 GMT+0100 (CET);Sat Nov 16 2019 14:35:00 GMT+0100 (CET);1573914900000;0.11;25.25;8.25
1438719252742555;12.4;31.1;Sat Nov 16 2019 15:36:53 GMT+0100 (CET);Sat Nov 16 2019 14:36:53 GMT+0100 (CET);1573915013000;0.11;23.68;8.22
1438719252742555;11.9;30.9;Sat Nov 16 2019 15:38:52 GMT+0100 (CET);Sat Nov 16 2019 14:38:52 GMT+0100 (CET);1573915132000;0.09;21.85;8.17
1438719252742555;11.9;30.8;Sat Nov 16 2019 15:40:46 GMT+0100 (CET);Sat Nov 16 2019 14:40:46 GMT+0100 (CET);1573915246000;0.08;19.3;8.12
1438719252742555;11.9;30.5;Sat Nov 16 2019 15:42:38 GMT+0100 (CET);Sat Nov 16 2019 14:42:38 GMT+0100 (CET);1573915358000;0.07;16.67;8.08
1438719252742555;11.9;30.2;Sat Nov 16 2019 15:44:31 GMT+0100 (CET);Sat Nov 16 2019 14:44:31 GMT+0100 (CET);1573915471000;0.07;15.6;8.03
1438719252742555;11.9;29.5;Sat Nov 16 2019 15:46:45 GMT+0100 (CET);Sat Nov 16 2019 14:46:45 GMT+0100 (CET);1573915605000;0.07;15.96;8
1438719252742555;10.4;29.4;Sat Nov 16 2019 15:48:37 GMT+0100 (CET);Sat Nov 16 2019 14:48:37 GMT+0100 (CET);1573915717000;0.07;15.18;7.95
1438719252742555;10.4;29.5;Sat Nov 16 2019 15:50:35 GMT+0100 (CET);Sat Nov 16 2019 14:50:35 GMT+0100 (CET);1573915835000;0.06;13.54;7.89
1438719252742555;10.4;29.1;Sat Nov 16 2019 15:52:28 GMT+0100 (CET);Sat Nov 16 2019 14:52:28 GMT+0100 (CET);1573915948000;0;11.23;7.86
1438719252742555;10.4;28.7;Sat Nov 16 2019 15:54:35 GMT+0100 (CET);Sat Nov 16 2019 14:54:35 GMT+0100 (CET);1573916075000;0;11.38;7.84
1438719252742555;10.4;28.4;Sat Nov 16 2019 15:56:28 GMT+0100 (CET);Sat Nov 16 2019 14:56:28 GMT+0100 (CET);1573916188000;0;10.6;7.82
1438719252742555;10.4;27.9;Sat Nov 16 2019 15:58:21 GMT+0100 (CET);Sat Nov 16 2019 14:58:21 GMT+0100 (CET);1573916301000;0;9.09;7.77
1438719252742555;10.4;27.5;Sat Nov 16 2019 16:00:14 GMT+0100 (CET);Sat Nov 16 2019 15:00:14 GMT+0100 (CET);1573916414000;0;8.2;7.74
1438719252742555;8.4;27.3;Sat Nov 16 2019 16:02:27 GMT+0100 (CET);Sat Nov 16 2019 15:02:27 GMT+0100 (CET);1573916547000;0;8.46;7.71
1438719252742555;8.4;27.3;Sat Nov 16 2019 16:04:21 GMT+0100 (CET);Sat Nov 16 2019 15:04:21 GMT+0100 (CET);1573916661000;0;8.84;7.71
1438719252742555;8.4;26.8;Sat Nov 16 2019 16:06:15 GMT+0100 (CET);Sat Nov 16 2019 15:06:15 GMT+0100 (CET);1573916775000;0;9.66;7.69
1438719252742555;8.4;27;Sat Nov 16 2019 16:08:08 GMT+0100 (CET);Sat Nov 16 2019 15:08:08 GMT+0100 (CET);1573916888000;0;8.37;7.67
1438719252742555;8.4;26.9;Sat Nov 16 2019 16:10:07 GMT+0100 (CET);Sat Nov 16 2019 15:10:07 GMT+0100 (CET);1573917007000;0;7.71;7.66
1438719252742555;8.4;26.8;Sat Nov 16 2019 16:12:03 GMT+0100 (CET);Sat Nov 16 2019 15:12:03 GMT+0100 (CET);1573917123000;0;8.23;7.63
1438719252742555;8.4;27.1;Sat Nov 16 2019 16:13:56 GMT+0100 (CET);Sat Nov 16 2019 15:13:56 GMT+0100 (CET);1573917236000;0;7.22;7.61
1438719252742555;8.4;28.8;Sat Nov 16 2019 16:15:55 GMT+0100 (CET);Sat Nov 16 2019 15:15:55 GMT+0100 (CET);1573917355000;0;6.68;7.59
1438719252742555;8.4;33.2;Sat Nov 16 2019 16:17:49 GMT+0100 (CET);Sat Nov 16 2019 15:17:49 GMT+0100 (CET);1573917469000;0;6.32;7.57
1438719252742555;8.4;28.9;Sat Nov 16 2019 16:19:47 GMT+0100 (CET);Sat Nov 16 2019 15:19:47 GMT+0100 (CET);1573917587000;0;5.9;7.57
1438719252742555;10.4;33;Sat Nov 16 2019 16:21:39 GMT+0100 (CET);Sat Nov 16 2019 15:21:39 GMT+0100 (CET);1573917699000;0;5.65;7.53
1438719252742555;10.4;27.4;Sat Nov 16 2019 16:23:33 GMT+0100 (CET);Sat Nov 16 2019 15:23:33 GMT+0100 (CET);1573917813000;0;5.07;7.46
1438719252742555;10.4;32.4;Sat Nov 16 2019 16:25:29 GMT+0100 (CET);Sat Nov 16 2019 15:25:29 GMT+0100 (CET);1573917929000;0;3.89;7.36
1438719252742555;10.4;32;Sat Nov 16 2019 16:27:22 GMT+0100 (CET);Sat Nov 16 2019 15:27:22 GMT+0100 (CET);1573918042000;0;3.38;7.27
1438719252742555;10.4;30.2;Sat Nov 16 2019 16:29:15 GMT+0100 (CET);Sat Nov 16 2019 15:29:15 GMT+0100 (CET);1573918155000;0;2.84;7.19
1438719252742555;9.9;28.8;Sat Nov 16 2019 16:31:09 GMT+0100 (CET);Sat Nov 16 2019 15:31:09 GMT+0100 (CET);1573918269000;0;2.39;7.12
1438719252742555;9.9;25.6;Sat Nov 16 2019 16:33:04 GMT+0100 (CET);Sat Nov 16 2019 15:33:04 GMT+0100 (CET);1573918384000;0;1.97;7.09
1438719252742555;6.4;25;Sat Nov 16 2019 16:35:01 GMT+0100 (CET);Sat Nov 16 2019 15:35:01 GMT+0100 (CET);1573918501000;0;1.79;7.07
1438719252742555;6.4;25;Sat Nov 16 2019 16:36:54 GMT+0100 (CET);Sat Nov 16 2019 15:36:54 GMT+0100 (CET);1573918614000;0;1.34;7.06
1438719252742555;6.4;25;Sat Nov 16 2019 16:38:47 GMT+0100 (CET);Sat Nov 16 2019 15:38:47 GMT+0100 (CET);1573918727000;0;0.58;7.02
1438719252742555;3.8;31.8;Sun Nov 17 2019 08:05:36 GMT+0100 (CET);Sun Nov 17 2019 07:05:36 GMT+0100 (CET);1573974336000;0;4.69;2.81
1438719252742555;3.8;31;Sun Nov 17 2019 08:07:30 GMT+0100 (CET);Sun Nov 17 2019 07:07:30 GMT+0100 (CET);1573974450000;0;5.42;2.82
1438719252742555;3.8;34.1;Sun Nov 17 2019 08:09:24 GMT+0100 (CET);Sun Nov 17 2019 07:09:24 GMT+0100 (CET);1573974564000;0;6.64;2.84
1438719252742555;5.9;33;Sun Nov 17 2019 08:11:17 GMT+0100 (CET);Sun Nov 17 2019 07:11:17 GMT+0100 (CET);1573974677000;0;7.17;2.85
1438719252742555;5.9;33;Sun Nov 17 2019 08:13:10 GMT+0100 (CET);Sun Nov 17 2019 07:13:10 GMT+0100 (CET);1573974790000;0;8.72;2.87
1438719252742555;5.9;27.4;Sun Nov 17 2019 08:15:08 GMT+0100 (CET);Sun Nov 17 2019 07:15:08 GMT+0100 (CET);1573974908000;0;11.46;2.9
1438719252742555;4.3;28.1;Sun Nov 17 2019 08:17:01 GMT+0100 (CET);Sun Nov 17 2019 07:17:01 GMT+0100 (CET);1573975021000;0.08;15.98;2.93
1438719252742555;4.3;28.6;Sun Nov 17 2019 08:19:17 GMT+0100 (CET);Sun Nov 17 2019 07:19:17 GMT+0100 (CET);1573975157000;0.11;21.12;2.97
1438719252742555;4.3;30.7;Sun Nov 17 2019 08:21:10 GMT+0100 (CET);Sun Nov 17 2019 07:21:10 GMT+0100 (CET);1573975270000;0.12;24.38;3.03
1438719252742555;4.3;32;Sun Nov 17 2019 08:23:05 GMT+0100 (CET);Sun Nov 17 2019 07:23:05 GMT+0100 (CET);1573975385000;0.14;26.44;3.07
1438719252742555;6.4;32.8;Sun Nov 17 2019 08:24:57 GMT+0100 (CET);Sun Nov 17 2019 07:24:57 GMT+0100 (CET);1573975497000;0.14;29.24;3.14
1438719252742555;6.4;32.9;Sun Nov 17 2019 08:26:51 GMT+0100 (CET);Sun Nov 17 2019 07:26:51 GMT+0100 (CET);1573975611000;0.18;35.99;3.21
1438719252742555;6.4;33.3;Sun Nov 17 2019 08:28:45 GMT+0100 (CET);Sun Nov 17 2019 07:28:45 GMT+0100 (CET);1573975725000;0.19;39.79;3.27
1438719252742555;7.9;33.7;Sun Nov 17 2019 08:30:40 GMT+0100 (CET);Sun Nov 17 2019 07:30:40 GMT+0100 (CET);1573975840000;0.18;37.92;3.35
1438719252742555;7.9;33.7;Sun Nov 17 2019 08:32:42 GMT+0100 (CET);Sun Nov 17 2019 07:32:42 GMT+0100 (CET);1573975962000;0.15;33.07;3.42
1438719252742555;7.9;33.5;Sun Nov 17 2019 08:34:49 GMT+0100 (CET);Sun Nov 17 2019 07:34:49 GMT+0100 (CET);1573976089000;0.14;29.03;3.46
1438719252742555;7.9;32.8;Sun Nov 17 2019 08:36:42 GMT+0100 (CET);Sun Nov 17 2019 07:36:42 GMT+0100 (CET);1573976202000;0.13;27.27;3.5
1438719252742555;7.9;32.6;Sun Nov 17 2019 08:38:36 GMT+0100 (CET);Sun Nov 17 2019 07:38:36 GMT+0100 (CET);1573976316000;0.14;28.14;3.53
1438719252742555;7.9;33;Sun Nov 17 2019 08:40:59 GMT+0100 (CET);Sun Nov 17 2019 07:40:59 GMT+0100 (CET);1573976459000;0.16;31.69;3.52
1438719252742555;7.9;33;Sun Nov 17 2019 08:42:51 GMT+0100 (CET);Sun Nov 17 2019 07:42:51 GMT+0100 (CET);1573976571000;0.19;37.82;3.55
1438719252742555;7.9;33.2;Sun Nov 17 2019 08:44:44 GMT+0100 (CET);Sun Nov 17 2019 07:44:44 GMT+0100 (CET);1573976684000;0.2;40.68;3.56
1438719252742555;7.9;33.7;Sun Nov 17 2019 08:46:37 GMT+0100 (CET);Sun Nov 17 2019 07:46:37 GMT+0100 (CET);1573976797000;0.21;43.93;3.56
1438719252742555;7.9;34.1;Sun Nov 17 2019 08:48:45 GMT+0100 (CET);Sun Nov 17 2019 07:48:45 GMT+0100 (CET);1573976925000;0.28;56.08;3.6
1438719252742555;7.9;34.4;Sun Nov 17 2019 08:50:44 GMT+0100 (CET);Sun Nov 17 2019 07:50:44 GMT+0100 (CET);1573977044000;0.29;59.25;3.65
1438719252742555;7.9;34.5;Sun Nov 17 2019 08:52:37 GMT+0100 (CET);Sun Nov 17 2019 07:52:37 GMT+0100 (CET);1573977157000;0.29;60.53;3.72
1438719252742555;8.4;34.4;Sun Nov 17 2019 08:54:35 GMT+0100 (CET);Sun Nov 17 2019 07:54:35 GMT+0100 (CET);1573977275000;0.28;56.71;3.81
1438719252742555;8.4;34.3;Sun Nov 17 2019 08:56:33 GMT+0100 (CET);Sun Nov 17 2019 07:56:33 GMT+0100 (CET);1573977393000;0.27;54.64;3.83
1438719252742555;8.4;34.2;Sun Nov 17 2019 08:58:31 GMT+0100 (CET);Sun Nov 17 2019 07:58:31 GMT+0100 (CET);1573977511000;0.24;48.69;3.81
1438719252742555;8.4;33.9;Sun Nov 17 2019 09:00:29 GMT+0100 (CET);Sun Nov 17 2019 08:00:29 GMT+0100 (CET);1573977629000;0.23;45.42;3.8
1438719252742555;8.4;33.8;Sun Nov 17 2019 09:02:42 GMT+0100 (CET);Sun Nov 17 2019 08:02:42 GMT+0100 (CET);1573977762000;0.22;44.68;3.81
1438719252742555;8.4;33.5;Sun Nov 17 2019 09:04:40 GMT+0100 (CET);Sun Nov 17 2019 08:04:40 GMT+0100 (CET);1573977880000;0.21;41.44;3.84
1438719252742555;8.4;33.7;Sun Nov 17 2019 09:06:32 GMT+0100 (CET);Sun Nov 17 2019 08:06:32 GMT+0100 (CET);1573977992000;0.23;47.15;3.86
1438719252742555;8.4;33.9;Sun Nov 17 2019 09:09:03 GMT+0100 (CET);Sun Nov 17 2019 08:09:03 GMT+0100 (CET);1573978143000;0.24;49.72;3.92
1438719252742555;8.4;33.8;Sun Nov 17 2019 09:11:03 GMT+0100 (CET);Sun Nov 17 2019 08:11:03 GMT+0100 (CET);1573978263000;0.21;44.08;3.97
1438719252742555;8.4;33.5;Sun Nov 17 2019 09:12:57 GMT+0100 (CET);Sun Nov 17 2019 08:12:57 GMT+0100 (CET);1573978377000;0.21;43.6;3.99
1438719252742555;8.4;33.5;Sun Nov 17 2019 09:14:49 GMT+0100 (CET);Sun Nov 17 2019 08:14:49 GMT+0100 (CET);1573978489000;0.23;47.32;4
1438719252742555;8.4;33.7;Sun Nov 17 2019 09:16:51 GMT+0100 (CET);Sun Nov 17 2019 08:16:51 GMT+0100 (CET);1573978611000;0.28;59.1;4.04
1438719252742555;8.4;34.2;Sun Nov 17 2019 09:18:48 GMT+0100 (CET);Sun Nov 17 2019 08:18:48 GMT+0100 (CET);1573978728000;0.33;70.45;4.07
1438719252742555;8.4;34.4;Sun Nov 17 2019 09:20:42 GMT+0100 (CET);Sun Nov 17 2019 08:20:42 GMT+0100 (CET);1573978842000;0.28;59.84;4.13
1438719252742555;8.4;34.2;Sun Nov 17 2019 09:22:40 GMT+0100 (CET);Sun Nov 17 2019 08:22:40 GMT+0100 (CET);1573978960000;0.25;52.55;4.17
1438719252742555;8.4;33.7;Sun Nov 17 2019 09:25:11 GMT+0100 (CET);Sun Nov 17 2019 08:25:11 GMT+0100 (CET);1573979111000;0.25;51.81;4.22
1438719252742555;8.4;33.9;Sun Nov 17 2019 09:27:09 GMT+0100 (CET);Sun Nov 17 2019 08:27:09 GMT+0100 (CET);1573979229000;0.23;48.7;4.28
1438719252742555;8.4;33.6;Sun Nov 17 2019 09:29:01 GMT+0100 (CET);Sun Nov 17 2019 08:29:01 GMT+0100 (CET);1573979341000;0.24;49.88;4.35
1438719252742555;8.4;33.7;Sun Nov 17 2019 09:30:55 GMT+0100 (CET);Sun Nov 17 2019 08:30:55 GMT+0100 (CET);1573979455000;0.23;49.56;4.42
1438719252742555;8.4;33.6;Sun Nov 17 2019 09:33:06 GMT+0100 (CET);Sun Nov 17 2019 08:33:06 GMT+0100 (CET);1573979586000;0.22;47.78;4.46
1438719252742555;8.4;33.6;Sun Nov 17 2019 09:35:23 GMT+0100 (CET);Sun Nov 17 2019 08:35:23 GMT+0100 (CET);1573979723000;0.26;55.21;4.47
1438719252742555;9.4;33.8;Sun Nov 17 2019 09:37:15 GMT+0100 (CET);Sun Nov 17 2019 08:37:15 GMT+0100 (CET);1573979835000;0.33;67.74;4.39
1438719252742555;9.4;34.6;Sun Nov 17 2019 09:39:10 GMT+0100 (CET);Sun Nov 17 2019 08:39:10 GMT+0100 (CET);1573979950000;0.35;74.58;4.42
1438719252742555;9.9;34.6;Sun Nov 17 2019 09:41:16 GMT+0100 (CET);Sun Nov 17 2019 08:41:16 GMT+0100 (CET);1573980076000;0.34;70.97;4.39
1438719252742555;9.9;34.6;Sun Nov 17 2019 09:43:09 GMT+0100 (CET);Sun Nov 17 2019 08:43:09 GMT+0100 (CET);1573980189000;0.35;74.51;4.37
1438719252742555;9.9;34.5;Sun Nov 17 2019 09:45:05 GMT+0100 (CET);Sun Nov 17 2019 08:45:05 GMT+0100 (CET);1573980305000;0.3;63.36;4.41
1438719252742555;9.9;34.3;Sun Nov 17 2019 09:46:58 GMT+0100 (CET);Sun Nov 17 2019 08:46:58 GMT+0100 (CET);1573980418000;0.27;57.65;4.42
1438719252742555;9.9;34.1;Sun Nov 17 2019 09:49:16 GMT+0100 (CET);Sun Nov 17 2019 08:49:16 GMT+0100 (CET);1573980556000;0.26;54.82;4.43
1438719252742555;9.9;33.9;Sun Nov 17 2019 09:51:08 GMT+0100 (CET);Sun Nov 17 2019 08:51:08 GMT+0100 (CET);1573980668000;0.25;52.47;4.46
1438719252742555;9.9;33.8;Sun Nov 17 2019 09:53:05 GMT+0100 (CET);Sun Nov 17 2019 08:53:05 GMT+0100 (CET);1573980785000;0.26;53.68;4.52
1438719252742555;9.9;33.7;Sun Nov 17 2019 09:55:05 GMT+0100 (CET);Sun Nov 17 2019 08:55:05 GMT+0100 (CET);1573980905000;0.24;49.95;4.56
1438719252742555;9.4;33.6;Sun Nov 17 2019 09:57:15 GMT+0100 (CET);Sun Nov 17 2019 08:57:15 GMT+0100 (CET);1573981035000;0.24;51.03;4.57
1438719252742555;9.4;33.6;Sun Nov 17 2019 09:59:08 GMT+0100 (CET);Sun Nov 17 2019 08:59:08 GMT+0100 (CET);1573981148000;0.27;55.72;4.63
1438719252742555;9.9;33.8;Sun Nov 17 2019 10:01:07 GMT+0100 (CET);Sun Nov 17 2019 09:01:07 GMT+0100 (CET);1573981267000;0.28;57.79;4.65
1438719252742555;9.9;33.9;Sun Nov 17 2019 10:03:02 GMT+0100 (CET);Sun Nov 17 2019 09:03:02 GMT+0100 (CET);1573981382000;0.27;54.22;4.66
1438719252742555;9.9;33.7;Sun Nov 17 2019 10:05:24 GMT+0100 (CET);Sun Nov 17 2019 09:05:24 GMT+0100 (CET);1573981524000;0.23;49.27;4.67
1438719252742555;9.9;33.4;Sun Nov 17 2019 10:07:25 GMT+0100 (CET);Sun Nov 17 2019 09:07:25 GMT+0100 (CET);1573981645000;0.27;56.98;4.68
1438719252742555;9.9;33.9;Sun Nov 17 2019 10:09:19 GMT+0100 (CET);Sun Nov 17 2019 09:09:19 GMT+0100 (CET);1573981759000;0.29;61.95;4.74
1438719252742555;9.9;34;Sun Nov 17 2019 10:11:40 GMT+0100 (CET);Sun Nov 17 2019 09:11:40 GMT+0100 (CET);1573981900000;0.3;63.5;4.82
1438719252742555;9.9;34.1;Sun Nov 17 2019 10:13:37 GMT+0100 (CET);Sun Nov 17 2019 09:13:37 GMT+0100 (CET);1573982017000;0.3;63.32;4.9
1438719252742555;9.9;34;Sun Nov 17 2019 10:15:31 GMT+0100 (CET);Sun Nov 17 2019 09:15:31 GMT+0100 (CET);1573982131000;0.29;60.77;5.03
1438719252742555;9.9;34;Sun Nov 17 2019 10:17:23 GMT+0100 (CET);Sun Nov 17 2019 09:17:23 GMT+0100 (CET);1573982243000;0.31;65.86;5.15
1438719252742555;10.4;34;Sun Nov 17 2019 10:20:07 GMT+0100 (CET);Sun Nov 17 2019 09:20:07 GMT+0100 (CET);1573982407000;0.36;71.41;5.2
1438719252742555;10.4;34.1;Sun Nov 17 2019 10:22:05 GMT+0100 (CET);Sun Nov 17 2019 09:22:05 GMT+0100 (CET);1573982525000;0.39;80.42;5.34
1438719252742555;10.4;34.5;Sun Nov 17 2019 10:23:58 GMT+0100 (CET);Sun Nov 17 2019 09:23:58 GMT+0100 (CET);1573982638000;0.34;70.69;5.42
1438719252742555;10.4;34.3;Sun Nov 17 2019 10:25:52 GMT+0100 (CET);Sun Nov 17 2019 09:25:52 GMT+0100 (CET);1573982752000;0.34;71.32;5.47
1438719252742555;10.4;34.5;Sun Nov 17 2019 10:27:53 GMT+0100 (CET);Sun Nov 17 2019 09:27:53 GMT+0100 (CET);1573982873000;0.39;82.95;5.47
1438719252742555;11.9;34.7;Sun Nov 17 2019 10:29:48 GMT+0100 (CET);Sun Nov 17 2019 09:29:48 GMT+0100 (CET);1573982988000;0.42;88.75;5.53
1438719252742555;11.9;34.8;Sun Nov 17 2019 10:31:41 GMT+0100 (CET);Sun Nov 17 2019 09:31:41 GMT+0100 (CET);1573983101000;0.47;97.22;5.63
1438719252742555;11.9;35;Sun Nov 17 2019 10:33:34 GMT+0100 (CET);Sun Nov 17 2019 09:33:34 GMT+0100 (CET);1573983214000;0.45;92.5;5.78
1438719252742555;11.9;34.9;Sun Nov 17 2019 10:35:48 GMT+0100 (CET);Sun Nov 17 2019 09:35:48 GMT+0100 (CET);1573983348000;0.43;90.8;5.85
1438719252742555;11.9;35.2;Sun Nov 17 2019 10:38:15 GMT+0100 (CET);Sun Nov 17 2019 09:38:15 GMT+0100 (CET);1573983495000;0.43;91.49;5.95
1438719252742555;11.9;35.2;Sun Nov 17 2019 10:40:07 GMT+0100 (CET);Sun Nov 17 2019 09:40:07 GMT+0100 (CET);1573983607000;0.48;99.34;5.92
1438719252742555;11.9;35.4;Sun Nov 17 2019 10:42:03 GMT+0100 (CET);Sun Nov 17 2019 09:42:03 GMT+0100 (CET);1573983723000;0.48;100.78;6.02
1438719252742555;12.4;35.4;Sun Nov 17 2019 10:44:14 GMT+0100 (CET);Sun Nov 17 2019 09:44:14 GMT+0100 (CET);1573983854000;0.52;108.83;6.15
1438719252742555;12.4;35.5;Sun Nov 17 2019 10:46:11 GMT+0100 (CET);Sun Nov 17 2019 09:46:11 GMT+0100 (CET);1573983971000;0.49;102.78;6.31
1438719252742555;12.4;35.3;Sun Nov 17 2019 10:48:04 GMT+0100 (CET);Sun Nov 17 2019 09:48:04 GMT+0100 (CET);1573984084000;0.44;91.42;6.46
1438719252742555;12.4;34.7;Sun Nov 17 2019 10:49:57 GMT+0100 (CET);Sun Nov 17 2019 09:49:57 GMT+0100 (CET);1573984197000;0.41;88.75;6.53
1438719252742555;12.4;34.9;Sun Nov 17 2019 10:52:17 GMT+0100 (CET);Sun Nov 17 2019 09:52:17 GMT+0100 (CET);1573984337000;0.46;96.82;6.53
1438719252742555;12.4;35.1;Sun Nov 17 2019 10:54:31 GMT+0100 (CET);Sun Nov 17 2019 09:54:31 GMT+0100 (CET);1573984471000;0.43;91.4;6.6
1438719252742555;12.4;35;Sun Nov 17 2019 10:56:25 GMT+0100 (CET);Sun Nov 17 2019 09:56:25 GMT+0100 (CET);1573984585000;0.45;95.34;6.64
1438719252742555;13.9;34.9;Sun Nov 17 2019 10:58:45 GMT+0100 (CET);Sun Nov 17 2019 09:58:45 GMT+0100 (CET);1573984725000;0.47;98.8;6.67
1438719252742555;13.9;35;Sun Nov 17 2019 11:00:44 GMT+0100 (CET);Sun Nov 17 2019 10:00:44 GMT+0100 (CET);1573984844000;0.49;106.92;6.83
1438719252742555;13.9;35.2;Sun Nov 17 2019 11:02:37 GMT+0100 (CET);Sun Nov 17 2019 10:02:37 GMT+0100 (CET);1573984957000;0.57;122.65;7.02
1438719252742555;13.9;35.3;Sun Nov 17 2019 11:04:36 GMT+0100 (CET);Sun Nov 17 2019 10:04:36 GMT+0100 (CET);1573985076000;0.42;93.19;7.1
1438719252742555;13.9;34.2;Sun Nov 17 2019 11:07:01 GMT+0100 (CET);Sun Nov 17 2019 10:07:01 GMT+0100 (CET);1573985221000;0.38;83.24;7.07
1438719252742555;13.9;34.3;Sun Nov 17 2019 11:09:01 GMT+0100 (CET);Sun Nov 17 2019 10:09:01 GMT+0100 (CET);1573985341000;0.43;92.24;7.1
1438719252742555;13.9;34.4;Sun Nov 17 2019 11:10:55 GMT+0100 (CET);Sun Nov 17 2019 10:10:55 GMT+0100 (CET);1573985455000;0.42;89.64;7.11
1438719252742555;13.9;34.3;Sun Nov 17 2019 11:12:54 GMT+0100 (CET);Sun Nov 17 2019 10:12:54 GMT+0100 (CET);1573985574000;0.37;79.35;7.14
1438719252742555;13.9;34.1;Sun Nov 17 2019 11:15:25 GMT+0100 (CET);Sun Nov 17 2019 10:15:25 GMT+0100 (CET);1573985725000;0.4;83.64;7.18
1438719252742555;13.9;34.3;Sun Nov 17 2019 11:17:22 GMT+0100 (CET);Sun Nov 17 2019 10:17:22 GMT+0100 (CET);1573985842000;0.42;87.15;7.13
1438719252742555;13.9;34.4;Sun Nov 17 2019 11:19:15 GMT+0100 (CET);Sun Nov 17 2019 10:19:15 GMT+0100 (CET);1573985955000;0.4;82.33;7.06
1438719252742555;13.9;34.4;Sun Nov 17 2019 11:21:08 GMT+0100 (CET);Sun Nov 17 2019 10:21:08 GMT+0100 (CET);1573986068000;0.36;74.16;7.01
1438719252742555;13.9;34.1;Sun Nov 17 2019 11:24:01 GMT+0100 (CET);Sun Nov 17 2019 10:24:01 GMT+0100 (CET);1573986241000;0.36;72.52;6.95
1438719252742555;13.9;34;Sun Nov 17 2019 11:25:56 GMT+0100 (CET);Sun Nov 17 2019 10:25:56 GMT+0100 (CET);1573986356000;0.34;68.6;6.9
1438719252742555;13.9;33.9;Sun Nov 17 2019 11:27:53 GMT+0100 (CET);Sun Nov 17 2019 10:27:53 GMT+0100 (CET);1573986473000;0.32;63.95;6.8
1438719252742555;13.9;33.8;Sun Nov 17 2019 11:30:12 GMT+0100 (CET);Sun Nov 17 2019 10:30:12 GMT+0100 (CET);1573986612000;0.33;66.05;6.73
1438719252742555;13.9;33.9;Sun Nov 17 2019 11:32:14 GMT+0100 (CET);Sun Nov 17 2019 10:32:14 GMT+0100 (CET);1573986734000;0.34;69.14;6.72
1438719252742555;13.9;34;Sun Nov 17 2019 11:34:07 GMT+0100 (CET);Sun Nov 17 2019 10:34:07 GMT+0100 (CET);1573986847000;0.34;69.17;6.79
1438719252742555;13.9;33.9;Sun Nov 17 2019 11:36:05 GMT+0100 (CET);Sun Nov 17 2019 10:36:05 GMT+0100 (CET);1573986965000;0.33;67.82;6.86
1438719252742555;12.4;34;Sun Nov 17 2019 11:38:20 GMT+0100 (CET);Sun Nov 17 2019 10:38:20 GMT+0100 (CET);1573987100000;0.33;67.03;6.86
1438719252742555;12.4;34.1;Sun Nov 17 2019 11:40:19 GMT+0100 (CET);Sun Nov 17 2019 10:40:19 GMT+0100 (CET);1573987219000;0.35;70.79;6.94
1438719252742555;12.4;34;Sun Nov 17 2019 11:42:12 GMT+0100 (CET);Sun Nov 17 2019 10:42:12 GMT+0100 (CET);1573987332000;0.36;72.86;7.02
1438719252742555;12.4;34.2;Sun Nov 17 2019 11:44:18 GMT+0100 (CET);Sun Nov 17 2019 10:44:18 GMT+0100 (CET);1573987458000;0.4;81.02;7.04
1438719252742555;12.4;34.3;Sun Nov 17 2019 11:46:11 GMT+0100 (CET);Sun Nov 17 2019 10:46:11 GMT+0100 (CET);1573987571000;0.41;82.71;7.08
1438719252742555;13.9;34.5;Sun Nov 17 2019 11:48:04 GMT+0100 (CET);Sun Nov 17 2019 10:48:04 GMT+0100 (CET);1573987684000;0.41;82.79;7.13
1438719252742555;13.9;34.3;Sun Nov 17 2019 11:50:02 GMT+0100 (CET);Sun Nov 17 2019 10:50:02 GMT+0100 (CET);1573987802000;0.37;77.36;7.08
1438719252742555;12.4;34;Sun Nov 17 2019 11:51:56 GMT+0100 (CET);Sun Nov 17 2019 10:51:56 GMT+0100 (CET);1573987916000;0.4;79.41;7.14
1438719252742555;12.4;34.2;Sun Nov 17 2019 11:53:49 GMT+0100 (CET);Sun Nov 17 2019 10:53:49 GMT+0100 (CET);1573988029000;0.44;88.2;7.22
1438719252742555;12.9;34.6;Sun Nov 17 2019 11:55:51 GMT+0100 (CET);Sun Nov 17 2019 10:55:51 GMT+0100 (CET);1573988151000;0.44;92.42;7.37
1438719252742555;12.9;34.6;Sun Nov 17 2019 11:58:05 GMT+0100 (CET);Sun Nov 17 2019 10:58:05 GMT+0100 (CET);1573988285000;0.46;94.49;7.46
1438719252742555;13.9;34.9;Sun Nov 17 2019 12:00:23 GMT+0100 (CET);Sun Nov 17 2019 11:00:23 GMT+0100 (CET);1573988423000;0.47;96.99;7.6
1438719252742555;13.9;34.7;Sun Nov 17 2019 12:02:16 GMT+0100 (CET);Sun Nov 17 2019 11:02:16 GMT+0100 (CET);1573988536000;0.48;100.91;7.71
1438719252742555;13.9;35.1;Sun Nov 17 2019 12:04:15 GMT+0100 (CET);Sun Nov 17 2019 11:04:15 GMT+0100 (CET);1573988655000;0.49;102.09;7.83
1438719252742555;13.9;35;Sun Nov 17 2019 12:06:18 GMT+0100 (CET);Sun Nov 17 2019 11:06:18 GMT+0100 (CET);1573988778000;0.47;99.01;7.98
1438719252742555;13.9;35;Sun Nov 17 2019 12:08:16 GMT+0100 (CET);Sun Nov 17 2019 11:08:16 GMT+0100 (CET);1573988896000;0.44;91.67;8.1
1438719252742555;13.9;34.9;Sun Nov 17 2019 12:10:11 GMT+0100 (CET);Sun Nov 17 2019 11:10:11 GMT+0100 (CET);1573989011000;0.41;84.13;8.13
1438719252742555;13.9;34.6;Sun Nov 17 2019 12:12:27 GMT+0100 (CET);Sun Nov 17 2019 11:12:27 GMT+0100 (CET);1573989147000;0.38;76.92;8.17
1438719252742555;13.9;34.4;Sun Nov 17 2019 12:14:20 GMT+0100 (CET);Sun Nov 17 2019 11:14:20 GMT+0100 (CET);1573989260000;0.36;72.92;8.18
1438719252742555;13.9;34.2;Sun Nov 17 2019 12:16:17 GMT+0100 (CET);Sun Nov 17 2019 11:16:17 GMT+0100 (CET);1573989377000;0.34;67.86;8.17
1438719252742555;14.4;34;Sun Nov 17 2019 12:18:47 GMT+0100 (CET);Sun Nov 17 2019 11:18:47 GMT+0100 (CET);1573989527000;0.31;62.06;8.21
1438719252742555;14.4;33.6;Sun Nov 17 2019 12:20:57 GMT+0100 (CET);Sun Nov 17 2019 11:20:57 GMT+0100 (CET);1573989657000;0.3;60.47;8.23
1438719252742555;14.4;33.7;Sun Nov 17 2019 12:23:05 GMT+0100 (CET);Sun Nov 17 2019 11:23:05 GMT+0100 (CET);1573989785000;0.31;61.61;8.23
1438719252742555;13.4;33.7;Sun Nov 17 2019 12:25:05 GMT+0100 (CET);Sun Nov 17 2019 11:25:05 GMT+0100 (CET);1573989905000;0.32;63.88;8.23
1438719252742555;13.4;33.8;Sun Nov 17 2019 12:27:25 GMT+0100 (CET);Sun Nov 17 2019 11:27:25 GMT+0100 (CET);1573990045000;0.32;63.94;8.24
1438719252742555;13.9;33.8;Sun Nov 17 2019 12:29:27 GMT+0100 (CET);Sun Nov 17 2019 11:29:27 GMT+0100 (CET);1573990167000;0.33;64.68;8.24
1438719252742555;13.9;33.8;Sun Nov 17 2019 12:31:22 GMT+0100 (CET);Sun Nov 17 2019 11:31:22 GMT+0100 (CET);1573990282000;0.34;66.12;8.23
1438719252742555;13.9;33.9;Sun Nov 17 2019 12:33:22 GMT+0100 (CET);Sun Nov 17 2019 11:33:22 GMT+0100 (CET);1573990402000;0.34;66.55;8.24
1438719252742555;13.9;33.9;Sun Nov 17 2019 12:35:41 GMT+0100 (CET);Sun Nov 17 2019 11:35:41 GMT+0100 (CET);1573990541000;0.34;66.44;8.22
1438719252742555;13.9;33.9;Sun Nov 17 2019 12:37:44 GMT+0100 (CET);Sun Nov 17 2019 11:37:44 GMT+0100 (CET);1573990664000;0.34;66.85;8.24
1438719252742555;13.9;33.8;Sun Nov 17 2019 12:39:51 GMT+0100 (CET);Sun Nov 17 2019 11:39:51 GMT+0100 (CET);1573990791000;0.33;66.71;8.27
1438719252742555;13.9;33.7;Sun Nov 17 2019 12:42:09 GMT+0100 (CET);Sun Nov 17 2019 11:42:09 GMT+0100 (CET);1573990929000;0.34;67.72;8.31
1438719252742555;13.9;33.7;Sun Nov 17 2019 12:44:05 GMT+0100 (CET);Sun Nov 17 2019 11:44:05 GMT+0100 (CET);1573991045000;0.36;71.28;8.36
1438719252742555;13.9;33.7;Sun Nov 17 2019 12:46:01 GMT+0100 (CET);Sun Nov 17 2019 11:46:01 GMT+0100 (CET);1573991161000;0.39;77.32;8.41
1438719252742555;13.9;33.7;Sun Nov 17 2019 12:47:54 GMT+0100 (CET);Sun Nov 17 2019 11:47:54 GMT+0100 (CET);1573991274000;0.41;83.18;8.43
1438719252742555;13.9;34.1;Sun Nov 17 2019 12:49:46 GMT+0100 (CET);Sun Nov 17 2019 11:49:46 GMT+0100 (CET);1573991386000;0.43;86.91;8.47
1438719252742555;13.9;34.2;Sun Nov 17 2019 12:51:39 GMT+0100 (CET);Sun Nov 17 2019 11:51:39 GMT+0100 (CET);1573991499000;0.46;95.93;8.55
1438719252742555;13.9;34.2;Sun Nov 17 2019 12:53:51 GMT+0100 (CET);Sun Nov 17 2019 11:53:51 GMT+0100 (CET);1573991631000;0.54;110.63;8.66
1438719252742555;13.9;35.2;Sun Nov 17 2019 12:55:53 GMT+0100 (CET);Sun Nov 17 2019 11:55:53 GMT+0100 (CET);1573991753000;0.61;127.19;8.78
1438719252742555;14.4;35.4;Sun Nov 17 2019 12:57:55 GMT+0100 (CET);Sun Nov 17 2019 11:57:55 GMT+0100 (CET);1573991875000;0.67;145.52;8.98
1438719252742555;14.4;35.5;Sun Nov 17 2019 13:00:01 GMT+0100 (CET);Sun Nov 17 2019 12:00:01 GMT+0100 (CET);1573992001000;0.73;160.05;9.17
1438719252742555;15.9;35.7;Sun Nov 17 2019 13:01:57 GMT+0100 (CET);Sun Nov 17 2019 12:01:57 GMT+0100 (CET);1573992117000;0.79;175.37;9.41
1438719252742555;15.9;36;Sun Nov 17 2019 13:03:54 GMT+0100 (CET);Sun Nov 17 2019 12:03:54 GMT+0100 (CET);1573992234000;0.93;208.44;9.64
1438719252742555;15.9;36.1;Sun Nov 17 2019 13:05:47 GMT+0100 (CET);Sun Nov 17 2019 12:05:47 GMT+0100 (CET);1573992347000;1.1;246.46;10.03
1438719252742555;15.9;36;Sun Nov 17 2019 13:07:35 GMT+0100 (CET);Sun Nov 17 2019 12:07:35 GMT+0100 (CET);1573992455000;1.27;277.43;10.23
1438719252742555;15.9;36.1;Sun Nov 17 2019 13:09:29 GMT+0100 (CET);Sun Nov 17 2019 12:09:29 GMT+0100 (CET);1573992569000;1.34;296.44;10.6
1438719252742555;16.4;36;Sun Nov 17 2019 13:11:35 GMT+0100 (CET);Sun Nov 17 2019 12:11:35 GMT+0100 (CET);1573992695000;1.23;269.93;10.98
1438719252742555;16.4;35.8;Sun Nov 17 2019 13:13:28 GMT+0100 (CET);Sun Nov 17 2019 12:13:28 GMT+0100 (CET);1573992808000;1.4;300.25;11.27
1438719252742555;17.4;35.9;Sun Nov 17 2019 13:15:29 GMT+0100 (CET);Sun Nov 17 2019 12:15:29 GMT+0100 (CET);1573992929000;1.24;269.95;11.71
1438719252742555;17.4;35.7;Sun Nov 17 2019 13:17:41 GMT+0100 (CET);Sun Nov 17 2019 12:17:41 GMT+0100 (CET);1573993061000;1.27;280.61;12
1438719252742555;17.4;35.4;Sun Nov 17 2019 13:19:39 GMT+0100 (CET);Sun Nov 17 2019 12:19:39 GMT+0100 (CET);1573993179000;1.08;238.86;12.18
1438719252742555;17.4;35.4;Sun Nov 17 2019 13:21:35 GMT+0100 (CET);Sun Nov 17 2019 12:21:35 GMT+0100 (CET);1573993295000;1.18;258.89;12.28
1438719252742555;17.4;35.6;Sun Nov 17 2019 13:24:01 GMT+0100 (CET);Sun Nov 17 2019 12:24:01 GMT+0100 (CET);1573993441000;1.13;244.62;12.37
1438719252742555;20;35.3;Sun Nov 17 2019 13:26:33 GMT+0100 (CET);Sun Nov 17 2019 12:26:33 GMT+0100 (CET);1573993593000;1.01;220.63;12.45
1438719252742555;20;35.4;Sun Nov 17 2019 13:28:26 GMT+0100 (CET);Sun Nov 17 2019 12:28:26 GMT+0100 (CET);1573993706000;1;219.57;12.42
1438719252742555;20;35.3;Sun Nov 17 2019 13:30:22 GMT+0100 (CET);Sun Nov 17 2019 12:30:22 GMT+0100 (CET);1573993822000;1;221.12;12.32
1438719252742555;20;35.5;Sun Nov 17 2019 13:32:16 GMT+0100 (CET);Sun Nov 17 2019 12:32:16 GMT+0100 (CET);1573993936000;1.22;268.24;12.32
1438719252742555;20;35.6;Sun Nov 17 2019 13:34:30 GMT+0100 (CET);Sun Nov 17 2019 12:34:30 GMT+0100 (CET);1573994070000;1.17;253.23;12.48
1438719252742555;20;35.4;Sun Nov 17 2019 13:36:46 GMT+0100 (CET);Sun Nov 17 2019 12:36:46 GMT+0100 (CET);1573994206000;0.93;209.63;12.6
1438719252742555;20;35.1;Sun Nov 17 2019 13:39:26 GMT+0100 (CET);Sun Nov 17 2019 12:39:26 GMT+0100 (CET);1573994366000;0.9;197.75;12.57
1438719252742555;20;35.2;Sun Nov 17 2019 13:41:33 GMT+0100 (CET);Sun Nov 17 2019 12:41:33 GMT+0100 (CET);1573994493000;0.88;192.46;12.56
1438719252742555;20;35.1;Sun Nov 17 2019 13:43:26 GMT+0100 (CET);Sun Nov 17 2019 12:43:26 GMT+0100 (CET);1573994606000;0.81;177.94;12.46
1438719252742555;20;35.1;Sun Nov 17 2019 13:45:22 GMT+0100 (CET);Sun Nov 17 2019 12:45:22 GMT+0100 (CET);1573994722000;0.75;164.36;12.38
1438719252742555;20;35;Sun Nov 17 2019 13:47:22 GMT+0100 (CET);Sun Nov 17 2019 12:47:22 GMT+0100 (CET);1573994842000;0.72;157.33;12.31
1438719252742555;20;34.9;Sun Nov 17 2019 13:49:47 GMT+0100 (CET);Sun Nov 17 2019 12:49:47 GMT+0100 (CET);1573994987000;0.69;153.05;12.22
1438719252742555;20;34.9;Sun Nov 17 2019 13:51:44 GMT+0100 (CET);Sun Nov 17 2019 12:51:44 GMT+0100 (CET);1573995104000;0.66;146.86;12.08
1438719252742555;18.4;35.1;Sun Nov 17 2019 13:54:12 GMT+0100 (CET);Sun Nov 17 2019 12:54:12 GMT+0100 (CET);1573995252000;0.71;157.76;11.96
1438719252742555;18.4;35.4;Sun Nov 17 2019 13:56:32 GMT+0100 (CET);Sun Nov 17 2019 12:56:32 GMT+0100 (CET);1573995392000;0.75;170.4;11.9
1438719252742555;18.4;35.2;Sun Nov 17 2019 13:58:30 GMT+0100 (CET);Sun Nov 17 2019 12:58:30 GMT+0100 (CET);1573995510000;0.81;181.07;11.87
1438719252742555;18.4;35.2;Sun Nov 17 2019 14:00:25 GMT+0100 (CET);Sun Nov 17 2019 13:00:25 GMT+0100 (CET);1573995625000;0.77;167.1;11.9
1438719252742555;18.4;35.2;Sun Nov 17 2019 14:02:34 GMT+0100 (CET);Sun Nov 17 2019 13:02:34 GMT+0100 (CET);1573995754000;0.82;182.31;11.92
1438719252742555;17.4;35.2;Sun Nov 17 2019 14:04:30 GMT+0100 (CET);Sun Nov 17 2019 13:04:30 GMT+0100 (CET);1573995870000;0.74;166.64;11.92
1438719252742555;17.4;35;Sun Nov 17 2019 14:06:22 GMT+0100 (CET);Sun Nov 17 2019 13:06:22 GMT+0100 (CET);1573995982000;0.65;147.37;11.97
1438719252742555;17.4;35.1;Sun Nov 17 2019 14:08:12 GMT+0100 (CET);Sun Nov 17 2019 13:08:12 GMT+0100 (CET);1573996092000;0.66;154.66;11.96
1438719252742555;17.4;35.1;Sun Nov 17 2019 14:10:05 GMT+0100 (CET);Sun Nov 17 2019 13:10:05 GMT+0100 (CET);1573996205000;0.77;171.51;11.99
1438719252742555;17.4;35.3;Sun Nov 17 2019 14:12:30 GMT+0100 (CET);Sun Nov 17 2019 13:12:30 GMT+0100 (CET);1573996350000;0.82;180.57;12.1
1438719252742555;17.4;35.2;Sun Nov 17 2019 14:14:24 GMT+0100 (CET);Sun Nov 17 2019 13:14:24 GMT+0100 (CET);1573996464000;0.69;154.15;12.14
1438719252742555;17.4;35;Sun Nov 17 2019 14:16:22 GMT+0100 (CET);Sun Nov 17 2019 13:16:22 GMT+0100 (CET);1573996582000;0.64;143.97;12.16
1438719252742555;17.4;34.9;Sun Nov 17 2019 14:18:44 GMT+0100 (CET);Sun Nov 17 2019 13:18:44 GMT+0100 (CET);1573996724000;0.58;129.16;12.18
1438719252742555;17.4;34.3;Sun Nov 17 2019 14:20:45 GMT+0100 (CET);Sun Nov 17 2019 13:20:45 GMT+0100 (CET);1573996845000;0.53;116.06;12.18
1438719252742555;17.4;34.2;Sun Nov 17 2019 14:22:47 GMT+0100 (CET);Sun Nov 17 2019 13:22:47 GMT+0100 (CET);1573996967000;0.5;109.96;12.14
1438719252742555;17.4;34.1;Sun Nov 17 2019 14:25:11 GMT+0100 (CET);Sun Nov 17 2019 13:25:11 GMT+0100 (CET);1573997111000;0.49;108.44;12.1
1438719252742555;17.4;34.2;Sun Nov 17 2019 14:27:11 GMT+0100 (CET);Sun Nov 17 2019 13:27:11 GMT+0100 (CET);1573997231000;0.5;109.29;12.03
1438719252742555;17.4;34.1;Sun Nov 17 2019 14:29:39 GMT+0100 (CET);Sun Nov 17 2019 13:29:39 GMT+0100 (CET);1573997379000;0.53;114.72;11.96
1438719252742555;17.4;34.4;Sun Nov 17 2019 14:31:31 GMT+0100 (CET);Sun Nov 17 2019 13:31:31 GMT+0100 (CET);1573997491000;0.55;120.02;11.92
1438719252742555;17.4;34.5;Sun Nov 17 2019 14:34:13 GMT+0100 (CET);Sun Nov 17 2019 13:34:13 GMT+0100 (CET);1573997653000;0.54;117.22;11.87
1438719252742555;17.4;34.3;Sun Nov 17 2019 14:36:10 GMT+0100 (CET);Sun Nov 17 2019 13:36:10 GMT+0100 (CET);1573997770000;0.53;114.82;11.87
1438719252742555;17.4;34.3;Sun Nov 17 2019 14:38:06 GMT+0100 (CET);Sun Nov 17 2019 13:38:06 GMT+0100 (CET);1573997886000;0.5;110.66;11.83
1438719252742555;17.4;34.2;Sun Nov 17 2019 14:40:57 GMT+0100 (CET);Sun Nov 17 2019 13:40:57 GMT+0100 (CET);1573998057000;0.48;106.4;11.81
1438719252742555;17.4;34.1;Sun Nov 17 2019 14:43:00 GMT+0100 (CET);Sun Nov 17 2019 13:43:00 GMT+0100 (CET);1573998180000;0.5;111.19;11.8
1438719252742555;16.4;34.3;Sun Nov 17 2019 14:45:05 GMT+0100 (CET);Sun Nov 17 2019 13:45:05 GMT+0100 (CET);1573998305000;0.55;121.66;11.79
1438719252742555;16.4;34.9;Sun Nov 17 2019 14:47:09 GMT+0100 (CET);Sun Nov 17 2019 13:47:09 GMT+0100 (CET);1573998429000;0.56;124.09;11.82
1438719252742555;16.4;34.8;Sun Nov 17 2019 14:49:21 GMT+0100 (CET);Sun Nov 17 2019 13:49:21 GMT+0100 (CET);1573998561000;0.57;128.28;11.87
1438719252742555;16.4;35.1;Sun Nov 17 2019 14:51:18 GMT+0100 (CET);Sun Nov 17 2019 13:51:18 GMT+0100 (CET);1573998678000;0.65;145.37;11.94
1438719252742555;16.4;35.1;Sun Nov 17 2019 14:53:27 GMT+0100 (CET);Sun Nov 17 2019 13:53:27 GMT+0100 (CET);1573998807000;0.6;133.06;12.07
1438719252742555;17.4;35;Sun Nov 17 2019 14:55:21 GMT+0100 (CET);Sun Nov 17 2019 13:55:21 GMT+0100 (CET);1573998921000;0.56;122.92;12.11
1438719252742555;17.4;34.7;Sun Nov 17 2019 14:57:35 GMT+0100 (CET);Sun Nov 17 2019 13:57:35 GMT+0100 (CET);1573999055000;0.52;114.83;12.14
1438719252742555;17.4;34.6;Sun Nov 17 2019 15:00:00 GMT+0100 (CET);Sun Nov 17 2019 14:00:00 GMT+0100 (CET);1573999200000;0.46;102.96;12.11
1438719252742555;17.4;34.2;Sun Nov 17 2019 15:04:17 GMT+0100 (CET);Sun Nov 17 2019 14:04:17 GMT+0100 (CET);1573999457000;0.4;83.83;11.98
1438719252742555;16.4;33.7;Sun Nov 17 2019 15:08:21 GMT+0100 (CET);Sun Nov 17 2019 14:08:21 GMT+0100 (CET);1573999701000;0.34;76.43;11.81
1438719252742555;3.8;26.1;Mon Nov 18 2019 07:49:07 GMT+0100 (CET);Mon Nov 18 2019 06:49:07 GMT+0100 (CET);1574059747000;0;4.73;5.05
1438719252742555;3.8;31.7;Mon Nov 18 2019 07:51:00 GMT+0100 (CET);Mon Nov 18 2019 06:51:00 GMT+0100 (CET);1574059860000;0;5.22;5.07
1438719252742555;3.8;32.6;Mon Nov 18 2019 07:52:53 GMT+0100 (CET);Mon Nov 18 2019 06:52:53 GMT+0100 (CET);1574059973000;0;5.46;5.05
1438719252742555;3.8;32.6;Mon Nov 18 2019 07:55:09 GMT+0100 (CET);Mon Nov 18 2019 06:55:09 GMT+0100 (CET);1574060109000;0;5.75;5.05
1438719252742555;3.8;33.2;Mon Nov 18 2019 07:57:02 GMT+0100 (CET);Mon Nov 18 2019 06:57:02 GMT+0100 (CET);1574060222000;0;6.13;5.06
1438719252742555;3.8;33.3;Mon Nov 18 2019 07:58:54 GMT+0100 (CET);Mon Nov 18 2019 06:58:54 GMT+0100 (CET);1574060334000;0;6.24;5.06
1438719252742555;3.8;33.5;Mon Nov 18 2019 08:00:47 GMT+0100 (CET);Mon Nov 18 2019 07:00:47 GMT+0100 (CET);1574060447000;0;6.5;5.07
1438719252742555;7.9;31.3;Mon Nov 18 2019 08:02:46 GMT+0100 (CET);Mon Nov 18 2019 07:02:46 GMT+0100 (CET);1574060566000;0;7.03;5.09
1438719252742555;7.9;34.3;Mon Nov 18 2019 08:04:40 GMT+0100 (CET);Mon Nov 18 2019 07:04:40 GMT+0100 (CET);1574060680000;0;8.09;5.1
1438719252742555;7.9;31;Mon Nov 18 2019 08:06:33 GMT+0100 (CET);Mon Nov 18 2019 07:06:33 GMT+0100 (CET);1574060793000;0;9.06;5.14
1438719252742555;8.4;28.4;Mon Nov 18 2019 08:08:26 GMT+0100 (CET);Mon Nov 18 2019 07:08:26 GMT+0100 (CET);1574060906000;0;10.36;5.14
1438719252742555;8.4;28.2;Mon Nov 18 2019 08:10:32 GMT+0100 (CET);Mon Nov 18 2019 07:10:32 GMT+0100 (CET);1574061032000;0;10.39;5.16
1438719252742555;8.4;28.4;Mon Nov 18 2019 08:12:26 GMT+0100 (CET);Mon Nov 18 2019 07:12:26 GMT+0100 (CET);1574061146000;0;10.1;5.17
1438719252742555;8.4;28.4;Mon Nov 18 2019 08:14:19 GMT+0100 (CET);Mon Nov 18 2019 07:14:19 GMT+0100 (CET);1574061259000;0;10.77;5.17
1438719252742555;8.4;28.7;Mon Nov 18 2019 08:16:11 GMT+0100 (CET);Mon Nov 18 2019 07:16:11 GMT+0100 (CET);1574061371000;0;11.18;5.2
1438719252742555;6.4;28.4;Mon Nov 18 2019 08:18:20 GMT+0100 (CET);Mon Nov 18 2019 07:18:20 GMT+0100 (CET);1574061500000;0.06;12.7;5.2
1438719252742555;6.4;29.1;Mon Nov 18 2019 08:20:13 GMT+0100 (CET);Mon Nov 18 2019 07:20:13 GMT+0100 (CET);1574061613000;0.06;12.8;5.2
1438719252742555;6.4;29.2;Mon Nov 18 2019 08:22:11 GMT+0100 (CET);Mon Nov 18 2019 07:22:11 GMT+0100 (CET);1574061731000;0.06;12.05;5.19
1438719252742555;6.4;29;Mon Nov 18 2019 08:24:11 GMT+0100 (CET);Mon Nov 18 2019 07:24:11 GMT+0100 (CET);1574061851000;0;11.45;5.17
1438719252742555;6.4;28.8;Mon Nov 18 2019 08:26:04 GMT+0100 (CET);Mon Nov 18 2019 07:26:04 GMT+0100 (CET);1574061964000;0;10.07;5.16
1438719252742555;6.4;28.2;Mon Nov 18 2019 08:27:57 GMT+0100 (CET);Mon Nov 18 2019 07:27:57 GMT+0100 (CET);1574062077000;0;8.62;5.14
1438719252742555;6.4;28.1;Mon Nov 18 2019 08:29:49 GMT+0100 (CET);Mon Nov 18 2019 07:29:49 GMT+0100 (CET);1574062189000;0;9.2;5.13
1438719252742555;6.4;27.8;Mon Nov 18 2019 08:31:42 GMT+0100 (CET);Mon Nov 18 2019 07:31:42 GMT+0100 (CET);1574062302000;0;9.89;5.12
1438719252742555;6.4;27.6;Mon Nov 18 2019 08:33:59 GMT+0100 (CET);Mon Nov 18 2019 07:33:59 GMT+0100 (CET);1574062439000;0;10.81;5.11
1438719252742555;6.4;27.4;Mon Nov 18 2019 08:35:57 GMT+0100 (CET);Mon Nov 18 2019 07:35:57 GMT+0100 (CET);1574062557000;0.06;11.73;5.1
1438719252742555;6.4;28.3;Mon Nov 18 2019 08:37:51 GMT+0100 (CET);Mon Nov 18 2019 07:37:51 GMT+0100 (CET);1574062671000;0;12.07;5.11
1438719252742555;6.4;29.2;Mon Nov 18 2019 08:39:45 GMT+0100 (CET);Mon Nov 18 2019 07:39:45 GMT+0100 (CET);1574062785000;0.06;13.49;5.11
1438719252742555;6.4;29.4;Mon Nov 18 2019 08:41:37 GMT+0100 (CET);Mon Nov 18 2019 07:41:37 GMT+0100 (CET);1574062897000;0.06;14.04;5.13
1438719252742555;6.4;29.2;Mon Nov 18 2019 08:43:30 GMT+0100 (CET);Mon Nov 18 2019 07:43:30 GMT+0100 (CET);1574063010000;0.07;15.99;5.14
1438719252742555;7.9;30.1;Mon Nov 18 2019 08:45:24 GMT+0100 (CET);Mon Nov 18 2019 07:45:24 GMT+0100 (CET);1574063124000;0.08;17.13;5.14
1438719252742555;7.9;30.9;Mon Nov 18 2019 08:47:17 GMT+0100 (CET);Mon Nov 18 2019 07:47:17 GMT+0100 (CET);1574063237000;0.09;18.72;5.16
1438719252742555;7.9;31.3;Mon Nov 18 2019 08:49:32 GMT+0100 (CET);Mon Nov 18 2019 07:49:32 GMT+0100 (CET);1574063372000;0.1;20.59;5.17
1438719252742555;7.9;31.5;Mon Nov 18 2019 08:51:25 GMT+0100 (CET);Mon Nov 18 2019 07:51:25 GMT+0100 (CET);1574063485000;0.1;21.75;5.15
1438719252742555;7.9;31.8;Mon Nov 18 2019 08:53:18 GMT+0100 (CET);Mon Nov 18 2019 07:53:18 GMT+0100 (CET);1574063598000;0.12;24.83;5.16
1438719252742555;7.9;31.7;Mon Nov 18 2019 08:55:10 GMT+0100 (CET);Mon Nov 18 2019 07:55:10 GMT+0100 (CET);1574063710000;0.13;27.51;5.17
1438719252742555;7.9;32.2;Mon Nov 18 2019 08:57:04 GMT+0100 (CET);Mon Nov 18 2019 07:57:04 GMT+0100 (CET);1574063824000;0.13;27.37;5.21
1438719252742555;7.9;32.2;Mon Nov 18 2019 08:58:58 GMT+0100 (CET);Mon Nov 18 2019 07:58:58 GMT+0100 (CET);1574063938000;0.13;26.58;5.25
1438719252742555;8.4;32.2;Mon Nov 18 2019 09:00:52 GMT+0100 (CET);Mon Nov 18 2019 08:00:52 GMT+0100 (CET);1574064052000;0.12;27.3;5.28
1438719252742555;8.4;32.2;Mon Nov 18 2019 09:02:45 GMT+0100 (CET);Mon Nov 18 2019 08:02:45 GMT+0100 (CET);1574064165000;0.14;30.17;5.28
1438719252742555;8.4;32.7;Mon Nov 18 2019 09:05:05 GMT+0100 (CET);Mon Nov 18 2019 08:05:05 GMT+0100 (CET);1574064305000;0.15;32.12;5.28
1438719252742555;8.4;32.7;Mon Nov 18 2019 09:06:59 GMT+0100 (CET);Mon Nov 18 2019 08:06:59 GMT+0100 (CET);1574064419000;0.14;30.82;5.31
1438719252742555;8.4;32.5;Mon Nov 18 2019 09:08:53 GMT+0100 (CET);Mon Nov 18 2019 08:08:53 GMT+0100 (CET);1574064533000;0.14;29.54;5.33
1438719252742555;8.4;32.4;Mon Nov 18 2019 09:10:46 GMT+0100 (CET);Mon Nov 18 2019 08:10:46 GMT+0100 (CET);1574064646000;0.13;28.3;5.33
1438719252742555;8.4;32.4;Mon Nov 18 2019 09:12:40 GMT+0100 (CET);Mon Nov 18 2019 08:12:40 GMT+0100 (CET);1574064760000;0.15;32.84;5.33
1438719252742555;8.4;32.6;Mon Nov 18 2019 09:14:33 GMT+0100 (CET);Mon Nov 18 2019 08:14:33 GMT+0100 (CET);1574064873000;0.18;39.37;5.34
1438719252742555;8.4;32.7;Mon Nov 18 2019 09:16:26 GMT+0100 (CET);Mon Nov 18 2019 08:16:26 GMT+0100 (CET);1574064986000;0.22;45.9;5.36
1438719252742555;8.4;33.2;Mon Nov 18 2019 09:18:19 GMT+0100 (CET);Mon Nov 18 2019 08:18:19 GMT+0100 (CET);1574065099000;0.28;59.55;5.41
1438719252742555;9.9;33.4;Mon Nov 18 2019 09:20:30 GMT+0100 (CET);Mon Nov 18 2019 08:20:30 GMT+0100 (CET);1574065230000;0.35;72.34;5.45
1438719252742555;9.9;34;Mon Nov 18 2019 09:22:23 GMT+0100 (CET);Mon Nov 18 2019 08:22:23 GMT+0100 (CET);1574065343000;0.38;80.88;5.53
1438719252742555;9.9;34.3;Mon Nov 18 2019 09:24:16 GMT+0100 (CET);Mon Nov 18 2019 08:24:16 GMT+0100 (CET);1574065456000;0.44;93.35;5.59
1438719252742555;9.9;35.2;Mon Nov 18 2019 09:26:09 GMT+0100 (CET);Mon Nov 18 2019 08:26:09 GMT+0100 (CET);1574065569000;0.45;97.94;5.64
1438719252742555;9.9;35.5;Mon Nov 18 2019 09:28:07 GMT+0100 (CET);Mon Nov 18 2019 08:28:07 GMT+0100 (CET);1574065687000;0.46;100.35;5.73
1438719252742555;11.9;35.5;Mon Nov 18 2019 09:29:59 GMT+0100 (CET);Mon Nov 18 2019 08:29:59 GMT+0100 (CET);1574065799000;0.47;102.5;5.79
1438719252742555;11.9;35.5;Mon Nov 18 2019 09:31:53 GMT+0100 (CET);Mon Nov 18 2019 08:31:53 GMT+0100 (CET);1574065913000;0.49;105.91;5.85
1438719252742555;11.9;35.6;Mon Nov 18 2019 09:33:45 GMT+0100 (CET);Mon Nov 18 2019 08:33:45 GMT+0100 (CET);1574066025000;0.54;115.75;5.95
1438719252742555;11.9;35.7;Mon Nov 18 2019 09:36:04 GMT+0100 (CET);Mon Nov 18 2019 08:36:04 GMT+0100 (CET);1574066164000;0.57;124.13;6.09
1438719252742555;11.9;35.7;Mon Nov 18 2019 09:37:57 GMT+0100 (CET);Mon Nov 18 2019 08:37:57 GMT+0100 (CET);1574066277000;0.54;117.64;6.17
1438719252742555;11.9;36.1;Mon Nov 18 2019 09:39:50 GMT+0100 (CET);Mon Nov 18 2019 08:39:50 GMT+0100 (CET);1574066390000;0.66;148.38;6.29
1438719252742555;11.9;31.4;Mon Nov 18 2019 09:41:49 GMT+0100 (CET);Mon Nov 18 2019 08:41:49 GMT+0100 (CET);1574066509000;0.85;199.01;6.45
1438719252742555;11.9;29.8;Mon Nov 18 2019 09:43:42 GMT+0100 (CET);Mon Nov 18 2019 08:43:42 GMT+0100 (CET);1574066622000;1.06;274.22;6.69
1438719252742555;11.9;26.5;Mon Nov 18 2019 09:45:34 GMT+0100 (CET);Mon Nov 18 2019 08:45:34 GMT+0100 (CET);1574066734000;1.76;504.31;7.2
1438719252742555;9.9;26.3;Mon Nov 18 2019 09:47:29 GMT+0100 (CET);Mon Nov 18 2019 08:47:29 GMT+0100 (CET);1574066849000;1.6;509.43;7.84
1438719252742555;9.9;26;Mon Nov 18 2019 09:49:22 GMT+0100 (CET);Mon Nov 18 2019 08:49:22 GMT+0100 (CET);1574066962000;1.8;471.03;8.32
1438719252742555;9.9;25.7;Mon Nov 18 2019 09:51:36 GMT+0100 (CET);Mon Nov 18 2019 08:51:36 GMT+0100 (CET);1574067096000;1.58;350.71;8.69
1438719252742555;11.9;24.2;Mon Nov 18 2019 09:53:29 GMT+0100 (CET);Mon Nov 18 2019 08:53:29 GMT+0100 (CET);1574067209000;1.5;337.91;9.01
1438719252742555;11.9;24.8;Mon Nov 18 2019 09:55:23 GMT+0100 (CET);Mon Nov 18 2019 08:55:23 GMT+0100 (CET);1574067323000;1.01;239.67;9
1438719252742555;11.9;24.6;Mon Nov 18 2019 09:57:16 GMT+0100 (CET);Mon Nov 18 2019 08:57:16 GMT+0100 (CET);1574067436000;1.31;277.38;9.04
1438719252742555;11.9;24.3;Mon Nov 18 2019 09:59:10 GMT+0100 (CET);Mon Nov 18 2019 08:59:10 GMT+0100 (CET);1574067550000;1.78;391.67;9.09
1438719252742555;11.9;24.5;Mon Nov 18 2019 10:01:03 GMT+0100 (CET);Mon Nov 18 2019 09:01:03 GMT+0100 (CET);1574067663000;1.74;391.67;9.17
1438719252742555;12.4;24;Mon Nov 18 2019 10:03:14 GMT+0100 (CET);Mon Nov 18 2019 09:03:14 GMT+0100 (CET);1574067794000;2.08;453.11;9.23
1438719252742555;12.4;25.1;Mon Nov 18 2019 10:05:10 GMT+0100 (CET);Mon Nov 18 2019 09:05:10 GMT+0100 (CET);1574067910000;2.51;542.71;9.49
1438719252742555;13.9;28.8;Mon Nov 18 2019 10:07:05 GMT+0100 (CET);Mon Nov 18 2019 09:07:05 GMT+0100 (CET);1574068025000;2.15;376.31;9.5
1438719252742555;13.9;30;Mon Nov 18 2019 10:08:59 GMT+0100 (CET);Mon Nov 18 2019 09:08:59 GMT+0100 (CET);1574068139000;2.59;560.63;9.28
1438719252742555;13.9;24.3;Mon Nov 18 2019 10:10:51 GMT+0100 (CET);Mon Nov 18 2019 09:10:51 GMT+0100 (CET);1574068251000;0.76;206.66;9.17
1438719252742555;15.9;26.6;Mon Nov 18 2019 10:12:45 GMT+0100 (CET);Mon Nov 18 2019 09:12:45 GMT+0100 (CET);1574068365000;1.13;260.74;9.24
1438719252742555;15.9;31.3;Mon Nov 18 2019 10:14:39 GMT+0100 (CET);Mon Nov 18 2019 09:14:39 GMT+0100 (CET);1574068479000;1.04;219.49;9.11
1438719252742555;17.4;35.6;Mon Nov 18 2019 10:16:34 GMT+0100 (CET);Mon Nov 18 2019 09:16:34 GMT+0100 (CET);1574068594000;1.81;424.95;9.01
1438719252742555;17.4;36;Mon Nov 18 2019 10:18:31 GMT+0100 (CET);Mon Nov 18 2019 09:18:31 GMT+0100 (CET);1574068711000;1.17;234.01;8.93
1438719252742555;17.4;36.3;Mon Nov 18 2019 10:20:26 GMT+0100 (CET);Mon Nov 18 2019 09:20:26 GMT+0100 (CET);1574068826000;2.89;614.39;9.18
1438719252742555;17.4;26.4;Mon Nov 18 2019 10:22:34 GMT+0100 (CET);Mon Nov 18 2019 09:22:34 GMT+0100 (CET);1574068954000;0.66;157.55;9.54
1438719252742555;17.4;33.7;Mon Nov 18 2019 10:24:27 GMT+0100 (CET);Mon Nov 18 2019 09:24:27 GMT+0100 (CET);1574069067000;2.75;481.27;9.43
1438719252742555;17.4;35.2;Mon Nov 18 2019 10:26:21 GMT+0100 (CET);Mon Nov 18 2019 09:26:21 GMT+0100 (CET);1574069181000;1.3;450.55;9.77
1438719252742555;17.4;35.6;Mon Nov 18 2019 10:28:15 GMT+0100 (CET);Mon Nov 18 2019 09:28:15 GMT+0100 (CET);1574069295000;3.02;632.31;9.78
1438719252742555;17.4;32.5;Mon Nov 18 2019 10:30:08 GMT+0100 (CET);Mon Nov 18 2019 09:30:08 GMT+0100 (CET);1574069408000;1.28;478.71;9.77
1438719252742555;20;34.8;Mon Nov 18 2019 10:32:00 GMT+0100 (CET);Mon Nov 18 2019 09:32:00 GMT+0100 (CET);1574069520000;1.76;314.04;9.75
1438719252742555;20;36.3;Mon Nov 18 2019 10:33:53 GMT+0100 (CET);Mon Nov 18 2019 09:33:53 GMT+0100 (CET);1574069633000;2.45;504.31;9.9
1438719252742555;20;35.9;Mon Nov 18 2019 10:35:46 GMT+0100 (CET);Mon Nov 18 2019 09:35:46 GMT+0100 (CET);1574069746000;1.11;196.09;10.26
1438719252742555;20;33;Mon Nov 18 2019 10:38:12 GMT+0100 (CET);Mon Nov 18 2019 09:38:12 GMT+0100 (CET);1574069892000;0.71;164.38;9.98
1438719252742555;20;35.3;Mon Nov 18 2019 10:40:05 GMT+0100 (CET);Mon Nov 18 2019 09:40:05 GMT+0100 (CET);1574070005000;0.85;168.9;9.78
1438719252742555;20;34.5;Mon Nov 18 2019 10:41:58 GMT+0100 (CET);Mon Nov 18 2019 09:41:58 GMT+0100 (CET);1574070118000;0.95;205.82;9.5
1438719252742555;20;33.7;Mon Nov 18 2019 10:43:50 GMT+0100 (CET);Mon Nov 18 2019 09:43:50 GMT+0100 (CET);1574070230000;0.8;186.22;9.27
1438719252742555;20;37.5;Mon Nov 18 2019 10:45:48 GMT+0100 (CET);Mon Nov 18 2019 09:45:48 GMT+0100 (CET);1574070348000;2.42;565.75;9.19
1438719252742555;20;36;Mon Nov 18 2019 10:47:41 GMT+0100 (CET);Mon Nov 18 2019 09:47:41 GMT+0100 (CET);1574070461000;1.14;246.75;9.33
1438719252742555;20;36.7;Mon Nov 18 2019 10:49:34 GMT+0100 (CET);Mon Nov 18 2019 09:49:34 GMT+0100 (CET);1574070574000;1.04;239.98;9.36
1438719252742555;20;36.7;Mon Nov 18 2019 10:51:27 GMT+0100 (CET);Mon Nov 18 2019 09:51:27 GMT+0100 (CET);1574070687000;3.15;676.65;9.62
1438719252742555;20;36.2;Mon Nov 18 2019 10:53:54 GMT+0100 (CET);Mon Nov 18 2019 09:53:54 GMT+0100 (CET);1574070834000;3.01;647.67;10.53
1438719252742555;20;36;Mon Nov 18 2019 10:55:46 GMT+0100 (CET);Mon Nov 18 2019 09:55:46 GMT+0100 (CET);1574070946000;0.65;149.31;10.98
1438719252742555;20;35.9;Mon Nov 18 2019 10:57:39 GMT+0100 (CET);Mon Nov 18 2019 09:57:39 GMT+0100 (CET);1574071059000;3.03;652.79;11.1
1438719252742555;20;35;Mon Nov 18 2019 10:59:32 GMT+0100 (CET);Mon Nov 18 2019 09:59:32 GMT+0100 (CET);1574071172000;2.91;581.11;11.31
1438719252742555;20;35.8;Mon Nov 18 2019 11:01:29 GMT+0100 (CET);Mon Nov 18 2019 10:01:29 GMT+0100 (CET);1574071289000;3.1;667.61;11.55
1438719252742555;20;35.6;Mon Nov 18 2019 11:03:24 GMT+0100 (CET);Mon Nov 18 2019 10:03:24 GMT+0100 (CET);1574071404000;3.14;673.97;11.78
1438719252742555;22.5;30.3;Mon Nov 18 2019 11:05:17 GMT+0100 (CET);Mon Nov 18 2019 10:05:17 GMT+0100 (CET);1574071517000;1.7;197.58;11.78
1438719252742555;22.5;35.9;Mon Nov 18 2019 11:07:10 GMT+0100 (CET);Mon Nov 18 2019 10:07:10 GMT+0100 (CET);1574071630000;3.06;639.99;12.06
1438719252742555;24;35.4;Mon Nov 18 2019 11:09:32 GMT+0100 (CET);Mon Nov 18 2019 10:09:32 GMT+0100 (CET);1574071772000;3.13;670.57;12.42
1438719252742555;24;35.2;Mon Nov 18 2019 11:11:25 GMT+0100 (CET);Mon Nov 18 2019 10:11:25 GMT+0100 (CET);1574071885000;3.17;674.39;12.71
1438719252742555;24.5;34.3;Mon Nov 18 2019 11:13:20 GMT+0100 (CET);Mon Nov 18 2019 10:13:20 GMT+0100 (CET);1574072000000;1.28;194.29;12.91
1438719252742555;24.5;29.9;Mon Nov 18 2019 11:15:13 GMT+0100 (CET);Mon Nov 18 2019 10:15:13 GMT+0100 (CET);1574072113000;0.71;163.16;12.63
1438719252742555;24.5;33.2;Mon Nov 18 2019 11:17:06 GMT+0100 (CET);Mon Nov 18 2019 10:17:06 GMT+0100 (CET);1574072226000;0.62;141.09;12.23
1438719252742555;24;32.1;Mon Nov 18 2019 11:19:02 GMT+0100 (CET);Mon Nov 18 2019 10:19:02 GMT+0100 (CET);1574072342000;2.85;657.96;11.56
1438719252742555;24;36;Mon Nov 18 2019 11:20:58 GMT+0100 (CET);Mon Nov 18 2019 10:20:58 GMT+0100 (CET);1574072458000;3.27;681.28;11.67
1438719252742555;24;34;Mon Nov 18 2019 11:22:51 GMT+0100 (CET);Mon Nov 18 2019 10:22:51 GMT+0100 (CET);1574072571000;1.2;307.54;11.77
1438719252742555;24;29;Mon Nov 18 2019 11:24:54 GMT+0100 (CET);Mon Nov 18 2019 10:24:54 GMT+0100 (CET);1574072694000;0.58;138.9;11.17
1438719252742555;22;29.8;Mon Nov 18 2019 11:26:47 GMT+0100 (CET);Mon Nov 18 2019 10:26:47 GMT+0100 (CET);1574072807000;0.83;205.22;10.42
1438719252742555;22;32.3;Mon Nov 18 2019 11:28:40 GMT+0100 (CET);Mon Nov 18 2019 10:28:40 GMT+0100 (CET);1574072920000;0.93;210.73;10.05
1438719252742555;22;35.7;Mon Nov 18 2019 11:30:33 GMT+0100 (CET);Mon Nov 18 2019 10:30:33 GMT+0100 (CET);1574073033000;2.98;639.99;9.82
1438719252742555;22;34.1;Mon Nov 18 2019 11:32:27 GMT+0100 (CET);Mon Nov 18 2019 10:32:27 GMT+0100 (CET);1574073147000;3.75;793.42;10.39
1438719252742555;22;36.1;Mon Nov 18 2019 11:34:19 GMT+0100 (CET);Mon Nov 18 2019 10:34:19 GMT+0100 (CET);1574073259000;3.71;780.33;11.35
1438719252742555;22;28.6;Mon Nov 18 2019 11:36:13 GMT+0100 (CET);Mon Nov 18 2019 10:36:13 GMT+0100 (CET);1574073373000;0.78;173.11;11.92
1438719252742555;22;31.6;Mon Nov 18 2019 11:38:07 GMT+0100 (CET);Mon Nov 18 2019 10:38:07 GMT+0100 (CET);1574073487000;0.71;176.8;11.71
1438719252742555;22;36.2;Mon Nov 18 2019 11:40:21 GMT+0100 (CET);Mon Nov 18 2019 10:40:21 GMT+0100 (CET);1574073621000;3.22;688.32;11.32
1438719252742555;22;36;Mon Nov 18 2019 11:42:14 GMT+0100 (CET);Mon Nov 18 2019 10:42:14 GMT+0100 (CET);1574073734000;0.6;140.86;11.5
1438719252742555;22;29.4;Mon Nov 18 2019 11:44:07 GMT+0100 (CET);Mon Nov 18 2019 10:44:07 GMT+0100 (CET);1574073847000;0.66;154.85;11.08
1438719252742555;22;33.9;Mon Nov 18 2019 11:45:59 GMT+0100 (CET);Mon Nov 18 2019 10:45:59 GMT+0100 (CET);1574073959000;2.92;667.88;10.76
1438719252742555;20.5;36.4;Mon Nov 18 2019 11:48:01 GMT+0100 (CET);Mon Nov 18 2019 10:48:01 GMT+0100 (CET);1574074081000;3.43;728.19;11.09
1438719252742555;20.5;36.1;Mon Nov 18 2019 11:49:54 GMT+0100 (CET);Mon Nov 18 2019 10:49:54 GMT+0100 (CET);1574074194000;3.38;748.43;11.57
1438719252742555;22;34;Mon Nov 18 2019 11:51:46 GMT+0100 (CET);Mon Nov 18 2019 10:51:46 GMT+0100 (CET);1574074306000;0.7;157.19;11.6
1438719252742555;22;32.6;Mon Nov 18 2019 11:53:39 GMT+0100 (CET);Mon Nov 18 2019 10:53:39 GMT+0100 (CET);1574074419000;1.12;214.7;11.25
1438719252742555;22;34.6;Mon Nov 18 2019 11:55:51 GMT+0100 (CET);Mon Nov 18 2019 10:55:51 GMT+0100 (CET);1574074551000;1.57;337.91;10.9
1438719252742555;22;34.5;Mon Nov 18 2019 11:57:44 GMT+0100 (CET);Mon Nov 18 2019 10:57:44 GMT+0100 (CET);1574074664000;0.61;141.15;10.53
1438719252742555;22;34.6;Mon Nov 18 2019 11:59:38 GMT+0100 (CET);Mon Nov 18 2019 10:59:38 GMT+0100 (CET);1574074778000;0.71;158.17;10.16
1438719252742555;22;34.6;Mon Nov 18 2019 12:01:31 GMT+0100 (CET);Mon Nov 18 2019 11:01:31 GMT+0100 (CET);1574074891000;0.58;128.64;9.66
1438719252742555;22;34.3;Mon Nov 18 2019 12:03:25 GMT+0100 (CET);Mon Nov 18 2019 11:03:25 GMT+0100 (CET);1574075005000;0.53;118.78;9.26
1438719252742555;17.4;34.4;Mon Nov 18 2019 12:05:24 GMT+0100 (CET);Mon Nov 18 2019 11:05:24 GMT+0100 (CET);1574075124000;0.6;138.62;9.01
1438719252742555;17.4;35.1;Mon Nov 18 2019 12:07:16 GMT+0100 (CET);Mon Nov 18 2019 11:07:16 GMT+0100 (CET);1574075236000;0.58;131.2;8.82
1438719252742555;17.4;34.8;Mon Nov 18 2019 12:09:09 GMT+0100 (CET);Mon Nov 18 2019 11:09:09 GMT+0100 (CET);1574075349000;0.49;109.78;8.67
1438719252742555;17.4;34.3;Mon Nov 18 2019 12:11:02 GMT+0100 (CET);Mon Nov 18 2019 11:11:02 GMT+0100 (CET);1574075462000;0.44;100.85;8.57
1438719252742555;17.4;34.3;Mon Nov 18 2019 12:12:55 GMT+0100 (CET);Mon Nov 18 2019 11:12:55 GMT+0100 (CET);1574075575000;0.49;109.28;8.52
1438719252742555;15.9;34.4;Mon Nov 18 2019 12:14:48 GMT+0100 (CET);Mon Nov 18 2019 11:14:48 GMT+0100 (CET);1574075688000;0.38;83.78;8.42
1438719252742555;15.9;34.1;Mon Nov 18 2019 12:16:41 GMT+0100 (CET);Mon Nov 18 2019 11:16:41 GMT+0100 (CET);1574075801000;0.4;88.24;8.33
1438719252742555;15.9;34.4;Mon Nov 18 2019 12:18:34 GMT+0100 (CET);Mon Nov 18 2019 11:18:34 GMT+0100 (CET);1574075914000;0.53;112.58;8.34
1438719252742555;15.9;34.7;Mon Nov 18 2019 12:20:27 GMT+0100 (CET);Mon Nov 18 2019 11:20:27 GMT+0100 (CET);1574076027000;0.52;111.84;8.35
1438719252742555;15.9;34.8;Mon Nov 18 2019 12:22:20 GMT+0100 (CET);Mon Nov 18 2019 11:22:20 GMT+0100 (CET);1574076140000;0.68;142.85;8.35
1438719252742555;15.9;35.6;Mon Nov 18 2019 12:24:25 GMT+0100 (CET);Mon Nov 18 2019 11:24:25 GMT+0100 (CET);1574076265000;0.68;144.37;8.43
1438719252742555;15.9;35.3;Mon Nov 18 2019 12:26:18 GMT+0100 (CET);Mon Nov 18 2019 11:26:18 GMT+0100 (CET);1574076378000;0.51;111.15;8.5
1438719252742555;15.9;34.7;Mon Nov 18 2019 12:28:11 GMT+0100 (CET);Mon Nov 18 2019 11:28:11 GMT+0100 (CET);1574076491000;0.57;120.3;8.56
1438719252742555;15.9;34.8;Mon Nov 18 2019 12:30:11 GMT+0100 (CET);Mon Nov 18 2019 11:30:11 GMT+0100 (CET);1574076611000;0.53;110.97;8.61
1438719252742555;15.9;34.6;Mon Nov 18 2019 12:32:04 GMT+0100 (CET);Mon Nov 18 2019 11:32:04 GMT+0100 (CET);1574076724000;0.38;80.23;8.65
1438719252742555;15.9;34;Mon Nov 18 2019 12:33:57 GMT+0100 (CET);Mon Nov 18 2019 11:33:57 GMT+0100 (CET);1574076837000;0.43;93.15;8.6
1438719252742555;14.4;34.3;Mon Nov 18 2019 12:35:52 GMT+0100 (CET);Mon Nov 18 2019 11:35:52 GMT+0100 (CET);1574076952000;0.48;102.46;8.57
1438719252742555;14.4;34.3;Mon Nov 18 2019 12:37:44 GMT+0100 (CET);Mon Nov 18 2019 11:37:44 GMT+0100 (CET);1574077064000;0.44;95.96;8.57
1438719252742555;14.4;34.2;Mon Nov 18 2019 12:39:41 GMT+0100 (CET);Mon Nov 18 2019 11:39:41 GMT+0100 (CET);1574077181000;0.39;84.17;8.58
1438719252742555;14.4;33.9;Mon Nov 18 2019 12:41:34 GMT+0100 (CET);Mon Nov 18 2019 11:41:34 GMT+0100 (CET);1574077294000;0.37;79.83;8.57
1438719252742555;14.4;33.9;Mon Nov 18 2019 12:43:27 GMT+0100 (CET);Mon Nov 18 2019 11:43:27 GMT+0100 (CET);1574077407000;0.38;81.35;8.6
1438719252742555;14.4;33.8;Mon Nov 18 2019 12:45:32 GMT+0100 (CET);Mon Nov 18 2019 11:45:32 GMT+0100 (CET);1574077532000;0.42;89.57;8.59
1438719252742555;14.4;34;Mon Nov 18 2019 12:47:26 GMT+0100 (CET);Mon Nov 18 2019 11:47:26 GMT+0100 (CET);1574077646000;0.39;82.08;8.54
1438719252742555;13.9;33.8;Mon Nov 18 2019 12:49:28 GMT+0100 (CET);Mon Nov 18 2019 11:49:28 GMT+0100 (CET);1574077768000;0.28;61.93;8.53
1438719252742555;13.9;33.3;Mon Nov 18 2019 12:51:21 GMT+0100 (CET);Mon Nov 18 2019 11:51:21 GMT+0100 (CET);1574077881000;0.37;78.71;8.54
1438719252742555;13.9;34;Mon Nov 18 2019 12:53:18 GMT+0100 (CET);Mon Nov 18 2019 11:53:18 GMT+0100 (CET);1574077998000;0.39;83.23;8.5
1438719252742555;13.9;34;Mon Nov 18 2019 12:55:11 GMT+0100 (CET);Mon Nov 18 2019 11:55:11 GMT+0100 (CET);1574078111000;0.41;88.68;8.46
1438719252742555;13.9;34.1;Mon Nov 18 2019 12:57:04 GMT+0100 (CET);Mon Nov 18 2019 11:57:04 GMT+0100 (CET);1574078224000;0.4;87.91;8.46
1438719252742555;13.9;34;Mon Nov 18 2019 12:58:57 GMT+0100 (CET);Mon Nov 18 2019 11:58:57 GMT+0100 (CET);1574078337000;0.33;74.04;8.48
1438719252742555;13.9;33.4;Mon Nov 18 2019 13:00:50 GMT+0100 (CET);Mon Nov 18 2019 12:00:50 GMT+0100 (CET);1574078450000;0.34;76.06;8.45
1438719252742555;13.9;33.2;Mon Nov 18 2019 13:02:51 GMT+0100 (CET);Mon Nov 18 2019 12:02:51 GMT+0100 (CET);1574078571000;0.42;92.83;8.46
1438719252742555;13.9;32.3;Mon Nov 18 2019 13:04:43 GMT+0100 (CET);Mon Nov 18 2019 12:04:43 GMT+0100 (CET);1574078683000;0.58;119.08;8.48
1438719252742555;13.9;35.3;Mon Nov 18 2019 13:06:52 GMT+0100 (CET);Mon Nov 18 2019 12:06:52 GMT+0100 (CET);1574078812000;0.87;192.22;8.62
1438719252742555;14.9;36;Mon Nov 18 2019 13:08:45 GMT+0100 (CET);Mon Nov 18 2019 12:08:45 GMT+0100 (CET);1574078925000;1.06;383.99;9.01
1438719252742555;14.9;37.4;Mon Nov 18 2019 13:11:13 GMT+0100 (CET);Mon Nov 18 2019 12:11:13 GMT+0100 (CET);1574079073000;1.02;233.96;9.68
1438719252742555;15.9;36.1;Mon Nov 18 2019 13:13:07 GMT+0100 (CET);Mon Nov 18 2019 12:13:07 GMT+0100 (CET);1574079187000;0.76;163.5;9.83
1438719252742555;15.9;36.1;Mon Nov 18 2019 13:15:00 GMT+0100 (CET);Mon Nov 18 2019 12:15:00 GMT+0100 (CET);1574079300000;3.15;676.75;9.87
1438719252742555;15.9;36.5;Mon Nov 18 2019 13:16:55 GMT+0100 (CET);Mon Nov 18 2019 12:16:55 GMT+0100 (CET);1574079415000;3.15;677.15;10.57
1438719252742555;17.4;36.1;Mon Nov 18 2019 13:18:48 GMT+0100 (CET);Mon Nov 18 2019 12:18:48 GMT+0100 (CET);1574079528000;3.01;650.23;11.4
1438719252742555;17.4;34.3;Mon Nov 18 2019 13:20:41 GMT+0100 (CET);Mon Nov 18 2019 12:20:41 GMT+0100 (CET);1574079641000;2.71;570.87;12.03
1438719252742555;20;35.4;Mon Nov 18 2019 13:22:50 GMT+0100 (CET);Mon Nov 18 2019 12:22:50 GMT+0100 (CET);1574079770000;0.84;186.48;12.21
1438719252742555;20;33.7;Mon Nov 18 2019 13:24:46 GMT+0100 (CET);Mon Nov 18 2019 12:24:46 GMT+0100 (CET);1574079886000;1.85;381.43;11.78
1438719252742555;20;33.8;Mon Nov 18 2019 13:26:40 GMT+0100 (CET);Mon Nov 18 2019 12:26:40 GMT+0100 (CET);1574080000000;0.79;167.15;11.6
1438719252742555;20;33.5;Mon Nov 18 2019 13:28:33 GMT+0100 (CET);Mon Nov 18 2019 12:28:33 GMT+0100 (CET);1574080113000;0.5;110.17;11.4
1438719252742555;20;33.1;Mon Nov 18 2019 13:30:30 GMT+0100 (CET);Mon Nov 18 2019 12:30:30 GMT+0100 (CET);1574080230000;0.4;87.83;11.02
1438719252742555;17.4;32.6;Mon Nov 18 2019 13:32:23 GMT+0100 (CET);Mon Nov 18 2019 12:32:23 GMT+0100 (CET);1574080343000;0.29;67.23;10.64
1438719252742555;17.4;31.6;Mon Nov 18 2019 13:34:21 GMT+0100 (CET);Mon Nov 18 2019 12:34:21 GMT+0100 (CET);1574080461000;0.28;65.63;10.32
1438719252742555;17.4;29.3;Mon Nov 18 2019 13:36:14 GMT+0100 (CET);Mon Nov 18 2019 12:36:14 GMT+0100 (CET);1574080574000;0.31;73.31;10.05
1438719252742555;16.4;28.5;Mon Nov 18 2019 13:38:09 GMT+0100 (CET);Mon Nov 18 2019 12:38:09 GMT+0100 (CET);1574080689000;0.42;98.6;9.73
1438719252742555;16.4;28.2;Mon Nov 18 2019 13:40:02 GMT+0100 (CET);Mon Nov 18 2019 12:40:02 GMT+0100 (CET);1574080802000;0.43;103.4;9.5
1438719252742555;15.9;29.6;Mon Nov 18 2019 13:41:55 GMT+0100 (CET);Mon Nov 18 2019 12:41:55 GMT+0100 (CET);1574080915000;0.43;101.94;9.36
1438719252742555;15.9;29.2;Mon Nov 18 2019 13:43:48 GMT+0100 (CET);Mon Nov 18 2019 12:43:48 GMT+0100 (CET);1574081028000;0.53;122.92;9.17
1438719252742555;15.9;34.5;Mon Nov 18 2019 13:45:41 GMT+0100 (CET);Mon Nov 18 2019 12:45:41 GMT+0100 (CET);1574081141000;2.61;522.23;9.1
1438719252742555;15.9;36.9;Mon Nov 18 2019 13:47:34 GMT+0100 (CET);Mon Nov 18 2019 12:47:34 GMT+0100 (CET);1574081254000;2.73;596.47;9.92
1438719252742555;15.9;36.5;Mon Nov 18 2019 13:49:30 GMT+0100 (CET);Mon Nov 18 2019 12:49:30 GMT+0100 (CET);1574081370000;2.85;619.51;10.85
1438719252742555;16.4;34.1;Mon Nov 18 2019 13:51:26 GMT+0100 (CET);Mon Nov 18 2019 12:51:26 GMT+0100 (CET);1574081486000;0.69;150.12;11.06
1438719252742555;16.4;32.9;Mon Nov 18 2019 13:53:19 GMT+0100 (CET);Mon Nov 18 2019 12:53:19 GMT+0100 (CET);1574081599000;0.57;135.19;10.88
1438719252742555;16.4;32;Mon Nov 18 2019 13:55:16 GMT+0100 (CET);Mon Nov 18 2019 12:55:16 GMT+0100 (CET);1574081716000;1.83;465.91;10.72
1438719252742555;16.4;34.9;Mon Nov 18 2019 13:57:09 GMT+0100 (CET);Mon Nov 18 2019 12:57:09 GMT+0100 (CET);1574081829000;2.36;532.47;10.75
1438719252742555;16.4;36.3;Mon Nov 18 2019 13:59:03 GMT+0100 (CET);Mon Nov 18 2019 12:59:03 GMT+0100 (CET);1574081943000;2.43;537.59;11.22
1438719252742555;17.4;36.1;Mon Nov 18 2019 14:00:56 GMT+0100 (CET);Mon Nov 18 2019 13:00:56 GMT+0100 (CET);1574082056000;2.41;532.47;11.67
1438719252742555;17.4;35.9;Mon Nov 18 2019 14:02:49 GMT+0100 (CET);Mon Nov 18 2019 13:02:49 GMT+0100 (CET);1574082169000;0.96;296.69;12.1
1438719252742555;17.4;36;Mon Nov 18 2019 14:04:45 GMT+0100 (CET);Mon Nov 18 2019 13:04:45 GMT+0100 (CET);1574082285000;0.9;294.41;12.3
1438719252742555;20;28.7;Mon Nov 18 2019 14:06:38 GMT+0100 (CET);Mon Nov 18 2019 13:06:38 GMT+0100 (CET);1574082398000;0.57;124.59;12.01
1438719252742555;20;33.7;Mon Nov 18 2019 14:09:07 GMT+0100 (CET);Mon Nov 18 2019 13:09:07 GMT+0100 (CET);1574082547000;0.6;132.07;11.5
1438719252742555;17.4;33.8;Mon Nov 18 2019 14:11:00 GMT+0100 (CET);Mon Nov 18 2019 13:11:00 GMT+0100 (CET);1574082660000;0.61;132.43;11.07
1438719252742555;17.4;33.9;Mon Nov 18 2019 14:12:53 GMT+0100 (CET);Mon Nov 18 2019 13:12:53 GMT+0100 (CET);1574082773000;0.6;134.11;10.64
1438719252742555;17.4;34.3;Mon Nov 18 2019 14:14:48 GMT+0100 (CET);Mon Nov 18 2019 13:14:48 GMT+0100 (CET);1574082888000;0.57;125.98;10.26
1438719252742555;17.4;34.1;Mon Nov 18 2019 14:16:41 GMT+0100 (CET);Mon Nov 18 2019 13:16:41 GMT+0100 (CET);1574083001000;0.5;109.25;9.88
1438719252742555;17.4;33.7;Mon Nov 18 2019 14:18:33 GMT+0100 (CET);Mon Nov 18 2019 13:18:33 GMT+0100 (CET);1574083113000;0.39;86.38;9.58
1438719252742555;17.4;32.8;Mon Nov 18 2019 14:20:26 GMT+0100 (CET);Mon Nov 18 2019 13:20:26 GMT+0100 (CET);1574083226000;0.34;77.14;9.29
1438719252742555;17.4;30.9;Mon Nov 18 2019 14:22:23 GMT+0100 (CET);Mon Nov 18 2019 13:22:23 GMT+0100 (CET);1574083343000;0.38;84.94;9.03
1438719252742555;14.4;30.7;Mon Nov 18 2019 14:24:17 GMT+0100 (CET);Mon Nov 18 2019 13:24:17 GMT+0100 (CET);1574083457000;0.32;73.6;8.89
1438719252742555;14.4;31.3;Mon Nov 18 2019 14:26:19 GMT+0100 (CET);Mon Nov 18 2019 13:26:19 GMT+0100 (CET);1574083579000;0.37;84.57;8.79
1438719252742555;13.9;29.9;Mon Nov 18 2019 14:28:12 GMT+0100 (CET);Mon Nov 18 2019 13:28:12 GMT+0100 (CET);1574083692000;0.33;75.56;8.75
1438719252742555;13.9;31.4;Mon Nov 18 2019 14:30:06 GMT+0100 (CET);Mon Nov 18 2019 13:30:06 GMT+0100 (CET);1574083806000;0.39;90.83;8.69
1438719252742555;13.9;33.5;Mon Nov 18 2019 14:32:08 GMT+0100 (CET);Mon Nov 18 2019 13:32:08 GMT+0100 (CET);1574083928000;0.43;96.1;8.67
1438719252742555;13.9;32.6;Mon Nov 18 2019 14:34:03 GMT+0100 (CET);Mon Nov 18 2019 13:34:03 GMT+0100 (CET);1574084043000;0.43;93.73;8.7
1438719252742555;13.9;33.7;Mon Nov 18 2019 14:35:56 GMT+0100 (CET);Mon Nov 18 2019 13:35:56 GMT+0100 (CET);1574084156000;0.47;119.4;8.71
1438719252742555;13.9;33.9;Mon Nov 18 2019 14:37:54 GMT+0100 (CET);Mon Nov 18 2019 13:37:54 GMT+0100 (CET);1574084274000;0.45;96.49;8.74
1438719252742555;13.9;33.9;Mon Nov 18 2019 14:40:08 GMT+0100 (CET);Mon Nov 18 2019 13:40:08 GMT+0100 (CET);1574084408000;0.32;73.52;8.71
1438719252742555;13.9;32.8;Mon Nov 18 2019 14:42:02 GMT+0100 (CET);Mon Nov 18 2019 13:42:02 GMT+0100 (CET);1574084522000;0.35;78.37;8.67
1438719252742555;13.9;33.7;Mon Nov 18 2019 14:43:55 GMT+0100 (CET);Mon Nov 18 2019 13:43:55 GMT+0100 (CET);1574084635000;0.44;94.88;8.66
1438719252742555;13.9;33.9;Mon Nov 18 2019 14:45:48 GMT+0100 (CET);Mon Nov 18 2019 13:45:48 GMT+0100 (CET);1574084748000;0.32;73.81;8.66
1438719252742555;13.9;33.3;Mon Nov 18 2019 14:47:43 GMT+0100 (CET);Mon Nov 18 2019 13:47:43 GMT+0100 (CET);1574084863000;0.31;73.2;8.6
1438719252742555;13.9;31.2;Mon Nov 18 2019 14:49:35 GMT+0100 (CET);Mon Nov 18 2019 13:49:35 GMT+0100 (CET);1574084975000;0.35;80.55;8.52
1438719252742555;13.9;31.8;Mon Nov 18 2019 14:51:28 GMT+0100 (CET);Mon Nov 18 2019 13:51:28 GMT+0100 (CET);1574085088000;0.47;99.46;8.5
1438719252742555;12.4;36.6;Mon Nov 18 2019 14:53:24 GMT+0100 (CET);Mon Nov 18 2019 13:53:24 GMT+0100 (CET);1574085204000;0.8;193.44;8.57
1438719252742555;12.4;34.9;Mon Nov 18 2019 14:55:27 GMT+0100 (CET);Mon Nov 18 2019 13:55:27 GMT+0100 (CET);1574085327000;0.54;118.39;8.68
1438719252742555;13.9;34.9;Mon Nov 18 2019 14:57:24 GMT+0100 (CET);Mon Nov 18 2019 13:57:24 GMT+0100 (CET);1574085444000;0.46;105.81;8.7
1438719252742555;13.9;34.7;Mon Nov 18 2019 14:59:17 GMT+0100 (CET);Mon Nov 18 2019 13:59:17 GMT+0100 (CET);1574085557000;0.45;109.22;8.64
1438719252742555;13.9;38.7;Mon Nov 18 2019 15:01:10 GMT+0100 (CET);Mon Nov 18 2019 14:01:10 GMT+0100 (CET);1574085670000;1.41;363.51;8.89
1438719252742555;14.4;38.5;Mon Nov 18 2019 15:03:10 GMT+0100 (CET);Mon Nov 18 2019 14:03:10 GMT+0100 (CET);1574085790000;1.03;315.34;9.3
1438719252742555;14.4;40.3;Mon Nov 18 2019 15:05:08 GMT+0100 (CET);Mon Nov 18 2019 14:05:08 GMT+0100 (CET);1574085908000;0.74;337.91;9.84
1438719252742555;16.4;40.1;Mon Nov 18 2019 15:07:16 GMT+0100 (CET);Mon Nov 18 2019 14:07:16 GMT+0100 (CET);1574086036000;0.95;340.47;10.44
1438719252742555;16.4;40;Mon Nov 18 2019 15:09:09 GMT+0100 (CET);Mon Nov 18 2019 14:09:09 GMT+0100 (CET);1574086149000;0.82;314;10.83
1438719252742555;17.4;40.2;Mon Nov 18 2019 15:11:06 GMT+0100 (CET);Mon Nov 18 2019 14:11:06 GMT+0100 (CET);1574086266000;0.55;297.22;11.17
1438719252742555;17.4;40.4;Mon Nov 18 2019 15:12:59 GMT+0100 (CET);Mon Nov 18 2019 14:12:59 GMT+0100 (CET);1574086379000;0.39;276.22;11.44
1438719252742555;17.4;40.4;Mon Nov 18 2019 15:14:52 GMT+0100 (CET);Mon Nov 18 2019 14:14:52 GMT+0100 (CET);1574086492000;0.38;273.98;11.65
1438719252742555;20.5;40.4;Mon Nov 18 2019 15:16:45 GMT+0100 (CET);Mon Nov 18 2019 14:16:45 GMT+0100 (CET);1574086605000;0.33;261.12;11.72
1438719252742555;20.5;40.4;Mon Nov 18 2019 15:18:47 GMT+0100 (CET);Mon Nov 18 2019 14:18:47 GMT+0100 (CET);1574086727000;0.28;246.61;11.89
1438719252742555;20.5;40.4;Mon Nov 18 2019 15:20:39 GMT+0100 (CET);Mon Nov 18 2019 14:20:39 GMT+0100 (CET);1574086839000;0.29;227.3;11.99
1438719252742555;20.5;38.6;Mon Nov 18 2019 15:22:32 GMT+0100 (CET);Mon Nov 18 2019 14:22:32 GMT+0100 (CET);1574086952000;0.34;179.81;11.82
1438719252742555;20.5;37;Mon Nov 18 2019 15:24:24 GMT+0100 (CET);Mon Nov 18 2019 14:24:24 GMT+0100 (CET);1574087064000;0.28;139.08;11.55
1438719252742555;20;30;Mon Nov 18 2019 15:26:21 GMT+0100 (CET);Mon Nov 18 2019 14:26:21 GMT+0100 (CET);1574087181000;0.26;216.3;11.19
1438719252742555;20;26.9;Mon Nov 18 2019 15:28:16 GMT+0100 (CET);Mon Nov 18 2019 14:28:16 GMT+0100 (CET);1574087296000;0.29;220.8;11.14
1438719252742555;14.4;26.8;Mon Nov 18 2019 15:30:09 GMT+0100 (CET);Mon Nov 18 2019 14:30:09 GMT+0100 (CET);1574087409000;0.29;214.01;11.17
1438719252742555;14.4;26.6;Mon Nov 18 2019 15:32:02 GMT+0100 (CET);Mon Nov 18 2019 14:32:02 GMT+0100 (CET);1574087522000;0.24;196.2;11.07
1438719252742555;13.9;25.1;Mon Nov 18 2019 15:34:19 GMT+0100 (CET);Mon Nov 18 2019 14:34:19 GMT+0100 (CET);1574087659000;0.24;166.95;10.89
1438719252742555;13.9;25.1;Mon Nov 18 2019 15:36:25 GMT+0100 (CET);Mon Nov 18 2019 14:36:25 GMT+0100 (CET);1574087785000;0.25;154.5;10.84
1438719252742555;13.9;20.5;Mon Nov 18 2019 15:38:19 GMT+0100 (CET);Mon Nov 18 2019 14:38:19 GMT+0100 (CET);1574087899000;0.19;49.54;10.61
1438719252742555;13.9;20.7;Mon Nov 18 2019 15:40:12 GMT+0100 (CET);Mon Nov 18 2019 14:40:12 GMT+0100 (CET);1574088012000;0.15;28.46;10.15
1438719252742555;13.9;21.5;Mon Nov 18 2019 15:42:06 GMT+0100 (CET);Mon Nov 18 2019 14:42:06 GMT+0100 (CET);1574088126000;0.13;25.23;9.58
1438719252742555;9.4;22.5;Mon Nov 18 2019 15:43:59 GMT+0100 (CET);Mon Nov 18 2019 14:43:59 GMT+0100 (CET);1574088239000;0.12;26.95;9.08
1438719252742555;9.4;23.9;Mon Nov 18 2019 15:45:53 GMT+0100 (CET);Mon Nov 18 2019 14:45:53 GMT+0100 (CET);1574088353000;0.11;24.19;8.74
1438719252742555;9.4;31.1;Mon Nov 18 2019 15:47:49 GMT+0100 (CET);Mon Nov 18 2019 14:47:49 GMT+0100 (CET);1574088469000;0.1;30.46;8.39
1438719252742555;10.4;31.2;Mon Nov 18 2019 15:49:48 GMT+0100 (CET);Mon Nov 18 2019 14:49:48 GMT+0100 (CET);1574088588000;0.1;20.9;8.09
1438719252742555;10.4;30.5;Mon Nov 18 2019 15:51:43 GMT+0100 (CET);Mon Nov 18 2019 14:51:43 GMT+0100 (CET);1574088703000;0.09;20.35;7.82
1438719252742555;9.9;29.9;Mon Nov 18 2019 15:53:36 GMT+0100 (CET);Mon Nov 18 2019 14:53:36 GMT+0100 (CET);1574088816000;0.09;20.44;7.6
1438719252742555;9.9;29.3;Mon Nov 18 2019 15:55:28 GMT+0100 (CET);Mon Nov 18 2019 14:55:28 GMT+0100 (CET);1574088928000;0.09;21.01;7.42
1438719252742555;9.9;30.2;Mon Nov 18 2019 15:57:25 GMT+0100 (CET);Mon Nov 18 2019 14:57:25 GMT+0100 (CET);1574089045000;0.09;21.18;7.24
1438719252742555;9.9;30.7;Mon Nov 18 2019 15:59:18 GMT+0100 (CET);Mon Nov 18 2019 14:59:18 GMT+0100 (CET);1574089158000;0.09;21.21;7.1
1438719252742555;9.9;31.3;Mon Nov 18 2019 16:01:11 GMT+0100 (CET);Mon Nov 18 2019 15:01:11 GMT+0100 (CET);1574089271000;0.1;21.93;7.01
1438719252742555;9.4;31.3;Mon Nov 18 2019 16:03:06 GMT+0100 (CET);Mon Nov 18 2019 15:03:06 GMT+0100 (CET);1574089386000;0.1;22.83;6.92
1438719252742555;9.4;31.7;Mon Nov 18 2019 16:05:38 GMT+0100 (CET);Mon Nov 18 2019 15:05:38 GMT+0100 (CET);1574089538000;0.07;18.79;6.82
1438719252742555;9.4;31.1;Mon Nov 18 2019 16:07:31 GMT+0100 (CET);Mon Nov 18 2019 15:07:31 GMT+0100 (CET);1574089651000;0.07;16.4;6.75
1438719252742555;8.4;30.8;Mon Nov 18 2019 16:09:26 GMT+0100 (CET);Mon Nov 18 2019 15:09:26 GMT+0100 (CET);1574089766000;0.07;16.32;6.67
1438719252742555;8.4;30.6;Mon Nov 18 2019 16:11:19 GMT+0100 (CET);Mon Nov 18 2019 15:11:19 GMT+0100 (CET);1574089879000;0.06;13.72;6.6
1438719252742555;8.4;29.4;Mon Nov 18 2019 16:13:27 GMT+0100 (CET);Mon Nov 18 2019 15:13:27 GMT+0100 (CET);1574090007000;0;11.88;6.53
1438719252742555;8.4;29.2;Mon Nov 18 2019 16:15:19 GMT+0100 (CET);Mon Nov 18 2019 15:15:19 GMT+0100 (CET);1574090119000;0;10.83;6.48
1438719252742555;7.9;28.9;Mon Nov 18 2019 16:17:13 GMT+0100 (CET);Mon Nov 18 2019 15:17:13 GMT+0100 (CET);1574090233000;0;9.31;6.42
1438719252742555;7.9;28.4;Mon Nov 18 2019 16:19:07 GMT+0100 (CET);Mon Nov 18 2019 15:19:07 GMT+0100 (CET);1574090347000;0;7.78;6.35
1438719252742555;7.9;27.1;Mon Nov 18 2019 16:21:00 GMT+0100 (CET);Mon Nov 18 2019 15:21:00 GMT+0100 (CET);1574090460000;0;6.47;6.29
1438719252742555;7.9;26.5;Mon Nov 18 2019 16:22:54 GMT+0100 (CET);Mon Nov 18 2019 15:22:54 GMT+0100 (CET);1574090574000;0;6.92;6.25
1438719252742555;7.9;28.4;Mon Nov 18 2019 16:24:49 GMT+0100 (CET);Mon Nov 18 2019 15:24:49 GMT+0100 (CET);1574090689000;0;5.93;6.23
1438719252742555;7.9;33.5;Mon Nov 18 2019 16:26:42 GMT+0100 (CET);Mon Nov 18 2019 15:26:42 GMT+0100 (CET);1574090802000;0;5.62;6.21
1438719252742555;7.9;33.4;Mon Nov 18 2019 16:28:38 GMT+0100 (CET);Mon Nov 18 2019 15:28:38 GMT+0100 (CET);1574090918000;0;5.66;6.16
1438719252742555;7.9;32.5;Mon Nov 18 2019 16:30:31 GMT+0100 (CET);Mon Nov 18 2019 15:30:31 GMT+0100 (CET);1574091031000;0;3.64;6.13
1438719252742555;7.9;29.5;Mon Nov 18 2019 16:32:36 GMT+0100 (CET);Mon Nov 18 2019 15:32:36 GMT+0100 (CET);1574091156000;0;1.99;6.11
1438719252742555;7.9;29.5;Mon Nov 18 2019 16:34:29 GMT+0100 (CET);Mon Nov 18 2019 15:34:29 GMT+0100 (CET);1574091269000;0;0.75;6.07
1438719252742555;5.9;20.5;Mon Nov 18 2019 16:36:25 GMT+0100 (CET);Mon Nov 18 2019 15:36:25 GMT+0100 (CET);1574091385000;0;0.15;6.01
1438719252742555;5.9;20.5;Mon Nov 18 2019 16:38:18 GMT+0100 (CET);Mon Nov 18 2019 15:38:18 GMT+0100 (CET);1574091498000;0;-0.01;5.88
1438719252742555;5.9;20.5;Mon Nov 18 2019 16:40:13 GMT+0100 (CET);Mon Nov 18 2019 15:40:13 GMT+0100 (CET);1574091613000;0;-0.01;5.81
1438719252742555;4.3;32.3;Tue Nov 19 2019 08:00:29 GMT+0100 (CET);Tue Nov 19 2019 07:00:29 GMT+0100 (CET);1574146829000;0;5.62;3.94
1438719252742555;4.3;30.9;Tue Nov 19 2019 08:02:39 GMT+0100 (CET);Tue Nov 19 2019 07:02:39 GMT+0100 (CET);1574146959000;0;7.35;3.95
1438719252742555;6.4;35.2;Tue Nov 19 2019 08:04:41 GMT+0100 (CET);Tue Nov 19 2019 07:04:41 GMT+0100 (CET);1574147081000;0;11.18;3.97
1438719252742555;6.4;35.9;Tue Nov 19 2019 08:06:35 GMT+0100 (CET);Tue Nov 19 2019 07:06:35 GMT+0100 (CET);1574147195000;0.06;14.96;4
1438719252742555;6.4;30.2;Tue Nov 19 2019 08:08:32 GMT+0100 (CET);Tue Nov 19 2019 07:08:32 GMT+0100 (CET);1574147312000;0.08;18.55;4.04
1438719252742555;6.4;31.5;Tue Nov 19 2019 08:10:28 GMT+0100 (CET);Tue Nov 19 2019 07:10:28 GMT+0100 (CET);1574147428000;0.09;19.19;4.07
1438719252742555;6.4;31.3;Tue Nov 19 2019 08:12:27 GMT+0100 (CET);Tue Nov 19 2019 07:12:27 GMT+0100 (CET);1574147547000;0.08;17.62;4.11
1438719252742555;6.4;31;Tue Nov 19 2019 08:14:36 GMT+0100 (CET);Tue Nov 19 2019 07:14:36 GMT+0100 (CET);1574147676000;0;13.05;4.14
1438719252742555;6.4;30;Tue Nov 19 2019 08:16:31 GMT+0100 (CET);Tue Nov 19 2019 07:16:31 GMT+0100 (CET);1574147791000;0;12.33;4.17
1438719252742555;5.9;29.2;Tue Nov 19 2019 08:18:31 GMT+0100 (CET);Tue Nov 19 2019 07:18:31 GMT+0100 (CET);1574147911000;0;13.39;4.18
1438719252742555;5.9;29.4;Tue Nov 19 2019 08:20:50 GMT+0100 (CET);Tue Nov 19 2019 07:20:50 GMT+0100 (CET);1574148050000;0.06;13.77;4.2
1438719252742555;5.9;29.2;Tue Nov 19 2019 08:22:48 GMT+0100 (CET);Tue Nov 19 2019 07:22:48 GMT+0100 (CET);1574148168000;0.06;13.83;4.21
1438719252742555;5.9;30;Tue Nov 19 2019 08:24:48 GMT+0100 (CET);Tue Nov 19 2019 07:24:48 GMT+0100 (CET);1574148288000;0.06;14.69;4.22
1438719252742555;5.9;29.7;Tue Nov 19 2019 08:27:04 GMT+0100 (CET);Tue Nov 19 2019 07:27:04 GMT+0100 (CET);1574148424000;0.07;15.4;4.24
1438719252742555;6.4;29.9;Tue Nov 19 2019 08:29:00 GMT+0100 (CET);Tue Nov 19 2019 07:29:00 GMT+0100 (CET);1574148540000;0.07;16.28;4.25
1438719252742555;6.4;30.5;Tue Nov 19 2019 08:30:55 GMT+0100 (CET);Tue Nov 19 2019 07:30:55 GMT+0100 (CET);1574148655000;0.07;16.48;4.28
1438719252742555;6.4;30.5;Tue Nov 19 2019 08:32:50 GMT+0100 (CET);Tue Nov 19 2019 07:32:50 GMT+0100 (CET);1574148770000;0.07;17.05;4.3
1438719252742555;6.4;30.7;Tue Nov 19 2019 08:34:58 GMT+0100 (CET);Tue Nov 19 2019 07:34:58 GMT+0100 (CET);1574148898000;0.07;17.77;4.32
1438719252742555;6.4;30.7;Tue Nov 19 2019 08:37:02 GMT+0100 (CET);Tue Nov 19 2019 07:37:02 GMT+0100 (CET);1574149022000;0.07;17.45;4.33
1438719252742555;6.4;30.6;Tue Nov 19 2019 08:38:54 GMT+0100 (CET);Tue Nov 19 2019 07:38:54 GMT+0100 (CET);1574149134000;0.08;18.19;4.35
1438719252742555;6.4;30.9;Tue Nov 19 2019 08:40:47 GMT+0100 (CET);Tue Nov 19 2019 07:40:47 GMT+0100 (CET);1574149247000;0.08;19.33;4.38
1438719252742555;7.9;31.4;Tue Nov 19 2019 08:42:49 GMT+0100 (CET);Tue Nov 19 2019 07:42:49 GMT+0100 (CET);1574149369000;0.09;20.56;4.41
1438719252742555;7.9;31.5;Tue Nov 19 2019 08:44:50 GMT+0100 (CET);Tue Nov 19 2019 07:44:50 GMT+0100 (CET);1574149490000;0.1;21.48;4.44
1438719252742555;7.9;31.3;Tue Nov 19 2019 08:46:42 GMT+0100 (CET);Tue Nov 19 2019 07:46:42 GMT+0100 (CET);1574149602000;0.1;21.61;4.47
1438719252742555;7.9;31.8;Tue Nov 19 2019 08:48:38 GMT+0100 (CET);Tue Nov 19 2019 07:48:38 GMT+0100 (CET);1574149718000;0.1;22.11;4.49
1438719252742555;7.9;31.3;Tue Nov 19 2019 08:51:04 GMT+0100 (CET);Tue Nov 19 2019 07:51:04 GMT+0100 (CET);1574149864000;0.1;21.57;4.5
1438719252742555;7.9;31.4;Tue Nov 19 2019 08:53:18 GMT+0100 (CET);Tue Nov 19 2019 07:53:18 GMT+0100 (CET);1574149998000;0.1;22.26;4.52
1438719252742555;7.9;31.5;Tue Nov 19 2019 08:55:14 GMT+0100 (CET);Tue Nov 19 2019 07:55:14 GMT+0100 (CET);1574150114000;0.1;22.76;4.54
1438719252742555;7.9;31.4;Tue Nov 19 2019 08:57:18 GMT+0100 (CET);Tue Nov 19 2019 07:57:18 GMT+0100 (CET);1574150238000;0.1;22.07;4.54
1438719252742555;7.9;31.6;Tue Nov 19 2019 08:59:20 GMT+0100 (CET);Tue Nov 19 2019 07:59:20 GMT+0100 (CET);1574150360000;0.11;23.15;4.57
1438719252742555;7.9;31.6;Tue Nov 19 2019 09:01:21 GMT+0100 (CET);Tue Nov 19 2019 08:01:21 GMT+0100 (CET);1574150481000;0.11;24.32;4.58
1438719252742555;7.9;31.9;Tue Nov 19 2019 09:03:18 GMT+0100 (CET);Tue Nov 19 2019 08:03:18 GMT+0100 (CET);1574150598000;0.11;24.14;4.6
1438719252742555;7.9;31.8;Tue Nov 19 2019 09:05:43 GMT+0100 (CET);Tue Nov 19 2019 08:05:43 GMT+0100 (CET);1574150743000;0.12;25.58;4.61
1438719252742555;7.9;32;Tue Nov 19 2019 09:08:24 GMT+0100 (CET);Tue Nov 19 2019 08:08:24 GMT+0100 (CET);1574150904000;0.12;26.43;4.63
1438719252742555;7.9;32.2;Tue Nov 19 2019 09:10:26 GMT+0100 (CET);Tue Nov 19 2019 08:10:26 GMT+0100 (CET);1574151026000;0.11;25.15;4.67
1438719252742555;7.9;31.7;Tue Nov 19 2019 09:12:44 GMT+0100 (CET);Tue Nov 19 2019 08:12:44 GMT+0100 (CET);1574151164000;0.11;22.78;4.69
1438719252742555;7.9;31.5;Tue Nov 19 2019 09:15:15 GMT+0100 (CET);Tue Nov 19 2019 08:15:15 GMT+0100 (CET);1574151315000;0.1;21.64;4.7
1438719252742555;16.4;35;Tue Nov 19 2019 12:04:56 GMT+0100 (CET);Tue Nov 19 2019 11:04:56 GMT+0100 (CET);1574161496000;0.57;117.94;8.96
1438719252742555;15.9;33.9;Tue Nov 19 2019 12:16:30 GMT+0100 (CET);Tue Nov 19 2019 11:16:30 GMT+0100 (CET);1574162190000;0.37;76.72;8.57
1438719252742555;15.9;34;Tue Nov 19 2019 12:18:25 GMT+0100 (CET);Tue Nov 19 2019 11:18:25 GMT+0100 (CET);1574162305000;0.36;73.84;8.5
1438719252742555;15.9;33.9;Tue Nov 19 2019 12:20:19 GMT+0100 (CET);Tue Nov 19 2019 11:20:19 GMT+0100 (CET);1574162419000;0.33;69.5;8.47
1438719252742555;15.9;33.7;Tue Nov 19 2019 12:22:06 GMT+0100 (CET);Tue Nov 19 2019 11:22:06 GMT+0100 (CET);1574162526000;0.34;69.91;8.41
1438719252742555;15.9;33.9;Tue Nov 19 2019 12:24:03 GMT+0100 (CET);Tue Nov 19 2019 11:24:03 GMT+0100 (CET);1574162643000;0.34;70.29;8.39
1438719252742555;15.9;34;Tue Nov 19 2019 12:25:55 GMT+0100 (CET);Tue Nov 19 2019 11:25:55 GMT+0100 (CET);1574162755000;0.35;73.21;8.38
1438719252742555;15.9;34;Tue Nov 19 2019 12:27:57 GMT+0100 (CET);Tue Nov 19 2019 11:27:57 GMT+0100 (CET);1574162877000;0.36;73.19;8.39
1438719252742555;14.4;34;Tue Nov 19 2019 12:29:50 GMT+0100 (CET);Tue Nov 19 2019 11:29:50 GMT+0100 (CET);1574162990000;0.36;73.7;8.39
1438719252742555;14.4;34.1;Tue Nov 19 2019 12:31:43 GMT+0100 (CET);Tue Nov 19 2019 11:31:43 GMT+0100 (CET);1574163103000;0.39;79.79;8.37
1438719252742555;14.4;34.1;Tue Nov 19 2019 12:33:36 GMT+0100 (CET);Tue Nov 19 2019 11:33:36 GMT+0100 (CET);1574163216000;0.41;84.62;8.39
1438719252742555;14.4;34.3;Tue Nov 19 2019 12:35:29 GMT+0100 (CET);Tue Nov 19 2019 11:35:29 GMT+0100 (CET);1574163329000;0.41;82.05;8.4
1438719252742555;14.4;34.3;Tue Nov 19 2019 12:37:22 GMT+0100 (CET);Tue Nov 19 2019 11:37:22 GMT+0100 (CET);1574163442000;0.38;75.11;8.39
1438719252742555;14.4;34.1;Tue Nov 19 2019 12:39:16 GMT+0100 (CET);Tue Nov 19 2019 11:39:16 GMT+0100 (CET);1574163556000;0.34;68.77;8.35
1438719252742555;14.4;33.9;Tue Nov 19 2019 12:41:11 GMT+0100 (CET);Tue Nov 19 2019 11:41:11 GMT+0100 (CET);1574163671000;0.3;61.29;8.33
1438719252742555;14.4;33.8;Tue Nov 19 2019 12:43:04 GMT+0100 (CET);Tue Nov 19 2019 11:43:04 GMT+0100 (CET);1574163784000;0.28;56.34;8.32
1438719252742555;13.9;33.5;Tue Nov 19 2019 12:44:57 GMT+0100 (CET);Tue Nov 19 2019 11:44:57 GMT+0100 (CET);1574163897000;0.25;50.22;8.32
1438719252742555;13.9;33.3;Tue Nov 19 2019 12:46:50 GMT+0100 (CET);Tue Nov 19 2019 11:46:50 GMT+0100 (CET);1574164010000;0.22;45.77;8.25
1438719252742555;13.9;33;Tue Nov 19 2019 12:48:42 GMT+0100 (CET);Tue Nov 19 2019 11:48:42 GMT+0100 (CET);1574164122000;0.23;45.74;8.15
1438719252742555;13.9;32.9;Tue Nov 19 2019 12:50:35 GMT+0100 (CET);Tue Nov 19 2019 11:50:35 GMT+0100 (CET);1574164235000;0.22;44.47;8.1
1438719252742555;13.9;32.8;Tue Nov 19 2019 12:52:27 GMT+0100 (CET);Tue Nov 19 2019 11:52:27 GMT+0100 (CET);1574164347000;0.2;40.06;8.06
1438719252742555;13.9;32.8;Tue Nov 19 2019 12:54:20 GMT+0100 (CET);Tue Nov 19 2019 11:54:20 GMT+0100 (CET);1574164460000;0.18;37.99;7.99
1438719252742555;13.9;32.6;Tue Nov 19 2019 12:56:13 GMT+0100 (CET);Tue Nov 19 2019 11:56:13 GMT+0100 (CET);1574164573000;0.2;39.78;7.95
1438719252742555;13.9;32.8;Tue Nov 19 2019 12:58:06 GMT+0100 (CET);Tue Nov 19 2019 11:58:06 GMT+0100 (CET);1574164686000;0.2;41.19;7.85
1438719252742555;12.4;32.9;Tue Nov 19 2019 12:59:59 GMT+0100 (CET);Tue Nov 19 2019 11:59:59 GMT+0100 (CET);1574164799000;0.19;40.59;7.69
1438719252742555;12.4;32.9;Tue Nov 19 2019 13:01:52 GMT+0100 (CET);Tue Nov 19 2019 12:01:52 GMT+0100 (CET);1574164912000;0.19;40.63;7.54
1438719252742555;12.4;32.8;Tue Nov 19 2019 13:04:02 GMT+0100 (CET);Tue Nov 19 2019 12:04:02 GMT+0100 (CET);1574165042000;0.22;45.06;7.45
1438719252742555;12.4;33.1;Tue Nov 19 2019 13:05:55 GMT+0100 (CET);Tue Nov 19 2019 12:05:55 GMT+0100 (CET);1574165155000;0.21;45.4;7.4
1438719252742555;12.4;33.1;Tue Nov 19 2019 13:07:47 GMT+0100 (CET);Tue Nov 19 2019 12:07:47 GMT+0100 (CET);1574165267000;0.22;45.35;7.35
1438719252742555;12.4;33.3;Tue Nov 19 2019 13:09:40 GMT+0100 (CET);Tue Nov 19 2019 12:09:40 GMT+0100 (CET);1574165380000;0.24;49.27;7.29
1438719252742555;12.4;33.4;Tue Nov 19 2019 13:11:33 GMT+0100 (CET);Tue Nov 19 2019 12:11:33 GMT+0100 (CET);1574165493000;0.24;49.76;7.24
1438719252742555;12.4;33.3;Tue Nov 19 2019 13:13:26 GMT+0100 (CET);Tue Nov 19 2019 12:13:26 GMT+0100 (CET);1574165606000;0.22;44.82;7.21
1438719252742555;12.4;33.2;Tue Nov 19 2019 13:15:21 GMT+0100 (CET);Tue Nov 19 2019 12:15:21 GMT+0100 (CET);1574165721000;0.21;42.15;7.23
1438719252742555;12.4;33.3;Tue Nov 19 2019 13:17:20 GMT+0100 (CET);Tue Nov 19 2019 12:17:20 GMT+0100 (CET);1574165840000;0.21;42.72;7.26
1438719252742555;11.9;33.3;Tue Nov 19 2019 13:19:20 GMT+0100 (CET);Tue Nov 19 2019 12:19:20 GMT+0100 (CET);1574165960000;0.21;42.85;7.31
1438719252742555;11.9;33.2;Tue Nov 19 2019 13:21:25 GMT+0100 (CET);Tue Nov 19 2019 12:21:25 GMT+0100 (CET);1574166085000;0.21;41.98;7.33
1438719252742555;11.9;33.2;Tue Nov 19 2019 13:23:21 GMT+0100 (CET);Tue Nov 19 2019 12:23:21 GMT+0100 (CET);1574166201000;0.22;43.91;7.37
1438719252742555;11.9;33.3;Tue Nov 19 2019 13:25:23 GMT+0100 (CET);Tue Nov 19 2019 12:25:23 GMT+0100 (CET);1574166323000;0.23;46.66;7.42
1438719252742555;11.9;33.5;Tue Nov 19 2019 13:27:17 GMT+0100 (CET);Tue Nov 19 2019 12:27:17 GMT+0100 (CET);1574166437000;0.24;48.62;7.46
1438719252742555;11.9;33.5;Tue Nov 19 2019 13:29:31 GMT+0100 (CET);Tue Nov 19 2019 12:29:31 GMT+0100 (CET);1574166571000;0.23;47.47;7.5
1438719252742555;11.9;33.5;Tue Nov 19 2019 13:31:38 GMT+0100 (CET);Tue Nov 19 2019 12:31:38 GMT+0100 (CET);1574166698000;0.22;45.9;7.51
1438719252742555;11.9;33;Tue Nov 19 2019 13:35:55 GMT+0100 (CET);Tue Nov 19 2019 12:35:55 GMT+0100 (CET);1574166955000;0.2;43.31;7.34
1438719252742555;11.9;33.2;Tue Nov 19 2019 13:38:10 GMT+0100 (CET);Tue Nov 19 2019 12:38:10 GMT+0100 (CET);1574167090000;0.23;46.59;7.32
1438719252742555;11.9;33.4;Tue Nov 19 2019 13:40:10 GMT+0100 (CET);Tue Nov 19 2019 12:40:10 GMT+0100 (CET);1574167210000;0.25;53.11;7.35
1438719252742555;11.9;33.7;Tue Nov 19 2019 13:42:15 GMT+0100 (CET);Tue Nov 19 2019 12:42:15 GMT+0100 (CET);1574167335000;0.28;58.6;7.38
1438719252742555;11.9;34;Tue Nov 19 2019 13:45:04 GMT+0100 (CET);Tue Nov 19 2019 12:45:04 GMT+0100 (CET);1574167504000;0.31;64.63;7.46
1438719252742555;12.4;34.1;Tue Nov 19 2019 13:47:25 GMT+0100 (CET);Tue Nov 19 2019 12:47:25 GMT+0100 (CET);1574167645000;0.31;64.86;7.51
1438719252742555;12.4;34;Tue Nov 19 2019 13:50:07 GMT+0100 (CET);Tue Nov 19 2019 12:50:07 GMT+0100 (CET);1574167807000;0.3;60.9;7.53
1438719252742555;12.4;33.9;Tue Nov 19 2019 13:52:07 GMT+0100 (CET);Tue Nov 19 2019 12:52:07 GMT+0100 (CET);1574167927000;0.27;54.61;7.51
1438719252742555;12.4;33.7;Tue Nov 19 2019 13:54:52 GMT+0100 (CET);Tue Nov 19 2019 12:54:52 GMT+0100 (CET);1574168092000;0.27;57.19;7.47
1438719252742555;11.9;34.1;Tue Nov 19 2019 13:57:50 GMT+0100 (CET);Tue Nov 19 2019 12:57:50 GMT+0100 (CET);1574168270000;0.3;60.92;7.5
1438719252742555;11.9;34.1;Tue Nov 19 2019 13:59:52 GMT+0100 (CET);Tue Nov 19 2019 12:59:52 GMT+0100 (CET);1574168392000;0.31;61.83;7.54
1438719252742555;12.4;34;Tue Nov 19 2019 14:01:50 GMT+0100 (CET);Tue Nov 19 2019 13:01:50 GMT+0100 (CET);1574168510000;0.29;57.93;7.59
1438719252742555;12.4;33.9;Tue Nov 19 2019 14:03:49 GMT+0100 (CET);Tue Nov 19 2019 13:03:49 GMT+0100 (CET);1574168629000;0.28;55.04;7.62
1438719252742555;12.4;33.7;Tue Nov 19 2019 14:06:14 GMT+0100 (CET);Tue Nov 19 2019 13:06:14 GMT+0100 (CET);1574168774000;0.23;50.78;7.64
1438719252742555;12.4;33.5;Tue Nov 19 2019 14:08:38 GMT+0100 (CET);Tue Nov 19 2019 13:08:38 GMT+0100 (CET);1574168918000;0.24;50.29;7.7
1438719252742555;12.4;33.5;Tue Nov 19 2019 14:11:31 GMT+0100 (CET);Tue Nov 19 2019 13:11:31 GMT+0100 (CET);1574169091000;0.25;50.79;7.67
1438719252742555;12.4;33.5;Tue Nov 19 2019 14:13:26 GMT+0100 (CET);Tue Nov 19 2019 13:13:26 GMT+0100 (CET);1574169206000;0.24;50.2;7.68
1438719252742555;11.9;33.5;Tue Nov 19 2019 14:15:24 GMT+0100 (CET);Tue Nov 19 2019 13:15:24 GMT+0100 (CET);1574169324000;0.26;53.51;7.72
1438719252742555;11.9;33.7;Tue Nov 19 2019 14:17:18 GMT+0100 (CET);Tue Nov 19 2019 13:17:18 GMT+0100 (CET);1574169438000;0.28;59.25;7.79
1438719252742555;11.9;33.9;Tue Nov 19 2019 14:19:28 GMT+0100 (CET);Tue Nov 19 2019 13:19:28 GMT+0100 (CET);1574169568000;0.29;59.15;7.81
1438719252742555;12.4;33.8;Tue Nov 19 2019 14:21:57 GMT+0100 (CET);Tue Nov 19 2019 13:21:57 GMT+0100 (CET);1574169717000;0.25;51.35;7.85
1438719252742555;12.4;33.7;Tue Nov 19 2019 14:24:09 GMT+0100 (CET);Tue Nov 19 2019 13:24:09 GMT+0100 (CET);1574169849000;0.22;47.03;7.77
1438719252742555;12.4;33.5;Tue Nov 19 2019 14:26:11 GMT+0100 (CET);Tue Nov 19 2019 13:26:11 GMT+0100 (CET);1574169971000;0.2;42.06;7.64
1438719252742555;12.4;33.4;Tue Nov 19 2019 14:28:18 GMT+0100 (CET);Tue Nov 19 2019 13:28:18 GMT+0100 (CET);1574170098000;0.16;33.97;7.6
1438719252742555;12.4;32.5;Tue Nov 19 2019 14:30:18 GMT+0100 (CET);Tue Nov 19 2019 13:30:18 GMT+0100 (CET);1574170218000;0.16;32.17;7.59
1438719252742555;12.4;32.4;Tue Nov 19 2019 14:32:01 GMT+0100 (CET);Tue Nov 19 2019 13:32:01 GMT+0100 (CET);1574170321000;0.16;31.26;7.57
1438719252742555;11.9;32.2;Tue Nov 19 2019 14:34:03 GMT+0100 (CET);Tue Nov 19 2019 13:34:03 GMT+0100 (CET);1574170443000;0.14;29.67;7.53
1438719252742555;11.9;32.2;Tue Nov 19 2019 14:36:43 GMT+0100 (CET);Tue Nov 19 2019 13:36:43 GMT+0100 (CET);1574170603000;0.12;26.1;7.43
1438719252742555;11.9;32.1;Tue Nov 19 2019 14:38:57 GMT+0100 (CET);Tue Nov 19 2019 13:38:57 GMT+0100 (CET);1574170737000;0.11;23.59;7.35
1438719252742555;11.9;31.6;Tue Nov 19 2019 14:40:54 GMT+0100 (CET);Tue Nov 19 2019 13:40:54 GMT+0100 (CET);1574170854000;0.11;23.51;7.33
1438719252742555;11.9;31.5;Tue Nov 19 2019 14:42:52 GMT+0100 (CET);Tue Nov 19 2019 13:42:52 GMT+0100 (CET);1574170972000;0.1;21.14;7.32
1438719252742555;11.9;31.2;Tue Nov 19 2019 14:44:45 GMT+0100 (CET);Tue Nov 19 2019 13:44:45 GMT+0100 (CET);1574171085000;0.1;19.89;7.31
1438719252742555;11.9;31.1;Tue Nov 19 2019 14:46:38 GMT+0100 (CET);Tue Nov 19 2019 13:46:38 GMT+0100 (CET);1574171198000;0.09;19.59;7.28
1438719252742555;10.4;30.9;Tue Nov 19 2019 14:48:31 GMT+0100 (CET);Tue Nov 19 2019 13:48:31 GMT+0100 (CET);1574171311000;0.09;17.89;7.27
1438719252742555;10.4;30.5;Tue Nov 19 2019 14:51:24 GMT+0100 (CET);Tue Nov 19 2019 13:51:24 GMT+0100 (CET);1574171484000;0.07;15.08;7.24
1438719252742555;10.4;30.1;Tue Nov 19 2019 14:53:37 GMT+0100 (CET);Tue Nov 19 2019 13:53:37 GMT+0100 (CET);1574171617000;0.06;13.19;7.21
1438719252742555;10.4;29.7;Tue Nov 19 2019 14:55:39 GMT+0100 (CET);Tue Nov 19 2019 13:55:39 GMT+0100 (CET);1574171739000;0.06;12.53;7.17
1438719252742555;10.4;29.2;Tue Nov 19 2019 14:57:35 GMT+0100 (CET);Tue Nov 19 2019 13:57:35 GMT+0100 (CET);1574171855000;0.06;12.66;7.13
1438719252742555;9.9;29.4;Tue Nov 19 2019 14:59:42 GMT+0100 (CET);Tue Nov 19 2019 13:59:42 GMT+0100 (CET);1574171982000;0.06;12.66;7.11
1438719252742555;8.4;29.4;Tue Nov 19 2019 15:03:54 GMT+0100 (CET);Tue Nov 19 2019 14:03:54 GMT+0100 (CET);1574172234000;0.06;13.47;7.03
1438719252742555;8.4;29.7;Tue Nov 19 2019 15:06:16 GMT+0100 (CET);Tue Nov 19 2019 14:06:16 GMT+0100 (CET);1574172376000;0.07;14.83;7
1438719252742555;8.4;30.5;Tue Nov 19 2019 15:08:14 GMT+0100 (CET);Tue Nov 19 2019 14:08:14 GMT+0100 (CET);1574172494000;0.07;16.01;6.96
1438719252742555;8.4;30.1;Tue Nov 19 2019 15:10:14 GMT+0100 (CET);Tue Nov 19 2019 14:10:14 GMT+0100 (CET);1574172614000;0.09;18.09;6.96
1438719252742555;9.9;31;Tue Nov 19 2019 15:12:10 GMT+0100 (CET);Tue Nov 19 2019 14:12:10 GMT+0100 (CET);1574172730000;0.08;17.55;6.96
1438719252742555;9.9;30.8;Tue Nov 19 2019 15:16:34 GMT+0100 (CET);Tue Nov 19 2019 14:16:34 GMT+0100 (CET);1574172994000;0.08;17.89;6.99
1438719252742555;9.9;30.9;Tue Nov 19 2019 15:18:41 GMT+0100 (CET);Tue Nov 19 2019 14:18:41 GMT+0100 (CET);1574173121000;0.1;20.45;6.98
1438719252742555;9.9;31.2;Tue Nov 19 2019 15:21:25 GMT+0100 (CET);Tue Nov 19 2019 14:21:25 GMT+0100 (CET);1574173285000;0.1;22.15;6.99
1438719252742555;9.9;31.3;Tue Nov 19 2019 15:23:27 GMT+0100 (CET);Tue Nov 19 2019 14:23:27 GMT+0100 (CET);1574173407000;0.1;21.33;6.96
1438719252742555;9.9;31.2;Tue Nov 19 2019 15:26:13 GMT+0100 (CET);Tue Nov 19 2019 14:26:13 GMT+0100 (CET);1574173573000;0.1;20.93;6.92
1438719252742555;9.9;31.2;Tue Nov 19 2019 15:28:24 GMT+0100 (CET);Tue Nov 19 2019 14:28:24 GMT+0100 (CET);1574173704000;0.1;20.35;6.91
1438719252742555;9.9;31;Tue Nov 19 2019 15:32:14 GMT+0100 (CET);Tue Nov 19 2019 14:32:14 GMT+0100 (CET);1574173934000;0.08;17.46;6.87
1438719252742555;9.9;30.9;Tue Nov 19 2019 15:34:03 GMT+0100 (CET);Tue Nov 19 2019 14:34:03 GMT+0100 (CET);1574174043000;0.09;18.82;6.85
1438719252742555;10.4;30.9;Tue Nov 19 2019 15:36:57 GMT+0100 (CET);Tue Nov 19 2019 14:36:57 GMT+0100 (CET);1574174217000;0.08;18.12;6.81
1438719252742555;10.4;30.9;Tue Nov 19 2019 15:39:02 GMT+0100 (CET);Tue Nov 19 2019 14:39:02 GMT+0100 (CET);1574174342000;0.06;13.51;6.79
1438719252742555;9.4;30;Tue Nov 19 2019 15:41:37 GMT+0100 (CET);Tue Nov 19 2019 14:41:37 GMT+0100 (CET);1574174497000;0;11.52;6.75
1438719252742555;9.4;28.9;Tue Nov 19 2019 15:44:16 GMT+0100 (CET);Tue Nov 19 2019 14:44:16 GMT+0100 (CET);1574174656000;0;10.45;6.71
1438719252742555;9.4;28.6;Tue Nov 19 2019 15:46:55 GMT+0100 (CET);Tue Nov 19 2019 14:46:55 GMT+0100 (CET);1574174815000;0;9.68;6.67
1438719252742555;9.4;28.1;Tue Nov 19 2019 15:49:01 GMT+0100 (CET);Tue Nov 19 2019 14:49:01 GMT+0100 (CET);1574174941000;0;9.72;6.67
1438719252742555;7.9;28;Tue Nov 19 2019 15:51:53 GMT+0100 (CET);Tue Nov 19 2019 14:51:53 GMT+0100 (CET);1574175113000;0;9.09;6.65
1438719252742555;7.9;27.3;Tue Nov 19 2019 15:53:59 GMT+0100 (CET);Tue Nov 19 2019 14:53:59 GMT+0100 (CET);1574175239000;0;8.41;6.64
1438719252742555;7.9;26.5;Tue Nov 19 2019 15:56:22 GMT+0100 (CET);Tue Nov 19 2019 14:56:22 GMT+0100 (CET);1574175382000;0;7.27;6.64
1438719252742555;7.9;26.5;Tue Nov 19 2019 15:58:41 GMT+0100 (CET);Tue Nov 19 2019 14:58:41 GMT+0100 (CET);1574175521000;0;7.34;6.64
1438719252742555;8.4;29.4;Tue Nov 19 2019 16:00:51 GMT+0100 (CET);Tue Nov 19 2019 15:00:51 GMT+0100 (CET);1574175651000;0;5.18;6.62
1438719252742555;8.4;30.7;Tue Nov 19 2019 16:03:55 GMT+0100 (CET);Tue Nov 19 2019 15:03:55 GMT+0100 (CET);1574175835000;0;4.72;6.6
1438719252742555;8.4;31.5;Tue Nov 19 2019 16:06:17 GMT+0100 (CET);Tue Nov 19 2019 15:06:17 GMT+0100 (CET);1574175977000;0;4.4;6.6
1438719252742555;8.4;28.4;Tue Nov 19 2019 16:08:49 GMT+0100 (CET);Tue Nov 19 2019 15:08:49 GMT+0100 (CET);1574176129000;0;3.6;6.6
1438719252742555;8.4;30.5;Tue Nov 19 2019 16:11:41 GMT+0100 (CET);Tue Nov 19 2019 15:11:41 GMT+0100 (CET);1574176301000;0;4.16;6.58
1438719252742555;8.4;30.6;Tue Nov 19 2019 16:15:08 GMT+0100 (CET);Tue Nov 19 2019 15:15:08 GMT+0100 (CET);1574176508000;0;3.72;6.61
1438719252742555;8.4;27.3;Tue Nov 19 2019 16:18:02 GMT+0100 (CET);Tue Nov 19 2019 15:18:02 GMT+0100 (CET);1574176682000;0;3.09;6.61
1438719252742555;7.9;27.3;Tue Nov 19 2019 16:20:21 GMT+0100 (CET);Tue Nov 19 2019 15:20:21 GMT+0100 (CET);1574176821000;0;1.99;6.63
1438719252742555;7.9;27.3;Tue Nov 19 2019 16:22:27 GMT+0100 (CET);Tue Nov 19 2019 15:22:27 GMT+0100 (CET);1574176947000;0;1.51;6.62
1438719252742555;13.9;35.1;Wed Nov 20 2019 10:51:27 GMT+0100 (CET);Wed Nov 20 2019 09:51:27 GMT+0100 (CET);1574243487000;0.49;110.3;6.21
1438719252742555;13.9;35.1;Wed Nov 20 2019 10:55:00 GMT+0100 (CET);Wed Nov 20 2019 09:55:00 GMT+0100 (CET);1574243700000;0.47;106.15;6.21
1438719252742555;13.9;35.1;Wed Nov 20 2019 10:56:54 GMT+0100 (CET);Wed Nov 20 2019 09:56:54 GMT+0100 (CET);1574243814000;0.46;105.17;6.25
1438719252742555;13.9;35.4;Wed Nov 20 2019 10:58:46 GMT+0100 (CET);Wed Nov 20 2019 09:58:46 GMT+0100 (CET);1574243926000;0.55;122.85;6.23
1438719252742555;13.9;35.4;Wed Nov 20 2019 11:00:39 GMT+0100 (CET);Wed Nov 20 2019 10:00:39 GMT+0100 (CET);1574244039000;0.57;128.08;6.24
1438719252742555;13.9;35.6;Wed Nov 20 2019 11:02:32 GMT+0100 (CET);Wed Nov 20 2019 10:02:32 GMT+0100 (CET);1574244152000;0.56;124.47;6.32
1438719252742555;13.9;35.4;Wed Nov 20 2019 11:04:24 GMT+0100 (CET);Wed Nov 20 2019 10:04:24 GMT+0100 (CET);1574244264000;0.57;129.39;6.38
1438719252742555;13.9;35.8;Wed Nov 20 2019 11:06:17 GMT+0100 (CET);Wed Nov 20 2019 10:06:17 GMT+0100 (CET);1574244377000;0.7;151.88;6.39
1438719252742555;13.9;36;Wed Nov 20 2019 11:08:10 GMT+0100 (CET);Wed Nov 20 2019 10:08:10 GMT+0100 (CET);1574244490000;0.76;164.98;6.41
1438719252742555;13.9;36;Wed Nov 20 2019 11:10:03 GMT+0100 (CET);Wed Nov 20 2019 10:10:03 GMT+0100 (CET);1574244603000;0.76;160.39;6.42
1438719252742555;13.9;35.8;Wed Nov 20 2019 11:11:56 GMT+0100 (CET);Wed Nov 20 2019 10:11:56 GMT+0100 (CET);1574244716000;0.59;128.64;6.42
1438719252742555;13.9;35.2;Wed Nov 20 2019 11:13:49 GMT+0100 (CET);Wed Nov 20 2019 10:13:49 GMT+0100 (CET);1574244829000;0.48;107.21;6.51
1438719252742555;13.9;34.8;Wed Nov 20 2019 11:15:41 GMT+0100 (CET);Wed Nov 20 2019 10:15:41 GMT+0100 (CET);1574244941000;0.5;109.57;6.53
1438719252742555;13.9;35;Wed Nov 20 2019 11:17:35 GMT+0100 (CET);Wed Nov 20 2019 10:17:35 GMT+0100 (CET);1574245055000;0.58;124.37;6.53
1438719252742555;13.9;35.5;Wed Nov 20 2019 11:19:29 GMT+0100 (CET);Wed Nov 20 2019 10:19:29 GMT+0100 (CET);1574245169000;0.6;130.05;6.59
1438719252742555;13.9;35.6;Wed Nov 20 2019 11:21:21 GMT+0100 (CET);Wed Nov 20 2019 10:21:21 GMT+0100 (CET);1574245281000;0.58;124.7;6.53
1438719252742555;13.9;35.4;Wed Nov 20 2019 11:23:32 GMT+0100 (CET);Wed Nov 20 2019 10:23:32 GMT+0100 (CET);1574245412000;0.55;119.08;6.53
1438719252742555;13.9;35.3;Wed Nov 20 2019 11:25:25 GMT+0100 (CET);Wed Nov 20 2019 10:25:25 GMT+0100 (CET);1574245525000;0.56;119.32;6.6
1438719252742555;13.9;35.4;Wed Nov 20 2019 11:27:18 GMT+0100 (CET);Wed Nov 20 2019 10:27:18 GMT+0100 (CET);1574245638000;0.55;119.48;6.72
1438719252742555;13.9;35.2;Wed Nov 20 2019 11:29:11 GMT+0100 (CET);Wed Nov 20 2019 10:29:11 GMT+0100 (CET);1574245751000;0.52;113.57;6.8
1438719252742555;13.9;35.2;Wed Nov 20 2019 11:31:03 GMT+0100 (CET);Wed Nov 20 2019 10:31:03 GMT+0100 (CET);1574245863000;0.53;114.54;6.85
1438719252742555;13.9;35.2;Wed Nov 20 2019 11:32:56 GMT+0100 (CET);Wed Nov 20 2019 10:32:56 GMT+0100 (CET);1574245976000;0.54;116.15;6.92
1438719252742555;13.9;35.2;Wed Nov 20 2019 11:34:48 GMT+0100 (CET);Wed Nov 20 2019 10:34:48 GMT+0100 (CET);1574246088000;0.58;122.72;6.97
1438719252742555;13.9;35.3;Wed Nov 20 2019 11:36:42 GMT+0100 (CET);Wed Nov 20 2019 10:36:42 GMT+0100 (CET);1574246202000;0.56;120.44;7.03
1438719252742555;13.9;35.1;Wed Nov 20 2019 11:38:35 GMT+0100 (CET);Wed Nov 20 2019 10:38:35 GMT+0100 (CET);1574246315000;0.57;124.55;6.96
1438719252742555;13.9;35.4;Wed Nov 20 2019 11:40:28 GMT+0100 (CET);Wed Nov 20 2019 10:40:28 GMT+0100 (CET);1574246428000;0.61;133.46;6.96
1438719252742555;13.9;35.5;Wed Nov 20 2019 11:42:22 GMT+0100 (CET);Wed Nov 20 2019 10:42:22 GMT+0100 (CET);1574246542000;0.68;145.65;7.04
1438719252742555;13.9;35.7;Wed Nov 20 2019 11:44:15 GMT+0100 (CET);Wed Nov 20 2019 10:44:15 GMT+0100 (CET);1574246655000;0.72;155.33;7.13
1438719252742555;14.4;35.7;Wed Nov 20 2019 11:46:09 GMT+0100 (CET);Wed Nov 20 2019 10:46:09 GMT+0100 (CET);1574246769000;0.74;160.29;7.21
1438719252742555;14.4;35.7;Wed Nov 20 2019 11:48:01 GMT+0100 (CET);Wed Nov 20 2019 10:48:01 GMT+0100 (CET);1574246881000;0.75;163.6;7.27
1438719252742555;14.4;35.8;Wed Nov 20 2019 11:49:54 GMT+0100 (CET);Wed Nov 20 2019 10:49:54 GMT+0100 (CET);1574246994000;0.78;169.51;7.33
1438719252742555;14.4;35.8;Wed Nov 20 2019 11:51:51 GMT+0100 (CET);Wed Nov 20 2019 10:51:51 GMT+0100 (CET);1574247111000;0.76;168.73;7.36
1438719252742555;14.4;35.6;Wed Nov 20 2019 11:53:43 GMT+0100 (CET);Wed Nov 20 2019 10:53:43 GMT+0100 (CET);1574247223000;0.72;160.71;7.36
1438719252742555;14.4;35.8;Wed Nov 20 2019 11:55:36 GMT+0100 (CET);Wed Nov 20 2019 10:55:36 GMT+0100 (CET);1574247336000;0.77;170.59;7.25
1438719252742555;14.4;35.9;Wed Nov 20 2019 11:57:29 GMT+0100 (CET);Wed Nov 20 2019 10:57:29 GMT+0100 (CET);1574247449000;0.81;180.1;7.2
1438719252742555;14.4;35.9;Wed Nov 20 2019 11:59:22 GMT+0100 (CET);Wed Nov 20 2019 10:59:22 GMT+0100 (CET);1574247562000;0.78;171.48;7.24
1438719252742555;14.4;35.8;Wed Nov 20 2019 12:01:14 GMT+0100 (CET);Wed Nov 20 2019 11:01:14 GMT+0100 (CET);1574247674000;0.69;149.92;7.26
1438719252742555;14.4;35.5;Wed Nov 20 2019 12:03:08 GMT+0100 (CET);Wed Nov 20 2019 11:03:08 GMT+0100 (CET);1574247788000;0.65;144.94;7.28
1438719252742555;14.4;35.5;Wed Nov 20 2019 12:05:02 GMT+0100 (CET);Wed Nov 20 2019 11:05:02 GMT+0100 (CET);1574247902000;0.7;157.23;7.31
1438719252742555;14.4;35.7;Wed Nov 20 2019 12:06:55 GMT+0100 (CET);Wed Nov 20 2019 11:06:55 GMT+0100 (CET);1574248015000;0.93;213.45;7.33
1438719252742555;15.9;37.4;Wed Nov 20 2019 12:08:48 GMT+0100 (CET);Wed Nov 20 2019 11:08:48 GMT+0100 (CET);1574248128000;1.42;305.01;7.56
1438719252742555;15.9;36.6;Wed Nov 20 2019 12:10:41 GMT+0100 (CET);Wed Nov 20 2019 11:10:41 GMT+0100 (CET);1574248241000;2.17;442.87;8.3
1438719252742555;15.9;36.5;Wed Nov 20 2019 12:12:34 GMT+0100 (CET);Wed Nov 20 2019 11:12:34 GMT+0100 (CET);1574248354000;3.34;714.64;9.24
1438719252742555;16.4;36.3;Wed Nov 20 2019 12:14:26 GMT+0100 (CET);Wed Nov 20 2019 11:14:26 GMT+0100 (CET);1574248466000;1.1;233.08;9.95
1438719252742555;16.4;34.5;Wed Nov 20 2019 12:16:19 GMT+0100 (CET);Wed Nov 20 2019 11:16:19 GMT+0100 (CET);1574248579000;0.8;179;9.76
1438719252742555;17.4;34.9;Wed Nov 20 2019 12:18:12 GMT+0100 (CET);Wed Nov 20 2019 11:18:12 GMT+0100 (CET);1574248692000;0.91;205.51;9.55
1438719252742555;17.4;35.4;Wed Nov 20 2019 12:20:05 GMT+0100 (CET);Wed Nov 20 2019 11:20:05 GMT+0100 (CET);1574248805000;0.96;217.47;9.25
1438719252742555;17.4;35.5;Wed Nov 20 2019 12:21:57 GMT+0100 (CET);Wed Nov 20 2019 11:21:57 GMT+0100 (CET);1574248917000;0.92;209.41;9
1438719252742555;17.4;35.4;Wed Nov 20 2019 12:23:50 GMT+0100 (CET);Wed Nov 20 2019 11:23:50 GMT+0100 (CET);1574249030000;0.81;190.6;8.8
1438719252742555;17.4;35.4;Wed Nov 20 2019 12:25:43 GMT+0100 (CET);Wed Nov 20 2019 11:25:43 GMT+0100 (CET);1574249143000;0.78;183.97;8.46
1438719252742555;17.4;35.3;Wed Nov 20 2019 12:27:36 GMT+0100 (CET);Wed Nov 20 2019 11:27:36 GMT+0100 (CET);1574249256000;0.76;179.5;8.2
1438719252742555;17.4;38.7;Wed Nov 20 2019 12:29:28 GMT+0100 (CET);Wed Nov 20 2019 11:29:28 GMT+0100 (CET);1574249368000;1.47;343.03;8.32
1438719252742555;17.4;36.9;Wed Nov 20 2019 12:31:22 GMT+0100 (CET);Wed Nov 20 2019 11:31:22 GMT+0100 (CET);1574249482000;2.75;601.59;8.78
1438719252742555;17.4;32.8;Wed Nov 20 2019 12:33:23 GMT+0100 (CET);Wed Nov 20 2019 11:33:23 GMT+0100 (CET);1574249603000;0.71;172.42;8.96
1438719252742555;17.4;35.8;Wed Nov 20 2019 12:35:16 GMT+0100 (CET);Wed Nov 20 2019 11:35:16 GMT+0100 (CET);1574249716000;0.99;196.64;8.96
1438719252742555;17.4;35.8;Wed Nov 20 2019 12:37:13 GMT+0100 (CET);Wed Nov 20 2019 11:37:13 GMT+0100 (CET);1574249833000;1.35;332.79;8.96
1438719252742555;17.4;36.4;Wed Nov 20 2019 12:39:05 GMT+0100 (CET);Wed Nov 20 2019 11:39:05 GMT+0100 (CET);1574249945000;1.49;437.75;9.06
1438719252742555;17.4;36.9;Wed Nov 20 2019 12:41:00 GMT+0100 (CET);Wed Nov 20 2019 11:41:00 GMT+0100 (CET);1574250060000;2.74;609.27;9.44
1438719252742555;17.4;36.2;Wed Nov 20 2019 12:42:53 GMT+0100 (CET);Wed Nov 20 2019 11:42:53 GMT+0100 (CET);1574250173000;2.24;488.95;10.04
1438719252742555;17.4;36.1;Wed Nov 20 2019 12:44:46 GMT+0100 (CET);Wed Nov 20 2019 11:44:46 GMT+0100 (CET);1574250286000;2.8;611.83;10.66
1438719252742555;17.4;35.8;Wed Nov 20 2019 12:46:39 GMT+0100 (CET);Wed Nov 20 2019 11:46:39 GMT+0100 (CET);1574250399000;1.34;366.07;11.19
1438719252742555;20.5;36;Wed Nov 20 2019 12:48:32 GMT+0100 (CET);Wed Nov 20 2019 11:48:32 GMT+0100 (CET);1574250512000;2.78;606.71;11.4
1438719252742555;20.5;35.8;Wed Nov 20 2019 12:50:26 GMT+0100 (CET);Wed Nov 20 2019 11:50:26 GMT+0100 (CET);1574250626000;2.67;581.11;11.67
1438719252742555;20.5;35.6;Wed Nov 20 2019 12:52:20 GMT+0100 (CET);Wed Nov 20 2019 11:52:20 GMT+0100 (CET);1574250740000;2.8;609.27;11.9
1438719252742555;20.5;35.5;Wed Nov 20 2019 12:54:18 GMT+0100 (CET);Wed Nov 20 2019 11:54:18 GMT+0100 (CET);1574250858000;2.76;604.15;12.14
1438719252742555;22;35.4;Wed Nov 20 2019 12:56:17 GMT+0100 (CET);Wed Nov 20 2019 11:56:17 GMT+0100 (CET);1574250977000;2.71;591.35;12.4
1438719252742555;22;35.3;Wed Nov 20 2019 12:58:17 GMT+0100 (CET);Wed Nov 20 2019 11:58:17 GMT+0100 (CET);1574251097000;2.73;593.91;12.53
1438719252742555;22;35.2;Wed Nov 20 2019 13:00:10 GMT+0100 (CET);Wed Nov 20 2019 12:00:10 GMT+0100 (CET);1574251210000;2.64;573.43;12.64
1438719252742555;24;35.2;Wed Nov 20 2019 13:02:04 GMT+0100 (CET);Wed Nov 20 2019 12:02:04 GMT+0100 (CET);1574251324000;2.69;586.23;12.8
1438719252742555;24;35.1;Wed Nov 20 2019 13:03:56 GMT+0100 (CET);Wed Nov 20 2019 12:03:56 GMT+0100 (CET);1574251436000;2.72;588.79;12.88
1438719252742555;24;35;Wed Nov 20 2019 13:05:50 GMT+0100 (CET);Wed Nov 20 2019 12:05:50 GMT+0100 (CET);1574251550000;2.52;560.63;12.91
1438719252742555;24;34.4;Wed Nov 20 2019 13:07:43 GMT+0100 (CET);Wed Nov 20 2019 12:07:43 GMT+0100 (CET);1574251663000;2;447.99;12.78
1438719252742555;24;35.5;Wed Nov 20 2019 13:09:36 GMT+0100 (CET);Wed Nov 20 2019 12:09:36 GMT+0100 (CET);1574251776000;2.62;563.19;12.55
1438719252742555;24.5;35.4;Wed Nov 20 2019 13:11:29 GMT+0100 (CET);Wed Nov 20 2019 12:11:29 GMT+0100 (CET);1574251889000;2.62;568.31;12.72
1438719252742555;24.5;35.2;Wed Nov 20 2019 13:13:22 GMT+0100 (CET);Wed Nov 20 2019 12:13:22 GMT+0100 (CET);1574252002000;2.62;568.31;12.93
1438719252742555;24.5;35.1;Wed Nov 20 2019 13:15:15 GMT+0100 (CET);Wed Nov 20 2019 12:15:15 GMT+0100 (CET);1574252115000;2.59;558.07;13.19
1438719252742555;24.5;35.2;Wed Nov 20 2019 13:17:10 GMT+0100 (CET);Wed Nov 20 2019 12:17:10 GMT+0100 (CET);1574252230000;2.55;552.95;13.28
1438719252742555;24.5;35.1;Wed Nov 20 2019 13:19:03 GMT+0100 (CET);Wed Nov 20 2019 12:19:03 GMT+0100 (CET);1574252343000;2.53;547.83;13.5
1438719252742555;24.5;35.1;Wed Nov 20 2019 13:20:56 GMT+0100 (CET);Wed Nov 20 2019 12:20:56 GMT+0100 (CET);1574252456000;2.54;547.83;13.62
1438719252742555;24.5;35;Wed Nov 20 2019 13:22:49 GMT+0100 (CET);Wed Nov 20 2019 12:22:49 GMT+0100 (CET);1574252569000;2.5;540.15;13.76
1438719252742555;24.5;35.1;Wed Nov 20 2019 13:24:42 GMT+0100 (CET);Wed Nov 20 2019 12:24:42 GMT+0100 (CET);1574252682000;2.48;537.59;13.85
1438719252742555;24.5;35.2;Wed Nov 20 2019 13:26:35 GMT+0100 (CET);Wed Nov 20 2019 12:26:35 GMT+0100 (CET);1574252795000;2.48;537.59;13.74
1438719252742555;24.5;35.2;Wed Nov 20 2019 13:28:29 GMT+0100 (CET);Wed Nov 20 2019 12:28:29 GMT+0100 (CET);1574252909000;2.45;532.47;13.71
1438719252742555;24.5;35.2;Wed Nov 20 2019 13:30:21 GMT+0100 (CET);Wed Nov 20 2019 12:30:21 GMT+0100 (CET);1574253021000;2.44;529.91;13.71
1438719252742555;24.5;35.2;Wed Nov 20 2019 13:32:14 GMT+0100 (CET);Wed Nov 20 2019 12:32:14 GMT+0100 (CET);1574253134000;2.33;511.99;13.85
1438719252742555;24.5;35.2;Wed Nov 20 2019 13:34:08 GMT+0100 (CET);Wed Nov 20 2019 12:34:08 GMT+0100 (CET);1574253248000;2.41;524.79;13.95
1438719252742555;24.5;35.2;Wed Nov 20 2019 13:36:00 GMT+0100 (CET);Wed Nov 20 2019 12:36:00 GMT+0100 (CET);1574253360000;2.4;522.23;14.12
1438719252742555;24.5;35.1;Wed Nov 20 2019 13:37:54 GMT+0100 (CET);Wed Nov 20 2019 12:37:54 GMT+0100 (CET);1574253474000;2.35;509.43;14.21
1438719252742555;24.5;35.1;Wed Nov 20 2019 13:39:46 GMT+0100 (CET);Wed Nov 20 2019 12:39:46 GMT+0100 (CET);1574253586000;2.36;511.99;14.26
1438719252742555;24.5;35.1;Wed Nov 20 2019 13:41:40 GMT+0100 (CET);Wed Nov 20 2019 12:41:40 GMT+0100 (CET);1574253700000;2.31;504.31;14.34
1438719252742555;24.5;35.1;Wed Nov 20 2019 13:43:33 GMT+0100 (CET);Wed Nov 20 2019 12:43:33 GMT+0100 (CET);1574253813000;2.29;499.19;14.39
1438719252742555;24.5;35.1;Wed Nov 20 2019 13:45:25 GMT+0100 (CET);Wed Nov 20 2019 12:45:25 GMT+0100 (CET);1574253925000;2.26;491.51;14.49
1438719252742555;24.5;35.1;Wed Nov 20 2019 13:47:22 GMT+0100 (CET);Wed Nov 20 2019 12:47:22 GMT+0100 (CET);1574254042000;2.22;483.83;14.55
1438719252742555;24.5;35.1;Wed Nov 20 2019 13:49:15 GMT+0100 (CET);Wed Nov 20 2019 12:49:15 GMT+0100 (CET);1574254155000;2.21;481.27;14.42
1438719252742555;24.5;35.1;Wed Nov 20 2019 13:51:27 GMT+0100 (CET);Wed Nov 20 2019 12:51:27 GMT+0100 (CET);1574254287000;2.18;476.15;14.24
1438719252742555;24.5;35.1;Wed Nov 20 2019 13:53:20 GMT+0100 (CET);Wed Nov 20 2019 12:53:20 GMT+0100 (CET);1574254400000;2.14;468.47;14.09
1438719252742555;24.5;35.2;Wed Nov 20 2019 13:55:15 GMT+0100 (CET);Wed Nov 20 2019 12:55:15 GMT+0100 (CET);1574254515000;2.11;463.35;14
1438719252742555;24.5;35.1;Wed Nov 20 2019 13:57:07 GMT+0100 (CET);Wed Nov 20 2019 12:57:07 GMT+0100 (CET);1574254627000;2.09;460.79;13.78
1438719252742555;24.5;35.1;Wed Nov 20 2019 13:59:00 GMT+0100 (CET);Wed Nov 20 2019 12:59:00 GMT+0100 (CET);1574254740000;2.09;463.35;13.8
1438719252742555;24.5;35.1;Wed Nov 20 2019 14:00:53 GMT+0100 (CET);Wed Nov 20 2019 13:00:53 GMT+0100 (CET);1574254853000;2.07;458.23;13.92
1438719252742555;24.5;35.2;Wed Nov 20 2019 14:02:49 GMT+0100 (CET);Wed Nov 20 2019 13:02:49 GMT+0100 (CET);1574254969000;2.06;450.55;14.05
1438719252742555;24.5;35.2;Wed Nov 20 2019 14:04:44 GMT+0100 (CET);Wed Nov 20 2019 13:04:44 GMT+0100 (CET);1574255084000;2.04;450.55;13.98
1438719252742555;24.5;35.2;Wed Nov 20 2019 14:06:52 GMT+0100 (CET);Wed Nov 20 2019 13:06:52 GMT+0100 (CET);1574255212000;1.99;440.31;13.96
1438719252742555;24.5;35.2;Wed Nov 20 2019 14:08:45 GMT+0100 (CET);Wed Nov 20 2019 13:08:45 GMT+0100 (CET);1574255325000;1.96;427.51;14.01
1438719252742555;24.5;35;Wed Nov 20 2019 14:10:38 GMT+0100 (CET);Wed Nov 20 2019 13:10:38 GMT+0100 (CET);1574255438000;1.9;417.27;14.1
1438719252742555;24.5;34.7;Wed Nov 20 2019 14:12:31 GMT+0100 (CET);Wed Nov 20 2019 13:12:31 GMT+0100 (CET);1574255551000;1.85;401.91;14.04
1438719252742555;24;34.7;Wed Nov 20 2019 14:14:29 GMT+0100 (CET);Wed Nov 20 2019 13:14:29 GMT+0100 (CET);1574255669000;1.84;401.91;13.98
1438719252742555;24;34.7;Wed Nov 20 2019 14:16:21 GMT+0100 (CET);Wed Nov 20 2019 13:16:21 GMT+0100 (CET);1574255781000;1.81;394.23;13.89
1438719252742555;24;34.7;Wed Nov 20 2019 14:18:15 GMT+0100 (CET);Wed Nov 20 2019 13:18:15 GMT+0100 (CET);1574255895000;1.76;386.55;13.85
1438719252742555;24;34.7;Wed Nov 20 2019 14:20:08 GMT+0100 (CET);Wed Nov 20 2019 13:20:08 GMT+0100 (CET);1574256008000;1.81;394.23;13.91
1438719252742555;24;34.7;Wed Nov 20 2019 14:22:01 GMT+0100 (CET);Wed Nov 20 2019 13:22:01 GMT+0100 (CET);1574256121000;1.78;386.55;13.87
1438719252742555;24;34.6;Wed Nov 20 2019 14:24:02 GMT+0100 (CET);Wed Nov 20 2019 13:24:02 GMT+0100 (CET);1574256242000;1.75;381.43;13.89
1438719252742555;24;34.3;Wed Nov 20 2019 14:25:55 GMT+0100 (CET);Wed Nov 20 2019 13:25:55 GMT+0100 (CET);1574256355000;1.74;381.43;13.81
1438719252742555;22.5;34.9;Wed Nov 20 2019 14:27:47 GMT+0100 (CET);Wed Nov 20 2019 13:27:47 GMT+0100 (CET);1574256467000;1.68;371.19;13.65
1438719252742555;22.5;35.1;Wed Nov 20 2019 14:29:40 GMT+0100 (CET);Wed Nov 20 2019 13:29:40 GMT+0100 (CET);1574256580000;1.64;363.51;13.39
1438719252742555;22.5;35;Wed Nov 20 2019 14:31:33 GMT+0100 (CET);Wed Nov 20 2019 13:31:33 GMT+0100 (CET);1574256693000;1.37;318.25;13.39
1438719252742555;22.5;33.8;Wed Nov 20 2019 14:33:27 GMT+0100 (CET);Wed Nov 20 2019 13:33:27 GMT+0100 (CET);1574256807000;1.56;358.39;13.11
1438719252742555;22.5;36;Wed Nov 20 2019 14:35:20 GMT+0100 (CET);Wed Nov 20 2019 13:35:20 GMT+0100 (CET);1574256920000;1.22;254.99;13.21
1438719252742555;22.5;31;Wed Nov 20 2019 14:37:23 GMT+0100 (CET);Wed Nov 20 2019 13:37:23 GMT+0100 (CET);1574257043000;0.52;111.69;12.86
1438719252742555;22.5;31.8;Wed Nov 20 2019 14:39:20 GMT+0100 (CET);Wed Nov 20 2019 13:39:20 GMT+0100 (CET);1574257160000;0.87;178.81;12.35
1438719252742555;20.5;34.4;Wed Nov 20 2019 14:41:21 GMT+0100 (CET);Wed Nov 20 2019 13:41:21 GMT+0100 (CET);1574257281000;0.65;145.08;11.79
1438719252742555;20.5;34.7;Wed Nov 20 2019 14:43:14 GMT+0100 (CET);Wed Nov 20 2019 13:43:14 GMT+0100 (CET);1574257394000;1;231.8;11.43
1438719252742555;20.5;35.4;Wed Nov 20 2019 14:44:43 GMT+0100 (CET);Wed Nov 20 2019 13:44:43 GMT+0100 (CET);1574257483000;0.84;187.53;11.25
1438719252742555;20;34.4;Wed Nov 20 2019 14:46:38 GMT+0100 (CET);Wed Nov 20 2019 13:46:38 GMT+0100 (CET);1574257598000;0.66;150.56;10.92
1438719252742555;20;36.2;Wed Nov 20 2019 14:48:31 GMT+0100 (CET);Wed Nov 20 2019 13:48:31 GMT+0100 (CET);1574257711000;1.08;264.07;10.79
1438719252742555;20;35;Wed Nov 20 2019 14:50:26 GMT+0100 (CET);Wed Nov 20 2019 13:50:26 GMT+0100 (CET);1574257826000;0.5;114.12;10.66
1438719252742555;20;36.3;Wed Nov 20 2019 14:52:25 GMT+0100 (CET);Wed Nov 20 2019 13:52:25 GMT+0100 (CET);1574257945000;1.15;279.17;10.65
1438719252742555;17.4;36;Wed Nov 20 2019 14:54:17 GMT+0100 (CET);Wed Nov 20 2019 13:54:17 GMT+0100 (CET);1574258057000;1.03;250.39;10.78
1438719252742555;17.4;36.5;Wed Nov 20 2019 14:56:12 GMT+0100 (CET);Wed Nov 20 2019 13:56:12 GMT+0100 (CET);1574258172000;1.17;291.49;11.02
1438719252742555;17.4;37.2;Wed Nov 20 2019 14:58:05 GMT+0100 (CET);Wed Nov 20 2019 13:58:05 GMT+0100 (CET);1574258285000;0.97;245.09;11.32
1438719252742555;17.4;36.3;Wed Nov 20 2019 14:59:58 GMT+0100 (CET);Wed Nov 20 2019 13:59:58 GMT+0100 (CET);1574258398000;0.86;217.07;11.29
1438719252742555;17.4;37.5;Wed Nov 20 2019 15:01:51 GMT+0100 (CET);Wed Nov 20 2019 14:01:51 GMT+0100 (CET);1574258511000;0.88;262.64;11.31
1438719252742555;17.4;37.5;Wed Nov 20 2019 15:03:52 GMT+0100 (CET);Wed Nov 20 2019 14:03:52 GMT+0100 (CET);1574258632000;0.66;186.78;11.39
1438719252742555;17.4;37;Wed Nov 20 2019 15:05:45 GMT+0100 (CET);Wed Nov 20 2019 14:05:45 GMT+0100 (CET);1574258745000;0.46;156.11;11.25
1438719252742555;20;38.1;Wed Nov 20 2019 15:07:38 GMT+0100 (CET);Wed Nov 20 2019 14:07:38 GMT+0100 (CET);1574258858000;0.43;149.3;11.01
1438719252742555;20;38.9;Wed Nov 20 2019 15:09:36 GMT+0100 (CET);Wed Nov 20 2019 14:09:36 GMT+0100 (CET);1574258976000;0.41;155.07;10.79
1438719252742555;20;30.3;Wed Nov 20 2019 15:11:29 GMT+0100 (CET);Wed Nov 20 2019 14:11:29 GMT+0100 (CET);1574259089000;0.34;75.49;10.59
1438719252742555;16.4;37.7;Wed Nov 20 2019 15:13:26 GMT+0100 (CET);Wed Nov 20 2019 14:13:26 GMT+0100 (CET);1574259206000;0.39;219.9;10.35
1438719252742555;16.4;40;Wed Nov 20 2019 15:15:19 GMT+0100 (CET);Wed Nov 20 2019 14:15:19 GMT+0100 (CET);1574259319000;0.39;218.11;10.46
1438719252742555;17.4;39;Wed Nov 20 2019 15:17:12 GMT+0100 (CET);Wed Nov 20 2019 14:17:12 GMT+0100 (CET);1574259432000;0.36;197.54;10.57
1438719252742555;17.4;32.2;Wed Nov 20 2019 15:19:06 GMT+0100 (CET);Wed Nov 20 2019 14:19:06 GMT+0100 (CET);1574259546000;0.35;118.96;10.59
1438719252742555;17.4;28.7;Wed Nov 20 2019 15:20:59 GMT+0100 (CET);Wed Nov 20 2019 14:20:59 GMT+0100 (CET);1574259659000;0.35;180.62;10.33
1438719252742555;14.4;33.5;Wed Nov 20 2019 15:22:52 GMT+0100 (CET);Wed Nov 20 2019 14:22:52 GMT+0100 (CET);1574259772000;0.3;83.55;10.12
1438719252742555;14.4;34.5;Wed Nov 20 2019 15:24:46 GMT+0100 (CET);Wed Nov 20 2019 14:24:46 GMT+0100 (CET);1574259886000;0.29;105.72;9.71
1438719252742555;15.9;35.8;Wed Nov 20 2019 15:26:39 GMT+0100 (CET);Wed Nov 20 2019 14:26:39 GMT+0100 (CET);1574259999000;0.29;139.28;9.57
1438719252742555;15.9;36.6;Wed Nov 20 2019 15:28:32 GMT+0100 (CET);Wed Nov 20 2019 14:28:32 GMT+0100 (CET);1574260112000;0.28;133.68;9.45
1438719252742555;15.9;37.8;Wed Nov 20 2019 15:30:24 GMT+0100 (CET);Wed Nov 20 2019 14:30:24 GMT+0100 (CET);1574260224000;0.26;129.2;9.38
1438719252742555;16.4;35.4;Wed Nov 20 2019 15:32:19 GMT+0100 (CET);Wed Nov 20 2019 14:32:19 GMT+0100 (CET);1574260339000;0.23;62.71;9.19
1438719252742555;16.4;33.9;Wed Nov 20 2019 15:34:14 GMT+0100 (CET);Wed Nov 20 2019 14:34:14 GMT+0100 (CET);1574260454000;0.19;44.51;8.96
1438719252742555;14.4;33;Wed Nov 20 2019 15:36:06 GMT+0100 (CET);Wed Nov 20 2019 14:36:06 GMT+0100 (CET);1574260566000;0.19;55.68;8.58
1438719252742555;14.4;32.6;Wed Nov 20 2019 15:38:00 GMT+0100 (CET);Wed Nov 20 2019 14:38:00 GMT+0100 (CET);1574260680000;0.18;53.9;8.31
1438719252742555;14.4;32.5;Wed Nov 20 2019 15:40:03 GMT+0100 (CET);Wed Nov 20 2019 14:40:03 GMT+0100 (CET);1574260803000;0.18;39.97;8.07
1438719252742555;13.9;32.4;Wed Nov 20 2019 15:41:55 GMT+0100 (CET);Wed Nov 20 2019 14:41:55 GMT+0100 (CET);1574260915000;0.18;39.04;7.83
1438719252742555;13.9;32.3;Wed Nov 20 2019 15:43:50 GMT+0100 (CET);Wed Nov 20 2019 14:43:50 GMT+0100 (CET);1574261030000;0.16;37.77;7.57
1438719252742555;13.9;32.5;Wed Nov 20 2019 15:45:42 GMT+0100 (CET);Wed Nov 20 2019 14:45:42 GMT+0100 (CET);1574261142000;0.16;38.25;7.31
1438719252742555;12.4;32.7;Wed Nov 20 2019 15:47:45 GMT+0100 (CET);Wed Nov 20 2019 14:47:45 GMT+0100 (CET);1574261265000;0.16;39.58;7.02
1438719252742555;12.4;32.6;Wed Nov 20 2019 15:49:38 GMT+0100 (CET);Wed Nov 20 2019 14:49:38 GMT+0100 (CET);1574261378000;0.16;40.55;6.81
1438719252742555;11.9;32.6;Wed Nov 20 2019 15:51:31 GMT+0100 (CET);Wed Nov 20 2019 14:51:31 GMT+0100 (CET);1574261491000;0.15;38.36;6.66
1438719252742555;11.9;32.5;Wed Nov 20 2019 15:53:24 GMT+0100 (CET);Wed Nov 20 2019 14:53:24 GMT+0100 (CET);1574261604000;0.13;34.9;6.51
1438719252742555;10.4;32.2;Wed Nov 20 2019 15:55:17 GMT+0100 (CET);Wed Nov 20 2019 14:55:17 GMT+0100 (CET);1574261717000;0.12;28.93;6.36
1438719252742555;10.4;31.9;Wed Nov 20 2019 15:57:17 GMT+0100 (CET);Wed Nov 20 2019 14:57:17 GMT+0100 (CET);1574261837000;0.12;27.78;6.17
1438719252742555;10.4;31.7;Wed Nov 20 2019 15:59:09 GMT+0100 (CET);Wed Nov 20 2019 14:59:09 GMT+0100 (CET);1574261949000;0.11;24.85;6
1438719252742555;9.9;31.4;Wed Nov 20 2019 16:01:02 GMT+0100 (CET);Wed Nov 20 2019 15:01:02 GMT+0100 (CET);1574262062000;0.1;21.81;5.81
1438719252742555;9.9;31.4;Wed Nov 20 2019 16:02:54 GMT+0100 (CET);Wed Nov 20 2019 15:02:54 GMT+0100 (CET);1574262174000;0.09;20.32;5.68
1438719252742555;8.4;31.4;Wed Nov 20 2019 16:04:48 GMT+0100 (CET);Wed Nov 20 2019 15:04:48 GMT+0100 (CET);1574262288000;0.08;19.02;5.53
1438719252742555;8.4;31;Wed Nov 20 2019 16:06:40 GMT+0100 (CET);Wed Nov 20 2019 15:06:40 GMT+0100 (CET);1574262400000;0.08;18.02;5.39
1438719252742555;8.4;30.9;Wed Nov 20 2019 16:08:33 GMT+0100 (CET);Wed Nov 20 2019 15:08:33 GMT+0100 (CET);1574262513000;0.08;16.99;5.3
1438719252742555;7.9;30.8;Wed Nov 20 2019 16:10:26 GMT+0100 (CET);Wed Nov 20 2019 15:10:26 GMT+0100 (CET);1574262626000;0.07;14.76;5.21
1438719252742555;7.9;30.6;Wed Nov 20 2019 16:12:21 GMT+0100 (CET);Wed Nov 20 2019 15:12:21 GMT+0100 (CET);1574262741000;0;11.69;5.17
1438719252742555;7.9;30.1;Wed Nov 20 2019 16:14:20 GMT+0100 (CET);Wed Nov 20 2019 15:14:20 GMT+0100 (CET);1574262860000;0;9.22;5.11
1438719252742555;7.9;28.8;Wed Nov 20 2019 16:16:21 GMT+0100 (CET);Wed Nov 20 2019 15:16:21 GMT+0100 (CET);1574262981000;0;7.74;5.07
1438719252742555;7.9;27.6;Wed Nov 20 2019 16:18:15 GMT+0100 (CET);Wed Nov 20 2019 15:18:15 GMT+0100 (CET);1574263095000;0;7.04;5.01
1438719252742555;7.9;27.5;Wed Nov 20 2019 16:20:07 GMT+0100 (CET);Wed Nov 20 2019 15:20:07 GMT+0100 (CET);1574263207000;0;6.09;4.95
1438719252742555;7.9;27.3;Wed Nov 20 2019 16:22:00 GMT+0100 (CET);Wed Nov 20 2019 15:22:00 GMT+0100 (CET);1574263320000;0;5.52;4.9
1438719252742555;7.9;33.8;Wed Nov 20 2019 16:23:54 GMT+0100 (CET);Wed Nov 20 2019 15:23:54 GMT+0100 (CET);1574263434000;0;4.33;4.88
1438719252742555;7.9;32.4;Wed Nov 20 2019 16:25:46 GMT+0100 (CET);Wed Nov 20 2019 15:25:46 GMT+0100 (CET);1574263546000;0;3.77;4.88
1438719252742555;7.9;31.1;Wed Nov 20 2019 16:27:40 GMT+0100 (CET);Wed Nov 20 2019 15:27:40 GMT+0100 (CET);1574263660000;0;3.46;4.92
1438719252742555;7.9;30;Wed Nov 20 2019 16:29:33 GMT+0100 (CET);Wed Nov 20 2019 15:29:33 GMT+0100 (CET);1574263773000;0;3.1;4.95
1438719252742555;7.9;28.4;Wed Nov 20 2019 16:31:26 GMT+0100 (CET);Wed Nov 20 2019 15:31:26 GMT+0100 (CET);1574263886000;0;2.49;4.98
1438719252742555;7.9;23.2;Wed Nov 20 2019 16:33:25 GMT+0100 (CET);Wed Nov 20 2019 15:33:25 GMT+0100 (CET);1574264005000;0;2;5
1438719252742555;7.9;19.9;Wed Nov 20 2019 16:35:18 GMT+0100 (CET);Wed Nov 20 2019 15:35:18 GMT+0100 (CET);1574264118000;0;1.48;5.03
1438719252742555;7.9;19.9;Wed Nov 20 2019 16:37:12 GMT+0100 (CET);Wed Nov 20 2019 15:37:12 GMT+0100 (CET);1574264232000;0;1.01;5.04
1438719252742555;7.9;19.9;Wed Nov 20 2019 16:39:04 GMT+0100 (CET);Wed Nov 20 2019 15:39:04 GMT+0100 (CET);1574264344000;0;0.66;5.06
1438719252742555;6.4;29.7;Thu Nov 21 2019 08:07:06 GMT+0100 (CET);Thu Nov 21 2019 07:07:06 GMT+0100 (CET);1574320026000;0;4.47;4.24
1438719252742555;6.4;30.9;Thu Nov 21 2019 08:08:59 GMT+0100 (CET);Thu Nov 21 2019 07:08:59 GMT+0100 (CET);1574320139000;0;3.73;4.22
1438719252742555;6.4;30.2;Thu Nov 21 2019 08:10:52 GMT+0100 (CET);Thu Nov 21 2019 07:10:52 GMT+0100 (CET);1574320252000;0;3.22;4.23
1438719252742555;6.4;27.7;Thu Nov 21 2019 08:12:45 GMT+0100 (CET);Thu Nov 21 2019 07:12:45 GMT+0100 (CET);1574320365000;0;3.15;4.24
1438719252742555;5.9;27.5;Thu Nov 21 2019 08:14:37 GMT+0100 (CET);Thu Nov 21 2019 07:14:37 GMT+0100 (CET);1574320477000;0;3.27;4.25
1438719252742555;5.9;28.8;Thu Nov 21 2019 08:16:31 GMT+0100 (CET);Thu Nov 21 2019 07:16:31 GMT+0100 (CET);1574320591000;0;3.75;4.27
1438719252742555;5.9;30.9;Thu Nov 21 2019 08:18:24 GMT+0100 (CET);Thu Nov 21 2019 07:18:24 GMT+0100 (CET);1574320704000;0;4.41;4.28
1438719252742555;5.9;31.4;Thu Nov 21 2019 08:20:18 GMT+0100 (CET);Thu Nov 21 2019 07:20:18 GMT+0100 (CET);1574320818000;0;5.04;4.28
1438719252742555;7.9;32.8;Thu Nov 21 2019 08:22:11 GMT+0100 (CET);Thu Nov 21 2019 07:22:11 GMT+0100 (CET);1574320931000;0;5.52;4.29
1438719252742555;7.9;28.2;Thu Nov 21 2019 08:24:04 GMT+0100 (CET);Thu Nov 21 2019 07:24:04 GMT+0100 (CET);1574321044000;0;6.14;4.31
1438719252742555;7.9;33.9;Thu Nov 21 2019 08:25:57 GMT+0100 (CET);Thu Nov 21 2019 07:25:57 GMT+0100 (CET);1574321157000;0;7;4.34
1438719252742555;7.9;29.1;Thu Nov 21 2019 08:27:49 GMT+0100 (CET);Thu Nov 21 2019 07:27:49 GMT+0100 (CET);1574321269000;0;7.78;4.35
1438719252742555;7.9;27.3;Thu Nov 21 2019 08:29:43 GMT+0100 (CET);Thu Nov 21 2019 07:29:43 GMT+0100 (CET);1574321383000;0;8.34;4.38
1438719252742555;6.4;27.3;Thu Nov 21 2019 08:31:37 GMT+0100 (CET);Thu Nov 21 2019 07:31:37 GMT+0100 (CET);1574321497000;0;8.72;4.37
1438719252742555;6.4;27.3;Thu Nov 21 2019 08:33:30 GMT+0100 (CET);Thu Nov 21 2019 07:33:30 GMT+0100 (CET);1574321610000;0;9.32;4.38
1438719252742555;6.4;27.8;Thu Nov 21 2019 08:35:23 GMT+0100 (CET);Thu Nov 21 2019 07:35:23 GMT+0100 (CET);1574321723000;0;10.09;4.4
1438719252742555;6.4;28.1;Thu Nov 21 2019 08:37:16 GMT+0100 (CET);Thu Nov 21 2019 07:37:16 GMT+0100 (CET);1574321836000;0;11.05;4.42
1438719252742555;6.4;28.9;Thu Nov 21 2019 08:39:09 GMT+0100 (CET);Thu Nov 21 2019 07:39:09 GMT+0100 (CET);1574321949000;0;12.31;4.46
1438719252742555;6.4;29.2;Thu Nov 21 2019 08:41:02 GMT+0100 (CET);Thu Nov 21 2019 07:41:02 GMT+0100 (CET);1574322062000;0.06;13.37;4.47
1438719252742555;6.4;29.6;Thu Nov 21 2019 08:42:58 GMT+0100 (CET);Thu Nov 21 2019 07:42:58 GMT+0100 (CET);1574322178000;0.06;13.39;4.49
1438719252742555;6.4;29.3;Thu Nov 21 2019 08:44:52 GMT+0100 (CET);Thu Nov 21 2019 07:44:52 GMT+0100 (CET);1574322292000;0.07;13.51;4.52
1438719252742555;6.4;29.8;Thu Nov 21 2019 08:46:46 GMT+0100 (CET);Thu Nov 21 2019 07:46:46 GMT+0100 (CET);1574322406000;0.07;14.89;4.55
1438719252742555;6.4;30;Thu Nov 21 2019 08:48:39 GMT+0100 (CET);Thu Nov 21 2019 07:48:39 GMT+0100 (CET);1574322519000;0.08;17.18;4.58
1438719252742555;7.9;29.9;Thu Nov 21 2019 08:50:31 GMT+0100 (CET);Thu Nov 21 2019 07:50:31 GMT+0100 (CET);1574322631000;0.08;18.33;4.61
1438719252742555;7.9;31.1;Thu Nov 21 2019 08:52:24 GMT+0100 (CET);Thu Nov 21 2019 07:52:24 GMT+0100 (CET);1574322744000;0.08;18.66;4.66
1438719252742555;7.9;31.3;Thu Nov 21 2019 08:54:27 GMT+0100 (CET);Thu Nov 21 2019 07:54:27 GMT+0100 (CET);1574322867000;0.09;18.9;4.66
1438719252742555;7.9;31.3;Thu Nov 21 2019 08:56:20 GMT+0100 (CET);Thu Nov 21 2019 07:56:20 GMT+0100 (CET);1574322980000;0.09;19.99;4.69
1438719252742555;7.9;31.2;Thu Nov 21 2019 08:58:12 GMT+0100 (CET);Thu Nov 21 2019 07:58:12 GMT+0100 (CET);1574323092000;0.1;20.78;4.73
1438719252742555;7.9;31.5;Thu Nov 21 2019 09:00:06 GMT+0100 (CET);Thu Nov 21 2019 08:00:06 GMT+0100 (CET);1574323206000;0.09;19.67;4.76
1438719252742555;7.9;31.3;Thu Nov 21 2019 09:01:59 GMT+0100 (CET);Thu Nov 21 2019 08:01:59 GMT+0100 (CET);1574323319000;0.08;17.15;4.79
1438719252742555;7.9;30.9;Thu Nov 21 2019 09:03:52 GMT+0100 (CET);Thu Nov 21 2019 08:03:52 GMT+0100 (CET);1574323432000;0.07;15.65;4.79
1438719252742555;7.9;30.7;Thu Nov 21 2019 09:05:45 GMT+0100 (CET);Thu Nov 21 2019 08:05:45 GMT+0100 (CET);1574323545000;0.08;15.06;4.79
1438719252742555;7.9;30.3;Thu Nov 21 2019 09:07:40 GMT+0100 (CET);Thu Nov 21 2019 08:07:40 GMT+0100 (CET);1574323660000;0.08;16.22;4.78
1438719252742555;8.4;30.4;Thu Nov 21 2019 09:09:41 GMT+0100 (CET);Thu Nov 21 2019 08:09:41 GMT+0100 (CET);1574323781000;0.09;18.62;4.78
1438719252742555;8.4;30.7;Thu Nov 21 2019 09:11:38 GMT+0100 (CET);Thu Nov 21 2019 08:11:38 GMT+0100 (CET);1574323898000;0.11;22.39;4.81
1438719252742555;8.4;31.2;Thu Nov 21 2019 09:13:34 GMT+0100 (CET);Thu Nov 21 2019 08:13:34 GMT+0100 (CET);1574324014000;0.13;26.77;4.82
1438719252742555;7.9;31.5;Thu Nov 21 2019 09:15:26 GMT+0100 (CET);Thu Nov 21 2019 08:15:26 GMT+0100 (CET);1574324126000;0.15;30.81;4.85
1438719252742555;7.9;32.2;Thu Nov 21 2019 09:17:19 GMT+0100 (CET);Thu Nov 21 2019 08:17:19 GMT+0100 (CET);1574324239000;0.18;35.8;4.89
1438719252742555;8.4;32.5;Thu Nov 21 2019 09:19:17 GMT+0100 (CET);Thu Nov 21 2019 08:19:17 GMT+0100 (CET);1574324357000;0.21;41.82;4.93
1438719252742555;8.4;33;Thu Nov 21 2019 09:21:10 GMT+0100 (CET);Thu Nov 21 2019 08:21:10 GMT+0100 (CET);1574324470000;0.23;47.27;5
1438719252742555;8.4;33.8;Thu Nov 21 2019 09:23:04 GMT+0100 (CET);Thu Nov 21 2019 08:23:04 GMT+0100 (CET);1574324584000;0.23;46.5;5.05
1438719252742555;9.4;33.6;Thu Nov 21 2019 09:25:18 GMT+0100 (CET);Thu Nov 21 2019 08:25:18 GMT+0100 (CET);1574324718000;0.18;37.84;5.13
1438719252742555;9.4;33.4;Thu Nov 21 2019 09:27:10 GMT+0100 (CET);Thu Nov 21 2019 08:27:10 GMT+0100 (CET);1574324830000;0.17;36.22;5.17
1438719252742555;9.9;33;Thu Nov 21 2019 09:29:06 GMT+0100 (CET);Thu Nov 21 2019 08:29:06 GMT+0100 (CET);1574324946000;0.2;41.26;5.19
1438719252742555;9.9;33.4;Thu Nov 21 2019 09:30:59 GMT+0100 (CET);Thu Nov 21 2019 08:30:59 GMT+0100 (CET);1574325059000;0.22;45.81;5.21
1438719252742555;9.9;33.5;Thu Nov 21 2019 09:33:08 GMT+0100 (CET);Thu Nov 21 2019 08:33:08 GMT+0100 (CET);1574325188000;0.21;43.81;5.25
1438719252742555;9.9;33.4;Thu Nov 21 2019 09:35:01 GMT+0100 (CET);Thu Nov 21 2019 08:35:01 GMT+0100 (CET);1574325301000;0.17;35.17;5.28
1438719252742555;9.9;32.9;Thu Nov 21 2019 09:36:55 GMT+0100 (CET);Thu Nov 21 2019 08:36:55 GMT+0100 (CET);1574325415000;0.16;33.98;5.29
1438719252742555;9.9;33;Thu Nov 21 2019 09:38:48 GMT+0100 (CET);Thu Nov 21 2019 08:38:48 GMT+0100 (CET);1574325528000;0.17;36.37;5.27
1438719252742555;9.9;33.1;Thu Nov 21 2019 09:40:59 GMT+0100 (CET);Thu Nov 21 2019 08:40:59 GMT+0100 (CET);1574325659000;0.21;43.73;5.26
1438719252742555;9.9;33.2;Thu Nov 21 2019 09:42:52 GMT+0100 (CET);Thu Nov 21 2019 08:42:52 GMT+0100 (CET);1574325772000;0.23;47.28;5.26
1438719252742555;9.9;33.7;Thu Nov 21 2019 09:44:47 GMT+0100 (CET);Thu Nov 21 2019 08:44:47 GMT+0100 (CET);1574325887000;0.21;43.99;5.29
1438719252742555;9.9;33.5;Thu Nov 21 2019 09:46:49 GMT+0100 (CET);Thu Nov 21 2019 08:46:49 GMT+0100 (CET);1574326009000;0.19;40.02;5.33
1438719252742555;9.9;33.2;Thu Nov 21 2019 09:48:50 GMT+0100 (CET);Thu Nov 21 2019 08:48:50 GMT+0100 (CET);1574326130000;0.2;40.85;5.4
1438719252742555;9.9;33.1;Thu Nov 21 2019 09:50:43 GMT+0100 (CET);Thu Nov 21 2019 08:50:43 GMT+0100 (CET);1574326243000;0.19;39.61;5.39
1438719252742555;10.4;33;Thu Nov 21 2019 09:52:36 GMT+0100 (CET);Thu Nov 21 2019 08:52:36 GMT+0100 (CET);1574326356000;0.18;37.56;5.39
1438719252742555;10.4;32.9;Thu Nov 21 2019 09:54:30 GMT+0100 (CET);Thu Nov 21 2019 08:54:30 GMT+0100 (CET);1574326470000;0.18;37.12;5.4
1438719252742555;9.9;33;Thu Nov 21 2019 09:56:24 GMT+0100 (CET);Thu Nov 21 2019 08:56:24 GMT+0100 (CET);1574326584000;0.18;38.09;5.39
1438719252742555;9.9;32.9;Thu Nov 21 2019 09:58:18 GMT+0100 (CET);Thu Nov 21 2019 08:58:18 GMT+0100 (CET);1574326698000;0.2;41.28;5.38
1438719252742555;9.9;33.2;Thu Nov 21 2019 10:00:11 GMT+0100 (CET);Thu Nov 21 2019 09:00:11 GMT+0100 (CET);1574326811000;0.21;43.65;5.41
1438719252742555;9.9;33.4;Thu Nov 21 2019 10:02:04 GMT+0100 (CET);Thu Nov 21 2019 09:02:04 GMT+0100 (CET);1574326924000;0.22;46.38;5.41
1438719252742555;9.9;33.5;Thu Nov 21 2019 10:03:58 GMT+0100 (CET);Thu Nov 21 2019 09:03:58 GMT+0100 (CET);1574327038000;0.24;49.1;5.42
1438719252742555;9.9;33.5;Thu Nov 21 2019 10:05:51 GMT+0100 (CET);Thu Nov 21 2019 09:05:51 GMT+0100 (CET);1574327151000;0.24;51.34;5.46
1438719252742555;10.4;33.7;Thu Nov 21 2019 10:07:44 GMT+0100 (CET);Thu Nov 21 2019 09:07:44 GMT+0100 (CET);1574327264000;0.26;53.6;5.5
1438719252742555;10.4;33.8;Thu Nov 21 2019 10:09:37 GMT+0100 (CET);Thu Nov 21 2019 09:09:37 GMT+0100 (CET);1574327377000;0.29;59.58;5.56
1438719252742555;11.9;34;Thu Nov 21 2019 10:11:33 GMT+0100 (CET);Thu Nov 21 2019 09:11:33 GMT+0100 (CET);1574327493000;0.32;64.42;5.55
1438719252742555;11.9;34.2;Thu Nov 21 2019 10:13:26 GMT+0100 (CET);Thu Nov 21 2019 09:13:26 GMT+0100 (CET);1574327606000;0.32;65.41;5.6
1438719252742555;11.9;34.2;Thu Nov 21 2019 10:15:18 GMT+0100 (CET);Thu Nov 21 2019 09:15:18 GMT+0100 (CET);1574327718000;0.3;61.69;5.69
1438719252742555;10.4;34;Thu Nov 21 2019 10:17:22 GMT+0100 (CET);Thu Nov 21 2019 09:17:22 GMT+0100 (CET);1574327842000;0.27;55.94;5.77
1438719252742555;10.4;33.9;Thu Nov 21 2019 10:19:14 GMT+0100 (CET);Thu Nov 21 2019 09:19:14 GMT+0100 (CET);1574327954000;0.24;50.11;5.78
1438719252742555;11.9;33.7;Thu Nov 21 2019 10:21:10 GMT+0100 (CET);Thu Nov 21 2019 09:21:10 GMT+0100 (CET);1574328070000;0.24;48.03;5.78
1438719252742555;11.9;33.5;Thu Nov 21 2019 10:23:03 GMT+0100 (CET);Thu Nov 21 2019 09:23:03 GMT+0100 (CET);1574328183000;0.23;46.87;5.8
1438719252742555;10.4;33.6;Thu Nov 21 2019 10:24:56 GMT+0100 (CET);Thu Nov 21 2019 09:24:56 GMT+0100 (CET);1574328296000;0.23;47.06;5.82
1438719252742555;10.4;33.6;Thu Nov 21 2019 10:26:50 GMT+0100 (CET);Thu Nov 21 2019 09:26:50 GMT+0100 (CET);1574328410000;0.25;50.83;5.85
1438719252742555;10.4;33.7;Thu Nov 21 2019 10:28:43 GMT+0100 (CET);Thu Nov 21 2019 09:28:43 GMT+0100 (CET);1574328523000;0.27;55.74;5.92
1438719252742555;11.9;34;Thu Nov 21 2019 10:30:36 GMT+0100 (CET);Thu Nov 21 2019 09:30:36 GMT+0100 (CET);1574328636000;0.29;59.66;5.92
1438719252742555;11.9;34.1;Thu Nov 21 2019 10:32:30 GMT+0100 (CET);Thu Nov 21 2019 09:32:30 GMT+0100 (CET);1574328750000;0.33;67.53;5.95
1438719252742555;11.9;34.2;Thu Nov 21 2019 10:34:23 GMT+0100 (CET);Thu Nov 21 2019 09:34:23 GMT+0100 (CET);1574328863000;0.33;68.2;6.01
1438719252742555;11.9;34.1;Thu Nov 21 2019 10:36:16 GMT+0100 (CET);Thu Nov 21 2019 09:36:16 GMT+0100 (CET);1574328976000;0.32;65.52;6.03
1438719252742555;11.9;34;Thu Nov 21 2019 10:38:09 GMT+0100 (CET);Thu Nov 21 2019 09:38:09 GMT+0100 (CET);1574329089000;0.31;64.11;6.06
1438719252742555;11.9;33.9;Thu Nov 21 2019 10:41:02 GMT+0100 (CET);Thu Nov 21 2019 09:41:02 GMT+0100 (CET);1574329262000;0.31;64.41;6.11
1438719252742555;11.9;34;Thu Nov 21 2019 10:42:55 GMT+0100 (CET);Thu Nov 21 2019 09:42:55 GMT+0100 (CET);1574329375000;0.32;66.54;6.15
1438719252742555;11.9;34.1;Thu Nov 21 2019 10:45:48 GMT+0100 (CET);Thu Nov 21 2019 09:45:48 GMT+0100 (CET);1574329548000;0.34;71.55;6.14
1438719252742555;11.9;34.3;Thu Nov 21 2019 10:47:41 GMT+0100 (CET);Thu Nov 21 2019 09:47:41 GMT+0100 (CET);1574329661000;0.37;77.91;6.2
1438719252742555;11.9;34.4;Thu Nov 21 2019 10:49:33 GMT+0100 (CET);Thu Nov 21 2019 09:49:33 GMT+0100 (CET);1574329773000;0.4;84.05;6.3
1438719252742555;11.9;34.7;Thu Nov 21 2019 10:51:26 GMT+0100 (CET);Thu Nov 21 2019 09:51:26 GMT+0100 (CET);1574329886000;0.45;93.54;6.38
1438719252742555;12.4;34.8;Thu Nov 21 2019 10:53:23 GMT+0100 (CET);Thu Nov 21 2019 09:53:23 GMT+0100 (CET);1574330003000;0.49;104.26;6.49
1438719252742555;12.4;35.1;Thu Nov 21 2019 10:55:16 GMT+0100 (CET);Thu Nov 21 2019 09:55:16 GMT+0100 (CET);1574330116000;0.55;113.64;6.57
1438719252742555;12.4;35.3;Thu Nov 21 2019 10:57:09 GMT+0100 (CET);Thu Nov 21 2019 09:57:09 GMT+0100 (CET);1574330229000;0.58;122.42;6.7
1438719252742555;13.9;35.6;Thu Nov 21 2019 10:59:04 GMT+0100 (CET);Thu Nov 21 2019 09:59:04 GMT+0100 (CET);1574330344000;0.62;130.86;6.85
1438719252742555;13.9;35.7;Thu Nov 21 2019 11:01:00 GMT+0100 (CET);Thu Nov 21 2019 10:01:00 GMT+0100 (CET);1574330460000;0.64;134.38;6.94
1438719252742555;13.9;35.7;Thu Nov 21 2019 11:02:55 GMT+0100 (CET);Thu Nov 21 2019 10:02:55 GMT+0100 (CET);1574330575000;0.63;131.9;6.94
1438719252742555;13.9;35.6;Thu Nov 21 2019 11:04:53 GMT+0100 (CET);Thu Nov 21 2019 10:04:53 GMT+0100 (CET);1574330693000;0.6;126.44;6.95
1438719252742555;13.9;35.4;Thu Nov 21 2019 11:06:59 GMT+0100 (CET);Thu Nov 21 2019 10:06:59 GMT+0100 (CET);1574330819000;0.54;114.31;6.99
1438719252742555;13.9;34.9;Thu Nov 21 2019 11:08:58 GMT+0100 (CET);Thu Nov 21 2019 10:08:58 GMT+0100 (CET);1574330938000;0.47;99.62;7
1438719252742555;13.9;34.7;Thu Nov 21 2019 11:10:52 GMT+0100 (CET);Thu Nov 21 2019 10:10:52 GMT+0100 (CET);1574331052000;0.42;87.39;7.01
1438719252742555;13.9;34.7;Thu Nov 21 2019 11:12:49 GMT+0100 (CET);Thu Nov 21 2019 10:12:49 GMT+0100 (CET);1574331169000;0.37;78.39;7.04
1438719252742555;13.9;34.1;Thu Nov 21 2019 11:14:42 GMT+0100 (CET);Thu Nov 21 2019 10:14:42 GMT+0100 (CET);1574331282000;0.35;73.62;7.01
1438719252742555;13.9;33.9;Thu Nov 21 2019 11:16:34 GMT+0100 (CET);Thu Nov 21 2019 10:16:34 GMT+0100 (CET);1574331394000;0.34;70.55;6.92
1438719252742555;13.9;33.9;Thu Nov 21 2019 11:18:33 GMT+0100 (CET);Thu Nov 21 2019 10:18:33 GMT+0100 (CET);1574331513000;0.32;67.2;6.92
1438719252742555;13.9;33.8;Thu Nov 21 2019 11:20:27 GMT+0100 (CET);Thu Nov 21 2019 10:20:27 GMT+0100 (CET);1574331627000;0.3;63.85;6.93
1438719252742555;13.9;33.7;Thu Nov 21 2019 11:22:20 GMT+0100 (CET);Thu Nov 21 2019 10:22:20 GMT+0100 (CET);1574331740000;0.3;62.59;6.96
1438719252742555;13.9;33.7;Thu Nov 21 2019 11:24:13 GMT+0100 (CET);Thu Nov 21 2019 10:24:13 GMT+0100 (CET);1574331853000;0.3;64.15;6.97
1438719252742555;13.9;33.7;Thu Nov 21 2019 11:26:05 GMT+0100 (CET);Thu Nov 21 2019 10:26:05 GMT+0100 (CET);1574331965000;0.33;67.92;6.96
1438719252742555;13.9;33.9;Thu Nov 21 2019 11:27:58 GMT+0100 (CET);Thu Nov 21 2019 10:27:58 GMT+0100 (CET);1574332078000;0.35;73.24;6.97
1438719252742555;13.9;34.1;Thu Nov 21 2019 11:29:53 GMT+0100 (CET);Thu Nov 21 2019 10:29:53 GMT+0100 (CET);1574332193000;0.36;76.55;6.99
1438719252742555;13.9;34.1;Thu Nov 21 2019 11:31:46 GMT+0100 (CET);Thu Nov 21 2019 10:31:46 GMT+0100 (CET);1574332306000;0.37;77.02;7.07
1438719252742555;13.9;34.2;Thu Nov 21 2019 11:33:38 GMT+0100 (CET);Thu Nov 21 2019 10:33:38 GMT+0100 (CET);1574332418000;0.38;78.21;7.16
1438719252742555;13.9;34.1;Thu Nov 21 2019 11:35:33 GMT+0100 (CET);Thu Nov 21 2019 10:35:33 GMT+0100 (CET);1574332533000;0.38;79.05;7.22
1438719252742555;13.9;34.2;Thu Nov 21 2019 11:37:45 GMT+0100 (CET);Thu Nov 21 2019 10:37:45 GMT+0100 (CET);1574332665000;0.39;81.9;7.25
1438719252742555;13.9;34.3;Thu Nov 21 2019 11:39:38 GMT+0100 (CET);Thu Nov 21 2019 10:39:38 GMT+0100 (CET);1574332778000;0.41;84.67;7.23
1438719252742555;13.9;34.3;Thu Nov 21 2019 11:41:33 GMT+0100 (CET);Thu Nov 21 2019 10:41:33 GMT+0100 (CET);1574332893000;0.42;83.78;7.14
1438719252742555;13.9;34.3;Thu Nov 21 2019 11:43:26 GMT+0100 (CET);Thu Nov 21 2019 10:43:26 GMT+0100 (CET);1574333006000;0.39;80.09;7.12
1438719252742555;13.9;34.2;Thu Nov 21 2019 11:45:19 GMT+0100 (CET);Thu Nov 21 2019 10:45:19 GMT+0100 (CET);1574333119000;0.36;75.34;7.17
1438719252742555;13.9;34.1;Thu Nov 21 2019 11:47:12 GMT+0100 (CET);Thu Nov 21 2019 10:47:12 GMT+0100 (CET);1574333232000;0.35;71.88;7.18
1438719252742555;13.9;33.9;Thu Nov 21 2019 11:49:05 GMT+0100 (CET);Thu Nov 21 2019 10:49:05 GMT+0100 (CET);1574333345000;0.33;69.33;7.19
1438719252742555;13.9;33.9;Thu Nov 21 2019 11:50:58 GMT+0100 (CET);Thu Nov 21 2019 10:50:58 GMT+0100 (CET);1574333458000;0.29;60.75;7.23
1438719252742555;13.9;33.7;Thu Nov 21 2019 11:52:51 GMT+0100 (CET);Thu Nov 21 2019 10:52:51 GMT+0100 (CET);1574333571000;0.24;51.31;7.22
1438719252742555;13.9;33.6;Thu Nov 21 2019 11:54:45 GMT+0100 (CET);Thu Nov 21 2019 10:54:45 GMT+0100 (CET);1574333685000;0.2;42.56;7.21
1438719252742555;13.9;33.4;Thu Nov 21 2019 11:56:38 GMT+0100 (CET);Thu Nov 21 2019 10:56:38 GMT+0100 (CET);1574333798000;0.17;37.15;7.13
1438719252742555;13.9;32.9;Thu Nov 21 2019 11:58:31 GMT+0100 (CET);Thu Nov 21 2019 10:58:31 GMT+0100 (CET);1574333911000;0.16;33.92;7.07
1438719252742555;13.9;32.5;Thu Nov 21 2019 12:00:24 GMT+0100 (CET);Thu Nov 21 2019 11:00:24 GMT+0100 (CET);1574334024000;0.15;31.11;7
1438719252742555;12.4;31.9;Thu Nov 21 2019 12:02:17 GMT+0100 (CET);Thu Nov 21 2019 11:02:17 GMT+0100 (CET);1574334137000;0.14;28.97;6.89
1438719252742555;12.4;31.9;Thu Nov 21 2019 12:04:10 GMT+0100 (CET);Thu Nov 21 2019 11:04:10 GMT+0100 (CET);1574334250000;0.13;27.67;6.82
1438719252742555;11.9;31.7;Thu Nov 21 2019 12:06:03 GMT+0100 (CET);Thu Nov 21 2019 11:06:03 GMT+0100 (CET);1574334363000;0.13;26.89;6.73
1438719252742555;11.9;31.5;Thu Nov 21 2019 12:08:12 GMT+0100 (CET);Thu Nov 21 2019 11:08:12 GMT+0100 (CET);1574334492000;0.12;26.38;6.71
1438719252742555;11.9;31.8;Thu Nov 21 2019 12:10:05 GMT+0100 (CET);Thu Nov 21 2019 11:10:05 GMT+0100 (CET);1574334605000;0.13;26.67;6.67
1438719252742555;11.9;31.6;Thu Nov 21 2019 12:11:58 GMT+0100 (CET);Thu Nov 21 2019 11:11:58 GMT+0100 (CET);1574334718000;0.13;27.13;6.61
1438719252742555;11.9;31.8;Thu Nov 21 2019 12:13:53 GMT+0100 (CET);Thu Nov 21 2019 11:13:53 GMT+0100 (CET);1574334833000;0.13;27.88;6.57
1438719252742555;11.9;31.9;Thu Nov 21 2019 12:15:46 GMT+0100 (CET);Thu Nov 21 2019 11:15:46 GMT+0100 (CET);1574334946000;0.13;27.6;6.55
1438719252742555;11.9;31.7;Thu Nov 21 2019 12:17:39 GMT+0100 (CET);Thu Nov 21 2019 11:17:39 GMT+0100 (CET);1574335059000;0.13;26.43;6.53
1438719252742555;11.9;31.4;Thu Nov 21 2019 12:19:32 GMT+0100 (CET);Thu Nov 21 2019 11:19:32 GMT+0100 (CET);1574335172000;0.12;24.27;6.52
1438719252742555;11.9;31.2;Thu Nov 21 2019 12:21:24 GMT+0100 (CET);Thu Nov 21 2019 11:21:24 GMT+0100 (CET);1574335284000;0.11;23.13;6.5
1438719252742555;11.9;31.1;Thu Nov 21 2019 12:23:18 GMT+0100 (CET);Thu Nov 21 2019 11:23:18 GMT+0100 (CET);1574335398000;0.11;22.48;6.48
1438719252742555;11.9;31.2;Thu Nov 21 2019 12:25:10 GMT+0100 (CET);Thu Nov 21 2019 11:25:10 GMT+0100 (CET);1574335510000;0.1;21.71;6.38
1438719252742555;11.9;31.4;Thu Nov 21 2019 12:27:06 GMT+0100 (CET);Thu Nov 21 2019 11:27:06 GMT+0100 (CET);1574335626000;0.1;22.17;6.35
1438719252742555;11.9;31.1;Thu Nov 21 2019 12:28:59 GMT+0100 (CET);Thu Nov 21 2019 11:28:59 GMT+0100 (CET);1574335739000;0.11;22.87;6.31
1438719252742555;10.4;31.3;Thu Nov 21 2019 12:30:52 GMT+0100 (CET);Thu Nov 21 2019 11:30:52 GMT+0100 (CET);1574335852000;0.11;23.98;6.25
1438719252742555;10.4;31.4;Thu Nov 21 2019 12:32:45 GMT+0100 (CET);Thu Nov 21 2019 11:32:45 GMT+0100 (CET);1574335965000;0.12;25.59;6.19
1438719252742555;10.4;31.7;Thu Nov 21 2019 12:34:38 GMT+0100 (CET);Thu Nov 21 2019 11:34:38 GMT+0100 (CET);1574336078000;0.13;26.55;6.19
1438719252742555;10.4;32;Thu Nov 21 2019 12:36:33 GMT+0100 (CET);Thu Nov 21 2019 11:36:33 GMT+0100 (CET);1574336193000;0.12;26;6.21
1438719252742555;10.4;31.8;Thu Nov 21 2019 12:38:26 GMT+0100 (CET);Thu Nov 21 2019 11:38:26 GMT+0100 (CET);1574336306000;0.12;24.25;6.25
1438719252742555;10.4;31.4;Thu Nov 21 2019 12:40:19 GMT+0100 (CET);Thu Nov 21 2019 11:40:19 GMT+0100 (CET);1574336419000;0.11;23.19;6.26
1438719252742555;10.4;31.3;Thu Nov 21 2019 12:42:12 GMT+0100 (CET);Thu Nov 21 2019 11:42:12 GMT+0100 (CET);1574336532000;0.11;22.57;6.26
1438719252742555;9.9;31.1;Thu Nov 21 2019 12:44:05 GMT+0100 (CET);Thu Nov 21 2019 11:44:05 GMT+0100 (CET);1574336645000;0.11;22.19;6.27
1438719252742555;9.9;31.3;Thu Nov 21 2019 12:45:58 GMT+0100 (CET);Thu Nov 21 2019 11:45:58 GMT+0100 (CET);1574336758000;0.1;22.26;6.28
1438719252742555;9.9;31.1;Thu Nov 21 2019 12:47:51 GMT+0100 (CET);Thu Nov 21 2019 11:47:51 GMT+0100 (CET);1574336871000;0.11;22.87;6.26
1438719252742555;10.9;31.3;Thu Nov 21 2019 12:49:44 GMT+0100 (CET);Thu Nov 21 2019 11:49:44 GMT+0100 (CET);1574336984000;0.11;23.23;6.17
1438719252742555;10.9;31.2;Thu Nov 21 2019 12:51:37 GMT+0100 (CET);Thu Nov 21 2019 11:51:37 GMT+0100 (CET);1574337097000;0.11;22.51;6.17
1438719252742555;10.9;31.1;Thu Nov 21 2019 12:53:29 GMT+0100 (CET);Thu Nov 21 2019 11:53:29 GMT+0100 (CET);1574337209000;0.1;22.55;6.17
1438719252742555;9.9;31.2;Thu Nov 21 2019 12:55:25 GMT+0100 (CET);Thu Nov 21 2019 11:55:25 GMT+0100 (CET);1574337325000;0.11;22.68;6.17
1438719252742555;9.9;31.1;Thu Nov 21 2019 12:57:18 GMT+0100 (CET);Thu Nov 21 2019 11:57:18 GMT+0100 (CET);1574337438000;0.1;22.73;6.2
1438719252742555;9.9;31.3;Thu Nov 21 2019 12:59:15 GMT+0100 (CET);Thu Nov 21 2019 11:59:15 GMT+0100 (CET);1574337555000;0.1;22.24;6.21
1438719252742555;9.9;31.1;Thu Nov 21 2019 13:01:10 GMT+0100 (CET);Thu Nov 21 2019 12:01:10 GMT+0100 (CET);1574337670000;0.1;22.35;6.22
1438719252742555;10.9;31.1;Thu Nov 21 2019 13:03:04 GMT+0100 (CET);Thu Nov 21 2019 12:03:04 GMT+0100 (CET);1574337784000;0.1;22.48;6.18
1438719252742555;10.9;31;Thu Nov 21 2019 13:04:59 GMT+0100 (CET);Thu Nov 21 2019 12:04:59 GMT+0100 (CET);1574337899000;0.1;23.12;6.18
1438719252742555;9.9;31.1;Thu Nov 21 2019 13:07:00 GMT+0100 (CET);Thu Nov 21 2019 12:07:00 GMT+0100 (CET);1574338020000;0.12;25.09;6.18
1438719252742555;9.9;31.4;Thu Nov 21 2019 13:08:56 GMT+0100 (CET);Thu Nov 21 2019 12:08:56 GMT+0100 (CET);1574338136000;0.13;27.94;6.19
1438719252742555;9.9;32;Thu Nov 21 2019 13:10:52 GMT+0100 (CET);Thu Nov 21 2019 12:10:52 GMT+0100 (CET);1574338252000;0.15;32.09;6.2
1438719252742555;9.9;32.1;Thu Nov 21 2019 13:12:50 GMT+0100 (CET);Thu Nov 21 2019 12:12:50 GMT+0100 (CET);1574338370000;0.18;39.08;6.25
1438719252742555;9.9;32.4;Thu Nov 21 2019 13:14:45 GMT+0100 (CET);Thu Nov 21 2019 12:14:45 GMT+0100 (CET);1574338485000;0.23;47.33;6.32
1438719252742555;10.4;33.3;Thu Nov 21 2019 13:16:47 GMT+0100 (CET);Thu Nov 21 2019 12:16:47 GMT+0100 (CET);1574338607000;0.23;44.77;6.41
1438719252742555;10.4;33.2;Thu Nov 21 2019 13:19:34 GMT+0100 (CET);Thu Nov 21 2019 12:19:34 GMT+0100 (CET);1574338774000;0.16;32.62;6.46
1438719252742555;10.4;33;Thu Nov 21 2019 13:21:27 GMT+0100 (CET);Thu Nov 21 2019 12:21:27 GMT+0100 (CET);1574338887000;0.14;29.45;6.46
1438719252742555;10.4;32.2;Thu Nov 21 2019 13:23:20 GMT+0100 (CET);Thu Nov 21 2019 12:23:20 GMT+0100 (CET);1574339000000;0.14;29.35;6.46
1438719252742555;10.4;32;Thu Nov 21 2019 13:25:13 GMT+0100 (CET);Thu Nov 21 2019 12:25:13 GMT+0100 (CET);1574339113000;0.14;30.03;6.46
1438719252742555;11.9;32.2;Thu Nov 21 2019 13:27:05 GMT+0100 (CET);Thu Nov 21 2019 12:27:05 GMT+0100 (CET);1574339225000;0.15;31.54;6.46
1438719252742555;11.9;32.5;Thu Nov 21 2019 13:30:12 GMT+0100 (CET);Thu Nov 21 2019 12:30:12 GMT+0100 (CET);1574339412000;0.15;31.65;6.45
1438719252742555;10.4;32.3;Thu Nov 21 2019 13:32:11 GMT+0100 (CET);Thu Nov 21 2019 12:32:11 GMT+0100 (CET);1574339531000;0.14;28.62;6.47
1438719252742555;10.4;31.7;Thu Nov 21 2019 13:34:30 GMT+0100 (CET);Thu Nov 21 2019 12:34:30 GMT+0100 (CET);1574339670000;0.12;25.31;6.49
1438719252742555;10.4;31.4;Thu Nov 21 2019 13:36:28 GMT+0100 (CET);Thu Nov 21 2019 12:36:28 GMT+0100 (CET);1574339788000;0.11;22.7;6.5
1438719252742555;10.4;31;Thu Nov 21 2019 13:38:22 GMT+0100 (CET);Thu Nov 21 2019 12:38:22 GMT+0100 (CET);1574339902000;0.11;22.18;6.54
1438719252742555;10.4;31.1;Thu Nov 21 2019 13:40:20 GMT+0100 (CET);Thu Nov 21 2019 12:40:20 GMT+0100 (CET);1574340020000;0.11;22.87;6.53
1438719252742555;10.4;31;Thu Nov 21 2019 13:42:18 GMT+0100 (CET);Thu Nov 21 2019 12:42:18 GMT+0100 (CET);1574340138000;0.12;24.53;6.55
1438719252742555;10.4;31.3;Thu Nov 21 2019 13:44:12 GMT+0100 (CET);Thu Nov 21 2019 12:44:12 GMT+0100 (CET);1574340252000;0.12;26.09;6.56
1438719252742555;10.4;31.4;Thu Nov 21 2019 13:46:08 GMT+0100 (CET);Thu Nov 21 2019 12:46:08 GMT+0100 (CET);1574340368000;0.13;27.29;6.55
1438719252742555;10.4;31.8;Thu Nov 21 2019 13:48:20 GMT+0100 (CET);Thu Nov 21 2019 12:48:20 GMT+0100 (CET);1574340500000;0.13;28;6.53
1438719252742555;10.4;31.9;Thu Nov 21 2019 13:50:32 GMT+0100 (CET);Thu Nov 21 2019 12:50:32 GMT+0100 (CET);1574340632000;0.14;29.32;6.53
1438719252742555;10.4;32;Thu Nov 21 2019 13:52:29 GMT+0100 (CET);Thu Nov 21 2019 12:52:29 GMT+0100 (CET);1574340749000;0.14;30.29;6.55
1438719252742555;10.4;32.1;Thu Nov 21 2019 13:54:28 GMT+0100 (CET);Thu Nov 21 2019 12:54:28 GMT+0100 (CET);1574340868000;0.14;30.9;6.58
1438719252742555;10.4;32.1;Thu Nov 21 2019 13:56:20 GMT+0100 (CET);Thu Nov 21 2019 12:56:20 GMT+0100 (CET);1574340980000;0.14;30.72;6.59
1438719252742555;10.4;32.2;Thu Nov 21 2019 13:58:18 GMT+0100 (CET);Thu Nov 21 2019 12:58:18 GMT+0100 (CET);1574341098000;0.15;31.21;6.6
1438719252742555;10.4;32.4;Thu Nov 21 2019 14:00:12 GMT+0100 (CET);Thu Nov 21 2019 13:00:12 GMT+0100 (CET);1574341212000;0.15;32.35;6.59
1438719252742555;10.4;32.2;Thu Nov 21 2019 14:02:08 GMT+0100 (CET);Thu Nov 21 2019 13:02:08 GMT+0100 (CET);1574341328000;0.16;32.83;6.59
1438719252742555;10.4;32.4;Thu Nov 21 2019 14:04:01 GMT+0100 (CET);Thu Nov 21 2019 13:04:01 GMT+0100 (CET);1574341441000;0.16;33.43;6.64
1438719252742555;10.4;32.4;Thu Nov 21 2019 14:06:01 GMT+0100 (CET);Thu Nov 21 2019 13:06:01 GMT+0100 (CET);1574341561000;0.16;33.99;6.64
1438719252742555;11.9;32.5;Thu Nov 21 2019 14:08:02 GMT+0100 (CET);Thu Nov 21 2019 13:08:02 GMT+0100 (CET);1574341682000;0.16;34.66;6.64
1438719252742555;11.9;32.6;Thu Nov 21 2019 14:09:57 GMT+0100 (CET);Thu Nov 21 2019 13:09:57 GMT+0100 (CET);1574341797000;0.16;34.1;6.67
1438719252742555;11.9;32.5;Thu Nov 21 2019 14:11:57 GMT+0100 (CET);Thu Nov 21 2019 13:11:57 GMT+0100 (CET);1574341917000;0.16;32.44;6.68
1438719252742555;11.9;32.3;Thu Nov 21 2019 14:13:56 GMT+0100 (CET);Thu Nov 21 2019 13:13:56 GMT+0100 (CET);1574342036000;0.15;31.53;6.68
1438719252742555;11.9;32.4;Thu Nov 21 2019 14:15:54 GMT+0100 (CET);Thu Nov 21 2019 13:15:54 GMT+0100 (CET);1574342154000;0.15;32.11;6.67
1438719252742555;10.4;32.3;Thu Nov 21 2019 14:17:47 GMT+0100 (CET);Thu Nov 21 2019 13:17:47 GMT+0100 (CET);1574342267000;0.15;33;6.67
1438719252742555;10.4;32.4;Thu Nov 21 2019 14:19:44 GMT+0100 (CET);Thu Nov 21 2019 13:19:44 GMT+0100 (CET);1574342384000;0.16;33.71;6.7
1438719252742555;11.9;32.5;Thu Nov 21 2019 14:21:57 GMT+0100 (CET);Thu Nov 21 2019 13:21:57 GMT+0100 (CET);1574342517000;0.16;35.3;6.7
1438719252742555;11.9;32.6;Thu Nov 21 2019 14:23:56 GMT+0100 (CET);Thu Nov 21 2019 13:23:56 GMT+0100 (CET);1574342636000;0.18;38.28;6.72
1438719252742555;11.9;33;Thu Nov 21 2019 14:25:55 GMT+0100 (CET);Thu Nov 21 2019 13:25:55 GMT+0100 (CET);1574342755000;0.19;40.11;6.75
1438719252742555;11.9;33;Thu Nov 21 2019 14:27:53 GMT+0100 (CET);Thu Nov 21 2019 13:27:53 GMT+0100 (CET);1574342873000;0.2;42.32;6.77
1438719252742555;11.9;33.1;Thu Nov 21 2019 14:29:49 GMT+0100 (CET);Thu Nov 21 2019 13:29:49 GMT+0100 (CET);1574342989000;0.22;47.9;6.81
1438719252742555;11.9;33.4;Thu Nov 21 2019 14:31:51 GMT+0100 (CET);Thu Nov 21 2019 13:31:51 GMT+0100 (CET);1574343111000;0.25;54.14;6.85
1438719252742555;11.9;33.5;Thu Nov 21 2019 14:33:49 GMT+0100 (CET);Thu Nov 21 2019 13:33:49 GMT+0100 (CET);1574343229000;0.28;58.76;6.87
1438719252742555;11.9;33.6;Thu Nov 21 2019 14:35:43 GMT+0100 (CET);Thu Nov 21 2019 13:35:43 GMT+0100 (CET);1574343343000;0.3;63.11;6.93
1438719252742555;11.9;33.9;Thu Nov 21 2019 14:37:50 GMT+0100 (CET);Thu Nov 21 2019 13:37:50 GMT+0100 (CET);1574343470000;0.32;67.47;6.99
1438719252742555;11.9;33.9;Thu Nov 21 2019 14:39:48 GMT+0100 (CET);Thu Nov 21 2019 13:39:48 GMT+0100 (CET);1574343588000;0.28;59.94;7.06
1438719252742555;12.4;33.8;Thu Nov 21 2019 14:41:51 GMT+0100 (CET);Thu Nov 21 2019 13:41:51 GMT+0100 (CET);1574343711000;0.24;52;7.14
1438719252742555;12.4;33.7;Thu Nov 21 2019 14:43:51 GMT+0100 (CET);Thu Nov 21 2019 13:43:51 GMT+0100 (CET);1574343831000;0.2;43.77;7.17
1438719252742555;11.9;33.5;Thu Nov 21 2019 14:45:50 GMT+0100 (CET);Thu Nov 21 2019 13:45:50 GMT+0100 (CET);1574343950000;0.16;36.53;7.16
1438719252742555;11.9;33.2;Thu Nov 21 2019 14:47:49 GMT+0100 (CET);Thu Nov 21 2019 13:47:49 GMT+0100 (CET);1574344069000;0.14;31.53;7.14
1438719252742555;11.9;33;Thu Nov 21 2019 14:49:42 GMT+0100 (CET);Thu Nov 21 2019 13:49:42 GMT+0100 (CET);1574344182000;0.11;27.27;7.1
1438719252742555;11.9;32.5;Thu Nov 21 2019 14:51:44 GMT+0100 (CET);Thu Nov 21 2019 13:51:44 GMT+0100 (CET);1574344304000;0.1;23.54;7.06
1438719252742555;11.9;31.4;Thu Nov 21 2019 14:54:27 GMT+0100 (CET);Thu Nov 21 2019 13:54:27 GMT+0100 (CET);1574344467000;0.09;19.89;7.02
1438719252742555;11.9;30.9;Thu Nov 21 2019 14:56:25 GMT+0100 (CET);Thu Nov 21 2019 13:56:25 GMT+0100 (CET);1574344585000;0.09;18.2;6.97
1438719252742555;10.4;30;Thu Nov 21 2019 15:02:13 GMT+0100 (CET);Thu Nov 21 2019 14:02:13 GMT+0100 (CET);1574344933000;0.06;14.23;6.78
1438719252742555;9.9;29.4;Thu Nov 21 2019 15:04:07 GMT+0100 (CET);Thu Nov 21 2019 14:04:07 GMT+0100 (CET);1574345047000;0.07;14.75;6.73
1438719252742555;9.9;29.1;Thu Nov 21 2019 15:06:00 GMT+0100 (CET);Thu Nov 21 2019 14:06:00 GMT+0100 (CET);1574345160000;0.08;17.26;6.7
1438719252742555;9.9;30.1;Thu Nov 21 2019 15:07:52 GMT+0100 (CET);Thu Nov 21 2019 14:07:52 GMT+0100 (CET);1574345272000;0.09;19.66;6.67
1438719252742555;9.9;30.7;Thu Nov 21 2019 15:09:45 GMT+0100 (CET);Thu Nov 21 2019 14:09:45 GMT+0100 (CET);1574345385000;0.1;21.61;6.66
1438719252742555;9.9;31.2;Thu Nov 21 2019 15:11:40 GMT+0100 (CET);Thu Nov 21 2019 14:11:40 GMT+0100 (CET);1574345500000;0.1;20.74;6.64
1438719252742555;9.9;31.1;Thu Nov 21 2019 15:13:39 GMT+0100 (CET);Thu Nov 21 2019 14:13:39 GMT+0100 (CET);1574345619000;0.08;19.08;6.64
1438719252742555;9.9;30.6;Thu Nov 21 2019 15:15:33 GMT+0100 (CET);Thu Nov 21 2019 14:15:33 GMT+0100 (CET);1574345733000;0.09;18.88;6.67
1438719252742555;9.9;30.5;Thu Nov 21 2019 15:17:31 GMT+0100 (CET);Thu Nov 21 2019 14:17:31 GMT+0100 (CET);1574345851000;0.09;19.28;6.65
1438719252742555;9.9;30.9;Thu Nov 21 2019 15:19:28 GMT+0100 (CET);Thu Nov 21 2019 14:19:28 GMT+0100 (CET);1574345968000;0.1;20.73;6.65
1438719252742555;9.9;31.1;Thu Nov 21 2019 15:21:25 GMT+0100 (CET);Thu Nov 21 2019 14:21:25 GMT+0100 (CET);1574346085000;0.11;23.51;6.64
1438719252742555;9.9;31.5;Thu Nov 21 2019 15:23:23 GMT+0100 (CET);Thu Nov 21 2019 14:23:23 GMT+0100 (CET);1574346203000;0.11;24.89;6.63
1438719252742555;9.9;31.6;Thu Nov 21 2019 15:25:19 GMT+0100 (CET);Thu Nov 21 2019 14:25:19 GMT+0100 (CET);1574346319000;0.1;21.49;6.62
1438719252742555;9.9;31.5;Thu Nov 21 2019 15:27:11 GMT+0100 (CET);Thu Nov 21 2019 14:27:11 GMT+0100 (CET);1574346431000;0.07;17.47;6.63
1438719252742555;9.9;31.1;Thu Nov 21 2019 15:29:04 GMT+0100 (CET);Thu Nov 21 2019 14:29:04 GMT+0100 (CET);1574346544000;0.07;15.64;6.58
1438719252742555;9.9;30.3;Thu Nov 21 2019 15:30:57 GMT+0100 (CET);Thu Nov 21 2019 14:30:57 GMT+0100 (CET);1574346657000;0.07;14.25;6.55
1438719252742555;9.9;30;Thu Nov 21 2019 15:32:50 GMT+0100 (CET);Thu Nov 21 2019 14:32:50 GMT+0100 (CET);1574346770000;0;12.48;6.53
1438719252742555;9.9;29.6;Thu Nov 21 2019 15:34:44 GMT+0100 (CET);Thu Nov 21 2019 14:34:44 GMT+0100 (CET);1574346884000;0;11.34;6.5
1438719252742555;9.9;28.5;Thu Nov 21 2019 15:36:37 GMT+0100 (CET);Thu Nov 21 2019 14:36:37 GMT+0100 (CET);1574346997000;0;11.62;6.48
1438719252742555;9.9;28.2;Thu Nov 21 2019 15:38:29 GMT+0100 (CET);Thu Nov 21 2019 14:38:29 GMT+0100 (CET);1574347109000;0.06;11.67;6.46
1438719252742555;9.9;28.3;Thu Nov 21 2019 15:40:22 GMT+0100 (CET);Thu Nov 21 2019 14:40:22 GMT+0100 (CET);1574347222000;0;11.16;6.46
1438719252742555;9.9;28.3;Thu Nov 21 2019 15:42:15 GMT+0100 (CET);Thu Nov 21 2019 14:42:15 GMT+0100 (CET);1574347335000;0;9.79;6.42
1438719252742555;9.9;28.2;Thu Nov 21 2019 15:44:07 GMT+0100 (CET);Thu Nov 21 2019 14:44:07 GMT+0100 (CET);1574347447000;0;8.18;6.44
1438719252742555;9.9;27.7;Thu Nov 21 2019 15:46:00 GMT+0100 (CET);Thu Nov 21 2019 14:46:00 GMT+0100 (CET);1574347560000;0;6.82;6.44
1438719252742555;8.4;33.2;Thu Nov 21 2019 15:47:54 GMT+0100 (CET);Thu Nov 21 2019 14:47:54 GMT+0100 (CET);1574347674000;0;5.77;6.43
1438719252742555;8.4;32.6;Thu Nov 21 2019 15:49:46 GMT+0100 (CET);Thu Nov 21 2019 14:49:46 GMT+0100 (CET);1574347786000;0;5.03;6.41
1438719252742555;9.9;26.2;Thu Nov 21 2019 15:51:41 GMT+0100 (CET);Thu Nov 21 2019 14:51:41 GMT+0100 (CET);1574347901000;0;5.2;6.39
1438719252742555;9.9;32;Thu Nov 21 2019 15:53:34 GMT+0100 (CET);Thu Nov 21 2019 14:53:34 GMT+0100 (CET);1574348014000;0;5;6.38
1438719252742555;9.9;31.8;Thu Nov 21 2019 15:55:27 GMT+0100 (CET);Thu Nov 21 2019 14:55:27 GMT+0100 (CET);1574348127000;0;4.4;6.35
1438719252742555;9.4;31.2;Thu Nov 21 2019 15:57:21 GMT+0100 (CET);Thu Nov 21 2019 14:57:21 GMT+0100 (CET);1574348241000;0;4.04;6.35
1438719252742555;9.4;30.4;Thu Nov 21 2019 15:59:13 GMT+0100 (CET);Thu Nov 21 2019 14:59:13 GMT+0100 (CET);1574348353000;0;3.88;6.36
1438719252742555;9.4;28.7;Thu Nov 21 2019 16:01:08 GMT+0100 (CET);Thu Nov 21 2019 15:01:08 GMT+0100 (CET);1574348468000;0;3.74;6.36
1438719252742555;8.4;29.3;Thu Nov 21 2019 16:03:01 GMT+0100 (CET);Thu Nov 21 2019 15:03:01 GMT+0100 (CET);1574348581000;0;3.23;6.35
1438719252742555;8.4;27.9;Thu Nov 21 2019 16:04:55 GMT+0100 (CET);Thu Nov 21 2019 15:04:55 GMT+0100 (CET);1574348695000;0;3.19;6.32
1438719252742555;7.9;28.2;Thu Nov 21 2019 16:06:50 GMT+0100 (CET);Thu Nov 21 2019 15:06:50 GMT+0100 (CET);1574348810000;0;2.89;6.28
1438719252742555;7.9;27.9;Thu Nov 21 2019 16:08:43 GMT+0100 (CET);Thu Nov 21 2019 15:08:43 GMT+0100 (CET);1574348923000;0;2.65;6.28
1438719252742555;7.9;25.4;Thu Nov 21 2019 16:10:35 GMT+0100 (CET);Thu Nov 21 2019 15:10:35 GMT+0100 (CET);1574349035000;0;2.5;6.28
1438719252742555;7.9;22.6;Thu Nov 21 2019 16:12:28 GMT+0100 (CET);Thu Nov 21 2019 15:12:28 GMT+0100 (CET);1574349148000;0;2.51;6.27
1438719252742555;7.9;24.3;Thu Nov 21 2019 16:14:21 GMT+0100 (CET);Thu Nov 21 2019 15:14:21 GMT+0100 (CET);1574349261000;0;2.68;6.26
1438719252742555;6.4;26;Thu Nov 21 2019 16:16:14 GMT+0100 (CET);Thu Nov 21 2019 15:16:14 GMT+0100 (CET);1574349374000;0;2.73;6.26
1438719252742555;6.4;26;Thu Nov 21 2019 16:18:08 GMT+0100 (CET);Thu Nov 21 2019 15:18:08 GMT+0100 (CET);1574349488000;0;2.62;6.25
1438719252742555;6.4;23.1;Thu Nov 21 2019 16:20:01 GMT+0100 (CET);Thu Nov 21 2019 15:20:01 GMT+0100 (CET);1574349601000;0;2.66;6.25
1438719252742555;6.4;26.3;Thu Nov 21 2019 16:21:54 GMT+0100 (CET);Thu Nov 21 2019 15:21:54 GMT+0100 (CET);1574349714000;0;2.54;6.24
1438719252742555;6.4;24;Thu Nov 21 2019 16:23:47 GMT+0100 (CET);Thu Nov 21 2019 15:23:47 GMT+0100 (CET);1574349827000;0;2.1;6.22
1438719252742555;6.4;22.1;Thu Nov 21 2019 16:25:40 GMT+0100 (CET);Thu Nov 21 2019 15:25:40 GMT+0100 (CET);1574349940000;0;2.16;6.21
1438719252742555;6.4;20.1;Thu Nov 21 2019 16:27:33 GMT+0100 (CET);Thu Nov 21 2019 15:27:33 GMT+0100 (CET);1574350053000;0;1.92;6.19
1438719252742555;6.4;20.1;Thu Nov 21 2019 16:29:26 GMT+0100 (CET);Thu Nov 21 2019 15:29:26 GMT+0100 (CET);1574350166000;0;1.6;6.19
1438719252742555;6.4;20.1;Thu Nov 21 2019 16:31:21 GMT+0100 (CET);Thu Nov 21 2019 15:31:21 GMT+0100 (CET);1574350281000;0;1.37;6.2
1438719252742555;2.3;30.3;Fri Nov 22 2019 08:10:17 GMT+0100 (CET);Fri Nov 22 2019 07:10:17 GMT+0100 (CET);1574406617000;0;4.73;3.78
1438719252742555;4.3;31.9;Fri Nov 22 2019 08:12:09 GMT+0100 (CET);Fri Nov 22 2019 07:12:09 GMT+0100 (CET);1574406729000;0;5.61;3.8
1438719252742555;4.3;31.3;Fri Nov 22 2019 08:14:02 GMT+0100 (CET);Fri Nov 22 2019 07:14:02 GMT+0100 (CET);1574406842000;0;5.43;3.78
1438719252742555;4.3;32.4;Fri Nov 22 2019 08:15:55 GMT+0100 (CET);Fri Nov 22 2019 07:15:55 GMT+0100 (CET);1574406955000;0;5.64;3.8
1438719252742555;7.9;31.6;Fri Nov 22 2019 08:17:48 GMT+0100 (CET);Fri Nov 22 2019 07:17:48 GMT+0100 (CET);1574407068000;0;6.08;3.8
1438719252742555;7.9;33.8;Fri Nov 22 2019 08:19:57 GMT+0100 (CET);Fri Nov 22 2019 07:19:57 GMT+0100 (CET);1574407197000;0;7.3;3.8
1438719252742555;7.9;34.1;Fri Nov 22 2019 08:21:58 GMT+0100 (CET);Fri Nov 22 2019 07:21:58 GMT+0100 (CET);1574407318000;0;7.8;3.82
1438719252742555;7.9;28.7;Fri Nov 22 2019 08:23:50 GMT+0100 (CET);Fri Nov 22 2019 07:23:50 GMT+0100 (CET);1574407430000;0;8.71;3.82
1438719252742555;7.9;27.6;Fri Nov 22 2019 08:25:43 GMT+0100 (CET);Fri Nov 22 2019 07:25:43 GMT+0100 (CET);1574407543000;0;9.35;3.84
1438719252742555;7.9;27.7;Fri Nov 22 2019 08:27:37 GMT+0100 (CET);Fri Nov 22 2019 07:27:37 GMT+0100 (CET);1574407657000;0;10.19;3.87
1438719252742555;7.9;27.7;Fri Nov 22 2019 08:29:30 GMT+0100 (CET);Fri Nov 22 2019 07:29:30 GMT+0100 (CET);1574407770000;0;9.83;3.89
1438719252742555;4.3;27.5;Fri Nov 22 2019 08:31:23 GMT+0100 (CET);Fri Nov 22 2019 07:31:23 GMT+0100 (CET);1574407883000;0;10.41;3.89
1438719252742555;4.3;28.3;Fri Nov 22 2019 08:33:15 GMT+0100 (CET);Fri Nov 22 2019 07:33:15 GMT+0100 (CET);1574407995000;0;10.74;3.92
1438719252742555;4.3;28.4;Fri Nov 22 2019 08:35:08 GMT+0100 (CET);Fri Nov 22 2019 07:35:08 GMT+0100 (CET);1574408108000;0;10.83;3.92
1438719252742555;5.9;28.4;Fri Nov 22 2019 08:37:00 GMT+0100 (CET);Fri Nov 22 2019 07:37:00 GMT+0100 (CET);1574408220000;0;11.87;3.95
1438719252742555;5.9;28.4;Fri Nov 22 2019 08:38:54 GMT+0100 (CET);Fri Nov 22 2019 07:38:54 GMT+0100 (CET);1574408334000;0.06;12.24;3.96
1438719252742555;5.9;28.6;Fri Nov 22 2019 08:40:47 GMT+0100 (CET);Fri Nov 22 2019 07:40:47 GMT+0100 (CET);1574408447000;0.06;14.15;3.95
1438719252742555;5.9;28.6;Fri Nov 22 2019 08:42:40 GMT+0100 (CET);Fri Nov 22 2019 07:42:40 GMT+0100 (CET);1574408560000;0.08;17.31;3.93
1438719252742555;5.9;30.7;Fri Nov 22 2019 08:44:32 GMT+0100 (CET);Fri Nov 22 2019 07:44:32 GMT+0100 (CET);1574408672000;0.09;18.85;3.95
1438719252742555;5.9;31.3;Fri Nov 22 2019 08:46:25 GMT+0100 (CET);Fri Nov 22 2019 07:46:25 GMT+0100 (CET);1574408785000;0.09;19.47;3.96
1438719252742555;5.9;31.2;Fri Nov 22 2019 08:48:17 GMT+0100 (CET);Fri Nov 22 2019 07:48:17 GMT+0100 (CET);1574408897000;0.09;19.43;3.97
1438719252742555;6.4;31.3;Fri Nov 22 2019 08:50:10 GMT+0100 (CET);Fri Nov 22 2019 07:50:10 GMT+0100 (CET);1574409010000;0.1;22.77;4
1438719252742555;6.4;31.6;Fri Nov 22 2019 08:52:03 GMT+0100 (CET);Fri Nov 22 2019 07:52:03 GMT+0100 (CET);1574409123000;0.09;19.03;4.04
1438719252742555;6.4;31;Fri Nov 22 2019 08:53:56 GMT+0100 (CET);Fri Nov 22 2019 07:53:56 GMT+0100 (CET);1574409236000;0.08;18.37;4.04
1438719252742555;6.4;30.8;Fri Nov 22 2019 08:55:50 GMT+0100 (CET);Fri Nov 22 2019 07:55:50 GMT+0100 (CET);1574409350000;0.08;18.85;4.04
1438719252742555;6.4;31.4;Fri Nov 22 2019 08:57:43 GMT+0100 (CET);Fri Nov 22 2019 07:57:43 GMT+0100 (CET);1574409463000;0.09;20.39;4.05
1438719252742555;6.4;30.9;Fri Nov 22 2019 08:59:36 GMT+0100 (CET);Fri Nov 22 2019 07:59:36 GMT+0100 (CET);1574409576000;0.11;24.68;4.08
1438719252742555;6.4;31.9;Fri Nov 22 2019 09:01:28 GMT+0100 (CET);Fri Nov 22 2019 08:01:28 GMT+0100 (CET);1574409688000;0.12;25.45;4.1
1438719252742555;6.4;32.1;Fri Nov 22 2019 09:03:21 GMT+0100 (CET);Fri Nov 22 2019 08:03:21 GMT+0100 (CET);1574409801000;0.12;26.24;4.13
1438719252742555;7.9;32.2;Fri Nov 22 2019 09:05:14 GMT+0100 (CET);Fri Nov 22 2019 08:05:14 GMT+0100 (CET);1574409914000;0.12;26.18;4.17
1438719252742555;7.9;32.2;Fri Nov 22 2019 09:07:08 GMT+0100 (CET);Fri Nov 22 2019 08:07:08 GMT+0100 (CET);1574410028000;0.12;26.34;4.17
1438719252742555;7.9;32.1;Fri Nov 22 2019 09:09:01 GMT+0100 (CET);Fri Nov 22 2019 08:09:01 GMT+0100 (CET);1574410141000;0.11;24.72;4.18
1438719252742555;7.9;31.7;Fri Nov 22 2019 09:10:53 GMT+0100 (CET);Fri Nov 22 2019 08:10:53 GMT+0100 (CET);1574410253000;0.13;27.2;4.18
1438719252742555;7.9;31.8;Fri Nov 22 2019 09:12:46 GMT+0100 (CET);Fri Nov 22 2019 08:12:46 GMT+0100 (CET);1574410366000;0.14;29.83;4.19
1438719252742555;7.9;32.9;Fri Nov 22 2019 09:14:39 GMT+0100 (CET);Fri Nov 22 2019 08:14:39 GMT+0100 (CET);1574410479000;0.15;31.62;4.18
1438719252742555;7.9;32.7;Fri Nov 22 2019 09:16:32 GMT+0100 (CET);Fri Nov 22 2019 08:16:32 GMT+0100 (CET);1574410592000;0.14;30.24;4.2
1438719252742555;8.4;32.5;Fri Nov 22 2019 09:18:25 GMT+0100 (CET);Fri Nov 22 2019 08:18:25 GMT+0100 (CET);1574410705000;0.15;31.69;4.21
1438719252742555;8.4;32.6;Fri Nov 22 2019 09:20:18 GMT+0100 (CET);Fri Nov 22 2019 08:20:18 GMT+0100 (CET);1574410818000;0.16;34.99;4.25
1438719252742555;8.4;32.9;Fri Nov 22 2019 09:22:10 GMT+0100 (CET);Fri Nov 22 2019 08:22:10 GMT+0100 (CET);1574410930000;0.16;34.65;4.26
1438719252742555;8.4;32.9;Fri Nov 22 2019 09:24:04 GMT+0100 (CET);Fri Nov 22 2019 08:24:04 GMT+0100 (CET);1574411044000;0.16;34.4;4.27
1438719252742555;8.4;32.9;Fri Nov 22 2019 09:25:56 GMT+0100 (CET);Fri Nov 22 2019 08:25:56 GMT+0100 (CET);1574411156000;0.16;33.88;4.26
1438719252742555;8.4;32.9;Fri Nov 22 2019 09:27:49 GMT+0100 (CET);Fri Nov 22 2019 08:27:49 GMT+0100 (CET);1574411269000;0.14;30.87;4.27
1438719252742555;8.4;32.6;Fri Nov 22 2019 09:29:42 GMT+0100 (CET);Fri Nov 22 2019 08:29:42 GMT+0100 (CET);1574411382000;0.13;29.84;4.28
1438719252742555;8.4;32.6;Fri Nov 22 2019 09:31:36 GMT+0100 (CET);Fri Nov 22 2019 08:31:36 GMT+0100 (CET);1574411496000;0.15;32.38;4.29
1438719252742555;8.4;32.8;Fri Nov 22 2019 09:33:29 GMT+0100 (CET);Fri Nov 22 2019 08:33:29 GMT+0100 (CET);1574411609000;0.15;33.02;4.31
1438719252742555;8.4;33;Fri Nov 22 2019 09:35:21 GMT+0100 (CET);Fri Nov 22 2019 08:35:21 GMT+0100 (CET);1574411721000;0.16;35.33;4.33
1438719252742555;8.4;33;Fri Nov 22 2019 09:37:14 GMT+0100 (CET);Fri Nov 22 2019 08:37:14 GMT+0100 (CET);1574411834000;0.19;41.31;4.36
1438719252742555;8.4;33.3;Fri Nov 22 2019 09:39:09 GMT+0100 (CET);Fri Nov 22 2019 08:39:09 GMT+0100 (CET);1574411949000;0.19;40.69;4.38
1438719252742555;8.4;33.2;Fri Nov 22 2019 09:41:04 GMT+0100 (CET);Fri Nov 22 2019 08:41:04 GMT+0100 (CET);1574412064000;0.17;36.93;4.4
1438719252742555;8.4;33.1;Fri Nov 22 2019 09:42:58 GMT+0100 (CET);Fri Nov 22 2019 08:42:58 GMT+0100 (CET);1574412178000;0.18;40.2;4.41
1438719252742555;8.4;33.3;Fri Nov 22 2019 09:44:50 GMT+0100 (CET);Fri Nov 22 2019 08:44:50 GMT+0100 (CET);1574412290000;0.19;42.09;4.42
1438719252742555;8.4;33.3;Fri Nov 22 2019 09:46:43 GMT+0100 (CET);Fri Nov 22 2019 08:46:43 GMT+0100 (CET);1574412403000;0.17;37.89;4.44
1438719252742555;8.4;33.1;Fri Nov 22 2019 09:48:36 GMT+0100 (CET);Fri Nov 22 2019 08:48:36 GMT+0100 (CET);1574412516000;0.13;30.9;4.44
1438719252742555;8.4;32.6;Fri Nov 22 2019 09:50:29 GMT+0100 (CET);Fri Nov 22 2019 08:50:29 GMT+0100 (CET);1574412629000;0.14;31.34;4.42
1438719252742555;8.4;32.5;Fri Nov 22 2019 09:52:21 GMT+0100 (CET);Fri Nov 22 2019 08:52:21 GMT+0100 (CET);1574412741000;0.16;34.33;4.42
1438719252742555;8.4;32.9;Fri Nov 22 2019 09:54:14 GMT+0100 (CET);Fri Nov 22 2019 08:54:14 GMT+0100 (CET);1574412854000;0.16;34.46;4.4
1438719252742555;8.4;32.9;Fri Nov 22 2019 09:56:06 GMT+0100 (CET);Fri Nov 22 2019 08:56:06 GMT+0100 (CET);1574412966000;0.16;35.32;4.42
1438719252742555;8.4;32.9;Fri Nov 22 2019 09:57:59 GMT+0100 (CET);Fri Nov 22 2019 08:57:59 GMT+0100 (CET);1574413079000;0.17;35.67;4.41
1438719252742555;8.4;33.1;Fri Nov 22 2019 09:59:53 GMT+0100 (CET);Fri Nov 22 2019 08:59:53 GMT+0100 (CET);1574413193000;0.18;37.62;4.42
1438719252742555;8.4;33.1;Fri Nov 22 2019 10:01:46 GMT+0100 (CET);Fri Nov 22 2019 09:01:46 GMT+0100 (CET);1574413306000;0.17;36.15;4.46
1438719252742555;8.4;33;Fri Nov 22 2019 10:03:40 GMT+0100 (CET);Fri Nov 22 2019 09:03:40 GMT+0100 (CET);1574413420000;0.16;34.76;4.47
1438719252742555;8.9;32.8;Fri Nov 22 2019 10:05:32 GMT+0100 (CET);Fri Nov 22 2019 09:05:32 GMT+0100 (CET);1574413532000;0.16;33.04;4.47
1438719252742555;8.9;32.8;Fri Nov 22 2019 10:07:25 GMT+0100 (CET);Fri Nov 22 2019 09:07:25 GMT+0100 (CET);1574413645000;0.15;32;4.5
1438719252742555;8.9;32.6;Fri Nov 22 2019 10:09:18 GMT+0100 (CET);Fri Nov 22 2019 09:09:18 GMT+0100 (CET);1574413758000;0.15;31.5;4.47
1438719252742555;8.4;32.6;Fri Nov 22 2019 10:11:11 GMT+0100 (CET);Fri Nov 22 2019 09:11:11 GMT+0100 (CET);1574413871000;0.15;33.38;4.47
1438719252742555;8.4;32.8;Fri Nov 22 2019 10:13:05 GMT+0100 (CET);Fri Nov 22 2019 09:13:05 GMT+0100 (CET);1574413985000;0.17;35.61;4.48
1438719252742555;8.4;33.1;Fri Nov 22 2019 10:14:58 GMT+0100 (CET);Fri Nov 22 2019 09:14:58 GMT+0100 (CET);1574414098000;0.16;34.44;4.5
1438719252742555;8.4;32.8;Fri Nov 22 2019 10:16:51 GMT+0100 (CET);Fri Nov 22 2019 09:16:51 GMT+0100 (CET);1574414211000;0.09;21.94;4.49
1438719252742555;8.4;31.3;Fri Nov 22 2019 10:18:44 GMT+0100 (CET);Fri Nov 22 2019 09:18:44 GMT+0100 (CET);1574414324000;0.09;20.32;4.47
1438719252742555;8.4;30.9;Fri Nov 22 2019 10:20:50 GMT+0100 (CET);Fri Nov 22 2019 09:20:50 GMT+0100 (CET);1574414450000;0.1;22.72;4.44
1438719252742555;8.4;30.9;Fri Nov 22 2019 10:22:42 GMT+0100 (CET);Fri Nov 22 2019 09:22:42 GMT+0100 (CET);1574414562000;0.11;24.47;4.42
1438719252742555;7.9;31.8;Fri Nov 22 2019 10:24:35 GMT+0100 (CET);Fri Nov 22 2019 09:24:35 GMT+0100 (CET);1574414675000;0.13;28.08;4.39
1438719252742555;7.9;32.2;Fri Nov 22 2019 10:26:28 GMT+0100 (CET);Fri Nov 22 2019 09:26:28 GMT+0100 (CET);1574414788000;0.14;30.43;4.4
1438719252742555;7.9;32.2;Fri Nov 22 2019 10:28:21 GMT+0100 (CET);Fri Nov 22 2019 09:28:21 GMT+0100 (CET);1574414901000;0.15;31.31;4.41
1438719252742555;7.9;32.4;Fri Nov 22 2019 10:30:15 GMT+0100 (CET);Fri Nov 22 2019 09:30:15 GMT+0100 (CET);1574415015000;0.13;29.49;4.42
1438719252742555;7.9;32.4;Fri Nov 22 2019 10:32:08 GMT+0100 (CET);Fri Nov 22 2019 09:32:08 GMT+0100 (CET);1574415128000;0.12;25.55;4.46
1438719252742555;8.4;32.3;Fri Nov 22 2019 10:34:01 GMT+0100 (CET);Fri Nov 22 2019 09:34:01 GMT+0100 (CET);1574415241000;0.07;17.41;4.46
1438719252742555;8.4;31.6;Fri Nov 22 2019 10:35:54 GMT+0100 (CET);Fri Nov 22 2019 09:35:54 GMT+0100 (CET);1574415354000;0.09;20.01;4.45
1438719252742555;7.9;31.1;Fri Nov 22 2019 10:37:47 GMT+0100 (CET);Fri Nov 22 2019 09:37:47 GMT+0100 (CET);1574415467000;0.11;25.31;4.45
1438719252742555;7.9;31.3;Fri Nov 22 2019 10:39:39 GMT+0100 (CET);Fri Nov 22 2019 09:39:39 GMT+0100 (CET);1574415579000;0.09;21.99;4.43
1438719252742555;7.9;31.3;Fri Nov 22 2019 10:41:32 GMT+0100 (CET);Fri Nov 22 2019 09:41:32 GMT+0100 (CET);1574415692000;0.16;32.79;4.44
1438719252742555;7.9;31.9;Fri Nov 22 2019 10:43:25 GMT+0100 (CET);Fri Nov 22 2019 09:43:25 GMT+0100 (CET);1574415805000;0.12;25.19;4.44
1438719252742555;7.9;32;Fri Nov 22 2019 10:45:18 GMT+0100 (CET);Fri Nov 22 2019 09:45:18 GMT+0100 (CET);1574415918000;0.15;30.84;4.45
1438719252742555;8.4;32.4;Fri Nov 22 2019 10:47:10 GMT+0100 (CET);Fri Nov 22 2019 09:47:10 GMT+0100 (CET);1574416030000;0.2;40.72;4.48
1438719252742555;8.4;33.1;Fri Nov 22 2019 10:49:08 GMT+0100 (CET);Fri Nov 22 2019 09:49:08 GMT+0100 (CET);1574416148000;0.15;34.49;4.52
1438719252742555;8.4;33;Fri Nov 22 2019 10:51:02 GMT+0100 (CET);Fri Nov 22 2019 09:51:02 GMT+0100 (CET);1574416262000;0.19;40.19;4.55
1438719252742555;8.4;33.3;Fri Nov 22 2019 10:52:55 GMT+0100 (CET);Fri Nov 22 2019 09:52:55 GMT+0100 (CET);1574416375000;0.18;39.63;4.59
1438719252742555;8.4;33.1;Fri Nov 22 2019 10:54:48 GMT+0100 (CET);Fri Nov 22 2019 09:54:48 GMT+0100 (CET);1574416488000;0.2;42.79;4.62
1438719252742555;8.4;33.2;Fri Nov 22 2019 10:56:45 GMT+0100 (CET);Fri Nov 22 2019 09:56:45 GMT+0100 (CET);1574416605000;0.15;33;4.61
1438719252742555;8.4;32.9;Fri Nov 22 2019 10:58:38 GMT+0100 (CET);Fri Nov 22 2019 09:58:38 GMT+0100 (CET);1574416718000;0.11;26.08;4.59
1438719252742555;8.4;31.8;Fri Nov 22 2019 11:00:31 GMT+0100 (CET);Fri Nov 22 2019 10:00:31 GMT+0100 (CET);1574416831000;0.18;36.18;4.57
1438719252742555;8.4;32.6;Fri Nov 22 2019 11:02:24 GMT+0100 (CET);Fri Nov 22 2019 10:02:24 GMT+0100 (CET);1574416944000;0.23;49.27;4.6
1438719252742555;8.4;33.8;Fri Nov 22 2019 11:04:47 GMT+0100 (CET);Fri Nov 22 2019 10:04:47 GMT+0100 (CET);1574417087000;0.19;42.44;4.68
1438719252742555;8.4;33.2;Fri Nov 22 2019 11:06:30 GMT+0100 (CET);Fri Nov 22 2019 10:06:30 GMT+0100 (CET);1574417190000;0.11;25.65;4.7
1438719252742555;8.4;31.6;Fri Nov 22 2019 11:08:23 GMT+0100 (CET);Fri Nov 22 2019 10:08:23 GMT+0100 (CET);1574417303000;0.13;27.81;4.7
1438719252742555;8.4;31.9;Fri Nov 22 2019 11:10:16 GMT+0100 (CET);Fri Nov 22 2019 10:10:16 GMT+0100 (CET);1574417416000;0.12;26.99;4.68
1438719252742555;8.4;31.9;Fri Nov 22 2019 11:12:11 GMT+0100 (CET);Fri Nov 22 2019 10:12:11 GMT+0100 (CET);1574417531000;0.15;32.24;4.67
1438719252742555;8.4;32.6;Fri Nov 22 2019 11:14:04 GMT+0100 (CET);Fri Nov 22 2019 10:14:04 GMT+0100 (CET);1574417644000;0.17;36.24;4.67
1438719252742555;8.4;33;Fri Nov 22 2019 11:15:56 GMT+0100 (CET);Fri Nov 22 2019 10:15:56 GMT+0100 (CET);1574417756000;0.21;43.1;4.66
1438719252742555;8.4;33;Fri Nov 22 2019 11:17:49 GMT+0100 (CET);Fri Nov 22 2019 10:17:49 GMT+0100 (CET);1574417869000;0.22;46.65;4.66
1438719252742555;9.9;33.5;Fri Nov 22 2019 11:19:42 GMT+0100 (CET);Fri Nov 22 2019 10:19:42 GMT+0100 (CET);1574417982000;0.21;44.99;4.68
1438719252742555;9.9;33.3;Fri Nov 22 2019 11:21:35 GMT+0100 (CET);Fri Nov 22 2019 10:21:35 GMT+0100 (CET);1574418095000;0.17;37.19;4.66
1438719252742555;9.9;33;Fri Nov 22 2019 11:23:28 GMT+0100 (CET);Fri Nov 22 2019 10:23:28 GMT+0100 (CET);1574418208000;0.18;39.22;4.64
1438719252742555;8.4;33.2;Fri Nov 22 2019 11:25:21 GMT+0100 (CET);Fri Nov 22 2019 10:25:21 GMT+0100 (CET);1574418321000;0.2;41.77;4.65
1438719252742555;8.4;33.5;Fri Nov 22 2019 11:27:15 GMT+0100 (CET);Fri Nov 22 2019 10:27:15 GMT+0100 (CET);1574418435000;0.25;53.16;4.68
1438719252742555;9.4;33.7;Fri Nov 22 2019 11:29:08 GMT+0100 (CET);Fri Nov 22 2019 10:29:08 GMT+0100 (CET);1574418548000;0.23;47.08;4.72
1438719252742555;9.4;33.5;Fri Nov 22 2019 11:31:01 GMT+0100 (CET);Fri Nov 22 2019 10:31:01 GMT+0100 (CET);1574418661000;0.23;47.83;4.74
1438719252742555;9.4;33.5;Fri Nov 22 2019 11:32:53 GMT+0100 (CET);Fri Nov 22 2019 10:32:53 GMT+0100 (CET);1574418773000;0.22;45.26;4.69
1438719252742555;9.4;33.4;Fri Nov 22 2019 11:34:46 GMT+0100 (CET);Fri Nov 22 2019 10:34:46 GMT+0100 (CET);1574418886000;0.22;45.21;4.65
1438719252742555;9.4;33.5;Fri Nov 22 2019 11:36:39 GMT+0100 (CET);Fri Nov 22 2019 10:36:39 GMT+0100 (CET);1574418999000;0.21;42.65;4.63
1438719252742555;9.9;33.1;Fri Nov 22 2019 11:38:44 GMT+0100 (CET);Fri Nov 22 2019 10:38:44 GMT+0100 (CET);1574419124000;0.2;40.9;4.63
1438719252742555;9.9;33.5;Fri Nov 22 2019 11:40:36 GMT+0100 (CET);Fri Nov 22 2019 10:40:36 GMT+0100 (CET);1574419236000;0.22;45.51;4.59
1438719252742555;9.9;33.4;Fri Nov 22 2019 11:42:29 GMT+0100 (CET);Fri Nov 22 2019 10:42:29 GMT+0100 (CET);1574419349000;0.2;43.41;4.59
1438719252742555;9.4;33.3;Fri Nov 22 2019 11:44:22 GMT+0100 (CET);Fri Nov 22 2019 10:44:22 GMT+0100 (CET);1574419462000;0.22;45.36;4.6
1438719252742555;9.4;33.4;Fri Nov 22 2019 11:46:15 GMT+0100 (CET);Fri Nov 22 2019 10:46:15 GMT+0100 (CET);1574419575000;0.22;46.7;4.62
1438719252742555;9.4;33.7;Fri Nov 22 2019 11:48:09 GMT+0100 (CET);Fri Nov 22 2019 10:48:09 GMT+0100 (CET);1574419689000;0.23;47.87;4.64
1438719252742555;9.9;33.7;Fri Nov 22 2019 11:50:08 GMT+0100 (CET);Fri Nov 22 2019 10:50:08 GMT+0100 (CET);1574419808000;0.22;47.58;4.7
1438719252742555;9.9;33.6;Fri Nov 22 2019 11:52:01 GMT+0100 (CET);Fri Nov 22 2019 10:52:01 GMT+0100 (CET);1574419921000;0.23;47.92;4.67
1438719252742555;9.9;33.5;Fri Nov 22 2019 11:53:55 GMT+0100 (CET);Fri Nov 22 2019 10:53:55 GMT+0100 (CET);1574420035000;0.22;46.4;4.67
1438719252742555;9.9;33.5;Fri Nov 22 2019 11:55:47 GMT+0100 (CET);Fri Nov 22 2019 10:55:47 GMT+0100 (CET);1574420147000;0.22;46.47;4.67
1438719252742555;9.9;33.5;Fri Nov 22 2019 11:57:40 GMT+0100 (CET);Fri Nov 22 2019 10:57:40 GMT+0100 (CET);1574420260000;0.22;47.44;4.73
1438719252742555;9.9;33.6;Fri Nov 22 2019 11:59:33 GMT+0100 (CET);Fri Nov 22 2019 10:59:33 GMT+0100 (CET);1574420373000;0.22;46.94;4.75
1438719252742555;9.9;33.5;Fri Nov 22 2019 12:01:25 GMT+0100 (CET);Fri Nov 22 2019 11:01:25 GMT+0100 (CET);1574420485000;0.22;47.47;4.75
1438719252742555;9.9;33.6;Fri Nov 22 2019 12:03:19 GMT+0100 (CET);Fri Nov 22 2019 11:03:19 GMT+0100 (CET);1574420599000;0.22;47.28;4.76
1438719252742555;9.9;33.7;Fri Nov 22 2019 12:05:13 GMT+0100 (CET);Fri Nov 22 2019 11:05:13 GMT+0100 (CET);1574420713000;0.23;48.31;4.78
1438719252742555;9.9;33.6;Fri Nov 22 2019 12:07:09 GMT+0100 (CET);Fri Nov 22 2019 11:07:09 GMT+0100 (CET);1574420829000;0.22;46.96;4.78
1438719252742555;9.9;33.4;Fri Nov 22 2019 12:09:03 GMT+0100 (CET);Fri Nov 22 2019 11:09:03 GMT+0100 (CET);1574420943000;0.22;47.82;4.78
1438719252742555;9.9;33.7;Fri Nov 22 2019 12:10:55 GMT+0100 (CET);Fri Nov 22 2019 11:10:55 GMT+0100 (CET);1574421055000;0.24;50.96;4.79
1438719252742555;9.9;33.8;Fri Nov 22 2019 12:12:48 GMT+0100 (CET);Fri Nov 22 2019 11:12:48 GMT+0100 (CET);1574421168000;0.23;49.33;4.78
1438719252742555;9.9;33.8;Fri Nov 22 2019 12:14:41 GMT+0100 (CET);Fri Nov 22 2019 11:14:41 GMT+0100 (CET);1574421281000;0.24;50.41;4.78
1438719252742555;9.9;33.7;Fri Nov 22 2019 12:16:33 GMT+0100 (CET);Fri Nov 22 2019 11:16:33 GMT+0100 (CET);1574421393000;0.21;45.71;4.77
1438719252742555;9.9;33.5;Fri Nov 22 2019 12:18:27 GMT+0100 (CET);Fri Nov 22 2019 11:18:27 GMT+0100 (CET);1574421507000;0.23;49.37;4.77
1438719252742555;9.9;33.8;Fri Nov 22 2019 12:20:21 GMT+0100 (CET);Fri Nov 22 2019 11:20:21 GMT+0100 (CET);1574421621000;0.24;50.93;4.78
1438719252742555;9.9;33.7;Fri Nov 22 2019 12:22:23 GMT+0100 (CET);Fri Nov 22 2019 11:22:23 GMT+0100 (CET);1574421743000;0.24;50.7;4.82
1438719252742555;9.9;33.7;Fri Nov 22 2019 12:24:18 GMT+0100 (CET);Fri Nov 22 2019 11:24:18 GMT+0100 (CET);1574421858000;0.23;50.02;4.87
1438719252742555;9.9;33.7;Fri Nov 22 2019 12:26:12 GMT+0100 (CET);Fri Nov 22 2019 11:26:12 GMT+0100 (CET);1574421972000;0.24;50.11;4.91
1438719252742555;9.9;33.7;Fri Nov 22 2019 12:28:06 GMT+0100 (CET);Fri Nov 22 2019 11:28:06 GMT+0100 (CET);1574422086000;0.23;47.37;4.89
1438719252742555;9.9;33.6;Fri Nov 22 2019 12:29:59 GMT+0100 (CET);Fri Nov 22 2019 11:29:59 GMT+0100 (CET);1574422199000;0.23;48.13;4.86
1438719252742555;9.9;33.6;Fri Nov 22 2019 12:31:53 GMT+0100 (CET);Fri Nov 22 2019 11:31:53 GMT+0100 (CET);1574422313000;0.24;49.85;4.89
1438719252742555;9.9;33.6;Fri Nov 22 2019 12:33:46 GMT+0100 (CET);Fri Nov 22 2019 11:33:46 GMT+0100 (CET);1574422426000;0.23;48.4;4.91
1438719252742555;9.9;33.6;Fri Nov 22 2019 12:35:40 GMT+0100 (CET);Fri Nov 22 2019 11:35:40 GMT+0100 (CET);1574422540000;0.23;47.7;4.92
1438719252742555;9.9;33.5;Fri Nov 22 2019 12:37:48 GMT+0100 (CET);Fri Nov 22 2019 11:37:48 GMT+0100 (CET);1574422668000;0.22;46.36;4.92
1438719252742555;9.9;33.7;Fri Nov 22 2019 12:39:41 GMT+0100 (CET);Fri Nov 22 2019 11:39:41 GMT+0100 (CET);1574422781000;0.23;48.77;4.85
1438719252742555;9.9;33.7;Fri Nov 22 2019 12:41:34 GMT+0100 (CET);Fri Nov 22 2019 11:41:34 GMT+0100 (CET);1574422894000;0.24;50.55;4.83
1438719252742555;9.9;33.7;Fri Nov 22 2019 12:43:26 GMT+0100 (CET);Fri Nov 22 2019 11:43:26 GMT+0100 (CET);1574423006000;0.24;52.79;4.86
1438719252742555;9.9;33.8;Fri Nov 22 2019 12:45:22 GMT+0100 (CET);Fri Nov 22 2019 11:45:22 GMT+0100 (CET);1574423122000;0.25;53.41;4.87
1438719252742555;9.9;33.7;Fri Nov 22 2019 12:47:15 GMT+0100 (CET);Fri Nov 22 2019 11:47:15 GMT+0100 (CET);1574423235000;0.26;55.32;4.83
1438719252742555;9.9;34;Fri Nov 22 2019 12:49:23 GMT+0100 (CET);Fri Nov 22 2019 11:49:23 GMT+0100 (CET);1574423363000;0.27;57.71;4.81
1438719252742555;9.9;33.9;Fri Nov 22 2019 12:51:16 GMT+0100 (CET);Fri Nov 22 2019 11:51:16 GMT+0100 (CET);1574423476000;0.26;56.44;4.8
1438719252742555;9.9;34.1;Fri Nov 22 2019 12:53:20 GMT+0100 (CET);Fri Nov 22 2019 11:53:20 GMT+0100 (CET);1574423600000;0.29;61.8;4.8
1438719252742555;10.4;34.2;Fri Nov 22 2019 12:55:12 GMT+0100 (CET);Fri Nov 22 2019 11:55:12 GMT+0100 (CET);1574423712000;0.29;60.9;4.82
1438719252742555;10.4;34.1;Fri Nov 22 2019 12:57:05 GMT+0100 (CET);Fri Nov 22 2019 11:57:05 GMT+0100 (CET);1574423825000;0.28;59.86;4.83
1438719252742555;10.4;33.9;Fri Nov 22 2019 12:58:59 GMT+0100 (CET);Fri Nov 22 2019 11:58:59 GMT+0100 (CET);1574423939000;0.28;59.25;4.81
1438719252742555;9.9;34.1;Fri Nov 22 2019 13:00:52 GMT+0100 (CET);Fri Nov 22 2019 12:00:52 GMT+0100 (CET);1574424052000;0.29;60.28;4.8
1438719252742555;9.9;34;Fri Nov 22 2019 13:02:45 GMT+0100 (CET);Fri Nov 22 2019 12:02:45 GMT+0100 (CET);1574424165000;0.26;55.96;4.82
1438719252742555;9.9;33.7;Fri Nov 22 2019 13:04:37 GMT+0100 (CET);Fri Nov 22 2019 12:04:37 GMT+0100 (CET);1574424277000;0.24;52.09;4.78
1438719252742555;9.9;33.7;Fri Nov 22 2019 13:06:37 GMT+0100 (CET);Fri Nov 22 2019 12:06:37 GMT+0100 (CET);1574424397000;0.24;52.34;4.79
1438719252742555;9.9;33.9;Fri Nov 22 2019 13:08:48 GMT+0100 (CET);Fri Nov 22 2019 12:08:48 GMT+0100 (CET);1574424528000;0.26;54.67;4.8
1438719252742555;9.9;33.8;Fri Nov 22 2019 13:10:41 GMT+0100 (CET);Fri Nov 22 2019 12:10:41 GMT+0100 (CET);1574424641000;0.25;52.91;4.78
1438719252742555;9.9;33.9;Fri Nov 22 2019 13:12:16 GMT+0100 (CET);Fri Nov 22 2019 12:12:16 GMT+0100 (CET);1574424736000;0.26;55.26;4.75
1438719252742555;9.9;33.9;Fri Nov 22 2019 13:14:09 GMT+0100 (CET);Fri Nov 22 2019 12:14:09 GMT+0100 (CET);1574424849000;0.27;57.42;4.71
1438719252742555;9.9;33.9;Fri Nov 22 2019 13:16:17 GMT+0100 (CET);Fri Nov 22 2019 12:16:17 GMT+0100 (CET);1574424977000;0.26;53.45;4.7
1438719252742555;9.9;33.8;Fri Nov 22 2019 13:18:16 GMT+0100 (CET);Fri Nov 22 2019 12:18:16 GMT+0100 (CET);1574425096000;0.24;50.99;4.68
1438719252742555;9.9;33.7;Fri Nov 22 2019 13:20:09 GMT+0100 (CET);Fri Nov 22 2019 12:20:09 GMT+0100 (CET);1574425209000;0.25;53.77;4.72
1438719252742555;9.9;33.8;Fri Nov 22 2019 13:22:01 GMT+0100 (CET);Fri Nov 22 2019 12:22:01 GMT+0100 (CET);1574425321000;0.23;49.18;4.77
1438719252742555;9.9;33.7;Fri Nov 22 2019 13:24:27 GMT+0100 (CET);Fri Nov 22 2019 12:24:27 GMT+0100 (CET);1574425467000;0.24;52.21;4.78
1438719252742555;9.9;33.7;Fri Nov 22 2019 13:26:19 GMT+0100 (CET);Fri Nov 22 2019 12:26:19 GMT+0100 (CET);1574425579000;0.26;54.82;4.8
1438719252742555;9.9;33.9;Fri Nov 22 2019 13:28:13 GMT+0100 (CET);Fri Nov 22 2019 12:28:13 GMT+0100 (CET);1574425693000;0.24;51.76;4.8
1438719252742555;9.9;33.7;Fri Nov 22 2019 13:30:06 GMT+0100 (CET);Fri Nov 22 2019 12:30:06 GMT+0100 (CET);1574425806000;0.25;53.15;4.86
1438719252742555;9.9;33.9;Fri Nov 22 2019 13:32:23 GMT+0100 (CET);Fri Nov 22 2019 12:32:23 GMT+0100 (CET);1574425943000;0.22;47.52;4.89
1438719252742555;10.4;33.7;Fri Nov 22 2019 13:34:16 GMT+0100 (CET);Fri Nov 22 2019 12:34:16 GMT+0100 (CET);1574426056000;0.23;47.87;4.85
1438719252742555;10.4;33.3;Fri Nov 22 2019 13:36:09 GMT+0100 (CET);Fri Nov 22 2019 12:36:09 GMT+0100 (CET);1574426169000;0.17;38.51;4.82
1438719252742555;10.4;33.1;Fri Nov 22 2019 13:38:02 GMT+0100 (CET);Fri Nov 22 2019 12:38:02 GMT+0100 (CET);1574426282000;0.07;18.51;4.75
1438719252742555;9.9;30.8;Fri Nov 22 2019 13:39:58 GMT+0100 (CET);Fri Nov 22 2019 12:39:58 GMT+0100 (CET);1574426398000;0.07;16.76;4.66
1438719252742555;9.9;29.7;Fri Nov 22 2019 13:41:51 GMT+0100 (CET);Fri Nov 22 2019 12:41:51 GMT+0100 (CET);1574426511000;0.07;18.52;4.63
1438719252742555;7.9;29.4;Fri Nov 22 2019 13:43:43 GMT+0100 (CET);Fri Nov 22 2019 12:43:43 GMT+0100 (CET);1574426623000;0.17;35.25;4.6
1438719252742555;7.9;31.1;Fri Nov 22 2019 13:45:37 GMT+0100 (CET);Fri Nov 22 2019 12:45:37 GMT+0100 (CET);1574426737000;0.18;37.68;4.6
1438719252742555;7.9;31.3;Fri Nov 22 2019 13:47:31 GMT+0100 (CET);Fri Nov 22 2019 12:47:31 GMT+0100 (CET);1574426851000;0.1;24.06;4.61
1438719252742555;7.9;31.1;Fri Nov 22 2019 13:49:24 GMT+0100 (CET);Fri Nov 22 2019 12:49:24 GMT+0100 (CET);1574426964000;0.1;22.64;4.6
1438719252742555;7.9;30.5;Fri Nov 22 2019 13:51:16 GMT+0100 (CET);Fri Nov 22 2019 12:51:16 GMT+0100 (CET);1574427076000;0.14;31.17;4.61
1438719252742555;7.9;30.5;Fri Nov 22 2019 13:53:11 GMT+0100 (CET);Fri Nov 22 2019 12:53:11 GMT+0100 (CET);1574427191000;0.32;63.98;4.67
1438719252742555;7.9;33.3;Fri Nov 22 2019 13:55:25 GMT+0100 (CET);Fri Nov 22 2019 12:55:25 GMT+0100 (CET);1574427325000;0.35;72.48;4.78
1438719252742555;7.9;34.2;Fri Nov 22 2019 13:57:18 GMT+0100 (CET);Fri Nov 22 2019 12:57:18 GMT+0100 (CET);1574427438000;0.34;70.79;4.89
1438719252742555;9.9;34.3;Fri Nov 22 2019 13:59:11 GMT+0100 (CET);Fri Nov 22 2019 12:59:11 GMT+0100 (CET);1574427551000;0.22;48.22;4.96
1438719252742555;9.9;33.7;Fri Nov 22 2019 14:01:09 GMT+0100 (CET);Fri Nov 22 2019 13:01:09 GMT+0100 (CET);1574427669000;0.2;43.67;4.95
1438719252742555;9.9;33.4;Fri Nov 22 2019 14:03:06 GMT+0100 (CET);Fri Nov 22 2019 13:03:06 GMT+0100 (CET);1574427786000;0.17;38.86;4.96
1438719252742555;9.9;33.2;Fri Nov 22 2019 14:04:59 GMT+0100 (CET);Fri Nov 22 2019 13:04:59 GMT+0100 (CET);1574427899000;0.15;34.47;4.96
1438719252742555;9.9;32.6;Fri Nov 22 2019 14:07:15 GMT+0100 (CET);Fri Nov 22 2019 13:07:15 GMT+0100 (CET);1574428035000;0.16;34.04;4.95
1438719252742555;9.4;32.6;Fri Nov 22 2019 14:09:09 GMT+0100 (CET);Fri Nov 22 2019 13:09:09 GMT+0100 (CET);1574428149000;0.15;32.43;4.95
1438719252742555;9.4;32.6;Fri Nov 22 2019 14:11:02 GMT+0100 (CET);Fri Nov 22 2019 13:11:02 GMT+0100 (CET);1574428262000;0.13;30.22;4.94
1438719252742555;9.9;32.5;Fri Nov 22 2019 14:12:56 GMT+0100 (CET);Fri Nov 22 2019 13:12:56 GMT+0100 (CET);1574428376000;0.12;27.32;4.96
1438719252742555;9.9;32.1;Fri Nov 22 2019 14:14:48 GMT+0100 (CET);Fri Nov 22 2019 13:14:48 GMT+0100 (CET);1574428488000;0.12;26.25;4.94
1438719252742555;9.9;31.6;Fri Nov 22 2019 14:16:41 GMT+0100 (CET);Fri Nov 22 2019 13:16:41 GMT+0100 (CET);1574428601000;0.13;28.59;4.9
1438719252742555;8.4;32.4;Fri Nov 22 2019 14:18:38 GMT+0100 (CET);Fri Nov 22 2019 13:18:38 GMT+0100 (CET);1574428718000;0.14;31.22;4.9
1438719252742555;8.4;32.6;Fri Nov 22 2019 14:20:30 GMT+0100 (CET);Fri Nov 22 2019 13:20:30 GMT+0100 (CET);1574428830000;0.15;34.39;4.91
1438719252742555;8.4;32.7;Fri Nov 22 2019 14:22:23 GMT+0100 (CET);Fri Nov 22 2019 13:22:23 GMT+0100 (CET);1574428943000;0.18;40.05;4.93
1438719252742555;8.4;32.8;Fri Nov 22 2019 14:24:18 GMT+0100 (CET);Fri Nov 22 2019 13:24:18 GMT+0100 (CET);1574429058000;0.21;45.69;4.96
1438719252742555;8.4;33.3;Fri Nov 22 2019 14:26:15 GMT+0100 (CET);Fri Nov 22 2019 13:26:15 GMT+0100 (CET);1574429175000;0.24;52;5
1438719252742555;9.4;33.9;Fri Nov 22 2019 14:28:10 GMT+0100 (CET);Fri Nov 22 2019 13:28:10 GMT+0100 (CET);1574429290000;0.24;51.59;5.02
1438719252742555;9.4;33.8;Fri Nov 22 2019 14:30:04 GMT+0100 (CET);Fri Nov 22 2019 13:30:04 GMT+0100 (CET);1574429404000;0.22;48.28;5.06
1438719252742555;9.9;33.6;Fri Nov 22 2019 14:31:57 GMT+0100 (CET);Fri Nov 22 2019 13:31:57 GMT+0100 (CET);1574429517000;0.22;46.28;5.1
1438719252742555;9.9;33.5;Fri Nov 22 2019 14:34:18 GMT+0100 (CET);Fri Nov 22 2019 13:34:18 GMT+0100 (CET);1574429658000;0.21;44.93;5.14
1438719252742555;9.9;33.4;Fri Nov 22 2019 14:36:10 GMT+0100 (CET);Fri Nov 22 2019 13:36:10 GMT+0100 (CET);1574429770000;0.19;41.26;5.17
1438719252742555;9.9;33.2;Fri Nov 22 2019 14:38:05 GMT+0100 (CET);Fri Nov 22 2019 13:38:05 GMT+0100 (CET);1574429885000;0.19;41.85;5.17
1438719252742555;9.9;33.3;Fri Nov 22 2019 14:39:57 GMT+0100 (CET);Fri Nov 22 2019 13:39:57 GMT+0100 (CET);1574429997000;0.19;40.72;5.2
1438719252742555;9.9;33.2;Fri Nov 22 2019 14:42:02 GMT+0100 (CET);Fri Nov 22 2019 13:42:02 GMT+0100 (CET);1574430122000;0.17;37.41;5.24
1438719252742555;9.9;32.9;Fri Nov 22 2019 14:43:55 GMT+0100 (CET);Fri Nov 22 2019 13:43:55 GMT+0100 (CET);1574430235000;0.17;38.63;5.23
1438719252742555;9.9;33.1;Fri Nov 22 2019 14:45:47 GMT+0100 (CET);Fri Nov 22 2019 13:45:47 GMT+0100 (CET);1574430347000;0.19;40.99;5.25
1438719252742555;9.9;33.4;Fri Nov 22 2019 14:47:40 GMT+0100 (CET);Fri Nov 22 2019 13:47:40 GMT+0100 (CET);1574430460000;0.21;44.64;5.25
1438719252742555;9.9;33.4;Fri Nov 22 2019 14:50:07 GMT+0100 (CET);Fri Nov 22 2019 13:50:07 GMT+0100 (CET);1574430607000;0.2;42.21;5.25
1438719252742555;9.9;33.2;Fri Nov 22 2019 14:52:00 GMT+0100 (CET);Fri Nov 22 2019 13:52:00 GMT+0100 (CET);1574430720000;0.2;42.05;5.31
1438719252742555;9.9;33.3;Fri Nov 22 2019 14:53:53 GMT+0100 (CET);Fri Nov 22 2019 13:53:53 GMT+0100 (CET);1574430833000;0.19;40.86;5.35
1438719252742555;9.9;33.2;Fri Nov 22 2019 14:55:48 GMT+0100 (CET);Fri Nov 22 2019 13:55:48 GMT+0100 (CET);1574430948000;0.17;37.97;5.38
1438719252742555;9.9;32.8;Fri Nov 22 2019 14:57:40 GMT+0100 (CET);Fri Nov 22 2019 13:57:40 GMT+0100 (CET);1574431060000;0.17;36.72;5.36
1438719252742555;9.9;32.8;Fri Nov 22 2019 14:59:33 GMT+0100 (CET);Fri Nov 22 2019 13:59:33 GMT+0100 (CET);1574431173000;0.15;31.65;5.34
1438719252742555;9.9;32.8;Fri Nov 22 2019 15:01:26 GMT+0100 (CET);Fri Nov 22 2019 14:01:26 GMT+0100 (CET);1574431286000;0.12;26.9;5.35
1438719252742555;9.9;32.4;Fri Nov 22 2019 15:03:38 GMT+0100 (CET);Fri Nov 22 2019 14:03:38 GMT+0100 (CET);1574431418000;0.1;23.08;5.37
1438719252742555;9.9;31.6;Fri Nov 22 2019 15:05:33 GMT+0100 (CET);Fri Nov 22 2019 14:05:33 GMT+0100 (CET);1574431533000;0.09;21.16;5.37
1438719252742555;9.9;31.1;Fri Nov 22 2019 15:07:26 GMT+0100 (CET);Fri Nov 22 2019 14:07:26 GMT+0100 (CET);1574431646000;0.09;21.31;5.36
1438719252742555;9.9;31.1;Fri Nov 22 2019 15:09:18 GMT+0100 (CET);Fri Nov 22 2019 14:09:18 GMT+0100 (CET);1574431758000;0.09;21.42;5.32
1438719252742555;8.4;31.3;Fri Nov 22 2019 15:11:13 GMT+0100 (CET);Fri Nov 22 2019 14:11:13 GMT+0100 (CET);1574431873000;0.11;24.32;5.29
1438719252742555;8.4;31.5;Fri Nov 22 2019 15:13:06 GMT+0100 (CET);Fri Nov 22 2019 14:13:06 GMT+0100 (CET);1574431986000;0.13;28.5;5.3
1438719252742555;8.4;31.5;Fri Nov 22 2019 15:14:59 GMT+0100 (CET);Fri Nov 22 2019 14:14:59 GMT+0100 (CET);1574432099000;0.16;34.68;5.29
1438719252742555;8.4;32.9;Fri Nov 22 2019 15:16:52 GMT+0100 (CET);Fri Nov 22 2019 14:16:52 GMT+0100 (CET);1574432212000;0.17;35.8;5.3
1438719252742555;8.4;32.9;Fri Nov 22 2019 15:18:45 GMT+0100 (CET);Fri Nov 22 2019 14:18:45 GMT+0100 (CET);1574432325000;0.17;35.79;5.29
1438719252742555;9.4;33.1;Fri Nov 22 2019 15:20:57 GMT+0100 (CET);Fri Nov 22 2019 14:20:57 GMT+0100 (CET);1574432457000;0.17;37.06;5.32
1438719252742555;9.4;33;Fri Nov 22 2019 15:22:49 GMT+0100 (CET);Fri Nov 22 2019 14:22:49 GMT+0100 (CET);1574432569000;0.17;34.99;5.36
1438719252742555;9.9;33;Fri Nov 22 2019 15:24:42 GMT+0100 (CET);Fri Nov 22 2019 14:24:42 GMT+0100 (CET);1574432682000;0.16;33.24;5.39
1438719252742555;9.9;32.8;Fri Nov 22 2019 15:26:34 GMT+0100 (CET);Fri Nov 22 2019 14:26:34 GMT+0100 (CET);1574432794000;0.15;32.14;5.4
1438719252742555;9.9;32.8;Fri Nov 22 2019 15:28:27 GMT+0100 (CET);Fri Nov 22 2019 14:28:27 GMT+0100 (CET);1574432907000;0.15;31.21;5.43
1438719252742555;9.9;32.4;Fri Nov 22 2019 15:30:20 GMT+0100 (CET);Fri Nov 22 2019 14:30:20 GMT+0100 (CET);1574433020000;0.14;30.34;5.5
1438719252742555;9.9;32.4;Fri Nov 22 2019 15:32:12 GMT+0100 (CET);Fri Nov 22 2019 14:32:12 GMT+0100 (CET);1574433132000;0.14;29.16;5.53
1438719252742555;9.9;32.2;Fri Nov 22 2019 15:34:06 GMT+0100 (CET);Fri Nov 22 2019 14:34:06 GMT+0100 (CET);1574433246000;0.13;27.64;5.57
1438719252742555;9.9;32.2;Fri Nov 22 2019 15:36:21 GMT+0100 (CET);Fri Nov 22 2019 14:36:21 GMT+0100 (CET);1574433381000;0.11;24.62;5.6
1438719252742555;9.9;32;Fri Nov 22 2019 15:38:14 GMT+0100 (CET);Fri Nov 22 2019 14:38:14 GMT+0100 (CET);1574433494000;0.11;22.8;5.59
1438719252742555;9.9;31.6;Fri Nov 22 2019 15:40:07 GMT+0100 (CET);Fri Nov 22 2019 14:40:07 GMT+0100 (CET);1574433607000;0.1;21.69;5.54
1438719252742555;8.4;31.2;Fri Nov 22 2019 15:42:02 GMT+0100 (CET);Fri Nov 22 2019 14:42:02 GMT+0100 (CET);1574433722000;0.09;20.83;5.5
1438719252742555;8.4;31;Fri Nov 22 2019 15:43:59 GMT+0100 (CET);Fri Nov 22 2019 14:43:59 GMT+0100 (CET);1574433839000;0.09;19.39;5.46
1438719252742555;8.4;30.8;Fri Nov 22 2019 15:45:52 GMT+0100 (CET);Fri Nov 22 2019 14:45:52 GMT+0100 (CET);1574433952000;0.07;16.06;5.47
1438719252742555;8.4;30.5;Fri Nov 22 2019 15:47:44 GMT+0100 (CET);Fri Nov 22 2019 14:47:44 GMT+0100 (CET);1574434064000;0.06;14.59;5.44
1438719252742555;8.4;29.9;Fri Nov 22 2019 15:49:37 GMT+0100 (CET);Fri Nov 22 2019 14:49:37 GMT+0100 (CET);1574434177000;0.06;12.88;5.44
1438719252742555;8.4;29.9;Fri Nov 22 2019 15:52:01 GMT+0100 (CET);Fri Nov 22 2019 14:52:01 GMT+0100 (CET);1574434321000;0;11.03;5.41
1438719252742555;8.4;29.9;Fri Nov 22 2019 15:53:54 GMT+0100 (CET);Fri Nov 22 2019 14:53:54 GMT+0100 (CET);1574434434000;0;10.43;5.39
1438719252742555;7.9;28.2;Fri Nov 22 2019 15:55:48 GMT+0100 (CET);Fri Nov 22 2019 14:55:48 GMT+0100 (CET);1574434548000;0;9.28;5.38
1438719252742555;7.9;27.6;Fri Nov 22 2019 15:57:43 GMT+0100 (CET);Fri Nov 22 2019 14:57:43 GMT+0100 (CET);1574434663000;0;8.53;5.34
1438719252742555;7.9;27.2;Fri Nov 22 2019 15:59:35 GMT+0100 (CET);Fri Nov 22 2019 14:59:35 GMT+0100 (CET);1574434775000;0;8.3;5.28
1438719252742555;6.4;26.7;Fri Nov 22 2019 16:01:28 GMT+0100 (CET);Fri Nov 22 2019 15:01:28 GMT+0100 (CET);1574434888000;0;7.98;5.23
1438719252742555;6.4;26.4;Fri Nov 22 2019 16:03:22 GMT+0100 (CET);Fri Nov 22 2019 15:03:22 GMT+0100 (CET);1574435002000;0;6.93;5.18
1438719252742555;6.4;33.3;Fri Nov 22 2019 16:05:15 GMT+0100 (CET);Fri Nov 22 2019 15:05:15 GMT+0100 (CET);1574435115000;0;5.86;5.16
1438719252742555;6.4;32;Fri Nov 22 2019 16:07:11 GMT+0100 (CET);Fri Nov 22 2019 15:07:11 GMT+0100 (CET);1574435231000;0;4.73;5.15
1438719252742555;6.4;30.4;Fri Nov 22 2019 16:09:04 GMT+0100 (CET);Fri Nov 22 2019 15:09:04 GMT+0100 (CET);1574435344000;0;3.83;5.13
1438719252742555;6.4;29.4;Fri Nov 22 2019 16:11:00 GMT+0100 (CET);Fri Nov 22 2019 15:11:00 GMT+0100 (CET);1574435460000;0;3.55;5.1
1438719252742555;6.4;26.5;Fri Nov 22 2019 16:12:53 GMT+0100 (CET);Fri Nov 22 2019 15:12:53 GMT+0100 (CET);1574435573000;0;3.15;5.08
1438719252742555;6.4;26.4;Fri Nov 22 2019 16:14:48 GMT+0100 (CET);Fri Nov 22 2019 15:14:48 GMT+0100 (CET);1574435688000;0;2.69;5.07
1438719252742555;6.4;20.5;Fri Nov 22 2019 16:16:42 GMT+0100 (CET);Fri Nov 22 2019 15:16:42 GMT+0100 (CET);1574435802000;0;2.35;5.03
1438719252742555;6.4;20.5;Fri Nov 22 2019 16:18:36 GMT+0100 (CET);Fri Nov 22 2019 15:18:36 GMT+0100 (CET);1574435916000;0;1.89;5.03
1438719252742555;6.4;20.5;Fri Nov 22 2019 16:20:29 GMT+0100 (CET);Fri Nov 22 2019 15:20:29 GMT+0100 (CET);1574436029000;0;1.72;5.03
1438719252742555;2.3;35.5;Sat Nov 23 2019 07:33:09 GMT+0100 (CET);Sat Nov 23 2019 06:33:09 GMT+0100 (CET);1574490789000;0;10.52;1.27
1438719252742555;2.3;24.7;Sat Nov 23 2019 07:35:03 GMT+0100 (CET);Sat Nov 23 2019 06:35:03 GMT+0100 (CET);1574490903000;0;11.49;1.3
1438719252742555;0.3;25.8;Sat Nov 23 2019 07:36:55 GMT+0100 (CET);Sat Nov 23 2019 06:36:55 GMT+0100 (CET);1574491015000;0.06;12.17;1.35
1438719252742555;0.3;26.7;Sat Nov 23 2019 07:38:49 GMT+0100 (CET);Sat Nov 23 2019 06:38:49 GMT+0100 (CET);1574491129000;0.06;13.35;1.4
1438719252742555;0.3;26.7;Sat Nov 23 2019 07:40:43 GMT+0100 (CET);Sat Nov 23 2019 06:40:43 GMT+0100 (CET);1574491243000;0.06;13.77;1.42
1438719252742555;0.3;27.4;Sat Nov 23 2019 07:42:36 GMT+0100 (CET);Sat Nov 23 2019 06:42:36 GMT+0100 (CET);1574491356000;0.06;14.24;1.46
1438719252742555;0.3;28.4;Sat Nov 23 2019 07:44:33 GMT+0100 (CET);Sat Nov 23 2019 06:44:33 GMT+0100 (CET);1574491473000;0.07;15.51;1.48
1438719252742555;0.3;27.3;Sat Nov 23 2019 07:46:28 GMT+0100 (CET);Sat Nov 23 2019 06:46:28 GMT+0100 (CET);1574491588000;0.07;16.23;1.58
1438719252742555;0.3;28.6;Sat Nov 23 2019 07:48:21 GMT+0100 (CET);Sat Nov 23 2019 06:48:21 GMT+0100 (CET);1574491701000;0.08;17.09;1.64
1438719252742555;1.3;28.7;Sat Nov 23 2019 07:50:25 GMT+0100 (CET);Sat Nov 23 2019 06:50:25 GMT+0100 (CET);1574491825000;0.08;18.93;1.7
1438719252742555;1.3;30;Sat Nov 23 2019 07:52:19 GMT+0100 (CET);Sat Nov 23 2019 06:52:19 GMT+0100 (CET);1574491939000;0.09;20.28;1.81
1438719252742555;1.3;29.6;Sat Nov 23 2019 07:54:12 GMT+0100 (CET);Sat Nov 23 2019 06:54:12 GMT+0100 (CET);1574492052000;0.1;21.75;1.89
1438719252742555;1.3;30.1;Sat Nov 23 2019 07:56:05 GMT+0100 (CET);Sat Nov 23 2019 06:56:05 GMT+0100 (CET);1574492165000;0.1;23.77;1.95
1438719252742555;1.3;29.7;Sat Nov 23 2019 07:58:03 GMT+0100 (CET);Sat Nov 23 2019 06:58:03 GMT+0100 (CET);1574492283000;0.11;25.22;1.99
1438719252742555;1.3;30.4;Sat Nov 23 2019 07:59:56 GMT+0100 (CET);Sat Nov 23 2019 06:59:56 GMT+0100 (CET);1574492396000;0.12;27.02;1.97
1438719252742555;2.3;29.7;Sat Nov 23 2019 08:01:49 GMT+0100 (CET);Sat Nov 23 2019 07:01:49 GMT+0100 (CET);1574492509000;0.13;29.2;2.02
1438719252742555;2.3;30.4;Sat Nov 23 2019 08:03:42 GMT+0100 (CET);Sat Nov 23 2019 07:03:42 GMT+0100 (CET);1574492622000;0.14;30.15;2.04
1438719252742555;3.8;30.1;Sat Nov 23 2019 08:05:38 GMT+0100 (CET);Sat Nov 23 2019 07:05:38 GMT+0100 (CET);1574492738000;0.14;31.79;2.11
1438719252742555;3.8;30.2;Sat Nov 23 2019 08:07:33 GMT+0100 (CET);Sat Nov 23 2019 07:07:33 GMT+0100 (CET);1574492853000;0.14;32.8;2.17
1438719252742555;3.8;30.1;Sat Nov 23 2019 08:09:26 GMT+0100 (CET);Sat Nov 23 2019 07:09:26 GMT+0100 (CET);1574492966000;0.14;33.49;2.23
1438719252742555;3.8;30;Sat Nov 23 2019 08:11:19 GMT+0100 (CET);Sat Nov 23 2019 07:11:19 GMT+0100 (CET);1574493079000;0.15;34.7;2.3
1438719252742555;3.8;30.2;Sat Nov 23 2019 08:13:13 GMT+0100 (CET);Sat Nov 23 2019 07:13:13 GMT+0100 (CET);1574493193000;0.15;34.83;2.33
1438719252742555;3.8;28.9;Sat Nov 23 2019 08:15:07 GMT+0100 (CET);Sat Nov 23 2019 07:15:07 GMT+0100 (CET);1574493307000;0.15;35.12;2.39
1438719252742555;3.8;28.1;Sat Nov 23 2019 08:17:01 GMT+0100 (CET);Sat Nov 23 2019 07:17:01 GMT+0100 (CET);1574493421000;0.15;35.69;2.4
1438719252742555;3.8;27.7;Sat Nov 23 2019 08:19:03 GMT+0100 (CET);Sat Nov 23 2019 07:19:03 GMT+0100 (CET);1574493543000;0.15;36.2;2.41
1438719252742555;3.8;27.9;Sat Nov 23 2019 08:21:00 GMT+0100 (CET);Sat Nov 23 2019 07:21:00 GMT+0100 (CET);1574493660000;0.16;36.64;2.42
1438719252742555;3.8;27.9;Sat Nov 23 2019 08:22:52 GMT+0100 (CET);Sat Nov 23 2019 07:22:52 GMT+0100 (CET);1574493772000;0.16;37.3;2.44
1438719252742555;1.3;26.9;Sat Nov 23 2019 08:24:46 GMT+0100 (CET);Sat Nov 23 2019 07:24:46 GMT+0100 (CET);1574493886000;0.16;37.87;2.44
1438719252742555;1.3;24.3;Sat Nov 23 2019 08:26:39 GMT+0100 (CET);Sat Nov 23 2019 07:26:39 GMT+0100 (CET);1574493999000;0.16;38.79;2.5
1438719252742555;1.3;23;Sat Nov 23 2019 08:28:31 GMT+0100 (CET);Sat Nov 23 2019 07:28:31 GMT+0100 (CET);1574494111000;0.17;40.84;2.53
1438719252742555;0.3;21.8;Sat Nov 23 2019 08:30:29 GMT+0100 (CET);Sat Nov 23 2019 07:30:29 GMT+0100 (CET);1574494229000;0.17;50.29;2.57
1438719252742555;0.3;21.8;Sat Nov 23 2019 08:32:21 GMT+0100 (CET);Sat Nov 23 2019 07:32:21 GMT+0100 (CET);1574494341000;0.17;60.24;2.64
1438719252742555;0.3;21.8;Sat Nov 23 2019 08:34:14 GMT+0100 (CET);Sat Nov 23 2019 07:34:14 GMT+0100 (CET);1574494454000;0.18;77.69;2.71
1438719252742555;10.4;23.3;Sat Nov 23 2019 09:28:44 GMT+0100 (CET);Sat Nov 23 2019 08:28:44 GMT+0100 (CET);1574497724000;2.08;396.79;8.1
1438719252742555;10.4;23.3;Sat Nov 23 2019 09:30:39 GMT+0100 (CET);Sat Nov 23 2019 08:30:39 GMT+0100 (CET);1574497839000;2.12;401.91;8.3
1438719252742555;12.4;23.3;Sat Nov 23 2019 09:32:34 GMT+0100 (CET);Sat Nov 23 2019 08:32:34 GMT+0100 (CET);1574497954000;2.14;407.03;8.53
1438719252742555;12.4;23.3;Sat Nov 23 2019 09:34:28 GMT+0100 (CET);Sat Nov 23 2019 08:34:28 GMT+0100 (CET);1574498068000;2.18;414.71;8.72
1438719252742555;12.4;23.3;Sat Nov 23 2019 09:36:20 GMT+0100 (CET);Sat Nov 23 2019 08:36:20 GMT+0100 (CET);1574498180000;2.21;419.83;9.07
1438719252742555;13.9;23.2;Sat Nov 23 2019 09:38:23 GMT+0100 (CET);Sat Nov 23 2019 08:38:23 GMT+0100 (CET);1574498303000;2.26;424.95;9.35
1438719252742555;13.9;23.2;Sat Nov 23 2019 09:40:18 GMT+0100 (CET);Sat Nov 23 2019 08:40:18 GMT+0100 (CET);1574498418000;2.28;432.63;9.73
1438719252742555;14.4;23.2;Sat Nov 23 2019 09:42:10 GMT+0100 (CET);Sat Nov 23 2019 08:42:10 GMT+0100 (CET);1574498530000;2.31;440.31;10.18
1438719252742555;14.4;23.1;Sat Nov 23 2019 09:44:03 GMT+0100 (CET);Sat Nov 23 2019 08:44:03 GMT+0100 (CET);1574498643000;2.34;445.43;10.57
1438719252742555;14.4;23.2;Sat Nov 23 2019 09:45:59 GMT+0100 (CET);Sat Nov 23 2019 08:45:59 GMT+0100 (CET);1574498759000;2.38;455.67;10.92
1438719252742555;15.9;23.1;Sat Nov 23 2019 09:47:52 GMT+0100 (CET);Sat Nov 23 2019 08:47:52 GMT+0100 (CET);1574498872000;2.39;453.11;11.04
1438719252742555;15.9;23.1;Sat Nov 23 2019 09:49:45 GMT+0100 (CET);Sat Nov 23 2019 08:49:45 GMT+0100 (CET);1574498985000;2.38;450.55;11.26
1438719252742555;16.4;23.1;Sat Nov 23 2019 09:51:52 GMT+0100 (CET);Sat Nov 23 2019 08:51:52 GMT+0100 (CET);1574499112000;2.44;455.67;11.5
1438719252742555;16.4;23;Sat Nov 23 2019 09:53:45 GMT+0100 (CET);Sat Nov 23 2019 08:53:45 GMT+0100 (CET);1574499225000;2.5;465.91;11.54
1438719252742555;16.4;23;Sat Nov 23 2019 09:55:54 GMT+0100 (CET);Sat Nov 23 2019 08:55:54 GMT+0100 (CET);1574499354000;2.5;471.03;11.52
1438719252742555;17.4;23.1;Sat Nov 23 2019 09:57:47 GMT+0100 (CET);Sat Nov 23 2019 08:57:47 GMT+0100 (CET);1574499467000;2.51;473.59;11.71
1438719252742555;17.4;23.1;Sat Nov 23 2019 09:59:40 GMT+0100 (CET);Sat Nov 23 2019 08:59:40 GMT+0100 (CET);1574499580000;2.54;483.83;11.79
1438719252742555;17.4;23.1;Sat Nov 23 2019 10:01:36 GMT+0100 (CET);Sat Nov 23 2019 09:01:36 GMT+0100 (CET);1574499696000;2.5;473.59;11.83
1438719252742555;17.4;23.1;Sat Nov 23 2019 10:03:31 GMT+0100 (CET);Sat Nov 23 2019 09:03:31 GMT+0100 (CET);1574499811000;2.52;483.83;11.88
1438719252742555;17.4;23.1;Sat Nov 23 2019 10:06:03 GMT+0100 (CET);Sat Nov 23 2019 09:06:03 GMT+0100 (CET);1574499963000;2.6;506.87;11.9
1438719252742555;17.4;23.1;Sat Nov 23 2019 10:08:02 GMT+0100 (CET);Sat Nov 23 2019 09:08:02 GMT+0100 (CET);1574500082000;2.59;511.99;12.14
1438719252742555;17.4;23.7;Sat Nov 23 2019 10:09:55 GMT+0100 (CET);Sat Nov 23 2019 09:09:55 GMT+0100 (CET);1574500195000;2.52;532.47;12.33
1438719252742555;18.9;24.2;Sat Nov 23 2019 10:11:51 GMT+0100 (CET);Sat Nov 23 2019 09:11:51 GMT+0100 (CET);1574500311000;2.51;535.03;12.44
1438719252742555;18.9;24.2;Sat Nov 23 2019 10:13:43 GMT+0100 (CET);Sat Nov 23 2019 09:13:43 GMT+0100 (CET);1574500423000;2.45;519.67;12.48
1438719252742555;18.9;24.3;Sat Nov 23 2019 10:15:36 GMT+0100 (CET);Sat Nov 23 2019 09:15:36 GMT+0100 (CET);1574500536000;2.3;494.07;12.49
1438719252742555;20;24.3;Sat Nov 23 2019 10:17:30 GMT+0100 (CET);Sat Nov 23 2019 09:17:30 GMT+0100 (CET);1574500650000;2.33;488.95;12.42
1438719252742555;20;23.9;Sat Nov 23 2019 10:19:24 GMT+0100 (CET);Sat Nov 23 2019 09:19:24 GMT+0100 (CET);1574500764000;2.32;483.83;12.44
1438719252742555;20;23.9;Sat Nov 23 2019 10:21:19 GMT+0100 (CET);Sat Nov 23 2019 09:21:19 GMT+0100 (CET);1574500879000;2.27;478.71;12.42
1438719252742555;20;23.9;Sat Nov 23 2019 10:23:13 GMT+0100 (CET);Sat Nov 23 2019 09:23:13 GMT+0100 (CET);1574500993000;2.4;494.07;12.43
1438719252742555;20;26.7;Sat Nov 23 2019 10:25:11 GMT+0100 (CET);Sat Nov 23 2019 09:25:11 GMT+0100 (CET);1574501111000;2.42;494.07;12.49
1438719252742555;20;33.6;Sat Nov 23 2019 10:27:05 GMT+0100 (CET);Sat Nov 23 2019 09:27:05 GMT+0100 (CET);1574501225000;2.47;504.31;12.5
1438719252742555;20;35;Sat Nov 23 2019 10:28:58 GMT+0100 (CET);Sat Nov 23 2019 09:28:58 GMT+0100 (CET);1574501338000;2.5;506.87;12.51
1438719252742555;22.5;34.8;Sat Nov 23 2019 10:30:51 GMT+0100 (CET);Sat Nov 23 2019 09:30:51 GMT+0100 (CET);1574501451000;2.68;547.83;12.66
1438719252742555;22.5;35;Sat Nov 23 2019 10:32:45 GMT+0100 (CET);Sat Nov 23 2019 09:32:45 GMT+0100 (CET);1574501565000;2.68;542.71;12.82
1438719252742555;23.5;35;Sat Nov 23 2019 10:35:01 GMT+0100 (CET);Sat Nov 23 2019 09:35:01 GMT+0100 (CET);1574501701000;2.69;545.27;12.84
1438719252742555;23.5;35;Sat Nov 23 2019 10:36:54 GMT+0100 (CET);Sat Nov 23 2019 09:36:54 GMT+0100 (CET);1574501814000;2.73;558.07;12.9
1438719252742555;23.5;35;Sat Nov 23 2019 10:38:49 GMT+0100 (CET);Sat Nov 23 2019 09:38:49 GMT+0100 (CET);1574501929000;2.77;568.31;12.97
1438719252742555;24;35;Sat Nov 23 2019 10:40:42 GMT+0100 (CET);Sat Nov 23 2019 09:40:42 GMT+0100 (CET);1574502042000;2.81;578.55;13.02
1438719252742555;24;35.1;Sat Nov 23 2019 10:42:35 GMT+0100 (CET);Sat Nov 23 2019 09:42:35 GMT+0100 (CET);1574502155000;2.83;583.67;13.1
1438719252742555;24;35.1;Sat Nov 23 2019 10:44:28 GMT+0100 (CET);Sat Nov 23 2019 09:44:28 GMT+0100 (CET);1574502268000;2.82;581.11;13.31
1438719252742555;24;35.1;Sat Nov 23 2019 10:46:31 GMT+0100 (CET);Sat Nov 23 2019 09:46:31 GMT+0100 (CET);1574502391000;2.81;581.11;13.49
1438719252742555;24.5;35.2;Sat Nov 23 2019 10:48:52 GMT+0100 (CET);Sat Nov 23 2019 09:48:52 GMT+0100 (CET);1574502532000;2.81;583.67;13.49
1438719252742555;24.5;35.2;Sat Nov 23 2019 10:51:01 GMT+0100 (CET);Sat Nov 23 2019 09:51:01 GMT+0100 (CET);1574502661000;2.79;586.23;13.54
1438719252742555;24.5;35.2;Sat Nov 23 2019 10:52:54 GMT+0100 (CET);Sat Nov 23 2019 09:52:54 GMT+0100 (CET);1574502774000;2.79;583.67;13.67
1438719252742555;24.5;35.3;Sat Nov 23 2019 10:54:49 GMT+0100 (CET);Sat Nov 23 2019 09:54:49 GMT+0100 (CET);1574502889000;2.73;573.43;13.84
1438719252742555;24.5;35.4;Sat Nov 23 2019 10:56:42 GMT+0100 (CET);Sat Nov 23 2019 09:56:42 GMT+0100 (CET);1574503002000;2.79;588.79;13.88
1438719252742555;26;35.3;Sat Nov 23 2019 10:58:34 GMT+0100 (CET);Sat Nov 23 2019 09:58:34 GMT+0100 (CET);1574503114000;2.92;619.51;13.85
1438719252742555;26;35.3;Sat Nov 23 2019 11:00:31 GMT+0100 (CET);Sat Nov 23 2019 10:00:31 GMT+0100 (CET);1574503231000;2.92;614.39;13.86
1438719252742555;26;35.2;Sat Nov 23 2019 11:02:26 GMT+0100 (CET);Sat Nov 23 2019 10:02:26 GMT+0100 (CET);1574503346000;2.95;619.51;13.89
1438719252742555;26;35.1;Sat Nov 23 2019 11:04:20 GMT+0100 (CET);Sat Nov 23 2019 10:04:20 GMT+0100 (CET);1574503460000;2.89;599.03;14.02
1438719252742555;26;35;Sat Nov 23 2019 11:06:07 GMT+0100 (CET);Sat Nov 23 2019 10:06:07 GMT+0100 (CET);1574503567000;2.77;583.67;14.13
1438719252742555;26.5;35;Sat Nov 23 2019 11:08:00 GMT+0100 (CET);Sat Nov 23 2019 10:08:00 GMT+0100 (CET);1574503680000;2.4;509.43;14.14
1438719252742555;26.5;35.2;Sat Nov 23 2019 11:09:56 GMT+0100 (CET);Sat Nov 23 2019 10:09:56 GMT+0100 (CET);1574503796000;2.94;611.83;14.22
1438719252742555;26.5;35;Sat Nov 23 2019 11:11:49 GMT+0100 (CET);Sat Nov 23 2019 10:11:49 GMT+0100 (CET);1574503909000;2.84;596.47;14.33
1438719252742555;26.5;35;Sat Nov 23 2019 11:13:42 GMT+0100 (CET);Sat Nov 23 2019 10:13:42 GMT+0100 (CET);1574504022000;2.88;604.15;14.6
1438719252742555;26.5;34.9;Sat Nov 23 2019 11:15:35 GMT+0100 (CET);Sat Nov 23 2019 10:15:35 GMT+0100 (CET);1574504135000;2.81;591.35;14.75
1438719252742555;28;34.9;Sat Nov 23 2019 11:17:34 GMT+0100 (CET);Sat Nov 23 2019 10:17:34 GMT+0100 (CET);1574504254000;2.58;555.51;14.72
1438719252742555;28;35;Sat Nov 23 2019 11:19:32 GMT+0100 (CET);Sat Nov 23 2019 10:19:32 GMT+0100 (CET);1574504372000;2.85;601.59;14.74
1438719252742555;28;35.1;Sat Nov 23 2019 11:21:47 GMT+0100 (CET);Sat Nov 23 2019 10:21:47 GMT+0100 (CET);1574504507000;2.63;558.07;14.62
1438719252742555;28;35.1;Sat Nov 23 2019 11:23:39 GMT+0100 (CET);Sat Nov 23 2019 10:23:39 GMT+0100 (CET);1574504619000;2.64;565.75;14.57
1438719252742555;28;35.1;Sat Nov 23 2019 11:25:38 GMT+0100 (CET);Sat Nov 23 2019 10:25:38 GMT+0100 (CET);1574504738000;2.56;537.59;14.52
1438719252742555;28;35.2;Sat Nov 23 2019 11:27:32 GMT+0100 (CET);Sat Nov 23 2019 10:27:32 GMT+0100 (CET);1574504852000;2.48;537.59;14.38
1438719252742555;28;35.2;Sat Nov 23 2019 11:29:24 GMT+0100 (CET);Sat Nov 23 2019 10:29:24 GMT+0100 (CET);1574504964000;2.75;581.11;14.39
1438719252742555;28;35.2;Sat Nov 23 2019 11:31:17 GMT+0100 (CET);Sat Nov 23 2019 10:31:17 GMT+0100 (CET);1574505077000;2.41;494.07;14.54
1438719252742555;28;35;Sat Nov 23 2019 11:33:10 GMT+0100 (CET);Sat Nov 23 2019 10:33:10 GMT+0100 (CET);1574505190000;2.17;463.35;14.55
1438719252742555;28;35.1;Sat Nov 23 2019 11:35:03 GMT+0100 (CET);Sat Nov 23 2019 10:35:03 GMT+0100 (CET);1574505303000;2.1;453.11;14.38
1438719252742555;26.5;35.2;Sat Nov 23 2019 11:37:06 GMT+0100 (CET);Sat Nov 23 2019 10:37:06 GMT+0100 (CET);1574505426000;2.33;499.19;14.36
1438719252742555;26.5;35.2;Sat Nov 23 2019 11:39:01 GMT+0100 (CET);Sat Nov 23 2019 10:39:01 GMT+0100 (CET);1574505541000;2.21;476.15;14.42
1438719252742555;26.5;35.2;Sat Nov 23 2019 11:40:54 GMT+0100 (CET);Sat Nov 23 2019 10:40:54 GMT+0100 (CET);1574505654000;2.16;473.59;14.39
1438719252742555;26;35.4;Sat Nov 23 2019 11:42:47 GMT+0100 (CET);Sat Nov 23 2019 10:42:47 GMT+0100 (CET);1574505767000;2.3;494.07;14.39
1438719252742555;26;35.3;Sat Nov 23 2019 11:44:44 GMT+0100 (CET);Sat Nov 23 2019 10:44:44 GMT+0100 (CET);1574505884000;2.12;463.35;14.5
1438719252742555;26;35.2;Sat Nov 23 2019 11:46:37 GMT+0100 (CET);Sat Nov 23 2019 10:46:37 GMT+0100 (CET);1574505997000;1.99;430.07;14.69
1438719252742555;26;35.2;Sat Nov 23 2019 11:48:30 GMT+0100 (CET);Sat Nov 23 2019 10:48:30 GMT+0100 (CET);1574506110000;2.19;468.47;14.77
1438719252742555;26;35.2;Sat Nov 23 2019 11:50:25 GMT+0100 (CET);Sat Nov 23 2019 10:50:25 GMT+0100 (CET);1574506225000;2.08;450.55;14.92
1438719252742555;26;35.3;Sat Nov 23 2019 11:52:53 GMT+0100 (CET);Sat Nov 23 2019 10:52:53 GMT+0100 (CET);1574506373000;1.85;389.11;14.96
1438719252742555;26;35.1;Sat Nov 23 2019 11:54:47 GMT+0100 (CET);Sat Nov 23 2019 10:54:47 GMT+0100 (CET);1574506487000;1.67;371.19;14.75
1438719252742555;26;35.3;Sat Nov 23 2019 11:56:42 GMT+0100 (CET);Sat Nov 23 2019 10:56:42 GMT+0100 (CET);1574506602000;1.83;447.99;14.63
1438719252742555;26;35.6;Sat Nov 23 2019 11:58:34 GMT+0100 (CET);Sat Nov 23 2019 10:58:34 GMT+0100 (CET);1574506714000;2.43;522.23;14.67
1438719252742555;24.5;35.5;Sat Nov 23 2019 12:00:31 GMT+0100 (CET);Sat Nov 23 2019 11:00:31 GMT+0100 (CET);1574506831000;2.31;496.63;14.77
1438719252742555;24.5;35.3;Sat Nov 23 2019 12:02:24 GMT+0100 (CET);Sat Nov 23 2019 11:02:24 GMT+0100 (CET);1574506944000;2.09;463.35;14.83
1438719252742555;24.5;35.3;Sat Nov 23 2019 12:04:19 GMT+0100 (CET);Sat Nov 23 2019 11:04:19 GMT+0100 (CET);1574507059000;1.95;422.39;14.78
1438719252742555;24.5;35.1;Sat Nov 23 2019 12:06:12 GMT+0100 (CET);Sat Nov 23 2019 11:06:12 GMT+0100 (CET);1574507172000;1.73;381.43;14.78
1438719252742555;24.5;35.2;Sat Nov 23 2019 12:08:31 GMT+0100 (CET);Sat Nov 23 2019 11:08:31 GMT+0100 (CET);1574507311000;1.76;386.55;14.85
1438719252742555;24.5;35.2;Sat Nov 23 2019 12:10:28 GMT+0100 (CET);Sat Nov 23 2019 11:10:28 GMT+0100 (CET);1574507428000;1.74;378.87;14.78
1438719252742555;24.5;35.2;Sat Nov 23 2019 12:12:22 GMT+0100 (CET);Sat Nov 23 2019 11:12:22 GMT+0100 (CET);1574507542000;1.75;391.67;14.85
1438719252742555;24.5;35.2;Sat Nov 23 2019 12:14:16 GMT+0100 (CET);Sat Nov 23 2019 11:14:16 GMT+0100 (CET);1574507656000;1.86;407.03;14.89
1438719252742555;24.5;35.4;Sat Nov 23 2019 12:16:17 GMT+0100 (CET);Sat Nov 23 2019 11:16:17 GMT+0100 (CET);1574507777000;2.13;450.55;14.78
1438719252742555;24.5;35.4;Sat Nov 23 2019 12:18:19 GMT+0100 (CET);Sat Nov 23 2019 11:18:19 GMT+0100 (CET);1574507899000;2.1;458.23;15.01
1438719252742555;24.5;35.2;Sat Nov 23 2019 12:20:12 GMT+0100 (CET);Sat Nov 23 2019 11:20:12 GMT+0100 (CET);1574508012000;1.73;371.19;15.1
1438719252742555;24.5;35.1;Sat Nov 23 2019 12:22:12 GMT+0100 (CET);Sat Nov 23 2019 11:22:12 GMT+0100 (CET);1574508132000;1.56;337.91;14.86
1438719252742555;24.5;35.1;Sat Nov 23 2019 12:25:04 GMT+0100 (CET);Sat Nov 23 2019 11:25:04 GMT+0100 (CET);1574508304000;1.52;335.35;14.52
1438719252742555;24.5;35.3;Sat Nov 23 2019 12:27:08 GMT+0100 (CET);Sat Nov 23 2019 11:27:08 GMT+0100 (CET);1574508428000;1.6;348.15;14.43
1438719252742555;24.5;35.4;Sat Nov 23 2019 12:29:01 GMT+0100 (CET);Sat Nov 23 2019 11:29:01 GMT+0100 (CET);1574508541000;1.59;353.27;14.36
1438719252742555;24;35.3;Sat Nov 23 2019 12:30:58 GMT+0100 (CET);Sat Nov 23 2019 11:30:58 GMT+0100 (CET);1574508658000;1.46;322.3;14.42
1438719252742555;24;35.2;Sat Nov 23 2019 12:32:54 GMT+0100 (CET);Sat Nov 23 2019 11:32:54 GMT+0100 (CET);1574508774000;1.5;332.79;14.51
1438719252742555;24;35.3;Sat Nov 23 2019 12:34:47 GMT+0100 (CET);Sat Nov 23 2019 11:34:47 GMT+0100 (CET);1574508887000;1.44;319.73;14.45
1438719252742555;24;35.4;Sat Nov 23 2019 12:36:40 GMT+0100 (CET);Sat Nov 23 2019 11:36:40 GMT+0100 (CET);1574509000000;1.57;345.59;14.42
1438719252742555;24;35.4;Sat Nov 23 2019 12:38:44 GMT+0100 (CET);Sat Nov 23 2019 11:38:44 GMT+0100 (CET);1574509124000;1.5;330.23;14.44
1438719252742555;24;35.3;Sat Nov 23 2019 12:40:53 GMT+0100 (CET);Sat Nov 23 2019 11:40:53 GMT+0100 (CET);1574509253000;1.5;337.91;14.5
1438719252742555;24;35.3;Sat Nov 23 2019 12:42:47 GMT+0100 (CET);Sat Nov 23 2019 11:42:47 GMT+0100 (CET);1574509367000;1.53;335.35;14.55
1438719252742555;24;35.3;Sat Nov 23 2019 12:44:45 GMT+0100 (CET);Sat Nov 23 2019 11:44:45 GMT+0100 (CET);1574509485000;1.53;337.91;14.46
1438719252742555;24;35.3;Sat Nov 23 2019 12:46:42 GMT+0100 (CET);Sat Nov 23 2019 11:46:42 GMT+0100 (CET);1574509602000;1.39;307.69;14.39
1438719252742555;24;35.3;Sat Nov 23 2019 12:48:35 GMT+0100 (CET);Sat Nov 23 2019 11:48:35 GMT+0100 (CET);1574509715000;1.47;324.28;14.33
1438719252742555;24;35.3;Sat Nov 23 2019 12:50:40 GMT+0100 (CET);Sat Nov 23 2019 11:50:40 GMT+0100 (CET);1574509840000;1.43;320.89;14.26
1438719252742555;24;35.3;Sat Nov 23 2019 12:52:53 GMT+0100 (CET);Sat Nov 23 2019 11:52:53 GMT+0100 (CET);1574509973000;1.4;307.46;14.25
1438719252742555;24;35.4;Sat Nov 23 2019 12:55:18 GMT+0100 (CET);Sat Nov 23 2019 11:55:18 GMT+0100 (CET);1574510118000;1.44;317.2;14.35
1438719252742555;24;35.2;Sat Nov 23 2019 12:57:20 GMT+0100 (CET);Sat Nov 23 2019 11:57:20 GMT+0100 (CET);1574510240000;1.42;311.1;14.5
1438719252742555;22.5;35.3;Sat Nov 23 2019 12:59:13 GMT+0100 (CET);Sat Nov 23 2019 11:59:13 GMT+0100 (CET);1574510353000;1.49;325.49;14.58
1438719252742555;22.5;35.3;Sat Nov 23 2019 13:01:09 GMT+0100 (CET);Sat Nov 23 2019 12:01:09 GMT+0100 (CET);1574510469000;1.49;324.41;14.59
1438719252742555;22.5;35.2;Sat Nov 23 2019 13:03:11 GMT+0100 (CET);Sat Nov 23 2019 12:03:11 GMT+0100 (CET);1574510591000;1.36;297.54;14.55
1438719252742555;22.5;35.2;Sat Nov 23 2019 13:05:05 GMT+0100 (CET);Sat Nov 23 2019 12:05:05 GMT+0100 (CET);1574510705000;1.23;270.26;14.49
1438719252742555;22.5;35.1;Sat Nov 23 2019 13:07:04 GMT+0100 (CET);Sat Nov 23 2019 12:07:04 GMT+0100 (CET);1574510824000;1.17;257.09;14.41
1438719252742555;22.5;35.1;Sat Nov 23 2019 13:09:00 GMT+0100 (CET);Sat Nov 23 2019 12:09:00 GMT+0100 (CET);1574510940000;1.13;250.22;14.24
1438719252742555;22.5;35.1;Sat Nov 23 2019 13:10:53 GMT+0100 (CET);Sat Nov 23 2019 12:10:53 GMT+0100 (CET);1574511053000;1.11;246.75;14.13
1438719252742555;22;35;Sat Nov 23 2019 13:12:51 GMT+0100 (CET);Sat Nov 23 2019 12:12:51 GMT+0100 (CET);1574511171000;1.03;229.64;14.02
1438719252742555;22;35;Sat Nov 23 2019 13:14:47 GMT+0100 (CET);Sat Nov 23 2019 12:14:47 GMT+0100 (CET);1574511287000;0.95;211.88;13.89
1438719252742555;22;35;Sat Nov 23 2019 13:16:42 GMT+0100 (CET);Sat Nov 23 2019 12:16:42 GMT+0100 (CET);1574511402000;0.95;211.45;13.78
1438719252742555;22;35;Sat Nov 23 2019 13:18:36 GMT+0100 (CET);Sat Nov 23 2019 12:18:36 GMT+0100 (CET);1574511516000;0.95;213.73;13.71
1438719252742555;22;35;Sat Nov 23 2019 13:20:42 GMT+0100 (CET);Sat Nov 23 2019 12:20:42 GMT+0100 (CET);1574511642000;0.87;198.27;13.67
1438719252742555;22;35;Sat Nov 23 2019 13:21:59 GMT+0100 (CET);Sat Nov 23 2019 12:21:59 GMT+0100 (CET);1574511719000;0.83;189.74;13.66
1438719252742555;22;35;Sat Nov 23 2019 13:23:54 GMT+0100 (CET);Sat Nov 23 2019 12:23:54 GMT+0100 (CET);1574511834000;0.82;186.73;13.54
1438719252742555;20.5;35;Sat Nov 23 2019 13:26:39 GMT+0100 (CET);Sat Nov 23 2019 12:26:39 GMT+0100 (CET);1574511999000;0.84;192.14;13.38
1438719252742555;20.5;35.1;Sat Nov 23 2019 13:28:35 GMT+0100 (CET);Sat Nov 23 2019 12:28:35 GMT+0100 (CET);1574512115000;0.86;194.44;13.28
1438719252742555;20.5;35.3;Sat Nov 23 2019 13:30:51 GMT+0100 (CET);Sat Nov 23 2019 12:30:51 GMT+0100 (CET);1574512251000;0.9;201.92;13.23
1438719252742555;20.5;35.2;Sat Nov 23 2019 13:32:47 GMT+0100 (CET);Sat Nov 23 2019 12:32:47 GMT+0100 (CET);1574512367000;0.87;197.27;13.24
1438719252742555;20.5;35.2;Sat Nov 23 2019 13:34:51 GMT+0100 (CET);Sat Nov 23 2019 12:34:51 GMT+0100 (CET);1574512491000;0.85;192.1;13.24
1438719252742555;20;35.2;Sat Nov 23 2019 13:37:08 GMT+0100 (CET);Sat Nov 23 2019 12:37:08 GMT+0100 (CET);1574512628000;0.84;189.3;13.19
1438719252742555;20;35.2;Sat Nov 23 2019 13:39:01 GMT+0100 (CET);Sat Nov 23 2019 12:39:01 GMT+0100 (CET);1574512741000;0.83;186.36;13.17
1438719252742555;20;35.1;Sat Nov 23 2019 13:40:56 GMT+0100 (CET);Sat Nov 23 2019 12:40:56 GMT+0100 (CET);1574512856000;0.81;182.33;13.18
1438719252742555;20;35;Sat Nov 23 2019 13:43:23 GMT+0100 (CET);Sat Nov 23 2019 12:43:23 GMT+0100 (CET);1574513003000;0.77;173.15;13.16
1438719252742555;20;35;Sat Nov 23 2019 13:45:16 GMT+0100 (CET);Sat Nov 23 2019 12:45:16 GMT+0100 (CET);1574513116000;0.76;170.91;13.11
1438719252742555;20;34.9;Sat Nov 23 2019 13:47:08 GMT+0100 (CET);Sat Nov 23 2019 12:47:08 GMT+0100 (CET);1574513228000;0.71;158.43;13.04
1438719252742555;20;34.6;Sat Nov 23 2019 13:49:03 GMT+0100 (CET);Sat Nov 23 2019 12:49:03 GMT+0100 (CET);1574513343000;0.67;151.9;13
1438719252742555;20;34.9;Sat Nov 23 2019 13:51:33 GMT+0100 (CET);Sat Nov 23 2019 12:51:33 GMT+0100 (CET);1574513493000;0.66;149.84;12.92
1438719252742555;20;34.9;Sat Nov 23 2019 13:53:28 GMT+0100 (CET);Sat Nov 23 2019 12:53:28 GMT+0100 (CET);1574513608000;0.65;146.03;12.87
1438719252742555;20;34.8;Sat Nov 23 2019 13:55:20 GMT+0100 (CET);Sat Nov 23 2019 12:55:20 GMT+0100 (CET);1574513720000;0.63;143.01;12.85
1438719252742555;20;34.8;Sat Nov 23 2019 13:57:45 GMT+0100 (CET);Sat Nov 23 2019 12:57:45 GMT+0100 (CET);1574513865000;0.62;140.97;12.78
1438719252742555;20;34.8;Sat Nov 23 2019 13:59:38 GMT+0100 (CET);Sat Nov 23 2019 12:59:38 GMT+0100 (CET);1574513978000;0.63;140.55;12.78
1438719252742555;17.4;34.8;Sat Nov 23 2019 14:01:40 GMT+0100 (CET);Sat Nov 23 2019 13:01:40 GMT+0100 (CET);1574514100000;0.62;138.19;12.79
1438719252742555;17.4;34.8;Sat Nov 23 2019 14:03:34 GMT+0100 (CET);Sat Nov 23 2019 13:03:34 GMT+0100 (CET);1574514214000;0.61;136.18;12.77
1438719252742555;17.4;34.8;Sat Nov 23 2019 14:06:21 GMT+0100 (CET);Sat Nov 23 2019 13:06:21 GMT+0100 (CET);1574514381000;0.59;132.31;12.75
1438719252742555;17.4;34.8;Sat Nov 23 2019 14:08:26 GMT+0100 (CET);Sat Nov 23 2019 13:08:26 GMT+0100 (CET);1574514506000;0.58;128.85;12.71
1438719252742555;17.4;34.7;Sat Nov 23 2019 14:10:20 GMT+0100 (CET);Sat Nov 23 2019 13:10:20 GMT+0100 (CET);1574514620000;0.57;126.91;12.67
1438719252742555;17.4;34.6;Sat Nov 23 2019 14:12:22 GMT+0100 (CET);Sat Nov 23 2019 13:12:22 GMT+0100 (CET);1574514742000;0.55;123.96;12.61
1438719252742555;17.4;34.4;Sat Nov 23 2019 14:14:27 GMT+0100 (CET);Sat Nov 23 2019 13:14:27 GMT+0100 (CET);1574514867000;0.53;118.85;12.55
1438719252742555;17.4;34.3;Sat Nov 23 2019 14:16:21 GMT+0100 (CET);Sat Nov 23 2019 13:16:21 GMT+0100 (CET);1574514981000;0.52;116.34;12.5
1438719252742555;17.4;34.3;Sat Nov 23 2019 14:18:21 GMT+0100 (CET);Sat Nov 23 2019 13:18:21 GMT+0100 (CET);1574515101000;0.5;111.92;12.45
1438719252742555;17.4;34.2;Sat Nov 23 2019 14:20:24 GMT+0100 (CET);Sat Nov 23 2019 13:20:24 GMT+0100 (CET);1574515224000;0.49;109.07;12.42
1438719252742555;17.4;34.2;Sat Nov 23 2019 14:22:35 GMT+0100 (CET);Sat Nov 23 2019 13:22:35 GMT+0100 (CET);1574515355000;0.48;106.71;12.36
1438719252742555;17.4;34.1;Sat Nov 23 2019 14:24:28 GMT+0100 (CET);Sat Nov 23 2019 13:24:28 GMT+0100 (CET);1574515468000;0.47;104.77;12.31
1438719252742555;17.4;34.1;Sat Nov 23 2019 14:26:31 GMT+0100 (CET);Sat Nov 23 2019 13:26:31 GMT+0100 (CET);1574515591000;0.45;102.26;12.28
1438719252742555;17.4;34.1;Sat Nov 23 2019 14:28:25 GMT+0100 (CET);Sat Nov 23 2019 13:28:25 GMT+0100 (CET);1574515705000;0.45;100.04;12.22
1438719252742555;16.4;34;Sat Nov 23 2019 14:30:29 GMT+0100 (CET);Sat Nov 23 2019 13:30:29 GMT+0100 (CET);1574515829000;0.44;97.77;12.18
1438719252742555;16.4;34;Sat Nov 23 2019 14:32:24 GMT+0100 (CET);Sat Nov 23 2019 13:32:24 GMT+0100 (CET);1574515944000;0.43;95.28;12.14
1438719252742555;16.4;34;Sat Nov 23 2019 14:34:25 GMT+0100 (CET);Sat Nov 23 2019 13:34:25 GMT+0100 (CET);1574516065000;0.42;93.36;12.1
1438719252742555;16.4;33.9;Sat Nov 23 2019 14:36:34 GMT+0100 (CET);Sat Nov 23 2019 13:36:34 GMT+0100 (CET);1574516194000;0.42;91.69;12.08
1438719252742555;16.4;33.9;Sat Nov 23 2019 14:38:24 GMT+0100 (CET);Sat Nov 23 2019 13:38:24 GMT+0100 (CET);1574516304000;0.4;89.54;12.04
1438719252742555;16.4;33.9;Sat Nov 23 2019 14:40:20 GMT+0100 (CET);Sat Nov 23 2019 13:40:20 GMT+0100 (CET);1574516420000;0.39;87.08;12
1438719252742555;16.4;33.8;Sat Nov 23 2019 14:42:15 GMT+0100 (CET);Sat Nov 23 2019 13:42:15 GMT+0100 (CET);1574516535000;0.39;84.74;11.98
1438719252742555;16.4;33.8;Sat Nov 23 2019 14:44:08 GMT+0100 (CET);Sat Nov 23 2019 13:44:08 GMT+0100 (CET);1574516648000;0.37;82.62;11.95
1438719252742555;16.4;33.8;Sat Nov 23 2019 14:46:04 GMT+0100 (CET);Sat Nov 23 2019 13:46:04 GMT+0100 (CET);1574516764000;0.36;81.05;11.92
1438719252742555;16.4;33.7;Sat Nov 23 2019 14:48:08 GMT+0100 (CET);Sat Nov 23 2019 13:48:08 GMT+0100 (CET);1574516888000;0.36;79.19;11.89
1438719252742555;15.9;33.7;Sat Nov 23 2019 14:50:03 GMT+0100 (CET);Sat Nov 23 2019 13:50:03 GMT+0100 (CET);1574517003000;0.35;77.33;11.86
1438719252742555;15.9;33.7;Sat Nov 23 2019 14:51:57 GMT+0100 (CET);Sat Nov 23 2019 13:51:57 GMT+0100 (CET);1574517117000;0.34;75.76;11.85
1438719252742555;15.9;33.6;Sat Nov 23 2019 14:54:30 GMT+0100 (CET);Sat Nov 23 2019 13:54:30 GMT+0100 (CET);1574517270000;0.33;72.4;11.8
1438719252742555;15.9;33.6;Sat Nov 23 2019 14:56:23 GMT+0100 (CET);Sat Nov 23 2019 13:56:23 GMT+0100 (CET);1574517383000;0.32;70.81;11.77
1438719252742555;15.9;33.5;Sat Nov 23 2019 14:58:16 GMT+0100 (CET);Sat Nov 23 2019 13:58:16 GMT+0100 (CET);1574517496000;0.31;68.83;11.73
1438719252742555;15.9;33.5;Sat Nov 23 2019 15:00:12 GMT+0100 (CET);Sat Nov 23 2019 14:00:12 GMT+0100 (CET);1574517612000;0.31;67.11;11.69
1438719252742555;15.9;33.4;Sat Nov 23 2019 15:02:28 GMT+0100 (CET);Sat Nov 23 2019 14:02:28 GMT+0100 (CET);1574517748000;0.3;65.56;11.66
1438719252742555;15.9;33.4;Sat Nov 23 2019 15:04:21 GMT+0100 (CET);Sat Nov 23 2019 14:04:21 GMT+0100 (CET);1574517861000;0.29;63.97;11.65
1438719252742555;15.9;33.3;Sat Nov 23 2019 15:06:16 GMT+0100 (CET);Sat Nov 23 2019 14:06:16 GMT+0100 (CET);1574517976000;0.28;61.43;11.6
1438719252742555;15.9;33.3;Sat Nov 23 2019 15:08:09 GMT+0100 (CET);Sat Nov 23 2019 14:08:09 GMT+0100 (CET);1574518089000;0.27;59.91;11.57
1438719252742555;15.9;33.2;Sat Nov 23 2019 15:10:52 GMT+0100 (CET);Sat Nov 23 2019 14:10:52 GMT+0100 (CET);1574518252000;0.26;57.41;11.51
1438719252742555;15.9;33.2;Sat Nov 23 2019 15:12:45 GMT+0100 (CET);Sat Nov 23 2019 14:12:45 GMT+0100 (CET);1574518365000;0.25;55.29;11.46
1438719252742555;15.9;33.1;Sat Nov 23 2019 15:14:38 GMT+0100 (CET);Sat Nov 23 2019 14:14:38 GMT+0100 (CET);1574518478000;0.24;52.93;11.42
1438719252742555;15.9;32.9;Sat Nov 23 2019 15:16:32 GMT+0100 (CET);Sat Nov 23 2019 14:16:32 GMT+0100 (CET);1574518592000;0.23;50.56;11.39
1438719252742555;14.4;32.9;Sat Nov 23 2019 15:18:32 GMT+0100 (CET);Sat Nov 23 2019 14:18:32 GMT+0100 (CET);1574518712000;0.22;47.79;11.33
1438719252742555;14.4;32.7;Sat Nov 23 2019 15:20:25 GMT+0100 (CET);Sat Nov 23 2019 14:20:25 GMT+0100 (CET);1574518825000;0.2;46.13;11.31
1438719252742555;14.4;32.6;Sat Nov 23 2019 15:22:17 GMT+0100 (CET);Sat Nov 23 2019 14:22:17 GMT+0100 (CET);1574518937000;0.19;43.3;11.28
1438719252742555;14.4;32.5;Sat Nov 23 2019 15:24:22 GMT+0100 (CET);Sat Nov 23 2019 14:24:22 GMT+0100 (CET);1574519062000;0.18;40.16;11.19
1438719252742555;14.4;32.4;Sat Nov 23 2019 15:26:22 GMT+0100 (CET);Sat Nov 23 2019 14:26:22 GMT+0100 (CET);1574519182000;0.17;38.03;11.13
1438719252742555;14.4;32.2;Sat Nov 23 2019 15:28:16 GMT+0100 (CET);Sat Nov 23 2019 14:28:16 GMT+0100 (CET);1574519296000;0.16;35.77;11.07
1438719252742555;14.4;32;Sat Nov 23 2019 15:30:09 GMT+0100 (CET);Sat Nov 23 2019 14:30:09 GMT+0100 (CET);1574519409000;0.15;33.56;10.97
1438719252742555;13.9;31.9;Sat Nov 23 2019 15:32:01 GMT+0100 (CET);Sat Nov 23 2019 14:32:01 GMT+0100 (CET);1574519521000;0.15;32.22;10.91
1438719252742555;13.9;31.9;Sat Nov 23 2019 15:34:01 GMT+0100 (CET);Sat Nov 23 2019 14:34:01 GMT+0100 (CET);1574519641000;0.14;30.9;10.82
1438719252742555;13.9;31.7;Sat Nov 23 2019 15:36:20 GMT+0100 (CET);Sat Nov 23 2019 14:36:20 GMT+0100 (CET);1574519780000;0.13;28.61;10.73
1438719252742555;13.9;31.5;Sat Nov 23 2019 15:38:20 GMT+0100 (CET);Sat Nov 23 2019 14:38:20 GMT+0100 (CET);1574519900000;0.13;27.47;10.67
1438719252742555;13.9;31.5;Sat Nov 23 2019 15:40:16 GMT+0100 (CET);Sat Nov 23 2019 14:40:16 GMT+0100 (CET);1574520016000;0.12;26.33;10.6
1438719252742555;13.9;31.4;Sat Nov 23 2019 15:42:14 GMT+0100 (CET);Sat Nov 23 2019 14:42:14 GMT+0100 (CET);1574520134000;0.11;25.03;10.54
1438719252742555;13.9;31.2;Sat Nov 23 2019 15:44:07 GMT+0100 (CET);Sat Nov 23 2019 14:44:07 GMT+0100 (CET);1574520247000;0.11;23.8;10.49
1438719252742555;13.9;31.1;Sat Nov 23 2019 15:46:02 GMT+0100 (CET);Sat Nov 23 2019 14:46:02 GMT+0100 (CET);1574520362000;0.1;22.45;10.44
1438719252742555;13.9;30.7;Sat Nov 23 2019 15:47:58 GMT+0100 (CET);Sat Nov 23 2019 14:47:58 GMT+0100 (CET);1574520478000;0.1;20.83;10.37
1438719252742555;12.4;30.6;Sat Nov 23 2019 15:50:22 GMT+0100 (CET);Sat Nov 23 2019 14:50:22 GMT+0100 (CET);1574520622000;0.09;19.75;10.33
1438719252742555;12.4;30.2;Sat Nov 23 2019 15:52:30 GMT+0100 (CET);Sat Nov 23 2019 14:52:30 GMT+0100 (CET);1574520750000;0.08;18.25;10.26
1438719252742555;12.4;30.1;Sat Nov 23 2019 15:54:24 GMT+0100 (CET);Sat Nov 23 2019 14:54:24 GMT+0100 (CET);1574520864000;0.07;16.51;10.2
1438719252742555;12.4;30;Sat Nov 23 2019 15:56:27 GMT+0100 (CET);Sat Nov 23 2019 14:56:27 GMT+0100 (CET);1574520987000;0.07;14.67;10.14
1438719252742555;12.4;29.6;Sat Nov 23 2019 15:58:20 GMT+0100 (CET);Sat Nov 23 2019 14:58:20 GMT+0100 (CET);1574521100000;0.06;13.28;10.07
1438719252742555;11.9;29.1;Sat Nov 23 2019 16:00:12 GMT+0100 (CET);Sat Nov 23 2019 15:00:12 GMT+0100 (CET);1574521212000;0.06;11.75;9.99
1438719252742555;11.9;28.8;Sat Nov 23 2019 16:02:05 GMT+0100 (CET);Sat Nov 23 2019 15:02:05 GMT+0100 (CET);1574521325000;0;10.44;9.88
1438719252742555;11.9;28.1;Sat Nov 23 2019 16:03:52 GMT+0100 (CET);Sat Nov 23 2019 15:03:52 GMT+0100 (CET);1574521432000;0;8.93;9.78
1438719252742555;10.4;27.8;Sat Nov 23 2019 16:06:17 GMT+0100 (CET);Sat Nov 23 2019 15:06:17 GMT+0100 (CET);1574521577000;0;7.47;9.67
1438719252742555;10.4;27.1;Sat Nov 23 2019 16:08:25 GMT+0100 (CET);Sat Nov 23 2019 15:08:25 GMT+0100 (CET);1574521705000;0;6.45;9.54
1438719252742555;10.4;33.2;Sat Nov 23 2019 16:10:29 GMT+0100 (CET);Sat Nov 23 2019 15:10:29 GMT+0100 (CET);1574521829000;0;5.03;9.42
1438719252742555;10.4;32.3;Sat Nov 23 2019 16:12:25 GMT+0100 (CET);Sat Nov 23 2019 15:12:25 GMT+0100 (CET);1574521945000;0;4.32;9.35
1438719252742555;11.9;28.4;Sat Nov 23 2019 16:14:19 GMT+0100 (CET);Sat Nov 23 2019 15:14:19 GMT+0100 (CET);1574522059000;0;3.36;9.25
1438719252742555;11.9;30.3;Sat Nov 23 2019 16:16:17 GMT+0100 (CET);Sat Nov 23 2019 15:16:17 GMT+0100 (CET);1574522177000;0;2.65;9.2
1438719252742555;11.9;29.6;Sat Nov 23 2019 16:18:11 GMT+0100 (CET);Sat Nov 23 2019 15:18:11 GMT+0100 (CET);1574522291000;0;1.84;9.12
1438719252742555;8.4;24.7;Sat Nov 23 2019 16:20:29 GMT+0100 (CET);Sat Nov 23 2019 15:20:29 GMT+0100 (CET);1574522429000;0;1.01;9.03
1438719252742555;8.4;22.4;Sat Nov 23 2019 16:22:21 GMT+0100 (CET);Sat Nov 23 2019 15:22:21 GMT+0100 (CET);1574522541000;0;0.55;8.99
1438719252742555;8.4;22.4;Sat Nov 23 2019 16:24:14 GMT+0100 (CET);Sat Nov 23 2019 15:24:14 GMT+0100 (CET);1574522654000;0;0.53;8.95
1438719252742555;3.8;27.4;Sun Nov 24 2019 07:57:22 GMT+0100 (CET);Sun Nov 24 2019 06:57:22 GMT+0100 (CET);1574578642000;0;11.2;3.87
1438719252742555;3.8;29.1;Sun Nov 24 2019 07:59:28 GMT+0100 (CET);Sun Nov 24 2019 06:59:28 GMT+0100 (CET);1574578768000;0.06;12.62;3.92
1438719252742555;3.8;29;Sun Nov 24 2019 08:01:21 GMT+0100 (CET);Sun Nov 24 2019 07:01:21 GMT+0100 (CET);1574578881000;0.06;13.12;3.91
1438719252742555;4.3;30;Sun Nov 24 2019 08:03:31 GMT+0100 (CET);Sun Nov 24 2019 07:03:31 GMT+0100 (CET);1574579011000;0.07;14.81;3.96
1438719252742555;4.3;30.4;Sun Nov 24 2019 08:05:31 GMT+0100 (CET);Sun Nov 24 2019 07:05:31 GMT+0100 (CET);1574579131000;0.07;15.56;3.96
1438719252742555;5.9;30.7;Sun Nov 24 2019 08:07:47 GMT+0100 (CET);Sun Nov 24 2019 07:07:47 GMT+0100 (CET);1574579267000;0.08;16.77;3.97
1438719252742555;5.9;31;Sun Nov 24 2019 08:09:59 GMT+0100 (CET);Sun Nov 24 2019 07:09:59 GMT+0100 (CET);1574579399000;0.08;18.47;4
1438719252742555;5.9;31.3;Sun Nov 24 2019 08:11:59 GMT+0100 (CET);Sun Nov 24 2019 07:11:59 GMT+0100 (CET);1574579519000;0.09;19.29;4
1438719252742555;5.9;31.5;Sun Nov 24 2019 08:14:02 GMT+0100 (CET);Sun Nov 24 2019 07:14:02 GMT+0100 (CET);1574579642000;0.09;20.3;4
1438719252742555;5.9;31.5;Sun Nov 24 2019 08:16:03 GMT+0100 (CET);Sun Nov 24 2019 07:16:03 GMT+0100 (CET);1574579763000;0.1;21.96;4.03
1438719252742555;5.9;31.6;Sun Nov 24 2019 08:18:46 GMT+0100 (CET);Sun Nov 24 2019 07:18:46 GMT+0100 (CET);1574579926000;0.1;23.33;4.09
1438719252742555;6.4;31.8;Sun Nov 24 2019 08:20:46 GMT+0100 (CET);Sun Nov 24 2019 07:20:46 GMT+0100 (CET);1574580046000;0.11;24.2;4.13
1438719252742555;6.4;32;Sun Nov 24 2019 08:23:11 GMT+0100 (CET);Sun Nov 24 2019 07:23:11 GMT+0100 (CET);1574580191000;0.11;25.32;4.19
1438719252742555;6.4;32.1;Sun Nov 24 2019 08:25:22 GMT+0100 (CET);Sun Nov 24 2019 07:25:22 GMT+0100 (CET);1574580322000;0.12;26.32;4.21
1438719252742555;6.4;32.3;Sun Nov 24 2019 08:27:23 GMT+0100 (CET);Sun Nov 24 2019 07:27:23 GMT+0100 (CET);1574580443000;0.12;27.61;4.29
1438719252742555;6.4;32.5;Sun Nov 24 2019 08:29:35 GMT+0100 (CET);Sun Nov 24 2019 07:29:35 GMT+0100 (CET);1574580575000;0.13;28.63;4.32
1438719252742555;6.4;32.6;Sun Nov 24 2019 08:31:31 GMT+0100 (CET);Sun Nov 24 2019 07:31:31 GMT+0100 (CET);1574580691000;0.14;29.85;4.38
1438719252742555;6.4;32.6;Sun Nov 24 2019 08:33:26 GMT+0100 (CET);Sun Nov 24 2019 07:33:26 GMT+0100 (CET);1574580806000;0.14;31.1;4.44
1438719252742555;7.9;32.9;Sun Nov 24 2019 08:35:51 GMT+0100 (CET);Sun Nov 24 2019 07:35:51 GMT+0100 (CET);1574580951000;0.15;32.3;4.51
1438719252742555;7.9;32.7;Sun Nov 24 2019 08:38:06 GMT+0100 (CET);Sun Nov 24 2019 07:38:06 GMT+0100 (CET);1574581086000;0.16;33.88;4.57
1438719252742555;7.9;33.1;Sun Nov 24 2019 08:40:05 GMT+0100 (CET);Sun Nov 24 2019 07:40:05 GMT+0100 (CET);1574581205000;0.16;34.89;4.62
1438719252742555;7.9;33;Sun Nov 24 2019 08:42:07 GMT+0100 (CET);Sun Nov 24 2019 07:42:07 GMT+0100 (CET);1574581327000;0.17;35.92;4.65
1438719252742555;7.9;32.9;Sun Nov 24 2019 08:44:08 GMT+0100 (CET);Sun Nov 24 2019 07:44:08 GMT+0100 (CET);1574581448000;0.18;37.42;4.68
1438719252742555;7.9;33;Sun Nov 24 2019 08:46:11 GMT+0100 (CET);Sun Nov 24 2019 07:46:11 GMT+0100 (CET);1574581571000;0.18;38.83;4.74
1438719252742555;7.9;33.1;Sun Nov 24 2019 08:48:06 GMT+0100 (CET);Sun Nov 24 2019 07:48:06 GMT+0100 (CET);1574581686000;0.19;40.11;4.77
1438719252742555;7.9;33.2;Sun Nov 24 2019 08:50:21 GMT+0100 (CET);Sun Nov 24 2019 07:50:21 GMT+0100 (CET);1574581821000;0.19;41.3;4.79
1438719252742555;7.9;33.3;Sun Nov 24 2019 08:52:50 GMT+0100 (CET);Sun Nov 24 2019 07:52:50 GMT+0100 (CET);1574581970000;0.2;43.29;4.88
1438719252742555;7.9;33.2;Sun Nov 24 2019 08:55:16 GMT+0100 (CET);Sun Nov 24 2019 07:55:16 GMT+0100 (CET);1574582116000;0.21;45.09;4.92
1438719252742555;8.4;33.4;Sun Nov 24 2019 08:59:47 GMT+0100 (CET);Sun Nov 24 2019 07:59:47 GMT+0100 (CET);1574582387000;0.23;48.26;5.02
1438719252742555;8.4;33.4;Sun Nov 24 2019 09:01:49 GMT+0100 (CET);Sun Nov 24 2019 08:01:49 GMT+0100 (CET);1574582509000;0.23;49.94;5.06
1438719252742555;22;35.5;Sun Nov 24 2019 10:47:12 GMT+0100 (CET);Sun Nov 24 2019 09:47:12 GMT+0100 (CET);1574588832000;1.01;222.63;11.48
1438719252742555;20;35.3;Sun Nov 24 2019 11:04:50 GMT+0100 (CET);Sun Nov 24 2019 10:04:50 GMT+0100 (CET);1574589890000;0.92;222.63;11.48
1438719252742555;20;35.3;Sun Nov 24 2019 11:12:13 GMT+0100 (CET);Sun Nov 24 2019 10:12:13 GMT+0100 (CET);1574590333000;0.82;178.43;11.04
1438719252742555;20;35.4;Sun Nov 24 2019 11:18:00 GMT+0100 (CET);Sun Nov 24 2019 10:18:00 GMT+0100 (CET);1574590680000;0.79;174.51;10.68
1438719252742555;17.4;35.5;Sun Nov 24 2019 11:24:07 GMT+0100 (CET);Sun Nov 24 2019 10:24:07 GMT+0100 (CET);1574591047000;0.79;174.07;10.57
1438719252742555;17.4;35.6;Sun Nov 24 2019 11:27:14 GMT+0100 (CET);Sun Nov 24 2019 10:27:14 GMT+0100 (CET);1574591234000;0.79;174.07;10.57
1438719252742555;17.4;35.6;Sun Nov 24 2019 11:30:06 GMT+0100 (CET);Sun Nov 24 2019 10:30:06 GMT+0100 (CET);1574591406000;0.8;176.71;10.55
1438719252742555;17.4;35.6;Sun Nov 24 2019 11:31:59 GMT+0100 (CET);Sun Nov 24 2019 10:31:59 GMT+0100 (CET);1574591519000;0.81;178.97;10.54
1438719252742555;17.4;35.6;Sun Nov 24 2019 11:33:55 GMT+0100 (CET);Sun Nov 24 2019 10:33:55 GMT+0100 (CET);1574591635000;0.88;191.19;10.51
1438719252742555;17.4;35.7;Sun Nov 24 2019 11:35:57 GMT+0100 (CET);Sun Nov 24 2019 10:35:57 GMT+0100 (CET);1574591757000;1.06;229.25;10.53
1438719252742555;17.4;36.2;Sun Nov 24 2019 11:37:49 GMT+0100 (CET);Sun Nov 24 2019 10:37:49 GMT+0100 (CET);1574591869000;1.33;285.32;10.71
1438719252742555;17.4;36.1;Sun Nov 24 2019 11:39:42 GMT+0100 (CET);Sun Nov 24 2019 10:39:42 GMT+0100 (CET);1574591982000;1.3;277.73;10.96
1438719252742555;17.4;35.8;Sun Nov 24 2019 11:41:35 GMT+0100 (CET);Sun Nov 24 2019 10:41:35 GMT+0100 (CET);1574592095000;1.15;243.7;11.21
1438719252742555;17.4;35.6;Sun Nov 24 2019 11:43:28 GMT+0100 (CET);Sun Nov 24 2019 10:43:28 GMT+0100 (CET);1574592208000;0.95;200.81;11.31
1438719252742555;17.4;35.1;Sun Nov 24 2019 11:45:21 GMT+0100 (CET);Sun Nov 24 2019 10:45:21 GMT+0100 (CET);1574592321000;0.86;185.36;11.33
1438719252742555;17.4;35.3;Sun Nov 24 2019 11:47:16 GMT+0100 (CET);Sun Nov 24 2019 10:47:16 GMT+0100 (CET);1574592436000;0.82;177.02;11.28
1438719252742555;17.4;35.3;Sun Nov 24 2019 11:49:08 GMT+0100 (CET);Sun Nov 24 2019 10:49:08 GMT+0100 (CET);1574592548000;0.8;173.75;11.21
1438719252742555;17.4;35.2;Sun Nov 24 2019 11:51:01 GMT+0100 (CET);Sun Nov 24 2019 10:51:01 GMT+0100 (CET);1574592661000;0.8;173.35;11.22
1438719252742555;17.4;35.3;Sun Nov 24 2019 11:52:54 GMT+0100 (CET);Sun Nov 24 2019 10:52:54 GMT+0100 (CET);1574592774000;0.8;174.11;11.17
1438719252742555;17.4;35.4;Sun Nov 24 2019 11:54:46 GMT+0100 (CET);Sun Nov 24 2019 10:54:46 GMT+0100 (CET);1574592886000;0.81;176.64;11.13
1438719252742555;17.4;35.4;Sun Nov 24 2019 11:56:39 GMT+0100 (CET);Sun Nov 24 2019 10:56:39 GMT+0100 (CET);1574592999000;0.88;190.2;11.1
1438719252742555;17.4;35.6;Sun Nov 24 2019 11:58:33 GMT+0100 (CET);Sun Nov 24 2019 10:58:33 GMT+0100 (CET);1574593113000;1.16;251.58;11.07
1438719252742555;17.4;35.9;Sun Nov 24 2019 12:00:26 GMT+0100 (CET);Sun Nov 24 2019 11:00:26 GMT+0100 (CET);1574593226000;1.14;236.88;11.13
1438719252742555;17.4;35.7;Sun Nov 24 2019 12:02:18 GMT+0100 (CET);Sun Nov 24 2019 11:02:18 GMT+0100 (CET);1574593338000;1.06;223.56;11.18
1438719252742555;18.4;35.4;Sun Nov 24 2019 12:04:12 GMT+0100 (CET);Sun Nov 24 2019 11:04:12 GMT+0100 (CET);1574593452000;0.97;204.34;11.25
1438719252742555;18.4;35.3;Sun Nov 24 2019 12:06:26 GMT+0100 (CET);Sun Nov 24 2019 11:06:26 GMT+0100 (CET);1574593586000;0.88;187.97;11.22
1438719252742555;17.4;35.4;Sun Nov 24 2019 12:08:19 GMT+0100 (CET);Sun Nov 24 2019 11:08:19 GMT+0100 (CET);1574593699000;0.85;182.12;11.2
1438719252742555;17.4;35.3;Sun Nov 24 2019 12:10:12 GMT+0100 (CET);Sun Nov 24 2019 11:10:12 GMT+0100 (CET);1574593812000;0.83;177.88;11.2
1438719252742555;17.4;35.2;Sun Nov 24 2019 12:12:05 GMT+0100 (CET);Sun Nov 24 2019 11:12:05 GMT+0100 (CET);1574593925000;0.81;173.42;11.19
1438719252742555;17.4;35.2;Sun Nov 24 2019 12:13:57 GMT+0100 (CET);Sun Nov 24 2019 11:13:57 GMT+0100 (CET);1574594037000;0.8;171.64;11.21
1438719252742555;17.4;35.2;Sun Nov 24 2019 12:15:51 GMT+0100 (CET);Sun Nov 24 2019 11:15:51 GMT+0100 (CET);1574594151000;0.79;169.79;11.21
1438719252742555;17.4;35.2;Sun Nov 24 2019 12:17:43 GMT+0100 (CET);Sun Nov 24 2019 11:17:43 GMT+0100 (CET);1574594263000;0.78;167.36;11.2
1438719252742555;17.4;35.2;Sun Nov 24 2019 12:19:37 GMT+0100 (CET);Sun Nov 24 2019 11:19:37 GMT+0100 (CET);1574594377000;0.78;165.18;11.17
1438719252742555;17.4;35.2;Sun Nov 24 2019 12:21:30 GMT+0100 (CET);Sun Nov 24 2019 11:21:30 GMT+0100 (CET);1574594490000;0.76;162.91;11.14
1438719252742555;17.4;35.2;Sun Nov 24 2019 12:23:23 GMT+0100 (CET);Sun Nov 24 2019 11:23:23 GMT+0100 (CET);1574594603000;0.75;160.66;11.14
1438719252742555;17.4;35.2;Sun Nov 24 2019 12:25:16 GMT+0100 (CET);Sun Nov 24 2019 11:25:16 GMT+0100 (CET);1574594716000;0.73;157.21;11.17
1438719252742555;17.4;35.1;Sun Nov 24 2019 12:27:09 GMT+0100 (CET);Sun Nov 24 2019 11:27:09 GMT+0100 (CET);1574594829000;0.72;152.98;11.19
1438719252742555;17.4;35.1;Sun Nov 24 2019 12:29:02 GMT+0100 (CET);Sun Nov 24 2019 11:29:02 GMT+0100 (CET);1574594942000;0.69;149.25;11.17
1438719252742555;17.4;35.1;Sun Nov 24 2019 12:30:54 GMT+0100 (CET);Sun Nov 24 2019 11:30:54 GMT+0100 (CET);1574595054000;0.68;144.67;11.14
1438719252742555;17.4;35;Sun Nov 24 2019 12:32:47 GMT+0100 (CET);Sun Nov 24 2019 11:32:47 GMT+0100 (CET);1574595167000;0.65;139.9;11.13
1438719252742555;17.4;34.9;Sun Nov 24 2019 12:34:41 GMT+0100 (CET);Sun Nov 24 2019 11:34:41 GMT+0100 (CET);1574595281000;0.63;135.82;11.13
1438719252742555;18.4;34.9;Sun Nov 24 2019 12:36:34 GMT+0100 (CET);Sun Nov 24 2019 11:36:34 GMT+0100 (CET);1574595394000;0.61;131.45;11.14
1438719252742555;18.4;34.9;Sun Nov 24 2019 12:38:27 GMT+0100 (CET);Sun Nov 24 2019 11:38:27 GMT+0100 (CET);1574595507000;0.6;127.99;11.11
1438719252742555;18.4;34.8;Sun Nov 24 2019 12:40:20 GMT+0100 (CET);Sun Nov 24 2019 11:40:20 GMT+0100 (CET);1574595620000;0.58;125.45;11.04
1438719252742555;17.4;34.8;Sun Nov 24 2019 12:42:12 GMT+0100 (CET);Sun Nov 24 2019 11:42:12 GMT+0100 (CET);1574595732000;0.58;122.91;10.97
1438719252742555;17.4;34.8;Sun Nov 24 2019 12:44:05 GMT+0100 (CET);Sun Nov 24 2019 11:44:05 GMT+0100 (CET);1574595845000;0.56;120.99;10.92
1438719252742555;17.4;34.7;Sun Nov 24 2019 12:45:58 GMT+0100 (CET);Sun Nov 24 2019 11:45:58 GMT+0100 (CET);1574595958000;0.56;119.72;10.87
1438719252742555;17.4;34.8;Sun Nov 24 2019 12:47:51 GMT+0100 (CET);Sun Nov 24 2019 11:47:51 GMT+0100 (CET);1574596071000;0.56;118.61;10.82
1438719252742555;17.4;34.7;Sun Nov 24 2019 12:49:44 GMT+0100 (CET);Sun Nov 24 2019 11:49:44 GMT+0100 (CET);1574596184000;0.55;117.91;10.75
1438719252742555;16.4;34.6;Sun Nov 24 2019 12:51:42 GMT+0100 (CET);Sun Nov 24 2019 11:51:42 GMT+0100 (CET);1574596302000;0.55;116.88;10.7
1438719252742555;16.4;34.7;Sun Nov 24 2019 12:53:35 GMT+0100 (CET);Sun Nov 24 2019 11:53:35 GMT+0100 (CET);1574596415000;0.55;116.45;10.67
1438719252742555;16.4;34.6;Sun Nov 24 2019 12:55:28 GMT+0100 (CET);Sun Nov 24 2019 11:55:28 GMT+0100 (CET);1574596528000;0.55;115.83;10.63
1438719252742555;16.4;34.6;Sun Nov 24 2019 12:57:22 GMT+0100 (CET);Sun Nov 24 2019 11:57:22 GMT+0100 (CET);1574596642000;0.54;115.44;10.57
1438719252742555;16.4;34.7;Sun Nov 24 2019 12:59:15 GMT+0100 (CET);Sun Nov 24 2019 11:59:15 GMT+0100 (CET);1574596755000;0.55;117.49;10.51
1438719252742555;16.4;34.8;Sun Nov 24 2019 13:01:07 GMT+0100 (CET);Sun Nov 24 2019 12:01:07 GMT+0100 (CET);1574596867000;0.57;122.44;10.46
1438719252742555;16.4;35;Sun Nov 24 2019 13:03:03 GMT+0100 (CET);Sun Nov 24 2019 12:03:03 GMT+0100 (CET);1574596983000;0.6;127.26;10.44
1438719252742555;16.4;35;Sun Nov 24 2019 13:04:55 GMT+0100 (CET);Sun Nov 24 2019 12:04:55 GMT+0100 (CET);1574597095000;0.6;125.58;10.46
1438719252742555;16.4;34.9;Sun Nov 24 2019 13:06:48 GMT+0100 (CET);Sun Nov 24 2019 12:06:48 GMT+0100 (CET);1574597208000;0.55;116.05;10.46
1438719252742555;16.4;34.7;Sun Nov 24 2019 13:08:44 GMT+0100 (CET);Sun Nov 24 2019 12:08:44 GMT+0100 (CET);1574597324000;0.52;109.6;10.43
1438719252742555;16.4;34.5;Sun Nov 24 2019 13:10:37 GMT+0100 (CET);Sun Nov 24 2019 12:10:37 GMT+0100 (CET);1574597437000;0.5;105.12;10.43
1438719252742555;16.4;34.4;Sun Nov 24 2019 13:12:29 GMT+0100 (CET);Sun Nov 24 2019 12:12:29 GMT+0100 (CET);1574597549000;0.48;102.03;10.44
1438719252742555;16.4;34.3;Sun Nov 24 2019 13:14:22 GMT+0100 (CET);Sun Nov 24 2019 12:14:22 GMT+0100 (CET);1574597662000;0.47;98.77;10.44
1438719252742555;16.4;34.3;Sun Nov 24 2019 13:16:18 GMT+0100 (CET);Sun Nov 24 2019 12:16:18 GMT+0100 (CET);1574597778000;0.46;96;10.43
1438719252742555;16.4;34.3;Sun Nov 24 2019 13:18:12 GMT+0100 (CET);Sun Nov 24 2019 12:18:12 GMT+0100 (CET);1574597892000;0.45;93.96;10.39
1438719252742555;15.9;34.1;Sun Nov 24 2019 13:20:08 GMT+0100 (CET);Sun Nov 24 2019 12:20:08 GMT+0100 (CET);1574598008000;0.43;92.32;10.4
1438719252742555;15.9;34.1;Sun Nov 24 2019 13:22:00 GMT+0100 (CET);Sun Nov 24 2019 12:22:00 GMT+0100 (CET);1574598120000;0.43;91.45;10.38
1438719252742555;15.9;34.1;Sun Nov 24 2019 13:23:56 GMT+0100 (CET);Sun Nov 24 2019 12:23:56 GMT+0100 (CET);1574598236000;0.43;90.29;10.33
1438719252742555;15.9;34;Sun Nov 24 2019 13:25:48 GMT+0100 (CET);Sun Nov 24 2019 12:25:48 GMT+0100 (CET);1574598348000;0.42;89.59;10.34
1438719252742555;15.9;33.9;Sun Nov 24 2019 13:27:43 GMT+0100 (CET);Sun Nov 24 2019 12:27:43 GMT+0100 (CET);1574598463000;0.42;89.45;10.35
1438719252742555;15.9;34;Sun Nov 24 2019 13:29:36 GMT+0100 (CET);Sun Nov 24 2019 12:29:36 GMT+0100 (CET);1574598576000;0.42;89.44;10.37
1438719252742555;15.9;34;Sun Nov 24 2019 13:31:28 GMT+0100 (CET);Sun Nov 24 2019 12:31:28 GMT+0100 (CET);1574598688000;0.42;90.48;10.37
1438719252742555;15.9;34.1;Sun Nov 24 2019 13:33:21 GMT+0100 (CET);Sun Nov 24 2019 12:33:21 GMT+0100 (CET);1574598801000;0.43;92.27;10.35
1438719252742555;15.9;34.2;Sun Nov 24 2019 13:35:14 GMT+0100 (CET);Sun Nov 24 2019 12:35:14 GMT+0100 (CET);1574598914000;0.45;95.86;10.37
1438719252742555;15.9;34.1;Sun Nov 24 2019 13:37:08 GMT+0100 (CET);Sun Nov 24 2019 12:37:08 GMT+0100 (CET);1574599028000;0.49;103.8;10.38
1438719252742555;15.9;34.1;Sun Nov 24 2019 13:39:20 GMT+0100 (CET);Sun Nov 24 2019 12:39:20 GMT+0100 (CET);1574599160000;0.66;138.34;10.46
1438719252742555;15.9;35.2;Sun Nov 24 2019 13:41:13 GMT+0100 (CET);Sun Nov 24 2019 12:41:13 GMT+0100 (CET);1574599273000;0.71;150.03;10.59
1438719252742555;15.9;35.1;Sun Nov 24 2019 13:43:06 GMT+0100 (CET);Sun Nov 24 2019 12:43:06 GMT+0100 (CET);1574599386000;0.7;148.15;10.71
1438719252742555;15.9;35.1;Sun Nov 24 2019 13:44:59 GMT+0100 (CET);Sun Nov 24 2019 12:44:59 GMT+0100 (CET);1574599499000;0.76;159.8;10.82
1438719252742555;15.9;35.1;Sun Nov 24 2019 13:46:53 GMT+0100 (CET);Sun Nov 24 2019 12:46:53 GMT+0100 (CET);1574599613000;0.72;152.03;10.96
1438719252742555;16.4;35;Sun Nov 24 2019 13:48:48 GMT+0100 (CET);Sun Nov 24 2019 12:48:48 GMT+0100 (CET);1574599728000;0.71;150.67;11.03
1438719252742555;16.4;35;Sun Nov 24 2019 13:50:40 GMT+0100 (CET);Sun Nov 24 2019 12:50:40 GMT+0100 (CET);1574599840000;0.72;151.6;11.08
1438719252742555;16.4;35;Sun Nov 24 2019 13:52:33 GMT+0100 (CET);Sun Nov 24 2019 12:52:33 GMT+0100 (CET);1574599953000;0.66;139.24;11.14
1438719252742555;16.4;34.9;Sun Nov 24 2019 13:54:26 GMT+0100 (CET);Sun Nov 24 2019 12:54:26 GMT+0100 (CET);1574600066000;0.62;132.92;11.17
1438719252742555;16.4;34.9;Sun Nov 24 2019 13:56:19 GMT+0100 (CET);Sun Nov 24 2019 12:56:19 GMT+0100 (CET);1574600179000;0.6;130.29;11.17
1438719252742555;16.4;34.8;Sun Nov 24 2019 13:58:12 GMT+0100 (CET);Sun Nov 24 2019 12:58:12 GMT+0100 (CET);1574600292000;0.6;129.52;11.17
1438719252742555;16.4;34.8;Sun Nov 24 2019 14:00:04 GMT+0100 (CET);Sun Nov 24 2019 13:00:04 GMT+0100 (CET);1574600404000;0.6;129.2;11.15
1438719252742555;17.4;34.8;Sun Nov 24 2019 14:01:57 GMT+0100 (CET);Sun Nov 24 2019 13:01:57 GMT+0100 (CET);1574600517000;0.6;128.74;11.14
1438719252742555;17.4;34.8;Sun Nov 24 2019 14:03:50 GMT+0100 (CET);Sun Nov 24 2019 13:03:50 GMT+0100 (CET);1574600630000;0.6;128.58;11.13
1438719252742555;17.4;34.9;Sun Nov 24 2019 14:05:47 GMT+0100 (CET);Sun Nov 24 2019 13:05:47 GMT+0100 (CET);1574600747000;0.6;130.28;11.12
1438719252742555;16.4;35;Sun Nov 24 2019 14:07:40 GMT+0100 (CET);Sun Nov 24 2019 13:07:40 GMT+0100 (CET);1574600860000;0.61;133.43;11.14
1438719252742555;16.4;35.1;Sun Nov 24 2019 14:09:33 GMT+0100 (CET);Sun Nov 24 2019 13:09:33 GMT+0100 (CET);1574600973000;0.65;142.17;11.16
1438719252742555;16.4;35.2;Sun Nov 24 2019 14:11:27 GMT+0100 (CET);Sun Nov 24 2019 13:11:27 GMT+0100 (CET);1574601087000;0.64;138.34;11.17
1438719252742555;16.4;35;Sun Nov 24 2019 14:13:20 GMT+0100 (CET);Sun Nov 24 2019 13:13:20 GMT+0100 (CET);1574601200000;0.58;128.64;11.21
1438719252742555;16.4;34.9;Sun Nov 24 2019 14:15:13 GMT+0100 (CET);Sun Nov 24 2019 13:15:13 GMT+0100 (CET);1574601313000;0.55;121.76;11.18
1438719252742555;16.4;34.8;Sun Nov 24 2019 14:17:06 GMT+0100 (CET);Sun Nov 24 2019 13:17:06 GMT+0100 (CET);1574601426000;0.53;118.38;11.16
1438719252742555;16.4;34.8;Sun Nov 24 2019 14:18:59 GMT+0100 (CET);Sun Nov 24 2019 13:18:59 GMT+0100 (CET);1574601539000;0.52;117.37;11.11
1438719252742555;16.4;34.8;Sun Nov 24 2019 14:20:52 GMT+0100 (CET);Sun Nov 24 2019 13:20:52 GMT+0100 (CET);1574601652000;0.52;118.58;11.1
1438719252742555;16.4;34.7;Sun Nov 24 2019 14:23:14 GMT+0100 (CET);Sun Nov 24 2019 13:23:14 GMT+0100 (CET);1574601794000;0.54;121.25;11.1
1438719252742555;16.4;35;Sun Nov 24 2019 14:25:07 GMT+0100 (CET);Sun Nov 24 2019 13:25:07 GMT+0100 (CET);1574601907000;0.57;131.37;11.1
1438719252742555;16.4;34.6;Sun Nov 24 2019 14:27:01 GMT+0100 (CET);Sun Nov 24 2019 13:27:01 GMT+0100 (CET);1574602021000;0.64;142.98;11.12
1438719252742555;16.4;34.8;Sun Nov 24 2019 14:28:55 GMT+0100 (CET);Sun Nov 24 2019 13:28:55 GMT+0100 (CET);1574602135000;0.66;146.27;11.18
1438719252742555;16.4;34.7;Sun Nov 24 2019 14:30:48 GMT+0100 (CET);Sun Nov 24 2019 13:30:48 GMT+0100 (CET);1574602248000;0.63;141.66;11.25
1438719252742555;16.4;34.6;Sun Nov 24 2019 14:32:47 GMT+0100 (CET);Sun Nov 24 2019 13:32:47 GMT+0100 (CET);1574602367000;0.63;142.13;11.31
1438719252742555;16.4;34.2;Sun Nov 24 2019 14:34:41 GMT+0100 (CET);Sun Nov 24 2019 13:34:41 GMT+0100 (CET);1574602481000;0.62;139.6;11.34
1438719252742555;16.4;33.3;Sun Nov 24 2019 14:36:35 GMT+0100 (CET);Sun Nov 24 2019 13:36:35 GMT+0100 (CET);1574602595000;0.58;130.18;11.36
1438719252742555;16.4;28;Sun Nov 24 2019 14:38:29 GMT+0100 (CET);Sun Nov 24 2019 13:38:29 GMT+0100 (CET);1574602709000;0.58;133.59;11.35
1438719252742555;15.9;32.8;Sun Nov 24 2019 14:40:21 GMT+0100 (CET);Sun Nov 24 2019 13:40:21 GMT+0100 (CET);1574602821000;0.63;145.41;11.35
1438719252742555;15.9;33.8;Sun Nov 24 2019 14:42:14 GMT+0100 (CET);Sun Nov 24 2019 13:42:14 GMT+0100 (CET);1574602934000;0.71;161.52;11.39
1438719252742555;15.9;32.2;Sun Nov 24 2019 14:44:07 GMT+0100 (CET);Sun Nov 24 2019 13:44:07 GMT+0100 (CET);1574603047000;0.72;166.66;11.46
1438719252742555;15.9;30.9;Sun Nov 24 2019 14:46:00 GMT+0100 (CET);Sun Nov 24 2019 13:46:00 GMT+0100 (CET);1574603160000;0.63;143.2;11.54
1438719252742555;15.9;23.9;Sun Nov 24 2019 14:48:02 GMT+0100 (CET);Sun Nov 24 2019 13:48:02 GMT+0100 (CET);1574603282000;0.64;146.64;11.58
1438719252742555;15.9;24.5;Sun Nov 24 2019 14:49:55 GMT+0100 (CET);Sun Nov 24 2019 13:49:55 GMT+0100 (CET);1574603395000;0.53;121.59;11.6
1438719252742555;15.9;26.7;Sun Nov 24 2019 14:51:48 GMT+0100 (CET);Sun Nov 24 2019 13:51:48 GMT+0100 (CET);1574603508000;0.46;104.53;11.54
1438719252742555;15.9;27.6;Sun Nov 24 2019 14:53:40 GMT+0100 (CET);Sun Nov 24 2019 13:53:40 GMT+0100 (CET);1574603620000;0.44;100.39;11.46
1438719252742555;13.9;27.9;Sun Nov 24 2019 14:55:33 GMT+0100 (CET);Sun Nov 24 2019 13:55:33 GMT+0100 (CET);1574603733000;0.43;100.88;11.38
1438719252742555;13.9;29.2;Sun Nov 24 2019 14:57:26 GMT+0100 (CET);Sun Nov 24 2019 13:57:26 GMT+0100 (CET);1574603846000;0.41;97.77;11.26
1438719252742555;13.9;31.4;Sun Nov 24 2019 14:59:19 GMT+0100 (CET);Sun Nov 24 2019 13:59:19 GMT+0100 (CET);1574603959000;0.42;101.05;11.19
1438719252742555;13.9;24;Sun Nov 24 2019 15:01:12 GMT+0100 (CET);Sun Nov 24 2019 14:01:12 GMT+0100 (CET);1574604072000;0.43;105.52;11.11
1438719252742555;13.9;24.3;Sun Nov 24 2019 15:03:05 GMT+0100 (CET);Sun Nov 24 2019 14:03:05 GMT+0100 (CET);1574604185000;0.42;106.88;11.07
1438719252742555;12.4;24.7;Sun Nov 24 2019 15:04:58 GMT+0100 (CET);Sun Nov 24 2019 14:04:58 GMT+0100 (CET);1574604298000;0.42;127.75;11.04
1438719252742555;12.4;25.6;Sun Nov 24 2019 15:06:57 GMT+0100 (CET);Sun Nov 24 2019 14:06:57 GMT+0100 (CET);1574604417000;0.46;185.33;11.12
1438719252742555;12.4;26.3;Sun Nov 24 2019 15:08:49 GMT+0100 (CET);Sun Nov 24 2019 14:08:49 GMT+0100 (CET);1574604529000;0.44;169.54;11.31
1438719252742555;12.4;25.8;Sun Nov 24 2019 15:10:42 GMT+0100 (CET);Sun Nov 24 2019 14:10:42 GMT+0100 (CET);1574604642000;0.41;135.92;11.5
1438719252742555;12.4;25.5;Sun Nov 24 2019 15:12:35 GMT+0100 (CET);Sun Nov 24 2019 14:12:35 GMT+0100 (CET);1574604755000;0.39;117.72;11.52
1438719252742555;12.4;32.9;Sun Nov 24 2019 15:14:28 GMT+0100 (CET);Sun Nov 24 2019 14:14:28 GMT+0100 (CET);1574604868000;0.38;105.09;11.46
1438719252742555;12.4;34.2;Sun Nov 24 2019 15:16:21 GMT+0100 (CET);Sun Nov 24 2019 14:16:21 GMT+0100 (CET);1574604981000;0.36;100.77;11.39
1438719252742555;15.9;35.6;Sun Nov 24 2019 15:18:15 GMT+0100 (CET);Sun Nov 24 2019 14:18:15 GMT+0100 (CET);1574605095000;0.36;101.88;11.29
1438719252742555;15.9;36.2;Sun Nov 24 2019 15:20:16 GMT+0100 (CET);Sun Nov 24 2019 14:20:16 GMT+0100 (CET);1574605216000;0.36;108.76;11.17
1438719252742555;15.9;36.4;Sun Nov 24 2019 15:22:10 GMT+0100 (CET);Sun Nov 24 2019 14:22:10 GMT+0100 (CET);1574605330000;0.35;112.34;11.04
1438719252742555;16.4;36.6;Sun Nov 24 2019 15:24:03 GMT+0100 (CET);Sun Nov 24 2019 14:24:03 GMT+0100 (CET);1574605443000;0.34;117.78;10.95
1438719252742555;16.4;36.8;Sun Nov 24 2019 15:25:58 GMT+0100 (CET);Sun Nov 24 2019 14:25:58 GMT+0100 (CET);1574605558000;0.34;115.33;10.92
1438719252742555;16.4;36.9;Sun Nov 24 2019 15:27:52 GMT+0100 (CET);Sun Nov 24 2019 14:27:52 GMT+0100 (CET);1574605672000;0.32;100.89;10.92
1438719252742555;16.4;36.5;Sun Nov 24 2019 15:29:45 GMT+0100 (CET);Sun Nov 24 2019 14:29:45 GMT+0100 (CET);1574605785000;0.3;94.39;10.89
1438719252742555;16.4;36.5;Sun Nov 24 2019 15:31:37 GMT+0100 (CET);Sun Nov 24 2019 14:31:37 GMT+0100 (CET);1574605897000;0.29;93.83;10.82
1438719252742555;16.4;36.2;Sun Nov 24 2019 15:33:31 GMT+0100 (CET);Sun Nov 24 2019 14:33:31 GMT+0100 (CET);1574606011000;0.28;89.14;10.78
1438719252742555;16.4;35.6;Sun Nov 24 2019 15:35:43 GMT+0100 (CET);Sun Nov 24 2019 14:35:43 GMT+0100 (CET);1574606143000;0.27;66.97;10.7
1438719252742555;16.4;34.3;Sun Nov 24 2019 15:37:37 GMT+0100 (CET);Sun Nov 24 2019 14:37:37 GMT+0100 (CET);1574606257000;0.25;60.41;10.53
1438719252742555;15.9;34.1;Sun Nov 24 2019 15:39:30 GMT+0100 (CET);Sun Nov 24 2019 14:39:30 GMT+0100 (CET);1574606370000;0.24;55.49;10.35
1438719252742555;15.9;33.7;Sun Nov 24 2019 15:41:23 GMT+0100 (CET);Sun Nov 24 2019 14:41:23 GMT+0100 (CET);1574606483000;0.22;51.59;10.2
1438719252742555;15.9;33.6;Sun Nov 24 2019 15:43:15 GMT+0100 (CET);Sun Nov 24 2019 14:43:15 GMT+0100 (CET);1574606595000;0.21;46.89;10.01
1438719252742555;15.9;33.4;Sun Nov 24 2019 15:45:08 GMT+0100 (CET);Sun Nov 24 2019 14:45:08 GMT+0100 (CET);1574606708000;0.19;42.35;9.82
1438719252742555;13.9;33.2;Sun Nov 24 2019 15:47:01 GMT+0100 (CET);Sun Nov 24 2019 14:47:01 GMT+0100 (CET);1574606821000;0.17;39.08;9.71
1438719252742555;13.9;33;Sun Nov 24 2019 15:48:53 GMT+0100 (CET);Sun Nov 24 2019 14:48:53 GMT+0100 (CET);1574606933000;0.15;35.48;9.53
1438719252742555;13.9;32.9;Sun Nov 24 2019 15:51:07 GMT+0100 (CET);Sun Nov 24 2019 14:51:07 GMT+0100 (CET);1574607067000;0.14;31.94;9.38
1438719252742555;13.9;32.7;Sun Nov 24 2019 15:53:01 GMT+0100 (CET);Sun Nov 24 2019 14:53:01 GMT+0100 (CET);1574607181000;0.12;28.23;9.22
1438719252742555;13.9;32.3;Sun Nov 24 2019 15:54:54 GMT+0100 (CET);Sun Nov 24 2019 14:54:54 GMT+0100 (CET);1574607294000;0.11;25.11;9.07
1438719252742555;13.9;31.8;Sun Nov 24 2019 15:56:46 GMT+0100 (CET);Sun Nov 24 2019 14:56:46 GMT+0100 (CET);1574607406000;0.1;22.88;8.94
1438719252742555;12.4;31.4;Sun Nov 24 2019 15:58:40 GMT+0100 (CET);Sun Nov 24 2019 14:58:40 GMT+0100 (CET);1574607520000;0.09;20.77;8.8
1438719252742555;12.4;31.3;Sun Nov 24 2019 16:00:34 GMT+0100 (CET);Sun Nov 24 2019 15:00:34 GMT+0100 (CET);1574607634000;0.08;18.09;8.66
1438719252742555;11.9;31.1;Sun Nov 24 2019 16:02:26 GMT+0100 (CET);Sun Nov 24 2019 15:02:26 GMT+0100 (CET);1574607746000;0.07;15.44;8.55
1438719252742555;11.9;30.7;Sun Nov 24 2019 16:04:20 GMT+0100 (CET);Sun Nov 24 2019 15:04:20 GMT+0100 (CET);1574607860000;0.06;13.42;8.42
1438719252742555;11.9;30.1;Sun Nov 24 2019 16:06:12 GMT+0100 (CET);Sun Nov 24 2019 15:06:12 GMT+0100 (CET);1574607972000;0;11.29;8.31
1438719252742555;10.4;29.4;Sun Nov 24 2019 16:08:05 GMT+0100 (CET);Sun Nov 24 2019 15:08:05 GMT+0100 (CET);1574608085000;0;9.76;8.2
1438719252742555;10.4;29.2;Sun Nov 24 2019 16:09:58 GMT+0100 (CET);Sun Nov 24 2019 15:09:58 GMT+0100 (CET);1574608198000;0;8.36;8.09
1438719252742555;9.9;28.4;Sun Nov 24 2019 16:11:51 GMT+0100 (CET);Sun Nov 24 2019 15:11:51 GMT+0100 (CET);1574608311000;0;6.86;7.99
1438719252742555;9.9;28.4;Sun Nov 24 2019 16:13:44 GMT+0100 (CET);Sun Nov 24 2019 15:13:44 GMT+0100 (CET);1574608424000;0;5.45;7.9
1438719252742555;9.9;33;Sun Nov 24 2019 16:15:37 GMT+0100 (CET);Sun Nov 24 2019 15:15:37 GMT+0100 (CET);1574608537000;0;4.35;7.79
1438719252742555;10.4;31.4;Sun Nov 24 2019 16:17:31 GMT+0100 (CET);Sun Nov 24 2019 15:17:31 GMT+0100 (CET);1574608651000;0;2.93;7.67
1438719252742555;10.4;26.5;Sun Nov 24 2019 16:19:24 GMT+0100 (CET);Sun Nov 24 2019 15:19:24 GMT+0100 (CET);1574608764000;0;2.1;7.57
1438719252742555;8.4;28;Sun Nov 24 2019 16:21:16 GMT+0100 (CET);Sun Nov 24 2019 15:21:16 GMT+0100 (CET);1574608876000;0;1.54;7.49
1438719252742555;8.4;26;Sun Nov 24 2019 16:23:09 GMT+0100 (CET);Sun Nov 24 2019 15:23:09 GMT+0100 (CET);1574608989000;0;0.99;7.42
1438719252742555;8.4;22.9;Sun Nov 24 2019 16:25:01 GMT+0100 (CET);Sun Nov 24 2019 15:25:01 GMT+0100 (CET);1574609101000;0;0.23;7.33
1438719252742555;8.4;22.9;Sun Nov 24 2019 16:26:54 GMT+0100 (CET);Sun Nov 24 2019 15:26:54 GMT+0100 (CET);1574609214000;0;0.1;7.27
1438719252742555;3.8;28.6;Mon Nov 25 2019 08:05:18 GMT+0100 (CET);Mon Nov 25 2019 07:05:18 GMT+0100 (CET);1574665518000;0;12.11;2.18
1438719252742555;3.8;29;Mon Nov 25 2019 08:07:12 GMT+0100 (CET);Mon Nov 25 2019 07:07:12 GMT+0100 (CET);1574665632000;0.06;13.04;2.19
1438719252742555;3.8;29.2;Mon Nov 25 2019 08:09:04 GMT+0100 (CET);Mon Nov 25 2019 07:09:04 GMT+0100 (CET);1574665744000;0.06;13.81;2.17
1438719252742555;3.8;29.6;Mon Nov 25 2019 08:10:57 GMT+0100 (CET);Mon Nov 25 2019 07:10:57 GMT+0100 (CET);1574665857000;0;14.21;2.21
1438719252742555;3.8;30.1;Mon Nov 25 2019 08:12:50 GMT+0100 (CET);Mon Nov 25 2019 07:12:50 GMT+0100 (CET);1574665970000;0.07;14.84;2.26
1438719252742555;3.8;30.2;Mon Nov 25 2019 08:14:43 GMT+0100 (CET);Mon Nov 25 2019 07:14:43 GMT+0100 (CET);1574666083000;0.06;14.55;2.28
1438719252742555;3.8;30.3;Mon Nov 25 2019 08:16:36 GMT+0100 (CET);Mon Nov 25 2019 07:16:36 GMT+0100 (CET);1574666196000;0.07;16.43;2.32
1438719252742555;3.8;30.8;Mon Nov 25 2019 08:18:30 GMT+0100 (CET);Mon Nov 25 2019 07:18:30 GMT+0100 (CET);1574666310000;0.07;17.31;2.35
1438719252742555;5.9;30.8;Mon Nov 25 2019 08:20:26 GMT+0100 (CET);Mon Nov 25 2019 07:20:26 GMT+0100 (CET);1574666426000;0.07;17.08;2.41
1438719252742555;5.9;31.1;Mon Nov 25 2019 08:22:31 GMT+0100 (CET);Mon Nov 25 2019 07:22:31 GMT+0100 (CET);1574666551000;0.08;17.16;2.46
1438719252742555;5.9;31.3;Mon Nov 25 2019 08:24:23 GMT+0100 (CET);Mon Nov 25 2019 07:24:23 GMT+0100 (CET);1574666663000;0.08;17.39;2.48
1438719252742555;5.9;31.6;Mon Nov 25 2019 08:26:18 GMT+0100 (CET);Mon Nov 25 2019 07:26:18 GMT+0100 (CET);1574666778000;0.08;17.81;2.53
1438719252742555;5.9;31.2;Mon Nov 25 2019 08:28:14 GMT+0100 (CET);Mon Nov 25 2019 07:28:14 GMT+0100 (CET);1574666894000;0.09;18.55;2.53
1438719252742555;5.9;31.4;Mon Nov 25 2019 08:30:06 GMT+0100 (CET);Mon Nov 25 2019 07:30:06 GMT+0100 (CET);1574667006000;0.09;20.13;2.57
1438719252742555;5.9;31.4;Mon Nov 25 2019 08:32:00 GMT+0100 (CET);Mon Nov 25 2019 07:32:00 GMT+0100 (CET);1574667120000;0.09;20.32;2.6
1438719252742555;5.9;31.4;Mon Nov 25 2019 08:33:53 GMT+0100 (CET);Mon Nov 25 2019 07:33:53 GMT+0100 (CET);1574667233000;0.1;22.08;2.64
1438719252742555;5.9;31.6;Mon Nov 25 2019 08:35:53 GMT+0100 (CET);Mon Nov 25 2019 07:35:53 GMT+0100 (CET);1574667353000;0.1;21.85;2.66
1438719252742555;6.4;31.9;Mon Nov 25 2019 08:37:47 GMT+0100 (CET);Mon Nov 25 2019 07:37:47 GMT+0100 (CET);1574667467000;0.11;23.76;2.71
1438719252742555;6.4;32;Mon Nov 25 2019 08:39:40 GMT+0100 (CET);Mon Nov 25 2019 07:39:40 GMT+0100 (CET);1574667580000;0.11;24.23;2.73
1438719252742555;6.4;32.1;Mon Nov 25 2019 08:41:32 GMT+0100 (CET);Mon Nov 25 2019 07:41:32 GMT+0100 (CET);1574667692000;0.09;21.69;2.79
1438719252742555;5.9;31.8;Mon Nov 25 2019 08:43:38 GMT+0100 (CET);Mon Nov 25 2019 07:43:38 GMT+0100 (CET);1574667818000;0.1;22.09;2.8
1438719252742555;5.9;31.8;Mon Nov 25 2019 08:45:31 GMT+0100 (CET);Mon Nov 25 2019 07:45:31 GMT+0100 (CET);1574667931000;0.1;21.28;2.81
1438719252742555;6.4;31.4;Mon Nov 25 2019 08:47:25 GMT+0100 (CET);Mon Nov 25 2019 07:47:25 GMT+0100 (CET);1574668045000;0.1;21.15;2.85
1438719252742555;6.4;31.3;Mon Nov 25 2019 08:49:24 GMT+0100 (CET);Mon Nov 25 2019 07:49:24 GMT+0100 (CET);1574668164000;0.1;22.7;2.87
1438719252742555;6.4;31.8;Mon Nov 25 2019 08:51:28 GMT+0100 (CET);Mon Nov 25 2019 07:51:28 GMT+0100 (CET);1574668288000;0.11;24.68;2.87
1438719252742555;5.9;32.2;Mon Nov 25 2019 08:53:25 GMT+0100 (CET);Mon Nov 25 2019 07:53:25 GMT+0100 (CET);1574668405000;0.12;27.34;2.89
1438719252742555;5.9;32.5;Mon Nov 25 2019 08:55:19 GMT+0100 (CET);Mon Nov 25 2019 07:55:19 GMT+0100 (CET);1574668519000;0.12;27.1;2.92
1438719252742555;6.4;32.5;Mon Nov 25 2019 08:57:12 GMT+0100 (CET);Mon Nov 25 2019 07:57:12 GMT+0100 (CET);1574668632000;0.12;26.35;2.91
1438719252742555;6.4;32.4;Mon Nov 25 2019 08:59:05 GMT+0100 (CET);Mon Nov 25 2019 07:59:05 GMT+0100 (CET);1574668745000;0.12;25.9;2.92
1438719252742555;6.4;32.3;Mon Nov 25 2019 09:00:59 GMT+0100 (CET);Mon Nov 25 2019 08:00:59 GMT+0100 (CET);1574668859000;0.1;22.61;2.94
1438719252742555;6.4;31.9;Mon Nov 25 2019 09:02:52 GMT+0100 (CET);Mon Nov 25 2019 08:02:52 GMT+0100 (CET);1574668972000;0.1;21.71;2.95
1438719252742555;6.4;32;Mon Nov 25 2019 09:04:58 GMT+0100 (CET);Mon Nov 25 2019 08:04:58 GMT+0100 (CET);1574669098000;0.12;26.15;2.99
1438719252742555;6.4;32.1;Mon Nov 25 2019 09:06:56 GMT+0100 (CET);Mon Nov 25 2019 08:06:56 GMT+0100 (CET);1574669216000;0.12;25.46;3.03
1438719252742555;6.4;32.2;Mon Nov 25 2019 09:08:49 GMT+0100 (CET);Mon Nov 25 2019 08:08:49 GMT+0100 (CET);1574669329000;0.13;28.99;3.06
1438719252742555;6.4;32.4;Mon Nov 25 2019 09:10:42 GMT+0100 (CET);Mon Nov 25 2019 08:10:42 GMT+0100 (CET);1574669442000;0.13;27.96;3.08
1438719252742555;6.4;32.4;Mon Nov 25 2019 09:12:34 GMT+0100 (CET);Mon Nov 25 2019 08:12:34 GMT+0100 (CET);1574669554000;0.13;27.81;3.1
1438719252742555;6.4;32.8;Mon Nov 25 2019 09:14:29 GMT+0100 (CET);Mon Nov 25 2019 08:14:29 GMT+0100 (CET);1574669669000;0.13;29.13;3.14
1438719252742555;7.9;32.6;Mon Nov 25 2019 09:16:22 GMT+0100 (CET);Mon Nov 25 2019 08:16:22 GMT+0100 (CET);1574669782000;0.14;31.25;3.17
1438719252742555;7.9;33;Mon Nov 25 2019 09:18:14 GMT+0100 (CET);Mon Nov 25 2019 08:18:14 GMT+0100 (CET);1574669894000;0.14;31.2;3.19
1438719252742555;6.4;32.6;Mon Nov 25 2019 09:20:10 GMT+0100 (CET);Mon Nov 25 2019 08:20:10 GMT+0100 (CET);1574670010000;0.17;36.13;3.21
1438719252742555;6.4;33.1;Mon Nov 25 2019 09:22:25 GMT+0100 (CET);Mon Nov 25 2019 08:22:25 GMT+0100 (CET);1574670145000;0.14;31.94;3.25
1438719252742555;6.4;32.8;Mon Nov 25 2019 09:24:20 GMT+0100 (CET);Mon Nov 25 2019 08:24:20 GMT+0100 (CET);1574670260000;0.14;30.33;3.25
1438719252742555;7.9;32.7;Mon Nov 25 2019 09:26:13 GMT+0100 (CET);Mon Nov 25 2019 08:26:13 GMT+0100 (CET);1574670373000;0.17;36.31;3.25
1438719252742555;7.9;33;Mon Nov 25 2019 09:28:07 GMT+0100 (CET);Mon Nov 25 2019 08:28:07 GMT+0100 (CET);1574670487000;0.15;31.12;3.23
1438719252742555;7.9;32.6;Mon Nov 25 2019 09:33:43 GMT+0100 (CET);Mon Nov 25 2019 08:33:43 GMT+0100 (CET);1574670823000;0.14;30.77;3.24
1438719252742555;7.9;32.8;Mon Nov 25 2019 09:36:15 GMT+0100 (CET);Mon Nov 25 2019 08:36:15 GMT+0100 (CET);1574670975000;0.19;41.07;3.26
1438719252742555;7.9;33.1;Mon Nov 25 2019 09:38:16 GMT+0100 (CET);Mon Nov 25 2019 08:38:16 GMT+0100 (CET);1574671096000;0.18;39.41;3.28
1438719252742555;7.9;33.2;Mon Nov 25 2019 09:40:15 GMT+0100 (CET);Mon Nov 25 2019 08:40:15 GMT+0100 (CET);1574671215000;0.17;37.84;3.28
1438719252742555;7.9;33.2;Mon Nov 25 2019 09:42:08 GMT+0100 (CET);Mon Nov 25 2019 08:42:08 GMT+0100 (CET);1574671328000;0.17;37.59;3.34
1438719252742555;7.9;33.3;Mon Nov 25 2019 09:44:01 GMT+0100 (CET);Mon Nov 25 2019 08:44:01 GMT+0100 (CET);1574671441000;0.18;39.12;3.39
1438719252742555;7.9;33.3;Mon Nov 25 2019 09:45:55 GMT+0100 (CET);Mon Nov 25 2019 08:45:55 GMT+0100 (CET);1574671555000;0.17;36.92;3.42
1438719252742555;7.9;33.1;Mon Nov 25 2019 09:47:48 GMT+0100 (CET);Mon Nov 25 2019 08:47:48 GMT+0100 (CET);1574671668000;0.17;36.57;3.46
1438719252742555;7.9;33.3;Mon Nov 25 2019 09:49:41 GMT+0100 (CET);Mon Nov 25 2019 08:49:41 GMT+0100 (CET);1574671781000;0.19;40.76;3.48
1438719252742555;7.9;33.3;Mon Nov 25 2019 09:51:34 GMT+0100 (CET);Mon Nov 25 2019 08:51:34 GMT+0100 (CET);1574671894000;0.19;40.78;3.52
1438719252742555;7.9;33.3;Mon Nov 25 2019 09:53:28 GMT+0100 (CET);Mon Nov 25 2019 08:53:28 GMT+0100 (CET);1574672008000;0.2;42.04;3.53
1438719252742555;7.9;33.5;Mon Nov 25 2019 09:55:21 GMT+0100 (CET);Mon Nov 25 2019 08:55:21 GMT+0100 (CET);1574672121000;0.2;41.54;3.53
1438719252742555;7.9;33.3;Mon Nov 25 2019 09:57:14 GMT+0100 (CET);Mon Nov 25 2019 08:57:14 GMT+0100 (CET);1574672234000;0.18;38.66;3.57
1438719252742555;7.9;33.1;Mon Nov 25 2019 09:59:12 GMT+0100 (CET);Mon Nov 25 2019 08:59:12 GMT+0100 (CET);1574672352000;0.18;37.76;3.6
1438719252742555;7.9;33.2;Mon Nov 25 2019 10:01:05 GMT+0100 (CET);Mon Nov 25 2019 09:01:05 GMT+0100 (CET);1574672465000;0.18;37.82;3.61
1438719252742555;7.9;33.1;Mon Nov 25 2019 10:03:07 GMT+0100 (CET);Mon Nov 25 2019 09:03:07 GMT+0100 (CET);1574672587000;0.17;37.27;3.63
1438719252742555;7.9;33.1;Mon Nov 25 2019 10:05:00 GMT+0100 (CET);Mon Nov 25 2019 09:05:00 GMT+0100 (CET);1574672700000;0.19;40.54;3.65
1438719252742555;8.4;33.3;Mon Nov 25 2019 10:06:55 GMT+0100 (CET);Mon Nov 25 2019 09:06:55 GMT+0100 (CET);1574672815000;0.2;41.68;3.69
1438719252742555;8.4;33.4;Mon Nov 25 2019 10:08:49 GMT+0100 (CET);Mon Nov 25 2019 09:08:49 GMT+0100 (CET);1574672929000;0.2;42.68;3.69
1438719252742555;8.4;33.6;Mon Nov 25 2019 10:10:50 GMT+0100 (CET);Mon Nov 25 2019 09:10:50 GMT+0100 (CET);1574673050000;0.22;46.35;3.67
1438719252742555;8.4;33.7;Mon Nov 25 2019 10:12:43 GMT+0100 (CET);Mon Nov 25 2019 09:12:43 GMT+0100 (CET);1574673163000;0.24;49.52;3.65
1438719252742555;8.4;33.7;Mon Nov 25 2019 10:14:36 GMT+0100 (CET);Mon Nov 25 2019 09:14:36 GMT+0100 (CET);1574673276000;0.24;50.44;3.67
1438719252742555;8.4;33.7;Mon Nov 25 2019 10:16:29 GMT+0100 (CET);Mon Nov 25 2019 09:16:29 GMT+0100 (CET);1574673389000;0.25;52.37;3.74
1438719252742555;8.4;34;Mon Nov 25 2019 10:18:42 GMT+0100 (CET);Mon Nov 25 2019 09:18:42 GMT+0100 (CET);1574673522000;0.26;55.14;3.78
1438719252742555;8.4;33.9;Mon Nov 25 2019 10:20:35 GMT+0100 (CET);Mon Nov 25 2019 09:20:35 GMT+0100 (CET);1574673635000;0.26;55.55;3.82
1438719252742555;8.4;33.9;Mon Nov 25 2019 10:22:30 GMT+0100 (CET);Mon Nov 25 2019 09:22:30 GMT+0100 (CET);1574673750000;0.25;53.73;3.85
1438719252742555;8.4;34.1;Mon Nov 25 2019 10:24:23 GMT+0100 (CET);Mon Nov 25 2019 09:24:23 GMT+0100 (CET);1574673863000;0.27;57.51;3.88
1438719252742555;8.4;34.1;Mon Nov 25 2019 10:26:18 GMT+0100 (CET);Mon Nov 25 2019 09:26:18 GMT+0100 (CET);1574673978000;0.28;58.15;3.89
1438719252742555;8.4;34;Mon Nov 25 2019 10:28:11 GMT+0100 (CET);Mon Nov 25 2019 09:28:11 GMT+0100 (CET);1574674091000;0.26;55.02;3.94
1438719252742555;8.4;33.9;Mon Nov 25 2019 10:30:04 GMT+0100 (CET);Mon Nov 25 2019 09:30:04 GMT+0100 (CET);1574674204000;0.24;50.49;3.94
1438719252742555;8.4;33.8;Mon Nov 25 2019 10:31:57 GMT+0100 (CET);Mon Nov 25 2019 09:31:57 GMT+0100 (CET);1574674317000;0.25;54.25;3.94
1438719252742555;8.4;34;Mon Nov 25 2019 10:33:58 GMT+0100 (CET);Mon Nov 25 2019 09:33:58 GMT+0100 (CET);1574674438000;0.28;58.79;3.99
1438719252742555;8.4;34.2;Mon Nov 25 2019 10:35:54 GMT+0100 (CET);Mon Nov 25 2019 09:35:54 GMT+0100 (CET);1574674554000;0.27;57.07;4.04
1438719252742555;8.4;34.1;Mon Nov 25 2019 10:37:49 GMT+0100 (CET);Mon Nov 25 2019 09:37:49 GMT+0100 (CET);1574674669000;0.28;59.24;4.1
1438719252742555;8.4;34.1;Mon Nov 25 2019 10:39:42 GMT+0100 (CET);Mon Nov 25 2019 09:39:42 GMT+0100 (CET);1574674782000;0.28;58.45;4.14
1438719252742555;8.4;33.9;Mon Nov 25 2019 10:41:38 GMT+0100 (CET);Mon Nov 25 2019 09:41:38 GMT+0100 (CET);1574674898000;0.27;57.34;4.15
1438719252742555;8.4;34;Mon Nov 25 2019 10:43:39 GMT+0100 (CET);Mon Nov 25 2019 09:43:39 GMT+0100 (CET);1574675019000;0.28;58.29;4.17
1438719252742555;9.4;34.1;Mon Nov 25 2019 10:45:33 GMT+0100 (CET);Mon Nov 25 2019 09:45:33 GMT+0100 (CET);1574675133000;0.27;56.22;4.17
1438719252742555;9.4;34.1;Mon Nov 25 2019 10:47:27 GMT+0100 (CET);Mon Nov 25 2019 09:47:27 GMT+0100 (CET);1574675247000;0.27;57.01;4.2
1438719252742555;9.4;34.1;Mon Nov 25 2019 10:49:20 GMT+0100 (CET);Mon Nov 25 2019 09:49:20 GMT+0100 (CET);1574675360000;0.29;62.04;4.22
1438719252742555;9.4;34.3;Mon Nov 25 2019 10:51:15 GMT+0100 (CET);Mon Nov 25 2019 09:51:15 GMT+0100 (CET);1574675475000;0.29;60.62;4.26
1438719252742555;9.4;34.2;Mon Nov 25 2019 10:53:17 GMT+0100 (CET);Mon Nov 25 2019 09:53:17 GMT+0100 (CET);1574675597000;0.3;62.72;4.28
1438719252742555;9.9;34.4;Mon Nov 25 2019 10:55:11 GMT+0100 (CET);Mon Nov 25 2019 09:55:11 GMT+0100 (CET);1574675711000;0.33;69.6;4.3
1438719252742555;9.9;34.8;Mon Nov 25 2019 10:57:04 GMT+0100 (CET);Mon Nov 25 2019 09:57:04 GMT+0100 (CET);1574675824000;0.33;70.39;4.33
1438719252742555;9.9;35;Mon Nov 25 2019 10:58:58 GMT+0100 (CET);Mon Nov 25 2019 09:58:58 GMT+0100 (CET);1574675938000;0.32;67.22;4.39
1438719252742555;9.9;35;Mon Nov 25 2019 11:00:51 GMT+0100 (CET);Mon Nov 25 2019 10:00:51 GMT+0100 (CET);1574676051000;0.35;73.21;4.42
1438719252742555;9.9;35;Mon Nov 25 2019 11:02:44 GMT+0100 (CET);Mon Nov 25 2019 10:02:44 GMT+0100 (CET);1574676164000;0.35;74.77;4.46
1438719252742555;10.4;35;Mon Nov 25 2019 11:05:02 GMT+0100 (CET);Mon Nov 25 2019 10:05:02 GMT+0100 (CET);1574676302000;0.3;64.85;4.52
1438719252742555;10.4;34.3;Mon Nov 25 2019 11:06:55 GMT+0100 (CET);Mon Nov 25 2019 10:06:55 GMT+0100 (CET);1574676415000;0.32;65.67;4.52
1438719252742555;10.4;34.4;Mon Nov 25 2019 11:08:48 GMT+0100 (CET);Mon Nov 25 2019 10:08:48 GMT+0100 (CET);1574676528000;0.32;67.16;4.55
1438719252742555;10.4;34.3;Mon Nov 25 2019 11:10:40 GMT+0100 (CET);Mon Nov 25 2019 10:10:40 GMT+0100 (CET);1574676640000;0.31;64.78;4.58
1438719252742555;10.4;34.3;Mon Nov 25 2019 11:12:33 GMT+0100 (CET);Mon Nov 25 2019 10:12:33 GMT+0100 (CET);1574676753000;0.31;65.1;4.61
1438719252742555;9.9;34.2;Mon Nov 25 2019 11:14:26 GMT+0100 (CET);Mon Nov 25 2019 10:14:26 GMT+0100 (CET);1574676866000;0.31;66.02;4.7
1438719252742555;9.9;34.1;Mon Nov 25 2019 11:16:19 GMT+0100 (CET);Mon Nov 25 2019 10:16:19 GMT+0100 (CET);1574676979000;0.29;62.48;4.75
1438719252742555;10.4;34;Mon Nov 25 2019 11:18:12 GMT+0100 (CET);Mon Nov 25 2019 10:18:12 GMT+0100 (CET);1574677092000;0.25;54.66;4.78
1438719252742555;10.4;33.7;Mon Nov 25 2019 11:20:14 GMT+0100 (CET);Mon Nov 25 2019 10:20:14 GMT+0100 (CET);1574677214000;0.28;58.59;4.79
1438719252742555;10.4;34;Mon Nov 25 2019 11:22:12 GMT+0100 (CET);Mon Nov 25 2019 10:22:12 GMT+0100 (CET);1574677332000;0.29;60.68;4.78
1438719252742555;10.4;34;Mon Nov 25 2019 11:24:05 GMT+0100 (CET);Mon Nov 25 2019 10:24:05 GMT+0100 (CET);1574677445000;0.29;58.52;4.76
1438719252742555;10.4;33.9;Mon Nov 25 2019 11:25:58 GMT+0100 (CET);Mon Nov 25 2019 10:25:58 GMT+0100 (CET);1574677558000;0.29;59.59;4.75
1438719252742555;10.4;34.1;Mon Nov 25 2019 11:27:55 GMT+0100 (CET);Mon Nov 25 2019 10:27:55 GMT+0100 (CET);1574677675000;0.28;58.02;4.79
1438719252742555;10.4;33.9;Mon Nov 25 2019 11:29:48 GMT+0100 (CET);Mon Nov 25 2019 10:29:48 GMT+0100 (CET);1574677788000;0.27;56.06;4.84
1438719252742555;9.9;33.8;Mon Nov 25 2019 11:31:46 GMT+0100 (CET);Mon Nov 25 2019 10:31:46 GMT+0100 (CET);1574677906000;0.26;54.23;4.88
1438719252742555;9.9;33.7;Mon Nov 25 2019 11:33:39 GMT+0100 (CET);Mon Nov 25 2019 10:33:39 GMT+0100 (CET);1574678019000;0.27;56.59;4.84
1438719252742555;9.9;33.8;Mon Nov 25 2019 11:35:52 GMT+0100 (CET);Mon Nov 25 2019 10:35:52 GMT+0100 (CET);1574678152000;0.26;55.33;4.88
1438719252742555;9.9;33.9;Mon Nov 25 2019 11:37:46 GMT+0100 (CET);Mon Nov 25 2019 10:37:46 GMT+0100 (CET);1574678266000;0.27;56.9;4.91
1438719252742555;9.9;33.9;Mon Nov 25 2019 11:39:42 GMT+0100 (CET);Mon Nov 25 2019 10:39:42 GMT+0100 (CET);1574678382000;0.28;58.01;4.91
1438719252742555;10.4;33.9;Mon Nov 25 2019 11:41:41 GMT+0100 (CET);Mon Nov 25 2019 10:41:41 GMT+0100 (CET);1574678501000;0.28;59.52;4.9
1438719252742555;10.4;33.8;Mon Nov 25 2019 11:43:46 GMT+0100 (CET);Mon Nov 25 2019 10:43:46 GMT+0100 (CET);1574678626000;0.34;70.66;4.9
1438719252742555;10.4;34.7;Mon Nov 25 2019 11:45:41 GMT+0100 (CET);Mon Nov 25 2019 10:45:41 GMT+0100 (CET);1574678741000;0.36;75.72;4.96
1438719252742555;10.4;34.8;Mon Nov 25 2019 11:47:36 GMT+0100 (CET);Mon Nov 25 2019 10:47:36 GMT+0100 (CET);1574678856000;0.31;66.62;4.97
1438719252742555;10.4;34.3;Mon Nov 25 2019 11:49:43 GMT+0100 (CET);Mon Nov 25 2019 10:49:43 GMT+0100 (CET);1574678983000;0.31;64.62;5
1438719252742555;10.4;34.2;Mon Nov 25 2019 11:51:45 GMT+0100 (CET);Mon Nov 25 2019 10:51:45 GMT+0100 (CET);1574679105000;0.29;62.14;5.03
1438719252742555;10.4;34.1;Mon Nov 25 2019 11:53:39 GMT+0100 (CET);Mon Nov 25 2019 10:53:39 GMT+0100 (CET);1574679219000;0.27;56.86;5.03
1438719252742555;10.4;33.9;Mon Nov 25 2019 11:55:31 GMT+0100 (CET);Mon Nov 25 2019 10:55:31 GMT+0100 (CET);1574679331000;0.26;53.79;5.04
1438719252742555;11.9;33.9;Mon Nov 25 2019 11:57:26 GMT+0100 (CET);Mon Nov 25 2019 10:57:26 GMT+0100 (CET);1574679446000;0.27;55.94;5.03
1438719252742555;11.9;33.9;Mon Nov 25 2019 11:59:19 GMT+0100 (CET);Mon Nov 25 2019 10:59:19 GMT+0100 (CET);1574679559000;0.27;55.79;5.03
1438719252742555;10.4;33.8;Mon Nov 25 2019 12:01:12 GMT+0100 (CET);Mon Nov 25 2019 11:01:12 GMT+0100 (CET);1574679672000;0.25;51.14;5.07
1438719252742555;10.4;33.7;Mon Nov 25 2019 12:03:12 GMT+0100 (CET);Mon Nov 25 2019 11:03:12 GMT+0100 (CET);1574679792000;0.23;49.29;5.07
1438719252742555;10.4;33.6;Mon Nov 25 2019 12:05:08 GMT+0100 (CET);Mon Nov 25 2019 11:05:08 GMT+0100 (CET);1574679908000;0.23;48.95;5.06
1438719252742555;10.4;33.7;Mon Nov 25 2019 12:07:15 GMT+0100 (CET);Mon Nov 25 2019 11:07:15 GMT+0100 (CET);1574680035000;0.26;53.49;5.08
1438719252742555;10.4;33.9;Mon Nov 25 2019 12:09:14 GMT+0100 (CET);Mon Nov 25 2019 11:09:14 GMT+0100 (CET);1574680154000;0.27;57.28;5.1
1438719252742555;10.4;33.9;Mon Nov 25 2019 12:11:07 GMT+0100 (CET);Mon Nov 25 2019 11:11:07 GMT+0100 (CET);1574680267000;0.27;55.71;5.12
1438719252742555;10.4;34.1;Mon Nov 25 2019 12:13:00 GMT+0100 (CET);Mon Nov 25 2019 11:13:00 GMT+0100 (CET);1574680380000;0.29;58.78;5.14
1438719252742555;10.4;34;Mon Nov 25 2019 12:14:54 GMT+0100 (CET);Mon Nov 25 2019 11:14:54 GMT+0100 (CET);1574680494000;0.27;56.01;5.09
1438719252742555;10.4;33.9;Mon Nov 25 2019 12:16:54 GMT+0100 (CET);Mon Nov 25 2019 11:16:54 GMT+0100 (CET);1574680614000;0.25;51.62;5.09
1438719252742555;10.4;33.8;Mon Nov 25 2019 12:18:52 GMT+0100 (CET);Mon Nov 25 2019 11:18:52 GMT+0100 (CET);1574680732000;0.2;42.38;5.1
1438719252742555;10.4;33.5;Mon Nov 25 2019 12:20:48 GMT+0100 (CET);Mon Nov 25 2019 11:20:48 GMT+0100 (CET);1574680848000;0.21;45.25;5.1
1438719252742555;10.4;33.5;Mon Nov 25 2019 12:22:45 GMT+0100 (CET);Mon Nov 25 2019 11:22:45 GMT+0100 (CET);1574680965000;0.23;47.41;5.08
1438719252742555;9.9;33.5;Mon Nov 25 2019 12:24:38 GMT+0100 (CET);Mon Nov 25 2019 11:24:38 GMT+0100 (CET);1574681078000;0.25;51.39;5.06
1438719252742555;9.9;33.9;Mon Nov 25 2019 12:26:33 GMT+0100 (CET);Mon Nov 25 2019 11:26:33 GMT+0100 (CET);1574681193000;0.27;56.11;5.03
1438719252742555;9.9;34;Mon Nov 25 2019 12:28:26 GMT+0100 (CET);Mon Nov 25 2019 11:28:26 GMT+0100 (CET);1574681306000;0.28;58.27;5.04
1438719252742555;9.9;33.9;Mon Nov 25 2019 12:30:21 GMT+0100 (CET);Mon Nov 25 2019 11:30:21 GMT+0100 (CET);1574681421000;0.26;54.43;5.03
1438719252742555;9.9;33.9;Mon Nov 25 2019 12:32:16 GMT+0100 (CET);Mon Nov 25 2019 11:32:16 GMT+0100 (CET);1574681536000;0.28;57.65;5.03
1438719252742555;9.9;34;Mon Nov 25 2019 12:34:09 GMT+0100 (CET);Mon Nov 25 2019 11:34:09 GMT+0100 (CET);1574681649000;0.28;59.14;5.04
1438719252742555;9.9;33.9;Mon Nov 25 2019 12:36:01 GMT+0100 (CET);Mon Nov 25 2019 11:36:01 GMT+0100 (CET);1574681761000;0.3;62.18;5.08
1438719252742555;9.9;34.1;Mon Nov 25 2019 12:37:59 GMT+0100 (CET);Mon Nov 25 2019 11:37:59 GMT+0100 (CET);1574681879000;0.31;64.12;5.08
1438719252742555;10.4;34.1;Mon Nov 25 2019 12:39:57 GMT+0100 (CET);Mon Nov 25 2019 11:39:57 GMT+0100 (CET);1574681997000;0.32;66.16;5.1
1438719252742555;10.4;34.3;Mon Nov 25 2019 12:41:50 GMT+0100 (CET);Mon Nov 25 2019 11:41:50 GMT+0100 (CET);1574682110000;0.32;66.91;5.17
1438719252742555;10.4;34.3;Mon Nov 25 2019 12:43:51 GMT+0100 (CET);Mon Nov 25 2019 11:43:51 GMT+0100 (CET);1574682231000;0.31;64.25;5.21
1438719252742555;10.4;34.1;Mon Nov 25 2019 12:46:01 GMT+0100 (CET);Mon Nov 25 2019 11:46:01 GMT+0100 (CET);1574682361000;0.27;56.45;5.23
1438719252742555;10.4;33.9;Mon Nov 25 2019 12:48:01 GMT+0100 (CET);Mon Nov 25 2019 11:48:01 GMT+0100 (CET);1574682481000;0.27;56.69;5.18
1438719252742555;10.4;33.9;Mon Nov 25 2019 12:49:55 GMT+0100 (CET);Mon Nov 25 2019 11:49:55 GMT+0100 (CET);1574682595000;0.28;57.75;5.17
1438719252742555;10.4;33.9;Mon Nov 25 2019 12:51:41 GMT+0100 (CET);Mon Nov 25 2019 11:51:41 GMT+0100 (CET);1574682701000;0.25;53.21;5.18
1438719252742555;10.4;33.5;Mon Nov 25 2019 12:54:16 GMT+0100 (CET);Mon Nov 25 2019 11:54:16 GMT+0100 (CET);1574682856000;0.26;54.91;5.26
1438719252742555;10.4;33.9;Mon Nov 25 2019 12:56:14 GMT+0100 (CET);Mon Nov 25 2019 11:56:14 GMT+0100 (CET);1574682974000;0.27;56.9;5.32
1438719252742555;10.4;34;Mon Nov 25 2019 12:58:06 GMT+0100 (CET);Mon Nov 25 2019 11:58:06 GMT+0100 (CET);1574683086000;0.27;55.54;5.33
1438719252742555;10.4;33.9;Mon Nov 25 2019 13:00:00 GMT+0100 (CET);Mon Nov 25 2019 12:00:00 GMT+0100 (CET);1574683200000;0.26;54.63;5.36
1438719252742555;10.4;33.9;Mon Nov 25 2019 13:02:15 GMT+0100 (CET);Mon Nov 25 2019 12:02:15 GMT+0100 (CET);1574683335000;0.25;52.48;5.41
1438719252742555;10.4;33.9;Mon Nov 25 2019 13:04:10 GMT+0100 (CET);Mon Nov 25 2019 12:04:10 GMT+0100 (CET);1574683450000;0.26;55.12;5.41
1438719252742555;10.4;33.9;Mon Nov 25 2019 13:06:04 GMT+0100 (CET);Mon Nov 25 2019 12:06:04 GMT+0100 (CET);1574683564000;0.26;54.98;5.43
1438719252742555;10.4;33.9;Mon Nov 25 2019 13:08:06 GMT+0100 (CET);Mon Nov 25 2019 12:08:06 GMT+0100 (CET);1574683686000;0.27;53.99;5.42
1438719252742555;10.4;33.8;Mon Nov 25 2019 13:10:00 GMT+0100 (CET);Mon Nov 25 2019 12:10:00 GMT+0100 (CET);1574683800000;0.25;52.44;5.44
1438719252742555;10.4;33.6;Mon Nov 25 2019 13:11:53 GMT+0100 (CET);Mon Nov 25 2019 12:11:53 GMT+0100 (CET);1574683913000;0.21;43.37;5.43
1438719252742555;10.4;33.2;Mon Nov 25 2019 13:13:45 GMT+0100 (CET);Mon Nov 25 2019 12:13:45 GMT+0100 (CET);1574684025000;0.2;41.07;5.44
1438719252742555;10.4;33.2;Mon Nov 25 2019 13:15:38 GMT+0100 (CET);Mon Nov 25 2019 12:15:38 GMT+0100 (CET);1574684138000;0.21;42.74;5.46
1438719252742555;10.4;33.3;Mon Nov 25 2019 13:18:04 GMT+0100 (CET);Mon Nov 25 2019 12:18:04 GMT+0100 (CET);1574684284000;0.24;49.29;5.48
1438719252742555;10.4;33.7;Mon Nov 25 2019 13:20:00 GMT+0100 (CET);Mon Nov 25 2019 12:20:00 GMT+0100 (CET);1574684400000;0.24;50.91;5.52
1438719252742555;10.4;33.7;Mon Nov 25 2019 13:22:02 GMT+0100 (CET);Mon Nov 25 2019 12:22:02 GMT+0100 (CET);1574684522000;0.23;46.65;5.55
1438719252742555;10.4;33.6;Mon Nov 25 2019 13:24:04 GMT+0100 (CET);Mon Nov 25 2019 12:24:04 GMT+0100 (CET);1574684644000;0.2;41.73;5.53
1438719252742555;10.4;33.3;Mon Nov 25 2019 13:25:57 GMT+0100 (CET);Mon Nov 25 2019 12:25:57 GMT+0100 (CET);1574684757000;0.19;39.82;5.5
1438719252742555;10.4;33.2;Mon Nov 25 2019 13:27:50 GMT+0100 (CET);Mon Nov 25 2019 12:27:50 GMT+0100 (CET);1574684870000;0.18;37.17;5.47
1438719252742555;10.4;33;Mon Nov 25 2019 13:29:46 GMT+0100 (CET);Mon Nov 25 2019 12:29:46 GMT+0100 (CET);1574684986000;0.17;35.29;5.42
1438719252742555;9.9;32.8;Mon Nov 25 2019 13:31:40 GMT+0100 (CET);Mon Nov 25 2019 12:31:40 GMT+0100 (CET);1574685100000;0.17;36.26;5.39
1438719252742555;9.9;32.8;Mon Nov 25 2019 13:33:46 GMT+0100 (CET);Mon Nov 25 2019 12:33:46 GMT+0100 (CET);1574685226000;0.16;34.59;5.34
1438719252742555;9.9;32.7;Mon Nov 25 2019 13:35:42 GMT+0100 (CET);Mon Nov 25 2019 12:35:42 GMT+0100 (CET);1574685342000;0.16;33.87;5.32
1438719252742555;9.9;32.8;Mon Nov 25 2019 13:37:34 GMT+0100 (CET);Mon Nov 25 2019 12:37:34 GMT+0100 (CET);1574685454000;0.18;37.84;5.3
1438719252742555;9.9;33;Mon Nov 25 2019 13:39:27 GMT+0100 (CET);Mon Nov 25 2019 12:39:27 GMT+0100 (CET);1574685567000;0.2;41.93;5.28
1438719252742555;9.9;33.3;Mon Nov 25 2019 13:41:20 GMT+0100 (CET);Mon Nov 25 2019 12:41:20 GMT+0100 (CET);1574685680000;0.19;40.26;5.25
1438719252742555;9.9;33.3;Mon Nov 25 2019 13:43:13 GMT+0100 (CET);Mon Nov 25 2019 12:43:13 GMT+0100 (CET);1574685793000;0.19;39.73;5.25
1438719252742555;9.9;33.2;Mon Nov 25 2019 13:45:08 GMT+0100 (CET);Mon Nov 25 2019 12:45:08 GMT+0100 (CET);1574685908000;0.16;34.82;5.22
1438719252742555;9.9;33.1;Mon Nov 25 2019 13:47:03 GMT+0100 (CET);Mon Nov 25 2019 12:47:03 GMT+0100 (CET);1574686023000;0.14;30.78;5.13
1438719252742555;9.9;32.4;Mon Nov 25 2019 13:48:56 GMT+0100 (CET);Mon Nov 25 2019 12:48:56 GMT+0100 (CET);1574686136000;0.14;29.56;5.08
1438719252742555;9.9;32.4;Mon Nov 25 2019 13:50:48 GMT+0100 (CET);Mon Nov 25 2019 12:50:48 GMT+0100 (CET);1574686248000;0.12;25.5;5.03
1438719252742555;9.9;32.4;Mon Nov 25 2019 13:52:42 GMT+0100 (CET);Mon Nov 25 2019 12:52:42 GMT+0100 (CET);1574686362000;0.11;24.39;5
1438719252742555;9.9;31.8;Mon Nov 25 2019 13:54:38 GMT+0100 (CET);Mon Nov 25 2019 12:54:38 GMT+0100 (CET);1574686478000;0.12;25.54;4.99
1438719252742555;9.4;31.8;Mon Nov 25 2019 13:56:40 GMT+0100 (CET);Mon Nov 25 2019 12:56:40 GMT+0100 (CET);1574686600000;0.11;24.31;4.99
1438719252742555;9.4;31.5;Mon Nov 25 2019 13:58:34 GMT+0100 (CET);Mon Nov 25 2019 12:58:34 GMT+0100 (CET);1574686714000;0.1;22.3;4.97
1438719252742555;8.4;31.5;Mon Nov 25 2019 14:00:32 GMT+0100 (CET);Mon Nov 25 2019 13:00:32 GMT+0100 (CET);1574686832000;0.1;21.48;4.96
1438719252742555;8.4;31.4;Mon Nov 25 2019 14:02:24 GMT+0100 (CET);Mon Nov 25 2019 13:02:24 GMT+0100 (CET);1574686944000;0.1;21.63;4.92
1438719252742555;8.4;31.2;Mon Nov 25 2019 14:04:29 GMT+0100 (CET);Mon Nov 25 2019 13:04:29 GMT+0100 (CET);1574687069000;0.1;21.39;4.9
1438719252742555;8.4;31.4;Mon Nov 25 2019 14:06:23 GMT+0100 (CET);Mon Nov 25 2019 13:06:23 GMT+0100 (CET);1574687183000;0.1;21.88;4.91
1438719252742555;8.4;31.3;Mon Nov 25 2019 14:08:20 GMT+0100 (CET);Mon Nov 25 2019 13:08:20 GMT+0100 (CET);1574687300000;0.09;19.71;4.88
1438719252742555;8.4;30.8;Mon Nov 25 2019 14:10:13 GMT+0100 (CET);Mon Nov 25 2019 13:10:13 GMT+0100 (CET);1574687413000;0.09;19.15;4.86
1438719252742555;8.4;30.7;Mon Nov 25 2019 14:12:06 GMT+0100 (CET);Mon Nov 25 2019 13:12:06 GMT+0100 (CET);1574687526000;0.09;19.36;4.85
1438719252742555;8.4;30.8;Mon Nov 25 2019 14:14:00 GMT+0100 (CET);Mon Nov 25 2019 13:14:00 GMT+0100 (CET);1574687640000;0.1;21.09;4.89
1438719252742555;8.4;31.3;Mon Nov 25 2019 14:15:53 GMT+0100 (CET);Mon Nov 25 2019 13:15:53 GMT+0100 (CET);1574687753000;0.1;21.59;4.89
1438719252742555;8.4;31.1;Mon Nov 25 2019 14:18:08 GMT+0100 (CET);Mon Nov 25 2019 13:18:08 GMT+0100 (CET);1574687888000;0.1;20.11;4.87
1438719252742555;8.4;30.9;Mon Nov 25 2019 14:20:01 GMT+0100 (CET);Mon Nov 25 2019 13:20:01 GMT+0100 (CET);1574688001000;0.09;19.99;4.85
1438719252742555;8.4;31.1;Mon Nov 25 2019 14:22:00 GMT+0100 (CET);Mon Nov 25 2019 13:22:00 GMT+0100 (CET);1574688120000;0.1;20.17;4.84
1438719252742555;8.4;31;Mon Nov 25 2019 14:23:56 GMT+0100 (CET);Mon Nov 25 2019 13:23:56 GMT+0100 (CET);1574688236000;0.09;19.4;4.84
1438719252742555;8.4;30.8;Mon Nov 25 2019 14:25:49 GMT+0100 (CET);Mon Nov 25 2019 13:25:49 GMT+0100 (CET);1574688349000;0.08;18.23;4.81
1438719252742555;8.4;30.9;Mon Nov 25 2019 14:27:43 GMT+0100 (CET);Mon Nov 25 2019 13:27:43 GMT+0100 (CET);1574688463000;0.08;17.83;4.78
1438719252742555;7.9;30.9;Mon Nov 25 2019 14:29:36 GMT+0100 (CET);Mon Nov 25 2019 13:29:36 GMT+0100 (CET);1574688576000;0.08;18.02;4.77
1438719252742555;7.9;30.7;Mon Nov 25 2019 14:31:30 GMT+0100 (CET);Mon Nov 25 2019 13:31:30 GMT+0100 (CET);1574688690000;0.08;18.05;4.77
1438719252742555;7.9;30.9;Mon Nov 25 2019 14:33:36 GMT+0100 (CET);Mon Nov 25 2019 13:33:36 GMT+0100 (CET);1574688816000;0.07;16.22;4.75
1438719252742555;7.9;30.5;Mon Nov 25 2019 14:35:28 GMT+0100 (CET);Mon Nov 25 2019 13:35:28 GMT+0100 (CET);1574688928000;0.07;16.16;4.75
1438719252742555;7.9;30.3;Mon Nov 25 2019 14:37:21 GMT+0100 (CET);Mon Nov 25 2019 13:37:21 GMT+0100 (CET);1574689041000;0.08;16.19;4.77
1438719252742555;7.9;30.3;Mon Nov 25 2019 14:39:28 GMT+0100 (CET);Mon Nov 25 2019 13:39:28 GMT+0100 (CET);1574689168000;0.07;15.6;4.77
1438719252742555;7.9;30.1;Mon Nov 25 2019 14:41:21 GMT+0100 (CET);Mon Nov 25 2019 13:41:21 GMT+0100 (CET);1574689281000;0.07;15.9;4.76
1438719252742555;7.9;30.3;Mon Nov 25 2019 14:43:14 GMT+0100 (CET);Mon Nov 25 2019 13:43:14 GMT+0100 (CET);1574689394000;0.07;17.01;4.78
1438719252742555;7.9;30.5;Mon Nov 25 2019 14:45:07 GMT+0100 (CET);Mon Nov 25 2019 13:45:07 GMT+0100 (CET);1574689507000;0.08;17.74;4.78
1438719252742555;7.9;30.5;Mon Nov 25 2019 14:47:06 GMT+0100 (CET);Mon Nov 25 2019 13:47:06 GMT+0100 (CET);1574689626000;0.08;17.44;4.78
1438719252742555;7.9;30.9;Mon Nov 25 2019 14:48:59 GMT+0100 (CET);Mon Nov 25 2019 13:48:59 GMT+0100 (CET);1574689739000;0.08;18.1;4.79
1438719252742555;7.9;31.4;Mon Nov 25 2019 14:50:56 GMT+0100 (CET);Mon Nov 25 2019 13:50:56 GMT+0100 (CET);1574689856000;0.09;20.25;4.81
1438719252742555;7.9;31.1;Mon Nov 25 2019 14:52:52 GMT+0100 (CET);Mon Nov 25 2019 13:52:52 GMT+0100 (CET);1574689972000;0.09;18.15;4.8
1438719252742555;7.9;31;Mon Nov 25 2019 14:54:51 GMT+0100 (CET);Mon Nov 25 2019 13:54:51 GMT+0100 (CET);1574690091000;0.09;18.69;4.79
1438719252742555;7.9;30.9;Mon Nov 25 2019 14:56:57 GMT+0100 (CET);Mon Nov 25 2019 13:56:57 GMT+0100 (CET);1574690217000;0.08;17.05;4.82
1438719252742555;7.9;30;Mon Nov 25 2019 14:59:03 GMT+0100 (CET);Mon Nov 25 2019 13:59:03 GMT+0100 (CET);1574690343000;0.08;16.49;4.81
1438719252742555;7.9;30.7;Mon Nov 25 2019 15:00:56 GMT+0100 (CET);Mon Nov 25 2019 14:00:56 GMT+0100 (CET);1574690456000;0.09;18.87;4.8
1438719252742555;7.9;31.1;Mon Nov 25 2019 15:02:49 GMT+0100 (CET);Mon Nov 25 2019 14:02:49 GMT+0100 (CET);1574690569000;0.08;17.6;4.78
1438719252742555;7.9;30.8;Mon Nov 25 2019 15:04:41 GMT+0100 (CET);Mon Nov 25 2019 14:04:41 GMT+0100 (CET);1574690681000;0.09;18.71;4.77
1438719252742555;7.9;30.8;Mon Nov 25 2019 15:06:43 GMT+0100 (CET);Mon Nov 25 2019 14:06:43 GMT+0100 (CET);1574690803000;0.09;18.5;4.74
1438719252742555;7.9;31.1;Mon Nov 25 2019 15:08:46 GMT+0100 (CET);Mon Nov 25 2019 14:08:46 GMT+0100 (CET);1574690926000;0.08;17;4.72
1438719252742555;7.9;30.8;Mon Nov 25 2019 15:10:40 GMT+0100 (CET);Mon Nov 25 2019 14:10:40 GMT+0100 (CET);1574691040000;0.06;14.67;4.71
1438719252742555;7.9;30.1;Mon Nov 25 2019 15:12:33 GMT+0100 (CET);Mon Nov 25 2019 14:12:33 GMT+0100 (CET);1574691153000;0.06;13.6;4.67
1438719252742555;7.9;29.9;Mon Nov 25 2019 15:14:25 GMT+0100 (CET);Mon Nov 25 2019 14:14:25 GMT+0100 (CET);1574691265000;0.06;13.61;4.62
1438719252742555;7.9;29.7;Mon Nov 25 2019 15:16:24 GMT+0100 (CET);Mon Nov 25 2019 14:16:24 GMT+0100 (CET);1574691384000;0.07;14.41;4.62
1438719252742555;7.9;29.8;Mon Nov 25 2019 15:18:40 GMT+0100 (CET);Mon Nov 25 2019 14:18:40 GMT+0100 (CET);1574691520000;0.06;14.01;4.6
1438719252742555;7.9;29.7;Mon Nov 25 2019 15:20:33 GMT+0100 (CET);Mon Nov 25 2019 14:20:33 GMT+0100 (CET);1574691633000;0.06;13.38;4.6
1438719252742555;7.9;29.4;Mon Nov 25 2019 15:23:00 GMT+0100 (CET);Mon Nov 25 2019 14:23:00 GMT+0100 (CET);1574691780000;0.06;13.6;4.6
1438719252742555;7.9;29.4;Mon Nov 25 2019 15:25:01 GMT+0100 (CET);Mon Nov 25 2019 14:25:01 GMT+0100 (CET);1574691901000;0.06;12.07;4.6
1438719252742555;7.9;29.3;Mon Nov 25 2019 15:26:57 GMT+0100 (CET);Mon Nov 25 2019 14:26:57 GMT+0100 (CET);1574692017000;0.06;11.86;4.6
1438719252742555;7.9;28.9;Mon Nov 25 2019 15:29:05 GMT+0100 (CET);Mon Nov 25 2019 14:29:05 GMT+0100 (CET);1574692145000;0;11.54;4.62
1438719252742555;7.9;28.9;Mon Nov 25 2019 15:30:58 GMT+0100 (CET);Mon Nov 25 2019 14:30:58 GMT+0100 (CET);1574692258000;0;10.77;4.61
1438719252742555;7.9;28.7;Mon Nov 25 2019 15:33:08 GMT+0100 (CET);Mon Nov 25 2019 14:33:08 GMT+0100 (CET);1574692388000;0;9.77;4.6
1438719252742555;6.4;28.6;Mon Nov 25 2019 15:35:01 GMT+0100 (CET);Mon Nov 25 2019 14:35:01 GMT+0100 (CET);1574692501000;0;9.14;4.61
1438719252742555;6.4;27.3;Mon Nov 25 2019 15:37:48 GMT+0100 (CET);Mon Nov 25 2019 14:37:48 GMT+0100 (CET);1574692668000;0;8.24;4.6
1438719252742555;6.4;27.3;Mon Nov 25 2019 15:39:56 GMT+0100 (CET);Mon Nov 25 2019 14:39:56 GMT+0100 (CET);1574692796000;0;8.45;4.56
1438719252742555;6.4;26.5;Mon Nov 25 2019 15:41:51 GMT+0100 (CET);Mon Nov 25 2019 14:41:51 GMT+0100 (CET);1574692911000;0;8.63;4.54
1438719252742555;5.9;27.3;Mon Nov 25 2019 15:43:52 GMT+0100 (CET);Mon Nov 25 2019 14:43:52 GMT+0100 (CET);1574693032000;0;7.95;4.53
1438719252742555;5.9;26.6;Mon Nov 25 2019 15:45:46 GMT+0100 (CET);Mon Nov 25 2019 14:45:46 GMT+0100 (CET);1574693146000;0;7.12;4.54
1438719252742555;5.9;33.9;Mon Nov 25 2019 15:47:39 GMT+0100 (CET);Mon Nov 25 2019 14:47:39 GMT+0100 (CET);1574693259000;0;6.33;4.55
1438719252742555;7.9;33.3;Mon Nov 25 2019 15:49:35 GMT+0100 (CET);Mon Nov 25 2019 14:49:35 GMT+0100 (CET);1574693375000;0;5.51;4.54
1438719252742555;7.9;29.6;Mon Nov 25 2019 15:51:31 GMT+0100 (CET);Mon Nov 25 2019 14:51:31 GMT+0100 (CET);1574693491000;0;4.79;4.53
1438719252742555;7.9;31.6;Mon Nov 25 2019 15:53:38 GMT+0100 (CET);Mon Nov 25 2019 14:53:38 GMT+0100 (CET);1574693618000;0;4.47;4.53
1438719252742555;7.9;31.4;Mon Nov 25 2019 15:55:39 GMT+0100 (CET);Mon Nov 25 2019 14:55:39 GMT+0100 (CET);1574693739000;0;4.15;4.52
1438719252742555;7.9;30.2;Mon Nov 25 2019 15:57:41 GMT+0100 (CET);Mon Nov 25 2019 14:57:41 GMT+0100 (CET);1574693861000;0;3.47;4.5
1438719252742555;7.9;28.1;Mon Nov 25 2019 15:59:35 GMT+0100 (CET);Mon Nov 25 2019 14:59:35 GMT+0100 (CET);1574693975000;0;2.98;4.5
1438719252742555;7.9;25.9;Mon Nov 25 2019 16:01:33 GMT+0100 (CET);Mon Nov 25 2019 15:01:33 GMT+0100 (CET);1574694093000;0;2.65;4.49
1438719252742555;7.9;20.7;Mon Nov 25 2019 16:03:40 GMT+0100 (CET);Mon Nov 25 2019 15:03:40 GMT+0100 (CET);1574694220000;0;2.04;4.46
1438719252742555;7.9;20.7;Mon Nov 25 2019 16:05:36 GMT+0100 (CET);Mon Nov 25 2019 15:05:36 GMT+0100 (CET);1574694336000;0;1.87;4.46
1438719252742555;7.9;20.7;Mon Nov 25 2019 16:07:28 GMT+0100 (CET);Mon Nov 25 2019 15:07:28 GMT+0100 (CET);1574694448000;0;1.65;4.42
1438719252742555;3.8;33.4;Tue Nov 26 2019 07:49:46 GMT+0100 (CET);Tue Nov 26 2019 06:49:46 GMT+0100 (CET);1574750986000;0;6.14;3.96
1438719252742555;3.8;34.4;Tue Nov 26 2019 07:51:51 GMT+0100 (CET);Tue Nov 26 2019 06:51:51 GMT+0100 (CET);1574751111000;0;7.84;3.96
1438719252742555;6.4;27.5;Tue Nov 26 2019 07:53:59 GMT+0100 (CET);Tue Nov 26 2019 06:53:59 GMT+0100 (CET);1574751239000;0;9.36;3.97
1438719252742555;6.4;27.5;Tue Nov 26 2019 07:55:58 GMT+0100 (CET);Tue Nov 26 2019 06:55:58 GMT+0100 (CET);1574751358000;0;11.89;4
1438719252742555;4.3;27.6;Tue Nov 26 2019 07:57:57 GMT+0100 (CET);Tue Nov 26 2019 06:57:57 GMT+0100 (CET);1574751477000;0.06;14.08;4.03
1438719252742555;4.3;28.2;Tue Nov 26 2019 07:59:51 GMT+0100 (CET);Tue Nov 26 2019 06:59:51 GMT+0100 (CET);1574751591000;0.07;16.69;4.03
1438719252742555;4.3;30.6;Tue Nov 26 2019 08:01:50 GMT+0100 (CET);Tue Nov 26 2019 07:01:50 GMT+0100 (CET);1574751710000;0.08;19.08;4.03
1438719252742555;5.9;31;Tue Nov 26 2019 08:03:54 GMT+0100 (CET);Tue Nov 26 2019 07:03:54 GMT+0100 (CET);1574751834000;0.09;21.37;4.03
1438719252742555;5.9;31.2;Tue Nov 26 2019 08:05:51 GMT+0100 (CET);Tue Nov 26 2019 07:05:51 GMT+0100 (CET);1574751951000;0.1;23.45;4.01
1438719252742555;6.4;31.7;Tue Nov 26 2019 08:07:55 GMT+0100 (CET);Tue Nov 26 2019 07:07:55 GMT+0100 (CET);1574752075000;0.11;24.88;4
1438719252742555;6.4;32;Tue Nov 26 2019 08:10:06 GMT+0100 (CET);Tue Nov 26 2019 07:10:06 GMT+0100 (CET);1574752206000;0.11;24.68;4.03
1438719252742555;6.4;32;Tue Nov 26 2019 08:12:08 GMT+0100 (CET);Tue Nov 26 2019 07:12:08 GMT+0100 (CET);1574752328000;0.1;23.17;4.04
1438719252742555;6.4;31.6;Tue Nov 26 2019 08:14:01 GMT+0100 (CET);Tue Nov 26 2019 07:14:01 GMT+0100 (CET);1574752441000;0.1;22.25;4.09
1438719252742555;6.4;31.5;Tue Nov 26 2019 08:16:13 GMT+0100 (CET);Tue Nov 26 2019 07:16:13 GMT+0100 (CET);1574752573000;0.09;20.69;4.12
1438719252742555;6.4;31.2;Tue Nov 26 2019 08:18:06 GMT+0100 (CET);Tue Nov 26 2019 07:18:06 GMT+0100 (CET);1574752686000;0.09;20.65;4.15
1438719252742555;6.4;31;Tue Nov 26 2019 08:20:00 GMT+0100 (CET);Tue Nov 26 2019 07:20:00 GMT+0100 (CET);1574752800000;0.09;20.25;4.19
1438719252742555;6.4;30.9;Tue Nov 26 2019 08:21:53 GMT+0100 (CET);Tue Nov 26 2019 07:21:53 GMT+0100 (CET);1574752913000;0.08;19.47;4.25
1438719252742555;6.4;31.1;Tue Nov 26 2019 08:24:25 GMT+0100 (CET);Tue Nov 26 2019 07:24:25 GMT+0100 (CET);1574753065000;0.07;18.2;4.32
1438719252742555;6.4;30.9;Tue Nov 26 2019 08:26:42 GMT+0100 (CET);Tue Nov 26 2019 07:26:42 GMT+0100 (CET);1574753202000;0.07;18.37;4.38
1438719252742555;6.4;30.9;Tue Nov 26 2019 08:28:35 GMT+0100 (CET);Tue Nov 26 2019 07:28:35 GMT+0100 (CET);1574753315000;0.08;19.6;4.42
1438719252742555;6.4;31.4;Tue Nov 26 2019 08:30:31 GMT+0100 (CET);Tue Nov 26 2019 07:30:31 GMT+0100 (CET);1574753431000;0.09;21.06;4.47
1438719252742555;6.4;31.1;Tue Nov 26 2019 08:32:43 GMT+0100 (CET);Tue Nov 26 2019 07:32:43 GMT+0100 (CET);1574753563000;0.1;22.3;4.53
1438719252742555;6.4;31.6;Tue Nov 26 2019 08:34:36 GMT+0100 (CET);Tue Nov 26 2019 07:34:36 GMT+0100 (CET);1574753676000;0.1;22.98;4.59
1438719252742555;7.9;31.6;Tue Nov 26 2019 08:36:53 GMT+0100 (CET);Tue Nov 26 2019 07:36:53 GMT+0100 (CET);1574753813000;0.09;21.52;4.64
1438719252742555;7.9;31.3;Tue Nov 26 2019 08:38:45 GMT+0100 (CET);Tue Nov 26 2019 07:38:45 GMT+0100 (CET);1574753925000;0.09;21.06;4.66
1438719252742555;7.9;31.1;Tue Nov 26 2019 08:41:08 GMT+0100 (CET);Tue Nov 26 2019 07:41:08 GMT+0100 (CET);1574754068000;0.09;20.22;4.7
1438719252742555;7.9;30.6;Tue Nov 26 2019 08:43:16 GMT+0100 (CET);Tue Nov 26 2019 07:43:16 GMT+0100 (CET);1574754196000;0.08;18.34;4.74
1438719252742555;7.9;30.9;Tue Nov 26 2019 08:45:09 GMT+0100 (CET);Tue Nov 26 2019 07:45:09 GMT+0100 (CET);1574754309000;0.08;20.22;4.78
1438719252742555;7.9;31.2;Tue Nov 26 2019 08:47:06 GMT+0100 (CET);Tue Nov 26 2019 07:47:06 GMT+0100 (CET);1574754426000;0.1;22.04;4.82
1438719252742555;7.9;31.6;Tue Nov 26 2019 08:49:07 GMT+0100 (CET);Tue Nov 26 2019 07:49:07 GMT+0100 (CET);1574754547000;0.12;27.06;4.85
1438719252742555;7.9;31.8;Tue Nov 26 2019 08:51:19 GMT+0100 (CET);Tue Nov 26 2019 07:51:19 GMT+0100 (CET);1574754679000;0.12;26.33;4.89
1438719252742555;7.9;32.2;Tue Nov 26 2019 08:53:12 GMT+0100 (CET);Tue Nov 26 2019 07:53:12 GMT+0100 (CET);1574754792000;0.12;28.23;4.93
1438719252742555;7.9;32.3;Tue Nov 26 2019 08:55:56 GMT+0100 (CET);Tue Nov 26 2019 07:55:56 GMT+0100 (CET);1574754956000;0.12;28.5;4.96
1438719252742555;7.9;32.1;Tue Nov 26 2019 08:58:05 GMT+0100 (CET);Tue Nov 26 2019 07:58:05 GMT+0100 (CET);1574755085000;0.14;30.89;5
1438719252742555;8.4;32.2;Tue Nov 26 2019 08:59:57 GMT+0100 (CET);Tue Nov 26 2019 07:59:57 GMT+0100 (CET);1574755197000;0.15;33.85;5.02
1438719252742555;8.4;32.9;Tue Nov 26 2019 09:02:10 GMT+0100 (CET);Tue Nov 26 2019 08:02:10 GMT+0100 (CET);1574755330000;0.18;40.05;5.04
1438719252742555;8.4;33;Tue Nov 26 2019 09:04:47 GMT+0100 (CET);Tue Nov 26 2019 08:04:47 GMT+0100 (CET);1574755487000;0.21;46.83;5.1
1438719252742555;8.4;33.4;Tue Nov 26 2019 09:07:04 GMT+0100 (CET);Tue Nov 26 2019 08:07:04 GMT+0100 (CET);1574755624000;0.21;46.12;5.19
1438719252742555;8.4;33.4;Tue Nov 26 2019 09:09:22 GMT+0100 (CET);Tue Nov 26 2019 08:09:22 GMT+0100 (CET);1574755762000;0.22;48.48;5.28
1438719252742555;8.4;33.5;Tue Nov 26 2019 09:11:24 GMT+0100 (CET);Tue Nov 26 2019 08:11:24 GMT+0100 (CET);1574755884000;0.23;51.29;5.35
1438719252742555;8.4;33.7;Tue Nov 26 2019 09:13:25 GMT+0100 (CET);Tue Nov 26 2019 08:13:25 GMT+0100 (CET);1574756005000;0.24;53.16;5.42
1438719252742555;9.9;33.6;Tue Nov 26 2019 09:15:26 GMT+0100 (CET);Tue Nov 26 2019 08:15:26 GMT+0100 (CET);1574756126000;0.24;52.9;5.51
1438719252742555;9.9;33.7;Tue Nov 26 2019 09:17:51 GMT+0100 (CET);Tue Nov 26 2019 08:17:51 GMT+0100 (CET);1574756271000;0.26;56.53;5.58
1438719252742555;9.9;33.7;Tue Nov 26 2019 09:19:58 GMT+0100 (CET);Tue Nov 26 2019 08:19:58 GMT+0100 (CET);1574756398000;0.28;61.62;5.66
1438719252742555;9.9;34;Tue Nov 26 2019 09:22:05 GMT+0100 (CET);Tue Nov 26 2019 08:22:05 GMT+0100 (CET);1574756525000;0.32;72.07;5.77
1438719252742555;10.4;34.3;Tue Nov 26 2019 09:24:29 GMT+0100 (CET);Tue Nov 26 2019 08:24:29 GMT+0100 (CET);1574756669000;0.4;85.1;5.85
1438719252742555;10.4;34.7;Tue Nov 26 2019 09:26:28 GMT+0100 (CET);Tue Nov 26 2019 08:26:28 GMT+0100 (CET);1574756788000;0.37;78.94;5.92
1438719252742555;11.9;34.5;Tue Nov 26 2019 09:28:34 GMT+0100 (CET);Tue Nov 26 2019 08:28:34 GMT+0100 (CET);1574756914000;0.36;76.92;5.97
1438719252742555;11.9;34.3;Tue Nov 26 2019 09:30:30 GMT+0100 (CET);Tue Nov 26 2019 08:30:30 GMT+0100 (CET);1574757030000;0.35;77.35;6.01
1438719252742555;11.9;34.8;Tue Nov 26 2019 09:33:01 GMT+0100 (CET);Tue Nov 26 2019 08:33:01 GMT+0100 (CET);1574757181000;0.48;103.79;6.14
1438719252742555;11.9;35.4;Tue Nov 26 2019 09:34:56 GMT+0100 (CET);Tue Nov 26 2019 08:34:56 GMT+0100 (CET);1574757296000;0.46;99.43;6.19
1438719252742555;11.9;35.3;Tue Nov 26 2019 09:37:03 GMT+0100 (CET);Tue Nov 26 2019 08:37:03 GMT+0100 (CET);1574757423000;0.45;99.42;6.24
1438719252742555;11.9;35.4;Tue Nov 26 2019 09:39:11 GMT+0100 (CET);Tue Nov 26 2019 08:39:11 GMT+0100 (CET);1574757551000;0.46;100.41;6.28
1438719252742555;11.9;35.3;Tue Nov 26 2019 09:41:19 GMT+0100 (CET);Tue Nov 26 2019 08:41:19 GMT+0100 (CET);1574757679000;0.47;102.49;6.35
1438719252742555;12.4;35.4;Tue Nov 26 2019 09:43:27 GMT+0100 (CET);Tue Nov 26 2019 08:43:27 GMT+0100 (CET);1574757807000;0.44;93.58;6.42
1438719252742555;12.4;35.2;Tue Nov 26 2019 09:45:27 GMT+0100 (CET);Tue Nov 26 2019 08:45:27 GMT+0100 (CET);1574757927000;0.39;85.57;6.48
1438719252742555;12.4;35;Tue Nov 26 2019 09:47:25 GMT+0100 (CET);Tue Nov 26 2019 08:47:25 GMT+0100 (CET);1574758045000;0.37;81.27;6.49
1438719252742555;12.4;34.4;Tue Nov 26 2019 09:49:19 GMT+0100 (CET);Tue Nov 26 2019 08:49:19 GMT+0100 (CET);1574758159000;0.39;82.9;6.49
1438719252742555;12.4;34.3;Tue Nov 26 2019 09:51:19 GMT+0100 (CET);Tue Nov 26 2019 08:51:19 GMT+0100 (CET);1574758279000;0.39;81.34;6.53
1438719252742555;12.4;34;Tue Nov 26 2019 10:08:50 GMT+0100 (CET);Tue Nov 26 2019 09:08:50 GMT+0100 (CET);1574759330000;0.35;77.65;6.69
1438719252742555;12.4;34.2;Tue Nov 26 2019 10:10:43 GMT+0100 (CET);Tue Nov 26 2019 09:10:43 GMT+0100 (CET);1574759443000;0.38;83.05;6.71
1438719252742555;12.4;34.5;Tue Nov 26 2019 10:12:36 GMT+0100 (CET);Tue Nov 26 2019 09:12:36 GMT+0100 (CET);1574759556000;0.39;85.02;6.79
1438719252742555;12.4;34.4;Tue Nov 26 2019 10:14:29 GMT+0100 (CET);Tue Nov 26 2019 09:14:29 GMT+0100 (CET);1574759669000;0.38;84.64;6.85
1438719252742555;12.4;34.5;Tue Nov 26 2019 10:16:23 GMT+0100 (CET);Tue Nov 26 2019 09:16:23 GMT+0100 (CET);1574759783000;0.42;91.68;6.86
1438719252742555;12.4;34.7;Tue Nov 26 2019 10:18:18 GMT+0100 (CET);Tue Nov 26 2019 09:18:18 GMT+0100 (CET);1574759898000;0.52;114.38;6.92
1438719252742555;12.4;35.5;Tue Nov 26 2019 10:20:11 GMT+0100 (CET);Tue Nov 26 2019 09:20:11 GMT+0100 (CET);1574760011000;0.64;141.21;6.97
1438719252742555;13.9;36;Tue Nov 26 2019 10:22:03 GMT+0100 (CET);Tue Nov 26 2019 09:22:03 GMT+0100 (CET);1574760123000;0.69;154.52;7.08
1438719252742555;13.9;36.1;Tue Nov 26 2019 10:23:56 GMT+0100 (CET);Tue Nov 26 2019 09:23:56 GMT+0100 (CET);1574760236000;0.69;157.35;7.16
1438719252742555;13.9;36.1;Tue Nov 26 2019 10:25:49 GMT+0100 (CET);Tue Nov 26 2019 09:25:49 GMT+0100 (CET);1574760349000;0.83;185.64;7.23
1438719252742555;13.9;36.2;Tue Nov 26 2019 10:27:41 GMT+0100 (CET);Tue Nov 26 2019 09:27:41 GMT+0100 (CET);1574760461000;0.76;170.73;7.39
1438719252742555;13.9;36.1;Tue Nov 26 2019 10:29:34 GMT+0100 (CET);Tue Nov 26 2019 09:29:34 GMT+0100 (CET);1574760574000;0.73;163.39;7.48
1438719252742555;14.4;36.1;Tue Nov 26 2019 10:31:29 GMT+0100 (CET);Tue Nov 26 2019 09:31:29 GMT+0100 (CET);1574760689000;0.73;163.41;7.62
1438719252742555;14.4;35.8;Tue Nov 26 2019 10:33:22 GMT+0100 (CET);Tue Nov 26 2019 09:33:22 GMT+0100 (CET);1574760802000;0.69;153.34;7.73
1438719252742555;14.4;35.6;Tue Nov 26 2019 10:35:15 GMT+0100 (CET);Tue Nov 26 2019 09:35:15 GMT+0100 (CET);1574760915000;0.7;155.17;7.84
1438719252742555;14.4;35.6;Tue Nov 26 2019 10:37:08 GMT+0100 (CET);Tue Nov 26 2019 09:37:08 GMT+0100 (CET);1574761028000;0.75;166.94;7.94
1438719252742555;14.4;35.9;Tue Nov 26 2019 10:39:20 GMT+0100 (CET);Tue Nov 26 2019 09:39:20 GMT+0100 (CET);1574761160000;0.83;183.73;7.98
1438719252742555;15.9;35.8;Tue Nov 26 2019 10:41:13 GMT+0100 (CET);Tue Nov 26 2019 09:41:13 GMT+0100 (CET);1574761273000;0.76;168.59;8.06
1438719252742555;15.9;35.7;Tue Nov 26 2019 10:43:05 GMT+0100 (CET);Tue Nov 26 2019 09:43:05 GMT+0100 (CET);1574761385000;0.81;178.01;8.1
1438719252742555;15.9;35.6;Tue Nov 26 2019 10:44:58 GMT+0100 (CET);Tue Nov 26 2019 09:44:58 GMT+0100 (CET);1574761498000;0.77;167.68;8.16
1438719252742555;15.9;35.4;Tue Nov 26 2019 10:46:51 GMT+0100 (CET);Tue Nov 26 2019 09:46:51 GMT+0100 (CET);1574761611000;0.69;149.28;8.27
1438719252742555;15.9;35.3;Tue Nov 26 2019 10:48:44 GMT+0100 (CET);Tue Nov 26 2019 09:48:44 GMT+0100 (CET);1574761724000;0.69;148.5;8.32
1438719252742555;15.9;35.4;Tue Nov 26 2019 10:50:36 GMT+0100 (CET);Tue Nov 26 2019 09:50:36 GMT+0100 (CET);1574761836000;0.71;155.04;8.34
1438719252742555;15.9;35.4;Tue Nov 26 2019 10:52:29 GMT+0100 (CET);Tue Nov 26 2019 09:52:29 GMT+0100 (CET);1574761949000;0.73;159.09;8.39
1438719252742555;15.9;35.6;Tue Nov 26 2019 10:54:46 GMT+0100 (CET);Tue Nov 26 2019 09:54:46 GMT+0100 (CET);1574762086000;0.79;171.24;8.51
1438719252742555;15.9;35.6;Tue Nov 26 2019 10:56:39 GMT+0100 (CET);Tue Nov 26 2019 09:56:39 GMT+0100 (CET);1574762199000;0.75;165.97;8.61
1438719252742555;15.9;35.6;Tue Nov 26 2019 10:58:31 GMT+0100 (CET);Tue Nov 26 2019 09:58:31 GMT+0100 (CET);1574762311000;0.71;159.76;8.67
1438719252742555;16.4;35.6;Tue Nov 26 2019 11:00:24 GMT+0100 (CET);Tue Nov 26 2019 10:00:24 GMT+0100 (CET);1574762424000;0.83;188;8.71
1438719252742555;16.4;33.9;Tue Nov 26 2019 11:02:24 GMT+0100 (CET);Tue Nov 26 2019 10:02:24 GMT+0100 (CET);1574762544000;0.84;203.33;8.77
1438719252742555;15.9;32.6;Tue Nov 26 2019 11:04:17 GMT+0100 (CET);Tue Nov 26 2019 10:04:17 GMT+0100 (CET);1574762657000;0.81;195.79;8.82
1438719252742555;15.9;31.5;Tue Nov 26 2019 11:06:11 GMT+0100 (CET);Tue Nov 26 2019 10:06:11 GMT+0100 (CET);1574762771000;2.12;412.15;8.79
1438719252742555;15.9;34.7;Tue Nov 26 2019 11:08:03 GMT+0100 (CET);Tue Nov 26 2019 10:08:03 GMT+0100 (CET);1574762883000;1.29;297.66;9.06
1438719252742555;15.9;36.7;Tue Nov 26 2019 11:10:17 GMT+0100 (CET);Tue Nov 26 2019 10:10:17 GMT+0100 (CET);1574763017000;2.37;545.27;9.48
1438719252742555;15.9;36.6;Tue Nov 26 2019 11:12:10 GMT+0100 (CET);Tue Nov 26 2019 10:12:10 GMT+0100 (CET);1574763130000;3.03;650.23;10.18
1438719252742555;17.4;35.8;Tue Nov 26 2019 11:14:03 GMT+0100 (CET);Tue Nov 26 2019 10:14:03 GMT+0100 (CET);1574763243000;1.71;414.71;10.81
1438719252742555;17.4;35.7;Tue Nov 26 2019 11:15:56 GMT+0100 (CET);Tue Nov 26 2019 10:15:56 GMT+0100 (CET);1574763356000;1.44;310.88;11.01
1438719252742555;20;35.1;Tue Nov 26 2019 11:17:57 GMT+0100 (CET);Tue Nov 26 2019 10:17:57 GMT+0100 (CET);1574763477000;1.35;298.22;11
1438719252742555;20;35.6;Tue Nov 26 2019 11:19:50 GMT+0100 (CET);Tue Nov 26 2019 10:19:50 GMT+0100 (CET);1574763590000;1.9;463.35;10.94
1438719252742555;20;35.7;Tue Nov 26 2019 11:21:43 GMT+0100 (CET);Tue Nov 26 2019 10:21:43 GMT+0100 (CET);1574763703000;1.73;389.11;10.86
1438719252742555;20.5;35.2;Tue Nov 26 2019 11:23:36 GMT+0100 (CET);Tue Nov 26 2019 10:23:36 GMT+0100 (CET);1574763816000;2.41;529.91;10.79
1438719252742555;20.5;34.2;Tue Nov 26 2019 11:25:44 GMT+0100 (CET);Tue Nov 26 2019 10:25:44 GMT+0100 (CET);1574763944000;2.11;376.31;10.83
1438719252742555;20.5;33.5;Tue Nov 26 2019 11:27:38 GMT+0100 (CET);Tue Nov 26 2019 10:27:38 GMT+0100 (CET);1574764058000;1.54;358.39;10.71
1438719252742555;20.5;36.2;Tue Nov 26 2019 11:29:31 GMT+0100 (CET);Tue Nov 26 2019 10:29:31 GMT+0100 (CET);1574764171000;1.32;298.05;10.6
1438719252742555;20.5;35;Tue Nov 26 2019 11:31:23 GMT+0100 (CET);Tue Nov 26 2019 10:31:23 GMT+0100 (CET);1574764283000;2.44;481.27;10.48
1438719252742555;20.5;35.3;Tue Nov 26 2019 11:33:36 GMT+0100 (CET);Tue Nov 26 2019 10:33:36 GMT+0100 (CET);1574764416000;1.97;437.75;10.68
1438719252742555;20.5;35.4;Tue Nov 26 2019 11:35:29 GMT+0100 (CET);Tue Nov 26 2019 10:35:29 GMT+0100 (CET);1574764529000;1.82;442.87;10.97
1438719252742555;20.5;36;Tue Nov 26 2019 11:37:22 GMT+0100 (CET);Tue Nov 26 2019 10:37:22 GMT+0100 (CET);1574764642000;2.17;478.71;11.28
1438719252742555;22;35.8;Tue Nov 26 2019 11:39:15 GMT+0100 (CET);Tue Nov 26 2019 10:39:15 GMT+0100 (CET);1574764755000;2.16;476.15;11.54
1438719252742555;22;35.6;Tue Nov 26 2019 11:41:14 GMT+0100 (CET);Tue Nov 26 2019 10:41:14 GMT+0100 (CET);1574764874000;1.97;440.31;11.73
1438719252742555;22;35.7;Tue Nov 26 2019 11:43:06 GMT+0100 (CET);Tue Nov 26 2019 10:43:06 GMT+0100 (CET);1574764986000;2.17;473.59;12.01
1438719252742555;22;35.6;Tue Nov 26 2019 11:44:59 GMT+0100 (CET);Tue Nov 26 2019 10:44:59 GMT+0100 (CET);1574765099000;2.16;473.59;12.18
1438719252742555;22.5;35.6;Tue Nov 26 2019 11:46:52 GMT+0100 (CET);Tue Nov 26 2019 10:46:52 GMT+0100 (CET);1574765212000;2.07;450.55;12.21
1438719252742555;22.5;35.6;Tue Nov 26 2019 11:49:12 GMT+0100 (CET);Tue Nov 26 2019 10:49:12 GMT+0100 (CET);1574765352000;2.08;458.23;12.4
1438719252742555;22.5;35.5;Tue Nov 26 2019 11:51:04 GMT+0100 (CET);Tue Nov 26 2019 10:51:04 GMT+0100 (CET);1574765464000;2.26;496.63;12.61
1438719252742555;24;35.4;Tue Nov 26 2019 11:52:57 GMT+0100 (CET);Tue Nov 26 2019 10:52:57 GMT+0100 (CET);1574765577000;2.23;481.27;12.6
1438719252742555;24;35.4;Tue Nov 26 2019 11:54:50 GMT+0100 (CET);Tue Nov 26 2019 10:54:50 GMT+0100 (CET);1574765690000;2.35;509.43;12.57
1438719252742555;24;35.4;Tue Nov 26 2019 11:56:48 GMT+0100 (CET);Tue Nov 26 2019 10:56:48 GMT+0100 (CET);1574765808000;2.32;501.75;12.67
1438719252742555;24;35.3;Tue Nov 26 2019 11:58:41 GMT+0100 (CET);Tue Nov 26 2019 10:58:41 GMT+0100 (CET);1574765921000;2.3;496.63;12.86
1438719252742555;24;35.2;Tue Nov 26 2019 12:00:33 GMT+0100 (CET);Tue Nov 26 2019 11:00:33 GMT+0100 (CET);1574766033000;2.27;494.07;13.07
1438719252742555;24;35.2;Tue Nov 26 2019 12:02:26 GMT+0100 (CET);Tue Nov 26 2019 11:02:26 GMT+0100 (CET);1574766146000;1.51;323.28;13.05
1438719252742555;24;33.9;Tue Nov 26 2019 12:04:49 GMT+0100 (CET);Tue Nov 26 2019 11:04:49 GMT+0100 (CET);1574766289000;1.16;263;12.71
1438719252742555;24;34.5;Tue Nov 26 2019 12:06:44 GMT+0100 (CET);Tue Nov 26 2019 11:06:44 GMT+0100 (CET);1574766404000;1.88;409.59;12.47
1438719252742555;24;35.6;Tue Nov 26 2019 12:08:37 GMT+0100 (CET);Tue Nov 26 2019 11:08:37 GMT+0100 (CET);1574766517000;1.95;422.39;12.51
1438719252742555;24;34.7;Tue Nov 26 2019 12:10:30 GMT+0100 (CET);Tue Nov 26 2019 11:10:30 GMT+0100 (CET);1574766630000;1.07;241.28;12.47
1438719252742555;24;34.7;Tue Nov 26 2019 12:12:24 GMT+0100 (CET);Tue Nov 26 2019 11:12:24 GMT+0100 (CET);1574766744000;1.14;251.94;12.22
1438719252742555;24;35;Tue Nov 26 2019 12:14:16 GMT+0100 (CET);Tue Nov 26 2019 11:14:16 GMT+0100 (CET);1574766856000;1.09;240.92;12.07
1438719252742555;24;35;Tue Nov 26 2019 12:16:09 GMT+0100 (CET);Tue Nov 26 2019 11:16:09 GMT+0100 (CET);1574766969000;1;218.92;11.78
1438719252742555;24;34.8;Tue Nov 26 2019 12:18:03 GMT+0100 (CET);Tue Nov 26 2019 11:18:03 GMT+0100 (CET);1574767083000;0.93;199.94;11.58
1438719252742555;24;34.5;Tue Nov 26 2019 12:20:15 GMT+0100 (CET);Tue Nov 26 2019 11:20:15 GMT+0100 (CET);1574767215000;0.83;177.65;11.47
1438719252742555;22;34.4;Tue Nov 26 2019 12:22:08 GMT+0100 (CET);Tue Nov 26 2019 11:22:08 GMT+0100 (CET);1574767328000;0.73;155.87;11.27
1438719252742555;22;34.3;Tue Nov 26 2019 12:24:01 GMT+0100 (CET);Tue Nov 26 2019 11:24:01 GMT+0100 (CET);1574767441000;0.72;155.49;11.11
1438719252742555;22;34.5;Tue Nov 26 2019 12:25:54 GMT+0100 (CET);Tue Nov 26 2019 11:25:54 GMT+0100 (CET);1574767554000;0.77;163.5;11.04
1438719252742555;22;34.9;Tue Nov 26 2019 12:27:47 GMT+0100 (CET);Tue Nov 26 2019 11:27:47 GMT+0100 (CET);1574767667000;0.84;182.1;10.96
1438719252742555;22;35.2;Tue Nov 26 2019 12:29:40 GMT+0100 (CET);Tue Nov 26 2019 11:29:40 GMT+0100 (CET);1574767780000;0.91;198.49;10.92
1438719252742555;20.5;35.6;Tue Nov 26 2019 12:31:33 GMT+0100 (CET);Tue Nov 26 2019 11:31:33 GMT+0100 (CET);1574767893000;1.02;228.18;10.9
1438719252742555;20.5;35.7;Tue Nov 26 2019 12:33:26 GMT+0100 (CET);Tue Nov 26 2019 11:33:26 GMT+0100 (CET);1574768006000;1.88;366.07;10.97
1438719252742555;20.5;35.5;Tue Nov 26 2019 12:35:50 GMT+0100 (CET);Tue Nov 26 2019 11:35:50 GMT+0100 (CET);1574768150000;1.2;269.94;11.18
1438719252742555;20.5;35.7;Tue Nov 26 2019 12:37:42 GMT+0100 (CET);Tue Nov 26 2019 11:37:42 GMT+0100 (CET);1574768262000;1.32;288.37;11.32
1438719252742555;20.5;35.3;Tue Nov 26 2019 12:39:35 GMT+0100 (CET);Tue Nov 26 2019 11:39:35 GMT+0100 (CET);1574768375000;1.02;231.44;11.35
1438719252742555;20;35.4;Tue Nov 26 2019 12:41:27 GMT+0100 (CET);Tue Nov 26 2019 11:41:27 GMT+0100 (CET);1574768487000;1.08;238.91;11.31
1438719252742555;20;35.6;Tue Nov 26 2019 12:43:20 GMT+0100 (CET);Tue Nov 26 2019 11:43:20 GMT+0100 (CET);1574768600000;1.19;244.09;11.42
1438719252742555;20;35.2;Tue Nov 26 2019 12:45:16 GMT+0100 (CET);Tue Nov 26 2019 11:45:16 GMT+0100 (CET);1574768716000;0.92;203.67;11.36
1438719252742555;20;35.2;Tue Nov 26 2019 12:47:08 GMT+0100 (CET);Tue Nov 26 2019 11:47:08 GMT+0100 (CET);1574768828000;0.82;182.8;11.32
1438719252742555;20;35;Tue Nov 26 2019 12:49:01 GMT+0100 (CET);Tue Nov 26 2019 11:49:01 GMT+0100 (CET);1574768941000;0.8;174.63;11.18
1438719252742555;20;35;Tue Nov 26 2019 12:51:25 GMT+0100 (CET);Tue Nov 26 2019 11:51:25 GMT+0100 (CET);1574769085000;0.75;166.68;11.13
1438719252742555;20;35.2;Tue Nov 26 2019 12:53:18 GMT+0100 (CET);Tue Nov 26 2019 11:53:18 GMT+0100 (CET);1574769198000;0.86;203.37;11.11
1438719252742555;20;35.4;Tue Nov 26 2019 12:55:11 GMT+0100 (CET);Tue Nov 26 2019 11:55:11 GMT+0100 (CET);1574769311000;1.15;252.98;11.17
1438719252742555;20;35.8;Tue Nov 26 2019 12:57:04 GMT+0100 (CET);Tue Nov 26 2019 11:57:04 GMT+0100 (CET);1574769424000;1.23;271.33;11.21
1438719252742555;20;35.8;Tue Nov 26 2019 12:58:56 GMT+0100 (CET);Tue Nov 26 2019 11:58:56 GMT+0100 (CET);1574769536000;1.29;281.88;11.18
1438719252742555;20;35.7;Tue Nov 26 2019 13:00:50 GMT+0100 (CET);Tue Nov 26 2019 12:00:50 GMT+0100 (CET);1574769650000;1.2;266.64;11.16
1438719252742555;20;35.4;Tue Nov 26 2019 13:02:43 GMT+0100 (CET);Tue Nov 26 2019 12:02:43 GMT+0100 (CET);1574769763000;1.24;277.38;11.19
1438719252742555;20;35.7;Tue Nov 26 2019 13:04:37 GMT+0100 (CET);Tue Nov 26 2019 12:04:37 GMT+0100 (CET);1574769877000;1.14;256.51;11.34
1438719252742555;20;35.5;Tue Nov 26 2019 13:06:48 GMT+0100 (CET);Tue Nov 26 2019 12:06:48 GMT+0100 (CET);1574770008000;1.11;249.06;11.51
1438719252742555;20;35.4;Tue Nov 26 2019 13:08:41 GMT+0100 (CET);Tue Nov 26 2019 12:08:41 GMT+0100 (CET);1574770121000;1.02;226.6;11.54
1438719252742555;20;35.2;Tue Nov 26 2019 13:10:35 GMT+0100 (CET);Tue Nov 26 2019 12:10:35 GMT+0100 (CET);1574770235000;0.87;194.1;11.44
1438719252742555;20;35.1;Tue Nov 26 2019 13:12:28 GMT+0100 (CET);Tue Nov 26 2019 12:12:28 GMT+0100 (CET);1574770348000;0.82;179.93;11.39
1438719252742555;20;34.9;Tue Nov 26 2019 13:14:26 GMT+0100 (CET);Tue Nov 26 2019 12:14:26 GMT+0100 (CET);1574770466000;0.77;168.81;11.35
1438719252742555;20;34.9;Tue Nov 26 2019 13:16:19 GMT+0100 (CET);Tue Nov 26 2019 12:16:19 GMT+0100 (CET);1574770579000;0.74;161.84;11.4
1438719252742555;20;34.8;Tue Nov 26 2019 13:18:12 GMT+0100 (CET);Tue Nov 26 2019 12:18:12 GMT+0100 (CET);1574770692000;0.73;161;11.41
1438719252742555;20;35;Tue Nov 26 2019 13:20:05 GMT+0100 (CET);Tue Nov 26 2019 12:20:05 GMT+0100 (CET);1574770805000;0.76;168.49;11.34
1438719252742555;20;35.2;Tue Nov 26 2019 13:22:31 GMT+0100 (CET);Tue Nov 26 2019 12:22:31 GMT+0100 (CET);1574770951000;0.81;178.18;11.24
1438719252742555;17.4;35.2;Tue Nov 26 2019 13:24:24 GMT+0100 (CET);Tue Nov 26 2019 12:24:24 GMT+0100 (CET);1574771064000;0.83;182.55;11.25
1438719252742555;17.4;35.2;Tue Nov 26 2019 13:26:18 GMT+0100 (CET);Tue Nov 26 2019 12:26:18 GMT+0100 (CET);1574771178000;0.82;180.9;11.25
1438719252742555;17.4;35.2;Tue Nov 26 2019 13:28:11 GMT+0100 (CET);Tue Nov 26 2019 12:28:11 GMT+0100 (CET);1574771291000;0.82;181.55;11.21
1438719252742555;17.4;35.4;Tue Nov 26 2019 13:30:19 GMT+0100 (CET);Tue Nov 26 2019 12:30:19 GMT+0100 (CET);1574771419000;0.8;180.34;11.21
1438719252742555;17.4;35.3;Tue Nov 26 2019 13:32:13 GMT+0100 (CET);Tue Nov 26 2019 12:32:13 GMT+0100 (CET);1574771533000;0.77;171.49;11.18
1438719252742555;17.4;35.2;Tue Nov 26 2019 13:34:06 GMT+0100 (CET);Tue Nov 26 2019 12:34:06 GMT+0100 (CET);1574771646000;0.75;166.54;11.22
1438719252742555;17.4;35.2;Tue Nov 26 2019 13:35:58 GMT+0100 (CET);Tue Nov 26 2019 12:35:58 GMT+0100 (CET);1574771758000;0.76;169.82;11.23
1438719252742555;17.4;35.5;Tue Nov 26 2019 13:38:17 GMT+0100 (CET);Tue Nov 26 2019 12:38:17 GMT+0100 (CET);1574771897000;0.96;215.19;11.25
1438719252742555;17.4;35.6;Tue Nov 26 2019 13:40:12 GMT+0100 (CET);Tue Nov 26 2019 12:40:12 GMT+0100 (CET);1574772012000;1.01;221.45;11.34
1438719252742555;17.4;35.5;Tue Nov 26 2019 13:42:05 GMT+0100 (CET);Tue Nov 26 2019 12:42:05 GMT+0100 (CET);1574772125000;0.94;207.57;11.41
1438719252742555;17.4;35.3;Tue Nov 26 2019 13:43:58 GMT+0100 (CET);Tue Nov 26 2019 12:43:58 GMT+0100 (CET);1574772238000;0.87;191.74;11.46
1438719252742555;17.4;35.2;Tue Nov 26 2019 13:45:51 GMT+0100 (CET);Tue Nov 26 2019 12:45:51 GMT+0100 (CET);1574772351000;0.81;180.51;11.48
1438719252742555;17.4;35.2;Tue Nov 26 2019 13:47:46 GMT+0100 (CET);Tue Nov 26 2019 12:47:46 GMT+0100 (CET);1574772466000;0.81;181.75;11.46
1438719252742555;17.4;35.1;Tue Nov 26 2019 13:49:49 GMT+0100 (CET);Tue Nov 26 2019 12:49:49 GMT+0100 (CET);1574772589000;0.74;165.84;11.37
1438719252742555;17.4;35.2;Tue Nov 26 2019 13:51:47 GMT+0100 (CET);Tue Nov 26 2019 12:51:47 GMT+0100 (CET);1574772707000;0.73;165.31;11.21
1438719252742555;17.4;35.1;Tue Nov 26 2019 13:53:47 GMT+0100 (CET);Tue Nov 26 2019 12:53:47 GMT+0100 (CET);1574772827000;0.71;162.33;11.06
1438719252742555;17.4;35.2;Tue Nov 26 2019 13:55:42 GMT+0100 (CET);Tue Nov 26 2019 12:55:42 GMT+0100 (CET);1574772942000;0.75;169.93;10.96
1438719252742555;17.4;35.3;Tue Nov 26 2019 13:57:35 GMT+0100 (CET);Tue Nov 26 2019 12:57:35 GMT+0100 (CET);1574773055000;0.74;167.8;10.96
1438719252742555;17.4;35.3;Tue Nov 26 2019 13:59:27 GMT+0100 (CET);Tue Nov 26 2019 12:59:27 GMT+0100 (CET);1574773167000;0.74;168;10.96
1438719252742555;17.4;35.3;Tue Nov 26 2019 14:01:28 GMT+0100 (CET);Tue Nov 26 2019 13:01:28 GMT+0100 (CET);1574773288000;0.73;164.54;10.99
1438719252742555;17.4;34.7;Tue Nov 26 2019 14:03:21 GMT+0100 (CET);Tue Nov 26 2019 13:03:21 GMT+0100 (CET);1574773401000;0.64;140.31;10.89
1438719252742555;17.4;35;Tue Nov 26 2019 14:05:13 GMT+0100 (CET);Tue Nov 26 2019 13:05:13 GMT+0100 (CET);1574773513000;0.61;136.63;10.78
1438719252742555;17.4;35;Tue Nov 26 2019 14:07:07 GMT+0100 (CET);Tue Nov 26 2019 13:07:07 GMT+0100 (CET);1574773627000;0.61;136.24;10.67
1438719252742555;17.4;35;Tue Nov 26 2019 14:09:29 GMT+0100 (CET);Tue Nov 26 2019 13:09:29 GMT+0100 (CET);1574773769000;0.59;130.21;10.56
1438719252742555;16.4;34.8;Tue Nov 26 2019 14:11:21 GMT+0100 (CET);Tue Nov 26 2019 13:11:21 GMT+0100 (CET);1574773881000;0.57;125.33;10.49
1438719252742555;16.4;34.7;Tue Nov 26 2019 14:13:14 GMT+0100 (CET);Tue Nov 26 2019 13:13:14 GMT+0100 (CET);1574773994000;0.55;121.59;10.44
1438719252742555;16.4;34.6;Tue Nov 26 2019 14:15:15 GMT+0100 (CET);Tue Nov 26 2019 13:15:15 GMT+0100 (CET);1574774115000;0.55;119.97;10.42
1438719252742555;17.9;34.6;Tue Nov 26 2019 14:17:09 GMT+0100 (CET);Tue Nov 26 2019 13:17:09 GMT+0100 (CET);1574774229000;0.54;118.37;10.38
1438719252742555;17.9;34.6;Tue Nov 26 2019 14:19:07 GMT+0100 (CET);Tue Nov 26 2019 13:19:07 GMT+0100 (CET);1574774347000;0.53;115.54;10.33
1438719252742555;17.9;34.5;Tue Nov 26 2019 14:21:00 GMT+0100 (CET);Tue Nov 26 2019 13:21:00 GMT+0100 (CET);1574774460000;0.51;111.93;10.25
1438719252742555;16.4;34.5;Tue Nov 26 2019 14:22:52 GMT+0100 (CET);Tue Nov 26 2019 13:22:52 GMT+0100 (CET);1574774572000;0.52;110.87;10.24
1438719252742555;16.4;34.4;Tue Nov 26 2019 14:24:57 GMT+0100 (CET);Tue Nov 26 2019 13:24:57 GMT+0100 (CET);1574774697000;0.49;108.05;10.24
1438719252742555;15.9;34.5;Tue Nov 26 2019 14:26:50 GMT+0100 (CET);Tue Nov 26 2019 13:26:50 GMT+0100 (CET);1574774810000;0.49;106.36;10.17
1438719252742555;15.9;34.5;Tue Nov 26 2019 14:28:42 GMT+0100 (CET);Tue Nov 26 2019 13:28:42 GMT+0100 (CET);1574774922000;0.48;104.12;10.07
1438719252742555;15.9;34.5;Tue Nov 26 2019 14:30:36 GMT+0100 (CET);Tue Nov 26 2019 13:30:36 GMT+0100 (CET);1574775036000;0.44;95.74;9.96
1438719252742555;15.9;34.2;Tue Nov 26 2019 14:32:41 GMT+0100 (CET);Tue Nov 26 2019 13:32:41 GMT+0100 (CET);1574775161000;0.4;85.06;9.85
1438719252742555;15.9;34.2;Tue Nov 26 2019 14:34:33 GMT+0100 (CET);Tue Nov 26 2019 13:34:33 GMT+0100 (CET);1574775273000;0.42;89.59;9.78
1438719252742555;15.9;34.4;Tue Nov 26 2019 14:36:27 GMT+0100 (CET);Tue Nov 26 2019 13:36:27 GMT+0100 (CET);1574775387000;0.46;98.18;9.77
1438719252742555;15.9;34.3;Tue Nov 26 2019 14:38:19 GMT+0100 (CET);Tue Nov 26 2019 13:38:19 GMT+0100 (CET);1574775499000;0.4;87.33;9.77
1438719252742555;15.9;34.1;Tue Nov 26 2019 14:40:12 GMT+0100 (CET);Tue Nov 26 2019 13:40:12 GMT+0100 (CET);1574775612000;0.34;75.44;9.75
1438719252742555;15.9;33.8;Tue Nov 26 2019 14:42:06 GMT+0100 (CET);Tue Nov 26 2019 13:42:06 GMT+0100 (CET);1574775726000;0.36;77.28;9.75
1438719252742555;15.9;33.8;Tue Nov 26 2019 14:44:03 GMT+0100 (CET);Tue Nov 26 2019 13:44:03 GMT+0100 (CET);1574775843000;0.38;81.35;9.72
1438719252742555;15.9;34;Tue Nov 26 2019 14:45:57 GMT+0100 (CET);Tue Nov 26 2019 13:45:57 GMT+0100 (CET);1574775957000;0.39;84.78;9.74
1438719252742555;15.9;34;Tue Nov 26 2019 14:48:15 GMT+0100 (CET);Tue Nov 26 2019 13:48:15 GMT+0100 (CET);1574776095000;0.38;82.64;9.76
1438719252742555;15.9;33.9;Tue Nov 26 2019 14:50:08 GMT+0100 (CET);Tue Nov 26 2019 13:50:08 GMT+0100 (CET);1574776208000;0.37;79.8;9.72
1438719252742555;15.9;33.9;Tue Nov 26 2019 14:52:01 GMT+0100 (CET);Tue Nov 26 2019 13:52:01 GMT+0100 (CET);1574776321000;0.31;66.93;9.7
1438719252742555;15.9;33.4;Tue Nov 26 2019 14:53:53 GMT+0100 (CET);Tue Nov 26 2019 13:53:53 GMT+0100 (CET);1574776433000;0.29;63.47;9.64
1438719252742555;15.9;33.4;Tue Nov 26 2019 14:55:54 GMT+0100 (CET);Tue Nov 26 2019 13:55:54 GMT+0100 (CET);1574776554000;0.31;68.74;9.57
1438719252742555;15.9;33.4;Tue Nov 26 2019 14:57:46 GMT+0100 (CET);Tue Nov 26 2019 13:57:46 GMT+0100 (CET);1574776666000;0.3;65.73;9.5
1438719252742555;14.4;33.5;Tue Nov 26 2019 14:59:40 GMT+0100 (CET);Tue Nov 26 2019 13:59:40 GMT+0100 (CET);1574776780000;0.33;71.59;9.47
1438719252742555;14.4;33.7;Tue Nov 26 2019 15:01:35 GMT+0100 (CET);Tue Nov 26 2019 14:01:35 GMT+0100 (CET);1574776895000;0.32;70.03;9.45
1438719252742555;14.4;33.7;Tue Nov 26 2019 15:03:44 GMT+0100 (CET);Tue Nov 26 2019 14:03:44 GMT+0100 (CET);1574777024000;0.29;63.95;9.38
1438719252742555;14.4;33.4;Tue Nov 26 2019 15:05:38 GMT+0100 (CET);Tue Nov 26 2019 14:05:38 GMT+0100 (CET);1574777138000;0.28;62.01;9.27
1438719252742555;14.4;33.5;Tue Nov 26 2019 15:07:33 GMT+0100 (CET);Tue Nov 26 2019 14:07:33 GMT+0100 (CET);1574777253000;0.29;63.65;9.11
1438719252742555;14.4;33.7;Tue Nov 26 2019 15:09:34 GMT+0100 (CET);Tue Nov 26 2019 14:09:34 GMT+0100 (CET);1574777374000;0.3;64.7;8.96
1438719252742555;14.4;33.7;Tue Nov 26 2019 15:11:27 GMT+0100 (CET);Tue Nov 26 2019 14:11:27 GMT+0100 (CET);1574777487000;0.29;62.64;8.85
1438719252742555;13.9;33.6;Tue Nov 26 2019 15:13:19 GMT+0100 (CET);Tue Nov 26 2019 14:13:19 GMT+0100 (CET);1574777599000;0.27;57.42;8.75
1438719252742555;13.9;33.5;Tue Nov 26 2019 15:15:12 GMT+0100 (CET);Tue Nov 26 2019 14:15:12 GMT+0100 (CET);1574777712000;0.23;49.65;8.71
1438719252742555;13.9;33.1;Tue Nov 26 2019 15:17:06 GMT+0100 (CET);Tue Nov 26 2019 14:17:06 GMT+0100 (CET);1574777826000;0.23;49.4;8.67
1438719252742555;13.9;33.2;Tue Nov 26 2019 15:19:20 GMT+0100 (CET);Tue Nov 26 2019 14:19:20 GMT+0100 (CET);1574777960000;0.23;49.66;8.63
1438719252742555;13.9;33.2;Tue Nov 26 2019 15:21:17 GMT+0100 (CET);Tue Nov 26 2019 14:21:17 GMT+0100 (CET);1574778077000;0.23;48.77;8.6
1438719252742555;13.9;33.2;Tue Nov 26 2019 15:23:10 GMT+0100 (CET);Tue Nov 26 2019 14:23:10 GMT+0100 (CET);1574778190000;0.21;44.88;8.58
1438719252742555;13.9;32.9;Tue Nov 26 2019 15:25:02 GMT+0100 (CET);Tue Nov 26 2019 14:25:02 GMT+0100 (CET);1574778302000;0.18;40.02;8.6
1438719252742555;13.9;32.8;Tue Nov 26 2019 15:27:01 GMT+0100 (CET);Tue Nov 26 2019 14:27:01 GMT+0100 (CET);1574778421000;0.15;34.2;8.61
1438719252742555;13.9;32.3;Tue Nov 26 2019 15:28:54 GMT+0100 (CET);Tue Nov 26 2019 14:28:54 GMT+0100 (CET);1574778534000;0.14;30.87;8.62
1438719252742555;13.9;32.1;Tue Nov 26 2019 15:30:47 GMT+0100 (CET);Tue Nov 26 2019 14:30:47 GMT+0100 (CET);1574778647000;0.13;28.75;8.65
1438719252742555;12.4;31.6;Tue Nov 26 2019 15:32:40 GMT+0100 (CET);Tue Nov 26 2019 14:32:40 GMT+0100 (CET);1574778760000;0.16;34.81;8.65
1438719252742555;12.4;32.2;Tue Nov 26 2019 15:34:55 GMT+0100 (CET);Tue Nov 26 2019 14:34:55 GMT+0100 (CET);1574778895000;0.13;27.96;8.65
1438719252742555;12.4;32.2;Tue Nov 26 2019 15:36:48 GMT+0100 (CET);Tue Nov 26 2019 14:36:48 GMT+0100 (CET);1574779008000;0.09;20.95;8.58
1438719252742555;12.4;31;Tue Nov 26 2019 15:38:40 GMT+0100 (CET);Tue Nov 26 2019 14:38:40 GMT+0100 (CET);1574779120000;0.09;19.58;8.51
1438719252742555;12.4;30.8;Tue Nov 26 2019 15:40:33 GMT+0100 (CET);Tue Nov 26 2019 14:40:33 GMT+0100 (CET);1574779233000;0.08;17.64;8.48
1438719252742555;11.9;30.4;Tue Nov 26 2019 15:42:25 GMT+0100 (CET);Tue Nov 26 2019 14:42:25 GMT+0100 (CET);1574779345000;0.09;19.53;8.43
1438719252742555;11.9;30.7;Tue Nov 26 2019 15:44:18 GMT+0100 (CET);Tue Nov 26 2019 14:44:18 GMT+0100 (CET);1574779458000;0.09;19.54;8.41
1438719252742555;11.9;30.6;Tue Nov 26 2019 15:46:11 GMT+0100 (CET);Tue Nov 26 2019 14:46:11 GMT+0100 (CET);1574779571000;0.09;19.26;8.38
1438719252742555;11.9;30.7;Tue Nov 26 2019 15:48:03 GMT+0100 (CET);Tue Nov 26 2019 14:48:03 GMT+0100 (CET);1574779683000;0.07;17.33;8.32
1438719252742555;11.9;30.1;Tue Nov 26 2019 15:50:47 GMT+0100 (CET);Tue Nov 26 2019 14:50:47 GMT+0100 (CET);1574779847000;0.07;16.25;8.24
1438719252742555;11.9;30.2;Tue Nov 26 2019 15:52:44 GMT+0100 (CET);Tue Nov 26 2019 14:52:44 GMT+0100 (CET);1574779964000;0.08;18.4;8.19
1438719252742555;11.9;30.3;Tue Nov 26 2019 15:54:37 GMT+0100 (CET);Tue Nov 26 2019 14:54:37 GMT+0100 (CET);1574780077000;0.09;18.85;8.17
1438719252742555;11.9;30.1;Tue Nov 26 2019 15:56:31 GMT+0100 (CET);Tue Nov 26 2019 14:56:31 GMT+0100 (CET);1574780191000;0.09;19.42;8.16
1438719252742555;11.9;30.3;Tue Nov 26 2019 15:58:23 GMT+0100 (CET);Tue Nov 26 2019 14:58:23 GMT+0100 (CET);1574780303000;0.08;18.8;8.15
1438719252742555;11.9;30.2;Tue Nov 26 2019 16:00:16 GMT+0100 (CET);Tue Nov 26 2019 15:00:16 GMT+0100 (CET);1574780416000;0.06;15.37;8.13
1438719252742555;10.4;30;Tue Nov 26 2019 16:02:09 GMT+0100 (CET);Tue Nov 26 2019 15:02:09 GMT+0100 (CET);1574780529000;0;11.83;8.1
1438719252742555;10.4;29.5;Tue Nov 26 2019 16:04:04 GMT+0100 (CET);Tue Nov 26 2019 15:04:04 GMT+0100 (CET);1574780644000;0;9.45;8.1
1438719252742555;10.4;28.9;Tue Nov 26 2019 16:06:10 GMT+0100 (CET);Tue Nov 26 2019 15:06:10 GMT+0100 (CET);1574780770000;0;6.99;8.06
1438719252742555;10.4;32.4;Tue Nov 26 2019 16:08:02 GMT+0100 (CET);Tue Nov 26 2019 15:08:02 GMT+0100 (CET);1574780882000;0;5.46;8.04
1438719252742555;10.4;31.8;Tue Nov 26 2019 16:09:55 GMT+0100 (CET);Tue Nov 26 2019 15:09:55 GMT+0100 (CET);1574780995000;0;4.74;8.03
1438719252742555;10.4;29;Tue Nov 26 2019 16:11:48 GMT+0100 (CET);Tue Nov 26 2019 15:11:48 GMT+0100 (CET);1574781108000;0;3.62;7.99
1438719252742555;9.9;28.3;Tue Nov 26 2019 16:13:40 GMT+0100 (CET);Tue Nov 26 2019 15:13:40 GMT+0100 (CET);1574781220000;0;2.96;7.97
1438719252742555;9.9;25.8;Tue Nov 26 2019 16:15:34 GMT+0100 (CET);Tue Nov 26 2019 15:15:34 GMT+0100 (CET);1574781334000;0;2.62;7.92
1438719252742555;9.9;21.5;Tue Nov 26 2019 16:17:26 GMT+0100 (CET);Tue Nov 26 2019 15:17:26 GMT+0100 (CET);1574781446000;0;2.05;7.89
1438719252742555;9.9;19;Tue Nov 26 2019 16:19:20 GMT+0100 (CET);Tue Nov 26 2019 15:19:20 GMT+0100 (CET);1574781560000;0;1.67;7.87
1438719252742555;9.9;19;Tue Nov 26 2019 16:21:28 GMT+0100 (CET);Tue Nov 26 2019 15:21:28 GMT+0100 (CET);1574781688000;0;1.16;7.84
1438719252742555;9.9;19;Tue Nov 26 2019 16:23:27 GMT+0100 (CET);Tue Nov 26 2019 15:23:27 GMT+0100 (CET);1574781807000;0;0.67;7.81
1438719252742555;4.3;30.1;Wed Nov 27 2019 08:21:35 GMT+0100 (CET);Wed Nov 27 2019 07:21:35 GMT+0100 (CET);1574839295000;0;4.69;5.57
1438719252742555;6.4;31.9;Wed Nov 27 2019 08:23:28 GMT+0100 (CET);Wed Nov 27 2019 07:23:28 GMT+0100 (CET);1574839408000;0;5.67;5.57
1438719252742555;6.4;32.7;Wed Nov 27 2019 08:25:48 GMT+0100 (CET);Wed Nov 27 2019 07:25:48 GMT+0100 (CET);1574839548000;0;7.76;5.6
1438719252742555;7.9;34.5;Wed Nov 27 2019 08:27:41 GMT+0100 (CET);Wed Nov 27 2019 07:27:41 GMT+0100 (CET);1574839661000;0;8.77;5.62
1438719252742555;7.9;33.9;Wed Nov 27 2019 08:29:35 GMT+0100 (CET);Wed Nov 27 2019 07:29:35 GMT+0100 (CET);1574839775000;0;9.39;5.64
1438719252742555;7.9;28.2;Wed Nov 27 2019 08:31:28 GMT+0100 (CET);Wed Nov 27 2019 07:31:28 GMT+0100 (CET);1574839888000;0;9.87;5.67
1438719252742555;7.9;27.6;Wed Nov 27 2019 08:33:23 GMT+0100 (CET);Wed Nov 27 2019 07:33:23 GMT+0100 (CET);1574840003000;0;10.44;5.69
1438719252742555;7.9;28.3;Wed Nov 27 2019 08:35:22 GMT+0100 (CET);Wed Nov 27 2019 07:35:22 GMT+0100 (CET);1574840122000;0;11.19;5.71
1438719252742555;7.9;28.3;Wed Nov 27 2019 08:37:15 GMT+0100 (CET);Wed Nov 27 2019 07:37:15 GMT+0100 (CET);1574840235000;0;11.57;5.74
1438719252742555;7.9;28.4;Wed Nov 27 2019 08:39:08 GMT+0100 (CET);Wed Nov 27 2019 07:39:08 GMT+0100 (CET);1574840348000;0.06;12.26;5.78
1438719252742555;7.9;28.3;Wed Nov 27 2019 08:41:01 GMT+0100 (CET);Wed Nov 27 2019 07:41:01 GMT+0100 (CET);1574840461000;0.06;12.46;5.8
1438719252742555;6.4;28.6;Wed Nov 27 2019 08:42:54 GMT+0100 (CET);Wed Nov 27 2019 07:42:54 GMT+0100 (CET);1574840574000;0.06;12.45;5.82
1438719252742555;6.4;28.7;Wed Nov 27 2019 08:44:48 GMT+0100 (CET);Wed Nov 27 2019 07:44:48 GMT+0100 (CET);1574840688000;0.06;12.18;5.85
1438719252742555;6.4;28.3;Wed Nov 27 2019 08:46:41 GMT+0100 (CET);Wed Nov 27 2019 07:46:41 GMT+0100 (CET);1574840801000;0;11.76;5.85
1438719252742555;6.4;28.3;Wed Nov 27 2019 08:48:49 GMT+0100 (CET);Wed Nov 27 2019 07:48:49 GMT+0100 (CET);1574840929000;0;11.46;5.88
1438719252742555;7.9;28.8;Wed Nov 27 2019 08:50:41 GMT+0100 (CET);Wed Nov 27 2019 07:50:41 GMT+0100 (CET);1574841041000;0;11.14;5.9
1438719252742555;7.9;28.2;Wed Nov 27 2019 08:52:37 GMT+0100 (CET);Wed Nov 27 2019 07:52:37 GMT+0100 (CET);1574841157000;0;10.93;5.92
1438719252742555;7.9;28.3;Wed Nov 27 2019 08:54:33 GMT+0100 (CET);Wed Nov 27 2019 07:54:33 GMT+0100 (CET);1574841273000;0;10.92;5.96
1438719252742555;6.4;27.8;Wed Nov 27 2019 08:56:33 GMT+0100 (CET);Wed Nov 27 2019 07:56:33 GMT+0100 (CET);1574841393000;0;10.84;5.99
1438719252742555;6.4;27.8;Wed Nov 27 2019 08:58:26 GMT+0100 (CET);Wed Nov 27 2019 07:58:26 GMT+0100 (CET);1574841506000;0;10.79;6.03
1438719252742555;6.4;27.5;Wed Nov 27 2019 09:00:25 GMT+0100 (CET);Wed Nov 27 2019 08:00:25 GMT+0100 (CET);1574841625000;0;10.7;6.03
1438719252742555;6.4;27.9;Wed Nov 27 2019 09:02:19 GMT+0100 (CET);Wed Nov 27 2019 08:02:19 GMT+0100 (CET);1574841739000;0;10.58;6.02
1438719252742555;6.4;28.6;Wed Nov 27 2019 09:04:28 GMT+0100 (CET);Wed Nov 27 2019 08:04:28 GMT+0100 (CET);1574841868000;0;10.37;5.97
1438719252742555;6.4;28.8;Wed Nov 27 2019 09:06:26 GMT+0100 (CET);Wed Nov 27 2019 08:06:26 GMT+0100 (CET);1574841986000;0;10.39;5.93
1438719252742555;6.4;28.8;Wed Nov 27 2019 09:08:19 GMT+0100 (CET);Wed Nov 27 2019 08:08:19 GMT+0100 (CET);1574842099000;0;10.71;5.89
1438719252742555;7.9;28.6;Wed Nov 27 2019 09:10:12 GMT+0100 (CET);Wed Nov 27 2019 08:10:12 GMT+0100 (CET);1574842212000;0.06;10.9;5.85
1438719252742555;7.9;28.5;Wed Nov 27 2019 09:12:15 GMT+0100 (CET);Wed Nov 27 2019 08:12:15 GMT+0100 (CET);1574842335000;0;10.89;5.82
1438719252742555;7.9;28.8;Wed Nov 27 2019 09:14:09 GMT+0100 (CET);Wed Nov 27 2019 08:14:09 GMT+0100 (CET);1574842449000;0;10.92;5.76
1438719252742555;7.9;28.5;Wed Nov 27 2019 09:16:08 GMT+0100 (CET);Wed Nov 27 2019 08:16:08 GMT+0100 (CET);1574842568000;0.06;11.06;5.74
1438719252742555;7.9;28.1;Wed Nov 27 2019 09:18:01 GMT+0100 (CET);Wed Nov 27 2019 08:18:01 GMT+0100 (CET);1574842681000;0.06;11.06;5.72
1438719252742555;7.9;28.6;Wed Nov 27 2019 09:20:00 GMT+0100 (CET);Wed Nov 27 2019 08:20:00 GMT+0100 (CET);1574842800000;0;10.85;5.69
1438719252742555;7.9;28.5;Wed Nov 27 2019 09:21:57 GMT+0100 (CET);Wed Nov 27 2019 08:21:57 GMT+0100 (CET);1574842917000;0.06;10.22;5.64
1438719252742555;7.9;28.6;Wed Nov 27 2019 09:23:49 GMT+0100 (CET);Wed Nov 27 2019 08:23:49 GMT+0100 (CET);1574843029000;0;9.59;5.62
1438719252742555;7.9;28.4;Wed Nov 27 2019 09:25:43 GMT+0100 (CET);Wed Nov 27 2019 08:25:43 GMT+0100 (CET);1574843143000;0;9.07;5.59
1438719252742555;7.9;28.2;Wed Nov 27 2019 09:27:52 GMT+0100 (CET);Wed Nov 27 2019 08:27:52 GMT+0100 (CET);1574843272000;0;9.14;5.55
1438719252742555;7.9;28.2;Wed Nov 27 2019 09:29:47 GMT+0100 (CET);Wed Nov 27 2019 08:29:47 GMT+0100 (CET);1574843387000;0;9.4;5.53
1438719252742555;7.9;27.9;Wed Nov 27 2019 09:31:47 GMT+0100 (CET);Wed Nov 27 2019 08:31:47 GMT+0100 (CET);1574843507000;0;10.1;5.49
1438719252742555;7.9;28.2;Wed Nov 27 2019 09:33:43 GMT+0100 (CET);Wed Nov 27 2019 08:33:43 GMT+0100 (CET);1574843623000;0.06;11.45;5.46
1438719252742555;7.9;29;Wed Nov 27 2019 09:36:03 GMT+0100 (CET);Wed Nov 27 2019 08:36:03 GMT+0100 (CET);1574843763000;0.06;12.93;5.44
1438719252742555;7.9;29.2;Wed Nov 27 2019 09:37:56 GMT+0100 (CET);Wed Nov 27 2019 08:37:56 GMT+0100 (CET);1574843876000;0.07;14.31;5.42
1438719252742555;7.9;29.9;Wed Nov 27 2019 09:39:55 GMT+0100 (CET);Wed Nov 27 2019 08:39:55 GMT+0100 (CET);1574843995000;0.07;15.53;5.42
1438719252742555;7.9;30.3;Wed Nov 27 2019 09:41:56 GMT+0100 (CET);Wed Nov 27 2019 08:41:56 GMT+0100 (CET);1574844116000;0.08;16.75;5.44
1438719252742555;7.9;30.5;Wed Nov 27 2019 09:43:48 GMT+0100 (CET);Wed Nov 27 2019 08:43:48 GMT+0100 (CET);1574844228000;0.09;17.71;5.47
1438719252742555;7.9;30.4;Wed Nov 27 2019 09:45:44 GMT+0100 (CET);Wed Nov 27 2019 08:45:44 GMT+0100 (CET);1574844344000;0.09;18.15;5.48
1438719252742555;7.9;31.1;Wed Nov 27 2019 09:47:37 GMT+0100 (CET);Wed Nov 27 2019 08:47:37 GMT+0100 (CET);1574844457000;0.09;18.27;5.48
1438719252742555;7.9;30.9;Wed Nov 27 2019 09:49:33 GMT+0100 (CET);Wed Nov 27 2019 08:49:33 GMT+0100 (CET);1574844573000;0.09;18.58;5.47
1438719252742555;8.4;31;Wed Nov 27 2019 09:51:56 GMT+0100 (CET);Wed Nov 27 2019 08:51:56 GMT+0100 (CET);1574844716000;0.09;18.79;5.47
1438719252742555;8.4;31;Wed Nov 27 2019 09:53:49 GMT+0100 (CET);Wed Nov 27 2019 08:53:49 GMT+0100 (CET);1574844829000;0.09;19.48;5.48
1438719252742555;8.4;30.9;Wed Nov 27 2019 09:55:43 GMT+0100 (CET);Wed Nov 27 2019 08:55:43 GMT+0100 (CET);1574844943000;0.1;20.41;5.5
1438719252742555;8.4;31.4;Wed Nov 27 2019 09:57:36 GMT+0100 (CET);Wed Nov 27 2019 08:57:36 GMT+0100 (CET);1574845056000;0.1;21.59;5.52
1438719252742555;8.4;31.2;Wed Nov 27 2019 09:59:29 GMT+0100 (CET);Wed Nov 27 2019 08:59:29 GMT+0100 (CET);1574845169000;0.1;21.37;5.51
1438719252742555;8.4;31.3;Wed Nov 27 2019 10:01:23 GMT+0100 (CET);Wed Nov 27 2019 09:01:23 GMT+0100 (CET);1574845283000;0.1;20.6;5.52
1438719252742555;8.4;31.3;Wed Nov 27 2019 10:03:38 GMT+0100 (CET);Wed Nov 27 2019 09:03:38 GMT+0100 (CET);1574845418000;0.09;18.78;5.5
1438719252742555;8.4;30.7;Wed Nov 27 2019 10:05:34 GMT+0100 (CET);Wed Nov 27 2019 09:05:34 GMT+0100 (CET);1574845534000;0.09;18;5.5
1438719252742555;8.4;30.8;Wed Nov 27 2019 10:07:30 GMT+0100 (CET);Wed Nov 27 2019 09:07:30 GMT+0100 (CET);1574845650000;0.08;17.55;5.48
1438719252742555;8.4;30.7;Wed Nov 27 2019 10:09:26 GMT+0100 (CET);Wed Nov 27 2019 09:09:26 GMT+0100 (CET);1574845766000;0.09;17.81;5.49
1438719252742555;8.4;30.5;Wed Nov 27 2019 10:11:20 GMT+0100 (CET);Wed Nov 27 2019 09:11:20 GMT+0100 (CET);1574845880000;0.09;18.28;5.5
1438719252742555;8.4;30.9;Wed Nov 27 2019 10:13:14 GMT+0100 (CET);Wed Nov 27 2019 09:13:14 GMT+0100 (CET);1574845994000;0.09;19.01;5.48
1438719252742555;8.4;30.8;Wed Nov 27 2019 10:15:11 GMT+0100 (CET);Wed Nov 27 2019 09:15:11 GMT+0100 (CET);1574846111000;0.1;20.31;5.5
1438719252742555;8.4;30.9;Wed Nov 27 2019 10:17:05 GMT+0100 (CET);Wed Nov 27 2019 09:17:05 GMT+0100 (CET);1574846225000;0.1;21.29;5.5
1438719252742555;8.4;31.2;Wed Nov 27 2019 10:18:58 GMT+0100 (CET);Wed Nov 27 2019 09:18:58 GMT+0100 (CET);1574846338000;0.1;21.72;5.51
1438719252742555;8.4;31.4;Wed Nov 27 2019 10:20:50 GMT+0100 (CET);Wed Nov 27 2019 09:20:50 GMT+0100 (CET);1574846450000;0.1;21.21;5.5
1438719252742555;8.4;31.2;Wed Nov 27 2019 10:22:59 GMT+0100 (CET);Wed Nov 27 2019 09:22:59 GMT+0100 (CET);1574846579000;0.11;22;5.51
1438719252742555;8.4;31.7;Wed Nov 27 2019 10:25:00 GMT+0100 (CET);Wed Nov 27 2019 09:25:00 GMT+0100 (CET);1574846700000;0.11;24.39;5.53
1438719252742555;8.4;31.8;Wed Nov 27 2019 10:26:54 GMT+0100 (CET);Wed Nov 27 2019 09:26:54 GMT+0100 (CET);1574846814000;0.12;25.69;5.51
1438719252742555;8.4;32;Wed Nov 27 2019 10:28:48 GMT+0100 (CET);Wed Nov 27 2019 09:28:48 GMT+0100 (CET);1574846928000;0.13;26.51;5.53
1438719252742555;8.4;32;Wed Nov 27 2019 10:30:41 GMT+0100 (CET);Wed Nov 27 2019 09:30:41 GMT+0100 (CET);1574847041000;0.12;25.83;5.57
1438719252742555;8.4;31.9;Wed Nov 27 2019 10:32:50 GMT+0100 (CET);Wed Nov 27 2019 09:32:50 GMT+0100 (CET);1574847170000;0.12;24.26;5.61
1438719252742555;8.4;31.7;Wed Nov 27 2019 10:34:57 GMT+0100 (CET);Wed Nov 27 2019 09:34:57 GMT+0100 (CET);1574847297000;0.12;25.63;5.67
1438719252742555;8.4;32;Wed Nov 27 2019 10:36:50 GMT+0100 (CET);Wed Nov 27 2019 09:36:50 GMT+0100 (CET);1574847410000;0.15;30.73;5.71
1438719252742555;8.4;32.7;Wed Nov 27 2019 10:38:46 GMT+0100 (CET);Wed Nov 27 2019 09:38:46 GMT+0100 (CET);1574847526000;0.17;33.85;5.74
1438719252742555;10.4;33;Wed Nov 27 2019 10:40:39 GMT+0100 (CET);Wed Nov 27 2019 09:40:39 GMT+0100 (CET);1574847639000;0.18;36.95;5.77
1438719252742555;10.4;33.1;Wed Nov 27 2019 10:42:34 GMT+0100 (CET);Wed Nov 27 2019 09:42:34 GMT+0100 (CET);1574847754000;0.2;38.73;5.79
1438719252742555;10.4;33.3;Wed Nov 27 2019 10:44:32 GMT+0100 (CET);Wed Nov 27 2019 09:44:32 GMT+0100 (CET);1574847872000;0.19;37.42;5.83
1438719252742555;10.4;33.2;Wed Nov 27 2019 10:46:25 GMT+0100 (CET);Wed Nov 27 2019 09:46:25 GMT+0100 (CET);1574847985000;0.18;37.31;5.85
1438719252742555;10.4;33.2;Wed Nov 27 2019 10:48:17 GMT+0100 (CET);Wed Nov 27 2019 09:48:17 GMT+0100 (CET);1574848097000;0.19;37.52;5.85
1438719252742555;10.4;33;Wed Nov 27 2019 10:50:18 GMT+0100 (CET);Wed Nov 27 2019 09:50:18 GMT+0100 (CET);1574848218000;0.18;37.27;5.89
1438719252742555;10.4;33.1;Wed Nov 27 2019 10:52:11 GMT+0100 (CET);Wed Nov 27 2019 09:52:11 GMT+0100 (CET);1574848331000;0.19;39.19;5.93
1438719252742555;10.4;33.1;Wed Nov 27 2019 10:54:12 GMT+0100 (CET);Wed Nov 27 2019 09:54:12 GMT+0100 (CET);1574848452000;0.21;43.28;5.96
1438719252742555;10.4;33.4;Wed Nov 27 2019 10:56:05 GMT+0100 (CET);Wed Nov 27 2019 09:56:05 GMT+0100 (CET);1574848565000;0.22;43.11;6
1438719252742555;10.4;33.5;Wed Nov 27 2019 10:57:57 GMT+0100 (CET);Wed Nov 27 2019 09:57:57 GMT+0100 (CET);1574848677000;0.2;41.21;6.03
1438719252742555;10.4;33.4;Wed Nov 27 2019 10:59:50 GMT+0100 (CET);Wed Nov 27 2019 09:59:50 GMT+0100 (CET);1574848790000;0.18;36.73;6.05
1438719252742555;10.4;33.3;Wed Nov 27 2019 11:01:43 GMT+0100 (CET);Wed Nov 27 2019 10:01:43 GMT+0100 (CET);1574848903000;0.15;30.07;6.06
1438719252742555;10.4;33.2;Wed Nov 27 2019 11:03:26 GMT+0100 (CET);Wed Nov 27 2019 10:03:26 GMT+0100 (CET);1574849006000;0.13;25.97;6.06
1438719252742555;10.4;32.3;Wed Nov 27 2019 11:05:21 GMT+0100 (CET);Wed Nov 27 2019 10:05:21 GMT+0100 (CET);1574849121000;0.11;23.55;6.07
1438719252742555;10.4;32.1;Wed Nov 27 2019 11:07:14 GMT+0100 (CET);Wed Nov 27 2019 10:07:14 GMT+0100 (CET);1574849234000;0.1;20.83;6.07
1438719252742555;9.9;31.3;Wed Nov 27 2019 11:09:24 GMT+0100 (CET);Wed Nov 27 2019 10:09:24 GMT+0100 (CET);1574849364000;0.1;20.94;6.06
1438719252742555;9.9;31.2;Wed Nov 27 2019 11:11:17 GMT+0100 (CET);Wed Nov 27 2019 10:11:17 GMT+0100 (CET);1574849477000;0.11;21.48;6.07
1438719252742555;9.4;31.1;Wed Nov 27 2019 11:13:12 GMT+0100 (CET);Wed Nov 27 2019 10:13:12 GMT+0100 (CET);1574849592000;0.1;20.78;6.06
1438719252742555;9.4;31.3;Wed Nov 27 2019 11:15:05 GMT+0100 (CET);Wed Nov 27 2019 10:15:05 GMT+0100 (CET);1574849705000;0.1;20.66;6.03
1438719252742555;9.4;31.1;Wed Nov 27 2019 11:17:19 GMT+0100 (CET);Wed Nov 27 2019 10:17:19 GMT+0100 (CET);1574849839000;0.1;19.81;6.03
1438719252742555;9.4;30.9;Wed Nov 27 2019 11:19:12 GMT+0100 (CET);Wed Nov 27 2019 10:19:12 GMT+0100 (CET);1574849952000;0.09;19.08;6.04
1438719252742555;9.4;30.7;Wed Nov 27 2019 11:21:07 GMT+0100 (CET);Wed Nov 27 2019 10:21:07 GMT+0100 (CET);1574850067000;0.09;19.71;6.03
1438719252742555;8.4;31;Wed Nov 27 2019 11:23:00 GMT+0100 (CET);Wed Nov 27 2019 10:23:00 GMT+0100 (CET);1574850180000;0.1;21.11;6.03
1438719252742555;8.4;31.4;Wed Nov 27 2019 11:25:13 GMT+0100 (CET);Wed Nov 27 2019 10:25:13 GMT+0100 (CET);1574850313000;0.12;24.08;6.04
1438719252742555;8.4;31.7;Wed Nov 27 2019 11:27:06 GMT+0100 (CET);Wed Nov 27 2019 10:27:06 GMT+0100 (CET);1574850426000;0.15;28.81;6.03
1438719252742555;9.4;32;Wed Nov 27 2019 11:28:59 GMT+0100 (CET);Wed Nov 27 2019 10:28:59 GMT+0100 (CET);1574850539000;0.16;31.92;6.03
1438719252742555;9.4;32.8;Wed Nov 27 2019 11:30:52 GMT+0100 (CET);Wed Nov 27 2019 10:30:52 GMT+0100 (CET);1574850652000;0.15;30.01;6.06
1438719252742555;9.9;32.8;Wed Nov 27 2019 11:32:45 GMT+0100 (CET);Wed Nov 27 2019 10:32:45 GMT+0100 (CET);1574850765000;0.12;26.63;6.07
1438719252742555;9.9;32.3;Wed Nov 27 2019 11:34:54 GMT+0100 (CET);Wed Nov 27 2019 10:34:54 GMT+0100 (CET);1574850894000;0.12;25.75;6.06
1438719252742555;9.9;31.8;Wed Nov 27 2019 11:36:53 GMT+0100 (CET);Wed Nov 27 2019 10:36:53 GMT+0100 (CET);1574851013000;0.12;24.94;6.1
1438719252742555;9.9;31.7;Wed Nov 27 2019 11:38:51 GMT+0100 (CET);Wed Nov 27 2019 10:38:51 GMT+0100 (CET);1574851131000;0.11;23.25;6.12
1438719252742555;9.9;31.4;Wed Nov 27 2019 11:40:48 GMT+0100 (CET);Wed Nov 27 2019 10:40:48 GMT+0100 (CET);1574851248000;0.11;23.4;6.15
1438719252742555;9.4;31.9;Wed Nov 27 2019 11:42:46 GMT+0100 (CET);Wed Nov 27 2019 10:42:46 GMT+0100 (CET);1574851366000;0.12;25.61;6.18
1438719252742555;9.4;31.8;Wed Nov 27 2019 11:44:40 GMT+0100 (CET);Wed Nov 27 2019 10:44:40 GMT+0100 (CET);1574851480000;0.12;24.99;6.24
1438719252742555;9.9;31.9;Wed Nov 27 2019 11:46:33 GMT+0100 (CET);Wed Nov 27 2019 10:46:33 GMT+0100 (CET);1574851593000;0.12;24.51;6.26
1438719252742555;9.9;31.7;Wed Nov 27 2019 11:48:35 GMT+0100 (CET);Wed Nov 27 2019 10:48:35 GMT+0100 (CET);1574851715000;0.12;24.15;6.29
1438719252742555;9.9;31.7;Wed Nov 27 2019 11:50:30 GMT+0100 (CET);Wed Nov 27 2019 10:50:30 GMT+0100 (CET);1574851830000;0.11;22.61;6.32
1438719252742555;9.9;31.3;Wed Nov 27 2019 11:52:27 GMT+0100 (CET);Wed Nov 27 2019 10:52:27 GMT+0100 (CET);1574851947000;0.1;21.26;6.35
1438719252742555;9.9;31.1;Wed Nov 27 2019 11:54:26 GMT+0100 (CET);Wed Nov 27 2019 10:54:26 GMT+0100 (CET);1574852066000;0.1;20.78;6.38
1438719252742555;9.9;31;Wed Nov 27 2019 11:56:24 GMT+0100 (CET);Wed Nov 27 2019 10:56:24 GMT+0100 (CET);1574852184000;0.1;20.72;6.39
1438719252742555;9.9;30.8;Wed Nov 27 2019 11:58:21 GMT+0100 (CET);Wed Nov 27 2019 10:58:21 GMT+0100 (CET);1574852301000;0.1;20.3;6.42
1438719252742555;9.9;30.7;Wed Nov 27 2019 12:00:16 GMT+0100 (CET);Wed Nov 27 2019 11:00:16 GMT+0100 (CET);1574852416000;0.09;20.01;6.43
1438719252742555;9.9;30.6;Wed Nov 27 2019 12:02:08 GMT+0100 (CET);Wed Nov 27 2019 11:02:08 GMT+0100 (CET);1574852528000;0.11;22.26;6.45
1438719252742555;9.9;30.9;Wed Nov 27 2019 12:04:06 GMT+0100 (CET);Wed Nov 27 2019 11:04:06 GMT+0100 (CET);1574852646000;0.15;27.6;6.46
1438719252742555;9.4;31;Wed Nov 27 2019 12:06:03 GMT+0100 (CET);Wed Nov 27 2019 11:06:03 GMT+0100 (CET);1574852763000;0.19;37.2;6.5
1438719252742555;9.4;32;Wed Nov 27 2019 12:08:05 GMT+0100 (CET);Wed Nov 27 2019 11:08:05 GMT+0100 (CET);1574852885000;0.26;48.05;6.55
1438719252742555;9.4;33.3;Wed Nov 27 2019 12:09:59 GMT+0100 (CET);Wed Nov 27 2019 11:09:59 GMT+0100 (CET);1574852999000;0.28;53.6;6.62
1438719252742555;10.4;33.7;Wed Nov 27 2019 12:12:15 GMT+0100 (CET);Wed Nov 27 2019 11:12:15 GMT+0100 (CET);1574853135000;0.29;54.93;6.72
1438719252742555;10.4;33.9;Wed Nov 27 2019 12:14:07 GMT+0100 (CET);Wed Nov 27 2019 11:14:07 GMT+0100 (CET);1574853247000;0.25;48.95;6.76
1438719252742555;11.9;33.8;Wed Nov 27 2019 12:15:52 GMT+0100 (CET);Wed Nov 27 2019 11:15:52 GMT+0100 (CET);1574853352000;0.23;44.62;6.78
1438719252742555;11.9;33.6;Wed Nov 27 2019 12:17:45 GMT+0100 (CET);Wed Nov 27 2019 11:17:45 GMT+0100 (CET);1574853465000;0.24;47.04;6.79
1438719252742555;11.9;33.6;Wed Nov 27 2019 12:20:09 GMT+0100 (CET);Wed Nov 27 2019 11:20:09 GMT+0100 (CET);1574853609000;0.25;50.72;6.81
1438719252742555;11.9;33.6;Wed Nov 27 2019 12:22:55 GMT+0100 (CET);Wed Nov 27 2019 11:22:55 GMT+0100 (CET);1574853775000;0.24;49.1;6.84
1438719252742555;11.9;33.3;Wed Nov 27 2019 12:24:51 GMT+0100 (CET);Wed Nov 27 2019 11:24:51 GMT+0100 (CET);1574853891000;0.29;61.56;6.85
1438719252742555;11.9;33.9;Wed Nov 27 2019 12:26:49 GMT+0100 (CET);Wed Nov 27 2019 11:26:49 GMT+0100 (CET);1574854009000;0.45;88.37;6.89
1438719252742555;11.9;34.4;Wed Nov 27 2019 12:28:42 GMT+0100 (CET);Wed Nov 27 2019 11:28:42 GMT+0100 (CET);1574854122000;0.5;105.07;6.96
1438719252742555;11.9;35.4;Wed Nov 27 2019 12:30:37 GMT+0100 (CET);Wed Nov 27 2019 11:30:37 GMT+0100 (CET);1574854237000;0.47;99.04;7.04
1438719252742555;11.9;35.2;Wed Nov 27 2019 12:32:30 GMT+0100 (CET);Wed Nov 27 2019 11:32:30 GMT+0100 (CET);1574854350000;0.44;94.21;7.09
1438719252742555;12.4;35.2;Wed Nov 27 2019 12:34:31 GMT+0100 (CET);Wed Nov 27 2019 11:34:31 GMT+0100 (CET);1574854471000;0.42;90.83;7.15
1438719252742555;12.4;34.7;Wed Nov 27 2019 12:36:39 GMT+0100 (CET);Wed Nov 27 2019 11:36:39 GMT+0100 (CET);1574854599000;0.43;90.99;7.17
1438719252742555;12.4;34.7;Wed Nov 27 2019 12:38:46 GMT+0100 (CET);Wed Nov 27 2019 11:38:46 GMT+0100 (CET);1574854726000;0.45;93.84;7.17
1438719252742555;12.4;34.8;Wed Nov 27 2019 12:40:42 GMT+0100 (CET);Wed Nov 27 2019 11:40:42 GMT+0100 (CET);1574854842000;0.46;97.49;7.22
1438719252742555;12.4;35.2;Wed Nov 27 2019 12:43:05 GMT+0100 (CET);Wed Nov 27 2019 11:43:05 GMT+0100 (CET);1574854985000;0.46;96.55;7.32
1438719252742555;13.9;35;Wed Nov 27 2019 12:44:59 GMT+0100 (CET);Wed Nov 27 2019 11:44:59 GMT+0100 (CET);1574855099000;0.45;95.14;7.37
1438719252742555;13.9;34.9;Wed Nov 27 2019 12:46:54 GMT+0100 (CET);Wed Nov 27 2019 11:46:54 GMT+0100 (CET);1574855214000;0.43;90.11;7.39
1438719252742555;13.9;34.8;Wed Nov 27 2019 12:48:52 GMT+0100 (CET);Wed Nov 27 2019 11:48:52 GMT+0100 (CET);1574855332000;0.39;81.42;7.39
1438719252742555;13.9;33.8;Wed Nov 27 2019 12:51:20 GMT+0100 (CET);Wed Nov 27 2019 11:51:20 GMT+0100 (CET);1574855480000;0.36;77.91;7.43
1438719252742555;12.4;33.5;Wed Nov 27 2019 12:53:23 GMT+0100 (CET);Wed Nov 27 2019 11:53:23 GMT+0100 (CET);1574855603000;0.39;83.35;7.49
1438719252742555;12.4;32;Wed Nov 27 2019 12:55:16 GMT+0100 (CET);Wed Nov 27 2019 11:55:16 GMT+0100 (CET);1574855716000;0.42;88.72;7.52
1438719252742555;12.4;30.7;Wed Nov 27 2019 12:57:09 GMT+0100 (CET);Wed Nov 27 2019 11:57:09 GMT+0100 (CET);1574855829000;0.46;98.07;7.58
1438719252742555;11.9;30.8;Wed Nov 27 2019 12:59:02 GMT+0100 (CET);Wed Nov 27 2019 11:59:02 GMT+0100 (CET);1574855942000;0.55;137.49;7.68
1438719252742555;11.9;34.9;Wed Nov 27 2019 13:00:55 GMT+0100 (CET);Wed Nov 27 2019 12:00:55 GMT+0100 (CET);1574856055000;0.49;106.69;7.78
1438719252742555;13.9;35.2;Wed Nov 27 2019 13:02:48 GMT+0100 (CET);Wed Nov 27 2019 12:02:48 GMT+0100 (CET);1574856168000;0.47;105.54;7.82
1438719252742555;13.9;34.6;Wed Nov 27 2019 13:04:44 GMT+0100 (CET);Wed Nov 27 2019 12:04:44 GMT+0100 (CET);1574856284000;0.54;120.66;7.83
1438719252742555;13.9;33.8;Wed Nov 27 2019 13:06:49 GMT+0100 (CET);Wed Nov 27 2019 12:06:49 GMT+0100 (CET);1574856409000;0.62;136.85;7.93
1438719252742555;13.9;34.9;Wed Nov 27 2019 13:08:43 GMT+0100 (CET);Wed Nov 27 2019 12:08:43 GMT+0100 (CET);1574856523000;0.69;152.58;8.06
1438719252742555;13.9;37.1;Wed Nov 27 2019 13:10:36 GMT+0100 (CET);Wed Nov 27 2019 12:10:36 GMT+0100 (CET);1574856636000;1.48;332.79;8.42
1438719252742555;14.4;36.6;Wed Nov 27 2019 13:12:28 GMT+0100 (CET);Wed Nov 27 2019 12:12:28 GMT+0100 (CET);1574856748000;1.77;378.87;8.85
1438719252742555;14.4;36.6;Wed Nov 27 2019 13:14:23 GMT+0100 (CET);Wed Nov 27 2019 12:14:23 GMT+0100 (CET);1574856863000;1.9;412.15;9.43
1438719252742555;14.4;36.3;Wed Nov 27 2019 13:16:15 GMT+0100 (CET);Wed Nov 27 2019 12:16:15 GMT+0100 (CET);1574856975000;2.15;453.11;9.9
1438719252742555;16.4;36.1;Wed Nov 27 2019 13:18:08 GMT+0100 (CET);Wed Nov 27 2019 12:18:08 GMT+0100 (CET);1574857088000;1.85;386.55;10.23
1438719252742555;16.4;35.7;Wed Nov 27 2019 13:20:05 GMT+0100 (CET);Wed Nov 27 2019 12:20:05 GMT+0100 (CET);1574857205000;1.62;348.15;10.45
1438719252742555;16.4;35.4;Wed Nov 27 2019 13:23:40 GMT+0100 (CET);Wed Nov 27 2019 12:23:40 GMT+0100 (CET);1574857420000;1.29;275.06;10.57
1438719252742555;16.4;35;Wed Nov 27 2019 13:25:34 GMT+0100 (CET);Wed Nov 27 2019 12:25:34 GMT+0100 (CET);1574857534000;1.01;217.78;10.34
1438719252742555;17.4;35.4;Wed Nov 27 2019 13:27:29 GMT+0100 (CET);Wed Nov 27 2019 12:27:29 GMT+0100 (CET);1574857649000;1.19;262.2;10.25
1438719252742555;17.4;35.4;Wed Nov 27 2019 13:29:23 GMT+0100 (CET);Wed Nov 27 2019 12:29:23 GMT+0100 (CET);1574857763000;1.01;213.93;10.1
1438719252742555;20;35.2;Wed Nov 27 2019 13:31:17 GMT+0100 (CET);Wed Nov 27 2019 12:31:17 GMT+0100 (CET);1574857877000;1.1;244.61;9.9
1438719252742555;20;35.6;Wed Nov 27 2019 13:33:09 GMT+0100 (CET);Wed Nov 27 2019 12:33:09 GMT+0100 (CET);1574857989000;1.16;252.84;9.8
1438719252742555;20;35.6;Wed Nov 27 2019 13:35:06 GMT+0100 (CET);Wed Nov 27 2019 12:35:06 GMT+0100 (CET);1574858106000;1.21;266.4;9.74
1438719252742555;20;35.9;Wed Nov 27 2019 13:37:26 GMT+0100 (CET);Wed Nov 27 2019 12:37:26 GMT+0100 (CET);1574858246000;1.47;318.29;9.83
1438719252742555;20;35.7;Wed Nov 27 2019 13:39:22 GMT+0100 (CET);Wed Nov 27 2019 12:39:22 GMT+0100 (CET);1574858362000;1.18;260.7;9.9
1438719252742555;20;35.8;Wed Nov 27 2019 13:41:14 GMT+0100 (CET);Wed Nov 27 2019 12:41:14 GMT+0100 (CET);1574858474000;1.47;330.23;9.93
1438719252742555;20;36;Wed Nov 27 2019 13:43:09 GMT+0100 (CET);Wed Nov 27 2019 12:43:09 GMT+0100 (CET);1574858589000;1.75;378.87;10.2
1438719252742555;20;36.3;Wed Nov 27 2019 13:45:02 GMT+0100 (CET);Wed Nov 27 2019 12:45:02 GMT+0100 (CET);1574858702000;1;200.14;10.55
1438719252742555;20;36.3;Wed Nov 27 2019 13:46:55 GMT+0100 (CET);Wed Nov 27 2019 12:46:55 GMT+0100 (CET);1574858815000;2.36;522.23;10.71
1438719252742555;20;35.5;Wed Nov 27 2019 13:48:48 GMT+0100 (CET);Wed Nov 27 2019 12:48:48 GMT+0100 (CET);1574858928000;2.48;568.31;11.07
1438719252742555;20;35.8;Wed Nov 27 2019 13:50:44 GMT+0100 (CET);Wed Nov 27 2019 12:50:44 GMT+0100 (CET);1574859044000;2.3;511.99;11.4
1438719252742555;20;35.7;Wed Nov 27 2019 13:52:50 GMT+0100 (CET);Wed Nov 27 2019 12:52:50 GMT+0100 (CET);1574859170000;2.45;542.71;11.71
1438719252742555;22;35.5;Wed Nov 27 2019 13:54:45 GMT+0100 (CET);Wed Nov 27 2019 12:54:45 GMT+0100 (CET);1574859285000;2.37;522.23;12.03
1438719252742555;22;35.3;Wed Nov 27 2019 13:56:41 GMT+0100 (CET);Wed Nov 27 2019 12:56:41 GMT+0100 (CET);1574859401000;2.24;491.51;12.28
1438719252742555;22;35.1;Wed Nov 27 2019 13:58:48 GMT+0100 (CET);Wed Nov 27 2019 12:58:48 GMT+0100 (CET);1574859528000;2.1;465.91;12.48
1438719252742555;22.5;34.9;Wed Nov 27 2019 14:00:41 GMT+0100 (CET);Wed Nov 27 2019 13:00:41 GMT+0100 (CET);1574859641000;2.03;447.99;12.46
1438719252742555;22.5;35;Wed Nov 27 2019 14:02:37 GMT+0100 (CET);Wed Nov 27 2019 13:02:37 GMT+0100 (CET);1574859757000;1.95;430.07;12.24
1438719252742555;22.5;35.1;Wed Nov 27 2019 14:04:31 GMT+0100 (CET);Wed Nov 27 2019 13:04:31 GMT+0100 (CET);1574859871000;1.9;422.39;12.24
1438719252742555;22.5;35.1;Wed Nov 27 2019 14:06:24 GMT+0100 (CET);Wed Nov 27 2019 13:06:24 GMT+0100 (CET);1574859984000;1.84;407.03;12.27
1438719252742555;22.5;35.2;Wed Nov 27 2019 14:08:29 GMT+0100 (CET);Wed Nov 27 2019 13:08:29 GMT+0100 (CET);1574860109000;1.82;404.47;12.37
1438719252742555;22.5;35.2;Wed Nov 27 2019 14:10:37 GMT+0100 (CET);Wed Nov 27 2019 13:10:37 GMT+0100 (CET);1574860237000;1.8;396.79;12.62
1438719252742555;22.5;35.3;Wed Nov 27 2019 14:12:30 GMT+0100 (CET);Wed Nov 27 2019 13:12:30 GMT+0100 (CET);1574860350000;1.76;391.67;12.72
1438719252742555;24;35;Wed Nov 27 2019 14:14:25 GMT+0100 (CET);Wed Nov 27 2019 13:14:25 GMT+0100 (CET);1574860465000;1.76;386.55;12.79
1438719252742555;24;35;Wed Nov 27 2019 14:16:18 GMT+0100 (CET);Wed Nov 27 2019 13:16:18 GMT+0100 (CET);1574860578000;1.7;376.31;12.92
1438719252742555;24;34.8;Wed Nov 27 2019 14:18:11 GMT+0100 (CET);Wed Nov 27 2019 13:18:11 GMT+0100 (CET);1574860691000;1.67;366.07;13.03
1438719252742555;24;35.2;Wed Nov 27 2019 14:20:04 GMT+0100 (CET);Wed Nov 27 2019 13:20:04 GMT+0100 (CET);1574860804000;1.63;360.95;12.92
1438719252742555;24;34.3;Wed Nov 27 2019 14:22:14 GMT+0100 (CET);Wed Nov 27 2019 13:22:14 GMT+0100 (CET);1574860934000;1.62;358.39;12.85
1438719252742555;22.5;34.6;Wed Nov 27 2019 14:24:10 GMT+0100 (CET);Wed Nov 27 2019 13:24:10 GMT+0100 (CET);1574861050000;1.58;350.71;12.75
1438719252742555;22.5;33.7;Wed Nov 27 2019 14:26:08 GMT+0100 (CET);Wed Nov 27 2019 13:26:08 GMT+0100 (CET);1574861168000;1.53;337.91;12.81
1438719252742555;22;34.5;Wed Nov 27 2019 14:28:19 GMT+0100 (CET);Wed Nov 27 2019 13:28:19 GMT+0100 (CET);1574861299000;1.46;324.62;12.89
1438719252742555;22;34.7;Wed Nov 27 2019 14:30:12 GMT+0100 (CET);Wed Nov 27 2019 13:30:12 GMT+0100 (CET);1574861412000;1.42;322.65;12.87
1438719252742555;22;34.9;Wed Nov 27 2019 14:32:06 GMT+0100 (CET);Wed Nov 27 2019 13:32:06 GMT+0100 (CET);1574861526000;1.4;318.64;12.74
1438719252742555;22;30.2;Wed Nov 27 2019 14:34:02 GMT+0100 (CET);Wed Nov 27 2019 13:34:02 GMT+0100 (CET);1574861642000;1.36;315.66;12.75
1438719252742555;22;24.8;Wed Nov 27 2019 14:35:57 GMT+0100 (CET);Wed Nov 27 2019 13:35:57 GMT+0100 (CET);1574861757000;1.28;311.19;12.78
1438719252742555;17.4;24.6;Wed Nov 27 2019 14:37:54 GMT+0100 (CET);Wed Nov 27 2019 13:37:54 GMT+0100 (CET);1574861874000;1.25;305.33;12.71
1438719252742555;17.4;24.8;Wed Nov 27 2019 14:39:55 GMT+0100 (CET);Wed Nov 27 2019 13:39:55 GMT+0100 (CET);1574861995000;1.16;299.15;12.71
1438719252742555;17.4;24.6;Wed Nov 27 2019 14:41:53 GMT+0100 (CET);Wed Nov 27 2019 13:41:53 GMT+0100 (CET);1574862113000;1.18;295.85;12.83
1438719252742555;16.4;24.8;Wed Nov 27 2019 14:43:52 GMT+0100 (CET);Wed Nov 27 2019 13:43:52 GMT+0100 (CET);1574862232000;1.07;286.89;12.9
1438719252742555;16.4;25.3;Wed Nov 27 2019 14:45:46 GMT+0100 (CET);Wed Nov 27 2019 13:45:46 GMT+0100 (CET);1574862346000;0.99;282.34;12.88
1438719252742555;16.4;25.5;Wed Nov 27 2019 14:47:38 GMT+0100 (CET);Wed Nov 27 2019 13:47:38 GMT+0100 (CET);1574862458000;1.05;256.21;12.77
1438719252742555;16.4;23.6;Wed Nov 27 2019 14:49:38 GMT+0100 (CET);Wed Nov 27 2019 13:49:38 GMT+0100 (CET);1574862578000;1;231.64;12.6
1438719252742555;15.9;23.8;Wed Nov 27 2019 14:51:41 GMT+0100 (CET);Wed Nov 27 2019 13:51:41 GMT+0100 (CET);1574862701000;1.09;255.88;12.46
1438719252742555;15.9;24;Wed Nov 27 2019 14:53:36 GMT+0100 (CET);Wed Nov 27 2019 13:53:36 GMT+0100 (CET);1574862816000;1.07;255.21;12.38
1438719252742555;15.9;24.5;Wed Nov 27 2019 14:55:29 GMT+0100 (CET);Wed Nov 27 2019 13:55:29 GMT+0100 (CET);1574862929000;0.97;253.37;12.29
1438719252742555;15.9;24;Wed Nov 27 2019 14:57:21 GMT+0100 (CET);Wed Nov 27 2019 13:57:21 GMT+0100 (CET);1574863041000;1.04;248.06;12.25
1438719252742555;15.9;24.1;Wed Nov 27 2019 14:59:15 GMT+0100 (CET);Wed Nov 27 2019 13:59:15 GMT+0100 (CET);1574863155000;0.99;243.28;12.24
1438719252742555;15.9;24.3;Wed Nov 27 2019 15:01:13 GMT+0100 (CET);Wed Nov 27 2019 14:01:13 GMT+0100 (CET);1574863273000;0.93;239;12.22
1438719252742555;15.9;25.2;Wed Nov 27 2019 15:03:25 GMT+0100 (CET);Wed Nov 27 2019 14:03:25 GMT+0100 (CET);1574863405000;0.8;228.52;12.08
1438719252742555;15.9;25.6;Wed Nov 27 2019 15:05:25 GMT+0100 (CET);Wed Nov 27 2019 14:05:25 GMT+0100 (CET);1574863525000;0.7;220.42;12.03
1438719252742555;15.9;25.7;Wed Nov 27 2019 15:07:18 GMT+0100 (CET);Wed Nov 27 2019 14:07:18 GMT+0100 (CET);1574863638000;0.53;209.27;11.95
1438719252742555;15.9;25.9;Wed Nov 27 2019 15:09:20 GMT+0100 (CET);Wed Nov 27 2019 14:09:20 GMT+0100 (CET);1574863760000;0.41;175.9;11.79
1438719252742555;14.4;25.7;Wed Nov 27 2019 15:11:13 GMT+0100 (CET);Wed Nov 27 2019 14:11:13 GMT+0100 (CET);1574863873000;0.2;88.72;11.57
1438719252742555;14.4;24.8;Wed Nov 27 2019 15:13:06 GMT+0100 (CET);Wed Nov 27 2019 14:13:06 GMT+0100 (CET);1574863986000;0.17;53.61;11.08
1438719252742555;14.4;23.4;Wed Nov 27 2019 15:15:03 GMT+0100 (CET);Wed Nov 27 2019 14:15:03 GMT+0100 (CET);1574864103000;0.15;38.76;10.6
1438719252742555;13.9;22.6;Wed Nov 27 2019 15:16:59 GMT+0100 (CET);Wed Nov 27 2019 14:16:59 GMT+0100 (CET);1574864219000;0.13;33.72;10.16
1438719252742555;13.9;22;Wed Nov 27 2019 15:18:55 GMT+0100 (CET);Wed Nov 27 2019 14:18:55 GMT+0100 (CET);1574864335000;0.13;34.83;9.87
1438719252742555;13.9;31.7;Wed Nov 27 2019 15:21:04 GMT+0100 (CET);Wed Nov 27 2019 14:21:04 GMT+0100 (CET);1574864464000;0.12;37.79;9.52
1438719252742555;13.9;31.9;Wed Nov 27 2019 15:22:57 GMT+0100 (CET);Wed Nov 27 2019 14:22:57 GMT+0100 (CET);1574864577000;0.13;48.43;9.34
1438719252742555;13.9;32.6;Wed Nov 27 2019 15:24:55 GMT+0100 (CET);Wed Nov 27 2019 14:24:55 GMT+0100 (CET);1574864695000;0.13;40.21;9.18
1438719252742555;13.9;33.1;Wed Nov 27 2019 15:26:55 GMT+0100 (CET);Wed Nov 27 2019 14:26:55 GMT+0100 (CET);1574864815000;0.13;47.67;9.07
1438719252742555;13.9;33.2;Wed Nov 27 2019 15:28:50 GMT+0100 (CET);Wed Nov 27 2019 14:28:50 GMT+0100 (CET);1574864930000;0.13;40.65;8.97
1438719252742555;13.9;33.1;Wed Nov 27 2019 15:30:43 GMT+0100 (CET);Wed Nov 27 2019 14:30:43 GMT+0100 (CET);1574865043000;0.13;35.36;8.87
1438719252742555;13.9;33.1;Wed Nov 27 2019 15:32:36 GMT+0100 (CET);Wed Nov 27 2019 14:32:36 GMT+0100 (CET);1574865156000;0.13;40.63;8.76
1438719252742555;13.9;33.2;Wed Nov 27 2019 15:34:34 GMT+0100 (CET);Wed Nov 27 2019 14:34:34 GMT+0100 (CET);1574865274000;0.14;41.06;8.67
1438719252742555;13.9;32.2;Wed Nov 27 2019 15:36:42 GMT+0100 (CET);Wed Nov 27 2019 14:36:42 GMT+0100 (CET);1574865402000;0.14;36.21;8.6
1438719252742555;13.9;32;Wed Nov 27 2019 15:38:25 GMT+0100 (CET);Wed Nov 27 2019 14:38:25 GMT+0100 (CET);1574865505000;0.14;33.85;8.54
1438719252742555;12.4;32.3;Wed Nov 27 2019 15:40:19 GMT+0100 (CET);Wed Nov 27 2019 14:40:19 GMT+0100 (CET);1574865619000;0.13;30.64;8.49
1438719252742555;12.4;31.6;Wed Nov 27 2019 15:42:12 GMT+0100 (CET);Wed Nov 27 2019 14:42:12 GMT+0100 (CET);1574865732000;0.13;30.56;8.42
1438719252742555;12.4;31.3;Wed Nov 27 2019 15:44:08 GMT+0100 (CET);Wed Nov 27 2019 14:44:08 GMT+0100 (CET);1574865848000;0.12;30.73;8.38
1438719252742555;11.9;31.4;Wed Nov 27 2019 15:46:08 GMT+0100 (CET);Wed Nov 27 2019 14:46:08 GMT+0100 (CET);1574865968000;0.12;29.53;8.35
1438719252742555;11.9;31.6;Wed Nov 27 2019 15:48:03 GMT+0100 (CET);Wed Nov 27 2019 14:48:03 GMT+0100 (CET);1574866083000;0.12;27.95;8.32
1438719252742555;11.9;31.4;Wed Nov 27 2019 15:49:59 GMT+0100 (CET);Wed Nov 27 2019 14:49:59 GMT+0100 (CET);1574866199000;0.11;26.13;8.27
1438719252742555;11.9;30.9;Wed Nov 27 2019 15:52:15 GMT+0100 (CET);Wed Nov 27 2019 14:52:15 GMT+0100 (CET);1574866335000;0.11;26.82;8.23
1438719252742555;10.4;30.7;Wed Nov 27 2019 15:54:08 GMT+0100 (CET);Wed Nov 27 2019 14:54:08 GMT+0100 (CET);1574866448000;0.1;25.45;8.23
1438719252742555;10.4;30.5;Wed Nov 27 2019 15:56:08 GMT+0100 (CET);Wed Nov 27 2019 14:56:08 GMT+0100 (CET);1574866568000;0.09;23.42;8.23
1438719252742555;10.4;30.3;Wed Nov 27 2019 15:58:12 GMT+0100 (CET);Wed Nov 27 2019 14:58:12 GMT+0100 (CET);1574866692000;0.09;21.61;8.19
1438719252742555;10.4;30.3;Wed Nov 27 2019 16:00:13 GMT+0100 (CET);Wed Nov 27 2019 15:00:13 GMT+0100 (CET);1574866813000;0.08;19.63;8.2
1438719252742555;10.4;29.9;Wed Nov 27 2019 16:02:05 GMT+0100 (CET);Wed Nov 27 2019 15:02:05 GMT+0100 (CET);1574866925000;0.07;17.33;8.17
1438719252742555;9.9;30;Wed Nov 27 2019 16:04:00 GMT+0100 (CET);Wed Nov 27 2019 15:04:00 GMT+0100 (CET);1574867040000;0.06;15.67;8.16
1438719252742555;9.9;29.7;Wed Nov 27 2019 16:05:52 GMT+0100 (CET);Wed Nov 27 2019 15:05:52 GMT+0100 (CET);1574867152000;0.06;13.9;8.14
1438719252742555;9.9;29.2;Wed Nov 27 2019 16:08:04 GMT+0100 (CET);Wed Nov 27 2019 15:08:04 GMT+0100 (CET);1574867284000;0;10.97;8.09
1438719252742555;9.9;28.5;Wed Nov 27 2019 16:10:06 GMT+0100 (CET);Wed Nov 27 2019 15:10:06 GMT+0100 (CET);1574867406000;0;9.23;8.05
1438719252742555;9.9;27.5;Wed Nov 27 2019 16:12:18 GMT+0100 (CET);Wed Nov 27 2019 15:12:18 GMT+0100 (CET);1574867538000;0;7.78;8
1438719252742555;9.9;27.3;Wed Nov 27 2019 16:14:12 GMT+0100 (CET);Wed Nov 27 2019 15:14:12 GMT+0100 (CET);1574867652000;0;6.26;7.95
1438719252742555;9.9;33.3;Wed Nov 27 2019 16:16:05 GMT+0100 (CET);Wed Nov 27 2019 15:16:05 GMT+0100 (CET);1574867765000;0;5.43;7.9
1438719252742555;9.9;32.7;Wed Nov 27 2019 16:18:00 GMT+0100 (CET);Wed Nov 27 2019 15:18:00 GMT+0100 (CET);1574867880000;0;4.6;7.86
1438719252742555;9.9;31.7;Wed Nov 27 2019 16:20:02 GMT+0100 (CET);Wed Nov 27 2019 15:20:02 GMT+0100 (CET);1574868002000;0;4.24;7.83
1438719252742555;9.9;31;Wed Nov 27 2019 16:22:01 GMT+0100 (CET);Wed Nov 27 2019 15:22:01 GMT+0100 (CET);1574868121000;0;3.46;7.78
1438719252742555;9.9;30;Wed Nov 27 2019 16:23:54 GMT+0100 (CET);Wed Nov 27 2019 15:23:54 GMT+0100 (CET);1574868234000;0;2.9;7.76
1438719252742555;9.9;27;Wed Nov 27 2019 16:25:49 GMT+0100 (CET);Wed Nov 27 2019 15:25:49 GMT+0100 (CET);1574868349000;0;1.72;7.71
1438719252742555;7.9;27;Wed Nov 27 2019 16:27:42 GMT+0100 (CET);Wed Nov 27 2019 15:27:42 GMT+0100 (CET);1574868462000;0;0.79;7.64
1438719252742555;7.9;27;Wed Nov 27 2019 16:29:35 GMT+0100 (CET);Wed Nov 27 2019 15:29:35 GMT+0100 (CET);1574868575000;0;0.59;7.62
1438719252742555;7.9;30.8;Thu Nov 28 2019 08:06:34 GMT+0100 (CET);Thu Nov 28 2019 07:06:34 GMT+0100 (CET);1574924794000;0;5.44;9.07
1438719252742555;7.9;32.2;Thu Nov 28 2019 08:08:35 GMT+0100 (CET);Thu Nov 28 2019 07:08:35 GMT+0100 (CET);1574924915000;0;6.18;9.04
1438719252742555;7.9;33.4;Thu Nov 28 2019 08:10:32 GMT+0100 (CET);Thu Nov 28 2019 07:10:32 GMT+0100 (CET);1574925032000;0;7.54;9.04
1438719252742555;10.4;27.5;Thu Nov 28 2019 08:12:29 GMT+0100 (CET);Thu Nov 28 2019 07:12:29 GMT+0100 (CET);1574925149000;0;9.6;9
1438719252742555;10.4;27.7;Thu Nov 28 2019 08:14:22 GMT+0100 (CET);Thu Nov 28 2019 07:14:22 GMT+0100 (CET);1574925262000;0;11.17;8.96
1438719252742555;8.4;27.9;Thu Nov 28 2019 08:16:16 GMT+0100 (CET);Thu Nov 28 2019 07:16:16 GMT+0100 (CET);1574925376000;0;12.56;8.94
1438719252742555;8.4;27.6;Thu Nov 28 2019 08:18:09 GMT+0100 (CET);Thu Nov 28 2019 07:18:09 GMT+0100 (CET);1574925489000;0.07;14.58;8.94
1438719252742555;8.4;29.3;Thu Nov 28 2019 08:20:21 GMT+0100 (CET);Thu Nov 28 2019 07:20:21 GMT+0100 (CET);1574925621000;0.07;16.76;8.92
1438719252742555;9.9;29.4;Thu Nov 28 2019 08:22:21 GMT+0100 (CET);Thu Nov 28 2019 07:22:21 GMT+0100 (CET);1574925741000;0.08;17.45;8.91
1438719252742555;9.9;30.1;Thu Nov 28 2019 08:24:32 GMT+0100 (CET);Thu Nov 28 2019 07:24:32 GMT+0100 (CET);1574925872000;0.08;18.34;8.87
1438719252742555;10.4;30;Thu Nov 28 2019 08:27:07 GMT+0100 (CET);Thu Nov 28 2019 07:27:07 GMT+0100 (CET);1574926027000;0.09;20.04;8.86
1438719252742555;10.4;30;Thu Nov 28 2019 08:29:00 GMT+0100 (CET);Thu Nov 28 2019 07:29:00 GMT+0100 (CET);1574926140000;0.11;24.68;8.85
1438719252742555;10.4;30.5;Thu Nov 28 2019 08:31:12 GMT+0100 (CET);Thu Nov 28 2019 07:31:12 GMT+0100 (CET);1574926272000;0.14;30.77;8.87
1438719252742555;10.4;30.8;Thu Nov 28 2019 08:33:05 GMT+0100 (CET);Thu Nov 28 2019 07:33:05 GMT+0100 (CET);1574926385000;0.16;34.69;8.9
1438719252742555;10.4;32.4;Thu Nov 28 2019 08:35:16 GMT+0100 (CET);Thu Nov 28 2019 07:35:16 GMT+0100 (CET);1574926516000;0.15;32.6;8.94
1438719252742555;10.4;32;Thu Nov 28 2019 08:37:13 GMT+0100 (CET);Thu Nov 28 2019 07:37:13 GMT+0100 (CET);1574926633000;0.14;30.28;9
1438719252742555;10.4;31.7;Thu Nov 28 2019 08:39:36 GMT+0100 (CET);Thu Nov 28 2019 07:39:36 GMT+0100 (CET);1574926776000;0.12;27.34;9.06
1438719252742555;11.9;31.5;Thu Nov 28 2019 08:41:38 GMT+0100 (CET);Thu Nov 28 2019 07:41:38 GMT+0100 (CET);1574926898000;0.11;25.43;9.1
1438719252742555;11.9;31.4;Thu Nov 28 2019 08:43:41 GMT+0100 (CET);Thu Nov 28 2019 07:43:41 GMT+0100 (CET);1574927021000;0.1;24.08;9.12
1438719252742555;11.9;30.8;Thu Nov 28 2019 08:45:34 GMT+0100 (CET);Thu Nov 28 2019 07:45:34 GMT+0100 (CET);1574927134000;0.1;23.66;9.14
1438719252742555;11.9;30.3;Thu Nov 28 2019 08:47:38 GMT+0100 (CET);Thu Nov 28 2019 07:47:38 GMT+0100 (CET);1574927258000;0.12;28.75;9.18
1438719252742555;11.9;30.2;Thu Nov 28 2019 08:50:13 GMT+0100 (CET);Thu Nov 28 2019 07:50:13 GMT+0100 (CET);1574927413000;0.17;36.6;9.21
1438719252742555;11.9;30.2;Thu Nov 28 2019 08:52:15 GMT+0100 (CET);Thu Nov 28 2019 07:52:15 GMT+0100 (CET);1574927535000;0.2;41.93;9.25
1438719252742555;11.9;32.8;Thu Nov 28 2019 08:54:17 GMT+0100 (CET);Thu Nov 28 2019 07:54:17 GMT+0100 (CET);1574927657000;0.21;43.45;9.29
1438719252742555;11.9;33;Thu Nov 28 2019 08:56:14 GMT+0100 (CET);Thu Nov 28 2019 07:56:14 GMT+0100 (CET);1574927774000;0.2;43.06;9.34
1438719252742555;11.9;32.9;Thu Nov 28 2019 08:58:07 GMT+0100 (CET);Thu Nov 28 2019 07:58:07 GMT+0100 (CET);1574927887000;0.21;43.55;9.34
1438719252742555;12.4;32.9;Thu Nov 28 2019 09:00:03 GMT+0100 (CET);Thu Nov 28 2019 08:00:03 GMT+0100 (CET);1574928003000;0.28;56.6;9.31
1438719252742555;12.4;33.6;Thu Nov 28 2019 09:01:58 GMT+0100 (CET);Thu Nov 28 2019 08:01:58 GMT+0100 (CET);1574928118000;0.28;57.99;9.32
1438719252742555;12.4;33.4;Thu Nov 28 2019 09:04:38 GMT+0100 (CET);Thu Nov 28 2019 08:04:38 GMT+0100 (CET);1574928278000;0.2;44.58;9.37
1438719252742555;13.9;33.1;Thu Nov 28 2019 09:06:48 GMT+0100 (CET);Thu Nov 28 2019 08:06:48 GMT+0100 (CET);1574928408000;0.15;34.38;9.43
1438719252742555;13.9;32;Thu Nov 28 2019 09:08:42 GMT+0100 (CET);Thu Nov 28 2019 08:08:42 GMT+0100 (CET);1574928522000;0.17;38.82;9.45
1438719252742555;12.4;32.3;Thu Nov 28 2019 09:10:56 GMT+0100 (CET);Thu Nov 28 2019 08:10:56 GMT+0100 (CET);1574928656000;0.2;44.44;9.42
1438719252742555;12.4;32.7;Thu Nov 28 2019 09:12:55 GMT+0100 (CET);Thu Nov 28 2019 08:12:55 GMT+0100 (CET);1574928775000;0.21;46.93;9.35
1438719252742555;12.4;32.8;Thu Nov 28 2019 09:14:49 GMT+0100 (CET);Thu Nov 28 2019 08:14:49 GMT+0100 (CET);1574928889000;0.28;61.62;9.27
1438719252742555;12.4;30.8;Thu Nov 28 2019 09:16:53 GMT+0100 (CET);Thu Nov 28 2019 08:16:53 GMT+0100 (CET);1574929013000;0.38;80.44;9.25
1438719252742555;11.9;30.4;Thu Nov 28 2019 09:19:46 GMT+0100 (CET);Thu Nov 28 2019 08:19:46 GMT+0100 (CET);1574929186000;0.42;92.7;9.35
1438719252742555;11.9;34.3;Thu Nov 28 2019 09:21:52 GMT+0100 (CET);Thu Nov 28 2019 08:21:52 GMT+0100 (CET);1574929312000;0.45;101.74;9.4
1438719252742555;11.9;28.9;Thu Nov 28 2019 09:23:47 GMT+0100 (CET);Thu Nov 28 2019 08:23:47 GMT+0100 (CET);1574929427000;0.53;126.12;9.48
1438719252742555;11.9;34.9;Thu Nov 28 2019 09:25:51 GMT+0100 (CET);Thu Nov 28 2019 08:25:51 GMT+0100 (CET);1574929551000;0.63;172.43;9.63
1438719252742555;11.9;38.8;Thu Nov 28 2019 09:27:56 GMT+0100 (CET);Thu Nov 28 2019 08:27:56 GMT+0100 (CET);1574929676000;0.69;517.11;10.18
1438719252742555;14.4;37.1;Thu Nov 28 2019 09:29:52 GMT+0100 (CET);Thu Nov 28 2019 08:29:52 GMT+0100 (CET);1574929792000;0.82;524.79;11.14
1438719252742555;14.4;37.8;Thu Nov 28 2019 09:31:47 GMT+0100 (CET);Thu Nov 28 2019 08:31:47 GMT+0100 (CET);1574929907000;0.95;427.51;11.68
1438719252742555;16.4;35.9;Thu Nov 28 2019 09:34:14 GMT+0100 (CET);Thu Nov 28 2019 08:34:14 GMT+0100 (CET);1574930054000;0.77;233.3;12
1438719252742555;16.4;34.6;Thu Nov 28 2019 09:36:17 GMT+0100 (CET);Thu Nov 28 2019 08:36:17 GMT+0100 (CET);1574930177000;0.5;181.63;12.12
1438719252742555;15.9;27.3;Thu Nov 28 2019 09:38:16 GMT+0100 (CET);Thu Nov 28 2019 08:38:16 GMT+0100 (CET);1574930296000;0.51;115.43;12.2
1438719252742555;15.9;23.8;Thu Nov 28 2019 09:40:32 GMT+0100 (CET);Thu Nov 28 2019 08:40:32 GMT+0100 (CET);1574930432000;0.62;141.23;12.08
1438719252742555;15.9;34.1;Thu Nov 28 2019 09:42:33 GMT+0100 (CET);Thu Nov 28 2019 08:42:33 GMT+0100 (CET);1574930553000;0.64;138.84;11.92
1438719252742555;16.4;34.3;Thu Nov 28 2019 09:44:26 GMT+0100 (CET);Thu Nov 28 2019 08:44:26 GMT+0100 (CET);1574930666000;0.68;151.1;11.75
1438719252742555;16.4;35.3;Thu Nov 28 2019 09:46:43 GMT+0100 (CET);Thu Nov 28 2019 08:46:43 GMT+0100 (CET);1574930803000;0.68;152.15;11.64
1438719252742555;17.4;35.3;Thu Nov 28 2019 09:49:36 GMT+0100 (CET);Thu Nov 28 2019 08:49:36 GMT+0100 (CET);1574930976000;0.74;209.97;11.53
1438719252742555;17.4;35.4;Thu Nov 28 2019 09:51:45 GMT+0100 (CET);Thu Nov 28 2019 08:51:45 GMT+0100 (CET);1574931105000;0.63;141.74;11.5
1438719252742555;17.4;34.6;Thu Nov 28 2019 09:54:16 GMT+0100 (CET);Thu Nov 28 2019 08:54:16 GMT+0100 (CET);1574931256000;0.51;112.56;11.42
1438719252742555;17.4;34;Thu Nov 28 2019 09:56:10 GMT+0100 (CET);Thu Nov 28 2019 08:56:10 GMT+0100 (CET);1574931370000;0.64;137.22;11.39
1438719252742555;17.4;35.1;Thu Nov 28 2019 09:58:11 GMT+0100 (CET);Thu Nov 28 2019 08:58:11 GMT+0100 (CET);1574931491000;0.66;144.43;11.36
1438719252742555;17.4;34.8;Thu Nov 28 2019 10:00:07 GMT+0100 (CET);Thu Nov 28 2019 09:00:07 GMT+0100 (CET);1574931607000;0.56;122.04;11.35
1438719252742555;17.4;34.7;Thu Nov 28 2019 10:02:19 GMT+0100 (CET);Thu Nov 28 2019 09:02:19 GMT+0100 (CET);1574931739000;0.36;80.48;11.28
1438719252742555;17.4;34.4;Thu Nov 28 2019 10:04:14 GMT+0100 (CET);Thu Nov 28 2019 09:04:14 GMT+0100 (CET);1574931854000;0.29;61.7;11.17
1438719252742555;17.4;34;Thu Nov 28 2019 10:06:07 GMT+0100 (CET);Thu Nov 28 2019 09:06:07 GMT+0100 (CET);1574931967000;0.2;44.43;11.07
1438719252742555;16.4;33;Thu Nov 28 2019 10:08:06 GMT+0100 (CET);Thu Nov 28 2019 09:08:06 GMT+0100 (CET);1574932086000;0.16;34.19;10.9
1438719252742555;16.4;31.7;Thu Nov 28 2019 10:10:46 GMT+0100 (CET);Thu Nov 28 2019 09:10:46 GMT+0100 (CET);1574932246000;0.19;39.05;10.68
1438719252742555;15.9;32;Thu Nov 28 2019 10:12:48 GMT+0100 (CET);Thu Nov 28 2019 09:12:48 GMT+0100 (CET);1574932368000;0.25;50.64;10.43
1438719252742555;15.9;32.4;Thu Nov 28 2019 10:14:44 GMT+0100 (CET);Thu Nov 28 2019 09:14:44 GMT+0100 (CET);1574932484000;0.33;68.91;10.14
1438719252742555;15.9;32.7;Thu Nov 28 2019 10:16:40 GMT+0100 (CET);Thu Nov 28 2019 09:16:40 GMT+0100 (CET);1574932600000;0.39;81.88;9.97
1438719252742555;15.9;33;Thu Nov 28 2019 10:18:53 GMT+0100 (CET);Thu Nov 28 2019 09:18:53 GMT+0100 (CET);1574932733000;0.47;105.04;9.89
1438719252742555;15.9;31.9;Thu Nov 28 2019 10:20:48 GMT+0100 (CET);Thu Nov 28 2019 09:20:48 GMT+0100 (CET);1574932848000;0.58;123.7;9.9
1438719252742555;14.9;35.3;Thu Nov 28 2019 10:23:03 GMT+0100 (CET);Thu Nov 28 2019 09:23:03 GMT+0100 (CET);1574932983000;0.59;127.11;10.03
1438719252742555;14.9;35.2;Thu Nov 28 2019 10:25:16 GMT+0100 (CET);Thu Nov 28 2019 09:25:16 GMT+0100 (CET);1574933116000;0.58;125.28;10.07
1438719252742555;15.9;35.5;Thu Nov 28 2019 10:27:25 GMT+0100 (CET);Thu Nov 28 2019 09:27:25 GMT+0100 (CET);1574933245000;0.75;168.23;10.24
1438719252742555;15.9;35.6;Thu Nov 28 2019 10:29:26 GMT+0100 (CET);Thu Nov 28 2019 09:29:26 GMT+0100 (CET);1574933366000;0.77;171.54;10.39
1438719252742555;15.9;36;Thu Nov 28 2019 10:31:28 GMT+0100 (CET);Thu Nov 28 2019 09:31:28 GMT+0100 (CET);1574933488000;0.72;161.19;10.53
1438719252742555;15.9;35.8;Thu Nov 28 2019 10:33:33 GMT+0100 (CET);Thu Nov 28 2019 09:33:33 GMT+0100 (CET);1574933613000;0.66;148.99;10.65
1438719252742555;15.9;35.6;Thu Nov 28 2019 10:35:32 GMT+0100 (CET);Thu Nov 28 2019 09:35:32 GMT+0100 (CET);1574933732000;0.63;141.05;10.74
1438719252742555;16.4;35.4;Thu Nov 28 2019 10:37:38 GMT+0100 (CET);Thu Nov 28 2019 09:37:38 GMT+0100 (CET);1574933858000;0.51;117.82;10.82
1438719252742555;16.4;33.7;Thu Nov 28 2019 10:40:22 GMT+0100 (CET);Thu Nov 28 2019 09:40:22 GMT+0100 (CET);1574934022000;0.41;89.89;10.92
1438719252742555;15.9;35.2;Thu Nov 28 2019 10:48:54 GMT+0100 (CET);Thu Nov 28 2019 09:48:54 GMT+0100 (CET);1574934534000;0.63;133.05;11.02
1438719252742555;17.4;33.2;Thu Nov 28 2019 12:33:23 GMT+0100 (CET);Thu Nov 28 2019 11:33:23 GMT+0100 (CET);1574940803000;0.23;55.95;11.82
1438719252742555;16.4;32.9;Thu Nov 28 2019 12:51:02 GMT+0100 (CET);Thu Nov 28 2019 11:51:02 GMT+0100 (CET);1574941862000;0.23;55.95;11.82
1438719252742555;15.9;33.4;Thu Nov 28 2019 13:01:07 GMT+0100 (CET);Thu Nov 28 2019 12:01:07 GMT+0100 (CET);1574942467000;0.32;66.74;11.73
1438719252742555;15.9;33.6;Thu Nov 28 2019 13:08:03 GMT+0100 (CET);Thu Nov 28 2019 12:08:03 GMT+0100 (CET);1574942883000;0.44;90.92;11.89
1438719252742555;15.9;34.1;Thu Nov 28 2019 13:09:46 GMT+0100 (CET);Thu Nov 28 2019 12:09:46 GMT+0100 (CET);1574942986000;0.45;98.54;11.92
1438719252742555;16.4;33.8;Thu Nov 28 2019 13:14:19 GMT+0100 (CET);Thu Nov 28 2019 12:14:19 GMT+0100 (CET);1574943259000;0.28;49.49;12.1
1438719252742555;16.4;33.5;Thu Nov 28 2019 13:16:12 GMT+0100 (CET);Thu Nov 28 2019 12:16:12 GMT+0100 (CET);1574943372000;0.17;44.91;12.1
1438719252742555;15.9;31.1;Thu Nov 28 2019 13:21:58 GMT+0100 (CET);Thu Nov 28 2019 12:21:58 GMT+0100 (CET);1574943718000;0.21;26;11.91
1438719252742555;15.9;32.4;Thu Nov 28 2019 13:25:14 GMT+0100 (CET);Thu Nov 28 2019 12:25:14 GMT+0100 (CET);1574943914000;0.3;60.93;11.85
1438719252742555;15.9;33;Thu Nov 28 2019 13:27:23 GMT+0100 (CET);Thu Nov 28 2019 12:27:23 GMT+0100 (CET);1574944043000;0.27;61.73;11.85
1438719252742555;15.9;33.3;Thu Nov 28 2019 13:29:38 GMT+0100 (CET);Thu Nov 28 2019 12:29:38 GMT+0100 (CET);1574944178000;0.38;81.95;11.85
1438719252742555;16.4;33.5;Thu Nov 28 2019 13:31:37 GMT+0100 (CET);Thu Nov 28 2019 12:31:37 GMT+0100 (CET);1574944297000;0.32;68.85;11.86
1438719252742555;16.4;33.7;Thu Nov 28 2019 13:33:30 GMT+0100 (CET);Thu Nov 28 2019 12:33:30 GMT+0100 (CET);1574944410000;0.47;98.96;11.79
1438719252742555;16.4;33.7;Thu Nov 28 2019 13:35:25 GMT+0100 (CET);Thu Nov 28 2019 12:35:25 GMT+0100 (CET);1574944525000;0.38;80.94;11.67
1438719252742555;15.9;33.9;Thu Nov 28 2019 13:37:20 GMT+0100 (CET);Thu Nov 28 2019 12:37:20 GMT+0100 (CET);1574944640000;0.43;85.97;11.43
1438719252742555;15.9;35.3;Thu Nov 28 2019 13:39:39 GMT+0100 (CET);Thu Nov 28 2019 12:39:39 GMT+0100 (CET);1574944779000;0.58;117.22;11.39
1438719252742555;16.4;35.2;Thu Nov 28 2019 13:41:47 GMT+0100 (CET);Thu Nov 28 2019 12:41:47 GMT+0100 (CET);1574944907000;0.39;79.95;11.23
1438719252742555;16.4;34.7;Thu Nov 28 2019 13:43:47 GMT+0100 (CET);Thu Nov 28 2019 12:43:47 GMT+0100 (CET);1574945027000;0.19;40.22;10.94
1438719252742555;16.4;34.3;Thu Nov 28 2019 13:45:44 GMT+0100 (CET);Thu Nov 28 2019 12:45:44 GMT+0100 (CET);1574945144000;0.09;20.58;10.74
1438719252742555;15.9;32.9;Thu Nov 28 2019 13:47:45 GMT+0100 (CET);Thu Nov 28 2019 12:47:45 GMT+0100 (CET);1574945265000;0.18;35.02;10.66
1438719252742555;15.9;33.1;Thu Nov 28 2019 13:49:38 GMT+0100 (CET);Thu Nov 28 2019 12:49:38 GMT+0100 (CET);1574945378000;0.28;56.11;10.6
1438719252742555;14.4;33.7;Thu Nov 28 2019 13:51:31 GMT+0100 (CET);Thu Nov 28 2019 12:51:31 GMT+0100 (CET);1574945491000;0.32;61.41;10.45
1438719252742555;14.4;33.6;Thu Nov 28 2019 13:53:38 GMT+0100 (CET);Thu Nov 28 2019 12:53:38 GMT+0100 (CET);1574945618000;0.18;39.84;10.28
1438719252742555;14.4;33.2;Thu Nov 28 2019 13:55:31 GMT+0100 (CET);Thu Nov 28 2019 12:55:31 GMT+0100 (CET);1574945731000;0.14;30.71;10.12
1438719252742555;14.4;31.9;Thu Nov 28 2019 13:57:24 GMT+0100 (CET);Thu Nov 28 2019 12:57:24 GMT+0100 (CET);1574945844000;0.23;45.56;10.03
1438719252742555;14.4;29;Thu Nov 28 2019 13:59:17 GMT+0100 (CET);Thu Nov 28 2019 12:59:17 GMT+0100 (CET);1574945957000;0.87;239.66;10.03
1438719252742555;13.9;35.1;Thu Nov 28 2019 14:01:12 GMT+0100 (CET);Thu Nov 28 2019 13:01:12 GMT+0100 (CET);1574946072000;2;450.55;10.56
1438719252742555;13.9;34.8;Thu Nov 28 2019 14:03:11 GMT+0100 (CET);Thu Nov 28 2019 13:03:11 GMT+0100 (CET);1574946191000;1.5;427.51;11.1
1438719252742555;13.9;35.6;Thu Nov 28 2019 14:05:04 GMT+0100 (CET);Thu Nov 28 2019 13:05:04 GMT+0100 (CET);1574946304000;0.53;112.78;11.37
1438719252742555;15.9;34.6;Thu Nov 28 2019 14:06:57 GMT+0100 (CET);Thu Nov 28 2019 13:06:57 GMT+0100 (CET);1574946417000;0.54;113.23;11.28
1438719252742555;15.9;34.5;Thu Nov 28 2019 14:08:50 GMT+0100 (CET);Thu Nov 28 2019 13:08:50 GMT+0100 (CET);1574946530000;0.42;89.37;11.21
1438719252742555;16.4;34.5;Thu Nov 28 2019 14:10:43 GMT+0100 (CET);Thu Nov 28 2019 13:10:43 GMT+0100 (CET);1574946643000;0.56;117.01;11.13
1438719252742555;16.4;35.6;Thu Nov 28 2019 14:12:37 GMT+0100 (CET);Thu Nov 28 2019 13:12:37 GMT+0100 (CET);1574946757000;0.62;137.44;11.15
1438719252742555;16.4;36;Thu Nov 28 2019 14:14:30 GMT+0100 (CET);Thu Nov 28 2019 13:14:30 GMT+0100 (CET);1574946870000;0.54;113.73;11.27
1438719252742555;16.4;34.4;Thu Nov 28 2019 14:16:23 GMT+0100 (CET);Thu Nov 28 2019 13:16:23 GMT+0100 (CET);1574946983000;0.59;129.31;11.27
1438719252742555;16.4;33.5;Thu Nov 28 2019 14:18:17 GMT+0100 (CET);Thu Nov 28 2019 13:18:17 GMT+0100 (CET);1574947097000;0.36;78.13;11.26
1438719252742555;15.9;35.8;Thu Nov 28 2019 14:20:09 GMT+0100 (CET);Thu Nov 28 2019 13:20:09 GMT+0100 (CET);1574947209000;0.47;106.07;11.32
1438719252742555;15.9;34.2;Thu Nov 28 2019 14:22:03 GMT+0100 (CET);Thu Nov 28 2019 13:22:03 GMT+0100 (CET);1574947323000;0.47;100.08;11.37
1438719252742555;15.9;34.1;Thu Nov 28 2019 14:23:55 GMT+0100 (CET);Thu Nov 28 2019 13:23:55 GMT+0100 (CET);1574947435000;0.29;65.64;11.38
1438719252742555;15.9;33.2;Thu Nov 28 2019 14:25:48 GMT+0100 (CET);Thu Nov 28 2019 13:25:48 GMT+0100 (CET);1574947548000;0.28;59.36;11.33
1438719252742555;15.9;33.4;Thu Nov 28 2019 14:27:41 GMT+0100 (CET);Thu Nov 28 2019 13:27:41 GMT+0100 (CET);1574947661000;0.27;59.39;11.29
1438719252742555;15.9;33.3;Thu Nov 28 2019 14:29:35 GMT+0100 (CET);Thu Nov 28 2019 13:29:35 GMT+0100 (CET);1574947775000;0.31;64.37;11.25
1438719252742555;15.9;33.6;Thu Nov 28 2019 14:31:28 GMT+0100 (CET);Thu Nov 28 2019 13:31:28 GMT+0100 (CET);1574947888000;0.28;58.98;11.23
1438719252742555;15.9;33.8;Thu Nov 28 2019 14:33:21 GMT+0100 (CET);Thu Nov 28 2019 13:33:21 GMT+0100 (CET);1574948001000;0.36;84.66;11.22
1438719252742555;15.9;34.1;Thu Nov 28 2019 14:35:15 GMT+0100 (CET);Thu Nov 28 2019 13:35:15 GMT+0100 (CET);1574948115000;0.94;153.3;11.27
1438719252742555;15.9;25.2;Thu Nov 28 2019 14:37:09 GMT+0100 (CET);Thu Nov 28 2019 13:37:09 GMT+0100 (CET);1574948229000;1.12;266.04;11.79
1438719252742555;13.9;25;Thu Nov 28 2019 14:39:01 GMT+0100 (CET);Thu Nov 28 2019 13:39:01 GMT+0100 (CET);1574948341000;0.89;220.97;12.3
1438719252742555;13.9;24.8;Thu Nov 28 2019 14:40:55 GMT+0100 (CET);Thu Nov 28 2019 13:40:55 GMT+0100 (CET);1574948455000;0.47;113.9;12.53
1438719252742555;14.4;24.3;Thu Nov 28 2019 14:42:48 GMT+0100 (CET);Thu Nov 28 2019 13:42:48 GMT+0100 (CET);1574948568000;1.21;284.86;12.68
1438719252742555;14.4;23.7;Thu Nov 28 2019 14:44:42 GMT+0100 (CET);Thu Nov 28 2019 13:44:42 GMT+0100 (CET);1574948682000;1.19;271.72;12.93
1438719252742555;14.4;23.5;Thu Nov 28 2019 14:46:35 GMT+0100 (CET);Thu Nov 28 2019 13:46:35 GMT+0100 (CET);1574948795000;0.9;206.19;13.06
1438719252742555;13.9;23.9;Thu Nov 28 2019 14:48:01 GMT+0100 (CET);Thu Nov 28 2019 13:48:01 GMT+0100 (CET);1574948881000;0.85;217.98;13.07
1438719252742555;13.9;24.2;Thu Nov 28 2019 14:49:55 GMT+0100 (CET);Thu Nov 28 2019 13:49:55 GMT+0100 (CET);1574948995000;0.88;218.34;13.02
1438719252742555;13.9;24.2;Thu Nov 28 2019 14:51:49 GMT+0100 (CET);Thu Nov 28 2019 13:51:49 GMT+0100 (CET);1574949109000;0.78;191.21;12.99
1438719252742555;13.9;24.5;Thu Nov 28 2019 14:53:44 GMT+0100 (CET);Thu Nov 28 2019 13:53:44 GMT+0100 (CET);1574949224000;0.73;178.27;13.01
1438719252742555;13.9;24.3;Thu Nov 28 2019 14:55:44 GMT+0100 (CET);Thu Nov 28 2019 13:55:44 GMT+0100 (CET);1574949344000;0.58;142.53;12.91
1438719252742555;13.9;28.4;Thu Nov 28 2019 14:57:37 GMT+0100 (CET);Thu Nov 28 2019 13:57:37 GMT+0100 (CET);1574949457000;0.45;103.75;12.71
1438719252742555;13.9;29;Thu Nov 28 2019 14:59:31 GMT+0100 (CET);Thu Nov 28 2019 13:59:31 GMT+0100 (CET);1574949571000;0.41;106.77;12.53
1438719252742555;14.4;24.3;Thu Nov 28 2019 15:01:25 GMT+0100 (CET);Thu Nov 28 2019 14:01:25 GMT+0100 (CET);1574949685000;0.34;91.67;12.42
1438719252742555;14.4;24.4;Thu Nov 28 2019 15:03:18 GMT+0100 (CET);Thu Nov 28 2019 14:03:18 GMT+0100 (CET);1574949798000;0.32;85.81;12.29
1438719252742555;14.4;29.1;Thu Nov 28 2019 15:05:11 GMT+0100 (CET);Thu Nov 28 2019 14:05:11 GMT+0100 (CET);1574949911000;0.32;83.23;12.17
1438719252742555;13.9;29.9;Thu Nov 28 2019 15:07:04 GMT+0100 (CET);Thu Nov 28 2019 14:07:04 GMT+0100 (CET);1574950024000;0.33;84.07;12
1438719252742555;13.9;29.4;Thu Nov 28 2019 15:08:57 GMT+0100 (CET);Thu Nov 28 2019 14:08:57 GMT+0100 (CET);1574950137000;0.28;67.15;11.85
1438719252742555;13.9;34;Thu Nov 28 2019 15:10:49 GMT+0100 (CET);Thu Nov 28 2019 14:10:49 GMT+0100 (CET);1574950249000;0.34;79.71;11.73
1438719252742555;16.4;33.9;Thu Nov 28 2019 15:12:42 GMT+0100 (CET);Thu Nov 28 2019 14:12:42 GMT+0100 (CET);1574950362000;0.3;66.17;11.6
1438719252742555;16.4;33.5;Thu Nov 28 2019 15:14:35 GMT+0100 (CET);Thu Nov 28 2019 14:14:35 GMT+0100 (CET);1574950475000;0.23;52.09;11.5
1438719252742555;16.4;33.5;Thu Nov 28 2019 15:16:27 GMT+0100 (CET);Thu Nov 28 2019 14:16:27 GMT+0100 (CET);1574950587000;0.21;48.5;11.39
1438719252742555;16.4;33;Thu Nov 28 2019 15:18:20 GMT+0100 (CET);Thu Nov 28 2019 14:18:20 GMT+0100 (CET);1574950700000;0.25;57.21;11.31
1438719252742555;15.9;33.4;Thu Nov 28 2019 15:20:14 GMT+0100 (CET);Thu Nov 28 2019 14:20:14 GMT+0100 (CET);1574950814000;0.24;54.95;11.17
1438719252742555;15.9;33.3;Thu Nov 28 2019 15:22:08 GMT+0100 (CET);Thu Nov 28 2019 14:22:08 GMT+0100 (CET);1574950928000;0.23;51.84;11.03
1438719252742555;15.9;33.2;Thu Nov 28 2019 15:24:00 GMT+0100 (CET);Thu Nov 28 2019 14:24:00 GMT+0100 (CET);1574951040000;0.22;48.96;10.92
1438719252742555;15.4;33.1;Thu Nov 28 2019 15:25:53 GMT+0100 (CET);Thu Nov 28 2019 14:25:53 GMT+0100 (CET);1574951153000;0.19;43.79;10.8
1438719252742555;15.4;32.9;Thu Nov 28 2019 15:27:46 GMT+0100 (CET);Thu Nov 28 2019 14:27:46 GMT+0100 (CET);1574951266000;0.17;39;10.71
1438719252742555;14.4;32.6;Thu Nov 28 2019 15:29:39 GMT+0100 (CET);Thu Nov 28 2019 14:29:39 GMT+0100 (CET);1574951379000;0.13;29.51;10.64
1438719252742555;14.4;32.3;Thu Nov 28 2019 15:31:31 GMT+0100 (CET);Thu Nov 28 2019 14:31:31 GMT+0100 (CET);1574951491000;0.08;18.8;10.57
1438719252742555;14.4;31;Thu Nov 28 2019 15:33:24 GMT+0100 (CET);Thu Nov 28 2019 14:33:24 GMT+0100 (CET);1574951604000;0.06;16.09;10.55
1438719252742555;14.4;29.7;Thu Nov 28 2019 15:35:19 GMT+0100 (CET);Thu Nov 28 2019 14:35:19 GMT+0100 (CET);1574951719000;0.09;22.03;10.54
1438719252742555;14.4;30;Thu Nov 28 2019 15:37:12 GMT+0100 (CET);Thu Nov 28 2019 14:37:12 GMT+0100 (CET);1574951832000;0.08;19.33;10.51
1438719252742555;14.4;29.7;Thu Nov 28 2019 15:39:04 GMT+0100 (CET);Thu Nov 28 2019 14:39:04 GMT+0100 (CET);1574951944000;0.08;18.88;10.48
1438719252742555;14.4;29.6;Thu Nov 28 2019 15:40:57 GMT+0100 (CET);Thu Nov 28 2019 14:40:57 GMT+0100 (CET);1574952057000;0.1;23.07;10.42
1438719252742555;14.4;30.5;Thu Nov 28 2019 15:42:50 GMT+0100 (CET);Thu Nov 28 2019 14:42:50 GMT+0100 (CET);1574952170000;0.13;28.41;10.35
1438719252742555;13.9;31.3;Thu Nov 28 2019 15:44:42 GMT+0100 (CET);Thu Nov 28 2019 14:44:42 GMT+0100 (CET);1574952282000;0.11;25.33;10.25
1438719252742555;13.9;30.9;Thu Nov 28 2019 15:46:35 GMT+0100 (CET);Thu Nov 28 2019 14:46:35 GMT+0100 (CET);1574952395000;0.1;21.25;10.04
1438719252742555;12.4;30.6;Thu Nov 28 2019 15:48:30 GMT+0100 (CET);Thu Nov 28 2019 14:48:30 GMT+0100 (CET);1574952510000;0.1;20.43;9.91
1438719252742555;12.4;30.6;Thu Nov 28 2019 15:50:24 GMT+0100 (CET);Thu Nov 28 2019 14:50:24 GMT+0100 (CET);1574952624000;0.08;18.22;9.85
1438719252742555;12.4;30.6;Thu Nov 28 2019 15:52:06 GMT+0100 (CET);Thu Nov 28 2019 14:52:06 GMT+0100 (CET);1574952726000;0.07;16.24;9.81
1438719252742555;12.4;30.1;Thu Nov 28 2019 15:54:03 GMT+0100 (CET);Thu Nov 28 2019 14:54:03 GMT+0100 (CET);1574952843000;0.08;17.86;9.75
1438719252742555;12.4;30.5;Thu Nov 28 2019 15:55:56 GMT+0100 (CET);Thu Nov 28 2019 14:55:56 GMT+0100 (CET);1574952956000;0.07;17.09;9.69
1438719252742555;12.4;30.7;Thu Nov 28 2019 15:57:49 GMT+0100 (CET);Thu Nov 28 2019 14:57:49 GMT+0100 (CET);1574953069000;0.07;17.6;9.7
1438719252742555;11.9;30.6;Thu Nov 28 2019 15:59:42 GMT+0100 (CET);Thu Nov 28 2019 14:59:42 GMT+0100 (CET);1574953182000;0.07;16.13;9.71
1438719252742555;11.9;30.4;Thu Nov 28 2019 16:01:38 GMT+0100 (CET);Thu Nov 28 2019 15:01:38 GMT+0100 (CET);1574953298000;0.07;16.47;9.77
1438719252742555;11.9;30.4;Thu Nov 28 2019 16:03:31 GMT+0100 (CET);Thu Nov 28 2019 15:03:31 GMT+0100 (CET);1574953411000;0.07;16.07;9.76
1438719252742555;11.9;30.4;Thu Nov 28 2019 16:05:24 GMT+0100 (CET);Thu Nov 28 2019 15:05:24 GMT+0100 (CET);1574953524000;0.06;13.61;9.78
1438719252742555;11.9;29.7;Thu Nov 28 2019 16:07:18 GMT+0100 (CET);Thu Nov 28 2019 15:07:18 GMT+0100 (CET);1574953638000;0;10.57;9.81
1438719252742555;11.9;28.9;Thu Nov 28 2019 16:09:11 GMT+0100 (CET);Thu Nov 28 2019 15:09:11 GMT+0100 (CET);1574953751000;0;8.51;9.89
1438719252742555;11.9;28.4;Thu Nov 28 2019 16:11:04 GMT+0100 (CET);Thu Nov 28 2019 15:11:04 GMT+0100 (CET);1574953864000;0;7.85;9.92
1438719252742555;11.9;26.7;Thu Nov 28 2019 16:12:57 GMT+0100 (CET);Thu Nov 28 2019 15:12:57 GMT+0100 (CET);1574953977000;0;8.24;10
1438719252742555;11.9;26.3;Thu Nov 28 2019 16:14:50 GMT+0100 (CET);Thu Nov 28 2019 15:14:50 GMT+0100 (CET);1574954090000;0;7.02;10.02
1438719252742555;11.9;33;Thu Nov 28 2019 16:16:44 GMT+0100 (CET);Thu Nov 28 2019 15:16:44 GMT+0100 (CET);1574954204000;0;5.76;10
1438719252742555;11.9;32;Thu Nov 28 2019 16:18:36 GMT+0100 (CET);Thu Nov 28 2019 15:18:36 GMT+0100 (CET);1574954316000;0;4.05;9.92
1438719252742555;11.9;30.4;Thu Nov 28 2019 16:20:32 GMT+0100 (CET);Thu Nov 28 2019 15:20:32 GMT+0100 (CET);1574954432000;0;3.07;9.85
1438719252742555;11.9;29.7;Thu Nov 28 2019 16:22:25 GMT+0100 (CET);Thu Nov 28 2019 15:22:25 GMT+0100 (CET);1574954545000;0;2.47;9.83
1438719252742555;11.9;25.4;Thu Nov 28 2019 16:24:18 GMT+0100 (CET);Thu Nov 28 2019 15:24:18 GMT+0100 (CET);1574954658000;0;2.05;9.78
1438719252742555;11.9;21.6;Thu Nov 28 2019 16:26:11 GMT+0100 (CET);Thu Nov 28 2019 15:26:11 GMT+0100 (CET);1574954771000;0;1.11;9.73
1438719252742555;11.9;21.6;Thu Nov 28 2019 16:28:04 GMT+0100 (CET);Thu Nov 28 2019 15:28:04 GMT+0100 (CET);1574954884000;0;0.69;9.69
1438719252742555;11.9;21.6;Thu Nov 28 2019 16:29:57 GMT+0100 (CET);Thu Nov 28 2019 15:29:57 GMT+0100 (CET);1574954997000;0;0.13;9.65