module_id;temperature;voltage;ts;utc_ts;timestamp;current;irradiation;temperature_amb
1380556831572750;16.9;29.2;Mon Sep 30 2019 07:32:36 GMT+0200 (CEST);Mon Sep 30 2019 05:32:36 GMT+0200 (CEST);1569821556000;0.07;15.61;14.67
1380556831572750;16.9;29.1;Mon Sep 30 2019 07:34:29 GMT+0200 (CEST);Mon Sep 30 2019 05:34:29 GMT+0200 (CEST);1569821669000;0.09;18.45;14.61
1380556831572750;16.9;29.3;Mon Sep 30 2019 07:36:23 GMT+0200 (CEST);Mon Sep 30 2019 05:36:23 GMT+0200 (CEST);1569821783000;0.09;20.47;14.57
1380556831572750;19.4;29.1;Mon Sep 30 2019 07:38:16 GMT+0200 (CEST);Mon Sep 30 2019 05:38:16 GMT+0200 (CEST);1569821896000;0.09;21.18;14.58
1380556831572750;19.4;29.8;Mon Sep 30 2019 07:40:34 GMT+0200 (CEST);Mon Sep 30 2019 05:40:34 GMT+0200 (CEST);1569822034000;0.08;19.6;14.66
1380556831572750;19.4;30.4;Mon Sep 30 2019 07:42:28 GMT+0200 (CEST);Mon Sep 30 2019 05:42:28 GMT+0200 (CEST);1569822148000;0.08;18.98;14.72
1380556831572750;19.4;29.7;Mon Sep 30 2019 07:44:21 GMT+0200 (CEST);Mon Sep 30 2019 05:44:21 GMT+0200 (CEST);1569822261000;0.06;16.49;14.78
1380556831572750;19.9;31.3;Mon Sep 30 2019 07:46:14 GMT+0200 (CEST);Mon Sep 30 2019 05:46:14 GMT+0200 (CEST);1569822374000;0;17.43;14.8
1380556831572750;19.9;33.2;Mon Sep 30 2019 07:48:20 GMT+0200 (CEST);Mon Sep 30 2019 05:48:20 GMT+0200 (CEST);1569822500000;0;17.39;14.85
1380556831572750;19.9;33.8;Mon Sep 30 2019 07:50:25 GMT+0200 (CEST);Mon Sep 30 2019 05:50:25 GMT+0200 (CEST);1569822625000;0;17.73;14.89
1380556831572750;21.5;35.5;Mon Sep 30 2019 07:52:18 GMT+0200 (CEST);Mon Sep 30 2019 05:52:18 GMT+0200 (CEST);1569822738000;0;19.5;14.86
1380556831572750;21.5;35.9;Mon Sep 30 2019 07:54:11 GMT+0200 (CEST);Mon Sep 30 2019 05:54:11 GMT+0200 (CEST);1569822851000;0;20.63;14.82
1380556831572750;23.5;36.2;Mon Sep 30 2019 07:56:12 GMT+0200 (CEST);Mon Sep 30 2019 05:56:12 GMT+0200 (CEST);1569822972000;0;21.13;14.78
1380556831572750;23.5;36.1;Mon Sep 30 2019 07:58:05 GMT+0200 (CEST);Mon Sep 30 2019 05:58:05 GMT+0200 (CEST);1569823085000;0;22.96;14.71
1380556831572750;23.5;36.3;Mon Sep 30 2019 08:00:00 GMT+0200 (CEST);Mon Sep 30 2019 06:00:00 GMT+0200 (CEST);1569823200000;0;20.07;14.71
1380556831572750;23.5;34.9;Mon Sep 30 2019 08:01:54 GMT+0200 (CEST);Mon Sep 30 2019 06:01:54 GMT+0200 (CEST);1569823314000;0;13.5;14.75
1380556831572750;23.5;33.7;Mon Sep 30 2019 08:03:49 GMT+0200 (CEST);Mon Sep 30 2019 06:03:49 GMT+0200 (CEST);1569823429000;0;8.04;14.77
1380556831572750;22;33;Mon Sep 30 2019 08:05:44 GMT+0200 (CEST);Mon Sep 30 2019 06:05:44 GMT+0200 (CEST);1569823544000;0;11.73;14.72
1380556831572750;22;35.5;Mon Sep 30 2019 08:07:37 GMT+0200 (CEST);Mon Sep 30 2019 06:07:37 GMT+0200 (CEST);1569823657000;0;17.81;14.56
1380556831572750;22;36.8;Mon Sep 30 2019 08:09:31 GMT+0200 (CEST);Mon Sep 30 2019 06:09:31 GMT+0200 (CEST);1569823771000;0;28.8;14.5
1380556831572750;23.5;37.7;Mon Sep 30 2019 08:11:46 GMT+0200 (CEST);Mon Sep 30 2019 06:11:46 GMT+0200 (CEST);1569823906000;0;39.89;14.53
1380556831572750;23.5;32.2;Mon Sep 30 2019 08:13:40 GMT+0200 (CEST);Mon Sep 30 2019 06:13:40 GMT+0200 (CEST);1569824020000;0.23;49.24;14.58
1380556831572750;22;32;Mon Sep 30 2019 08:15:36 GMT+0200 (CEST);Mon Sep 30 2019 06:15:36 GMT+0200 (CEST);1569824136000;0.19;39.28;14.64
1380556831572750;22;31.3;Mon Sep 30 2019 08:17:29 GMT+0200 (CEST);Mon Sep 30 2019 06:17:29 GMT+0200 (CEST);1569824249000;0.15;32.66;14.67
1380556831572750;22;31.2;Mon Sep 30 2019 08:19:27 GMT+0200 (CEST);Mon Sep 30 2019 06:19:27 GMT+0200 (CEST);1569824367000;0.15;34.11;14.7
1380556831572750;21.5;31.2;Mon Sep 30 2019 08:21:20 GMT+0200 (CEST);Mon Sep 30 2019 06:21:20 GMT+0200 (CEST);1569824480000;0.15;33.88;14.71
1380556831572750;21.5;31.3;Mon Sep 30 2019 08:23:13 GMT+0200 (CEST);Mon Sep 30 2019 06:23:13 GMT+0200 (CEST);1569824593000;0.13;28.99;14.72
1380556831572750;21.5;31.4;Mon Sep 30 2019 08:25:07 GMT+0200 (CEST);Mon Sep 30 2019 06:25:07 GMT+0200 (CEST);1569824707000;0.11;26.28;14.73
1380556831572750;21.5;31;Mon Sep 30 2019 08:27:01 GMT+0200 (CEST);Mon Sep 30 2019 06:27:01 GMT+0200 (CEST);1569824821000;0.13;30.71;14.74
1380556831572750;21.5;31.2;Mon Sep 30 2019 08:28:54 GMT+0200 (CEST);Mon Sep 30 2019 06:28:54 GMT+0200 (CEST);1569824934000;0.21;45.85;14.74
1380556831572750;21.5;31;Mon Sep 30 2019 08:30:52 GMT+0200 (CEST);Mon Sep 30 2019 06:30:52 GMT+0200 (CEST);1569825052000;0.16;35.71;14.75
1380556831572750;21.5;31.7;Mon Sep 30 2019 08:32:46 GMT+0200 (CEST);Mon Sep 30 2019 06:32:46 GMT+0200 (CEST);1569825166000;0.21;44.33;14.75
1380556831572750;21.5;32.1;Mon Sep 30 2019 08:35:04 GMT+0200 (CEST);Mon Sep 30 2019 06:35:04 GMT+0200 (CEST);1569825304000;0.27;56.2;14.75
1380556831572750;21.5;32.1;Mon Sep 30 2019 08:36:59 GMT+0200 (CEST);Mon Sep 30 2019 06:36:59 GMT+0200 (CEST);1569825419000;0.21;41.09;14.75
1380556831572750;21.5;31.2;Mon Sep 30 2019 08:38:52 GMT+0200 (CEST);Mon Sep 30 2019 06:38:52 GMT+0200 (CEST);1569825532000;0.2;44.04;14.73
1380556831572750;21.5;32.1;Mon Sep 30 2019 08:40:47 GMT+0200 (CEST);Mon Sep 30 2019 06:40:47 GMT+0200 (CEST);1569825647000;0.26;56.43;14.72
1380556831572750;21.5;32.6;Mon Sep 30 2019 08:42:40 GMT+0200 (CEST);Mon Sep 30 2019 06:42:40 GMT+0200 (CEST);1569825760000;0.38;78.3;14.72
1380556831572750;22;33.4;Mon Sep 30 2019 08:44:33 GMT+0200 (CEST);Mon Sep 30 2019 06:44:33 GMT+0200 (CEST);1569825873000;0.45;95.58;14.75
1380556831572750;22;33.5;Mon Sep 30 2019 08:46:39 GMT+0200 (CEST);Mon Sep 30 2019 06:46:39 GMT+0200 (CEST);1569825999000;0.47;101.57;14.82
1380556831572750;22;32.9;Mon Sep 30 2019 08:48:32 GMT+0200 (CEST);Mon Sep 30 2019 06:48:32 GMT+0200 (CEST);1569826112000;0.34;72.56;14.87
1380556831572750;22;32.3;Mon Sep 30 2019 08:50:30 GMT+0200 (CEST);Mon Sep 30 2019 06:50:30 GMT+0200 (CEST);1569826230000;0.26;60.41;14.82
1380556831572750;22;32.6;Mon Sep 30 2019 08:52:27 GMT+0200 (CEST);Mon Sep 30 2019 06:52:27 GMT+0200 (CEST);1569826347000;0.39;90.33;14.75
1380556831572750;22;33.5;Mon Sep 30 2019 08:54:23 GMT+0200 (CEST);Mon Sep 30 2019 06:54:23 GMT+0200 (CEST);1569826463000;0.52;120.07;14.72
1380556831572750;22;34.3;Mon Sep 30 2019 08:56:16 GMT+0200 (CEST);Mon Sep 30 2019 06:56:16 GMT+0200 (CEST);1569826576000;0.75;156.74;14.8
1380556831572750;22;34.1;Mon Sep 30 2019 08:58:09 GMT+0200 (CEST);Mon Sep 30 2019 06:58:09 GMT+0200 (CEST);1569826689000;0.59;200.33;14.99
1380556831572750;22;33.4;Mon Sep 30 2019 09:00:02 GMT+0200 (CEST);Mon Sep 30 2019 07:00:02 GMT+0200 (CEST);1569826802000;0.55;111.05;15.12
1380556831572750;23.5;33.3;Mon Sep 30 2019 09:01:58 GMT+0200 (CEST);Mon Sep 30 2019 07:01:58 GMT+0200 (CEST);1569826918000;0.38;75.79;15.18
1380556831572750;23.5;32.6;Mon Sep 30 2019 09:03:57 GMT+0200 (CEST);Mon Sep 30 2019 07:03:57 GMT+0200 (CEST);1569827037000;0.42;84.78;15.2
1380556831572750;23.5;33.4;Mon Sep 30 2019 09:05:55 GMT+0200 (CEST);Mon Sep 30 2019 07:05:55 GMT+0200 (CEST);1569827155000;0.47;93.38;15.16
1380556831572750;23.5;33.1;Mon Sep 30 2019 09:08:01 GMT+0200 (CEST);Mon Sep 30 2019 07:08:01 GMT+0200 (CEST);1569827281000;0.45;89.57;15.1
1380556831572750;23.5;33.5;Mon Sep 30 2019 09:09:54 GMT+0200 (CEST);Mon Sep 30 2019 07:09:54 GMT+0200 (CEST);1569827394000;0.49;98.76;15.09
1380556831572750;23.5;33.6;Mon Sep 30 2019 09:11:47 GMT+0200 (CEST);Mon Sep 30 2019 07:11:47 GMT+0200 (CEST);1569827507000;0.44;88.89;15.09
1380556831572750;23.5;33;Mon Sep 30 2019 09:13:46 GMT+0200 (CEST);Mon Sep 30 2019 07:13:46 GMT+0200 (CEST);1569827626000;0.41;83.16;15.07
1380556831572750;23.5;33.1;Mon Sep 30 2019 09:15:42 GMT+0200 (CEST);Mon Sep 30 2019 07:15:42 GMT+0200 (CEST);1569827742000;0.41;81.02;14.96
1380556831572750;23.5;32.9;Mon Sep 30 2019 09:17:34 GMT+0200 (CEST);Mon Sep 30 2019 07:17:34 GMT+0200 (CEST);1569827854000;0.41;81.08;14.96
1380556831572750;23.5;32.8;Mon Sep 30 2019 09:19:27 GMT+0200 (CEST);Mon Sep 30 2019 07:19:27 GMT+0200 (CEST);1569827967000;0.4;79.11;14.85
1380556831572750;23.5;33.4;Mon Sep 30 2019 09:21:53 GMT+0200 (CEST);Mon Sep 30 2019 07:21:53 GMT+0200 (CEST);1569828113000;0.47;89.51;14.59
1380556831572750;23.5;33.6;Mon Sep 30 2019 09:23:46 GMT+0200 (CEST);Mon Sep 30 2019 07:23:46 GMT+0200 (CEST);1569828226000;0.48;92.46;14.53
1380556831572750;23.5;33.4;Mon Sep 30 2019 09:25:42 GMT+0200 (CEST);Mon Sep 30 2019 07:25:42 GMT+0200 (CEST);1569828342000;0.54;111.17;14.56
1380556831572750;23.5;34.3;Mon Sep 30 2019 09:27:36 GMT+0200 (CEST);Mon Sep 30 2019 07:27:36 GMT+0200 (CEST);1569828456000;0.68;133.55;14.67
1380556831572750;23.5;34.1;Mon Sep 30 2019 09:29:32 GMT+0200 (CEST);Mon Sep 30 2019 07:29:32 GMT+0200 (CEST);1569828572000;0.63;123.52;14.82
1380556831572750;23.5;34.2;Mon Sep 30 2019 09:31:27 GMT+0200 (CEST);Mon Sep 30 2019 07:31:27 GMT+0200 (CEST);1569828687000;0.74;145.8;14.92
1380556831572750;23.5;34.1;Mon Sep 30 2019 09:33:26 GMT+0200 (CEST);Mon Sep 30 2019 07:33:26 GMT+0200 (CEST);1569828806000;0.64;127.68;15.05
1380556831572750;23.5;33.9;Mon Sep 30 2019 09:35:23 GMT+0200 (CEST);Mon Sep 30 2019 07:35:23 GMT+0200 (CEST);1569828923000;0.59;119.66;15.14
1380556831572750;23.5;34.1;Mon Sep 30 2019 09:37:43 GMT+0200 (CEST);Mon Sep 30 2019 07:37:43 GMT+0200 (CEST);1569829063000;0.6;122.94;15.21
1380556831572750;23.5;33.9;Mon Sep 30 2019 09:39:37 GMT+0200 (CEST);Mon Sep 30 2019 07:39:37 GMT+0200 (CEST);1569829177000;0.63;134.4;15.27
1380556831572750;23.5;34;Mon Sep 30 2019 09:41:30 GMT+0200 (CEST);Mon Sep 30 2019 07:41:30 GMT+0200 (CEST);1569829290000;0.72;148.73;15.28
1380556831572750;23.5;34.4;Mon Sep 30 2019 09:43:25 GMT+0200 (CEST);Mon Sep 30 2019 07:43:25 GMT+0200 (CEST);1569829405000;0.76;158.3;15.35
1380556831572750;24;34.2;Mon Sep 30 2019 09:45:22 GMT+0200 (CEST);Mon Sep 30 2019 07:45:22 GMT+0200 (CEST);1569829522000;0.74;154.33;15.38
1380556831572750;24;34.1;Mon Sep 30 2019 09:47:15 GMT+0200 (CEST);Mon Sep 30 2019 07:47:15 GMT+0200 (CEST);1569829635000;0.71;150.44;15.42
1380556831572750;24;34.1;Mon Sep 30 2019 09:49:07 GMT+0200 (CEST);Mon Sep 30 2019 07:49:07 GMT+0200 (CEST);1569829747000;0.77;163.52;15.45
1380556831572750;24;34.4;Mon Sep 30 2019 09:51:03 GMT+0200 (CEST);Mon Sep 30 2019 07:51:03 GMT+0200 (CEST);1569829863000;0.74;157.66;15.5
1380556831572750;24;33.8;Mon Sep 30 2019 09:53:00 GMT+0200 (CEST);Mon Sep 30 2019 07:53:00 GMT+0200 (CEST);1569829980000;0.65;144.19;15.51
1380556831572750;24;34.1;Mon Sep 30 2019 09:54:54 GMT+0200 (CEST);Mon Sep 30 2019 07:54:54 GMT+0200 (CEST);1569830094000;0.83;171.19;15.57
1380556831572750;24;34.4;Mon Sep 30 2019 09:56:51 GMT+0200 (CEST);Mon Sep 30 2019 07:56:51 GMT+0200 (CEST);1569830211000;0.88;182.67;15.67
1380556831572750;25.5;34.2;Mon Sep 30 2019 09:58:45 GMT+0200 (CEST);Mon Sep 30 2019 07:58:45 GMT+0200 (CEST);1569830325000;0.73;153.81;15.74
1380556831572750;25.5;33.7;Mon Sep 30 2019 10:00:40 GMT+0200 (CEST);Mon Sep 30 2019 08:00:40 GMT+0200 (CEST);1569830440000;0.6;128.07;15.75
1380556831572750;25.5;33.9;Mon Sep 30 2019 10:02:39 GMT+0200 (CEST);Mon Sep 30 2019 08:02:39 GMT+0200 (CEST);1569830559000;0.69;147.38;15.71
1380556831572750;24;34;Mon Sep 30 2019 10:04:32 GMT+0200 (CEST);Mon Sep 30 2019 08:04:32 GMT+0200 (CEST);1569830672000;0.64;140.49;15.71
1380556831572750;24;34.3;Mon Sep 30 2019 10:06:26 GMT+0200 (CEST);Mon Sep 30 2019 08:06:26 GMT+0200 (CEST);1569830786000;0.92;197.33;15.73
1380556831572750;25.5;34.4;Mon Sep 30 2019 10:08:25 GMT+0200 (CEST);Mon Sep 30 2019 08:08:25 GMT+0200 (CEST);1569830905000;0.92;195.95;15.79
1380556831572750;25.5;34.3;Mon Sep 30 2019 10:10:31 GMT+0200 (CEST);Mon Sep 30 2019 08:10:31 GMT+0200 (CEST);1569831031000;0.72;149.22;15.92
1380556831572750;25.5;33.6;Mon Sep 30 2019 10:12:29 GMT+0200 (CEST);Mon Sep 30 2019 08:12:29 GMT+0200 (CEST);1569831149000;0.62;128.96;15.96
1380556831572750;25.5;33.8;Mon Sep 30 2019 10:14:21 GMT+0200 (CEST);Mon Sep 30 2019 08:14:21 GMT+0200 (CEST);1569831261000;0.68;139.04;15.96
1380556831572750;25.5;33.9;Mon Sep 30 2019 10:16:14 GMT+0200 (CEST);Mon Sep 30 2019 08:16:14 GMT+0200 (CEST);1569831374000;0.75;154.92;15.95
1380556831572750;25.5;34.1;Mon Sep 30 2019 10:18:07 GMT+0200 (CEST);Mon Sep 30 2019 08:18:07 GMT+0200 (CEST);1569831487000;0.75;156.4;15.93
1380556831572750;25.5;34.2;Mon Sep 30 2019 10:20:01 GMT+0200 (CEST);Mon Sep 30 2019 08:20:01 GMT+0200 (CEST);1569831601000;0.86;172.75;15.97
1380556831572750;25.5;34;Mon Sep 30 2019 10:21:53 GMT+0200 (CEST);Mon Sep 30 2019 08:21:53 GMT+0200 (CEST);1569831713000;0.7;143.23;16.03
1380556831572750;25.5;33.7;Mon Sep 30 2019 10:23:54 GMT+0200 (CEST);Mon Sep 30 2019 08:23:54 GMT+0200 (CEST);1569831834000;0.67;133.41;16.05
1380556831572750;25.5;33.6;Mon Sep 30 2019 10:25:46 GMT+0200 (CEST);Mon Sep 30 2019 08:25:46 GMT+0200 (CEST);1569831946000;0.57;116.99;16.05
1380556831572750;25.5;33.4;Mon Sep 30 2019 10:27:40 GMT+0200 (CEST);Mon Sep 30 2019 08:27:40 GMT+0200 (CEST);1569832060000;0.51;107.5;16.02
1380556831572750;25.5;33.4;Mon Sep 30 2019 10:29:33 GMT+0200 (CEST);Mon Sep 30 2019 08:29:33 GMT+0200 (CEST);1569832173000;0.53;115.76;15.95
1380556831572750;25.5;33.8;Mon Sep 30 2019 10:31:38 GMT+0200 (CEST);Mon Sep 30 2019 08:31:38 GMT+0200 (CEST);1569832298000;0.59;127.88;15.86
1380556831572750;24;34;Mon Sep 30 2019 10:33:48 GMT+0200 (CEST);Mon Sep 30 2019 08:33:48 GMT+0200 (CEST);1569832428000;1.02;212.67;15.89
1380556831572750;24;35.4;Mon Sep 30 2019 10:35:41 GMT+0200 (CEST);Mon Sep 30 2019 08:35:41 GMT+0200 (CEST);1569832541000;0.75;160.26;16.13
1380556831572750;25.5;34;Mon Sep 30 2019 10:37:39 GMT+0200 (CEST);Mon Sep 30 2019 08:37:39 GMT+0200 (CEST);1569832659000;0.79;172.44;16.28
1380556831572750;25.5;34.3;Mon Sep 30 2019 10:39:34 GMT+0200 (CEST);Mon Sep 30 2019 08:39:34 GMT+0200 (CEST);1569832774000;1.01;217.25;16.36
1380556831572750;26;34.7;Mon Sep 30 2019 10:41:27 GMT+0200 (CEST);Mon Sep 30 2019 08:41:27 GMT+0200 (CEST);1569832887000;1.02;222.51;16.47
1380556831572750;26;34.2;Mon Sep 30 2019 10:43:20 GMT+0200 (CEST);Mon Sep 30 2019 08:43:20 GMT+0200 (CEST);1569833000000;0.9;193.97;16.53
1380556831572750;26;34.7;Mon Sep 30 2019 10:45:14 GMT+0200 (CEST);Mon Sep 30 2019 08:45:14 GMT+0200 (CEST);1569833114000;1.4;391.67;16.57
1380556831572750;26;34.7;Mon Sep 30 2019 10:47:40 GMT+0200 (CEST);Mon Sep 30 2019 08:47:40 GMT+0200 (CEST);1569833260000;1.1;239.24;16.88
1380556831572750;26;34.6;Mon Sep 30 2019 10:49:36 GMT+0200 (CEST);Mon Sep 30 2019 08:49:36 GMT+0200 (CEST);1569833376000;1;215.43;17.12
1380556831572750;27.5;35.3;Mon Sep 30 2019 10:51:31 GMT+0200 (CEST);Mon Sep 30 2019 08:51:31 GMT+0200 (CEST);1569833491000;0.9;204.74;17.35
1380556831572750;27.5;34.7;Mon Sep 30 2019 10:53:24 GMT+0200 (CEST);Mon Sep 30 2019 08:53:24 GMT+0200 (CEST);1569833604000;1.35;593.91;17.5
1380556831572750;28;33.8;Mon Sep 30 2019 10:55:18 GMT+0200 (CEST);Mon Sep 30 2019 08:55:18 GMT+0200 (CEST);1569833718000;0.83;170.32;17.49
1380556831572750;28;33.4;Mon Sep 30 2019 10:57:11 GMT+0200 (CEST);Mon Sep 30 2019 08:57:11 GMT+0200 (CEST);1569833831000;0.83;188.68;17.32
1380556831572750;28;35.3;Mon Sep 30 2019 10:59:05 GMT+0200 (CEST);Mon Sep 30 2019 08:59:05 GMT+0200 (CEST);1569833945000;1.42;312;17.54
1380556831572750;28;34.2;Mon Sep 30 2019 11:01:00 GMT+0200 (CEST);Mon Sep 30 2019 09:01:00 GMT+0200 (CEST);1569834060000;1.2;269.33;17.6
1380556831572750;28;34.3;Mon Sep 30 2019 11:03:35 GMT+0200 (CEST);Mon Sep 30 2019 09:03:35 GMT+0200 (CEST);1569834215000;1.54;337.91;17.85
1380556831572750;29.5;34;Mon Sep 30 2019 11:05:28 GMT+0200 (CEST);Mon Sep 30 2019 09:05:28 GMT+0200 (CEST);1569834328000;1.52;358.39;18.14
1380556831572750;29.5;34.1;Mon Sep 30 2019 11:07:21 GMT+0200 (CEST);Mon Sep 30 2019 09:07:21 GMT+0200 (CEST);1569834441000;4.73;995.83;18.54
1380556831572750;30;34.4;Mon Sep 30 2019 11:09:14 GMT+0200 (CEST);Mon Sep 30 2019 09:09:14 GMT+0200 (CEST);1569834554000;4.32;916.55;19.42
1380556831572750;30;34.2;Mon Sep 30 2019 11:11:13 GMT+0200 (CEST);Mon Sep 30 2019 09:11:13 GMT+0200 (CEST);1569834673000;1.12;269.98;19.81
1380556831572750;30;33.7;Mon Sep 30 2019 11:13:06 GMT+0200 (CEST);Mon Sep 30 2019 09:13:06 GMT+0200 (CEST);1569834786000;1.8;761;19.8
1380556831572750;32;33.4;Mon Sep 30 2019 11:15:01 GMT+0200 (CEST);Mon Sep 30 2019 09:15:01 GMT+0200 (CEST);1569834901000;1.13;242.66;19.75
1380556831572750;32;34;Mon Sep 30 2019 11:17:08 GMT+0200 (CEST);Mon Sep 30 2019 09:17:08 GMT+0200 (CEST);1569835028000;4.91;888.72;19.41
1380556831572750;32;33.7;Mon Sep 30 2019 11:19:06 GMT+0200 (CEST);Mon Sep 30 2019 09:19:06 GMT+0200 (CEST);1569835146000;1.23;246.96;19.21
1380556831572750;32;33.6;Mon Sep 30 2019 11:20:59 GMT+0200 (CEST);Mon Sep 30 2019 09:20:59 GMT+0200 (CEST);1569835259000;1.13;232.33;19.07
1380556831572750;32;34.3;Mon Sep 30 2019 11:22:52 GMT+0200 (CEST);Mon Sep 30 2019 09:22:52 GMT+0200 (CEST);1569835372000;4.54;960.01;18.97
1380556831572750;32;33.8;Mon Sep 30 2019 11:24:52 GMT+0200 (CEST);Mon Sep 30 2019 09:24:52 GMT+0200 (CEST);1569835492000;1.29;272.38;19.35
1380556831572750;32;33.1;Mon Sep 30 2019 11:26:46 GMT+0200 (CEST);Mon Sep 30 2019 09:26:46 GMT+0200 (CEST);1569835606000;1.14;266.13;19.25
1380556831572750;32;34;Mon Sep 30 2019 11:28:44 GMT+0200 (CEST);Mon Sep 30 2019 09:28:44 GMT+0200 (CEST);1569835724000;4.72;831.78;19.28
1380556831572750;32;32.9;Mon Sep 30 2019 11:30:38 GMT+0200 (CEST);Mon Sep 30 2019 09:30:38 GMT+0200 (CEST);1569835838000;0.62;133.02;19.11
1380556831572750;32;32.5;Mon Sep 30 2019 11:32:30 GMT+0200 (CEST);Mon Sep 30 2019 09:32:30 GMT+0200 (CEST);1569835950000;0.72;158.59;18.72
1380556831572750;32;33.2;Mon Sep 30 2019 11:34:30 GMT+0200 (CEST);Mon Sep 30 2019 09:34:30 GMT+0200 (CEST);1569836070000;0.75;158.95;18.41
1380556831572750;32;33.9;Mon Sep 30 2019 11:36:24 GMT+0200 (CEST);Mon Sep 30 2019 09:36:24 GMT+0200 (CEST);1569836184000;0.97;195.71;18.08
1380556831572750;31.5;33.9;Mon Sep 30 2019 11:38:21 GMT+0200 (CEST);Mon Sep 30 2019 09:38:21 GMT+0200 (CEST);1569836301000;0.91;190.32;17.94
1380556831572750;31.5;33.9;Mon Sep 30 2019 11:40:14 GMT+0200 (CEST);Mon Sep 30 2019 09:40:14 GMT+0200 (CEST);1569836414000;0.95;192.15;17.89
1380556831572750;30;34.1;Mon Sep 30 2019 11:42:12 GMT+0200 (CEST);Mon Sep 30 2019 09:42:12 GMT+0200 (CEST);1569836532000;1.7;320.88;17.78
1380556831572750;30;34.5;Mon Sep 30 2019 11:44:07 GMT+0200 (CEST);Mon Sep 30 2019 09:44:07 GMT+0200 (CEST);1569836647000;1.66;358.39;18.17
1380556831572750;30;33.8;Mon Sep 30 2019 11:46:05 GMT+0200 (CEST);Mon Sep 30 2019 09:46:05 GMT+0200 (CEST);1569836765000;1.33;639.99;18.19
1380556831572750;30;35;Mon Sep 30 2019 11:48:00 GMT+0200 (CEST);Mon Sep 30 2019 09:48:00 GMT+0200 (CEST);1569836880000;4.44;826.17;19.04
1380556831572750;30;34.3;Mon Sep 30 2019 11:50:02 GMT+0200 (CEST);Mon Sep 30 2019 09:50:02 GMT+0200 (CEST);1569837002000;1.36;278.19;19.79
1380556831572750;31.5;33.4;Mon Sep 30 2019 11:51:59 GMT+0200 (CEST);Mon Sep 30 2019 09:51:59 GMT+0200 (CEST);1569837119000;1.24;1018.87;19.72
1380556831572750;31.5;34.3;Mon Sep 30 2019 11:53:53 GMT+0200 (CEST);Mon Sep 30 2019 09:53:53 GMT+0200 (CEST);1569837233000;4.64;1000.95;19.96
1380556831572750;31.5;34;Mon Sep 30 2019 11:55:46 GMT+0200 (CEST);Mon Sep 30 2019 09:55:46 GMT+0200 (CEST);1569837346000;2.13;358.39;20.44
1380556831572750;33;34;Mon Sep 30 2019 11:57:39 GMT+0200 (CEST);Mon Sep 30 2019 09:57:39 GMT+0200 (CEST);1569837459000;1.42;366.07;20.32
1380556831572750;33;33.5;Mon Sep 30 2019 11:59:31 GMT+0200 (CEST);Mon Sep 30 2019 09:59:31 GMT+0200 (CEST);1569837571000;4.95;1008.63;20.29
1380556831572750;33;33.4;Mon Sep 30 2019 12:01:32 GMT+0200 (CEST);Mon Sep 30 2019 10:01:32 GMT+0200 (CEST);1569837692000;0.96;200.76;20.41
1380556831572750;33;32.8;Mon Sep 30 2019 12:03:26 GMT+0200 (CEST);Mon Sep 30 2019 10:03:26 GMT+0200 (CEST);1569837806000;1.2;255.95;19.85
1380556831572750;33;33.5;Mon Sep 30 2019 12:05:23 GMT+0200 (CEST);Mon Sep 30 2019 10:05:23 GMT+0200 (CEST);1569837923000;1.36;278.92;19.51
1380556831572750;33;34.3;Mon Sep 30 2019 12:07:06 GMT+0200 (CEST);Mon Sep 30 2019 10:07:06 GMT+0200 (CEST);1569838026000;3.59;1049.59;19.82
1380556831572750;33;33.7;Mon Sep 30 2019 12:09:05 GMT+0200 (CEST);Mon Sep 30 2019 10:09:05 GMT+0200 (CEST);1569838145000;5.74;570.87;20.33
1380556831572750;35.6;34;Mon Sep 30 2019 12:11:02 GMT+0200 (CEST);Mon Sep 30 2019 10:11:02 GMT+0200 (CEST);1569838262000;4.01;343.03;20.57
1380556831572750;35.6;32.9;Mon Sep 30 2019 12:12:58 GMT+0200 (CEST);Mon Sep 30 2019 10:12:58 GMT+0200 (CEST);1569838378000;1.17;243.62;20.1
1380556831572750;35.6;33.9;Mon Sep 30 2019 12:14:51 GMT+0200 (CEST);Mon Sep 30 2019 10:14:51 GMT+0200 (CEST);1569838491000;1.72;366.07;19.62
1380556831572750;33;34.1;Mon Sep 30 2019 12:16:47 GMT+0200 (CEST);Mon Sep 30 2019 10:16:47 GMT+0200 (CEST);1569838607000;1.73;381.43;19.56
1380556831572750;33;34.3;Mon Sep 30 2019 12:18:41 GMT+0200 (CEST);Mon Sep 30 2019 10:18:41 GMT+0200 (CEST);1569838721000;1.75;371.19;19.98
1380556831572750;34.1;33.5;Mon Sep 30 2019 12:20:47 GMT+0200 (CEST);Mon Sep 30 2019 10:20:47 GMT+0200 (CEST);1569838847000;1.48;302.43;20.67
1380556831572750;34.1;33.5;Mon Sep 30 2019 12:22:48 GMT+0200 (CEST);Mon Sep 30 2019 10:22:48 GMT+0200 (CEST);1569838968000;1.66;335.35;20.63
1380556831572750;34.1;34;Mon Sep 30 2019 12:24:40 GMT+0200 (CEST);Mon Sep 30 2019 10:24:40 GMT+0200 (CEST);1569839080000;4.13;930.08;20.83
1380556831572750;33;33.4;Mon Sep 30 2019 12:26:35 GMT+0200 (CEST);Mon Sep 30 2019 10:26:35 GMT+0200 (CEST);1569839195000;0.99;208.54;20.77
1380556831572750;33;32.5;Mon Sep 30 2019 12:28:32 GMT+0200 (CEST);Mon Sep 30 2019 10:28:32 GMT+0200 (CEST);1569839312000;0.72;148.47;20.21
1380556831572750;33;32.8;Mon Sep 30 2019 12:30:27 GMT+0200 (CEST);Mon Sep 30 2019 10:30:27 GMT+0200 (CEST);1569839427000;0.68;141.56;19.68
1380556831572750;33;32.9;Mon Sep 30 2019 12:32:21 GMT+0200 (CEST);Mon Sep 30 2019 10:32:21 GMT+0200 (CEST);1569839541000;0.63;133.97;19.06
1380556831572750;32;33.6;Mon Sep 30 2019 12:34:15 GMT+0200 (CEST);Mon Sep 30 2019 10:34:15 GMT+0200 (CEST);1569839655000;0.88;179.11;18.74
1380556831572750;32;34.7;Mon Sep 30 2019 12:37:49 GMT+0200 (CEST);Mon Sep 30 2019 10:37:49 GMT+0200 (CEST);1569839869000;4.19;458.23;18.71
1380556831572750;31.5;35.3;Mon Sep 30 2019 12:39:44 GMT+0200 (CEST);Mon Sep 30 2019 10:39:44 GMT+0200 (CEST);1569839984000;5.53;1146.87;19.01
1380556831572750;31.5;34.7;Mon Sep 30 2019 12:41:42 GMT+0200 (CEST);Mon Sep 30 2019 10:41:42 GMT+0200 (CEST);1569840102000;1.35;293.52;19.34
1380556831572750;31.5;34.2;Mon Sep 30 2019 12:43:45 GMT+0200 (CEST);Mon Sep 30 2019 10:43:45 GMT+0200 (CEST);1569840225000;4.78;1008.63;19.93
1380556831572750;31.5;33.7;Mon Sep 30 2019 12:45:38 GMT+0200 (CEST);Mon Sep 30 2019 10:45:38 GMT+0200 (CEST);1569840338000;5.11;1062.39;20.82
1380556831572750;31.5;33.1;Mon Sep 30 2019 12:47:39 GMT+0200 (CEST);Mon Sep 30 2019 10:47:39 GMT+0200 (CEST);1569840459000;5.41;943.67;22.04
1380556831572750;33;32.2;Mon Sep 30 2019 12:49:44 GMT+0200 (CEST);Mon Sep 30 2019 10:49:44 GMT+0200 (CEST);1569840584000;3.61;1126.39;22.89
1380556831572750;33;32.3;Mon Sep 30 2019 12:52:19 GMT+0200 (CEST);Mon Sep 30 2019 10:52:19 GMT+0200 (CEST);1569840739000;1.54;355.83;22.72
1380556831572750;36.1;33;Mon Sep 30 2019 12:54:17 GMT+0200 (CEST);Mon Sep 30 2019 10:54:17 GMT+0200 (CEST);1569840857000;5.39;1121.27;22.66
1380556831572750;36.1;32.5;Mon Sep 30 2019 12:56:43 GMT+0200 (CEST);Mon Sep 30 2019 10:56:43 GMT+0200 (CEST);1569841003000;5.44;1118.71;23.06
1380556831572750;37.6;33.3;Mon Sep 30 2019 12:58:41 GMT+0200 (CEST);Mon Sep 30 2019 10:58:41 GMT+0200 (CEST);1569841121000;1.38;283.44;23.17
1380556831572750;37.6;32.6;Mon Sep 30 2019 13:00:36 GMT+0200 (CEST);Mon Sep 30 2019 11:00:36 GMT+0200 (CEST);1569841236000;1.77;368.63;22.82
1380556831572750;37.6;33.6;Mon Sep 30 2019 13:02:29 GMT+0200 (CEST);Mon Sep 30 2019 11:02:29 GMT+0200 (CEST);1569841349000;1.78;360.95;22.71
1380556831572750;38.1;32.6;Mon Sep 30 2019 13:04:27 GMT+0200 (CEST);Mon Sep 30 2019 11:04:27 GMT+0200 (CEST);1569841467000;1.26;262.91;22.17
1380556831572750;38.1;33.4;Mon Sep 30 2019 13:06:23 GMT+0200 (CEST);Mon Sep 30 2019 11:06:23 GMT+0200 (CEST);1569841583000;5.3;614.39;21.89
1380556831572750;37.6;33.3;Mon Sep 30 2019 13:08:16 GMT+0200 (CEST);Mon Sep 30 2019 11:08:16 GMT+0200 (CEST);1569841696000;1.33;270.65;21.84
1380556831572750;37.6;33.4;Mon Sep 30 2019 13:10:14 GMT+0200 (CEST);Mon Sep 30 2019 11:10:14 GMT+0200 (CEST);1569841814000;1.19;238.94;21.79
1380556831572750;37.6;33;Mon Sep 30 2019 13:12:11 GMT+0200 (CEST);Mon Sep 30 2019 11:12:11 GMT+0200 (CEST);1569841931000;1.1;219.46;21.39
1380556831572750;36.1;33.2;Mon Sep 30 2019 13:14:07 GMT+0200 (CEST);Mon Sep 30 2019 11:14:07 GMT+0200 (CEST);1569842047000;1.35;688.4;21
1380556831572750;36.1;34.3;Mon Sep 30 2019 13:16:01 GMT+0200 (CEST);Mon Sep 30 2019 11:16:01 GMT+0200 (CEST);1569842161000;2.14;488.95;20.96
1380556831572750;35.6;34;Mon Sep 30 2019 13:17:58 GMT+0200 (CEST);Mon Sep 30 2019 11:17:58 GMT+0200 (CEST);1569842278000;1.53;314.6;20.84
1380556831572750;35.6;33.6;Mon Sep 30 2019 13:20:22 GMT+0200 (CEST);Mon Sep 30 2019 11:20:22 GMT+0200 (CEST);1569842422000;1.61;343.03;20.5
1380556831572750;35.6;34;Mon Sep 30 2019 13:22:15 GMT+0200 (CEST);Mon Sep 30 2019 11:22:15 GMT+0200 (CEST);1569842535000;2.11;606.71;20.64
1380556831572750;35.6;33.8;Mon Sep 30 2019 13:24:08 GMT+0200 (CEST);Mon Sep 30 2019 11:24:08 GMT+0200 (CEST);1569842648000;1.44;303.55;21.11
1380556831572750;35.6;33.6;Mon Sep 30 2019 13:26:51 GMT+0200 (CEST);Mon Sep 30 2019 11:26:51 GMT+0200 (CEST);1569842811000;5.42;1139.19;21.25
1380556831572750;35.6;32.9;Mon Sep 30 2019 13:28:53 GMT+0200 (CEST);Mon Sep 30 2019 11:28:53 GMT+0200 (CEST);1569842933000;0.85;175.4;21.36
1380556831572750;35.6;32.1;Mon Sep 30 2019 13:30:57 GMT+0200 (CEST);Mon Sep 30 2019 11:30:57 GMT+0200 (CEST);1569843057000;0.56;114.75;20.89
1380556831572750;33;32.9;Mon Sep 30 2019 13:32:56 GMT+0200 (CEST);Mon Sep 30 2019 11:32:56 GMT+0200 (CEST);1569843176000;0.81;171.23;20.5
1380556831572750;33;35.1;Mon Sep 30 2019 13:34:51 GMT+0200 (CEST);Mon Sep 30 2019 11:34:51 GMT+0200 (CEST);1569843291000;1.38;220.31;20.58
1380556831572750;33;33.2;Mon Sep 30 2019 13:36:50 GMT+0200 (CEST);Mon Sep 30 2019 11:36:50 GMT+0200 (CEST);1569843410000;1.19;247.81;20.53
1380556831572750;33;34.1;Mon Sep 30 2019 13:39:01 GMT+0200 (CEST);Mon Sep 30 2019 11:39:01 GMT+0200 (CEST);1569843541000;1.74;465.91;20.37
1380556831572750;33;34;Mon Sep 30 2019 13:40:59 GMT+0200 (CEST);Mon Sep 30 2019 11:40:59 GMT+0200 (CEST);1569843659000;2.51;465.91;20.35
1380556831572750;33;34;Mon Sep 30 2019 13:42:55 GMT+0200 (CEST);Mon Sep 30 2019 11:42:55 GMT+0200 (CEST);1569843775000;2.21;499.19;20.52
1380556831572750;33;34.8;Mon Sep 30 2019 13:44:56 GMT+0200 (CEST);Mon Sep 30 2019 11:44:56 GMT+0200 (CEST);1569843896000;2.01;348.15;20.67
1380556831572750;33;34.3;Mon Sep 30 2019 13:46:51 GMT+0200 (CEST);Mon Sep 30 2019 11:46:51 GMT+0200 (CEST);1569844011000;1.38;614.39;20.38
1380556831572750;33;33.6;Mon Sep 30 2019 13:48:52 GMT+0200 (CEST);Mon Sep 30 2019 11:48:52 GMT+0200 (CEST);1569844132000;1.33;272.73;20.11
1380556831572750;33;34;Mon Sep 30 2019 13:50:57 GMT+0200 (CEST);Mon Sep 30 2019 11:50:57 GMT+0200 (CEST);1569844257000;1.26;256.47;19.75
1380556831572750;33;33.9;Mon Sep 30 2019 13:52:57 GMT+0200 (CEST);Mon Sep 30 2019 11:52:57 GMT+0200 (CEST);1569844377000;1.34;272.96;19.63
1380556831572750;33;34.7;Mon Sep 30 2019 13:55:08 GMT+0200 (CEST);Mon Sep 30 2019 11:55:08 GMT+0200 (CEST);1569844508000;1.55;330.23;19.73
1380556831572750;32;34.2;Mon Sep 30 2019 13:57:18 GMT+0200 (CEST);Mon Sep 30 2019 11:57:18 GMT+0200 (CEST);1569844638000;1.28;269.15;19.8
1380556831572750;32;33.6;Mon Sep 30 2019 13:59:15 GMT+0200 (CEST);Mon Sep 30 2019 11:59:15 GMT+0200 (CEST);1569844755000;0.97;205.64;19.67
1380556831572750;32;33.5;Mon Sep 30 2019 14:01:21 GMT+0200 (CEST);Mon Sep 30 2019 12:01:21 GMT+0200 (CEST);1569844881000;0.9;185.09;19.34
1380556831572750;32;34.1;Mon Sep 30 2019 14:04:05 GMT+0200 (CEST);Mon Sep 30 2019 12:04:05 GMT+0200 (CEST);1569845045000;1.27;259.96;19.07
1380556831572750;31.5;34.3;Mon Sep 30 2019 14:06:04 GMT+0200 (CEST);Mon Sep 30 2019 12:06:04 GMT+0200 (CEST);1569845164000;1.55;337.91;19.03
1380556831572750;31.5;34.4;Mon Sep 30 2019 14:08:37 GMT+0200 (CEST);Mon Sep 30 2019 12:08:37 GMT+0200 (CEST);1569845317000;1.91;311.56;19.5
1380556831572750;31.5;34;Mon Sep 30 2019 14:10:32 GMT+0200 (CEST);Mon Sep 30 2019 12:10:32 GMT+0200 (CEST);1569845432000;1.41;279.79;19.63
1380556831572750;31.5;33.8;Mon Sep 30 2019 14:13:24 GMT+0200 (CEST);Mon Sep 30 2019 12:13:24 GMT+0200 (CEST);1569845604000;1.33;270.65;19.6
1380556831572750;31.5;33.8;Mon Sep 30 2019 14:15:20 GMT+0200 (CEST);Mon Sep 30 2019 12:15:20 GMT+0200 (CEST);1569845720000;1.3;267.17;19.61
1380556831572750;31.5;33.9;Mon Sep 30 2019 14:17:23 GMT+0200 (CEST);Mon Sep 30 2019 12:17:23 GMT+0200 (CEST);1569845843000;1.21;251.06;19.56
1380556831572750;31.5;33.9;Mon Sep 30 2019 14:19:30 GMT+0200 (CEST);Mon Sep 30 2019 12:19:30 GMT+0200 (CEST);1569845970000;1.17;242.11;19.5
1380556831572750;31.5;34.1;Mon Sep 30 2019 14:21:52 GMT+0200 (CEST);Mon Sep 30 2019 12:21:52 GMT+0200 (CEST);1569846112000;1.4;280.22;19.42
1380556831572750;31.5;34.6;Mon Sep 30 2019 14:23:49 GMT+0200 (CEST);Mon Sep 30 2019 12:23:49 GMT+0200 (CEST);1569846229000;3.88;550.39;19.59
1380556831572750;31.5;34;Mon Sep 30 2019 14:26:29 GMT+0200 (CEST);Mon Sep 30 2019 12:26:29 GMT+0200 (CEST);1569846389000;1.28;272.73;20.39
1380556831572750;31.5;33.2;Mon Sep 30 2019 14:28:17 GMT+0200 (CEST);Mon Sep 30 2019 12:28:17 GMT+0200 (CEST);1569846497000;1.08;227.36;20.25
1380556831572750;31.5;33.4;Mon Sep 30 2019 14:30:52 GMT+0200 (CEST);Mon Sep 30 2019 12:30:52 GMT+0200 (CEST);1569846652000;0.94;192.32;19.83
1380556831572750;31.5;33.2;Mon Sep 30 2019 14:33:10 GMT+0200 (CEST);Mon Sep 30 2019 12:33:10 GMT+0200 (CEST);1569846790000;0.73;152.01;19.65
1380556831572750;31.5;33.3;Mon Sep 30 2019 14:35:28 GMT+0200 (CEST);Mon Sep 30 2019 12:35:28 GMT+0200 (CEST);1569846928000;0.63;131.09;19.07
1380556831572750;31.5;33.6;Mon Sep 30 2019 14:37:29 GMT+0200 (CEST);Mon Sep 30 2019 12:37:29 GMT+0200 (CEST);1569847049000;0.71;147.13;18.78
1380556831572750;30;34.1;Mon Sep 30 2019 14:40:13 GMT+0200 (CEST);Mon Sep 30 2019 12:40:13 GMT+0200 (CEST);1569847213000;0.84;176.5;18.48
1380556831572750;30;33.8;Mon Sep 30 2019 14:42:46 GMT+0200 (CEST);Mon Sep 30 2019 12:42:46 GMT+0200 (CEST);1569847366000;0.68;142.89;18.28
1380556831572750;30;33.8;Mon Sep 30 2019 14:45:32 GMT+0200 (CEST);Mon Sep 30 2019 12:45:32 GMT+0200 (CEST);1569847532000;0.74;152.88;18.07
1380556831572750;29.5;33.8;Mon Sep 30 2019 14:48:16 GMT+0200 (CEST);Mon Sep 30 2019 12:48:16 GMT+0200 (CEST);1569847696000;0.6;128.03;17.91
1380556831572750;29.5;33.6;Mon Sep 30 2019 14:50:29 GMT+0200 (CEST);Mon Sep 30 2019 12:50:29 GMT+0200 (CEST);1569847829000;0.62;135.73;17.76
1380556831572750;28;33.9;Mon Sep 30 2019 14:52:36 GMT+0200 (CEST);Mon Sep 30 2019 12:52:36 GMT+0200 (CEST);1569847956000;0.79;163.71;17.68
1380556831572750;28;34.4;Mon Sep 30 2019 14:54:30 GMT+0200 (CEST);Mon Sep 30 2019 12:54:30 GMT+0200 (CEST);1569848070000;1.06;217.76;17.65
1380556831572750;27.5;34.3;Mon Sep 30 2019 14:56:37 GMT+0200 (CEST);Mon Sep 30 2019 12:56:37 GMT+0200 (CEST);1569848197000;1.02;209.62;17.7
1380556831572750;27.5;34.3;Mon Sep 30 2019 14:58:41 GMT+0200 (CEST);Mon Sep 30 2019 12:58:41 GMT+0200 (CEST);1569848321000;1.02;211.04;17.85
1380556831572750;27.5;33.9;Mon Sep 30 2019 15:01:06 GMT+0200 (CEST);Mon Sep 30 2019 13:01:06 GMT+0200 (CEST);1569848466000;0.91;186.73;17.89
1380556831572750;27.5;34;Mon Sep 30 2019 15:03:10 GMT+0200 (CEST);Mon Sep 30 2019 13:03:10 GMT+0200 (CEST);1569848590000;1.62;509.43;18.06
1380556831572750;27.5;33.5;Mon Sep 30 2019 15:05:13 GMT+0200 (CEST);Mon Sep 30 2019 13:05:13 GMT+0200 (CEST);1569848713000;0.67;141.99;18.18
1380556831572750;27.5;33.2;Mon Sep 30 2019 15:07:14 GMT+0200 (CEST);Mon Sep 30 2019 13:07:14 GMT+0200 (CEST);1569848834000;0.56;118.98;18.09
1380556831572750;27.5;32.7;Mon Sep 30 2019 15:09:42 GMT+0200 (CEST);Mon Sep 30 2019 13:09:42 GMT+0200 (CEST);1569848982000;0.46;95.72;17.91
1380556831572750;27.5;32.7;Mon Sep 30 2019 15:12:11 GMT+0200 (CEST);Mon Sep 30 2019 13:12:11 GMT+0200 (CEST);1569849131000;0.45;96.62;17.7
1380556831572750;27.5;33.3;Mon Sep 30 2019 15:14:08 GMT+0200 (CEST);Mon Sep 30 2019 13:14:08 GMT+0200 (CEST);1569849248000;0.59;124.09;17.54
1380556831572750;27.5;34.1;Mon Sep 30 2019 15:16:42 GMT+0200 (CEST);Mon Sep 30 2019 13:16:42 GMT+0200 (CEST);1569849402000;0.72;158.89;17.57
1380556831572750;27.5;33.9;Mon Sep 30 2019 15:18:51 GMT+0200 (CEST);Mon Sep 30 2019 13:18:51 GMT+0200 (CEST);1569849531000;0.82;166.56;17.67
1380556831572750;27.5;33.8;Mon Sep 30 2019 15:21:00 GMT+0200 (CEST);Mon Sep 30 2019 13:21:00 GMT+0200 (CEST);1569849660000;0.75;160.87;17.77
1380556831572750;27.5;33.4;Mon Sep 30 2019 15:23:12 GMT+0200 (CEST);Mon Sep 30 2019 13:23:12 GMT+0200 (CEST);1569849792000;0.54;118.56;17.75
1380556831572750;26;33.2;Mon Sep 30 2019 15:25:37 GMT+0200 (CEST);Mon Sep 30 2019 13:25:37 GMT+0200 (CEST);1569849937000;0.59;128.72;17.68
1380556831572750;26;33.5;Mon Sep 30 2019 15:27:23 GMT+0200 (CEST);Mon Sep 30 2019 13:27:23 GMT+0200 (CEST);1569850043000;0.71;148.16;17.72
1380556831572750;26;33.7;Mon Sep 30 2019 15:29:26 GMT+0200 (CEST);Mon Sep 30 2019 13:29:26 GMT+0200 (CEST);1569850166000;0.72;155.71;17.69
1380556831572750;27.5;34;Mon Sep 30 2019 15:31:20 GMT+0200 (CEST);Mon Sep 30 2019 13:31:20 GMT+0200 (CEST);1569850280000;0.85;188.05;17.77
1380556831572750;27.5;34.4;Mon Sep 30 2019 15:33:13 GMT+0200 (CEST);Mon Sep 30 2019 13:33:13 GMT+0200 (CEST);1569850393000;1.39;271.43;17.89
1380556831572750;27.5;34.3;Mon Sep 30 2019 15:35:14 GMT+0200 (CEST);Mon Sep 30 2019 13:35:14 GMT+0200 (CEST);1569850514000;0.78;166.26;18.04
1380556831572750;27.5;33.9;Mon Sep 30 2019 15:37:58 GMT+0200 (CEST);Mon Sep 30 2019 13:37:58 GMT+0200 (CEST);1569850678000;0.69;150.49;17.95
1380556831572750;27.5;33.2;Mon Sep 30 2019 15:40:44 GMT+0200 (CEST);Mon Sep 30 2019 13:40:44 GMT+0200 (CEST);1569850844000;0.52;113.61;17.75
1380556831572750;27.5;33;Mon Sep 30 2019 15:43:02 GMT+0200 (CEST);Mon Sep 30 2019 13:43:02 GMT+0200 (CEST);1569850982000;0.47;105.52;17.53
1380556831572750;27.5;33.4;Mon Sep 30 2019 15:45:10 GMT+0200 (CEST);Mon Sep 30 2019 13:45:10 GMT+0200 (CEST);1569851110000;0.58;127.63;17.5
1380556831572750;27.5;33.6;Mon Sep 30 2019 15:47:15 GMT+0200 (CEST);Mon Sep 30 2019 13:47:15 GMT+0200 (CEST);1569851235000;0.75;157.73;17.57
1380556831572750;27.5;34.1;Mon Sep 30 2019 15:49:24 GMT+0200 (CEST);Mon Sep 30 2019 13:49:24 GMT+0200 (CEST);1569851364000;0.8;166.55;17.71
1380556831572750;27.5;34.2;Mon Sep 30 2019 15:51:27 GMT+0200 (CEST);Mon Sep 30 2019 13:51:27 GMT+0200 (CEST);1569851487000;0.88;185.23;17.74
1380556831572750;27.5;34.5;Mon Sep 30 2019 15:53:28 GMT+0200 (CEST);Mon Sep 30 2019 13:53:28 GMT+0200 (CEST);1569851608000;1.56;483.83;17.95
1380556831572750;27.5;35.8;Mon Sep 30 2019 15:55:23 GMT+0200 (CEST);Mon Sep 30 2019 13:55:23 GMT+0200 (CEST);1569851723000;1.45;296.4;18.36
1380556831572750;27.5;35.4;Mon Sep 30 2019 15:57:54 GMT+0200 (CEST);Mon Sep 30 2019 13:57:54 GMT+0200 (CEST);1569851874000;2.01;383.99;18.83
1380556831572750;28;35.1;Mon Sep 30 2019 15:59:59 GMT+0200 (CEST);Mon Sep 30 2019 13:59:59 GMT+0200 (CEST);1569851999000;2.37;486.39;19.6
1380556831572750;28;34.3;Mon Sep 30 2019 16:02:06 GMT+0200 (CEST);Mon Sep 30 2019 14:02:06 GMT+0200 (CEST);1569852126000;1.41;296.53;20.26
1380556831572750;29.5;34;Mon Sep 30 2019 16:03:58 GMT+0200 (CEST);Mon Sep 30 2019 14:03:58 GMT+0200 (CEST);1569852238000;1.35;274.8;20.39
1380556831572750;29.5;33.6;Mon Sep 30 2019 16:05:52 GMT+0200 (CEST);Mon Sep 30 2019 14:05:52 GMT+0200 (CEST);1569852352000;1.06;221.23;20.01
1380556831572750;30;33.2;Mon Sep 30 2019 16:07:45 GMT+0200 (CEST);Mon Sep 30 2019 14:07:45 GMT+0200 (CEST);1569852465000;0.79;162.73;19.5
1380556831572750;30;33;Mon Sep 30 2019 16:09:56 GMT+0200 (CEST);Mon Sep 30 2019 14:09:56 GMT+0200 (CEST);1569852596000;0.66;134.87;19.16
1380556831572750;30;32.8;Mon Sep 30 2019 16:11:50 GMT+0200 (CEST);Mon Sep 30 2019 14:11:50 GMT+0200 (CEST);1569852710000;0.59;121.98;18.83
1380556831572750;31.5;32.8;Mon Sep 30 2019 16:13:52 GMT+0200 (CEST);Mon Sep 30 2019 14:13:52 GMT+0200 (CEST);1569852832000;0.5;104.41;18.49
1380556831572750;31.5;32.5;Mon Sep 30 2019 16:15:46 GMT+0200 (CEST);Mon Sep 30 2019 14:15:46 GMT+0200 (CEST);1569852946000;0.47;98.01;18.21
1380556831572750;29.5;32.7;Mon Sep 30 2019 16:17:46 GMT+0200 (CEST);Mon Sep 30 2019 14:17:46 GMT+0200 (CEST);1569853066000;0.5;104.8;18.03
1380556831572750;29.5;33.1;Mon Sep 30 2019 16:19:42 GMT+0200 (CEST);Mon Sep 30 2019 14:19:42 GMT+0200 (CEST);1569853182000;0.51;107.89;17.89
1380556831572750;29.5;33;Mon Sep 30 2019 16:21:41 GMT+0200 (CEST);Mon Sep 30 2019 14:21:41 GMT+0200 (CEST);1569853301000;0.53;110.25;17.75
1380556831572750;28;33.3;Mon Sep 30 2019 16:23:34 GMT+0200 (CEST);Mon Sep 30 2019 14:23:34 GMT+0200 (CEST);1569853414000;0.6;122.71;17.66
1380556831572750;28;33.5;Mon Sep 30 2019 16:25:51 GMT+0200 (CEST);Mon Sep 30 2019 14:25:51 GMT+0200 (CEST);1569853551000;0.63;132.49;17.6
1380556831572750;27.5;33.6;Mon Sep 30 2019 16:27:45 GMT+0200 (CEST);Mon Sep 30 2019 14:27:45 GMT+0200 (CEST);1569853665000;0.62;128.55;17.57
1380556831572750;27.5;33.3;Mon Sep 30 2019 16:29:42 GMT+0200 (CEST);Mon Sep 30 2019 14:29:42 GMT+0200 (CEST);1569853782000;0.58;120.28;17.55
1380556831572750;27.5;33.4;Mon Sep 30 2019 16:31:43 GMT+0200 (CEST);Mon Sep 30 2019 14:31:43 GMT+0200 (CEST);1569853903000;0.59;122.62;17.55
1380556831572750;27.5;33.5;Mon Sep 30 2019 16:34:28 GMT+0200 (CEST);Mon Sep 30 2019 14:34:28 GMT+0200 (CEST);1569854068000;0.55;115.54;17.5
1380556831572750;27.5;33.1;Mon Sep 30 2019 16:36:29 GMT+0200 (CEST);Mon Sep 30 2019 14:36:29 GMT+0200 (CEST);1569854189000;0.54;110.23;17.42
1380556831572750;27.5;33.2;Mon Sep 30 2019 16:38:24 GMT+0200 (CEST);Mon Sep 30 2019 14:38:24 GMT+0200 (CEST);1569854304000;0.49;99.09;17.42
1380556831572750;27.5;32.7;Mon Sep 30 2019 16:40:24 GMT+0200 (CEST);Mon Sep 30 2019 14:40:24 GMT+0200 (CEST);1569854424000;0.41;82.93;17.42
1380556831572750;26;32.8;Mon Sep 30 2019 16:42:20 GMT+0200 (CEST);Mon Sep 30 2019 14:42:20 GMT+0200 (CEST);1569854540000;0.43;91.42;17.42
1380556831572750;26;35.1;Mon Sep 30 2019 16:44:14 GMT+0200 (CEST);Mon Sep 30 2019 14:44:14 GMT+0200 (CEST);1569854654000;1.79;345.59;17.68
1380556831572750;26;35.6;Mon Sep 30 2019 16:46:10 GMT+0200 (CEST);Mon Sep 30 2019 14:46:10 GMT+0200 (CEST);1569854770000;1.91;391.67;18.21
1380556831572750;26;35.6;Mon Sep 30 2019 16:48:24 GMT+0200 (CEST);Mon Sep 30 2019 14:48:24 GMT+0200 (CEST);1569854904000;0.8;161.17;18.73
1380556831572750;28;34.4;Mon Sep 30 2019 16:50:36 GMT+0200 (CEST);Mon Sep 30 2019 14:50:36 GMT+0200 (CEST);1569855036000;2.17;476.15;18.95
1380556831572750;28;35.5;Mon Sep 30 2019 16:52:34 GMT+0200 (CEST);Mon Sep 30 2019 14:52:34 GMT+0200 (CEST);1569855154000;1.09;224.99;19.26
1380556831572750;28;35.8;Mon Sep 30 2019 16:54:35 GMT+0200 (CEST);Mon Sep 30 2019 14:54:35 GMT+0200 (CEST);1569855275000;1.94;445.43;19.67
1380556831572750;29.5;35.3;Mon Sep 30 2019 16:56:34 GMT+0200 (CEST);Mon Sep 30 2019 14:56:34 GMT+0200 (CEST);1569855394000;0.85;184.19;20.15
1380556831572750;29.5;34.1;Mon Sep 30 2019 16:58:27 GMT+0200 (CEST);Mon Sep 30 2019 14:58:27 GMT+0200 (CEST);1569855507000;0.77;161.78;20.08
1380556831572750;29.5;33.3;Mon Sep 30 2019 17:00:19 GMT+0200 (CEST);Mon Sep 30 2019 15:00:19 GMT+0200 (CEST);1569855619000;0.73;146.38;19.62
1380556831572750;29.5;33;Mon Sep 30 2019 17:02:29 GMT+0200 (CEST);Mon Sep 30 2019 15:02:29 GMT+0200 (CEST);1569855749000;0.6;124.27;19.3
1380556831572750;29.5;32.7;Mon Sep 30 2019 17:04:26 GMT+0200 (CEST);Mon Sep 30 2019 15:04:26 GMT+0200 (CEST);1569855866000;0.47;98.35;18.97
1380556831572750;29.5;32.3;Mon Sep 30 2019 17:06:30 GMT+0200 (CEST);Mon Sep 30 2019 15:06:30 GMT+0200 (CEST);1569855990000;0.41;84.09;18.65
1380556831572750;29.5;32;Mon Sep 30 2019 17:08:24 GMT+0200 (CEST);Mon Sep 30 2019 15:08:24 GMT+0200 (CEST);1569856104000;0.36;71.99;18.34
1380556831572750;27.5;31.8;Mon Sep 30 2019 17:10:20 GMT+0200 (CEST);Mon Sep 30 2019 15:10:20 GMT+0200 (CEST);1569856220000;0.32;65.54;18.14
1380556831572750;27.5;32.1;Mon Sep 30 2019 17:12:15 GMT+0200 (CEST);Mon Sep 30 2019 15:12:15 GMT+0200 (CEST);1569856335000;0.77;174.47;17.88
1380556831572750;28;35.7;Mon Sep 30 2019 17:14:14 GMT+0200 (CEST);Mon Sep 30 2019 15:14:14 GMT+0200 (CEST);1569856454000;0.56;117.1;17.79
1380556831572750;28;33.6;Mon Sep 30 2019 17:16:15 GMT+0200 (CEST);Mon Sep 30 2019 15:16:15 GMT+0200 (CEST);1569856575000;0.6;122.32;17.73
1380556831572750;28;33.4;Mon Sep 30 2019 17:18:10 GMT+0200 (CEST);Mon Sep 30 2019 15:18:10 GMT+0200 (CEST);1569856690000;0.53;109.73;17.7
1380556831572750;27.5;35.1;Mon Sep 30 2019 17:20:06 GMT+0200 (CEST);Mon Sep 30 2019 15:20:06 GMT+0200 (CEST);1569856806000;0.52;113.79;17.73
1380556831572750;27.5;32.9;Mon Sep 30 2019 17:22:04 GMT+0200 (CEST);Mon Sep 30 2019 15:22:04 GMT+0200 (CEST);1569856924000;0.48;97.3;17.72
1380556831572750;27.5;33;Mon Sep 30 2019 17:24:09 GMT+0200 (CEST);Mon Sep 30 2019 15:24:09 GMT+0200 (CEST);1569857049000;0.46;110.44;17.68
1380556831572750;27.5;32.7;Mon Sep 30 2019 17:26:04 GMT+0200 (CEST);Mon Sep 30 2019 15:26:04 GMT+0200 (CEST);1569857164000;0.45;91.21;17.69
1380556831572750;27.5;32.9;Mon Sep 30 2019 17:28:00 GMT+0200 (CEST);Mon Sep 30 2019 15:28:00 GMT+0200 (CEST);1569857280000;0.49;98.19;17.68
1380556831572750;26;33.1;Mon Sep 30 2019 17:29:53 GMT+0200 (CEST);Mon Sep 30 2019 15:29:53 GMT+0200 (CEST);1569857393000;0.47;94.27;17.65
1380556831572750;26;32.6;Mon Sep 30 2019 17:31:57 GMT+0200 (CEST);Mon Sep 30 2019 15:31:57 GMT+0200 (CEST);1569857517000;0.38;79.71;17.64
1380556831572750;26;32.2;Mon Sep 30 2019 17:33:50 GMT+0200 (CEST);Mon Sep 30 2019 15:33:50 GMT+0200 (CEST);1569857630000;0.34;71.89;17.61
1380556831572750;26;32.5;Mon Sep 30 2019 17:36:03 GMT+0200 (CEST);Mon Sep 30 2019 15:36:03 GMT+0200 (CEST);1569857763000;0.38;79.47;17.55
1380556831572750;26;32.9;Mon Sep 30 2019 17:38:31 GMT+0200 (CEST);Mon Sep 30 2019 15:38:31 GMT+0200 (CEST);1569857911000;0.4;83.91;17.49
1380556831572750;26;33;Mon Sep 30 2019 17:40:25 GMT+0200 (CEST);Mon Sep 30 2019 15:40:25 GMT+0200 (CEST);1569858025000;0.43;91.12;17.43
1380556831572750;26;33.5;Mon Sep 30 2019 17:42:18 GMT+0200 (CEST);Mon Sep 30 2019 15:42:18 GMT+0200 (CEST);1569858138000;0.55;110.59;17.45
1380556831572750;26;33.8;Mon Sep 30 2019 17:44:12 GMT+0200 (CEST);Mon Sep 30 2019 15:44:12 GMT+0200 (CEST);1569858252000;0.59;118.18;17.5
1380556831572750;26;33.6;Mon Sep 30 2019 17:46:19 GMT+0200 (CEST);Mon Sep 30 2019 15:46:19 GMT+0200 (CEST);1569858379000;0.57;115.46;17.54
1380556831572750;26;33.3;Mon Sep 30 2019 17:48:12 GMT+0200 (CEST);Mon Sep 30 2019 15:48:12 GMT+0200 (CEST);1569858492000;0.51;105.58;17.5
1380556831572750;26;33.1;Mon Sep 30 2019 17:50:12 GMT+0200 (CEST);Mon Sep 30 2019 15:50:12 GMT+0200 (CEST);1569858612000;0.43;87.84;17.41
1380556831572750;26;32.9;Mon Sep 30 2019 17:52:08 GMT+0200 (CEST);Mon Sep 30 2019 15:52:08 GMT+0200 (CEST);1569858728000;0.38;77.23;17.32
1380556831572750;26;32.6;Mon Sep 30 2019 17:54:50 GMT+0200 (CEST);Mon Sep 30 2019 15:54:50 GMT+0200 (CEST);1569858890000;0.37;78.17;17.14
1380556831572750;25.5;32.6;Mon Sep 30 2019 17:56:48 GMT+0200 (CEST);Mon Sep 30 2019 15:56:48 GMT+0200 (CEST);1569859008000;0.31;63.64;16.99
1380556831572750;25.5;32.3;Mon Sep 30 2019 17:58:42 GMT+0200 (CEST);Mon Sep 30 2019 15:58:42 GMT+0200 (CEST);1569859122000;0.27;55.62;16.85
1380556831572750;25.5;33.1;Mon Sep 30 2019 18:00:39 GMT+0200 (CEST);Mon Sep 30 2019 16:00:39 GMT+0200 (CEST);1569859239000;0.41;56.98;16.71
1380556831572750;25;33.1;Mon Sep 30 2019 18:02:47 GMT+0200 (CEST);Mon Sep 30 2019 16:02:47 GMT+0200 (CEST);1569859367000;0.31;55.82;16.57
1380556831572750;25;32.6;Mon Sep 30 2019 18:04:46 GMT+0200 (CEST);Mon Sep 30 2019 16:04:46 GMT+0200 (CEST);1569859486000;0.26;54.05;16.51
1380556831572750;24;35.9;Mon Sep 30 2019 18:07:09 GMT+0200 (CEST);Mon Sep 30 2019 16:07:09 GMT+0200 (CEST);1569859629000;0.34;52.75;16.46
1380556831572750;24;33.7;Mon Sep 30 2019 18:09:07 GMT+0200 (CEST);Mon Sep 30 2019 16:09:07 GMT+0200 (CEST);1569859747000;0.3;58.48;16.47
1380556831572750;25;33.6;Mon Sep 30 2019 18:11:01 GMT+0200 (CEST);Mon Sep 30 2019 16:11:01 GMT+0200 (CEST);1569859861000;0.45;68.92;16.51
1380556831572750;25;34;Mon Sep 30 2019 18:12:57 GMT+0200 (CEST);Mon Sep 30 2019 16:12:57 GMT+0200 (CEST);1569859977000;0.38;67.59;16.54
1380556831572750;25;32.7;Mon Sep 30 2019 18:14:50 GMT+0200 (CEST);Mon Sep 30 2019 16:14:50 GMT+0200 (CEST);1569860090000;0.29;56.81;16.57
1380556831572750;24;33.2;Mon Sep 30 2019 18:16:51 GMT+0200 (CEST);Mon Sep 30 2019 16:16:51 GMT+0200 (CEST);1569860211000;0.27;56.75;16.6
1380556831572750;24;32.3;Mon Sep 30 2019 18:18:50 GMT+0200 (CEST);Mon Sep 30 2019 16:18:50 GMT+0200 (CEST);1569860330000;0.23;55.41;16.65
1380556831572750;24;31.7;Mon Sep 30 2019 18:20:51 GMT+0200 (CEST);Mon Sep 30 2019 16:20:51 GMT+0200 (CEST);1569860451000;0.21;48.69;16.73
1380556831572750;24;31.8;Mon Sep 30 2019 18:22:43 GMT+0200 (CEST);Mon Sep 30 2019 16:22:43 GMT+0200 (CEST);1569860563000;0.21;42.71;16.72
1380556831572750;24;31.8;Mon Sep 30 2019 18:24:40 GMT+0200 (CEST);Mon Sep 30 2019 16:24:40 GMT+0200 (CEST);1569860680000;0.22;45.07;16.67
1380556831572750;24;31.7;Mon Sep 30 2019 18:26:42 GMT+0200 (CEST);Mon Sep 30 2019 16:26:42 GMT+0200 (CEST);1569860802000;0.2;38.44;16.64
1380556831572750;24;31.3;Mon Sep 30 2019 18:28:41 GMT+0200 (CEST);Mon Sep 30 2019 16:28:41 GMT+0200 (CEST);1569860921000;0.11;23.43;16.53
1380556831572750;24;31;Mon Sep 30 2019 18:30:37 GMT+0200 (CEST);Mon Sep 30 2019 16:30:37 GMT+0200 (CEST);1569861037000;0.08;17.92;16.36
1380556831572750;24;30.2;Mon Sep 30 2019 18:32:36 GMT+0200 (CEST);Mon Sep 30 2019 16:32:36 GMT+0200 (CEST);1569861156000;0.07;14.27;16.16
1380556831572750;23.5;30.6;Mon Sep 30 2019 18:35:03 GMT+0200 (CEST);Mon Sep 30 2019 16:35:03 GMT+0200 (CEST);1569861303000;0;12.13;15.94
1380556831572750;23.5;30;Mon Sep 30 2019 18:36:51 GMT+0200 (CEST);Mon Sep 30 2019 16:36:51 GMT+0200 (CEST);1569861411000;0;10.54;15.76
1380556831572750;23.5;30.4;Mon Sep 30 2019 18:38:45 GMT+0200 (CEST);Mon Sep 30 2019 16:38:45 GMT+0200 (CEST);1569861525000;0;9.11;15.6
1380556831572750;22;29.8;Mon Sep 30 2019 18:40:43 GMT+0200 (CEST);Mon Sep 30 2019 16:40:43 GMT+0200 (CEST);1569861643000;0;7.91;15.46
1380556831572750;22;31.6;Mon Sep 30 2019 18:42:57 GMT+0200 (CEST);Mon Sep 30 2019 16:42:57 GMT+0200 (CEST);1569861777000;0;6.68;15.28
1380556831572750;21.5;32.1;Mon Sep 30 2019 18:44:53 GMT+0200 (CEST);Mon Sep 30 2019 16:44:53 GMT+0200 (CEST);1569861893000;0;5.94;15.14
1380556831572750;21.5;31.7;Mon Sep 30 2019 18:46:47 GMT+0200 (CEST);Mon Sep 30 2019 16:46:47 GMT+0200 (CEST);1569862007000;0;4.95;15.04
1380556831572750;21.5;32.1;Mon Sep 30 2019 18:48:45 GMT+0200 (CEST);Mon Sep 30 2019 16:48:45 GMT+0200 (CEST);1569862125000;0;4.06;14.92
1380556831572750;21.5;31.7;Mon Sep 30 2019 18:50:39 GMT+0200 (CEST);Mon Sep 30 2019 16:50:39 GMT+0200 (CEST);1569862239000;0;3.14;14.83
1380556831572750;21.5;30.7;Mon Sep 30 2019 18:52:44 GMT+0200 (CEST);Mon Sep 30 2019 16:52:44 GMT+0200 (CEST);1569862364000;0;1.97;14.71
1380556831572750;21.5;29.1;Mon Sep 30 2019 18:54:41 GMT+0200 (CEST);Mon Sep 30 2019 16:54:41 GMT+0200 (CEST);1569862481000;0;1.33;14.61
1380556831572750;21.5;27.5;Mon Sep 30 2019 18:56:42 GMT+0200 (CEST);Mon Sep 30 2019 16:56:42 GMT+0200 (CEST);1569862602000;0;0.83;14.57
1380556831572750;19.4;26;Mon Sep 30 2019 18:58:35 GMT+0200 (CEST);Mon Sep 30 2019 16:58:35 GMT+0200 (CEST);1569862715000;0;0.19;14.53
1380556831572750;19.4;26;Mon Sep 30 2019 19:00:38 GMT+0200 (CEST);Mon Sep 30 2019 17:00:38 GMT+0200 (CEST);1569862838000;0;-0.01;14.47
1380556831572750;19.4;26;Mon Sep 30 2019 19:02:39 GMT+0200 (CEST);Mon Sep 30 2019 17:02:39 GMT+0200 (CEST);1569862959000;0;-0.01;14.42
1380556831572750;11.9;27.6;Tue Oct 01 2019 07:27:10 GMT+0200 (CEST);Tue Oct 01 2019 05:27:10 GMT+0200 (CEST);1569907630000;0;11.95;9.87
1380556831572750;11.9;28.9;Tue Oct 01 2019 07:29:08 GMT+0200 (CEST);Tue Oct 01 2019 05:29:08 GMT+0200 (CEST);1569907748000;0;14.49;9.85
1380556831572750;13.4;29.3;Tue Oct 01 2019 07:31:03 GMT+0200 (CEST);Tue Oct 01 2019 05:31:03 GMT+0200 (CEST);1569907863000;0.07;17.98;9.84
1380556831572750;13.4;29.8;Tue Oct 01 2019 07:32:59 GMT+0200 (CEST);Tue Oct 01 2019 05:32:59 GMT+0200 (CEST);1569907979000;0.1;23.87;9.85
1380556831572750;13.4;29.8;Tue Oct 01 2019 07:34:54 GMT+0200 (CEST);Tue Oct 01 2019 05:34:54 GMT+0200 (CEST);1569908094000;0.12;28.4;9.92
1380556831572750;13.9;29.8;Tue Oct 01 2019 07:36:47 GMT+0200 (CEST);Tue Oct 01 2019 05:36:47 GMT+0200 (CEST);1569908207000;0.13;29.1;10
1380556831572750;13.9;30.4;Tue Oct 01 2019 07:39:13 GMT+0200 (CEST);Tue Oct 01 2019 05:39:13 GMT+0200 (CEST);1569908353000;0.13;30.58;10.07
1380556831572750;15.4;30.9;Tue Oct 01 2019 07:41:17 GMT+0200 (CEST);Tue Oct 01 2019 05:41:17 GMT+0200 (CEST);1569908477000;0.13;31.08;10.15
1380556831572750;15.4;30.9;Tue Oct 01 2019 07:43:11 GMT+0200 (CEST);Tue Oct 01 2019 05:43:11 GMT+0200 (CEST);1569908591000;0.13;31.55;10.19
1380556831572750;15.4;31.1;Tue Oct 01 2019 07:45:15 GMT+0200 (CEST);Tue Oct 01 2019 05:45:15 GMT+0200 (CEST);1569908715000;0.13;33.35;10.25
1380556831572750;15.4;31.2;Tue Oct 01 2019 07:47:08 GMT+0200 (CEST);Tue Oct 01 2019 05:47:08 GMT+0200 (CEST);1569908828000;0.15;36.91;10.3
1380556831572750;15.4;30.9;Tue Oct 01 2019 07:49:02 GMT+0200 (CEST);Tue Oct 01 2019 05:49:02 GMT+0200 (CEST);1569908942000;0.15;36.37;10.35
1380556831572750;15.4;31.3;Tue Oct 01 2019 07:51:01 GMT+0200 (CEST);Tue Oct 01 2019 05:51:01 GMT+0200 (CEST);1569909061000;0.13;33.89;10.38
1380556831572750;15.4;30.9;Tue Oct 01 2019 07:53:00 GMT+0200 (CEST);Tue Oct 01 2019 05:53:00 GMT+0200 (CEST);1569909180000;0.12;31.46;10.38
1380556831572750;15.4;30.6;Tue Oct 01 2019 07:54:56 GMT+0200 (CEST);Tue Oct 01 2019 05:54:56 GMT+0200 (CEST);1569909296000;0.12;29.61;10.34
1380556831572750;15.4;31.2;Tue Oct 01 2019 07:56:57 GMT+0200 (CEST);Tue Oct 01 2019 05:56:57 GMT+0200 (CEST);1569909417000;0.13;34.41;10.29
1380556831572750;15.4;30.8;Tue Oct 01 2019 07:58:54 GMT+0200 (CEST);Tue Oct 01 2019 05:58:54 GMT+0200 (CEST);1569909534000;0.18;43.86;10.28
1380556831572750;15.4;31.3;Tue Oct 01 2019 08:00:51 GMT+0200 (CEST);Tue Oct 01 2019 06:00:51 GMT+0200 (CEST);1569909651000;0.21;52.49;10.33
1380556831572750;15.4;32.4;Tue Oct 01 2019 08:02:54 GMT+0200 (CEST);Tue Oct 01 2019 06:02:54 GMT+0200 (CEST);1569909774000;0.25;60.39;10.39
1380556831572750;15.9;33;Tue Oct 01 2019 08:04:53 GMT+0200 (CEST);Tue Oct 01 2019 06:04:53 GMT+0200 (CEST);1569909893000;0.32;73.84;10.53
1380556831572750;15.9;33.6;Tue Oct 01 2019 08:06:57 GMT+0200 (CEST);Tue Oct 01 2019 06:06:57 GMT+0200 (CEST);1569910017000;0.36;80.73;10.67
1380556831572750;16.9;33.6;Tue Oct 01 2019 08:08:53 GMT+0200 (CEST);Tue Oct 01 2019 06:08:53 GMT+0200 (CEST);1569910133000;0.3;76.6;10.78
1380556831572750;16.9;32.7;Tue Oct 01 2019 08:10:56 GMT+0200 (CEST);Tue Oct 01 2019 06:10:56 GMT+0200 (CEST);1569910256000;0.24;60.71;10.97
1380556831572750;16.9;32.9;Tue Oct 01 2019 08:12:48 GMT+0200 (CEST);Tue Oct 01 2019 06:12:48 GMT+0200 (CEST);1569910368000;0.27;66.3;11.07
1380556831572750;16.9;33.4;Tue Oct 01 2019 08:14:55 GMT+0200 (CEST);Tue Oct 01 2019 06:14:55 GMT+0200 (CEST);1569910495000;0.31;72.62;11.19
1380556831572750;16.9;32.7;Tue Oct 01 2019 08:16:48 GMT+0200 (CEST);Tue Oct 01 2019 06:16:48 GMT+0200 (CEST);1569910608000;0.28;61.06;11.26
1380556831572750;16.9;32.7;Tue Oct 01 2019 08:18:48 GMT+0200 (CEST);Tue Oct 01 2019 06:18:48 GMT+0200 (CEST);1569910728000;0.26;56;11.32
1380556831572750;16.9;32.7;Tue Oct 01 2019 08:20:56 GMT+0200 (CEST);Tue Oct 01 2019 06:20:56 GMT+0200 (CEST);1569910856000;0.26;54.18;11.38
1380556831572750;16.9;32.6;Tue Oct 01 2019 08:22:51 GMT+0200 (CEST);Tue Oct 01 2019 06:22:51 GMT+0200 (CEST);1569910971000;0.28;58.16;11.44
1380556831572750;16.9;33.1;Tue Oct 01 2019 08:24:48 GMT+0200 (CEST);Tue Oct 01 2019 06:24:48 GMT+0200 (CEST);1569911088000;0.28;57.87;11.46
1380556831572750;16.9;32.6;Tue Oct 01 2019 08:26:52 GMT+0200 (CEST);Tue Oct 01 2019 06:26:52 GMT+0200 (CEST);1569911212000;0.28;57.86;11.53
1380556831572750;16.9;32.8;Tue Oct 01 2019 08:28:46 GMT+0200 (CEST);Tue Oct 01 2019 06:28:46 GMT+0200 (CEST);1569911326000;0.31;63.12;11.59
1380556831572750;16.9;32.6;Tue Oct 01 2019 08:30:47 GMT+0200 (CEST);Tue Oct 01 2019 06:30:47 GMT+0200 (CEST);1569911447000;0.28;59.05;11.65
1380556831572750;19.4;33;Tue Oct 01 2019 08:33:21 GMT+0200 (CEST);Tue Oct 01 2019 06:33:21 GMT+0200 (CEST);1569911601000;0.34;70.36;11.72
1380556831572750;19.4;32.9;Tue Oct 01 2019 08:35:45 GMT+0200 (CEST);Tue Oct 01 2019 06:35:45 GMT+0200 (CEST);1569911745000;0.34;68.26;11.79
1380556831572750;19.4;32.6;Tue Oct 01 2019 08:37:40 GMT+0200 (CEST);Tue Oct 01 2019 06:37:40 GMT+0200 (CEST);1569911860000;0.34;70;11.85
1380556831572750;19.4;33.6;Tue Oct 01 2019 08:39:37 GMT+0200 (CEST);Tue Oct 01 2019 06:39:37 GMT+0200 (CEST);1569911977000;0.39;79.03;11.92
1380556831572750;19.4;33.2;Tue Oct 01 2019 08:41:35 GMT+0200 (CEST);Tue Oct 01 2019 06:41:35 GMT+0200 (CEST);1569912095000;0.36;73.07;12
1380556831572750;19.4;33.2;Tue Oct 01 2019 08:43:39 GMT+0200 (CEST);Tue Oct 01 2019 06:43:39 GMT+0200 (CEST);1569912219000;0.35;73.93;12.05
1380556831572750;19.4;33;Tue Oct 01 2019 08:45:38 GMT+0200 (CEST);Tue Oct 01 2019 06:45:38 GMT+0200 (CEST);1569912338000;0.37;79.44;12.11
1380556831572750;19.4;33.2;Tue Oct 01 2019 08:47:31 GMT+0200 (CEST);Tue Oct 01 2019 06:47:31 GMT+0200 (CEST);1569912451000;0.39;82.48;12.15
1380556831572750;19.4;33.1;Tue Oct 01 2019 08:49:58 GMT+0200 (CEST);Tue Oct 01 2019 06:49:58 GMT+0200 (CEST);1569912598000;0.35;70.63;12.25
1380556831572750;19.9;33.2;Tue Oct 01 2019 08:51:51 GMT+0200 (CEST);Tue Oct 01 2019 06:51:51 GMT+0200 (CEST);1569912711000;0.3;62.15;12.29
1380556831572750;19.9;32.7;Tue Oct 01 2019 08:53:45 GMT+0200 (CEST);Tue Oct 01 2019 06:53:45 GMT+0200 (CEST);1569912825000;0.27;59.24;12.36
1380556831572750;19.9;32.6;Tue Oct 01 2019 08:55:41 GMT+0200 (CEST);Tue Oct 01 2019 06:55:41 GMT+0200 (CEST);1569912941000;0.32;67.32;12.4
1380556831572750;19.9;32.8;Tue Oct 01 2019 08:57:42 GMT+0200 (CEST);Tue Oct 01 2019 06:57:42 GMT+0200 (CEST);1569913062000;0.39;81.05;12.48
1380556831572750;19.9;33.4;Tue Oct 01 2019 08:59:52 GMT+0200 (CEST);Tue Oct 01 2019 06:59:52 GMT+0200 (CEST);1569913192000;0.41;85.35;12.57
1380556831572750;19.9;33.6;Tue Oct 01 2019 09:01:50 GMT+0200 (CEST);Tue Oct 01 2019 07:01:50 GMT+0200 (CEST);1569913310000;0.43;87.92;12.69
1380556831572750;19.9;33.5;Tue Oct 01 2019 09:03:43 GMT+0200 (CEST);Tue Oct 01 2019 07:03:43 GMT+0200 (CEST);1569913423000;0.42;86.49;12.82
1380556831572750;21.5;33.4;Tue Oct 01 2019 09:06:10 GMT+0200 (CEST);Tue Oct 01 2019 07:06:10 GMT+0200 (CEST);1569913570000;0.44;92.84;12.92
1380556831572750;21.5;33.6;Tue Oct 01 2019 09:08:26 GMT+0200 (CEST);Tue Oct 01 2019 07:08:26 GMT+0200 (CEST);1569913706000;0.49;102.47;13.03
1380556831572750;21.5;33.8;Tue Oct 01 2019 09:10:22 GMT+0200 (CEST);Tue Oct 01 2019 07:10:22 GMT+0200 (CEST);1569913822000;0.53;108.88;13.13
1380556831572750;21.5;34;Tue Oct 01 2019 09:12:21 GMT+0200 (CEST);Tue Oct 01 2019 07:12:21 GMT+0200 (CEST);1569913941000;0.61;126.73;13.23
1380556831572750;22;34.1;Tue Oct 01 2019 09:14:17 GMT+0200 (CEST);Tue Oct 01 2019 07:14:17 GMT+0200 (CEST);1569914057000;0.57;118.08;13.37
1380556831572750;22;34;Tue Oct 01 2019 09:16:25 GMT+0200 (CEST);Tue Oct 01 2019 07:16:25 GMT+0200 (CEST);1569914185000;0.65;133.21;13.46
1380556831572750;22;34.1;Tue Oct 01 2019 09:18:17 GMT+0200 (CEST);Tue Oct 01 2019 07:18:17 GMT+0200 (CEST);1569914297000;0.67;137.91;13.55
1380556831572750;22;34.1;Tue Oct 01 2019 09:20:26 GMT+0200 (CEST);Tue Oct 01 2019 07:20:26 GMT+0200 (CEST);1569914426000;0.66;136.37;13.64
1380556831572750;22;34;Tue Oct 01 2019 09:23:19 GMT+0200 (CEST);Tue Oct 01 2019 07:23:19 GMT+0200 (CEST);1569914599000;0.61;122.97;13.74
1380556831572750;22;33.6;Tue Oct 01 2019 09:25:18 GMT+0200 (CEST);Tue Oct 01 2019 07:25:18 GMT+0200 (CEST);1569914718000;0.57;116.87;13.75
1380556831572750;22;33.4;Tue Oct 01 2019 09:27:14 GMT+0200 (CEST);Tue Oct 01 2019 07:27:14 GMT+0200 (CEST);1569914834000;0.47;94.99;13.72
1380556831572750;22;33;Tue Oct 01 2019 09:29:16 GMT+0200 (CEST);Tue Oct 01 2019 07:29:16 GMT+0200 (CEST);1569914956000;0.42;86.27;13.68
1380556831572750;22;33.2;Tue Oct 01 2019 09:31:26 GMT+0200 (CEST);Tue Oct 01 2019 07:31:26 GMT+0200 (CEST);1569915086000;0.43;91.86;13.67
1380556831572750;22;33.7;Tue Oct 01 2019 09:33:26 GMT+0200 (CEST);Tue Oct 01 2019 07:33:26 GMT+0200 (CEST);1569915206000;0.56;117.48;13.71
1380556831572750;22;34.1;Tue Oct 01 2019 09:35:26 GMT+0200 (CEST);Tue Oct 01 2019 07:35:26 GMT+0200 (CEST);1569915326000;0.65;133.61;13.8
1380556831572750;23.5;33.8;Tue Oct 01 2019 09:38:33 GMT+0200 (CEST);Tue Oct 01 2019 07:38:33 GMT+0200 (CEST);1569915513000;0.61;124.14;13.97
1380556831572750;23.5;34;Tue Oct 01 2019 09:40:27 GMT+0200 (CEST);Tue Oct 01 2019 07:40:27 GMT+0200 (CEST);1569915627000;0.59;119.7;14.07
1380556831572750;23.5;33.8;Tue Oct 01 2019 09:42:30 GMT+0200 (CEST);Tue Oct 01 2019 07:42:30 GMT+0200 (CEST);1569915750000;0.56;117.56;14.09
1380556831572750;23.5;34;Tue Oct 01 2019 09:44:23 GMT+0200 (CEST);Tue Oct 01 2019 07:44:23 GMT+0200 (CEST);1569915863000;0.63;131.1;14.1
1380556831572750;23.5;33.9;Tue Oct 01 2019 09:46:22 GMT+0200 (CEST);Tue Oct 01 2019 07:46:22 GMT+0200 (CEST);1569915982000;0.58;122;14.14
1380556831572750;23.5;33.7;Tue Oct 01 2019 09:48:18 GMT+0200 (CEST);Tue Oct 01 2019 07:48:18 GMT+0200 (CEST);1569916098000;0.5;103.45;14.2
1380556831572750;23.5;33.4;Tue Oct 01 2019 09:50:16 GMT+0200 (CEST);Tue Oct 01 2019 07:50:16 GMT+0200 (CEST);1569916216000;0.5;104.02;14.25
1380556831572750;23.5;33.5;Tue Oct 01 2019 09:52:08 GMT+0200 (CEST);Tue Oct 01 2019 07:52:08 GMT+0200 (CEST);1569916328000;0.48;100.98;14.29
1380556831572750;23.5;33.3;Tue Oct 01 2019 09:54:20 GMT+0200 (CEST);Tue Oct 01 2019 07:54:20 GMT+0200 (CEST);1569916460000;0.48;99.58;14.35
1380556831572750;23.5;33.3;Tue Oct 01 2019 09:56:37 GMT+0200 (CEST);Tue Oct 01 2019 07:56:37 GMT+0200 (CEST);1569916597000;0.46;98.56;14.39
1380556831572750;23.5;33.4;Tue Oct 01 2019 09:58:40 GMT+0200 (CEST);Tue Oct 01 2019 07:58:40 GMT+0200 (CEST);1569916720000;0.5;104.66;14.44
1380556831572750;23.5;33.4;Tue Oct 01 2019 10:00:37 GMT+0200 (CEST);Tue Oct 01 2019 08:00:37 GMT+0200 (CEST);1569916837000;0.53;109.22;14.49
1380556831572750;23.5;33.8;Tue Oct 01 2019 10:02:31 GMT+0200 (CEST);Tue Oct 01 2019 08:02:31 GMT+0200 (CEST);1569916951000;0.56;115.93;14.53
1380556831572750;23.5;33.6;Tue Oct 01 2019 10:04:30 GMT+0200 (CEST);Tue Oct 01 2019 08:04:30 GMT+0200 (CEST);1569917070000;0.52;108.98;14.59
1380556831572750;23.5;33.6;Tue Oct 01 2019 10:06:38 GMT+0200 (CEST);Tue Oct 01 2019 08:06:38 GMT+0200 (CEST);1569917198000;0.53;110.43;14.65
1380556831572750;23.5;33.4;Tue Oct 01 2019 10:08:39 GMT+0200 (CEST);Tue Oct 01 2019 08:08:39 GMT+0200 (CEST);1569917319000;0.48;99.76;14.7
1380556831572750;23.5;33.7;Tue Oct 01 2019 10:10:48 GMT+0200 (CEST);Tue Oct 01 2019 08:10:48 GMT+0200 (CEST);1569917448000;0.64;131.76;14.77
1380556831572750;23.5;34.4;Tue Oct 01 2019 10:12:44 GMT+0200 (CEST);Tue Oct 01 2019 08:12:44 GMT+0200 (CEST);1569917564000;0.85;179.19;14.89
1380556831572750;23.5;34.6;Tue Oct 01 2019 10:14:53 GMT+0200 (CEST);Tue Oct 01 2019 08:14:53 GMT+0200 (CEST);1569917693000;1.06;219.75;15.09
1380556831572750;24;34.6;Tue Oct 01 2019 10:16:55 GMT+0200 (CEST);Tue Oct 01 2019 08:16:55 GMT+0200 (CEST);1569917815000;1.04;215.28;15.25
1380556831572750;24;34.3;Tue Oct 01 2019 10:18:57 GMT+0200 (CEST);Tue Oct 01 2019 08:18:57 GMT+0200 (CEST);1569917937000;0.62;133.95;15.39
1380556831572750;24;33.7;Tue Oct 01 2019 10:21:23 GMT+0200 (CEST);Tue Oct 01 2019 08:21:23 GMT+0200 (CEST);1569918083000;0.65;142.3;15.38
1380556831572750;24;33.8;Tue Oct 01 2019 10:23:17 GMT+0200 (CEST);Tue Oct 01 2019 08:23:17 GMT+0200 (CEST);1569918197000;0.8;171.43;15.44
1380556831572750;24.5;34;Tue Oct 01 2019 10:25:42 GMT+0200 (CEST);Tue Oct 01 2019 08:25:42 GMT+0200 (CEST);1569918342000;0.78;168.99;15.57
1380556831572750;24.5;34.4;Tue Oct 01 2019 10:28:04 GMT+0200 (CEST);Tue Oct 01 2019 08:28:04 GMT+0200 (CEST);1569918484000;1.01;218.86;15.6
1380556831572750;25.5;34.5;Tue Oct 01 2019 10:30:12 GMT+0200 (CEST);Tue Oct 01 2019 08:30:12 GMT+0200 (CEST);1569918612000;1;215.78;15.76
1380556831572750;25.5;34.2;Tue Oct 01 2019 10:32:04 GMT+0200 (CEST);Tue Oct 01 2019 08:32:04 GMT+0200 (CEST);1569918724000;0.85;182.17;15.9
1380556831572750;25.5;34.1;Tue Oct 01 2019 10:34:32 GMT+0200 (CEST);Tue Oct 01 2019 08:34:32 GMT+0200 (CEST);1569918872000;1.58;407.03;15.97
1380556831572750;25.5;34.9;Tue Oct 01 2019 10:36:33 GMT+0200 (CEST);Tue Oct 01 2019 08:36:33 GMT+0200 (CEST);1569918993000;2.06;504.31;16.21
1380556831572750;26;35.1;Tue Oct 01 2019 10:38:34 GMT+0200 (CEST);Tue Oct 01 2019 08:38:34 GMT+0200 (CEST);1569919114000;1.37;291.97;16.46
1380556831572750;26;34.7;Tue Oct 01 2019 10:40:30 GMT+0200 (CEST);Tue Oct 01 2019 08:40:30 GMT+0200 (CEST);1569919230000;3.41;330.23;16.75
1380556831572750;26;35.4;Tue Oct 01 2019 10:42:29 GMT+0200 (CEST);Tue Oct 01 2019 08:42:29 GMT+0200 (CEST);1569919349000;1.81;430.07;17.32
1380556831572750;27.5;34.2;Tue Oct 01 2019 10:44:44 GMT+0200 (CEST);Tue Oct 01 2019 08:44:44 GMT+0200 (CEST);1569919484000;1.37;335.35;18.14
1380556831572750;27.5;34.5;Tue Oct 01 2019 10:46:38 GMT+0200 (CEST);Tue Oct 01 2019 08:46:38 GMT+0200 (CEST);1569919598000;1.41;417.27;18.44
1380556831572750;29.5;34.5;Tue Oct 01 2019 10:48:37 GMT+0200 (CEST);Tue Oct 01 2019 08:48:37 GMT+0200 (CEST);1569919717000;2.9;912.55;19
1380556831572750;29.5;33.1;Tue Oct 01 2019 10:51:31 GMT+0200 (CEST);Tue Oct 01 2019 08:51:31 GMT+0200 (CEST);1569919891000;4.17;570.87;19.49
1380556831572750;30;34;Tue Oct 01 2019 10:53:27 GMT+0200 (CEST);Tue Oct 01 2019 08:53:27 GMT+0200 (CEST);1569920007000;2.18;527.35;20.02
1380556831572750;30;33.9;Tue Oct 01 2019 10:55:19 GMT+0200 (CEST);Tue Oct 01 2019 08:55:19 GMT+0200 (CEST);1569920119000;4.64;967.65;20.49
1380556831572750;32;33.8;Tue Oct 01 2019 10:57:18 GMT+0200 (CEST);Tue Oct 01 2019 08:57:18 GMT+0200 (CEST);1569920238000;2.71;522.23;20.88
1380556831572750;32;33.2;Tue Oct 01 2019 10:59:15 GMT+0200 (CEST);Tue Oct 01 2019 08:59:15 GMT+0200 (CEST);1569920355000;1.82;394.23;21.04
1380556831572750;33;33.7;Tue Oct 01 2019 11:01:25 GMT+0200 (CEST);Tue Oct 01 2019 09:01:25 GMT+0200 (CEST);1569920485000;2.2;417.27;20.93
1380556831572750;33;32.9;Tue Oct 01 2019 11:03:31 GMT+0200 (CEST);Tue Oct 01 2019 09:03:31 GMT+0200 (CEST);1569920611000;1.31;268.47;20.65
1380556831572750;33;33.1;Tue Oct 01 2019 11:05:44 GMT+0200 (CEST);Tue Oct 01 2019 09:05:44 GMT+0200 (CEST);1569920744000;1.17;247.66;20.32
1380556831572750;33;33.4;Tue Oct 01 2019 11:07:58 GMT+0200 (CEST);Tue Oct 01 2019 09:07:58 GMT+0200 (CEST);1569920878000;1.06;222.62;19.71
1380556831572750;33;33.5;Tue Oct 01 2019 11:10:33 GMT+0200 (CEST);Tue Oct 01 2019 09:10:33 GMT+0200 (CEST);1569921033000;1.04;223.32;19.35
1380556831572750;33;33.7;Tue Oct 01 2019 11:12:30 GMT+0200 (CEST);Tue Oct 01 2019 09:12:30 GMT+0200 (CEST);1569921150000;1.09;235.14;19.19
1380556831572750;33;33.9;Tue Oct 01 2019 11:14:23 GMT+0200 (CEST);Tue Oct 01 2019 09:14:23 GMT+0200 (CEST);1569921263000;1.09;234.44;18.95
1380556831572750;32;33.8;Tue Oct 01 2019 11:16:40 GMT+0200 (CEST);Tue Oct 01 2019 09:16:40 GMT+0200 (CEST);1569921400000;1.07;232.15;18.73
1380556831572750;32;34.1;Tue Oct 01 2019 11:19:09 GMT+0200 (CEST);Tue Oct 01 2019 09:19:09 GMT+0200 (CEST);1569921549000;1.13;239.38;18.69
1380556831572750;31.5;34;Tue Oct 01 2019 11:21:21 GMT+0200 (CEST);Tue Oct 01 2019 09:21:21 GMT+0200 (CEST);1569921681000;1.05;225.3;18.71
1380556831572750;31.5;34;Tue Oct 01 2019 11:23:15 GMT+0200 (CEST);Tue Oct 01 2019 09:23:15 GMT+0200 (CEST);1569921795000;0.95;204.51;18.67
1380556831572750;31.5;33.6;Tue Oct 01 2019 11:25:46 GMT+0200 (CEST);Tue Oct 01 2019 09:25:46 GMT+0200 (CEST);1569921946000;0.75;165.46;18.57
1380556831572750;31.5;33.6;Tue Oct 01 2019 11:27:50 GMT+0200 (CEST);Tue Oct 01 2019 09:27:50 GMT+0200 (CEST);1569922070000;1.18;312.61;18.46
1380556831572750;31.5;34.5;Tue Oct 01 2019 11:30:10 GMT+0200 (CEST);Tue Oct 01 2019 09:30:10 GMT+0200 (CEST);1569922210000;2.08;442.87;18.55
1380556831572750;31.5;34.5;Tue Oct 01 2019 11:32:02 GMT+0200 (CEST);Tue Oct 01 2019 09:32:02 GMT+0200 (CEST);1569922322000;4.53;965.3;19.52
1380556831572750;31.5;33.9;Tue Oct 01 2019 11:33:55 GMT+0200 (CEST);Tue Oct 01 2019 09:33:55 GMT+0200 (CEST);1569922435000;4.58;973.57;20.5
1380556831572750;32;33.4;Tue Oct 01 2019 11:36:22 GMT+0200 (CEST);Tue Oct 01 2019 09:36:22 GMT+0200 (CEST);1569922582000;2.16;591.35;21.72
1380556831572750;32;33.6;Tue Oct 01 2019 11:38:19 GMT+0200 (CEST);Tue Oct 01 2019 09:38:19 GMT+0200 (CEST);1569922699000;3.86;933.4;22.35
1380556831572750;35.6;32.7;Tue Oct 01 2019 11:40:45 GMT+0200 (CEST);Tue Oct 01 2019 09:40:45 GMT+0200 (CEST);1569922845000;5.03;1029.11;23.03
1380556831572750;35.6;32.3;Tue Oct 01 2019 11:42:38 GMT+0200 (CEST);Tue Oct 01 2019 09:42:38 GMT+0200 (CEST);1569922958000;5.2;1016.31;23.89
1380556831572750;37.6;32.4;Tue Oct 01 2019 11:45:17 GMT+0200 (CEST);Tue Oct 01 2019 09:45:17 GMT+0200 (CEST);1569923117000;4.65;911.85;24.75
1380556831572750;37.6;32.1;Tue Oct 01 2019 11:47:18 GMT+0200 (CEST);Tue Oct 01 2019 09:47:18 GMT+0200 (CEST);1569923238000;5.07;1070.07;25.08
1380556831572750;40.1;31.6;Tue Oct 01 2019 11:49:27 GMT+0200 (CEST);Tue Oct 01 2019 09:49:27 GMT+0200 (CEST);1569923367000;5.14;1036.79;25.38
1380556831572750;40.1;31.3;Tue Oct 01 2019 11:51:19 GMT+0200 (CEST);Tue Oct 01 2019 09:51:19 GMT+0200 (CEST);1569923479000;3.42;565.75;25.83
1380556831572750;40.1;31.2;Tue Oct 01 2019 11:53:12 GMT+0200 (CEST);Tue Oct 01 2019 09:53:12 GMT+0200 (CEST);1569923592000;1.63;322.92;25.71
1380556831572750;43.6;31.8;Tue Oct 01 2019 11:55:14 GMT+0200 (CEST);Tue Oct 01 2019 09:55:14 GMT+0200 (CEST);1569923714000;2.65;511.99;25.34
1380556831572750;43.6;32.8;Tue Oct 01 2019 11:57:49 GMT+0200 (CEST);Tue Oct 01 2019 09:57:49 GMT+0200 (CEST);1569923869000;3.49;807.94;25.44
1380556831572750;43.6;32.5;Tue Oct 01 2019 12:00:03 GMT+0200 (CEST);Tue Oct 01 2019 10:00:03 GMT+0200 (CEST);1569924003000;2.29;511.99;25.31
1380556831572750;43.6;33;Tue Oct 01 2019 12:02:24 GMT+0200 (CEST);Tue Oct 01 2019 10:02:24 GMT+0200 (CEST);1569924144000;4.73;959.5;25.5
1380556831572750;43.6;30.9;Tue Oct 01 2019 12:04:58 GMT+0200 (CEST);Tue Oct 01 2019 10:04:58 GMT+0200 (CEST);1569924298000;2.84;737.32;26.07
1380556831572750;43.6;31.4;Tue Oct 01 2019 12:07:16 GMT+0200 (CEST);Tue Oct 01 2019 10:07:16 GMT+0200 (CEST);1569924436000;1.38;332.79;25.99
1380556831572750;43.6;31.3;Tue Oct 01 2019 12:09:13 GMT+0200 (CEST);Tue Oct 01 2019 10:09:13 GMT+0200 (CEST);1569924553000;1;202.43;25.17
1380556831572750;42.1;32.1;Tue Oct 01 2019 12:13:39 GMT+0200 (CEST);Tue Oct 01 2019 10:13:39 GMT+0200 (CEST);1569924819000;0.98;205.08;23.82
1380556831572750;42.1;32.6;Tue Oct 01 2019 12:15:37 GMT+0200 (CEST);Tue Oct 01 2019 10:15:37 GMT+0200 (CEST);1569924937000;1.27;260.6;23.37
1380556831572750;40.1;33.1;Tue Oct 01 2019 12:17:48 GMT+0200 (CEST);Tue Oct 01 2019 10:17:48 GMT+0200 (CEST);1569925068000;1.4;286.4;23.1
1380556831572750;40.1;33.1;Tue Oct 01 2019 12:19:47 GMT+0200 (CEST);Tue Oct 01 2019 10:19:47 GMT+0200 (CEST);1569925187000;1.39;265.85;23.03
1380556831572750;26;31.3;Tue Oct 01 2019 18:21:47 GMT+0200 (CEST);Tue Oct 01 2019 16:21:47 GMT+0200 (CEST);1569946907000;0.12;9.34;18.68
1380556831572750;22;24.7;Tue Oct 01 2019 18:39:25 GMT+0200 (CEST);Tue Oct 01 2019 16:39:25 GMT+0200 (CEST);1569947965000;0;9.34;18.68
1380556831572750;23.5;30.5;Tue Oct 01 2019 18:50:02 GMT+0200 (CEST);Tue Oct 01 2019 16:50:02 GMT+0200 (CEST);1569948602000;0;4.22;18.53
1380556831572750;23.5;24.6;Tue Oct 01 2019 18:55:37 GMT+0200 (CEST);Tue Oct 01 2019 16:55:37 GMT+0200 (CEST);1569948937000;0;0.86;18.51
1380556831572750;19.4;32.9;Wed Oct 02 2019 07:49:24 GMT+0200 (CEST);Wed Oct 02 2019 05:49:24 GMT+0200 (CEST);1569995364000;0;16.4;13.35
1380556831572750;19.4;34.1;Wed Oct 02 2019 07:51:18 GMT+0200 (CEST);Wed Oct 02 2019 05:51:18 GMT+0200 (CEST);1569995478000;0;18.36;13.4
1380556831572750;19.4;35.7;Wed Oct 02 2019 07:53:11 GMT+0200 (CEST);Wed Oct 02 2019 05:53:11 GMT+0200 (CEST);1569995591000;0;22.54;13.45
1380556831572750;19.4;36.9;Wed Oct 02 2019 07:55:09 GMT+0200 (CEST);Wed Oct 02 2019 05:55:09 GMT+0200 (CEST);1569995709000;0;21.75;13.49
1380556831572750;21.5;36;Wed Oct 02 2019 07:57:02 GMT+0200 (CEST);Wed Oct 02 2019 05:57:02 GMT+0200 (CEST);1569995822000;0;18.38;13.56
1380556831572750;21.5;36.1;Wed Oct 02 2019 07:58:59 GMT+0200 (CEST);Wed Oct 02 2019 05:58:59 GMT+0200 (CEST);1569995939000;0;18.05;13.63
1380556831572750;21.5;36.3;Wed Oct 02 2019 08:00:54 GMT+0200 (CEST);Wed Oct 02 2019 06:00:54 GMT+0200 (CEST);1569996054000;0;19.67;13.68
1380556831572750;21.5;36.5;Wed Oct 02 2019 08:02:51 GMT+0200 (CEST);Wed Oct 02 2019 06:02:51 GMT+0200 (CEST);1569996171000;0;20.9;13.76
1380556831572750;22;36.6;Wed Oct 02 2019 08:04:47 GMT+0200 (CEST);Wed Oct 02 2019 06:04:47 GMT+0200 (CEST);1569996287000;0;24.73;13.8
1380556831572750;22;37.1;Wed Oct 02 2019 08:06:58 GMT+0200 (CEST);Wed Oct 02 2019 06:06:58 GMT+0200 (CEST);1569996418000;0;25.52;13.85
1380556831572750;22;37.1;Wed Oct 02 2019 08:08:54 GMT+0200 (CEST);Wed Oct 02 2019 06:08:54 GMT+0200 (CEST);1569996534000;0;29.08;13.9
1380556831572750;23.5;37.7;Wed Oct 02 2019 08:10:50 GMT+0200 (CEST);Wed Oct 02 2019 06:10:50 GMT+0200 (CEST);1569996650000;0;32.97;13.94
1380556831572750;23.5;37.2;Wed Oct 02 2019 08:12:48 GMT+0200 (CEST);Wed Oct 02 2019 06:12:48 GMT+0200 (CEST);1569996768000;0;34.15;13.94
1380556831572750;23.5;37.5;Wed Oct 02 2019 08:14:40 GMT+0200 (CEST);Wed Oct 02 2019 06:14:40 GMT+0200 (CEST);1569996880000;0;36.04;13.96
1380556831572750;23.5;37.4;Wed Oct 02 2019 08:16:33 GMT+0200 (CEST);Wed Oct 02 2019 06:16:33 GMT+0200 (CEST);1569996993000;0.08;38.28;13.95
1380556831572750;23.5;36.6;Wed Oct 02 2019 08:18:26 GMT+0200 (CEST);Wed Oct 02 2019 06:18:26 GMT+0200 (CEST);1569997106000;0.09;40.86;13.95
1380556831572750;23.5;36.6;Wed Oct 02 2019 08:20:24 GMT+0200 (CEST);Wed Oct 02 2019 06:20:24 GMT+0200 (CEST);1569997224000;0.12;45.07;13.95
1380556831572750;23.5;32.1;Wed Oct 02 2019 08:22:31 GMT+0200 (CEST);Wed Oct 02 2019 06:22:31 GMT+0200 (CEST);1569997351000;0.24;51.2;13.97
1380556831572750;23.5;32.6;Wed Oct 02 2019 08:24:24 GMT+0200 (CEST);Wed Oct 02 2019 06:24:24 GMT+0200 (CEST);1569997464000;0.26;54.8;14
1380556831572750;21.5;32.8;Wed Oct 02 2019 08:26:21 GMT+0200 (CEST);Wed Oct 02 2019 06:26:21 GMT+0200 (CEST);1569997581000;0.26;55.83;14.04
1380556831572750;21.5;32.6;Wed Oct 02 2019 08:28:14 GMT+0200 (CEST);Wed Oct 02 2019 06:28:14 GMT+0200 (CEST);1569997694000;0.25;53.1;14.09
1380556831572750;21.5;32.3;Wed Oct 02 2019 08:30:32 GMT+0200 (CEST);Wed Oct 02 2019 06:30:32 GMT+0200 (CEST);1569997832000;0.24;51.22;14.15
1380556831572750;21.5;32.3;Wed Oct 02 2019 08:32:28 GMT+0200 (CEST);Wed Oct 02 2019 06:32:28 GMT+0200 (CEST);1569997948000;0.26;55.88;14.22
1380556831572750;22;32.1;Wed Oct 02 2019 08:34:20 GMT+0200 (CEST);Wed Oct 02 2019 06:34:20 GMT+0200 (CEST);1569998060000;0.29;61.85;14.28
1380556831572750;22;32.6;Wed Oct 02 2019 08:36:14 GMT+0200 (CEST);Wed Oct 02 2019 06:36:14 GMT+0200 (CEST);1569998174000;0.31;64.89;14.32
1380556831572750;21.5;32.3;Wed Oct 02 2019 08:38:16 GMT+0200 (CEST);Wed Oct 02 2019 06:38:16 GMT+0200 (CEST);1569998296000;0.33;71.77;14.36
1380556831572750;21.5;32.8;Wed Oct 02 2019 08:40:08 GMT+0200 (CEST);Wed Oct 02 2019 06:40:08 GMT+0200 (CEST);1569998408000;0.36;76.05;14.4
1380556831572750;21.5;32.8;Wed Oct 02 2019 08:42:04 GMT+0200 (CEST);Wed Oct 02 2019 06:42:04 GMT+0200 (CEST);1569998524000;0.35;74.39;14.43
1380556831572750;22;32.8;Wed Oct 02 2019 08:43:58 GMT+0200 (CEST);Wed Oct 02 2019 06:43:58 GMT+0200 (CEST);1569998638000;0.33;71.41;14.49
1380556831572750;22;32.3;Wed Oct 02 2019 08:45:54 GMT+0200 (CEST);Wed Oct 02 2019 06:45:54 GMT+0200 (CEST);1569998754000;0.28;61.18;14.54
1380556831572750;21.5;32.1;Wed Oct 02 2019 08:47:54 GMT+0200 (CEST);Wed Oct 02 2019 06:47:54 GMT+0200 (CEST);1569998874000;0.32;69.23;14.56
1380556831572750;21.5;32.5;Wed Oct 02 2019 08:49:49 GMT+0200 (CEST);Wed Oct 02 2019 06:49:49 GMT+0200 (CEST);1569998989000;0.31;68.29;14.56
1380556831572750;21.5;32.2;Wed Oct 02 2019 08:51:44 GMT+0200 (CEST);Wed Oct 02 2019 06:51:44 GMT+0200 (CEST);1569999104000;0.33;73.12;14.53
1380556831572750;21.5;32.6;Wed Oct 02 2019 08:53:50 GMT+0200 (CEST);Wed Oct 02 2019 06:53:50 GMT+0200 (CEST);1569999230000;0.33;73.79;14.51
1380556831572750;21.5;32.9;Wed Oct 02 2019 08:55:45 GMT+0200 (CEST);Wed Oct 02 2019 06:55:45 GMT+0200 (CEST);1569999345000;0.37;78.25;14.5
1380556831572750;22;32.8;Wed Oct 02 2019 08:57:38 GMT+0200 (CEST);Wed Oct 02 2019 06:57:38 GMT+0200 (CEST);1569999458000;0.39;87.03;14.5
1380556831572750;22;33.1;Wed Oct 02 2019 08:59:31 GMT+0200 (CEST);Wed Oct 02 2019 06:59:31 GMT+0200 (CEST);1569999571000;0.42;89.57;14.53
1380556831572750;22;33.3;Wed Oct 02 2019 09:01:29 GMT+0200 (CEST);Wed Oct 02 2019 07:01:29 GMT+0200 (CEST);1569999689000;0.43;92.84;14.62
1380556831572750;22;33.6;Wed Oct 02 2019 09:03:22 GMT+0200 (CEST);Wed Oct 02 2019 07:03:22 GMT+0200 (CEST);1569999802000;0.49;106.56;14.66
1380556831572750;22;33.7;Wed Oct 02 2019 09:05:41 GMT+0200 (CEST);Wed Oct 02 2019 07:05:41 GMT+0200 (CEST);1569999941000;0.53;114.85;14.75
1380556831572750;22;33.8;Wed Oct 02 2019 09:07:37 GMT+0200 (CEST);Wed Oct 02 2019 07:07:37 GMT+0200 (CEST);1570000057000;0.59;129.17;14.84
1380556831572750;22;34;Wed Oct 02 2019 09:09:34 GMT+0200 (CEST);Wed Oct 02 2019 07:09:34 GMT+0200 (CEST);1570000174000;0.71;161.1;14.97
1380556831572750;23.5;34.2;Wed Oct 02 2019 09:11:28 GMT+0200 (CEST);Wed Oct 02 2019 07:11:28 GMT+0200 (CEST);1570000288000;0.72;155.17;15.13
1380556831572750;23.5;34.2;Wed Oct 02 2019 09:13:21 GMT+0200 (CEST);Wed Oct 02 2019 07:13:21 GMT+0200 (CEST);1570000401000;0.68;142.25;15.22
1380556831572750;23.5;34.6;Wed Oct 02 2019 09:15:16 GMT+0200 (CEST);Wed Oct 02 2019 07:15:16 GMT+0200 (CEST);1570000516000;0.72;155.89;15.33
1380556831572750;23.5;34.7;Wed Oct 02 2019 09:17:09 GMT+0200 (CEST);Wed Oct 02 2019 07:17:09 GMT+0200 (CEST);1570000629000;0.7;150.77;15.45
1380556831572750;23.5;34.9;Wed Oct 02 2019 09:19:09 GMT+0200 (CEST);Wed Oct 02 2019 07:19:09 GMT+0200 (CEST);1570000749000;0.74;154.95;15.56
1380556831572750;24;34.1;Wed Oct 02 2019 09:21:02 GMT+0200 (CEST);Wed Oct 02 2019 07:21:02 GMT+0200 (CEST);1570000862000;0.75;157.18;15.62
1380556831572750;24;34.2;Wed Oct 02 2019 09:22:57 GMT+0200 (CEST);Wed Oct 02 2019 07:22:57 GMT+0200 (CEST);1570000977000;0.82;174.99;15.69
1380556831572750;24;34.3;Wed Oct 02 2019 09:24:53 GMT+0200 (CEST);Wed Oct 02 2019 07:24:53 GMT+0200 (CEST);1570001093000;0.84;178.64;15.79
1380556831572750;24;34.5;Wed Oct 02 2019 09:26:52 GMT+0200 (CEST);Wed Oct 02 2019 07:26:52 GMT+0200 (CEST);1570001212000;0.95;199.81;15.92
1380556831572750;24;34.4;Wed Oct 02 2019 09:28:56 GMT+0200 (CEST);Wed Oct 02 2019 07:28:56 GMT+0200 (CEST);1570001336000;0.92;192.45;16.04
1380556831572750;24;34.3;Wed Oct 02 2019 09:30:52 GMT+0200 (CEST);Wed Oct 02 2019 07:30:52 GMT+0200 (CEST);1570001452000;0.94;195.27;16.17
1380556831572750;24;34.3;Wed Oct 02 2019 09:32:41 GMT+0200 (CEST);Wed Oct 02 2019 07:32:41 GMT+0200 (CEST);1570001561000;0.97;203.16;16.25
1380556831572750;25.5;34.4;Wed Oct 02 2019 09:34:38 GMT+0200 (CEST);Wed Oct 02 2019 07:34:38 GMT+0200 (CEST);1570001678000;0.91;204.99;16.35
1380556831572750;25.5;34.5;Wed Oct 02 2019 09:36:32 GMT+0200 (CEST);Wed Oct 02 2019 07:36:32 GMT+0200 (CEST);1570001792000;0.85;180.79;16.39
1380556831572750;25.5;34.5;Wed Oct 02 2019 09:38:24 GMT+0200 (CEST);Wed Oct 02 2019 07:38:24 GMT+0200 (CEST);1570001904000;0.92;198.77;16.49
1380556831572750;25.5;33.8;Wed Oct 02 2019 09:40:31 GMT+0200 (CEST);Wed Oct 02 2019 07:40:31 GMT+0200 (CEST);1570002031000;0.82;169.51;16.53
1380556831572750;25.5;34.4;Wed Oct 02 2019 09:42:24 GMT+0200 (CEST);Wed Oct 02 2019 07:42:24 GMT+0200 (CEST);1570002144000;0.79;164.19;16.53
1380556831572750;25.5;34.2;Wed Oct 02 2019 09:44:18 GMT+0200 (CEST);Wed Oct 02 2019 07:44:18 GMT+0200 (CEST);1570002258000;0.79;170.17;16.55
1380556831572750;25.5;34.3;Wed Oct 02 2019 09:46:11 GMT+0200 (CEST);Wed Oct 02 2019 07:46:11 GMT+0200 (CEST);1570002371000;0.87;173.95;16.55
1380556831572750;25.5;34.3;Wed Oct 02 2019 09:48:06 GMT+0200 (CEST);Wed Oct 02 2019 07:48:06 GMT+0200 (CEST);1570002486000;0.84;180.09;16.52
1380556831572750;26;34.3;Wed Oct 02 2019 09:50:00 GMT+0200 (CEST);Wed Oct 02 2019 07:50:00 GMT+0200 (CEST);1570002600000;0.79;177.28;16.5
1380556831572750;26;34.2;Wed Oct 02 2019 09:51:55 GMT+0200 (CEST);Wed Oct 02 2019 07:51:55 GMT+0200 (CEST);1570002715000;0.85;181.49;16.46
1380556831572750;26;34.2;Wed Oct 02 2019 09:53:52 GMT+0200 (CEST);Wed Oct 02 2019 07:53:52 GMT+0200 (CEST);1570002832000;0.83;178.6;16.45
1380556831572750;26;34.2;Wed Oct 02 2019 09:55:51 GMT+0200 (CEST);Wed Oct 02 2019 07:55:51 GMT+0200 (CEST);1570002951000;0.86;182.02;16.44
1380556831572750;26;34.2;Wed Oct 02 2019 09:57:49 GMT+0200 (CEST);Wed Oct 02 2019 07:57:49 GMT+0200 (CEST);1570003069000;0.96;202.38;16.46
1380556831572750;26;34.4;Wed Oct 02 2019 09:59:42 GMT+0200 (CEST);Wed Oct 02 2019 07:59:42 GMT+0200 (CEST);1570003182000;0.86;188.61;16.5
1380556831572750;26;34;Wed Oct 02 2019 10:01:36 GMT+0200 (CEST);Wed Oct 02 2019 08:01:36 GMT+0200 (CEST);1570003296000;0.7;155.25;16.55
1380556831572750;26;33.5;Wed Oct 02 2019 10:04:09 GMT+0200 (CEST);Wed Oct 02 2019 08:04:09 GMT+0200 (CEST);1570003449000;0.6;128.6;16.49
1380556831572750;26;33.6;Wed Oct 02 2019 10:06:02 GMT+0200 (CEST);Wed Oct 02 2019 08:06:02 GMT+0200 (CEST);1570003562000;0.63;131.12;16.4
1380556831572750;26;33.4;Wed Oct 02 2019 10:08:01 GMT+0200 (CEST);Wed Oct 02 2019 08:08:01 GMT+0200 (CEST);1570003681000;0.54;112.57;16.31
1380556831572750;26;33.5;Wed Oct 02 2019 10:09:54 GMT+0200 (CEST);Wed Oct 02 2019 08:09:54 GMT+0200 (CEST);1570003794000;0.54;113.12;16.26
1380556831572750;26;33.7;Wed Oct 02 2019 10:11:53 GMT+0200 (CEST);Wed Oct 02 2019 08:11:53 GMT+0200 (CEST);1570003913000;0.66;138.41;16.21
1380556831572750;25.5;33.8;Wed Oct 02 2019 10:13:50 GMT+0200 (CEST);Wed Oct 02 2019 08:13:50 GMT+0200 (CEST);1570004030000;0.69;146.85;16.22
1380556831572750;25.5;34;Wed Oct 02 2019 10:15:43 GMT+0200 (CEST);Wed Oct 02 2019 08:15:43 GMT+0200 (CEST);1570004143000;0.8;172.06;16.2
1380556831572750;25.5;34.3;Wed Oct 02 2019 10:17:44 GMT+0200 (CEST);Wed Oct 02 2019 08:17:44 GMT+0200 (CEST);1570004264000;0.82;172.23;16.25
1380556831572750;25.5;34;Wed Oct 02 2019 10:19:49 GMT+0200 (CEST);Wed Oct 02 2019 08:19:49 GMT+0200 (CEST);1570004389000;0.87;180.55;16.31
1380556831572750;25.5;34.2;Wed Oct 02 2019 10:21:42 GMT+0200 (CEST);Wed Oct 02 2019 08:21:42 GMT+0200 (CEST);1570004502000;0.86;175.02;16.39
1380556831572750;26;34;Wed Oct 02 2019 10:23:50 GMT+0200 (CEST);Wed Oct 02 2019 08:23:50 GMT+0200 (CEST);1570004630000;0.8;168.32;16.42
1380556831572750;26;34.2;Wed Oct 02 2019 10:25:43 GMT+0200 (CEST);Wed Oct 02 2019 08:25:43 GMT+0200 (CEST);1570004743000;0.96;198.16;16.55
1380556831572750;26;34.6;Wed Oct 02 2019 10:27:37 GMT+0200 (CEST);Wed Oct 02 2019 08:27:37 GMT+0200 (CEST);1570004857000;1.29;259.49;16.72
1380556831572750;26;34.7;Wed Oct 02 2019 10:29:30 GMT+0200 (CEST);Wed Oct 02 2019 08:29:30 GMT+0200 (CEST);1570004970000;1.38;281.89;16.96
1380556831572750;27.5;34.8;Wed Oct 02 2019 10:31:33 GMT+0200 (CEST);Wed Oct 02 2019 08:31:33 GMT+0200 (CEST);1570005093000;1.41;284.11;17.28
1380556831572750;27.5;33.9;Wed Oct 02 2019 10:33:28 GMT+0200 (CEST);Wed Oct 02 2019 08:33:28 GMT+0200 (CEST);1570005208000;1.01;209.05;17.47
1380556831572750;27.5;34;Wed Oct 02 2019 10:35:22 GMT+0200 (CEST);Wed Oct 02 2019 08:35:22 GMT+0200 (CEST);1570005322000;1.01;211.41;17.52
1380556831572750;27.5;34.2;Wed Oct 02 2019 10:37:15 GMT+0200 (CEST);Wed Oct 02 2019 08:37:15 GMT+0200 (CEST);1570005435000;1.14;235.01;17.53
1380556831572750;27.5;34.3;Wed Oct 02 2019 10:39:10 GMT+0200 (CEST);Wed Oct 02 2019 08:39:10 GMT+0200 (CEST);1570005550000;1.37;308.44;17.57
1380556831572750;28;34.7;Wed Oct 02 2019 10:41:03 GMT+0200 (CEST);Wed Oct 02 2019 08:41:03 GMT+0200 (CEST);1570005663000;2.16;481.27;17.91
1380556831572750;28;34.5;Wed Oct 02 2019 10:43:00 GMT+0200 (CEST);Wed Oct 02 2019 08:43:00 GMT+0200 (CEST);1570005780000;2.61;542.71;18.45
1380556831572750;29.5;34.2;Wed Oct 02 2019 10:44:55 GMT+0200 (CEST);Wed Oct 02 2019 08:44:55 GMT+0200 (CEST);1570005895000;1.19;242.04;18.59
1380556831572750;29.5;33.6;Wed Oct 02 2019 10:46:49 GMT+0200 (CEST);Wed Oct 02 2019 08:46:49 GMT+0200 (CEST);1570006009000;1.01;204.09;18.55
1380556831572750;29.5;33.4;Wed Oct 02 2019 10:48:54 GMT+0200 (CEST);Wed Oct 02 2019 08:48:54 GMT+0200 (CEST);1570006134000;0.87;164.27;18.35
1380556831572750;29.5;33;Wed Oct 02 2019 10:50:52 GMT+0200 (CEST);Wed Oct 02 2019 08:50:52 GMT+0200 (CEST);1570006252000;0.64;130.07;18.04
1380556831572750;29.5;33.3;Wed Oct 02 2019 10:52:56 GMT+0200 (CEST);Wed Oct 02 2019 08:52:56 GMT+0200 (CEST);1570006376000;0.75;152.8;17.82
1380556831572750;29.5;33.7;Wed Oct 02 2019 10:54:53 GMT+0200 (CEST);Wed Oct 02 2019 08:54:53 GMT+0200 (CEST);1570006493000;0.91;184.07;17.75
1380556831572750;29.5;33.9;Wed Oct 02 2019 10:56:50 GMT+0200 (CEST);Wed Oct 02 2019 08:56:50 GMT+0200 (CEST);1570006610000;0.92;186.27;17.79
1380556831572750;29.5;34.1;Wed Oct 02 2019 10:58:46 GMT+0200 (CEST);Wed Oct 02 2019 08:58:46 GMT+0200 (CEST);1570006726000;0.98;202.55;17.75
1380556831572750;29.5;34.1;Wed Oct 02 2019 11:00:32 GMT+0200 (CEST);Wed Oct 02 2019 09:00:32 GMT+0200 (CEST);1570006832000;1.37;280.8;17.81
1380556831572750;29.5;34.9;Wed Oct 02 2019 11:02:24 GMT+0200 (CEST);Wed Oct 02 2019 09:02:24 GMT+0200 (CEST);1570006944000;1.52;323.67;18.04
1380556831572750;29.5;34.5;Wed Oct 02 2019 11:04:17 GMT+0200 (CEST);Wed Oct 02 2019 09:04:17 GMT+0200 (CEST);1570007057000;1.57;318.61;18.17
1380556831572750;29.5;34.6;Wed Oct 02 2019 11:06:30 GMT+0200 (CEST);Wed Oct 02 2019 09:06:30 GMT+0200 (CEST);1570007190000;1.34;262.07;18.35
1380556831572750;29.5;34.1;Wed Oct 02 2019 11:08:30 GMT+0200 (CEST);Wed Oct 02 2019 09:08:30 GMT+0200 (CEST);1570007310000;1.02;204.98;18.4
1380556831572750;29.5;33.6;Wed Oct 02 2019 11:10:24 GMT+0200 (CEST);Wed Oct 02 2019 09:10:24 GMT+0200 (CEST);1570007424000;0.79;159.99;18.31
1380556831572750;29.5;33.4;Wed Oct 02 2019 11:12:20 GMT+0200 (CEST);Wed Oct 02 2019 09:12:20 GMT+0200 (CEST);1570007540000;0.71;140.62;18.04
1380556831572750;29.5;32.9;Wed Oct 02 2019 11:14:31 GMT+0200 (CEST);Wed Oct 02 2019 09:14:31 GMT+0200 (CEST);1570007671000;0.4;78.39;17.71
1380556831572750;29.5;31.9;Wed Oct 02 2019 11:16:24 GMT+0200 (CEST);Wed Oct 02 2019 09:16:24 GMT+0200 (CEST);1570007784000;0.21;35.96;16.8
1380556831572750;29.5;31;Wed Oct 02 2019 11:18:08 GMT+0200 (CEST);Wed Oct 02 2019 09:18:08 GMT+0200 (CEST);1570007888000;0.14;28.66;15.78
1380556831572750;27.5;31.1;Wed Oct 02 2019 11:19:53 GMT+0200 (CEST);Wed Oct 02 2019 09:19:53 GMT+0200 (CEST);1570007993000;0.11;24.82;15.07
1380556831572750;27.5;31.3;Wed Oct 02 2019 11:22:17 GMT+0200 (CEST);Wed Oct 02 2019 09:22:17 GMT+0200 (CEST);1570008137000;0.23;56.53;14.42
1380556831572750;24;33.8;Wed Oct 02 2019 11:24:16 GMT+0200 (CEST);Wed Oct 02 2019 09:24:16 GMT+0200 (CEST);1570008256000;0.55;115.92;14.25
1380556831572750;24;34.7;Wed Oct 02 2019 11:26:09 GMT+0200 (CEST);Wed Oct 02 2019 09:26:09 GMT+0200 (CEST);1570008369000;1.11;238.81;14.27
1380556831572750;25.5;35.4;Wed Oct 02 2019 11:28:07 GMT+0200 (CEST);Wed Oct 02 2019 09:28:07 GMT+0200 (CEST);1570008487000;1.05;208.84;14.54
1380556831572750;25.5;34.9;Wed Oct 02 2019 11:30:20 GMT+0200 (CEST);Wed Oct 02 2019 09:30:20 GMT+0200 (CEST);1570008620000;1.17;251.03;14.75
1380556831572750;25.5;35.3;Wed Oct 02 2019 11:32:12 GMT+0200 (CEST);Wed Oct 02 2019 09:32:12 GMT+0200 (CEST);1570008732000;1.28;255.5;14.95
1380556831572750;25.5;35;Wed Oct 02 2019 11:34:05 GMT+0200 (CEST);Wed Oct 02 2019 09:34:05 GMT+0200 (CEST);1570008845000;1.21;244.24;15.14
1380556831572750;25.5;35.1;Wed Oct 02 2019 11:36:04 GMT+0200 (CEST);Wed Oct 02 2019 09:36:04 GMT+0200 (CEST);1570008964000;1.44;284.21;15.35
1380556831572750;26;34.9;Wed Oct 02 2019 11:38:07 GMT+0200 (CEST);Wed Oct 02 2019 09:38:07 GMT+0200 (CEST);1570009087000;1.16;220.84;15.59
1380556831572750;26;35.5;Wed Oct 02 2019 11:40:01 GMT+0200 (CEST);Wed Oct 02 2019 09:40:01 GMT+0200 (CEST);1570009201000;1.26;254.05;15.82
1380556831572750;26;34.7;Wed Oct 02 2019 11:41:53 GMT+0200 (CEST);Wed Oct 02 2019 09:41:53 GMT+0200 (CEST);1570009313000;1.36;270.2;15.66
1380556831572750;26;34.7;Wed Oct 02 2019 11:43:48 GMT+0200 (CEST);Wed Oct 02 2019 09:43:48 GMT+0200 (CEST);1570009428000;1.17;228.62;15.54
1380556831572750;26;34.3;Wed Oct 02 2019 11:45:41 GMT+0200 (CEST);Wed Oct 02 2019 09:45:41 GMT+0200 (CEST);1570009541000;0.91;168.62;15.35
1380556831572750;26;33.5;Wed Oct 02 2019 11:47:34 GMT+0200 (CEST);Wed Oct 02 2019 09:47:34 GMT+0200 (CEST);1570009654000;0.53;102.08;15.3
1380556831572750;26;32.1;Wed Oct 02 2019 11:49:33 GMT+0200 (CEST);Wed Oct 02 2019 09:49:33 GMT+0200 (CEST);1570009773000;0.26;51.73;15.1
1380556831572750;24;31.8;Wed Oct 02 2019 11:51:26 GMT+0200 (CEST);Wed Oct 02 2019 09:51:26 GMT+0200 (CEST);1570009886000;0.39;71.2;14.89
1380556831572750;24;33.3;Wed Oct 02 2019 11:53:29 GMT+0200 (CEST);Wed Oct 02 2019 09:53:29 GMT+0200 (CEST);1570010009000;0.62;114.17;14.68
1380556831572750;24;34;Wed Oct 02 2019 11:55:27 GMT+0200 (CEST);Wed Oct 02 2019 09:55:27 GMT+0200 (CEST);1570010127000;0.67;126.77;14.54
1380556831572750;24;34;Wed Oct 02 2019 11:57:20 GMT+0200 (CEST);Wed Oct 02 2019 09:57:20 GMT+0200 (CEST);1570010240000;0.58;114.27;14.47
1380556831572750;24;33.6;Wed Oct 02 2019 11:59:12 GMT+0200 (CEST);Wed Oct 02 2019 09:59:12 GMT+0200 (CEST);1570010352000;0.57;115.58;14.43
1380556831572750;24;34.1;Wed Oct 02 2019 12:01:09 GMT+0200 (CEST);Wed Oct 02 2019 10:01:09 GMT+0200 (CEST);1570010469000;0.74;151.13;14.42
1380556831572750;24;34.4;Wed Oct 02 2019 12:03:02 GMT+0200 (CEST);Wed Oct 02 2019 10:03:02 GMT+0200 (CEST);1570010582000;0.89;176.04;14.45
1380556831572750;24;34.5;Wed Oct 02 2019 12:05:07 GMT+0200 (CEST);Wed Oct 02 2019 10:05:07 GMT+0200 (CEST);1570010707000;0.88;169.11;14.53
1380556831572750;24;34.3;Wed Oct 02 2019 12:07:02 GMT+0200 (CEST);Wed Oct 02 2019 10:07:02 GMT+0200 (CEST);1570010822000;0.74;146.62;14.51
1380556831572750;24;34.3;Wed Oct 02 2019 12:09:03 GMT+0200 (CEST);Wed Oct 02 2019 10:09:03 GMT+0200 (CEST);1570010943000;0.94;202.14;14.53
1380556831572750;24;35.5;Wed Oct 02 2019 12:11:08 GMT+0200 (CEST);Wed Oct 02 2019 10:11:08 GMT+0200 (CEST);1570011068000;2.31;681.69;14.83
1380556831572750;24;35.9;Wed Oct 02 2019 12:13:09 GMT+0200 (CEST);Wed Oct 02 2019 10:13:09 GMT+0200 (CEST);1570011189000;2.54;511.99;15.53
1380556831572750;25.5;34.9;Wed Oct 02 2019 12:15:02 GMT+0200 (CEST);Wed Oct 02 2019 10:15:02 GMT+0200 (CEST);1570011302000;1.08;229.11;15.85
1380556831572750;25.5;34.4;Wed Oct 02 2019 12:17:05 GMT+0200 (CEST);Wed Oct 02 2019 10:17:05 GMT+0200 (CEST);1570011425000;0.86;185.84;15.81
1380556831572750;25.5;34.3;Wed Oct 02 2019 12:18:58 GMT+0200 (CEST);Wed Oct 02 2019 10:18:58 GMT+0200 (CEST);1570011538000;0.9;202.84;15.82
1380556831572750;25.5;34.6;Wed Oct 02 2019 12:20:55 GMT+0200 (CEST);Wed Oct 02 2019 10:20:55 GMT+0200 (CEST);1570011655000;1.04;235.39;15.85
1380556831572750;25.5;34.7;Wed Oct 02 2019 12:22:47 GMT+0200 (CEST);Wed Oct 02 2019 10:22:47 GMT+0200 (CEST);1570011767000;1.31;278.03;15.89
1380556831572750;25.5;35.1;Wed Oct 02 2019 12:24:41 GMT+0200 (CEST);Wed Oct 02 2019 10:24:41 GMT+0200 (CEST);1570011881000;1.72;440.31;16.01
1380556831572750;25.5;35.7;Wed Oct 02 2019 12:26:35 GMT+0200 (CEST);Wed Oct 02 2019 10:26:35 GMT+0200 (CEST);1570011995000;3.17;746.43;16.5
1380556831572750;27.5;35;Wed Oct 02 2019 12:28:28 GMT+0200 (CEST);Wed Oct 02 2019 10:28:28 GMT+0200 (CEST);1570012108000;3.34;1006.07;17.13
1380556831572750;27.5;34.1;Wed Oct 02 2019 12:30:26 GMT+0200 (CEST);Wed Oct 02 2019 10:30:26 GMT+0200 (CEST);1570012226000;2.57;864.64;18.17
1380556831572750;27.5;33.3;Wed Oct 02 2019 12:32:29 GMT+0200 (CEST);Wed Oct 02 2019 10:32:29 GMT+0200 (CEST);1570012349000;5.01;1057.27;18.93
1380556831572750;27.5;33.9;Wed Oct 02 2019 12:34:23 GMT+0200 (CEST);Wed Oct 02 2019 10:34:23 GMT+0200 (CEST);1570012463000;5.06;1077.75;19.5
1380556831572750;27.5;32.4;Wed Oct 02 2019 12:36:17 GMT+0200 (CEST);Wed Oct 02 2019 10:36:17 GMT+0200 (CEST);1570012577000;5.58;1151.99;19.87
1380556831572750;32;32.2;Wed Oct 02 2019 12:38:19 GMT+0200 (CEST);Wed Oct 02 2019 10:38:19 GMT+0200 (CEST);1570012699000;2.58;532.47;20.31
1380556831572750;32;32.6;Wed Oct 02 2019 12:40:25 GMT+0200 (CEST);Wed Oct 02 2019 10:40:25 GMT+0200 (CEST);1570012825000;4.22;871;20.62
1380556831572750;35.6;32;Wed Oct 02 2019 12:42:18 GMT+0200 (CEST);Wed Oct 02 2019 10:42:18 GMT+0200 (CEST);1570012938000;1.06;229.67;20.08
1380556831572750;35.6;32.3;Wed Oct 02 2019 12:44:11 GMT+0200 (CEST);Wed Oct 02 2019 10:44:11 GMT+0200 (CEST);1570013051000;0.94;227.57;19.02
1380556831572750;35.6;33.3;Wed Oct 02 2019 12:46:04 GMT+0200 (CEST);Wed Oct 02 2019 10:46:04 GMT+0200 (CEST);1570013164000;3.06;614.39;18.79
1380556831572750;36.1;34.4;Wed Oct 02 2019 12:48:00 GMT+0200 (CEST);Wed Oct 02 2019 10:48:00 GMT+0200 (CEST);1570013280000;1.56;371.19;18.91
1380556831572750;36.1;34;Wed Oct 02 2019 12:49:54 GMT+0200 (CEST);Wed Oct 02 2019 10:49:54 GMT+0200 (CEST);1570013394000;1.92;424.95;18.96
1380556831572750;36.1;33.7;Wed Oct 02 2019 12:51:54 GMT+0200 (CEST);Wed Oct 02 2019 10:51:54 GMT+0200 (CEST);1570013514000;1.42;321.44;18.62
1380556831572750;36.1;34;Wed Oct 02 2019 12:54:00 GMT+0200 (CEST);Wed Oct 02 2019 10:54:00 GMT+0200 (CEST);1570013640000;1.68;371.19;18.45
1380556831572750;36.1;34;Wed Oct 02 2019 12:55:53 GMT+0200 (CEST);Wed Oct 02 2019 10:55:53 GMT+0200 (CEST);1570013753000;1.65;345.59;18.45
1380556831572750;36.1;34.3;Wed Oct 02 2019 12:57:46 GMT+0200 (CEST);Wed Oct 02 2019 10:57:46 GMT+0200 (CEST);1570013866000;1.9;378.87;18.12
1380556831572750;36.1;34;Wed Oct 02 2019 12:59:39 GMT+0200 (CEST);Wed Oct 02 2019 10:59:39 GMT+0200 (CEST);1570013979000;1.25;262.83;18.02
1380556831572750;33;33.9;Wed Oct 02 2019 13:01:38 GMT+0200 (CEST);Wed Oct 02 2019 11:01:38 GMT+0200 (CEST);1570014098000;1.2;252.07;17.78
1380556831572750;33;33.7;Wed Oct 02 2019 13:03:31 GMT+0200 (CEST);Wed Oct 02 2019 11:03:31 GMT+0200 (CEST);1570014211000;0.79;167.3;17.67
1380556831572750;32;32.5;Wed Oct 02 2019 13:05:24 GMT+0200 (CEST);Wed Oct 02 2019 11:05:24 GMT+0200 (CEST);1570014324000;0.32;67.74;17.44
1380556831572750;32;31.6;Wed Oct 02 2019 13:07:16 GMT+0200 (CEST);Wed Oct 02 2019 11:07:16 GMT+0200 (CEST);1570014436000;0.23;47.34;16.66
1380556831572750;32;31.8;Wed Oct 02 2019 13:09:16 GMT+0200 (CEST);Wed Oct 02 2019 11:09:16 GMT+0200 (CEST);1570014556000;0.29;55.06;15.93
1380556831572750;29.5;32.6;Wed Oct 02 2019 13:11:11 GMT+0200 (CEST);Wed Oct 02 2019 11:11:11 GMT+0200 (CEST);1570014671000;0.48;93.2;15.14
1380556831572750;29.5;33.3;Wed Oct 02 2019 13:13:03 GMT+0200 (CEST);Wed Oct 02 2019 11:13:03 GMT+0200 (CEST);1570014783000;0.43;79.61;14.18
1380556831572750;27.5;33.5;Wed Oct 02 2019 13:15:12 GMT+0200 (CEST);Wed Oct 02 2019 11:15:12 GMT+0200 (CEST);1570014912000;0.68;132.17;13.36
1380556831572750;27.5;34.7;Wed Oct 02 2019 13:17:08 GMT+0200 (CEST);Wed Oct 02 2019 11:17:08 GMT+0200 (CEST);1570015028000;0.95;188.53;13.05
1380556831572750;25.5;34.7;Wed Oct 02 2019 13:19:02 GMT+0200 (CEST);Wed Oct 02 2019 11:19:02 GMT+0200 (CEST);1570015142000;0.84;166.93;12.96
1380556831572750;25.5;34;Wed Oct 02 2019 13:20:55 GMT+0200 (CEST);Wed Oct 02 2019 11:20:55 GMT+0200 (CEST);1570015255000;0.56;112.08;12.9
1380556831572750;25.5;33.4;Wed Oct 02 2019 13:22:54 GMT+0200 (CEST);Wed Oct 02 2019 11:22:54 GMT+0200 (CEST);1570015374000;0.39;73.93;12.78
1380556831572750;23.5;32.7;Wed Oct 02 2019 13:24:48 GMT+0200 (CEST);Wed Oct 02 2019 11:24:48 GMT+0200 (CEST);1570015488000;0.39;74.97;12.72
1380556831572750;23.5;33.3;Wed Oct 02 2019 13:26:58 GMT+0200 (CEST);Wed Oct 02 2019 11:26:58 GMT+0200 (CEST);1570015618000;0.41;77.02;12.74
1380556831572750;23.5;33.2;Wed Oct 02 2019 13:28:52 GMT+0200 (CEST);Wed Oct 02 2019 11:28:52 GMT+0200 (CEST);1570015732000;0.41;76.02;12.57
1380556831572750;23.5;33.5;Wed Oct 02 2019 13:30:47 GMT+0200 (CEST);Wed Oct 02 2019 11:30:47 GMT+0200 (CEST);1570015847000;0.49;89.49;12.53
1380556831572750;23.5;33.9;Wed Oct 02 2019 13:32:40 GMT+0200 (CEST);Wed Oct 02 2019 11:32:40 GMT+0200 (CEST);1570015960000;0.58;106.64;12.45
1380556831572750;23.5;33.2;Wed Oct 02 2019 13:34:31 GMT+0200 (CEST);Wed Oct 02 2019 11:34:31 GMT+0200 (CEST);1570016071000;0.35;62.77;12.47
1380556831572750;23.5;33;Wed Oct 02 2019 13:36:35 GMT+0200 (CEST);Wed Oct 02 2019 11:36:35 GMT+0200 (CEST);1570016195000;0.58;104.26;12.46
1380556831572750;21.5;34.1;Wed Oct 02 2019 13:38:33 GMT+0200 (CEST);Wed Oct 02 2019 11:38:33 GMT+0200 (CEST);1570016313000;0.52;95.93;12.21
1380556831572750;21.5;33.8;Wed Oct 02 2019 13:40:26 GMT+0200 (CEST);Wed Oct 02 2019 11:40:26 GMT+0200 (CEST);1570016426000;0.49;95.05;11.97
1380556831572750;21.5;34.3;Wed Oct 02 2019 13:42:19 GMT+0200 (CEST);Wed Oct 02 2019 11:42:19 GMT+0200 (CEST);1570016539000;0.65;123.7;11.85
1380556831572750;21.5;34.3;Wed Oct 02 2019 13:44:17 GMT+0200 (CEST);Wed Oct 02 2019 11:44:17 GMT+0200 (CEST);1570016657000;0.62;119.86;11.69
1380556831572750;21.5;34.3;Wed Oct 02 2019 13:46:10 GMT+0200 (CEST);Wed Oct 02 2019 11:46:10 GMT+0200 (CEST);1570016770000;0.59;115.03;11.65
1380556831572750;21.5;34.3;Wed Oct 02 2019 13:48:06 GMT+0200 (CEST);Wed Oct 02 2019 11:48:06 GMT+0200 (CEST);1570016886000;0.73;142.48;11.64
1380556831572750;21.5;34.7;Wed Oct 02 2019 13:50:08 GMT+0200 (CEST);Wed Oct 02 2019 11:50:08 GMT+0200 (CEST);1570017008000;0.85;158.62;11.71
1380556831572750;21.5;35.3;Wed Oct 02 2019 13:52:12 GMT+0200 (CEST);Wed Oct 02 2019 11:52:12 GMT+0200 (CEST);1570017132000;1.06;203.81;11.75
1380556831572750;21.5;35.3;Wed Oct 02 2019 13:54:04 GMT+0200 (CEST);Wed Oct 02 2019 11:54:04 GMT+0200 (CEST);1570017244000;1.47;284.61;11.95
1380556831572750;21.5;35.7;Wed Oct 02 2019 13:55:59 GMT+0200 (CEST);Wed Oct 02 2019 11:55:59 GMT+0200 (CEST);1570017359000;1.87;358.39;12.21
1380556831572750;22;35.4;Wed Oct 02 2019 13:58:09 GMT+0200 (CEST);Wed Oct 02 2019 11:58:09 GMT+0200 (CEST);1570017489000;1.39;274.74;12.36
1380556831572750;22;35.4;Wed Oct 02 2019 14:00:02 GMT+0200 (CEST);Wed Oct 02 2019 12:00:02 GMT+0200 (CEST);1570017602000;1.78;353.27;12.3
1380556831572750;22;35.7;Wed Oct 02 2019 14:02:04 GMT+0200 (CEST);Wed Oct 02 2019 12:02:04 GMT+0200 (CEST);1570017724000;1.62;332.79;12.32
1380556831572750;23.5;35.8;Wed Oct 02 2019 14:04:01 GMT+0200 (CEST);Wed Oct 02 2019 12:04:01 GMT+0200 (CEST);1570017841000;2.68;540.15;12.78
1380556831572750;23.5;35.4;Wed Oct 02 2019 14:06:04 GMT+0200 (CEST);Wed Oct 02 2019 12:06:04 GMT+0200 (CEST);1570017964000;1.86;376.31;13.12
1380556831572750;24;35.4;Wed Oct 02 2019 14:08:02 GMT+0200 (CEST);Wed Oct 02 2019 12:08:02 GMT+0200 (CEST);1570018082000;1.72;343.03;13.47
1380556831572750;24;35.3;Wed Oct 02 2019 14:09:55 GMT+0200 (CEST);Wed Oct 02 2019 12:09:55 GMT+0200 (CEST);1570018195000;1.08;221.01;13.6
1380556831572750;24;34.4;Wed Oct 02 2019 14:11:51 GMT+0200 (CEST);Wed Oct 02 2019 12:11:51 GMT+0200 (CEST);1570018311000;1.06;219.29;13.49
1380556831572750;24;34.6;Wed Oct 02 2019 14:13:48 GMT+0200 (CEST);Wed Oct 02 2019 12:13:48 GMT+0200 (CEST);1570018428000;1.03;208.65;13.38
1380556831572750;24;34.3;Wed Oct 02 2019 14:15:34 GMT+0200 (CEST);Wed Oct 02 2019 12:15:34 GMT+0200 (CEST);1570018534000;0.93;195.29;13.12
1380556831572750;24;34.4;Wed Oct 02 2019 14:17:27 GMT+0200 (CEST);Wed Oct 02 2019 12:17:27 GMT+0200 (CEST);1570018647000;0.96;199.06;13
1380556831572750;24;34.3;Wed Oct 02 2019 14:19:40 GMT+0200 (CEST);Wed Oct 02 2019 12:19:40 GMT+0200 (CEST);1570018780000;0.84;159.85;13.19
1380556831572750;24;34.1;Wed Oct 02 2019 14:21:38 GMT+0200 (CEST);Wed Oct 02 2019 12:21:38 GMT+0200 (CEST);1570018898000;0.74;153.7;13.25
1380556831572750;24;33.8;Wed Oct 02 2019 14:23:31 GMT+0200 (CEST);Wed Oct 02 2019 12:23:31 GMT+0200 (CEST);1570019011000;0.63;126.56;13.2
1380556831572750;24;33.7;Wed Oct 02 2019 14:25:23 GMT+0200 (CEST);Wed Oct 02 2019 12:25:23 GMT+0200 (CEST);1570019123000;0.58;112.66;13.01
1380556831572750;24;33.4;Wed Oct 02 2019 14:27:16 GMT+0200 (CEST);Wed Oct 02 2019 12:27:16 GMT+0200 (CEST);1570019236000;0.44;87.79;12.76
1380556831572750;24;33;Wed Oct 02 2019 14:29:09 GMT+0200 (CEST);Wed Oct 02 2019 12:29:09 GMT+0200 (CEST);1570019349000;0.42;84.58;12.42
1380556831572750;23.5;33.2;Wed Oct 02 2019 14:31:11 GMT+0200 (CEST);Wed Oct 02 2019 12:31:11 GMT+0200 (CEST);1570019471000;0.45;89.56;12.21
1380556831572750;23.5;33.1;Wed Oct 02 2019 14:33:04 GMT+0200 (CEST);Wed Oct 02 2019 12:33:04 GMT+0200 (CEST);1570019584000;0.38;72.14;12.19
1380556831572750;23.5;32.8;Wed Oct 02 2019 14:35:09 GMT+0200 (CEST);Wed Oct 02 2019 12:35:09 GMT+0200 (CEST);1570019709000;0.37;70.84;12.11
1380556831572750;23.5;32.8;Wed Oct 02 2019 14:37:13 GMT+0200 (CEST);Wed Oct 02 2019 12:37:13 GMT+0200 (CEST);1570019833000;0.33;63.18;12.08
1380556831572750;23.5;32.3;Wed Oct 02 2019 14:39:06 GMT+0200 (CEST);Wed Oct 02 2019 12:39:06 GMT+0200 (CEST);1570019946000;0.29;55.64;12.08
1380556831572750;21.5;32.3;Wed Oct 02 2019 14:41:13 GMT+0200 (CEST);Wed Oct 02 2019 12:41:13 GMT+0200 (CEST);1570020073000;0.25;47.51;12.02
1380556831572750;21.5;32.4;Wed Oct 02 2019 14:43:32 GMT+0200 (CEST);Wed Oct 02 2019 12:43:32 GMT+0200 (CEST);1570020212000;0.22;44.02;11.9
1380556831572750;21.5;31.8;Wed Oct 02 2019 14:45:25 GMT+0200 (CEST);Wed Oct 02 2019 12:45:25 GMT+0200 (CEST);1570020325000;0.22;42.72;11.82
1380556831572750;21.5;31.7;Wed Oct 02 2019 14:47:21 GMT+0200 (CEST);Wed Oct 02 2019 12:47:21 GMT+0200 (CEST);1570020441000;0.2;38.06;11.83
1380556831572750;21.5;31.2;Wed Oct 02 2019 14:49:16 GMT+0200 (CEST);Wed Oct 02 2019 12:49:16 GMT+0200 (CEST);1570020556000;0.19;36.67;11.86
1380556831572750;21.5;31.3;Wed Oct 02 2019 14:51:19 GMT+0200 (CEST);Wed Oct 02 2019 12:51:19 GMT+0200 (CEST);1570020679000;0.17;31.54;11.86
1380556831572750;21.5;31.3;Wed Oct 02 2019 14:53:14 GMT+0200 (CEST);Wed Oct 02 2019 12:53:14 GMT+0200 (CEST);1570020794000;0.15;28.95;11.78
1380556831572750;19.4;31;Wed Oct 02 2019 14:55:07 GMT+0200 (CEST);Wed Oct 02 2019 12:55:07 GMT+0200 (CEST);1570020907000;0.16;31.28;11.64
1380556831572750;19.4;31.3;Wed Oct 02 2019 14:57:00 GMT+0200 (CEST);Wed Oct 02 2019 12:57:00 GMT+0200 (CEST);1570021020000;0.18;34.17;11.52
1380556831572750;19.4;31;Wed Oct 02 2019 14:58:57 GMT+0200 (CEST);Wed Oct 02 2019 12:58:57 GMT+0200 (CEST);1570021137000;0.14;26.12;11.38
1380556831572750;19.4;31;Wed Oct 02 2019 15:00:52 GMT+0200 (CEST);Wed Oct 02 2019 13:00:52 GMT+0200 (CEST);1570021252000;0.13;26.27;11.23
1380556831572750;19.4;31.3;Wed Oct 02 2019 15:02:45 GMT+0200 (CEST);Wed Oct 02 2019 13:02:45 GMT+0200 (CEST);1570021365000;0.17;32.38;11.09
1380556831572750;19.4;31.5;Wed Oct 02 2019 15:04:38 GMT+0200 (CEST);Wed Oct 02 2019 13:04:38 GMT+0200 (CEST);1570021478000;0.19;36.83;11.03
1380556831572750;19.4;31.4;Wed Oct 02 2019 15:07:08 GMT+0200 (CEST);Wed Oct 02 2019 13:07:08 GMT+0200 (CEST);1570021628000;0.17;32.12;10.98
1380556831572750;17.9;31.9;Wed Oct 02 2019 15:09:10 GMT+0200 (CEST);Wed Oct 02 2019 13:09:10 GMT+0200 (CEST);1570021750000;0.16;29.89;10.93
1380556831572750;17.9;31.2;Wed Oct 02 2019 15:11:09 GMT+0200 (CEST);Wed Oct 02 2019 13:11:09 GMT+0200 (CEST);1570021869000;0.14;28.22;10.89
1380556831572750;17.9;31.1;Wed Oct 02 2019 15:13:02 GMT+0200 (CEST);Wed Oct 02 2019 13:13:02 GMT+0200 (CEST);1570021982000;0.14;27.18;10.89
1380556831572750;16.9;31.1;Wed Oct 02 2019 15:15:12 GMT+0200 (CEST);Wed Oct 02 2019 13:15:12 GMT+0200 (CEST);1570022112000;0.12;23.82;10.85
1380556831572750;16.9;31;Wed Oct 02 2019 15:17:10 GMT+0200 (CEST);Wed Oct 02 2019 13:17:10 GMT+0200 (CEST);1570022230000;0.18;34.37;10.79
1380556831572750;16.9;31.4;Wed Oct 02 2019 15:19:03 GMT+0200 (CEST);Wed Oct 02 2019 13:19:03 GMT+0200 (CEST);1570022343000;0.19;36;10.82
1380556831572750;16.9;31.7;Wed Oct 02 2019 15:20:56 GMT+0200 (CEST);Wed Oct 02 2019 13:20:56 GMT+0200 (CEST);1570022456000;0.2;38.43;10.83
1380556831572750;16.9;31.8;Wed Oct 02 2019 15:22:43 GMT+0200 (CEST);Wed Oct 02 2019 13:22:43 GMT+0200 (CEST);1570022563000;0.17;31.82;10.8
1380556831572750;16.9;31.2;Wed Oct 02 2019 15:24:40 GMT+0200 (CEST);Wed Oct 02 2019 13:24:40 GMT+0200 (CEST);1570022680000;0.13;24.82;10.8
1380556831572750;16.9;31;Wed Oct 02 2019 15:28:33 GMT+0200 (CEST);Wed Oct 02 2019 13:28:33 GMT+0200 (CEST);1570022913000;0.1;19.33;10.75
1380556831572750;16.9;31.1;Wed Oct 02 2019 15:31:06 GMT+0200 (CEST);Wed Oct 02 2019 13:31:06 GMT+0200 (CEST);1570023066000;0.16;31.2;10.71
1380556831572750;16.9;31.5;Wed Oct 02 2019 15:32:59 GMT+0200 (CEST);Wed Oct 02 2019 13:32:59 GMT+0200 (CEST);1570023179000;0.17;32.51;10.69
1380556831572750;16.9;31.1;Wed Oct 02 2019 15:34:55 GMT+0200 (CEST);Wed Oct 02 2019 13:34:55 GMT+0200 (CEST);1570023295000;0.17;32.45;10.67
1380556831572750;16.9;31.2;Wed Oct 02 2019 15:36:48 GMT+0200 (CEST);Wed Oct 02 2019 13:36:48 GMT+0200 (CEST);1570023408000;0.19;34.13;10.61
1380556831572750;16.9;31.2;Wed Oct 02 2019 15:39:10 GMT+0200 (CEST);Wed Oct 02 2019 13:39:10 GMT+0200 (CEST);1570023550000;0.15;29.03;10.43
1380556831572750;16.9;31.2;Wed Oct 02 2019 15:41:03 GMT+0200 (CEST);Wed Oct 02 2019 13:41:03 GMT+0200 (CEST);1570023663000;0.18;33.64;10.39
1380556831572750;16.9;31.6;Wed Oct 02 2019 15:42:57 GMT+0200 (CEST);Wed Oct 02 2019 13:42:57 GMT+0200 (CEST);1570023777000;0.17;32.49;10.38
1380556831572750;16.9;31.2;Wed Oct 02 2019 15:44:52 GMT+0200 (CEST);Wed Oct 02 2019 13:44:52 GMT+0200 (CEST);1570023892000;0.16;29.84;10.34
1380556831572750;16.9;31.3;Wed Oct 02 2019 15:47:01 GMT+0200 (CEST);Wed Oct 02 2019 13:47:01 GMT+0200 (CEST);1570024021000;0.12;23.23;10.24
1380556831572750;16.9;30.9;Wed Oct 02 2019 15:48:55 GMT+0200 (CEST);Wed Oct 02 2019 13:48:55 GMT+0200 (CEST);1570024135000;0.11;22.57;10.17
1380556831572750;16.9;31;Wed Oct 02 2019 15:50:48 GMT+0200 (CEST);Wed Oct 02 2019 13:50:48 GMT+0200 (CEST);1570024248000;0.12;24.46;10.15
1380556831572750;16.9;31.2;Wed Oct 02 2019 15:52:42 GMT+0200 (CEST);Wed Oct 02 2019 13:52:42 GMT+0200 (CEST);1570024362000;0.13;26.2;10.14
1380556831572750;16.9;31.5;Wed Oct 02 2019 15:54:37 GMT+0200 (CEST);Wed Oct 02 2019 13:54:37 GMT+0200 (CEST);1570024477000;0.13;25.28;10.13
1380556831572750;16.9;31;Wed Oct 02 2019 15:56:33 GMT+0200 (CEST);Wed Oct 02 2019 13:56:33 GMT+0200 (CEST);1570024593000;0.09;20.48;10.06
1380556831572750;16.9;30.8;Wed Oct 02 2019 15:58:26 GMT+0200 (CEST);Wed Oct 02 2019 13:58:26 GMT+0200 (CEST);1570024706000;0.09;19.15;9.97
1380556831572750;16.9;30.9;Wed Oct 02 2019 16:00:50 GMT+0200 (CEST);Wed Oct 02 2019 14:00:50 GMT+0200 (CEST);1570024850000;0.09;19.22;9.99
1380556831572750;16.9;31;Wed Oct 02 2019 16:02:48 GMT+0200 (CEST);Wed Oct 02 2019 14:02:48 GMT+0200 (CEST);1570024968000;0.09;18.78;9.99
1380556831572750;16.9;30.8;Wed Oct 02 2019 16:04:48 GMT+0200 (CEST);Wed Oct 02 2019 14:04:48 GMT+0200 (CEST);1570025088000;0.08;16.87;9.99
1380556831572750;16.9;30.5;Wed Oct 02 2019 16:06:52 GMT+0200 (CEST);Wed Oct 02 2019 14:06:52 GMT+0200 (CEST);1570025212000;0.09;18.61;9.91
1380556831572750;16.9;30.2;Wed Oct 02 2019 16:08:45 GMT+0200 (CEST);Wed Oct 02 2019 14:08:45 GMT+0200 (CEST);1570025325000;0.1;19.44;9.81
1380556831572750;15.9;30.3;Wed Oct 02 2019 16:10:52 GMT+0200 (CEST);Wed Oct 02 2019 14:10:52 GMT+0200 (CEST);1570025452000;0.09;18.35;9.75
1380556831572750;15.9;30.3;Wed Oct 02 2019 16:12:49 GMT+0200 (CEST);Wed Oct 02 2019 14:12:49 GMT+0200 (CEST);1570025569000;0.09;17.44;9.73
1380556831572750;15.9;30.3;Wed Oct 02 2019 16:14:43 GMT+0200 (CEST);Wed Oct 02 2019 14:14:43 GMT+0200 (CEST);1570025683000;0.11;21.51;9.69
1380556831572750;15.9;30.2;Wed Oct 02 2019 16:16:40 GMT+0200 (CEST);Wed Oct 02 2019 14:16:40 GMT+0200 (CEST);1570025800000;0.12;25.87;9.68
1380556831572750;15.9;31.3;Wed Oct 02 2019 16:18:37 GMT+0200 (CEST);Wed Oct 02 2019 14:18:37 GMT+0200 (CEST);1570025917000;0.17;33.65;9.69
1380556831572750;15.9;31.7;Wed Oct 02 2019 16:20:39 GMT+0200 (CEST);Wed Oct 02 2019 14:20:39 GMT+0200 (CEST);1570026039000;0.2;38.03;9.74
1380556831572750;15.9;31.9;Wed Oct 02 2019 16:22:41 GMT+0200 (CEST);Wed Oct 02 2019 14:22:41 GMT+0200 (CEST);1570026161000;0.2;38.19;9.8
1380556831572750;15.9;32.4;Wed Oct 02 2019 16:24:35 GMT+0200 (CEST);Wed Oct 02 2019 14:24:35 GMT+0200 (CEST);1570026275000;0.21;40.69;9.85
1380556831572750;15.9;32.5;Wed Oct 02 2019 16:26:40 GMT+0200 (CEST);Wed Oct 02 2019 14:26:40 GMT+0200 (CEST);1570026400000;0.24;46;9.92
1380556831572750;15.9;32.8;Wed Oct 02 2019 16:28:36 GMT+0200 (CEST);Wed Oct 02 2019 14:28:36 GMT+0200 (CEST);1570026516000;0.25;49.65;9.98
1380556831572750;16.9;33.2;Wed Oct 02 2019 16:30:39 GMT+0200 (CEST);Wed Oct 02 2019 14:30:39 GMT+0200 (CEST);1570026639000;0.29;57.13;10.1
1380556831572750;16.9;33.3;Wed Oct 02 2019 16:32:34 GMT+0200 (CEST);Wed Oct 02 2019 14:32:34 GMT+0200 (CEST);1570026754000;0.34;68.19;10.14
1380556831572750;16.9;33.4;Wed Oct 02 2019 16:34:29 GMT+0200 (CEST);Wed Oct 02 2019 14:34:29 GMT+0200 (CEST);1570026869000;0.36;69;10.21
1380556831572750;16.9;33.6;Wed Oct 02 2019 16:36:29 GMT+0200 (CEST);Wed Oct 02 2019 14:36:29 GMT+0200 (CEST);1570026989000;0.26;50.58;10.27
1380556831572750;16.9;32.3;Wed Oct 02 2019 16:38:23 GMT+0200 (CEST);Wed Oct 02 2019 14:38:23 GMT+0200 (CEST);1570027103000;0.21;42.21;10.28
1380556831572750;18.4;32.6;Wed Oct 02 2019 16:40:33 GMT+0200 (CEST);Wed Oct 02 2019 14:40:33 GMT+0200 (CEST);1570027233000;0.29;61.44;10.22
1380556831572750;18.4;33.7;Wed Oct 02 2019 16:42:57 GMT+0200 (CEST);Wed Oct 02 2019 14:42:57 GMT+0200 (CEST);1570027377000;0.4;81.05;10.29
1380556831572750;16.9;33.9;Wed Oct 02 2019 16:44:52 GMT+0200 (CEST);Wed Oct 02 2019 14:44:52 GMT+0200 (CEST);1570027492000;0.51;103.7;10.39
1380556831572750;16.9;34.2;Wed Oct 02 2019 16:46:46 GMT+0200 (CEST);Wed Oct 02 2019 14:46:46 GMT+0200 (CEST);1570027606000;0.59;119.28;10.53
1380556831572750;19.4;34.5;Wed Oct 02 2019 16:48:53 GMT+0200 (CEST);Wed Oct 02 2019 14:48:53 GMT+0200 (CEST);1570027733000;0.56;115.94;10.63
1380556831572750;19.4;34.3;Wed Oct 02 2019 16:50:51 GMT+0200 (CEST);Wed Oct 02 2019 14:50:51 GMT+0200 (CEST);1570027851000;0.56;113.17;10.77
1380556831572750;19.4;34.4;Wed Oct 02 2019 16:52:50 GMT+0200 (CEST);Wed Oct 02 2019 14:52:50 GMT+0200 (CEST);1570027970000;0.58;119.3;10.9
1380556831572750;19.4;34.4;Wed Oct 02 2019 16:54:47 GMT+0200 (CEST);Wed Oct 02 2019 14:54:47 GMT+0200 (CEST);1570028087000;0.59;120.52;10.92
1380556831572750;19.4;34.3;Wed Oct 02 2019 16:56:44 GMT+0200 (CEST);Wed Oct 02 2019 14:56:44 GMT+0200 (CEST);1570028204000;0.55;113.63;11
1380556831572750;19.9;34.2;Wed Oct 02 2019 16:58:39 GMT+0200 (CEST);Wed Oct 02 2019 14:58:39 GMT+0200 (CEST);1570028319000;0.51;108.2;11.04
1380556831572750;19.9;33.9;Wed Oct 02 2019 17:00:31 GMT+0200 (CEST);Wed Oct 02 2019 15:00:31 GMT+0200 (CEST);1570028431000;0.52;106.97;11
1380556831572750;19.9;34.2;Wed Oct 02 2019 17:02:24 GMT+0200 (CEST);Wed Oct 02 2019 15:02:24 GMT+0200 (CEST);1570028544000;0.52;106.24;11.03
1380556831572750;19.9;34;Wed Oct 02 2019 17:04:24 GMT+0200 (CEST);Wed Oct 02 2019 15:04:24 GMT+0200 (CEST);1570028664000;0.51;104.84;11.06
1380556831572750;19.9;34.1;Wed Oct 02 2019 17:06:26 GMT+0200 (CEST);Wed Oct 02 2019 15:06:26 GMT+0200 (CEST);1570028786000;0.54;114.5;11.1
1380556831572750;19.9;34.3;Wed Oct 02 2019 17:08:21 GMT+0200 (CEST);Wed Oct 02 2019 15:08:21 GMT+0200 (CEST);1570028901000;0.6;125.08;11.12
1380556831572750;19.9;34.5;Wed Oct 02 2019 17:10:24 GMT+0200 (CEST);Wed Oct 02 2019 15:10:24 GMT+0200 (CEST);1570029024000;0.62;133.01;11.13
1380556831572750;21.5;34.7;Wed Oct 02 2019 17:12:17 GMT+0200 (CEST);Wed Oct 02 2019 15:12:17 GMT+0200 (CEST);1570029137000;0.59;124.1;11.11
1380556831572750;21.5;34.6;Wed Oct 02 2019 17:14:09 GMT+0200 (CEST);Wed Oct 02 2019 15:14:09 GMT+0200 (CEST);1570029249000;0.61;130.39;11.11
1380556831572750;21.5;34.6;Wed Oct 02 2019 17:16:05 GMT+0200 (CEST);Wed Oct 02 2019 15:16:05 GMT+0200 (CEST);1570029365000;0.62;131.95;11.19
1380556831572750;21.5;34.6;Wed Oct 02 2019 17:18:04 GMT+0200 (CEST);Wed Oct 02 2019 15:18:04 GMT+0200 (CEST);1570029484000;0.63;134.58;11.22
1380556831572750;21.5;34.6;Wed Oct 02 2019 17:20:09 GMT+0200 (CEST);Wed Oct 02 2019 15:20:09 GMT+0200 (CEST);1570029609000;0.61;127.86;11.25
1380556831572750;21.5;34.6;Wed Oct 02 2019 17:22:21 GMT+0200 (CEST);Wed Oct 02 2019 15:22:21 GMT+0200 (CEST);1570029741000;0.59;124.2;11.35
1380556831572750;21.5;35.7;Wed Oct 02 2019 17:24:13 GMT+0200 (CEST);Wed Oct 02 2019 15:24:13 GMT+0200 (CEST);1570029853000;0.54;111.51;11.53
1380556831572750;21.5;34.2;Wed Oct 02 2019 17:26:12 GMT+0200 (CEST);Wed Oct 02 2019 15:26:12 GMT+0200 (CEST);1570029972000;0.49;105.6;11.55
1380556831572750;21.5;34.4;Wed Oct 02 2019 17:28:05 GMT+0200 (CEST);Wed Oct 02 2019 15:28:05 GMT+0200 (CEST);1570030085000;0.55;117.97;11.53
1380556831572750;21.5;35.8;Wed Oct 02 2019 17:29:57 GMT+0200 (CEST);Wed Oct 02 2019 15:29:57 GMT+0200 (CEST);1570030197000;0.61;128.4;11.47
1380556831572750;21.5;34.5;Wed Oct 02 2019 17:32:10 GMT+0200 (CEST);Wed Oct 02 2019 15:32:10 GMT+0200 (CEST);1570030330000;0.55;117.34;11.35
1380556831572750;21.5;34.7;Wed Oct 02 2019 17:34:05 GMT+0200 (CEST);Wed Oct 02 2019 15:34:05 GMT+0200 (CEST);1570030445000;0.89;107.74;11.29
1380556831572750;22;37.7;Wed Oct 02 2019 17:36:00 GMT+0200 (CEST);Wed Oct 02 2019 15:36:00 GMT+0200 (CEST);1570030560000;0.53;77.36;11.29
1380556831572750;22;33.9;Wed Oct 02 2019 17:37:57 GMT+0200 (CEST);Wed Oct 02 2019 15:37:57 GMT+0200 (CEST);1570030677000;0.41;60.59;11.2
1380556831572750;22;33.2;Wed Oct 02 2019 17:39:59 GMT+0200 (CEST);Wed Oct 02 2019 15:39:59 GMT+0200 (CEST);1570030799000;0.23;50.17;11.01
1380556831572750;21.5;32.7;Wed Oct 02 2019 17:41:53 GMT+0200 (CEST);Wed Oct 02 2019 15:41:53 GMT+0200 (CEST);1570030913000;0.2;44.53;10.81
1380556831572750;21.5;33.2;Wed Oct 02 2019 17:43:50 GMT+0200 (CEST);Wed Oct 02 2019 15:43:50 GMT+0200 (CEST);1570031030000;0.2;44.4;10.63
1380556831572750;19.4;32.6;Wed Oct 02 2019 17:45:44 GMT+0200 (CEST);Wed Oct 02 2019 15:45:44 GMT+0200 (CEST);1570031144000;0.22;46.78;10.46
1380556831572750;19.4;33;Wed Oct 02 2019 17:47:36 GMT+0200 (CEST);Wed Oct 02 2019 15:47:36 GMT+0200 (CEST);1570031256000;0.25;49.41;10.36
1380556831572750;19.4;33.7;Wed Oct 02 2019 17:49:41 GMT+0200 (CEST);Wed Oct 02 2019 15:49:41 GMT+0200 (CEST);1570031381000;0.29;56.77;10.25
1380556831572750;19.4;33.7;Wed Oct 02 2019 17:51:40 GMT+0200 (CEST);Wed Oct 02 2019 15:51:40 GMT+0200 (CEST);1570031500000;0.25;52.87;10.21
1380556831572750;19.4;32.8;Wed Oct 02 2019 17:53:34 GMT+0200 (CEST);Wed Oct 02 2019 15:53:34 GMT+0200 (CEST);1570031614000;0.21;44.93;10.16
1380556831572750;17.9;32.6;Wed Oct 02 2019 17:55:31 GMT+0200 (CEST);Wed Oct 02 2019 15:55:31 GMT+0200 (CEST);1570031731000;0.22;43.97;10.07
1380556831572750;17.9;33;Wed Oct 02 2019 17:57:30 GMT+0200 (CEST);Wed Oct 02 2019 15:57:30 GMT+0200 (CEST);1570031850000;0.23;47.04;9.99
1380556831572750;17.9;34.2;Wed Oct 02 2019 17:59:23 GMT+0200 (CEST);Wed Oct 02 2019 15:59:23 GMT+0200 (CEST);1570031963000;0.26;53.77;9.97
1380556831572750;17.9;33.9;Wed Oct 02 2019 18:01:46 GMT+0200 (CEST);Wed Oct 02 2019 16:01:46 GMT+0200 (CEST);1570032106000;0.27;56.15;10
1380556831572750;17.9;33.7;Wed Oct 02 2019 18:03:45 GMT+0200 (CEST);Wed Oct 02 2019 16:03:45 GMT+0200 (CEST);1570032225000;0.27;53.84;10.03
1380556831572750;17.4;34.7;Wed Oct 02 2019 18:05:39 GMT+0200 (CEST);Wed Oct 02 2019 16:05:39 GMT+0200 (CEST);1570032339000;0.32;60.52;10.11
1380556831572750;17.4;33.8;Wed Oct 02 2019 18:08:22 GMT+0200 (CEST);Wed Oct 02 2019 16:08:22 GMT+0200 (CEST);1570032502000;0.28;57.89;10.21
1380556831572750;19.4;32.9;Wed Oct 02 2019 18:10:23 GMT+0200 (CEST);Wed Oct 02 2019 16:10:23 GMT+0200 (CEST);1570032623000;0.19;41.94;10.19
1380556831572750;19.4;32.9;Wed Oct 02 2019 18:12:17 GMT+0200 (CEST);Wed Oct 02 2019 16:12:17 GMT+0200 (CEST);1570032737000;0.19;36.98;10.11
1380556831572750;16.9;33.5;Wed Oct 02 2019 18:14:10 GMT+0200 (CEST);Wed Oct 02 2019 16:14:10 GMT+0200 (CEST);1570032850000;0.16;33.05;10.03
1380556831572750;16.9;31.9;Wed Oct 02 2019 18:16:08 GMT+0200 (CEST);Wed Oct 02 2019 16:16:08 GMT+0200 (CEST);1570032968000;0.14;32.02;9.93
1380556831572750;16.9;32.3;Wed Oct 02 2019 18:18:20 GMT+0200 (CEST);Wed Oct 02 2019 16:18:20 GMT+0200 (CEST);1570033100000;0.12;26.71;9.84
1380556831572750;16.9;31.6;Wed Oct 02 2019 18:20:23 GMT+0200 (CEST);Wed Oct 02 2019 16:20:23 GMT+0200 (CEST);1570033223000;0.1;21.41;9.71
1380556831572750;16.9;31.4;Wed Oct 02 2019 18:22:17 GMT+0200 (CEST);Wed Oct 02 2019 16:22:17 GMT+0200 (CEST);1570033337000;0.09;19.11;9.6
1380556831572750;15.9;31.3;Wed Oct 02 2019 18:24:28 GMT+0200 (CEST);Wed Oct 02 2019 16:24:28 GMT+0200 (CEST);1570033468000;0.09;18.57;9.48
1380556831572750;15.9;31.2;Wed Oct 02 2019 18:26:22 GMT+0200 (CEST);Wed Oct 02 2019 16:26:22 GMT+0200 (CEST);1570033582000;0.09;18.07;9.42
1380556831572750;15.9;31.1;Wed Oct 02 2019 18:28:20 GMT+0200 (CEST);Wed Oct 02 2019 16:28:20 GMT+0200 (CEST);1570033700000;0.08;17.27;9.38
1380556831572750;15.9;31;Wed Oct 02 2019 18:30:22 GMT+0200 (CEST);Wed Oct 02 2019 16:30:22 GMT+0200 (CEST);1570033822000;0.08;15.9;9.34
1380556831572750;15.9;30.5;Wed Oct 02 2019 18:32:27 GMT+0200 (CEST);Wed Oct 02 2019 16:32:27 GMT+0200 (CEST);1570033947000;0.07;14.49;9.33
1380556831572750;15.4;28.8;Wed Oct 02 2019 18:34:25 GMT+0200 (CEST);Wed Oct 02 2019 16:34:25 GMT+0200 (CEST);1570034065000;0.07;12.96;9.31
1380556831572750;15.4;29.3;Wed Oct 02 2019 18:36:21 GMT+0200 (CEST);Wed Oct 02 2019 16:36:21 GMT+0200 (CEST);1570034181000;0;10.74;9.26
1380556831572750;13.9;27.8;Wed Oct 02 2019 18:38:17 GMT+0200 (CEST);Wed Oct 02 2019 16:38:17 GMT+0200 (CEST);1570034297000;0;9.49;9.19
1380556831572750;13.9;27.4;Wed Oct 02 2019 18:40:14 GMT+0200 (CEST);Wed Oct 02 2019 16:40:14 GMT+0200 (CEST);1570034414000;0;8.16;9.1
1380556831572750;13.4;27.8;Wed Oct 02 2019 18:42:10 GMT+0200 (CEST);Wed Oct 02 2019 16:42:10 GMT+0200 (CEST);1570034530000;0;7.47;9.07
1380556831572750;13.4;26.6;Wed Oct 02 2019 18:44:04 GMT+0200 (CEST);Wed Oct 02 2019 16:44:04 GMT+0200 (CEST);1570034644000;0;5.82;8.99
1380556831572750;13.4;26.5;Wed Oct 02 2019 18:46:04 GMT+0200 (CEST);Wed Oct 02 2019 16:46:04 GMT+0200 (CEST);1570034764000;0;5.12;9
1380556831572750;11.9;25.9;Wed Oct 02 2019 18:48:00 GMT+0200 (CEST);Wed Oct 02 2019 16:48:00 GMT+0200 (CEST);1570034880000;0;3.88;8.96
1380556831572750;11.9;25.9;Wed Oct 02 2019 18:50:04 GMT+0200 (CEST);Wed Oct 02 2019 16:50:04 GMT+0200 (CEST);1570035004000;0;2.81;8.9
1380556831572750;13.4;31.3;Wed Oct 02 2019 18:52:05 GMT+0200 (CEST);Wed Oct 02 2019 16:52:05 GMT+0200 (CEST);1570035125000;0;2.14;8.92
1380556831572750;13.4;30.2;Wed Oct 02 2019 18:53:57 GMT+0200 (CEST);Wed Oct 02 2019 16:53:57 GMT+0200 (CEST);1570035237000;0;1.54;8.97
1380556831572750;13.4;27.9;Wed Oct 02 2019 18:55:52 GMT+0200 (CEST);Wed Oct 02 2019 16:55:52 GMT+0200 (CEST);1570035352000;0;0.28;8.92
1380556831572750;13.4;26.7;Wed Oct 02 2019 18:57:45 GMT+0200 (CEST);Wed Oct 02 2019 16:57:45 GMT+0200 (CEST);1570035465000;0;-0.01;8.88
1380556831572750;13.4;26.7;Wed Oct 02 2019 18:59:43 GMT+0200 (CEST);Wed Oct 02 2019 16:59:43 GMT+0200 (CEST);1570035583000;0;-0.01;8.82
1380556831572750;13.4;26.7;Wed Oct 02 2019 19:01:36 GMT+0200 (CEST);Wed Oct 02 2019 17:01:36 GMT+0200 (CEST);1570035696000;0;-0.01;8.8
1380556831572750;9.4;29.1;Thu Oct 03 2019 07:44:02 GMT+0200 (CEST);Thu Oct 03 2019 05:44:02 GMT+0200 (CEST);1570081442000;0;10.22;6.74
1380556831572750;9.4;27.3;Thu Oct 03 2019 07:45:50 GMT+0200 (CEST);Thu Oct 03 2019 05:45:50 GMT+0200 (CEST);1570081550000;0;8.8;6.74
1380556831572750;9.4;27.3;Thu Oct 03 2019 07:47:43 GMT+0200 (CEST);Thu Oct 03 2019 05:47:43 GMT+0200 (CEST);1570081663000;0;7.89;6.75
1380556831572750;9.4;26.8;Thu Oct 03 2019 07:49:49 GMT+0200 (CEST);Thu Oct 03 2019 05:49:49 GMT+0200 (CEST);1570081789000;0;7.15;6.78
1380556831572750;9.4;27.8;Thu Oct 03 2019 07:51:42 GMT+0200 (CEST);Thu Oct 03 2019 05:51:42 GMT+0200 (CEST);1570081902000;0;7.05;6.77
1380556831572750;9.9;26.6;Thu Oct 03 2019 07:54:19 GMT+0200 (CEST);Thu Oct 03 2019 05:54:19 GMT+0200 (CEST);1570082059000;0;8.87;6.77
1380556831572750;9.9;24.7;Thu Oct 03 2019 07:56:15 GMT+0200 (CEST);Thu Oct 03 2019 05:56:15 GMT+0200 (CEST);1570082175000;0;11.03;6.79
1380556831572750;9.4;24.4;Thu Oct 03 2019 07:58:07 GMT+0200 (CEST);Thu Oct 03 2019 05:58:07 GMT+0200 (CEST);1570082287000;0;11.65;6.81
1380556831572750;9.4;23.9;Thu Oct 03 2019 08:00:14 GMT+0200 (CEST);Thu Oct 03 2019 06:00:14 GMT+0200 (CEST);1570082414000;0;12.53;6.82
1380556831572750;9.4;23.6;Thu Oct 03 2019 08:02:09 GMT+0200 (CEST);Thu Oct 03 2019 06:02:09 GMT+0200 (CEST);1570082529000;0;12.25;6.85
1380556831572750;9.4;22.9;Thu Oct 03 2019 08:04:01 GMT+0200 (CEST);Thu Oct 03 2019 06:04:01 GMT+0200 (CEST);1570082641000;0.07;13.13;6.85
1380556831572750;9.4;22.9;Thu Oct 03 2019 08:05:54 GMT+0200 (CEST);Thu Oct 03 2019 06:05:54 GMT+0200 (CEST);1570082754000;0.08;15.71;6.88
1380556831572750;9.4;19.6;Thu Oct 03 2019 08:07:46 GMT+0200 (CEST);Thu Oct 03 2019 06:07:46 GMT+0200 (CEST);1570082866000;0.1;19.06;6.92
1380556831572750;9.4;19.1;Thu Oct 03 2019 08:09:45 GMT+0200 (CEST);Thu Oct 03 2019 06:09:45 GMT+0200 (CEST);1570082985000;0.1;19.85;6.94
1380556831572750;9.4;19.1;Thu Oct 03 2019 08:11:39 GMT+0200 (CEST);Thu Oct 03 2019 06:11:39 GMT+0200 (CEST);1570083099000;0.11;21.11;6.97
1380556831572750;7.9;19.1;Thu Oct 03 2019 08:13:31 GMT+0200 (CEST);Thu Oct 03 2019 06:13:31 GMT+0200 (CEST);1570083211000;0.11;20.39;7
1380556831572750;7.9;19.3;Thu Oct 03 2019 08:15:24 GMT+0200 (CEST);Thu Oct 03 2019 06:15:24 GMT+0200 (CEST);1570083324000;0.09;17.42;7.04
1380556831572750;7.9;18;Thu Oct 03 2019 08:17:17 GMT+0200 (CEST);Thu Oct 03 2019 06:17:17 GMT+0200 (CEST);1570083437000;0.09;16.62;7.05
1380556831572750;7.9;17.6;Thu Oct 03 2019 08:19:20 GMT+0200 (CEST);Thu Oct 03 2019 06:19:20 GMT+0200 (CEST);1570083560000;0.08;15.54;7.07
1380556831572750;7.9;17.5;Thu Oct 03 2019 08:21:27 GMT+0200 (CEST);Thu Oct 03 2019 06:21:27 GMT+0200 (CEST);1570083687000;0.09;16.96;7.1
1380556831572750;7.9;17.5;Thu Oct 03 2019 08:23:20 GMT+0200 (CEST);Thu Oct 03 2019 06:23:20 GMT+0200 (CEST);1570083800000;0.1;18.57;7.1
1380556831572750;7.9;17.5;Thu Oct 03 2019 08:25:13 GMT+0200 (CEST);Thu Oct 03 2019 06:25:13 GMT+0200 (CEST);1570083913000;0.1;18.83;7.1
1380556831572750;9.4;31.7;Thu Oct 03 2019 08:36:32 GMT+0200 (CEST);Thu Oct 03 2019 06:36:32 GMT+0200 (CEST);1570084592000;0.13;28.41;7.21
1380556831572750;9.4;31.8;Thu Oct 03 2019 08:38:27 GMT+0200 (CEST);Thu Oct 03 2019 06:38:27 GMT+0200 (CEST);1570084707000;0.19;38.87;7.25
1380556831572750;13.4;32.4;Thu Oct 03 2019 08:40:24 GMT+0200 (CEST);Thu Oct 03 2019 06:40:24 GMT+0200 (CEST);1570084824000;0.18;37.28;7.29
1380556831572750;13.4;32.4;Thu Oct 03 2019 08:42:27 GMT+0200 (CEST);Thu Oct 03 2019 06:42:27 GMT+0200 (CEST);1570084947000;0.2;40.85;7.33
1380556831572750;13.9;32.8;Thu Oct 03 2019 08:44:24 GMT+0200 (CEST);Thu Oct 03 2019 06:44:24 GMT+0200 (CEST);1570085064000;0.24;47.85;7.39
1380556831572750;13.9;32.8;Thu Oct 03 2019 08:46:16 GMT+0200 (CEST);Thu Oct 03 2019 06:46:16 GMT+0200 (CEST);1570085176000;0.21;43.38;7.46
1380556831572750;13.9;32.4;Thu Oct 03 2019 08:48:10 GMT+0200 (CEST);Thu Oct 03 2019 06:48:10 GMT+0200 (CEST);1570085290000;0.19;40.34;7.5
1380556831572750;13.9;32.2;Thu Oct 03 2019 08:50:03 GMT+0200 (CEST);Thu Oct 03 2019 06:50:03 GMT+0200 (CEST);1570085403000;0.19;40.47;7.56
1380556831572750;13.9;32.3;Thu Oct 03 2019 08:51:56 GMT+0200 (CEST);Thu Oct 03 2019 06:51:56 GMT+0200 (CEST);1570085516000;0.19;38.88;7.6
1380556831572750;13.9;32.1;Thu Oct 03 2019 08:53:49 GMT+0200 (CEST);Thu Oct 03 2019 06:53:49 GMT+0200 (CEST);1570085629000;0.21;45.82;7.64
1380556831572750;13.9;33.2;Thu Oct 03 2019 08:56:03 GMT+0200 (CEST);Thu Oct 03 2019 06:56:03 GMT+0200 (CEST);1570085763000;0.35;72.59;7.71
1380556831572750;15.4;33.7;Thu Oct 03 2019 08:57:57 GMT+0200 (CEST);Thu Oct 03 2019 06:57:57 GMT+0200 (CEST);1570085877000;0.38;81.86;7.82
1380556831572750;15.4;34;Thu Oct 03 2019 08:59:50 GMT+0200 (CEST);Thu Oct 03 2019 06:59:50 GMT+0200 (CEST);1570085990000;0.37;76.26;7.89
1380556831572750;15.4;34;Thu Oct 03 2019 09:01:43 GMT+0200 (CEST);Thu Oct 03 2019 07:01:43 GMT+0200 (CEST);1570086103000;0.31;63.47;7.96
1380556831572750;15.9;33.6;Thu Oct 03 2019 09:03:51 GMT+0200 (CEST);Thu Oct 03 2019 07:03:51 GMT+0200 (CEST);1570086231000;0.3;64.05;8.03
1380556831572750;15.9;33.6;Thu Oct 03 2019 09:05:51 GMT+0200 (CEST);Thu Oct 03 2019 07:05:51 GMT+0200 (CEST);1570086351000;0.34;71.8;8.07
1380556831572750;15.9;33.8;Thu Oct 03 2019 09:07:43 GMT+0200 (CEST);Thu Oct 03 2019 07:07:43 GMT+0200 (CEST);1570086463000;0.34;72.58;8.14
1380556831572750;15.9;33.8;Thu Oct 03 2019 09:09:36 GMT+0200 (CEST);Thu Oct 03 2019 07:09:36 GMT+0200 (CEST);1570086576000;0.36;74.97;8.24
1380556831572750;15.9;34;Thu Oct 03 2019 09:11:32 GMT+0200 (CEST);Thu Oct 03 2019 07:11:32 GMT+0200 (CEST);1570086692000;0.33;71.85;8.31
1380556831572750;15.9;33.8;Thu Oct 03 2019 09:13:33 GMT+0200 (CEST);Thu Oct 03 2019 07:13:33 GMT+0200 (CEST);1570086813000;0.34;73.8;8.35
1380556831572750;15.9;33.8;Thu Oct 03 2019 09:15:27 GMT+0200 (CEST);Thu Oct 03 2019 07:15:27 GMT+0200 (CEST);1570086927000;0.37;79.47;8.42
1380556831572750;15.9;34;Thu Oct 03 2019 09:17:22 GMT+0200 (CEST);Thu Oct 03 2019 07:17:22 GMT+0200 (CEST);1570087042000;0.41;87.17;8.5
1380556831572750;15.9;34.5;Thu Oct 03 2019 09:19:35 GMT+0200 (CEST);Thu Oct 03 2019 07:19:35 GMT+0200 (CEST);1570087175000;0.5;108.48;8.59
1380556831572750;16.9;34.8;Thu Oct 03 2019 09:21:27 GMT+0200 (CEST);Thu Oct 03 2019 07:21:27 GMT+0200 (CEST);1570087287000;0.57;121.11;8.69
1380556831572750;16.9;35.2;Thu Oct 03 2019 09:23:20 GMT+0200 (CEST);Thu Oct 03 2019 07:23:20 GMT+0200 (CEST);1570087400000;0.61;127.85;8.78
1380556831572750;16.9;34.7;Thu Oct 03 2019 09:25:21 GMT+0200 (CEST);Thu Oct 03 2019 07:25:21 GMT+0200 (CEST);1570087521000;0.49;103.7;8.82
1380556831572750;16.9;34.4;Thu Oct 03 2019 09:27:15 GMT+0200 (CEST);Thu Oct 03 2019 07:27:15 GMT+0200 (CEST);1570087635000;0.51;115.81;8.82
1380556831572750;16.9;35;Thu Oct 03 2019 09:29:08 GMT+0200 (CEST);Thu Oct 03 2019 07:29:08 GMT+0200 (CEST);1570087748000;0.7;150.49;8.86
1380556831572750;17.9;35.2;Thu Oct 03 2019 09:31:02 GMT+0200 (CEST);Thu Oct 03 2019 07:31:02 GMT+0200 (CEST);1570087862000;0.81;176.52;8.99
1380556831572750;17.9;35.7;Thu Oct 03 2019 09:32:55 GMT+0200 (CEST);Thu Oct 03 2019 07:32:55 GMT+0200 (CEST);1570087975000;0.95;209.89;9.21
1380556831572750;17.9;35.7;Thu Oct 03 2019 09:34:49 GMT+0200 (CEST);Thu Oct 03 2019 07:34:49 GMT+0200 (CEST);1570088089000;1.04;226.63;9.39
1380556831572750;17.9;35.9;Thu Oct 03 2019 09:36:41 GMT+0200 (CEST);Thu Oct 03 2019 07:36:41 GMT+0200 (CEST);1570088201000;1.09;231.56;9.6
1380556831572750;17.9;35.6;Thu Oct 03 2019 09:38:35 GMT+0200 (CEST);Thu Oct 03 2019 07:38:35 GMT+0200 (CEST);1570088315000;1.06;225.4;9.81
1380556831572750;19.4;35.5;Thu Oct 03 2019 09:40:28 GMT+0200 (CEST);Thu Oct 03 2019 07:40:28 GMT+0200 (CEST);1570088428000;0.97;203.64;9.99
1380556831572750;19.4;35.1;Thu Oct 03 2019 09:42:22 GMT+0200 (CEST);Thu Oct 03 2019 07:42:22 GMT+0200 (CEST);1570088542000;0.93;194.36;10.16
1380556831572750;19.4;35.1;Thu Oct 03 2019 09:44:16 GMT+0200 (CEST);Thu Oct 03 2019 07:44:16 GMT+0200 (CEST);1570088656000;0.85;174.89;10.25
1380556831572750;19.9;34.8;Thu Oct 03 2019 09:46:08 GMT+0200 (CEST);Thu Oct 03 2019 07:46:08 GMT+0200 (CEST);1570088768000;0.78;160.66;10.31
1380556831572750;19.9;34.7;Thu Oct 03 2019 09:48:02 GMT+0200 (CEST);Thu Oct 03 2019 07:48:02 GMT+0200 (CEST);1570088882000;0.74;151.67;10.32
1380556831572750;19.4;34.7;Thu Oct 03 2019 09:49:57 GMT+0200 (CEST);Thu Oct 03 2019 07:49:57 GMT+0200 (CEST);1570088997000;0.79;162.94;10.28
1380556831572750;19.4;34.8;Thu Oct 03 2019 09:51:45 GMT+0200 (CEST);Thu Oct 03 2019 07:51:45 GMT+0200 (CEST);1570089105000;0.64;132.48;10.32
1380556831572750;19.4;34.4;Thu Oct 03 2019 09:53:38 GMT+0200 (CEST);Thu Oct 03 2019 07:53:38 GMT+0200 (CEST);1570089218000;0.65;133.58;10.31
1380556831572750;19.9;34.5;Thu Oct 03 2019 09:55:31 GMT+0200 (CEST);Thu Oct 03 2019 07:55:31 GMT+0200 (CEST);1570089331000;0.63;126.32;10.32
1380556831572750;19.9;34.4;Thu Oct 03 2019 09:57:37 GMT+0200 (CEST);Thu Oct 03 2019 07:57:37 GMT+0200 (CEST);1570089457000;0.62;128.03;10.34
1380556831572750;19.9;34.4;Thu Oct 03 2019 09:59:31 GMT+0200 (CEST);Thu Oct 03 2019 07:59:31 GMT+0200 (CEST);1570089571000;0.68;138.05;10.36
1380556831572750;19.9;34.7;Thu Oct 03 2019 10:01:24 GMT+0200 (CEST);Thu Oct 03 2019 08:01:24 GMT+0200 (CEST);1570089684000;0.59;120.22;10.37
1380556831572750;19.9;34.2;Thu Oct 03 2019 10:03:23 GMT+0200 (CEST);Thu Oct 03 2019 08:03:23 GMT+0200 (CEST);1570089803000;0.47;94.94;10.32
1380556831572750;19.9;34;Thu Oct 03 2019 10:05:18 GMT+0200 (CEST);Thu Oct 03 2019 08:05:18 GMT+0200 (CEST);1570089918000;0.53;107.89;10.17
1380556831572750;19.9;34.6;Thu Oct 03 2019 10:07:11 GMT+0200 (CEST);Thu Oct 03 2019 08:07:11 GMT+0200 (CEST);1570090031000;0.65;129.22;10.09
1380556831572750;19.9;34.7;Thu Oct 03 2019 10:09:04 GMT+0200 (CEST);Thu Oct 03 2019 08:09:04 GMT+0200 (CEST);1570090144000;0.71;139.56;10.07
1380556831572750;19.9;34.8;Thu Oct 03 2019 10:10:58 GMT+0200 (CEST);Thu Oct 03 2019 08:10:58 GMT+0200 (CEST);1570090258000;0.67;132.64;10.03
1380556831572750;19.9;34.6;Thu Oct 03 2019 10:12:50 GMT+0200 (CEST);Thu Oct 03 2019 08:12:50 GMT+0200 (CEST);1570090370000;0.63;126.3;10.05
1380556831572750;19.9;34.5;Thu Oct 03 2019 10:14:45 GMT+0200 (CEST);Thu Oct 03 2019 08:14:45 GMT+0200 (CEST);1570090485000;0.63;127.04;10.01
1380556831572750;19.9;34.3;Thu Oct 03 2019 10:16:38 GMT+0200 (CEST);Thu Oct 03 2019 08:16:38 GMT+0200 (CEST);1570090598000;0.64;127.03;9.96
1380556831572750;19.9;34.7;Thu Oct 03 2019 10:18:40 GMT+0200 (CEST);Thu Oct 03 2019 08:18:40 GMT+0200 (CEST);1570090720000;0.65;127.72;9.92
1380556831572750;19.9;34.5;Thu Oct 03 2019 10:20:36 GMT+0200 (CEST);Thu Oct 03 2019 08:20:36 GMT+0200 (CEST);1570090836000;0.63;127.75;9.94
1380556831572750;19.9;34.6;Thu Oct 03 2019 10:22:29 GMT+0200 (CEST);Thu Oct 03 2019 08:22:29 GMT+0200 (CEST);1570090949000;0.68;137.48;10.03
1380556831572750;19.9;34.7;Thu Oct 03 2019 10:24:23 GMT+0200 (CEST);Thu Oct 03 2019 08:24:23 GMT+0200 (CEST);1570091063000;0.76;152.28;10.08
1380556831572750;19.9;34.9;Thu Oct 03 2019 10:26:19 GMT+0200 (CEST);Thu Oct 03 2019 08:26:19 GMT+0200 (CEST);1570091179000;0.79;156.8;10.12
1380556831572750;19.9;34.8;Thu Oct 03 2019 10:28:13 GMT+0200 (CEST);Thu Oct 03 2019 08:28:13 GMT+0200 (CEST);1570091293000;0.74;145.88;10.17
1380556831572750;19.9;34.7;Thu Oct 03 2019 10:30:07 GMT+0200 (CEST);Thu Oct 03 2019 08:30:07 GMT+0200 (CEST);1570091407000;0.67;132.15;10.21
1380556831572750;19.9;34.6;Thu Oct 03 2019 10:32:02 GMT+0200 (CEST);Thu Oct 03 2019 08:32:02 GMT+0200 (CEST);1570091522000;0.69;139.77;10.26
1380556831572750;19.9;34.8;Thu Oct 03 2019 10:33:56 GMT+0200 (CEST);Thu Oct 03 2019 08:33:56 GMT+0200 (CEST);1570091636000;0.77;154.69;10.28
1380556831572750;19.9;34.9;Thu Oct 03 2019 10:35:50 GMT+0200 (CEST);Thu Oct 03 2019 08:35:50 GMT+0200 (CEST);1570091750000;0.77;155.83;10.37
1380556831572750;19.9;34.9;Thu Oct 03 2019 10:37:43 GMT+0200 (CEST);Thu Oct 03 2019 08:37:43 GMT+0200 (CEST);1570091863000;0.78;153.96;10.4
1380556831572750;19.9;34.7;Thu Oct 03 2019 10:39:38 GMT+0200 (CEST);Thu Oct 03 2019 08:39:38 GMT+0200 (CEST);1570091978000;0.69;135.62;10.45
1380556831572750;19.9;34.6;Thu Oct 03 2019 10:41:31 GMT+0200 (CEST);Thu Oct 03 2019 08:41:31 GMT+0200 (CEST);1570092091000;0.65;126.32;10.43
1380556831572750;19.9;34.4;Thu Oct 03 2019 10:43:27 GMT+0200 (CEST);Thu Oct 03 2019 08:43:27 GMT+0200 (CEST);1570092207000;0.64;126.8;10.47
1380556831572750;19.9;34.4;Thu Oct 03 2019 10:45:23 GMT+0200 (CEST);Thu Oct 03 2019 08:45:23 GMT+0200 (CEST);1570092323000;0.7;139.39;10.47
1380556831572750;19.9;34.8;Thu Oct 03 2019 10:47:16 GMT+0200 (CEST);Thu Oct 03 2019 08:47:16 GMT+0200 (CEST);1570092436000;0.76;150.67;10.54
1380556831572750;19.9;34.7;Thu Oct 03 2019 10:49:10 GMT+0200 (CEST);Thu Oct 03 2019 08:49:10 GMT+0200 (CEST);1570092550000;0.76;153.84;10.63
1380556831572750;21.5;34.8;Thu Oct 03 2019 10:51:02 GMT+0200 (CEST);Thu Oct 03 2019 08:51:02 GMT+0200 (CEST);1570092662000;0.84;168.49;10.73
1380556831572750;21.5;34.9;Thu Oct 03 2019 10:53:14 GMT+0200 (CEST);Thu Oct 03 2019 08:53:14 GMT+0200 (CEST);1570092794000;0.96;194.42;10.89
1380556831572750;21.5;35.1;Thu Oct 03 2019 10:55:08 GMT+0200 (CEST);Thu Oct 03 2019 08:55:08 GMT+0200 (CEST);1570092908000;1.05;211.69;11.05
1380556831572750;21.5;35.2;Thu Oct 03 2019 10:57:02 GMT+0200 (CEST);Thu Oct 03 2019 08:57:02 GMT+0200 (CEST);1570093022000;0.99;198.21;11.17
1380556831572750;21.5;34.9;Thu Oct 03 2019 10:58:56 GMT+0200 (CEST);Thu Oct 03 2019 08:58:56 GMT+0200 (CEST);1570093136000;0.99;198.93;11.28
1380556831572750;21.5;34.9;Thu Oct 03 2019 11:00:51 GMT+0200 (CEST);Thu Oct 03 2019 09:00:51 GMT+0200 (CEST);1570093251000;0.99;200.84;11.39
1380556831572750;21.5;34.9;Thu Oct 03 2019 11:02:44 GMT+0200 (CEST);Thu Oct 03 2019 09:02:44 GMT+0200 (CEST);1570093364000;1;201.72;11.49
1380556831572750;21.5;34.9;Thu Oct 03 2019 11:05:07 GMT+0200 (CEST);Thu Oct 03 2019 09:05:07 GMT+0200 (CEST);1570093507000;0.98;196.09;11.59
1380556831572750;21.5;34.8;Thu Oct 03 2019 11:07:01 GMT+0200 (CEST);Thu Oct 03 2019 09:07:01 GMT+0200 (CEST);1570093621000;0.93;186.36;11.66
1380556831572750;21.5;34.8;Thu Oct 03 2019 11:09:02 GMT+0200 (CEST);Thu Oct 03 2019 09:09:02 GMT+0200 (CEST);1570093742000;0.96;192.12;11.75
1380556831572750;22;34.8;Thu Oct 03 2019 11:10:54 GMT+0200 (CEST);Thu Oct 03 2019 09:10:54 GMT+0200 (CEST);1570093854000;0.98;195.29;11.82
1380556831572750;22;34.8;Thu Oct 03 2019 11:12:47 GMT+0200 (CEST);Thu Oct 03 2019 09:12:47 GMT+0200 (CEST);1570093967000;0.99;197.74;11.92
1380556831572750;22;34.8;Thu Oct 03 2019 11:14:40 GMT+0200 (CEST);Thu Oct 03 2019 09:14:40 GMT+0200 (CEST);1570094080000;0.98;195.19;11.96
1380556831572750;22;34.7;Thu Oct 03 2019 11:16:36 GMT+0200 (CEST);Thu Oct 03 2019 09:16:36 GMT+0200 (CEST);1570094196000;0.95;190.13;12.01
1380556831572750;22;34.7;Thu Oct 03 2019 11:18:32 GMT+0200 (CEST);Thu Oct 03 2019 09:18:32 GMT+0200 (CEST);1570094312000;0.97;198.05;12.1
1380556831572750;23.5;34.8;Thu Oct 03 2019 11:20:27 GMT+0200 (CEST);Thu Oct 03 2019 09:20:27 GMT+0200 (CEST);1570094427000;1.1;229.13;12.17
1380556831572750;23.5;35.1;Thu Oct 03 2019 11:22:20 GMT+0200 (CEST);Thu Oct 03 2019 09:22:20 GMT+0200 (CEST);1570094540000;1.19;236.46;12.32
1380556831572750;23.5;34.9;Thu Oct 03 2019 11:24:19 GMT+0200 (CEST);Thu Oct 03 2019 09:24:19 GMT+0200 (CEST);1570094659000;1.02;198.33;12.45
1380556831572750;23.5;34.5;Thu Oct 03 2019 11:26:12 GMT+0200 (CEST);Thu Oct 03 2019 09:26:12 GMT+0200 (CEST);1570094772000;0.9;177.79;12.41
1380556831572750;23.5;34.6;Thu Oct 03 2019 11:28:09 GMT+0200 (CEST);Thu Oct 03 2019 09:28:09 GMT+0200 (CEST);1570094889000;1.02;205.16;12.42
1380556831572750;23.5;35;Thu Oct 03 2019 11:30:03 GMT+0200 (CEST);Thu Oct 03 2019 09:30:03 GMT+0200 (CEST);1570095003000;1.15;222.36;12.44
1380556831572750;23.5;34.7;Thu Oct 03 2019 11:31:56 GMT+0200 (CEST);Thu Oct 03 2019 09:31:56 GMT+0200 (CEST);1570095116000;1;196.86;12.38
1380556831572750;23.5;35;Thu Oct 03 2019 11:33:55 GMT+0200 (CEST);Thu Oct 03 2019 09:33:55 GMT+0200 (CEST);1570095235000;1.21;237.77;12.3
1380556831572750;23.5;35.2;Thu Oct 03 2019 11:35:47 GMT+0200 (CEST);Thu Oct 03 2019 09:35:47 GMT+0200 (CEST);1570095347000;1.52;300.87;12.41
1380556831572750;23.5;35.3;Thu Oct 03 2019 11:37:44 GMT+0200 (CEST);Thu Oct 03 2019 09:37:44 GMT+0200 (CEST);1570095464000;1.58;303.78;12.71
1380556831572750;23.5;34.8;Thu Oct 03 2019 11:40:17 GMT+0200 (CEST);Thu Oct 03 2019 09:40:17 GMT+0200 (CEST);1570095617000;1.12;220.48;12.93
1380556831572750;23.5;34.6;Thu Oct 03 2019 11:42:11 GMT+0200 (CEST);Thu Oct 03 2019 09:42:11 GMT+0200 (CEST);1570095731000;1.02;201.22;12.95
1380556831572750;23.5;34.5;Thu Oct 03 2019 11:44:04 GMT+0200 (CEST);Thu Oct 03 2019 09:44:04 GMT+0200 (CEST);1570095844000;0.92;186.18;12.96
1380556831572750;24;34.5;Thu Oct 03 2019 11:46:00 GMT+0200 (CEST);Thu Oct 03 2019 09:46:00 GMT+0200 (CEST);1570095960000;0.94;192.63;12.96
1380556831572750;24;34.8;Thu Oct 03 2019 11:47:56 GMT+0200 (CEST);Thu Oct 03 2019 09:47:56 GMT+0200 (CEST);1570096076000;1.01;205.2;12.88
1380556831572750;24;34.8;Thu Oct 03 2019 11:49:52 GMT+0200 (CEST);Thu Oct 03 2019 09:49:52 GMT+0200 (CEST);1570096192000;1.03;210.25;12.84
1380556831572750;24;34.8;Thu Oct 03 2019 11:51:45 GMT+0200 (CEST);Thu Oct 03 2019 09:51:45 GMT+0200 (CEST);1570096305000;0.99;202.19;12.78
1380556831572750;24;34.9;Thu Oct 03 2019 11:54:07 GMT+0200 (CEST);Thu Oct 03 2019 09:54:07 GMT+0200 (CEST);1570096447000;1.09;226.31;12.58
1380556831572750;24;35.1;Thu Oct 03 2019 11:55:59 GMT+0200 (CEST);Thu Oct 03 2019 09:55:59 GMT+0200 (CEST);1570096559000;1.1;221.42;12.53
1380556831572750;24;34.7;Thu Oct 03 2019 11:57:52 GMT+0200 (CEST);Thu Oct 03 2019 09:57:52 GMT+0200 (CEST);1570096672000;0.96;200.58;12.5
1380556831572750;23;34.7;Thu Oct 03 2019 11:59:45 GMT+0200 (CEST);Thu Oct 03 2019 09:59:45 GMT+0200 (CEST);1570096785000;1.01;211.93;12.49
1380556831572750;23;34.7;Thu Oct 03 2019 12:01:39 GMT+0200 (CEST);Thu Oct 03 2019 10:01:39 GMT+0200 (CEST);1570096899000;1.1;239.7;12.5
1380556831572750;24;34.9;Thu Oct 03 2019 12:03:41 GMT+0200 (CEST);Thu Oct 03 2019 10:03:41 GMT+0200 (CEST);1570097021000;1.17;239.58;12.64
1380556831572750;24;34.9;Thu Oct 03 2019 12:05:34 GMT+0200 (CEST);Thu Oct 03 2019 10:05:34 GMT+0200 (CEST);1570097134000;1.17;238.79;12.67
1380556831572750;24;35.1;Thu Oct 03 2019 12:07:29 GMT+0200 (CEST);Thu Oct 03 2019 10:07:29 GMT+0200 (CEST);1570097249000;1.09;227.56;12.78
1380556831572750;24;35;Thu Oct 03 2019 12:09:28 GMT+0200 (CEST);Thu Oct 03 2019 10:09:28 GMT+0200 (CEST);1570097368000;1.06;218.86;12.8
1380556831572750;24;34.8;Thu Oct 03 2019 12:11:20 GMT+0200 (CEST);Thu Oct 03 2019 10:11:20 GMT+0200 (CEST);1570097480000;1.13;236.99;12.78
1380556831572750;24;35.1;Thu Oct 03 2019 12:13:15 GMT+0200 (CEST);Thu Oct 03 2019 10:13:15 GMT+0200 (CEST);1570097595000;1.34;275.5;12.82
1380556831572750;24;35.1;Thu Oct 03 2019 12:15:08 GMT+0200 (CEST);Thu Oct 03 2019 10:15:08 GMT+0200 (CEST);1570097708000;1.29;267.61;12.94
1380556831572750;24;34.9;Thu Oct 03 2019 12:17:01 GMT+0200 (CEST);Thu Oct 03 2019 10:17:01 GMT+0200 (CEST);1570097821000;1.32;270.59;12.95
1380556831572750;24;35.1;Thu Oct 03 2019 12:19:07 GMT+0200 (CEST);Thu Oct 03 2019 10:19:07 GMT+0200 (CEST);1570097947000;1.6;332.79;13
1380556831572750;24;35.7;Thu Oct 03 2019 12:21:00 GMT+0200 (CEST);Thu Oct 03 2019 10:21:00 GMT+0200 (CEST);1570098060000;2.03;430.07;13.19
1380556831572750;25.5;35.3;Thu Oct 03 2019 12:22:54 GMT+0200 (CEST);Thu Oct 03 2019 10:22:54 GMT+0200 (CEST);1570098174000;1.93;404.47;13.53
1380556831572750;25.5;35.2;Thu Oct 03 2019 12:24:47 GMT+0200 (CEST);Thu Oct 03 2019 10:24:47 GMT+0200 (CEST);1570098287000;2.04;430.07;14
1380556831572750;26;35;Thu Oct 03 2019 12:26:42 GMT+0200 (CEST);Thu Oct 03 2019 10:26:42 GMT+0200 (CEST);1570098402000;1.85;394.23;14.46
1380556831572750;26;35.1;Thu Oct 03 2019 12:28:36 GMT+0200 (CEST);Thu Oct 03 2019 10:28:36 GMT+0200 (CEST);1570098516000;1.96;412.15;14.62
1380556831572750;26;35;Thu Oct 03 2019 12:30:21 GMT+0200 (CEST);Thu Oct 03 2019 10:30:21 GMT+0200 (CEST);1570098621000;2.4;486.39;14.75
1380556831572750;27.5;35.6;Thu Oct 03 2019 12:32:14 GMT+0200 (CEST);Thu Oct 03 2019 10:32:14 GMT+0200 (CEST);1570098734000;2.1;419.83;15.17
1380556831572750;27.5;34.5;Thu Oct 03 2019 12:34:38 GMT+0200 (CEST);Thu Oct 03 2019 10:34:38 GMT+0200 (CEST);1570098878000;1.52;320.25;15.32
1380556831572750;28;34.3;Thu Oct 03 2019 12:36:31 GMT+0200 (CEST);Thu Oct 03 2019 10:36:31 GMT+0200 (CEST);1570098991000;1.52;337.91;15.01
1380556831572750;28;34.9;Thu Oct 03 2019 12:38:24 GMT+0200 (CEST);Thu Oct 03 2019 10:38:24 GMT+0200 (CEST);1570099104000;2.28;499.19;14.86
1380556831572750;28;34.9;Thu Oct 03 2019 12:40:17 GMT+0200 (CEST);Thu Oct 03 2019 10:40:17 GMT+0200 (CEST);1570099217000;2.24;486.39;14.81
1380556831572750;28;34.5;Thu Oct 03 2019 12:42:09 GMT+0200 (CEST);Thu Oct 03 2019 10:42:09 GMT+0200 (CEST);1570099329000;1.39;317.24;14.82
1380556831572750;28;34.3;Thu Oct 03 2019 12:44:03 GMT+0200 (CEST);Thu Oct 03 2019 10:44:03 GMT+0200 (CEST);1570099443000;1.16;246.37;14.7
1380556831572750;28;34.4;Thu Oct 03 2019 12:45:55 GMT+0200 (CEST);Thu Oct 03 2019 10:45:55 GMT+0200 (CEST);1570099555000;1.41;300.82;14.41
1380556831572750;28;34.5;Thu Oct 03 2019 12:47:49 GMT+0200 (CEST);Thu Oct 03 2019 10:47:49 GMT+0200 (CEST);1570099669000;1.62;332.79;14.25
1380556831572750;28;34.5;Thu Oct 03 2019 12:50:27 GMT+0200 (CEST);Thu Oct 03 2019 10:50:27 GMT+0200 (CEST);1570099827000;1.35;288.43;14.25
1380556831572750;28;34.9;Thu Oct 03 2019 12:52:25 GMT+0200 (CEST);Thu Oct 03 2019 10:52:25 GMT+0200 (CEST);1570099945000;1.51;337.91;14.27
1380556831572750;28;35;Thu Oct 03 2019 12:54:17 GMT+0200 (CEST);Thu Oct 03 2019 10:54:17 GMT+0200 (CEST);1570100057000;1.64;353.27;14.35
1380556831572750;28;35;Thu Oct 03 2019 12:56:10 GMT+0200 (CEST);Thu Oct 03 2019 10:56:10 GMT+0200 (CEST);1570100170000;1.76;748.49;14.48
1380556831572750;28;35.4;Thu Oct 03 2019 12:58:03 GMT+0200 (CEST);Thu Oct 03 2019 10:58:03 GMT+0200 (CEST);1570100283000;4.88;733.87;14.85
1380556831572750;28;35.2;Thu Oct 03 2019 12:59:55 GMT+0200 (CEST);Thu Oct 03 2019 10:59:55 GMT+0200 (CEST);1570100395000;2.68;511.99;15.38
1380556831572750;28;34.3;Thu Oct 03 2019 13:01:50 GMT+0200 (CEST);Thu Oct 03 2019 11:01:50 GMT+0200 (CEST);1570100510000;2.41;853.79;15.53
1380556831572750;28;34.8;Thu Oct 03 2019 13:03:43 GMT+0200 (CEST);Thu Oct 03 2019 11:03:43 GMT+0200 (CEST);1570100623000;1.72;376.31;15.62
1380556831572750;29.5;34.2;Thu Oct 03 2019 13:05:38 GMT+0200 (CEST);Thu Oct 03 2019 11:05:38 GMT+0200 (CEST);1570100738000;1.8;383.99;15.49
1380556831572750;29.5;34.4;Thu Oct 03 2019 13:07:31 GMT+0200 (CEST);Thu Oct 03 2019 11:07:31 GMT+0200 (CEST);1570100851000;1.56;320.96;15.17
1380556831572750;29.5;34.3;Thu Oct 03 2019 13:09:23 GMT+0200 (CEST);Thu Oct 03 2019 11:09:23 GMT+0200 (CEST);1570100963000;1.32;286.12;15.11
1380556831572750;29.5;34.5;Thu Oct 03 2019 13:11:16 GMT+0200 (CEST);Thu Oct 03 2019 11:11:16 GMT+0200 (CEST);1570101076000;1.19;250.17;15.17
1380556831572750;29.5;34.2;Thu Oct 03 2019 13:13:13 GMT+0200 (CEST);Thu Oct 03 2019 11:13:13 GMT+0200 (CEST);1570101193000;1.15;244.87;15.25
1380556831572750;29.5;34.3;Thu Oct 03 2019 13:15:07 GMT+0200 (CEST);Thu Oct 03 2019 11:15:07 GMT+0200 (CEST);1570101307000;1.4;297.93;15.18
1380556831572750;29.5;34.9;Thu Oct 03 2019 13:17:00 GMT+0200 (CEST);Thu Oct 03 2019 11:17:00 GMT+0200 (CEST);1570101420000;1.55;335.35;15.11
1380556831572750;29.5;35.7;Thu Oct 03 2019 13:18:53 GMT+0200 (CEST);Thu Oct 03 2019 11:18:53 GMT+0200 (CEST);1570101533000;1.83;381.43;15.08
1380556831572750;29.5;35.2;Thu Oct 03 2019 13:20:45 GMT+0200 (CEST);Thu Oct 03 2019 11:20:45 GMT+0200 (CEST);1570101645000;4.54;929.56;15.57
1380556831572750;29.5;34.5;Thu Oct 03 2019 13:22:40 GMT+0200 (CEST);Thu Oct 03 2019 11:22:40 GMT+0200 (CEST);1570101760000;2.04;417.27;15.97
1380556831572750;29.5;34.7;Thu Oct 03 2019 13:24:32 GMT+0200 (CEST);Thu Oct 03 2019 11:24:32 GMT+0200 (CEST);1570101872000;1.72;371.19;16.04
1380556831572750;29.5;34.2;Thu Oct 03 2019 13:26:25 GMT+0200 (CEST);Thu Oct 03 2019 11:26:25 GMT+0200 (CEST);1570101985000;1.42;302.37;15.82
1380556831572750;29.5;34.1;Thu Oct 03 2019 13:28:17 GMT+0200 (CEST);Thu Oct 03 2019 11:28:17 GMT+0200 (CEST);1570102097000;1.3;274.71;15.53
1380556831572750;30;34.3;Thu Oct 03 2019 13:30:10 GMT+0200 (CEST);Thu Oct 03 2019 11:30:10 GMT+0200 (CEST);1570102210000;1.39;293.58;15.51
1380556831572750;30;34.4;Thu Oct 03 2019 13:32:03 GMT+0200 (CEST);Thu Oct 03 2019 11:32:03 GMT+0200 (CEST);1570102323000;1.41;296.79;15.26
1380556831572750;29.5;34.5;Thu Oct 03 2019 13:33:56 GMT+0200 (CEST);Thu Oct 03 2019 11:33:56 GMT+0200 (CEST);1570102436000;1.45;306.74;15.12
1380556831572750;29.5;34.5;Thu Oct 03 2019 13:35:48 GMT+0200 (CEST);Thu Oct 03 2019 11:35:48 GMT+0200 (CEST);1570102548000;1.48;303.52;15.07
1380556831572750;29.5;34.6;Thu Oct 03 2019 13:37:42 GMT+0200 (CEST);Thu Oct 03 2019 11:37:42 GMT+0200 (CEST);1570102662000;1.41;290.59;14.96
1380556831572750;29.5;34.4;Thu Oct 03 2019 13:39:34 GMT+0200 (CEST);Thu Oct 03 2019 11:39:34 GMT+0200 (CEST);1570102774000;1.31;263.52;14.99
1380556831572750;29.5;34.4;Thu Oct 03 2019 13:41:19 GMT+0200 (CEST);Thu Oct 03 2019 11:41:19 GMT+0200 (CEST);1570102879000;1.07;221.01;15
1380556831572750;29.5;34.2;Thu Oct 03 2019 13:43:13 GMT+0200 (CEST);Thu Oct 03 2019 11:43:13 GMT+0200 (CEST);1570102993000;1.04;213.65;14.91
1380556831572750;29.5;34.4;Thu Oct 03 2019 13:45:05 GMT+0200 (CEST);Thu Oct 03 2019 11:45:05 GMT+0200 (CEST);1570103105000;1.07;222.99;14.67
1380556831572750;29.5;34.5;Thu Oct 03 2019 13:46:58 GMT+0200 (CEST);Thu Oct 03 2019 11:46:58 GMT+0200 (CEST);1570103218000;1.11;232.72;14.25
1380556831572750;27.5;34.5;Thu Oct 03 2019 13:49:04 GMT+0200 (CEST);Thu Oct 03 2019 11:49:04 GMT+0200 (CEST);1570103344000;1.12;236.66;14
1380556831572750;27.5;34.7;Thu Oct 03 2019 13:50:58 GMT+0200 (CEST);Thu Oct 03 2019 11:50:58 GMT+0200 (CEST);1570103458000;1.25;263.69;13.68
1380556831572750;27.5;34.9;Thu Oct 03 2019 13:53:03 GMT+0200 (CEST);Thu Oct 03 2019 11:53:03 GMT+0200 (CEST);1570103583000;1.31;272.97;13.59
1380556831572750;27.5;34.9;Thu Oct 03 2019 13:55:00 GMT+0200 (CEST);Thu Oct 03 2019 11:55:00 GMT+0200 (CEST);1570103700000;1.42;293.18;13.73
1380556831572750;26;34.9;Thu Oct 03 2019 13:56:52 GMT+0200 (CEST);Thu Oct 03 2019 11:56:52 GMT+0200 (CEST);1570103812000;1.34;280.07;13.78
1380556831572750;26;34.8;Thu Oct 03 2019 13:58:08 GMT+0200 (CEST);Thu Oct 03 2019 11:58:08 GMT+0200 (CEST);1570103888000;1.33;276.34;13.64
1380556831572750;26;34.8;Thu Oct 03 2019 14:00:04 GMT+0200 (CEST);Thu Oct 03 2019 12:00:04 GMT+0200 (CEST);1570104004000;1.22;257.75;13.71
1380556831572750;26;34.7;Thu Oct 03 2019 14:01:57 GMT+0200 (CEST);Thu Oct 03 2019 12:01:57 GMT+0200 (CEST);1570104117000;1.22;258.83;13.91
1380556831572750;26;34.8;Thu Oct 03 2019 14:03:52 GMT+0200 (CEST);Thu Oct 03 2019 12:03:52 GMT+0200 (CEST);1570104232000;1.46;316.46;14.28
1380556831572750;26;35.2;Thu Oct 03 2019 14:05:46 GMT+0200 (CEST);Thu Oct 03 2019 12:05:46 GMT+0200 (CEST);1570104346000;3.13;652.79;14.53
1380556831572750;26;34.5;Thu Oct 03 2019 14:08:09 GMT+0200 (CEST);Thu Oct 03 2019 12:08:09 GMT+0200 (CEST);1570104489000;1.2;247.6;14.93
1380556831572750;26;34.2;Thu Oct 03 2019 14:10:04 GMT+0200 (CEST);Thu Oct 03 2019 12:10:04 GMT+0200 (CEST);1570104604000;0.96;197.26;15.17
1380556831572750;27.5;34.1;Thu Oct 03 2019 14:11:57 GMT+0200 (CEST);Thu Oct 03 2019 12:11:57 GMT+0200 (CEST);1570104717000;1;205.16;15.17
1380556831572750;27.5;34.4;Thu Oct 03 2019 14:13:52 GMT+0200 (CEST);Thu Oct 03 2019 12:13:52 GMT+0200 (CEST);1570104832000;1.09;221.91;15.1
1380556831572750;27.5;34.5;Thu Oct 03 2019 14:15:45 GMT+0200 (CEST);Thu Oct 03 2019 12:15:45 GMT+0200 (CEST);1570104945000;1.11;225.03;15.04
1380556831572750;27.5;34.5;Thu Oct 03 2019 14:17:38 GMT+0200 (CEST);Thu Oct 03 2019 12:17:38 GMT+0200 (CEST);1570105058000;1.17;235.03;14.9
1380556831572750;27.5;34.5;Thu Oct 03 2019 14:19:31 GMT+0200 (CEST);Thu Oct 03 2019 12:19:31 GMT+0200 (CEST);1570105171000;1.06;219.44;14.9
1380556831572750;26;34.1;Thu Oct 03 2019 14:21:23 GMT+0200 (CEST);Thu Oct 03 2019 12:21:23 GMT+0200 (CEST);1570105283000;0.87;175.76;14.89
1380556831572750;26;34;Thu Oct 03 2019 14:23:39 GMT+0200 (CEST);Thu Oct 03 2019 12:23:39 GMT+0200 (CEST);1570105419000;0.79;162.25;14.79
1380556831572750;26;34.1;Thu Oct 03 2019 14:25:32 GMT+0200 (CEST);Thu Oct 03 2019 12:25:32 GMT+0200 (CEST);1570105532000;0.78;158.22;14.67
1380556831572750;26;34.1;Thu Oct 03 2019 14:27:25 GMT+0200 (CEST);Thu Oct 03 2019 12:27:25 GMT+0200 (CEST);1570105645000;0.74;150.65;14.58
1380556831572750;26;34.1;Thu Oct 03 2019 14:29:19 GMT+0200 (CEST);Thu Oct 03 2019 12:29:19 GMT+0200 (CEST);1570105759000;0.76;153.62;14.42
1380556831572750;25.5;34.1;Thu Oct 03 2019 14:31:22 GMT+0200 (CEST);Thu Oct 03 2019 12:31:22 GMT+0200 (CEST);1570105882000;0.74;149.63;14.24
1380556831572750;25.5;34.1;Thu Oct 03 2019 14:33:21 GMT+0200 (CEST);Thu Oct 03 2019 12:33:21 GMT+0200 (CEST);1570106001000;0.8;163.18;13.96
1380556831572750;25;34.5;Thu Oct 03 2019 14:35:15 GMT+0200 (CEST);Thu Oct 03 2019 12:35:15 GMT+0200 (CEST);1570106115000;0.9;183.6;13.86
1380556831572750;25;34.7;Thu Oct 03 2019 14:37:07 GMT+0200 (CEST);Thu Oct 03 2019 12:37:07 GMT+0200 (CEST);1570106227000;0.98;200.67;13.8
1380556831572750;25;35.1;Thu Oct 03 2019 14:39:51 GMT+0200 (CEST);Thu Oct 03 2019 12:39:51 GMT+0200 (CEST);1570106391000;1.24;255.13;13.78
1380556831572750;25;35.1;Thu Oct 03 2019 14:41:45 GMT+0200 (CEST);Thu Oct 03 2019 12:41:45 GMT+0200 (CEST);1570106505000;1.21;247.81;13.8
1380556831572750;25;34.9;Thu Oct 03 2019 14:43:46 GMT+0200 (CEST);Thu Oct 03 2019 12:43:46 GMT+0200 (CEST);1570106626000;1.09;222.35;13.7
1380556831572750;25;35;Thu Oct 03 2019 14:45:41 GMT+0200 (CEST);Thu Oct 03 2019 12:45:41 GMT+0200 (CEST);1570106741000;1.07;220.34;13.71
1380556831572750;25;34.6;Thu Oct 03 2019 14:47:37 GMT+0200 (CEST);Thu Oct 03 2019 12:47:37 GMT+0200 (CEST);1570106857000;1.03;210.85;13.71
1380556831572750;25;34.5;Thu Oct 03 2019 14:49:29 GMT+0200 (CEST);Thu Oct 03 2019 12:49:29 GMT+0200 (CEST);1570106969000;0.97;201.38;13.75
1380556831572750;25;34.5;Thu Oct 03 2019 14:51:22 GMT+0200 (CEST);Thu Oct 03 2019 12:51:22 GMT+0200 (CEST);1570107082000;1.04;214.05;13.87
1380556831572750;25.5;34.5;Thu Oct 03 2019 14:53:18 GMT+0200 (CEST);Thu Oct 03 2019 12:53:18 GMT+0200 (CEST);1570107198000;1.01;206.91;13.81
1380556831572750;25.5;34.5;Thu Oct 03 2019 14:55:13 GMT+0200 (CEST);Thu Oct 03 2019 12:55:13 GMT+0200 (CEST);1570107313000;0.95;196.32;13.85
1380556831572750;25.5;34.1;Thu Oct 03 2019 14:57:09 GMT+0200 (CEST);Thu Oct 03 2019 12:57:09 GMT+0200 (CEST);1570107429000;0.83;170.24;13.67
1380556831572750;24;33.9;Thu Oct 03 2019 14:59:01 GMT+0200 (CEST);Thu Oct 03 2019 12:59:01 GMT+0200 (CEST);1570107541000;0.67;132.87;13.46
1380556831572750;24;33.6;Thu Oct 03 2019 15:01:03 GMT+0200 (CEST);Thu Oct 03 2019 13:01:03 GMT+0200 (CEST);1570107663000;0.53;107.58;13.14
1380556831572750;24;33.5;Thu Oct 03 2019 15:02:56 GMT+0200 (CEST);Thu Oct 03 2019 13:02:56 GMT+0200 (CEST);1570107776000;0.49;96.51;13
1380556831572750;24;33.3;Thu Oct 03 2019 15:04:52 GMT+0200 (CEST);Thu Oct 03 2019 13:04:52 GMT+0200 (CEST);1570107892000;0.43;84.85;12.88
1380556831572750;23.5;33.3;Thu Oct 03 2019 15:07:02 GMT+0200 (CEST);Thu Oct 03 2019 13:07:02 GMT+0200 (CEST);1570108022000;0.42;82.62;12.78
1380556831572750;23.5;33;Thu Oct 03 2019 15:08:55 GMT+0200 (CEST);Thu Oct 03 2019 13:08:55 GMT+0200 (CEST);1570108135000;0.41;81.56;12.72
1380556831572750;23.5;33.1;Thu Oct 03 2019 15:10:48 GMT+0200 (CEST);Thu Oct 03 2019 13:10:48 GMT+0200 (CEST);1570108248000;0.44;87.55;12.65
1380556831572750;23.5;33.6;Thu Oct 03 2019 15:12:41 GMT+0200 (CEST);Thu Oct 03 2019 13:12:41 GMT+0200 (CEST);1570108361000;0.46;91.58;12.61
1380556831572750;23.5;33.6;Thu Oct 03 2019 15:14:35 GMT+0200 (CEST);Thu Oct 03 2019 13:14:35 GMT+0200 (CEST);1570108475000;0.48;98.01;12.5
1380556831572750;23.5;33.9;Thu Oct 03 2019 15:16:27 GMT+0200 (CEST);Thu Oct 03 2019 13:16:27 GMT+0200 (CEST);1570108587000;0.54;109.1;12.32
1380556831572750;23.5;34;Thu Oct 03 2019 15:18:23 GMT+0200 (CEST);Thu Oct 03 2019 13:18:23 GMT+0200 (CEST);1570108703000;0.59;118.7;12.26
1380556831572750;23.5;34;Thu Oct 03 2019 15:20:16 GMT+0200 (CEST);Thu Oct 03 2019 13:20:16 GMT+0200 (CEST);1570108816000;0.63;128.76;12.26
1380556831572750;22;34.1;Thu Oct 03 2019 15:22:09 GMT+0200 (CEST);Thu Oct 03 2019 13:22:09 GMT+0200 (CEST);1570108929000;0.64;133.21;12.32
1380556831572750;22;34.3;Thu Oct 03 2019 15:24:03 GMT+0200 (CEST);Thu Oct 03 2019 13:24:03 GMT+0200 (CEST);1570109043000;0.69;144.7;12.34
1380556831572750;22;34.3;Thu Oct 03 2019 15:25:56 GMT+0200 (CEST);Thu Oct 03 2019 13:25:56 GMT+0200 (CEST);1570109156000;0.69;141.38;12.36
1380556831572750;22;34;Thu Oct 03 2019 15:27:49 GMT+0200 (CEST);Thu Oct 03 2019 13:27:49 GMT+0200 (CEST);1570109269000;0.55;109.68;12.37
1380556831572750;22;33.6;Thu Oct 03 2019 15:29:42 GMT+0200 (CEST);Thu Oct 03 2019 13:29:42 GMT+0200 (CEST);1570109382000;0.41;78.65;12.5
1380556831572750;22;32.6;Thu Oct 03 2019 15:31:35 GMT+0200 (CEST);Thu Oct 03 2019 13:31:35 GMT+0200 (CEST);1570109495000;0.31;60.99;12.49
1380556831572750;22;32.2;Thu Oct 03 2019 15:33:51 GMT+0200 (CEST);Thu Oct 03 2019 13:33:51 GMT+0200 (CEST);1570109631000;0.24;48.81;12.46
1380556831572750;21.5;32.1;Thu Oct 03 2019 15:35:49 GMT+0200 (CEST);Thu Oct 03 2019 13:35:49 GMT+0200 (CEST);1570109749000;0.23;46.19;12.47
1380556831572750;21.5;32.1;Thu Oct 03 2019 15:37:42 GMT+0200 (CEST);Thu Oct 03 2019 13:37:42 GMT+0200 (CEST);1570109862000;0.25;50.25;12.44
1380556831572750;21.5;32.6;Thu Oct 03 2019 15:39:35 GMT+0200 (CEST);Thu Oct 03 2019 13:39:35 GMT+0200 (CEST);1570109975000;0.28;56.43;12.35
1380556831572750;21.5;32.7;Thu Oct 03 2019 15:41:29 GMT+0200 (CEST);Thu Oct 03 2019 13:41:29 GMT+0200 (CEST);1570110089000;0.31;62.31;12.32
1380556831572750;21.5;32.5;Thu Oct 03 2019 15:43:22 GMT+0200 (CEST);Thu Oct 03 2019 13:43:22 GMT+0200 (CEST);1570110202000;0.37;75.16;12.32
1380556831572750;21.5;33.3;Thu Oct 03 2019 15:45:16 GMT+0200 (CEST);Thu Oct 03 2019 13:45:16 GMT+0200 (CEST);1570110316000;0.46;93.69;12.28
1380556831572750;21.5;33.9;Thu Oct 03 2019 15:47:08 GMT+0200 (CEST);Thu Oct 03 2019 13:47:08 GMT+0200 (CEST);1570110428000;0.56;112.68;12.3
1380556831572750;21.5;34.3;Thu Oct 03 2019 15:49:38 GMT+0200 (CEST);Thu Oct 03 2019 13:49:38 GMT+0200 (CEST);1570110578000;0.66;133.45;12.42
1380556831572750;21.5;34.3;Thu Oct 03 2019 15:51:31 GMT+0200 (CEST);Thu Oct 03 2019 13:51:31 GMT+0200 (CEST);1570110691000;0.69;141.72;12.59
1380556831572750;21.5;34.3;Thu Oct 03 2019 15:53:24 GMT+0200 (CEST);Thu Oct 03 2019 13:53:24 GMT+0200 (CEST);1570110804000;0.7;145.01;12.64
1380556831572750;22;34.5;Thu Oct 03 2019 15:55:17 GMT+0200 (CEST);Thu Oct 03 2019 13:55:17 GMT+0200 (CEST);1570110917000;0.78;162.85;12.76
1380556831572750;22;34.7;Thu Oct 03 2019 15:57:24 GMT+0200 (CEST);Thu Oct 03 2019 13:57:24 GMT+0200 (CEST);1570111044000;0.83;173.72;12.93
1380556831572750;22;34.7;Thu Oct 03 2019 15:59:18 GMT+0200 (CEST);Thu Oct 03 2019 13:59:18 GMT+0200 (CEST);1570111158000;0.82;182.28;13.04
1380556831572750;22;34.3;Thu Oct 03 2019 16:01:10 GMT+0200 (CEST);Thu Oct 03 2019 14:01:10 GMT+0200 (CEST);1570111270000;0.61;133.93;13.03
1380556831572750;22;34.1;Thu Oct 03 2019 16:03:03 GMT+0200 (CEST);Thu Oct 03 2019 14:03:03 GMT+0200 (CEST);1570111383000;0.61;129.57;13
1380556831572750;22;34.2;Thu Oct 03 2019 16:05:17 GMT+0200 (CEST);Thu Oct 03 2019 14:05:17 GMT+0200 (CEST);1570111517000;0.63;134.52;12.94
1380556831572750;22;34.3;Thu Oct 03 2019 16:07:12 GMT+0200 (CEST);Thu Oct 03 2019 14:07:12 GMT+0200 (CEST);1570111632000;0.63;130.53;13
1380556831572750;22;34;Thu Oct 03 2019 16:09:05 GMT+0200 (CEST);Thu Oct 03 2019 14:09:05 GMT+0200 (CEST);1570111745000;0.56;113.89;13.02
1380556831572750;22;33.9;Thu Oct 03 2019 16:11:03 GMT+0200 (CEST);Thu Oct 03 2019 14:11:03 GMT+0200 (CEST);1570111863000;0.47;96.2;13.01
1380556831572750;22;33.4;Thu Oct 03 2019 16:12:59 GMT+0200 (CEST);Thu Oct 03 2019 14:12:59 GMT+0200 (CEST);1570111979000;0.4;82.88;12.95
1380556831572750;22;33.2;Thu Oct 03 2019 16:14:51 GMT+0200 (CEST);Thu Oct 03 2019 14:14:51 GMT+0200 (CEST);1570112091000;0.37;75.5;12.83
1380556831572750;22;33.1;Thu Oct 03 2019 16:16:45 GMT+0200 (CEST);Thu Oct 03 2019 14:16:45 GMT+0200 (CEST);1570112205000;0.35;70.29;12.74
1380556831572750;21.5;32.4;Thu Oct 03 2019 16:18:51 GMT+0200 (CEST);Thu Oct 03 2019 14:18:51 GMT+0200 (CEST);1570112331000;0.32;64.75;12.69
1380556831572750;21.5;32.5;Thu Oct 03 2019 16:20:54 GMT+0200 (CEST);Thu Oct 03 2019 14:20:54 GMT+0200 (CEST);1570112454000;0.28;54.94;12.67
1380556831572750;21.5;32.4;Thu Oct 03 2019 16:22:47 GMT+0200 (CEST);Thu Oct 03 2019 14:22:47 GMT+0200 (CEST);1570112567000;0.25;49.85;12.64
1380556831572750;21.5;31.9;Thu Oct 03 2019 16:24:40 GMT+0200 (CEST);Thu Oct 03 2019 14:24:40 GMT+0200 (CEST);1570112680000;0.23;46.89;12.58
1380556831572750;21.5;31.7;Thu Oct 03 2019 16:26:33 GMT+0200 (CEST);Thu Oct 03 2019 14:26:33 GMT+0200 (CEST);1570112793000;0.21;42.04;12.46
1380556831572750;21.5;31.5;Thu Oct 03 2019 16:28:32 GMT+0200 (CEST);Thu Oct 03 2019 14:28:32 GMT+0200 (CEST);1570112912000;0.17;34.02;12.38
1380556831572750;21.5;31;Thu Oct 03 2019 16:30:24 GMT+0200 (CEST);Thu Oct 03 2019 14:30:24 GMT+0200 (CEST);1570113024000;0.12;26.29;12.3
1380556831572750;19.9;30.6;Thu Oct 03 2019 16:32:22 GMT+0200 (CEST);Thu Oct 03 2019 14:32:22 GMT+0200 (CEST);1570113142000;0.1;21.86;12.23
1380556831572750;19.9;30.6;Thu Oct 03 2019 16:34:15 GMT+0200 (CEST);Thu Oct 03 2019 14:34:15 GMT+0200 (CEST);1570113255000;0.09;19.53;12.12
1380556831572750;19.9;30.6;Thu Oct 03 2019 16:36:16 GMT+0200 (CEST);Thu Oct 03 2019 14:36:16 GMT+0200 (CEST);1570113376000;0.09;19.84;12.01
1380556831572750;19.9;30.8;Thu Oct 03 2019 16:38:14 GMT+0200 (CEST);Thu Oct 03 2019 14:38:14 GMT+0200 (CEST);1570113494000;0.11;23.72;11.96
1380556831572750;19.9;31;Thu Oct 03 2019 16:40:07 GMT+0200 (CEST);Thu Oct 03 2019 14:40:07 GMT+0200 (CEST);1570113607000;0.13;28.32;11.93
1380556831572750;19.4;31.4;Thu Oct 03 2019 16:42:00 GMT+0200 (CEST);Thu Oct 03 2019 14:42:00 GMT+0200 (CEST);1570113720000;0.16;31.22;11.91
1380556831572750;19.4;31.1;Thu Oct 03 2019 16:44:03 GMT+0200 (CEST);Thu Oct 03 2019 14:44:03 GMT+0200 (CEST);1570113843000;0.16;32.53;11.89
1380556831572750;19.4;31.4;Thu Oct 03 2019 16:45:56 GMT+0200 (CEST);Thu Oct 03 2019 14:45:56 GMT+0200 (CEST);1570113956000;0.15;30.36;11.87
1380556831572750;19.4;31.2;Thu Oct 03 2019 16:47:49 GMT+0200 (CEST);Thu Oct 03 2019 14:47:49 GMT+0200 (CEST);1570114069000;0.14;29.2;11.85
1380556831572750;19.4;31.1;Thu Oct 03 2019 16:49:43 GMT+0200 (CEST);Thu Oct 03 2019 14:49:43 GMT+0200 (CEST);1570114183000;0.14;28.46;11.85
1380556831572750;19.4;31.4;Thu Oct 03 2019 16:52:09 GMT+0200 (CEST);Thu Oct 03 2019 14:52:09 GMT+0200 (CEST);1570114329000;0.13;27.28;11.86
1380556831572750;19.4;31.2;Thu Oct 03 2019 16:54:02 GMT+0200 (CEST);Thu Oct 03 2019 14:54:02 GMT+0200 (CEST);1570114442000;0.13;27.68;11.88
1380556831572750;19.4;31.3;Thu Oct 03 2019 16:55:54 GMT+0200 (CEST);Thu Oct 03 2019 14:55:54 GMT+0200 (CEST);1570114554000;0.14;28.58;11.9
1380556831572750;19.4;31.5;Thu Oct 03 2019 16:57:47 GMT+0200 (CEST);Thu Oct 03 2019 14:57:47 GMT+0200 (CEST);1570114667000;0.15;30.95;11.92
1380556831572750;19.4;31.5;Thu Oct 03 2019 16:59:42 GMT+0200 (CEST);Thu Oct 03 2019 14:59:42 GMT+0200 (CEST);1570114782000;0.15;31.42;11.94
1380556831572750;19.4;31.1;Thu Oct 03 2019 17:01:34 GMT+0200 (CEST);Thu Oct 03 2019 15:01:34 GMT+0200 (CEST);1570114894000;0.14;28.51;11.94
1380556831572750;19.4;31.3;Thu Oct 03 2019 17:03:29 GMT+0200 (CEST);Thu Oct 03 2019 15:03:29 GMT+0200 (CEST);1570115009000;0.12;25.81;11.92
1380556831572750;19.4;30.7;Thu Oct 03 2019 17:05:21 GMT+0200 (CEST);Thu Oct 03 2019 15:05:21 GMT+0200 (CEST);1570115121000;0.11;24.59;11.92
1380556831572750;19.4;31;Thu Oct 03 2019 17:07:40 GMT+0200 (CEST);Thu Oct 03 2019 15:07:40 GMT+0200 (CEST);1570115260000;0.1;21.9;11.91
1380556831572750;17.9;30.6;Thu Oct 03 2019 17:09:33 GMT+0200 (CEST);Thu Oct 03 2019 15:09:33 GMT+0200 (CEST);1570115373000;0.1;20.32;11.89
1380556831572750;17.9;30.6;Thu Oct 03 2019 17:11:27 GMT+0200 (CEST);Thu Oct 03 2019 15:11:27 GMT+0200 (CEST);1570115487000;0.09;19.23;11.88
1380556831572750;17.9;30.7;Thu Oct 03 2019 17:13:19 GMT+0200 (CEST);Thu Oct 03 2019 15:13:19 GMT+0200 (CEST);1570115599000;0.08;18.08;11.87
1380556831572750;17.9;30.6;Thu Oct 03 2019 17:15:15 GMT+0200 (CEST);Thu Oct 03 2019 15:15:15 GMT+0200 (CEST);1570115715000;0.07;16.84;11.85
1380556831572750;17.9;30.5;Thu Oct 03 2019 17:17:08 GMT+0200 (CEST);Thu Oct 03 2019 15:17:08 GMT+0200 (CEST);1570115828000;0.08;18.12;11.82
1380556831572750;16.9;30.7;Thu Oct 03 2019 17:19:00 GMT+0200 (CEST);Thu Oct 03 2019 15:19:00 GMT+0200 (CEST);1570115940000;0.1;20.88;11.83
1380556831572750;16.9;31.2;Thu Oct 03 2019 17:20:54 GMT+0200 (CEST);Thu Oct 03 2019 15:20:54 GMT+0200 (CEST);1570116054000;0.11;23.34;11.83
1380556831572750;16.9;31;Thu Oct 03 2019 17:22:51 GMT+0200 (CEST);Thu Oct 03 2019 15:22:51 GMT+0200 (CEST);1570116171000;0.11;22.67;11.82
1380556831572750;16.9;30.9;Thu Oct 03 2019 17:24:45 GMT+0200 (CEST);Thu Oct 03 2019 15:24:45 GMT+0200 (CEST);1570116285000;0.1;21.22;11.82
1380556831572750;16.9;30.6;Thu Oct 03 2019 17:26:43 GMT+0200 (CEST);Thu Oct 03 2019 15:26:43 GMT+0200 (CEST);1570116403000;0.08;18.63;11.8
1380556831572750;16.9;31;Thu Oct 03 2019 17:28:39 GMT+0200 (CEST);Thu Oct 03 2019 15:28:39 GMT+0200 (CEST);1570116519000;0;14.38;11.78
1380556831572750;16.9;30.8;Thu Oct 03 2019 17:30:32 GMT+0200 (CEST);Thu Oct 03 2019 15:30:32 GMT+0200 (CEST);1570116632000;0;13.4;11.77
1380556831572750;16.9;32.5;Thu Oct 03 2019 17:32:27 GMT+0200 (CEST);Thu Oct 03 2019 15:32:27 GMT+0200 (CEST);1570116747000;0;14.75;11.75
1380556831572750;17.9;31.9;Thu Oct 03 2019 17:34:26 GMT+0200 (CEST);Thu Oct 03 2019 15:34:26 GMT+0200 (CEST);1570116866000;0;14.06;11.74
1380556831572750;17.9;31.3;Thu Oct 03 2019 17:36:19 GMT+0200 (CEST);Thu Oct 03 2019 15:36:19 GMT+0200 (CEST);1570116979000;0;13.74;11.71
1380556831572750;17.9;33.4;Thu Oct 03 2019 17:38:25 GMT+0200 (CEST);Thu Oct 03 2019 15:38:25 GMT+0200 (CEST);1570117105000;0;13.56;11.69
1380556831572750;17.9;34.8;Thu Oct 03 2019 17:40:17 GMT+0200 (CEST);Thu Oct 03 2019 15:40:17 GMT+0200 (CEST);1570117217000;0;12.49;11.66
1380556831572750;19.4;35.3;Thu Oct 03 2019 17:42:10 GMT+0200 (CEST);Thu Oct 03 2019 15:42:10 GMT+0200 (CEST);1570117330000;0;11.69;11.65
1380556831572750;19.4;35.3;Thu Oct 03 2019 17:44:03 GMT+0200 (CEST);Thu Oct 03 2019 15:44:03 GMT+0200 (CEST);1570117443000;0;11.48;11.62
1380556831572750;19.4;35.4;Thu Oct 03 2019 17:45:56 GMT+0200 (CEST);Thu Oct 03 2019 15:45:56 GMT+0200 (CEST);1570117556000;0;12.06;11.61
1380556831572750;19.9;34.5;Thu Oct 03 2019 17:47:53 GMT+0200 (CEST);Thu Oct 03 2019 15:47:53 GMT+0200 (CEST);1570117673000;0;12.37;11.59
1380556831572750;19.9;35.6;Thu Oct 03 2019 17:49:46 GMT+0200 (CEST);Thu Oct 03 2019 15:49:46 GMT+0200 (CEST);1570117786000;0;12.88;11.55
1380556831572750;19.9;35.9;Thu Oct 03 2019 17:51:38 GMT+0200 (CEST);Thu Oct 03 2019 15:51:38 GMT+0200 (CEST);1570117898000;0;14.01;11.5
1380556831572750;19.9;35.8;Thu Oct 03 2019 17:53:57 GMT+0200 (CEST);Thu Oct 03 2019 15:53:57 GMT+0200 (CEST);1570118037000;0;14.05;11.48
1380556831572750;19.9;36;Thu Oct 03 2019 17:55:53 GMT+0200 (CEST);Thu Oct 03 2019 15:55:53 GMT+0200 (CEST);1570118153000;0;13.85;11.49
1380556831572750;19.9;35.9;Thu Oct 03 2019 17:57:47 GMT+0200 (CEST);Thu Oct 03 2019 15:57:47 GMT+0200 (CEST);1570118267000;0;14.79;11.48
1380556831572750;19.9;35.3;Thu Oct 03 2019 17:59:40 GMT+0200 (CEST);Thu Oct 03 2019 15:59:40 GMT+0200 (CEST);1570118380000;0;17.25;11.49
1380556831572750;19.9;36.3;Thu Oct 03 2019 18:01:33 GMT+0200 (CEST);Thu Oct 03 2019 16:01:33 GMT+0200 (CEST);1570118493000;0;20.98;11.5
1380556831572750;19.9;36.9;Thu Oct 03 2019 18:03:26 GMT+0200 (CEST);Thu Oct 03 2019 16:03:26 GMT+0200 (CEST);1570118606000;0;22.55;11.5
1380556831572750;21.5;37.1;Thu Oct 03 2019 18:05:20 GMT+0200 (CEST);Thu Oct 03 2019 16:05:20 GMT+0200 (CEST);1570118720000;0;22.41;11.5
1380556831572750;21.5;36.9;Thu Oct 03 2019 18:07:13 GMT+0200 (CEST);Thu Oct 03 2019 16:07:13 GMT+0200 (CEST);1570118833000;0;21.75;11.53
1380556831572750;21.5;36.7;Thu Oct 03 2019 18:09:55 GMT+0200 (CEST);Thu Oct 03 2019 16:09:55 GMT+0200 (CEST);1570118995000;0;20.33;11.54
1380556831572750;21.5;36.3;Thu Oct 03 2019 18:11:49 GMT+0200 (CEST);Thu Oct 03 2019 16:11:49 GMT+0200 (CEST);1570119109000;0;18.47;11.55
1380556831572750;21.5;36.2;Thu Oct 03 2019 18:13:47 GMT+0200 (CEST);Thu Oct 03 2019 16:13:47 GMT+0200 (CEST);1570119227000;0;16.65;11.57
1380556831572750;21.5;35.6;Thu Oct 03 2019 18:15:40 GMT+0200 (CEST);Thu Oct 03 2019 16:15:40 GMT+0200 (CEST);1570119340000;0;15.44;11.57
1380556831572750;21.5;35.8;Thu Oct 03 2019 18:17:33 GMT+0200 (CEST);Thu Oct 03 2019 16:17:33 GMT+0200 (CEST);1570119453000;0;14.3;11.57
1380556831572750;21.5;35.9;Thu Oct 03 2019 18:19:31 GMT+0200 (CEST);Thu Oct 03 2019 16:19:31 GMT+0200 (CEST);1570119571000;0;13.15;11.56
1380556831572750;21.5;34.8;Thu Oct 03 2019 18:21:24 GMT+0200 (CEST);Thu Oct 03 2019 16:21:24 GMT+0200 (CEST);1570119684000;0;12.59;11.55
1380556831572750;21.5;34.9;Thu Oct 03 2019 18:23:17 GMT+0200 (CEST);Thu Oct 03 2019 16:23:17 GMT+0200 (CEST);1570119797000;0;12.17;11.54
1380556831572750;19.9;35.4;Thu Oct 03 2019 18:25:09 GMT+0200 (CEST);Thu Oct 03 2019 16:25:09 GMT+0200 (CEST);1570119909000;0;11.65;11.55
1380556831572750;19.9;34.9;Thu Oct 03 2019 18:27:02 GMT+0200 (CEST);Thu Oct 03 2019 16:27:02 GMT+0200 (CEST);1570120022000;0;10.49;11.55
1380556831572750;19.4;34.6;Thu Oct 03 2019 18:29:02 GMT+0200 (CEST);Thu Oct 03 2019 16:29:02 GMT+0200 (CEST);1570120142000;0;9.04;11.53
1380556831572750;19.4;34.5;Thu Oct 03 2019 18:30:57 GMT+0200 (CEST);Thu Oct 03 2019 16:30:57 GMT+0200 (CEST);1570120257000;0;8.1;11.52
1380556831572750;19.4;32.8;Thu Oct 03 2019 18:32:53 GMT+0200 (CEST);Thu Oct 03 2019 16:32:53 GMT+0200 (CEST);1570120373000;0;7.18;11.5
1380556831572750;19.9;32.9;Thu Oct 03 2019 18:34:46 GMT+0200 (CEST);Thu Oct 03 2019 16:34:46 GMT+0200 (CEST);1570120486000;0;6.56;11.49
1380556831572750;19.9;33;Thu Oct 03 2019 18:36:38 GMT+0200 (CEST);Thu Oct 03 2019 16:36:38 GMT+0200 (CEST);1570120598000;0;6.06;11.48
1380556831572750;19.4;32.6;Thu Oct 03 2019 18:38:38 GMT+0200 (CEST);Thu Oct 03 2019 16:38:38 GMT+0200 (CEST);1570120718000;0;5.14;11.45
1380556831572750;19.4;32.1;Thu Oct 03 2019 18:40:31 GMT+0200 (CEST);Thu Oct 03 2019 16:40:31 GMT+0200 (CEST);1570120831000;0;4.23;11.42
1380556831572750;19.4;31;Thu Oct 03 2019 18:42:25 GMT+0200 (CEST);Thu Oct 03 2019 16:42:25 GMT+0200 (CEST);1570120945000;0;3.34;11.36
1380556831572750;19.4;27.3;Thu Oct 03 2019 18:44:19 GMT+0200 (CEST);Thu Oct 03 2019 16:44:19 GMT+0200 (CEST);1570121059000;0;2.79;11.32
1380556831572750;15.9;27.5;Thu Oct 03 2019 18:46:15 GMT+0200 (CEST);Thu Oct 03 2019 16:46:15 GMT+0200 (CEST);1570121175000;0;1.96;11.27
1380556831572750;15.9;26.6;Thu Oct 03 2019 18:48:09 GMT+0200 (CEST);Thu Oct 03 2019 16:48:09 GMT+0200 (CEST);1570121289000;0;1.23;11.23
1380556831572750;15.9;20.1;Thu Oct 03 2019 18:50:04 GMT+0200 (CEST);Thu Oct 03 2019 16:50:04 GMT+0200 (CEST);1570121404000;0;0.76;11.21
1380556831572750;15.9;20.1;Thu Oct 03 2019 18:51:59 GMT+0200 (CEST);Thu Oct 03 2019 16:51:59 GMT+0200 (CEST);1570121519000;0;0.46;11.16
1380556831572750;15.9;20.1;Thu Oct 03 2019 18:53:51 GMT+0200 (CEST);Thu Oct 03 2019 16:53:51 GMT+0200 (CEST);1570121631000;0;0.53;11.14
1380556831572750;8.9;24.5;Fri Oct 04 2019 07:19:47 GMT+0200 (CEST);Fri Oct 04 2019 05:19:47 GMT+0200 (CEST);1570166387000;0;1.12;7.35
1380556831572750;8.9;24.5;Fri Oct 04 2019 07:21:40 GMT+0200 (CEST);Fri Oct 04 2019 05:21:40 GMT+0200 (CEST);1570166500000;0;1.04;7.36
1380556831572750;8.9;24.5;Fri Oct 04 2019 07:23:35 GMT+0200 (CEST);Fri Oct 04 2019 05:23:35 GMT+0200 (CEST);1570166615000;0;1.15;7.36
1380556831572750;9.4;28.9;Fri Oct 04 2019 07:48:41 GMT+0200 (CEST);Fri Oct 04 2019 05:48:41 GMT+0200 (CEST);1570168121000;0;10.63;7.42
1380556831572750;9.9;27.9;Fri Oct 04 2019 07:50:33 GMT+0200 (CEST);Fri Oct 04 2019 05:50:33 GMT+0200 (CEST);1570168233000;0;12.9;7.42
1380556831572750;9.9;27.5;Fri Oct 04 2019 07:52:29 GMT+0200 (CEST);Fri Oct 04 2019 05:52:29 GMT+0200 (CEST);1570168349000;0.07;14.27;7.43
1380556831572750;11.4;27.3;Fri Oct 04 2019 07:54:39 GMT+0200 (CEST);Fri Oct 04 2019 05:54:39 GMT+0200 (CEST);1570168479000;0.08;15.13;7.46
1380556831572750;11.4;26.2;Fri Oct 04 2019 07:56:33 GMT+0200 (CEST);Fri Oct 04 2019 05:56:33 GMT+0200 (CEST);1570168593000;0.09;17.06;7.48
1380556831572750;11.4;25.4;Fri Oct 04 2019 07:58:26 GMT+0200 (CEST);Fri Oct 04 2019 05:58:26 GMT+0200 (CEST);1570168706000;0.1;19.67;7.51
1380556831572750;11.4;25.5;Fri Oct 04 2019 08:00:19 GMT+0200 (CEST);Fri Oct 04 2019 06:00:19 GMT+0200 (CEST);1570168819000;0.12;23.84;7.54
1380556831572750;9.9;26.6;Fri Oct 04 2019 08:02:17 GMT+0200 (CEST);Fri Oct 04 2019 06:02:17 GMT+0200 (CEST);1570168937000;0.15;28.3;7.61
1380556831572750;11.9;31.9;Fri Oct 04 2019 08:04:09 GMT+0200 (CEST);Fri Oct 04 2019 06:04:09 GMT+0200 (CEST);1570169049000;0.15;31.02;7.65
1380556831572750;13.4;32.4;Fri Oct 04 2019 08:06:03 GMT+0200 (CEST);Fri Oct 04 2019 06:06:03 GMT+0200 (CEST);1570169163000;0.17;33.08;7.7
1380556831572750;13.4;31.9;Fri Oct 04 2019 08:07:55 GMT+0200 (CEST);Fri Oct 04 2019 06:07:55 GMT+0200 (CEST);1570169275000;0.18;35.52;7.74
1380556831572750;13.9;32.2;Fri Oct 04 2019 08:10:05 GMT+0200 (CEST);Fri Oct 04 2019 06:10:05 GMT+0200 (CEST);1570169405000;0.2;38.35;7.78
1380556831572750;13.4;32.3;Fri Oct 04 2019 08:11:58 GMT+0200 (CEST);Fri Oct 04 2019 06:11:58 GMT+0200 (CEST);1570169518000;0.2;38.49;7.83
1380556831572750;13.9;31.7;Fri Oct 04 2019 08:13:50 GMT+0200 (CEST);Fri Oct 04 2019 06:13:50 GMT+0200 (CEST);1570169630000;0.18;36.18;7.88
1380556831572750;13.9;31.6;Fri Oct 04 2019 08:15:45 GMT+0200 (CEST);Fri Oct 04 2019 06:15:45 GMT+0200 (CEST);1570169745000;0.17;32.26;7.9
1380556831572750;13.9;31.9;Fri Oct 04 2019 08:18:08 GMT+0200 (CEST);Fri Oct 04 2019 06:18:08 GMT+0200 (CEST);1570169888000;0.14;27.62;7.92
1380556831572750;13.9;31.6;Fri Oct 04 2019 08:20:01 GMT+0200 (CEST);Fri Oct 04 2019 06:20:01 GMT+0200 (CEST);1570170001000;0.12;24.01;7.92
1380556831572750;13.9;31.4;Fri Oct 04 2019 08:21:55 GMT+0200 (CEST);Fri Oct 04 2019 06:21:55 GMT+0200 (CEST);1570170115000;0.1;21.54;7.92
1380556831572750;13.9;31.1;Fri Oct 04 2019 08:23:47 GMT+0200 (CEST);Fri Oct 04 2019 06:23:47 GMT+0200 (CEST);1570170227000;0.1;20.8;7.92
1380556831572750;13.9;31.1;Fri Oct 04 2019 08:25:40 GMT+0200 (CEST);Fri Oct 04 2019 06:25:40 GMT+0200 (CEST);1570170340000;0.1;21.37;7.92
1380556831572750;13.9;31.6;Fri Oct 04 2019 08:27:32 GMT+0200 (CEST);Fri Oct 04 2019 06:27:32 GMT+0200 (CEST);1570170452000;0.11;22.91;7.92
1380556831572750;13.9;31.2;Fri Oct 04 2019 08:29:25 GMT+0200 (CEST);Fri Oct 04 2019 06:29:25 GMT+0200 (CEST);1570170565000;0.12;24.57;7.92
1380556831572750;13.9;31.3;Fri Oct 04 2019 08:31:26 GMT+0200 (CEST);Fri Oct 04 2019 06:31:26 GMT+0200 (CEST);1570170686000;0.13;26.9;7.92
1380556831572750;13.9;32.3;Fri Oct 04 2019 08:33:32 GMT+0200 (CEST);Fri Oct 04 2019 06:33:32 GMT+0200 (CEST);1570170812000;0.14;28.62;7.94
1380556831572750;13.9;31.5;Fri Oct 04 2019 08:35:25 GMT+0200 (CEST);Fri Oct 04 2019 06:35:25 GMT+0200 (CEST);1570170925000;0.14;29.18;7.94
1380556831572750;13.9;31.7;Fri Oct 04 2019 08:37:18 GMT+0200 (CEST);Fri Oct 04 2019 06:37:18 GMT+0200 (CEST);1570171038000;0.14;28.97;7.98
1380556831572750;13.9;31.4;Fri Oct 04 2019 08:39:13 GMT+0200 (CEST);Fri Oct 04 2019 06:39:13 GMT+0200 (CEST);1570171153000;0.13;26.69;7.98
1380556831572750;13.9;31.4;Fri Oct 04 2019 08:41:08 GMT+0200 (CEST);Fri Oct 04 2019 06:41:08 GMT+0200 (CEST);1570171268000;0.12;24.47;8
1380556831572750;13.9;31;Fri Oct 04 2019 08:43:01 GMT+0200 (CEST);Fri Oct 04 2019 06:43:01 GMT+0200 (CEST);1570171381000;0.12;24.33;8.01
1380556831572750;13.9;31.3;Fri Oct 04 2019 08:44:55 GMT+0200 (CEST);Fri Oct 04 2019 06:44:55 GMT+0200 (CEST);1570171495000;0.13;27.31;8.05
1380556831572750;13.9;31.6;Fri Oct 04 2019 08:46:47 GMT+0200 (CEST);Fri Oct 04 2019 06:46:47 GMT+0200 (CEST);1570171607000;0.15;30.17;8.09
1380556831572750;13.9;31.8;Fri Oct 04 2019 08:49:19 GMT+0200 (CEST);Fri Oct 04 2019 06:49:19 GMT+0200 (CEST);1570171759000;0.15;29.44;8.11
1380556831572750;13.9;31.8;Fri Oct 04 2019 08:51:12 GMT+0200 (CEST);Fri Oct 04 2019 06:51:12 GMT+0200 (CEST);1570171872000;0.13;26.9;8.11
1380556831572750;15.4;31.5;Fri Oct 04 2019 08:53:11 GMT+0200 (CEST);Fri Oct 04 2019 06:53:11 GMT+0200 (CEST);1570171991000;0.12;25.36;8.12
1380556831572750;15.4;31.3;Fri Oct 04 2019 08:55:05 GMT+0200 (CEST);Fri Oct 04 2019 06:55:05 GMT+0200 (CEST);1570172105000;0.13;26.01;8.11
1380556831572750;15.4;31.7;Fri Oct 04 2019 08:57:02 GMT+0200 (CEST);Fri Oct 04 2019 06:57:02 GMT+0200 (CEST);1570172222000;0.14;29.5;8.11
1380556831572750;15.4;31.7;Fri Oct 04 2019 08:58:55 GMT+0200 (CEST);Fri Oct 04 2019 06:58:55 GMT+0200 (CEST);1570172335000;0.17;33.12;8.11
1380556831572750;15.4;32.2;Fri Oct 04 2019 09:00:51 GMT+0200 (CEST);Fri Oct 04 2019 07:00:51 GMT+0200 (CEST);1570172451000;0.19;36.83;8.14
1380556831572750;15.4;32.3;Fri Oct 04 2019 09:02:45 GMT+0200 (CEST);Fri Oct 04 2019 07:02:45 GMT+0200 (CEST);1570172565000;0.21;40.49;8.17
1380556831572750;15.4;32.5;Fri Oct 04 2019 09:04:50 GMT+0200 (CEST);Fri Oct 04 2019 07:04:50 GMT+0200 (CEST);1570172690000;0.21;41;8.19
1380556831572750;15.4;32.3;Fri Oct 04 2019 09:06:44 GMT+0200 (CEST);Fri Oct 04 2019 07:06:44 GMT+0200 (CEST);1570172804000;0.19;36.49;8.21
1380556831572750;15.4;31.7;Fri Oct 04 2019 09:08:41 GMT+0200 (CEST);Fri Oct 04 2019 07:08:41 GMT+0200 (CEST);1570172921000;0.16;31.4;8.25
1380556831572750;15.4;31.9;Fri Oct 04 2019 09:10:35 GMT+0200 (CEST);Fri Oct 04 2019 07:10:35 GMT+0200 (CEST);1570173035000;0.12;26.42;8.26
1380556831572750;15.4;30.8;Fri Oct 04 2019 09:12:30 GMT+0200 (CEST);Fri Oct 04 2019 07:12:30 GMT+0200 (CEST);1570173150000;0.11;23.01;8.28
1380556831572750;15.4;31.3;Fri Oct 04 2019 09:14:23 GMT+0200 (CEST);Fri Oct 04 2019 07:14:23 GMT+0200 (CEST);1570173263000;0.1;21.46;8.29
1380556831572750;15.4;30.8;Fri Oct 04 2019 09:16:22 GMT+0200 (CEST);Fri Oct 04 2019 07:16:22 GMT+0200 (CEST);1570173382000;0.1;22.63;8.3
1380556831572750;15.4;31;Fri Oct 04 2019 09:18:15 GMT+0200 (CEST);Fri Oct 04 2019 07:18:15 GMT+0200 (CEST);1570173495000;0.12;26.56;8.3
1380556831572750;15.4;32.1;Fri Oct 04 2019 09:20:26 GMT+0200 (CEST);Fri Oct 04 2019 07:20:26 GMT+0200 (CEST);1570173626000;0.16;35.35;8.33
1380556831572750;15.4;32.6;Fri Oct 04 2019 09:22:27 GMT+0200 (CEST);Fri Oct 04 2019 07:22:27 GMT+0200 (CEST);1570173747000;0.22;46.78;8.35
1380556831572750;15.4;33.2;Fri Oct 04 2019 09:24:21 GMT+0200 (CEST);Fri Oct 04 2019 07:24:21 GMT+0200 (CEST);1570173861000;0.29;59.39;8.38
1380556831572750;15.4;33.6;Fri Oct 04 2019 09:26:13 GMT+0200 (CEST);Fri Oct 04 2019 07:26:13 GMT+0200 (CEST);1570173973000;0.37;75.33;8.44
1380556831572750;15.4;34.1;Fri Oct 04 2019 09:28:17 GMT+0200 (CEST);Fri Oct 04 2019 07:28:17 GMT+0200 (CEST);1570174097000;0.44;90.26;8.52
1380556831572750;15.4;34.6;Fri Oct 04 2019 09:30:11 GMT+0200 (CEST);Fri Oct 04 2019 07:30:11 GMT+0200 (CEST);1570174211000;0.49;101.65;8.62
1380556831572750;16.9;34.7;Fri Oct 04 2019 09:32:03 GMT+0200 (CEST);Fri Oct 04 2019 07:32:03 GMT+0200 (CEST);1570174323000;0.52;107.04;8.71
1380556831572750;16.9;34.7;Fri Oct 04 2019 09:33:56 GMT+0200 (CEST);Fri Oct 04 2019 07:33:56 GMT+0200 (CEST);1570174436000;0.52;106.59;8.81
1380556831572750;16.9;34.7;Fri Oct 04 2019 09:36:22 GMT+0200 (CEST);Fri Oct 04 2019 07:36:22 GMT+0200 (CEST);1570174582000;0.53;110.03;8.89
1380556831572750;16.9;34.7;Fri Oct 04 2019 09:38:15 GMT+0200 (CEST);Fri Oct 04 2019 07:38:15 GMT+0200 (CEST);1570174695000;0.59;122.36;8.94
1380556831572750;16.9;35;Fri Oct 04 2019 09:40:13 GMT+0200 (CEST);Fri Oct 04 2019 07:40:13 GMT+0200 (CEST);1570174813000;0.67;140.17;9.03
1380556831572750;16.9;35.2;Fri Oct 04 2019 09:42:15 GMT+0200 (CEST);Fri Oct 04 2019 07:42:15 GMT+0200 (CEST);1570174935000;0.76;157.13;9.13
1380556831572750;16.9;35.2;Fri Oct 04 2019 09:44:08 GMT+0200 (CEST);Fri Oct 04 2019 07:44:08 GMT+0200 (CEST);1570175048000;0.8;166.17;9.17
1380556831572750;17.9;35.2;Fri Oct 04 2019 09:46:01 GMT+0200 (CEST);Fri Oct 04 2019 07:46:01 GMT+0200 (CEST);1570175161000;0.8;168.6;9.25
1380556831572750;17.9;35.3;Fri Oct 04 2019 09:47:53 GMT+0200 (CEST);Fri Oct 04 2019 07:47:53 GMT+0200 (CEST);1570175273000;1.48;348.15;9.42
1380556831572750;17.9;35.8;Fri Oct 04 2019 09:49:47 GMT+0200 (CEST);Fri Oct 04 2019 07:49:47 GMT+0200 (CEST);1570175387000;1.05;216.83;9.73
1380556831572750;19.4;34.8;Fri Oct 04 2019 09:51:41 GMT+0200 (CEST);Fri Oct 04 2019 07:51:41 GMT+0200 (CEST);1570175501000;0.72;155.85;9.86
1380556831572750;19.4;34.9;Fri Oct 04 2019 09:53:34 GMT+0200 (CEST);Fri Oct 04 2019 07:53:34 GMT+0200 (CEST);1570175614000;0.8;175.07;9.87
1380556831572750;19.4;34.9;Fri Oct 04 2019 09:55:27 GMT+0200 (CEST);Fri Oct 04 2019 07:55:27 GMT+0200 (CEST);1570175727000;0.91;193.91;9.89
1380556831572750;19.4;35.2;Fri Oct 04 2019 09:57:19 GMT+0200 (CEST);Fri Oct 04 2019 07:57:19 GMT+0200 (CEST);1570175839000;0.96;207.34;9.96
1380556831572750;19.4;35.4;Fri Oct 04 2019 09:59:14 GMT+0200 (CEST);Fri Oct 04 2019 07:59:14 GMT+0200 (CEST);1570175954000;1.26;257.84;10.08
1380556831572750;19.9;35.3;Fri Oct 04 2019 10:01:11 GMT+0200 (CEST);Fri Oct 04 2019 08:01:11 GMT+0200 (CEST);1570176071000;0.99;215.59;10.16
1380556831572750;19.9;35.4;Fri Oct 04 2019 10:03:10 GMT+0200 (CEST);Fri Oct 04 2019 08:03:10 GMT+0200 (CEST);1570176190000;1.07;235.34;10.29
1380556831572750;21.5;35.6;Fri Oct 04 2019 10:05:03 GMT+0200 (CEST);Fri Oct 04 2019 08:05:03 GMT+0200 (CEST);1570176303000;1.05;220.46;10.49
1380556831572750;21.5;35.1;Fri Oct 04 2019 10:07:20 GMT+0200 (CEST);Fri Oct 04 2019 08:07:20 GMT+0200 (CEST);1570176440000;0.93;199.74;10.5
1380556831572750;21.5;34.9;Fri Oct 04 2019 10:09:12 GMT+0200 (CEST);Fri Oct 04 2019 08:09:12 GMT+0200 (CEST);1570176552000;0.92;216.16;10.48
1380556831572750;21.5;35.9;Fri Oct 04 2019 10:11:05 GMT+0200 (CEST);Fri Oct 04 2019 08:11:05 GMT+0200 (CEST);1570176665000;1.09;280.15;10.78
1380556831572750;21.5;35.7;Fri Oct 04 2019 10:12:58 GMT+0200 (CEST);Fri Oct 04 2019 08:12:58 GMT+0200 (CEST);1570176778000;1.95;399.35;11.32
1380556831572750;21.5;35.4;Fri Oct 04 2019 10:14:53 GMT+0200 (CEST);Fri Oct 04 2019 08:14:53 GMT+0200 (CEST);1570176893000;2.28;409.59;11.96
1380556831572750;21.5;35.5;Fri Oct 04 2019 10:16:46 GMT+0200 (CEST);Fri Oct 04 2019 08:16:46 GMT+0200 (CEST);1570177006000;2.82;593.91;12.5
1380556831572750;23.5;34.9;Fri Oct 04 2019 10:18:42 GMT+0200 (CEST);Fri Oct 04 2019 08:18:42 GMT+0200 (CEST);1570177122000;1.62;332.79;12.89
1380556831572750;23.5;34.3;Fri Oct 04 2019 10:21:35 GMT+0200 (CEST);Fri Oct 04 2019 08:21:35 GMT+0200 (CEST);1570177295000;1.27;253.44;13.14
1380556831572750;24;34.7;Fri Oct 04 2019 10:23:30 GMT+0200 (CEST);Fri Oct 04 2019 08:23:30 GMT+0200 (CEST);1570177410000;1.07;217.55;13.14
1380556831572750;24;34.2;Fri Oct 04 2019 10:25:23 GMT+0200 (CEST);Fri Oct 04 2019 08:25:23 GMT+0200 (CEST);1570177523000;0.99;193.71;12.88
1380556831572750;24;34.2;Fri Oct 04 2019 10:27:16 GMT+0200 (CEST);Fri Oct 04 2019 08:27:16 GMT+0200 (CEST);1570177636000;0.96;189.99;12.72
1380556831572750;24;34.5;Fri Oct 04 2019 10:29:09 GMT+0200 (CEST);Fri Oct 04 2019 08:29:09 GMT+0200 (CEST);1570177749000;1.01;198.44;12.61
1380556831572750;24;34.6;Fri Oct 04 2019 10:31:04 GMT+0200 (CEST);Fri Oct 04 2019 08:31:04 GMT+0200 (CEST);1570177864000;1.11;223.82;12.61
1380556831572750;24;34.8;Fri Oct 04 2019 10:32:56 GMT+0200 (CEST);Fri Oct 04 2019 08:32:56 GMT+0200 (CEST);1570177976000;1.18;237.96;12.64
1380556831572750;24;34.8;Fri Oct 04 2019 10:34:49 GMT+0200 (CEST);Fri Oct 04 2019 08:34:49 GMT+0200 (CEST);1570178089000;1.12;232.59;12.6
1380556831572750;24;35;Fri Oct 04 2019 10:36:45 GMT+0200 (CEST);Fri Oct 04 2019 08:36:45 GMT+0200 (CEST);1570178205000;1.21;258.71;12.64
1380556831572750;24;35.3;Fri Oct 04 2019 10:38:52 GMT+0200 (CEST);Fri Oct 04 2019 08:38:52 GMT+0200 (CEST);1570178332000;1.46;306.79;12.78
1380556831572750;24;35.4;Fri Oct 04 2019 10:40:45 GMT+0200 (CEST);Fri Oct 04 2019 08:40:45 GMT+0200 (CEST);1570178445000;2.06;435.19;13.08
1380556831572750;25.5;35.4;Fri Oct 04 2019 10:42:38 GMT+0200 (CEST);Fri Oct 04 2019 08:42:38 GMT+0200 (CEST);1570178558000;2.38;509.43;13.38
1380556831572750;25.5;35.2;Fri Oct 04 2019 10:44:31 GMT+0200 (CEST);Fri Oct 04 2019 08:44:31 GMT+0200 (CEST);1570178671000;2.08;471.03;13.75
1380556831572750;26;35.1;Fri Oct 04 2019 10:46:28 GMT+0200 (CEST);Fri Oct 04 2019 08:46:28 GMT+0200 (CEST);1570178788000;2.32;481.27;14.22
1380556831572750;26;34.8;Fri Oct 04 2019 10:48:21 GMT+0200 (CEST);Fri Oct 04 2019 08:48:21 GMT+0200 (CEST);1570178901000;2.01;430.07;14.32
1380556831572750;26;35.1;Fri Oct 04 2019 10:50:14 GMT+0200 (CEST);Fri Oct 04 2019 08:50:14 GMT+0200 (CEST);1570179014000;2.77;588.79;14.27
1380556831572750;27.5;34.7;Fri Oct 04 2019 10:52:07 GMT+0200 (CEST);Fri Oct 04 2019 08:52:07 GMT+0200 (CEST);1570179127000;3.04;588.79;14.62
1380556831572750;27.5;34.3;Fri Oct 04 2019 10:54:28 GMT+0200 (CEST);Fri Oct 04 2019 08:54:28 GMT+0200 (CEST);1570179268000;1.52;317.19;14.88
1380556831572750;27.5;34.4;Fri Oct 04 2019 10:56:20 GMT+0200 (CEST);Fri Oct 04 2019 08:56:20 GMT+0200 (CEST);1570179380000;1.53;314.23;14.85
1380556831572750;27.5;34.4;Fri Oct 04 2019 10:58:15 GMT+0200 (CEST);Fri Oct 04 2019 08:58:15 GMT+0200 (CEST);1570179495000;1.57;332.79;14.75
1380556831572750;28;34.6;Fri Oct 04 2019 11:00:13 GMT+0200 (CEST);Fri Oct 04 2019 09:00:13 GMT+0200 (CEST);1570179613000;1.74;348.15;14.73
1380556831572750;28;34.7;Fri Oct 04 2019 11:02:09 GMT+0200 (CEST);Fri Oct 04 2019 09:02:09 GMT+0200 (CEST);1570179729000;1.35;275.72;14.64
1380556831572750;28;34.6;Fri Oct 04 2019 11:04:01 GMT+0200 (CEST);Fri Oct 04 2019 09:04:01 GMT+0200 (CEST);1570179841000;1.08;227.13;14.39
1380556831572750;28;34.6;Fri Oct 04 2019 11:05:57 GMT+0200 (CEST);Fri Oct 04 2019 09:05:57 GMT+0200 (CEST);1570179957000;1;213.8;14.12
1380556831572750;28;34.6;Fri Oct 04 2019 11:07:50 GMT+0200 (CEST);Fri Oct 04 2019 09:07:50 GMT+0200 (CEST);1570180070000;1.04;227.57;13.85
1380556831572750;28;35;Fri Oct 04 2019 11:09:48 GMT+0200 (CEST);Fri Oct 04 2019 09:09:48 GMT+0200 (CEST);1570180188000;1.29;286.76;13.72
1380556831572750;27.5;35.3;Fri Oct 04 2019 11:11:42 GMT+0200 (CEST);Fri Oct 04 2019 09:11:42 GMT+0200 (CEST);1570180302000;2.11;430.07;13.8
1380556831572750;27.5;35.6;Fri Oct 04 2019 11:13:35 GMT+0200 (CEST);Fri Oct 04 2019 09:13:35 GMT+0200 (CEST);1570180415000;3.41;690.38;13.96
1380556831572750;27.5;35.4;Fri Oct 04 2019 11:15:29 GMT+0200 (CEST);Fri Oct 04 2019 09:15:29 GMT+0200 (CEST);1570180529000;3.49;697.08;14.57
1380556831572750;27.5;34.9;Fri Oct 04 2019 11:17:23 GMT+0200 (CEST);Fri Oct 04 2019 09:17:23 GMT+0200 (CEST);1570180643000;2.35;494.07;15.17
1380556831572750;28;34.9;Fri Oct 04 2019 11:19:16 GMT+0200 (CEST);Fri Oct 04 2019 09:19:16 GMT+0200 (CEST);1570180756000;3.74;739.7;15.79
1380556831572750;28;34.5;Fri Oct 04 2019 11:21:16 GMT+0200 (CEST);Fri Oct 04 2019 09:21:16 GMT+0200 (CEST);1570180876000;3.52;878.1;16.49
1380556831572750;28;34.1;Fri Oct 04 2019 11:23:11 GMT+0200 (CEST);Fri Oct 04 2019 09:23:11 GMT+0200 (CEST);1570180991000;2.83;581.11;16.78
1380556831572750;30;34;Fri Oct 04 2019 11:25:09 GMT+0200 (CEST);Fri Oct 04 2019 09:25:09 GMT+0200 (CEST);1570181109000;2.27;481.27;16.84
1380556831572750;30;34;Fri Oct 04 2019 11:27:05 GMT+0200 (CEST);Fri Oct 04 2019 09:27:05 GMT+0200 (CEST);1570181225000;2.3;506.87;16.76
1380556831572750;31.5;34.6;Fri Oct 04 2019 11:28:58 GMT+0200 (CEST);Fri Oct 04 2019 09:28:58 GMT+0200 (CEST);1570181338000;2.69;642.55;16.74
1380556831572750;31.5;34.7;Fri Oct 04 2019 11:30:50 GMT+0200 (CEST);Fri Oct 04 2019 09:30:50 GMT+0200 (CEST);1570181450000;4.4;956.43;17.1
1380556831572750;31.5;34.1;Fri Oct 04 2019 11:33:00 GMT+0200 (CEST);Fri Oct 04 2019 09:33:00 GMT+0200 (CEST);1570181580000;4.19;908.6;17.84
1380556831572750;32;33.9;Fri Oct 04 2019 11:34:53 GMT+0200 (CEST);Fri Oct 04 2019 09:34:53 GMT+0200 (CEST);1570181693000;3.11;726.26;18.15
1380556831572750;32;34.6;Fri Oct 04 2019 11:36:56 GMT+0200 (CEST);Fri Oct 04 2019 09:36:56 GMT+0200 (CEST);1570181816000;3.03;686.62;18.46
1380556831572750;33;34.1;Fri Oct 04 2019 11:38:52 GMT+0200 (CEST);Fri Oct 04 2019 09:38:52 GMT+0200 (CEST);1570181932000;3.23;765.33;18.53
1380556831572750;33;33.6;Fri Oct 04 2019 11:40:48 GMT+0200 (CEST);Fri Oct 04 2019 09:40:48 GMT+0200 (CEST);1570182048000;1.83;368.63;18.52
1380556831572750;33;33.2;Fri Oct 04 2019 11:42:40 GMT+0200 (CEST);Fri Oct 04 2019 09:42:40 GMT+0200 (CEST);1570182160000;1.4;292.65;18.12
1380556831572750;35.6;33.7;Fri Oct 04 2019 11:44:33 GMT+0200 (CEST);Fri Oct 04 2019 09:44:33 GMT+0200 (CEST);1570182273000;1.34;273.77;17.39
1380556831572750;35.6;33.8;Fri Oct 04 2019 11:46:26 GMT+0200 (CEST);Fri Oct 04 2019 09:46:26 GMT+0200 (CEST);1570182386000;1.31;260.13;16.81
1380556831572750;33;33.9;Fri Oct 04 2019 11:48:34 GMT+0200 (CEST);Fri Oct 04 2019 09:48:34 GMT+0200 (CEST);1570182514000;1.21;240.2;16.48
1380556831572750;33;34;Fri Oct 04 2019 11:50:27 GMT+0200 (CEST);Fri Oct 04 2019 09:50:27 GMT+0200 (CEST);1570182627000;1.26;251.78;16.08
1380556831572750;33;34.3;Fri Oct 04 2019 11:52:19 GMT+0200 (CEST);Fri Oct 04 2019 09:52:19 GMT+0200 (CEST);1570182739000;1.32;258.51;15.64
1380556831572750;31.5;34.3;Fri Oct 04 2019 11:54:16 GMT+0200 (CEST);Fri Oct 04 2019 09:54:16 GMT+0200 (CEST);1570182856000;1.16;225.39;15.34
1380556831572750;31.5;34.3;Fri Oct 04 2019 11:56:08 GMT+0200 (CEST);Fri Oct 04 2019 09:56:08 GMT+0200 (CEST);1570182968000;1.12;221.66;15.15
1380556831572750;30;34.3;Fri Oct 04 2019 11:58:01 GMT+0200 (CEST);Fri Oct 04 2019 09:58:01 GMT+0200 (CEST);1570183081000;1.2;239.21;15
1380556831572750;30;34.6;Fri Oct 04 2019 11:59:53 GMT+0200 (CEST);Fri Oct 04 2019 09:59:53 GMT+0200 (CEST);1570183193000;1.22;240.63;14.96
1380556831572750;30;34.7;Fri Oct 04 2019 12:01:46 GMT+0200 (CEST);Fri Oct 04 2019 10:01:46 GMT+0200 (CEST);1570183306000;1.25;246.29;14.88
1380556831572750;29.5;34.7;Fri Oct 04 2019 12:03:48 GMT+0200 (CEST);Fri Oct 04 2019 10:03:48 GMT+0200 (CEST);1570183428000;1.37;276.34;14.88
1380556831572750;29.5;35;Fri Oct 04 2019 12:05:43 GMT+0200 (CEST);Fri Oct 04 2019 10:05:43 GMT+0200 (CEST);1570183543000;1.59;327.5;14.92
1380556831572750;28;35.2;Fri Oct 04 2019 12:07:39 GMT+0200 (CEST);Fri Oct 04 2019 10:07:39 GMT+0200 (CEST);1570183659000;1.73;348.15;15.07
1380556831572750;28;34.7;Fri Oct 04 2019 12:09:32 GMT+0200 (CEST);Fri Oct 04 2019 10:09:32 GMT+0200 (CEST);1570183772000;1.5;309.16;15.29
1380556831572750;28;34.7;Fri Oct 04 2019 12:11:27 GMT+0200 (CEST);Fri Oct 04 2019 10:11:27 GMT+0200 (CEST);1570183887000;1.43;295.24;15.36
1380556831572750;28;34.4;Fri Oct 04 2019 12:13:20 GMT+0200 (CEST);Fri Oct 04 2019 10:13:20 GMT+0200 (CEST);1570184000000;1.22;248.59;15.35
1380556831572750;28;34.4;Fri Oct 04 2019 12:15:18 GMT+0200 (CEST);Fri Oct 04 2019 10:15:18 GMT+0200 (CEST);1570184118000;1.22;249.34;15.27
1380556831572750;27.5;34.5;Fri Oct 04 2019 12:17:12 GMT+0200 (CEST);Fri Oct 04 2019 10:17:12 GMT+0200 (CEST);1570184232000;1.26;257.88;15.23
1380556831572750;27.5;34.6;Fri Oct 04 2019 12:19:25 GMT+0200 (CEST);Fri Oct 04 2019 10:19:25 GMT+0200 (CEST);1570184365000;1.23;251.61;15.07
1380556831572750;27.5;34.5;Fri Oct 04 2019 12:21:26 GMT+0200 (CEST);Fri Oct 04 2019 10:21:26 GMT+0200 (CEST);1570184486000;1.15;233.72;14.89
1380556831572750;27.5;34.7;Fri Oct 04 2019 12:23:19 GMT+0200 (CEST);Fri Oct 04 2019 10:23:19 GMT+0200 (CEST);1570184599000;1.07;223.08;14.82
1380556831572750;27.5;34.7;Fri Oct 04 2019 12:25:23 GMT+0200 (CEST);Fri Oct 04 2019 10:25:23 GMT+0200 (CEST);1570184723000;1.1;226.25;14.78
1380556831572750;27.5;34.7;Fri Oct 04 2019 12:27:21 GMT+0200 (CEST);Fri Oct 04 2019 10:27:21 GMT+0200 (CEST);1570184841000;1.17;240.47;14.74
1380556831572750;27.5;34.9;Fri Oct 04 2019 12:29:15 GMT+0200 (CEST);Fri Oct 04 2019 10:29:15 GMT+0200 (CEST);1570184955000;1.27;261.8;14.65
1380556831572750;27.5;35;Fri Oct 04 2019 12:31:08 GMT+0200 (CEST);Fri Oct 04 2019 10:31:08 GMT+0200 (CEST);1570185068000;1.45;298.85;14.7
1380556831572750;27.5;35;Fri Oct 04 2019 12:33:01 GMT+0200 (CEST);Fri Oct 04 2019 10:33:01 GMT+0200 (CEST);1570185181000;1.6;335.35;14.85
1380556831572750;27.5;35;Fri Oct 04 2019 12:34:57 GMT+0200 (CEST);Fri Oct 04 2019 10:34:57 GMT+0200 (CEST);1570185297000;1.61;337.91;15.1
1380556831572750;27.5;34.7;Fri Oct 04 2019 12:36:50 GMT+0200 (CEST);Fri Oct 04 2019 10:36:50 GMT+0200 (CEST);1570185410000;1.53;314.2;15.31
1380556831572750;27.5;34.7;Fri Oct 04 2019 12:38:45 GMT+0200 (CEST);Fri Oct 04 2019 10:38:45 GMT+0200 (CEST);1570185525000;1.62;330.23;15.4
1380556831572750;27.5;34.8;Fri Oct 04 2019 12:40:38 GMT+0200 (CEST);Fri Oct 04 2019 10:40:38 GMT+0200 (CEST);1570185638000;2.1;430.07;15.57
1380556831572750;27.5;34.8;Fri Oct 04 2019 12:42:50 GMT+0200 (CEST);Fri Oct 04 2019 10:42:50 GMT+0200 (CEST);1570185770000;1.67;332.79;15.76
1380556831572750;27.5;34.5;Fri Oct 04 2019 12:44:44 GMT+0200 (CEST);Fri Oct 04 2019 10:44:44 GMT+0200 (CEST);1570185884000;1.33;270.24;15.69
1380556831572750;27.5;34.3;Fri Oct 04 2019 12:46:50 GMT+0200 (CEST);Fri Oct 04 2019 10:46:50 GMT+0200 (CEST);1570186010000;1.09;216.52;15.38
1380556831572750;27.5;34.2;Fri Oct 04 2019 12:48:43 GMT+0200 (CEST);Fri Oct 04 2019 10:48:43 GMT+0200 (CEST);1570186123000;1;198.14;15.2
1380556831572750;27.5;34.2;Fri Oct 04 2019 12:50:52 GMT+0200 (CEST);Fri Oct 04 2019 10:50:52 GMT+0200 (CEST);1570186252000;0.97;191.87;15.07
1380556831572750;27.5;34.2;Fri Oct 04 2019 12:52:45 GMT+0200 (CEST);Fri Oct 04 2019 10:52:45 GMT+0200 (CEST);1570186365000;0.89;176.34;14.91
1380556831572750;27.5;34.1;Fri Oct 04 2019 12:54:38 GMT+0200 (CEST);Fri Oct 04 2019 10:54:38 GMT+0200 (CEST);1570186478000;0.82;161.5;14.73
1380556831572750;27.5;34.3;Fri Oct 04 2019 12:56:31 GMT+0200 (CEST);Fri Oct 04 2019 10:56:31 GMT+0200 (CEST);1570186591000;0.84;165;14.53
1380556831572750;27.5;34.2;Fri Oct 04 2019 12:58:15 GMT+0200 (CEST);Fri Oct 04 2019 10:58:15 GMT+0200 (CEST);1570186695000;0.88;171.11;14.39
1380556831572750;25.5;34.3;Fri Oct 04 2019 13:00:08 GMT+0200 (CEST);Fri Oct 04 2019 11:00:08 GMT+0200 (CEST);1570186808000;0.9;176.2;14.35
1380556831572750;25.5;34.4;Fri Oct 04 2019 13:02:00 GMT+0200 (CEST);Fri Oct 04 2019 11:02:00 GMT+0200 (CEST);1570186920000;0.89;170.03;14.2
1380556831572750;25.5;34.5;Fri Oct 04 2019 13:03:53 GMT+0200 (CEST);Fri Oct 04 2019 11:03:53 GMT+0200 (CEST);1570187033000;0.8;152.3;13.86
1380556831572750;25;34.3;Fri Oct 04 2019 13:06:13 GMT+0200 (CEST);Fri Oct 04 2019 11:06:13 GMT+0200 (CEST);1570187173000;0.72;135.08;13.59
1380556831572750;25;34.2;Fri Oct 04 2019 13:08:07 GMT+0200 (CEST);Fri Oct 04 2019 11:08:07 GMT+0200 (CEST);1570187287000;0.66;121.04;13.36
1380556831572750;24;34.1;Fri Oct 04 2019 13:10:00 GMT+0200 (CEST);Fri Oct 04 2019 11:10:00 GMT+0200 (CEST);1570187400000;0.62;114.4;13.21
1380556831572750;24;34.3;Fri Oct 04 2019 13:11:53 GMT+0200 (CEST);Fri Oct 04 2019 11:11:53 GMT+0200 (CEST);1570187513000;0.66;125.89;13.1
1380556831572750;24;34.6;Fri Oct 04 2019 13:13:46 GMT+0200 (CEST);Fri Oct 04 2019 11:13:46 GMT+0200 (CEST);1570187626000;0.74;139.64;12.99
1380556831572750;23.5;34.6;Fri Oct 04 2019 13:15:38 GMT+0200 (CEST);Fri Oct 04 2019 11:15:38 GMT+0200 (CEST);1570187738000;0.77;144.85;12.53
1380556831572750;23.5;34.8;Fri Oct 04 2019 13:17:28 GMT+0200 (CEST);Fri Oct 04 2019 11:17:28 GMT+0200 (CEST);1570187848000;0.79;151.74;12.28
1380556831572750;22;34.8;Fri Oct 04 2019 13:19:21 GMT+0200 (CEST);Fri Oct 04 2019 11:19:21 GMT+0200 (CEST);1570187961000;0.81;152.84;12.3
1380556831572750;22;34.8;Fri Oct 04 2019 13:21:31 GMT+0200 (CEST);Fri Oct 04 2019 11:21:31 GMT+0200 (CEST);1570188091000;0.8;149.9;12.45
1380556831572750;22;34.7;Fri Oct 04 2019 13:23:34 GMT+0200 (CEST);Fri Oct 04 2019 11:23:34 GMT+0200 (CEST);1570188214000;0.78;146.1;12.63
1380556831572750;22;34.6;Fri Oct 04 2019 13:25:26 GMT+0200 (CEST);Fri Oct 04 2019 11:25:26 GMT+0200 (CEST);1570188326000;0.74;139.92;12.82
1380556831572750;22;34.5;Fri Oct 04 2019 13:27:19 GMT+0200 (CEST);Fri Oct 04 2019 11:27:19 GMT+0200 (CEST);1570188439000;0.71;135.05;12.98
1380556831572750;22;34.4;Fri Oct 04 2019 13:28:36 GMT+0200 (CEST);Fri Oct 04 2019 11:28:36 GMT+0200 (CEST);1570188516000;0.7;135.33;13.03
1380556831572750;22;34.4;Fri Oct 04 2019 13:30:30 GMT+0200 (CEST);Fri Oct 04 2019 11:30:30 GMT+0200 (CEST);1570188630000;0.74;143.75;13.13
1380556831572750;22;34.5;Fri Oct 04 2019 13:32:23 GMT+0200 (CEST);Fri Oct 04 2019 11:32:23 GMT+0200 (CEST);1570188743000;0.83;160.12;13.2
1380556831572750;22;34.7;Fri Oct 04 2019 13:34:20 GMT+0200 (CEST);Fri Oct 04 2019 11:34:20 GMT+0200 (CEST);1570188860000;0.92;179.69;13.33
1380556831572750;22;34.6;Fri Oct 04 2019 13:36:13 GMT+0200 (CEST);Fri Oct 04 2019 11:36:13 GMT+0200 (CEST);1570188973000;0.94;183.35;13.47
1380556831572750;22;34.7;Fri Oct 04 2019 13:38:18 GMT+0200 (CEST);Fri Oct 04 2019 11:38:18 GMT+0200 (CEST);1570189098000;0.88;168.34;13.61
1380556831572750;22;34.4;Fri Oct 04 2019 13:40:11 GMT+0200 (CEST);Fri Oct 04 2019 11:40:11 GMT+0200 (CEST);1570189211000;0.76;147.69;13.64
1380556831572750;22;34.1;Fri Oct 04 2019 13:42:04 GMT+0200 (CEST);Fri Oct 04 2019 11:42:04 GMT+0200 (CEST);1570189324000;0.67;129.2;13.62
1380556831572750;22;34.1;Fri Oct 04 2019 13:43:58 GMT+0200 (CEST);Fri Oct 04 2019 11:43:58 GMT+0200 (CEST);1570189438000;0.67;129.46;13.61
1380556831572750;22;34.2;Fri Oct 04 2019 13:45:52 GMT+0200 (CEST);Fri Oct 04 2019 11:45:52 GMT+0200 (CEST);1570189552000;0.72;136.69;13.58
1380556831572750;23.5;34.3;Fri Oct 04 2019 13:47:46 GMT+0200 (CEST);Fri Oct 04 2019 11:47:46 GMT+0200 (CEST);1570189666000;0.74;140.68;13.57
1380556831572750;23.5;34.2;Fri Oct 04 2019 13:49:40 GMT+0200 (CEST);Fri Oct 04 2019 11:49:40 GMT+0200 (CEST);1570189780000;0.73;138.91;13.58
1380556831572750;23.5;34.2;Fri Oct 04 2019 13:51:37 GMT+0200 (CEST);Fri Oct 04 2019 11:51:37 GMT+0200 (CEST);1570189897000;0.7;133.19;13.61
1380556831572750;23.5;34.1;Fri Oct 04 2019 13:53:33 GMT+0200 (CEST);Fri Oct 04 2019 11:53:33 GMT+0200 (CEST);1570190013000;0.63;121.36;13.62
1380556831572750;23.5;33.8;Fri Oct 04 2019 13:55:27 GMT+0200 (CEST);Fri Oct 04 2019 11:55:27 GMT+0200 (CEST);1570190127000;0.58;110.01;13.62
1380556831572750;23.5;33.6;Fri Oct 04 2019 13:57:20 GMT+0200 (CEST);Fri Oct 04 2019 11:57:20 GMT+0200 (CEST);1570190240000;0.55;105.37;13.64
1380556831572750;23.5;33.8;Fri Oct 04 2019 13:59:12 GMT+0200 (CEST);Fri Oct 04 2019 11:59:12 GMT+0200 (CEST);1570190352000;0.55;105.29;13.6
1380556831572750;23.5;33.8;Fri Oct 04 2019 14:01:08 GMT+0200 (CEST);Fri Oct 04 2019 12:01:08 GMT+0200 (CEST);1570190468000;0.55;105.94;13.5
1380556831572750;23.5;33.9;Fri Oct 04 2019 14:03:05 GMT+0200 (CEST);Fri Oct 04 2019 12:03:05 GMT+0200 (CEST);1570190585000;0.55;107.63;13.38
1380556831572750;23.5;33.9;Fri Oct 04 2019 14:05:00 GMT+0200 (CEST);Fri Oct 04 2019 12:05:00 GMT+0200 (CEST);1570190700000;0.58;111.58;13.33
1380556831572750;23.5;34;Fri Oct 04 2019 14:06:56 GMT+0200 (CEST);Fri Oct 04 2019 12:06:56 GMT+0200 (CEST);1570190816000;0.61;118.35;13.33
1380556831572750;23.5;34.1;Fri Oct 04 2019 14:08:44 GMT+0200 (CEST);Fri Oct 04 2019 12:08:44 GMT+0200 (CEST);1570190924000;0.66;126.43;13.32
1380556831572750;23.5;34.2;Fri Oct 04 2019 14:10:37 GMT+0200 (CEST);Fri Oct 04 2019 12:10:37 GMT+0200 (CEST);1570191037000;0.7;135.42;13.37
1380556831572750;23.5;34.3;Fri Oct 04 2019 14:12:44 GMT+0200 (CEST);Fri Oct 04 2019 12:12:44 GMT+0200 (CEST);1570191164000;0.71;137.2;13.47
1380556831572750;23.5;34.2;Fri Oct 04 2019 14:14:37 GMT+0200 (CEST);Fri Oct 04 2019 12:14:37 GMT+0200 (CEST);1570191277000;0.73;140.51;13.55
1380556831572750;23.5;34.3;Fri Oct 04 2019 14:16:37 GMT+0200 (CEST);Fri Oct 04 2019 12:16:37 GMT+0200 (CEST);1570191397000;0.77;148.33;13.5
1380556831572750;23.5;34.4;Fri Oct 04 2019 14:18:29 GMT+0200 (CEST);Fri Oct 04 2019 12:18:29 GMT+0200 (CEST);1570191509000;0.79;153.35;13.55
1380556831572750;23.5;34.3;Fri Oct 04 2019 14:20:22 GMT+0200 (CEST);Fri Oct 04 2019 12:20:22 GMT+0200 (CEST);1570191622000;0.78;151.78;13.62
1380556831572750;23.5;34.3;Fri Oct 04 2019 14:22:15 GMT+0200 (CEST);Fri Oct 04 2019 12:22:15 GMT+0200 (CEST);1570191735000;0.74;144.22;13.65
1380556831572750;23.5;34.3;Fri Oct 04 2019 14:24:24 GMT+0200 (CEST);Fri Oct 04 2019 12:24:24 GMT+0200 (CEST);1570191864000;0.76;147.27;13.64
1380556831572750;23.5;34.3;Fri Oct 04 2019 14:26:30 GMT+0200 (CEST);Fri Oct 04 2019 12:26:30 GMT+0200 (CEST);1570191990000;0.82;158.41;13.71
1380556831572750;23.5;34.3;Fri Oct 04 2019 14:28:22 GMT+0200 (CEST);Fri Oct 04 2019 12:28:22 GMT+0200 (CEST);1570192102000;0.85;162.65;13.81
1380556831572750;23.5;34.4;Fri Oct 04 2019 14:30:19 GMT+0200 (CEST);Fri Oct 04 2019 12:30:19 GMT+0200 (CEST);1570192219000;0.88;169.69;13.88
1380556831572750;23.5;34.3;Fri Oct 04 2019 14:32:14 GMT+0200 (CEST);Fri Oct 04 2019 12:32:14 GMT+0200 (CEST);1570192334000;0.88;171.16;13.95
1380556831572750;23.5;34.3;Fri Oct 04 2019 14:34:06 GMT+0200 (CEST);Fri Oct 04 2019 12:34:06 GMT+0200 (CEST);1570192446000;0.85;163.67;14.05
1380556831572750;23.5;34.2;Fri Oct 04 2019 14:36:05 GMT+0200 (CEST);Fri Oct 04 2019 12:36:05 GMT+0200 (CEST);1570192565000;0.79;153.23;14.1
1380556831572750;23.5;34.2;Fri Oct 04 2019 14:37:58 GMT+0200 (CEST);Fri Oct 04 2019 12:37:58 GMT+0200 (CEST);1570192678000;0.75;144.53;14.14
1380556831572750;24;34.1;Fri Oct 04 2019 14:39:52 GMT+0200 (CEST);Fri Oct 04 2019 12:39:52 GMT+0200 (CEST);1570192792000;0.71;136.66;14.1
1380556831572750;24;34.1;Fri Oct 04 2019 14:41:50 GMT+0200 (CEST);Fri Oct 04 2019 12:41:50 GMT+0200 (CEST);1570192910000;0.68;131.11;14.06
1380556831572750;23.5;34;Fri Oct 04 2019 14:43:43 GMT+0200 (CEST);Fri Oct 04 2019 12:43:43 GMT+0200 (CEST);1570193023000;0.64;122.3;14.03
1380556831572750;23.5;33.9;Fri Oct 04 2019 14:45:37 GMT+0200 (CEST);Fri Oct 04 2019 12:45:37 GMT+0200 (CEST);1570193137000;0.58;112.19;14
1380556831572750;23.5;33.6;Fri Oct 04 2019 14:47:31 GMT+0200 (CEST);Fri Oct 04 2019 12:47:31 GMT+0200 (CEST);1570193251000;0.53;100.95;13.91
1380556831572750;23.5;33.5;Fri Oct 04 2019 14:49:25 GMT+0200 (CEST);Fri Oct 04 2019 12:49:25 GMT+0200 (CEST);1570193365000;0.5;95.99;13.81
1380556831572750;23.5;33.5;Fri Oct 04 2019 14:51:17 GMT+0200 (CEST);Fri Oct 04 2019 12:51:17 GMT+0200 (CEST);1570193477000;0.48;92.68;13.71
1380556831572750;23.5;33.5;Fri Oct 04 2019 14:53:12 GMT+0200 (CEST);Fri Oct 04 2019 12:53:12 GMT+0200 (CEST);1570193592000;0.49;94.44;13.63
1380556831572750;23.5;33.5;Fri Oct 04 2019 14:55:28 GMT+0200 (CEST);Fri Oct 04 2019 12:55:28 GMT+0200 (CEST);1570193728000;0.5;95.49;13.6
1380556831572750;23.5;33.6;Fri Oct 04 2019 14:57:21 GMT+0200 (CEST);Fri Oct 04 2019 12:57:21 GMT+0200 (CEST);1570193841000;0.5;96.11;13.57
1380556831572750;23.5;33.6;Fri Oct 04 2019 14:59:17 GMT+0200 (CEST);Fri Oct 04 2019 12:59:17 GMT+0200 (CEST);1570193957000;0.51;97.08;13.56
1380556831572750;23.5;33.6;Fri Oct 04 2019 15:01:13 GMT+0200 (CEST);Fri Oct 04 2019 13:01:13 GMT+0200 (CEST);1570194073000;0.53;100.8;13.5
1380556831572750;22;33.8;Fri Oct 04 2019 15:03:15 GMT+0200 (CEST);Fri Oct 04 2019 13:03:15 GMT+0200 (CEST);1570194195000;0.53;102.55;13.51
1380556831572750;22;33.8;Fri Oct 04 2019 15:05:09 GMT+0200 (CEST);Fri Oct 04 2019 13:05:09 GMT+0200 (CEST);1570194309000;0.51;97.14;13.53
1380556831572750;23.5;33.6;Fri Oct 04 2019 15:07:05 GMT+0200 (CEST);Fri Oct 04 2019 13:07:05 GMT+0200 (CEST);1570194425000;0.49;92.13;13.54
1380556831572750;23.5;33.5;Fri Oct 04 2019 15:08:58 GMT+0200 (CEST);Fri Oct 04 2019 13:08:58 GMT+0200 (CEST);1570194538000;0.46;87.68;13.53
1380556831572750;23.5;33.2;Fri Oct 04 2019 15:10:52 GMT+0200 (CEST);Fri Oct 04 2019 13:10:52 GMT+0200 (CEST);1570194652000;0.43;83.02;13.47
1380556831572750;22;33.2;Fri Oct 04 2019 15:12:45 GMT+0200 (CEST);Fri Oct 04 2019 13:12:45 GMT+0200 (CEST);1570194765000;0.46;86.94;13.41
1380556831572750;22;33.3;Fri Oct 04 2019 15:14:38 GMT+0200 (CEST);Fri Oct 04 2019 13:14:38 GMT+0200 (CEST);1570194878000;0.44;83.27;13.35
1380556831572750;22;33;Fri Oct 04 2019 15:16:31 GMT+0200 (CEST);Fri Oct 04 2019 13:16:31 GMT+0200 (CEST);1570194991000;0.38;73.85;13.22
1380556831572750;22;32.8;Fri Oct 04 2019 15:18:36 GMT+0200 (CEST);Fri Oct 04 2019 13:18:36 GMT+0200 (CEST);1570195116000;0.34;65.44;13.15
1380556831572750;22;33;Fri Oct 04 2019 15:20:29 GMT+0200 (CEST);Fri Oct 04 2019 13:20:29 GMT+0200 (CEST);1570195229000;0.32;60.57;13
1380556831572750;21.5;32.6;Fri Oct 04 2019 15:22:21 GMT+0200 (CEST);Fri Oct 04 2019 13:22:21 GMT+0200 (CEST);1570195341000;0.31;57.61;12.85
1380556831572750;21.5;32.6;Fri Oct 04 2019 15:24:15 GMT+0200 (CEST);Fri Oct 04 2019 13:24:15 GMT+0200 (CEST);1570195455000;0.3;57.28;12.75
1380556831572750;21.5;32.8;Fri Oct 04 2019 15:26:08 GMT+0200 (CEST);Fri Oct 04 2019 13:26:08 GMT+0200 (CEST);1570195568000;0.32;59.8;12.73
1380556831572750;21.5;32.5;Fri Oct 04 2019 15:28:01 GMT+0200 (CEST);Fri Oct 04 2019 13:28:01 GMT+0200 (CEST);1570195681000;0.3;57.69;12.74
1380556831572750;21.5;32.5;Fri Oct 04 2019 15:29:55 GMT+0200 (CEST);Fri Oct 04 2019 13:29:55 GMT+0200 (CEST);1570195795000;0.31;60.01;12.75
1380556831572750;21.5;32.6;Fri Oct 04 2019 15:31:51 GMT+0200 (CEST);Fri Oct 04 2019 13:31:51 GMT+0200 (CEST);1570195911000;0.34;64.58;12.81
1380556831572750;21.5;32.6;Fri Oct 04 2019 15:34:08 GMT+0200 (CEST);Fri Oct 04 2019 13:34:08 GMT+0200 (CEST);1570196048000;0.3;57.82;12.87
1380556831572750;19.9;32.3;Fri Oct 04 2019 15:36:07 GMT+0200 (CEST);Fri Oct 04 2019 13:36:07 GMT+0200 (CEST);1570196167000;0.3;58.99;12.91
1380556831572750;19.9;32.6;Fri Oct 04 2019 15:38:01 GMT+0200 (CEST);Fri Oct 04 2019 13:38:01 GMT+0200 (CEST);1570196281000;0.31;59.33;12.93
1380556831572750;19.9;32.6;Fri Oct 04 2019 15:39:58 GMT+0200 (CEST);Fri Oct 04 2019 13:39:58 GMT+0200 (CEST);1570196398000;0.23;44.3;12.83
1380556831572750;19.9;31.9;Fri Oct 04 2019 15:41:57 GMT+0200 (CEST);Fri Oct 04 2019 13:41:57 GMT+0200 (CEST);1570196517000;0.17;30.25;12.39
1380556831572750;19.9;31;Fri Oct 04 2019 15:43:50 GMT+0200 (CEST);Fri Oct 04 2019 13:43:50 GMT+0200 (CEST);1570196630000;0.16;27.21;11.96
1380556831572750;19.9;31.1;Fri Oct 04 2019 15:45:42 GMT+0200 (CEST);Fri Oct 04 2019 13:45:42 GMT+0200 (CEST);1570196742000;0.13;20.31;11.76
1380556831572750;19.9;30.8;Fri Oct 04 2019 15:47:36 GMT+0200 (CEST);Fri Oct 04 2019 13:47:36 GMT+0200 (CEST);1570196856000;0.11;18.86;11.71
1380556831572750;19.4;31;Fri Oct 04 2019 15:49:59 GMT+0200 (CEST);Fri Oct 04 2019 13:49:59 GMT+0200 (CEST);1570196999000;0.13;23.86;11.73
1380556831572750;19.4;31.5;Fri Oct 04 2019 15:52:04 GMT+0200 (CEST);Fri Oct 04 2019 13:52:04 GMT+0200 (CEST);1570197124000;0.16;30.22;11.73
1380556831572750;19.4;31.5;Fri Oct 04 2019 15:54:00 GMT+0200 (CEST);Fri Oct 04 2019 13:54:00 GMT+0200 (CEST);1570197240000;0.18;33.87;11.78
1380556831572750;17.9;31.3;Fri Oct 04 2019 15:55:52 GMT+0200 (CEST);Fri Oct 04 2019 13:55:52 GMT+0200 (CEST);1570197352000;0.17;33.4;11.8
1380556831572750;17.9;31.3;Fri Oct 04 2019 15:57:52 GMT+0200 (CEST);Fri Oct 04 2019 13:57:52 GMT+0200 (CEST);1570197472000;0.17;33.83;11.82
1380556831572750;16.9;31.4;Fri Oct 04 2019 15:59:48 GMT+0200 (CEST);Fri Oct 04 2019 13:59:48 GMT+0200 (CEST);1570197588000;0.16;31.01;11.85
1380556831572750;16.9;31;Fri Oct 04 2019 16:01:45 GMT+0200 (CEST);Fri Oct 04 2019 14:01:45 GMT+0200 (CEST);1570197705000;0.14;27.89;11.86
1380556831572750;16.9;31.4;Fri Oct 04 2019 16:03:37 GMT+0200 (CEST);Fri Oct 04 2019 14:03:37 GMT+0200 (CEST);1570197817000;0.14;27.9;11.81
1380556831572750;16.9;31;Fri Oct 04 2019 16:06:03 GMT+0200 (CEST);Fri Oct 04 2019 14:06:03 GMT+0200 (CEST);1570197963000;0.16;30.84;11.68
1380556831572750;16.9;31.1;Fri Oct 04 2019 16:07:56 GMT+0200 (CEST);Fri Oct 04 2019 14:07:56 GMT+0200 (CEST);1570198076000;0.17;32.56;11.5
1380556831572750;16.9;31.4;Fri Oct 04 2019 16:09:49 GMT+0200 (CEST);Fri Oct 04 2019 14:09:49 GMT+0200 (CEST);1570198189000;0.2;36.31;11.36
1380556831572750;16.9;32;Fri Oct 04 2019 16:11:42 GMT+0200 (CEST);Fri Oct 04 2019 14:11:42 GMT+0200 (CEST);1570198302000;0.21;38.93;11.3
1380556831572750;16.9;31.9;Fri Oct 04 2019 16:13:35 GMT+0200 (CEST);Fri Oct 04 2019 14:13:35 GMT+0200 (CEST);1570198415000;0.22;42.84;11.3
1380556831572750;16.9;32.4;Fri Oct 04 2019 16:15:28 GMT+0200 (CEST);Fri Oct 04 2019 14:15:28 GMT+0200 (CEST);1570198528000;0.22;43.06;11.31
1380556831572750;16.9;31.9;Fri Oct 04 2019 16:17:20 GMT+0200 (CEST);Fri Oct 04 2019 14:17:20 GMT+0200 (CEST);1570198640000;0.23;44.11;11.3
1380556831572750;16.9;32.5;Fri Oct 04 2019 16:19:13 GMT+0200 (CEST);Fri Oct 04 2019 14:19:13 GMT+0200 (CEST);1570198753000;0.21;39.59;11.25
1380556831572750;16.9;32.1;Fri Oct 04 2019 16:21:07 GMT+0200 (CEST);Fri Oct 04 2019 14:21:07 GMT+0200 (CEST);1570198867000;0.21;39.04;11.18
1380556831572750;16.9;31.9;Fri Oct 04 2019 16:23:00 GMT+0200 (CEST);Fri Oct 04 2019 14:23:00 GMT+0200 (CEST);1570198980000;0.2;35.51;11.06
1380556831572750;16.9;31.6;Fri Oct 04 2019 16:24:52 GMT+0200 (CEST);Fri Oct 04 2019 14:24:52 GMT+0200 (CEST);1570199092000;0.16;27.93;10.94
1380556831572750;16.9;31.2;Fri Oct 04 2019 16:26:48 GMT+0200 (CEST);Fri Oct 04 2019 14:26:48 GMT+0200 (CEST);1570199208000;0.15;25.99;10.8
1380556831572750;16.9;31.4;Fri Oct 04 2019 16:28:41 GMT+0200 (CEST);Fri Oct 04 2019 14:28:41 GMT+0200 (CEST);1570199321000;0.18;31.57;10.65
1380556831572750;16.9;31.2;Fri Oct 04 2019 16:30:34 GMT+0200 (CEST);Fri Oct 04 2019 14:30:34 GMT+0200 (CEST);1570199434000;0.17;31.01;10.55
1380556831572750;16.9;31.2;Fri Oct 04 2019 16:32:28 GMT+0200 (CEST);Fri Oct 04 2019 14:32:28 GMT+0200 (CEST);1570199548000;0.13;23.05;10.42
1380556831572750;16.9;31.3;Fri Oct 04 2019 16:34:41 GMT+0200 (CEST);Fri Oct 04 2019 14:34:41 GMT+0200 (CEST);1570199681000;0.17;30.41;10.24
1380556831572750;16.9;31.3;Fri Oct 04 2019 16:36:38 GMT+0200 (CEST);Fri Oct 04 2019 14:36:38 GMT+0200 (CEST);1570199798000;0.16;30.17;10.13
1380556831572750;16.9;31;Fri Oct 04 2019 16:38:31 GMT+0200 (CEST);Fri Oct 04 2019 14:38:31 GMT+0200 (CEST);1570199911000;0.15;28.47;10.1
1380556831572750;16.9;31.4;Fri Oct 04 2019 16:40:23 GMT+0200 (CEST);Fri Oct 04 2019 14:40:23 GMT+0200 (CEST);1570200023000;0.16;29.41;10.05
1380556831572750;16.9;31.5;Fri Oct 04 2019 16:42:16 GMT+0200 (CEST);Fri Oct 04 2019 14:42:16 GMT+0200 (CEST);1570200136000;0.15;28.48;9.98
1380556831572750;16.9;31.7;Fri Oct 04 2019 16:44:26 GMT+0200 (CEST);Fri Oct 04 2019 14:44:26 GMT+0200 (CEST);1570200266000;0.17;34.21;9.9
1380556831572750;16.9;32.7;Fri Oct 04 2019 16:46:27 GMT+0200 (CEST);Fri Oct 04 2019 14:46:27 GMT+0200 (CEST);1570200387000;0.25;47.89;9.86
1380556831572750;16.9;32.3;Fri Oct 04 2019 16:48:34 GMT+0200 (CEST);Fri Oct 04 2019 14:48:34 GMT+0200 (CEST);1570200514000;0.21;39.64;9.88
1380556831572750;16.9;31.8;Fri Oct 04 2019 16:50:27 GMT+0200 (CEST);Fri Oct 04 2019 14:50:27 GMT+0200 (CEST);1570200627000;0.2;38.01;9.9
1380556831572750;16.9;31.7;Fri Oct 04 2019 16:52:28 GMT+0200 (CEST);Fri Oct 04 2019 14:52:28 GMT+0200 (CEST);1570200748000;0.16;31.78;9.92
1380556831572750;16.9;31.7;Fri Oct 04 2019 16:54:21 GMT+0200 (CEST);Fri Oct 04 2019 14:54:21 GMT+0200 (CEST);1570200861000;0.14;28.2;9.89
1380556831572750;16.9;30.9;Fri Oct 04 2019 16:56:19 GMT+0200 (CEST);Fri Oct 04 2019 14:56:19 GMT+0200 (CEST);1570200979000;0.14;28.04;9.85
1380556831572750;16.9;31;Fri Oct 04 2019 16:58:11 GMT+0200 (CEST);Fri Oct 04 2019 14:58:11 GMT+0200 (CEST);1570201091000;0.12;25.17;9.86
1380556831572750;16.9;31.3;Fri Oct 04 2019 17:00:04 GMT+0200 (CEST);Fri Oct 04 2019 15:00:04 GMT+0200 (CEST);1570201204000;0.13;25.89;9.86
1380556831572750;16.9;31.2;Fri Oct 04 2019 17:02:12 GMT+0200 (CEST);Fri Oct 04 2019 15:02:12 GMT+0200 (CEST);1570201332000;0.15;30.08;9.89
1380556831572750;16.9;31.6;Fri Oct 04 2019 17:04:00 GMT+0200 (CEST);Fri Oct 04 2019 15:04:00 GMT+0200 (CEST);1570201440000;0.17;33.08;9.89
1380556831572750;16.9;31.5;Fri Oct 04 2019 17:05:53 GMT+0200 (CEST);Fri Oct 04 2019 15:05:53 GMT+0200 (CEST);1570201553000;0.18;34.76;9.89
1380556831572750;16.9;31.7;Fri Oct 04 2019 17:07:48 GMT+0200 (CEST);Fri Oct 04 2019 15:07:48 GMT+0200 (CEST);1570201668000;0.18;33.39;9.91
1380556831572750;16.9;31.3;Fri Oct 04 2019 17:09:41 GMT+0200 (CEST);Fri Oct 04 2019 15:09:41 GMT+0200 (CEST);1570201781000;0.17;32;9.95
1380556831572750;16.9;31.3;Fri Oct 04 2019 17:11:34 GMT+0200 (CEST);Fri Oct 04 2019 15:11:34 GMT+0200 (CEST);1570201894000;0.15;29.78;10
1380556831572750;16.9;31.5;Fri Oct 04 2019 17:13:28 GMT+0200 (CEST);Fri Oct 04 2019 15:13:28 GMT+0200 (CEST);1570202008000;0.16;30.69;10.05
1380556831572750;16.9;31;Fri Oct 04 2019 17:15:22 GMT+0200 (CEST);Fri Oct 04 2019 15:15:22 GMT+0200 (CEST);1570202122000;0.12;23.67;10.04
1380556831572750;16.9;31.1;Fri Oct 04 2019 17:17:16 GMT+0200 (CEST);Fri Oct 04 2019 15:17:16 GMT+0200 (CEST);1570202236000;0.14;26.28;10.01
1380556831572750;16.9;31.2;Fri Oct 04 2019 17:19:11 GMT+0200 (CEST);Fri Oct 04 2019 15:19:11 GMT+0200 (CEST);1570202351000;0.16;30.74;9.99
1380556831572750;16.9;31.4;Fri Oct 04 2019 17:21:08 GMT+0200 (CEST);Fri Oct 04 2019 15:21:08 GMT+0200 (CEST);1570202468000;0.19;36.16;9.95
1380556831572750;16.9;31.4;Fri Oct 04 2019 17:23:21 GMT+0200 (CEST);Fri Oct 04 2019 15:23:21 GMT+0200 (CEST);1570202601000;0.15;28.65;9.93
1380556831572750;16.9;31.2;Fri Oct 04 2019 17:25:14 GMT+0200 (CEST);Fri Oct 04 2019 15:25:14 GMT+0200 (CEST);1570202714000;0.1;20.53;9.94
1380556831572750;16.9;30.4;Fri Oct 04 2019 17:27:10 GMT+0200 (CEST);Fri Oct 04 2019 15:27:10 GMT+0200 (CEST);1570202830000;0;14.56;9.91
1380556831572750;16.9;31;Fri Oct 04 2019 17:29:02 GMT+0200 (CEST);Fri Oct 04 2019 15:29:02 GMT+0200 (CEST);1570202942000;0.09;18.96;9.87
1380556831572750;15.9;31;Fri Oct 04 2019 17:31:07 GMT+0200 (CEST);Fri Oct 04 2019 15:31:07 GMT+0200 (CEST);1570203067000;0.07;16.04;9.85
1380556831572750;15.9;31;Fri Oct 04 2019 17:33:03 GMT+0200 (CEST);Fri Oct 04 2019 15:33:03 GMT+0200 (CEST);1570203183000;0.08;17.95;9.87
1380556831572750;16.9;30.8;Fri Oct 04 2019 17:34:56 GMT+0200 (CEST);Fri Oct 04 2019 15:34:56 GMT+0200 (CEST);1570203296000;0.09;17.97;9.89
1380556831572750;16.9;31;Fri Oct 04 2019 17:37:01 GMT+0200 (CEST);Fri Oct 04 2019 15:37:01 GMT+0200 (CEST);1570203421000;0;13.74;9.86
1380556831572750;15.9;30.7;Fri Oct 04 2019 17:39:03 GMT+0200 (CEST);Fri Oct 04 2019 15:39:03 GMT+0200 (CEST);1570203543000;0.09;19.88;9.88
1380556831572750;15.9;31.2;Fri Oct 04 2019 17:40:56 GMT+0200 (CEST);Fri Oct 04 2019 15:40:56 GMT+0200 (CEST);1570203656000;0.15;31.39;9.92
1380556831572750;15.9;31.6;Fri Oct 04 2019 17:42:49 GMT+0200 (CEST);Fri Oct 04 2019 15:42:49 GMT+0200 (CEST);1570203769000;0.19;36.6;9.95
1380556831572750;16.9;32.1;Fri Oct 04 2019 17:44:51 GMT+0200 (CEST);Fri Oct 04 2019 15:44:51 GMT+0200 (CEST);1570203891000;0.19;34.13;9.99
1380556831572750;16.9;31.4;Fri Oct 04 2019 17:46:58 GMT+0200 (CEST);Fri Oct 04 2019 15:46:58 GMT+0200 (CEST);1570204018000;0.1;19.26;10.02
1380556831572750;16.9;30.5;Fri Oct 04 2019 17:48:51 GMT+0200 (CEST);Fri Oct 04 2019 15:48:51 GMT+0200 (CEST);1570204131000;0;8.75;9.98
1380556831572750;16.9;31.1;Fri Oct 04 2019 17:50:44 GMT+0200 (CEST);Fri Oct 04 2019 15:50:44 GMT+0200 (CEST);1570204244000;0;7;9.97
1380556831572750;16.9;33;Fri Oct 04 2019 17:52:43 GMT+0200 (CEST);Fri Oct 04 2019 15:52:43 GMT+0200 (CEST);1570204363000;0;8.71;9.95
1380556831572750;16.9;33;Fri Oct 04 2019 17:54:34 GMT+0200 (CEST);Fri Oct 04 2019 15:54:34 GMT+0200 (CEST);1570204474000;0;12.2;9.95
1380556831572750;16.9;32.7;Fri Oct 04 2019 17:56:27 GMT+0200 (CEST);Fri Oct 04 2019 15:56:27 GMT+0200 (CEST);1570204587000;0.09;21.35;9.96
1380556831572750;16.9;32.6;Fri Oct 04 2019 17:58:25 GMT+0200 (CEST);Fri Oct 04 2019 15:58:25 GMT+0200 (CEST);1570204705000;0.08;18.85;9.99
1380556831572750;16.9;31.9;Fri Oct 04 2019 18:00:20 GMT+0200 (CEST);Fri Oct 04 2019 16:00:20 GMT+0200 (CEST);1570204820000;0;15.13;9.98
1380556831572750;16.9;31.6;Fri Oct 04 2019 18:02:13 GMT+0200 (CEST);Fri Oct 04 2019 16:02:13 GMT+0200 (CEST);1570204933000;0.07;15.83;9.99
1380556831572750;16.9;30.9;Fri Oct 04 2019 18:04:06 GMT+0200 (CEST);Fri Oct 04 2019 16:04:06 GMT+0200 (CEST);1570205046000;0;11.47;10
1380556831572750;16.9;32;Fri Oct 04 2019 18:05:59 GMT+0200 (CEST);Fri Oct 04 2019 16:05:59 GMT+0200 (CEST);1570205159000;0;5.56;10.02
1380556831572750;16.9;31.5;Fri Oct 04 2019 18:07:52 GMT+0200 (CEST);Fri Oct 04 2019 16:07:52 GMT+0200 (CEST);1570205272000;0;4.23;10.01
1380556831572750;16.9;31.1;Fri Oct 04 2019 18:10:03 GMT+0200 (CEST);Fri Oct 04 2019 16:10:03 GMT+0200 (CEST);1570205403000;0;4.01;9.99
1380556831572750;16.9;32.4;Fri Oct 04 2019 18:12:02 GMT+0200 (CEST);Fri Oct 04 2019 16:12:02 GMT+0200 (CEST);1570205522000;0;6.36;9.99
1380556831572750;16.9;33.3;Fri Oct 04 2019 18:13:55 GMT+0200 (CEST);Fri Oct 04 2019 16:13:55 GMT+0200 (CEST);1570205635000;0;6.68;10
1380556831572750;16.9;32.8;Fri Oct 04 2019 18:15:48 GMT+0200 (CEST);Fri Oct 04 2019 16:15:48 GMT+0200 (CEST);1570205748000;0;7.03;9.99
1380556831572750;16.9;28.2;Fri Oct 04 2019 18:17:42 GMT+0200 (CEST);Fri Oct 04 2019 16:17:42 GMT+0200 (CEST);1570205862000;0;8.82;10
1380556831572750;16.9;29.2;Fri Oct 04 2019 18:19:35 GMT+0200 (CEST);Fri Oct 04 2019 16:19:35 GMT+0200 (CEST);1570205975000;0;10.18;9.98
1380556831572750;16.9;32.3;Fri Oct 04 2019 18:21:56 GMT+0200 (CEST);Fri Oct 04 2019 16:21:56 GMT+0200 (CEST);1570206116000;0;11.31;9.97
1380556831572750;16.9;34.7;Fri Oct 04 2019 18:23:49 GMT+0200 (CEST);Fri Oct 04 2019 16:23:49 GMT+0200 (CEST);1570206229000;0;14.87;9.93
1380556831572750;16.9;34;Fri Oct 04 2019 18:25:47 GMT+0200 (CEST);Fri Oct 04 2019 16:25:47 GMT+0200 (CEST);1570206347000;0;12.76;9.87
1380556831572750;16.9;34.2;Fri Oct 04 2019 18:27:39 GMT+0200 (CEST);Fri Oct 04 2019 16:27:39 GMT+0200 (CEST);1570206459000;0;11.16;9.79
1380556831572750;16.9;33.7;Fri Oct 04 2019 18:29:32 GMT+0200 (CEST);Fri Oct 04 2019 16:29:32 GMT+0200 (CEST);1570206572000;0;9.49;9.71
1380556831572750;16.9;34;Fri Oct 04 2019 18:31:25 GMT+0200 (CEST);Fri Oct 04 2019 16:31:25 GMT+0200 (CEST);1570206685000;0;8.02;9.63
1380556831572750;16.9;30;Fri Oct 04 2019 18:33:22 GMT+0200 (CEST);Fri Oct 04 2019 16:33:22 GMT+0200 (CEST);1570206802000;0;6.78;9.58
1380556831572750;16.9;28.6;Fri Oct 04 2019 18:35:15 GMT+0200 (CEST);Fri Oct 04 2019 16:35:15 GMT+0200 (CEST);1570206915000;0;5.67;9.55
1380556831572750;15.4;28.4;Fri Oct 04 2019 18:37:07 GMT+0200 (CEST);Fri Oct 04 2019 16:37:07 GMT+0200 (CEST);1570207027000;0;4.74;9.52
1380556831572750;15.4;27.6;Fri Oct 04 2019 18:39:03 GMT+0200 (CEST);Fri Oct 04 2019 16:39:03 GMT+0200 (CEST);1570207143000;0;4.16;9.53
1380556831572750;15.4;31.4;Fri Oct 04 2019 18:41:01 GMT+0200 (CEST);Fri Oct 04 2019 16:41:01 GMT+0200 (CEST);1570207261000;0;4.58;9.57
1380556831572750;15.4;31.1;Fri Oct 04 2019 18:42:55 GMT+0200 (CEST);Fri Oct 04 2019 16:42:55 GMT+0200 (CEST);1570207375000;0;3.69;9.59
1380556831572750;15.4;30.2;Fri Oct 04 2019 18:44:48 GMT+0200 (CEST);Fri Oct 04 2019 16:44:48 GMT+0200 (CEST);1570207488000;0;2.94;9.57
1380556831572750;15.4;29.3;Fri Oct 04 2019 18:46:45 GMT+0200 (CEST);Fri Oct 04 2019 16:46:45 GMT+0200 (CEST);1570207605000;0;2.28;9.56
1380556831572750;15.4;28;Fri Oct 04 2019 18:48:39 GMT+0200 (CEST);Fri Oct 04 2019 16:48:39 GMT+0200 (CEST);1570207719000;0;1.53;9.53
1380556831572750;15.4;28;Fri Oct 04 2019 18:50:31 GMT+0200 (CEST);Fri Oct 04 2019 16:50:31 GMT+0200 (CEST);1570207831000;0;0.9;9.52
1380556831572750;15.4;28;Fri Oct 04 2019 18:52:25 GMT+0200 (CEST);Fri Oct 04 2019 16:52:25 GMT+0200 (CEST);1570207945000;0;0.28;9.52
1380556831572750;13.4;28.7;Sat Oct 05 2019 08:06:38 GMT+0200 (CEST);Sat Oct 05 2019 06:06:38 GMT+0200 (CEST);1570255598000;0.11;23.02;9.88
1380556831572750;13.4;28.6;Sat Oct 05 2019 08:09:07 GMT+0200 (CEST);Sat Oct 05 2019 06:09:07 GMT+0200 (CEST);1570255747000;0.12;22.83;9.85
1380556831572750;15.4;28.6;Sat Oct 05 2019 08:11:00 GMT+0200 (CEST);Sat Oct 05 2019 06:11:00 GMT+0200 (CEST);1570255860000;0.11;21.97;9.84
1380556831572750;15.4;28.6;Sat Oct 05 2019 08:12:59 GMT+0200 (CEST);Sat Oct 05 2019 06:12:59 GMT+0200 (CEST);1570255979000;0.1;20.26;9.84
1380556831572750;15.4;28.5;Sat Oct 05 2019 08:14:59 GMT+0200 (CEST);Sat Oct 05 2019 06:14:59 GMT+0200 (CEST);1570256099000;0.1;21.57;9.85
1380556831572750;15.4;28.4;Sat Oct 05 2019 08:16:52 GMT+0200 (CEST);Sat Oct 05 2019 06:16:52 GMT+0200 (CEST);1570256212000;0.12;24.59;9.88
1380556831572750;15.4;28.5;Sat Oct 05 2019 08:18:44 GMT+0200 (CEST);Sat Oct 05 2019 06:18:44 GMT+0200 (CEST);1570256324000;0.15;29.53;9.88
1380556831572750;15.4;31.3;Sat Oct 05 2019 08:20:37 GMT+0200 (CEST);Sat Oct 05 2019 06:20:37 GMT+0200 (CEST);1570256437000;0.18;36.81;9.9
1380556831572750;15.4;32.4;Sat Oct 05 2019 08:22:38 GMT+0200 (CEST);Sat Oct 05 2019 06:22:38 GMT+0200 (CEST);1570256558000;0.27;54.38;9.92
1380556831572750;15.4;33.3;Sat Oct 05 2019 08:24:33 GMT+0200 (CEST);Sat Oct 05 2019 06:24:33 GMT+0200 (CEST);1570256673000;0.35;66.68;9.96
1380556831572750;16.9;33.4;Sat Oct 05 2019 08:26:26 GMT+0200 (CEST);Sat Oct 05 2019 06:26:26 GMT+0200 (CEST);1570256786000;0.28;54.1;10.01
1380556831572750;16.9;33;Sat Oct 05 2019 08:28:18 GMT+0200 (CEST);Sat Oct 05 2019 06:28:18 GMT+0200 (CEST);1570256898000;0.17;35.29;10.04
1380556831572750;16.9;31.6;Sat Oct 05 2019 08:30:12 GMT+0200 (CEST);Sat Oct 05 2019 06:30:12 GMT+0200 (CEST);1570257012000;0.13;28.02;10.04
1380556831572750;16.9;30.7;Sat Oct 05 2019 08:32:08 GMT+0200 (CEST);Sat Oct 05 2019 06:32:08 GMT+0200 (CEST);1570257128000;0.12;27.4;10.01
1380556831572750;16.9;30.7;Sat Oct 05 2019 08:34:02 GMT+0200 (CEST);Sat Oct 05 2019 06:34:02 GMT+0200 (CEST);1570257242000;0.11;25.32;9.98
1380556831572750;16.9;30.4;Sat Oct 05 2019 08:35:55 GMT+0200 (CEST);Sat Oct 05 2019 06:35:55 GMT+0200 (CEST);1570257355000;0.13;28.46;9.96
1380556831572750;16.9;31.8;Sat Oct 05 2019 08:37:48 GMT+0200 (CEST);Sat Oct 05 2019 06:37:48 GMT+0200 (CEST);1570257468000;0.21;45.55;9.99
1380556831572750;16.9;32.9;Sat Oct 05 2019 08:40:06 GMT+0200 (CEST);Sat Oct 05 2019 06:40:06 GMT+0200 (CEST);1570257606000;0.26;52.98;10.05
1380556831572750;16.9;32.9;Sat Oct 05 2019 08:42:01 GMT+0200 (CEST);Sat Oct 05 2019 06:42:01 GMT+0200 (CEST);1570257721000;0.29;59.93;10.12
1380556831572750;16.9;32.3;Sat Oct 05 2019 08:43:55 GMT+0200 (CEST);Sat Oct 05 2019 06:43:55 GMT+0200 (CEST);1570257835000;0.19;41.2;10.17
1380556831572750;16.9;31.9;Sat Oct 05 2019 08:45:48 GMT+0200 (CEST);Sat Oct 05 2019 06:45:48 GMT+0200 (CEST);1570257948000;0.2;42.81;10.22
1380556831572750;16.9;31.9;Sat Oct 05 2019 08:47:48 GMT+0200 (CEST);Sat Oct 05 2019 06:47:48 GMT+0200 (CEST);1570258068000;0.15;31.5;10.17
1380556831572750;16.9;31.4;Sat Oct 05 2019 08:49:42 GMT+0200 (CEST);Sat Oct 05 2019 06:49:42 GMT+0200 (CEST);1570258182000;0.26;57.03;10.15
1380556831572750;16.9;33;Sat Oct 05 2019 08:51:36 GMT+0200 (CEST);Sat Oct 05 2019 06:51:36 GMT+0200 (CEST);1570258296000;0.21;44.36;10.16
1380556831572750;16.9;31.7;Sat Oct 05 2019 08:53:29 GMT+0200 (CEST);Sat Oct 05 2019 06:53:29 GMT+0200 (CEST);1570258409000;0.17;38;10.16
1380556831572750;16.9;31.2;Sat Oct 05 2019 08:55:32 GMT+0200 (CEST);Sat Oct 05 2019 06:55:32 GMT+0200 (CEST);1570258532000;0.18;40.68;10.14
1380556831572750;16.9;31.9;Sat Oct 05 2019 08:57:25 GMT+0200 (CEST);Sat Oct 05 2019 06:57:25 GMT+0200 (CEST);1570258645000;0.22;50.33;10.13
1380556831572750;16.9;33.3;Sat Oct 05 2019 08:59:17 GMT+0200 (CEST);Sat Oct 05 2019 06:59:17 GMT+0200 (CEST);1570258757000;0.34;69.88;10.17
1380556831572750;16.9;33;Sat Oct 05 2019 09:01:13 GMT+0200 (CEST);Sat Oct 05 2019 07:01:13 GMT+0200 (CEST);1570258873000;0.32;69.3;10.18
1380556831572750;16.9;33.2;Sat Oct 05 2019 09:03:37 GMT+0200 (CEST);Sat Oct 05 2019 07:03:37 GMT+0200 (CEST);1570259017000;0.33;71.85;10.21
1380556831572750;16.9;33.6;Sat Oct 05 2019 09:05:39 GMT+0200 (CEST);Sat Oct 05 2019 07:05:39 GMT+0200 (CEST);1570259139000;0.39;79.89;10.23
1380556831572750;17.9;33.6;Sat Oct 05 2019 09:07:32 GMT+0200 (CEST);Sat Oct 05 2019 07:07:32 GMT+0200 (CEST);1570259252000;0.37;77.89;10.27
1380556831572750;17.9;33.6;Sat Oct 05 2019 09:09:25 GMT+0200 (CEST);Sat Oct 05 2019 07:09:25 GMT+0200 (CEST);1570259365000;0.38;77.72;10.3
1380556831572750;17.9;33.6;Sat Oct 05 2019 09:11:26 GMT+0200 (CEST);Sat Oct 05 2019 07:11:26 GMT+0200 (CEST);1570259486000;0.38;76.6;10.28
1380556831572750;19.4;33.6;Sat Oct 05 2019 09:13:19 GMT+0200 (CEST);Sat Oct 05 2019 07:13:19 GMT+0200 (CEST);1570259599000;0.42;85.65;10.28
1380556831572750;19.4;33.8;Sat Oct 05 2019 09:15:13 GMT+0200 (CEST);Sat Oct 05 2019 07:15:13 GMT+0200 (CEST);1570259713000;0.44;90.84;10.31
1380556831572750;19.4;34.2;Sat Oct 05 2019 09:17:07 GMT+0200 (CEST);Sat Oct 05 2019 07:17:07 GMT+0200 (CEST);1570259827000;0.6;119.21;10.35
1380556831572750;19.4;35;Sat Oct 05 2019 09:19:41 GMT+0200 (CEST);Sat Oct 05 2019 07:19:41 GMT+0200 (CEST);1570259981000;0.6;460.79;10.76
1380556831572750;19.4;40.2;Sat Oct 05 2019 09:21:34 GMT+0200 (CEST);Sat Oct 05 2019 07:21:34 GMT+0200 (CEST);1570260094000;0.63;460.79;11.53
1380556831572750;22;34.2;Sat Oct 05 2019 09:23:28 GMT+0200 (CEST);Sat Oct 05 2019 07:23:28 GMT+0200 (CEST);1570260208000;0.61;128.1;11.9
1380556831572750;22;36.9;Sat Oct 05 2019 09:25:20 GMT+0200 (CEST);Sat Oct 05 2019 07:25:20 GMT+0200 (CEST);1570260320000;2.14;465.91;12.35
1380556831572750;22;33;Sat Oct 05 2019 09:27:13 GMT+0200 (CEST);Sat Oct 05 2019 07:27:13 GMT+0200 (CEST);1570260433000;0.32;73.16;12.45
1380556831572750;22;32.5;Sat Oct 05 2019 09:29:06 GMT+0200 (CEST);Sat Oct 05 2019 07:29:06 GMT+0200 (CEST);1570260546000;0.43;91.71;12.09
1380556831572750;22;33.4;Sat Oct 05 2019 09:31:02 GMT+0200 (CEST);Sat Oct 05 2019 07:31:02 GMT+0200 (CEST);1570260662000;0.45;97.59;11.82
1380556831572750;21.5;32.7;Sat Oct 05 2019 09:33:20 GMT+0200 (CEST);Sat Oct 05 2019 07:33:20 GMT+0200 (CEST);1570260800000;0.49;102.01;11.5
1380556831572750;21.5;33.7;Sat Oct 05 2019 09:35:16 GMT+0200 (CEST);Sat Oct 05 2019 07:35:16 GMT+0200 (CEST);1570260916000;0.59;116.98;11.27
1380556831572750;21.5;33.5;Sat Oct 05 2019 09:37:09 GMT+0200 (CEST);Sat Oct 05 2019 07:37:09 GMT+0200 (CEST);1570261029000;0.38;79.18;11.12
1380556831572750;21.5;32.7;Sat Oct 05 2019 09:39:01 GMT+0200 (CEST);Sat Oct 05 2019 07:39:01 GMT+0200 (CEST);1570261141000;0.3;65.36;10.86
1380556831572750;21.5;32.8;Sat Oct 05 2019 09:40:54 GMT+0200 (CEST);Sat Oct 05 2019 07:40:54 GMT+0200 (CEST);1570261254000;0.25;53.14;10.76
1380556831572750;21.5;32.6;Sat Oct 05 2019 09:42:47 GMT+0200 (CEST);Sat Oct 05 2019 07:42:47 GMT+0200 (CEST);1570261367000;0.27;60.05;10.72
1380556831572750;21.5;32.7;Sat Oct 05 2019 09:44:39 GMT+0200 (CEST);Sat Oct 05 2019 07:44:39 GMT+0200 (CEST);1570261479000;0.3;63.6;10.64
1380556831572750;19.9;32.7;Sat Oct 05 2019 09:46:38 GMT+0200 (CEST);Sat Oct 05 2019 07:46:38 GMT+0200 (CEST);1570261598000;0.25;53.65;10.53
1380556831572750;19.9;32.4;Sat Oct 05 2019 09:48:31 GMT+0200 (CEST);Sat Oct 05 2019 07:48:31 GMT+0200 (CEST);1570261711000;0.23;52.41;10.45
1380556831572750;19.4;31.7;Sat Oct 05 2019 09:50:26 GMT+0200 (CEST);Sat Oct 05 2019 07:50:26 GMT+0200 (CEST);1570261826000;0.21;50.34;10.33
1380556831572750;19.4;32.3;Sat Oct 05 2019 09:52:21 GMT+0200 (CEST);Sat Oct 05 2019 07:52:21 GMT+0200 (CEST);1570261941000;0.28;66.1;10.27
1380556831572750;19.4;32.7;Sat Oct 05 2019 09:54:19 GMT+0200 (CEST);Sat Oct 05 2019 07:54:19 GMT+0200 (CEST);1570262059000;0.37;78.5;10.26
1380556831572750;19.4;32.8;Sat Oct 05 2019 09:56:11 GMT+0200 (CEST);Sat Oct 05 2019 07:56:11 GMT+0200 (CEST);1570262171000;0.33;80.41;10.26
1380556831572750;19.4;34.3;Sat Oct 05 2019 09:58:13 GMT+0200 (CEST);Sat Oct 05 2019 07:58:13 GMT+0200 (CEST);1570262293000;0.69;144.32;10.33
1380556831572750;19.4;34.4;Sat Oct 05 2019 10:00:05 GMT+0200 (CEST);Sat Oct 05 2019 08:00:05 GMT+0200 (CEST);1570262405000;0.64;140.89;10.49
1380556831572750;19.4;34.4;Sat Oct 05 2019 10:02:03 GMT+0200 (CEST);Sat Oct 05 2019 08:02:03 GMT+0200 (CEST);1570262523000;0.59;132.4;10.55
1380556831572750;19.4;34.1;Sat Oct 05 2019 10:03:55 GMT+0200 (CEST);Sat Oct 05 2019 08:03:55 GMT+0200 (CEST);1570262635000;0.62;136.45;10.58
1380556831572750;19.4;34;Sat Oct 05 2019 10:05:48 GMT+0200 (CEST);Sat Oct 05 2019 08:05:48 GMT+0200 (CEST);1570262748000;0.64;137.8;10.57
1380556831572750;19.4;34.5;Sat Oct 05 2019 10:07:41 GMT+0200 (CEST);Sat Oct 05 2019 08:07:41 GMT+0200 (CEST);1570262861000;0.68;138.77;10.61
1380556831572750;19.9;34.2;Sat Oct 05 2019 10:09:40 GMT+0200 (CEST);Sat Oct 05 2019 08:09:40 GMT+0200 (CEST);1570262980000;0.69;141.33;10.64
1380556831572750;19.9;34.3;Sat Oct 05 2019 10:11:33 GMT+0200 (CEST);Sat Oct 05 2019 08:11:33 GMT+0200 (CEST);1570263093000;0.62;129.65;10.65
1380556831572750;19.9;34.4;Sat Oct 05 2019 10:13:28 GMT+0200 (CEST);Sat Oct 05 2019 08:13:28 GMT+0200 (CEST);1570263208000;0.57;119.08;10.64
1380556831572750;19.9;34.4;Sat Oct 05 2019 10:15:27 GMT+0200 (CEST);Sat Oct 05 2019 08:15:27 GMT+0200 (CEST);1570263327000;0.62;122.54;10.65
1380556831572750;19.9;33.4;Sat Oct 05 2019 10:17:19 GMT+0200 (CEST);Sat Oct 05 2019 08:17:19 GMT+0200 (CEST);1570263439000;0.33;65.09;10.59
1380556831572750;19.4;32.7;Sat Oct 05 2019 10:19:12 GMT+0200 (CEST);Sat Oct 05 2019 08:19:12 GMT+0200 (CEST);1570263552000;0.3;61.66;10.58
1380556831572750;19.4;32.5;Sat Oct 05 2019 10:21:23 GMT+0200 (CEST);Sat Oct 05 2019 08:21:23 GMT+0200 (CEST);1570263683000;0.32;65.96;10.56
1380556831572750;19.4;32.9;Sat Oct 05 2019 10:23:16 GMT+0200 (CEST);Sat Oct 05 2019 08:23:16 GMT+0200 (CEST);1570263796000;0.31;59.34;10.56
1380556831572750;19.4;32.4;Sat Oct 05 2019 10:25:11 GMT+0200 (CEST);Sat Oct 05 2019 08:25:11 GMT+0200 (CEST);1570263911000;0.26;52.45;10.51
1380556831572750;19.4;32.6;Sat Oct 05 2019 10:27:04 GMT+0200 (CEST);Sat Oct 05 2019 08:27:04 GMT+0200 (CEST);1570264024000;0.3;65.1;10.45
1380556831572750;19.4;33.3;Sat Oct 05 2019 10:28:57 GMT+0200 (CEST);Sat Oct 05 2019 08:28:57 GMT+0200 (CEST);1570264137000;0.43;86.65;10.45
1380556831572750;19.4;33.7;Sat Oct 05 2019 10:30:50 GMT+0200 (CEST);Sat Oct 05 2019 08:30:50 GMT+0200 (CEST);1570264250000;0.54;108.38;10.48
1380556831572750;19.4;34.2;Sat Oct 05 2019 10:32:44 GMT+0200 (CEST);Sat Oct 05 2019 08:32:44 GMT+0200 (CEST);1570264364000;0.59;119.97;10.62
1380556831572750;19.4;34.1;Sat Oct 05 2019 10:34:36 GMT+0200 (CEST);Sat Oct 05 2019 08:34:36 GMT+0200 (CEST);1570264476000;0.64;132.66;10.75
1380556831572750;19.4;34.9;Sat Oct 05 2019 10:36:47 GMT+0200 (CEST);Sat Oct 05 2019 08:36:47 GMT+0200 (CEST);1570264607000;0.88;175.82;10.92
1380556831572750;19.9;34.9;Sat Oct 05 2019 10:38:40 GMT+0200 (CEST);Sat Oct 05 2019 08:38:40 GMT+0200 (CEST);1570264720000;0.89;181.82;11
1380556831572750;19.9;34.9;Sat Oct 05 2019 10:40:33 GMT+0200 (CEST);Sat Oct 05 2019 08:40:33 GMT+0200 (CEST);1570264833000;0.89;184.32;11.1
1380556831572750;19.9;34.9;Sat Oct 05 2019 10:42:26 GMT+0200 (CEST);Sat Oct 05 2019 08:42:26 GMT+0200 (CEST);1570264946000;1.02;210.19;11.17
1380556831572750;19.9;34.9;Sat Oct 05 2019 10:44:25 GMT+0200 (CEST);Sat Oct 05 2019 08:44:25 GMT+0200 (CEST);1570265065000;0.96;194.12;11.33
1380556831572750;19.9;34.6;Sat Oct 05 2019 10:46:25 GMT+0200 (CEST);Sat Oct 05 2019 08:46:25 GMT+0200 (CEST);1570265185000;0.68;138.14;11.36
1380556831572750;21.5;33.9;Sat Oct 05 2019 10:48:17 GMT+0200 (CEST);Sat Oct 05 2019 08:48:17 GMT+0200 (CEST);1570265297000;0.56;114.65;11.32
1380556831572750;21.5;33.8;Sat Oct 05 2019 10:50:14 GMT+0200 (CEST);Sat Oct 05 2019 08:50:14 GMT+0200 (CEST);1570265414000;0.52;104.12;11.1
1380556831572750;21.5;34;Sat Oct 05 2019 10:52:31 GMT+0200 (CEST);Sat Oct 05 2019 08:52:31 GMT+0200 (CEST);1570265551000;0.54;107.63;10.92
1380556831572750;21.5;34.1;Sat Oct 05 2019 10:54:24 GMT+0200 (CEST);Sat Oct 05 2019 08:54:24 GMT+0200 (CEST);1570265664000;0.56;106.48;10.84
1380556831572750;19.9;33.9;Sat Oct 05 2019 10:56:27 GMT+0200 (CEST);Sat Oct 05 2019 08:56:27 GMT+0200 (CEST);1570265787000;0.47;88.56;10.85
1380556831572750;19.9;33.6;Sat Oct 05 2019 10:58:25 GMT+0200 (CEST);Sat Oct 05 2019 08:58:25 GMT+0200 (CEST);1570265905000;0.43;86.16;10.85
1380556831572750;19.9;33.7;Sat Oct 05 2019 11:00:19 GMT+0200 (CEST);Sat Oct 05 2019 09:00:19 GMT+0200 (CEST);1570266019000;0.49;104.34;10.82
1380556831572750;19.9;34.6;Sat Oct 05 2019 11:02:12 GMT+0200 (CEST);Sat Oct 05 2019 09:02:12 GMT+0200 (CEST);1570266132000;0.85;175.42;10.9
1380556831572750;19.9;34.9;Sat Oct 05 2019 11:04:05 GMT+0200 (CEST);Sat Oct 05 2019 09:04:05 GMT+0200 (CEST);1570266245000;0.88;184.26;11.05
1380556831572750;21.5;35.1;Sat Oct 05 2019 11:05:58 GMT+0200 (CEST);Sat Oct 05 2019 09:05:58 GMT+0200 (CEST);1570266358000;1;209.11;11.16
1380556831572750;21.5;35.8;Sat Oct 05 2019 11:08:03 GMT+0200 (CEST);Sat Oct 05 2019 09:08:03 GMT+0200 (CEST);1570266483000;1.15;235.77;11.39
1380556831572750;21.5;35.2;Sat Oct 05 2019 11:09:56 GMT+0200 (CEST);Sat Oct 05 2019 09:09:56 GMT+0200 (CEST);1570266596000;0.97;192.09;11.67
1380556831572750;21.5;34.8;Sat Oct 05 2019 11:11:53 GMT+0200 (CEST);Sat Oct 05 2019 09:11:53 GMT+0200 (CEST);1570266713000;0.87;172.98;11.71
1380556831572750;21.5;34.5;Sat Oct 05 2019 11:13:46 GMT+0200 (CEST);Sat Oct 05 2019 09:13:46 GMT+0200 (CEST);1570266826000;0.82;163.14;11.68
1380556831572750;21.5;34.4;Sat Oct 05 2019 11:15:39 GMT+0200 (CEST);Sat Oct 05 2019 09:15:39 GMT+0200 (CEST);1570266939000;0.7;137.11;11.53
1380556831572750;21.5;34.1;Sat Oct 05 2019 11:17:32 GMT+0200 (CEST);Sat Oct 05 2019 09:17:32 GMT+0200 (CEST);1570267052000;0.6;120.73;11.44
1380556831572750;21.5;34.3;Sat Oct 05 2019 11:19:41 GMT+0200 (CEST);Sat Oct 05 2019 09:19:41 GMT+0200 (CEST);1570267181000;0.73;148.27;11.32
1380556831572750;21.5;34.7;Sat Oct 05 2019 11:21:48 GMT+0200 (CEST);Sat Oct 05 2019 09:21:48 GMT+0200 (CEST);1570267308000;0.87;174.64;11.24
1380556831572750;21.5;34.7;Sat Oct 05 2019 11:24:06 GMT+0200 (CEST);Sat Oct 05 2019 09:24:06 GMT+0200 (CEST);1570267446000;0.87;175.1;11.25
1380556831572750;21.5;34.9;Sat Oct 05 2019 11:26:01 GMT+0200 (CEST);Sat Oct 05 2019 09:26:01 GMT+0200 (CEST);1570267561000;0.94;185.03;11.28
1380556831572750;22;34.7;Sat Oct 05 2019 11:27:53 GMT+0200 (CEST);Sat Oct 05 2019 09:27:53 GMT+0200 (CEST);1570267673000;0.8;159.79;11.36
1380556831572750;22;34.3;Sat Oct 05 2019 11:29:47 GMT+0200 (CEST);Sat Oct 05 2019 09:29:47 GMT+0200 (CEST);1570267787000;0.65;127.28;11.31
1380556831572750;22;34.1;Sat Oct 05 2019 11:31:40 GMT+0200 (CEST);Sat Oct 05 2019 09:31:40 GMT+0200 (CEST);1570267900000;0.56;112.13;11.27
1380556831572750;21.5;33.8;Sat Oct 05 2019 11:33:54 GMT+0200 (CEST);Sat Oct 05 2019 09:33:54 GMT+0200 (CEST);1570268034000;0.53;106.02;11.16
1380556831572750;21.5;33.9;Sat Oct 05 2019 11:35:50 GMT+0200 (CEST);Sat Oct 05 2019 09:35:50 GMT+0200 (CEST);1570268150000;0.56;116.84;11.1
1380556831572750;21.5;34.1;Sat Oct 05 2019 11:37:45 GMT+0200 (CEST);Sat Oct 05 2019 09:37:45 GMT+0200 (CEST);1570268265000;0.77;163.35;11.12
1380556831572750;21.5;34.7;Sat Oct 05 2019 11:39:38 GMT+0200 (CEST);Sat Oct 05 2019 09:39:38 GMT+0200 (CEST);1570268378000;0.95;197.85;11.12
1380556831572750;21.5;34.9;Sat Oct 05 2019 11:41:30 GMT+0200 (CEST);Sat Oct 05 2019 09:41:30 GMT+0200 (CEST);1570268490000;0.96;192.01;11.17
1380556831572750;21.5;34.9;Sat Oct 05 2019 11:43:23 GMT+0200 (CEST);Sat Oct 05 2019 09:43:23 GMT+0200 (CEST);1570268603000;1.02;206.49;11.28
1380556831572750;21.5;35;Sat Oct 05 2019 11:45:15 GMT+0200 (CEST);Sat Oct 05 2019 09:45:15 GMT+0200 (CEST);1570268715000;1.06;210.71;11.42
1380556831572750;21.5;35;Sat Oct 05 2019 11:47:08 GMT+0200 (CEST);Sat Oct 05 2019 09:47:08 GMT+0200 (CEST);1570268828000;0.92;181.73;11.5
1380556831572750;21.5;34.7;Sat Oct 05 2019 11:49:03 GMT+0200 (CEST);Sat Oct 05 2019 09:49:03 GMT+0200 (CEST);1570268943000;0.86;168.05;11.46
1380556831572750;21.5;34.5;Sat Oct 05 2019 11:51:01 GMT+0200 (CEST);Sat Oct 05 2019 09:51:01 GMT+0200 (CEST);1570269061000;0.7;132.91;11.25
1380556831572750;22;33.8;Sat Oct 05 2019 11:52:54 GMT+0200 (CEST);Sat Oct 05 2019 09:52:54 GMT+0200 (CEST);1570269174000;0.45;91.79;11.11
1380556831572750;22;33.8;Sat Oct 05 2019 11:54:51 GMT+0200 (CEST);Sat Oct 05 2019 09:54:51 GMT+0200 (CEST);1570269291000;0.45;91.4;10.98
1380556831572750;21.5;33.8;Sat Oct 05 2019 11:56:44 GMT+0200 (CEST);Sat Oct 05 2019 09:56:44 GMT+0200 (CEST);1570269404000;0.43;87.47;10.86
1380556831572750;21.5;33.7;Sat Oct 05 2019 11:58:37 GMT+0200 (CEST);Sat Oct 05 2019 09:58:37 GMT+0200 (CEST);1570269517000;0.43;86.24;10.82
1380556831572750;21.5;33.8;Sat Oct 05 2019 12:00:31 GMT+0200 (CEST);Sat Oct 05 2019 10:00:31 GMT+0200 (CEST);1570269631000;0.43;82.93;10.71
1380556831572750;21.5;33.6;Sat Oct 05 2019 12:02:37 GMT+0200 (CEST);Sat Oct 05 2019 10:02:37 GMT+0200 (CEST);1570269757000;0.4;79.78;10.62
1380556831572750;21.5;33.5;Sat Oct 05 2019 12:04:30 GMT+0200 (CEST);Sat Oct 05 2019 10:04:30 GMT+0200 (CEST);1570269870000;0.36;71.85;10.5
1380556831572750;19.9;33;Sat Oct 05 2019 12:06:30 GMT+0200 (CEST);Sat Oct 05 2019 10:06:30 GMT+0200 (CEST);1570269990000;0.36;73.38;10.47
1380556831572750;19.9;33.5;Sat Oct 05 2019 12:08:24 GMT+0200 (CEST);Sat Oct 05 2019 10:08:24 GMT+0200 (CEST);1570270104000;0.51;113.71;10.51
1380556831572750;19.9;34.5;Sat Oct 05 2019 12:10:24 GMT+0200 (CEST);Sat Oct 05 2019 10:10:24 GMT+0200 (CEST);1570270224000;0.87;178.89;10.63
1380556831572750;19.9;35.3;Sat Oct 05 2019 12:12:17 GMT+0200 (CEST);Sat Oct 05 2019 10:12:17 GMT+0200 (CEST);1570270337000;1.04;212.53;10.79
1380556831572750;21.5;35.3;Sat Oct 05 2019 12:14:09 GMT+0200 (CEST);Sat Oct 05 2019 10:14:09 GMT+0200 (CEST);1570270449000;1.02;211.32;10.96
1380556831572750;21.5;35.4;Sat Oct 05 2019 12:16:02 GMT+0200 (CEST);Sat Oct 05 2019 10:16:02 GMT+0200 (CEST);1570270562000;1.13;230.32;11.14
1380556831572750;21.5;35.1;Sat Oct 05 2019 12:18:00 GMT+0200 (CEST);Sat Oct 05 2019 10:18:00 GMT+0200 (CEST);1570270680000;1.06;215.7;11.28
1380556831572750;21.5;35.1;Sat Oct 05 2019 12:20:05 GMT+0200 (CEST);Sat Oct 05 2019 10:20:05 GMT+0200 (CEST);1570270805000;0.96;196.49;11.42
1380556831572750;21.5;35.1;Sat Oct 05 2019 12:21:58 GMT+0200 (CEST);Sat Oct 05 2019 10:21:58 GMT+0200 (CEST);1570270918000;1.02;210.47;11.54
1380556831572750;22;35.4;Sat Oct 05 2019 12:23:51 GMT+0200 (CEST);Sat Oct 05 2019 10:23:51 GMT+0200 (CEST);1570271031000;1.05;207.25;11.71
1380556831572750;22;34.6;Sat Oct 05 2019 12:25:44 GMT+0200 (CEST);Sat Oct 05 2019 10:25:44 GMT+0200 (CEST);1570271144000;0.75;148.75;11.89
1380556831572750;22;34.3;Sat Oct 05 2019 12:27:39 GMT+0200 (CEST);Sat Oct 05 2019 10:27:39 GMT+0200 (CEST);1570271259000;0.6;123.69;11.96
1380556831572750;22;33.6;Sat Oct 05 2019 12:29:32 GMT+0200 (CEST);Sat Oct 05 2019 10:29:32 GMT+0200 (CEST);1570271372000;0.45;89.63;11.9
1380556831572750;22;32.9;Sat Oct 05 2019 12:31:36 GMT+0200 (CEST);Sat Oct 05 2019 10:31:36 GMT+0200 (CEST);1570271496000;0.32;65.09;11.75
1380556831572750;21.5;31.9;Sat Oct 05 2019 12:33:30 GMT+0200 (CEST);Sat Oct 05 2019 10:33:30 GMT+0200 (CEST);1570271610000;0.26;52.23;11.56
1380556831572750;21.5;32.9;Sat Oct 05 2019 12:35:23 GMT+0200 (CEST);Sat Oct 05 2019 10:35:23 GMT+0200 (CEST);1570271723000;0.28;56.42;11.4
1380556831572750;21.5;32.8;Sat Oct 05 2019 12:37:20 GMT+0200 (CEST);Sat Oct 05 2019 10:37:20 GMT+0200 (CEST);1570271840000;0.38;75.58;11.2
1380556831572750;19.9;33.4;Sat Oct 05 2019 12:39:13 GMT+0200 (CEST);Sat Oct 05 2019 10:39:13 GMT+0200 (CEST);1570271953000;0.56;112.32;11.17
1380556831572750;19.9;34.5;Sat Oct 05 2019 12:41:20 GMT+0200 (CEST);Sat Oct 05 2019 10:41:20 GMT+0200 (CEST);1570272080000;0.79;165.66;11.24
1380556831572750;21.5;35;Sat Oct 05 2019 12:43:13 GMT+0200 (CEST);Sat Oct 05 2019 10:43:13 GMT+0200 (CEST);1570272193000;1;206.45;11.4
1380556831572750;21.5;35.3;Sat Oct 05 2019 12:45:06 GMT+0200 (CEST);Sat Oct 05 2019 10:45:06 GMT+0200 (CEST);1570272306000;1.21;241.96;11.66
1380556831572750;21.5;35.1;Sat Oct 05 2019 12:46:59 GMT+0200 (CEST);Sat Oct 05 2019 10:46:59 GMT+0200 (CEST);1570272419000;1;201.49;11.83
1380556831572750;21.5;34.8;Sat Oct 05 2019 12:48:52 GMT+0200 (CEST);Sat Oct 05 2019 10:48:52 GMT+0200 (CEST);1570272532000;0.89;179.06;11.81
1380556831572750;21.5;34.6;Sat Oct 05 2019 12:50:47 GMT+0200 (CEST);Sat Oct 05 2019 10:50:47 GMT+0200 (CEST);1570272647000;0.84;168.42;11.87
1380556831572750;22;34.5;Sat Oct 05 2019 12:52:56 GMT+0200 (CEST);Sat Oct 05 2019 10:52:56 GMT+0200 (CEST);1570272776000;0.89;177.97;11.91
1380556831572750;22;34.8;Sat Oct 05 2019 12:54:56 GMT+0200 (CEST);Sat Oct 05 2019 10:54:56 GMT+0200 (CEST);1570272896000;0.91;186.98;11.92
1380556831572750;22;34.7;Sat Oct 05 2019 12:56:56 GMT+0200 (CEST);Sat Oct 05 2019 10:56:56 GMT+0200 (CEST);1570273016000;0.78;157.5;12.01
1380556831572750;22;34.2;Sat Oct 05 2019 12:58:48 GMT+0200 (CEST);Sat Oct 05 2019 10:58:48 GMT+0200 (CEST);1570273128000;0.73;146.19;12.01
1380556831572750;22;34.1;Sat Oct 05 2019 13:00:46 GMT+0200 (CEST);Sat Oct 05 2019 11:00:46 GMT+0200 (CEST);1570273246000;0.69;140.68;12
1380556831572750;22;34.1;Sat Oct 05 2019 13:02:40 GMT+0200 (CEST);Sat Oct 05 2019 11:02:40 GMT+0200 (CEST);1570273360000;0.71;143.44;11.96
1380556831572750;22;34.1;Sat Oct 05 2019 13:04:41 GMT+0200 (CEST);Sat Oct 05 2019 11:04:41 GMT+0200 (CEST);1570273481000;0.63;124.93;11.96
1380556831572750;22;34;Sat Oct 05 2019 13:06:43 GMT+0200 (CEST);Sat Oct 05 2019 11:06:43 GMT+0200 (CEST);1570273603000;0.58;113.11;12.05
1380556831572750;22;33.7;Sat Oct 05 2019 13:08:36 GMT+0200 (CEST);Sat Oct 05 2019 11:08:36 GMT+0200 (CEST);1570273716000;0.48;94.36;12.14
1380556831572750;22;33.6;Sat Oct 05 2019 13:10:28 GMT+0200 (CEST);Sat Oct 05 2019 11:10:28 GMT+0200 (CEST);1570273828000;0.45;89.51;12.16
1380556831572750;21.5;33.5;Sat Oct 05 2019 13:12:23 GMT+0200 (CEST);Sat Oct 05 2019 11:12:23 GMT+0200 (CEST);1570273943000;0.48;96.69;12.1
1380556831572750;21.5;33.8;Sat Oct 05 2019 13:14:17 GMT+0200 (CEST);Sat Oct 05 2019 11:14:17 GMT+0200 (CEST);1570274057000;0.59;119.91;12
1380556831572750;21.5;34.1;Sat Oct 05 2019 13:16:09 GMT+0200 (CEST);Sat Oct 05 2019 11:16:09 GMT+0200 (CEST);1570274169000;0.7;141.27;11.96
1380556831572750;21.5;34.5;Sat Oct 05 2019 13:18:04 GMT+0200 (CEST);Sat Oct 05 2019 11:18:04 GMT+0200 (CEST);1570274284000;0.8;162;12.03
1380556831572750;21.5;34.5;Sat Oct 05 2019 13:19:59 GMT+0200 (CEST);Sat Oct 05 2019 11:19:59 GMT+0200 (CEST);1570274399000;0.81;162.68;12.07
1380556831572750;21.5;34.5;Sat Oct 05 2019 13:21:38 GMT+0200 (CEST);Sat Oct 05 2019 11:21:38 GMT+0200 (CEST);1570274498000;0.82;164.6;11.97
1380556831572750;21.5;34.7;Sat Oct 05 2019 13:23:31 GMT+0200 (CEST);Sat Oct 05 2019 11:23:31 GMT+0200 (CEST);1570274611000;0.84;170.39;11.95
1380556831572750;21.5;34.7;Sat Oct 05 2019 13:25:24 GMT+0200 (CEST);Sat Oct 05 2019 11:25:24 GMT+0200 (CEST);1570274724000;0.83;171.46;12
1380556831572750;22;34.7;Sat Oct 05 2019 13:27:19 GMT+0200 (CEST);Sat Oct 05 2019 11:27:19 GMT+0200 (CEST);1570274839000;0.86;176.5;12.06
1380556831572750;22;34.7;Sat Oct 05 2019 13:29:12 GMT+0200 (CEST);Sat Oct 05 2019 11:29:12 GMT+0200 (CEST);1570274952000;0.87;177.88;12.14
1380556831572750;22;34.6;Sat Oct 05 2019 13:31:06 GMT+0200 (CEST);Sat Oct 05 2019 11:31:06 GMT+0200 (CEST);1570275066000;0.85;174.46;12.25
1380556831572750;22;34.7;Sat Oct 05 2019 13:32:59 GMT+0200 (CEST);Sat Oct 05 2019 11:32:59 GMT+0200 (CEST);1570275179000;0.87;179.28;12.23
1380556831572750;22;34.7;Sat Oct 05 2019 13:35:02 GMT+0200 (CEST);Sat Oct 05 2019 11:35:02 GMT+0200 (CEST);1570275302000;0.98;198.59;12.2
1380556831572750;22;34.8;Sat Oct 05 2019 13:37:04 GMT+0200 (CEST);Sat Oct 05 2019 11:37:04 GMT+0200 (CEST);1570275424000;1.02;208.4;12.32
1380556831572750;22;34.7;Sat Oct 05 2019 13:38:59 GMT+0200 (CEST);Sat Oct 05 2019 11:38:59 GMT+0200 (CEST);1570275539000;0.95;193.71;12.37
1380556831572750;23.5;34.7;Sat Oct 05 2019 13:40:52 GMT+0200 (CEST);Sat Oct 05 2019 11:40:52 GMT+0200 (CEST);1570275652000;0.83;169.69;12.4
1380556831572750;23.5;34.5;Sat Oct 05 2019 13:42:44 GMT+0200 (CEST);Sat Oct 05 2019 11:42:44 GMT+0200 (CEST);1570275764000;0.74;149.4;12.4
1380556831572750;23.5;34.4;Sat Oct 05 2019 13:44:38 GMT+0200 (CEST);Sat Oct 05 2019 11:44:38 GMT+0200 (CEST);1570275878000;0.65;134.09;12.32
1380556831572750;23.5;34.1;Sat Oct 05 2019 13:46:31 GMT+0200 (CEST);Sat Oct 05 2019 11:46:31 GMT+0200 (CEST);1570275991000;0.59;121.19;12.23
1380556831572750;23.5;34.1;Sat Oct 05 2019 13:48:24 GMT+0200 (CEST);Sat Oct 05 2019 11:48:24 GMT+0200 (CEST);1570276104000;0.6;124.72;12.18
1380556831572750;22;34;Sat Oct 05 2019 13:50:16 GMT+0200 (CEST);Sat Oct 05 2019 11:50:16 GMT+0200 (CEST);1570276216000;0.57;113.86;12.2
1380556831572750;22;33.8;Sat Oct 05 2019 13:52:13 GMT+0200 (CEST);Sat Oct 05 2019 11:52:13 GMT+0200 (CEST);1570276333000;0.55;114.65;12.28
1380556831572750;22;33.9;Sat Oct 05 2019 13:54:07 GMT+0200 (CEST);Sat Oct 05 2019 11:54:07 GMT+0200 (CEST);1570276447000;0.63;129.47;12.3
1380556831572750;22;34.1;Sat Oct 05 2019 13:56:05 GMT+0200 (CEST);Sat Oct 05 2019 11:56:05 GMT+0200 (CEST);1570276565000;0.67;136;12.28
1380556831572750;22;34.1;Sat Oct 05 2019 13:57:58 GMT+0200 (CEST);Sat Oct 05 2019 11:57:58 GMT+0200 (CEST);1570276678000;0.64;130.81;12.28
1380556831572750;22;34.1;Sat Oct 05 2019 13:59:59 GMT+0200 (CEST);Sat Oct 05 2019 11:59:59 GMT+0200 (CEST);1570276799000;0.62;125.68;12.35
1380556831572750;22;34.1;Sat Oct 05 2019 14:01:52 GMT+0200 (CEST);Sat Oct 05 2019 12:01:52 GMT+0200 (CEST);1570276912000;0.58;117.51;12.24
1380556831572750;22;34;Sat Oct 05 2019 14:03:45 GMT+0200 (CEST);Sat Oct 05 2019 12:03:45 GMT+0200 (CEST);1570277025000;0.53;106.56;12.17
1380556831572750;22;33.7;Sat Oct 05 2019 14:05:39 GMT+0200 (CEST);Sat Oct 05 2019 12:05:39 GMT+0200 (CEST);1570277139000;0.54;108.47;12.19
1380556831572750;22;33.9;Sat Oct 05 2019 14:07:36 GMT+0200 (CEST);Sat Oct 05 2019 12:07:36 GMT+0200 (CEST);1570277256000;0.56;112.74;12.14
1380556831572750;21.5;33.9;Sat Oct 05 2019 14:09:31 GMT+0200 (CEST);Sat Oct 05 2019 12:09:31 GMT+0200 (CEST);1570277371000;0.56;114.96;12.03
1380556831572750;21.5;34;Sat Oct 05 2019 14:11:24 GMT+0200 (CEST);Sat Oct 05 2019 12:11:24 GMT+0200 (CEST);1570277484000;0.61;125.49;12.07
1380556831572750;21.5;34.1;Sat Oct 05 2019 14:13:17 GMT+0200 (CEST);Sat Oct 05 2019 12:13:17 GMT+0200 (CEST);1570277597000;0.7;141.05;12.05
1380556831572750;21.5;34.4;Sat Oct 05 2019 14:15:10 GMT+0200 (CEST);Sat Oct 05 2019 12:15:10 GMT+0200 (CEST);1570277710000;0.79;160.39;12.1
1380556831572750;21.5;34.6;Sat Oct 05 2019 14:17:06 GMT+0200 (CEST);Sat Oct 05 2019 12:17:06 GMT+0200 (CEST);1570277826000;0.86;175.99;12.21
1380556831572750;21.5;34.7;Sat Oct 05 2019 14:19:04 GMT+0200 (CEST);Sat Oct 05 2019 12:19:04 GMT+0200 (CEST);1570277944000;0.89;185.42;12.22
1380556831572750;21.5;34.8;Sat Oct 05 2019 14:21:00 GMT+0200 (CEST);Sat Oct 05 2019 12:21:00 GMT+0200 (CEST);1570278060000;0.95;196.68;12.27
1380556831572750;22;34.9;Sat Oct 05 2019 14:22:52 GMT+0200 (CEST);Sat Oct 05 2019 12:22:52 GMT+0200 (CEST);1570278172000;1.01;205.61;12.46
1380556831572750;22;34.8;Sat Oct 05 2019 14:24:45 GMT+0200 (CEST);Sat Oct 05 2019 12:24:45 GMT+0200 (CEST);1570278285000;0.95;193.01;12.58
1380556831572750;22;34.6;Sat Oct 05 2019 14:26:38 GMT+0200 (CEST);Sat Oct 05 2019 12:26:38 GMT+0200 (CEST);1570278398000;0.91;186.5;12.58
1380556831572750;22;34.8;Sat Oct 05 2019 14:28:31 GMT+0200 (CEST);Sat Oct 05 2019 12:28:31 GMT+0200 (CEST);1570278511000;0.94;191.84;12.57
1380556831572750;22;34.7;Sat Oct 05 2019 14:30:24 GMT+0200 (CEST);Sat Oct 05 2019 12:30:24 GMT+0200 (CEST);1570278624000;0.91;187.02;12.63
1380556831572750;23.5;34.5;Sat Oct 05 2019 14:32:25 GMT+0200 (CEST);Sat Oct 05 2019 12:32:25 GMT+0200 (CEST);1570278745000;0.85;174.14;12.69
1380556831572750;23.5;34.5;Sat Oct 05 2019 14:34:17 GMT+0200 (CEST);Sat Oct 05 2019 12:34:17 GMT+0200 (CEST);1570278857000;0.78;158.41;12.67
1380556831572750;23.5;34.3;Sat Oct 05 2019 14:36:10 GMT+0200 (CEST);Sat Oct 05 2019 12:36:10 GMT+0200 (CEST);1570278970000;0.71;144.14;12.67
1380556831572750;23.5;34.2;Sat Oct 05 2019 14:38:07 GMT+0200 (CEST);Sat Oct 05 2019 12:38:07 GMT+0200 (CEST);1570279087000;0.65;132.21;12.62
1380556831572750;23.5;34.1;Sat Oct 05 2019 14:40:07 GMT+0200 (CEST);Sat Oct 05 2019 12:40:07 GMT+0200 (CEST);1570279207000;0.69;143.43;12.53
1380556831572750;23.5;34.4;Sat Oct 05 2019 14:42:00 GMT+0200 (CEST);Sat Oct 05 2019 12:42:00 GMT+0200 (CEST);1570279320000;0.78;158.77;12.53
1380556831572750;23.5;34.4;Sat Oct 05 2019 14:43:53 GMT+0200 (CEST);Sat Oct 05 2019 12:43:53 GMT+0200 (CEST);1570279433000;0.84;172.12;12.64
1380556831572750;23.5;34.5;Sat Oct 05 2019 14:45:46 GMT+0200 (CEST);Sat Oct 05 2019 12:45:46 GMT+0200 (CEST);1570279546000;0.92;190.26;12.67
1380556831572750;23.5;34.7;Sat Oct 05 2019 14:47:40 GMT+0200 (CEST);Sat Oct 05 2019 12:47:40 GMT+0200 (CEST);1570279660000;0.91;186.42;12.68
1380556831572750;23.5;34.5;Sat Oct 05 2019 14:49:33 GMT+0200 (CEST);Sat Oct 05 2019 12:49:33 GMT+0200 (CEST);1570279773000;0.8;163.87;12.77
1380556831572750;23.5;34.4;Sat Oct 05 2019 14:51:28 GMT+0200 (CEST);Sat Oct 05 2019 12:51:28 GMT+0200 (CEST);1570279888000;0.75;152.18;12.79
1380556831572750;23.5;34.3;Sat Oct 05 2019 14:54:07 GMT+0200 (CEST);Sat Oct 05 2019 12:54:07 GMT+0200 (CEST);1570280047000;0.7;142.16;12.85
1380556831572750;22.5;34.1;Sat Oct 05 2019 14:55:59 GMT+0200 (CEST);Sat Oct 05 2019 12:55:59 GMT+0200 (CEST);1570280159000;0.69;139.85;12.85
1380556831572750;22.5;34.1;Sat Oct 05 2019 14:57:55 GMT+0200 (CEST);Sat Oct 05 2019 12:57:55 GMT+0200 (CEST);1570280275000;0.68;136.55;12.73
1380556831572750;22;34;Sat Oct 05 2019 14:59:47 GMT+0200 (CEST);Sat Oct 05 2019 12:59:47 GMT+0200 (CEST);1570280387000;0.66;134.73;12.69
1380556831572750;22;34.1;Sat Oct 05 2019 15:01:41 GMT+0200 (CEST);Sat Oct 05 2019 13:01:41 GMT+0200 (CEST);1570280501000;0.67;136.41;12.75
1380556831572750;22;34.2;Sat Oct 05 2019 15:03:35 GMT+0200 (CEST);Sat Oct 05 2019 13:03:35 GMT+0200 (CEST);1570280615000;0.7;145.03;12.72
1380556831572750;22;34.3;Sat Oct 05 2019 15:05:32 GMT+0200 (CEST);Sat Oct 05 2019 13:05:32 GMT+0200 (CEST);1570280732000;0.73;149.41;12.75
1380556831572750;22;34.3;Sat Oct 05 2019 15:07:29 GMT+0200 (CEST);Sat Oct 05 2019 13:07:29 GMT+0200 (CEST);1570280849000;0.74;151.23;12.63
1380556831572750;22;34.3;Sat Oct 05 2019 15:09:23 GMT+0200 (CEST);Sat Oct 05 2019 13:09:23 GMT+0200 (CEST);1570280963000;0.77;159.8;12.65
1380556831572750;22;34.5;Sat Oct 05 2019 15:11:17 GMT+0200 (CEST);Sat Oct 05 2019 13:11:17 GMT+0200 (CEST);1570281077000;0.83;173.68;12.64
1380556831572750;22;34.5;Sat Oct 05 2019 15:13:11 GMT+0200 (CEST);Sat Oct 05 2019 13:13:11 GMT+0200 (CEST);1570281191000;0.91;188.01;12.65
1380556831572750;23.5;34.7;Sat Oct 05 2019 15:15:03 GMT+0200 (CEST);Sat Oct 05 2019 13:15:03 GMT+0200 (CEST);1570281303000;0.97;200.12;12.67
1380556831572750;23.5;34.7;Sat Oct 05 2019 15:16:59 GMT+0200 (CEST);Sat Oct 05 2019 13:16:59 GMT+0200 (CEST);1570281419000;0.98;201.25;12.75
1380556831572750;23.5;34.7;Sat Oct 05 2019 15:18:52 GMT+0200 (CEST);Sat Oct 05 2019 13:18:52 GMT+0200 (CEST);1570281532000;0.92;188.77;12.87
1380556831572750;23.5;34.5;Sat Oct 05 2019 15:20:44 GMT+0200 (CEST);Sat Oct 05 2019 13:20:44 GMT+0200 (CEST);1570281644000;0.85;173.77;13.03
1380556831572750;23.5;34.1;Sat Oct 05 2019 15:22:37 GMT+0200 (CEST);Sat Oct 05 2019 13:22:37 GMT+0200 (CEST);1570281757000;0.75;152.92;13.17
1380556831572750;23.5;34;Sat Oct 05 2019 15:24:35 GMT+0200 (CEST);Sat Oct 05 2019 13:24:35 GMT+0200 (CEST);1570281875000;0.7;145.5;13.28
1380556831572750;23.5;34.1;Sat Oct 05 2019 15:26:29 GMT+0200 (CEST);Sat Oct 05 2019 13:26:29 GMT+0200 (CEST);1570281989000;0.72;148.23;13.24
1380556831572750;23.5;34.1;Sat Oct 05 2019 15:28:23 GMT+0200 (CEST);Sat Oct 05 2019 13:28:23 GMT+0200 (CEST);1570282103000;0.7;142.43;13
1380556831572750;23.5;34;Sat Oct 05 2019 15:30:16 GMT+0200 (CEST);Sat Oct 05 2019 13:30:16 GMT+0200 (CEST);1570282216000;0.65;132.75;12.92
1380556831572750;22.5;34;Sat Oct 05 2019 15:32:15 GMT+0200 (CEST);Sat Oct 05 2019 13:32:15 GMT+0200 (CEST);1570282335000;0.61;125.49;12.91
1380556831572750;22.5;34.1;Sat Oct 05 2019 15:34:08 GMT+0200 (CEST);Sat Oct 05 2019 13:34:08 GMT+0200 (CEST);1570282448000;0.6;122.21;12.95
1380556831572750;22.5;33.8;Sat Oct 05 2019 15:36:03 GMT+0200 (CEST);Sat Oct 05 2019 13:36:03 GMT+0200 (CEST);1570282563000;0.56;109.43;12.94
1380556831572750;23.5;33.7;Sat Oct 05 2019 15:37:56 GMT+0200 (CEST);Sat Oct 05 2019 13:37:56 GMT+0200 (CEST);1570282676000;0.5;100.12;12.81
1380556831572750;23.5;33.6;Sat Oct 05 2019 15:40:09 GMT+0200 (CEST);Sat Oct 05 2019 13:40:09 GMT+0200 (CEST);1570282809000;0.45;90.62;12.55
1380556831572750;22;33.5;Sat Oct 05 2019 15:42:07 GMT+0200 (CEST);Sat Oct 05 2019 13:42:07 GMT+0200 (CEST);1570282927000;0.43;88.2;12.42
1380556831572750;22;33.2;Sat Oct 05 2019 15:44:00 GMT+0200 (CEST);Sat Oct 05 2019 13:44:00 GMT+0200 (CEST);1570283040000;0.42;83.64;12.37
1380556831572750;22;32.9;Sat Oct 05 2019 15:45:53 GMT+0200 (CEST);Sat Oct 05 2019 13:45:53 GMT+0200 (CEST);1570283153000;0.38;74.89;12.25
1380556831572750;22;33.1;Sat Oct 05 2019 15:47:55 GMT+0200 (CEST);Sat Oct 05 2019 13:47:55 GMT+0200 (CEST);1570283275000;0.34;67.65;12.12
1380556831572750;22;32.8;Sat Oct 05 2019 15:49:58 GMT+0200 (CEST);Sat Oct 05 2019 13:49:58 GMT+0200 (CEST);1570283398000;0.3;60.63;12.01
1380556831572750;22;32.3;Sat Oct 05 2019 15:51:51 GMT+0200 (CEST);Sat Oct 05 2019 13:51:51 GMT+0200 (CEST);1570283511000;0.29;58.46;11.96
1380556831572750;22;32.6;Sat Oct 05 2019 15:53:44 GMT+0200 (CEST);Sat Oct 05 2019 13:53:44 GMT+0200 (CEST);1570283624000;0.29;60.2;11.97
1380556831572750;22;32.4;Sat Oct 05 2019 15:55:37 GMT+0200 (CEST);Sat Oct 05 2019 13:55:37 GMT+0200 (CEST);1570283737000;0.31;62.96;11.93
1380556831572750;21.5;32.8;Sat Oct 05 2019 15:57:30 GMT+0200 (CEST);Sat Oct 05 2019 13:57:30 GMT+0200 (CEST);1570283850000;0.35;70.71;11.91
1380556831572750;21.5;33;Sat Oct 05 2019 15:59:23 GMT+0200 (CEST);Sat Oct 05 2019 13:59:23 GMT+0200 (CEST);1570283963000;0.37;75.31;11.93
1380556831572750;21.5;33.1;Sat Oct 05 2019 16:01:19 GMT+0200 (CEST);Sat Oct 05 2019 14:01:19 GMT+0200 (CEST);1570284079000;0.38;74.69;11.96
1380556831572750;21.5;33.2;Sat Oct 05 2019 16:03:26 GMT+0200 (CEST);Sat Oct 05 2019 14:03:26 GMT+0200 (CEST);1570284206000;0.39;78.8;12.01
1380556831572750;19.9;33.1;Sat Oct 05 2019 16:05:29 GMT+0200 (CEST);Sat Oct 05 2019 14:05:29 GMT+0200 (CEST);1570284329000;0.43;85.92;12.1
1380556831572750;19.9;33;Sat Oct 05 2019 16:07:21 GMT+0200 (CEST);Sat Oct 05 2019 14:07:21 GMT+0200 (CEST);1570284441000;0.42;85.32;12.18
1380556831572750;19.9;33.4;Sat Oct 05 2019 16:09:14 GMT+0200 (CEST);Sat Oct 05 2019 14:09:14 GMT+0200 (CEST);1570284554000;0.42;84.65;12.17
1380556831572750;21.5;33.3;Sat Oct 05 2019 16:11:34 GMT+0200 (CEST);Sat Oct 05 2019 14:11:34 GMT+0200 (CEST);1570284694000;0.45;92.22;12.18
1380556831572750;21.5;33.7;Sat Oct 05 2019 16:13:27 GMT+0200 (CEST);Sat Oct 05 2019 14:13:27 GMT+0200 (CEST);1570284807000;0.5;101.17;12.22
1380556831572750;21.5;33.7;Sat Oct 05 2019 16:15:19 GMT+0200 (CEST);Sat Oct 05 2019 14:15:19 GMT+0200 (CEST);1570284919000;0.52;106.58;12.26
1380556831572750;21.5;34;Sat Oct 05 2019 16:17:11 GMT+0200 (CEST);Sat Oct 05 2019 14:17:11 GMT+0200 (CEST);1570285031000;0.54;109.8;12.33
1380556831572750;21.5;33.9;Sat Oct 05 2019 16:19:30 GMT+0200 (CEST);Sat Oct 05 2019 14:19:30 GMT+0200 (CEST);1570285170000;0.55;112.72;12.37
1380556831572750;21.5;34;Sat Oct 05 2019 16:21:28 GMT+0200 (CEST);Sat Oct 05 2019 14:21:28 GMT+0200 (CEST);1570285288000;0.56;115.85;12.38
1380556831572750;21.5;33.9;Sat Oct 05 2019 16:23:22 GMT+0200 (CEST);Sat Oct 05 2019 14:23:22 GMT+0200 (CEST);1570285402000;0.58;119.62;12.4
1380556831572750;21.5;34;Sat Oct 05 2019 16:25:30 GMT+0200 (CEST);Sat Oct 05 2019 14:25:30 GMT+0200 (CEST);1570285530000;0.59;122.8;12.43
1380556831572750;21.5;34.1;Sat Oct 05 2019 16:27:23 GMT+0200 (CEST);Sat Oct 05 2019 14:27:23 GMT+0200 (CEST);1570285643000;0.58;120.48;12.43
1380556831572750;21.5;34.1;Sat Oct 05 2019 16:29:17 GMT+0200 (CEST);Sat Oct 05 2019 14:29:17 GMT+0200 (CEST);1570285757000;0.57;116.75;12.47
1380556831572750;21.5;34;Sat Oct 05 2019 16:31:09 GMT+0200 (CEST);Sat Oct 05 2019 14:31:09 GMT+0200 (CEST);1570285869000;0.54;111.92;12.35
1380556831572750;21.5;33.8;Sat Oct 05 2019 16:33:03 GMT+0200 (CEST);Sat Oct 05 2019 14:33:03 GMT+0200 (CEST);1570285983000;0.53;109.01;12.32
1380556831572750;21.5;33.8;Sat Oct 05 2019 16:34:58 GMT+0200 (CEST);Sat Oct 05 2019 14:34:58 GMT+0200 (CEST);1570286098000;0.51;103.89;12.33
1380556831572750;21.5;33.7;Sat Oct 05 2019 16:36:56 GMT+0200 (CEST);Sat Oct 05 2019 14:36:56 GMT+0200 (CEST);1570286216000;0.47;95.41;12.35
1380556831572750;21.5;33.5;Sat Oct 05 2019 16:38:48 GMT+0200 (CEST);Sat Oct 05 2019 14:38:48 GMT+0200 (CEST);1570286328000;0.42;86.73;12.25
1380556831572750;21.5;33.3;Sat Oct 05 2019 16:40:42 GMT+0200 (CEST);Sat Oct 05 2019 14:40:42 GMT+0200 (CEST);1570286442000;0.38;76.66;12.17
1380556831572750;21.5;32.8;Sat Oct 05 2019 16:42:34 GMT+0200 (CEST);Sat Oct 05 2019 14:42:34 GMT+0200 (CEST);1570286554000;0.35;71.44;12.14
1380556831572750;21.5;32.6;Sat Oct 05 2019 16:44:27 GMT+0200 (CEST);Sat Oct 05 2019 14:44:27 GMT+0200 (CEST);1570286667000;0.34;69.72;12.07
1380556831572750;21.5;32.8;Sat Oct 05 2019 16:46:19 GMT+0200 (CEST);Sat Oct 05 2019 14:46:19 GMT+0200 (CEST);1570286779000;0.33;67.35;12.01
1380556831572750;21.5;32.8;Sat Oct 05 2019 16:48:12 GMT+0200 (CEST);Sat Oct 05 2019 14:48:12 GMT+0200 (CEST);1570286892000;0.29;59.94;12.01
1380556831572750;21.5;32.6;Sat Oct 05 2019 16:50:26 GMT+0200 (CEST);Sat Oct 05 2019 14:50:26 GMT+0200 (CEST);1570287026000;0.26;53.22;11.99
1380556831572750;21.5;32.5;Sat Oct 05 2019 16:52:23 GMT+0200 (CEST);Sat Oct 05 2019 14:52:23 GMT+0200 (CEST);1570287143000;0.26;54;11.92
1380556831572750;19.9;32.5;Sat Oct 05 2019 16:54:16 GMT+0200 (CEST);Sat Oct 05 2019 14:54:16 GMT+0200 (CEST);1570287256000;0.28;57.14;11.85
1380556831572750;19.9;32.6;Sat Oct 05 2019 16:56:11 GMT+0200 (CEST);Sat Oct 05 2019 14:56:11 GMT+0200 (CEST);1570287371000;0.29;58.71;11.82
1380556831572750;19.9;32.8;Sat Oct 05 2019 16:58:04 GMT+0200 (CEST);Sat Oct 05 2019 14:58:04 GMT+0200 (CEST);1570287484000;0.28;57.44;11.76
1380556831572750;19.9;32.7;Sat Oct 05 2019 17:00:00 GMT+0200 (CEST);Sat Oct 05 2019 15:00:00 GMT+0200 (CEST);1570287600000;0.27;55.86;11.75
1380556831572750;19.9;32.9;Sat Oct 05 2019 17:01:53 GMT+0200 (CEST);Sat Oct 05 2019 15:01:53 GMT+0200 (CEST);1570287713000;0.28;57.08;11.77
1380556831572750;19.9;32.6;Sat Oct 05 2019 17:03:45 GMT+0200 (CEST);Sat Oct 05 2019 15:03:45 GMT+0200 (CEST);1570287825000;0.26;53.28;11.78
1380556831572750;19.9;32.5;Sat Oct 05 2019 17:05:43 GMT+0200 (CEST);Sat Oct 05 2019 15:05:43 GMT+0200 (CEST);1570287943000;0.24;50.17;11.77
1380556831572750;19.4;32.3;Sat Oct 05 2019 17:07:52 GMT+0200 (CEST);Sat Oct 05 2019 15:07:52 GMT+0200 (CEST);1570288072000;0.24;48.81;11.69
1380556831572750;19.4;32.3;Sat Oct 05 2019 17:09:45 GMT+0200 (CEST);Sat Oct 05 2019 15:09:45 GMT+0200 (CEST);1570288185000;0.25;50.16;11.63
1380556831572750;19.4;32.3;Sat Oct 05 2019 17:11:38 GMT+0200 (CEST);Sat Oct 05 2019 15:11:38 GMT+0200 (CEST);1570288298000;0.19;37.65;11.53
1380556831572750;19.4;30.9;Sat Oct 05 2019 17:13:31 GMT+0200 (CEST);Sat Oct 05 2019 15:13:31 GMT+0200 (CEST);1570288411000;0.2;40.33;11.48
1380556831572750;19.4;32;Sat Oct 05 2019 17:15:25 GMT+0200 (CEST);Sat Oct 05 2019 15:15:25 GMT+0200 (CEST);1570288525000;0.18;36.05;11.42
1380556831572750;17.9;31.3;Sat Oct 05 2019 17:17:18 GMT+0200 (CEST);Sat Oct 05 2019 15:17:18 GMT+0200 (CEST);1570288638000;0.18;37.61;11.35
1380556831572750;17.9;31.3;Sat Oct 05 2019 17:19:12 GMT+0200 (CEST);Sat Oct 05 2019 15:19:12 GMT+0200 (CEST);1570288752000;0.22;44.37;11.32
1380556831572750;16.9;31.7;Sat Oct 05 2019 17:21:11 GMT+0200 (CEST);Sat Oct 05 2019 15:21:11 GMT+0200 (CEST);1570288871000;0.15;30.3;11.29
1380556831572750;16.9;30.7;Sat Oct 05 2019 17:23:03 GMT+0200 (CEST);Sat Oct 05 2019 15:23:03 GMT+0200 (CEST);1570288983000;0.1;22.37;11.28
1380556831572750;16.9;30.8;Sat Oct 05 2019 17:25:03 GMT+0200 (CEST);Sat Oct 05 2019 15:25:03 GMT+0200 (CEST);1570289103000;0.09;21.02;11.23
1380556831572750;16.9;30.9;Sat Oct 05 2019 17:26:56 GMT+0200 (CEST);Sat Oct 05 2019 15:26:56 GMT+0200 (CEST);1570289216000;0.09;19.57;11.19
1380556831572750;16.9;30.4;Sat Oct 05 2019 17:28:50 GMT+0200 (CEST);Sat Oct 05 2019 15:28:50 GMT+0200 (CEST);1570289330000;0.08;17.67;11.12
1380556831572750;16.9;29.5;Sat Oct 05 2019 17:30:43 GMT+0200 (CEST);Sat Oct 05 2019 15:30:43 GMT+0200 (CEST);1570289443000;0.08;16.69;11.02
1380556831572750;16.9;29.9;Sat Oct 05 2019 17:32:37 GMT+0200 (CEST);Sat Oct 05 2019 15:32:37 GMT+0200 (CEST);1570289557000;0.08;17.27;10.92
1380556831572750;16.9;31.1;Sat Oct 05 2019 17:34:30 GMT+0200 (CEST);Sat Oct 05 2019 15:34:30 GMT+0200 (CEST);1570289670000;0.09;19.1;10.87
1380556831572750;16.9;30.4;Sat Oct 05 2019 17:37:23 GMT+0200 (CEST);Sat Oct 05 2019 15:37:23 GMT+0200 (CEST);1570289843000;0.09;19.01;10.84
1380556831572750;16.9;29.2;Sat Oct 05 2019 17:39:18 GMT+0200 (CEST);Sat Oct 05 2019 15:39:18 GMT+0200 (CEST);1570289958000;0.08;16.46;10.82
1380556831572750;15.9;29;Sat Oct 05 2019 17:41:17 GMT+0200 (CEST);Sat Oct 05 2019 15:41:17 GMT+0200 (CEST);1570290077000;0.07;15.88;10.78
1380556831572750;15.9;29.9;Sat Oct 05 2019 17:43:12 GMT+0200 (CEST);Sat Oct 05 2019 15:43:12 GMT+0200 (CEST);1570290192000;0.08;16.15;10.75
1380556831572750;15.9;29.5;Sat Oct 05 2019 17:45:09 GMT+0200 (CEST);Sat Oct 05 2019 15:45:09 GMT+0200 (CEST);1570290309000;0.07;15.81;10.74
1380556831572750;15.9;30.6;Sat Oct 05 2019 17:47:01 GMT+0200 (CEST);Sat Oct 05 2019 15:47:01 GMT+0200 (CEST);1570290421000;0;14.59;10.71
1380556831572750;15.9;30;Sat Oct 05 2019 17:48:57 GMT+0200 (CEST);Sat Oct 05 2019 15:48:57 GMT+0200 (CEST);1570290537000;0;13.91;10.69
1380556831572750;15.9;29.9;Sat Oct 05 2019 17:50:50 GMT+0200 (CEST);Sat Oct 05 2019 15:50:50 GMT+0200 (CEST);1570290650000;0;13.74;10.67
1380556831572750;15.9;28.8;Sat Oct 05 2019 17:52:57 GMT+0200 (CEST);Sat Oct 05 2019 15:52:57 GMT+0200 (CEST);1570290777000;0;13.82;10.64
1380556831572750;15.9;29.7;Sat Oct 05 2019 17:54:51 GMT+0200 (CEST);Sat Oct 05 2019 15:54:51 GMT+0200 (CEST);1570290891000;0;13.32;10.61
1380556831572750;15.9;28.4;Sat Oct 05 2019 17:56:46 GMT+0200 (CEST);Sat Oct 05 2019 15:56:46 GMT+0200 (CEST);1570291006000;0;12.55;10.6
1380556831572750;15.9;28.4;Sat Oct 05 2019 17:58:39 GMT+0200 (CEST);Sat Oct 05 2019 15:58:39 GMT+0200 (CEST);1570291119000;0;12.16;10.57
1380556831572750;15.9;28;Sat Oct 05 2019 18:00:32 GMT+0200 (CEST);Sat Oct 05 2019 16:00:32 GMT+0200 (CEST);1570291232000;0;11.72;10.56
1380556831572750;15.9;27.3;Sat Oct 05 2019 18:02:25 GMT+0200 (CEST);Sat Oct 05 2019 16:02:25 GMT+0200 (CEST);1570291345000;0;11.26;10.53
1380556831572750;15.4;26.6;Sat Oct 05 2019 18:04:17 GMT+0200 (CEST);Sat Oct 05 2019 16:04:17 GMT+0200 (CEST);1570291457000;0;10.69;10.5
1380556831572750;15.4;26.1;Sat Oct 05 2019 18:06:27 GMT+0200 (CEST);Sat Oct 05 2019 16:06:27 GMT+0200 (CEST);1570291587000;0;10.16;10.46
1380556831572750;13.9;24.5;Sat Oct 05 2019 18:08:21 GMT+0200 (CEST);Sat Oct 05 2019 16:08:21 GMT+0200 (CEST);1570291701000;0;10.58;10.45
1380556831572750;13.9;24.5;Sat Oct 05 2019 18:10:14 GMT+0200 (CEST);Sat Oct 05 2019 16:10:14 GMT+0200 (CEST);1570291814000;0;10.47;10.42
1380556831572750;13.9;24.3;Sat Oct 05 2019 18:12:07 GMT+0200 (CEST);Sat Oct 05 2019 16:12:07 GMT+0200 (CEST);1570291927000;0;9.97;10.38
1380556831572750;13.9;24.4;Sat Oct 05 2019 18:14:02 GMT+0200 (CEST);Sat Oct 05 2019 16:14:02 GMT+0200 (CEST);1570292042000;0;9.29;10.34
1380556831572750;13.9;24.6;Sat Oct 05 2019 18:15:55 GMT+0200 (CEST);Sat Oct 05 2019 16:15:55 GMT+0200 (CEST);1570292155000;0;8.45;10.31
1380556831572750;13.4;22.2;Sat Oct 05 2019 18:17:48 GMT+0200 (CEST);Sat Oct 05 2019 16:17:48 GMT+0200 (CEST);1570292268000;0;7.73;10.28
1380556831572750;13.4;22.9;Sat Oct 05 2019 18:19:43 GMT+0200 (CEST);Sat Oct 05 2019 16:19:43 GMT+0200 (CEST);1570292383000;0;7.33;10.27
1380556831572750;13.4;21.4;Sat Oct 05 2019 18:21:42 GMT+0200 (CEST);Sat Oct 05 2019 16:21:42 GMT+0200 (CEST);1570292502000;0;6.68;10.24
1380556831572750;13.4;32.9;Sat Oct 05 2019 18:23:34 GMT+0200 (CEST);Sat Oct 05 2019 16:23:34 GMT+0200 (CEST);1570292614000;0;5.93;10.21
1380556831572750;13.4;32.4;Sat Oct 05 2019 18:25:28 GMT+0200 (CEST);Sat Oct 05 2019 16:25:28 GMT+0200 (CEST);1570292728000;0;5.12;10.17
1380556831572750;15.9;31.8;Sat Oct 05 2019 18:27:21 GMT+0200 (CEST);Sat Oct 05 2019 16:27:21 GMT+0200 (CEST);1570292841000;0;4.23;10.15
1380556831572750;15.9;30.9;Sat Oct 05 2019 18:29:13 GMT+0200 (CEST);Sat Oct 05 2019 16:29:13 GMT+0200 (CEST);1570292953000;0;3.42;10.11
1380556831572750;15.9;29.8;Sat Oct 05 2019 18:31:06 GMT+0200 (CEST);Sat Oct 05 2019 16:31:06 GMT+0200 (CEST);1570293066000;0;2.86;10.07
1380556831572750;15.9;29.8;Sat Oct 05 2019 18:33:01 GMT+0200 (CEST);Sat Oct 05 2019 16:33:01 GMT+0200 (CEST);1570293181000;0;2.38;10.05
1380556831572750;7.4;29.7;Sun Oct 06 2019 07:40:12 GMT+0200 (CEST);Sun Oct 06 2019 05:40:12 GMT+0200 (CEST);1570340412000;0;10.7;3.42
1380556831572750;7.4;28;Sun Oct 06 2019 07:42:05 GMT+0200 (CEST);Sun Oct 06 2019 05:42:05 GMT+0200 (CEST);1570340525000;0;12.3;3.44
1380556831572750;7.4;26.9;Sun Oct 06 2019 07:43:59 GMT+0200 (CEST);Sun Oct 06 2019 05:43:59 GMT+0200 (CEST);1570340639000;0.07;13.49;3.47
1380556831572750;7.4;26.8;Sun Oct 06 2019 07:45:52 GMT+0200 (CEST);Sun Oct 06 2019 05:45:52 GMT+0200 (CEST);1570340752000;0.08;15.49;3.52
1380556831572750;7.4;24;Sun Oct 06 2019 07:48:06 GMT+0200 (CEST);Sun Oct 06 2019 05:48:06 GMT+0200 (CEST);1570340886000;0.09;17.73;3.57
1380556831572750;7.4;23.5;Sun Oct 06 2019 07:50:13 GMT+0200 (CEST);Sun Oct 06 2019 05:50:13 GMT+0200 (CEST);1570341013000;0.1;18.99;3.6
1380556831572750;7.4;23.4;Sun Oct 06 2019 07:52:06 GMT+0200 (CEST);Sun Oct 06 2019 05:52:06 GMT+0200 (CEST);1570341126000;0.1;18.95;3.63
1380556831572750;5.8;23.2;Sun Oct 06 2019 07:54:01 GMT+0200 (CEST);Sun Oct 06 2019 05:54:01 GMT+0200 (CEST);1570341241000;0.09;18.65;3.67
1380556831572750;5.8;23.2;Sun Oct 06 2019 07:56:00 GMT+0200 (CEST);Sun Oct 06 2019 05:56:00 GMT+0200 (CEST);1570341360000;0.09;18.79;3.7
1380556831572750;5.8;23.1;Sun Oct 06 2019 07:57:53 GMT+0200 (CEST);Sun Oct 06 2019 05:57:53 GMT+0200 (CEST);1570341473000;0.1;19.41;3.71
1380556831572750;5.8;23;Sun Oct 06 2019 07:59:47 GMT+0200 (CEST);Sun Oct 06 2019 05:59:47 GMT+0200 (CEST);1570341587000;0.1;20.13;3.74
1380556831572750;5.8;23.2;Sun Oct 06 2019 08:01:41 GMT+0200 (CEST);Sun Oct 06 2019 06:01:41 GMT+0200 (CEST);1570341701000;0.11;21.02;3.76
1380556831572750;5.8;23.1;Sun Oct 06 2019 08:03:40 GMT+0200 (CEST);Sun Oct 06 2019 06:03:40 GMT+0200 (CEST);1570341820000;0.11;22.42;3.8
1380556831572750;5.8;23.1;Sun Oct 06 2019 08:05:33 GMT+0200 (CEST);Sun Oct 06 2019 06:05:33 GMT+0200 (CEST);1570341933000;0.12;23.07;3.82
1380556831572750;5.8;23.4;Sun Oct 06 2019 08:07:29 GMT+0200 (CEST);Sun Oct 06 2019 06:07:29 GMT+0200 (CEST);1570342049000;0.12;24.95;3.85
1380556831572750;5.8;23.4;Sun Oct 06 2019 08:09:27 GMT+0200 (CEST);Sun Oct 06 2019 06:09:27 GMT+0200 (CEST);1570342167000;0.13;25.86;3.88
1380556831572750;5.8;23.9;Sun Oct 06 2019 08:11:30 GMT+0200 (CEST);Sun Oct 06 2019 06:11:30 GMT+0200 (CEST);1570342290000;0.13;26.83;3.92
1380556831572750;5.8;25.1;Sun Oct 06 2019 08:13:23 GMT+0200 (CEST);Sun Oct 06 2019 06:13:23 GMT+0200 (CEST);1570342403000;0.14;29.26;3.93
1380556831572750;5.8;31.9;Sun Oct 06 2019 08:15:18 GMT+0200 (CEST);Sun Oct 06 2019 06:15:18 GMT+0200 (CEST);1570342518000;0.15;31.09;3.96
1380556831572750;9.4;32.5;Sun Oct 06 2019 08:17:10 GMT+0200 (CEST);Sun Oct 06 2019 06:17:10 GMT+0200 (CEST);1570342630000;0.14;30.47;3.97
1380556831572750;9.4;31.6;Sun Oct 06 2019 08:19:33 GMT+0200 (CEST);Sun Oct 06 2019 06:19:33 GMT+0200 (CEST);1570342773000;0.15;30.68;4
1380556831572750;9.9;32;Sun Oct 06 2019 08:21:26 GMT+0200 (CEST);Sun Oct 06 2019 06:21:26 GMT+0200 (CEST);1570342886000;0.15;33.2;4.02
1380556831572750;9.9;32.2;Sun Oct 06 2019 08:23:20 GMT+0200 (CEST);Sun Oct 06 2019 06:23:20 GMT+0200 (CEST);1570343000000;0.17;35.51;4.03
1380556831572750;9.9;32.3;Sun Oct 06 2019 08:25:16 GMT+0200 (CEST);Sun Oct 06 2019 06:25:16 GMT+0200 (CEST);1570343116000;0.18;38.32;4.07
1380556831572750;11.4;32.5;Sun Oct 06 2019 08:27:09 GMT+0200 (CEST);Sun Oct 06 2019 06:27:09 GMT+0200 (CEST);1570343229000;0.2;41.84;4.08
1380556831572750;11.4;32.7;Sun Oct 06 2019 08:29:03 GMT+0200 (CEST);Sun Oct 06 2019 06:29:03 GMT+0200 (CEST);1570343343000;0.21;44.66;4.1
1380556831572750;11.4;33.2;Sun Oct 06 2019 08:30:56 GMT+0200 (CEST);Sun Oct 06 2019 06:30:56 GMT+0200 (CEST);1570343456000;0.23;47.65;4.14
1380556831572750;11.4;33.3;Sun Oct 06 2019 08:32:48 GMT+0200 (CEST);Sun Oct 06 2019 06:32:48 GMT+0200 (CEST);1570343568000;0.24;50.19;4.19
1380556831572750;11.9;33.6;Sun Oct 06 2019 08:35:15 GMT+0200 (CEST);Sun Oct 06 2019 06:35:15 GMT+0200 (CEST);1570343715000;0.26;52.7;4.24
1380556831572750;11.9;33.8;Sun Oct 06 2019 08:37:09 GMT+0200 (CEST);Sun Oct 06 2019 06:37:09 GMT+0200 (CEST);1570343829000;0.26;54.62;4.28
1380556831572750;11.9;33.5;Sun Oct 06 2019 08:39:14 GMT+0200 (CEST);Sun Oct 06 2019 06:39:14 GMT+0200 (CEST);1570343954000;0.28;58.62;4.34
1380556831572750;11.9;34;Sun Oct 06 2019 08:41:07 GMT+0200 (CEST);Sun Oct 06 2019 06:41:07 GMT+0200 (CEST);1570344067000;0.3;63.63;4.39
1380556831572750;11.9;34.1;Sun Oct 06 2019 08:43:00 GMT+0200 (CEST);Sun Oct 06 2019 06:43:00 GMT+0200 (CEST);1570344180000;0.32;66.35;4.43
1380556831572750;13.4;34.2;Sun Oct 06 2019 08:44:53 GMT+0200 (CEST);Sun Oct 06 2019 06:44:53 GMT+0200 (CEST);1570344293000;0.33;68.05;4.49
1380556831572750;13.4;34;Sun Oct 06 2019 08:46:45 GMT+0200 (CEST);Sun Oct 06 2019 06:46:45 GMT+0200 (CEST);1570344405000;0.33;68.62;4.53
1380556831572750;13.4;34;Sun Oct 06 2019 08:48:44 GMT+0200 (CEST);Sun Oct 06 2019 06:48:44 GMT+0200 (CEST);1570344524000;0.33;69.52;4.57
1380556831572750;13.4;34.1;Sun Oct 06 2019 08:50:45 GMT+0200 (CEST);Sun Oct 06 2019 06:50:45 GMT+0200 (CEST);1570344645000;0.33;69.06;4.6
1380556831572750;13.4;34;Sun Oct 06 2019 08:52:39 GMT+0200 (CEST);Sun Oct 06 2019 06:52:39 GMT+0200 (CEST);1570344759000;0.33;67.64;4.64
1380556831572750;13.4;34;Sun Oct 06 2019 08:54:33 GMT+0200 (CEST);Sun Oct 06 2019 06:54:33 GMT+0200 (CEST);1570344873000;0.33;66.79;4.67
1380556831572750;13.4;34.1;Sun Oct 06 2019 08:56:26 GMT+0200 (CEST);Sun Oct 06 2019 06:56:26 GMT+0200 (CEST);1570344986000;0.32;64.97;4.69
1380556831572750;13.4;34;Sun Oct 06 2019 08:58:31 GMT+0200 (CEST);Sun Oct 06 2019 06:58:31 GMT+0200 (CEST);1570345111000;0.31;63.98;4.71
1380556831572750;13.4;33.9;Sun Oct 06 2019 09:00:27 GMT+0200 (CEST);Sun Oct 06 2019 07:00:27 GMT+0200 (CEST);1570345227000;0.31;63.63;4.75
1380556831572750;13.4;33.9;Sun Oct 06 2019 09:02:21 GMT+0200 (CEST);Sun Oct 06 2019 07:02:21 GMT+0200 (CEST);1570345341000;0.32;65.32;4.8
1380556831572750;13.4;34.1;Sun Oct 06 2019 09:04:13 GMT+0200 (CEST);Sun Oct 06 2019 07:04:13 GMT+0200 (CEST);1570345453000;0.34;69.99;4.82
1380556831572750;13.4;34.3;Sun Oct 06 2019 09:06:22 GMT+0200 (CEST);Sun Oct 06 2019 07:06:22 GMT+0200 (CEST);1570345582000;0.38;77.36;4.85
1380556831572750;13.9;34.5;Sun Oct 06 2019 09:08:15 GMT+0200 (CEST);Sun Oct 06 2019 07:08:15 GMT+0200 (CEST);1570345695000;0.41;85.61;4.92
1380556831572750;13.9;34.9;Sun Oct 06 2019 09:10:10 GMT+0200 (CEST);Sun Oct 06 2019 07:10:10 GMT+0200 (CEST);1570345810000;0.46;96.26;4.98
1380556831572750;13.9;35.1;Sun Oct 06 2019 09:12:02 GMT+0200 (CEST);Sun Oct 06 2019 07:12:02 GMT+0200 (CEST);1570345922000;0.51;105.72;5.05
1380556831572750;13.9;35.3;Sun Oct 06 2019 09:14:04 GMT+0200 (CEST);Sun Oct 06 2019 07:14:04 GMT+0200 (CEST);1570346044000;0.57;117.83;5.18
1380556831572750;13.9;35.5;Sun Oct 06 2019 09:15:58 GMT+0200 (CEST);Sun Oct 06 2019 07:15:58 GMT+0200 (CEST);1570346158000;0.62;129.57;5.29
1380556831572750;15.4;35.6;Sun Oct 06 2019 09:17:53 GMT+0200 (CEST);Sun Oct 06 2019 07:17:53 GMT+0200 (CEST);1570346273000;0.67;139.34;5.42
1380556831572750;15.4;35.6;Sun Oct 06 2019 09:19:47 GMT+0200 (CEST);Sun Oct 06 2019 07:19:47 GMT+0200 (CEST);1570346387000;0.7;146.99;5.58
1380556831572750;15.4;35.7;Sun Oct 06 2019 09:21:49 GMT+0200 (CEST);Sun Oct 06 2019 07:21:49 GMT+0200 (CEST);1570346509000;0.71;147.98;5.76
1380556831572750;15.4;35.7;Sun Oct 06 2019 09:23:43 GMT+0200 (CEST);Sun Oct 06 2019 07:23:43 GMT+0200 (CEST);1570346623000;0.72;148.21;5.89
1380556831572750;15.4;35.6;Sun Oct 06 2019 09:25:36 GMT+0200 (CEST);Sun Oct 06 2019 07:25:36 GMT+0200 (CEST);1570346736000;0.71;145.62;6.07
1380556831572750;15.9;35.5;Sun Oct 06 2019 09:27:30 GMT+0200 (CEST);Sun Oct 06 2019 07:27:30 GMT+0200 (CEST);1570346850000;0.65;132.53;6.24
1380556831572750;15.9;35.3;Sun Oct 06 2019 09:29:33 GMT+0200 (CEST);Sun Oct 06 2019 07:29:33 GMT+0200 (CEST);1570346973000;0.57;113.11;6.33
1380556831572750;15.9;35;Sun Oct 06 2019 09:31:26 GMT+0200 (CEST);Sun Oct 06 2019 07:31:26 GMT+0200 (CEST);1570347086000;0.48;98.86;6.4
1380556831572750;15.9;34.6;Sun Oct 06 2019 09:33:19 GMT+0200 (CEST);Sun Oct 06 2019 07:33:19 GMT+0200 (CEST);1570347199000;0.43;85.41;6.44
1380556831572750;15.9;34.4;Sun Oct 06 2019 09:35:12 GMT+0200 (CEST);Sun Oct 06 2019 07:35:12 GMT+0200 (CEST);1570347312000;0.39;76.98;6.49
1380556831572750;15.9;34.3;Sun Oct 06 2019 09:37:10 GMT+0200 (CEST);Sun Oct 06 2019 07:37:10 GMT+0200 (CEST);1570347430000;0.37;73.18;6.46
1380556831572750;15.9;34.2;Sun Oct 06 2019 09:39:05 GMT+0200 (CEST);Sun Oct 06 2019 07:39:05 GMT+0200 (CEST);1570347545000;0.37;72.79;6.45
1380556831572750;15.9;34.1;Sun Oct 06 2019 09:40:58 GMT+0200 (CEST);Sun Oct 06 2019 07:40:58 GMT+0200 (CEST);1570347658000;0.38;73.8;6.46
1380556831572750;15.9;34.2;Sun Oct 06 2019 09:42:50 GMT+0200 (CEST);Sun Oct 06 2019 07:42:50 GMT+0200 (CEST);1570347770000;0.38;73.21;6.48
1380556831572750;15.9;34;Sun Oct 06 2019 09:44:44 GMT+0200 (CEST);Sun Oct 06 2019 07:44:44 GMT+0200 (CEST);1570347884000;0.37;72.48;6.5
1380556831572750;15.4;34.3;Sun Oct 06 2019 09:46:38 GMT+0200 (CEST);Sun Oct 06 2019 07:46:38 GMT+0200 (CEST);1570347998000;0.36;71.19;6.51
1380556831572750;15.4;34.1;Sun Oct 06 2019 09:48:31 GMT+0200 (CEST);Sun Oct 06 2019 07:48:31 GMT+0200 (CEST);1570348111000;0.37;71.46;6.52
1380556831572750;15.4;34.1;Sun Oct 06 2019 09:50:26 GMT+0200 (CEST);Sun Oct 06 2019 07:50:26 GMT+0200 (CEST);1570348226000;0.37;72.31;6.53
1380556831572750;15.4;34.2;Sun Oct 06 2019 09:52:19 GMT+0200 (CEST);Sun Oct 06 2019 07:52:19 GMT+0200 (CEST);1570348339000;0.39;74.57;6.55
1380556831572750;15.4;34.4;Sun Oct 06 2019 09:54:22 GMT+0200 (CEST);Sun Oct 06 2019 07:54:22 GMT+0200 (CEST);1570348462000;0.41;78.8;6.57
1380556831572750;15.9;34.4;Sun Oct 06 2019 09:56:15 GMT+0200 (CEST);Sun Oct 06 2019 07:56:15 GMT+0200 (CEST);1570348575000;0.43;82.82;6.6
1380556831572750;15.9;34.5;Sun Oct 06 2019 09:58:07 GMT+0200 (CEST);Sun Oct 06 2019 07:58:07 GMT+0200 (CEST);1570348687000;0.44;85.25;6.64
1380556831572750;15.4;34.5;Sun Oct 06 2019 10:00:02 GMT+0200 (CEST);Sun Oct 06 2019 08:00:02 GMT+0200 (CEST);1570348802000;0.44;85.93;6.69
1380556831572750;15.4;34.5;Sun Oct 06 2019 10:01:55 GMT+0200 (CEST);Sun Oct 06 2019 08:01:55 GMT+0200 (CEST);1570348915000;0.44;85.07;6.73
1380556831572750;15.4;34.5;Sun Oct 06 2019 10:03:49 GMT+0200 (CEST);Sun Oct 06 2019 08:03:49 GMT+0200 (CEST);1570349029000;0.43;83.99;6.77
1380556831572750;15.4;34.5;Sun Oct 06 2019 10:05:44 GMT+0200 (CEST);Sun Oct 06 2019 08:05:44 GMT+0200 (CEST);1570349144000;0.43;83.24;6.82
1380556831572750;15.4;34.3;Sun Oct 06 2019 10:07:37 GMT+0200 (CEST);Sun Oct 06 2019 08:07:37 GMT+0200 (CEST);1570349257000;0.44;84.89;6.87
1380556831572750;15.4;34.5;Sun Oct 06 2019 10:09:38 GMT+0200 (CEST);Sun Oct 06 2019 08:09:38 GMT+0200 (CEST);1570349378000;0.45;88.43;6.92
1380556831572750;15.4;34.5;Sun Oct 06 2019 10:11:34 GMT+0200 (CEST);Sun Oct 06 2019 08:11:34 GMT+0200 (CEST);1570349494000;0.46;89.41;6.93
1380556831572750;15.4;34.6;Sun Oct 06 2019 10:13:27 GMT+0200 (CEST);Sun Oct 06 2019 08:13:27 GMT+0200 (CEST);1570349607000;0.46;88.37;6.96
1380556831572750;15.4;34.5;Sun Oct 06 2019 10:15:22 GMT+0200 (CEST);Sun Oct 06 2019 08:15:22 GMT+0200 (CEST);1570349722000;0.45;88.5;7
1380556831572750;15.4;34.5;Sun Oct 06 2019 10:17:14 GMT+0200 (CEST);Sun Oct 06 2019 08:17:14 GMT+0200 (CEST);1570349834000;0.48;92.66;7.01
1380556831572750;15.9;34.6;Sun Oct 06 2019 10:19:24 GMT+0200 (CEST);Sun Oct 06 2019 08:19:24 GMT+0200 (CEST);1570349964000;0.52;101.92;7.05
1380556831572750;15.9;34.8;Sun Oct 06 2019 10:21:17 GMT+0200 (CEST);Sun Oct 06 2019 08:21:17 GMT+0200 (CEST);1570350077000;0.57;111.88;7.14
1380556831572750;15.9;35.1;Sun Oct 06 2019 10:23:11 GMT+0200 (CEST);Sun Oct 06 2019 08:23:11 GMT+0200 (CEST);1570350191000;0.61;118.88;7.21
1380556831572750;15.9;35.2;Sun Oct 06 2019 10:25:02 GMT+0200 (CEST);Sun Oct 06 2019 08:25:02 GMT+0200 (CEST);1570350302000;0.61;120.77;7.32
1380556831572750;15.9;35;Sun Oct 06 2019 10:26:55 GMT+0200 (CEST);Sun Oct 06 2019 08:26:55 GMT+0200 (CEST);1570350415000;0.63;121.65;7.46
1380556831572750;15.9;35.1;Sun Oct 06 2019 10:28:50 GMT+0200 (CEST);Sun Oct 06 2019 08:28:50 GMT+0200 (CEST);1570350530000;0.63;124.31;7.6
1380556831572750;15.9;35.2;Sun Oct 06 2019 10:30:43 GMT+0200 (CEST);Sun Oct 06 2019 08:30:43 GMT+0200 (CEST);1570350643000;0.65;127.04;7.67
1380556831572750;16.9;35.2;Sun Oct 06 2019 10:32:57 GMT+0200 (CEST);Sun Oct 06 2019 08:32:57 GMT+0200 (CEST);1570350777000;0.68;132.2;7.78
1380556831572750;16.9;35.2;Sun Oct 06 2019 10:34:51 GMT+0200 (CEST);Sun Oct 06 2019 08:34:51 GMT+0200 (CEST);1570350891000;0.71;139.87;7.85
1380556831572750;16.9;35.4;Sun Oct 06 2019 10:36:46 GMT+0200 (CEST);Sun Oct 06 2019 08:36:46 GMT+0200 (CEST);1570351006000;0.77;149.9;7.95
1380556831572750;16.9;35.6;Sun Oct 06 2019 10:38:40 GMT+0200 (CEST);Sun Oct 06 2019 08:38:40 GMT+0200 (CEST);1570351120000;0.83;165.18;8.14
1380556831572750;16.9;35.6;Sun Oct 06 2019 10:40:35 GMT+0200 (CEST);Sun Oct 06 2019 08:40:35 GMT+0200 (CEST);1570351235000;0.91;180.32;8.31
1380556831572750;16.9;35.8;Sun Oct 06 2019 10:42:29 GMT+0200 (CEST);Sun Oct 06 2019 08:42:29 GMT+0200 (CEST);1570351349000;0.99;196.29;8.43
1380556831572750;16.9;35.8;Sun Oct 06 2019 10:44:29 GMT+0200 (CEST);Sun Oct 06 2019 08:44:29 GMT+0200 (CEST);1570351469000;1.08;215.56;8.63
1380556831572750;17.9;35.9;Sun Oct 06 2019 10:46:31 GMT+0200 (CEST);Sun Oct 06 2019 08:46:31 GMT+0200 (CEST);1570351591000;1.2;241.04;8.85
1380556831572750;17.9;36;Sun Oct 06 2019 10:48:29 GMT+0200 (CEST);Sun Oct 06 2019 08:48:29 GMT+0200 (CEST);1570351709000;1.22;244.92;9.1
1380556831572750;17.9;35.8;Sun Oct 06 2019 10:50:22 GMT+0200 (CEST);Sun Oct 06 2019 08:50:22 GMT+0200 (CEST);1570351822000;1.18;233.13;9.33
1380556831572750;19.4;35.8;Sun Oct 06 2019 10:52:15 GMT+0200 (CEST);Sun Oct 06 2019 08:52:15 GMT+0200 (CEST);1570351935000;1.11;220.98;9.49
1380556831572750;19.4;35.8;Sun Oct 06 2019 10:54:14 GMT+0200 (CEST);Sun Oct 06 2019 08:54:14 GMT+0200 (CEST);1570352054000;1.13;226.07;9.64
1380556831572750;19.4;35.7;Sun Oct 06 2019 10:56:07 GMT+0200 (CEST);Sun Oct 06 2019 08:56:07 GMT+0200 (CEST);1570352167000;1.18;236.8;9.79
1380556831572750;19.4;35.6;Sun Oct 06 2019 10:57:59 GMT+0200 (CEST);Sun Oct 06 2019 08:57:59 GMT+0200 (CEST);1570352279000;1.19;238.5;9.92
1380556831572750;19.4;35.6;Sun Oct 06 2019 10:59:56 GMT+0200 (CEST);Sun Oct 06 2019 08:59:56 GMT+0200 (CEST);1570352396000;1.18;239.03;10.04
1380556831572750;19.9;35.7;Sun Oct 06 2019 11:01:56 GMT+0200 (CEST);Sun Oct 06 2019 09:01:56 GMT+0200 (CEST);1570352516000;1.21;243.04;10.16
1380556831572750;19.9;35.6;Sun Oct 06 2019 11:04:03 GMT+0200 (CEST);Sun Oct 06 2019 09:04:03 GMT+0200 (CEST);1570352643000;1.2;237.5;10.21
1380556831572750;21.5;35.6;Sun Oct 06 2019 11:06:00 GMT+0200 (CEST);Sun Oct 06 2019 09:06:00 GMT+0200 (CEST);1570352760000;1.16;231.4;10.24
1380556831572750;21.5;35.4;Sun Oct 06 2019 11:07:53 GMT+0200 (CEST);Sun Oct 06 2019 09:07:53 GMT+0200 (CEST);1570352873000;1.09;216.38;10.29
1380556831572750;21.5;35.2;Sun Oct 06 2019 11:09:47 GMT+0200 (CEST);Sun Oct 06 2019 09:09:47 GMT+0200 (CEST);1570352987000;1.03;204.6;10.33
1380556831572750;21.5;35.2;Sun Oct 06 2019 11:11:40 GMT+0200 (CEST);Sun Oct 06 2019 09:11:40 GMT+0200 (CEST);1570353100000;0.99;194.31;10.42
1380556831572750;21.5;35;Sun Oct 06 2019 11:13:34 GMT+0200 (CEST);Sun Oct 06 2019 09:13:34 GMT+0200 (CEST);1570353214000;0.96;189.38;10.53
1380556831572750;22;35;Sun Oct 06 2019 11:15:35 GMT+0200 (CEST);Sun Oct 06 2019 09:15:35 GMT+0200 (CEST);1570353335000;0.95;188.02;10.52
1380556831572750;22;35;Sun Oct 06 2019 11:17:28 GMT+0200 (CEST);Sun Oct 06 2019 09:17:28 GMT+0200 (CEST);1570353448000;0.97;191.89;10.57
1380556831572750;22;35.1;Sun Oct 06 2019 11:19:29 GMT+0200 (CEST);Sun Oct 06 2019 09:19:29 GMT+0200 (CEST);1570353569000;0.99;198.23;10.6
1380556831572750;21.5;35.1;Sun Oct 06 2019 11:21:30 GMT+0200 (CEST);Sun Oct 06 2019 09:21:30 GMT+0200 (CEST);1570353690000;1.01;200.36;10.63
1380556831572750;21.5;35;Sun Oct 06 2019 11:23:33 GMT+0200 (CEST);Sun Oct 06 2019 09:23:33 GMT+0200 (CEST);1570353813000;1.02;201.94;10.71
1380556831572750;21.5;35.1;Sun Oct 06 2019 11:25:26 GMT+0200 (CEST);Sun Oct 06 2019 09:25:26 GMT+0200 (CEST);1570353926000;1.01;202.8;10.78
1380556831572750;21.5;35.1;Sun Oct 06 2019 11:27:23 GMT+0200 (CEST);Sun Oct 06 2019 09:27:23 GMT+0200 (CEST);1570354043000;1.03;208.48;10.85
1380556831572750;21.5;35.1;Sun Oct 06 2019 11:29:24 GMT+0200 (CEST);Sun Oct 06 2019 09:29:24 GMT+0200 (CEST);1570354164000;1.09;218.15;10.9
1380556831572750;21.5;35.3;Sun Oct 06 2019 11:31:17 GMT+0200 (CEST);Sun Oct 06 2019 09:31:17 GMT+0200 (CEST);1570354277000;1.15;228.17;10.84
1380556831572750;21.5;35.3;Sun Oct 06 2019 11:33:10 GMT+0200 (CEST);Sun Oct 06 2019 09:33:10 GMT+0200 (CEST);1570354390000;1.21;240.61;10.94
1380556831572750;22;35.4;Sun Oct 06 2019 11:35:03 GMT+0200 (CEST);Sun Oct 06 2019 09:35:03 GMT+0200 (CEST);1570354503000;1.24;247.26;11.01
1380556831572750;22;35.3;Sun Oct 06 2019 11:36:56 GMT+0200 (CEST);Sun Oct 06 2019 09:36:56 GMT+0200 (CEST);1570354616000;1.24;246.82;11.09
1380556831572750;22;35.4;Sun Oct 06 2019 11:38:49 GMT+0200 (CEST);Sun Oct 06 2019 09:38:49 GMT+0200 (CEST);1570354729000;1.3;261.87;11.26
1380556831572750;22;35.4;Sun Oct 06 2019 11:40:42 GMT+0200 (CEST);Sun Oct 06 2019 09:40:42 GMT+0200 (CEST);1570354842000;1.37;274.09;11.31
1380556831572750;22;35.4;Sun Oct 06 2019 11:42:35 GMT+0200 (CEST);Sun Oct 06 2019 09:42:35 GMT+0200 (CEST);1570354955000;1.37;276.93;11.41
1380556831572750;22;35.2;Sun Oct 06 2019 11:44:36 GMT+0200 (CEST);Sun Oct 06 2019 09:44:36 GMT+0200 (CEST);1570355076000;1.31;262.76;11.63
1380556831572750;22;35.1;Sun Oct 06 2019 11:46:30 GMT+0200 (CEST);Sun Oct 06 2019 09:46:30 GMT+0200 (CEST);1570355190000;1.32;266.25;11.83
1380556831572750;22;35.1;Sun Oct 06 2019 11:48:23 GMT+0200 (CEST);Sun Oct 06 2019 09:48:23 GMT+0200 (CEST);1570355303000;1.33;267.36;11.86
1380556831572750;22;35.1;Sun Oct 06 2019 11:51:05 GMT+0200 (CEST);Sun Oct 06 2019 09:51:05 GMT+0200 (CEST);1570355465000;1.42;290.12;11.98
1380556831572750;23.5;35.1;Sun Oct 06 2019 11:52:58 GMT+0200 (CEST);Sun Oct 06 2019 09:52:58 GMT+0200 (CEST);1570355578000;1.45;295.57;12
1380556831572750;23.5;35.2;Sun Oct 06 2019 11:54:50 GMT+0200 (CEST);Sun Oct 06 2019 09:54:50 GMT+0200 (CEST);1570355690000;1.48;310.21;11.93
1380556831572750;23.5;35.4;Sun Oct 06 2019 11:56:46 GMT+0200 (CEST);Sun Oct 06 2019 09:56:46 GMT+0200 (CEST);1570355806000;1.58;326.37;12.01
1380556831572750;23.5;35.4;Sun Oct 06 2019 11:58:39 GMT+0200 (CEST);Sun Oct 06 2019 09:58:39 GMT+0200 (CEST);1570355919000;1.72;350.71;12.17
1380556831572750;23.5;35.4;Sun Oct 06 2019 12:00:32 GMT+0200 (CEST);Sun Oct 06 2019 10:00:32 GMT+0200 (CEST);1570356032000;1.78;376.31;12.27
1380556831572750;24;35.5;Sun Oct 06 2019 12:02:26 GMT+0200 (CEST);Sun Oct 06 2019 10:02:26 GMT+0200 (CEST);1570356146000;1.81;376.31;12.41
1380556831572750;24;35.4;Sun Oct 06 2019 12:04:19 GMT+0200 (CEST);Sun Oct 06 2019 10:04:19 GMT+0200 (CEST);1570356259000;1.92;399.35;12.53
1380556831572750;25;35.1;Sun Oct 06 2019 12:06:43 GMT+0200 (CEST);Sun Oct 06 2019 10:06:43 GMT+0200 (CEST);1570356403000;1.86;383.99;12.78
1380556831572750;25;35.1;Sun Oct 06 2019 12:08:44 GMT+0200 (CEST);Sun Oct 06 2019 10:08:44 GMT+0200 (CEST);1570356524000;1.8;368.63;12.96
1380556831572750;25.5;35.1;Sun Oct 06 2019 12:10:36 GMT+0200 (CEST);Sun Oct 06 2019 10:10:36 GMT+0200 (CEST);1570356636000;1.84;381.43;12.93
1380556831572750;25.5;35.1;Sun Oct 06 2019 12:12:21 GMT+0200 (CEST);Sun Oct 06 2019 10:12:21 GMT+0200 (CEST);1570356741000;1.94;401.91;12.87
1380556831572750;25.5;35.5;Sun Oct 06 2019 12:14:15 GMT+0200 (CEST);Sun Oct 06 2019 10:14:15 GMT+0200 (CEST);1570356855000;2.09;432.63;12.93
1380556831572750;26;35.3;Sun Oct 06 2019 12:16:10 GMT+0200 (CEST);Sun Oct 06 2019 10:16:10 GMT+0200 (CEST);1570356970000;2.13;445.43;13.21
1380556831572750;26;35.4;Sun Oct 06 2019 12:18:02 GMT+0200 (CEST);Sun Oct 06 2019 10:18:02 GMT+0200 (CEST);1570357082000;2.05;432.63;13.44
1380556831572750;27.5;35.2;Sun Oct 06 2019 12:20:02 GMT+0200 (CEST);Sun Oct 06 2019 10:20:02 GMT+0200 (CEST);1570357202000;2.01;417.27;13.57
1380556831572750;27.5;35.2;Sun Oct 06 2019 12:22:26 GMT+0200 (CEST);Sun Oct 06 2019 10:22:26 GMT+0200 (CEST);1570357346000;1.99;417.27;13.59
1380556831572750;27.5;35.1;Sun Oct 06 2019 12:24:19 GMT+0200 (CEST);Sun Oct 06 2019 10:24:19 GMT+0200 (CEST);1570357459000;2;417.27;13.64
1380556831572750;27.5;35.1;Sun Oct 06 2019 12:26:15 GMT+0200 (CEST);Sun Oct 06 2019 10:26:15 GMT+0200 (CEST);1570357575000;2.05;424.95;13.58
1380556831572750;27.5;35.2;Sun Oct 06 2019 12:28:08 GMT+0200 (CEST);Sun Oct 06 2019 10:28:08 GMT+0200 (CEST);1570357688000;2.09;435.19;13.58
1380556831572750;27.5;35.2;Sun Oct 06 2019 12:30:06 GMT+0200 (CEST);Sun Oct 06 2019 10:30:06 GMT+0200 (CEST);1570357806000;2.19;453.11;13.6
1380556831572750;27.5;34.9;Sun Oct 06 2019 12:31:58 GMT+0200 (CEST);Sun Oct 06 2019 10:31:58 GMT+0200 (CEST);1570357918000;2.05;419.83;13.62
1380556831572750;27.5;34.8;Sun Oct 06 2019 12:33:56 GMT+0200 (CEST);Sun Oct 06 2019 10:33:56 GMT+0200 (CEST);1570358036000;1.79;366.07;13.75
1380556831572750;27.5;34.8;Sun Oct 06 2019 12:35:53 GMT+0200 (CEST);Sun Oct 06 2019 10:35:53 GMT+0200 (CEST);1570358153000;1.69;343.03;13.73
1380556831572750;28;34.8;Sun Oct 06 2019 12:38:24 GMT+0200 (CEST);Sun Oct 06 2019 10:38:24 GMT+0200 (CEST);1570358304000;1.55;312.4;13.66
1380556831572750;28;34.7;Sun Oct 06 2019 12:40:17 GMT+0200 (CEST);Sun Oct 06 2019 10:40:17 GMT+0200 (CEST);1570358417000;1.47;295.04;13.44
1380556831572750;27.5;34.7;Sun Oct 06 2019 12:42:10 GMT+0200 (CEST);Sun Oct 06 2019 10:42:10 GMT+0200 (CEST);1570358530000;1.5;299.21;13.48
1380556831572750;27.5;34.7;Sun Oct 06 2019 12:44:03 GMT+0200 (CEST);Sun Oct 06 2019 10:44:03 GMT+0200 (CEST);1570358643000;1.5;302.5;13.54
1380556831572750;27.5;34.8;Sun Oct 06 2019 12:45:58 GMT+0200 (CEST);Sun Oct 06 2019 10:45:58 GMT+0200 (CEST);1570358758000;1.48;294.43;13.52
1380556831572750;27.5;34.7;Sun Oct 06 2019 12:47:52 GMT+0200 (CEST);Sun Oct 06 2019 10:47:52 GMT+0200 (CEST);1570358872000;1.39;275.3;13.53
1380556831572750;27.5;34.7;Sun Oct 06 2019 12:49:44 GMT+0200 (CEST);Sun Oct 06 2019 10:49:44 GMT+0200 (CEST);1570358984000;1.26;251.4;13.39
1380556831572750;27.5;34.7;Sun Oct 06 2019 12:51:37 GMT+0200 (CEST);Sun Oct 06 2019 10:51:37 GMT+0200 (CEST);1570359097000;1.2;241.02;13.25
1380556831572750;26;34.7;Sun Oct 06 2019 12:53:33 GMT+0200 (CEST);Sun Oct 06 2019 10:53:33 GMT+0200 (CEST);1570359213000;1.24;245.02;13.01
1380556831572750;26;34.8;Sun Oct 06 2019 12:55:29 GMT+0200 (CEST);Sun Oct 06 2019 10:55:29 GMT+0200 (CEST);1570359329000;1.29;256.4;12.96
1380556831572750;26;34.7;Sun Oct 06 2019 12:57:21 GMT+0200 (CEST);Sun Oct 06 2019 10:57:21 GMT+0200 (CEST);1570359441000;1.33;263.45;13.09
1380556831572750;26;34.8;Sun Oct 06 2019 12:59:15 GMT+0200 (CEST);Sun Oct 06 2019 10:59:15 GMT+0200 (CEST);1570359555000;1.3;261.29;13.15
1380556831572750;26;34.7;Sun Oct 06 2019 13:01:10 GMT+0200 (CEST);Sun Oct 06 2019 11:01:10 GMT+0200 (CEST);1570359670000;1.29;258.68;13.25
1380556831572750;26;34.7;Sun Oct 06 2019 13:03:03 GMT+0200 (CEST);Sun Oct 06 2019 11:03:03 GMT+0200 (CEST);1570359783000;1.28;256.63;13.32
1380556831572750;26;34.7;Sun Oct 06 2019 13:05:05 GMT+0200 (CEST);Sun Oct 06 2019 11:05:05 GMT+0200 (CEST);1570359905000;1.28;253.84;13.46
1380556831572750;26;34.7;Sun Oct 06 2019 13:06:58 GMT+0200 (CEST);Sun Oct 06 2019 11:06:58 GMT+0200 (CEST);1570360018000;1.31;260.33;13.46
1380556831572750;26;34.8;Sun Oct 06 2019 13:09:21 GMT+0200 (CEST);Sun Oct 06 2019 11:09:21 GMT+0200 (CEST);1570360161000;1.4;278.1;13.48
1380556831572750;26;35;Sun Oct 06 2019 13:11:13 GMT+0200 (CEST);Sun Oct 06 2019 11:11:13 GMT+0200 (CEST);1570360273000;1.44;287.15;13.42
1380556831572750;26;35;Sun Oct 06 2019 13:13:06 GMT+0200 (CEST);Sun Oct 06 2019 11:13:06 GMT+0200 (CEST);1570360386000;1.38;274.23;13.38
1380556831572750;26;34.8;Sun Oct 06 2019 13:15:00 GMT+0200 (CEST);Sun Oct 06 2019 11:15:00 GMT+0200 (CEST);1570360500000;1.28;254.39;13.37
1380556831572750;25.5;34.7;Sun Oct 06 2019 13:17:22 GMT+0200 (CEST);Sun Oct 06 2019 11:17:22 GMT+0200 (CEST);1570360642000;1.21;240.08;13.32
1380556831572750;25.5;34.7;Sun Oct 06 2019 13:19:16 GMT+0200 (CEST);Sun Oct 06 2019 11:19:16 GMT+0200 (CEST);1570360756000;1.2;240.01;13.22
1380556831572750;25.5;34.7;Sun Oct 06 2019 13:21:09 GMT+0200 (CEST);Sun Oct 06 2019 11:21:09 GMT+0200 (CEST);1570360869000;1.25;249.77;13.25
1380556831572750;25.5;34.7;Sun Oct 06 2019 13:23:03 GMT+0200 (CEST);Sun Oct 06 2019 11:23:03 GMT+0200 (CEST);1570360983000;1.34;269.26;13.35
1380556831572750;25.5;34.9;Sun Oct 06 2019 13:24:56 GMT+0200 (CEST);Sun Oct 06 2019 11:24:56 GMT+0200 (CEST);1570361096000;1.42;282.03;13.41
1380556831572750;25.5;34.8;Sun Oct 06 2019 13:26:49 GMT+0200 (CEST);Sun Oct 06 2019 11:26:49 GMT+0200 (CEST);1570361209000;1.42;281.34;13.55
1380556831572750;25.5;34.8;Sun Oct 06 2019 13:28:42 GMT+0200 (CEST);Sun Oct 06 2019 11:28:42 GMT+0200 (CEST);1570361322000;1.35;263.69;13.64
1380556831572750;25.5;34.7;Sun Oct 06 2019 13:30:34 GMT+0200 (CEST);Sun Oct 06 2019 11:30:34 GMT+0200 (CEST);1570361434000;1.23;247.15;13.71
1380556831572750;25.5;34.7;Sun Oct 06 2019 13:32:22 GMT+0200 (CEST);Sun Oct 06 2019 11:32:22 GMT+0200 (CEST);1570361542000;1.19;234.36;13.71
1380556831572750;25.5;34.6;Sun Oct 06 2019 13:34:16 GMT+0200 (CEST);Sun Oct 06 2019 11:34:16 GMT+0200 (CEST);1570361656000;1.13;221.93;13.63
1380556831572750;25.5;34.7;Sun Oct 06 2019 13:36:09 GMT+0200 (CEST);Sun Oct 06 2019 11:36:09 GMT+0200 (CEST);1570361769000;1.1;216.87;13.52
1380556831572750;25.5;34.7;Sun Oct 06 2019 13:38:24 GMT+0200 (CEST);Sun Oct 06 2019 11:38:24 GMT+0200 (CEST);1570361904000;1.08;215.14;13.55
1380556831572750;25.5;34.9;Sun Oct 06 2019 13:40:24 GMT+0200 (CEST);Sun Oct 06 2019 11:40:24 GMT+0200 (CEST);1570362024000;1.12;219.21;13.45
1380556831572750;25.5;34.7;Sun Oct 06 2019 13:42:17 GMT+0200 (CEST);Sun Oct 06 2019 11:42:17 GMT+0200 (CEST);1570362137000;1.14;222.03;13.43
1380556831572750;25.5;34.7;Sun Oct 06 2019 13:44:10 GMT+0200 (CEST);Sun Oct 06 2019 11:44:10 GMT+0200 (CEST);1570362250000;1.15;223.69;13.38
1380556831572750;25.5;34.7;Sun Oct 06 2019 13:46:04 GMT+0200 (CEST);Sun Oct 06 2019 11:46:04 GMT+0200 (CEST);1570362364000;1.18;230.71;13.34
1380556831572750;25.5;34.7;Sun Oct 06 2019 13:48:07 GMT+0200 (CEST);Sun Oct 06 2019 11:48:07 GMT+0200 (CEST);1570362487000;1.18;231.77;13.36
1380556831572750;25.5;34.7;Sun Oct 06 2019 13:50:00 GMT+0200 (CEST);Sun Oct 06 2019 11:50:00 GMT+0200 (CEST);1570362600000;1.17;227.73;13.39
1380556831572750;25.5;34.7;Sun Oct 06 2019 13:51:56 GMT+0200 (CEST);Sun Oct 06 2019 11:51:56 GMT+0200 (CEST);1570362716000;1.14;221.02;13.39
1380556831572750;25.5;34.7;Sun Oct 06 2019 13:53:51 GMT+0200 (CEST);Sun Oct 06 2019 11:53:51 GMT+0200 (CEST);1570362831000;1.09;211.96;13.46
1380556831572750;25.5;34.6;Sun Oct 06 2019 13:55:59 GMT+0200 (CEST);Sun Oct 06 2019 11:55:59 GMT+0200 (CEST);1570362959000;1.06;204.02;13.46
1380556831572750;25.5;34.5;Sun Oct 06 2019 13:57:51 GMT+0200 (CEST);Sun Oct 06 2019 11:57:51 GMT+0200 (CEST);1570363071000;1.03;197.72;13.45
1380556831572750;25.5;34.3;Sun Oct 06 2019 13:59:49 GMT+0200 (CEST);Sun Oct 06 2019 11:59:49 GMT+0200 (CEST);1570363189000;1;192.62;13.4
1380556831572750;25.5;34.4;Sun Oct 06 2019 14:01:42 GMT+0200 (CEST);Sun Oct 06 2019 12:01:42 GMT+0200 (CEST);1570363302000;0.99;190.77;13.42
1380556831572750;24;34.4;Sun Oct 06 2019 14:03:45 GMT+0200 (CEST);Sun Oct 06 2019 12:03:45 GMT+0200 (CEST);1570363425000;1.01;192.96;13.4
1380556831572750;24;34.5;Sun Oct 06 2019 14:05:38 GMT+0200 (CEST);Sun Oct 06 2019 12:05:38 GMT+0200 (CEST);1570363538000;1;190.07;13.34
1380556831572750;24;34.5;Sun Oct 06 2019 14:07:30 GMT+0200 (CEST);Sun Oct 06 2019 12:07:30 GMT+0200 (CEST);1570363650000;0.96;184.66;13.3
1380556831572750;24;34.4;Sun Oct 06 2019 14:09:24 GMT+0200 (CEST);Sun Oct 06 2019 12:09:24 GMT+0200 (CEST);1570363764000;0.94;178.81;13.29
1380556831572750;24;34.4;Sun Oct 06 2019 14:11:16 GMT+0200 (CEST);Sun Oct 06 2019 12:11:16 GMT+0200 (CEST);1570363876000;0.91;173.23;13.31
1380556831572750;24;34.3;Sun Oct 06 2019 14:13:09 GMT+0200 (CEST);Sun Oct 06 2019 12:13:09 GMT+0200 (CEST);1570363989000;0.92;172.76;13.31
1380556831572750;24;34.4;Sun Oct 06 2019 14:15:02 GMT+0200 (CEST);Sun Oct 06 2019 12:15:02 GMT+0200 (CEST);1570364102000;0.93;177.54;13.35
1380556831572750;24;34.4;Sun Oct 06 2019 14:16:38 GMT+0200 (CEST);Sun Oct 06 2019 12:16:38 GMT+0200 (CEST);1570364198000;0.93;175.38;13.35
1380556831572750;24;34.4;Sun Oct 06 2019 14:18:33 GMT+0200 (CEST);Sun Oct 06 2019 12:18:33 GMT+0200 (CEST);1570364313000;0.89;167.93;13.37
1380556831572750;24;34.3;Sun Oct 06 2019 14:20:35 GMT+0200 (CEST);Sun Oct 06 2019 12:20:35 GMT+0200 (CEST);1570364435000;0.84;158.4;13.38
1380556831572750;24;34.3;Sun Oct 06 2019 14:22:30 GMT+0200 (CEST);Sun Oct 06 2019 12:22:30 GMT+0200 (CEST);1570364550000;0.81;152.67;13.33
1380556831572750;24;34.3;Sun Oct 06 2019 14:24:28 GMT+0200 (CEST);Sun Oct 06 2019 12:24:28 GMT+0200 (CEST);1570364668000;0.81;152.72;13.21
1380556831572750;24;34.3;Sun Oct 06 2019 14:26:21 GMT+0200 (CEST);Sun Oct 06 2019 12:26:21 GMT+0200 (CEST);1570364781000;0.84;158.6;13.17
1380556831572750;24;34.3;Sun Oct 06 2019 14:28:22 GMT+0200 (CEST);Sun Oct 06 2019 12:28:22 GMT+0200 (CEST);1570364902000;0.86;163.59;13.18
1380556831572750;24;34.3;Sun Oct 06 2019 14:30:15 GMT+0200 (CEST);Sun Oct 06 2019 12:30:15 GMT+0200 (CEST);1570365015000;0.87;164.37;13.1
1380556831572750;24;34.4;Sun Oct 06 2019 14:32:10 GMT+0200 (CEST);Sun Oct 06 2019 12:32:10 GMT+0200 (CEST);1570365130000;0.85;162.81;13.03
1380556831572750;24;34.3;Sun Oct 06 2019 14:34:12 GMT+0200 (CEST);Sun Oct 06 2019 12:34:12 GMT+0200 (CEST);1570365252000;0.85;159.4;13.04
1380556831572750;24;34.3;Sun Oct 06 2019 14:36:10 GMT+0200 (CEST);Sun Oct 06 2019 12:36:10 GMT+0200 (CEST);1570365370000;0.85;159.3;13.06
1380556831572750;24;34.3;Sun Oct 06 2019 14:38:05 GMT+0200 (CEST);Sun Oct 06 2019 12:38:05 GMT+0200 (CEST);1570365485000;0.81;154.5;13.06
1380556831572750;24;34.3;Sun Oct 06 2019 14:39:58 GMT+0200 (CEST);Sun Oct 06 2019 12:39:58 GMT+0200 (CEST);1570365598000;0.76;144.1;12.99
1380556831572750;24;34.2;Sun Oct 06 2019 14:41:50 GMT+0200 (CEST);Sun Oct 06 2019 12:41:50 GMT+0200 (CEST);1570365710000;0.7;137.07;12.95
1380556831572750;24;34.2;Sun Oct 06 2019 14:43:52 GMT+0200 (CEST);Sun Oct 06 2019 12:43:52 GMT+0200 (CEST);1570365832000;0.72;138.52;12.85
1380556831572750;23.5;34.3;Sun Oct 06 2019 14:45:51 GMT+0200 (CEST);Sun Oct 06 2019 12:45:51 GMT+0200 (CEST);1570365951000;0.75;142.7;12.78
1380556831572750;23.5;34.3;Sun Oct 06 2019 14:47:46 GMT+0200 (CEST);Sun Oct 06 2019 12:47:46 GMT+0200 (CEST);1570366066000;0.74;142.26;12.75
1380556831572750;23.5;34.3;Sun Oct 06 2019 14:49:45 GMT+0200 (CEST);Sun Oct 06 2019 12:49:45 GMT+0200 (CEST);1570366185000;0.73;139.02;12.78
1380556831572750;23.5;34.3;Sun Oct 06 2019 14:51:53 GMT+0200 (CEST);Sun Oct 06 2019 12:51:53 GMT+0200 (CEST);1570366313000;0.74;140.13;12.84
1380556831572750;23.5;34.3;Sun Oct 06 2019 14:53:46 GMT+0200 (CEST);Sun Oct 06 2019 12:53:46 GMT+0200 (CEST);1570366426000;0.75;143.53;12.84
1380556831572750;23.5;34.3;Sun Oct 06 2019 14:55:39 GMT+0200 (CEST);Sun Oct 06 2019 12:55:39 GMT+0200 (CEST);1570366539000;0.79;151.8;12.79
1380556831572750;23.5;34.4;Sun Oct 06 2019 14:57:31 GMT+0200 (CEST);Sun Oct 06 2019 12:57:31 GMT+0200 (CEST);1570366651000;0.86;162.06;12.78
1380556831572750;23.5;34.5;Sun Oct 06 2019 14:59:16 GMT+0200 (CEST);Sun Oct 06 2019 12:59:16 GMT+0200 (CEST);1570366756000;0.91;174.61;12.85
1380556831572750;23.5;34.6;Sun Oct 06 2019 15:01:09 GMT+0200 (CEST);Sun Oct 06 2019 13:01:09 GMT+0200 (CEST);1570366869000;0.96;179.95;12.92
1380556831572750;23.5;34.7;Sun Oct 06 2019 15:03:04 GMT+0200 (CEST);Sun Oct 06 2019 13:03:04 GMT+0200 (CEST);1570366984000;0.94;177.13;12.96
1380556831572750;23.5;34.4;Sun Oct 06 2019 15:04:58 GMT+0200 (CEST);Sun Oct 06 2019 13:04:58 GMT+0200 (CEST);1570367098000;0.92;171.05;13.03
1380556831572750;23.5;34.4;Sun Oct 06 2019 15:07:03 GMT+0200 (CEST);Sun Oct 06 2019 13:07:03 GMT+0200 (CEST);1570367223000;0.88;165.27;13.08
1380556831572750;23.5;34.4;Sun Oct 06 2019 15:08:58 GMT+0200 (CEST);Sun Oct 06 2019 13:08:58 GMT+0200 (CEST);1570367338000;0.88;163.13;13.06
1380556831572750;23.5;34.3;Sun Oct 06 2019 15:10:52 GMT+0200 (CEST);Sun Oct 06 2019 13:10:52 GMT+0200 (CEST);1570367452000;0.88;164.99;13.07
1380556831572750;23.5;34.4;Sun Oct 06 2019 15:12:45 GMT+0200 (CEST);Sun Oct 06 2019 13:12:45 GMT+0200 (CEST);1570367565000;0.87;165.17;13.09
1380556831572750;23.5;34.3;Sun Oct 06 2019 15:14:46 GMT+0200 (CEST);Sun Oct 06 2019 13:14:46 GMT+0200 (CEST);1570367686000;0.85;159.56;13.18
1380556831572750;23.5;34.4;Sun Oct 06 2019 15:16:41 GMT+0200 (CEST);Sun Oct 06 2019 13:16:41 GMT+0200 (CEST);1570367801000;0.82;152.78;13.24
1380556831572750;23.5;34.3;Sun Oct 06 2019 15:18:45 GMT+0200 (CEST);Sun Oct 06 2019 13:18:45 GMT+0200 (CEST);1570367925000;0.8;150.37;13.26
1380556831572750;23.5;34.3;Sun Oct 06 2019 15:20:38 GMT+0200 (CEST);Sun Oct 06 2019 13:20:38 GMT+0200 (CEST);1570368038000;0.79;147.89;13.25
1380556831572750;23.5;34.3;Sun Oct 06 2019 15:22:31 GMT+0200 (CEST);Sun Oct 06 2019 13:22:31 GMT+0200 (CEST);1570368151000;0.77;143.96;13.17
1380556831572750;23.5;34.3;Sun Oct 06 2019 15:24:31 GMT+0200 (CEST);Sun Oct 06 2019 13:24:31 GMT+0200 (CEST);1570368271000;0.75;139.74;13.05
1380556831572750;23.5;34.3;Sun Oct 06 2019 15:26:24 GMT+0200 (CEST);Sun Oct 06 2019 13:26:24 GMT+0200 (CEST);1570368384000;0.71;132.76;12.97
1380556831572750;23.5;34.2;Sun Oct 06 2019 15:28:21 GMT+0200 (CEST);Sun Oct 06 2019 13:28:21 GMT+0200 (CEST);1570368501000;0.67;127.18;12.93
1380556831572750;23.5;34.1;Sun Oct 06 2019 15:30:19 GMT+0200 (CEST);Sun Oct 06 2019 13:30:19 GMT+0200 (CEST);1570368619000;0.65;121.27;12.91
1380556831572750;23.5;33.9;Sun Oct 06 2019 15:32:11 GMT+0200 (CEST);Sun Oct 06 2019 13:32:11 GMT+0200 (CEST);1570368731000;0.6;113.62;12.92
1380556831572750;23.5;33.7;Sun Oct 06 2019 15:34:05 GMT+0200 (CEST);Sun Oct 06 2019 13:34:05 GMT+0200 (CEST);1570368845000;0.57;106.97;12.88
1380556831572750;23.5;33.8;Sun Oct 06 2019 15:35:57 GMT+0200 (CEST);Sun Oct 06 2019 13:35:57 GMT+0200 (CEST);1570368957000;0.54;104.91;12.8
1380556831572750;23.5;34;Sun Oct 06 2019 15:38:35 GMT+0200 (CEST);Sun Oct 06 2019 13:38:35 GMT+0200 (CEST);1570369115000;0.54;104.24;12.78
1380556831572750;23.5;33.8;Sun Oct 06 2019 15:40:28 GMT+0200 (CEST);Sun Oct 06 2019 13:40:28 GMT+0200 (CEST);1570369228000;0.54;103.05;12.77
1380556831572750;23.5;33.8;Sun Oct 06 2019 15:42:22 GMT+0200 (CEST);Sun Oct 06 2019 13:42:22 GMT+0200 (CEST);1570369342000;0.52;99.78;12.67
1380556831572750;23.5;33.8;Sun Oct 06 2019 15:44:14 GMT+0200 (CEST);Sun Oct 06 2019 13:44:14 GMT+0200 (CEST);1570369454000;0.51;96.02;12.49
1380556831572750;23.5;33.8;Sun Oct 06 2019 15:46:09 GMT+0200 (CEST);Sun Oct 06 2019 13:46:09 GMT+0200 (CEST);1570369569000;0.49;91.01;12.34
1380556831572750;22;33.7;Sun Oct 06 2019 15:48:03 GMT+0200 (CEST);Sun Oct 06 2019 13:48:03 GMT+0200 (CEST);1570369683000;0.46;85.85;12.07
1380556831572750;22;33.7;Sun Oct 06 2019 15:49:56 GMT+0200 (CEST);Sun Oct 06 2019 13:49:56 GMT+0200 (CEST);1570369796000;0.45;84.72;11.82
1380556831572750;22;33.8;Sun Oct 06 2019 15:51:50 GMT+0200 (CEST);Sun Oct 06 2019 13:51:50 GMT+0200 (CEST);1570369910000;0.45;84.56;11.55
1380556831572750;21.5;34;Sun Oct 06 2019 15:53:49 GMT+0200 (CEST);Sun Oct 06 2019 13:53:49 GMT+0200 (CEST);1570370029000;0.46;83.59;11.17
1380556831572750;21.5;33.9;Sun Oct 06 2019 15:55:42 GMT+0200 (CEST);Sun Oct 06 2019 13:55:42 GMT+0200 (CEST);1570370142000;0.46;84.22;10.85
1380556831572750;21.5;34;Sun Oct 06 2019 15:57:34 GMT+0200 (CEST);Sun Oct 06 2019 13:57:34 GMT+0200 (CEST);1570370254000;0.47;87.05;10.54
1380556831572750;21.5;34;Sun Oct 06 2019 15:59:33 GMT+0200 (CEST);Sun Oct 06 2019 13:59:33 GMT+0200 (CEST);1570370373000;0.48;90.18;10.33
1380556831572750;21.5;34;Sun Oct 06 2019 16:01:42 GMT+0200 (CEST);Sun Oct 06 2019 14:01:42 GMT+0200 (CEST);1570370502000;0.48;90.24;10.2
1380556831572750;19.9;34;Sun Oct 06 2019 16:03:35 GMT+0200 (CEST);Sun Oct 06 2019 14:03:35 GMT+0200 (CEST);1570370615000;0.47;89.59;10.11
1380556831572750;19.9;33.8;Sun Oct 06 2019 16:05:38 GMT+0200 (CEST);Sun Oct 06 2019 14:05:38 GMT+0200 (CEST);1570370738000;0.45;84.96;10.05
1380556831572750;19.9;33.8;Sun Oct 06 2019 16:07:31 GMT+0200 (CEST);Sun Oct 06 2019 14:07:31 GMT+0200 (CEST);1570370851000;0.41;77.45;9.96
1380556831572750;19.9;33.6;Sun Oct 06 2019 16:09:45 GMT+0200 (CEST);Sun Oct 06 2019 14:09:45 GMT+0200 (CEST);1570370985000;0.38;71.54;9.83
1380556831572750;19.4;33.6;Sun Oct 06 2019 16:11:39 GMT+0200 (CEST);Sun Oct 06 2019 14:11:39 GMT+0200 (CEST);1570371099000;0.36;70.15;9.68
1380556831572750;19.4;33.4;Sun Oct 06 2019 16:13:31 GMT+0200 (CEST);Sun Oct 06 2019 14:13:31 GMT+0200 (CEST);1570371211000;0.36;68.75;9.55
1380556831572750;19.4;33.4;Sun Oct 06 2019 16:15:33 GMT+0200 (CEST);Sun Oct 06 2019 14:15:33 GMT+0200 (CEST);1570371333000;0.35;66.85;9.49
1380556831572750;19.4;33.1;Sun Oct 06 2019 16:17:25 GMT+0200 (CEST);Sun Oct 06 2019 14:17:25 GMT+0200 (CEST);1570371445000;0.33;63.97;9.46
1380556831572750;19.4;33.2;Sun Oct 06 2019 16:19:19 GMT+0200 (CEST);Sun Oct 06 2019 14:19:19 GMT+0200 (CEST);1570371559000;0.31;60.22;9.5
1380556831572750;19.4;33.1;Sun Oct 06 2019 16:21:11 GMT+0200 (CEST);Sun Oct 06 2019 14:21:11 GMT+0200 (CEST);1570371671000;0.31;59.38;9.5
1380556831572750;19.4;33.3;Sun Oct 06 2019 16:23:13 GMT+0200 (CEST);Sun Oct 06 2019 14:23:13 GMT+0200 (CEST);1570371793000;0.32;61.41;9.5
1380556831572750;19.4;33.4;Sun Oct 06 2019 16:25:15 GMT+0200 (CEST);Sun Oct 06 2019 14:25:15 GMT+0200 (CEST);1570371915000;0.35;64.66;9.46
1380556831572750;19.4;33.6;Sun Oct 06 2019 16:27:08 GMT+0200 (CEST);Sun Oct 06 2019 14:27:08 GMT+0200 (CEST);1570372028000;0.35;65.28;9.45
1380556831572750;19.4;33.4;Sun Oct 06 2019 16:29:02 GMT+0200 (CEST);Sun Oct 06 2019 14:29:02 GMT+0200 (CEST);1570372142000;0.33;63.28;9.46
1380556831572750;17.9;33.3;Sun Oct 06 2019 16:30:49 GMT+0200 (CEST);Sun Oct 06 2019 14:30:49 GMT+0200 (CEST);1570372249000;0.32;59.26;9.46
1380556831572750;17.9;33.2;Sun Oct 06 2019 16:32:46 GMT+0200 (CEST);Sun Oct 06 2019 14:32:46 GMT+0200 (CEST);1570372366000;0.3;57.04;9.47
1380556831572750;17.9;33;Sun Oct 06 2019 16:34:45 GMT+0200 (CEST);Sun Oct 06 2019 14:34:45 GMT+0200 (CEST);1570372485000;0.31;57.6;9.44
1380556831572750;17.9;33;Sun Oct 06 2019 16:36:48 GMT+0200 (CEST);Sun Oct 06 2019 14:36:48 GMT+0200 (CEST);1570372608000;0.32;59.73;9.44
1380556831572750;17.9;33.4;Sun Oct 06 2019 16:38:41 GMT+0200 (CEST);Sun Oct 06 2019 14:38:41 GMT+0200 (CEST);1570372721000;0.33;60.8;9.42
1380556831572750;17.9;33.4;Sun Oct 06 2019 16:40:46 GMT+0200 (CEST);Sun Oct 06 2019 14:40:46 GMT+0200 (CEST);1570372846000;0.33;61.3;9.4
1380556831572750;17.9;33.4;Sun Oct 06 2019 16:42:38 GMT+0200 (CEST);Sun Oct 06 2019 14:42:38 GMT+0200 (CEST);1570372958000;0.34;64.29;9.34
1380556831572750;16.9;33.4;Sun Oct 06 2019 16:44:33 GMT+0200 (CEST);Sun Oct 06 2019 14:44:33 GMT+0200 (CEST);1570373073000;0.35;67.26;9.25
1380556831572750;16.9;33.6;Sun Oct 06 2019 16:46:28 GMT+0200 (CEST);Sun Oct 06 2019 14:46:28 GMT+0200 (CEST);1570373188000;0.35;66.03;9.24
1380556831572750;16.9;33.2;Sun Oct 06 2019 16:48:21 GMT+0200 (CEST);Sun Oct 06 2019 14:48:21 GMT+0200 (CEST);1570373301000;0.32;61.72;9.28
1380556831572750;17.9;33.2;Sun Oct 06 2019 16:50:14 GMT+0200 (CEST);Sun Oct 06 2019 14:50:14 GMT+0200 (CEST);1570373414000;0.3;56.19;9.27
1380556831572750;17.9;33.1;Sun Oct 06 2019 16:52:09 GMT+0200 (CEST);Sun Oct 06 2019 14:52:09 GMT+0200 (CEST);1570373529000;0.26;52.19;9.22
1380556831572750;16.9;32.8;Sun Oct 06 2019 16:54:01 GMT+0200 (CEST);Sun Oct 06 2019 14:54:01 GMT+0200 (CEST);1570373641000;0.25;47.41;9.21
1380556831572750;16.9;32.8;Sun Oct 06 2019 16:56:00 GMT+0200 (CEST);Sun Oct 06 2019 14:56:00 GMT+0200 (CEST);1570373760000;0.23;44.55;9.2
1380556831572750;16.9;32.4;Sun Oct 06 2019 16:57:57 GMT+0200 (CEST);Sun Oct 06 2019 14:57:57 GMT+0200 (CEST);1570373877000;0.23;43.75;9.19
1380556831572750;16.9;32.6;Sun Oct 06 2019 16:59:51 GMT+0200 (CEST);Sun Oct 06 2019 14:59:51 GMT+0200 (CEST);1570373991000;0.22;42.64;9.2
1380556831572750;16.9;32.4;Sun Oct 06 2019 17:01:45 GMT+0200 (CEST);Sun Oct 06 2019 15:01:45 GMT+0200 (CEST);1570374105000;0.22;41.23;9.17
1380556831572750;16.9;32.5;Sun Oct 06 2019 17:03:44 GMT+0200 (CEST);Sun Oct 06 2019 15:03:44 GMT+0200 (CEST);1570374224000;0.21;39.66;9.15
1380556831572750;16.9;32.2;Sun Oct 06 2019 17:05:40 GMT+0200 (CEST);Sun Oct 06 2019 15:05:40 GMT+0200 (CEST);1570374340000;0.2;37.7;9.16
1380556831572750;16.9;32.3;Sun Oct 06 2019 17:07:33 GMT+0200 (CEST);Sun Oct 06 2019 15:07:33 GMT+0200 (CEST);1570374453000;0.2;36.25;9.15
1380556831572750;16.9;31.9;Sun Oct 06 2019 17:09:27 GMT+0200 (CEST);Sun Oct 06 2019 15:09:27 GMT+0200 (CEST);1570374567000;0.2;36.31;9.14
1380556831572750;16.9;31.9;Sun Oct 06 2019 17:11:26 GMT+0200 (CEST);Sun Oct 06 2019 15:11:26 GMT+0200 (CEST);1570374686000;0.2;36.67;9.11
1380556831572750;16.9;31.9;Sun Oct 06 2019 17:13:19 GMT+0200 (CEST);Sun Oct 06 2019 15:13:19 GMT+0200 (CEST);1570374799000;0.19;35.97;9.08
1380556831572750;16.9;31.9;Sun Oct 06 2019 17:15:13 GMT+0200 (CEST);Sun Oct 06 2019 15:15:13 GMT+0200 (CEST);1570374913000;0.19;34.61;9.09
1380556831572750;16.9;31.7;Sun Oct 06 2019 17:17:06 GMT+0200 (CEST);Sun Oct 06 2019 15:17:06 GMT+0200 (CEST);1570375026000;0.18;32.93;9.07
1380556831572750;16.9;31.5;Sun Oct 06 2019 17:19:40 GMT+0200 (CEST);Sun Oct 06 2019 15:19:40 GMT+0200 (CEST);1570375180000;0.17;32.63;9.05
1380556831572750;16.9;31.3;Sun Oct 06 2019 17:21:39 GMT+0200 (CEST);Sun Oct 06 2019 15:21:39 GMT+0200 (CEST);1570375299000;0.18;34.59;9.06
1380556831572750;15.9;31.9;Sun Oct 06 2019 17:23:31 GMT+0200 (CEST);Sun Oct 06 2019 15:23:31 GMT+0200 (CEST);1570375411000;0.21;38.97;9.05
1380556831572750;15.9;32;Sun Oct 06 2019 17:25:26 GMT+0200 (CEST);Sun Oct 06 2019 15:25:26 GMT+0200 (CEST);1570375526000;0.22;41.48;9.1
1380556831572750;16.9;32.3;Sun Oct 06 2019 17:27:19 GMT+0200 (CEST);Sun Oct 06 2019 15:27:19 GMT+0200 (CEST);1570375639000;0.21;40.33;9.14
1380556831572750;16.9;32;Sun Oct 06 2019 17:29:12 GMT+0200 (CEST);Sun Oct 06 2019 15:29:12 GMT+0200 (CEST);1570375752000;0.2;36.9;9.14
1380556831572750;16.9;31.7;Sun Oct 06 2019 17:31:05 GMT+0200 (CEST);Sun Oct 06 2019 15:31:05 GMT+0200 (CEST);1570375865000;0.18;32.59;9.14
1380556831572750;16.9;31.1;Sun Oct 06 2019 17:32:58 GMT+0200 (CEST);Sun Oct 06 2019 15:32:58 GMT+0200 (CEST);1570375978000;0.15;29.12;9.12
1380556831572750;16.9;31.2;Sun Oct 06 2019 17:35:34 GMT+0200 (CEST);Sun Oct 06 2019 15:35:34 GMT+0200 (CEST);1570376134000;0.14;26.5;9.05
1380556831572750;15.9;31.2;Sun Oct 06 2019 17:37:27 GMT+0200 (CEST);Sun Oct 06 2019 15:37:27 GMT+0200 (CEST);1570376247000;0.14;25.88;9.03
1380556831572750;15.9;31.8;Sun Oct 06 2019 17:39:22 GMT+0200 (CEST);Sun Oct 06 2019 15:39:22 GMT+0200 (CEST);1570376362000;0.13;24.59;9.02
1380556831572750;15.9;31.2;Sun Oct 06 2019 17:41:25 GMT+0200 (CEST);Sun Oct 06 2019 15:41:25 GMT+0200 (CEST);1570376485000;0.12;22.24;9
1380556831572750;15.9;30.9;Sun Oct 06 2019 17:43:18 GMT+0200 (CEST);Sun Oct 06 2019 15:43:18 GMT+0200 (CEST);1570376598000;0.11;21.14;9
1380556831572750;15.9;31.3;Sun Oct 06 2019 17:45:13 GMT+0200 (CEST);Sun Oct 06 2019 15:45:13 GMT+0200 (CEST);1570376713000;0.1;19.45;8.96
1380556831572750;15.9;30.8;Sun Oct 06 2019 17:47:05 GMT+0200 (CEST);Sun Oct 06 2019 15:47:05 GMT+0200 (CEST);1570376825000;0.08;16.82;8.91
1380556831572750;15.9;31.3;Sun Oct 06 2019 17:49:04 GMT+0200 (CEST);Sun Oct 06 2019 15:49:04 GMT+0200 (CEST);1570376944000;0.06;14.53;8.84
1380556831572750;15.9;31.3;Sun Oct 06 2019 17:51:15 GMT+0200 (CEST);Sun Oct 06 2019 15:51:15 GMT+0200 (CEST);1570377075000;0;12.6;8.77
1380556831572750;15.9;31.4;Sun Oct 06 2019 17:53:09 GMT+0200 (CEST);Sun Oct 06 2019 15:53:09 GMT+0200 (CEST);1570377189000;0;11.14;8.73
1380556831572750;15.4;29.1;Sun Oct 06 2019 17:55:05 GMT+0200 (CEST);Sun Oct 06 2019 15:55:05 GMT+0200 (CEST);1570377305000;0;10.46;8.67
1380556831572750;15.4;28.4;Sun Oct 06 2019 17:56:58 GMT+0200 (CEST);Sun Oct 06 2019 15:56:58 GMT+0200 (CEST);1570377418000;0;11.17;8.65
1380556831572750;15.4;28.4;Sun Oct 06 2019 17:58:54 GMT+0200 (CEST);Sun Oct 06 2019 15:58:54 GMT+0200 (CEST);1570377534000;0;12.79;8.63
1380556831572750;15.4;27.9;Sun Oct 06 2019 18:00:47 GMT+0200 (CEST);Sun Oct 06 2019 16:00:47 GMT+0200 (CEST);1570377647000;0;12.95;8.61
1380556831572750;15.4;27.4;Sun Oct 06 2019 18:02:45 GMT+0200 (CEST);Sun Oct 06 2019 16:02:45 GMT+0200 (CEST);1570377765000;0;13;8.61
1380556831572750;13.9;27.2;Sun Oct 06 2019 18:04:38 GMT+0200 (CEST);Sun Oct 06 2019 16:04:38 GMT+0200 (CEST);1570377878000;0;12.98;8.6
1380556831572750;13.9;24.5;Sun Oct 06 2019 18:06:34 GMT+0200 (CEST);Sun Oct 06 2019 16:06:34 GMT+0200 (CEST);1570377994000;0.06;12.31;8.6
1380556831572750;13.9;23.5;Sun Oct 06 2019 18:08:27 GMT+0200 (CEST);Sun Oct 06 2019 16:08:27 GMT+0200 (CEST);1570378107000;0;10.52;8.58
1380556831572750;13.4;21.9;Sun Oct 06 2019 18:10:22 GMT+0200 (CEST);Sun Oct 06 2019 16:10:22 GMT+0200 (CEST);1570378222000;0;9.08;8.55
1380556831572750;13.4;20.6;Sun Oct 06 2019 18:12:15 GMT+0200 (CEST);Sun Oct 06 2019 16:12:15 GMT+0200 (CEST);1570378335000;0;7.7;8.53
1380556831572750;11.4;21.3;Sun Oct 06 2019 18:14:14 GMT+0200 (CEST);Sun Oct 06 2019 16:14:14 GMT+0200 (CEST);1570378454000;0;6.78;8.53
1380556831572750;11.4;20.4;Sun Oct 06 2019 18:16:08 GMT+0200 (CEST);Sun Oct 06 2019 16:16:08 GMT+0200 (CEST);1570378568000;0;6.34;8.53
1380556831572750;11.4;20.8;Sun Oct 06 2019 18:18:03 GMT+0200 (CEST);Sun Oct 06 2019 16:18:03 GMT+0200 (CEST);1570378683000;0;6.27;8.53
1380556831572750;13.4;33.2;Sun Oct 06 2019 18:19:56 GMT+0200 (CEST);Sun Oct 06 2019 16:19:56 GMT+0200 (CEST);1570378796000;0;6.32;8.54
1380556831572750;13.4;33.2;Sun Oct 06 2019 18:22:14 GMT+0200 (CEST);Sun Oct 06 2019 16:22:14 GMT+0200 (CEST);1570378934000;0;6.02;8.54
1380556831572750;15.4;33.1;Sun Oct 06 2019 18:24:09 GMT+0200 (CEST);Sun Oct 06 2019 16:24:09 GMT+0200 (CEST);1570379049000;0;5.6;8.53
1380556831572750;15.4;32.5;Sun Oct 06 2019 18:26:04 GMT+0200 (CEST);Sun Oct 06 2019 16:26:04 GMT+0200 (CEST);1570379164000;0;4.84;8.5
1380556831572750;15.4;32.5;Sun Oct 06 2019 18:27:58 GMT+0200 (CEST);Sun Oct 06 2019 16:27:58 GMT+0200 (CEST);1570379278000;0;3.8;8.48
1380556831572750;13.9;29.2;Sun Oct 06 2019 18:29:51 GMT+0200 (CEST);Sun Oct 06 2019 16:29:51 GMT+0200 (CEST);1570379391000;0;2.71;8.44
1380556831572750;13.9;27.6;Sun Oct 06 2019 18:31:44 GMT+0200 (CEST);Sun Oct 06 2019 16:31:44 GMT+0200 (CEST);1570379504000;0;2.3;8.43
1380556831572750;13.4;25.4;Sun Oct 06 2019 18:33:40 GMT+0200 (CEST);Sun Oct 06 2019 16:33:40 GMT+0200 (CEST);1570379620000;0;1.79;8.42
1380556831572750;13.4;21.1;Sun Oct 06 2019 18:35:33 GMT+0200 (CEST);Sun Oct 06 2019 16:35:33 GMT+0200 (CEST);1570379733000;0;1.53;8.39
1380556831572750;13.4;21.1;Sun Oct 06 2019 18:37:25 GMT+0200 (CEST);Sun Oct 06 2019 16:37:25 GMT+0200 (CEST);1570379845000;0;1.45;8.36
1380556831572750;13.4;21.1;Sun Oct 06 2019 18:39:18 GMT+0200 (CEST);Sun Oct 06 2019 16:39:18 GMT+0200 (CEST);1570379958000;0;1.25;8.35
1380556831572750;9.9;29.5;Mon Oct 07 2019 07:41:32 GMT+0200 (CEST);Mon Oct 07 2019 05:41:32 GMT+0200 (CEST);1570426892000;0;10.33;6.79
1380556831572750;9.9;28.4;Mon Oct 07 2019 07:43:29 GMT+0200 (CEST);Mon Oct 07 2019 05:43:29 GMT+0200 (CEST);1570427009000;0;12.25;6.81
1380556831572750;9.9;27.6;Mon Oct 07 2019 07:45:23 GMT+0200 (CEST);Mon Oct 07 2019 05:45:23 GMT+0200 (CEST);1570427123000;0.07;14.6;6.83
1380556831572750;9.9;27.6;Mon Oct 07 2019 07:47:32 GMT+0200 (CEST);Mon Oct 07 2019 05:47:32 GMT+0200 (CEST);1570427252000;0.08;17.08;6.85
1380556831572750;9.9;27.6;Mon Oct 07 2019 07:49:27 GMT+0200 (CEST);Mon Oct 07 2019 05:49:27 GMT+0200 (CEST);1570427367000;0.1;19.25;6.88
1380556831572750;9.9;27.5;Mon Oct 07 2019 07:51:25 GMT+0200 (CEST);Mon Oct 07 2019 05:51:25 GMT+0200 (CEST);1570427485000;0.1;20.82;6.86
1380556831572750;9.9;27.5;Mon Oct 07 2019 07:53:17 GMT+0200 (CEST);Mon Oct 07 2019 05:53:17 GMT+0200 (CEST);1570427597000;0.11;22.01;6.87
1380556831572750;9.9;27.6;Mon Oct 07 2019 07:55:17 GMT+0200 (CEST);Mon Oct 07 2019 05:55:17 GMT+0200 (CEST);1570427717000;0.11;21.96;6.89
1380556831572750;11.4;27.6;Mon Oct 07 2019 07:57:10 GMT+0200 (CEST);Mon Oct 07 2019 05:57:10 GMT+0200 (CEST);1570427830000;0.11;22.1;6.89
1380556831572750;11.4;27.6;Mon Oct 07 2019 07:59:06 GMT+0200 (CEST);Mon Oct 07 2019 05:59:06 GMT+0200 (CEST);1570427946000;0.11;22;6.9
1380556831572750;11.9;27.7;Mon Oct 07 2019 08:00:58 GMT+0200 (CEST);Mon Oct 07 2019 06:00:58 GMT+0200 (CEST);1570428058000;0.11;21.95;6.89
1380556831572750;11.9;27.7;Mon Oct 07 2019 08:02:58 GMT+0200 (CEST);Mon Oct 07 2019 06:02:58 GMT+0200 (CEST);1570428178000;0.11;21.83;6.92
1380556831572750;11.9;27.6;Mon Oct 07 2019 08:04:51 GMT+0200 (CEST);Mon Oct 07 2019 06:04:51 GMT+0200 (CEST);1570428291000;0.11;22.46;6.95
1380556831572750;11.9;27.6;Mon Oct 07 2019 08:06:47 GMT+0200 (CEST);Mon Oct 07 2019 06:06:47 GMT+0200 (CEST);1570428407000;0.12;23.74;6.98
1380556831572750;11.9;27.7;Mon Oct 07 2019 08:08:39 GMT+0200 (CEST);Mon Oct 07 2019 06:08:39 GMT+0200 (CEST);1570428519000;0.14;28.87;7.03
1380556831572750;13.4;31.7;Mon Oct 07 2019 08:10:50 GMT+0200 (CEST);Mon Oct 07 2019 06:10:50 GMT+0200 (CEST);1570428650000;0.16;33.93;7.1
1380556831572750;13.4;31.8;Mon Oct 07 2019 08:12:45 GMT+0200 (CEST);Mon Oct 07 2019 06:12:45 GMT+0200 (CEST);1570428765000;0.18;37.4;7.14
1380556831572750;13.9;32.1;Mon Oct 07 2019 08:14:38 GMT+0200 (CEST);Mon Oct 07 2019 06:14:38 GMT+0200 (CEST);1570428878000;0.2;38.56;7.16
1380556831572750;13.9;32;Mon Oct 07 2019 08:16:31 GMT+0200 (CEST);Mon Oct 07 2019 06:16:31 GMT+0200 (CEST);1570428991000;0.18;36.2;7.18
1380556831572750;13.9;31.8;Mon Oct 07 2019 08:19:00 GMT+0200 (CEST);Mon Oct 07 2019 06:19:00 GMT+0200 (CEST);1570429140000;0.18;36.32;7.27
1380556831572750;13.9;31.8;Mon Oct 07 2019 08:20:55 GMT+0200 (CEST);Mon Oct 07 2019 06:20:55 GMT+0200 (CEST);1570429255000;0.19;38.18;7.33
1380556831572750;13.9;31.7;Mon Oct 07 2019 08:22:49 GMT+0200 (CEST);Mon Oct 07 2019 06:22:49 GMT+0200 (CEST);1570429369000;0.17;34.36;7.36
1380556831572750;13.9;31.5;Mon Oct 07 2019 08:24:41 GMT+0200 (CEST);Mon Oct 07 2019 06:24:41 GMT+0200 (CEST);1570429481000;0.16;31.29;7.36
1380556831572750;13.9;32.2;Mon Oct 07 2019 08:26:41 GMT+0200 (CEST);Mon Oct 07 2019 06:26:41 GMT+0200 (CEST);1570429601000;0.15;29.08;7.38
1380556831572750;14.9;31.6;Mon Oct 07 2019 08:28:33 GMT+0200 (CEST);Mon Oct 07 2019 06:28:33 GMT+0200 (CEST);1570429713000;0.12;26.01;7.39
1380556831572750;14.9;30.8;Mon Oct 07 2019 08:30:27 GMT+0200 (CEST);Mon Oct 07 2019 06:30:27 GMT+0200 (CEST);1570429827000;0.1;21.05;7.4
1380556831572750;14.9;30.8;Mon Oct 07 2019 08:32:20 GMT+0200 (CEST);Mon Oct 07 2019 06:32:20 GMT+0200 (CEST);1570429940000;0.1;19.09;7.42
1380556831572750;13.9;30.8;Mon Oct 07 2019 08:34:22 GMT+0200 (CEST);Mon Oct 07 2019 06:34:22 GMT+0200 (CEST);1570430062000;0.1;19.82;7.41
1380556831572750;13.9;31.1;Mon Oct 07 2019 08:36:22 GMT+0200 (CEST);Mon Oct 07 2019 06:36:22 GMT+0200 (CEST);1570430182000;0.12;23.52;7.4
1380556831572750;13.9;31.1;Mon Oct 07 2019 08:38:16 GMT+0200 (CEST);Mon Oct 07 2019 06:38:16 GMT+0200 (CEST);1570430296000;0.13;26.66;7.41
1380556831572750;13.9;32.1;Mon Oct 07 2019 08:40:09 GMT+0200 (CEST);Mon Oct 07 2019 06:40:09 GMT+0200 (CEST);1570430409000;0.14;27.63;7.39
1380556831572750;13.9;31.9;Mon Oct 07 2019 08:42:10 GMT+0200 (CEST);Mon Oct 07 2019 06:42:10 GMT+0200 (CEST);1570430530000;0.13;27.19;7.39
1380556831572750;13.9;32.1;Mon Oct 07 2019 08:44:03 GMT+0200 (CEST);Mon Oct 07 2019 06:44:03 GMT+0200 (CEST);1570430643000;0.14;28.08;7.4
1380556831572750;13.9;31.3;Mon Oct 07 2019 08:45:58 GMT+0200 (CEST);Mon Oct 07 2019 06:45:58 GMT+0200 (CEST);1570430758000;0.15;29.48;7.42
1380556831572750;15.4;31.4;Mon Oct 07 2019 08:47:51 GMT+0200 (CEST);Mon Oct 07 2019 06:47:51 GMT+0200 (CEST);1570430871000;0.15;30.37;7.46
1380556831572750;15.4;31.8;Mon Oct 07 2019 08:50:09 GMT+0200 (CEST);Mon Oct 07 2019 06:50:09 GMT+0200 (CEST);1570431009000;0.14;27.63;7.46
1380556831572750;15.4;31.2;Mon Oct 07 2019 08:52:02 GMT+0200 (CEST);Mon Oct 07 2019 06:52:02 GMT+0200 (CEST);1570431122000;0.12;24.01;7.47
1380556831572750;13.9;31;Mon Oct 07 2019 08:53:55 GMT+0200 (CEST);Mon Oct 07 2019 06:53:55 GMT+0200 (CEST);1570431235000;0.12;23.23;7.44
1380556831572750;13.9;31;Mon Oct 07 2019 08:55:48 GMT+0200 (CEST);Mon Oct 07 2019 06:55:48 GMT+0200 (CEST);1570431348000;0.13;25.86;7.46
1380556831572750;13.9;31.7;Mon Oct 07 2019 08:57:43 GMT+0200 (CEST);Mon Oct 07 2019 06:57:43 GMT+0200 (CEST);1570431463000;0.14;27.75;7.46
1380556831572750;13.9;31.3;Mon Oct 07 2019 08:59:36 GMT+0200 (CEST);Mon Oct 07 2019 06:59:36 GMT+0200 (CEST);1570431576000;0.14;27.21;7.48
1380556831572750;13.9;31.4;Mon Oct 07 2019 09:01:29 GMT+0200 (CEST);Mon Oct 07 2019 07:01:29 GMT+0200 (CEST);1570431689000;0.13;25.37;7.52
1380556831572750;15.4;31.2;Mon Oct 07 2019 09:03:23 GMT+0200 (CEST);Mon Oct 07 2019 07:03:23 GMT+0200 (CEST);1570431803000;0.13;25.07;7.53
1380556831572750;15.4;31.7;Mon Oct 07 2019 09:06:11 GMT+0200 (CEST);Mon Oct 07 2019 07:06:11 GMT+0200 (CEST);1570431971000;0.14;27.38;7.56
1380556831572750;13.9;31.5;Mon Oct 07 2019 09:08:07 GMT+0200 (CEST);Mon Oct 07 2019 07:08:07 GMT+0200 (CEST);1570432087000;0.15;29.1;7.55
1380556831572750;13.9;31.7;Mon Oct 07 2019 09:09:59 GMT+0200 (CEST);Mon Oct 07 2019 07:09:59 GMT+0200 (CEST);1570432199000;0.16;29.96;7.57
1380556831572750;13.9;31.4;Mon Oct 07 2019 09:12:10 GMT+0200 (CEST);Mon Oct 07 2019 07:12:10 GMT+0200 (CEST);1570432330000;0.16;29.3;7.57
1380556831572750;13.9;31.5;Mon Oct 07 2019 09:14:04 GMT+0200 (CEST);Mon Oct 07 2019 07:14:04 GMT+0200 (CEST);1570432444000;0.15;29.02;7.58
1380556831572750;13.9;31.5;Mon Oct 07 2019 09:15:59 GMT+0200 (CEST);Mon Oct 07 2019 07:15:59 GMT+0200 (CEST);1570432559000;0.15;28.41;7.6
1380556831572750;15.4;31.2;Mon Oct 07 2019 09:17:53 GMT+0200 (CEST);Mon Oct 07 2019 07:17:53 GMT+0200 (CEST);1570432673000;0.14;27.7;7.59
1380556831572750;15.4;31.7;Mon Oct 07 2019 09:19:48 GMT+0200 (CEST);Mon Oct 07 2019 07:19:48 GMT+0200 (CEST);1570432788000;0.15;28.49;7.62
1380556831572750;15.4;31.3;Mon Oct 07 2019 09:21:50 GMT+0200 (CEST);Mon Oct 07 2019 07:21:50 GMT+0200 (CEST);1570432910000;0.15;28.52;7.64
1380556831572750;15.4;32.1;Mon Oct 07 2019 09:23:45 GMT+0200 (CEST);Mon Oct 07 2019 07:23:45 GMT+0200 (CEST);1570433025000;0.16;29.71;7.67
1380556831572750;15.4;31.3;Mon Oct 07 2019 09:25:38 GMT+0200 (CEST);Mon Oct 07 2019 07:25:38 GMT+0200 (CEST);1570433138000;0.16;29.93;7.69
1380556831572750;15.4;31.6;Mon Oct 07 2019 09:27:31 GMT+0200 (CEST);Mon Oct 07 2019 07:27:31 GMT+0200 (CEST);1570433251000;0.15;28.83;7.69
1380556831572750;15.4;31.3;Mon Oct 07 2019 09:29:23 GMT+0200 (CEST);Mon Oct 07 2019 07:29:23 GMT+0200 (CEST);1570433363000;0.15;28.53;7.68
1380556831572750;15.4;31.3;Mon Oct 07 2019 09:31:16 GMT+0200 (CEST);Mon Oct 07 2019 07:31:16 GMT+0200 (CEST);1570433476000;0.15;27.91;7.67
1380556831572750;15.4;32;Mon Oct 07 2019 09:33:23 GMT+0200 (CEST);Mon Oct 07 2019 07:33:23 GMT+0200 (CEST);1570433603000;0.14;26.82;7.69
1380556831572750;15.4;31.3;Mon Oct 07 2019 09:35:29 GMT+0200 (CEST);Mon Oct 07 2019 07:35:29 GMT+0200 (CEST);1570433729000;0.15;28.23;7.71
1380556831572750;15.4;31.5;Mon Oct 07 2019 09:37:27 GMT+0200 (CEST);Mon Oct 07 2019 07:37:27 GMT+0200 (CEST);1570433847000;0.16;31.55;7.73
1380556831572750;15.4;32;Mon Oct 07 2019 09:39:20 GMT+0200 (CEST);Mon Oct 07 2019 07:39:20 GMT+0200 (CEST);1570433960000;0.18;35.14;7.75
1380556831572750;15.4;32.1;Mon Oct 07 2019 09:41:16 GMT+0200 (CEST);Mon Oct 07 2019 07:41:16 GMT+0200 (CEST);1570434076000;0.2;38.38;7.77
1380556831572750;15.4;32.1;Mon Oct 07 2019 09:43:09 GMT+0200 (CEST);Mon Oct 07 2019 07:43:09 GMT+0200 (CEST);1570434189000;0.22;40.72;7.76
1380556831572750;15.4;32.3;Mon Oct 07 2019 09:45:06 GMT+0200 (CEST);Mon Oct 07 2019 07:45:06 GMT+0200 (CEST);1570434306000;0.23;43.41;7.75
1380556831572750;15.4;32.7;Mon Oct 07 2019 09:47:02 GMT+0200 (CEST);Mon Oct 07 2019 07:47:02 GMT+0200 (CEST);1570434422000;0.25;46.35;7.75
1380556831572750;15.4;32.8;Mon Oct 07 2019 09:48:55 GMT+0200 (CEST);Mon Oct 07 2019 07:48:55 GMT+0200 (CEST);1570434535000;0.25;47.1;7.78
1380556831572750;15.4;32.7;Mon Oct 07 2019 09:50:48 GMT+0200 (CEST);Mon Oct 07 2019 07:50:48 GMT+0200 (CEST);1570434648000;0.25;46.32;7.78
1380556831572750;15.4;32.6;Mon Oct 07 2019 09:52:43 GMT+0200 (CEST);Mon Oct 07 2019 07:52:43 GMT+0200 (CEST);1570434763000;0.24;46.1;7.81
1380556831572750;15.4;33;Mon Oct 07 2019 09:54:39 GMT+0200 (CEST);Mon Oct 07 2019 07:54:39 GMT+0200 (CEST);1570434879000;0.24;46.65;7.81
1380556831572750;15.4;33.1;Mon Oct 07 2019 09:56:37 GMT+0200 (CEST);Mon Oct 07 2019 07:56:37 GMT+0200 (CEST);1570434997000;0.24;46.74;7.85
1380556831572750;15.9;32.8;Mon Oct 07 2019 09:58:30 GMT+0200 (CEST);Mon Oct 07 2019 07:58:30 GMT+0200 (CEST);1570435110000;0.25;46.71;7.86
1380556831572750;15.9;32.8;Mon Oct 07 2019 10:00:26 GMT+0200 (CEST);Mon Oct 07 2019 08:00:26 GMT+0200 (CEST);1570435226000;0.26;48.7;7.89
1380556831572750;15.9;33.2;Mon Oct 07 2019 10:02:19 GMT+0200 (CEST);Mon Oct 07 2019 08:02:19 GMT+0200 (CEST);1570435339000;0.27;50.51;7.89
1380556831572750;15.9;32.9;Mon Oct 07 2019 10:04:15 GMT+0200 (CEST);Mon Oct 07 2019 08:04:15 GMT+0200 (CEST);1570435455000;0.27;51.29;7.9
1380556831572750;15.9;33;Mon Oct 07 2019 10:06:10 GMT+0200 (CEST);Mon Oct 07 2019 08:06:10 GMT+0200 (CEST);1570435570000;0.28;52.73;7.93
1380556831572750;15.9;33.3;Mon Oct 07 2019 10:08:07 GMT+0200 (CEST);Mon Oct 07 2019 08:08:07 GMT+0200 (CEST);1570435687000;0.29;56.69;7.97
1380556831572750;15.9;33.1;Mon Oct 07 2019 10:10:00 GMT+0200 (CEST);Mon Oct 07 2019 08:10:00 GMT+0200 (CEST);1570435800000;0.32;61.19;7.98
1380556831572750;15.9;33.7;Mon Oct 07 2019 10:11:52 GMT+0200 (CEST);Mon Oct 07 2019 08:11:52 GMT+0200 (CEST);1570435912000;0.35;68.2;7.99
1380556831572750;15.9;33.4;Mon Oct 07 2019 10:13:45 GMT+0200 (CEST);Mon Oct 07 2019 08:13:45 GMT+0200 (CEST);1570436025000;0.39;74.91;8.02
1380556831572750;15.9;34;Mon Oct 07 2019 10:15:42 GMT+0200 (CEST);Mon Oct 07 2019 08:15:42 GMT+0200 (CEST);1570436142000;0.42;82.31;8.09
1380556831572750;15.9;34.2;Mon Oct 07 2019 10:17:37 GMT+0200 (CEST);Mon Oct 07 2019 08:17:37 GMT+0200 (CEST);1570436257000;0.44;85.53;8.17
1380556831572750;15.9;34.1;Mon Oct 07 2019 10:19:31 GMT+0200 (CEST);Mon Oct 07 2019 08:19:31 GMT+0200 (CEST);1570436371000;0.45;86.07;8.23
1380556831572750;15.9;34;Mon Oct 07 2019 10:21:29 GMT+0200 (CEST);Mon Oct 07 2019 08:21:29 GMT+0200 (CEST);1570436489000;0.45;88.97;8.33
1380556831572750;16.9;34.2;Mon Oct 07 2019 10:23:32 GMT+0200 (CEST);Mon Oct 07 2019 08:23:32 GMT+0200 (CEST);1570436612000;0.5;99.87;8.42
1380556831572750;16.9;34.3;Mon Oct 07 2019 10:25:27 GMT+0200 (CEST);Mon Oct 07 2019 08:25:27 GMT+0200 (CEST);1570436727000;0.56;109.91;8.5
1380556831572750;16.9;34.5;Mon Oct 07 2019 10:27:20 GMT+0200 (CEST);Mon Oct 07 2019 08:27:20 GMT+0200 (CEST);1570436840000;0.6;116.55;8.52
1380556831572750;16.9;34.8;Mon Oct 07 2019 10:29:14 GMT+0200 (CEST);Mon Oct 07 2019 08:29:14 GMT+0200 (CEST);1570436954000;0.61;118.44;8.53
1380556831572750;16.9;34.6;Mon Oct 07 2019 10:31:14 GMT+0200 (CEST);Mon Oct 07 2019 08:31:14 GMT+0200 (CEST);1570437074000;0.61;119.39;8.56
1380556831572750;16.9;34.6;Mon Oct 07 2019 10:33:07 GMT+0200 (CEST);Mon Oct 07 2019 08:33:07 GMT+0200 (CEST);1570437187000;0.61;120.27;8.61
1380556831572750;16.9;34.5;Mon Oct 07 2019 10:35:00 GMT+0200 (CEST);Mon Oct 07 2019 08:35:00 GMT+0200 (CEST);1570437300000;0.63;121.88;8.66
1380556831572750;17.9;34.5;Mon Oct 07 2019 10:36:53 GMT+0200 (CEST);Mon Oct 07 2019 08:36:53 GMT+0200 (CEST);1570437413000;0.65;126.4;8.79
1380556831572750;17.9;34.6;Mon Oct 07 2019 10:39:25 GMT+0200 (CEST);Mon Oct 07 2019 08:39:25 GMT+0200 (CEST);1570437565000;0.67;131.94;8.97
1380556831572750;19.4;34.5;Mon Oct 07 2019 10:41:19 GMT+0200 (CEST);Mon Oct 07 2019 08:41:19 GMT+0200 (CEST);1570437679000;0.68;133.95;9.07
1380556831572750;19.4;34.6;Mon Oct 07 2019 10:43:14 GMT+0200 (CEST);Mon Oct 07 2019 08:43:14 GMT+0200 (CEST);1570437794000;0.7;139.83;9.14
1380556831572750;19.4;34.8;Mon Oct 07 2019 10:45:10 GMT+0200 (CEST);Mon Oct 07 2019 08:45:10 GMT+0200 (CEST);1570437910000;0.77;151.32;9.22
1380556831572750;19.4;35;Mon Oct 07 2019 10:47:06 GMT+0200 (CEST);Mon Oct 07 2019 08:47:06 GMT+0200 (CEST);1570438026000;0.81;160.88;9.32
1380556831572750;19.4;34.8;Mon Oct 07 2019 10:49:02 GMT+0200 (CEST);Mon Oct 07 2019 08:49:02 GMT+0200 (CEST);1570438142000;0.8;157.89;9.41
1380556831572750;19.4;34.9;Mon Oct 07 2019 10:50:55 GMT+0200 (CEST);Mon Oct 07 2019 08:50:55 GMT+0200 (CEST);1570438255000;0.8;158.56;9.56
1380556831572750;19.4;34.8;Mon Oct 07 2019 10:53:00 GMT+0200 (CEST);Mon Oct 07 2019 08:53:00 GMT+0200 (CEST);1570438380000;0.84;171.38;9.76
1380556831572750;19.4;34.9;Mon Oct 07 2019 10:55:01 GMT+0200 (CEST);Mon Oct 07 2019 08:55:01 GMT+0200 (CEST);1570438501000;0.92;183.88;9.86
1380556831572750;19.4;35;Mon Oct 07 2019 10:56:53 GMT+0200 (CEST);Mon Oct 07 2019 08:56:53 GMT+0200 (CEST);1570438613000;0.89;176.25;9.99
1380556831572750;19.4;34.7;Mon Oct 07 2019 10:58:46 GMT+0200 (CEST);Mon Oct 07 2019 08:58:46 GMT+0200 (CEST);1570438726000;0.76;145.42;10.1
1380556831572750;19.9;34.4;Mon Oct 07 2019 11:00:39 GMT+0200 (CEST);Mon Oct 07 2019 09:00:39 GMT+0200 (CEST);1570438839000;0.64;123.61;10.11
1380556831572750;19.9;34.2;Mon Oct 07 2019 11:02:33 GMT+0200 (CEST);Mon Oct 07 2019 09:02:33 GMT+0200 (CEST);1570438953000;0.58;109.82;10.1
1380556831572750;19.9;34.1;Mon Oct 07 2019 11:04:26 GMT+0200 (CEST);Mon Oct 07 2019 09:04:26 GMT+0200 (CEST);1570439066000;0.54;103.12;10.03
1380556831572750;19.9;34.1;Mon Oct 07 2019 11:06:30 GMT+0200 (CEST);Mon Oct 07 2019 09:06:30 GMT+0200 (CEST);1570439190000;0.53;100.7;9.89
1380556831572750;19.9;34;Mon Oct 07 2019 11:08:23 GMT+0200 (CEST);Mon Oct 07 2019 09:08:23 GMT+0200 (CEST);1570439303000;0.52;98.34;9.76
1380556831572750;19.9;34.1;Mon Oct 07 2019 11:10:17 GMT+0200 (CEST);Mon Oct 07 2019 09:10:17 GMT+0200 (CEST);1570439417000;0.5;98.06;9.71
1380556831572750;19.9;34;Mon Oct 07 2019 11:12:11 GMT+0200 (CEST);Mon Oct 07 2019 09:12:11 GMT+0200 (CEST);1570439531000;0.52;100.29;9.7
1380556831572750;19.9;34.1;Mon Oct 07 2019 11:14:04 GMT+0200 (CEST);Mon Oct 07 2019 09:14:04 GMT+0200 (CEST);1570439644000;0.53;104.52;9.68
1380556831572750;19.9;34.2;Mon Oct 07 2019 11:15:58 GMT+0200 (CEST);Mon Oct 07 2019 09:15:58 GMT+0200 (CEST);1570439758000;0.57;111.74;9.65
1380556831572750;19.9;34.3;Mon Oct 07 2019 11:17:51 GMT+0200 (CEST);Mon Oct 07 2019 09:17:51 GMT+0200 (CEST);1570439871000;0.62;119.47;9.63
1380556831572750;19.9;34.4;Mon Oct 07 2019 11:19:43 GMT+0200 (CEST);Mon Oct 07 2019 09:19:43 GMT+0200 (CEST);1570439983000;0.64;123.51;9.6
1380556831572750;19.9;34.4;Mon Oct 07 2019 11:21:36 GMT+0200 (CEST);Mon Oct 07 2019 09:21:36 GMT+0200 (CEST);1570440096000;0.62;120.98;9.66
1380556831572750;19.9;34.3;Mon Oct 07 2019 11:23:28 GMT+0200 (CEST);Mon Oct 07 2019 09:23:28 GMT+0200 (CEST);1570440208000;0.59;113.52;9.69
1380556831572750;19.9;34.2;Mon Oct 07 2019 11:25:27 GMT+0200 (CEST);Mon Oct 07 2019 09:25:27 GMT+0200 (CEST);1570440327000;0.59;114.38;9.71
1380556831572750;19.9;34.3;Mon Oct 07 2019 11:27:29 GMT+0200 (CEST);Mon Oct 07 2019 09:27:29 GMT+0200 (CEST);1570440449000;0.58;112.19;9.7
1380556831572750;19.9;34.1;Mon Oct 07 2019 11:29:22 GMT+0200 (CEST);Mon Oct 07 2019 09:29:22 GMT+0200 (CEST);1570440562000;0.51;102.81;9.75
1380556831572750;19.9;34.1;Mon Oct 07 2019 11:31:16 GMT+0200 (CEST);Mon Oct 07 2019 09:31:16 GMT+0200 (CEST);1570440676000;0.51;100.48;9.82
1380556831572750;19.9;34.2;Mon Oct 07 2019 11:33:15 GMT+0200 (CEST);Mon Oct 07 2019 09:33:15 GMT+0200 (CEST);1570440795000;0.52;102.65;9.89
1380556831572750;19.9;34.1;Mon Oct 07 2019 11:35:20 GMT+0200 (CEST);Mon Oct 07 2019 09:35:20 GMT+0200 (CEST);1570440920000;0.5;99.04;9.96
1380556831572750;19.4;34.1;Mon Oct 07 2019 11:37:13 GMT+0200 (CEST);Mon Oct 07 2019 09:37:13 GMT+0200 (CEST);1570441033000;0.48;92.91;10.02
1380556831572750;19.4;33.8;Mon Oct 07 2019 11:39:08 GMT+0200 (CEST);Mon Oct 07 2019 09:39:08 GMT+0200 (CEST);1570441148000;0.46;89.19;10.01
1380556831572750;19.4;33.8;Mon Oct 07 2019 11:41:01 GMT+0200 (CEST);Mon Oct 07 2019 09:41:01 GMT+0200 (CEST);1570441261000;0.44;85.29;9.96
1380556831572750;19.4;33.8;Mon Oct 07 2019 11:42:54 GMT+0200 (CEST);Mon Oct 07 2019 09:42:54 GMT+0200 (CEST);1570441374000;0.43;84.25;9.95
1380556831572750;19.4;33.9;Mon Oct 07 2019 11:44:47 GMT+0200 (CEST);Mon Oct 07 2019 09:44:47 GMT+0200 (CEST);1570441487000;0.5;96.63;9.9
1380556831572750;19.4;34.1;Mon Oct 07 2019 11:46:40 GMT+0200 (CEST);Mon Oct 07 2019 09:46:40 GMT+0200 (CEST);1570441600000;0.55;107.88;9.87
1380556831572750;19.4;34.2;Mon Oct 07 2019 11:48:58 GMT+0200 (CEST);Mon Oct 07 2019 09:48:58 GMT+0200 (CEST);1570441738000;0.58;117.93;9.88
1380556831572750;19.4;34.3;Mon Oct 07 2019 11:50:53 GMT+0200 (CEST);Mon Oct 07 2019 09:50:53 GMT+0200 (CEST);1570441853000;0.63;125.86;9.94
1380556831572750;19.4;34.7;Mon Oct 07 2019 11:52:46 GMT+0200 (CEST);Mon Oct 07 2019 09:52:46 GMT+0200 (CEST);1570441966000;0.72;142.7;10.08
1380556831572750;19.4;34.7;Mon Oct 07 2019 11:54:39 GMT+0200 (CEST);Mon Oct 07 2019 09:54:39 GMT+0200 (CEST);1570442079000;0.8;155.85;10.18
1380556831572750;19.9;34.9;Mon Oct 07 2019 11:56:43 GMT+0200 (CEST);Mon Oct 07 2019 09:56:43 GMT+0200 (CEST);1570442203000;0.84;163.92;10.32
1380556831572750;19.9;34.7;Mon Oct 07 2019 11:58:35 GMT+0200 (CEST);Mon Oct 07 2019 09:58:35 GMT+0200 (CEST);1570442315000;0.78;153.02;10.42
1380556831572750;19.9;34.6;Mon Oct 07 2019 12:00:30 GMT+0200 (CEST);Mon Oct 07 2019 10:00:30 GMT+0200 (CEST);1570442430000;0.75;146.74;10.53
1380556831572750;19.9;34.6;Mon Oct 07 2019 12:02:23 GMT+0200 (CEST);Mon Oct 07 2019 10:02:23 GMT+0200 (CEST);1570442543000;0.71;142.15;10.63
1380556831572750;19.9;34.6;Mon Oct 07 2019 12:04:30 GMT+0200 (CEST);Mon Oct 07 2019 10:04:30 GMT+0200 (CEST);1570442670000;0.76;150.15;10.66
1380556831572750;21.5;34.7;Mon Oct 07 2019 12:06:24 GMT+0200 (CEST);Mon Oct 07 2019 10:06:24 GMT+0200 (CEST);1570442784000;0.89;176.58;10.65
1380556831572750;21.5;34.8;Mon Oct 07 2019 12:08:09 GMT+0200 (CEST);Mon Oct 07 2019 10:08:09 GMT+0200 (CEST);1570442889000;1.02;204.15;10.71
1380556831572750;21.5;35.2;Mon Oct 07 2019 12:10:02 GMT+0200 (CEST);Mon Oct 07 2019 10:10:02 GMT+0200 (CEST);1570443002000;1.16;232.84;10.88
1380556831572750;21.5;35.1;Mon Oct 07 2019 12:12:01 GMT+0200 (CEST);Mon Oct 07 2019 10:12:01 GMT+0200 (CEST);1570443121000;1.29;256.54;11.05
1380556831572750;21.5;35.2;Mon Oct 07 2019 12:13:54 GMT+0200 (CEST);Mon Oct 07 2019 10:13:54 GMT+0200 (CEST);1570443234000;1.36;273.45;11.24
1380556831572750;22;35.1;Mon Oct 07 2019 12:15:46 GMT+0200 (CEST);Mon Oct 07 2019 10:15:46 GMT+0200 (CEST);1570443346000;1.37;274.88;11.44
1380556831572750;22;34.9;Mon Oct 07 2019 12:17:45 GMT+0200 (CEST);Mon Oct 07 2019 10:17:45 GMT+0200 (CEST);1570443465000;1.25;245.8;11.74
1380556831572750;23.5;34.7;Mon Oct 07 2019 12:19:58 GMT+0200 (CEST);Mon Oct 07 2019 10:19:58 GMT+0200 (CEST);1570443598000;1.02;202.87;12
1380556831572750;23.5;34.4;Mon Oct 07 2019 12:21:51 GMT+0200 (CEST);Mon Oct 07 2019 10:21:51 GMT+0200 (CEST);1570443711000;0.93;184.09;12.04
1380556831572750;23.5;34.4;Mon Oct 07 2019 12:23:43 GMT+0200 (CEST);Mon Oct 07 2019 10:23:43 GMT+0200 (CEST);1570443823000;0.87;173.98;12.14
1380556831572750;23.5;34.4;Mon Oct 07 2019 12:25:40 GMT+0200 (CEST);Mon Oct 07 2019 10:25:40 GMT+0200 (CEST);1570443940000;0.83;164.35;12.15
1380556831572750;23.5;34.3;Mon Oct 07 2019 12:27:33 GMT+0200 (CEST);Mon Oct 07 2019 10:27:33 GMT+0200 (CEST);1570444053000;0.82;161.97;11.99
1380556831572750;23.5;34.3;Mon Oct 07 2019 12:29:28 GMT+0200 (CEST);Mon Oct 07 2019 10:29:28 GMT+0200 (CEST);1570444168000;0.81;156.06;11.85
1380556831572750;23.5;34.3;Mon Oct 07 2019 12:31:38 GMT+0200 (CEST);Mon Oct 07 2019 10:31:38 GMT+0200 (CEST);1570444298000;0.75;145.96;11.71
1380556831572750;23.5;34.2;Mon Oct 07 2019 12:33:31 GMT+0200 (CEST);Mon Oct 07 2019 10:33:31 GMT+0200 (CEST);1570444411000;0.71;136.82;11.58
1380556831572750;23.5;34;Mon Oct 07 2019 12:35:33 GMT+0200 (CEST);Mon Oct 07 2019 10:35:33 GMT+0200 (CEST);1570444533000;0.68;132.78;11.61
1380556831572750;23.5;34;Mon Oct 07 2019 12:37:26 GMT+0200 (CEST);Mon Oct 07 2019 10:37:26 GMT+0200 (CEST);1570444646000;0.66;128.56;11.62
1380556831572750;23.5;34;Mon Oct 07 2019 12:39:19 GMT+0200 (CEST);Mon Oct 07 2019 10:39:19 GMT+0200 (CEST);1570444759000;0.64;125.36;11.62
1380556831572750;23.5;34;Mon Oct 07 2019 12:41:12 GMT+0200 (CEST);Mon Oct 07 2019 10:41:12 GMT+0200 (CEST);1570444872000;0.66;128.86;11.54
1380556831572750;23.5;34.1;Mon Oct 07 2019 12:43:12 GMT+0200 (CEST);Mon Oct 07 2019 10:43:12 GMT+0200 (CEST);1570444992000;0.71;138.97;11.43
1380556831572750;23.5;34.3;Mon Oct 07 2019 12:45:06 GMT+0200 (CEST);Mon Oct 07 2019 10:45:06 GMT+0200 (CEST);1570445106000;0.76;150.55;11.34
1380556831572750;23.5;34.4;Mon Oct 07 2019 12:47:00 GMT+0200 (CEST);Mon Oct 07 2019 10:47:00 GMT+0200 (CEST);1570445220000;0.83;161.85;11.25
1380556831572750;23.5;34.5;Mon Oct 07 2019 12:48:53 GMT+0200 (CEST);Mon Oct 07 2019 10:48:53 GMT+0200 (CEST);1570445333000;0.85;167.33;11.21
1380556831572750;23.5;34.3;Mon Oct 07 2019 12:51:46 GMT+0200 (CEST);Mon Oct 07 2019 10:51:46 GMT+0200 (CEST);1570445506000;0.8;157.75;11.36
1380556831572750;23.5;34.3;Mon Oct 07 2019 12:54:04 GMT+0200 (CEST);Mon Oct 07 2019 10:54:04 GMT+0200 (CEST);1570445644000;0.74;145.08;11.42
1380556831572750;23.5;34;Mon Oct 07 2019 12:55:57 GMT+0200 (CEST);Mon Oct 07 2019 10:55:57 GMT+0200 (CEST);1570445757000;0.66;129.89;11.49
1380556831572750;22;34;Mon Oct 07 2019 12:57:50 GMT+0200 (CEST);Mon Oct 07 2019 10:57:50 GMT+0200 (CEST);1570445870000;0.59;118.04;11.59
1380556831572750;22;33.9;Mon Oct 07 2019 12:59:43 GMT+0200 (CEST);Mon Oct 07 2019 10:59:43 GMT+0200 (CEST);1570445983000;0.55;107.34;11.57
1380556831572750;22;33.7;Mon Oct 07 2019 13:01:37 GMT+0200 (CEST);Mon Oct 07 2019 11:01:37 GMT+0200 (CEST);1570446097000;0.52;98.33;11.55
1380556831572750;22;33.6;Mon Oct 07 2019 13:03:33 GMT+0200 (CEST);Mon Oct 07 2019 11:03:33 GMT+0200 (CEST);1570446213000;0.46;87.36;11.39
1380556831572750;22;33.3;Mon Oct 07 2019 13:05:34 GMT+0200 (CEST);Mon Oct 07 2019 11:05:34 GMT+0200 (CEST);1570446334000;0.39;73.82;11.24
1380556831572750;21.5;32.6;Mon Oct 07 2019 13:07:42 GMT+0200 (CEST);Mon Oct 07 2019 11:07:42 GMT+0200 (CEST);1570446462000;0.36;66.55;11.04
1380556831572750;21.5;32.7;Mon Oct 07 2019 13:09:35 GMT+0200 (CEST);Mon Oct 07 2019 11:09:35 GMT+0200 (CEST);1570446575000;0.36;67.38;10.92
1380556831572750;21.5;32.8;Mon Oct 07 2019 13:11:27 GMT+0200 (CEST);Mon Oct 07 2019 11:11:27 GMT+0200 (CEST);1570446687000;0.38;70.97;10.83
1380556831572750;21.5;33.4;Mon Oct 07 2019 13:13:20 GMT+0200 (CEST);Mon Oct 07 2019 11:13:20 GMT+0200 (CEST);1570446800000;0.4;75.27;10.67
1380556831572750;21.5;33.4;Mon Oct 07 2019 13:15:14 GMT+0200 (CEST);Mon Oct 07 2019 11:15:14 GMT+0200 (CEST);1570446914000;0.42;79.53;10.53
1380556831572750;21.5;33.6;Mon Oct 07 2019 13:17:44 GMT+0200 (CEST);Mon Oct 07 2019 11:17:44 GMT+0200 (CEST);1570447064000;0.45;84.45;10.45
1380556831572750;21.5;33.7;Mon Oct 07 2019 13:19:39 GMT+0200 (CEST);Mon Oct 07 2019 11:19:39 GMT+0200 (CEST);1570447179000;0.44;86.37;10.44
1380556831572750;21.5;33.6;Mon Oct 07 2019 13:21:51 GMT+0200 (CEST);Mon Oct 07 2019 11:21:51 GMT+0200 (CEST);1570447311000;0.47;90.32;10.43
1380556831572750;21.5;33.8;Mon Oct 07 2019 13:23:47 GMT+0200 (CEST);Mon Oct 07 2019 11:23:47 GMT+0200 (CEST);1570447427000;0.48;92.86;10.46
1380556831572750;21.5;33.8;Mon Oct 07 2019 13:25:40 GMT+0200 (CEST);Mon Oct 07 2019 11:25:40 GMT+0200 (CEST);1570447540000;0.49;94.39;10.52
1380556831572750;21.5;33.9;Mon Oct 07 2019 13:27:32 GMT+0200 (CEST);Mon Oct 07 2019 11:27:32 GMT+0200 (CEST);1570447652000;0.5;95.81;10.54
1380556831572750;21.5;33.8;Mon Oct 07 2019 13:29:26 GMT+0200 (CEST);Mon Oct 07 2019 11:29:26 GMT+0200 (CEST);1570447766000;0.52;99.75;10.54
1380556831572750;19.9;34;Mon Oct 07 2019 13:31:24 GMT+0200 (CEST);Mon Oct 07 2019 11:31:24 GMT+0200 (CEST);1570447884000;0.53;102.45;10.53
1380556831572750;19.9;34;Mon Oct 07 2019 13:33:16 GMT+0200 (CEST);Mon Oct 07 2019 11:33:16 GMT+0200 (CEST);1570447996000;0.51;96.35;10.52
1380556831572750;19.9;33.7;Mon Oct 07 2019 13:35:10 GMT+0200 (CEST);Mon Oct 07 2019 11:35:10 GMT+0200 (CEST);1570448110000;0.45;86.06;10.51
1380556831572750;19.9;33.8;Mon Oct 07 2019 13:37:02 GMT+0200 (CEST);Mon Oct 07 2019 11:37:02 GMT+0200 (CEST);1570448222000;0.39;74.17;10.5
1380556831572750;19.9;32.9;Mon Oct 07 2019 13:38:57 GMT+0200 (CEST);Mon Oct 07 2019 11:38:57 GMT+0200 (CEST);1570448337000;0.36;69.53;10.46
1380556831572750;19.9;32.8;Mon Oct 07 2019 13:40:50 GMT+0200 (CEST);Mon Oct 07 2019 11:40:50 GMT+0200 (CEST);1570448450000;0.35;65.31;10.42
1380556831572750;19.9;33;Mon Oct 07 2019 13:42:57 GMT+0200 (CEST);Mon Oct 07 2019 11:42:57 GMT+0200 (CEST);1570448577000;0.32;60.01;10.36
1380556831572750;19.4;32.9;Mon Oct 07 2019 13:44:49 GMT+0200 (CEST);Mon Oct 07 2019 11:44:49 GMT+0200 (CEST);1570448689000;0.3;57.67;10.34
1380556831572750;19.4;32.7;Mon Oct 07 2019 13:46:42 GMT+0200 (CEST);Mon Oct 07 2019 11:46:42 GMT+0200 (CEST);1570448802000;0.31;59.22;10.32
1380556831572750;19.4;32.8;Mon Oct 07 2019 13:48:35 GMT+0200 (CEST);Mon Oct 07 2019 11:48:35 GMT+0200 (CEST);1570448915000;0.33;62.84;10.27
1380556831572750;19.4;32.8;Mon Oct 07 2019 13:50:40 GMT+0200 (CEST);Mon Oct 07 2019 11:50:40 GMT+0200 (CEST);1570449040000;0.33;63.32;10.26
1380556831572750;19.4;32.6;Mon Oct 07 2019 13:52:37 GMT+0200 (CEST);Mon Oct 07 2019 11:52:37 GMT+0200 (CEST);1570449157000;0.32;62.9;10.25
1380556831572750;19.4;32.4;Mon Oct 07 2019 13:54:29 GMT+0200 (CEST);Mon Oct 07 2019 11:54:29 GMT+0200 (CEST);1570449269000;0.33;63.38;10.25
1380556831572750;19.4;32.8;Mon Oct 07 2019 13:56:23 GMT+0200 (CEST);Mon Oct 07 2019 11:56:23 GMT+0200 (CEST);1570449383000;0.34;63.91;10.25
1380556831572750;19.4;33;Mon Oct 07 2019 13:58:17 GMT+0200 (CEST);Mon Oct 07 2019 11:58:17 GMT+0200 (CEST);1570449497000;0.34;64.51;10.23
1380556831572750;19.4;33;Mon Oct 07 2019 14:00:13 GMT+0200 (CEST);Mon Oct 07 2019 12:00:13 GMT+0200 (CEST);1570449613000;0.34;66.35;10.2
1380556831572750;19.4;33;Mon Oct 07 2019 14:02:10 GMT+0200 (CEST);Mon Oct 07 2019 12:02:10 GMT+0200 (CEST);1570449730000;0.34;65.67;10.15
1380556831572750;19.4;33;Mon Oct 07 2019 14:04:18 GMT+0200 (CEST);Mon Oct 07 2019 12:04:18 GMT+0200 (CEST);1570449858000;0.34;65.71;10.15
1380556831572750;19.4;32.8;Mon Oct 07 2019 14:06:11 GMT+0200 (CEST);Mon Oct 07 2019 12:06:11 GMT+0200 (CEST);1570449971000;0.33;65.99;10.16
1380556831572750;19.4;33;Mon Oct 07 2019 14:08:04 GMT+0200 (CEST);Mon Oct 07 2019 12:08:04 GMT+0200 (CEST);1570450084000;0.35;68.44;10.18
1380556831572750;19.4;33;Mon Oct 07 2019 14:09:57 GMT+0200 (CEST);Mon Oct 07 2019 12:09:57 GMT+0200 (CEST);1570450197000;0.38;74.32;10.21
1380556831572750;19.4;33.5;Mon Oct 07 2019 14:11:50 GMT+0200 (CEST);Mon Oct 07 2019 12:11:50 GMT+0200 (CEST);1570450310000;0.41;80.54;10.25
1380556831572750;19.4;33.7;Mon Oct 07 2019 14:13:43 GMT+0200 (CEST);Mon Oct 07 2019 12:13:43 GMT+0200 (CEST);1570450423000;0.47;90.48;10.3
1380556831572750;19.4;34.1;Mon Oct 07 2019 14:15:28 GMT+0200 (CEST);Mon Oct 07 2019 12:15:28 GMT+0200 (CEST);1570450528000;0.5;94.56;10.37
1380556831572750;19.4;34.2;Mon Oct 07 2019 14:17:21 GMT+0200 (CEST);Mon Oct 07 2019 12:17:21 GMT+0200 (CEST);1570450641000;0.48;94.15;10.43
1380556831572750;19.4;34;Mon Oct 07 2019 14:19:13 GMT+0200 (CEST);Mon Oct 07 2019 12:19:13 GMT+0200 (CEST);1570450753000;0.51;99.15;10.46
1380556831572750;19.4;34.1;Mon Oct 07 2019 14:21:10 GMT+0200 (CEST);Mon Oct 07 2019 12:21:10 GMT+0200 (CEST);1570450870000;0.54;106.43;10.55
1380556831572750;19.4;34.1;Mon Oct 07 2019 14:23:05 GMT+0200 (CEST);Mon Oct 07 2019 12:23:05 GMT+0200 (CEST);1570450985000;0.57;111.48;10.61
1380556831572750;19.4;34.1;Mon Oct 07 2019 14:25:02 GMT+0200 (CEST);Mon Oct 07 2019 12:25:02 GMT+0200 (CEST);1570451102000;0.58;113.55;10.63
1380556831572750;19.9;34.2;Mon Oct 07 2019 14:26:55 GMT+0200 (CEST);Mon Oct 07 2019 12:26:55 GMT+0200 (CEST);1570451215000;0.56;110.47;10.69
1380556831572750;19.9;34.1;Mon Oct 07 2019 14:28:47 GMT+0200 (CEST);Mon Oct 07 2019 12:28:47 GMT+0200 (CEST);1570451327000;0.5;100.45;10.75
1380556831572750;19.9;33.7;Mon Oct 07 2019 14:30:43 GMT+0200 (CEST);Mon Oct 07 2019 12:30:43 GMT+0200 (CEST);1570451443000;0.45;89.21;10.77
1380556831572750;19.9;33.7;Mon Oct 07 2019 14:32:50 GMT+0200 (CEST);Mon Oct 07 2019 12:32:50 GMT+0200 (CEST);1570451570000;0.42;82.69;10.75
1380556831572750;19.9;33.2;Mon Oct 07 2019 14:34:42 GMT+0200 (CEST);Mon Oct 07 2019 12:34:42 GMT+0200 (CEST);1570451682000;0.41;80.14;10.72
1380556831572750;19.9;33.2;Mon Oct 07 2019 14:36:36 GMT+0200 (CEST);Mon Oct 07 2019 12:36:36 GMT+0200 (CEST);1570451796000;0.39;76.78;10.72
1380556831572750;19.9;33.3;Mon Oct 07 2019 14:38:30 GMT+0200 (CEST);Mon Oct 07 2019 12:38:30 GMT+0200 (CEST);1570451910000;0.37;73.08;10.69
1380556831572750;19.9;33.1;Mon Oct 07 2019 14:40:30 GMT+0200 (CEST);Mon Oct 07 2019 12:40:30 GMT+0200 (CEST);1570452030000;0.37;71.81;10.64
1380556831572750;19.9;33.2;Mon Oct 07 2019 14:42:23 GMT+0200 (CEST);Mon Oct 07 2019 12:42:23 GMT+0200 (CEST);1570452143000;0.38;73.79;10.61
1380556831572750;19.9;33.2;Mon Oct 07 2019 14:44:16 GMT+0200 (CEST);Mon Oct 07 2019 12:44:16 GMT+0200 (CEST);1570452256000;0.4;79.38;10.63
1380556831572750;19.9;33.5;Mon Oct 07 2019 14:46:11 GMT+0200 (CEST);Mon Oct 07 2019 12:46:11 GMT+0200 (CEST);1570452371000;0.43;83.72;10.64
1380556831572750;19.9;33.4;Mon Oct 07 2019 14:48:06 GMT+0200 (CEST);Mon Oct 07 2019 12:48:06 GMT+0200 (CEST);1570452486000;0.41;80.92;10.69
1380556831572750;19.9;33.4;Mon Oct 07 2019 14:49:59 GMT+0200 (CEST);Mon Oct 07 2019 12:49:59 GMT+0200 (CEST);1570452599000;0.39;75.34;10.7
1380556831572750;19.9;33;Mon Oct 07 2019 14:51:56 GMT+0200 (CEST);Mon Oct 07 2019 12:51:56 GMT+0200 (CEST);1570452716000;0.36;70.57;10.69
1380556831572750;19.9;33.4;Mon Oct 07 2019 14:53:54 GMT+0200 (CEST);Mon Oct 07 2019 12:53:54 GMT+0200 (CEST);1570452834000;0.39;73.15;10.64
1380556831572750;19.9;33.5;Mon Oct 07 2019 14:55:56 GMT+0200 (CEST);Mon Oct 07 2019 12:55:56 GMT+0200 (CEST);1570452956000;0.43;80.83;10.59
1380556831572750;19.9;33.4;Mon Oct 07 2019 14:57:49 GMT+0200 (CEST);Mon Oct 07 2019 12:57:49 GMT+0200 (CEST);1570453069000;0.41;79.53;10.54
1380556831572750;19.9;33.4;Mon Oct 07 2019 14:59:48 GMT+0200 (CEST);Mon Oct 07 2019 12:59:48 GMT+0200 (CEST);1570453188000;0.36;71.07;10.53
1380556831572750;19.9;32.8;Mon Oct 07 2019 15:01:41 GMT+0200 (CEST);Mon Oct 07 2019 13:01:41 GMT+0200 (CEST);1570453301000;0.34;66.47;10.53
1380556831572750;19.4;33.2;Mon Oct 07 2019 15:03:42 GMT+0200 (CEST);Mon Oct 07 2019 13:03:42 GMT+0200 (CEST);1570453422000;0.34;64.66;10.47
1380556831572750;19.4;32.7;Mon Oct 07 2019 15:05:49 GMT+0200 (CEST);Mon Oct 07 2019 13:05:49 GMT+0200 (CEST);1570453549000;0.29;55.79;10.45
1380556831572750;19.4;32.6;Mon Oct 07 2019 15:08:08 GMT+0200 (CEST);Mon Oct 07 2019 13:08:08 GMT+0200 (CEST);1570453688000;0.26;52.66;10.42
1380556831572750;19.4;32.6;Mon Oct 07 2019 15:10:00 GMT+0200 (CEST);Mon Oct 07 2019 13:10:00 GMT+0200 (CEST);1570453800000;0.25;49.82;10.39
1380556831572750;19.4;32.7;Mon Oct 07 2019 15:11:43 GMT+0200 (CEST);Mon Oct 07 2019 13:11:43 GMT+0200 (CEST);1570453903000;0.26;51.58;10.35
1380556831572750;19.4;32.6;Mon Oct 07 2019 15:13:37 GMT+0200 (CEST);Mon Oct 07 2019 13:13:37 GMT+0200 (CEST);1570454017000;0.27;53.83;10.32
1380556831572750;19.4;32.9;Mon Oct 07 2019 15:15:30 GMT+0200 (CEST);Mon Oct 07 2019 13:15:30 GMT+0200 (CEST);1570454130000;0.28;54.87;10.28
1380556831572750;19.4;32.7;Mon Oct 07 2019 15:17:26 GMT+0200 (CEST);Mon Oct 07 2019 13:17:26 GMT+0200 (CEST);1570454246000;0.32;61.99;10.25
1380556831572750;19.4;32.8;Mon Oct 07 2019 15:19:20 GMT+0200 (CEST);Mon Oct 07 2019 13:19:20 GMT+0200 (CEST);1570454360000;0.36;71.41;10.27
1380556831572750;19.4;33.3;Mon Oct 07 2019 15:21:25 GMT+0200 (CEST);Mon Oct 07 2019 13:21:25 GMT+0200 (CEST);1570454485000;0.38;74.39;10.27
1380556831572750;19.4;32.9;Mon Oct 07 2019 15:23:17 GMT+0200 (CEST);Mon Oct 07 2019 13:23:17 GMT+0200 (CEST);1570454597000;0.36;71.28;10.27
1380556831572750;19.4;33;Mon Oct 07 2019 15:25:10 GMT+0200 (CEST);Mon Oct 07 2019 13:25:10 GMT+0200 (CEST);1570454710000;0.37;70.96;10.26
1380556831572750;19.4;33;Mon Oct 07 2019 15:27:06 GMT+0200 (CEST);Mon Oct 07 2019 13:27:06 GMT+0200 (CEST);1570454826000;0.39;75.95;10.28
1380556831572750;19.4;33.3;Mon Oct 07 2019 15:29:01 GMT+0200 (CEST);Mon Oct 07 2019 13:29:01 GMT+0200 (CEST);1570454941000;0.39;77.77;10.3
1380556831572750;19.4;33.1;Mon Oct 07 2019 15:30:58 GMT+0200 (CEST);Mon Oct 07 2019 13:30:58 GMT+0200 (CEST);1570455058000;0.36;68.94;10.29
1380556831572750;19.4;33.2;Mon Oct 07 2019 15:32:51 GMT+0200 (CEST);Mon Oct 07 2019 13:32:51 GMT+0200 (CEST);1570455171000;0.33;64.92;10.32
1380556831572750;19.4;33;Mon Oct 07 2019 15:34:50 GMT+0200 (CEST);Mon Oct 07 2019 13:34:50 GMT+0200 (CEST);1570455290000;0.33;67.05;10.34
1380556831572750;19.4;32.8;Mon Oct 07 2019 15:36:43 GMT+0200 (CEST);Mon Oct 07 2019 13:36:43 GMT+0200 (CEST);1570455403000;0.34;67.57;10.34
1380556831572750;19.4;32.9;Mon Oct 07 2019 15:38:36 GMT+0200 (CEST);Mon Oct 07 2019 13:38:36 GMT+0200 (CEST);1570455516000;0.33;66.22;10.32
1380556831572750;19.4;32.5;Mon Oct 07 2019 15:40:30 GMT+0200 (CEST);Mon Oct 07 2019 13:40:30 GMT+0200 (CEST);1570455630000;0.33;65.91;10.32
1380556831572750;19.4;33.1;Mon Oct 07 2019 15:42:22 GMT+0200 (CEST);Mon Oct 07 2019 13:42:22 GMT+0200 (CEST);1570455742000;0.32;63.58;10.29
1380556831572750;19.4;33.1;Mon Oct 07 2019 15:44:17 GMT+0200 (CEST);Mon Oct 07 2019 13:44:17 GMT+0200 (CEST);1570455857000;0.3;60.97;10.28
1380556831572750;19.4;32.8;Mon Oct 07 2019 15:46:12 GMT+0200 (CEST);Mon Oct 07 2019 13:46:12 GMT+0200 (CEST);1570455972000;0.33;64.26;10.29
1380556831572750;19.4;33;Mon Oct 07 2019 15:47:56 GMT+0200 (CEST);Mon Oct 07 2019 13:47:56 GMT+0200 (CEST);1570456076000;0.35;70.23;10.3
1380556831572750;17.9;33;Mon Oct 07 2019 15:50:36 GMT+0200 (CEST);Mon Oct 07 2019 13:50:36 GMT+0200 (CEST);1570456236000;0.36;72.77;10.3
1380556831572750;17.9;33.3;Mon Oct 07 2019 15:52:42 GMT+0200 (CEST);Mon Oct 07 2019 13:52:42 GMT+0200 (CEST);1570456362000;0.36;71.36;10.32
1380556831572750;19.4;33.7;Mon Oct 07 2019 15:54:35 GMT+0200 (CEST);Mon Oct 07 2019 13:54:35 GMT+0200 (CEST);1570456475000;0.38;73.89;10.37
1380556831572750;19.4;33.1;Mon Oct 07 2019 15:56:29 GMT+0200 (CEST);Mon Oct 07 2019 13:56:29 GMT+0200 (CEST);1570456589000;0.38;75.84;10.4
1380556831572750;19.4;33.5;Mon Oct 07 2019 15:58:21 GMT+0200 (CEST);Mon Oct 07 2019 13:58:21 GMT+0200 (CEST);1570456701000;0.38;76.06;10.4
1380556831572750;19.4;33.3;Mon Oct 07 2019 16:00:14 GMT+0200 (CEST);Mon Oct 07 2019 14:00:14 GMT+0200 (CEST);1570456814000;0.36;71.73;10.41
1380556831572750;19.4;32.8;Mon Oct 07 2019 16:02:06 GMT+0200 (CEST);Mon Oct 07 2019 14:02:06 GMT+0200 (CEST);1570456926000;0.33;68.27;10.42
1380556831572750;19.4;33.2;Mon Oct 07 2019 16:03:59 GMT+0200 (CEST);Mon Oct 07 2019 14:03:59 GMT+0200 (CEST);1570457039000;0.36;72.48;10.42
1380556831572750;19.4;33;Mon Oct 07 2019 16:06:06 GMT+0200 (CEST);Mon Oct 07 2019 14:06:06 GMT+0200 (CEST);1570457166000;0.36;71.71;10.46
1380556831572750;19.4;32.9;Mon Oct 07 2019 16:07:50 GMT+0200 (CEST);Mon Oct 07 2019 14:07:50 GMT+0200 (CEST);1570457270000;0.34;67.34;10.48
1380556831572750;19.4;33;Mon Oct 07 2019 16:09:45 GMT+0200 (CEST);Mon Oct 07 2019 14:09:45 GMT+0200 (CEST);1570457385000;0.31;63.18;10.46
1380556831572750;19.4;32.8;Mon Oct 07 2019 16:11:38 GMT+0200 (CEST);Mon Oct 07 2019 14:11:38 GMT+0200 (CEST);1570457498000;0.3;59.8;10.46
1380556831572750;19.4;33;Mon Oct 07 2019 16:13:31 GMT+0200 (CEST);Mon Oct 07 2019 14:13:31 GMT+0200 (CEST);1570457611000;0.3;60.23;10.47
1380556831572750;19.4;32.7;Mon Oct 07 2019 16:15:27 GMT+0200 (CEST);Mon Oct 07 2019 14:15:27 GMT+0200 (CEST);1570457727000;0.3;59.29;10.5
1380556831572750;19.4;32.7;Mon Oct 07 2019 16:17:20 GMT+0200 (CEST);Mon Oct 07 2019 14:17:20 GMT+0200 (CEST);1570457840000;0.29;57.79;10.49
1380556831572750;19.4;32.9;Mon Oct 07 2019 16:19:19 GMT+0200 (CEST);Mon Oct 07 2019 14:19:19 GMT+0200 (CEST);1570457959000;0.25;50.67;10.5
1380556831572750;19.4;32.4;Mon Oct 07 2019 16:21:17 GMT+0200 (CEST);Mon Oct 07 2019 14:21:17 GMT+0200 (CEST);1570458077000;0.22;43.52;10.46
1380556831572750;19.4;32.5;Mon Oct 07 2019 16:23:11 GMT+0200 (CEST);Mon Oct 07 2019 14:23:11 GMT+0200 (CEST);1570458191000;0.24;47.69;10.38
1380556831572750;19.4;32.3;Mon Oct 07 2019 16:25:07 GMT+0200 (CEST);Mon Oct 07 2019 14:25:07 GMT+0200 (CEST);1570458307000;0.23;46.66;10.32
1380556831572750;19.4;32.2;Mon Oct 07 2019 16:27:00 GMT+0200 (CEST);Mon Oct 07 2019 14:27:00 GMT+0200 (CEST);1570458420000;0.22;44.37;10.28
1380556831572750;19.4;32.1;Mon Oct 07 2019 16:28:52 GMT+0200 (CEST);Mon Oct 07 2019 14:28:52 GMT+0200 (CEST);1570458532000;0.2;39.54;10.27
1380556831572750;19.4;31.5;Mon Oct 07 2019 16:30:45 GMT+0200 (CEST);Mon Oct 07 2019 14:30:45 GMT+0200 (CEST);1570458645000;0.19;36.79;10.22
1380556831572750;19.4;31.3;Mon Oct 07 2019 16:32:38 GMT+0200 (CEST);Mon Oct 07 2019 14:32:38 GMT+0200 (CEST);1570458758000;0.18;35.3;10.21
1380556831572750;17.9;31.5;Mon Oct 07 2019 16:34:31 GMT+0200 (CEST);Mon Oct 07 2019 14:34:31 GMT+0200 (CEST);1570458871000;0.19;36.96;10.2
1380556831572750;17.9;31.4;Mon Oct 07 2019 16:36:31 GMT+0200 (CEST);Mon Oct 07 2019 14:36:31 GMT+0200 (CEST);1570458991000;0.19;36.55;10.17
1380556831572750;16.9;31.5;Mon Oct 07 2019 16:38:25 GMT+0200 (CEST);Mon Oct 07 2019 14:38:25 GMT+0200 (CEST);1570459105000;0.18;35.76;10.14
1380556831572750;16.9;31.5;Mon Oct 07 2019 16:40:18 GMT+0200 (CEST);Mon Oct 07 2019 14:40:18 GMT+0200 (CEST);1570459218000;0.18;36.92;10.13
1380556831572750;18.4;31.6;Mon Oct 07 2019 16:42:15 GMT+0200 (CEST);Mon Oct 07 2019 14:42:15 GMT+0200 (CEST);1570459335000;0.18;35.57;10.11
1380556831572750;18.4;31.5;Mon Oct 07 2019 16:44:08 GMT+0200 (CEST);Mon Oct 07 2019 14:44:08 GMT+0200 (CEST);1570459448000;0.18;37.6;10.1
1380556831572750;18.4;31.8;Mon Oct 07 2019 16:46:01 GMT+0200 (CEST);Mon Oct 07 2019 14:46:01 GMT+0200 (CEST);1570459561000;0.21;43.54;10.1
1380556831572750;16.9;32.4;Mon Oct 07 2019 16:47:53 GMT+0200 (CEST);Mon Oct 07 2019 14:47:53 GMT+0200 (CEST);1570459673000;0.25;50.88;10.14
1380556831572750;16.9;33;Mon Oct 07 2019 16:49:50 GMT+0200 (CEST);Mon Oct 07 2019 14:49:50 GMT+0200 (CEST);1570459790000;0.29;58.92;10.19
1380556831572750;17.9;33.3;Mon Oct 07 2019 16:51:48 GMT+0200 (CEST);Mon Oct 07 2019 14:51:48 GMT+0200 (CEST);1570459908000;0.32;65.58;10.21
1380556831572750;17.9;33.3;Mon Oct 07 2019 16:53:45 GMT+0200 (CEST);Mon Oct 07 2019 14:53:45 GMT+0200 (CEST);1570460025000;0.45;90.53;10.28
1380556831572750;17.9;34.1;Mon Oct 07 2019 16:55:39 GMT+0200 (CEST);Mon Oct 07 2019 14:55:39 GMT+0200 (CEST);1570460139000;0.5;102.56;10.37
1380556831572750;19.4;34.2;Mon Oct 07 2019 16:57:32 GMT+0200 (CEST);Mon Oct 07 2019 14:57:32 GMT+0200 (CEST);1570460252000;0.52;108.62;10.47
1380556831572750;19.4;34.3;Mon Oct 07 2019 16:59:25 GMT+0200 (CEST);Mon Oct 07 2019 14:59:25 GMT+0200 (CEST);1570460365000;0.57;117.82;10.6
1380556831572750;19.4;34.1;Mon Oct 07 2019 17:01:17 GMT+0200 (CEST);Mon Oct 07 2019 15:01:17 GMT+0200 (CEST);1570460477000;0.5;105.27;10.72
1380556831572750;19.4;34.3;Mon Oct 07 2019 17:03:32 GMT+0200 (CEST);Mon Oct 07 2019 15:03:32 GMT+0200 (CEST);1570460612000;0.57;119.04;10.79
1380556831572750;19.9;34.3;Mon Oct 07 2019 17:05:33 GMT+0200 (CEST);Mon Oct 07 2019 15:05:33 GMT+0200 (CEST);1570460733000;0.5;103.11;10.84
1380556831572750;19.9;33.6;Mon Oct 07 2019 17:07:25 GMT+0200 (CEST);Mon Oct 07 2019 15:07:25 GMT+0200 (CEST);1570460845000;0.37;79.27;10.85
1380556831572750;19.9;33.1;Mon Oct 07 2019 17:09:19 GMT+0200 (CEST);Mon Oct 07 2019 15:09:19 GMT+0200 (CEST);1570460959000;0.25;52.35;10.86
1380556831572750;19.9;31.5;Mon Oct 07 2019 17:11:18 GMT+0200 (CEST);Mon Oct 07 2019 15:11:18 GMT+0200 (CEST);1570461078000;0.2;41.22;10.82
1380556831572750;19.9;31.2;Mon Oct 07 2019 17:13:11 GMT+0200 (CEST);Mon Oct 07 2019 15:13:11 GMT+0200 (CEST);1570461191000;0.16;32.05;10.7
1380556831572750;19.4;31.2;Mon Oct 07 2019 17:15:06 GMT+0200 (CEST);Mon Oct 07 2019 15:15:06 GMT+0200 (CEST);1570461306000;0.11;23.51;10.62
1380556831572750;19.4;31.1;Mon Oct 07 2019 17:17:02 GMT+0200 (CEST);Mon Oct 07 2019 15:17:02 GMT+0200 (CEST);1570461422000;0.08;16.47;10.5
1380556831572750;17.9;31.2;Mon Oct 07 2019 17:19:05 GMT+0200 (CEST);Mon Oct 07 2019 15:19:05 GMT+0200 (CEST);1570461545000;0;13.93;10.39
1380556831572750;17.9;31.2;Mon Oct 07 2019 17:21:03 GMT+0200 (CEST);Mon Oct 07 2019 15:21:03 GMT+0200 (CEST);1570461663000;0;10.99;10.3
1380556831572750;17.9;31.7;Mon Oct 07 2019 17:22:55 GMT+0200 (CEST);Mon Oct 07 2019 15:22:55 GMT+0200 (CEST);1570461775000;0;10.14;10.24
1380556831572750;16.9;31.5;Mon Oct 07 2019 17:24:40 GMT+0200 (CEST);Mon Oct 07 2019 15:24:40 GMT+0200 (CEST);1570461880000;0;10.52;10.19
1380556831572750;16.9;31.6;Mon Oct 07 2019 17:26:33 GMT+0200 (CEST);Mon Oct 07 2019 15:26:33 GMT+0200 (CEST);1570461993000;0;11.23;10.14
1380556831572750;17.9;31.8;Mon Oct 07 2019 17:28:26 GMT+0200 (CEST);Mon Oct 07 2019 15:28:26 GMT+0200 (CEST);1570462106000;0;10.29;10.07
1380556831572750;17.9;34.1;Mon Oct 07 2019 17:30:18 GMT+0200 (CEST);Mon Oct 07 2019 15:30:18 GMT+0200 (CEST);1570462218000;0;11.36;10.02
1380556831572750;17.9;32.3;Mon Oct 07 2019 17:32:19 GMT+0200 (CEST);Mon Oct 07 2019 15:32:19 GMT+0200 (CEST);1570462339000;0;9.66;9.96
1380556831572750;16.9;32.3;Mon Oct 07 2019 17:34:13 GMT+0200 (CEST);Mon Oct 07 2019 15:34:13 GMT+0200 (CEST);1570462453000;0;9.39;9.92
1380556831572750;16.9;31.6;Mon Oct 07 2019 17:36:06 GMT+0200 (CEST);Mon Oct 07 2019 15:36:06 GMT+0200 (CEST);1570462566000;0;9.3;9.9
1380556831572750;16.9;30.8;Mon Oct 07 2019 17:37:59 GMT+0200 (CEST);Mon Oct 07 2019 15:37:59 GMT+0200 (CEST);1570462679000;0;8.72;9.86
1380556831572750;16.9;30.5;Mon Oct 07 2019 17:40:11 GMT+0200 (CEST);Mon Oct 07 2019 15:40:11 GMT+0200 (CEST);1570462811000;0;8.47;9.83
1380556831572750;16.9;29.7;Mon Oct 07 2019 17:42:04 GMT+0200 (CEST);Mon Oct 07 2019 15:42:04 GMT+0200 (CEST);1570462924000;0;8.01;9.8
1380556831572750;15.9;29.3;Mon Oct 07 2019 17:43:56 GMT+0200 (CEST);Mon Oct 07 2019 15:43:56 GMT+0200 (CEST);1570463036000;0;8.27;9.78
1380556831572750;15.9;30.7;Mon Oct 07 2019 17:45:50 GMT+0200 (CEST);Mon Oct 07 2019 15:45:50 GMT+0200 (CEST);1570463150000;0;9.05;9.75
1380556831572750;15.9;29.8;Mon Oct 07 2019 17:47:50 GMT+0200 (CEST);Mon Oct 07 2019 15:47:50 GMT+0200 (CEST);1570463270000;0;9.84;9.72
1380556831572750;15.9;29.6;Mon Oct 07 2019 17:49:43 GMT+0200 (CEST);Mon Oct 07 2019 15:49:43 GMT+0200 (CEST);1570463383000;0;9.81;9.7
1380556831572750;15.9;30.3;Mon Oct 07 2019 17:51:39 GMT+0200 (CEST);Mon Oct 07 2019 15:51:39 GMT+0200 (CEST);1570463499000;0;9.98;9.69
1380556831572750;15.9;31.9;Mon Oct 07 2019 17:53:32 GMT+0200 (CEST);Mon Oct 07 2019 15:53:32 GMT+0200 (CEST);1570463612000;0;10.27;9.68
1380556831572750;15.9;31.2;Mon Oct 07 2019 17:55:30 GMT+0200 (CEST);Mon Oct 07 2019 15:55:30 GMT+0200 (CEST);1570463730000;0;11.1;9.68
1380556831572750;15.9;30.3;Mon Oct 07 2019 17:57:22 GMT+0200 (CEST);Mon Oct 07 2019 15:57:22 GMT+0200 (CEST);1570463842000;0;12.33;9.7
1380556831572750;15.9;30.7;Mon Oct 07 2019 17:59:17 GMT+0200 (CEST);Mon Oct 07 2019 15:59:17 GMT+0200 (CEST);1570463957000;0;14.25;9.7
1380556831572750;15.9;30;Mon Oct 07 2019 18:01:10 GMT+0200 (CEST);Mon Oct 07 2019 16:01:10 GMT+0200 (CEST);1570464070000;0.07;16.37;9.71
1380556831572750;15.9;28.6;Mon Oct 07 2019 18:03:05 GMT+0200 (CEST);Mon Oct 07 2019 16:03:05 GMT+0200 (CEST);1570464185000;0.08;17.31;9.71
1380556831572750;15.9;27.2;Mon Oct 07 2019 18:04:59 GMT+0200 (CEST);Mon Oct 07 2019 16:04:59 GMT+0200 (CEST);1570464299000;0.08;17.59;9.71
1380556831572750;15.4;26.6;Mon Oct 07 2019 18:07:03 GMT+0200 (CEST);Mon Oct 07 2019 16:07:03 GMT+0200 (CEST);1570464423000;0.09;19.49;9.7
1380556831572750;15.4;26.7;Mon Oct 07 2019 18:08:56 GMT+0200 (CEST);Mon Oct 07 2019 16:08:56 GMT+0200 (CEST);1570464536000;0.1;20.31;9.67
1380556831572750;13.9;26.7;Mon Oct 07 2019 18:10:51 GMT+0200 (CEST);Mon Oct 07 2019 16:10:51 GMT+0200 (CEST);1570464651000;0.1;19.75;9.66
1380556831572750;13.9;26.7;Mon Oct 07 2019 18:12:44 GMT+0200 (CEST);Mon Oct 07 2019 16:12:44 GMT+0200 (CEST);1570464764000;0.09;19.63;9.65
1380556831572750;13.9;26.7;Mon Oct 07 2019 18:14:39 GMT+0200 (CEST);Mon Oct 07 2019 16:14:39 GMT+0200 (CEST);1570464879000;0.09;19.04;9.62
1380556831572750;13.9;26.8;Mon Oct 07 2019 18:16:32 GMT+0200 (CEST);Mon Oct 07 2019 16:16:32 GMT+0200 (CEST);1570464992000;0.1;19.65;9.57
1380556831572750;13.9;26.9;Mon Oct 07 2019 18:18:25 GMT+0200 (CEST);Mon Oct 07 2019 16:18:25 GMT+0200 (CEST);1570465105000;0.1;21.18;9.52
1380556831572750;13.9;27.1;Mon Oct 07 2019 18:20:18 GMT+0200 (CEST);Mon Oct 07 2019 16:20:18 GMT+0200 (CEST);1570465218000;0.11;22.31;9.46
1380556831572750;13.9;27.2;Mon Oct 07 2019 18:22:29 GMT+0200 (CEST);Mon Oct 07 2019 16:22:29 GMT+0200 (CEST);1570465349000;0.1;19.94;9.35
1380556831572750;13.9;26.9;Mon Oct 07 2019 18:24:22 GMT+0200 (CEST);Mon Oct 07 2019 16:24:22 GMT+0200 (CEST);1570465462000;0.09;16.5;9.24
1380556831572750;13.9;25;Mon Oct 07 2019 18:26:16 GMT+0200 (CEST);Mon Oct 07 2019 16:26:16 GMT+0200 (CEST);1570465576000;0.08;13.95;9.13
1380556831572750;13.9;25.3;Mon Oct 07 2019 18:28:08 GMT+0200 (CEST);Mon Oct 07 2019 16:28:08 GMT+0200 (CEST);1570465688000;0.06;12.5;9
1380556831572750;13.4;25.6;Mon Oct 07 2019 18:30:03 GMT+0200 (CEST);Mon Oct 07 2019 16:30:03 GMT+0200 (CEST);1570465803000;0;11.07;8.9
1380556831572750;13.4;25.4;Mon Oct 07 2019 18:31:56 GMT+0200 (CEST);Mon Oct 07 2019 16:31:56 GMT+0200 (CEST);1570465916000;0;8.71;8.81
1380556831572750;13.4;23.3;Mon Oct 07 2019 18:33:39 GMT+0200 (CEST);Mon Oct 07 2019 16:33:39 GMT+0200 (CEST);1570466019000;0;6.97;8.73
1380556831572750;11.9;23.4;Mon Oct 07 2019 18:35:32 GMT+0200 (CEST);Mon Oct 07 2019 16:35:32 GMT+0200 (CEST);1570466132000;0;4.98;8.63
1380556831572750;11.9;23.3;Mon Oct 07 2019 18:37:25 GMT+0200 (CEST);Mon Oct 07 2019 16:37:25 GMT+0200 (CEST);1570466245000;0;3.73;8.53
1380556831572750;11.9;31.1;Mon Oct 07 2019 18:39:19 GMT+0200 (CEST);Mon Oct 07 2019 16:39:19 GMT+0200 (CEST);1570466359000;0;2.93;8.46
1380556831572750;13.9;29.8;Mon Oct 07 2019 18:41:20 GMT+0200 (CEST);Mon Oct 07 2019 16:41:20 GMT+0200 (CEST);1570466480000;0;1.77;8.35
1380556831572750;13.9;28.2;Mon Oct 07 2019 18:43:12 GMT+0200 (CEST);Mon Oct 07 2019 16:43:12 GMT+0200 (CEST);1570466592000;0;1.53;8.3
1380556831572750;11.9;26.4;Mon Oct 07 2019 18:45:07 GMT+0200 (CEST);Mon Oct 07 2019 16:45:07 GMT+0200 (CEST);1570466707000;0;1.28;8.25
1380556831572750;11.9;26.4;Mon Oct 07 2019 18:46:59 GMT+0200 (CEST);Mon Oct 07 2019 16:46:59 GMT+0200 (CEST);1570466819000;0;0.72;8.21
1380556831572750;11.9;26.4;Mon Oct 07 2019 18:49:09 GMT+0200 (CEST);Mon Oct 07 2019 16:49:09 GMT+0200 (CEST);1570466949000;0;0.01;8.14
1380556831572750;13.9;29.5;Tue Oct 08 2019 07:51:59 GMT+0200 (CEST);Tue Oct 08 2019 05:51:59 GMT+0200 (CEST);1570513919000;0.09;18.92;9.66
1380556831572750;13.9;29.5;Tue Oct 08 2019 07:53:52 GMT+0200 (CEST);Tue Oct 08 2019 05:53:52 GMT+0200 (CEST);1570514032000;0.1;21.49;9.71
1380556831572750;13.9;29.5;Tue Oct 08 2019 07:55:44 GMT+0200 (CEST);Tue Oct 08 2019 05:55:44 GMT+0200 (CEST);1570514144000;0.12;23.95;9.76
1380556831572750;13.9;29.5;Tue Oct 08 2019 07:57:37 GMT+0200 (CEST);Tue Oct 08 2019 05:57:37 GMT+0200 (CEST);1570514257000;0.14;29.56;9.8
1380556831572750;15.4;31.9;Tue Oct 08 2019 07:59:31 GMT+0200 (CEST);Tue Oct 08 2019 05:59:31 GMT+0200 (CEST);1570514371000;0.17;33.58;9.87
1380556831572750;15.9;31.6;Tue Oct 08 2019 08:01:23 GMT+0200 (CEST);Tue Oct 08 2019 06:01:23 GMT+0200 (CEST);1570514483000;0.15;30.9;9.92
1380556831572750;15.9;31.5;Tue Oct 08 2019 08:03:16 GMT+0200 (CEST);Tue Oct 08 2019 06:03:16 GMT+0200 (CEST);1570514596000;0.14;28.98;9.96
1380556831572750;15.9;31.7;Tue Oct 08 2019 08:05:09 GMT+0200 (CEST);Tue Oct 08 2019 06:05:09 GMT+0200 (CEST);1570514709000;0.14;29.78;10.01
1380556831572750;15.9;31.9;Tue Oct 08 2019 08:07:22 GMT+0200 (CEST);Tue Oct 08 2019 06:07:22 GMT+0200 (CEST);1570514842000;0.17;36.28;10.07
1380556831572750;15.9;32.4;Tue Oct 08 2019 08:09:16 GMT+0200 (CEST);Tue Oct 08 2019 06:09:16 GMT+0200 (CEST);1570514956000;0.21;42.16;10.14
1380556831572750;15.9;32.5;Tue Oct 08 2019 08:11:10 GMT+0200 (CEST);Tue Oct 08 2019 06:11:10 GMT+0200 (CEST);1570515070000;0.23;46.79;10.22
1380556831572750;15.9;32.7;Tue Oct 08 2019 08:13:03 GMT+0200 (CEST);Tue Oct 08 2019 06:13:03 GMT+0200 (CEST);1570515183000;0.25;49.51;10.28
1380556831572750;16.9;32.7;Tue Oct 08 2019 08:15:10 GMT+0200 (CEST);Tue Oct 08 2019 06:15:10 GMT+0200 (CEST);1570515310000;0.27;53.14;10.37
1380556831572750;16.9;32.5;Tue Oct 08 2019 08:17:03 GMT+0200 (CEST);Tue Oct 08 2019 06:17:03 GMT+0200 (CEST);1570515423000;0.28;54.82;10.41
1380556831572750;16.9;33.1;Tue Oct 08 2019 08:19:02 GMT+0200 (CEST);Tue Oct 08 2019 06:19:02 GMT+0200 (CEST);1570515542000;0.27;53.78;10.44
1380556831572750;16.9;32.8;Tue Oct 08 2019 08:20:57 GMT+0200 (CEST);Tue Oct 08 2019 06:20:57 GMT+0200 (CEST);1570515657000;0.24;47.17;10.45
1380556831572750;16.9;32.1;Tue Oct 08 2019 08:23:16 GMT+0200 (CEST);Tue Oct 08 2019 06:23:16 GMT+0200 (CEST);1570515796000;0.19;39.26;10.44
1380556831572750;16.9;31.7;Tue Oct 08 2019 08:25:08 GMT+0200 (CEST);Tue Oct 08 2019 06:25:08 GMT+0200 (CEST);1570515908000;0.16;33.4;10.43
1380556831572750;16.9;31.6;Tue Oct 08 2019 08:27:03 GMT+0200 (CEST);Tue Oct 08 2019 06:27:03 GMT+0200 (CEST);1570516023000;0.14;31.24;10.42
1380556831572750;16.9;31.4;Tue Oct 08 2019 08:29:03 GMT+0200 (CEST);Tue Oct 08 2019 06:29:03 GMT+0200 (CEST);1570516143000;0.16;33.98;10.43
1380556831572750;16.9;31.4;Tue Oct 08 2019 08:30:56 GMT+0200 (CEST);Tue Oct 08 2019 06:30:56 GMT+0200 (CEST);1570516256000;0.18;38.55;10.43
1380556831572750;16.9;31.8;Tue Oct 08 2019 08:32:49 GMT+0200 (CEST);Tue Oct 08 2019 06:32:49 GMT+0200 (CEST);1570516369000;0.21;45.73;10.46
1380556831572750;16.9;32.4;Tue Oct 08 2019 08:34:43 GMT+0200 (CEST);Tue Oct 08 2019 06:34:43 GMT+0200 (CEST);1570516483000;0.26;54.09;10.5
1380556831572750;16.9;32.8;Tue Oct 08 2019 08:36:41 GMT+0200 (CEST);Tue Oct 08 2019 06:36:41 GMT+0200 (CEST);1570516601000;0.27;56.54;10.54
1380556831572750;16.9;32.8;Tue Oct 08 2019 08:38:37 GMT+0200 (CEST);Tue Oct 08 2019 06:38:37 GMT+0200 (CEST);1570516717000;0.25;51.54;10.6
1380556831572750;16.9;32.4;Tue Oct 08 2019 08:40:30 GMT+0200 (CEST);Tue Oct 08 2019 06:40:30 GMT+0200 (CEST);1570516830000;0.21;44.27;10.64
1380556831572750;16.9;31.7;Tue Oct 08 2019 08:42:23 GMT+0200 (CEST);Tue Oct 08 2019 06:42:23 GMT+0200 (CEST);1570516943000;0.19;39.36;10.66
1380556831572750;16.9;31.4;Tue Oct 08 2019 08:44:22 GMT+0200 (CEST);Tue Oct 08 2019 06:44:22 GMT+0200 (CEST);1570517062000;0.18;38.49;10.69
1380556831572750;16.9;31.7;Tue Oct 08 2019 08:46:17 GMT+0200 (CEST);Tue Oct 08 2019 06:46:17 GMT+0200 (CEST);1570517177000;0.19;38.34;10.71
1380556831572750;16.9;31.4;Tue Oct 08 2019 08:48:10 GMT+0200 (CEST);Tue Oct 08 2019 06:48:10 GMT+0200 (CEST);1570517290000;0.2;40.48;10.73
1380556831572750;16.9;32.1;Tue Oct 08 2019 08:50:19 GMT+0200 (CEST);Tue Oct 08 2019 06:50:19 GMT+0200 (CEST);1570517419000;0.19;39.13;10.76
1380556831572750;16.9;31.5;Tue Oct 08 2019 08:52:17 GMT+0200 (CEST);Tue Oct 08 2019 06:52:17 GMT+0200 (CEST);1570517537000;0.2;42.14;10.75
1380556831572750;16.9;32.2;Tue Oct 08 2019 08:54:02 GMT+0200 (CEST);Tue Oct 08 2019 06:54:02 GMT+0200 (CEST);1570517642000;0.24;49.85;10.67
1380556831572750;16.9;32.9;Tue Oct 08 2019 08:55:55 GMT+0200 (CEST);Tue Oct 08 2019 06:55:55 GMT+0200 (CEST);1570517755000;0.28;57.47;10.6
1380556831572750;16.9;32.8;Tue Oct 08 2019 08:57:48 GMT+0200 (CEST);Tue Oct 08 2019 06:57:48 GMT+0200 (CEST);1570517868000;0.3;61.22;10.59
1380556831572750;16.9;33.5;Tue Oct 08 2019 08:59:46 GMT+0200 (CEST);Tue Oct 08 2019 06:59:46 GMT+0200 (CEST);1570517986000;0.32;63.35;10.6
1380556831572750;16.9;33.4;Tue Oct 08 2019 09:01:44 GMT+0200 (CEST);Tue Oct 08 2019 07:01:44 GMT+0200 (CEST);1570518104000;0.27;53.79;10.59
1380556831572750;16.9;32.6;Tue Oct 08 2019 09:03:39 GMT+0200 (CEST);Tue Oct 08 2019 07:03:39 GMT+0200 (CEST);1570518219000;0.24;48.08;10.58
1380556831572750;16.9;32.8;Tue Oct 08 2019 09:05:32 GMT+0200 (CEST);Tue Oct 08 2019 07:05:32 GMT+0200 (CEST);1570518332000;0.25;49.25;10.59
1380556831572750;16.9;32.9;Tue Oct 08 2019 09:07:25 GMT+0200 (CEST);Tue Oct 08 2019 07:07:25 GMT+0200 (CEST);1570518445000;0.32;64.13;10.63
1380556831572750;16.9;33.1;Tue Oct 08 2019 09:09:17 GMT+0200 (CEST);Tue Oct 08 2019 07:09:17 GMT+0200 (CEST);1570518557000;0.42;80.19;10.71
1380556831572750;16.9;34;Tue Oct 08 2019 09:11:10 GMT+0200 (CEST);Tue Oct 08 2019 07:11:10 GMT+0200 (CEST);1570518670000;0.5;95.98;10.82
1380556831572750;16.9;34.4;Tue Oct 08 2019 09:13:03 GMT+0200 (CEST);Tue Oct 08 2019 07:13:03 GMT+0200 (CEST);1570518783000;0.54;102.28;10.95
1380556831572750;19.4;34.5;Tue Oct 08 2019 09:14:56 GMT+0200 (CEST);Tue Oct 08 2019 07:14:56 GMT+0200 (CEST);1570518896000;0.55;103.72;11.06
1380556831572750;19.4;34.3;Tue Oct 08 2019 09:16:50 GMT+0200 (CEST);Tue Oct 08 2019 07:16:50 GMT+0200 (CEST);1570519010000;0.53;100.72;11.21
1380556831572750;19.4;34.1;Tue Oct 08 2019 09:19:07 GMT+0200 (CEST);Tue Oct 08 2019 07:19:07 GMT+0200 (CEST);1570519147000;0.48;93.18;11.34
1380556831572750;19.4;34;Tue Oct 08 2019 09:21:00 GMT+0200 (CEST);Tue Oct 08 2019 07:21:00 GMT+0200 (CEST);1570519260000;0.43;84.68;11.42
1380556831572750;19.4;33.6;Tue Oct 08 2019 09:22:53 GMT+0200 (CEST);Tue Oct 08 2019 07:22:53 GMT+0200 (CEST);1570519373000;0.38;74.09;11.46
1380556831572750;19.4;33.1;Tue Oct 08 2019 09:25:01 GMT+0200 (CEST);Tue Oct 08 2019 07:25:01 GMT+0200 (CEST);1570519501000;0.36;69.94;11.51
1380556831572750;19.4;33.2;Tue Oct 08 2019 09:26:53 GMT+0200 (CEST);Tue Oct 08 2019 07:26:53 GMT+0200 (CEST);1570519613000;0.38;73.43;11.57
1380556831572750;19.4;33.3;Tue Oct 08 2019 09:28:49 GMT+0200 (CEST);Tue Oct 08 2019 07:28:49 GMT+0200 (CEST);1570519729000;0.38;74.69;11.6
1380556831572750;19.4;33.5;Tue Oct 08 2019 09:30:42 GMT+0200 (CEST);Tue Oct 08 2019 07:30:42 GMT+0200 (CEST);1570519842000;0.35;68.5;11.64
1380556831572750;19.4;32.5;Tue Oct 08 2019 09:32:34 GMT+0200 (CEST);Tue Oct 08 2019 07:32:34 GMT+0200 (CEST);1570519954000;0.32;62.63;11.66
1380556831572750;19.4;33;Tue Oct 08 2019 09:34:35 GMT+0200 (CEST);Tue Oct 08 2019 07:34:35 GMT+0200 (CEST);1570520075000;0.34;70.41;11.69
1380556831572750;19.4;33.6;Tue Oct 08 2019 09:36:28 GMT+0200 (CEST);Tue Oct 08 2019 07:36:28 GMT+0200 (CEST);1570520188000;0.43;86.07;11.71
1380556831572750;19.9;34;Tue Oct 08 2019 09:38:20 GMT+0200 (CEST);Tue Oct 08 2019 07:38:20 GMT+0200 (CEST);1570520300000;0.5;98.91;11.75
1380556831572750;19.9;33.9;Tue Oct 08 2019 09:40:21 GMT+0200 (CEST);Tue Oct 08 2019 07:40:21 GMT+0200 (CEST);1570520421000;0.47;90.79;11.83
1380556831572750;19.9;33.5;Tue Oct 08 2019 09:42:14 GMT+0200 (CEST);Tue Oct 08 2019 07:42:14 GMT+0200 (CEST);1570520534000;0.41;79.53;11.89
1380556831572750;19.9;33.4;Tue Oct 08 2019 09:44:08 GMT+0200 (CEST);Tue Oct 08 2019 07:44:08 GMT+0200 (CEST);1570520648000;0.39;77.84;11.95
1380556831572750;19.9;33.1;Tue Oct 08 2019 09:46:01 GMT+0200 (CEST);Tue Oct 08 2019 07:46:01 GMT+0200 (CEST);1570520761000;0.39;76.58;12
1380556831572750;19.9;33.7;Tue Oct 08 2019 09:48:29 GMT+0200 (CEST);Tue Oct 08 2019 07:48:29 GMT+0200 (CEST);1570520909000;0.45;88.83;12.04
1380556831572750;19.9;33.9;Tue Oct 08 2019 09:50:21 GMT+0200 (CEST);Tue Oct 08 2019 07:50:21 GMT+0200 (CEST);1570521021000;0.51;101.92;12.04
1380556831572750;21.5;34.2;Tue Oct 08 2019 09:52:15 GMT+0200 (CEST);Tue Oct 08 2019 07:52:15 GMT+0200 (CEST);1570521135000;0.6;117.39;12.1
1380556831572750;21.5;34.2;Tue Oct 08 2019 09:54:16 GMT+0200 (CEST);Tue Oct 08 2019 07:54:16 GMT+0200 (CEST);1570521256000;0.59;117.03;12.2
1380556831572750;21.5;34.1;Tue Oct 08 2019 09:56:14 GMT+0200 (CEST);Tue Oct 08 2019 07:56:14 GMT+0200 (CEST);1570521374000;0.56;109.17;12.3
1380556831572750;21.5;33.9;Tue Oct 08 2019 09:58:17 GMT+0200 (CEST);Tue Oct 08 2019 07:58:17 GMT+0200 (CEST);1570521497000;0.48;94.17;12.41
1380556831572750;21.5;33.3;Tue Oct 08 2019 10:00:09 GMT+0200 (CEST);Tue Oct 08 2019 08:00:09 GMT+0200 (CEST);1570521609000;0.38;74.35;12.42
1380556831572750;21.5;32.8;Tue Oct 08 2019 10:02:07 GMT+0200 (CEST);Tue Oct 08 2019 08:02:07 GMT+0200 (CEST);1570521727000;0.37;75.82;12.44
1380556831572750;21.5;33.4;Tue Oct 08 2019 10:04:02 GMT+0200 (CEST);Tue Oct 08 2019 08:04:02 GMT+0200 (CEST);1570521842000;0.5;102.24;12.45
1380556831572750;21.5;34;Tue Oct 08 2019 10:05:55 GMT+0200 (CEST);Tue Oct 08 2019 08:05:55 GMT+0200 (CEST);1570521955000;0.55;107.27;12.5
1380556831572750;21.5;33.7;Tue Oct 08 2019 10:07:47 GMT+0200 (CEST);Tue Oct 08 2019 08:07:47 GMT+0200 (CEST);1570522067000;0.49;98.21;12.53
1380556831572750;21.5;33.6;Tue Oct 08 2019 10:09:40 GMT+0200 (CEST);Tue Oct 08 2019 08:09:40 GMT+0200 (CEST);1570522180000;0.52;103.58;12.57
1380556831572750;21.5;34.1;Tue Oct 08 2019 10:11:39 GMT+0200 (CEST);Tue Oct 08 2019 08:11:39 GMT+0200 (CEST);1570522299000;0.62;121.86;12.6
1380556831572750;21.5;34.3;Tue Oct 08 2019 10:13:33 GMT+0200 (CEST);Tue Oct 08 2019 08:13:33 GMT+0200 (CEST);1570522413000;0.7;137.91;12.67
1380556831572750;21.5;34.2;Tue Oct 08 2019 10:15:28 GMT+0200 (CEST);Tue Oct 08 2019 08:15:28 GMT+0200 (CEST);1570522528000;0.61;117.78;12.78
1380556831572750;22;34;Tue Oct 08 2019 10:17:11 GMT+0200 (CEST);Tue Oct 08 2019 08:17:11 GMT+0200 (CEST);1570522631000;0.55;107.11;12.81
1380556831572750;22;34;Tue Oct 08 2019 10:19:45 GMT+0200 (CEST);Tue Oct 08 2019 08:19:45 GMT+0200 (CEST);1570522785000;0.61;119.61;12.82
1380556831572750;22;34.5;Tue Oct 08 2019 10:21:39 GMT+0200 (CEST);Tue Oct 08 2019 08:21:39 GMT+0200 (CEST);1570522899000;0.8;159.8;12.86
1380556831572750;22;34.9;Tue Oct 08 2019 10:23:32 GMT+0200 (CEST);Tue Oct 08 2019 08:23:32 GMT+0200 (CEST);1570523012000;0.87;166.99;12.92
1380556831572750;22;34.5;Tue Oct 08 2019 10:25:25 GMT+0200 (CEST);Tue Oct 08 2019 08:25:25 GMT+0200 (CEST);1570523125000;0.62;116.85;13.02
1380556831572750;22;33.7;Tue Oct 08 2019 10:27:23 GMT+0200 (CEST);Tue Oct 08 2019 08:27:23 GMT+0200 (CEST);1570523243000;0.52;98.3;12.98
1380556831572750;22;33.5;Tue Oct 08 2019 10:29:16 GMT+0200 (CEST);Tue Oct 08 2019 08:29:16 GMT+0200 (CEST);1570523356000;0.52;99.28;12.92
1380556831572750;22;33.8;Tue Oct 08 2019 10:31:09 GMT+0200 (CEST);Tue Oct 08 2019 08:31:09 GMT+0200 (CEST);1570523469000;0.52;100.45;12.97
1380556831572750;22;33.8;Tue Oct 08 2019 10:33:16 GMT+0200 (CEST);Tue Oct 08 2019 08:33:16 GMT+0200 (CEST);1570523596000;0.51;99.23;13
1380556831572750;22;33.8;Tue Oct 08 2019 10:35:11 GMT+0200 (CEST);Tue Oct 08 2019 08:35:11 GMT+0200 (CEST);1570523711000;0.5;95.89;13.03
1380556831572750;22;33.8;Tue Oct 08 2019 10:37:09 GMT+0200 (CEST);Tue Oct 08 2019 08:37:09 GMT+0200 (CEST);1570523829000;0.51;98.53;13.03
1380556831572750;22;33.8;Tue Oct 08 2019 10:39:06 GMT+0200 (CEST);Tue Oct 08 2019 08:39:06 GMT+0200 (CEST);1570523946000;0.54;104.44;13.05
1380556831572750;22;34.1;Tue Oct 08 2019 10:40:59 GMT+0200 (CEST);Tue Oct 08 2019 08:40:59 GMT+0200 (CEST);1570524059000;0.58;111.17;13.06
1380556831572750;22;34.1;Tue Oct 08 2019 10:42:52 GMT+0200 (CEST);Tue Oct 08 2019 08:42:52 GMT+0200 (CEST);1570524172000;0.55;105.3;13.06
1380556831572750;21.5;34;Tue Oct 08 2019 10:44:44 GMT+0200 (CEST);Tue Oct 08 2019 08:44:44 GMT+0200 (CEST);1570524284000;0.55;106.13;13.03
1380556831572750;21.5;33.8;Tue Oct 08 2019 10:46:39 GMT+0200 (CEST);Tue Oct 08 2019 08:46:39 GMT+0200 (CEST);1570524399000;0.51;96.63;13.06
1380556831572750;22;33.5;Tue Oct 08 2019 10:48:33 GMT+0200 (CEST);Tue Oct 08 2019 08:48:33 GMT+0200 (CEST);1570524513000;0.46;90.19;13.04
1380556831572750;22;33.6;Tue Oct 08 2019 10:51:13 GMT+0200 (CEST);Tue Oct 08 2019 08:51:13 GMT+0200 (CEST);1570524673000;0.46;90.12;12.95
1380556831572750;22;33.9;Tue Oct 08 2019 10:53:12 GMT+0200 (CEST);Tue Oct 08 2019 08:53:12 GMT+0200 (CEST);1570524792000;0.6;115.44;12.95
1380556831572750;22;34.3;Tue Oct 08 2019 10:55:05 GMT+0200 (CEST);Tue Oct 08 2019 08:55:05 GMT+0200 (CEST);1570524905000;0.67;128.32;12.97
1380556831572750;22;34.5;Tue Oct 08 2019 10:56:59 GMT+0200 (CEST);Tue Oct 08 2019 08:56:59 GMT+0200 (CEST);1570525019000;0.73;137.88;13
1380556831572750;22;34.5;Tue Oct 08 2019 10:58:55 GMT+0200 (CEST);Tue Oct 08 2019 08:58:55 GMT+0200 (CEST);1570525135000;0.73;136.84;12.96
1380556831572750;22;34.5;Tue Oct 08 2019 11:00:48 GMT+0200 (CEST);Tue Oct 08 2019 09:00:48 GMT+0200 (CEST);1570525248000;0.72;134.26;12.93
1380556831572750;22;34;Tue Oct 08 2019 11:02:44 GMT+0200 (CEST);Tue Oct 08 2019 09:02:44 GMT+0200 (CEST);1570525364000;0.52;94.24;12.86
1380556831572750;22;33.7;Tue Oct 08 2019 11:04:46 GMT+0200 (CEST);Tue Oct 08 2019 09:04:46 GMT+0200 (CEST);1570525486000;0.51;95.9;12.84
1380556831572750;22;33.9;Tue Oct 08 2019 11:07:04 GMT+0200 (CEST);Tue Oct 08 2019 09:07:04 GMT+0200 (CEST);1570525624000;0.51;94.68;12.85
1380556831572750;21.5;33.7;Tue Oct 08 2019 11:09:04 GMT+0200 (CEST);Tue Oct 08 2019 09:09:04 GMT+0200 (CEST);1570525744000;0.46;84.66;12.6
1380556831572750;21.5;33.4;Tue Oct 08 2019 11:10:57 GMT+0200 (CEST);Tue Oct 08 2019 09:10:57 GMT+0200 (CEST);1570525857000;0.41;75.89;12.21
1380556831572750;21.5;33.6;Tue Oct 08 2019 11:12:50 GMT+0200 (CEST);Tue Oct 08 2019 09:12:50 GMT+0200 (CEST);1570525970000;0.42;76.9;11.93
1380556831572750;21.5;34;Tue Oct 08 2019 11:14:42 GMT+0200 (CEST);Tue Oct 08 2019 09:14:42 GMT+0200 (CEST);1570526082000;0.51;92.97;11.71
1380556831572750;21.5;33.8;Tue Oct 08 2019 11:16:35 GMT+0200 (CEST);Tue Oct 08 2019 09:16:35 GMT+0200 (CEST);1570526195000;0.46;84.51;11.53
1380556831572750;21.5;33.6;Tue Oct 08 2019 11:18:28 GMT+0200 (CEST);Tue Oct 08 2019 09:18:28 GMT+0200 (CEST);1570526308000;0.41;76.67;11.42
1380556831572750;21.5;32.8;Tue Oct 08 2019 11:20:36 GMT+0200 (CEST);Tue Oct 08 2019 09:20:36 GMT+0200 (CEST);1570526436000;0.28;52.16;11.27
1380556831572750;19.9;32.8;Tue Oct 08 2019 11:22:38 GMT+0200 (CEST);Tue Oct 08 2019 09:22:38 GMT+0200 (CEST);1570526558000;0.32;61.58;11.08
1380556831572750;19.9;32.4;Tue Oct 08 2019 11:24:31 GMT+0200 (CEST);Tue Oct 08 2019 09:24:31 GMT+0200 (CEST);1570526671000;0.32;59.23;11
1380556831572750;19.9;32.8;Tue Oct 08 2019 11:26:23 GMT+0200 (CEST);Tue Oct 08 2019 09:26:23 GMT+0200 (CEST);1570526783000;0.28;55.27;10.94
1380556831572750;19.4;32.8;Tue Oct 08 2019 11:28:18 GMT+0200 (CEST);Tue Oct 08 2019 09:28:18 GMT+0200 (CEST);1570526898000;0.26;52.18;10.91
1380556831572750;19.4;32.8;Tue Oct 08 2019 11:30:10 GMT+0200 (CEST);Tue Oct 08 2019 09:30:10 GMT+0200 (CEST);1570527010000;0.33;63.77;10.87
1380556831572750;19.4;33;Tue Oct 08 2019 11:32:03 GMT+0200 (CEST);Tue Oct 08 2019 09:32:03 GMT+0200 (CEST);1570527123000;0.39;74.95;10.91
1380556831572750;19.4;33.4;Tue Oct 08 2019 11:34:11 GMT+0200 (CEST);Tue Oct 08 2019 09:34:11 GMT+0200 (CEST);1570527251000;0.39;74.62;11.02
1380556831572750;19.4;33.4;Tue Oct 08 2019 11:36:04 GMT+0200 (CEST);Tue Oct 08 2019 09:36:04 GMT+0200 (CEST);1570527364000;0.41;75.96;11.04
1380556831572750;19.4;33.4;Tue Oct 08 2019 11:38:01 GMT+0200 (CEST);Tue Oct 08 2019 09:38:01 GMT+0200 (CEST);1570527481000;0.44;83.17;11.05
1380556831572750;19.4;33.9;Tue Oct 08 2019 11:39:53 GMT+0200 (CEST);Tue Oct 08 2019 09:39:53 GMT+0200 (CEST);1570527593000;0.49;93.53;11.07
1380556831572750;19.9;33.9;Tue Oct 08 2019 11:41:47 GMT+0200 (CEST);Tue Oct 08 2019 09:41:47 GMT+0200 (CEST);1570527707000;0.48;90.05;11.12
1380556831572750;19.9;33.7;Tue Oct 08 2019 11:43:41 GMT+0200 (CEST);Tue Oct 08 2019 09:43:41 GMT+0200 (CEST);1570527821000;0.42;80.4;11.1
1380556831572750;19.9;33.4;Tue Oct 08 2019 11:45:40 GMT+0200 (CEST);Tue Oct 08 2019 09:45:40 GMT+0200 (CEST);1570527940000;0.44;81.71;11.1
1380556831572750;19.9;34.1;Tue Oct 08 2019 11:47:33 GMT+0200 (CEST);Tue Oct 08 2019 09:47:33 GMT+0200 (CEST);1570528053000;0.53;98.67;11.1
1380556831572750;19.9;34;Tue Oct 08 2019 11:49:30 GMT+0200 (CEST);Tue Oct 08 2019 09:49:30 GMT+0200 (CEST);1570528170000;0.49;93.14;11.08
1380556831572750;19.9;34;Tue Oct 08 2019 11:51:23 GMT+0200 (CEST);Tue Oct 08 2019 09:51:23 GMT+0200 (CEST);1570528283000;0.47;89.71;11.13
1380556831572750;19.9;33.7;Tue Oct 08 2019 11:53:21 GMT+0200 (CEST);Tue Oct 08 2019 09:53:21 GMT+0200 (CEST);1570528401000;0.47;89.3;11.14
1380556831572750;19.9;33.7;Tue Oct 08 2019 11:55:16 GMT+0200 (CEST);Tue Oct 08 2019 09:55:16 GMT+0200 (CEST);1570528516000;0.45;88.71;11.15
1380556831572750;19.9;33.6;Tue Oct 08 2019 11:57:10 GMT+0200 (CEST);Tue Oct 08 2019 09:57:10 GMT+0200 (CEST);1570528630000;0.44;86.81;11.17
1380556831572750;19.9;34.1;Tue Oct 08 2019 11:59:07 GMT+0200 (CEST);Tue Oct 08 2019 09:59:07 GMT+0200 (CEST);1570528747000;0.58;114.95;11.21
1380556831572750;19.9;34.4;Tue Oct 08 2019 12:01:08 GMT+0200 (CEST);Tue Oct 08 2019 10:01:08 GMT+0200 (CEST);1570528868000;0.64;124.49;11.28
1380556831572750;19.9;34.3;Tue Oct 08 2019 12:03:02 GMT+0200 (CEST);Tue Oct 08 2019 10:03:02 GMT+0200 (CEST);1570528982000;0.59;113.66;11.32
1380556831572750;19.9;34.1;Tue Oct 08 2019 12:04:55 GMT+0200 (CEST);Tue Oct 08 2019 10:04:55 GMT+0200 (CEST);1570529095000;0.51;98.71;11.32
1380556831572750;19.9;34;Tue Oct 08 2019 12:06:47 GMT+0200 (CEST);Tue Oct 08 2019 10:06:47 GMT+0200 (CEST);1570529207000;0.48;89.4;11.32
1380556831572750;19.9;34;Tue Oct 08 2019 12:08:55 GMT+0200 (CEST);Tue Oct 08 2019 10:08:55 GMT+0200 (CEST);1570529335000;0.5;94.44;11.31
1380556831572750;19.9;34.1;Tue Oct 08 2019 12:10:53 GMT+0200 (CEST);Tue Oct 08 2019 10:10:53 GMT+0200 (CEST);1570529453000;0.55;105.79;11.26
1380556831572750;19.9;34.2;Tue Oct 08 2019 12:12:46 GMT+0200 (CEST);Tue Oct 08 2019 10:12:46 GMT+0200 (CEST);1570529566000;0.58;112.84;11.32
1380556831572750;19.9;34.4;Tue Oct 08 2019 12:14:43 GMT+0200 (CEST);Tue Oct 08 2019 10:14:43 GMT+0200 (CEST);1570529683000;0.64;123.92;11.37
1380556831572750;19.9;34.6;Tue Oct 08 2019 12:16:41 GMT+0200 (CEST);Tue Oct 08 2019 10:16:41 GMT+0200 (CEST);1570529801000;0.73;143.06;11.41
1380556831572750;21.5;34.7;Tue Oct 08 2019 12:18:34 GMT+0200 (CEST);Tue Oct 08 2019 10:18:34 GMT+0200 (CEST);1570529914000;0.77;150.19;11.5
1380556831572750;21.5;34.7;Tue Oct 08 2019 12:20:27 GMT+0200 (CEST);Tue Oct 08 2019 10:20:27 GMT+0200 (CEST);1570530027000;0.74;142.96;11.57
1380556831572750;21.5;34.7;Tue Oct 08 2019 12:22:26 GMT+0200 (CEST);Tue Oct 08 2019 10:22:26 GMT+0200 (CEST);1570530146000;0.72;140.04;11.64
1380556831572750;21.5;34.5;Tue Oct 08 2019 12:24:37 GMT+0200 (CEST);Tue Oct 08 2019 10:24:37 GMT+0200 (CEST);1570530277000;0.72;140.58;11.63
1380556831572750;21.5;34.5;Tue Oct 08 2019 12:26:30 GMT+0200 (CEST);Tue Oct 08 2019 10:26:30 GMT+0200 (CEST);1570530390000;0.67;128.59;11.69
1380556831572750;21.5;34.2;Tue Oct 08 2019 12:28:27 GMT+0200 (CEST);Tue Oct 08 2019 10:28:27 GMT+0200 (CEST);1570530507000;0.57;108.82;11.7
1380556831572750;21.5;33.9;Tue Oct 08 2019 12:30:20 GMT+0200 (CEST);Tue Oct 08 2019 10:30:20 GMT+0200 (CEST);1570530620000;0.49;95.35;11.69
1380556831572750;21.5;34;Tue Oct 08 2019 12:32:13 GMT+0200 (CEST);Tue Oct 08 2019 10:32:13 GMT+0200 (CEST);1570530733000;0.59;113.14;11.66
1380556831572750;21.5;34.3;Tue Oct 08 2019 12:34:21 GMT+0200 (CEST);Tue Oct 08 2019 10:34:21 GMT+0200 (CEST);1570530861000;0.67;126.42;11.71
1380556831572750;21.5;34.5;Tue Oct 08 2019 12:36:14 GMT+0200 (CEST);Tue Oct 08 2019 10:36:14 GMT+0200 (CEST);1570530974000;0.69;133.62;11.79
1380556831572750;21.5;34.5;Tue Oct 08 2019 12:38:20 GMT+0200 (CEST);Tue Oct 08 2019 10:38:20 GMT+0200 (CEST);1570531100000;0.76;144.46;11.89
1380556831572750;21.5;34.7;Tue Oct 08 2019 12:40:13 GMT+0200 (CEST);Tue Oct 08 2019 10:40:13 GMT+0200 (CEST);1570531213000;0.86;163.09;11.97
1380556831572750;21.5;34.9;Tue Oct 08 2019 12:42:06 GMT+0200 (CEST);Tue Oct 08 2019 10:42:06 GMT+0200 (CEST);1570531326000;0.82;153.56;12
1380556831572750;21.5;34.5;Tue Oct 08 2019 12:44:00 GMT+0200 (CEST);Tue Oct 08 2019 10:44:00 GMT+0200 (CEST);1570531440000;0.63;118.65;12.03
1380556831572750;22;34.1;Tue Oct 08 2019 12:45:54 GMT+0200 (CEST);Tue Oct 08 2019 10:45:54 GMT+0200 (CEST);1570531554000;0.54;102.73;12.01
1380556831572750;22;34;Tue Oct 08 2019 12:47:53 GMT+0200 (CEST);Tue Oct 08 2019 10:47:53 GMT+0200 (CEST);1570531673000;0.56;105.54;11.97
1380556831572750;22;34;Tue Oct 08 2019 12:49:47 GMT+0200 (CEST);Tue Oct 08 2019 10:49:47 GMT+0200 (CEST);1570531787000;0.54;101.09;11.91
1380556831572750;21.5;34;Tue Oct 08 2019 12:51:40 GMT+0200 (CEST);Tue Oct 08 2019 10:51:40 GMT+0200 (CEST);1570531900000;0.51;97.02;11.83
1380556831572750;21.5;33.9;Tue Oct 08 2019 12:53:33 GMT+0200 (CEST);Tue Oct 08 2019 10:53:33 GMT+0200 (CEST);1570532013000;0.47;88.68;11.77
1380556831572750;21.5;33.8;Tue Oct 08 2019 12:55:33 GMT+0200 (CEST);Tue Oct 08 2019 10:55:33 GMT+0200 (CEST);1570532133000;0.56;107.6;11.71
1380556831572750;21.5;34.3;Tue Oct 08 2019 12:57:28 GMT+0200 (CEST);Tue Oct 08 2019 10:57:28 GMT+0200 (CEST);1570532248000;0.66;123.52;11.76
1380556831572750;21.5;34.1;Tue Oct 08 2019 12:59:26 GMT+0200 (CEST);Tue Oct 08 2019 10:59:26 GMT+0200 (CEST);1570532366000;0.58;107.95;11.67
1380556831572750;21.5;34.1;Tue Oct 08 2019 13:01:19 GMT+0200 (CEST);Tue Oct 08 2019 11:01:19 GMT+0200 (CEST);1570532479000;0.49;93.88;11.67
1380556831572750;21.5;33.9;Tue Oct 08 2019 13:03:40 GMT+0200 (CEST);Tue Oct 08 2019 11:03:40 GMT+0200 (CEST);1570532620000;0.49;92.16;11.71
1380556831572750;21.5;33.7;Tue Oct 08 2019 13:05:33 GMT+0200 (CEST);Tue Oct 08 2019 11:05:33 GMT+0200 (CEST);1570532733000;0.49;95.12;11.75
1380556831572750;21.5;33.6;Tue Oct 08 2019 13:07:25 GMT+0200 (CEST);Tue Oct 08 2019 11:07:25 GMT+0200 (CEST);1570532845000;0.47;90.68;11.74
1380556831572750;21.5;33.6;Tue Oct 08 2019 13:09:20 GMT+0200 (CEST);Tue Oct 08 2019 11:09:20 GMT+0200 (CEST);1570532960000;0.44;83.64;11.74
1380556831572750;21.5;33.6;Tue Oct 08 2019 13:11:13 GMT+0200 (CEST);Tue Oct 08 2019 11:11:13 GMT+0200 (CEST);1570533073000;0.42;80.22;11.76
1380556831572750;21.5;33.6;Tue Oct 08 2019 13:13:14 GMT+0200 (CEST);Tue Oct 08 2019 11:13:14 GMT+0200 (CEST);1570533194000;0.43;81.41;11.81
1380556831572750;21.5;33.4;Tue Oct 08 2019 13:15:07 GMT+0200 (CEST);Tue Oct 08 2019 11:15:07 GMT+0200 (CEST);1570533307000;0.42;79.55;11.81
1380556831572750;21.5;33.1;Tue Oct 08 2019 13:17:01 GMT+0200 (CEST);Tue Oct 08 2019 11:17:01 GMT+0200 (CEST);1570533421000;0.39;74.48;11.78
1380556831572750;19.9;33.1;Tue Oct 08 2019 13:19:13 GMT+0200 (CEST);Tue Oct 08 2019 11:19:13 GMT+0200 (CEST);1570533553000;0.42;80.95;11.82
1380556831572750;19.9;33.6;Tue Oct 08 2019 13:21:18 GMT+0200 (CEST);Tue Oct 08 2019 11:21:18 GMT+0200 (CEST);1570533678000;0.53;101.92;11.87
1380556831572750;19.9;34.3;Tue Oct 08 2019 13:23:01 GMT+0200 (CEST);Tue Oct 08 2019 11:23:01 GMT+0200 (CEST);1570533781000;0.62;117.65;11.94
1380556831572750;21.5;34.2;Tue Oct 08 2019 13:25:00 GMT+0200 (CEST);Tue Oct 08 2019 11:25:00 GMT+0200 (CEST);1570533900000;0.55;104.22;12.04
1380556831572750;21.5;34;Tue Oct 08 2019 13:26:54 GMT+0200 (CEST);Tue Oct 08 2019 11:26:54 GMT+0200 (CEST);1570534014000;0.5;92.31;12.1
1380556831572750;21.5;33.6;Tue Oct 08 2019 13:28:50 GMT+0200 (CEST);Tue Oct 08 2019 11:28:50 GMT+0200 (CEST);1570534130000;0.44;86.6;12.11
1380556831572750;21.5;33.6;Tue Oct 08 2019 13:30:43 GMT+0200 (CEST);Tue Oct 08 2019 11:30:43 GMT+0200 (CEST);1570534243000;0.52;98.31;12.14
1380556831572750;21.5;34;Tue Oct 08 2019 13:32:37 GMT+0200 (CEST);Tue Oct 08 2019 11:32:37 GMT+0200 (CEST);1570534357000;0.53;102.69;12.13
1380556831572750;21.5;34;Tue Oct 08 2019 13:34:38 GMT+0200 (CEST);Tue Oct 08 2019 11:34:38 GMT+0200 (CEST);1570534478000;0.62;116.91;12.11
1380556831572750;21.5;34.2;Tue Oct 08 2019 13:36:31 GMT+0200 (CEST);Tue Oct 08 2019 11:36:31 GMT+0200 (CEST);1570534591000;0.51;96.57;12.1
1380556831572750;21.5;33.6;Tue Oct 08 2019 13:38:37 GMT+0200 (CEST);Tue Oct 08 2019 11:38:37 GMT+0200 (CEST);1570534717000;0.47;90.11;12.05
1380556831572750;21.5;33.8;Tue Oct 08 2019 13:40:29 GMT+0200 (CEST);Tue Oct 08 2019 11:40:29 GMT+0200 (CEST);1570534829000;0.48;90.05;12.04
1380556831572750;21.5;33.7;Tue Oct 08 2019 13:42:24 GMT+0200 (CEST);Tue Oct 08 2019 11:42:24 GMT+0200 (CEST);1570534944000;0.51;96.2;12.04
1380556831572750;21.5;33.3;Tue Oct 08 2019 13:44:17 GMT+0200 (CEST);Tue Oct 08 2019 11:44:17 GMT+0200 (CEST);1570535057000;0.4;77.06;12.07
1380556831572750;21.5;33.1;Tue Oct 08 2019 13:46:09 GMT+0200 (CEST);Tue Oct 08 2019 11:46:09 GMT+0200 (CEST);1570535169000;0.36;69.08;12.08
1380556831572750;21.5;32.9;Tue Oct 08 2019 13:48:03 GMT+0200 (CEST);Tue Oct 08 2019 11:48:03 GMT+0200 (CEST);1570535283000;0.37;71.33;12.09
1380556831572750;21.5;33.1;Tue Oct 08 2019 13:49:58 GMT+0200 (CEST);Tue Oct 08 2019 11:49:58 GMT+0200 (CEST);1570535398000;0.37;69.72;12.09
1380556831572750;21.5;33.3;Tue Oct 08 2019 13:51:51 GMT+0200 (CEST);Tue Oct 08 2019 11:51:51 GMT+0200 (CEST);1570535511000;0.37;70.75;12.04
1380556831572750;21.5;33.2;Tue Oct 08 2019 13:53:45 GMT+0200 (CEST);Tue Oct 08 2019 11:53:45 GMT+0200 (CEST);1570535625000;0.36;69.56;12.08
1380556831572750;21.5;33;Tue Oct 08 2019 13:55:45 GMT+0200 (CEST);Tue Oct 08 2019 11:55:45 GMT+0200 (CEST);1570535745000;0.38;73.61;12.1
1380556831572750;21.5;33.4;Tue Oct 08 2019 13:57:38 GMT+0200 (CEST);Tue Oct 08 2019 11:57:38 GMT+0200 (CEST);1570535858000;0.43;78.2;12.2
1380556831572750;21.5;33.4;Tue Oct 08 2019 13:59:33 GMT+0200 (CEST);Tue Oct 08 2019 11:59:33 GMT+0200 (CEST);1570535973000;0.45;83.16;12.19
1380556831572750;21.5;33.8;Tue Oct 08 2019 14:01:27 GMT+0200 (CEST);Tue Oct 08 2019 12:01:27 GMT+0200 (CEST);1570536087000;0.47;90.12;12.23
1380556831572750;21.5;34;Tue Oct 08 2019 14:03:20 GMT+0200 (CEST);Tue Oct 08 2019 12:03:20 GMT+0200 (CEST);1570536200000;0.59;111.89;12.35
1380556831572750;21.5;34.3;Tue Oct 08 2019 14:05:13 GMT+0200 (CEST);Tue Oct 08 2019 12:05:13 GMT+0200 (CEST);1570536313000;0.65;123.28;12.42
1380556831572750;21.5;34.1;Tue Oct 08 2019 14:07:09 GMT+0200 (CEST);Tue Oct 08 2019 12:07:09 GMT+0200 (CEST);1570536429000;0.59;112.19;12.46
1380556831572750;21.5;34;Tue Oct 08 2019 14:09:08 GMT+0200 (CEST);Tue Oct 08 2019 12:09:08 GMT+0200 (CEST);1570536548000;0.58;108.39;12.46
1380556831572750;21.5;33.9;Tue Oct 08 2019 14:11:01 GMT+0200 (CEST);Tue Oct 08 2019 12:11:01 GMT+0200 (CEST);1570536661000;0.52;96.56;12.46
1380556831572750;21.5;33.6;Tue Oct 08 2019 14:12:56 GMT+0200 (CEST);Tue Oct 08 2019 12:12:56 GMT+0200 (CEST);1570536776000;0.47;90.15;12.5
1380556831572750;21.5;33.3;Tue Oct 08 2019 14:14:49 GMT+0200 (CEST);Tue Oct 08 2019 12:14:49 GMT+0200 (CEST);1570536889000;0.44;85.51;12.48
1380556831572750;21.5;33.2;Tue Oct 08 2019 14:16:42 GMT+0200 (CEST);Tue Oct 08 2019 12:16:42 GMT+0200 (CEST);1570537002000;0.38;71.76;12.49
1380556831572750;21.5;33;Tue Oct 08 2019 14:18:42 GMT+0200 (CEST);Tue Oct 08 2019 12:18:42 GMT+0200 (CEST);1570537122000;0.39;74.3;12.45
1380556831572750;22;33.3;Tue Oct 08 2019 14:20:35 GMT+0200 (CEST);Tue Oct 08 2019 12:20:35 GMT+0200 (CEST);1570537235000;0.4;77.31;12.39
1380556831572750;22;33.2;Tue Oct 08 2019 14:22:29 GMT+0200 (CEST);Tue Oct 08 2019 12:22:29 GMT+0200 (CEST);1570537349000;0.43;82.8;12.32
1380556831572750;22;33.6;Tue Oct 08 2019 14:24:22 GMT+0200 (CEST);Tue Oct 08 2019 12:24:22 GMT+0200 (CEST);1570537462000;0.45;86.1;12.31
1380556831572750;21.5;33.8;Tue Oct 08 2019 14:26:15 GMT+0200 (CEST);Tue Oct 08 2019 12:26:15 GMT+0200 (CEST);1570537575000;0.51;95.11;12.33
1380556831572750;21.5;33.8;Tue Oct 08 2019 14:28:11 GMT+0200 (CEST);Tue Oct 08 2019 12:28:11 GMT+0200 (CEST);1570537691000;0.53;101.62;12.38
1380556831572750;21.5;33.8;Tue Oct 08 2019 14:30:05 GMT+0200 (CEST);Tue Oct 08 2019 12:30:05 GMT+0200 (CEST);1570537805000;0.52;100.19;12.43
1380556831572750;21.5;33.9;Tue Oct 08 2019 14:32:02 GMT+0200 (CEST);Tue Oct 08 2019 12:32:02 GMT+0200 (CEST);1570537922000;0.51;100.87;12.52
1380556831572750;21.5;34;Tue Oct 08 2019 14:33:57 GMT+0200 (CEST);Tue Oct 08 2019 12:33:57 GMT+0200 (CEST);1570538037000;0.54;101.1;12.6
1380556831572750;21.5;34;Tue Oct 08 2019 14:35:55 GMT+0200 (CEST);Tue Oct 08 2019 12:35:55 GMT+0200 (CEST);1570538155000;0.58;111.41;12.59
1380556831572750;21.5;33.9;Tue Oct 08 2019 14:37:52 GMT+0200 (CEST);Tue Oct 08 2019 12:37:52 GMT+0200 (CEST);1570538272000;0.41;79.08;12.61
1380556831572750;21.5;33.4;Tue Oct 08 2019 14:39:45 GMT+0200 (CEST);Tue Oct 08 2019 12:39:45 GMT+0200 (CEST);1570538385000;0.49;94.45;12.61
1380556831572750;21.5;33.2;Tue Oct 08 2019 14:41:38 GMT+0200 (CEST);Tue Oct 08 2019 12:41:38 GMT+0200 (CEST);1570538498000;0.42;79.33;12.56
1380556831572750;21.5;33.6;Tue Oct 08 2019 14:43:31 GMT+0200 (CEST);Tue Oct 08 2019 12:43:31 GMT+0200 (CEST);1570538611000;0.54;104.33;12.6
1380556831572750;21.5;34.1;Tue Oct 08 2019 14:45:24 GMT+0200 (CEST);Tue Oct 08 2019 12:45:24 GMT+0200 (CEST);1570538724000;0.62;119.24;12.64
1380556831572750;21.5;34.3;Tue Oct 08 2019 14:47:16 GMT+0200 (CEST);Tue Oct 08 2019 12:47:16 GMT+0200 (CEST);1570538836000;0.62;118.76;12.74
1380556831572750;22;33.8;Tue Oct 08 2019 14:49:12 GMT+0200 (CEST);Tue Oct 08 2019 12:49:12 GMT+0200 (CEST);1570538952000;0.44;83.59;12.8
1380556831572750;22;33.1;Tue Oct 08 2019 14:51:05 GMT+0200 (CEST);Tue Oct 08 2019 12:51:05 GMT+0200 (CEST);1570539065000;0.43;77.95;12.73
1380556831572750;22;33.3;Tue Oct 08 2019 14:53:02 GMT+0200 (CEST);Tue Oct 08 2019 12:53:02 GMT+0200 (CEST);1570539182000;0.41;79.28;12.72
1380556831572750;21.5;32.9;Tue Oct 08 2019 14:54:59 GMT+0200 (CEST);Tue Oct 08 2019 12:54:59 GMT+0200 (CEST);1570539299000;0.38;71.39;12.72
1380556831572750;21.5;33.1;Tue Oct 08 2019 14:56:52 GMT+0200 (CEST);Tue Oct 08 2019 12:56:52 GMT+0200 (CEST);1570539412000;0.38;70.05;12.68
1380556831572750;21.5;32.9;Tue Oct 08 2019 14:58:45 GMT+0200 (CEST);Tue Oct 08 2019 12:58:45 GMT+0200 (CEST);1570539525000;0.36;69.04;12.66
1380556831572750;21.5;33.2;Tue Oct 08 2019 15:00:39 GMT+0200 (CEST);Tue Oct 08 2019 13:00:39 GMT+0200 (CEST);1570539639000;0.4;75.22;12.64
1380556831572750;21.5;33.2;Tue Oct 08 2019 15:02:32 GMT+0200 (CEST);Tue Oct 08 2019 13:02:32 GMT+0200 (CEST);1570539752000;0.42;79.87;12.66
1380556831572750;21.5;33.4;Tue Oct 08 2019 15:04:26 GMT+0200 (CEST);Tue Oct 08 2019 13:04:26 GMT+0200 (CEST);1570539866000;0.47;88.63;12.7
1380556831572750;21.5;34;Tue Oct 08 2019 15:06:19 GMT+0200 (CEST);Tue Oct 08 2019 13:06:19 GMT+0200 (CEST);1570539979000;0.5;92.29;12.77
1380556831572750;21.5;33.2;Tue Oct 08 2019 15:09:03 GMT+0200 (CEST);Tue Oct 08 2019 13:09:03 GMT+0200 (CEST);1570540143000;0.4;75.72;12.78
1380556831572750;21.5;33.2;Tue Oct 08 2019 15:10:56 GMT+0200 (CEST);Tue Oct 08 2019 13:10:56 GMT+0200 (CEST);1570540256000;0.41;75.11;12.79
1380556831572750;21.5;33.1;Tue Oct 08 2019 15:12:48 GMT+0200 (CEST);Tue Oct 08 2019 13:12:48 GMT+0200 (CEST);1570540368000;0.37;72.3;12.82
1380556831572750;21.5;33.6;Tue Oct 08 2019 15:14:42 GMT+0200 (CEST);Tue Oct 08 2019 13:14:42 GMT+0200 (CEST);1570540482000;0.44;83.1;12.83
1380556831572750;21.5;33.3;Tue Oct 08 2019 15:16:37 GMT+0200 (CEST);Tue Oct 08 2019 13:16:37 GMT+0200 (CEST);1570540597000;0.39;71.94;12.85
1380556831572750;21.5;32.8;Tue Oct 08 2019 15:18:30 GMT+0200 (CEST);Tue Oct 08 2019 13:18:30 GMT+0200 (CEST);1570540710000;0.31;57.53;12.82
1380556831572750;21.5;32.3;Tue Oct 08 2019 15:20:23 GMT+0200 (CEST);Tue Oct 08 2019 13:20:23 GMT+0200 (CEST);1570540823000;0.32;61.06;12.78
1380556831572750;21.5;32.5;Tue Oct 08 2019 15:22:24 GMT+0200 (CEST);Tue Oct 08 2019 13:22:24 GMT+0200 (CEST);1570540944000;0.32;61.09;12.74
1380556831572750;21.5;32.6;Tue Oct 08 2019 15:24:17 GMT+0200 (CEST);Tue Oct 08 2019 13:24:17 GMT+0200 (CEST);1570541057000;0.35;65.53;12.75
1380556831572750;21.5;33.1;Tue Oct 08 2019 15:26:10 GMT+0200 (CEST);Tue Oct 08 2019 13:26:10 GMT+0200 (CEST);1570541170000;0.45;83.36;12.78
1380556831572750;21.5;33.3;Tue Oct 08 2019 15:28:11 GMT+0200 (CEST);Tue Oct 08 2019 13:28:11 GMT+0200 (CEST);1570541291000;0.41;78.23;12.85
1380556831572750;21.5;33.2;Tue Oct 08 2019 15:30:03 GMT+0200 (CEST);Tue Oct 08 2019 13:30:03 GMT+0200 (CEST);1570541403000;0.37;68;12.82
1380556831572750;21.5;32.7;Tue Oct 08 2019 15:31:56 GMT+0200 (CEST);Tue Oct 08 2019 13:31:56 GMT+0200 (CEST);1570541516000;0.32;61.34;12.81
1380556831572750;21.5;32.3;Tue Oct 08 2019 15:33:49 GMT+0200 (CEST);Tue Oct 08 2019 13:33:49 GMT+0200 (CEST);1570541629000;0.31;59.52;12.79
1380556831572750;21.5;32.5;Tue Oct 08 2019 15:36:00 GMT+0200 (CEST);Tue Oct 08 2019 13:36:00 GMT+0200 (CEST);1570541760000;0.32;61;12.79
1380556831572750;21.5;32.4;Tue Oct 08 2019 15:37:52 GMT+0200 (CEST);Tue Oct 08 2019 13:37:52 GMT+0200 (CEST);1570541872000;0.35;67.6;12.82
1380556831572750;21.5;33;Tue Oct 08 2019 15:39:50 GMT+0200 (CEST);Tue Oct 08 2019 13:39:50 GMT+0200 (CEST);1570541990000;0.38;72.54;12.88
1380556831572750;21.5;33.1;Tue Oct 08 2019 15:41:44 GMT+0200 (CEST);Tue Oct 08 2019 13:41:44 GMT+0200 (CEST);1570542104000;0.42;79;12.91
1380556831572750;21.5;32.8;Tue Oct 08 2019 15:43:37 GMT+0200 (CEST);Tue Oct 08 2019 13:43:37 GMT+0200 (CEST);1570542217000;0.3;57.82;12.93
1380556831572750;21.5;32.5;Tue Oct 08 2019 15:45:30 GMT+0200 (CEST);Tue Oct 08 2019 13:45:30 GMT+0200 (CEST);1570542330000;0.28;56.47;12.93
1380556831572750;21.5;32.8;Tue Oct 08 2019 15:47:32 GMT+0200 (CEST);Tue Oct 08 2019 13:47:32 GMT+0200 (CEST);1570542452000;0.39;75.27;12.96
1380556831572750;21.5;32.8;Tue Oct 08 2019 15:49:27 GMT+0200 (CEST);Tue Oct 08 2019 13:49:27 GMT+0200 (CEST);1570542567000;0.38;71.04;12.92
1380556831572750;21.5;32.5;Tue Oct 08 2019 15:51:20 GMT+0200 (CEST);Tue Oct 08 2019 13:51:20 GMT+0200 (CEST);1570542680000;0.29;55.43;12.92
1380556831572750;21.5;32.6;Tue Oct 08 2019 15:53:20 GMT+0200 (CEST);Tue Oct 08 2019 13:53:20 GMT+0200 (CEST);1570542800000;0.29;56.21;12.9
1380556831572750;21.5;32.4;Tue Oct 08 2019 15:55:18 GMT+0200 (CEST);Tue Oct 08 2019 13:55:18 GMT+0200 (CEST);1570542918000;0.38;73.8;12.88
1380556831572750;21.5;33.1;Tue Oct 08 2019 15:57:11 GMT+0200 (CEST);Tue Oct 08 2019 13:57:11 GMT+0200 (CEST);1570543031000;0.41;77.96;12.9
1380556831572750;21.5;33.4;Tue Oct 08 2019 15:59:09 GMT+0200 (CEST);Tue Oct 08 2019 13:59:09 GMT+0200 (CEST);1570543149000;0.46;87.76;12.89
1380556831572750;21.5;33.1;Tue Oct 08 2019 16:01:01 GMT+0200 (CEST);Tue Oct 08 2019 14:01:01 GMT+0200 (CEST);1570543261000;0.32;64.35;12.92
1380556831572750;21.5;32.5;Tue Oct 08 2019 16:02:52 GMT+0200 (CEST);Tue Oct 08 2019 14:02:52 GMT+0200 (CEST);1570543372000;0.33;64.08;12.92
1380556831572750;21.5;32.7;Tue Oct 08 2019 16:04:56 GMT+0200 (CEST);Tue Oct 08 2019 14:04:56 GMT+0200 (CEST);1570543496000;0.4;75.04;12.93
1380556831572750;21.5;33.4;Tue Oct 08 2019 16:06:49 GMT+0200 (CEST);Tue Oct 08 2019 14:06:49 GMT+0200 (CEST);1570543609000;0.43;82.98;12.92
1380556831572750;21.5;33.2;Tue Oct 08 2019 16:08:42 GMT+0200 (CEST);Tue Oct 08 2019 14:08:42 GMT+0200 (CEST);1570543722000;0.49;99.63;13
1380556831572750;21.5;34.1;Tue Oct 08 2019 16:10:40 GMT+0200 (CEST);Tue Oct 08 2019 14:10:40 GMT+0200 (CEST);1570543840000;0.57;109.11;13.14
1380556831572750;21.5;33.9;Tue Oct 08 2019 16:12:37 GMT+0200 (CEST);Tue Oct 08 2019 14:12:37 GMT+0200 (CEST);1570543957000;0.59;113.18;13.2
1380556831572750;22;34.2;Tue Oct 08 2019 16:14:29 GMT+0200 (CEST);Tue Oct 08 2019 14:14:29 GMT+0200 (CEST);1570544069000;0.64;123.32;13.28
1380556831572750;22;34.1;Tue Oct 08 2019 16:16:23 GMT+0200 (CEST);Tue Oct 08 2019 14:16:23 GMT+0200 (CEST);1570544183000;0.68;132.78;13.32
1380556831572750;22;34.3;Tue Oct 08 2019 16:18:30 GMT+0200 (CEST);Tue Oct 08 2019 14:18:30 GMT+0200 (CEST);1570544310000;0.76;147.88;13.39
1380556831572750;22;34.2;Tue Oct 08 2019 16:20:23 GMT+0200 (CEST);Tue Oct 08 2019 14:20:23 GMT+0200 (CEST);1570544423000;0.54;105.27;13.42
1380556831572750;22;33.5;Tue Oct 08 2019 16:22:15 GMT+0200 (CEST);Tue Oct 08 2019 14:22:15 GMT+0200 (CEST);1570544535000;0.49;96.23;13.44
1380556831572750;23.5;33.4;Tue Oct 08 2019 16:24:20 GMT+0200 (CEST);Tue Oct 08 2019 14:24:20 GMT+0200 (CEST);1570544660000;0.44;88.21;13.46
1380556831572750;23.5;32.8;Tue Oct 08 2019 16:26:21 GMT+0200 (CEST);Tue Oct 08 2019 14:26:21 GMT+0200 (CEST);1570544781000;0.4;79.28;13.39
1380556831572750;22;33.2;Tue Oct 08 2019 16:28:20 GMT+0200 (CEST);Tue Oct 08 2019 14:28:20 GMT+0200 (CEST);1570544900000;0.46;91.06;13.38
1380556831572750;22;33.3;Tue Oct 08 2019 16:30:12 GMT+0200 (CEST);Tue Oct 08 2019 14:30:12 GMT+0200 (CEST);1570545012000;0.38;72.71;13.32
1380556831572750;22;32.9;Tue Oct 08 2019 16:32:11 GMT+0200 (CEST);Tue Oct 08 2019 14:32:11 GMT+0200 (CEST);1570545131000;0.47;94.36;13.33
1380556831572750;22;33.2;Tue Oct 08 2019 16:34:26 GMT+0200 (CEST);Tue Oct 08 2019 14:34:26 GMT+0200 (CEST);1570545266000;0.4;79.19;13.29
1380556831572750;22;32.6;Tue Oct 08 2019 16:36:19 GMT+0200 (CEST);Tue Oct 08 2019 14:36:19 GMT+0200 (CEST);1570545379000;0.37;71.94;13.24
1380556831572750;22;32.6;Tue Oct 08 2019 16:38:16 GMT+0200 (CEST);Tue Oct 08 2019 14:38:16 GMT+0200 (CEST);1570545496000;0.37;72.45;13.25
1380556831572750;22;32.6;Tue Oct 08 2019 16:40:09 GMT+0200 (CEST);Tue Oct 08 2019 14:40:09 GMT+0200 (CEST);1570545609000;0.32;61.93;13.19
1380556831572750;21.5;32.5;Tue Oct 08 2019 16:42:02 GMT+0200 (CEST);Tue Oct 08 2019 14:42:02 GMT+0200 (CEST);1570545722000;0.3;57.6;13.16
1380556831572750;21.5;32.3;Tue Oct 08 2019 16:44:02 GMT+0200 (CEST);Tue Oct 08 2019 14:44:02 GMT+0200 (CEST);1570545842000;0.28;57.53;13.17
1380556831572750;21.5;32.3;Tue Oct 08 2019 16:46:00 GMT+0200 (CEST);Tue Oct 08 2019 14:46:00 GMT+0200 (CEST);1570545960000;0.31;59.51;13.21
1380556831572750;21.5;32.5;Tue Oct 08 2019 16:47:56 GMT+0200 (CEST);Tue Oct 08 2019 14:47:56 GMT+0200 (CEST);1570546076000;0.25;50.77;13.21
1380556831572750;21.5;32.3;Tue Oct 08 2019 16:50:13 GMT+0200 (CEST);Tue Oct 08 2019 14:50:13 GMT+0200 (CEST);1570546213000;0.24;47.83;13.17
1380556831572750;21.5;32.1;Tue Oct 08 2019 16:52:12 GMT+0200 (CEST);Tue Oct 08 2019 14:52:12 GMT+0200 (CEST);1570546332000;0.25;47.85;13.17
1380556831572750;21.5;31.9;Tue Oct 08 2019 16:54:19 GMT+0200 (CEST);Tue Oct 08 2019 14:54:19 GMT+0200 (CEST);1570546459000;0.22;43.2;13.15
1380556831572750;21.5;31.8;Tue Oct 08 2019 16:56:11 GMT+0200 (CEST);Tue Oct 08 2019 14:56:11 GMT+0200 (CEST);1570546571000;0.23;44.7;13.11
1380556831572750;21.5;31.7;Tue Oct 08 2019 16:58:04 GMT+0200 (CEST);Tue Oct 08 2019 14:58:04 GMT+0200 (CEST);1570546684000;0.2;39.79;13.09
1380556831572750;21.5;31.3;Tue Oct 08 2019 16:59:58 GMT+0200 (CEST);Tue Oct 08 2019 14:59:58 GMT+0200 (CEST);1570546798000;0.2;39.87;13.07
1380556831572750;21.5;31.4;Tue Oct 08 2019 17:01:55 GMT+0200 (CEST);Tue Oct 08 2019 15:01:55 GMT+0200 (CEST);1570546915000;0.17;35.1;13.03
1380556831572750;21.5;31.1;Tue Oct 08 2019 17:03:49 GMT+0200 (CEST);Tue Oct 08 2019 15:03:49 GMT+0200 (CEST);1570547029000;0.15;30.72;13.01
1380556831572750;21.5;31.4;Tue Oct 08 2019 17:05:49 GMT+0200 (CEST);Tue Oct 08 2019 15:05:49 GMT+0200 (CEST);1570547149000;0.15;30.82;12.96
1380556831572750;19.9;31.3;Tue Oct 08 2019 17:07:42 GMT+0200 (CEST);Tue Oct 08 2019 15:07:42 GMT+0200 (CEST);1570547262000;0.16;31.87;13
1380556831572750;19.9;31.3;Tue Oct 08 2019 17:09:35 GMT+0200 (CEST);Tue Oct 08 2019 15:09:35 GMT+0200 (CEST);1570547375000;0.15;31.8;12.98
1380556831572750;19.9;31.3;Tue Oct 08 2019 17:11:28 GMT+0200 (CEST);Tue Oct 08 2019 15:11:28 GMT+0200 (CEST);1570547488000;0.14;30.2;12.98
1380556831572750;19.9;31.1;Tue Oct 08 2019 17:13:27 GMT+0200 (CEST);Tue Oct 08 2019 15:13:27 GMT+0200 (CEST);1570547607000;0.11;25.31;12.99
1380556831572750;19.9;30.8;Tue Oct 08 2019 17:15:21 GMT+0200 (CEST);Tue Oct 08 2019 15:15:21 GMT+0200 (CEST);1570547721000;0.1;21.69;12.99
1380556831572750;19.9;30.9;Tue Oct 08 2019 17:17:14 GMT+0200 (CEST);Tue Oct 08 2019 15:17:14 GMT+0200 (CEST);1570547834000;0.1;22.84;13
1380556831572750;19.9;30.8;Tue Oct 08 2019 17:19:10 GMT+0200 (CEST);Tue Oct 08 2019 15:19:10 GMT+0200 (CEST);1570547950000;0.1;22.06;13
1380556831572750;19.4;30.8;Tue Oct 08 2019 17:21:11 GMT+0200 (CEST);Tue Oct 08 2019 15:21:11 GMT+0200 (CEST);1570548071000;0.11;23.42;13
1380556831572750;19.4;31;Tue Oct 08 2019 17:23:15 GMT+0200 (CEST);Tue Oct 08 2019 15:23:15 GMT+0200 (CEST);1570548195000;0.1;22.5;13
1380556831572750;19.9;31;Tue Oct 08 2019 17:25:15 GMT+0200 (CEST);Tue Oct 08 2019 15:25:15 GMT+0200 (CEST);1570548315000;0.1;22.07;12.99
1380556831572750;19.9;30.8;Tue Oct 08 2019 17:27:08 GMT+0200 (CEST);Tue Oct 08 2019 15:27:08 GMT+0200 (CEST);1570548428000;0.08;18.24;12.99
1380556831572750;19.9;30.9;Tue Oct 08 2019 17:29:02 GMT+0200 (CEST);Tue Oct 08 2019 15:29:02 GMT+0200 (CEST);1570548542000;0;14.73;12.97
1380556831572750;19.9;31.4;Tue Oct 08 2019 17:30:55 GMT+0200 (CEST);Tue Oct 08 2019 15:30:55 GMT+0200 (CEST);1570548655000;0;13.03;12.98
1380556831572750;19.9;32.2;Tue Oct 08 2019 17:32:48 GMT+0200 (CEST);Tue Oct 08 2019 15:32:48 GMT+0200 (CEST);1570548768000;0.07;17.66;12.96
1380556831572750;19.9;31.7;Tue Oct 08 2019 17:34:41 GMT+0200 (CEST);Tue Oct 08 2019 15:34:41 GMT+0200 (CEST);1570548881000;0.09;17.9;12.96
1380556831572750;19.9;31.3;Tue Oct 08 2019 17:36:43 GMT+0200 (CEST);Tue Oct 08 2019 15:36:43 GMT+0200 (CEST);1570549003000;0;14.2;12.96
1380556831572750;19.9;32.4;Tue Oct 08 2019 17:38:36 GMT+0200 (CEST);Tue Oct 08 2019 15:38:36 GMT+0200 (CEST);1570549116000;0;14.33;12.96
1380556831572750;19.9;33.7;Tue Oct 08 2019 17:40:35 GMT+0200 (CEST);Tue Oct 08 2019 15:40:35 GMT+0200 (CEST);1570549235000;0;13.91;12.94
1380556831572750;19.9;33.8;Tue Oct 08 2019 17:42:29 GMT+0200 (CEST);Tue Oct 08 2019 15:42:29 GMT+0200 (CEST);1570549349000;0;14.08;12.93
1380556831572750;21.5;35.3;Tue Oct 08 2019 17:44:34 GMT+0200 (CEST);Tue Oct 08 2019 15:44:34 GMT+0200 (CEST);1570549474000;0;20.71;12.93
1380556831572750;21.5;36.7;Tue Oct 08 2019 17:46:27 GMT+0200 (CEST);Tue Oct 08 2019 15:46:27 GMT+0200 (CEST);1570549587000;0;19.07;12.94
1380556831572750;21.5;36;Tue Oct 08 2019 17:48:21 GMT+0200 (CEST);Tue Oct 08 2019 15:48:21 GMT+0200 (CEST);1570549701000;0;14.45;12.95
1380556831572750;22;35.4;Tue Oct 08 2019 17:50:14 GMT+0200 (CEST);Tue Oct 08 2019 15:50:14 GMT+0200 (CEST);1570549814000;0;14.54;12.92
1380556831572750;22;35.8;Tue Oct 08 2019 17:52:24 GMT+0200 (CEST);Tue Oct 08 2019 15:52:24 GMT+0200 (CEST);1570549944000;0;15.36;12.9
1380556831572750;22;35.8;Tue Oct 08 2019 17:54:17 GMT+0200 (CEST);Tue Oct 08 2019 15:54:17 GMT+0200 (CEST);1570550057000;0;16.43;12.89
1380556831572750;22;36.1;Tue Oct 08 2019 17:56:12 GMT+0200 (CEST);Tue Oct 08 2019 15:56:12 GMT+0200 (CEST);1570550172000;0;13.51;12.89
1380556831572750;22;34.9;Tue Oct 08 2019 17:58:11 GMT+0200 (CEST);Tue Oct 08 2019 15:58:11 GMT+0200 (CEST);1570550291000;0;8.93;12.88
1380556831572750;22;33.7;Tue Oct 08 2019 18:00:08 GMT+0200 (CEST);Tue Oct 08 2019 16:00:08 GMT+0200 (CEST);1570550408000;0;8.48;12.86
1380556831572750;22;32.6;Tue Oct 08 2019 18:02:01 GMT+0200 (CEST);Tue Oct 08 2019 16:02:01 GMT+0200 (CEST);1570550521000;0;8.97;12.85
1380556831572750;21.5;34.1;Tue Oct 08 2019 18:03:54 GMT+0200 (CEST);Tue Oct 08 2019 16:03:54 GMT+0200 (CEST);1570550634000;0;9.62;12.86
1380556831572750;21.5;34.9;Tue Oct 08 2019 18:05:47 GMT+0200 (CEST);Tue Oct 08 2019 16:05:47 GMT+0200 (CEST);1570550747000;0;10.77;12.85
1380556831572750;21.5;34.1;Tue Oct 08 2019 18:07:55 GMT+0200 (CEST);Tue Oct 08 2019 16:07:55 GMT+0200 (CEST);1570550875000;0;10.22;12.86
1380556831572750;21.5;32.4;Tue Oct 08 2019 18:09:47 GMT+0200 (CEST);Tue Oct 08 2019 16:09:47 GMT+0200 (CEST);1570550987000;0;8.13;12.85
1380556831572750;19.9;32.3;Tue Oct 08 2019 18:11:42 GMT+0200 (CEST);Tue Oct 08 2019 16:11:42 GMT+0200 (CEST);1570551102000;0;6.49;12.85
1380556831572750;19.9;30.2;Tue Oct 08 2019 18:13:35 GMT+0200 (CEST);Tue Oct 08 2019 16:13:35 GMT+0200 (CEST);1570551215000;0;5.8;12.82
1380556831572750;19.9;32;Tue Oct 08 2019 18:15:32 GMT+0200 (CEST);Tue Oct 08 2019 16:15:32 GMT+0200 (CEST);1570551332000;0;5.34;12.79
1380556831572750;19.4;31.4;Tue Oct 08 2019 18:17:27 GMT+0200 (CEST);Tue Oct 08 2019 16:17:27 GMT+0200 (CEST);1570551447000;0;4.4;12.78
1380556831572750;19.4;31.5;Tue Oct 08 2019 18:19:28 GMT+0200 (CEST);Tue Oct 08 2019 16:19:28 GMT+0200 (CEST);1570551568000;0;5.09;12.77
1380556831572750;19.4;31.6;Tue Oct 08 2019 18:21:22 GMT+0200 (CEST);Tue Oct 08 2019 16:21:22 GMT+0200 (CEST);1570551682000;0;4.72;12.75
1380556831572750;19.4;29.6;Tue Oct 08 2019 18:23:13 GMT+0200 (CEST);Tue Oct 08 2019 16:23:13 GMT+0200 (CEST);1570551793000;0;3.54;12.74
1380556831572750;16.9;25.8;Tue Oct 08 2019 18:25:08 GMT+0200 (CEST);Tue Oct 08 2019 16:25:08 GMT+0200 (CEST);1570551908000;0;1.77;12.73
1380556831572750;16.9;21.4;Tue Oct 08 2019 18:27:02 GMT+0200 (CEST);Tue Oct 08 2019 16:27:02 GMT+0200 (CEST);1570552022000;0;1.31;12.71
1380556831572750;16.9;21.4;Tue Oct 08 2019 18:28:55 GMT+0200 (CEST);Tue Oct 08 2019 16:28:55 GMT+0200 (CEST);1570552135000;0;1.53;12.71
1380556831572750;16.9;21.4;Tue Oct 08 2019 18:30:55 GMT+0200 (CEST);Tue Oct 08 2019 16:30:55 GMT+0200 (CEST);1570552255000;0;1.34;12.7
1380556831572750;9.9;28.2;Wed Oct 09 2019 07:40:41 GMT+0200 (CEST);Wed Oct 09 2019 05:40:41 GMT+0200 (CEST);1570599641000;0;11.03;8.75
1380556831572750;9.9;28.9;Wed Oct 09 2019 07:42:34 GMT+0200 (CEST);Wed Oct 09 2019 05:42:34 GMT+0200 (CEST);1570599754000;0;12.29;8.75
1380556831572750;11.9;29.4;Wed Oct 09 2019 07:44:31 GMT+0200 (CEST);Wed Oct 09 2019 05:44:31 GMT+0200 (CEST);1570599871000;0;14.34;8.78
1380556831572750;11.9;29.3;Wed Oct 09 2019 07:46:23 GMT+0200 (CEST);Wed Oct 09 2019 05:46:23 GMT+0200 (CEST);1570599983000;0.07;15.2;8.76
1380556831572750;11.9;26.9;Wed Oct 09 2019 07:48:16 GMT+0200 (CEST);Wed Oct 09 2019 05:48:16 GMT+0200 (CEST);1570600096000;0.07;16.46;8.81
1380556831572750;11.9;28.2;Wed Oct 09 2019 07:50:09 GMT+0200 (CEST);Wed Oct 09 2019 05:50:09 GMT+0200 (CEST);1570600209000;0.07;16.8;8.86
1380556831572750;11.9;26.5;Wed Oct 09 2019 07:51:59 GMT+0200 (CEST);Wed Oct 09 2019 05:51:59 GMT+0200 (CEST);1570600319000;0.08;17.5;8.89
1380556831572750;11.9;24.3;Wed Oct 09 2019 07:53:52 GMT+0200 (CEST);Wed Oct 09 2019 05:53:52 GMT+0200 (CEST);1570600432000;0.08;18.08;8.86
1380556831572750;11.9;22.8;Wed Oct 09 2019 07:55:45 GMT+0200 (CEST);Wed Oct 09 2019 05:55:45 GMT+0200 (CEST);1570600545000;0.09;19.57;8.85
1380556831572750;11.9;22.8;Wed Oct 09 2019 07:57:44 GMT+0200 (CEST);Wed Oct 09 2019 05:57:44 GMT+0200 (CEST);1570600664000;0.1;21.25;8.89
1380556831572750;11.9;23.1;Wed Oct 09 2019 07:59:53 GMT+0200 (CEST);Wed Oct 09 2019 05:59:53 GMT+0200 (CEST);1570600793000;0.1;20.4;8.89
1380556831572750;11.9;23.1;Wed Oct 09 2019 08:01:50 GMT+0200 (CEST);Wed Oct 09 2019 06:01:50 GMT+0200 (CEST);1570600910000;0.1;23.03;8.9
1380556831572750;9.9;23.2;Wed Oct 09 2019 08:03:43 GMT+0200 (CEST);Wed Oct 09 2019 06:03:43 GMT+0200 (CEST);1570601023000;0.11;24.83;8.92
1380556831572750;9.9;23;Wed Oct 09 2019 08:05:36 GMT+0200 (CEST);Wed Oct 09 2019 06:05:36 GMT+0200 (CEST);1570601136000;0.12;26.83;8.89
1380556831572750;9.9;23.1;Wed Oct 09 2019 08:07:48 GMT+0200 (CEST);Wed Oct 09 2019 06:07:48 GMT+0200 (CEST);1570601268000;0.14;28.75;8.87
1380556831572750;9.9;27.5;Wed Oct 09 2019 08:09:41 GMT+0200 (CEST);Wed Oct 09 2019 06:09:41 GMT+0200 (CEST);1570601381000;0.14;34.99;8.87
1380556831572750;9.9;31.3;Wed Oct 09 2019 08:11:38 GMT+0200 (CEST);Wed Oct 09 2019 06:11:38 GMT+0200 (CEST);1570601498000;0.15;41.21;8.92
1380556831572750;13.4;32;Wed Oct 09 2019 08:13:31 GMT+0200 (CEST);Wed Oct 09 2019 06:13:31 GMT+0200 (CEST);1570601611000;0.16;44.05;8.97
1380556831572750;13.4;32.1;Wed Oct 09 2019 08:15:32 GMT+0200 (CEST);Wed Oct 09 2019 06:15:32 GMT+0200 (CEST);1570601732000;0.16;44.71;9.04
1380556831572750;13.9;32.1;Wed Oct 09 2019 08:17:25 GMT+0200 (CEST);Wed Oct 09 2019 06:17:25 GMT+0200 (CEST);1570601845000;0.15;44.68;9.1
1380556831572750;13.9;32.4;Wed Oct 09 2019 08:19:21 GMT+0200 (CEST);Wed Oct 09 2019 06:19:21 GMT+0200 (CEST);1570601961000;0.16;86.48;9.16
1380556831572750;13.9;32.6;Wed Oct 09 2019 08:21:15 GMT+0200 (CEST);Wed Oct 09 2019 06:21:15 GMT+0200 (CEST);1570602075000;0.17;145.92;9.36
1380556831572750;15.4;33;Wed Oct 09 2019 08:23:22 GMT+0200 (CEST);Wed Oct 09 2019 06:23:22 GMT+0200 (CEST);1570602202000;0.17;143.07;9.73
1380556831572750;15.4;32.8;Wed Oct 09 2019 08:25:15 GMT+0200 (CEST);Wed Oct 09 2019 06:25:15 GMT+0200 (CEST);1570602315000;0.18;166.01;9.95
1380556831572750;15.4;33;Wed Oct 09 2019 08:27:09 GMT+0200 (CEST);Wed Oct 09 2019 06:27:09 GMT+0200 (CEST);1570602429000;0.18;183.69;10.21
1380556831572750;15.4;32.6;Wed Oct 09 2019 08:29:08 GMT+0200 (CEST);Wed Oct 09 2019 06:29:08 GMT+0200 (CEST);1570602548000;0.17;95.13;10.43
1380556831572750;15.4;32.6;Wed Oct 09 2019 08:31:01 GMT+0200 (CEST);Wed Oct 09 2019 06:31:01 GMT+0200 (CEST);1570602661000;0.21;52.72;10.33
1380556831572750;15.4;33.4;Wed Oct 09 2019 08:32:54 GMT+0200 (CEST);Wed Oct 09 2019 06:32:54 GMT+0200 (CEST);1570602774000;0.26;244.29;10.3
1380556831572750;15.4;34.6;Wed Oct 09 2019 08:34:49 GMT+0200 (CEST);Wed Oct 09 2019 06:34:49 GMT+0200 (CEST);1570602889000;0.26;245.72;10.7
1380556831572750;15.9;34.8;Wed Oct 09 2019 08:36:42 GMT+0200 (CEST);Wed Oct 09 2019 06:36:42 GMT+0200 (CEST);1570603002000;0.25;250.14;11.07
1380556831572750;15.9;35.2;Wed Oct 09 2019 08:38:39 GMT+0200 (CEST);Wed Oct 09 2019 06:38:39 GMT+0200 (CEST);1570603119000;0.22;260.15;11.32
1380556831572750;15.9;34.3;Wed Oct 09 2019 08:40:33 GMT+0200 (CEST);Wed Oct 09 2019 06:40:33 GMT+0200 (CEST);1570603233000;0.19;119.86;11.62
1380556831572750;15.9;33.9;Wed Oct 09 2019 08:42:26 GMT+0200 (CEST);Wed Oct 09 2019 06:42:26 GMT+0200 (CEST);1570603346000;0.19;169.39;11.67
1380556831572750;15.9;34.6;Wed Oct 09 2019 08:44:24 GMT+0200 (CEST);Wed Oct 09 2019 06:44:24 GMT+0200 (CEST);1570603464000;0.22;251.35;11.94
1380556831572750;16.9;34.6;Wed Oct 09 2019 08:46:17 GMT+0200 (CEST);Wed Oct 09 2019 06:46:17 GMT+0200 (CEST);1570603577000;0.22;254.45;12.27
1380556831572750;16.9;34.5;Wed Oct 09 2019 08:48:11 GMT+0200 (CEST);Wed Oct 09 2019 06:48:11 GMT+0200 (CEST);1570603691000;0.25;235.44;12.55
1380556831572750;16.9;34;Wed Oct 09 2019 08:50:08 GMT+0200 (CEST);Wed Oct 09 2019 06:50:08 GMT+0200 (CEST);1570603808000;0.28;248.02;12.81
1380556831572750;15.9;34.1;Wed Oct 09 2019 08:52:01 GMT+0200 (CEST);Wed Oct 09 2019 06:52:01 GMT+0200 (CEST);1570603921000;0.32;318.77;13.08
1380556831572750;15.9;34.2;Wed Oct 09 2019 08:54:10 GMT+0200 (CEST);Wed Oct 09 2019 06:54:10 GMT+0200 (CEST);1570604050000;0.34;332.79;13.3
1380556831572750;15.9;25.7;Wed Oct 09 2019 08:56:03 GMT+0200 (CEST);Wed Oct 09 2019 06:56:03 GMT+0200 (CEST);1570604163000;0.37;234.57;13.48
1380556831572750;15.9;25.7;Wed Oct 09 2019 08:57:59 GMT+0200 (CEST);Wed Oct 09 2019 06:57:59 GMT+0200 (CEST);1570604279000;0.4;286.39;13.48
1380556831572750;15.9;26.9;Wed Oct 09 2019 08:59:51 GMT+0200 (CEST);Wed Oct 09 2019 06:59:51 GMT+0200 (CEST);1570604391000;0.42;271.4;13.46
1380556831572750;13.9;29.5;Wed Oct 09 2019 09:01:51 GMT+0200 (CEST);Wed Oct 09 2019 07:01:51 GMT+0200 (CEST);1570604511000;0.46;316.68;13.49
1380556831572750;13.9;33.3;Wed Oct 09 2019 09:03:52 GMT+0200 (CEST);Wed Oct 09 2019 07:03:52 GMT+0200 (CEST);1570604632000;0.47;207.67;13.46
1380556831572750;15.9;33.4;Wed Oct 09 2019 09:05:47 GMT+0200 (CEST);Wed Oct 09 2019 07:05:47 GMT+0200 (CEST);1570604747000;0.52;227.35;13.35
1380556831572750;15.9;33.2;Wed Oct 09 2019 09:07:41 GMT+0200 (CEST);Wed Oct 09 2019 07:07:41 GMT+0200 (CEST);1570604861000;0.55;340.47;13.4
1380556831572750;16.9;33.3;Wed Oct 09 2019 09:09:56 GMT+0200 (CEST);Wed Oct 09 2019 07:09:56 GMT+0200 (CEST);1570604996000;0.48;148.78;13.5
1380556831572750;16.9;32.5;Wed Oct 09 2019 09:11:49 GMT+0200 (CEST);Wed Oct 09 2019 07:11:49 GMT+0200 (CEST);1570605109000;0.51;292.31;13.45
1380556831572750;16.9;32.9;Wed Oct 09 2019 09:13:44 GMT+0200 (CEST);Wed Oct 09 2019 07:13:44 GMT+0200 (CEST);1570605224000;0.5;299.35;13.5
1380556831572750;16.9;33.6;Wed Oct 09 2019 09:15:37 GMT+0200 (CEST);Wed Oct 09 2019 07:15:37 GMT+0200 (CEST);1570605337000;0.48;288.61;13.64
1380556831572750;16.9;35.6;Wed Oct 09 2019 09:18:02 GMT+0200 (CEST);Wed Oct 09 2019 07:18:02 GMT+0200 (CEST);1570605482000;0.46;240.12;13.63
1380556831572750;19.4;37.8;Wed Oct 09 2019 09:19:54 GMT+0200 (CEST);Wed Oct 09 2019 07:19:54 GMT+0200 (CEST);1570605594000;0.42;184.74;13.53
1380556831572750;19.4;38.4;Wed Oct 09 2019 09:21:51 GMT+0200 (CEST);Wed Oct 09 2019 07:21:51 GMT+0200 (CEST);1570605711000;0.4;141.03;13.34
1380556831572750;19.4;40.2;Wed Oct 09 2019 09:23:48 GMT+0200 (CEST);Wed Oct 09 2019 07:23:48 GMT+0200 (CEST);1570605828000;0.74;286.52;13.22
1380556831572750;22;37;Wed Oct 09 2019 09:26:01 GMT+0200 (CEST);Wed Oct 09 2019 07:26:01 GMT+0200 (CEST);1570605961000;0.7;233;13.43
1380556831572750;22;36.8;Wed Oct 09 2019 09:27:53 GMT+0200 (CEST);Wed Oct 09 2019 07:27:53 GMT+0200 (CEST);1570606073000;0.97;252.82;13.6
1380556831572750;22;36.7;Wed Oct 09 2019 09:29:46 GMT+0200 (CEST);Wed Oct 09 2019 07:29:46 GMT+0200 (CEST);1570606186000;1.78;394.23;13.75
1380556831572750;22;36.7;Wed Oct 09 2019 09:31:48 GMT+0200 (CEST);Wed Oct 09 2019 07:31:48 GMT+0200 (CEST);1570606308000;2.06;465.91;14.2
1380556831572750;22;36;Wed Oct 09 2019 09:33:41 GMT+0200 (CEST);Wed Oct 09 2019 07:33:41 GMT+0200 (CEST);1570606421000;2.07;471.03;14.7
1380556831572750;23.5;35.7;Wed Oct 09 2019 09:35:37 GMT+0200 (CEST);Wed Oct 09 2019 07:35:37 GMT+0200 (CEST);1570606537000;2.14;486.39;15.19
1380556831572750;23.5;35.2;Wed Oct 09 2019 09:37:31 GMT+0200 (CEST);Wed Oct 09 2019 07:37:31 GMT+0200 (CEST);1570606651000;2.11;463.35;15.51
1380556831572750;24;35.1;Wed Oct 09 2019 09:39:29 GMT+0200 (CEST);Wed Oct 09 2019 07:39:29 GMT+0200 (CEST);1570606769000;1.68;381.43;15.62
1380556831572750;24;35.3;Wed Oct 09 2019 09:41:21 GMT+0200 (CEST);Wed Oct 09 2019 07:41:21 GMT+0200 (CEST);1570606881000;2.13;419.83;15.57
1380556831572750;24;35;Wed Oct 09 2019 09:43:14 GMT+0200 (CEST);Wed Oct 09 2019 07:43:14 GMT+0200 (CEST);1570606994000;1.13;240.31;15.5
1380556831572750;24;34.7;Wed Oct 09 2019 09:45:07 GMT+0200 (CEST);Wed Oct 09 2019 07:45:07 GMT+0200 (CEST);1570607107000;1.31;272.44;15.31
1380556831572750;24;34.7;Wed Oct 09 2019 09:46:59 GMT+0200 (CEST);Wed Oct 09 2019 07:46:59 GMT+0200 (CEST);1570607219000;1.93;308.03;15.19
1380556831572750;25.5;34.7;Wed Oct 09 2019 09:48:52 GMT+0200 (CEST);Wed Oct 09 2019 07:48:52 GMT+0200 (CEST);1570607332000;1.83;422.39;15.19
1380556831572750;25.5;35.3;Wed Oct 09 2019 09:50:47 GMT+0200 (CEST);Wed Oct 09 2019 07:50:47 GMT+0200 (CEST);1570607447000;2.74;604.15;15.21
1380556831572750;25.5;35.1;Wed Oct 09 2019 09:52:39 GMT+0200 (CEST);Wed Oct 09 2019 07:52:39 GMT+0200 (CEST);1570607559000;0.91;196.11;15.23
1380556831572750;25.5;34.3;Wed Oct 09 2019 09:54:42 GMT+0200 (CEST);Wed Oct 09 2019 07:54:42 GMT+0200 (CEST);1570607682000;1.88;389.11;15.14
1380556831572750;26;35.1;Wed Oct 09 2019 09:56:35 GMT+0200 (CEST);Wed Oct 09 2019 07:56:35 GMT+0200 (CEST);1570607795000;1.07;218.51;15.21
1380556831572750;26;34.8;Wed Oct 09 2019 09:58:32 GMT+0200 (CEST);Wed Oct 09 2019 07:58:32 GMT+0200 (CEST);1570607912000;1.2;220.35;15.19
1380556831572750;26;34.1;Wed Oct 09 2019 10:00:25 GMT+0200 (CEST);Wed Oct 09 2019 08:00:25 GMT+0200 (CEST);1570608025000;0.81;158.16;15.02
1380556831572750;26;33.8;Wed Oct 09 2019 10:02:18 GMT+0200 (CEST);Wed Oct 09 2019 08:02:18 GMT+0200 (CEST);1570608138000;0.73;138.2;14.81
1380556831572750;26;33.7;Wed Oct 09 2019 10:04:27 GMT+0200 (CEST);Wed Oct 09 2019 08:04:27 GMT+0200 (CEST);1570608267000;0.69;131.17;14.6
1380556831572750;25.5;33.7;Wed Oct 09 2019 10:06:20 GMT+0200 (CEST);Wed Oct 09 2019 08:06:20 GMT+0200 (CEST);1570608380000;0.68;128.94;14.31
1380556831572750;25.5;33.8;Wed Oct 09 2019 10:08:14 GMT+0200 (CEST);Wed Oct 09 2019 08:08:14 GMT+0200 (CEST);1570608494000;0.68;131.63;14.14
1380556831572750;25.5;34.1;Wed Oct 09 2019 10:10:08 GMT+0200 (CEST);Wed Oct 09 2019 08:10:08 GMT+0200 (CEST);1570608608000;0.73;140.28;14.03
1380556831572750;24;34.2;Wed Oct 09 2019 10:12:01 GMT+0200 (CEST);Wed Oct 09 2019 08:12:01 GMT+0200 (CEST);1570608721000;0.73;142.8;13.94
1380556831572750;24;34.2;Wed Oct 09 2019 10:13:54 GMT+0200 (CEST);Wed Oct 09 2019 08:13:54 GMT+0200 (CEST);1570608834000;0.8;159.4;13.88
1380556831572750;24;34.5;Wed Oct 09 2019 10:15:47 GMT+0200 (CEST);Wed Oct 09 2019 08:15:47 GMT+0200 (CEST);1570608947000;0.88;176.7;13.85
1380556831572750;24;35.4;Wed Oct 09 2019 10:17:43 GMT+0200 (CEST);Wed Oct 09 2019 08:17:43 GMT+0200 (CEST);1570609063000;1.16;238.37;13.96
1380556831572750;24;34.7;Wed Oct 09 2019 10:19:48 GMT+0200 (CEST);Wed Oct 09 2019 08:19:48 GMT+0200 (CEST);1570609188000;1.09;232.5;14
1380556831572750;24;35.1;Wed Oct 09 2019 10:22:05 GMT+0200 (CEST);Wed Oct 09 2019 08:22:05 GMT+0200 (CEST);1570609325000;1.27;265.26;14.11
1380556831572750;24;35.2;Wed Oct 09 2019 10:23:59 GMT+0200 (CEST);Wed Oct 09 2019 08:23:59 GMT+0200 (CEST);1570609439000;1.39;294.29;14.27
1380556831572750;25;34.9;Wed Oct 09 2019 10:25:53 GMT+0200 (CEST);Wed Oct 09 2019 08:25:53 GMT+0200 (CEST);1570609553000;1.48;294.72;14.39
1380556831572750;25;35.1;Wed Oct 09 2019 10:27:47 GMT+0200 (CEST);Wed Oct 09 2019 08:27:47 GMT+0200 (CEST);1570609667000;2.66;568.31;14.53
1380556831572750;26;35.8;Wed Oct 09 2019 10:29:39 GMT+0200 (CEST);Wed Oct 09 2019 08:29:39 GMT+0200 (CEST);1570609779000;3.37;716.2;15.14
1380556831572750;26;35.3;Wed Oct 09 2019 10:31:37 GMT+0200 (CEST);Wed Oct 09 2019 08:31:37 GMT+0200 (CEST);1570609897000;2.57;545.27;15.82
1380556831572750;26;34.6;Wed Oct 09 2019 10:33:29 GMT+0200 (CEST);Wed Oct 09 2019 08:33:29 GMT+0200 (CEST);1570610009000;1.64;340.47;16.06
1380556831572750;27.5;34.4;Wed Oct 09 2019 10:35:23 GMT+0200 (CEST);Wed Oct 09 2019 08:35:23 GMT+0200 (CEST);1570610123000;1.14;247.28;16.14
1380556831572750;27.5;34.1;Wed Oct 09 2019 10:37:16 GMT+0200 (CEST);Wed Oct 09 2019 08:37:16 GMT+0200 (CEST);1570610236000;1;206.25;16.03
1380556831572750;27.5;34;Wed Oct 09 2019 10:39:10 GMT+0200 (CEST);Wed Oct 09 2019 08:39:10 GMT+0200 (CEST);1570610350000;1.01;204.34;15.83
1380556831572750;27.5;34.1;Wed Oct 09 2019 10:41:03 GMT+0200 (CEST);Wed Oct 09 2019 08:41:03 GMT+0200 (CEST);1570610463000;1.14;234.82;15.73
1380556831572750;27.5;34.3;Wed Oct 09 2019 10:42:56 GMT+0200 (CEST);Wed Oct 09 2019 08:42:56 GMT+0200 (CEST);1570610576000;1.17;230.67;15.53
1380556831572750;27.5;34.4;Wed Oct 09 2019 10:44:49 GMT+0200 (CEST);Wed Oct 09 2019 08:44:49 GMT+0200 (CEST);1570610689000;1.06;207.24;15.42
1380556831572750;27.5;34.2;Wed Oct 09 2019 10:46:47 GMT+0200 (CEST);Wed Oct 09 2019 08:46:47 GMT+0200 (CEST);1570610807000;0.97;187.92;15.28
1380556831572750;26.5;34.2;Wed Oct 09 2019 10:48:41 GMT+0200 (CEST);Wed Oct 09 2019 08:48:41 GMT+0200 (CEST);1570610921000;0.96;188.36;15.08
1380556831572750;26.5;34.4;Wed Oct 09 2019 10:50:40 GMT+0200 (CEST);Wed Oct 09 2019 08:50:40 GMT+0200 (CEST);1570611040000;1.08;215.38;15
1380556831572750;26.5;34.5;Wed Oct 09 2019 10:52:32 GMT+0200 (CEST);Wed Oct 09 2019 08:52:32 GMT+0200 (CEST);1570611152000;1.08;215.48;15.01
1380556831572750;27.5;34.7;Wed Oct 09 2019 10:54:29 GMT+0200 (CEST);Wed Oct 09 2019 08:54:29 GMT+0200 (CEST);1570611269000;1.48;409.59;15.03
1380556831572750;27.5;35.3;Wed Oct 09 2019 10:56:21 GMT+0200 (CEST);Wed Oct 09 2019 08:56:21 GMT+0200 (CEST);1570611381000;3;627.19;15.42
1380556831572750;27.5;35.1;Wed Oct 09 2019 10:58:19 GMT+0200 (CEST);Wed Oct 09 2019 08:58:19 GMT+0200 (CEST);1570611499000;4.16;872.42;16.05
1380556831572750;27.5;34.4;Wed Oct 09 2019 11:00:11 GMT+0200 (CEST);Wed Oct 09 2019 09:00:11 GMT+0200 (CEST);1570611611000;1.28;289.58;16.74
1380556831572750;27.5;33.6;Wed Oct 09 2019 11:02:04 GMT+0200 (CEST);Wed Oct 09 2019 09:02:04 GMT+0200 (CEST);1570611724000;1.15;266.57;16.71
1380556831572750;29.5;33.8;Wed Oct 09 2019 11:03:57 GMT+0200 (CEST);Wed Oct 09 2019 09:03:57 GMT+0200 (CEST);1570611837000;0.72;154.25;16.61
1380556831572750;29.5;33.3;Wed Oct 09 2019 11:05:52 GMT+0200 (CEST);Wed Oct 09 2019 09:05:52 GMT+0200 (CEST);1570611952000;0.65;145.77;16.2
1380556831572750;29.5;33.4;Wed Oct 09 2019 11:07:45 GMT+0200 (CEST);Wed Oct 09 2019 09:07:45 GMT+0200 (CEST);1570612065000;0.55;130.29;15.87
1380556831572750;29.5;35.3;Wed Oct 09 2019 11:09:39 GMT+0200 (CEST);Wed Oct 09 2019 09:09:39 GMT+0200 (CEST);1570612179000;1.42;224.21;15.94
1380556831572750;29.5;34.3;Wed Oct 09 2019 11:11:32 GMT+0200 (CEST);Wed Oct 09 2019 09:11:32 GMT+0200 (CEST);1570612292000;1.59;409.59;16.07
1380556831572750;29.5;35.1;Wed Oct 09 2019 11:13:25 GMT+0200 (CEST);Wed Oct 09 2019 09:13:25 GMT+0200 (CEST);1570612405000;2.55;468.47;16.32
1380556831572750;29.5;35.6;Wed Oct 09 2019 11:15:18 GMT+0200 (CEST);Wed Oct 09 2019 09:15:18 GMT+0200 (CEST);1570612518000;1.61;283.58;16.66
1380556831572750;29.5;32.8;Wed Oct 09 2019 11:17:14 GMT+0200 (CEST);Wed Oct 09 2019 09:17:14 GMT+0200 (CEST);1570612634000;0.69;134.15;16.49
1380556831572750;29.5;33.9;Wed Oct 09 2019 11:19:15 GMT+0200 (CEST);Wed Oct 09 2019 09:19:15 GMT+0200 (CEST);1570612755000;1.12;229.91;16.2
1380556831572750;29.5;35.4;Wed Oct 09 2019 11:21:07 GMT+0200 (CEST);Wed Oct 09 2019 09:21:07 GMT+0200 (CEST);1570612867000;2.9;414.71;16.39
1380556831572750;29.5;34.1;Wed Oct 09 2019 11:23:00 GMT+0200 (CEST);Wed Oct 09 2019 09:23:00 GMT+0200 (CEST);1570612980000;0.85;202.56;16.32
1380556831572750;29.5;32.3;Wed Oct 09 2019 11:24:53 GMT+0200 (CEST);Wed Oct 09 2019 09:24:53 GMT+0200 (CEST);1570613093000;0.43;95.72;15.96
1380556831572750;29.5;33.5;Wed Oct 09 2019 11:26:48 GMT+0200 (CEST);Wed Oct 09 2019 09:26:48 GMT+0200 (CEST);1570613208000;1.83;471.03;15.68
1380556831572750;29.5;35.6;Wed Oct 09 2019 11:28:41 GMT+0200 (CEST);Wed Oct 09 2019 09:28:41 GMT+0200 (CEST);1570613321000;4.23;914.35;16.32
1380556831572750;29.5;34.6;Wed Oct 09 2019 11:30:35 GMT+0200 (CEST);Wed Oct 09 2019 09:30:35 GMT+0200 (CEST);1570613435000;3.34;792.59;17.32
1380556831572750;30;34.8;Wed Oct 09 2019 11:32:28 GMT+0200 (CEST);Wed Oct 09 2019 09:32:28 GMT+0200 (CEST);1570613548000;1.23;381.43;17.67
1380556831572750;30;33.1;Wed Oct 09 2019 11:34:28 GMT+0200 (CEST);Wed Oct 09 2019 09:34:28 GMT+0200 (CEST);1570613668000;0.79;148.75;17.54
1380556831572750;31.5;33.5;Wed Oct 09 2019 11:36:20 GMT+0200 (CEST);Wed Oct 09 2019 09:36:20 GMT+0200 (CEST);1570613780000;1.08;246.05;17.39
1380556831572750;31.5;35.3;Wed Oct 09 2019 11:38:14 GMT+0200 (CEST);Wed Oct 09 2019 09:38:14 GMT+0200 (CEST);1570613894000;2.46;619.51;17.42
1380556831572750;31.5;34.9;Wed Oct 09 2019 11:40:11 GMT+0200 (CEST);Wed Oct 09 2019 09:40:11 GMT+0200 (CEST);1570614011000;4.33;975.51;17.66
1380556831572750;31.5;34.7;Wed Oct 09 2019 11:42:08 GMT+0200 (CEST);Wed Oct 09 2019 09:42:08 GMT+0200 (CEST);1570614128000;3;634.87;18.38
1380556831572750;31.5;34.5;Wed Oct 09 2019 11:44:05 GMT+0200 (CEST);Wed Oct 09 2019 09:44:05 GMT+0200 (CEST);1570614245000;1.38;287.38;18.67
1380556831572750;33;33.8;Wed Oct 09 2019 11:45:59 GMT+0200 (CEST);Wed Oct 09 2019 09:45:59 GMT+0200 (CEST);1570614359000;3.01;622.07;18.54
1380556831572750;33;33.4;Wed Oct 09 2019 11:47:55 GMT+0200 (CEST);Wed Oct 09 2019 09:47:55 GMT+0200 (CEST);1570614475000;1.43;297.13;18.63
1380556831572750;33;34.2;Wed Oct 09 2019 11:49:48 GMT+0200 (CEST);Wed Oct 09 2019 09:49:48 GMT+0200 (CEST);1570614588000;2.52;412.15;18.6
1380556831572750;33;34.2;Wed Oct 09 2019 11:51:40 GMT+0200 (CEST);Wed Oct 09 2019 09:51:40 GMT+0200 (CEST);1570614700000;1.63;324.6;18.46
1380556831572750;33;34;Wed Oct 09 2019 11:53:33 GMT+0200 (CEST);Wed Oct 09 2019 09:53:33 GMT+0200 (CEST);1570614813000;2.35;558.07;18.28
1380556831572750;33;33.9;Wed Oct 09 2019 11:55:26 GMT+0200 (CEST);Wed Oct 09 2019 09:55:26 GMT+0200 (CEST);1570614926000;1.44;279.97;18.21
1380556831572750;33;33.6;Wed Oct 09 2019 11:57:20 GMT+0200 (CEST);Wed Oct 09 2019 09:57:20 GMT+0200 (CEST);1570615040000;1.09;217.19;17.98
1380556831572750;33;33.7;Wed Oct 09 2019 11:59:13 GMT+0200 (CEST);Wed Oct 09 2019 09:59:13 GMT+0200 (CEST);1570615153000;1.13;227.58;17.66
1380556831572750;33;34.1;Wed Oct 09 2019 12:01:10 GMT+0200 (CEST);Wed Oct 09 2019 10:01:10 GMT+0200 (CEST);1570615270000;1.68;371.19;17.33
1380556831572750;32;35.3;Wed Oct 09 2019 12:03:02 GMT+0200 (CEST);Wed Oct 09 2019 10:03:02 GMT+0200 (CEST);1570615382000;1.72;358.39;17.23
1380556831572750;32;34;Wed Oct 09 2019 12:04:57 GMT+0200 (CEST);Wed Oct 09 2019 10:04:57 GMT+0200 (CEST);1570615497000;1.03;197.84;17.01
1380556831572750;32;33.4;Wed Oct 09 2019 12:06:50 GMT+0200 (CEST);Wed Oct 09 2019 10:06:50 GMT+0200 (CEST);1570615610000;0.72;135.28;16.77
1380556831572750;31.5;33.2;Wed Oct 09 2019 12:09:22 GMT+0200 (CEST);Wed Oct 09 2019 10:09:22 GMT+0200 (CEST);1570615762000;0.61;114.54;16.32
1380556831572750;31.5;33.3;Wed Oct 09 2019 12:11:15 GMT+0200 (CEST);Wed Oct 09 2019 10:11:15 GMT+0200 (CEST);1570615875000;0.58;107.65;15.98
1380556831572750;29.5;33.4;Wed Oct 09 2019 12:13:09 GMT+0200 (CEST);Wed Oct 09 2019 10:13:09 GMT+0200 (CEST);1570615989000;0.61;118.47;15.74
1380556831572750;29.5;33.5;Wed Oct 09 2019 12:15:02 GMT+0200 (CEST);Wed Oct 09 2019 10:15:02 GMT+0200 (CEST);1570616102000;0.73;142.14;15.52
1380556831572750;28;34.1;Wed Oct 09 2019 12:16:55 GMT+0200 (CEST);Wed Oct 09 2019 10:16:55 GMT+0200 (CEST);1570616215000;0.76;144.61;15.37
1380556831572750;28;34.1;Wed Oct 09 2019 12:18:51 GMT+0200 (CEST);Wed Oct 09 2019 10:18:51 GMT+0200 (CEST);1570616331000;0.75;145.4;15.2
1380556831572750;28;34.1;Wed Oct 09 2019 12:20:45 GMT+0200 (CEST);Wed Oct 09 2019 10:20:45 GMT+0200 (CEST);1570616445000;0.83;167.1;15.12
1380556831572750;27.5;34.3;Wed Oct 09 2019 12:22:50 GMT+0200 (CEST);Wed Oct 09 2019 10:22:50 GMT+0200 (CEST);1570616570000;0.95;186.2;15.05
1380556831572750;27.5;34.2;Wed Oct 09 2019 12:24:52 GMT+0200 (CEST);Wed Oct 09 2019 10:24:52 GMT+0200 (CEST);1570616692000;0.8;155.18;14.97
1380556831572750;27.5;34;Wed Oct 09 2019 12:26:45 GMT+0200 (CEST);Wed Oct 09 2019 10:26:45 GMT+0200 (CEST);1570616805000;0.78;154.52;14.89
1380556831572750;27.5;34.2;Wed Oct 09 2019 12:28:38 GMT+0200 (CEST);Wed Oct 09 2019 10:28:38 GMT+0200 (CEST);1570616918000;0.9;174.45;14.91
1380556831572750;27.5;34.3;Wed Oct 09 2019 12:30:32 GMT+0200 (CEST);Wed Oct 09 2019 10:30:32 GMT+0200 (CEST);1570617032000;0.86;166.5;14.95
1380556831572750;26;34.3;Wed Oct 09 2019 12:32:24 GMT+0200 (CEST);Wed Oct 09 2019 10:32:24 GMT+0200 (CEST);1570617144000;0.85;163.66;14.99
1380556831572750;26;34.2;Wed Oct 09 2019 12:34:21 GMT+0200 (CEST);Wed Oct 09 2019 10:34:21 GMT+0200 (CEST);1570617261000;0.9;172.04;15
1380556831572750;26;34.2;Wed Oct 09 2019 12:36:13 GMT+0200 (CEST);Wed Oct 09 2019 10:36:13 GMT+0200 (CEST);1570617373000;0.92;174.57;15.06
1380556831572750;26;34.1;Wed Oct 09 2019 12:38:07 GMT+0200 (CEST);Wed Oct 09 2019 10:38:07 GMT+0200 (CEST);1570617487000;0.66;122.06;15.05
1380556831572750;26;33.4;Wed Oct 09 2019 12:40:02 GMT+0200 (CEST);Wed Oct 09 2019 10:40:02 GMT+0200 (CEST);1570617602000;0.49;92.78;14.91
1380556831572750;25.5;33.2;Wed Oct 09 2019 12:41:59 GMT+0200 (CEST);Wed Oct 09 2019 10:41:59 GMT+0200 (CEST);1570617719000;0.49;92.79;14.76
1380556831572750;25.5;33.3;Wed Oct 09 2019 12:43:52 GMT+0200 (CEST);Wed Oct 09 2019 10:43:52 GMT+0200 (CEST);1570617832000;0.54;100.84;14.66
1380556831572750;24;33.6;Wed Oct 09 2019 12:45:47 GMT+0200 (CEST);Wed Oct 09 2019 10:45:47 GMT+0200 (CEST);1570617947000;0.62;118.36;14.57
1380556831572750;24;34;Wed Oct 09 2019 12:47:40 GMT+0200 (CEST);Wed Oct 09 2019 10:47:40 GMT+0200 (CEST);1570618060000;0.65;121.72;14.52
1380556831572750;24;34;Wed Oct 09 2019 12:49:36 GMT+0200 (CEST);Wed Oct 09 2019 10:49:36 GMT+0200 (CEST);1570618176000;0.65;122.7;14.5
1380556831572750;24;33.8;Wed Oct 09 2019 12:51:29 GMT+0200 (CEST);Wed Oct 09 2019 10:51:29 GMT+0200 (CEST);1570618289000;0.59;113.33;14.5
1380556831572750;24;33.5;Wed Oct 09 2019 12:53:22 GMT+0200 (CEST);Wed Oct 09 2019 10:53:22 GMT+0200 (CEST);1570618402000;0.52;101.01;14.5
1380556831572750;24;33.6;Wed Oct 09 2019 12:55:34 GMT+0200 (CEST);Wed Oct 09 2019 10:55:34 GMT+0200 (CEST);1570618534000;0.6;114.79;14.5
1380556831572750;24;33.6;Wed Oct 09 2019 12:57:27 GMT+0200 (CEST);Wed Oct 09 2019 10:57:27 GMT+0200 (CEST);1570618647000;0.7;136.4;14.49
1380556831572750;24;34.3;Wed Oct 09 2019 12:59:19 GMT+0200 (CEST);Wed Oct 09 2019 10:59:19 GMT+0200 (CEST);1570618759000;0.94;179.9;14.55
1380556831572750;24;34.2;Wed Oct 09 2019 13:01:13 GMT+0200 (CEST);Wed Oct 09 2019 11:01:13 GMT+0200 (CEST);1570618873000;0.88;167.93;14.7
1380556831572750;24;34.2;Wed Oct 09 2019 13:03:22 GMT+0200 (CEST);Wed Oct 09 2019 11:03:22 GMT+0200 (CEST);1570619002000;0.74;143.01;14.85
1380556831572750;24;34.1;Wed Oct 09 2019 13:05:22 GMT+0200 (CEST);Wed Oct 09 2019 11:05:22 GMT+0200 (CEST);1570619122000;0.79;156.72;14.92
1380556831572750;24;34.4;Wed Oct 09 2019 13:07:15 GMT+0200 (CEST);Wed Oct 09 2019 11:07:15 GMT+0200 (CEST);1570619235000;1.1;212.83;15
1380556831572750;24;35.4;Wed Oct 09 2019 13:09:09 GMT+0200 (CEST);Wed Oct 09 2019 11:09:09 GMT+0200 (CEST);1570619349000;1.3;263.35;15.18
1380556831572750;25.5;34.7;Wed Oct 09 2019 13:11:02 GMT+0200 (CEST);Wed Oct 09 2019 11:11:02 GMT+0200 (CEST);1570619462000;1.08;213.84;15.34
1380556831572750;25.5;34.5;Wed Oct 09 2019 13:12:54 GMT+0200 (CEST);Wed Oct 09 2019 11:12:54 GMT+0200 (CEST);1570619574000;0.9;169.8;15.43
1380556831572750;25.5;34;Wed Oct 09 2019 13:14:48 GMT+0200 (CEST);Wed Oct 09 2019 11:14:48 GMT+0200 (CEST);1570619688000;0.67;122.75;15.42
1380556831572750;25.5;33.3;Wed Oct 09 2019 13:16:42 GMT+0200 (CEST);Wed Oct 09 2019 11:16:42 GMT+0200 (CEST);1570619802000;0.51;96.1;15.26
1380556831572750;25.5;33;Wed Oct 09 2019 13:18:56 GMT+0200 (CEST);Wed Oct 09 2019 11:18:56 GMT+0200 (CEST);1570619936000;0.39;72.86;14.99
1380556831572750;24;33.1;Wed Oct 09 2019 13:20:58 GMT+0200 (CEST);Wed Oct 09 2019 11:20:58 GMT+0200 (CEST);1570620058000;0.42;77.54;14.82
1380556831572750;24;33.4;Wed Oct 09 2019 13:22:54 GMT+0200 (CEST);Wed Oct 09 2019 11:22:54 GMT+0200 (CEST);1570620174000;0.49;91.58;14.6
1380556831572750;24;33.7;Wed Oct 09 2019 13:24:48 GMT+0200 (CEST);Wed Oct 09 2019 11:24:48 GMT+0200 (CEST);1570620288000;0.5;94.55;14.5
1380556831572750;24;33.6;Wed Oct 09 2019 13:26:43 GMT+0200 (CEST);Wed Oct 09 2019 11:26:43 GMT+0200 (CEST);1570620403000;0.51;96.03;14.42
1380556831572750;24;34;Wed Oct 09 2019 13:28:38 GMT+0200 (CEST);Wed Oct 09 2019 11:28:38 GMT+0200 (CEST);1570620518000;0.63;119.27;14.38
1380556831572750;24;34.1;Wed Oct 09 2019 13:32:20 GMT+0200 (CEST);Wed Oct 09 2019 11:32:20 GMT+0200 (CEST);1570620740000;0.63;116.97;14.42
1380556831572750;24;33.7;Wed Oct 09 2019 13:35:09 GMT+0200 (CEST);Wed Oct 09 2019 11:35:09 GMT+0200 (CEST);1570620909000;0.55;101.26;14.29
1380556831572750;24;33.5;Wed Oct 09 2019 13:37:07 GMT+0200 (CEST);Wed Oct 09 2019 11:37:07 GMT+0200 (CEST);1570621027000;0.45;83.58;14.24
1380556831572750;23.5;33.5;Wed Oct 09 2019 13:39:01 GMT+0200 (CEST);Wed Oct 09 2019 11:39:01 GMT+0200 (CEST);1570621141000;0.42;76.57;14.16
1380556831572750;23.5;33;Wed Oct 09 2019 13:40:56 GMT+0200 (CEST);Wed Oct 09 2019 11:40:56 GMT+0200 (CEST);1570621256000;0.39;71.13;14.07
1380556831572750;23.5;33.1;Wed Oct 09 2019 13:42:48 GMT+0200 (CEST);Wed Oct 09 2019 11:42:48 GMT+0200 (CEST);1570621368000;0.36;66.37;13.99
1380556831572750;23.5;32.9;Wed Oct 09 2019 13:44:44 GMT+0200 (CEST);Wed Oct 09 2019 11:44:44 GMT+0200 (CEST);1570621484000;0.31;58.01;13.89
1380556831572750;23.5;32.7;Wed Oct 09 2019 13:46:38 GMT+0200 (CEST);Wed Oct 09 2019 11:46:38 GMT+0200 (CEST);1570621598000;0.31;59.03;13.78
1380556831572750;22;32.3;Wed Oct 09 2019 13:48:31 GMT+0200 (CEST);Wed Oct 09 2019 11:48:31 GMT+0200 (CEST);1570621711000;0.35;64.35;13.7
1380556831572750;22;32.6;Wed Oct 09 2019 13:50:32 GMT+0200 (CEST);Wed Oct 09 2019 11:50:32 GMT+0200 (CEST);1570621832000;0.33;59.2;13.62
1380556831572750;22;32.1;Wed Oct 09 2019 13:52:29 GMT+0200 (CEST);Wed Oct 09 2019 11:52:29 GMT+0200 (CEST);1570621949000;0.29;53.62;13.53
1380556831572750;22;32.6;Wed Oct 09 2019 13:54:42 GMT+0200 (CEST);Wed Oct 09 2019 11:54:42 GMT+0200 (CEST);1570622082000;0.28;52.18;13.46
1380556831572750;22;32.6;Wed Oct 09 2019 13:56:35 GMT+0200 (CEST);Wed Oct 09 2019 11:56:35 GMT+0200 (CEST);1570622195000;0.31;60.46;13.4
1380556831572750;22;33;Wed Oct 09 2019 13:58:28 GMT+0200 (CEST);Wed Oct 09 2019 11:58:28 GMT+0200 (CEST);1570622308000;0.41;78.89;13.4
1380556831572750;22;33.8;Wed Oct 09 2019 14:00:23 GMT+0200 (CEST);Wed Oct 09 2019 12:00:23 GMT+0200 (CEST);1570622423000;0.49;93.01;13.45
1380556831572750;22;33.9;Wed Oct 09 2019 14:02:15 GMT+0200 (CEST);Wed Oct 09 2019 12:02:15 GMT+0200 (CEST);1570622535000;0.54;100.87;13.5
1380556831572750;22;33.8;Wed Oct 09 2019 14:04:08 GMT+0200 (CEST);Wed Oct 09 2019 12:04:08 GMT+0200 (CEST);1570622648000;0.49;90.22;13.55
1380556831572750;22;33.5;Wed Oct 09 2019 14:06:18 GMT+0200 (CEST);Wed Oct 09 2019 12:06:18 GMT+0200 (CEST);1570622778000;0.42;79.06;13.61
1380556831572750;22;33;Wed Oct 09 2019 14:08:13 GMT+0200 (CEST);Wed Oct 09 2019 12:08:13 GMT+0200 (CEST);1570622893000;0.34;63.36;13.65
1380556831572750;22;32.4;Wed Oct 09 2019 14:10:07 GMT+0200 (CEST);Wed Oct 09 2019 12:10:07 GMT+0200 (CEST);1570623007000;0.28;51.37;13.62
1380556831572750;22;32.6;Wed Oct 09 2019 14:12:00 GMT+0200 (CEST);Wed Oct 09 2019 12:12:00 GMT+0200 (CEST);1570623120000;0.27;50.2;13.59
1380556831572750;22;32.7;Wed Oct 09 2019 14:13:55 GMT+0200 (CEST);Wed Oct 09 2019 12:13:55 GMT+0200 (CEST);1570623235000;0.3;55.69;13.56
1380556831572750;22;32.7;Wed Oct 09 2019 14:15:51 GMT+0200 (CEST);Wed Oct 09 2019 12:15:51 GMT+0200 (CEST);1570623351000;0.37;67.24;13.53
1380556831572750;21.5;33.1;Wed Oct 09 2019 14:17:45 GMT+0200 (CEST);Wed Oct 09 2019 12:17:45 GMT+0200 (CEST);1570623465000;0.44;83.74;13.53
1380556831572750;21.5;33.8;Wed Oct 09 2019 14:19:50 GMT+0200 (CEST);Wed Oct 09 2019 12:19:50 GMT+0200 (CEST);1570623590000;0.43;81.87;13.53
1380556831572750;21.5;33.4;Wed Oct 09 2019 14:21:53 GMT+0200 (CEST);Wed Oct 09 2019 12:21:53 GMT+0200 (CEST);1570623713000;0.42;79.3;13.51
1380556831572750;22;33.4;Wed Oct 09 2019 14:23:48 GMT+0200 (CEST);Wed Oct 09 2019 12:23:48 GMT+0200 (CEST);1570623828000;0.37;69.35;13.53
1380556831572750;22;32.5;Wed Oct 09 2019 14:25:44 GMT+0200 (CEST);Wed Oct 09 2019 12:25:44 GMT+0200 (CEST);1570623944000;0.3;57.16;13.5
1380556831572750;21.5;32;Wed Oct 09 2019 14:27:37 GMT+0200 (CEST);Wed Oct 09 2019 12:27:37 GMT+0200 (CEST);1570624057000;0.21;38.98;13.44
1380556831572750;21.5;31.3;Wed Oct 09 2019 14:29:34 GMT+0200 (CEST);Wed Oct 09 2019 12:29:34 GMT+0200 (CEST);1570624174000;0.17;31.74;13.36
1380556831572750;21.5;31.6;Wed Oct 09 2019 14:31:31 GMT+0200 (CEST);Wed Oct 09 2019 12:31:31 GMT+0200 (CEST);1570624291000;0.2;38.55;13.31
1380556831572750;21.5;32.4;Wed Oct 09 2019 14:33:24 GMT+0200 (CEST);Wed Oct 09 2019 12:33:24 GMT+0200 (CEST);1570624404000;0.33;60.96;13.27
1380556831572750;21.5;33.6;Wed Oct 09 2019 14:35:16 GMT+0200 (CEST);Wed Oct 09 2019 12:35:16 GMT+0200 (CEST);1570624516000;0.58;108.93;13.3
1380556831572750;21.5;34.3;Wed Oct 09 2019 14:38:00 GMT+0200 (CEST);Wed Oct 09 2019 12:38:00 GMT+0200 (CEST);1570624680000;0.59;110.2;13.45
1380556831572750;21.5;33.6;Wed Oct 09 2019 14:39:54 GMT+0200 (CEST);Wed Oct 09 2019 12:39:54 GMT+0200 (CEST);1570624794000;0.39;72.49;13.5
1380556831572750;21.5;32.8;Wed Oct 09 2019 14:41:47 GMT+0200 (CEST);Wed Oct 09 2019 12:41:47 GMT+0200 (CEST);1570624907000;0.36;69.19;13.52
1380556831572750;21.5;33.1;Wed Oct 09 2019 14:43:40 GMT+0200 (CEST);Wed Oct 09 2019 12:43:40 GMT+0200 (CEST);1570625020000;0.44;82.9;13.5
1380556831572750;22;33.5;Wed Oct 09 2019 14:45:35 GMT+0200 (CEST);Wed Oct 09 2019 12:45:35 GMT+0200 (CEST);1570625135000;0.46;88.94;13.53
1380556831572750;22;33.7;Wed Oct 09 2019 14:47:28 GMT+0200 (CEST);Wed Oct 09 2019 12:47:28 GMT+0200 (CEST);1570625248000;0.44;86.06;13.52
1380556831572750;22;33.4;Wed Oct 09 2019 14:49:23 GMT+0200 (CEST);Wed Oct 09 2019 12:49:23 GMT+0200 (CEST);1570625363000;0.43;81.8;13.52
1380556831572750;22;32.3;Wed Oct 09 2019 14:51:58 GMT+0200 (CEST);Wed Oct 09 2019 12:51:58 GMT+0200 (CEST);1570625518000;0.29;49;13.5
1380556831572750;22;31.6;Wed Oct 09 2019 14:53:54 GMT+0200 (CEST);Wed Oct 09 2019 12:53:54 GMT+0200 (CEST);1570625634000;0.19;34.09;13.43
1380556831572750;21.5;31.3;Wed Oct 09 2019 14:55:47 GMT+0200 (CEST);Wed Oct 09 2019 12:55:47 GMT+0200 (CEST);1570625747000;0.15;28.55;13.33
1380556831572750;21.5;31.4;Wed Oct 09 2019 14:57:46 GMT+0200 (CEST);Wed Oct 09 2019 12:57:46 GMT+0200 (CEST);1570625866000;0.13;25.74;13.21
1380556831572750;21.5;31.3;Wed Oct 09 2019 14:59:39 GMT+0200 (CEST);Wed Oct 09 2019 12:59:39 GMT+0200 (CEST);1570625979000;0.12;23.16;13.1
1380556831572750;21.5;31.3;Wed Oct 09 2019 15:01:34 GMT+0200 (CEST);Wed Oct 09 2019 13:01:34 GMT+0200 (CEST);1570626094000;0.12;24.36;13
1380556831572750;21.5;31.3;Wed Oct 09 2019 15:03:27 GMT+0200 (CEST);Wed Oct 09 2019 13:03:27 GMT+0200 (CEST);1570626207000;0.16;29.08;12.92
1380556831572750;19.9;31.3;Wed Oct 09 2019 15:05:46 GMT+0200 (CEST);Wed Oct 09 2019 13:05:46 GMT+0200 (CEST);1570626346000;0.18;33.91;12.82
1380556831572750;19.9;31.7;Wed Oct 09 2019 15:07:40 GMT+0200 (CEST);Wed Oct 09 2019 13:07:40 GMT+0200 (CEST);1570626460000;0.22;42.33;12.8
1380556831572750;19.9;32.5;Wed Oct 09 2019 15:09:33 GMT+0200 (CEST);Wed Oct 09 2019 13:09:33 GMT+0200 (CEST);1570626573000;0.28;50.28;12.8
1380556831572750;19.9;32.6;Wed Oct 09 2019 15:11:26 GMT+0200 (CEST);Wed Oct 09 2019 13:11:26 GMT+0200 (CEST);1570626686000;0.24;44.64;12.79
1380556831572750;19.9;32.4;Wed Oct 09 2019 15:13:19 GMT+0200 (CEST);Wed Oct 09 2019 13:13:19 GMT+0200 (CEST);1570626799000;0.25;48.83;12.78
1380556831572750;19.9;32.9;Wed Oct 09 2019 15:15:11 GMT+0200 (CEST);Wed Oct 09 2019 13:15:11 GMT+0200 (CEST);1570626911000;0.29;55.08;12.78
1380556831572750;19.9;32.6;Wed Oct 09 2019 15:17:04 GMT+0200 (CEST);Wed Oct 09 2019 13:17:04 GMT+0200 (CEST);1570627024000;0.28;52.56;12.79
1380556831572750;19.9;32.5;Wed Oct 09 2019 15:18:59 GMT+0200 (CEST);Wed Oct 09 2019 13:18:59 GMT+0200 (CEST);1570627139000;0.24;43.09;12.81
1380556831572750;19.9;32;Wed Oct 09 2019 15:20:51 GMT+0200 (CEST);Wed Oct 09 2019 13:20:51 GMT+0200 (CEST);1570627251000;0.18;34.69;12.82
1380556831572750;19.4;31.3;Wed Oct 09 2019 15:22:49 GMT+0200 (CEST);Wed Oct 09 2019 13:22:49 GMT+0200 (CEST);1570627369000;0.16;30.16;12.78
1380556831572750;19.4;31.1;Wed Oct 09 2019 15:24:47 GMT+0200 (CEST);Wed Oct 09 2019 13:24:47 GMT+0200 (CEST);1570627487000;0.17;32.64;12.75
1380556831572750;19.4;32.1;Wed Oct 09 2019 15:26:52 GMT+0200 (CEST);Wed Oct 09 2019 13:26:52 GMT+0200 (CEST);1570627612000;0.18;34.88;12.71
1380556831572750;19.4;31.5;Wed Oct 09 2019 15:28:48 GMT+0200 (CEST);Wed Oct 09 2019 13:28:48 GMT+0200 (CEST);1570627728000;0.2;37.07;12.67
1380556831572750;19.4;31.7;Wed Oct 09 2019 15:30:42 GMT+0200 (CEST);Wed Oct 09 2019 13:30:42 GMT+0200 (CEST);1570627842000;0.2;37.94;12.66
1380556831572750;19.4;31.7;Wed Oct 09 2019 15:32:35 GMT+0200 (CEST);Wed Oct 09 2019 13:32:35 GMT+0200 (CEST);1570627955000;0.21;38.28;12.64
1380556831572750;19.4;31.8;Wed Oct 09 2019 15:34:52 GMT+0200 (CEST);Wed Oct 09 2019 13:34:52 GMT+0200 (CEST);1570628092000;0.2;37.7;12.63
1380556831572750;19.4;31.9;Wed Oct 09 2019 15:36:45 GMT+0200 (CEST);Wed Oct 09 2019 13:36:45 GMT+0200 (CEST);1570628205000;0.19;34.88;12.61
1380556831572750;19.4;31.4;Wed Oct 09 2019 15:38:37 GMT+0200 (CEST);Wed Oct 09 2019 13:38:37 GMT+0200 (CEST);1570628317000;0.18;33.91;12.6
1380556831572750;19.4;31.5;Wed Oct 09 2019 15:40:31 GMT+0200 (CEST);Wed Oct 09 2019 13:40:31 GMT+0200 (CEST);1570628431000;0.18;33.56;12.58
1380556831572750;19.4;31.4;Wed Oct 09 2019 15:42:25 GMT+0200 (CEST);Wed Oct 09 2019 13:42:25 GMT+0200 (CEST);1570628545000;0.17;33.01;12.57
1380556831572750;19.4;31.3;Wed Oct 09 2019 15:44:21 GMT+0200 (CEST);Wed Oct 09 2019 13:44:21 GMT+0200 (CEST);1570628661000;0.16;28.82;12.55
1380556831572750;19.4;31.3;Wed Oct 09 2019 15:46:16 GMT+0200 (CEST);Wed Oct 09 2019 13:46:16 GMT+0200 (CEST);1570628776000;0.15;27.88;12.54
1380556831572750;19.4;31.3;Wed Oct 09 2019 15:48:30 GMT+0200 (CEST);Wed Oct 09 2019 13:48:30 GMT+0200 (CEST);1570628910000;0.19;36.78;12.53
1380556831572750;19.4;32.5;Wed Oct 09 2019 15:50:34 GMT+0200 (CEST);Wed Oct 09 2019 13:50:34 GMT+0200 (CEST);1570629034000;0.25;47.16;12.53
1380556831572750;19.4;32.4;Wed Oct 09 2019 15:52:35 GMT+0200 (CEST);Wed Oct 09 2019 13:52:35 GMT+0200 (CEST);1570629155000;0.24;44.94;12.57
1380556831572750;19.4;32;Wed Oct 09 2019 15:54:28 GMT+0200 (CEST);Wed Oct 09 2019 13:54:28 GMT+0200 (CEST);1570629268000;0.19;35.94;12.59
1380556831572750;19.9;31.7;Wed Oct 09 2019 15:56:25 GMT+0200 (CEST);Wed Oct 09 2019 13:56:25 GMT+0200 (CEST);1570629385000;0.15;29.49;12.61
1380556831572750;19.9;31.4;Wed Oct 09 2019 15:58:18 GMT+0200 (CEST);Wed Oct 09 2019 13:58:18 GMT+0200 (CEST);1570629498000;0.14;26.62;12.59
1380556831572750;19.9;31.3;Wed Oct 09 2019 16:00:11 GMT+0200 (CEST);Wed Oct 09 2019 14:00:11 GMT+0200 (CEST);1570629611000;0.13;25.65;12.57
1380556831572750;19.4;31.5;Wed Oct 09 2019 16:02:04 GMT+0200 (CEST);Wed Oct 09 2019 14:02:04 GMT+0200 (CEST);1570629724000;0.14;28.06;12.54
1380556831572750;19.4;31.8;Wed Oct 09 2019 16:03:56 GMT+0200 (CEST);Wed Oct 09 2019 14:03:56 GMT+0200 (CEST);1570629836000;0.17;31.97;12.52
1380556831572750;19.4;31.5;Wed Oct 09 2019 16:05:49 GMT+0200 (CEST);Wed Oct 09 2019 14:05:49 GMT+0200 (CEST);1570629949000;0.19;35.41;12.51
1380556831572750;19.4;31.6;Wed Oct 09 2019 16:07:42 GMT+0200 (CEST);Wed Oct 09 2019 14:07:42 GMT+0200 (CEST);1570630062000;0.17;32.13;12.51
1380556831572750;19.4;31.6;Wed Oct 09 2019 16:09:37 GMT+0200 (CEST);Wed Oct 09 2019 14:09:37 GMT+0200 (CEST);1570630177000;0.13;26.04;12.5
1380556831572750;19.4;31.3;Wed Oct 09 2019 16:11:30 GMT+0200 (CEST);Wed Oct 09 2019 14:11:30 GMT+0200 (CEST);1570630290000;0.12;25.23;12.48
1380556831572750;19.4;31.5;Wed Oct 09 2019 16:13:24 GMT+0200 (CEST);Wed Oct 09 2019 14:13:24 GMT+0200 (CEST);1570630404000;0.15;29.1;12.46
1380556831572750;19.4;31.4;Wed Oct 09 2019 16:15:17 GMT+0200 (CEST);Wed Oct 09 2019 14:15:17 GMT+0200 (CEST);1570630517000;0.16;30.59;12.42
1380556831572750;19.4;31.5;Wed Oct 09 2019 16:17:21 GMT+0200 (CEST);Wed Oct 09 2019 14:17:21 GMT+0200 (CEST);1570630641000;0.13;24.44;12.4
1380556831572750;19.4;31;Wed Oct 09 2019 16:19:15 GMT+0200 (CEST);Wed Oct 09 2019 14:19:15 GMT+0200 (CEST);1570630755000;0.09;18.69;12.37
1380556831572750;19.4;31;Wed Oct 09 2019 16:21:09 GMT+0200 (CEST);Wed Oct 09 2019 14:21:09 GMT+0200 (CEST);1570630869000;0.09;18.52;12.33
1380556831572750;19.4;31.1;Wed Oct 09 2019 16:23:01 GMT+0200 (CEST);Wed Oct 09 2019 14:23:01 GMT+0200 (CEST);1570630981000;0.1;20.75;12.32
1380556831572750;19.4;31.2;Wed Oct 09 2019 16:24:57 GMT+0200 (CEST);Wed Oct 09 2019 14:24:57 GMT+0200 (CEST);1570631097000;0.12;23.07;12.32
1380556831572750;19.4;31.2;Wed Oct 09 2019 16:26:55 GMT+0200 (CEST);Wed Oct 09 2019 14:26:55 GMT+0200 (CEST);1570631215000;0.15;28.84;12.3
1380556831572750;19.4;31.4;Wed Oct 09 2019 16:28:49 GMT+0200 (CEST);Wed Oct 09 2019 14:28:49 GMT+0200 (CEST);1570631329000;0.21;39.63;12.32
1380556831572750;19.4;31.7;Wed Oct 09 2019 16:30:42 GMT+0200 (CEST);Wed Oct 09 2019 14:30:42 GMT+0200 (CEST);1570631442000;0.2;35.23;12.35
1380556831572750;19.4;31.5;Wed Oct 09 2019 16:32:36 GMT+0200 (CEST);Wed Oct 09 2019 14:32:36 GMT+0200 (CEST);1570631556000;0.14;28.8;12.36
1380556831572750;19.4;31.3;Wed Oct 09 2019 16:34:38 GMT+0200 (CEST);Wed Oct 09 2019 14:34:38 GMT+0200 (CEST);1570631678000;0.16;32.17;12.36
1380556831572750;19.4;31.3;Wed Oct 09 2019 16:36:31 GMT+0200 (CEST);Wed Oct 09 2019 14:36:31 GMT+0200 (CEST);1570631791000;0.17;31.1;12.38
1380556831572750;19.4;31.3;Wed Oct 09 2019 16:38:33 GMT+0200 (CEST);Wed Oct 09 2019 14:38:33 GMT+0200 (CEST);1570631913000;0.13;24.06;12.36
1380556831572750;19.4;31.1;Wed Oct 09 2019 16:40:30 GMT+0200 (CEST);Wed Oct 09 2019 14:40:30 GMT+0200 (CEST);1570632030000;0.1;19.44;12.32
1380556831572750;19.4;31.2;Wed Oct 09 2019 16:42:23 GMT+0200 (CEST);Wed Oct 09 2019 14:42:23 GMT+0200 (CEST);1570632143000;0.09;17.43;12.23
1380556831572750;19.4;31.2;Wed Oct 09 2019 16:44:18 GMT+0200 (CEST);Wed Oct 09 2019 14:44:18 GMT+0200 (CEST);1570632258000;0.1;18.94;12.15
1380556831572750;19.4;31.2;Wed Oct 09 2019 16:46:12 GMT+0200 (CEST);Wed Oct 09 2019 14:46:12 GMT+0200 (CEST);1570632372000;0.1;19.93;12.04
1380556831572750;17.9;31;Wed Oct 09 2019 16:48:06 GMT+0200 (CEST);Wed Oct 09 2019 14:48:06 GMT+0200 (CEST);1570632486000;0.1;20.06;11.96
1380556831572750;17.9;31.2;Wed Oct 09 2019 16:50:30 GMT+0200 (CEST);Wed Oct 09 2019 14:50:30 GMT+0200 (CEST);1570632630000;0.1;19.92;11.77
1380556831572750;17.9;30.9;Wed Oct 09 2019 16:52:54 GMT+0200 (CEST);Wed Oct 09 2019 14:52:54 GMT+0200 (CEST);1570632774000;0.1;18.95;11.66
1380556831572750;17.9;30.7;Wed Oct 09 2019 16:54:48 GMT+0200 (CEST);Wed Oct 09 2019 14:54:48 GMT+0200 (CEST);1570632888000;0.11;21.66;11.58
1380556831572750;17.9;31.4;Wed Oct 09 2019 16:56:42 GMT+0200 (CEST);Wed Oct 09 2019 14:56:42 GMT+0200 (CEST);1570633002000;0.18;35.13;11.54
1380556831572750;17.9;32.3;Wed Oct 09 2019 16:58:35 GMT+0200 (CEST);Wed Oct 09 2019 14:58:35 GMT+0200 (CEST);1570633115000;0.23;43.84;11.52
1380556831572750;17.9;32.1;Wed Oct 09 2019 17:00:27 GMT+0200 (CEST);Wed Oct 09 2019 15:00:27 GMT+0200 (CEST);1570633227000;0.2;36.64;11.53
1380556831572750;17.9;31.5;Wed Oct 09 2019 17:02:20 GMT+0200 (CEST);Wed Oct 09 2019 15:02:20 GMT+0200 (CEST);1570633340000;0.16;29.6;11.53
1380556831572750;17.9;31.1;Wed Oct 09 2019 17:04:15 GMT+0200 (CEST);Wed Oct 09 2019 15:04:15 GMT+0200 (CEST);1570633455000;0.11;23.03;11.53
1380556831572750;17.9;30.9;Wed Oct 09 2019 17:06:14 GMT+0200 (CEST);Wed Oct 09 2019 15:06:14 GMT+0200 (CEST);1570633574000;0.09;18.33;11.5
1380556831572750;17.9;30.7;Wed Oct 09 2019 17:08:08 GMT+0200 (CEST);Wed Oct 09 2019 15:08:08 GMT+0200 (CEST);1570633688000;0.08;16.67;11.46
1380556831572750;17.9;30.9;Wed Oct 09 2019 17:10:01 GMT+0200 (CEST);Wed Oct 09 2019 15:10:01 GMT+0200 (CEST);1570633801000;0.08;15.96;11.45
1380556831572750;16.9;30.6;Wed Oct 09 2019 17:11:54 GMT+0200 (CEST);Wed Oct 09 2019 15:11:54 GMT+0200 (CEST);1570633914000;0.07;14.12;11.43
1380556831572750;16.9;31.2;Wed Oct 09 2019 17:13:49 GMT+0200 (CEST);Wed Oct 09 2019 15:13:49 GMT+0200 (CEST);1570634029000;0;13.19;11.42
1380556831572750;17.9;33.3;Wed Oct 09 2019 17:15:41 GMT+0200 (CEST);Wed Oct 09 2019 15:15:41 GMT+0200 (CEST);1570634141000;0;14.68;11.42
1380556831572750;17.9;33.9;Wed Oct 09 2019 17:17:37 GMT+0200 (CEST);Wed Oct 09 2019 15:17:37 GMT+0200 (CEST);1570634257000;0;16.35;11.42
1380556831572750;17.9;35;Wed Oct 09 2019 17:19:32 GMT+0200 (CEST);Wed Oct 09 2019 15:19:32 GMT+0200 (CEST);1570634372000;0;18.02;11.42
1380556831572750;19.4;35.9;Wed Oct 09 2019 17:21:58 GMT+0200 (CEST);Wed Oct 09 2019 15:21:58 GMT+0200 (CEST);1570634518000;0;19.13;11.45
1380556831572750;19.4;36.1;Wed Oct 09 2019 17:23:55 GMT+0200 (CEST);Wed Oct 09 2019 15:23:55 GMT+0200 (CEST);1570634635000;0;21.78;11.49
1380556831572750;19.9;36.2;Wed Oct 09 2019 17:25:47 GMT+0200 (CEST);Wed Oct 09 2019 15:25:47 GMT+0200 (CEST);1570634747000;0.17;39.16;11.53
1380556831572750;19.9;32.5;Wed Oct 09 2019 17:27:40 GMT+0200 (CEST);Wed Oct 09 2019 15:27:40 GMT+0200 (CEST);1570634860000;0.3;54.36;11.57
1380556831572750;19.4;33.1;Wed Oct 09 2019 17:29:36 GMT+0200 (CEST);Wed Oct 09 2019 15:29:36 GMT+0200 (CEST);1570634976000;0.22;38.82;11.62
1380556831572750;19.4;31.2;Wed Oct 09 2019 17:31:28 GMT+0200 (CEST);Wed Oct 09 2019 15:31:28 GMT+0200 (CEST);1570635088000;0.13;25.41;11.64
1380556831572750;19.4;31;Wed Oct 09 2019 17:33:21 GMT+0200 (CEST);Wed Oct 09 2019 15:33:21 GMT+0200 (CEST);1570635201000;0.09;17.44;11.62
1380556831572750;17.9;30.9;Wed Oct 09 2019 17:35:40 GMT+0200 (CEST);Wed Oct 09 2019 15:35:40 GMT+0200 (CEST);1570635340000;0.07;15.02;11.58
1380556831572750;17.9;31.3;Wed Oct 09 2019 17:37:40 GMT+0200 (CEST);Wed Oct 09 2019 15:37:40 GMT+0200 (CEST);1570635460000;0.09;19.42;11.53
1380556831572750;16.9;31.5;Wed Oct 09 2019 17:39:32 GMT+0200 (CEST);Wed Oct 09 2019 15:39:32 GMT+0200 (CEST);1570635572000;0.15;27.86;11.52
1380556831572750;16.9;31.3;Wed Oct 09 2019 17:41:26 GMT+0200 (CEST);Wed Oct 09 2019 15:41:26 GMT+0200 (CEST);1570635686000;0.17;31.74;11.5
1380556831572750;16.9;31.2;Wed Oct 09 2019 17:43:21 GMT+0200 (CEST);Wed Oct 09 2019 15:43:21 GMT+0200 (CEST);1570635801000;0.14;26.95;11.5
1380556831572750;16.9;30.9;Wed Oct 09 2019 17:45:14 GMT+0200 (CEST);Wed Oct 09 2019 15:45:14 GMT+0200 (CEST);1570635914000;0.09;17.84;11.46
1380556831572750;16.9;30.4;Wed Oct 09 2019 17:47:08 GMT+0200 (CEST);Wed Oct 09 2019 15:47:08 GMT+0200 (CEST);1570636028000;0;10;11.43
1380556831572750;16.9;29.6;Wed Oct 09 2019 17:49:04 GMT+0200 (CEST);Wed Oct 09 2019 15:49:04 GMT+0200 (CEST);1570636144000;0;11.32;11.42
1380556831572750;16.9;30.4;Wed Oct 09 2019 17:51:10 GMT+0200 (CEST);Wed Oct 09 2019 15:51:10 GMT+0200 (CEST);1570636270000;0;14.05;11.41
1380556831572750;16.9;30.7;Wed Oct 09 2019 17:52:57 GMT+0200 (CEST);Wed Oct 09 2019 15:52:57 GMT+0200 (CEST);1570636377000;0.09;17.62;11.39
1380556831572750;16.9;30.6;Wed Oct 09 2019 17:54:52 GMT+0200 (CEST);Wed Oct 09 2019 15:54:52 GMT+0200 (CEST);1570636492000;0.12;23.83;11.36
1380556831572750;16.9;31.5;Wed Oct 09 2019 17:56:47 GMT+0200 (CEST);Wed Oct 09 2019 15:56:47 GMT+0200 (CEST);1570636607000;0.13;27;11.33
1380556831572750;16.9;31.6;Wed Oct 09 2019 17:58:42 GMT+0200 (CEST);Wed Oct 09 2019 15:58:42 GMT+0200 (CEST);1570636722000;0.18;38.26;11.33
1380556831572750;16.9;32.6;Wed Oct 09 2019 18:00:55 GMT+0200 (CEST);Wed Oct 09 2019 16:00:55 GMT+0200 (CEST);1570636855000;0.24;46.95;11.36
1380556831572750;16.9;32.6;Wed Oct 09 2019 18:02:52 GMT+0200 (CEST);Wed Oct 09 2019 16:02:52 GMT+0200 (CEST);1570636972000;0.22;43.96;11.4
1380556831572750;16.9;32.3;Wed Oct 09 2019 18:04:47 GMT+0200 (CEST);Wed Oct 09 2019 16:04:47 GMT+0200 (CEST);1570637087000;0.22;43.04;11.46
1380556831572750;17.9;31.8;Wed Oct 09 2019 18:06:40 GMT+0200 (CEST);Wed Oct 09 2019 16:06:40 GMT+0200 (CEST);1570637200000;0.15;30.58;11.52
1380556831572750;17.9;31.4;Wed Oct 09 2019 18:08:37 GMT+0200 (CEST);Wed Oct 09 2019 16:08:37 GMT+0200 (CEST);1570637317000;0.12;24.77;11.56
1380556831572750;17.9;31.1;Wed Oct 09 2019 18:10:30 GMT+0200 (CEST);Wed Oct 09 2019 16:10:30 GMT+0200 (CEST);1570637430000;0.11;21.34;11.57
1380556831572750;16.9;30.9;Wed Oct 09 2019 18:12:22 GMT+0200 (CEST);Wed Oct 09 2019 16:12:22 GMT+0200 (CEST);1570637542000;0.08;16.58;11.58
1380556831572750;16.9;30.8;Wed Oct 09 2019 18:14:16 GMT+0200 (CEST);Wed Oct 09 2019 16:14:16 GMT+0200 (CEST);1570637656000;0.09;17.22;11.59
1380556831572750;16.9;30.7;Wed Oct 09 2019 18:16:12 GMT+0200 (CEST);Wed Oct 09 2019 16:16:12 GMT+0200 (CEST);1570637772000;0.07;13.44;11.61
1380556831572750;16.9;29.6;Wed Oct 09 2019 18:18:06 GMT+0200 (CEST);Wed Oct 09 2019 16:18:06 GMT+0200 (CEST);1570637886000;0;12.9;11.62
1380556831572750;16.9;29.6;Wed Oct 09 2019 18:20:00 GMT+0200 (CEST);Wed Oct 09 2019 16:20:00 GMT+0200 (CEST);1570638000000;0.07;14.69;11.63
1380556831572750;16.9;30.5;Wed Oct 09 2019 18:21:53 GMT+0200 (CEST);Wed Oct 09 2019 16:21:53 GMT+0200 (CEST);1570638113000;0.11;21.41;11.62
1380556831572750;16.9;30.5;Wed Oct 09 2019 18:23:46 GMT+0200 (CEST);Wed Oct 09 2019 16:23:46 GMT+0200 (CEST);1570638226000;0.1;19.64;11.61
1380556831572750;16.9;30.4;Wed Oct 09 2019 18:25:40 GMT+0200 (CEST);Wed Oct 09 2019 16:25:40 GMT+0200 (CEST);1570638340000;0.07;15.27;11.6
1380556831572750;16.9;30.6;Wed Oct 09 2019 18:27:41 GMT+0200 (CEST);Wed Oct 09 2019 16:27:41 GMT+0200 (CEST);1570638461000;0;9.88;11.54
1380556831572750;16.9;30.5;Wed Oct 09 2019 18:29:35 GMT+0200 (CEST);Wed Oct 09 2019 16:29:35 GMT+0200 (CEST);1570638575000;0;6.72;11.44
1380556831572750;16.9;29.7;Wed Oct 09 2019 18:31:28 GMT+0200 (CEST);Wed Oct 09 2019 16:31:28 GMT+0200 (CEST);1570638688000;0;3.84;11.31
1380556831572750;16.9;29.7;Wed Oct 09 2019 18:33:21 GMT+0200 (CEST);Wed Oct 09 2019 16:33:21 GMT+0200 (CEST);1570638801000;0;1.92;11.17
1380556831572750;16.9;30.2;Wed Oct 09 2019 18:35:14 GMT+0200 (CEST);Wed Oct 09 2019 16:35:14 GMT+0200 (CEST);1570638914000;0;2.22;11.09
1380556831572750;16.9;29.7;Wed Oct 09 2019 18:37:07 GMT+0200 (CEST);Wed Oct 09 2019 16:37:07 GMT+0200 (CEST);1570639027000;0;0.87;11.03
1380556831572750;16.9;25.7;Wed Oct 09 2019 18:39:13 GMT+0200 (CEST);Wed Oct 09 2019 16:39:13 GMT+0200 (CEST);1570639153000;0;0.05;11
1380556831572750;16.9;23.3;Wed Oct 09 2019 18:41:06 GMT+0200 (CEST);Wed Oct 09 2019 16:41:06 GMT+0200 (CEST);1570639266000;0;-0.01;11.02
1380556831572750;16.9;21.4;Wed Oct 09 2019 18:42:58 GMT+0200 (CEST);Wed Oct 09 2019 16:42:58 GMT+0200 (CEST);1570639378000;0;-0.01;11.03
1380556831572750;16.9;21.4;Wed Oct 09 2019 18:44:51 GMT+0200 (CEST);Wed Oct 09 2019 16:44:51 GMT+0200 (CEST);1570639491000;0;-0.01;11.03
1380556831572750;16.9;21.4;Wed Oct 09 2019 18:46:46 GMT+0200 (CEST);Wed Oct 09 2019 16:46:46 GMT+0200 (CEST);1570639606000;0;-0.01;11.08
1380556831572750;11.4;29.6;Thu Oct 10 2019 07:44:23 GMT+0200 (CEST);Thu Oct 10 2019 05:44:23 GMT+0200 (CEST);1570686263000;0;12.2;8.55
1380556831572750;11.4;29;Thu Oct 10 2019 07:46:26 GMT+0200 (CEST);Thu Oct 10 2019 05:46:26 GMT+0200 (CEST);1570686386000;0.08;15.94;8.57
1380556831572750;13.4;29.7;Thu Oct 10 2019 07:48:19 GMT+0200 (CEST);Thu Oct 10 2019 05:48:19 GMT+0200 (CEST);1570686499000;0.08;16.52;8.61
1380556831572750;13.4;29.7;Thu Oct 10 2019 07:50:18 GMT+0200 (CEST);Thu Oct 10 2019 05:50:18 GMT+0200 (CEST);1570686618000;0.1;21.18;8.64
1380556831572750;13.4;30.1;Thu Oct 10 2019 07:52:16 GMT+0200 (CEST);Thu Oct 10 2019 05:52:16 GMT+0200 (CEST);1570686736000;0.15;30.95;8.67
1380556831572750;13.9;31.6;Thu Oct 10 2019 07:54:12 GMT+0200 (CEST);Thu Oct 10 2019 05:54:12 GMT+0200 (CEST);1570686852000;0.17;36.83;8.71
1380556831572750;13.9;32;Thu Oct 10 2019 07:56:07 GMT+0200 (CEST);Thu Oct 10 2019 05:56:07 GMT+0200 (CEST);1570686967000;0.16;34.23;8.76
1380556831572750;15.4;31.5;Thu Oct 10 2019 07:58:00 GMT+0200 (CEST);Thu Oct 10 2019 05:58:00 GMT+0200 (CEST);1570687080000;0.15;32.72;8.82
1380556831572750;15.4;31.7;Thu Oct 10 2019 07:59:53 GMT+0200 (CEST);Thu Oct 10 2019 05:59:53 GMT+0200 (CEST);1570687193000;0.18;38.51;8.88
1380556831572750;15.4;32;Thu Oct 10 2019 08:01:52 GMT+0200 (CEST);Thu Oct 10 2019 06:01:52 GMT+0200 (CEST);1570687312000;0.23;46.89;8.95
1380556831572750;15.4;32.8;Thu Oct 10 2019 08:03:45 GMT+0200 (CEST);Thu Oct 10 2019 06:03:45 GMT+0200 (CEST);1570687425000;0.26;52.34;9
1380556831572750;15.4;32.3;Thu Oct 10 2019 08:05:38 GMT+0200 (CEST);Thu Oct 10 2019 06:05:38 GMT+0200 (CEST);1570687538000;0.21;44.14;9.03
1380556831572750;15.9;31.6;Thu Oct 10 2019 08:07:31 GMT+0200 (CEST);Thu Oct 10 2019 06:07:31 GMT+0200 (CEST);1570687651000;0.12;26.05;9.05
1380556831572750;15.9;31;Thu Oct 10 2019 08:09:35 GMT+0200 (CEST);Thu Oct 10 2019 06:09:35 GMT+0200 (CEST);1570687775000;0;15.97;9.03
1380556831572750;15.4;31.3;Thu Oct 10 2019 08:11:29 GMT+0200 (CEST);Thu Oct 10 2019 06:11:29 GMT+0200 (CEST);1570687889000;0;10.89;9.01
1380556831572750;15.4;32.2;Thu Oct 10 2019 08:13:23 GMT+0200 (CEST);Thu Oct 10 2019 06:13:23 GMT+0200 (CEST);1570688003000;0;7.61;8.99
1380556831572750;15.4;33.1;Thu Oct 10 2019 08:15:18 GMT+0200 (CEST);Thu Oct 10 2019 06:15:18 GMT+0200 (CEST);1570688118000;0;6.92;8.96
1380556831572750;15.9;32.3;Thu Oct 10 2019 08:17:31 GMT+0200 (CEST);Thu Oct 10 2019 06:17:31 GMT+0200 (CEST);1570688251000;0;4.89;8.91
1380556831572750;15.9;33.5;Thu Oct 10 2019 08:19:24 GMT+0200 (CEST);Thu Oct 10 2019 06:19:24 GMT+0200 (CEST);1570688364000;0;8.94;8.84
1380556831572750;16.9;35.4;Thu Oct 10 2019 08:21:17 GMT+0200 (CEST);Thu Oct 10 2019 06:21:17 GMT+0200 (CEST);1570688477000;0;12.84;8.77
1380556831572750;16.9;36.4;Thu Oct 10 2019 08:23:10 GMT+0200 (CEST);Thu Oct 10 2019 06:23:10 GMT+0200 (CEST);1570688590000;0;15.16;8.73
1380556831572750;16.9;36.5;Thu Oct 10 2019 08:25:12 GMT+0200 (CEST);Thu Oct 10 2019 06:25:12 GMT+0200 (CEST);1570688712000;0;15.11;8.69
1380556831572750;16.9;31.5;Thu Oct 10 2019 08:27:06 GMT+0200 (CEST);Thu Oct 10 2019 06:27:06 GMT+0200 (CEST);1570688826000;0.07;14.52;8.67
1380556831572750;16.9;28.9;Thu Oct 10 2019 08:29:00 GMT+0200 (CEST);Thu Oct 10 2019 06:29:00 GMT+0200 (CEST);1570688940000;0;12.81;8.67
1380556831572750;16.9;28.2;Thu Oct 10 2019 08:30:57 GMT+0200 (CEST);Thu Oct 10 2019 06:30:57 GMT+0200 (CEST);1570689057000;0;9.78;8.66
1380556831572750;13.9;27.6;Thu Oct 10 2019 08:32:58 GMT+0200 (CEST);Thu Oct 10 2019 06:32:58 GMT+0200 (CEST);1570689178000;0;9.8;8.67
1380556831572750;13.9;26.7;Thu Oct 10 2019 08:34:51 GMT+0200 (CEST);Thu Oct 10 2019 06:34:51 GMT+0200 (CEST);1570689291000;0;11.51;8.68
1380556831572750;13.4;27.6;Thu Oct 10 2019 08:36:43 GMT+0200 (CEST);Thu Oct 10 2019 06:36:43 GMT+0200 (CEST);1570689403000;0.08;15.46;8.71
1380556831572750;13.4;28.3;Thu Oct 10 2019 08:38:36 GMT+0200 (CEST);Thu Oct 10 2019 06:38:36 GMT+0200 (CEST);1570689516000;0.1;19.13;8.7
1380556831572750;13.9;28.2;Thu Oct 10 2019 08:40:55 GMT+0200 (CEST);Thu Oct 10 2019 06:40:55 GMT+0200 (CEST);1570689655000;0.1;18.17;8.71
1380556831572750;13.9;28.1;Thu Oct 10 2019 08:42:47 GMT+0200 (CEST);Thu Oct 10 2019 06:42:47 GMT+0200 (CEST);1570689767000;0.14;26.34;8.71
1380556831572750;13.9;31;Thu Oct 10 2019 08:44:43 GMT+0200 (CEST);Thu Oct 10 2019 06:44:43 GMT+0200 (CEST);1570689883000;0.16;28.9;8.73
1380556831572750;13.9;31.3;Thu Oct 10 2019 08:46:36 GMT+0200 (CEST);Thu Oct 10 2019 06:46:36 GMT+0200 (CEST);1570689996000;0.13;24.49;8.75
1380556831572750;13.9;30.8;Thu Oct 10 2019 08:48:56 GMT+0200 (CEST);Thu Oct 10 2019 06:48:56 GMT+0200 (CEST);1570690136000;0.12;23.92;8.75
1380556831572750;15.4;30.5;Thu Oct 10 2019 08:50:51 GMT+0200 (CEST);Thu Oct 10 2019 06:50:51 GMT+0200 (CEST);1570690251000;0.13;25.25;8.75
1380556831572750;15.4;31.1;Thu Oct 10 2019 08:52:43 GMT+0200 (CEST);Thu Oct 10 2019 06:52:43 GMT+0200 (CEST);1570690363000;0.14;28.97;8.78
1380556831572750;15.4;31.2;Thu Oct 10 2019 08:54:36 GMT+0200 (CEST);Thu Oct 10 2019 06:54:36 GMT+0200 (CEST);1570690476000;0.16;31.81;8.81
1380556831572750;15.4;31.2;Thu Oct 10 2019 08:56:31 GMT+0200 (CEST);Thu Oct 10 2019 06:56:31 GMT+0200 (CEST);1570690591000;0.16;31.8;8.84
1380556831572750;15.4;30.8;Thu Oct 10 2019 08:58:24 GMT+0200 (CEST);Thu Oct 10 2019 06:58:24 GMT+0200 (CEST);1570690704000;0.12;24.32;8.85
1380556831572750;15.4;30.5;Thu Oct 10 2019 09:00:20 GMT+0200 (CEST);Thu Oct 10 2019 07:00:20 GMT+0200 (CEST);1570690820000;0.17;32.29;8.88
1380556831572750;15.4;32;Thu Oct 10 2019 09:02:13 GMT+0200 (CEST);Thu Oct 10 2019 07:02:13 GMT+0200 (CEST);1570690933000;0.19;36.65;8.93
1380556831572750;15.4;32;Thu Oct 10 2019 09:04:22 GMT+0200 (CEST);Thu Oct 10 2019 07:04:22 GMT+0200 (CEST);1570691062000;0.16;32.29;8.97
1380556831572750;15.4;31.7;Thu Oct 10 2019 09:06:45 GMT+0200 (CEST);Thu Oct 10 2019 07:06:45 GMT+0200 (CEST);1570691205000;0.17;33.77;9.02
1380556831572750;15.4;31.2;Thu Oct 10 2019 09:08:38 GMT+0200 (CEST);Thu Oct 10 2019 07:08:38 GMT+0200 (CEST);1570691318000;0.17;33.75;9.07
1380556831572750;15.4;30.8;Thu Oct 10 2019 09:10:31 GMT+0200 (CEST);Thu Oct 10 2019 07:10:31 GMT+0200 (CEST);1570691431000;0.13;25.8;9.11
1380556831572750;15.9;30.9;Thu Oct 10 2019 09:12:23 GMT+0200 (CEST);Thu Oct 10 2019 07:12:23 GMT+0200 (CEST);1570691543000;0.11;23.12;9.14
1380556831572750;15.9;30.9;Thu Oct 10 2019 09:14:19 GMT+0200 (CEST);Thu Oct 10 2019 07:14:19 GMT+0200 (CEST);1570691659000;0.12;26.22;9.18
1380556831572750;15.9;31.6;Thu Oct 10 2019 09:16:13 GMT+0200 (CEST);Thu Oct 10 2019 07:16:13 GMT+0200 (CEST);1570691773000;0.16;33.96;9.22
1380556831572750;15.9;31.9;Thu Oct 10 2019 09:18:05 GMT+0200 (CEST);Thu Oct 10 2019 07:18:05 GMT+0200 (CEST);1570691885000;0.25;48.39;9.28
1380556831572750;15.9;32.9;Thu Oct 10 2019 09:20:03 GMT+0200 (CEST);Thu Oct 10 2019 07:20:03 GMT+0200 (CEST);1570692003000;0.28;53.63;9.32
1380556831572750;15.9;33.7;Thu Oct 10 2019 09:22:06 GMT+0200 (CEST);Thu Oct 10 2019 07:22:06 GMT+0200 (CEST);1570692126000;0.32;62.15;9.36
1380556831572750;15.9;33.3;Thu Oct 10 2019 09:23:59 GMT+0200 (CEST);Thu Oct 10 2019 07:23:59 GMT+0200 (CEST);1570692239000;0.29;56.01;9.42
1380556831572750;15.9;33.3;Thu Oct 10 2019 09:25:56 GMT+0200 (CEST);Thu Oct 10 2019 07:25:56 GMT+0200 (CEST);1570692356000;0.29;58.31;9.45
1380556831572750;16.9;32.6;Thu Oct 10 2019 09:27:49 GMT+0200 (CEST);Thu Oct 10 2019 07:27:49 GMT+0200 (CEST);1570692469000;0.23;45.92;9.45
1380556831572750;16.9;32.1;Thu Oct 10 2019 09:29:42 GMT+0200 (CEST);Thu Oct 10 2019 07:29:42 GMT+0200 (CEST);1570692582000;0.17;33.6;9.48
1380556831572750;15.9;31.9;Thu Oct 10 2019 09:31:34 GMT+0200 (CEST);Thu Oct 10 2019 07:31:34 GMT+0200 (CEST);1570692694000;0.13;27.37;9.49
1380556831572750;15.9;30.8;Thu Oct 10 2019 09:33:37 GMT+0200 (CEST);Thu Oct 10 2019 07:33:37 GMT+0200 (CEST);1570692817000;0.09;19.1;9.5
1380556831572750;15.9;30.4;Thu Oct 10 2019 09:35:58 GMT+0200 (CEST);Thu Oct 10 2019 07:35:58 GMT+0200 (CEST);1570692958000;0;12.12;9.53
1380556831572750;15.9;30.2;Thu Oct 10 2019 09:37:52 GMT+0200 (CEST);Thu Oct 10 2019 07:37:52 GMT+0200 (CEST);1570693072000;0;11.5;9.52
1380556831572750;15.9;29.9;Thu Oct 10 2019 09:39:45 GMT+0200 (CEST);Thu Oct 10 2019 07:39:45 GMT+0200 (CEST);1570693185000;0.16;34.56;9.25
1380556831572750;15.4;33.8;Thu Oct 10 2019 09:41:40 GMT+0200 (CEST);Thu Oct 10 2019 07:41:40 GMT+0200 (CEST);1570693300000;0.5;91.89;9.07
1380556831572750;15.4;34.6;Thu Oct 10 2019 09:43:33 GMT+0200 (CEST);Thu Oct 10 2019 07:43:33 GMT+0200 (CEST);1570693413000;0.44;85.21;9.08
1380556831572750;16.9;34.3;Thu Oct 10 2019 09:45:26 GMT+0200 (CEST);Thu Oct 10 2019 07:45:26 GMT+0200 (CEST);1570693526000;0.44;81.59;9.16
1380556831572750;16.9;33.1;Thu Oct 10 2019 09:47:21 GMT+0200 (CEST);Thu Oct 10 2019 07:47:21 GMT+0200 (CEST);1570693641000;0.23;46.73;9.2
1380556831572750;16.9;31.3;Thu Oct 10 2019 09:49:18 GMT+0200 (CEST);Thu Oct 10 2019 07:49:18 GMT+0200 (CEST);1570693758000;0.11;22.47;9.21
1380556831572750;15.9;30.5;Thu Oct 10 2019 09:51:15 GMT+0200 (CEST);Thu Oct 10 2019 07:51:15 GMT+0200 (CEST);1570693875000;0;11.33;9.25
1380556831572750;15.9;30.1;Thu Oct 10 2019 09:53:09 GMT+0200 (CEST);Thu Oct 10 2019 07:53:09 GMT+0200 (CEST);1570693989000;0;8.56;9.28
1380556831572750;15.4;29.1;Thu Oct 10 2019 09:55:08 GMT+0200 (CEST);Thu Oct 10 2019 07:55:08 GMT+0200 (CEST);1570694108000;0;9.45;9.27
1380556831572750;15.4;28.4;Thu Oct 10 2019 09:57:02 GMT+0200 (CEST);Thu Oct 10 2019 07:57:02 GMT+0200 (CEST);1570694222000;0;12.15;9.27
1380556831572750;15.4;28.6;Thu Oct 10 2019 09:58:55 GMT+0200 (CEST);Thu Oct 10 2019 07:58:55 GMT+0200 (CEST);1570694335000;0.13;25.3;9.22
1380556831572750;15.4;28.7;Thu Oct 10 2019 10:00:48 GMT+0200 (CEST);Thu Oct 10 2019 08:00:48 GMT+0200 (CEST);1570694448000;0.26;55.18;9.21
1380556831572750;15.4;33.6;Thu Oct 10 2019 10:03:02 GMT+0200 (CEST);Thu Oct 10 2019 08:03:02 GMT+0200 (CEST);1570694582000;0.43;87.76;9.25
1380556831572750;16.9;34.3;Thu Oct 10 2019 10:05:07 GMT+0200 (CEST);Thu Oct 10 2019 08:05:07 GMT+0200 (CEST);1570694707000;0.47;94.23;9.34
1380556831572750;16.9;34.2;Thu Oct 10 2019 10:07:20 GMT+0200 (CEST);Thu Oct 10 2019 08:07:20 GMT+0200 (CEST);1570694840000;0.44;87.31;9.43
1380556831572750;16.9;33.9;Thu Oct 10 2019 10:09:13 GMT+0200 (CEST);Thu Oct 10 2019 08:09:13 GMT+0200 (CEST);1570694953000;0.35;70.02;9.48
1380556831572750;16.9;33.6;Thu Oct 10 2019 10:10:58 GMT+0200 (CEST);Thu Oct 10 2019 08:10:58 GMT+0200 (CEST);1570695058000;0.36;71.68;9.5
1380556831572750;16.9;33.9;Thu Oct 10 2019 10:12:52 GMT+0200 (CEST);Thu Oct 10 2019 08:12:52 GMT+0200 (CEST);1570695172000;0.48;92.76;9.57
1380556831572750;16.9;34.6;Thu Oct 10 2019 10:14:44 GMT+0200 (CEST);Thu Oct 10 2019 08:14:44 GMT+0200 (CEST);1570695284000;0.59;116.58;9.66
1380556831572750;16.9;34.8;Thu Oct 10 2019 10:16:43 GMT+0200 (CEST);Thu Oct 10 2019 08:16:43 GMT+0200 (CEST);1570695403000;0.63;123.4;9.75
1380556831572750;16.9;34.7;Thu Oct 10 2019 10:18:37 GMT+0200 (CEST);Thu Oct 10 2019 08:18:37 GMT+0200 (CEST);1570695517000;0.53;101.5;9.88
1380556831572750;18.9;34.4;Thu Oct 10 2019 10:20:33 GMT+0200 (CEST);Thu Oct 10 2019 08:20:33 GMT+0200 (CEST);1570695633000;0.53;104.89;9.93
1380556831572750;18.9;34.7;Thu Oct 10 2019 10:22:31 GMT+0200 (CEST);Thu Oct 10 2019 08:22:31 GMT+0200 (CEST);1570695751000;0.68;138.17;10.03
1380556831572750;19.4;35.3;Thu Oct 10 2019 10:24:29 GMT+0200 (CEST);Thu Oct 10 2019 08:24:29 GMT+0200 (CEST);1570695869000;0.79;160.45;10.14
1380556831572750;19.4;35.3;Thu Oct 10 2019 10:26:28 GMT+0200 (CEST);Thu Oct 10 2019 08:26:28 GMT+0200 (CEST);1570695988000;0.77;154.56;10.31
1380556831572750;19.4;34.8;Thu Oct 10 2019 10:28:21 GMT+0200 (CEST);Thu Oct 10 2019 08:28:21 GMT+0200 (CEST);1570696101000;0.59;120.5;10.4
1380556831572750;19.4;34.3;Thu Oct 10 2019 10:30:15 GMT+0200 (CEST);Thu Oct 10 2019 08:30:15 GMT+0200 (CEST);1570696215000;0.54;108.8;10.4
1380556831572750;19.4;34.2;Thu Oct 10 2019 10:32:13 GMT+0200 (CEST);Thu Oct 10 2019 08:32:13 GMT+0200 (CEST);1570696333000;0.48;100.66;10.4
1380556831572750;19.4;33.8;Thu Oct 10 2019 10:34:07 GMT+0200 (CEST);Thu Oct 10 2019 08:34:07 GMT+0200 (CEST);1570696447000;0.37;77.43;10.35
1380556831572750;19.4;33.2;Thu Oct 10 2019 10:36:04 GMT+0200 (CEST);Thu Oct 10 2019 08:36:04 GMT+0200 (CEST);1570696564000;0.35;77.36;10.33
1380556831572750;19.4;34.4;Thu Oct 10 2019 10:37:57 GMT+0200 (CEST);Thu Oct 10 2019 08:37:57 GMT+0200 (CEST);1570696677000;0.84;189.69;10.39
1380556831572750;19.4;35.6;Thu Oct 10 2019 10:39:51 GMT+0200 (CEST);Thu Oct 10 2019 08:39:51 GMT+0200 (CEST);1570696791000;1.2;247.77;10.6
1380556831572750;21.5;35.9;Thu Oct 10 2019 10:41:43 GMT+0200 (CEST);Thu Oct 10 2019 08:41:43 GMT+0200 (CEST);1570696903000;1.04;211.7;10.89
1380556831572750;21.5;34.9;Thu Oct 10 2019 10:43:36 GMT+0200 (CEST);Thu Oct 10 2019 08:43:36 GMT+0200 (CEST);1570697016000;0.9;184.21;10.95
1380556831572750;21.5;34.5;Thu Oct 10 2019 10:45:43 GMT+0200 (CEST);Thu Oct 10 2019 08:45:43 GMT+0200 (CEST);1570697143000;0.74;150.86;11.03
1380556831572750;21.5;35;Thu Oct 10 2019 10:47:36 GMT+0200 (CEST);Thu Oct 10 2019 08:47:36 GMT+0200 (CEST);1570697256000;0.98;200.02;11.17
1380556831572750;21.5;35;Thu Oct 10 2019 10:49:28 GMT+0200 (CEST);Thu Oct 10 2019 08:49:28 GMT+0200 (CEST);1570697368000;0.83;163.49;11.32
1380556831572750;21.5;34.4;Thu Oct 10 2019 10:51:35 GMT+0200 (CEST);Thu Oct 10 2019 08:51:35 GMT+0200 (CEST);1570697495000;0.85;172.26;11.39
1380556831572750;21.5;34.8;Thu Oct 10 2019 10:53:41 GMT+0200 (CEST);Thu Oct 10 2019 08:53:41 GMT+0200 (CEST);1570697621000;0.82;165.17;11.44
1380556831572750;21.5;34.3;Thu Oct 10 2019 10:55:36 GMT+0200 (CEST);Thu Oct 10 2019 08:55:36 GMT+0200 (CEST);1570697736000;0.7;143.05;11.42
1380556831572750;22;33.7;Thu Oct 10 2019 10:57:29 GMT+0200 (CEST);Thu Oct 10 2019 08:57:29 GMT+0200 (CEST);1570697849000;0.45;97.6;11.35
1380556831572750;22;33.9;Thu Oct 10 2019 10:59:30 GMT+0200 (CEST);Thu Oct 10 2019 08:59:30 GMT+0200 (CEST);1570697970000;0.79;177.66;11.21
1380556831572750;22;35.2;Thu Oct 10 2019 11:01:32 GMT+0200 (CEST);Thu Oct 10 2019 09:01:32 GMT+0200 (CEST);1570698092000;0.76;158.31;11.23
1380556831572750;22;34.3;Thu Oct 10 2019 11:03:28 GMT+0200 (CEST);Thu Oct 10 2019 09:03:28 GMT+0200 (CEST);1570698208000;0.56;113.64;11.28
1380556831572750;22;34;Thu Oct 10 2019 11:05:21 GMT+0200 (CEST);Thu Oct 10 2019 09:05:21 GMT+0200 (CEST);1570698321000;0.61;122.87;11.3
1380556831572750;22;34.7;Thu Oct 10 2019 11:07:20 GMT+0200 (CEST);Thu Oct 10 2019 09:07:20 GMT+0200 (CEST);1570698440000;1.26;253.39;11.35
1380556831572750;22;35.5;Thu Oct 10 2019 11:09:23 GMT+0200 (CEST);Thu Oct 10 2019 09:09:23 GMT+0200 (CEST);1570698563000;1.01;205.84;11.62
1380556831572750;22;35;Thu Oct 10 2019 11:11:16 GMT+0200 (CEST);Thu Oct 10 2019 09:11:16 GMT+0200 (CEST);1570698676000;0.97;201.62;11.75
1380556831572750;22;35.2;Thu Oct 10 2019 11:13:09 GMT+0200 (CEST);Thu Oct 10 2019 09:13:09 GMT+0200 (CEST);1570698789000;1.11;225.48;11.8
1380556831572750;22;34.8;Thu Oct 10 2019 11:15:01 GMT+0200 (CEST);Thu Oct 10 2019 09:15:01 GMT+0200 (CEST);1570698901000;0.87;171.54;11.85
1380556831572750;23.5;34.7;Thu Oct 10 2019 11:16:58 GMT+0200 (CEST);Thu Oct 10 2019 09:16:58 GMT+0200 (CEST);1570699018000;0.84;174.61;11.85
1380556831572750;23.5;35;Thu Oct 10 2019 11:18:51 GMT+0200 (CEST);Thu Oct 10 2019 09:18:51 GMT+0200 (CEST);1570699131000;1.06;228.87;11.97
1380556831572750;23.5;35.7;Thu Oct 10 2019 11:21:43 GMT+0200 (CEST);Thu Oct 10 2019 09:21:43 GMT+0200 (CEST);1570699303000;1.54;330.23;12.42
1380556831572750;23.5;35.3;Thu Oct 10 2019 11:23:48 GMT+0200 (CEST);Thu Oct 10 2019 09:23:48 GMT+0200 (CEST);1570699428000;1.31;276.72;12.71
1380556831572750;24;35;Thu Oct 10 2019 11:25:40 GMT+0200 (CEST);Thu Oct 10 2019 09:25:40 GMT+0200 (CEST);1570699540000;1.08;242.66;12.86
1380556831572750;24;35;Thu Oct 10 2019 11:27:34 GMT+0200 (CEST);Thu Oct 10 2019 09:27:34 GMT+0200 (CEST);1570699654000;1.35;290.45;12.88
1380556831572750;24;34.9;Thu Oct 10 2019 11:29:26 GMT+0200 (CEST);Thu Oct 10 2019 09:29:26 GMT+0200 (CEST);1570699766000;1;217.1;12.87
1380556831572750;24;34.7;Thu Oct 10 2019 11:31:24 GMT+0200 (CEST);Thu Oct 10 2019 09:31:24 GMT+0200 (CEST);1570699884000;1.22;265.07;12.79
1380556831572750;24;35.1;Thu Oct 10 2019 11:33:17 GMT+0200 (CEST);Thu Oct 10 2019 09:33:17 GMT+0200 (CEST);1570699997000;1.48;297.83;13.07
1380556831572750;25;35.1;Thu Oct 10 2019 11:35:11 GMT+0200 (CEST);Thu Oct 10 2019 09:35:11 GMT+0200 (CEST);1570700111000;1.54;325.56;13.28
1380556831572750;25;36.1;Thu Oct 10 2019 11:37:04 GMT+0200 (CEST);Thu Oct 10 2019 09:37:04 GMT+0200 (CEST);1570700224000;0.99;204.52;13.82
1380556831572750;25.5;34.2;Thu Oct 10 2019 11:38:57 GMT+0200 (CEST);Thu Oct 10 2019 09:38:57 GMT+0200 (CEST);1570700337000;0.92;201.9;13.88
1380556831572750;25.5;34.7;Thu Oct 10 2019 11:40:50 GMT+0200 (CEST);Thu Oct 10 2019 09:40:50 GMT+0200 (CEST);1570700450000;0.78;171.22;13.74
1380556831572750;25.5;34.1;Thu Oct 10 2019 11:42:44 GMT+0200 (CEST);Thu Oct 10 2019 09:42:44 GMT+0200 (CEST);1570700564000;0.7;154.84;13.56
1380556831572750;25.5;34.2;Thu Oct 10 2019 11:44:37 GMT+0200 (CEST);Thu Oct 10 2019 09:44:37 GMT+0200 (CEST);1570700677000;0.9;196.26;13.36
1380556831572750;25.5;34.4;Thu Oct 10 2019 11:46:36 GMT+0200 (CEST);Thu Oct 10 2019 09:46:36 GMT+0200 (CEST);1570700796000;0.64;135.92;13.25
1380556831572750;25.5;33.7;Thu Oct 10 2019 11:48:29 GMT+0200 (CEST);Thu Oct 10 2019 09:48:29 GMT+0200 (CEST);1570700909000;0.44;97.37;13.01
1380556831572750;24;33.8;Thu Oct 10 2019 11:50:25 GMT+0200 (CEST);Thu Oct 10 2019 09:50:25 GMT+0200 (CEST);1570701025000;0.54;116.75;12.83
1380556831572750;24;33.6;Thu Oct 10 2019 11:52:23 GMT+0200 (CEST);Thu Oct 10 2019 09:52:23 GMT+0200 (CEST);1570701143000;0.42;90.79;12.67
1380556831572750;23.5;33;Thu Oct 10 2019 11:54:16 GMT+0200 (CEST);Thu Oct 10 2019 09:54:16 GMT+0200 (CEST);1570701256000;0.33;74.43;12.57
1380556831572750;23.5;32.7;Thu Oct 10 2019 11:56:14 GMT+0200 (CEST);Thu Oct 10 2019 09:56:14 GMT+0200 (CEST);1570701374000;0.45;93.16;12.47
1380556831572750;23.5;33.9;Thu Oct 10 2019 11:58:07 GMT+0200 (CEST);Thu Oct 10 2019 09:58:07 GMT+0200 (CEST);1570701487000;0.52;107.38;12.35
1380556831572750;23.5;34.1;Thu Oct 10 2019 12:00:00 GMT+0200 (CEST);Thu Oct 10 2019 10:00:00 GMT+0200 (CEST);1570701600000;0.64;142.14;12.32
1380556831572750;23.5;34.4;Thu Oct 10 2019 12:01:53 GMT+0200 (CEST);Thu Oct 10 2019 10:01:53 GMT+0200 (CEST);1570701713000;0.65;136.02;12.39
1380556831572750;23.5;33.5;Thu Oct 10 2019 12:04:10 GMT+0200 (CEST);Thu Oct 10 2019 10:04:10 GMT+0200 (CEST);1570701850000;0.39;80.35;12.39
1380556831572750;23.5;32.9;Thu Oct 10 2019 12:06:04 GMT+0200 (CEST);Thu Oct 10 2019 10:06:04 GMT+0200 (CEST);1570701964000;0.38;75.9;12.34
1380556831572750;22;33.3;Thu Oct 10 2019 12:07:59 GMT+0200 (CEST);Thu Oct 10 2019 10:07:59 GMT+0200 (CEST);1570702079000;0.46;87.64;12.25
1380556831572750;22;32.5;Thu Oct 10 2019 12:09:51 GMT+0200 (CEST);Thu Oct 10 2019 10:09:51 GMT+0200 (CEST);1570702191000;0.26;50.54;12.19
1380556831572750;22;32.2;Thu Oct 10 2019 12:11:50 GMT+0200 (CEST);Thu Oct 10 2019 10:11:50 GMT+0200 (CEST);1570702310000;0.25;51.1;12.1
1380556831572750;21.5;33.4;Thu Oct 10 2019 12:13:43 GMT+0200 (CEST);Thu Oct 10 2019 10:13:43 GMT+0200 (CEST);1570702423000;0.41;81.17;12.08
1380556831572750;21.5;33.9;Thu Oct 10 2019 12:15:35 GMT+0200 (CEST);Thu Oct 10 2019 10:15:35 GMT+0200 (CEST);1570702535000;0.48;94.25;12.08
1380556831572750;21.5;33.9;Thu Oct 10 2019 12:17:34 GMT+0200 (CEST);Thu Oct 10 2019 10:17:34 GMT+0200 (CEST);1570702654000;0.44;93;12.07
1380556831572750;21.5;34.2;Thu Oct 10 2019 12:19:33 GMT+0200 (CEST);Thu Oct 10 2019 10:19:33 GMT+0200 (CEST);1570702773000;0.46;102.1;12.08
1380556831572750;21.5;35.3;Thu Oct 10 2019 12:21:32 GMT+0200 (CEST);Thu Oct 10 2019 10:21:32 GMT+0200 (CEST);1570702892000;0.68;144.64;12.14
1380556831572750;21.5;36.1;Thu Oct 10 2019 12:23:26 GMT+0200 (CEST);Thu Oct 10 2019 10:23:26 GMT+0200 (CEST);1570703006000;1.09;234.93;12.33
1380556831572750;21.5;36.2;Thu Oct 10 2019 12:25:22 GMT+0200 (CEST);Thu Oct 10 2019 10:25:22 GMT+0200 (CEST);1570703122000;1.15;237.73;12.77
1380556831572750;22;34.9;Thu Oct 10 2019 12:27:15 GMT+0200 (CEST);Thu Oct 10 2019 10:27:15 GMT+0200 (CEST);1570703235000;0.85;181.68;12.96
1380556831572750;22;34.4;Thu Oct 10 2019 12:29:08 GMT+0200 (CEST);Thu Oct 10 2019 10:29:08 GMT+0200 (CEST);1570703348000;0.7;148.48;13
1380556831572750;22;34.1;Thu Oct 10 2019 12:31:04 GMT+0200 (CEST);Thu Oct 10 2019 10:31:04 GMT+0200 (CEST);1570703464000;0.66;138.27;12.99
1380556831572750;22;33.9;Thu Oct 10 2019 12:32:56 GMT+0200 (CEST);Thu Oct 10 2019 10:32:56 GMT+0200 (CEST);1570703576000;0.47;104.98;12.94
1380556831572750;22;32.5;Thu Oct 10 2019 12:34:52 GMT+0200 (CEST);Thu Oct 10 2019 10:34:52 GMT+0200 (CEST);1570703692000;0.25;52.52;12.75
1380556831572750;21.5;32.5;Thu Oct 10 2019 12:36:48 GMT+0200 (CEST);Thu Oct 10 2019 10:36:48 GMT+0200 (CEST);1570703808000;0.37;72.1;12.61
1380556831572750;21.5;32.6;Thu Oct 10 2019 12:38:41 GMT+0200 (CEST);Thu Oct 10 2019 10:38:41 GMT+0200 (CEST);1570703921000;0.31;61.33;12.54
1380556831572750;21.5;32.2;Thu Oct 10 2019 12:40:36 GMT+0200 (CEST);Thu Oct 10 2019 10:40:36 GMT+0200 (CEST);1570704036000;0.24;47.96;12.42
1380556831572750;21.5;31.6;Thu Oct 10 2019 12:42:33 GMT+0200 (CEST);Thu Oct 10 2019 10:42:33 GMT+0200 (CEST);1570704153000;0.22;45.98;12.25
1380556831572750;21.5;32.1;Thu Oct 10 2019 12:44:27 GMT+0200 (CEST);Thu Oct 10 2019 10:44:27 GMT+0200 (CEST);1570704267000;0.2;42.56;12.05
1380556831572750;21.5;32.5;Thu Oct 10 2019 12:46:32 GMT+0200 (CEST);Thu Oct 10 2019 10:46:32 GMT+0200 (CEST);1570704392000;0.25;51.77;11.88
1380556831572750;21.5;32.8;Thu Oct 10 2019 12:48:25 GMT+0200 (CEST);Thu Oct 10 2019 10:48:25 GMT+0200 (CEST);1570704505000;0.3;61.25;11.76
1380556831572750;19.9;33.7;Thu Oct 10 2019 12:50:39 GMT+0200 (CEST);Thu Oct 10 2019 10:50:39 GMT+0200 (CEST);1570704639000;0.48;106.77;11.59
1380556831572750;19.9;34.5;Thu Oct 10 2019 12:52:38 GMT+0200 (CEST);Thu Oct 10 2019 10:52:38 GMT+0200 (CEST);1570704758000;0.99;214.17;11.6
1380556831572750;21.5;35.8;Thu Oct 10 2019 12:54:30 GMT+0200 (CEST);Thu Oct 10 2019 10:54:30 GMT+0200 (CEST);1570704870000;1.51;306.62;11.8
1380556831572750;21.5;35.9;Thu Oct 10 2019 12:56:35 GMT+0200 (CEST);Thu Oct 10 2019 10:56:35 GMT+0200 (CEST);1570704995000;1.53;324.69;12.43
1380556831572750;21.5;35.4;Thu Oct 10 2019 12:58:27 GMT+0200 (CEST);Thu Oct 10 2019 10:58:27 GMT+0200 (CEST);1570705107000;1.14;233.55;12.85
1380556831572750;22;34.4;Thu Oct 10 2019 13:00:32 GMT+0200 (CEST);Thu Oct 10 2019 11:00:32 GMT+0200 (CEST);1570705232000;0.76;163.56;12.96
1380556831572750;22;34.7;Thu Oct 10 2019 13:02:25 GMT+0200 (CEST);Thu Oct 10 2019 11:02:25 GMT+0200 (CEST);1570705345000;0.98;206.23;13.05
1380556831572750;23.5;34.6;Thu Oct 10 2019 13:04:18 GMT+0200 (CEST);Thu Oct 10 2019 11:04:18 GMT+0200 (CEST);1570705458000;0.79;162.23;13.1
1380556831572750;23.5;34.2;Thu Oct 10 2019 13:06:15 GMT+0200 (CEST);Thu Oct 10 2019 11:06:15 GMT+0200 (CEST);1570705575000;0.66;134.22;13.11
1380556831572750;23.5;34.2;Thu Oct 10 2019 13:08:07 GMT+0200 (CEST);Thu Oct 10 2019 11:08:07 GMT+0200 (CEST);1570705687000;0.8;170.46;13.03
1380556831572750;23.5;35;Thu Oct 10 2019 13:10:03 GMT+0200 (CEST);Thu Oct 10 2019 11:10:03 GMT+0200 (CEST);1570705803000;0.97;201.32;13.1
1380556831572750;23.5;35.2;Thu Oct 10 2019 13:11:57 GMT+0200 (CEST);Thu Oct 10 2019 11:11:57 GMT+0200 (CEST);1570705917000;1.25;481.27;13.21
1380556831572750;23.5;36;Thu Oct 10 2019 13:13:51 GMT+0200 (CEST);Thu Oct 10 2019 11:13:51 GMT+0200 (CEST);1570706031000;2.33;833.26;13.8
1380556831572750;23.5;35.9;Thu Oct 10 2019 13:15:44 GMT+0200 (CEST);Thu Oct 10 2019 11:15:44 GMT+0200 (CEST);1570706144000;4.68;1016.31;14.46
1380556831572750;23.5;35.4;Thu Oct 10 2019 13:17:36 GMT+0200 (CEST);Thu Oct 10 2019 11:17:36 GMT+0200 (CEST);1570706256000;1.82;414.71;15.36
1380556831572750;26;35.7;Thu Oct 10 2019 13:19:29 GMT+0200 (CEST);Thu Oct 10 2019 11:19:29 GMT+0200 (CEST);1570706369000;2.93;650.23;15.84
1380556831572750;26;35.7;Thu Oct 10 2019 13:20:22 GMT+0200 (CEST);Thu Oct 10 2019 11:20:22 GMT+0200 (CEST);1570706422000;2.29;468.47;15.96
1380556831572750;26;35.5;Thu Oct 10 2019 13:22:28 GMT+0200 (CEST);Thu Oct 10 2019 11:22:28 GMT+0200 (CEST);1570706548000;4.15;904.27;16.46
1380556831572750;28;35.3;Thu Oct 10 2019 13:24:20 GMT+0200 (CEST);Thu Oct 10 2019 11:24:20 GMT+0200 (CEST);1570706660000;1.52;401.91;17.07
1380556831572750;28;33.5;Thu Oct 10 2019 13:26:16 GMT+0200 (CEST);Thu Oct 10 2019 11:26:16 GMT+0200 (CEST);1570706776000;1.32;277.18;16.72
1380556831572750;29.5;34.3;Thu Oct 10 2019 13:28:09 GMT+0200 (CEST);Thu Oct 10 2019 11:28:09 GMT+0200 (CEST);1570706889000;1.69;316.49;16.05
1380556831572750;29.5;34.1;Thu Oct 10 2019 13:30:02 GMT+0200 (CEST);Thu Oct 10 2019 11:30:02 GMT+0200 (CEST);1570707002000;1.34;281.82;15.73
1380556831572750;29.5;34.2;Thu Oct 10 2019 13:31:55 GMT+0200 (CEST);Thu Oct 10 2019 11:31:55 GMT+0200 (CEST);1570707115000;1.09;222.72;15.4
1380556831572750;29.5;34.3;Thu Oct 10 2019 13:33:48 GMT+0200 (CEST);Thu Oct 10 2019 11:33:48 GMT+0200 (CEST);1570707228000;1.13;242.35;15.11
1380556831572750;29.5;34.5;Thu Oct 10 2019 13:35:41 GMT+0200 (CEST);Thu Oct 10 2019 11:35:41 GMT+0200 (CEST);1570707341000;1.28;279.62;14.85
1380556831572750;29.5;35.1;Thu Oct 10 2019 13:37:40 GMT+0200 (CEST);Thu Oct 10 2019 11:37:40 GMT+0200 (CEST);1570707460000;3.29;478.71;14.89
1380556831572750;29.5;34.6;Thu Oct 10 2019 13:39:33 GMT+0200 (CEST);Thu Oct 10 2019 11:39:33 GMT+0200 (CEST);1570707573000;1.27;290.19;14.99
1380556831572750;29.5;35;Thu Oct 10 2019 13:41:26 GMT+0200 (CEST);Thu Oct 10 2019 11:41:26 GMT+0200 (CEST);1570707686000;1.88;401.91;14.89
1380556831572750;28;35.9;Thu Oct 10 2019 13:43:20 GMT+0200 (CEST);Thu Oct 10 2019 11:43:20 GMT+0200 (CEST);1570707800000;3.17;691.48;15.35
1380556831572750;28;35.5;Thu Oct 10 2019 13:45:22 GMT+0200 (CEST);Thu Oct 10 2019 11:45:22 GMT+0200 (CEST);1570707922000;4.18;959.93;15.95
1380556831572750;29.5;35.6;Thu Oct 10 2019 13:47:15 GMT+0200 (CEST);Thu Oct 10 2019 11:47:15 GMT+0200 (CEST);1570708035000;1.42;320.11;16.3
1380556831572750;29.5;34;Thu Oct 10 2019 13:49:10 GMT+0200 (CEST);Thu Oct 10 2019 11:49:10 GMT+0200 (CEST);1570708150000;2.75;769.83;16.14
1380556831572750;29.5;33.6;Thu Oct 10 2019 13:51:15 GMT+0200 (CEST);Thu Oct 10 2019 11:51:15 GMT+0200 (CEST);1570708275000;0.88;196.1;15.9
1380556831572750;29.5;34;Thu Oct 10 2019 13:53:11 GMT+0200 (CEST);Thu Oct 10 2019 11:53:11 GMT+0200 (CEST);1570708391000;0.92;196.2;15.38
1380556831572750;29.5;34.2;Thu Oct 10 2019 13:55:04 GMT+0200 (CEST);Thu Oct 10 2019 11:55:04 GMT+0200 (CEST);1570708504000;0.99;213.11;15.05
1380556831572750;29.5;34.3;Thu Oct 10 2019 13:56:57 GMT+0200 (CEST);Thu Oct 10 2019 11:56:57 GMT+0200 (CEST);1570708617000;0.84;180.26;14.79
1380556831572750;29.5;34.4;Thu Oct 10 2019 13:58:59 GMT+0200 (CEST);Thu Oct 10 2019 11:58:59 GMT+0200 (CEST);1570708739000;0.96;205.21;14.48
1380556831572750;27.5;34.4;Thu Oct 10 2019 14:00:55 GMT+0200 (CEST);Thu Oct 10 2019 12:00:55 GMT+0200 (CEST);1570708855000;0.97;211.34;14.41
1380556831572750;27.5;34.9;Thu Oct 10 2019 14:02:47 GMT+0200 (CEST);Thu Oct 10 2019 12:02:47 GMT+0200 (CEST);1570708967000;1.47;447.99;14.49
1380556831572750;27.5;35.1;Thu Oct 10 2019 14:04:41 GMT+0200 (CEST);Thu Oct 10 2019 12:04:41 GMT+0200 (CEST);1570709081000;1.43;306.72;14.69
1380556831572750;27.5;35;Thu Oct 10 2019 14:06:34 GMT+0200 (CEST);Thu Oct 10 2019 12:06:34 GMT+0200 (CEST);1570709194000;1.77;366.07;14.67
1380556831572750;27.5;35;Thu Oct 10 2019 14:08:33 GMT+0200 (CEST);Thu Oct 10 2019 12:08:33 GMT+0200 (CEST);1570709313000;1.4;297.68;14.85
1380556831572750;27.5;35;Thu Oct 10 2019 14:10:26 GMT+0200 (CEST);Thu Oct 10 2019 12:10:26 GMT+0200 (CEST);1570709426000;1.69;348.15;14.87
1380556831572750;27.5;34.9;Thu Oct 10 2019 14:12:18 GMT+0200 (CEST);Thu Oct 10 2019 12:12:18 GMT+0200 (CEST);1570709538000;1.48;330.23;14.92
1380556831572750;27.5;35.3;Thu Oct 10 2019 14:14:13 GMT+0200 (CEST);Thu Oct 10 2019 12:14:13 GMT+0200 (CEST);1570709653000;1.56;332.79;14.96
1380556831572750;27.5;34.6;Thu Oct 10 2019 14:16:12 GMT+0200 (CEST);Thu Oct 10 2019 12:16:12 GMT+0200 (CEST);1570709772000;1.31;296.85;15.04
1380556831572750;27.5;35.1;Thu Oct 10 2019 14:18:04 GMT+0200 (CEST);Thu Oct 10 2019 12:18:04 GMT+0200 (CEST);1570709884000;3.05;674.45;15.1
1380556831572750;27.5;34.7;Thu Oct 10 2019 14:19:56 GMT+0200 (CEST);Thu Oct 10 2019 12:19:56 GMT+0200 (CEST);1570709996000;1.52;340.47;15.13
1380556831572750;27.5;35.1;Thu Oct 10 2019 14:21:49 GMT+0200 (CEST);Thu Oct 10 2019 12:21:49 GMT+0200 (CEST);1570710109000;3.58;788.39;15.14
1380556831572750;27.5;34.6;Thu Oct 10 2019 14:24:05 GMT+0200 (CEST);Thu Oct 10 2019 12:24:05 GMT+0200 (CEST);1570710245000;3.88;782.65;15.96
1380556831572750;27.5;35.2;Thu Oct 10 2019 14:26:00 GMT+0200 (CEST);Thu Oct 10 2019 12:26:00 GMT+0200 (CEST);1570710360000;4.6;985.59;16.78
1380556831572750;27.5;34.9;Thu Oct 10 2019 14:27:53 GMT+0200 (CEST);Thu Oct 10 2019 12:27:53 GMT+0200 (CEST);1570710473000;3.93;789.11;17.71
1380556831572750;30;33.9;Thu Oct 10 2019 14:29:46 GMT+0200 (CEST);Thu Oct 10 2019 12:29:46 GMT+0200 (CEST);1570710586000;3.9;842.23;18.59
1380556831572750;30;34;Thu Oct 10 2019 14:31:39 GMT+0200 (CEST);Thu Oct 10 2019 12:31:39 GMT+0200 (CEST);1570710699000;4.14;743.15;19.21
1380556831572750;30;32.9;Thu Oct 10 2019 14:33:42 GMT+0200 (CEST);Thu Oct 10 2019 12:33:42 GMT+0200 (CEST);1570710822000;1.55;291.87;18.89
1380556831572750;32;33.7;Thu Oct 10 2019 14:35:35 GMT+0200 (CEST);Thu Oct 10 2019 12:35:35 GMT+0200 (CEST);1570710935000;2.01;401.91;18.31
1380556831572750;32;34.3;Thu Oct 10 2019 14:37:28 GMT+0200 (CEST);Thu Oct 10 2019 12:37:28 GMT+0200 (CEST);1570711048000;2.01;407.03;17.91
1380556831572750;32;34.3;Thu Oct 10 2019 14:39:44 GMT+0200 (CEST);Thu Oct 10 2019 12:39:44 GMT+0200 (CEST);1570711184000;4.22;652.79;17.73
1380556831572750;32;33.7;Thu Oct 10 2019 14:41:40 GMT+0200 (CEST);Thu Oct 10 2019 12:41:40 GMT+0200 (CEST);1570711300000;1.17;245.65;17.14
1380556831572750;31.5;33.9;Thu Oct 10 2019 14:43:35 GMT+0200 (CEST);Thu Oct 10 2019 12:43:35 GMT+0200 (CEST);1570711415000;1.02;219.71;16.63
1380556831572750;31.5;34.1;Thu Oct 10 2019 14:45:29 GMT+0200 (CEST);Thu Oct 10 2019 12:45:29 GMT+0200 (CEST);1570711529000;1.03;202.05;16.16
1380556831572750;31.5;34.1;Thu Oct 10 2019 14:47:33 GMT+0200 (CEST);Thu Oct 10 2019 12:47:33 GMT+0200 (CEST);1570711653000;0.85;189.74;15.82
1380556831572750;30;34.9;Thu Oct 10 2019 14:49:26 GMT+0200 (CEST);Thu Oct 10 2019 12:49:26 GMT+0200 (CEST);1570711766000;1.09;242.83;15.6
1380556831572750;30;34.5;Thu Oct 10 2019 14:51:29 GMT+0200 (CEST);Thu Oct 10 2019 12:51:29 GMT+0200 (CEST);1570711889000;0.87;179.18;15.54
1380556831572750;30;34.1;Thu Oct 10 2019 14:53:22 GMT+0200 (CEST);Thu Oct 10 2019 12:53:22 GMT+0200 (CEST);1570712002000;0.73;153.5;15.39
1380556831572750;30;33.7;Thu Oct 10 2019 14:55:37 GMT+0200 (CEST);Thu Oct 10 2019 12:55:37 GMT+0200 (CEST);1570712137000;0.66;131.82;15.16
1380556831572750;30;33.2;Thu Oct 10 2019 14:57:30 GMT+0200 (CEST);Thu Oct 10 2019 12:57:30 GMT+0200 (CEST);1570712250000;0.48;96.02;14.99
1380556831572750;27.5;32.9;Thu Oct 10 2019 14:59:23 GMT+0200 (CEST);Thu Oct 10 2019 12:59:23 GMT+0200 (CEST);1570712363000;0.4;79.68;14.71
1380556831572750;27.5;32.8;Thu Oct 10 2019 15:01:16 GMT+0200 (CEST);Thu Oct 10 2019 13:01:16 GMT+0200 (CEST);1570712476000;0.47;90.84;14.47
1380556831572750;26;33.4;Thu Oct 10 2019 15:03:08 GMT+0200 (CEST);Thu Oct 10 2019 13:03:08 GMT+0200 (CEST);1570712588000;0.56;108.53;14.28
1380556831572750;26;33.6;Thu Oct 10 2019 15:05:01 GMT+0200 (CEST);Thu Oct 10 2019 13:05:01 GMT+0200 (CEST);1570712701000;0.64;129.32;14.19
1380556831572750;26;34;Thu Oct 10 2019 15:06:57 GMT+0200 (CEST);Thu Oct 10 2019 13:06:57 GMT+0200 (CEST);1570712817000;0.67;135.79;14.1
1380556831572750;25;34.1;Thu Oct 10 2019 15:08:56 GMT+0200 (CEST);Thu Oct 10 2019 13:08:56 GMT+0200 (CEST);1570712936000;0.67;133.01;14.17
1380556831572750;25;34;Thu Oct 10 2019 15:10:52 GMT+0200 (CEST);Thu Oct 10 2019 13:10:52 GMT+0200 (CEST);1570713052000;0.6;119.58;14.22
1380556831572750;24;33.5;Thu Oct 10 2019 15:12:45 GMT+0200 (CEST);Thu Oct 10 2019 13:12:45 GMT+0200 (CEST);1570713165000;0.52;101.77;14.19
1380556831572750;24;33.3;Thu Oct 10 2019 15:14:40 GMT+0200 (CEST);Thu Oct 10 2019 13:14:40 GMT+0200 (CEST);1570713280000;0.5;99.13;14.08
1380556831572750;23.5;33.6;Thu Oct 10 2019 15:16:45 GMT+0200 (CEST);Thu Oct 10 2019 13:16:45 GMT+0200 (CEST);1570713405000;0.58;120.16;13.98
1380556831572750;23.5;34.2;Thu Oct 10 2019 15:18:39 GMT+0200 (CEST);Thu Oct 10 2019 13:18:39 GMT+0200 (CEST);1570713519000;1.01;213.52;14
1380556831572750;23.5;35.5;Thu Oct 10 2019 15:20:33 GMT+0200 (CEST);Thu Oct 10 2019 13:20:33 GMT+0200 (CEST);1570713633000;1.11;241.54;14.19
1380556831572750;24;36.2;Thu Oct 10 2019 15:22:36 GMT+0200 (CEST);Thu Oct 10 2019 13:22:36 GMT+0200 (CEST);1570713756000;1.89;389.11;14.59
1380556831572750;24;34.9;Thu Oct 10 2019 15:24:28 GMT+0200 (CEST);Thu Oct 10 2019 13:24:28 GMT+0200 (CEST);1570713868000;0.59;160.73;14.85
1380556831572750;24;33.8;Thu Oct 10 2019 15:26:34 GMT+0200 (CEST);Thu Oct 10 2019 13:26:34 GMT+0200 (CEST);1570713994000;0.47;117.29;14.75
1380556831572750;24;34.2;Thu Oct 10 2019 15:28:27 GMT+0200 (CEST);Thu Oct 10 2019 13:28:27 GMT+0200 (CEST);1570714107000;1.09;291.42;14.67
1380556831572750;24;35.1;Thu Oct 10 2019 15:30:29 GMT+0200 (CEST);Thu Oct 10 2019 13:30:29 GMT+0200 (CEST);1570714229000;0.85;199.57;14.9
1380556831572750;24;34.3;Thu Oct 10 2019 15:32:24 GMT+0200 (CEST);Thu Oct 10 2019 13:32:24 GMT+0200 (CEST);1570714344000;0.62;143.46;14.96
1380556831572750;24;33.8;Thu Oct 10 2019 15:34:19 GMT+0200 (CEST);Thu Oct 10 2019 13:34:19 GMT+0200 (CEST);1570714459000;0.51;118.68;14.9
1380556831572750;24;34.6;Thu Oct 10 2019 15:36:20 GMT+0200 (CEST);Thu Oct 10 2019 13:36:20 GMT+0200 (CEST);1570714580000;3.08;269.97;14.92
1380556831572750;24;35;Thu Oct 10 2019 15:38:14 GMT+0200 (CEST);Thu Oct 10 2019 13:38:14 GMT+0200 (CEST);1570714694000;0.81;191.75;14.94
1380556831572750;25;34.8;Thu Oct 10 2019 15:40:06 GMT+0200 (CEST);Thu Oct 10 2019 13:40:06 GMT+0200 (CEST);1570714806000;1.69;373.75;15.03
1380556831572750;25;34.2;Thu Oct 10 2019 15:42:03 GMT+0200 (CEST);Thu Oct 10 2019 13:42:03 GMT+0200 (CEST);1570714923000;0.41;99.11;15.19
1380556831572750;25;34.2;Thu Oct 10 2019 15:43:57 GMT+0200 (CEST);Thu Oct 10 2019 13:43:57 GMT+0200 (CEST);1570715037000;0.55;128.73;15.01
1380556831572750;25;34.6;Thu Oct 10 2019 15:45:50 GMT+0200 (CEST);Thu Oct 10 2019 13:45:50 GMT+0200 (CEST);1570715150000;0.55;126.1;14.75
1380556831572750;25;34.2;Thu Oct 10 2019 15:47:43 GMT+0200 (CEST);Thu Oct 10 2019 13:47:43 GMT+0200 (CEST);1570715263000;0.54;125.67;14.54
1380556831572750;24;34.4;Thu Oct 10 2019 15:50:09 GMT+0200 (CEST);Thu Oct 10 2019 13:50:09 GMT+0200 (CEST);1570715409000;0.45;105.8;14.35
1380556831572750;24;34.7;Thu Oct 10 2019 15:52:05 GMT+0200 (CEST);Thu Oct 10 2019 13:52:05 GMT+0200 (CEST);1570715525000;0.72;150.35;14.32
1380556831572750;24;35;Thu Oct 10 2019 15:53:58 GMT+0200 (CEST);Thu Oct 10 2019 13:53:58 GMT+0200 (CEST);1570715638000;0.82;175.14;14.37
1380556831572750;24;35.1;Thu Oct 10 2019 15:55:51 GMT+0200 (CEST);Thu Oct 10 2019 13:55:51 GMT+0200 (CEST);1570715751000;2.85;588.79;14.59
1380556831572750;24;35.8;Thu Oct 10 2019 15:57:47 GMT+0200 (CEST);Thu Oct 10 2019 13:57:47 GMT+0200 (CEST);1570715867000;0.88;187.93;15.07
1380556831572750;25.5;34.7;Thu Oct 10 2019 15:59:41 GMT+0200 (CEST);Thu Oct 10 2019 13:59:41 GMT+0200 (CEST);1570715981000;0.93;205.65;15.1
1380556831572750;25.5;35.1;Thu Oct 10 2019 16:01:36 GMT+0200 (CEST);Thu Oct 10 2019 14:01:36 GMT+0200 (CEST);1570716096000;1.06;209.5;15.06
1380556831572750;25.5;34.3;Thu Oct 10 2019 16:03:28 GMT+0200 (CEST);Thu Oct 10 2019 14:03:28 GMT+0200 (CEST);1570716208000;0.73;156.38;14.99
1380556831572750;25.5;33.7;Thu Oct 10 2019 16:05:40 GMT+0200 (CEST);Thu Oct 10 2019 14:05:40 GMT+0200 (CEST);1570716340000;0.54;113.75;14.74
1380556831572750;25.5;33.7;Thu Oct 10 2019 16:07:36 GMT+0200 (CEST);Thu Oct 10 2019 14:07:36 GMT+0200 (CEST);1570716456000;0.52;111.01;14.6
1380556831572750;25;33.4;Thu Oct 10 2019 16:09:30 GMT+0200 (CEST);Thu Oct 10 2019 14:09:30 GMT+0200 (CEST);1570716570000;0.54;109.34;14.46
1380556831572750;25;33.4;Thu Oct 10 2019 16:11:29 GMT+0200 (CEST);Thu Oct 10 2019 14:11:29 GMT+0200 (CEST);1570716689000;0.53;105.63;14.36
1380556831572750;24;33.6;Thu Oct 10 2019 16:13:23 GMT+0200 (CEST);Thu Oct 10 2019 14:13:23 GMT+0200 (CEST);1570716803000;0.5;101.79;14.32
1380556831572750;24;33.2;Thu Oct 10 2019 16:15:19 GMT+0200 (CEST);Thu Oct 10 2019 14:15:19 GMT+0200 (CEST);1570716919000;0.43;84.6;14.31
1380556831572750;24;32.4;Thu Oct 10 2019 16:17:13 GMT+0200 (CEST);Thu Oct 10 2019 14:17:13 GMT+0200 (CEST);1570717033000;0.33;64.16;14.28
1380556831572750;23.5;31.7;Thu Oct 10 2019 16:19:05 GMT+0200 (CEST);Thu Oct 10 2019 14:19:05 GMT+0200 (CEST);1570717145000;0.27;54.06;14.23
1380556831572750;23.5;32.1;Thu Oct 10 2019 16:21:31 GMT+0200 (CEST);Thu Oct 10 2019 14:21:31 GMT+0200 (CEST);1570717291000;0.34;70.12;14.1
1380556831572750;23.5;32.6;Thu Oct 10 2019 16:23:24 GMT+0200 (CEST);Thu Oct 10 2019 14:23:24 GMT+0200 (CEST);1570717404000;0.32;66.95;14.07
1380556831572750;23.5;32.1;Thu Oct 10 2019 16:25:18 GMT+0200 (CEST);Thu Oct 10 2019 14:25:18 GMT+0200 (CEST);1570717518000;0.33;69.69;14.05
1380556831572750;23.5;32.8;Thu Oct 10 2019 16:27:13 GMT+0200 (CEST);Thu Oct 10 2019 14:27:13 GMT+0200 (CEST);1570717633000;0.48;99.55;14.03
1380556831572750;23.5;34;Thu Oct 10 2019 16:29:06 GMT+0200 (CEST);Thu Oct 10 2019 14:29:06 GMT+0200 (CEST);1570717746000;0.64;129.91;14.12
1380556831572750;23.5;33.9;Thu Oct 10 2019 16:30:58 GMT+0200 (CEST);Thu Oct 10 2019 14:30:58 GMT+0200 (CEST);1570717858000;0.51;109.64;14.18
1380556831572750;23.5;33.6;Thu Oct 10 2019 16:32:51 GMT+0200 (CEST);Thu Oct 10 2019 14:32:51 GMT+0200 (CEST);1570717971000;0.44;98.61;14.25
1380556831572750;23.5;33.5;Thu Oct 10 2019 16:34:44 GMT+0200 (CEST);Thu Oct 10 2019 14:34:44 GMT+0200 (CEST);1570718084000;0.48;124.72;14.28
1380556831572750;23.5;34.7;Thu Oct 10 2019 16:36:56 GMT+0200 (CEST);Thu Oct 10 2019 14:36:56 GMT+0200 (CEST);1570718216000;0.65;145.07;14.32
1380556831572750;23.5;35.1;Thu Oct 10 2019 16:38:48 GMT+0200 (CEST);Thu Oct 10 2019 14:38:48 GMT+0200 (CEST);1570718328000;0.7;151.94;14.33
1380556831572750;23.5;35.8;Thu Oct 10 2019 16:40:47 GMT+0200 (CEST);Thu Oct 10 2019 14:40:47 GMT+0200 (CEST);1570718447000;0.67;157.18;14.4
1380556831572750;24;34.4;Thu Oct 10 2019 16:42:41 GMT+0200 (CEST);Thu Oct 10 2019 14:42:41 GMT+0200 (CEST);1570718561000;0.47;106.22;14.46
1380556831572750;24;33.4;Thu Oct 10 2019 16:44:39 GMT+0200 (CEST);Thu Oct 10 2019 14:44:39 GMT+0200 (CEST);1570718679000;0.34;79.3;14.49
1380556831572750;23.5;32.9;Thu Oct 10 2019 16:46:32 GMT+0200 (CEST);Thu Oct 10 2019 14:46:32 GMT+0200 (CEST);1570718792000;0.28;69.11;14.36
1380556831572750;23.5;37;Thu Oct 10 2019 16:48:24 GMT+0200 (CEST);Thu Oct 10 2019 14:48:24 GMT+0200 (CEST);1570718904000;0.35;165.76;14.37
1380556831572750;24;36.9;Thu Oct 10 2019 16:50:26 GMT+0200 (CEST);Thu Oct 10 2019 14:50:26 GMT+0200 (CEST);1570719026000;0.59;350.71;14.57
1380556831572750;24;39.6;Thu Oct 10 2019 16:52:58 GMT+0200 (CEST);Thu Oct 10 2019 14:52:58 GMT+0200 (CEST);1570719178000;0.57;340.47;15.39
1380556831572750;24;39.8;Thu Oct 10 2019 16:54:51 GMT+0200 (CEST);Thu Oct 10 2019 14:54:51 GMT+0200 (CEST);1570719291000;0.76;348.15;16.14
1380556831572750;27.5;39.7;Thu Oct 10 2019 16:56:45 GMT+0200 (CEST);Thu Oct 10 2019 14:56:45 GMT+0200 (CEST);1570719405000;0.89;386.55;16.63
1380556831572750;27.5;39;Thu Oct 10 2019 16:58:38 GMT+0200 (CEST);Thu Oct 10 2019 14:58:38 GMT+0200 (CEST);1570719518000;0.98;366.07;17.05
1380556831572750;28;39.1;Thu Oct 10 2019 17:00:34 GMT+0200 (CEST);Thu Oct 10 2019 15:00:34 GMT+0200 (CEST);1570719634000;0.8;289.94;17.44
1380556831572750;28;33.1;Thu Oct 10 2019 17:02:50 GMT+0200 (CEST);Thu Oct 10 2019 15:02:50 GMT+0200 (CEST);1570719770000;0.45;98.52;17.02
1380556831572750;27.5;33;Thu Oct 10 2019 17:04:45 GMT+0200 (CEST);Thu Oct 10 2019 15:04:45 GMT+0200 (CEST);1570719885000;0.43;94.96;16.58
1380556831572750;27.5;33.5;Thu Oct 10 2019 17:06:32 GMT+0200 (CEST);Thu Oct 10 2019 15:06:32 GMT+0200 (CEST);1570719992000;0.51;174.72;16.23
1380556831572750;27.5;33.4;Thu Oct 10 2019 17:08:31 GMT+0200 (CEST);Thu Oct 10 2019 15:08:31 GMT+0200 (CEST);1570720111000;0.28;59.64;15.86
1380556831572750;26;32.6;Thu Oct 10 2019 17:10:23 GMT+0200 (CEST);Thu Oct 10 2019 15:10:23 GMT+0200 (CEST);1570720223000;0.24;52.32;15.57
1380556831572750;26;32.4;Thu Oct 10 2019 17:12:16 GMT+0200 (CEST);Thu Oct 10 2019 15:12:16 GMT+0200 (CEST);1570720336000;0.23;51.29;15.1
1380556831572750;26;32.4;Thu Oct 10 2019 17:14:08 GMT+0200 (CEST);Thu Oct 10 2019 15:14:08 GMT+0200 (CEST);1570720448000;0.27;57.95;14.79
1380556831572750;26;32.5;Thu Oct 10 2019 17:16:03 GMT+0200 (CEST);Thu Oct 10 2019 15:16:03 GMT+0200 (CEST);1570720563000;0.32;66.89;14.5
1380556831572750;26;33.4;Thu Oct 10 2019 17:17:58 GMT+0200 (CEST);Thu Oct 10 2019 15:17:58 GMT+0200 (CEST);1570720678000;0.4;86.05;14.39
1380556831572750;24;36.4;Thu Oct 10 2019 17:19:51 GMT+0200 (CEST);Thu Oct 10 2019 15:19:51 GMT+0200 (CEST);1570720791000;0.45;97.99;14.38
1380556831572750;24;34.2;Thu Oct 10 2019 17:21:50 GMT+0200 (CEST);Thu Oct 10 2019 15:21:50 GMT+0200 (CEST);1570720910000;0.63;168.21;14.32
1380556831572750;24;35.8;Thu Oct 10 2019 17:24:04 GMT+0200 (CEST);Thu Oct 10 2019 15:24:04 GMT+0200 (CEST);1570721044000;0.65;167.07;14.48
1380556831572750;24;33.9;Thu Oct 10 2019 17:26:00 GMT+0200 (CEST);Thu Oct 10 2019 15:26:00 GMT+0200 (CEST);1570721160000;0.47;100.95;14.55
1380556831572750;23.5;33.5;Thu Oct 10 2019 17:27:55 GMT+0200 (CEST);Thu Oct 10 2019 15:27:55 GMT+0200 (CEST);1570721275000;0.38;76.73;14.48
1380556831572750;23.5;32.9;Thu Oct 10 2019 17:29:48 GMT+0200 (CEST);Thu Oct 10 2019 15:29:48 GMT+0200 (CEST);1570721388000;0.31;65.6;14.41
1380556831572750;23.5;32.3;Thu Oct 10 2019 17:32:21 GMT+0200 (CEST);Thu Oct 10 2019 15:32:21 GMT+0200 (CEST);1570721541000;0.22;46.01;14.28
1380556831572750;23.5;31.1;Thu Oct 10 2019 17:34:14 GMT+0200 (CEST);Thu Oct 10 2019 15:34:14 GMT+0200 (CEST);1570721654000;0.13;26.51;14.07
1380556831572750;23.5;30.4;Thu Oct 10 2019 17:36:07 GMT+0200 (CEST);Thu Oct 10 2019 15:36:07 GMT+0200 (CEST);1570721767000;0.09;21.51;13.92
1380556831572750;21.5;30.8;Thu Oct 10 2019 17:38:07 GMT+0200 (CEST);Thu Oct 10 2019 15:38:07 GMT+0200 (CEST);1570721887000;0.14;26.23;13.75
1380556831572750;21.5;32.4;Thu Oct 10 2019 17:40:02 GMT+0200 (CEST);Thu Oct 10 2019 15:40:02 GMT+0200 (CEST);1570722002000;0.4;64.53;13.35
1380556831572750;22;33.7;Thu Oct 10 2019 17:41:55 GMT+0200 (CEST);Thu Oct 10 2019 15:41:55 GMT+0200 (CEST);1570722115000;0.42;79.9;12.9
1380556831572750;22;33.8;Thu Oct 10 2019 17:43:47 GMT+0200 (CEST);Thu Oct 10 2019 15:43:47 GMT+0200 (CEST);1570722227000;0.32;64.81;12.46
1380556831572750;21.5;32.8;Thu Oct 10 2019 17:45:40 GMT+0200 (CEST);Thu Oct 10 2019 15:45:40 GMT+0200 (CEST);1570722340000;0.24;48.5;12.24
1380556831572750;21.5;37.3;Thu Oct 10 2019 17:47:37 GMT+0200 (CEST);Thu Oct 10 2019 15:47:37 GMT+0200 (CEST);1570722457000;0.38;53.33;12.06
1380556831572750;21.5;37.4;Thu Oct 10 2019 17:49:30 GMT+0200 (CEST);Thu Oct 10 2019 15:49:30 GMT+0200 (CEST);1570722570000;0.36;58.68;11.99
1380556831572750;22;36;Thu Oct 10 2019 17:51:36 GMT+0200 (CEST);Thu Oct 10 2019 15:51:36 GMT+0200 (CEST);1570722696000;0.26;54.32;11.97
1380556831572750;22;33.4;Thu Oct 10 2019 17:53:29 GMT+0200 (CEST);Thu Oct 10 2019 15:53:29 GMT+0200 (CEST);1570722809000;0.23;47.7;11.96
1380556831572750;21.5;32;Thu Oct 10 2019 17:55:33 GMT+0200 (CEST);Thu Oct 10 2019 15:55:33 GMT+0200 (CEST);1570722933000;0.17;33.63;11.94
1380556831572750;21.5;31.8;Thu Oct 10 2019 17:57:26 GMT+0200 (CEST);Thu Oct 10 2019 15:57:26 GMT+0200 (CEST);1570723046000;0.12;26.99;11.89
1380556831572750;19.4;31.8;Thu Oct 10 2019 17:59:18 GMT+0200 (CEST);Thu Oct 10 2019 15:59:18 GMT+0200 (CEST);1570723158000;0.11;21.58;11.8
1380556831572750;19.4;31;Thu Oct 10 2019 18:01:18 GMT+0200 (CEST);Thu Oct 10 2019 16:01:18 GMT+0200 (CEST);1570723278000;0.09;19.26;11.68
1380556831572750;19.4;31.1;Thu Oct 10 2019 18:03:11 GMT+0200 (CEST);Thu Oct 10 2019 16:03:11 GMT+0200 (CEST);1570723391000;0.08;16.98;11.56
1380556831572750;17.9;30.8;Thu Oct 10 2019 18:05:04 GMT+0200 (CEST);Thu Oct 10 2019 16:05:04 GMT+0200 (CEST);1570723504000;0.08;17.01;11.44
1380556831572750;17.9;31.1;Thu Oct 10 2019 18:06:56 GMT+0200 (CEST);Thu Oct 10 2019 16:06:56 GMT+0200 (CEST);1570723616000;0.08;16.18;11.38
1380556831572750;17.9;30.9;Thu Oct 10 2019 18:08:49 GMT+0200 (CEST);Thu Oct 10 2019 16:08:49 GMT+0200 (CEST);1570723729000;0.08;15.92;11.31
1380556831572750;17.9;30.8;Thu Oct 10 2019 18:10:36 GMT+0200 (CEST);Thu Oct 10 2019 16:10:36 GMT+0200 (CEST);1570723836000;0.08;14.08;11.25
1380556831572750;17.9;31.1;Thu Oct 10 2019 18:12:29 GMT+0200 (CEST);Thu Oct 10 2019 16:12:29 GMT+0200 (CEST);1570723949000;0.07;12.72;11.15
1380556831572750;16.9;31.5;Thu Oct 10 2019 18:14:28 GMT+0200 (CEST);Thu Oct 10 2019 16:14:28 GMT+0200 (CEST);1570724068000;0.07;14.5;11.14
1380556831572750;16.9;32.7;Thu Oct 10 2019 18:16:22 GMT+0200 (CEST);Thu Oct 10 2019 16:16:22 GMT+0200 (CEST);1570724182000;0;12.14;11.13
1380556831572750;16.9;33.1;Thu Oct 10 2019 18:18:15 GMT+0200 (CEST);Thu Oct 10 2019 16:18:15 GMT+0200 (CEST);1570724295000;0;10.06;11.1
1380556831572750;16.9;33.9;Thu Oct 10 2019 18:20:08 GMT+0200 (CEST);Thu Oct 10 2019 16:20:08 GMT+0200 (CEST);1570724408000;0;9.04;11.03
1380556831572750;16.9;35.3;Thu Oct 10 2019 18:22:02 GMT+0200 (CEST);Thu Oct 10 2019 16:22:02 GMT+0200 (CEST);1570724522000;0;8.71;11.01
1380556831572750;19.4;34.2;Thu Oct 10 2019 18:24:01 GMT+0200 (CEST);Thu Oct 10 2019 16:24:01 GMT+0200 (CEST);1570724641000;0;7.59;10.99
1380556831572750;19.4;33.2;Thu Oct 10 2019 18:25:58 GMT+0200 (CEST);Thu Oct 10 2019 16:25:58 GMT+0200 (CEST);1570724758000;0;5.75;10.95
1380556831572750;16.9;33.8;Thu Oct 10 2019 18:27:51 GMT+0200 (CEST);Thu Oct 10 2019 16:27:51 GMT+0200 (CEST);1570724871000;0;4.88;10.92
1380556831572750;16.9;33.7;Thu Oct 10 2019 18:29:44 GMT+0200 (CEST);Thu Oct 10 2019 16:29:44 GMT+0200 (CEST);1570724984000;0;4.15;10.88
1380556831572750;16.9;32.7;Thu Oct 10 2019 18:31:37 GMT+0200 (CEST);Thu Oct 10 2019 16:31:37 GMT+0200 (CEST);1570725097000;0;4.01;10.88
1380556831572750;16.9;31.5;Thu Oct 10 2019 18:33:45 GMT+0200 (CEST);Thu Oct 10 2019 16:33:45 GMT+0200 (CEST);1570725225000;0;3.01;10.87
1380556831572750;16.9;30.4;Thu Oct 10 2019 18:35:48 GMT+0200 (CEST);Thu Oct 10 2019 16:35:48 GMT+0200 (CEST);1570725348000;0;1.5;10.82
1380556831572750;16.9;29.3;Thu Oct 10 2019 18:37:43 GMT+0200 (CEST);Thu Oct 10 2019 16:37:43 GMT+0200 (CEST);1570725463000;0;0.95;10.78
1380556831572750;16.9;28.1;Thu Oct 10 2019 18:39:35 GMT+0200 (CEST);Thu Oct 10 2019 16:39:35 GMT+0200 (CEST);1570725575000;0;0.22;10.71
1380556831572750;16.9;28.1;Thu Oct 10 2019 18:41:50 GMT+0200 (CEST);Thu Oct 10 2019 16:41:50 GMT+0200 (CEST);1570725710000;0;-0.01;10.65
1380556831572750;16.9;28.1;Thu Oct 10 2019 18:43:43 GMT+0200 (CEST);Thu Oct 10 2019 16:43:43 GMT+0200 (CEST);1570725823000;0;-0.01;10.57
1380556831572750;11.4;28.5;Fri Oct 11 2019 07:51:49 GMT+0200 (CEST);Fri Oct 11 2019 05:51:49 GMT+0200 (CEST);1570773109000;0.11;22;7.72
1380556831572750;11.4;28.4;Fri Oct 11 2019 07:53:42 GMT+0200 (CEST);Fri Oct 11 2019 05:53:42 GMT+0200 (CEST);1570773222000;0.11;21.77;7.76
1380556831572750;11.4;28.4;Fri Oct 11 2019 07:56:00 GMT+0200 (CEST);Fri Oct 11 2019 05:56:00 GMT+0200 (CEST);1570773360000;0.12;24.4;7.81
1380556831572750;11.4;28.2;Fri Oct 11 2019 07:57:52 GMT+0200 (CEST);Fri Oct 11 2019 05:57:52 GMT+0200 (CEST);1570773472000;0.13;26.9;7.84
1380556831572750;11.4;28.7;Fri Oct 11 2019 07:59:45 GMT+0200 (CEST);Fri Oct 11 2019 05:59:45 GMT+0200 (CEST);1570773585000;0.14;28.12;7.87
1380556831572750;11.9;31.2;Fri Oct 11 2019 08:01:37 GMT+0200 (CEST);Fri Oct 11 2019 06:01:37 GMT+0200 (CEST);1570773697000;0.14;30.49;7.89
1380556831572750;11.9;31.5;Fri Oct 11 2019 08:03:51 GMT+0200 (CEST);Fri Oct 11 2019 06:03:51 GMT+0200 (CEST);1570773831000;0.15;33.35;7.9
1380556831572750;13.4;32.3;Fri Oct 11 2019 08:05:58 GMT+0200 (CEST);Fri Oct 11 2019 06:05:58 GMT+0200 (CEST);1570773958000;0.14;33.09;7.92
1380556831572750;13.4;31.6;Fri Oct 11 2019 08:07:51 GMT+0200 (CEST);Fri Oct 11 2019 06:07:51 GMT+0200 (CEST);1570774071000;0.16;36.08;7.95
1380556831572750;13.9;32;Fri Oct 11 2019 08:09:44 GMT+0200 (CEST);Fri Oct 11 2019 06:09:44 GMT+0200 (CEST);1570774184000;0.16;37.07;7.99
1380556831572750;13.9;32;Fri Oct 11 2019 08:11:41 GMT+0200 (CEST);Fri Oct 11 2019 06:11:41 GMT+0200 (CEST);1570774301000;0.14;33.44;8
1380556831572750;13.9;31.7;Fri Oct 11 2019 08:13:34 GMT+0200 (CEST);Fri Oct 11 2019 06:13:34 GMT+0200 (CEST);1570774414000;0.14;35.92;8
1380556831572750;13.9;31.8;Fri Oct 11 2019 08:15:27 GMT+0200 (CEST);Fri Oct 11 2019 06:15:27 GMT+0200 (CEST);1570774527000;0.16;39.36;7.99
1380556831572750;13.9;31.9;Fri Oct 11 2019 08:17:20 GMT+0200 (CEST);Fri Oct 11 2019 06:17:20 GMT+0200 (CEST);1570774640000;0.18;44.22;8.01
1380556831572750;13.9;32.2;Fri Oct 11 2019 08:19:14 GMT+0200 (CEST);Fri Oct 11 2019 06:19:14 GMT+0200 (CEST);1570774754000;0.2;51.07;8.07
1380556831572750;13.9;32.4;Fri Oct 11 2019 08:21:18 GMT+0200 (CEST);Fri Oct 11 2019 06:21:18 GMT+0200 (CEST);1570774878000;0.21;55.33;8.14
1380556831572750;13.9;32.4;Fri Oct 11 2019 08:23:11 GMT+0200 (CEST);Fri Oct 11 2019 06:23:11 GMT+0200 (CEST);1570774991000;0.2;53.75;8.21
1380556831572750;13.9;32.8;Fri Oct 11 2019 08:25:04 GMT+0200 (CEST);Fri Oct 11 2019 06:25:04 GMT+0200 (CEST);1570775104000;0.23;62.39;8.23
1380556831572750;13.9;33.6;Fri Oct 11 2019 08:26:57 GMT+0200 (CEST);Fri Oct 11 2019 06:26:57 GMT+0200 (CEST);1570775217000;0.28;73.49;8.24
1380556831572750;15.4;33.8;Fri Oct 11 2019 08:28:49 GMT+0200 (CEST);Fri Oct 11 2019 06:28:49 GMT+0200 (CEST);1570775329000;0.3;79.16;8.29
1380556831572750;15.4;34.1;Fri Oct 11 2019 08:30:44 GMT+0200 (CEST);Fri Oct 11 2019 06:30:44 GMT+0200 (CEST);1570775444000;0.35;85.38;8.36
1380556831572750;15.4;34.2;Fri Oct 11 2019 08:32:37 GMT+0200 (CEST);Fri Oct 11 2019 06:32:37 GMT+0200 (CEST);1570775557000;0.35;85.55;8.42
1380556831572750;15.4;34.4;Fri Oct 11 2019 08:34:57 GMT+0200 (CEST);Fri Oct 11 2019 06:34:57 GMT+0200 (CEST);1570775697000;0.31;108.89;8.51
1380556831572750;15.4;34.9;Fri Oct 11 2019 08:36:51 GMT+0200 (CEST);Fri Oct 11 2019 06:36:51 GMT+0200 (CEST);1570775811000;0.28;154.19;8.7
1380556831572750;15.9;34.5;Fri Oct 11 2019 08:38:45 GMT+0200 (CEST);Fri Oct 11 2019 06:38:45 GMT+0200 (CEST);1570775925000;0.29;103.16;8.9
1380556831572750;15.9;34.9;Fri Oct 11 2019 08:40:38 GMT+0200 (CEST);Fri Oct 11 2019 06:40:38 GMT+0200 (CEST);1570776038000;0.3;118.18;8.99
1380556831572750;15.9;34.6;Fri Oct 11 2019 08:42:35 GMT+0200 (CEST);Fri Oct 11 2019 06:42:35 GMT+0200 (CEST);1570776155000;0.32;103.59;9.04
1380556831572750;15.9;34.9;Fri Oct 11 2019 08:44:28 GMT+0200 (CEST);Fri Oct 11 2019 06:44:28 GMT+0200 (CEST);1570776268000;0.31;142.45;9.17
1380556831572750;15.9;34.5;Fri Oct 11 2019 08:46:23 GMT+0200 (CEST);Fri Oct 11 2019 06:46:23 GMT+0200 (CEST);1570776383000;0.34;107.18;9.23
1380556831572750;15.9;34.7;Fri Oct 11 2019 08:48:16 GMT+0200 (CEST);Fri Oct 11 2019 06:48:16 GMT+0200 (CEST);1570776496000;0.36;150.65;9.28
1380556831572750;15.9;34.7;Fri Oct 11 2019 08:50:21 GMT+0200 (CEST);Fri Oct 11 2019 06:50:21 GMT+0200 (CEST);1570776621000;0.35;150.9;9.42
1380556831572750;15.9;34.6;Fri Oct 11 2019 08:52:37 GMT+0200 (CEST);Fri Oct 11 2019 06:52:37 GMT+0200 (CEST);1570776757000;0.38;201.23;9.57
1380556831572750;15.9;34.7;Fri Oct 11 2019 08:54:29 GMT+0200 (CEST);Fri Oct 11 2019 06:54:29 GMT+0200 (CEST);1570776869000;0.4;200.84;9.76
1380556831572750;15.9;34.9;Fri Oct 11 2019 08:56:31 GMT+0200 (CEST);Fri Oct 11 2019 06:56:31 GMT+0200 (CEST);1570776991000;0.42;238.92;10.01
1380556831572750;15.9;30.4;Fri Oct 11 2019 08:58:24 GMT+0200 (CEST);Fri Oct 11 2019 06:58:24 GMT+0200 (CEST);1570777104000;0.46;224.92;10.14
1380556831572750;15.9;31.3;Fri Oct 11 2019 09:00:24 GMT+0200 (CEST);Fri Oct 11 2019 07:00:24 GMT+0200 (CEST);1570777224000;0.47;123.19;10.23
1380556831572750;15.4;34;Fri Oct 11 2019 09:02:17 GMT+0200 (CEST);Fri Oct 11 2019 07:02:17 GMT+0200 (CEST);1570777337000;0.53;249.32;10.27
1380556831572750;15.4;33.2;Fri Oct 11 2019 09:04:10 GMT+0200 (CEST);Fri Oct 11 2019 07:04:10 GMT+0200 (CEST);1570777450000;0.55;311.47;10.48
1380556831572750;15.9;33.8;Fri Oct 11 2019 09:06:05 GMT+0200 (CEST);Fri Oct 11 2019 07:06:05 GMT+0200 (CEST);1570777565000;0.6;325.97;10.87
1380556831572750;15.9;33.8;Fri Oct 11 2019 09:07:58 GMT+0200 (CEST);Fri Oct 11 2019 07:07:58 GMT+0200 (CEST);1570777678000;0.65;330.23;11.24
1380556831572750;15.9;33.7;Fri Oct 11 2019 09:09:51 GMT+0200 (CEST);Fri Oct 11 2019 07:09:51 GMT+0200 (CEST);1570777791000;0.69;308.44;11.55
1380556831572750;16.9;33.3;Fri Oct 11 2019 09:11:44 GMT+0200 (CEST);Fri Oct 11 2019 07:11:44 GMT+0200 (CEST);1570777904000;0.74;353.27;11.75
1380556831572750;16.9;32;Fri Oct 11 2019 09:13:38 GMT+0200 (CEST);Fri Oct 11 2019 07:13:38 GMT+0200 (CEST);1570778018000;0.84;396.79;12.12
1380556831572750;16.9;33;Fri Oct 11 2019 09:15:31 GMT+0200 (CEST);Fri Oct 11 2019 07:15:31 GMT+0200 (CEST);1570778131000;0.96;376.31;12.44
1380556831572750;16.9;34;Fri Oct 11 2019 09:17:24 GMT+0200 (CEST);Fri Oct 11 2019 07:17:24 GMT+0200 (CEST);1570778244000;1.04;447.99;12.95
1380556831572750;16.9;36.9;Fri Oct 11 2019 09:19:16 GMT+0200 (CEST);Fri Oct 11 2019 07:19:16 GMT+0200 (CEST);1570778356000;0.99;399.35;13.28
1380556831572750;19.4;38.6;Fri Oct 11 2019 09:21:32 GMT+0200 (CEST);Fri Oct 11 2019 07:21:32 GMT+0200 (CEST);1570778492000;0.98;401.91;13.44
1380556831572750;19.4;39.3;Fri Oct 11 2019 09:23:25 GMT+0200 (CEST);Fri Oct 11 2019 07:23:25 GMT+0200 (CEST);1570778605000;0.97;407.03;13.67
1380556831572750;23.5;39.8;Fri Oct 11 2019 09:25:20 GMT+0200 (CEST);Fri Oct 11 2019 07:25:20 GMT+0200 (CEST);1570778720000;1;312.46;13.85
1380556831572750;23.5;38.4;Fri Oct 11 2019 09:27:21 GMT+0200 (CEST);Fri Oct 11 2019 07:27:21 GMT+0200 (CEST);1570778841000;1.24;310.21;13.75
1380556831572750;23.5;36.7;Fri Oct 11 2019 09:29:14 GMT+0200 (CEST);Fri Oct 11 2019 07:29:14 GMT+0200 (CEST);1570778954000;1.38;320.49;13.71
1380556831572750;23.5;36.5;Fri Oct 11 2019 09:31:13 GMT+0200 (CEST);Fri Oct 11 2019 07:31:13 GMT+0200 (CEST);1570779073000;1.49;350.71;13.67
1380556831572750;23.5;35.1;Fri Oct 11 2019 09:33:07 GMT+0200 (CEST);Fri Oct 11 2019 07:33:07 GMT+0200 (CEST);1570779187000;1.42;315.13;13.54
1380556831572750;23.5;35.3;Fri Oct 11 2019 09:35:02 GMT+0200 (CEST);Fri Oct 11 2019 07:35:02 GMT+0200 (CEST);1570779302000;1.54;350.71;13.42
1380556831572750;23.5;35.5;Fri Oct 11 2019 09:37:06 GMT+0200 (CEST);Fri Oct 11 2019 07:37:06 GMT+0200 (CEST);1570779426000;1.34;298.62;13.39
1380556831572750;23.5;35.1;Fri Oct 11 2019 09:38:58 GMT+0200 (CEST);Fri Oct 11 2019 07:38:58 GMT+0200 (CEST);1570779538000;1.43;317.23;13.26
1380556831572750;23.5;35.5;Fri Oct 11 2019 09:40:53 GMT+0200 (CEST);Fri Oct 11 2019 07:40:53 GMT+0200 (CEST);1570779653000;1.25;281.55;13.28
1380556831572750;23.5;35.3;Fri Oct 11 2019 09:42:46 GMT+0200 (CEST);Fri Oct 11 2019 07:42:46 GMT+0200 (CEST);1570779766000;1.46;319.57;13.26
1380556831572750;23.5;35.6;Fri Oct 11 2019 09:44:40 GMT+0200 (CEST);Fri Oct 11 2019 07:44:40 GMT+0200 (CEST);1570779880000;1.38;301.62;13.35
1380556831572750;23.5;35.1;Fri Oct 11 2019 09:46:37 GMT+0200 (CEST);Fri Oct 11 2019 07:46:37 GMT+0200 (CEST);1570779997000;1.23;273.95;13.37
1380556831572750;23.5;35.2;Fri Oct 11 2019 09:48:48 GMT+0200 (CEST);Fri Oct 11 2019 07:48:48 GMT+0200 (CEST);1570780128000;1.3;285.69;13.35
1380556831572750;24;35.3;Fri Oct 11 2019 09:50:43 GMT+0200 (CEST);Fri Oct 11 2019 07:50:43 GMT+0200 (CEST);1570780243000;1.38;305.52;13.32
1380556831572750;24;35.3;Fri Oct 11 2019 09:52:37 GMT+0200 (CEST);Fri Oct 11 2019 07:52:37 GMT+0200 (CEST);1570780357000;1.31;288.03;13.37
1380556831572750;23.5;35.4;Fri Oct 11 2019 09:54:29 GMT+0200 (CEST);Fri Oct 11 2019 07:54:29 GMT+0200 (CEST);1570780469000;1.45;313.79;13.42
1380556831572750;23.5;35.3;Fri Oct 11 2019 09:56:22 GMT+0200 (CEST);Fri Oct 11 2019 07:56:22 GMT+0200 (CEST);1570780582000;1.22;271;13.48
1380556831572750;23.5;35.2;Fri Oct 11 2019 09:58:15 GMT+0200 (CEST);Fri Oct 11 2019 07:58:15 GMT+0200 (CEST);1570780695000;1.09;239.56;13.42
1380556831572750;23.5;34.9;Fri Oct 11 2019 10:00:16 GMT+0200 (CEST);Fri Oct 11 2019 08:00:16 GMT+0200 (CEST);1570780816000;0.94;211.98;13.31
1380556831572750;23.5;34.9;Fri Oct 11 2019 10:02:14 GMT+0200 (CEST);Fri Oct 11 2019 08:02:14 GMT+0200 (CEST);1570780934000;0.95;210.36;13.23
1380556831572750;23.5;34.9;Fri Oct 11 2019 10:04:09 GMT+0200 (CEST);Fri Oct 11 2019 08:04:09 GMT+0200 (CEST);1570781049000;0.96;212.2;13.16
1380556831572750;23.5;35;Fri Oct 11 2019 10:06:02 GMT+0200 (CEST);Fri Oct 11 2019 08:06:02 GMT+0200 (CEST);1570781162000;1.03;227.38;13.21
1380556831572750;23.5;35.1;Fri Oct 11 2019 10:08:13 GMT+0200 (CEST);Fri Oct 11 2019 08:08:13 GMT+0200 (CEST);1570781293000;1.13;249.01;13.21
1380556831572750;23.5;35.3;Fri Oct 11 2019 10:10:17 GMT+0200 (CEST);Fri Oct 11 2019 08:10:17 GMT+0200 (CEST);1570781417000;1.26;286.03;13.21
1380556831572750;23.5;35.4;Fri Oct 11 2019 10:12:10 GMT+0200 (CEST);Fri Oct 11 2019 08:12:10 GMT+0200 (CEST);1570781530000;1.24;273.44;13.32
1380556831572750;23.5;35.3;Fri Oct 11 2019 10:14:03 GMT+0200 (CEST);Fri Oct 11 2019 08:14:03 GMT+0200 (CEST);1570781643000;1.12;253.88;13.42
1380556831572750;23.5;35.3;Fri Oct 11 2019 10:15:58 GMT+0200 (CEST);Fri Oct 11 2019 08:15:58 GMT+0200 (CEST);1570781758000;1.15;263.67;13.48
1380556831572750;23.5;35.1;Fri Oct 11 2019 10:17:57 GMT+0200 (CEST);Fri Oct 11 2019 08:17:57 GMT+0200 (CEST);1570781877000;1.32;287.35;13.53
1380556831572750;23.5;35.3;Fri Oct 11 2019 10:19:53 GMT+0200 (CEST);Fri Oct 11 2019 08:19:53 GMT+0200 (CEST);1570781993000;1.28;281.94;13.57
1380556831572750;23.5;35.1;Fri Oct 11 2019 10:21:46 GMT+0200 (CEST);Fri Oct 11 2019 08:21:46 GMT+0200 (CEST);1570782106000;1.35;291.67;13.57
1380556831572750;24;35.4;Fri Oct 11 2019 10:23:31 GMT+0200 (CEST);Fri Oct 11 2019 08:23:31 GMT+0200 (CEST);1570782211000;1.44;312.5;13.67
1380556831572750;24;35.4;Fri Oct 11 2019 10:25:30 GMT+0200 (CEST);Fri Oct 11 2019 08:25:30 GMT+0200 (CEST);1570782330000;1.61;348.15;13.81
1380556831572750;24;35.5;Fri Oct 11 2019 10:27:22 GMT+0200 (CEST);Fri Oct 11 2019 08:27:22 GMT+0200 (CEST);1570782442000;1.91;419.83;14.07
1380556831572750;24;35.4;Fri Oct 11 2019 10:29:16 GMT+0200 (CEST);Fri Oct 11 2019 08:29:16 GMT+0200 (CEST);1570782556000;1.7;343.03;14.37
1380556831572750;24;35.2;Fri Oct 11 2019 10:31:13 GMT+0200 (CEST);Fri Oct 11 2019 08:31:13 GMT+0200 (CEST);1570782673000;1.71;368.63;14.49
1380556831572750;25.5;35.1;Fri Oct 11 2019 10:33:06 GMT+0200 (CEST);Fri Oct 11 2019 08:33:06 GMT+0200 (CEST);1570782786000;2.01;458.23;14.64
1380556831572750;25.5;35.7;Fri Oct 11 2019 10:35:00 GMT+0200 (CEST);Fri Oct 11 2019 08:35:00 GMT+0200 (CEST);1570782900000;2.06;440.31;14.96
1380556831572750;25.5;35.2;Fri Oct 11 2019 10:36:52 GMT+0200 (CEST);Fri Oct 11 2019 08:36:52 GMT+0200 (CEST);1570783012000;2.03;437.75;15.14
1380556831572750;26;34.8;Fri Oct 11 2019 10:39:23 GMT+0200 (CEST);Fri Oct 11 2019 08:39:23 GMT+0200 (CEST);1570783163000;1.79;378.87;15.46
1380556831572750;26;34.4;Fri Oct 11 2019 10:41:24 GMT+0200 (CEST);Fri Oct 11 2019 08:41:24 GMT+0200 (CEST);1570783284000;1.28;272.25;15.5
1380556831572750;27.5;34.5;Fri Oct 11 2019 10:43:17 GMT+0200 (CEST);Fri Oct 11 2019 08:43:17 GMT+0200 (CEST);1570783397000;1.4;286.17;15.35
1380556831572750;27.5;34.5;Fri Oct 11 2019 10:45:11 GMT+0200 (CEST);Fri Oct 11 2019 08:45:11 GMT+0200 (CEST);1570783511000;1.06;225.76;15.18
1380556831572750;27.5;34.3;Fri Oct 11 2019 10:47:06 GMT+0200 (CEST);Fri Oct 11 2019 08:47:06 GMT+0200 (CEST);1570783626000;1.1;240.58;15.06
1380556831572750;27.5;34.5;Fri Oct 11 2019 10:49:04 GMT+0200 (CEST);Fri Oct 11 2019 08:49:04 GMT+0200 (CEST);1570783744000;1.16;249.78;14.99
1380556831572750;27.5;34.8;Fri Oct 11 2019 10:51:01 GMT+0200 (CEST);Fri Oct 11 2019 08:51:01 GMT+0200 (CEST);1570783861000;1.24;273.08;14.89
1380556831572750;27.5;34.8;Fri Oct 11 2019 10:52:56 GMT+0200 (CEST);Fri Oct 11 2019 08:52:56 GMT+0200 (CEST);1570783976000;1.47;327.66;14.92
1380556831572750;27.5;35.1;Fri Oct 11 2019 10:54:55 GMT+0200 (CEST);Fri Oct 11 2019 08:54:55 GMT+0200 (CEST);1570784095000;1.91;412.15;15.03
1380556831572750;27.5;35.2;Fri Oct 11 2019 10:56:47 GMT+0200 (CEST);Fri Oct 11 2019 08:56:47 GMT+0200 (CEST);1570784207000;1.91;414.71;15.27
1380556831572750;27.5;35.2;Fri Oct 11 2019 10:58:40 GMT+0200 (CEST);Fri Oct 11 2019 08:58:40 GMT+0200 (CEST);1570784320000;2.2;473.59;15.51
1380556831572750;27.5;34.9;Fri Oct 11 2019 11:00:33 GMT+0200 (CEST);Fri Oct 11 2019 09:00:33 GMT+0200 (CEST);1570784433000;2.22;476.15;15.75
1380556831572750;27.5;34.8;Fri Oct 11 2019 11:02:30 GMT+0200 (CEST);Fri Oct 11 2019 09:02:30 GMT+0200 (CEST);1570784550000;2.13;453.11;15.96
1380556831572750;27.5;34.8;Fri Oct 11 2019 11:04:23 GMT+0200 (CEST);Fri Oct 11 2019 09:04:23 GMT+0200 (CEST);1570784663000;2.19;468.47;16.11
1380556831572750;28;34.7;Fri Oct 11 2019 11:06:18 GMT+0200 (CEST);Fri Oct 11 2019 09:06:18 GMT+0200 (CEST);1570784778000;1.61;332.79;16.28
1380556831572750;28;34.4;Fri Oct 11 2019 11:08:11 GMT+0200 (CEST);Fri Oct 11 2019 09:08:11 GMT+0200 (CEST);1570784891000;1.56;332.79;16.25
1380556831572750;28;34.5;Fri Oct 11 2019 11:10:11 GMT+0200 (CEST);Fri Oct 11 2019 09:10:11 GMT+0200 (CEST);1570785011000;1.54;332.79;16.19
1380556831572750;29.5;34.4;Fri Oct 11 2019 11:12:06 GMT+0200 (CEST);Fri Oct 11 2019 09:12:06 GMT+0200 (CEST);1570785126000;1.4;296.62;16.08
1380556831572750;29.5;34.4;Fri Oct 11 2019 11:13:59 GMT+0200 (CEST);Fri Oct 11 2019 09:13:59 GMT+0200 (CEST);1570785239000;1.38;290.93;16.04
1380556831572750;29.5;34.6;Fri Oct 11 2019 11:15:52 GMT+0200 (CEST);Fri Oct 11 2019 09:15:52 GMT+0200 (CEST);1570785352000;1.56;353.27;15.88
1380556831572750;29.5;35;Fri Oct 11 2019 11:17:57 GMT+0200 (CEST);Fri Oct 11 2019 09:17:57 GMT+0200 (CEST);1570785477000;1.72;366.07;15.91
1380556831572750;29.5;35.5;Fri Oct 11 2019 11:19:51 GMT+0200 (CEST);Fri Oct 11 2019 09:19:51 GMT+0200 (CEST);1570785591000;1.87;404.47;16.11
1380556831572750;29.5;34.9;Fri Oct 11 2019 11:21:43 GMT+0200 (CEST);Fri Oct 11 2019 09:21:43 GMT+0200 (CEST);1570785703000;1.79;386.55;16.39
1380556831572750;29.5;34.5;Fri Oct 11 2019 11:23:36 GMT+0200 (CEST);Fri Oct 11 2019 09:23:36 GMT+0200 (CEST);1570785816000;1.59;337.91;16.67
1380556831572750;29.5;34.5;Fri Oct 11 2019 11:25:55 GMT+0200 (CEST);Fri Oct 11 2019 09:25:55 GMT+0200 (CEST);1570785955000;1.33;278.85;16.87
1380556831572750;29.5;34.1;Fri Oct 11 2019 11:27:52 GMT+0200 (CEST);Fri Oct 11 2019 09:27:52 GMT+0200 (CEST);1570786072000;1.24;257.6;16.89
1380556831572750;29.5;34.1;Fri Oct 11 2019 11:29:45 GMT+0200 (CEST);Fri Oct 11 2019 09:29:45 GMT+0200 (CEST);1570786185000;1.27;265.19;16.88
1380556831572750;29.5;34.2;Fri Oct 11 2019 11:31:39 GMT+0200 (CEST);Fri Oct 11 2019 09:31:39 GMT+0200 (CEST);1570786299000;1.33;293.66;16.85
1380556831572750;29.5;34.5;Fri Oct 11 2019 11:33:43 GMT+0200 (CEST);Fri Oct 11 2019 09:33:43 GMT+0200 (CEST);1570786423000;1.47;314.96;16.79
1380556831572750;29.5;34.7;Fri Oct 11 2019 11:35:37 GMT+0200 (CEST);Fri Oct 11 2019 09:35:37 GMT+0200 (CEST);1570786537000;1.47;309.39;16.8
1380556831572750;29.5;34.9;Fri Oct 11 2019 11:37:30 GMT+0200 (CEST);Fri Oct 11 2019 09:37:30 GMT+0200 (CEST);1570786650000;1.66;323.06;16.79
1380556831572750;29.5;34.7;Fri Oct 11 2019 11:39:22 GMT+0200 (CEST);Fri Oct 11 2019 09:39:22 GMT+0200 (CEST);1570786762000;1.41;311.64;16.79
1380556831572750;29.5;34.9;Fri Oct 11 2019 11:41:18 GMT+0200 (CEST);Fri Oct 11 2019 09:41:18 GMT+0200 (CEST);1570786878000;1.45;314.65;16.76
1380556831572750;29.5;35.5;Fri Oct 11 2019 11:43:14 GMT+0200 (CEST);Fri Oct 11 2019 09:43:14 GMT+0200 (CEST);1570786994000;1.83;407.03;16.94
1380556831572750;29.5;35.5;Fri Oct 11 2019 11:45:06 GMT+0200 (CEST);Fri Oct 11 2019 09:45:06 GMT+0200 (CEST);1570787106000;2.67;588.79;17.26
1380556831572750;29.5;35.7;Fri Oct 11 2019 11:47:00 GMT+0200 (CEST);Fri Oct 11 2019 09:47:00 GMT+0200 (CEST);1570787220000;2.53;588.79;17.75
1380556831572750;30;35.3;Fri Oct 11 2019 11:49:28 GMT+0200 (CEST);Fri Oct 11 2019 09:49:28 GMT+0200 (CEST);1570787368000;3.11;699.87;18.54
1380556831572750;30;34.9;Fri Oct 11 2019 11:51:25 GMT+0200 (CEST);Fri Oct 11 2019 09:51:25 GMT+0200 (CEST);1570787485000;3.3;731.88;19.2
1380556831572750;31.5;34.6;Fri Oct 11 2019 11:53:19 GMT+0200 (CEST);Fri Oct 11 2019 09:53:19 GMT+0200 (CEST);1570787599000;3.07;687.14;19.65
1380556831572750;31.5;34.6;Fri Oct 11 2019 11:55:12 GMT+0200 (CEST);Fri Oct 11 2019 09:55:12 GMT+0200 (CEST);1570787712000;2.09;447.99;19.84
1380556831572750;31.5;34.5;Fri Oct 11 2019 11:57:14 GMT+0200 (CEST);Fri Oct 11 2019 09:57:14 GMT+0200 (CEST);1570787834000;2.61;517.11;19.87
1380556831572750;32;34.6;Fri Oct 11 2019 11:59:07 GMT+0200 (CEST);Fri Oct 11 2019 09:59:07 GMT+0200 (CEST);1570787947000;1.83;401.91;19.93
1380556831572750;32;34.5;Fri Oct 11 2019 12:01:03 GMT+0200 (CEST);Fri Oct 11 2019 10:01:03 GMT+0200 (CEST);1570788063000;2.97;667.03;19.89
1380556831572750;33;34.8;Fri Oct 11 2019 12:02:58 GMT+0200 (CEST);Fri Oct 11 2019 10:02:58 GMT+0200 (CEST);1570788178000;3.31;627.19;20.14
1380556831572750;33;34;Fri Oct 11 2019 12:05:27 GMT+0200 (CEST);Fri Oct 11 2019 10:05:27 GMT+0200 (CEST);1570788327000;1.91;401.91;20.46
1380556831572750;33;34.4;Fri Oct 11 2019 12:07:22 GMT+0200 (CEST);Fri Oct 11 2019 10:07:22 GMT+0200 (CEST);1570788442000;1.94;404.47;20.42
1380556831572750;33;33.6;Fri Oct 11 2019 12:09:16 GMT+0200 (CEST);Fri Oct 11 2019 10:09:16 GMT+0200 (CEST);1570788556000;1.72;360.95;20.21
1380556831572750;33;33.4;Fri Oct 11 2019 12:11:13 GMT+0200 (CEST);Fri Oct 11 2019 10:11:13 GMT+0200 (CEST);1570788673000;1.46;309.56;20.15
1380556831572750;33;33.5;Fri Oct 11 2019 12:13:06 GMT+0200 (CEST);Fri Oct 11 2019 10:13:06 GMT+0200 (CEST);1570788786000;1.49;313.77;19.96
1380556831572750;33;33.7;Fri Oct 11 2019 12:15:05 GMT+0200 (CEST);Fri Oct 11 2019 10:15:05 GMT+0200 (CEST);1570788905000;1.61;340.47;19.76
1380556831572750;33;34.1;Fri Oct 11 2019 12:16:59 GMT+0200 (CEST);Fri Oct 11 2019 10:16:59 GMT+0200 (CEST);1570789019000;2.07;458.23;19.79
1380556831572750;33;34.7;Fri Oct 11 2019 12:18:56 GMT+0200 (CEST);Fri Oct 11 2019 10:18:56 GMT+0200 (CEST);1570789136000;1.94;414.71;20.03
1380556831572750;33;34.4;Fri Oct 11 2019 12:20:58 GMT+0200 (CEST);Fri Oct 11 2019 10:20:58 GMT+0200 (CEST);1570789258000;2.23;535.03;20.14
1380556831572750;33;34.7;Fri Oct 11 2019 12:22:51 GMT+0200 (CEST);Fri Oct 11 2019 10:22:51 GMT+0200 (CEST);1570789371000;2.53;532.47;20.35
1380556831572750;33;34.3;Fri Oct 11 2019 12:24:51 GMT+0200 (CEST);Fri Oct 11 2019 10:24:51 GMT+0200 (CEST);1570789491000;2.25;471.03;20.42
1380556831572750;33;34.9;Fri Oct 11 2019 12:26:45 GMT+0200 (CEST);Fri Oct 11 2019 10:26:45 GMT+0200 (CEST);1570789605000;2.38;494.07;20.47
1380556831572750;33;34.6;Fri Oct 11 2019 12:28:37 GMT+0200 (CEST);Fri Oct 11 2019 10:28:37 GMT+0200 (CEST);1570789717000;2.34;555.51;20.56
1380556831572750;33;34.6;Fri Oct 11 2019 12:30:31 GMT+0200 (CEST);Fri Oct 11 2019 10:30:31 GMT+0200 (CEST);1570789831000;3.07;639.99;20.67
1380556831572750;33;34.5;Fri Oct 11 2019 12:32:46 GMT+0200 (CEST);Fri Oct 11 2019 10:32:46 GMT+0200 (CEST);1570789966000;2.82;669.14;20.98
1380556831572750;35.6;34.7;Fri Oct 11 2019 12:34:40 GMT+0200 (CEST);Fri Oct 11 2019 10:34:40 GMT+0200 (CEST);1570790080000;2.89;586.23;21.08
1380556831572750;35.6;34.5;Fri Oct 11 2019 12:36:37 GMT+0200 (CEST);Fri Oct 11 2019 10:36:37 GMT+0200 (CEST);1570790197000;2.39;522.23;21.17
1380556831572750;35.6;33.8;Fri Oct 11 2019 12:38:31 GMT+0200 (CEST);Fri Oct 11 2019 10:38:31 GMT+0200 (CEST);1570790311000;1.74;376.31;21.02
1380556831572750;35.6;33.7;Fri Oct 11 2019 12:40:24 GMT+0200 (CEST);Fri Oct 11 2019 10:40:24 GMT+0200 (CEST);1570790424000;2.15;483.83;20.82
1380556831572750;35.6;34.7;Fri Oct 11 2019 12:42:19 GMT+0200 (CEST);Fri Oct 11 2019 10:42:19 GMT+0200 (CEST);1570790539000;2.08;537.59;20.69
1380556831572750;35.6;34.6;Fri Oct 11 2019 12:44:12 GMT+0200 (CEST);Fri Oct 11 2019 10:44:12 GMT+0200 (CEST);1570790652000;2.89;619.51;20.71
1380556831572750;35.6;35.2;Fri Oct 11 2019 12:45:56 GMT+0200 (CEST);Fri Oct 11 2019 10:45:56 GMT+0200 (CEST);1570790756000;2.53;563.19;20.84
1380556831572750;35.6;34.8;Fri Oct 11 2019 12:47:48 GMT+0200 (CEST);Fri Oct 11 2019 10:47:48 GMT+0200 (CEST);1570790868000;2.38;527.35;20.93
1380556831572750;35.6;34.7;Fri Oct 11 2019 12:49:41 GMT+0200 (CEST);Fri Oct 11 2019 10:49:41 GMT+0200 (CEST);1570790981000;2.38;522.23;21.09
1380556831572750;35.6;34.7;Fri Oct 11 2019 12:51:53 GMT+0200 (CEST);Fri Oct 11 2019 10:51:53 GMT+0200 (CEST);1570791113000;1.68;350.71;21.03
1380556831572750;35.6;33.6;Fri Oct 11 2019 12:53:49 GMT+0200 (CEST);Fri Oct 11 2019 10:53:49 GMT+0200 (CEST);1570791229000;1.38;295.67;20.67
1380556831572750;35.6;33.4;Fri Oct 11 2019 12:55:42 GMT+0200 (CEST);Fri Oct 11 2019 10:55:42 GMT+0200 (CEST);1570791342000;1.23;264;20.35
1380556831572750;35.6;33.7;Fri Oct 11 2019 12:57:38 GMT+0200 (CEST);Fri Oct 11 2019 10:57:38 GMT+0200 (CEST);1570791458000;1.17;254.01;20.21
1380556831572750;33;33.7;Fri Oct 11 2019 12:59:31 GMT+0200 (CEST);Fri Oct 11 2019 10:59:31 GMT+0200 (CEST);1570791571000;1.13;240.73;20
1380556831572750;33;33.7;Fri Oct 11 2019 13:01:28 GMT+0200 (CEST);Fri Oct 11 2019 11:01:28 GMT+0200 (CEST);1570791688000;1.33;280.74;19.8
1380556831572750;33;34.1;Fri Oct 11 2019 13:03:21 GMT+0200 (CEST);Fri Oct 11 2019 11:03:21 GMT+0200 (CEST);1570791801000;1.48;305.77;19.83
1380556831572750;33;34.1;Fri Oct 11 2019 13:05:14 GMT+0200 (CEST);Fri Oct 11 2019 11:05:14 GMT+0200 (CEST);1570791914000;1.53;315.38;19.89
1380556831572750;33;34;Fri Oct 11 2019 13:07:25 GMT+0200 (CEST);Fri Oct 11 2019 11:07:25 GMT+0200 (CEST);1570792045000;1.4;289.29;19.93
1380556831572750;32;33.7;Fri Oct 11 2019 13:09:19 GMT+0200 (CEST);Fri Oct 11 2019 11:09:19 GMT+0200 (CEST);1570792159000;1.06;217.66;19.87
1380556831572750;32;33.4;Fri Oct 11 2019 13:11:12 GMT+0200 (CEST);Fri Oct 11 2019 11:11:12 GMT+0200 (CEST);1570792272000;1.01;211;19.68
1380556831572750;32;33.4;Fri Oct 11 2019 13:13:05 GMT+0200 (CEST);Fri Oct 11 2019 11:13:05 GMT+0200 (CEST);1570792385000;0.94;196.12;19.53
1380556831572750;32;33.6;Fri Oct 11 2019 13:15:07 GMT+0200 (CEST);Fri Oct 11 2019 11:15:07 GMT+0200 (CEST);1570792507000;1.36;273.3;19.5
1380556831572750;32;34;Fri Oct 11 2019 13:17:02 GMT+0200 (CEST);Fri Oct 11 2019 11:17:02 GMT+0200 (CEST);1570792622000;1.42;280.74;19.32
1380556831572750;31.5;34;Fri Oct 11 2019 13:18:55 GMT+0200 (CEST);Fri Oct 11 2019 11:18:55 GMT+0200 (CEST);1570792735000;1.22;251.01;19.22
1380556831572750;31.5;34;Fri Oct 11 2019 13:20:49 GMT+0200 (CEST);Fri Oct 11 2019 11:20:49 GMT+0200 (CEST);1570792849000;1.32;269.46;19.25
1380556831572750;31.5;34;Fri Oct 11 2019 13:23:12 GMT+0200 (CEST);Fri Oct 11 2019 11:23:12 GMT+0200 (CEST);1570792992000;1.3;265.48;19.32
1380556831572750;31.5;34;Fri Oct 11 2019 13:25:07 GMT+0200 (CEST);Fri Oct 11 2019 11:25:07 GMT+0200 (CEST);1570793107000;1.31;266.5;19.31
1380556831572750;31.5;34;Fri Oct 11 2019 13:27:01 GMT+0200 (CEST);Fri Oct 11 2019 11:27:01 GMT+0200 (CEST);1570793221000;1.3;258.04;19.39
1380556831572750;31.5;33.8;Fri Oct 11 2019 13:28:54 GMT+0200 (CEST);Fri Oct 11 2019 11:28:54 GMT+0200 (CEST);1570793334000;1.04;213.29;19.33
1380556831572750;31.5;34;Fri Oct 11 2019 13:30:48 GMT+0200 (CEST);Fri Oct 11 2019 11:30:48 GMT+0200 (CEST);1570793448000;1.23;253.04;19.25
1380556831572750;30;34.1;Fri Oct 11 2019 13:32:45 GMT+0200 (CEST);Fri Oct 11 2019 11:32:45 GMT+0200 (CEST);1570793565000;1.38;285.11;19.31
1380556831572750;30;34.1;Fri Oct 11 2019 13:34:44 GMT+0200 (CEST);Fri Oct 11 2019 11:34:44 GMT+0200 (CEST);1570793684000;1.53;316.63;19.33
1380556831572750;31.5;34.3;Fri Oct 11 2019 13:37:02 GMT+0200 (CEST);Fri Oct 11 2019 11:37:02 GMT+0200 (CEST);1570793822000;1.58;332.79;19.36
1380556831572750;31.5;34.5;Fri Oct 11 2019 13:38:58 GMT+0200 (CEST);Fri Oct 11 2019 11:38:58 GMT+0200 (CEST);1570793938000;1.59;337.91;19.5
1380556831572750;31.5;34.3;Fri Oct 11 2019 13:40:51 GMT+0200 (CEST);Fri Oct 11 2019 11:40:51 GMT+0200 (CEST);1570794051000;1.63;348.15;19.64
1380556831572750;31.5;34.1;Fri Oct 11 2019 13:42:43 GMT+0200 (CEST);Fri Oct 11 2019 11:42:43 GMT+0200 (CEST);1570794163000;1.49;315.34;19.83
1380556831572750;31.5;34.1;Fri Oct 11 2019 13:44:39 GMT+0200 (CEST);Fri Oct 11 2019 11:44:39 GMT+0200 (CEST);1570794279000;1.56;325.98;19.84
1380556831572750;31.5;34.1;Fri Oct 11 2019 13:46:32 GMT+0200 (CEST);Fri Oct 11 2019 11:46:32 GMT+0200 (CEST);1570794392000;1.74;363.51;19.82
1380556831572750;31.5;34.1;Fri Oct 11 2019 13:48:26 GMT+0200 (CEST);Fri Oct 11 2019 11:48:26 GMT+0200 (CEST);1570794506000;1.4;285.89;19.87
1380556831572750;31.5;33.7;Fri Oct 11 2019 13:50:19 GMT+0200 (CEST);Fri Oct 11 2019 11:50:19 GMT+0200 (CEST);1570794619000;1.25;255.2;19.88
1380556831572750;31.5;33.6;Fri Oct 11 2019 13:52:17 GMT+0200 (CEST);Fri Oct 11 2019 11:52:17 GMT+0200 (CEST);1570794737000;1.09;223.57;19.85
1380556831572750;31.5;33.3;Fri Oct 11 2019 13:54:12 GMT+0200 (CEST);Fri Oct 11 2019 11:54:12 GMT+0200 (CEST);1570794852000;0.95;190.96;19.65
1380556831572750;31.5;33.1;Fri Oct 11 2019 13:56:10 GMT+0200 (CEST);Fri Oct 11 2019 11:56:10 GMT+0200 (CEST);1570794970000;0.83;168.84;19.47
1380556831572750;31.5;33.2;Fri Oct 11 2019 13:58:03 GMT+0200 (CEST);Fri Oct 11 2019 11:58:03 GMT+0200 (CEST);1570795083000;0.81;160.3;19.35
1380556831572750;31.5;33.2;Fri Oct 11 2019 13:59:56 GMT+0200 (CEST);Fri Oct 11 2019 11:59:56 GMT+0200 (CEST);1570795196000;0.67;133.56;19.19
1380556831572750;31.5;32.6;Fri Oct 11 2019 14:02:03 GMT+0200 (CEST);Fri Oct 11 2019 12:02:03 GMT+0200 (CEST);1570795323000;0.5;99.13;18.96
1380556831572750;30;32.7;Fri Oct 11 2019 14:03:56 GMT+0200 (CEST);Fri Oct 11 2019 12:03:56 GMT+0200 (CEST);1570795436000;0.51;101.5;18.72
1380556831572750;30;32.6;Fri Oct 11 2019 14:05:50 GMT+0200 (CEST);Fri Oct 11 2019 12:05:50 GMT+0200 (CEST);1570795550000;0.61;113.79;18.57
1380556831572750;30;32.8;Fri Oct 11 2019 14:07:47 GMT+0200 (CEST);Fri Oct 11 2019 12:07:47 GMT+0200 (CEST);1570795667000;0.51;103.86;18.48
1380556831572750;29.5;32.8;Fri Oct 11 2019 14:09:49 GMT+0200 (CEST);Fri Oct 11 2019 12:09:49 GMT+0200 (CEST);1570795789000;0.6;128.03;18.41
1380556831572750;29.5;33.4;Fri Oct 11 2019 14:11:42 GMT+0200 (CEST);Fri Oct 11 2019 12:11:42 GMT+0200 (CEST);1570795902000;1.14;230.69;18.38
1380556831572750;29.5;34.7;Fri Oct 11 2019 14:13:35 GMT+0200 (CEST);Fri Oct 11 2019 12:13:35 GMT+0200 (CEST);1570796015000;1.84;340.47;18.43
1380556831572750;29.5;34.7;Fri Oct 11 2019 14:15:28 GMT+0200 (CEST);Fri Oct 11 2019 12:15:28 GMT+0200 (CEST);1570796128000;1.02;210.8;18.5
1380556831572750;29.5;33.9;Fri Oct 11 2019 14:17:23 GMT+0200 (CEST);Fri Oct 11 2019 12:17:23 GMT+0200 (CEST);1570796243000;0.91;189.18;18.6
1380556831572750;29.5;34.1;Fri Oct 11 2019 14:19:19 GMT+0200 (CEST);Fri Oct 11 2019 12:19:19 GMT+0200 (CEST);1570796359000;1.99;360.95;18.75
1380556831572750;29.5;34.1;Fri Oct 11 2019 14:21:17 GMT+0200 (CEST);Fri Oct 11 2019 12:21:17 GMT+0200 (CEST);1570796477000;1.09;223.56;18.89
1380556831572750;29.5;33.7;Fri Oct 11 2019 14:23:10 GMT+0200 (CEST);Fri Oct 11 2019 12:23:10 GMT+0200 (CEST);1570796590000;0.84;169.9;19
1380556831572750;29.5;33.4;Fri Oct 11 2019 14:25:08 GMT+0200 (CEST);Fri Oct 11 2019 12:25:08 GMT+0200 (CEST);1570796708000;0.71;146.03;19
1380556831572750;29.5;33.2;Fri Oct 11 2019 14:27:01 GMT+0200 (CEST);Fri Oct 11 2019 12:27:01 GMT+0200 (CEST);1570796821000;0.66;132.46;18.87
1380556831572750;29.5;33.2;Fri Oct 11 2019 14:28:53 GMT+0200 (CEST);Fri Oct 11 2019 12:28:53 GMT+0200 (CEST);1570796933000;0.67;134.93;18.82
1380556831572750;29.5;33;Fri Oct 11 2019 14:30:48 GMT+0200 (CEST);Fri Oct 11 2019 12:30:48 GMT+0200 (CEST);1570797048000;0.61;120.24;18.82
1380556831572750;29.5;33;Fri Oct 11 2019 14:32:57 GMT+0200 (CEST);Fri Oct 11 2019 12:32:57 GMT+0200 (CEST);1570797177000;0.62;123.17;18.8
1380556831572750;29.5;33.2;Fri Oct 11 2019 14:34:51 GMT+0200 (CEST);Fri Oct 11 2019 12:34:51 GMT+0200 (CEST);1570797291000;0.69;137.04;18.78
1380556831572750;29.5;33.4;Fri Oct 11 2019 14:36:43 GMT+0200 (CEST);Fri Oct 11 2019 12:36:43 GMT+0200 (CEST);1570797403000;0.73;143.09;18.71
1380556831572750;29.5;33.8;Fri Oct 11 2019 14:38:37 GMT+0200 (CEST);Fri Oct 11 2019 12:38:37 GMT+0200 (CEST);1570797517000;0.95;187.67;18.64
1380556831572750;29.5;34.3;Fri Oct 11 2019 14:40:50 GMT+0200 (CEST);Fri Oct 11 2019 12:40:50 GMT+0200 (CEST);1570797650000;1.12;225.28;18.75
1380556831572750;29.5;34.2;Fri Oct 11 2019 14:42:43 GMT+0200 (CEST);Fri Oct 11 2019 12:42:43 GMT+0200 (CEST);1570797763000;1.06;218.73;18.89
1380556831572750;29.5;34;Fri Oct 11 2019 14:44:41 GMT+0200 (CEST);Fri Oct 11 2019 12:44:41 GMT+0200 (CEST);1570797881000;1.02;208.01;19.03
1380556831572750;29.5;33.8;Fri Oct 11 2019 14:46:42 GMT+0200 (CEST);Fri Oct 11 2019 12:46:42 GMT+0200 (CEST);1570798002000;1.03;208.2;19.03
1380556831572750;29.5;34.2;Fri Oct 11 2019 14:48:52 GMT+0200 (CEST);Fri Oct 11 2019 12:48:52 GMT+0200 (CEST);1570798132000;1.32;270;19.27
1380556831572750;29.5;34.1;Fri Oct 11 2019 14:50:45 GMT+0200 (CEST);Fri Oct 11 2019 12:50:45 GMT+0200 (CEST);1570798245000;1.11;226.4;19.53
1380556831572750;29.5;33.6;Fri Oct 11 2019 14:52:37 GMT+0200 (CEST);Fri Oct 11 2019 12:52:37 GMT+0200 (CEST);1570798357000;0.91;189.32;19.59
1380556831572750;29.5;33.5;Fri Oct 11 2019 14:54:30 GMT+0200 (CEST);Fri Oct 11 2019 12:54:30 GMT+0200 (CEST);1570798470000;0.88;182.48;19.53
1380556831572750;29.5;33.6;Fri Oct 11 2019 14:56:35 GMT+0200 (CEST);Fri Oct 11 2019 12:56:35 GMT+0200 (CEST);1570798595000;0.82;173.62;19.5
1380556831572750;29.5;33.4;Fri Oct 11 2019 14:58:28 GMT+0200 (CEST);Fri Oct 11 2019 12:58:28 GMT+0200 (CEST);1570798708000;0.78;168.62;19.47
1380556831572750;30;34.6;Fri Oct 11 2019 15:00:21 GMT+0200 (CEST);Fri Oct 11 2019 13:00:21 GMT+0200 (CEST);1570798821000;1.83;629.75;19.53
1380556831572750;30;34.7;Fri Oct 11 2019 15:02:13 GMT+0200 (CEST);Fri Oct 11 2019 13:02:13 GMT+0200 (CEST);1570798933000;1.48;300.74;19.87
1380556831572750;30;34.3;Fri Oct 11 2019 15:04:28 GMT+0200 (CEST);Fri Oct 11 2019 13:04:28 GMT+0200 (CEST);1570799068000;1.95;348.15;20.14
1380556831572750;31.5;34.3;Fri Oct 11 2019 15:06:23 GMT+0200 (CEST);Fri Oct 11 2019 13:06:23 GMT+0200 (CEST);1570799183000;2.57;358.39;20.47
1380556831572750;31.5;33.2;Fri Oct 11 2019 15:08:18 GMT+0200 (CEST);Fri Oct 11 2019 13:08:18 GMT+0200 (CEST);1570799298000;3.37;657.25;20.84
1380556831572750;32;33.6;Fri Oct 11 2019 15:10:10 GMT+0200 (CEST);Fri Oct 11 2019 13:10:10 GMT+0200 (CEST);1570799410000;1.57;427.51;21.53
1380556831572750;32;33.5;Fri Oct 11 2019 15:12:04 GMT+0200 (CEST);Fri Oct 11 2019 13:12:04 GMT+0200 (CEST);1570799524000;3.4;713.61;22.32
1380556831572750;32;32.5;Fri Oct 11 2019 15:13:57 GMT+0200 (CEST);Fri Oct 11 2019 13:13:57 GMT+0200 (CEST);1570799637000;0.97;226.48;22.4
1380556831572750;33;33.5;Fri Oct 11 2019 15:16:03 GMT+0200 (CEST);Fri Oct 11 2019 13:16:03 GMT+0200 (CEST);1570799763000;2.12;450.55;22.21
1380556831572750;33;34.6;Fri Oct 11 2019 15:17:57 GMT+0200 (CEST);Fri Oct 11 2019 13:17:57 GMT+0200 (CEST);1570799877000;3.36;708.05;22.62
1380556831572750;35.6;34.2;Fri Oct 11 2019 15:19:53 GMT+0200 (CEST);Fri Oct 11 2019 13:19:53 GMT+0200 (CEST);1570799993000;2.75;581.11;23
1380556831572750;35.6;32.6;Fri Oct 11 2019 15:21:46 GMT+0200 (CEST);Fri Oct 11 2019 13:21:46 GMT+0200 (CEST);1570800106000;1.07;243.67;22.87
1380556831572750;35.6;33.5;Fri Oct 11 2019 15:23:39 GMT+0200 (CEST);Fri Oct 11 2019 13:23:39 GMT+0200 (CEST);1570800219000;0.8;160.59;22.85
1380556831572750;35.6;33.6;Fri Oct 11 2019 15:25:31 GMT+0200 (CEST);Fri Oct 11 2019 13:25:31 GMT+0200 (CEST);1570800331000;2.23;552.95;22.63
1380556831572750;35.6;33.5;Fri Oct 11 2019 15:27:29 GMT+0200 (CEST);Fri Oct 11 2019 13:27:29 GMT+0200 (CEST);1570800449000;3;627.19;23.05
1380556831572750;35.6;33.9;Fri Oct 11 2019 15:29:22 GMT+0200 (CEST);Fri Oct 11 2019 13:29:22 GMT+0200 (CEST);1570800562000;0.75;167.81;23.14
1380556831572750;35.6;32.9;Fri Oct 11 2019 15:31:19 GMT+0200 (CEST);Fri Oct 11 2019 13:31:19 GMT+0200 (CEST);1570800679000;0.78;170.05;22.7
1380556831572750;35.6;33;Fri Oct 11 2019 15:33:11 GMT+0200 (CEST);Fri Oct 11 2019 13:33:11 GMT+0200 (CEST);1570800791000;0.88;190.14;22.11
1380556831572750;35.6;33.4;Fri Oct 11 2019 15:35:27 GMT+0200 (CEST);Fri Oct 11 2019 13:35:27 GMT+0200 (CEST);1570800927000;0.96;404.47;21.57
1380556831572750;35.6;34.4;Fri Oct 11 2019 15:37:33 GMT+0200 (CEST);Fri Oct 11 2019 13:37:33 GMT+0200 (CEST);1570801053000;2.04;235.59;21.69
1380556831572750;35.6;33.2;Fri Oct 11 2019 15:39:25 GMT+0200 (CEST);Fri Oct 11 2019 13:39:25 GMT+0200 (CEST);1570801165000;0.75;156.1;21.47
1380556831572750;35.6;32.8;Fri Oct 11 2019 15:41:18 GMT+0200 (CEST);Fri Oct 11 2019 13:41:18 GMT+0200 (CEST);1570801278000;0.74;159.61;21.21
1380556831572750;33;32.9;Fri Oct 11 2019 15:43:13 GMT+0200 (CEST);Fri Oct 11 2019 13:43:13 GMT+0200 (CEST);1570801393000;0.77;167.57;21
1380556831572750;33;33.3;Fri Oct 11 2019 15:45:06 GMT+0200 (CEST);Fri Oct 11 2019 13:45:06 GMT+0200 (CEST);1570801506000;0.8;178.73;20.84
1380556831572750;33;33.9;Fri Oct 11 2019 15:46:59 GMT+0200 (CEST);Fri Oct 11 2019 13:46:59 GMT+0200 (CEST);1570801619000;0.97;206.06;20.71
1380556831572750;32;35.1;Fri Oct 11 2019 15:48:51 GMT+0200 (CEST);Fri Oct 11 2019 13:48:51 GMT+0200 (CEST);1570801731000;2.71;555.51;20.78
1380556831572750;32;34.9;Fri Oct 11 2019 15:50:52 GMT+0200 (CEST);Fri Oct 11 2019 13:50:52 GMT+0200 (CEST);1570801852000;2.37;458.23;21.29
1380556831572750;33;34.9;Fri Oct 11 2019 15:52:49 GMT+0200 (CEST);Fri Oct 11 2019 13:52:49 GMT+0200 (CEST);1570801969000;1.5;460.79;21.78
1380556831572750;33;34.5;Fri Oct 11 2019 15:54:45 GMT+0200 (CEST);Fri Oct 11 2019 13:54:45 GMT+0200 (CEST);1570802085000;2.48;545.27;22.35
1380556831572750;33;33.6;Fri Oct 11 2019 15:56:37 GMT+0200 (CEST);Fri Oct 11 2019 13:56:37 GMT+0200 (CEST);1570802197000;0.59;136.61;22.83
1380556831572750;33;33.2;Fri Oct 11 2019 15:58:31 GMT+0200 (CEST);Fri Oct 11 2019 13:58:31 GMT+0200 (CEST);1570802311000;0.91;179.12;22.7
1380556831572750;33;35;Fri Oct 11 2019 16:00:23 GMT+0200 (CEST);Fri Oct 11 2019 14:00:23 GMT+0200 (CEST);1570802423000;1.92;350.71;22.67
1380556831572750;34.1;34.9;Fri Oct 11 2019 16:02:23 GMT+0200 (CEST);Fri Oct 11 2019 14:02:23 GMT+0200 (CEST);1570802543000;0.58;123.55;22.49
1380556831572750;34.1;32.6;Fri Oct 11 2019 16:04:20 GMT+0200 (CEST);Fri Oct 11 2019 14:04:20 GMT+0200 (CEST);1570802660000;1.67;481.27;22.06
1380556831572750;33;37.1;Fri Oct 11 2019 16:07:00 GMT+0200 (CEST);Fri Oct 11 2019 14:07:00 GMT+0200 (CEST);1570802820000;0.81;169.64;22.25
1380556831572750;33;33.1;Fri Oct 11 2019 16:08:53 GMT+0200 (CEST);Fri Oct 11 2019 14:08:53 GMT+0200 (CEST);1570802933000;0.87;180.29;21.92
1380556831572750;33;33.4;Fri Oct 11 2019 16:10:47 GMT+0200 (CEST);Fri Oct 11 2019 14:10:47 GMT+0200 (CEST);1570803047000;0.83;182.95;21.66
1380556831572750;33;34.9;Fri Oct 11 2019 16:12:40 GMT+0200 (CEST);Fri Oct 11 2019 14:12:40 GMT+0200 (CEST);1570803160000;1.33;483.83;21.71
1380556831572750;33;39.2;Fri Oct 11 2019 16:14:33 GMT+0200 (CEST);Fri Oct 11 2019 14:14:33 GMT+0200 (CEST);1570803273000;1;491.51;22.28
1380556831572750;35.6;39.2;Fri Oct 11 2019 16:16:26 GMT+0200 (CEST);Fri Oct 11 2019 14:16:26 GMT+0200 (CEST);1570803386000;0.75;455.67;22.71
1380556831572750;35.6;39.3;Fri Oct 11 2019 16:18:20 GMT+0200 (CEST);Fri Oct 11 2019 14:18:20 GMT+0200 (CEST);1570803500000;0.55;139.21;22.74
1380556831572750;36.1;39.6;Fri Oct 11 2019 16:20:25 GMT+0200 (CEST);Fri Oct 11 2019 14:20:25 GMT+0200 (CEST);1570803625000;0.57;412.15;22.59
1380556831572750;36.1;39.3;Fri Oct 11 2019 16:22:35 GMT+0200 (CEST);Fri Oct 11 2019 14:22:35 GMT+0200 (CEST);1570803755000;0.53;409.59;22.81
1380556831572750;36.1;38;Fri Oct 11 2019 16:24:27 GMT+0200 (CEST);Fri Oct 11 2019 14:24:27 GMT+0200 (CEST);1570803867000;0.51;407.03;22.84
1380556831572750;36.1;32.9;Fri Oct 11 2019 16:26:25 GMT+0200 (CEST);Fri Oct 11 2019 14:26:25 GMT+0200 (CEST);1570803985000;0.47;305.52;22.57
1380556831572750;36.1;35.4;Fri Oct 11 2019 16:28:22 GMT+0200 (CEST);Fri Oct 11 2019 14:28:22 GMT+0200 (CEST);1570804102000;0.55;407.03;22.28
1380556831572750;36.1;36.7;Fri Oct 11 2019 16:30:14 GMT+0200 (CEST);Fri Oct 11 2019 14:30:14 GMT+0200 (CEST);1570804214000;0.56;422.39;22.34
1380556831572750;35.6;35.3;Fri Oct 11 2019 16:32:24 GMT+0200 (CEST);Fri Oct 11 2019 14:32:24 GMT+0200 (CEST);1570804344000;0.55;316.06;22.42
1380556831572750;35.6;39.6;Fri Oct 11 2019 16:34:22 GMT+0200 (CEST);Fri Oct 11 2019 14:34:22 GMT+0200 (CEST);1570804462000;0.58;386.55;22.67
1380556831572750;36.1;39.4;Fri Oct 11 2019 16:36:19 GMT+0200 (CEST);Fri Oct 11 2019 14:36:19 GMT+0200 (CEST);1570804579000;0.49;363.51;22.88
1380556831572750;36.1;39.5;Fri Oct 11 2019 16:38:11 GMT+0200 (CEST);Fri Oct 11 2019 14:38:11 GMT+0200 (CEST);1570804691000;0.5;368.63;23.16
1380556831572750;36.1;39.4;Fri Oct 11 2019 16:40:04 GMT+0200 (CEST);Fri Oct 11 2019 14:40:04 GMT+0200 (CEST);1570804804000;0.46;366.07;23.39
1380556831572750;37.6;39.4;Fri Oct 11 2019 16:41:58 GMT+0200 (CEST);Fri Oct 11 2019 14:41:58 GMT+0200 (CEST);1570804918000;0.42;348.15;23.51
1380556831572750;37.6;39.3;Fri Oct 11 2019 16:43:51 GMT+0200 (CEST);Fri Oct 11 2019 14:43:51 GMT+0200 (CEST);1570805031000;0.41;343.03;23.56
1380556831572750;37.6;39.2;Fri Oct 11 2019 16:45:44 GMT+0200 (CEST);Fri Oct 11 2019 14:45:44 GMT+0200 (CEST);1570805144000;0.39;332.79;23.56
1380556831572750;37.6;39.3;Fri Oct 11 2019 16:47:37 GMT+0200 (CEST);Fri Oct 11 2019 14:47:37 GMT+0200 (CEST);1570805257000;0.4;332.79;23.57
1380556831572750;37.6;39.2;Fri Oct 11 2019 16:49:30 GMT+0200 (CEST);Fri Oct 11 2019 14:49:30 GMT+0200 (CEST);1570805370000;0.44;335.35;23.39
1380556831572750;37.6;39.1;Fri Oct 11 2019 16:51:34 GMT+0200 (CEST);Fri Oct 11 2019 14:51:34 GMT+0200 (CEST);1570805494000;0.42;320.66;23.37
1380556831572750;37.6;39;Fri Oct 11 2019 16:53:27 GMT+0200 (CEST);Fri Oct 11 2019 14:53:27 GMT+0200 (CEST);1570805607000;0.4;300.73;23.47
1380556831572750;37.6;39;Fri Oct 11 2019 16:55:28 GMT+0200 (CEST);Fri Oct 11 2019 14:55:28 GMT+0200 (CEST);1570805728000;0.38;287.73;23.6
1380556831572750;37.6;38.9;Fri Oct 11 2019 16:57:20 GMT+0200 (CEST);Fri Oct 11 2019 14:57:20 GMT+0200 (CEST);1570805840000;0.36;268.48;23.45
1380556831572750;36.1;38.9;Fri Oct 11 2019 16:59:14 GMT+0200 (CEST);Fri Oct 11 2019 14:59:14 GMT+0200 (CEST);1570805954000;0.61;272.98;23.17
1380556831572750;36.1;38.2;Fri Oct 11 2019 17:01:14 GMT+0200 (CEST);Fri Oct 11 2019 15:01:14 GMT+0200 (CEST);1570806074000;0.58;265.35;22.96
1380556831572750;35.6;37.7;Fri Oct 11 2019 17:03:12 GMT+0200 (CEST);Fri Oct 11 2019 15:03:12 GMT+0200 (CEST);1570806192000;0.66;228;22.68
1380556831572750;35.6;37.2;Fri Oct 11 2019 17:05:11 GMT+0200 (CEST);Fri Oct 11 2019 15:05:11 GMT+0200 (CEST);1570806311000;0.57;234.27;22.39
1380556831572750;35.6;37.6;Fri Oct 11 2019 17:07:11 GMT+0200 (CEST);Fri Oct 11 2019 15:07:11 GMT+0200 (CEST);1570806431000;0.68;232.99;22.1
1380556831572750;33;38;Fri Oct 11 2019 17:09:03 GMT+0200 (CEST);Fri Oct 11 2019 15:09:03 GMT+0200 (CEST);1570806543000;0.54;228.74;21.95
1380556831572750;33;37.3;Fri Oct 11 2019 17:10:59 GMT+0200 (CEST);Fri Oct 11 2019 15:10:59 GMT+0200 (CEST);1570806659000;0.7;227.84;21.8
1380556831572750;33;36.9;Fri Oct 11 2019 17:12:53 GMT+0200 (CEST);Fri Oct 11 2019 15:12:53 GMT+0200 (CEST);1570806773000;0.65;216.89;21.78
1380556831572750;33;37.3;Fri Oct 11 2019 17:14:46 GMT+0200 (CEST);Fri Oct 11 2019 15:14:46 GMT+0200 (CEST);1570806886000;0.5;212.78;21.63
1380556831572750;33;38;Fri Oct 11 2019 17:17:06 GMT+0200 (CEST);Fri Oct 11 2019 15:17:06 GMT+0200 (CEST);1570807026000;0.45;204.24;21.36
1380556831572750;33;38;Fri Oct 11 2019 17:18:58 GMT+0200 (CEST);Fri Oct 11 2019 15:18:58 GMT+0200 (CEST);1570807138000;0.5;197.69;21.29
1380556831572750;33;36.9;Fri Oct 11 2019 17:20:52 GMT+0200 (CEST);Fri Oct 11 2019 15:20:52 GMT+0200 (CEST);1570807252000;0.6;193.92;21.27
1380556831572750;32;36.6;Fri Oct 11 2019 17:22:44 GMT+0200 (CEST);Fri Oct 11 2019 15:22:44 GMT+0200 (CEST);1570807364000;0.57;174.61;21.17
1380556831572750;32;36.5;Fri Oct 11 2019 17:24:41 GMT+0200 (CEST);Fri Oct 11 2019 15:24:41 GMT+0200 (CEST);1570807481000;0.54;168.72;21.16
1380556831572750;31.5;36.4;Fri Oct 11 2019 17:26:33 GMT+0200 (CEST);Fri Oct 11 2019 15:26:33 GMT+0200 (CEST);1570807593000;0.5;156.66;21.05
1380556831572750;31.5;36.2;Fri Oct 11 2019 17:28:28 GMT+0200 (CEST);Fri Oct 11 2019 15:28:28 GMT+0200 (CEST);1570807708000;0.5;133.81;20.95
1380556831572750;31.5;36.2;Fri Oct 11 2019 17:30:20 GMT+0200 (CEST);Fri Oct 11 2019 15:30:20 GMT+0200 (CEST);1570807820000;0.48;62.66;20.71
1380556831572750;31.5;36;Fri Oct 11 2019 17:32:24 GMT+0200 (CEST);Fri Oct 11 2019 15:32:24 GMT+0200 (CEST);1570807944000;0.48;52.14;20.14
1380556831572750;31.5;35.9;Fri Oct 11 2019 17:34:17 GMT+0200 (CEST);Fri Oct 11 2019 15:34:17 GMT+0200 (CEST);1570808057000;0.45;50.5;19.62
1380556831572750;30;35.9;Fri Oct 11 2019 17:36:20 GMT+0200 (CEST);Fri Oct 11 2019 15:36:20 GMT+0200 (CEST);1570808180000;0.42;48.37;19.2
1380556831572750;30;35.5;Fri Oct 11 2019 17:38:43 GMT+0200 (CEST);Fri Oct 11 2019 15:38:43 GMT+0200 (CEST);1570808323000;0.41;47.11;18.82
1380556831572750;29.5;35;Fri Oct 11 2019 17:40:37 GMT+0200 (CEST);Fri Oct 11 2019 15:40:37 GMT+0200 (CEST);1570808437000;0.24;42.74;18.38
1380556831572750;29.5;35.7;Fri Oct 11 2019 17:42:30 GMT+0200 (CEST);Fri Oct 11 2019 15:42:30 GMT+0200 (CEST);1570808550000;0.27;44.5;18.14
1380556831572750;29.5;36.4;Fri Oct 11 2019 17:44:23 GMT+0200 (CEST);Fri Oct 11 2019 15:44:23 GMT+0200 (CEST);1570808663000;0.29;43.48;17.89
1380556831572750;29.5;36.8;Fri Oct 11 2019 17:46:18 GMT+0200 (CEST);Fri Oct 11 2019 15:46:18 GMT+0200 (CEST);1570808778000;0.26;42.98;17.72
1380556831572750;29.5;36.4;Fri Oct 11 2019 17:48:11 GMT+0200 (CEST);Fri Oct 11 2019 15:48:11 GMT+0200 (CEST);1570808891000;0.22;40.85;17.56
1380556831572750;28;34.5;Fri Oct 11 2019 17:50:06 GMT+0200 (CEST);Fri Oct 11 2019 15:50:06 GMT+0200 (CEST);1570809006000;0.19;39.74;17.41
1380556831572750;28;32.2;Fri Oct 11 2019 17:51:58 GMT+0200 (CEST);Fri Oct 11 2019 15:51:58 GMT+0200 (CEST);1570809118000;0.17;38.76;17.32
1380556831572750;28;31.5;Fri Oct 11 2019 17:53:51 GMT+0200 (CEST);Fri Oct 11 2019 15:53:51 GMT+0200 (CEST);1570809231000;0.17;37.84;17.23
1380556831572750;26;31.3;Fri Oct 11 2019 17:55:45 GMT+0200 (CEST);Fri Oct 11 2019 15:55:45 GMT+0200 (CEST);1570809345000;0.16;36.36;17.16
1380556831572750;26;31.3;Fri Oct 11 2019 17:57:38 GMT+0200 (CEST);Fri Oct 11 2019 15:57:38 GMT+0200 (CEST);1570809458000;0.16;35.12;17.07
1380556831572750;25;31.2;Fri Oct 11 2019 17:59:40 GMT+0200 (CEST);Fri Oct 11 2019 15:59:40 GMT+0200 (CEST);1570809580000;0.15;33.39;16.98
1380556831572750;25;31.3;Fri Oct 11 2019 18:01:34 GMT+0200 (CEST);Fri Oct 11 2019 16:01:34 GMT+0200 (CEST);1570809694000;0.14;31.71;16.9
1380556831572750;25;31.7;Fri Oct 11 2019 18:03:26 GMT+0200 (CEST);Fri Oct 11 2019 16:03:26 GMT+0200 (CEST);1570809806000;0.14;30.37;16.83
1380556831572750;24;31.4;Fri Oct 11 2019 18:05:26 GMT+0200 (CEST);Fri Oct 11 2019 16:05:26 GMT+0200 (CEST);1570809926000;0.13;28.17;16.74
1380556831572750;24;31.4;Fri Oct 11 2019 18:07:28 GMT+0200 (CEST);Fri Oct 11 2019 16:07:28 GMT+0200 (CEST);1570810048000;0.12;25.7;16.67
1380556831572750;23.5;31.3;Fri Oct 11 2019 18:09:21 GMT+0200 (CEST);Fri Oct 11 2019 16:09:21 GMT+0200 (CEST);1570810161000;0.1;24.33;16.6
1380556831572750;23.5;31.3;Fri Oct 11 2019 18:11:20 GMT+0200 (CEST);Fri Oct 11 2019 16:11:20 GMT+0200 (CEST);1570810280000;0.1;22.67;16.53
1380556831572750;23.5;31.1;Fri Oct 11 2019 18:13:14 GMT+0200 (CEST);Fri Oct 11 2019 16:13:14 GMT+0200 (CEST);1570810394000;0.1;20.34;16.45
1380556831572750;23.5;30.9;Fri Oct 11 2019 18:15:07 GMT+0200 (CEST);Fri Oct 11 2019 16:15:07 GMT+0200 (CEST);1570810507000;0.09;17.8;16.33
1380556831572750;23.5;30.6;Fri Oct 11 2019 18:17:00 GMT+0200 (CEST);Fri Oct 11 2019 16:17:00 GMT+0200 (CEST);1570810620000;0.07;16.03;16.26
1380556831572750;22;29.9;Fri Oct 11 2019 18:19:07 GMT+0200 (CEST);Fri Oct 11 2019 16:19:07 GMT+0200 (CEST);1570810747000;0;13.07;16.14
1380556831572750;22;30.6;Fri Oct 11 2019 18:21:03 GMT+0200 (CEST);Fri Oct 11 2019 16:21:03 GMT+0200 (CEST);1570810863000;0;12.02;16.08
1380556831572750;22;30.7;Fri Oct 11 2019 18:22:56 GMT+0200 (CEST);Fri Oct 11 2019 16:22:56 GMT+0200 (CEST);1570810976000;0;10.51;16.02
1380556831572750;22;30.5;Fri Oct 11 2019 18:24:55 GMT+0200 (CEST);Fri Oct 11 2019 16:24:55 GMT+0200 (CEST);1570811095000;0;8.72;15.96
1380556831572750;21.5;29.7;Fri Oct 11 2019 18:26:52 GMT+0200 (CEST);Fri Oct 11 2019 16:26:52 GMT+0200 (CEST);1570811212000;0;7.12;15.88
1380556831572750;21.5;29.1;Fri Oct 11 2019 18:28:45 GMT+0200 (CEST);Fri Oct 11 2019 16:28:45 GMT+0200 (CEST);1570811325000;0;5.09;15.79
1380556831572750;21.5;29.7;Fri Oct 11 2019 18:30:45 GMT+0200 (CEST);Fri Oct 11 2019 16:30:45 GMT+0200 (CEST);1570811445000;0;4.26;15.71
1380556831572750;21.5;31.2;Fri Oct 11 2019 18:32:47 GMT+0200 (CEST);Fri Oct 11 2019 16:32:47 GMT+0200 (CEST);1570811567000;0;3.82;15.64
1380556831572750;21.5;31;Fri Oct 11 2019 18:34:39 GMT+0200 (CEST);Fri Oct 11 2019 16:34:39 GMT+0200 (CEST);1570811679000;0;3.53;15.53
1380556831572750;21.5;30.6;Fri Oct 11 2019 18:36:32 GMT+0200 (CEST);Fri Oct 11 2019 16:36:32 GMT+0200 (CEST);1570811792000;0;3.11;15.46
1380556831572750;21.5;29.2;Fri Oct 11 2019 18:38:32 GMT+0200 (CEST);Fri Oct 11 2019 16:38:32 GMT+0200 (CEST);1570811912000;0;2.05;15.42
1380556831572750;21.5;29.2;Fri Oct 11 2019 18:40:25 GMT+0200 (CEST);Fri Oct 11 2019 16:40:25 GMT+0200 (CEST);1570812025000;0;0.52;15.35
1380556831572750;21.5;29.2;Fri Oct 11 2019 18:42:22 GMT+0200 (CEST);Fri Oct 11 2019 16:42:22 GMT+0200 (CEST);1570812142000;0;0.06;15.32
1380556831572750;9.9;28.5;Sat Oct 12 2019 07:47:46 GMT+0200 (CEST);Sat Oct 12 2019 05:47:46 GMT+0200 (CEST);1570859266000;0;12.69;8.91
1380556831572750;9.9;26.9;Sat Oct 12 2019 07:49:39 GMT+0200 (CEST);Sat Oct 12 2019 05:49:39 GMT+0200 (CEST);1570859379000;0;13.65;8.94
1380556831572750;9.9;27.4;Sat Oct 12 2019 07:51:36 GMT+0200 (CEST);Sat Oct 12 2019 05:51:36 GMT+0200 (CEST);1570859496000;0;14.9;8.98
1380556831572750;9.9;25.2;Sat Oct 12 2019 07:53:30 GMT+0200 (CEST);Sat Oct 12 2019 05:53:30 GMT+0200 (CEST);1570859610000;0;16.12;9.03
1380556831572750;11.4;25.2;Sat Oct 12 2019 07:55:25 GMT+0200 (CEST);Sat Oct 12 2019 05:55:25 GMT+0200 (CEST);1570859725000;0.07;16.87;9.03
1380556831572750;11.4;23.5;Sat Oct 12 2019 07:57:18 GMT+0200 (CEST);Sat Oct 12 2019 05:57:18 GMT+0200 (CEST);1570859838000;0.08;18.11;9.06
1380556831572750;11.4;22.6;Sat Oct 12 2019 07:59:04 GMT+0200 (CEST);Sat Oct 12 2019 05:59:04 GMT+0200 (CEST);1570859944000;0.08;19.02;9.03
1380556831572750;11.4;22;Sat Oct 12 2019 08:00:56 GMT+0200 (CEST);Sat Oct 12 2019 06:00:56 GMT+0200 (CEST);1570860056000;0.08;20.6;9.03
1380556831572750;11.4;21.3;Sat Oct 12 2019 08:03:10 GMT+0200 (CEST);Sat Oct 12 2019 06:03:10 GMT+0200 (CEST);1570860190000;0.09;22.14;9.06
1380556831572750;9.9;21.2;Sat Oct 12 2019 08:05:04 GMT+0200 (CEST);Sat Oct 12 2019 06:05:04 GMT+0200 (CEST);1570860304000;0.09;23.36;9.07
1380556831572750;9.9;21;Sat Oct 12 2019 08:06:57 GMT+0200 (CEST);Sat Oct 12 2019 06:06:57 GMT+0200 (CEST);1570860417000;0.1;24.8;9.1
1380556831572750;9.9;20.8;Sat Oct 12 2019 08:08:52 GMT+0200 (CEST);Sat Oct 12 2019 06:08:52 GMT+0200 (CEST);1570860532000;0.1;25.95;9.14
1380556831572750;9.4;20.7;Sat Oct 12 2019 08:10:53 GMT+0200 (CEST);Sat Oct 12 2019 06:10:53 GMT+0200 (CEST);1570860653000;0.11;26.89;9.14
1380556831572750;9.4;20.5;Sat Oct 12 2019 08:12:46 GMT+0200 (CEST);Sat Oct 12 2019 06:12:46 GMT+0200 (CEST);1570860766000;0.11;28.22;9.15
1380556831572750;9.4;20.4;Sat Oct 12 2019 08:14:43 GMT+0200 (CEST);Sat Oct 12 2019 06:14:43 GMT+0200 (CEST);1570860883000;0.11;28.98;9.15
1380556831572750;9.4;20;Sat Oct 12 2019 08:16:37 GMT+0200 (CEST);Sat Oct 12 2019 06:16:37 GMT+0200 (CEST);1570860997000;0.12;30.26;9.18
1380556831572750;9.4;19.9;Sat Oct 12 2019 08:18:47 GMT+0200 (CEST);Sat Oct 12 2019 06:18:47 GMT+0200 (CEST);1570861127000;0.12;31.75;9.23
1380556831572750;9.4;19.3;Sat Oct 12 2019 08:21:10 GMT+0200 (CEST);Sat Oct 12 2019 06:21:10 GMT+0200 (CEST);1570861270000;0.12;33.54;9.27
1380556831572750;9.4;18.8;Sat Oct 12 2019 08:23:03 GMT+0200 (CEST);Sat Oct 12 2019 06:23:03 GMT+0200 (CEST);1570861383000;0.13;34.85;9.29
1380556831572750;9.4;18.4;Sat Oct 12 2019 08:24:57 GMT+0200 (CEST);Sat Oct 12 2019 06:24:57 GMT+0200 (CEST);1570861497000;0.13;41.95;9.35
1380556831572750;9.4;18.1;Sat Oct 12 2019 08:26:53 GMT+0200 (CEST);Sat Oct 12 2019 06:26:53 GMT+0200 (CEST);1570861613000;0.14;86.02;9.46
1380556831572750;9.4;28.2;Sat Oct 12 2019 08:28:45 GMT+0200 (CEST);Sat Oct 12 2019 06:28:45 GMT+0200 (CEST);1570861725000;0.12;85.25;9.62
1380556831572750;9.4;31.5;Sat Oct 12 2019 08:30:38 GMT+0200 (CEST);Sat Oct 12 2019 06:30:38 GMT+0200 (CEST);1570861838000;0.12;202.58;9.92
1380556831572750;9.4;32;Sat Oct 12 2019 08:32:35 GMT+0200 (CEST);Sat Oct 12 2019 06:32:35 GMT+0200 (CEST);1570861955000;0.13;224.16;10.47
1380556831572750;13.4;32.1;Sat Oct 12 2019 08:34:29 GMT+0200 (CEST);Sat Oct 12 2019 06:34:29 GMT+0200 (CEST);1570862069000;0.13;227.93;11.03
1380556831572750;13.4;32.1;Sat Oct 12 2019 08:36:33 GMT+0200 (CEST);Sat Oct 12 2019 06:36:33 GMT+0200 (CEST);1570862193000;0.13;235.11;11.51
1380556831572750;13.9;32.1;Sat Oct 12 2019 08:38:27 GMT+0200 (CEST);Sat Oct 12 2019 06:38:27 GMT+0200 (CEST);1570862307000;0.14;243.97;11.98
1380556831572750;13.9;32;Sat Oct 12 2019 08:40:24 GMT+0200 (CEST);Sat Oct 12 2019 06:40:24 GMT+0200 (CEST);1570862424000;0.13;250.11;12.42
1380556831572750;15.4;32.8;Sat Oct 12 2019 08:42:26 GMT+0200 (CEST);Sat Oct 12 2019 06:42:26 GMT+0200 (CEST);1570862546000;0.13;257.26;12.82
1380556831572750;15.4;33.6;Sat Oct 12 2019 08:44:19 GMT+0200 (CEST);Sat Oct 12 2019 06:44:19 GMT+0200 (CEST);1570862659000;0.14;264.64;13.13
1380556831572750;15.4;32.4;Sat Oct 12 2019 08:46:11 GMT+0200 (CEST);Sat Oct 12 2019 06:46:11 GMT+0200 (CEST);1570862771000;0.14;270.91;13.44
1380556831572750;15.4;32.5;Sat Oct 12 2019 08:48:12 GMT+0200 (CEST);Sat Oct 12 2019 06:48:12 GMT+0200 (CEST);1570862892000;0.15;277.84;13.8
1380556831572750;15.4;32.4;Sat Oct 12 2019 08:50:34 GMT+0200 (CEST);Sat Oct 12 2019 06:50:34 GMT+0200 (CEST);1570863034000;0.15;288.35;14.19
1380556831572750;15.4;32.2;Sat Oct 12 2019 08:52:27 GMT+0200 (CEST);Sat Oct 12 2019 06:52:27 GMT+0200 (CEST);1570863147000;0.16;294.97;14.32
1380556831572750;15.4;32.6;Sat Oct 12 2019 08:54:21 GMT+0200 (CEST);Sat Oct 12 2019 06:54:21 GMT+0200 (CEST);1570863261000;0.16;301.84;14.54
1380556831572750;15.4;32.2;Sat Oct 12 2019 08:56:14 GMT+0200 (CEST);Sat Oct 12 2019 06:56:14 GMT+0200 (CEST);1570863374000;0.17;307.43;14.77
1380556831572750;15.4;19.5;Sat Oct 12 2019 08:58:07 GMT+0200 (CEST);Sat Oct 12 2019 06:58:07 GMT+0200 (CEST);1570863487000;0.18;316.33;15
1380556831572750;15.4;28.5;Sat Oct 12 2019 09:00:07 GMT+0200 (CEST);Sat Oct 12 2019 07:00:07 GMT+0200 (CEST);1570863607000;0.18;323.39;15.12
1380556831572750;15.4;27;Sat Oct 12 2019 09:02:06 GMT+0200 (CEST);Sat Oct 12 2019 07:02:06 GMT+0200 (CEST);1570863726000;0.18;332.79;15.17
1380556831572750;15.4;31;Sat Oct 12 2019 09:04:08 GMT+0200 (CEST);Sat Oct 12 2019 07:04:08 GMT+0200 (CEST);1570863848000;0.17;340.47;15.34
1380556831572750;15.4;31.4;Sat Oct 12 2019 09:06:08 GMT+0200 (CEST);Sat Oct 12 2019 07:06:08 GMT+0200 (CEST);1570863968000;0.18;350.71;15.5
1380556831572750;15.4;30.7;Sat Oct 12 2019 09:08:02 GMT+0200 (CEST);Sat Oct 12 2019 07:08:02 GMT+0200 (CEST);1570864082000;0.19;355.83;15.57
1380556831572750;13.9;29.8;Sat Oct 12 2019 09:10:02 GMT+0200 (CEST);Sat Oct 12 2019 07:10:02 GMT+0200 (CEST);1570864202000;0.2;363.51;15.67
1380556831572750;13.9;27.2;Sat Oct 12 2019 09:11:58 GMT+0200 (CEST);Sat Oct 12 2019 07:11:58 GMT+0200 (CEST);1570864318000;0.2;371.19;15.82
1380556831572750;13.9;22.7;Sat Oct 12 2019 09:13:52 GMT+0200 (CEST);Sat Oct 12 2019 07:13:52 GMT+0200 (CEST);1570864432000;0.21;378.87;16.01
1380556831572750;13.9;22.7;Sat Oct 12 2019 09:15:46 GMT+0200 (CEST);Sat Oct 12 2019 07:15:46 GMT+0200 (CEST);1570864546000;0.21;383.99;16.14
1380556831572750;13.9;22.7;Sat Oct 12 2019 09:17:58 GMT+0200 (CEST);Sat Oct 12 2019 07:17:58 GMT+0200 (CEST);1570864678000;0.21;391.67;16.18
1380556831572750;19.4;40;Sat Oct 12 2019 09:25:46 GMT+0200 (CEST);Sat Oct 12 2019 07:25:46 GMT+0200 (CEST);1570865146000;1.64;422.39;16.47
1380556831572750;19.4;37.4;Sat Oct 12 2019 09:27:39 GMT+0200 (CEST);Sat Oct 12 2019 07:27:39 GMT+0200 (CEST);1570865259000;1.81;430.07;16.57
1380556831572750;23.5;37.3;Sat Oct 12 2019 09:29:32 GMT+0200 (CEST);Sat Oct 12 2019 07:29:32 GMT+0200 (CEST);1570865372000;1.86;435.19;16.66
1380556831572750;23.5;36.9;Sat Oct 12 2019 09:31:25 GMT+0200 (CEST);Sat Oct 12 2019 07:31:25 GMT+0200 (CEST);1570865485000;1.91;445.43;16.84
1380556831572750;23.5;35.7;Sat Oct 12 2019 09:33:18 GMT+0200 (CEST);Sat Oct 12 2019 07:33:18 GMT+0200 (CEST);1570865598000;2.04;450.55;17
1380556831572750;23.5;35.2;Sat Oct 12 2019 09:35:15 GMT+0200 (CEST);Sat Oct 12 2019 07:35:15 GMT+0200 (CEST);1570865715000;2.05;458.23;17.07
1380556831572750;23.5;35.5;Sat Oct 12 2019 09:37:09 GMT+0200 (CEST);Sat Oct 12 2019 07:37:09 GMT+0200 (CEST);1570865829000;2.1;465.91;17.25
1380556831572750;25;35.6;Sat Oct 12 2019 09:39:06 GMT+0200 (CEST);Sat Oct 12 2019 07:39:06 GMT+0200 (CEST);1570865946000;2.13;471.03;17.38
1380556831572750;25;35.4;Sat Oct 12 2019 09:40:59 GMT+0200 (CEST);Sat Oct 12 2019 07:40:59 GMT+0200 (CEST);1570866059000;2.16;478.71;17.49
1380556831572750;26;35.4;Sat Oct 12 2019 09:42:52 GMT+0200 (CEST);Sat Oct 12 2019 07:42:52 GMT+0200 (CEST);1570866172000;2.18;481.27;17.63
1380556831572750;26;35.5;Sat Oct 12 2019 09:44:46 GMT+0200 (CEST);Sat Oct 12 2019 07:44:46 GMT+0200 (CEST);1570866286000;2.22;488.95;17.75
1380556831572750;26;35.4;Sat Oct 12 2019 09:46:39 GMT+0200 (CEST);Sat Oct 12 2019 07:46:39 GMT+0200 (CEST);1570866399000;2.22;496.63;17.93
1380556831572750;27.5;35.2;Sat Oct 12 2019 09:48:36 GMT+0200 (CEST);Sat Oct 12 2019 07:48:36 GMT+0200 (CEST);1570866516000;2.28;504.31;18.14
1380556831572750;27.5;35.1;Sat Oct 12 2019 09:50:30 GMT+0200 (CEST);Sat Oct 12 2019 07:50:30 GMT+0200 (CEST);1570866630000;2.31;509.43;18.25
1380556831572750;28;35;Sat Oct 12 2019 09:52:25 GMT+0200 (CEST);Sat Oct 12 2019 07:52:25 GMT+0200 (CEST);1570866745000;2.33;514.55;18.39
1380556831572750;28;34.8;Sat Oct 12 2019 09:54:22 GMT+0200 (CEST);Sat Oct 12 2019 07:54:22 GMT+0200 (CEST);1570866862000;2.35;522.23;18.42
1380556831572750;28;34.7;Sat Oct 12 2019 09:56:14 GMT+0200 (CEST);Sat Oct 12 2019 07:56:14 GMT+0200 (CEST);1570866974000;2.39;527.35;18.6
1380556831572750;29.5;34.7;Sat Oct 12 2019 09:58:07 GMT+0200 (CEST);Sat Oct 12 2019 07:58:07 GMT+0200 (CEST);1570867087000;2.42;535.03;18.75
1380556831572750;29.5;34.7;Sat Oct 12 2019 10:00:11 GMT+0200 (CEST);Sat Oct 12 2019 08:00:11 GMT+0200 (CEST);1570867211000;2.45;542.71;18.91
1380556831572750;30;34.7;Sat Oct 12 2019 10:02:08 GMT+0200 (CEST);Sat Oct 12 2019 08:02:08 GMT+0200 (CEST);1570867328000;2.48;547.83;19.06
1380556831572750;30;34.5;Sat Oct 12 2019 10:04:01 GMT+0200 (CEST);Sat Oct 12 2019 08:04:01 GMT+0200 (CEST);1570867441000;2.51;552.95;19.21
1380556831572750;31.5;34.1;Sat Oct 12 2019 10:05:55 GMT+0200 (CEST);Sat Oct 12 2019 08:05:55 GMT+0200 (CEST);1570867555000;2.52;555.51;19.34
1380556831572750;31.5;34.4;Sat Oct 12 2019 10:07:46 GMT+0200 (CEST);Sat Oct 12 2019 08:07:46 GMT+0200 (CEST);1570867666000;2.56;563.19;19.64
1380556831572750;31.5;34.4;Sat Oct 12 2019 10:09:39 GMT+0200 (CEST);Sat Oct 12 2019 08:09:39 GMT+0200 (CEST);1570867779000;2.59;568.31;19.71
1380556831572750;32;34.3;Sat Oct 12 2019 10:11:31 GMT+0200 (CEST);Sat Oct 12 2019 08:11:31 GMT+0200 (CEST);1570867891000;2.65;565.75;19.92
1380556831572750;32;34.4;Sat Oct 12 2019 10:13:24 GMT+0200 (CEST);Sat Oct 12 2019 08:13:24 GMT+0200 (CEST);1570868004000;2.68;578.55;20.08
1380556831572750;33;34.1;Sat Oct 12 2019 10:15:18 GMT+0200 (CEST);Sat Oct 12 2019 08:15:18 GMT+0200 (CEST);1570868118000;2.68;586.23;20.36
1380556831572750;33;34;Sat Oct 12 2019 10:17:12 GMT+0200 (CEST);Sat Oct 12 2019 08:17:12 GMT+0200 (CEST);1570868232000;2.71;591.35;20.58
1380556831572750;33;34;Sat Oct 12 2019 10:19:06 GMT+0200 (CEST);Sat Oct 12 2019 08:19:06 GMT+0200 (CEST);1570868346000;2.72;599.03;20.85
1380556831572750;33;34;Sat Oct 12 2019 10:20:59 GMT+0200 (CEST);Sat Oct 12 2019 08:20:59 GMT+0200 (CEST);1570868459000;2.77;601.59;20.85
1380556831572750;33;34;Sat Oct 12 2019 10:23:34 GMT+0200 (CEST);Sat Oct 12 2019 08:23:34 GMT+0200 (CEST);1570868614000;2.78;609.27;20.89
1380556831572750;33;34;Sat Oct 12 2019 10:25:28 GMT+0200 (CEST);Sat Oct 12 2019 08:25:28 GMT+0200 (CEST);1570868728000;2.82;616.95;21.04
1380556831572750;33;34;Sat Oct 12 2019 10:27:22 GMT+0200 (CEST);Sat Oct 12 2019 08:27:22 GMT+0200 (CEST);1570868842000;2.81;619.51;21.21
1380556831572750;35.6;34;Sat Oct 12 2019 10:29:16 GMT+0200 (CEST);Sat Oct 12 2019 08:29:16 GMT+0200 (CEST);1570868956000;2.84;624.63;21.39
1380556831572750;35.6;34;Sat Oct 12 2019 10:31:08 GMT+0200 (CEST);Sat Oct 12 2019 08:31:08 GMT+0200 (CEST);1570869068000;2.88;629.75;21.46
1380556831572750;35.6;34;Sat Oct 12 2019 10:33:02 GMT+0200 (CEST);Sat Oct 12 2019 08:33:02 GMT+0200 (CEST);1570869182000;2.91;634.87;21.53
1380556831572750;35.6;34;Sat Oct 12 2019 10:35:00 GMT+0200 (CEST);Sat Oct 12 2019 08:35:00 GMT+0200 (CEST);1570869300000;2.97;642.55;21.58
1380556831572750;35.6;33.8;Sat Oct 12 2019 10:36:53 GMT+0200 (CEST);Sat Oct 12 2019 08:36:53 GMT+0200 (CEST);1570869413000;2.98;647.67;21.75
1380556831572750;35.6;33.7;Sat Oct 12 2019 10:38:50 GMT+0200 (CEST);Sat Oct 12 2019 08:38:50 GMT+0200 (CEST);1570869530000;2.96;650.23;21.89
1380556831572750;36.1;34;Sat Oct 12 2019 10:40:42 GMT+0200 (CEST);Sat Oct 12 2019 08:40:42 GMT+0200 (CEST);1570869642000;3.02;655.54;21.99
1380556831572750;36.1;34;Sat Oct 12 2019 10:42:40 GMT+0200 (CEST);Sat Oct 12 2019 08:42:40 GMT+0200 (CEST);1570869760000;3.01;660.56;22.21
1380556831572750;36.6;34;Sat Oct 12 2019 10:44:33 GMT+0200 (CEST);Sat Oct 12 2019 08:44:33 GMT+0200 (CEST);1570869873000;3.03;664.76;22.16
1380556831572750;36.6;33.8;Sat Oct 12 2019 10:46:29 GMT+0200 (CEST);Sat Oct 12 2019 08:46:29 GMT+0200 (CEST);1570869989000;3.06;670.42;22.27
1380556831572750;36.6;33.7;Sat Oct 12 2019 10:48:21 GMT+0200 (CEST);Sat Oct 12 2019 08:48:21 GMT+0200 (CEST);1570870101000;3.07;676.18;22.28
1380556831572750;37.6;33.8;Sat Oct 12 2019 10:50:14 GMT+0200 (CEST);Sat Oct 12 2019 08:50:14 GMT+0200 (CEST);1570870214000;3.13;679.75;22.27
1380556831572750;37.6;33.7;Sat Oct 12 2019 10:52:06 GMT+0200 (CEST);Sat Oct 12 2019 08:52:06 GMT+0200 (CEST);1570870326000;3.13;681.52;22.25
1380556831572750;37.6;33.7;Sat Oct 12 2019 10:54:29 GMT+0200 (CEST);Sat Oct 12 2019 08:54:29 GMT+0200 (CEST);1570870469000;3.15;688.45;22.53
1380556831572750;37.6;33.6;Sat Oct 12 2019 10:56:22 GMT+0200 (CEST);Sat Oct 12 2019 08:56:22 GMT+0200 (CEST);1570870582000;3.19;691.05;22.58
1380556831572750;38.1;33.4;Sat Oct 12 2019 10:58:15 GMT+0200 (CEST);Sat Oct 12 2019 08:58:15 GMT+0200 (CEST);1570870695000;3.21;695.38;22.75
1380556831572750;38.1;33.4;Sat Oct 12 2019 11:00:08 GMT+0200 (CEST);Sat Oct 12 2019 09:00:08 GMT+0200 (CEST);1570870808000;3.21;700.06;22.89
1380556831572750;38.1;33.4;Sat Oct 12 2019 11:02:06 GMT+0200 (CEST);Sat Oct 12 2019 09:02:06 GMT+0200 (CEST);1570870926000;3.25;702.32;23
1380556831572750;39.6;33.1;Sat Oct 12 2019 11:04:01 GMT+0200 (CEST);Sat Oct 12 2019 09:04:01 GMT+0200 (CEST);1570871041000;3.29;705.67;23.25
1380556831572750;39.6;33.1;Sat Oct 12 2019 11:06:04 GMT+0200 (CEST);Sat Oct 12 2019 09:06:04 GMT+0200 (CEST);1570871164000;3.22;710.15;23.55
1380556831572750;39.6;33.4;Sat Oct 12 2019 11:08:01 GMT+0200 (CEST);Sat Oct 12 2019 09:08:01 GMT+0200 (CEST);1570871281000;3.28;712.81;23.62
1380556831572750;39.6;33.3;Sat Oct 12 2019 11:09:57 GMT+0200 (CEST);Sat Oct 12 2019 09:09:57 GMT+0200 (CEST);1570871397000;3.32;717.2;23.53
1380556831572750;39.6;33.3;Sat Oct 12 2019 11:12:03 GMT+0200 (CEST);Sat Oct 12 2019 09:12:03 GMT+0200 (CEST);1570871523000;3.32;721.31;23.78
1380556831572750;40.1;33;Sat Oct 12 2019 11:13:56 GMT+0200 (CEST);Sat Oct 12 2019 09:13:56 GMT+0200 (CEST);1570871636000;3.32;724.75;24
1380556831572750;40.1;33.3;Sat Oct 12 2019 11:15:50 GMT+0200 (CEST);Sat Oct 12 2019 09:15:50 GMT+0200 (CEST);1570871750000;3.35;728.15;24.39
1380556831572750;41.1;33.3;Sat Oct 12 2019 11:17:51 GMT+0200 (CEST);Sat Oct 12 2019 09:17:51 GMT+0200 (CEST);1570871871000;3.36;733.22;24.82
1380556831572750;41.1;33.3;Sat Oct 12 2019 11:19:45 GMT+0200 (CEST);Sat Oct 12 2019 09:19:45 GMT+0200 (CEST);1570871985000;3.21;735.05;25.21
1380556831572750;42.1;34;Sat Oct 12 2019 11:21:38 GMT+0200 (CEST);Sat Oct 12 2019 09:21:38 GMT+0200 (CEST);1570872098000;3.33;738.86;25.4
1380556831572750;42.1;33.6;Sat Oct 12 2019 11:23:31 GMT+0200 (CEST);Sat Oct 12 2019 09:23:31 GMT+0200 (CEST);1570872211000;3.34;741.79;25.57
1380556831572750;42.1;33.3;Sat Oct 12 2019 11:25:54 GMT+0200 (CEST);Sat Oct 12 2019 09:25:54 GMT+0200 (CEST);1570872354000;3.36;744.29;25.99
1380556831572750;43.6;33.3;Sat Oct 12 2019 11:27:47 GMT+0200 (CEST);Sat Oct 12 2019 09:27:47 GMT+0200 (CEST);1570872467000;3.38;747.97;26.06
1380556831572750;43.6;33.6;Sat Oct 12 2019 11:29:40 GMT+0200 (CEST);Sat Oct 12 2019 09:29:40 GMT+0200 (CEST);1570872580000;3.33;750.67;26.17
1380556831572750;43.6;33.5;Sat Oct 12 2019 11:31:36 GMT+0200 (CEST);Sat Oct 12 2019 09:31:36 GMT+0200 (CEST);1570872696000;3.38;755.27;26.32
1380556831572750;43.6;33.5;Sat Oct 12 2019 11:33:53 GMT+0200 (CEST);Sat Oct 12 2019 09:33:53 GMT+0200 (CEST);1570872833000;3.42;758.17;26.25
1380556831572750;44.1;33.2;Sat Oct 12 2019 11:35:47 GMT+0200 (CEST);Sat Oct 12 2019 09:35:47 GMT+0200 (CEST);1570872947000;3.32;760.43;26.25
1380556831572750;44.1;33.6;Sat Oct 12 2019 11:37:39 GMT+0200 (CEST);Sat Oct 12 2019 09:37:39 GMT+0200 (CEST);1570873059000;3.4;763.37;26.06
1380556831572750;44.1;33.6;Sat Oct 12 2019 11:39:32 GMT+0200 (CEST);Sat Oct 12 2019 09:39:32 GMT+0200 (CEST);1570873172000;3.45;769;26.05
1380556831572750;44.1;33.6;Sat Oct 12 2019 11:41:34 GMT+0200 (CEST);Sat Oct 12 2019 09:41:34 GMT+0200 (CEST);1570873294000;3.46;772.6;26.05
1380556831572750;44.1;33.6;Sat Oct 12 2019 11:43:28 GMT+0200 (CEST);Sat Oct 12 2019 09:43:28 GMT+0200 (CEST);1570873408000;3.45;772.94;26.04
1380556831572750;44.1;33.6;Sat Oct 12 2019 11:45:28 GMT+0200 (CEST);Sat Oct 12 2019 09:45:28 GMT+0200 (CEST);1570873528000;3.46;776.81;26.25
1380556831572750;44.1;33.6;Sat Oct 12 2019 11:47:23 GMT+0200 (CEST);Sat Oct 12 2019 09:47:23 GMT+0200 (CEST);1570873643000;3.47;778.79;26.28
1380556831572750;44.1;33.9;Sat Oct 12 2019 11:49:22 GMT+0200 (CEST);Sat Oct 12 2019 09:49:22 GMT+0200 (CEST);1570873762000;3.17;780.12;26.28
1380556831572750;44.1;33.1;Sat Oct 12 2019 11:51:14 GMT+0200 (CEST);Sat Oct 12 2019 09:51:14 GMT+0200 (CEST);1570873874000;3.61;781.71;26.34
1380556831572750;44.1;33;Sat Oct 12 2019 11:53:09 GMT+0200 (CEST);Sat Oct 12 2019 09:53:09 GMT+0200 (CEST);1570873989000;3.56;781.32;26.3
1380556831572750;44.1;32.9;Sat Oct 12 2019 11:55:02 GMT+0200 (CEST);Sat Oct 12 2019 09:55:02 GMT+0200 (CEST);1570874102000;3.56;785.89;26.13
1380556831572750;44.1;33.2;Sat Oct 12 2019 11:56:55 GMT+0200 (CEST);Sat Oct 12 2019 09:56:55 GMT+0200 (CEST);1570874215000;3.74;786.87;26.1
1380556831572750;44.1;32;Sat Oct 12 2019 11:58:49 GMT+0200 (CEST);Sat Oct 12 2019 09:58:49 GMT+0200 (CEST);1570874329000;3.75;790.92;26.17
1380556831572750;44.1;32.2;Sat Oct 12 2019 12:00:48 GMT+0200 (CEST);Sat Oct 12 2019 10:00:48 GMT+0200 (CEST);1570874448000;3.76;792.68;26.1
1380556831572750;44.1;32.6;Sat Oct 12 2019 12:02:40 GMT+0200 (CEST);Sat Oct 12 2019 10:02:40 GMT+0200 (CEST);1570874560000;3.58;790.62;25.99
1380556831572750;44.1;33.4;Sat Oct 12 2019 12:04:36 GMT+0200 (CEST);Sat Oct 12 2019 10:04:36 GMT+0200 (CEST);1570874676000;3.64;794.8;26.21
1380556831572750;44.1;32.6;Sat Oct 12 2019 12:06:29 GMT+0200 (CEST);Sat Oct 12 2019 10:06:29 GMT+0200 (CEST);1570874789000;3.77;795.69;26.29
1380556831572750;44.1;32.9;Sat Oct 12 2019 12:08:22 GMT+0200 (CEST);Sat Oct 12 2019 10:08:22 GMT+0200 (CEST);1570874902000;3.75;799.43;26.33
1380556831572750;44.1;32.3;Sat Oct 12 2019 12:10:21 GMT+0200 (CEST);Sat Oct 12 2019 10:10:21 GMT+0200 (CEST);1570875021000;3.76;798.71;26.35
1380556831572750;44.1;32.5;Sat Oct 12 2019 12:12:15 GMT+0200 (CEST);Sat Oct 12 2019 10:12:15 GMT+0200 (CEST);1570875135000;3.71;799.67;26.26
1380556831572750;44.1;32.9;Sat Oct 12 2019 12:14:08 GMT+0200 (CEST);Sat Oct 12 2019 10:14:08 GMT+0200 (CEST);1570875248000;3.78;802.29;26.27
1380556831572750;44.1;31.1;Sat Oct 12 2019 12:16:00 GMT+0200 (CEST);Sat Oct 12 2019 10:16:00 GMT+0200 (CEST);1570875360000;3.91;804.83;26.41
1380556831572750;44.1;31.1;Sat Oct 12 2019 12:17:54 GMT+0200 (CEST);Sat Oct 12 2019 10:17:54 GMT+0200 (CEST);1570875474000;3.92;805.61;26.49
1380556831572750;44.1;31;Sat Oct 12 2019 12:19:58 GMT+0200 (CEST);Sat Oct 12 2019 10:19:58 GMT+0200 (CEST);1570875598000;3.94;809.25;26.73
1380556831572750;44.1;30.9;Sat Oct 12 2019 12:21:51 GMT+0200 (CEST);Sat Oct 12 2019 10:21:51 GMT+0200 (CEST);1570875711000;3.95;810.31;26.78
1380556831572750;44.1;30.8;Sat Oct 12 2019 12:23:44 GMT+0200 (CEST);Sat Oct 12 2019 10:23:44 GMT+0200 (CEST);1570875824000;3.95;807.98;27.03
1380556831572750;44.1;30.9;Sat Oct 12 2019 12:25:38 GMT+0200 (CEST);Sat Oct 12 2019 10:25:38 GMT+0200 (CEST);1570875938000;3.7;700.75;26.98
1380556831572750;44.1;30.9;Sat Oct 12 2019 12:27:38 GMT+0200 (CEST);Sat Oct 12 2019 10:27:38 GMT+0200 (CEST);1570876058000;3.65;749.96;26.99
1380556831572750;44.1;32.4;Sat Oct 12 2019 12:29:31 GMT+0200 (CEST);Sat Oct 12 2019 10:29:31 GMT+0200 (CEST);1570876171000;3.81;820.24;26.98
1380556831572750;44.1;32.1;Sat Oct 12 2019 12:31:24 GMT+0200 (CEST);Sat Oct 12 2019 10:31:24 GMT+0200 (CEST);1570876284000;3.83;822.49;27.21
1380556831572750;45.6;32.8;Sat Oct 12 2019 12:33:18 GMT+0200 (CEST);Sat Oct 12 2019 10:33:18 GMT+0200 (CEST);1570876398000;3.51;802.26;27.36
1380556831572750;45.6;31.1;Sat Oct 12 2019 12:35:53 GMT+0200 (CEST);Sat Oct 12 2019 10:35:53 GMT+0200 (CEST);1570876553000;3.8;793.38;27.33
1380556831572750;45.6;31.2;Sat Oct 12 2019 12:37:47 GMT+0200 (CEST);Sat Oct 12 2019 10:37:47 GMT+0200 (CEST);1570876667000;3.97;821.83;27.21
1380556831572750;45.6;31.1;Sat Oct 12 2019 12:39:40 GMT+0200 (CEST);Sat Oct 12 2019 10:39:40 GMT+0200 (CEST);1570876780000;3.95;823.66;27.17
1380556831572750;45.6;31.6;Sat Oct 12 2019 12:41:32 GMT+0200 (CEST);Sat Oct 12 2019 10:41:32 GMT+0200 (CEST);1570876892000;3.97;821.15;27.31
1380556831572750;45.6;31.9;Sat Oct 12 2019 12:43:27 GMT+0200 (CEST);Sat Oct 12 2019 10:43:27 GMT+0200 (CEST);1570877007000;3.87;820.48;27.35
1380556831572750;45.6;32.1;Sat Oct 12 2019 12:45:23 GMT+0200 (CEST);Sat Oct 12 2019 10:45:23 GMT+0200 (CEST);1570877123000;3.77;819.64;27.61
1380556831572750;45.6;32.6;Sat Oct 12 2019 12:47:16 GMT+0200 (CEST);Sat Oct 12 2019 10:47:16 GMT+0200 (CEST);1570877236000;3.72;818.38;27.75
1380556831572750;45.6;32.4;Sat Oct 12 2019 12:49:08 GMT+0200 (CEST);Sat Oct 12 2019 10:49:08 GMT+0200 (CEST);1570877348000;3.93;817.25;27.88
1380556831572750;45.6;30.8;Sat Oct 12 2019 12:51:29 GMT+0200 (CEST);Sat Oct 12 2019 10:51:29 GMT+0200 (CEST);1570877489000;3.97;819.26;28.33
1380556831572750;45.6;30.6;Sat Oct 12 2019 12:53:22 GMT+0200 (CEST);Sat Oct 12 2019 10:53:22 GMT+0200 (CEST);1570877602000;3.96;812.58;28.45
1380556831572750;45.6;31;Sat Oct 12 2019 12:55:14 GMT+0200 (CEST);Sat Oct 12 2019 10:55:14 GMT+0200 (CEST);1570877714000;3.92;812.52;28.73
1380556831572750;45.6;30.6;Sat Oct 12 2019 12:57:08 GMT+0200 (CEST);Sat Oct 12 2019 10:57:08 GMT+0200 (CEST);1570877828000;3.95;815.84;28.89
1380556831572750;45.6;30.7;Sat Oct 12 2019 12:59:02 GMT+0200 (CEST);Sat Oct 12 2019 10:59:02 GMT+0200 (CEST);1570877942000;3.94;815.3;28.91
1380556831572750;46.1;30.9;Sat Oct 12 2019 13:00:55 GMT+0200 (CEST);Sat Oct 12 2019 11:00:55 GMT+0200 (CEST);1570878055000;3.94;817.66;29.01
1380556831572750;46.1;31.5;Sat Oct 12 2019 13:02:48 GMT+0200 (CEST);Sat Oct 12 2019 11:02:48 GMT+0200 (CEST);1570878168000;3.84;822.22;28.89
1380556831572750;47.7;31.7;Sat Oct 12 2019 13:04:41 GMT+0200 (CEST);Sat Oct 12 2019 11:04:41 GMT+0200 (CEST);1570878281000;3.85;815.46;28.97
1380556831572750;47.7;31.7;Sat Oct 12 2019 13:07:09 GMT+0200 (CEST);Sat Oct 12 2019 11:07:09 GMT+0200 (CEST);1570878429000;3.86;814.98;29.04
1380556831572750;47.7;31.1;Sat Oct 12 2019 13:09:02 GMT+0200 (CEST);Sat Oct 12 2019 11:09:02 GMT+0200 (CEST);1570878542000;3.92;814.33;29.35
1380556831572750;47.7;31.9;Sat Oct 12 2019 13:11:00 GMT+0200 (CEST);Sat Oct 12 2019 11:11:00 GMT+0200 (CEST);1570878660000;3.87;811.28;29.39
1380556831572750;47.7;31.1;Sat Oct 12 2019 13:13:02 GMT+0200 (CEST);Sat Oct 12 2019 11:13:02 GMT+0200 (CEST);1570878782000;3.91;812.63;29.28
1380556831572750;47.7;31.8;Sat Oct 12 2019 13:15:02 GMT+0200 (CEST);Sat Oct 12 2019 11:15:02 GMT+0200 (CEST);1570878902000;3.71;810.85;28.99
1380556831572750;47.7;33.6;Sat Oct 12 2019 13:16:56 GMT+0200 (CEST);Sat Oct 12 2019 11:16:56 GMT+0200 (CEST);1570879016000;3.29;808.53;28.79
1380556831572750;47.7;32.3;Sat Oct 12 2019 13:18:48 GMT+0200 (CEST);Sat Oct 12 2019 11:18:48 GMT+0200 (CEST);1570879128000;3.72;811.62;28.81
1380556831572750;47.7;31.3;Sat Oct 12 2019 13:21:01 GMT+0200 (CEST);Sat Oct 12 2019 11:21:01 GMT+0200 (CEST);1570879261000;3.84;803.26;28.89
1380556831572750;47.7;32.2;Sat Oct 12 2019 13:23:36 GMT+0200 (CEST);Sat Oct 12 2019 11:23:36 GMT+0200 (CEST);1570879416000;3.79;809.09;28.83
1380556831572750;46.1;31.4;Sat Oct 12 2019 13:25:30 GMT+0200 (CEST);Sat Oct 12 2019 11:25:30 GMT+0200 (CEST);1570879530000;3.5;742.21;28.94
1380556831572750;46.1;32.6;Sat Oct 12 2019 13:27:26 GMT+0200 (CEST);Sat Oct 12 2019 11:27:26 GMT+0200 (CEST);1570879646000;3.83;809.64;29.42
1380556831572750;47.7;31.7;Sat Oct 12 2019 13:29:21 GMT+0200 (CEST);Sat Oct 12 2019 11:29:21 GMT+0200 (CEST);1570879761000;3.6;799.1;29.72
1380556831572750;47.7;32.6;Sat Oct 12 2019 13:31:14 GMT+0200 (CEST);Sat Oct 12 2019 11:31:14 GMT+0200 (CEST);1570879874000;3.4;678.71;29.98
1380556831572750;47.7;32.1;Sat Oct 12 2019 13:33:07 GMT+0200 (CEST);Sat Oct 12 2019 11:33:07 GMT+0200 (CEST);1570879987000;3.64;798.04;29.65
1380556831572750;47.7;32.7;Sat Oct 12 2019 13:35:21 GMT+0200 (CEST);Sat Oct 12 2019 11:35:21 GMT+0200 (CEST);1570880121000;2.64;596.47;29.82
1380556831572750;47.7;32.3;Sat Oct 12 2019 13:37:15 GMT+0200 (CEST);Sat Oct 12 2019 11:37:15 GMT+0200 (CEST);1570880235000;3.76;819.93;29.46
1380556831572750;47.7;32.3;Sat Oct 12 2019 13:39:09 GMT+0200 (CEST);Sat Oct 12 2019 11:39:09 GMT+0200 (CEST);1570880349000;3.86;820.47;29.39
1380556831572750;47.7;32;Sat Oct 12 2019 13:41:02 GMT+0200 (CEST);Sat Oct 12 2019 11:41:02 GMT+0200 (CEST);1570880462000;3.59;786.37;29.5
1380556831572750;47.7;31.9;Sat Oct 12 2019 13:42:54 GMT+0200 (CEST);Sat Oct 12 2019 11:42:54 GMT+0200 (CEST);1570880574000;3.83;808.33;29.6
1380556831572750;47.7;32.2;Sat Oct 12 2019 13:44:47 GMT+0200 (CEST);Sat Oct 12 2019 11:44:47 GMT+0200 (CEST);1570880687000;3.6;785.98;29.22
1380556831572750;47.7;32.5;Sat Oct 12 2019 13:46:40 GMT+0200 (CEST);Sat Oct 12 2019 11:46:40 GMT+0200 (CEST);1570880800000;3.75;776.86;29.22
1380556831572750;47.7;31.9;Sat Oct 12 2019 13:48:39 GMT+0200 (CEST);Sat Oct 12 2019 11:48:39 GMT+0200 (CEST);1570880919000;3.69;797.2;28.94
1380556831572750;47.7;32.9;Sat Oct 12 2019 13:50:32 GMT+0200 (CEST);Sat Oct 12 2019 11:50:32 GMT+0200 (CEST);1570881032000;3.66;791.2;28.9
1380556831572750;47.7;32.6;Sat Oct 12 2019 13:52:24 GMT+0200 (CEST);Sat Oct 12 2019 11:52:24 GMT+0200 (CEST);1570881144000;3.74;793.62;28.91
1380556831572750;47.7;31.8;Sat Oct 12 2019 13:54:25 GMT+0200 (CEST);Sat Oct 12 2019 11:54:25 GMT+0200 (CEST);1570881265000;3.73;682.79;28.96
1380556831572750;47.7;31.9;Sat Oct 12 2019 13:56:17 GMT+0200 (CEST);Sat Oct 12 2019 11:56:17 GMT+0200 (CEST);1570881377000;3.68;783.57;29.16
1380556831572750;47.7;31.8;Sat Oct 12 2019 13:58:12 GMT+0200 (CEST);Sat Oct 12 2019 11:58:12 GMT+0200 (CEST);1570881492000;3.73;797.64;29.28
1380556831572750;47.7;31.6;Sat Oct 12 2019 14:00:06 GMT+0200 (CEST);Sat Oct 12 2019 12:00:06 GMT+0200 (CEST);1570881606000;3.2;740.08;29.46
1380556831572750;47.7;31.8;Sat Oct 12 2019 14:01:59 GMT+0200 (CEST);Sat Oct 12 2019 12:01:59 GMT+0200 (CEST);1570881719000;3.76;788.77;29.39
1380556831572750;47.7;31.8;Sat Oct 12 2019 14:03:52 GMT+0200 (CEST);Sat Oct 12 2019 12:03:52 GMT+0200 (CEST);1570881832000;3.48;727.89;29.32
1380556831572750;47.7;31.8;Sat Oct 12 2019 14:05:47 GMT+0200 (CEST);Sat Oct 12 2019 12:05:47 GMT+0200 (CEST);1570881947000;3.66;772.96;29.35
1380556831572750;47.7;32.2;Sat Oct 12 2019 14:07:40 GMT+0200 (CEST);Sat Oct 12 2019 12:07:40 GMT+0200 (CEST);1570882060000;3.56;759.11;29.12
1380556831572750;47.7;32.2;Sat Oct 12 2019 14:09:38 GMT+0200 (CEST);Sat Oct 12 2019 12:09:38 GMT+0200 (CEST);1570882178000;3.45;721.52;28.96
1380556831572750;47.7;32.4;Sat Oct 12 2019 14:11:30 GMT+0200 (CEST);Sat Oct 12 2019 12:11:30 GMT+0200 (CEST);1570882290000;3.45;737.78;28.74
1380556831572750;47.7;32;Sat Oct 12 2019 14:13:23 GMT+0200 (CEST);Sat Oct 12 2019 12:13:23 GMT+0200 (CEST);1570882403000;3.52;745.8;28.75
1380556831572750;47.7;32.5;Sat Oct 12 2019 14:15:16 GMT+0200 (CEST);Sat Oct 12 2019 12:15:16 GMT+0200 (CEST);1570882516000;3.52;742.86;28.8
1380556831572750;46.1;32.4;Sat Oct 12 2019 14:17:35 GMT+0200 (CEST);Sat Oct 12 2019 12:17:35 GMT+0200 (CEST);1570882655000;3.37;739.54;28.89
1380556831572750;46.1;31.9;Sat Oct 12 2019 14:19:27 GMT+0200 (CEST);Sat Oct 12 2019 12:19:27 GMT+0200 (CEST);1570882767000;3.53;736.13;28.65
1380556831572750;46.1;32.1;Sat Oct 12 2019 14:21:23 GMT+0200 (CEST);Sat Oct 12 2019 12:21:23 GMT+0200 (CEST);1570882883000;3.39;733.41;28.32
1380556831572750;46.1;31.7;Sat Oct 12 2019 14:23:18 GMT+0200 (CEST);Sat Oct 12 2019 12:23:18 GMT+0200 (CEST);1570882998000;3.49;733.63;28.46
1380556831572750;46.1;32.1;Sat Oct 12 2019 14:25:30 GMT+0200 (CEST);Sat Oct 12 2019 12:25:30 GMT+0200 (CEST);1570883130000;3.44;726.2;28.8
1380556831572750;46.1;31.9;Sat Oct 12 2019 14:27:22 GMT+0200 (CEST);Sat Oct 12 2019 12:27:22 GMT+0200 (CEST);1570883242000;2.96;624.63;29.02
1380556831572750;46.1;32.2;Sat Oct 12 2019 14:29:15 GMT+0200 (CEST);Sat Oct 12 2019 12:29:15 GMT+0200 (CEST);1570883355000;3.4;726.64;29.01
1380556831572750;46.1;32.1;Sat Oct 12 2019 14:31:12 GMT+0200 (CEST);Sat Oct 12 2019 12:31:12 GMT+0200 (CEST);1570883472000;2.16;465.91;28.97
1380556831572750;46.1;32.1;Sat Oct 12 2019 14:33:05 GMT+0200 (CEST);Sat Oct 12 2019 12:33:05 GMT+0200 (CEST);1570883585000;2.13;460.79;28.78
1380556831572750;46.1;32.3;Sat Oct 12 2019 14:34:58 GMT+0200 (CEST);Sat Oct 12 2019 12:34:58 GMT+0200 (CEST);1570883698000;2.11;435.19;28.53
1380556831572750;45.6;32.5;Sat Oct 12 2019 14:36:52 GMT+0200 (CEST);Sat Oct 12 2019 12:36:52 GMT+0200 (CEST);1570883812000;2.12;460.79;28.39
1380556831572750;45.6;32.7;Sat Oct 12 2019 14:38:45 GMT+0200 (CEST);Sat Oct 12 2019 12:38:45 GMT+0200 (CEST);1570883925000;2.74;578.55;28.39
1380556831572750;44.1;32.7;Sat Oct 12 2019 14:40:50 GMT+0200 (CEST);Sat Oct 12 2019 12:40:50 GMT+0200 (CEST);1570884050000;2.53;573.43;28.38
1380556831572750;44.1;32.9;Sat Oct 12 2019 14:42:44 GMT+0200 (CEST);Sat Oct 12 2019 12:42:44 GMT+0200 (CEST);1570884164000;2.98;712.65;28.63
1380556831572750;43.6;31.9;Sat Oct 12 2019 14:44:38 GMT+0200 (CEST);Sat Oct 12 2019 12:44:38 GMT+0200 (CEST);1570884278000;3.65;756.94;28.82
1380556831572750;43.6;31.5;Sat Oct 12 2019 14:46:38 GMT+0200 (CEST);Sat Oct 12 2019 12:46:38 GMT+0200 (CEST);1570884398000;3.57;742.85;29.03
1380556831572750;43.6;31.6;Sat Oct 12 2019 14:48:37 GMT+0200 (CEST);Sat Oct 12 2019 12:48:37 GMT+0200 (CEST);1570884517000;3.63;751.48;29.26
1380556831572750;43.6;31.4;Sat Oct 12 2019 14:50:30 GMT+0200 (CEST);Sat Oct 12 2019 12:50:30 GMT+0200 (CEST);1570884630000;3.62;736.95;29.39
1380556831572750;43.6;31.7;Sat Oct 12 2019 14:52:23 GMT+0200 (CEST);Sat Oct 12 2019 12:52:23 GMT+0200 (CEST);1570884743000;3.58;751.54;29.74
1380556831572750;45.1;31.8;Sat Oct 12 2019 14:54:17 GMT+0200 (CEST);Sat Oct 12 2019 12:54:17 GMT+0200 (CEST);1570884857000;3.73;775.33;29.94
1380556831572750;45.1;31.5;Sat Oct 12 2019 14:56:10 GMT+0200 (CEST);Sat Oct 12 2019 12:56:10 GMT+0200 (CEST);1570884970000;3.73;747.6;30.28
1380556831572750;45.1;30.9;Sat Oct 12 2019 14:58:10 GMT+0200 (CEST);Sat Oct 12 2019 12:58:10 GMT+0200 (CEST);1570885090000;3.2;647.67;30.47
1380556831572750;45.6;30.7;Sat Oct 12 2019 15:00:11 GMT+0200 (CEST);Sat Oct 12 2019 13:00:11 GMT+0200 (CEST);1570885211000;1.66;309.05;30.17
1380556831572750;45.6;31.8;Sat Oct 12 2019 15:02:03 GMT+0200 (CEST);Sat Oct 12 2019 13:02:03 GMT+0200 (CEST);1570885323000;1.54;321.85;29.53
1380556831572750;45.6;31.9;Sat Oct 12 2019 15:03:56 GMT+0200 (CEST);Sat Oct 12 2019 13:03:56 GMT+0200 (CEST);1570885436000;1.18;247.96;29
1380556831572750;45.6;32.6;Sat Oct 12 2019 15:05:51 GMT+0200 (CEST);Sat Oct 12 2019 13:05:51 GMT+0200 (CEST);1570885551000;1.35;288.38;28.34
1380556831572750;45.6;32.4;Sat Oct 12 2019 15:07:50 GMT+0200 (CEST);Sat Oct 12 2019 13:07:50 GMT+0200 (CEST);1570885670000;1.84;373.75;27.85
1380556831572750;43.6;32.8;Sat Oct 12 2019 15:09:43 GMT+0200 (CEST);Sat Oct 12 2019 13:09:43 GMT+0200 (CEST);1570885783000;1.06;224.71;27.36
1380556831572750;43.6;33.1;Sat Oct 12 2019 15:11:36 GMT+0200 (CEST);Sat Oct 12 2019 13:11:36 GMT+0200 (CEST);1570885896000;1.03;217.23;26.83
1380556831572750;41.6;33.2;Sat Oct 12 2019 15:13:33 GMT+0200 (CEST);Sat Oct 12 2019 13:13:33 GMT+0200 (CEST);1570886013000;1.37;305.68;26.61
1380556831572750;41.6;32.6;Sat Oct 12 2019 15:15:26 GMT+0200 (CEST);Sat Oct 12 2019 13:15:26 GMT+0200 (CEST);1570886126000;1.44;298.93;26.64
1380556831572750;41.6;33.8;Sat Oct 12 2019 15:17:19 GMT+0200 (CEST);Sat Oct 12 2019 13:17:19 GMT+0200 (CEST);1570886239000;1.84;399.35;26.81
1380556831572750;40.1;33.5;Sat Oct 12 2019 15:19:26 GMT+0200 (CEST);Sat Oct 12 2019 13:19:26 GMT+0200 (CEST);1570886366000;1.34;275.28;26.72
1380556831572750;40.1;33.4;Sat Oct 12 2019 15:21:18 GMT+0200 (CEST);Sat Oct 12 2019 13:21:18 GMT+0200 (CEST);1570886478000;1.24;268.48;26.58
1380556831572750;39.6;33.5;Sat Oct 12 2019 15:23:11 GMT+0200 (CEST);Sat Oct 12 2019 13:23:11 GMT+0200 (CEST);1570886591000;1.05;224.76;26.23
1380556831572750;39.6;33.7;Sat Oct 12 2019 15:25:05 GMT+0200 (CEST);Sat Oct 12 2019 13:25:05 GMT+0200 (CEST);1570886705000;1.03;228.75;25.95
1380556831572750;39.6;32.8;Sat Oct 12 2019 15:26:58 GMT+0200 (CEST);Sat Oct 12 2019 13:26:58 GMT+0200 (CEST);1570886818000;1.06;219.33;25.7
1380556831572750;38.1;32.8;Sat Oct 12 2019 15:28:56 GMT+0200 (CEST);Sat Oct 12 2019 13:28:56 GMT+0200 (CEST);1570886936000;0.79;167.74;25.48
1380556831572750;38.1;33.3;Sat Oct 12 2019 15:30:49 GMT+0200 (CEST);Sat Oct 12 2019 13:30:49 GMT+0200 (CEST);1570887049000;0.79;169.35;25.05
1380556831572750;37.6;32.8;Sat Oct 12 2019 15:32:55 GMT+0200 (CEST);Sat Oct 12 2019 13:32:55 GMT+0200 (CEST);1570887175000;0.76;163.74;24.63
1380556831572750;37.6;32.8;Sat Oct 12 2019 15:34:51 GMT+0200 (CEST);Sat Oct 12 2019 13:34:51 GMT+0200 (CEST);1570887291000;0.76;162.45;24.35
1380556831572750;35.6;33;Sat Oct 12 2019 15:36:44 GMT+0200 (CEST);Sat Oct 12 2019 13:36:44 GMT+0200 (CEST);1570887404000;0.8;172.52;24.07
1380556831572750;35.6;33.4;Sat Oct 12 2019 15:38:36 GMT+0200 (CEST);Sat Oct 12 2019 13:38:36 GMT+0200 (CEST);1570887516000;0.82;177.25;23.85
1380556831572750;35.6;33.9;Sat Oct 12 2019 15:40:32 GMT+0200 (CEST);Sat Oct 12 2019 13:40:32 GMT+0200 (CEST);1570887632000;0.92;206.14;23.64
1380556831572750;35.6;34;Sat Oct 12 2019 15:42:24 GMT+0200 (CEST);Sat Oct 12 2019 13:42:24 GMT+0200 (CEST);1570887744000;1.05;240.5;23.54
1380556831572750;35.6;34.2;Sat Oct 12 2019 15:44:17 GMT+0200 (CEST);Sat Oct 12 2019 13:44:17 GMT+0200 (CEST);1570887857000;1.48;311.98;23.61
1380556831572750;35.6;34.2;Sat Oct 12 2019 15:46:10 GMT+0200 (CEST);Sat Oct 12 2019 13:46:10 GMT+0200 (CEST);1570887970000;1.96;355.83;23.92
1380556831572750;35.6;32.8;Sat Oct 12 2019 15:48:04 GMT+0200 (CEST);Sat Oct 12 2019 13:48:04 GMT+0200 (CEST);1570888084000;1.14;217.54;24.14
1380556831572750;35.6;33.9;Sat Oct 12 2019 15:50:11 GMT+0200 (CEST);Sat Oct 12 2019 13:50:11 GMT+0200 (CEST);1570888211000;0.95;205.93;24.14
1380556831572750;35.6;33.6;Sat Oct 12 2019 15:52:04 GMT+0200 (CEST);Sat Oct 12 2019 13:52:04 GMT+0200 (CEST);1570888324000;0.86;185.46;24.03
1380556831572750;35.6;33.6;Sat Oct 12 2019 15:53:57 GMT+0200 (CEST);Sat Oct 12 2019 13:53:57 GMT+0200 (CEST);1570888437000;1.18;255.33;23.9
1380556831572750;33;33.3;Sat Oct 12 2019 15:55:50 GMT+0200 (CEST);Sat Oct 12 2019 13:55:50 GMT+0200 (CEST);1570888550000;0.82;172.64;23.8
1380556831572750;33;33.4;Sat Oct 12 2019 15:57:56 GMT+0200 (CEST);Sat Oct 12 2019 13:57:56 GMT+0200 (CEST);1570888676000;0.68;160.2;23.59
1380556831572750;33;35.1;Sat Oct 12 2019 15:59:49 GMT+0200 (CEST);Sat Oct 12 2019 13:59:49 GMT+0200 (CEST);1570888789000;0.63;160.29;23.35
1380556831572750;33;36;Sat Oct 12 2019 16:01:41 GMT+0200 (CEST);Sat Oct 12 2019 14:01:41 GMT+0200 (CEST);1570888901000;0.62;187.04;23.21
1380556831572750;33;37;Sat Oct 12 2019 16:03:34 GMT+0200 (CEST);Sat Oct 12 2019 14:03:34 GMT+0200 (CEST);1570889014000;0.61;174.12;23.1
1380556831572750;35.6;35.1;Sat Oct 12 2019 16:06:04 GMT+0200 (CEST);Sat Oct 12 2019 14:06:04 GMT+0200 (CEST);1570889164000;0.65;153.23;22.98
1380556831572750;35.6;33.4;Sat Oct 12 2019 16:07:57 GMT+0200 (CEST);Sat Oct 12 2019 14:07:57 GMT+0200 (CEST);1570889277000;0.64;144.44;22.83
1380556831572750;33;33.2;Sat Oct 12 2019 16:09:51 GMT+0200 (CEST);Sat Oct 12 2019 14:09:51 GMT+0200 (CEST);1570889391000;0.67;147.83;22.71
1380556831572750;33;33.5;Sat Oct 12 2019 16:11:49 GMT+0200 (CEST);Sat Oct 12 2019 14:11:49 GMT+0200 (CEST);1570889509000;0.71;165.76;22.64
1380556831572750;33;35.7;Sat Oct 12 2019 16:13:41 GMT+0200 (CEST);Sat Oct 12 2019 14:13:41 GMT+0200 (CEST);1570889621000;0.74;195.69;22.65
1380556831572750;33;37;Sat Oct 12 2019 16:15:38 GMT+0200 (CEST);Sat Oct 12 2019 14:15:38 GMT+0200 (CEST);1570889738000;0.76;233.06;22.82
1380556831572750;33;37;Sat Oct 12 2019 16:17:33 GMT+0200 (CEST);Sat Oct 12 2019 14:17:33 GMT+0200 (CEST);1570889853000;0.77;243.85;22.92
1380556831572750;33;36.4;Sat Oct 12 2019 16:19:27 GMT+0200 (CEST);Sat Oct 12 2019 14:19:27 GMT+0200 (CEST);1570889967000;0.77;213.57;23.08
1380556831572750;33;35.8;Sat Oct 12 2019 16:21:33 GMT+0200 (CEST);Sat Oct 12 2019 14:21:33 GMT+0200 (CEST);1570890093000;0.74;242.91;23.07
1380556831572750;33;38.4;Sat Oct 12 2019 16:23:26 GMT+0200 (CEST);Sat Oct 12 2019 14:23:26 GMT+0200 (CEST);1570890206000;0.76;262.13;23.25
1380556831572750;35.6;35.7;Sat Oct 12 2019 16:25:19 GMT+0200 (CEST);Sat Oct 12 2019 14:25:19 GMT+0200 (CEST);1570890319000;0.74;185.77;23.41
1380556831572750;35.6;35;Sat Oct 12 2019 16:27:12 GMT+0200 (CEST);Sat Oct 12 2019 14:27:12 GMT+0200 (CEST);1570890432000;0.73;184.5;23.35
1380556831572750;33;35.7;Sat Oct 12 2019 16:29:05 GMT+0200 (CEST);Sat Oct 12 2019 14:29:05 GMT+0200 (CEST);1570890545000;0.73;219.98;23.32
1380556831572750;33;36.8;Sat Oct 12 2019 16:30:57 GMT+0200 (CEST);Sat Oct 12 2019 14:30:57 GMT+0200 (CEST);1570890657000;0.73;231.82;23.38
1380556831572750;35.6;36.8;Sat Oct 12 2019 16:33:09 GMT+0200 (CEST);Sat Oct 12 2019 14:33:09 GMT+0200 (CEST);1570890789000;0.71;276.89;23.48
1380556831572750;35.6;38;Sat Oct 12 2019 16:35:01 GMT+0200 (CEST);Sat Oct 12 2019 14:35:01 GMT+0200 (CEST);1570890901000;0.67;187.81;23.64
1380556831572750;35.6;33.4;Sat Oct 12 2019 16:37:03 GMT+0200 (CEST);Sat Oct 12 2019 14:37:03 GMT+0200 (CEST);1570891023000;0.67;182.55;23.51
1380556831572750;33;38.3;Sat Oct 12 2019 16:38:55 GMT+0200 (CEST);Sat Oct 12 2019 14:38:55 GMT+0200 (CEST);1570891135000;0.7;317.01;23.56
1380556831572750;33;38.6;Sat Oct 12 2019 16:40:53 GMT+0200 (CEST);Sat Oct 12 2019 14:40:53 GMT+0200 (CEST);1570891253000;0.69;358.39;23.7
1380556831572750;36.1;39;Sat Oct 12 2019 16:42:46 GMT+0200 (CEST);Sat Oct 12 2019 14:42:46 GMT+0200 (CEST);1570891366000;0.71;366.07;24.04
1380556831572750;36.1;38.5;Sat Oct 12 2019 16:44:49 GMT+0200 (CEST);Sat Oct 12 2019 14:44:49 GMT+0200 (CEST);1570891489000;0.67;174.77;24.42
1380556831572750;36.1;37.7;Sat Oct 12 2019 16:46:42 GMT+0200 (CEST);Sat Oct 12 2019 14:46:42 GMT+0200 (CEST);1570891602000;0.67;253.46;24.46
1380556831572750;36.1;34.4;Sat Oct 12 2019 16:48:37 GMT+0200 (CEST);Sat Oct 12 2019 14:48:37 GMT+0200 (CEST);1570891717000;0.64;160.85;24.39
1380556831572750;36.1;35;Sat Oct 12 2019 16:50:33 GMT+0200 (CEST);Sat Oct 12 2019 14:50:33 GMT+0200 (CEST);1570891833000;0.62;169.58;24.17
1380556831572750;35.6;35.9;Sat Oct 12 2019 16:52:26 GMT+0200 (CEST);Sat Oct 12 2019 14:52:26 GMT+0200 (CEST);1570891946000;0.58;173.58;23.93
1380556831572750;35.6;35.6;Sat Oct 12 2019 16:54:19 GMT+0200 (CEST);Sat Oct 12 2019 14:54:19 GMT+0200 (CEST);1570892059000;0.52;124.1;23.74
1380556831572750;35.6;35.7;Sat Oct 12 2019 16:56:13 GMT+0200 (CEST);Sat Oct 12 2019 14:56:13 GMT+0200 (CEST);1570892173000;0.51;140.94;23.5
1380556831572750;33;36;Sat Oct 12 2019 16:58:06 GMT+0200 (CEST);Sat Oct 12 2019 14:58:06 GMT+0200 (CEST);1570892286000;0.49;139.64;23.23
1380556831572750;33;33.8;Sat Oct 12 2019 17:00:07 GMT+0200 (CEST);Sat Oct 12 2019 15:00:07 GMT+0200 (CEST);1570892407000;0.44;100.37;23.01
1380556831572750;33;32.6;Sat Oct 12 2019 17:02:00 GMT+0200 (CEST);Sat Oct 12 2019 15:02:00 GMT+0200 (CEST);1570892520000;0.43;89.99;22.7
1380556831572750;33;32.3;Sat Oct 12 2019 17:03:59 GMT+0200 (CEST);Sat Oct 12 2019 15:03:59 GMT+0200 (CEST);1570892639000;0.42;90.59;22.45
1380556831572750;33;32.6;Sat Oct 12 2019 17:05:53 GMT+0200 (CEST);Sat Oct 12 2019 15:05:53 GMT+0200 (CEST);1570892753000;0.43;91.16;22.29
1380556831572750;31.5;32.7;Sat Oct 12 2019 17:08:07 GMT+0200 (CEST);Sat Oct 12 2019 15:08:07 GMT+0200 (CEST);1570892887000;0.42;92.37;22.13
1380556831572750;31.5;35.2;Sat Oct 12 2019 17:10:01 GMT+0200 (CEST);Sat Oct 12 2019 15:10:01 GMT+0200 (CEST);1570893001000;0.43;104.65;22.08
1380556831572750;31;34.2;Sat Oct 12 2019 17:11:54 GMT+0200 (CEST);Sat Oct 12 2019 15:11:54 GMT+0200 (CEST);1570893114000;0.43;104.18;22.07
1380556831572750;31;34.7;Sat Oct 12 2019 17:13:51 GMT+0200 (CEST);Sat Oct 12 2019 15:13:51 GMT+0200 (CEST);1570893231000;0.43;126.53;22.07
1380556831572750;31;35.4;Sat Oct 12 2019 17:15:44 GMT+0200 (CEST);Sat Oct 12 2019 15:15:44 GMT+0200 (CEST);1570893344000;0.41;102.58;22.1
1380556831572750;31.5;36.8;Sat Oct 12 2019 17:17:37 GMT+0200 (CEST);Sat Oct 12 2019 15:17:37 GMT+0200 (CEST);1570893457000;0.45;169.81;22.24
1380556831572750;31.5;37.3;Sat Oct 12 2019 17:19:32 GMT+0200 (CEST);Sat Oct 12 2019 15:19:32 GMT+0200 (CEST);1570893572000;0.58;199.71;22.46
1380556831572750;32;36.7;Sat Oct 12 2019 17:21:24 GMT+0200 (CEST);Sat Oct 12 2019 15:21:24 GMT+0200 (CEST);1570893684000;0.67;196.44;22.82
1380556831572750;32;35.8;Sat Oct 12 2019 17:23:54 GMT+0200 (CEST);Sat Oct 12 2019 15:23:54 GMT+0200 (CEST);1570893834000;0.68;184.04;23.25
1380556831572750;32;35.4;Sat Oct 12 2019 17:25:50 GMT+0200 (CEST);Sat Oct 12 2019 15:25:50 GMT+0200 (CEST);1570893950000;0.64;157.62;23.44
1380556831572750;32;34.4;Sat Oct 12 2019 17:27:42 GMT+0200 (CEST);Sat Oct 12 2019 15:27:42 GMT+0200 (CEST);1570894062000;0.58;146.24;23.57
1380556831572750;32;34.7;Sat Oct 12 2019 17:29:41 GMT+0200 (CEST);Sat Oct 12 2019 15:29:41 GMT+0200 (CEST);1570894181000;0.57;137.29;23.58
1380556831572750;32;34.9;Sat Oct 12 2019 17:31:45 GMT+0200 (CEST);Sat Oct 12 2019 15:31:45 GMT+0200 (CEST);1570894305000;0.5;86.4;23.55
1380556831572750;32;34.3;Sat Oct 12 2019 17:33:39 GMT+0200 (CEST);Sat Oct 12 2019 15:33:39 GMT+0200 (CEST);1570894419000;0.4;60.27;23.41
1380556831572750;32;34.3;Sat Oct 12 2019 17:35:35 GMT+0200 (CEST);Sat Oct 12 2019 15:35:35 GMT+0200 (CEST);1570894535000;0.36;50.14;23.08
1380556831572750;32;34.1;Sat Oct 12 2019 17:37:36 GMT+0200 (CEST);Sat Oct 12 2019 15:37:36 GMT+0200 (CEST);1570894656000;0.3;41.43;22.63
1380556831572750;31.5;34.5;Sat Oct 12 2019 17:39:33 GMT+0200 (CEST);Sat Oct 12 2019 15:39:33 GMT+0200 (CEST);1570894773000;0.23;36.31;22.3
1380556831572750;31.5;34.7;Sat Oct 12 2019 17:41:26 GMT+0200 (CEST);Sat Oct 12 2019 15:41:26 GMT+0200 (CEST);1570894886000;0.18;31.7;21.92
1380556831572750;31.5;33.5;Sat Oct 12 2019 17:43:19 GMT+0200 (CEST);Sat Oct 12 2019 15:43:19 GMT+0200 (CEST);1570894999000;0.15;28.07;21.59
1380556831572750;31.5;31.4;Sat Oct 12 2019 17:45:12 GMT+0200 (CEST);Sat Oct 12 2019 15:45:12 GMT+0200 (CEST);1570895112000;0.12;26.13;21.32
1380556831572750;31.5;31;Sat Oct 12 2019 17:47:05 GMT+0200 (CEST);Sat Oct 12 2019 15:47:05 GMT+0200 (CEST);1570895225000;0.12;25.32;21.05
1380556831572750;29.5;30.8;Sat Oct 12 2019 17:49:00 GMT+0200 (CEST);Sat Oct 12 2019 15:49:00 GMT+0200 (CEST);1570895340000;0.1;23.41;20.82
1380556831572750;29.5;30.4;Sat Oct 12 2019 17:51:08 GMT+0200 (CEST);Sat Oct 12 2019 15:51:08 GMT+0200 (CEST);1570895468000;0.09;20.06;20.61
1380556831572750;28;30;Sat Oct 12 2019 17:53:01 GMT+0200 (CEST);Sat Oct 12 2019 15:53:01 GMT+0200 (CEST);1570895581000;0.08;17.8;20.41
1380556831572750;28;29.9;Sat Oct 12 2019 17:55:01 GMT+0200 (CEST);Sat Oct 12 2019 15:55:01 GMT+0200 (CEST);1570895701000;0;16.36;20.24
1380556831572750;28;31;Sat Oct 12 2019 17:56:54 GMT+0200 (CEST);Sat Oct 12 2019 15:56:54 GMT+0200 (CEST);1570895814000;0;15.23;20.06
1380556831572750;27.5;28.8;Sat Oct 12 2019 17:58:46 GMT+0200 (CEST);Sat Oct 12 2019 15:58:46 GMT+0200 (CEST);1570895926000;0.07;14.56;19.92
1380556831572750;27.5;28.2;Sat Oct 12 2019 18:00:39 GMT+0200 (CEST);Sat Oct 12 2019 16:00:39 GMT+0200 (CEST);1570896039000;0;13.95;19.81
1380556831572750;25.5;29.2;Sat Oct 12 2019 18:02:38 GMT+0200 (CEST);Sat Oct 12 2019 16:02:38 GMT+0200 (CEST);1570896158000;0;13.19;19.67
1380556831572750;25.5;29.3;Sat Oct 12 2019 18:04:31 GMT+0200 (CEST);Sat Oct 12 2019 16:04:31 GMT+0200 (CEST);1570896271000;0;12.53;19.54
1380556831572750;25.5;27.2;Sat Oct 12 2019 18:06:24 GMT+0200 (CEST);Sat Oct 12 2019 16:06:24 GMT+0200 (CEST);1570896384000;0;11.42;19.42
1380556831572750;25.5;26.4;Sat Oct 12 2019 18:08:20 GMT+0200 (CEST);Sat Oct 12 2019 16:08:20 GMT+0200 (CEST);1570896500000;0;10.97;19.32
1380556831572750;25.5;26.2;Sat Oct 12 2019 18:10:21 GMT+0200 (CEST);Sat Oct 12 2019 16:10:21 GMT+0200 (CEST);1570896621000;0;10.89;19.21
1380556831572750;24;26;Sat Oct 12 2019 18:12:13 GMT+0200 (CEST);Sat Oct 12 2019 16:12:13 GMT+0200 (CEST);1570896733000;0;9.79;19.1
1380556831572750;24;27.7;Sat Oct 12 2019 18:14:08 GMT+0200 (CEST);Sat Oct 12 2019 16:14:08 GMT+0200 (CEST);1570896848000;0;9.41;18.99
1380556831572750;23.5;27.3;Sat Oct 12 2019 18:16:02 GMT+0200 (CEST);Sat Oct 12 2019 16:16:02 GMT+0200 (CEST);1570896962000;0;9.09;18.9
1380556831572750;23.5;26.8;Sat Oct 12 2019 18:17:55 GMT+0200 (CEST);Sat Oct 12 2019 16:17:55 GMT+0200 (CEST);1570897075000;0;8.07;18.8
1380556831572750;23.5;26.1;Sat Oct 12 2019 18:19:49 GMT+0200 (CEST);Sat Oct 12 2019 16:19:49 GMT+0200 (CEST);1570897189000;0;7.09;18.68
1380556831572750;22;26.3;Sat Oct 12 2019 18:21:43 GMT+0200 (CEST);Sat Oct 12 2019 16:21:43 GMT+0200 (CEST);1570897303000;0;6.2;18.63
1380556831572750;22;25.7;Sat Oct 12 2019 18:23:36 GMT+0200 (CEST);Sat Oct 12 2019 16:23:36 GMT+0200 (CEST);1570897416000;0;5.45;18.55
1380556831572750;22;25.7;Sat Oct 12 2019 18:25:42 GMT+0200 (CEST);Sat Oct 12 2019 16:25:42 GMT+0200 (CEST);1570897542000;0;4.55;18.5
1380556831572750;22;26.6;Sat Oct 12 2019 18:27:34 GMT+0200 (CEST);Sat Oct 12 2019 16:27:34 GMT+0200 (CEST);1570897654000;0;3.74;18.46
1380556831572750;22;29.2;Sat Oct 12 2019 18:29:28 GMT+0200 (CEST);Sat Oct 12 2019 16:29:28 GMT+0200 (CEST);1570897768000;0;2.46;18.41
1380556831572750;23.5;27.9;Sat Oct 12 2019 18:31:23 GMT+0200 (CEST);Sat Oct 12 2019 16:31:23 GMT+0200 (CEST);1570897883000;0;1.67;18.35
1380556831572750;23.5;25.9;Sat Oct 12 2019 18:33:43 GMT+0200 (CEST);Sat Oct 12 2019 16:33:43 GMT+0200 (CEST);1570898023000;0;0.44;18.22
1380556831572750;23.5;25.9;Sat Oct 12 2019 18:35:39 GMT+0200 (CEST);Sat Oct 12 2019 16:35:39 GMT+0200 (CEST);1570898139000;0;0.45;18.13
1380556831572750;23.5;25.9;Sat Oct 12 2019 18:37:34 GMT+0200 (CEST);Sat Oct 12 2019 16:37:34 GMT+0200 (CEST);1570898254000;0;-0.01;18.02
1380556831572750;15.4;29.1;Sun Oct 13 2019 07:40:06 GMT+0200 (CEST);Sun Oct 13 2019 05:40:06 GMT+0200 (CEST);1570945206000;0;13.18;13.36
1380556831572750;15.4;28.9;Sun Oct 13 2019 07:41:59 GMT+0200 (CEST);Sun Oct 13 2019 05:41:59 GMT+0200 (CEST);1570945319000;0;15.18;13.38
1380556831572750;15.4;28.9;Sun Oct 13 2019 07:43:57 GMT+0200 (CEST);Sun Oct 13 2019 05:43:57 GMT+0200 (CEST);1570945437000;0.06;17.4;13.38
1380556831572750;15.9;29.9;Sun Oct 13 2019 07:45:49 GMT+0200 (CEST);Sun Oct 13 2019 05:45:49 GMT+0200 (CEST);1570945549000;0.07;19.48;13.4
1380556831572750;15.9;30.1;Sun Oct 13 2019 07:47:46 GMT+0200 (CEST);Sun Oct 13 2019 05:47:46 GMT+0200 (CEST);1570945666000;0.08;21.38;13.42
1380556831572750;15.9;29.7;Sun Oct 13 2019 07:49:58 GMT+0200 (CEST);Sun Oct 13 2019 05:49:58 GMT+0200 (CEST);1570945798000;0.1;24.28;13.46
1380556831572750;15.9;29.7;Sun Oct 13 2019 07:51:51 GMT+0200 (CEST);Sun Oct 13 2019 05:51:51 GMT+0200 (CEST);1570945911000;0.11;26.78;13.52
1380556831572750;15.9;29.7;Sun Oct 13 2019 07:53:45 GMT+0200 (CEST);Sun Oct 13 2019 05:53:45 GMT+0200 (CEST);1570946025000;0.12;28.89;13.55
1380556831572750;16.9;29.7;Sun Oct 13 2019 07:55:38 GMT+0200 (CEST);Sun Oct 13 2019 05:55:38 GMT+0200 (CEST);1570946138000;0.13;31.78;13.62
1380556831572750;16.9;30.8;Sun Oct 13 2019 07:57:33 GMT+0200 (CEST);Sun Oct 13 2019 05:57:33 GMT+0200 (CEST);1570946253000;0.14;33.7;13.64
1380556831572750;16.9;31;Sun Oct 13 2019 07:59:25 GMT+0200 (CEST);Sun Oct 13 2019 05:59:25 GMT+0200 (CEST);1570946365000;0.14;35.83;13.66
1380556831572750;16.9;31;Sun Oct 13 2019 08:01:21 GMT+0200 (CEST);Sun Oct 13 2019 06:01:21 GMT+0200 (CEST);1570946481000;0.15;37.8;13.69
1380556831572750;16.9;30.8;Sun Oct 13 2019 08:03:05 GMT+0200 (CEST);Sun Oct 13 2019 06:03:05 GMT+0200 (CEST);1570946585000;0.15;38.35;13.72
1380556831572750;16.9;30.9;Sun Oct 13 2019 08:04:57 GMT+0200 (CEST);Sun Oct 13 2019 06:04:57 GMT+0200 (CEST);1570946697000;0.15;38.5;13.76
1380556831572750;16.9;30.8;Sun Oct 13 2019 08:06:54 GMT+0200 (CEST);Sun Oct 13 2019 06:06:54 GMT+0200 (CEST);1570946814000;0.14;37.23;13.76
1380556831572750;19.4;31;Sun Oct 13 2019 08:08:47 GMT+0200 (CEST);Sun Oct 13 2019 06:08:47 GMT+0200 (CEST);1570946927000;0.13;35.52;13.77
1380556831572750;19.4;31;Sun Oct 13 2019 08:10:56 GMT+0200 (CEST);Sun Oct 13 2019 06:10:56 GMT+0200 (CEST);1570947056000;0.12;34.39;13.75
1380556831572750;19.4;30.8;Sun Oct 13 2019 08:12:50 GMT+0200 (CEST);Sun Oct 13 2019 06:12:50 GMT+0200 (CEST);1570947170000;0.12;35.67;13.76
1380556831572750;19.4;30.8;Sun Oct 13 2019 08:14:44 GMT+0200 (CEST);Sun Oct 13 2019 06:14:44 GMT+0200 (CEST);1570947284000;0.13;36.7;13.76
1380556831572750;19.4;31.3;Sun Oct 13 2019 08:16:38 GMT+0200 (CEST);Sun Oct 13 2019 06:16:38 GMT+0200 (CEST);1570947398000;0.13;38.65;13.75
1380556831572750;19.4;31.1;Sun Oct 13 2019 08:19:23 GMT+0200 (CEST);Sun Oct 13 2019 06:19:23 GMT+0200 (CEST);1570947563000;0.14;40.97;13.76
1380556831572750;19.4;30.9;Sun Oct 13 2019 08:21:18 GMT+0200 (CEST);Sun Oct 13 2019 06:21:18 GMT+0200 (CEST);1570947678000;0.14;43.12;13.79
1380556831572750;19.4;31;Sun Oct 13 2019 08:23:13 GMT+0200 (CEST);Sun Oct 13 2019 06:23:13 GMT+0200 (CEST);1570947793000;0.15;46.27;13.84
1380556831572750;19.4;30.8;Sun Oct 13 2019 08:25:13 GMT+0200 (CEST);Sun Oct 13 2019 06:25:13 GMT+0200 (CEST);1570947913000;0.15;50.53;13.88
1380556831572750;19.4;30.9;Sun Oct 13 2019 08:27:06 GMT+0200 (CEST);Sun Oct 13 2019 06:27:06 GMT+0200 (CEST);1570948026000;0.16;83.65;13.94
1380556831572750;19.4;31.2;Sun Oct 13 2019 08:29:00 GMT+0200 (CEST);Sun Oct 13 2019 06:29:00 GMT+0200 (CEST);1570948140000;0.16;106.66;14.12
1380556831572750;19.4;31.4;Sun Oct 13 2019 08:30:53 GMT+0200 (CEST);Sun Oct 13 2019 06:30:53 GMT+0200 (CEST);1570948253000;0.16;166.21;14.42
1380556831572750;19.4;31.5;Sun Oct 13 2019 08:32:45 GMT+0200 (CEST);Sun Oct 13 2019 06:32:45 GMT+0200 (CEST);1570948365000;0.17;172.38;14.75
1380556831572750;19.4;32;Sun Oct 13 2019 08:34:31 GMT+0200 (CEST);Sun Oct 13 2019 06:34:31 GMT+0200 (CEST);1570948471000;0.16;178.08;15.1
1380556831572750;19.9;32.1;Sun Oct 13 2019 08:36:24 GMT+0200 (CEST);Sun Oct 13 2019 06:36:24 GMT+0200 (CEST);1570948584000;0.17;187.61;15.49
1380556831572750;19.9;31.7;Sun Oct 13 2019 08:38:21 GMT+0200 (CEST);Sun Oct 13 2019 06:38:21 GMT+0200 (CEST);1570948701000;0.17;196.23;15.84
1380556831572750;19.9;33.1;Sun Oct 13 2019 08:40:14 GMT+0200 (CEST);Sun Oct 13 2019 06:40:14 GMT+0200 (CEST);1570948814000;0.18;203.22;16.1
1380556831572750;19.9;33.4;Sun Oct 13 2019 08:42:09 GMT+0200 (CEST);Sun Oct 13 2019 06:42:09 GMT+0200 (CEST);1570948929000;0.18;210.86;16.38
1380556831572750;19.9;33.7;Sun Oct 13 2019 08:44:02 GMT+0200 (CEST);Sun Oct 13 2019 06:44:02 GMT+0200 (CEST);1570949042000;0.18;218.28;16.67
1380556831572750;21.5;33;Sun Oct 13 2019 08:45:55 GMT+0200 (CEST);Sun Oct 13 2019 06:45:55 GMT+0200 (CEST);1570949155000;0.19;225.4;16.89
1380556831572750;21.5;33.1;Sun Oct 13 2019 08:47:48 GMT+0200 (CEST);Sun Oct 13 2019 06:47:48 GMT+0200 (CEST);1570949268000;0.2;233.57;17.13
1380556831572750;21.5;33;Sun Oct 13 2019 08:50:21 GMT+0200 (CEST);Sun Oct 13 2019 06:50:21 GMT+0200 (CEST);1570949421000;0.2;242.07;17.39
1380556831572750;21.5;33.1;Sun Oct 13 2019 08:52:15 GMT+0200 (CEST);Sun Oct 13 2019 06:52:15 GMT+0200 (CEST);1570949535000;0.22;249.98;17.57
1380556831572750;21.5;32.6;Sun Oct 13 2019 08:54:10 GMT+0200 (CEST);Sun Oct 13 2019 06:54:10 GMT+0200 (CEST);1570949650000;0.22;259.65;17.71
1380556831572750;21.5;32.1;Sun Oct 13 2019 08:56:03 GMT+0200 (CEST);Sun Oct 13 2019 06:56:03 GMT+0200 (CEST);1570949763000;0.23;266.61;17.85
1380556831572750;21.5;25.9;Sun Oct 13 2019 08:58:00 GMT+0200 (CEST);Sun Oct 13 2019 06:58:00 GMT+0200 (CEST);1570949880000;0.26;275.59;18.05
1380556831572750;17.9;25.1;Sun Oct 13 2019 08:59:53 GMT+0200 (CEST);Sun Oct 13 2019 06:59:53 GMT+0200 (CEST);1570949993000;0.27;283.35;18.15
1380556831572750;17.9;24.8;Sun Oct 13 2019 09:01:46 GMT+0200 (CEST);Sun Oct 13 2019 07:01:46 GMT+0200 (CEST);1570950106000;0.27;289.79;18.32
1380556831572750;17.9;26;Sun Oct 13 2019 09:03:38 GMT+0200 (CEST);Sun Oct 13 2019 07:03:38 GMT+0200 (CEST);1570950218000;0.27;297.23;18.5
1380556831572750;16.9;31;Sun Oct 13 2019 09:05:33 GMT+0200 (CEST);Sun Oct 13 2019 07:05:33 GMT+0200 (CEST);1570950333000;0.27;305.86;18.67
1380556831572750;16.9;30.2;Sun Oct 13 2019 09:07:26 GMT+0200 (CEST);Sun Oct 13 2019 07:07:26 GMT+0200 (CEST);1570950446000;0.28;310.87;18.8
1380556831572750;19.9;30.6;Sun Oct 13 2019 09:09:19 GMT+0200 (CEST);Sun Oct 13 2019 07:09:19 GMT+0200 (CEST);1570950559000;0.29;317.9;19.03
1380556831572750;19.9;30;Sun Oct 13 2019 09:11:11 GMT+0200 (CEST);Sun Oct 13 2019 07:11:11 GMT+0200 (CEST);1570950671000;0.3;325.24;19.19
1380556831572750;19.9;28.6;Sun Oct 13 2019 09:13:04 GMT+0200 (CEST);Sun Oct 13 2019 07:13:04 GMT+0200 (CEST);1570950784000;0.3;332.79;19.3
1380556831572750;19.4;28.4;Sun Oct 13 2019 09:15:00 GMT+0200 (CEST);Sun Oct 13 2019 07:15:00 GMT+0200 (CEST);1570950900000;0.31;337.91;19.48
1380556831572750;19.4;27.7;Sun Oct 13 2019 09:16:53 GMT+0200 (CEST);Sun Oct 13 2019 07:16:53 GMT+0200 (CEST);1570951013000;0.32;345.59;19.6
1380556831572750;19.4;27.8;Sun Oct 13 2019 09:18:45 GMT+0200 (CEST);Sun Oct 13 2019 07:18:45 GMT+0200 (CEST);1570951125000;0.33;353.27;19.7
1380556831572750;19.4;28.5;Sun Oct 13 2019 09:20:39 GMT+0200 (CEST);Sun Oct 13 2019 07:20:39 GMT+0200 (CEST);1570951239000;0.34;360.95;19.89
1380556831572750;19.4;26.5;Sun Oct 13 2019 09:22:37 GMT+0200 (CEST);Sun Oct 13 2019 07:22:37 GMT+0200 (CEST);1570951357000;0.35;368.63;20.06
1380556831572750;21.5;40.3;Sun Oct 13 2019 09:24:36 GMT+0200 (CEST);Sun Oct 13 2019 07:24:36 GMT+0200 (CEST);1570951476000;0.37;373.75;20.21
1380556831572750;21.5;39.5;Sun Oct 13 2019 09:26:31 GMT+0200 (CEST);Sun Oct 13 2019 07:26:31 GMT+0200 (CEST);1570951591000;1.43;381.43;20.32
1380556831572750;26;36.1;Sun Oct 13 2019 09:28:24 GMT+0200 (CEST);Sun Oct 13 2019 07:28:24 GMT+0200 (CEST);1570951704000;1.55;389.11;20.29
1380556831572750;26;35.9;Sun Oct 13 2019 09:30:17 GMT+0200 (CEST);Sun Oct 13 2019 07:30:17 GMT+0200 (CEST);1570951817000;1.61;396.79;20.28
1380556831572750;28;35.6;Sun Oct 13 2019 09:32:10 GMT+0200 (CEST);Sun Oct 13 2019 07:32:10 GMT+0200 (CEST);1570951930000;1.67;404.47;20.39
1380556831572750;28;34.8;Sun Oct 13 2019 09:34:05 GMT+0200 (CEST);Sun Oct 13 2019 07:34:05 GMT+0200 (CEST);1570952045000;1.81;414.71;20.5
1380556831572750;28;34.5;Sun Oct 13 2019 09:36:00 GMT+0200 (CEST);Sun Oct 13 2019 07:36:00 GMT+0200 (CEST);1570952160000;1.84;422.39;20.53
1380556831572750;29.5;34.5;Sun Oct 13 2019 09:37:53 GMT+0200 (CEST);Sun Oct 13 2019 07:37:53 GMT+0200 (CEST);1570952273000;1.88;427.51;20.7
1380556831572750;29.5;34.4;Sun Oct 13 2019 09:39:45 GMT+0200 (CEST);Sun Oct 13 2019 07:39:45 GMT+0200 (CEST);1570952385000;1.9;432.63;20.78
1380556831572750;30;34.4;Sun Oct 13 2019 09:41:38 GMT+0200 (CEST);Sun Oct 13 2019 07:41:38 GMT+0200 (CEST);1570952498000;1.93;440.31;20.91
1380556831572750;30;34.3;Sun Oct 13 2019 09:43:31 GMT+0200 (CEST);Sun Oct 13 2019 07:43:31 GMT+0200 (CEST);1570952611000;1.96;437.75;21.1
1380556831572750;30;34.1;Sun Oct 13 2019 09:45:24 GMT+0200 (CEST);Sun Oct 13 2019 07:45:24 GMT+0200 (CEST);1570952724000;1.96;447.99;21.35
1380556831572750;31.5;34.1;Sun Oct 13 2019 09:47:17 GMT+0200 (CEST);Sun Oct 13 2019 07:47:17 GMT+0200 (CEST);1570952837000;2.02;458.23;21.65
1380556831572750;31.5;34.1;Sun Oct 13 2019 09:49:16 GMT+0200 (CEST);Sun Oct 13 2019 07:49:16 GMT+0200 (CEST);1570952956000;2.07;465.91;21.99
1380556831572750;32;34.1;Sun Oct 13 2019 09:51:18 GMT+0200 (CEST);Sun Oct 13 2019 07:51:18 GMT+0200 (CEST);1570953078000;2.12;473.59;22.25
1380556831572750;32;33.8;Sun Oct 13 2019 09:53:16 GMT+0200 (CEST);Sun Oct 13 2019 07:53:16 GMT+0200 (CEST);1570953196000;2.15;478.71;22.49
1380556831572750;32;33.8;Sun Oct 13 2019 09:55:08 GMT+0200 (CEST);Sun Oct 13 2019 07:55:08 GMT+0200 (CEST);1570953308000;2.18;486.39;22.61
1380556831572750;33;34.1;Sun Oct 13 2019 09:57:01 GMT+0200 (CEST);Sun Oct 13 2019 07:57:01 GMT+0200 (CEST);1570953421000;2.21;491.51;22.72
1380556831572750;33;34;Sun Oct 13 2019 09:58:54 GMT+0200 (CEST);Sun Oct 13 2019 07:58:54 GMT+0200 (CEST);1570953534000;2.24;499.19;22.85
1380556831572750;34.1;33.8;Sun Oct 13 2019 10:00:46 GMT+0200 (CEST);Sun Oct 13 2019 08:00:46 GMT+0200 (CEST);1570953646000;2.28;504.31;22.88
1380556831572750;34.1;33.8;Sun Oct 13 2019 10:02:40 GMT+0200 (CEST);Sun Oct 13 2019 08:02:40 GMT+0200 (CEST);1570953760000;2.29;511.99;22.95
1380556831572750;34.1;33.8;Sun Oct 13 2019 10:04:46 GMT+0200 (CEST);Sun Oct 13 2019 08:04:46 GMT+0200 (CEST);1570953886000;2.36;522.23;22.94
1380556831572750;35.6;33.8;Sun Oct 13 2019 10:06:43 GMT+0200 (CEST);Sun Oct 13 2019 08:06:43 GMT+0200 (CEST);1570954003000;2.41;535.03;23.07
1380556831572750;35.6;33.8;Sun Oct 13 2019 10:08:51 GMT+0200 (CEST);Sun Oct 13 2019 08:08:51 GMT+0200 (CEST);1570954131000;2.52;552.95;23.13
1380556831572750;36.1;33.8;Sun Oct 13 2019 10:10:44 GMT+0200 (CEST);Sun Oct 13 2019 08:10:44 GMT+0200 (CEST);1570954244000;2.66;578.55;23.12
1380556831572750;36.1;33.8;Sun Oct 13 2019 10:12:36 GMT+0200 (CEST);Sun Oct 13 2019 08:12:36 GMT+0200 (CEST);1570954356000;2.82;606.71;23.23
1380556831572750;36.1;33.6;Sun Oct 13 2019 10:14:29 GMT+0200 (CEST);Sun Oct 13 2019 08:14:29 GMT+0200 (CEST);1570954469000;2.96;639.99;23.46
1380556831572750;36.1;33.4;Sun Oct 13 2019 10:16:28 GMT+0200 (CEST);Sun Oct 13 2019 08:16:28 GMT+0200 (CEST);1570954588000;2;511.99;23.6
1380556831572750;36.1;33.1;Sun Oct 13 2019 10:18:22 GMT+0200 (CEST);Sun Oct 13 2019 08:18:22 GMT+0200 (CEST);1570954702000;1.57;340.47;23.31
1380556831572750;37.6;33.5;Sun Oct 13 2019 10:20:15 GMT+0200 (CEST);Sun Oct 13 2019 08:20:15 GMT+0200 (CEST);1570954815000;1.47;323.45;23.07
1380556831572750;37.6;33.2;Sun Oct 13 2019 10:22:09 GMT+0200 (CEST);Sun Oct 13 2019 08:22:09 GMT+0200 (CEST);1570954929000;1.49;319.34;22.8
1380556831572750;37.6;33.5;Sun Oct 13 2019 10:24:04 GMT+0200 (CEST);Sun Oct 13 2019 08:24:04 GMT+0200 (CEST);1570955044000;1.39;296.03;22.46
1380556831572750;36.1;33.7;Sun Oct 13 2019 10:26:03 GMT+0200 (CEST);Sun Oct 13 2019 08:26:03 GMT+0200 (CEST);1570955163000;2.35;486.39;22.35
1380556831572750;36.1;33.6;Sun Oct 13 2019 10:27:56 GMT+0200 (CEST);Sun Oct 13 2019 08:27:56 GMT+0200 (CEST);1570955276000;1.75;373.75;22.32
1380556831572750;36.1;33.6;Sun Oct 13 2019 10:29:50 GMT+0200 (CEST);Sun Oct 13 2019 08:29:50 GMT+0200 (CEST);1570955390000;1.84;343.03;22.29
1380556831572750;36.1;33.2;Sun Oct 13 2019 10:31:46 GMT+0200 (CEST);Sun Oct 13 2019 08:31:46 GMT+0200 (CEST);1570955506000;3.55;756.01;22.24
1380556831572750;36.1;34;Sun Oct 13 2019 10:33:57 GMT+0200 (CEST);Sun Oct 13 2019 08:33:57 GMT+0200 (CEST);1570955637000;2.27;486.39;22.68
1380556831572750;36.1;33.5;Sun Oct 13 2019 10:35:50 GMT+0200 (CEST);Sun Oct 13 2019 08:35:50 GMT+0200 (CEST);1570955750000;1.48;317.28;22.86
1380556831572750;36.1;33.1;Sun Oct 13 2019 10:37:43 GMT+0200 (CEST);Sun Oct 13 2019 08:37:43 GMT+0200 (CEST);1570955863000;1.41;309;22.84
1380556831572750;36.1;33.3;Sun Oct 13 2019 10:39:42 GMT+0200 (CEST);Sun Oct 13 2019 08:39:42 GMT+0200 (CEST);1570955982000;1.62;396.79;22.67
1380556831572750;36.1;33.3;Sun Oct 13 2019 10:41:35 GMT+0200 (CEST);Sun Oct 13 2019 08:41:35 GMT+0200 (CEST);1570956095000;1.22;274.05;22.63
1380556831572750;36.1;32.8;Sun Oct 13 2019 10:43:32 GMT+0200 (CEST);Sun Oct 13 2019 08:43:32 GMT+0200 (CEST);1570956212000;1.19;270.01;22.48
1380556831572750;36.1;34.3;Sun Oct 13 2019 10:45:25 GMT+0200 (CEST);Sun Oct 13 2019 08:45:25 GMT+0200 (CEST);1570956325000;3.29;721.05;22.66
1380556831572750;36.1;33.8;Sun Oct 13 2019 10:47:27 GMT+0200 (CEST);Sun Oct 13 2019 08:47:27 GMT+0200 (CEST);1570956447000;3.19;703.97;23.47
1380556831572750;37.6;33.6;Sun Oct 13 2019 10:49:24 GMT+0200 (CEST);Sun Oct 13 2019 08:49:24 GMT+0200 (CEST);1570956564000;3.22;702.53;24.21
1380556831572750;37.6;33.1;Sun Oct 13 2019 10:51:30 GMT+0200 (CEST);Sun Oct 13 2019 08:51:30 GMT+0200 (CEST);1570956690000;2.23;692.6;24.84
1380556831572750;37.6;33;Sun Oct 13 2019 10:53:31 GMT+0200 (CEST);Sun Oct 13 2019 08:53:31 GMT+0200 (CEST);1570956811000;3.13;682.11;25.24
1380556831572750;38.1;33;Sun Oct 13 2019 10:55:47 GMT+0200 (CEST);Sun Oct 13 2019 08:55:47 GMT+0200 (CEST);1570956947000;3.14;682.42;25.51
1380556831572750;38.1;33;Sun Oct 13 2019 10:57:39 GMT+0200 (CEST);Sun Oct 13 2019 08:57:39 GMT+0200 (CEST);1570957059000;3.16;690.54;25.47
1380556831572750;39.6;32.9;Sun Oct 13 2019 10:59:33 GMT+0200 (CEST);Sun Oct 13 2019 08:59:33 GMT+0200 (CEST);1570957173000;3.15;674.61;25.64
1380556831572750;39.6;32.7;Sun Oct 13 2019 11:01:26 GMT+0200 (CEST);Sun Oct 13 2019 09:01:26 GMT+0200 (CEST);1570957286000;1.3;373.75;25.96
1380556831572750;40.1;32.8;Sun Oct 13 2019 11:03:22 GMT+0200 (CEST);Sun Oct 13 2019 09:03:22 GMT+0200 (CEST);1570957402000;3;647.67;25.89
1380556831572750;40.1;32.8;Sun Oct 13 2019 11:05:23 GMT+0200 (CEST);Sun Oct 13 2019 09:05:23 GMT+0200 (CEST);1570957523000;3.12;674.59;26.04
1380556831572750;40.1;32.8;Sun Oct 13 2019 11:07:15 GMT+0200 (CEST);Sun Oct 13 2019 09:07:15 GMT+0200 (CEST);1570957635000;3.06;661.99;26.13
1380556831572750;41.1;32.7;Sun Oct 13 2019 11:09:14 GMT+0200 (CEST);Sun Oct 13 2019 09:09:14 GMT+0200 (CEST);1570957754000;3.03;655.35;26.25
1380556831572750;41.1;32.7;Sun Oct 13 2019 11:11:09 GMT+0200 (CEST);Sun Oct 13 2019 09:11:09 GMT+0200 (CEST);1570957869000;3.12;673.55;26.28
1380556831572750;41.6;32.7;Sun Oct 13 2019 11:13:02 GMT+0200 (CEST);Sun Oct 13 2019 09:13:02 GMT+0200 (CEST);1570957982000;3.15;679.35;26.28
1380556831572750;41.6;33.1;Sun Oct 13 2019 11:14:55 GMT+0200 (CEST);Sun Oct 13 2019 09:14:55 GMT+0200 (CEST);1570958095000;3.15;687.08;26.49
1380556831572750;41.6;33;Sun Oct 13 2019 11:16:56 GMT+0200 (CEST);Sun Oct 13 2019 09:16:56 GMT+0200 (CEST);1570958216000;3.16;691.79;26.71
1380556831572750;43.6;33.3;Sun Oct 13 2019 11:18:57 GMT+0200 (CEST);Sun Oct 13 2019 09:18:57 GMT+0200 (CEST);1570958337000;3.1;694.59;26.82
1380556831572750;43.6;33.4;Sun Oct 13 2019 11:20:57 GMT+0200 (CEST);Sun Oct 13 2019 09:20:57 GMT+0200 (CEST);1570958457000;3.14;697.87;26.88
1380556831572750;43.6;33.3;Sun Oct 13 2019 11:22:51 GMT+0200 (CEST);Sun Oct 13 2019 09:22:51 GMT+0200 (CEST);1570958571000;3.14;699.63;27
1380556831572750;43.6;33.3;Sun Oct 13 2019 11:24:43 GMT+0200 (CEST);Sun Oct 13 2019 09:24:43 GMT+0200 (CEST);1570958683000;3.13;700.33;27.16
1380556831572750;44.1;33.3;Sun Oct 13 2019 11:26:52 GMT+0200 (CEST);Sun Oct 13 2019 09:26:52 GMT+0200 (CEST);1570958812000;3.16;702.99;27.24
1380556831572750;44.1;33.3;Sun Oct 13 2019 11:28:46 GMT+0200 (CEST);Sun Oct 13 2019 09:28:46 GMT+0200 (CEST);1570958926000;3.16;708.14;27.29
1380556831572750;44.1;33.3;Sun Oct 13 2019 11:30:47 GMT+0200 (CEST);Sun Oct 13 2019 09:30:47 GMT+0200 (CEST);1570959047000;3.18;711.21;27.24
1380556831572750;43.1;33.4;Sun Oct 13 2019 11:32:40 GMT+0200 (CEST);Sun Oct 13 2019 09:32:40 GMT+0200 (CEST);1570959160000;3.21;715.75;27.5
1380556831572750;43.1;33.3;Sun Oct 13 2019 11:34:44 GMT+0200 (CEST);Sun Oct 13 2019 09:34:44 GMT+0200 (CEST);1570959284000;3.2;717.98;27.57
1380556831572750;45.6;33.3;Sun Oct 13 2019 11:36:39 GMT+0200 (CEST);Sun Oct 13 2019 09:36:39 GMT+0200 (CEST);1570959399000;3.18;719.28;27.46
1380556831572750;45.6;33.3;Sun Oct 13 2019 11:38:35 GMT+0200 (CEST);Sun Oct 13 2019 09:38:35 GMT+0200 (CEST);1570959515000;3.21;723.49;27.49
1380556831572750;45.6;33.3;Sun Oct 13 2019 11:40:29 GMT+0200 (CEST);Sun Oct 13 2019 09:40:29 GMT+0200 (CEST);1570959629000;3.22;727.16;27.49
1380556831572750;45.6;33.3;Sun Oct 13 2019 11:42:22 GMT+0200 (CEST);Sun Oct 13 2019 09:42:22 GMT+0200 (CEST);1570959742000;3.28;729.1;27.67
1380556831572750;45.6;33;Sun Oct 13 2019 11:44:17 GMT+0200 (CEST);Sun Oct 13 2019 09:44:17 GMT+0200 (CEST);1570959857000;3.27;731.7;27.65
1380556831572750;45.6;33;Sun Oct 13 2019 11:46:10 GMT+0200 (CEST);Sun Oct 13 2019 09:46:10 GMT+0200 (CEST);1570959970000;3.3;733.67;27.75
1380556831572750;45.6;33;Sun Oct 13 2019 11:48:03 GMT+0200 (CEST);Sun Oct 13 2019 09:48:03 GMT+0200 (CEST);1570960083000;3.31;735.63;27.76
1380556831572750;45.6;32.7;Sun Oct 13 2019 11:49:58 GMT+0200 (CEST);Sun Oct 13 2019 09:49:58 GMT+0200 (CEST);1570960198000;3.42;738.21;27.81
1380556831572750;45.6;33.1;Sun Oct 13 2019 11:51:59 GMT+0200 (CEST);Sun Oct 13 2019 09:51:59 GMT+0200 (CEST);1570960319000;3.39;742.35;27.86
1380556831572750;45.6;32.4;Sun Oct 13 2019 11:53:55 GMT+0200 (CEST);Sun Oct 13 2019 09:53:55 GMT+0200 (CEST);1570960435000;3.51;743.86;27.96
1380556831572750;46.1;32.3;Sun Oct 13 2019 11:55:48 GMT+0200 (CEST);Sun Oct 13 2019 09:55:48 GMT+0200 (CEST);1570960548000;3.38;745.53;27.84
1380556831572750;46.1;31.5;Sun Oct 13 2019 11:57:40 GMT+0200 (CEST);Sun Oct 13 2019 09:57:40 GMT+0200 (CEST);1570960660000;3.56;747.7;27.78
1380556831572750;46.1;32.1;Sun Oct 13 2019 11:59:33 GMT+0200 (CEST);Sun Oct 13 2019 09:59:33 GMT+0200 (CEST);1570960773000;3.49;750.01;27.81
1380556831572750;46.1;31.5;Sun Oct 13 2019 12:01:28 GMT+0200 (CEST);Sun Oct 13 2019 10:01:28 GMT+0200 (CEST);1570960888000;3.58;752.31;27.81
1380556831572750;46.1;31.9;Sun Oct 13 2019 12:03:21 GMT+0200 (CEST);Sun Oct 13 2019 10:03:21 GMT+0200 (CEST);1570961001000;3.48;752.76;27.96
1380556831572750;46.1;31.7;Sun Oct 13 2019 12:05:23 GMT+0200 (CEST);Sun Oct 13 2019 10:05:23 GMT+0200 (CEST);1570961123000;3.59;753.54;28.4
1380556831572750;46.1;31.8;Sun Oct 13 2019 12:07:32 GMT+0200 (CEST);Sun Oct 13 2019 10:07:32 GMT+0200 (CEST);1570961252000;3.54;754.72;28.94
1380556831572750;47.7;31.7;Sun Oct 13 2019 12:09:25 GMT+0200 (CEST);Sun Oct 13 2019 10:09:25 GMT+0200 (CEST);1570961365000;3.62;756.81;29.28
1380556831572750;47.7;32.1;Sun Oct 13 2019 12:11:21 GMT+0200 (CEST);Sun Oct 13 2019 10:11:21 GMT+0200 (CEST);1570961481000;3.32;756.39;29.4
1380556831572750;47.7;32.1;Sun Oct 13 2019 12:13:19 GMT+0200 (CEST);Sun Oct 13 2019 10:13:19 GMT+0200 (CEST);1570961599000;3.61;759.24;29.47
1380556831572750;48.2;31.9;Sun Oct 13 2019 12:15:12 GMT+0200 (CEST);Sun Oct 13 2019 10:15:12 GMT+0200 (CEST);1570961712000;3.53;759.24;29.53
1380556831572750;48.2;32.4;Sun Oct 13 2019 12:17:06 GMT+0200 (CEST);Sun Oct 13 2019 10:17:06 GMT+0200 (CEST);1570961826000;3.5;760.75;29.54
1380556831572750;48.2;30.6;Sun Oct 13 2019 12:18:59 GMT+0200 (CEST);Sun Oct 13 2019 10:18:59 GMT+0200 (CEST);1570961939000;3.72;763.12;29.57
1380556831572750;48.2;30.5;Sun Oct 13 2019 12:21:19 GMT+0200 (CEST);Sun Oct 13 2019 10:21:19 GMT+0200 (CEST);1570962079000;3.73;763.15;29.61
1380556831572750;47.7;30.4;Sun Oct 13 2019 12:23:12 GMT+0200 (CEST);Sun Oct 13 2019 10:23:12 GMT+0200 (CEST);1570962192000;3.73;765.24;29.6
1380556831572750;47.7;30.4;Sun Oct 13 2019 12:25:05 GMT+0200 (CEST);Sun Oct 13 2019 10:25:05 GMT+0200 (CEST);1570962305000;3.75;766.79;29.5
1380556831572750;47.7;30.4;Sun Oct 13 2019 12:27:10 GMT+0200 (CEST);Sun Oct 13 2019 10:27:10 GMT+0200 (CEST);1570962430000;3.76;769.77;29.55
1380556831572750;47.7;32.3;Sun Oct 13 2019 12:29:03 GMT+0200 (CEST);Sun Oct 13 2019 10:29:03 GMT+0200 (CEST);1570962543000;3.6;770.09;29.65
1380556831572750;47.7;32.1;Sun Oct 13 2019 12:30:56 GMT+0200 (CEST);Sun Oct 13 2019 10:30:56 GMT+0200 (CEST);1570962656000;3.59;769.2;29.64
1380556831572750;48.2;31.3;Sun Oct 13 2019 12:32:48 GMT+0200 (CEST);Sun Oct 13 2019 10:32:48 GMT+0200 (CEST);1570962768000;3.76;770.17;29.7
1380556831572750;48.2;30.4;Sun Oct 13 2019 12:34:46 GMT+0200 (CEST);Sun Oct 13 2019 10:34:46 GMT+0200 (CEST);1570962886000;3.76;770.77;29.78
1380556831572750;48.2;30.6;Sun Oct 13 2019 12:36:49 GMT+0200 (CEST);Sun Oct 13 2019 10:36:49 GMT+0200 (CEST);1570963009000;3.75;771.16;29.89
1380556831572750;48.2;30.6;Sun Oct 13 2019 12:38:43 GMT+0200 (CEST);Sun Oct 13 2019 10:38:43 GMT+0200 (CEST);1570963123000;3.75;769.95;29.92
1380556831572750;48.2;30.6;Sun Oct 13 2019 12:40:37 GMT+0200 (CEST);Sun Oct 13 2019 10:40:37 GMT+0200 (CEST);1570963237000;3.75;770.81;29.96
1380556831572750;48.2;30.6;Sun Oct 13 2019 12:42:36 GMT+0200 (CEST);Sun Oct 13 2019 10:42:36 GMT+0200 (CEST);1570963356000;3.68;771.92;29.87
1380556831572750;48.2;31.2;Sun Oct 13 2019 12:44:28 GMT+0200 (CEST);Sun Oct 13 2019 10:44:28 GMT+0200 (CEST);1570963468000;3.72;770.75;29.78
1380556831572750;48.2;32;Sun Oct 13 2019 12:46:23 GMT+0200 (CEST);Sun Oct 13 2019 10:46:23 GMT+0200 (CEST);1570963583000;3.59;771.87;29.87
1380556831572750;48.2;31.3;Sun Oct 13 2019 12:48:40 GMT+0200 (CEST);Sun Oct 13 2019 10:48:40 GMT+0200 (CEST);1570963720000;3.7;771.51;29.99
1380556831572750;48.2;31.4;Sun Oct 13 2019 12:50:23 GMT+0200 (CEST);Sun Oct 13 2019 10:50:23 GMT+0200 (CEST);1570963823000;3.67;769.22;29.95
1380556831572750;48.2;31.1;Sun Oct 13 2019 12:52:20 GMT+0200 (CEST);Sun Oct 13 2019 10:52:20 GMT+0200 (CEST);1570963940000;3.68;770.79;30.13
1380556831572750;48.2;31.3;Sun Oct 13 2019 12:54:13 GMT+0200 (CEST);Sun Oct 13 2019 10:54:13 GMT+0200 (CEST);1570964053000;3.66;770.3;30.29
1380556831572750;48.2;31.7;Sun Oct 13 2019 12:56:13 GMT+0200 (CEST);Sun Oct 13 2019 10:56:13 GMT+0200 (CEST);1570964173000;3.63;770.92;30.24
1380556831572750;48.2;30.7;Sun Oct 13 2019 12:58:06 GMT+0200 (CEST);Sun Oct 13 2019 10:58:06 GMT+0200 (CEST);1570964286000;3.75;769.51;30.35
1380556831572750;48.2;30.6;Sun Oct 13 2019 13:00:01 GMT+0200 (CEST);Sun Oct 13 2019 11:00:01 GMT+0200 (CEST);1570964401000;3.75;771.88;30.6
1380556831572750;48.2;30.5;Sun Oct 13 2019 13:01:53 GMT+0200 (CEST);Sun Oct 13 2019 11:01:53 GMT+0200 (CEST);1570964513000;3.76;769.77;30.94
1380556831572750;48.2;30.5;Sun Oct 13 2019 13:03:51 GMT+0200 (CEST);Sun Oct 13 2019 11:03:51 GMT+0200 (CEST);1570964631000;3.76;769.1;31.3
1380556831572750;48.2;30.4;Sun Oct 13 2019 13:05:48 GMT+0200 (CEST);Sun Oct 13 2019 11:05:48 GMT+0200 (CEST);1570964748000;3.75;767.08;31.48
1380556831572750;48.2;30.4;Sun Oct 13 2019 13:07:47 GMT+0200 (CEST);Sun Oct 13 2019 11:07:47 GMT+0200 (CEST);1570964867000;3.74;766.59;31.49
1380556831572750;48.2;31.9;Sun Oct 13 2019 13:09:40 GMT+0200 (CEST);Sun Oct 13 2019 11:09:40 GMT+0200 (CEST);1570964980000;3.61;766.58;31.4
1380556831572750;49.2;32;Sun Oct 13 2019 13:11:33 GMT+0200 (CEST);Sun Oct 13 2019 11:11:33 GMT+0200 (CEST);1570965093000;3.54;765.29;31.1
1380556831572750;49.2;31.6;Sun Oct 13 2019 13:13:26 GMT+0200 (CEST);Sun Oct 13 2019 11:13:26 GMT+0200 (CEST);1570965206000;3.66;764;30.83
1380556831572750;49.2;32.1;Sun Oct 13 2019 13:15:19 GMT+0200 (CEST);Sun Oct 13 2019 11:15:19 GMT+0200 (CEST);1570965319000;3.54;765.43;30.89
1380556831572750;49.2;31.8;Sun Oct 13 2019 13:17:11 GMT+0200 (CEST);Sun Oct 13 2019 11:17:11 GMT+0200 (CEST);1570965431000;3.6;762.49;30.93
1380556831572750;49.2;31.5;Sun Oct 13 2019 13:19:06 GMT+0200 (CEST);Sun Oct 13 2019 11:19:06 GMT+0200 (CEST);1570965546000;3.62;759.76;30.89
1380556831572750;49.2;30.9;Sun Oct 13 2019 13:20:59 GMT+0200 (CEST);Sun Oct 13 2019 11:20:59 GMT+0200 (CEST);1570965659000;3.6;761.41;30.94
1380556831572750;49.2;31.7;Sun Oct 13 2019 13:23:11 GMT+0200 (CEST);Sun Oct 13 2019 11:23:11 GMT+0200 (CEST);1570965791000;3.6;758.88;30.56
1380556831572750;49.2;31.5;Sun Oct 13 2019 13:25:04 GMT+0200 (CEST);Sun Oct 13 2019 11:25:04 GMT+0200 (CEST);1570965904000;3.63;758.56;30.39
1380556831572750;49.2;31.7;Sun Oct 13 2019 13:27:40 GMT+0200 (CEST);Sun Oct 13 2019 11:27:40 GMT+0200 (CEST);1570966060000;3.66;757.1;30.42
1380556831572750;49.2;30.8;Sun Oct 13 2019 13:29:34 GMT+0200 (CEST);Sun Oct 13 2019 11:29:34 GMT+0200 (CEST);1570966174000;3.58;755.35;30.47
1380556831572750;49.2;31.2;Sun Oct 13 2019 13:31:32 GMT+0200 (CEST);Sun Oct 13 2019 11:31:32 GMT+0200 (CEST);1570966292000;3.56;755.4;30.55
1380556831572750;49.2;32.1;Sun Oct 13 2019 13:33:33 GMT+0200 (CEST);Sun Oct 13 2019 11:33:33 GMT+0200 (CEST);1570966413000;3.4;757.31;30.71
1380556831572750;49.2;33.2;Sun Oct 13 2019 13:35:25 GMT+0200 (CEST);Sun Oct 13 2019 11:35:25 GMT+0200 (CEST);1570966525000;3.19;753.73;30.87
1380556831572750;49.2;31.1;Sun Oct 13 2019 13:37:22 GMT+0200 (CEST);Sun Oct 13 2019 11:37:22 GMT+0200 (CEST);1570966642000;3.61;750.82;31.06
1380556831572750;49.2;31.6;Sun Oct 13 2019 13:39:26 GMT+0200 (CEST);Sun Oct 13 2019 11:39:26 GMT+0200 (CEST);1570966766000;3.49;750.37;31.32
1380556831572750;49.2;31.9;Sun Oct 13 2019 13:41:19 GMT+0200 (CEST);Sun Oct 13 2019 11:41:19 GMT+0200 (CEST);1570966879000;3.56;750.75;31.42
1380556831572750;49.2;32.4;Sun Oct 13 2019 13:43:12 GMT+0200 (CEST);Sun Oct 13 2019 11:43:12 GMT+0200 (CEST);1570966992000;3.48;746.71;31.52
1380556831572750;49.2;31.5;Sun Oct 13 2019 13:45:07 GMT+0200 (CEST);Sun Oct 13 2019 11:45:07 GMT+0200 (CEST);1570967107000;3.6;745.76;31.5
1380556831572750;49.2;31.6;Sun Oct 13 2019 13:47:03 GMT+0200 (CEST);Sun Oct 13 2019 11:47:03 GMT+0200 (CEST);1570967223000;3.4;744.38;31.53
1380556831572750;49.2;31.9;Sun Oct 13 2019 13:48:56 GMT+0200 (CEST);Sun Oct 13 2019 11:48:56 GMT+0200 (CEST);1570967336000;3.52;744.03;31.69
1380556831572750;49.2;31.2;Sun Oct 13 2019 13:50:48 GMT+0200 (CEST);Sun Oct 13 2019 11:50:48 GMT+0200 (CEST);1570967448000;3.43;744.8;31.81
1380556831572750;49.2;31.7;Sun Oct 13 2019 13:53:03 GMT+0200 (CEST);Sun Oct 13 2019 11:53:03 GMT+0200 (CEST);1570967583000;3.52;741.56;31.76
1380556831572750;49.2;31.3;Sun Oct 13 2019 13:58:39 GMT+0200 (CEST);Sun Oct 13 2019 11:58:39 GMT+0200 (CEST);1570967919000;3.49;731.16;32.03
1380556831572750;49.2;32;Sun Oct 13 2019 14:06:14 GMT+0200 (CEST);Sun Oct 13 2019 12:06:14 GMT+0200 (CEST);1570968374000;3.42;719.31;31.23
1380556831572750;49.2;31.6;Sun Oct 13 2019 14:08:11 GMT+0200 (CEST);Sun Oct 13 2019 12:08:11 GMT+0200 (CEST);1570968491000;3.43;712.78;31.21
1380556831572750;49.2;31.5;Sun Oct 13 2019 14:10:49 GMT+0200 (CEST);Sun Oct 13 2019 12:10:49 GMT+0200 (CEST);1570968649000;3.34;706.35;31.19
1380556831572750;48.2;31.6;Sun Oct 13 2019 14:13:09 GMT+0200 (CEST);Sun Oct 13 2019 12:13:09 GMT+0200 (CEST);1570968789000;3.38;700.78;31.38
1380556831572750;48.2;31.3;Sun Oct 13 2019 14:15:04 GMT+0200 (CEST);Sun Oct 13 2019 12:15:04 GMT+0200 (CEST);1570968904000;3.35;696.9;31.25
1380556831572750;48.2;31.5;Sun Oct 13 2019 14:16:58 GMT+0200 (CEST);Sun Oct 13 2019 12:16:58 GMT+0200 (CEST);1570969018000;3.36;694.24;31.52
1380556831572750;48.2;31;Sun Oct 13 2019 14:19:04 GMT+0200 (CEST);Sun Oct 13 2019 12:19:04 GMT+0200 (CEST);1570969144000;3.33;688.9;31.76
1380556831572750;48.2;31;Sun Oct 13 2019 14:21:01 GMT+0200 (CEST);Sun Oct 13 2019 12:21:01 GMT+0200 (CEST);1570969261000;3.28;684.84;31.89
1380556831572750;48.2;31.3;Sun Oct 13 2019 14:22:54 GMT+0200 (CEST);Sun Oct 13 2019 12:22:54 GMT+0200 (CEST);1570969374000;3.28;683.54;31.9
1380556831572750;48.2;31.5;Sun Oct 13 2019 14:24:58 GMT+0200 (CEST);Sun Oct 13 2019 12:24:58 GMT+0200 (CEST);1570969498000;3.29;681.47;31.87
1380556831572750;48.2;31.3;Sun Oct 13 2019 14:26:51 GMT+0200 (CEST);Sun Oct 13 2019 12:26:51 GMT+0200 (CEST);1570969611000;3.28;676.49;31.97
1380556831572750;48.2;31.7;Sun Oct 13 2019 14:28:46 GMT+0200 (CEST);Sun Oct 13 2019 12:28:46 GMT+0200 (CEST);1570969726000;3.06;655.35;31.92
1380556831572750;48.2;31.6;Sun Oct 13 2019 14:30:39 GMT+0200 (CEST);Sun Oct 13 2019 12:30:39 GMT+0200 (CEST);1570969839000;2.84;596.47;31.9
1380556831572750;48.2;31.4;Sun Oct 13 2019 14:32:31 GMT+0200 (CEST);Sun Oct 13 2019 12:32:31 GMT+0200 (CEST);1570969951000;3.01;652.79;31.82
1380556831572750;48.2;31.6;Sun Oct 13 2019 14:34:25 GMT+0200 (CEST);Sun Oct 13 2019 12:34:25 GMT+0200 (CEST);1570970065000;3.16;655.35;31.53
1380556831572750;48.2;31.7;Sun Oct 13 2019 14:37:06 GMT+0200 (CEST);Sun Oct 13 2019 12:37:06 GMT+0200 (CEST);1570970226000;3.16;664.19;31.27
1380556831572750;48.2;31.9;Sun Oct 13 2019 14:38:59 GMT+0200 (CEST);Sun Oct 13 2019 12:38:59 GMT+0200 (CEST);1570970339000;3.18;661.41;31.28
1380556831572750;48.2;31.8;Sun Oct 13 2019 14:40:52 GMT+0200 (CEST);Sun Oct 13 2019 12:40:52 GMT+0200 (CEST);1570970452000;3.14;656.56;31.5
1380556831572750;47.7;31.5;Sun Oct 13 2019 14:42:49 GMT+0200 (CEST);Sun Oct 13 2019 12:42:49 GMT+0200 (CEST);1570970569000;3.04;647.67;31.67
1380556831572750;47.7;30.9;Sun Oct 13 2019 14:44:41 GMT+0200 (CEST);Sun Oct 13 2019 12:44:41 GMT+0200 (CEST);1570970681000;3.13;645.11;31.82
1380556831572750;47.7;31.2;Sun Oct 13 2019 14:46:34 GMT+0200 (CEST);Sun Oct 13 2019 12:46:34 GMT+0200 (CEST);1570970794000;3.12;639.99;31.71
1380556831572750;47.7;31.3;Sun Oct 13 2019 14:48:27 GMT+0200 (CEST);Sun Oct 13 2019 12:48:27 GMT+0200 (CEST);1570970907000;3.07;634.87;31.36
1380556831572750;47.7;31.8;Sun Oct 13 2019 14:50:42 GMT+0200 (CEST);Sun Oct 13 2019 12:50:42 GMT+0200 (CEST);1570971042000;3;629.75;31.26
1380556831572750;47.7;31.6;Sun Oct 13 2019 14:52:36 GMT+0200 (CEST);Sun Oct 13 2019 12:52:36 GMT+0200 (CEST);1570971156000;3.03;624.63;31.52
1380556831572750;47.7;31.4;Sun Oct 13 2019 14:54:31 GMT+0200 (CEST);Sun Oct 13 2019 12:54:31 GMT+0200 (CEST);1570971271000;2.93;622.07;31.45
1380556831572750;47.7;31.5;Sun Oct 13 2019 14:56:24 GMT+0200 (CEST);Sun Oct 13 2019 12:56:24 GMT+0200 (CEST);1570971384000;2.98;616.95;31.31
1380556831572750;47.7;31.5;Sun Oct 13 2019 14:58:17 GMT+0200 (CEST);Sun Oct 13 2019 12:58:17 GMT+0200 (CEST);1570971497000;2.96;614.39;31.47
1380556831572750;47.7;31.3;Sun Oct 13 2019 15:00:13 GMT+0200 (CEST);Sun Oct 13 2019 13:00:13 GMT+0200 (CEST);1570971613000;2.93;606.71;31.71
1380556831572750;47.7;31.5;Sun Oct 13 2019 15:02:10 GMT+0200 (CEST);Sun Oct 13 2019 13:02:10 GMT+0200 (CEST);1570971730000;2.92;604.15;31.65
1380556831572750;47.7;31.7;Sun Oct 13 2019 15:04:16 GMT+0200 (CEST);Sun Oct 13 2019 13:04:16 GMT+0200 (CEST);1570971856000;2.81;578.55;31.48
1380556831572750;47.7;31.9;Sun Oct 13 2019 15:06:12 GMT+0200 (CEST);Sun Oct 13 2019 13:06:12 GMT+0200 (CEST);1570971972000;2.82;591.35;31.36
1380556831572750;47.7;31.5;Sun Oct 13 2019 15:08:05 GMT+0200 (CEST);Sun Oct 13 2019 13:08:05 GMT+0200 (CEST);1570972085000;2.86;593.91;31.34
1380556831572750;46.1;31.7;Sun Oct 13 2019 15:09:58 GMT+0200 (CEST);Sun Oct 13 2019 13:09:58 GMT+0200 (CEST);1570972198000;2.81;588.79;31.48
1380556831572750;46.1;31.7;Sun Oct 13 2019 15:11:51 GMT+0200 (CEST);Sun Oct 13 2019 13:11:51 GMT+0200 (CEST);1570972311000;2.82;586.23;31.67
1380556831572750;46.1;32.2;Sun Oct 13 2019 15:13:44 GMT+0200 (CEST);Sun Oct 13 2019 13:13:44 GMT+0200 (CEST);1570972424000;2.72;581.11;31.6
1380556831572750;46.1;32.1;Sun Oct 13 2019 15:15:38 GMT+0200 (CEST);Sun Oct 13 2019 13:15:38 GMT+0200 (CEST);1570972538000;2.75;581.11;31.39
1380556831572750;46.1;32.1;Sun Oct 13 2019 15:17:31 GMT+0200 (CEST);Sun Oct 13 2019 13:17:31 GMT+0200 (CEST);1570972651000;2.67;568.31;31.06
1380556831572750;45.6;31.7;Sun Oct 13 2019 15:19:24 GMT+0200 (CEST);Sun Oct 13 2019 13:19:24 GMT+0200 (CEST);1570972764000;2.74;563.19;30.86
1380556831572750;45.6;31;Sun Oct 13 2019 15:21:16 GMT+0200 (CEST);Sun Oct 13 2019 13:21:16 GMT+0200 (CEST);1570972876000;2.73;560.63;30.85
1380556831572750;45.6;31;Sun Oct 13 2019 15:23:13 GMT+0200 (CEST);Sun Oct 13 2019 13:23:13 GMT+0200 (CEST);1570972993000;2.69;555.51;30.82
1380556831572750;45.6;31.5;Sun Oct 13 2019 15:25:06 GMT+0200 (CEST);Sun Oct 13 2019 13:25:06 GMT+0200 (CEST);1570973106000;2.67;555.51;30.82
1380556831572750;45.6;31.7;Sun Oct 13 2019 15:27:01 GMT+0200 (CEST);Sun Oct 13 2019 13:27:01 GMT+0200 (CEST);1570973221000;2.38;496.63;30.88
1380556831572750;45.6;32.4;Sun Oct 13 2019 15:28:55 GMT+0200 (CEST);Sun Oct 13 2019 13:28:55 GMT+0200 (CEST);1570973335000;2.47;535.03;30.96
1380556831572750;45.6;32.9;Sun Oct 13 2019 15:30:48 GMT+0200 (CEST);Sun Oct 13 2019 13:30:48 GMT+0200 (CEST);1570973448000;2.48;537.59;30.82
1380556831572750;45.6;32.6;Sun Oct 13 2019 15:32:40 GMT+0200 (CEST);Sun Oct 13 2019 13:32:40 GMT+0200 (CEST);1570973560000;2.5;529.91;30.9
1380556831572750;45.6;31.6;Sun Oct 13 2019 15:34:34 GMT+0200 (CEST);Sun Oct 13 2019 13:34:34 GMT+0200 (CEST);1570973674000;2.52;524.79;30.91
1380556831572750;45.6;31.9;Sun Oct 13 2019 15:36:27 GMT+0200 (CEST);Sun Oct 13 2019 13:36:27 GMT+0200 (CEST);1570973787000;2.51;519.67;30.89
1380556831572750;45.6;31.9;Sun Oct 13 2019 15:38:45 GMT+0200 (CEST);Sun Oct 13 2019 13:38:45 GMT+0200 (CEST);1570973925000;2.44;514.55;30.8
1380556831572750;45.6;32;Sun Oct 13 2019 15:40:37 GMT+0200 (CEST);Sun Oct 13 2019 13:40:37 GMT+0200 (CEST);1570974037000;2.46;509.43;31.07
1380556831572750;44.1;31.3;Sun Oct 13 2019 15:42:30 GMT+0200 (CEST);Sun Oct 13 2019 13:42:30 GMT+0200 (CEST);1570974150000;2.43;501.75;31.13
1380556831572750;44.1;31.4;Sun Oct 13 2019 15:44:28 GMT+0200 (CEST);Sun Oct 13 2019 13:44:28 GMT+0200 (CEST);1570974268000;2.38;496.63;31.21
1380556831572750;44.1;31.7;Sun Oct 13 2019 15:46:20 GMT+0200 (CEST);Sun Oct 13 2019 13:46:20 GMT+0200 (CEST);1570974380000;1.28;214.15;31.19
1380556831572750;44.1;31.3;Sun Oct 13 2019 15:48:17 GMT+0200 (CEST);Sun Oct 13 2019 13:48:17 GMT+0200 (CEST);1570974497000;1.97;371.19;30.74
1380556831572750;44.1;31.7;Sun Oct 13 2019 15:50:14 GMT+0200 (CEST);Sun Oct 13 2019 13:50:14 GMT+0200 (CEST);1570974614000;2.34;488.95;30.57
1380556831572750;43.1;32.1;Sun Oct 13 2019 15:52:07 GMT+0200 (CEST);Sun Oct 13 2019 13:52:07 GMT+0200 (CEST);1570974727000;2.28;483.83;30.67
1380556831572750;43.1;32.3;Sun Oct 13 2019 15:54:20 GMT+0200 (CEST);Sun Oct 13 2019 13:54:20 GMT+0200 (CEST);1570974860000;2.25;478.71;30.75
1380556831572750;43.6;32.2;Sun Oct 13 2019 15:56:13 GMT+0200 (CEST);Sun Oct 13 2019 13:56:13 GMT+0200 (CEST);1570974973000;2.17;473.59;30.78
1380556831572750;43.6;32.2;Sun Oct 13 2019 15:58:08 GMT+0200 (CEST);Sun Oct 13 2019 13:58:08 GMT+0200 (CEST);1570975088000;2.16;463.35;31.05
1380556831572750;43.6;32.6;Sun Oct 13 2019 16:00:00 GMT+0200 (CEST);Sun Oct 13 2019 14:00:00 GMT+0200 (CEST);1570975200000;2.08;453.11;31.06
1380556831572750;43.6;32.8;Sun Oct 13 2019 16:01:54 GMT+0200 (CEST);Sun Oct 13 2019 14:01:54 GMT+0200 (CEST);1570975314000;1.95;442.87;30.86
1380556831572750;43.6;34.1;Sun Oct 13 2019 16:03:57 GMT+0200 (CEST);Sun Oct 13 2019 14:03:57 GMT+0200 (CEST);1570975437000;1.9;437.75;30.6
1380556831572750;43.6;34.2;Sun Oct 13 2019 16:05:55 GMT+0200 (CEST);Sun Oct 13 2019 14:05:55 GMT+0200 (CEST);1570975555000;1.52;432.63;30.61
1380556831572750;43.6;35.9;Sun Oct 13 2019 16:07:48 GMT+0200 (CEST);Sun Oct 13 2019 14:07:48 GMT+0200 (CEST);1570975668000;1.3;432.63;30.56
1380556831572750;44.1;37;Sun Oct 13 2019 16:09:47 GMT+0200 (CEST);Sun Oct 13 2019 14:09:47 GMT+0200 (CEST);1570975787000;1.25;430.07;30.41
1380556831572750;44.1;37.9;Sun Oct 13 2019 16:11:41 GMT+0200 (CEST);Sun Oct 13 2019 14:11:41 GMT+0200 (CEST);1570975901000;0.64;424.95;30.42
1380556831572750;45.6;37;Sun Oct 13 2019 16:13:38 GMT+0200 (CEST);Sun Oct 13 2019 14:13:38 GMT+0200 (CEST);1570976018000;0.53;407.03;30.39
1380556831572750;45.6;37.1;Sun Oct 13 2019 16:15:30 GMT+0200 (CEST);Sun Oct 13 2019 14:15:30 GMT+0200 (CEST);1570976130000;0.54;376.31;30.39
1380556831572750;45.6;34.7;Sun Oct 13 2019 16:17:31 GMT+0200 (CEST);Sun Oct 13 2019 14:17:31 GMT+0200 (CEST);1570976251000;0.5;348.15;30.21
1380556831572750;43.6;35.7;Sun Oct 13 2019 16:19:26 GMT+0200 (CEST);Sun Oct 13 2019 14:19:26 GMT+0200 (CEST);1570976366000;0.47;335.35;29.95
1380556831572750;43.6;37.1;Sun Oct 13 2019 16:21:19 GMT+0200 (CEST);Sun Oct 13 2019 14:21:19 GMT+0200 (CEST);1570976479000;0.45;358.39;29.88
1380556831572750;43.6;37.9;Sun Oct 13 2019 16:23:12 GMT+0200 (CEST);Sun Oct 13 2019 14:23:12 GMT+0200 (CEST);1570976592000;0.44;381.43;29.77
1380556831572750;43.6;38.6;Sun Oct 13 2019 16:25:17 GMT+0200 (CEST);Sun Oct 13 2019 14:25:17 GMT+0200 (CEST);1570976717000;0.43;371.19;29.76
1380556831572750;43.6;38.5;Sun Oct 13 2019 16:27:10 GMT+0200 (CEST);Sun Oct 13 2019 14:27:10 GMT+0200 (CEST);1570976830000;0.4;358.39;29.82
1380556831572750;43.6;38.5;Sun Oct 13 2019 16:29:04 GMT+0200 (CEST);Sun Oct 13 2019 14:29:04 GMT+0200 (CEST);1570976944000;0.37;348.15;29.59
1380556831572750;43.6;38.5;Sun Oct 13 2019 16:30:58 GMT+0200 (CEST);Sun Oct 13 2019 14:30:58 GMT+0200 (CEST);1570977058000;0.35;337.91;29.4
1380556831572750;43.6;38.5;Sun Oct 13 2019 16:33:11 GMT+0200 (CEST);Sun Oct 13 2019 14:33:11 GMT+0200 (CEST);1570977191000;0.33;322.6;29.16
1380556831572750;43.6;37.9;Sun Oct 13 2019 16:35:06 GMT+0200 (CEST);Sun Oct 13 2019 14:35:06 GMT+0200 (CEST);1570977306000;0.32;313.81;29.06
1380556831572750;43.6;37;Sun Oct 13 2019 16:37:07 GMT+0200 (CEST);Sun Oct 13 2019 14:37:07 GMT+0200 (CEST);1570977427000;0.3;307.54;29.1
1380556831572750;43.6;37.3;Sun Oct 13 2019 16:39:02 GMT+0200 (CEST);Sun Oct 13 2019 14:39:02 GMT+0200 (CEST);1570977542000;0.31;301.64;29.16
1380556831572750;43.6;37.1;Sun Oct 13 2019 16:41:10 GMT+0200 (CEST);Sun Oct 13 2019 14:41:10 GMT+0200 (CEST);1570977670000;0.31;243.14;28.94
1380556831572750;42.1;38.5;Sun Oct 13 2019 16:43:03 GMT+0200 (CEST);Sun Oct 13 2019 14:43:03 GMT+0200 (CEST);1570977783000;0.31;281.68;28.77
1380556831572750;42.1;38;Sun Oct 13 2019 16:44:56 GMT+0200 (CEST);Sun Oct 13 2019 14:44:56 GMT+0200 (CEST);1570977896000;0.31;274.3;28.69
1380556831572750;41.1;38.3;Sun Oct 13 2019 16:46:53 GMT+0200 (CEST);Sun Oct 13 2019 14:46:53 GMT+0200 (CEST);1570978013000;0.31;276.52;28.56
1380556831572750;41.1;38.2;Sun Oct 13 2019 16:49:16 GMT+0200 (CEST);Sun Oct 13 2019 14:49:16 GMT+0200 (CEST);1570978156000;0.29;266.92;28.49
1380556831572750;40.1;38.1;Sun Oct 13 2019 16:51:10 GMT+0200 (CEST);Sun Oct 13 2019 14:51:10 GMT+0200 (CEST);1570978270000;0.29;258;28.41
1380556831572750;40.1;38.1;Sun Oct 13 2019 16:53:05 GMT+0200 (CEST);Sun Oct 13 2019 14:53:05 GMT+0200 (CEST);1570978385000;0.29;251.87;28.32
1380556831572750;40.1;37.9;Sun Oct 13 2019 16:54:58 GMT+0200 (CEST);Sun Oct 13 2019 14:54:58 GMT+0200 (CEST);1570978498000;0.29;221.62;28.18
1380556831572750;40.1;38;Sun Oct 13 2019 16:56:51 GMT+0200 (CEST);Sun Oct 13 2019 14:56:51 GMT+0200 (CEST);1570978611000;0.29;241.44;28.01
1380556831572750;40.1;38;Sun Oct 13 2019 16:58:55 GMT+0200 (CEST);Sun Oct 13 2019 14:58:55 GMT+0200 (CEST);1570978735000;0.28;231.97;27.85
1380556831572750;40.1;38;Sun Oct 13 2019 17:00:48 GMT+0200 (CEST);Sun Oct 13 2019 15:00:48 GMT+0200 (CEST);1570978848000;0.28;224.25;27.71
1380556831572750;40.1;38;Sun Oct 13 2019 17:02:43 GMT+0200 (CEST);Sun Oct 13 2019 15:02:43 GMT+0200 (CEST);1570978963000;0.26;217.52;27.6
1380556831572750;40.1;37.9;Sun Oct 13 2019 17:04:38 GMT+0200 (CEST);Sun Oct 13 2019 15:04:38 GMT+0200 (CEST);1570979078000;0.25;209.59;27.57
1380556831572750;40.1;37.8;Sun Oct 13 2019 17:06:33 GMT+0200 (CEST);Sun Oct 13 2019 15:06:33 GMT+0200 (CEST);1570979193000;0.25;201.89;27.66
1380556831572750;40.1;37.7;Sun Oct 13 2019 17:08:25 GMT+0200 (CEST);Sun Oct 13 2019 15:08:25 GMT+0200 (CEST);1570979305000;0.24;196.37;27.7
1380556831572750;39.6;37.7;Sun Oct 13 2019 17:10:18 GMT+0200 (CEST);Sun Oct 13 2019 15:10:18 GMT+0200 (CEST);1570979418000;0.24;189.26;27.64
1380556831572750;39.6;37.7;Sun Oct 13 2019 17:12:14 GMT+0200 (CEST);Sun Oct 13 2019 15:12:14 GMT+0200 (CEST);1570979534000;0.23;183.15;27.53
1380556831572750;39.6;37.7;Sun Oct 13 2019 17:14:06 GMT+0200 (CEST);Sun Oct 13 2019 15:14:06 GMT+0200 (CEST);1570979646000;0.24;179.61;27.46
1380556831572750;39.6;35.3;Sun Oct 13 2019 17:15:59 GMT+0200 (CEST);Sun Oct 13 2019 15:15:59 GMT+0200 (CEST);1570979759000;0.22;104.65;27.23
1380556831572750;39.6;37.5;Sun Oct 13 2019 17:17:52 GMT+0200 (CEST);Sun Oct 13 2019 15:17:52 GMT+0200 (CEST);1570979872000;0.23;156.88;26.96
1380556831572750;37.6;36.2;Sun Oct 13 2019 17:20:01 GMT+0200 (CEST);Sun Oct 13 2019 15:20:01 GMT+0200 (CEST);1570980001000;0.41;156.48;26.81
1380556831572750;37.6;35.6;Sun Oct 13 2019 17:21:54 GMT+0200 (CEST);Sun Oct 13 2019 15:21:54 GMT+0200 (CEST);1570980114000;0.44;148.02;26.62
1380556831572750;37.6;34.7;Sun Oct 13 2019 17:23:53 GMT+0200 (CEST);Sun Oct 13 2019 15:23:53 GMT+0200 (CEST);1570980233000;0.45;140.88;26.48
1380556831572750;37.6;35;Sun Oct 13 2019 17:25:48 GMT+0200 (CEST);Sun Oct 13 2019 15:25:48 GMT+0200 (CEST);1570980348000;0.44;135.11;26.34
1380556831572750;37.6;34.9;Sun Oct 13 2019 17:27:42 GMT+0200 (CEST);Sun Oct 13 2019 15:27:42 GMT+0200 (CEST);1570980462000;0.41;129.19;26.22
1380556831572750;35.6;34.9;Sun Oct 13 2019 17:29:35 GMT+0200 (CEST);Sun Oct 13 2019 15:29:35 GMT+0200 (CEST);1570980575000;0.38;122.57;26.09
1380556831572750;35.6;35;Sun Oct 13 2019 17:31:38 GMT+0200 (CEST);Sun Oct 13 2019 15:31:38 GMT+0200 (CEST);1570980698000;0.34;114.93;25.95
1380556831572750;35.6;35.4;Sun Oct 13 2019 17:33:32 GMT+0200 (CEST);Sun Oct 13 2019 15:33:32 GMT+0200 (CEST);1570980812000;0.31;46.38;25.64
1380556831572750;35.6;35;Sun Oct 13 2019 17:35:43 GMT+0200 (CEST);Sun Oct 13 2019 15:35:43 GMT+0200 (CEST);1570980943000;0.32;37.89;25.14
1380556831572750;35.6;34.5;Sun Oct 13 2019 17:37:36 GMT+0200 (CEST);Sun Oct 13 2019 15:37:36 GMT+0200 (CEST);1570981056000;0.27;37.73;24.84
1380556831572750;35.6;35;Sun Oct 13 2019 17:39:29 GMT+0200 (CEST);Sun Oct 13 2019 15:39:29 GMT+0200 (CEST);1570981169000;0.2;37.05;24.49
1380556831572750;35.6;35.6;Sun Oct 13 2019 17:41:21 GMT+0200 (CEST);Sun Oct 13 2019 15:41:21 GMT+0200 (CEST);1570981281000;0.17;36.15;24.25
1380556831572750;33;35.8;Sun Oct 13 2019 17:43:14 GMT+0200 (CEST);Sun Oct 13 2019 15:43:14 GMT+0200 (CEST);1570981394000;0.16;34.7;23.99
1380556831572750;33;35.1;Sun Oct 13 2019 17:45:06 GMT+0200 (CEST);Sun Oct 13 2019 15:45:06 GMT+0200 (CEST);1570981506000;0.15;33.11;23.82
1380556831572750;32;30.9;Sun Oct 13 2019 17:47:04 GMT+0200 (CEST);Sun Oct 13 2019 15:47:04 GMT+0200 (CEST);1570981624000;0.13;31.31;23.64
1380556831572750;32;31;Sun Oct 13 2019 17:48:59 GMT+0200 (CEST);Sun Oct 13 2019 15:48:59 GMT+0200 (CEST);1570981739000;0.12;29.38;23.49
1380556831572750;32;30.9;Sun Oct 13 2019 17:51:14 GMT+0200 (CEST);Sun Oct 13 2019 15:51:14 GMT+0200 (CEST);1570981874000;0.11;27.87;23.32
1380556831572750;30;30.9;Sun Oct 13 2019 17:53:09 GMT+0200 (CEST);Sun Oct 13 2019 15:53:09 GMT+0200 (CEST);1570981989000;0.11;26.37;23.2
1380556831572750;30;30.7;Sun Oct 13 2019 17:55:04 GMT+0200 (CEST);Sun Oct 13 2019 15:55:04 GMT+0200 (CEST);1570982104000;0.11;25.13;23.08
1380556831572750;30;30.7;Sun Oct 13 2019 17:57:07 GMT+0200 (CEST);Sun Oct 13 2019 15:57:07 GMT+0200 (CEST);1570982227000;0.11;23.79;22.96
1380556831572750;30;30.5;Sun Oct 13 2019 17:59:05 GMT+0200 (CEST);Sun Oct 13 2019 15:59:05 GMT+0200 (CEST);1570982345000;0.09;22.16;22.85
1380556831572750;30;29.7;Sun Oct 13 2019 18:01:00 GMT+0200 (CEST);Sun Oct 13 2019 16:01:00 GMT+0200 (CEST);1570982460000;0.09;20.84;22.74
1380556831572750;29.5;30.2;Sun Oct 13 2019 18:02:52 GMT+0200 (CEST);Sun Oct 13 2019 16:02:52 GMT+0200 (CEST);1570982572000;0.08;19.43;22.64
1380556831572750;29.5;30.2;Sun Oct 13 2019 18:04:49 GMT+0200 (CEST);Sun Oct 13 2019 16:04:49 GMT+0200 (CEST);1570982689000;0.08;17.81;22.53
1380556831572750;28;29.6;Sun Oct 13 2019 18:06:37 GMT+0200 (CEST);Sun Oct 13 2019 16:06:37 GMT+0200 (CEST);1570982797000;0.08;16.92;22.46
1380556831572750;28;25.7;Sun Oct 13 2019 18:08:30 GMT+0200 (CEST);Sun Oct 13 2019 16:08:30 GMT+0200 (CEST);1570982910000;0.08;16.04;22.39
1380556831572750;28;25.6;Sun Oct 13 2019 18:10:22 GMT+0200 (CEST);Sun Oct 13 2019 16:10:22 GMT+0200 (CEST);1570983022000;0.07;14.7;22.32
1380556831572750;28;25.8;Sun Oct 13 2019 18:12:15 GMT+0200 (CEST);Sun Oct 13 2019 16:12:15 GMT+0200 (CEST);1570983135000;0;13.29;22.25
1380556831572750;28;26.9;Sun Oct 13 2019 18:14:31 GMT+0200 (CEST);Sun Oct 13 2019 16:14:31 GMT+0200 (CEST);1570983271000;0;11.51;22.14
1380556831572750;26;26.1;Sun Oct 13 2019 18:16:24 GMT+0200 (CEST);Sun Oct 13 2019 16:16:24 GMT+0200 (CEST);1570983384000;0;10.12;22.03
1380556831572750;26;26.1;Sun Oct 13 2019 18:18:18 GMT+0200 (CEST);Sun Oct 13 2019 16:18:18 GMT+0200 (CEST);1570983498000;0;9;21.96
1380556831572750;26;24.8;Sun Oct 13 2019 18:20:11 GMT+0200 (CEST);Sun Oct 13 2019 16:20:11 GMT+0200 (CEST);1570983611000;0;7.5;21.85
1380556831572750;25.5;26.2;Sun Oct 13 2019 18:22:10 GMT+0200 (CEST);Sun Oct 13 2019 16:22:10 GMT+0200 (CEST);1570983730000;0;6.19;21.73
1380556831572750;25.5;24.5;Sun Oct 13 2019 18:24:07 GMT+0200 (CEST);Sun Oct 13 2019 16:24:07 GMT+0200 (CEST);1570983847000;0;4.98;21.62
1380556831572750;24;23.9;Sun Oct 13 2019 18:25:59 GMT+0200 (CEST);Sun Oct 13 2019 16:25:59 GMT+0200 (CEST);1570983959000;0;4.53;21.53
1380556831572750;24;23.9;Sun Oct 13 2019 18:27:56 GMT+0200 (CEST);Sun Oct 13 2019 16:27:56 GMT+0200 (CEST);1570984076000;0;2.97;21.42
1380556831572750;25.5;29.9;Sun Oct 13 2019 18:29:49 GMT+0200 (CEST);Sun Oct 13 2019 16:29:49 GMT+0200 (CEST);1570984189000;0;2.05;21.31
1380556831572750;25.5;28.4;Sun Oct 13 2019 18:31:41 GMT+0200 (CEST);Sun Oct 13 2019 16:31:41 GMT+0200 (CEST);1570984301000;0;1.93;21.21
1380556831572750;25.5;27.1;Sun Oct 13 2019 18:33:34 GMT+0200 (CEST);Sun Oct 13 2019 16:33:34 GMT+0200 (CEST);1570984414000;0;1.21;21.15
1380556831572750;25;26.5;Sun Oct 13 2019 18:35:34 GMT+0200 (CEST);Sun Oct 13 2019 16:35:34 GMT+0200 (CEST);1570984534000;0;0.06;21.03
1380556831572750;25;26.5;Sun Oct 13 2019 18:37:25 GMT+0200 (CEST);Sun Oct 13 2019 16:37:25 GMT+0200 (CEST);1570984645000;0;0.06;20.96
1380556831572750;25;26.5;Sun Oct 13 2019 18:39:18 GMT+0200 (CEST);Sun Oct 13 2019 16:39:18 GMT+0200 (CEST);1570984758000;0;-0.01;20.87
1380556831572750;13.4;28.9;Mon Oct 14 2019 07:46:45 GMT+0200 (CEST);Mon Oct 14 2019 05:46:45 GMT+0200 (CEST);1571032005000;0;11.35;10.18
1380556831572750;13.4;28.2;Mon Oct 14 2019 07:48:55 GMT+0200 (CEST);Mon Oct 14 2019 05:48:55 GMT+0200 (CEST);1571032135000;0;12.8;10.2
1380556831572750;13.4;27.6;Mon Oct 14 2019 07:50:48 GMT+0200 (CEST);Mon Oct 14 2019 05:50:48 GMT+0200 (CEST);1571032248000;0;14.3;10.21
1380556831572750;13.9;24.8;Mon Oct 14 2019 07:52:41 GMT+0200 (CEST);Mon Oct 14 2019 05:52:41 GMT+0200 (CEST);1571032361000;0.07;15.11;10.23
1380556831572750;13.9;23.6;Mon Oct 14 2019 07:54:34 GMT+0200 (CEST);Mon Oct 14 2019 05:54:34 GMT+0200 (CEST);1571032474000;0.08;16.82;10.26
1380556831572750;13.9;22;Mon Oct 14 2019 07:56:28 GMT+0200 (CEST);Mon Oct 14 2019 05:56:28 GMT+0200 (CEST);1571032588000;0.08;17.83;10.25
1380556831572750;13.9;21;Mon Oct 14 2019 07:58:26 GMT+0200 (CEST);Mon Oct 14 2019 05:58:26 GMT+0200 (CEST);1571032706000;0.09;19.63;10.26
1380556831572750;13.9;21;Mon Oct 14 2019 08:00:22 GMT+0200 (CEST);Mon Oct 14 2019 06:00:22 GMT+0200 (CEST);1571032822000;0.09;20.91;10.28
1380556831572750;13.9;20.6;Mon Oct 14 2019 08:02:28 GMT+0200 (CEST);Mon Oct 14 2019 06:02:28 GMT+0200 (CEST);1571032948000;0.09;22.27;10.31
1380556831572750;13.9;20.5;Mon Oct 14 2019 08:04:20 GMT+0200 (CEST);Mon Oct 14 2019 06:04:20 GMT+0200 (CEST);1571033060000;0.1;24.23;10.34
1380556831572750;13.9;20.5;Mon Oct 14 2019 08:06:21 GMT+0200 (CEST);Mon Oct 14 2019 06:06:21 GMT+0200 (CEST);1571033181000;0.11;26.1;10.39
1380556831572750;13.9;20.2;Mon Oct 14 2019 08:08:18 GMT+0200 (CEST);Mon Oct 14 2019 06:08:18 GMT+0200 (CEST);1571033298000;0.11;27.18;10.43
1380556831572750;13.9;20.2;Mon Oct 14 2019 08:10:10 GMT+0200 (CEST);Mon Oct 14 2019 06:10:10 GMT+0200 (CEST);1571033410000;0.12;29;10.48
1380556831572750;13.9;19.6;Mon Oct 14 2019 08:12:03 GMT+0200 (CEST);Mon Oct 14 2019 06:12:03 GMT+0200 (CEST);1571033523000;0.12;30.56;10.52
1380556831572750;13.9;19.4;Mon Oct 14 2019 08:13:57 GMT+0200 (CEST);Mon Oct 14 2019 06:13:57 GMT+0200 (CEST);1571033637000;0.13;31.53;10.55
1380556831572750;13.9;19;Mon Oct 14 2019 08:15:50 GMT+0200 (CEST);Mon Oct 14 2019 06:15:50 GMT+0200 (CEST);1571033750000;0.14;33.2;10.61
1380556831572750;13.9;18.2;Mon Oct 14 2019 08:17:42 GMT+0200 (CEST);Mon Oct 14 2019 06:17:42 GMT+0200 (CEST);1571033862000;0.14;34.58;10.66
1380556831572750;13.4;25;Mon Oct 14 2019 08:19:42 GMT+0200 (CEST);Mon Oct 14 2019 06:19:42 GMT+0200 (CEST);1571033982000;0.13;36.11;10.71
1380556831572750;13.4;30.3;Mon Oct 14 2019 08:21:35 GMT+0200 (CEST);Mon Oct 14 2019 06:21:35 GMT+0200 (CEST);1571034095000;0.13;37.49;10.75
1380556831572750;15.9;31.1;Mon Oct 14 2019 08:23:45 GMT+0200 (CEST);Mon Oct 14 2019 06:23:45 GMT+0200 (CEST);1571034225000;0.14;39.49;10.78
1380556831572750;15.9;31.5;Mon Oct 14 2019 08:25:39 GMT+0200 (CEST);Mon Oct 14 2019 06:25:39 GMT+0200 (CEST);1571034339000;0.14;44.38;10.79
1380556831572750;15.9;31.4;Mon Oct 14 2019 08:27:32 GMT+0200 (CEST);Mon Oct 14 2019 06:27:32 GMT+0200 (CEST);1571034452000;0.14;93.07;10.85
1380556831572750;15.9;32;Mon Oct 14 2019 08:29:27 GMT+0200 (CEST);Mon Oct 14 2019 06:29:27 GMT+0200 (CEST);1571034567000;0.14;158.64;11.1
1380556831572750;15.9;32.4;Mon Oct 14 2019 08:31:25 GMT+0200 (CEST);Mon Oct 14 2019 06:31:25 GMT+0200 (CEST);1571034685000;0.14;161.9;11.5
1380556831572750;16.9;31.9;Mon Oct 14 2019 08:33:27 GMT+0200 (CEST);Mon Oct 14 2019 06:33:27 GMT+0200 (CEST);1571034807000;0.15;176.78;11.85
1380556831572750;16.9;32.4;Mon Oct 14 2019 08:35:21 GMT+0200 (CEST);Mon Oct 14 2019 06:35:21 GMT+0200 (CEST);1571034921000;0.15;187.93;12.25
1380556831572750;16.9;32.3;Mon Oct 14 2019 08:37:15 GMT+0200 (CEST);Mon Oct 14 2019 06:37:15 GMT+0200 (CEST);1571035035000;0.16;196.77;12.6
1380556831572750;16.9;32.5;Mon Oct 14 2019 08:39:10 GMT+0200 (CEST);Mon Oct 14 2019 06:39:10 GMT+0200 (CEST);1571035150000;0.16;203.2;12.93
1380556831572750;16.9;32.9;Mon Oct 14 2019 08:41:05 GMT+0200 (CEST);Mon Oct 14 2019 06:41:05 GMT+0200 (CEST);1571035265000;0.16;211.65;13.34
1380556831572750;16.9;32.9;Mon Oct 14 2019 08:42:57 GMT+0200 (CEST);Mon Oct 14 2019 06:42:57 GMT+0200 (CEST);1571035377000;0.17;223.44;13.8
1380556831572750;16.9;32.5;Mon Oct 14 2019 08:44:50 GMT+0200 (CEST);Mon Oct 14 2019 06:44:50 GMT+0200 (CEST);1571035490000;0.17;228.25;14.18
1380556831572750;16.9;33.1;Mon Oct 14 2019 08:46:43 GMT+0200 (CEST);Mon Oct 14 2019 06:46:43 GMT+0200 (CEST);1571035603000;0.18;230.04;14.61
1380556831572750;16.9;33.1;Mon Oct 14 2019 08:48:40 GMT+0200 (CEST);Mon Oct 14 2019 06:48:40 GMT+0200 (CEST);1571035720000;0.18;235.45;14.95
1380556831572750;16.9;33.7;Mon Oct 14 2019 08:50:33 GMT+0200 (CEST);Mon Oct 14 2019 06:50:33 GMT+0200 (CEST);1571035833000;0.18;242.72;15.31
1380556831572750;16.9;33.2;Mon Oct 14 2019 08:52:25 GMT+0200 (CEST);Mon Oct 14 2019 06:52:25 GMT+0200 (CEST);1571035945000;0.17;250.8;15.7
1380556831572750;16.9;34.1;Mon Oct 14 2019 08:54:19 GMT+0200 (CEST);Mon Oct 14 2019 06:54:19 GMT+0200 (CEST);1571036059000;0.17;256.98;16.04
1380556831572750;16.9;33.6;Mon Oct 14 2019 08:56:12 GMT+0200 (CEST);Mon Oct 14 2019 06:56:12 GMT+0200 (CEST);1571036172000;0.18;263.59;16.43
1380556831572750;16.9;33.4;Mon Oct 14 2019 08:58:07 GMT+0200 (CEST);Mon Oct 14 2019 06:58:07 GMT+0200 (CEST);1571036287000;0.23;273.25;16.78
1380556831572750;16.9;21.4;Mon Oct 14 2019 09:00:00 GMT+0200 (CEST);Mon Oct 14 2019 07:00:00 GMT+0200 (CEST);1571036400000;0.22;279.91;17.03
1380556831572750;16.9;25.7;Mon Oct 14 2019 09:01:53 GMT+0200 (CEST);Mon Oct 14 2019 07:01:53 GMT+0200 (CEST);1571036513000;0.23;287.44;17.25
1380556831572750;16.9;25;Mon Oct 14 2019 09:03:51 GMT+0200 (CEST);Mon Oct 14 2019 07:03:51 GMT+0200 (CEST);1571036631000;0.23;295.89;17.44
1380556831572750;16.9;30.2;Mon Oct 14 2019 09:06:07 GMT+0200 (CEST);Mon Oct 14 2019 07:06:07 GMT+0200 (CEST);1571036767000;0.23;308.47;17.64
1380556831572750;15.9;32.1;Mon Oct 14 2019 09:08:00 GMT+0200 (CEST);Mon Oct 14 2019 07:08:00 GMT+0200 (CEST);1571036880000;0.23;313.47;17.75
1380556831572750;15.9;31.4;Mon Oct 14 2019 09:09:53 GMT+0200 (CEST);Mon Oct 14 2019 07:09:53 GMT+0200 (CEST);1571036993000;0.24;320.99;17.87
1380556831572750;16.9;30;Mon Oct 14 2019 09:11:47 GMT+0200 (CEST);Mon Oct 14 2019 07:11:47 GMT+0200 (CEST);1571037107000;0.25;327.54;18.03
1380556831572750;16.9;29.5;Mon Oct 14 2019 09:13:41 GMT+0200 (CEST);Mon Oct 14 2019 07:13:41 GMT+0200 (CEST);1571037221000;0.25;335.35;18.24
1380556831572750;16.9;28.4;Mon Oct 14 2019 09:15:37 GMT+0200 (CEST);Mon Oct 14 2019 07:15:37 GMT+0200 (CEST);1571037337000;0.26;345.59;18.35
1380556831572750;15.9;27.3;Mon Oct 14 2019 09:17:30 GMT+0200 (CEST);Mon Oct 14 2019 07:17:30 GMT+0200 (CEST);1571037450000;0.26;350.71;18.51
1380556831572750;15.9;27.9;Mon Oct 14 2019 09:19:35 GMT+0200 (CEST);Mon Oct 14 2019 07:19:35 GMT+0200 (CEST);1571037575000;0.27;360.95;18.82
1380556831572750;15.9;28.6;Mon Oct 14 2019 09:21:28 GMT+0200 (CEST);Mon Oct 14 2019 07:21:28 GMT+0200 (CEST);1571037688000;0.28;366.07;19.06
1380556831572750;15.9;29.3;Mon Oct 14 2019 09:23:21 GMT+0200 (CEST);Mon Oct 14 2019 07:23:21 GMT+0200 (CEST);1571037801000;0.28;376.31;19.35
1380556831572750;15.9;40.3;Mon Oct 14 2019 09:25:14 GMT+0200 (CEST);Mon Oct 14 2019 07:25:14 GMT+0200 (CEST);1571037914000;0.29;383.99;19.59
1380556831572750;21.5;38.6;Mon Oct 14 2019 09:27:22 GMT+0200 (CEST);Mon Oct 14 2019 07:27:22 GMT+0200 (CEST);1571038042000;1.66;389.11;19.87
1380556831572750;21.5;36.6;Mon Oct 14 2019 09:29:19 GMT+0200 (CEST);Mon Oct 14 2019 07:29:19 GMT+0200 (CEST);1571038159000;1.63;396.79;20.16
1380556831572750;24;36.7;Mon Oct 14 2019 09:31:13 GMT+0200 (CEST);Mon Oct 14 2019 07:31:13 GMT+0200 (CEST);1571038273000;1.67;401.91;20.4
1380556831572750;24;36.6;Mon Oct 14 2019 09:33:14 GMT+0200 (CEST);Mon Oct 14 2019 07:33:14 GMT+0200 (CEST);1571038394000;1.8;409.59;20.69
1380556831572750;25.5;35.4;Mon Oct 14 2019 09:35:30 GMT+0200 (CEST);Mon Oct 14 2019 07:35:30 GMT+0200 (CEST);1571038530000;1.88;417.27;20.96
1380556831572750;25.5;35.5;Mon Oct 14 2019 09:37:24 GMT+0200 (CEST);Mon Oct 14 2019 07:37:24 GMT+0200 (CEST);1571038644000;1.9;424.95;21.23
1380556831572750;26;35.4;Mon Oct 14 2019 09:39:19 GMT+0200 (CEST);Mon Oct 14 2019 07:39:19 GMT+0200 (CEST);1571038759000;1.92;430.07;21.39
1380556831572750;26;35.3;Mon Oct 14 2019 09:41:13 GMT+0200 (CEST);Mon Oct 14 2019 07:41:13 GMT+0200 (CEST);1571038873000;1.98;437.75;21.5
1380556831572750;26;35.2;Mon Oct 14 2019 09:43:06 GMT+0200 (CEST);Mon Oct 14 2019 07:43:06 GMT+0200 (CEST);1571038986000;2;442.87;21.69
1380556831572750;27.5;35.2;Mon Oct 14 2019 09:44:58 GMT+0200 (CEST);Mon Oct 14 2019 07:44:58 GMT+0200 (CEST);1571039098000;2.04;450.55;21.82
1380556831572750;27.5;35.2;Mon Oct 14 2019 09:46:53 GMT+0200 (CEST);Mon Oct 14 2019 07:46:53 GMT+0200 (CEST);1571039213000;2.06;458.23;22.07
1380556831572750;29.5;35.3;Mon Oct 14 2019 09:48:54 GMT+0200 (CEST);Mon Oct 14 2019 07:48:54 GMT+0200 (CEST);1571039334000;2.1;463.35;22.28
1380556831572750;29.5;35;Mon Oct 14 2019 09:50:55 GMT+0200 (CEST);Mon Oct 14 2019 07:50:55 GMT+0200 (CEST);1571039455000;2.12;468.47;22.36
1380556831572750;29.5;35;Mon Oct 14 2019 09:52:48 GMT+0200 (CEST);Mon Oct 14 2019 07:52:48 GMT+0200 (CEST);1571039568000;2.16;476.15;22.45
1380556831572750;29.5;34.9;Mon Oct 14 2019 09:54:41 GMT+0200 (CEST);Mon Oct 14 2019 07:54:41 GMT+0200 (CEST);1571039681000;2.18;481.27;22.54
1380556831572750;29.5;34.9;Mon Oct 14 2019 09:56:43 GMT+0200 (CEST);Mon Oct 14 2019 07:56:43 GMT+0200 (CEST);1571039803000;2.21;488.95;22.68
1380556831572750;29.5;34.6;Mon Oct 14 2019 09:58:36 GMT+0200 (CEST);Mon Oct 14 2019 07:58:36 GMT+0200 (CEST);1571039916000;2.25;491.51;22.71
1380556831572750;29.5;34.5;Mon Oct 14 2019 10:00:28 GMT+0200 (CEST);Mon Oct 14 2019 08:00:28 GMT+0200 (CEST);1571040028000;2.28;499.19;22.7
1380556831572750;31.5;34.4;Mon Oct 14 2019 10:02:21 GMT+0200 (CEST);Mon Oct 14 2019 08:02:21 GMT+0200 (CEST);1571040141000;2.31;504.31;22.7
1380556831572750;31.5;34.3;Mon Oct 14 2019 10:04:15 GMT+0200 (CEST);Mon Oct 14 2019 08:04:15 GMT+0200 (CEST);1571040255000;2.34;511.99;22.63
1380556831572750;31.5;34.3;Mon Oct 14 2019 10:06:21 GMT+0200 (CEST);Mon Oct 14 2019 08:06:21 GMT+0200 (CEST);1571040381000;2.35;519.67;22.64
1380556831572750;32;34.1;Mon Oct 14 2019 10:08:21 GMT+0200 (CEST);Mon Oct 14 2019 08:08:21 GMT+0200 (CEST);1571040501000;2.41;524.79;22.74
1380556831572750;32;33.8;Mon Oct 14 2019 10:10:15 GMT+0200 (CEST);Mon Oct 14 2019 08:10:15 GMT+0200 (CEST);1571040615000;2.44;532.47;22.91
1380556831572750;33;33.8;Mon Oct 14 2019 10:12:09 GMT+0200 (CEST);Mon Oct 14 2019 08:12:09 GMT+0200 (CEST);1571040729000;2.46;537.59;23.12
1380556831572750;33;33.8;Mon Oct 14 2019 10:14:03 GMT+0200 (CEST);Mon Oct 14 2019 08:14:03 GMT+0200 (CEST);1571040843000;2.48;542.71;23.1
1380556831572750;33;33.8;Mon Oct 14 2019 10:15:57 GMT+0200 (CEST);Mon Oct 14 2019 08:15:57 GMT+0200 (CEST);1571040957000;2.52;547.83;23.12
1380556831572750;35.6;33.8;Mon Oct 14 2019 10:17:52 GMT+0200 (CEST);Mon Oct 14 2019 08:17:52 GMT+0200 (CEST);1571041072000;2.53;552.95;23.17
1380556831572750;35.6;33.5;Mon Oct 14 2019 10:19:45 GMT+0200 (CEST);Mon Oct 14 2019 08:19:45 GMT+0200 (CEST);1571041185000;2.56;560.63;23.32
1380556831572750;35.6;33.4;Mon Oct 14 2019 10:22:24 GMT+0200 (CEST);Mon Oct 14 2019 08:22:24 GMT+0200 (CEST);1571041344000;2.59;568.31;23.7
1380556831572750;35.6;33.4;Mon Oct 14 2019 10:24:26 GMT+0200 (CEST);Mon Oct 14 2019 08:24:26 GMT+0200 (CEST);1571041466000;2.61;573.43;23.94
1380556831572750;37.6;33.4;Mon Oct 14 2019 10:26:19 GMT+0200 (CEST);Mon Oct 14 2019 08:26:19 GMT+0200 (CEST);1571041579000;2.64;578.55;24.08
1380556831572750;37.6;33.4;Mon Oct 14 2019 10:28:13 GMT+0200 (CEST);Mon Oct 14 2019 08:28:13 GMT+0200 (CEST);1571041693000;2.65;583.67;24.15
1380556831572750;37.6;33.4;Mon Oct 14 2019 10:30:06 GMT+0200 (CEST);Mon Oct 14 2019 08:30:06 GMT+0200 (CEST);1571041806000;2.72;586.23;24.17
1380556831572750;38.1;33.1;Mon Oct 14 2019 10:31:59 GMT+0200 (CEST);Mon Oct 14 2019 08:31:59 GMT+0200 (CEST);1571041919000;2.74;593.91;24.28
1380556831572750;38.1;33.1;Mon Oct 14 2019 10:33:51 GMT+0200 (CEST);Mon Oct 14 2019 08:33:51 GMT+0200 (CEST);1571042031000;2.76;596.47;24.38
1380556831572750;38.1;33.1;Mon Oct 14 2019 10:35:44 GMT+0200 (CEST);Mon Oct 14 2019 08:35:44 GMT+0200 (CEST);1571042144000;2.79;601.59;24.51
1380556831572750;38.1;33.2;Mon Oct 14 2019 10:37:41 GMT+0200 (CEST);Mon Oct 14 2019 08:37:41 GMT+0200 (CEST);1571042261000;2.79;606.71;24.46
1380556831572750;38.1;33.2;Mon Oct 14 2019 10:39:34 GMT+0200 (CEST);Mon Oct 14 2019 08:39:34 GMT+0200 (CEST);1571042374000;2.79;614.39;24.58
1380556831572750;39.6;33.1;Mon Oct 14 2019 10:41:26 GMT+0200 (CEST);Mon Oct 14 2019 08:41:26 GMT+0200 (CEST);1571042486000;2.84;619.51;24.68
1380556831572750;39.6;33.1;Mon Oct 14 2019 10:43:21 GMT+0200 (CEST);Mon Oct 14 2019 08:43:21 GMT+0200 (CEST);1571042601000;2.85;627.19;24.8
1380556831572750;40.1;33.1;Mon Oct 14 2019 10:45:34 GMT+0200 (CEST);Mon Oct 14 2019 08:45:34 GMT+0200 (CEST);1571042734000;2.9;629.75;24.94
1380556831572750;40.1;32.8;Mon Oct 14 2019 10:47:27 GMT+0200 (CEST);Mon Oct 14 2019 08:47:27 GMT+0200 (CEST);1571042847000;2.95;637.43;25.09
1380556831572750;40.1;32.8;Mon Oct 14 2019 10:49:21 GMT+0200 (CEST);Mon Oct 14 2019 08:49:21 GMT+0200 (CEST);1571042961000;2.94;639.99;25.2
1380556831572750;40.1;32.8;Mon Oct 14 2019 10:51:16 GMT+0200 (CEST);Mon Oct 14 2019 08:51:16 GMT+0200 (CEST);1571043076000;2.94;642.55;25.37
1380556831572750;40.1;32.8;Mon Oct 14 2019 10:53:35 GMT+0200 (CEST);Mon Oct 14 2019 08:53:35 GMT+0200 (CEST);1571043215000;2.99;645.11;25.5
1380556831572750;41.6;32.8;Mon Oct 14 2019 10:55:28 GMT+0200 (CEST);Mon Oct 14 2019 08:55:28 GMT+0200 (CEST);1571043328000;3.01;652.79;25.71
1380556831572750;41.6;32.8;Mon Oct 14 2019 10:57:22 GMT+0200 (CEST);Mon Oct 14 2019 08:57:22 GMT+0200 (CEST);1571043442000;3.02;655.35;25.91
1380556831572750;41.6;32.5;Mon Oct 14 2019 10:59:14 GMT+0200 (CEST);Mon Oct 14 2019 08:59:14 GMT+0200 (CEST);1571043554000;3.08;658.49;26.03
1380556831572750;42.1;32.5;Mon Oct 14 2019 11:01:15 GMT+0200 (CEST);Mon Oct 14 2019 09:01:15 GMT+0200 (CEST);1571043675000;3.11;663.77;26.03
1380556831572750;42.1;32.5;Mon Oct 14 2019 11:03:11 GMT+0200 (CEST);Mon Oct 14 2019 09:03:11 GMT+0200 (CEST);1571043791000;3.11;666.96;26
1380556831572750;42.1;32.6;Mon Oct 14 2019 11:05:06 GMT+0200 (CEST);Mon Oct 14 2019 09:05:06 GMT+0200 (CEST);1571043906000;3.11;669.51;26.14
1380556831572750;42.1;32.8;Mon Oct 14 2019 11:07:04 GMT+0200 (CEST);Mon Oct 14 2019 09:07:04 GMT+0200 (CEST);1571044024000;3.12;674.22;26.16
1380556831572750;43.6;32.8;Mon Oct 14 2019 11:09:21 GMT+0200 (CEST);Mon Oct 14 2019 09:09:21 GMT+0200 (CEST);1571044161000;3.14;679.88;26.24
1380556831572750;43.6;32.6;Mon Oct 14 2019 11:11:14 GMT+0200 (CEST);Mon Oct 14 2019 09:11:14 GMT+0200 (CEST);1571044274000;3.21;686.12;26.32
1380556831572750;43.6;32.5;Mon Oct 14 2019 11:13:07 GMT+0200 (CEST);Mon Oct 14 2019 09:13:07 GMT+0200 (CEST);1571044387000;3.16;688.2;26.31
1380556831572750;43.6;32.8;Mon Oct 14 2019 11:15:04 GMT+0200 (CEST);Mon Oct 14 2019 09:15:04 GMT+0200 (CEST);1571044504000;3.15;691.57;26.39
1380556831572750;43.6;32.8;Mon Oct 14 2019 11:16:59 GMT+0200 (CEST);Mon Oct 14 2019 09:16:59 GMT+0200 (CEST);1571044619000;3.07;693.69;26.48
1380556831572750;43.6;33.4;Mon Oct 14 2019 11:18:54 GMT+0200 (CEST);Mon Oct 14 2019 09:18:54 GMT+0200 (CEST);1571044734000;3.06;697.67;26.68
1380556831572750;44.1;33.4;Mon Oct 14 2019 11:20:58 GMT+0200 (CEST);Mon Oct 14 2019 09:20:58 GMT+0200 (CEST);1571044858000;3.17;701.95;26.66
1380556831572750;44.1;33.1;Mon Oct 14 2019 11:22:52 GMT+0200 (CEST);Mon Oct 14 2019 09:22:52 GMT+0200 (CEST);1571044972000;3.18;703.03;26.77
1380556831572750;44.1;33.1;Mon Oct 14 2019 11:24:46 GMT+0200 (CEST);Mon Oct 14 2019 09:24:46 GMT+0200 (CEST);1571045086000;3.17;708.03;26.9
1380556831572750;44.1;33;Mon Oct 14 2019 11:26:41 GMT+0200 (CEST);Mon Oct 14 2019 09:26:41 GMT+0200 (CEST);1571045201000;3.2;712.93;27.14
1380556831572750;44.1;33;Mon Oct 14 2019 11:28:34 GMT+0200 (CEST);Mon Oct 14 2019 09:28:34 GMT+0200 (CEST);1571045314000;3.17;717.07;27.54
1380556831572750;45.6;33;Mon Oct 14 2019 11:30:27 GMT+0200 (CEST);Mon Oct 14 2019 09:30:27 GMT+0200 (CEST);1571045427000;3.21;716.56;27.84
1380556831572750;45.6;33.1;Mon Oct 14 2019 11:32:24 GMT+0200 (CEST);Mon Oct 14 2019 09:32:24 GMT+0200 (CEST);1571045544000;3.22;718.17;27.94
1380556831572750;45.6;33.1;Mon Oct 14 2019 11:34:17 GMT+0200 (CEST);Mon Oct 14 2019 09:34:17 GMT+0200 (CEST);1571045657000;3.23;724.52;28.28
1380556831572750;45.6;33;Mon Oct 14 2019 11:36:16 GMT+0200 (CEST);Mon Oct 14 2019 09:36:16 GMT+0200 (CEST);1571045776000;3.24;724.76;28.39
1380556831572750;47.7;33.1;Mon Oct 14 2019 11:38:09 GMT+0200 (CEST);Mon Oct 14 2019 09:38:09 GMT+0200 (CEST);1571045889000;3.24;726.24;28.46
1380556831572750;47.7;33.1;Mon Oct 14 2019 11:40:03 GMT+0200 (CEST);Mon Oct 14 2019 09:40:03 GMT+0200 (CEST);1571046003000;3.25;727.01;28.24
1380556831572750;47.7;33;Mon Oct 14 2019 11:41:59 GMT+0200 (CEST);Mon Oct 14 2019 09:41:59 GMT+0200 (CEST);1571046119000;3.33;729.94;28.25
1380556831572750;47.7;32.7;Mon Oct 14 2019 11:43:52 GMT+0200 (CEST);Mon Oct 14 2019 09:43:52 GMT+0200 (CEST);1571046232000;3.32;736.03;28.43
1380556831572750;47.7;32.7;Mon Oct 14 2019 11:45:45 GMT+0200 (CEST);Mon Oct 14 2019 09:45:45 GMT+0200 (CEST);1571046345000;3.28;738.97;28.72
1380556831572750;47.7;32.8;Mon Oct 14 2019 11:47:44 GMT+0200 (CEST);Mon Oct 14 2019 09:47:44 GMT+0200 (CEST);1571046464000;3.35;737.24;28.98
1380556831572750;47.7;32.2;Mon Oct 14 2019 11:49:37 GMT+0200 (CEST);Mon Oct 14 2019 09:49:37 GMT+0200 (CEST);1571046577000;3.38;739.72;29.28
1380556831572750;47.7;32.7;Mon Oct 14 2019 11:51:30 GMT+0200 (CEST);Mon Oct 14 2019 09:51:30 GMT+0200 (CEST);1571046690000;3.32;741.29;29.64
1380556831572750;47.7;31.8;Mon Oct 14 2019 11:53:25 GMT+0200 (CEST);Mon Oct 14 2019 09:53:25 GMT+0200 (CEST);1571046805000;3.47;744.11;29.96
1380556831572750;47.7;32;Mon Oct 14 2019 11:55:20 GMT+0200 (CEST);Mon Oct 14 2019 09:55:20 GMT+0200 (CEST);1571046920000;3.54;747.14;30.11
1380556831572750;48.2;31.6;Mon Oct 14 2019 11:57:14 GMT+0200 (CEST);Mon Oct 14 2019 09:57:14 GMT+0200 (CEST);1571047034000;3.42;748.37;30.21
1380556831572750;48.2;32.4;Mon Oct 14 2019 11:59:07 GMT+0200 (CEST);Mon Oct 14 2019 09:59:07 GMT+0200 (CEST);1571047147000;3.46;751.2;30.25
1380556831572750;48.2;31.2;Mon Oct 14 2019 12:01:01 GMT+0200 (CEST);Mon Oct 14 2019 10:01:01 GMT+0200 (CEST);1571047261000;3.44;752.43;30.41
1380556831572750;47.7;30.6;Mon Oct 14 2019 12:03:24 GMT+0200 (CEST);Mon Oct 14 2019 10:03:24 GMT+0200 (CEST);1571047404000;3.67;754.01;30.6
1380556831572750;47.7;31.1;Mon Oct 14 2019 12:05:17 GMT+0200 (CEST);Mon Oct 14 2019 10:05:17 GMT+0200 (CEST);1571047517000;3.51;756.45;30.8
1380556831572750;47.7;31.6;Mon Oct 14 2019 12:07:10 GMT+0200 (CEST);Mon Oct 14 2019 10:07:10 GMT+0200 (CEST);1571047630000;3.56;755.66;30.65
1380556831572750;47.7;31.2;Mon Oct 14 2019 12:09:04 GMT+0200 (CEST);Mon Oct 14 2019 10:09:04 GMT+0200 (CEST);1571047744000;3.67;755.2;30.53
1380556831572750;48.2;31.5;Mon Oct 14 2019 12:11:17 GMT+0200 (CEST);Mon Oct 14 2019 10:11:17 GMT+0200 (CEST);1571047877000;3.57;759.2;30.49
1380556831572750;48.2;31.4;Mon Oct 14 2019 12:13:22 GMT+0200 (CEST);Mon Oct 14 2019 10:13:22 GMT+0200 (CEST);1571048002000;3.64;758.08;30.39
1380556831572750;48.2;31.9;Mon Oct 14 2019 12:15:15 GMT+0200 (CEST);Mon Oct 14 2019 10:15:15 GMT+0200 (CEST);1571048115000;3.46;763.02;30.36
1380556831572750;48.2;32.1;Mon Oct 14 2019 12:17:07 GMT+0200 (CEST);Mon Oct 14 2019 10:17:07 GMT+0200 (CEST);1571048227000;3.52;766.27;30.59
1380556831572750;48.2;31.3;Mon Oct 14 2019 12:19:18 GMT+0200 (CEST);Mon Oct 14 2019 10:19:18 GMT+0200 (CEST);1571048358000;3.55;761.56;30.6
1380556831572750;49.2;30.4;Mon Oct 14 2019 12:21:17 GMT+0200 (CEST);Mon Oct 14 2019 10:21:17 GMT+0200 (CEST);1571048477000;3.71;767.5;30.75
1380556831572750;49.2;30.6;Mon Oct 14 2019 12:23:10 GMT+0200 (CEST);Mon Oct 14 2019 10:23:10 GMT+0200 (CEST);1571048590000;3.71;767.96;30.86
1380556831572750;49.2;30.5;Mon Oct 14 2019 12:25:05 GMT+0200 (CEST);Mon Oct 14 2019 10:25:05 GMT+0200 (CEST);1571048705000;3.74;768.79;31.03
1380556831572750;49.2;30.4;Mon Oct 14 2019 12:26:58 GMT+0200 (CEST);Mon Oct 14 2019 10:26:58 GMT+0200 (CEST);1571048818000;3.73;768.84;31.16
1380556831572750;49.2;31.9;Mon Oct 14 2019 12:28:51 GMT+0200 (CEST);Mon Oct 14 2019 10:28:51 GMT+0200 (CEST);1571048931000;3.59;768.38;31
1380556831572750;49.2;31.7;Mon Oct 14 2019 12:30:44 GMT+0200 (CEST);Mon Oct 14 2019 10:30:44 GMT+0200 (CEST);1571049044000;3.77;771.61;31.09
1380556831572750;49.2;30.1;Mon Oct 14 2019 12:32:37 GMT+0200 (CEST);Mon Oct 14 2019 10:32:37 GMT+0200 (CEST);1571049157000;3.79;774.33;31.04
1380556831572750;48.2;30.3;Mon Oct 14 2019 12:34:34 GMT+0200 (CEST);Mon Oct 14 2019 10:34:34 GMT+0200 (CEST);1571049274000;3.78;776.93;31.3
1380556831572750;48.2;30.4;Mon Oct 14 2019 12:36:26 GMT+0200 (CEST);Mon Oct 14 2019 10:36:26 GMT+0200 (CEST);1571049386000;3.78;774.97;31.53
1380556831572750;49.2;30.4;Mon Oct 14 2019 12:38:21 GMT+0200 (CEST);Mon Oct 14 2019 10:38:21 GMT+0200 (CEST);1571049501000;3.79;773.38;31.64
1380556831572750;49.2;30.4;Mon Oct 14 2019 12:40:13 GMT+0200 (CEST);Mon Oct 14 2019 10:40:13 GMT+0200 (CEST);1571049613000;3.77;771.37;31.82
1380556831572750;49.2;30.7;Mon Oct 14 2019 12:42:15 GMT+0200 (CEST);Mon Oct 14 2019 10:42:15 GMT+0200 (CEST);1571049735000;3.76;771.1;31.87
1380556831572750;49.2;31;Mon Oct 14 2019 12:44:12 GMT+0200 (CEST);Mon Oct 14 2019 10:44:12 GMT+0200 (CEST);1571049852000;3.7;774.38;31.81
1380556831572750;49.2;31.9;Mon Oct 14 2019 12:46:11 GMT+0200 (CEST);Mon Oct 14 2019 10:46:11 GMT+0200 (CEST);1571049971000;3.66;778.52;31.14
1380556831572750;49.2;31.3;Mon Oct 14 2019 12:48:06 GMT+0200 (CEST);Mon Oct 14 2019 10:48:06 GMT+0200 (CEST);1571050086000;3.77;778.64;30.9
1380556831572750;49.2;30.4;Mon Oct 14 2019 12:50:02 GMT+0200 (CEST);Mon Oct 14 2019 10:50:02 GMT+0200 (CEST);1571050202000;3.79;778.78;30.96
1380556831572750;49.2;30.8;Mon Oct 14 2019 12:51:55 GMT+0200 (CEST);Mon Oct 14 2019 10:51:55 GMT+0200 (CEST);1571050315000;3.79;777.65;31.07
1380556831572750;49.2;30.2;Mon Oct 14 2019 12:53:51 GMT+0200 (CEST);Mon Oct 14 2019 10:53:51 GMT+0200 (CEST);1571050431000;3.8;776.11;31.42
1380556831572750;49.2;31.2;Mon Oct 14 2019 12:55:44 GMT+0200 (CEST);Mon Oct 14 2019 10:55:44 GMT+0200 (CEST);1571050544000;3.7;773.95;31.75
1380556831572750;49.2;30.4;Mon Oct 14 2019 12:57:47 GMT+0200 (CEST);Mon Oct 14 2019 10:57:47 GMT+0200 (CEST);1571050667000;3.77;772.85;32.1
1380556831572750;49.2;30.6;Mon Oct 14 2019 12:59:40 GMT+0200 (CEST);Mon Oct 14 2019 10:59:40 GMT+0200 (CEST);1571050780000;3.68;771.47;32.25
1380556831572750;49.2;31.2;Mon Oct 14 2019 13:01:33 GMT+0200 (CEST);Mon Oct 14 2019 11:01:33 GMT+0200 (CEST);1571050893000;3.66;767.76;32.19
1380556831572750;49.2;31.3;Mon Oct 14 2019 13:03:26 GMT+0200 (CEST);Mon Oct 14 2019 11:03:26 GMT+0200 (CEST);1571051006000;3.67;770.59;32.42
1380556831572750;49.2;31.9;Mon Oct 14 2019 13:05:35 GMT+0200 (CEST);Mon Oct 14 2019 11:05:35 GMT+0200 (CEST);1571051135000;3.72;766.97;32.67
1380556831572750;49.2;30.2;Mon Oct 14 2019 13:07:28 GMT+0200 (CEST);Mon Oct 14 2019 11:07:28 GMT+0200 (CEST);1571051248000;3.67;769.4;32.84
1380556831572750;49.2;30.3;Mon Oct 14 2019 13:09:22 GMT+0200 (CEST);Mon Oct 14 2019 11:09:22 GMT+0200 (CEST);1571051362000;3.77;767.51;33
1380556831572750;49.2;30;Mon Oct 14 2019 13:11:14 GMT+0200 (CEST);Mon Oct 14 2019 11:11:14 GMT+0200 (CEST);1571051474000;3.77;763.44;32.89
1380556831572750;49.2;30.1;Mon Oct 14 2019 13:13:04 GMT+0200 (CEST);Mon Oct 14 2019 11:13:04 GMT+0200 (CEST);1571051584000;3.77;766.13;32.92
1380556831572750;49.2;30.2;Mon Oct 14 2019 13:14:57 GMT+0200 (CEST);Mon Oct 14 2019 11:14:57 GMT+0200 (CEST);1571051697000;3.75;766.91;32.96
1380556831572750;49.2;30.7;Mon Oct 14 2019 13:16:50 GMT+0200 (CEST);Mon Oct 14 2019 11:16:50 GMT+0200 (CEST);1571051810000;3.66;765.7;33.13
1380556831572750;49.2;31.5;Mon Oct 14 2019 13:18:44 GMT+0200 (CEST);Mon Oct 14 2019 11:18:44 GMT+0200 (CEST);1571051924000;3.61;765.03;33.21
1380556831572750;49.2;31.3;Mon Oct 14 2019 13:21:13 GMT+0200 (CEST);Mon Oct 14 2019 11:21:13 GMT+0200 (CEST);1571052073000;3.5;764.11;33.15
1380556831572750;49.2;31.6;Mon Oct 14 2019 13:23:13 GMT+0200 (CEST);Mon Oct 14 2019 11:23:13 GMT+0200 (CEST);1571052193000;3.53;759.79;33.09
1380556831572750;49.2;31;Mon Oct 14 2019 13:25:07 GMT+0200 (CEST);Mon Oct 14 2019 11:25:07 GMT+0200 (CEST);1571052307000;3.6;759.66;33.2
1380556831572750;49.2;31.7;Mon Oct 14 2019 13:26:54 GMT+0200 (CEST);Mon Oct 14 2019 11:26:54 GMT+0200 (CEST);1571052414000;3.43;760.1;33.27
1380556831572750;49.2;30.9;Mon Oct 14 2019 13:28:55 GMT+0200 (CEST);Mon Oct 14 2019 11:28:55 GMT+0200 (CEST);1571052535000;3.57;759.69;33.48
1380556831572750;49.2;31.2;Mon Oct 14 2019 13:30:48 GMT+0200 (CEST);Mon Oct 14 2019 11:30:48 GMT+0200 (CEST);1571052648000;3.64;759.88;33.76
1380556831572750;49.2;31.3;Mon Oct 14 2019 13:33:44 GMT+0200 (CEST);Mon Oct 14 2019 11:33:44 GMT+0200 (CEST);1571052824000;3.46;751.31;33.67
1380556831572750;49.2;32;Mon Oct 14 2019 13:35:55 GMT+0200 (CEST);Mon Oct 14 2019 11:35:55 GMT+0200 (CEST);1571052955000;3.61;750.7;33.46
1380556831572750;49.2;31.3;Mon Oct 14 2019 13:37:50 GMT+0200 (CEST);Mon Oct 14 2019 11:37:50 GMT+0200 (CEST);1571053070000;3.53;748.62;33.24
1380556831572750;49.2;31.7;Mon Oct 14 2019 13:39:44 GMT+0200 (CEST);Mon Oct 14 2019 11:39:44 GMT+0200 (CEST);1571053184000;3.56;747.94;33.08
1380556831572750;49.2;31.1;Mon Oct 14 2019 13:41:37 GMT+0200 (CEST);Mon Oct 14 2019 11:41:37 GMT+0200 (CEST);1571053297000;3.59;745.98;33.17
1380556831572750;49.2;30.8;Mon Oct 14 2019 13:43:31 GMT+0200 (CEST);Mon Oct 14 2019 11:43:31 GMT+0200 (CEST);1571053411000;3.62;745.21;33.11
1380556831572750;49.2;31.4;Mon Oct 14 2019 13:45:24 GMT+0200 (CEST);Mon Oct 14 2019 11:45:24 GMT+0200 (CEST);1571053524000;3.41;743.83;33.28
1380556831572750;49.2;30.5;Mon Oct 14 2019 13:47:18 GMT+0200 (CEST);Mon Oct 14 2019 11:47:18 GMT+0200 (CEST);1571053638000;3.6;740.16;33.44
1380556831572750;49.2;30.9;Mon Oct 14 2019 13:49:16 GMT+0200 (CEST);Mon Oct 14 2019 11:49:16 GMT+0200 (CEST);1571053756000;3.43;735.34;33.5
1380556831572750;49.2;31.7;Mon Oct 14 2019 13:51:09 GMT+0200 (CEST);Mon Oct 14 2019 11:51:09 GMT+0200 (CEST);1571053869000;3.54;731.89;33.1
1380556831572750;49.2;31;Mon Oct 14 2019 13:53:04 GMT+0200 (CEST);Mon Oct 14 2019 11:53:04 GMT+0200 (CEST);1571053984000;3.46;732;32.72
1380556831572750;49.2;31.2;Mon Oct 14 2019 13:55:00 GMT+0200 (CEST);Mon Oct 14 2019 11:55:00 GMT+0200 (CEST);1571054100000;3.49;731.55;32.54
1380556831572750;49.2;30.9;Mon Oct 14 2019 13:56:54 GMT+0200 (CEST);Mon Oct 14 2019 11:56:54 GMT+0200 (CEST);1571054214000;3.42;728.79;32.49
1380556831572750;51.7;32.2;Mon Oct 14 2019 13:58:47 GMT+0200 (CEST);Mon Oct 14 2019 11:58:47 GMT+0200 (CEST);1571054327000;3.47;727.31;32.36
1380556831572750;51.7;30.9;Mon Oct 14 2019 14:00:48 GMT+0200 (CEST);Mon Oct 14 2019 12:00:48 GMT+0200 (CEST);1571054448000;3.52;726.2;32.39
1380556831572750;51.7;30.9;Mon Oct 14 2019 14:02:43 GMT+0200 (CEST);Mon Oct 14 2019 12:02:43 GMT+0200 (CEST);1571054563000;3.34;720.85;32.67
1380556831572750;51.7;31.6;Mon Oct 14 2019 14:05:08 GMT+0200 (CEST);Mon Oct 14 2019 12:05:08 GMT+0200 (CEST);1571054708000;3.37;718.9;32.98
1380556831572750;51.7;30.6;Mon Oct 14 2019 14:07:01 GMT+0200 (CEST);Mon Oct 14 2019 12:07:01 GMT+0200 (CEST);1571054821000;3.48;714.09;33.16
1380556831572750;49.2;31.3;Mon Oct 14 2019 14:08:55 GMT+0200 (CEST);Mon Oct 14 2019 12:08:55 GMT+0200 (CEST);1571054935000;3.38;711.69;33.32
1380556831572750;49.2;30.8;Mon Oct 14 2019 14:11:01 GMT+0200 (CEST);Mon Oct 14 2019 12:11:01 GMT+0200 (CEST);1571055061000;3.43;707.98;33.62
1380556831572750;49.2;31.2;Mon Oct 14 2019 14:12:54 GMT+0200 (CEST);Mon Oct 14 2019 12:12:54 GMT+0200 (CEST);1571055174000;3.32;705.1;33.89
1380556831572750;49.2;30.8;Mon Oct 14 2019 14:14:48 GMT+0200 (CEST);Mon Oct 14 2019 12:14:48 GMT+0200 (CEST);1571055288000;3.31;699.13;34.06
1380556831572750;49.2;31.7;Mon Oct 14 2019 14:16:40 GMT+0200 (CEST);Mon Oct 14 2019 12:16:40 GMT+0200 (CEST);1571055400000;3.23;694.82;34.37
1380556831572750;51.7;31.4;Mon Oct 14 2019 14:18:33 GMT+0200 (CEST);Mon Oct 14 2019 12:18:33 GMT+0200 (CEST);1571055513000;3.28;688;34.12
1380556831572750;51.7;31.2;Mon Oct 14 2019 14:20:26 GMT+0200 (CEST);Mon Oct 14 2019 12:20:26 GMT+0200 (CEST);1571055626000;3.28;689.09;33.82
1380556831572750;49.2;31.3;Mon Oct 14 2019 14:22:19 GMT+0200 (CEST);Mon Oct 14 2019 12:22:19 GMT+0200 (CEST);1571055739000;3.31;686.09;33.82
1380556831572750;49.2;31.9;Mon Oct 14 2019 14:24:26 GMT+0200 (CEST);Mon Oct 14 2019 12:24:26 GMT+0200 (CEST);1571055866000;3.16;682.27;33.89
1380556831572750;49.2;31.9;Mon Oct 14 2019 14:26:27 GMT+0200 (CEST);Mon Oct 14 2019 12:26:27 GMT+0200 (CEST);1571055987000;3.23;677.5;33.87
1380556831572750;49.2;31.4;Mon Oct 14 2019 14:28:21 GMT+0200 (CEST);Mon Oct 14 2019 12:28:21 GMT+0200 (CEST);1571056101000;3.19;673.3;33.94
1380556831572750;49.2;31.3;Mon Oct 14 2019 14:30:14 GMT+0200 (CEST);Mon Oct 14 2019 12:30:14 GMT+0200 (CEST);1571056214000;3.19;669.45;34.08
1380556831572750;49.2;30.9;Mon Oct 14 2019 14:32:25 GMT+0200 (CEST);Mon Oct 14 2019 12:32:25 GMT+0200 (CEST);1571056345000;3.19;664.62;34.18
1380556831572750;49.2;31;Mon Oct 14 2019 14:34:21 GMT+0200 (CEST);Mon Oct 14 2019 12:34:21 GMT+0200 (CEST);1571056461000;3.21;659.62;34.17
1380556831572750;49.2;31.5;Mon Oct 14 2019 14:36:14 GMT+0200 (CEST);Mon Oct 14 2019 12:36:14 GMT+0200 (CEST);1571056574000;3.21;652.79;34
1380556831572750;49.2;30.7;Mon Oct 14 2019 14:38:07 GMT+0200 (CEST);Mon Oct 14 2019 12:38:07 GMT+0200 (CEST);1571056687000;3.17;650.23;33.92
1380556831572750;49.2;30.4;Mon Oct 14 2019 14:40:21 GMT+0200 (CEST);Mon Oct 14 2019 12:40:21 GMT+0200 (CEST);1571056821000;3.17;647.67;33.9
1380556831572750;49.2;30.9;Mon Oct 14 2019 14:42:14 GMT+0200 (CEST);Mon Oct 14 2019 12:42:14 GMT+0200 (CEST);1571056934000;3.15;645.11;33.92
1380556831572750;49.2;30.5;Mon Oct 14 2019 14:44:13 GMT+0200 (CEST);Mon Oct 14 2019 12:44:13 GMT+0200 (CEST);1571057053000;3.16;639.99;34.03
1380556831572750;49.2;30.6;Mon Oct 14 2019 14:46:06 GMT+0200 (CEST);Mon Oct 14 2019 12:46:06 GMT+0200 (CEST);1571057166000;3.11;637.43;34.28
1380556831572750;49.2;30.6;Mon Oct 14 2019 14:47:59 GMT+0200 (CEST);Mon Oct 14 2019 12:47:59 GMT+0200 (CEST);1571057279000;3.07;634.87;34.23
1380556831572750;49.2;30.8;Mon Oct 14 2019 14:49:53 GMT+0200 (CEST);Mon Oct 14 2019 12:49:53 GMT+0200 (CEST);1571057393000;2.99;627.19;34.28
1380556831572750;49.2;30.7;Mon Oct 14 2019 14:51:46 GMT+0200 (CEST);Mon Oct 14 2019 12:51:46 GMT+0200 (CEST);1571057506000;3.02;619.51;34.12
1380556831572750;49.2;31;Mon Oct 14 2019 14:53:39 GMT+0200 (CEST);Mon Oct 14 2019 12:53:39 GMT+0200 (CEST);1571057619000;2.96;614.39;34
1380556831572750;49.2;30.6;Mon Oct 14 2019 14:55:34 GMT+0200 (CEST);Mon Oct 14 2019 12:55:34 GMT+0200 (CEST);1571057734000;3.03;611.83;34.14
1380556831572750;49.2;30.1;Mon Oct 14 2019 14:57:27 GMT+0200 (CEST);Mon Oct 14 2019 12:57:27 GMT+0200 (CEST);1571057847000;3.01;609.27;34.35
1380556831572750;49.2;30.8;Mon Oct 14 2019 14:59:22 GMT+0200 (CEST);Mon Oct 14 2019 12:59:22 GMT+0200 (CEST);1571057962000;2.94;604.15;34.37
1380556831572750;49.2;30.9;Mon Oct 14 2019 15:01:18 GMT+0200 (CEST);Mon Oct 14 2019 13:01:18 GMT+0200 (CEST);1571058078000;2.9;596.47;34.42
1380556831572750;49.2;31.2;Mon Oct 14 2019 15:03:12 GMT+0200 (CEST);Mon Oct 14 2019 13:03:12 GMT+0200 (CEST);1571058192000;2.84;593.91;34.45
1380556831572750;49.2;31.5;Mon Oct 14 2019 15:05:07 GMT+0200 (CEST);Mon Oct 14 2019 13:05:07 GMT+0200 (CEST);1571058307000;2.87;591.35;34.41
1380556831572750;49.2;30.8;Mon Oct 14 2019 15:07:07 GMT+0200 (CEST);Mon Oct 14 2019 13:07:07 GMT+0200 (CEST);1571058427000;2.88;583.67;34.04
1380556831572750;48.2;30.8;Mon Oct 14 2019 15:09:09 GMT+0200 (CEST);Mon Oct 14 2019 13:09:09 GMT+0200 (CEST);1571058549000;2.83;578.55;33.95
1380556831572750;48.2;30.9;Mon Oct 14 2019 15:11:02 GMT+0200 (CEST);Mon Oct 14 2019 13:11:02 GMT+0200 (CEST);1571058662000;2.78;568.31;33.89
1380556831572750;48.2;31.2;Mon Oct 14 2019 15:12:54 GMT+0200 (CEST);Mon Oct 14 2019 13:12:54 GMT+0200 (CEST);1571058774000;2.72;565.75;33.97
1380556831572750;48.2;31.5;Mon Oct 14 2019 15:14:49 GMT+0200 (CEST);Mon Oct 14 2019 13:14:49 GMT+0200 (CEST);1571058889000;2.67;558.07;34.13
1380556831572750;48.2;31.3;Mon Oct 14 2019 15:16:45 GMT+0200 (CEST);Mon Oct 14 2019 13:16:45 GMT+0200 (CEST);1571059005000;2.71;555.51;34.29
1380556831572750;48.2;31;Mon Oct 14 2019 15:18:38 GMT+0200 (CEST);Mon Oct 14 2019 13:18:38 GMT+0200 (CEST);1571059118000;2.67;550.39;34.35
1380556831572750;48.2;30.5;Mon Oct 14 2019 15:20:42 GMT+0200 (CEST);Mon Oct 14 2019 13:20:42 GMT+0200 (CEST);1571059242000;2.68;542.71;34.48
1380556831572750;48.2;30.6;Mon Oct 14 2019 15:22:52 GMT+0200 (CEST);Mon Oct 14 2019 13:22:52 GMT+0200 (CEST);1571059372000;2.65;537.59;34.69
1380556831572750;47.7;30.7;Mon Oct 14 2019 15:24:45 GMT+0200 (CEST);Mon Oct 14 2019 13:24:45 GMT+0200 (CEST);1571059485000;2.59;532.47;34.7
1380556831572750;47.7;31.4;Mon Oct 14 2019 15:26:40 GMT+0200 (CEST);Mon Oct 14 2019 13:26:40 GMT+0200 (CEST);1571059600000;2.47;527.35;34.66
1380556831572750;48.2;32.3;Mon Oct 14 2019 15:28:33 GMT+0200 (CEST);Mon Oct 14 2019 13:28:33 GMT+0200 (CEST);1571059713000;2.43;517.11;34.42
1380556831572750;48.2;32.4;Mon Oct 14 2019 15:30:30 GMT+0200 (CEST);Mon Oct 14 2019 13:30:30 GMT+0200 (CEST);1571059830000;2.4;511.99;34.25
1380556831572750;48.2;32.3;Mon Oct 14 2019 15:32:23 GMT+0200 (CEST);Mon Oct 14 2019 13:32:23 GMT+0200 (CEST);1571059943000;2.37;504.31;33.82
1380556831572750;48.2;32;Mon Oct 14 2019 15:34:20 GMT+0200 (CEST);Mon Oct 14 2019 13:34:20 GMT+0200 (CEST);1571060060000;2.42;501.75;33.59
1380556831572750;48.2;31.2;Mon Oct 14 2019 15:36:04 GMT+0200 (CEST);Mon Oct 14 2019 13:36:04 GMT+0200 (CEST);1571060164000;2.4;494.07;33.35
1380556831572750;47.7;31.6;Mon Oct 14 2019 15:38:01 GMT+0200 (CEST);Mon Oct 14 2019 13:38:01 GMT+0200 (CEST);1571060281000;2.39;488.95;33.28
1380556831572750;47.7;30.4;Mon Oct 14 2019 15:39:54 GMT+0200 (CEST);Mon Oct 14 2019 13:39:54 GMT+0200 (CEST);1571060394000;2.39;483.83;33.45
1380556831572750;47.7;30.6;Mon Oct 14 2019 15:41:48 GMT+0200 (CEST);Mon Oct 14 2019 13:41:48 GMT+0200 (CEST);1571060508000;2.35;478.71;33.57
1380556831572750;47.7;31.4;Mon Oct 14 2019 15:43:43 GMT+0200 (CEST);Mon Oct 14 2019 13:43:43 GMT+0200 (CEST);1571060623000;2.3;473.59;33.57
1380556831572750;47.7;32;Mon Oct 14 2019 15:45:45 GMT+0200 (CEST);Mon Oct 14 2019 13:45:45 GMT+0200 (CEST);1571060745000;2.21;463.35;33.3
1380556831572750;46.1;32;Mon Oct 14 2019 15:47:31 GMT+0200 (CEST);Mon Oct 14 2019 13:47:31 GMT+0200 (CEST);1571060851000;2.12;455.67;33.2
1380556831572750;46.1;32.6;Mon Oct 14 2019 15:49:28 GMT+0200 (CEST);Mon Oct 14 2019 13:49:28 GMT+0200 (CEST);1571060968000;2.12;453.11;33.21
1380556831572750;46.1;31.4;Mon Oct 14 2019 15:51:24 GMT+0200 (CEST);Mon Oct 14 2019 13:51:24 GMT+0200 (CEST);1571061084000;2.13;445.43;33.18
1380556831572750;46.1;31.3;Mon Oct 14 2019 15:53:16 GMT+0200 (CEST);Mon Oct 14 2019 13:53:16 GMT+0200 (CEST);1571061196000;2.12;440.31;33.24
1380556831572750;46.1;31.3;Mon Oct 14 2019 15:55:18 GMT+0200 (CEST);Mon Oct 14 2019 13:55:18 GMT+0200 (CEST);1571061318000;2.09;432.63;33.07
1380556831572750;46.6;31.7;Mon Oct 14 2019 15:57:12 GMT+0200 (CEST);Mon Oct 14 2019 13:57:12 GMT+0200 (CEST);1571061432000;2.03;424.95;32.75
1380556831572750;46.6;31.9;Mon Oct 14 2019 15:59:05 GMT+0200 (CEST);Mon Oct 14 2019 13:59:05 GMT+0200 (CEST);1571061545000;1.97;419.83;32.58
1380556831572750;46.6;32.2;Mon Oct 14 2019 16:00:59 GMT+0200 (CEST);Mon Oct 14 2019 14:00:59 GMT+0200 (CEST);1571061659000;1.94;412.15;32.48
1380556831572750;45.6;33.4;Mon Oct 14 2019 16:02:54 GMT+0200 (CEST);Mon Oct 14 2019 14:02:54 GMT+0200 (CEST);1571061774000;1.82;407.03;32.6
1380556831572750;45.6;33.4;Mon Oct 14 2019 16:04:48 GMT+0200 (CEST);Mon Oct 14 2019 14:04:48 GMT+0200 (CEST);1571061888000;1.46;399.35;32.55
1380556831572750;45.6;35.1;Mon Oct 14 2019 16:06:44 GMT+0200 (CEST);Mon Oct 14 2019 14:06:44 GMT+0200 (CEST);1571062004000;1.23;391.67;31.98
1380556831572750;45.6;36.1;Mon Oct 14 2019 16:08:38 GMT+0200 (CEST);Mon Oct 14 2019 14:08:38 GMT+0200 (CEST);1571062118000;1.25;389.11;31.62
1380556831572750;45.6;35.9;Mon Oct 14 2019 16:10:33 GMT+0200 (CEST);Mon Oct 14 2019 14:10:33 GMT+0200 (CEST);1571062233000;1.33;383.99;31.26
1380556831572750;46.1;34.6;Mon Oct 14 2019 16:12:36 GMT+0200 (CEST);Mon Oct 14 2019 14:12:36 GMT+0200 (CEST);1571062356000;0.68;376.31;31.03
1380556831572750;46.1;28.1;Mon Oct 14 2019 16:14:36 GMT+0200 (CEST);Mon Oct 14 2019 14:14:36 GMT+0200 (CEST);1571062476000;0.32;371.19;30.96
1380556831572750;43.6;33.2;Mon Oct 14 2019 16:16:31 GMT+0200 (CEST);Mon Oct 14 2019 14:16:31 GMT+0200 (CEST);1571062591000;0.32;363.51;30.85
1380556831572750;43.6;31.3;Mon Oct 14 2019 16:18:31 GMT+0200 (CEST);Mon Oct 14 2019 14:18:31 GMT+0200 (CEST);1571062711000;0.31;355.83;30.88
1380556831572750;43.6;34.3;Mon Oct 14 2019 16:20:31 GMT+0200 (CEST);Mon Oct 14 2019 14:20:31 GMT+0200 (CEST);1571062831000;0.31;350.71;30.85
1380556831572750;42.1;37.3;Mon Oct 14 2019 16:22:25 GMT+0200 (CEST);Mon Oct 14 2019 14:22:25 GMT+0200 (CEST);1571062945000;0.3;343.03;30.87
1380556831572750;42.1;38.5;Mon Oct 14 2019 16:24:25 GMT+0200 (CEST);Mon Oct 14 2019 14:24:25 GMT+0200 (CEST);1571063065000;0.29;337.91;30.83
1380556831572750;43.6;38.7;Mon Oct 14 2019 16:26:24 GMT+0200 (CEST);Mon Oct 14 2019 14:26:24 GMT+0200 (CEST);1571063184000;0.29;330.23;30.82
1380556831572750;43.6;38.5;Mon Oct 14 2019 16:28:20 GMT+0200 (CEST);Mon Oct 14 2019 14:28:20 GMT+0200 (CEST);1571063300000;0.28;320.1;30.78
1380556831572750;43.6;38.4;Mon Oct 14 2019 16:30:13 GMT+0200 (CEST);Mon Oct 14 2019 14:30:13 GMT+0200 (CEST);1571063413000;0.27;314.09;30.69
1380556831572750;44.1;38.2;Mon Oct 14 2019 16:32:06 GMT+0200 (CEST);Mon Oct 14 2019 14:32:06 GMT+0200 (CEST);1571063526000;0.27;308.31;30.58
1380556831572750;44.1;37.2;Mon Oct 14 2019 16:33:59 GMT+0200 (CEST);Mon Oct 14 2019 14:33:59 GMT+0200 (CEST);1571063639000;0.27;302.59;30.41
1380556831572750;43.6;34.3;Mon Oct 14 2019 16:36:03 GMT+0200 (CEST);Mon Oct 14 2019 14:36:03 GMT+0200 (CEST);1571063763000;0.26;295.64;30.37
1380556831572750;43.6;33.8;Mon Oct 14 2019 16:37:55 GMT+0200 (CEST);Mon Oct 14 2019 14:37:55 GMT+0200 (CEST);1571063875000;0.26;287.82;30.48
1380556831572750;43.6;36.6;Mon Oct 14 2019 16:39:48 GMT+0200 (CEST);Mon Oct 14 2019 14:39:48 GMT+0200 (CEST);1571063988000;0.26;281.44;30.41
1380556831572750;42.1;38.2;Mon Oct 14 2019 16:41:43 GMT+0200 (CEST);Mon Oct 14 2019 14:41:43 GMT+0200 (CEST);1571064103000;0.26;274.09;30.37
1380556831572750;42.1;38.4;Mon Oct 14 2019 16:43:37 GMT+0200 (CEST);Mon Oct 14 2019 14:43:37 GMT+0200 (CEST);1571064217000;0.25;267.29;30.44
1380556831572750;42.1;38.2;Mon Oct 14 2019 16:45:29 GMT+0200 (CEST);Mon Oct 14 2019 14:45:29 GMT+0200 (CEST);1571064329000;0.25;261.85;30.45
1380556831572750;42.1;38.1;Mon Oct 14 2019 16:47:32 GMT+0200 (CEST);Mon Oct 14 2019 14:47:32 GMT+0200 (CEST);1571064452000;0.24;255.2;30.52
1380556831572750;42.1;38;Mon Oct 14 2019 16:49:29 GMT+0200 (CEST);Mon Oct 14 2019 14:49:29 GMT+0200 (CEST);1571064569000;0.24;246.77;30.57
1380556831572750;42.1;37.9;Mon Oct 14 2019 16:51:34 GMT+0200 (CEST);Mon Oct 14 2019 14:51:34 GMT+0200 (CEST);1571064694000;0.24;239.43;30.46
1380556831572750;42.1;37.9;Mon Oct 14 2019 16:53:27 GMT+0200 (CEST);Mon Oct 14 2019 14:53:27 GMT+0200 (CEST);1571064807000;0.24;232.79;30.3
1380556831572750;43.6;37.9;Mon Oct 14 2019 16:55:20 GMT+0200 (CEST);Mon Oct 14 2019 14:55:20 GMT+0200 (CEST);1571064920000;0.23;227.68;30.2
1380556831572750;43.6;37.9;Mon Oct 14 2019 16:57:18 GMT+0200 (CEST);Mon Oct 14 2019 14:57:18 GMT+0200 (CEST);1571065038000;0.23;221.04;30.19
1380556831572750;41.6;37.9;Mon Oct 14 2019 16:59:11 GMT+0200 (CEST);Mon Oct 14 2019 14:59:11 GMT+0200 (CEST);1571065151000;0.23;213.52;30.04
1380556831572750;41.6;37.8;Mon Oct 14 2019 17:01:04 GMT+0200 (CEST);Mon Oct 14 2019 15:01:04 GMT+0200 (CEST);1571065264000;0.22;208.1;29.84
1380556831572750;41.6;37.7;Mon Oct 14 2019 17:02:57 GMT+0200 (CEST);Mon Oct 14 2019 15:02:57 GMT+0200 (CEST);1571065377000;0.21;201.37;29.65
1380556831572750;41.6;37.6;Mon Oct 14 2019 17:04:50 GMT+0200 (CEST);Mon Oct 14 2019 15:04:50 GMT+0200 (CEST);1571065490000;0.21;195.06;29.53
1380556831572750;41.6;37.5;Mon Oct 14 2019 17:07:13 GMT+0200 (CEST);Mon Oct 14 2019 15:07:13 GMT+0200 (CEST);1571065633000;0.21;187.99;29.4
1380556831572750;40.1;37.4;Mon Oct 14 2019 17:09:18 GMT+0200 (CEST);Mon Oct 14 2019 15:09:18 GMT+0200 (CEST);1571065758000;0.21;180.23;29.15
1380556831572750;40.1;37.5;Mon Oct 14 2019 17:11:12 GMT+0200 (CEST);Mon Oct 14 2019 15:11:12 GMT+0200 (CEST);1571065872000;0.21;173.14;28.93
1380556831572750;40.1;37.5;Mon Oct 14 2019 17:13:04 GMT+0200 (CEST);Mon Oct 14 2019 15:13:04 GMT+0200 (CEST);1571065984000;0.2;169.84;28.75
1380556831572750;40.1;37.4;Mon Oct 14 2019 17:14:57 GMT+0200 (CEST);Mon Oct 14 2019 15:14:57 GMT+0200 (CEST);1571066097000;0.2;163.05;28.53
1380556831572750;40.1;37.3;Mon Oct 14 2019 17:16:54 GMT+0200 (CEST);Mon Oct 14 2019 15:16:54 GMT+0200 (CEST);1571066214000;0.2;157.73;28.35
1380556831572750;39.6;37.2;Mon Oct 14 2019 17:18:47 GMT+0200 (CEST);Mon Oct 14 2019 15:18:47 GMT+0200 (CEST);1571066327000;0.22;151.97;28.21
1380556831572750;39.6;37;Mon Oct 14 2019 17:20:43 GMT+0200 (CEST);Mon Oct 14 2019 15:20:43 GMT+0200 (CEST);1571066443000;0.34;146.13;28.11
1380556831572750;39.6;35.3;Mon Oct 14 2019 17:22:36 GMT+0200 (CEST);Mon Oct 14 2019 15:22:36 GMT+0200 (CEST);1571066556000;0.38;138.51;28
1380556831572750;38.1;35.2;Mon Oct 14 2019 17:24:32 GMT+0200 (CEST);Mon Oct 14 2019 15:24:32 GMT+0200 (CEST);1571066672000;0.38;132.19;27.92
1380556831572750;38.1;35.1;Mon Oct 14 2019 17:26:29 GMT+0200 (CEST);Mon Oct 14 2019 15:26:29 GMT+0200 (CEST);1571066789000;0.39;125.68;27.85
1380556831572750;37.6;34.6;Mon Oct 14 2019 17:28:22 GMT+0200 (CEST);Mon Oct 14 2019 15:28:22 GMT+0200 (CEST);1571066902000;0.39;120.16;27.82
1380556831572750;37.6;34.5;Mon Oct 14 2019 17:30:18 GMT+0200 (CEST);Mon Oct 14 2019 15:30:18 GMT+0200 (CEST);1571067018000;0.34;113.39;27.77
1380556831572750;36.1;34.8;Mon Oct 14 2019 17:32:10 GMT+0200 (CEST);Mon Oct 14 2019 15:32:10 GMT+0200 (CEST);1571067130000;0.29;108.74;27.69
1380556831572750;36.1;34.9;Mon Oct 14 2019 17:34:09 GMT+0200 (CEST);Mon Oct 14 2019 15:34:09 GMT+0200 (CEST);1571067249000;0.3;54.99;27.48
1380556831572750;36.1;35.3;Mon Oct 14 2019 17:36:03 GMT+0200 (CEST);Mon Oct 14 2019 15:36:03 GMT+0200 (CEST);1571067363000;0.25;30.65;27.03
1380556831572750;36.1;35.5;Mon Oct 14 2019 17:38:14 GMT+0200 (CEST);Mon Oct 14 2019 15:38:14 GMT+0200 (CEST);1571067494000;0.17;31.23;26.5
1380556831572750;36.1;34.9;Mon Oct 14 2019 17:40:06 GMT+0200 (CEST);Mon Oct 14 2019 15:40:06 GMT+0200 (CEST);1571067606000;0.15;31.25;26.11
1380556831572750;35.6;34.8;Mon Oct 14 2019 17:42:00 GMT+0200 (CEST);Mon Oct 14 2019 15:42:00 GMT+0200 (CEST);1571067720000;0.14;29.86;25.72
1380556831572750;35.6;32.1;Mon Oct 14 2019 17:43:59 GMT+0200 (CEST);Mon Oct 14 2019 15:43:59 GMT+0200 (CEST);1571067839000;0.13;28.78;25.36
1380556831572750;33;30.1;Mon Oct 14 2019 17:46:02 GMT+0200 (CEST);Mon Oct 14 2019 15:46:02 GMT+0200 (CEST);1571067962000;0.13;27.71;25.05
1380556831572750;33;30.2;Mon Oct 14 2019 17:47:55 GMT+0200 (CEST);Mon Oct 14 2019 15:47:55 GMT+0200 (CEST);1571068075000;0.12;27.16;24.81
1380556831572750;33;31.1;Mon Oct 14 2019 17:49:50 GMT+0200 (CEST);Mon Oct 14 2019 15:49:50 GMT+0200 (CEST);1571068190000;0.11;26.2;24.55
1380556831572750;32;30.4;Mon Oct 14 2019 17:51:43 GMT+0200 (CEST);Mon Oct 14 2019 15:51:43 GMT+0200 (CEST);1571068303000;0.11;25.36;24.31
1380556831572750;32;30.2;Mon Oct 14 2019 17:54:01 GMT+0200 (CEST);Mon Oct 14 2019 15:54:01 GMT+0200 (CEST);1571068441000;0.11;24.3;24.07
1380556831572750;31.5;30.2;Mon Oct 14 2019 17:55:58 GMT+0200 (CEST);Mon Oct 14 2019 15:55:58 GMT+0200 (CEST);1571068558000;0.1;23.72;23.89
1380556831572750;31.5;29.9;Mon Oct 14 2019 17:57:51 GMT+0200 (CEST);Mon Oct 14 2019 15:57:51 GMT+0200 (CEST);1571068671000;0.1;22.71;23.72
1380556831572750;30;29.7;Mon Oct 14 2019 17:59:43 GMT+0200 (CEST);Mon Oct 14 2019 15:59:43 GMT+0200 (CEST);1571068783000;0.09;21.96;23.58
1380556831572750;30;29.3;Mon Oct 14 2019 18:01:36 GMT+0200 (CEST);Mon Oct 14 2019 16:01:36 GMT+0200 (CEST);1571068896000;0.09;20.63;23.44
1380556831572750;30;28.7;Mon Oct 14 2019 18:03:30 GMT+0200 (CEST);Mon Oct 14 2019 16:03:30 GMT+0200 (CEST);1571069010000;0.09;19.13;23.31
1380556831572750;30;28.6;Mon Oct 14 2019 18:05:23 GMT+0200 (CEST);Mon Oct 14 2019 16:05:23 GMT+0200 (CEST);1571069123000;0.09;17.86;23.2
1380556831572750;30;28.7;Mon Oct 14 2019 18:07:18 GMT+0200 (CEST);Mon Oct 14 2019 16:07:18 GMT+0200 (CEST);1571069238000;0.08;16.59;23.07
1380556831572750;29.5;27;Mon Oct 14 2019 18:09:22 GMT+0200 (CEST);Mon Oct 14 2019 16:09:22 GMT+0200 (CEST);1571069362000;0.08;15.67;22.95
1380556831572750;29.5;26.9;Mon Oct 14 2019 18:11:16 GMT+0200 (CEST);Mon Oct 14 2019 16:11:16 GMT+0200 (CEST);1571069476000;0.07;14.62;22.85
1380556831572750;29.5;26.1;Mon Oct 14 2019 18:13:10 GMT+0200 (CEST);Mon Oct 14 2019 16:13:10 GMT+0200 (CEST);1571069590000;0.06;13.33;22.76
1380556831572750;27.5;26.4;Mon Oct 14 2019 18:15:04 GMT+0200 (CEST);Mon Oct 14 2019 16:15:04 GMT+0200 (CEST);1571069704000;0;12.04;22.67
1380556831572750;27.5;26.3;Mon Oct 14 2019 18:16:57 GMT+0200 (CEST);Mon Oct 14 2019 16:16:57 GMT+0200 (CEST);1571069817000;0;10.28;22.58
1380556831572750;27.5;27.1;Mon Oct 14 2019 18:18:51 GMT+0200 (CEST);Mon Oct 14 2019 16:18:51 GMT+0200 (CEST);1571069931000;0;8.75;22.46
1380556831572750;27.5;26.1;Mon Oct 14 2019 18:20:45 GMT+0200 (CEST);Mon Oct 14 2019 16:20:45 GMT+0200 (CEST);1571070045000;0;7.26;22.37
1380556831572750;27.5;26.1;Mon Oct 14 2019 18:22:28 GMT+0200 (CEST);Mon Oct 14 2019 16:22:28 GMT+0200 (CEST);1571070148000;0;6.19;22.25
1380556831572750;26;27.3;Mon Oct 14 2019 18:24:35 GMT+0200 (CEST);Mon Oct 14 2019 16:24:35 GMT+0200 (CEST);1571070275000;0;4.98;22.13
1380556831572750;26;26.3;Mon Oct 14 2019 18:26:28 GMT+0200 (CEST);Mon Oct 14 2019 16:26:28 GMT+0200 (CEST);1571070388000;0;4.14;22.01
1380556831572750;26;26.6;Mon Oct 14 2019 18:28:21 GMT+0200 (CEST);Mon Oct 14 2019 16:28:21 GMT+0200 (CEST);1571070501000;0;3.7;21.94
1380556831572750;26;29.5;Mon Oct 14 2019 18:30:13 GMT+0200 (CEST);Mon Oct 14 2019 16:30:13 GMT+0200 (CEST);1571070613000;0;2.25;21.85
1380556831572750;26;28.5;Mon Oct 14 2019 18:32:06 GMT+0200 (CEST);Mon Oct 14 2019 16:32:06 GMT+0200 (CEST);1571070726000;0;0.82;21.75
1380556831572750;26;26.7;Mon Oct 14 2019 18:34:00 GMT+0200 (CEST);Mon Oct 14 2019 16:34:00 GMT+0200 (CEST);1571070840000;0;-0.01;21.63
1380556831572750;26;21.7;Mon Oct 14 2019 18:35:52 GMT+0200 (CEST);Mon Oct 14 2019 16:35:52 GMT+0200 (CEST);1571070952000;0;-0.01;21.53
1380556831572750;26;21.7;Mon Oct 14 2019 18:37:50 GMT+0200 (CEST);Mon Oct 14 2019 16:37:50 GMT+0200 (CEST);1571071070000;0;-0.01;21.44
1380556831572750;26;21.7;Mon Oct 14 2019 18:39:42 GMT+0200 (CEST);Mon Oct 14 2019 16:39:42 GMT+0200 (CEST);1571071182000;0;-0.01;21.38
1380556831572750;11.9;34.4;Tue Oct 15 2019 07:48:36 GMT+0200 (CEST);Tue Oct 15 2019 05:48:36 GMT+0200 (CEST);1571118516000;0;12.29;9.75
1380556831572750;11.9;35.8;Tue Oct 15 2019 07:50:40 GMT+0200 (CEST);Tue Oct 15 2019 05:50:40 GMT+0200 (CEST);1571118640000;0;13.89;9.72
1380556831572750;15.9;36.2;Tue Oct 15 2019 07:52:33 GMT+0200 (CEST);Tue Oct 15 2019 05:52:33 GMT+0200 (CEST);1571118753000;0;14.87;9.65
1380556831572750;15.9;36.5;Tue Oct 15 2019 07:54:27 GMT+0200 (CEST);Tue Oct 15 2019 05:54:27 GMT+0200 (CEST);1571118867000;0;16.6;9.6
1380556831572750;15.9;36.6;Tue Oct 15 2019 07:56:23 GMT+0200 (CEST);Tue Oct 15 2019 05:56:23 GMT+0200 (CEST);1571118983000;0;18.04;9.59
1380556831572750;16.9;36.9;Tue Oct 15 2019 07:58:16 GMT+0200 (CEST);Tue Oct 15 2019 05:58:16 GMT+0200 (CEST);1571119096000;0;20.24;9.64
1380556831572750;16.9;37.1;Tue Oct 15 2019 08:00:10 GMT+0200 (CEST);Tue Oct 15 2019 06:00:10 GMT+0200 (CEST);1571119210000;0;21.27;9.61
1380556831572750;16.9;36.9;Tue Oct 15 2019 08:02:02 GMT+0200 (CEST);Tue Oct 15 2019 06:02:02 GMT+0200 (CEST);1571119322000;0;23.31;9.6
1380556831572750;16.9;36.6;Tue Oct 15 2019 08:03:57 GMT+0200 (CEST);Tue Oct 15 2019 06:03:57 GMT+0200 (CEST);1571119437000;0;25.92;9.68
1380556831572750;17.9;37.5;Tue Oct 15 2019 08:06:10 GMT+0200 (CEST);Tue Oct 15 2019 06:06:10 GMT+0200 (CEST);1571119570000;0;27.99;9.75
1380556831572750;17.9;36.5;Tue Oct 15 2019 08:08:02 GMT+0200 (CEST);Tue Oct 15 2019 06:08:02 GMT+0200 (CEST);1571119682000;0;29.36;9.77
1380556831572750;17.9;37.9;Tue Oct 15 2019 08:09:55 GMT+0200 (CEST);Tue Oct 15 2019 06:09:55 GMT+0200 (CEST);1571119795000;0;31.93;9.85
1380556831572750;19.4;37.9;Tue Oct 15 2019 08:11:50 GMT+0200 (CEST);Tue Oct 15 2019 06:11:50 GMT+0200 (CEST);1571119910000;0;33.34;9.92
1380556831572750;19.4;38;Tue Oct 15 2019 08:13:58 GMT+0200 (CEST);Tue Oct 15 2019 06:13:58 GMT+0200 (CEST);1571120038000;0;35.95;10.03
1380556831572750;19.4;38.1;Tue Oct 15 2019 08:15:53 GMT+0200 (CEST);Tue Oct 15 2019 06:15:53 GMT+0200 (CEST);1571120153000;0;37.79;10.17
1380556831572750;19.4;38.2;Tue Oct 15 2019 08:17:46 GMT+0200 (CEST);Tue Oct 15 2019 06:17:46 GMT+0200 (CEST);1571120266000;0;39.05;10.27
1380556831572750;19.4;36.4;Tue Oct 15 2019 08:19:40 GMT+0200 (CEST);Tue Oct 15 2019 06:19:40 GMT+0200 (CEST);1571120380000;0.08;40.44;10.32
1380556831572750;19.4;36.4;Tue Oct 15 2019 08:22:32 GMT+0200 (CEST);Tue Oct 15 2019 06:22:32 GMT+0200 (CEST);1571120552000;0.1;44.57;10.36
1380556831572750;19.4;36.4;Tue Oct 15 2019 08:24:24 GMT+0200 (CEST);Tue Oct 15 2019 06:24:24 GMT+0200 (CEST);1571120664000;0.1;47.74;10.43
1380556831572750;19.4;36.4;Tue Oct 15 2019 08:26:17 GMT+0200 (CEST);Tue Oct 15 2019 06:26:17 GMT+0200 (CEST);1571120777000;0.11;51.92;10.5
1380556831572750;19.4;36.4;Tue Oct 15 2019 08:28:17 GMT+0200 (CEST);Tue Oct 15 2019 06:28:17 GMT+0200 (CEST);1571120897000;0.17;111.7;10.59
1380556831572750;16.9;32.1;Tue Oct 15 2019 08:30:10 GMT+0200 (CEST);Tue Oct 15 2019 06:30:10 GMT+0200 (CEST);1571121010000;0.18;120.36;10.81
1380556831572750;16.9;31.9;Tue Oct 15 2019 08:32:02 GMT+0200 (CEST);Tue Oct 15 2019 06:32:02 GMT+0200 (CEST);1571121122000;0.18;125.75;10.96
1380556831572750;16.9;32.6;Tue Oct 15 2019 08:33:55 GMT+0200 (CEST);Tue Oct 15 2019 06:33:55 GMT+0200 (CEST);1571121235000;0.19;150.96;11.15
1380556831572750;16.9;32.7;Tue Oct 15 2019 08:36:01 GMT+0200 (CEST);Tue Oct 15 2019 06:36:01 GMT+0200 (CEST);1571121361000;0.19;153.96;11.43
1380556831572750;16.9;33.5;Tue Oct 15 2019 08:38:00 GMT+0200 (CEST);Tue Oct 15 2019 06:38:00 GMT+0200 (CEST);1571121480000;0.2;152.55;11.64
1380556831572750;16.9;33.6;Tue Oct 15 2019 08:39:54 GMT+0200 (CEST);Tue Oct 15 2019 06:39:54 GMT+0200 (CEST);1571121594000;0.2;177.44;11.81
1380556831572750;16.9;33.7;Tue Oct 15 2019 08:41:47 GMT+0200 (CEST);Tue Oct 15 2019 06:41:47 GMT+0200 (CEST);1571121707000;0.22;183.66;11.97
1380556831572750;16.9;33.9;Tue Oct 15 2019 08:43:40 GMT+0200 (CEST);Tue Oct 15 2019 06:43:40 GMT+0200 (CEST);1571121820000;0.22;193.74;12.15
1380556831572750;16.9;34.1;Tue Oct 15 2019 08:45:33 GMT+0200 (CEST);Tue Oct 15 2019 06:45:33 GMT+0200 (CEST);1571121933000;0.23;202.94;12.31
1380556831572750;16.9;33.9;Tue Oct 15 2019 08:47:26 GMT+0200 (CEST);Tue Oct 15 2019 06:47:26 GMT+0200 (CEST);1571122046000;0.23;210.91;12.39
1380556831572750;16.9;33.5;Tue Oct 15 2019 08:49:19 GMT+0200 (CEST);Tue Oct 15 2019 06:49:19 GMT+0200 (CEST);1571122159000;0.24;221.47;12.39
1380556831572750;16.9;34.1;Tue Oct 15 2019 08:51:12 GMT+0200 (CEST);Tue Oct 15 2019 06:51:12 GMT+0200 (CEST);1571122272000;0.25;228.8;12.49
1380556831572750;16.9;33.9;Tue Oct 15 2019 08:53:11 GMT+0200 (CEST);Tue Oct 15 2019 06:53:11 GMT+0200 (CEST);1571122391000;0.25;236.64;12.6
1380556831572750;16.9;33.8;Tue Oct 15 2019 08:55:04 GMT+0200 (CEST);Tue Oct 15 2019 06:55:04 GMT+0200 (CEST);1571122504000;0.25;246.55;12.71
1380556831572750;16.9;32.5;Tue Oct 15 2019 08:56:58 GMT+0200 (CEST);Tue Oct 15 2019 06:56:58 GMT+0200 (CEST);1571122618000;0.27;253.22;12.76
1380556831572750;16.9;32.6;Tue Oct 15 2019 08:58:51 GMT+0200 (CEST);Tue Oct 15 2019 06:58:51 GMT+0200 (CEST);1571122731000;0.29;263.28;12.89
1380556831572750;16.9;29.7;Tue Oct 15 2019 09:00:43 GMT+0200 (CEST);Tue Oct 15 2019 07:00:43 GMT+0200 (CEST);1571122843000;0.3;270.11;13.1
1380556831572750;15.4;26.2;Tue Oct 15 2019 09:02:36 GMT+0200 (CEST);Tue Oct 15 2019 07:02:36 GMT+0200 (CEST);1571122956000;0.31;277;13.32
1380556831572750;15.4;24;Tue Oct 15 2019 09:04:39 GMT+0200 (CEST);Tue Oct 15 2019 07:04:39 GMT+0200 (CEST);1571123079000;0.31;284.78;13.6
1380556831572750;15.4;30.8;Tue Oct 15 2019 09:06:32 GMT+0200 (CEST);Tue Oct 15 2019 07:06:32 GMT+0200 (CEST);1571123192000;0.32;290.55;13.71
1380556831572750;15.9;30.1;Tue Oct 15 2019 09:10:08 GMT+0200 (CEST);Tue Oct 15 2019 07:10:08 GMT+0200 (CEST);1571123408000;0.32;298.41;14
1380556831572750;15.9;31.5;Tue Oct 15 2019 09:12:02 GMT+0200 (CEST);Tue Oct 15 2019 07:12:02 GMT+0200 (CEST);1571123522000;0.34;302.89;14.28
1380556831572750;16.9;29.9;Tue Oct 15 2019 09:13:56 GMT+0200 (CEST);Tue Oct 15 2019 07:13:56 GMT+0200 (CEST);1571123636000;0.35;307.28;14.5
1380556831572750;16.9;29.3;Tue Oct 15 2019 09:15:49 GMT+0200 (CEST);Tue Oct 15 2019 07:15:49 GMT+0200 (CEST);1571123749000;0.36;309.6;14.65
1380556831572750;15.9;29;Tue Oct 15 2019 09:18:09 GMT+0200 (CEST);Tue Oct 15 2019 07:18:09 GMT+0200 (CEST);1571123889000;0.37;315.7;14.88
1380556831572750;15.9;27.5;Tue Oct 15 2019 09:20:02 GMT+0200 (CEST);Tue Oct 15 2019 07:20:02 GMT+0200 (CEST);1571124002000;0.38;321.89;15.14
1380556831572750;15.9;27.6;Tue Oct 15 2019 09:21:58 GMT+0200 (CEST);Tue Oct 15 2019 07:21:58 GMT+0200 (CEST);1571124118000;0.39;326.85;15.39
1380556831572750;15.9;32.8;Tue Oct 15 2019 09:24:21 GMT+0200 (CEST);Tue Oct 15 2019 07:24:21 GMT+0200 (CEST);1571124261000;0.4;335.35;15.64
1380556831572750;22;40.3;Tue Oct 15 2019 09:26:16 GMT+0200 (CEST);Tue Oct 15 2019 07:26:16 GMT+0200 (CEST);1571124376000;0.42;343.03;15.92
1380556831572750;22;38.4;Tue Oct 15 2019 09:29:01 GMT+0200 (CEST);Tue Oct 15 2019 07:29:01 GMT+0200 (CEST);1571124541000;1.5;353.27;16.21
1380556831572750;23.5;36.7;Tue Oct 15 2019 09:30:54 GMT+0200 (CEST);Tue Oct 15 2019 07:30:54 GMT+0200 (CEST);1571124654000;1.48;363.51;16.4
1380556831572750;23.5;36.9;Tue Oct 15 2019 09:32:47 GMT+0200 (CEST);Tue Oct 15 2019 07:32:47 GMT+0200 (CEST);1571124767000;1.58;371.19;16.51
1380556831572750;23.5;36.2;Tue Oct 15 2019 09:34:40 GMT+0200 (CEST);Tue Oct 15 2019 07:34:40 GMT+0200 (CEST);1571124880000;1.68;381.43;16.65
1380556831572750;24;35.6;Tue Oct 15 2019 09:36:35 GMT+0200 (CEST);Tue Oct 15 2019 07:36:35 GMT+0200 (CEST);1571124995000;1.71;386.55;16.8
1380556831572750;24;35.6;Tue Oct 15 2019 09:38:31 GMT+0200 (CEST);Tue Oct 15 2019 07:38:31 GMT+0200 (CEST);1571125111000;1.75;396.79;17.06
1380556831572750;25.5;35.4;Tue Oct 15 2019 09:40:24 GMT+0200 (CEST);Tue Oct 15 2019 07:40:24 GMT+0200 (CEST);1571125224000;1.79;404.47;17.33
1380556831572750;25.5;35.4;Tue Oct 15 2019 09:42:17 GMT+0200 (CEST);Tue Oct 15 2019 07:42:17 GMT+0200 (CEST);1571125337000;1.82;409.59;17.57
1380556831572750;25.5;35.4;Tue Oct 15 2019 09:44:10 GMT+0200 (CEST);Tue Oct 15 2019 07:44:10 GMT+0200 (CEST);1571125450000;1.86;417.27;17.64
1380556831572750;26;35.4;Tue Oct 15 2019 09:46:19 GMT+0200 (CEST);Tue Oct 15 2019 07:46:19 GMT+0200 (CEST);1571125579000;1.9;424.95;17.68
1380556831572750;26;35.4;Tue Oct 15 2019 09:48:14 GMT+0200 (CEST);Tue Oct 15 2019 07:48:14 GMT+0200 (CEST);1571125694000;1.92;432.63;17.85
1380556831572750;27;35.3;Tue Oct 15 2019 09:50:11 GMT+0200 (CEST);Tue Oct 15 2019 07:50:11 GMT+0200 (CEST);1571125811000;1.95;440.31;17.97
1380556831572750;27;35.3;Tue Oct 15 2019 09:52:10 GMT+0200 (CEST);Tue Oct 15 2019 07:52:10 GMT+0200 (CEST);1571125930000;1.99;447.99;18.09
1380556831572750;27;35.4;Tue Oct 15 2019 09:54:04 GMT+0200 (CEST);Tue Oct 15 2019 07:54:04 GMT+0200 (CEST);1571126044000;2.02;455.67;18.14
1380556831572750;28;35.3;Tue Oct 15 2019 09:55:57 GMT+0200 (CEST);Tue Oct 15 2019 07:55:57 GMT+0200 (CEST);1571126157000;2.05;463.35;18.19
1380556831572750;28;35.1;Tue Oct 15 2019 09:57:50 GMT+0200 (CEST);Tue Oct 15 2019 07:57:50 GMT+0200 (CEST);1571126270000;2.11;471.03;18.34
1380556831572750;29.5;34.9;Tue Oct 15 2019 09:59:43 GMT+0200 (CEST);Tue Oct 15 2019 07:59:43 GMT+0200 (CEST);1571126383000;2.15;476.15;18.51
1380556831572750;29.5;34.9;Tue Oct 15 2019 10:01:44 GMT+0200 (CEST);Tue Oct 15 2019 08:01:44 GMT+0200 (CEST);1571126504000;2.16;483.83;18.72
1380556831572750;29.5;34.9;Tue Oct 15 2019 10:03:41 GMT+0200 (CEST);Tue Oct 15 2019 08:03:41 GMT+0200 (CEST);1571126621000;2.2;491.51;19.05
1380556831572750;29.5;34.9;Tue Oct 15 2019 10:05:33 GMT+0200 (CEST);Tue Oct 15 2019 08:05:33 GMT+0200 (CEST);1571126733000;2.23;496.63;19.22
1380556831572750;29.5;34.9;Tue Oct 15 2019 10:07:35 GMT+0200 (CEST);Tue Oct 15 2019 08:07:35 GMT+0200 (CEST);1571126855000;2.27;504.31;19.35
1380556831572750;30;34.6;Tue Oct 15 2019 10:09:28 GMT+0200 (CEST);Tue Oct 15 2019 08:09:28 GMT+0200 (CEST);1571126968000;2.3;509.43;19.45
1380556831572750;30;34.5;Tue Oct 15 2019 10:11:21 GMT+0200 (CEST);Tue Oct 15 2019 08:11:21 GMT+0200 (CEST);1571127081000;2.35;517.11;19.66
1380556831572750;31.5;34.6;Tue Oct 15 2019 10:13:14 GMT+0200 (CEST);Tue Oct 15 2019 08:13:14 GMT+0200 (CEST);1571127194000;2.38;524.79;19.92
1380556831572750;31.5;34.6;Tue Oct 15 2019 10:15:07 GMT+0200 (CEST);Tue Oct 15 2019 08:15:07 GMT+0200 (CEST);1571127307000;2.38;529.91;20
1380556831572750;31.5;34.4;Tue Oct 15 2019 10:17:00 GMT+0200 (CEST);Tue Oct 15 2019 08:17:00 GMT+0200 (CEST);1571127420000;2.42;537.59;20.08
1380556831572750;31.5;34.1;Tue Oct 15 2019 10:19:00 GMT+0200 (CEST);Tue Oct 15 2019 08:19:00 GMT+0200 (CEST);1571127540000;2.45;542.71;20.21
1380556831572750;31.5;34.1;Tue Oct 15 2019 10:21:53 GMT+0200 (CEST);Tue Oct 15 2019 08:21:53 GMT+0200 (CEST);1571127713000;2.5;552.95;20.5
1380556831572750;32;34.1;Tue Oct 15 2019 10:23:45 GMT+0200 (CEST);Tue Oct 15 2019 08:23:45 GMT+0200 (CEST);1571127825000;2.53;558.07;20.78
1380556831572750;32;34.1;Tue Oct 15 2019 10:25:44 GMT+0200 (CEST);Tue Oct 15 2019 08:25:44 GMT+0200 (CEST);1571127944000;2.52;563.19;21.05
1380556831572750;33;34;Tue Oct 15 2019 10:27:42 GMT+0200 (CEST);Tue Oct 15 2019 08:27:42 GMT+0200 (CEST);1571128062000;2.56;568.31;21.38
1380556831572750;33;33.8;Tue Oct 15 2019 10:29:35 GMT+0200 (CEST);Tue Oct 15 2019 08:29:35 GMT+0200 (CEST);1571128175000;2.61;573.43;21.48
1380556831572750;33;33.7;Tue Oct 15 2019 10:31:40 GMT+0200 (CEST);Tue Oct 15 2019 08:31:40 GMT+0200 (CEST);1571128300000;2.63;578.55;21.55
1380556831572750;33;33.7;Tue Oct 15 2019 10:33:36 GMT+0200 (CEST);Tue Oct 15 2019 08:33:36 GMT+0200 (CEST);1571128416000;2.66;586.23;21.83
1380556831572750;33;33.6;Tue Oct 15 2019 10:35:53 GMT+0200 (CEST);Tue Oct 15 2019 08:35:53 GMT+0200 (CEST);1571128553000;2.7;591.35;22.24
1380556831572750;35.6;33.6;Tue Oct 15 2019 10:37:47 GMT+0200 (CEST);Tue Oct 15 2019 08:37:47 GMT+0200 (CEST);1571128667000;2.7;593.91;22.55
1380556831572750;35.6;33.6;Tue Oct 15 2019 10:39:41 GMT+0200 (CEST);Tue Oct 15 2019 08:39:41 GMT+0200 (CEST);1571128781000;2.71;601.59;22.46
1380556831572750;36.1;33.7;Tue Oct 15 2019 10:41:52 GMT+0200 (CEST);Tue Oct 15 2019 08:41:52 GMT+0200 (CEST);1571128912000;2.75;609.27;22.35
1380556831572750;36.1;33.6;Tue Oct 15 2019 10:43:45 GMT+0200 (CEST);Tue Oct 15 2019 08:43:45 GMT+0200 (CEST);1571129025000;2.77;614.39;22.27
1380556831572750;36.1;33.4;Tue Oct 15 2019 10:45:39 GMT+0200 (CEST);Tue Oct 15 2019 08:45:39 GMT+0200 (CEST);1571129139000;2.83;622.07;22.31
1380556831572750;37.6;33.4;Tue Oct 15 2019 10:47:33 GMT+0200 (CEST);Tue Oct 15 2019 08:47:33 GMT+0200 (CEST);1571129253000;2.85;624.63;22.41
1380556831572750;37.6;33.4;Tue Oct 15 2019 10:49:48 GMT+0200 (CEST);Tue Oct 15 2019 08:49:48 GMT+0200 (CEST);1571129388000;2.88;629.75;22.37
1380556831572750;37.6;33.4;Tue Oct 15 2019 10:51:48 GMT+0200 (CEST);Tue Oct 15 2019 08:51:48 GMT+0200 (CEST);1571129508000;2.9;639.99;22.5
1380556831572750;37.6;33.4;Tue Oct 15 2019 10:53:42 GMT+0200 (CEST);Tue Oct 15 2019 08:53:42 GMT+0200 (CEST);1571129622000;2.91;642.55;22.42
1380556831572750;37.6;33.5;Tue Oct 15 2019 10:55:36 GMT+0200 (CEST);Tue Oct 15 2019 08:55:36 GMT+0200 (CEST);1571129736000;2.97;645.11;22.35
1380556831572750;38.1;33.4;Tue Oct 15 2019 10:57:43 GMT+0200 (CEST);Tue Oct 15 2019 08:57:43 GMT+0200 (CEST);1571129863000;2.98;652.79;22.36
1380556831572750;38.1;33.4;Tue Oct 15 2019 10:59:37 GMT+0200 (CEST);Tue Oct 15 2019 08:59:37 GMT+0200 (CEST);1571129977000;3;657.59;22.45
1380556831572750;38.1;33.4;Tue Oct 15 2019 11:01:29 GMT+0200 (CEST);Tue Oct 15 2019 09:01:29 GMT+0200 (CEST);1571130089000;3.05;662.07;22.51
1380556831572750;38.1;33.4;Tue Oct 15 2019 11:03:22 GMT+0200 (CEST);Tue Oct 15 2019 09:03:22 GMT+0200 (CEST);1571130202000;3.06;666.07;22.6
1380556831572750;39.6;33.4;Tue Oct 15 2019 11:05:33 GMT+0200 (CEST);Tue Oct 15 2019 09:05:33 GMT+0200 (CEST);1571130333000;3.07;673.26;22.69
1380556831572750;39.6;33.4;Tue Oct 15 2019 11:07:27 GMT+0200 (CEST);Tue Oct 15 2019 09:07:27 GMT+0200 (CEST);1571130447000;3.1;678.46;22.8
1380556831572750;39.6;33.4;Tue Oct 15 2019 11:09:22 GMT+0200 (CEST);Tue Oct 15 2019 09:09:22 GMT+0200 (CEST);1571130562000;3.13;684.71;22.86
1380556831572750;39.6;33.4;Tue Oct 15 2019 11:11:20 GMT+0200 (CEST);Tue Oct 15 2019 09:11:20 GMT+0200 (CEST);1571130680000;3.14;690.56;22.92
1380556831572750;39.6;33.7;Tue Oct 15 2019 11:13:17 GMT+0200 (CEST);Tue Oct 15 2019 09:13:17 GMT+0200 (CEST);1571130797000;3.14;697.3;23.05
1380556831572750;39.6;33.6;Tue Oct 15 2019 11:15:10 GMT+0200 (CEST);Tue Oct 15 2019 09:15:10 GMT+0200 (CEST);1571130910000;2.94;645.11;23.14
1380556831572750;39.6;34;Tue Oct 15 2019 11:17:02 GMT+0200 (CEST);Tue Oct 15 2019 09:17:02 GMT+0200 (CEST);1571131022000;3.13;716.96;23.32
1380556831572750;39.6;33.9;Tue Oct 15 2019 11:19:01 GMT+0200 (CEST);Tue Oct 15 2019 09:19:01 GMT+0200 (CEST);1571131141000;2.69;634.87;23.44
1380556831572750;40.1;33.9;Tue Oct 15 2019 11:21:00 GMT+0200 (CEST);Tue Oct 15 2019 09:21:00 GMT+0200 (CEST);1571131260000;2.83;639.99;23.39
1380556831572750;40.1;33.9;Tue Oct 15 2019 11:22:54 GMT+0200 (CEST);Tue Oct 15 2019 09:22:54 GMT+0200 (CEST);1571131374000;3.02;682.08;23.34
1380556831572750;40.1;33.9;Tue Oct 15 2019 11:24:51 GMT+0200 (CEST);Tue Oct 15 2019 09:24:51 GMT+0200 (CEST);1571131491000;3.13;703.1;23.44
1380556831572750;40.1;33.8;Tue Oct 15 2019 11:26:48 GMT+0200 (CEST);Tue Oct 15 2019 09:26:48 GMT+0200 (CEST);1571131608000;3.29;738.45;23.6
1380556831572750;40.1;33.8;Tue Oct 15 2019 11:28:41 GMT+0200 (CEST);Tue Oct 15 2019 09:28:41 GMT+0200 (CEST);1571131721000;3.45;770.48;24.02
1380556831572750;41.6;33.6;Tue Oct 15 2019 11:30:34 GMT+0200 (CEST);Tue Oct 15 2019 09:30:34 GMT+0200 (CEST);1571131834000;3.49;777.02;24.28
1380556831572750;41.6;33.6;Tue Oct 15 2019 11:32:41 GMT+0200 (CEST);Tue Oct 15 2019 09:32:41 GMT+0200 (CEST);1571131961000;3.52;781.65;24.48
1380556831572750;42.1;33.3;Tue Oct 15 2019 11:34:34 GMT+0200 (CEST);Tue Oct 15 2019 09:34:34 GMT+0200 (CEST);1571132074000;3.45;786.28;24.53
1380556831572750;42.1;33.3;Tue Oct 15 2019 11:36:34 GMT+0200 (CEST);Tue Oct 15 2019 09:36:34 GMT+0200 (CEST);1571132194000;3.51;788.48;24.68
1380556831572750;43.6;33.3;Tue Oct 15 2019 11:38:26 GMT+0200 (CEST);Tue Oct 15 2019 09:38:26 GMT+0200 (CEST);1571132306000;3.19;711.36;24.96
1380556831572750;43.6;33.2;Tue Oct 15 2019 11:40:19 GMT+0200 (CEST);Tue Oct 15 2019 09:40:19 GMT+0200 (CEST);1571132419000;3.02;698.57;25.17
1380556831572750;43.6;33.2;Tue Oct 15 2019 11:42:12 GMT+0200 (CEST);Tue Oct 15 2019 09:42:12 GMT+0200 (CEST);1571132532000;3.42;779.58;25.14
1380556831572750;43.6;33.3;Tue Oct 15 2019 11:44:05 GMT+0200 (CEST);Tue Oct 15 2019 09:44:05 GMT+0200 (CEST);1571132645000;3.54;789.86;25.38
1380556831572750;43.6;33.2;Tue Oct 15 2019 11:45:58 GMT+0200 (CEST);Tue Oct 15 2019 09:45:58 GMT+0200 (CEST);1571132758000;3.38;734.43;25.57
1380556831572750;43.6;33;Tue Oct 15 2019 11:47:53 GMT+0200 (CEST);Tue Oct 15 2019 09:47:53 GMT+0200 (CEST);1571132873000;3.25;704.24;26
1380556831572750;43.6;32.8;Tue Oct 15 2019 11:49:51 GMT+0200 (CEST);Tue Oct 15 2019 09:49:51 GMT+0200 (CEST);1571132991000;3.55;752.84;26.24
1380556831572750;43.6;33.1;Tue Oct 15 2019 11:52:24 GMT+0200 (CEST);Tue Oct 15 2019 09:52:24 GMT+0200 (CEST);1571133144000;3.42;756.5;26.6
1380556831572750;44.1;32.3;Tue Oct 15 2019 11:54:21 GMT+0200 (CEST);Tue Oct 15 2019 09:54:21 GMT+0200 (CEST);1571133261000;3.77;819.63;27.03
1380556831572750;44.1;31.5;Tue Oct 15 2019 11:56:14 GMT+0200 (CEST);Tue Oct 15 2019 09:56:14 GMT+0200 (CEST);1571133374000;3.71;799.51;27.36
1380556831572750;45.6;31.3;Tue Oct 15 2019 11:58:06 GMT+0200 (CEST);Tue Oct 15 2019 09:58:06 GMT+0200 (CEST);1571133486000;4.03;833.67;27.55
1380556831572750;45.6;30.8;Tue Oct 15 2019 11:59:59 GMT+0200 (CEST);Tue Oct 15 2019 09:59:59 GMT+0200 (CEST);1571133599000;2.82;563.19;27.72
1380556831572750;45.6;32.3;Tue Oct 15 2019 12:01:52 GMT+0200 (CEST);Tue Oct 15 2019 10:01:52 GMT+0200 (CEST);1571133712000;3.98;854.96;27.67
1380556831572750;45.6;31.6;Tue Oct 15 2019 12:03:49 GMT+0200 (CEST);Tue Oct 15 2019 10:03:49 GMT+0200 (CEST);1571133829000;4.18;880.91;27.69
1380556831572750;45.6;31.9;Tue Oct 15 2019 12:05:43 GMT+0200 (CEST);Tue Oct 15 2019 10:05:43 GMT+0200 (CEST);1571133943000;4.07;883.3;27.82
1380556831572750;46.1;31.5;Tue Oct 15 2019 12:07:50 GMT+0200 (CEST);Tue Oct 15 2019 10:07:50 GMT+0200 (CEST);1571134070000;4.17;882.26;27.93
1380556831572750;46.1;31.3;Tue Oct 15 2019 12:09:49 GMT+0200 (CEST);Tue Oct 15 2019 10:09:49 GMT+0200 (CEST);1571134189000;4.07;862.79;28.01
1380556831572750;47.7;31.7;Tue Oct 15 2019 12:11:46 GMT+0200 (CEST);Tue Oct 15 2019 10:11:46 GMT+0200 (CEST);1571134306000;3.89;819.17;28.03
1380556831572750;47.7;31.2;Tue Oct 15 2019 12:13:41 GMT+0200 (CEST);Tue Oct 15 2019 10:13:41 GMT+0200 (CEST);1571134421000;3.24;656.64;28.08
1380556831572750;47.7;31.9;Tue Oct 15 2019 12:15:40 GMT+0200 (CEST);Tue Oct 15 2019 10:15:40 GMT+0200 (CEST);1571134540000;3.42;728.17;28.02
1380556831572750;47.7;32.1;Tue Oct 15 2019 12:17:37 GMT+0200 (CEST);Tue Oct 15 2019 10:17:37 GMT+0200 (CEST);1571134657000;3.42;708.89;28.07
1380556831572750;47.7;31.8;Tue Oct 15 2019 12:19:37 GMT+0200 (CEST);Tue Oct 15 2019 10:19:37 GMT+0200 (CEST);1571134777000;3.93;830.03;28.17
1380556831572750;47.7;30.9;Tue Oct 15 2019 12:21:32 GMT+0200 (CEST);Tue Oct 15 2019 10:21:32 GMT+0200 (CEST);1571134892000;3.98;820.79;28.3
1380556831572750;47.7;31.3;Tue Oct 15 2019 12:23:42 GMT+0200 (CEST);Tue Oct 15 2019 10:23:42 GMT+0200 (CEST);1571135022000;3.79;813.79;28.45
1380556831572750;47.7;32.5;Tue Oct 15 2019 12:25:36 GMT+0200 (CEST);Tue Oct 15 2019 10:25:36 GMT+0200 (CEST);1571135136000;3.87;799.53;28.25
1380556831572750;47.7;31.3;Tue Oct 15 2019 12:27:31 GMT+0200 (CEST);Tue Oct 15 2019 10:27:31 GMT+0200 (CEST);1571135251000;3.78;795.4;28.08
1380556831572750;47.7;30.8;Tue Oct 15 2019 12:29:29 GMT+0200 (CEST);Tue Oct 15 2019 10:29:29 GMT+0200 (CEST);1571135369000;3.84;799.78;28.11
1380556831572750;47.7;30.8;Tue Oct 15 2019 12:31:28 GMT+0200 (CEST);Tue Oct 15 2019 10:31:28 GMT+0200 (CEST);1571135488000;3.82;786.5;28.15
1380556831572750;47.7;31;Tue Oct 15 2019 12:33:21 GMT+0200 (CEST);Tue Oct 15 2019 10:33:21 GMT+0200 (CEST);1571135601000;3.53;744.88;28.22
1380556831572750;47.7;31.1;Tue Oct 15 2019 12:35:13 GMT+0200 (CEST);Tue Oct 15 2019 10:35:13 GMT+0200 (CEST);1571135713000;3.81;793.34;28.39
1380556831572750;47.7;31.2;Tue Oct 15 2019 12:37:33 GMT+0200 (CEST);Tue Oct 15 2019 10:37:33 GMT+0200 (CEST);1571135853000;3.81;791.45;28.32
1380556831572750;47.7;31;Tue Oct 15 2019 12:39:27 GMT+0200 (CEST);Tue Oct 15 2019 10:39:27 GMT+0200 (CEST);1571135967000;3.8;792.43;28.08
1380556831572750;47.7;31.3;Tue Oct 15 2019 12:41:20 GMT+0200 (CEST);Tue Oct 15 2019 10:41:20 GMT+0200 (CEST);1571136080000;3.81;793.28;28.13
1380556831572750;47.7;31.5;Tue Oct 15 2019 12:43:14 GMT+0200 (CEST);Tue Oct 15 2019 10:43:14 GMT+0200 (CEST);1571136194000;3.79;792.35;28.22
1380556831572750;47.7;32.1;Tue Oct 15 2019 12:45:07 GMT+0200 (CEST);Tue Oct 15 2019 10:45:07 GMT+0200 (CEST);1571136307000;3.65;791.79;28.36
1380556831572750;47.7;31.8;Tue Oct 15 2019 12:47:06 GMT+0200 (CEST);Tue Oct 15 2019 10:47:06 GMT+0200 (CEST);1571136426000;3.69;782.97;28.55
1380556831572750;47.7;31.3;Tue Oct 15 2019 12:48:59 GMT+0200 (CEST);Tue Oct 15 2019 10:48:59 GMT+0200 (CEST);1571136539000;3.75;787.8;28.64
1380556831572750;47.7;31.3;Tue Oct 15 2019 12:51:17 GMT+0200 (CEST);Tue Oct 15 2019 10:51:17 GMT+0200 (CEST);1571136677000;3.79;788.66;28.46
1380556831572750;47.7;30.8;Tue Oct 15 2019 12:53:10 GMT+0200 (CEST);Tue Oct 15 2019 10:53:10 GMT+0200 (CEST);1571136790000;3.82;786.17;28.39
1380556831572750;47.7;30.8;Tue Oct 15 2019 12:55:04 GMT+0200 (CEST);Tue Oct 15 2019 10:55:04 GMT+0200 (CEST);1571136904000;3.8;788.47;28.64
1380556831572750;47.7;30.9;Tue Oct 15 2019 12:56:56 GMT+0200 (CEST);Tue Oct 15 2019 10:56:56 GMT+0200 (CEST);1571137016000;3.8;787.68;28.67
1380556831572750;47.7;30.8;Tue Oct 15 2019 12:58:51 GMT+0200 (CEST);Tue Oct 15 2019 10:58:51 GMT+0200 (CEST);1571137131000;3.81;787.84;28.79
1380556831572750;47.7;30.8;Tue Oct 15 2019 13:00:44 GMT+0200 (CEST);Tue Oct 15 2019 11:00:44 GMT+0200 (CEST);1571137244000;3.82;793.26;29.11
1380556831572750;47.7;30.8;Tue Oct 15 2019 13:02:37 GMT+0200 (CEST);Tue Oct 15 2019 11:02:37 GMT+0200 (CEST);1571137357000;3.83;792.38;29.14
1380556831572750;47.7;30.8;Tue Oct 15 2019 13:04:34 GMT+0200 (CEST);Tue Oct 15 2019 11:04:34 GMT+0200 (CEST);1571137474000;3.75;790.46;29
1380556831572750;47.7;30.8;Tue Oct 15 2019 13:06:28 GMT+0200 (CEST);Tue Oct 15 2019 11:06:28 GMT+0200 (CEST);1571137588000;3.81;787.46;29.04
1380556831572750;47.7;31;Tue Oct 15 2019 13:08:20 GMT+0200 (CEST);Tue Oct 15 2019 11:08:20 GMT+0200 (CEST);1571137700000;3.78;786.83;29.03
1380556831572750;47.7;31.7;Tue Oct 15 2019 13:10:20 GMT+0200 (CEST);Tue Oct 15 2019 11:10:20 GMT+0200 (CEST);1571137820000;3.7;785.93;29
1380556831572750;47.7;31.4;Tue Oct 15 2019 13:12:16 GMT+0200 (CEST);Tue Oct 15 2019 11:12:16 GMT+0200 (CEST);1571137936000;3.74;784.15;28.82
1380556831572750;47.7;31.3;Tue Oct 15 2019 13:14:09 GMT+0200 (CEST);Tue Oct 15 2019 11:14:09 GMT+0200 (CEST);1571138049000;3.75;790.11;28.85
1380556831572750;47.7;31.3;Tue Oct 15 2019 13:16:06 GMT+0200 (CEST);Tue Oct 15 2019 11:16:06 GMT+0200 (CEST);1571138166000;3.76;796.01;28.97
1380556831572750;47.7;31.3;Tue Oct 15 2019 13:18:04 GMT+0200 (CEST);Tue Oct 15 2019 11:18:04 GMT+0200 (CEST);1571138284000;3.79;800.82;29.21
1380556831572750;47.7;31.5;Tue Oct 15 2019 13:19:57 GMT+0200 (CEST);Tue Oct 15 2019 11:19:57 GMT+0200 (CEST);1571138397000;3.73;786.63;29.23
1380556831572750;47.7;31.9;Tue Oct 15 2019 13:21:59 GMT+0200 (CEST);Tue Oct 15 2019 11:21:59 GMT+0200 (CEST);1571138519000;3.72;800.02;29.14
1380556831572750;47.7;32.4;Tue Oct 15 2019 13:23:52 GMT+0200 (CEST);Tue Oct 15 2019 11:23:52 GMT+0200 (CEST);1571138632000;3.72;801.9;29.03
1380556831572750;47.7;32.2;Tue Oct 15 2019 13:25:47 GMT+0200 (CEST);Tue Oct 15 2019 11:25:47 GMT+0200 (CEST);1571138747000;3.71;806.25;29.06
1380556831572750;47.7;32.1;Tue Oct 15 2019 13:27:41 GMT+0200 (CEST);Tue Oct 15 2019 11:27:41 GMT+0200 (CEST);1571138861000;3.76;809.02;29.25
1380556831572750;47.7;32.2;Tue Oct 15 2019 13:29:34 GMT+0200 (CEST);Tue Oct 15 2019 11:29:34 GMT+0200 (CEST);1571138974000;3.64;808.34;29.47
1380556831572750;47.7;32.4;Tue Oct 15 2019 13:31:32 GMT+0200 (CEST);Tue Oct 15 2019 11:31:32 GMT+0200 (CEST);1571139092000;3.73;805.9;29.59
1380556831572750;47.7;32.3;Tue Oct 15 2019 13:33:30 GMT+0200 (CEST);Tue Oct 15 2019 11:33:30 GMT+0200 (CEST);1571139210000;3.58;770.57;29.82
1380556831572750;47.7;32.5;Tue Oct 15 2019 13:35:25 GMT+0200 (CEST);Tue Oct 15 2019 11:35:25 GMT+0200 (CEST);1571139325000;3.57;794.7;29.64
1380556831572750;48.2;31;Tue Oct 15 2019 13:37:18 GMT+0200 (CEST);Tue Oct 15 2019 11:37:18 GMT+0200 (CEST);1571139438000;3.85;810.88;29.57
1380556831572750;48.2;31.7;Tue Oct 15 2019 13:39:15 GMT+0200 (CEST);Tue Oct 15 2019 11:39:15 GMT+0200 (CEST);1571139555000;3.86;810.51;29.83
1380556831572750;46.6;32.3;Tue Oct 15 2019 13:41:10 GMT+0200 (CEST);Tue Oct 15 2019 11:41:10 GMT+0200 (CEST);1571139670000;3.79;808.93;29.94
1380556831572750;46.6;31.4;Tue Oct 15 2019 13:43:04 GMT+0200 (CEST);Tue Oct 15 2019 11:43:04 GMT+0200 (CEST);1571139784000;3.86;809.7;29.78
1380556831572750;48.2;31.7;Tue Oct 15 2019 13:45:03 GMT+0200 (CEST);Tue Oct 15 2019 11:45:03 GMT+0200 (CEST);1571139903000;3.69;775.25;29.71
1380556831572750;48.2;31.5;Tue Oct 15 2019 13:47:08 GMT+0200 (CEST);Tue Oct 15 2019 11:47:08 GMT+0200 (CEST);1571140028000;3.15;697.1;29.31
1380556831572750;48.2;32.3;Tue Oct 15 2019 13:49:08 GMT+0200 (CEST);Tue Oct 15 2019 11:49:08 GMT+0200 (CEST);1571140148000;2.47;550.39;29
1380556831572750;48.2;31.9;Tue Oct 15 2019 13:51:00 GMT+0200 (CEST);Tue Oct 15 2019 11:51:00 GMT+0200 (CEST);1571140260000;1.23;254.37;28.47
1380556831572750;48.2;31.8;Tue Oct 15 2019 13:52:53 GMT+0200 (CEST);Tue Oct 15 2019 11:52:53 GMT+0200 (CEST);1571140373000;0.75;163.67;27.73
1380556831572750;46.1;31.8;Tue Oct 15 2019 13:54:47 GMT+0200 (CEST);Tue Oct 15 2019 11:54:47 GMT+0200 (CEST);1571140487000;1.23;270.64;26.75
1380556831572750;46.1;33.2;Tue Oct 15 2019 13:56:51 GMT+0200 (CEST);Tue Oct 15 2019 11:56:51 GMT+0200 (CEST);1571140611000;2.47;473.59;26.14
1380556831572750;46.1;33;Tue Oct 15 2019 13:58:51 GMT+0200 (CEST);Tue Oct 15 2019 11:58:51 GMT+0200 (CEST);1571140731000;3.73;775.3;26.34
1380556831572750;44.1;32.1;Tue Oct 15 2019 14:00:52 GMT+0200 (CEST);Tue Oct 15 2019 12:00:52 GMT+0200 (CEST);1571140852000;3.4;699.35;26.82
1380556831572750;44.1;32.9;Tue Oct 15 2019 14:02:49 GMT+0200 (CEST);Tue Oct 15 2019 12:02:49 GMT+0200 (CEST);1571140969000;2.48;555.51;27.16
1380556831572750;43.6;33.2;Tue Oct 15 2019 14:04:45 GMT+0200 (CEST);Tue Oct 15 2019 12:04:45 GMT+0200 (CEST);1571141085000;2.89;570.87;27.01
1380556831572750;43.6;32.3;Tue Oct 15 2019 14:06:41 GMT+0200 (CEST);Tue Oct 15 2019 12:06:41 GMT+0200 (CEST);1571141201000;2.93;575.99;27.07
1380556831572750;43.6;32.9;Tue Oct 15 2019 14:08:39 GMT+0200 (CEST);Tue Oct 15 2019 12:08:39 GMT+0200 (CEST);1571141319000;3.08;676.94;27.32
1380556831572750;43.6;33.1;Tue Oct 15 2019 14:10:32 GMT+0200 (CEST);Tue Oct 15 2019 12:10:32 GMT+0200 (CEST);1571141432000;3.23;708.12;27.53
1380556831572750;43.6;33.3;Tue Oct 15 2019 14:12:31 GMT+0200 (CEST);Tue Oct 15 2019 12:12:31 GMT+0200 (CEST);1571141551000;3.44;768.49;27.89
1380556831572750;44.1;31.9;Tue Oct 15 2019 14:14:25 GMT+0200 (CEST);Tue Oct 15 2019 12:14:25 GMT+0200 (CEST);1571141665000;3.75;792.53;28.28
1380556831572750;44.1;32.7;Tue Oct 15 2019 14:16:28 GMT+0200 (CEST);Tue Oct 15 2019 12:16:28 GMT+0200 (CEST);1571141788000;3.5;752.22;28.73
1380556831572750;45.6;32.6;Tue Oct 15 2019 14:18:25 GMT+0200 (CEST);Tue Oct 15 2019 12:18:25 GMT+0200 (CEST);1571141905000;2.64;573.43;29.12
1380556831572750;45.6;32.8;Tue Oct 15 2019 14:20:47 GMT+0200 (CEST);Tue Oct 15 2019 12:20:47 GMT+0200 (CEST);1571142047000;2.31;506.87;28.59
1380556831572750;45.6;32.6;Tue Oct 15 2019 14:22:39 GMT+0200 (CEST);Tue Oct 15 2019 12:22:39 GMT+0200 (CEST);1571142159000;1.61;323.7;28.04
1380556831572750;45.6;31.4;Tue Oct 15 2019 14:24:33 GMT+0200 (CEST);Tue Oct 15 2019 12:24:33 GMT+0200 (CEST);1571142273000;0.76;164.84;27.53
1380556831572750;45.6;31.6;Tue Oct 15 2019 14:26:26 GMT+0200 (CEST);Tue Oct 15 2019 12:26:26 GMT+0200 (CEST);1571142386000;0.7;153.64;26.85
1380556831572750;43.6;32.2;Tue Oct 15 2019 14:28:19 GMT+0200 (CEST);Tue Oct 15 2019 12:28:19 GMT+0200 (CEST);1571142499000;1.48;340.47;26.27
1380556831572750;43.6;33.1;Tue Oct 15 2019 14:30:30 GMT+0200 (CEST);Tue Oct 15 2019 12:30:30 GMT+0200 (CEST);1571142630000;2.42;499.19;26.1
1380556831572750;41.6;33;Tue Oct 15 2019 14:32:23 GMT+0200 (CEST);Tue Oct 15 2019 12:32:23 GMT+0200 (CEST);1571142743000;2.77;606.71;26.19
1380556831572750;41.6;33.3;Tue Oct 15 2019 14:34:24 GMT+0200 (CEST);Tue Oct 15 2019 12:34:24 GMT+0200 (CEST);1571142864000;3.28;703.97;26.53
1380556831572750;41.6;32.8;Tue Oct 15 2019 14:36:18 GMT+0200 (CEST);Tue Oct 15 2019 12:36:18 GMT+0200 (CEST);1571142978000;3.59;759.28;26.97
1380556831572750;41.6;32;Tue Oct 15 2019 14:38:18 GMT+0200 (CEST);Tue Oct 15 2019 12:38:18 GMT+0200 (CEST);1571143098000;3.62;735.44;27.57
1380556831572750;41.6;31.8;Tue Oct 15 2019 14:40:11 GMT+0200 (CEST);Tue Oct 15 2019 12:40:11 GMT+0200 (CEST);1571143211000;3.59;746.21;28.02
1380556831572750;41.6;31.9;Tue Oct 15 2019 14:42:06 GMT+0200 (CEST);Tue Oct 15 2019 12:42:06 GMT+0200 (CEST);1571143326000;3.43;697.07;28.42
1380556831572750;41.6;30.9;Tue Oct 15 2019 14:44:01 GMT+0200 (CEST);Tue Oct 15 2019 12:44:01 GMT+0200 (CEST);1571143441000;3.13;666.41;28.69
1380556831572750;41.6;31.9;Tue Oct 15 2019 14:45:53 GMT+0200 (CEST);Tue Oct 15 2019 12:45:53 GMT+0200 (CEST);1571143553000;2.81;591.35;28.77
1380556831572750;43.6;31.8;Tue Oct 15 2019 14:47:48 GMT+0200 (CEST);Tue Oct 15 2019 12:47:48 GMT+0200 (CEST);1571143668000;2.38;504.31;28.63
1380556831572750;43.6;31;Tue Oct 15 2019 14:49:42 GMT+0200 (CEST);Tue Oct 15 2019 12:49:42 GMT+0200 (CEST);1571143782000;1.72;345.59;28.19
1380556831572750;43.6;31.4;Tue Oct 15 2019 14:51:46 GMT+0200 (CEST);Tue Oct 15 2019 12:51:46 GMT+0200 (CEST);1571143906000;2.14;450.55;27.82
1380556831572750;43.6;32.4;Tue Oct 15 2019 14:53:39 GMT+0200 (CEST);Tue Oct 15 2019 12:53:39 GMT+0200 (CEST);1571144019000;1.68;358.39;27.61
1380556831572750;43.6;32.9;Tue Oct 15 2019 14:55:32 GMT+0200 (CEST);Tue Oct 15 2019 12:55:32 GMT+0200 (CEST);1571144132000;1.78;368.63;27.39
1380556831572750;43.6;33.2;Tue Oct 15 2019 14:57:24 GMT+0200 (CEST);Tue Oct 15 2019 12:57:24 GMT+0200 (CEST);1571144244000;1.67;366.07;27.15
1380556831572750;43.6;33;Tue Oct 15 2019 14:59:17 GMT+0200 (CEST);Tue Oct 15 2019 12:59:17 GMT+0200 (CEST);1571144357000;1.85;389.11;26.64
1380556831572750;43.6;33.2;Tue Oct 15 2019 15:01:10 GMT+0200 (CEST);Tue Oct 15 2019 13:01:10 GMT+0200 (CEST);1571144470000;1.92;419.83;26.4
1380556831572750;43.6;32.5;Tue Oct 15 2019 15:03:03 GMT+0200 (CEST);Tue Oct 15 2019 13:03:03 GMT+0200 (CEST);1571144583000;1.57;317.19;26.17
1380556831572750;43.6;33.2;Tue Oct 15 2019 15:04:55 GMT+0200 (CEST);Tue Oct 15 2019 13:04:55 GMT+0200 (CEST);1571144695000;2.48;540.15;26.08
1380556831572750;40.1;33.5;Tue Oct 15 2019 15:07:29 GMT+0200 (CEST);Tue Oct 15 2019 13:07:29 GMT+0200 (CEST);1571144849000;2.11;476.15;26.41
1380556831572750;40.1;33.6;Tue Oct 15 2019 15:09:24 GMT+0200 (CEST);Tue Oct 15 2019 13:09:24 GMT+0200 (CEST);1571144964000;1.96;399.35;26.35
1380556831572750;40.1;33.4;Tue Oct 15 2019 15:11:18 GMT+0200 (CEST);Tue Oct 15 2019 13:11:18 GMT+0200 (CEST);1571145078000;1.46;294.22;26.06
1380556831572750;40.1;32.9;Tue Oct 15 2019 15:13:13 GMT+0200 (CEST);Tue Oct 15 2019 13:13:13 GMT+0200 (CEST);1571145193000;1.05;224.15;25.81
1380556831572750;40.1;33;Tue Oct 15 2019 15:15:06 GMT+0200 (CEST);Tue Oct 15 2019 13:15:06 GMT+0200 (CEST);1571145306000;1.16;253.9;25.51
1380556831572750;40.1;33.5;Tue Oct 15 2019 15:17:00 GMT+0200 (CEST);Tue Oct 15 2019 13:17:00 GMT+0200 (CEST);1571145420000;1.08;231.72;25.14
1380556831572750;39.6;33.4;Tue Oct 15 2019 15:18:53 GMT+0200 (CEST);Tue Oct 15 2019 13:18:53 GMT+0200 (CEST);1571145533000;1.05;226.68;25.05
1380556831572750;39.6;33.6;Tue Oct 15 2019 15:20:51 GMT+0200 (CEST);Tue Oct 15 2019 13:20:51 GMT+0200 (CEST);1571145651000;1.13;238.64;24.92
1380556831572750;39.6;33.8;Tue Oct 15 2019 15:22:59 GMT+0200 (CEST);Tue Oct 15 2019 13:22:59 GMT+0200 (CEST);1571145779000;1.19;234.72;24.71
1380556831572750;38.1;34.3;Tue Oct 15 2019 15:24:52 GMT+0200 (CEST);Tue Oct 15 2019 13:24:52 GMT+0200 (CEST);1571145892000;1.85;399.35;24.55
1380556831572750;38.1;34.5;Tue Oct 15 2019 15:26:45 GMT+0200 (CEST);Tue Oct 15 2019 13:26:45 GMT+0200 (CEST);1571146005000;1.71;358.39;24.74
1380556831572750;38.1;34;Tue Oct 15 2019 15:28:37 GMT+0200 (CEST);Tue Oct 15 2019 13:28:37 GMT+0200 (CEST);1571146117000;0.92;204.18;24.85
1380556831572750;38.1;33.6;Tue Oct 15 2019 15:30:30 GMT+0200 (CEST);Tue Oct 15 2019 13:30:30 GMT+0200 (CEST);1571146230000;0.91;195.52;24.76
1380556831572750;38.1;33.5;Tue Oct 15 2019 15:32:24 GMT+0200 (CEST);Tue Oct 15 2019 13:32:24 GMT+0200 (CEST);1571146344000;0.89;186.23;24.53
1380556831572750;37.6;34;Tue Oct 15 2019 15:34:35 GMT+0200 (CEST);Tue Oct 15 2019 13:34:35 GMT+0200 (CEST);1571146475000;1.15;247.85;24.17
1380556831572750;37.6;33.4;Tue Oct 15 2019 15:36:30 GMT+0200 (CEST);Tue Oct 15 2019 13:36:30 GMT+0200 (CEST);1571146590000;0.83;176.7;23.92
1380556831572750;36.1;32.7;Tue Oct 15 2019 15:38:28 GMT+0200 (CEST);Tue Oct 15 2019 13:38:28 GMT+0200 (CEST);1571146708000;0.68;141.28;23.61
1380556831572750;36.1;32.6;Tue Oct 15 2019 15:40:30 GMT+0200 (CEST);Tue Oct 15 2019 13:40:30 GMT+0200 (CEST);1571146830000;0.65;135.91;23.29
1380556831572750;35.6;32.6;Tue Oct 15 2019 15:42:26 GMT+0200 (CEST);Tue Oct 15 2019 13:42:26 GMT+0200 (CEST);1571146946000;0.62;133.46;23.04
1380556831572750;35.6;32.7;Tue Oct 15 2019 15:44:21 GMT+0200 (CEST);Tue Oct 15 2019 13:44:21 GMT+0200 (CEST);1571147061000;0.61;128.11;22.88
1380556831572750;35.6;32.6;Tue Oct 15 2019 15:46:19 GMT+0200 (CEST);Tue Oct 15 2019 13:46:19 GMT+0200 (CEST);1571147179000;0.59;124.19;22.73
1380556831572750;33;32.6;Tue Oct 15 2019 15:48:17 GMT+0200 (CEST);Tue Oct 15 2019 13:48:17 GMT+0200 (CEST);1571147297000;0.57;122.25;22.6
1380556831572750;33;32.8;Tue Oct 15 2019 15:50:13 GMT+0200 (CEST);Tue Oct 15 2019 13:50:13 GMT+0200 (CEST);1571147413000;0.57;122.15;22.46
1380556831572750;33;32.8;Tue Oct 15 2019 15:52:07 GMT+0200 (CEST);Tue Oct 15 2019 13:52:07 GMT+0200 (CEST);1571147527000;0.58;124.18;22.35
1380556831572750;33;32.8;Tue Oct 15 2019 15:54:00 GMT+0200 (CEST);Tue Oct 15 2019 13:54:00 GMT+0200 (CEST);1571147640000;0.59;127.68;22.28
1380556831572750;32;32.8;Tue Oct 15 2019 15:56:04 GMT+0200 (CEST);Tue Oct 15 2019 13:56:04 GMT+0200 (CEST);1571147764000;0.64;136.48;22.28
1380556831572750;32;33.1;Tue Oct 15 2019 15:58:01 GMT+0200 (CEST);Tue Oct 15 2019 13:58:01 GMT+0200 (CEST);1571147881000;0.7;151.39;22.31
1380556831572750;32;33.8;Tue Oct 15 2019 15:59:53 GMT+0200 (CEST);Tue Oct 15 2019 13:59:53 GMT+0200 (CEST);1571147993000;0.74;165.59;22.33
1380556831572750;32;36.4;Tue Oct 15 2019 16:01:49 GMT+0200 (CEST);Tue Oct 15 2019 14:01:49 GMT+0200 (CEST);1571148109000;0.8;244.32;22.45
1380556831572750;32;38.2;Tue Oct 15 2019 16:03:50 GMT+0200 (CEST);Tue Oct 15 2019 14:03:50 GMT+0200 (CEST);1571148230000;0.84;313.21;22.82
1380556831572750;35.6;38.7;Tue Oct 15 2019 16:06:01 GMT+0200 (CEST);Tue Oct 15 2019 14:06:01 GMT+0200 (CEST);1571148361000;0.92;360.95;23.29
1380556831572750;35.6;38.8;Tue Oct 15 2019 16:07:56 GMT+0200 (CEST);Tue Oct 15 2019 14:07:56 GMT+0200 (CEST);1571148476000;0.93;273.46;23.82
1380556831572750;35.6;33.4;Tue Oct 15 2019 16:09:55 GMT+0200 (CEST);Tue Oct 15 2019 14:09:55 GMT+0200 (CEST);1571148595000;0.97;237.68;23.96
1380556831572750;35.6;34.1;Tue Oct 15 2019 16:11:49 GMT+0200 (CEST);Tue Oct 15 2019 14:11:49 GMT+0200 (CEST);1571148709000;0.97;207.35;23.98
1380556831572750;35.6;33.5;Tue Oct 15 2019 16:13:47 GMT+0200 (CEST);Tue Oct 15 2019 14:13:47 GMT+0200 (CEST);1571148827000;0.95;208.15;23.89
1380556831572750;33;32.8;Tue Oct 15 2019 16:15:48 GMT+0200 (CEST);Tue Oct 15 2019 14:15:48 GMT+0200 (CEST);1571148948000;0.9;223.75;23.75
1380556831572750;33;33.8;Tue Oct 15 2019 16:17:41 GMT+0200 (CEST);Tue Oct 15 2019 14:17:41 GMT+0200 (CEST);1571149061000;0.86;259.02;23.78
1380556831572750;33;34;Tue Oct 15 2019 16:19:35 GMT+0200 (CEST);Tue Oct 15 2019 14:19:35 GMT+0200 (CEST);1571149175000;0.8;205.41;23.79
1380556831572750;33;35;Tue Oct 15 2019 16:21:29 GMT+0200 (CEST);Tue Oct 15 2019 14:21:29 GMT+0200 (CEST);1571149289000;0.79;292.7;23.73
1380556831572750;33;36.5;Tue Oct 15 2019 16:23:25 GMT+0200 (CEST);Tue Oct 15 2019 14:23:25 GMT+0200 (CEST);1571149405000;0.77;229.27;23.85
1380556831572750;34.1;36.9;Tue Oct 15 2019 16:25:25 GMT+0200 (CEST);Tue Oct 15 2019 14:25:25 GMT+0200 (CEST);1571149525000;0.74;207.28;23.93
1380556831572750;34.1;35.6;Tue Oct 15 2019 16:27:19 GMT+0200 (CEST);Tue Oct 15 2019 14:27:19 GMT+0200 (CEST);1571149639000;0.68;187.6;23.8
1380556831572750;35.6;35.4;Tue Oct 15 2019 16:29:12 GMT+0200 (CEST);Tue Oct 15 2019 14:29:12 GMT+0200 (CEST);1571149752000;0.66;158.73;23.62
1380556831572750;35.6;34.5;Tue Oct 15 2019 16:31:17 GMT+0200 (CEST);Tue Oct 15 2019 14:31:17 GMT+0200 (CEST);1571149877000;0.63;163.6;23.41
1380556831572750;35.6;35.3;Tue Oct 15 2019 16:33:27 GMT+0200 (CEST);Tue Oct 15 2019 14:33:27 GMT+0200 (CEST);1571150007000;0.63;191.81;23.18
1380556831572750;35.6;34.6;Tue Oct 15 2019 16:35:21 GMT+0200 (CEST);Tue Oct 15 2019 14:35:21 GMT+0200 (CEST);1571150121000;0.64;215.95;23.17
1380556831572750;35.6;34;Tue Oct 15 2019 16:37:14 GMT+0200 (CEST);Tue Oct 15 2019 14:37:14 GMT+0200 (CEST);1571150234000;0.64;235.98;23.2
1380556831572750;33;34.9;Tue Oct 15 2019 16:39:06 GMT+0200 (CEST);Tue Oct 15 2019 14:39:06 GMT+0200 (CEST);1571150346000;0.62;195.03;23.3
1380556831572750;33;36.3;Tue Oct 15 2019 16:41:10 GMT+0200 (CEST);Tue Oct 15 2019 14:41:10 GMT+0200 (CEST);1571150470000;0.61;211.08;23.42
1380556831572750;35.6;37.8;Tue Oct 15 2019 16:43:06 GMT+0200 (CEST);Tue Oct 15 2019 14:43:06 GMT+0200 (CEST);1571150586000;0.61;203.66;23.57
1380556831572750;35.6;37.4;Tue Oct 15 2019 16:44:59 GMT+0200 (CEST);Tue Oct 15 2019 14:44:59 GMT+0200 (CEST);1571150699000;0.59;278.65;23.62
1380556831572750;35.6;38.2;Tue Oct 15 2019 16:46:51 GMT+0200 (CEST);Tue Oct 15 2019 14:46:51 GMT+0200 (CEST);1571150811000;0.61;299.9;23.79
1380556831572750;35.6;37.7;Tue Oct 15 2019 16:48:56 GMT+0200 (CEST);Tue Oct 15 2019 14:48:56 GMT+0200 (CEST);1571150936000;0.59;204.37;24.13
1380556831572750;35.6;37.7;Tue Oct 15 2019 16:50:50 GMT+0200 (CEST);Tue Oct 15 2019 14:50:50 GMT+0200 (CEST);1571151050000;0.6;244.9;24.28
1380556831572750;35.6;37.5;Tue Oct 15 2019 16:52:46 GMT+0200 (CEST);Tue Oct 15 2019 14:52:46 GMT+0200 (CEST);1571151166000;0.58;206.61;24.29
1380556831572750;35.6;37;Tue Oct 15 2019 16:54:39 GMT+0200 (CEST);Tue Oct 15 2019 14:54:39 GMT+0200 (CEST);1571151279000;0.58;205.73;24.28
1380556831572750;35.6;37.1;Tue Oct 15 2019 16:56:45 GMT+0200 (CEST);Tue Oct 15 2019 14:56:45 GMT+0200 (CEST);1571151405000;0.58;184.86;24.25
1380556831572750;35.6;35.9;Tue Oct 15 2019 16:58:38 GMT+0200 (CEST);Tue Oct 15 2019 14:58:38 GMT+0200 (CEST);1571151518000;0.57;173.55;23.85
1380556831572750;35.6;37.2;Tue Oct 15 2019 17:00:31 GMT+0200 (CEST);Tue Oct 15 2019 15:00:31 GMT+0200 (CEST);1571151631000;0.59;188.73;23.61
1380556831572750;35.6;36;Tue Oct 15 2019 17:02:24 GMT+0200 (CEST);Tue Oct 15 2019 15:02:24 GMT+0200 (CEST);1571151744000;0.58;191.55;23.53
1380556831572750;35.6;36.9;Tue Oct 15 2019 17:04:22 GMT+0200 (CEST);Tue Oct 15 2019 15:04:22 GMT+0200 (CEST);1571151862000;0.58;206.68;23.55
1380556831572750;35.6;36.8;Tue Oct 15 2019 17:06:21 GMT+0200 (CEST);Tue Oct 15 2019 15:06:21 GMT+0200 (CEST);1571151981000;0.55;164.65;23.58
1380556831572750;35.6;36.6;Tue Oct 15 2019 17:08:14 GMT+0200 (CEST);Tue Oct 15 2019 15:08:14 GMT+0200 (CEST);1571152094000;0.5;169.33;23.56
1380556831572750;35.6;37;Tue Oct 15 2019 17:09:59 GMT+0200 (CEST);Tue Oct 15 2019 15:09:59 GMT+0200 (CEST);1571152199000;0.48;184.36;23.56
1380556831572750;35.6;37.4;Tue Oct 15 2019 17:11:57 GMT+0200 (CEST);Tue Oct 15 2019 15:11:57 GMT+0200 (CEST);1571152317000;0.45;189.8;23.62
1380556831572750;35.6;37.5;Tue Oct 15 2019 17:13:55 GMT+0200 (CEST);Tue Oct 15 2019 15:13:55 GMT+0200 (CEST);1571152435000;0.43;194.91;23.67
1380556831572750;35.6;37.6;Tue Oct 15 2019 17:15:48 GMT+0200 (CEST);Tue Oct 15 2019 15:15:48 GMT+0200 (CEST);1571152548000;0.42;190.45;23.82
1380556831572750;35.6;37.5;Tue Oct 15 2019 17:17:41 GMT+0200 (CEST);Tue Oct 15 2019 15:17:41 GMT+0200 (CEST);1571152661000;0.4;184.9;23.92
1380556831572750;35.6;37;Tue Oct 15 2019 17:19:53 GMT+0200 (CEST);Tue Oct 15 2019 15:19:53 GMT+0200 (CEST);1571152793000;0.37;151.08;23.95
1380556831572750;35.6;37.3;Tue Oct 15 2019 17:21:45 GMT+0200 (CEST);Tue Oct 15 2019 15:21:45 GMT+0200 (CEST);1571152905000;0.37;164.92;23.83
1380556831572750;35.6;36;Tue Oct 15 2019 17:23:38 GMT+0200 (CEST);Tue Oct 15 2019 15:23:38 GMT+0200 (CEST);1571153018000;0.46;145.17;23.72
1380556831572750;33;35.4;Tue Oct 15 2019 17:25:31 GMT+0200 (CEST);Tue Oct 15 2019 15:25:31 GMT+0200 (CEST);1571153131000;0.45;147.48;23.58
1380556831572750;33;36;Tue Oct 15 2019 17:27:24 GMT+0200 (CEST);Tue Oct 15 2019 15:27:24 GMT+0200 (CEST);1571153244000;0.46;149.29;23.57
1380556831572750;33;36;Tue Oct 15 2019 17:29:18 GMT+0200 (CEST);Tue Oct 15 2019 15:29:18 GMT+0200 (CEST);1571153358000;0.43;141.81;23.6
1380556831572750;33;35.8;Tue Oct 15 2019 17:31:11 GMT+0200 (CEST);Tue Oct 15 2019 15:31:11 GMT+0200 (CEST);1571153471000;0.41;133.8;23.7
1380556831572750;33;35.9;Tue Oct 15 2019 17:33:19 GMT+0200 (CEST);Tue Oct 15 2019 15:33:19 GMT+0200 (CEST);1571153599000;0.38;129.18;23.73
1380556831572750;33;35.8;Tue Oct 15 2019 17:35:15 GMT+0200 (CEST);Tue Oct 15 2019 15:35:15 GMT+0200 (CEST);1571153715000;0.33;68.49;23.56
1380556831572750;33;33;Tue Oct 15 2019 17:37:09 GMT+0200 (CEST);Tue Oct 15 2019 15:37:09 GMT+0200 (CEST);1571153829000;0.26;51.08;23.17
1380556831572750;33;31.9;Tue Oct 15 2019 17:39:02 GMT+0200 (CEST);Tue Oct 15 2019 15:39:02 GMT+0200 (CEST);1571153942000;0.24;46.68;22.73
1380556831572750;31.5;31.6;Tue Oct 15 2019 17:40:55 GMT+0200 (CEST);Tue Oct 15 2019 15:40:55 GMT+0200 (CEST);1571154055000;0.23;45.03;22.27
1380556831572750;31.5;31.7;Tue Oct 15 2019 17:42:48 GMT+0200 (CEST);Tue Oct 15 2019 15:42:48 GMT+0200 (CEST);1571154168000;0.23;45.57;21.86
1380556831572750;29.5;31.7;Tue Oct 15 2019 17:44:40 GMT+0200 (CEST);Tue Oct 15 2019 15:44:40 GMT+0200 (CEST);1571154280000;0.22;44.35;21.42
1380556831572750;29.5;31.6;Tue Oct 15 2019 17:46:38 GMT+0200 (CEST);Tue Oct 15 2019 15:46:38 GMT+0200 (CEST);1571154398000;0.21;40.3;21.07
1380556831572750;29.5;31.4;Tue Oct 15 2019 17:48:30 GMT+0200 (CEST);Tue Oct 15 2019 15:48:30 GMT+0200 (CEST);1571154510000;0.18;35.88;20.74
1380556831572750;28;31.2;Tue Oct 15 2019 17:51:02 GMT+0200 (CEST);Tue Oct 15 2019 15:51:02 GMT+0200 (CEST);1571154662000;0.16;32.19;20.37
1380556831572750;28;31.2;Tue Oct 15 2019 17:52:54 GMT+0200 (CEST);Tue Oct 15 2019 15:52:54 GMT+0200 (CEST);1571154774000;0.15;29.51;20.08
1380556831572750;27.5;31.2;Tue Oct 15 2019 17:54:48 GMT+0200 (CEST);Tue Oct 15 2019 15:54:48 GMT+0200 (CEST);1571154888000;0.13;27.3;19.85
1380556831572750;27.5;31.2;Tue Oct 15 2019 17:56:43 GMT+0200 (CEST);Tue Oct 15 2019 15:56:43 GMT+0200 (CEST);1571155003000;0.12;24.79;19.58
1380556831572750;27.5;31.1;Tue Oct 15 2019 17:58:40 GMT+0200 (CEST);Tue Oct 15 2019 15:58:40 GMT+0200 (CEST);1571155120000;0.1;22.27;19.33
1380556831572750;27.5;30.8;Tue Oct 15 2019 18:00:33 GMT+0200 (CEST);Tue Oct 15 2019 16:00:33 GMT+0200 (CEST);1571155233000;0.1;19.97;19.1
1380556831572750;27.5;29.8;Tue Oct 15 2019 18:02:26 GMT+0200 (CEST);Tue Oct 15 2019 16:02:26 GMT+0200 (CEST);1571155346000;0.09;18.06;18.92
1380556831572750;27.5;29.1;Tue Oct 15 2019 18:04:20 GMT+0200 (CEST);Tue Oct 15 2019 16:04:20 GMT+0200 (CEST);1571155460000;0.08;15.94;18.7
1380556831572750;27.5;28.4;Tue Oct 15 2019 18:06:18 GMT+0200 (CEST);Tue Oct 15 2019 16:06:18 GMT+0200 (CEST);1571155578000;0.07;13.73;18.5
1380556831572750;27.5;28.6;Tue Oct 15 2019 18:08:11 GMT+0200 (CEST);Tue Oct 15 2019 16:08:11 GMT+0200 (CEST);1571155691000;0;11.89;18.32
1380556831572750;24;29.3;Tue Oct 15 2019 18:10:04 GMT+0200 (CEST);Tue Oct 15 2019 16:10:04 GMT+0200 (CEST);1571155804000;0;10.46;18.16
1380556831572750;24;29.3;Tue Oct 15 2019 18:11:57 GMT+0200 (CEST);Tue Oct 15 2019 16:11:57 GMT+0200 (CEST);1571155917000;0;8.75;18.01
1380556831572750;24;28.7;Tue Oct 15 2019 18:13:57 GMT+0200 (CEST);Tue Oct 15 2019 16:13:57 GMT+0200 (CEST);1571156037000;0;7.1;17.87
1380556831572750;23.5;29.7;Tue Oct 15 2019 18:15:49 GMT+0200 (CEST);Tue Oct 15 2019 16:15:49 GMT+0200 (CEST);1571156149000;0;5.94;17.75
1380556831572750;23.5;29.9;Tue Oct 15 2019 18:17:44 GMT+0200 (CEST);Tue Oct 15 2019 16:17:44 GMT+0200 (CEST);1571156264000;0;4.78;17.64
1380556831572750;23.5;30.1;Tue Oct 15 2019 18:19:37 GMT+0200 (CEST);Tue Oct 15 2019 16:19:37 GMT+0200 (CEST);1571156377000;0;3.72;17.53
1380556831572750;23.5;31.1;Tue Oct 15 2019 18:21:49 GMT+0200 (CEST);Tue Oct 15 2019 16:21:49 GMT+0200 (CEST);1571156509000;0;2.85;17.42
1380556831572750;23.5;30.4;Tue Oct 15 2019 18:23:46 GMT+0200 (CEST);Tue Oct 15 2019 16:23:46 GMT+0200 (CEST);1571156626000;0;1.74;17.3
1380556831572750;23.5;28.6;Tue Oct 15 2019 18:25:39 GMT+0200 (CEST);Tue Oct 15 2019 16:25:39 GMT+0200 (CEST);1571156739000;0;1.15;17.23
1380556831572750;23.5;26.8;Tue Oct 15 2019 18:27:32 GMT+0200 (CEST);Tue Oct 15 2019 16:27:32 GMT+0200 (CEST);1571156852000;0;0.25;17.13
1380556831572750;23.5;26.8;Tue Oct 15 2019 18:29:26 GMT+0200 (CEST);Tue Oct 15 2019 16:29:26 GMT+0200 (CEST);1571156966000;0;-0.01;17.06
1380556831572750;23.5;26.8;Tue Oct 15 2019 18:31:20 GMT+0200 (CEST);Tue Oct 15 2019 16:31:20 GMT+0200 (CEST);1571157080000;0;-0.01;16.98
1380556831572750;13.4;28.7;Wed Oct 16 2019 08:00:21 GMT+0200 (CEST);Wed Oct 16 2019 06:00:21 GMT+0200 (CEST);1571205621000;0;11.12;11.2
1380556831572750;13.4;28.9;Wed Oct 16 2019 08:02:14 GMT+0200 (CEST);Wed Oct 16 2019 06:02:14 GMT+0200 (CEST);1571205734000;0;12.7;11.19
1380556831572750;13.4;31.5;Wed Oct 16 2019 08:04:06 GMT+0200 (CEST);Wed Oct 16 2019 06:04:06 GMT+0200 (CEST);1571205846000;0;12.99;11.14
1380556831572750;15.9;34;Wed Oct 16 2019 08:05:59 GMT+0200 (CEST);Wed Oct 16 2019 06:05:59 GMT+0200 (CEST);1571205959000;0;13.36;11.03
1380556831572750;15.9;29.2;Wed Oct 16 2019 08:07:53 GMT+0200 (CEST);Wed Oct 16 2019 06:07:53 GMT+0200 (CEST);1571206073000;0;14;10.92
1380556831572750;15.9;30.3;Wed Oct 16 2019 08:09:46 GMT+0200 (CEST);Wed Oct 16 2019 06:09:46 GMT+0200 (CEST);1571206186000;0;14.75;10.83
1380556831572750;15.9;30.6;Wed Oct 16 2019 08:11:39 GMT+0200 (CEST);Wed Oct 16 2019 06:11:39 GMT+0200 (CEST);1571206299000;0;14.99;10.81
1380556831572750;15.9;28.8;Wed Oct 16 2019 08:13:32 GMT+0200 (CEST);Wed Oct 16 2019 06:13:32 GMT+0200 (CEST);1571206412000;0;13.51;10.85
1380556831572750;15.9;28.7;Wed Oct 16 2019 08:15:28 GMT+0200 (CEST);Wed Oct 16 2019 06:15:28 GMT+0200 (CEST);1571206528000;0;14.69;10.88
1380556831572750;15.9;29.6;Wed Oct 16 2019 08:17:25 GMT+0200 (CEST);Wed Oct 16 2019 06:17:25 GMT+0200 (CEST);1571206645000;0.07;17.95;10.92
1380556831572750;15.9;29.9;Wed Oct 16 2019 08:19:20 GMT+0200 (CEST);Wed Oct 16 2019 06:19:20 GMT+0200 (CEST);1571206760000;0.1;23.29;10.97
1380556831572750;15.9;29.7;Wed Oct 16 2019 08:21:14 GMT+0200 (CEST);Wed Oct 16 2019 06:21:14 GMT+0200 (CEST);1571206874000;0.14;31.42;11.06
1380556831572750;15.9;31.2;Wed Oct 16 2019 08:23:07 GMT+0200 (CEST);Wed Oct 16 2019 06:23:07 GMT+0200 (CEST);1571206987000;0.14;32.88;11.15
1380556831572750;15.9;30.4;Wed Oct 16 2019 08:25:00 GMT+0200 (CEST);Wed Oct 16 2019 06:25:00 GMT+0200 (CEST);1571207100000;0.14;35.93;11.23
1380556831572750;15.9;32.2;Wed Oct 16 2019 08:27:02 GMT+0200 (CEST);Wed Oct 16 2019 06:27:02 GMT+0200 (CEST);1571207222000;0.2;44.94;11.28
1380556831572750;15.9;32.2;Wed Oct 16 2019 08:28:55 GMT+0200 (CEST);Wed Oct 16 2019 06:28:55 GMT+0200 (CEST);1571207335000;0.23;54.86;11.32
1380556831572750;15.9;32.6;Wed Oct 16 2019 08:30:48 GMT+0200 (CEST);Wed Oct 16 2019 06:30:48 GMT+0200 (CEST);1571207448000;0.28;89.46;11.37
1380556831572750;15.9;32.6;Wed Oct 16 2019 08:32:47 GMT+0200 (CEST);Wed Oct 16 2019 06:32:47 GMT+0200 (CEST);1571207567000;0.27;68.28;11.64
1380556831572750;15.9;33.4;Wed Oct 16 2019 08:34:54 GMT+0200 (CEST);Wed Oct 16 2019 06:34:54 GMT+0200 (CEST);1571207694000;0.31;66.85;11.7
1380556831572750;15.9;33.6;Wed Oct 16 2019 08:36:47 GMT+0200 (CEST);Wed Oct 16 2019 06:36:47 GMT+0200 (CEST);1571207807000;0.33;73.79;11.71
1380556831572750;17.9;33.8;Wed Oct 16 2019 08:38:44 GMT+0200 (CEST);Wed Oct 16 2019 06:38:44 GMT+0200 (CEST);1571207924000;0.33;85.09;11.74
1380556831572750;17.9;34.6;Wed Oct 16 2019 08:40:37 GMT+0200 (CEST);Wed Oct 16 2019 06:40:37 GMT+0200 (CEST);1571208037000;0.29;220.61;11.95
1380556831572750;19.4;34.1;Wed Oct 16 2019 08:42:33 GMT+0200 (CEST);Wed Oct 16 2019 06:42:33 GMT+0200 (CEST);1571208153000;0.27;228.97;12.19
1380556831572750;19.4;34;Wed Oct 16 2019 08:44:31 GMT+0200 (CEST);Wed Oct 16 2019 06:44:31 GMT+0200 (CEST);1571208271000;0.27;60.41;12.32
1380556831572750;19.4;32.9;Wed Oct 16 2019 08:46:25 GMT+0200 (CEST);Wed Oct 16 2019 06:46:25 GMT+0200 (CEST);1571208385000;0.27;60.29;12.31
1380556831572750;19.4;33.4;Wed Oct 16 2019 08:48:52 GMT+0200 (CEST);Wed Oct 16 2019 06:48:52 GMT+0200 (CEST);1571208532000;0.27;59.28;12.23
1380556831572750;19.4;32.5;Wed Oct 16 2019 08:50:45 GMT+0200 (CEST);Wed Oct 16 2019 06:50:45 GMT+0200 (CEST);1571208645000;0.25;54.56;12.17
1380556831572750;19.4;33.2;Wed Oct 16 2019 08:52:37 GMT+0200 (CEST);Wed Oct 16 2019 06:52:37 GMT+0200 (CEST);1571208757000;0.27;58;12.12
1380556831572750;19.4;33.1;Wed Oct 16 2019 08:54:30 GMT+0200 (CEST);Wed Oct 16 2019 06:54:30 GMT+0200 (CEST);1571208870000;0.25;53.49;12.09
1380556831572750;19.4;32.5;Wed Oct 16 2019 08:56:29 GMT+0200 (CEST);Wed Oct 16 2019 06:56:29 GMT+0200 (CEST);1571208989000;0.25;52.45;12.04
1380556831572750;19.4;33.4;Wed Oct 16 2019 08:58:23 GMT+0200 (CEST);Wed Oct 16 2019 06:58:23 GMT+0200 (CEST);1571209103000;0.29;61.01;12.03
1380556831572750;19.4;33.2;Wed Oct 16 2019 09:00:16 GMT+0200 (CEST);Wed Oct 16 2019 07:00:16 GMT+0200 (CEST);1571209216000;0.3;65.76;12.01
1380556831572750;19.4;33.2;Wed Oct 16 2019 09:02:10 GMT+0200 (CEST);Wed Oct 16 2019 07:02:10 GMT+0200 (CEST);1571209330000;0.31;64.96;12
1380556831572750;19.4;33.2;Wed Oct 16 2019 09:04:07 GMT+0200 (CEST);Wed Oct 16 2019 07:04:07 GMT+0200 (CEST);1571209447000;0.29;62.99;12
1380556831572750;19.9;33.1;Wed Oct 16 2019 09:06:00 GMT+0200 (CEST);Wed Oct 16 2019 07:06:00 GMT+0200 (CEST);1571209560000;0.3;64.67;11.99
1380556831572750;19.9;33.2;Wed Oct 16 2019 09:07:53 GMT+0200 (CEST);Wed Oct 16 2019 07:07:53 GMT+0200 (CEST);1571209673000;0.31;68.15;11.98
1380556831572750;19.4;33.3;Wed Oct 16 2019 09:09:58 GMT+0200 (CEST);Wed Oct 16 2019 07:09:58 GMT+0200 (CEST);1571209798000;0.35;77.45;11.98
1380556831572750;19.4;33.4;Wed Oct 16 2019 09:11:52 GMT+0200 (CEST);Wed Oct 16 2019 07:11:52 GMT+0200 (CEST);1571209912000;0.38;82.35;12
1380556831572750;19.4;33.2;Wed Oct 16 2019 09:13:46 GMT+0200 (CEST);Wed Oct 16 2019 07:13:46 GMT+0200 (CEST);1571210026000;0.41;90.87;12.03
1380556831572750;19.9;33.8;Wed Oct 16 2019 09:15:40 GMT+0200 (CEST);Wed Oct 16 2019 07:15:40 GMT+0200 (CEST);1571210140000;0.49;107.54;12.08
1380556831572750;19.9;34.2;Wed Oct 16 2019 09:17:36 GMT+0200 (CEST);Wed Oct 16 2019 07:17:36 GMT+0200 (CEST);1571210256000;0.59;126;12.13
1380556831572750;19.9;34.5;Wed Oct 16 2019 09:19:34 GMT+0200 (CEST);Wed Oct 16 2019 07:19:34 GMT+0200 (CEST);1571210374000;0.64;136.16;12.23
1380556831572750;19.9;34.5;Wed Oct 16 2019 09:21:27 GMT+0200 (CEST);Wed Oct 16 2019 07:21:27 GMT+0200 (CEST);1571210487000;0.66;142.14;12.32
1380556831572750;19.9;34.7;Wed Oct 16 2019 09:23:21 GMT+0200 (CEST);Wed Oct 16 2019 07:23:21 GMT+0200 (CEST);1571210601000;0.7;153.33;12.41
1380556831572750;21.5;34.7;Wed Oct 16 2019 09:25:15 GMT+0200 (CEST);Wed Oct 16 2019 07:25:15 GMT+0200 (CEST);1571210715000;0.7;155.89;12.54
1380556831572750;21.5;34.7;Wed Oct 16 2019 09:27:17 GMT+0200 (CEST);Wed Oct 16 2019 07:27:17 GMT+0200 (CEST);1571210837000;0.65;147.8;12.69
1380556831572750;21.5;34.5;Wed Oct 16 2019 09:29:09 GMT+0200 (CEST);Wed Oct 16 2019 07:29:09 GMT+0200 (CEST);1571210949000;0.61;140.29;12.82
1380556831572750;21.5;34.5;Wed Oct 16 2019 09:31:04 GMT+0200 (CEST);Wed Oct 16 2019 07:31:04 GMT+0200 (CEST);1571211064000;0.58;139.27;12.89
1380556831572750;21.5;34;Wed Oct 16 2019 09:32:57 GMT+0200 (CEST);Wed Oct 16 2019 07:32:57 GMT+0200 (CEST);1571211177000;0.55;126.83;13.02
1380556831572750;22;34;Wed Oct 16 2019 09:35:08 GMT+0200 (CEST);Wed Oct 16 2019 07:35:08 GMT+0200 (CEST);1571211308000;0.54;124.45;13.07
1380556831572750;22;34;Wed Oct 16 2019 09:37:02 GMT+0200 (CEST);Wed Oct 16 2019 07:37:02 GMT+0200 (CEST);1571211422000;0.58;131.48;13.07
1380556831572750;22;34.1;Wed Oct 16 2019 09:38:58 GMT+0200 (CEST);Wed Oct 16 2019 07:38:58 GMT+0200 (CEST);1571211538000;0.57;122.59;13.04
1380556831572750;22;33.8;Wed Oct 16 2019 09:40:50 GMT+0200 (CEST);Wed Oct 16 2019 07:40:50 GMT+0200 (CEST);1571211650000;0.49;111.04;13
1380556831572750;22;33.8;Wed Oct 16 2019 09:42:43 GMT+0200 (CEST);Wed Oct 16 2019 07:42:43 GMT+0200 (CEST);1571211763000;0.48;105.65;13
1380556831572750;22;33.7;Wed Oct 16 2019 09:44:39 GMT+0200 (CEST);Wed Oct 16 2019 07:44:39 GMT+0200 (CEST);1571211879000;0.54;116.72;13.01
1380556831572750;22;34.1;Wed Oct 16 2019 09:46:32 GMT+0200 (CEST);Wed Oct 16 2019 07:46:32 GMT+0200 (CEST);1571211992000;0.58;122.46;13
1380556831572750;22;34.1;Wed Oct 16 2019 09:48:38 GMT+0200 (CEST);Wed Oct 16 2019 07:48:38 GMT+0200 (CEST);1571212118000;0.63;133.78;13.03
1380556831572750;22;34.6;Wed Oct 16 2019 09:50:52 GMT+0200 (CEST);Wed Oct 16 2019 07:50:52 GMT+0200 (CEST);1571212252000;0.78;164.77;13.12
1380556831572750;22;34.9;Wed Oct 16 2019 09:52:50 GMT+0200 (CEST);Wed Oct 16 2019 07:52:50 GMT+0200 (CEST);1571212370000;0.9;185.43;13.25
1380556831572750;22;34.7;Wed Oct 16 2019 09:54:44 GMT+0200 (CEST);Wed Oct 16 2019 07:54:44 GMT+0200 (CEST);1571212484000;0.85;177.67;13.36
1380556831572750;22;34.7;Wed Oct 16 2019 09:56:38 GMT+0200 (CEST);Wed Oct 16 2019 07:56:38 GMT+0200 (CEST);1571212598000;0.84;174.57;13.46
1380556831572750;23.5;35;Wed Oct 16 2019 09:58:32 GMT+0200 (CEST);Wed Oct 16 2019 07:58:32 GMT+0200 (CEST);1571212712000;1.53;332.79;13.71
1380556831572750;23.5;35.3;Wed Oct 16 2019 10:00:25 GMT+0200 (CEST);Wed Oct 16 2019 08:00:25 GMT+0200 (CEST);1571212825000;1.03;208.6;13.92
1380556831572750;23.5;34.3;Wed Oct 16 2019 10:02:18 GMT+0200 (CEST);Wed Oct 16 2019 08:02:18 GMT+0200 (CEST);1571212938000;0.77;160.66;13.96
1380556831572750;23.5;34;Wed Oct 16 2019 10:04:22 GMT+0200 (CEST);Wed Oct 16 2019 08:04:22 GMT+0200 (CEST);1571213062000;0.72;150.74;13.96
1380556831572750;24;34.1;Wed Oct 16 2019 10:06:41 GMT+0200 (CEST);Wed Oct 16 2019 08:06:41 GMT+0200 (CEST);1571213201000;0.68;143.07;13.92
1380556831572750;24;34.1;Wed Oct 16 2019 10:08:34 GMT+0200 (CEST);Wed Oct 16 2019 08:08:34 GMT+0200 (CEST);1571213314000;0.69;144.24;13.89
1380556831572750;24;34.3;Wed Oct 16 2019 10:10:29 GMT+0200 (CEST);Wed Oct 16 2019 08:10:29 GMT+0200 (CEST);1571213429000;0.73;154.72;13.86
1380556831572750;24;34.9;Wed Oct 16 2019 10:12:25 GMT+0200 (CEST);Wed Oct 16 2019 08:12:25 GMT+0200 (CEST);1571213545000;1.03;218.56;13.87
1380556831572750;24;35;Wed Oct 16 2019 10:14:18 GMT+0200 (CEST);Wed Oct 16 2019 08:14:18 GMT+0200 (CEST);1571213658000;0.97;203.38;14.03
1380556831572750;24;34.8;Wed Oct 16 2019 10:16:12 GMT+0200 (CEST);Wed Oct 16 2019 08:16:12 GMT+0200 (CEST);1571213772000;0.97;208.6;14.19
1380556831572750;24;34.6;Wed Oct 16 2019 10:18:06 GMT+0200 (CEST);Wed Oct 16 2019 08:18:06 GMT+0200 (CEST);1571213886000;0.98;212.33;14.33
1380556831572750;24;34.7;Wed Oct 16 2019 10:19:59 GMT+0200 (CEST);Wed Oct 16 2019 08:19:59 GMT+0200 (CEST);1571213999000;1.12;255.57;14.5
1380556831572750;24;35.1;Wed Oct 16 2019 10:21:57 GMT+0200 (CEST);Wed Oct 16 2019 08:21:57 GMT+0200 (CEST);1571214117000;1.44;350.71;14.74
1380556831572750;24;35.4;Wed Oct 16 2019 10:23:50 GMT+0200 (CEST);Wed Oct 16 2019 08:23:50 GMT+0200 (CEST);1571214230000;1.42;320.04;14.9
1380556831572750;25.5;35.4;Wed Oct 16 2019 10:25:43 GMT+0200 (CEST);Wed Oct 16 2019 08:25:43 GMT+0200 (CEST);1571214343000;2.8;697.61;15.16
1380556831572750;25.5;35.7;Wed Oct 16 2019 10:27:44 GMT+0200 (CEST);Wed Oct 16 2019 08:27:44 GMT+0200 (CEST);1571214464000;3.35;744.47;15.94
1380556831572750;25.5;35.1;Wed Oct 16 2019 10:29:37 GMT+0200 (CEST);Wed Oct 16 2019 08:29:37 GMT+0200 (CEST);1571214577000;1.64;527.35;16.6
1380556831572750;27.5;34.6;Wed Oct 16 2019 10:31:31 GMT+0200 (CEST);Wed Oct 16 2019 08:31:31 GMT+0200 (CEST);1571214691000;1.93;432.63;16.71
1380556831572750;27.5;34.9;Wed Oct 16 2019 10:33:24 GMT+0200 (CEST);Wed Oct 16 2019 08:33:24 GMT+0200 (CEST);1571214804000;2.19;463.35;16.81
1380556831572750;28;34.8;Wed Oct 16 2019 10:35:17 GMT+0200 (CEST);Wed Oct 16 2019 08:35:17 GMT+0200 (CEST);1571214917000;1.92;486.39;16.85
1380556831572750;28;34.1;Wed Oct 16 2019 10:37:12 GMT+0200 (CEST);Wed Oct 16 2019 08:37:12 GMT+0200 (CEST);1571215032000;2.91;637.43;16.75
1380556831572750;28;34.7;Wed Oct 16 2019 10:39:07 GMT+0200 (CEST);Wed Oct 16 2019 08:39:07 GMT+0200 (CEST);1571215147000;3.21;656.48;17.14
1380556831572750;29.5;34.6;Wed Oct 16 2019 10:40:59 GMT+0200 (CEST);Wed Oct 16 2019 08:40:59 GMT+0200 (CEST);1571215259000;3.86;865.36;17.66
1380556831572750;29.5;34;Wed Oct 16 2019 10:42:54 GMT+0200 (CEST);Wed Oct 16 2019 08:42:54 GMT+0200 (CEST);1571215374000;2.74;529.91;18.24
1380556831572750;30;33.9;Wed Oct 16 2019 10:44:49 GMT+0200 (CEST);Wed Oct 16 2019 08:44:49 GMT+0200 (CEST);1571215489000;1.9;412.15;18.47
1380556831572750;30;33.8;Wed Oct 16 2019 10:46:42 GMT+0200 (CEST);Wed Oct 16 2019 08:46:42 GMT+0200 (CEST);1571215602000;1.78;371.19;18.52
1380556831572750;31.5;34.1;Wed Oct 16 2019 10:49:05 GMT+0200 (CEST);Wed Oct 16 2019 08:49:05 GMT+0200 (CEST);1571215745000;1.27;270.79;18.27
1380556831572750;31.5;33.8;Wed Oct 16 2019 10:50:58 GMT+0200 (CEST);Wed Oct 16 2019 08:50:58 GMT+0200 (CEST);1571215858000;1.09;238;17.72
1380556831572750;31.5;34.2;Wed Oct 16 2019 10:52:59 GMT+0200 (CEST);Wed Oct 16 2019 08:52:59 GMT+0200 (CEST);1571215979000;1.07;232.05;17.05
1380556831572750;31.5;34.3;Wed Oct 16 2019 10:54:58 GMT+0200 (CEST);Wed Oct 16 2019 08:54:58 GMT+0200 (CEST);1571216098000;1.04;228.48;16.75
1380556831572750;31.5;34.3;Wed Oct 16 2019 10:56:51 GMT+0200 (CEST);Wed Oct 16 2019 08:56:51 GMT+0200 (CEST);1571216211000;1.03;226.96;16.61
1380556831572750;30;34.3;Wed Oct 16 2019 10:58:44 GMT+0200 (CEST);Wed Oct 16 2019 08:58:44 GMT+0200 (CEST);1571216324000;1.07;231.13;16.48
1380556831572750;30;34.5;Wed Oct 16 2019 11:00:49 GMT+0200 (CEST);Wed Oct 16 2019 09:00:49 GMT+0200 (CEST);1571216449000;1.12;248.06;16.34
1380556831572750;29.5;34.7;Wed Oct 16 2019 11:02:44 GMT+0200 (CEST);Wed Oct 16 2019 09:02:44 GMT+0200 (CEST);1571216564000;1.26;274.72;16.19
1380556831572750;29.5;34.9;Wed Oct 16 2019 11:04:37 GMT+0200 (CEST);Wed Oct 16 2019 09:04:37 GMT+0200 (CEST);1571216677000;1.55;340.47;16.09
1380556831572750;29.5;35;Wed Oct 16 2019 11:06:42 GMT+0200 (CEST);Wed Oct 16 2019 09:06:42 GMT+0200 (CEST);1571216802000;1.62;360.95;16
1380556831572750;29.5;34.7;Wed Oct 16 2019 11:08:35 GMT+0200 (CEST);Wed Oct 16 2019 09:08:35 GMT+0200 (CEST);1571216915000;1.2;263.95;15.96
1380556831572750;29.5;34.7;Wed Oct 16 2019 11:10:28 GMT+0200 (CEST);Wed Oct 16 2019 09:10:28 GMT+0200 (CEST);1571217028000;1.17;257.97;15.81
1380556831572750;28;34.7;Wed Oct 16 2019 11:12:21 GMT+0200 (CEST);Wed Oct 16 2019 09:12:21 GMT+0200 (CEST);1571217141000;1.19;265.7;15.79
1380556831572750;28;34.7;Wed Oct 16 2019 11:14:20 GMT+0200 (CEST);Wed Oct 16 2019 09:14:20 GMT+0200 (CEST);1571217260000;1.22;273.4;15.93
1380556831572750;28;34.8;Wed Oct 16 2019 11:16:14 GMT+0200 (CEST);Wed Oct 16 2019 09:16:14 GMT+0200 (CEST);1571217374000;1.3;283.82;16.03
1380556831572750;28;35.1;Wed Oct 16 2019 11:18:07 GMT+0200 (CEST);Wed Oct 16 2019 09:18:07 GMT+0200 (CEST);1571217487000;1.37;301.82;16.01
1380556831572750;28;34.8;Wed Oct 16 2019 11:20:01 GMT+0200 (CEST);Wed Oct 16 2019 09:20:01 GMT+0200 (CEST);1571217601000;1.62;355.83;15.98
1380556831572750;28;34.9;Wed Oct 16 2019 11:21:54 GMT+0200 (CEST);Wed Oct 16 2019 09:21:54 GMT+0200 (CEST);1571217714000;1.52;358.39;16.04
1380556831572750;28;36;Wed Oct 16 2019 11:24:02 GMT+0200 (CEST);Wed Oct 16 2019 09:24:02 GMT+0200 (CEST);1571217842000;3.83;857.39;16.7
1380556831572750;29.5;35.6;Wed Oct 16 2019 11:25:56 GMT+0200 (CEST);Wed Oct 16 2019 09:25:56 GMT+0200 (CEST);1571217956000;3.64;826.45;17.46
1380556831572750;29.5;35.3;Wed Oct 16 2019 11:27:48 GMT+0200 (CEST);Wed Oct 16 2019 09:27:48 GMT+0200 (CEST);1571218068000;3.52;799.29;18.18
1380556831572750;29.5;35;Wed Oct 16 2019 11:29:41 GMT+0200 (CEST);Wed Oct 16 2019 09:29:41 GMT+0200 (CEST);1571218181000;3.35;767.95;18.56
1380556831572750;31.5;35;Wed Oct 16 2019 11:32:00 GMT+0200 (CEST);Wed Oct 16 2019 09:32:00 GMT+0200 (CEST);1571218320000;3.35;764.54;18.82
1380556831572750;31.5;35;Wed Oct 16 2019 11:34:05 GMT+0200 (CEST);Wed Oct 16 2019 09:34:05 GMT+0200 (CEST);1571218445000;3.32;765.6;19
1380556831572750;32;35.1;Wed Oct 16 2019 11:36:05 GMT+0200 (CEST);Wed Oct 16 2019 09:36:05 GMT+0200 (CEST);1571218565000;3.24;763.28;18.9
1380556831572750;32;35.1;Wed Oct 16 2019 11:37:57 GMT+0200 (CEST);Wed Oct 16 2019 09:37:57 GMT+0200 (CEST);1571218677000;3.33;761.42;19.05
1380556831572750;32;35;Wed Oct 16 2019 11:39:57 GMT+0200 (CEST);Wed Oct 16 2019 09:39:57 GMT+0200 (CEST);1571218797000;3.36;765.25;19.06
1380556831572750;33;35;Wed Oct 16 2019 11:41:50 GMT+0200 (CEST);Wed Oct 16 2019 09:41:50 GMT+0200 (CEST);1571218910000;3.41;770.17;19.17
1380556831572750;33;35;Wed Oct 16 2019 11:43:43 GMT+0200 (CEST);Wed Oct 16 2019 09:43:43 GMT+0200 (CEST);1571219023000;3.36;763.4;19.41
1380556831572750;35.6;34.9;Wed Oct 16 2019 11:45:47 GMT+0200 (CEST);Wed Oct 16 2019 09:45:47 GMT+0200 (CEST);1571219147000;3.47;773.65;19.51
1380556831572750;35.6;34.5;Wed Oct 16 2019 11:47:53 GMT+0200 (CEST);Wed Oct 16 2019 09:47:53 GMT+0200 (CEST);1571219273000;3.49;776.04;19.69
1380556831572750;35.6;34;Wed Oct 16 2019 11:49:45 GMT+0200 (CEST);Wed Oct 16 2019 09:49:45 GMT+0200 (CEST);1571219385000;3.53;776.63;19.79
1380556831572750;36.1;34.1;Wed Oct 16 2019 11:51:39 GMT+0200 (CEST);Wed Oct 16 2019 09:51:39 GMT+0200 (CEST);1571219499000;3.5;776.34;19.99
1380556831572750;36.1;33.4;Wed Oct 16 2019 11:53:31 GMT+0200 (CEST);Wed Oct 16 2019 09:53:31 GMT+0200 (CEST);1571219611000;3.63;780.58;19.95
1380556831572750;36.1;33.8;Wed Oct 16 2019 11:55:30 GMT+0200 (CEST);Wed Oct 16 2019 09:55:30 GMT+0200 (CEST);1571219730000;3.6;782.85;20.1
1380556831572750;36.1;33.5;Wed Oct 16 2019 11:57:23 GMT+0200 (CEST);Wed Oct 16 2019 09:57:23 GMT+0200 (CEST);1571219843000;3.74;787.65;20.16
1380556831572750;36.1;32.6;Wed Oct 16 2019 11:59:18 GMT+0200 (CEST);Wed Oct 16 2019 09:59:18 GMT+0200 (CEST);1571219958000;3.75;787.95;20.35
1380556831572750;36.1;34.1;Wed Oct 16 2019 12:01:12 GMT+0200 (CEST);Wed Oct 16 2019 10:01:12 GMT+0200 (CEST);1571220072000;3.59;798.61;20.4
1380556831572750;36.1;32.5;Wed Oct 16 2019 12:03:08 GMT+0200 (CEST);Wed Oct 16 2019 10:03:08 GMT+0200 (CEST);1571220188000;3.83;805.24;20.45
1380556831572750;37.6;33;Wed Oct 16 2019 12:05:07 GMT+0200 (CEST);Wed Oct 16 2019 10:05:07 GMT+0200 (CEST);1571220307000;0.54;501.75;20.55
1380556831572750;37.6;32.7;Wed Oct 16 2019 12:07:07 GMT+0200 (CEST);Wed Oct 16 2019 10:07:07 GMT+0200 (CEST);1571220427000;4.04;850.65;20.61
1380556831572750;37.6;32.5;Wed Oct 16 2019 12:09:00 GMT+0200 (CEST);Wed Oct 16 2019 10:09:00 GMT+0200 (CEST);1571220540000;4.12;879.9;20.89
1380556831572750;37.6;33.6;Wed Oct 16 2019 12:10:53 GMT+0200 (CEST);Wed Oct 16 2019 10:10:53 GMT+0200 (CEST);1571220653000;4.12;885.1;21.13
1380556831572750;37.6;32.2;Wed Oct 16 2019 12:12:45 GMT+0200 (CEST);Wed Oct 16 2019 10:12:45 GMT+0200 (CEST);1571220765000;4.08;471.03;21.17
1380556831572750;38.1;32.7;Wed Oct 16 2019 12:14:39 GMT+0200 (CEST);Wed Oct 16 2019 10:14:39 GMT+0200 (CEST);1571220879000;3.81;733.34;20.77
1380556831572750;38.1;33.2;Wed Oct 16 2019 12:16:32 GMT+0200 (CEST);Wed Oct 16 2019 10:16:32 GMT+0200 (CEST);1571220992000;0.61;501.75;20.47
1380556831572750;38.1;33;Wed Oct 16 2019 12:18:24 GMT+0200 (CEST);Wed Oct 16 2019 10:18:24 GMT+0200 (CEST);1571221104000;4.1;867.29;20.21
1380556831572750;37.6;32.6;Wed Oct 16 2019 12:20:17 GMT+0200 (CEST);Wed Oct 16 2019 10:20:17 GMT+0200 (CEST);1571221217000;4.16;900.37;20.21
1380556831572750;37.6;32.7;Wed Oct 16 2019 12:22:15 GMT+0200 (CEST);Wed Oct 16 2019 10:22:15 GMT+0200 (CEST);1571221335000;4.32;944.51;20.55
1380556831572750;38.1;33.9;Wed Oct 16 2019 12:24:08 GMT+0200 (CEST);Wed Oct 16 2019 10:24:08 GMT+0200 (CEST);1571221448000;4.43;840.39;20.81
1380556831572750;38.1;32.5;Wed Oct 16 2019 12:26:00 GMT+0200 (CEST);Wed Oct 16 2019 10:26:00 GMT+0200 (CEST);1571221560000;4.52;936.92;21.1
1380556831572750;38.1;34;Wed Oct 16 2019 12:28:05 GMT+0200 (CEST);Wed Oct 16 2019 10:28:05 GMT+0200 (CEST);1571221685000;4.23;865.64;21.11
1380556831572750;38.1;32.1;Wed Oct 16 2019 12:29:58 GMT+0200 (CEST);Wed Oct 16 2019 10:29:58 GMT+0200 (CEST);1571221798000;1.02;220.4;20.88
1380556831572750;38.1;32.1;Wed Oct 16 2019 12:31:50 GMT+0200 (CEST);Wed Oct 16 2019 10:31:50 GMT+0200 (CEST);1571221910000;0.86;184.36;20.49
1380556831572750;38.1;34.2;Wed Oct 16 2019 12:33:46 GMT+0200 (CEST);Wed Oct 16 2019 10:33:46 GMT+0200 (CEST);1571222026000;1.13;248.02;20.27
1380556831572750;38.1;33.2;Wed Oct 16 2019 12:35:44 GMT+0200 (CEST);Wed Oct 16 2019 10:35:44 GMT+0200 (CEST);1571222144000;1.14;246.88;19.85
1380556831572750;38.1;33.9;Wed Oct 16 2019 12:37:41 GMT+0200 (CEST);Wed Oct 16 2019 10:37:41 GMT+0200 (CEST);1571222261000;1.37;391.67;19.24
1380556831572750;38.1;35.2;Wed Oct 16 2019 12:39:34 GMT+0200 (CEST);Wed Oct 16 2019 10:39:34 GMT+0200 (CEST);1571222374000;2.04;455.67;19.17
1380556831572750;38.1;35.6;Wed Oct 16 2019 12:41:28 GMT+0200 (CEST);Wed Oct 16 2019 10:41:28 GMT+0200 (CEST);1571222488000;2.28;555.51;19.09
1380556831572750;36.1;33.3;Wed Oct 16 2019 12:43:21 GMT+0200 (CEST);Wed Oct 16 2019 10:43:21 GMT+0200 (CEST);1571222601000;1.41;283.05;19.18
1380556831572750;36.1;33.3;Wed Oct 16 2019 12:45:13 GMT+0200 (CEST);Wed Oct 16 2019 10:45:13 GMT+0200 (CEST);1571222713000;1.29;273.32;19.03
1380556831572750;35.6;34.3;Wed Oct 16 2019 12:47:07 GMT+0200 (CEST);Wed Oct 16 2019 10:47:07 GMT+0200 (CEST);1571222827000;4.57;1023.99;19.02
1380556831572750;35.6;33.8;Wed Oct 16 2019 12:49:11 GMT+0200 (CEST);Wed Oct 16 2019 10:49:11 GMT+0200 (CEST);1571222951000;1.67;353.27;19.2
1380556831572750;35.6;34.7;Wed Oct 16 2019 12:51:09 GMT+0200 (CEST);Wed Oct 16 2019 10:51:09 GMT+0200 (CEST);1571223069000;4.48;813.03;19.39
1380556831572750;35.6;34.9;Wed Oct 16 2019 12:53:03 GMT+0200 (CEST);Wed Oct 16 2019 10:53:03 GMT+0200 (CEST);1571223183000;4.74;1003.51;19.82
1380556831572750;35.6;34.1;Wed Oct 16 2019 12:54:55 GMT+0200 (CEST);Wed Oct 16 2019 10:54:55 GMT+0200 (CEST);1571223295000;4.61;1000.95;20.43
1380556831572750;35.6;33.6;Wed Oct 16 2019 12:57:00 GMT+0200 (CEST);Wed Oct 16 2019 10:57:00 GMT+0200 (CEST);1571223420000;1.9;412.15;21.03
1380556831572750;35.6;33.9;Wed Oct 16 2019 12:58:53 GMT+0200 (CEST);Wed Oct 16 2019 10:58:53 GMT+0200 (CEST);1571223533000;3.26;440.31;21.35
1380556831572750;37.6;33.5;Wed Oct 16 2019 13:00:47 GMT+0200 (CEST);Wed Oct 16 2019 11:00:47 GMT+0200 (CEST);1571223647000;4.11;934.22;21.22
1380556831572750;37.6;33;Wed Oct 16 2019 13:02:40 GMT+0200 (CEST);Wed Oct 16 2019 11:02:40 GMT+0200 (CEST);1571223760000;1.23;256.36;20.92
1380556831572750;37.6;33.2;Wed Oct 16 2019 13:04:40 GMT+0200 (CEST);Wed Oct 16 2019 11:04:40 GMT+0200 (CEST);1571223880000;1.38;287.07;20.55
1380556831572750;36.1;33.2;Wed Oct 16 2019 13:06:33 GMT+0200 (CEST);Wed Oct 16 2019 11:06:33 GMT+0200 (CEST);1571223993000;1.05;212.44;19.96
1380556831572750;36.1;33.3;Wed Oct 16 2019 13:08:27 GMT+0200 (CEST);Wed Oct 16 2019 11:08:27 GMT+0200 (CEST);1571224107000;1.24;252.3;19.53
1380556831572750;35.6;33.8;Wed Oct 16 2019 13:10:20 GMT+0200 (CEST);Wed Oct 16 2019 11:10:20 GMT+0200 (CEST);1571224220000;1.41;286.83;19.35
1380556831572750;35.6;33.8;Wed Oct 16 2019 13:12:43 GMT+0200 (CEST);Wed Oct 16 2019 11:12:43 GMT+0200 (CEST);1571224363000;1.19;249.55;19.07
1380556831572750;35.6;34.1;Wed Oct 16 2019 13:14:38 GMT+0200 (CEST);Wed Oct 16 2019 11:14:38 GMT+0200 (CEST);1571224478000;1.46;314.13;18.85
1380556831572750;35.6;33.8;Wed Oct 16 2019 13:16:31 GMT+0200 (CEST);Wed Oct 16 2019 11:16:31 GMT+0200 (CEST);1571224591000;1.06;215.3;18.66
1380556831572750;35.6;33.8;Wed Oct 16 2019 13:18:31 GMT+0200 (CEST);Wed Oct 16 2019 11:18:31 GMT+0200 (CEST);1571224711000;1.06;213.03;18.44
1380556831572750;32;34.1;Wed Oct 16 2019 13:21:00 GMT+0200 (CEST);Wed Oct 16 2019 11:21:00 GMT+0200 (CEST);1571224860000;1.12;230.38;18.15
1380556831572750;32;34.3;Wed Oct 16 2019 13:22:54 GMT+0200 (CEST);Wed Oct 16 2019 11:22:54 GMT+0200 (CEST);1571224974000;1.38;283.13;18.07
1380556831572750;31.5;34.5;Wed Oct 16 2019 13:24:55 GMT+0200 (CEST);Wed Oct 16 2019 11:24:55 GMT+0200 (CEST);1571225095000;1.56;320.75;18.1
1380556831572750;31.5;34.5;Wed Oct 16 2019 13:26:48 GMT+0200 (CEST);Wed Oct 16 2019 11:26:48 GMT+0200 (CEST);1571225208000;1.58;330.23;18.14
1380556831572750;31.5;34.5;Wed Oct 16 2019 13:28:42 GMT+0200 (CEST);Wed Oct 16 2019 11:28:42 GMT+0200 (CEST);1571225322000;1.49;326.4;18.15
1380556831572750;31.5;34.3;Wed Oct 16 2019 13:30:39 GMT+0200 (CEST);Wed Oct 16 2019 11:30:39 GMT+0200 (CEST);1571225439000;1.32;269.41;18.08
1380556831572750;31.5;34.5;Wed Oct 16 2019 13:32:39 GMT+0200 (CEST);Wed Oct 16 2019 11:32:39 GMT+0200 (CEST);1571225559000;1.48;313.18;18.08
1380556831572750;31.5;34.5;Wed Oct 16 2019 13:34:39 GMT+0200 (CEST);Wed Oct 16 2019 11:34:39 GMT+0200 (CEST);1571225679000;1.53;315.18;18.17
1380556831572750;31.5;34.6;Wed Oct 16 2019 13:36:53 GMT+0200 (CEST);Wed Oct 16 2019 11:36:53 GMT+0200 (CEST);1571225813000;1.53;319.83;18.28
1380556831572750;30;34.5;Wed Oct 16 2019 13:38:45 GMT+0200 (CEST);Wed Oct 16 2019 11:38:45 GMT+0200 (CEST);1571225925000;1.52;317.59;18.32
1380556831572750;30;34.5;Wed Oct 16 2019 13:40:39 GMT+0200 (CEST);Wed Oct 16 2019 11:40:39 GMT+0200 (CEST);1571226039000;1.47;310.51;18.33
1380556831572750;30;34.5;Wed Oct 16 2019 13:42:36 GMT+0200 (CEST);Wed Oct 16 2019 11:42:36 GMT+0200 (CEST);1571226156000;1.41;297.31;18.33
1380556831572750;31.5;34.3;Wed Oct 16 2019 13:44:28 GMT+0200 (CEST);Wed Oct 16 2019 11:44:28 GMT+0200 (CEST);1571226268000;1.35;277.1;18.29
1380556831572750;31.5;34.1;Wed Oct 16 2019 13:46:39 GMT+0200 (CEST);Wed Oct 16 2019 11:46:39 GMT+0200 (CEST);1571226399000;1.13;242.46;18.31
1380556831572750;30;34.2;Wed Oct 16 2019 13:48:34 GMT+0200 (CEST);Wed Oct 16 2019 11:48:34 GMT+0200 (CEST);1571226514000;1.07;231.76;18.21
1380556831572750;30;34.3;Wed Oct 16 2019 13:50:27 GMT+0200 (CEST);Wed Oct 16 2019 11:50:27 GMT+0200 (CEST);1571226627000;1.25;263.86;18.06
1380556831572750;30;34.6;Wed Oct 16 2019 13:52:21 GMT+0200 (CEST);Wed Oct 16 2019 11:52:21 GMT+0200 (CEST);1571226741000;1.86;389.11;18.05
1380556831572750;30;34.9;Wed Oct 16 2019 13:54:14 GMT+0200 (CEST);Wed Oct 16 2019 11:54:14 GMT+0200 (CEST);1571226854000;2;414.71;18.27
1380556831572750;30;34.9;Wed Oct 16 2019 13:56:08 GMT+0200 (CEST);Wed Oct 16 2019 11:56:08 GMT+0200 (CEST);1571226968000;2.16;437.75;18.54
1380556831572750;30;35.9;Wed Oct 16 2019 13:58:01 GMT+0200 (CEST);Wed Oct 16 2019 11:58:01 GMT+0200 (CEST);1571227081000;4.38;975.28;19.32
1380556831572750;30;35.6;Wed Oct 16 2019 13:59:54 GMT+0200 (CEST);Wed Oct 16 2019 11:59:54 GMT+0200 (CEST);1571227194000;4.18;891.81;20.5
1380556831572750;32;33.2;Wed Oct 16 2019 14:01:46 GMT+0200 (CEST);Wed Oct 16 2019 12:01:46 GMT+0200 (CEST);1571227306000;4.35;930.84;21.36
1380556831572750;32;33.4;Wed Oct 16 2019 14:03:39 GMT+0200 (CEST);Wed Oct 16 2019 12:03:39 GMT+0200 (CEST);1571227419000;4.25;929.19;22.44
1380556831572750;32;34;Wed Oct 16 2019 14:05:32 GMT+0200 (CEST);Wed Oct 16 2019 12:05:32 GMT+0200 (CEST);1571227532000;3.86;899.47;23.12
1380556831572750;35.6;33.2;Wed Oct 16 2019 14:07:49 GMT+0200 (CEST);Wed Oct 16 2019 12:07:49 GMT+0200 (CEST);1571227669000;4.07;874.34;23.57
1380556831572750;35.6;32.3;Wed Oct 16 2019 14:09:41 GMT+0200 (CEST);Wed Oct 16 2019 12:09:41 GMT+0200 (CEST);1571227781000;2.94;622.07;23.42
1380556831572750;38.1;33;Wed Oct 16 2019 14:11:36 GMT+0200 (CEST);Wed Oct 16 2019 12:11:36 GMT+0200 (CEST);1571227896000;1.98;455.67;23.03
1380556831572750;38.1;34.1;Wed Oct 16 2019 14:13:28 GMT+0200 (CEST);Wed Oct 16 2019 12:13:28 GMT+0200 (CEST);1571228008000;2.16;427.51;22.69
1380556831572750;38.1;34.4;Wed Oct 16 2019 14:15:23 GMT+0200 (CEST);Wed Oct 16 2019 12:15:23 GMT+0200 (CEST);1571228123000;3.81;857.81;22.42
1380556831572750;39.6;33.5;Wed Oct 16 2019 14:17:16 GMT+0200 (CEST);Wed Oct 16 2019 12:17:16 GMT+0200 (CEST);1571228236000;2.64;596.47;22.17
1380556831572750;39.6;34.1;Wed Oct 16 2019 14:19:08 GMT+0200 (CEST);Wed Oct 16 2019 12:19:08 GMT+0200 (CEST);1571228348000;1.39;291.94;21.79
1380556831572750;38.1;33.3;Wed Oct 16 2019 14:21:01 GMT+0200 (CEST);Wed Oct 16 2019 12:21:01 GMT+0200 (CEST);1571228461000;1.37;297.59;21.49
1380556831572750;38.1;33.6;Wed Oct 16 2019 14:23:32 GMT+0200 (CEST);Wed Oct 16 2019 12:23:32 GMT+0200 (CEST);1571228612000;1.31;276;20.79
1380556831572750;38.1;33.8;Wed Oct 16 2019 14:25:24 GMT+0200 (CEST);Wed Oct 16 2019 12:25:24 GMT+0200 (CEST);1571228724000;2.66;812.58;20.52
1380556831572750;37.6;34.2;Wed Oct 16 2019 14:27:19 GMT+0200 (CEST);Wed Oct 16 2019 12:27:19 GMT+0200 (CEST);1571228839000;2.07;389.11;21.05
1380556831572750;37.6;34.2;Wed Oct 16 2019 14:29:11 GMT+0200 (CEST);Wed Oct 16 2019 12:29:11 GMT+0200 (CEST);1571228951000;1.8;396.79;21.24
1380556831572750;37.6;34.4;Wed Oct 16 2019 14:31:07 GMT+0200 (CEST);Wed Oct 16 2019 12:31:07 GMT+0200 (CEST);1571229067000;1.65;353.27;21.2
1380556831572750;37.6;34.5;Wed Oct 16 2019 14:32:59 GMT+0200 (CEST);Wed Oct 16 2019 12:32:59 GMT+0200 (CEST);1571229179000;1.87;409.59;20.97
1380556831572750;37.6;34.2;Wed Oct 16 2019 14:34:52 GMT+0200 (CEST);Wed Oct 16 2019 12:34:52 GMT+0200 (CEST);1571229292000;1.64;363.51;20.75
1380556831572750;36.1;33.9;Wed Oct 16 2019 14:36:47 GMT+0200 (CEST);Wed Oct 16 2019 12:36:47 GMT+0200 (CEST);1571229407000;1.29;273.62;20.4
1380556831572750;36.1;33.4;Wed Oct 16 2019 14:38:46 GMT+0200 (CEST);Wed Oct 16 2019 12:38:46 GMT+0200 (CEST);1571229526000;1.14;242.19;20.01
1380556831572750;35.6;33.5;Wed Oct 16 2019 14:40:43 GMT+0200 (CEST);Wed Oct 16 2019 12:40:43 GMT+0200 (CEST);1571229643000;1.1;229.23;19.66
1380556831572750;35.6;33.3;Wed Oct 16 2019 14:42:40 GMT+0200 (CEST);Wed Oct 16 2019 12:42:40 GMT+0200 (CEST);1571229760000;0.96;194.96;19.43
1380556831572750;33;33.3;Wed Oct 16 2019 14:44:34 GMT+0200 (CEST);Wed Oct 16 2019 12:44:34 GMT+0200 (CEST);1571229874000;0.91;185.83;19.24
1380556831572750;33;33.3;Wed Oct 16 2019 14:46:30 GMT+0200 (CEST);Wed Oct 16 2019 12:46:30 GMT+0200 (CEST);1571229990000;0.78;162.16;19.12
1380556831572750;33;33;Wed Oct 16 2019 14:48:25 GMT+0200 (CEST);Wed Oct 16 2019 12:48:25 GMT+0200 (CEST);1571230105000;0.64;133.06;18.85
1380556831572750;32;32.9;Wed Oct 16 2019 14:50:22 GMT+0200 (CEST);Wed Oct 16 2019 12:50:22 GMT+0200 (CEST);1571230222000;0.6;122.44;18.68
1380556831572750;32;33;Wed Oct 16 2019 14:52:15 GMT+0200 (CEST);Wed Oct 16 2019 12:52:15 GMT+0200 (CEST);1571230335000;0.6;121.79;18.5
1380556831572750;31.5;33;Wed Oct 16 2019 14:54:20 GMT+0200 (CEST);Wed Oct 16 2019 12:54:20 GMT+0200 (CEST);1571230460000;0.56;111.88;18.3
1380556831572750;31.5;32.5;Wed Oct 16 2019 14:56:13 GMT+0200 (CEST);Wed Oct 16 2019 12:56:13 GMT+0200 (CEST);1571230573000;0.49;96.16;18.17
1380556831572750;31.5;32.3;Wed Oct 16 2019 14:58:05 GMT+0200 (CEST);Wed Oct 16 2019 12:58:05 GMT+0200 (CEST);1571230685000;0.41;78.79;18
1380556831572750;29.5;32.1;Wed Oct 16 2019 14:59:58 GMT+0200 (CEST);Wed Oct 16 2019 12:59:58 GMT+0200 (CEST);1571230798000;0.35;67.2;17.89
1380556831572750;29.5;31.7;Wed Oct 16 2019 15:02:06 GMT+0200 (CEST);Wed Oct 16 2019 13:02:06 GMT+0200 (CEST);1571230926000;0.27;51.95;17.78
1380556831572750;27.5;31.3;Wed Oct 16 2019 15:03:59 GMT+0200 (CEST);Wed Oct 16 2019 13:03:59 GMT+0200 (CEST);1571231039000;0.22;42.06;17.57
1380556831572750;27.5;31;Wed Oct 16 2019 15:06:01 GMT+0200 (CEST);Wed Oct 16 2019 13:06:01 GMT+0200 (CEST);1571231161000;0.17;33.27;17.32
1380556831572750;27.5;31;Wed Oct 16 2019 15:07:54 GMT+0200 (CEST);Wed Oct 16 2019 13:07:54 GMT+0200 (CEST);1571231274000;0.16;32.09;17.1
1380556831572750;26;31;Wed Oct 16 2019 15:09:57 GMT+0200 (CEST);Wed Oct 16 2019 13:09:57 GMT+0200 (CEST);1571231397000;0.18;34.97;16.94
1380556831572750;26;31.3;Wed Oct 16 2019 15:11:52 GMT+0200 (CEST);Wed Oct 16 2019 13:11:52 GMT+0200 (CEST);1571231512000;0.23;44.9;16.81
1380556831572750;25.5;31.7;Wed Oct 16 2019 15:13:45 GMT+0200 (CEST);Wed Oct 16 2019 13:13:45 GMT+0200 (CEST);1571231625000;0.26;49.07;16.68
1380556831572750;25.5;31.8;Wed Oct 16 2019 15:15:38 GMT+0200 (CEST);Wed Oct 16 2019 13:15:38 GMT+0200 (CEST);1571231738000;0.22;42.38;16.62
1380556831572750;25.5;31.5;Wed Oct 16 2019 15:17:41 GMT+0200 (CEST);Wed Oct 16 2019 13:17:41 GMT+0200 (CEST);1571231861000;0.21;40.57;16.53
1380556831572750;25;31.4;Wed Oct 16 2019 15:19:34 GMT+0200 (CEST);Wed Oct 16 2019 13:19:34 GMT+0200 (CEST);1571231974000;0.22;43.11;16.46
1380556831572750;25;31.7;Wed Oct 16 2019 15:21:26 GMT+0200 (CEST);Wed Oct 16 2019 13:21:26 GMT+0200 (CEST);1571232086000;0.24;48.51;16.39
1380556831572750;24;32.7;Wed Oct 16 2019 15:23:20 GMT+0200 (CEST);Wed Oct 16 2019 13:23:20 GMT+0200 (CEST);1571232200000;0.35;70.07;16.37
1380556831572750;24;32.9;Wed Oct 16 2019 15:25:25 GMT+0200 (CEST);Wed Oct 16 2019 13:25:25 GMT+0200 (CEST);1571232325000;0;99.96;16.39
1380556831572750;24;39.6;Wed Oct 16 2019 15:27:18 GMT+0200 (CEST);Wed Oct 16 2019 13:27:18 GMT+0200 (CEST);1571232438000;0;106.62;16.46
1380556831572750;27.5;39.7;Wed Oct 16 2019 15:29:11 GMT+0200 (CEST);Wed Oct 16 2019 13:29:11 GMT+0200 (CEST);1571232551000;0;112.83;16.5
1380556831572750;27.5;39.8;Wed Oct 16 2019 15:31:03 GMT+0200 (CEST);Wed Oct 16 2019 13:31:03 GMT+0200 (CEST);1571232663000;0;128.37;16.56
1380556831572750;28;40;Wed Oct 16 2019 15:33:20 GMT+0200 (CEST);Wed Oct 16 2019 13:33:20 GMT+0200 (CEST);1571232800000;0;141.59;16.67
1380556831572750;28;39.9;Wed Oct 16 2019 15:35:13 GMT+0200 (CEST);Wed Oct 16 2019 13:35:13 GMT+0200 (CEST);1571232913000;0;123.44;16.76
1380556831572750;28;39.3;Wed Oct 16 2019 15:37:11 GMT+0200 (CEST);Wed Oct 16 2019 13:37:11 GMT+0200 (CEST);1571233031000;0;99.95;16.82
1380556831572750;29.5;39.5;Wed Oct 16 2019 15:38:09 GMT+0200 (CEST);Wed Oct 16 2019 13:38:09 GMT+0200 (CEST);1571233089000;0.17;90.52;16.84
1380556831572750;29.5;38.8;Wed Oct 16 2019 15:39:04 GMT+0200 (CEST);Wed Oct 16 2019 13:39:04 GMT+0200 (CEST);1571233144000;0.17;88.07;16.83
1380556831572750;29.5;39.5;Wed Oct 16 2019 15:40:02 GMT+0200 (CEST);Wed Oct 16 2019 13:40:02 GMT+0200 (CEST);1571233202000;0.17;86.93;16.82
1380556831572750;29.5;32.5;Wed Oct 16 2019 15:41:01 GMT+0200 (CEST);Wed Oct 16 2019 13:41:01 GMT+0200 (CEST);1571233261000;0.41;82.87;16.79
1380556831572750;29.5;39.5;Wed Oct 16 2019 15:41:59 GMT+0200 (CEST);Wed Oct 16 2019 13:41:59 GMT+0200 (CEST);1571233319000;0.32;72.93;16.77
1380556831572750;27.5;32.1;Wed Oct 16 2019 15:42:54 GMT+0200 (CEST);Wed Oct 16 2019 13:42:54 GMT+0200 (CEST);1571233374000;0.32;62.96;16.73
1380556831572750;27.5;31.7;Wed Oct 16 2019 15:44:49 GMT+0200 (CEST);Wed Oct 16 2019 13:44:49 GMT+0200 (CEST);1571233489000;0.3;62.01;16.67
1380556831572750;27.5;32.1;Wed Oct 16 2019 15:46:41 GMT+0200 (CEST);Wed Oct 16 2019 13:46:41 GMT+0200 (CEST);1571233601000;0.34;68.13;16.59
1380556831572750;27.5;32.4;Wed Oct 16 2019 15:48:50 GMT+0200 (CEST);Wed Oct 16 2019 13:48:50 GMT+0200 (CEST);1571233730000;0.39;80.27;16.59
1380556831572750;27.5;32.6;Wed Oct 16 2019 15:50:43 GMT+0200 (CEST);Wed Oct 16 2019 13:50:43 GMT+0200 (CEST);1571233843000;0.39;79.4;16.6
1380556831572750;25;32.3;Wed Oct 16 2019 15:52:44 GMT+0200 (CEST);Wed Oct 16 2019 13:52:44 GMT+0200 (CEST);1571233964000;0.35;70.63;16.59
1380556831572750;25;31.7;Wed Oct 16 2019 15:54:52 GMT+0200 (CEST);Wed Oct 16 2019 13:54:52 GMT+0200 (CEST);1571234092000;0.25;51.64;16.52
1380556831572750;24;31.1;Wed Oct 16 2019 15:56:45 GMT+0200 (CEST);Wed Oct 16 2019 13:56:45 GMT+0200 (CEST);1571234205000;0.17;36.68;16.4
1380556831572750;24;31;Wed Oct 16 2019 15:58:39 GMT+0200 (CEST);Wed Oct 16 2019 13:58:39 GMT+0200 (CEST);1571234319000;0.15;33.22;16.31
1380556831572750;24;30.9;Wed Oct 16 2019 16:00:32 GMT+0200 (CEST);Wed Oct 16 2019 14:00:32 GMT+0200 (CEST);1571234432000;0.12;28.5;16.25
1380556831572750;23.5;31;Wed Oct 16 2019 16:02:25 GMT+0200 (CEST);Wed Oct 16 2019 14:02:25 GMT+0200 (CEST);1571234545000;0.12;27.82;16.16
1380556831572750;23.5;31;Wed Oct 16 2019 16:04:26 GMT+0200 (CEST);Wed Oct 16 2019 14:04:26 GMT+0200 (CEST);1571234666000;0.13;30.17;16.07
1380556831572750;23.5;31;Wed Oct 16 2019 16:06:30 GMT+0200 (CEST);Wed Oct 16 2019 14:06:30 GMT+0200 (CEST);1571234790000;0.16;34.58;16
1380556831572750;23.5;31.2;Wed Oct 16 2019 16:08:23 GMT+0200 (CEST);Wed Oct 16 2019 14:08:23 GMT+0200 (CEST);1571234903000;0.21;41.84;15.99
1380556831572750;23.5;31.7;Wed Oct 16 2019 16:10:16 GMT+0200 (CEST);Wed Oct 16 2019 14:10:16 GMT+0200 (CEST);1571235016000;0.27;52.51;15.99
1380556831572750;23.5;32.1;Wed Oct 16 2019 16:12:09 GMT+0200 (CEST);Wed Oct 16 2019 14:12:09 GMT+0200 (CEST);1571235129000;0.32;62.42;16
1380556831572750;23.5;32.1;Wed Oct 16 2019 16:14:10 GMT+0200 (CEST);Wed Oct 16 2019 14:14:10 GMT+0200 (CEST);1571235250000;0.3;61.09;16.05
1380556831572750;23.5;31.8;Wed Oct 16 2019 16:16:03 GMT+0200 (CEST);Wed Oct 16 2019 14:16:03 GMT+0200 (CEST);1571235363000;0.28;56.46;16.07
1380556831572750;23.5;31.8;Wed Oct 16 2019 16:17:56 GMT+0200 (CEST);Wed Oct 16 2019 14:17:56 GMT+0200 (CEST);1571235476000;0.28;56.1;16.07
1380556831572750;23.5;31.6;Wed Oct 16 2019 16:20:22 GMT+0200 (CEST);Wed Oct 16 2019 14:20:22 GMT+0200 (CEST);1571235622000;0.27;53.87;16.07
1380556831572750;23.5;31.7;Wed Oct 16 2019 16:22:14 GMT+0200 (CEST);Wed Oct 16 2019 14:22:14 GMT+0200 (CEST);1571235734000;0.21;43.69;16.07
1380556831572750;23.5;31.3;Wed Oct 16 2019 16:24:13 GMT+0200 (CEST);Wed Oct 16 2019 14:24:13 GMT+0200 (CEST);1571235853000;0.23;48.24;16.07
1380556831572750;23.5;31.9;Wed Oct 16 2019 16:26:06 GMT+0200 (CEST);Wed Oct 16 2019 14:26:06 GMT+0200 (CEST);1571235966000;0.29;60.93;16.07
1380556831572750;23.5;32.1;Wed Oct 16 2019 16:27:59 GMT+0200 (CEST);Wed Oct 16 2019 14:27:59 GMT+0200 (CEST);1571236079000;0.35;69.09;16.08
1380556831572750;23.5;31.9;Wed Oct 16 2019 16:30:08 GMT+0200 (CEST);Wed Oct 16 2019 14:30:08 GMT+0200 (CEST);1571236208000;0.28;56.74;16.13
1380556831572750;23.5;31.5;Wed Oct 16 2019 16:32:04 GMT+0200 (CEST);Wed Oct 16 2019 14:32:04 GMT+0200 (CEST);1571236324000;0.23;46.49;16.13
1380556831572750;23.5;31.5;Wed Oct 16 2019 16:33:57 GMT+0200 (CEST);Wed Oct 16 2019 14:33:57 GMT+0200 (CEST);1571236437000;0.22;45.77;16.14
1380556831572750;23.5;31.5;Wed Oct 16 2019 16:35:51 GMT+0200 (CEST);Wed Oct 16 2019 14:35:51 GMT+0200 (CEST);1571236551000;0.2;40.63;16.14
1380556831572750;23.5;31.3;Wed Oct 16 2019 16:37:56 GMT+0200 (CEST);Wed Oct 16 2019 14:37:56 GMT+0200 (CEST);1571236676000;0.17;35.95;16.12
1380556831572750;23.5;31.3;Wed Oct 16 2019 16:39:49 GMT+0200 (CEST);Wed Oct 16 2019 14:39:49 GMT+0200 (CEST);1571236789000;0.18;37.89;16.1
1380556831572750;23.5;31.3;Wed Oct 16 2019 16:41:41 GMT+0200 (CEST);Wed Oct 16 2019 14:41:41 GMT+0200 (CEST);1571236901000;0.19;39.24;16.08
1380556831572750;23.5;31.5;Wed Oct 16 2019 16:43:26 GMT+0200 (CEST);Wed Oct 16 2019 14:43:26 GMT+0200 (CEST);1571237006000;0.2;40.85;16.06
1380556831572750;23.5;31.4;Wed Oct 16 2019 16:45:18 GMT+0200 (CEST);Wed Oct 16 2019 14:45:18 GMT+0200 (CEST);1571237118000;0.19;39.81;16.04
1380556831572750;23.5;31.3;Wed Oct 16 2019 16:47:11 GMT+0200 (CEST);Wed Oct 16 2019 14:47:11 GMT+0200 (CEST);1571237231000;0.19;39.97;16.03
1380556831572750;23.5;31.3;Wed Oct 16 2019 16:49:04 GMT+0200 (CEST);Wed Oct 16 2019 14:49:04 GMT+0200 (CEST);1571237344000;0.19;40.13;16
1380556831572750;23.5;31.5;Wed Oct 16 2019 16:51:05 GMT+0200 (CEST);Wed Oct 16 2019 14:51:05 GMT+0200 (CEST);1571237465000;0.2;41.03;16
1380556831572750;23.5;31.3;Wed Oct 16 2019 16:52:58 GMT+0200 (CEST);Wed Oct 16 2019 14:52:58 GMT+0200 (CEST);1571237578000;0.18;36.77;16
1380556831572750;23.5;31;Wed Oct 16 2019 16:54:51 GMT+0200 (CEST);Wed Oct 16 2019 14:54:51 GMT+0200 (CEST);1571237691000;0.15;33.76;15.98
1380556831572750;23.5;31.1;Wed Oct 16 2019 16:56:44 GMT+0200 (CEST);Wed Oct 16 2019 14:56:44 GMT+0200 (CEST);1571237804000;0.17;35.74;15.96
1380556831572750;23.5;31.5;Wed Oct 16 2019 16:58:54 GMT+0200 (CEST);Wed Oct 16 2019 14:58:54 GMT+0200 (CEST);1571237934000;0.18;38.8;15.94
1380556831572750;23.5;31.8;Wed Oct 16 2019 17:00:47 GMT+0200 (CEST);Wed Oct 16 2019 15:00:47 GMT+0200 (CEST);1571238047000;0.24;51.97;15.94
1380556831572750;23.5;32;Wed Oct 16 2019 17:02:40 GMT+0200 (CEST);Wed Oct 16 2019 15:02:40 GMT+0200 (CEST);1571238160000;0.33;65.46;15.97
1380556831572750;23.5;32.5;Wed Oct 16 2019 17:04:37 GMT+0200 (CEST);Wed Oct 16 2019 15:04:37 GMT+0200 (CEST);1571238277000;0.36;72.01;16.03
1380556831572750;23.5;32.6;Wed Oct 16 2019 17:06:53 GMT+0200 (CEST);Wed Oct 16 2019 15:06:53 GMT+0200 (CEST);1571238413000;0.36;71.44;16.09
1380556831572750;23.5;32.5;Wed Oct 16 2019 17:08:47 GMT+0200 (CEST);Wed Oct 16 2019 15:08:47 GMT+0200 (CEST);1571238527000;0.38;76.93;16.17
1380556831572750;23.5;32.2;Wed Oct 16 2019 17:10:40 GMT+0200 (CEST);Wed Oct 16 2019 15:10:40 GMT+0200 (CEST);1571238640000;0.32;66.45;16.22
1380556831572750;23.5;32;Wed Oct 16 2019 17:12:33 GMT+0200 (CEST);Wed Oct 16 2019 15:12:33 GMT+0200 (CEST);1571238753000;0.29;59.28;16.25
1380556831572750;23.5;31.8;Wed Oct 16 2019 17:14:29 GMT+0200 (CEST);Wed Oct 16 2019 15:14:29 GMT+0200 (CEST);1571238869000;0.22;46.54;16.26
1380556831572750;23.5;31.5;Wed Oct 16 2019 17:16:30 GMT+0200 (CEST);Wed Oct 16 2019 15:16:30 GMT+0200 (CEST);1571238990000;0.23;49.33;16.26
1380556831572750;23.5;31.7;Wed Oct 16 2019 17:18:23 GMT+0200 (CEST);Wed Oct 16 2019 15:18:23 GMT+0200 (CEST);1571239103000;0.21;46.4;16.25
1380556831572750;23.5;31.5;Wed Oct 16 2019 17:20:38 GMT+0200 (CEST);Wed Oct 16 2019 15:20:38 GMT+0200 (CEST);1571239238000;0.2;43.89;16.24
1380556831572750;23.5;31.2;Wed Oct 16 2019 17:22:31 GMT+0200 (CEST);Wed Oct 16 2019 15:22:31 GMT+0200 (CEST);1571239351000;0.17;36.41;16.18
1380556831572750;23.5;31.2;Wed Oct 16 2019 17:24:26 GMT+0200 (CEST);Wed Oct 16 2019 15:24:26 GMT+0200 (CEST);1571239466000;0.17;38.15;16.1
1380556831572750;23.5;31.5;Wed Oct 16 2019 17:26:21 GMT+0200 (CEST);Wed Oct 16 2019 15:26:21 GMT+0200 (CEST);1571239581000;0.22;45.82;16.03
1380556831572750;23.5;31.9;Wed Oct 16 2019 17:28:15 GMT+0200 (CEST);Wed Oct 16 2019 15:28:15 GMT+0200 (CEST);1571239695000;0.22;49.16;15.99
1380556831572750;23.5;32.9;Wed Oct 16 2019 17:30:09 GMT+0200 (CEST);Wed Oct 16 2019 15:30:09 GMT+0200 (CEST);1571239809000;0.22;61.01;15.97
1380556831572750;23.5;32.5;Wed Oct 16 2019 17:32:01 GMT+0200 (CEST);Wed Oct 16 2019 15:32:01 GMT+0200 (CEST);1571239921000;0.21;47.42;15.94
1380556831572750;23.5;32.4;Wed Oct 16 2019 17:33:58 GMT+0200 (CEST);Wed Oct 16 2019 15:33:58 GMT+0200 (CEST);1571240038000;0.2;42.92;15.87
1380556831572750;23.5;32.1;Wed Oct 16 2019 17:35:51 GMT+0200 (CEST);Wed Oct 16 2019 15:35:51 GMT+0200 (CEST);1571240151000;0.2;42.4;15.8
1380556831572750;23.5;31.9;Wed Oct 16 2019 17:37:46 GMT+0200 (CEST);Wed Oct 16 2019 15:37:46 GMT+0200 (CEST);1571240266000;0.21;44.01;15.74
1380556831572750;23.5;31.8;Wed Oct 16 2019 17:39:40 GMT+0200 (CEST);Wed Oct 16 2019 15:39:40 GMT+0200 (CEST);1571240380000;0.21;45.36;15.7
1380556831572750;23.5;32.3;Wed Oct 16 2019 17:41:53 GMT+0200 (CEST);Wed Oct 16 2019 15:41:53 GMT+0200 (CEST);1571240513000;0.21;45.78;15.67
1380556831572750;22;31.9;Wed Oct 16 2019 17:43:46 GMT+0200 (CEST);Wed Oct 16 2019 15:43:46 GMT+0200 (CEST);1571240626000;0.21;46.02;15.67
1380556831572750;22;32;Wed Oct 16 2019 17:45:39 GMT+0200 (CEST);Wed Oct 16 2019 15:45:39 GMT+0200 (CEST);1571240739000;0.22;48.74;15.68
1380556831572750;22;32.1;Wed Oct 16 2019 17:47:32 GMT+0200 (CEST);Wed Oct 16 2019 15:47:32 GMT+0200 (CEST);1571240852000;0.22;47.83;15.69
1380556831572750;22;31.7;Wed Oct 16 2019 17:50:04 GMT+0200 (CEST);Wed Oct 16 2019 15:50:04 GMT+0200 (CEST);1571241004000;0.18;40.22;15.67
1380556831572750;22;31.3;Wed Oct 16 2019 17:51:58 GMT+0200 (CEST);Wed Oct 16 2019 15:51:58 GMT+0200 (CEST);1571241118000;0.16;34.1;15.64
1380556831572750;22;31.3;Wed Oct 16 2019 17:53:50 GMT+0200 (CEST);Wed Oct 16 2019 15:53:50 GMT+0200 (CEST);1571241230000;0.13;28.78;15.59
1380556831572750;22;31.2;Wed Oct 16 2019 17:55:45 GMT+0200 (CEST);Wed Oct 16 2019 15:55:45 GMT+0200 (CEST);1571241345000;0.1;24.61;15.53
1380556831572750;22;31;Wed Oct 16 2019 17:57:38 GMT+0200 (CEST);Wed Oct 16 2019 15:57:38 GMT+0200 (CEST);1571241458000;0.09;19.81;15.46
1380556831572750;22;31;Wed Oct 16 2019 17:59:31 GMT+0200 (CEST);Wed Oct 16 2019 15:59:31 GMT+0200 (CEST);1571241571000;0.06;16.33;15.36
1380556831572750;22;31;Wed Oct 16 2019 18:01:26 GMT+0200 (CEST);Wed Oct 16 2019 16:01:26 GMT+0200 (CEST);1571241686000;0;14.7;15.28
1380556831572750;21.5;30.2;Wed Oct 16 2019 18:03:19 GMT+0200 (CEST);Wed Oct 16 2019 16:03:19 GMT+0200 (CEST);1571241799000;0;13.87;15.18
1380556831572750;21.5;30.2;Wed Oct 16 2019 18:05:12 GMT+0200 (CEST);Wed Oct 16 2019 16:05:12 GMT+0200 (CEST);1571241912000;0;13.64;15.1
1380556831572750;21.5;29.8;Wed Oct 16 2019 18:07:05 GMT+0200 (CEST);Wed Oct 16 2019 16:07:05 GMT+0200 (CEST);1571242025000;0;12.03;15.03
1380556831572750;21.5;31.5;Wed Oct 16 2019 18:08:59 GMT+0200 (CEST);Wed Oct 16 2019 16:08:59 GMT+0200 (CEST);1571242139000;0;10.6;14.96
1380556831572750;21.5;31.2;Wed Oct 16 2019 18:10:52 GMT+0200 (CEST);Wed Oct 16 2019 16:10:52 GMT+0200 (CEST);1571242252000;0;9.21;14.91
1380556831572750;21.5;30.9;Wed Oct 16 2019 18:12:55 GMT+0200 (CEST);Wed Oct 16 2019 16:12:55 GMT+0200 (CEST);1571242375000;0;8.89;14.84
1380556831572750;21.5;30.9;Wed Oct 16 2019 18:14:47 GMT+0200 (CEST);Wed Oct 16 2019 16:14:47 GMT+0200 (CEST);1571242487000;0;7.93;14.78
1380556831572750;21.5;32.6;Wed Oct 16 2019 18:16:40 GMT+0200 (CEST);Wed Oct 16 2019 16:16:40 GMT+0200 (CEST);1571242600000;0;6.62;14.72
1380556831572750;21.5;32.4;Wed Oct 16 2019 18:18:33 GMT+0200 (CEST);Wed Oct 16 2019 16:18:33 GMT+0200 (CEST);1571242713000;0;5.07;14.68
1380556831572750;21.5;30.9;Wed Oct 16 2019 18:20:32 GMT+0200 (CEST);Wed Oct 16 2019 16:20:32 GMT+0200 (CEST);1571242832000;0;3.91;14.64
1380556831572750;21.5;30.2;Wed Oct 16 2019 18:22:25 GMT+0200 (CEST);Wed Oct 16 2019 16:22:25 GMT+0200 (CEST);1571242945000;0;3.39;14.61
1380556831572750;21.5;29.1;Wed Oct 16 2019 18:24:21 GMT+0200 (CEST);Wed Oct 16 2019 16:24:21 GMT+0200 (CEST);1571243061000;0;2.73;14.59
1380556831572750;21.5;28.6;Wed Oct 16 2019 18:26:16 GMT+0200 (CEST);Wed Oct 16 2019 16:26:16 GMT+0200 (CEST);1571243176000;0;1.99;14.53
1380556831572750;21.5;28.6;Wed Oct 16 2019 18:28:17 GMT+0200 (CEST);Wed Oct 16 2019 16:28:17 GMT+0200 (CEST);1571243297000;0;1.37;14.5
1380556831572750;11.4;27.7;Thu Oct 17 2019 07:57:00 GMT+0200 (CEST);Thu Oct 17 2019 05:57:00 GMT+0200 (CEST);1571291820000;0;12;9.85
1380556831572750;11.4;28.4;Thu Oct 17 2019 07:58:53 GMT+0200 (CEST);Thu Oct 17 2019 05:58:53 GMT+0200 (CEST);1571291933000;0;14.13;9.91
1380556831572750;11.4;30.4;Thu Oct 17 2019 08:00:49 GMT+0200 (CEST);Thu Oct 17 2019 06:00:49 GMT+0200 (CEST);1571292049000;0;15.49;9.96
1380556831572750;13.9;29.1;Thu Oct 17 2019 08:02:44 GMT+0200 (CEST);Thu Oct 17 2019 06:02:44 GMT+0200 (CEST);1571292164000;0.07;16.78;10.03
1380556831572750;13.9;29.3;Thu Oct 17 2019 08:04:37 GMT+0200 (CEST);Thu Oct 17 2019 06:04:37 GMT+0200 (CEST);1571292277000;0.08;19.07;10.09
1380556831572750;13.9;29.1;Thu Oct 17 2019 08:06:31 GMT+0200 (CEST);Thu Oct 17 2019 06:06:31 GMT+0200 (CEST);1571292391000;0.1;21.83;10.15
1380556831572750;13.9;29.3;Thu Oct 17 2019 08:08:32 GMT+0200 (CEST);Thu Oct 17 2019 06:08:32 GMT+0200 (CEST);1571292512000;0.12;26.55;10.2
1380556831572750;13.9;29.4;Thu Oct 17 2019 08:10:25 GMT+0200 (CEST);Thu Oct 17 2019 06:10:25 GMT+0200 (CEST);1571292625000;0.14;30.93;10.25
1380556831572750;13.9;31.5;Thu Oct 17 2019 08:12:20 GMT+0200 (CEST);Thu Oct 17 2019 06:12:20 GMT+0200 (CEST);1571292740000;0.16;34.47;10.32
1380556831572750;13.9;31.5;Thu Oct 17 2019 08:14:14 GMT+0200 (CEST);Thu Oct 17 2019 06:14:14 GMT+0200 (CEST);1571292854000;0.16;34.17;10.39
1380556831572750;15.9;31.5;Thu Oct 17 2019 08:16:07 GMT+0200 (CEST);Thu Oct 17 2019 06:16:07 GMT+0200 (CEST);1571292967000;0.14;32.48;10.46
1380556831572750;15.9;31.4;Thu Oct 17 2019 08:18:03 GMT+0200 (CEST);Thu Oct 17 2019 06:18:03 GMT+0200 (CEST);1571293083000;0.14;31.63;10.54
1380556831572750;15.9;31.5;Thu Oct 17 2019 08:20:03 GMT+0200 (CEST);Thu Oct 17 2019 06:20:03 GMT+0200 (CEST);1571293203000;0.14;32.48;10.59
1380556831572750;15.9;31.4;Thu Oct 17 2019 08:21:58 GMT+0200 (CEST);Thu Oct 17 2019 06:21:58 GMT+0200 (CEST);1571293318000;0.14;34.1;10.64
1380556831572750;15.9;31;Thu Oct 17 2019 08:23:51 GMT+0200 (CEST);Thu Oct 17 2019 06:23:51 GMT+0200 (CEST);1571293431000;0.14;35.87;10.68
1380556831572750;15.9;31.4;Thu Oct 17 2019 08:25:45 GMT+0200 (CEST);Thu Oct 17 2019 06:25:45 GMT+0200 (CEST);1571293545000;0.16;37.61;10.71
1380556831572750;15.9;31.5;Thu Oct 17 2019 08:27:37 GMT+0200 (CEST);Thu Oct 17 2019 06:27:37 GMT+0200 (CEST);1571293657000;0.17;39.12;10.74
1380556831572750;15.9;31.3;Thu Oct 17 2019 08:29:32 GMT+0200 (CEST);Thu Oct 17 2019 06:29:32 GMT+0200 (CEST);1571293772000;0.18;41.56;10.76
1380556831572750;15.9;31.7;Thu Oct 17 2019 08:31:33 GMT+0200 (CEST);Thu Oct 17 2019 06:31:33 GMT+0200 (CEST);1571293893000;0.2;45.45;10.79
1380556831572750;15.9;32.3;Thu Oct 17 2019 08:33:25 GMT+0200 (CEST);Thu Oct 17 2019 06:33:25 GMT+0200 (CEST);1571294005000;0.24;53.83;10.85
1380556831572750;16.9;32.7;Thu Oct 17 2019 08:35:18 GMT+0200 (CEST);Thu Oct 17 2019 06:35:18 GMT+0200 (CEST);1571294118000;0.29;67.12;10.89
1380556831572750;16.9;33.3;Thu Oct 17 2019 08:37:11 GMT+0200 (CEST);Thu Oct 17 2019 06:37:11 GMT+0200 (CEST);1571294231000;0.36;76.66;10.99
1380556831572750;16.9;33.8;Thu Oct 17 2019 08:39:07 GMT+0200 (CEST);Thu Oct 17 2019 06:39:07 GMT+0200 (CEST);1571294347000;0.41;85.48;11.1
1380556831572750;16.9;33.9;Thu Oct 17 2019 08:41:02 GMT+0200 (CEST);Thu Oct 17 2019 06:41:02 GMT+0200 (CEST);1571294462000;0.43;88.91;11.22
1380556831572750;16.9;33.8;Thu Oct 17 2019 08:42:55 GMT+0200 (CEST);Thu Oct 17 2019 06:42:55 GMT+0200 (CEST);1571294575000;0.42;85.79;11.32
1380556831572750;17.9;33.8;Thu Oct 17 2019 08:44:47 GMT+0200 (CEST);Thu Oct 17 2019 06:44:47 GMT+0200 (CEST);1571294687000;0.39;82.54;11.39
1380556831572750;17.9;33.6;Thu Oct 17 2019 08:46:58 GMT+0200 (CEST);Thu Oct 17 2019 06:46:58 GMT+0200 (CEST);1571294818000;0.38;81.32;11.45
1380556831572750;17.9;33.5;Thu Oct 17 2019 08:49:02 GMT+0200 (CEST);Thu Oct 17 2019 06:49:02 GMT+0200 (CEST);1571294942000;0.4;84.63;11.52
1380556831572750;19.4;33.9;Thu Oct 17 2019 08:50:55 GMT+0200 (CEST);Thu Oct 17 2019 06:50:55 GMT+0200 (CEST);1571295055000;0.42;89.52;11.59
1380556831572750;19.4;33.8;Thu Oct 17 2019 08:52:48 GMT+0200 (CEST);Thu Oct 17 2019 06:52:48 GMT+0200 (CEST);1571295168000;0.43;93.93;11.7
1380556831572750;19.4;33.9;Thu Oct 17 2019 08:54:57 GMT+0200 (CEST);Thu Oct 17 2019 06:54:57 GMT+0200 (CEST);1571295297000;0.44;95.88;11.79
1380556831572750;19.4;34;Thu Oct 17 2019 08:56:51 GMT+0200 (CEST);Thu Oct 17 2019 06:56:51 GMT+0200 (CEST);1571295411000;0.5;110.42;11.9
1380556831572750;19.4;34.3;Thu Oct 17 2019 08:58:44 GMT+0200 (CEST);Thu Oct 17 2019 06:58:44 GMT+0200 (CEST);1571295524000;0.64;148.9;12.07
1380556831572750;19.4;35.4;Thu Oct 17 2019 09:00:37 GMT+0200 (CEST);Thu Oct 17 2019 07:00:37 GMT+0200 (CEST);1571295637000;0.73;249.81;12.38
1380556831572750;19.4;35.3;Thu Oct 17 2019 09:02:31 GMT+0200 (CEST);Thu Oct 17 2019 07:02:31 GMT+0200 (CEST);1571295751000;0.77;206.89;12.88
1380556831572750;21.5;34.9;Thu Oct 17 2019 09:04:30 GMT+0200 (CEST);Thu Oct 17 2019 07:04:30 GMT+0200 (CEST);1571295870000;0.7;208.77;13.19
1380556831572750;21.5;34.2;Thu Oct 17 2019 09:06:29 GMT+0200 (CEST);Thu Oct 17 2019 07:06:29 GMT+0200 (CEST);1571295989000;0.6;363.51;13.45
1380556831572750;19.9;32.8;Thu Oct 17 2019 09:08:30 GMT+0200 (CEST);Thu Oct 17 2019 07:08:30 GMT+0200 (CEST);1571296110000;0.49;256.7;13.88
1380556831572750;19.9;31.9;Thu Oct 17 2019 09:10:29 GMT+0200 (CEST);Thu Oct 17 2019 07:10:29 GMT+0200 (CEST);1571296229000;0.47;227.83;14.29
1380556831572750;19.9;33.2;Thu Oct 17 2019 09:12:22 GMT+0200 (CEST);Thu Oct 17 2019 07:12:22 GMT+0200 (CEST);1571296342000;0.5;171.71;14.31
1380556831572750;21.5;33.4;Thu Oct 17 2019 09:14:14 GMT+0200 (CEST);Thu Oct 17 2019 07:14:14 GMT+0200 (CEST);1571296454000;0.56;188.37;14.29
1380556831572750;21.5;33.2;Thu Oct 17 2019 09:16:07 GMT+0200 (CEST);Thu Oct 17 2019 07:16:07 GMT+0200 (CEST);1571296567000;0.62;181.87;14.28
1380556831572750;21.5;33.2;Thu Oct 17 2019 09:17:50 GMT+0200 (CEST);Thu Oct 17 2019 07:17:50 GMT+0200 (CEST);1571296670000;0.62;212.02;14.28
1380556831572750;21.5;32.7;Thu Oct 17 2019 09:19:43 GMT+0200 (CEST);Thu Oct 17 2019 07:19:43 GMT+0200 (CEST);1571296783000;0.59;214.58;14.26
1380556831572750;21.5;34;Thu Oct 17 2019 09:22:16 GMT+0200 (CEST);Thu Oct 17 2019 07:22:16 GMT+0200 (CEST);1571296936000;0.61;158.61;14.3
1380556831572750;21.5;35;Thu Oct 17 2019 09:24:09 GMT+0200 (CEST);Thu Oct 17 2019 07:24:09 GMT+0200 (CEST);1571297049000;0.67;178.89;14.34
1380556831572750;21.5;34.4;Thu Oct 17 2019 09:26:06 GMT+0200 (CEST);Thu Oct 17 2019 07:26:06 GMT+0200 (CEST);1571297166000;0.69;158.72;14.35
1380556831572750;22;34.5;Thu Oct 17 2019 09:27:59 GMT+0200 (CEST);Thu Oct 17 2019 07:27:59 GMT+0200 (CEST);1571297279000;0.66;155.09;14.34
1380556831572750;22;34.4;Thu Oct 17 2019 09:29:52 GMT+0200 (CEST);Thu Oct 17 2019 07:29:52 GMT+0200 (CEST);1571297392000;0.62;149.78;14.32
1380556831572750;22;34.9;Thu Oct 17 2019 09:31:46 GMT+0200 (CEST);Thu Oct 17 2019 07:31:46 GMT+0200 (CEST);1571297506000;0.65;159.1;14.32
1380556831572750;22;35.8;Thu Oct 17 2019 09:33:39 GMT+0200 (CEST);Thu Oct 17 2019 07:33:39 GMT+0200 (CEST);1571297619000;0.63;156.87;14.37
1380556831572750;22;33.8;Thu Oct 17 2019 09:35:33 GMT+0200 (CEST);Thu Oct 17 2019 07:35:33 GMT+0200 (CEST);1571297733000;0.46;106.76;14.39
1380556831572750;23.5;32.9;Thu Oct 17 2019 09:37:26 GMT+0200 (CEST);Thu Oct 17 2019 07:37:26 GMT+0200 (CEST);1571297846000;0.37;79.94;14.39
1380556831572750;23.5;32.3;Thu Oct 17 2019 09:39:21 GMT+0200 (CEST);Thu Oct 17 2019 07:39:21 GMT+0200 (CEST);1571297961000;0.32;70.88;14.29
1380556831572750;22;32.5;Thu Oct 17 2019 09:41:14 GMT+0200 (CEST);Thu Oct 17 2019 07:41:14 GMT+0200 (CEST);1571298074000;0.37;80.99;14.11
1380556831572750;22;33.2;Thu Oct 17 2019 09:43:09 GMT+0200 (CEST);Thu Oct 17 2019 07:43:09 GMT+0200 (CEST);1571298189000;0.43;89.9;13.98
1380556831572750;22;33.2;Thu Oct 17 2019 09:45:01 GMT+0200 (CEST);Thu Oct 17 2019 07:45:01 GMT+0200 (CEST);1571298301000;0.42;87.33;13.94
1380556831572750;22;32.8;Thu Oct 17 2019 09:47:03 GMT+0200 (CEST);Thu Oct 17 2019 07:47:03 GMT+0200 (CEST);1571298423000;0.36;75.29;13.88
1380556831572750;22;32.7;Thu Oct 17 2019 09:48:57 GMT+0200 (CEST);Thu Oct 17 2019 07:48:57 GMT+0200 (CEST);1571298537000;0.35;73.97;13.85
1380556831572750;22;32.5;Thu Oct 17 2019 09:51:11 GMT+0200 (CEST);Thu Oct 17 2019 07:51:11 GMT+0200 (CEST);1571298671000;0.33;71.07;13.83
1380556831572750;22;32.8;Thu Oct 17 2019 09:53:04 GMT+0200 (CEST);Thu Oct 17 2019 07:53:04 GMT+0200 (CEST);1571298784000;0.34;74.89;13.8
1380556831572750;22;32.6;Thu Oct 17 2019 09:55:04 GMT+0200 (CEST);Thu Oct 17 2019 07:55:04 GMT+0200 (CEST);1571298904000;0.38;86.28;13.8
1380556831572750;22;33;Thu Oct 17 2019 09:56:59 GMT+0200 (CEST);Thu Oct 17 2019 07:56:59 GMT+0200 (CEST);1571299019000;0.44;94.85;13.81
1380556831572750;22;32.9;Thu Oct 17 2019 09:58:51 GMT+0200 (CEST);Thu Oct 17 2019 07:58:51 GMT+0200 (CEST);1571299131000;0.4;89.73;13.88
1380556831572750;22;33;Thu Oct 17 2019 10:00:49 GMT+0200 (CEST);Thu Oct 17 2019 08:00:49 GMT+0200 (CEST);1571299249000;0.42;93.7;13.98
1380556831572750;22;33.4;Thu Oct 17 2019 10:02:45 GMT+0200 (CEST);Thu Oct 17 2019 08:02:45 GMT+0200 (CEST);1571299365000;0.53;114.73;14.07
1380556831572750;22;33.9;Thu Oct 17 2019 10:04:37 GMT+0200 (CEST);Thu Oct 17 2019 08:04:37 GMT+0200 (CEST);1571299477000;0.6;127.24;14.16
1380556831572750;22;34.1;Thu Oct 17 2019 10:06:33 GMT+0200 (CEST);Thu Oct 17 2019 08:06:33 GMT+0200 (CEST);1571299593000;0.65;133.65;14.28
1380556831572750;23.5;34.1;Thu Oct 17 2019 10:08:28 GMT+0200 (CEST);Thu Oct 17 2019 08:08:28 GMT+0200 (CEST);1571299708000;0.63;125.61;14.46
1380556831572750;23.5;33.6;Thu Oct 17 2019 10:10:24 GMT+0200 (CEST);Thu Oct 17 2019 08:10:24 GMT+0200 (CEST);1571299824000;0.47;94.4;14.57
1380556831572750;23.5;32.7;Thu Oct 17 2019 10:12:19 GMT+0200 (CEST);Thu Oct 17 2019 08:12:19 GMT+0200 (CEST);1571299939000;0.39;81.14;14.56
1380556831572750;23.5;32.7;Thu Oct 17 2019 10:14:12 GMT+0200 (CEST);Thu Oct 17 2019 08:14:12 GMT+0200 (CEST);1571300052000;0.38;78.95;14.53
1380556831572750;23.5;32.9;Thu Oct 17 2019 10:16:05 GMT+0200 (CEST);Thu Oct 17 2019 08:16:05 GMT+0200 (CEST);1571300165000;0.41;83.44;14.53
1380556831572750;22;33.1;Thu Oct 17 2019 10:18:06 GMT+0200 (CEST);Thu Oct 17 2019 08:18:06 GMT+0200 (CEST);1571300286000;0.38;77.81;14.5
1380556831572750;22;33;Thu Oct 17 2019 10:19:59 GMT+0200 (CEST);Thu Oct 17 2019 08:19:59 GMT+0200 (CEST);1571300399000;0.39;80.75;14.46
1380556831572750;22;32.7;Thu Oct 17 2019 10:21:53 GMT+0200 (CEST);Thu Oct 17 2019 08:21:53 GMT+0200 (CEST);1571300513000;0.39;78.13;14.45
1380556831572750;22;32.7;Thu Oct 17 2019 10:23:46 GMT+0200 (CEST);Thu Oct 17 2019 08:23:46 GMT+0200 (CEST);1571300626000;0.36;73.6;14.42
1380556831572750;22;32.9;Thu Oct 17 2019 10:25:51 GMT+0200 (CEST);Thu Oct 17 2019 08:25:51 GMT+0200 (CEST);1571300751000;0.44;87.54;14.36
1380556831572750;23.5;33.7;Thu Oct 17 2019 10:27:44 GMT+0200 (CEST);Thu Oct 17 2019 08:27:44 GMT+0200 (CEST);1571300864000;0.57;114.77;14.34
1380556831572750;23.5;34.1;Thu Oct 17 2019 10:29:37 GMT+0200 (CEST);Thu Oct 17 2019 08:29:37 GMT+0200 (CEST);1571300977000;0.7;142.43;14.39
1380556831572750;23.5;34.2;Thu Oct 17 2019 10:31:30 GMT+0200 (CEST);Thu Oct 17 2019 08:31:30 GMT+0200 (CEST);1571301090000;0.74;147.3;14.46
1380556831572750;23.5;34.1;Thu Oct 17 2019 10:33:31 GMT+0200 (CEST);Thu Oct 17 2019 08:33:31 GMT+0200 (CEST);1571301211000;0.7;141.07;14.56
1380556831572750;23.5;34.1;Thu Oct 17 2019 10:35:24 GMT+0200 (CEST);Thu Oct 17 2019 08:35:24 GMT+0200 (CEST);1571301324000;0.7;142.23;14.64
1380556831572750;23.5;34.2;Thu Oct 17 2019 10:37:25 GMT+0200 (CEST);Thu Oct 17 2019 08:37:25 GMT+0200 (CEST);1571301445000;0.78;158.28;14.76
1380556831572750;23.5;34.2;Thu Oct 17 2019 10:39:18 GMT+0200 (CEST);Thu Oct 17 2019 08:39:18 GMT+0200 (CEST);1571301558000;0.75;145.81;14.91
1380556831572750;24;34;Thu Oct 17 2019 10:41:11 GMT+0200 (CEST);Thu Oct 17 2019 08:41:11 GMT+0200 (CEST);1571301671000;0.59;118.73;14.96
1380556831572750;24;33.4;Thu Oct 17 2019 10:43:04 GMT+0200 (CEST);Thu Oct 17 2019 08:43:04 GMT+0200 (CEST);1571301784000;0.49;99.15;14.97
1380556831572750;24;33.2;Thu Oct 17 2019 10:44:58 GMT+0200 (CEST);Thu Oct 17 2019 08:44:58 GMT+0200 (CEST);1571301898000;0.46;93.49;14.95
1380556831572750;24;33.3;Thu Oct 17 2019 10:46:50 GMT+0200 (CEST);Thu Oct 17 2019 08:46:50 GMT+0200 (CEST);1571302010000;0.57;119.69;14.92
1380556831572750;24;34;Thu Oct 17 2019 10:48:43 GMT+0200 (CEST);Thu Oct 17 2019 08:48:43 GMT+0200 (CEST);1571302123000;0.78;154.24;14.89
1380556831572750;24;34.4;Thu Oct 17 2019 10:50:36 GMT+0200 (CEST);Thu Oct 17 2019 08:50:36 GMT+0200 (CEST);1571302236000;0.91;179.96;14.95
1380556831572750;24;34.3;Thu Oct 17 2019 10:52:30 GMT+0200 (CEST);Thu Oct 17 2019 08:52:30 GMT+0200 (CEST);1571302350000;0.88;171.55;15.11
1380556831572750;24;34.1;Thu Oct 17 2019 10:54:33 GMT+0200 (CEST);Thu Oct 17 2019 08:54:33 GMT+0200 (CEST);1571302473000;0.7;141.17;15.21
1380556831572750;24;33.8;Thu Oct 17 2019 10:56:29 GMT+0200 (CEST);Thu Oct 17 2019 08:56:29 GMT+0200 (CEST);1571302589000;0.62;125.83;15.27
1380556831572750;24;33.8;Thu Oct 17 2019 10:58:30 GMT+0200 (CEST);Thu Oct 17 2019 08:58:30 GMT+0200 (CEST);1571302710000;0.63;127.76;15.22
1380556831572750;24;33.8;Thu Oct 17 2019 11:00:24 GMT+0200 (CEST);Thu Oct 17 2019 09:00:24 GMT+0200 (CEST);1571302824000;0.63;129.53;15.22
1380556831572750;24;33.8;Thu Oct 17 2019 11:02:17 GMT+0200 (CEST);Thu Oct 17 2019 09:02:17 GMT+0200 (CEST);1571302937000;0.65;131.35;15.19
1380556831572750;24;33.7;Thu Oct 17 2019 11:04:10 GMT+0200 (CEST);Thu Oct 17 2019 09:04:10 GMT+0200 (CEST);1571303050000;0.62;122.85;15.24
1380556831572750;24;33.6;Thu Oct 17 2019 11:06:13 GMT+0200 (CEST);Thu Oct 17 2019 09:06:13 GMT+0200 (CEST);1571303173000;0.55;111.24;15.25
1380556831572750;24;33.4;Thu Oct 17 2019 11:08:05 GMT+0200 (CEST);Thu Oct 17 2019 09:08:05 GMT+0200 (CEST);1571303285000;0.52;105.52;15.31
1380556831572750;24;33.4;Thu Oct 17 2019 11:09:58 GMT+0200 (CEST);Thu Oct 17 2019 09:09:58 GMT+0200 (CEST);1571303398000;0.54;109.79;15.33
1380556831572750;24;33.5;Thu Oct 17 2019 11:11:52 GMT+0200 (CEST);Thu Oct 17 2019 09:11:52 GMT+0200 (CEST);1571303512000;0.58;117.29;15.4
1380556831572750;24;33.7;Thu Oct 17 2019 11:13:45 GMT+0200 (CEST);Thu Oct 17 2019 09:13:45 GMT+0200 (CEST);1571303625000;0.61;123.6;15.48
1380556831572750;24;33.8;Thu Oct 17 2019 11:15:40 GMT+0200 (CEST);Thu Oct 17 2019 09:15:40 GMT+0200 (CEST);1571303740000;0.66;131.74;15.58
1380556831572750;24;33.9;Thu Oct 17 2019 11:17:34 GMT+0200 (CEST);Thu Oct 17 2019 09:17:34 GMT+0200 (CEST);1571303854000;0.71;141.35;15.72
1380556831572750;25;34;Thu Oct 17 2019 11:19:28 GMT+0200 (CEST);Thu Oct 17 2019 09:19:28 GMT+0200 (CEST);1571303968000;0.76;150.45;15.84
1380556831572750;25;33.9;Thu Oct 17 2019 11:21:26 GMT+0200 (CEST);Thu Oct 17 2019 09:21:26 GMT+0200 (CEST);1571304086000;0.79;156.01;16.01
1380556831572750;25;34;Thu Oct 17 2019 11:23:20 GMT+0200 (CEST);Thu Oct 17 2019 09:23:20 GMT+0200 (CEST);1571304200000;0.77;154.07;16.14
1380556831572750;25.5;33.8;Thu Oct 17 2019 11:25:13 GMT+0200 (CEST);Thu Oct 17 2019 09:25:13 GMT+0200 (CEST);1571304313000;0.72;143.89;16.27
1380556831572750;25.5;33.6;Thu Oct 17 2019 11:27:07 GMT+0200 (CEST);Thu Oct 17 2019 09:27:07 GMT+0200 (CEST);1571304427000;0.66;132.9;16.32
1380556831572750;25.5;33.5;Thu Oct 17 2019 11:28:59 GMT+0200 (CEST);Thu Oct 17 2019 09:28:59 GMT+0200 (CEST);1571304539000;0.61;127.41;16.42
1380556831572750;25.5;33.5;Thu Oct 17 2019 11:30:52 GMT+0200 (CEST);Thu Oct 17 2019 09:30:52 GMT+0200 (CEST);1571304652000;0.57;118.28;16.49
1380556831572750;25.5;33.4;Thu Oct 17 2019 11:32:45 GMT+0200 (CEST);Thu Oct 17 2019 09:32:45 GMT+0200 (CEST);1571304765000;0.52;108.7;16.52
1380556831572750;25.5;33.3;Thu Oct 17 2019 11:34:37 GMT+0200 (CEST);Thu Oct 17 2019 09:34:37 GMT+0200 (CEST);1571304877000;0.48;103.48;16.5
1380556831572750;25.5;33.2;Thu Oct 17 2019 11:36:31 GMT+0200 (CEST);Thu Oct 17 2019 09:36:31 GMT+0200 (CEST);1571304991000;0.51;113.03;16.5
1380556831572750;25.5;33.6;Thu Oct 17 2019 11:38:30 GMT+0200 (CEST);Thu Oct 17 2019 09:38:30 GMT+0200 (CEST);1571305110000;0.59;127.95;16.49
1380556831572750;25.5;33.9;Thu Oct 17 2019 11:40:22 GMT+0200 (CEST);Thu Oct 17 2019 09:40:22 GMT+0200 (CEST);1571305222000;0.71;153.58;16.52
1380556831572750;25.5;34.7;Thu Oct 17 2019 11:42:16 GMT+0200 (CEST);Thu Oct 17 2019 09:42:16 GMT+0200 (CEST);1571305336000;0.86;188.13;16.62
1380556831572750;25;34.8;Thu Oct 17 2019 11:44:18 GMT+0200 (CEST);Thu Oct 17 2019 09:44:18 GMT+0200 (CEST);1571305458000;0.99;211.64;16.73
1380556831572750;25;34.8;Thu Oct 17 2019 11:46:11 GMT+0200 (CEST);Thu Oct 17 2019 09:46:11 GMT+0200 (CEST);1571305571000;1.03;221.17;16.9
1380556831572750;26;34.8;Thu Oct 17 2019 11:48:04 GMT+0200 (CEST);Thu Oct 17 2019 09:48:04 GMT+0200 (CEST);1571305684000;1.05;226.31;17.14
1380556831572750;26;34.9;Thu Oct 17 2019 11:49:57 GMT+0200 (CEST);Thu Oct 17 2019 09:49:57 GMT+0200 (CEST);1571305797000;1.1;236.11;17.39
1380556831572750;27.5;34.7;Thu Oct 17 2019 11:52:37 GMT+0200 (CEST);Thu Oct 17 2019 09:52:37 GMT+0200 (CEST);1571305957000;1.02;213.37;17.64
1380556831572750;27.5;34.5;Thu Oct 17 2019 11:54:33 GMT+0200 (CEST);Thu Oct 17 2019 09:54:33 GMT+0200 (CEST);1571306073000;1.02;210.07;17.72
1380556831572750;27.5;34.6;Thu Oct 17 2019 11:56:30 GMT+0200 (CEST);Thu Oct 17 2019 09:56:30 GMT+0200 (CEST);1571306190000;1.13;233.47;17.87
1380556831572750;27.5;34.2;Thu Oct 17 2019 11:58:24 GMT+0200 (CEST);Thu Oct 17 2019 09:58:24 GMT+0200 (CEST);1571306304000;1.08;214.26;18.03
1380556831572750;27.5;34.2;Thu Oct 17 2019 12:00:16 GMT+0200 (CEST);Thu Oct 17 2019 10:00:16 GMT+0200 (CEST);1571306416000;1.03;205.75;18.03
1380556831572750;27.5;34.2;Thu Oct 17 2019 12:02:09 GMT+0200 (CEST);Thu Oct 17 2019 10:02:09 GMT+0200 (CEST);1571306529000;1.05;209.93;18.12
1380556831572750;27.5;34.2;Thu Oct 17 2019 12:04:03 GMT+0200 (CEST);Thu Oct 17 2019 10:04:03 GMT+0200 (CEST);1571306643000;1.07;215.68;18.25
1380556831572750;28;34.2;Thu Oct 17 2019 12:05:55 GMT+0200 (CEST);Thu Oct 17 2019 10:05:55 GMT+0200 (CEST);1571306755000;1.07;209.71;18.39
1380556831572750;28;34.1;Thu Oct 17 2019 12:07:56 GMT+0200 (CEST);Thu Oct 17 2019 10:07:56 GMT+0200 (CEST);1571306876000;0.96;184.37;18.35
1380556831572750;28;34;Thu Oct 17 2019 12:09:49 GMT+0200 (CEST);Thu Oct 17 2019 10:09:49 GMT+0200 (CEST);1571306989000;0.87;166.52;18.16
1380556831572750;27.5;33.8;Thu Oct 17 2019 12:11:42 GMT+0200 (CEST);Thu Oct 17 2019 10:11:42 GMT+0200 (CEST);1571307102000;0.78;148.37;17.96
1380556831572750;27.5;33.7;Thu Oct 17 2019 12:13:37 GMT+0200 (CEST);Thu Oct 17 2019 10:13:37 GMT+0200 (CEST);1571307217000;0.69;133.81;17.81
1380556831572750;27.5;33.4;Thu Oct 17 2019 12:15:30 GMT+0200 (CEST);Thu Oct 17 2019 10:15:30 GMT+0200 (CEST);1571307330000;0.64;124.37;17.73
1380556831572750;27.5;33.6;Thu Oct 17 2019 12:17:25 GMT+0200 (CEST);Thu Oct 17 2019 10:17:25 GMT+0200 (CEST);1571307445000;0.66;129.42;17.64
1380556831572750;27.5;33.9;Thu Oct 17 2019 12:19:21 GMT+0200 (CEST);Thu Oct 17 2019 10:19:21 GMT+0200 (CEST);1571307561000;0.76;151.72;17.51
1380556831572750;27.5;34.5;Thu Oct 17 2019 12:21:22 GMT+0200 (CEST);Thu Oct 17 2019 10:21:22 GMT+0200 (CEST);1571307682000;0.94;185.45;17.29
1380556831572750;27.5;34.7;Thu Oct 17 2019 12:23:23 GMT+0200 (CEST);Thu Oct 17 2019 10:23:23 GMT+0200 (CEST);1571307803000;1.1;215.1;17.05
1380556831572750;26;35.1;Thu Oct 17 2019 12:25:16 GMT+0200 (CEST);Thu Oct 17 2019 10:25:16 GMT+0200 (CEST);1571307916000;1.18;229.89;16.71
1380556831572750;26;35;Thu Oct 17 2019 12:27:11 GMT+0200 (CEST);Thu Oct 17 2019 10:27:11 GMT+0200 (CEST);1571308031000;1.23;241.13;16.47
1380556831572750;26;35.3;Thu Oct 17 2019 12:29:04 GMT+0200 (CEST);Thu Oct 17 2019 10:29:04 GMT+0200 (CEST);1571308144000;1.32;263.59;16.29
1380556831572750;27.5;35.3;Thu Oct 17 2019 12:30:57 GMT+0200 (CEST);Thu Oct 17 2019 10:30:57 GMT+0200 (CEST);1571308257000;1.38;283.83;16.04
1380556831572750;27.5;35.4;Thu Oct 17 2019 12:32:50 GMT+0200 (CEST);Thu Oct 17 2019 10:32:50 GMT+0200 (CEST);1571308370000;1.56;316.46;15.96
1380556831572750;27.5;35.5;Thu Oct 17 2019 12:34:53 GMT+0200 (CEST);Thu Oct 17 2019 10:34:53 GMT+0200 (CEST);1571308493000;1.37;281.71;16.08
1380556831572750;27.5;35.3;Thu Oct 17 2019 12:36:46 GMT+0200 (CEST);Thu Oct 17 2019 10:36:46 GMT+0200 (CEST);1571308606000;1.29;261.84;16.15
1380556831572750;27.5;35.2;Thu Oct 17 2019 12:38:35 GMT+0200 (CEST);Thu Oct 17 2019 10:38:35 GMT+0200 (CEST);1571308715000;1.29;263.05;16.31
1380556831572750;27.5;35.1;Thu Oct 17 2019 12:40:27 GMT+0200 (CEST);Thu Oct 17 2019 10:40:27 GMT+0200 (CEST);1571308827000;1.23;251.59;16.55
1380556831572750;27.5;35;Thu Oct 17 2019 12:42:21 GMT+0200 (CEST);Thu Oct 17 2019 10:42:21 GMT+0200 (CEST);1571308941000;1.32;279.93;16.72
1380556831572750;27.5;35.2;Thu Oct 17 2019 12:44:13 GMT+0200 (CEST);Thu Oct 17 2019 10:44:13 GMT+0200 (CEST);1571309053000;1.45;303.91;16.91
1380556831572750;27.5;35;Thu Oct 17 2019 12:46:06 GMT+0200 (CEST);Thu Oct 17 2019 10:46:06 GMT+0200 (CEST);1571309166000;1.43;303.42;17.14
1380556831572750;27.5;35;Thu Oct 17 2019 12:48:02 GMT+0200 (CEST);Thu Oct 17 2019 10:48:02 GMT+0200 (CEST);1571309282000;1.53;332.79;17.39
1380556831572750;27.5;35.8;Thu Oct 17 2019 12:49:56 GMT+0200 (CEST);Thu Oct 17 2019 10:49:56 GMT+0200 (CEST);1571309396000;1.92;424.95;17.64
1380556831572750;27.5;35.7;Thu Oct 17 2019 12:51:49 GMT+0200 (CEST);Thu Oct 17 2019 10:51:49 GMT+0200 (CEST);1571309509000;2.18;417.27;18.11
1380556831572750;29.5;35.6;Thu Oct 17 2019 12:54:19 GMT+0200 (CEST);Thu Oct 17 2019 10:54:19 GMT+0200 (CEST);1571309659000;1.88;437.75;18.84
1380556831572750;29.5;36;Thu Oct 17 2019 12:56:13 GMT+0200 (CEST);Thu Oct 17 2019 10:56:13 GMT+0200 (CEST);1571309773000;2.67;519.67;19.07
1380556831572750;30;35.5;Thu Oct 17 2019 12:58:07 GMT+0200 (CEST);Thu Oct 17 2019 10:58:07 GMT+0200 (CEST);1571309887000;2.33;611.83;19.36
1380556831572750;30;35.3;Thu Oct 17 2019 13:00:00 GMT+0200 (CEST);Thu Oct 17 2019 11:00:00 GMT+0200 (CEST);1571310000000;4.2;949.09;20
1380556831572750;30;33.8;Thu Oct 17 2019 13:01:56 GMT+0200 (CEST);Thu Oct 17 2019 11:01:56 GMT+0200 (CEST);1571310116000;4.39;943.56;20.96
1380556831572750;32;32.5;Thu Oct 17 2019 13:03:50 GMT+0200 (CEST);Thu Oct 17 2019 11:03:50 GMT+0200 (CEST);1571310230000;4.34;917.36;21.98
1380556831572750;32;32.1;Thu Oct 17 2019 13:05:45 GMT+0200 (CEST);Thu Oct 17 2019 11:05:45 GMT+0200 (CEST);1571310345000;4.23;891.47;22.51
1380556831572750;33;32.1;Thu Oct 17 2019 13:07:38 GMT+0200 (CEST);Thu Oct 17 2019 11:07:38 GMT+0200 (CEST);1571310458000;4.1;876.16;23.17
1380556831572750;33;31.4;Thu Oct 17 2019 13:10:23 GMT+0200 (CEST);Thu Oct 17 2019 11:10:23 GMT+0200 (CEST);1571310623000;4.21;886.45;24.02
1380556831572750;37.6;31.7;Thu Oct 17 2019 13:12:16 GMT+0200 (CEST);Thu Oct 17 2019 11:12:16 GMT+0200 (CEST);1571310736000;4.18;882.87;24.42
1380556831572750;37.6;31.2;Thu Oct 17 2019 13:14:09 GMT+0200 (CEST);Thu Oct 17 2019 11:14:09 GMT+0200 (CEST);1571310849000;4.16;865.49;25
1380556831572750;39.6;31.5;Thu Oct 17 2019 13:16:59 GMT+0200 (CEST);Thu Oct 17 2019 11:16:59 GMT+0200 (CEST);1571311019000;4.09;848.56;25.35
1380556831572750;39.6;31.3;Thu Oct 17 2019 13:18:53 GMT+0200 (CEST);Thu Oct 17 2019 11:18:53 GMT+0200 (CEST);1571311133000;4.05;841.9;25.6
1380556831572750;39.6;31.8;Thu Oct 17 2019 13:20:48 GMT+0200 (CEST);Thu Oct 17 2019 11:20:48 GMT+0200 (CEST);1571311248000;3.94;817.23;25.6
1380556831572750;41.6;31.5;Thu Oct 17 2019 13:22:42 GMT+0200 (CEST);Thu Oct 17 2019 11:22:42 GMT+0200 (CEST);1571311362000;3.75;799.67;25.4
1380556831572750;41.6;32.1;Thu Oct 17 2019 13:24:35 GMT+0200 (CEST);Thu Oct 17 2019 11:24:35 GMT+0200 (CEST);1571311475000;3.25;773.51;25.18
1380556831572750;42.1;32.7;Thu Oct 17 2019 13:26:28 GMT+0200 (CEST);Thu Oct 17 2019 11:26:28 GMT+0200 (CEST);1571311588000;3.72;776.85;25.07
1380556831572750;42.1;32.5;Thu Oct 17 2019 13:28:22 GMT+0200 (CEST);Thu Oct 17 2019 11:28:22 GMT+0200 (CEST);1571311702000;3.75;801.03;25.13
1380556831572750;42.1;31.8;Thu Oct 17 2019 13:30:15 GMT+0200 (CEST);Thu Oct 17 2019 11:30:15 GMT+0200 (CEST);1571311815000;3.78;801.99;25.46
1380556831572750;43.6;33.2;Thu Oct 17 2019 13:32:09 GMT+0200 (CEST);Thu Oct 17 2019 11:32:09 GMT+0200 (CEST);1571311929000;3.61;808.52;25.72
1380556831572750;43.6;32.3;Thu Oct 17 2019 13:34:02 GMT+0200 (CEST);Thu Oct 17 2019 11:34:02 GMT+0200 (CEST);1571312042000;3.65;809.53;26.05
1380556831572750;43.6;32.6;Thu Oct 17 2019 13:35:55 GMT+0200 (CEST);Thu Oct 17 2019 11:35:55 GMT+0200 (CEST);1571312155000;3.8;806.5;26.24
1380556831572750;43.6;32.2;Thu Oct 17 2019 13:38:06 GMT+0200 (CEST);Thu Oct 17 2019 11:38:06 GMT+0200 (CEST);1571312286000;3.74;809.38;26.52
1380556831572750;43.6;34.7;Thu Oct 17 2019 13:39:59 GMT+0200 (CEST);Thu Oct 17 2019 11:39:59 GMT+0200 (CEST);1571312399000;0;819.35;26.64
1380556831572750;45.6;34.7;Thu Oct 17 2019 13:40:57 GMT+0200 (CEST);Thu Oct 17 2019 11:40:57 GMT+0200 (CEST);1571312457000;0;818.61;26.84
1380556831572750;45.6;39.8;Thu Oct 17 2019 13:41:54 GMT+0200 (CEST);Thu Oct 17 2019 11:41:54 GMT+0200 (CEST);1571312514000;0;805.46;27.01
1380556831572750;45.6;39.8;Thu Oct 17 2019 13:42:51 GMT+0200 (CEST);Thu Oct 17 2019 11:42:51 GMT+0200 (CEST);1571312571000;0;800.22;27.17
1380556831572750;45.6;39.7;Thu Oct 17 2019 13:43:46 GMT+0200 (CEST);Thu Oct 17 2019 11:43:46 GMT+0200 (CEST);1571312626000;0;837.55;27.15
1380556831572750;45.6;39.5;Thu Oct 17 2019 13:44:44 GMT+0200 (CEST);Thu Oct 17 2019 11:44:44 GMT+0200 (CEST);1571312684000;0;861.19;27.1
1380556831572750;45.6;39.6;Thu Oct 17 2019 13:45:40 GMT+0200 (CEST);Thu Oct 17 2019 11:45:40 GMT+0200 (CEST);1571312740000;0;877.2;27.06
1380556831572750;45.6;39.5;Thu Oct 17 2019 13:46:37 GMT+0200 (CEST);Thu Oct 17 2019 11:46:37 GMT+0200 (CEST);1571312797000;0;738.87;27.03
1380556831572750;45.6;39.5;Thu Oct 17 2019 13:47:33 GMT+0200 (CEST);Thu Oct 17 2019 11:47:33 GMT+0200 (CEST);1571312853000;0;857.21;27.17
1380556831572750;45.6;39.6;Thu Oct 17 2019 13:48:30 GMT+0200 (CEST);Thu Oct 17 2019 11:48:30 GMT+0200 (CEST);1571312910000;0;798.62;27.25
1380556831572750;49.2;39.6;Thu Oct 17 2019 13:49:31 GMT+0200 (CEST);Thu Oct 17 2019 11:49:31 GMT+0200 (CEST);1571312971000;0;869.17;27.41
1380556831572750;49.2;39.5;Thu Oct 17 2019 13:50:28 GMT+0200 (CEST);Thu Oct 17 2019 11:50:28 GMT+0200 (CEST);1571313028000;0;876.45;27.65
1380556831572750;49.2;39.4;Thu Oct 17 2019 13:51:28 GMT+0200 (CEST);Thu Oct 17 2019 11:51:28 GMT+0200 (CEST);1571313088000;0;860.84;28
1380556831572750;49.2;39.2;Thu Oct 17 2019 13:52:26 GMT+0200 (CEST);Thu Oct 17 2019 11:52:26 GMT+0200 (CEST);1571313146000;0;842.01;28.23
1380556831572750;49.2;39;Thu Oct 17 2019 13:53:21 GMT+0200 (CEST);Thu Oct 17 2019 11:53:21 GMT+0200 (CEST);1571313201000;0;718.3;28.22
1380556831572750;51.7;39;Thu Oct 17 2019 13:54:18 GMT+0200 (CEST);Thu Oct 17 2019 11:54:18 GMT+0200 (CEST);1571313258000;0;830.02;28.18
1380556831572750;51.7;39.1;Thu Oct 17 2019 13:55:15 GMT+0200 (CEST);Thu Oct 17 2019 11:55:15 GMT+0200 (CEST);1571313315000;0;813.25;28.3
1380556831572750;51.7;39.1;Thu Oct 17 2019 13:56:12 GMT+0200 (CEST);Thu Oct 17 2019 11:56:12 GMT+0200 (CEST);1571313372000;0;804.84;28.28
1380556831572750;51.7;39.1;Thu Oct 17 2019 13:57:07 GMT+0200 (CEST);Thu Oct 17 2019 11:57:07 GMT+0200 (CEST);1571313427000;0;803.67;28.3
1380556831572750;51.7;39.2;Thu Oct 17 2019 13:58:05 GMT+0200 (CEST);Thu Oct 17 2019 11:58:05 GMT+0200 (CEST);1571313485000;0;820.39;28.42
1380556831572750;53.7;39.2;Thu Oct 17 2019 13:59:00 GMT+0200 (CEST);Thu Oct 17 2019 11:59:00 GMT+0200 (CEST);1571313540000;0;815.83;28.39
1380556831572750;53.7;39.2;Thu Oct 17 2019 13:59:58 GMT+0200 (CEST);Thu Oct 17 2019 11:59:58 GMT+0200 (CEST);1571313598000;0;796.46;28.46
1380556831572750;53.7;39.2;Thu Oct 17 2019 14:00:54 GMT+0200 (CEST);Thu Oct 17 2019 12:00:54 GMT+0200 (CEST);1571313654000;0;783.3;28.39
1380556831572750;53.7;39.2;Thu Oct 17 2019 14:01:52 GMT+0200 (CEST);Thu Oct 17 2019 12:01:52 GMT+0200 (CEST);1571313712000;0;779.47;28.36
1380556831572750;53.7;39.1;Thu Oct 17 2019 14:02:47 GMT+0200 (CEST);Thu Oct 17 2019 12:02:47 GMT+0200 (CEST);1571313767000;0;775.1;28.32
1380556831572750;53.7;39.1;Thu Oct 17 2019 14:03:45 GMT+0200 (CEST);Thu Oct 17 2019 12:03:45 GMT+0200 (CEST);1571313825000;0;773.3;28.25
1380556831572750;53.7;39.1;Thu Oct 17 2019 14:04:42 GMT+0200 (CEST);Thu Oct 17 2019 12:04:42 GMT+0200 (CEST);1571313882000;0;766.68;28.15
1380556831572750;53.7;39.1;Thu Oct 17 2019 14:05:40 GMT+0200 (CEST);Thu Oct 17 2019 12:05:40 GMT+0200 (CEST);1571313940000;0;753.45;28.15
1380556831572750;53.7;39.1;Thu Oct 17 2019 14:06:48 GMT+0200 (CEST);Thu Oct 17 2019 12:06:48 GMT+0200 (CEST);1571314008000;0;751.23;28.03
1380556831572750;53.7;39.1;Thu Oct 17 2019 14:07:45 GMT+0200 (CEST);Thu Oct 17 2019 12:07:45 GMT+0200 (CEST);1571314065000;0;753.37;27.93
1380556831572750;53.7;39.2;Thu Oct 17 2019 14:08:51 GMT+0200 (CEST);Thu Oct 17 2019 12:08:51 GMT+0200 (CEST);1571314131000;0;730.65;27.71
1380556831572750;53.7;39.1;Thu Oct 17 2019 14:09:49 GMT+0200 (CEST);Thu Oct 17 2019 12:09:49 GMT+0200 (CEST);1571314189000;0;742.47;27.75
1380556831572750;53.7;39.1;Thu Oct 17 2019 14:10:44 GMT+0200 (CEST);Thu Oct 17 2019 12:10:44 GMT+0200 (CEST);1571314244000;0;742.39;27.78
1380556831572750;53.7;39.2;Thu Oct 17 2019 14:11:41 GMT+0200 (CEST);Thu Oct 17 2019 12:11:41 GMT+0200 (CEST);1571314301000;0;741.46;27.64
1380556831572750;53.7;39.2;Thu Oct 17 2019 14:12:41 GMT+0200 (CEST);Thu Oct 17 2019 12:12:41 GMT+0200 (CEST);1571314361000;0;738.97;27.59
1380556831572750;53.7;39.3;Thu Oct 17 2019 14:13:38 GMT+0200 (CEST);Thu Oct 17 2019 12:13:38 GMT+0200 (CEST);1571314418000;0;732.29;27.46
1380556831572750;53.7;39.3;Thu Oct 17 2019 14:14:33 GMT+0200 (CEST);Thu Oct 17 2019 12:14:33 GMT+0200 (CEST);1571314473000;0;727.96;27.35
1380556831572750;53.7;39.3;Thu Oct 17 2019 14:15:31 GMT+0200 (CEST);Thu Oct 17 2019 12:15:31 GMT+0200 (CEST);1571314531000;0;722.62;27.32
1380556831572750;53.7;39.3;Thu Oct 17 2019 14:16:30 GMT+0200 (CEST);Thu Oct 17 2019 12:16:30 GMT+0200 (CEST);1571314590000;0;722.61;27.46
1380556831572750;53.7;39.2;Thu Oct 17 2019 14:17:28 GMT+0200 (CEST);Thu Oct 17 2019 12:17:28 GMT+0200 (CEST);1571314648000;0;720.34;27.5
1380556831572750;53.7;39.1;Thu Oct 17 2019 14:18:32 GMT+0200 (CEST);Thu Oct 17 2019 12:18:32 GMT+0200 (CEST);1571314712000;0;718.24;27.53
1380556831572750;53.7;39.2;Thu Oct 17 2019 14:19:30 GMT+0200 (CEST);Thu Oct 17 2019 12:19:30 GMT+0200 (CEST);1571314770000;3.13;715.5;27.62
1380556831572750;53.7;39.2;Thu Oct 17 2019 14:20:25 GMT+0200 (CEST);Thu Oct 17 2019 12:20:25 GMT+0200 (CEST);1571314825000;3.13;712.19;27.51
1380556831572750;53.7;39.2;Thu Oct 17 2019 14:21:23 GMT+0200 (CEST);Thu Oct 17 2019 12:21:23 GMT+0200 (CEST);1571314883000;3.32;709.17;27.45
1380556831572750;53.7;31.6;Thu Oct 17 2019 14:22:18 GMT+0200 (CEST);Thu Oct 17 2019 12:22:18 GMT+0200 (CEST);1571314938000;3.32;707.55;27.42
1380556831572750;49.2;32.3;Thu Oct 17 2019 14:24:11 GMT+0200 (CEST);Thu Oct 17 2019 12:24:11 GMT+0200 (CEST);1571315051000;3.32;708.11;27.33
1380556831572750;49.2;31.4;Thu Oct 17 2019 14:26:04 GMT+0200 (CEST);Thu Oct 17 2019 12:26:04 GMT+0200 (CEST);1571315164000;3.38;703.61;27.21
1380556831572750;48.2;31.7;Thu Oct 17 2019 14:27:57 GMT+0200 (CEST);Thu Oct 17 2019 12:27:57 GMT+0200 (CEST);1571315277000;3.32;700.87;27.1
1380556831572750;48.2;31.6;Thu Oct 17 2019 14:29:50 GMT+0200 (CEST);Thu Oct 17 2019 12:29:50 GMT+0200 (CEST);1571315390000;3.22;696.7;27.15
1380556831572750;48.2;31.7;Thu Oct 17 2019 14:31:43 GMT+0200 (CEST);Thu Oct 17 2019 12:31:43 GMT+0200 (CEST);1571315503000;3.32;692.65;27.02
1380556831572750;47.7;31.8;Thu Oct 17 2019 14:33:35 GMT+0200 (CEST);Thu Oct 17 2019 12:33:35 GMT+0200 (CEST);1571315615000;3.19;686.45;27.03
1380556831572750;47.7;31.5;Thu Oct 17 2019 14:35:52 GMT+0200 (CEST);Thu Oct 17 2019 12:35:52 GMT+0200 (CEST);1571315752000;3.26;675.58;27.43
1380556831572750;47.7;31.2;Thu Oct 17 2019 14:37:44 GMT+0200 (CEST);Thu Oct 17 2019 12:37:44 GMT+0200 (CEST);1571315864000;3.25;667.1;27.57
1380556831572750;47.7;31.3;Thu Oct 17 2019 14:39:38 GMT+0200 (CEST);Thu Oct 17 2019 12:39:38 GMT+0200 (CEST);1571315978000;3.22;661.36;27.57
1380556831572750;46.1;31.1;Thu Oct 17 2019 14:41:33 GMT+0200 (CEST);Thu Oct 17 2019 12:41:33 GMT+0200 (CEST);1571316093000;3.14;655.35;27.33
1380556831572750;46.1;31.9;Thu Oct 17 2019 14:43:33 GMT+0200 (CEST);Thu Oct 17 2019 12:43:33 GMT+0200 (CEST);1571316213000;3.05;650.23;27.12
1380556831572750;46.1;32.7;Thu Oct 17 2019 14:45:26 GMT+0200 (CEST);Thu Oct 17 2019 12:45:26 GMT+0200 (CEST);1571316326000;3;647.67;26.99
1380556831572750;45.6;31.9;Thu Oct 17 2019 14:47:28 GMT+0200 (CEST);Thu Oct 17 2019 12:47:28 GMT+0200 (CEST);1571316448000;3.15;647.67;26.72
1380556831572750;45.6;31.5;Thu Oct 17 2019 14:49:28 GMT+0200 (CEST);Thu Oct 17 2019 12:49:28 GMT+0200 (CEST);1571316568000;3.12;650.23;26.88
1380556831572750;45.6;31.5;Thu Oct 17 2019 14:51:52 GMT+0200 (CEST);Thu Oct 17 2019 12:51:52 GMT+0200 (CEST);1571316712000;3.13;650.23;26.9
1380556831572750;45.6;31.4;Thu Oct 17 2019 14:53:45 GMT+0200 (CEST);Thu Oct 17 2019 12:53:45 GMT+0200 (CEST);1571316825000;3.11;655.98;27.07
1380556831572750;45.6;31.2;Thu Oct 17 2019 14:55:38 GMT+0200 (CEST);Thu Oct 17 2019 12:55:38 GMT+0200 (CEST);1571316938000;3.24;672.18;27.28
1380556831572750;44.1;32.4;Thu Oct 17 2019 14:57:32 GMT+0200 (CEST);Thu Oct 17 2019 12:57:32 GMT+0200 (CEST);1571317052000;1.99;306.76;26.95
1380556831572750;44.1;33.4;Thu Oct 17 2019 14:59:33 GMT+0200 (CEST);Thu Oct 17 2019 12:59:33 GMT+0200 (CEST);1571317173000;2.37;465.91;26.53
1380556831572750;44.1;33.3;Thu Oct 17 2019 15:01:33 GMT+0200 (CEST);Thu Oct 17 2019 13:01:33 GMT+0200 (CEST);1571317293000;2.62;601.59;26.05
1380556831572750;44.1;33.5;Thu Oct 17 2019 15:03:38 GMT+0200 (CEST);Thu Oct 17 2019 13:03:38 GMT+0200 (CEST);1571317418000;3.09;666.52;26
1380556831572750;44.1;33.4;Thu Oct 17 2019 15:05:30 GMT+0200 (CEST);Thu Oct 17 2019 13:05:30 GMT+0200 (CEST);1571317530000;3.37;723.85;26.28
1380556831572750;43.6;33.7;Thu Oct 17 2019 15:07:26 GMT+0200 (CEST);Thu Oct 17 2019 13:07:26 GMT+0200 (CEST);1571317646000;3.21;718.1;26.85
1380556831572750;43.6;34.5;Thu Oct 17 2019 15:09:18 GMT+0200 (CEST);Thu Oct 17 2019 13:09:18 GMT+0200 (CEST);1571317758000;3.02;703.69;27.15
1380556831572750;44.1;33.5;Thu Oct 17 2019 15:11:11 GMT+0200 (CEST);Thu Oct 17 2019 13:11:11 GMT+0200 (CEST);1571317871000;3.21;690.95;27.69
1380556831572750;44.1;33.4;Thu Oct 17 2019 15:13:04 GMT+0200 (CEST);Thu Oct 17 2019 13:13:04 GMT+0200 (CEST);1571317984000;2.95;679.2;28.03
1380556831572750;44.1;34.5;Thu Oct 17 2019 15:14:57 GMT+0200 (CEST);Thu Oct 17 2019 13:14:57 GMT+0200 (CEST);1571318097000;2.88;681.02;28.03
1380556831572750;44.1;34.3;Thu Oct 17 2019 15:17:00 GMT+0200 (CEST);Thu Oct 17 2019 13:17:00 GMT+0200 (CEST);1571318220000;2.91;667.65;27.87
1380556831572750;44.1;33.3;Thu Oct 17 2019 15:18:53 GMT+0200 (CEST);Thu Oct 17 2019 13:18:53 GMT+0200 (CEST);1571318333000;3;670.45;27.94
1380556831572750;44.1;33.8;Thu Oct 17 2019 15:20:48 GMT+0200 (CEST);Thu Oct 17 2019 13:20:48 GMT+0200 (CEST);1571318448000;2.53;624.63;28.04
1380556831572750;44.1;33.7;Thu Oct 17 2019 15:22:48 GMT+0200 (CEST);Thu Oct 17 2019 13:22:48 GMT+0200 (CEST);1571318568000;2.87;632.31;28
1380556831572750;45.6;33.5;Thu Oct 17 2019 15:24:42 GMT+0200 (CEST);Thu Oct 17 2019 13:24:42 GMT+0200 (CEST);1571318682000;2.7;609.27;28.05
1380556831572750;45.6;33.3;Thu Oct 17 2019 15:26:34 GMT+0200 (CEST);Thu Oct 17 2019 13:26:34 GMT+0200 (CEST);1571318794000;2.66;591.35;28.05
1380556831572750;45.6;33.8;Thu Oct 17 2019 15:28:36 GMT+0200 (CEST);Thu Oct 17 2019 13:28:36 GMT+0200 (CEST);1571318916000;2.61;578.55;28.09
1380556831572750;45.6;33;Thu Oct 17 2019 15:30:30 GMT+0200 (CEST);Thu Oct 17 2019 13:30:30 GMT+0200 (CEST);1571319030000;2.61;575.99;28.05
1380556831572750;45.6;33;Thu Oct 17 2019 15:32:34 GMT+0200 (CEST);Thu Oct 17 2019 13:32:34 GMT+0200 (CEST);1571319154000;2.6;568.31;28
1380556831572750;44.1;32.9;Thu Oct 17 2019 15:34:34 GMT+0200 (CEST);Thu Oct 17 2019 13:34:34 GMT+0200 (CEST);1571319274000;1.57;323.35;27.85
1380556831572750;44.1;33.2;Thu Oct 17 2019 15:36:55 GMT+0200 (CEST);Thu Oct 17 2019 13:36:55 GMT+0200 (CEST);1571319415000;2.58;545.27;27.5
1380556831572750;43.6;33.5;Thu Oct 17 2019 15:38:52 GMT+0200 (CEST);Thu Oct 17 2019 13:38:52 GMT+0200 (CEST);1571319532000;2.55;558.07;27.59
1380556831572750;43.6;33.5;Thu Oct 17 2019 15:40:44 GMT+0200 (CEST);Thu Oct 17 2019 13:40:44 GMT+0200 (CEST);1571319644000;2.51;545.27;27.71
1380556831572750;43.6;33.4;Thu Oct 17 2019 15:42:39 GMT+0200 (CEST);Thu Oct 17 2019 13:42:39 GMT+0200 (CEST);1571319759000;2.47;537.59;27.85
1380556831572750;43.6;33.3;Thu Oct 17 2019 15:44:31 GMT+0200 (CEST);Thu Oct 17 2019 13:44:31 GMT+0200 (CEST);1571319871000;2.45;524.79;27.65
1380556831572750;43.6;33.4;Thu Oct 17 2019 15:46:25 GMT+0200 (CEST);Thu Oct 17 2019 13:46:25 GMT+0200 (CEST);1571319985000;2.35;511.99;27.38
1380556831572750;42.1;33.9;Thu Oct 17 2019 15:48:19 GMT+0200 (CEST);Thu Oct 17 2019 13:48:19 GMT+0200 (CEST);1571320099000;2.18;491.51;27.39
1380556831572750;42.1;33.6;Thu Oct 17 2019 15:50:11 GMT+0200 (CEST);Thu Oct 17 2019 13:50:11 GMT+0200 (CEST);1571320211000;1.09;236.28;27.28
1380556831572750;41.6;33.7;Thu Oct 17 2019 15:52:22 GMT+0200 (CEST);Thu Oct 17 2019 13:52:22 GMT+0200 (CEST);1571320342000;2.14;476.15;26.9
1380556831572750;41.6;33.9;Thu Oct 17 2019 15:54:14 GMT+0200 (CEST);Thu Oct 17 2019 13:54:14 GMT+0200 (CEST);1571320454000;2.12;471.03;26.6
1380556831572750;41.6;35.5;Thu Oct 17 2019 15:56:07 GMT+0200 (CEST);Thu Oct 17 2019 13:56:07 GMT+0200 (CEST);1571320567000;1.61;481.27;26.48
1380556831572750;41.6;36.1;Thu Oct 17 2019 15:58:00 GMT+0200 (CEST);Thu Oct 17 2019 13:58:00 GMT+0200 (CEST);1571320680000;1.51;366.07;26.46
1380556831572750;41.6;33;Thu Oct 17 2019 16:00:02 GMT+0200 (CEST);Thu Oct 17 2019 14:00:02 GMT+0200 (CEST);1571320802000;1.59;373.75;26.26
1380556831572750;40.1;33.4;Thu Oct 17 2019 16:02:03 GMT+0200 (CEST);Thu Oct 17 2019 14:02:03 GMT+0200 (CEST);1571320923000;1.42;350.71;25.94
1380556831572750;40.1;36.1;Thu Oct 17 2019 16:03:56 GMT+0200 (CEST);Thu Oct 17 2019 14:03:56 GMT+0200 (CEST);1571321036000;1.25;414.71;25.62
1380556831572750;40.1;35.1;Thu Oct 17 2019 16:05:49 GMT+0200 (CEST);Thu Oct 17 2019 14:05:49 GMT+0200 (CEST);1571321149000;1.2;453.11;25.7
1380556831572750;40.1;32.9;Thu Oct 17 2019 16:07:42 GMT+0200 (CEST);Thu Oct 17 2019 14:07:42 GMT+0200 (CEST);1571321262000;1.65;465.91;25.7
1380556831572750;40.1;37.8;Thu Oct 17 2019 16:09:46 GMT+0200 (CEST);Thu Oct 17 2019 14:09:46 GMT+0200 (CEST);1571321386000;0.89;471.03;25.68
1380556831572750;39.6;37.8;Thu Oct 17 2019 16:11:50 GMT+0200 (CEST);Thu Oct 17 2019 14:11:50 GMT+0200 (CEST);1571321510000;0.77;308.18;25.75
1380556831572750;39.6;36.7;Thu Oct 17 2019 16:13:43 GMT+0200 (CEST);Thu Oct 17 2019 14:13:43 GMT+0200 (CEST);1571321623000;0.73;366.07;25.55
1380556831572750;39.6;34.3;Thu Oct 17 2019 16:15:36 GMT+0200 (CEST);Thu Oct 17 2019 14:15:36 GMT+0200 (CEST);1571321736000;0.68;401.91;25.45
1380556831572750;39.6;32.6;Thu Oct 17 2019 16:17:33 GMT+0200 (CEST);Thu Oct 17 2019 14:17:33 GMT+0200 (CEST);1571321853000;0.58;169.64;25.3
1380556831572750;39.6;33.8;Thu Oct 17 2019 16:19:26 GMT+0200 (CEST);Thu Oct 17 2019 14:19:26 GMT+0200 (CEST);1571321966000;0.49;132.96;24.74
1380556831572750;37.6;33.9;Thu Oct 17 2019 16:21:19 GMT+0200 (CEST);Thu Oct 17 2019 14:21:19 GMT+0200 (CEST);1571322079000;0.46;135.17;24.19
1380556831572750;37.6;34.4;Thu Oct 17 2019 16:23:12 GMT+0200 (CEST);Thu Oct 17 2019 14:23:12 GMT+0200 (CEST);1571322192000;0.45;157.26;23.58
1380556831572750;35.6;36;Thu Oct 17 2019 16:25:08 GMT+0200 (CEST);Thu Oct 17 2019 14:25:08 GMT+0200 (CEST);1571322308000;0.42;127.78;23.23
1380556831572750;35.6;34.5;Thu Oct 17 2019 16:27:04 GMT+0200 (CEST);Thu Oct 17 2019 14:27:04 GMT+0200 (CEST);1571322424000;0.42;122.57;22.82
1380556831572750;35.6;36.4;Thu Oct 17 2019 16:28:57 GMT+0200 (CEST);Thu Oct 17 2019 14:28:57 GMT+0200 (CEST);1571322537000;0.41;189.82;22.58
1380556831572750;35.6;38.7;Thu Oct 17 2019 16:30:50 GMT+0200 (CEST);Thu Oct 17 2019 14:30:50 GMT+0200 (CEST);1571322650000;0.41;301.76;22.42
1380556831572750;35.6;37.4;Thu Oct 17 2019 16:32:53 GMT+0200 (CEST);Thu Oct 17 2019 14:32:53 GMT+0200 (CEST);1571322773000;0.39;324.66;22.57
1380556831572750;35.6;36.7;Thu Oct 17 2019 16:34:45 GMT+0200 (CEST);Thu Oct 17 2019 14:34:45 GMT+0200 (CEST);1571322885000;0.38;297.48;22.79
1380556831572750;35.6;34.8;Thu Oct 17 2019 16:36:49 GMT+0200 (CEST);Thu Oct 17 2019 14:36:49 GMT+0200 (CEST);1571323009000;0.4;355.83;23.16
1380556831572750;32;34.5;Thu Oct 17 2019 16:38:42 GMT+0200 (CEST);Thu Oct 17 2019 14:38:42 GMT+0200 (CEST);1571323122000;0.4;337.91;23.5
1380556831572750;32;36.7;Thu Oct 17 2019 16:40:35 GMT+0200 (CEST);Thu Oct 17 2019 14:40:35 GMT+0200 (CEST);1571323235000;0.41;330.23;23.78
1380556831572750;32;38.5;Thu Oct 17 2019 16:42:28 GMT+0200 (CEST);Thu Oct 17 2019 14:42:28 GMT+0200 (CEST);1571323348000;0.4;320.45;24.08
1380556831572750;33;39.6;Thu Oct 17 2019 16:44:24 GMT+0200 (CEST);Thu Oct 17 2019 14:44:24 GMT+0200 (CEST);1571323464000;0.4;306.92;24.17
1380556831572750;33;39.5;Thu Oct 17 2019 16:46:17 GMT+0200 (CEST);Thu Oct 17 2019 14:46:17 GMT+0200 (CEST);1571323577000;0.39;302.07;24.32
1380556831572750;35.6;39.3;Thu Oct 17 2019 16:48:13 GMT+0200 (CEST);Thu Oct 17 2019 14:48:13 GMT+0200 (CEST);1571323693000;0.36;291.39;24.39
1380556831572750;35.6;39.2;Thu Oct 17 2019 16:50:06 GMT+0200 (CEST);Thu Oct 17 2019 14:50:06 GMT+0200 (CEST);1571323806000;0.35;279.56;24.28
1380556831572750;35.6;39;Thu Oct 17 2019 16:52:11 GMT+0200 (CEST);Thu Oct 17 2019 14:52:11 GMT+0200 (CEST);1571323931000;0.33;268.39;24.39
1380556831572750;35.6;38.8;Thu Oct 17 2019 16:54:03 GMT+0200 (CEST);Thu Oct 17 2019 14:54:03 GMT+0200 (CEST);1571324043000;0.31;257.31;24.18
1380556831572750;35.6;38.7;Thu Oct 17 2019 16:56:04 GMT+0200 (CEST);Thu Oct 17 2019 14:56:04 GMT+0200 (CEST);1571324164000;0.27;246.21;24.12
1380556831572750;35.6;38.5;Thu Oct 17 2019 16:57:57 GMT+0200 (CEST);Thu Oct 17 2019 14:57:57 GMT+0200 (CEST);1571324277000;0.24;235.06;24.07
1380556831572750;35.6;38.5;Thu Oct 17 2019 16:59:51 GMT+0200 (CEST);Thu Oct 17 2019 14:59:51 GMT+0200 (CEST);1571324391000;0.21;219.04;23.89
1380556831572750;35.6;38.4;Thu Oct 17 2019 17:01:53 GMT+0200 (CEST);Thu Oct 17 2019 15:01:53 GMT+0200 (CEST);1571324513000;0.19;214.43;23.7
1380556831572750;35.6;38.6;Thu Oct 17 2019 17:03:47 GMT+0200 (CEST);Thu Oct 17 2019 15:03:47 GMT+0200 (CEST);1571324627000;0.18;208.53;23.61
1380556831572750;35.6;38.6;Thu Oct 17 2019 17:05:40 GMT+0200 (CEST);Thu Oct 17 2019 15:05:40 GMT+0200 (CEST);1571324740000;0.17;202.01;23.48
1380556831572750;35.6;38.8;Thu Oct 17 2019 17:07:33 GMT+0200 (CEST);Thu Oct 17 2019 15:07:33 GMT+0200 (CEST);1571324853000;0.17;188.5;23.39
1380556831572750;35.6;38.6;Thu Oct 17 2019 17:09:26 GMT+0200 (CEST);Thu Oct 17 2019 15:09:26 GMT+0200 (CEST);1571324966000;0.16;186.3;23.3
1380556831572750;33;38.7;Thu Oct 17 2019 17:11:26 GMT+0200 (CEST);Thu Oct 17 2019 15:11:26 GMT+0200 (CEST);1571325086000;0.15;119.56;23.03
1380556831572750;33;37.3;Thu Oct 17 2019 17:13:19 GMT+0200 (CEST);Thu Oct 17 2019 15:13:19 GMT+0200 (CEST);1571325199000;0.15;80.23;22.78
1380556831572750;33;36.5;Thu Oct 17 2019 17:15:12 GMT+0200 (CEST);Thu Oct 17 2019 15:15:12 GMT+0200 (CEST);1571325312000;0.14;81.06;22.46
1380556831572750;33;36.7;Thu Oct 17 2019 17:17:05 GMT+0200 (CEST);Thu Oct 17 2019 15:17:05 GMT+0200 (CEST);1571325425000;0.13;54.44;22.13
1380556831572750;33;33;Thu Oct 17 2019 17:19:40 GMT+0200 (CEST);Thu Oct 17 2019 15:19:40 GMT+0200 (CEST);1571325580000;0.12;31.54;21.52
1380556831572750;31.5;32.6;Thu Oct 17 2019 17:21:49 GMT+0200 (CEST);Thu Oct 17 2019 15:21:49 GMT+0200 (CEST);1571325709000;0.12;31.41;21.06
1380556831572750;31.5;33;Thu Oct 17 2019 17:23:41 GMT+0200 (CEST);Thu Oct 17 2019 15:23:41 GMT+0200 (CEST);1571325821000;0.13;36.01;20.6
1380556831572750;29.5;32.8;Thu Oct 17 2019 17:25:38 GMT+0200 (CEST);Thu Oct 17 2019 15:25:38 GMT+0200 (CEST);1571325938000;0.13;30.93;20.17
1380556831572750;29.5;31.6;Thu Oct 17 2019 17:27:31 GMT+0200 (CEST);Thu Oct 17 2019 15:27:31 GMT+0200 (CEST);1571326051000;0.13;29.93;19.9
1380556831572750;29.5;31.6;Thu Oct 17 2019 17:29:24 GMT+0200 (CEST);Thu Oct 17 2019 15:29:24 GMT+0200 (CEST);1571326164000;0.14;32.43;19.6
1380556831572750;27.5;31.6;Thu Oct 17 2019 17:31:17 GMT+0200 (CEST);Thu Oct 17 2019 15:31:17 GMT+0200 (CEST);1571326277000;0.14;33.7;19.4
1380556831572750;27.5;31.4;Thu Oct 17 2019 17:33:22 GMT+0200 (CEST);Thu Oct 17 2019 15:33:22 GMT+0200 (CEST);1571326402000;0.14;36.33;19.19
1380556831572750;27.5;31;Thu Oct 17 2019 17:35:14 GMT+0200 (CEST);Thu Oct 17 2019 15:35:14 GMT+0200 (CEST);1571326514000;0.14;39.97;19.02
1380556831572750;27.5;31.3;Thu Oct 17 2019 17:37:19 GMT+0200 (CEST);Thu Oct 17 2019 15:37:19 GMT+0200 (CEST);1571326639000;0.14;33.2;18.93
1380556831572750;27.5;31.3;Thu Oct 17 2019 17:39:12 GMT+0200 (CEST);Thu Oct 17 2019 15:39:12 GMT+0200 (CEST);1571326752000;0.13;28;18.78
1380556831572750;26;31.2;Thu Oct 17 2019 17:41:05 GMT+0200 (CEST);Thu Oct 17 2019 15:41:05 GMT+0200 (CEST);1571326865000;0.12;26.01;18.66
1380556831572750;26;31;Thu Oct 17 2019 17:42:58 GMT+0200 (CEST);Thu Oct 17 2019 15:42:58 GMT+0200 (CEST);1571326978000;0.11;24.87;18.56
1380556831572750;25.5;31;Thu Oct 17 2019 17:44:51 GMT+0200 (CEST);Thu Oct 17 2019 15:44:51 GMT+0200 (CEST);1571327091000;0.11;23.5;18.45
1380556831572750;25.5;30.8;Thu Oct 17 2019 17:46:45 GMT+0200 (CEST);Thu Oct 17 2019 15:46:45 GMT+0200 (CEST);1571327205000;0.1;22.24;18.35
1380556831572750;25.5;30.4;Thu Oct 17 2019 17:48:40 GMT+0200 (CEST);Thu Oct 17 2019 15:48:40 GMT+0200 (CEST);1571327320000;0.1;20.83;18.27
1380556831572750;24;31.3;Thu Oct 17 2019 17:50:33 GMT+0200 (CEST);Thu Oct 17 2019 15:50:33 GMT+0200 (CEST);1571327433000;0.08;18.22;18.2
1380556831572750;24;31.7;Thu Oct 17 2019 17:52:28 GMT+0200 (CEST);Thu Oct 17 2019 15:52:28 GMT+0200 (CEST);1571327548000;0;15.63;18.13
1380556831572750;24;30.8;Thu Oct 17 2019 17:54:39 GMT+0200 (CEST);Thu Oct 17 2019 15:54:39 GMT+0200 (CEST);1571327679000;0;13.7;18.07
1380556831572750;24;29.9;Thu Oct 17 2019 17:56:45 GMT+0200 (CEST);Thu Oct 17 2019 15:56:45 GMT+0200 (CEST);1571327805000;0;11.96;18.02
1380556831572750;24;29.3;Thu Oct 17 2019 17:58:38 GMT+0200 (CEST);Thu Oct 17 2019 15:58:38 GMT+0200 (CEST);1571327918000;0;10.49;17.97
1380556831572750;24;29.3;Thu Oct 17 2019 18:00:31 GMT+0200 (CEST);Thu Oct 17 2019 16:00:31 GMT+0200 (CEST);1571328031000;0;9.34;17.92
1380556831572750;24;28.4;Thu Oct 17 2019 18:02:25 GMT+0200 (CEST);Thu Oct 17 2019 16:02:25 GMT+0200 (CEST);1571328145000;0;8.22;17.87
1380556831572750;23.5;28.2;Thu Oct 17 2019 18:04:18 GMT+0200 (CEST);Thu Oct 17 2019 16:04:18 GMT+0200 (CEST);1571328258000;0;7.57;17.82
1380556831572750;23.5;28.3;Thu Oct 17 2019 18:06:12 GMT+0200 (CEST);Thu Oct 17 2019 16:06:12 GMT+0200 (CEST);1571328372000;0;7.25;17.8
1380556831572750;22;28;Thu Oct 17 2019 18:08:08 GMT+0200 (CEST);Thu Oct 17 2019 16:08:08 GMT+0200 (CEST);1571328488000;0;6.36;17.71
1380556831572750;22;28.7;Thu Oct 17 2019 18:10:01 GMT+0200 (CEST);Thu Oct 17 2019 16:10:01 GMT+0200 (CEST);1571328601000;0;6.19;17.64
1380556831572750;22;27.7;Thu Oct 17 2019 18:11:55 GMT+0200 (CEST);Thu Oct 17 2019 16:11:55 GMT+0200 (CEST);1571328715000;0;6.29;17.57
1380556831572750;22;27.5;Thu Oct 17 2019 18:13:49 GMT+0200 (CEST);Thu Oct 17 2019 16:13:49 GMT+0200 (CEST);1571328829000;0;5.36;17.52
1380556831572750;22;26.4;Thu Oct 17 2019 18:15:46 GMT+0200 (CEST);Thu Oct 17 2019 16:15:46 GMT+0200 (CEST);1571328946000;0;4.42;17.45
1380556831572750;21.5;26.7;Thu Oct 17 2019 18:17:40 GMT+0200 (CEST);Thu Oct 17 2019 16:17:40 GMT+0200 (CEST);1571329060000;0;3.69;17.39
1380556831572750;21.5;30.7;Thu Oct 17 2019 18:19:33 GMT+0200 (CEST);Thu Oct 17 2019 16:19:33 GMT+0200 (CEST);1571329173000;0;2.5;17.34
1380556831572750;21.5;28.8;Thu Oct 17 2019 18:21:23 GMT+0200 (CEST);Thu Oct 17 2019 16:21:23 GMT+0200 (CEST);1571329283000;0;1.91;17.32
1380556831572750;22;27.8;Thu Oct 17 2019 18:23:16 GMT+0200 (CEST);Thu Oct 17 2019 16:23:16 GMT+0200 (CEST);1571329396000;0;0.86;17.25
1380556831572750;22;25.6;Thu Oct 17 2019 18:25:10 GMT+0200 (CEST);Thu Oct 17 2019 16:25:10 GMT+0200 (CEST);1571329510000;0;0.31;17.22
1380556831572750;22;25.6;Thu Oct 17 2019 18:27:02 GMT+0200 (CEST);Thu Oct 17 2019 16:27:02 GMT+0200 (CEST);1571329622000;0;-0.01;17.17
1380556831572750;15.4;30;Fri Oct 18 2019 08:00:46 GMT+0200 (CEST);Fri Oct 18 2019 06:00:46 GMT+0200 (CEST);1571378446000;0;11.86;12.93
1380556831572750;15.4;30.6;Fri Oct 18 2019 08:02:41 GMT+0200 (CEST);Fri Oct 18 2019 06:02:41 GMT+0200 (CEST);1571378561000;0;11.91;13
1380556831572750;16.9;31.2;Fri Oct 18 2019 08:04:35 GMT+0200 (CEST);Fri Oct 18 2019 06:04:35 GMT+0200 (CEST);1571378675000;0;11.43;13.07
1380556831572750;16.9;29.7;Fri Oct 18 2019 08:06:33 GMT+0200 (CEST);Fri Oct 18 2019 06:06:33 GMT+0200 (CEST);1571378793000;0;10.32;13.14
1380556831572750;16.9;29.4;Fri Oct 18 2019 08:08:25 GMT+0200 (CEST);Fri Oct 18 2019 06:08:25 GMT+0200 (CEST);1571378905000;0;9.83;13.21
1380556831572750;16.9;28.8;Fri Oct 18 2019 08:10:18 GMT+0200 (CEST);Fri Oct 18 2019 06:10:18 GMT+0200 (CEST);1571379018000;0;10.78;13.25
1380556831572750;16.9;29.4;Fri Oct 18 2019 08:12:14 GMT+0200 (CEST);Fri Oct 18 2019 06:12:14 GMT+0200 (CEST);1571379134000;0;13.55;13.3
1380556831572750;16.9;31.8;Fri Oct 18 2019 08:14:10 GMT+0200 (CEST);Fri Oct 18 2019 06:14:10 GMT+0200 (CEST);1571379250000;0;17.63;13.33
1380556831572750;19.4;34.8;Fri Oct 18 2019 08:16:03 GMT+0200 (CEST);Fri Oct 18 2019 06:16:03 GMT+0200 (CEST);1571379363000;0;20.52;13.36
1380556831572750;19.4;36.3;Fri Oct 18 2019 08:17:56 GMT+0200 (CEST);Fri Oct 18 2019 06:17:56 GMT+0200 (CEST);1571379476000;0;22.31;13.39
1380556831572750;21.5;35.6;Fri Oct 18 2019 08:19:49 GMT+0200 (CEST);Fri Oct 18 2019 06:19:49 GMT+0200 (CEST);1571379589000;0.07;24.87;13.41
1380556831572750;21.5;35.9;Fri Oct 18 2019 08:21:50 GMT+0200 (CEST);Fri Oct 18 2019 06:21:50 GMT+0200 (CEST);1571379710000;0;26.68;13.46
1380556831572750;22;36.4;Fri Oct 18 2019 08:23:43 GMT+0200 (CEST);Fri Oct 18 2019 06:23:43 GMT+0200 (CEST);1571379823000;0;28.9;13.5
1380556831572750;22;36.3;Fri Oct 18 2019 08:25:38 GMT+0200 (CEST);Fri Oct 18 2019 06:25:38 GMT+0200 (CEST);1571379938000;0;33.24;13.55
1380556831572750;22;37.7;Fri Oct 18 2019 08:27:31 GMT+0200 (CEST);Fri Oct 18 2019 06:27:31 GMT+0200 (CEST);1571380051000;0;38.28;13.6
1380556831572750;23.5;38;Fri Oct 18 2019 08:29:24 GMT+0200 (CEST);Fri Oct 18 2019 06:29:24 GMT+0200 (CEST);1571380164000;0;41.33;13.63
1380556831572750;23.5;37.8;Fri Oct 18 2019 08:31:20 GMT+0200 (CEST);Fri Oct 18 2019 06:31:20 GMT+0200 (CEST);1571380280000;0.08;45.72;13.67
1380556831572750;23.5;37.3;Fri Oct 18 2019 08:33:13 GMT+0200 (CEST);Fri Oct 18 2019 06:33:13 GMT+0200 (CEST);1571380393000;0.09;48.41;13.7
1380556831572750;23.5;37.3;Fri Oct 18 2019 08:36:06 GMT+0200 (CEST);Fri Oct 18 2019 06:36:06 GMT+0200 (CEST);1571380566000;0.11;53.13;13.76
1380556831572750;23.5;37.3;Fri Oct 18 2019 08:38:03 GMT+0200 (CEST);Fri Oct 18 2019 06:38:03 GMT+0200 (CEST);1571380683000;0.11;54.51;13.81
1380556831572750;23.5;37.3;Fri Oct 18 2019 08:39:56 GMT+0200 (CEST);Fri Oct 18 2019 06:39:56 GMT+0200 (CEST);1571380796000;0.1;52.4;13.85
1380556831572750;23.5;37.3;Fri Oct 18 2019 08:41:49 GMT+0200 (CEST);Fri Oct 18 2019 06:41:49 GMT+0200 (CEST);1571380909000;0.09;49.45;13.9
1380556831572750;23.5;37.3;Fri Oct 18 2019 08:43:42 GMT+0200 (CEST);Fri Oct 18 2019 06:43:42 GMT+0200 (CEST);1571381022000;0.19;57.71;13.94
1380556831572750;23.5;32.8;Fri Oct 18 2019 08:45:35 GMT+0200 (CEST);Fri Oct 18 2019 06:45:35 GMT+0200 (CEST);1571381135000;0.29;64.86;14
1380556831572750;23.5;33.1;Fri Oct 18 2019 08:47:28 GMT+0200 (CEST);Fri Oct 18 2019 06:47:28 GMT+0200 (CEST);1571381248000;0.38;78.55;14.06
1380556831572750;23.5;33.8;Fri Oct 18 2019 08:49:35 GMT+0200 (CEST);Fri Oct 18 2019 06:49:35 GMT+0200 (CEST);1571381375000;0.56;121.97;14.24
1380556831572750;22;33.7;Fri Oct 18 2019 08:51:28 GMT+0200 (CEST);Fri Oct 18 2019 06:51:28 GMT+0200 (CEST);1571381488000;0.46;109.57;14.38
1380556831572750;22;33.8;Fri Oct 18 2019 08:53:22 GMT+0200 (CEST);Fri Oct 18 2019 06:53:22 GMT+0200 (CEST);1571381602000;0.4;242.99;14.54
1380556831572750;23.5;34.5;Fri Oct 18 2019 08:55:17 GMT+0200 (CEST);Fri Oct 18 2019 06:55:17 GMT+0200 (CEST);1571381717000;0.42;210.86;15.04
1380556831572750;23.5;33.6;Fri Oct 18 2019 08:57:09 GMT+0200 (CEST);Fri Oct 18 2019 06:57:09 GMT+0200 (CEST);1571381829000;0.44;108.8;15.25
1380556831572750;23.5;33.2;Fri Oct 18 2019 08:59:06 GMT+0200 (CEST);Fri Oct 18 2019 06:59:06 GMT+0200 (CEST);1571381946000;0.39;95.87;15.28
1380556831572750;22;32.9;Fri Oct 18 2019 09:01:03 GMT+0200 (CEST);Fri Oct 18 2019 07:01:03 GMT+0200 (CEST);1571382063000;0.37;96.5;15.25
1380556831572750;22;33.1;Fri Oct 18 2019 09:02:58 GMT+0200 (CEST);Fri Oct 18 2019 07:02:58 GMT+0200 (CEST);1571382178000;0.34;260.76;15.21
1380556831572750;22;25.2;Fri Oct 18 2019 09:05:12 GMT+0200 (CEST);Fri Oct 18 2019 07:05:12 GMT+0200 (CEST);1571382312000;0.31;335.35;15.66
1380556831572750;22;25.2;Fri Oct 18 2019 09:07:06 GMT+0200 (CEST);Fri Oct 18 2019 07:07:06 GMT+0200 (CEST);1571382426000;0.37;148.38;16.11
1380556831572750;19.9;32.9;Fri Oct 18 2019 09:08:58 GMT+0200 (CEST);Fri Oct 18 2019 07:08:58 GMT+0200 (CEST);1571382538000;0.36;76.83;16.11
1380556831572750;19.9;32.5;Fri Oct 18 2019 09:10:52 GMT+0200 (CEST);Fri Oct 18 2019 07:10:52 GMT+0200 (CEST);1571382652000;0.36;75.03;15.99
1380556831572750;21.5;32.7;Fri Oct 18 2019 09:12:53 GMT+0200 (CEST);Fri Oct 18 2019 07:12:53 GMT+0200 (CEST);1571382773000;0.34;72.49;15.88
1380556831572750;21.5;32.7;Fri Oct 18 2019 09:14:46 GMT+0200 (CEST);Fri Oct 18 2019 07:14:46 GMT+0200 (CEST);1571382886000;0.4;89.16;15.74
1380556831572750;21.5;33.8;Fri Oct 18 2019 09:16:52 GMT+0200 (CEST);Fri Oct 18 2019 07:16:52 GMT+0200 (CEST);1571383012000;0.53;118.32;15.65
1380556831572750;22;33.4;Fri Oct 18 2019 09:18:45 GMT+0200 (CEST);Fri Oct 18 2019 07:18:45 GMT+0200 (CEST);1571383125000;0.45;106.07;15.6
1380556831572750;22;33;Fri Oct 18 2019 09:20:51 GMT+0200 (CEST);Fri Oct 18 2019 07:20:51 GMT+0200 (CEST);1571383251000;0.42;108.11;15.54
1380556831572750;22;32.9;Fri Oct 18 2019 09:22:45 GMT+0200 (CEST);Fri Oct 18 2019 07:22:45 GMT+0200 (CEST);1571383365000;0.38;97.44;15.48
1380556831572750;22;32.5;Fri Oct 18 2019 09:24:41 GMT+0200 (CEST);Fri Oct 18 2019 07:24:41 GMT+0200 (CEST);1571383481000;0.28;67.75;15.4
1380556831572750;22;32.8;Fri Oct 18 2019 09:26:36 GMT+0200 (CEST);Fri Oct 18 2019 07:26:36 GMT+0200 (CEST);1571383596000;0.27;67.94;15.26
1380556831572750;22;33.2;Fri Oct 18 2019 09:28:29 GMT+0200 (CEST);Fri Oct 18 2019 07:28:29 GMT+0200 (CEST);1571383709000;0.34;81.92;15.16
1380556831572750;22;33.8;Fri Oct 18 2019 09:30:23 GMT+0200 (CEST);Fri Oct 18 2019 07:30:23 GMT+0200 (CEST);1571383823000;0.52;121.51;15.11
1380556831572750;23.5;35.4;Fri Oct 18 2019 09:32:22 GMT+0200 (CEST);Fri Oct 18 2019 07:32:22 GMT+0200 (CEST);1571383942000;0.49;117.14;15.16
1380556831572750;23.5;33.5;Fri Oct 18 2019 09:34:29 GMT+0200 (CEST);Fri Oct 18 2019 07:34:29 GMT+0200 (CEST);1571384069000;0.47;102.51;15.19
1380556831572750;23.5;33.5;Fri Oct 18 2019 09:36:24 GMT+0200 (CEST);Fri Oct 18 2019 07:36:24 GMT+0200 (CEST);1571384184000;0.48;104.14;15.23
1380556831572750;23.5;33.2;Fri Oct 18 2019 09:38:16 GMT+0200 (CEST);Fri Oct 18 2019 07:38:16 GMT+0200 (CEST);1571384296000;0.44;95.61;15.31
1380556831572750;23.5;33.1;Fri Oct 18 2019 09:40:15 GMT+0200 (CEST);Fri Oct 18 2019 07:40:15 GMT+0200 (CEST);1571384415000;0.4;89.33;15.33
1380556831572750;23.5;33.5;Fri Oct 18 2019 09:42:17 GMT+0200 (CEST);Fri Oct 18 2019 07:42:17 GMT+0200 (CEST);1571384537000;0.4;89.94;15.33
1380556831572750;23.5;33.6;Fri Oct 18 2019 09:44:10 GMT+0200 (CEST);Fri Oct 18 2019 07:44:10 GMT+0200 (CEST);1571384650000;0.44;102.53;15.33
1380556831572750;23.5;33.5;Fri Oct 18 2019 09:46:03 GMT+0200 (CEST);Fri Oct 18 2019 07:46:03 GMT+0200 (CEST);1571384763000;0.51;112.19;15.32
1380556831572750;23.5;33.6;Fri Oct 18 2019 09:48:02 GMT+0200 (CEST);Fri Oct 18 2019 07:48:02 GMT+0200 (CEST);1571384882000;0.49;106.27;15.32
1380556831572750;23.5;33.5;Fri Oct 18 2019 09:49:54 GMT+0200 (CEST);Fri Oct 18 2019 07:49:54 GMT+0200 (CEST);1571384994000;0.45;96.25;15.3
1380556831572750;23.5;33.3;Fri Oct 18 2019 09:51:48 GMT+0200 (CEST);Fri Oct 18 2019 07:51:48 GMT+0200 (CEST);1571385108000;0.43;93.7;15.32
1380556831572750;23.5;33.7;Fri Oct 18 2019 09:53:40 GMT+0200 (CEST);Fri Oct 18 2019 07:53:40 GMT+0200 (CEST);1571385220000;0.53;112.75;15.39
1380556831572750;23.5;33.5;Fri Oct 18 2019 09:55:39 GMT+0200 (CEST);Fri Oct 18 2019 07:55:39 GMT+0200 (CEST);1571385339000;0.49;102.59;15.44
1380556831572750;23.5;33.2;Fri Oct 18 2019 09:57:32 GMT+0200 (CEST);Fri Oct 18 2019 07:57:32 GMT+0200 (CEST);1571385452000;0.42;90.43;15.51
1380556831572750;23.5;32.9;Fri Oct 18 2019 09:59:26 GMT+0200 (CEST);Fri Oct 18 2019 07:59:26 GMT+0200 (CEST);1571385566000;0.39;82.68;15.57
1380556831572750;23.5;32.9;Fri Oct 18 2019 10:01:20 GMT+0200 (CEST);Fri Oct 18 2019 08:01:20 GMT+0200 (CEST);1571385680000;0.43;89.35;15.63
1380556831572750;23.5;33.1;Fri Oct 18 2019 10:03:13 GMT+0200 (CEST);Fri Oct 18 2019 08:03:13 GMT+0200 (CEST);1571385793000;0.45;94.64;15.68
1380556831572750;23.5;32.9;Fri Oct 18 2019 10:05:06 GMT+0200 (CEST);Fri Oct 18 2019 08:05:06 GMT+0200 (CEST);1571385906000;0.38;77.43;15.75
1380556831572750;23.5;32.7;Fri Oct 18 2019 10:06:59 GMT+0200 (CEST);Fri Oct 18 2019 08:06:59 GMT+0200 (CEST);1571386019000;0.4;82.54;15.75
1380556831572750;23.5;32.7;Fri Oct 18 2019 10:08:54 GMT+0200 (CEST);Fri Oct 18 2019 08:08:54 GMT+0200 (CEST);1571386134000;0.45;93.9;15.78
1380556831572750;23.5;33.1;Fri Oct 18 2019 10:10:50 GMT+0200 (CEST);Fri Oct 18 2019 08:10:50 GMT+0200 (CEST);1571386250000;0.49;102.25;15.81
1380556831572750;23.5;33.6;Fri Oct 18 2019 10:12:43 GMT+0200 (CEST);Fri Oct 18 2019 08:12:43 GMT+0200 (CEST);1571386363000;0.55;113.68;15.86
1380556831572750;24;33.8;Fri Oct 18 2019 10:14:36 GMT+0200 (CEST);Fri Oct 18 2019 08:14:36 GMT+0200 (CEST);1571386476000;0.59;124.01;15.97
1380556831572750;24;33.8;Fri Oct 18 2019 10:16:28 GMT+0200 (CEST);Fri Oct 18 2019 08:16:28 GMT+0200 (CEST);1571386588000;0.66;136.93;16.05
1380556831572750;24;34;Fri Oct 18 2019 10:18:21 GMT+0200 (CEST);Fri Oct 18 2019 08:18:21 GMT+0200 (CEST);1571386701000;1.87;371.19;16.14
1380556831572750;24;35.5;Fri Oct 18 2019 10:20:33 GMT+0200 (CEST);Fri Oct 18 2019 08:20:33 GMT+0200 (CEST);1571386833000;0.55;121.74;16.75
1380556831572750;24;33.6;Fri Oct 18 2019 10:22:28 GMT+0200 (CEST);Fri Oct 18 2019 08:22:28 GMT+0200 (CEST);1571386948000;0.75;162.29;16.82
1380556831572750;25.5;35.9;Fri Oct 18 2019 10:24:21 GMT+0200 (CEST);Fri Oct 18 2019 08:24:21 GMT+0200 (CEST);1571387061000;2.34;488.95;17.14
1380556831572750;25.5;35.3;Fri Oct 18 2019 10:26:14 GMT+0200 (CEST);Fri Oct 18 2019 08:26:14 GMT+0200 (CEST);1571387174000;1.43;326.42;17.64
1380556831572750;27.5;33.8;Fri Oct 18 2019 10:28:07 GMT+0200 (CEST);Fri Oct 18 2019 08:28:07 GMT+0200 (CEST);1571387287000;0.86;196.57;17.7
1380556831572750;27.5;34.1;Fri Oct 18 2019 10:30:00 GMT+0200 (CEST);Fri Oct 18 2019 08:30:00 GMT+0200 (CEST);1571387400000;0.96;340.47;17.6
1380556831572750;27.5;33.8;Fri Oct 18 2019 10:31:53 GMT+0200 (CEST);Fri Oct 18 2019 08:31:53 GMT+0200 (CEST);1571387513000;1.11;256.71;17.63
1380556831572750;28;34.7;Fri Oct 18 2019 10:33:45 GMT+0200 (CEST);Fri Oct 18 2019 08:33:45 GMT+0200 (CEST);1571387625000;1.18;340.47;17.6
1380556831572750;28;34.8;Fri Oct 18 2019 10:35:38 GMT+0200 (CEST);Fri Oct 18 2019 08:35:38 GMT+0200 (CEST);1571387738000;2;407.03;17.7
1380556831572750;28;34.9;Fri Oct 18 2019 10:37:31 GMT+0200 (CEST);Fri Oct 18 2019 08:37:31 GMT+0200 (CEST);1571387851000;2.15;478.71;17.85
1380556831572750;28;35.2;Fri Oct 18 2019 10:39:36 GMT+0200 (CEST);Fri Oct 18 2019 08:39:36 GMT+0200 (CEST);1571387976000;2.14;478.71;18.14
1380556831572750;28;34.6;Fri Oct 18 2019 10:41:39 GMT+0200 (CEST);Fri Oct 18 2019 08:41:39 GMT+0200 (CEST);1571388099000;1.95;419.83;18.34
1380556831572750;29.5;34.4;Fri Oct 18 2019 10:43:32 GMT+0200 (CEST);Fri Oct 18 2019 08:43:32 GMT+0200 (CEST);1571388212000;1.33;276.55;18.46
1380556831572750;29.5;34.5;Fri Oct 18 2019 10:45:28 GMT+0200 (CEST);Fri Oct 18 2019 08:45:28 GMT+0200 (CEST);1571388328000;1.52;315.48;18.47
1380556831572750;29.5;34.7;Fri Oct 18 2019 10:47:20 GMT+0200 (CEST);Fri Oct 18 2019 08:47:20 GMT+0200 (CEST);1571388440000;2.37;511.99;18.7
1380556831572750;29.5;34.7;Fri Oct 18 2019 10:49:23 GMT+0200 (CEST);Fri Oct 18 2019 08:49:23 GMT+0200 (CEST);1571388563000;2.16;478.71;19.08
1380556831572750;31.5;34.5;Fri Oct 18 2019 10:51:15 GMT+0200 (CEST);Fri Oct 18 2019 08:51:15 GMT+0200 (CEST);1571388675000;1.99;471.03;19.26
1380556831572750;31.5;34.3;Fri Oct 18 2019 10:53:08 GMT+0200 (CEST);Fri Oct 18 2019 08:53:08 GMT+0200 (CEST);1571388788000;2.71;581.11;19.53
1380556831572750;31.5;34.1;Fri Oct 18 2019 10:55:08 GMT+0200 (CEST);Fri Oct 18 2019 08:55:08 GMT+0200 (CEST);1571388908000;2.88;624.63;19.96
1380556831572750;32;34.1;Fri Oct 18 2019 10:57:03 GMT+0200 (CEST);Fri Oct 18 2019 08:57:03 GMT+0200 (CEST);1571389023000;2.31;463.35;20.5
1380556831572750;32;33.8;Fri Oct 18 2019 10:58:56 GMT+0200 (CEST);Fri Oct 18 2019 08:58:56 GMT+0200 (CEST);1571389136000;3.19;639.99;20.91
1380556831572750;33;33.7;Fri Oct 18 2019 11:00:55 GMT+0200 (CEST);Fri Oct 18 2019 09:00:55 GMT+0200 (CEST);1571389255000;3.02;678.54;21.3
1380556831572750;33;33.6;Fri Oct 18 2019 11:02:59 GMT+0200 (CEST);Fri Oct 18 2019 09:02:59 GMT+0200 (CEST);1571389379000;3.03;655.35;21.69
1380556831572750;33;33.6;Fri Oct 18 2019 11:04:56 GMT+0200 (CEST);Fri Oct 18 2019 09:04:56 GMT+0200 (CEST);1571389496000;2.69;547.83;21.96
1380556831572750;35.6;33.5;Fri Oct 18 2019 11:06:49 GMT+0200 (CEST);Fri Oct 18 2019 09:06:49 GMT+0200 (CEST);1571389609000;3.41;704.62;22
1380556831572750;35.6;33.2;Fri Oct 18 2019 11:08:51 GMT+0200 (CEST);Fri Oct 18 2019 09:08:51 GMT+0200 (CEST);1571389731000;1.87;401.91;21.98
1380556831572750;36.1;33.5;Fri Oct 18 2019 11:11:03 GMT+0200 (CEST);Fri Oct 18 2019 09:11:03 GMT+0200 (CEST);1571389863000;1.75;378.87;21.75
1380556831572750;36.1;34;Fri Oct 18 2019 11:12:56 GMT+0200 (CEST);Fri Oct 18 2019 09:12:56 GMT+0200 (CEST);1571389976000;2.58;547.83;21.78
1380556831572750;37.6;34.1;Fri Oct 18 2019 11:14:49 GMT+0200 (CEST);Fri Oct 18 2019 09:14:49 GMT+0200 (CEST);1571390089000;3.11;689.71;21.82
1380556831572750;37.6;33.8;Fri Oct 18 2019 11:16:41 GMT+0200 (CEST);Fri Oct 18 2019 09:16:41 GMT+0200 (CEST);1571390201000;1.94;417.27;21.85
1380556831572750;37.6;34.3;Fri Oct 18 2019 11:18:58 GMT+0200 (CEST);Fri Oct 18 2019 09:18:58 GMT+0200 (CEST);1571390338000;2.96;647.67;21.87
1380556831572750;37.6;35.2;Fri Oct 18 2019 11:20:59 GMT+0200 (CEST);Fri Oct 18 2019 09:20:59 GMT+0200 (CEST);1571390459000;2.93;692.43;22.21
1380556831572750;37.6;35.3;Fri Oct 18 2019 11:22:52 GMT+0200 (CEST);Fri Oct 18 2019 09:22:52 GMT+0200 (CEST);1571390572000;2.75;614.39;22.43
1380556831572750;37.6;34.5;Fri Oct 18 2019 11:24:53 GMT+0200 (CEST);Fri Oct 18 2019 09:24:53 GMT+0200 (CEST);1571390693000;1.78;394.23;22.59
1380556831572750;37.6;33.8;Fri Oct 18 2019 11:26:47 GMT+0200 (CEST);Fri Oct 18 2019 09:26:47 GMT+0200 (CEST);1571390807000;1.7;386.55;22.46
1380556831572750;37.6;34.8;Fri Oct 18 2019 11:28:40 GMT+0200 (CEST);Fri Oct 18 2019 09:28:40 GMT+0200 (CEST);1571390920000;2.76;619.51;22.35
1380556831572750;37.6;34.4;Fri Oct 18 2019 11:30:36 GMT+0200 (CEST);Fri Oct 18 2019 09:30:36 GMT+0200 (CEST);1571391036000;2.69;609.27;22.52
1380556831572750;37.6;34.3;Fri Oct 18 2019 11:32:29 GMT+0200 (CEST);Fri Oct 18 2019 09:32:29 GMT+0200 (CEST);1571391149000;2.89;639.99;22.65
1380556831572750;37.6;34.7;Fri Oct 18 2019 11:34:23 GMT+0200 (CEST);Fri Oct 18 2019 09:34:23 GMT+0200 (CEST);1571391263000;3.05;691.45;22.83
1380556831572750;37.6;34.5;Fri Oct 18 2019 11:36:15 GMT+0200 (CEST);Fri Oct 18 2019 09:36:15 GMT+0200 (CEST);1571391375000;3.35;756.91;23.17
1380556831572750;37.6;34.6;Fri Oct 18 2019 11:38:15 GMT+0200 (CEST);Fri Oct 18 2019 09:38:15 GMT+0200 (CEST);1571391495000;3.19;754.63;23.53
1380556831572750;39.6;34.4;Fri Oct 18 2019 11:40:08 GMT+0200 (CEST);Fri Oct 18 2019 09:40:08 GMT+0200 (CEST);1571391608000;2.97;682.15;23.84
1380556831572750;39.6;33.9;Fri Oct 18 2019 11:42:01 GMT+0200 (CEST);Fri Oct 18 2019 09:42:01 GMT+0200 (CEST);1571391721000;2.96;661.3;23.95
1380556831572750;39.6;33.8;Fri Oct 18 2019 11:43:57 GMT+0200 (CEST);Fri Oct 18 2019 09:43:57 GMT+0200 (CEST);1571391837000;3.21;718.68;24.13
1380556831572750;39.6;33.8;Fri Oct 18 2019 11:45:55 GMT+0200 (CEST);Fri Oct 18 2019 09:45:55 GMT+0200 (CEST);1571391955000;2.98;655.35;24.16
1380556831572750;39.6;33.5;Fri Oct 18 2019 11:47:49 GMT+0200 (CEST);Fri Oct 18 2019 09:47:49 GMT+0200 (CEST);1571392069000;3.19;727.54;24.31
1380556831572750;40.1;33.6;Fri Oct 18 2019 11:50:09 GMT+0200 (CEST);Fri Oct 18 2019 09:50:09 GMT+0200 (CEST);1571392209000;3.44;760.75;24.52
1380556831572750;40.1;33.4;Fri Oct 18 2019 11:52:10 GMT+0200 (CEST);Fri Oct 18 2019 09:52:10 GMT+0200 (CEST);1571392330000;3.6;797.87;24.64
1380556831572750;40.1;32.8;Fri Oct 18 2019 11:54:02 GMT+0200 (CEST);Fri Oct 18 2019 09:54:02 GMT+0200 (CEST);1571392442000;2.92;655.66;24.7
1380556831572750;40.1;33.4;Fri Oct 18 2019 11:55:56 GMT+0200 (CEST);Fri Oct 18 2019 09:55:56 GMT+0200 (CEST);1571392556000;3.22;696.38;24.58
1380556831572750;41.6;32.8;Fri Oct 18 2019 11:57:49 GMT+0200 (CEST);Fri Oct 18 2019 09:57:49 GMT+0200 (CEST);1571392669000;3.16;666.93;24.59
1380556831572750;41.6;32;Fri Oct 18 2019 11:59:43 GMT+0200 (CEST);Fri Oct 18 2019 09:59:43 GMT+0200 (CEST);1571392783000;1.67;409.59;24.22
1380556831572750;40.1;33;Fri Oct 18 2019 12:01:35 GMT+0200 (CEST);Fri Oct 18 2019 10:01:35 GMT+0200 (CEST);1571392895000;3.28;686.7;24.14
1380556831572750;40.1;32.3;Fri Oct 18 2019 12:03:28 GMT+0200 (CEST);Fri Oct 18 2019 10:03:28 GMT+0200 (CEST);1571393008000;3.1;655.35;24.35
1380556831572750;40.1;33.4;Fri Oct 18 2019 12:05:26 GMT+0200 (CEST);Fri Oct 18 2019 10:05:26 GMT+0200 (CEST);1571393126000;3.19;696.44;24.57
1380556831572750;40.1;32.5;Fri Oct 18 2019 12:07:39 GMT+0200 (CEST);Fri Oct 18 2019 10:07:39 GMT+0200 (CEST);1571393259000;3.68;775.48;24.63
1380556831572750;40.1;32.1;Fri Oct 18 2019 12:09:41 GMT+0200 (CEST);Fri Oct 18 2019 10:09:41 GMT+0200 (CEST);1571393381000;3.71;770.31;24.82
1380556831572750;40.1;31.9;Fri Oct 18 2019 12:11:37 GMT+0200 (CEST);Fri Oct 18 2019 10:11:37 GMT+0200 (CEST);1571393497000;3.45;731.01;24.78
1380556831572750;40.1;32.4;Fri Oct 18 2019 12:13:32 GMT+0200 (CEST);Fri Oct 18 2019 10:13:32 GMT+0200 (CEST);1571393612000;3.32;673.79;24.67
1380556831572750;40.1;32.8;Fri Oct 18 2019 12:15:25 GMT+0200 (CEST);Fri Oct 18 2019 10:15:25 GMT+0200 (CEST);1571393725000;1.88;407.03;24.44
1380556831572750;40.1;33;Fri Oct 18 2019 12:17:23 GMT+0200 (CEST);Fri Oct 18 2019 10:17:23 GMT+0200 (CEST);1571393843000;2.78;591.35;24.14
1380556831572750;40.1;33.4;Fri Oct 18 2019 12:19:20 GMT+0200 (CEST);Fri Oct 18 2019 10:19:20 GMT+0200 (CEST);1571393960000;3.12;693.91;24.14
1380556831572750;41.6;33;Fri Oct 18 2019 12:21:29 GMT+0200 (CEST);Fri Oct 18 2019 10:21:29 GMT+0200 (CEST);1571394089000;2.59;555.51;24.47
1380556831572750;41.6;33.2;Fri Oct 18 2019 12:23:22 GMT+0200 (CEST);Fri Oct 18 2019 10:23:22 GMT+0200 (CEST);1571394202000;2.04;494.07;24.48
1380556831572750;41.6;33.7;Fri Oct 18 2019 12:25:18 GMT+0200 (CEST);Fri Oct 18 2019 10:25:18 GMT+0200 (CEST);1571394318000;3.11;659.12;24.61
1380556831572750;41.6;33.2;Fri Oct 18 2019 12:27:12 GMT+0200 (CEST);Fri Oct 18 2019 10:27:12 GMT+0200 (CEST);1571394432000;3.14;650.23;24.84
1380556831572750;41.6;32.7;Fri Oct 18 2019 12:29:11 GMT+0200 (CEST);Fri Oct 18 2019 10:29:11 GMT+0200 (CEST);1571394551000;3.55;741.19;25.06
1380556831572750;41.6;33.4;Fri Oct 18 2019 12:31:04 GMT+0200 (CEST);Fri Oct 18 2019 10:31:04 GMT+0200 (CEST);1571394664000;2.87;604.15;25.33
1380556831572750;41.6;33.9;Fri Oct 18 2019 12:33:03 GMT+0200 (CEST);Fri Oct 18 2019 10:33:03 GMT+0200 (CEST);1571394783000;2.44;550.39;25.28
1380556831572750;42.1;33.9;Fri Oct 18 2019 12:34:56 GMT+0200 (CEST);Fri Oct 18 2019 10:34:56 GMT+0200 (CEST);1571394896000;2.22;496.63;25.17
1380556831572750;42.1;34;Fri Oct 18 2019 12:37:32 GMT+0200 (CEST);Fri Oct 18 2019 10:37:32 GMT+0200 (CEST);1571395052000;1.62;355.83;24.66
1380556831572750;42.1;33.3;Fri Oct 18 2019 12:39:30 GMT+0200 (CEST);Fri Oct 18 2019 10:39:30 GMT+0200 (CEST);1571395170000;1.41;289.97;24.36
1380556831572750;41.6;32.9;Fri Oct 18 2019 12:41:23 GMT+0200 (CEST);Fri Oct 18 2019 10:41:23 GMT+0200 (CEST);1571395283000;1.38;279.77;23.99
1380556831572750;41.6;33.1;Fri Oct 18 2019 12:43:16 GMT+0200 (CEST);Fri Oct 18 2019 10:43:16 GMT+0200 (CEST);1571395396000;1.52;319.16;23.65
1380556831572750;39.6;33.9;Fri Oct 18 2019 12:45:09 GMT+0200 (CEST);Fri Oct 18 2019 10:45:09 GMT+0200 (CEST);1571395509000;1.41;284.76;23.22
1380556831572750;39.6;33.4;Fri Oct 18 2019 12:47:02 GMT+0200 (CEST);Fri Oct 18 2019 10:47:02 GMT+0200 (CEST);1571395622000;1.28;253.72;22.79
1380556831572750;39.6;33.1;Fri Oct 18 2019 12:48:55 GMT+0200 (CEST);Fri Oct 18 2019 10:48:55 GMT+0200 (CEST);1571395735000;1.19;236.21;22.42
1380556831572750;38.1;33;Fri Oct 18 2019 12:50:48 GMT+0200 (CEST);Fri Oct 18 2019 10:50:48 GMT+0200 (CEST);1571395848000;1.14;226.28;22.07
1380556831572750;38.1;33.3;Fri Oct 18 2019 12:52:45 GMT+0200 (CEST);Fri Oct 18 2019 10:52:45 GMT+0200 (CEST);1571395965000;1.09;221.7;21.76
1380556831572750;36.1;33.5;Fri Oct 18 2019 12:54:38 GMT+0200 (CEST);Fri Oct 18 2019 10:54:38 GMT+0200 (CEST);1571396078000;1.08;216.1;21.55
1380556831572750;36.1;33.6;Fri Oct 18 2019 12:56:33 GMT+0200 (CEST);Fri Oct 18 2019 10:56:33 GMT+0200 (CEST);1571396193000;1.13;225.47;21.33
1380556831572750;36.1;33.6;Fri Oct 18 2019 12:58:26 GMT+0200 (CEST);Fri Oct 18 2019 10:58:26 GMT+0200 (CEST);1571396306000;1.21;244.81;21.32
1380556831572750;35.6;33.8;Fri Oct 18 2019 13:00:20 GMT+0200 (CEST);Fri Oct 18 2019 11:00:20 GMT+0200 (CEST);1571396420000;1.33;269.21;21.28
1380556831572750;35.6;34;Fri Oct 18 2019 13:02:16 GMT+0200 (CEST);Fri Oct 18 2019 11:02:16 GMT+0200 (CEST);1571396536000;1.34;282.11;21.44
1380556831572750;33;34.1;Fri Oct 18 2019 13:04:36 GMT+0200 (CEST);Fri Oct 18 2019 11:04:36 GMT+0200 (CEST);1571396676000;1.45;300;21.65
1380556831572750;33;34.2;Fri Oct 18 2019 13:06:30 GMT+0200 (CEST);Fri Oct 18 2019 11:06:30 GMT+0200 (CEST);1571396790000;1.6;348.15;21.68
1380556831572750;33;34.7;Fri Oct 18 2019 13:08:24 GMT+0200 (CEST);Fri Oct 18 2019 11:08:24 GMT+0200 (CEST);1571396904000;1.69;376.31;21.85
1380556831572750;33;34.6;Fri Oct 18 2019 13:10:17 GMT+0200 (CEST);Fri Oct 18 2019 11:10:17 GMT+0200 (CEST);1571397017000;1.35;343.03;22.01
1380556831572750;33;33.8;Fri Oct 18 2019 13:12:11 GMT+0200 (CEST);Fri Oct 18 2019 11:12:11 GMT+0200 (CEST);1571397131000;1.21;248.22;22.01
1380556831572750;33;33.8;Fri Oct 18 2019 13:14:03 GMT+0200 (CEST);Fri Oct 18 2019 11:14:03 GMT+0200 (CEST);1571397243000;1.16;246.51;21.83
1380556831572750;33;33.9;Fri Oct 18 2019 13:16:03 GMT+0200 (CEST);Fri Oct 18 2019 11:16:03 GMT+0200 (CEST);1571397363000;1.32;283.11;21.74
1380556831572750;33;34.1;Fri Oct 18 2019 13:17:57 GMT+0200 (CEST);Fri Oct 18 2019 11:17:57 GMT+0200 (CEST);1571397477000;1.4;297.84;21.72
1380556831572750;33;34.3;Fri Oct 18 2019 13:19:52 GMT+0200 (CEST);Fri Oct 18 2019 11:19:52 GMT+0200 (CEST);1571397592000;1.74;419.83;21.77
1380556831572750;33;34.3;Fri Oct 18 2019 13:21:45 GMT+0200 (CEST);Fri Oct 18 2019 11:21:45 GMT+0200 (CEST);1571397705000;1.32;284.43;21.87
1380556831572750;33;33.7;Fri Oct 18 2019 13:23:49 GMT+0200 (CEST);Fri Oct 18 2019 11:23:49 GMT+0200 (CEST);1571397829000;1.13;244.32;21.72
1380556831572750;33;33.8;Fri Oct 18 2019 13:25:38 GMT+0200 (CEST);Fri Oct 18 2019 11:25:38 GMT+0200 (CEST);1571397938000;1.19;252.99;21.58
1380556831572750;33;34;Fri Oct 18 2019 13:27:31 GMT+0200 (CEST);Fri Oct 18 2019 11:27:31 GMT+0200 (CEST);1571398051000;1.32;282.45;21.53
1380556831572750;32;34.1;Fri Oct 18 2019 13:29:27 GMT+0200 (CEST);Fri Oct 18 2019 11:29:27 GMT+0200 (CEST);1571398167000;1.53;335.35;21.46
1380556831572750;32;34.8;Fri Oct 18 2019 13:31:21 GMT+0200 (CEST);Fri Oct 18 2019 11:31:21 GMT+0200 (CEST);1571398281000;2.19;491.51;21.6
1380556831572750;33;35;Fri Oct 18 2019 13:33:14 GMT+0200 (CEST);Fri Oct 18 2019 11:33:14 GMT+0200 (CEST);1571398394000;1.86;407.03;21.82
1380556831572750;33;33.7;Fri Oct 18 2019 13:35:09 GMT+0200 (CEST);Fri Oct 18 2019 11:35:09 GMT+0200 (CEST);1571398509000;1.41;301.85;22.03
1380556831572750;33;34;Fri Oct 18 2019 13:37:05 GMT+0200 (CEST);Fri Oct 18 2019 11:37:05 GMT+0200 (CEST);1571398625000;1.45;314.26;22.12
1380556831572750;33;34.1;Fri Oct 18 2019 13:39:21 GMT+0200 (CEST);Fri Oct 18 2019 11:39:21 GMT+0200 (CEST);1571398761000;1.77;386.55;22.2
1380556831572750;33;34.5;Fri Oct 18 2019 13:41:16 GMT+0200 (CEST);Fri Oct 18 2019 11:41:16 GMT+0200 (CEST);1571398876000;1.52;330.23;22.26
1380556831572750;33;34.5;Fri Oct 18 2019 13:43:08 GMT+0200 (CEST);Fri Oct 18 2019 11:43:08 GMT+0200 (CEST);1571398988000;1.58;337.91;22.37
1380556831572750;33;33.6;Fri Oct 18 2019 13:45:01 GMT+0200 (CEST);Fri Oct 18 2019 11:45:01 GMT+0200 (CEST);1571399101000;1.13;235.4;22.35
1380556831572750;33;33.2;Fri Oct 18 2019 13:47:17 GMT+0200 (CEST);Fri Oct 18 2019 11:47:17 GMT+0200 (CEST);1571399237000;0.97;200.5;22.09
1380556831572750;33;33.2;Fri Oct 18 2019 13:49:10 GMT+0200 (CEST);Fri Oct 18 2019 11:49:10 GMT+0200 (CEST);1571399350000;0.92;185.33;21.82
1380556831572750;33;33.2;Fri Oct 18 2019 13:51:06 GMT+0200 (CEST);Fri Oct 18 2019 11:51:06 GMT+0200 (CEST);1571399466000;0.87;174.18;21.66
1380556831572750;33;33.2;Fri Oct 18 2019 13:52:59 GMT+0200 (CEST);Fri Oct 18 2019 11:52:59 GMT+0200 (CEST);1571399579000;0.83;167.37;21.54
1380556831572750;33;33.3;Fri Oct 18 2019 13:55:10 GMT+0200 (CEST);Fri Oct 18 2019 11:55:10 GMT+0200 (CEST);1571399710000;0.82;163.43;21.33
1380556831572750;33;33.3;Fri Oct 18 2019 13:57:03 GMT+0200 (CEST);Fri Oct 18 2019 11:57:03 GMT+0200 (CEST);1571399823000;0.8;160.38;21.2
1380556831572750;32;33.3;Fri Oct 18 2019 13:58:57 GMT+0200 (CEST);Fri Oct 18 2019 11:58:57 GMT+0200 (CEST);1571399937000;0.78;156.41;21.07
1380556831572750;32;33.4;Fri Oct 18 2019 14:01:07 GMT+0200 (CEST);Fri Oct 18 2019 12:01:07 GMT+0200 (CEST);1571400067000;0.78;159.67;20.96
1380556831572750;31.5;33.4;Fri Oct 18 2019 14:03:00 GMT+0200 (CEST);Fri Oct 18 2019 12:03:00 GMT+0200 (CEST);1571400180000;0.85;169.52;20.97
1380556831572750;31.5;33.5;Fri Oct 18 2019 14:04:54 GMT+0200 (CEST);Fri Oct 18 2019 12:04:54 GMT+0200 (CEST);1571400294000;0.87;175.44;20.91
1380556831572750;31.5;33.6;Fri Oct 18 2019 14:06:46 GMT+0200 (CEST);Fri Oct 18 2019 12:06:46 GMT+0200 (CEST);1571400406000;0.88;177.62;20.87
1380556831572750;31.5;33.7;Fri Oct 18 2019 14:08:46 GMT+0200 (CEST);Fri Oct 18 2019 12:08:46 GMT+0200 (CEST);1571400526000;0.92;184.21;20.85
1380556831572750;31.5;33.8;Fri Oct 18 2019 14:10:54 GMT+0200 (CEST);Fri Oct 18 2019 12:10:54 GMT+0200 (CEST);1571400654000;0.99;201.27;20.94
1380556831572750;31.5;34.1;Fri Oct 18 2019 14:12:47 GMT+0200 (CEST);Fri Oct 18 2019 12:12:47 GMT+0200 (CEST);1571400767000;1.21;249.87;21.06
1380556831572750;31.5;34.8;Fri Oct 18 2019 14:14:40 GMT+0200 (CEST);Fri Oct 18 2019 12:14:40 GMT+0200 (CEST);1571400880000;1.37;287.21;21.3
1380556831572750;31.5;35.2;Fri Oct 18 2019 14:16:33 GMT+0200 (CEST);Fri Oct 18 2019 12:16:33 GMT+0200 (CEST);1571400993000;1.74;368.63;21.56
1380556831572750;31.5;34.8;Fri Oct 18 2019 14:18:33 GMT+0200 (CEST);Fri Oct 18 2019 12:18:33 GMT+0200 (CEST);1571401113000;1.96;401.91;21.99
1380556831572750;31.5;34.9;Fri Oct 18 2019 14:20:25 GMT+0200 (CEST);Fri Oct 18 2019 12:20:25 GMT+0200 (CEST);1571401225000;1.57;332.79;22.25
1380556831572750;32;34.1;Fri Oct 18 2019 14:22:18 GMT+0200 (CEST);Fri Oct 18 2019 12:22:18 GMT+0200 (CEST);1571401338000;1.39;286.19;22.4
1380556831572750;32;33.6;Fri Oct 18 2019 14:24:23 GMT+0200 (CEST);Fri Oct 18 2019 12:24:23 GMT+0200 (CEST);1571401463000;1.28;258.65;22.51
1380556831572750;32;33.4;Fri Oct 18 2019 14:26:30 GMT+0200 (CEST);Fri Oct 18 2019 12:26:30 GMT+0200 (CEST);1571401590000;1.18;239.7;22.46
1380556831572750;32;33.4;Fri Oct 18 2019 14:28:23 GMT+0200 (CEST);Fri Oct 18 2019 12:28:23 GMT+0200 (CEST);1571401703000;1.1;224.99;22.38
1380556831572750;32;33.3;Fri Oct 18 2019 14:30:16 GMT+0200 (CEST);Fri Oct 18 2019 12:30:16 GMT+0200 (CEST);1571401816000;1.05;211.3;22.3
1380556831572750;33;33.7;Fri Oct 18 2019 14:32:16 GMT+0200 (CEST);Fri Oct 18 2019 12:32:16 GMT+0200 (CEST);1571401936000;1.01;207.33;22.26
1380556831572750;33;33.4;Fri Oct 18 2019 14:34:10 GMT+0200 (CEST);Fri Oct 18 2019 12:34:10 GMT+0200 (CEST);1571402050000;1.08;233.36;22.17
1380556831572750;32;33.8;Fri Oct 18 2019 14:36:05 GMT+0200 (CEST);Fri Oct 18 2019 12:36:05 GMT+0200 (CEST);1571402165000;1.28;257.56;22.07
1380556831572750;32;34.4;Fri Oct 18 2019 14:37:58 GMT+0200 (CEST);Fri Oct 18 2019 12:37:58 GMT+0200 (CEST);1571402278000;1.33;269.6;22
1380556831572750;32;33.8;Fri Oct 18 2019 14:39:51 GMT+0200 (CEST);Fri Oct 18 2019 12:39:51 GMT+0200 (CEST);1571402391000;1.27;255.74;22.02
1380556831572750;32;33.6;Fri Oct 18 2019 14:41:44 GMT+0200 (CEST);Fri Oct 18 2019 12:41:44 GMT+0200 (CEST);1571402504000;1.36;257.25;22.01
1380556831572750;32;33.6;Fri Oct 18 2019 14:43:48 GMT+0200 (CEST);Fri Oct 18 2019 12:43:48 GMT+0200 (CEST);1571402628000;1.2;245.89;21.95
1380556831572750;32;33.9;Fri Oct 18 2019 14:45:48 GMT+0200 (CEST);Fri Oct 18 2019 12:45:48 GMT+0200 (CEST);1571402748000;1.25;263.15;21.94
1380556831572750;32;33.6;Fri Oct 18 2019 14:47:42 GMT+0200 (CEST);Fri Oct 18 2019 12:47:42 GMT+0200 (CEST);1571402862000;1.15;236.5;21.98
1380556831572750;32;33.6;Fri Oct 18 2019 14:49:37 GMT+0200 (CEST);Fri Oct 18 2019 12:49:37 GMT+0200 (CEST);1571402977000;1.08;224.52;21.96
1380556831572750;32;33.3;Fri Oct 18 2019 14:51:44 GMT+0200 (CEST);Fri Oct 18 2019 12:51:44 GMT+0200 (CEST);1571403104000;0.91;189.19;21.97
1380556831572750;32;33.4;Fri Oct 18 2019 14:53:36 GMT+0200 (CEST);Fri Oct 18 2019 12:53:36 GMT+0200 (CEST);1571403216000;0.94;196.86;21.96
1380556831572750;32;33.4;Fri Oct 18 2019 14:55:30 GMT+0200 (CEST);Fri Oct 18 2019 12:55:30 GMT+0200 (CEST);1571403330000;0.95;198.97;22.01
1380556831572750;32;33.8;Fri Oct 18 2019 14:57:24 GMT+0200 (CEST);Fri Oct 18 2019 12:57:24 GMT+0200 (CEST);1571403444000;1.18;249.9;21.86
1380556831572750;32;33.9;Fri Oct 18 2019 14:59:24 GMT+0200 (CEST);Fri Oct 18 2019 12:59:24 GMT+0200 (CEST);1571403564000;1.1;231.24;21.82
1380556831572750;32;33.6;Fri Oct 18 2019 15:01:17 GMT+0200 (CEST);Fri Oct 18 2019 13:01:17 GMT+0200 (CEST);1571403677000;1.06;250.18;21.81
1380556831572750;32;35.4;Fri Oct 18 2019 15:03:15 GMT+0200 (CEST);Fri Oct 18 2019 13:03:15 GMT+0200 (CEST);1571403795000;1.02;211.29;21.94
1380556831572750;32;33.5;Fri Oct 18 2019 15:05:17 GMT+0200 (CEST);Fri Oct 18 2019 13:05:17 GMT+0200 (CEST);1571403917000;0.92;191.17;21.94
1380556831572750;32;34.6;Fri Oct 18 2019 15:07:10 GMT+0200 (CEST);Fri Oct 18 2019 13:07:10 GMT+0200 (CEST);1571404030000;1.47;343.03;21.94
1380556831572750;32;36;Fri Oct 18 2019 15:09:05 GMT+0200 (CEST);Fri Oct 18 2019 13:09:05 GMT+0200 (CEST);1571404145000;1.1;230.73;22
1380556831572750;32;33.5;Fri Oct 18 2019 15:10:58 GMT+0200 (CEST);Fri Oct 18 2019 13:10:58 GMT+0200 (CEST);1571404258000;0.91;195.49;21.93
1380556831572750;32;35.1;Fri Oct 18 2019 15:13:04 GMT+0200 (CEST);Fri Oct 18 2019 13:13:04 GMT+0200 (CEST);1571404384000;1.36;268.6;21.87
1380556831572750;32;34.1;Fri Oct 18 2019 15:14:57 GMT+0200 (CEST);Fri Oct 18 2019 13:14:57 GMT+0200 (CEST);1571404497000;1.2;226;21.78
1380556831572750;32;34.7;Fri Oct 18 2019 15:16:49 GMT+0200 (CEST);Fri Oct 18 2019 13:16:49 GMT+0200 (CEST);1571404609000;1.29;280.09;21.85
1380556831572750;32;35.6;Fri Oct 18 2019 15:18:47 GMT+0200 (CEST);Fri Oct 18 2019 13:18:47 GMT+0200 (CEST);1571404727000;2.73;611.83;22.19
1380556831572750;32;35.2;Fri Oct 18 2019 15:21:25 GMT+0200 (CEST);Fri Oct 18 2019 13:21:25 GMT+0200 (CEST);1571404885000;1.7;383.99;22.52
1380556831572750;33;35.3;Fri Oct 18 2019 15:23:18 GMT+0200 (CEST);Fri Oct 18 2019 13:23:18 GMT+0200 (CEST);1571404998000;2.73;627.19;22.84
1380556831572750;33;34.9;Fri Oct 18 2019 15:25:10 GMT+0200 (CEST);Fri Oct 18 2019 13:25:10 GMT+0200 (CEST);1571405110000;1.88;409.59;23.1
1380556831572750;33;34.1;Fri Oct 18 2019 15:27:15 GMT+0200 (CEST);Fri Oct 18 2019 13:27:15 GMT+0200 (CEST);1571405235000;0.96;191.63;23.18
1380556831572750;33;35.1;Fri Oct 18 2019 15:32:13 GMT+0200 (CEST);Fri Oct 18 2019 13:32:13 GMT+0200 (CEST);1571405533000;1.29;303.07;23.2
1380556831572750;33;34.8;Fri Oct 18 2019 15:34:26 GMT+0200 (CEST);Fri Oct 18 2019 13:34:26 GMT+0200 (CEST);1571405666000;1.44;332.79;23.05
1380556831572750;35.6;35.3;Fri Oct 18 2019 15:36:46 GMT+0200 (CEST);Fri Oct 18 2019 13:36:46 GMT+0200 (CEST);1571405806000;2.32;529.91;23.03
1380556831572750;35.6;35.2;Fri Oct 18 2019 15:38:39 GMT+0200 (CEST);Fri Oct 18 2019 13:38:39 GMT+0200 (CEST);1571405919000;1.66;430.07;23.24
1380556831572750;35.6;34.8;Fri Oct 18 2019 15:40:33 GMT+0200 (CEST);Fri Oct 18 2019 13:40:33 GMT+0200 (CEST);1571406033000;1.24;345.59;23.6
1380556831572750;35.6;33.2;Fri Oct 18 2019 15:42:27 GMT+0200 (CEST);Fri Oct 18 2019 13:42:27 GMT+0200 (CEST);1571406147000;0.84;178.05;23.46
1380556831572750;35.6;32.8;Fri Oct 18 2019 15:44:22 GMT+0200 (CEST);Fri Oct 18 2019 13:44:22 GMT+0200 (CEST);1571406262000;0.78;164.79;23.15
1380556831572750;33;32.8;Fri Oct 18 2019 15:46:15 GMT+0200 (CEST);Fri Oct 18 2019 13:46:15 GMT+0200 (CEST);1571406375000;0.74;157.7;22.72
1380556831572750;33;32.8;Fri Oct 18 2019 15:48:09 GMT+0200 (CEST);Fri Oct 18 2019 13:48:09 GMT+0200 (CEST);1571406489000;0.68;146.77;22.39
1380556831572750;33;32.8;Fri Oct 18 2019 15:50:17 GMT+0200 (CEST);Fri Oct 18 2019 13:50:17 GMT+0200 (CEST);1571406617000;0.68;150.19;22.1
1380556831572750;33;33;Fri Oct 18 2019 15:52:21 GMT+0200 (CEST);Fri Oct 18 2019 13:52:21 GMT+0200 (CEST);1571406741000;0.76;171.14;21.92
1380556831572750;33;34.8;Fri Oct 18 2019 15:54:13 GMT+0200 (CEST);Fri Oct 18 2019 13:54:13 GMT+0200 (CEST);1571406853000;0.86;192.73;21.87
1380556831572750;32;35.1;Fri Oct 18 2019 15:56:08 GMT+0200 (CEST);Fri Oct 18 2019 13:56:08 GMT+0200 (CEST);1571406968000;0.91;170.8;21.83
1380556831572750;32;33.1;Fri Oct 18 2019 15:58:01 GMT+0200 (CEST);Fri Oct 18 2019 13:58:01 GMT+0200 (CEST);1571407081000;0.51;108.05;21.61
1380556831572750;31.5;31.4;Fri Oct 18 2019 16:00:03 GMT+0200 (CEST);Fri Oct 18 2019 14:00:03 GMT+0200 (CEST);1571407203000;0.17;38.31;21.33
1380556831572750;31.5;29.9;Fri Oct 18 2019 16:01:56 GMT+0200 (CEST);Fri Oct 18 2019 14:01:56 GMT+0200 (CEST);1571407316000;0.07;19.1;20.76
1380556831572750;31.5;28.6;Fri Oct 18 2019 16:03:49 GMT+0200 (CEST);Fri Oct 18 2019 14:03:49 GMT+0200 (CEST);1571407429000;0;13.95;19.83
1380556831572750;29.5;27.2;Fri Oct 18 2019 16:05:44 GMT+0200 (CEST);Fri Oct 18 2019 14:05:44 GMT+0200 (CEST);1571407544000;0.08;16.16;19.11
1380556831572750;29.5;27.2;Fri Oct 18 2019 16:07:43 GMT+0200 (CEST);Fri Oct 18 2019 14:07:43 GMT+0200 (CEST);1571407663000;0.08;17.39;18.7
1380556831572750;29.5;27.3;Fri Oct 18 2019 16:09:42 GMT+0200 (CEST);Fri Oct 18 2019 14:09:42 GMT+0200 (CEST);1571407782000;0.09;17.84;18.26
1380556831572750;29.5;27.6;Fri Oct 18 2019 16:12:44 GMT+0200 (CEST);Fri Oct 18 2019 14:12:44 GMT+0200 (CEST);1571407964000;0.07;13.79;17.7
1380556831572750;24;27.9;Fri Oct 18 2019 16:14:41 GMT+0200 (CEST);Fri Oct 18 2019 14:14:41 GMT+0200 (CEST);1571408081000;0;6.93;17.41
1380556831572750;24;27.5;Fri Oct 18 2019 16:16:44 GMT+0200 (CEST);Fri Oct 18 2019 14:16:44 GMT+0200 (CEST);1571408204000;0;5.54;17.1
1380556831572750;24;30.9;Fri Oct 18 2019 16:18:37 GMT+0200 (CEST);Fri Oct 18 2019 14:18:37 GMT+0200 (CEST);1571408317000;0;4.18;16.24
1380556831572750;24;30.4;Fri Oct 18 2019 16:20:29 GMT+0200 (CEST);Fri Oct 18 2019 14:20:29 GMT+0200 (CEST);1571408429000;0;4;15.64
1380556831572750;23.5;30.6;Fri Oct 18 2019 16:22:24 GMT+0200 (CEST);Fri Oct 18 2019 14:22:24 GMT+0200 (CEST);1571408544000;0;5.32;15.04
1380556831572750;23.5;33.8;Fri Oct 18 2019 16:24:18 GMT+0200 (CEST);Fri Oct 18 2019 14:24:18 GMT+0200 (CEST);1571408658000;0;7.81;14.52
1380556831572750;23.5;28.8;Fri Oct 18 2019 16:26:12 GMT+0200 (CEST);Fri Oct 18 2019 14:26:12 GMT+0200 (CEST);1571408772000;0;10.55;13.91
1380556831572750;22;28.5;Fri Oct 18 2019 16:28:07 GMT+0200 (CEST);Fri Oct 18 2019 14:28:07 GMT+0200 (CEST);1571408887000;0.1;21.61;13.49
1380556831572750;21.5;28.4;Fri Oct 18 2019 16:30:08 GMT+0200 (CEST);Fri Oct 18 2019 14:30:08 GMT+0200 (CEST);1571409008000;0.08;17.48;13.32
1380556831572750;21.5;28.4;Fri Oct 18 2019 16:32:01 GMT+0200 (CEST);Fri Oct 18 2019 14:32:01 GMT+0200 (CEST);1571409121000;0;14.2;13.24
1380556831572750;21.5;28.5;Fri Oct 18 2019 16:33:54 GMT+0200 (CEST);Fri Oct 18 2019 14:33:54 GMT+0200 (CEST);1571409234000;0;12.62;13.26
1380556831572750;19.9;28.4;Fri Oct 18 2019 16:35:46 GMT+0200 (CEST);Fri Oct 18 2019 14:35:46 GMT+0200 (CEST);1571409346000;0;14.39;13.31
1380556831572750;19.9;28.4;Fri Oct 18 2019 16:37:39 GMT+0200 (CEST);Fri Oct 18 2019 14:37:39 GMT+0200 (CEST);1571409459000;0;12.6;13.36
1380556831572750;19.4;27.8;Fri Oct 18 2019 16:39:38 GMT+0200 (CEST);Fri Oct 18 2019 14:39:38 GMT+0200 (CEST);1571409578000;0;13.47;13.39
1380556831572750;19.4;28;Fri Oct 18 2019 16:41:32 GMT+0200 (CEST);Fri Oct 18 2019 14:41:32 GMT+0200 (CEST);1571409692000;0.09;16.95;13.33
1380556831572750;19.4;28.1;Fri Oct 18 2019 16:43:25 GMT+0200 (CEST);Fri Oct 18 2019 14:43:25 GMT+0200 (CEST);1571409805000;0.11;20.72;13.24
1380556831572750;19.4;31.2;Fri Oct 18 2019 16:45:30 GMT+0200 (CEST);Fri Oct 18 2019 14:45:30 GMT+0200 (CEST);1571409930000;0.15;29.5;13.18
1380556831572750;19.9;31;Fri Oct 18 2019 16:47:23 GMT+0200 (CEST);Fri Oct 18 2019 14:47:23 GMT+0200 (CEST);1571410043000;0.17;32.06;13.2
1380556831572750;19.9;31;Fri Oct 18 2019 16:49:18 GMT+0200 (CEST);Fri Oct 18 2019 14:49:18 GMT+0200 (CEST);1571410158000;0.14;25.64;13.21
1380556831572750;19.9;30.8;Fri Oct 18 2019 16:51:12 GMT+0200 (CEST);Fri Oct 18 2019 14:51:12 GMT+0200 (CEST);1571410272000;0.11;21.13;13.27
1380556831572750;19.9;30.7;Fri Oct 18 2019 16:53:09 GMT+0200 (CEST);Fri Oct 18 2019 14:53:09 GMT+0200 (CEST);1571410389000;0.07;14.16;13.32
1380556831572750;19.9;31.3;Fri Oct 18 2019 16:55:02 GMT+0200 (CEST);Fri Oct 18 2019 14:55:02 GMT+0200 (CEST);1571410502000;0;14.15;13.39
1380556831572750;19.9;31.2;Fri Oct 18 2019 16:56:54 GMT+0200 (CEST);Fri Oct 18 2019 14:56:54 GMT+0200 (CEST);1571410614000;0.12;22.93;13.45
1380556831572750;19.9;31.2;Fri Oct 18 2019 16:58:48 GMT+0200 (CEST);Fri Oct 18 2019 14:58:48 GMT+0200 (CEST);1571410728000;0.12;22.95;13.51
1380556831572750;19.9;31.2;Fri Oct 18 2019 17:00:51 GMT+0200 (CEST);Fri Oct 18 2019 15:00:51 GMT+0200 (CEST);1571410851000;0.12;23.01;13.56
1380556831572750;19.9;31.2;Fri Oct 18 2019 17:02:50 GMT+0200 (CEST);Fri Oct 18 2019 15:02:50 GMT+0200 (CEST);1571410970000;0.11;20.86;13.63
1380556831572750;19.9;31.2;Fri Oct 18 2019 17:04:47 GMT+0200 (CEST);Fri Oct 18 2019 15:04:47 GMT+0200 (CEST);1571411087000;0.12;22.78;13.67
1380556831572750;19.9;31.2;Fri Oct 18 2019 17:06:55 GMT+0200 (CEST);Fri Oct 18 2019 15:06:55 GMT+0200 (CEST);1571411215000;0.11;21.08;13.64
1380556831572750;19.9;31.2;Fri Oct 18 2019 17:08:48 GMT+0200 (CEST);Fri Oct 18 2019 15:08:48 GMT+0200 (CEST);1571411328000;0.09;19.53;13.61
1380556831572750;19.9;31.2;Fri Oct 18 2019 17:10:41 GMT+0200 (CEST);Fri Oct 18 2019 15:10:41 GMT+0200 (CEST);1571411441000;0.08;16.97;13.55
1380556831572750;19.9;30.9;Fri Oct 18 2019 17:12:34 GMT+0200 (CEST);Fri Oct 18 2019 15:12:34 GMT+0200 (CEST);1571411554000;0.1;19.59;13.54
1380556831572750;19.9;30.9;Fri Oct 18 2019 17:14:26 GMT+0200 (CEST);Fri Oct 18 2019 15:14:26 GMT+0200 (CEST);1571411666000;0.09;18.04;13.56
1380556831572750;19.9;30.8;Fri Oct 18 2019 17:16:19 GMT+0200 (CEST);Fri Oct 18 2019 15:16:19 GMT+0200 (CEST);1571411779000;0.08;16.42;13.54
1380556831572750;19.9;30.8;Fri Oct 18 2019 17:18:12 GMT+0200 (CEST);Fri Oct 18 2019 15:18:12 GMT+0200 (CEST);1571411892000;0.08;16.15;13.55
1380556831572750;19.9;29.9;Fri Oct 18 2019 17:20:16 GMT+0200 (CEST);Fri Oct 18 2019 15:20:16 GMT+0200 (CEST);1571412016000;0.07;12.04;13.57
1380556831572750;19.9;30;Fri Oct 18 2019 17:22:08 GMT+0200 (CEST);Fri Oct 18 2019 15:22:08 GMT+0200 (CEST);1571412128000;0;7.78;13.53
1380556831572750;19.4;30.3;Fri Oct 18 2019 17:24:01 GMT+0200 (CEST);Fri Oct 18 2019 15:24:01 GMT+0200 (CEST);1571412241000;0;4.79;13.42
1380556831572750;19.4;29.9;Fri Oct 18 2019 17:26:02 GMT+0200 (CEST);Fri Oct 18 2019 15:26:02 GMT+0200 (CEST);1571412362000;0;4.92;13.27
1380556831572750;19.9;32.2;Fri Oct 18 2019 17:28:08 GMT+0200 (CEST);Fri Oct 18 2019 15:28:08 GMT+0200 (CEST);1571412488000;0;4.78;13.08
1380556831572750;19.9;32.7;Fri Oct 18 2019 17:30:08 GMT+0200 (CEST);Fri Oct 18 2019 15:30:08 GMT+0200 (CEST);1571412608000;0;7.21;12.89
1380556831572750;19.9;33.8;Fri Oct 18 2019 17:32:03 GMT+0200 (CEST);Fri Oct 18 2019 15:32:03 GMT+0200 (CEST);1571412723000;0;7.9;12.78
1380556831572750;21.5;33.6;Fri Oct 18 2019 17:33:56 GMT+0200 (CEST);Fri Oct 18 2019 15:33:56 GMT+0200 (CEST);1571412836000;0;7.17;12.63
1380556831572750;21.5;33.4;Fri Oct 18 2019 17:35:55 GMT+0200 (CEST);Fri Oct 18 2019 15:35:55 GMT+0200 (CEST);1571412955000;0;6.86;12.52
1380556831572750;21.5;33.4;Fri Oct 18 2019 17:37:48 GMT+0200 (CEST);Fri Oct 18 2019 15:37:48 GMT+0200 (CEST);1571413068000;0;7.65;12.44
1380556831572750;19.4;27.5;Fri Oct 18 2019 17:39:41 GMT+0200 (CEST);Fri Oct 18 2019 15:39:41 GMT+0200 (CEST);1571413181000;0;9.08;12.4
1380556831572750;19.4;27.9;Fri Oct 18 2019 17:41:35 GMT+0200 (CEST);Fri Oct 18 2019 15:41:35 GMT+0200 (CEST);1571413295000;0;7.82;12.36
1380556831572750;16.9;27.3;Fri Oct 18 2019 17:43:27 GMT+0200 (CEST);Fri Oct 18 2019 15:43:27 GMT+0200 (CEST);1571413407000;0;6.34;12.35
1380556831572750;16.9;27;Fri Oct 18 2019 17:45:21 GMT+0200 (CEST);Fri Oct 18 2019 15:45:21 GMT+0200 (CEST);1571413521000;0;6.75;12.34
1380556831572750;16.9;25.8;Fri Oct 18 2019 17:47:14 GMT+0200 (CEST);Fri Oct 18 2019 15:47:14 GMT+0200 (CEST);1571413634000;0;7.05;12.32
1380556831572750;16.9;26.4;Fri Oct 18 2019 17:49:24 GMT+0200 (CEST);Fri Oct 18 2019 15:49:24 GMT+0200 (CEST);1571413764000;0;7.36;12.28
1380556831572750;16.9;27.2;Fri Oct 18 2019 17:51:27 GMT+0200 (CEST);Fri Oct 18 2019 15:51:27 GMT+0200 (CEST);1571413887000;0;7.33;12.25
1380556831572750;16.9;26.3;Fri Oct 18 2019 17:53:22 GMT+0200 (CEST);Fri Oct 18 2019 15:53:22 GMT+0200 (CEST);1571414002000;0;7.54;12.23
1380556831572750;16.9;24.2;Fri Oct 18 2019 17:55:20 GMT+0200 (CEST);Fri Oct 18 2019 15:55:20 GMT+0200 (CEST);1571414120000;0;7.8;12.25
1380556831572750;16.9;23.2;Fri Oct 18 2019 17:57:15 GMT+0200 (CEST);Fri Oct 18 2019 15:57:15 GMT+0200 (CEST);1571414235000;0;8.06;12.24
1380556831572750;15.9;23.2;Fri Oct 18 2019 17:59:08 GMT+0200 (CEST);Fri Oct 18 2019 15:59:08 GMT+0200 (CEST);1571414348000;0;8.53;12.23
1380556831572750;15.9;21;Fri Oct 18 2019 18:01:02 GMT+0200 (CEST);Fri Oct 18 2019 16:01:02 GMT+0200 (CEST);1571414462000;0;8.7;12.2
1380556831572750;15.9;20.3;Fri Oct 18 2019 18:02:56 GMT+0200 (CEST);Fri Oct 18 2019 16:02:56 GMT+0200 (CEST);1571414576000;0;5.99;12.21
1380556831572750;15.9;21.5;Fri Oct 18 2019 18:04:53 GMT+0200 (CEST);Fri Oct 18 2019 16:04:53 GMT+0200 (CEST);1571414693000;0;3.22;12.21
1380556831572750;15.9;25.5;Fri Oct 18 2019 18:06:49 GMT+0200 (CEST);Fri Oct 18 2019 16:06:49 GMT+0200 (CEST);1571414809000;0;2.13;12.22
1380556831572750;15.9;26;Fri Oct 18 2019 18:08:44 GMT+0200 (CEST);Fri Oct 18 2019 16:08:44 GMT+0200 (CEST);1571414924000;0;1.7;12.22
1380556831572750;15.9;25;Fri Oct 18 2019 18:10:38 GMT+0200 (CEST);Fri Oct 18 2019 16:10:38 GMT+0200 (CEST);1571415038000;0;1.21;12.24
1380556831572750;15.9;21.3;Fri Oct 18 2019 18:12:31 GMT+0200 (CEST);Fri Oct 18 2019 16:12:31 GMT+0200 (CEST);1571415151000;0;1;12.28
1380556831572750;15.9;21.3;Fri Oct 18 2019 18:14:24 GMT+0200 (CEST);Fri Oct 18 2019 16:14:24 GMT+0200 (CEST);1571415264000;0;0.46;12.31
1380556831572750;15.9;21.3;Fri Oct 18 2019 18:16:19 GMT+0200 (CEST);Fri Oct 18 2019 16:16:19 GMT+0200 (CEST);1571415379000;0;0.16;12.33
1380556831572750;13.9;27.1;Sat Oct 19 2019 08:17:11 GMT+0200 (CEST);Sat Oct 19 2019 06:17:11 GMT+0200 (CEST);1571465831000;0;12.86;11.27
1380556831572750;13.9;27.5;Sat Oct 19 2019 08:19:05 GMT+0200 (CEST);Sat Oct 19 2019 06:19:05 GMT+0200 (CEST);1571465945000;0;13.18;11.26
1380556831572750;13.9;28.6;Sat Oct 19 2019 08:20:58 GMT+0200 (CEST);Sat Oct 19 2019 06:20:58 GMT+0200 (CEST);1571466058000;0;13.13;11.3
1380556831572750;15.9;30.2;Sat Oct 19 2019 08:23:22 GMT+0200 (CEST);Sat Oct 19 2019 06:23:22 GMT+0200 (CEST);1571466202000;0;12.03;11.32
1380556831572750;15.9;29.9;Sat Oct 19 2019 08:25:15 GMT+0200 (CEST);Sat Oct 19 2019 06:25:15 GMT+0200 (CEST);1571466315000;0;10.08;11.31
1380556831572750;15.9;27.4;Sat Oct 19 2019 08:27:10 GMT+0200 (CEST);Sat Oct 19 2019 06:27:10 GMT+0200 (CEST);1571466430000;0;9.29;11.32
1380556831572750;15.9;26.7;Sat Oct 19 2019 08:29:03 GMT+0200 (CEST);Sat Oct 19 2019 06:29:03 GMT+0200 (CEST);1571466543000;0;9.18;11.32
1380556831572750;15.9;27.7;Sat Oct 19 2019 08:30:59 GMT+0200 (CEST);Sat Oct 19 2019 06:30:59 GMT+0200 (CEST);1571466659000;0;7.48;11.31
1380556831572750;15.9;27;Sat Oct 19 2019 08:32:56 GMT+0200 (CEST);Sat Oct 19 2019 06:32:56 GMT+0200 (CEST);1571466776000;0;5.75;11.32
1380556831572750;15.4;31.7;Sat Oct 19 2019 08:34:49 GMT+0200 (CEST);Sat Oct 19 2019 06:34:49 GMT+0200 (CEST);1571466889000;0;5.41;11.32
1380556831572750;16.9;32.1;Sat Oct 19 2019 08:36:42 GMT+0200 (CEST);Sat Oct 19 2019 06:36:42 GMT+0200 (CEST);1571467002000;0;5.72;11.33
1380556831572750;16.9;31.9;Sat Oct 19 2019 08:39:08 GMT+0200 (CEST);Sat Oct 19 2019 06:39:08 GMT+0200 (CEST);1571467148000;0;5.44;11.34
1380556831572750;16.9;31.7;Sat Oct 19 2019 08:41:05 GMT+0200 (CEST);Sat Oct 19 2019 06:41:05 GMT+0200 (CEST);1571467265000;0;5.13;11.33
1380556831572750;16.9;22.4;Sat Oct 19 2019 08:42:58 GMT+0200 (CEST);Sat Oct 19 2019 06:42:58 GMT+0200 (CEST);1571467378000;0;4.4;11.35
1380556831572750;16.9;22.4;Sat Oct 19 2019 08:44:51 GMT+0200 (CEST);Sat Oct 19 2019 06:44:51 GMT+0200 (CEST);1571467491000;0;4.71;11.35
1380556831572750;15.9;31.2;Sat Oct 19 2019 08:46:43 GMT+0200 (CEST);Sat Oct 19 2019 06:46:43 GMT+0200 (CEST);1571467603000;0;4.71;11.38
1380556831572750;15.9;31;Sat Oct 19 2019 08:48:37 GMT+0200 (CEST);Sat Oct 19 2019 06:48:37 GMT+0200 (CEST);1571467717000;0;4.62;11.38
1380556831572750;16.9;31;Sat Oct 19 2019 08:50:30 GMT+0200 (CEST);Sat Oct 19 2019 06:50:30 GMT+0200 (CEST);1571467830000;0;4.86;11.39
1380556831572750;16.9;31.4;Sat Oct 19 2019 08:52:22 GMT+0200 (CEST);Sat Oct 19 2019 06:52:22 GMT+0200 (CEST);1571467942000;0;5.84;11.39
1380556831572750;16.9;32.9;Sat Oct 19 2019 08:54:28 GMT+0200 (CEST);Sat Oct 19 2019 06:54:28 GMT+0200 (CEST);1571468068000;0;7.43;11.4
1380556831572750;16.9;33.4;Sat Oct 19 2019 08:56:26 GMT+0200 (CEST);Sat Oct 19 2019 06:56:26 GMT+0200 (CEST);1571468186000;0;9.11;11.42
1380556831572750;16.9;29.3;Sat Oct 19 2019 08:58:19 GMT+0200 (CEST);Sat Oct 19 2019 06:58:19 GMT+0200 (CEST);1571468299000;0;9.14;11.43
1380556831572750;16.9;30.4;Sat Oct 19 2019 09:00:12 GMT+0200 (CEST);Sat Oct 19 2019 07:00:12 GMT+0200 (CEST);1571468412000;0;9.65;11.44
1380556831572750;16.9;30;Sat Oct 19 2019 09:02:13 GMT+0200 (CEST);Sat Oct 19 2019 07:02:13 GMT+0200 (CEST);1571468533000;0;11.63;11.46
1380556831572750;16.9;29.9;Sat Oct 19 2019 09:04:06 GMT+0200 (CEST);Sat Oct 19 2019 07:04:06 GMT+0200 (CEST);1571468646000;0;13.21;11.48
1380556831572750;16.9;31.9;Sat Oct 19 2019 09:06:00 GMT+0200 (CEST);Sat Oct 19 2019 07:06:00 GMT+0200 (CEST);1571468760000;0;15.16;11.5
1380556831572750;17.9;32.7;Sat Oct 19 2019 09:07:57 GMT+0200 (CEST);Sat Oct 19 2019 07:07:57 GMT+0200 (CEST);1571468877000;0;17.09;11.53
1380556831572750;17.9;34.7;Sat Oct 19 2019 09:10:17 GMT+0200 (CEST);Sat Oct 19 2019 07:10:17 GMT+0200 (CEST);1571469017000;0;19.06;11.57
1380556831572750;17.9;36.4;Sat Oct 19 2019 09:12:10 GMT+0200 (CEST);Sat Oct 19 2019 07:12:10 GMT+0200 (CEST);1571469130000;0;22.63;11.58
1380556831572750;19.9;37.1;Sat Oct 19 2019 09:14:04 GMT+0200 (CEST);Sat Oct 19 2019 07:14:04 GMT+0200 (CEST);1571469244000;0;26.26;11.58
1380556831572750;19.9;37;Sat Oct 19 2019 09:15:57 GMT+0200 (CEST);Sat Oct 19 2019 07:15:57 GMT+0200 (CEST);1571469357000;0;30.7;11.61
1380556831572750;21.5;38.1;Sat Oct 19 2019 09:18:03 GMT+0200 (CEST);Sat Oct 19 2019 07:18:03 GMT+0200 (CEST);1571469483000;0;37.54;11.61
1380556831572750;21.5;38.4;Sat Oct 19 2019 09:19:57 GMT+0200 (CEST);Sat Oct 19 2019 07:19:57 GMT+0200 (CEST);1571469597000;0;45.65;11.64
1380556831572750;21.5;39;Sat Oct 19 2019 09:21:51 GMT+0200 (CEST);Sat Oct 19 2019 07:21:51 GMT+0200 (CEST);1571469711000;0.1;51.22;11.68
1380556831572750;22;38;Sat Oct 19 2019 09:23:53 GMT+0200 (CEST);Sat Oct 19 2019 07:23:53 GMT+0200 (CEST);1571469833000;0.13;57.48;11.71
1380556831572750;22;34.1;Sat Oct 19 2019 09:25:47 GMT+0200 (CEST);Sat Oct 19 2019 07:25:47 GMT+0200 (CEST);1571469947000;0.33;62.45;11.73
1380556831572750;19.9;32.8;Sat Oct 19 2019 09:27:40 GMT+0200 (CEST);Sat Oct 19 2019 07:27:40 GMT+0200 (CEST);1571470060000;0.33;63.54;11.75
1380556831572750;19.9;32.8;Sat Oct 19 2019 09:29:34 GMT+0200 (CEST);Sat Oct 19 2019 07:29:34 GMT+0200 (CEST);1571470174000;0.24;45.09;11.74
1380556831572750;19.9;31.9;Sat Oct 19 2019 09:31:28 GMT+0200 (CEST);Sat Oct 19 2019 07:31:28 GMT+0200 (CEST);1571470288000;0.2;38.56;11.75
1380556831572750;19.9;31.5;Sat Oct 19 2019 09:33:23 GMT+0200 (CEST);Sat Oct 19 2019 07:33:23 GMT+0200 (CEST);1571470403000;0.21;40.35;11.75
1380556831572750;19.9;32.2;Sat Oct 19 2019 09:35:18 GMT+0200 (CEST);Sat Oct 19 2019 07:35:18 GMT+0200 (CEST);1571470518000;0.24;47.4;11.77
1380556831572750;19.4;32.7;Sat Oct 19 2019 09:37:11 GMT+0200 (CEST);Sat Oct 19 2019 07:37:11 GMT+0200 (CEST);1571470631000;0.29;56.4;11.8
1380556831572750;19.4;32.6;Sat Oct 19 2019 09:39:04 GMT+0200 (CEST);Sat Oct 19 2019 07:39:04 GMT+0200 (CEST);1571470744000;0.32;61.03;11.83
1380556831572750;19.4;32.9;Sat Oct 19 2019 09:41:17 GMT+0200 (CEST);Sat Oct 19 2019 07:41:17 GMT+0200 (CEST);1571470877000;0.32;62;11.88
1380556831572750;19.4;32.7;Sat Oct 19 2019 09:43:10 GMT+0200 (CEST);Sat Oct 19 2019 07:43:10 GMT+0200 (CEST);1571470990000;0.32;61.42;11.94
1380556831572750;19.4;33;Sat Oct 19 2019 09:45:16 GMT+0200 (CEST);Sat Oct 19 2019 07:45:16 GMT+0200 (CEST);1571471116000;0.32;60.96;11.96
1380556831572750;18.9;32.6;Sat Oct 19 2019 09:47:09 GMT+0200 (CEST);Sat Oct 19 2019 07:47:09 GMT+0200 (CEST);1571471229000;0.32;60.51;12
1380556831572750;18.9;33.2;Sat Oct 19 2019 09:49:08 GMT+0200 (CEST);Sat Oct 19 2019 07:49:08 GMT+0200 (CEST);1571471348000;0.31;60.4;11.94
1380556831572750;19.4;32.8;Sat Oct 19 2019 09:51:01 GMT+0200 (CEST);Sat Oct 19 2019 07:51:01 GMT+0200 (CEST);1571471461000;0.29;54.3;11.94
1380556831572750;19.4;32.6;Sat Oct 19 2019 09:52:53 GMT+0200 (CEST);Sat Oct 19 2019 07:52:53 GMT+0200 (CEST);1571471573000;0.28;51.73;11.96
1380556831572750;19.4;32.1;Sat Oct 19 2019 09:54:47 GMT+0200 (CEST);Sat Oct 19 2019 07:54:47 GMT+0200 (CEST);1571471687000;0.27;50.65;11.97
1380556831572750;19.4;32.5;Sat Oct 19 2019 09:56:43 GMT+0200 (CEST);Sat Oct 19 2019 07:56:43 GMT+0200 (CEST);1571471803000;0.26;48.86;11.96
1380556831572750;19.4;32.5;Sat Oct 19 2019 09:58:35 GMT+0200 (CEST);Sat Oct 19 2019 07:58:35 GMT+0200 (CEST);1571471915000;0.24;46.51;11.95
1380556831572750;19.4;32.4;Sat Oct 19 2019 10:00:29 GMT+0200 (CEST);Sat Oct 19 2019 08:00:29 GMT+0200 (CEST);1571472029000;0.24;46.58;11.95
1380556831572750;19.9;32.8;Sat Oct 19 2019 10:02:22 GMT+0200 (CEST);Sat Oct 19 2019 08:02:22 GMT+0200 (CEST);1571472142000;0.25;49.29;11.92
1380556831572750;19.9;32.6;Sat Oct 19 2019 10:04:47 GMT+0200 (CEST);Sat Oct 19 2019 08:04:47 GMT+0200 (CEST);1571472287000;0.29;55.01;11.92
1380556831572750;19.9;32.7;Sat Oct 19 2019 10:06:39 GMT+0200 (CEST);Sat Oct 19 2019 08:06:39 GMT+0200 (CEST);1571472399000;0.32;59.5;11.93
1380556831572750;19.9;32.6;Sat Oct 19 2019 10:08:32 GMT+0200 (CEST);Sat Oct 19 2019 08:08:32 GMT+0200 (CEST);1571472512000;0.34;65.2;11.93
1380556831572750;19.9;33.2;Sat Oct 19 2019 10:10:26 GMT+0200 (CEST);Sat Oct 19 2019 08:10:26 GMT+0200 (CEST);1571472626000;0.38;72.62;11.96
1380556831572750;19.9;33.4;Sat Oct 19 2019 10:12:18 GMT+0200 (CEST);Sat Oct 19 2019 08:12:18 GMT+0200 (CEST);1571472738000;0.41;79.42;12
1380556831572750;19.9;33.7;Sat Oct 19 2019 10:14:11 GMT+0200 (CEST);Sat Oct 19 2019 08:14:11 GMT+0200 (CEST);1571472851000;0.45;88.05;12.04
1380556831572750;19.9;33.8;Sat Oct 19 2019 10:16:04 GMT+0200 (CEST);Sat Oct 19 2019 08:16:04 GMT+0200 (CEST);1571472964000;0.49;92.75;12.06
1380556831572750;19.9;34;Sat Oct 19 2019 10:17:57 GMT+0200 (CEST);Sat Oct 19 2019 08:17:57 GMT+0200 (CEST);1571473077000;0.5;95.21;12.1
1380556831572750;21.5;34;Sat Oct 19 2019 10:20:03 GMT+0200 (CEST);Sat Oct 19 2019 08:20:03 GMT+0200 (CEST);1571473203000;0.51;98.55;12.11
1380556831572750;21.5;34;Sat Oct 19 2019 10:22:07 GMT+0200 (CEST);Sat Oct 19 2019 08:22:07 GMT+0200 (CEST);1571473327000;0.51;97.29;12.14
1380556831572750;21.5;34;Sat Oct 19 2019 10:23:59 GMT+0200 (CEST);Sat Oct 19 2019 08:23:59 GMT+0200 (CEST);1571473439000;0.48;91.92;12.15
1380556831572750;21.5;33.7;Sat Oct 19 2019 10:25:52 GMT+0200 (CEST);Sat Oct 19 2019 08:25:52 GMT+0200 (CEST);1571473552000;0.44;83.96;12.14
1380556831572750;21.5;33.4;Sat Oct 19 2019 10:27:51 GMT+0200 (CEST);Sat Oct 19 2019 08:27:51 GMT+0200 (CEST);1571473671000;0.42;80.15;12.13
1380556831572750;21.5;33.5;Sat Oct 19 2019 10:29:44 GMT+0200 (CEST);Sat Oct 19 2019 08:29:44 GMT+0200 (CEST);1571473784000;0.41;79.83;12.11
1380556831572750;21.5;33.4;Sat Oct 19 2019 10:31:46 GMT+0200 (CEST);Sat Oct 19 2019 08:31:46 GMT+0200 (CEST);1571473906000;0.39;77.01;12.15
1380556831572750;21.5;33.4;Sat Oct 19 2019 10:33:41 GMT+0200 (CEST);Sat Oct 19 2019 08:33:41 GMT+0200 (CEST);1571474021000;0.37;71.69;12.15
1380556831572750;21.5;33;Sat Oct 19 2019 10:35:46 GMT+0200 (CEST);Sat Oct 19 2019 08:35:46 GMT+0200 (CEST);1571474146000;0.32;62.36;12.14
1380556831572750;21.5;32.5;Sat Oct 19 2019 10:37:40 GMT+0200 (CEST);Sat Oct 19 2019 08:37:40 GMT+0200 (CEST);1571474260000;0.28;54.32;12.12
1380556831572750;21.5;32.3;Sat Oct 19 2019 10:39:34 GMT+0200 (CEST);Sat Oct 19 2019 08:39:34 GMT+0200 (CEST);1571474374000;0.24;46.73;12.05
1380556831572750;21.5;32.2;Sat Oct 19 2019 10:41:27 GMT+0200 (CEST);Sat Oct 19 2019 08:41:27 GMT+0200 (CEST);1571474487000;0.21;41.45;12.05
1380556831572750;19.9;31.8;Sat Oct 19 2019 10:43:26 GMT+0200 (CEST);Sat Oct 19 2019 08:43:26 GMT+0200 (CEST);1571474606000;0.19;36.74;12.04
1380556831572750;19.9;31.3;Sat Oct 19 2019 10:45:19 GMT+0200 (CEST);Sat Oct 19 2019 08:45:19 GMT+0200 (CEST);1571474719000;0.18;34.24;12.01
1380556831572750;19.9;31.2;Sat Oct 19 2019 10:47:11 GMT+0200 (CEST);Sat Oct 19 2019 08:47:11 GMT+0200 (CEST);1571474831000;0.17;32.56;11.99
1380556831572750;19.4;31.2;Sat Oct 19 2019 10:49:04 GMT+0200 (CEST);Sat Oct 19 2019 08:49:04 GMT+0200 (CEST);1571474944000;0.16;30.79;11.96
1380556831572750;19.4;31;Sat Oct 19 2019 10:51:35 GMT+0200 (CEST);Sat Oct 19 2019 08:51:35 GMT+0200 (CEST);1571475095000;0.16;31.37;11.93
1380556831572750;19.4;31.3;Sat Oct 19 2019 10:53:31 GMT+0200 (CEST);Sat Oct 19 2019 08:53:31 GMT+0200 (CEST);1571475211000;0.16;31.52;11.91
1380556831572750;19.4;31.3;Sat Oct 19 2019 10:55:30 GMT+0200 (CEST);Sat Oct 19 2019 08:55:30 GMT+0200 (CEST);1571475330000;0.17;32.71;11.9
1380556831572750;19.4;31.1;Sat Oct 19 2019 10:57:24 GMT+0200 (CEST);Sat Oct 19 2019 08:57:24 GMT+0200 (CEST);1571475444000;0.2;38;11.92
1380556831572750;19.4;31.6;Sat Oct 19 2019 10:59:24 GMT+0200 (CEST);Sat Oct 19 2019 08:59:24 GMT+0200 (CEST);1571475564000;0.2;39.16;11.94
1380556831572750;19.4;31.9;Sat Oct 19 2019 11:01:17 GMT+0200 (CEST);Sat Oct 19 2019 09:01:17 GMT+0200 (CEST);1571475677000;0.21;41.6;11.97
1380556831572750;19.4;32.6;Sat Oct 19 2019 11:03:10 GMT+0200 (CEST);Sat Oct 19 2019 09:03:10 GMT+0200 (CEST);1571475790000;0.25;47.8;12
1380556831572750;19.4;32.9;Sat Oct 19 2019 11:05:02 GMT+0200 (CEST);Sat Oct 19 2019 09:05:02 GMT+0200 (CEST);1571475902000;0.31;58.9;12.05
1380556831572750;18.9;32.8;Sat Oct 19 2019 11:06:46 GMT+0200 (CEST);Sat Oct 19 2019 09:06:46 GMT+0200 (CEST);1571476006000;0.34;66.11;12.05
1380556831572750;18.9;32.8;Sat Oct 19 2019 11:08:39 GMT+0200 (CEST);Sat Oct 19 2019 09:08:39 GMT+0200 (CEST);1571476119000;0.35;66.84;12.08
1380556831572750;18.9;33.1;Sat Oct 19 2019 11:10:36 GMT+0200 (CEST);Sat Oct 19 2019 09:10:36 GMT+0200 (CEST);1571476236000;0.36;69.03;12.11
1380556831572750;19.9;33.2;Sat Oct 19 2019 11:12:35 GMT+0200 (CEST);Sat Oct 19 2019 09:12:35 GMT+0200 (CEST);1571476355000;0.35;67.68;12.14
1380556831572750;19.9;32.7;Sat Oct 19 2019 11:14:33 GMT+0200 (CEST);Sat Oct 19 2019 09:14:33 GMT+0200 (CEST);1571476473000;0.33;64.22;12.14
1380556831572750;19.9;33;Sat Oct 19 2019 11:16:26 GMT+0200 (CEST);Sat Oct 19 2019 09:16:26 GMT+0200 (CEST);1571476586000;0.36;67.4;12.15
1380556831572750;19.9;32.9;Sat Oct 19 2019 11:18:19 GMT+0200 (CEST);Sat Oct 19 2019 09:18:19 GMT+0200 (CEST);1571476699000;0.37;71.32;12.15
1380556831572750;19.9;33.3;Sat Oct 19 2019 11:20:11 GMT+0200 (CEST);Sat Oct 19 2019 09:20:11 GMT+0200 (CEST);1571476811000;0.36;68.87;12.17
1380556831572750;19.9;33;Sat Oct 19 2019 11:22:29 GMT+0200 (CEST);Sat Oct 19 2019 09:22:29 GMT+0200 (CEST);1571476949000;0.32;62.5;12.19
1380556831572750;19.9;32.9;Sat Oct 19 2019 11:24:24 GMT+0200 (CEST);Sat Oct 19 2019 09:24:24 GMT+0200 (CEST);1571477064000;0.33;62.9;12.22
1380556831572750;19.9;32.9;Sat Oct 19 2019 11:26:25 GMT+0200 (CEST);Sat Oct 19 2019 09:26:25 GMT+0200 (CEST);1571477185000;0.36;70.75;12.21
1380556831572750;19.9;33.6;Sat Oct 19 2019 11:28:18 GMT+0200 (CEST);Sat Oct 19 2019 09:28:18 GMT+0200 (CEST);1571477298000;0.38;73.58;12.23
1380556831572750;19.9;33.2;Sat Oct 19 2019 11:30:10 GMT+0200 (CEST);Sat Oct 19 2019 09:30:10 GMT+0200 (CEST);1571477410000;0.38;71.96;12.26
1380556831572750;19.9;33.1;Sat Oct 19 2019 11:32:03 GMT+0200 (CEST);Sat Oct 19 2019 09:32:03 GMT+0200 (CEST);1571477523000;0.36;68.7;12.31
1380556831572750;19.9;32.9;Sat Oct 19 2019 11:33:59 GMT+0200 (CEST);Sat Oct 19 2019 09:33:59 GMT+0200 (CEST);1571477639000;0.33;62.69;12.33
1380556831572750;19.9;32.7;Sat Oct 19 2019 11:35:52 GMT+0200 (CEST);Sat Oct 19 2019 09:35:52 GMT+0200 (CEST);1571477752000;0.31;60.21;12.32
1380556831572750;19.9;32.5;Sat Oct 19 2019 11:37:59 GMT+0200 (CEST);Sat Oct 19 2019 09:37:59 GMT+0200 (CEST);1571477879000;0.32;60.28;12.32
1380556831572750;19.9;32.7;Sat Oct 19 2019 11:39:52 GMT+0200 (CEST);Sat Oct 19 2019 09:39:52 GMT+0200 (CEST);1571477992000;0.34;64.16;12.33
1380556831572750;19.9;33.4;Sat Oct 19 2019 11:41:46 GMT+0200 (CEST);Sat Oct 19 2019 09:41:46 GMT+0200 (CEST);1571478106000;0.38;72.51;12.32
1380556831572750;21.5;33.4;Sat Oct 19 2019 11:43:38 GMT+0200 (CEST);Sat Oct 19 2019 09:43:38 GMT+0200 (CEST);1571478218000;0.43;81.32;12.35
1380556831572750;21.5;33.6;Sat Oct 19 2019 11:45:34 GMT+0200 (CEST);Sat Oct 19 2019 09:45:34 GMT+0200 (CEST);1571478334000;0.45;85.83;12.39
1380556831572750;21.5;33.7;Sat Oct 19 2019 11:47:26 GMT+0200 (CEST);Sat Oct 19 2019 09:47:26 GMT+0200 (CEST);1571478446000;0.45;87.28;12.42
1380556831572750;21.5;33.7;Sat Oct 19 2019 11:49:23 GMT+0200 (CEST);Sat Oct 19 2019 09:49:23 GMT+0200 (CEST);1571478563000;0.45;86.85;12.5
1380556831572750;21.5;33.6;Sat Oct 19 2019 11:51:18 GMT+0200 (CEST);Sat Oct 19 2019 09:51:18 GMT+0200 (CEST);1571478678000;0.47;88.49;12.53
1380556831572750;21.5;33.9;Sat Oct 19 2019 11:53:28 GMT+0200 (CEST);Sat Oct 19 2019 09:53:28 GMT+0200 (CEST);1571478808000;0.51;98.15;12.55
1380556831572750;21.5;34.1;Sat Oct 19 2019 11:55:21 GMT+0200 (CEST);Sat Oct 19 2019 09:55:21 GMT+0200 (CEST);1571478921000;0.57;109.68;12.64
1380556831572750;21.5;34.2;Sat Oct 19 2019 11:57:14 GMT+0200 (CEST);Sat Oct 19 2019 09:57:14 GMT+0200 (CEST);1571479034000;0.61;115.5;12.71
1380556831572750;21.5;34.2;Sat Oct 19 2019 11:59:06 GMT+0200 (CEST);Sat Oct 19 2019 09:59:06 GMT+0200 (CEST);1571479146000;0.59;111.45;12.78
1380556831572750;21.5;33.9;Sat Oct 19 2019 12:01:21 GMT+0200 (CEST);Sat Oct 19 2019 10:01:21 GMT+0200 (CEST);1571479281000;0.53;102.45;12.74
1380556831572750;21.5;33.9;Sat Oct 19 2019 12:03:13 GMT+0200 (CEST);Sat Oct 19 2019 10:03:13 GMT+0200 (CEST);1571479393000;0.51;98.76;12.7
1380556831572750;21.5;33.8;Sat Oct 19 2019 12:05:08 GMT+0200 (CEST);Sat Oct 19 2019 10:05:08 GMT+0200 (CEST);1571479508000;0.5;95.4;12.71
1380556831572750;21.5;33.9;Sat Oct 19 2019 12:07:05 GMT+0200 (CEST);Sat Oct 19 2019 10:07:05 GMT+0200 (CEST);1571479625000;0.51;98.61;12.66
1380556831572750;21.5;34;Sat Oct 19 2019 12:09:04 GMT+0200 (CEST);Sat Oct 19 2019 10:09:04 GMT+0200 (CEST);1571479744000;0.56;107.97;12.71
1380556831572750;21.5;34.3;Sat Oct 19 2019 12:10:57 GMT+0200 (CEST);Sat Oct 19 2019 10:10:57 GMT+0200 (CEST);1571479857000;0.62;118.95;12.78
1380556831572750;21.5;34.3;Sat Oct 19 2019 12:12:49 GMT+0200 (CEST);Sat Oct 19 2019 10:12:49 GMT+0200 (CEST);1571479969000;0.73;138.83;12.9
1380556831572750;21.5;34.5;Sat Oct 19 2019 12:14:42 GMT+0200 (CEST);Sat Oct 19 2019 10:14:42 GMT+0200 (CEST);1571480082000;0.77;147.19;12.92
1380556831572750;22;34.6;Sat Oct 19 2019 12:16:42 GMT+0200 (CEST);Sat Oct 19 2019 10:16:42 GMT+0200 (CEST);1571480202000;0.79;151.02;12.95
1380556831572750;22;34.6;Sat Oct 19 2019 12:18:34 GMT+0200 (CEST);Sat Oct 19 2019 10:18:34 GMT+0200 (CEST);1571480314000;0.8;152.61;13
1380556831572750;23.5;34.6;Sat Oct 19 2019 12:20:54 GMT+0200 (CEST);Sat Oct 19 2019 10:20:54 GMT+0200 (CEST);1571480454000;0.74;141.44;13.08
1380556831572750;23.5;34.3;Sat Oct 19 2019 12:22:54 GMT+0200 (CEST);Sat Oct 19 2019 10:22:54 GMT+0200 (CEST);1571480574000;0.69;132.63;13.07
1380556831572750;23.5;34.2;Sat Oct 19 2019 12:24:51 GMT+0200 (CEST);Sat Oct 19 2019 10:24:51 GMT+0200 (CEST);1571480691000;0.63;121.93;13.08
1380556831572750;22;34.1;Sat Oct 19 2019 12:26:46 GMT+0200 (CEST);Sat Oct 19 2019 10:26:46 GMT+0200 (CEST);1571480806000;0.59;113.81;13.09
1380556831572750;22;34;Sat Oct 19 2019 12:28:39 GMT+0200 (CEST);Sat Oct 19 2019 10:28:39 GMT+0200 (CEST);1571480919000;0.57;110.09;13.1
1380556831572750;22;34;Sat Oct 19 2019 12:30:38 GMT+0200 (CEST);Sat Oct 19 2019 10:30:38 GMT+0200 (CEST);1571481038000;0.56;105.13;13.04
1380556831572750;22;34;Sat Oct 19 2019 12:32:31 GMT+0200 (CEST);Sat Oct 19 2019 10:32:31 GMT+0200 (CEST);1571481151000;0.54;100.25;13
1380556831572750;22;33.8;Sat Oct 19 2019 12:34:30 GMT+0200 (CEST);Sat Oct 19 2019 10:34:30 GMT+0200 (CEST);1571481270000;0.51;94.82;13
1380556831572750;22;33.7;Sat Oct 19 2019 12:36:27 GMT+0200 (CEST);Sat Oct 19 2019 10:36:27 GMT+0200 (CEST);1571481387000;0.47;89.4;12.98
1380556831572750;22;33.8;Sat Oct 19 2019 12:38:21 GMT+0200 (CEST);Sat Oct 19 2019 10:38:21 GMT+0200 (CEST);1571481501000;0.47;89.21;12.97
1380556831572750;22;33.8;Sat Oct 19 2019 12:40:22 GMT+0200 (CEST);Sat Oct 19 2019 10:40:22 GMT+0200 (CEST);1571481622000;0.51;96.11;13.03
1380556831572750;22;34.1;Sat Oct 19 2019 12:42:24 GMT+0200 (CEST);Sat Oct 19 2019 10:42:24 GMT+0200 (CEST);1571481744000;0.57;108.57;13.05
1380556831572750;22;34.3;Sat Oct 19 2019 12:44:19 GMT+0200 (CEST);Sat Oct 19 2019 10:44:19 GMT+0200 (CEST);1571481859000;0.63;121.17;13.06
1380556831572750;22;34.4;Sat Oct 19 2019 12:46:13 GMT+0200 (CEST);Sat Oct 19 2019 10:46:13 GMT+0200 (CEST);1571481973000;0.7;132.31;13.11
1380556831572750;22;34.6;Sat Oct 19 2019 12:48:06 GMT+0200 (CEST);Sat Oct 19 2019 10:48:06 GMT+0200 (CEST);1571482086000;0.78;148.76;13.17
1380556831572750;22;34.7;Sat Oct 19 2019 12:50:18 GMT+0200 (CEST);Sat Oct 19 2019 10:50:18 GMT+0200 (CEST);1571482218000;0.82;156.83;13.27
1380556831572750;22;34.7;Sat Oct 19 2019 12:52:12 GMT+0200 (CEST);Sat Oct 19 2019 10:52:12 GMT+0200 (CEST);1571482332000;0.83;157.49;13.32
1380556831572750;22;34.7;Sat Oct 19 2019 12:54:05 GMT+0200 (CEST);Sat Oct 19 2019 10:54:05 GMT+0200 (CEST);1571482445000;0.81;157.72;13.39
1380556831572750;22;34.7;Sat Oct 19 2019 12:55:57 GMT+0200 (CEST);Sat Oct 19 2019 10:55:57 GMT+0200 (CEST);1571482557000;0.84;162.26;13.44
1380556831572750;23;34.6;Sat Oct 19 2019 12:57:50 GMT+0200 (CEST);Sat Oct 19 2019 10:57:50 GMT+0200 (CEST);1571482670000;0.74;144.92;13.52
1380556831572750;23;34.2;Sat Oct 19 2019 12:59:43 GMT+0200 (CEST);Sat Oct 19 2019 10:59:43 GMT+0200 (CEST);1571482783000;0.67;132.5;13.5
1380556831572750;23;34.4;Sat Oct 19 2019 13:01:38 GMT+0200 (CEST);Sat Oct 19 2019 11:01:38 GMT+0200 (CEST);1571482898000;0.71;141.02;13.38
1380556831572750;23.5;34.6;Sat Oct 19 2019 13:04:10 GMT+0200 (CEST);Sat Oct 19 2019 11:04:10 GMT+0200 (CEST);1571483050000;0.71;140.54;13.35
1380556831572750;23.5;34.3;Sat Oct 19 2019 13:06:04 GMT+0200 (CEST);Sat Oct 19 2019 11:06:04 GMT+0200 (CEST);1571483164000;0.69;135.23;13.41
1380556831572750;22;34.2;Sat Oct 19 2019 13:07:58 GMT+0200 (CEST);Sat Oct 19 2019 11:07:58 GMT+0200 (CEST);1571483278000;0.68;130.77;13.43
1380556831572750;22;34.2;Sat Oct 19 2019 13:09:50 GMT+0200 (CEST);Sat Oct 19 2019 11:09:50 GMT+0200 (CEST);1571483390000;0.64;124.32;13.46
1380556831572750;23.5;34.2;Sat Oct 19 2019 13:11:51 GMT+0200 (CEST);Sat Oct 19 2019 11:11:51 GMT+0200 (CEST);1571483511000;0.64;123.15;13.51
1380556831572750;23.5;34.1;Sat Oct 19 2019 13:13:48 GMT+0200 (CEST);Sat Oct 19 2019 11:13:48 GMT+0200 (CEST);1571483628000;0.63;121.29;13.55
1380556831572750;23.5;34.1;Sat Oct 19 2019 13:15:41 GMT+0200 (CEST);Sat Oct 19 2019 11:15:41 GMT+0200 (CEST);1571483741000;0.59;115.38;13.6
1380556831572750;22;34.1;Sat Oct 19 2019 13:17:48 GMT+0200 (CEST);Sat Oct 19 2019 11:17:48 GMT+0200 (CEST);1571483868000;0.69;131.19;13.6
1380556831572750;22;34.5;Sat Oct 19 2019 13:19:40 GMT+0200 (CEST);Sat Oct 19 2019 11:19:40 GMT+0200 (CEST);1571483980000;0.82;159.65;13.66
1380556831572750;23.5;34.6;Sat Oct 19 2019 13:21:47 GMT+0200 (CEST);Sat Oct 19 2019 11:21:47 GMT+0200 (CEST);1571484107000;0.79;153.18;13.75
1380556831572750;23.5;34.2;Sat Oct 19 2019 13:23:40 GMT+0200 (CEST);Sat Oct 19 2019 11:23:40 GMT+0200 (CEST);1571484220000;0.71;138.34;13.82
1380556831572750;23.5;34.1;Sat Oct 19 2019 13:25:25 GMT+0200 (CEST);Sat Oct 19 2019 11:25:25 GMT+0200 (CEST);1571484325000;0.69;133.62;13.81
1380556831572750;23.5;34.2;Sat Oct 19 2019 13:27:18 GMT+0200 (CEST);Sat Oct 19 2019 11:27:18 GMT+0200 (CEST);1571484438000;0.69;133.35;13.78
1380556831572750;23.5;34;Sat Oct 19 2019 13:29:12 GMT+0200 (CEST);Sat Oct 19 2019 11:29:12 GMT+0200 (CEST);1571484552000;0.59;115.64;13.69
1380556831572750;23.5;33.7;Sat Oct 19 2019 13:31:06 GMT+0200 (CEST);Sat Oct 19 2019 11:31:06 GMT+0200 (CEST);1571484666000;0.48;93.84;13.62
1380556831572750;23.5;33.5;Sat Oct 19 2019 13:32:59 GMT+0200 (CEST);Sat Oct 19 2019 11:32:59 GMT+0200 (CEST);1571484779000;0.47;91.18;13.5
1380556831572750;23.5;33.6;Sat Oct 19 2019 13:34:58 GMT+0200 (CEST);Sat Oct 19 2019 11:34:58 GMT+0200 (CEST);1571484898000;0.49;96.61;13.45
1380556831572750;23.5;33.7;Sat Oct 19 2019 13:36:52 GMT+0200 (CEST);Sat Oct 19 2019 11:36:52 GMT+0200 (CEST);1571485012000;0.54;105.88;13.44
1380556831572750;23.5;33.9;Sat Oct 19 2019 13:38:56 GMT+0200 (CEST);Sat Oct 19 2019 11:38:56 GMT+0200 (CEST);1571485136000;0.52;101.58;13.5
1380556831572750;22;33.7;Sat Oct 19 2019 13:40:50 GMT+0200 (CEST);Sat Oct 19 2019 11:40:50 GMT+0200 (CEST);1571485250000;0.44;83.67;13.53
1380556831572750;22;33.4;Sat Oct 19 2019 13:42:42 GMT+0200 (CEST);Sat Oct 19 2019 11:42:42 GMT+0200 (CEST);1571485362000;0.4;76.87;13.53
1380556831572750;22;33;Sat Oct 19 2019 13:44:37 GMT+0200 (CEST);Sat Oct 19 2019 11:44:37 GMT+0200 (CEST);1571485477000;0.39;75.2;13.51
1380556831572750;22;32.9;Sat Oct 19 2019 13:46:30 GMT+0200 (CEST);Sat Oct 19 2019 11:46:30 GMT+0200 (CEST);1571485590000;0.39;74.77;13.49
1380556831572750;22;33;Sat Oct 19 2019 13:48:23 GMT+0200 (CEST);Sat Oct 19 2019 11:48:23 GMT+0200 (CEST);1571485703000;0.39;74.44;13.5
1380556831572750;21.5;33.1;Sat Oct 19 2019 13:50:33 GMT+0200 (CEST);Sat Oct 19 2019 11:50:33 GMT+0200 (CEST);1571485833000;0.39;75.46;13.53
1380556831572750;21.5;33.2;Sat Oct 19 2019 13:52:25 GMT+0200 (CEST);Sat Oct 19 2019 11:52:25 GMT+0200 (CEST);1571485945000;0.43;81.94;13.57
1380556831572750;21.5;33.5;Sat Oct 19 2019 13:54:18 GMT+0200 (CEST);Sat Oct 19 2019 11:54:18 GMT+0200 (CEST);1571486058000;0.47;90.68;13.6
1380556831572750;21.5;33.6;Sat Oct 19 2019 13:56:20 GMT+0200 (CEST);Sat Oct 19 2019 11:56:20 GMT+0200 (CEST);1571486180000;0.5;95.81;13.59
1380556831572750;21.5;33.9;Sat Oct 19 2019 13:58:14 GMT+0200 (CEST);Sat Oct 19 2019 11:58:14 GMT+0200 (CEST);1571486294000;0.51;98.38;13.61
1380556831572750;22;33.8;Sat Oct 19 2019 14:00:14 GMT+0200 (CEST);Sat Oct 19 2019 12:00:14 GMT+0200 (CEST);1571486414000;0.54;104.49;13.64
1380556831572750;22;33.9;Sat Oct 19 2019 14:02:07 GMT+0200 (CEST);Sat Oct 19 2019 12:02:07 GMT+0200 (CEST);1571486527000;0.56;108.28;13.72
1380556831572750;22;33.9;Sat Oct 19 2019 14:04:00 GMT+0200 (CEST);Sat Oct 19 2019 12:04:00 GMT+0200 (CEST);1571486640000;0.54;104.26;13.76
1380556831572750;22;33.9;Sat Oct 19 2019 14:05:56 GMT+0200 (CEST);Sat Oct 19 2019 12:05:56 GMT+0200 (CEST);1571486756000;0.52;102.29;13.79
1380556831572750;22;34;Sat Oct 19 2019 14:07:49 GMT+0200 (CEST);Sat Oct 19 2019 12:07:49 GMT+0200 (CEST);1571486869000;0.56;107.8;13.82
1380556831572750;22;33.9;Sat Oct 19 2019 14:09:41 GMT+0200 (CEST);Sat Oct 19 2019 12:09:41 GMT+0200 (CEST);1571486981000;0.51;98.46;13.89
1380556831572750;22;33.4;Sat Oct 19 2019 14:11:34 GMT+0200 (CEST);Sat Oct 19 2019 12:11:34 GMT+0200 (CEST);1571487094000;0.41;79.89;13.89
1380556831572750;22;33.1;Sat Oct 19 2019 14:13:27 GMT+0200 (CEST);Sat Oct 19 2019 12:13:27 GMT+0200 (CEST);1571487207000;0.39;76.49;13.85
1380556831572750;22;33.1;Sat Oct 19 2019 14:15:20 GMT+0200 (CEST);Sat Oct 19 2019 12:15:20 GMT+0200 (CEST);1571487320000;0.41;82.17;13.75
1380556831572750;22;33.5;Sat Oct 19 2019 14:17:21 GMT+0200 (CEST);Sat Oct 19 2019 12:17:21 GMT+0200 (CEST);1571487441000;0.47;92.1;13.62
1380556831572750;22;33.7;Sat Oct 19 2019 14:19:14 GMT+0200 (CEST);Sat Oct 19 2019 12:19:14 GMT+0200 (CEST);1571487554000;0.47;94.05;13.56
1380556831572750;22;33.7;Sat Oct 19 2019 14:21:42 GMT+0200 (CEST);Sat Oct 19 2019 12:21:42 GMT+0200 (CEST);1571487702000;0.47;95.54;13.55
1380556831572750;22;34.3;Sat Oct 19 2019 14:23:35 GMT+0200 (CEST);Sat Oct 19 2019 12:23:35 GMT+0200 (CEST);1571487815000;0.58;119.43;13.64
1380556831572750;22;34.5;Sat Oct 19 2019 14:25:29 GMT+0200 (CEST);Sat Oct 19 2019 12:25:29 GMT+0200 (CEST);1571487929000;0.7;142.65;13.75
1380556831572750;22;34.7;Sat Oct 19 2019 14:27:21 GMT+0200 (CEST);Sat Oct 19 2019 12:27:21 GMT+0200 (CEST);1571488041000;0.78;156.01;13.86
1380556831572750;23.5;34.7;Sat Oct 19 2019 14:29:21 GMT+0200 (CEST);Sat Oct 19 2019 12:29:21 GMT+0200 (CEST);1571488161000;0.82;165.56;13.99
1380556831572750;23.5;34.7;Sat Oct 19 2019 14:31:13 GMT+0200 (CEST);Sat Oct 19 2019 12:31:13 GMT+0200 (CEST);1571488273000;0.79;157.09;14.1
1380556831572750;23.5;34.5;Sat Oct 19 2019 14:33:09 GMT+0200 (CEST);Sat Oct 19 2019 12:33:09 GMT+0200 (CEST);1571488389000;0.72;149.5;14.21
1380556831572750;23.5;34.5;Sat Oct 19 2019 14:35:03 GMT+0200 (CEST);Sat Oct 19 2019 12:35:03 GMT+0200 (CEST);1571488503000;0.79;161.61;14.29
1380556831572750;23.5;35.2;Sat Oct 19 2019 14:37:39 GMT+0200 (CEST);Sat Oct 19 2019 12:37:39 GMT+0200 (CEST);1571488659000;0.94;195.51;14.53
1380556831572750;23.5;35.1;Sat Oct 19 2019 14:39:32 GMT+0200 (CEST);Sat Oct 19 2019 12:39:32 GMT+0200 (CEST);1571488772000;1.04;217.21;14.67
1380556831572750;23.5;35.5;Sat Oct 19 2019 14:41:36 GMT+0200 (CEST);Sat Oct 19 2019 12:41:36 GMT+0200 (CEST);1571488896000;1.14;237.02;14.88
1380556831572750;24;34.9;Sat Oct 19 2019 14:43:30 GMT+0200 (CEST);Sat Oct 19 2019 12:43:30 GMT+0200 (CEST);1571489010000;1.08;219.38;15.01
1380556831572750;24;34.8;Sat Oct 19 2019 14:45:23 GMT+0200 (CEST);Sat Oct 19 2019 12:45:23 GMT+0200 (CEST);1571489123000;1.04;213.97;15.06
1380556831572750;24;34.6;Sat Oct 19 2019 14:47:18 GMT+0200 (CEST);Sat Oct 19 2019 12:47:18 GMT+0200 (CEST);1571489238000;1.03;208.41;15.1
1380556831572750;24;34.4;Sat Oct 19 2019 14:49:11 GMT+0200 (CEST);Sat Oct 19 2019 12:49:11 GMT+0200 (CEST);1571489351000;0.96;194.71;15.14
1380556831572750;24;34.3;Sat Oct 19 2019 14:51:08 GMT+0200 (CEST);Sat Oct 19 2019 12:51:08 GMT+0200 (CEST);1571489468000;0.87;174.87;15.15
1380556831572750;25.5;34.1;Sat Oct 19 2019 14:53:10 GMT+0200 (CEST);Sat Oct 19 2019 12:53:10 GMT+0200 (CEST);1571489590000;0.79;161.45;15.18
1380556831572750;25.5;34.1;Sat Oct 19 2019 14:55:08 GMT+0200 (CEST);Sat Oct 19 2019 12:55:08 GMT+0200 (CEST);1571489708000;0.88;182.87;15.24
1380556831572750;25.5;34.5;Sat Oct 19 2019 14:57:01 GMT+0200 (CEST);Sat Oct 19 2019 12:57:01 GMT+0200 (CEST);1571489821000;0.97;201.97;15.36
1380556831572750;25.5;34.8;Sat Oct 19 2019 14:58:54 GMT+0200 (CEST);Sat Oct 19 2019 12:58:54 GMT+0200 (CEST);1571489934000;1.04;217.92;15.45
1380556831572750;25.5;35.2;Sat Oct 19 2019 15:00:52 GMT+0200 (CEST);Sat Oct 19 2019 13:00:52 GMT+0200 (CEST);1571490052000;1.26;267.83;15.67
1380556831572750;26;35.6;Sat Oct 19 2019 15:02:45 GMT+0200 (CEST);Sat Oct 19 2019 13:02:45 GMT+0200 (CEST);1571490165000;1.49;337.91;15.94
1380556831572750;26;36.7;Sat Oct 19 2019 15:05:01 GMT+0200 (CEST);Sat Oct 19 2019 13:05:01 GMT+0200 (CEST);1571490301000;1.51;340.47;16.29
1380556831572750;27.5;36.1;Sat Oct 19 2019 15:06:54 GMT+0200 (CEST);Sat Oct 19 2019 13:06:54 GMT+0200 (CEST);1571490414000;1.42;317.05;16.58
1380556831572750;27.5;35.7;Sat Oct 19 2019 15:08:48 GMT+0200 (CEST);Sat Oct 19 2019 13:08:48 GMT+0200 (CEST);1571490528000;1.28;279.63;16.67
1380556831572750;27.5;35.6;Sat Oct 19 2019 15:10:42 GMT+0200 (CEST);Sat Oct 19 2019 13:10:42 GMT+0200 (CEST);1571490642000;1.18;255.15;16.66
1380556831572750;28;34.7;Sat Oct 19 2019 15:12:35 GMT+0200 (CEST);Sat Oct 19 2019 13:12:35 GMT+0200 (CEST);1571490755000;1.09;228.76;16.72
1380556831572750;28;34.3;Sat Oct 19 2019 15:14:28 GMT+0200 (CEST);Sat Oct 19 2019 13:14:28 GMT+0200 (CEST);1571490868000;1.08;226.75;16.59
1380556831572750;28;34.4;Sat Oct 19 2019 15:16:21 GMT+0200 (CEST);Sat Oct 19 2019 13:16:21 GMT+0200 (CEST);1571490981000;1.11;227.33;16.52
1380556831572750;28;34.9;Sat Oct 19 2019 15:18:14 GMT+0200 (CEST);Sat Oct 19 2019 13:18:14 GMT+0200 (CEST);1571491094000;0.98;202.81;16.5
1380556831572750;28;34.1;Sat Oct 19 2019 15:20:06 GMT+0200 (CEST);Sat Oct 19 2019 13:20:06 GMT+0200 (CEST);1571491206000;0.92;191.28;16.47
1380556831572750;27.5;34;Sat Oct 19 2019 15:22:01 GMT+0200 (CEST);Sat Oct 19 2019 13:22:01 GMT+0200 (CEST);1571491321000;0.84;176.17;16.43
1380556831572750;27.5;34.1;Sat Oct 19 2019 15:23:57 GMT+0200 (CEST);Sat Oct 19 2019 13:23:57 GMT+0200 (CEST);1571491437000;0.85;192.86;16.42
1380556831572750;27.5;35.7;Sat Oct 19 2019 15:25:55 GMT+0200 (CEST);Sat Oct 19 2019 13:25:55 GMT+0200 (CEST);1571491555000;1.26;276.27;16.57
1380556831572750;27.5;36.1;Sat Oct 19 2019 15:27:48 GMT+0200 (CEST);Sat Oct 19 2019 13:27:48 GMT+0200 (CEST);1571491668000;1.5;330.23;16.83
1380556831572750;28;36.1;Sat Oct 19 2019 15:29:41 GMT+0200 (CEST);Sat Oct 19 2019 13:29:41 GMT+0200 (CEST);1571491781000;1.53;345.59;17.09
1380556831572750;28;35.7;Sat Oct 19 2019 15:31:35 GMT+0200 (CEST);Sat Oct 19 2019 13:31:35 GMT+0200 (CEST);1571491895000;1.27;269.27;17.28
1380556831572750;28;34.8;Sat Oct 19 2019 15:33:34 GMT+0200 (CEST);Sat Oct 19 2019 13:33:34 GMT+0200 (CEST);1571492014000;1.16;237.51;17.33
1380556831572750;29.5;34.4;Sat Oct 19 2019 15:35:28 GMT+0200 (CEST);Sat Oct 19 2019 13:35:28 GMT+0200 (CEST);1571492128000;1.06;219.55;17.23
1380556831572750;29.5;34.2;Sat Oct 19 2019 15:37:20 GMT+0200 (CEST);Sat Oct 19 2019 13:37:20 GMT+0200 (CEST);1571492240000;0.93;192.03;17.17
1380556831572750;28;34;Sat Oct 19 2019 15:39:13 GMT+0200 (CEST);Sat Oct 19 2019 13:39:13 GMT+0200 (CEST);1571492353000;0.87;177.32;17.04
1380556831572750;28;33.9;Sat Oct 19 2019 15:41:06 GMT+0200 (CEST);Sat Oct 19 2019 13:41:06 GMT+0200 (CEST);1571492466000;0.77;157.88;16.93
1380556831572750;28;33.6;Sat Oct 19 2019 15:42:59 GMT+0200 (CEST);Sat Oct 19 2019 13:42:59 GMT+0200 (CEST);1571492579000;0.72;145.45;16.82
1380556831572750;27.5;33.6;Sat Oct 19 2019 15:44:52 GMT+0200 (CEST);Sat Oct 19 2019 13:44:52 GMT+0200 (CEST);1571492692000;0.65;134.69;16.72
1380556831572750;27.5;33.4;Sat Oct 19 2019 15:46:54 GMT+0200 (CEST);Sat Oct 19 2019 13:46:54 GMT+0200 (CEST);1571492814000;0.59;123.37;16.58
1380556831572750;27.5;33.4;Sat Oct 19 2019 15:48:47 GMT+0200 (CEST);Sat Oct 19 2019 13:48:47 GMT+0200 (CEST);1571492927000;0.58;119.1;16.43
1380556831572750;27.5;33.4;Sat Oct 19 2019 15:50:42 GMT+0200 (CEST);Sat Oct 19 2019 13:50:42 GMT+0200 (CEST);1571493042000;0.6;123.02;16.31
1380556831572750;27.5;33.5;Sat Oct 19 2019 15:52:34 GMT+0200 (CEST);Sat Oct 19 2019 13:52:34 GMT+0200 (CEST);1571493154000;0.61;124.57;16.18
1380556831572750;27.5;33.6;Sat Oct 19 2019 15:55:09 GMT+0200 (CEST);Sat Oct 19 2019 13:55:09 GMT+0200 (CEST);1571493309000;0.59;122.1;16.02
1380556831572750;27.5;33.4;Sat Oct 19 2019 15:57:04 GMT+0200 (CEST);Sat Oct 19 2019 13:57:04 GMT+0200 (CEST);1571493424000;0.56;117.28;15.94
1380556831572750;26;33.4;Sat Oct 19 2019 15:59:00 GMT+0200 (CEST);Sat Oct 19 2019 13:59:00 GMT+0200 (CEST);1571493540000;0.54;109.63;15.85
1380556831572750;26;33.4;Sat Oct 19 2019 16:00:54 GMT+0200 (CEST);Sat Oct 19 2019 14:00:54 GMT+0200 (CEST);1571493654000;0.51;103.77;15.78
1380556831572750;26;33.3;Sat Oct 19 2019 16:02:48 GMT+0200 (CEST);Sat Oct 19 2019 14:02:48 GMT+0200 (CEST);1571493768000;0.51;105.09;15.71
1380556831572750;26;33.6;Sat Oct 19 2019 16:04:41 GMT+0200 (CEST);Sat Oct 19 2019 14:04:41 GMT+0200 (CEST);1571493881000;0.54;112.03;15.69
1380556831572750;26;33.6;Sat Oct 19 2019 16:06:34 GMT+0200 (CEST);Sat Oct 19 2019 14:06:34 GMT+0200 (CEST);1571493994000;0.53;112.64;15.67
1380556831572750;25.5;33.5;Sat Oct 19 2019 16:08:26 GMT+0200 (CEST);Sat Oct 19 2019 14:08:26 GMT+0200 (CEST);1571494106000;0.52;107.89;15.67
1380556831572750;25.5;33.5;Sat Oct 19 2019 16:10:19 GMT+0200 (CEST);Sat Oct 19 2019 14:10:19 GMT+0200 (CEST);1571494219000;0.5;106.22;15.68
1380556831572750;24;33.5;Sat Oct 19 2019 16:12:13 GMT+0200 (CEST);Sat Oct 19 2019 14:12:13 GMT+0200 (CEST);1571494333000;0.52;110.59;15.67
1380556831572750;24;33.6;Sat Oct 19 2019 16:14:06 GMT+0200 (CEST);Sat Oct 19 2019 14:14:06 GMT+0200 (CEST);1571494446000;0.55;114.37;15.67
1380556831572750;24;33.8;Sat Oct 19 2019 16:15:58 GMT+0200 (CEST);Sat Oct 19 2019 14:15:58 GMT+0200 (CEST);1571494558000;0.56;118.16;15.68
1380556831572750;25;33.8;Sat Oct 19 2019 16:18:27 GMT+0200 (CEST);Sat Oct 19 2019 14:18:27 GMT+0200 (CEST);1571494707000;0.58;120.23;15.66
1380556831572750;25;33.8;Sat Oct 19 2019 16:20:21 GMT+0200 (CEST);Sat Oct 19 2019 14:20:21 GMT+0200 (CEST);1571494821000;0.56;117.45;15.61
1380556831572750;24;33.5;Sat Oct 19 2019 16:22:15 GMT+0200 (CEST);Sat Oct 19 2019 14:22:15 GMT+0200 (CEST);1571494935000;0.52;111.42;15.6
1380556831572750;24;33.6;Sat Oct 19 2019 16:24:08 GMT+0200 (CEST);Sat Oct 19 2019 14:24:08 GMT+0200 (CEST);1571495048000;0.52;107.84;15.62
1380556831572750;24;33.5;Sat Oct 19 2019 16:26:13 GMT+0200 (CEST);Sat Oct 19 2019 14:26:13 GMT+0200 (CEST);1571495173000;0.54;111.53;15.62
1380556831572750;24;33.7;Sat Oct 19 2019 16:28:06 GMT+0200 (CEST);Sat Oct 19 2019 14:28:06 GMT+0200 (CEST);1571495286000;0.56;116.63;15.6
1380556831572750;24;33.5;Sat Oct 19 2019 16:29:59 GMT+0200 (CEST);Sat Oct 19 2019 14:29:59 GMT+0200 (CEST);1571495399000;0.57;115.64;15.6
1380556831572750;24;33.8;Sat Oct 19 2019 16:31:52 GMT+0200 (CEST);Sat Oct 19 2019 14:31:52 GMT+0200 (CEST);1571495512000;0.55;111.56;15.59
1380556831572750;24;33.4;Sat Oct 19 2019 16:34:08 GMT+0200 (CEST);Sat Oct 19 2019 14:34:08 GMT+0200 (CEST);1571495648000;0.51;105.34;15.59
1380556831572750;24;33.4;Sat Oct 19 2019 16:36:02 GMT+0200 (CEST);Sat Oct 19 2019 14:36:02 GMT+0200 (CEST);1571495762000;0.48;98.01;15.6
1380556831572750;24;33.1;Sat Oct 19 2019 16:37:54 GMT+0200 (CEST);Sat Oct 19 2019 14:37:54 GMT+0200 (CEST);1571495874000;0.43;90.91;15.56
1380556831572750;24;33;Sat Oct 19 2019 16:39:47 GMT+0200 (CEST);Sat Oct 19 2019 14:39:47 GMT+0200 (CEST);1571495987000;0.43;88.36;15.51
1380556831572750;24;33;Sat Oct 19 2019 16:41:43 GMT+0200 (CEST);Sat Oct 19 2019 14:41:43 GMT+0200 (CEST);1571496103000;0.43;87.97;15.52
1380556831572750;24;33;Sat Oct 19 2019 16:43:35 GMT+0200 (CEST);Sat Oct 19 2019 14:43:35 GMT+0200 (CEST);1571496215000;0.44;89.06;15.5
1380556831572750;24;33.1;Sat Oct 19 2019 16:45:28 GMT+0200 (CEST);Sat Oct 19 2019 14:45:28 GMT+0200 (CEST);1571496328000;0.43;86.1;15.48
1380556831572750;24;32.9;Sat Oct 19 2019 16:47:23 GMT+0200 (CEST);Sat Oct 19 2019 14:47:23 GMT+0200 (CEST);1571496443000;0.4;80.57;15.46
1380556831572750;24;32.5;Sat Oct 19 2019 16:49:29 GMT+0200 (CEST);Sat Oct 19 2019 14:49:29 GMT+0200 (CEST);1571496569000;0.37;74.96;15.43
1380556831572750;24;32.7;Sat Oct 19 2019 16:51:25 GMT+0200 (CEST);Sat Oct 19 2019 14:51:25 GMT+0200 (CEST);1571496685000;0.35;71.27;15.4
1380556831572750;24;32.5;Sat Oct 19 2019 16:53:18 GMT+0200 (CEST);Sat Oct 19 2019 14:53:18 GMT+0200 (CEST);1571496798000;0.33;68.51;15.35
1380556831572750;24;32.5;Sat Oct 19 2019 16:55:11 GMT+0200 (CEST);Sat Oct 19 2019 14:55:11 GMT+0200 (CEST);1571496911000;0.33;67.58;15.3
1380556831572750;24;32.7;Sat Oct 19 2019 16:57:12 GMT+0200 (CEST);Sat Oct 19 2019 14:57:12 GMT+0200 (CEST);1571497032000;0.31;64.2;15.27
1380556831572750;23.5;32.4;Sat Oct 19 2019 16:59:05 GMT+0200 (CEST);Sat Oct 19 2019 14:59:05 GMT+0200 (CEST);1571497145000;0.31;63.13;15.24
1380556831572750;23.5;32.5;Sat Oct 19 2019 17:00:57 GMT+0200 (CEST);Sat Oct 19 2019 15:00:57 GMT+0200 (CEST);1571497257000;0.31;63.02;15.19
1380556831572750;23.5;32.4;Sat Oct 19 2019 17:02:55 GMT+0200 (CEST);Sat Oct 19 2019 15:02:55 GMT+0200 (CEST);1571497375000;0.32;64.84;15.13
1380556831572750;23.5;32.4;Sat Oct 19 2019 17:05:30 GMT+0200 (CEST);Sat Oct 19 2019 15:05:30 GMT+0200 (CEST);1571497530000;0.32;64.85;15.1
1380556831572750;23.5;32.3;Sat Oct 19 2019 17:07:24 GMT+0200 (CEST);Sat Oct 19 2019 15:07:24 GMT+0200 (CEST);1571497644000;0.31;62.67;15.08
1380556831572750;23.5;32.1;Sat Oct 19 2019 17:09:17 GMT+0200 (CEST);Sat Oct 19 2019 15:09:17 GMT+0200 (CEST);1571497757000;0.3;60.4;15.08
1380556831572750;23.5;32.2;Sat Oct 19 2019 17:11:10 GMT+0200 (CEST);Sat Oct 19 2019 15:11:10 GMT+0200 (CEST);1571497870000;0.29;57.93;15.08
1380556831572750;23.5;32.1;Sat Oct 19 2019 17:13:11 GMT+0200 (CEST);Sat Oct 19 2019 15:13:11 GMT+0200 (CEST);1571497991000;0.29;57.54;15.09
1380556831572750;23.5;32.3;Sat Oct 19 2019 17:15:03 GMT+0200 (CEST);Sat Oct 19 2019 15:15:03 GMT+0200 (CEST);1571498103000;0.3;59.5;15.1
1380556831572750;23.5;32.4;Sat Oct 19 2019 17:16:58 GMT+0200 (CEST);Sat Oct 19 2019 15:16:58 GMT+0200 (CEST);1571498218000;0.33;64.76;15.1
1380556831572750;23.5;32.4;Sat Oct 19 2019 17:18:50 GMT+0200 (CEST);Sat Oct 19 2019 15:18:50 GMT+0200 (CEST);1571498330000;0.31;60.3;15.1
1380556831572750;23.5;31.6;Sat Oct 19 2019 17:21:41 GMT+0200 (CEST);Sat Oct 19 2019 15:21:41 GMT+0200 (CEST);1571498501000;0.21;41.16;15.05
1380556831572750;22;31.2;Sat Oct 19 2019 17:23:35 GMT+0200 (CEST);Sat Oct 19 2019 15:23:35 GMT+0200 (CEST);1571498615000;0.16;31.93;14.99
1380556831572750;22;31.2;Sat Oct 19 2019 17:25:28 GMT+0200 (CEST);Sat Oct 19 2019 15:25:28 GMT+0200 (CEST);1571498728000;0.14;28.03;14.93
1380556831572750;22;31.3;Sat Oct 19 2019 17:27:22 GMT+0200 (CEST);Sat Oct 19 2019 15:27:22 GMT+0200 (CEST);1571498842000;0.14;26.82;14.84
1380556831572750;22;31.1;Sat Oct 19 2019 17:29:14 GMT+0200 (CEST);Sat Oct 19 2019 15:29:14 GMT+0200 (CEST);1571498954000;0.12;24.67;14.79
1380556831572750;22;31;Sat Oct 19 2019 17:31:11 GMT+0200 (CEST);Sat Oct 19 2019 15:31:11 GMT+0200 (CEST);1571499071000;0.11;23.29;14.73
1380556831572750;21.5;30.6;Sat Oct 19 2019 17:33:08 GMT+0200 (CEST);Sat Oct 19 2019 15:33:08 GMT+0200 (CEST);1571499188000;0.1;25.93;14.7
1380556831572750;21.5;30.8;Sat Oct 19 2019 17:35:08 GMT+0200 (CEST);Sat Oct 19 2019 15:35:08 GMT+0200 (CEST);1571499308000;0.08;17.89;14.67
1380556831572750;21.5;29.1;Sat Oct 19 2019 17:37:24 GMT+0200 (CEST);Sat Oct 19 2019 15:37:24 GMT+0200 (CEST);1571499444000;0.08;16.32;14.62
1380556831572750;21.5;27.8;Sat Oct 19 2019 17:39:19 GMT+0200 (CEST);Sat Oct 19 2019 15:39:19 GMT+0200 (CEST);1571499559000;0.08;16.56;14.59
1380556831572750;19.9;26.8;Sat Oct 19 2019 17:41:13 GMT+0200 (CEST);Sat Oct 19 2019 15:41:13 GMT+0200 (CEST);1571499673000;0.08;15.92;14.54
1380556831572750;19.9;26.5;Sat Oct 19 2019 17:43:07 GMT+0200 (CEST);Sat Oct 19 2019 15:43:07 GMT+0200 (CEST);1571499787000;0.08;14.76;14.5
1380556831572750;19.9;24.9;Sat Oct 19 2019 17:44:59 GMT+0200 (CEST);Sat Oct 19 2019 15:44:59 GMT+0200 (CEST);1571499899000;0.08;15.78;14.48
1380556831572750;19.9;24.7;Sat Oct 19 2019 17:46:59 GMT+0200 (CEST);Sat Oct 19 2019 15:46:59 GMT+0200 (CEST);1571500019000;0.09;15.6;14.43
1380556831572750;19.9;26.9;Sat Oct 19 2019 17:49:04 GMT+0200 (CEST);Sat Oct 19 2019 15:49:04 GMT+0200 (CEST);1571500144000;0.07;14.62;14.39
1380556831572750;19.4;26.7;Sat Oct 19 2019 17:50:57 GMT+0200 (CEST);Sat Oct 19 2019 15:50:57 GMT+0200 (CEST);1571500257000;0.08;14.74;14.36
1380556831572750;19.4;25.7;Sat Oct 19 2019 17:52:50 GMT+0200 (CEST);Sat Oct 19 2019 15:52:50 GMT+0200 (CEST);1571500370000;0.07;13.49;14.34
1380556831572750;17.9;27.1;Sat Oct 19 2019 17:54:45 GMT+0200 (CEST);Sat Oct 19 2019 15:54:45 GMT+0200 (CEST);1571500485000;0;12.25;14.3
1380556831572750;17.9;27.5;Sat Oct 19 2019 17:56:38 GMT+0200 (CEST);Sat Oct 19 2019 15:56:38 GMT+0200 (CEST);1571500598000;0;10.28;14.25
1380556831572750;17.9;27.1;Sat Oct 19 2019 17:58:36 GMT+0200 (CEST);Sat Oct 19 2019 15:58:36 GMT+0200 (CEST);1571500716000;0;8.72;14.21
1380556831572750;19.4;27;Sat Oct 19 2019 18:00:32 GMT+0200 (CEST);Sat Oct 19 2019 16:00:32 GMT+0200 (CEST);1571500832000;0;7.11;14.16
1380556831572750;19.4;27;Sat Oct 19 2019 18:02:27 GMT+0200 (CEST);Sat Oct 19 2019 16:02:27 GMT+0200 (CEST);1571500947000;0;5.78;14.13
1380556831572750;17.9;27.6;Sat Oct 19 2019 18:04:21 GMT+0200 (CEST);Sat Oct 19 2019 16:04:21 GMT+0200 (CEST);1571501061000;0;5.06;14.07
1380556831572750;17.9;28;Sat Oct 19 2019 18:06:15 GMT+0200 (CEST);Sat Oct 19 2019 16:06:15 GMT+0200 (CEST);1571501175000;0;4.74;14.03
1380556831572750;17.9;30.3;Sat Oct 19 2019 18:08:08 GMT+0200 (CEST);Sat Oct 19 2019 16:08:08 GMT+0200 (CEST);1571501288000;0;3.94;14
1380556831572750;19.4;28.6;Sat Oct 19 2019 18:10:00 GMT+0200 (CEST);Sat Oct 19 2019 16:10:00 GMT+0200 (CEST);1571501400000;0;2.79;13.96
1380556831572750;19.4;25.6;Sat Oct 19 2019 18:11:53 GMT+0200 (CEST);Sat Oct 19 2019 16:11:53 GMT+0200 (CEST);1571501513000;0;2.11;13.93
1380556831572750;16.9;23.7;Sat Oct 19 2019 18:13:45 GMT+0200 (CEST);Sat Oct 19 2019 16:13:45 GMT+0200 (CEST);1571501625000;0;1.58;13.9
1380556831572750;16.9;22.7;Sat Oct 19 2019 18:15:39 GMT+0200 (CEST);Sat Oct 19 2019 16:15:39 GMT+0200 (CEST);1571501739000;0;1.49;13.88
1380556831572750;16.9;20.2;Sat Oct 19 2019 18:17:35 GMT+0200 (CEST);Sat Oct 19 2019 16:17:35 GMT+0200 (CEST);1571501855000;0;1.09;13.86
1380556831572750;16.9;20.2;Sat Oct 19 2019 18:19:28 GMT+0200 (CEST);Sat Oct 19 2019 16:19:28 GMT+0200 (CEST);1571501968000;0;0.76;13.82
1380556831572750;11.4;27.7;Sun Oct 20 2019 07:57:55 GMT+0200 (CEST);Sun Oct 20 2019 05:57:55 GMT+0200 (CEST);1571551075000;0;10.28;9.21
1380556831572750;11.4;28.1;Sun Oct 20 2019 07:59:48 GMT+0200 (CEST);Sun Oct 20 2019 05:59:48 GMT+0200 (CEST);1571551188000;0;11.5;9.14
1380556831572750;11.4;25.9;Sun Oct 20 2019 08:01:40 GMT+0200 (CEST);Sun Oct 20 2019 06:01:40 GMT+0200 (CEST);1571551300000;0;13.7;9.1
1380556831572750;11.4;23.5;Sun Oct 20 2019 08:04:00 GMT+0200 (CEST);Sun Oct 20 2019 06:04:00 GMT+0200 (CEST);1571551440000;0.07;16.16;9.06
1380556831572750;11.4;23.5;Sun Oct 20 2019 08:05:54 GMT+0200 (CEST);Sun Oct 20 2019 06:05:54 GMT+0200 (CEST);1571551554000;0.08;19.44;9.03
1380556831572750;11.4;21.7;Sun Oct 20 2019 08:07:54 GMT+0200 (CEST);Sun Oct 20 2019 06:07:54 GMT+0200 (CEST);1571551674000;0.09;20.53;9
1380556831572750;11.4;21.6;Sun Oct 20 2019 08:09:47 GMT+0200 (CEST);Sun Oct 20 2019 06:09:47 GMT+0200 (CEST);1571551787000;0.09;21.19;8.97
1380556831572750;11.4;21.7;Sun Oct 20 2019 08:11:39 GMT+0200 (CEST);Sun Oct 20 2019 06:11:39 GMT+0200 (CEST);1571551899000;0.1;24.18;8.94
1380556831572750;11.4;21;Sun Oct 20 2019 08:13:32 GMT+0200 (CEST);Sun Oct 20 2019 06:13:32 GMT+0200 (CEST);1571552012000;0.12;27.03;8.95
1380556831572750;11.4;21.1;Sun Oct 20 2019 08:15:25 GMT+0200 (CEST);Sun Oct 20 2019 06:15:25 GMT+0200 (CEST);1571552125000;0.13;30.17;8.95
1380556831572750;9.9;29.8;Sun Oct 20 2019 08:17:17 GMT+0200 (CEST);Sun Oct 20 2019 06:17:17 GMT+0200 (CEST);1571552237000;0.12;32.98;8.98
1380556831572750;9.9;31.9;Sun Oct 20 2019 08:19:11 GMT+0200 (CEST);Sun Oct 20 2019 06:19:11 GMT+0200 (CEST);1571552351000;0.14;37.94;9
1380556831572750;13.4;31.2;Sun Oct 20 2019 08:21:11 GMT+0200 (CEST);Sun Oct 20 2019 06:21:11 GMT+0200 (CEST);1571552471000;0.15;38.54;9.04
1380556831572750;13.4;31.4;Sun Oct 20 2019 08:23:13 GMT+0200 (CEST);Sun Oct 20 2019 06:23:13 GMT+0200 (CEST);1571552593000;0.17;43.93;9.08
1380556831572750;13.4;31.9;Sun Oct 20 2019 08:25:12 GMT+0200 (CEST);Sun Oct 20 2019 06:25:12 GMT+0200 (CEST);1571552712000;0.15;41.19;9.15
1380556831572750;15.4;32.3;Sun Oct 20 2019 08:27:05 GMT+0200 (CEST);Sun Oct 20 2019 06:27:05 GMT+0200 (CEST);1571552825000;0.15;41.69;9.17
1380556831572750;15.4;32;Sun Oct 20 2019 08:29:02 GMT+0200 (CEST);Sun Oct 20 2019 06:29:02 GMT+0200 (CEST);1571552942000;0.14;47.18;9.21
1380556831572750;15.4;31.8;Sun Oct 20 2019 08:30:55 GMT+0200 (CEST);Sun Oct 20 2019 06:30:55 GMT+0200 (CEST);1571553055000;0.17;63.73;9.27
1380556831572750;15.4;32.6;Sun Oct 20 2019 08:32:51 GMT+0200 (CEST);Sun Oct 20 2019 06:32:51 GMT+0200 (CEST);1571553171000;0.16;106.34;9.42
1380556831572750;15.4;32.8;Sun Oct 20 2019 08:34:45 GMT+0200 (CEST);Sun Oct 20 2019 06:34:45 GMT+0200 (CEST);1571553285000;0.17;159.68;9.73
1380556831572750;15.4;32.8;Sun Oct 20 2019 08:36:37 GMT+0200 (CEST);Sun Oct 20 2019 06:36:37 GMT+0200 (CEST);1571553397000;0.15;142.89;10.03
1380556831572750;15.4;32.4;Sun Oct 20 2019 08:38:40 GMT+0200 (CEST);Sun Oct 20 2019 06:38:40 GMT+0200 (CEST);1571553520000;0.15;71.62;10.28
1380556831572750;15.4;32.6;Sun Oct 20 2019 08:40:36 GMT+0200 (CEST);Sun Oct 20 2019 06:40:36 GMT+0200 (CEST);1571553636000;0.16;62.49;10.33
1380556831572750;15.4;32.3;Sun Oct 20 2019 08:42:31 GMT+0200 (CEST);Sun Oct 20 2019 06:42:31 GMT+0200 (CEST);1571553751000;0.16;66.79;10.32
1380556831572750;15.4;33.4;Sun Oct 20 2019 08:44:26 GMT+0200 (CEST);Sun Oct 20 2019 06:44:26 GMT+0200 (CEST);1571553866000;0.17;67.93;10.31
1380556831572750;15.9;33.4;Sun Oct 20 2019 08:46:40 GMT+0200 (CEST);Sun Oct 20 2019 06:46:40 GMT+0200 (CEST);1571554000000;0.18;97.31;10.32
1380556831572750;15.9;34;Sun Oct 20 2019 08:48:33 GMT+0200 (CEST);Sun Oct 20 2019 06:48:33 GMT+0200 (CEST);1571554113000;0.21;202.53;10.49
1380556831572750;15.9;33.8;Sun Oct 20 2019 08:50:26 GMT+0200 (CEST);Sun Oct 20 2019 06:50:26 GMT+0200 (CEST);1571554226000;0.19;82.68;10.74
1380556831572750;15.9;33.7;Sun Oct 20 2019 08:52:18 GMT+0200 (CEST);Sun Oct 20 2019 06:52:18 GMT+0200 (CEST);1571554338000;0.23;228.18;11.05
1380556831572750;15.9;34;Sun Oct 20 2019 08:54:31 GMT+0200 (CEST);Sun Oct 20 2019 06:54:31 GMT+0200 (CEST);1571554471000;0.22;183.62;11.42
1380556831572750;15.9;33.7;Sun Oct 20 2019 08:56:28 GMT+0200 (CEST);Sun Oct 20 2019 06:56:28 GMT+0200 (CEST);1571554588000;0.25;242.81;11.67
1380556831572750;15.9;34.1;Sun Oct 20 2019 08:58:21 GMT+0200 (CEST);Sun Oct 20 2019 06:58:21 GMT+0200 (CEST);1571554701000;0.25;256.33;12.03
1380556831572750;16.9;34;Sun Oct 20 2019 09:00:13 GMT+0200 (CEST);Sun Oct 20 2019 07:00:13 GMT+0200 (CEST);1571554813000;0.27;241.22;12.2
1380556831572750;16.9;30.3;Sun Oct 20 2019 09:02:06 GMT+0200 (CEST);Sun Oct 20 2019 07:02:06 GMT+0200 (CEST);1571554926000;0.27;198.47;12.34
1380556831572750;16.9;22.2;Sun Oct 20 2019 09:04:09 GMT+0200 (CEST);Sun Oct 20 2019 07:04:09 GMT+0200 (CEST);1571555049000;0.26;86.75;12.22
1380556831572750;16.9;29.1;Sun Oct 20 2019 09:06:03 GMT+0200 (CEST);Sun Oct 20 2019 07:06:03 GMT+0200 (CEST);1571555163000;0.31;196.72;12.05
1380556831572750;16.9;32.6;Sun Oct 20 2019 09:07:59 GMT+0200 (CEST);Sun Oct 20 2019 07:07:59 GMT+0200 (CEST);1571555279000;0.31;187.55;12.05
1380556831572750;15.9;33.6;Sun Oct 20 2019 09:09:59 GMT+0200 (CEST);Sun Oct 20 2019 07:09:59 GMT+0200 (CEST);1571555399000;0.36;278.54;12.04
1380556831572750;15.9;29.1;Sun Oct 20 2019 09:11:51 GMT+0200 (CEST);Sun Oct 20 2019 07:11:51 GMT+0200 (CEST);1571555511000;0.36;247.9;12.19
1380556831572750;15.4;26.4;Sun Oct 20 2019 09:13:44 GMT+0200 (CEST);Sun Oct 20 2019 07:13:44 GMT+0200 (CEST);1571555624000;0.32;160.74;12.28
1380556831572750;15.4;30.6;Sun Oct 20 2019 09:15:37 GMT+0200 (CEST);Sun Oct 20 2019 07:15:37 GMT+0200 (CEST);1571555737000;0.31;169.94;12.28
1380556831572750;15.4;30.2;Sun Oct 20 2019 09:17:29 GMT+0200 (CEST);Sun Oct 20 2019 07:17:29 GMT+0200 (CEST);1571555849000;0.34;255.73;12.24
1380556831572750;15.4;30.4;Sun Oct 20 2019 09:19:22 GMT+0200 (CEST);Sun Oct 20 2019 07:19:22 GMT+0200 (CEST);1571555962000;0.36;255.6;12.25
1380556831572750;15.4;27.4;Sun Oct 20 2019 09:21:15 GMT+0200 (CEST);Sun Oct 20 2019 07:21:15 GMT+0200 (CEST);1571556075000;0.41;366.07;12.53
1380556831572750;13.9;27.2;Sun Oct 20 2019 09:23:08 GMT+0200 (CEST);Sun Oct 20 2019 07:23:08 GMT+0200 (CEST);1571556188000;0.39;285.23;12.74
1380556831572750;13.9;28.3;Sun Oct 20 2019 09:25:17 GMT+0200 (CEST);Sun Oct 20 2019 07:25:17 GMT+0200 (CEST);1571556317000;0.37;155.95;12.82
1380556831572750;15.9;36.4;Sun Oct 20 2019 09:27:10 GMT+0200 (CEST);Sun Oct 20 2019 07:27:10 GMT+0200 (CEST);1571556430000;0.41;172.56;12.67
1380556831572750;15.9;39;Sun Oct 20 2019 09:29:09 GMT+0200 (CEST);Sun Oct 20 2019 07:29:09 GMT+0200 (CEST);1571556549000;0.42;148.13;12.54
1380556831572750;15.9;36.9;Sun Oct 20 2019 09:31:10 GMT+0200 (CEST);Sun Oct 20 2019 07:31:10 GMT+0200 (CEST);1571556670000;0.4;126.88;12.37
1380556831572750;19.4;37.9;Sun Oct 20 2019 09:33:34 GMT+0200 (CEST);Sun Oct 20 2019 07:33:34 GMT+0200 (CEST);1571556814000;0.55;164.16;12.2
1380556831572750;19.4;37.3;Sun Oct 20 2019 09:35:30 GMT+0200 (CEST);Sun Oct 20 2019 07:35:30 GMT+0200 (CEST);1571556930000;0.48;143.54;12.13
1380556831572750;19.9;37.1;Sun Oct 20 2019 09:37:22 GMT+0200 (CEST);Sun Oct 20 2019 07:37:22 GMT+0200 (CEST);1571557042000;0.9;222.51;12.18
1380556831572750;19.9;36.9;Sun Oct 20 2019 09:39:15 GMT+0200 (CEST);Sun Oct 20 2019 07:39:15 GMT+0200 (CEST);1571557155000;0.72;183.54;12.17
1380556831572750;19.9;34.7;Sun Oct 20 2019 09:41:08 GMT+0200 (CEST);Sun Oct 20 2019 07:41:08 GMT+0200 (CEST);1571557268000;0.65;137.88;12.1
1380556831572750;19.9;34.1;Sun Oct 20 2019 09:43:15 GMT+0200 (CEST);Sun Oct 20 2019 07:43:15 GMT+0200 (CEST);1571557395000;0.46;99.79;11.95
1380556831572750;19.9;33.7;Sun Oct 20 2019 09:45:07 GMT+0200 (CEST);Sun Oct 20 2019 07:45:07 GMT+0200 (CEST);1571557507000;0.39;87.91;11.79
1380556831572750;19.4;33.8;Sun Oct 20 2019 09:47:00 GMT+0200 (CEST);Sun Oct 20 2019 07:47:00 GMT+0200 (CEST);1571557620000;0.4;89.64;11.67
1380556831572750;19.4;33.6;Sun Oct 20 2019 09:48:58 GMT+0200 (CEST);Sun Oct 20 2019 07:48:58 GMT+0200 (CEST);1571557738000;0.36;81.86;11.5
1380556831572750;19.4;34.5;Sun Oct 20 2019 09:50:58 GMT+0200 (CEST);Sun Oct 20 2019 07:50:58 GMT+0200 (CEST);1571557858000;0.49;108.77;11.35
1380556831572750;19.4;34;Sun Oct 20 2019 09:52:59 GMT+0200 (CEST);Sun Oct 20 2019 07:52:59 GMT+0200 (CEST);1571557979000;0.42;92.2;11.25
1380556831572750;19.4;34;Sun Oct 20 2019 09:54:52 GMT+0200 (CEST);Sun Oct 20 2019 07:54:52 GMT+0200 (CEST);1571558092000;0.38;87.51;11.12
1380556831572750;19.4;34.1;Sun Oct 20 2019 09:56:55 GMT+0200 (CEST);Sun Oct 20 2019 07:56:55 GMT+0200 (CEST);1571558215000;0.49;107.11;11
1380556831572750;19.4;34.1;Sun Oct 20 2019 09:58:48 GMT+0200 (CEST);Sun Oct 20 2019 07:58:48 GMT+0200 (CEST);1571558328000;0.47;105.56;11
1380556831572750;19.4;34.2;Sun Oct 20 2019 10:00:42 GMT+0200 (CEST);Sun Oct 20 2019 08:00:42 GMT+0200 (CEST);1571558442000;0.46;103.65;10.99
1380556831572750;19.4;33.9;Sun Oct 20 2019 10:02:37 GMT+0200 (CEST);Sun Oct 20 2019 08:02:37 GMT+0200 (CEST);1571558557000;0.39;88.23;10.96
1380556831572750;19.4;33.6;Sun Oct 20 2019 10:04:30 GMT+0200 (CEST);Sun Oct 20 2019 08:04:30 GMT+0200 (CEST);1571558670000;0.58;129.24;10.96
1380556831572750;19.4;34.8;Sun Oct 20 2019 10:06:24 GMT+0200 (CEST);Sun Oct 20 2019 08:06:24 GMT+0200 (CEST);1571558784000;0.59;141.57;11.03
1380556831572750;19.4;35.4;Sun Oct 20 2019 10:08:18 GMT+0200 (CEST);Sun Oct 20 2019 08:08:18 GMT+0200 (CEST);1571558898000;0.76;171.8;11.16
1380556831572750;19.9;35.6;Sun Oct 20 2019 10:10:11 GMT+0200 (CEST);Sun Oct 20 2019 08:10:11 GMT+0200 (CEST);1571559011000;1.72;335.35;11.37
1380556831572750;19.9;36.2;Sun Oct 20 2019 10:12:20 GMT+0200 (CEST);Sun Oct 20 2019 08:12:20 GMT+0200 (CEST);1571559140000;1.63;407.03;11.82
1380556831572750;21.5;36.5;Sun Oct 20 2019 10:14:13 GMT+0200 (CEST);Sun Oct 20 2019 08:14:13 GMT+0200 (CEST);1571559253000;1.74;321.3;12.43
1380556831572750;21.5;35.7;Sun Oct 20 2019 10:16:12 GMT+0200 (CEST);Sun Oct 20 2019 08:16:12 GMT+0200 (CEST);1571559372000;2.22;491.51;12.96
1380556831572750;21.5;35.4;Sun Oct 20 2019 10:18:05 GMT+0200 (CEST);Sun Oct 20 2019 08:18:05 GMT+0200 (CEST);1571559485000;1.51;363.51;13.4
1380556831572750;23.5;35.3;Sun Oct 20 2019 10:20:11 GMT+0200 (CEST);Sun Oct 20 2019 08:20:11 GMT+0200 (CEST);1571559611000;0.72;166.4;13.43
1380556831572750;23.5;35.2;Sun Oct 20 2019 10:22:04 GMT+0200 (CEST);Sun Oct 20 2019 08:22:04 GMT+0200 (CEST);1571559724000;0.71;210.48;13.45
1380556831572750;23.5;35.1;Sun Oct 20 2019 10:23:57 GMT+0200 (CEST);Sun Oct 20 2019 08:23:57 GMT+0200 (CEST);1571559837000;1.19;218.16;13.38
1380556831572750;23.5;36.9;Sun Oct 20 2019 10:25:55 GMT+0200 (CEST);Sun Oct 20 2019 08:25:55 GMT+0200 (CEST);1571559955000;1.39;296.08;13.57
1380556831572750;23.5;35.3;Sun Oct 20 2019 10:27:48 GMT+0200 (CEST);Sun Oct 20 2019 08:27:48 GMT+0200 (CEST);1571560068000;1;262.67;13.72
1380556831572750;24;33.5;Sun Oct 20 2019 10:29:41 GMT+0200 (CEST);Sun Oct 20 2019 08:29:41 GMT+0200 (CEST);1571560181000;0.62;126.71;13.58
1380556831572750;24;34.2;Sun Oct 20 2019 10:31:36 GMT+0200 (CEST);Sun Oct 20 2019 08:31:36 GMT+0200 (CEST);1571560296000;0.9;242.65;13.35
1380556831572750;24;35.4;Sun Oct 20 2019 10:33:34 GMT+0200 (CEST);Sun Oct 20 2019 08:33:34 GMT+0200 (CEST);1571560414000;1.32;310.55;13.32
1380556831572750;24;34.7;Sun Oct 20 2019 10:35:37 GMT+0200 (CEST);Sun Oct 20 2019 08:35:37 GMT+0200 (CEST);1571560537000;0.74;160.43;13.29
1380556831572750;24;34.7;Sun Oct 20 2019 10:37:30 GMT+0200 (CEST);Sun Oct 20 2019 08:37:30 GMT+0200 (CEST);1571560650000;0.95;208.17;13.18
1380556831572750;24;35.1;Sun Oct 20 2019 10:39:25 GMT+0200 (CEST);Sun Oct 20 2019 08:39:25 GMT+0200 (CEST);1571560765000;1.02;215.07;13.15
1380556831572750;24;35.3;Sun Oct 20 2019 10:41:17 GMT+0200 (CEST);Sun Oct 20 2019 08:41:17 GMT+0200 (CEST);1571560877000;2.21;483.83;13.34
1380556831572750;24;35.6;Sun Oct 20 2019 10:43:11 GMT+0200 (CEST);Sun Oct 20 2019 08:43:11 GMT+0200 (CEST);1571560991000;2.47;591.35;13.82
1380556831572750;24;35.3;Sun Oct 20 2019 10:45:09 GMT+0200 (CEST);Sun Oct 20 2019 08:45:09 GMT+0200 (CEST);1571561109000;2.33;529.91;14.28
1380556831572750;24;35.5;Sun Oct 20 2019 10:47:11 GMT+0200 (CEST);Sun Oct 20 2019 08:47:11 GMT+0200 (CEST);1571561231000;1.49;337.91;14.85
1380556831572750;25.5;35.7;Sun Oct 20 2019 10:49:04 GMT+0200 (CEST);Sun Oct 20 2019 08:49:04 GMT+0200 (CEST);1571561344000;2.41;596.47;15.4
1380556831572750;25.5;34.9;Sun Oct 20 2019 10:51:10 GMT+0200 (CEST);Sun Oct 20 2019 08:51:10 GMT+0200 (CEST);1571561470000;1.45;378.87;16.08
1380556831572750;28;35;Sun Oct 20 2019 10:53:10 GMT+0200 (CEST);Sun Oct 20 2019 08:53:10 GMT+0200 (CEST);1571561590000;1.8;499.19;16.47
1380556831572750;28;34;Sun Oct 20 2019 10:55:06 GMT+0200 (CEST);Sun Oct 20 2019 08:55:06 GMT+0200 (CEST);1571561706000;2.52;611.83;16.55
1380556831572750;28;34.6;Sun Oct 20 2019 10:56:59 GMT+0200 (CEST);Sun Oct 20 2019 08:56:59 GMT+0200 (CEST);1571561819000;1.47;734.13;16.63
1380556831572750;29.5;34.8;Sun Oct 20 2019 10:58:56 GMT+0200 (CEST);Sun Oct 20 2019 08:58:56 GMT+0200 (CEST);1571561936000;3.02;671.63;16.71
1380556831572750;29.5;34.6;Sun Oct 20 2019 11:00:49 GMT+0200 (CEST);Sun Oct 20 2019 09:00:49 GMT+0200 (CEST);1571562049000;2.91;683.56;16.89
1380556831572750;30;34.7;Sun Oct 20 2019 11:02:45 GMT+0200 (CEST);Sun Oct 20 2019 09:02:45 GMT+0200 (CEST);1571562165000;2.85;611.83;17.01
1380556831572750;30;34.7;Sun Oct 20 2019 11:04:38 GMT+0200 (CEST);Sun Oct 20 2019 09:04:38 GMT+0200 (CEST);1571562278000;3.16;716.52;17
1380556831572750;31.5;35.1;Sun Oct 20 2019 11:07:25 GMT+0200 (CEST);Sun Oct 20 2019 09:07:25 GMT+0200 (CEST);1571562445000;1.89;432.63;16.83
1380556831572750;31.5;34.5;Sun Oct 20 2019 11:09:18 GMT+0200 (CEST);Sun Oct 20 2019 09:09:18 GMT+0200 (CEST);1571562558000;2.47;738.17;17
1380556831572750;31.5;34.5;Sun Oct 20 2019 11:11:15 GMT+0200 (CEST);Sun Oct 20 2019 09:11:15 GMT+0200 (CEST);1571562675000;1.47;371.19;17.22
1380556831572750;32;34.1;Sun Oct 20 2019 11:13:09 GMT+0200 (CEST);Sun Oct 20 2019 09:13:09 GMT+0200 (CEST);1571562789000;2.79;471.03;17.17
1380556831572750;32;34.7;Sun Oct 20 2019 11:15:02 GMT+0200 (CEST);Sun Oct 20 2019 09:15:02 GMT+0200 (CEST);1571562902000;2.44;550.39;17.14
1380556831572750;32;34.5;Sun Oct 20 2019 11:16:56 GMT+0200 (CEST);Sun Oct 20 2019 09:16:56 GMT+0200 (CEST);1571563016000;1.39;343.03;16.92
1380556831572750;32;34.3;Sun Oct 20 2019 11:18:49 GMT+0200 (CEST);Sun Oct 20 2019 09:18:49 GMT+0200 (CEST);1571563129000;1.13;256.92;16.6
1380556831572750;32;34.1;Sun Oct 20 2019 11:20:42 GMT+0200 (CEST);Sun Oct 20 2019 09:20:42 GMT+0200 (CEST);1571563242000;1.14;254.24;16.03
1380556831572750;32;34.6;Sun Oct 20 2019 11:23:18 GMT+0200 (CEST);Sun Oct 20 2019 09:23:18 GMT+0200 (CEST);1571563398000;1.27;279;15.46
1380556831572750;32;35.4;Sun Oct 20 2019 11:25:11 GMT+0200 (CEST);Sun Oct 20 2019 09:25:11 GMT+0200 (CEST);1571563511000;1.67;386.55;15.25
1380556831572750;31.5;36;Sun Oct 20 2019 11:27:05 GMT+0200 (CEST);Sun Oct 20 2019 09:27:05 GMT+0200 (CEST);1571563625000;1.76;371.19;15.25
1380556831572750;31.5;34.9;Sun Oct 20 2019 11:28:58 GMT+0200 (CEST);Sun Oct 20 2019 09:28:58 GMT+0200 (CEST);1571563738000;1.55;353.27;15.22
1380556831572750;31.5;36.1;Sun Oct 20 2019 11:30:51 GMT+0200 (CEST);Sun Oct 20 2019 09:30:51 GMT+0200 (CEST);1571563851000;2.05;481.27;15.32
1380556831572750;30;36;Sun Oct 20 2019 11:32:47 GMT+0200 (CEST);Sun Oct 20 2019 09:32:47 GMT+0200 (CEST);1571563967000;1.88;419.83;15.5
1380556831572750;30;35.8;Sun Oct 20 2019 11:34:41 GMT+0200 (CEST);Sun Oct 20 2019 09:34:41 GMT+0200 (CEST);1571564081000;1.85;419.83;15.71
1380556831572750;30;35.8;Sun Oct 20 2019 11:36:38 GMT+0200 (CEST);Sun Oct 20 2019 09:36:38 GMT+0200 (CEST);1571564198000;1.81;419.83;15.92
1380556831572750;30;35.9;Sun Oct 20 2019 11:38:38 GMT+0200 (CEST);Sun Oct 20 2019 09:38:38 GMT+0200 (CEST);1571564318000;1.74;391.67;15.99
1380556831572750;30;35.5;Sun Oct 20 2019 11:40:32 GMT+0200 (CEST);Sun Oct 20 2019 09:40:32 GMT+0200 (CEST);1571564432000;1.63;363.51;16.05
1380556831572750;31.5;35.4;Sun Oct 20 2019 11:42:25 GMT+0200 (CEST);Sun Oct 20 2019 09:42:25 GMT+0200 (CEST);1571564545000;1.71;376.31;16.16
1380556831572750;31.5;35.5;Sun Oct 20 2019 11:44:19 GMT+0200 (CEST);Sun Oct 20 2019 09:44:19 GMT+0200 (CEST);1571564659000;1.71;383.99;16.24
1380556831572750;31.5;35.7;Sun Oct 20 2019 11:46:17 GMT+0200 (CEST);Sun Oct 20 2019 09:46:17 GMT+0200 (CEST);1571564777000;1.67;363.51;16.22
1380556831572750;31.5;35.7;Sun Oct 20 2019 11:48:12 GMT+0200 (CEST);Sun Oct 20 2019 09:48:12 GMT+0200 (CEST);1571564892000;1.7;378.87;16.25
1380556831572750;31.5;35.9;Sun Oct 20 2019 11:50:07 GMT+0200 (CEST);Sun Oct 20 2019 09:50:07 GMT+0200 (CEST);1571565007000;1.72;383.99;16.32
1380556831572750;31.5;35.3;Sun Oct 20 2019 11:52:14 GMT+0200 (CEST);Sun Oct 20 2019 09:52:14 GMT+0200 (CEST);1571565134000;1.6;350.71;16.36
1380556831572750;31.5;35.4;Sun Oct 20 2019 11:54:08 GMT+0200 (CEST);Sun Oct 20 2019 09:54:08 GMT+0200 (CEST);1571565248000;1.61;363.51;16.34
1380556831572750;31.5;35.8;Sun Oct 20 2019 11:56:00 GMT+0200 (CEST);Sun Oct 20 2019 09:56:00 GMT+0200 (CEST);1571565360000;1.49;330.23;16.39
1380556831572750;31.5;35.2;Sun Oct 20 2019 11:57:53 GMT+0200 (CEST);Sun Oct 20 2019 09:57:53 GMT+0200 (CEST);1571565473000;1.44;314.29;16.28
1380556831572750;31.5;34.8;Sun Oct 20 2019 11:59:46 GMT+0200 (CEST);Sun Oct 20 2019 09:59:46 GMT+0200 (CEST);1571565586000;1.4;296.21;16.21
1380556831572750;31.5;35.1;Sun Oct 20 2019 12:01:40 GMT+0200 (CEST);Sun Oct 20 2019 10:01:40 GMT+0200 (CEST);1571565700000;1.36;289.02;16.15
1380556831572750;31.5;34.4;Sun Oct 20 2019 12:03:33 GMT+0200 (CEST);Sun Oct 20 2019 10:03:33 GMT+0200 (CEST);1571565813000;1.25;260.73;16.07
1380556831572750;30;34.2;Sun Oct 20 2019 12:05:45 GMT+0200 (CEST);Sun Oct 20 2019 10:05:45 GMT+0200 (CEST);1571565945000;1.2;251.17;15.92
1380556831572750;30;34.3;Sun Oct 20 2019 12:07:37 GMT+0200 (CEST);Sun Oct 20 2019 10:07:37 GMT+0200 (CEST);1571566057000;1.21;260.97;15.83
1380556831572750;30;34.5;Sun Oct 20 2019 12:09:32 GMT+0200 (CEST);Sun Oct 20 2019 10:09:32 GMT+0200 (CEST);1571566172000;1.25;264.93;15.82
1380556831572750;29.5;35.4;Sun Oct 20 2019 12:11:32 GMT+0200 (CEST);Sun Oct 20 2019 10:11:32 GMT+0200 (CEST);1571566292000;1.39;307.33;15.89
1380556831572750;29.5;35.6;Sun Oct 20 2019 12:13:25 GMT+0200 (CEST);Sun Oct 20 2019 10:13:25 GMT+0200 (CEST);1571566405000;1.48;337.91;15.96
1380556831572750;30;35.9;Sun Oct 20 2019 12:15:18 GMT+0200 (CEST);Sun Oct 20 2019 10:15:18 GMT+0200 (CEST);1571566518000;1.52;345.59;16.14
1380556831572750;30;36.1;Sun Oct 20 2019 12:17:12 GMT+0200 (CEST);Sun Oct 20 2019 10:17:12 GMT+0200 (CEST);1571566632000;1.85;412.15;16.34
1380556831572750;30;35.9;Sun Oct 20 2019 12:19:05 GMT+0200 (CEST);Sun Oct 20 2019 10:19:05 GMT+0200 (CEST);1571566745000;1.65;376.31;16.55
1380556831572750;30;36;Sun Oct 20 2019 12:20:57 GMT+0200 (CEST);Sun Oct 20 2019 10:20:57 GMT+0200 (CEST);1571566857000;1.87;399.35;16.71
1380556831572750;30;34.6;Sun Oct 20 2019 12:22:50 GMT+0200 (CEST);Sun Oct 20 2019 10:22:50 GMT+0200 (CEST);1571566970000;1.87;417.27;16.94
1380556831572750;30;35.9;Sun Oct 20 2019 12:24:48 GMT+0200 (CEST);Sun Oct 20 2019 10:24:48 GMT+0200 (CEST);1571567088000;1.64;378.87;17.25
1380556831572750;30;35.9;Sun Oct 20 2019 12:26:43 GMT+0200 (CEST);Sun Oct 20 2019 10:26:43 GMT+0200 (CEST);1571567203000;2.07;473.59;17.47
1380556831572750;31.5;35.9;Sun Oct 20 2019 12:28:39 GMT+0200 (CEST);Sun Oct 20 2019 10:28:39 GMT+0200 (CEST);1571567319000;2.86;596.47;17.73
1380556831572750;31.5;34.8;Sun Oct 20 2019 12:30:32 GMT+0200 (CEST);Sun Oct 20 2019 10:30:32 GMT+0200 (CEST);1571567432000;3.15;708.47;18.23
1380556831572750;31.5;36;Sun Oct 20 2019 12:32:25 GMT+0200 (CEST);Sun Oct 20 2019 10:32:25 GMT+0200 (CEST);1571567545000;3.17;756.08;18.98
1380556831572750;32;33.3;Sun Oct 20 2019 12:34:18 GMT+0200 (CEST);Sun Oct 20 2019 10:34:18 GMT+0200 (CEST);1571567658000;4.07;882.98;19.7
1380556831572750;32;33;Sun Oct 20 2019 12:36:15 GMT+0200 (CEST);Sun Oct 20 2019 10:36:15 GMT+0200 (CEST);1571567775000;4.07;869.01;20.37
1380556831572750;33;32.8;Sun Oct 20 2019 12:38:09 GMT+0200 (CEST);Sun Oct 20 2019 10:38:09 GMT+0200 (CEST);1571567889000;3.84;823.35;20.85
1380556831572750;33;32.5;Sun Oct 20 2019 12:40:07 GMT+0200 (CEST);Sun Oct 20 2019 10:40:07 GMT+0200 (CEST);1571568007000;3.16;789.85;21.2
1380556831572750;33;33.6;Sun Oct 20 2019 12:42:07 GMT+0200 (CEST);Sun Oct 20 2019 10:42:07 GMT+0200 (CEST);1571568127000;3.64;820.68;21.61
1380556831572750;36.1;33.6;Sun Oct 20 2019 12:44:00 GMT+0200 (CEST);Sun Oct 20 2019 10:44:00 GMT+0200 (CEST);1571568240000;3.72;803.34;21.61
1380556831572750;36.1;33;Sun Oct 20 2019 12:45:53 GMT+0200 (CEST);Sun Oct 20 2019 10:45:53 GMT+0200 (CEST);1571568353000;3.8;824.44;21.74
1380556831572750;38.1;33.1;Sun Oct 20 2019 12:48:15 GMT+0200 (CEST);Sun Oct 20 2019 10:48:15 GMT+0200 (CEST);1571568495000;3.58;777.69;22.16
1380556831572750;38.1;32.1;Sun Oct 20 2019 12:50:08 GMT+0200 (CEST);Sun Oct 20 2019 10:50:08 GMT+0200 (CEST);1571568608000;3.83;814.73;22.43
1380556831572750;38.1;31.8;Sun Oct 20 2019 12:52:00 GMT+0200 (CEST);Sun Oct 20 2019 10:52:00 GMT+0200 (CEST);1571568720000;3.86;810.83;22.58
1380556831572750;39.6;31.7;Sun Oct 20 2019 12:53:53 GMT+0200 (CEST);Sun Oct 20 2019 10:53:53 GMT+0200 (CEST);1571568833000;3.71;775.38;22.91
1380556831572750;39.6;31.8;Sun Oct 20 2019 12:55:46 GMT+0200 (CEST);Sun Oct 20 2019 10:55:46 GMT+0200 (CEST);1571568946000;3.95;835.72;23.24
1380556831572750;40.1;31.7;Sun Oct 20 2019 12:57:39 GMT+0200 (CEST);Sun Oct 20 2019 10:57:39 GMT+0200 (CEST);1571569059000;3.92;827.31;23.6
1380556831572750;40.1;31.9;Sun Oct 20 2019 12:59:32 GMT+0200 (CEST);Sun Oct 20 2019 10:59:32 GMT+0200 (CEST);1571569172000;3.87;812.34;23.53
1380556831572750;40.1;32.6;Sun Oct 20 2019 13:01:29 GMT+0200 (CEST);Sun Oct 20 2019 11:01:29 GMT+0200 (CEST);1571569289000;3.88;599.03;23.57
1380556831572750;41.6;32.1;Sun Oct 20 2019 13:03:35 GMT+0200 (CEST);Sun Oct 20 2019 11:03:35 GMT+0200 (CEST);1571569415000;3.86;815.31;23.79
1380556831572750;41.6;32.1;Sun Oct 20 2019 13:05:28 GMT+0200 (CEST);Sun Oct 20 2019 11:05:28 GMT+0200 (CEST);1571569528000;3.71;779.16;23.78
1380556831572750;42.1;32.2;Sun Oct 20 2019 13:07:21 GMT+0200 (CEST);Sun Oct 20 2019 11:07:21 GMT+0200 (CEST);1571569641000;3.89;796.62;23.82
1380556831572750;42.1;32;Sun Oct 20 2019 13:09:17 GMT+0200 (CEST);Sun Oct 20 2019 11:09:17 GMT+0200 (CEST);1571569757000;3.89;845.11;23.94
1380556831572750;42.1;32.3;Sun Oct 20 2019 13:11:17 GMT+0200 (CEST);Sun Oct 20 2019 11:11:17 GMT+0200 (CEST);1571569877000;3.14;680.96;24.28
1380556831572750;42.1;32.3;Sun Oct 20 2019 13:13:10 GMT+0200 (CEST);Sun Oct 20 2019 11:13:10 GMT+0200 (CEST);1571569990000;3.34;691.89;24.14
1380556831572750;42.1;32.4;Sun Oct 20 2019 13:15:03 GMT+0200 (CEST);Sun Oct 20 2019 11:15:03 GMT+0200 (CEST);1571570103000;1.36;321.67;23.9
1380556831572750;42.1;32.1;Sun Oct 20 2019 13:16:33 GMT+0200 (CEST);Sun Oct 20 2019 11:16:33 GMT+0200 (CEST);1571570193000;1.2;250.83;23.21
1380556831572750;42.1;33.2;Sun Oct 20 2019 13:18:55 GMT+0200 (CEST);Sun Oct 20 2019 11:18:55 GMT+0200 (CEST);1571570335000;1.62;363.51;22.25
1380556831572750;42.1;33.5;Sun Oct 20 2019 13:20:51 GMT+0200 (CEST);Sun Oct 20 2019 11:20:51 GMT+0200 (CEST);1571570451000;2.53;519.67;21.99
1380556831572750;40.1;34;Sun Oct 20 2019 13:22:45 GMT+0200 (CEST);Sun Oct 20 2019 11:22:45 GMT+0200 (CEST);1571570565000;3.61;781.49;21.89
1380556831572750;40.1;33.2;Sun Oct 20 2019 13:24:38 GMT+0200 (CEST);Sun Oct 20 2019 11:24:38 GMT+0200 (CEST);1571570678000;4.06;877.68;22.33
1380556831572750;39.6;32.8;Sun Oct 20 2019 13:26:52 GMT+0200 (CEST);Sun Oct 20 2019 11:26:52 GMT+0200 (CEST);1571570812000;4.04;857.52;22.93
1380556831572750;39.6;33.2;Sun Oct 20 2019 13:28:47 GMT+0200 (CEST);Sun Oct 20 2019 11:28:47 GMT+0200 (CEST);1571570927000;3.72;779.02;23.5
1380556831572750;39.6;32.9;Sun Oct 20 2019 13:30:40 GMT+0200 (CEST);Sun Oct 20 2019 11:30:40 GMT+0200 (CEST);1571571040000;3.72;789.32;23.76
1380556831572750;39.6;32.5;Sun Oct 20 2019 13:32:34 GMT+0200 (CEST);Sun Oct 20 2019 11:32:34 GMT+0200 (CEST);1571571154000;3.01;639.99;24
1380556831572750;39.6;32.8;Sun Oct 20 2019 13:34:32 GMT+0200 (CEST);Sun Oct 20 2019 11:34:32 GMT+0200 (CEST);1571571272000;3.3;726.74;24.28
1380556831572750;40.1;32.5;Sun Oct 20 2019 13:36:30 GMT+0200 (CEST);Sun Oct 20 2019 11:36:30 GMT+0200 (CEST);1571571390000;3.37;721.33;24.68
1380556831572750;40.1;33.4;Sun Oct 20 2019 13:38:23 GMT+0200 (CEST);Sun Oct 20 2019 11:38:23 GMT+0200 (CEST);1571571503000;3.68;787.42;24.96
1380556831572750;40.1;32.4;Sun Oct 20 2019 13:40:16 GMT+0200 (CEST);Sun Oct 20 2019 11:40:16 GMT+0200 (CEST);1571571616000;3.38;724.42;25.18
1380556831572750;40.1;32.5;Sun Oct 20 2019 13:42:16 GMT+0200 (CEST);Sun Oct 20 2019 11:42:16 GMT+0200 (CEST);1571571736000;2.92;632.31;24.92
1380556831572750;40.1;32.6;Sun Oct 20 2019 13:44:08 GMT+0200 (CEST);Sun Oct 20 2019 11:44:08 GMT+0200 (CEST);1571571848000;3.19;712.48;24.57
1380556831572750;41.6;33.7;Sun Oct 20 2019 13:46:01 GMT+0200 (CEST);Sun Oct 20 2019 11:46:01 GMT+0200 (CEST);1571571961000;3.4;779.45;24.64
1380556831572750;41.6;34;Sun Oct 20 2019 13:48:03 GMT+0200 (CEST);Sun Oct 20 2019 11:48:03 GMT+0200 (CEST);1571572083000;2.45;540.15;24.63
1380556831572750;41.6;33.9;Sun Oct 20 2019 13:50:10 GMT+0200 (CEST);Sun Oct 20 2019 11:50:10 GMT+0200 (CEST);1571572210000;2.9;647.67;24.57
1380556831572750;42.6;33.2;Sun Oct 20 2019 13:52:08 GMT+0200 (CEST);Sun Oct 20 2019 11:52:08 GMT+0200 (CEST);1571572328000;3.41;754.72;24.67
1380556831572750;42.6;33.4;Sun Oct 20 2019 13:54:02 GMT+0200 (CEST);Sun Oct 20 2019 11:54:02 GMT+0200 (CEST);1571572442000;2.74;606.71;24.72
1380556831572750;41.6;32.8;Sun Oct 20 2019 13:55:55 GMT+0200 (CEST);Sun Oct 20 2019 11:55:55 GMT+0200 (CEST);1571572555000;1.62;363.51;24.4
1380556831572750;41.6;32.6;Sun Oct 20 2019 13:58:00 GMT+0200 (CEST);Sun Oct 20 2019 11:58:00 GMT+0200 (CEST);1571572680000;3.09;670.02;23.96
1380556831572750;41.6;33.2;Sun Oct 20 2019 13:59:52 GMT+0200 (CEST);Sun Oct 20 2019 11:59:52 GMT+0200 (CEST);1571572792000;0.86;188.23;23.67
1380556831572750;40.1;33.6;Sun Oct 20 2019 14:01:45 GMT+0200 (CEST);Sun Oct 20 2019 12:01:45 GMT+0200 (CEST);1571572905000;2.42;542.71;23.28
1380556831572750;40.1;33.6;Sun Oct 20 2019 14:03:38 GMT+0200 (CEST);Sun Oct 20 2019 12:03:38 GMT+0200 (CEST);1571573018000;2.07;442.87;23.06
1380556831572750;40.1;33.9;Sun Oct 20 2019 14:05:42 GMT+0200 (CEST);Sun Oct 20 2019 12:05:42 GMT+0200 (CEST);1571573142000;2.14;455.67;22.94
1380556831572750;40.1;34.1;Sun Oct 20 2019 14:07:35 GMT+0200 (CEST);Sun Oct 20 2019 12:07:35 GMT+0200 (CEST);1571573255000;2;422.39;22.92
1380556831572750;40.1;34;Sun Oct 20 2019 14:09:18 GMT+0200 (CEST);Sun Oct 20 2019 12:09:18 GMT+0200 (CEST);1571573358000;2.02;450.55;22.97
1380556831572750;39.6;34.5;Sun Oct 20 2019 14:11:10 GMT+0200 (CEST);Sun Oct 20 2019 12:11:10 GMT+0200 (CEST);1571573470000;2.43;558.07;23.06
1380556831572750;39.6;34.2;Sun Oct 20 2019 14:13:31 GMT+0200 (CEST);Sun Oct 20 2019 12:13:31 GMT+0200 (CEST);1571573611000;2.61;583.67;23.27
1380556831572750;39.6;34.1;Sun Oct 20 2019 14:15:26 GMT+0200 (CEST);Sun Oct 20 2019 12:15:26 GMT+0200 (CEST);1571573726000;2.99;656.21;23.64
1380556831572750;39.6;33.8;Sun Oct 20 2019 14:17:20 GMT+0200 (CEST);Sun Oct 20 2019 12:17:20 GMT+0200 (CEST);1571573840000;2.85;668.84;24.02
1380556831572750;39.6;33.3;Sun Oct 20 2019 14:19:13 GMT+0200 (CEST);Sun Oct 20 2019 12:19:13 GMT+0200 (CEST);1571573953000;2.57;547.83;24.32
1380556831572750;39.6;32.4;Sun Oct 20 2019 14:21:17 GMT+0200 (CEST);Sun Oct 20 2019 12:21:17 GMT+0200 (CEST);1571574077000;2.9;606.71;24.38
1380556831572750;39.6;32.6;Sun Oct 20 2019 14:23:10 GMT+0200 (CEST);Sun Oct 20 2019 12:23:10 GMT+0200 (CEST);1571574190000;2.6;560.63;24.38
1380556831572750;39.6;33;Sun Oct 20 2019 14:25:03 GMT+0200 (CEST);Sun Oct 20 2019 12:25:03 GMT+0200 (CEST);1571574303000;2.64;563.19;24.46
1380556831572750;39.6;32.5;Sun Oct 20 2019 14:27:06 GMT+0200 (CEST);Sun Oct 20 2019 12:27:06 GMT+0200 (CEST);1571574426000;2.61;563.19;24.63
1380556831572750;39.6;32.7;Sun Oct 20 2019 14:28:59 GMT+0200 (CEST);Sun Oct 20 2019 12:28:59 GMT+0200 (CEST);1571574539000;2.78;583.67;24.66
1380556831572750;39.6;32.7;Sun Oct 20 2019 14:30:51 GMT+0200 (CEST);Sun Oct 20 2019 12:30:51 GMT+0200 (CEST);1571574651000;3.31;710.68;24.75
1380556831572750;39.6;32.6;Sun Oct 20 2019 14:32:44 GMT+0200 (CEST);Sun Oct 20 2019 12:32:44 GMT+0200 (CEST);1571574764000;3.05;647.67;24.75
1380556831572750;40.1;32.6;Sun Oct 20 2019 14:34:37 GMT+0200 (CEST);Sun Oct 20 2019 12:34:37 GMT+0200 (CEST);1571574877000;3.05;647.67;24.71
1380556831572750;40.1;32.5;Sun Oct 20 2019 14:36:39 GMT+0200 (CEST);Sun Oct 20 2019 12:36:39 GMT+0200 (CEST);1571574999000;2.99;642.55;24.85
1380556831572750;40.1;32.3;Sun Oct 20 2019 14:38:31 GMT+0200 (CEST);Sun Oct 20 2019 12:38:31 GMT+0200 (CEST);1571575111000;3.11;652.79;25
1380556831572750;40.1;31.2;Sun Oct 20 2019 14:40:24 GMT+0200 (CEST);Sun Oct 20 2019 12:40:24 GMT+0200 (CEST);1571575224000;2.89;601.59;25.04
1380556831572750;40.1;31.4;Sun Oct 20 2019 14:42:17 GMT+0200 (CEST);Sun Oct 20 2019 12:42:17 GMT+0200 (CEST);1571575337000;3.01;627.19;25.18
1380556831572750;40.1;31.8;Sun Oct 20 2019 14:44:14 GMT+0200 (CEST);Sun Oct 20 2019 12:44:14 GMT+0200 (CEST);1571575454000;2.6;547.83;25.09
1380556831572750;40.1;33.4;Sun Oct 20 2019 14:46:07 GMT+0200 (CEST);Sun Oct 20 2019 12:46:07 GMT+0200 (CEST);1571575567000;2.49;547.83;24.95
1380556831572750;40.1;33.4;Sun Oct 20 2019 14:48:00 GMT+0200 (CEST);Sun Oct 20 2019 12:48:00 GMT+0200 (CEST);1571575680000;3.15;688.01;24.82
1380556831572750;40.1;33.5;Sun Oct 20 2019 14:49:53 GMT+0200 (CEST);Sun Oct 20 2019 12:49:53 GMT+0200 (CEST);1571575793000;3.11;677.08;25.21
1380556831572750;40.1;33.3;Sun Oct 20 2019 14:52:21 GMT+0200 (CEST);Sun Oct 20 2019 12:52:21 GMT+0200 (CEST);1571575941000;3.03;659.72;25.61
1380556831572750;40.1;33.9;Sun Oct 20 2019 14:54:14 GMT+0200 (CEST);Sun Oct 20 2019 12:54:14 GMT+0200 (CEST);1571576054000;2.74;645.11;25.75
1380556831572750;40.1;33.2;Sun Oct 20 2019 14:56:14 GMT+0200 (CEST);Sun Oct 20 2019 12:56:14 GMT+0200 (CEST);1571576174000;2.89;634.87;25.75
1380556831572750;41.6;33.2;Sun Oct 20 2019 14:58:08 GMT+0200 (CEST);Sun Oct 20 2019 12:58:08 GMT+0200 (CEST);1571576288000;2.88;627.19;25.82
1380556831572750;41.6;33.4;Sun Oct 20 2019 15:00:02 GMT+0200 (CEST);Sun Oct 20 2019 13:00:02 GMT+0200 (CEST);1571576402000;2.88;627.19;25.82
1380556831572750;41.6;33.2;Sun Oct 20 2019 15:01:56 GMT+0200 (CEST);Sun Oct 20 2019 13:01:56 GMT+0200 (CEST);1571576516000;2.8;616.95;25.85
1380556831572750;41.6;33.2;Sun Oct 20 2019 15:03:49 GMT+0200 (CEST);Sun Oct 20 2019 13:03:49 GMT+0200 (CEST);1571576629000;2.79;609.27;25.89
1380556831572750;41.6;33.2;Sun Oct 20 2019 15:05:42 GMT+0200 (CEST);Sun Oct 20 2019 13:05:42 GMT+0200 (CEST);1571576742000;2.76;606.71;25.97
1380556831572750;41.6;33.2;Sun Oct 20 2019 15:08:07 GMT+0200 (CEST);Sun Oct 20 2019 13:08:07 GMT+0200 (CEST);1571576887000;2.64;583.67;26.13
1380556831572750;41.6;33.3;Sun Oct 20 2019 15:10:04 GMT+0200 (CEST);Sun Oct 20 2019 13:10:04 GMT+0200 (CEST);1571577004000;2.62;568.31;26.03
1380556831572750;41.6;33.2;Sun Oct 20 2019 15:11:57 GMT+0200 (CEST);Sun Oct 20 2019 13:11:57 GMT+0200 (CEST);1571577117000;1.5;306.45;25.72
1380556831572750;41.6;33.4;Sun Oct 20 2019 15:13:50 GMT+0200 (CEST);Sun Oct 20 2019 13:13:50 GMT+0200 (CEST);1571577230000;2.13;463.35;25.3
1380556831572750;41.6;33.5;Sun Oct 20 2019 15:15:44 GMT+0200 (CEST);Sun Oct 20 2019 13:15:44 GMT+0200 (CEST);1571577344000;2.14;483.83;25.06
1380556831572750;41.6;33.4;Sun Oct 20 2019 15:17:42 GMT+0200 (CEST);Sun Oct 20 2019 13:17:42 GMT+0200 (CEST);1571577462000;2.21;491.51;25.16
1380556831572750;40.1;33.8;Sun Oct 20 2019 15:19:37 GMT+0200 (CEST);Sun Oct 20 2019 13:19:37 GMT+0200 (CEST);1571577577000;2.65;586.23;25.32
1380556831572750;40.1;33.6;Sun Oct 20 2019 15:21:34 GMT+0200 (CEST);Sun Oct 20 2019 13:21:34 GMT+0200 (CEST);1571577694000;2.65;583.67;25.52
1380556831572750;40.1;33.6;Sun Oct 20 2019 15:23:28 GMT+0200 (CEST);Sun Oct 20 2019 13:23:28 GMT+0200 (CEST);1571577808000;2.62;570.87;25.82
1380556831572750;40.1;33.4;Sun Oct 20 2019 15:25:21 GMT+0200 (CEST);Sun Oct 20 2019 13:25:21 GMT+0200 (CEST);1571577921000;2.43;542.71;26
1380556831572750;40.1;33.4;Sun Oct 20 2019 15:27:21 GMT+0200 (CEST);Sun Oct 20 2019 13:27:21 GMT+0200 (CEST);1571578041000;2.4;537.59;26.13
1380556831572750;41.6;33.4;Sun Oct 20 2019 15:29:14 GMT+0200 (CEST);Sun Oct 20 2019 13:29:14 GMT+0200 (CEST);1571578154000;2.15;481.27;26.1
1380556831572750;41.6;33.5;Sun Oct 20 2019 15:31:19 GMT+0200 (CEST);Sun Oct 20 2019 13:31:19 GMT+0200 (CEST);1571578279000;1.85;404.47;25.68
1380556831572750;41.6;33.4;Sun Oct 20 2019 15:33:15 GMT+0200 (CEST);Sun Oct 20 2019 13:33:15 GMT+0200 (CEST);1571578395000;1.49;321.88;25.1
1380556831572750;40.1;33.8;Sun Oct 20 2019 15:35:08 GMT+0200 (CEST);Sun Oct 20 2019 13:35:08 GMT+0200 (CEST);1571578508000;1.34;269.19;24.5
1380556831572750;40.1;33.6;Sun Oct 20 2019 15:37:00 GMT+0200 (CEST);Sun Oct 20 2019 13:37:00 GMT+0200 (CEST);1571578620000;0.97;221.31;24.14
1380556831572750;39.6;34;Sun Oct 20 2019 15:39:12 GMT+0200 (CEST);Sun Oct 20 2019 13:39:12 GMT+0200 (CEST);1571578752000;1.18;276.08;23.66
1380556831572750;39.6;34.4;Sun Oct 20 2019 15:41:06 GMT+0200 (CEST);Sun Oct 20 2019 13:41:06 GMT+0200 (CEST);1571578866000;1.15;256.72;23.42
1380556831572750;39.6;34.1;Sun Oct 20 2019 15:43:00 GMT+0200 (CEST);Sun Oct 20 2019 13:43:00 GMT+0200 (CEST);1571578980000;0.94;216.88;23.23
1380556831572750;39.6;34.3;Sun Oct 20 2019 15:44:54 GMT+0200 (CEST);Sun Oct 20 2019 13:44:54 GMT+0200 (CEST);1571579094000;1.63;371.19;23.09
1380556831572750;39.6;34.6;Sun Oct 20 2019 15:46:47 GMT+0200 (CEST);Sun Oct 20 2019 13:46:47 GMT+0200 (CEST);1571579207000;1.02;243.51;23.03
1380556831572750;37.6;37;Sun Oct 20 2019 15:48:40 GMT+0200 (CEST);Sun Oct 20 2019 13:48:40 GMT+0200 (CEST);1571579320000;1.11;355.83;22.97
1380556831572750;37.6;35.1;Sun Oct 20 2019 15:50:32 GMT+0200 (CEST);Sun Oct 20 2019 13:50:32 GMT+0200 (CEST);1571579432000;1.62;360.95;23.17
1380556831572750;37.6;34.7;Sun Oct 20 2019 15:52:29 GMT+0200 (CEST);Sun Oct 20 2019 13:52:29 GMT+0200 (CEST);1571579549000;1.6;360.95;23.28
1380556831572750;37.6;37.9;Sun Oct 20 2019 15:55:14 GMT+0200 (CEST);Sun Oct 20 2019 13:55:14 GMT+0200 (CEST);1571579714000;0.85;396.79;23.34
1380556831572750;37.6;38.8;Sun Oct 20 2019 15:57:07 GMT+0200 (CEST);Sun Oct 20 2019 13:57:07 GMT+0200 (CEST);1571579827000;0.77;394.23;23.49
1380556831572750;37.6;37.9;Sun Oct 20 2019 15:59:04 GMT+0200 (CEST);Sun Oct 20 2019 13:59:04 GMT+0200 (CEST);1571579944000;0.71;213.15;23.57
1380556831572750;37.6;35.8;Sun Oct 20 2019 16:00:56 GMT+0200 (CEST);Sun Oct 20 2019 14:00:56 GMT+0200 (CEST);1571580056000;0.67;180.37;23.38
1380556831572750;37.6;36.5;Sun Oct 20 2019 16:02:50 GMT+0200 (CEST);Sun Oct 20 2019 14:02:50 GMT+0200 (CEST);1571580170000;0.64;258.9;22.85
1380556831572750;37.6;36.3;Sun Oct 20 2019 16:04:43 GMT+0200 (CEST);Sun Oct 20 2019 14:04:43 GMT+0200 (CEST);1571580283000;0.61;256.6;22.65
1380556831572750;37.6;35.6;Sun Oct 20 2019 16:06:49 GMT+0200 (CEST);Sun Oct 20 2019 14:06:49 GMT+0200 (CEST);1571580409000;0.57;195.11;22.46
1380556831572750;37.6;34.5;Sun Oct 20 2019 16:08:42 GMT+0200 (CEST);Sun Oct 20 2019 14:08:42 GMT+0200 (CEST);1571580522000;0.56;161.54;22.27
1380556831572750;37.6;34.1;Sun Oct 20 2019 16:10:39 GMT+0200 (CEST);Sun Oct 20 2019 14:10:39 GMT+0200 (CEST);1571580639000;0.57;184.04;22.01
1380556831572750;33;35;Sun Oct 20 2019 16:12:31 GMT+0200 (CEST);Sun Oct 20 2019 14:12:31 GMT+0200 (CEST);1571580751000;0.59;240.92;21.91
1380556831572750;33;34.5;Sun Oct 20 2019 16:14:24 GMT+0200 (CEST);Sun Oct 20 2019 14:14:24 GMT+0200 (CEST);1571580864000;0.61;217.79;21.89
1380556831572750;32;34.1;Sun Oct 20 2019 16:16:17 GMT+0200 (CEST);Sun Oct 20 2019 14:16:17 GMT+0200 (CEST);1571580977000;0.62;262.31;21.82
1380556831572750;32;34.1;Sun Oct 20 2019 16:18:13 GMT+0200 (CEST);Sun Oct 20 2019 14:18:13 GMT+0200 (CEST);1571581093000;0.62;291.33;21.85
1380556831572750;32;34.3;Sun Oct 20 2019 16:20:43 GMT+0200 (CEST);Sun Oct 20 2019 14:20:43 GMT+0200 (CEST);1571581243000;0.63;360.95;22.1
1380556831572750;31.5;34.6;Sun Oct 20 2019 16:22:36 GMT+0200 (CEST);Sun Oct 20 2019 14:22:36 GMT+0200 (CEST);1571581356000;0.62;299.32;22.35
1380556831572750;31.5;34.3;Sun Oct 20 2019 16:24:36 GMT+0200 (CEST);Sun Oct 20 2019 14:24:36 GMT+0200 (CEST);1571581476000;0.58;241.5;22.39
1380556831572750;31.5;34.8;Sun Oct 20 2019 16:26:30 GMT+0200 (CEST);Sun Oct 20 2019 14:26:30 GMT+0200 (CEST);1571581590000;0.57;318.73;22.41
1380556831572750;31.5;34.7;Sun Oct 20 2019 16:28:23 GMT+0200 (CEST);Sun Oct 20 2019 14:28:23 GMT+0200 (CEST);1571581703000;0.55;248.78;22.44
1380556831572750;31.5;35;Sun Oct 20 2019 16:30:16 GMT+0200 (CEST);Sun Oct 20 2019 14:30:16 GMT+0200 (CEST);1571581816000;0.53;255.35;22.44
1380556831572750;31.5;34.7;Sun Oct 20 2019 16:32:12 GMT+0200 (CEST);Sun Oct 20 2019 14:32:12 GMT+0200 (CEST);1571581932000;0.51;262.03;22.36
1380556831572750;31.5;34.5;Sun Oct 20 2019 16:34:09 GMT+0200 (CEST);Sun Oct 20 2019 14:34:09 GMT+0200 (CEST);1571582049000;0.5;298.35;22.29
1380556831572750;30;34.2;Sun Oct 20 2019 16:36:02 GMT+0200 (CEST);Sun Oct 20 2019 14:36:02 GMT+0200 (CEST);1571582162000;0.52;355.83;22.39
1380556831572750;30;34;Sun Oct 20 2019 16:37:55 GMT+0200 (CEST);Sun Oct 20 2019 14:37:55 GMT+0200 (CEST);1571582275000;0.5;213.86;22.46
1380556831572750;30;34.3;Sun Oct 20 2019 16:39:49 GMT+0200 (CEST);Sun Oct 20 2019 14:39:49 GMT+0200 (CEST);1571582389000;0.49;209.7;22.32
1380556831572750;29.5;35.3;Sun Oct 20 2019 16:41:43 GMT+0200 (CEST);Sun Oct 20 2019 14:41:43 GMT+0200 (CEST);1571582503000;0.49;250.9;22.2
1380556831572750;29.5;35.9;Sun Oct 20 2019 16:43:36 GMT+0200 (CEST);Sun Oct 20 2019 14:43:36 GMT+0200 (CEST);1571582616000;0.5;236.15;22.37
1380556831572750;30;36;Sun Oct 20 2019 16:45:32 GMT+0200 (CEST);Sun Oct 20 2019 14:45:32 GMT+0200 (CEST);1571582732000;0.49;193.31;22.49
1380556831572750;30;36.1;Sun Oct 20 2019 16:47:25 GMT+0200 (CEST);Sun Oct 20 2019 14:47:25 GMT+0200 (CEST);1571582845000;0.48;157.84;22.35
1380556831572750;30;36.3;Sun Oct 20 2019 16:50:11 GMT+0200 (CEST);Sun Oct 20 2019 14:50:11 GMT+0200 (CEST);1571583011000;0.47;164.15;21.99
1380556831572750;30;34.7;Sun Oct 20 2019 16:52:08 GMT+0200 (CEST);Sun Oct 20 2019 14:52:08 GMT+0200 (CEST);1571583128000;0.46;150.33;21.64
1380556831572750;30;33.8;Sun Oct 20 2019 16:54:01 GMT+0200 (CEST);Sun Oct 20 2019 14:54:01 GMT+0200 (CEST);1571583241000;0.45;154.68;21.32
1380556831572750;29.5;33.4;Sun Oct 20 2019 16:56:08 GMT+0200 (CEST);Sun Oct 20 2019 14:56:08 GMT+0200 (CEST);1571583368000;0.42;129.68;21.03
1380556831572750;29.5;33.6;Sun Oct 20 2019 16:58:01 GMT+0200 (CEST);Sun Oct 20 2019 14:58:01 GMT+0200 (CEST);1571583481000;0.39;102.01;20.71
1380556831572750;29.5;33.2;Sun Oct 20 2019 16:59:54 GMT+0200 (CEST);Sun Oct 20 2019 14:59:54 GMT+0200 (CEST);1571583594000;0.37;104.79;20.42
1380556831572750;29.5;33.4;Sun Oct 20 2019 17:01:48 GMT+0200 (CEST);Sun Oct 20 2019 15:01:48 GMT+0200 (CEST);1571583708000;0.34;94.18;20.21
1380556831572750;29.5;33.6;Sun Oct 20 2019 17:03:40 GMT+0200 (CEST);Sun Oct 20 2019 15:03:40 GMT+0200 (CEST);1571583820000;0.33;78.12;19.99
1380556831572750;28;34.1;Sun Oct 20 2019 17:05:45 GMT+0200 (CEST);Sun Oct 20 2019 15:05:45 GMT+0200 (CEST);1571583945000;0.32;81.86;19.73
1380556831572750;28;34.8;Sun Oct 20 2019 17:07:37 GMT+0200 (CEST);Sun Oct 20 2019 15:07:37 GMT+0200 (CEST);1571584057000;0.3;76.85;19.5
1380556831572750;28;34.1;Sun Oct 20 2019 17:09:31 GMT+0200 (CEST);Sun Oct 20 2019 15:09:31 GMT+0200 (CEST);1571584171000;0.29;71.09;19.33
1380556831572750;28;33.8;Sun Oct 20 2019 17:11:27 GMT+0200 (CEST);Sun Oct 20 2019 15:11:27 GMT+0200 (CEST);1571584287000;0.28;68.71;19.19
1380556831572750;27.5;34.1;Sun Oct 20 2019 17:13:19 GMT+0200 (CEST);Sun Oct 20 2019 15:13:19 GMT+0200 (CEST);1571584399000;0.27;65.61;19.02
1380556831572750;27.5;33.1;Sun Oct 20 2019 17:15:12 GMT+0200 (CEST);Sun Oct 20 2019 15:15:12 GMT+0200 (CEST);1571584512000;0.27;59.69;18.89
1380556831572750;27.5;32.3;Sun Oct 20 2019 17:17:21 GMT+0200 (CEST);Sun Oct 20 2019 15:17:21 GMT+0200 (CEST);1571584641000;0.26;57.75;18.75
1380556831572750;27.5;32.4;Sun Oct 20 2019 17:19:14 GMT+0200 (CEST);Sun Oct 20 2019 15:19:14 GMT+0200 (CEST);1571584754000;0.25;56.15;18.67
1380556831572750;27.5;32.3;Sun Oct 20 2019 17:21:08 GMT+0200 (CEST);Sun Oct 20 2019 15:21:08 GMT+0200 (CEST);1571584868000;0.25;55.85;18.55
1380556831572750;27.5;32.7;Sun Oct 20 2019 17:23:01 GMT+0200 (CEST);Sun Oct 20 2019 15:23:01 GMT+0200 (CEST);1571584981000;0.25;55.08;18.46
1380556831572750;27.5;33;Sun Oct 20 2019 17:25:04 GMT+0200 (CEST);Sun Oct 20 2019 15:25:04 GMT+0200 (CEST);1571585104000;0.23;54.05;18.4
1380556831572750;25.5;32.5;Sun Oct 20 2019 17:26:57 GMT+0200 (CEST);Sun Oct 20 2019 15:26:57 GMT+0200 (CEST);1571585217000;0.22;50.36;18.34
1380556831572750;25.5;31.7;Sun Oct 20 2019 17:28:49 GMT+0200 (CEST);Sun Oct 20 2019 15:28:49 GMT+0200 (CEST);1571585329000;0.21;45.86;18.27
1380556831572750;25.5;31.5;Sun Oct 20 2019 17:30:42 GMT+0200 (CEST);Sun Oct 20 2019 15:30:42 GMT+0200 (CEST);1571585442000;0.19;43.66;18.21
1380556831572750;25.5;31.2;Sun Oct 20 2019 17:32:40 GMT+0200 (CEST);Sun Oct 20 2019 15:32:40 GMT+0200 (CEST);1571585560000;0.17;38.26;18.14
1380556831572750;25.5;31;Sun Oct 20 2019 17:34:33 GMT+0200 (CEST);Sun Oct 20 2019 15:34:33 GMT+0200 (CEST);1571585673000;0.15;33.07;18.07
1380556831572750;25.5;30.9;Sun Oct 20 2019 17:36:25 GMT+0200 (CEST);Sun Oct 20 2019 15:36:25 GMT+0200 (CEST);1571585785000;0.13;29.79;17.98
1380556831572750;24;31;Sun Oct 20 2019 17:38:26 GMT+0200 (CEST);Sun Oct 20 2019 15:38:26 GMT+0200 (CEST);1571585906000;0.13;27.34;17.87
1380556831572750;24;31.2;Sun Oct 20 2019 17:40:21 GMT+0200 (CEST);Sun Oct 20 2019 15:40:21 GMT+0200 (CEST);1571586021000;0.11;26.13;17.77
1380556831572750;24;30.9;Sun Oct 20 2019 17:42:13 GMT+0200 (CEST);Sun Oct 20 2019 15:42:13 GMT+0200 (CEST);1571586133000;0.11;24.86;17.69
1380556831572750;24;31;Sun Oct 20 2019 17:44:06 GMT+0200 (CEST);Sun Oct 20 2019 15:44:06 GMT+0200 (CEST);1571586246000;0.11;23.02;17.6
1380556831572750;24;30.7;Sun Oct 20 2019 17:46:00 GMT+0200 (CEST);Sun Oct 20 2019 15:46:00 GMT+0200 (CEST);1571586360000;0.1;22.17;17.51
1380556831572750;24;30.7;Sun Oct 20 2019 17:47:53 GMT+0200 (CEST);Sun Oct 20 2019 15:47:53 GMT+0200 (CEST);1571586473000;0.1;21.66;17.45
1380556831572750;24;30.4;Sun Oct 20 2019 17:49:46 GMT+0200 (CEST);Sun Oct 20 2019 15:49:46 GMT+0200 (CEST);1571586586000;0.09;20;17.39
1380556831572750;24;30.6;Sun Oct 20 2019 17:51:45 GMT+0200 (CEST);Sun Oct 20 2019 15:51:45 GMT+0200 (CEST);1571586705000;0.08;17.71;17.31
1380556831572750;24;30;Sun Oct 20 2019 17:53:40 GMT+0200 (CEST);Sun Oct 20 2019 15:53:40 GMT+0200 (CEST);1571586820000;0.08;15.95;17.22
1380556831572750;23.5;30.7;Sun Oct 20 2019 17:55:34 GMT+0200 (CEST);Sun Oct 20 2019 15:55:34 GMT+0200 (CEST);1571586934000;0.07;15.08;17.14
1380556831572750;23.5;29.3;Sun Oct 20 2019 17:57:27 GMT+0200 (CEST);Sun Oct 20 2019 15:57:27 GMT+0200 (CEST);1571587047000;0;13.63;17.07
1380556831572750;23.5;28.7;Sun Oct 20 2019 17:59:30 GMT+0200 (CEST);Sun Oct 20 2019 15:59:30 GMT+0200 (CEST);1571587170000;0;11.36;16.97
1380556831572750;22;29.4;Sun Oct 20 2019 18:01:27 GMT+0200 (CEST);Sun Oct 20 2019 16:01:27 GMT+0200 (CEST);1571587287000;0;10.03;16.91
1380556831572750;22;29.5;Sun Oct 20 2019 18:03:20 GMT+0200 (CEST);Sun Oct 20 2019 16:03:20 GMT+0200 (CEST);1571587400000;0;7.82;16.83
1380556831572750;22;29;Sun Oct 20 2019 18:05:18 GMT+0200 (CEST);Sun Oct 20 2019 16:05:18 GMT+0200 (CEST);1571587518000;0;6.66;16.73
1380556831572750;22;28.5;Sun Oct 20 2019 18:07:16 GMT+0200 (CEST);Sun Oct 20 2019 16:07:16 GMT+0200 (CEST);1571587636000;0;5.58;16.66
1380556831572750;22;29.8;Sun Oct 20 2019 18:09:10 GMT+0200 (CEST);Sun Oct 20 2019 16:09:10 GMT+0200 (CEST);1571587750000;0;4.44;16.56
1380556831572750;22;31.1;Sun Oct 20 2019 18:11:04 GMT+0200 (CEST);Sun Oct 20 2019 16:11:04 GMT+0200 (CEST);1571587864000;0;3.61;16.5
1380556831572750;22;30.3;Sun Oct 20 2019 18:12:57 GMT+0200 (CEST);Sun Oct 20 2019 16:12:57 GMT+0200 (CEST);1571587977000;0;2.03;16.39
1380556831572750;21.5;28.3;Sun Oct 20 2019 18:14:54 GMT+0200 (CEST);Sun Oct 20 2019 16:14:54 GMT+0200 (CEST);1571588094000;0;1.16;16.28
1380556831572750;21.5;25.8;Sun Oct 20 2019 18:16:47 GMT+0200 (CEST);Sun Oct 20 2019 16:16:47 GMT+0200 (CEST);1571588207000;0;0.83;16.23
1380556831572750;21.5;25.8;Sun Oct 20 2019 18:18:40 GMT+0200 (CEST);Sun Oct 20 2019 16:18:40 GMT+0200 (CEST);1571588320000;0;0.46;16.19
1380556831572750;21.5;25.8;Sun Oct 20 2019 18:20:38 GMT+0200 (CEST);Sun Oct 20 2019 16:20:38 GMT+0200 (CEST);1571588438000;0;-0.01;16.1
1380556831572750;11.4;27.5;Mon Oct 21 2019 08:00:57 GMT+0200 (CEST);Mon Oct 21 2019 06:00:57 GMT+0200 (CEST);1571637657000;0;13.23;8.75
1380556831572750;11.4;27;Mon Oct 21 2019 08:02:51 GMT+0200 (CEST);Mon Oct 21 2019 06:02:51 GMT+0200 (CEST);1571637771000;0;14.15;8.76
1380556831572750;11.4;26.2;Mon Oct 21 2019 08:04:47 GMT+0200 (CEST);Mon Oct 21 2019 06:04:47 GMT+0200 (CEST);1571637887000;0.07;15.94;8.89
1380556831572750;11.4;26.8;Mon Oct 21 2019 08:06:40 GMT+0200 (CEST);Mon Oct 21 2019 06:06:40 GMT+0200 (CEST);1571638000000;0.08;16.56;8.96
1380556831572750;11.4;25.4;Mon Oct 21 2019 08:08:34 GMT+0200 (CEST);Mon Oct 21 2019 06:08:34 GMT+0200 (CEST);1571638114000;0.09;18.87;8.98
1380556831572750;11.4;25.4;Mon Oct 21 2019 08:10:30 GMT+0200 (CEST);Mon Oct 21 2019 06:10:30 GMT+0200 (CEST);1571638230000;0.1;20.8;8.98
1380556831572750;11.4;25.4;Mon Oct 21 2019 08:12:22 GMT+0200 (CEST);Mon Oct 21 2019 06:12:22 GMT+0200 (CEST);1571638342000;0.11;22.94;9.01
1380556831572750;11.4;25.6;Mon Oct 21 2019 08:14:18 GMT+0200 (CEST);Mon Oct 21 2019 06:14:18 GMT+0200 (CEST);1571638458000;0.12;24.44;9.07
1380556831572750;11.4;25.6;Mon Oct 21 2019 08:16:13 GMT+0200 (CEST);Mon Oct 21 2019 06:16:13 GMT+0200 (CEST);1571638573000;0.14;28.72;9.11
1380556831572750;13.4;28.7;Mon Oct 21 2019 08:18:20 GMT+0200 (CEST);Mon Oct 21 2019 06:18:20 GMT+0200 (CEST);1571638700000;0.14;31.23;9.17
1380556831572750;13.4;31.4;Mon Oct 21 2019 08:20:13 GMT+0200 (CEST);Mon Oct 21 2019 06:20:13 GMT+0200 (CEST);1571638813000;0.14;30.34;9.24
1380556831572750;13.4;31.4;Mon Oct 21 2019 08:22:06 GMT+0200 (CEST);Mon Oct 21 2019 06:22:06 GMT+0200 (CEST);1571638926000;0.15;32.06;9.34
1380556831572750;13.9;31.7;Mon Oct 21 2019 08:24:01 GMT+0200 (CEST);Mon Oct 21 2019 06:24:01 GMT+0200 (CEST);1571639041000;0.15;33.04;9.39
1380556831572750;13.9;31.7;Mon Oct 21 2019 08:26:14 GMT+0200 (CEST);Mon Oct 21 2019 06:26:14 GMT+0200 (CEST);1571639174000;0.14;34.21;9.45
1380556831572750;15.4;31.5;Mon Oct 21 2019 08:28:07 GMT+0200 (CEST);Mon Oct 21 2019 06:28:07 GMT+0200 (CEST);1571639287000;0.15;33.37;9.52
1380556831572750;15.4;31.2;Mon Oct 21 2019 08:30:01 GMT+0200 (CEST);Mon Oct 21 2019 06:30:01 GMT+0200 (CEST);1571639401000;0.15;33.55;9.6
1380556831572750;15.4;31.7;Mon Oct 21 2019 08:31:55 GMT+0200 (CEST);Mon Oct 21 2019 06:31:55 GMT+0200 (CEST);1571639515000;0.14;35.21;9.65
1380556831572750;15.4;31.9;Mon Oct 21 2019 08:34:09 GMT+0200 (CEST);Mon Oct 21 2019 06:34:09 GMT+0200 (CEST);1571639649000;0.14;41.79;9.72
1380556831572750;15.4;31.3;Mon Oct 21 2019 08:36:02 GMT+0200 (CEST);Mon Oct 21 2019 06:36:02 GMT+0200 (CEST);1571639762000;0.14;50.99;9.82
1380556831572750;15.4;31.5;Mon Oct 21 2019 08:37:54 GMT+0200 (CEST);Mon Oct 21 2019 06:37:54 GMT+0200 (CEST);1571639874000;0.14;39.2;9.9
1380556831572750;15.4;31.5;Mon Oct 21 2019 08:39:48 GMT+0200 (CEST);Mon Oct 21 2019 06:39:48 GMT+0200 (CEST);1571639988000;0.14;35;9.93
1380556831572750;15.4;31.7;Mon Oct 21 2019 08:41:41 GMT+0200 (CEST);Mon Oct 21 2019 06:41:41 GMT+0200 (CEST);1571640101000;0.14;33.52;9.92
1380556831572750;15.4;31.7;Mon Oct 21 2019 08:43:34 GMT+0200 (CEST);Mon Oct 21 2019 06:43:34 GMT+0200 (CEST);1571640214000;0.16;35.1;9.94
1380556831572750;15.4;31.7;Mon Oct 21 2019 08:45:27 GMT+0200 (CEST);Mon Oct 21 2019 06:45:27 GMT+0200 (CEST);1571640327000;0.16;36.7;9.95
1380556831572750;15.9;31.5;Mon Oct 21 2019 08:47:20 GMT+0200 (CEST);Mon Oct 21 2019 06:47:20 GMT+0200 (CEST);1571640440000;0.18;39.11;9.98
1380556831572750;15.9;32.1;Mon Oct 21 2019 08:49:59 GMT+0200 (CEST);Mon Oct 21 2019 06:49:59 GMT+0200 (CEST);1571640599000;0.2;40.39;10.03
1380556831572750;15.9;32.2;Mon Oct 21 2019 08:51:59 GMT+0200 (CEST);Mon Oct 21 2019 06:51:59 GMT+0200 (CEST);1571640719000;0.2;40.62;10.08
1380556831572750;15.9;32.1;Mon Oct 21 2019 08:53:52 GMT+0200 (CEST);Mon Oct 21 2019 06:53:52 GMT+0200 (CEST);1571640832000;0.2;41.01;10.13
1380556831572750;15.9;32.1;Mon Oct 21 2019 08:55:47 GMT+0200 (CEST);Mon Oct 21 2019 06:55:47 GMT+0200 (CEST);1571640947000;0.2;41.09;10.18
1380556831572750;15.9;32;Mon Oct 21 2019 08:57:41 GMT+0200 (CEST);Mon Oct 21 2019 06:57:41 GMT+0200 (CEST);1571641061000;0.2;41.46;10.22
1380556831572750;15.9;32.3;Mon Oct 21 2019 08:59:34 GMT+0200 (CEST);Mon Oct 21 2019 06:59:34 GMT+0200 (CEST);1571641174000;0.2;41.38;10.24
1380556831572750;15.9;32.1;Mon Oct 21 2019 09:01:26 GMT+0200 (CEST);Mon Oct 21 2019 07:01:26 GMT+0200 (CEST);1571641286000;0.21;41.61;10.25
1380556831572750;15.9;32.3;Mon Oct 21 2019 09:03:36 GMT+0200 (CEST);Mon Oct 21 2019 07:03:36 GMT+0200 (CEST);1571641416000;0.21;42.16;10.28
1380556831572750;15.9;32.3;Mon Oct 21 2019 09:05:29 GMT+0200 (CEST);Mon Oct 21 2019 07:05:29 GMT+0200 (CEST);1571641529000;0.22;44.04;10.31
1380556831572750;15.9;32.2;Mon Oct 21 2019 09:07:23 GMT+0200 (CEST);Mon Oct 21 2019 07:07:23 GMT+0200 (CEST);1571641643000;0.23;46.23;10.33
1380556831572750;15.9;32.6;Mon Oct 21 2019 09:09:16 GMT+0200 (CEST);Mon Oct 21 2019 07:09:16 GMT+0200 (CEST);1571641756000;0.25;48.68;10.38
1380556831572750;16.9;33;Mon Oct 21 2019 09:11:19 GMT+0200 (CEST);Mon Oct 21 2019 07:11:19 GMT+0200 (CEST);1571641879000;0.25;50.46;10.42
1380556831572750;16.9;32.9;Mon Oct 21 2019 09:13:12 GMT+0200 (CEST);Mon Oct 21 2019 07:13:12 GMT+0200 (CEST);1571641992000;0.25;51.14;10.46
1380556831572750;16.9;33.1;Mon Oct 21 2019 09:15:05 GMT+0200 (CEST);Mon Oct 21 2019 07:15:05 GMT+0200 (CEST);1571642105000;0.26;51.9;10.48
1380556831572750;16.9;33;Mon Oct 21 2019 09:17:12 GMT+0200 (CEST);Mon Oct 21 2019 07:17:12 GMT+0200 (CEST);1571642232000;0.26;52.02;10.54
1380556831572750;16.9;33;Mon Oct 21 2019 09:19:10 GMT+0200 (CEST);Mon Oct 21 2019 07:19:10 GMT+0200 (CEST);1571642350000;0.26;51.93;10.57
1380556831572750;16.9;33;Mon Oct 21 2019 09:21:03 GMT+0200 (CEST);Mon Oct 21 2019 07:21:03 GMT+0200 (CEST);1571642463000;0.26;51.85;10.6
1380556831572750;16.9;33;Mon Oct 21 2019 09:22:56 GMT+0200 (CEST);Mon Oct 21 2019 07:22:56 GMT+0200 (CEST);1571642576000;0.26;51.04;10.65
1380556831572750;16.9;33.1;Mon Oct 21 2019 09:24:54 GMT+0200 (CEST);Mon Oct 21 2019 07:24:54 GMT+0200 (CEST);1571642694000;0.25;49.58;10.71
1380556831572750;16.9;32.7;Mon Oct 21 2019 09:26:47 GMT+0200 (CEST);Mon Oct 21 2019 07:26:47 GMT+0200 (CEST);1571642807000;0.24;47.66;10.75
1380556831572750;16.9;32.5;Mon Oct 21 2019 09:28:42 GMT+0200 (CEST);Mon Oct 21 2019 07:28:42 GMT+0200 (CEST);1571642922000;0.23;44.93;10.73
1380556831572750;16.9;32.5;Mon Oct 21 2019 09:30:36 GMT+0200 (CEST);Mon Oct 21 2019 07:30:36 GMT+0200 (CEST);1571643036000;0.23;43.85;10.71
1380556831572750;16.9;32.4;Mon Oct 21 2019 09:32:28 GMT+0200 (CEST);Mon Oct 21 2019 07:32:28 GMT+0200 (CEST);1571643148000;0.23;43.2;10.71
1380556831572750;16.9;32.3;Mon Oct 21 2019 09:34:22 GMT+0200 (CEST);Mon Oct 21 2019 07:34:22 GMT+0200 (CEST);1571643262000;0.23;43.59;10.74
1380556831572750;16.9;32.6;Mon Oct 21 2019 09:36:23 GMT+0200 (CEST);Mon Oct 21 2019 07:36:23 GMT+0200 (CEST);1571643383000;0.23;44.63;10.79
1380556831572750;16.9;32.5;Mon Oct 21 2019 09:38:25 GMT+0200 (CEST);Mon Oct 21 2019 07:38:25 GMT+0200 (CEST);1571643505000;0.24;45.61;10.88
1380556831572750;16.9;32.8;Mon Oct 21 2019 09:40:22 GMT+0200 (CEST);Mon Oct 21 2019 07:40:22 GMT+0200 (CEST);1571643622000;0.25;46.99;10.98
1380556831572750;16.9;32.8;Mon Oct 21 2019 09:42:16 GMT+0200 (CEST);Mon Oct 21 2019 07:42:16 GMT+0200 (CEST);1571643736000;0.25;47.66;11.08
1380556831572750;16.9;33;Mon Oct 21 2019 09:44:09 GMT+0200 (CEST);Mon Oct 21 2019 07:44:09 GMT+0200 (CEST);1571643849000;0.26;48.08;11.17
1380556831572750;16.9;33.1;Mon Oct 21 2019 09:46:02 GMT+0200 (CEST);Mon Oct 21 2019 07:46:02 GMT+0200 (CEST);1571643962000;0.26;48.84;11.26
1380556831572750;16.9;33;Mon Oct 21 2019 09:47:57 GMT+0200 (CEST);Mon Oct 21 2019 07:47:57 GMT+0200 (CEST);1571644077000;0.26;49.64;11.35
1380556831572750;16.9;33.1;Mon Oct 21 2019 09:49:56 GMT+0200 (CEST);Mon Oct 21 2019 07:49:56 GMT+0200 (CEST);1571644196000;0.26;49.13;11.45
1380556831572750;17.9;33;Mon Oct 21 2019 09:51:49 GMT+0200 (CEST);Mon Oct 21 2019 07:51:49 GMT+0200 (CEST);1571644309000;0.27;49.45;11.5
1380556831572750;17.9;33.1;Mon Oct 21 2019 09:53:42 GMT+0200 (CEST);Mon Oct 21 2019 07:53:42 GMT+0200 (CEST);1571644422000;0.27;50.05;11.57
1380556831572750;19.4;33;Mon Oct 21 2019 09:56:09 GMT+0200 (CEST);Mon Oct 21 2019 07:56:09 GMT+0200 (CEST);1571644569000;0.26;48.61;11.62
1380556831572750;19.4;32.8;Mon Oct 21 2019 09:58:02 GMT+0200 (CEST);Mon Oct 21 2019 07:58:02 GMT+0200 (CEST);1571644682000;0.26;48.16;11.65
1380556831572750;19.4;32.9;Mon Oct 21 2019 09:59:55 GMT+0200 (CEST);Mon Oct 21 2019 07:59:55 GMT+0200 (CEST);1571644795000;0.26;47.16;11.69
1380556831572750;19.4;32.9;Mon Oct 21 2019 10:01:48 GMT+0200 (CEST);Mon Oct 21 2019 08:01:48 GMT+0200 (CEST);1571644908000;0.25;45.32;11.71
1380556831572750;19.4;32.8;Mon Oct 21 2019 10:03:44 GMT+0200 (CEST);Mon Oct 21 2019 08:03:44 GMT+0200 (CEST);1571645024000;0.24;43.46;11.72
1380556831572750;19.4;32.6;Mon Oct 21 2019 10:05:37 GMT+0200 (CEST);Mon Oct 21 2019 08:05:37 GMT+0200 (CEST);1571645137000;0.22;40.28;11.75
1380556831572750;19.4;32.3;Mon Oct 21 2019 10:07:30 GMT+0200 (CEST);Mon Oct 21 2019 08:07:30 GMT+0200 (CEST);1571645250000;0.21;36.15;11.75
1380556831572750;19.4;31.6;Mon Oct 21 2019 10:09:26 GMT+0200 (CEST);Mon Oct 21 2019 08:09:26 GMT+0200 (CEST);1571645366000;0.18;30.81;11.77
1380556831572750;17.9;31.3;Mon Oct 21 2019 10:11:23 GMT+0200 (CEST);Mon Oct 21 2019 08:11:23 GMT+0200 (CEST);1571645483000;0.15;26.64;11.78
1380556831572750;17.9;31.5;Mon Oct 21 2019 10:13:15 GMT+0200 (CEST);Mon Oct 21 2019 08:13:15 GMT+0200 (CEST);1571645595000;0.14;25.1;11.75
1380556831572750;17.9;31.6;Mon Oct 21 2019 10:15:08 GMT+0200 (CEST);Mon Oct 21 2019 08:15:08 GMT+0200 (CEST);1571645708000;0.14;25.5;11.75
1380556831572750;17.9;31.4;Mon Oct 21 2019 10:17:08 GMT+0200 (CEST);Mon Oct 21 2019 08:17:08 GMT+0200 (CEST);1571645828000;0.15;26.82;11.75
1380556831572750;17.9;31.4;Mon Oct 21 2019 10:19:23 GMT+0200 (CEST);Mon Oct 21 2019 08:19:23 GMT+0200 (CEST);1571645963000;0.16;28.61;11.75
1380556831572750;16.9;31.5;Mon Oct 21 2019 10:21:24 GMT+0200 (CEST);Mon Oct 21 2019 08:21:24 GMT+0200 (CEST);1571646084000;0.17;29.74;11.75
1380556831572750;16.9;31.4;Mon Oct 21 2019 10:23:18 GMT+0200 (CEST);Mon Oct 21 2019 08:23:18 GMT+0200 (CEST);1571646198000;0.17;29.9;11.78
1380556831572750;16.9;31.5;Mon Oct 21 2019 10:25:11 GMT+0200 (CEST);Mon Oct 21 2019 08:25:11 GMT+0200 (CEST);1571646311000;0.17;30.03;11.79
1380556831572750;16.9;31.4;Mon Oct 21 2019 10:27:05 GMT+0200 (CEST);Mon Oct 21 2019 08:27:05 GMT+0200 (CEST);1571646425000;0.17;29.89;11.76
1380556831572750;18.4;31.5;Mon Oct 21 2019 10:28:59 GMT+0200 (CEST);Mon Oct 21 2019 08:28:59 GMT+0200 (CEST);1571646539000;0.17;30.29;11.72
1380556831572750;18.4;31.5;Mon Oct 21 2019 10:30:54 GMT+0200 (CEST);Mon Oct 21 2019 08:30:54 GMT+0200 (CEST);1571646654000;0.18;32.05;11.71
1380556831572750;18.4;31.7;Mon Oct 21 2019 10:32:48 GMT+0200 (CEST);Mon Oct 21 2019 08:32:48 GMT+0200 (CEST);1571646768000;0.19;34.07;11.68
1380556831572750;16.9;31.7;Mon Oct 21 2019 10:35:01 GMT+0200 (CEST);Mon Oct 21 2019 08:35:01 GMT+0200 (CEST);1571646901000;0.21;37.47;11.68
1380556831572750;16.9;32.3;Mon Oct 21 2019 10:36:59 GMT+0200 (CEST);Mon Oct 21 2019 08:36:59 GMT+0200 (CEST);1571647019000;0.22;40.16;11.71
1380556831572750;17.9;32.2;Mon Oct 21 2019 10:38:52 GMT+0200 (CEST);Mon Oct 21 2019 08:38:52 GMT+0200 (CEST);1571647132000;0.24;42.56;11.72
1380556831572750;17.9;32.8;Mon Oct 21 2019 10:40:46 GMT+0200 (CEST);Mon Oct 21 2019 08:40:46 GMT+0200 (CEST);1571647246000;0.24;45.67;11.75
1380556831572750;17.9;32.9;Mon Oct 21 2019 10:42:39 GMT+0200 (CEST);Mon Oct 21 2019 08:42:39 GMT+0200 (CEST);1571647359000;0.26;48.14;11.79
1380556831572750;19.4;32.8;Mon Oct 21 2019 10:44:33 GMT+0200 (CEST);Mon Oct 21 2019 08:44:33 GMT+0200 (CEST);1571647473000;0.27;49.54;11.84
1380556831572750;19.4;33.1;Mon Oct 21 2019 10:46:30 GMT+0200 (CEST);Mon Oct 21 2019 08:46:30 GMT+0200 (CEST);1571647590000;0.27;50.1;11.85
1380556831572750;17.9;33;Mon Oct 21 2019 10:48:23 GMT+0200 (CEST);Mon Oct 21 2019 08:48:23 GMT+0200 (CEST);1571647703000;0.27;50.4;11.88
1380556831572750;17.9;33;Mon Oct 21 2019 10:50:36 GMT+0200 (CEST);Mon Oct 21 2019 08:50:36 GMT+0200 (CEST);1571647836000;0.27;50;11.92
1380556831572750;19.4;33.1;Mon Oct 21 2019 10:52:33 GMT+0200 (CEST);Mon Oct 21 2019 08:52:33 GMT+0200 (CEST);1571647953000;0.27;49.62;11.94
1380556831572750;19.4;33;Mon Oct 21 2019 10:54:28 GMT+0200 (CEST);Mon Oct 21 2019 08:54:28 GMT+0200 (CEST);1571648068000;0.27;50.32;11.97
1380556831572750;19.4;33;Mon Oct 21 2019 10:56:23 GMT+0200 (CEST);Mon Oct 21 2019 08:56:23 GMT+0200 (CEST);1571648183000;0.28;51.85;11.96
1380556831572750;19.4;33.1;Mon Oct 21 2019 10:58:18 GMT+0200 (CEST);Mon Oct 21 2019 08:58:18 GMT+0200 (CEST);1571648298000;0.29;54.69;11.93
1380556831572750;19.4;33.2;Mon Oct 21 2019 11:00:11 GMT+0200 (CEST);Mon Oct 21 2019 09:00:11 GMT+0200 (CEST);1571648411000;0.31;58.66;11.95
1380556831572750;19.4;32.8;Mon Oct 21 2019 11:02:03 GMT+0200 (CEST);Mon Oct 21 2019 09:02:03 GMT+0200 (CEST);1571648523000;0.34;63.48;11.99
1380556831572750;19.4;33.5;Mon Oct 21 2019 11:03:57 GMT+0200 (CEST);Mon Oct 21 2019 09:03:57 GMT+0200 (CEST);1571648637000;0.38;71.78;12.03
1380556831572750;19.4;33.7;Mon Oct 21 2019 11:05:59 GMT+0200 (CEST);Mon Oct 21 2019 09:05:59 GMT+0200 (CEST);1571648759000;0.43;80.78;12.07
1380556831572750;19.4;34.1;Mon Oct 21 2019 11:08:01 GMT+0200 (CEST);Mon Oct 21 2019 09:08:01 GMT+0200 (CEST);1571648881000;0.47;88.86;12.11
1380556831572750;19.4;34.1;Mon Oct 21 2019 11:09:57 GMT+0200 (CEST);Mon Oct 21 2019 09:09:57 GMT+0200 (CEST);1571648997000;0.5;94.62;12.13
1380556831572750;19.4;34.3;Mon Oct 21 2019 11:11:50 GMT+0200 (CEST);Mon Oct 21 2019 09:11:50 GMT+0200 (CEST);1571649110000;0.52;97.68;12.16
1380556831572750;19.4;34.2;Mon Oct 21 2019 11:13:43 GMT+0200 (CEST);Mon Oct 21 2019 09:13:43 GMT+0200 (CEST);1571649223000;0.52;99.34;12.14
1380556831572750;19.4;34.4;Mon Oct 21 2019 11:15:37 GMT+0200 (CEST);Mon Oct 21 2019 09:15:37 GMT+0200 (CEST);1571649337000;0.53;99.68;12.19
1380556831572750;19.9;34.3;Mon Oct 21 2019 11:17:34 GMT+0200 (CEST);Mon Oct 21 2019 09:17:34 GMT+0200 (CEST);1571649454000;0.53;98.43;12.27
1380556831572750;19.9;34.2;Mon Oct 21 2019 11:19:27 GMT+0200 (CEST);Mon Oct 21 2019 09:19:27 GMT+0200 (CEST);1571649567000;0.51;96.56;12.32
1380556831572750;19.9;34.2;Mon Oct 21 2019 11:21:40 GMT+0200 (CEST);Mon Oct 21 2019 09:21:40 GMT+0200 (CEST);1571649700000;0.5;95.76;12.33
1380556831572750;19.9;34.1;Mon Oct 21 2019 11:23:33 GMT+0200 (CEST);Mon Oct 21 2019 09:23:33 GMT+0200 (CEST);1571649813000;0.52;98.56;12.37
1380556831572750;19.9;34.1;Mon Oct 21 2019 11:25:25 GMT+0200 (CEST);Mon Oct 21 2019 09:25:25 GMT+0200 (CEST);1571649925000;0.53;101.71;12.44
1380556831572750;19.9;34.3;Mon Oct 21 2019 11:27:21 GMT+0200 (CEST);Mon Oct 21 2019 09:27:21 GMT+0200 (CEST);1571650041000;0.54;103.96;12.53
1380556831572750;19.9;34.2;Mon Oct 21 2019 11:29:14 GMT+0200 (CEST);Mon Oct 21 2019 09:29:14 GMT+0200 (CEST);1571650154000;0.56;107.92;12.64
1380556831572750;21.5;34.4;Mon Oct 21 2019 11:31:07 GMT+0200 (CEST);Mon Oct 21 2019 09:31:07 GMT+0200 (CEST);1571650267000;0.6;113.86;12.75
1380556831572750;21.5;34.5;Mon Oct 21 2019 11:33:00 GMT+0200 (CEST);Mon Oct 21 2019 09:33:00 GMT+0200 (CEST);1571650380000;0.62;117.83;12.85
1380556831572750;21.5;34.5;Mon Oct 21 2019 11:35:03 GMT+0200 (CEST);Mon Oct 21 2019 09:35:03 GMT+0200 (CEST);1571650503000;0.63;120.01;13
1380556831572750;21.5;34.3;Mon Oct 21 2019 11:37:12 GMT+0200 (CEST);Mon Oct 21 2019 09:37:12 GMT+0200 (CEST);1571650632000;0.61;116.61;13.16
1380556831572750;21.5;34.1;Mon Oct 21 2019 11:39:12 GMT+0200 (CEST);Mon Oct 21 2019 09:39:12 GMT+0200 (CEST);1571650752000;0.54;104.46;13.23
1380556831572750;21.5;34;Mon Oct 21 2019 11:41:04 GMT+0200 (CEST);Mon Oct 21 2019 09:41:04 GMT+0200 (CEST);1571650864000;0.49;95.71;13.15
1380556831572750;21.5;33.8;Mon Oct 21 2019 11:42:59 GMT+0200 (CEST);Mon Oct 21 2019 09:42:59 GMT+0200 (CEST);1571650979000;0.49;95.08;13.1
1380556831572750;21.5;34;Mon Oct 21 2019 11:44:59 GMT+0200 (CEST);Mon Oct 21 2019 09:44:59 GMT+0200 (CEST);1571651099000;0.51;99.11;13.14
1380556831572750;22;34.1;Mon Oct 21 2019 11:46:52 GMT+0200 (CEST);Mon Oct 21 2019 09:46:52 GMT+0200 (CEST);1571651212000;0.54;101.87;13.22
1380556831572750;22;34.1;Mon Oct 21 2019 11:48:50 GMT+0200 (CEST);Mon Oct 21 2019 09:48:50 GMT+0200 (CEST);1571651330000;0.53;100.07;13.3
1380556831572750;21.5;33.9;Mon Oct 21 2019 11:50:44 GMT+0200 (CEST);Mon Oct 21 2019 09:50:44 GMT+0200 (CEST);1571651444000;0.5;95.25;13.39
1380556831572750;21.5;33.8;Mon Oct 21 2019 11:52:43 GMT+0200 (CEST);Mon Oct 21 2019 09:52:43 GMT+0200 (CEST);1571651563000;0.48;91.09;13.43
1380556831572750;21.5;33.8;Mon Oct 21 2019 11:54:28 GMT+0200 (CEST);Mon Oct 21 2019 09:54:28 GMT+0200 (CEST);1571651668000;0.49;92.89;13.47
1380556831572750;22;33.8;Mon Oct 21 2019 11:56:25 GMT+0200 (CEST);Mon Oct 21 2019 09:56:25 GMT+0200 (CEST);1571651785000;0.5;94.44;13.47
1380556831572750;22;33.7;Mon Oct 21 2019 11:58:17 GMT+0200 (CEST);Mon Oct 21 2019 09:58:17 GMT+0200 (CEST);1571651897000;0.5;92.81;13.51
1380556831572750;22;33.8;Mon Oct 21 2019 12:00:11 GMT+0200 (CEST);Mon Oct 21 2019 10:00:11 GMT+0200 (CEST);1571652011000;0.48;90.13;13.53
1380556831572750;22;33.7;Mon Oct 21 2019 12:01:54 GMT+0200 (CEST);Mon Oct 21 2019 10:01:54 GMT+0200 (CEST);1571652114000;0.46;86.85;13.54
1380556831572750;22;33.7;Mon Oct 21 2019 12:03:47 GMT+0200 (CEST);Mon Oct 21 2019 10:03:47 GMT+0200 (CEST);1571652227000;0.44;82.3;13.5
1380556831572750;22;33.7;Mon Oct 21 2019 12:05:40 GMT+0200 (CEST);Mon Oct 21 2019 10:05:40 GMT+0200 (CEST);1571652340000;0.43;79.98;13.46
1380556831572750;22;33.6;Mon Oct 21 2019 12:08:02 GMT+0200 (CEST);Mon Oct 21 2019 10:08:02 GMT+0200 (CEST);1571652482000;0.43;80.4;13.48
1380556831572750;22;33.4;Mon Oct 21 2019 12:09:55 GMT+0200 (CEST);Mon Oct 21 2019 10:09:55 GMT+0200 (CEST);1571652595000;0.44;82.51;13.5
1380556831572750;22;33.6;Mon Oct 21 2019 12:11:50 GMT+0200 (CEST);Mon Oct 21 2019 10:11:50 GMT+0200 (CEST);1571652710000;0.45;85.25;13.52
1380556831572750;22;33.9;Mon Oct 21 2019 12:13:43 GMT+0200 (CEST);Mon Oct 21 2019 10:13:43 GMT+0200 (CEST);1571652823000;0.47;86.95;13.53
1380556831572750;22;33.6;Mon Oct 21 2019 12:15:36 GMT+0200 (CEST);Mon Oct 21 2019 10:15:36 GMT+0200 (CEST);1571652936000;0.46;87.58;13.58
1380556831572750;22;33.6;Mon Oct 21 2019 12:17:30 GMT+0200 (CEST);Mon Oct 21 2019 10:17:30 GMT+0200 (CEST);1571653050000;0.46;87.83;13.6
1380556831572750;22;33.7;Mon Oct 21 2019 12:19:23 GMT+0200 (CEST);Mon Oct 21 2019 10:19:23 GMT+0200 (CEST);1571653163000;0.47;88.97;13.63
1380556831572750;22;33.8;Mon Oct 21 2019 12:21:25 GMT+0200 (CEST);Mon Oct 21 2019 10:21:25 GMT+0200 (CEST);1571653285000;0.48;90.09;13.63
1380556831572750;22;33.7;Mon Oct 21 2019 12:23:43 GMT+0200 (CEST);Mon Oct 21 2019 10:23:43 GMT+0200 (CEST);1571653423000;0.5;92.38;13.65
1380556831572750;22;33.8;Mon Oct 21 2019 12:25:48 GMT+0200 (CEST);Mon Oct 21 2019 10:25:48 GMT+0200 (CEST);1571653548000;0.51;96.11;13.66
1380556831572750;22;34;Mon Oct 21 2019 12:27:43 GMT+0200 (CEST);Mon Oct 21 2019 10:27:43 GMT+0200 (CEST);1571653663000;0.52;99.26;13.71
1380556831572750;22;34;Mon Oct 21 2019 12:29:37 GMT+0200 (CEST);Mon Oct 21 2019 10:29:37 GMT+0200 (CEST);1571653777000;0.55;103.52;13.78
1380556831572750;22;34.1;Mon Oct 21 2019 12:31:33 GMT+0200 (CEST);Mon Oct 21 2019 10:31:33 GMT+0200 (CEST);1571653893000;0.57;108.42;13.89
1380556831572750;22;34.2;Mon Oct 21 2019 12:33:26 GMT+0200 (CEST);Mon Oct 21 2019 10:33:26 GMT+0200 (CEST);1571654006000;0.6;114.94;14
1380556831572750;22;34.3;Mon Oct 21 2019 12:35:18 GMT+0200 (CEST);Mon Oct 21 2019 10:35:18 GMT+0200 (CEST);1571654118000;0.62;119.09;14.11
1380556831572750;22;34.2;Mon Oct 21 2019 12:37:11 GMT+0200 (CEST);Mon Oct 21 2019 10:37:11 GMT+0200 (CEST);1571654231000;0.61;119.61;14.2
1380556831572750;22;34.1;Mon Oct 21 2019 12:39:20 GMT+0200 (CEST);Mon Oct 21 2019 10:39:20 GMT+0200 (CEST);1571654360000;0.62;119.36;14.28
1380556831572750;23.5;34.1;Mon Oct 21 2019 12:41:18 GMT+0200 (CEST);Mon Oct 21 2019 10:41:18 GMT+0200 (CEST);1571654478000;0.62;121.75;14.39
1380556831572750;23.5;34.1;Mon Oct 21 2019 12:43:13 GMT+0200 (CEST);Mon Oct 21 2019 10:43:13 GMT+0200 (CEST);1571654593000;0.63;123.59;14.49
1380556831572750;23.5;34.1;Mon Oct 21 2019 12:45:07 GMT+0200 (CEST);Mon Oct 21 2019 10:45:07 GMT+0200 (CEST);1571654707000;0.64;123.05;14.57
1380556831572750;23.5;34;Mon Oct 21 2019 12:47:15 GMT+0200 (CEST);Mon Oct 21 2019 10:47:15 GMT+0200 (CEST);1571654835000;0.62;119.18;14.62
1380556831572750;23.5;34;Mon Oct 21 2019 12:49:11 GMT+0200 (CEST);Mon Oct 21 2019 10:49:11 GMT+0200 (CEST);1571654951000;0.6;115.41;14.64
1380556831572750;23.5;33.9;Mon Oct 21 2019 12:51:12 GMT+0200 (CEST);Mon Oct 21 2019 10:51:12 GMT+0200 (CEST);1571655072000;0.59;113.96;14.67
1380556831572750;23.5;34;Mon Oct 21 2019 12:53:11 GMT+0200 (CEST);Mon Oct 21 2019 10:53:11 GMT+0200 (CEST);1571655191000;0.58;113.42;14.66
1380556831572750;24;33.9;Mon Oct 21 2019 12:55:11 GMT+0200 (CEST);Mon Oct 21 2019 10:55:11 GMT+0200 (CEST);1571655311000;0.58;114.38;14.63
1380556831572750;24;34.1;Mon Oct 21 2019 12:57:15 GMT+0200 (CEST);Mon Oct 21 2019 10:57:15 GMT+0200 (CEST);1571655435000;0.6;117.57;14.57
1380556831572750;23.5;34.2;Mon Oct 21 2019 12:59:08 GMT+0200 (CEST);Mon Oct 21 2019 10:59:08 GMT+0200 (CEST);1571655548000;0.61;123.53;14.57
1380556831572750;23.5;34.3;Mon Oct 21 2019 13:01:03 GMT+0200 (CEST);Mon Oct 21 2019 11:01:03 GMT+0200 (CEST);1571655663000;0.65;130.22;14.64
1380556831572750;23.5;34.6;Mon Oct 21 2019 13:03:00 GMT+0200 (CEST);Mon Oct 21 2019 11:03:00 GMT+0200 (CEST);1571655780000;0.68;139.81;14.71
1380556831572750;23.5;34.8;Mon Oct 21 2019 13:04:53 GMT+0200 (CEST);Mon Oct 21 2019 11:04:53 GMT+0200 (CEST);1571655893000;0.72;148.88;14.75
1380556831572750;23.5;35;Mon Oct 21 2019 13:06:46 GMT+0200 (CEST);Mon Oct 21 2019 11:06:46 GMT+0200 (CEST);1571656006000;0.77;163.08;14.83
1380556831572750;24;35.1;Mon Oct 21 2019 13:08:40 GMT+0200 (CEST);Mon Oct 21 2019 11:08:40 GMT+0200 (CEST);1571656120000;0.9;199.4;15.02
1380556831572750;24;36.7;Mon Oct 21 2019 13:10:36 GMT+0200 (CEST);Mon Oct 21 2019 11:10:36 GMT+0200 (CEST);1571656236000;1.81;373.75;15.4
1380556831572750;24;35.7;Mon Oct 21 2019 13:12:29 GMT+0200 (CEST);Mon Oct 21 2019 11:12:29 GMT+0200 (CEST);1571656349000;2.3;476.15;15.91
1380556831572750;24;35.3;Mon Oct 21 2019 13:14:21 GMT+0200 (CEST);Mon Oct 21 2019 11:14:21 GMT+0200 (CEST);1571656461000;2.41;519.67;16.5
1380556831572750;24;36.3;Mon Oct 21 2019 13:16:15 GMT+0200 (CEST);Mon Oct 21 2019 11:16:15 GMT+0200 (CEST);1571656575000;2.7;591.35;17.1
1380556831572750;27.5;35.8;Mon Oct 21 2019 13:18:37 GMT+0200 (CEST);Mon Oct 21 2019 11:18:37 GMT+0200 (CEST);1571656717000;2.37;524.79;18
1380556831572750;27.5;35.5;Mon Oct 21 2019 13:20:30 GMT+0200 (CEST);Mon Oct 21 2019 11:20:30 GMT+0200 (CEST);1571656830000;3.22;709.26;18.53
1380556831572750;29.5;34.2;Mon Oct 21 2019 13:22:54 GMT+0200 (CEST);Mon Oct 21 2019 11:22:54 GMT+0200 (CEST);1571656974000;3.06;663.03;19.01
1380556831572750;29.5;33.9;Mon Oct 21 2019 13:24:48 GMT+0200 (CEST);Mon Oct 21 2019 11:24:48 GMT+0200 (CEST);1571657088000;2.97;637.43;19.17
1380556831572750;31.5;34;Mon Oct 21 2019 13:26:41 GMT+0200 (CEST);Mon Oct 21 2019 11:26:41 GMT+0200 (CEST);1571657201000;2.9;624.63;19.52
1380556831572750;31.5;34;Mon Oct 21 2019 13:28:36 GMT+0200 (CEST);Mon Oct 21 2019 11:28:36 GMT+0200 (CEST);1571657316000;2.49;563.19;19.64
1380556831572750;32;34.5;Mon Oct 21 2019 13:30:30 GMT+0200 (CEST);Mon Oct 21 2019 11:30:30 GMT+0200 (CEST);1571657430000;2.16;478.71;19.7
1380556831572750;32;34.7;Mon Oct 21 2019 13:32:28 GMT+0200 (CEST);Mon Oct 21 2019 11:32:28 GMT+0200 (CEST);1571657548000;1.35;311.43;19.39
1380556831572750;32;34.1;Mon Oct 21 2019 13:34:21 GMT+0200 (CEST);Mon Oct 21 2019 11:34:21 GMT+0200 (CEST);1571657661000;1.45;340.47;18.97
1380556831572750;33;35.1;Mon Oct 21 2019 13:36:16 GMT+0200 (CEST);Mon Oct 21 2019 11:36:16 GMT+0200 (CEST);1571657776000;1.67;363.51;18.89
1380556831572750;33;34.8;Mon Oct 21 2019 13:38:16 GMT+0200 (CEST);Mon Oct 21 2019 11:38:16 GMT+0200 (CEST);1571657896000;1.97;442.87;18.99
1380556831572750;33;34.5;Mon Oct 21 2019 13:40:09 GMT+0200 (CEST);Mon Oct 21 2019 11:40:09 GMT+0200 (CEST);1571658009000;3.36;690.38;19.51
1380556831572750;33;34.2;Mon Oct 21 2019 13:42:02 GMT+0200 (CEST);Mon Oct 21 2019 11:42:02 GMT+0200 (CEST);1571658122000;3.28;698.9;19.92
1380556831572750;33;34.2;Mon Oct 21 2019 13:43:54 GMT+0200 (CEST);Mon Oct 21 2019 11:43:54 GMT+0200 (CEST);1571658234000;3.78;818.38;20.58
1380556831572750;34.1;33.2;Mon Oct 21 2019 13:45:47 GMT+0200 (CEST);Mon Oct 21 2019 11:45:47 GMT+0200 (CEST);1571658347000;1.71;353.27;20.85
1380556831572750;34.1;34;Mon Oct 21 2019 13:47:40 GMT+0200 (CEST);Mon Oct 21 2019 11:47:40 GMT+0200 (CEST);1571658460000;1.72;401.91;20.69
1380556831572750;35.6;34.4;Mon Oct 21 2019 13:49:33 GMT+0200 (CEST);Mon Oct 21 2019 11:49:33 GMT+0200 (CEST);1571658573000;3.74;831.42;20.98
1380556831572750;35.6;33.2;Mon Oct 21 2019 13:51:26 GMT+0200 (CEST);Mon Oct 21 2019 11:51:26 GMT+0200 (CEST);1571658686000;3.85;824.74;21.51
1380556831572750;35.6;33.1;Mon Oct 21 2019 13:53:24 GMT+0200 (CEST);Mon Oct 21 2019 11:53:24 GMT+0200 (CEST);1571658804000;3.5;754.59;22.03
1380556831572750;37.6;32.6;Mon Oct 21 2019 13:55:17 GMT+0200 (CEST);Mon Oct 21 2019 11:55:17 GMT+0200 (CEST);1571658917000;2.09;401.91;22.29
1380556831572750;37.6;33.6;Mon Oct 21 2019 13:57:11 GMT+0200 (CEST);Mon Oct 21 2019 11:57:11 GMT+0200 (CEST);1571659031000;1.02;239.39;22.19
1380556831572750;37.6;33;Mon Oct 21 2019 13:59:04 GMT+0200 (CEST);Mon Oct 21 2019 11:59:04 GMT+0200 (CEST);1571659144000;1.01;230.47;21.9
1380556831572750;37.6;34.5;Mon Oct 21 2019 14:01:04 GMT+0200 (CEST);Mon Oct 21 2019 12:01:04 GMT+0200 (CEST);1571659264000;1.19;270.66;21.32
1380556831572750;37.6;34.4;Mon Oct 21 2019 14:03:04 GMT+0200 (CEST);Mon Oct 21 2019 12:03:04 GMT+0200 (CEST);1571659384000;1.23;266.32;20.94
1380556831572750;37.6;33.7;Mon Oct 21 2019 14:04:58 GMT+0200 (CEST);Mon Oct 21 2019 12:04:58 GMT+0200 (CEST);1571659498000;1.23;263.41;20.71
1380556831572750;37.6;33.7;Mon Oct 21 2019 14:06:51 GMT+0200 (CEST);Mon Oct 21 2019 12:06:51 GMT+0200 (CEST);1571659611000;1.25;264.75;20.61
1380556831572750;35.6;33.7;Mon Oct 21 2019 14:08:57 GMT+0200 (CEST);Mon Oct 21 2019 12:08:57 GMT+0200 (CEST);1571659737000;1.21;257.73;20.35
1380556831572750;35.6;33.8;Mon Oct 21 2019 14:10:49 GMT+0200 (CEST);Mon Oct 21 2019 12:10:49 GMT+0200 (CEST);1571659849000;1.19;246.35;20.14
1380556831572750;33;33.8;Mon Oct 21 2019 14:12:42 GMT+0200 (CEST);Mon Oct 21 2019 12:12:42 GMT+0200 (CEST);1571659962000;1.08;230.23;19.98
1380556831572750;33;33.7;Mon Oct 21 2019 14:14:35 GMT+0200 (CEST);Mon Oct 21 2019 12:14:35 GMT+0200 (CEST);1571660075000;1.09;229.64;19.86
1380556831572750;33;33.9;Mon Oct 21 2019 14:16:37 GMT+0200 (CEST);Mon Oct 21 2019 12:16:37 GMT+0200 (CEST);1571660197000;1.09;232.43;19.72
1380556831572750;33;34;Mon Oct 21 2019 14:18:30 GMT+0200 (CEST);Mon Oct 21 2019 12:18:30 GMT+0200 (CEST);1571660310000;1.13;236.43;19.63
1380556831572750;33;34;Mon Oct 21 2019 14:20:23 GMT+0200 (CEST);Mon Oct 21 2019 12:20:23 GMT+0200 (CEST);1571660423000;1.14;237.55;19.61
1380556831572750;31.5;34;Mon Oct 21 2019 14:22:17 GMT+0200 (CEST);Mon Oct 21 2019 12:22:17 GMT+0200 (CEST);1571660537000;1.15;238.07;19.61
1380556831572750;31.5;34;Mon Oct 21 2019 14:24:19 GMT+0200 (CEST);Mon Oct 21 2019 12:24:19 GMT+0200 (CEST);1571660659000;1.17;243.55;19.55
1380556831572750;31.5;34.1;Mon Oct 21 2019 14:26:13 GMT+0200 (CEST);Mon Oct 21 2019 12:26:13 GMT+0200 (CEST);1571660773000;1.22;251.52;19.49
1380556831572750;31.5;34.1;Mon Oct 21 2019 14:28:16 GMT+0200 (CEST);Mon Oct 21 2019 12:28:16 GMT+0200 (CEST);1571660896000;1.23;255.65;19.36
1380556831572750;31.5;34.1;Mon Oct 21 2019 14:30:10 GMT+0200 (CEST);Mon Oct 21 2019 12:30:10 GMT+0200 (CEST);1571661010000;1.21;251.72;19.24
1380556831572750;31.5;34;Mon Oct 21 2019 14:32:17 GMT+0200 (CEST);Mon Oct 21 2019 12:32:17 GMT+0200 (CEST);1571661137000;1.19;247.63;19.17
1380556831572750;31.5;34;Mon Oct 21 2019 14:34:10 GMT+0200 (CEST);Mon Oct 21 2019 12:34:10 GMT+0200 (CEST);1571661250000;1.18;245.18;19.18
1380556831572750;31.5;34;Mon Oct 21 2019 14:36:03 GMT+0200 (CEST);Mon Oct 21 2019 12:36:03 GMT+0200 (CEST);1571661363000;1.18;244.56;19.21
1380556831572750;31.5;34.7;Mon Oct 21 2019 14:37:57 GMT+0200 (CEST);Mon Oct 21 2019 12:37:57 GMT+0200 (CEST);1571661477000;1.19;249.51;19.24
1380556831572750;31.5;34;Mon Oct 21 2019 14:39:50 GMT+0200 (CEST);Mon Oct 21 2019 12:39:50 GMT+0200 (CEST);1571661590000;1.17;246.03;19.31
1380556831572750;31.5;34;Mon Oct 21 2019 14:41:44 GMT+0200 (CEST);Mon Oct 21 2019 12:41:44 GMT+0200 (CEST);1571661704000;1.14;235.55;19.39
1380556831572750;31.5;34;Mon Oct 21 2019 14:43:38 GMT+0200 (CEST);Mon Oct 21 2019 12:43:38 GMT+0200 (CEST);1571661818000;1.11;230.1;19.37
1380556831572750;31.5;34.1;Mon Oct 21 2019 14:45:30 GMT+0200 (CEST);Mon Oct 21 2019 12:45:30 GMT+0200 (CEST);1571661930000;1.17;258.05;19.41
1380556831572750;31.5;34.1;Mon Oct 21 2019 14:47:26 GMT+0200 (CEST);Mon Oct 21 2019 12:47:26 GMT+0200 (CEST);1571662046000;1.18;241.53;19.49
1380556831572750;31.5;34.1;Mon Oct 21 2019 14:49:41 GMT+0200 (CEST);Mon Oct 21 2019 12:49:41 GMT+0200 (CEST);1571662181000;1.2;247.89;19.55
1380556831572750;31.5;33.9;Mon Oct 21 2019 14:51:41 GMT+0200 (CEST);Mon Oct 21 2019 12:51:41 GMT+0200 (CEST);1571662301000;1.14;232.68;19.67
1380556831572750;31.5;33.7;Mon Oct 21 2019 14:53:34 GMT+0200 (CEST);Mon Oct 21 2019 12:53:34 GMT+0200 (CEST);1571662414000;1.03;209.4;19.74
1380556831572750;30;33.6;Mon Oct 21 2019 14:55:47 GMT+0200 (CEST);Mon Oct 21 2019 12:55:47 GMT+0200 (CEST);1571662547000;0.89;184.32;19.67
1380556831572750;30;33.4;Mon Oct 21 2019 14:57:40 GMT+0200 (CEST);Mon Oct 21 2019 12:57:40 GMT+0200 (CEST);1571662660000;0.81;166.92;19.41
1380556831572750;30;33.4;Mon Oct 21 2019 14:59:33 GMT+0200 (CEST);Mon Oct 21 2019 12:59:33 GMT+0200 (CEST);1571662773000;0.76;159.63;19.25
1380556831572750;30;33.4;Mon Oct 21 2019 15:01:28 GMT+0200 (CEST);Mon Oct 21 2019 13:01:28 GMT+0200 (CEST);1571662888000;0.76;156.44;19.08
1380556831572750;30;33.5;Mon Oct 21 2019 15:04:13 GMT+0200 (CEST);Mon Oct 21 2019 13:04:13 GMT+0200 (CEST);1571663053000;0.74;153.21;19.02
1380556831572750;31.5;33.5;Mon Oct 21 2019 15:06:06 GMT+0200 (CEST);Mon Oct 21 2019 13:06:06 GMT+0200 (CEST);1571663166000;0.74;152.19;18.98
1380556831572750;31.5;33.7;Mon Oct 21 2019 15:07:58 GMT+0200 (CEST);Mon Oct 21 2019 13:07:58 GMT+0200 (CEST);1571663278000;0.79;163.53;18.99
1380556831572750;30;33.9;Mon Oct 21 2019 15:09:56 GMT+0200 (CEST);Mon Oct 21 2019 13:09:56 GMT+0200 (CEST);1571663396000;0.88;182.04;19.05
1380556831572750;30;34.5;Mon Oct 21 2019 15:11:53 GMT+0200 (CEST);Mon Oct 21 2019 13:11:53 GMT+0200 (CEST);1571663513000;1.21;264.99;19.18
1380556831572750;30;34.7;Mon Oct 21 2019 15:13:46 GMT+0200 (CEST);Mon Oct 21 2019 13:13:46 GMT+0200 (CEST);1571663626000;1.1;230.91;19.33
1380556831572750;30;34.3;Mon Oct 21 2019 15:15:39 GMT+0200 (CEST);Mon Oct 21 2019 13:15:39 GMT+0200 (CEST);1571663739000;1.09;223.29;19.45
1380556831572750;30;34;Mon Oct 21 2019 15:17:50 GMT+0200 (CEST);Mon Oct 21 2019 13:17:50 GMT+0200 (CEST);1571663870000;1;205.2;19.55
1380556831572750;30;33.8;Mon Oct 21 2019 15:19:51 GMT+0200 (CEST);Mon Oct 21 2019 13:19:51 GMT+0200 (CEST);1571663991000;0.9;183.31;19.65
1380556831572750;30;33.9;Mon Oct 21 2019 15:21:47 GMT+0200 (CEST);Mon Oct 21 2019 13:21:47 GMT+0200 (CEST);1571664107000;0.9;190.06;19.73
1380556831572750;30;34;Mon Oct 21 2019 15:23:40 GMT+0200 (CEST);Mon Oct 21 2019 13:23:40 GMT+0200 (CEST);1571664220000;0.86;176.61;19.72
1380556831572750;30;33.6;Mon Oct 21 2019 15:25:35 GMT+0200 (CEST);Mon Oct 21 2019 13:25:35 GMT+0200 (CEST);1571664335000;0.86;175.22;19.73
1380556831572750;30;33.8;Mon Oct 21 2019 15:27:28 GMT+0200 (CEST);Mon Oct 21 2019 13:27:28 GMT+0200 (CEST);1571664448000;0.85;177.61;19.73
1380556831572750;30;33.6;Mon Oct 21 2019 15:29:22 GMT+0200 (CEST);Mon Oct 21 2019 13:29:22 GMT+0200 (CEST);1571664562000;0.84;174.07;19.69
1380556831572750;30;33.5;Mon Oct 21 2019 15:31:16 GMT+0200 (CEST);Mon Oct 21 2019 13:31:16 GMT+0200 (CEST);1571664676000;0.78;162.32;19.68
1380556831572750;30;33.4;Mon Oct 21 2019 15:33:09 GMT+0200 (CEST);Mon Oct 21 2019 13:33:09 GMT+0200 (CEST);1571664789000;0.69;145.99;19.68
1380556831572750;30;33.2;Mon Oct 21 2019 15:35:04 GMT+0200 (CEST);Mon Oct 21 2019 13:35:04 GMT+0200 (CEST);1571664904000;0.65;139.04;19.67
1380556831572750;29.5;33.4;Mon Oct 21 2019 15:37:03 GMT+0200 (CEST);Mon Oct 21 2019 13:37:03 GMT+0200 (CEST);1571665023000;0.68;147.49;19.65
1380556831572750;29.5;33.8;Mon Oct 21 2019 15:38:55 GMT+0200 (CEST);Mon Oct 21 2019 13:38:55 GMT+0200 (CEST);1571665135000;0.77;164.6;19.73
1380556831572750;29.5;34.1;Mon Oct 21 2019 15:40:48 GMT+0200 (CEST);Mon Oct 21 2019 13:40:48 GMT+0200 (CEST);1571665248000;0.85;184.27;19.84
1380556831572750;29.5;34.8;Mon Oct 21 2019 15:42:42 GMT+0200 (CEST);Mon Oct 21 2019 13:42:42 GMT+0200 (CEST);1571665362000;0.98;215.55;19.94
1380556831572750;29.5;35.6;Mon Oct 21 2019 15:44:34 GMT+0200 (CEST);Mon Oct 21 2019 13:44:34 GMT+0200 (CEST);1571665474000;2.01;447.99;20.21
1380556831572750;31.5;35.6;Mon Oct 21 2019 15:46:35 GMT+0200 (CEST);Mon Oct 21 2019 13:46:35 GMT+0200 (CEST);1571665595000;2.41;599.03;21.12
1380556831572750;31.5;36.9;Mon Oct 21 2019 15:48:27 GMT+0200 (CEST);Mon Oct 21 2019 13:48:27 GMT+0200 (CEST);1571665707000;2.59;575.99;22.23
1380556831572750;31.5;35.2;Mon Oct 21 2019 15:50:24 GMT+0200 (CEST);Mon Oct 21 2019 13:50:24 GMT+0200 (CEST);1571665824000;2.52;568.31;23.07
1380556831572750;32;34.4;Mon Oct 21 2019 15:52:17 GMT+0200 (CEST);Mon Oct 21 2019 13:52:17 GMT+0200 (CEST);1571665937000;2.47;565.75;23.63
1380556831572750;32;38.1;Mon Oct 21 2019 15:54:12 GMT+0200 (CEST);Mon Oct 21 2019 13:54:12 GMT+0200 (CEST);1571666052000;1.12;360.95;23.95
1380556831572750;35.6;37.4;Mon Oct 21 2019 15:56:06 GMT+0200 (CEST);Mon Oct 21 2019 13:56:06 GMT+0200 (CEST);1571666166000;0.96;419.83;24.05
1380556831572750;35.6;36.1;Mon Oct 21 2019 15:57:59 GMT+0200 (CEST);Mon Oct 21 2019 13:57:59 GMT+0200 (CEST);1571666279000;0.69;158.9;23.92
1380556831572750;35.6;34.2;Mon Oct 21 2019 16:00:02 GMT+0200 (CEST);Mon Oct 21 2019 14:00:02 GMT+0200 (CEST);1571666402000;0.53;253.98;23.46
1380556831572750;35.6;37.5;Mon Oct 21 2019 16:01:56 GMT+0200 (CEST);Mon Oct 21 2019 14:01:56 GMT+0200 (CEST);1571666516000;0.47;303.2;23.19
1380556831572750;35.6;37.4;Mon Oct 21 2019 16:03:49 GMT+0200 (CEST);Mon Oct 21 2019 14:03:49 GMT+0200 (CEST);1571666629000;0.41;299.62;23.17
1380556831572750;35.6;35.1;Mon Oct 21 2019 16:06:04 GMT+0200 (CEST);Mon Oct 21 2019 14:06:04 GMT+0200 (CEST);1571666764000;0.36;279.2;23.35
1380556831572750;35.6;33.9;Mon Oct 21 2019 16:07:57 GMT+0200 (CEST);Mon Oct 21 2019 14:07:57 GMT+0200 (CEST);1571666877000;0.34;305.27;23.3
1380556831572750;35.6;33.2;Mon Oct 21 2019 16:09:53 GMT+0200 (CEST);Mon Oct 21 2019 14:09:53 GMT+0200 (CEST);1571666993000;0.33;289.28;23.35
1380556831572750;33;33.4;Mon Oct 21 2019 16:11:46 GMT+0200 (CEST);Mon Oct 21 2019 14:11:46 GMT+0200 (CEST);1571667106000;0.31;303.53;23.34
1380556831572750;33;33.3;Mon Oct 21 2019 16:13:42 GMT+0200 (CEST);Mon Oct 21 2019 14:13:42 GMT+0200 (CEST);1571667222000;0.29;297.77;23.32
1380556831572750;31.5;33.3;Mon Oct 21 2019 16:15:35 GMT+0200 (CEST);Mon Oct 21 2019 14:15:35 GMT+0200 (CEST);1571667335000;0.28;307.73;23.44
1380556831572750;31.5;33.2;Mon Oct 21 2019 16:17:27 GMT+0200 (CEST);Mon Oct 21 2019 14:17:27 GMT+0200 (CEST);1571667447000;0.27;298.45;23.57
1380556831572750;31.5;33.2;Mon Oct 21 2019 16:19:24 GMT+0200 (CEST);Mon Oct 21 2019 14:19:24 GMT+0200 (CEST);1571667564000;0.27;263.95;23.6
1380556831572750;30;33.4;Mon Oct 21 2019 16:21:34 GMT+0200 (CEST);Mon Oct 21 2019 14:21:34 GMT+0200 (CEST);1571667694000;0.26;246.19;23.67
1380556831572750;30;33.4;Mon Oct 21 2019 16:23:27 GMT+0200 (CEST);Mon Oct 21 2019 14:23:27 GMT+0200 (CEST);1571667807000;0.23;125.36;23.67
1380556831572750;29.5;32.3;Mon Oct 21 2019 16:25:23 GMT+0200 (CEST);Mon Oct 21 2019 14:25:23 GMT+0200 (CEST);1571667923000;0.22;52.3;23.21
1380556831572750;29.5;32.1;Mon Oct 21 2019 16:27:15 GMT+0200 (CEST);Mon Oct 21 2019 14:27:15 GMT+0200 (CEST);1571668035000;0.2;49.06;22.6
1380556831572750;28;31.9;Mon Oct 21 2019 16:29:08 GMT+0200 (CEST);Mon Oct 21 2019 14:29:08 GMT+0200 (CEST);1571668148000;0.19;46.18;21.98
1380556831572750;28;31.7;Mon Oct 21 2019 16:31:01 GMT+0200 (CEST);Mon Oct 21 2019 14:31:01 GMT+0200 (CEST);1571668261000;0.18;46.86;21.38
1380556831572750;28;31.9;Mon Oct 21 2019 16:32:55 GMT+0200 (CEST);Mon Oct 21 2019 14:32:55 GMT+0200 (CEST);1571668375000;0.19;57.22;20.93
1380556831572750;27.5;32.6;Mon Oct 21 2019 16:34:48 GMT+0200 (CEST);Mon Oct 21 2019 14:34:48 GMT+0200 (CEST);1571668488000;0.2;132.85;20.53
1380556831572750;27.5;33.6;Mon Oct 21 2019 16:37:12 GMT+0200 (CEST);Mon Oct 21 2019 14:37:12 GMT+0200 (CEST);1571668632000;0.23;99.29;20.3
1380556831572750;27.5;33.7;Mon Oct 21 2019 16:39:06 GMT+0200 (CEST);Mon Oct 21 2019 14:39:06 GMT+0200 (CEST);1571668746000;0.25;79.09;20.14
1380556831572750;27.5;33.1;Mon Oct 21 2019 16:40:58 GMT+0200 (CEST);Mon Oct 21 2019 14:40:58 GMT+0200 (CEST);1571668858000;0.27;61.56;19.89
1380556831572750;27.5;32.8;Mon Oct 21 2019 16:42:53 GMT+0200 (CEST);Mon Oct 21 2019 14:42:53 GMT+0200 (CEST);1571668973000;0.28;63.43;19.64
1380556831572750;26;32.5;Mon Oct 21 2019 16:44:50 GMT+0200 (CEST);Mon Oct 21 2019 14:44:50 GMT+0200 (CEST);1571669090000;0.29;66.78;19.43
1380556831572750;26;32.6;Mon Oct 21 2019 16:46:44 GMT+0200 (CEST);Mon Oct 21 2019 14:46:44 GMT+0200 (CEST);1571669204000;0.31;72.92;19.28
1380556831572750;26;33;Mon Oct 21 2019 16:48:36 GMT+0200 (CEST);Mon Oct 21 2019 14:48:36 GMT+0200 (CEST);1571669316000;0.34;96.55;19.21
1380556831572750;26;34.2;Mon Oct 21 2019 16:50:33 GMT+0200 (CEST);Mon Oct 21 2019 14:50:33 GMT+0200 (CEST);1571669433000;0.37;102.08;19.24
1380556831572750;26;33.7;Mon Oct 21 2019 16:52:35 GMT+0200 (CEST);Mon Oct 21 2019 14:52:35 GMT+0200 (CEST);1571669555000;0.36;79.73;19.25
1380556831572750;26;33.3;Mon Oct 21 2019 16:54:28 GMT+0200 (CEST);Mon Oct 21 2019 14:54:28 GMT+0200 (CEST);1571669668000;0.32;71.18;19.22
1380556831572750;26;32.8;Mon Oct 21 2019 16:56:26 GMT+0200 (CEST);Mon Oct 21 2019 14:56:26 GMT+0200 (CEST);1571669786000;0.3;76.28;19.12
1380556831572750;26;32.6;Mon Oct 21 2019 16:58:19 GMT+0200 (CEST);Mon Oct 21 2019 14:58:19 GMT+0200 (CEST);1571669899000;0.31;111.05;19.18
1380556831572750;26;33.1;Mon Oct 21 2019 17:00:14 GMT+0200 (CEST);Mon Oct 21 2019 15:00:14 GMT+0200 (CEST);1571670014000;0.32;120.41;19.37
1380556831572750;26;33.6;Mon Oct 21 2019 17:02:08 GMT+0200 (CEST);Mon Oct 21 2019 15:02:08 GMT+0200 (CEST);1571670128000;0.32;165.9;19.57
1380556831572750;26;35.3;Mon Oct 21 2019 17:04:00 GMT+0200 (CEST);Mon Oct 21 2019 15:04:00 GMT+0200 (CEST);1571670240000;0.31;95.01;19.82
1380556831572750;26;33.6;Mon Oct 21 2019 17:05:53 GMT+0200 (CEST);Mon Oct 21 2019 15:05:53 GMT+0200 (CEST);1571670353000;0.31;66.7;19.82
1380556831572750;26;33.1;Mon Oct 21 2019 17:07:56 GMT+0200 (CEST);Mon Oct 21 2019 15:07:56 GMT+0200 (CEST);1571670476000;0.32;66.94;19.67
1380556831572750;26;32.8;Mon Oct 21 2019 17:09:53 GMT+0200 (CEST);Mon Oct 21 2019 15:09:53 GMT+0200 (CEST);1571670593000;0.32;64.78;19.56
1380556831572750;26;32.5;Mon Oct 21 2019 17:11:51 GMT+0200 (CEST);Mon Oct 21 2019 15:11:51 GMT+0200 (CEST);1571670711000;0.3;59.94;19.45
1380556831572750;26;32.1;Mon Oct 21 2019 17:13:49 GMT+0200 (CEST);Mon Oct 21 2019 15:13:49 GMT+0200 (CEST);1571670829000;0.29;59.76;19.34
1380556831572750;26;32.1;Mon Oct 21 2019 17:16:00 GMT+0200 (CEST);Mon Oct 21 2019 15:16:00 GMT+0200 (CEST);1571670960000;0.29;59.69;19.17
1380556831572750;25.5;31.9;Mon Oct 21 2019 17:17:53 GMT+0200 (CEST);Mon Oct 21 2019 15:17:53 GMT+0200 (CEST);1571671073000;0.28;57.46;19.01
1380556831572750;25.5;32.1;Mon Oct 21 2019 17:19:56 GMT+0200 (CEST);Mon Oct 21 2019 15:19:56 GMT+0200 (CEST);1571671196000;0.27;56.09;18.85
1380556831572750;25.5;32.3;Mon Oct 21 2019 17:21:50 GMT+0200 (CEST);Mon Oct 21 2019 15:21:50 GMT+0200 (CEST);1571671310000;0.28;57.22;18.74
1380556831572750;25.5;32.1;Mon Oct 21 2019 17:24:00 GMT+0200 (CEST);Mon Oct 21 2019 15:24:00 GMT+0200 (CEST);1571671440000;0.27;55.75;18.61
1380556831572750;25.5;32.1;Mon Oct 21 2019 17:25:52 GMT+0200 (CEST);Mon Oct 21 2019 15:25:52 GMT+0200 (CEST);1571671552000;0.25;52.35;18.5
1380556831572750;25.5;31.9;Mon Oct 21 2019 17:27:46 GMT+0200 (CEST);Mon Oct 21 2019 15:27:46 GMT+0200 (CEST);1571671666000;0.24;49.22;18.42
1380556831572750;25.5;31.9;Mon Oct 21 2019 17:29:41 GMT+0200 (CEST);Mon Oct 21 2019 15:29:41 GMT+0200 (CEST);1571671781000;0.22;45.74;18.3
1380556831572750;25.5;31.6;Mon Oct 21 2019 17:31:47 GMT+0200 (CEST);Mon Oct 21 2019 15:31:47 GMT+0200 (CEST);1571671907000;0.2;40.14;18.17
1380556831572750;25.5;31.4;Mon Oct 21 2019 17:33:40 GMT+0200 (CEST);Mon Oct 21 2019 15:33:40 GMT+0200 (CEST);1571672020000;0.17;35;18.06
1380556831572750;25.5;31.4;Mon Oct 21 2019 17:35:35 GMT+0200 (CEST);Mon Oct 21 2019 15:35:35 GMT+0200 (CEST);1571672135000;0.13;28.84;17.89
1380556831572750;24;31.4;Mon Oct 21 2019 17:37:28 GMT+0200 (CEST);Mon Oct 21 2019 15:37:28 GMT+0200 (CEST);1571672248000;0.11;23.62;17.75
1380556831572750;24;30.6;Mon Oct 21 2019 17:39:33 GMT+0200 (CEST);Mon Oct 21 2019 15:39:33 GMT+0200 (CEST);1571672373000;0.1;20.7;17.6
1380556831572750;24;31;Mon Oct 21 2019 17:41:29 GMT+0200 (CEST);Mon Oct 21 2019 15:41:29 GMT+0200 (CEST);1571672489000;0.09;19.21;17.43
1380556831572750;24;30.9;Mon Oct 21 2019 17:43:24 GMT+0200 (CEST);Mon Oct 21 2019 15:43:24 GMT+0200 (CEST);1571672604000;0.09;18.08;17.3
1380556831572750;24;30.9;Mon Oct 21 2019 17:45:17 GMT+0200 (CEST);Mon Oct 21 2019 15:45:17 GMT+0200 (CEST);1571672717000;0.08;17.17;17.18
1380556831572750;23.5;30.2;Mon Oct 21 2019 17:47:10 GMT+0200 (CEST);Mon Oct 21 2019 15:47:10 GMT+0200 (CEST);1571672830000;0.08;16.47;17.07
1380556831572750;23.5;30.2;Mon Oct 21 2019 17:49:11 GMT+0200 (CEST);Mon Oct 21 2019 15:49:11 GMT+0200 (CEST);1571672951000;0.07;16.03;16.95
1380556831572750;23.5;30.1;Mon Oct 21 2019 17:51:06 GMT+0200 (CEST);Mon Oct 21 2019 15:51:06 GMT+0200 (CEST);1571673066000;0.07;15.54;16.88
1380556831572750;23.5;29.1;Mon Oct 21 2019 17:53:03 GMT+0200 (CEST);Mon Oct 21 2019 15:53:03 GMT+0200 (CEST);1571673183000;0.07;14.96;16.8
1380556831572750;23.5;28.2;Mon Oct 21 2019 17:54:56 GMT+0200 (CEST);Mon Oct 21 2019 15:54:56 GMT+0200 (CEST);1571673296000;0.06;13.99;16.74
1380556831572750;22;28;Mon Oct 21 2019 17:56:49 GMT+0200 (CEST);Mon Oct 21 2019 15:56:49 GMT+0200 (CEST);1571673409000;0;12.06;16.66
1380556831572750;22;27.9;Mon Oct 21 2019 17:58:43 GMT+0200 (CEST);Mon Oct 21 2019 15:58:43 GMT+0200 (CEST);1571673523000;0;9.46;16.56
1380556831572750;21.5;27.9;Mon Oct 21 2019 18:00:39 GMT+0200 (CEST);Mon Oct 21 2019 16:00:39 GMT+0200 (CEST);1571673639000;0;7.92;16.48
1380556831572750;21.5;27.9;Mon Oct 21 2019 18:02:40 GMT+0200 (CEST);Mon Oct 21 2019 16:02:40 GMT+0200 (CEST);1571673760000;0;6.07;16.39
1380556831572750;21.5;27;Mon Oct 21 2019 18:04:36 GMT+0200 (CEST);Mon Oct 21 2019 16:04:36 GMT+0200 (CEST);1571673876000;0;4.04;16.3
1380556831572750;21.5;26.1;Mon Oct 21 2019 18:06:31 GMT+0200 (CEST);Mon Oct 21 2019 16:06:31 GMT+0200 (CEST);1571673991000;0;2.94;16.24
1380556831572750;21.5;29.7;Mon Oct 21 2019 18:08:26 GMT+0200 (CEST);Mon Oct 21 2019 16:08:26 GMT+0200 (CEST);1571674106000;0;1.72;16.14
1380556831572750;21.5;27.7;Mon Oct 21 2019 18:10:27 GMT+0200 (CEST);Mon Oct 21 2019 16:10:27 GMT+0200 (CEST);1571674227000;0;0.92;16.03
1380556831572750;21.5;25.3;Mon Oct 21 2019 18:12:27 GMT+0200 (CEST);Mon Oct 21 2019 16:12:27 GMT+0200 (CEST);1571674347000;0;0.49;15.96
1380556831572750;19.4;21.5;Mon Oct 21 2019 18:14:23 GMT+0200 (CEST);Mon Oct 21 2019 16:14:23 GMT+0200 (CEST);1571674463000;0;0.36;15.87
1380556831572750;19.4;21.5;Mon Oct 21 2019 18:16:18 GMT+0200 (CEST);Mon Oct 21 2019 16:16:18 GMT+0200 (CEST);1571674578000;0;0.09;15.85
1380556831572750;19.4;21.5;Mon Oct 21 2019 18:18:04 GMT+0200 (CEST);Mon Oct 21 2019 16:18:04 GMT+0200 (CEST);1571674684000;0;0.03;15.8
1380556831572750;13.4;28.8;Tue Oct 22 2019 08:04:57 GMT+0200 (CEST);Tue Oct 22 2019 06:04:57 GMT+0200 (CEST);1571724297000;0;10.66;10.04
1380556831572750;13.4;28.5;Tue Oct 22 2019 08:06:50 GMT+0200 (CEST);Tue Oct 22 2019 06:06:50 GMT+0200 (CEST);1571724410000;0;12.4;10.06
1380556831572750;13.4;27.3;Tue Oct 22 2019 08:08:43 GMT+0200 (CEST);Tue Oct 22 2019 06:08:43 GMT+0200 (CEST);1571724523000;0;14.01;10.07
1380556831572750;13.9;27.4;Tue Oct 22 2019 08:10:35 GMT+0200 (CEST);Tue Oct 22 2019 06:10:35 GMT+0200 (CEST);1571724635000;0.08;16.38;10.06
1380556831572750;13.9;25.8;Tue Oct 22 2019 08:12:33 GMT+0200 (CEST);Tue Oct 22 2019 06:12:33 GMT+0200 (CEST);1571724753000;0.09;17.77;10.06
1380556831572750;13.4;23.8;Tue Oct 22 2019 08:14:27 GMT+0200 (CEST);Tue Oct 22 2019 06:14:27 GMT+0200 (CEST);1571724867000;0.09;17.64;10.07
1380556831572750;13.4;22.2;Tue Oct 22 2019 08:16:22 GMT+0200 (CEST);Tue Oct 22 2019 06:16:22 GMT+0200 (CEST);1571724982000;0.09;18.27;10.07
1380556831572750;13.4;22.3;Tue Oct 22 2019 08:18:16 GMT+0200 (CEST);Tue Oct 22 2019 06:18:16 GMT+0200 (CEST);1571725096000;0.1;21.31;10.09
1380556831572750;13.4;22.4;Tue Oct 22 2019 08:20:39 GMT+0200 (CEST);Tue Oct 22 2019 06:20:39 GMT+0200 (CEST);1571725239000;0.11;22.68;10.11
1380556831572750;13.4;22.3;Tue Oct 22 2019 08:22:33 GMT+0200 (CEST);Tue Oct 22 2019 06:22:33 GMT+0200 (CEST);1571725353000;0.12;24.17;10.12
1380556831572750;13.4;25.1;Tue Oct 22 2019 08:24:25 GMT+0200 (CEST);Tue Oct 22 2019 06:24:25 GMT+0200 (CEST);1571725465000;0.17;35.67;10.12
1380556831572750;13.4;31.5;Tue Oct 22 2019 08:26:18 GMT+0200 (CEST);Tue Oct 22 2019 06:26:18 GMT+0200 (CEST);1571725578000;0.2;43.21;10.14
1380556831572750;15.4;32.1;Tue Oct 22 2019 08:28:11 GMT+0200 (CEST);Tue Oct 22 2019 06:28:11 GMT+0200 (CEST);1571725691000;0.19;42.09;10.16
1380556831572750;15.4;32.1;Tue Oct 22 2019 08:30:04 GMT+0200 (CEST);Tue Oct 22 2019 06:30:04 GMT+0200 (CEST);1571725804000;0.21;47.73;10.16
1380556831572750;15.4;32.5;Tue Oct 22 2019 08:31:59 GMT+0200 (CEST);Tue Oct 22 2019 06:31:59 GMT+0200 (CEST);1571725919000;0.23;54.21;10.14
1380556831572750;15.9;32.6;Tue Oct 22 2019 08:33:53 GMT+0200 (CEST);Tue Oct 22 2019 06:33:53 GMT+0200 (CEST);1571726033000;0.23;53.66;10.14
1380556831572750;15.9;32.7;Tue Oct 22 2019 08:35:57 GMT+0200 (CEST);Tue Oct 22 2019 06:35:57 GMT+0200 (CEST);1571726157000;0.25;57.16;10.12
1380556831572750;16.9;33.1;Tue Oct 22 2019 08:37:51 GMT+0200 (CEST);Tue Oct 22 2019 06:37:51 GMT+0200 (CEST);1571726271000;0.28;64.31;10.14
1380556831572750;16.9;33.4;Tue Oct 22 2019 08:39:46 GMT+0200 (CEST);Tue Oct 22 2019 06:39:46 GMT+0200 (CEST);1571726386000;0.32;75.42;10.2
1380556831572750;16.9;33.5;Tue Oct 22 2019 08:41:39 GMT+0200 (CEST);Tue Oct 22 2019 06:41:39 GMT+0200 (CEST);1571726499000;0.33;72.97;10.28
1380556831572750;16.9;33;Tue Oct 22 2019 08:43:34 GMT+0200 (CEST);Tue Oct 22 2019 06:43:34 GMT+0200 (CEST);1571726614000;0.33;75.11;10.37
1380556831572750;16.9;33.2;Tue Oct 22 2019 08:45:27 GMT+0200 (CEST);Tue Oct 22 2019 06:45:27 GMT+0200 (CEST);1571726727000;0.31;69.43;10.46
1380556831572750;16.9;33.4;Tue Oct 22 2019 08:47:20 GMT+0200 (CEST);Tue Oct 22 2019 06:47:20 GMT+0200 (CEST);1571726840000;0.32;69.78;10.54
1380556831572750;16.9;33.4;Tue Oct 22 2019 08:49:13 GMT+0200 (CEST);Tue Oct 22 2019 06:49:13 GMT+0200 (CEST);1571726953000;0.33;73.88;10.66
1380556831572750;16.9;33.4;Tue Oct 22 2019 08:51:30 GMT+0200 (CEST);Tue Oct 22 2019 06:51:30 GMT+0200 (CEST);1571727090000;0.34;70.89;10.78
1380556831572750;16.9;33.2;Tue Oct 22 2019 08:53:29 GMT+0200 (CEST);Tue Oct 22 2019 06:53:29 GMT+0200 (CEST);1571727209000;0.32;68.66;10.89
1380556831572750;16.9;32.9;Tue Oct 22 2019 08:55:22 GMT+0200 (CEST);Tue Oct 22 2019 06:55:22 GMT+0200 (CEST);1571727322000;0.38;80.77;10.99
1380556831572750;16.9;33.4;Tue Oct 22 2019 08:57:15 GMT+0200 (CEST);Tue Oct 22 2019 06:57:15 GMT+0200 (CEST);1571727435000;0.32;62.46;11.07
1380556831572750;16.9;33.3;Tue Oct 22 2019 08:59:13 GMT+0200 (CEST);Tue Oct 22 2019 06:59:13 GMT+0200 (CEST);1571727553000;0.29;60.18;11.1
1380556831572750;17.9;33.4;Tue Oct 22 2019 09:01:06 GMT+0200 (CEST);Tue Oct 22 2019 07:01:06 GMT+0200 (CEST);1571727666000;0.35;74.19;11.17
1380556831572750;17.9;33.3;Tue Oct 22 2019 09:02:59 GMT+0200 (CEST);Tue Oct 22 2019 07:02:59 GMT+0200 (CEST);1571727779000;0.36;76.12;11.25
1380556831572750;19.4;33.2;Tue Oct 22 2019 09:04:52 GMT+0200 (CEST);Tue Oct 22 2019 07:04:52 GMT+0200 (CEST);1571727892000;0.35;75.36;11.29
1380556831572750;19.4;33.2;Tue Oct 22 2019 09:07:15 GMT+0200 (CEST);Tue Oct 22 2019 07:07:15 GMT+0200 (CEST);1571728035000;0.33;70.51;11.33
1380556831572750;19.4;33.2;Tue Oct 22 2019 09:09:08 GMT+0200 (CEST);Tue Oct 22 2019 07:09:08 GMT+0200 (CEST);1571728148000;0.35;71.44;11.38
1380556831572750;19.4;33;Tue Oct 22 2019 09:11:02 GMT+0200 (CEST);Tue Oct 22 2019 07:11:02 GMT+0200 (CEST);1571728262000;0.34;71.01;11.42
1380556831572750;19.4;33.5;Tue Oct 22 2019 09:12:55 GMT+0200 (CEST);Tue Oct 22 2019 07:12:55 GMT+0200 (CEST);1571728375000;0.39;81.78;11.5
1380556831572750;19.4;33.2;Tue Oct 22 2019 09:14:52 GMT+0200 (CEST);Tue Oct 22 2019 07:14:52 GMT+0200 (CEST);1571728492000;0.34;73.8;11.57
1380556831572750;19.4;32.9;Tue Oct 22 2019 09:16:45 GMT+0200 (CEST);Tue Oct 22 2019 07:16:45 GMT+0200 (CEST);1571728605000;0.32;69.39;11.64
1380556831572750;19.4;32.7;Tue Oct 22 2019 09:18:39 GMT+0200 (CEST);Tue Oct 22 2019 07:18:39 GMT+0200 (CEST);1571728719000;0.32;69.44;11.61
1380556831572750;19.4;33.2;Tue Oct 22 2019 09:20:44 GMT+0200 (CEST);Tue Oct 22 2019 07:20:44 GMT+0200 (CEST);1571728844000;0.36;78.78;11.6
1380556831572750;19.4;33.3;Tue Oct 22 2019 09:23:01 GMT+0200 (CEST);Tue Oct 22 2019 07:23:01 GMT+0200 (CEST);1571728981000;0.37;74.47;11.66
1380556831572750;19.4;33.3;Tue Oct 22 2019 09:24:54 GMT+0200 (CEST);Tue Oct 22 2019 07:24:54 GMT+0200 (CEST);1571729094000;0.34;71.34;11.75
1380556831572750;19.4;32.9;Tue Oct 22 2019 09:26:49 GMT+0200 (CEST);Tue Oct 22 2019 07:26:49 GMT+0200 (CEST);1571729209000;0.39;85.13;11.82
1380556831572750;19.9;33.6;Tue Oct 22 2019 09:28:58 GMT+0200 (CEST);Tue Oct 22 2019 07:28:58 GMT+0200 (CEST);1571729338000;0.47;98.58;11.91
1380556831572750;19.9;33.9;Tue Oct 22 2019 09:30:51 GMT+0200 (CEST);Tue Oct 22 2019 07:30:51 GMT+0200 (CEST);1571729451000;0.4;82.11;11.99
1380556831572750;19.9;33.5;Tue Oct 22 2019 09:32:44 GMT+0200 (CEST);Tue Oct 22 2019 07:32:44 GMT+0200 (CEST);1571729564000;0.45;93.76;12.07
1380556831572750;19.9;34.2;Tue Oct 22 2019 09:34:36 GMT+0200 (CEST);Tue Oct 22 2019 07:34:36 GMT+0200 (CEST);1571729676000;0.55;115.53;12.18
1380556831572750;19.9;34.5;Tue Oct 22 2019 09:36:34 GMT+0200 (CEST);Tue Oct 22 2019 07:36:34 GMT+0200 (CEST);1571729794000;0.62;128.75;12.32
1380556831572750;22;34.1;Tue Oct 22 2019 09:38:27 GMT+0200 (CEST);Tue Oct 22 2019 07:38:27 GMT+0200 (CEST);1571729907000;0.54;109.23;12.37
1380556831572750;22;34.5;Tue Oct 22 2019 09:40:19 GMT+0200 (CEST);Tue Oct 22 2019 07:40:19 GMT+0200 (CEST);1571730019000;0.64;127.47;12.43
1380556831572750;21.5;34.2;Tue Oct 22 2019 09:42:18 GMT+0200 (CEST);Tue Oct 22 2019 07:42:18 GMT+0200 (CEST);1571730138000;0.53;106.37;12.51
1380556831572750;21.5;34.1;Tue Oct 22 2019 09:44:19 GMT+0200 (CEST);Tue Oct 22 2019 07:44:19 GMT+0200 (CEST);1571730259000;0.53;106.87;12.51
1380556831572750;21.5;33.8;Tue Oct 22 2019 09:46:14 GMT+0200 (CEST);Tue Oct 22 2019 07:46:14 GMT+0200 (CEST);1571730374000;0.39;80.33;12.48
1380556831572750;21.5;33.4;Tue Oct 22 2019 09:48:11 GMT+0200 (CEST);Tue Oct 22 2019 07:48:11 GMT+0200 (CEST);1571730491000;0.33;65.54;12.46
1380556831572750;21.5;32.8;Tue Oct 22 2019 09:50:14 GMT+0200 (CEST);Tue Oct 22 2019 07:50:14 GMT+0200 (CEST);1571730614000;0.36;72.46;12.23
1380556831572750;21.5;33.4;Tue Oct 22 2019 09:52:09 GMT+0200 (CEST);Tue Oct 22 2019 07:52:09 GMT+0200 (CEST);1571730729000;0.4;77.64;12.05
1380556831572750;21.5;33.2;Tue Oct 22 2019 09:54:04 GMT+0200 (CEST);Tue Oct 22 2019 07:54:04 GMT+0200 (CEST);1571730844000;0.3;63.72;11.89
1380556831572750;19.9;32.7;Tue Oct 22 2019 09:55:57 GMT+0200 (CEST);Tue Oct 22 2019 07:55:57 GMT+0200 (CEST);1571730957000;0.28;57.8;11.84
1380556831572750;19.9;32.7;Tue Oct 22 2019 09:57:51 GMT+0200 (CEST);Tue Oct 22 2019 07:57:51 GMT+0200 (CEST);1571731071000;0.29;59.29;11.76
1380556831572750;19.9;32.7;Tue Oct 22 2019 09:59:44 GMT+0200 (CEST);Tue Oct 22 2019 07:59:44 GMT+0200 (CEST);1571731184000;0.31;66.2;11.78
1380556831572750;19.9;33.3;Tue Oct 22 2019 10:01:37 GMT+0200 (CEST);Tue Oct 22 2019 08:01:37 GMT+0200 (CEST);1571731297000;0.41;83.82;11.86
1380556831572750;19.9;33.5;Tue Oct 22 2019 10:03:30 GMT+0200 (CEST);Tue Oct 22 2019 08:03:30 GMT+0200 (CEST);1571731410000;0.43;90.03;11.96
1380556831572750;19.9;33.4;Tue Oct 22 2019 10:05:23 GMT+0200 (CEST);Tue Oct 22 2019 08:05:23 GMT+0200 (CEST);1571731523000;0.37;74.72;12.03
1380556831572750;19.9;33.3;Tue Oct 22 2019 10:07:16 GMT+0200 (CEST);Tue Oct 22 2019 08:07:16 GMT+0200 (CEST);1571731636000;0.49;102.45;12.07
1380556831572750;19.9;34.6;Tue Oct 22 2019 10:09:15 GMT+0200 (CEST);Tue Oct 22 2019 08:09:15 GMT+0200 (CEST);1571731755000;0.64;137.55;12.23
1380556831572750;21.5;34.7;Tue Oct 22 2019 10:11:10 GMT+0200 (CEST);Tue Oct 22 2019 08:11:10 GMT+0200 (CEST);1571731870000;0.8;171.29;12.42
1380556831572750;21.5;34.8;Tue Oct 22 2019 10:13:06 GMT+0200 (CEST);Tue Oct 22 2019 08:13:06 GMT+0200 (CEST);1571731986000;0.71;140.94;12.6
1380556831572750;21.5;34.5;Tue Oct 22 2019 10:14:59 GMT+0200 (CEST);Tue Oct 22 2019 08:14:59 GMT+0200 (CEST);1571732099000;0.61;122.77;12.72
1380556831572750;21.5;34;Tue Oct 22 2019 10:16:52 GMT+0200 (CEST);Tue Oct 22 2019 08:16:52 GMT+0200 (CEST);1571732212000;0.45;99.16;12.78
1380556831572750;21.5;33.7;Tue Oct 22 2019 10:18:49 GMT+0200 (CEST);Tue Oct 22 2019 08:18:49 GMT+0200 (CEST);1571732329000;0.44;97.87;12.77
1380556831572750;21.5;33.4;Tue Oct 22 2019 10:20:42 GMT+0200 (CEST);Tue Oct 22 2019 08:20:42 GMT+0200 (CEST);1571732442000;0.36;76.37;12.69
1380556831572750;21.5;33;Tue Oct 22 2019 10:22:37 GMT+0200 (CEST);Tue Oct 22 2019 08:22:37 GMT+0200 (CEST);1571732557000;0.35;85.48;12.61
1380556831572750;21.5;34.5;Tue Oct 22 2019 10:24:44 GMT+0200 (CEST);Tue Oct 22 2019 08:24:44 GMT+0200 (CEST);1571732684000;0.61;127.99;12.64
1380556831572750;21.5;34.9;Tue Oct 22 2019 10:26:37 GMT+0200 (CEST);Tue Oct 22 2019 08:26:37 GMT+0200 (CEST);1571732797000;0.59;127.91;12.64
1380556831572750;21.5;34.1;Tue Oct 22 2019 10:28:29 GMT+0200 (CEST);Tue Oct 22 2019 08:28:29 GMT+0200 (CEST);1571732909000;0.5;114.22;12.62
1380556831572750;21.5;34.1;Tue Oct 22 2019 10:30:22 GMT+0200 (CEST);Tue Oct 22 2019 08:30:22 GMT+0200 (CEST);1571733022000;0.68;135.33;12.68
1380556831572750;21.5;34.8;Tue Oct 22 2019 10:32:35 GMT+0200 (CEST);Tue Oct 22 2019 08:32:35 GMT+0200 (CEST);1571733155000;0.8;177.77;12.82
1380556831572750;22;35.2;Tue Oct 22 2019 10:34:28 GMT+0200 (CEST);Tue Oct 22 2019 08:34:28 GMT+0200 (CEST);1571733268000;1.03;219.63;12.92
1380556831572750;22;35.5;Tue Oct 22 2019 10:36:26 GMT+0200 (CEST);Tue Oct 22 2019 08:36:26 GMT+0200 (CEST);1571733386000;1.19;249.18;13.11
1380556831572750;22;35.4;Tue Oct 22 2019 10:38:19 GMT+0200 (CEST);Tue Oct 22 2019 08:38:19 GMT+0200 (CEST);1571733499000;1.01;223.67;13.38
1380556831572750;23.5;35.2;Tue Oct 22 2019 10:40:32 GMT+0200 (CEST);Tue Oct 22 2019 08:40:32 GMT+0200 (CEST);1571733632000;1.17;241.33;13.65
1380556831572750;23.5;35.9;Tue Oct 22 2019 10:42:24 GMT+0200 (CEST);Tue Oct 22 2019 08:42:24 GMT+0200 (CEST);1571733744000;1.49;394.23;13.93
1380556831572750;24;35.5;Tue Oct 22 2019 10:44:18 GMT+0200 (CEST);Tue Oct 22 2019 08:44:18 GMT+0200 (CEST);1571733858000;1.13;265.46;14.36
1380556831572750;24;35.2;Tue Oct 22 2019 10:46:14 GMT+0200 (CEST);Tue Oct 22 2019 08:46:14 GMT+0200 (CEST);1571733974000;1.2;263.06;14.54
1380556831572750;24;35.2;Tue Oct 22 2019 10:48:27 GMT+0200 (CEST);Tue Oct 22 2019 08:48:27 GMT+0200 (CEST);1571734107000;1.15;246.89;14.67
1380556831572750;24;35;Tue Oct 22 2019 10:50:20 GMT+0200 (CEST);Tue Oct 22 2019 08:50:20 GMT+0200 (CEST);1571734220000;1.19;243.16;14.76
1380556831572750;24;35.3;Tue Oct 22 2019 10:52:13 GMT+0200 (CEST);Tue Oct 22 2019 08:52:13 GMT+0200 (CEST);1571734333000;1.27;267.64;14.81
1380556831572750;25.5;35.6;Tue Oct 22 2019 10:54:14 GMT+0200 (CEST);Tue Oct 22 2019 08:54:14 GMT+0200 (CEST);1571734454000;1.38;316.53;14.93
1380556831572750;25.5;36.7;Tue Oct 22 2019 10:56:16 GMT+0200 (CEST);Tue Oct 22 2019 08:56:16 GMT+0200 (CEST);1571734576000;2.11;427.51;15.17
1380556831572750;26;35.5;Tue Oct 22 2019 10:58:10 GMT+0200 (CEST);Tue Oct 22 2019 08:58:10 GMT+0200 (CEST);1571734690000;1.77;335.35;15.58
1380556831572750;26;35.1;Tue Oct 22 2019 11:00:02 GMT+0200 (CEST);Tue Oct 22 2019 09:00:02 GMT+0200 (CEST);1571734802000;1.32;394.23;15.86
1380556831572750;27.5;35;Tue Oct 22 2019 11:02:03 GMT+0200 (CEST);Tue Oct 22 2019 09:02:03 GMT+0200 (CEST);1571734923000;1.36;299.51;15.92
1380556831572750;27.5;35.8;Tue Oct 22 2019 11:04:06 GMT+0200 (CEST);Tue Oct 22 2019 09:04:06 GMT+0200 (CEST);1571735046000;2.13;481.27;16.27
1380556831572750;27.5;35.3;Tue Oct 22 2019 11:06:00 GMT+0200 (CEST);Tue Oct 22 2019 09:06:00 GMT+0200 (CEST);1571735160000;2.16;481.27;16.71
1380556831572750;27.5;35.4;Tue Oct 22 2019 11:07:53 GMT+0200 (CEST);Tue Oct 22 2019 09:07:53 GMT+0200 (CEST);1571735273000;2.44;540.15;17.09
1380556831572750;27.5;35.1;Tue Oct 22 2019 11:09:46 GMT+0200 (CEST);Tue Oct 22 2019 09:09:46 GMT+0200 (CEST);1571735386000;1.87;419.83;17.47
1380556831572750;29.5;35.2;Tue Oct 22 2019 11:11:42 GMT+0200 (CEST);Tue Oct 22 2019 09:11:42 GMT+0200 (CEST);1571735502000;2.08;473.59;17.75
1380556831572750;29.5;35.8;Tue Oct 22 2019 11:13:36 GMT+0200 (CEST);Tue Oct 22 2019 09:13:36 GMT+0200 (CEST);1571735616000;2.09;463.35;17.92
1380556831572750;29.5;35.7;Tue Oct 22 2019 11:15:28 GMT+0200 (CEST);Tue Oct 22 2019 09:15:28 GMT+0200 (CEST);1571735728000;2.02;447.99;18
1380556831572750;30;35.6;Tue Oct 22 2019 11:17:22 GMT+0200 (CEST);Tue Oct 22 2019 09:17:22 GMT+0200 (CEST);1571735842000;1.8;399.35;17.43
1380556831572750;30;36;Tue Oct 22 2019 11:19:56 GMT+0200 (CEST);Tue Oct 22 2019 09:19:56 GMT+0200 (CEST);1571735996000;1.46;343.03;16.77
1380556831572750;31.5;35.1;Tue Oct 22 2019 11:21:50 GMT+0200 (CEST);Tue Oct 22 2019 09:21:50 GMT+0200 (CEST);1571736110000;1.46;337.91;16.35
1380556831572750;31.5;35.3;Tue Oct 22 2019 11:23:46 GMT+0200 (CEST);Tue Oct 22 2019 09:23:46 GMT+0200 (CEST);1571736226000;1.19;302.81;15.83
1380556831572750;31.5;34.6;Tue Oct 22 2019 11:25:39 GMT+0200 (CEST);Tue Oct 22 2019 09:25:39 GMT+0200 (CEST);1571736339000;1.36;350.71;15.35
1380556831572750;31.5;35.1;Tue Oct 22 2019 11:27:32 GMT+0200 (CEST);Tue Oct 22 2019 09:27:32 GMT+0200 (CEST);1571736452000;1.49;348.15;15.12
1380556831572750;31.5;34.8;Tue Oct 22 2019 11:29:25 GMT+0200 (CEST);Tue Oct 22 2019 09:29:25 GMT+0200 (CEST);1571736565000;1.21;258.85;15.06
1380556831572750;29.5;34.5;Tue Oct 22 2019 11:31:25 GMT+0200 (CEST);Tue Oct 22 2019 09:31:25 GMT+0200 (CEST);1571736685000;1.28;285.89;15.04
1380556831572750;29.5;35.4;Tue Oct 22 2019 11:33:17 GMT+0200 (CEST);Tue Oct 22 2019 09:33:17 GMT+0200 (CEST);1571736797000;1.51;321.95;14.91
1380556831572750;29.5;35.4;Tue Oct 22 2019 11:35:26 GMT+0200 (CEST);Tue Oct 22 2019 09:35:26 GMT+0200 (CEST);1571736926000;1.38;298.65;14.9
1380556831572750;29.5;34.3;Tue Oct 22 2019 11:37:32 GMT+0200 (CEST);Tue Oct 22 2019 09:37:32 GMT+0200 (CEST);1571737052000;1.11;222.1;14.98
1380556831572750;29.5;34.1;Tue Oct 22 2019 11:39:26 GMT+0200 (CEST);Tue Oct 22 2019 09:39:26 GMT+0200 (CEST);1571737166000;1;196.14;14.85
1380556831572750;28;33.8;Tue Oct 22 2019 11:41:22 GMT+0200 (CEST);Tue Oct 22 2019 09:41:22 GMT+0200 (CEST);1571737282000;0.8;175.3;14.5
1380556831572750;28;33.8;Tue Oct 22 2019 11:43:14 GMT+0200 (CEST);Tue Oct 22 2019 09:43:14 GMT+0200 (CEST);1571737394000;0.91;204.85;14.19
1380556831572750;28;34.5;Tue Oct 22 2019 11:45:07 GMT+0200 (CEST);Tue Oct 22 2019 09:45:07 GMT+0200 (CEST);1571737507000;1.17;293.55;14.17
1380556831572750;28;34.9;Tue Oct 22 2019 11:47:03 GMT+0200 (CEST);Tue Oct 22 2019 09:47:03 GMT+0200 (CEST);1571737623000;1.53;335.35;14.32
1380556831572750;28;34.5;Tue Oct 22 2019 11:48:59 GMT+0200 (CEST);Tue Oct 22 2019 09:48:59 GMT+0200 (CEST);1571737739000;1.31;319.91;14.41
1380556831572750;28;34.5;Tue Oct 22 2019 11:50:59 GMT+0200 (CEST);Tue Oct 22 2019 09:50:59 GMT+0200 (CEST);1571737859000;1.12;239.66;14.43
1380556831572750;28;34.5;Tue Oct 22 2019 11:52:52 GMT+0200 (CEST);Tue Oct 22 2019 09:52:52 GMT+0200 (CEST);1571737972000;0.93;196.95;14.62
1380556831572750;27.5;34.5;Tue Oct 22 2019 11:54:44 GMT+0200 (CEST);Tue Oct 22 2019 09:54:44 GMT+0200 (CEST);1571738084000;0.68;150.04;14.7
1380556831572750;27.5;33.8;Tue Oct 22 2019 11:56:40 GMT+0200 (CEST);Tue Oct 22 2019 09:56:40 GMT+0200 (CEST);1571738200000;0.81;189.85;14.69
1380556831572750;27.5;34.1;Tue Oct 22 2019 11:58:34 GMT+0200 (CEST);Tue Oct 22 2019 09:58:34 GMT+0200 (CEST);1571738314000;0.73;155.12;14.45
1380556831572750;27.5;34.7;Tue Oct 22 2019 12:00:27 GMT+0200 (CEST);Tue Oct 22 2019 10:00:27 GMT+0200 (CEST);1571738427000;0.82;169.34;14.22
1380556831572750;27.5;34.1;Tue Oct 22 2019 12:02:25 GMT+0200 (CEST);Tue Oct 22 2019 10:02:25 GMT+0200 (CEST);1571738545000;0.71;153.92;14.11
1380556831572750;26;34.1;Tue Oct 22 2019 12:04:19 GMT+0200 (CEST);Tue Oct 22 2019 10:04:19 GMT+0200 (CEST);1571738659000;0.8;172.79;14.06
1380556831572750;26;34.3;Tue Oct 22 2019 12:06:31 GMT+0200 (CEST);Tue Oct 22 2019 10:06:31 GMT+0200 (CEST);1571738791000;1.11;218.31;13.94
1380556831572750;26;34.5;Tue Oct 22 2019 12:08:28 GMT+0200 (CEST);Tue Oct 22 2019 10:08:28 GMT+0200 (CEST);1571738908000;0.89;190.5;14.01
1380556831572750;26;35.6;Tue Oct 22 2019 12:10:21 GMT+0200 (CEST);Tue Oct 22 2019 10:10:21 GMT+0200 (CEST);1571739021000;1;196.85;14.09
1380556831572750;26;34.5;Tue Oct 22 2019 12:12:21 GMT+0200 (CEST);Tue Oct 22 2019 10:12:21 GMT+0200 (CEST);1571739141000;1;208.82;14.09
1380556831572750;26;34.7;Tue Oct 22 2019 12:14:14 GMT+0200 (CEST);Tue Oct 22 2019 10:14:14 GMT+0200 (CEST);1571739254000;0.98;207.56;14.16
1380556831572750;26;34.9;Tue Oct 22 2019 12:16:07 GMT+0200 (CEST);Tue Oct 22 2019 10:16:07 GMT+0200 (CEST);1571739367000;1.09;237.85;14.27
1380556831572750;26;35;Tue Oct 22 2019 12:17:59 GMT+0200 (CEST);Tue Oct 22 2019 10:17:59 GMT+0200 (CEST);1571739479000;1.17;252.93;14.32
1380556831572750;25.5;35.3;Tue Oct 22 2019 12:19:56 GMT+0200 (CEST);Tue Oct 22 2019 10:19:56 GMT+0200 (CEST);1571739596000;1.34;299.09;14.36
1380556831572750;25.5;35.9;Tue Oct 22 2019 12:22:03 GMT+0200 (CEST);Tue Oct 22 2019 10:22:03 GMT+0200 (CEST);1571739723000;1.41;313.13;14.63
1380556831572750;26;35.9;Tue Oct 22 2019 12:23:56 GMT+0200 (CEST);Tue Oct 22 2019 10:23:56 GMT+0200 (CEST);1571739836000;1.42;312.02;15.02
1380556831572750;26;35.6;Tue Oct 22 2019 12:25:51 GMT+0200 (CEST);Tue Oct 22 2019 10:25:51 GMT+0200 (CEST);1571739951000;1.42;314.74;15.4
1380556831572750;27.5;35.7;Tue Oct 22 2019 12:27:45 GMT+0200 (CEST);Tue Oct 22 2019 10:27:45 GMT+0200 (CEST);1571740065000;1.41;311.98;15.72
1380556831572750;27.5;35;Tue Oct 22 2019 12:29:38 GMT+0200 (CEST);Tue Oct 22 2019 10:29:38 GMT+0200 (CEST);1571740178000;1.33;286.21;16
1380556831572750;27.5;35.3;Tue Oct 22 2019 12:31:38 GMT+0200 (CEST);Tue Oct 22 2019 10:31:38 GMT+0200 (CEST);1571740298000;1.36;293.6;16.15
1380556831572750;27.5;35;Tue Oct 22 2019 12:33:44 GMT+0200 (CEST);Tue Oct 22 2019 10:33:44 GMT+0200 (CEST);1571740424000;1.36;293.77;16.17
1380556831572750;27.5;35;Tue Oct 22 2019 12:35:37 GMT+0200 (CEST);Tue Oct 22 2019 10:35:37 GMT+0200 (CEST);1571740537000;1.3;284.94;16.02
1380556831572750;27.5;35.1;Tue Oct 22 2019 12:37:52 GMT+0200 (CEST);Tue Oct 22 2019 10:37:52 GMT+0200 (CEST);1571740672000;1.36;312.7;15.9
1380556831572750;27.5;35.8;Tue Oct 22 2019 12:39:45 GMT+0200 (CEST);Tue Oct 22 2019 10:39:45 GMT+0200 (CEST);1571740785000;1.43;312.77;15.86
1380556831572750;27.5;34.9;Tue Oct 22 2019 12:41:40 GMT+0200 (CEST);Tue Oct 22 2019 10:41:40 GMT+0200 (CEST);1571740900000;1.38;301.23;15.89
1380556831572750;28;35.4;Tue Oct 22 2019 12:43:32 GMT+0200 (CEST);Tue Oct 22 2019 10:43:32 GMT+0200 (CEST);1571741012000;1.47;326.08;15.92
1380556831572750;28;35.5;Tue Oct 22 2019 12:45:25 GMT+0200 (CEST);Tue Oct 22 2019 10:45:25 GMT+0200 (CEST);1571741125000;1.53;345.59;16.16
1380556831572750;29.5;35.5;Tue Oct 22 2019 12:47:18 GMT+0200 (CEST);Tue Oct 22 2019 10:47:18 GMT+0200 (CEST);1571741238000;1.68;378.87;16.45
1380556831572750;29.5;35.7;Tue Oct 22 2019 12:49:10 GMT+0200 (CEST);Tue Oct 22 2019 10:49:10 GMT+0200 (CEST);1571741350000;1.69;383.99;16.71
1380556831572750;29.5;36.7;Tue Oct 22 2019 12:51:03 GMT+0200 (CEST);Tue Oct 22 2019 10:51:03 GMT+0200 (CEST);1571741463000;1.9;445.43;17.03
1380556831572750;29.5;36.3;Tue Oct 22 2019 12:53:11 GMT+0200 (CEST);Tue Oct 22 2019 10:53:11 GMT+0200 (CEST);1571741591000;1.9;442.87;17.37
1380556831572750;29.5;36;Tue Oct 22 2019 12:55:05 GMT+0200 (CEST);Tue Oct 22 2019 10:55:05 GMT+0200 (CEST);1571741705000;1.99;460.79;17.72
1380556831572750;30.5;36.5;Tue Oct 22 2019 12:57:02 GMT+0200 (CEST);Tue Oct 22 2019 10:57:02 GMT+0200 (CEST);1571741822000;2.22;537.59;18.12
1380556831572750;30.5;36.6;Tue Oct 22 2019 12:58:54 GMT+0200 (CEST);Tue Oct 22 2019 10:58:54 GMT+0200 (CEST);1571741934000;1.95;455.67;18.43
1380556831572750;30.5;36.5;Tue Oct 22 2019 13:00:48 GMT+0200 (CEST);Tue Oct 22 2019 11:00:48 GMT+0200 (CEST);1571742048000;2.33;563.19;18.71
1380556831572750;31.5;35;Tue Oct 22 2019 13:02:44 GMT+0200 (CEST);Tue Oct 22 2019 11:02:44 GMT+0200 (CEST);1571742164000;3.11;677.6;19.1
1380556831572750;31.5;34.3;Tue Oct 22 2019 13:04:37 GMT+0200 (CEST);Tue Oct 22 2019 11:04:37 GMT+0200 (CEST);1571742277000;2.41;529.91;19.62
1380556831572750;32;34.6;Tue Oct 22 2019 13:06:31 GMT+0200 (CEST);Tue Oct 22 2019 11:06:31 GMT+0200 (CEST);1571742391000;1.76;396.79;19.86
1380556831572750;32;34.9;Tue Oct 22 2019 13:08:45 GMT+0200 (CEST);Tue Oct 22 2019 11:08:45 GMT+0200 (CEST);1571742525000;1.76;391.67;20.11
1380556831572750;33;35.4;Tue Oct 22 2019 13:10:38 GMT+0200 (CEST);Tue Oct 22 2019 11:10:38 GMT+0200 (CEST);1571742638000;1.77;396.79;20.17
1380556831572750;33;34.5;Tue Oct 22 2019 13:12:34 GMT+0200 (CEST);Tue Oct 22 2019 11:12:34 GMT+0200 (CEST);1571742754000;1.54;340.47;19.8
1380556831572750;33;34.5;Tue Oct 22 2019 13:14:27 GMT+0200 (CEST);Tue Oct 22 2019 11:14:27 GMT+0200 (CEST);1571742867000;1.59;345.59;19.57
1380556831572750;33;35.3;Tue Oct 22 2019 13:16:23 GMT+0200 (CEST);Tue Oct 22 2019 11:16:23 GMT+0200 (CEST);1571742983000;1.65;378.87;19.48
1380556831572750;33;35.5;Tue Oct 22 2019 13:18:22 GMT+0200 (CEST);Tue Oct 22 2019 11:18:22 GMT+0200 (CEST);1571743102000;1.65;363.51;19.37
1380556831572750;33;35;Tue Oct 22 2019 13:20:15 GMT+0200 (CEST);Tue Oct 22 2019 11:20:15 GMT+0200 (CEST);1571743215000;1.64;366.07;19.28
1380556831572750;33;35.8;Tue Oct 22 2019 13:22:08 GMT+0200 (CEST);Tue Oct 22 2019 11:22:08 GMT+0200 (CEST);1571743328000;1.81;424.95;19.26
1380556831572750;33;35.7;Tue Oct 22 2019 13:24:39 GMT+0200 (CEST);Tue Oct 22 2019 11:24:39 GMT+0200 (CEST);1571743479000;1.92;440.31;19.41
1380556831572750;33;35.3;Tue Oct 22 2019 13:26:32 GMT+0200 (CEST);Tue Oct 22 2019 11:26:32 GMT+0200 (CEST);1571743592000;2.55;563.19;19.7
1380556831572750;33;34.7;Tue Oct 22 2019 13:28:27 GMT+0200 (CEST);Tue Oct 22 2019 11:28:27 GMT+0200 (CEST);1571743707000;2.19;473.59;20.03
1380556831572750;32;34.6;Tue Oct 22 2019 13:30:20 GMT+0200 (CEST);Tue Oct 22 2019 11:30:20 GMT+0200 (CEST);1571743820000;2.19;506.87;20.42
1380556831572750;32;35.5;Tue Oct 22 2019 13:32:13 GMT+0200 (CEST);Tue Oct 22 2019 11:32:13 GMT+0200 (CEST);1571743933000;2.37;552.95;20.86
1380556831572750;33;35.4;Tue Oct 22 2019 13:34:06 GMT+0200 (CEST);Tue Oct 22 2019 11:34:06 GMT+0200 (CEST);1571744046000;2.34;532.47;21.11
1380556831572750;33;35.4;Tue Oct 22 2019 13:35:49 GMT+0200 (CEST);Tue Oct 22 2019 11:35:49 GMT+0200 (CEST);1571744149000;1.96;465.91;21.12
1380556831572750;33;35;Tue Oct 22 2019 13:37:43 GMT+0200 (CEST);Tue Oct 22 2019 11:37:43 GMT+0200 (CEST);1571744263000;1.52;345.59;20.68
1380556831572750;33;35;Tue Oct 22 2019 13:40:06 GMT+0200 (CEST);Tue Oct 22 2019 11:40:06 GMT+0200 (CEST);1571744406000;1.65;371.19;20.31
1380556831572750;33;35;Tue Oct 22 2019 13:42:00 GMT+0200 (CEST);Tue Oct 22 2019 11:42:00 GMT+0200 (CEST);1571744520000;1.55;355.83;20.24
1380556831572750;33;35.4;Tue Oct 22 2019 13:43:53 GMT+0200 (CEST);Tue Oct 22 2019 11:43:53 GMT+0200 (CEST);1571744633000;1.98;455.67;20.34
1380556831572750;33;35.4;Tue Oct 22 2019 13:45:46 GMT+0200 (CEST);Tue Oct 22 2019 11:45:46 GMT+0200 (CEST);1571744746000;2.05;468.47;20.46
1380556831572750;33;35.8;Tue Oct 22 2019 13:47:47 GMT+0200 (CEST);Tue Oct 22 2019 11:47:47 GMT+0200 (CEST);1571744867000;2.01;460.79;20.76
1380556831572750;33;35.9;Tue Oct 22 2019 13:49:40 GMT+0200 (CEST);Tue Oct 22 2019 11:49:40 GMT+0200 (CEST);1571744980000;2.2;506.87;20.98
1380556831572750;33;36;Tue Oct 22 2019 13:51:44 GMT+0200 (CEST);Tue Oct 22 2019 11:51:44 GMT+0200 (CEST);1571745104000;2.54;604.15;21.36
1380556831572750;33;33.8;Tue Oct 22 2019 13:53:36 GMT+0200 (CEST);Tue Oct 22 2019 11:53:36 GMT+0200 (CEST);1571745216000;1.4;295.32;21.5
1380556831572750;33;33.8;Tue Oct 22 2019 13:55:26 GMT+0200 (CEST);Tue Oct 22 2019 11:55:26 GMT+0200 (CEST);1571745326000;1.37;295.64;21.44
1380556831572750;33;35;Tue Oct 22 2019 13:57:20 GMT+0200 (CEST);Tue Oct 22 2019 11:57:20 GMT+0200 (CEST);1571745440000;1.48;332.79;20.99
1380556831572750;33;34.7;Tue Oct 22 2019 13:59:13 GMT+0200 (CEST);Tue Oct 22 2019 11:59:13 GMT+0200 (CEST);1571745553000;1.38;289.21;20.59
1380556831572750;33;35.1;Tue Oct 22 2019 14:01:07 GMT+0200 (CEST);Tue Oct 22 2019 12:01:07 GMT+0200 (CEST);1571745667000;1.41;308.26;20.31
1380556831572750;34.1;35.4;Tue Oct 22 2019 14:03:23 GMT+0200 (CEST);Tue Oct 22 2019 12:03:23 GMT+0200 (CEST);1571745803000;1.81;389.11;19.88
1380556831572750;34.1;35.2;Tue Oct 22 2019 14:05:39 GMT+0200 (CEST);Tue Oct 22 2019 12:05:39 GMT+0200 (CEST);1571745939000;2.04;468.47;19.46
1380556831572750;33;35.6;Tue Oct 22 2019 14:07:32 GMT+0200 (CEST);Tue Oct 22 2019 12:07:32 GMT+0200 (CEST);1571746052000;1.99;473.59;19.33
1380556831572750;33;35.8;Tue Oct 22 2019 14:09:27 GMT+0200 (CEST);Tue Oct 22 2019 12:09:27 GMT+0200 (CEST);1571746167000;1.98;442.87;19.25
1380556831572750;33;35.3;Tue Oct 22 2019 14:11:22 GMT+0200 (CEST);Tue Oct 22 2019 12:11:22 GMT+0200 (CEST);1571746282000;1.63;360.95;19.17
1380556831572750;33;34.2;Tue Oct 22 2019 14:13:14 GMT+0200 (CEST);Tue Oct 22 2019 12:13:14 GMT+0200 (CEST);1571746394000;1.35;286.34;19.33
1380556831572750;33;35.4;Tue Oct 22 2019 14:15:12 GMT+0200 (CEST);Tue Oct 22 2019 12:15:12 GMT+0200 (CEST);1571746512000;1.63;399.35;19.21
1380556831572750;33;35.6;Tue Oct 22 2019 14:17:05 GMT+0200 (CEST);Tue Oct 22 2019 12:17:05 GMT+0200 (CEST);1571746625000;1.5;340.47;19.01
1380556831572750;33;35.7;Tue Oct 22 2019 14:19:13 GMT+0200 (CEST);Tue Oct 22 2019 12:19:13 GMT+0200 (CEST);1571746753000;1.35;273.04;18.86
1380556831572750;32;33.9;Tue Oct 22 2019 14:21:17 GMT+0200 (CEST);Tue Oct 22 2019 12:21:17 GMT+0200 (CEST);1571746877000;1.16;251.07;18.63
1380556831572750;32;34.5;Tue Oct 22 2019 14:23:09 GMT+0200 (CEST);Tue Oct 22 2019 12:23:09 GMT+0200 (CEST);1571746989000;1.18;251.4;18.47
1380556831572750;31.5;34.1;Tue Oct 22 2019 14:25:02 GMT+0200 (CEST);Tue Oct 22 2019 12:25:02 GMT+0200 (CEST);1571747102000;1.11;237.11;18.15
1380556831572750;31.5;34.3;Tue Oct 22 2019 14:27:03 GMT+0200 (CEST);Tue Oct 22 2019 12:27:03 GMT+0200 (CEST);1571747223000;1.15;245.91;18.1
1380556831572750;31.5;34.1;Tue Oct 22 2019 14:28:56 GMT+0200 (CEST);Tue Oct 22 2019 12:28:56 GMT+0200 (CEST);1571747336000;1.07;225.86;17.98
1380556831572750;31.5;34.1;Tue Oct 22 2019 14:30:49 GMT+0200 (CEST);Tue Oct 22 2019 12:30:49 GMT+0200 (CEST);1571747449000;1.03;218.18;17.81
1380556831572750;31.5;34.1;Tue Oct 22 2019 14:32:41 GMT+0200 (CEST);Tue Oct 22 2019 12:32:41 GMT+0200 (CEST);1571747561000;1.02;216.25;17.77
1380556831572750;30;34.1;Tue Oct 22 2019 14:35:01 GMT+0200 (CEST);Tue Oct 22 2019 12:35:01 GMT+0200 (CEST);1571747701000;1.02;214.09;17.76
1380556831572750;30;34.4;Tue Oct 22 2019 14:36:54 GMT+0200 (CEST);Tue Oct 22 2019 12:36:54 GMT+0200 (CEST);1571747814000;1.03;219.04;17.73
1380556831572750;30;34.5;Tue Oct 22 2019 14:38:48 GMT+0200 (CEST);Tue Oct 22 2019 12:38:48 GMT+0200 (CEST);1571747928000;1.01;213.05;17.51
1380556831572750;29.5;34.3;Tue Oct 22 2019 14:40:44 GMT+0200 (CEST);Tue Oct 22 2019 12:40:44 GMT+0200 (CEST);1571748044000;0.98;206.56;17.32
1380556831572750;29.5;34.2;Tue Oct 22 2019 14:42:37 GMT+0200 (CEST);Tue Oct 22 2019 12:42:37 GMT+0200 (CEST);1571748157000;0.96;203.19;17.2
1380556831572750;29.5;34.1;Tue Oct 22 2019 14:44:31 GMT+0200 (CEST);Tue Oct 22 2019 12:44:31 GMT+0200 (CEST);1571748271000;0.95;202.33;17.19
1380556831572750;29.5;34.2;Tue Oct 22 2019 14:46:24 GMT+0200 (CEST);Tue Oct 22 2019 12:46:24 GMT+0200 (CEST);1571748384000;0.97;203.23;17.18
1380556831572750;29.5;34.5;Tue Oct 22 2019 14:48:23 GMT+0200 (CEST);Tue Oct 22 2019 12:48:23 GMT+0200 (CEST);1571748503000;0.98;206.71;17.35
1380556831572750;29.5;34.3;Tue Oct 22 2019 14:50:20 GMT+0200 (CEST);Tue Oct 22 2019 12:50:20 GMT+0200 (CEST);1571748620000;0.98;203.75;17.5
1380556831572750;29.5;34.5;Tue Oct 22 2019 14:52:13 GMT+0200 (CEST);Tue Oct 22 2019 12:52:13 GMT+0200 (CEST);1571748733000;0.99;207.87;17.7
1380556831572750;29.5;34.6;Tue Oct 22 2019 14:54:05 GMT+0200 (CEST);Tue Oct 22 2019 12:54:05 GMT+0200 (CEST);1571748845000;1;210.04;17.9
1380556831572750;29.5;34.6;Tue Oct 22 2019 14:55:59 GMT+0200 (CEST);Tue Oct 22 2019 12:55:59 GMT+0200 (CEST);1571748959000;1;212.55;18.1
1380556831572750;29.5;34.7;Tue Oct 22 2019 14:57:54 GMT+0200 (CEST);Tue Oct 22 2019 12:57:54 GMT+0200 (CEST);1571749074000;1;208.2;18.17
1380556831572750;29.5;34.2;Tue Oct 22 2019 14:59:48 GMT+0200 (CEST);Tue Oct 22 2019 12:59:48 GMT+0200 (CEST);1571749188000;0.97;201.25;18.23
1380556831572750;29.5;34.2;Tue Oct 22 2019 15:01:41 GMT+0200 (CEST);Tue Oct 22 2019 13:01:41 GMT+0200 (CEST);1571749301000;0.96;197.47;18.36
1380556831572750;28;34.2;Tue Oct 22 2019 15:03:33 GMT+0200 (CEST);Tue Oct 22 2019 13:03:33 GMT+0200 (CEST);1571749413000;0.94;195.66;18.35
1380556831572750;28;34.2;Tue Oct 22 2019 15:05:36 GMT+0200 (CEST);Tue Oct 22 2019 13:05:36 GMT+0200 (CEST);1571749536000;0.93;194.93;18.39
1380556831572750;28;34.5;Tue Oct 22 2019 15:07:28 GMT+0200 (CEST);Tue Oct 22 2019 13:07:28 GMT+0200 (CEST);1571749648000;0.95;199.72;18.44
1380556831572750;29.5;34.2;Tue Oct 22 2019 15:09:23 GMT+0200 (CEST);Tue Oct 22 2019 13:09:23 GMT+0200 (CEST);1571749763000;0.93;194.09;18.26
1380556831572750;29.5;34.5;Tue Oct 22 2019 15:11:17 GMT+0200 (CEST);Tue Oct 22 2019 13:11:17 GMT+0200 (CEST);1571749877000;0.93;191;18.25
1380556831572750;29.5;34.1;Tue Oct 22 2019 15:13:12 GMT+0200 (CEST);Tue Oct 22 2019 13:13:12 GMT+0200 (CEST);1571749992000;0.89;184.05;18.31
1380556831572750;29.5;34.1;Tue Oct 22 2019 15:15:12 GMT+0200 (CEST);Tue Oct 22 2019 13:15:12 GMT+0200 (CEST);1571750112000;0.87;181.51;18.32
1380556831572750;29.5;33.9;Tue Oct 22 2019 15:17:05 GMT+0200 (CEST);Tue Oct 22 2019 13:17:05 GMT+0200 (CEST);1571750225000;0.87;177.71;18.25
1380556831572750;28;33.9;Tue Oct 22 2019 15:18:59 GMT+0200 (CEST);Tue Oct 22 2019 13:18:59 GMT+0200 (CEST);1571750339000;0.85;174.41;18.26
1380556831572750;28;33.9;Tue Oct 22 2019 15:21:14 GMT+0200 (CEST);Tue Oct 22 2019 13:21:14 GMT+0200 (CEST);1571750474000;0.81;169.15;18.31
1380556831572750;28;33.8;Tue Oct 22 2019 15:23:25 GMT+0200 (CEST);Tue Oct 22 2019 13:23:25 GMT+0200 (CEST);1571750605000;0.81;165.62;18.31
1380556831572750;28;33.8;Tue Oct 22 2019 15:25:17 GMT+0200 (CEST);Tue Oct 22 2019 13:25:17 GMT+0200 (CEST);1571750717000;0.8;164.41;18.28
1380556831572750;28;33.8;Tue Oct 22 2019 15:27:10 GMT+0200 (CEST);Tue Oct 22 2019 13:27:10 GMT+0200 (CEST);1571750830000;0.79;161.29;18.17
1380556831572750;28;33.8;Tue Oct 22 2019 15:29:03 GMT+0200 (CEST);Tue Oct 22 2019 13:29:03 GMT+0200 (CEST);1571750943000;0.77;157.63;18.04
1380556831572750;28;33.9;Tue Oct 22 2019 15:30:56 GMT+0200 (CEST);Tue Oct 22 2019 13:30:56 GMT+0200 (CEST);1571751056000;0.75;155.64;17.92
1380556831572750;28;33.7;Tue Oct 22 2019 15:32:53 GMT+0200 (CEST);Tue Oct 22 2019 13:32:53 GMT+0200 (CEST);1571751173000;0.74;152.42;17.75
1380556831572750;28;33.8;Tue Oct 22 2019 15:34:47 GMT+0200 (CEST);Tue Oct 22 2019 13:34:47 GMT+0200 (CEST);1571751287000;0.73;150.87;17.68
1380556831572750;27.5;33.8;Tue Oct 22 2019 15:36:44 GMT+0200 (CEST);Tue Oct 22 2019 13:36:44 GMT+0200 (CEST);1571751404000;0.75;152.24;17.63
1380556831572750;27.5;33.9;Tue Oct 22 2019 15:38:36 GMT+0200 (CEST);Tue Oct 22 2019 13:38:36 GMT+0200 (CEST);1571751516000;0.74;154.1;17.57
1380556831572750;27.5;34;Tue Oct 22 2019 15:40:29 GMT+0200 (CEST);Tue Oct 22 2019 13:40:29 GMT+0200 (CEST);1571751629000;0.75;155.17;17.52
1380556831572750;27.5;34.1;Tue Oct 22 2019 15:42:12 GMT+0200 (CEST);Tue Oct 22 2019 13:42:12 GMT+0200 (CEST);1571751732000;0.76;156.96;17.44
1380556831572750;27.5;34.5;Tue Oct 22 2019 15:44:15 GMT+0200 (CEST);Tue Oct 22 2019 13:44:15 GMT+0200 (CEST);1571751855000;0.78;165.14;17.33
1380556831572750;27.5;34.5;Tue Oct 22 2019 15:46:08 GMT+0200 (CEST);Tue Oct 22 2019 13:46:08 GMT+0200 (CEST);1571751968000;0.77;164.34;17.3
1380556831572750;27.5;34.6;Tue Oct 22 2019 15:48:02 GMT+0200 (CEST);Tue Oct 22 2019 13:48:02 GMT+0200 (CEST);1571752082000;0.77;167.88;17.29
1380556831572750;27.5;35.2;Tue Oct 22 2019 15:49:56 GMT+0200 (CEST);Tue Oct 22 2019 13:49:56 GMT+0200 (CEST);1571752196000;0.78;173.18;17.38
1380556831572750;27.5;36.2;Tue Oct 22 2019 15:52:49 GMT+0200 (CEST);Tue Oct 22 2019 13:52:49 GMT+0200 (CEST);1571752369000;0.78;184.17;17.43
1380556831572750;28;35.6;Tue Oct 22 2019 15:54:43 GMT+0200 (CEST);Tue Oct 22 2019 13:54:43 GMT+0200 (CEST);1571752483000;0.76;167.89;17.58
1380556831572750;28;35.4;Tue Oct 22 2019 15:56:36 GMT+0200 (CEST);Tue Oct 22 2019 13:56:36 GMT+0200 (CEST);1571752596000;0.76;170.04;17.66
1380556831572750;28;34.9;Tue Oct 22 2019 15:58:28 GMT+0200 (CEST);Tue Oct 22 2019 13:58:28 GMT+0200 (CEST);1571752708000;0.76;166.55;17.71
1380556831572750;28;34.6;Tue Oct 22 2019 16:00:26 GMT+0200 (CEST);Tue Oct 22 2019 14:00:26 GMT+0200 (CEST);1571752826000;0.75;168.63;17.63
1380556831572750;28;35.1;Tue Oct 22 2019 16:02:19 GMT+0200 (CEST);Tue Oct 22 2019 14:02:19 GMT+0200 (CEST);1571752939000;0.77;183.24;17.58
1380556831572750;28;35.7;Tue Oct 22 2019 16:04:12 GMT+0200 (CEST);Tue Oct 22 2019 14:04:12 GMT+0200 (CEST);1571753052000;0.76;196.52;17.57
1380556831572750;28;34.5;Tue Oct 22 2019 16:06:25 GMT+0200 (CEST);Tue Oct 22 2019 14:06:25 GMT+0200 (CEST);1571753185000;0.74;184.13;17.7
1380556831572750;28;33.9;Tue Oct 22 2019 16:08:23 GMT+0200 (CEST);Tue Oct 22 2019 14:08:23 GMT+0200 (CEST);1571753303000;0.73;178.78;17.69
1380556831572750;27.5;33.8;Tue Oct 22 2019 16:10:15 GMT+0200 (CEST);Tue Oct 22 2019 14:10:15 GMT+0200 (CEST);1571753415000;0.7;168.37;17.71
1380556831572750;27.5;33.8;Tue Oct 22 2019 16:12:08 GMT+0200 (CEST);Tue Oct 22 2019 14:12:08 GMT+0200 (CEST);1571753528000;0.67;155.29;17.72
1380556831572750;27.5;33.6;Tue Oct 22 2019 16:14:01 GMT+0200 (CEST);Tue Oct 22 2019 14:14:01 GMT+0200 (CEST);1571753641000;0.64;146.32;17.67
1380556831572750;27.5;33.4;Tue Oct 22 2019 16:15:54 GMT+0200 (CEST);Tue Oct 22 2019 14:15:54 GMT+0200 (CEST);1571753754000;0.63;138.96;17.67
1380556831572750;27.5;33.6;Tue Oct 22 2019 16:17:51 GMT+0200 (CEST);Tue Oct 22 2019 14:17:51 GMT+0200 (CEST);1571753871000;0.61;135;17.61
1380556831572750;27.5;33.6;Tue Oct 22 2019 16:19:44 GMT+0200 (CEST);Tue Oct 22 2019 14:19:44 GMT+0200 (CEST);1571753984000;0.59;129.15;17.58
1380556831572750;27.5;33.8;Tue Oct 22 2019 16:21:37 GMT+0200 (CEST);Tue Oct 22 2019 14:21:37 GMT+0200 (CEST);1571754097000;0.59;124.2;17.6
1380556831572750;27.5;33.6;Tue Oct 22 2019 16:23:42 GMT+0200 (CEST);Tue Oct 22 2019 14:23:42 GMT+0200 (CEST);1571754222000;0.58;121.7;17.65
1380556831572750;27.5;33.8;Tue Oct 22 2019 16:25:35 GMT+0200 (CEST);Tue Oct 22 2019 14:25:35 GMT+0200 (CEST);1571754335000;0.57;120.09;17.65
1380556831572750;27.5;33.7;Tue Oct 22 2019 16:27:29 GMT+0200 (CEST);Tue Oct 22 2019 14:27:29 GMT+0200 (CEST);1571754449000;0.56;119.69;17.57
1380556831572750;27.5;33.6;Tue Oct 22 2019 16:29:22 GMT+0200 (CEST);Tue Oct 22 2019 14:29:22 GMT+0200 (CEST);1571754562000;0.56;120.03;17.48
1380556831572750;27.5;33.7;Tue Oct 22 2019 16:31:30 GMT+0200 (CEST);Tue Oct 22 2019 14:31:30 GMT+0200 (CEST);1571754690000;0.56;119.16;17.44
1380556831572750;27.5;33.7;Tue Oct 22 2019 16:33:23 GMT+0200 (CEST);Tue Oct 22 2019 14:33:23 GMT+0200 (CEST);1571754803000;0.55;120.05;17.5
1380556831572750;27.5;33.8;Tue Oct 22 2019 16:35:25 GMT+0200 (CEST);Tue Oct 22 2019 14:35:25 GMT+0200 (CEST);1571754925000;0.56;124.73;17.54
1380556831572750;27.5;33.7;Tue Oct 22 2019 16:37:18 GMT+0200 (CEST);Tue Oct 22 2019 14:37:18 GMT+0200 (CEST);1571755038000;0.55;128.71;17.6
1380556831572750;27.5;34;Tue Oct 22 2019 16:39:15 GMT+0200 (CEST);Tue Oct 22 2019 14:39:15 GMT+0200 (CEST);1571755155000;0.53;139.83;17.66
1380556831572750;27.5;34.2;Tue Oct 22 2019 16:41:10 GMT+0200 (CEST);Tue Oct 22 2019 14:41:10 GMT+0200 (CEST);1571755270000;0.52;145.53;17.77
1380556831572750;26;34.3;Tue Oct 22 2019 16:43:03 GMT+0200 (CEST);Tue Oct 22 2019 14:43:03 GMT+0200 (CEST);1571755383000;0.52;172.07;17.92
1380556831572750;26;34.5;Tue Oct 22 2019 16:44:59 GMT+0200 (CEST);Tue Oct 22 2019 14:44:59 GMT+0200 (CEST);1571755499000;0.51;185.07;18.05
1380556831572750;27.5;34.7;Tue Oct 22 2019 16:46:52 GMT+0200 (CEST);Tue Oct 22 2019 14:46:52 GMT+0200 (CEST);1571755612000;0.5;218.04;18.17
1380556831572750;27.5;34.7;Tue Oct 22 2019 16:48:49 GMT+0200 (CEST);Tue Oct 22 2019 14:48:49 GMT+0200 (CEST);1571755729000;0.49;249.77;18.53
1380556831572750;27.5;34.6;Tue Oct 22 2019 16:50:46 GMT+0200 (CEST);Tue Oct 22 2019 14:50:46 GMT+0200 (CEST);1571755846000;0.46;186.42;18.81
1380556831572750;27.5;33.4;Tue Oct 22 2019 16:52:40 GMT+0200 (CEST);Tue Oct 22 2019 14:52:40 GMT+0200 (CEST);1571755960000;0.46;201.61;18.92
1380556831572750;27.5;33.2;Tue Oct 22 2019 16:54:37 GMT+0200 (CEST);Tue Oct 22 2019 14:54:37 GMT+0200 (CEST);1571756077000;0.45;214.34;18.91
1380556831572750;26;33.8;Tue Oct 22 2019 16:56:42 GMT+0200 (CEST);Tue Oct 22 2019 14:56:42 GMT+0200 (CEST);1571756202000;0.44;215.43;19.07
1380556831572750;26;33.6;Tue Oct 22 2019 16:58:37 GMT+0200 (CEST);Tue Oct 22 2019 14:58:37 GMT+0200 (CEST);1571756317000;0.44;223.7;19.39
1380556831572750;26;33.6;Tue Oct 22 2019 17:00:32 GMT+0200 (CEST);Tue Oct 22 2019 15:00:32 GMT+0200 (CEST);1571756432000;0.43;197.21;19.68
1380556831572750;26;34.1;Tue Oct 22 2019 17:02:46 GMT+0200 (CEST);Tue Oct 22 2019 15:02:46 GMT+0200 (CEST);1571756566000;0.43;163.38;19.89
1380556831572750;26;35.1;Tue Oct 22 2019 17:04:38 GMT+0200 (CEST);Tue Oct 22 2019 15:04:38 GMT+0200 (CEST);1571756678000;0.42;134.05;19.96
1380556831572750;26;35.9;Tue Oct 22 2019 17:06:37 GMT+0200 (CEST);Tue Oct 22 2019 15:06:37 GMT+0200 (CEST);1571756797000;0.41;122.96;19.89
1380556831572750;26;36.1;Tue Oct 22 2019 17:08:29 GMT+0200 (CEST);Tue Oct 22 2019 15:08:29 GMT+0200 (CEST);1571756909000;0.4;127.94;19.74
1380556831572750;27.5;36.5;Tue Oct 22 2019 17:10:22 GMT+0200 (CEST);Tue Oct 22 2019 15:10:22 GMT+0200 (CEST);1571757022000;0.39;115.85;19.65
1380556831572750;27.5;35.6;Tue Oct 22 2019 17:12:15 GMT+0200 (CEST);Tue Oct 22 2019 15:12:15 GMT+0200 (CEST);1571757135000;0.37;113.34;19.28
1380556831572750;27.5;36.2;Tue Oct 22 2019 17:14:09 GMT+0200 (CEST);Tue Oct 22 2019 15:14:09 GMT+0200 (CEST);1571757249000;0.36;115.32;18.89
1380556831572750;27.5;36.8;Tue Oct 22 2019 17:16:02 GMT+0200 (CEST);Tue Oct 22 2019 15:16:02 GMT+0200 (CEST);1571757362000;0.35;134.48;18.78
1380556831572750;27.5;37.9;Tue Oct 22 2019 17:18:04 GMT+0200 (CEST);Tue Oct 22 2019 15:18:04 GMT+0200 (CEST);1571757484000;0.33;144.82;18.75
1380556831572750;28;37.9;Tue Oct 22 2019 17:19:56 GMT+0200 (CEST);Tue Oct 22 2019 15:19:56 GMT+0200 (CEST);1571757596000;0.32;132.24;18.71
1380556831572750;28;37.4;Tue Oct 22 2019 17:21:51 GMT+0200 (CEST);Tue Oct 22 2019 15:21:51 GMT+0200 (CEST);1571757711000;0.3;106.28;18.67
1380556831572750;28;35.8;Tue Oct 22 2019 17:23:52 GMT+0200 (CEST);Tue Oct 22 2019 15:23:52 GMT+0200 (CEST);1571757832000;0.26;85.51;18.59
1380556831572750;27.5;33.3;Tue Oct 22 2019 17:25:45 GMT+0200 (CEST);Tue Oct 22 2019 15:25:45 GMT+0200 (CEST);1571757945000;0.23;70.01;18.42
1380556831572750;27.5;33.1;Tue Oct 22 2019 17:27:38 GMT+0200 (CEST);Tue Oct 22 2019 15:27:38 GMT+0200 (CEST);1571758058000;0.21;68.04;18.26
1380556831572750;25.5;32.5;Tue Oct 22 2019 17:29:30 GMT+0200 (CEST);Tue Oct 22 2019 15:29:30 GMT+0200 (CEST);1571758170000;0.19;50.59;18.08
1380556831572750;25.5;32.2;Tue Oct 22 2019 17:31:30 GMT+0200 (CEST);Tue Oct 22 2019 15:31:30 GMT+0200 (CEST);1571758290000;0.18;41.02;17.85
1380556831572750;25.5;32;Tue Oct 22 2019 17:33:35 GMT+0200 (CEST);Tue Oct 22 2019 15:33:35 GMT+0200 (CEST);1571758415000;0.16;36.31;17.59
1380556831572750;24;31.8;Tue Oct 22 2019 17:35:35 GMT+0200 (CEST);Tue Oct 22 2019 15:35:35 GMT+0200 (CEST);1571758535000;0.15;33.11;17.34
1380556831572750;24;31.9;Tue Oct 22 2019 17:37:28 GMT+0200 (CEST);Tue Oct 22 2019 15:37:28 GMT+0200 (CEST);1571758648000;0.14;30.26;17.09
1380556831572750;24;31.7;Tue Oct 22 2019 17:39:21 GMT+0200 (CEST);Tue Oct 22 2019 15:39:21 GMT+0200 (CEST);1571758761000;0.12;28.27;16.89
1380556831572750;24;31.6;Tue Oct 22 2019 17:41:24 GMT+0200 (CEST);Tue Oct 22 2019 15:41:24 GMT+0200 (CEST);1571758884000;0.11;26.01;16.65
1380556831572750;23.5;31.5;Tue Oct 22 2019 17:43:16 GMT+0200 (CEST);Tue Oct 22 2019 15:43:16 GMT+0200 (CEST);1571758996000;0.1;23.76;16.42
1380556831572750;23.5;31.3;Tue Oct 22 2019 17:45:12 GMT+0200 (CEST);Tue Oct 22 2019 15:45:12 GMT+0200 (CEST);1571759112000;0.09;21.84;16.21
1380556831572750;23.5;31;Tue Oct 22 2019 17:47:05 GMT+0200 (CEST);Tue Oct 22 2019 15:47:05 GMT+0200 (CEST);1571759225000;0.09;20.1;16.03
1380556831572750;22;31;Tue Oct 22 2019 17:48:57 GMT+0200 (CEST);Tue Oct 22 2019 15:48:57 GMT+0200 (CEST);1571759337000;0.08;18.31;15.88
1380556831572750;22;31.9;Tue Oct 22 2019 17:50:54 GMT+0200 (CEST);Tue Oct 22 2019 15:50:54 GMT+0200 (CEST);1571759454000;0.07;16.75;15.72
1380556831572750;22;31.3;Tue Oct 22 2019 17:52:46 GMT+0200 (CEST);Tue Oct 22 2019 15:52:46 GMT+0200 (CEST);1571759566000;0;14.92;15.55
1380556831572750;22;31.9;Tue Oct 22 2019 17:54:40 GMT+0200 (CEST);Tue Oct 22 2019 15:54:40 GMT+0200 (CEST);1571759680000;0;13.17;15.42
1380556831572750;22;31.9;Tue Oct 22 2019 17:56:33 GMT+0200 (CEST);Tue Oct 22 2019 15:56:33 GMT+0200 (CEST);1571759793000;0;11.91;15.34
1380556831572750;21.5;34.5;Tue Oct 22 2019 17:58:25 GMT+0200 (CEST);Tue Oct 22 2019 15:58:25 GMT+0200 (CEST);1571759905000;0;10.13;15.24
1380556831572750;21.5;33.6;Tue Oct 22 2019 18:00:18 GMT+0200 (CEST);Tue Oct 22 2019 16:00:18 GMT+0200 (CEST);1571760018000;0;8.51;15.16
1380556831572750;22;32.8;Tue Oct 22 2019 18:02:11 GMT+0200 (CEST);Tue Oct 22 2019 16:02:11 GMT+0200 (CEST);1571760131000;0;7.14;15.07
1380556831572750;22;33.2;Tue Oct 22 2019 18:04:16 GMT+0200 (CEST);Tue Oct 22 2019 16:04:16 GMT+0200 (CEST);1571760256000;0;5.13;14.97
1380556831572750;22;32.2;Tue Oct 22 2019 18:06:08 GMT+0200 (CEST);Tue Oct 22 2019 16:06:08 GMT+0200 (CEST);1571760368000;0;4.07;14.9
1380556831572750;22;31.2;Tue Oct 22 2019 18:08:01 GMT+0200 (CEST);Tue Oct 22 2019 16:08:01 GMT+0200 (CEST);1571760481000;0;2.55;14.79
1380556831572750;22;29.6;Tue Oct 22 2019 18:09:56 GMT+0200 (CEST);Tue Oct 22 2019 16:09:56 GMT+0200 (CEST);1571760596000;0;1.33;14.67
1380556831572750;22;29.6;Tue Oct 22 2019 18:12:01 GMT+0200 (CEST);Tue Oct 22 2019 16:12:01 GMT+0200 (CEST);1571760721000;0;1.02;14.57
1380556831572750;22;29.6;Tue Oct 22 2019 18:13:53 GMT+0200 (CEST);Tue Oct 22 2019 16:13:53 GMT+0200 (CEST);1571760833000;0;0.62;14.5
1380556831572750;15.9;29.3;Wed Oct 23 2019 08:39:53 GMT+0200 (CEST);Wed Oct 23 2019 06:39:53 GMT+0200 (CEST);1571812793000;0;11.97;12.43
1380556831572750;15.9;29.6;Wed Oct 23 2019 08:41:45 GMT+0200 (CEST);Wed Oct 23 2019 06:41:45 GMT+0200 (CEST);1571812905000;0;13.73;12.46
1380556831572750;16.9;29.3;Wed Oct 23 2019 08:43:38 GMT+0200 (CEST);Wed Oct 23 2019 06:43:38 GMT+0200 (CEST);1571813018000;0;14.02;12.46
1380556831572750;16.9;28.6;Wed Oct 23 2019 08:45:31 GMT+0200 (CEST);Wed Oct 23 2019 06:45:31 GMT+0200 (CEST);1571813131000;0.07;15.24;12.47
1380556831572750;16.9;28.4;Wed Oct 23 2019 08:47:32 GMT+0200 (CEST);Wed Oct 23 2019 06:47:32 GMT+0200 (CEST);1571813252000;0.07;15.2;12.47
1380556831572750;16.9;29.2;Wed Oct 23 2019 08:49:28 GMT+0200 (CEST);Wed Oct 23 2019 06:49:28 GMT+0200 (CEST);1571813368000;0.07;15.67;12.48
1380556831572750;16.9;29;Wed Oct 23 2019 08:51:21 GMT+0200 (CEST);Wed Oct 23 2019 06:51:21 GMT+0200 (CEST);1571813481000;0.08;16.03;12.48
1380556831572750;16.9;28.2;Wed Oct 23 2019 08:53:13 GMT+0200 (CEST);Wed Oct 23 2019 06:53:13 GMT+0200 (CEST);1571813593000;0.1;19.97;12.51
1380556831572750;16.9;28.2;Wed Oct 23 2019 08:55:29 GMT+0200 (CEST);Wed Oct 23 2019 06:55:29 GMT+0200 (CEST);1571813729000;0.1;20.01;12.53
1380556831572750;16.9;28.4;Wed Oct 23 2019 08:57:22 GMT+0200 (CEST);Wed Oct 23 2019 06:57:22 GMT+0200 (CEST);1571813842000;0.11;22.53;12.56
1380556831572750;16.9;28.2;Wed Oct 23 2019 08:59:15 GMT+0200 (CEST);Wed Oct 23 2019 06:59:15 GMT+0200 (CEST);1571813955000;0.11;23.5;12.57
1380556831572750;16.9;28.2;Wed Oct 23 2019 09:01:07 GMT+0200 (CEST);Wed Oct 23 2019 07:01:07 GMT+0200 (CEST);1571814067000;0.12;24.93;12.59
1380556831572750;16.9;28.3;Wed Oct 23 2019 09:03:11 GMT+0200 (CEST);Wed Oct 23 2019 07:03:11 GMT+0200 (CEST);1571814191000;0.13;24.79;12.63
1380556831572750;16.9;28.3;Wed Oct 23 2019 09:05:04 GMT+0200 (CEST);Wed Oct 23 2019 07:05:04 GMT+0200 (CEST);1571814304000;0.12;24.61;12.67
1380556831572750;16.9;28.5;Wed Oct 23 2019 09:06:57 GMT+0200 (CEST);Wed Oct 23 2019 07:06:57 GMT+0200 (CEST);1571814417000;0.13;26.14;12.71
1380556831572750;16.9;28.3;Wed Oct 23 2019 09:08:50 GMT+0200 (CEST);Wed Oct 23 2019 07:08:50 GMT+0200 (CEST);1571814530000;0.13;25.33;12.73
1380556831572750;16.9;28.5;Wed Oct 23 2019 09:11:02 GMT+0200 (CEST);Wed Oct 23 2019 07:11:02 GMT+0200 (CEST);1571814662000;0.14;26.96;12.76
1380556831572750;16.9;28.5;Wed Oct 23 2019 09:12:55 GMT+0200 (CEST);Wed Oct 23 2019 07:12:55 GMT+0200 (CEST);1571814775000;0.14;28.64;12.77
1380556831572750;16.9;31.5;Wed Oct 23 2019 09:14:47 GMT+0200 (CEST);Wed Oct 23 2019 07:14:47 GMT+0200 (CEST);1571814887000;0.14;28.93;12.78
1380556831572750;19.4;31.4;Wed Oct 23 2019 09:16:41 GMT+0200 (CEST);Wed Oct 23 2019 07:16:41 GMT+0200 (CEST);1571815001000;0.16;33.38;12.81
1380556831572750;19.4;31.5;Wed Oct 23 2019 09:18:52 GMT+0200 (CEST);Wed Oct 23 2019 07:18:52 GMT+0200 (CEST);1571815132000;0.15;31.29;12.83
1380556831572750;19.4;31.5;Wed Oct 23 2019 09:20:49 GMT+0200 (CEST);Wed Oct 23 2019 07:20:49 GMT+0200 (CEST);1571815249000;0.13;26.47;12.87
1380556831572750;19.4;31.2;Wed Oct 23 2019 09:22:42 GMT+0200 (CEST);Wed Oct 23 2019 07:22:42 GMT+0200 (CEST);1571815362000;0.11;23.75;12.87
1380556831572750;19.4;31.1;Wed Oct 23 2019 09:24:36 GMT+0200 (CEST);Wed Oct 23 2019 07:24:36 GMT+0200 (CEST);1571815476000;0.09;19.9;12.89
1380556831572750;19.4;31;Wed Oct 23 2019 09:26:35 GMT+0200 (CEST);Wed Oct 23 2019 07:26:35 GMT+0200 (CEST);1571815595000;0.09;19.71;12.92
1380556831572750;19.4;31;Wed Oct 23 2019 09:28:29 GMT+0200 (CEST);Wed Oct 23 2019 07:28:29 GMT+0200 (CEST);1571815709000;0.08;19.04;12.95
1380556831572750;19.4;30.2;Wed Oct 23 2019 09:30:22 GMT+0200 (CEST);Wed Oct 23 2019 07:30:22 GMT+0200 (CEST);1571815822000;0.1;21.04;12.96
1380556831572750;19.4;30.1;Wed Oct 23 2019 09:32:15 GMT+0200 (CEST);Wed Oct 23 2019 07:32:15 GMT+0200 (CEST);1571815935000;0.1;21.98;13
1380556831572750;19.4;30.1;Wed Oct 23 2019 09:34:28 GMT+0200 (CEST);Wed Oct 23 2019 07:34:28 GMT+0200 (CEST);1571816068000;0.11;23.54;13.02
1380556831572750;19.4;30.2;Wed Oct 23 2019 09:36:21 GMT+0200 (CEST);Wed Oct 23 2019 07:36:21 GMT+0200 (CEST);1571816181000;0.13;26.96;13.05
1380556831572750;19.4;30.2;Wed Oct 23 2019 09:38:17 GMT+0200 (CEST);Wed Oct 23 2019 07:38:17 GMT+0200 (CEST);1571816297000;0.13;26.1;13.08
1380556831572750;19.4;30.1;Wed Oct 23 2019 09:40:09 GMT+0200 (CEST);Wed Oct 23 2019 07:40:09 GMT+0200 (CEST);1571816409000;0.11;23.09;13.1
1380556831572750;19.4;30.1;Wed Oct 23 2019 09:42:04 GMT+0200 (CEST);Wed Oct 23 2019 07:42:04 GMT+0200 (CEST);1571816524000;0.1;21.97;13.14
1380556831572750;19.4;30.1;Wed Oct 23 2019 09:43:58 GMT+0200 (CEST);Wed Oct 23 2019 07:43:58 GMT+0200 (CEST);1571816638000;0.11;23.6;13.17
1380556831572750;19.4;30.2;Wed Oct 23 2019 09:45:51 GMT+0200 (CEST);Wed Oct 23 2019 07:45:51 GMT+0200 (CEST);1571816751000;0.12;24.36;13.21
1380556831572750;19.4;30.1;Wed Oct 23 2019 09:47:44 GMT+0200 (CEST);Wed Oct 23 2019 07:47:44 GMT+0200 (CEST);1571816864000;0.12;24.26;13.25
1380556831572750;19.4;30.2;Wed Oct 23 2019 09:50:23 GMT+0200 (CEST);Wed Oct 23 2019 07:50:23 GMT+0200 (CEST);1571817023000;0.13;27.44;13.34
1380556831572750;19.4;30.2;Wed Oct 23 2019 09:52:16 GMT+0200 (CEST);Wed Oct 23 2019 07:52:16 GMT+0200 (CEST);1571817136000;0.15;31.37;13.39
1380556831572750;19.4;31.4;Wed Oct 23 2019 09:54:10 GMT+0200 (CEST);Wed Oct 23 2019 07:54:10 GMT+0200 (CEST);1571817250000;0.16;33.44;13.42
1380556831572750;19.4;31.5;Wed Oct 23 2019 09:56:10 GMT+0200 (CEST);Wed Oct 23 2019 07:56:10 GMT+0200 (CEST);1571817370000;0.17;33.66;13.48
1380556831572750;19.4;31.5;Wed Oct 23 2019 09:58:03 GMT+0200 (CEST);Wed Oct 23 2019 07:58:03 GMT+0200 (CEST);1571817483000;0.16;32.17;13.53
1380556831572750;19.9;31.4;Wed Oct 23 2019 09:59:56 GMT+0200 (CEST);Wed Oct 23 2019 07:59:56 GMT+0200 (CEST);1571817596000;0.18;35.59;13.58
1380556831572750;19.9;31.5;Wed Oct 23 2019 10:01:49 GMT+0200 (CEST);Wed Oct 23 2019 08:01:49 GMT+0200 (CEST);1571817709000;0.2;38.84;13.61
1380556831572750;19.9;31.6;Wed Oct 23 2019 10:03:42 GMT+0200 (CEST);Wed Oct 23 2019 08:03:42 GMT+0200 (CEST);1571817822000;0.21;42.29;13.68
1380556831572750;19.9;31.8;Wed Oct 23 2019 10:05:38 GMT+0200 (CEST);Wed Oct 23 2019 08:05:38 GMT+0200 (CEST);1571817938000;0.2;40.58;13.71
1380556831572750;19.9;31.6;Wed Oct 23 2019 10:07:31 GMT+0200 (CEST);Wed Oct 23 2019 08:07:31 GMT+0200 (CEST);1571818051000;0.2;38.68;13.76
1380556831572750;19.9;31.5;Wed Oct 23 2019 10:09:23 GMT+0200 (CEST);Wed Oct 23 2019 08:09:23 GMT+0200 (CEST);1571818163000;0.18;36.93;13.76
1380556831572750;19.9;31.3;Wed Oct 23 2019 10:11:16 GMT+0200 (CEST);Wed Oct 23 2019 08:11:16 GMT+0200 (CEST);1571818276000;0.19;37.71;13.78
1380556831572750;19.9;31.7;Wed Oct 23 2019 10:13:09 GMT+0200 (CEST);Wed Oct 23 2019 08:13:09 GMT+0200 (CEST);1571818389000;0.17;34.86;13.8
1380556831572750;19.9;31.3;Wed Oct 23 2019 10:15:03 GMT+0200 (CEST);Wed Oct 23 2019 08:15:03 GMT+0200 (CEST);1571818503000;0.19;37.62;13.82
1380556831572750;19.9;31.6;Wed Oct 23 2019 10:17:01 GMT+0200 (CEST);Wed Oct 23 2019 08:17:01 GMT+0200 (CEST);1571818621000;0.19;39.66;13.86
1380556831572750;19.9;31.6;Wed Oct 23 2019 10:18:54 GMT+0200 (CEST);Wed Oct 23 2019 08:18:54 GMT+0200 (CEST);1571818734000;0.21;41.58;13.88
1380556831572750;19.9;32;Wed Oct 23 2019 10:21:07 GMT+0200 (CEST);Wed Oct 23 2019 08:21:07 GMT+0200 (CEST);1571818867000;0.22;45.52;13.92
1380556831572750;19.9;31.9;Wed Oct 23 2019 10:23:10 GMT+0200 (CEST);Wed Oct 23 2019 08:23:10 GMT+0200 (CEST);1571818990000;0.22;44.22;13.96
1380556831572750;21.5;31.9;Wed Oct 23 2019 10:25:02 GMT+0200 (CEST);Wed Oct 23 2019 08:25:02 GMT+0200 (CEST);1571819102000;0.22;43.52;13.99
1380556831572750;21.5;31.9;Wed Oct 23 2019 10:26:55 GMT+0200 (CEST);Wed Oct 23 2019 08:26:55 GMT+0200 (CEST);1571819215000;0.22;44.11;14.03
1380556831572750;21.5;32;Wed Oct 23 2019 10:28:49 GMT+0200 (CEST);Wed Oct 23 2019 08:28:49 GMT+0200 (CEST);1571819329000;0.23;48.38;14.09
1380556831572750;21.5;32.3;Wed Oct 23 2019 10:30:42 GMT+0200 (CEST);Wed Oct 23 2019 08:30:42 GMT+0200 (CEST);1571819442000;0.25;50.06;14.14
1380556831572750;21.5;32.2;Wed Oct 23 2019 10:32:34 GMT+0200 (CEST);Wed Oct 23 2019 08:32:34 GMT+0200 (CEST);1571819554000;0.23;46.61;14.18
1380556831572750;21.5;32.3;Wed Oct 23 2019 10:34:28 GMT+0200 (CEST);Wed Oct 23 2019 08:34:28 GMT+0200 (CEST);1571819668000;0.23;46.8;14.19
1380556831572750;21.5;32.1;Wed Oct 23 2019 10:36:49 GMT+0200 (CEST);Wed Oct 23 2019 08:36:49 GMT+0200 (CEST);1571819809000;0.22;44.82;14.21
1380556831572750;21.5;31.8;Wed Oct 23 2019 10:38:45 GMT+0200 (CEST);Wed Oct 23 2019 08:38:45 GMT+0200 (CEST);1571819925000;0.23;47.01;14.25
1380556831572750;21.5;32.3;Wed Oct 23 2019 10:40:38 GMT+0200 (CEST);Wed Oct 23 2019 08:40:38 GMT+0200 (CEST);1571820038000;0.24;47.69;14.25
1380556831572750;21.5;32.5;Wed Oct 23 2019 10:42:32 GMT+0200 (CEST);Wed Oct 23 2019 08:42:32 GMT+0200 (CEST);1571820152000;0.25;50.14;14.24
1380556831572750;21.5;32.4;Wed Oct 23 2019 10:44:26 GMT+0200 (CEST);Wed Oct 23 2019 08:44:26 GMT+0200 (CEST);1571820266000;0.25;50.44;14.24
1380556831572750;21.5;32.5;Wed Oct 23 2019 10:46:20 GMT+0200 (CEST);Wed Oct 23 2019 08:46:20 GMT+0200 (CEST);1571820380000;0.27;54;14.26
1380556831572750;21.5;32.2;Wed Oct 23 2019 10:48:13 GMT+0200 (CEST);Wed Oct 23 2019 08:48:13 GMT+0200 (CEST);1571820493000;0.27;54.25;14.31
1380556831572750;21.5;32.8;Wed Oct 23 2019 10:50:04 GMT+0200 (CEST);Wed Oct 23 2019 08:50:04 GMT+0200 (CEST);1571820604000;0.31;59.58;14.35
1380556831572750;21.5;32.6;Wed Oct 23 2019 10:52:36 GMT+0200 (CEST);Wed Oct 23 2019 08:52:36 GMT+0200 (CEST);1571820756000;0.3;59.99;14.4
1380556831572750;21.5;32.3;Wed Oct 23 2019 10:54:29 GMT+0200 (CEST);Wed Oct 23 2019 08:54:29 GMT+0200 (CEST);1571820869000;0.26;53.6;14.47
1380556831572750;21.5;32.5;Wed Oct 23 2019 10:56:39 GMT+0200 (CEST);Wed Oct 23 2019 08:56:39 GMT+0200 (CEST);1571820999000;0.26;52.19;14.5
1380556831572750;21.5;32.5;Wed Oct 23 2019 10:58:33 GMT+0200 (CEST);Wed Oct 23 2019 08:58:33 GMT+0200 (CEST);1571821113000;0.24;48.35;14.52
1380556831572750;21.5;32.1;Wed Oct 23 2019 11:00:30 GMT+0200 (CEST);Wed Oct 23 2019 09:00:30 GMT+0200 (CEST);1571821230000;0.23;47.21;14.54
1380556831572750;21.5;31.8;Wed Oct 23 2019 11:02:22 GMT+0200 (CEST);Wed Oct 23 2019 09:02:22 GMT+0200 (CEST);1571821342000;0.22;45.44;14.53
1380556831572750;21.5;31.8;Wed Oct 23 2019 11:04:15 GMT+0200 (CEST);Wed Oct 23 2019 09:04:15 GMT+0200 (CEST);1571821455000;0.24;47.7;14.53
1380556831572750;21.5;32.1;Wed Oct 23 2019 11:06:10 GMT+0200 (CEST);Wed Oct 23 2019 09:06:10 GMT+0200 (CEST);1571821570000;0.24;48.35;14.5
1380556831572750;21.5;32.5;Wed Oct 23 2019 11:08:11 GMT+0200 (CEST);Wed Oct 23 2019 09:08:11 GMT+0200 (CEST);1571821691000;0.29;58.82;14.5
1380556831572750;21.5;32.5;Wed Oct 23 2019 11:10:05 GMT+0200 (CEST);Wed Oct 23 2019 09:10:05 GMT+0200 (CEST);1571821805000;0.29;58.3;14.53
1380556831572750;21.5;32.4;Wed Oct 23 2019 11:11:59 GMT+0200 (CEST);Wed Oct 23 2019 09:11:59 GMT+0200 (CEST);1571821919000;0.3;61.09;14.56
1380556831572750;21.5;32.3;Wed Oct 23 2019 11:13:52 GMT+0200 (CEST);Wed Oct 23 2019 09:13:52 GMT+0200 (CEST);1571822032000;0.31;63.38;14.59
1380556831572750;22;32.5;Wed Oct 23 2019 11:15:45 GMT+0200 (CEST);Wed Oct 23 2019 09:15:45 GMT+0200 (CEST);1571822145000;0.3;61.67;14.64
1380556831572750;22;32.4;Wed Oct 23 2019 11:17:39 GMT+0200 (CEST);Wed Oct 23 2019 09:17:39 GMT+0200 (CEST);1571822259000;0.33;65.29;14.68
1380556831572750;22;32.6;Wed Oct 23 2019 11:19:32 GMT+0200 (CEST);Wed Oct 23 2019 09:19:32 GMT+0200 (CEST);1571822372000;0.33;67.16;14.71
1380556831572750;22;32.6;Wed Oct 23 2019 11:21:25 GMT+0200 (CEST);Wed Oct 23 2019 09:21:25 GMT+0200 (CEST);1571822485000;0.32;64.42;14.78
1380556831572750;22;32.5;Wed Oct 23 2019 11:23:27 GMT+0200 (CEST);Wed Oct 23 2019 09:23:27 GMT+0200 (CEST);1571822607000;0.33;67.23;14.8
1380556831572750;22;32.3;Wed Oct 23 2019 11:25:22 GMT+0200 (CEST);Wed Oct 23 2019 09:25:22 GMT+0200 (CEST);1571822722000;0.33;65.51;14.84
1380556831572750;22;32.5;Wed Oct 23 2019 11:27:15 GMT+0200 (CEST);Wed Oct 23 2019 09:27:15 GMT+0200 (CEST);1571822835000;0.35;68.76;14.86
1380556831572750;22;32.4;Wed Oct 23 2019 11:29:09 GMT+0200 (CEST);Wed Oct 23 2019 09:29:09 GMT+0200 (CEST);1571822949000;0.32;63.79;14.89
1380556831572750;22;32.5;Wed Oct 23 2019 11:31:02 GMT+0200 (CEST);Wed Oct 23 2019 09:31:02 GMT+0200 (CEST);1571823062000;0.32;63.6;14.92
1380556831572750;22;32.3;Wed Oct 23 2019 11:32:56 GMT+0200 (CEST);Wed Oct 23 2019 09:32:56 GMT+0200 (CEST);1571823176000;0.32;63.13;14.94
1380556831572750;22;32.2;Wed Oct 23 2019 11:34:49 GMT+0200 (CEST);Wed Oct 23 2019 09:34:49 GMT+0200 (CEST);1571823289000;0.31;62.06;14.94
1380556831572750;22;32.7;Wed Oct 23 2019 11:36:45 GMT+0200 (CEST);Wed Oct 23 2019 09:36:45 GMT+0200 (CEST);1571823405000;0.36;70.32;14.94
1380556831572750;23.5;32.5;Wed Oct 23 2019 11:38:55 GMT+0200 (CEST);Wed Oct 23 2019 09:38:55 GMT+0200 (CEST);1571823535000;0.36;71.88;14.97
1380556831572750;23.5;32.6;Wed Oct 23 2019 11:40:48 GMT+0200 (CEST);Wed Oct 23 2019 09:40:48 GMT+0200 (CEST);1571823648000;0.37;75.21;15.02
1380556831572750;22;32.7;Wed Oct 23 2019 11:42:40 GMT+0200 (CEST);Wed Oct 23 2019 09:42:40 GMT+0200 (CEST);1571823760000;0.37;73.11;15.07
1380556831572750;22;32.6;Wed Oct 23 2019 11:44:33 GMT+0200 (CEST);Wed Oct 23 2019 09:44:33 GMT+0200 (CEST);1571823873000;0.4;79.89;15.14
1380556831572750;22;33.3;Wed Oct 23 2019 11:46:46 GMT+0200 (CEST);Wed Oct 23 2019 09:46:46 GMT+0200 (CEST);1571824006000;0.42;83.09;15.22
1380556831572750;23.5;32.9;Wed Oct 23 2019 11:48:38 GMT+0200 (CEST);Wed Oct 23 2019 09:48:38 GMT+0200 (CEST);1571824118000;0.4;80.16;15.26
1380556831572750;23.5;32.7;Wed Oct 23 2019 11:50:34 GMT+0200 (CEST);Wed Oct 23 2019 09:50:34 GMT+0200 (CEST);1571824234000;0.39;77.43;15.32
1380556831572750;23.5;32.8;Wed Oct 23 2019 11:52:29 GMT+0200 (CEST);Wed Oct 23 2019 09:52:29 GMT+0200 (CEST);1571824349000;0.38;75.39;15.36
1380556831572750;23.5;33.2;Wed Oct 23 2019 11:54:34 GMT+0200 (CEST);Wed Oct 23 2019 09:54:34 GMT+0200 (CEST);1571824474000;0.41;83.71;15.44
1380556831572750;23.5;33.2;Wed Oct 23 2019 11:56:26 GMT+0200 (CEST);Wed Oct 23 2019 09:56:26 GMT+0200 (CEST);1571824586000;0.4;82.74;15.47
1380556831572750;23.5;32.7;Wed Oct 23 2019 11:58:19 GMT+0200 (CEST);Wed Oct 23 2019 09:58:19 GMT+0200 (CEST);1571824699000;0.42;83.59;15.48
1380556831572750;23.5;33;Wed Oct 23 2019 12:00:19 GMT+0200 (CEST);Wed Oct 23 2019 10:00:19 GMT+0200 (CEST);1571824819000;0.44;88.2;15.52
1380556831572750;23.5;32.9;Wed Oct 23 2019 12:02:12 GMT+0200 (CEST);Wed Oct 23 2019 10:02:12 GMT+0200 (CEST);1571824932000;0.42;82.02;15.55
1380556831572750;23.5;32.9;Wed Oct 23 2019 12:04:05 GMT+0200 (CEST);Wed Oct 23 2019 10:04:05 GMT+0200 (CEST);1571825045000;0.4;79.7;15.54
1380556831572750;23.5;32.7;Wed Oct 23 2019 12:06:00 GMT+0200 (CEST);Wed Oct 23 2019 10:06:00 GMT+0200 (CEST);1571825160000;0.41;79.99;15.57
1380556831572750;23.5;32.6;Wed Oct 23 2019 12:08:01 GMT+0200 (CEST);Wed Oct 23 2019 10:08:01 GMT+0200 (CEST);1571825281000;0.36;73.1;15.62
1380556831572750;23.5;32.6;Wed Oct 23 2019 12:10:02 GMT+0200 (CEST);Wed Oct 23 2019 10:10:02 GMT+0200 (CEST);1571825402000;0.38;76.28;15.67
1380556831572750;23.5;32.7;Wed Oct 23 2019 12:11:55 GMT+0200 (CEST);Wed Oct 23 2019 10:11:55 GMT+0200 (CEST);1571825515000;0.43;85.39;15.71
1380556831572750;23.5;33;Wed Oct 23 2019 12:13:47 GMT+0200 (CEST);Wed Oct 23 2019 10:13:47 GMT+0200 (CEST);1571825627000;0.43;87.07;15.75
1380556831572750;23.5;33;Wed Oct 23 2019 12:15:41 GMT+0200 (CEST);Wed Oct 23 2019 10:15:41 GMT+0200 (CEST);1571825741000;0.43;87.28;15.78
1380556831572750;24;32.9;Wed Oct 23 2019 12:17:40 GMT+0200 (CEST);Wed Oct 23 2019 10:17:40 GMT+0200 (CEST);1571825860000;0.43;86.82;15.79
1380556831572750;24;33.4;Wed Oct 23 2019 12:19:32 GMT+0200 (CEST);Wed Oct 23 2019 10:19:32 GMT+0200 (CEST);1571825972000;0.49;98.23;15.83
1380556831572750;24;33.2;Wed Oct 23 2019 12:21:25 GMT+0200 (CEST);Wed Oct 23 2019 10:21:25 GMT+0200 (CEST);1571826085000;0.45;90.58;15.92
1380556831572750;24;33.2;Wed Oct 23 2019 12:23:18 GMT+0200 (CEST);Wed Oct 23 2019 10:23:18 GMT+0200 (CEST);1571826198000;0.42;82.53;15.99
1380556831572750;24;32.9;Wed Oct 23 2019 12:25:27 GMT+0200 (CEST);Wed Oct 23 2019 10:25:27 GMT+0200 (CEST);1571826327000;0.39;80.01;16
1380556831572750;24;32.8;Wed Oct 23 2019 12:27:20 GMT+0200 (CEST);Wed Oct 23 2019 10:27:20 GMT+0200 (CEST);1571826440000;0.38;77.16;15.94
1380556831572750;24;32.7;Wed Oct 23 2019 12:29:13 GMT+0200 (CEST);Wed Oct 23 2019 10:29:13 GMT+0200 (CEST);1571826553000;0.39;78.24;15.95
1380556831572750;24;32.7;Wed Oct 23 2019 12:31:10 GMT+0200 (CEST);Wed Oct 23 2019 10:31:10 GMT+0200 (CEST);1571826670000;0.39;78.11;15.94
1380556831572750;24;32.9;Wed Oct 23 2019 12:33:32 GMT+0200 (CEST);Wed Oct 23 2019 10:33:32 GMT+0200 (CEST);1571826812000;0.48;97.41;15.93
1380556831572750;24;33.5;Wed Oct 23 2019 12:35:26 GMT+0200 (CEST);Wed Oct 23 2019 10:35:26 GMT+0200 (CEST);1571826926000;0.49;98.25;15.97
1380556831572750;24;33.4;Wed Oct 23 2019 12:37:20 GMT+0200 (CEST);Wed Oct 23 2019 10:37:20 GMT+0200 (CEST);1571827040000;0.53;106.99;16.03
1380556831572750;24;33.6;Wed Oct 23 2019 12:39:12 GMT+0200 (CEST);Wed Oct 23 2019 10:39:12 GMT+0200 (CEST);1571827152000;0.48;99.65;16.05
1380556831572750;24;32.9;Wed Oct 23 2019 12:41:09 GMT+0200 (CEST);Wed Oct 23 2019 10:41:09 GMT+0200 (CEST);1571827269000;0.44;87.51;16.07
1380556831572750;24;32.9;Wed Oct 23 2019 12:43:04 GMT+0200 (CEST);Wed Oct 23 2019 10:43:04 GMT+0200 (CEST);1571827384000;0.45;89.46;16.07
1380556831572750;24;33;Wed Oct 23 2019 12:44:57 GMT+0200 (CEST);Wed Oct 23 2019 10:44:57 GMT+0200 (CEST);1571827497000;0.47;95.84;16.07
1380556831572750;24;33.2;Wed Oct 23 2019 12:46:57 GMT+0200 (CEST);Wed Oct 23 2019 10:46:57 GMT+0200 (CEST);1571827617000;0.46;91.99;16.09
1380556831572750;24;33.2;Wed Oct 23 2019 12:48:59 GMT+0200 (CEST);Wed Oct 23 2019 10:48:59 GMT+0200 (CEST);1571827739000;0.48;96.53;16.17
1380556831572750;24;33.1;Wed Oct 23 2019 12:50:53 GMT+0200 (CEST);Wed Oct 23 2019 10:50:53 GMT+0200 (CEST);1571827853000;0.47;93.65;16.21
1380556831572750;24;33.2;Wed Oct 23 2019 12:52:47 GMT+0200 (CEST);Wed Oct 23 2019 10:52:47 GMT+0200 (CEST);1571827967000;0.46;92.64;16.25
1380556831572750;24;33.1;Wed Oct 23 2019 12:54:40 GMT+0200 (CEST);Wed Oct 23 2019 10:54:40 GMT+0200 (CEST);1571828080000;0.48;97.69;16.26
1380556831572750;24;33.3;Wed Oct 23 2019 12:56:38 GMT+0200 (CEST);Wed Oct 23 2019 10:56:38 GMT+0200 (CEST);1571828198000;0.51;104.39;16.26
1380556831572750;24;33.5;Wed Oct 23 2019 12:58:31 GMT+0200 (CEST);Wed Oct 23 2019 10:58:31 GMT+0200 (CEST);1571828311000;0.55;111.19;16.28
1380556831572750;24;33.6;Wed Oct 23 2019 13:00:23 GMT+0200 (CEST);Wed Oct 23 2019 11:00:23 GMT+0200 (CEST);1571828423000;0.58;119.17;16.28
1380556831572750;24;33.7;Wed Oct 23 2019 13:02:18 GMT+0200 (CEST);Wed Oct 23 2019 11:02:18 GMT+0200 (CEST);1571828538000;0.61;124.34;16.3
1380556831572750;25;33.7;Wed Oct 23 2019 13:04:49 GMT+0200 (CEST);Wed Oct 23 2019 11:04:49 GMT+0200 (CEST);1571828689000;0.6;123.03;16.33
1380556831572750;25;33.6;Wed Oct 23 2019 13:06:45 GMT+0200 (CEST);Wed Oct 23 2019 11:06:45 GMT+0200 (CEST);1571828805000;0.62;125.09;16.36
1380556831572750;25.5;33.8;Wed Oct 23 2019 13:08:46 GMT+0200 (CEST);Wed Oct 23 2019 11:08:46 GMT+0200 (CEST);1571828926000;0.66;135.03;16.5
1380556831572750;25.5;33.8;Wed Oct 23 2019 13:10:39 GMT+0200 (CEST);Wed Oct 23 2019 11:10:39 GMT+0200 (CEST);1571829039000;0.7;142.34;16.67
1380556831572750;26;33.8;Wed Oct 23 2019 13:12:38 GMT+0200 (CEST);Wed Oct 23 2019 11:12:38 GMT+0200 (CEST);1571829158000;0.71;145.82;16.81
1380556831572750;26;33.8;Wed Oct 23 2019 13:14:31 GMT+0200 (CEST);Wed Oct 23 2019 11:14:31 GMT+0200 (CEST);1571829271000;0.73;152.01;16.82
1380556831572750;26;33.8;Wed Oct 23 2019 13:16:25 GMT+0200 (CEST);Wed Oct 23 2019 11:16:25 GMT+0200 (CEST);1571829385000;0.7;142.41;16.84
1380556831572750;26;33.5;Wed Oct 23 2019 13:18:18 GMT+0200 (CEST);Wed Oct 23 2019 11:18:18 GMT+0200 (CEST);1571829498000;0.67;136.5;16.88
1380556831572750;26;33.7;Wed Oct 23 2019 13:22:28 GMT+0200 (CEST);Wed Oct 23 2019 11:22:28 GMT+0200 (CEST);1571829748000;0.73;149.65;16.92
1380556831572750;26;33.8;Wed Oct 23 2019 13:24:22 GMT+0200 (CEST);Wed Oct 23 2019 11:24:22 GMT+0200 (CEST);1571829862000;0.71;147.31;17
1380556831572750;26;33.5;Wed Oct 23 2019 13:26:21 GMT+0200 (CEST);Wed Oct 23 2019 11:26:21 GMT+0200 (CEST);1571829981000;0.68;139.77;17.12
1380556831572750;26;33.6;Wed Oct 23 2019 13:28:16 GMT+0200 (CEST);Wed Oct 23 2019 11:28:16 GMT+0200 (CEST);1571830096000;0.69;141.55;17.21
1380556831572750;26;33.7;Wed Oct 23 2019 13:30:09 GMT+0200 (CEST);Wed Oct 23 2019 11:30:09 GMT+0200 (CEST);1571830209000;0.73;147.36;17.25
1380556831572750;27.5;33.7;Wed Oct 23 2019 13:32:03 GMT+0200 (CEST);Wed Oct 23 2019 11:32:03 GMT+0200 (CEST);1571830323000;0.77;156.94;17.27
1380556831572750;27.5;33.8;Wed Oct 23 2019 13:33:55 GMT+0200 (CEST);Wed Oct 23 2019 11:33:55 GMT+0200 (CEST);1571830435000;0.73;150.23;17.25
1380556831572750;27.5;33.8;Wed Oct 23 2019 13:35:54 GMT+0200 (CEST);Wed Oct 23 2019 11:35:54 GMT+0200 (CEST);1571830554000;0.74;152.79;17.21
1380556831572750;27.5;33.8;Wed Oct 23 2019 13:37:49 GMT+0200 (CEST);Wed Oct 23 2019 11:37:49 GMT+0200 (CEST);1571830669000;0.77;158.91;17.24
1380556831572750;27.5;33.7;Wed Oct 23 2019 13:39:41 GMT+0200 (CEST);Wed Oct 23 2019 11:39:41 GMT+0200 (CEST);1571830781000;0.77;158.38;17.32
1380556831572750;27.5;33.8;Wed Oct 23 2019 13:41:34 GMT+0200 (CEST);Wed Oct 23 2019 11:41:34 GMT+0200 (CEST);1571830894000;0.73;149.84;17.36
1380556831572750;27.5;33.6;Wed Oct 23 2019 13:43:29 GMT+0200 (CEST);Wed Oct 23 2019 11:43:29 GMT+0200 (CEST);1571831009000;0.73;149.8;17.36
1380556831572750;27.5;33.7;Wed Oct 23 2019 13:45:22 GMT+0200 (CEST);Wed Oct 23 2019 11:45:22 GMT+0200 (CEST);1571831122000;0.74;149.1;17.35
1380556831572750;27.5;33.7;Wed Oct 23 2019 13:47:15 GMT+0200 (CEST);Wed Oct 23 2019 11:47:15 GMT+0200 (CEST);1571831235000;0.67;134.68;17.4
1380556831572750;27.5;33.5;Wed Oct 23 2019 13:49:09 GMT+0200 (CEST);Wed Oct 23 2019 11:49:09 GMT+0200 (CEST);1571831349000;0.7;141.44;17.46
1380556831572750;27.5;33.8;Wed Oct 23 2019 13:51:29 GMT+0200 (CEST);Wed Oct 23 2019 11:51:29 GMT+0200 (CEST);1571831489000;0.72;146.67;17.55
1380556831572750;27.5;33.6;Wed Oct 23 2019 13:53:23 GMT+0200 (CEST);Wed Oct 23 2019 11:53:23 GMT+0200 (CEST);1571831603000;0.7;142.83;17.54
1380556831572750;27.5;33.6;Wed Oct 23 2019 13:55:18 GMT+0200 (CEST);Wed Oct 23 2019 11:55:18 GMT+0200 (CEST);1571831718000;0.75;153.24;17.49
1380556831572750;27.5;33.8;Wed Oct 23 2019 13:57:12 GMT+0200 (CEST);Wed Oct 23 2019 11:57:12 GMT+0200 (CEST);1571831832000;0.79;162.42;17.49
1380556831572750;26.5;33.9;Wed Oct 23 2019 13:59:08 GMT+0200 (CEST);Wed Oct 23 2019 11:59:08 GMT+0200 (CEST);1571831948000;0.88;182.24;17.56
1380556831572750;26.5;33.9;Wed Oct 23 2019 14:01:01 GMT+0200 (CEST);Wed Oct 23 2019 12:01:01 GMT+0200 (CEST);1571832061000;0.88;179.7;17.66
1380556831572750;27.5;33.8;Wed Oct 23 2019 14:02:59 GMT+0200 (CEST);Wed Oct 23 2019 12:02:59 GMT+0200 (CEST);1571832179000;0.83;172.39;17.66
1380556831572750;27.5;33.7;Wed Oct 23 2019 14:04:52 GMT+0200 (CEST);Wed Oct 23 2019 12:04:52 GMT+0200 (CEST);1571832292000;0.79;163.65;17.71
1380556831572750;27.5;33.7;Wed Oct 23 2019 14:07:16 GMT+0200 (CEST);Wed Oct 23 2019 12:07:16 GMT+0200 (CEST);1571832436000;0.78;161.46;17.68
1380556831572750;27.5;33.8;Wed Oct 23 2019 14:09:10 GMT+0200 (CEST);Wed Oct 23 2019 12:09:10 GMT+0200 (CEST);1571832550000;0.82;171.55;17.62
1380556831572750;27.5;33.8;Wed Oct 23 2019 14:11:04 GMT+0200 (CEST);Wed Oct 23 2019 12:11:04 GMT+0200 (CEST);1571832664000;0.85;176.25;17.64
1380556831572750;28;33.8;Wed Oct 23 2019 14:12:58 GMT+0200 (CEST);Wed Oct 23 2019 12:12:58 GMT+0200 (CEST);1571832778000;0.83;171.1;17.64
1380556831572750;28;33.7;Wed Oct 23 2019 14:14:51 GMT+0200 (CEST);Wed Oct 23 2019 12:14:51 GMT+0200 (CEST);1571832891000;0.8;165.41;17.64
1380556831572750;28;33.5;Wed Oct 23 2019 14:16:43 GMT+0200 (CEST);Wed Oct 23 2019 12:16:43 GMT+0200 (CEST);1571833003000;0.72;150.24;17.58
1380556831572750;28;33.5;Wed Oct 23 2019 14:18:36 GMT+0200 (CEST);Wed Oct 23 2019 12:18:36 GMT+0200 (CEST);1571833116000;0.75;154.13;17.53
1380556831572750;28;33.8;Wed Oct 23 2019 14:20:30 GMT+0200 (CEST);Wed Oct 23 2019 12:20:30 GMT+0200 (CEST);1571833230000;0.8;168.44;17.57
1380556831572750;28;33.8;Wed Oct 23 2019 14:22:36 GMT+0200 (CEST);Wed Oct 23 2019 12:22:36 GMT+0200 (CEST);1571833356000;0.84;173.45;17.66
1380556831572750;28;33.8;Wed Oct 23 2019 14:24:30 GMT+0200 (CEST);Wed Oct 23 2019 12:24:30 GMT+0200 (CEST);1571833470000;0.79;162.48;17.73
1380556831572750;28;33.7;Wed Oct 23 2019 14:26:23 GMT+0200 (CEST);Wed Oct 23 2019 12:26:23 GMT+0200 (CEST);1571833583000;0.79;166.57;17.81
1380556831572750;28;33.8;Wed Oct 23 2019 14:28:15 GMT+0200 (CEST);Wed Oct 23 2019 12:28:15 GMT+0200 (CEST);1571833695000;0.86;179.22;17.85
1380556831572750;28;33.8;Wed Oct 23 2019 14:30:08 GMT+0200 (CEST);Wed Oct 23 2019 12:30:08 GMT+0200 (CEST);1571833808000;0.82;172.33;17.91
1380556831572750;28;33.6;Wed Oct 23 2019 14:32:01 GMT+0200 (CEST);Wed Oct 23 2019 12:32:01 GMT+0200 (CEST);1571833921000;0.79;166.98;17.94
1380556831572750;28;33.6;Wed Oct 23 2019 14:33:54 GMT+0200 (CEST);Wed Oct 23 2019 12:33:54 GMT+0200 (CEST);1571834034000;0.84;176.87;17.91
1380556831572750;28;33.8;Wed Oct 23 2019 14:35:47 GMT+0200 (CEST);Wed Oct 23 2019 12:35:47 GMT+0200 (CEST);1571834147000;0.91;193.18;17.96
1380556831572750;28;33.8;Wed Oct 23 2019 14:38:40 GMT+0200 (CEST);Wed Oct 23 2019 12:38:40 GMT+0200 (CEST);1571834320000;0.94;196.57;18.15
1380556831572750;29.5;34;Wed Oct 23 2019 14:40:32 GMT+0200 (CEST);Wed Oct 23 2019 12:40:32 GMT+0200 (CEST);1571834432000;1.03;218.5;18.24
1380556831572750;29.5;34.1;Wed Oct 23 2019 14:42:25 GMT+0200 (CEST);Wed Oct 23 2019 12:42:25 GMT+0200 (CEST);1571834545000;0.99;209.6;18.33
1380556831572750;29.5;33.8;Wed Oct 23 2019 14:44:25 GMT+0200 (CEST);Wed Oct 23 2019 12:44:25 GMT+0200 (CEST);1571834665000;0.87;179.13;18.4
1380556831572750;29.5;33.7;Wed Oct 23 2019 14:46:23 GMT+0200 (CEST);Wed Oct 23 2019 12:46:23 GMT+0200 (CEST);1571834783000;0.86;176.64;18.43
1380556831572750;29.5;33.4;Wed Oct 23 2019 14:48:16 GMT+0200 (CEST);Wed Oct 23 2019 12:48:16 GMT+0200 (CEST);1571834896000;0.82;165.72;18.58
1380556831572750;29.5;33.5;Wed Oct 23 2019 14:50:11 GMT+0200 (CEST);Wed Oct 23 2019 12:50:11 GMT+0200 (CEST);1571835011000;0.76;155.14;18.7
1380556831572750;29.5;33.4;Wed Oct 23 2019 14:52:24 GMT+0200 (CEST);Wed Oct 23 2019 12:52:24 GMT+0200 (CEST);1571835144000;0.77;157.07;18.6
1380556831572750;29.5;33.5;Wed Oct 23 2019 14:54:23 GMT+0200 (CEST);Wed Oct 23 2019 12:54:23 GMT+0200 (CEST);1571835263000;0.77;159.13;18.39
1380556831572750;29.5;33.7;Wed Oct 23 2019 14:56:24 GMT+0200 (CEST);Wed Oct 23 2019 12:56:24 GMT+0200 (CEST);1571835384000;0.79;163.35;18.3
1380556831572750;29.5;33.5;Wed Oct 23 2019 14:58:29 GMT+0200 (CEST);Wed Oct 23 2019 12:58:29 GMT+0200 (CEST);1571835509000;0.76;157.26;18.28
1380556831572750;28.5;33.5;Wed Oct 23 2019 15:00:22 GMT+0200 (CEST);Wed Oct 23 2019 13:00:22 GMT+0200 (CEST);1571835622000;0.8;165.69;18.23
1380556831572750;28.5;33.7;Wed Oct 23 2019 15:02:07 GMT+0200 (CEST);Wed Oct 23 2019 13:02:07 GMT+0200 (CEST);1571835727000;0.86;178.66;18.17
1380556831572750;29.5;33.8;Wed Oct 23 2019 15:04:00 GMT+0200 (CEST);Wed Oct 23 2019 13:04:00 GMT+0200 (CEST);1571835840000;0.84;174.11;18.16
1380556831572750;29.5;33.7;Wed Oct 23 2019 15:06:03 GMT+0200 (CEST);Wed Oct 23 2019 13:06:03 GMT+0200 (CEST);1571835963000;0.82;170.53;18.16
1380556831572750;29.5;33.6;Wed Oct 23 2019 15:07:55 GMT+0200 (CEST);Wed Oct 23 2019 13:07:55 GMT+0200 (CEST);1571836075000;0.83;171.86;18.15
1380556831572750;29.5;33.6;Wed Oct 23 2019 15:09:51 GMT+0200 (CEST);Wed Oct 23 2019 13:09:51 GMT+0200 (CEST);1571836191000;0.82;169.62;18.17
1380556831572750;29.5;33.6;Wed Oct 23 2019 15:11:44 GMT+0200 (CEST);Wed Oct 23 2019 13:11:44 GMT+0200 (CEST);1571836304000;0.84;175.27;18.24
1380556831572750;29.5;33.8;Wed Oct 23 2019 15:13:37 GMT+0200 (CEST);Wed Oct 23 2019 13:13:37 GMT+0200 (CEST);1571836417000;0.94;192.63;18.3
1380556831572750;29.5;33.9;Wed Oct 23 2019 15:15:30 GMT+0200 (CEST);Wed Oct 23 2019 13:15:30 GMT+0200 (CEST);1571836530000;1;209.73;18.46
1380556831572750;29.5;35.8;Wed Oct 23 2019 15:17:25 GMT+0200 (CEST);Wed Oct 23 2019 13:17:25 GMT+0200 (CEST);1571836645000;1.58;399.35;18.73
1380556831572750;29.5;34;Wed Oct 23 2019 15:19:19 GMT+0200 (CEST);Wed Oct 23 2019 13:19:19 GMT+0200 (CEST);1571836759000;0.81;169.08;19.1
1380556831572750;29.5;33.2;Wed Oct 23 2019 15:21:15 GMT+0200 (CEST);Wed Oct 23 2019 13:21:15 GMT+0200 (CEST);1571836875000;0.68;138.96;19.17
1380556831572750;29.5;33.2;Wed Oct 23 2019 15:23:08 GMT+0200 (CEST);Wed Oct 23 2019 13:23:08 GMT+0200 (CEST);1571836988000;0.66;139.44;19.06
1380556831572750;29.5;33.3;Wed Oct 23 2019 15:25:17 GMT+0200 (CEST);Wed Oct 23 2019 13:25:17 GMT+0200 (CEST);1571837117000;0.7;148.58;18.92
1380556831572750;29.5;33.4;Wed Oct 23 2019 15:27:10 GMT+0200 (CEST);Wed Oct 23 2019 13:27:10 GMT+0200 (CEST);1571837230000;0.69;144.86;18.78
1380556831572750;29.5;33.6;Wed Oct 23 2019 15:29:02 GMT+0200 (CEST);Wed Oct 23 2019 13:29:02 GMT+0200 (CEST);1571837342000;0.71;151.25;18.65
1380556831572750;29.5;33.7;Wed Oct 23 2019 15:30:55 GMT+0200 (CEST);Wed Oct 23 2019 13:30:55 GMT+0200 (CEST);1571837455000;0.68;144.71;18.53
1380556831572750;28;33.6;Wed Oct 23 2019 15:33:00 GMT+0200 (CEST);Wed Oct 23 2019 13:33:00 GMT+0200 (CEST);1571837580000;0.7;148.88;18.45
1380556831572750;28;33.6;Wed Oct 23 2019 15:34:59 GMT+0200 (CEST);Wed Oct 23 2019 13:34:59 GMT+0200 (CEST);1571837699000;0.73;151.18;18.38
1380556831572750;28;33.6;Wed Oct 23 2019 15:36:54 GMT+0200 (CEST);Wed Oct 23 2019 13:36:54 GMT+0200 (CEST);1571837814000;0.71;150.38;18.3
1380556831572750;28;33.8;Wed Oct 23 2019 15:38:47 GMT+0200 (CEST);Wed Oct 23 2019 13:38:47 GMT+0200 (CEST);1571837927000;0.74;153.86;18.18
1380556831572750;28;33.8;Wed Oct 23 2019 15:40:57 GMT+0200 (CEST);Wed Oct 23 2019 13:40:57 GMT+0200 (CEST);1571838057000;0.74;154.88;18.19
1380556831572750;28;33.4;Wed Oct 23 2019 15:42:50 GMT+0200 (CEST);Wed Oct 23 2019 13:42:50 GMT+0200 (CEST);1571838170000;0.68;142.51;18.16
1380556831572750;28;33.5;Wed Oct 23 2019 15:44:50 GMT+0200 (CEST);Wed Oct 23 2019 13:44:50 GMT+0200 (CEST);1571838290000;0.74;151.28;18.19
1380556831572750;28;33.5;Wed Oct 23 2019 15:47:00 GMT+0200 (CEST);Wed Oct 23 2019 13:47:00 GMT+0200 (CEST);1571838420000;0.61;127.39;18.1
1380556831572750;28;33.4;Wed Oct 23 2019 15:49:00 GMT+0200 (CEST);Wed Oct 23 2019 13:49:00 GMT+0200 (CEST);1571838540000;0.67;138.17;18
1380556831572750;28;33.7;Wed Oct 23 2019 15:50:52 GMT+0200 (CEST);Wed Oct 23 2019 13:50:52 GMT+0200 (CEST);1571838652000;0.69;146.22;17.91
1380556831572750;28;33.7;Wed Oct 23 2019 15:52:45 GMT+0200 (CEST);Wed Oct 23 2019 13:52:45 GMT+0200 (CEST);1571838765000;0.65;135.42;17.83
1380556831572750;28;33.2;Wed Oct 23 2019 15:54:37 GMT+0200 (CEST);Wed Oct 23 2019 13:54:37 GMT+0200 (CEST);1571838877000;0.55;114.5;17.8
1380556831572750;27.5;33.2;Wed Oct 23 2019 15:56:31 GMT+0200 (CEST);Wed Oct 23 2019 13:56:31 GMT+0200 (CEST);1571838991000;0.52;109.84;17.78
1380556831572750;27.5;33.1;Wed Oct 23 2019 15:58:24 GMT+0200 (CEST);Wed Oct 23 2019 13:58:24 GMT+0200 (CEST);1571839104000;0.55;118.03;17.79
1380556831572750;27.5;33.3;Wed Oct 23 2019 16:00:23 GMT+0200 (CEST);Wed Oct 23 2019 14:00:23 GMT+0200 (CEST);1571839223000;0.57;121.53;17.78
1380556831572750;27.5;33.4;Wed Oct 23 2019 16:02:15 GMT+0200 (CEST);Wed Oct 23 2019 14:02:15 GMT+0200 (CEST);1571839335000;0.58;120.27;17.74
1380556831572750;27.5;33.4;Wed Oct 23 2019 16:04:16 GMT+0200 (CEST);Wed Oct 23 2019 14:04:16 GMT+0200 (CEST);1571839456000;0.61;123;17.71
1380556831572750;28;33.4;Wed Oct 23 2019 16:06:10 GMT+0200 (CEST);Wed Oct 23 2019 14:06:10 GMT+0200 (CEST);1571839570000;0.57;114.19;17.67
1380556831572750;28;33.3;Wed Oct 23 2019 16:08:04 GMT+0200 (CEST);Wed Oct 23 2019 14:08:04 GMT+0200 (CEST);1571839684000;0.54;112.5;17.66
1380556831572750;27.5;33.2;Wed Oct 23 2019 16:10:03 GMT+0200 (CEST);Wed Oct 23 2019 14:10:03 GMT+0200 (CEST);1571839803000;0.58;118.77;17.65
1380556831572750;27.5;33.2;Wed Oct 23 2019 16:11:55 GMT+0200 (CEST);Wed Oct 23 2019 14:11:55 GMT+0200 (CEST);1571839915000;0.58;118.57;17.69
1380556831572750;27.5;33.6;Wed Oct 23 2019 16:13:51 GMT+0200 (CEST);Wed Oct 23 2019 14:13:51 GMT+0200 (CEST);1571840031000;0.63;128.99;17.68
1380556831572750;27.5;33.5;Wed Oct 23 2019 16:15:43 GMT+0200 (CEST);Wed Oct 23 2019 14:15:43 GMT+0200 (CEST);1571840143000;0.68;138.23;17.67
1380556831572750;27.5;33.6;Wed Oct 23 2019 16:17:36 GMT+0200 (CEST);Wed Oct 23 2019 14:17:36 GMT+0200 (CEST);1571840256000;0.63;129.96;17.62
1380556831572750;27.5;33.5;Wed Oct 23 2019 16:19:37 GMT+0200 (CEST);Wed Oct 23 2019 14:19:37 GMT+0200 (CEST);1571840377000;0.59;120.48;17.57
1380556831572750;27.5;33.4;Wed Oct 23 2019 16:21:30 GMT+0200 (CEST);Wed Oct 23 2019 14:21:30 GMT+0200 (CEST);1571840490000;0.58;120.18;17.57
1380556831572750;27.5;33.2;Wed Oct 23 2019 16:23:22 GMT+0200 (CEST);Wed Oct 23 2019 14:23:22 GMT+0200 (CEST);1571840602000;0.55;110.49;17.6
1380556831572750;27.5;33;Wed Oct 23 2019 16:25:15 GMT+0200 (CEST);Wed Oct 23 2019 14:25:15 GMT+0200 (CEST);1571840715000;0.47;93.35;17.54
1380556831572750;27.5;32.6;Wed Oct 23 2019 16:27:09 GMT+0200 (CEST);Wed Oct 23 2019 14:27:09 GMT+0200 (CEST);1571840829000;0.4;83.51;17.52
1380556831572750;27.5;32.5;Wed Oct 23 2019 16:29:02 GMT+0200 (CEST);Wed Oct 23 2019 14:29:02 GMT+0200 (CEST);1571840942000;0.38;77.04;17.44
1380556831572750;27.5;32.4;Wed Oct 23 2019 16:30:58 GMT+0200 (CEST);Wed Oct 23 2019 14:30:58 GMT+0200 (CEST);1571841058000;0.4;81.66;17.35
1380556831572750;27.5;32.7;Wed Oct 23 2019 16:32:51 GMT+0200 (CEST);Wed Oct 23 2019 14:32:51 GMT+0200 (CEST);1571841171000;0.42;85.5;17.25
1380556831572750;26;32.9;Wed Oct 23 2019 16:34:45 GMT+0200 (CEST);Wed Oct 23 2019 14:34:45 GMT+0200 (CEST);1571841285000;0.41;84.21;17.25
1380556831572750;26;32.5;Wed Oct 23 2019 16:36:44 GMT+0200 (CEST);Wed Oct 23 2019 14:36:44 GMT+0200 (CEST);1571841404000;0.34;71.83;17.2
1380556831572750;26;32.3;Wed Oct 23 2019 16:38:37 GMT+0200 (CEST);Wed Oct 23 2019 14:38:37 GMT+0200 (CEST);1571841517000;0.34;70.89;17.11
1380556831572750;26;32.4;Wed Oct 23 2019 16:40:30 GMT+0200 (CEST);Wed Oct 23 2019 14:40:30 GMT+0200 (CEST);1571841630000;0.33;70.17;17.03
1380556831572750;26;32.2;Wed Oct 23 2019 16:42:23 GMT+0200 (CEST);Wed Oct 23 2019 14:42:23 GMT+0200 (CEST);1571841743000;0.32;65.99;16.96
1380556831572750;26;31.9;Wed Oct 23 2019 16:44:16 GMT+0200 (CEST);Wed Oct 23 2019 14:44:16 GMT+0200 (CEST);1571841856000;0.29;60.43;16.94
1380556831572750;26;31.7;Wed Oct 23 2019 16:46:10 GMT+0200 (CEST);Wed Oct 23 2019 14:46:10 GMT+0200 (CEST);1571841970000;0.29;59.26;16.86
1380556831572750;25.5;31.7;Wed Oct 23 2019 16:48:09 GMT+0200 (CEST);Wed Oct 23 2019 14:48:09 GMT+0200 (CEST);1571842089000;0.26;54.19;16.82
1380556831572750;25.5;31.6;Wed Oct 23 2019 16:50:01 GMT+0200 (CEST);Wed Oct 23 2019 14:50:01 GMT+0200 (CEST);1571842201000;0.23;46.67;16.81
1380556831572750;24.5;31.5;Wed Oct 23 2019 16:52:35 GMT+0200 (CEST);Wed Oct 23 2019 14:52:35 GMT+0200 (CEST);1571842355000;0.19;40.67;16.62
1380556831572750;24.5;31.5;Wed Oct 23 2019 16:54:28 GMT+0200 (CEST);Wed Oct 23 2019 14:54:28 GMT+0200 (CEST);1571842468000;0.18;38.63;16.43
1380556831572750;24.5;31.2;Wed Oct 23 2019 16:56:25 GMT+0200 (CEST);Wed Oct 23 2019 14:56:25 GMT+0200 (CEST);1571842585000;0.16;35.41;16.32
1380556831572750;24;31.5;Wed Oct 23 2019 16:58:17 GMT+0200 (CEST);Wed Oct 23 2019 14:58:17 GMT+0200 (CEST);1571842697000;0.22;45.22;16.27
1380556831572750;24;31.7;Wed Oct 23 2019 17:00:10 GMT+0200 (CEST);Wed Oct 23 2019 15:00:10 GMT+0200 (CEST);1571842810000;0.25;52.79;16.17
1380556831572750;24;31.9;Wed Oct 23 2019 17:02:09 GMT+0200 (CEST);Wed Oct 23 2019 15:02:09 GMT+0200 (CEST);1571842929000;0.23;47.69;16.11
1380556831572750;24;31.5;Wed Oct 23 2019 17:04:01 GMT+0200 (CEST);Wed Oct 23 2019 15:04:01 GMT+0200 (CEST);1571843041000;0.15;31.35;16.08
1380556831572750;24;31.5;Wed Oct 23 2019 17:06:23 GMT+0200 (CEST);Wed Oct 23 2019 15:06:23 GMT+0200 (CEST);1571843183000;0.14;31.96;15.97
1380556831572750;24;31.5;Wed Oct 23 2019 17:08:16 GMT+0200 (CEST);Wed Oct 23 2019 15:08:16 GMT+0200 (CEST);1571843296000;0.13;29.43;15.91
1380556831572750;24;31.3;Wed Oct 23 2019 17:10:09 GMT+0200 (CEST);Wed Oct 23 2019 15:10:09 GMT+0200 (CEST);1571843409000;0.11;23.64;15.82
1380556831572750;23.5;30.4;Wed Oct 23 2019 17:12:02 GMT+0200 (CEST);Wed Oct 23 2019 15:12:02 GMT+0200 (CEST);1571843522000;0.1;24.51;15.69
1380556831572750;23.5;31.2;Wed Oct 23 2019 17:14:15 GMT+0200 (CEST);Wed Oct 23 2019 15:14:15 GMT+0200 (CEST);1571843655000;0.11;25.75;15.57
1380556831572750;23.5;31.2;Wed Oct 23 2019 17:16:09 GMT+0200 (CEST);Wed Oct 23 2019 15:16:09 GMT+0200 (CEST);1571843769000;0.11;26.26;15.52
1380556831572750;23.5;31.3;Wed Oct 23 2019 17:18:02 GMT+0200 (CEST);Wed Oct 23 2019 15:18:02 GMT+0200 (CEST);1571843882000;0.14;32.6;15.46
1380556831572750;23.5;31.6;Wed Oct 23 2019 17:19:56 GMT+0200 (CEST);Wed Oct 23 2019 15:19:56 GMT+0200 (CEST);1571843996000;0.2;43.27;15.42
1380556831572750;23.5;31.5;Wed Oct 23 2019 17:22:15 GMT+0200 (CEST);Wed Oct 23 2019 15:22:15 GMT+0200 (CEST);1571844135000;0.19;39.67;15.43
1380556831572750;23.5;31.5;Wed Oct 23 2019 17:24:08 GMT+0200 (CEST);Wed Oct 23 2019 15:24:08 GMT+0200 (CEST);1571844248000;0.17;37.28;15.43
1380556831572750;22.5;31.4;Wed Oct 23 2019 17:26:01 GMT+0200 (CEST);Wed Oct 23 2019 15:26:01 GMT+0200 (CEST);1571844361000;0.19;39.22;15.42
1380556831572750;22.5;31.3;Wed Oct 23 2019 17:28:02 GMT+0200 (CEST);Wed Oct 23 2019 15:28:02 GMT+0200 (CEST);1571844482000;0.17;34.54;15.39
1380556831572750;22.5;31.2;Wed Oct 23 2019 17:29:55 GMT+0200 (CEST);Wed Oct 23 2019 15:29:55 GMT+0200 (CEST);1571844595000;0.14;31.16;15.39
1380556831572750;22;31.3;Wed Oct 23 2019 17:31:54 GMT+0200 (CEST);Wed Oct 23 2019 15:31:54 GMT+0200 (CEST);1571844714000;0.12;26.67;15.39
1380556831572750;22;31.2;Wed Oct 23 2019 17:33:48 GMT+0200 (CEST);Wed Oct 23 2019 15:33:48 GMT+0200 (CEST);1571844828000;0.11;23.8;15.36
1380556831572750;21.5;30.9;Wed Oct 23 2019 17:36:02 GMT+0200 (CEST);Wed Oct 23 2019 15:36:02 GMT+0200 (CEST);1571844962000;0.09;21.11;15.35
1380556831572750;21.5;31.4;Wed Oct 23 2019 17:38:01 GMT+0200 (CEST);Wed Oct 23 2019 15:38:01 GMT+0200 (CEST);1571845081000;0;15.45;15.36
1380556831572750;22;31.9;Wed Oct 23 2019 17:39:54 GMT+0200 (CEST);Wed Oct 23 2019 15:39:54 GMT+0200 (CEST);1571845194000;0;11.04;15.32
1380556831572750;22;31.5;Wed Oct 23 2019 17:41:47 GMT+0200 (CEST);Wed Oct 23 2019 15:41:47 GMT+0200 (CEST);1571845307000;0;9.52;15.28
1380556831572750;22;31.1;Wed Oct 23 2019 17:43:41 GMT+0200 (CEST);Wed Oct 23 2019 15:43:41 GMT+0200 (CEST);1571845421000;0;8.39;15.21
1380556831572750;21.5;29.9;Wed Oct 23 2019 17:45:34 GMT+0200 (CEST);Wed Oct 23 2019 15:45:34 GMT+0200 (CEST);1571845534000;0;8.04;15.12
1380556831572750;21.5;30.8;Wed Oct 23 2019 17:47:27 GMT+0200 (CEST);Wed Oct 23 2019 15:47:27 GMT+0200 (CEST);1571845647000;0;7.97;15.1
1380556831572750;21.5;33;Wed Oct 23 2019 17:49:23 GMT+0200 (CEST);Wed Oct 23 2019 15:49:23 GMT+0200 (CEST);1571845763000;0;7.45;15.06
1380556831572750;21.5;32.8;Wed Oct 23 2019 17:51:15 GMT+0200 (CEST);Wed Oct 23 2019 15:51:15 GMT+0200 (CEST);1571845875000;0;7.33;15
1380556831572750;21.5;32.8;Wed Oct 23 2019 17:53:08 GMT+0200 (CEST);Wed Oct 23 2019 15:53:08 GMT+0200 (CEST);1571845988000;0;7.21;14.96
1380556831572750;22;32.9;Wed Oct 23 2019 17:55:01 GMT+0200 (CEST);Wed Oct 23 2019 15:55:01 GMT+0200 (CEST);1571846101000;0;6.42;14.87
1380556831572750;22;27.3;Wed Oct 23 2019 17:56:55 GMT+0200 (CEST);Wed Oct 23 2019 15:56:55 GMT+0200 (CEST);1571846215000;0;6.29;14.81
1380556831572750;21.5;26.1;Wed Oct 23 2019 17:58:48 GMT+0200 (CEST);Wed Oct 23 2019 15:58:48 GMT+0200 (CEST);1571846328000;0;6.45;14.71
1380556831572750;21.5;26.3;Wed Oct 23 2019 18:00:47 GMT+0200 (CEST);Wed Oct 23 2019 16:00:47 GMT+0200 (CEST);1571846447000;0;5.7;14.59
1380556831572750;19.9;25.6;Wed Oct 23 2019 18:02:40 GMT+0200 (CEST);Wed Oct 23 2019 16:02:40 GMT+0200 (CEST);1571846560000;0;4.85;14.46
1380556831572750;19.9;25.7;Wed Oct 23 2019 18:04:37 GMT+0200 (CEST);Wed Oct 23 2019 16:04:37 GMT+0200 (CEST);1571846677000;0;3.92;14.29
1380556831572750;19.4;31.5;Wed Oct 23 2019 18:06:29 GMT+0200 (CEST);Wed Oct 23 2019 16:06:29 GMT+0200 (CEST);1571846789000;0;2.92;14.1
1380556831572750;19.4;30.5;Wed Oct 23 2019 18:08:14 GMT+0200 (CEST);Wed Oct 23 2019 16:08:14 GMT+0200 (CEST);1571846894000;0;2.28;13.96
1380556831572750;19.4;29.2;Wed Oct 23 2019 18:10:07 GMT+0200 (CEST);Wed Oct 23 2019 16:10:07 GMT+0200 (CEST);1571847007000;0;1.17;13.78
1380556831572750;19.4;25.9;Wed Oct 23 2019 18:12:03 GMT+0200 (CEST);Wed Oct 23 2019 16:12:03 GMT+0200 (CEST);1571847123000;0;0.13;13.62
1380556831572750;19.4;21.7;Wed Oct 23 2019 18:13:57 GMT+0200 (CEST);Wed Oct 23 2019 16:13:57 GMT+0200 (CEST);1571847237000;0;-0.01;13.51
1380556831572750;19.4;20.2;Wed Oct 23 2019 18:15:51 GMT+0200 (CEST);Wed Oct 23 2019 16:15:51 GMT+0200 (CEST);1571847351000;0;-0.01;13.36
1380556831572750;19.4;20.2;Wed Oct 23 2019 18:17:49 GMT+0200 (CEST);Wed Oct 23 2019 16:17:49 GMT+0200 (CEST);1571847469000;0;-0.01;13.24
1380556831572750;19.4;20.2;Wed Oct 23 2019 18:19:42 GMT+0200 (CEST);Wed Oct 23 2019 16:19:42 GMT+0200 (CEST);1571847582000;0;-0.01;13.15
1380556831572750;13.4;25.5;Thu Oct 24 2019 08:29:42 GMT+0200 (CEST);Thu Oct 24 2019 06:29:42 GMT+0200 (CEST);1571898582000;0;11.49;10.6
1380556831572750;13.4;24.7;Thu Oct 24 2019 08:31:35 GMT+0200 (CEST);Thu Oct 24 2019 06:31:35 GMT+0200 (CEST);1571898695000;0;12.77;10.61
1380556831572750;13.4;23.9;Thu Oct 24 2019 08:33:42 GMT+0200 (CEST);Thu Oct 24 2019 06:33:42 GMT+0200 (CEST);1571898822000;0;12.01;10.64
1380556831572750;13.4;22.5;Thu Oct 24 2019 08:35:38 GMT+0200 (CEST);Thu Oct 24 2019 06:35:38 GMT+0200 (CEST);1571898938000;0.07;13.62;10.66
1380556831572750;13.4;22.3;Thu Oct 24 2019 08:37:39 GMT+0200 (CEST);Thu Oct 24 2019 06:37:39 GMT+0200 (CEST);1571899059000;0.07;13.46;10.69
1380556831572750;11.9;20.4;Thu Oct 24 2019 08:39:32 GMT+0200 (CEST);Thu Oct 24 2019 06:39:32 GMT+0200 (CEST);1571899172000;0.07;13.91;10.72
1380556831572750;13.4;20.3;Thu Oct 24 2019 08:41:29 GMT+0200 (CEST);Thu Oct 24 2019 06:41:29 GMT+0200 (CEST);1571899289000;0.08;14.71;10.74
1380556831572750;11.9;20.6;Thu Oct 24 2019 08:43:21 GMT+0200 (CEST);Thu Oct 24 2019 06:43:21 GMT+0200 (CEST);1571899401000;0.07;13.42;10.74
1380556831572750;11.9;21;Thu Oct 24 2019 08:45:14 GMT+0200 (CEST);Thu Oct 24 2019 06:45:14 GMT+0200 (CEST);1571899514000;0.07;13.58;10.75
1380556831572750;13.4;23.2;Thu Oct 24 2019 08:47:15 GMT+0200 (CEST);Thu Oct 24 2019 06:47:15 GMT+0200 (CEST);1571899635000;0.07;14.14;10.78
1380556831572750;13.4;25.6;Thu Oct 24 2019 08:49:18 GMT+0200 (CEST);Thu Oct 24 2019 06:49:18 GMT+0200 (CEST);1571899758000;0.08;15.42;10.79
1380556831572750;13.9;26.5;Thu Oct 24 2019 08:51:22 GMT+0200 (CEST);Thu Oct 24 2019 06:51:22 GMT+0200 (CEST);1571899882000;0.09;17.82;10.8
1380556831572750;13.9;26.6;Thu Oct 24 2019 08:53:15 GMT+0200 (CEST);Thu Oct 24 2019 06:53:15 GMT+0200 (CEST);1571899995000;0.09;18.07;10.81
1380556831572750;13.9;26.1;Thu Oct 24 2019 08:55:08 GMT+0200 (CEST);Thu Oct 24 2019 06:55:08 GMT+0200 (CEST);1571900108000;0.08;16.02;10.84
1380556831572750;13.9;26.1;Thu Oct 24 2019 08:57:04 GMT+0200 (CEST);Thu Oct 24 2019 06:57:04 GMT+0200 (CEST);1571900224000;0.09;19.21;10.88
1380556831572750;13.9;26.1;Thu Oct 24 2019 08:58:58 GMT+0200 (CEST);Thu Oct 24 2019 06:58:58 GMT+0200 (CEST);1571900338000;0.1;19.92;10.89
1380556831572750;13.9;26.1;Thu Oct 24 2019 09:00:54 GMT+0200 (CEST);Thu Oct 24 2019 07:00:54 GMT+0200 (CEST);1571900454000;0.12;24.97;10.91
1380556831572750;15.4;26.3;Thu Oct 24 2019 09:02:48 GMT+0200 (CEST);Thu Oct 24 2019 07:02:48 GMT+0200 (CEST);1571900568000;0.13;25.79;10.92
1380556831572750;13.9;26.2;Thu Oct 24 2019 09:04:49 GMT+0200 (CEST);Thu Oct 24 2019 07:04:49 GMT+0200 (CEST);1571900689000;0.11;22.07;10.95
1380556831572750;13.9;26.1;Thu Oct 24 2019 09:06:50 GMT+0200 (CEST);Thu Oct 24 2019 07:06:50 GMT+0200 (CEST);1571900810000;0.11;22.7;10.97
1380556831572750;13.9;26.1;Thu Oct 24 2019 09:08:47 GMT+0200 (CEST);Thu Oct 24 2019 07:08:47 GMT+0200 (CEST);1571900927000;0.12;23.75;11
1380556831572750;13.9;26.1;Thu Oct 24 2019 09:10:43 GMT+0200 (CEST);Thu Oct 24 2019 07:10:43 GMT+0200 (CEST);1571901043000;0.14;28.32;11.02
1380556831572750;15.4;29.5;Thu Oct 24 2019 09:12:41 GMT+0200 (CEST);Thu Oct 24 2019 07:12:41 GMT+0200 (CEST);1571901161000;0.16;32.72;11.06
1380556831572750;15.4;31.9;Thu Oct 24 2019 09:14:34 GMT+0200 (CEST);Thu Oct 24 2019 07:14:34 GMT+0200 (CEST);1571901274000;0.17;34.06;11.1
1380556831572750;15.4;31.2;Thu Oct 24 2019 09:16:32 GMT+0200 (CEST);Thu Oct 24 2019 07:16:32 GMT+0200 (CEST);1571901392000;0.15;31.81;11.14
1380556831572750;16.9;31.1;Thu Oct 24 2019 09:18:26 GMT+0200 (CEST);Thu Oct 24 2019 07:18:26 GMT+0200 (CEST);1571901506000;0.16;32.95;11.2
1380556831572750;16.9;31.2;Thu Oct 24 2019 09:20:37 GMT+0200 (CEST);Thu Oct 24 2019 07:20:37 GMT+0200 (CEST);1571901637000;0.16;32.5;11.21
1380556831572750;16.9;31.1;Thu Oct 24 2019 09:22:39 GMT+0200 (CEST);Thu Oct 24 2019 07:22:39 GMT+0200 (CEST);1571901759000;0.15;32.72;11.19
1380556831572750;16.9;31.5;Thu Oct 24 2019 09:24:31 GMT+0200 (CEST);Thu Oct 24 2019 07:24:31 GMT+0200 (CEST);1571901871000;0.16;34.79;11.23
1380556831572750;16.9;31.5;Thu Oct 24 2019 09:26:24 GMT+0200 (CEST);Thu Oct 24 2019 07:26:24 GMT+0200 (CEST);1571901984000;0.17;36.36;11.27
1380556831572750;16.9;32;Thu Oct 24 2019 09:28:31 GMT+0200 (CEST);Thu Oct 24 2019 07:28:31 GMT+0200 (CEST);1571902111000;0.18;37.82;11.32
1380556831572750;16.9;31.9;Thu Oct 24 2019 09:30:24 GMT+0200 (CEST);Thu Oct 24 2019 07:30:24 GMT+0200 (CEST);1571902224000;0.18;38.46;11.35
1380556831572750;16.9;32.4;Thu Oct 24 2019 09:32:24 GMT+0200 (CEST);Thu Oct 24 2019 07:32:24 GMT+0200 (CEST);1571902344000;0.19;40.57;11.38
1380556831572750;16.9;32.1;Thu Oct 24 2019 09:34:18 GMT+0200 (CEST);Thu Oct 24 2019 07:34:18 GMT+0200 (CEST);1571902458000;0.18;38.25;11.4
1380556831572750;16.9;31.5;Thu Oct 24 2019 09:36:16 GMT+0200 (CEST);Thu Oct 24 2019 07:36:16 GMT+0200 (CEST);1571902576000;0.18;38;11.41
1380556831572750;16.9;31.7;Thu Oct 24 2019 09:38:20 GMT+0200 (CEST);Thu Oct 24 2019 07:38:20 GMT+0200 (CEST);1571902700000;0.2;41.19;11.42
1380556831572750;16.9;32.7;Thu Oct 24 2019 09:40:14 GMT+0200 (CEST);Thu Oct 24 2019 07:40:14 GMT+0200 (CEST);1571902814000;0.2;42.02;11.41
1380556831572750;16.9;32.6;Thu Oct 24 2019 09:42:07 GMT+0200 (CEST);Thu Oct 24 2019 07:42:07 GMT+0200 (CEST);1571902927000;0.2;44.85;11.45
1380556831572750;16.9;33.4;Thu Oct 24 2019 09:43:59 GMT+0200 (CEST);Thu Oct 24 2019 07:43:59 GMT+0200 (CEST);1571903039000;0.23;50.72;11.48
1380556831572750;19.4;33;Thu Oct 24 2019 09:45:52 GMT+0200 (CEST);Thu Oct 24 2019 07:45:52 GMT+0200 (CEST);1571903152000;0.21;45.33;11.53
1380556831572750;19.4;32.9;Thu Oct 24 2019 09:47:50 GMT+0200 (CEST);Thu Oct 24 2019 07:47:50 GMT+0200 (CEST);1571903270000;0.21;44.91;11.57
1380556831572750;17.9;33;Thu Oct 24 2019 09:49:42 GMT+0200 (CEST);Thu Oct 24 2019 07:49:42 GMT+0200 (CEST);1571903382000;0.21;44.86;11.61
1380556831572750;17.9;32.8;Thu Oct 24 2019 09:51:35 GMT+0200 (CEST);Thu Oct 24 2019 07:51:35 GMT+0200 (CEST);1571903495000;0.21;43.42;11.57
1380556831572750;17.9;32.8;Thu Oct 24 2019 09:53:28 GMT+0200 (CEST);Thu Oct 24 2019 07:53:28 GMT+0200 (CEST);1571903608000;0.21;44.27;11.56
1380556831572750;19.4;32.9;Thu Oct 24 2019 09:55:22 GMT+0200 (CEST);Thu Oct 24 2019 07:55:22 GMT+0200 (CEST);1571903722000;0.22;48.65;11.6
1380556831572750;19.4;33.2;Thu Oct 24 2019 09:57:26 GMT+0200 (CEST);Thu Oct 24 2019 07:57:26 GMT+0200 (CEST);1571903846000;0.24;49.89;11.63
1380556831572750;19.4;32.8;Thu Oct 24 2019 09:59:22 GMT+0200 (CEST);Thu Oct 24 2019 07:59:22 GMT+0200 (CEST);1571903962000;0.22;45.7;11.68
1380556831572750;19.4;32.6;Thu Oct 24 2019 10:01:15 GMT+0200 (CEST);Thu Oct 24 2019 08:01:15 GMT+0200 (CEST);1571904075000;0.21;44.2;11.73
1380556831572750;19.4;33.1;Thu Oct 24 2019 10:03:09 GMT+0200 (CEST);Thu Oct 24 2019 08:03:09 GMT+0200 (CEST);1571904189000;0.23;50.9;11.73
1380556831572750;19.4;32.9;Thu Oct 24 2019 10:05:04 GMT+0200 (CEST);Thu Oct 24 2019 08:05:04 GMT+0200 (CEST);1571904304000;0.26;54.47;11.75
1380556831572750;19.4;32.5;Thu Oct 24 2019 10:07:09 GMT+0200 (CEST);Thu Oct 24 2019 08:07:09 GMT+0200 (CEST);1571904429000;0.25;52.33;11.77
1380556831572750;19.4;32.4;Thu Oct 24 2019 10:09:02 GMT+0200 (CEST);Thu Oct 24 2019 08:09:02 GMT+0200 (CEST);1571904542000;0.22;47.03;11.78
1380556831572750;19.4;32.1;Thu Oct 24 2019 10:10:57 GMT+0200 (CEST);Thu Oct 24 2019 08:10:57 GMT+0200 (CEST);1571904657000;0.21;43.42;11.82
1380556831572750;19.4;31.7;Thu Oct 24 2019 10:12:50 GMT+0200 (CEST);Thu Oct 24 2019 08:12:50 GMT+0200 (CEST);1571904770000;0.19;39.53;11.81
1380556831572750;19.4;31.8;Thu Oct 24 2019 10:14:47 GMT+0200 (CEST);Thu Oct 24 2019 08:14:47 GMT+0200 (CEST);1571904887000;0.2;41.25;11.79
1380556831572750;19.4;31.7;Thu Oct 24 2019 10:16:40 GMT+0200 (CEST);Thu Oct 24 2019 08:16:40 GMT+0200 (CEST);1571905000000;0.2;40.65;11.73
1380556831572750;19.4;31.9;Thu Oct 24 2019 10:18:50 GMT+0200 (CEST);Thu Oct 24 2019 08:18:50 GMT+0200 (CEST);1571905130000;0.23;47.74;11.69
1380556831572750;19.4;32.3;Thu Oct 24 2019 10:20:51 GMT+0200 (CEST);Thu Oct 24 2019 08:20:51 GMT+0200 (CEST);1571905251000;0.22;46.32;11.69
1380556831572750;18.9;32.2;Thu Oct 24 2019 10:22:58 GMT+0200 (CEST);Thu Oct 24 2019 08:22:58 GMT+0200 (CEST);1571905378000;0.21;44.29;11.7
1380556831572750;18.9;32.1;Thu Oct 24 2019 10:24:52 GMT+0200 (CEST);Thu Oct 24 2019 08:24:52 GMT+0200 (CEST);1571905492000;0.23;47.52;11.65
1380556831572750;18.9;32.5;Thu Oct 24 2019 10:26:51 GMT+0200 (CEST);Thu Oct 24 2019 08:26:51 GMT+0200 (CEST);1571905611000;0.25;51.71;11.64
1380556831572750;19.4;32.5;Thu Oct 24 2019 10:28:46 GMT+0200 (CEST);Thu Oct 24 2019 08:28:46 GMT+0200 (CEST);1571905726000;0.25;51.72;11.63
1380556831572750;19.4;32.6;Thu Oct 24 2019 10:30:38 GMT+0200 (CEST);Thu Oct 24 2019 08:30:38 GMT+0200 (CEST);1571905838000;0.28;56.17;11.64
1380556831572750;19.4;33;Thu Oct 24 2019 10:32:40 GMT+0200 (CEST);Thu Oct 24 2019 08:32:40 GMT+0200 (CEST);1571905960000;0.33;68.12;11.67
1380556831572750;19.4;32.9;Thu Oct 24 2019 10:34:33 GMT+0200 (CEST);Thu Oct 24 2019 08:34:33 GMT+0200 (CEST);1571906073000;0.34;72.16;11.71
1380556831572750;19.4;32.9;Thu Oct 24 2019 10:36:41 GMT+0200 (CEST);Thu Oct 24 2019 08:36:41 GMT+0200 (CEST);1571906201000;0.32;65.96;11.77
1380556831572750;19.9;32.7;Thu Oct 24 2019 10:38:41 GMT+0200 (CEST);Thu Oct 24 2019 08:38:41 GMT+0200 (CEST);1571906321000;0.32;65.03;11.73
1380556831572750;19.9;32.7;Thu Oct 24 2019 10:40:34 GMT+0200 (CEST);Thu Oct 24 2019 08:40:34 GMT+0200 (CEST);1571906434000;0.32;64.83;11.75
1380556831572750;19.4;32.7;Thu Oct 24 2019 10:42:31 GMT+0200 (CEST);Thu Oct 24 2019 08:42:31 GMT+0200 (CEST);1571906551000;0.33;67.02;11.78
1380556831572750;19.4;32.9;Thu Oct 24 2019 10:44:24 GMT+0200 (CEST);Thu Oct 24 2019 08:44:24 GMT+0200 (CEST);1571906664000;0.33;67.08;11.78
1380556831572750;19.9;32.6;Thu Oct 24 2019 10:46:29 GMT+0200 (CEST);Thu Oct 24 2019 08:46:29 GMT+0200 (CEST);1571906789000;0.3;60.92;11.81
1380556831572750;19.9;32.4;Thu Oct 24 2019 10:48:23 GMT+0200 (CEST);Thu Oct 24 2019 08:48:23 GMT+0200 (CEST);1571906903000;0.32;65.32;11.78
1380556831572750;19.9;33;Thu Oct 24 2019 10:50:15 GMT+0200 (CEST);Thu Oct 24 2019 08:50:15 GMT+0200 (CEST);1571907015000;0.33;67.28;11.77
1380556831572750;19.9;32.7;Thu Oct 24 2019 10:52:08 GMT+0200 (CEST);Thu Oct 24 2019 08:52:08 GMT+0200 (CEST);1571907128000;0.3;60.9;11.8
1380556831572750;19.9;32.5;Thu Oct 24 2019 10:54:20 GMT+0200 (CEST);Thu Oct 24 2019 08:54:20 GMT+0200 (CEST);1571907260000;0.27;54.94;11.78
1380556831572750;19.9;32.7;Thu Oct 24 2019 10:56:13 GMT+0200 (CEST);Thu Oct 24 2019 08:56:13 GMT+0200 (CEST);1571907373000;0.28;55.33;11.72
1380556831572750;19.9;32.8;Thu Oct 24 2019 10:58:06 GMT+0200 (CEST);Thu Oct 24 2019 08:58:06 GMT+0200 (CEST);1571907486000;0.28;55.68;11.71
1380556831572750;19.9;32.8;Thu Oct 24 2019 10:59:59 GMT+0200 (CEST);Thu Oct 24 2019 08:59:59 GMT+0200 (CEST);1571907599000;0.31;61.84;11.73
1380556831572750;19.9;32.6;Thu Oct 24 2019 11:01:57 GMT+0200 (CEST);Thu Oct 24 2019 09:01:57 GMT+0200 (CEST);1571907717000;0.32;63.89;11.78
1380556831572750;19.9;32.7;Thu Oct 24 2019 11:03:51 GMT+0200 (CEST);Thu Oct 24 2019 09:03:51 GMT+0200 (CEST);1571907831000;0.33;66.34;11.83
1380556831572750;19.9;32.7;Thu Oct 24 2019 11:05:43 GMT+0200 (CEST);Thu Oct 24 2019 09:05:43 GMT+0200 (CEST);1571907943000;0.32;64.65;11.89
1380556831572750;19.9;32.7;Thu Oct 24 2019 11:07:41 GMT+0200 (CEST);Thu Oct 24 2019 09:07:41 GMT+0200 (CEST);1571908061000;0.34;68.36;11.9
1380556831572750;19.9;33.1;Thu Oct 24 2019 11:09:37 GMT+0200 (CEST);Thu Oct 24 2019 09:09:37 GMT+0200 (CEST);1571908177000;0.34;68.12;11.96
1380556831572750;19.9;32.8;Thu Oct 24 2019 11:11:31 GMT+0200 (CEST);Thu Oct 24 2019 09:11:31 GMT+0200 (CEST);1571908291000;0.32;63.7;11.99
1380556831572750;19.9;32.7;Thu Oct 24 2019 11:13:24 GMT+0200 (CEST);Thu Oct 24 2019 09:13:24 GMT+0200 (CEST);1571908404000;0.33;65.34;12.03
1380556831572750;19.9;32.7;Thu Oct 24 2019 11:15:17 GMT+0200 (CEST);Thu Oct 24 2019 09:15:17 GMT+0200 (CEST);1571908517000;0.32;62.95;12.04
1380556831572750;19.9;32.8;Thu Oct 24 2019 11:17:26 GMT+0200 (CEST);Thu Oct 24 2019 09:17:26 GMT+0200 (CEST);1571908646000;0.31;61.68;12.06
1380556831572750;19.9;32.4;Thu Oct 24 2019 11:19:19 GMT+0200 (CEST);Thu Oct 24 2019 09:19:19 GMT+0200 (CEST);1571908759000;0.3;59.67;12.11
1380556831572750;19.9;32.4;Thu Oct 24 2019 11:21:12 GMT+0200 (CEST);Thu Oct 24 2019 09:21:12 GMT+0200 (CEST);1571908872000;0.31;61.21;12.14
1380556831572750;19.9;32.7;Thu Oct 24 2019 11:23:09 GMT+0200 (CEST);Thu Oct 24 2019 09:23:09 GMT+0200 (CEST);1571908989000;0.3;60.68;12.18
1380556831572750;21.5;32.7;Thu Oct 24 2019 11:25:15 GMT+0200 (CEST);Thu Oct 24 2019 09:25:15 GMT+0200 (CEST);1571909115000;0.3;60.33;12.21
1380556831572750;21.5;32.8;Thu Oct 24 2019 11:27:08 GMT+0200 (CEST);Thu Oct 24 2019 09:27:08 GMT+0200 (CEST);1571909228000;0.3;58.7;12.24
1380556831572750;21.5;32.7;Thu Oct 24 2019 11:29:03 GMT+0200 (CEST);Thu Oct 24 2019 09:29:03 GMT+0200 (CEST);1571909343000;0.3;60.85;12.23
1380556831572750;21.5;32.4;Thu Oct 24 2019 11:30:58 GMT+0200 (CEST);Thu Oct 24 2019 09:30:58 GMT+0200 (CEST);1571909458000;0.3;61.8;12.26
1380556831572750;19.9;32.5;Thu Oct 24 2019 11:33:00 GMT+0200 (CEST);Thu Oct 24 2019 09:33:00 GMT+0200 (CEST);1571909580000;0.31;62.78;12.31
1380556831572750;19.9;32.6;Thu Oct 24 2019 11:34:53 GMT+0200 (CEST);Thu Oct 24 2019 09:34:53 GMT+0200 (CEST);1571909693000;0.32;64.46;12.34
1380556831572750;19.9;32.6;Thu Oct 24 2019 11:36:47 GMT+0200 (CEST);Thu Oct 24 2019 09:36:47 GMT+0200 (CEST);1571909807000;0.33;63.88;12.4
1380556831572750;21.5;32.6;Thu Oct 24 2019 11:38:40 GMT+0200 (CEST);Thu Oct 24 2019 09:38:40 GMT+0200 (CEST);1571909920000;0.31;61.39;12.39
1380556831572750;21.5;32.7;Thu Oct 24 2019 11:40:34 GMT+0200 (CEST);Thu Oct 24 2019 09:40:34 GMT+0200 (CEST);1571910034000;0.35;66.19;12.4
1380556831572750;21.5;32.9;Thu Oct 24 2019 11:42:27 GMT+0200 (CEST);Thu Oct 24 2019 09:42:27 GMT+0200 (CEST);1571910147000;0.41;79.07;12.5
1380556831572750;21.5;33.1;Thu Oct 24 2019 11:44:20 GMT+0200 (CEST);Thu Oct 24 2019 09:44:20 GMT+0200 (CEST);1571910260000;0.37;70.31;12.53
1380556831572750;21.5;32.7;Thu Oct 24 2019 11:46:28 GMT+0200 (CEST);Thu Oct 24 2019 09:46:28 GMT+0200 (CEST);1571910388000;0.33;66;12.51
1380556831572750;21.5;32.8;Thu Oct 24 2019 11:48:21 GMT+0200 (CEST);Thu Oct 24 2019 09:48:21 GMT+0200 (CEST);1571910501000;0.36;70.83;12.43
1380556831572750;21.5;32.7;Thu Oct 24 2019 11:50:20 GMT+0200 (CEST);Thu Oct 24 2019 09:50:20 GMT+0200 (CEST);1571910620000;0.36;71.65;12.42
1380556831572750;21.5;33.1;Thu Oct 24 2019 11:52:13 GMT+0200 (CEST);Thu Oct 24 2019 09:52:13 GMT+0200 (CEST);1571910733000;0.36;70.86;12.46
1380556831572750;21.5;32.6;Thu Oct 24 2019 11:54:07 GMT+0200 (CEST);Thu Oct 24 2019 09:54:07 GMT+0200 (CEST);1571910847000;0.31;63.01;12.49
1380556831572750;21.5;32.7;Thu Oct 24 2019 11:56:01 GMT+0200 (CEST);Thu Oct 24 2019 09:56:01 GMT+0200 (CEST);1571910961000;0.34;65.03;12.52
1380556831572750;22;33.2;Thu Oct 24 2019 11:57:55 GMT+0200 (CEST);Thu Oct 24 2019 09:57:55 GMT+0200 (CEST);1571911075000;0.38;73.85;12.54
1380556831572750;22;32.6;Thu Oct 24 2019 11:59:48 GMT+0200 (CEST);Thu Oct 24 2019 09:59:48 GMT+0200 (CEST);1571911188000;0.22;42.12;12.6
1380556831572750;21.5;31.6;Thu Oct 24 2019 12:01:42 GMT+0200 (CEST);Thu Oct 24 2019 10:01:42 GMT+0200 (CEST);1571911302000;0.27;51.11;12.57
1380556831572750;21.5;31.5;Thu Oct 24 2019 12:04:09 GMT+0200 (CEST);Thu Oct 24 2019 10:04:09 GMT+0200 (CEST);1571911449000;0.18;36.86;12.61
1380556831572750;21.5;31.5;Thu Oct 24 2019 12:06:07 GMT+0200 (CEST);Thu Oct 24 2019 10:06:07 GMT+0200 (CEST);1571911567000;0.25;52.89;12.62
1380556831572750;21.5;32.4;Thu Oct 24 2019 12:08:16 GMT+0200 (CEST);Thu Oct 24 2019 10:08:16 GMT+0200 (CEST);1571911696000;0.34;69.01;12.65
1380556831572750;21.5;33.3;Thu Oct 24 2019 12:10:09 GMT+0200 (CEST);Thu Oct 24 2019 10:10:09 GMT+0200 (CEST);1571911809000;0.46;92.99;12.69
1380556831572750;21.5;34.3;Thu Oct 24 2019 12:12:02 GMT+0200 (CEST);Thu Oct 24 2019 10:12:02 GMT+0200 (CEST);1571911922000;0.7;137.86;12.75
1380556831572750;21.5;34.7;Thu Oct 24 2019 12:13:55 GMT+0200 (CEST);Thu Oct 24 2019 10:13:55 GMT+0200 (CEST);1571912035000;0.94;185.31;12.94
1380556831572750;22;34.7;Thu Oct 24 2019 12:15:48 GMT+0200 (CEST);Thu Oct 24 2019 10:15:48 GMT+0200 (CEST);1571912148000;0.92;177.15;13.14
1380556831572750;22;34.8;Thu Oct 24 2019 12:17:49 GMT+0200 (CEST);Thu Oct 24 2019 10:17:49 GMT+0200 (CEST);1571912269000;1.01;200.13;13.4
1380556831572750;22;34.7;Thu Oct 24 2019 12:19:46 GMT+0200 (CEST);Thu Oct 24 2019 10:19:46 GMT+0200 (CEST);1571912386000;0.9;179.34;13.6
1380556831572750;23.5;34.3;Thu Oct 24 2019 12:21:40 GMT+0200 (CEST);Thu Oct 24 2019 10:21:40 GMT+0200 (CEST);1571912500000;0.74;144.77;13.81
1380556831572750;23.5;34;Thu Oct 24 2019 12:23:33 GMT+0200 (CEST);Thu Oct 24 2019 10:23:33 GMT+0200 (CEST);1571912613000;0.62;123.1;13.86
1380556831572750;23.5;33.7;Thu Oct 24 2019 12:25:27 GMT+0200 (CEST);Thu Oct 24 2019 10:25:27 GMT+0200 (CEST);1571912727000;0.57;112.09;13.92
1380556831572750;23.5;33.4;Thu Oct 24 2019 12:27:20 GMT+0200 (CEST);Thu Oct 24 2019 10:27:20 GMT+0200 (CEST);1571912840000;0.45;85.28;13.89
1380556831572750;23.5;33.5;Thu Oct 24 2019 12:29:12 GMT+0200 (CEST);Thu Oct 24 2019 10:29:12 GMT+0200 (CEST);1571912952000;0.7;135.13;13.89
1380556831572750;23.5;33.9;Thu Oct 24 2019 12:31:06 GMT+0200 (CEST);Thu Oct 24 2019 10:31:06 GMT+0200 (CEST);1571913066000;0.67;130.52;13.96
1380556831572750;23.5;34.4;Thu Oct 24 2019 12:32:59 GMT+0200 (CEST);Thu Oct 24 2019 10:32:59 GMT+0200 (CEST);1571913179000;0.87;172.17;14.01
1380556831572750;24;34.3;Thu Oct 24 2019 12:35:02 GMT+0200 (CEST);Thu Oct 24 2019 10:35:02 GMT+0200 (CEST);1571913302000;0.8;163.11;14.16
1380556831572750;24;34.3;Thu Oct 24 2019 12:37:10 GMT+0200 (CEST);Thu Oct 24 2019 10:37:10 GMT+0200 (CEST);1571913430000;0.95;186.45;14.29
1380556831572750;24;34.4;Thu Oct 24 2019 12:39:03 GMT+0200 (CEST);Thu Oct 24 2019 10:39:03 GMT+0200 (CEST);1571913543000;0.81;163.26;14.46
1380556831572750;24;34;Thu Oct 24 2019 12:40:56 GMT+0200 (CEST);Thu Oct 24 2019 10:40:56 GMT+0200 (CEST);1571913656000;0.69;136.27;14.6
1380556831572750;24;32.9;Thu Oct 24 2019 12:42:49 GMT+0200 (CEST);Thu Oct 24 2019 10:42:49 GMT+0200 (CEST);1571913769000;0.55;106.24;14.64
1380556831572750;24;33.8;Thu Oct 24 2019 12:44:42 GMT+0200 (CEST);Thu Oct 24 2019 10:44:42 GMT+0200 (CEST);1571913882000;0.6;123.76;14.66
1380556831572750;24;33.8;Thu Oct 24 2019 12:46:35 GMT+0200 (CEST);Thu Oct 24 2019 10:46:35 GMT+0200 (CEST);1571913995000;0.73;141.76;14.67
1380556831572750;24;34.1;Thu Oct 24 2019 12:48:28 GMT+0200 (CEST);Thu Oct 24 2019 10:48:28 GMT+0200 (CEST);1571914108000;0.79;157.88;14.72
1380556831572750;24;33.2;Thu Oct 24 2019 12:50:52 GMT+0200 (CEST);Thu Oct 24 2019 10:50:52 GMT+0200 (CEST);1571914252000;0.36;72.46;14.82
1380556831572750;24;33;Thu Oct 24 2019 12:52:47 GMT+0200 (CEST);Thu Oct 24 2019 10:52:47 GMT+0200 (CEST);1571914367000;0.58;117.93;14.82
1380556831572750;24;33;Thu Oct 24 2019 12:54:46 GMT+0200 (CEST);Thu Oct 24 2019 10:54:46 GMT+0200 (CEST);1571914486000;0.46;91.52;14.87
1380556831572750;24;33.1;Thu Oct 24 2019 12:56:39 GMT+0200 (CEST);Thu Oct 24 2019 10:56:39 GMT+0200 (CEST);1571914599000;0.44;84.5;14.82
1380556831572750;24;32.8;Thu Oct 24 2019 12:58:33 GMT+0200 (CEST);Thu Oct 24 2019 10:58:33 GMT+0200 (CEST);1571914713000;0.34;64.33;14.74
1380556831572750;24;32.3;Thu Oct 24 2019 13:00:27 GMT+0200 (CEST);Thu Oct 24 2019 11:00:27 GMT+0200 (CEST);1571914827000;0.4;77.68;14.67
1380556831572750;24;32.7;Thu Oct 24 2019 13:02:20 GMT+0200 (CEST);Thu Oct 24 2019 11:02:20 GMT+0200 (CEST);1571914940000;0.38;75.87;14.64
1380556831572750;24;33.2;Thu Oct 24 2019 13:04:13 GMT+0200 (CEST);Thu Oct 24 2019 11:04:13 GMT+0200 (CEST);1571915053000;0.47;90.34;14.64
1380556831572750;24;32.6;Thu Oct 24 2019 13:06:27 GMT+0200 (CEST);Thu Oct 24 2019 11:06:27 GMT+0200 (CEST);1571915187000;0.31;61.16;14.62
1380556831572750;24;32.1;Thu Oct 24 2019 13:08:27 GMT+0200 (CEST);Thu Oct 24 2019 11:08:27 GMT+0200 (CEST);1571915307000;0.32;63.24;14.57
1380556831572750;24;32.6;Thu Oct 24 2019 13:10:20 GMT+0200 (CEST);Thu Oct 24 2019 11:10:20 GMT+0200 (CEST);1571915420000;0.41;84.83;14.57
1380556831572750;23.5;33.3;Thu Oct 24 2019 13:12:13 GMT+0200 (CEST);Thu Oct 24 2019 11:12:13 GMT+0200 (CEST);1571915533000;0.43;85.36;14.62
1380556831572750;23.5;32.5;Thu Oct 24 2019 13:14:09 GMT+0200 (CEST);Thu Oct 24 2019 11:14:09 GMT+0200 (CEST);1571915649000;0.33;66.27;14.7
1380556831572750;23.5;32.2;Thu Oct 24 2019 13:16:04 GMT+0200 (CEST);Thu Oct 24 2019 11:16:04 GMT+0200 (CEST);1571915764000;0.32;63.71;14.63
1380556831572750;23.5;32.4;Thu Oct 24 2019 13:17:57 GMT+0200 (CEST);Thu Oct 24 2019 11:17:57 GMT+0200 (CEST);1571915877000;0.37;73.85;14.61
1380556831572750;23.5;33;Thu Oct 24 2019 13:19:59 GMT+0200 (CEST);Thu Oct 24 2019 11:19:59 GMT+0200 (CEST);1571915999000;0.38;74.39;14.64
1380556831572750;23.5;32.8;Thu Oct 24 2019 13:22:38 GMT+0200 (CEST);Thu Oct 24 2019 11:22:38 GMT+0200 (CEST);1571916158000;0.34;65.23;14.71
1380556831572750;23.5;32.3;Thu Oct 24 2019 13:24:31 GMT+0200 (CEST);Thu Oct 24 2019 11:24:31 GMT+0200 (CEST);1571916271000;0.32;61.8;14.65
1380556831572750;23.5;32.1;Thu Oct 24 2019 13:27:00 GMT+0200 (CEST);Thu Oct 24 2019 11:27:00 GMT+0200 (CEST);1571916420000;0.28;52.64;14.61
1380556831572750;23.5;31.9;Thu Oct 24 2019 13:28:58 GMT+0200 (CEST);Thu Oct 24 2019 11:28:58 GMT+0200 (CEST);1571916538000;0.26;51.02;14.58
1380556831572750;23.5;32.3;Thu Oct 24 2019 13:30:52 GMT+0200 (CEST);Thu Oct 24 2019 11:30:52 GMT+0200 (CEST);1571916652000;0.34;67.81;14.59
1380556831572750;23.5;32.4;Thu Oct 24 2019 13:32:53 GMT+0200 (CEST);Thu Oct 24 2019 11:32:53 GMT+0200 (CEST);1571916773000;0.32;61.62;14.67
1380556831572750;23.5;32.7;Thu Oct 24 2019 13:34:45 GMT+0200 (CEST);Thu Oct 24 2019 11:34:45 GMT+0200 (CEST);1571916885000;0.38;73.09;14.71
1380556831572750;23.5;33;Thu Oct 24 2019 13:36:50 GMT+0200 (CEST);Thu Oct 24 2019 11:36:50 GMT+0200 (CEST);1571917010000;0.44;82.24;14.73
1380556831572750;23.5;33;Thu Oct 24 2019 13:38:47 GMT+0200 (CEST);Thu Oct 24 2019 11:38:47 GMT+0200 (CEST);1571917127000;0.4;74.8;14.79
1380556831572750;23.5;32.9;Thu Oct 24 2019 13:40:42 GMT+0200 (CEST);Thu Oct 24 2019 11:40:42 GMT+0200 (CEST);1571917242000;0.42;79.27;14.87
1380556831572750;23.5;32.8;Thu Oct 24 2019 13:42:35 GMT+0200 (CEST);Thu Oct 24 2019 11:42:35 GMT+0200 (CEST);1571917355000;0.46;88.68;14.95
1380556831572750;23.5;33.6;Thu Oct 24 2019 13:44:28 GMT+0200 (CEST);Thu Oct 24 2019 11:44:28 GMT+0200 (CEST);1571917468000;0.55;108.1;15.04
1380556831572750;23.5;33.6;Thu Oct 24 2019 13:46:21 GMT+0200 (CEST);Thu Oct 24 2019 11:46:21 GMT+0200 (CEST);1571917581000;0.54;105.59;15.1
1380556831572750;23.5;33.6;Thu Oct 24 2019 13:48:13 GMT+0200 (CEST);Thu Oct 24 2019 11:48:13 GMT+0200 (CEST);1571917693000;0.55;106.87;15.14
1380556831572750;24;33.4;Thu Oct 24 2019 13:50:08 GMT+0200 (CEST);Thu Oct 24 2019 11:50:08 GMT+0200 (CEST);1571917808000;0.49;97.11;15.2
1380556831572750;24;32.9;Thu Oct 24 2019 13:52:02 GMT+0200 (CEST);Thu Oct 24 2019 11:52:02 GMT+0200 (CEST);1571917922000;0.41;78.84;15.28
1380556831572750;24;32.7;Thu Oct 24 2019 13:54:03 GMT+0200 (CEST);Thu Oct 24 2019 11:54:03 GMT+0200 (CEST);1571918043000;0.38;72.94;15.32
1380556831572750;23.5;32.6;Thu Oct 24 2019 13:55:55 GMT+0200 (CEST);Thu Oct 24 2019 11:55:55 GMT+0200 (CEST);1571918155000;0.39;75.87;15.36
1380556831572750;23.5;33;Thu Oct 24 2019 13:58:07 GMT+0200 (CEST);Thu Oct 24 2019 11:58:07 GMT+0200 (CEST);1571918287000;0.4;79.88;15.39
1380556831572750;24;33;Thu Oct 24 2019 14:00:00 GMT+0200 (CEST);Thu Oct 24 2019 12:00:00 GMT+0200 (CEST);1571918400000;0.45;88.21;15.48
1380556831572750;24;33.2;Thu Oct 24 2019 14:01:58 GMT+0200 (CEST);Thu Oct 24 2019 12:01:58 GMT+0200 (CEST);1571918518000;0.48;95.48;15.57
1380556831572750;24;33.2;Thu Oct 24 2019 14:03:51 GMT+0200 (CEST);Thu Oct 24 2019 12:03:51 GMT+0200 (CEST);1571918631000;0.48;93.61;15.55
1380556831572750;24;33.3;Thu Oct 24 2019 14:05:54 GMT+0200 (CEST);Thu Oct 24 2019 12:05:54 GMT+0200 (CEST);1571918754000;0.48;97.28;15.56
1380556831572750;24;33.5;Thu Oct 24 2019 14:07:50 GMT+0200 (CEST);Thu Oct 24 2019 12:07:50 GMT+0200 (CEST);1571918870000;0.51;101.23;15.56
1380556831572750;24;33.3;Thu Oct 24 2019 14:09:43 GMT+0200 (CEST);Thu Oct 24 2019 12:09:43 GMT+0200 (CEST);1571918983000;0.49;99.44;15.53
1380556831572750;24;33.2;Thu Oct 24 2019 14:11:37 GMT+0200 (CEST);Thu Oct 24 2019 12:11:37 GMT+0200 (CEST);1571919097000;0.55;110.46;15.56
1380556831572750;24;33.8;Thu Oct 24 2019 14:13:29 GMT+0200 (CEST);Thu Oct 24 2019 12:13:29 GMT+0200 (CEST);1571919209000;0.63;131.06;15.59
1380556831572750;24;34;Thu Oct 24 2019 14:15:22 GMT+0200 (CEST);Thu Oct 24 2019 12:15:22 GMT+0200 (CEST);1571919322000;0.83;168.15;15.71
1380556831572750;24;33.6;Thu Oct 24 2019 14:17:16 GMT+0200 (CEST);Thu Oct 24 2019 12:17:16 GMT+0200 (CEST);1571919436000;0.63;126.77;15.92
1380556831572750;25.5;33.8;Thu Oct 24 2019 14:19:14 GMT+0200 (CEST);Thu Oct 24 2019 12:19:14 GMT+0200 (CEST);1571919554000;0.66;134.62;16.04
1380556831572750;25.5;33.7;Thu Oct 24 2019 14:21:08 GMT+0200 (CEST);Thu Oct 24 2019 12:21:08 GMT+0200 (CEST);1571919668000;0.64;124.6;16.25
1380556831572750;25.5;33.5;Thu Oct 24 2019 14:23:04 GMT+0200 (CEST);Thu Oct 24 2019 12:23:04 GMT+0200 (CEST);1571919784000;0.56;114.16;16.31
1380556831572750;25.5;33.5;Thu Oct 24 2019 14:24:58 GMT+0200 (CEST);Thu Oct 24 2019 12:24:58 GMT+0200 (CEST);1571919898000;0.59;118.27;16.35
1380556831572750;25.5;32.9;Thu Oct 24 2019 14:26:55 GMT+0200 (CEST);Thu Oct 24 2019 12:26:55 GMT+0200 (CEST);1571920015000;0.46;91.55;16.44
1380556831572750;25.5;32.9;Thu Oct 24 2019 14:28:48 GMT+0200 (CEST);Thu Oct 24 2019 12:28:48 GMT+0200 (CEST);1571920128000;0.51;101.91;16.47
1380556831572750;25.5;33.4;Thu Oct 24 2019 14:30:42 GMT+0200 (CEST);Thu Oct 24 2019 12:30:42 GMT+0200 (CEST);1571920242000;0.53;107.33;16.49
1380556831572750;25.5;33.2;Thu Oct 24 2019 14:32:37 GMT+0200 (CEST);Thu Oct 24 2019 12:32:37 GMT+0200 (CEST);1571920357000;0.49;99.43;16.48
1380556831572750;25.5;32.6;Thu Oct 24 2019 14:34:30 GMT+0200 (CEST);Thu Oct 24 2019 12:34:30 GMT+0200 (CEST);1571920470000;0.39;78.78;16.39
1380556831572750;25.5;31.7;Thu Oct 24 2019 14:36:27 GMT+0200 (CEST);Thu Oct 24 2019 12:36:27 GMT+0200 (CEST);1571920587000;0.26;54.17;16.28
1380556831572750;25;31.3;Thu Oct 24 2019 14:38:25 GMT+0200 (CEST);Thu Oct 24 2019 12:38:25 GMT+0200 (CEST);1571920705000;0.23;47.49;16.17
1380556831572750;25;31.7;Thu Oct 24 2019 14:40:32 GMT+0200 (CEST);Thu Oct 24 2019 12:40:32 GMT+0200 (CEST);1571920832000;0.27;52.34;16.09
1380556831572750;24;31.8;Thu Oct 24 2019 14:42:26 GMT+0200 (CEST);Thu Oct 24 2019 12:42:26 GMT+0200 (CEST);1571920946000;0.35;70.07;15.99
1380556831572750;24;32.6;Thu Oct 24 2019 14:44:09 GMT+0200 (CEST);Thu Oct 24 2019 12:44:09 GMT+0200 (CEST);1571921049000;0.38;75.34;15.82
1380556831572750;24;32.3;Thu Oct 24 2019 14:46:01 GMT+0200 (CEST);Thu Oct 24 2019 12:46:01 GMT+0200 (CEST);1571921161000;0.35;69.29;15.66
1380556831572750;24;32.5;Thu Oct 24 2019 14:47:55 GMT+0200 (CEST);Thu Oct 24 2019 12:47:55 GMT+0200 (CEST);1571921275000;0.38;75.62;15.59
1380556831572750;24;32.6;Thu Oct 24 2019 14:49:55 GMT+0200 (CEST);Thu Oct 24 2019 12:49:55 GMT+0200 (CEST);1571921395000;0.35;70.93;15.58
1380556831572750;24;32.5;Thu Oct 24 2019 14:51:48 GMT+0200 (CEST);Thu Oct 24 2019 12:51:48 GMT+0200 (CEST);1571921508000;0.36;70.06;15.56
1380556831572750;24;32.6;Thu Oct 24 2019 14:53:45 GMT+0200 (CEST);Thu Oct 24 2019 12:53:45 GMT+0200 (CEST);1571921625000;0.35;70.94;15.58
1380556831572750;24;32.4;Thu Oct 24 2019 14:55:39 GMT+0200 (CEST);Thu Oct 24 2019 12:55:39 GMT+0200 (CEST);1571921739000;0.36;71.82;15.59
1380556831572750;24;32.7;Thu Oct 24 2019 14:57:33 GMT+0200 (CEST);Thu Oct 24 2019 12:57:33 GMT+0200 (CEST);1571921853000;0.35;70.33;15.55
1380556831572750;24;32.7;Thu Oct 24 2019 14:59:28 GMT+0200 (CEST);Thu Oct 24 2019 12:59:28 GMT+0200 (CEST);1571921968000;0.36;71.04;15.59
1380556831572750;24;32.5;Thu Oct 24 2019 15:01:30 GMT+0200 (CEST);Thu Oct 24 2019 13:01:30 GMT+0200 (CEST);1571922090000;0.34;67.23;15.57
1380556831572750;24;32.3;Thu Oct 24 2019 15:03:27 GMT+0200 (CEST);Thu Oct 24 2019 13:03:27 GMT+0200 (CEST);1571922207000;0.3;59.8;15.6
1380556831572750;24;32;Thu Oct 24 2019 15:05:20 GMT+0200 (CEST);Thu Oct 24 2019 13:05:20 GMT+0200 (CEST);1571922320000;0.27;52.34;15.62
1380556831572750;23.5;31.8;Thu Oct 24 2019 15:07:13 GMT+0200 (CEST);Thu Oct 24 2019 13:07:13 GMT+0200 (CEST);1571922433000;0.25;49.48;15.47
1380556831572750;23.5;31.9;Thu Oct 24 2019 15:09:09 GMT+0200 (CEST);Thu Oct 24 2019 13:09:09 GMT+0200 (CEST);1571922549000;0.23;45.61;15.35
1380556831572750;23.5;32;Thu Oct 24 2019 15:11:04 GMT+0200 (CEST);Thu Oct 24 2019 13:11:04 GMT+0200 (CEST);1571922664000;0.23;45.47;15.32
1380556831572750;23.5;31.4;Thu Oct 24 2019 15:12:56 GMT+0200 (CEST);Thu Oct 24 2019 13:12:56 GMT+0200 (CEST);1571922776000;0.21;41.1;15.3
1380556831572750;23.5;31.9;Thu Oct 24 2019 15:14:58 GMT+0200 (CEST);Thu Oct 24 2019 13:14:58 GMT+0200 (CEST);1571922898000;0.21;40.5;15.26
1380556831572750;23.5;31.4;Thu Oct 24 2019 15:16:51 GMT+0200 (CEST);Thu Oct 24 2019 13:16:51 GMT+0200 (CEST);1571923011000;0.21;42.18;15.12
1380556831572750;23.5;31.6;Thu Oct 24 2019 15:19:01 GMT+0200 (CEST);Thu Oct 24 2019 13:19:01 GMT+0200 (CEST);1571923141000;0.2;40.63;15.02
1380556831572750;23.5;31.3;Thu Oct 24 2019 15:20:55 GMT+0200 (CEST);Thu Oct 24 2019 13:20:55 GMT+0200 (CEST);1571923255000;0.18;36.93;14.93
1380556831572750;23.5;31.3;Thu Oct 24 2019 15:22:50 GMT+0200 (CEST);Thu Oct 24 2019 13:22:50 GMT+0200 (CEST);1571923370000;0.16;33.15;14.85
1380556831572750;23.5;31.3;Thu Oct 24 2019 15:24:43 GMT+0200 (CEST);Thu Oct 24 2019 13:24:43 GMT+0200 (CEST);1571923483000;0.15;31.74;14.75
1380556831572750;22;31.2;Thu Oct 24 2019 15:26:37 GMT+0200 (CEST);Thu Oct 24 2019 13:26:37 GMT+0200 (CEST);1571923597000;0.19;38.83;14.75
1380556831572750;22;31.6;Thu Oct 24 2019 15:28:31 GMT+0200 (CEST);Thu Oct 24 2019 13:28:31 GMT+0200 (CEST);1571923711000;0.22;45.51;14.78
1380556831572750;22;32.1;Thu Oct 24 2019 15:30:24 GMT+0200 (CEST);Thu Oct 24 2019 13:30:24 GMT+0200 (CEST);1571923824000;0.31;64.55;14.79
1380556831572750;22;32.7;Thu Oct 24 2019 15:32:28 GMT+0200 (CEST);Thu Oct 24 2019 13:32:28 GMT+0200 (CEST);1571923948000;0.42;86.38;14.86
1380556831572750;22;33.3;Thu Oct 24 2019 15:34:27 GMT+0200 (CEST);Thu Oct 24 2019 13:34:27 GMT+0200 (CEST);1571924067000;0.48;99.76;14.97
1380556831572750;23.5;33.6;Thu Oct 24 2019 15:36:24 GMT+0200 (CEST);Thu Oct 24 2019 13:36:24 GMT+0200 (CEST);1571924184000;0.49;104.53;15.07
1380556831572750;23.5;33.6;Thu Oct 24 2019 15:38:16 GMT+0200 (CEST);Thu Oct 24 2019 13:38:16 GMT+0200 (CEST);1571924296000;0.57;118.72;15.14
1380556831572750;23.5;33.9;Thu Oct 24 2019 15:40:10 GMT+0200 (CEST);Thu Oct 24 2019 13:40:10 GMT+0200 (CEST);1571924410000;0.53;111.68;15.26
1380556831572750;23.5;33.5;Thu Oct 24 2019 15:42:03 GMT+0200 (CEST);Thu Oct 24 2019 13:42:03 GMT+0200 (CEST);1571924523000;0.72;148.4;15.36
1380556831572750;23.5;33.9;Thu Oct 24 2019 15:43:56 GMT+0200 (CEST);Thu Oct 24 2019 13:43:56 GMT+0200 (CEST);1571924636000;0.57;120.14;15.53
1380556831572750;24;33.8;Thu Oct 24 2019 15:45:50 GMT+0200 (CEST);Thu Oct 24 2019 13:45:50 GMT+0200 (CEST);1571924750000;0.62;134.83;15.66
1380556831572750;24;34;Thu Oct 24 2019 15:47:42 GMT+0200 (CEST);Thu Oct 24 2019 13:47:42 GMT+0200 (CEST);1571924862000;0.77;165.4;15.82
1380556831572750;24;34.3;Thu Oct 24 2019 15:49:48 GMT+0200 (CEST);Thu Oct 24 2019 13:49:48 GMT+0200 (CEST);1571924988000;0.83;180.43;16
1380556831572750;24;36.6;Thu Oct 24 2019 15:51:42 GMT+0200 (CEST);Thu Oct 24 2019 13:51:42 GMT+0200 (CEST);1571925102000;0.96;272.53;16.19
1380556831572750;27.5;38.6;Thu Oct 24 2019 15:53:37 GMT+0200 (CEST);Thu Oct 24 2019 13:53:37 GMT+0200 (CEST);1571925217000;1;424.95;16.53
1380556831572750;27.5;36.8;Thu Oct 24 2019 15:55:30 GMT+0200 (CEST);Thu Oct 24 2019 13:55:30 GMT+0200 (CEST);1571925330000;1.02;442.87;17.15
1380556831572750;27.5;39.3;Thu Oct 24 2019 15:57:22 GMT+0200 (CEST);Thu Oct 24 2019 13:57:22 GMT+0200 (CEST);1571925442000;0.89;302;17.94
1380556831572750;29.5;34.1;Thu Oct 24 2019 15:59:15 GMT+0200 (CEST);Thu Oct 24 2019 13:59:15 GMT+0200 (CEST);1571925555000;0.77;179.52;18.25
1380556831572750;29.5;34.7;Thu Oct 24 2019 16:01:08 GMT+0200 (CEST);Thu Oct 24 2019 14:01:08 GMT+0200 (CEST);1571925668000;0.66;148.21;18.28
1380556831572750;28;33.6;Thu Oct 24 2019 16:03:01 GMT+0200 (CEST);Thu Oct 24 2019 14:03:01 GMT+0200 (CEST);1571925781000;0.61;142.71;18.06
1380556831572750;28;34.2;Thu Oct 24 2019 16:05:16 GMT+0200 (CEST);Thu Oct 24 2019 14:05:16 GMT+0200 (CEST);1571925916000;0.8;337.91;17.84
1380556831572750;28;34.6;Thu Oct 24 2019 16:07:16 GMT+0200 (CEST);Thu Oct 24 2019 14:07:16 GMT+0200 (CEST);1571926036000;0.82;196.2;17.82
1380556831572750;28;34.4;Thu Oct 24 2019 16:09:25 GMT+0200 (CEST);Thu Oct 24 2019 14:09:25 GMT+0200 (CEST);1571926165000;0.73;175.73;17.77
1380556831572750;28;34.5;Thu Oct 24 2019 16:11:18 GMT+0200 (CEST);Thu Oct 24 2019 14:11:18 GMT+0200 (CEST);1571926278000;0.69;281.7;17.83
1380556831572750;28;35;Thu Oct 24 2019 16:13:11 GMT+0200 (CEST);Thu Oct 24 2019 14:13:11 GMT+0200 (CEST);1571926391000;0.68;266.65;17.97
1380556831572750;28;34.9;Thu Oct 24 2019 16:15:04 GMT+0200 (CEST);Thu Oct 24 2019 14:15:04 GMT+0200 (CEST);1571926504000;0.64;180.02;18.07
1380556831572750;27.5;34.8;Thu Oct 24 2019 16:16:57 GMT+0200 (CEST);Thu Oct 24 2019 14:16:57 GMT+0200 (CEST);1571926617000;0.67;240.97;17.93
1380556831572750;27.5;35;Thu Oct 24 2019 16:18:49 GMT+0200 (CEST);Thu Oct 24 2019 14:18:49 GMT+0200 (CEST);1571926729000;0.52;193.49;17.89
1380556831572750;27.5;34.8;Thu Oct 24 2019 16:20:47 GMT+0200 (CEST);Thu Oct 24 2019 14:20:47 GMT+0200 (CEST);1571926847000;0.5;305.51;17.87
1380556831572750;27.5;34.7;Thu Oct 24 2019 16:22:41 GMT+0200 (CEST);Thu Oct 24 2019 14:22:41 GMT+0200 (CEST);1571926961000;0.45;263.48;18.14
1380556831572750;27.5;34.9;Thu Oct 24 2019 16:24:34 GMT+0200 (CEST);Thu Oct 24 2019 14:24:34 GMT+0200 (CEST);1571927074000;0.5;177.29;18.46
1380556831572750;27.5;34.7;Thu Oct 24 2019 16:26:29 GMT+0200 (CEST);Thu Oct 24 2019 14:26:29 GMT+0200 (CEST);1571927189000;0.48;227.75;18.61
1380556831572750;27.5;34.3;Thu Oct 24 2019 16:28:31 GMT+0200 (CEST);Thu Oct 24 2019 14:28:31 GMT+0200 (CEST);1571927311000;0.43;118.43;18.44
1380556831572750;27.5;33.9;Thu Oct 24 2019 16:30:23 GMT+0200 (CEST);Thu Oct 24 2019 14:30:23 GMT+0200 (CEST);1571927423000;0.38;92.45;18.23
1380556831572750;26;33.9;Thu Oct 24 2019 16:32:22 GMT+0200 (CEST);Thu Oct 24 2019 14:32:22 GMT+0200 (CEST);1571927542000;0.38;91.68;17.97
1380556831572750;26;34.2;Thu Oct 24 2019 16:34:15 GMT+0200 (CEST);Thu Oct 24 2019 14:34:15 GMT+0200 (CEST);1571927655000;0.34;88.36;17.67
1380556831572750;25.5;34.1;Thu Oct 24 2019 16:36:13 GMT+0200 (CEST);Thu Oct 24 2019 14:36:13 GMT+0200 (CEST);1571927773000;0.34;119.8;17.39
1380556831572750;25.5;34;Thu Oct 24 2019 16:38:24 GMT+0200 (CEST);Thu Oct 24 2019 14:38:24 GMT+0200 (CEST);1571927904000;0.33;98.23;17.07
1380556831572750;25.5;34.2;Thu Oct 24 2019 16:40:24 GMT+0200 (CEST);Thu Oct 24 2019 14:40:24 GMT+0200 (CEST);1571928024000;0.34;85.06;16.67
1380556831572750;25.5;34.3;Thu Oct 24 2019 16:42:17 GMT+0200 (CEST);Thu Oct 24 2019 14:42:17 GMT+0200 (CEST);1571928137000;0.33;93.4;16.36
1380556831572750;25.5;34.1;Thu Oct 24 2019 16:44:28 GMT+0200 (CEST);Thu Oct 24 2019 14:44:28 GMT+0200 (CEST);1571928268000;0.34;115.49;16.17
1380556831572750;24;34.5;Thu Oct 24 2019 16:46:22 GMT+0200 (CEST);Thu Oct 24 2019 14:46:22 GMT+0200 (CEST);1571928382000;0.34;210.65;16.34
1380556831572750;24;34.7;Thu Oct 24 2019 16:48:15 GMT+0200 (CEST);Thu Oct 24 2019 14:48:15 GMT+0200 (CEST);1571928495000;0.37;212.96;16.64
1380556831572750;24;35;Thu Oct 24 2019 16:50:19 GMT+0200 (CEST);Thu Oct 24 2019 14:50:19 GMT+0200 (CEST);1571928619000;0.36;199.3;16.99
1380556831572750;24;34.5;Thu Oct 24 2019 16:52:25 GMT+0200 (CEST);Thu Oct 24 2019 14:52:25 GMT+0200 (CEST);1571928745000;0.39;188.96;17.3
1380556831572750;24;34.5;Thu Oct 24 2019 16:54:19 GMT+0200 (CEST);Thu Oct 24 2019 14:54:19 GMT+0200 (CEST);1571928859000;0.39;188.71;17.6
1380556831572750;24;33.5;Thu Oct 24 2019 16:56:12 GMT+0200 (CEST);Thu Oct 24 2019 14:56:12 GMT+0200 (CEST);1571928972000;0.38;153.36;17.84
1380556831572750;24;34;Thu Oct 24 2019 16:58:10 GMT+0200 (CEST);Thu Oct 24 2019 14:58:10 GMT+0200 (CEST);1571929090000;0.36;133.09;17.89
1380556831572750;23.5;33;Thu Oct 24 2019 17:00:28 GMT+0200 (CEST);Thu Oct 24 2019 15:00:28 GMT+0200 (CEST);1571929228000;0.34;138.5;17.96
1380556831572750;23.5;32.9;Thu Oct 24 2019 17:02:20 GMT+0200 (CEST);Thu Oct 24 2019 15:02:20 GMT+0200 (CEST);1571929340000;0.31;139.68;17.85
1380556831572750;23.5;33.4;Thu Oct 24 2019 17:04:13 GMT+0200 (CEST);Thu Oct 24 2019 15:04:13 GMT+0200 (CEST);1571929453000;0.28;121.76;17.82
1380556831572750;23.5;33.8;Thu Oct 24 2019 17:06:06 GMT+0200 (CEST);Thu Oct 24 2019 15:06:06 GMT+0200 (CEST);1571929566000;0.24;91.72;17.74
1380556831572750;23.5;33.2;Thu Oct 24 2019 17:08:06 GMT+0200 (CEST);Thu Oct 24 2019 15:08:06 GMT+0200 (CEST);1571929686000;0.19;61.71;17.42
1380556831572750;22;31.9;Thu Oct 24 2019 17:09:59 GMT+0200 (CEST);Thu Oct 24 2019 15:09:59 GMT+0200 (CEST);1571929799000;0.16;47.07;16.97
1380556831572750;22;32.4;Thu Oct 24 2019 17:11:55 GMT+0200 (CEST);Thu Oct 24 2019 15:11:55 GMT+0200 (CEST);1571929915000;0.15;36.3;16.67
1380556831572750;22;31.6;Thu Oct 24 2019 17:13:48 GMT+0200 (CEST);Thu Oct 24 2019 15:13:48 GMT+0200 (CEST);1571930028000;0.15;59.03;16.34
1380556831572750;22;34.9;Thu Oct 24 2019 17:16:02 GMT+0200 (CEST);Thu Oct 24 2019 15:16:02 GMT+0200 (CEST);1571930162000;0.16;44.52;16.04
1380556831572750;22;32.2;Thu Oct 24 2019 17:17:55 GMT+0200 (CEST);Thu Oct 24 2019 15:17:55 GMT+0200 (CEST);1571930275000;0.11;28.09;15.77
1380556831572750;22;34.9;Thu Oct 24 2019 17:19:48 GMT+0200 (CEST);Thu Oct 24 2019 15:19:48 GMT+0200 (CEST);1571930388000;0.14;54.2;15.49
1380556831572750;22;33;Thu Oct 24 2019 17:21:44 GMT+0200 (CEST);Thu Oct 24 2019 15:21:44 GMT+0200 (CEST);1571930504000;0.13;45.57;15.24
1380556831572750;21.5;31.7;Thu Oct 24 2019 17:24:01 GMT+0200 (CEST);Thu Oct 24 2019 15:24:01 GMT+0200 (CEST);1571930641000;0.1;30.72;14.97
1380556831572750;21.5;31.4;Thu Oct 24 2019 17:25:54 GMT+0200 (CEST);Thu Oct 24 2019 15:25:54 GMT+0200 (CEST);1571930754000;0.09;20.2;14.73
1380556831572750;21.5;31.2;Thu Oct 24 2019 17:27:46 GMT+0200 (CEST);Thu Oct 24 2019 15:27:46 GMT+0200 (CEST);1571930866000;0.08;17.4;14.52
1380556831572750;19.9;30.6;Thu Oct 24 2019 17:29:44 GMT+0200 (CEST);Thu Oct 24 2019 15:29:44 GMT+0200 (CEST);1571930984000;0.07;15.85;14.29
1380556831572750;19.9;31;Thu Oct 24 2019 17:31:52 GMT+0200 (CEST);Thu Oct 24 2019 15:31:52 GMT+0200 (CEST);1571931112000;0;14;14.03
1380556831572750;19.4;30.6;Thu Oct 24 2019 17:33:50 GMT+0200 (CEST);Thu Oct 24 2019 15:33:50 GMT+0200 (CEST);1571931230000;0;13.01;13.85
1380556831572750;19.4;29.6;Thu Oct 24 2019 17:35:48 GMT+0200 (CEST);Thu Oct 24 2019 15:35:48 GMT+0200 (CEST);1571931348000;0;11.87;13.66
1380556831572750;19.4;28.9;Thu Oct 24 2019 17:37:41 GMT+0200 (CEST);Thu Oct 24 2019 15:37:41 GMT+0200 (CEST);1571931461000;0;11.14;13.48
1380556831572750;19.4;27.4;Thu Oct 24 2019 17:39:41 GMT+0200 (CEST);Thu Oct 24 2019 15:39:41 GMT+0200 (CEST);1571931581000;0;10.45;13.35
1380556831572750;19.4;28.5;Thu Oct 24 2019 17:41:34 GMT+0200 (CEST);Thu Oct 24 2019 15:41:34 GMT+0200 (CEST);1571931694000;0;9.41;13.21
1380556831572750;16.9;27.7;Thu Oct 24 2019 17:43:31 GMT+0200 (CEST);Thu Oct 24 2019 15:43:31 GMT+0200 (CEST);1571931811000;0;9.17;13.08
1380556831572750;16.9;27.4;Thu Oct 24 2019 17:45:26 GMT+0200 (CEST);Thu Oct 24 2019 15:45:26 GMT+0200 (CEST);1571931926000;0;8.45;12.98
1380556831572750;16.9;26.6;Thu Oct 24 2019 17:47:20 GMT+0200 (CEST);Thu Oct 24 2019 15:47:20 GMT+0200 (CEST);1571932040000;0;7.68;12.87
1380556831572750;16.9;28;Thu Oct 24 2019 17:49:12 GMT+0200 (CEST);Thu Oct 24 2019 15:49:12 GMT+0200 (CEST);1571932152000;0;6.84;12.78
1380556831572750;16.9;29.8;Thu Oct 24 2019 17:51:06 GMT+0200 (CEST);Thu Oct 24 2019 15:51:06 GMT+0200 (CEST);1571932266000;0;6.13;12.69
1380556831572750;16.9;33;Thu Oct 24 2019 17:53:02 GMT+0200 (CEST);Thu Oct 24 2019 15:53:02 GMT+0200 (CEST);1571932382000;0;5.44;12.58
1380556831572750;16.9;32.5;Thu Oct 24 2019 17:54:57 GMT+0200 (CEST);Thu Oct 24 2019 15:54:57 GMT+0200 (CEST);1571932497000;0;4.63;12.47
1380556831572750;17.9;32.1;Thu Oct 24 2019 17:56:51 GMT+0200 (CEST);Thu Oct 24 2019 15:56:51 GMT+0200 (CEST);1571932611000;0;4.04;12.41
1380556831572750;17.9;31.5;Thu Oct 24 2019 17:58:44 GMT+0200 (CEST);Thu Oct 24 2019 15:58:44 GMT+0200 (CEST);1571932724000;0;3.62;12.36
1380556831572750;17.9;29.7;Thu Oct 24 2019 18:00:39 GMT+0200 (CEST);Thu Oct 24 2019 16:00:39 GMT+0200 (CEST);1571932839000;0;3.44;12.35
1380556831572750;16.9;26.3;Thu Oct 24 2019 18:02:37 GMT+0200 (CEST);Thu Oct 24 2019 16:02:37 GMT+0200 (CEST);1571932957000;0;2.69;12.3
1380556831572750;16.9;29.5;Thu Oct 24 2019 18:04:29 GMT+0200 (CEST);Thu Oct 24 2019 16:04:29 GMT+0200 (CEST);1571933069000;0;2.36;12.25
1380556831572750;16.9;28;Thu Oct 24 2019 18:06:27 GMT+0200 (CEST);Thu Oct 24 2019 16:06:27 GMT+0200 (CEST);1571933187000;0;1.26;12.18
1380556831572750;15.9;26.5;Thu Oct 24 2019 18:08:20 GMT+0200 (CEST);Thu Oct 24 2019 16:08:20 GMT+0200 (CEST);1571933300000;0;0.68;12.13
1380556831572750;15.9;24.8;Thu Oct 24 2019 18:10:22 GMT+0200 (CEST);Thu Oct 24 2019 16:10:22 GMT+0200 (CEST);1571933422000;0;0.27;12.09
1380556831572750;15.4;20.4;Thu Oct 24 2019 18:12:16 GMT+0200 (CEST);Thu Oct 24 2019 16:12:16 GMT+0200 (CEST);1571933536000;0;-0.01;12.03
1380556831572750;15.4;20.4;Thu Oct 24 2019 18:14:09 GMT+0200 (CEST);Thu Oct 24 2019 16:14:09 GMT+0200 (CEST);1571933649000;0;-0.01;11.98
1380556831572750;15.4;20.4;Thu Oct 24 2019 18:16:01 GMT+0200 (CEST);Thu Oct 24 2019 16:16:01 GMT+0200 (CEST);1571933761000;0;-0.01;11.92
1380556831572750;15.4;30.8;Fri Oct 25 2019 08:44:56 GMT+0200 (CEST);Fri Oct 25 2019 06:44:56 GMT+0200 (CEST);1571985896000;0.08;20;12.64
1380556831572750;15.4;31;Fri Oct 25 2019 08:46:48 GMT+0200 (CEST);Fri Oct 25 2019 06:46:48 GMT+0200 (CEST);1571986008000;0.11;25.44;12.66
1380556831572750;16.9;31.1;Fri Oct 25 2019 08:48:54 GMT+0200 (CEST);Fri Oct 25 2019 06:48:54 GMT+0200 (CEST);1571986134000;0.14;29.09;12.67
1380556831572750;16.9;31;Fri Oct 25 2019 08:50:49 GMT+0200 (CEST);Fri Oct 25 2019 06:50:49 GMT+0200 (CEST);1571986249000;0.14;31.2;12.7
1380556831572750;16.9;31.3;Fri Oct 25 2019 08:52:46 GMT+0200 (CEST);Fri Oct 25 2019 06:52:46 GMT+0200 (CEST);1571986366000;0.16;34.02;12.71
1380556831572750;16.9;31.5;Fri Oct 25 2019 08:54:42 GMT+0200 (CEST);Fri Oct 25 2019 06:54:42 GMT+0200 (CEST);1571986482000;0.18;38.69;12.71
1380556831572750;16.9;31.7;Fri Oct 25 2019 08:56:48 GMT+0200 (CEST);Fri Oct 25 2019 06:56:48 GMT+0200 (CEST);1571986608000;0.19;41.76;12.71
1380556831572750;19.4;32.3;Fri Oct 25 2019 08:58:41 GMT+0200 (CEST);Fri Oct 25 2019 06:58:41 GMT+0200 (CEST);1571986721000;0.23;48.6;12.71
1380556831572750;19.4;32.8;Fri Oct 25 2019 09:00:34 GMT+0200 (CEST);Fri Oct 25 2019 07:00:34 GMT+0200 (CEST);1571986834000;0.29;61.73;12.74
1380556831572750;19.4;33.2;Fri Oct 25 2019 09:02:29 GMT+0200 (CEST);Fri Oct 25 2019 07:02:29 GMT+0200 (CEST);1571986949000;0.34;70.9;12.79
1380556831572750;19.4;33.5;Fri Oct 25 2019 09:04:35 GMT+0200 (CEST);Fri Oct 25 2019 07:04:35 GMT+0200 (CEST);1571987075000;0.34;70.87;12.85
1380556831572750;19.4;33.2;Fri Oct 25 2019 09:06:58 GMT+0200 (CEST);Fri Oct 25 2019 07:06:58 GMT+0200 (CEST);1571987218000;0.31;65.9;12.96
1380556831572750;19.9;33.1;Fri Oct 25 2019 09:08:52 GMT+0200 (CEST);Fri Oct 25 2019 07:08:52 GMT+0200 (CEST);1571987332000;0.28;59.58;13.03
1380556831572750;19.9;33.1;Fri Oct 25 2019 09:10:47 GMT+0200 (CEST);Fri Oct 25 2019 07:10:47 GMT+0200 (CEST);1571987447000;0.28;60.54;13.03
1380556831572750;19.9;32.9;Fri Oct 25 2019 09:12:44 GMT+0200 (CEST);Fri Oct 25 2019 07:12:44 GMT+0200 (CEST);1571987564000;0.28;63.63;13.06
1380556831572750;19.9;32.7;Fri Oct 25 2019 09:14:37 GMT+0200 (CEST);Fri Oct 25 2019 07:14:37 GMT+0200 (CEST);1571987677000;0.29;65.34;13.07
1380556831572750;19.9;32.8;Fri Oct 25 2019 09:16:33 GMT+0200 (CEST);Fri Oct 25 2019 07:16:33 GMT+0200 (CEST);1571987793000;0.31;71.27;13.07
1380556831572750;19.9;33.1;Fri Oct 25 2019 09:18:25 GMT+0200 (CEST);Fri Oct 25 2019 07:18:25 GMT+0200 (CEST);1571987905000;0.35;78.16;13.09
1380556831572750;19.9;33.6;Fri Oct 25 2019 09:20:40 GMT+0200 (CEST);Fri Oct 25 2019 07:20:40 GMT+0200 (CEST);1571988040000;0.39;83.86;13.13
1380556831572750;19.9;34;Fri Oct 25 2019 09:22:39 GMT+0200 (CEST);Fri Oct 25 2019 07:22:39 GMT+0200 (CEST);1571988159000;0.38;84.41;13.18
1380556831572750;19.9;34;Fri Oct 25 2019 09:24:31 GMT+0200 (CEST);Fri Oct 25 2019 07:24:31 GMT+0200 (CEST);1571988271000;0.38;85.15;13.22
1380556831572750;21.5;33.8;Fri Oct 25 2019 09:26:26 GMT+0200 (CEST);Fri Oct 25 2019 07:26:26 GMT+0200 (CEST);1571988386000;0.38;85.07;13.25
1380556831572750;21.5;33.8;Fri Oct 25 2019 09:28:19 GMT+0200 (CEST);Fri Oct 25 2019 07:28:19 GMT+0200 (CEST);1571988499000;0.37;86.14;13.25
1380556831572750;21.5;33.9;Fri Oct 25 2019 09:30:12 GMT+0200 (CEST);Fri Oct 25 2019 07:30:12 GMT+0200 (CEST);1571988612000;0.36;83.87;13.25
1380556831572750;21.5;33.6;Fri Oct 25 2019 09:32:06 GMT+0200 (CEST);Fri Oct 25 2019 07:32:06 GMT+0200 (CEST);1571988726000;0.36;87.54;13.25
1380556831572750;21.5;33.8;Fri Oct 25 2019 09:34:00 GMT+0200 (CEST);Fri Oct 25 2019 07:34:00 GMT+0200 (CEST);1571988840000;0.33;81.67;13.25
1380556831572750;19.9;34.4;Fri Oct 25 2019 09:36:42 GMT+0200 (CEST);Fri Oct 25 2019 07:36:42 GMT+0200 (CEST);1571989002000;0.36;116.83;13.23
1380556831572750;19.9;37.1;Fri Oct 25 2019 09:38:35 GMT+0200 (CEST);Fri Oct 25 2019 07:38:35 GMT+0200 (CEST);1571989115000;0.77;224.93;13.31
1380556831572750;22;37.5;Fri Oct 25 2019 09:40:31 GMT+0200 (CEST);Fri Oct 25 2019 07:40:31 GMT+0200 (CEST);1571989231000;1.07;330.23;13.73
1380556831572750;22;36.8;Fri Oct 25 2019 09:42:25 GMT+0200 (CEST);Fri Oct 25 2019 07:42:25 GMT+0200 (CEST);1571989345000;1.69;412.15;14.35
1380556831572750;23.5;36.7;Fri Oct 25 2019 09:44:18 GMT+0200 (CEST);Fri Oct 25 2019 07:44:18 GMT+0200 (CEST);1571989458000;1.67;368.63;14.93
1380556831572750;23.5;34.6;Fri Oct 25 2019 09:46:18 GMT+0200 (CEST);Fri Oct 25 2019 07:46:18 GMT+0200 (CEST);1571989578000;0.72;159.07;15.3
1380556831572750;23.5;34.6;Fri Oct 25 2019 09:48:11 GMT+0200 (CEST);Fri Oct 25 2019 07:48:11 GMT+0200 (CEST);1571989691000;0.54;167.36;15.22
1380556831572750;23.5;35.6;Fri Oct 25 2019 09:50:19 GMT+0200 (CEST);Fri Oct 25 2019 07:50:19 GMT+0200 (CEST);1571989819000;1.73;440.31;15.37
1380556831572750;23.5;36;Fri Oct 25 2019 09:52:32 GMT+0200 (CEST);Fri Oct 25 2019 07:52:32 GMT+0200 (CEST);1571989952000;1.89;440.31;15.8
1380556831572750;24;35.6;Fri Oct 25 2019 09:54:26 GMT+0200 (CEST);Fri Oct 25 2019 07:54:26 GMT+0200 (CEST);1571990066000;1.9;440.31;16.28
1380556831572750;24;35.4;Fri Oct 25 2019 09:56:36 GMT+0200 (CEST);Fri Oct 25 2019 07:56:36 GMT+0200 (CEST);1571990196000;1.94;447.99;16.67
1380556831572750;24;35.4;Fri Oct 25 2019 09:58:40 GMT+0200 (CEST);Fri Oct 25 2019 07:58:40 GMT+0200 (CEST);1571990320000;2.01;463.35;17.13
1380556831572750;26;35.1;Fri Oct 25 2019 10:00:33 GMT+0200 (CEST);Fri Oct 25 2019 08:00:33 GMT+0200 (CEST);1571990433000;1.96;463.35;17.47
1380556831572750;26;35.1;Fri Oct 25 2019 10:02:28 GMT+0200 (CEST);Fri Oct 25 2019 08:02:28 GMT+0200 (CEST);1571990548000;2.03;471.03;17.79
1380556831572750;27.5;35;Fri Oct 25 2019 10:04:27 GMT+0200 (CEST);Fri Oct 25 2019 08:04:27 GMT+0200 (CEST);1571990667000;1.45;376.31;18.26
1380556831572750;27.5;35;Fri Oct 25 2019 10:07:01 GMT+0200 (CEST);Fri Oct 25 2019 08:07:01 GMT+0200 (CEST);1571990821000;2.19;499.19;18.22
1380556831572750;29.5;35.1;Fri Oct 25 2019 10:08:54 GMT+0200 (CEST);Fri Oct 25 2019 08:08:54 GMT+0200 (CEST);1571990934000;2.12;491.51;18.39
1380556831572750;29.5;35.1;Fri Oct 25 2019 10:10:47 GMT+0200 (CEST);Fri Oct 25 2019 08:10:47 GMT+0200 (CEST);1571991047000;2.17;494.07;18.48
1380556831572750;29.5;34.9;Fri Oct 25 2019 10:12:40 GMT+0200 (CEST);Fri Oct 25 2019 08:12:40 GMT+0200 (CEST);1571991160000;2.2;501.75;18.6
1380556831572750;29.5;34.9;Fri Oct 25 2019 10:14:33 GMT+0200 (CEST);Fri Oct 25 2019 08:14:33 GMT+0200 (CEST);1571991273000;2.22;504.31;18.82
1380556831572750;29.5;34.8;Fri Oct 25 2019 10:16:30 GMT+0200 (CEST);Fri Oct 25 2019 08:16:30 GMT+0200 (CEST);1571991390000;2.23;509.43;18.98
1380556831572750;30;34.8;Fri Oct 25 2019 10:18:24 GMT+0200 (CEST);Fri Oct 25 2019 08:18:24 GMT+0200 (CEST);1571991504000;2.25;517.11;19.16
1380556831572750;30;34.6;Fri Oct 25 2019 10:20:19 GMT+0200 (CEST);Fri Oct 25 2019 08:20:19 GMT+0200 (CEST);1571991619000;2.3;522.23;19.34
1380556831572750;30;34.3;Fri Oct 25 2019 10:22:29 GMT+0200 (CEST);Fri Oct 25 2019 08:22:29 GMT+0200 (CEST);1571991749000;2.33;527.35;19.32
1380556831572750;31.5;34.4;Fri Oct 25 2019 10:24:24 GMT+0200 (CEST);Fri Oct 25 2019 08:24:24 GMT+0200 (CEST);1571991864000;2.36;535.03;19.28
1380556831572750;31.5;34.5;Fri Oct 25 2019 10:26:31 GMT+0200 (CEST);Fri Oct 25 2019 08:26:31 GMT+0200 (CEST);1571991991000;2.37;537.59;19.43
1380556831572750;32;34.5;Fri Oct 25 2019 10:28:25 GMT+0200 (CEST);Fri Oct 25 2019 08:28:25 GMT+0200 (CEST);1571992105000;2.41;545.27;19.71
1380556831572750;32;34.5;Fri Oct 25 2019 10:30:24 GMT+0200 (CEST);Fri Oct 25 2019 08:30:24 GMT+0200 (CEST);1571992224000;2.44;552.95;19.92
1380556831572750;33;34.5;Fri Oct 25 2019 10:32:28 GMT+0200 (CEST);Fri Oct 25 2019 08:32:28 GMT+0200 (CEST);1571992348000;2.47;558.07;20.04
1380556831572750;33;34.5;Fri Oct 25 2019 10:34:22 GMT+0200 (CEST);Fri Oct 25 2019 08:34:22 GMT+0200 (CEST);1571992462000;2.51;565.75;20.21
1380556831572750;33;34.2;Fri Oct 25 2019 10:36:25 GMT+0200 (CEST);Fri Oct 25 2019 08:36:25 GMT+0200 (CEST);1571992585000;2.57;575.99;20.5
1380556831572750;33;34.2;Fri Oct 25 2019 10:38:20 GMT+0200 (CEST);Fri Oct 25 2019 08:38:20 GMT+0200 (CEST);1571992700000;2.56;581.11;20.68
1380556831572750;33;34.2;Fri Oct 25 2019 10:40:15 GMT+0200 (CEST);Fri Oct 25 2019 08:40:15 GMT+0200 (CEST);1571992815000;2.61;588.79;20.74
1380556831572750;34.1;34.1;Fri Oct 25 2019 10:42:09 GMT+0200 (CEST);Fri Oct 25 2019 08:42:09 GMT+0200 (CEST);1571992929000;2.71;601.59;20.96
1380556831572750;34.1;34;Fri Oct 25 2019 10:44:02 GMT+0200 (CEST);Fri Oct 25 2019 08:44:02 GMT+0200 (CEST);1571993042000;2.75;611.83;21.32
1380556831572750;34.1;33.9;Fri Oct 25 2019 10:46:03 GMT+0200 (CEST);Fri Oct 25 2019 08:46:03 GMT+0200 (CEST);1571993163000;2.79;619.51;21.59
1380556831572750;35.6;33.9;Fri Oct 25 2019 10:48:02 GMT+0200 (CEST);Fri Oct 25 2019 08:48:02 GMT+0200 (CEST);1571993282000;2.81;632.31;21.76
1380556831572750;35.6;33.9;Fri Oct 25 2019 10:50:04 GMT+0200 (CEST);Fri Oct 25 2019 08:50:04 GMT+0200 (CEST);1571993404000;2.86;639.99;21.99
1380556831572750;36.1;33.9;Fri Oct 25 2019 10:51:57 GMT+0200 (CEST);Fri Oct 25 2019 08:51:57 GMT+0200 (CEST);1571993517000;2.88;647.67;22.08
1380556831572750;36.1;33.6;Fri Oct 25 2019 10:53:55 GMT+0200 (CEST);Fri Oct 25 2019 08:53:55 GMT+0200 (CEST);1571993635000;2.97;655.35;22.09
1380556831572750;37.6;33.6;Fri Oct 25 2019 10:55:48 GMT+0200 (CEST);Fri Oct 25 2019 08:55:48 GMT+0200 (CEST);1571993748000;2.96;662.8;22.39
1380556831572750;37.6;33.6;Fri Oct 25 2019 10:57:41 GMT+0200 (CEST);Fri Oct 25 2019 08:57:41 GMT+0200 (CEST);1571993861000;3.01;667.85;22.46
1380556831572750;37.6;33.6;Fri Oct 25 2019 10:59:33 GMT+0200 (CEST);Fri Oct 25 2019 08:59:33 GMT+0200 (CEST);1571993973000;3.07;674.12;22.43
1380556831572750;37.6;33.6;Fri Oct 25 2019 11:01:51 GMT+0200 (CEST);Fri Oct 25 2019 09:01:51 GMT+0200 (CEST);1571994111000;3.06;675.85;22.27
1380556831572750;37.6;33.6;Fri Oct 25 2019 11:03:44 GMT+0200 (CEST);Fri Oct 25 2019 09:03:44 GMT+0200 (CEST);1571994224000;3.11;682.21;22.4
1380556831572750;38.1;33.6;Fri Oct 25 2019 11:05:37 GMT+0200 (CEST);Fri Oct 25 2019 09:05:37 GMT+0200 (CEST);1571994337000;2.9;639.99;22.42
1380556831572750;38.1;33.8;Fri Oct 25 2019 11:07:45 GMT+0200 (CEST);Fri Oct 25 2019 09:07:45 GMT+0200 (CEST);1571994465000;2.77;609.27;22.25
1380556831572750;38.1;33.8;Fri Oct 25 2019 11:09:48 GMT+0200 (CEST);Fri Oct 25 2019 09:09:48 GMT+0200 (CEST);1571994588000;2.8;622.07;22.09
1380556831572750;39.6;34.2;Fri Oct 25 2019 11:11:49 GMT+0200 (CEST);Fri Oct 25 2019 09:11:49 GMT+0200 (CEST);1571994709000;3.01;673.26;22.25
1380556831572750;39.6;34.1;Fri Oct 25 2019 11:13:42 GMT+0200 (CEST);Fri Oct 25 2019 09:13:42 GMT+0200 (CEST);1571994822000;2.74;629.75;22.25
1380556831572750;39.6;34.5;Fri Oct 25 2019 11:15:35 GMT+0200 (CEST);Fri Oct 25 2019 09:15:35 GMT+0200 (CEST);1571994935000;2.72;606.71;22.17
1380556831572750;39.6;34.4;Fri Oct 25 2019 11:17:30 GMT+0200 (CEST);Fri Oct 25 2019 09:17:30 GMT+0200 (CEST);1571995050000;2.71;619.51;21.96
1380556831572750;39.6;34.8;Fri Oct 25 2019 11:19:23 GMT+0200 (CEST);Fri Oct 25 2019 09:19:23 GMT+0200 (CEST);1571995163000;2.75;670.21;21.69
1380556831572750;39.6;35.6;Fri Oct 25 2019 11:21:29 GMT+0200 (CEST);Fri Oct 25 2019 09:21:29 GMT+0200 (CEST);1571995289000;2.4;604.15;21.5
1380556831572750;39.6;34.5;Fri Oct 25 2019 11:23:22 GMT+0200 (CEST);Fri Oct 25 2019 09:23:22 GMT+0200 (CEST);1571995402000;2.45;581.11;21.27
1380556831572750;39.6;34.5;Fri Oct 25 2019 11:25:19 GMT+0200 (CEST);Fri Oct 25 2019 09:25:19 GMT+0200 (CEST);1571995519000;2.66;622.07;21.39
1380556831572750;39.6;34.6;Fri Oct 25 2019 11:27:11 GMT+0200 (CEST);Fri Oct 25 2019 09:27:11 GMT+0200 (CEST);1571995631000;2.83;650.23;21.4
1380556831572750;39.6;34.7;Fri Oct 25 2019 11:29:04 GMT+0200 (CEST);Fri Oct 25 2019 09:29:04 GMT+0200 (CEST);1571995744000;2.71;619.51;21.34
1380556831572750;39.6;34.4;Fri Oct 25 2019 11:30:57 GMT+0200 (CEST);Fri Oct 25 2019 09:30:57 GMT+0200 (CEST);1571995857000;2.72;624.63;21.33
1380556831572750;39.6;34.4;Fri Oct 25 2019 11:32:50 GMT+0200 (CEST);Fri Oct 25 2019 09:32:50 GMT+0200 (CEST);1571995970000;2.55;624.63;21.6
1380556831572750;39.6;35.1;Fri Oct 25 2019 11:34:45 GMT+0200 (CEST);Fri Oct 25 2019 09:34:45 GMT+0200 (CEST);1571996085000;2.69;627.19;21.64
1380556831572750;39.6;34.7;Fri Oct 25 2019 11:36:43 GMT+0200 (CEST);Fri Oct 25 2019 09:36:43 GMT+0200 (CEST);1571996203000;2.54;583.67;21.73
1380556831572750;39.6;34.4;Fri Oct 25 2019 11:38:36 GMT+0200 (CEST);Fri Oct 25 2019 09:38:36 GMT+0200 (CEST);1571996316000;2.47;558.07;21.88
1380556831572750;39.6;34.4;Fri Oct 25 2019 11:40:32 GMT+0200 (CEST);Fri Oct 25 2019 09:40:32 GMT+0200 (CEST);1571996432000;2.57;581.11;21.84
1380556831572750;39.6;34.4;Fri Oct 25 2019 11:42:27 GMT+0200 (CEST);Fri Oct 25 2019 09:42:27 GMT+0200 (CEST);1571996547000;2.22;394.23;21.91
1380556831572750;39.6;34.3;Fri Oct 25 2019 11:44:20 GMT+0200 (CEST);Fri Oct 25 2019 09:44:20 GMT+0200 (CEST);1571996660000;2.14;494.07;21.77
1380556831572750;39.6;34.3;Fri Oct 25 2019 11:46:14 GMT+0200 (CEST);Fri Oct 25 2019 09:46:14 GMT+0200 (CEST);1571996774000;2.6;591.35;21.85
1380556831572750;39.6;34.5;Fri Oct 25 2019 11:48:13 GMT+0200 (CEST);Fri Oct 25 2019 09:48:13 GMT+0200 (CEST);1571996893000;2.65;632.31;22
1380556831572750;39.6;34.7;Fri Oct 25 2019 11:50:23 GMT+0200 (CEST);Fri Oct 25 2019 09:50:23 GMT+0200 (CEST);1571997023000;2.64;588.79;22.19
1380556831572750;39.6;34;Fri Oct 25 2019 11:52:16 GMT+0200 (CEST);Fri Oct 25 2019 09:52:16 GMT+0200 (CEST);1571997136000;2.53;555.51;22.17
1380556831572750;39.6;33.2;Fri Oct 25 2019 11:54:09 GMT+0200 (CEST);Fri Oct 25 2019 09:54:09 GMT+0200 (CEST);1571997249000;2.71;583.67;22.24
1380556831572750;39.6;33.2;Fri Oct 25 2019 11:56:05 GMT+0200 (CEST);Fri Oct 25 2019 09:56:05 GMT+0200 (CEST);1571997365000;2.62;563.19;22.07
1380556831572750;38.1;33;Fri Oct 25 2019 11:58:00 GMT+0200 (CEST);Fri Oct 25 2019 09:58:00 GMT+0200 (CEST);1571997480000;2.8;609.27;22.2
1380556831572750;38.1;32.9;Fri Oct 25 2019 11:59:52 GMT+0200 (CEST);Fri Oct 25 2019 09:59:52 GMT+0200 (CEST);1571997592000;2.89;619.51;22.25
1380556831572750;38.1;32.9;Fri Oct 25 2019 12:01:50 GMT+0200 (CEST);Fri Oct 25 2019 10:01:50 GMT+0200 (CEST);1571997710000;2.95;627.19;22.39
1380556831572750;38.1;32.8;Fri Oct 25 2019 12:03:50 GMT+0200 (CEST);Fri Oct 25 2019 10:03:50 GMT+0200 (CEST);1571997830000;2.83;609.27;22.48
1380556831572750;38.1;32.7;Fri Oct 25 2019 12:05:43 GMT+0200 (CEST);Fri Oct 25 2019 10:05:43 GMT+0200 (CEST);1571997943000;3.07;656.29;22.61
1380556831572750;39.6;32.6;Fri Oct 25 2019 12:07:37 GMT+0200 (CEST);Fri Oct 25 2019 10:07:37 GMT+0200 (CEST);1571998057000;3.13;664.09;22.75
1380556831572750;39.6;32.7;Fri Oct 25 2019 12:09:30 GMT+0200 (CEST);Fri Oct 25 2019 10:09:30 GMT+0200 (CEST);1571998170000;2.74;688.62;22.85
1380556831572750;39.6;32.5;Fri Oct 25 2019 12:11:47 GMT+0200 (CEST);Fri Oct 25 2019 10:11:47 GMT+0200 (CEST);1571998307000;3.15;670.28;23.19
1380556831572750;39.6;32.5;Fri Oct 25 2019 12:13:42 GMT+0200 (CEST);Fri Oct 25 2019 10:13:42 GMT+0200 (CEST);1571998422000;3.11;660.71;23.42
1380556831572750;39.6;32.4;Fri Oct 25 2019 12:15:36 GMT+0200 (CEST);Fri Oct 25 2019 10:15:36 GMT+0200 (CEST);1571998536000;3.09;677.41;23.69
1380556831572750;40.1;32.5;Fri Oct 25 2019 12:17:29 GMT+0200 (CEST);Fri Oct 25 2019 10:17:29 GMT+0200 (CEST);1571998649000;3.29;706.49;23.75
1380556831572750;40.1;32.4;Fri Oct 25 2019 12:20:07 GMT+0200 (CEST);Fri Oct 25 2019 10:20:07 GMT+0200 (CEST);1571998807000;3.18;691.21;23.8
1380556831572750;40.1;32.2;Fri Oct 25 2019 12:22:01 GMT+0200 (CEST);Fri Oct 25 2019 10:22:01 GMT+0200 (CEST);1571998921000;3.4;723.33;24.03
1380556831572750;40.1;32.1;Fri Oct 25 2019 12:23:59 GMT+0200 (CEST);Fri Oct 25 2019 10:23:59 GMT+0200 (CEST);1571999039000;3.79;806.93;24.57
1380556831572750;41.1;32.1;Fri Oct 25 2019 12:25:52 GMT+0200 (CEST);Fri Oct 25 2019 10:25:52 GMT+0200 (CEST);1571999152000;3.88;825.38;25.08
1380556831572750;41.1;32.1;Fri Oct 25 2019 12:27:45 GMT+0200 (CEST);Fri Oct 25 2019 10:27:45 GMT+0200 (CEST);1571999265000;3.87;816.36;25.55
1380556831572750;41.1;32.3;Fri Oct 25 2019 12:29:38 GMT+0200 (CEST);Fri Oct 25 2019 10:29:38 GMT+0200 (CEST);1571999378000;3.56;779.19;25.47
1380556831572750;42.1;32.7;Fri Oct 25 2019 12:31:34 GMT+0200 (CEST);Fri Oct 25 2019 10:31:34 GMT+0200 (CEST);1571999494000;3.52;750.73;25.2
1380556831572750;42.1;32.5;Fri Oct 25 2019 12:33:29 GMT+0200 (CEST);Fri Oct 25 2019 10:33:29 GMT+0200 (CEST);1571999609000;3.55;755.87;24.96
1380556831572750;42.1;32.6;Fri Oct 25 2019 12:35:40 GMT+0200 (CEST);Fri Oct 25 2019 10:35:40 GMT+0200 (CEST);1571999740000;3.56;766.62;24.96
1380556831572750;42.1;33;Fri Oct 25 2019 12:37:33 GMT+0200 (CEST);Fri Oct 25 2019 10:37:33 GMT+0200 (CEST);1571999853000;3.51;766.59;24.71
1380556831572750;42.1;32.8;Fri Oct 25 2019 12:39:35 GMT+0200 (CEST);Fri Oct 25 2019 10:39:35 GMT+0200 (CEST);1571999975000;3.56;785.9;24.64
1380556831572750;42.1;32.8;Fri Oct 25 2019 12:41:29 GMT+0200 (CEST);Fri Oct 25 2019 10:41:29 GMT+0200 (CEST);1572000089000;3.74;799.86;24.82
1380556831572750;42.1;33.2;Fri Oct 25 2019 12:43:22 GMT+0200 (CEST);Fri Oct 25 2019 10:43:22 GMT+0200 (CEST);1572000202000;3.79;811.65;24.99
1380556831572750;42.1;32.9;Fri Oct 25 2019 12:45:15 GMT+0200 (CEST);Fri Oct 25 2019 10:45:15 GMT+0200 (CEST);1572000315000;2.02;358.39;24.95
1380556831572750;42.1;33.1;Fri Oct 25 2019 12:47:17 GMT+0200 (CEST);Fri Oct 25 2019 10:47:17 GMT+0200 (CEST);1572000437000;3.93;832.77;24.96
1380556831572750;42.1;33.1;Fri Oct 25 2019 12:49:12 GMT+0200 (CEST);Fri Oct 25 2019 10:49:12 GMT+0200 (CEST);1572000552000;3.7;784.27;25.26
1380556831572750;42.1;32.1;Fri Oct 25 2019 12:51:08 GMT+0200 (CEST);Fri Oct 25 2019 10:51:08 GMT+0200 (CEST);1572000668000;3.84;818.5;25.35
1380556831572750;42.1;32.7;Fri Oct 25 2019 12:53:07 GMT+0200 (CEST);Fri Oct 25 2019 10:53:07 GMT+0200 (CEST);1572000787000;1.14;272.35;25.07
1380556831572750;43.6;32.7;Fri Oct 25 2019 12:55:00 GMT+0200 (CEST);Fri Oct 25 2019 10:55:00 GMT+0200 (CEST);1572000900000;0.93;213.83;24.25
1380556831572750;43.6;34.5;Fri Oct 25 2019 12:56:52 GMT+0200 (CEST);Fri Oct 25 2019 10:56:52 GMT+0200 (CEST);1572001012000;2.53;606.71;23.87
1380556831572750;42.1;33.3;Fri Oct 25 2019 12:58:47 GMT+0200 (CEST);Fri Oct 25 2019 10:58:47 GMT+0200 (CEST);1572001127000;0.89;190.48;23.59
1380556831572750;42.1;32.7;Fri Oct 25 2019 13:00:44 GMT+0200 (CEST);Fri Oct 25 2019 11:00:44 GMT+0200 (CEST);1572001244000;0.92;203.53;23.09
1380556831572750;42.1;34.4;Fri Oct 25 2019 13:02:38 GMT+0200 (CEST);Fri Oct 25 2019 11:02:38 GMT+0200 (CEST);1572001358000;3.33;575.99;22.31
1380556831572750;40.1;33.6;Fri Oct 25 2019 13:04:31 GMT+0200 (CEST);Fri Oct 25 2019 11:04:31 GMT+0200 (CEST);1572001471000;0.91;210.61;21.47
1380556831572750;40.1;34;Fri Oct 25 2019 13:06:51 GMT+0200 (CEST);Fri Oct 25 2019 11:06:51 GMT+0200 (CEST);1572001611000;0.94;215.65;20.83
1380556831572750;37.6;34.7;Fri Oct 25 2019 13:08:51 GMT+0200 (CEST);Fri Oct 25 2019 11:08:51 GMT+0200 (CEST);1572001731000;3.79;488.95;20.96
1380556831572750;37.6;33.8;Fri Oct 25 2019 13:10:44 GMT+0200 (CEST);Fri Oct 25 2019 11:10:44 GMT+0200 (CEST);1572001844000;4.11;880.22;21.62
1380556831572750;37.6;33.1;Fri Oct 25 2019 13:12:37 GMT+0200 (CEST);Fri Oct 25 2019 11:12:37 GMT+0200 (CEST);1572001957000;4.17;896.33;22.56
1380556831572750;37.6;32.7;Fri Oct 25 2019 13:14:29 GMT+0200 (CEST);Fri Oct 25 2019 11:14:29 GMT+0200 (CEST);1572002069000;4.26;904.52;23.06
1380556831572750;37.6;32.4;Fri Oct 25 2019 13:16:24 GMT+0200 (CEST);Fri Oct 25 2019 11:16:24 GMT+0200 (CEST);1572002184000;4.26;909.5;23.47
1380556831572750;38.1;32.6;Fri Oct 25 2019 13:18:16 GMT+0200 (CEST);Fri Oct 25 2019 11:18:16 GMT+0200 (CEST);1572002296000;1.36;299.25;23.67
1380556831572750;38.1;33.4;Fri Oct 25 2019 13:20:11 GMT+0200 (CEST);Fri Oct 25 2019 11:20:11 GMT+0200 (CEST);1572002411000;1.25;273.33;22.83
1380556831572750;39.6;33;Fri Oct 25 2019 13:23:03 GMT+0200 (CEST);Fri Oct 25 2019 11:23:03 GMT+0200 (CEST);1572002583000;1.15;255.85;22.1
1380556831572750;39.6;33.4;Fri Oct 25 2019 13:24:56 GMT+0200 (CEST);Fri Oct 25 2019 11:24:56 GMT+0200 (CEST);1572002696000;1.15;257.45;21.86
1380556831572750;39.6;33.8;Fri Oct 25 2019 13:27:21 GMT+0200 (CEST);Fri Oct 25 2019 11:27:21 GMT+0200 (CEST);1572002841000;4.12;899.12;21.68
1380556831572750;39.6;34.2;Fri Oct 25 2019 13:29:24 GMT+0200 (CEST);Fri Oct 25 2019 11:29:24 GMT+0200 (CEST);1572002964000;1.4;298;22.54
1380556831572750;39.6;34.9;Fri Oct 25 2019 13:31:19 GMT+0200 (CEST);Fri Oct 25 2019 11:31:19 GMT+0200 (CEST);1572003079000;1.57;677.43;22.85
1380556831572750;38.1;34.3;Fri Oct 25 2019 13:33:20 GMT+0200 (CEST);Fri Oct 25 2019 11:33:20 GMT+0200 (CEST);1572003200000;1.44;284.03;23.03
1380556831572750;38.1;33.2;Fri Oct 25 2019 13:35:12 GMT+0200 (CEST);Fri Oct 25 2019 11:35:12 GMT+0200 (CEST);1572003312000;1.04;236.81;22.75
1380556831572750;37.6;33.7;Fri Oct 25 2019 13:37:12 GMT+0200 (CEST);Fri Oct 25 2019 11:37:12 GMT+0200 (CEST);1572003432000;1.14;263.35;22.12
1380556831572750;37.6;33.7;Fri Oct 25 2019 13:39:13 GMT+0200 (CEST);Fri Oct 25 2019 11:39:13 GMT+0200 (CEST);1572003553000;1.1;251.46;21.84
1380556831572750;37.6;34.1;Fri Oct 25 2019 13:41:11 GMT+0200 (CEST);Fri Oct 25 2019 11:41:11 GMT+0200 (CEST);1572003671000;1.31;326.84;21.5
1380556831572750;36.1;34.5;Fri Oct 25 2019 13:43:05 GMT+0200 (CEST);Fri Oct 25 2019 11:43:05 GMT+0200 (CEST);1572003785000;0.99;219.18;21.4
1380556831572750;36.1;33.6;Fri Oct 25 2019 13:44:58 GMT+0200 (CEST);Fri Oct 25 2019 11:44:58 GMT+0200 (CEST);1572003898000;0.84;192.23;21.26
1380556831572750;35.6;33.7;Fri Oct 25 2019 13:46:51 GMT+0200 (CEST);Fri Oct 25 2019 11:46:51 GMT+0200 (CEST);1572004011000;0.93;207.06;21.06
1380556831572750;35.6;34.3;Fri Oct 25 2019 13:48:43 GMT+0200 (CEST);Fri Oct 25 2019 11:48:43 GMT+0200 (CEST);1572004123000;1.05;236.82;20.85
1380556831572750;35.6;34.9;Fri Oct 25 2019 13:50:50 GMT+0200 (CEST);Fri Oct 25 2019 11:50:50 GMT+0200 (CEST);1572004250000;1.19;269.44;20.76
1380556831572750;35.6;34;Fri Oct 25 2019 13:52:51 GMT+0200 (CEST);Fri Oct 25 2019 11:52:51 GMT+0200 (CEST);1572004371000;1.21;289.81;20.67
1380556831572750;35.6;35.7;Fri Oct 25 2019 13:54:43 GMT+0200 (CEST);Fri Oct 25 2019 11:54:43 GMT+0200 (CEST);1572004483000;2.66;678.95;20.95
1380556831572750;33;34.3;Fri Oct 25 2019 13:56:36 GMT+0200 (CEST);Fri Oct 25 2019 11:56:36 GMT+0200 (CEST);1572004596000;1.3;274.29;21.39
1380556831572750;33;33.7;Fri Oct 25 2019 13:58:38 GMT+0200 (CEST);Fri Oct 25 2019 11:58:38 GMT+0200 (CEST);1572004718000;1.11;249.29;21.28
1380556831572750;33;34.4;Fri Oct 25 2019 14:00:32 GMT+0200 (CEST);Fri Oct 25 2019 12:00:32 GMT+0200 (CEST);1572004832000;1.11;289.78;21.35
1380556831572750;33;34.4;Fri Oct 25 2019 14:02:27 GMT+0200 (CEST);Fri Oct 25 2019 12:02:27 GMT+0200 (CEST);1572004947000;1.03;186.71;20.96
1380556831572750;33;32.7;Fri Oct 25 2019 14:04:50 GMT+0200 (CEST);Fri Oct 25 2019 12:04:50 GMT+0200 (CEST);1572005090000;0.63;132.22;20.53
1380556831572750;32;32.6;Fri Oct 25 2019 14:06:43 GMT+0200 (CEST);Fri Oct 25 2019 12:06:43 GMT+0200 (CEST);1572005203000;0.59;123.92;20.23
1380556831572750;32;32.7;Fri Oct 25 2019 14:08:39 GMT+0200 (CEST);Fri Oct 25 2019 12:08:39 GMT+0200 (CEST);1572005319000;0.56;115.05;20
1380556831572750;32;32.5;Fri Oct 25 2019 14:10:35 GMT+0200 (CEST);Fri Oct 25 2019 12:10:35 GMT+0200 (CEST);1572005435000;0.53;110.55;19.74
1380556831572750;31.5;32.6;Fri Oct 25 2019 14:12:27 GMT+0200 (CEST);Fri Oct 25 2019 12:12:27 GMT+0200 (CEST);1572005547000;0.55;114.94;19.5
1380556831572750;31.5;32.9;Fri Oct 25 2019 14:14:20 GMT+0200 (CEST);Fri Oct 25 2019 12:14:20 GMT+0200 (CEST);1572005660000;0.64;135;19.31
1380556831572750;31.5;33.2;Fri Oct 25 2019 14:16:13 GMT+0200 (CEST);Fri Oct 25 2019 12:16:13 GMT+0200 (CEST);1572005773000;0.67;139.09;19.21
1380556831572750;31.5;33.3;Fri Oct 25 2019 14:18:06 GMT+0200 (CEST);Fri Oct 25 2019 12:18:06 GMT+0200 (CEST);1572005886000;0.68;141.9;19.21
1380556831572750;31.5;33.3;Fri Oct 25 2019 14:20:00 GMT+0200 (CEST);Fri Oct 25 2019 12:20:00 GMT+0200 (CEST);1572006000000;0.63;130.53;19.23
1380556831572750;31.5;33.1;Fri Oct 25 2019 14:21:53 GMT+0200 (CEST);Fri Oct 25 2019 12:21:53 GMT+0200 (CEST);1572006113000;0.61;123.63;19.17
1380556831572750;31.5;33.2;Fri Oct 25 2019 14:23:45 GMT+0200 (CEST);Fri Oct 25 2019 12:23:45 GMT+0200 (CEST);1572006225000;0.55;117.25;19.03
1380556831572750;29.5;33.1;Fri Oct 25 2019 14:25:45 GMT+0200 (CEST);Fri Oct 25 2019 12:25:45 GMT+0200 (CEST);1572006345000;0.58;121.82;18.78
1380556831572750;29.5;33.1;Fri Oct 25 2019 14:27:38 GMT+0200 (CEST);Fri Oct 25 2019 12:27:38 GMT+0200 (CEST);1572006458000;0.59;122.41;18.65
1380556831572750;29.5;33.1;Fri Oct 25 2019 14:29:31 GMT+0200 (CEST);Fri Oct 25 2019 12:29:31 GMT+0200 (CEST);1572006571000;0.58;119.2;18.6
1380556831572750;29.5;33;Fri Oct 25 2019 14:31:28 GMT+0200 (CEST);Fri Oct 25 2019 12:31:28 GMT+0200 (CEST);1572006688000;0.53;111.1;18.53
1380556831572750;29.5;33;Fri Oct 25 2019 14:33:32 GMT+0200 (CEST);Fri Oct 25 2019 12:33:32 GMT+0200 (CEST);1572006812000;0.55;114.74;18.5
1380556831572750;29.5;33.3;Fri Oct 25 2019 14:35:27 GMT+0200 (CEST);Fri Oct 25 2019 12:35:27 GMT+0200 (CEST);1572006927000;0.66;139.77;18.37
1380556831572750;29.5;33.6;Fri Oct 25 2019 14:37:32 GMT+0200 (CEST);Fri Oct 25 2019 12:37:32 GMT+0200 (CEST);1572007052000;0.72;151.16;18.28
1380556831572750;28;33.5;Fri Oct 25 2019 14:39:27 GMT+0200 (CEST);Fri Oct 25 2019 12:39:27 GMT+0200 (CEST);1572007167000;0.69;147.85;18.2
1380556831572750;28;33.5;Fri Oct 25 2019 14:41:20 GMT+0200 (CEST);Fri Oct 25 2019 12:41:20 GMT+0200 (CEST);1572007280000;0.69;149.42;18.23
1380556831572750;28;33.6;Fri Oct 25 2019 14:43:13 GMT+0200 (CEST);Fri Oct 25 2019 12:43:13 GMT+0200 (CEST);1572007393000;0.74;159.52;18.32
1380556831572750;28;33.8;Fri Oct 25 2019 14:45:06 GMT+0200 (CEST);Fri Oct 25 2019 12:45:06 GMT+0200 (CEST);1572007506000;0.77;166.75;18.39
1380556831572750;28;33.9;Fri Oct 25 2019 14:47:23 GMT+0200 (CEST);Fri Oct 25 2019 12:47:23 GMT+0200 (CEST);1572007643000;0.77;166.27;18.42
1380556831572750;28;33.8;Fri Oct 25 2019 14:49:22 GMT+0200 (CEST);Fri Oct 25 2019 12:49:22 GMT+0200 (CEST);1572007762000;0.76;164.87;18.38
1380556831572750;28;33.9;Fri Oct 25 2019 14:51:26 GMT+0200 (CEST);Fri Oct 25 2019 12:51:26 GMT+0200 (CEST);1572007886000;0.83;183.14;18.4
1380556831572750;29.5;34.1;Fri Oct 25 2019 14:53:19 GMT+0200 (CEST);Fri Oct 25 2019 12:53:19 GMT+0200 (CEST);1572007999000;0.88;198.09;18.5
1380556831572750;29.5;34.5;Fri Oct 25 2019 14:55:11 GMT+0200 (CEST);Fri Oct 25 2019 12:55:11 GMT+0200 (CEST);1572008111000;0.98;222.49;18.7
1380556831572750;29.5;34.7;Fri Oct 25 2019 14:57:09 GMT+0200 (CEST);Fri Oct 25 2019 12:57:09 GMT+0200 (CEST);1572008229000;0.97;227.49;18.88
1380556831572750;29.5;36.1;Fri Oct 25 2019 14:59:01 GMT+0200 (CEST);Fri Oct 25 2019 12:59:01 GMT+0200 (CEST);1572008341000;2.48;627.19;19
1380556831572750;30;35.7;Fri Oct 25 2019 15:00:58 GMT+0200 (CEST);Fri Oct 25 2019 13:00:58 GMT+0200 (CEST);1572008458000;1.86;288.07;19.82
1380556831572750;30;35.1;Fri Oct 25 2019 15:02:50 GMT+0200 (CEST);Fri Oct 25 2019 13:02:50 GMT+0200 (CEST);1572008570000;2.69;611.83;20.46
1380556831572750;30;35;Fri Oct 25 2019 15:04:53 GMT+0200 (CEST);Fri Oct 25 2019 13:04:53 GMT+0200 (CEST);1572008693000;2.5;550.39;21.47
1380556831572750;30.5;34.5;Fri Oct 25 2019 15:06:47 GMT+0200 (CEST);Fri Oct 25 2019 13:06:47 GMT+0200 (CEST);1572008807000;2.17;499.19;22.16
1380556831572750;30.5;34.3;Fri Oct 25 2019 15:08:43 GMT+0200 (CEST);Fri Oct 25 2019 13:08:43 GMT+0200 (CEST);1572008923000;2.1;465.91;22.6
1380556831572750;33;34.2;Fri Oct 25 2019 15:10:35 GMT+0200 (CEST);Fri Oct 25 2019 13:10:35 GMT+0200 (CEST);1572009035000;2.02;455.67;22.82
1380556831572750;33;34.3;Fri Oct 25 2019 15:12:28 GMT+0200 (CEST);Fri Oct 25 2019 13:12:28 GMT+0200 (CEST);1572009148000;2.14;460.79;23.04
1380556831572750;33;34.3;Fri Oct 25 2019 15:14:20 GMT+0200 (CEST);Fri Oct 25 2019 13:14:20 GMT+0200 (CEST);1572009260000;2.11;476.15;23.02
1380556831572750;33;34.5;Fri Oct 25 2019 15:16:17 GMT+0200 (CEST);Fri Oct 25 2019 13:16:17 GMT+0200 (CEST);1572009377000;2.2;494.07;23.18
1380556831572750;33;34.3;Fri Oct 25 2019 15:18:10 GMT+0200 (CEST);Fri Oct 25 2019 13:18:10 GMT+0200 (CEST);1572009490000;2.18;486.39;23.42
1380556831572750;33;34.3;Fri Oct 25 2019 15:20:11 GMT+0200 (CEST);Fri Oct 25 2019 13:20:11 GMT+0200 (CEST);1572009611000;2.05;465.91;23.53
1380556831572750;33;34.2;Fri Oct 25 2019 15:22:03 GMT+0200 (CEST);Fri Oct 25 2019 13:22:03 GMT+0200 (CEST);1572009723000;2.17;483.83;23.56
1380556831572750;33;34.2;Fri Oct 25 2019 15:23:56 GMT+0200 (CEST);Fri Oct 25 2019 13:23:56 GMT+0200 (CEST);1572009836000;2.17;478.71;23.55
1380556831572750;35.1;34.3;Fri Oct 25 2019 15:25:48 GMT+0200 (CEST);Fri Oct 25 2019 13:25:48 GMT+0200 (CEST);1572009948000;2.19;483.83;23.89
1380556831572750;35.1;34.2;Fri Oct 25 2019 15:27:41 GMT+0200 (CEST);Fri Oct 25 2019 13:27:41 GMT+0200 (CEST);1572010061000;2.04;442.87;24.24
1380556831572750;36.1;34.4;Fri Oct 25 2019 15:29:42 GMT+0200 (CEST);Fri Oct 25 2019 13:29:42 GMT+0200 (CEST);1572010182000;2.04;442.87;24.37
1380556831572750;36.1;33.9;Fri Oct 25 2019 15:31:35 GMT+0200 (CEST);Fri Oct 25 2019 13:31:35 GMT+0200 (CEST);1572010295000;2.13;412.15;24.25
1380556831572750;36.1;34.5;Fri Oct 25 2019 15:33:28 GMT+0200 (CEST);Fri Oct 25 2019 13:33:28 GMT+0200 (CEST);1572010408000;2.31;532.47;24.5
1380556831572750;36.1;34.9;Fri Oct 25 2019 15:35:43 GMT+0200 (CEST);Fri Oct 25 2019 13:35:43 GMT+0200 (CEST);1572010543000;2.03;463.35;24.71
1380556831572750;36.1;34.3;Fri Oct 25 2019 15:37:44 GMT+0200 (CEST);Fri Oct 25 2019 13:37:44 GMT+0200 (CEST);1572010664000;0.99;214.28;24.59
1380556831572750;36.1;34.5;Fri Oct 25 2019 15:39:37 GMT+0200 (CEST);Fri Oct 25 2019 13:39:37 GMT+0200 (CEST);1572010777000;2.18;491.51;24.44
1380556831572750;36.1;34.4;Fri Oct 25 2019 15:41:37 GMT+0200 (CEST);Fri Oct 25 2019 13:41:37 GMT+0200 (CEST);1572010897000;2.09;465.91;24.7
1380556831572750;37.6;34.4;Fri Oct 25 2019 15:43:30 GMT+0200 (CEST);Fri Oct 25 2019 13:43:30 GMT+0200 (CEST);1572011010000;1.95;450.55;24.66
1380556831572750;37.6;34.5;Fri Oct 25 2019 15:45:22 GMT+0200 (CEST);Fri Oct 25 2019 13:45:22 GMT+0200 (CEST);1572011122000;1.92;447.99;24.38
1380556831572750;37.6;37.1;Fri Oct 25 2019 15:47:27 GMT+0200 (CEST);Fri Oct 25 2019 13:47:27 GMT+0200 (CEST);1572011247000;0.61;160.38;23.72
1380556831572750;37.6;36.5;Fri Oct 25 2019 15:49:23 GMT+0200 (CEST);Fri Oct 25 2019 13:49:23 GMT+0200 (CEST);1572011363000;1.79;453.11;23.14
1380556831572750;37.6;38.5;Fri Oct 25 2019 15:51:23 GMT+0200 (CEST);Fri Oct 25 2019 13:51:23 GMT+0200 (CEST);1572011483000;1.03;424.95;23.21
1380556831572750;37.6;37.3;Fri Oct 25 2019 15:53:26 GMT+0200 (CEST);Fri Oct 25 2019 13:53:26 GMT+0200 (CEST);1572011606000;1.58;412.15;23.31
1380556831572750;37.6;35;Fri Oct 25 2019 15:55:23 GMT+0200 (CEST);Fri Oct 25 2019 13:55:23 GMT+0200 (CEST);1572011723000;0.63;128.99;23.2
1380556831572750;37.6;32.5;Fri Oct 25 2019 15:57:16 GMT+0200 (CEST);Fri Oct 25 2019 13:57:16 GMT+0200 (CEST);1572011836000;0.65;206.01;22.69
1380556831572750;35.6;37.7;Fri Oct 25 2019 15:59:21 GMT+0200 (CEST);Fri Oct 25 2019 13:59:21 GMT+0200 (CEST);1572011961000;0.74;404.47;22.46
1380556831572750;35.6;36.1;Fri Oct 25 2019 16:01:15 GMT+0200 (CEST);Fri Oct 25 2019 14:01:15 GMT+0200 (CEST);1572012075000;0.71;175.76;22.25
1380556831572750;35.6;33.3;Fri Oct 25 2019 16:03:08 GMT+0200 (CEST);Fri Oct 25 2019 14:03:08 GMT+0200 (CEST);1572012188000;0.68;145.94;21.66
1380556831572750;35.6;33.2;Fri Oct 25 2019 16:05:13 GMT+0200 (CEST);Fri Oct 25 2019 14:05:13 GMT+0200 (CEST);1572012313000;0.68;148.75;21.26
1380556831572750;33;33.3;Fri Oct 25 2019 16:07:27 GMT+0200 (CEST);Fri Oct 25 2019 14:07:27 GMT+0200 (CEST);1572012447000;0.68;158.68;20.84
1380556831572750;33;33.5;Fri Oct 25 2019 16:09:21 GMT+0200 (CEST);Fri Oct 25 2019 14:09:21 GMT+0200 (CEST);1572012561000;0.67;154.46;20.59
1380556831572750;33;33.3;Fri Oct 25 2019 16:11:13 GMT+0200 (CEST);Fri Oct 25 2019 14:11:13 GMT+0200 (CEST);1572012673000;0.64;139.82;20.34
1380556831572750;31.5;33.2;Fri Oct 25 2019 16:13:09 GMT+0200 (CEST);Fri Oct 25 2019 14:13:09 GMT+0200 (CEST);1572012789000;0.61;141.28;20.01
1380556831572750;31.5;33.1;Fri Oct 25 2019 16:15:13 GMT+0200 (CEST);Fri Oct 25 2019 14:15:13 GMT+0200 (CEST);1572012913000;0.62;135.39;19.78
1380556831572750;30;33;Fri Oct 25 2019 16:17:12 GMT+0200 (CEST);Fri Oct 25 2019 14:17:12 GMT+0200 (CEST);1572013032000;0.61;138.03;19.53
1380556831572750;30;33.3;Fri Oct 25 2019 16:19:11 GMT+0200 (CEST);Fri Oct 25 2019 14:19:11 GMT+0200 (CEST);1572013151000;0.59;143.19;19.29
1380556831572750;29.5;33.2;Fri Oct 25 2019 16:21:09 GMT+0200 (CEST);Fri Oct 25 2019 14:21:09 GMT+0200 (CEST);1572013269000;0.6;146.67;19.12
1380556831572750;29.5;33.5;Fri Oct 25 2019 16:23:11 GMT+0200 (CEST);Fri Oct 25 2019 14:23:11 GMT+0200 (CEST);1572013391000;0.58;161.88;19.03
1380556831572750;29.5;34;Fri Oct 25 2019 16:25:12 GMT+0200 (CEST);Fri Oct 25 2019 14:25:12 GMT+0200 (CEST);1572013512000;0.55;157.54;19.04
1380556831572750;29.5;34.2;Fri Oct 25 2019 16:27:05 GMT+0200 (CEST);Fri Oct 25 2019 14:27:05 GMT+0200 (CEST);1572013625000;0.53;152.99;19
1380556831572750;29.5;34;Fri Oct 25 2019 16:28:58 GMT+0200 (CEST);Fri Oct 25 2019 14:28:58 GMT+0200 (CEST);1572013738000;0.53;144.69;18.95
1380556831572750;29.5;33.8;Fri Oct 25 2019 16:30:50 GMT+0200 (CEST);Fri Oct 25 2019 14:30:50 GMT+0200 (CEST);1572013850000;0.51;135.9;18.99
1380556831572750;29.5;33.7;Fri Oct 25 2019 16:32:43 GMT+0200 (CEST);Fri Oct 25 2019 14:32:43 GMT+0200 (CEST);1572013963000;0.49;126.9;18.96
1380556831572750;29.5;33.6;Fri Oct 25 2019 16:34:41 GMT+0200 (CEST);Fri Oct 25 2019 14:34:41 GMT+0200 (CEST);1572014081000;0.49;122.85;18.92
1380556831572750;28;33.7;Fri Oct 25 2019 16:36:45 GMT+0200 (CEST);Fri Oct 25 2019 14:36:45 GMT+0200 (CEST);1572014205000;0.48;121.24;18.86
1380556831572750;28;33.5;Fri Oct 25 2019 16:38:37 GMT+0200 (CEST);Fri Oct 25 2019 14:38:37 GMT+0200 (CEST);1572014317000;0.47;119.5;18.78
1380556831572750;28;33.6;Fri Oct 25 2019 16:40:30 GMT+0200 (CEST);Fri Oct 25 2019 14:40:30 GMT+0200 (CEST);1572014430000;0.46;114.74;18.72
1380556831572750;28;33.6;Fri Oct 25 2019 16:42:23 GMT+0200 (CEST);Fri Oct 25 2019 14:42:23 GMT+0200 (CEST);1572014543000;0.46;111.21;18.65
1380556831572750;27.5;33.4;Fri Oct 25 2019 16:44:16 GMT+0200 (CEST);Fri Oct 25 2019 14:44:16 GMT+0200 (CEST);1572014656000;0.43;104.9;18.58
1380556831572750;27.5;33.2;Fri Oct 25 2019 16:46:08 GMT+0200 (CEST);Fri Oct 25 2019 14:46:08 GMT+0200 (CEST);1572014768000;0.43;94.96;18.41
1380556831572750;27.5;32.7;Fri Oct 25 2019 16:48:24 GMT+0200 (CEST);Fri Oct 25 2019 14:48:24 GMT+0200 (CEST);1572014904000;0.37;78.57;18.24
1380556831572750;27.5;32.4;Fri Oct 25 2019 16:50:17 GMT+0200 (CEST);Fri Oct 25 2019 14:50:17 GMT+0200 (CEST);1572015017000;0.34;70.77;18.12
1380556831572750;27.5;32.1;Fri Oct 25 2019 16:52:10 GMT+0200 (CEST);Fri Oct 25 2019 14:52:10 GMT+0200 (CEST);1572015130000;0.33;70.47;18.02
1380556831572750;26;32.3;Fri Oct 25 2019 16:54:03 GMT+0200 (CEST);Fri Oct 25 2019 14:54:03 GMT+0200 (CEST);1572015243000;0.33;71.2;17.91
1380556831572750;26;32.4;Fri Oct 25 2019 16:56:03 GMT+0200 (CEST);Fri Oct 25 2019 14:56:03 GMT+0200 (CEST);1572015363000;0.32;69.18;17.82
1380556831572750;26;32.2;Fri Oct 25 2019 16:57:56 GMT+0200 (CEST);Fri Oct 25 2019 14:57:56 GMT+0200 (CEST);1572015476000;0.31;66.28;17.76
1380556831572750;25.5;32.4;Fri Oct 25 2019 16:59:49 GMT+0200 (CEST);Fri Oct 25 2019 14:59:49 GMT+0200 (CEST);1572015589000;0.33;70.11;17.74
1380556831572750;25.5;32.6;Fri Oct 25 2019 17:01:48 GMT+0200 (CEST);Fri Oct 25 2019 15:01:48 GMT+0200 (CEST);1572015708000;0.34;73.15;17.66
1380556831572750;25.5;32.8;Fri Oct 25 2019 17:03:45 GMT+0200 (CEST);Fri Oct 25 2019 15:03:45 GMT+0200 (CEST);1572015825000;0.32;70.09;17.59
1380556831572750;25.5;32.6;Fri Oct 25 2019 17:05:47 GMT+0200 (CEST);Fri Oct 25 2019 15:05:47 GMT+0200 (CEST);1572015947000;0.32;68.24;17.45
1380556831572750;25.5;32.6;Fri Oct 25 2019 17:07:40 GMT+0200 (CEST);Fri Oct 25 2019 15:07:40 GMT+0200 (CEST);1572016060000;0.3;65.98;17.35
1380556831572750;25.5;32.4;Fri Oct 25 2019 17:09:55 GMT+0200 (CEST);Fri Oct 25 2019 15:09:55 GMT+0200 (CEST);1572016195000;0.28;61.21;17.25
1380556831572750;25.5;32.5;Fri Oct 25 2019 17:11:55 GMT+0200 (CEST);Fri Oct 25 2019 15:11:55 GMT+0200 (CEST);1572016315000;0.27;60.36;17.17
1380556831572750;25.5;32.8;Fri Oct 25 2019 17:13:48 GMT+0200 (CEST);Fri Oct 25 2019 15:13:48 GMT+0200 (CEST);1572016428000;0.25;57.99;17.1
1380556831572750;25.5;32.8;Fri Oct 25 2019 17:15:44 GMT+0200 (CEST);Fri Oct 25 2019 15:15:44 GMT+0200 (CEST);1572016544000;0.25;56.42;17.05
1380556831572750;25;32.8;Fri Oct 25 2019 17:17:59 GMT+0200 (CEST);Fri Oct 25 2019 15:17:59 GMT+0200 (CEST);1572016679000;0.24;55.01;16.96
1380556831572750;25;32.6;Fri Oct 25 2019 17:19:52 GMT+0200 (CEST);Fri Oct 25 2019 15:19:52 GMT+0200 (CEST);1572016792000;0.23;51.92;16.85
1380556831572750;24;32.4;Fri Oct 25 2019 17:21:45 GMT+0200 (CEST);Fri Oct 25 2019 15:21:45 GMT+0200 (CEST);1572016905000;0.21;47.82;16.78
1380556831572750;24;32.2;Fri Oct 25 2019 17:23:39 GMT+0200 (CEST);Fri Oct 25 2019 15:23:39 GMT+0200 (CEST);1572017019000;0.2;45.49;16.71
1380556831572750;24;32.1;Fri Oct 25 2019 17:25:40 GMT+0200 (CEST);Fri Oct 25 2019 15:25:40 GMT+0200 (CEST);1572017140000;0.19;41.41;16.61
1380556831572750;23.5;31.9;Fri Oct 25 2019 17:27:34 GMT+0200 (CEST);Fri Oct 25 2019 15:27:34 GMT+0200 (CEST);1572017254000;0.16;36.31;16.53
1380556831572750;23.5;31.7;Fri Oct 25 2019 17:29:27 GMT+0200 (CEST);Fri Oct 25 2019 15:29:27 GMT+0200 (CEST);1572017367000;0.15;32.93;16.5
1380556831572750;23.5;31.8;Fri Oct 25 2019 17:31:22 GMT+0200 (CEST);Fri Oct 25 2019 15:31:22 GMT+0200 (CEST);1572017482000;0.14;30.82;16.44
1380556831572750;23.5;31.7;Fri Oct 25 2019 17:33:15 GMT+0200 (CEST);Fri Oct 25 2019 15:33:15 GMT+0200 (CEST);1572017595000;0.14;30.76;16.41
1380556831572750;23.5;31.7;Fri Oct 25 2019 17:35:09 GMT+0200 (CEST);Fri Oct 25 2019 15:35:09 GMT+0200 (CEST);1572017709000;0.12;29.08;16.37
1380556831572750;23.5;31.4;Fri Oct 25 2019 17:37:01 GMT+0200 (CEST);Fri Oct 25 2019 15:37:01 GMT+0200 (CEST);1572017821000;0.1;24.02;16.32
1380556831572750;23.5;30.9;Fri Oct 25 2019 17:38:54 GMT+0200 (CEST);Fri Oct 25 2019 15:38:54 GMT+0200 (CEST);1572017934000;0.09;19.47;16.25
1380556831572750;22;30.9;Fri Oct 25 2019 17:40:48 GMT+0200 (CEST);Fri Oct 25 2019 15:40:48 GMT+0200 (CEST);1572018048000;0.07;16.82;16.2
1380556831572750;22;30.7;Fri Oct 25 2019 17:42:42 GMT+0200 (CEST);Fri Oct 25 2019 15:42:42 GMT+0200 (CEST);1572018162000;0;14.82;16.14
1380556831572750;22;31.4;Fri Oct 25 2019 17:44:35 GMT+0200 (CEST);Fri Oct 25 2019 15:44:35 GMT+0200 (CEST);1572018275000;0;13.32;16.1
1380556831572750;22;30.6;Fri Oct 25 2019 17:46:48 GMT+0200 (CEST);Fri Oct 25 2019 15:46:48 GMT+0200 (CEST);1572018408000;0;11.69;16.06
1380556831572750;22;29.8;Fri Oct 25 2019 17:48:42 GMT+0200 (CEST);Fri Oct 25 2019 15:48:42 GMT+0200 (CEST);1572018522000;0;10.47;16.01
1380556831572750;21.5;29.8;Fri Oct 25 2019 17:50:35 GMT+0200 (CEST);Fri Oct 25 2019 15:50:35 GMT+0200 (CEST);1572018635000;0;9.32;15.95
1380556831572750;21.5;29.6;Fri Oct 25 2019 17:52:29 GMT+0200 (CEST);Fri Oct 25 2019 15:52:29 GMT+0200 (CEST);1572018749000;0;8.12;15.85
1380556831572750;21.5;29.2;Fri Oct 25 2019 17:54:22 GMT+0200 (CEST);Fri Oct 25 2019 15:54:22 GMT+0200 (CEST);1572018862000;0;6.57;15.72
1380556831572750;21.5;32.8;Fri Oct 25 2019 17:56:16 GMT+0200 (CEST);Fri Oct 25 2019 15:56:16 GMT+0200 (CEST);1572018976000;0;4.82;15.57
1380556831572750;21.5;32;Fri Oct 25 2019 17:58:13 GMT+0200 (CEST);Fri Oct 25 2019 15:58:13 GMT+0200 (CEST);1572019093000;0;3.14;15.42
1380556831572750;21.5;30.8;Fri Oct 25 2019 18:00:06 GMT+0200 (CEST);Fri Oct 25 2019 16:00:06 GMT+0200 (CEST);1572019206000;0;2.21;15.32
1380556831572750;21.5;29.8;Fri Oct 25 2019 18:01:59 GMT+0200 (CEST);Fri Oct 25 2019 16:01:59 GMT+0200 (CEST);1572019319000;0;1.64;15.25
1380556831572750;21.5;28.6;Fri Oct 25 2019 18:03:52 GMT+0200 (CEST);Fri Oct 25 2019 16:03:52 GMT+0200 (CEST);1572019432000;0;0.83;15.14
1380556831572750;21.5;28.6;Fri Oct 25 2019 18:05:55 GMT+0200 (CEST);Fri Oct 25 2019 16:05:55 GMT+0200 (CEST);1572019555000;0;-0.01;15.04
1380556831572750;21.5;28.6;Fri Oct 25 2019 18:07:51 GMT+0200 (CEST);Fri Oct 25 2019 16:07:51 GMT+0200 (CEST);1572019671000;0;-0.01;14.96
1380556831572750;7.4;29.4;Sat Oct 26 2019 08:06:12 GMT+0200 (CEST);Sat Oct 26 2019 06:06:12 GMT+0200 (CEST);1572069972000;0;12.84;6.08
1380556831572750;7.4;31;Sat Oct 26 2019 08:08:05 GMT+0200 (CEST);Sat Oct 26 2019 06:08:05 GMT+0200 (CEST);1572070085000;0;14.69;6.07
1380556831572750;9.9;34.1;Sat Oct 26 2019 08:09:59 GMT+0200 (CEST);Sat Oct 26 2019 06:09:59 GMT+0200 (CEST);1572070199000;0;16.43;6.05
1380556831572750;9.9;33.8;Sat Oct 26 2019 08:11:57 GMT+0200 (CEST);Sat Oct 26 2019 06:11:57 GMT+0200 (CEST);1572070317000;0;18.67;6.1
1380556831572750;11.9;35.3;Sat Oct 26 2019 08:13:49 GMT+0200 (CEST);Sat Oct 26 2019 06:13:49 GMT+0200 (CEST);1572070429000;0;20.19;6.17
1380556831572750;11.9;36.5;Sat Oct 26 2019 08:15:42 GMT+0200 (CEST);Sat Oct 26 2019 06:15:42 GMT+0200 (CEST);1572070542000;0;21.57;6.21
1380556831572750;11.9;36.9;Sat Oct 26 2019 08:17:35 GMT+0200 (CEST);Sat Oct 26 2019 06:17:35 GMT+0200 (CEST);1572070655000;0;23.31;6.25
1380556831572750;13.4;36.5;Sat Oct 26 2019 08:19:42 GMT+0200 (CEST);Sat Oct 26 2019 06:19:42 GMT+0200 (CEST);1572070782000;0.1;25.07;6.25
1380556831572750;13.4;31.2;Sat Oct 26 2019 08:21:52 GMT+0200 (CEST);Sat Oct 26 2019 06:21:52 GMT+0200 (CEST);1572070912000;0.1;27.19;6.25
1380556831572750;11.4;31.2;Sat Oct 26 2019 08:23:45 GMT+0200 (CEST);Sat Oct 26 2019 06:23:45 GMT+0200 (CEST);1572071025000;0.1;27.84;6.25
1380556831572750;11.4;31.2;Sat Oct 26 2019 08:25:37 GMT+0200 (CEST);Sat Oct 26 2019 06:25:37 GMT+0200 (CEST);1572071137000;0.12;31.51;6.27
1380556831572750;11.4;31.2;Sat Oct 26 2019 08:27:46 GMT+0200 (CEST);Sat Oct 26 2019 06:27:46 GMT+0200 (CEST);1572071266000;0.13;34.72;6.32
1380556831572750;11.4;31.2;Sat Oct 26 2019 08:29:40 GMT+0200 (CEST);Sat Oct 26 2019 06:29:40 GMT+0200 (CEST);1572071380000;0.13;36.47;6.4
1380556831572750;11.4;31.7;Sat Oct 26 2019 08:31:48 GMT+0200 (CEST);Sat Oct 26 2019 06:31:48 GMT+0200 (CEST);1572071508000;0.13;37.58;6.44
1380556831572750;11.4;31.2;Sat Oct 26 2019 08:33:41 GMT+0200 (CEST);Sat Oct 26 2019 06:33:41 GMT+0200 (CEST);1572071621000;0.12;40.26;6.5
1380556831572750;11.4;30.6;Sat Oct 26 2019 08:35:46 GMT+0200 (CEST);Sat Oct 26 2019 06:35:46 GMT+0200 (CEST);1572071746000;0.12;81.13;6.54
1380556831572750;11.4;31.5;Sat Oct 26 2019 08:37:39 GMT+0200 (CEST);Sat Oct 26 2019 06:37:39 GMT+0200 (CEST);1572071859000;0.13;78.72;6.64
1380556831572750;11.4;30.9;Sat Oct 26 2019 08:39:32 GMT+0200 (CEST);Sat Oct 26 2019 06:39:32 GMT+0200 (CEST);1572071972000;0.14;71.2;6.71
1380556831572750;11.4;31.7;Sat Oct 26 2019 08:41:25 GMT+0200 (CEST);Sat Oct 26 2019 06:41:25 GMT+0200 (CEST);1572072085000;0.16;86.23;6.77
1380556831572750;11.4;32.6;Sat Oct 26 2019 08:43:19 GMT+0200 (CEST);Sat Oct 26 2019 06:43:19 GMT+0200 (CEST);1572072199000;0.17;103.8;6.86
1380556831572750;11.4;32.8;Sat Oct 26 2019 08:45:14 GMT+0200 (CEST);Sat Oct 26 2019 06:45:14 GMT+0200 (CEST);1572072314000;0.19;169.03;7.02
1380556831572750;11.4;32.9;Sat Oct 26 2019 08:47:07 GMT+0200 (CEST);Sat Oct 26 2019 06:47:07 GMT+0200 (CEST);1572072427000;0.19;187.74;7.34
1380556831572750;11.4;33;Sat Oct 26 2019 08:49:00 GMT+0200 (CEST);Sat Oct 26 2019 06:49:00 GMT+0200 (CEST);1572072540000;0.2;193.31;7.67
1380556831572750;13.4;33.3;Sat Oct 26 2019 08:51:06 GMT+0200 (CEST);Sat Oct 26 2019 06:51:06 GMT+0200 (CEST);1572072666000;0.2;200.86;7.99
1380556831572750;13.4;33.3;Sat Oct 26 2019 08:52:59 GMT+0200 (CEST);Sat Oct 26 2019 06:52:59 GMT+0200 (CEST);1572072779000;0.21;207.22;8.28
1380556831572750;13.4;34;Sat Oct 26 2019 08:54:51 GMT+0200 (CEST);Sat Oct 26 2019 06:54:51 GMT+0200 (CEST);1572072891000;0.21;212.87;8.48
1380556831572750;13.4;34;Sat Oct 26 2019 08:56:48 GMT+0200 (CEST);Sat Oct 26 2019 06:56:48 GMT+0200 (CEST);1572073008000;0.22;219.57;8.68
1380556831572750;13.4;34.3;Sat Oct 26 2019 08:58:40 GMT+0200 (CEST);Sat Oct 26 2019 06:58:40 GMT+0200 (CEST);1572073120000;0.22;228.79;8.91
1380556831572750;13.4;34.9;Sat Oct 26 2019 09:00:33 GMT+0200 (CEST);Sat Oct 26 2019 07:00:33 GMT+0200 (CEST);1572073233000;0.22;235.09;9.12
1380556831572750;13.9;35;Sat Oct 26 2019 09:02:27 GMT+0200 (CEST);Sat Oct 26 2019 07:02:27 GMT+0200 (CEST);1572073347000;0.23;246.27;9.32
1380556831572750;13.9;34;Sat Oct 26 2019 09:04:19 GMT+0200 (CEST);Sat Oct 26 2019 07:04:19 GMT+0200 (CEST);1572073459000;0.23;248.59;9.5
1380556831572750;13.9;34.2;Sat Oct 26 2019 09:06:26 GMT+0200 (CEST);Sat Oct 26 2019 07:06:26 GMT+0200 (CEST);1572073586000;0.24;255.83;9.71
1380556831572750;13.9;33.4;Sat Oct 26 2019 09:08:19 GMT+0200 (CEST);Sat Oct 26 2019 07:08:19 GMT+0200 (CEST);1572073699000;0.26;261.35;9.89
1380556831572750;13.4;29.1;Sat Oct 26 2019 09:10:12 GMT+0200 (CEST);Sat Oct 26 2019 07:10:12 GMT+0200 (CEST);1572073812000;0.26;267.29;10.02
1380556831572750;13.4;33.5;Sat Oct 26 2019 09:12:05 GMT+0200 (CEST);Sat Oct 26 2019 07:12:05 GMT+0200 (CEST);1572073925000;0.26;271.82;10.17
1380556831572750;13.4;32.7;Sat Oct 26 2019 09:14:04 GMT+0200 (CEST);Sat Oct 26 2019 07:14:04 GMT+0200 (CEST);1572074044000;0.27;278.33;10.38
1380556831572750;13.4;30.8;Sat Oct 26 2019 09:15:58 GMT+0200 (CEST);Sat Oct 26 2019 07:15:58 GMT+0200 (CEST);1572074158000;0.29;286.25;10.51
1380556831572750;13.4;29.1;Sat Oct 26 2019 09:17:50 GMT+0200 (CEST);Sat Oct 26 2019 07:17:50 GMT+0200 (CEST);1572074270000;0.3;295.34;10.57
1380556831572750;13.4;29.1;Sat Oct 26 2019 09:19:43 GMT+0200 (CEST);Sat Oct 26 2019 07:19:43 GMT+0200 (CEST);1572074383000;0.3;299.13;10.65
1380556831572750;13.4;28.7;Sat Oct 26 2019 09:22:14 GMT+0200 (CEST);Sat Oct 26 2019 07:22:14 GMT+0200 (CEST);1572074534000;0.31;304.85;10.67
1380556831572750;13.4;28.7;Sat Oct 26 2019 09:24:07 GMT+0200 (CEST);Sat Oct 26 2019 07:24:07 GMT+0200 (CEST);1572074647000;0.32;311;10.74
1380556831572750;13.4;28.7;Sat Oct 26 2019 09:26:01 GMT+0200 (CEST);Sat Oct 26 2019 07:26:01 GMT+0200 (CEST);1572074761000;0.34;318.74;10.81
1380556831572750;13.4;28.7;Sat Oct 26 2019 09:27:54 GMT+0200 (CEST);Sat Oct 26 2019 07:27:54 GMT+0200 (CEST);1572074874000;0.35;323.71;10.92
1380556831572750;13.9;39.6;Sat Oct 26 2019 09:35:27 GMT+0200 (CEST);Sat Oct 26 2019 07:35:27 GMT+0200 (CEST);1572075327000;1.11;345.59;11.57
1380556831572750;13.9;37.2;Sat Oct 26 2019 09:37:46 GMT+0200 (CEST);Sat Oct 26 2019 07:37:46 GMT+0200 (CEST);1572075466000;1.49;355.83;11.73
1380556831572750;19.4;37.2;Sat Oct 26 2019 09:39:48 GMT+0200 (CEST);Sat Oct 26 2019 07:39:48 GMT+0200 (CEST);1572075588000;1.54;366.07;11.96
1380556831572750;19.4;37.2;Sat Oct 26 2019 09:41:46 GMT+0200 (CEST);Sat Oct 26 2019 07:41:46 GMT+0200 (CEST);1572075706000;1.6;373.75;12.12
1380556831572750;21.5;37;Sat Oct 26 2019 09:43:38 GMT+0200 (CEST);Sat Oct 26 2019 07:43:38 GMT+0200 (CEST);1572075818000;1.63;381.43;12.35
1380556831572750;21.5;36.3;Sat Oct 26 2019 09:45:38 GMT+0200 (CEST);Sat Oct 26 2019 07:45:38 GMT+0200 (CEST);1572075938000;1.7;389.11;12.71
1380556831572750;22;36.4;Sat Oct 26 2019 09:47:40 GMT+0200 (CEST);Sat Oct 26 2019 07:47:40 GMT+0200 (CEST);1572076060000;1.71;394.23;13.1
1380556831572750;22;36.1;Sat Oct 26 2019 09:49:33 GMT+0200 (CEST);Sat Oct 26 2019 07:49:33 GMT+0200 (CEST);1572076173000;1.77;401.91;13.47
1380556831572750;23.5;36.4;Sat Oct 26 2019 09:51:28 GMT+0200 (CEST);Sat Oct 26 2019 07:51:28 GMT+0200 (CEST);1572076288000;1.75;407.03;13.92
1380556831572750;23.5;36.3;Sat Oct 26 2019 09:53:27 GMT+0200 (CEST);Sat Oct 26 2019 07:53:27 GMT+0200 (CEST);1572076407000;1.81;412.15;14.34
1380556831572750;24;36;Sat Oct 26 2019 09:55:21 GMT+0200 (CEST);Sat Oct 26 2019 07:55:21 GMT+0200 (CEST);1572076521000;1.86;419.83;14.67
1380556831572750;24;35.7;Sat Oct 26 2019 09:57:14 GMT+0200 (CEST);Sat Oct 26 2019 07:57:14 GMT+0200 (CEST);1572076634000;1.92;427.51;14.9
1380556831572750;24;35.6;Sat Oct 26 2019 09:59:09 GMT+0200 (CEST);Sat Oct 26 2019 07:59:09 GMT+0200 (CEST);1572076749000;1.95;435.19;15.2
1380556831572750;25.5;35.6;Sat Oct 26 2019 10:01:03 GMT+0200 (CEST);Sat Oct 26 2019 08:01:03 GMT+0200 (CEST);1572076863000;2;445.43;15.38
1380556831572750;25.5;35.6;Sat Oct 26 2019 10:02:57 GMT+0200 (CEST);Sat Oct 26 2019 08:02:57 GMT+0200 (CEST);1572076977000;2.02;447.99;15.58
1380556831572750;26;35.6;Sat Oct 26 2019 10:04:50 GMT+0200 (CEST);Sat Oct 26 2019 08:04:50 GMT+0200 (CEST);1572077090000;2.05;458.23;15.67
1380556831572750;26;35.7;Sat Oct 26 2019 10:07:11 GMT+0200 (CEST);Sat Oct 26 2019 08:07:11 GMT+0200 (CEST);1572077231000;2.1;463.35;15.75
1380556831572750;27.5;35.4;Sat Oct 26 2019 10:09:22 GMT+0200 (CEST);Sat Oct 26 2019 08:09:22 GMT+0200 (CEST);1572077362000;2.12;471.03;15.9
1380556831572750;27.5;35.5;Sat Oct 26 2019 10:11:15 GMT+0200 (CEST);Sat Oct 26 2019 08:11:15 GMT+0200 (CEST);1572077475000;2.14;476.15;16.07
1380556831572750;27.5;35.4;Sat Oct 26 2019 10:13:08 GMT+0200 (CEST);Sat Oct 26 2019 08:13:08 GMT+0200 (CEST);1572077588000;2.15;486.39;16.28
1380556831572750;28;35.4;Sat Oct 26 2019 10:15:01 GMT+0200 (CEST);Sat Oct 26 2019 08:15:01 GMT+0200 (CEST);1572077701000;2.19;488.95;16.37
1380556831572750;28;35;Sat Oct 26 2019 10:16:53 GMT+0200 (CEST);Sat Oct 26 2019 08:16:53 GMT+0200 (CEST);1572077813000;2.26;499.19;16.5
1380556831572750;28;35.1;Sat Oct 26 2019 10:18:46 GMT+0200 (CEST);Sat Oct 26 2019 08:18:46 GMT+0200 (CEST);1572077926000;2.28;504.31;16.56
1380556831572750;28;35;Sat Oct 26 2019 10:21:10 GMT+0200 (CEST);Sat Oct 26 2019 08:21:10 GMT+0200 (CEST);1572078070000;2.33;514.55;16.6
1380556831572750;28;34.9;Sat Oct 26 2019 10:23:03 GMT+0200 (CEST);Sat Oct 26 2019 08:23:03 GMT+0200 (CEST);1572078183000;2.33;519.67;16.72
1380556831572750;29.5;34.9;Sat Oct 26 2019 10:24:57 GMT+0200 (CEST);Sat Oct 26 2019 08:24:57 GMT+0200 (CEST);1572078297000;2.38;527.35;16.92
1380556831572750;29.5;34.3;Sat Oct 26 2019 10:26:50 GMT+0200 (CEST);Sat Oct 26 2019 08:26:50 GMT+0200 (CEST);1572078410000;2.38;535.03;17.02
1380556831572750;29.5;35.1;Sat Oct 26 2019 10:28:43 GMT+0200 (CEST);Sat Oct 26 2019 08:28:43 GMT+0200 (CEST);1572078523000;2.39;540.15;17.22
1380556831572750;29.5;35.1;Sat Oct 26 2019 10:30:36 GMT+0200 (CEST);Sat Oct 26 2019 08:30:36 GMT+0200 (CEST);1572078636000;2.43;547.83;17.32
1380556831572750;30;35;Sat Oct 26 2019 10:32:29 GMT+0200 (CEST);Sat Oct 26 2019 08:32:29 GMT+0200 (CEST);1572078749000;2.44;555.51;17.45
1380556831572750;30;34.8;Sat Oct 26 2019 10:34:25 GMT+0200 (CEST);Sat Oct 26 2019 08:34:25 GMT+0200 (CEST);1572078865000;2.5;560.63;17.57
1380556831572750;30;34.7;Sat Oct 26 2019 10:36:33 GMT+0200 (CEST);Sat Oct 26 2019 08:36:33 GMT+0200 (CEST);1572078993000;2.48;563.19;17.76
1380556831572750;31.5;34.7;Sat Oct 26 2019 10:38:25 GMT+0200 (CEST);Sat Oct 26 2019 08:38:25 GMT+0200 (CEST);1572079105000;2.55;573.43;17.96
1380556831572750;31.5;34.5;Sat Oct 26 2019 10:40:20 GMT+0200 (CEST);Sat Oct 26 2019 08:40:20 GMT+0200 (CEST);1572079220000;2.57;575.99;18.17
1380556831572750;31.5;34.4;Sat Oct 26 2019 10:42:13 GMT+0200 (CEST);Sat Oct 26 2019 08:42:13 GMT+0200 (CEST);1572079333000;2.58;578.55;18.23
1380556831572750;31.5;34.4;Sat Oct 26 2019 10:44:05 GMT+0200 (CEST);Sat Oct 26 2019 08:44:05 GMT+0200 (CEST);1572079445000;2.59;583.67;18.35
1380556831572750;32;34.4;Sat Oct 26 2019 10:45:58 GMT+0200 (CEST);Sat Oct 26 2019 08:45:58 GMT+0200 (CEST);1572079558000;2.59;591.35;18.65
1380556831572750;32;34.3;Sat Oct 26 2019 10:47:56 GMT+0200 (CEST);Sat Oct 26 2019 08:47:56 GMT+0200 (CEST);1572079676000;2.62;593.91;18.96
1380556831572750;32;34.4;Sat Oct 26 2019 10:49:50 GMT+0200 (CEST);Sat Oct 26 2019 08:49:50 GMT+0200 (CEST);1572079790000;2.67;599.03;19.01
1380556831572750;33;34.1;Sat Oct 26 2019 10:51:48 GMT+0200 (CEST);Sat Oct 26 2019 08:51:48 GMT+0200 (CEST);1572079908000;2.71;606.71;19.27
1380556831572750;33;34.1;Sat Oct 26 2019 10:53:42 GMT+0200 (CEST);Sat Oct 26 2019 08:53:42 GMT+0200 (CEST);1572080022000;2.72;606.71;19.36
1380556831572750;33;34.1;Sat Oct 26 2019 10:55:35 GMT+0200 (CEST);Sat Oct 26 2019 08:55:35 GMT+0200 (CEST);1572080135000;2.72;606.71;19.6
1380556831572750;33;34.1;Sat Oct 26 2019 10:57:27 GMT+0200 (CEST);Sat Oct 26 2019 08:57:27 GMT+0200 (CEST);1572080247000;2.73;611.83;19.87
1380556831572750;33;34.1;Sat Oct 26 2019 10:59:11 GMT+0200 (CEST);Sat Oct 26 2019 08:59:11 GMT+0200 (CEST);1572080351000;2.74;614.39;20
1380556831572750;33;34.1;Sat Oct 26 2019 11:01:11 GMT+0200 (CEST);Sat Oct 26 2019 09:01:11 GMT+0200 (CEST);1572080471000;2.77;616.95;20.17
1380556831572750;33;34.1;Sat Oct 26 2019 11:03:34 GMT+0200 (CEST);Sat Oct 26 2019 09:03:34 GMT+0200 (CEST);1572080614000;2.78;622.07;20.27
1380556831572750;35.6;34.1;Sat Oct 26 2019 11:05:27 GMT+0200 (CEST);Sat Oct 26 2019 09:05:27 GMT+0200 (CEST);1572080727000;2.79;624.63;20.33
1380556831572750;35.6;34.1;Sat Oct 26 2019 11:07:21 GMT+0200 (CEST);Sat Oct 26 2019 09:07:21 GMT+0200 (CEST);1572080841000;2.8;627.19;20.46
1380556831572750;35.6;34.1;Sat Oct 26 2019 11:09:15 GMT+0200 (CEST);Sat Oct 26 2019 09:09:15 GMT+0200 (CEST);1572080955000;2.74;629.75;20.55
1380556831572750;35.6;34.7;Sat Oct 26 2019 11:11:11 GMT+0200 (CEST);Sat Oct 26 2019 09:11:11 GMT+0200 (CEST);1572081071000;2.76;634.87;20.55
1380556831572750;35.6;34.7;Sat Oct 26 2019 11:13:03 GMT+0200 (CEST);Sat Oct 26 2019 09:13:03 GMT+0200 (CEST);1572081183000;2.75;634.87;20.5
1380556831572750;36.1;35.2;Sat Oct 26 2019 11:14:56 GMT+0200 (CEST);Sat Oct 26 2019 09:14:56 GMT+0200 (CEST);1572081296000;2.75;639.99;20.5
1380556831572750;36.1;34.8;Sat Oct 26 2019 11:16:50 GMT+0200 (CEST);Sat Oct 26 2019 09:16:50 GMT+0200 (CEST);1572081410000;2.74;645.11;20.46
1380556831572750;37.6;35.8;Sat Oct 26 2019 11:18:50 GMT+0200 (CEST);Sat Oct 26 2019 09:18:50 GMT+0200 (CEST);1572081530000;2.8;647.67;20.57
1380556831572750;37.6;34.4;Sat Oct 26 2019 11:20:43 GMT+0200 (CEST);Sat Oct 26 2019 09:20:43 GMT+0200 (CEST);1572081643000;2.85;652.79;20.77
1380556831572750;37.6;34.2;Sat Oct 26 2019 11:22:41 GMT+0200 (CEST);Sat Oct 26 2019 09:22:41 GMT+0200 (CEST);1572081761000;2.89;657.19;20.89
1380556831572750;37.6;34.6;Sat Oct 26 2019 11:24:38 GMT+0200 (CEST);Sat Oct 26 2019 09:24:38 GMT+0200 (CEST);1572081878000;2.85;658.19;21.05
1380556831572750;37.6;34.7;Sat Oct 26 2019 11:26:31 GMT+0200 (CEST);Sat Oct 26 2019 09:26:31 GMT+0200 (CEST);1572081991000;2.87;664.2;21.09
1380556831572750;37.6;34.7;Sat Oct 26 2019 11:28:26 GMT+0200 (CEST);Sat Oct 26 2019 09:28:26 GMT+0200 (CEST);1572082106000;2.87;666.34;21.07
1380556831572750;37.6;34.4;Sat Oct 26 2019 11:30:20 GMT+0200 (CEST);Sat Oct 26 2019 09:30:20 GMT+0200 (CEST);1572082220000;2.93;672.35;21.21
1380556831572750;37.6;34.3;Sat Oct 26 2019 11:32:13 GMT+0200 (CEST);Sat Oct 26 2019 09:32:13 GMT+0200 (CEST);1572082333000;2.95;674.62;21.44
1380556831572750;38.1;34.4;Sat Oct 26 2019 11:34:12 GMT+0200 (CEST);Sat Oct 26 2019 09:34:12 GMT+0200 (CEST);1572082452000;2.96;675.65;21.62
1380556831572750;38.1;34.4;Sat Oct 26 2019 11:36:04 GMT+0200 (CEST);Sat Oct 26 2019 09:36:04 GMT+0200 (CEST);1572082564000;2.97;682.22;21.69
1380556831572750;39.6;34.3;Sat Oct 26 2019 11:37:57 GMT+0200 (CEST);Sat Oct 26 2019 09:37:57 GMT+0200 (CEST);1572082677000;3.01;684.09;21.73
1380556831572750;39.6;34.4;Sat Oct 26 2019 11:39:51 GMT+0200 (CEST);Sat Oct 26 2019 09:39:51 GMT+0200 (CEST);1572082791000;2.94;688.56;21.78
1380556831572750;39.6;34.4;Sat Oct 26 2019 11:41:44 GMT+0200 (CEST);Sat Oct 26 2019 09:41:44 GMT+0200 (CEST);1572082904000;3;692.29;21.87
1380556831572750;39.6;34.3;Sat Oct 26 2019 11:43:37 GMT+0200 (CEST);Sat Oct 26 2019 09:43:37 GMT+0200 (CEST);1572083017000;2.92;692.69;22.1
1380556831572750;39.6;34.5;Sat Oct 26 2019 11:45:39 GMT+0200 (CEST);Sat Oct 26 2019 09:45:39 GMT+0200 (CEST);1572083139000;3.03;696.81;22.24
1380556831572750;40.1;33.6;Sat Oct 26 2019 11:47:33 GMT+0200 (CEST);Sat Oct 26 2019 09:47:33 GMT+0200 (CEST);1572083253000;3.19;696.66;22.36
1380556831572750;40.1;33.7;Sat Oct 26 2019 11:49:54 GMT+0200 (CEST);Sat Oct 26 2019 09:49:54 GMT+0200 (CEST);1572083394000;3.16;702.7;22.48
1380556831572750;40.1;33.2;Sat Oct 26 2019 11:51:49 GMT+0200 (CEST);Sat Oct 26 2019 09:51:49 GMT+0200 (CEST);1572083509000;3.25;705.58;22.46
1380556831572750;40.1;32.8;Sat Oct 26 2019 11:53:42 GMT+0200 (CEST);Sat Oct 26 2019 09:53:42 GMT+0200 (CEST);1572083622000;3.3;705.09;22.47
1380556831572750;40.1;32.9;Sat Oct 26 2019 11:55:34 GMT+0200 (CEST);Sat Oct 26 2019 09:55:34 GMT+0200 (CEST);1572083734000;3.29;708.69;22.22
1380556831572750;40.1;32.8;Sat Oct 26 2019 11:57:40 GMT+0200 (CEST);Sat Oct 26 2019 09:57:40 GMT+0200 (CEST);1572083860000;3.33;713.77;22.17
1380556831572750;40.1;32.7;Sat Oct 26 2019 11:59:47 GMT+0200 (CEST);Sat Oct 26 2019 09:59:47 GMT+0200 (CEST);1572083987000;3.36;717.95;22.21
1380556831572750;40.1;32.6;Sat Oct 26 2019 12:01:40 GMT+0200 (CEST);Sat Oct 26 2019 10:01:40 GMT+0200 (CEST);1572084100000;3.36;716.99;22.28
1380556831572750;40.1;32.6;Sat Oct 26 2019 12:03:34 GMT+0200 (CEST);Sat Oct 26 2019 10:03:34 GMT+0200 (CEST);1572084214000;3.39;720.76;22.55
1380556831572750;40.1;32.5;Sat Oct 26 2019 12:05:57 GMT+0200 (CEST);Sat Oct 26 2019 10:05:57 GMT+0200 (CEST);1572084357000;3.39;722.81;22.92
1380556831572750;40.1;32.3;Sat Oct 26 2019 12:07:50 GMT+0200 (CEST);Sat Oct 26 2019 10:07:50 GMT+0200 (CEST);1572084470000;3.41;722.49;23.12
1380556831572750;40.1;32.1;Sat Oct 26 2019 12:09:54 GMT+0200 (CEST);Sat Oct 26 2019 10:09:54 GMT+0200 (CEST);1572084594000;3.4;720.19;23.43
1380556831572750;40.1;32.1;Sat Oct 26 2019 12:11:50 GMT+0200 (CEST);Sat Oct 26 2019 10:11:50 GMT+0200 (CEST);1572084710000;3.43;726.25;23.68
1380556831572750;40.1;32.3;Sat Oct 26 2019 12:13:53 GMT+0200 (CEST);Sat Oct 26 2019 10:13:53 GMT+0200 (CEST);1572084833000;3.42;726.97;23.76
1380556831572750;40.1;32.3;Sat Oct 26 2019 12:15:45 GMT+0200 (CEST);Sat Oct 26 2019 10:15:45 GMT+0200 (CEST);1572084945000;3.42;728;24.01
1380556831572750;41.1;32.3;Sat Oct 26 2019 12:17:38 GMT+0200 (CEST);Sat Oct 26 2019 10:17:38 GMT+0200 (CEST);1572085058000;3.48;737.81;24.3
1380556831572750;41.1;32.1;Sat Oct 26 2019 12:19:31 GMT+0200 (CEST);Sat Oct 26 2019 10:19:31 GMT+0200 (CEST);1572085171000;3.46;733.05;24.65
1380556831572750;41.6;32;Sat Oct 26 2019 12:21:53 GMT+0200 (CEST);Sat Oct 26 2019 10:21:53 GMT+0200 (CEST);1572085313000;3.48;736.11;24.86
1380556831572750;41.6;32;Sat Oct 26 2019 12:23:46 GMT+0200 (CEST);Sat Oct 26 2019 10:23:46 GMT+0200 (CEST);1572085426000;3.48;734.44;25.13
1380556831572750;41.6;32.1;Sat Oct 26 2019 12:25:39 GMT+0200 (CEST);Sat Oct 26 2019 10:25:39 GMT+0200 (CEST);1572085539000;3.43;726.98;25.17
1380556831572750;43.6;32.1;Sat Oct 26 2019 12:27:31 GMT+0200 (CEST);Sat Oct 26 2019 10:27:31 GMT+0200 (CEST);1572085651000;3.46;728.23;25.19
1380556831572750;43.6;32.4;Sat Oct 26 2019 12:29:24 GMT+0200 (CEST);Sat Oct 26 2019 10:29:24 GMT+0200 (CEST);1572085764000;3.4;729.08;25.19
1380556831572750;42.1;32.5;Sat Oct 26 2019 12:31:24 GMT+0200 (CEST);Sat Oct 26 2019 10:31:24 GMT+0200 (CEST);1572085884000;3.42;730.66;25.1
1380556831572750;42.1;32.8;Sat Oct 26 2019 12:33:20 GMT+0200 (CEST);Sat Oct 26 2019 10:33:20 GMT+0200 (CEST);1572086000000;3.39;735.7;25.12
1380556831572750;42.1;32.7;Sat Oct 26 2019 12:35:38 GMT+0200 (CEST);Sat Oct 26 2019 10:35:38 GMT+0200 (CEST);1572086138000;3.42;739.72;25.14
1380556831572750;42.1;32.7;Sat Oct 26 2019 12:37:32 GMT+0200 (CEST);Sat Oct 26 2019 10:37:32 GMT+0200 (CEST);1572086252000;3.42;741.72;25.23
1380556831572750;42.1;33;Sat Oct 26 2019 12:39:24 GMT+0200 (CEST);Sat Oct 26 2019 10:39:24 GMT+0200 (CEST);1572086364000;3.49;745.55;25.18
1380556831572750;43.6;33;Sat Oct 26 2019 12:41:25 GMT+0200 (CEST);Sat Oct 26 2019 10:41:25 GMT+0200 (CEST);1572086485000;3.48;748.04;25.1
1380556831572750;43.6;32.3;Sat Oct 26 2019 12:43:18 GMT+0200 (CEST);Sat Oct 26 2019 10:43:18 GMT+0200 (CEST);1572086598000;3.49;741.82;25.1
1380556831572750;43.6;32.6;Sat Oct 26 2019 12:45:15 GMT+0200 (CEST);Sat Oct 26 2019 10:45:15 GMT+0200 (CEST);1572086715000;3.5;736.96;25.12
1380556831572750;43.6;32;Sat Oct 26 2019 12:47:08 GMT+0200 (CEST);Sat Oct 26 2019 10:47:08 GMT+0200 (CEST);1572086828000;3.47;739.42;25.1
1380556831572750;43.6;32.3;Sat Oct 26 2019 12:49:01 GMT+0200 (CEST);Sat Oct 26 2019 10:49:01 GMT+0200 (CEST);1572086941000;3.44;739.65;25.1
1380556831572750;43.6;32.4;Sat Oct 26 2019 12:50:59 GMT+0200 (CEST);Sat Oct 26 2019 10:50:59 GMT+0200 (CEST);1572087059000;3.46;737.87;25.05
1380556831572750;43.6;32.2;Sat Oct 26 2019 12:52:52 GMT+0200 (CEST);Sat Oct 26 2019 10:52:52 GMT+0200 (CEST);1572087172000;3.46;739.94;25
1380556831572750;43.6;32.4;Sat Oct 26 2019 12:54:53 GMT+0200 (CEST);Sat Oct 26 2019 10:54:53 GMT+0200 (CEST);1572087293000;3.38;738.51;25.04
1380556831572750;43.6;32.7;Sat Oct 26 2019 12:56:46 GMT+0200 (CEST);Sat Oct 26 2019 10:56:46 GMT+0200 (CEST);1572087406000;3.46;736.85;25.27
1380556831572750;43.6;32.2;Sat Oct 26 2019 12:58:39 GMT+0200 (CEST);Sat Oct 26 2019 10:58:39 GMT+0200 (CEST);1572087519000;3.41;740.05;25.38
1380556831572750;44.1;32.2;Sat Oct 26 2019 13:00:32 GMT+0200 (CEST);Sat Oct 26 2019 11:00:32 GMT+0200 (CEST);1572087632000;3.47;734.66;25.31
1380556831572750;44.1;32.6;Sat Oct 26 2019 13:02:28 GMT+0200 (CEST);Sat Oct 26 2019 11:02:28 GMT+0200 (CEST);1572087748000;3.49;738.65;25.26
1380556831572750;43.6;32.2;Sat Oct 26 2019 13:04:21 GMT+0200 (CEST);Sat Oct 26 2019 11:04:21 GMT+0200 (CEST);1572087861000;3.49;739.69;25.21
1380556831572750;43.6;32.1;Sat Oct 26 2019 13:06:25 GMT+0200 (CEST);Sat Oct 26 2019 11:06:25 GMT+0200 (CEST);1572087985000;3.48;736.8;25.13
1380556831572750;43.6;32.1;Sat Oct 26 2019 13:08:18 GMT+0200 (CEST);Sat Oct 26 2019 11:08:18 GMT+0200 (CEST);1572088098000;3.48;734.97;25.24
1380556831572750;43.6;32;Sat Oct 26 2019 13:10:15 GMT+0200 (CEST);Sat Oct 26 2019 11:10:15 GMT+0200 (CEST);1572088215000;3.46;734.34;25.41
1380556831572750;43.6;32.1;Sat Oct 26 2019 13:12:08 GMT+0200 (CEST);Sat Oct 26 2019 11:12:08 GMT+0200 (CEST);1572088328000;3.44;729.91;25.57
1380556831572750;43.6;32;Sat Oct 26 2019 13:14:02 GMT+0200 (CEST);Sat Oct 26 2019 11:14:02 GMT+0200 (CEST);1572088442000;3.45;728.75;25.97
1380556831572750;43.6;32;Sat Oct 26 2019 13:15:56 GMT+0200 (CEST);Sat Oct 26 2019 11:15:56 GMT+0200 (CEST);1572088556000;3.48;732.33;25.99
1380556831572750;43.6;31.9;Sat Oct 26 2019 13:17:50 GMT+0200 (CEST);Sat Oct 26 2019 11:17:50 GMT+0200 (CEST);1572088670000;3.48;733.04;26.11
1380556831572750;43.6;32;Sat Oct 26 2019 13:19:09 GMT+0200 (CEST);Sat Oct 26 2019 11:19:09 GMT+0200 (CEST);1572088749000;3.48;733.61;26.14
1380556831572750;43.6;32.3;Sat Oct 26 2019 13:21:02 GMT+0200 (CEST);Sat Oct 26 2019 11:21:02 GMT+0200 (CEST);1572088862000;3.44;730.56;25.76
1380556831572750;43.6;32.3;Sat Oct 26 2019 13:23:14 GMT+0200 (CEST);Sat Oct 26 2019 11:23:14 GMT+0200 (CEST);1572088994000;3.41;728;25.75
1380556831572750;43.6;32.4;Sat Oct 26 2019 13:25:10 GMT+0200 (CEST);Sat Oct 26 2019 11:25:10 GMT+0200 (CEST);1572089110000;3.24;719.04;25.57
1380556831572750;43.6;32.6;Sat Oct 26 2019 13:27:03 GMT+0200 (CEST);Sat Oct 26 2019 11:27:03 GMT+0200 (CEST);1572089223000;3.35;723.54;25.41
1380556831572750;43.6;32.4;Sat Oct 26 2019 13:28:56 GMT+0200 (CEST);Sat Oct 26 2019 11:28:56 GMT+0200 (CEST);1572089336000;3.33;719.49;25.43
1380556831572750;43.6;32.5;Sat Oct 26 2019 13:30:55 GMT+0200 (CEST);Sat Oct 26 2019 11:30:55 GMT+0200 (CEST);1572089455000;3.4;725.55;25.53
1380556831572750;43.6;32;Sat Oct 26 2019 13:32:52 GMT+0200 (CEST);Sat Oct 26 2019 11:32:52 GMT+0200 (CEST);1572089572000;3.43;722.19;25.79
1380556831572750;43.6;31.8;Sat Oct 26 2019 13:34:45 GMT+0200 (CEST);Sat Oct 26 2019 11:34:45 GMT+0200 (CEST);1572089685000;3.39;717.08;25.89
1380556831572750;44.1;32.5;Sat Oct 26 2019 13:36:38 GMT+0200 (CEST);Sat Oct 26 2019 11:36:38 GMT+0200 (CEST);1572089798000;3.36;711.86;25.85
1380556831572750;44.1;32;Sat Oct 26 2019 13:38:54 GMT+0200 (CEST);Sat Oct 26 2019 11:38:54 GMT+0200 (CEST);1572089934000;3.37;711.54;25.89
1380556831572750;44.1;31.9;Sat Oct 26 2019 13:40:47 GMT+0200 (CEST);Sat Oct 26 2019 11:40:47 GMT+0200 (CEST);1572090047000;3.38;710.63;25.96
1380556831572750;43.6;31.9;Sat Oct 26 2019 13:42:39 GMT+0200 (CEST);Sat Oct 26 2019 11:42:39 GMT+0200 (CEST);1572090159000;3.36;707.57;25.92
1380556831572750;43.6;32.1;Sat Oct 26 2019 13:44:32 GMT+0200 (CEST);Sat Oct 26 2019 11:44:32 GMT+0200 (CEST);1572090272000;3.34;710.44;26
1380556831572750;43.6;32.2;Sat Oct 26 2019 13:46:29 GMT+0200 (CEST);Sat Oct 26 2019 11:46:29 GMT+0200 (CEST);1572090389000;3.32;702.27;25.65
1380556831572750;43.6;32.5;Sat Oct 26 2019 13:48:22 GMT+0200 (CEST);Sat Oct 26 2019 11:48:22 GMT+0200 (CEST);1572090502000;3.26;697.97;25.5
1380556831572750;43.6;32.6;Sat Oct 26 2019 13:50:19 GMT+0200 (CEST);Sat Oct 26 2019 11:50:19 GMT+0200 (CEST);1572090619000;3.18;699.43;25.51
1380556831572750;43.6;33.1;Sat Oct 26 2019 13:52:11 GMT+0200 (CEST);Sat Oct 26 2019 11:52:11 GMT+0200 (CEST);1572090731000;3.18;702.43;25.53
1380556831572750;43.6;32.8;Sat Oct 26 2019 13:54:34 GMT+0200 (CEST);Sat Oct 26 2019 11:54:34 GMT+0200 (CEST);1572090874000;3.22;694.64;25.64
1380556831572750;43.6;32.6;Sat Oct 26 2019 13:56:27 GMT+0200 (CEST);Sat Oct 26 2019 11:56:27 GMT+0200 (CEST);1572090987000;3.22;690.29;25.51
1380556831572750;43.6;32.6;Sat Oct 26 2019 13:58:19 GMT+0200 (CEST);Sat Oct 26 2019 11:58:19 GMT+0200 (CEST);1572091099000;3.23;691.96;25.2
1380556831572750;43.6;32.6;Sat Oct 26 2019 14:00:26 GMT+0200 (CEST);Sat Oct 26 2019 12:00:26 GMT+0200 (CEST);1572091226000;3.16;678.37;24.78
1380556831572750;43.6;32.6;Sat Oct 26 2019 14:02:21 GMT+0200 (CEST);Sat Oct 26 2019 12:02:21 GMT+0200 (CEST);1572091341000;3.17;685.83;24.71
1380556831572750;42.1;32.9;Sat Oct 26 2019 14:04:14 GMT+0200 (CEST);Sat Oct 26 2019 12:04:14 GMT+0200 (CEST);1572091454000;3.12;677.93;24.73
1380556831572750;42.1;32.9;Sat Oct 26 2019 14:06:06 GMT+0200 (CEST);Sat Oct 26 2019 12:06:06 GMT+0200 (CEST);1572091566000;3.11;667.15;24.77
1380556831572750;42.1;32.4;Sat Oct 26 2019 14:08:01 GMT+0200 (CEST);Sat Oct 26 2019 12:08:01 GMT+0200 (CEST);1572091681000;3.15;668.86;24.82
1380556831572750;42.1;32.5;Sat Oct 26 2019 14:09:55 GMT+0200 (CEST);Sat Oct 26 2019 12:09:55 GMT+0200 (CEST);1572091795000;3.15;672.46;24.89
1380556831572750;42.1;32.9;Sat Oct 26 2019 14:11:47 GMT+0200 (CEST);Sat Oct 26 2019 12:11:47 GMT+0200 (CEST);1572091907000;3.12;671.22;24.98
1380556831572750;42.1;32.6;Sat Oct 26 2019 14:13:40 GMT+0200 (CEST);Sat Oct 26 2019 12:13:40 GMT+0200 (CEST);1572092020000;3.11;658.98;24.86
1380556831572750;41.6;32.6;Sat Oct 26 2019 14:15:38 GMT+0200 (CEST);Sat Oct 26 2019 12:15:38 GMT+0200 (CEST);1572092138000;3.08;657.76;25.03
1380556831572750;41.6;32.8;Sat Oct 26 2019 14:17:40 GMT+0200 (CEST);Sat Oct 26 2019 12:17:40 GMT+0200 (CEST);1572092260000;3.05;655.35;25.12
1380556831572750;41.6;32.9;Sat Oct 26 2019 14:19:33 GMT+0200 (CEST);Sat Oct 26 2019 12:19:33 GMT+0200 (CEST);1572092373000;3.13;662.27;25.31
1380556831572750;41.6;32.1;Sat Oct 26 2019 14:21:29 GMT+0200 (CEST);Sat Oct 26 2019 12:21:29 GMT+0200 (CEST);1572092489000;3.12;655.35;25.33
1380556831572750;41.6;32.1;Sat Oct 26 2019 14:23:22 GMT+0200 (CEST);Sat Oct 26 2019 12:23:22 GMT+0200 (CEST);1572092602000;3.07;647.67;25.36
1380556831572750;41.6;32.5;Sat Oct 26 2019 14:25:20 GMT+0200 (CEST);Sat Oct 26 2019 12:25:20 GMT+0200 (CEST);1572092720000;3.02;645.11;25.71
1380556831572750;41.6;32.5;Sat Oct 26 2019 14:27:13 GMT+0200 (CEST);Sat Oct 26 2019 12:27:13 GMT+0200 (CEST);1572092833000;3.04;639.99;25.86
1380556831572750;41.6;32;Sat Oct 26 2019 14:29:09 GMT+0200 (CEST);Sat Oct 26 2019 12:29:09 GMT+0200 (CEST);1572092949000;3.08;642.55;25.71
1380556831572750;41.6;32;Sat Oct 26 2019 14:31:03 GMT+0200 (CEST);Sat Oct 26 2019 12:31:03 GMT+0200 (CEST);1572093063000;3.05;637.43;25.77
1380556831572750;41.1;32;Sat Oct 26 2019 14:33:07 GMT+0200 (CEST);Sat Oct 26 2019 12:33:07 GMT+0200 (CEST);1572093187000;3.03;634.87;25.62
1380556831572750;41.1;32;Sat Oct 26 2019 14:35:00 GMT+0200 (CEST);Sat Oct 26 2019 12:35:00 GMT+0200 (CEST);1572093300000;3;629.75;25.54
1380556831572750;41.1;31.7;Sat Oct 26 2019 14:36:54 GMT+0200 (CEST);Sat Oct 26 2019 12:36:54 GMT+0200 (CEST);1572093414000;3.01;629.75;25.66
1380556831572750;41.1;31.9;Sat Oct 26 2019 14:38:47 GMT+0200 (CEST);Sat Oct 26 2019 12:38:47 GMT+0200 (CEST);1572093527000;2.95;624.63;25.73
1380556831572750;41.1;33.2;Sat Oct 26 2019 14:40:41 GMT+0200 (CEST);Sat Oct 26 2019 12:40:41 GMT+0200 (CEST);1572093641000;2.83;619.51;25.67
1380556831572750;41.6;33.4;Sat Oct 26 2019 14:42:36 GMT+0200 (CEST);Sat Oct 26 2019 12:42:36 GMT+0200 (CEST);1572093756000;2.77;611.83;25.55
1380556831572750;41.6;33.8;Sat Oct 26 2019 14:44:28 GMT+0200 (CEST);Sat Oct 26 2019 12:44:28 GMT+0200 (CEST);1572093868000;2.81;611.83;25.6
1380556831572750;41.6;33.3;Sat Oct 26 2019 14:46:23 GMT+0200 (CEST);Sat Oct 26 2019 12:46:23 GMT+0200 (CEST);1572093983000;2.7;601.59;25.49
1380556831572750;41.6;33.4;Sat Oct 26 2019 14:48:16 GMT+0200 (CEST);Sat Oct 26 2019 12:48:16 GMT+0200 (CEST);1572094096000;2.63;599.03;25.5
1380556831572750;41.6;36;Sat Oct 26 2019 14:50:20 GMT+0200 (CEST);Sat Oct 26 2019 12:50:20 GMT+0200 (CEST);1572094220000;2.03;588.79;25.57
1380556831572750;42.1;33.4;Sat Oct 26 2019 14:52:20 GMT+0200 (CEST);Sat Oct 26 2019 12:52:20 GMT+0200 (CEST);1572094340000;2.68;591.35;25.56
1380556831572750;42.1;33.5;Sat Oct 26 2019 14:54:13 GMT+0200 (CEST);Sat Oct 26 2019 12:54:13 GMT+0200 (CEST);1572094453000;2.68;591.35;25.53
1380556831572750;41.6;33.5;Sat Oct 26 2019 14:56:28 GMT+0200 (CEST);Sat Oct 26 2019 12:56:28 GMT+0200 (CEST);1572094588000;2.65;583.67;25.29
1380556831572750;41.6;33.6;Sat Oct 26 2019 14:58:23 GMT+0200 (CEST);Sat Oct 26 2019 12:58:23 GMT+0200 (CEST);1572094703000;2.58;573.43;25.18
1380556831572750;41.6;33.6;Sat Oct 26 2019 15:00:16 GMT+0200 (CEST);Sat Oct 26 2019 13:00:16 GMT+0200 (CEST);1572094816000;2.6;573.43;25.14
1380556831572750;41.6;33.6;Sat Oct 26 2019 15:02:10 GMT+0200 (CEST);Sat Oct 26 2019 13:02:10 GMT+0200 (CEST);1572094930000;2.58;570.87;25.14
1380556831572750;41.6;33.6;Sat Oct 26 2019 15:04:26 GMT+0200 (CEST);Sat Oct 26 2019 13:04:26 GMT+0200 (CEST);1572095066000;2.54;563.19;25.46
1380556831572750;40.1;33.6;Sat Oct 26 2019 15:06:11 GMT+0200 (CEST);Sat Oct 26 2019 13:06:11 GMT+0200 (CEST);1572095171000;2.51;555.51;25.58
1380556831572750;40.1;33.6;Sat Oct 26 2019 15:08:09 GMT+0200 (CEST);Sat Oct 26 2019 13:08:09 GMT+0200 (CEST);1572095289000;2.49;550.39;25.91
1380556831572750;40.1;33.6;Sat Oct 26 2019 15:10:01 GMT+0200 (CEST);Sat Oct 26 2019 13:10:01 GMT+0200 (CEST);1572095401000;2.45;542.71;25.89
1380556831572750;40.1;33.6;Sat Oct 26 2019 15:12:08 GMT+0200 (CEST);Sat Oct 26 2019 13:12:08 GMT+0200 (CEST);1572095528000;2.42;537.59;25.76
1380556831572750;40.1;33.6;Sat Oct 26 2019 15:14:05 GMT+0200 (CEST);Sat Oct 26 2019 13:14:05 GMT+0200 (CEST);1572095645000;2.41;532.47;25.69
1380556831572750;40.1;33.6;Sat Oct 26 2019 15:16:03 GMT+0200 (CEST);Sat Oct 26 2019 13:16:03 GMT+0200 (CEST);1572095763000;2.36;522.23;25.84
1380556831572750;40.1;33.6;Sat Oct 26 2019 15:17:55 GMT+0200 (CEST);Sat Oct 26 2019 13:17:55 GMT+0200 (CEST);1572095875000;2.36;517.11;25.99
1380556831572750;40.1;33.6;Sat Oct 26 2019 15:19:51 GMT+0200 (CEST);Sat Oct 26 2019 13:19:51 GMT+0200 (CEST);1572095991000;2.32;511.99;26.1
1380556831572750;40.1;33.6;Sat Oct 26 2019 15:21:55 GMT+0200 (CEST);Sat Oct 26 2019 13:21:55 GMT+0200 (CEST);1572096115000;2.32;506.87;26.07
1380556831572750;40.1;33.6;Sat Oct 26 2019 15:23:48 GMT+0200 (CEST);Sat Oct 26 2019 13:23:48 GMT+0200 (CEST);1572096228000;2.27;499.19;26.17
1380556831572750;40.1;33.6;Sat Oct 26 2019 15:25:52 GMT+0200 (CEST);Sat Oct 26 2019 13:25:52 GMT+0200 (CEST);1572096352000;2.23;491.51;26.37
1380556831572750;40.1;34;Sat Oct 26 2019 15:27:45 GMT+0200 (CEST);Sat Oct 26 2019 13:27:45 GMT+0200 (CEST);1572096465000;2.19;486.39;26.37
1380556831572750;39.6;33.7;Sat Oct 26 2019 15:29:39 GMT+0200 (CEST);Sat Oct 26 2019 13:29:39 GMT+0200 (CEST);1572096579000;2.17;483.83;26.29
1380556831572750;39.6;34.3;Sat Oct 26 2019 15:31:32 GMT+0200 (CEST);Sat Oct 26 2019 13:31:32 GMT+0200 (CEST);1572096692000;2.14;481.27;26.18
1380556831572750;39.6;33.8;Sat Oct 26 2019 15:33:43 GMT+0200 (CEST);Sat Oct 26 2019 13:33:43 GMT+0200 (CEST);1572096823000;2.13;473.59;26.03
1380556831572750;39.6;33.8;Sat Oct 26 2019 15:35:40 GMT+0200 (CEST);Sat Oct 26 2019 13:35:40 GMT+0200 (CEST);1572096940000;2.09;465.91;26.23
1380556831572750;39.6;33.9;Sat Oct 26 2019 15:37:33 GMT+0200 (CEST);Sat Oct 26 2019 13:37:33 GMT+0200 (CEST);1572097053000;2.05;458.23;26.18
1380556831572750;39.6;34;Sat Oct 26 2019 15:39:26 GMT+0200 (CEST);Sat Oct 26 2019 13:39:26 GMT+0200 (CEST);1572097166000;2.02;455.67;25.98
1380556831572750;39.6;34.1;Sat Oct 26 2019 15:41:25 GMT+0200 (CEST);Sat Oct 26 2019 13:41:25 GMT+0200 (CEST);1572097285000;2.01;447.99;25.6
1380556831572750;39.6;34;Sat Oct 26 2019 15:43:18 GMT+0200 (CEST);Sat Oct 26 2019 13:43:18 GMT+0200 (CEST);1572097398000;1.97;442.87;25.44
1380556831572750;39.6;34.5;Sat Oct 26 2019 15:45:10 GMT+0200 (CEST);Sat Oct 26 2019 13:45:10 GMT+0200 (CEST);1572097510000;1.77;435.19;25.48
1380556831572750;39.6;35.8;Sat Oct 26 2019 15:47:07 GMT+0200 (CEST);Sat Oct 26 2019 13:47:07 GMT+0200 (CEST);1572097627000;1.9;430.07;25.56
1380556831572750;39.6;34;Sat Oct 26 2019 15:48:59 GMT+0200 (CEST);Sat Oct 26 2019 13:48:59 GMT+0200 (CEST);1572097739000;1.54;424.95;25.6
1380556831572750;39.6;34.5;Sat Oct 26 2019 15:50:54 GMT+0200 (CEST);Sat Oct 26 2019 13:50:54 GMT+0200 (CEST);1572097854000;1.7;417.27;25.55
1380556831572750;39.6;37.3;Sat Oct 26 2019 15:52:47 GMT+0200 (CEST);Sat Oct 26 2019 13:52:47 GMT+0200 (CEST);1572097967000;1.31;407.03;25.52
1380556831572750;39.6;34.3;Sat Oct 26 2019 15:54:49 GMT+0200 (CEST);Sat Oct 26 2019 13:54:49 GMT+0200 (CEST);1572098089000;1.68;401.91;25.51
1380556831572750;39.6;35.2;Sat Oct 26 2019 15:56:42 GMT+0200 (CEST);Sat Oct 26 2019 13:56:42 GMT+0200 (CEST);1572098202000;1.45;394.23;25.39
1380556831572750;39.6;37;Sat Oct 26 2019 15:58:36 GMT+0200 (CEST);Sat Oct 26 2019 13:58:36 GMT+0200 (CEST);1572098316000;1.16;386.55;25.45
1380556831572750;39.6;33;Sat Oct 26 2019 16:00:28 GMT+0200 (CEST);Sat Oct 26 2019 14:00:28 GMT+0200 (CEST);1572098428000;1.21;381.43;25.33
1380556831572750;39.6;33;Sat Oct 26 2019 16:02:22 GMT+0200 (CEST);Sat Oct 26 2019 14:02:22 GMT+0200 (CEST);1572098542000;1.49;373.75;25.32
1380556831572750;39.6;33;Sat Oct 26 2019 16:04:16 GMT+0200 (CEST);Sat Oct 26 2019 14:04:16 GMT+0200 (CEST);1572098656000;0.76;368.63;25.31
1380556831572750;31.5;31.5;Sat Oct 26 2019 16:10:17 GMT+0200 (CEST);Sat Oct 26 2019 14:10:17 GMT+0200 (CEST);1572099017000;0.21;345.59;25.1
1380556831572750;31.5;31.9;Sat Oct 26 2019 16:12:14 GMT+0200 (CEST);Sat Oct 26 2019 14:12:14 GMT+0200 (CEST);1572099134000;0.2;340.47;25.14
1380556831572750;32;32.1;Sat Oct 26 2019 16:14:14 GMT+0200 (CEST);Sat Oct 26 2019 14:14:14 GMT+0200 (CEST);1572099254000;0.2;332.79;25.18
1380556831572750;32;32.5;Sat Oct 26 2019 16:16:07 GMT+0200 (CEST);Sat Oct 26 2019 14:16:07 GMT+0200 (CEST);1572099367000;0.2;323.43;25.2
1380556831572750;32;32.7;Sat Oct 26 2019 16:18:00 GMT+0200 (CEST);Sat Oct 26 2019 14:18:00 GMT+0200 (CEST);1572099480000;0.19;319.98;25.21
1380556831572750;31.5;32.9;Sat Oct 26 2019 16:19:53 GMT+0200 (CEST);Sat Oct 26 2019 14:19:53 GMT+0200 (CEST);1572099593000;0.19;311.19;25.05
1380556831572750;31.5;33.2;Sat Oct 26 2019 16:21:58 GMT+0200 (CEST);Sat Oct 26 2019 14:21:58 GMT+0200 (CEST);1572099718000;0.18;305.01;25.07
1380556831572750;29.5;33.3;Sat Oct 26 2019 16:23:50 GMT+0200 (CEST);Sat Oct 26 2019 14:23:50 GMT+0200 (CEST);1572099830000;0.18;297.45;25.03
1380556831572750;29.5;32.6;Sat Oct 26 2019 16:25:44 GMT+0200 (CEST);Sat Oct 26 2019 14:25:44 GMT+0200 (CEST);1572099944000;0.19;289.49;24.94
1380556831572750;29.5;32.5;Sat Oct 26 2019 16:27:37 GMT+0200 (CEST);Sat Oct 26 2019 14:27:37 GMT+0200 (CEST);1572100057000;0.19;281.48;24.83
1380556831572750;29.5;32.3;Sat Oct 26 2019 16:29:29 GMT+0200 (CEST);Sat Oct 26 2019 14:29:29 GMT+0200 (CEST);1572100169000;0.2;275.72;24.78
1380556831572750;29.5;32.5;Sat Oct 26 2019 16:31:26 GMT+0200 (CEST);Sat Oct 26 2019 14:31:26 GMT+0200 (CEST);1572100286000;0.19;268.34;24.61
1380556831572750;27.5;32.4;Sat Oct 26 2019 16:33:18 GMT+0200 (CEST);Sat Oct 26 2019 14:33:18 GMT+0200 (CEST);1572100398000;0.19;261.59;24.44
1380556831572750;27.5;32.3;Sat Oct 26 2019 16:35:11 GMT+0200 (CEST);Sat Oct 26 2019 14:35:11 GMT+0200 (CEST);1572100511000;0.19;251.19;24.31
1380556831572750;27.5;32.4;Sat Oct 26 2019 16:37:28 GMT+0200 (CEST);Sat Oct 26 2019 14:37:28 GMT+0200 (CEST);1572100648000;0.19;246.14;24.13
1380556831572750;27.5;32.4;Sat Oct 26 2019 16:39:24 GMT+0200 (CEST);Sat Oct 26 2019 14:39:24 GMT+0200 (CEST);1572100764000;0.18;239.35;23.89
1380556831572750;27.5;32.3;Sat Oct 26 2019 16:41:25 GMT+0200 (CEST);Sat Oct 26 2019 14:41:25 GMT+0200 (CEST);1572100885000;0.18;230.34;23.81
1380556831572750;26;32.4;Sat Oct 26 2019 16:43:08 GMT+0200 (CEST);Sat Oct 26 2019 14:43:08 GMT+0200 (CEST);1572100988000;0.18;217.44;23.78
1380556831572750;26;32.5;Sat Oct 26 2019 16:45:01 GMT+0200 (CEST);Sat Oct 26 2019 14:45:01 GMT+0200 (CEST);1572101101000;0.17;179.01;23.64
1380556831572750;26;31.9;Sat Oct 26 2019 16:46:54 GMT+0200 (CEST);Sat Oct 26 2019 14:46:54 GMT+0200 (CEST);1572101214000;0.17;214.22;23.4
1380556831572750;26;32.1;Sat Oct 26 2019 16:48:52 GMT+0200 (CEST);Sat Oct 26 2019 14:48:52 GMT+0200 (CEST);1572101332000;0.17;207.84;23.05
1380556831572750;26;32;Sat Oct 26 2019 16:51:10 GMT+0200 (CEST);Sat Oct 26 2019 14:51:10 GMT+0200 (CEST);1572101470000;0.17;201.52;22.86
1380556831572750;25.5;32.3;Sat Oct 26 2019 16:53:46 GMT+0200 (CEST);Sat Oct 26 2019 14:53:46 GMT+0200 (CEST);1572101626000;0.16;190.22;22.68
1380556831572750;25.5;32.7;Sat Oct 26 2019 16:55:39 GMT+0200 (CEST);Sat Oct 26 2019 14:55:39 GMT+0200 (CEST);1572101739000;0.15;180.97;22.53
1380556831572750;26;32.9;Sat Oct 26 2019 16:57:32 GMT+0200 (CEST);Sat Oct 26 2019 14:57:32 GMT+0200 (CEST);1572101852000;0.15;173.38;22.41
1380556831572750;26;31.8;Sat Oct 26 2019 16:59:25 GMT+0200 (CEST);Sat Oct 26 2019 14:59:25 GMT+0200 (CEST);1572101965000;0.16;169.25;22.25
1380556831572750;26;25.8;Sat Oct 26 2019 17:01:35 GMT+0200 (CEST);Sat Oct 26 2019 15:01:35 GMT+0200 (CEST);1572102095000;0.17;161.5;22
1380556831572750;26;21.3;Sat Oct 26 2019 17:03:18 GMT+0200 (CEST);Sat Oct 26 2019 15:03:18 GMT+0200 (CEST);1572102198000;0.17;144.81;21.82
1380556831572750;26;21.3;Sat Oct 26 2019 17:05:36 GMT+0200 (CEST);Sat Oct 26 2019 15:05:36 GMT+0200 (CEST);1572102336000;0.16;130.59;21.57
1380556831572750;21.5;27.5;Sat Oct 26 2019 17:07:30 GMT+0200 (CEST);Sat Oct 26 2019 15:07:30 GMT+0200 (CEST);1572102450000;0.15;133.47;21.39
1380556831572750;21.5;31.5;Sat Oct 26 2019 17:09:30 GMT+0200 (CEST);Sat Oct 26 2019 15:09:30 GMT+0200 (CEST);1572102570000;0.14;132.95;21.21
1380556831572750;23.5;31.3;Sat Oct 26 2019 17:11:30 GMT+0200 (CEST);Sat Oct 26 2019 15:11:30 GMT+0200 (CEST);1572102690000;0.13;111.91;21.1
1380556831572750;23.5;31;Sat Oct 26 2019 17:13:23 GMT+0200 (CEST);Sat Oct 26 2019 15:13:23 GMT+0200 (CEST);1572102803000;0.13;103.49;20.96
1380556831572750;23.5;31.2;Sat Oct 26 2019 17:15:15 GMT+0200 (CEST);Sat Oct 26 2019 15:15:15 GMT+0200 (CEST);1572102915000;0.12;108.02;20.82
1380556831572750;23.5;32.6;Sat Oct 26 2019 17:17:09 GMT+0200 (CEST);Sat Oct 26 2019 15:17:09 GMT+0200 (CEST);1572103029000;0.12;109.22;20.75
1380556831572750;23.5;31.6;Sat Oct 26 2019 17:19:23 GMT+0200 (CEST);Sat Oct 26 2019 15:19:23 GMT+0200 (CEST);1572103163000;0.11;89.4;20.6
1380556831572750;24;31.5;Sat Oct 26 2019 17:21:15 GMT+0200 (CEST);Sat Oct 26 2019 15:21:15 GMT+0200 (CEST);1572103275000;0.11;33.8;20.33
1380556831572750;24;31.2;Sat Oct 26 2019 17:23:09 GMT+0200 (CEST);Sat Oct 26 2019 15:23:09 GMT+0200 (CEST);1572103389000;0.1;25.04;19.88
1380556831572750;24;31.2;Sat Oct 26 2019 17:25:16 GMT+0200 (CEST);Sat Oct 26 2019 15:25:16 GMT+0200 (CEST);1572103516000;0.1;23.54;19.44
1380556831572750;24;31;Sat Oct 26 2019 17:27:09 GMT+0200 (CEST);Sat Oct 26 2019 15:27:09 GMT+0200 (CEST);1572103629000;0.1;21.82;19.07
1380556831572750;24;30.9;Sat Oct 26 2019 17:29:02 GMT+0200 (CEST);Sat Oct 26 2019 15:29:02 GMT+0200 (CEST);1572103742000;0.09;20.25;18.81
1380556831572750;23.5;30.6;Sat Oct 26 2019 17:30:55 GMT+0200 (CEST);Sat Oct 26 2019 15:30:55 GMT+0200 (CEST);1572103855000;0.07;16.38;18.52
1380556831572750;23.5;30.3;Sat Oct 26 2019 17:32:50 GMT+0200 (CEST);Sat Oct 26 2019 15:32:50 GMT+0200 (CEST);1572103970000;0;13.77;18.28
1380556831572750;23.5;29.7;Sat Oct 26 2019 17:34:48 GMT+0200 (CEST);Sat Oct 26 2019 15:34:48 GMT+0200 (CEST);1572104088000;0;11.92;18.05
1380556831572750;23.5;29.2;Sat Oct 26 2019 17:36:41 GMT+0200 (CEST);Sat Oct 26 2019 15:36:41 GMT+0200 (CEST);1572104201000;0;11.01;17.86
1380556831572750;23.5;29.9;Sat Oct 26 2019 17:38:38 GMT+0200 (CEST);Sat Oct 26 2019 15:38:38 GMT+0200 (CEST);1572104318000;0;9.99;17.69
1380556831572750;22;29;Sat Oct 26 2019 17:40:47 GMT+0200 (CEST);Sat Oct 26 2019 15:40:47 GMT+0200 (CEST);1572104447000;0;9.17;17.53
1380556831572750;22;28.4;Sat Oct 26 2019 17:42:43 GMT+0200 (CEST);Sat Oct 26 2019 15:42:43 GMT+0200 (CEST);1572104563000;0;8.59;17.41
1380556831572750;22;28.8;Sat Oct 26 2019 17:44:37 GMT+0200 (CEST);Sat Oct 26 2019 15:44:37 GMT+0200 (CEST);1572104677000;0;8.05;17.29
1380556831572750;22;28.9;Sat Oct 26 2019 17:46:30 GMT+0200 (CEST);Sat Oct 26 2019 15:46:30 GMT+0200 (CEST);1572104790000;0;7.31;17.19
1380556831572750;22;27.4;Sat Oct 26 2019 17:48:29 GMT+0200 (CEST);Sat Oct 26 2019 15:48:29 GMT+0200 (CEST);1572104909000;0;7.07;17.08
1380556831572750;21.5;28;Sat Oct 26 2019 17:50:23 GMT+0200 (CEST);Sat Oct 26 2019 15:50:23 GMT+0200 (CEST);1572105023000;0;6.86;16.98
1380556831572750;21.5;27.3;Sat Oct 26 2019 17:52:18 GMT+0200 (CEST);Sat Oct 26 2019 15:52:18 GMT+0200 (CEST);1572105138000;0;6.32;16.89
1380556831572750;21.5;31.5;Sat Oct 26 2019 17:54:11 GMT+0200 (CEST);Sat Oct 26 2019 15:54:11 GMT+0200 (CEST);1572105251000;0;5.62;16.82
1380556831572750;21.5;31.9;Sat Oct 26 2019 17:56:04 GMT+0200 (CEST);Sat Oct 26 2019 15:56:04 GMT+0200 (CEST);1572105364000;0;4.09;16.75
1380556831572750;21.5;31;Sat Oct 26 2019 17:57:58 GMT+0200 (CEST);Sat Oct 26 2019 15:57:58 GMT+0200 (CEST);1572105478000;0;3.22;16.62
1380556831572750;22;30.2;Sat Oct 26 2019 17:59:53 GMT+0200 (CEST);Sat Oct 26 2019 15:59:53 GMT+0200 (CEST);1572105593000;0;2.68;16.55
1380556831572750;22;30.2;Sat Oct 26 2019 18:01:47 GMT+0200 (CEST);Sat Oct 26 2019 16:01:47 GMT+0200 (CEST);1572105707000;0;1.98;16.46
1380556831572750;22;30.2;Sat Oct 26 2019 18:03:40 GMT+0200 (CEST);Sat Oct 26 2019 16:03:40 GMT+0200 (CEST);1572105820000;0;1.56;16.39
1380556831572750;9.9;28.7;Sun Oct 27 2019 07:03:27 GMT+0100 (CET);Sun Oct 27 2019 06:03:27 GMT+0100 (CET);1572156207000;0;13.91;8.45
1380556831572750;9.9;27.4;Sun Oct 27 2019 07:05:20 GMT+0100 (CET);Sun Oct 27 2019 06:05:20 GMT+0100 (CET);1572156320000;0.07;16.24;8.48
1380556831572750;11.4;27.4;Sun Oct 27 2019 07:07:12 GMT+0100 (CET);Sun Oct 27 2019 06:07:12 GMT+0100 (CET);1572156432000;0.08;17.95;8.5
1380556831572750;11.4;26.1;Sun Oct 27 2019 07:09:05 GMT+0100 (CET);Sun Oct 27 2019 06:09:05 GMT+0100 (CET);1572156545000;0.09;20.66;8.53
1380556831572750;11.4;24;Sun Oct 27 2019 07:10:58 GMT+0100 (CET);Sun Oct 27 2019 06:10:58 GMT+0100 (CET);1572156658000;0.1;23.5;8.58
1380556831572750;11.4;23.7;Sun Oct 27 2019 07:12:51 GMT+0100 (CET);Sun Oct 27 2019 06:12:51 GMT+0100 (CET);1572156771000;0.11;26.06;8.63
1380556831572750;11.4;23.4;Sun Oct 27 2019 07:14:43 GMT+0100 (CET);Sun Oct 27 2019 06:14:43 GMT+0100 (CET);1572156883000;0.13;28.77;8.69
1380556831572750;11.4;23.3;Sun Oct 27 2019 07:16:37 GMT+0100 (CET);Sun Oct 27 2019 06:16:37 GMT+0100 (CET);1572156997000;0.14;31.21;8.68
1380556831572750;11.4;31;Sun Oct 27 2019 07:18:35 GMT+0100 (CET);Sun Oct 27 2019 06:18:35 GMT+0100 (CET);1572157115000;0.14;34.69;8.71
1380556831572750;13.4;31.8;Sun Oct 27 2019 07:20:53 GMT+0100 (CET);Sun Oct 27 2019 06:20:53 GMT+0100 (CET);1572157253000;0.15;38.73;8.75
1380556831572750;13.4;31.8;Sun Oct 27 2019 07:22:47 GMT+0100 (CET);Sun Oct 27 2019 06:22:47 GMT+0100 (CET);1572157367000;0.16;42.01;8.82
1380556831572750;13.9;32.3;Sun Oct 27 2019 07:24:40 GMT+0100 (CET);Sun Oct 27 2019 06:24:40 GMT+0100 (CET);1572157480000;0.17;44.36;8.86
1380556831572750;13.9;32.5;Sun Oct 27 2019 07:26:38 GMT+0100 (CET);Sun Oct 27 2019 06:26:38 GMT+0100 (CET);1572157598000;0.19;47.56;8.92
1380556831572750;13.9;32.6;Sun Oct 27 2019 07:28:32 GMT+0100 (CET);Sun Oct 27 2019 06:28:32 GMT+0100 (CET);1572157712000;0.2;50.7;8.99
1380556831572750;13.9;32.5;Sun Oct 27 2019 07:30:24 GMT+0100 (CET);Sun Oct 27 2019 06:30:24 GMT+0100 (CET);1572157824000;0.2;53.24;9.05
1380556831572750;13.9;32.8;Sun Oct 27 2019 07:32:17 GMT+0100 (CET);Sun Oct 27 2019 06:32:17 GMT+0100 (CET);1572157937000;0.21;56.47;9.13
1380556831572750;15.4;32.8;Sun Oct 27 2019 07:34:22 GMT+0100 (CET);Sun Oct 27 2019 06:34:22 GMT+0100 (CET);1572158062000;0.22;64.31;9.2
1380556831572750;15.4;33.3;Sun Oct 27 2019 07:36:21 GMT+0100 (CET);Sun Oct 27 2019 06:36:21 GMT+0100 (CET);1572158181000;0.23;94.78;9.39
1380556831572750;15.4;33.4;Sun Oct 27 2019 07:38:14 GMT+0100 (CET);Sun Oct 27 2019 06:38:14 GMT+0100 (CET);1572158294000;0.23;78.81;9.53
1380556831572750;15.4;33.5;Sun Oct 27 2019 07:40:07 GMT+0100 (CET);Sun Oct 27 2019 06:40:07 GMT+0100 (CET);1572158407000;0.24;73.36;9.67
1380556831572750;15.4;33.8;Sun Oct 27 2019 07:42:05 GMT+0100 (CET);Sun Oct 27 2019 06:42:05 GMT+0100 (CET);1572158525000;0.25;71.82;9.78
1380556831572750;15.4;33.6;Sun Oct 27 2019 07:43:58 GMT+0100 (CET);Sun Oct 27 2019 06:43:58 GMT+0100 (CET);1572158638000;0.26;108.26;9.88
1380556831572750;15.4;33.8;Sun Oct 27 2019 07:45:51 GMT+0100 (CET);Sun Oct 27 2019 06:45:51 GMT+0100 (CET);1572158751000;0.27;189.33;10.12
1380556831572750;15.4;33.9;Sun Oct 27 2019 07:47:46 GMT+0100 (CET);Sun Oct 27 2019 06:47:46 GMT+0100 (CET);1572158866000;0.26;194.7;10.56
1380556831572750;15.9;34;Sun Oct 27 2019 07:49:46 GMT+0100 (CET);Sun Oct 27 2019 06:49:46 GMT+0100 (CET);1572158986000;0.26;213.28;11.03
1380556831572750;15.9;34.1;Sun Oct 27 2019 07:51:40 GMT+0100 (CET);Sun Oct 27 2019 06:51:40 GMT+0100 (CET);1572159100000;0.27;200.61;11.48
1380556831572750;15.9;34.1;Sun Oct 27 2019 07:53:33 GMT+0100 (CET);Sun Oct 27 2019 06:53:33 GMT+0100 (CET);1572159213000;0.27;172.94;11.8
1380556831572750;15.9;34.2;Sun Oct 27 2019 07:55:26 GMT+0100 (CET);Sun Oct 27 2019 06:55:26 GMT+0100 (CET);1572159326000;0.28;149.34;12
1380556831572750;15.9;34.4;Sun Oct 27 2019 07:57:18 GMT+0100 (CET);Sun Oct 27 2019 06:57:18 GMT+0100 (CET);1572159438000;0.28;184.33;12.14
1380556831572750;16.9;34.5;Sun Oct 27 2019 07:59:11 GMT+0100 (CET);Sun Oct 27 2019 06:59:11 GMT+0100 (CET);1572159551000;0.29;195.82;12.3
1380556831572750;16.9;34.7;Sun Oct 27 2019 08:01:04 GMT+0100 (CET);Sun Oct 27 2019 07:01:04 GMT+0100 (CET);1572159664000;0.29;143.72;12.45
1380556831572750;16.9;34.7;Sun Oct 27 2019 08:02:58 GMT+0100 (CET);Sun Oct 27 2019 07:02:58 GMT+0100 (CET);1572159778000;0.29;139.46;12.46
1380556831572750;16.9;34.9;Sun Oct 27 2019 08:05:22 GMT+0100 (CET);Sun Oct 27 2019 07:05:22 GMT+0100 (CET);1572159922000;0.31;192.32;12.52
1380556831572750;16.9;35.2;Sun Oct 27 2019 08:07:15 GMT+0100 (CET);Sun Oct 27 2019 07:07:15 GMT+0100 (CET);1572160035000;0.31;221.91;12.71
1380556831572750;16.9;35.5;Sun Oct 27 2019 08:09:08 GMT+0100 (CET);Sun Oct 27 2019 07:09:08 GMT+0100 (CET);1572160148000;0.32;220.94;12.91
1380556831572750;16.9;34.8;Sun Oct 27 2019 08:11:00 GMT+0100 (CET);Sun Oct 27 2019 07:11:00 GMT+0100 (CET);1572160260000;0.33;238.98;13.06
1380556831572750;16.9;33.4;Sun Oct 27 2019 08:12:55 GMT+0100 (CET);Sun Oct 27 2019 07:12:55 GMT+0100 (CET);1572160375000;0.35;244.67;13.25
1380556831572750;16.9;33.5;Sun Oct 27 2019 08:14:51 GMT+0100 (CET);Sun Oct 27 2019 07:14:51 GMT+0100 (CET);1572160491000;0.35;247.83;13.46
1380556831572750;16.9;34.3;Sun Oct 27 2019 08:16:45 GMT+0100 (CET);Sun Oct 27 2019 07:16:45 GMT+0100 (CET);1572160605000;0.37;252.65;13.67
1380556831572750;16.9;23.3;Sun Oct 27 2019 08:18:45 GMT+0100 (CET);Sun Oct 27 2019 07:18:45 GMT+0100 (CET);1572160725000;0.39;231.1;13.89
1380556831572750;16.9;24.2;Sun Oct 27 2019 08:20:41 GMT+0100 (CET);Sun Oct 27 2019 07:20:41 GMT+0100 (CET);1572160841000;0.4;247.96;14.08
1380556831572750;16.9;24.8;Sun Oct 27 2019 08:22:34 GMT+0100 (CET);Sun Oct 27 2019 07:22:34 GMT+0100 (CET);1572160954000;0.39;253.46;14.2
1380556831572750;16.9;25.9;Sun Oct 27 2019 08:24:27 GMT+0100 (CET);Sun Oct 27 2019 07:24:27 GMT+0100 (CET);1572161067000;0.41;257.74;14.37
1380556831572750;16.9;25.9;Sun Oct 27 2019 08:26:24 GMT+0100 (CET);Sun Oct 27 2019 07:26:24 GMT+0100 (CET);1572161184000;0.42;250.3;14.52
1380556831572750;16.9;23.5;Sun Oct 27 2019 08:28:18 GMT+0100 (CET);Sun Oct 27 2019 07:28:18 GMT+0100 (CET);1572161298000;0.43;239.42;14.56
1380556831572750;16.9;23.5;Sun Oct 27 2019 08:30:14 GMT+0100 (CET);Sun Oct 27 2019 07:30:14 GMT+0100 (CET);1572161414000;0.43;233.04;14.6
1380556831572750;15.9;32.1;Sun Oct 27 2019 08:32:07 GMT+0100 (CET);Sun Oct 27 2019 07:32:07 GMT+0100 (CET);1572161527000;0.43;250.4;14.68
1380556831572750;15.9;39.9;Sun Oct 27 2019 08:33:59 GMT+0100 (CET);Sun Oct 27 2019 07:33:59 GMT+0100 (CET);1572161639000;0.47;188.82;14.74
1380556831572750;21.5;37.4;Sun Oct 27 2019 08:36:36 GMT+0100 (CET);Sun Oct 27 2019 07:36:36 GMT+0100 (CET);1572161796000;0.69;197.16;14.66
1380556831572750;21.5;36.5;Sun Oct 27 2019 08:38:30 GMT+0100 (CET);Sun Oct 27 2019 07:38:30 GMT+0100 (CET);1572161910000;0.61;159.28;14.55
1380556831572750;21.5;36.4;Sun Oct 27 2019 08:40:24 GMT+0100 (CET);Sun Oct 27 2019 07:40:24 GMT+0100 (CET);1572162024000;0.8;196.53;14.46
1380556831572750;21.5;36.5;Sun Oct 27 2019 08:42:17 GMT+0100 (CET);Sun Oct 27 2019 07:42:17 GMT+0100 (CET);1572162137000;0.98;244.55;14.49
1380556831572750;21.5;36.5;Sun Oct 27 2019 08:44:10 GMT+0100 (CET);Sun Oct 27 2019 07:44:10 GMT+0100 (CET);1572162250000;1.16;280.54;14.64
1380556831572750;22;36.5;Sun Oct 27 2019 08:46:02 GMT+0100 (CET);Sun Oct 27 2019 07:46:02 GMT+0100 (CET);1572162362000;1.12;265.93;14.84
1380556831572750;22;35.6;Sun Oct 27 2019 08:47:56 GMT+0100 (CET);Sun Oct 27 2019 07:47:56 GMT+0100 (CET);1572162476000;0.96;230.87;15.01
1380556831572750;22;35.7;Sun Oct 27 2019 08:49:49 GMT+0100 (CET);Sun Oct 27 2019 07:49:49 GMT+0100 (CET);1572162589000;0.94;235.85;15.1
1380556831572750;22;35.9;Sun Oct 27 2019 08:51:42 GMT+0100 (CET);Sun Oct 27 2019 07:51:42 GMT+0100 (CET);1572162702000;1.13;266.12;15.2
1380556831572750;22;35.8;Sun Oct 27 2019 08:53:50 GMT+0100 (CET);Sun Oct 27 2019 07:53:50 GMT+0100 (CET);1572162830000;1.01;252.07;15.25
1380556831572750;23.5;36.1;Sun Oct 27 2019 08:55:45 GMT+0100 (CET);Sun Oct 27 2019 07:55:45 GMT+0100 (CET);1572162945000;1.06;259.52;15.32
1380556831572750;23.5;35.6;Sun Oct 27 2019 08:57:40 GMT+0100 (CET);Sun Oct 27 2019 07:57:40 GMT+0100 (CET);1572163060000;1.34;317.83;15.42
1380556831572750;23.5;35.9;Sun Oct 27 2019 08:59:40 GMT+0100 (CET);Sun Oct 27 2019 07:59:40 GMT+0100 (CET);1572163180000;1.52;355.83;15.67
1380556831572750;24;35.9;Sun Oct 27 2019 09:01:33 GMT+0100 (CET);Sun Oct 27 2019 08:01:33 GMT+0100 (CET);1572163293000;1.46;340.47;16
1380556831572750;24;35.8;Sun Oct 27 2019 09:03:25 GMT+0100 (CET);Sun Oct 27 2019 08:03:25 GMT+0100 (CET);1572163405000;1.63;373.75;16.26
1380556831572750;24;35.7;Sun Oct 27 2019 09:05:18 GMT+0100 (CET);Sun Oct 27 2019 08:05:18 GMT+0100 (CET);1572163518000;1.41;321.39;16.51
1380556831572750;24;35.4;Sun Oct 27 2019 09:07:11 GMT+0100 (CET);Sun Oct 27 2019 08:07:11 GMT+0100 (CET);1572163631000;1.66;386.55;16.68
1380556831572750;24;35.6;Sun Oct 27 2019 09:09:04 GMT+0100 (CET);Sun Oct 27 2019 08:09:04 GMT+0100 (CET);1572163744000;1.83;419.83;16.95
1380556831572750;25.5;35.6;Sun Oct 27 2019 09:11:02 GMT+0100 (CET);Sun Oct 27 2019 08:11:02 GMT+0100 (CET);1572163862000;1.33;322.65;17.21
1380556831572750;25.5;35.3;Sun Oct 27 2019 09:12:55 GMT+0100 (CET);Sun Oct 27 2019 08:12:55 GMT+0100 (CET);1572163975000;1.87;419.83;17.4
1380556831572750;27.5;35.4;Sun Oct 27 2019 09:14:51 GMT+0100 (CET);Sun Oct 27 2019 08:14:51 GMT+0100 (CET);1572164091000;1.9;437.75;17.68
1380556831572750;27.5;35.5;Sun Oct 27 2019 09:16:47 GMT+0100 (CET);Sun Oct 27 2019 08:16:47 GMT+0100 (CET);1572164207000;1.59;373.75;18.02
1380556831572750;27.5;35;Sun Oct 27 2019 09:18:40 GMT+0100 (CET);Sun Oct 27 2019 08:18:40 GMT+0100 (CET);1572164320000;2.11;476.15;18.28
1380556831572750;27.5;34.9;Sun Oct 27 2019 09:20:33 GMT+0100 (CET);Sun Oct 27 2019 08:20:33 GMT+0100 (CET);1572164433000;1.81;414.71;18.48
1380556831572750;27.5;35.2;Sun Oct 27 2019 09:23:07 GMT+0100 (CET);Sun Oct 27 2019 08:23:07 GMT+0100 (CET);1572164587000;2.2;499.19;18.71
1380556831572750;28;35.1;Sun Oct 27 2019 09:25:00 GMT+0100 (CET);Sun Oct 27 2019 08:25:00 GMT+0100 (CET);1572164700000;2.29;522.23;19.08
1380556831572750;28;34.9;Sun Oct 27 2019 09:26:54 GMT+0100 (CET);Sun Oct 27 2019 08:26:54 GMT+0100 (CET);1572164814000;2.43;542.71;19.46
1380556831572750;29.5;34.8;Sun Oct 27 2019 09:28:47 GMT+0100 (CET);Sun Oct 27 2019 08:28:47 GMT+0100 (CET);1572164927000;2.19;491.51;19.74
1380556831572750;29.5;34.5;Sun Oct 27 2019 09:30:50 GMT+0100 (CET);Sun Oct 27 2019 08:30:50 GMT+0100 (CET);1572165050000;2.03;468.47;19.8
1380556831572750;29.5;34.7;Sun Oct 27 2019 09:32:43 GMT+0100 (CET);Sun Oct 27 2019 08:32:43 GMT+0100 (CET);1572165163000;2.3;535.03;19.85
1380556831572750;31.5;34.7;Sun Oct 27 2019 09:34:48 GMT+0100 (CET);Sun Oct 27 2019 08:34:48 GMT+0100 (CET);1572165288000;2.53;570.87;20.03
1380556831572750;31.5;34.5;Sun Oct 27 2019 09:36:54 GMT+0100 (CET);Sun Oct 27 2019 08:36:54 GMT+0100 (CET);1572165414000;2.5;563.19;20.17
1380556831572750;30.5;34.5;Sun Oct 27 2019 09:38:47 GMT+0100 (CET);Sun Oct 27 2019 08:38:47 GMT+0100 (CET);1572165527000;2.57;588.79;20.48
1380556831572750;30.5;34.4;Sun Oct 27 2019 09:40:42 GMT+0100 (CET);Sun Oct 27 2019 08:40:42 GMT+0100 (CET);1572165642000;2.38;509.43;20.77
1380556831572750;30.5;34.2;Sun Oct 27 2019 09:42:35 GMT+0100 (CET);Sun Oct 27 2019 08:42:35 GMT+0100 (CET);1572165755000;2.38;529.91;20.92
1380556831572750;32;34.1;Sun Oct 27 2019 09:44:28 GMT+0100 (CET);Sun Oct 27 2019 08:44:28 GMT+0100 (CET);1572165868000;2.72;616.95;21.02
1380556831572750;32;34.1;Sun Oct 27 2019 09:46:20 GMT+0100 (CET);Sun Oct 27 2019 08:46:20 GMT+0100 (CET);1572165980000;2.62;586.23;21.33
1380556831572750;33;34.1;Sun Oct 27 2019 09:48:14 GMT+0100 (CET);Sun Oct 27 2019 08:48:14 GMT+0100 (CET);1572166094000;2.62;591.35;21.5
1380556831572750;33;33.9;Sun Oct 27 2019 09:50:08 GMT+0100 (CET);Sun Oct 27 2019 08:50:08 GMT+0100 (CET);1572166208000;2.61;601.59;21.69
1380556831572750;33;33.8;Sun Oct 27 2019 09:52:00 GMT+0100 (CET);Sun Oct 27 2019 08:52:00 GMT+0100 (CET);1572166320000;1.98;422.39;21.75
1380556831572750;34.1;34;Sun Oct 27 2019 09:53:54 GMT+0100 (CET);Sun Oct 27 2019 08:53:54 GMT+0100 (CET);1572166434000;2.73;611.83;21.78
1380556831572750;34.1;34;Sun Oct 27 2019 09:55:47 GMT+0100 (CET);Sun Oct 27 2019 08:55:47 GMT+0100 (CET);1572166547000;2.79;619.51;21.95
1380556831572750;35.6;33.7;Sun Oct 27 2019 09:57:41 GMT+0100 (CET);Sun Oct 27 2019 08:57:41 GMT+0100 (CET);1572166661000;2.4;504.31;21.94
1380556831572750;35.6;33.8;Sun Oct 27 2019 09:59:39 GMT+0100 (CET);Sun Oct 27 2019 08:59:39 GMT+0100 (CET);1572166779000;3.07;675.89;22.05
1380556831572750;35.6;33.7;Sun Oct 27 2019 10:01:42 GMT+0100 (CET);Sun Oct 27 2019 09:01:42 GMT+0100 (CET);1572166902000;2.84;591.35;22.6
1380556831572750;36.1;33.4;Sun Oct 27 2019 10:03:35 GMT+0100 (CET);Sun Oct 27 2019 09:03:35 GMT+0100 (CET);1572167015000;1.84;409.59;22.68
1380556831572750;36.1;34;Sun Oct 27 2019 10:05:28 GMT+0100 (CET);Sun Oct 27 2019 09:05:28 GMT+0100 (CET);1572167128000;2.79;593.91;22.74
1380556831572750;37.6;33.7;Sun Oct 27 2019 10:07:20 GMT+0100 (CET);Sun Oct 27 2019 09:07:20 GMT+0100 (CET);1572167240000;2.72;611.83;23
1380556831572750;37.6;33.9;Sun Oct 27 2019 10:09:22 GMT+0100 (CET);Sun Oct 27 2019 09:09:22 GMT+0100 (CET);1572167362000;2.11;494.07;23.07
1380556831572750;37.6;34.1;Sun Oct 27 2019 10:11:18 GMT+0100 (CET);Sun Oct 27 2019 09:11:18 GMT+0100 (CET);1572167478000;3.01;669.78;23.03
1380556831572750;37.6;34.7;Sun Oct 27 2019 10:13:12 GMT+0100 (CET);Sun Oct 27 2019 09:13:12 GMT+0100 (CET);1572167592000;2.54;586.23;23.14
1380556831572750;37.6;34.5;Sun Oct 27 2019 10:15:05 GMT+0100 (CET);Sun Oct 27 2019 09:15:05 GMT+0100 (CET);1572167705000;2.69;604.15;23.2
1380556831572750;38.1;34.5;Sun Oct 27 2019 10:17:02 GMT+0100 (CET);Sun Oct 27 2019 09:17:02 GMT+0100 (CET);1572167822000;2.63;655.63;23.28
1380556831572750;38.1;34.4;Sun Oct 27 2019 10:19:16 GMT+0100 (CET);Sun Oct 27 2019 09:19:16 GMT+0100 (CET);1572167956000;2.84;655.35;23.44
1380556831572750;38.1;34.3;Sun Oct 27 2019 10:21:10 GMT+0100 (CET);Sun Oct 27 2019 09:21:10 GMT+0100 (CET);1572168070000;1.88;435.19;23.31
1380556831572750;38.1;34.5;Sun Oct 27 2019 10:23:02 GMT+0100 (CET);Sun Oct 27 2019 09:23:02 GMT+0100 (CET);1572168182000;2.24;504.31;23
1380556831572750;38.1;34.7;Sun Oct 27 2019 10:24:58 GMT+0100 (CET);Sun Oct 27 2019 09:24:58 GMT+0100 (CET);1572168298000;2.45;552.95;23.03
1380556831572750;38.1;34.6;Sun Oct 27 2019 10:26:50 GMT+0100 (CET);Sun Oct 27 2019 09:26:50 GMT+0100 (CET);1572168410000;2.9;664.12;23.3
1380556831572750;38.1;34.7;Sun Oct 27 2019 10:28:43 GMT+0100 (CET);Sun Oct 27 2019 09:28:43 GMT+0100 (CET);1572168523000;3.02;681.04;23.66
1380556831572750;38.1;34.3;Sun Oct 27 2019 10:30:39 GMT+0100 (CET);Sun Oct 27 2019 09:30:39 GMT+0100 (CET);1572168639000;3.24;731.17;24.07
1380556831572750;39.6;34.3;Sun Oct 27 2019 10:32:32 GMT+0100 (CET);Sun Oct 27 2019 09:32:32 GMT+0100 (CET);1572168752000;3.54;819.17;24.81
1380556831572750;39.6;34.1;Sun Oct 27 2019 10:34:25 GMT+0100 (CET);Sun Oct 27 2019 09:34:25 GMT+0100 (CET);1572168865000;3.31;788.87;25.21
1380556831572750;40.1;34;Sun Oct 27 2019 10:36:18 GMT+0100 (CET);Sun Oct 27 2019 09:36:18 GMT+0100 (CET);1572168978000;3.38;773.43;25.45
1380556831572750;40.1;33.6;Sun Oct 27 2019 10:38:11 GMT+0100 (CET);Sun Oct 27 2019 09:38:11 GMT+0100 (CET);1572169091000;3.07;709.61;25.73
1380556831572750;41.6;33.7;Sun Oct 27 2019 10:40:32 GMT+0100 (CET);Sun Oct 27 2019 09:40:32 GMT+0100 (CET);1572169232000;2.92;655.56;25.8
1380556831572750;41.6;33.6;Sun Oct 27 2019 10:42:24 GMT+0100 (CET);Sun Oct 27 2019 09:42:24 GMT+0100 (CET);1572169344000;3.15;718.97;25.36
1380556831572750;41.6;33.7;Sun Oct 27 2019 10:44:17 GMT+0100 (CET);Sun Oct 27 2019 09:44:17 GMT+0100 (CET);1572169457000;3.18;691.72;25.15
1380556831572750;42.1;33.5;Sun Oct 27 2019 10:46:11 GMT+0100 (CET);Sun Oct 27 2019 09:46:11 GMT+0100 (CET);1572169571000;3.21;701.72;25.01
1380556831572750;42.1;33;Sun Oct 27 2019 10:48:20 GMT+0100 (CET);Sun Oct 27 2019 09:48:20 GMT+0100 (CET);1572169700000;3.27;718.47;25.04
1380556831572750;42.1;33.4;Sun Oct 27 2019 10:50:13 GMT+0100 (CET);Sun Oct 27 2019 09:50:13 GMT+0100 (CET);1572169813000;2.95;650.23;24.82
1380556831572750;42.1;33.2;Sun Oct 27 2019 10:52:07 GMT+0100 (CET);Sun Oct 27 2019 09:52:07 GMT+0100 (CET);1572169927000;2.03;468.47;24.34
1380556831572750;42.1;33.1;Sun Oct 27 2019 10:54:13 GMT+0100 (CET);Sun Oct 27 2019 09:54:13 GMT+0100 (CET);1572170053000;2.53;565.75;24.07
1380556831572750;41.6;33.2;Sun Oct 27 2019 10:56:08 GMT+0100 (CET);Sun Oct 27 2019 09:56:08 GMT+0100 (CET);1572170168000;2.4;527.35;23.79
1380556831572750;41.6;33.3;Sun Oct 27 2019 10:58:03 GMT+0100 (CET);Sun Oct 27 2019 09:58:03 GMT+0100 (CET);1572170283000;2.48;535.03;23.46
1380556831572750;40.1;33.3;Sun Oct 27 2019 10:59:58 GMT+0100 (CET);Sun Oct 27 2019 09:59:58 GMT+0100 (CET);1572170398000;2.56;552.95;23.3
1380556831572750;40.1;33.2;Sun Oct 27 2019 11:01:51 GMT+0100 (CET);Sun Oct 27 2019 10:01:51 GMT+0100 (CET);1572170511000;2.4;537.59;23.14
1380556831572750;39.6;33.3;Sun Oct 27 2019 11:04:09 GMT+0100 (CET);Sun Oct 27 2019 10:04:09 GMT+0100 (CET);1572170649000;2.81;606.71;23.28
1380556831572750;39.6;33.3;Sun Oct 27 2019 11:06:02 GMT+0100 (CET);Sun Oct 27 2019 10:06:02 GMT+0100 (CET);1572170762000;3.19;691.41;23.5
1380556831572750;39.6;33.2;Sun Oct 27 2019 11:07:55 GMT+0100 (CET);Sun Oct 27 2019 10:07:55 GMT+0100 (CET);1572170875000;3.33;701.35;23.92
1380556831572750;39.6;33;Sun Oct 27 2019 11:09:48 GMT+0100 (CET);Sun Oct 27 2019 10:09:48 GMT+0100 (CET);1572170988000;2.85;634.87;24.14
1380556831572750;39.6;33.6;Sun Oct 27 2019 11:11:43 GMT+0100 (CET);Sun Oct 27 2019 10:11:43 GMT+0100 (CET);1572171103000;2.64;586.23;24.31
1380556831572750;39.6;32.9;Sun Oct 27 2019 11:13:37 GMT+0100 (CET);Sun Oct 27 2019 10:13:37 GMT+0100 (CET);1572171217000;2.91;616.95;24.2
1380556831572750;39.6;32.7;Sun Oct 27 2019 11:15:30 GMT+0100 (CET);Sun Oct 27 2019 10:15:30 GMT+0100 (CET);1572171330000;2.56;552.95;24.09
1380556831572750;39.6;32.6;Sun Oct 27 2019 11:17:29 GMT+0100 (CET);Sun Oct 27 2019 10:17:29 GMT+0100 (CET);1572171449000;2.43;522.23;24.08
1380556831572750;39.6;32.7;Sun Oct 27 2019 11:19:23 GMT+0100 (CET);Sun Oct 27 2019 10:19:23 GMT+0100 (CET);1572171563000;2.28;504.31;24.27
1380556831572750;39.6;32.7;Sun Oct 27 2019 11:21:20 GMT+0100 (CET);Sun Oct 27 2019 10:21:20 GMT+0100 (CET);1572171680000;2.14;455.67;24.16
1380556831572750;39.6;32.7;Sun Oct 27 2019 11:23:13 GMT+0100 (CET);Sun Oct 27 2019 10:23:13 GMT+0100 (CET);1572171793000;2.35;529.91;24.17
1380556831572750;39.6;32.9;Sun Oct 27 2019 11:25:06 GMT+0100 (CET);Sun Oct 27 2019 10:25:06 GMT+0100 (CET);1572171906000;2.48;529.91;24.16
1380556831572750;39.6;32.9;Sun Oct 27 2019 11:27:03 GMT+0100 (CET);Sun Oct 27 2019 10:27:03 GMT+0100 (CET);1572172023000;1.51;332.79;23.87
1380556831572750;39.6;34.8;Sun Oct 27 2019 11:28:57 GMT+0100 (CET);Sun Oct 27 2019 10:28:57 GMT+0100 (CET);1572172137000;1.4;348.15;23.71
1380556831572750;39.6;35.3;Sun Oct 27 2019 11:30:50 GMT+0100 (CET);Sun Oct 27 2019 10:30:50 GMT+0100 (CET);1572172250000;1.28;302.67;23.52
1380556831572750;39.6;33.7;Sun Oct 27 2019 11:32:44 GMT+0100 (CET);Sun Oct 27 2019 10:32:44 GMT+0100 (CET);1572172364000;1.36;304.67;23.22
1380556831572750;39.6;35.1;Sun Oct 27 2019 11:35:03 GMT+0100 (CET);Sun Oct 27 2019 10:35:03 GMT+0100 (CET);1572172503000;1.35;311.88;22.96
1380556831572750;39.6;36.7;Sun Oct 27 2019 11:37:03 GMT+0100 (CET);Sun Oct 27 2019 10:37:03 GMT+0100 (CET);1572172623000;1.51;383.99;23.03
1380556831572750;38.1;34.1;Sun Oct 27 2019 11:38:57 GMT+0100 (CET);Sun Oct 27 2019 10:38:57 GMT+0100 (CET);1572172737000;1.21;270.57;22.99
1380556831572750;38.1;34.9;Sun Oct 27 2019 11:40:49 GMT+0100 (CET);Sun Oct 27 2019 10:40:49 GMT+0100 (CET);1572172849000;1.31;295.61;22.71
1380556831572750;36.1;35.7;Sun Oct 27 2019 11:42:42 GMT+0100 (CET);Sun Oct 27 2019 10:42:42 GMT+0100 (CET);1572172962000;1.7;460.79;22.57
1380556831572750;36.1;36.1;Sun Oct 27 2019 11:44:40 GMT+0100 (CET);Sun Oct 27 2019 10:44:40 GMT+0100 (CET);1572173080000;1.47;355.83;22.71
1380556831572750;36.1;36.1;Sun Oct 27 2019 11:46:37 GMT+0100 (CET);Sun Oct 27 2019 10:46:37 GMT+0100 (CET);1572173197000;1.38;316.7;22.85
1380556831572750;36.1;34.1;Sun Oct 27 2019 11:48:37 GMT+0100 (CET);Sun Oct 27 2019 10:48:37 GMT+0100 (CET);1572173317000;1.25;281.14;22.71
1380556831572750;36.1;36.2;Sun Oct 27 2019 11:50:39 GMT+0100 (CET);Sun Oct 27 2019 10:50:39 GMT+0100 (CET);1572173439000;1.42;327.15;22.52
1380556831572750;35.6;34.7;Sun Oct 27 2019 11:52:32 GMT+0100 (CET);Sun Oct 27 2019 10:52:32 GMT+0100 (CET);1572173552000;1.39;332.79;22.35
1380556831572750;35.6;36;Sun Oct 27 2019 11:54:24 GMT+0100 (CET);Sun Oct 27 2019 10:54:24 GMT+0100 (CET);1572173664000;1.84;527.35;22.35
1380556831572750;35.6;36.8;Sun Oct 27 2019 11:56:19 GMT+0100 (CET);Sun Oct 27 2019 10:56:19 GMT+0100 (CET);1572173779000;1.72;440.31;22.41
1380556831572750;35.6;37.1;Sun Oct 27 2019 11:58:26 GMT+0100 (CET);Sun Oct 27 2019 10:58:26 GMT+0100 (CET);1572173906000;2.01;535.03;22.43
1380556831572750;35.6;36.4;Sun Oct 27 2019 12:00:19 GMT+0100 (CET);Sun Oct 27 2019 11:00:19 GMT+0100 (CET);1572174019000;2.46;588.79;22.69
1380556831572750;36.1;34.7;Sun Oct 27 2019 12:02:13 GMT+0100 (CET);Sun Oct 27 2019 11:02:13 GMT+0100 (CET);1572174133000;2.29;501.75;22.84
1380556831572750;36.1;33.8;Sun Oct 27 2019 12:04:05 GMT+0100 (CET);Sun Oct 27 2019 11:04:05 GMT+0100 (CET);1572174245000;2.25;491.51;22.93
1380556831572750;36.1;34.4;Sun Oct 27 2019 12:06:27 GMT+0100 (CET);Sun Oct 27 2019 11:06:27 GMT+0100 (CET);1572174387000;1.57;348.15;23.01
1380556831572750;36.1;34.8;Sun Oct 27 2019 12:08:25 GMT+0100 (CET);Sun Oct 27 2019 11:08:25 GMT+0100 (CET);1572174505000;1.61;386.55;22.71
1380556831572750;36.1;35.6;Sun Oct 27 2019 12:10:18 GMT+0100 (CET);Sun Oct 27 2019 11:10:18 GMT+0100 (CET);1572174618000;1.98;424.95;22.57
1380556831572750;35.6;34.5;Sun Oct 27 2019 12:11:21 GMT+0100 (CET);Sun Oct 27 2019 11:11:21 GMT+0100 (CET);1572174681000;1.61;343.03;22.53
1380556831572750;35.6;35.4;Sun Oct 27 2019 12:13:16 GMT+0100 (CET);Sun Oct 27 2019 11:13:16 GMT+0100 (CET);1572174796000;1.75;414.71;22.57
1380556831572750;35.6;35.3;Sun Oct 27 2019 12:15:10 GMT+0100 (CET);Sun Oct 27 2019 11:15:10 GMT+0100 (CET);1572174910000;1.82;437.75;22.53
1380556831572750;36.1;35.5;Sun Oct 27 2019 12:17:05 GMT+0100 (CET);Sun Oct 27 2019 11:17:05 GMT+0100 (CET);1572175025000;2.22;529.91;22.5
1380556831572750;36.1;35.6;Sun Oct 27 2019 12:18:58 GMT+0100 (CET);Sun Oct 27 2019 11:18:58 GMT+0100 (CET);1572175138000;1.75;396.79;22.79
1380556831572750;36.1;35.3;Sun Oct 27 2019 12:20:51 GMT+0100 (CET);Sun Oct 27 2019 11:20:51 GMT+0100 (CET);1572175251000;1.7;412.15;22.74
1380556831572750;36.1;35.5;Sun Oct 27 2019 12:22:44 GMT+0100 (CET);Sun Oct 27 2019 11:22:44 GMT+0100 (CET);1572175364000;2.22;517.11;22.75
1380556831572750;36.1;35.1;Sun Oct 27 2019 12:24:50 GMT+0100 (CET);Sun Oct 27 2019 11:24:50 GMT+0100 (CET);1572175490000;1.79;422.39;22.86
1380556831572750;36.1;35.3;Sun Oct 27 2019 12:26:43 GMT+0100 (CET);Sun Oct 27 2019 11:26:43 GMT+0100 (CET);1572175603000;1.89;435.19;22.84
1380556831572750;36.1;35.5;Sun Oct 27 2019 12:28:36 GMT+0100 (CET);Sun Oct 27 2019 11:28:36 GMT+0100 (CET);1572175716000;1.83;447.99;22.71
1380556831572750;36.1;34.6;Sun Oct 27 2019 12:30:29 GMT+0100 (CET);Sun Oct 27 2019 11:30:29 GMT+0100 (CET);1572175829000;2.24;506.87;22.66
1380556831572750;36.1;35.4;Sun Oct 27 2019 12:32:22 GMT+0100 (CET);Sun Oct 27 2019 11:32:22 GMT+0100 (CET);1572175942000;2.18;504.31;22.92
1380556831572750;36.1;35.8;Sun Oct 27 2019 12:34:15 GMT+0100 (CET);Sun Oct 27 2019 11:34:15 GMT+0100 (CET);1572176055000;2.55;604.15;22.85
1380556831572750;37.6;35.3;Sun Oct 27 2019 12:36:14 GMT+0100 (CET);Sun Oct 27 2019 11:36:14 GMT+0100 (CET);1572176174000;2;501.75;22.96
1380556831572750;37.6;33.9;Sun Oct 27 2019 12:38:07 GMT+0100 (CET);Sun Oct 27 2019 11:38:07 GMT+0100 (CET);1572176287000;1.26;279.24;22.92
1380556831572750;36.1;34.1;Sun Oct 27 2019 12:40:02 GMT+0100 (CET);Sun Oct 27 2019 11:40:02 GMT+0100 (CET);1572176402000;1.42;337.91;22.75
1380556831572750;36.1;34.8;Sun Oct 27 2019 12:41:57 GMT+0100 (CET);Sun Oct 27 2019 11:41:57 GMT+0100 (CET);1572176517000;1.71;386.55;22.75
1380556831572750;36.1;35.4;Sun Oct 27 2019 12:43:49 GMT+0100 (CET);Sun Oct 27 2019 11:43:49 GMT+0100 (CET);1572176629000;2.09;481.27;22.77
1380556831572750;36.1;36.2;Sun Oct 27 2019 12:45:44 GMT+0100 (CET);Sun Oct 27 2019 11:45:44 GMT+0100 (CET);1572176744000;1.95;471.03;23.03
1380556831572750;36.1;35.5;Sun Oct 27 2019 12:47:39 GMT+0100 (CET);Sun Oct 27 2019 11:47:39 GMT+0100 (CET);1572176859000;1.85;486.39;23.17
1380556831572750;37.6;36.7;Sun Oct 27 2019 12:49:49 GMT+0100 (CET);Sun Oct 27 2019 11:49:49 GMT+0100 (CET);1572176989000;1.47;345.59;23.36
1380556831572750;37.6;33.8;Sun Oct 27 2019 12:51:42 GMT+0100 (CET);Sun Oct 27 2019 11:51:42 GMT+0100 (CET);1572177102000;1.31;267.2;23.1
1380556831572750;37.6;34.6;Sun Oct 27 2019 12:53:35 GMT+0100 (CET);Sun Oct 27 2019 11:53:35 GMT+0100 (CET);1572177215000;1.5;401.91;22.73
1380556831572750;36.1;36.5;Sun Oct 27 2019 12:55:28 GMT+0100 (CET);Sun Oct 27 2019 11:55:28 GMT+0100 (CET);1572177328000;1.45;326.77;22.72
1380556831572750;36.1;34.6;Sun Oct 27 2019 12:57:21 GMT+0100 (CET);Sun Oct 27 2019 11:57:21 GMT+0100 (CET);1572177441000;1.19;261;22.71
1380556831572750;36.1;34.5;Sun Oct 27 2019 12:59:16 GMT+0100 (CET);Sun Oct 27 2019 11:59:16 GMT+0100 (CET);1572177556000;1.4;348.15;22.63
1380556831572750;36.1;34.9;Sun Oct 27 2019 13:01:17 GMT+0100 (CET);Sun Oct 27 2019 12:01:17 GMT+0100 (CET);1572177677000;1.34;310.97;22.57
1380556831572750;36.1;34.9;Sun Oct 27 2019 13:03:10 GMT+0100 (CET);Sun Oct 27 2019 12:03:10 GMT+0100 (CET);1572177790000;1.16;250.39;22.49
1380556831572750;35.6;34.6;Sun Oct 27 2019 13:06:02 GMT+0100 (CET);Sun Oct 27 2019 12:06:02 GMT+0100 (CET);1572177962000;1.11;245.38;22.5
1380556831572750;35.6;33.8;Sun Oct 27 2019 13:08:20 GMT+0100 (CET);Sun Oct 27 2019 12:08:20 GMT+0100 (CET);1572178100000;1.62;399.35;22.59
1380556831572750;35.6;34.6;Sun Oct 27 2019 13:10:14 GMT+0100 (CET);Sun Oct 27 2019 12:10:14 GMT+0100 (CET);1572178214000;2.95;642.55;22.75
1380556831572750;35.6;34.1;Sun Oct 27 2019 13:12:08 GMT+0100 (CET);Sun Oct 27 2019 12:12:08 GMT+0100 (CET);1572178328000;1.11;238.87;22.91
1380556831572750;35.6;34.9;Sun Oct 27 2019 13:14:02 GMT+0100 (CET);Sun Oct 27 2019 12:14:02 GMT+0100 (CET);1572178442000;2.99;645.11;22.85
1380556831572750;35.6;34.3;Sun Oct 27 2019 13:15:58 GMT+0100 (CET);Sun Oct 27 2019 12:15:58 GMT+0100 (CET);1572178558000;3.68;804.42;23.58
1380556831572750;35.6;34.3;Sun Oct 27 2019 13:17:51 GMT+0100 (CET);Sun Oct 27 2019 12:17:51 GMT+0100 (CET);1572178671000;3.81;822.77;24.27
1380556831572750;35.6;33.5;Sun Oct 27 2019 13:19:43 GMT+0100 (CET);Sun Oct 27 2019 12:19:43 GMT+0100 (CET);1572178783000;1.43;296.83;24.44
1380556831572750;35.6;33.1;Sun Oct 27 2019 13:21:37 GMT+0100 (CET);Sun Oct 27 2019 12:21:37 GMT+0100 (CET);1572178897000;1.51;272.24;24.26
1380556831572750;37.6;32.7;Sun Oct 27 2019 13:23:45 GMT+0100 (CET);Sun Oct 27 2019 12:23:45 GMT+0100 (CET);1572179025000;0.91;200.29;23.8
1380556831572750;37.6;32.8;Sun Oct 27 2019 13:25:39 GMT+0100 (CET);Sun Oct 27 2019 12:25:39 GMT+0100 (CET);1572179139000;0.93;200.11;23.34
1380556831572750;36.1;33.6;Sun Oct 27 2019 13:27:32 GMT+0100 (CET);Sun Oct 27 2019 12:27:32 GMT+0100 (CET);1572179252000;1;249.77;22.61
1380556831572750;36.1;34.7;Sun Oct 27 2019 13:29:25 GMT+0100 (CET);Sun Oct 27 2019 12:29:25 GMT+0100 (CET);1572179365000;0.94;205.1;22.06
1380556831572750;36.1;33.6;Sun Oct 27 2019 13:31:25 GMT+0100 (CET);Sun Oct 27 2019 12:31:25 GMT+0100 (CET);1572179485000;0.93;205.46;21.72
1380556831572750;35.6;33.7;Sun Oct 27 2019 13:33:20 GMT+0100 (CET);Sun Oct 27 2019 12:33:20 GMT+0100 (CET);1572179600000;0.97;210.58;21.53
1380556831572750;35.6;34.1;Sun Oct 27 2019 13:35:19 GMT+0100 (CET);Sun Oct 27 2019 12:35:19 GMT+0100 (CET);1572179719000;1.05;229.85;21.48
1380556831572750;35.6;34.7;Sun Oct 27 2019 13:37:12 GMT+0100 (CET);Sun Oct 27 2019 12:37:12 GMT+0100 (CET);1572179832000;1.43;330.23;21.47
1380556831572750;35.6;34.6;Sun Oct 27 2019 13:39:30 GMT+0100 (CET);Sun Oct 27 2019 12:39:30 GMT+0100 (CET);1572179970000;1.2;257.49;21.48
1380556831572750;33;34.5;Sun Oct 27 2019 13:41:25 GMT+0100 (CET);Sun Oct 27 2019 12:41:25 GMT+0100 (CET);1572180085000;1.16;263.88;21.25
1380556831572750;33;34.9;Sun Oct 27 2019 13:43:18 GMT+0100 (CET);Sun Oct 27 2019 12:43:18 GMT+0100 (CET);1572180198000;2.21;360.95;21.23
1380556831572750;33;36.1;Sun Oct 27 2019 13:45:14 GMT+0100 (CET);Sun Oct 27 2019 12:45:14 GMT+0100 (CET);1572180314000;1.69;366.07;21.42
1380556831572750;33;33.6;Sun Oct 27 2019 13:47:20 GMT+0100 (CET);Sun Oct 27 2019 12:47:20 GMT+0100 (CET);1572180440000;0.99;206.85;21.42
1380556831572750;33;33.6;Sun Oct 27 2019 13:49:13 GMT+0100 (CET);Sun Oct 27 2019 12:49:13 GMT+0100 (CET);1572180553000;0.94;194.97;21.39
1380556831572750;33;33.7;Sun Oct 27 2019 13:51:06 GMT+0100 (CET);Sun Oct 27 2019 12:51:06 GMT+0100 (CET);1572180666000;0.96;209.84;21.19
1380556831572750;33;35.4;Sun Oct 27 2019 13:53:03 GMT+0100 (CET);Sun Oct 27 2019 12:53:03 GMT+0100 (CET);1572180783000;0.88;184.68;21.07
1380556831572750;33;33.4;Sun Oct 27 2019 13:55:07 GMT+0100 (CET);Sun Oct 27 2019 12:55:07 GMT+0100 (CET);1572180907000;0.85;175.6;20.98
1380556831572750;32;33.6;Sun Oct 27 2019 13:57:00 GMT+0100 (CET);Sun Oct 27 2019 12:57:00 GMT+0100 (CET);1572181020000;0.85;176.16;20.89
1380556831572750;32;33.7;Sun Oct 27 2019 13:58:59 GMT+0100 (CET);Sun Oct 27 2019 12:58:59 GMT+0100 (CET);1572181139000;0.87;180.64;20.78
1380556831572750;32;34.1;Sun Oct 27 2019 14:00:53 GMT+0100 (CET);Sun Oct 27 2019 13:00:53 GMT+0100 (CET);1572181253000;0.86;178.21;20.71
1380556831572750;32;33.8;Sun Oct 27 2019 14:02:46 GMT+0100 (CET);Sun Oct 27 2019 13:02:46 GMT+0100 (CET);1572181366000;0.85;175.83;20.6
1380556831572750;31.5;33.7;Sun Oct 27 2019 14:04:56 GMT+0100 (CET);Sun Oct 27 2019 13:04:56 GMT+0100 (CET);1572181496000;0.83;171.5;20.43
1380556831572750;31.5;33.6;Sun Oct 27 2019 14:06:50 GMT+0100 (CET);Sun Oct 27 2019 13:06:50 GMT+0100 (CET);1572181610000;0.8;165.93;20.29
1380556831572750;31.5;33.6;Sun Oct 27 2019 14:08:43 GMT+0100 (CET);Sun Oct 27 2019 13:08:43 GMT+0100 (CET);1572181723000;0.76;159.38;20.19
1380556831572750;31.5;33.5;Sun Oct 27 2019 14:10:36 GMT+0100 (CET);Sun Oct 27 2019 13:10:36 GMT+0100 (CET);1572181836000;0.73;152.93;20.11
1380556831572750;31.5;33.7;Sun Oct 27 2019 14:12:29 GMT+0100 (CET);Sun Oct 27 2019 13:12:29 GMT+0100 (CET);1572181949000;0.71;145.28;20.04
1380556831572750;30;33.4;Sun Oct 27 2019 14:14:22 GMT+0100 (CET);Sun Oct 27 2019 13:14:22 GMT+0100 (CET);1572182062000;0.68;139.65;20
1380556831572750;30;33.4;Sun Oct 27 2019 14:16:15 GMT+0100 (CET);Sun Oct 27 2019 13:16:15 GMT+0100 (CET);1572182175000;0.66;137.59;19.93
1380556831572750;30;33.4;Sun Oct 27 2019 14:18:13 GMT+0100 (CET);Sun Oct 27 2019 13:18:13 GMT+0100 (CET);1572182293000;0.68;139.08;19.84
1380556831572750;30;33.4;Sun Oct 27 2019 14:20:11 GMT+0100 (CET);Sun Oct 27 2019 13:20:11 GMT+0100 (CET);1572182411000;0.68;140.76;19.85
1380556831572750;30;33.5;Sun Oct 27 2019 14:22:04 GMT+0100 (CET);Sun Oct 27 2019 13:22:04 GMT+0100 (CET);1572182524000;0.69;144.14;19.87
1380556831572750;29.5;33.5;Sun Oct 27 2019 14:23:58 GMT+0100 (CET);Sun Oct 27 2019 13:23:58 GMT+0100 (CET);1572182638000;0.69;145.21;19.85
1380556831572750;29.5;33.5;Sun Oct 27 2019 14:25:53 GMT+0100 (CET);Sun Oct 27 2019 13:25:53 GMT+0100 (CET);1572182753000;0.68;146.01;19.85
1380556831572750;29.5;33.6;Sun Oct 27 2019 14:27:47 GMT+0100 (CET);Sun Oct 27 2019 13:27:47 GMT+0100 (CET);1572182867000;0.7;146.47;19.82
1380556831572750;29.5;33.5;Sun Oct 27 2019 14:29:41 GMT+0100 (CET);Sun Oct 27 2019 13:29:41 GMT+0100 (CET);1572182981000;0.71;148.62;19.8
1380556831572750;29.5;33.8;Sun Oct 27 2019 14:31:34 GMT+0100 (CET);Sun Oct 27 2019 13:31:34 GMT+0100 (CET);1572183094000;0.73;152.54;19.82
1380556831572750;29.5;34;Sun Oct 27 2019 14:33:47 GMT+0100 (CET);Sun Oct 27 2019 13:33:47 GMT+0100 (CET);1572183227000;0.77;163.14;19.82
1380556831572750;29.5;34.1;Sun Oct 27 2019 14:35:44 GMT+0100 (CET);Sun Oct 27 2019 13:35:44 GMT+0100 (CET);1572183344000;0.74;154.93;19.81
1380556831572750;29.5;33.8;Sun Oct 27 2019 14:37:37 GMT+0100 (CET);Sun Oct 27 2019 13:37:37 GMT+0100 (CET);1572183457000;0.73;152.02;19.78
1380556831572750;29.5;33.6;Sun Oct 27 2019 14:39:29 GMT+0100 (CET);Sun Oct 27 2019 13:39:29 GMT+0100 (CET);1572183569000;0.7;146.44;19.78
1380556831572750;29.5;33.5;Sun Oct 27 2019 14:41:29 GMT+0100 (CET);Sun Oct 27 2019 13:41:29 GMT+0100 (CET);1572183689000;0.67;139.15;19.77
1380556831572750;29.5;33.1;Sun Oct 27 2019 14:43:21 GMT+0100 (CET);Sun Oct 27 2019 13:43:21 GMT+0100 (CET);1572183801000;0.66;134.88;19.76
1380556831572750;29.5;33.4;Sun Oct 27 2019 14:45:14 GMT+0100 (CET);Sun Oct 27 2019 13:45:14 GMT+0100 (CET);1572183914000;0.63;131.57;19.78
1380556831572750;29.5;33.3;Sun Oct 27 2019 14:47:07 GMT+0100 (CET);Sun Oct 27 2019 13:47:07 GMT+0100 (CET);1572184027000;0.61;125.58;19.78
1380556831572750;29.5;33.3;Sun Oct 27 2019 14:49:18 GMT+0100 (CET);Sun Oct 27 2019 13:49:18 GMT+0100 (CET);1572184158000;0.58;118.63;19.71
1380556831572750;29.5;33.4;Sun Oct 27 2019 14:51:15 GMT+0100 (CET);Sun Oct 27 2019 13:51:15 GMT+0100 (CET);1572184275000;0.55;115.46;19.69
1380556831572750;29.5;33.1;Sun Oct 27 2019 14:53:07 GMT+0100 (CET);Sun Oct 27 2019 13:53:07 GMT+0100 (CET);1572184387000;0.52;110.11;19.59
1380556831572750;29.5;33.3;Sun Oct 27 2019 14:55:00 GMT+0100 (CET);Sun Oct 27 2019 13:55:00 GMT+0100 (CET);1572184500000;0.49;101.46;19.44
1380556831572750;29.5;32.8;Sun Oct 27 2019 14:57:06 GMT+0100 (CET);Sun Oct 27 2019 13:57:06 GMT+0100 (CET);1572184626000;0.45;92.21;19.35
1380556831572750;29.5;32.6;Sun Oct 27 2019 14:58:59 GMT+0100 (CET);Sun Oct 27 2019 13:58:59 GMT+0100 (CET);1572184739000;0.39;81.97;19.25
1380556831572750;28;32.6;Sun Oct 27 2019 15:00:56 GMT+0100 (CET);Sun Oct 27 2019 14:00:56 GMT+0100 (CET);1572184856000;0.35;72.04;19.08
1380556831572750;28;31.8;Sun Oct 27 2019 15:02:50 GMT+0100 (CET);Sun Oct 27 2019 14:02:50 GMT+0100 (CET);1572184970000;0.31;64;19.01
1380556831572750;28;32;Sun Oct 27 2019 15:04:56 GMT+0100 (CET);Sun Oct 27 2019 14:04:56 GMT+0100 (CET);1572185096000;0.29;61.69;18.91
1380556831572750;27.5;32.3;Sun Oct 27 2019 15:06:49 GMT+0100 (CET);Sun Oct 27 2019 14:06:49 GMT+0100 (CET);1572185209000;0.34;71.25;18.82
1380556831572750;27.5;32.2;Sun Oct 27 2019 15:08:41 GMT+0100 (CET);Sun Oct 27 2019 14:08:41 GMT+0100 (CET);1572185321000;0.38;77.35;18.79
1380556831572750;27.5;32.7;Sun Oct 27 2019 15:10:35 GMT+0100 (CET);Sun Oct 27 2019 14:10:35 GMT+0100 (CET);1572185435000;0.41;86.15;18.76
1380556831572750;27.5;32.8;Sun Oct 27 2019 15:12:28 GMT+0100 (CET);Sun Oct 27 2019 14:12:28 GMT+0100 (CET);1572185548000;0.43;88.51;18.74
1380556831572750;27.5;32.6;Sun Oct 27 2019 15:14:26 GMT+0100 (CET);Sun Oct 27 2019 14:14:26 GMT+0100 (CET);1572185666000;0.39;80.22;18.7
1380556831572750;27.5;32.1;Sun Oct 27 2019 15:16:19 GMT+0100 (CET);Sun Oct 27 2019 14:16:19 GMT+0100 (CET);1572185779000;0.39;81.99;18.7
1380556831572750;27.5;32.8;Sun Oct 27 2019 15:18:19 GMT+0100 (CET);Sun Oct 27 2019 14:18:19 GMT+0100 (CET);1572185899000;0.41;82.07;18.66
1380556831572750;27.5;32.5;Sun Oct 27 2019 15:20:26 GMT+0100 (CET);Sun Oct 27 2019 14:20:26 GMT+0100 (CET);1572186026000;0.32;64.07;18.65
1380556831572750;27.5;31.9;Sun Oct 27 2019 15:22:18 GMT+0100 (CET);Sun Oct 27 2019 14:22:18 GMT+0100 (CET);1572186138000;0.21;44.94;18.59
1380556831572750;27.5;31;Sun Oct 27 2019 15:24:12 GMT+0100 (CET);Sun Oct 27 2019 14:24:12 GMT+0100 (CET);1572186252000;0.17;35.09;18.5
1380556831572750;26;31;Sun Oct 27 2019 15:26:04 GMT+0100 (CET);Sun Oct 27 2019 14:26:04 GMT+0100 (CET);1572186364000;0.15;31.29;18.42
1380556831572750;26;31;Sun Oct 27 2019 15:28:04 GMT+0100 (CET);Sun Oct 27 2019 14:28:04 GMT+0100 (CET);1572186484000;0.13;27.41;18.3
1380556831572750;25.5;30.7;Sun Oct 27 2019 15:29:57 GMT+0100 (CET);Sun Oct 27 2019 14:29:57 GMT+0100 (CET);1572186597000;0.11;23.45;18.15
1380556831572750;25.5;30.6;Sun Oct 27 2019 15:32:06 GMT+0100 (CET);Sun Oct 27 2019 14:32:06 GMT+0100 (CET);1572186726000;0.09;21.11;18.03
1380556831572750;25.5;30.6;Sun Oct 27 2019 15:34:04 GMT+0100 (CET);Sun Oct 27 2019 14:34:04 GMT+0100 (CET);1572186844000;0.11;24.3;17.91
1380556831572750;25;30.8;Sun Oct 27 2019 15:36:00 GMT+0100 (CET);Sun Oct 27 2019 14:36:00 GMT+0100 (CET);1572186960000;0.14;29.7;17.84
1380556831572750;25;30.8;Sun Oct 27 2019 15:37:57 GMT+0100 (CET);Sun Oct 27 2019 14:37:57 GMT+0100 (CET);1572187077000;0.15;32.12;17.81
1380556831572750;25.5;30.8;Sun Oct 27 2019 15:39:54 GMT+0100 (CET);Sun Oct 27 2019 14:39:54 GMT+0100 (CET);1572187194000;0.16;32.97;17.8
1380556831572750;25.5;31.4;Sun Oct 27 2019 15:41:47 GMT+0100 (CET);Sun Oct 27 2019 14:41:47 GMT+0100 (CET);1572187307000;0.19;38.81;17.78
1380556831572750;25;31.3;Sun Oct 27 2019 15:43:40 GMT+0100 (CET);Sun Oct 27 2019 14:43:40 GMT+0100 (CET);1572187420000;0.24;47.64;17.77
1380556831572750;25;31.9;Sun Oct 27 2019 15:45:33 GMT+0100 (CET);Sun Oct 27 2019 14:45:33 GMT+0100 (CET);1572187533000;0.27;52.52;17.74
1380556831572750;25;31.8;Sun Oct 27 2019 15:47:25 GMT+0100 (CET);Sun Oct 27 2019 14:47:25 GMT+0100 (CET);1572187645000;0.27;52.32;17.75
1380556831572750;25.5;31.9;Sun Oct 27 2019 15:49:18 GMT+0100 (CET);Sun Oct 27 2019 14:49:18 GMT+0100 (CET);1572187758000;0.25;49.52;17.73
1380556831572750;25.5;31.9;Sun Oct 27 2019 15:51:30 GMT+0100 (CET);Sun Oct 27 2019 14:51:30 GMT+0100 (CET);1572187890000;0.23;46.14;17.7
1380556831572750;25;31.6;Sun Oct 27 2019 15:53:29 GMT+0100 (CET);Sun Oct 27 2019 14:53:29 GMT+0100 (CET);1572188009000;0.23;44.97;17.66
1380556831572750;25;31.6;Sun Oct 27 2019 15:55:23 GMT+0100 (CET);Sun Oct 27 2019 14:55:23 GMT+0100 (CET);1572188123000;0.22;43.88;17.63
1380556831572750;25;31.3;Sun Oct 27 2019 15:57:16 GMT+0100 (CET);Sun Oct 27 2019 14:57:16 GMT+0100 (CET);1572188236000;0.21;41.16;17.6
1380556831572750;24;31.6;Sun Oct 27 2019 15:59:08 GMT+0100 (CET);Sun Oct 27 2019 14:59:08 GMT+0100 (CET);1572188348000;0.19;37.4;17.56
1380556831572750;24;31.1;Sun Oct 27 2019 16:01:02 GMT+0100 (CET);Sun Oct 27 2019 15:01:02 GMT+0100 (CET);1572188462000;0.17;33.89;17.53
1380556831572750;24;31.2;Sun Oct 27 2019 16:03:00 GMT+0100 (CET);Sun Oct 27 2019 15:03:00 GMT+0100 (CET);1572188580000;0.15;30.33;17.5
1380556831572750;24;30.8;Sun Oct 27 2019 16:04:53 GMT+0100 (CET);Sun Oct 27 2019 15:04:53 GMT+0100 (CET);1572188693000;0.13;27.68;17.47
1380556831572750;24;30.7;Sun Oct 27 2019 16:07:10 GMT+0100 (CET);Sun Oct 27 2019 15:07:10 GMT+0100 (CET);1572188830000;0.11;24.38;17.43
1380556831572750;24;30.7;Sun Oct 27 2019 16:09:02 GMT+0100 (CET);Sun Oct 27 2019 15:09:02 GMT+0100 (CET);1572188942000;0.11;23.48;17.39
1380556831572750;24;30.6;Sun Oct 27 2019 16:10:56 GMT+0100 (CET);Sun Oct 27 2019 15:10:56 GMT+0100 (CET);1572189056000;0.11;22.83;17.35
1380556831572750;24;30.6;Sun Oct 27 2019 16:12:49 GMT+0100 (CET);Sun Oct 27 2019 15:12:49 GMT+0100 (CET);1572189169000;0.1;22.12;17.28
1380556831572750;24;30.4;Sun Oct 27 2019 16:14:45 GMT+0100 (CET);Sun Oct 27 2019 15:14:45 GMT+0100 (CET);1572189285000;0.1;21.33;17.24
1380556831572750;24;30.6;Sun Oct 27 2019 16:16:37 GMT+0100 (CET);Sun Oct 27 2019 15:16:37 GMT+0100 (CET);1572189397000;0.1;20.23;17.19
1380556831572750;24;30.4;Sun Oct 27 2019 16:18:31 GMT+0100 (CET);Sun Oct 27 2019 15:18:31 GMT+0100 (CET);1572189511000;0.09;19.25;17.14
1380556831572750;24;30.5;Sun Oct 27 2019 16:20:23 GMT+0100 (CET);Sun Oct 27 2019 15:20:23 GMT+0100 (CET);1572189623000;0.08;17.3;17.08
1380556831572750;23.5;29.7;Sun Oct 27 2019 16:22:48 GMT+0100 (CET);Sun Oct 27 2019 15:22:48 GMT+0100 (CET);1572189768000;0.07;14.34;17.01
1380556831572750;23.5;30.1;Sun Oct 27 2019 16:24:42 GMT+0100 (CET);Sun Oct 27 2019 15:24:42 GMT+0100 (CET);1572189882000;0;12.16;16.96
1380556831572750;23.5;30.2;Sun Oct 27 2019 16:26:35 GMT+0100 (CET);Sun Oct 27 2019 15:26:35 GMT+0100 (CET);1572189995000;0;9.76;16.92
1380556831572750;23.5;30.5;Sun Oct 27 2019 16:28:30 GMT+0100 (CET);Sun Oct 27 2019 15:28:30 GMT+0100 (CET);1572190110000;0;7.93;16.87
1380556831572750;23.5;30.8;Sun Oct 27 2019 16:30:24 GMT+0100 (CET);Sun Oct 27 2019 15:30:24 GMT+0100 (CET);1572190224000;0;6.87;16.84
1380556831572750;22;30.7;Sun Oct 27 2019 16:32:17 GMT+0100 (CET);Sun Oct 27 2019 15:32:17 GMT+0100 (CET);1572190337000;0;6.24;16.82
1380556831572750;22;32;Sun Oct 27 2019 16:34:10 GMT+0100 (CET);Sun Oct 27 2019 15:34:10 GMT+0100 (CET);1572190450000;0;5.47;16.8
1380556831572750;23.5;31.9;Sun Oct 27 2019 16:36:11 GMT+0100 (CET);Sun Oct 27 2019 15:36:11 GMT+0100 (CET);1572190571000;0;4.82;16.78
1380556831572750;23.5;31.3;Sun Oct 27 2019 16:38:05 GMT+0100 (CET);Sun Oct 27 2019 15:38:05 GMT+0100 (CET);1572190685000;0;3.97;16.78
1380556831572750;22;29.9;Sun Oct 27 2019 16:39:59 GMT+0100 (CET);Sun Oct 27 2019 15:39:59 GMT+0100 (CET);1572190799000;0;3.06;16.76
1380556831572750;22;28.7;Sun Oct 27 2019 16:41:52 GMT+0100 (CET);Sun Oct 27 2019 15:41:52 GMT+0100 (CET);1572190912000;0;2.95;16.75
1380556831572750;22;28.7;Sun Oct 27 2019 16:43:46 GMT+0100 (CET);Sun Oct 27 2019 15:43:46 GMT+0100 (CET);1572191026000;0;2.94;16.72
1380556831572750;22;28.7;Sun Oct 27 2019 16:45:46 GMT+0100 (CET);Sun Oct 27 2019 15:45:46 GMT+0100 (CET);1572191146000;0;2.65;16.67
1380556831572750;15.9;35.6;Mon Oct 28 2019 08:59:53 GMT+0100 (CET);Mon Oct 28 2019 07:59:53 GMT+0100 (CET);1572249593000;0.58;596.47;8.67
1380556831572750;16.9;37.5;Mon Oct 28 2019 09:10:11 GMT+0100 (CET);Mon Oct 28 2019 08:10:11 GMT+0100 (CET);1572250211000;1.39;596.47;8.67
1380556831572750;16.9;37.4;Mon Oct 28 2019 09:15:07 GMT+0100 (CET);Mon Oct 28 2019 08:15:07 GMT+0100 (CET);1572250507000;2.57;596.47;8.67
1380556831572750;21.5;36.1;Mon Oct 28 2019 09:23:53 GMT+0100 (CET);Mon Oct 28 2019 08:23:53 GMT+0100 (CET);1572251033000;1.82;652.79;11.84
1380556831572750;21.5;35.7;Mon Oct 28 2019 09:25:48 GMT+0100 (CET);Mon Oct 28 2019 08:25:48 GMT+0100 (CET);1572251148000;2.77;627.19;12.33
1380556831572750;21.5;35.7;Mon Oct 28 2019 09:27:47 GMT+0100 (CET);Mon Oct 28 2019 08:27:47 GMT+0100 (CET);1572251267000;2.1;463.35;12.67
1380556831572750;21.5;35.5;Mon Oct 28 2019 09:29:40 GMT+0100 (CET);Mon Oct 28 2019 08:29:40 GMT+0100 (CET);1572251380000;2.32;506.87;13
1380556831572750;21.5;34.6;Mon Oct 28 2019 09:31:39 GMT+0100 (CET);Mon Oct 28 2019 08:31:39 GMT+0100 (CET);1572251499000;1.11;286.96;12.68
1380556831572750;24;35.3;Mon Oct 28 2019 09:33:32 GMT+0100 (CET);Mon Oct 28 2019 08:33:32 GMT+0100 (CET);1572251612000;2.38;542.71;12.49
1380556831572750;24;35.6;Mon Oct 28 2019 09:35:26 GMT+0100 (CET);Mon Oct 28 2019 08:35:26 GMT+0100 (CET);1572251726000;2.91;682.27;12.65
1380556831572750;25.5;35.7;Mon Oct 28 2019 09:37:19 GMT+0100 (CET);Mon Oct 28 2019 08:37:19 GMT+0100 (CET);1572251839000;2.92;547.83;13.04
1380556831572750;25.5;35.5;Mon Oct 28 2019 09:39:04 GMT+0100 (CET);Mon Oct 28 2019 08:39:04 GMT+0100 (CET);1572251944000;2.41;473.59;13.21
1380556831572750;25.5;35.1;Mon Oct 28 2019 09:40:57 GMT+0100 (CET);Mon Oct 28 2019 08:40:57 GMT+0100 (CET);1572252057000;2.86;555.51;13.48
1380556831572750;26;35.4;Mon Oct 28 2019 09:42:52 GMT+0100 (CET);Mon Oct 28 2019 08:42:52 GMT+0100 (CET);1572252172000;3.19;709.36;13.6
1380556831572750;26;34.7;Mon Oct 28 2019 09:44:44 GMT+0100 (CET);Mon Oct 28 2019 08:44:44 GMT+0100 (CET);1572252284000;1.16;288.5;13.77
1380556831572750;27.5;34.2;Mon Oct 28 2019 09:46:37 GMT+0100 (CET);Mon Oct 28 2019 08:46:37 GMT+0100 (CET);1572252397000;0.85;191.32;13.3
1380556831572750;27.5;34.3;Mon Oct 28 2019 09:48:31 GMT+0100 (CET);Mon Oct 28 2019 08:48:31 GMT+0100 (CET);1572252511000;1.24;366.07;12.71
1380556831572750;27.5;35.5;Mon Oct 28 2019 09:50:25 GMT+0100 (CET);Mon Oct 28 2019 08:50:25 GMT+0100 (CET);1572252625000;1.39;258.69;12.46
1380556831572750;27.5;34.7;Mon Oct 28 2019 09:52:17 GMT+0100 (CET);Mon Oct 28 2019 08:52:17 GMT+0100 (CET);1572252737000;0.82;185.21;12.03
1380556831572750;27.5;34.3;Mon Oct 28 2019 09:54:10 GMT+0100 (CET);Mon Oct 28 2019 08:54:10 GMT+0100 (CET);1572252850000;1.22;427.51;11.71
1380556831572750;26;36.1;Mon Oct 28 2019 09:56:03 GMT+0100 (CET);Mon Oct 28 2019 08:56:03 GMT+0100 (CET);1572252963000;2.34;491.51;11.78
1380556831572750;26;35.6;Mon Oct 28 2019 09:57:57 GMT+0100 (CET);Mon Oct 28 2019 08:57:57 GMT+0100 (CET);1572253077000;2.11;376.31;11.93
1380556831572750;26;35.6;Mon Oct 28 2019 09:59:51 GMT+0100 (CET);Mon Oct 28 2019 08:59:51 GMT+0100 (CET);1572253191000;2.19;412.15;11.85
1380556831572750;26;36;Mon Oct 28 2019 10:01:43 GMT+0100 (CET);Mon Oct 28 2019 09:01:43 GMT+0100 (CET);1572253303000;1.72;378.87;12.04
1380556831572750;26;35.1;Mon Oct 28 2019 10:03:38 GMT+0100 (CET);Mon Oct 28 2019 09:03:38 GMT+0100 (CET);1572253418000;1.09;278.74;11.96
1380556831572750;26;34.7;Mon Oct 28 2019 10:05:32 GMT+0100 (CET);Mon Oct 28 2019 09:05:32 GMT+0100 (CET);1572253532000;0.75;148.78;11.51
1380556831572750;26;35.2;Mon Oct 28 2019 10:07:27 GMT+0100 (CET);Mon Oct 28 2019 09:07:27 GMT+0100 (CET);1572253647000;1.06;529.91;11.11
1380556831572750;26;36.8;Mon Oct 28 2019 10:09:21 GMT+0100 (CET);Mon Oct 28 2019 09:09:21 GMT+0100 (CET);1572253761000;1.09;343.03;11.35
1380556831572750;26;36.6;Mon Oct 28 2019 10:11:21 GMT+0100 (CET);Mon Oct 28 2019 09:11:21 GMT+0100 (CET);1572253881000;2.24;496.63;11.22
1380556831572750;26;37.5;Mon Oct 28 2019 10:13:13 GMT+0100 (CET);Mon Oct 28 2019 09:13:13 GMT+0100 (CET);1572253993000;2.7;676.92;11.39
1380556831572750;26;36.8;Mon Oct 28 2019 10:15:06 GMT+0100 (CET);Mon Oct 28 2019 09:15:06 GMT+0100 (CET);1572254106000;2.72;667.7;11.85
1380556831572750;26;36.1;Mon Oct 28 2019 10:17:00 GMT+0100 (CET);Mon Oct 28 2019 09:17:00 GMT+0100 (CET);1572254220000;1.06;225.03;11.94
1380556831572750;26;37;Mon Oct 28 2019 10:19:10 GMT+0100 (CET);Mon Oct 28 2019 09:19:10 GMT+0100 (CET);1572254350000;3.51;815.77;12.26
1380556831572750;26;36.2;Mon Oct 28 2019 10:21:02 GMT+0100 (CET);Mon Oct 28 2019 09:21:02 GMT+0100 (CET);1572254462000;3.5;829.22;12.96
1380556831572750;27.5;35.7;Mon Oct 28 2019 10:23:00 GMT+0100 (CET);Mon Oct 28 2019 09:23:00 GMT+0100 (CET);1572254580000;3.75;745.42;13.6
1380556831572750;27.5;35.4;Mon Oct 28 2019 10:24:54 GMT+0100 (CET);Mon Oct 28 2019 09:24:54 GMT+0100 (CET);1572254694000;3.53;832.82;13.75
1380556831572750;29.5;35.4;Mon Oct 28 2019 10:26:48 GMT+0100 (CET);Mon Oct 28 2019 09:26:48 GMT+0100 (CET);1572254808000;3.45;746.03;14.38
1380556831572750;29.5;35.4;Mon Oct 28 2019 10:28:42 GMT+0100 (CET);Mon Oct 28 2019 09:28:42 GMT+0100 (CET);1572254922000;2.43;212.84;14.53
1380556831572750;29.5;33.1;Mon Oct 28 2019 10:30:26 GMT+0100 (CET);Mon Oct 28 2019 09:30:26 GMT+0100 (CET);1572255026000;0.7;161.95;14.07
1380556831572750;31.5;34;Mon Oct 28 2019 10:32:19 GMT+0100 (CET);Mon Oct 28 2019 09:32:19 GMT+0100 (CET);1572255139000;0.74;160.87;13.39
1380556831572750;31.5;34.4;Mon Oct 28 2019 10:34:13 GMT+0100 (CET);Mon Oct 28 2019 09:34:13 GMT+0100 (CET);1572255253000;0.65;156.86;12.86
1380556831572750;30;34.6;Mon Oct 28 2019 10:36:07 GMT+0100 (CET);Mon Oct 28 2019 09:36:07 GMT+0100 (CET);1572255367000;0.62;158.62;12.29
1380556831572750;30;35;Mon Oct 28 2019 10:38:15 GMT+0100 (CET);Mon Oct 28 2019 09:38:15 GMT+0100 (CET);1572255495000;0.72;186.4;11.82
1380556831572750;29.5;37.3;Mon Oct 28 2019 10:40:09 GMT+0100 (CET);Mon Oct 28 2019 09:40:09 GMT+0100 (CET);1572255609000;3.22;822.15;11.89
1380556831572750;29.5;36.8;Mon Oct 28 2019 10:42:03 GMT+0100 (CET);Mon Oct 28 2019 09:42:03 GMT+0100 (CET);1572255723000;3.49;825.03;12.69
1380556831572750;29.5;36.4;Mon Oct 28 2019 10:43:59 GMT+0100 (CET);Mon Oct 28 2019 09:43:59 GMT+0100 (CET);1572255839000;3.57;832.59;13.6
1380556831572750;29.5;35.6;Mon Oct 28 2019 10:45:52 GMT+0100 (CET);Mon Oct 28 2019 09:45:52 GMT+0100 (CET);1572255952000;3.52;800.59;14.33
1380556831572750;29.5;34.7;Mon Oct 28 2019 10:47:47 GMT+0100 (CET);Mon Oct 28 2019 09:47:47 GMT+0100 (CET);1572256067000;3.73;849.77;14.93
1380556831572750;30;34.7;Mon Oct 28 2019 10:49:40 GMT+0100 (CET);Mon Oct 28 2019 09:49:40 GMT+0100 (CET);1572256180000;3.97;704.89;15.26
1380556831572750;30;34.2;Mon Oct 28 2019 10:51:37 GMT+0100 (CET);Mon Oct 28 2019 09:51:37 GMT+0100 (CET);1572256297000;1.46;303.19;14.71
1380556831572750;30;34.6;Mon Oct 28 2019 10:53:31 GMT+0100 (CET);Mon Oct 28 2019 09:53:31 GMT+0100 (CET);1572256411000;3.8;778.52;14.12
1380556831572750;31.5;34.1;Mon Oct 28 2019 10:55:25 GMT+0100 (CET);Mon Oct 28 2019 09:55:25 GMT+0100 (CET);1572256525000;3.98;688.06;13.97
1380556831572750;31.5;34.1;Mon Oct 28 2019 10:57:18 GMT+0100 (CET);Mon Oct 28 2019 09:57:18 GMT+0100 (CET);1572256638000;2.15;861.76;14.48
1380556831572750;32;33.8;Mon Oct 28 2019 10:59:16 GMT+0100 (CET);Mon Oct 28 2019 09:59:16 GMT+0100 (CET);1572256756000;3.94;868.45;15.16
1380556831572750;32;33.8;Mon Oct 28 2019 11:01:09 GMT+0100 (CET);Mon Oct 28 2019 10:01:09 GMT+0100 (CET);1572256869000;3.99;873.61;15.85
1380556831572750;32;33.5;Mon Oct 28 2019 11:03:01 GMT+0100 (CET);Mon Oct 28 2019 10:03:01 GMT+0100 (CET);1572256981000;3.94;868.75;16.38
1380556831572750;33;33.2;Mon Oct 28 2019 11:04:55 GMT+0100 (CET);Mon Oct 28 2019 10:04:55 GMT+0100 (CET);1572257095000;4.19;918.13;17.06
1380556831572750;33;33.1;Mon Oct 28 2019 11:06:49 GMT+0100 (CET);Mon Oct 28 2019 10:06:49 GMT+0100 (CET);1572257209000;4.18;916.97;17.34
1380556831572750;35.6;33;Mon Oct 28 2019 11:08:42 GMT+0100 (CET);Mon Oct 28 2019 10:08:42 GMT+0100 (CET);1572257322000;3.89;853.94;17.42
1380556831572750;35.6;33;Mon Oct 28 2019 11:10:35 GMT+0100 (CET);Mon Oct 28 2019 10:10:35 GMT+0100 (CET);1572257435000;3.99;865.9;17.53
1380556831572750;35.6;33.1;Mon Oct 28 2019 11:12:23 GMT+0100 (CET);Mon Oct 28 2019 10:12:23 GMT+0100 (CET);1572257543000;4.14;864.19;17.8
1380556831572750;35.6;32.8;Mon Oct 28 2019 11:14:16 GMT+0100 (CET);Mon Oct 28 2019 10:14:16 GMT+0100 (CET);1572257656000;2.03;381.43;17.44
1380556831572750;35.6;32.9;Mon Oct 28 2019 11:16:09 GMT+0100 (CET);Mon Oct 28 2019 10:16:09 GMT+0100 (CET);1572257769000;2.27;599.03;16.39
1380556831572750;36.1;33.4;Mon Oct 28 2019 11:18:03 GMT+0100 (CET);Mon Oct 28 2019 10:18:03 GMT+0100 (CET);1572257883000;1.06;231.07;15.89
1380556831572750;36.1;35.5;Mon Oct 28 2019 11:19:56 GMT+0100 (CET);Mon Oct 28 2019 10:19:56 GMT+0100 (CET);1572257996000;2.05;399.35;15.4
1380556831572750;35.6;35.2;Mon Oct 28 2019 11:21:51 GMT+0100 (CET);Mon Oct 28 2019 10:21:51 GMT+0100 (CET);1572258111000;3.8;849.61;15.25
1380556831572750;35.6;33.8;Mon Oct 28 2019 11:23:35 GMT+0100 (CET);Mon Oct 28 2019 10:23:35 GMT+0100 (CET);1572258215000;4.44;952.3;15.7
1380556831572750;35.6;33.4;Mon Oct 28 2019 11:25:28 GMT+0100 (CET);Mon Oct 28 2019 10:25:28 GMT+0100 (CET);1572258328000;4.33;927.74;16.42
1380556831572750;35.6;33.2;Mon Oct 28 2019 11:27:21 GMT+0100 (CET);Mon Oct 28 2019 10:27:21 GMT+0100 (CET);1572258441000;4.2;891.06;17.07
1380556831572750;35.6;33.6;Mon Oct 28 2019 11:29:15 GMT+0100 (CET);Mon Oct 28 2019 10:29:15 GMT+0100 (CET);1572258555000;3.95;862.21;17.66
1380556831572750;35.6;33.4;Mon Oct 28 2019 11:31:08 GMT+0100 (CET);Mon Oct 28 2019 10:31:08 GMT+0100 (CET);1572258668000;4.15;895.94;17.94
1380556831572750;35.6;33.4;Mon Oct 28 2019 11:33:03 GMT+0100 (CET);Mon Oct 28 2019 10:33:03 GMT+0100 (CET);1572258783000;4.06;799.96;18.01
1380556831572750;35.6;34.5;Mon Oct 28 2019 11:34:57 GMT+0100 (CET);Mon Oct 28 2019 10:34:57 GMT+0100 (CET);1572258897000;0.84;183;17.23
1380556831572750;36.1;32.7;Mon Oct 28 2019 11:36:57 GMT+0100 (CET);Mon Oct 28 2019 10:36:57 GMT+0100 (CET);1572259017000;0.66;155.88;15.95
1380556831572750;36.1;33.7;Mon Oct 28 2019 11:38:51 GMT+0100 (CET);Mon Oct 28 2019 10:38:51 GMT+0100 (CET);1572259131000;0.82;194.25;14.67
1380556831572750;36.1;34.9;Mon Oct 28 2019 11:40:43 GMT+0100 (CET);Mon Oct 28 2019 10:40:43 GMT+0100 (CET);1572259243000;0.79;191.22;13.92
1380556831572750;33;37.5;Mon Oct 28 2019 11:42:42 GMT+0100 (CET);Mon Oct 28 2019 10:42:42 GMT+0100 (CET);1572259362000;2.57;570.87;13.15
1380556831572750;33;35.3;Mon Oct 28 2019 11:44:40 GMT+0100 (CET);Mon Oct 28 2019 10:44:40 GMT+0100 (CET);1572259480000;3.39;756.82;13.42
1380556831572750;32;34.5;Mon Oct 28 2019 11:46:35 GMT+0100 (CET);Mon Oct 28 2019 10:46:35 GMT+0100 (CET);1572259595000;3.84;841.99;14.17
1380556831572750;32;34.4;Mon Oct 28 2019 11:48:28 GMT+0100 (CET);Mon Oct 28 2019 10:48:28 GMT+0100 (CET);1572259708000;3.78;806.26;14.92
1380556831572750;31.5;34.3;Mon Oct 28 2019 11:50:20 GMT+0100 (CET);Mon Oct 28 2019 10:50:20 GMT+0100 (CET);1572259820000;3.35;766.15;15.39
1380556831572750;31.5;34;Mon Oct 28 2019 11:52:36 GMT+0100 (CET);Mon Oct 28 2019 10:52:36 GMT+0100 (CET);1572259956000;3.77;816.9;15.85
1380556831572750;31.5;33.6;Mon Oct 28 2019 11:54:32 GMT+0100 (CET);Mon Oct 28 2019 10:54:32 GMT+0100 (CET);1572260072000;3.76;825.79;16.28
1380556831572750;32;33.6;Mon Oct 28 2019 11:56:24 GMT+0100 (CET);Mon Oct 28 2019 10:56:24 GMT+0100 (CET);1572260184000;3.77;817.46;16.89
1380556831572750;32;33.6;Mon Oct 28 2019 11:58:23 GMT+0100 (CET);Mon Oct 28 2019 10:58:23 GMT+0100 (CET);1572260303000;3.71;793.68;17.32
1380556831572750;33;33.7;Mon Oct 28 2019 12:00:16 GMT+0100 (CET);Mon Oct 28 2019 11:00:16 GMT+0100 (CET);1572260416000;3.83;832.7;17.71
1380556831572750;33;33.5;Mon Oct 28 2019 12:02:09 GMT+0100 (CET);Mon Oct 28 2019 11:02:09 GMT+0100 (CET);1572260529000;3.4;740.91;17.96
1380556831572750;35.6;33.5;Mon Oct 28 2019 12:04:03 GMT+0100 (CET);Mon Oct 28 2019 11:04:03 GMT+0100 (CET);1572260643000;3.71;807.5;18.11
1380556831572750;35.6;33.2;Mon Oct 28 2019 12:05:57 GMT+0100 (CET);Mon Oct 28 2019 11:05:57 GMT+0100 (CET);1572260757000;3.67;788.72;18.21
1380556831572750;35.6;33.2;Mon Oct 28 2019 12:08:03 GMT+0100 (CET);Mon Oct 28 2019 11:08:03 GMT+0100 (CET);1572260883000;3.56;772.21;18.3
1380556831572750;35.6;33.1;Mon Oct 28 2019 12:09:55 GMT+0100 (CET);Mon Oct 28 2019 11:09:55 GMT+0100 (CET);1572260995000;3.55;763.34;18.68
1380556831572750;35.6;33.2;Mon Oct 28 2019 12:11:48 GMT+0100 (CET);Mon Oct 28 2019 11:11:48 GMT+0100 (CET);1572261108000;3.61;784.61;19.02
1380556831572750;35.6;33.2;Mon Oct 28 2019 12:13:41 GMT+0100 (CET);Mon Oct 28 2019 11:13:41 GMT+0100 (CET);1572261221000;3.62;783.89;18.92
1380556831572750;35.6;33.2;Mon Oct 28 2019 12:15:25 GMT+0100 (CET);Mon Oct 28 2019 11:15:25 GMT+0100 (CET);1572261325000;3.59;773.33;18.65
1380556831572750;35.6;33.2;Mon Oct 28 2019 12:17:19 GMT+0100 (CET);Mon Oct 28 2019 11:17:19 GMT+0100 (CET);1572261439000;3.64;789.65;18.27
1380556831572750;36.1;33.2;Mon Oct 28 2019 12:19:12 GMT+0100 (CET);Mon Oct 28 2019 11:19:12 GMT+0100 (CET);1572261552000;3.66;792.29;17.73
1380556831572750;36.1;33.1;Mon Oct 28 2019 12:21:04 GMT+0100 (CET);Mon Oct 28 2019 11:21:04 GMT+0100 (CET);1572261664000;3.66;793.84;17.85
1380556831572750;36.1;33;Mon Oct 28 2019 12:23:00 GMT+0100 (CET);Mon Oct 28 2019 11:23:00 GMT+0100 (CET);1572261780000;3.69;802.65;18.14
1380556831572750;36.1;33.7;Mon Oct 28 2019 12:24:53 GMT+0100 (CET);Mon Oct 28 2019 11:24:53 GMT+0100 (CET);1572261893000;3.6;795.54;18.36
1380556831572750;36.1;34.1;Mon Oct 28 2019 12:26:46 GMT+0100 (CET);Mon Oct 28 2019 11:26:46 GMT+0100 (CET);1572262006000;3.47;743.56;18.81
1380556831572750;37.6;33;Mon Oct 28 2019 12:28:40 GMT+0100 (CET);Mon Oct 28 2019 11:28:40 GMT+0100 (CET);1572262120000;3.63;802.42;19.03
1380556831572750;37.6;33.7;Mon Oct 28 2019 12:30:38 GMT+0100 (CET);Mon Oct 28 2019 11:30:38 GMT+0100 (CET);1572262238000;3.68;813.31;19.2
1380556831572750;37.6;33.9;Mon Oct 28 2019 12:32:31 GMT+0100 (CET);Mon Oct 28 2019 11:32:31 GMT+0100 (CET);1572262351000;3.78;821.88;19.5
1380556831572750;37.6;33.2;Mon Oct 28 2019 12:34:24 GMT+0100 (CET);Mon Oct 28 2019 11:34:24 GMT+0100 (CET);1572262464000;3.73;812.15;19.51
1380556831572750;37.6;34;Mon Oct 28 2019 12:36:21 GMT+0100 (CET);Mon Oct 28 2019 11:36:21 GMT+0100 (CET);1572262581000;3.79;787.84;19.53
1380556831572750;37.6;33.1;Mon Oct 28 2019 12:38:15 GMT+0100 (CET);Mon Oct 28 2019 11:38:15 GMT+0100 (CET);1572262695000;3.54;756.25;18.71
1380556831572750;37.6;33.3;Mon Oct 28 2019 12:40:08 GMT+0100 (CET);Mon Oct 28 2019 11:40:08 GMT+0100 (CET);1572262808000;2.98;550.39;18.49
1380556831572750;37.6;33.4;Mon Oct 28 2019 12:42:00 GMT+0100 (CET);Mon Oct 28 2019 11:42:00 GMT+0100 (CET);1572262920000;1.02;247.16;17.38
1380556831572750;37.6;35.8;Mon Oct 28 2019 12:43:54 GMT+0100 (CET);Mon Oct 28 2019 11:43:54 GMT+0100 (CET);1572263034000;3.61;796.36;16.67
1380556831572750;37.6;34.1;Mon Oct 28 2019 12:45:47 GMT+0100 (CET);Mon Oct 28 2019 11:45:47 GMT+0100 (CET);1572263147000;3.68;823.04;16.46
1380556831572750;37.6;33.7;Mon Oct 28 2019 12:47:40 GMT+0100 (CET);Mon Oct 28 2019 11:47:40 GMT+0100 (CET);1572263260000;3.63;802.61;16.74
1380556831572750;37.6;33.8;Mon Oct 28 2019 12:49:37 GMT+0100 (CET);Mon Oct 28 2019 11:49:37 GMT+0100 (CET);1572263377000;3.23;670.41;16.78
1380556831572750;37.6;34;Mon Oct 28 2019 12:51:34 GMT+0100 (CET);Mon Oct 28 2019 11:51:34 GMT+0100 (CET);1572263494000;2.89;652.79;16.81
1380556831572750;37.6;34.1;Mon Oct 28 2019 12:53:26 GMT+0100 (CET);Mon Oct 28 2019 11:53:26 GMT+0100 (CET);1572263606000;3.72;844.41;16.69
1380556831572750;37.6;34;Mon Oct 28 2019 12:55:20 GMT+0100 (CET);Mon Oct 28 2019 11:55:20 GMT+0100 (CET);1572263720000;3.81;841.47;16.97
1380556831572750;37.6;33.8;Mon Oct 28 2019 12:57:13 GMT+0100 (CET);Mon Oct 28 2019 11:57:13 GMT+0100 (CET);1572263833000;1.71;756.39;16.96
1380556831572750;37.6;34.3;Mon Oct 28 2019 12:59:07 GMT+0100 (CET);Mon Oct 28 2019 11:59:07 GMT+0100 (CET);1572263947000;3.15;785.19;16.72
1380556831572750;38.6;34.1;Mon Oct 28 2019 13:01:01 GMT+0100 (CET);Mon Oct 28 2019 12:01:01 GMT+0100 (CET);1572264061000;3.46;745.95;16.47
1380556831572750;38.6;34.9;Mon Oct 28 2019 13:02:55 GMT+0100 (CET);Mon Oct 28 2019 12:02:55 GMT+0100 (CET);1572264175000;2.93;663.98;16.23
1380556831572750;36.1;34.1;Mon Oct 28 2019 13:04:49 GMT+0100 (CET);Mon Oct 28 2019 12:04:49 GMT+0100 (CET);1572264289000;3.08;679.28;15.91
1380556831572750;36.1;34;Mon Oct 28 2019 13:06:42 GMT+0100 (CET);Mon Oct 28 2019 12:06:42 GMT+0100 (CET);1572264402000;3.51;765.59;16.2
1380556831572750;36.1;34.1;Mon Oct 28 2019 13:08:25 GMT+0100 (CET);Mon Oct 28 2019 12:08:25 GMT+0100 (CET);1572264505000;3.67;788.92;16.64
1380556831572750;35.6;34.3;Mon Oct 28 2019 13:10:18 GMT+0100 (CET);Mon Oct 28 2019 12:10:18 GMT+0100 (CET);1572264618000;3.42;747.08;17.03
1380556831572750;35.6;33.8;Mon Oct 28 2019 13:12:12 GMT+0100 (CET);Mon Oct 28 2019 12:12:12 GMT+0100 (CET);1572264732000;3.12;743;17.36
1380556831572750;35.6;33.8;Mon Oct 28 2019 13:14:06 GMT+0100 (CET);Mon Oct 28 2019 12:14:06 GMT+0100 (CET);1572264846000;2.33;573.43;17.67
1380556831572750;35.6;34.2;Mon Oct 28 2019 13:15:59 GMT+0100 (CET);Mon Oct 28 2019 12:15:59 GMT+0100 (CET);1572264959000;3.21;726.26;17.63
1380556831572750;35.6;34.4;Mon Oct 28 2019 13:17:54 GMT+0100 (CET);Mon Oct 28 2019 12:17:54 GMT+0100 (CET);1572265074000;3.23;735.02;16.98
1380556831572750;36.1;33.8;Mon Oct 28 2019 13:19:48 GMT+0100 (CET);Mon Oct 28 2019 12:19:48 GMT+0100 (CET);1572265188000;3.24;709.47;16.78
1380556831572750;36.1;33.3;Mon Oct 28 2019 13:21:40 GMT+0100 (CET);Mon Oct 28 2019 12:21:40 GMT+0100 (CET);1572265300000;2.93;686.05;16.75
1380556831572750;35.6;34.3;Mon Oct 28 2019 13:23:33 GMT+0100 (CET);Mon Oct 28 2019 12:23:33 GMT+0100 (CET);1572265413000;3.49;766.39;16.4
1380556831572750;35.6;33.5;Mon Oct 28 2019 13:25:33 GMT+0100 (CET);Mon Oct 28 2019 12:25:33 GMT+0100 (CET);1572265533000;3.46;740.64;16.68
1380556831572750;35.6;32.7;Mon Oct 28 2019 13:27:30 GMT+0100 (CET);Mon Oct 28 2019 12:27:30 GMT+0100 (CET);1572265650000;3.48;754.07;17.21
1380556831572750;35.6;33;Mon Oct 28 2019 13:29:23 GMT+0100 (CET);Mon Oct 28 2019 12:29:23 GMT+0100 (CET);1572265763000;3.36;723.4;17.21
1380556831572750;35.6;32.6;Mon Oct 28 2019 13:31:17 GMT+0100 (CET);Mon Oct 28 2019 12:31:17 GMT+0100 (CET);1572265877000;1.52;231;16.39
1380556831572750;35.6;32.8;Mon Oct 28 2019 13:33:21 GMT+0100 (CET);Mon Oct 28 2019 12:33:21 GMT+0100 (CET);1572266001000;2.74;586.23;15.32
1380556831572750;35.6;33.4;Mon Oct 28 2019 13:35:15 GMT+0100 (CET);Mon Oct 28 2019 12:35:15 GMT+0100 (CET);1572266115000;3.07;695.46;15
1380556831572750;35.6;33.4;Mon Oct 28 2019 13:37:08 GMT+0100 (CET);Mon Oct 28 2019 12:37:08 GMT+0100 (CET);1572266228000;2.32;414.71;14.49
1380556831572750;35.6;34.9;Mon Oct 28 2019 13:39:02 GMT+0100 (CET);Mon Oct 28 2019 12:39:02 GMT+0100 (CET);1572266342000;2.75;639.99;14.46
1380556831572750;35.6;34.8;Mon Oct 28 2019 13:40:56 GMT+0100 (CET);Mon Oct 28 2019 12:40:56 GMT+0100 (CET);1572266456000;2.87;634.87;14.92
1380556831572750;33;35.3;Mon Oct 28 2019 13:42:50 GMT+0100 (CET);Mon Oct 28 2019 12:42:50 GMT+0100 (CET);1572266570000;2.4;642.55;15.47
1380556831572750;33;37;Mon Oct 28 2019 13:44:43 GMT+0100 (CET);Mon Oct 28 2019 12:44:43 GMT+0100 (CET);1572266683000;2.31;604.15;15.78
1380556831572750;33;36;Mon Oct 28 2019 13:46:37 GMT+0100 (CET);Mon Oct 28 2019 12:46:37 GMT+0100 (CET);1572266797000;2.17;573.43;16.21
1380556831572750;33;36.7;Mon Oct 28 2019 13:48:59 GMT+0100 (CET);Mon Oct 28 2019 12:48:59 GMT+0100 (CET);1572266939000;2.44;593.91;16.67
1380556831572750;33;36.7;Mon Oct 28 2019 13:50:53 GMT+0100 (CET);Mon Oct 28 2019 12:50:53 GMT+0100 (CET);1572267053000;2.18;575.99;16.82
1380556831572750;34.1;36.7;Mon Oct 28 2019 13:52:51 GMT+0100 (CET);Mon Oct 28 2019 12:52:51 GMT+0100 (CET);1572267171000;2.46;611.83;16.94
1380556831572750;34.1;36.2;Mon Oct 28 2019 13:54:47 GMT+0100 (CET);Mon Oct 28 2019 12:54:47 GMT+0100 (CET);1572267287000;2.2;519.67;17.02
1380556831572750;35.6;36.5;Mon Oct 28 2019 13:56:40 GMT+0100 (CET);Mon Oct 28 2019 12:56:40 GMT+0100 (CET);1572267400000;2.22;545.27;17.31
1380556831572750;35.6;36.2;Mon Oct 28 2019 13:58:33 GMT+0100 (CET);Mon Oct 28 2019 12:58:33 GMT+0100 (CET);1572267513000;2.07;550.39;17.06
1380556831572750;35.6;35;Mon Oct 28 2019 14:00:32 GMT+0100 (CET);Mon Oct 28 2019 13:00:32 GMT+0100 (CET);1572267632000;2.52;565.75;16.76
1380556831572750;34.6;34.9;Mon Oct 28 2019 14:02:20 GMT+0100 (CET);Mon Oct 28 2019 13:02:20 GMT+0100 (CET);1572267740000;2.12;496.63;16.75
1380556831572750;34.6;37;Mon Oct 28 2019 14:04:25 GMT+0100 (CET);Mon Oct 28 2019 13:04:25 GMT+0100 (CET);1572267865000;2.02;535.03;16.99
1380556831572750;33;36.5;Mon Oct 28 2019 14:06:18 GMT+0100 (CET);Mon Oct 28 2019 13:06:18 GMT+0100 (CET);1572267978000;2.09;506.87;16.55
1380556831572750;33;35.8;Mon Oct 28 2019 14:08:12 GMT+0100 (CET);Mon Oct 28 2019 13:08:12 GMT+0100 (CET);1572268092000;1.68;386.55;15.97
1380556831572750;33;35;Mon Oct 28 2019 14:10:05 GMT+0100 (CET);Mon Oct 28 2019 13:10:05 GMT+0100 (CET);1572268205000;1.82;430.07;15.54
1380556831572750;32;35.3;Mon Oct 28 2019 14:12:32 GMT+0100 (CET);Mon Oct 28 2019 13:12:32 GMT+0100 (CET);1572268352000;1.97;440.31;15.55
1380556831572750;32;35.2;Mon Oct 28 2019 14:14:26 GMT+0100 (CET);Mon Oct 28 2019 13:14:26 GMT+0100 (CET);1572268466000;1.86;427.51;15.44
1380556831572750;31.5;36.1;Mon Oct 28 2019 14:16:20 GMT+0100 (CET);Mon Oct 28 2019 13:16:20 GMT+0100 (CET);1572268580000;1.6;419.83;15.5
1380556831572750;31.5;37.5;Mon Oct 28 2019 14:18:16 GMT+0100 (CET);Mon Oct 28 2019 13:18:16 GMT+0100 (CET);1572268696000;1.7;476.15;15.57
1380556831572750;31.5;36.9;Mon Oct 28 2019 14:20:26 GMT+0100 (CET);Mon Oct 28 2019 13:20:26 GMT+0100 (CET);1572268826000;1.64;432.63;15.49
1380556831572750;31.5;35.8;Mon Oct 28 2019 14:22:19 GMT+0100 (CET);Mon Oct 28 2019 13:22:19 GMT+0100 (CET);1572268939000;1.66;391.67;15.56
1380556831572750;30;35.4;Mon Oct 28 2019 14:24:12 GMT+0100 (CET);Mon Oct 28 2019 13:24:12 GMT+0100 (CET);1572269052000;1.65;389.11;15.64
1380556831572750;30;36.1;Mon Oct 28 2019 14:26:07 GMT+0100 (CET);Mon Oct 28 2019 13:26:07 GMT+0100 (CET);1572269167000;1.61;399.35;15.67
1380556831572750;30;36;Mon Oct 28 2019 14:28:01 GMT+0100 (CET);Mon Oct 28 2019 13:28:01 GMT+0100 (CET);1572269281000;1.63;373.75;15.6
1380556831572750;30;35.4;Mon Oct 28 2019 14:30:00 GMT+0100 (CET);Mon Oct 28 2019 13:30:00 GMT+0100 (CET);1572269400000;1.07;246.52;15.27
1380556831572750;30;36.5;Mon Oct 28 2019 14:31:58 GMT+0100 (CET);Mon Oct 28 2019 13:31:58 GMT+0100 (CET);1572269518000;1.8;422.39;15.09
1380556831572750;29.5;35.9;Mon Oct 28 2019 14:33:57 GMT+0100 (CET);Mon Oct 28 2019 13:33:57 GMT+0100 (CET);1572269637000;1.48;345.59;15.32
1380556831572750;29.5;35.6;Mon Oct 28 2019 14:35:50 GMT+0100 (CET);Mon Oct 28 2019 13:35:50 GMT+0100 (CET);1572269750000;0.83;209.29;15.38
1380556831572750;29.5;36.7;Mon Oct 28 2019 14:37:43 GMT+0100 (CET);Mon Oct 28 2019 13:37:43 GMT+0100 (CET);1572269863000;0.72;197.99;15
1380556831572750;28;38.1;Mon Oct 28 2019 14:39:36 GMT+0100 (CET);Mon Oct 28 2019 13:39:36 GMT+0100 (CET);1572269976000;0.97;286.18;14.75
1380556831572750;28;36.4;Mon Oct 28 2019 14:41:34 GMT+0100 (CET);Mon Oct 28 2019 13:41:34 GMT+0100 (CET);1572270094000;1.58;373.75;14.65
1380556831572750;28;36.4;Mon Oct 28 2019 14:43:28 GMT+0100 (CET);Mon Oct 28 2019 13:43:28 GMT+0100 (CET);1572270208000;1.33;337.91;14.76
1380556831572750;28;38.7;Mon Oct 28 2019 14:45:21 GMT+0100 (CET);Mon Oct 28 2019 13:45:21 GMT+0100 (CET);1572270321000;1;376.31;14.95
1380556831572750;28;39.1;Mon Oct 28 2019 14:47:15 GMT+0100 (CET);Mon Oct 28 2019 13:47:15 GMT+0100 (CET);1572270435000;1.37;437.75;15.27
1380556831572750;28;39;Mon Oct 28 2019 14:49:09 GMT+0100 (CET);Mon Oct 28 2019 13:49:09 GMT+0100 (CET);1572270549000;1.39;458.23;15.38
1380556831572750;28;38.9;Mon Oct 28 2019 14:51:05 GMT+0100 (CET);Mon Oct 28 2019 13:51:05 GMT+0100 (CET);1572270665000;1.21;437.75;15.59
1380556831572750;29.5;39.2;Mon Oct 28 2019 14:52:59 GMT+0100 (CET);Mon Oct 28 2019 13:52:59 GMT+0100 (CET);1572270779000;1.4;404.47;15.89
1380556831572750;29.5;35.7;Mon Oct 28 2019 14:54:54 GMT+0100 (CET);Mon Oct 28 2019 13:54:54 GMT+0100 (CET);1572270894000;1.16;368.63;16.01
1380556831572750;29.5;38.4;Mon Oct 28 2019 14:56:49 GMT+0100 (CET);Mon Oct 28 2019 13:56:49 GMT+0100 (CET);1572271009000;0.54;268.09;15.99
1380556831572750;29.5;37.2;Mon Oct 28 2019 14:58:43 GMT+0100 (CET);Mon Oct 28 2019 13:58:43 GMT+0100 (CET);1572271123000;0.42;138.73;15.68
1380556831572750;29.5;36.8;Mon Oct 28 2019 15:00:37 GMT+0100 (CET);Mon Oct 28 2019 14:00:37 GMT+0100 (CET);1572271237000;0.44;240.18;15.21
1380556831572750;28;37.3;Mon Oct 28 2019 15:02:34 GMT+0100 (CET);Mon Oct 28 2019 14:02:34 GMT+0100 (CET);1572271354000;0.5;373.75;14.85
1380556831572750;28;35.3;Mon Oct 28 2019 15:04:18 GMT+0100 (CET);Mon Oct 28 2019 14:04:18 GMT+0100 (CET);1572271458000;0.52;378.87;14.89
1380556831572750;25.5;34.7;Mon Oct 28 2019 15:06:36 GMT+0100 (CET);Mon Oct 28 2019 14:06:36 GMT+0100 (CET);1572271596000;0.53;386.55;15.31
1380556831572750;25.5;35;Mon Oct 28 2019 15:08:29 GMT+0100 (CET);Mon Oct 28 2019 14:08:29 GMT+0100 (CET);1572271709000;0.53;350.71;15.63
1380556831572750;25.5;34.9;Mon Oct 28 2019 15:10:25 GMT+0100 (CET);Mon Oct 28 2019 14:10:25 GMT+0100 (CET);1572271825000;0.55;381.43;15.85
1380556831572750;24;35;Mon Oct 28 2019 15:12:25 GMT+0100 (CET);Mon Oct 28 2019 14:12:25 GMT+0100 (CET);1572271945000;0.54;266.75;16.04
1380556831572750;24;34.8;Mon Oct 28 2019 15:14:19 GMT+0100 (CET);Mon Oct 28 2019 14:14:19 GMT+0100 (CET);1572272059000;0.51;220.5;16
1380556831572750;23.5;34.9;Mon Oct 28 2019 15:16:12 GMT+0100 (CET);Mon Oct 28 2019 14:16:12 GMT+0100 (CET);1572272172000;0.51;270.41;15.81
1380556831572750;23.5;35.3;Mon Oct 28 2019 15:18:05 GMT+0100 (CET);Mon Oct 28 2019 14:18:05 GMT+0100 (CET);1572272285000;0.52;337.91;15.78
1380556831572750;23.5;35.6;Mon Oct 28 2019 15:19:58 GMT+0100 (CET);Mon Oct 28 2019 14:19:58 GMT+0100 (CET);1572272398000;0.51;335.35;15.96
1380556831572750;23.5;35.3;Mon Oct 28 2019 15:22:11 GMT+0100 (CET);Mon Oct 28 2019 14:22:11 GMT+0100 (CET);1572272531000;0.51;283.39;15.95
1380556831572750;23.5;35.4;Mon Oct 28 2019 15:24:06 GMT+0100 (CET);Mon Oct 28 2019 14:24:06 GMT+0100 (CET);1572272646000;0.52;318.76;15.9
1380556831572750;22;35.4;Mon Oct 28 2019 15:26:06 GMT+0100 (CET);Mon Oct 28 2019 14:26:06 GMT+0100 (CET);1572272766000;0.5;230.1;15.91
1380556831572750;22;35.3;Mon Oct 28 2019 15:27:50 GMT+0100 (CET);Mon Oct 28 2019 14:27:50 GMT+0100 (CET);1572272870000;0.49;259.39;15.76
1380556831572750;22;35.5;Mon Oct 28 2019 15:29:44 GMT+0100 (CET);Mon Oct 28 2019 14:29:44 GMT+0100 (CET);1572272984000;0.48;273.43;15.75
1380556831572750;21.5;35.4;Mon Oct 28 2019 15:31:39 GMT+0100 (CET);Mon Oct 28 2019 14:31:39 GMT+0100 (CET);1572273099000;0.47;216.14;15.55
1380556831572750;21.5;35.2;Mon Oct 28 2019 15:33:37 GMT+0100 (CET);Mon Oct 28 2019 14:33:37 GMT+0100 (CET);1572273217000;0.44;160.1;15.33
1380556831572750;21.5;34.9;Mon Oct 28 2019 15:35:21 GMT+0100 (CET);Mon Oct 28 2019 14:35:21 GMT+0100 (CET);1572273321000;0.44;116.99;15.03
1380556831572750;21.5;35.3;Mon Oct 28 2019 15:37:32 GMT+0100 (CET);Mon Oct 28 2019 14:37:32 GMT+0100 (CET);1572273452000;0.43;173.28;14.61
1380556831572750;21.5;35.1;Mon Oct 28 2019 15:39:29 GMT+0100 (CET);Mon Oct 28 2019 14:39:29 GMT+0100 (CET);1572273569000;0.38;129.73;14.21
1380556831572750;21.5;35;Mon Oct 28 2019 15:41:24 GMT+0100 (CET);Mon Oct 28 2019 14:41:24 GMT+0100 (CET);1572273684000;0.37;133.98;13.64
1380556831572750;21.5;34.9;Mon Oct 28 2019 15:43:20 GMT+0100 (CET);Mon Oct 28 2019 14:43:20 GMT+0100 (CET);1572273800000;0.34;105.44;13.25
1380556831572750;19.9;34.7;Mon Oct 28 2019 15:45:15 GMT+0100 (CET);Mon Oct 28 2019 14:45:15 GMT+0100 (CET);1572273915000;0.32;86.95;12.83
1380556831572750;19.9;34.6;Mon Oct 28 2019 15:47:13 GMT+0100 (CET);Mon Oct 28 2019 14:47:13 GMT+0100 (CET);1572274033000;0.31;81.43;12.47
1380556831572750;19.9;34.4;Mon Oct 28 2019 15:49:13 GMT+0100 (CET);Mon Oct 28 2019 14:49:13 GMT+0100 (CET);1572274153000;0.3;82.83;12.07
1380556831572750;19.9;34.6;Mon Oct 28 2019 15:51:07 GMT+0100 (CET);Mon Oct 28 2019 14:51:07 GMT+0100 (CET);1572274267000;0.3;85.21;11.79
1380556831572750;19.9;34.1;Mon Oct 28 2019 15:53:05 GMT+0100 (CET);Mon Oct 28 2019 14:53:05 GMT+0100 (CET);1572274385000;0.3;82.33;11.51
1380556831572750;19.4;34.2;Mon Oct 28 2019 15:54:58 GMT+0100 (CET);Mon Oct 28 2019 14:54:58 GMT+0100 (CET);1572274498000;0.29;72.9;11.3
1380556831572750;19.4;33.8;Mon Oct 28 2019 15:56:52 GMT+0100 (CET);Mon Oct 28 2019 14:56:52 GMT+0100 (CET);1572274612000;0.3;73.12;11.1
1380556831572750;19.4;34;Mon Oct 28 2019 15:58:50 GMT+0100 (CET);Mon Oct 28 2019 14:58:50 GMT+0100 (CET);1572274730000;0.29;68.36;10.95
1380556831572750;19.4;33.8;Mon Oct 28 2019 16:00:44 GMT+0100 (CET);Mon Oct 28 2019 15:00:44 GMT+0100 (CET);1572274844000;0.28;66.82;10.81
1380556831572750;16.9;33.7;Mon Oct 28 2019 16:02:53 GMT+0100 (CET);Mon Oct 28 2019 15:02:53 GMT+0100 (CET);1572274973000;0.28;63.67;10.55
1380556831572750;16.9;33.8;Mon Oct 28 2019 16:04:46 GMT+0100 (CET);Mon Oct 28 2019 15:04:46 GMT+0100 (CET);1572275086000;0.28;64.87;10.39
1380556831572750;16.9;33.6;Mon Oct 28 2019 16:06:43 GMT+0100 (CET);Mon Oct 28 2019 15:06:43 GMT+0100 (CET);1572275203000;0.28;61.91;10.26
1380556831572750;16.9;33.6;Mon Oct 28 2019 16:08:58 GMT+0100 (CET);Mon Oct 28 2019 15:08:58 GMT+0100 (CET);1572275338000;0.25;61.16;10.12
1380556831572750;16.9;33.8;Mon Oct 28 2019 16:10:53 GMT+0100 (CET);Mon Oct 28 2019 15:10:53 GMT+0100 (CET);1572275453000;0.25;57.61;9.98
1380556831572750;16.9;33.3;Mon Oct 28 2019 16:12:46 GMT+0100 (CET);Mon Oct 28 2019 15:12:46 GMT+0100 (CET);1572275566000;0.23;54.71;9.87
1380556831572750;16.9;32.9;Mon Oct 28 2019 16:14:46 GMT+0100 (CET);Mon Oct 28 2019 15:14:46 GMT+0100 (CET);1572275686000;0.21;49.06;9.78
1380556831572750;16.9;32.6;Mon Oct 28 2019 16:16:45 GMT+0100 (CET);Mon Oct 28 2019 15:16:45 GMT+0100 (CET);1572275805000;0.2;44.02;9.69
1380556831572750;16.9;32.5;Mon Oct 28 2019 16:18:29 GMT+0100 (CET);Mon Oct 28 2019 15:18:29 GMT+0100 (CET);1572275909000;0.19;41.35;9.61
1380556831572750;16.9;32.5;Mon Oct 28 2019 16:20:23 GMT+0100 (CET);Mon Oct 28 2019 15:20:23 GMT+0100 (CET);1572276023000;0.18;38.72;9.52
1380556831572750;15.9;32.5;Mon Oct 28 2019 16:22:16 GMT+0100 (CET);Mon Oct 28 2019 15:22:16 GMT+0100 (CET);1572276136000;0.17;37.02;9.46
1380556831572750;15.9;32.1;Mon Oct 28 2019 16:24:10 GMT+0100 (CET);Mon Oct 28 2019 15:24:10 GMT+0100 (CET);1572276250000;0.15;34.42;9.37
1380556831572750;15.9;32.4;Mon Oct 28 2019 16:25:58 GMT+0100 (CET);Mon Oct 28 2019 15:25:58 GMT+0100 (CET);1572276358000;0.15;32.61;9.29
1380556831572750;15.9;32;Mon Oct 28 2019 16:28:00 GMT+0100 (CET);Mon Oct 28 2019 15:28:00 GMT+0100 (CET);1572276480000;0.14;30.72;9.2
1380556831572750;15.9;32.1;Mon Oct 28 2019 16:29:58 GMT+0100 (CET);Mon Oct 28 2019 15:29:58 GMT+0100 (CET);1572276598000;0.12;28.44;9.1
1380556831572750;15.4;31.6;Mon Oct 28 2019 16:31:53 GMT+0100 (CET);Mon Oct 28 2019 15:31:53 GMT+0100 (CET);1572276713000;0.11;26.08;8.99
1380556831572750;15.4;31.5;Mon Oct 28 2019 16:33:47 GMT+0100 (CET);Mon Oct 28 2019 15:33:47 GMT+0100 (CET);1572276827000;0.1;23.38;8.88
1380556831572750;15.4;31.9;Mon Oct 28 2019 16:35:42 GMT+0100 (CET);Mon Oct 28 2019 15:35:42 GMT+0100 (CET);1572276942000;0.09;20.87;8.78
1380556831572750;15.4;31.2;Mon Oct 28 2019 16:37:39 GMT+0100 (CET);Mon Oct 28 2019 15:37:39 GMT+0100 (CET);1572277059000;0.08;18.84;8.67
1380556831572750;15.4;31.9;Mon Oct 28 2019 16:39:38 GMT+0100 (CET);Mon Oct 28 2019 15:39:38 GMT+0100 (CET);1572277178000;0.07;16.62;8.57
1380556831572750;15.4;31.7;Mon Oct 28 2019 16:41:34 GMT+0100 (CET);Mon Oct 28 2019 15:41:34 GMT+0100 (CET);1572277294000;0;14.27;8.47
1380556831572750;15.4;31.9;Mon Oct 28 2019 16:43:27 GMT+0100 (CET);Mon Oct 28 2019 15:43:27 GMT+0100 (CET);1572277407000;0;12.11;8.39
1380556831572750;13.9;30.7;Mon Oct 28 2019 16:45:20 GMT+0100 (CET);Mon Oct 28 2019 15:45:20 GMT+0100 (CET);1572277520000;0;10.55;8.31
1380556831572750;13.9;29.8;Mon Oct 28 2019 16:47:04 GMT+0100 (CET);Mon Oct 28 2019 15:47:04 GMT+0100 (CET);1572277624000;0;8.72;8.25
1380556831572750;13.9;29.7;Mon Oct 28 2019 16:49:00 GMT+0100 (CET);Mon Oct 28 2019 15:49:00 GMT+0100 (CET);1572277740000;0;6.97;8.14
1380556831572750;13.4;28;Mon Oct 28 2019 16:50:51 GMT+0100 (CET);Mon Oct 28 2019 15:50:51 GMT+0100 (CET);1572277851000;0;5.92;8.03
1380556831572750;13.4;27.8;Mon Oct 28 2019 16:52:45 GMT+0100 (CET);Mon Oct 28 2019 15:52:45 GMT+0100 (CET);1572277965000;0;4.61;7.97
1380556831572750;13.4;31.4;Mon Oct 28 2019 16:54:46 GMT+0100 (CET);Mon Oct 28 2019 15:54:46 GMT+0100 (CET);1572278086000;0;3.3;7.92
1380556831572750;13.4;31.3;Mon Oct 28 2019 16:56:41 GMT+0100 (CET);Mon Oct 28 2019 15:56:41 GMT+0100 (CET);1572278201000;0;2.52;7.89
1380556831572750;13.4;30;Mon Oct 28 2019 16:58:26 GMT+0100 (CET);Mon Oct 28 2019 15:58:26 GMT+0100 (CET);1572278306000;0;0.96;7.8
1380556831572750;13.4;28.5;Mon Oct 28 2019 17:00:21 GMT+0100 (CET);Mon Oct 28 2019 16:00:21 GMT+0100 (CET);1572278421000;0;0.48;7.73
1380556831572750;13.4;26.6;Mon Oct 28 2019 17:02:28 GMT+0100 (CET);Mon Oct 28 2019 16:02:28 GMT+0100 (CET);1572278548000;0;0.25;7.67
1380556831572750;13.4;26.6;Mon Oct 28 2019 17:04:23 GMT+0100 (CET);Mon Oct 28 2019 16:04:23 GMT+0100 (CET);1572278663000;0;-0.01;7.63
1380556831572750;13.4;26.6;Mon Oct 28 2019 17:06:22 GMT+0100 (CET);Mon Oct 28 2019 16:06:22 GMT+0100 (CET);1572278782000;0;-0.01;7.56
1380556831572750;5.8;28.6;Tue Oct 29 2019 07:19:01 GMT+0100 (CET);Tue Oct 29 2019 06:19:01 GMT+0100 (CET);1572329941000;0;10.04;3.5
1380556831572750;5.8;27.6;Tue Oct 29 2019 07:21:05 GMT+0100 (CET);Tue Oct 29 2019 06:21:05 GMT+0100 (CET);1572330065000;0;12.11;3.47
1380556831572750;5.8;25.6;Tue Oct 29 2019 07:22:58 GMT+0100 (CET);Tue Oct 29 2019 06:22:58 GMT+0100 (CET);1572330178000;0.07;14.61;3.44
1380556831572750;5.8;26.7;Tue Oct 29 2019 07:24:53 GMT+0100 (CET);Tue Oct 29 2019 06:24:53 GMT+0100 (CET);1572330293000;0.08;16.45;3.42
1380556831572750;5.8;25.6;Tue Oct 29 2019 07:26:50 GMT+0100 (CET);Tue Oct 29 2019 06:26:50 GMT+0100 (CET);1572330410000;0.09;18.28;3.4
1380556831572750;5.8;25.6;Tue Oct 29 2019 07:28:50 GMT+0100 (CET);Tue Oct 29 2019 06:28:50 GMT+0100 (CET);1572330530000;0.1;20.33;3.45
1380556831572750;5.8;25.7;Tue Oct 29 2019 07:30:43 GMT+0100 (CET);Tue Oct 29 2019 06:30:43 GMT+0100 (CET);1572330643000;0.11;21.64;3.47
1380556831572750;5.8;25.4;Tue Oct 29 2019 07:32:36 GMT+0100 (CET);Tue Oct 29 2019 06:32:36 GMT+0100 (CET);1572330756000;0.11;22.91;3.46
1380556831572750;5.8;25.7;Tue Oct 29 2019 07:34:31 GMT+0100 (CET);Tue Oct 29 2019 06:34:31 GMT+0100 (CET);1572330871000;0.12;24.37;3.5
1380556831572750;5.8;25.6;Tue Oct 29 2019 07:36:39 GMT+0100 (CET);Tue Oct 29 2019 06:36:39 GMT+0100 (CET);1572330999000;0.12;25.41;3.53
1380556831572750;5.8;25.3;Tue Oct 29 2019 07:38:36 GMT+0100 (CET);Tue Oct 29 2019 06:38:36 GMT+0100 (CET);1572331116000;0.13;26.24;3.6
1380556831572750;5.8;25.7;Tue Oct 29 2019 07:40:29 GMT+0100 (CET);Tue Oct 29 2019 06:40:29 GMT+0100 (CET);1572331229000;0.14;27.74;3.71
1380556831572750;7.4;31.5;Tue Oct 29 2019 07:42:22 GMT+0100 (CET);Tue Oct 29 2019 06:42:22 GMT+0100 (CET);1572331342000;0.14;30.61;3.78
1380556831572750;7.9;32.5;Tue Oct 29 2019 07:44:15 GMT+0100 (CET);Tue Oct 29 2019 06:44:15 GMT+0100 (CET);1572331455000;0.17;36.07;3.85
1380556831572750;9.4;32.7;Tue Oct 29 2019 07:46:08 GMT+0100 (CET);Tue Oct 29 2019 06:46:08 GMT+0100 (CET);1572331568000;0.2;43.25;3.92
1380556831572750;9.9;33.2;Tue Oct 29 2019 07:48:01 GMT+0100 (CET);Tue Oct 29 2019 06:48:01 GMT+0100 (CET);1572331681000;0.22;47.19;4.02
1380556831572750;9.9;33.6;Tue Oct 29 2019 07:49:54 GMT+0100 (CET);Tue Oct 29 2019 06:49:54 GMT+0100 (CET);1572331794000;0.23;49.77;4.13
1380556831572750;9.9;33.6;Tue Oct 29 2019 07:52:04 GMT+0100 (CET);Tue Oct 29 2019 06:52:04 GMT+0100 (CET);1572331924000;0.25;51.29;4.25
1380556831572750;11.4;33.6;Tue Oct 29 2019 07:54:01 GMT+0100 (CET);Tue Oct 29 2019 06:54:01 GMT+0100 (CET);1572332041000;0.25;51.86;4.39
1380556831572750;11.4;33.5;Tue Oct 29 2019 07:55:54 GMT+0100 (CET);Tue Oct 29 2019 06:55:54 GMT+0100 (CET);1572332154000;0.25;52.38;4.51
1380556831572750;11.4;33.6;Tue Oct 29 2019 07:57:47 GMT+0100 (CET);Tue Oct 29 2019 06:57:47 GMT+0100 (CET);1572332267000;0.26;53.61;4.63
1380556831572750;11.4;33.6;Tue Oct 29 2019 07:59:43 GMT+0100 (CET);Tue Oct 29 2019 06:59:43 GMT+0100 (CET);1572332383000;0.26;54.29;4.71
1380556831572750;11.4;33.8;Tue Oct 29 2019 08:01:36 GMT+0100 (CET);Tue Oct 29 2019 07:01:36 GMT+0100 (CET);1572332496000;0.26;55.54;4.82
1380556831572750;11.9;34;Tue Oct 29 2019 08:03:34 GMT+0100 (CET);Tue Oct 29 2019 07:03:34 GMT+0100 (CET);1572332614000;0.28;57.36;4.89
1380556831572750;11.9;34;Tue Oct 29 2019 08:05:28 GMT+0100 (CET);Tue Oct 29 2019 07:05:28 GMT+0100 (CET);1572332728000;0.3;60.91;5
1380556831572750;11.9;34.1;Tue Oct 29 2019 08:07:54 GMT+0100 (CET);Tue Oct 29 2019 07:07:54 GMT+0100 (CET);1572332874000;0.31;62.69;5.13
1380556831572750;11.9;34.1;Tue Oct 29 2019 08:09:46 GMT+0100 (CET);Tue Oct 29 2019 07:09:46 GMT+0100 (CET);1572332986000;0.28;57.35;5.21
1380556831572750;11.9;33.7;Tue Oct 29 2019 08:11:39 GMT+0100 (CET);Tue Oct 29 2019 07:11:39 GMT+0100 (CET);1572333099000;0.24;49.78;5.28
1380556831572750;11.9;33.4;Tue Oct 29 2019 08:13:32 GMT+0100 (CET);Tue Oct 29 2019 07:13:32 GMT+0100 (CET);1572333212000;0.22;46.04;5.33
1380556831572750;11.9;33.2;Tue Oct 29 2019 08:15:29 GMT+0100 (CET);Tue Oct 29 2019 07:15:29 GMT+0100 (CET);1572333329000;0.22;46.92;5.36
1380556831572750;11.9;33.3;Tue Oct 29 2019 08:17:22 GMT+0100 (CET);Tue Oct 29 2019 07:17:22 GMT+0100 (CET);1572333442000;0.24;51.27;5.39
1380556831572750;11.9;33.6;Tue Oct 29 2019 08:19:18 GMT+0100 (CET);Tue Oct 29 2019 07:19:18 GMT+0100 (CET);1572333558000;0.27;55.82;5.4
1380556831572750;11.9;34;Tue Oct 29 2019 08:21:12 GMT+0100 (CET);Tue Oct 29 2019 07:21:12 GMT+0100 (CET);1572333672000;0.28;58.94;5.44
1380556831572750;13.4;34.2;Tue Oct 29 2019 08:23:25 GMT+0100 (CET);Tue Oct 29 2019 07:23:25 GMT+0100 (CET);1572333805000;0.29;61.61;5.47
1380556831572750;13.4;34.1;Tue Oct 29 2019 08:25:19 GMT+0100 (CET);Tue Oct 29 2019 07:25:19 GMT+0100 (CET);1572333919000;0.29;63.1;5.49
1380556831572750;13.4;34.2;Tue Oct 29 2019 08:27:14 GMT+0100 (CET);Tue Oct 29 2019 07:27:14 GMT+0100 (CET);1572334034000;0.31;64.89;5.51
1380556831572750;13.4;34.2;Tue Oct 29 2019 08:29:07 GMT+0100 (CET);Tue Oct 29 2019 07:29:07 GMT+0100 (CET);1572334147000;0.32;68.61;5.53
1380556831572750;13.4;34.4;Tue Oct 29 2019 08:30:59 GMT+0100 (CET);Tue Oct 29 2019 07:30:59 GMT+0100 (CET);1572334259000;0.35;75.41;5.55
1380556831572750;13.4;34.7;Tue Oct 29 2019 08:32:54 GMT+0100 (CET);Tue Oct 29 2019 07:32:54 GMT+0100 (CET);1572334374000;0.41;86.9;5.59
1380556831572750;13.4;35.2;Tue Oct 29 2019 08:34:47 GMT+0100 (CET);Tue Oct 29 2019 07:34:47 GMT+0100 (CET);1572334487000;0.5;106.52;5.67
1380556831572750;13.4;35.7;Tue Oct 29 2019 08:36:40 GMT+0100 (CET);Tue Oct 29 2019 07:36:40 GMT+0100 (CET);1572334600000;0.58;123.09;5.8
1380556831572750;13.4;35.9;Tue Oct 29 2019 08:39:06 GMT+0100 (CET);Tue Oct 29 2019 07:39:06 GMT+0100 (CET);1572334746000;0.63;135.02;5.99
1380556831572750;13.9;36;Tue Oct 29 2019 08:40:58 GMT+0100 (CET);Tue Oct 29 2019 07:40:58 GMT+0100 (CET);1572334858000;0.65;139.1;6.16
1380556831572750;13.9;35.9;Tue Oct 29 2019 08:42:51 GMT+0100 (CET);Tue Oct 29 2019 07:42:51 GMT+0100 (CET);1572334971000;0.68;144.32;6.29
1380556831572750;13.9;36.1;Tue Oct 29 2019 08:44:43 GMT+0100 (CET);Tue Oct 29 2019 07:44:43 GMT+0100 (CET);1572335083000;0.74;155.72;6.48
1380556831572750;15.4;36.2;Tue Oct 29 2019 08:46:45 GMT+0100 (CET);Tue Oct 29 2019 07:46:45 GMT+0100 (CET);1572335205000;0.8;169.12;6.64
1380556831572750;15.4;36.2;Tue Oct 29 2019 08:48:42 GMT+0100 (CET);Tue Oct 29 2019 07:48:42 GMT+0100 (CET);1572335322000;0.86;181.16;6.81
1380556831572750;15.4;36.2;Tue Oct 29 2019 08:50:36 GMT+0100 (CET);Tue Oct 29 2019 07:50:36 GMT+0100 (CET);1572335436000;0.78;164.91;6.93
1380556831572750;15.4;35.9;Tue Oct 29 2019 08:52:30 GMT+0100 (CET);Tue Oct 29 2019 07:52:30 GMT+0100 (CET);1572335550000;0.69;145.05;7.09
1380556831572750;15.4;35.4;Tue Oct 29 2019 08:54:39 GMT+0100 (CET);Tue Oct 29 2019 07:54:39 GMT+0100 (CET);1572335679000;0.6;124.44;7.22
1380556831572750;15.9;35.2;Tue Oct 29 2019 08:56:32 GMT+0100 (CET);Tue Oct 29 2019 07:56:32 GMT+0100 (CET);1572335792000;0.53;110.85;7.28
1380556831572750;15.9;35;Tue Oct 29 2019 08:58:26 GMT+0100 (CET);Tue Oct 29 2019 07:58:26 GMT+0100 (CET);1572335906000;0.5;104.42;7.34
1380556831572750;15.9;34.9;Tue Oct 29 2019 09:00:20 GMT+0100 (CET);Tue Oct 29 2019 08:00:20 GMT+0100 (CET);1572336020000;0.49;103.2;7.35
1380556831572750;15.9;35.1;Tue Oct 29 2019 09:02:15 GMT+0100 (CET);Tue Oct 29 2019 08:02:15 GMT+0100 (CET);1572336135000;0.52;108.6;7.35
1380556831572750;15.9;35.1;Tue Oct 29 2019 09:04:08 GMT+0100 (CET);Tue Oct 29 2019 08:04:08 GMT+0100 (CET);1572336248000;0.55;112.84;7.38
1380556831572750;15.9;35.2;Tue Oct 29 2019 09:06:01 GMT+0100 (CET);Tue Oct 29 2019 08:06:01 GMT+0100 (CET);1572336361000;0.55;111.59;7.42
1380556831572750;15.9;35.2;Tue Oct 29 2019 09:07:56 GMT+0100 (CET);Tue Oct 29 2019 08:07:56 GMT+0100 (CET);1572336476000;0.55;111.29;7.44
1380556831572750;15.9;35.2;Tue Oct 29 2019 09:10:01 GMT+0100 (CET);Tue Oct 29 2019 08:10:01 GMT+0100 (CET);1572336601000;0.57;115.05;7.46
1380556831572750;15.9;35.3;Tue Oct 29 2019 09:11:54 GMT+0100 (CET);Tue Oct 29 2019 08:11:54 GMT+0100 (CET);1572336714000;0.62;127.17;7.51
1380556831572750;15.9;35.6;Tue Oct 29 2019 09:13:52 GMT+0100 (CET);Tue Oct 29 2019 08:13:52 GMT+0100 (CET);1572336832000;0.72;146.59;7.59
1380556831572750;15.9;35.9;Tue Oct 29 2019 09:15:45 GMT+0100 (CET);Tue Oct 29 2019 08:15:45 GMT+0100 (CET);1572336945000;0.79;157.15;7.69
1380556831572750;15.9;36;Tue Oct 29 2019 09:18:04 GMT+0100 (CET);Tue Oct 29 2019 08:18:04 GMT+0100 (CET);1572337084000;0.79;157.45;7.83
1380556831572750;15.9;36;Tue Oct 29 2019 09:19:56 GMT+0100 (CET);Tue Oct 29 2019 08:19:56 GMT+0100 (CET);1572337196000;0.7;139.19;7.92
1380556831572750;15.9;35.7;Tue Oct 29 2019 09:21:49 GMT+0100 (CET);Tue Oct 29 2019 08:21:49 GMT+0100 (CET);1572337309000;0.62;125.23;7.96
1380556831572750;15.9;35.6;Tue Oct 29 2019 09:23:51 GMT+0100 (CET);Tue Oct 29 2019 08:23:51 GMT+0100 (CET);1572337431000;0.58;117.61;7.87
1380556831572750;15.9;35.5;Tue Oct 29 2019 09:25:46 GMT+0100 (CET);Tue Oct 29 2019 08:25:46 GMT+0100 (CET);1572337546000;0.65;132.47;7.85
1380556831572750;15.9;35.7;Tue Oct 29 2019 09:27:39 GMT+0100 (CET);Tue Oct 29 2019 08:27:39 GMT+0100 (CET);1572337659000;0.66;134.73;7.87
1380556831572750;15.9;36;Tue Oct 29 2019 09:29:33 GMT+0100 (CET);Tue Oct 29 2019 08:29:33 GMT+0100 (CET);1572337773000;0.74;150.41;7.96
1380556831572750;15.9;35.9;Tue Oct 29 2019 09:31:27 GMT+0100 (CET);Tue Oct 29 2019 08:31:27 GMT+0100 (CET);1572337887000;0.7;140.83;8.03
1380556831572750;16.9;35.7;Tue Oct 29 2019 09:33:35 GMT+0100 (CET);Tue Oct 29 2019 08:33:35 GMT+0100 (CET);1572338015000;0.73;146.09;8.11
1380556831572750;16.9;35.7;Tue Oct 29 2019 09:35:28 GMT+0100 (CET);Tue Oct 29 2019 08:35:28 GMT+0100 (CET);1572338128000;0.74;146.53;8.18
1380556831572750;16.9;35.7;Tue Oct 29 2019 09:37:20 GMT+0100 (CET);Tue Oct 29 2019 08:37:20 GMT+0100 (CET);1572338240000;0.77;158.06;8.19
1380556831572750;16.9;35.9;Tue Oct 29 2019 09:39:13 GMT+0100 (CET);Tue Oct 29 2019 08:39:13 GMT+0100 (CET);1572338353000;0.81;166.4;8.21
1380556831572750;16.9;35.9;Tue Oct 29 2019 09:41:18 GMT+0100 (CET);Tue Oct 29 2019 08:41:18 GMT+0100 (CET);1572338478000;0.8;168.2;8.27
1380556831572750;16.9;36.4;Tue Oct 29 2019 09:43:13 GMT+0100 (CET);Tue Oct 29 2019 08:43:13 GMT+0100 (CET);1572338593000;1.15;249.44;8.47
1380556831572750;16.9;36.4;Tue Oct 29 2019 09:45:06 GMT+0100 (CET);Tue Oct 29 2019 08:45:06 GMT+0100 (CET);1572338706000;1.15;245.24;8.74
1380556831572750;16.9;36.6;Tue Oct 29 2019 09:46:59 GMT+0100 (CET);Tue Oct 29 2019 08:46:59 GMT+0100 (CET);1572338819000;1.24;267.77;9.11
1380556831572750;16.9;36.5;Tue Oct 29 2019 09:49:00 GMT+0100 (CET);Tue Oct 29 2019 08:49:00 GMT+0100 (CET);1572338940000;1.3;282.25;9.44
1380556831572750;16.9;36;Tue Oct 29 2019 09:50:53 GMT+0100 (CET);Tue Oct 29 2019 08:50:53 GMT+0100 (CET);1572339053000;0.86;177.01;9.72
1380556831572750;19.4;35.1;Tue Oct 29 2019 09:52:45 GMT+0100 (CET);Tue Oct 29 2019 08:52:45 GMT+0100 (CET);1572339165000;0.77;168.03;9.81
1380556831572750;19.4;35.3;Tue Oct 29 2019 09:54:40 GMT+0100 (CET);Tue Oct 29 2019 08:54:40 GMT+0100 (CET);1572339280000;0.82;181.31;9.8
1380556831572750;19.4;35.3;Tue Oct 29 2019 09:56:33 GMT+0100 (CET);Tue Oct 29 2019 08:56:33 GMT+0100 (CET);1572339393000;0.74;169.87;9.67
1380556831572750;19.4;35.6;Tue Oct 29 2019 09:58:36 GMT+0100 (CET);Tue Oct 29 2019 08:58:36 GMT+0100 (CET);1572339516000;0.94;221.8;9.59
1380556831572750;19.4;36.3;Tue Oct 29 2019 10:00:29 GMT+0100 (CET);Tue Oct 29 2019 09:00:29 GMT+0100 (CET);1572339629000;1.35;312.7;9.69
1380556831572750;19.4;36.4;Tue Oct 29 2019 10:02:24 GMT+0100 (CET);Tue Oct 29 2019 09:02:24 GMT+0100 (CET);1572339744000;2.21;483.83;9.85
1380556831572750;19.4;36.3;Tue Oct 29 2019 10:04:25 GMT+0100 (CET);Tue Oct 29 2019 09:04:25 GMT+0100 (CET);1572339865000;2.64;578.55;10.45
1380556831572750;21.5;36;Tue Oct 29 2019 10:06:18 GMT+0100 (CET);Tue Oct 29 2019 09:06:18 GMT+0100 (CET);1572339978000;2.52;547.83;11.18
1380556831572750;21.5;36;Tue Oct 29 2019 10:08:10 GMT+0100 (CET);Tue Oct 29 2019 09:08:10 GMT+0100 (CET);1572340090000;1.8;373.75;11.75
1380556831572750;21.5;35;Tue Oct 29 2019 10:10:11 GMT+0100 (CET);Tue Oct 29 2019 09:10:11 GMT+0100 (CET);1572340211000;1.41;293.56;11.87
1380556831572750;22;35.7;Tue Oct 29 2019 10:12:04 GMT+0100 (CET);Tue Oct 29 2019 09:12:04 GMT+0100 (CET);1572340324000;1.65;355.83;11.95
1380556831572750;22;35.3;Tue Oct 29 2019 10:13:59 GMT+0100 (CET);Tue Oct 29 2019 09:13:59 GMT+0100 (CET);1572340439000;1.18;243.94;11.93
1380556831572750;23.5;36;Tue Oct 29 2019 10:15:52 GMT+0100 (CET);Tue Oct 29 2019 09:15:52 GMT+0100 (CET);1572340552000;1.17;250.84;11.84
1380556831572750;23.5;35.4;Tue Oct 29 2019 10:17:47 GMT+0100 (CET);Tue Oct 29 2019 09:17:47 GMT+0100 (CET);1572340667000;1.09;236.53;11.66
1380556831572750;23.5;36;Tue Oct 29 2019 10:19:40 GMT+0100 (CET);Tue Oct 29 2019 09:19:40 GMT+0100 (CET);1572340780000;1.08;238.18;11.53
1380556831572750;23.5;35.9;Tue Oct 29 2019 10:21:32 GMT+0100 (CET);Tue Oct 29 2019 09:21:32 GMT+0100 (CET);1572340892000;1.05;233.68;11.31
1380556831572750;23.5;37.4;Tue Oct 29 2019 10:23:25 GMT+0100 (CET);Tue Oct 29 2019 09:23:25 GMT+0100 (CET);1572341005000;1.21;284.56;11.21
1380556831572750;23.5;36.4;Tue Oct 29 2019 10:25:22 GMT+0100 (CET);Tue Oct 29 2019 09:25:22 GMT+0100 (CET);1572341122000;1.08;222.48;11.25
1380556831572750;23.5;35.3;Tue Oct 29 2019 10:27:15 GMT+0100 (CET);Tue Oct 29 2019 09:27:15 GMT+0100 (CET);1572341235000;0.75;168.51;11.16
1380556831572750;23.5;35.1;Tue Oct 29 2019 10:29:08 GMT+0100 (CET);Tue Oct 29 2019 09:29:08 GMT+0100 (CET);1572341348000;0.71;162.04;10.99
1380556831572750;23.5;35.3;Tue Oct 29 2019 10:31:01 GMT+0100 (CET);Tue Oct 29 2019 09:31:01 GMT+0100 (CET);1572341461000;0.77;175.38;10.85
1380556831572750;23.5;35.7;Tue Oct 29 2019 10:33:02 GMT+0100 (CET);Tue Oct 29 2019 09:33:02 GMT+0100 (CET);1572341582000;0.87;196.91;10.67
1380556831572750;22;35.7;Tue Oct 29 2019 10:34:55 GMT+0100 (CET);Tue Oct 29 2019 09:34:55 GMT+0100 (CET);1572341695000;0.99;226.98;10.53
1380556831572750;22;36;Tue Oct 29 2019 10:36:52 GMT+0100 (CET);Tue Oct 29 2019 09:36:52 GMT+0100 (CET);1572341812000;1.44;299.93;10.59
1380556831572750;23.5;36.6;Tue Oct 29 2019 10:38:45 GMT+0100 (CET);Tue Oct 29 2019 09:38:45 GMT+0100 (CET);1572341925000;1.38;304.25;10.8
1380556831572750;23.5;35.8;Tue Oct 29 2019 10:40:40 GMT+0100 (CET);Tue Oct 29 2019 09:40:40 GMT+0100 (CET);1572342040000;1.28;276.56;10.96
1380556831572750;23.5;35.6;Tue Oct 29 2019 10:42:34 GMT+0100 (CET);Tue Oct 29 2019 09:42:34 GMT+0100 (CET);1572342154000;1.2;259.91;11.05
1380556831572750;22;36;Tue Oct 29 2019 10:44:26 GMT+0100 (CET);Tue Oct 29 2019 09:44:26 GMT+0100 (CET);1572342266000;1.41;320.78;11.17
1380556831572750;22;36.5;Tue Oct 29 2019 10:46:19 GMT+0100 (CET);Tue Oct 29 2019 09:46:19 GMT+0100 (CET);1572342379000;1.36;294.55;11.31
1380556831572750;23.5;35.6;Tue Oct 29 2019 10:48:34 GMT+0100 (CET);Tue Oct 29 2019 09:48:34 GMT+0100 (CET);1572342514000;1.17;250.31;11.42
1380556831572750;23.5;35.2;Tue Oct 29 2019 10:50:26 GMT+0100 (CET);Tue Oct 29 2019 09:50:26 GMT+0100 (CET);1572342626000;1.05;220.21;11.4
1380556831572750;23.5;35.1;Tue Oct 29 2019 10:52:19 GMT+0100 (CET);Tue Oct 29 2019 09:52:19 GMT+0100 (CET);1572342739000;0.97;204.53;11.36
1380556831572750;23.5;34.9;Tue Oct 29 2019 10:54:13 GMT+0100 (CET);Tue Oct 29 2019 09:54:13 GMT+0100 (CET);1572342853000;0.97;207.76;11.37
1380556831572750;23.5;35.1;Tue Oct 29 2019 10:56:08 GMT+0100 (CET);Tue Oct 29 2019 09:56:08 GMT+0100 (CET);1572342968000;0.97;211.63;11.36
1380556831572750;23.5;35.5;Tue Oct 29 2019 10:58:01 GMT+0100 (CET);Tue Oct 29 2019 09:58:01 GMT+0100 (CET);1572343081000;1.11;248.55;11.41
1380556831572750;23.5;35.7;Tue Oct 29 2019 10:59:54 GMT+0100 (CET);Tue Oct 29 2019 09:59:54 GMT+0100 (CET);1572343194000;1.39;298.91;11.54
1380556831572750;23.5;36.1;Tue Oct 29 2019 11:01:48 GMT+0100 (CET);Tue Oct 29 2019 10:01:48 GMT+0100 (CET);1572343308000;1.49;323.79;11.78
1380556831572750;23.5;35.7;Tue Oct 29 2019 11:04:17 GMT+0100 (CET);Tue Oct 29 2019 10:04:17 GMT+0100 (CET);1572343457000;1.5;321.71;12.03
1380556831572750;23.5;35.5;Tue Oct 29 2019 11:06:15 GMT+0100 (CET);Tue Oct 29 2019 10:06:15 GMT+0100 (CET);1572343575000;1.24;260.49;12.19
1380556831572750;23.5;35.1;Tue Oct 29 2019 11:08:13 GMT+0100 (CET);Tue Oct 29 2019 10:08:13 GMT+0100 (CET);1572343693000;1.19;247.09;12.26
1380556831572750;23.5;35.1;Tue Oct 29 2019 11:10:06 GMT+0100 (CET);Tue Oct 29 2019 10:10:06 GMT+0100 (CET);1572343806000;1.09;224.98;12.28
1380556831572750;23.5;34.8;Tue Oct 29 2019 11:11:59 GMT+0100 (CET);Tue Oct 29 2019 10:11:59 GMT+0100 (CET);1572343919000;0.93;193.3;12.25
1380556831572750;23.5;34.7;Tue Oct 29 2019 11:13:53 GMT+0100 (CET);Tue Oct 29 2019 10:13:53 GMT+0100 (CET);1572344033000;0.88;185.66;12.14
1380556831572750;23.5;34.8;Tue Oct 29 2019 11:15:47 GMT+0100 (CET);Tue Oct 29 2019 10:15:47 GMT+0100 (CET);1572344147000;0.93;196.38;11.98
1380556831572750;23.5;34.8;Tue Oct 29 2019 11:17:40 GMT+0100 (CET);Tue Oct 29 2019 10:17:40 GMT+0100 (CET);1572344260000;0.96;199.65;11.78
1380556831572750;22;35.1;Tue Oct 29 2019 11:20:01 GMT+0100 (CET);Tue Oct 29 2019 10:20:01 GMT+0100 (CET);1572344401000;0.99;207.24;11.72
1380556831572750;22;35.1;Tue Oct 29 2019 11:21:53 GMT+0100 (CET);Tue Oct 29 2019 10:21:53 GMT+0100 (CET);1572344513000;1.01;211.18;11.65
1380556831572750;22;35.1;Tue Oct 29 2019 11:23:47 GMT+0100 (CET);Tue Oct 29 2019 10:23:47 GMT+0100 (CET);1572344627000;1;208.89;11.6
1380556831572750;22;35.1;Tue Oct 29 2019 11:25:40 GMT+0100 (CET);Tue Oct 29 2019 10:25:40 GMT+0100 (CET);1572344740000;1.03;215.7;11.6
1380556831572750;22;35.6;Tue Oct 29 2019 11:27:33 GMT+0100 (CET);Tue Oct 29 2019 10:27:33 GMT+0100 (CET);1572344853000;1.25;255.32;11.69
1380556831572750;22;35.6;Tue Oct 29 2019 11:29:26 GMT+0100 (CET);Tue Oct 29 2019 10:29:26 GMT+0100 (CET);1572344966000;1.29;278.11;11.82
1380556831572750;22;35.1;Tue Oct 29 2019 11:31:19 GMT+0100 (CET);Tue Oct 29 2019 10:31:19 GMT+0100 (CET);1572345079000;1.05;215.98;11.9
1380556831572750;22;34.8;Tue Oct 29 2019 11:33:12 GMT+0100 (CET);Tue Oct 29 2019 10:33:12 GMT+0100 (CET);1572345192000;0.94;193.12;11.85
1380556831572750;22;34.8;Tue Oct 29 2019 11:35:27 GMT+0100 (CET);Tue Oct 29 2019 10:35:27 GMT+0100 (CET);1572345327000;0.96;197.59;11.87
1380556831572750;22;35;Tue Oct 29 2019 11:37:20 GMT+0100 (CET);Tue Oct 29 2019 10:37:20 GMT+0100 (CET);1572345440000;1.05;215.99;11.95
1380556831572750;22;35.1;Tue Oct 29 2019 11:39:19 GMT+0100 (CET);Tue Oct 29 2019 10:39:19 GMT+0100 (CET);1572345559000;1.02;209.18;12.07
1380556831572750;22;35;Tue Oct 29 2019 11:41:14 GMT+0100 (CET);Tue Oct 29 2019 10:41:14 GMT+0100 (CET);1572345674000;0.97;196.18;12.1
1380556831572750;22;34.7;Tue Oct 29 2019 11:43:07 GMT+0100 (CET);Tue Oct 29 2019 10:43:07 GMT+0100 (CET);1572345787000;0.95;195.42;12.17
1380556831572750;23.5;34.7;Tue Oct 29 2019 11:45:04 GMT+0100 (CET);Tue Oct 29 2019 10:45:04 GMT+0100 (CET);1572345904000;0.95;194.75;12.06
1380556831572750;23.5;34.7;Tue Oct 29 2019 11:47:00 GMT+0100 (CET);Tue Oct 29 2019 10:47:00 GMT+0100 (CET);1572346020000;0.93;192.43;11.98
1380556831572750;22;34.8;Tue Oct 29 2019 11:49:01 GMT+0100 (CET);Tue Oct 29 2019 10:49:01 GMT+0100 (CET);1572346141000;0.93;194.62;11.88
1380556831572750;22;34.9;Tue Oct 29 2019 11:51:08 GMT+0100 (CET);Tue Oct 29 2019 10:51:08 GMT+0100 (CET);1572346268000;1.01;206.24;11.82
1380556831572750;22;35.1;Tue Oct 29 2019 11:53:10 GMT+0100 (CET);Tue Oct 29 2019 10:53:10 GMT+0100 (CET);1572346390000;0.94;194.46;11.77
1380556831572750;22;34.9;Tue Oct 29 2019 11:55:12 GMT+0100 (CET);Tue Oct 29 2019 10:55:12 GMT+0100 (CET);1572346512000;0.93;190.11;11.78
1380556831572750;22;34.9;Tue Oct 29 2019 11:57:05 GMT+0100 (CET);Tue Oct 29 2019 10:57:05 GMT+0100 (CET);1572346625000;0.89;180.39;11.73
1380556831572750;22;34.8;Tue Oct 29 2019 11:59:02 GMT+0100 (CET);Tue Oct 29 2019 10:59:02 GMT+0100 (CET);1572346742000;0.85;171.5;11.76
1380556831572750;22;34.8;Tue Oct 29 2019 12:01:05 GMT+0100 (CET);Tue Oct 29 2019 11:01:05 GMT+0100 (CET);1572346865000;0.85;170.19;11.73
1380556831572750;22;34.8;Tue Oct 29 2019 12:03:02 GMT+0100 (CET);Tue Oct 29 2019 11:03:02 GMT+0100 (CET);1572346982000;0.83;168.79;11.7
1380556831572750;22;34.8;Tue Oct 29 2019 12:04:56 GMT+0100 (CET);Tue Oct 29 2019 11:04:56 GMT+0100 (CET);1572347096000;0.85;172.15;11.72
1380556831572750;22;34.8;Tue Oct 29 2019 12:06:57 GMT+0100 (CET);Tue Oct 29 2019 11:06:57 GMT+0100 (CET);1572347217000;0.85;171.24;11.73
1380556831572750;22;34.8;Tue Oct 29 2019 12:08:58 GMT+0100 (CET);Tue Oct 29 2019 11:08:58 GMT+0100 (CET);1572347338000;0.85;170.23;11.72
1380556831572750;22;34.8;Tue Oct 29 2019 12:10:55 GMT+0100 (CET);Tue Oct 29 2019 11:10:55 GMT+0100 (CET);1572347455000;0.88;178.32;11.78
1380556831572750;22;34.9;Tue Oct 29 2019 12:12:52 GMT+0100 (CET);Tue Oct 29 2019 11:12:52 GMT+0100 (CET);1572347572000;0.91;186.24;11.84
1380556831572750;22;35;Tue Oct 29 2019 12:14:51 GMT+0100 (CET);Tue Oct 29 2019 11:14:51 GMT+0100 (CET);1572347691000;0.92;186.34;11.89
1380556831572750;22;34.8;Tue Oct 29 2019 12:16:44 GMT+0100 (CET);Tue Oct 29 2019 11:16:44 GMT+0100 (CET);1572347804000;0.89;180.55;11.94
1380556831572750;21.5;34.7;Tue Oct 29 2019 12:18:36 GMT+0100 (CET);Tue Oct 29 2019 11:18:36 GMT+0100 (CET);1572347916000;0.84;171.02;11.97
1380556831572750;21.5;34.7;Tue Oct 29 2019 12:20:33 GMT+0100 (CET);Tue Oct 29 2019 11:20:33 GMT+0100 (CET);1572348033000;0.79;156.87;11.96
1380556831572750;22;34.6;Tue Oct 29 2019 12:22:26 GMT+0100 (CET);Tue Oct 29 2019 11:22:26 GMT+0100 (CET);1572348146000;0.73;145.08;11.95
1380556831572750;22;34.5;Tue Oct 29 2019 12:24:26 GMT+0100 (CET);Tue Oct 29 2019 11:24:26 GMT+0100 (CET);1572348266000;0.68;135.9;11.89
1380556831572750;22;34.4;Tue Oct 29 2019 12:26:19 GMT+0100 (CET);Tue Oct 29 2019 11:26:19 GMT+0100 (CET);1572348379000;0.65;131.49;11.83
1380556831572750;21.5;34.4;Tue Oct 29 2019 12:28:03 GMT+0100 (CET);Tue Oct 29 2019 11:28:03 GMT+0100 (CET);1572348483000;0.63;126.63;11.75
1380556831572750;21.5;34.3;Tue Oct 29 2019 12:29:56 GMT+0100 (CET);Tue Oct 29 2019 11:29:56 GMT+0100 (CET);1572348596000;0.63;124.66;11.71
1380556831572750;21;34.3;Tue Oct 29 2019 12:31:49 GMT+0100 (CET);Tue Oct 29 2019 11:31:49 GMT+0100 (CET);1572348709000;0.61;121.95;11.63
1380556831572750;21;34.3;Tue Oct 29 2019 12:33:43 GMT+0100 (CET);Tue Oct 29 2019 11:33:43 GMT+0100 (CET);1572348823000;0.61;120.64;11.54
1380556831572750;21.5;34.4;Tue Oct 29 2019 12:35:43 GMT+0100 (CET);Tue Oct 29 2019 11:35:43 GMT+0100 (CET);1572348943000;0.58;114.9;11.46
1380556831572750;21.5;34.3;Tue Oct 29 2019 12:37:41 GMT+0100 (CET);Tue Oct 29 2019 11:37:41 GMT+0100 (CET);1572349061000;0.56;112.15;11.39
1380556831572750;21.5;34.2;Tue Oct 29 2019 12:39:35 GMT+0100 (CET);Tue Oct 29 2019 11:39:35 GMT+0100 (CET);1572349175000;0.57;113.65;11.35
1380556831572750;21.5;34.3;Tue Oct 29 2019 12:41:28 GMT+0100 (CET);Tue Oct 29 2019 11:41:28 GMT+0100 (CET);1572349288000;0.57;111.99;11.37
1380556831572750;21.5;34.1;Tue Oct 29 2019 12:43:21 GMT+0100 (CET);Tue Oct 29 2019 11:43:21 GMT+0100 (CET);1572349401000;0.55;108.74;11.39
1380556831572750;21.5;34.1;Tue Oct 29 2019 12:45:15 GMT+0100 (CET);Tue Oct 29 2019 11:45:15 GMT+0100 (CET);1572349515000;0.54;108.43;11.42
1380556831572750;21.5;34.2;Tue Oct 29 2019 12:47:08 GMT+0100 (CET);Tue Oct 29 2019 11:47:08 GMT+0100 (CET);1572349628000;0.57;112.55;11.42
1380556831572750;21.5;34.3;Tue Oct 29 2019 12:49:01 GMT+0100 (CET);Tue Oct 29 2019 11:49:01 GMT+0100 (CET);1572349741000;0.6;120.5;11.46
1380556831572750;21.5;34.3;Tue Oct 29 2019 12:50:54 GMT+0100 (CET);Tue Oct 29 2019 11:50:54 GMT+0100 (CET);1572349854000;0.59;117.9;11.46
1380556831572750;21.5;34.3;Tue Oct 29 2019 12:52:59 GMT+0100 (CET);Tue Oct 29 2019 11:52:59 GMT+0100 (CET);1572349979000;0.59;117.37;11.46
1380556831572750;21;34.3;Tue Oct 29 2019 12:54:51 GMT+0100 (CET);Tue Oct 29 2019 11:54:51 GMT+0100 (CET);1572350091000;0.6;118.65;11.5
1380556831572750;21;34.3;Tue Oct 29 2019 12:56:47 GMT+0100 (CET);Tue Oct 29 2019 11:56:47 GMT+0100 (CET);1572350207000;0.58;113.44;11.5
1380556831572750;21;34;Tue Oct 29 2019 12:58:40 GMT+0100 (CET);Tue Oct 29 2019 11:58:40 GMT+0100 (CET);1572350320000;0.55;106.55;11.49
1380556831572750;21.5;34.1;Tue Oct 29 2019 13:00:34 GMT+0100 (CET);Tue Oct 29 2019 12:00:34 GMT+0100 (CET);1572350434000;0.53;103.83;11.47
1380556831572750;21.5;34.2;Tue Oct 29 2019 13:02:27 GMT+0100 (CET);Tue Oct 29 2019 12:02:27 GMT+0100 (CET);1572350547000;0.54;107.05;11.44
1380556831572750;21.5;34.2;Tue Oct 29 2019 13:04:30 GMT+0100 (CET);Tue Oct 29 2019 12:04:30 GMT+0100 (CET);1572350670000;0.56;112.12;11.42
1380556831572750;21.5;34.2;Tue Oct 29 2019 13:06:23 GMT+0100 (CET);Tue Oct 29 2019 12:06:23 GMT+0100 (CET);1572350783000;0.56;111.57;11.43
1380556831572750;21.5;34.3;Tue Oct 29 2019 13:08:30 GMT+0100 (CET);Tue Oct 29 2019 12:08:30 GMT+0100 (CET);1572350910000;0.55;109.35;11.48
1380556831572750;21.5;34.3;Tue Oct 29 2019 13:10:22 GMT+0100 (CET);Tue Oct 29 2019 12:10:22 GMT+0100 (CET);1572351022000;0.56;110.13;11.53
1380556831572750;21.5;34.2;Tue Oct 29 2019 13:12:15 GMT+0100 (CET);Tue Oct 29 2019 12:12:15 GMT+0100 (CET);1572351135000;0.57;111.01;11.56
1380556831572750;21.5;34.2;Tue Oct 29 2019 13:14:08 GMT+0100 (CET);Tue Oct 29 2019 12:14:08 GMT+0100 (CET);1572351248000;0.56;109.8;11.57
1380556831572750;21.5;34.2;Tue Oct 29 2019 13:16:05 GMT+0100 (CET);Tue Oct 29 2019 12:16:05 GMT+0100 (CET);1572351365000;0.54;105.87;11.5
1380556831572750;19.9;34.2;Tue Oct 29 2019 13:17:58 GMT+0100 (CET);Tue Oct 29 2019 12:17:58 GMT+0100 (CET);1572351478000;0.53;103.79;11.5
1380556831572750;19.9;34.3;Tue Oct 29 2019 13:20:24 GMT+0100 (CET);Tue Oct 29 2019 12:20:24 GMT+0100 (CET);1572351624000;0.53;103.56;11.42
1380556831572750;19.9;34.1;Tue Oct 29 2019 13:22:19 GMT+0100 (CET);Tue Oct 29 2019 12:22:19 GMT+0100 (CET);1572351739000;0.53;102.92;11.38
1380556831572750;19.9;34;Tue Oct 29 2019 13:24:17 GMT+0100 (CET);Tue Oct 29 2019 12:24:17 GMT+0100 (CET);1572351857000;0.52;101.85;11.32
1380556831572750;19.9;34.1;Tue Oct 29 2019 13:26:11 GMT+0100 (CET);Tue Oct 29 2019 12:26:11 GMT+0100 (CET);1572351971000;0.5;98.55;11.31
1380556831572750;19.9;34.1;Tue Oct 29 2019 13:28:04 GMT+0100 (CET);Tue Oct 29 2019 12:28:04 GMT+0100 (CET);1572352084000;0.48;94.64;11.32
1380556831572750;19.9;33.9;Tue Oct 29 2019 13:29:58 GMT+0100 (CET);Tue Oct 29 2019 12:29:58 GMT+0100 (CET);1572352198000;0.46;88.98;11.34
1380556831572750;19.9;33.7;Tue Oct 29 2019 13:31:51 GMT+0100 (CET);Tue Oct 29 2019 12:31:51 GMT+0100 (CET);1572352311000;0.4;80.48;11.29
1380556831572750;19.9;33.4;Tue Oct 29 2019 13:33:45 GMT+0100 (CET);Tue Oct 29 2019 12:33:45 GMT+0100 (CET);1572352425000;0.36;68.54;11.26
1380556831572750;19.4;33;Tue Oct 29 2019 13:35:38 GMT+0100 (CET);Tue Oct 29 2019 12:35:38 GMT+0100 (CET);1572352538000;0.32;61.03;11.18
1380556831572750;19.4;32.6;Tue Oct 29 2019 13:37:31 GMT+0100 (CET);Tue Oct 29 2019 12:37:31 GMT+0100 (CET);1572352651000;0.29;58.17;11.12
1380556831572750;19.4;32.8;Tue Oct 29 2019 13:39:32 GMT+0100 (CET);Tue Oct 29 2019 12:39:32 GMT+0100 (CET);1572352772000;0.29;57.14;11.03
1380556831572750;19.4;32.6;Tue Oct 29 2019 13:41:25 GMT+0100 (CET);Tue Oct 29 2019 12:41:25 GMT+0100 (CET);1572352885000;0.32;63.7;10.96
1380556831572750;19.4;33.1;Tue Oct 29 2019 13:43:19 GMT+0100 (CET);Tue Oct 29 2019 12:43:19 GMT+0100 (CET);1572352999000;0.38;73.33;10.92
1380556831572750;19.4;33.2;Tue Oct 29 2019 13:45:13 GMT+0100 (CET);Tue Oct 29 2019 12:45:13 GMT+0100 (CET);1572353113000;0.42;82.73;10.91
1380556831572750;19.4;34;Tue Oct 29 2019 13:47:12 GMT+0100 (CET);Tue Oct 29 2019 12:47:12 GMT+0100 (CET);1572353232000;0.44;86.97;10.96
1380556831572750;19.4;34.1;Tue Oct 29 2019 13:49:05 GMT+0100 (CET);Tue Oct 29 2019 12:49:05 GMT+0100 (CET);1572353345000;0.45;86.67;10.96
1380556831572750;19.4;33.8;Tue Oct 29 2019 13:50:58 GMT+0100 (CET);Tue Oct 29 2019 12:50:58 GMT+0100 (CET);1572353458000;0.45;87.08;10.99
1380556831572750;19.4;33.8;Tue Oct 29 2019 13:52:59 GMT+0100 (CET);Tue Oct 29 2019 12:52:59 GMT+0100 (CET);1572353579000;0.46;88.92;11
1380556831572750;19.4;33.9;Tue Oct 29 2019 13:55:06 GMT+0100 (CET);Tue Oct 29 2019 12:55:06 GMT+0100 (CET);1572353706000;0.46;90;11
1380556831572750;19.4;33.9;Tue Oct 29 2019 13:56:59 GMT+0100 (CET);Tue Oct 29 2019 12:56:59 GMT+0100 (CET);1572353819000;0.46;90.16;11.03
1380556831572750;19.4;33.8;Tue Oct 29 2019 13:58:53 GMT+0100 (CET);Tue Oct 29 2019 12:58:53 GMT+0100 (CET);1572353933000;0.49;95.56;11.07
1380556831572750;19.4;34.1;Tue Oct 29 2019 14:00:47 GMT+0100 (CET);Tue Oct 29 2019 13:00:47 GMT+0100 (CET);1572354047000;0.52;102.99;11.07
1380556831572750;19.4;34.3;Tue Oct 29 2019 14:02:50 GMT+0100 (CET);Tue Oct 29 2019 13:02:50 GMT+0100 (CET);1572354170000;0.57;112.16;11.12
1380556831572750;19.4;34.4;Tue Oct 29 2019 14:04:44 GMT+0100 (CET);Tue Oct 29 2019 13:04:44 GMT+0100 (CET);1572354284000;0.6;118.6;11.16
1380556831572750;19.4;34.5;Tue Oct 29 2019 14:06:44 GMT+0100 (CET);Tue Oct 29 2019 13:06:44 GMT+0100 (CET);1572354404000;0.66;129.66;11.21
1380556831572750;19.4;34.7;Tue Oct 29 2019 14:08:37 GMT+0100 (CET);Tue Oct 29 2019 13:08:37 GMT+0100 (CET);1572354517000;0.68;136.23;11.27
1380556831572750;19.9;34.6;Tue Oct 29 2019 14:10:31 GMT+0100 (CET);Tue Oct 29 2019 13:10:31 GMT+0100 (CET);1572354631000;0.68;135.51;11.39
1380556831572750;19.9;34.6;Tue Oct 29 2019 14:12:27 GMT+0100 (CET);Tue Oct 29 2019 13:12:27 GMT+0100 (CET);1572354747000;0.66;131.81;11.45
1380556831572750;19.9;34.4;Tue Oct 29 2019 14:14:26 GMT+0100 (CET);Tue Oct 29 2019 13:14:26 GMT+0100 (CET);1572354866000;0.62;123.47;11.45
1380556831572750;19.9;34.3;Tue Oct 29 2019 14:16:19 GMT+0100 (CET);Tue Oct 29 2019 13:16:19 GMT+0100 (CET);1572354979000;0.57;114.51;11.46
1380556831572750;19.9;34.3;Tue Oct 29 2019 14:18:15 GMT+0100 (CET);Tue Oct 29 2019 13:18:15 GMT+0100 (CET);1572355095000;0.54;107.01;11.46
1380556831572750;19.9;34.1;Tue Oct 29 2019 14:20:08 GMT+0100 (CET);Tue Oct 29 2019 13:20:08 GMT+0100 (CET);1572355208000;0.52;102.09;11.49
1380556831572750;19.9;34;Tue Oct 29 2019 14:22:02 GMT+0100 (CET);Tue Oct 29 2019 13:22:02 GMT+0100 (CET);1572355322000;0.48;93.35;11.5
1380556831572750;19.9;33.8;Tue Oct 29 2019 14:23:55 GMT+0100 (CET);Tue Oct 29 2019 13:23:55 GMT+0100 (CET);1572355435000;0.45;89.51;11.48
1380556831572750;19.9;33.8;Tue Oct 29 2019 14:25:48 GMT+0100 (CET);Tue Oct 29 2019 13:25:48 GMT+0100 (CET);1572355548000;0.47;90.94;11.42
1380556831572750;19.9;33.9;Tue Oct 29 2019 14:27:41 GMT+0100 (CET);Tue Oct 29 2019 13:27:41 GMT+0100 (CET);1572355661000;0.48;94.29;11.47
1380556831572750;19.9;33.8;Tue Oct 29 2019 14:29:34 GMT+0100 (CET);Tue Oct 29 2019 13:29:34 GMT+0100 (CET);1572355774000;0.48;94.59;11.49
1380556831572750;19.9;34;Tue Oct 29 2019 14:31:27 GMT+0100 (CET);Tue Oct 29 2019 13:31:27 GMT+0100 (CET);1572355887000;0.48;95.27;11.48
1380556831572750;19.9;33.9;Tue Oct 29 2019 14:33:20 GMT+0100 (CET);Tue Oct 29 2019 13:33:20 GMT+0100 (CET);1572356000000;0.52;100.78;11.45
1380556831572750;19.9;34;Tue Oct 29 2019 14:35:13 GMT+0100 (CET);Tue Oct 29 2019 13:35:13 GMT+0100 (CET);1572356113000;0.49;95.78;11.45
1380556831572750;19.9;33.8;Tue Oct 29 2019 14:37:08 GMT+0100 (CET);Tue Oct 29 2019 13:37:08 GMT+0100 (CET);1572356228000;0.48;94.58;11.41
1380556831572750;19.9;33.9;Tue Oct 29 2019 14:39:01 GMT+0100 (CET);Tue Oct 29 2019 13:39:01 GMT+0100 (CET);1572356341000;0.46;92.62;11.41
1380556831572750;19.9;33.6;Tue Oct 29 2019 14:40:54 GMT+0100 (CET);Tue Oct 29 2019 13:40:54 GMT+0100 (CET);1572356454000;0.42;84.34;11.39
1380556831572750;19.9;33.5;Tue Oct 29 2019 14:42:49 GMT+0100 (CET);Tue Oct 29 2019 13:42:49 GMT+0100 (CET);1572356569000;0.36;70;11.32
1380556831572750;19.9;32.9;Tue Oct 29 2019 14:44:41 GMT+0100 (CET);Tue Oct 29 2019 13:44:41 GMT+0100 (CET);1572356681000;0.29;58.62;11.26
1380556831572750;19.4;32.8;Tue Oct 29 2019 14:46:35 GMT+0100 (CET);Tue Oct 29 2019 13:46:35 GMT+0100 (CET);1572356795000;0.27;54.37;11.19
1380556831572750;19.4;33.1;Tue Oct 29 2019 14:48:31 GMT+0100 (CET);Tue Oct 29 2019 13:48:31 GMT+0100 (CET);1572356911000;0.31;61.43;11.14
1380556831572750;19.4;33.1;Tue Oct 29 2019 14:50:25 GMT+0100 (CET);Tue Oct 29 2019 13:50:25 GMT+0100 (CET);1572357025000;0.35;71.25;11.1
1380556831572750;19.4;33.4;Tue Oct 29 2019 14:52:18 GMT+0100 (CET);Tue Oct 29 2019 13:52:18 GMT+0100 (CET);1572357138000;0.37;73.93;11.08
1380556831572750;19.4;33.6;Tue Oct 29 2019 14:54:11 GMT+0100 (CET);Tue Oct 29 2019 13:54:11 GMT+0100 (CET);1572357251000;0.41;82.44;11.08
1380556831572750;19.4;34;Tue Oct 29 2019 14:56:07 GMT+0100 (CET);Tue Oct 29 2019 13:56:07 GMT+0100 (CET);1572357367000;0.48;94.74;11.08
1380556831572750;19.4;34.1;Tue Oct 29 2019 14:58:00 GMT+0100 (CET);Tue Oct 29 2019 13:58:00 GMT+0100 (CET);1572357480000;0.44;86.93;11.13
1380556831572750;19.4;33.7;Tue Oct 29 2019 14:59:52 GMT+0100 (CET);Tue Oct 29 2019 13:59:52 GMT+0100 (CET);1572357592000;0.36;70.54;11.13
1380556831572750;19.4;33.3;Tue Oct 29 2019 15:01:45 GMT+0100 (CET);Tue Oct 29 2019 14:01:45 GMT+0100 (CET);1572357705000;0.31;59.71;11.08
1380556831572750;19.4;32.8;Tue Oct 29 2019 15:03:49 GMT+0100 (CET);Tue Oct 29 2019 14:03:49 GMT+0100 (CET);1572357829000;0.29;57.38;11.01
1380556831572750;19.4;32.9;Tue Oct 29 2019 15:05:42 GMT+0100 (CET);Tue Oct 29 2019 14:05:42 GMT+0100 (CET);1572357942000;0.32;60.57;10.98
1380556831572750;19.4;32.8;Tue Oct 29 2019 15:07:38 GMT+0100 (CET);Tue Oct 29 2019 14:07:38 GMT+0100 (CET);1572358058000;0.33;64.05;10.93
1380556831572750;19.4;33.1;Tue Oct 29 2019 15:09:31 GMT+0100 (CET);Tue Oct 29 2019 14:09:31 GMT+0100 (CET);1572358171000;0.33;64.66;10.84
1380556831572750;19.4;33.2;Tue Oct 29 2019 15:11:23 GMT+0100 (CET);Tue Oct 29 2019 14:11:23 GMT+0100 (CET);1572358283000;0.31;61.68;10.81
1380556831572750;19.4;32.7;Tue Oct 29 2019 15:13:17 GMT+0100 (CET);Tue Oct 29 2019 14:13:17 GMT+0100 (CET);1572358397000;0.28;57.1;10.77
1380556831572750;19.4;33.1;Tue Oct 29 2019 15:15:10 GMT+0100 (CET);Tue Oct 29 2019 14:15:10 GMT+0100 (CET);1572358510000;0.27;52.59;10.73
1380556831572750;19.4;32.7;Tue Oct 29 2019 15:17:03 GMT+0100 (CET);Tue Oct 29 2019 14:17:03 GMT+0100 (CET);1572358623000;0.24;47.12;10.68
1380556831572750;19.4;32.2;Tue Oct 29 2019 15:19:12 GMT+0100 (CET);Tue Oct 29 2019 14:19:12 GMT+0100 (CET);1572358752000;0.22;42.17;10.63
1380556831572750;16.9;32.1;Tue Oct 29 2019 15:21:05 GMT+0100 (CET);Tue Oct 29 2019 14:21:05 GMT+0100 (CET);1572358865000;0.21;42.05;10.6
1380556831572750;16.9;32.2;Tue Oct 29 2019 15:23:00 GMT+0100 (CET);Tue Oct 29 2019 14:23:00 GMT+0100 (CET);1572358980000;0.23;44.47;10.57
1380556831572750;16.9;32.4;Tue Oct 29 2019 15:24:53 GMT+0100 (CET);Tue Oct 29 2019 14:24:53 GMT+0100 (CET);1572359093000;0.23;44.76;10.53
1380556831572750;16.9;32;Tue Oct 29 2019 15:26:47 GMT+0100 (CET);Tue Oct 29 2019 14:26:47 GMT+0100 (CET);1572359207000;0.19;37.65;10.51
1380556831572750;16.9;31.9;Tue Oct 29 2019 15:28:43 GMT+0100 (CET);Tue Oct 29 2019 14:28:43 GMT+0100 (CET);1572359323000;0.17;33.61;10.47
1380556831572750;16.9;31.6;Tue Oct 29 2019 15:30:35 GMT+0100 (CET);Tue Oct 29 2019 14:30:35 GMT+0100 (CET);1572359435000;0.14;30.47;10.38
1380556831572750;16.9;31.2;Tue Oct 29 2019 15:32:28 GMT+0100 (CET);Tue Oct 29 2019 14:32:28 GMT+0100 (CET);1572359548000;0.14;29.83;10.32
1380556831572750;16.9;31.6;Tue Oct 29 2019 15:34:42 GMT+0100 (CET);Tue Oct 29 2019 14:34:42 GMT+0100 (CET);1572359682000;0.15;31.2;10.21
1380556831572750;16.9;31.8;Tue Oct 29 2019 15:36:34 GMT+0100 (CET);Tue Oct 29 2019 14:36:34 GMT+0100 (CET);1572359794000;0.17;33.71;10.14
1380556831572750;16.9;31.6;Tue Oct 29 2019 15:38:28 GMT+0100 (CET);Tue Oct 29 2019 14:38:28 GMT+0100 (CET);1572359908000;0.18;36.04;10.1
1380556831572750;16.9;31.8;Tue Oct 29 2019 15:40:21 GMT+0100 (CET);Tue Oct 29 2019 14:40:21 GMT+0100 (CET);1572360021000;0.19;38.57;10.07
1380556831572750;16.9;31.9;Tue Oct 29 2019 15:42:16 GMT+0100 (CET);Tue Oct 29 2019 14:42:16 GMT+0100 (CET);1572360136000;0.2;40.93;10.04
1380556831572750;16.9;32.3;Tue Oct 29 2019 15:44:10 GMT+0100 (CET);Tue Oct 29 2019 14:44:10 GMT+0100 (CET);1572360250000;0.21;41.86;10.03
1380556831572750;16.9;32.3;Tue Oct 29 2019 15:46:03 GMT+0100 (CET);Tue Oct 29 2019 14:46:03 GMT+0100 (CET);1572360363000;0.21;41.27;10.03
1380556831572750;16.9;32.2;Tue Oct 29 2019 15:47:56 GMT+0100 (CET);Tue Oct 29 2019 14:47:56 GMT+0100 (CET);1572360476000;0.2;39.66;10.06
1380556831572750;16.9;31.8;Tue Oct 29 2019 15:50:10 GMT+0100 (CET);Tue Oct 29 2019 14:50:10 GMT+0100 (CET);1572360610000;0.2;38.47;10.1
1380556831572750;16.9;31.6;Tue Oct 29 2019 15:52:04 GMT+0100 (CET);Tue Oct 29 2019 14:52:04 GMT+0100 (CET);1572360724000;0.18;35.86;10.1
1380556831572750;16.9;31.8;Tue Oct 29 2019 15:53:59 GMT+0100 (CET);Tue Oct 29 2019 14:53:59 GMT+0100 (CET);1572360839000;0.16;33.82;10.13
1380556831572750;16.9;31.5;Tue Oct 29 2019 15:55:53 GMT+0100 (CET);Tue Oct 29 2019 14:55:53 GMT+0100 (CET);1572360953000;0.16;32.58;10.12
1380556831572750;16.9;31.5;Tue Oct 29 2019 15:57:46 GMT+0100 (CET);Tue Oct 29 2019 14:57:46 GMT+0100 (CET);1572361066000;0.15;30.19;10.1
1380556831572750;16.9;31.7;Tue Oct 29 2019 15:59:41 GMT+0100 (CET);Tue Oct 29 2019 14:59:41 GMT+0100 (CET);1572361181000;0.15;29.66;10.03
1380556831572750;16.9;31.7;Tue Oct 29 2019 16:01:34 GMT+0100 (CET);Tue Oct 29 2019 15:01:34 GMT+0100 (CET);1572361294000;0.15;29.68;10
1380556831572750;16.9;31.6;Tue Oct 29 2019 16:03:37 GMT+0100 (CET);Tue Oct 29 2019 15:03:37 GMT+0100 (CET);1572361417000;0.14;28.04;9.95
1380556831572750;16.9;31.7;Tue Oct 29 2019 16:05:36 GMT+0100 (CET);Tue Oct 29 2019 15:05:36 GMT+0100 (CET);1572361536000;0.13;26.39;9.92
1380556831572750;16.9;31.3;Tue Oct 29 2019 16:07:29 GMT+0100 (CET);Tue Oct 29 2019 15:07:29 GMT+0100 (CET);1572361649000;0.12;24.8;9.87
1380556831572750;15.9;31.9;Tue Oct 29 2019 16:09:26 GMT+0100 (CET);Tue Oct 29 2019 15:09:26 GMT+0100 (CET);1572361766000;0.12;24.06;9.83
1380556831572750;15.9;31.3;Tue Oct 29 2019 16:11:19 GMT+0100 (CET);Tue Oct 29 2019 15:11:19 GMT+0100 (CET);1572361879000;0.11;22.76;9.83
1380556831572750;15.9;31.1;Tue Oct 29 2019 16:13:15 GMT+0100 (CET);Tue Oct 29 2019 15:13:15 GMT+0100 (CET);1572361995000;0.1;20.28;9.78
1380556831572750;15.9;30.9;Tue Oct 29 2019 16:15:08 GMT+0100 (CET);Tue Oct 29 2019 15:15:08 GMT+0100 (CET);1572362108000;0.09;18.71;9.73
1380556831572750;15.9;30.8;Tue Oct 29 2019 16:17:01 GMT+0100 (CET);Tue Oct 29 2019 15:17:01 GMT+0100 (CET);1572362221000;0.09;18.44;9.71
1380556831572750;15.9;31.2;Tue Oct 29 2019 16:18:53 GMT+0100 (CET);Tue Oct 29 2019 15:18:53 GMT+0100 (CET);1572362333000;0.09;19.18;9.65
1380556831572750;15.9;30.8;Tue Oct 29 2019 16:21:09 GMT+0100 (CET);Tue Oct 29 2019 15:21:09 GMT+0100 (CET);1572362469000;0.09;19.82;9.61
1380556831572750;15.9;31.2;Tue Oct 29 2019 16:23:03 GMT+0100 (CET);Tue Oct 29 2019 15:23:03 GMT+0100 (CET);1572362583000;0.09;18.94;9.6
1380556831572750;15.9;30.9;Tue Oct 29 2019 16:24:56 GMT+0100 (CET);Tue Oct 29 2019 15:24:56 GMT+0100 (CET);1572362696000;0.08;17.69;9.57
1380556831572750;15.9;31;Tue Oct 29 2019 16:26:49 GMT+0100 (CET);Tue Oct 29 2019 15:26:49 GMT+0100 (CET);1572362809000;0.09;17.19;9.53
1380556831572750;15.9;29.8;Tue Oct 29 2019 16:28:54 GMT+0100 (CET);Tue Oct 29 2019 15:28:54 GMT+0100 (CET);1572362934000;0.07;15.62;9.47
1380556831572750;15.9;29.6;Tue Oct 29 2019 16:30:47 GMT+0100 (CET);Tue Oct 29 2019 15:30:47 GMT+0100 (CET);1572363047000;0.06;13.51;9.39
1380556831572750;15.4;30.2;Tue Oct 29 2019 16:32:40 GMT+0100 (CET);Tue Oct 29 2019 15:32:40 GMT+0100 (CET);1572363160000;0;11.69;9.33
1380556831572750;15.4;29.5;Tue Oct 29 2019 16:35:32 GMT+0100 (CET);Tue Oct 29 2019 15:35:32 GMT+0100 (CET);1572363332000;0;7.99;9.2
1380556831572750;15.4;29.5;Tue Oct 29 2019 16:37:26 GMT+0100 (CET);Tue Oct 29 2019 15:37:26 GMT+0100 (CET);1572363446000;0;6.67;9.12
1380556831572750;15.4;30.5;Tue Oct 29 2019 16:39:27 GMT+0100 (CET);Tue Oct 29 2019 15:39:27 GMT+0100 (CET);1572363567000;0;5.82;9.03
1380556831572750;15.4;30.1;Tue Oct 29 2019 16:41:20 GMT+0100 (CET);Tue Oct 29 2019 15:41:20 GMT+0100 (CET);1572363680000;0;5.37;8.96
1380556831572750;15.4;31.9;Tue Oct 29 2019 16:43:13 GMT+0100 (CET);Tue Oct 29 2019 15:43:13 GMT+0100 (CET);1572363793000;0;4.93;8.89
1380556831572750;15.4;32.4;Tue Oct 29 2019 16:45:05 GMT+0100 (CET);Tue Oct 29 2019 15:45:05 GMT+0100 (CET);1572363905000;0;4.83;8.85
1380556831572750;15.4;32.1;Tue Oct 29 2019 16:46:58 GMT+0100 (CET);Tue Oct 29 2019 15:46:58 GMT+0100 (CET);1572364018000;0;4.3;8.78
1380556831572750;15.4;31.3;Tue Oct 29 2019 16:48:54 GMT+0100 (CET);Tue Oct 29 2019 15:48:54 GMT+0100 (CET);1572364134000;0;3.48;8.71
1380556831572750;15.4;31.1;Tue Oct 29 2019 16:50:48 GMT+0100 (CET);Tue Oct 29 2019 15:50:48 GMT+0100 (CET);1572364248000;0;2.67;8.66
1380556831572750;15.4;31.1;Tue Oct 29 2019 16:52:44 GMT+0100 (CET);Tue Oct 29 2019 15:52:44 GMT+0100 (CET);1572364364000;0;2.11;8.62
1380556831572750;15.4;31.1;Tue Oct 29 2019 16:54:42 GMT+0100 (CET);Tue Oct 29 2019 15:54:42 GMT+0100 (CET);1572364482000;0;1.61;8.6