module_id;temperature;voltage;ts;utc_ts;timestamp;current;irradiation
1380556833984591;-273.2;25.6;Sun Jun 30 2019 05:09:43 GMT+0200 (CEST);Sun Jun 30 2019 03:09:43 GMT+0200 (CEST);1561864183000;0;0.74
1380556833984591;-273.2;25.6;Sun Jun 30 2019 05:11:40 GMT+0200 (CEST);Sun Jun 30 2019 03:11:40 GMT+0200 (CEST);1561864300000;0;1.43
1380556833984591;-273.2;25.6;Sun Jun 30 2019 05:13:38 GMT+0200 (CEST);Sun Jun 30 2019 03:13:38 GMT+0200 (CEST);1561864418000;0;1.8
1380556833984591;-273.2;34.4;Sun Jun 30 2019 05:35:42 GMT+0200 (CEST);Sun Jun 30 2019 03:35:42 GMT+0200 (CEST);1561865742000;0;10.16
1380556833984591;-273.2;28.1;Sun Jun 30 2019 05:37:38 GMT+0200 (CEST);Sun Jun 30 2019 03:37:38 GMT+0200 (CEST);1561865858000;0;10.68
1380556833984591;-273.2;26.8;Sun Jun 30 2019 05:39:35 GMT+0200 (CEST);Sun Jun 30 2019 03:39:35 GMT+0200 (CEST);1561865975000;0;11.5
1380556833984591;-273.2;26;Sun Jun 30 2019 05:41:32 GMT+0200 (CEST);Sun Jun 30 2019 03:41:32 GMT+0200 (CEST);1561866092000;0;12.41
1380556833984591;14.4;21.2;Sun Jun 30 2019 05:43:29 GMT+0200 (CEST);Sun Jun 30 2019 03:43:29 GMT+0200 (CEST);1561866209000;0;13.73
1380556833984591;14.4;18.9;Sun Jun 30 2019 05:45:25 GMT+0200 (CEST);Sun Jun 30 2019 03:45:25 GMT+0200 (CEST);1561866325000;0;14.09
1380556833984591;11.9;18.3;Sun Jun 30 2019 05:47:29 GMT+0200 (CEST);Sun Jun 30 2019 03:47:29 GMT+0200 (CEST);1561866449000;0;14.68
1380556833984591;11.9;18.3;Sun Jun 30 2019 05:49:58 GMT+0200 (CEST);Sun Jun 30 2019 03:49:58 GMT+0200 (CEST);1561866598000;0;15.76
1380556833984591;11.9;18;Sun Jun 30 2019 05:51:56 GMT+0200 (CEST);Sun Jun 30 2019 03:51:56 GMT+0200 (CEST);1561866716000;0;16.56
1380556833984591;10.9;17.9;Sun Jun 30 2019 05:53:52 GMT+0200 (CEST);Sun Jun 30 2019 03:53:52 GMT+0200 (CEST);1561866832000;0;17.55
1380556833984591;10.9;17.8;Sun Jun 30 2019 05:55:49 GMT+0200 (CEST);Sun Jun 30 2019 03:55:49 GMT+0200 (CEST);1561866949000;0;18.68
1380556833984591;10.9;17.8;Sun Jun 30 2019 05:57:47 GMT+0200 (CEST);Sun Jun 30 2019 03:57:47 GMT+0200 (CEST);1561867067000;0;20.53
1380556833984591;10.9;17.8;Sun Jun 30 2019 05:59:44 GMT+0200 (CEST);Sun Jun 30 2019 03:59:44 GMT+0200 (CEST);1561867184000;0;20.97
1380556833984591;10.9;17.9;Sun Jun 30 2019 06:01:41 GMT+0200 (CEST);Sun Jun 30 2019 04:01:41 GMT+0200 (CEST);1561867301000;0;21.83
1380556833984591;10.9;18.1;Sun Jun 30 2019 06:03:38 GMT+0200 (CEST);Sun Jun 30 2019 04:03:38 GMT+0200 (CEST);1561867418000;0;24.23
1380556833984591;10.9;18.2;Sun Jun 30 2019 06:05:42 GMT+0200 (CEST);Sun Jun 30 2019 04:05:42 GMT+0200 (CEST);1561867542000;0;25.92
1380556833984591;10.9;18.2;Sun Jun 30 2019 06:07:39 GMT+0200 (CEST);Sun Jun 30 2019 04:07:39 GMT+0200 (CEST);1561867659000;0;25.92
1380556833984591;10.9;18.2;Sun Jun 30 2019 06:09:40 GMT+0200 (CEST);Sun Jun 30 2019 04:09:40 GMT+0200 (CEST);1561867780000;0;28.06
1380556833984591;10.9;18.2;Sun Jun 30 2019 06:11:38 GMT+0200 (CEST);Sun Jun 30 2019 04:11:38 GMT+0200 (CEST);1561867898000;0;28.87
1380556833984591;10.9;18.2;Sun Jun 30 2019 06:13:35 GMT+0200 (CEST);Sun Jun 30 2019 04:13:35 GMT+0200 (CEST);1561868015000;0.1;28.63
1380556833984591;10.9;18.2;Sun Jun 30 2019 06:15:32 GMT+0200 (CEST);Sun Jun 30 2019 04:15:32 GMT+0200 (CEST);1561868132000;0.1;29.47
1380556833984591;10.9;18.2;Sun Jun 30 2019 06:17:29 GMT+0200 (CEST);Sun Jun 30 2019 04:17:29 GMT+0200 (CEST);1561868249000;0.1;30.52
1380556833984591;10.9;18.2;Sun Jun 30 2019 06:19:26 GMT+0200 (CEST);Sun Jun 30 2019 04:19:26 GMT+0200 (CEST);1561868366000;0.1;31.86
1380556833984591;10.9;30.1;Sun Jun 30 2019 06:21:49 GMT+0200 (CEST);Sun Jun 30 2019 04:21:49 GMT+0200 (CEST);1561868509000;0;31.58
1380556833984591;14.4;30.7;Sun Jun 30 2019 06:23:48 GMT+0200 (CEST);Sun Jun 30 2019 04:23:48 GMT+0200 (CEST);1561868628000;0.1;32.34
1380556833984591;14.4;25.4;Sun Jun 30 2019 06:25:45 GMT+0200 (CEST);Sun Jun 30 2019 04:25:45 GMT+0200 (CEST);1561868745000;0.1;33.01
1380556833984591;15.9;31.9;Sun Jun 30 2019 06:27:46 GMT+0200 (CEST);Sun Jun 30 2019 04:27:46 GMT+0200 (CEST);1561868866000;0.1;33.21
1380556833984591;15.9;33.5;Sun Jun 30 2019 06:29:47 GMT+0200 (CEST);Sun Jun 30 2019 04:29:47 GMT+0200 (CEST);1561868987000;0.1;33.93
1380556833984591;15.9;32.6;Sun Jun 30 2019 06:31:47 GMT+0200 (CEST);Sun Jun 30 2019 04:31:47 GMT+0200 (CEST);1561869107000;0.2;34.35
1380556833984591;18.5;29.3;Sun Jun 30 2019 06:33:51 GMT+0200 (CEST);Sun Jun 30 2019 04:33:51 GMT+0200 (CEST);1561869231000;0.2;35
1380556833984591;18.5;24.7;Sun Jun 30 2019 06:35:52 GMT+0200 (CEST);Sun Jun 30 2019 04:35:52 GMT+0200 (CEST);1561869352000;0.2;35.96
1380556833984591;15.9;30.3;Sun Jun 30 2019 06:37:49 GMT+0200 (CEST);Sun Jun 30 2019 04:37:49 GMT+0200 (CEST);1561869469000;0.2;35.86
1380556833984591;15.9;28.7;Sun Jun 30 2019 06:39:48 GMT+0200 (CEST);Sun Jun 30 2019 04:39:48 GMT+0200 (CEST);1561869588000;0.3;36.81
1380556833984591;15.9;23.1;Sun Jun 30 2019 06:41:45 GMT+0200 (CEST);Sun Jun 30 2019 04:41:45 GMT+0200 (CEST);1561869705000;0.3;37.27
1380556833984591;15.9;25;Sun Jun 30 2019 06:43:44 GMT+0200 (CEST);Sun Jun 30 2019 04:43:44 GMT+0200 (CEST);1561869824000;0.3;37.89
1380556833984591;15.9;26.7;Sun Jun 30 2019 06:45:42 GMT+0200 (CEST);Sun Jun 30 2019 04:45:42 GMT+0200 (CEST);1561869942000;0.3;38.61
1380556833984591;16.9;27.1;Sun Jun 30 2019 06:47:41 GMT+0200 (CEST);Sun Jun 30 2019 04:47:41 GMT+0200 (CEST);1561870061000;0.4;39.08
1380556833984591;16.9;30.4;Sun Jun 30 2019 06:50:03 GMT+0200 (CEST);Sun Jun 30 2019 04:50:03 GMT+0200 (CEST);1561870203000;0.4;38.8
1380556833984591;19;31.2;Sun Jun 30 2019 06:52:15 GMT+0200 (CEST);Sun Jun 30 2019 04:52:15 GMT+0200 (CEST);1561870335000;0.4;39.64
1380556833984591;19;31.2;Sun Jun 30 2019 06:54:12 GMT+0200 (CEST);Sun Jun 30 2019 04:54:12 GMT+0200 (CEST);1561870452000;0.4;40.46
1380556833984591;21;31.7;Sun Jun 30 2019 06:56:10 GMT+0200 (CEST);Sun Jun 30 2019 04:56:10 GMT+0200 (CEST);1561870570000;0.5;41.01
1380556833984591;21;31.8;Sun Jun 30 2019 06:58:07 GMT+0200 (CEST);Sun Jun 30 2019 04:58:07 GMT+0200 (CEST);1561870687000;0.5;41.92
1380556833984591;21;31.9;Sun Jun 30 2019 07:00:04 GMT+0200 (CEST);Sun Jun 30 2019 05:00:04 GMT+0200 (CEST);1561870804000;0.5;43.2
1380556833984591;21;31.9;Sun Jun 30 2019 07:02:01 GMT+0200 (CEST);Sun Jun 30 2019 05:02:01 GMT+0200 (CEST);1561870921000;0.6;49.94
1380556833984591;21;31.9;Sun Jun 30 2019 07:04:07 GMT+0200 (CEST);Sun Jun 30 2019 05:04:07 GMT+0200 (CEST);1561871047000;0.6;43.84
1380556833984591;22.5;31.7;Sun Jun 30 2019 07:06:06 GMT+0200 (CEST);Sun Jun 30 2019 05:06:06 GMT+0200 (CEST);1561871166000;0.6;43.25
1380556833984591;22.5;32;Sun Jun 30 2019 07:08:10 GMT+0200 (CEST);Sun Jun 30 2019 05:08:10 GMT+0200 (CEST);1561871290000;0.7;73.47
1380556833984591;22.5;32.2;Sun Jun 30 2019 07:10:09 GMT+0200 (CEST);Sun Jun 30 2019 05:10:09 GMT+0200 (CEST);1561871409000;0.7;191.73
1380556833984591;23;32.4;Sun Jun 30 2019 07:12:10 GMT+0200 (CEST);Sun Jun 30 2019 05:12:10 GMT+0200 (CEST);1561871530000;0.7;199.87
1380556833984591;23;32.3;Sun Jun 30 2019 07:14:13 GMT+0200 (CEST);Sun Jun 30 2019 05:14:13 GMT+0200 (CEST);1561871653000;0.8;205.5
1380556833984591;24;32.4;Sun Jun 30 2019 07:16:12 GMT+0200 (CEST);Sun Jun 30 2019 05:16:12 GMT+0200 (CEST);1561871772000;0.8;209.22
1380556833984591;24;32.3;Sun Jun 30 2019 07:18:16 GMT+0200 (CEST);Sun Jun 30 2019 05:18:16 GMT+0200 (CEST);1561871896000;0.8;214.22
1380556833984591;24.5;32.4;Sun Jun 30 2019 07:20:15 GMT+0200 (CEST);Sun Jun 30 2019 05:20:15 GMT+0200 (CEST);1561872015000;0.9;219.41
1380556833984591;52.7;29.9;Sun Jun 30 2019 10:59:28 GMT+0200 (CEST);Sun Jun 30 2019 08:59:28 GMT+0200 (CEST);1561885168000;4.5;909.63
1380556833984591;53.2;29.9;Sun Jun 30 2019 11:01:16 GMT+0200 (CEST);Sun Jun 30 2019 09:01:16 GMT+0200 (CEST);1561885276000;4.5;912.75
1380556833984591;53.2;30;Sun Jun 30 2019 11:03:06 GMT+0200 (CEST);Sun Jun 30 2019 09:03:06 GMT+0200 (CEST);1561885386000;4.6;914.86
1380556833984591;53.2;30;Sun Jun 30 2019 11:04:57 GMT+0200 (CEST);Sun Jun 30 2019 09:04:57 GMT+0200 (CEST);1561885497000;4.5;918.2
1380556833984591;53.7;30;Sun Jun 30 2019 11:07:02 GMT+0200 (CEST);Sun Jun 30 2019 09:07:02 GMT+0200 (CEST);1561885622000;4.6;922.75
1380556833984591;53.7;29.9;Sun Jun 30 2019 11:08:55 GMT+0200 (CEST);Sun Jun 30 2019 09:08:55 GMT+0200 (CEST);1561885735000;4.7;927.33
1380556833984591;54.7;29.6;Sun Jun 30 2019 11:10:45 GMT+0200 (CEST);Sun Jun 30 2019 09:10:45 GMT+0200 (CEST);1561885845000;4.7;932.17
1380556833984591;54.7;29.6;Sun Jun 30 2019 11:12:33 GMT+0200 (CEST);Sun Jun 30 2019 09:12:33 GMT+0200 (CEST);1561885953000;4.7;936.82
1380556833984591;54.7;29.8;Sun Jun 30 2019 11:14:26 GMT+0200 (CEST);Sun Jun 30 2019 09:14:26 GMT+0200 (CEST);1561886066000;4.7;936.5
1380556833984591;53.2;29.8;Sun Jun 30 2019 11:16:15 GMT+0200 (CEST);Sun Jun 30 2019 09:16:15 GMT+0200 (CEST);1561886175000;4.7;938.54
1380556833984591;53.2;29.6;Sun Jun 30 2019 11:18:11 GMT+0200 (CEST);Sun Jun 30 2019 09:18:11 GMT+0200 (CEST);1561886291000;4.8;946.14
1380556833984591;54.7;29.6;Sun Jun 30 2019 11:20:04 GMT+0200 (CEST);Sun Jun 30 2019 09:20:04 GMT+0200 (CEST);1561886404000;4.7;945.99
1380556833984591;54.7;29.6;Sun Jun 30 2019 11:21:57 GMT+0200 (CEST);Sun Jun 30 2019 09:21:57 GMT+0200 (CEST);1561886517000;4.7;946.83
1380556833984591;54.7;29.6;Sun Jun 30 2019 11:23:58 GMT+0200 (CEST);Sun Jun 30 2019 09:23:58 GMT+0200 (CEST);1561886638000;4.7;949.3
1380556833984591;54.7;29.6;Sun Jun 30 2019 11:25:54 GMT+0200 (CEST);Sun Jun 30 2019 09:25:54 GMT+0200 (CEST);1561886754000;4.8;953.5
1380556833984591;54.7;29.7;Sun Jun 30 2019 11:27:51 GMT+0200 (CEST);Sun Jun 30 2019 09:27:51 GMT+0200 (CEST);1561886871000;4.8;958.89
1380556833984591;55.2;29.7;Sun Jun 30 2019 11:29:52 GMT+0200 (CEST);Sun Jun 30 2019 09:29:52 GMT+0200 (CEST);1561886992000;4.8;960.47
1380556833984591;55.2;29.7;Sun Jun 30 2019 11:31:43 GMT+0200 (CEST);Sun Jun 30 2019 09:31:43 GMT+0200 (CEST);1561887103000;4.8;964.35
1380556833984591;55.2;29.7;Sun Jun 30 2019 11:33:34 GMT+0200 (CEST);Sun Jun 30 2019 09:33:34 GMT+0200 (CEST);1561887214000;4.8;968.35
1380556833984591;55.2;29.6;Sun Jun 30 2019 11:35:42 GMT+0200 (CEST);Sun Jun 30 2019 09:35:42 GMT+0200 (CEST);1561887342000;4.8;974.67
1380556833984591;55.2;29.6;Sun Jun 30 2019 11:37:34 GMT+0200 (CEST);Sun Jun 30 2019 09:37:34 GMT+0200 (CEST);1561887454000;4.8;974.3
1380556833984591;55.2;29.6;Sun Jun 30 2019 11:39:34 GMT+0200 (CEST);Sun Jun 30 2019 09:39:34 GMT+0200 (CEST);1561887574000;4.8;978.12
1380556833984591;55.2;29.6;Sun Jun 30 2019 11:41:28 GMT+0200 (CEST);Sun Jun 30 2019 09:41:28 GMT+0200 (CEST);1561887688000;4.9;985.59
1380556833984591;55.2;29.5;Sun Jun 30 2019 11:43:27 GMT+0200 (CEST);Sun Jun 30 2019 09:43:27 GMT+0200 (CEST);1561887807000;4.9;985.59
1380556833984591;55.2;29.6;Sun Jun 30 2019 11:45:26 GMT+0200 (CEST);Sun Jun 30 2019 09:45:26 GMT+0200 (CEST);1561887926000;4.9;988.15
1380556833984591;55.2;29.6;Sun Jun 30 2019 11:47:20 GMT+0200 (CEST);Sun Jun 30 2019 09:47:20 GMT+0200 (CEST);1561888040000;4.9;990.71
1380556833984591;56.7;29.6;Sun Jun 30 2019 11:49:20 GMT+0200 (CEST);Sun Jun 30 2019 09:49:20 GMT+0200 (CEST);1561888160000;4.9;988.15
1380556833984591;56.7;29.7;Sun Jun 30 2019 11:51:17 GMT+0200 (CEST);Sun Jun 30 2019 09:51:17 GMT+0200 (CEST);1561888277000;4.9;990.71
1380556833984591;56.7;29.5;Sun Jun 30 2019 11:53:34 GMT+0200 (CEST);Sun Jun 30 2019 09:53:34 GMT+0200 (CEST);1561888414000;4.9;988.15
1380556833984591;56.7;29.6;Sun Jun 30 2019 11:55:28 GMT+0200 (CEST);Sun Jun 30 2019 09:55:28 GMT+0200 (CEST);1561888528000;4.9;993.27
1380556833984591;56.7;29.3;Sun Jun 30 2019 11:57:19 GMT+0200 (CEST);Sun Jun 30 2019 09:57:19 GMT+0200 (CEST);1561888639000;5;993.27
1380556833984591;56.7;29.3;Sun Jun 30 2019 11:59:15 GMT+0200 (CEST);Sun Jun 30 2019 09:59:15 GMT+0200 (CEST);1561888755000;4.9;995.83
1380556833984591;56.7;29.3;Sun Jun 30 2019 12:01:13 GMT+0200 (CEST);Sun Jun 30 2019 10:01:13 GMT+0200 (CEST);1561888873000;5;1003.51
1380556833984591;56.7;29.3;Sun Jun 30 2019 12:03:14 GMT+0200 (CEST);Sun Jun 30 2019 10:03:14 GMT+0200 (CEST);1561888994000;5.1;1003.51
1380556833984591;57.2;29.3;Sun Jun 30 2019 12:05:04 GMT+0200 (CEST);Sun Jun 30 2019 10:05:04 GMT+0200 (CEST);1561889104000;5;1003.51
1380556833984591;57.2;29.3;Sun Jun 30 2019 12:07:08 GMT+0200 (CEST);Sun Jun 30 2019 10:07:08 GMT+0200 (CEST);1561889228000;5;1000.95
1380556833984591;57.2;29.3;Sun Jun 30 2019 12:09:04 GMT+0200 (CEST);Sun Jun 30 2019 10:09:04 GMT+0200 (CEST);1561889344000;5;1000.95
1380556833984591;57.2;29.3;Sun Jun 30 2019 12:11:00 GMT+0200 (CEST);Sun Jun 30 2019 10:11:00 GMT+0200 (CEST);1561889460000;5;1006.07
1380556833984591;58.8;29.3;Sun Jun 30 2019 12:13:00 GMT+0200 (CEST);Sun Jun 30 2019 10:13:00 GMT+0200 (CEST);1561889580000;5;1006.07
1380556833984591;58.8;29.3;Sun Jun 30 2019 12:14:56 GMT+0200 (CEST);Sun Jun 30 2019 10:14:56 GMT+0200 (CEST);1561889696000;5.1;1011.19
1380556833984591;58.8;29.3;Sun Jun 30 2019 12:17:01 GMT+0200 (CEST);Sun Jun 30 2019 10:17:01 GMT+0200 (CEST);1561889821000;5;1008.63
1380556833984591;58.8;29.1;Sun Jun 30 2019 12:18:59 GMT+0200 (CEST);Sun Jun 30 2019 10:18:59 GMT+0200 (CEST);1561889939000;5.1;1011.19
1380556833984591;58.8;29;Sun Jun 30 2019 12:20:49 GMT+0200 (CEST);Sun Jun 30 2019 10:20:49 GMT+0200 (CEST);1561890049000;5.1;1008.63
1380556833984591;58.8;29;Sun Jun 30 2019 12:22:56 GMT+0200 (CEST);Sun Jun 30 2019 10:22:56 GMT+0200 (CEST);1561890176000;5.1;1011.19
1380556833984591;58.8;29;Sun Jun 30 2019 12:24:54 GMT+0200 (CEST);Sun Jun 30 2019 10:24:54 GMT+0200 (CEST);1561890294000;5;1006.07
1380556833984591;58.8;29;Sun Jun 30 2019 12:26:53 GMT+0200 (CEST);Sun Jun 30 2019 10:26:53 GMT+0200 (CEST);1561890413000;5;1011.19
1380556833984591;58.8;28.9;Sun Jun 30 2019 12:28:54 GMT+0200 (CEST);Sun Jun 30 2019 10:28:54 GMT+0200 (CEST);1561890534000;5.1;1018.87
1380556833984591;58.8;28.9;Sun Jun 30 2019 12:30:55 GMT+0200 (CEST);Sun Jun 30 2019 10:30:55 GMT+0200 (CEST);1561890655000;5.1;1021.43
1380556833984591;60.8;28.9;Sun Jun 30 2019 12:32:45 GMT+0200 (CEST);Sun Jun 30 2019 10:32:45 GMT+0200 (CEST);1561890765000;5.1;1023.99
1380556833984591;60.8;28.9;Sun Jun 30 2019 12:34:51 GMT+0200 (CEST);Sun Jun 30 2019 10:34:51 GMT+0200 (CEST);1561890891000;5.1;1021.43
1380556833984591;60.8;28.9;Sun Jun 30 2019 12:36:50 GMT+0200 (CEST);Sun Jun 30 2019 10:36:50 GMT+0200 (CEST);1561891010000;5.1;1016.31
1380556833984591;59.3;28.9;Sun Jun 30 2019 12:38:57 GMT+0200 (CEST);Sun Jun 30 2019 10:38:57 GMT+0200 (CEST);1561891137000;5.1;1018.87
1380556833984591;59.3;29;Sun Jun 30 2019 12:40:56 GMT+0200 (CEST);Sun Jun 30 2019 10:40:56 GMT+0200 (CEST);1561891256000;5.2;1018.87
1380556833984591;59.3;29;Sun Jun 30 2019 12:43:02 GMT+0200 (CEST);Sun Jun 30 2019 10:43:02 GMT+0200 (CEST);1561891382000;5.1;1016.31
1380556833984591;59.3;29.1;Sun Jun 30 2019 12:45:31 GMT+0200 (CEST);Sun Jun 30 2019 10:45:31 GMT+0200 (CEST);1561891531000;5.1;1011.19
1380556833984591;60.8;29.1;Sun Jun 30 2019 12:47:27 GMT+0200 (CEST);Sun Jun 30 2019 10:47:27 GMT+0200 (CEST);1561891647000;5;1018.87
1380556833984591;60.8;29;Sun Jun 30 2019 12:49:26 GMT+0200 (CEST);Sun Jun 30 2019 10:49:26 GMT+0200 (CEST);1561891766000;5.1;1016.31
1380556833984591;60.8;29.1;Sun Jun 30 2019 12:51:34 GMT+0200 (CEST);Sun Jun 30 2019 10:51:34 GMT+0200 (CEST);1561891894000;5.1;1029.11
1380556833984591;60.8;29.1;Sun Jun 30 2019 12:53:36 GMT+0200 (CEST);Sun Jun 30 2019 10:53:36 GMT+0200 (CEST);1561892016000;5.1;1021.43
1380556833984591;60.8;29;Sun Jun 30 2019 12:55:37 GMT+0200 (CEST);Sun Jun 30 2019 10:55:37 GMT+0200 (CEST);1561892137000;5.1;1026.55
1380556833984591;59.3;29;Sun Jun 30 2019 12:57:33 GMT+0200 (CEST);Sun Jun 30 2019 10:57:33 GMT+0200 (CEST);1561892253000;5.1;1029.11
1380556833984591;59.3;29;Sun Jun 30 2019 12:59:33 GMT+0200 (CEST);Sun Jun 30 2019 10:59:33 GMT+0200 (CEST);1561892373000;5.2;1026.55
1380556833984591;59.3;28.9;Sun Jun 30 2019 13:01:25 GMT+0200 (CEST);Sun Jun 30 2019 11:01:25 GMT+0200 (CEST);1561892485000;5.1;1026.55
1380556833984591;60.8;28.9;Sun Jun 30 2019 13:03:27 GMT+0200 (CEST);Sun Jun 30 2019 11:03:27 GMT+0200 (CEST);1561892607000;5.1;1029.11
1380556833984591;60.8;28.9;Sun Jun 30 2019 13:05:22 GMT+0200 (CEST);Sun Jun 30 2019 11:05:22 GMT+0200 (CEST);1561892722000;5.2;1031.67
1380556833984591;60.8;29;Sun Jun 30 2019 13:07:20 GMT+0200 (CEST);Sun Jun 30 2019 11:07:20 GMT+0200 (CEST);1561892840000;5.1;1021.43
1380556833984591;60.8;29;Sun Jun 30 2019 13:09:21 GMT+0200 (CEST);Sun Jun 30 2019 11:09:21 GMT+0200 (CEST);1561892961000;5.1;1018.87
1380556833984591;60.8;29.1;Sun Jun 30 2019 13:11:22 GMT+0200 (CEST);Sun Jun 30 2019 11:11:22 GMT+0200 (CEST);1561893082000;5.1;1016.31
1380556833984591;60.8;29.1;Sun Jun 30 2019 13:13:21 GMT+0200 (CEST);Sun Jun 30 2019 11:13:21 GMT+0200 (CEST);1561893201000;5.1;1018.87
1380556833984591;60.8;29;Sun Jun 30 2019 13:15:24 GMT+0200 (CEST);Sun Jun 30 2019 11:15:24 GMT+0200 (CEST);1561893324000;5.1;1021.43
1380556833984591;60.8;29.1;Sun Jun 30 2019 13:17:17 GMT+0200 (CEST);Sun Jun 30 2019 11:17:17 GMT+0200 (CEST);1561893437000;5.2;1026.55
1380556833984591;60.8;29;Sun Jun 30 2019 13:19:18 GMT+0200 (CEST);Sun Jun 30 2019 11:19:18 GMT+0200 (CEST);1561893558000;5.2;1029.11
1380556833984591;60.8;29;Sun Jun 30 2019 13:21:22 GMT+0200 (CEST);Sun Jun 30 2019 11:21:22 GMT+0200 (CEST);1561893682000;5.1;1029.11
1380556833984591;60.8;29.3;Sun Jun 30 2019 13:23:21 GMT+0200 (CEST);Sun Jun 30 2019 11:23:21 GMT+0200 (CEST);1561893801000;5.1;1026.55
1380556833984591;60.8;29.3;Sun Jun 30 2019 13:25:19 GMT+0200 (CEST);Sun Jun 30 2019 11:25:19 GMT+0200 (CEST);1561893919000;5.1;1023.99
1380556833984591;59.3;29;Sun Jun 30 2019 13:27:36 GMT+0200 (CEST);Sun Jun 30 2019 11:27:36 GMT+0200 (CEST);1561894056000;5.1;1018.87
1380556833984591;59.3;29;Sun Jun 30 2019 13:29:34 GMT+0200 (CEST);Sun Jun 30 2019 11:29:34 GMT+0200 (CEST);1561894174000;5.1;1021.43
1380556833984591;60.8;29;Sun Jun 30 2019 13:31:38 GMT+0200 (CEST);Sun Jun 30 2019 11:31:38 GMT+0200 (CEST);1561894298000;5.1;1021.43
1380556833984591;60.8;29.2;Sun Jun 30 2019 13:33:38 GMT+0200 (CEST);Sun Jun 30 2019 11:33:38 GMT+0200 (CEST);1561894418000;5.1;1016.31
1380556833984591;59.3;29.1;Sun Jun 30 2019 13:35:38 GMT+0200 (CEST);Sun Jun 30 2019 11:35:38 GMT+0200 (CEST);1561894538000;5;1008.63
1380556833984591;59.3;29;Sun Jun 30 2019 13:38:05 GMT+0200 (CEST);Sun Jun 30 2019 11:38:05 GMT+0200 (CEST);1561894685000;5;1016.31
1380556833984591;59.3;29;Sun Jun 30 2019 13:40:04 GMT+0200 (CEST);Sun Jun 30 2019 11:40:04 GMT+0200 (CEST);1561894804000;5.1;1016.31
1380556833984591;60.8;29.3;Sun Jun 30 2019 13:41:57 GMT+0200 (CEST);Sun Jun 30 2019 11:41:57 GMT+0200 (CEST);1561894917000;5;1013.75
1380556833984591;60.8;29.4;Sun Jun 30 2019 13:43:50 GMT+0200 (CEST);Sun Jun 30 2019 11:43:50 GMT+0200 (CEST);1561895030000;5;1013.75
1380556833984591;59.3;29.4;Sun Jun 30 2019 13:45:48 GMT+0200 (CEST);Sun Jun 30 2019 11:45:48 GMT+0200 (CEST);1561895148000;5.1;1016.31
1380556833984591;59.3;29.5;Sun Jun 30 2019 13:47:45 GMT+0200 (CEST);Sun Jun 30 2019 11:47:45 GMT+0200 (CEST);1561895265000;5;1016.31
1380556833984591;59.3;29.3;Sun Jun 30 2019 13:49:40 GMT+0200 (CEST);Sun Jun 30 2019 11:49:40 GMT+0200 (CEST);1561895380000;5;1011.19
1380556833984591;59.3;29.1;Sun Jun 30 2019 13:51:33 GMT+0200 (CEST);Sun Jun 30 2019 11:51:33 GMT+0200 (CEST);1561895493000;5;1006.07
1380556833984591;59.3;29.4;Sun Jun 30 2019 13:53:28 GMT+0200 (CEST);Sun Jun 30 2019 11:53:28 GMT+0200 (CEST);1561895608000;5;1008.63
1380556833984591;59.3;29.4;Sun Jun 30 2019 13:55:35 GMT+0200 (CEST);Sun Jun 30 2019 11:55:35 GMT+0200 (CEST);1561895735000;5;1000.95
1380556833984591;59.3;29.4;Sun Jun 30 2019 13:57:27 GMT+0200 (CEST);Sun Jun 30 2019 11:57:27 GMT+0200 (CEST);1561895847000;4.9;995.83
1380556833984591;59.3;29.5;Sun Jun 30 2019 13:59:25 GMT+0200 (CEST);Sun Jun 30 2019 11:59:25 GMT+0200 (CEST);1561895965000;5;995.83
1380556833984591;59.3;29.2;Sun Jun 30 2019 14:01:20 GMT+0200 (CEST);Sun Jun 30 2019 12:01:20 GMT+0200 (CEST);1561896080000;5;990.71
1380556833984591;59.3;29.2;Sun Jun 30 2019 14:03:16 GMT+0200 (CEST);Sun Jun 30 2019 12:03:16 GMT+0200 (CEST);1561896196000;4.9;988.15
1380556833984591;59.3;29.4;Sun Jun 30 2019 14:05:27 GMT+0200 (CEST);Sun Jun 30 2019 12:05:27 GMT+0200 (CEST);1561896327000;4.9;985.59
1380556833984591;59.3;29.5;Sun Jun 30 2019 14:07:21 GMT+0200 (CEST);Sun Jun 30 2019 12:07:21 GMT+0200 (CEST);1561896441000;4.9;978.19
1380556833984591;59.3;29.5;Sun Jun 30 2019 14:09:40 GMT+0200 (CEST);Sun Jun 30 2019 12:09:40 GMT+0200 (CEST);1561896580000;4.9;979.94
1380556833984591;59.3;29.5;Sun Jun 30 2019 14:11:36 GMT+0200 (CEST);Sun Jun 30 2019 12:11:36 GMT+0200 (CEST);1561896696000;4.9;977.84
1380556833984591;58.8;29.5;Sun Jun 30 2019 14:13:35 GMT+0200 (CEST);Sun Jun 30 2019 12:13:35 GMT+0200 (CEST);1561896815000;4.9;976.22
1380556833984591;58.8;29.4;Sun Jun 30 2019 14:15:32 GMT+0200 (CEST);Sun Jun 30 2019 12:15:32 GMT+0200 (CEST);1561896932000;4.9;975.19
1380556833984591;58.8;29.4;Sun Jun 30 2019 14:17:35 GMT+0200 (CEST);Sun Jun 30 2019 12:17:35 GMT+0200 (CEST);1561897055000;4.9;972.73
1380556833984591;58.8;29.3;Sun Jun 30 2019 14:19:33 GMT+0200 (CEST);Sun Jun 30 2019 12:19:33 GMT+0200 (CEST);1561897173000;4.8;969.08
1380556833984591;58.8;29.7;Sun Jun 30 2019 14:21:43 GMT+0200 (CEST);Sun Jun 30 2019 12:21:43 GMT+0200 (CEST);1561897303000;4.7;964.91
1380556833984591;58.8;30.2;Sun Jun 30 2019 14:23:48 GMT+0200 (CEST);Sun Jun 30 2019 12:23:48 GMT+0200 (CEST);1561897428000;4.8;969.56
1380556833984591;58.8;30;Sun Jun 30 2019 14:25:52 GMT+0200 (CEST);Sun Jun 30 2019 12:25:52 GMT+0200 (CEST);1561897552000;4.8;972.87
1380556833984591;58.8;29.7;Sun Jun 30 2019 14:27:44 GMT+0200 (CEST);Sun Jun 30 2019 12:27:44 GMT+0200 (CEST);1561897664000;4.9;965.13
1380556833984591;58.8;29.4;Sun Jun 30 2019 14:29:42 GMT+0200 (CEST);Sun Jun 30 2019 12:29:42 GMT+0200 (CEST);1561897782000;4.8;962.52
1380556833984591;58.8;29.9;Sun Jun 30 2019 14:31:40 GMT+0200 (CEST);Sun Jun 30 2019 12:31:40 GMT+0200 (CEST);1561897900000;4.7;960.07
1380556833984591;58.8;29.6;Sun Jun 30 2019 14:33:39 GMT+0200 (CEST);Sun Jun 30 2019 12:33:39 GMT+0200 (CEST);1561898019000;4.8;954.24
1380556833984591;58.8;29.7;Sun Jun 30 2019 14:35:32 GMT+0200 (CEST);Sun Jun 30 2019 12:35:32 GMT+0200 (CEST);1561898132000;4.6;952
1380556833984591;58.8;29.7;Sun Jun 30 2019 14:37:29 GMT+0200 (CEST);Sun Jun 30 2019 12:37:29 GMT+0200 (CEST);1561898249000;4.6;939.6
1380556833984591;58.8;29.8;Sun Jun 30 2019 14:39:23 GMT+0200 (CEST);Sun Jun 30 2019 12:39:23 GMT+0200 (CEST);1561898363000;4.6;938.15
1380556833984591;58.8;29.8;Sun Jun 30 2019 14:41:26 GMT+0200 (CEST);Sun Jun 30 2019 12:41:26 GMT+0200 (CEST);1561898486000;4.5;920.81
1380556833984591;58.8;29.8;Sun Jun 30 2019 14:43:20 GMT+0200 (CEST);Sun Jun 30 2019 12:43:20 GMT+0200 (CEST);1561898600000;4.5;914.6
1380556833984591;58.8;30.1;Sun Jun 30 2019 14:45:36 GMT+0200 (CEST);Sun Jun 30 2019 12:45:36 GMT+0200 (CEST);1561898736000;4.5;915.94
1380556833984591;58.8;29.7;Sun Jun 30 2019 14:47:28 GMT+0200 (CEST);Sun Jun 30 2019 12:47:28 GMT+0200 (CEST);1561898848000;4.6;921.93
1380556833984591;58.8;30.2;Sun Jun 30 2019 14:49:28 GMT+0200 (CEST);Sun Jun 30 2019 12:49:28 GMT+0200 (CEST);1561898968000;4.5;930.26
1380556833984591;58.8;30.1;Sun Jun 30 2019 14:51:21 GMT+0200 (CEST);Sun Jun 30 2019 12:51:21 GMT+0200 (CEST);1561899081000;4.2;860.88
1380556833984591;60.8;29.8;Sun Jun 30 2019 14:53:19 GMT+0200 (CEST);Sun Jun 30 2019 12:53:19 GMT+0200 (CEST);1561899199000;4.2;889.12
1380556833984591;60.8;30;Sun Jun 30 2019 14:55:19 GMT+0200 (CEST);Sun Jun 30 2019 12:55:19 GMT+0200 (CEST);1561899319000;4.3;856.46
1380556833984591;60.8;30;Sun Jun 30 2019 14:57:15 GMT+0200 (CEST);Sun Jun 30 2019 12:57:15 GMT+0200 (CEST);1561899435000;4.5;913.87
1380556833984591;59.3;30.1;Sun Jun 30 2019 14:59:27 GMT+0200 (CEST);Sun Jun 30 2019 12:59:27 GMT+0200 (CEST);1561899567000;4.3;899.17
1380556833984591;59.3;30.3;Sun Jun 30 2019 15:01:26 GMT+0200 (CEST);Sun Jun 30 2019 13:01:26 GMT+0200 (CEST);1561899686000;4.4;899.09
1380556833984591;59.3;30.7;Sun Jun 30 2019 15:03:25 GMT+0200 (CEST);Sun Jun 30 2019 13:03:25 GMT+0200 (CEST);1561899805000;4.3;890.46
1380556833984591;59.3;30.3;Sun Jun 30 2019 15:05:17 GMT+0200 (CEST);Sun Jun 30 2019 13:05:17 GMT+0200 (CEST);1561899917000;4.4;883.46
1380556833984591;58.8;30;Sun Jun 30 2019 15:07:17 GMT+0200 (CEST);Sun Jun 30 2019 13:07:17 GMT+0200 (CEST);1561900037000;4.3;877.59
1380556833984591;58.8;30;Sun Jun 30 2019 15:09:15 GMT+0200 (CEST);Sun Jun 30 2019 13:09:15 GMT+0200 (CEST);1561900155000;4.5;881.2
1380556833984591;58.8;29.5;Sun Jun 30 2019 15:11:12 GMT+0200 (CEST);Sun Jun 30 2019 13:11:12 GMT+0200 (CEST);1561900272000;4.4;876.4
1380556833984591;58.8;29.8;Sun Jun 30 2019 15:13:06 GMT+0200 (CEST);Sun Jun 30 2019 13:13:06 GMT+0200 (CEST);1561900386000;4.3;867.59
1380556833984591;58.8;29.8;Sun Jun 30 2019 15:15:19 GMT+0200 (CEST);Sun Jun 30 2019 13:15:19 GMT+0200 (CEST);1561900519000;4.3;861.16
1380556833984591;58.8;29.9;Sun Jun 30 2019 15:17:14 GMT+0200 (CEST);Sun Jun 30 2019 13:17:14 GMT+0200 (CEST);1561900634000;4.4;866.16
1380556833984591;58.8;29.5;Sun Jun 30 2019 15:19:11 GMT+0200 (CEST);Sun Jun 30 2019 13:19:11 GMT+0200 (CEST);1561900751000;4.4;862.93
1380556833984591;57.2;29.5;Sun Jun 30 2019 15:21:12 GMT+0200 (CEST);Sun Jun 30 2019 13:21:12 GMT+0200 (CEST);1561900872000;4.3;859.42
1380556833984591;57.2;29.5;Sun Jun 30 2019 15:23:04 GMT+0200 (CEST);Sun Jun 30 2019 13:23:04 GMT+0200 (CEST);1561900984000;4.3;849.08
1380556833984591;57.2;29.8;Sun Jun 30 2019 15:25:03 GMT+0200 (CEST);Sun Jun 30 2019 13:25:03 GMT+0200 (CEST);1561901103000;3.9;803.22
1380556833984591;57.7;29.9;Sun Jun 30 2019 15:27:04 GMT+0200 (CEST);Sun Jun 30 2019 13:27:04 GMT+0200 (CEST);1561901224000;4.3;850.04
1380556833984591;57.7;29.7;Sun Jun 30 2019 15:29:15 GMT+0200 (CEST);Sun Jun 30 2019 13:29:15 GMT+0200 (CEST);1561901355000;4.2;844.53
1380556833984591;57.2;30.2;Sun Jun 30 2019 15:31:11 GMT+0200 (CEST);Sun Jun 30 2019 13:31:11 GMT+0200 (CEST);1561901471000;4.2;837.27
1380556833984591;57.2;30.1;Sun Jun 30 2019 15:33:07 GMT+0200 (CEST);Sun Jun 30 2019 13:33:07 GMT+0200 (CEST);1561901587000;4;825.43
1380556833984591;56.7;30.7;Sun Jun 30 2019 15:35:07 GMT+0200 (CEST);Sun Jun 30 2019 13:35:07 GMT+0200 (CEST);1561901707000;4.1;839.84
1380556833984591;56.7;30.5;Sun Jun 30 2019 15:37:05 GMT+0200 (CEST);Sun Jun 30 2019 13:37:05 GMT+0200 (CEST);1561901825000;4.1;818.87
1380556833984591;56.7;30.6;Sun Jun 30 2019 15:39:05 GMT+0200 (CEST);Sun Jun 30 2019 13:39:05 GMT+0200 (CEST);1561901945000;4.1;818.44
1380556833984591;56.7;30.2;Sun Jun 30 2019 15:40:58 GMT+0200 (CEST);Sun Jun 30 2019 13:40:58 GMT+0200 (CEST);1561902058000;4.1;812.72
1380556833984591;56.7;30.1;Sun Jun 30 2019 15:42:58 GMT+0200 (CEST);Sun Jun 30 2019 13:42:58 GMT+0200 (CEST);1561902178000;4;800.6
1380556833984591;56.7;29.9;Sun Jun 30 2019 15:45:01 GMT+0200 (CEST);Sun Jun 30 2019 13:45:01 GMT+0200 (CEST);1561902301000;3.9;795.18
1380556833984591;56.7;30.7;Sun Jun 30 2019 15:46:59 GMT+0200 (CEST);Sun Jun 30 2019 13:46:59 GMT+0200 (CEST);1561902419000;4;788.9
1380556833984591;56.7;30.2;Sun Jun 30 2019 15:48:59 GMT+0200 (CEST);Sun Jun 30 2019 13:48:59 GMT+0200 (CEST);1561902539000;4;786.48
1380556833984591;56.7;30.2;Sun Jun 30 2019 15:51:00 GMT+0200 (CEST);Sun Jun 30 2019 13:51:00 GMT+0200 (CEST);1561902660000;4;783.7
1380556833984591;56.7;30.2;Sun Jun 30 2019 15:53:06 GMT+0200 (CEST);Sun Jun 30 2019 13:53:06 GMT+0200 (CEST);1561902786000;3.9;772.75
1380556833984591;55.2;30.7;Sun Jun 30 2019 15:54:59 GMT+0200 (CEST);Sun Jun 30 2019 13:54:59 GMT+0200 (CEST);1561902899000;3.7;764.82
1380556833984591;55.2;30.8;Sun Jun 30 2019 15:56:53 GMT+0200 (CEST);Sun Jun 30 2019 13:56:53 GMT+0200 (CEST);1561903013000;3.7;760.69
1380556833984591;55.2;30.8;Sun Jun 30 2019 15:58:51 GMT+0200 (CEST);Sun Jun 30 2019 13:58:51 GMT+0200 (CEST);1561903131000;3.7;751.49
1380556833984591;55.2;31.1;Sun Jun 30 2019 16:00:56 GMT+0200 (CEST);Sun Jun 30 2019 14:00:56 GMT+0200 (CEST);1561903256000;3.6;738.07
1380556833984591;55.2;31.1;Sun Jun 30 2019 16:02:57 GMT+0200 (CEST);Sun Jun 30 2019 14:02:57 GMT+0200 (CEST);1561903377000;3.6;735.77
1380556833984591;55.2;30.8;Sun Jun 30 2019 16:04:56 GMT+0200 (CEST);Sun Jun 30 2019 14:04:56 GMT+0200 (CEST);1561903496000;3.6;727.52
1380556833984591;55.2;30.8;Sun Jun 30 2019 16:06:53 GMT+0200 (CEST);Sun Jun 30 2019 14:06:53 GMT+0200 (CEST);1561903613000;3.6;724.27
1380556833984591;55.2;31.1;Sun Jun 30 2019 16:08:52 GMT+0200 (CEST);Sun Jun 30 2019 14:08:52 GMT+0200 (CEST);1561903732000;3.6;722.41
1380556833984591;55.2;30.8;Sun Jun 30 2019 16:10:49 GMT+0200 (CEST);Sun Jun 30 2019 14:10:49 GMT+0200 (CEST);1561903849000;3.6;717.1
1380556833984591;55.2;31;Sun Jun 30 2019 16:12:47 GMT+0200 (CEST);Sun Jun 30 2019 14:12:47 GMT+0200 (CEST);1561903967000;3.5;710.12
1380556833984591;54.7;30.6;Sun Jun 30 2019 16:14:44 GMT+0200 (CEST);Sun Jun 30 2019 14:14:44 GMT+0200 (CEST);1561904084000;3.6;708.5
1380556833984591;54.7;30.5;Sun Jun 30 2019 16:16:43 GMT+0200 (CEST);Sun Jun 30 2019 14:16:43 GMT+0200 (CEST);1561904203000;3.5;703.02
1380556833984591;54.7;30.6;Sun Jun 30 2019 16:18:40 GMT+0200 (CEST);Sun Jun 30 2019 14:18:40 GMT+0200 (CEST);1561904320000;3.5;697.31
1380556833984591;54.7;31.1;Sun Jun 30 2019 16:20:38 GMT+0200 (CEST);Sun Jun 30 2019 14:20:38 GMT+0200 (CEST);1561904438000;3.3;692.16
1380556833984591;54.7;30.6;Sun Jun 30 2019 16:22:53 GMT+0200 (CEST);Sun Jun 30 2019 14:22:53 GMT+0200 (CEST);1561904573000;3.5;687.19
1380556833984591;54.7;30.5;Sun Jun 30 2019 16:24:50 GMT+0200 (CEST);Sun Jun 30 2019 14:24:50 GMT+0200 (CEST);1561904690000;3.5;681.79
1380556833984591;54.7;30.6;Sun Jun 30 2019 16:26:46 GMT+0200 (CEST);Sun Jun 30 2019 14:26:46 GMT+0200 (CEST);1561904806000;3.4;673.93
1380556833984591;54.7;30.8;Sun Jun 30 2019 16:28:51 GMT+0200 (CEST);Sun Jun 30 2019 14:28:51 GMT+0200 (CEST);1561904931000;3.3;667.26
1380556833984591;53.2;31;Sun Jun 30 2019 16:30:48 GMT+0200 (CEST);Sun Jun 30 2019 14:30:48 GMT+0200 (CEST);1561905048000;3.3;660.46
1380556833984591;53.2;31.4;Sun Jun 30 2019 16:32:45 GMT+0200 (CEST);Sun Jun 30 2019 14:32:45 GMT+0200 (CEST);1561905165000;3.2;655.35
1380556833984591;53.2;30.6;Sun Jun 30 2019 16:34:42 GMT+0200 (CEST);Sun Jun 30 2019 14:34:42 GMT+0200 (CEST);1561905282000;3.2;650.23
1380556833984591;53.2;31.3;Sun Jun 30 2019 16:36:44 GMT+0200 (CEST);Sun Jun 30 2019 14:36:44 GMT+0200 (CEST);1561905404000;3;639.99
1380556833984591;52.7;31.7;Sun Jun 30 2019 16:38:40 GMT+0200 (CEST);Sun Jun 30 2019 14:38:40 GMT+0200 (CEST);1561905520000;3.1;632.31
1380556833984591;52.7;31.3;Sun Jun 30 2019 16:40:40 GMT+0200 (CEST);Sun Jun 30 2019 14:40:40 GMT+0200 (CEST);1561905640000;3.1;632.31
1380556833984591;52.7;31.2;Sun Jun 30 2019 16:42:50 GMT+0200 (CEST);Sun Jun 30 2019 14:42:50 GMT+0200 (CEST);1561905770000;3.1;627.19
1380556833984591;52.7;30.3;Sun Jun 30 2019 16:44:47 GMT+0200 (CEST);Sun Jun 30 2019 14:44:47 GMT+0200 (CEST);1561905887000;3.1;614.39
1380556833984591;52.7;30.6;Sun Jun 30 2019 16:46:47 GMT+0200 (CEST);Sun Jun 30 2019 14:46:47 GMT+0200 (CEST);1561906007000;3.1;609.27
1380556833984591;51.2;30.1;Sun Jun 30 2019 16:48:46 GMT+0200 (CEST);Sun Jun 30 2019 14:48:46 GMT+0200 (CEST);1561906126000;3.1;601.59
1380556833984591;51.2;30.2;Sun Jun 30 2019 16:50:43 GMT+0200 (CEST);Sun Jun 30 2019 14:50:43 GMT+0200 (CEST);1561906243000;3.1;599.03
1380556833984591;51.2;30.6;Sun Jun 30 2019 16:52:48 GMT+0200 (CEST);Sun Jun 30 2019 14:52:48 GMT+0200 (CEST);1561906368000;3;586.23
1380556833984591;51.2;30.3;Sun Jun 30 2019 16:54:45 GMT+0200 (CEST);Sun Jun 30 2019 14:54:45 GMT+0200 (CEST);1561906485000;3;581.11
1380556833984591;51.2;30.2;Sun Jun 30 2019 16:56:42 GMT+0200 (CEST);Sun Jun 30 2019 14:56:42 GMT+0200 (CEST);1561906602000;2.9;573.43
1380556833984591;50.7;30.2;Sun Jun 30 2019 16:58:40 GMT+0200 (CEST);Sun Jun 30 2019 14:58:40 GMT+0200 (CEST);1561906720000;2.9;563.19
1380556833984591;50.7;30.3;Sun Jun 30 2019 17:00:37 GMT+0200 (CEST);Sun Jun 30 2019 15:00:37 GMT+0200 (CEST);1561906837000;2.9;555.51
1380556833984591;50.7;30.3;Sun Jun 30 2019 17:02:34 GMT+0200 (CEST);Sun Jun 30 2019 15:02:34 GMT+0200 (CEST);1561906954000;2.8;547.83
1380556833984591;50.7;30.6;Sun Jun 30 2019 17:04:34 GMT+0200 (CEST);Sun Jun 30 2019 15:04:34 GMT+0200 (CEST);1561907074000;2.7;542.71
1380556833984591;50.7;30.8;Sun Jun 30 2019 17:06:37 GMT+0200 (CEST);Sun Jun 30 2019 15:06:37 GMT+0200 (CEST);1561907197000;2.7;537.59
1380556833984591;50.7;30.3;Sun Jun 30 2019 17:08:35 GMT+0200 (CEST);Sun Jun 30 2019 15:08:35 GMT+0200 (CEST);1561907315000;2.7;532.47
1380556833984591;50.7;30.8;Sun Jun 30 2019 17:10:32 GMT+0200 (CEST);Sun Jun 30 2019 15:10:32 GMT+0200 (CEST);1561907432000;2.7;532.47
1380556833984591;48.2;30.7;Sun Jun 30 2019 17:12:28 GMT+0200 (CEST);Sun Jun 30 2019 15:12:28 GMT+0200 (CEST);1561907548000;2.7;524.79
1380556833984591;48.2;30.4;Sun Jun 30 2019 17:14:26 GMT+0200 (CEST);Sun Jun 30 2019 15:14:26 GMT+0200 (CEST);1561907666000;2.7;522.23
1380556833984591;48.2;30.6;Sun Jun 30 2019 17:16:23 GMT+0200 (CEST);Sun Jun 30 2019 15:16:23 GMT+0200 (CEST);1561907783000;2.6;511.99
1380556833984591;48.2;30.6;Sun Jun 30 2019 17:18:20 GMT+0200 (CEST);Sun Jun 30 2019 15:18:20 GMT+0200 (CEST);1561907900000;2.6;504.31
1380556833984591;48.2;30.6;Sun Jun 30 2019 17:20:19 GMT+0200 (CEST);Sun Jun 30 2019 15:20:19 GMT+0200 (CEST);1561908019000;2.5;499.19
1380556833984591;48.2;30.9;Sun Jun 30 2019 17:22:19 GMT+0200 (CEST);Sun Jun 30 2019 15:22:19 GMT+0200 (CEST);1561908139000;2.5;488.95
1380556833984591;48.2;30.7;Sun Jun 30 2019 17:24:16 GMT+0200 (CEST);Sun Jun 30 2019 15:24:16 GMT+0200 (CEST);1561908256000;2.4;476.15
1380556833984591;48.2;32.3;Sun Jun 30 2019 17:26:14 GMT+0200 (CEST);Sun Jun 30 2019 15:26:14 GMT+0200 (CEST);1561908374000;2.3;473.59
1380556833984591;48.2;31.9;Sun Jun 30 2019 17:28:14 GMT+0200 (CEST);Sun Jun 30 2019 15:28:14 GMT+0200 (CEST);1561908494000;2.2;465.91
1380556833984591;48.2;31.7;Sun Jun 30 2019 17:30:17 GMT+0200 (CEST);Sun Jun 30 2019 15:30:17 GMT+0200 (CEST);1561908617000;2.2;460.79
1380556833984591;48.2;31.9;Sun Jun 30 2019 17:32:14 GMT+0200 (CEST);Sun Jun 30 2019 15:32:14 GMT+0200 (CEST);1561908734000;2.2;447.99
1380556833984591;48.2;31.9;Sun Jun 30 2019 17:34:14 GMT+0200 (CEST);Sun Jun 30 2019 15:34:14 GMT+0200 (CEST);1561908854000;2.2;442.87
1380556833984591;47.2;31.7;Sun Jun 30 2019 17:36:10 GMT+0200 (CEST);Sun Jun 30 2019 15:36:10 GMT+0200 (CEST);1561908970000;2.1;442.87
1380556833984591;47.2;31.4;Sun Jun 30 2019 17:38:07 GMT+0200 (CEST);Sun Jun 30 2019 15:38:07 GMT+0200 (CEST);1561909087000;2.1;435.19
1380556833984591;47.2;31.7;Sun Jun 30 2019 17:40:04 GMT+0200 (CEST);Sun Jun 30 2019 15:40:04 GMT+0200 (CEST);1561909204000;2.1;427.51
1380556833984591;47.2;32.3;Sun Jun 30 2019 17:42:02 GMT+0200 (CEST);Sun Jun 30 2019 15:42:02 GMT+0200 (CEST);1561909322000;2;417.27
1380556833984591;47.2;32.4;Sun Jun 30 2019 17:43:59 GMT+0200 (CEST);Sun Jun 30 2019 15:43:59 GMT+0200 (CEST);1561909439000;1.9;409.59
1380556833984591;47.2;32.3;Sun Jun 30 2019 17:46:17 GMT+0200 (CEST);Sun Jun 30 2019 15:46:17 GMT+0200 (CEST);1561909577000;1.9;401.91
1380556833984591;47.2;32.2;Sun Jun 30 2019 17:48:14 GMT+0200 (CEST);Sun Jun 30 2019 15:48:14 GMT+0200 (CEST);1561909694000;1.9;396.79
1380556833984591;47.2;32.1;Sun Jun 30 2019 17:50:11 GMT+0200 (CEST);Sun Jun 30 2019 15:50:11 GMT+0200 (CEST);1561909811000;1.8;386.55
1380556833984591;47.2;32.5;Sun Jun 30 2019 17:52:09 GMT+0200 (CEST);Sun Jun 30 2019 15:52:09 GMT+0200 (CEST);1561909929000;1.8;381.43
1380556833984591;47.2;32.5;Sun Jun 30 2019 17:54:16 GMT+0200 (CEST);Sun Jun 30 2019 15:54:16 GMT+0200 (CEST);1561910056000;1.8;373.75
1380556833984591;47.2;32.1;Sun Jun 30 2019 17:56:13 GMT+0200 (CEST);Sun Jun 30 2019 15:56:13 GMT+0200 (CEST);1561910173000;1.7;368.63
1380556833984591;47.2;32.3;Sun Jun 30 2019 17:58:10 GMT+0200 (CEST);Sun Jun 30 2019 15:58:10 GMT+0200 (CEST);1561910290000;1.7;363.51
1380556833984591;47.2;32.5;Sun Jun 30 2019 18:00:09 GMT+0200 (CEST);Sun Jun 30 2019 16:00:09 GMT+0200 (CEST);1561910409000;1.7;355.83
1380556833984591;47.2;32.3;Sun Jun 30 2019 18:02:06 GMT+0200 (CEST);Sun Jun 30 2019 16:02:06 GMT+0200 (CEST);1561910526000;1.7;348.15
1380556833984591;47.2;32.2;Sun Jun 30 2019 18:04:04 GMT+0200 (CEST);Sun Jun 30 2019 16:04:04 GMT+0200 (CEST);1561910644000;1.6;343.03
1380556833984591;47.2;32.6;Sun Jun 30 2019 18:06:01 GMT+0200 (CEST);Sun Jun 30 2019 16:06:01 GMT+0200 (CEST);1561910761000;1.6;337.91
1380556833984591;46.7;32.8;Sun Jun 30 2019 18:07:57 GMT+0200 (CEST);Sun Jun 30 2019 16:07:57 GMT+0200 (CEST);1561910877000;1.5;330.23
1380556833984591;46.7;32.6;Sun Jun 30 2019 18:09:54 GMT+0200 (CEST);Sun Jun 30 2019 16:09:54 GMT+0200 (CEST);1561910994000;1.5;326.18
1380556833984591;46.7;32.7;Sun Jun 30 2019 18:11:53 GMT+0200 (CEST);Sun Jun 30 2019 16:11:53 GMT+0200 (CEST);1561911113000;1.5;319.73
1380556833984591;46.7;32.7;Sun Jun 30 2019 18:13:50 GMT+0200 (CEST);Sun Jun 30 2019 16:13:50 GMT+0200 (CEST);1561911230000;1.4;315.02
1380556833984591;46.7;32.8;Sun Jun 30 2019 18:15:47 GMT+0200 (CEST);Sun Jun 30 2019 16:15:47 GMT+0200 (CEST);1561911347000;1.4;306.34
1380556833984591;46.7;32.8;Sun Jun 30 2019 18:17:45 GMT+0200 (CEST);Sun Jun 30 2019 16:17:45 GMT+0200 (CEST);1561911465000;1.4;297.99
1380556833984591;46.7;32.8;Sun Jun 30 2019 18:19:42 GMT+0200 (CEST);Sun Jun 30 2019 16:19:42 GMT+0200 (CEST);1561911582000;1.4;291.7
1380556833984591;46.7;32.7;Sun Jun 30 2019 18:21:42 GMT+0200 (CEST);Sun Jun 30 2019 16:21:42 GMT+0200 (CEST);1561911702000;1.3;285.65
1380556833984591;45.2;32.4;Sun Jun 30 2019 18:23:39 GMT+0200 (CEST);Sun Jun 30 2019 16:23:39 GMT+0200 (CEST);1561911819000;1.3;278.01
1380556833984591;45.2;32.7;Sun Jun 30 2019 18:25:42 GMT+0200 (CEST);Sun Jun 30 2019 16:25:42 GMT+0200 (CEST);1561911942000;1.2;270.56
1380556833984591;44.7;32.6;Sun Jun 30 2019 18:27:39 GMT+0200 (CEST);Sun Jun 30 2019 16:27:39 GMT+0200 (CEST);1561912059000;1.2;261.67
1380556833984591;44.7;32.6;Sun Jun 30 2019 18:29:36 GMT+0200 (CEST);Sun Jun 30 2019 16:29:36 GMT+0200 (CEST);1561912176000;1.2;255.31
1380556833984591;44.7;32.8;Sun Jun 30 2019 18:31:35 GMT+0200 (CEST);Sun Jun 30 2019 16:31:35 GMT+0200 (CEST);1561912295000;1.1;248.27
1380556833984591;44.7;32.3;Sun Jun 30 2019 18:33:32 GMT+0200 (CEST);Sun Jun 30 2019 16:33:32 GMT+0200 (CEST);1561912412000;1.1;243.99
1380556833984591;44.7;32.5;Sun Jun 30 2019 18:35:29 GMT+0200 (CEST);Sun Jun 30 2019 16:35:29 GMT+0200 (CEST);1561912529000;1.1;239.03
1380556833984591;44.7;32.2;Sun Jun 30 2019 18:37:26 GMT+0200 (CEST);Sun Jun 30 2019 16:37:26 GMT+0200 (CEST);1561912646000;1;234.05
1380556833984591;44.7;32.5;Sun Jun 30 2019 18:39:24 GMT+0200 (CEST);Sun Jun 30 2019 16:39:24 GMT+0200 (CEST);1561912764000;1;210.64
1380556833984591;44.7;32.5;Sun Jun 30 2019 18:41:20 GMT+0200 (CEST);Sun Jun 30 2019 16:41:20 GMT+0200 (CEST);1561912880000;0.9;212.43
1380556833984591;44.7;32.3;Sun Jun 30 2019 18:43:18 GMT+0200 (CEST);Sun Jun 30 2019 16:43:18 GMT+0200 (CEST);1561912998000;0.9;213.79
1380556833984591;44.7;32.5;Sun Jun 30 2019 18:45:18 GMT+0200 (CEST);Sun Jun 30 2019 16:45:18 GMT+0200 (CEST);1561913118000;0.9;206.68
1380556833984591;43.1;32.3;Sun Jun 30 2019 18:47:15 GMT+0200 (CEST);Sun Jun 30 2019 16:47:15 GMT+0200 (CEST);1561913235000;0.9;199.38
1380556833984591;43.1;32.4;Sun Jun 30 2019 18:49:19 GMT+0200 (CEST);Sun Jun 30 2019 16:49:19 GMT+0200 (CEST);1561913359000;0.8;193.9
1380556833984591;43.1;32.5;Sun Jun 30 2019 18:51:16 GMT+0200 (CEST);Sun Jun 30 2019 16:51:16 GMT+0200 (CEST);1561913476000;0.8;190.32
1380556833984591;43.1;32.3;Sun Jun 30 2019 18:53:13 GMT+0200 (CEST);Sun Jun 30 2019 16:53:13 GMT+0200 (CEST);1561913593000;0.8;186.65
1380556833984591;42.6;32.1;Sun Jun 30 2019 18:55:11 GMT+0200 (CEST);Sun Jun 30 2019 16:55:11 GMT+0200 (CEST);1561913711000;0.8;180.67
1380556833984591;42.6;32.2;Sun Jun 30 2019 18:57:07 GMT+0200 (CEST);Sun Jun 30 2019 16:57:07 GMT+0200 (CEST);1561913827000;0.8;175.65
1380556833984591;42.6;32.2;Sun Jun 30 2019 18:59:04 GMT+0200 (CEST);Sun Jun 30 2019 16:59:04 GMT+0200 (CEST);1561913944000;0.7;172.11
1380556833984591;42.6;32.5;Sun Jun 30 2019 19:01:01 GMT+0200 (CEST);Sun Jun 30 2019 17:01:01 GMT+0200 (CEST);1561914061000;0.7;167.62
1380556833984591;42.6;32.6;Sun Jun 30 2019 19:02:58 GMT+0200 (CEST);Sun Jun 30 2019 17:02:58 GMT+0200 (CEST);1561914178000;0.6;162.34
1380556833984591;42.6;32.5;Sun Jun 30 2019 19:04:54 GMT+0200 (CEST);Sun Jun 30 2019 17:04:54 GMT+0200 (CEST);1561914294000;0.6;156.5
1380556833984591;42.6;32.6;Sun Jun 30 2019 19:06:55 GMT+0200 (CEST);Sun Jun 30 2019 17:06:55 GMT+0200 (CEST);1561914415000;0.6;150.41
1380556833984591;42.6;32.5;Sun Jun 30 2019 19:08:51 GMT+0200 (CEST);Sun Jun 30 2019 17:08:51 GMT+0200 (CEST);1561914531000;0.6;143.44
1380556833984591;42.6;32.4;Sun Jun 30 2019 19:10:49 GMT+0200 (CEST);Sun Jun 30 2019 17:10:49 GMT+0200 (CEST);1561914649000;0.6;139.88
1380556833984591;42.6;32.7;Sun Jun 30 2019 19:12:46 GMT+0200 (CEST);Sun Jun 30 2019 17:12:46 GMT+0200 (CEST);1561914766000;0.5;135.97
1380556833984591;42.6;32.6;Sun Jun 30 2019 19:14:43 GMT+0200 (CEST);Sun Jun 30 2019 17:14:43 GMT+0200 (CEST);1561914883000;0.5;130.58
1380556833984591;42.6;32.5;Sun Jun 30 2019 19:16:42 GMT+0200 (CEST);Sun Jun 30 2019 17:16:42 GMT+0200 (CEST);1561915002000;0.5;125.75
1380556833984591;42.6;32.5;Sun Jun 30 2019 19:18:41 GMT+0200 (CEST);Sun Jun 30 2019 17:18:41 GMT+0200 (CEST);1561915121000;0.4;119.02
1380556833984591;41.1;32.5;Sun Jun 30 2019 19:20:37 GMT+0200 (CEST);Sun Jun 30 2019 17:20:37 GMT+0200 (CEST);1561915237000;0.4;113.61
1380556833984591;41.1;32.4;Sun Jun 30 2019 19:22:34 GMT+0200 (CEST);Sun Jun 30 2019 17:22:34 GMT+0200 (CEST);1561915354000;0.4;108.36
1380556833984591;40.6;32.3;Sun Jun 30 2019 19:24:31 GMT+0200 (CEST);Sun Jun 30 2019 17:24:31 GMT+0200 (CEST);1561915471000;0.4;104.05
1380556833984591;40.6;32.3;Sun Jun 30 2019 19:26:28 GMT+0200 (CEST);Sun Jun 30 2019 17:26:28 GMT+0200 (CEST);1561915588000;0.3;100.89
1380556833984591;40.6;32.1;Sun Jun 30 2019 19:28:25 GMT+0200 (CEST);Sun Jun 30 2019 17:28:25 GMT+0200 (CEST);1561915705000;0.3;97.45
1380556833984591;40.6;32;Sun Jun 30 2019 19:30:27 GMT+0200 (CEST);Sun Jun 30 2019 17:30:27 GMT+0200 (CEST);1561915827000;0.3;93.17
1380556833984591;40.6;32;Sun Jun 30 2019 19:32:24 GMT+0200 (CEST);Sun Jun 30 2019 17:32:24 GMT+0200 (CEST);1561915944000;0.3;89.34
1380556833984591;40.6;31.9;Sun Jun 30 2019 19:34:21 GMT+0200 (CEST);Sun Jun 30 2019 17:34:21 GMT+0200 (CEST);1561916061000;0.3;84.74
1380556833984591;40.6;31.8;Sun Jun 30 2019 19:36:23 GMT+0200 (CEST);Sun Jun 30 2019 17:36:23 GMT+0200 (CEST);1561916183000;0.3;80.56
1380556833984591;40.6;31.8;Sun Jun 30 2019 19:38:22 GMT+0200 (CEST);Sun Jun 30 2019 17:38:22 GMT+0200 (CEST);1561916302000;0.2;76
1380556833984591;39.1;31.9;Sun Jun 30 2019 19:40:19 GMT+0200 (CEST);Sun Jun 30 2019 17:40:19 GMT+0200 (CEST);1561916419000;0.2;71.41
1380556833984591;39.1;31.7;Sun Jun 30 2019 19:42:16 GMT+0200 (CEST);Sun Jun 30 2019 17:42:16 GMT+0200 (CEST);1561916536000;0.2;66.85
1380556833984591;39.1;31.5;Sun Jun 30 2019 19:44:13 GMT+0200 (CEST);Sun Jun 30 2019 17:44:13 GMT+0200 (CEST);1561916653000;0.2;62.4
1380556833984591;39.1;31.3;Sun Jun 30 2019 19:46:11 GMT+0200 (CEST);Sun Jun 30 2019 17:46:11 GMT+0200 (CEST);1561916771000;0.2;57.27
1380556833984591;39.1;31;Sun Jun 30 2019 19:48:08 GMT+0200 (CEST);Sun Jun 30 2019 17:48:08 GMT+0200 (CEST);1561916888000;0.2;53.57
1380556833984591;38.6;30.8;Sun Jun 30 2019 19:50:04 GMT+0200 (CEST);Sun Jun 30 2019 17:50:04 GMT+0200 (CEST);1561917004000;0.2;50.81
1380556833984591;38.6;30.6;Sun Jun 30 2019 19:52:01 GMT+0200 (CEST);Sun Jun 30 2019 17:52:01 GMT+0200 (CEST);1561917121000;0.2;49.31
1380556833984591;38.6;30.6;Sun Jun 30 2019 19:53:59 GMT+0200 (CEST);Sun Jun 30 2019 17:53:59 GMT+0200 (CEST);1561917239000;0.1;47.65
1380556833984591;38.6;30.5;Sun Jun 30 2019 19:55:55 GMT+0200 (CEST);Sun Jun 30 2019 17:55:55 GMT+0200 (CEST);1561917355000;0.1;47.39
1380556833984591;38.6;30.2;Sun Jun 30 2019 19:57:54 GMT+0200 (CEST);Sun Jun 30 2019 17:57:54 GMT+0200 (CEST);1561917474000;0.1;46.22
1380556833984591;38.6;29.9;Sun Jun 30 2019 19:59:50 GMT+0200 (CEST);Sun Jun 30 2019 17:59:50 GMT+0200 (CEST);1561917590000;0.1;44.95
1380556833984591;38.6;30;Sun Jun 30 2019 20:01:47 GMT+0200 (CEST);Sun Jun 30 2019 18:01:47 GMT+0200 (CEST);1561917707000;0.1;44.16
1380556833984591;37.1;29.9;Sun Jun 30 2019 20:03:44 GMT+0200 (CEST);Sun Jun 30 2019 18:03:44 GMT+0200 (CEST);1561917824000;0.1;42.68
1380556833984591;37.1;29.8;Sun Jun 30 2019 20:06:25 GMT+0200 (CEST);Sun Jun 30 2019 18:06:25 GMT+0200 (CEST);1561917985000;0.1;41.17
1380556833984591;37.1;30;Sun Jun 30 2019 20:08:21 GMT+0200 (CEST);Sun Jun 30 2019 18:08:21 GMT+0200 (CEST);1561918101000;0.1;39.79
1380556833984591;37.1;30.1;Sun Jun 30 2019 20:10:18 GMT+0200 (CEST);Sun Jun 30 2019 18:10:18 GMT+0200 (CEST);1561918218000;0.1;38.1
1380556833984591;36.6;30.1;Sun Jun 30 2019 20:12:15 GMT+0200 (CEST);Sun Jun 30 2019 18:12:15 GMT+0200 (CEST);1561918335000;0.1;37.24
1380556833984591;36.6;30.1;Sun Jun 30 2019 20:14:13 GMT+0200 (CEST);Sun Jun 30 2019 18:14:13 GMT+0200 (CEST);1561918453000;0.1;35.84
1380556833984591;36.6;30.1;Sun Jun 30 2019 20:16:10 GMT+0200 (CEST);Sun Jun 30 2019 18:16:10 GMT+0200 (CEST);1561918570000;0.1;33.12
1380556833984591;36.6;29.8;Sun Jun 30 2019 20:18:07 GMT+0200 (CEST);Sun Jun 30 2019 18:18:07 GMT+0200 (CEST);1561918687000;0.1;28.15
1380556833984591;36.6;29.8;Sun Jun 30 2019 20:20:03 GMT+0200 (CEST);Sun Jun 30 2019 18:20:03 GMT+0200 (CEST);1561918803000;0.1;28.12
1380556833984591;36.6;29.8;Sun Jun 30 2019 20:22:18 GMT+0200 (CEST);Sun Jun 30 2019 18:22:18 GMT+0200 (CEST);1561918938000;0.1;27.49
1380556833984591;36.6;29.6;Sun Jun 30 2019 20:24:19 GMT+0200 (CEST);Sun Jun 30 2019 18:24:19 GMT+0200 (CEST);1561919059000;0.1;27.27
1380556833984591;36.6;29.4;Sun Jun 30 2019 20:26:24 GMT+0200 (CEST);Sun Jun 30 2019 18:26:24 GMT+0200 (CEST);1561919184000;0.1;26.22
1380556833984591;36.6;29.3;Sun Jun 30 2019 20:28:21 GMT+0200 (CEST);Sun Jun 30 2019 18:28:21 GMT+0200 (CEST);1561919301000;0.1;25.46
1380556833984591;36.6;29.3;Sun Jun 30 2019 20:30:18 GMT+0200 (CEST);Sun Jun 30 2019 18:30:18 GMT+0200 (CEST);1561919418000;0.1;24.65
1380556833984591;35.1;29.2;Sun Jun 30 2019 20:32:15 GMT+0200 (CEST);Sun Jun 30 2019 18:32:15 GMT+0200 (CEST);1561919535000;0.1;24.02
1380556833984591;35.1;28.9;Sun Jun 30 2019 20:34:15 GMT+0200 (CEST);Sun Jun 30 2019 18:34:15 GMT+0200 (CEST);1561919655000;0.1;23
1380556833984591;34.6;28.7;Sun Jun 30 2019 20:36:12 GMT+0200 (CEST);Sun Jun 30 2019 18:36:12 GMT+0200 (CEST);1561919772000;0;22.33
1380556833984591;34.6;28.7;Sun Jun 30 2019 20:38:09 GMT+0200 (CEST);Sun Jun 30 2019 18:38:09 GMT+0200 (CEST);1561919889000;0;21.04
1380556833984591;34.6;28.3;Sun Jun 30 2019 20:40:05 GMT+0200 (CEST);Sun Jun 30 2019 18:40:05 GMT+0200 (CEST);1561920005000;0;19.92
1380556833984591;34.6;28.2;Sun Jun 30 2019 20:42:02 GMT+0200 (CEST);Sun Jun 30 2019 18:42:02 GMT+0200 (CEST);1561920122000;0;19.03
1380556833984591;34.6;27.5;Sun Jun 30 2019 20:44:02 GMT+0200 (CEST);Sun Jun 30 2019 18:44:02 GMT+0200 (CEST);1561920242000;0;17.77
1380556833984591;34.6;27.9;Sun Jun 30 2019 20:45:58 GMT+0200 (CEST);Sun Jun 30 2019 18:45:58 GMT+0200 (CEST);1561920358000;0;17.08
1380556833984591;34.6;28.2;Sun Jun 30 2019 20:47:55 GMT+0200 (CEST);Sun Jun 30 2019 18:47:55 GMT+0200 (CEST);1561920475000;0;15.34
1380556833984591;34.6;28.1;Sun Jun 30 2019 20:49:58 GMT+0200 (CEST);Sun Jun 30 2019 18:49:58 GMT+0200 (CEST);1561920598000;0;14.95
1380556833984591;34.6;27.4;Sun Jun 30 2019 20:51:55 GMT+0200 (CEST);Sun Jun 30 2019 18:51:55 GMT+0200 (CEST);1561920715000;0;13.9
1380556833984591;34.6;27.4;Sun Jun 30 2019 20:53:52 GMT+0200 (CEST);Sun Jun 30 2019 18:53:52 GMT+0200 (CEST);1561920832000;0;12.88
1380556833984591;32.1;27.4;Sun Jun 30 2019 20:55:50 GMT+0200 (CEST);Sun Jun 30 2019 18:55:50 GMT+0200 (CEST);1561920950000;0;11.85
1380556833984591;32.1;26.5;Sun Jun 30 2019 20:57:48 GMT+0200 (CEST);Sun Jun 30 2019 18:57:48 GMT+0200 (CEST);1561921068000;0;10.86
1380556833984591;32.1;26.3;Sun Jun 30 2019 20:59:47 GMT+0200 (CEST);Sun Jun 30 2019 18:59:47 GMT+0200 (CEST);1561921187000;0;9.91
1380556833984591;32.1;28;Sun Jun 30 2019 21:01:47 GMT+0200 (CEST);Sun Jun 30 2019 19:01:47 GMT+0200 (CEST);1561921307000;0;8.69
1380556833984591;32.1;28;Sun Jun 30 2019 21:03:45 GMT+0200 (CEST);Sun Jun 30 2019 19:03:45 GMT+0200 (CEST);1561921425000;0;7.79
1380556833984591;32.1;28.3;Sun Jun 30 2019 21:05:41 GMT+0200 (CEST);Sun Jun 30 2019 19:05:41 GMT+0200 (CEST);1561921541000;0;6.6
1380556833984591;32.1;29.9;Sun Jun 30 2019 21:07:41 GMT+0200 (CEST);Sun Jun 30 2019 19:07:41 GMT+0200 (CEST);1561921661000;0;5.81
1380556833984591;32.1;30.1;Sun Jun 30 2019 21:09:38 GMT+0200 (CEST);Sun Jun 30 2019 19:09:38 GMT+0200 (CEST);1561921778000;0;5.17
1380556833984591;32.1;30.4;Sun Jun 30 2019 21:11:35 GMT+0200 (CEST);Sun Jun 30 2019 19:11:35 GMT+0200 (CEST);1561921895000;0;4.08
1380556833984591;32.1;26.7;Sun Jun 30 2019 21:13:32 GMT+0200 (CEST);Sun Jun 30 2019 19:13:32 GMT+0200 (CEST);1561922012000;0;3.06
1380556833984591;32.1;27.5;Sun Jun 30 2019 21:15:29 GMT+0200 (CEST);Sun Jun 30 2019 19:15:29 GMT+0200 (CEST);1561922129000;0;2.15
1380556833984591;32.1;29.8;Sun Jun 30 2019 21:17:28 GMT+0200 (CEST);Sun Jun 30 2019 19:17:28 GMT+0200 (CEST);1561922248000;0;1.54
1380556833984591;32.1;28.9;Sun Jun 30 2019 21:19:27 GMT+0200 (CEST);Sun Jun 30 2019 19:19:27 GMT+0200 (CEST);1561922367000;0;0.46
1380556833984591;32.1;27.9;Sun Jun 30 2019 21:21:24 GMT+0200 (CEST);Sun Jun 30 2019 19:21:24 GMT+0200 (CEST);1561922484000;0;0.36
1380556833984591;32.1;27.5;Sun Jun 30 2019 21:23:38 GMT+0200 (CEST);Sun Jun 30 2019 19:23:38 GMT+0200 (CEST);1561922618000;0;0.03
1380556833984591;32.1;27.5;Sun Jun 30 2019 21:25:35 GMT+0200 (CEST);Sun Jun 30 2019 19:25:35 GMT+0200 (CEST);1561922735000;0;-0.01
1380556833984591;32.1;27.5;Sun Jun 30 2019 21:27:32 GMT+0200 (CEST);Sun Jun 30 2019 19:27:32 GMT+0200 (CEST);1561922852000;0;-0.01
1380556833984591;-273.2;25.4;Mon Jul 01 2019 05:06:40 GMT+0200 (CEST);Mon Jul 01 2019 03:06:40 GMT+0200 (CEST);1561950400000;0;1.92
1380556833984591;-273.2;25.4;Mon Jul 01 2019 05:08:37 GMT+0200 (CEST);Mon Jul 01 2019 03:08:37 GMT+0200 (CEST);1561950517000;0;1.66
1380556833984591;-273.2;25.4;Mon Jul 01 2019 05:10:34 GMT+0200 (CEST);Mon Jul 01 2019 03:10:34 GMT+0200 (CEST);1561950634000;0;1.81
1380556833984591;-273.2;33.7;Mon Jul 01 2019 05:34:02 GMT+0200 (CEST);Mon Jul 01 2019 03:34:02 GMT+0200 (CEST);1561952042000;0;11.57
1380556833984591;22.5;27.7;Mon Jul 01 2019 05:35:59 GMT+0200 (CEST);Mon Jul 01 2019 03:35:59 GMT+0200 (CEST);1561952159000;0;13.38
1380556833984591;22.5;26.2;Mon Jul 01 2019 05:37:56 GMT+0200 (CEST);Mon Jul 01 2019 03:37:56 GMT+0200 (CEST);1561952276000;0;14.33
1380556833984591;22.5;24.4;Mon Jul 01 2019 05:39:53 GMT+0200 (CEST);Mon Jul 01 2019 03:39:53 GMT+0200 (CEST);1561952393000;0;16.13
1380556833984591;22.5;22.1;Mon Jul 01 2019 05:41:52 GMT+0200 (CEST);Mon Jul 01 2019 03:41:52 GMT+0200 (CEST);1561952512000;0;17.17
1380556833984591;21;21.3;Mon Jul 01 2019 05:43:49 GMT+0200 (CEST);Mon Jul 01 2019 03:43:49 GMT+0200 (CEST);1561952629000;0;18.26
1380556833984591;21;21.1;Mon Jul 01 2019 05:45:47 GMT+0200 (CEST);Mon Jul 01 2019 03:45:47 GMT+0200 (CEST);1561952747000;0;18.94
1380556833984591;21;21;Mon Jul 01 2019 05:47:46 GMT+0200 (CEST);Mon Jul 01 2019 03:47:46 GMT+0200 (CEST);1561952866000;0;19.78
1380556833984591;20.5;20.9;Mon Jul 01 2019 05:49:43 GMT+0200 (CEST);Mon Jul 01 2019 03:49:43 GMT+0200 (CEST);1561952983000;0;20.16
1380556833984591;20.5;20.9;Mon Jul 01 2019 05:51:40 GMT+0200 (CEST);Mon Jul 01 2019 03:51:40 GMT+0200 (CEST);1561953100000;0;21.62
1380556833984591;20.5;20.8;Mon Jul 01 2019 05:53:37 GMT+0200 (CEST);Mon Jul 01 2019 03:53:37 GMT+0200 (CEST);1561953217000;0;23.15
1380556833984591;20.5;21.1;Mon Jul 01 2019 05:55:33 GMT+0200 (CEST);Mon Jul 01 2019 03:55:33 GMT+0200 (CEST);1561953333000;0.1;24.62
1380556833984591;20.5;21.1;Mon Jul 01 2019 05:57:30 GMT+0200 (CEST);Mon Jul 01 2019 03:57:30 GMT+0200 (CEST);1561953450000;0.1;26.32
1380556833984591;21;27.7;Mon Jul 01 2019 05:59:27 GMT+0200 (CEST);Mon Jul 01 2019 03:59:27 GMT+0200 (CEST);1561953567000;0.1;29.25
1380556833984591;21;29.9;Mon Jul 01 2019 06:01:24 GMT+0200 (CEST);Mon Jul 01 2019 04:01:24 GMT+0200 (CEST);1561953684000;0.1;31.56
1380556833984591;24.5;29.8;Mon Jul 01 2019 06:03:34 GMT+0200 (CEST);Mon Jul 01 2019 04:03:34 GMT+0200 (CEST);1561953814000;0.1;33.37
1380556833984591;24.5;30.1;Mon Jul 01 2019 06:05:31 GMT+0200 (CEST);Mon Jul 01 2019 04:05:31 GMT+0200 (CEST);1561953931000;0.1;35.92
1380556833984591;24.5;30.5;Mon Jul 01 2019 06:07:28 GMT+0200 (CEST);Mon Jul 01 2019 04:07:28 GMT+0200 (CEST);1561954048000;0.1;37.08
1380556833984591;25;30.3;Mon Jul 01 2019 06:09:25 GMT+0200 (CEST);Mon Jul 01 2019 04:09:25 GMT+0200 (CEST);1561954165000;0.1;37.74
1380556833984591;25;30.4;Mon Jul 01 2019 06:11:23 GMT+0200 (CEST);Mon Jul 01 2019 04:11:23 GMT+0200 (CEST);1561954283000;0.1;37.82
1380556833984591;25;30.8;Mon Jul 01 2019 06:13:20 GMT+0200 (CEST);Mon Jul 01 2019 04:13:20 GMT+0200 (CEST);1561954400000;0.1;37.39
1380556833984591;25;30.6;Mon Jul 01 2019 06:15:17 GMT+0200 (CEST);Mon Jul 01 2019 04:15:17 GMT+0200 (CEST);1561954517000;0.1;38.52
1380556833984591;25;30.6;Mon Jul 01 2019 06:17:14 GMT+0200 (CEST);Mon Jul 01 2019 04:17:14 GMT+0200 (CEST);1561954634000;0.1;40.2
1380556833984591;26.5;30.5;Mon Jul 01 2019 06:19:11 GMT+0200 (CEST);Mon Jul 01 2019 04:19:11 GMT+0200 (CEST);1561954751000;0.1;40.81
1380556833984591;26.5;30.8;Mon Jul 01 2019 06:21:07 GMT+0200 (CEST);Mon Jul 01 2019 04:21:07 GMT+0200 (CEST);1561954867000;0.1;40.92
1380556833984591;26.5;30.4;Mon Jul 01 2019 06:23:04 GMT+0200 (CEST);Mon Jul 01 2019 04:23:04 GMT+0200 (CEST);1561954984000;0.1;41.48
1380556833984591;26.5;30.6;Mon Jul 01 2019 06:25:01 GMT+0200 (CEST);Mon Jul 01 2019 04:25:01 GMT+0200 (CEST);1561955101000;0.1;43.64
1380556833984591;26.5;30.5;Mon Jul 01 2019 06:26:58 GMT+0200 (CEST);Mon Jul 01 2019 04:26:58 GMT+0200 (CEST);1561955218000;0.2;46.69
1380556833984591;26.5;30.8;Mon Jul 01 2019 06:28:54 GMT+0200 (CEST);Mon Jul 01 2019 04:28:54 GMT+0200 (CEST);1561955334000;0.2;48.91
1380556833984591;26.5;30.8;Mon Jul 01 2019 06:30:52 GMT+0200 (CEST);Mon Jul 01 2019 04:30:52 GMT+0200 (CEST);1561955452000;0.2;51.36
1380556833984591;26.5;30.7;Mon Jul 01 2019 06:32:49 GMT+0200 (CEST);Mon Jul 01 2019 04:32:49 GMT+0200 (CEST);1561955569000;0.2;54.75
1380556833984591;26.5;30.9;Mon Jul 01 2019 06:34:46 GMT+0200 (CEST);Mon Jul 01 2019 04:34:46 GMT+0200 (CEST);1561955686000;0.2;59.32
1380556833984591;26.5;30.8;Mon Jul 01 2019 06:36:43 GMT+0200 (CEST);Mon Jul 01 2019 04:36:43 GMT+0200 (CEST);1561955803000;0.3;64.4
1380556833984591;26.5;30.4;Mon Jul 01 2019 06:38:52 GMT+0200 (CEST);Mon Jul 01 2019 04:38:52 GMT+0200 (CEST);1561955932000;0.3;70.69
1380556833984591;26.5;31.4;Mon Jul 01 2019 06:40:54 GMT+0200 (CEST);Mon Jul 01 2019 04:40:54 GMT+0200 (CEST);1561956054000;0.4;75.78
1380556833984591;26.5;30.6;Mon Jul 01 2019 06:42:51 GMT+0200 (CEST);Mon Jul 01 2019 04:42:51 GMT+0200 (CEST);1561956171000;0.4;79.64
1380556833984591;26.5;30.6;Mon Jul 01 2019 06:44:55 GMT+0200 (CEST);Mon Jul 01 2019 04:44:55 GMT+0200 (CEST);1561956295000;0.4;86.75
1380556833984591;27;31.3;Mon Jul 01 2019 06:46:54 GMT+0200 (CEST);Mon Jul 01 2019 04:46:54 GMT+0200 (CEST);1561956414000;0.5;92.45
1380556833984591;27;31.3;Mon Jul 01 2019 06:48:50 GMT+0200 (CEST);Mon Jul 01 2019 04:48:50 GMT+0200 (CEST);1561956530000;0.5;96.24
1380556833984591;27;31.1;Mon Jul 01 2019 06:50:47 GMT+0200 (CEST);Mon Jul 01 2019 04:50:47 GMT+0200 (CEST);1561956647000;0.5;98.34
1380556833984591;27;31;Mon Jul 01 2019 06:52:52 GMT+0200 (CEST);Mon Jul 01 2019 04:52:52 GMT+0200 (CEST);1561956772000;0.6;103.41
1380556833984591;27;31;Mon Jul 01 2019 06:54:49 GMT+0200 (CEST);Mon Jul 01 2019 04:54:49 GMT+0200 (CEST);1561956889000;0.6;106.44
1380556833984591;28.5;30.9;Mon Jul 01 2019 06:56:46 GMT+0200 (CEST);Mon Jul 01 2019 04:56:46 GMT+0200 (CEST);1561957006000;0.6;108.62
1380556833984591;28.5;31.3;Mon Jul 01 2019 06:58:43 GMT+0200 (CEST);Mon Jul 01 2019 04:58:43 GMT+0200 (CEST);1561957123000;0.6;109.41
1380556833984591;28.5;31.2;Mon Jul 01 2019 07:00:40 GMT+0200 (CEST);Mon Jul 01 2019 05:00:40 GMT+0200 (CEST);1561957240000;0.7;108
1380556833984591;29;30.9;Mon Jul 01 2019 07:02:37 GMT+0200 (CEST);Mon Jul 01 2019 05:02:37 GMT+0200 (CEST);1561957357000;0.7;111.08
1380556833984591;29;31.2;Mon Jul 01 2019 07:04:33 GMT+0200 (CEST);Mon Jul 01 2019 05:04:33 GMT+0200 (CEST);1561957473000;0.7;109.08
1380556833984591;29;30.5;Mon Jul 01 2019 07:06:30 GMT+0200 (CEST);Mon Jul 01 2019 05:06:30 GMT+0200 (CEST);1561957590000;0.7;109.08
1380556833984591;29;31;Mon Jul 01 2019 07:08:33 GMT+0200 (CEST);Mon Jul 01 2019 05:08:33 GMT+0200 (CEST);1561957713000;0.7;126.71
1380556833984591;29;31.2;Mon Jul 01 2019 07:10:30 GMT+0200 (CEST);Mon Jul 01 2019 05:10:30 GMT+0200 (CEST);1561957830000;0.5;104.19
1380556833984591;29;31.6;Mon Jul 01 2019 07:12:27 GMT+0200 (CEST);Mon Jul 01 2019 05:12:27 GMT+0200 (CEST);1561957947000;0.5;102.76
1380556833984591;29;31.4;Mon Jul 01 2019 07:14:25 GMT+0200 (CEST);Mon Jul 01 2019 05:14:25 GMT+0200 (CEST);1561958065000;0.4;101.17
1380556833984591;30.5;31.7;Mon Jul 01 2019 07:16:26 GMT+0200 (CEST);Mon Jul 01 2019 05:16:26 GMT+0200 (CEST);1561958186000;0.4;100.09
1380556833984591;30.5;31.3;Mon Jul 01 2019 07:18:23 GMT+0200 (CEST);Mon Jul 01 2019 05:18:23 GMT+0200 (CEST);1561958303000;0.4;101.13
1380556833984591;30.5;31.6;Mon Jul 01 2019 07:20:20 GMT+0200 (CEST);Mon Jul 01 2019 05:20:20 GMT+0200 (CEST);1561958420000;0.5;102.44
1380556833984591;30.5;31.5;Mon Jul 01 2019 07:22:16 GMT+0200 (CEST);Mon Jul 01 2019 05:22:16 GMT+0200 (CEST);1561958536000;0.4;103.82
1380556833984591;30.5;31.7;Mon Jul 01 2019 07:24:16 GMT+0200 (CEST);Mon Jul 01 2019 05:24:16 GMT+0200 (CEST);1561958656000;0.5;105.51
1380556833984591;30.5;31.9;Mon Jul 01 2019 07:26:14 GMT+0200 (CEST);Mon Jul 01 2019 05:26:14 GMT+0200 (CEST);1561958774000;0.5;108.36
1380556833984591;30.5;31.6;Mon Jul 01 2019 07:28:25 GMT+0200 (CEST);Mon Jul 01 2019 05:28:25 GMT+0200 (CEST);1561958905000;0.5;114.01
1380556833984591;30.5;31.9;Mon Jul 01 2019 07:30:22 GMT+0200 (CEST);Mon Jul 01 2019 05:30:22 GMT+0200 (CEST);1561959022000;0.5;121.52
1380556833984591;30.5;32;Mon Jul 01 2019 07:32:20 GMT+0200 (CEST);Mon Jul 01 2019 05:32:20 GMT+0200 (CEST);1561959140000;0.6;129.89
1380556833984591;30.5;31.9;Mon Jul 01 2019 07:34:16 GMT+0200 (CEST);Mon Jul 01 2019 05:34:16 GMT+0200 (CEST);1561959256000;0.7;156.66
1380556833984591;30.5;32.1;Mon Jul 01 2019 07:36:20 GMT+0200 (CEST);Mon Jul 01 2019 05:36:20 GMT+0200 (CEST);1561959380000;0.8;174.88
1380556833984591;30.5;32.4;Mon Jul 01 2019 07:38:17 GMT+0200 (CEST);Mon Jul 01 2019 05:38:17 GMT+0200 (CEST);1561959497000;0.7;150.37
1380556833984591;30.5;32.2;Mon Jul 01 2019 07:40:15 GMT+0200 (CEST);Mon Jul 01 2019 05:40:15 GMT+0200 (CEST);1561959615000;0.7;151.09
1380556833984591;30.5;32.4;Mon Jul 01 2019 07:42:12 GMT+0200 (CEST);Mon Jul 01 2019 05:42:12 GMT+0200 (CEST);1561959732000;0.9;183.87
1380556833984591;31.1;32.1;Mon Jul 01 2019 07:44:09 GMT+0200 (CEST);Mon Jul 01 2019 05:44:09 GMT+0200 (CEST);1561959849000;1;211.18
1380556833984591;31.1;32.2;Mon Jul 01 2019 07:46:15 GMT+0200 (CEST);Mon Jul 01 2019 05:46:15 GMT+0200 (CEST);1561959975000;0.8;183.57
1380556833984591;31.1;31.9;Mon Jul 01 2019 07:48:14 GMT+0200 (CEST);Mon Jul 01 2019 05:48:14 GMT+0200 (CEST);1561960094000;0.5;121.68
1380556833984591;31.1;31.3;Mon Jul 01 2019 07:50:13 GMT+0200 (CEST);Mon Jul 01 2019 05:50:13 GMT+0200 (CEST);1561960213000;0.5;107.16
1380556833984591;31.1;31.3;Mon Jul 01 2019 07:52:10 GMT+0200 (CEST);Mon Jul 01 2019 05:52:10 GMT+0200 (CEST);1561960330000;0.5;104.51
1380556833984591;31.1;31.6;Mon Jul 01 2019 07:54:07 GMT+0200 (CEST);Mon Jul 01 2019 05:54:07 GMT+0200 (CEST);1561960447000;0.5;114.61
1380556833984591;31.1;31.6;Mon Jul 01 2019 07:56:06 GMT+0200 (CEST);Mon Jul 01 2019 05:56:06 GMT+0200 (CEST);1561960566000;0.6;125.57
1380556833984591;31.1;32;Mon Jul 01 2019 07:58:02 GMT+0200 (CEST);Mon Jul 01 2019 05:58:02 GMT+0200 (CEST);1561960682000;0.6;131.49
1380556833984591;31.1;31.9;Mon Jul 01 2019 07:59:59 GMT+0200 (CEST);Mon Jul 01 2019 05:59:59 GMT+0200 (CEST);1561960799000;0.6;143.97
1380556833984591;31.1;31.9;Mon Jul 01 2019 08:01:56 GMT+0200 (CEST);Mon Jul 01 2019 06:01:56 GMT+0200 (CEST);1561960916000;0.6;143.44
1380556833984591;31.1;32;Mon Jul 01 2019 08:03:53 GMT+0200 (CEST);Mon Jul 01 2019 06:03:53 GMT+0200 (CEST);1561961033000;0.7;154.01
1380556833984591;32.1;32.4;Mon Jul 01 2019 08:05:50 GMT+0200 (CEST);Mon Jul 01 2019 06:05:50 GMT+0200 (CEST);1561961150000;0.8;191.98
1380556833984591;32.1;32.3;Mon Jul 01 2019 08:07:57 GMT+0200 (CEST);Mon Jul 01 2019 06:07:57 GMT+0200 (CEST);1561961277000;0.8;169.26
1380556833984591;32.1;31.8;Mon Jul 01 2019 08:09:54 GMT+0200 (CEST);Mon Jul 01 2019 06:09:54 GMT+0200 (CEST);1561961394000;0.9;202.54
1380556833984591;32.1;32.2;Mon Jul 01 2019 08:11:51 GMT+0200 (CEST);Mon Jul 01 2019 06:11:51 GMT+0200 (CEST);1561961511000;1.1;231.61
1380556833984591;32.1;32.1;Mon Jul 01 2019 08:13:50 GMT+0200 (CEST);Mon Jul 01 2019 06:13:50 GMT+0200 (CEST);1561961630000;1;207.97
1380556833984591;32.1;32;Mon Jul 01 2019 08:15:46 GMT+0200 (CEST);Mon Jul 01 2019 06:15:46 GMT+0200 (CEST);1561961746000;0.9;196.84
1380556833984591;32.1;31.9;Mon Jul 01 2019 08:17:43 GMT+0200 (CEST);Mon Jul 01 2019 06:17:43 GMT+0200 (CEST);1561961863000;0.7;155.33
1380556833984591;32.1;31.9;Mon Jul 01 2019 08:19:42 GMT+0200 (CEST);Mon Jul 01 2019 06:19:42 GMT+0200 (CEST);1561961982000;0.7;161.73
1380556833984591;32.1;32;Mon Jul 01 2019 08:21:39 GMT+0200 (CEST);Mon Jul 01 2019 06:21:39 GMT+0200 (CEST);1561962099000;0.7;163.57
1380556833984591;32.1;32.1;Mon Jul 01 2019 08:23:36 GMT+0200 (CEST);Mon Jul 01 2019 06:23:36 GMT+0200 (CEST);1561962216000;1;225.48
1380556833984591;32.1;32.5;Mon Jul 01 2019 08:25:33 GMT+0200 (CEST);Mon Jul 01 2019 06:25:33 GMT+0200 (CEST);1561962333000;1;250.88
1380556833984591;32.1;32.7;Mon Jul 01 2019 08:27:30 GMT+0200 (CEST);Mon Jul 01 2019 06:27:30 GMT+0200 (CEST);1561962450000;1.7;355.83
1380556833984591;32.1;33;Mon Jul 01 2019 08:29:28 GMT+0200 (CEST);Mon Jul 01 2019 06:29:28 GMT+0200 (CEST);1561962568000;1.7;363.51
1380556833984591;32.1;33;Mon Jul 01 2019 08:31:24 GMT+0200 (CEST);Mon Jul 01 2019 06:31:24 GMT+0200 (CEST);1561962684000;1.9;399.35
1380556833984591;34.6;32.7;Mon Jul 01 2019 08:33:22 GMT+0200 (CEST);Mon Jul 01 2019 06:33:22 GMT+0200 (CEST);1561962802000;1.4;297.48
1380556833984591;34.6;32.7;Mon Jul 01 2019 08:35:19 GMT+0200 (CEST);Mon Jul 01 2019 06:35:19 GMT+0200 (CEST);1561962919000;2;414.71
1380556833984591;34.6;32.3;Mon Jul 01 2019 08:37:15 GMT+0200 (CEST);Mon Jul 01 2019 06:37:15 GMT+0200 (CEST);1561963035000;2;424.95
1380556833984591;35.1;32.4;Mon Jul 01 2019 08:39:28 GMT+0200 (CEST);Mon Jul 01 2019 06:39:28 GMT+0200 (CEST);1561963168000;2;424.95
1380556833984591;35.1;32.2;Mon Jul 01 2019 08:41:34 GMT+0200 (CEST);Mon Jul 01 2019 06:41:34 GMT+0200 (CEST);1561963294000;2.1;435.19
1380556833984591;36.1;32.2;Mon Jul 01 2019 08:43:31 GMT+0200 (CEST);Mon Jul 01 2019 06:43:31 GMT+0200 (CEST);1561963411000;2.1;432.63
1380556833984591;36.1;32.2;Mon Jul 01 2019 08:45:28 GMT+0200 (CEST);Mon Jul 01 2019 06:45:28 GMT+0200 (CEST);1561963528000;2.1;442.87
1380556833984591;36.1;32.1;Mon Jul 01 2019 08:47:25 GMT+0200 (CEST);Mon Jul 01 2019 06:47:25 GMT+0200 (CEST);1561963645000;2.2;453.11
1380556833984591;37.1;32.1;Mon Jul 01 2019 08:49:42 GMT+0200 (CEST);Mon Jul 01 2019 06:49:42 GMT+0200 (CEST);1561963782000;2.2;463.35
1380556833984591;37.1;32;Mon Jul 01 2019 08:51:39 GMT+0200 (CEST);Mon Jul 01 2019 06:51:39 GMT+0200 (CEST);1561963899000;2;419.83
1380556833984591;38.6;31.9;Mon Jul 01 2019 08:53:41 GMT+0200 (CEST);Mon Jul 01 2019 06:53:41 GMT+0200 (CEST);1561964021000;2.3;468.47
1380556833984591;38.6;31.8;Mon Jul 01 2019 08:55:40 GMT+0200 (CEST);Mon Jul 01 2019 06:55:40 GMT+0200 (CEST);1561964140000;2.3;481.27
1380556833984591;39.1;31.9;Mon Jul 01 2019 08:57:38 GMT+0200 (CEST);Mon Jul 01 2019 06:57:38 GMT+0200 (CEST);1561964258000;2.4;499.19
1380556833984591;39.1;31.9;Mon Jul 01 2019 08:59:35 GMT+0200 (CEST);Mon Jul 01 2019 06:59:35 GMT+0200 (CEST);1561964375000;2.4;504.31
1380556833984591;39.1;31.7;Mon Jul 01 2019 09:01:27 GMT+0200 (CEST);Mon Jul 01 2019 07:01:27 GMT+0200 (CEST);1561964487000;2.4;488.95
1380556833984591;42.6;31.7;Mon Jul 01 2019 10:07:39 GMT+0200 (CEST);Mon Jul 01 2019 08:07:39 GMT+0200 (CEST);1561968459000;1.2;259.26
1380556833984591;42.6;32.1;Mon Jul 01 2019 10:09:40 GMT+0200 (CEST);Mon Jul 01 2019 08:09:40 GMT+0200 (CEST);1561968580000;1.6;335.35
1380556833984591;42.6;32.3;Mon Jul 01 2019 10:11:40 GMT+0200 (CEST);Mon Jul 01 2019 08:11:40 GMT+0200 (CEST);1561968700000;4.2;850.44
1380556833984591;42.6;32.3;Mon Jul 01 2019 10:13:32 GMT+0200 (CEST);Mon Jul 01 2019 08:13:32 GMT+0200 (CEST);1561968812000;1.4;297.29
1380556833984591;42.6;31.5;Mon Jul 01 2019 10:15:26 GMT+0200 (CEST);Mon Jul 01 2019 08:15:26 GMT+0200 (CEST);1561968926000;1.6;366.07
1380556833984591;42.6;31.4;Mon Jul 01 2019 10:17:24 GMT+0200 (CEST);Mon Jul 01 2019 08:17:24 GMT+0200 (CEST);1561969044000;1.2;255.89
1380556833984591;41.1;31.5;Mon Jul 01 2019 10:19:22 GMT+0200 (CEST);Mon Jul 01 2019 08:19:22 GMT+0200 (CEST);1561969162000;1.4;299.4
1380556833984591;41.1;31.9;Mon Jul 01 2019 10:21:22 GMT+0200 (CEST);Mon Jul 01 2019 08:21:22 GMT+0200 (CEST);1561969282000;1.4;301.89
1380556833984591;41.1;31.7;Mon Jul 01 2019 10:23:20 GMT+0200 (CEST);Mon Jul 01 2019 08:23:20 GMT+0200 (CEST);1561969400000;1;221.89
1380556833984591;41.1;31.4;Mon Jul 01 2019 10:25:20 GMT+0200 (CEST);Mon Jul 01 2019 08:25:20 GMT+0200 (CEST);1561969520000;1;198.89
1380556833984591;41.1;31.5;Mon Jul 01 2019 10:27:32 GMT+0200 (CEST);Mon Jul 01 2019 08:27:32 GMT+0200 (CEST);1561969652000;0.8;174.31
1380556833984591;39.1;31.5;Mon Jul 01 2019 10:29:32 GMT+0200 (CEST);Mon Jul 01 2019 08:29:32 GMT+0200 (CEST);1561969772000;0.9;190.66
1380556833984591;39.1;32;Mon Jul 01 2019 10:31:29 GMT+0200 (CEST);Mon Jul 01 2019 08:31:29 GMT+0200 (CEST);1561969889000;1.3;265.84
1380556833984591;39.1;32.2;Mon Jul 01 2019 10:33:26 GMT+0200 (CEST);Mon Jul 01 2019 08:33:26 GMT+0200 (CEST);1561970006000;1.3;317.34
1380556833984591;39.1;31.9;Mon Jul 01 2019 10:35:28 GMT+0200 (CEST);Mon Jul 01 2019 08:35:28 GMT+0200 (CEST);1561970128000;1;215.4
1380556833984591;39.1;32.3;Mon Jul 01 2019 10:37:42 GMT+0200 (CEST);Mon Jul 01 2019 08:37:42 GMT+0200 (CEST);1561970262000;0.9;187.51
1380556833984591;38.6;31.7;Mon Jul 01 2019 10:39:54 GMT+0200 (CEST);Mon Jul 01 2019 08:39:54 GMT+0200 (CEST);1561970394000;0.7;157.53
1380556833984591;38.6;31.7;Mon Jul 01 2019 10:41:51 GMT+0200 (CEST);Mon Jul 01 2019 08:41:51 GMT+0200 (CEST);1561970511000;0.8;172.41
1380556833984591;37.1;32;Mon Jul 01 2019 10:43:48 GMT+0200 (CEST);Mon Jul 01 2019 08:43:48 GMT+0200 (CEST);1561970628000;1.2;271.72
1380556833984591;37.1;33.2;Mon Jul 01 2019 10:45:45 GMT+0200 (CEST);Mon Jul 01 2019 08:45:45 GMT+0200 (CEST);1561970745000;1.4;310.14
1380556833984591;37.1;33;Mon Jul 01 2019 10:47:42 GMT+0200 (CEST);Mon Jul 01 2019 08:47:42 GMT+0200 (CEST);1561970862000;4;833.83
1380556833984591;37.1;32.5;Mon Jul 01 2019 10:49:39 GMT+0200 (CEST);Mon Jul 01 2019 08:49:39 GMT+0200 (CEST);1561970979000;4.3;881.17
1380556833984591;37.1;32;Mon Jul 01 2019 10:51:35 GMT+0200 (CEST);Mon Jul 01 2019 08:51:35 GMT+0200 (CEST);1561971095000;1.9;555.51
1380556833984591;38.6;31.8;Mon Jul 01 2019 10:53:32 GMT+0200 (CEST);Mon Jul 01 2019 08:53:32 GMT+0200 (CEST);1561971212000;4.2;850.42
1380556833984591;38.6;31.8;Mon Jul 01 2019 10:55:29 GMT+0200 (CEST);Mon Jul 01 2019 08:55:29 GMT+0200 (CEST);1561971329000;1.5;358.39
1380556833984591;38.6;31.9;Mon Jul 01 2019 10:57:26 GMT+0200 (CEST);Mon Jul 01 2019 08:57:26 GMT+0200 (CEST);1561971446000;4;833.87
1380556833984591;41.1;31.7;Mon Jul 01 2019 10:59:23 GMT+0200 (CEST);Mon Jul 01 2019 08:59:23 GMT+0200 (CEST);1561971563000;4.1;838.01
1380556833984591;41.1;31.4;Mon Jul 01 2019 11:01:36 GMT+0200 (CEST);Mon Jul 01 2019 09:01:36 GMT+0200 (CEST);1561971696000;4.2;854.29
1380556833984591;42.6;31.3;Mon Jul 01 2019 11:03:33 GMT+0200 (CEST);Mon Jul 01 2019 09:03:33 GMT+0200 (CEST);1561971813000;4.1;839.15
1380556833984591;42.6;31.2;Mon Jul 01 2019 11:05:36 GMT+0200 (CEST);Mon Jul 01 2019 09:05:36 GMT+0200 (CEST);1561971936000;4.1;832.25
1380556833984591;42.6;31.1;Mon Jul 01 2019 11:07:33 GMT+0200 (CEST);Mon Jul 01 2019 09:07:33 GMT+0200 (CEST);1561972053000;4.1;837.43
1380556833984591;44.7;31.1;Mon Jul 01 2019 11:09:30 GMT+0200 (CEST);Mon Jul 01 2019 09:09:30 GMT+0200 (CEST);1561972170000;4.2;856.49
1380556833984591;44.7;30.9;Mon Jul 01 2019 11:11:27 GMT+0200 (CEST);Mon Jul 01 2019 09:11:27 GMT+0200 (CEST);1561972287000;4.3;873.06
1380556833984591;46.7;30.8;Mon Jul 01 2019 11:13:23 GMT+0200 (CEST);Mon Jul 01 2019 09:13:23 GMT+0200 (CEST);1561972403000;4.4;889.52
1380556833984591;46.7;30.9;Mon Jul 01 2019 11:15:20 GMT+0200 (CEST);Mon Jul 01 2019 09:15:20 GMT+0200 (CEST);1561972520000;4.4;907.18
1380556833984591;46.7;30.9;Mon Jul 01 2019 11:17:17 GMT+0200 (CEST);Mon Jul 01 2019 09:17:17 GMT+0200 (CEST);1561972637000;4.5;909.9
1380556833984591;48.7;30.9;Mon Jul 01 2019 11:19:19 GMT+0200 (CEST);Mon Jul 01 2019 09:19:19 GMT+0200 (CEST);1561972759000;4.6;928.65
1380556833984591;48.7;30.6;Mon Jul 01 2019 11:21:15 GMT+0200 (CEST);Mon Jul 01 2019 09:21:15 GMT+0200 (CEST);1561972875000;4.4;900.53
1380556833984591;48.7;30.4;Mon Jul 01 2019 11:23:24 GMT+0200 (CEST);Mon Jul 01 2019 09:23:24 GMT+0200 (CEST);1561973004000;4.3;881.53
1380556833984591;48.7;30.5;Mon Jul 01 2019 11:25:21 GMT+0200 (CEST);Mon Jul 01 2019 09:25:21 GMT+0200 (CEST);1561973121000;4.3;869.11
1380556833984591;48.2;30.4;Mon Jul 01 2019 11:27:18 GMT+0200 (CEST);Mon Jul 01 2019 09:27:18 GMT+0200 (CEST);1561973238000;4.4;879.2
1380556833984591;48.2;30.5;Mon Jul 01 2019 11:29:26 GMT+0200 (CEST);Mon Jul 01 2019 09:29:26 GMT+0200 (CEST);1561973366000;4.5;905.36
1380556833984591;48.2;30.3;Mon Jul 01 2019 11:31:23 GMT+0200 (CEST);Mon Jul 01 2019 09:31:23 GMT+0200 (CEST);1561973483000;4.5;903.99
1380556833984591;50.7;30.2;Mon Jul 01 2019 11:33:19 GMT+0200 (CEST);Mon Jul 01 2019 09:33:19 GMT+0200 (CEST);1561973599000;4;829.55
1380556833984591;50.7;30.2;Mon Jul 01 2019 11:35:16 GMT+0200 (CEST);Mon Jul 01 2019 09:35:16 GMT+0200 (CEST);1561973716000;3.9;780.17
1380556833984591;51.2;30.4;Mon Jul 01 2019 11:37:26 GMT+0200 (CEST);Mon Jul 01 2019 09:37:26 GMT+0200 (CEST);1561973846000;3.7;756.87
1380556833984591;51.2;30.5;Mon Jul 01 2019 11:39:23 GMT+0200 (CEST);Mon Jul 01 2019 09:39:23 GMT+0200 (CEST);1561973963000;4.1;821.35
1380556833984591;51.2;30.6;Mon Jul 01 2019 11:41:19 GMT+0200 (CEST);Mon Jul 01 2019 09:41:19 GMT+0200 (CEST);1561974079000;4.2;838.32
1380556833984591;51.2;30.5;Mon Jul 01 2019 11:43:16 GMT+0200 (CEST);Mon Jul 01 2019 09:43:16 GMT+0200 (CEST);1561974196000;3.9;788.2
1380556833984591;51.2;30.6;Mon Jul 01 2019 11:45:16 GMT+0200 (CEST);Mon Jul 01 2019 09:45:16 GMT+0200 (CEST);1561974316000;4.2;840.04
1380556833984591;52.7;30.5;Mon Jul 01 2019 11:47:13 GMT+0200 (CEST);Mon Jul 01 2019 09:47:13 GMT+0200 (CEST);1561974433000;4.3;878.79
1380556833984591;52.7;30.5;Mon Jul 01 2019 11:49:10 GMT+0200 (CEST);Mon Jul 01 2019 09:49:10 GMT+0200 (CEST);1561974550000;4.2;860.02
1380556833984591;52.7;30.6;Mon Jul 01 2019 11:51:07 GMT+0200 (CEST);Mon Jul 01 2019 09:51:07 GMT+0200 (CEST);1561974667000;4.2;867.09
1380556833984591;51.2;30.6;Mon Jul 01 2019 11:53:04 GMT+0200 (CEST);Mon Jul 01 2019 09:53:04 GMT+0200 (CEST);1561974784000;3.5;712.09
1380556833984591;51.2;30.6;Mon Jul 01 2019 11:55:02 GMT+0200 (CEST);Mon Jul 01 2019 09:55:02 GMT+0200 (CEST);1561974902000;3.9;811.06
1380556833984591;51.2;30.8;Mon Jul 01 2019 11:57:00 GMT+0200 (CEST);Mon Jul 01 2019 09:57:00 GMT+0200 (CEST);1561975020000;4.6;929.94
1380556833984591;51.2;30.5;Mon Jul 01 2019 11:59:01 GMT+0200 (CEST);Mon Jul 01 2019 09:59:01 GMT+0200 (CEST);1561975141000;4.8;966.16
1380556833984591;50.7;30.5;Mon Jul 01 2019 12:00:59 GMT+0200 (CEST);Mon Jul 01 2019 10:00:59 GMT+0200 (CEST);1561975259000;4.8;962.72
1380556833984591;50.7;30.4;Mon Jul 01 2019 12:02:56 GMT+0200 (CEST);Mon Jul 01 2019 10:02:56 GMT+0200 (CEST);1561975376000;4.1;871.74
1380556833984591;50.7;30.3;Mon Jul 01 2019 12:04:53 GMT+0200 (CEST);Mon Jul 01 2019 10:04:53 GMT+0200 (CEST);1561975493000;4.6;925.77
1380556833984591;51.2;30.2;Mon Jul 01 2019 12:07:11 GMT+0200 (CEST);Mon Jul 01 2019 10:07:11 GMT+0200 (CEST);1561975631000;4.7;947.57
1380556833984591;51.2;30.1;Mon Jul 01 2019 12:09:08 GMT+0200 (CEST);Mon Jul 01 2019 10:09:08 GMT+0200 (CEST);1561975748000;4.8;973.77
1380556833984591;52.7;30;Mon Jul 01 2019 12:11:05 GMT+0200 (CEST);Mon Jul 01 2019 10:11:05 GMT+0200 (CEST);1561975865000;4.8;961.09
1380556833984591;52.7;30;Mon Jul 01 2019 12:13:02 GMT+0200 (CEST);Mon Jul 01 2019 10:13:02 GMT+0200 (CEST);1561975982000;4.9;979.68
1380556833984591;52.7;30.1;Mon Jul 01 2019 12:14:59 GMT+0200 (CEST);Mon Jul 01 2019 10:14:59 GMT+0200 (CEST);1561976099000;4.6;935.81
1380556833984591;52.7;30.1;Mon Jul 01 2019 12:17:02 GMT+0200 (CEST);Mon Jul 01 2019 10:17:02 GMT+0200 (CEST);1561976222000;4.5;905.98
1380556833984591;52.7;30.2;Mon Jul 01 2019 12:18:59 GMT+0200 (CEST);Mon Jul 01 2019 10:18:59 GMT+0200 (CEST);1561976339000;4.9;974.74
1380556833984591;52.7;30.2;Mon Jul 01 2019 12:20:58 GMT+0200 (CEST);Mon Jul 01 2019 10:20:58 GMT+0200 (CEST);1561976458000;4.8;962.95
1380556833984591;52.7;30.2;Mon Jul 01 2019 12:22:58 GMT+0200 (CEST);Mon Jul 01 2019 10:22:58 GMT+0200 (CEST);1561976578000;4.7;971.1
1380556833984591;52.7;30.2;Mon Jul 01 2019 12:24:57 GMT+0200 (CEST);Mon Jul 01 2019 10:24:57 GMT+0200 (CEST);1561976697000;4.7;967.05
1380556833984591;52.7;30.2;Mon Jul 01 2019 12:26:54 GMT+0200 (CEST);Mon Jul 01 2019 10:26:54 GMT+0200 (CEST);1561976814000;4.7;959.99
1380556833984591;52.7;30.1;Mon Jul 01 2019 12:28:50 GMT+0200 (CEST);Mon Jul 01 2019 10:28:50 GMT+0200 (CEST);1561976930000;4.7;957.13
1380556833984591;52.7;30.1;Mon Jul 01 2019 12:30:47 GMT+0200 (CEST);Mon Jul 01 2019 10:30:47 GMT+0200 (CEST);1561977047000;4.7;937.7
1380556833984591;52.7;30.1;Mon Jul 01 2019 12:32:44 GMT+0200 (CEST);Mon Jul 01 2019 10:32:44 GMT+0200 (CEST);1561977164000;4.8;949.41
1380556833984591;52.7;29.7;Mon Jul 01 2019 12:34:40 GMT+0200 (CEST);Mon Jul 01 2019 10:34:40 GMT+0200 (CEST);1561977280000;4.8;964.07
1380556833984591;53.2;29.9;Mon Jul 01 2019 12:37:13 GMT+0200 (CEST);Mon Jul 01 2019 10:37:13 GMT+0200 (CEST);1561977433000;4.6;944.78
1380556833984591;53.2;29.9;Mon Jul 01 2019 12:39:10 GMT+0200 (CEST);Mon Jul 01 2019 10:39:10 GMT+0200 (CEST);1561977550000;4.6;944.52
1380556833984591;53.2;30;Mon Jul 01 2019 12:41:11 GMT+0200 (CEST);Mon Jul 01 2019 10:41:11 GMT+0200 (CEST);1561977671000;4.8;961.67
1380556833984591;53.2;30;Mon Jul 01 2019 12:43:08 GMT+0200 (CEST);Mon Jul 01 2019 10:43:08 GMT+0200 (CEST);1561977788000;4.8;976.85
1380556833984591;53.2;30;Mon Jul 01 2019 12:45:07 GMT+0200 (CEST);Mon Jul 01 2019 10:45:07 GMT+0200 (CEST);1561977907000;4.8;965.74
1380556833984591;53.2;29.9;Mon Jul 01 2019 12:47:10 GMT+0200 (CEST);Mon Jul 01 2019 10:47:10 GMT+0200 (CEST);1561978030000;4.8;966.92
1380556833984591;53.2;29.9;Mon Jul 01 2019 12:49:07 GMT+0200 (CEST);Mon Jul 01 2019 10:49:07 GMT+0200 (CEST);1561978147000;4.8;967.78
1380556833984591;53.2;29.9;Mon Jul 01 2019 12:51:10 GMT+0200 (CEST);Mon Jul 01 2019 10:51:10 GMT+0200 (CEST);1561978270000;4.8;974.49
1380556833984591;53.2;29.9;Mon Jul 01 2019 12:53:07 GMT+0200 (CEST);Mon Jul 01 2019 10:53:07 GMT+0200 (CEST);1561978387000;4.8;967.89
1380556833984591;54.7;29.8;Mon Jul 01 2019 12:55:04 GMT+0200 (CEST);Mon Jul 01 2019 10:55:04 GMT+0200 (CEST);1561978504000;4.9;975.16
1380556833984591;54.7;29.7;Mon Jul 01 2019 12:57:00 GMT+0200 (CEST);Mon Jul 01 2019 10:57:00 GMT+0200 (CEST);1561978620000;4.8;976
1380556833984591;54.7;29.7;Mon Jul 01 2019 12:59:08 GMT+0200 (CEST);Mon Jul 01 2019 10:59:08 GMT+0200 (CEST);1561978748000;4.9;974.06
1380556833984591;54.7;29.7;Mon Jul 01 2019 13:01:21 GMT+0200 (CEST);Mon Jul 01 2019 11:01:21 GMT+0200 (CEST);1561978881000;4.9;985.59
1380556833984591;54.7;29.7;Mon Jul 01 2019 13:03:18 GMT+0200 (CEST);Mon Jul 01 2019 11:03:18 GMT+0200 (CEST);1561978998000;4.9;978
1380556833984591;54.7;29.6;Mon Jul 01 2019 13:05:15 GMT+0200 (CEST);Mon Jul 01 2019 11:05:15 GMT+0200 (CEST);1561979115000;4.9;976.51
1380556833984591;54.7;29.7;Mon Jul 01 2019 13:07:12 GMT+0200 (CEST);Mon Jul 01 2019 11:07:12 GMT+0200 (CEST);1561979232000;4.8;969.68
1380556833984591;54.7;29.7;Mon Jul 01 2019 13:09:08 GMT+0200 (CEST);Mon Jul 01 2019 11:09:08 GMT+0200 (CEST);1561979348000;4.8;976.46
1380556833984591;54.7;29.7;Mon Jul 01 2019 13:11:06 GMT+0200 (CEST);Mon Jul 01 2019 11:11:06 GMT+0200 (CEST);1561979466000;4.8;976.84
1380556833984591;54.7;29.7;Mon Jul 01 2019 13:13:03 GMT+0200 (CEST);Mon Jul 01 2019 11:13:03 GMT+0200 (CEST);1561979583000;4.8;973.11
1380556833984591;55.2;29.5;Mon Jul 01 2019 13:15:00 GMT+0200 (CEST);Mon Jul 01 2019 11:15:00 GMT+0200 (CEST);1561979700000;4.8;969.39
1380556833984591;55.2;29.5;Mon Jul 01 2019 13:16:56 GMT+0200 (CEST);Mon Jul 01 2019 11:16:56 GMT+0200 (CEST);1561979816000;4.8;969.55
1380556833984591;56.7;29.5;Mon Jul 01 2019 13:18:53 GMT+0200 (CEST);Mon Jul 01 2019 11:18:53 GMT+0200 (CEST);1561979933000;4.8;973.86
1380556833984591;56.7;29.5;Mon Jul 01 2019 13:20:55 GMT+0200 (CEST);Mon Jul 01 2019 11:20:55 GMT+0200 (CEST);1561980055000;4.9;985.59
1380556833984591;56.7;29.8;Mon Jul 01 2019 13:22:53 GMT+0200 (CEST);Mon Jul 01 2019 11:22:53 GMT+0200 (CEST);1561980173000;4.5;959.86
1380556833984591;55.2;29.8;Mon Jul 01 2019 13:24:53 GMT+0200 (CEST);Mon Jul 01 2019 11:24:53 GMT+0200 (CEST);1561980293000;4.8;976.09
1380556833984591;55.2;29.7;Mon Jul 01 2019 13:26:56 GMT+0200 (CEST);Mon Jul 01 2019 11:26:56 GMT+0200 (CEST);1561980416000;4.9;985.59
1380556833984591;55.2;29.7;Mon Jul 01 2019 13:28:55 GMT+0200 (CEST);Mon Jul 01 2019 11:28:55 GMT+0200 (CEST);1561980535000;4.5;907.17
1380556833984591;55.2;29.6;Mon Jul 01 2019 13:30:56 GMT+0200 (CEST);Mon Jul 01 2019 11:30:56 GMT+0200 (CEST);1561980656000;4.8;973.59
1380556833984591;55.2;29.7;Mon Jul 01 2019 13:32:52 GMT+0200 (CEST);Mon Jul 01 2019 11:32:52 GMT+0200 (CEST);1561980772000;4.8;980.56
1380556833984591;55.2;29.7;Mon Jul 01 2019 13:34:49 GMT+0200 (CEST);Mon Jul 01 2019 11:34:49 GMT+0200 (CEST);1561980889000;5;993.27
1380556833984591;55.2;29.7;Mon Jul 01 2019 13:36:57 GMT+0200 (CEST);Mon Jul 01 2019 11:36:57 GMT+0200 (CEST);1561981017000;4.9;995.83
1380556833984591;55.2;29.7;Mon Jul 01 2019 13:38:54 GMT+0200 (CEST);Mon Jul 01 2019 11:38:54 GMT+0200 (CEST);1561981134000;4.6;919.29
1380556833984591;55.2;30.1;Mon Jul 01 2019 13:40:52 GMT+0200 (CEST);Mon Jul 01 2019 11:40:52 GMT+0200 (CEST);1561981252000;4.5;896.81
1380556833984591;55.2;30;Mon Jul 01 2019 13:42:51 GMT+0200 (CEST);Mon Jul 01 2019 11:42:51 GMT+0200 (CEST);1561981371000;4.2;857.58
1380556833984591;55.2;30.1;Mon Jul 01 2019 13:44:48 GMT+0200 (CEST);Mon Jul 01 2019 11:44:48 GMT+0200 (CEST);1561981488000;4.5;903.85
1380556833984591;55.2;30;Mon Jul 01 2019 13:46:47 GMT+0200 (CEST);Mon Jul 01 2019 11:46:47 GMT+0200 (CEST);1561981607000;4.1;800.21
1380556833984591;54.7;30.1;Mon Jul 01 2019 13:48:51 GMT+0200 (CEST);Mon Jul 01 2019 11:48:51 GMT+0200 (CEST);1561981731000;1.8;586.23
1380556833984591;54.7;31.2;Mon Jul 01 2019 13:50:48 GMT+0200 (CEST);Mon Jul 01 2019 11:50:48 GMT+0200 (CEST);1561981848000;1.6;629.75
1380556833984591;54.7;30.8;Mon Jul 01 2019 13:52:45 GMT+0200 (CEST);Mon Jul 01 2019 11:52:45 GMT+0200 (CEST);1561981965000;2.9;614.39
1380556833984591;53.2;29.9;Mon Jul 01 2019 13:54:42 GMT+0200 (CEST);Mon Jul 01 2019 11:54:42 GMT+0200 (CEST);1561982082000;4.3;683.35
1380556833984591;52.7;30.2;Mon Jul 01 2019 13:56:40 GMT+0200 (CEST);Mon Jul 01 2019 11:56:40 GMT+0200 (CEST);1561982200000;1.3;277.68
1380556833984591;51.2;30.5;Mon Jul 01 2019 13:58:45 GMT+0200 (CEST);Mon Jul 01 2019 11:58:45 GMT+0200 (CEST);1561982325000;1.5;318.12
1380556833984591;50.7;31.2;Mon Jul 01 2019 14:00:42 GMT+0200 (CEST);Mon Jul 01 2019 12:00:42 GMT+0200 (CEST);1561982442000;4.6;939.4
1380556833984591;50.7;31.2;Mon Jul 01 2019 14:02:39 GMT+0200 (CEST);Mon Jul 01 2019 12:02:39 GMT+0200 (CEST);1561982559000;3.9;750.38
1380556833984591;50.7;30.2;Mon Jul 01 2019 14:04:45 GMT+0200 (CEST);Mon Jul 01 2019 12:04:45 GMT+0200 (CEST);1561982685000;1.2;258.51
1380556833984591;50.7;32;Mon Jul 01 2019 14:06:41 GMT+0200 (CEST);Mon Jul 01 2019 12:06:41 GMT+0200 (CEST);1561982801000;4.3;787.42
1380556833984591;48.2;31;Mon Jul 01 2019 14:08:38 GMT+0200 (CEST);Mon Jul 01 2019 12:08:38 GMT+0200 (CEST);1561982918000;1.7;358.39
1380556833984591;48.2;31.8;Mon Jul 01 2019 14:10:35 GMT+0200 (CEST);Mon Jul 01 2019 12:10:35 GMT+0200 (CEST);1561983035000;4.6;940.23
1380556833984591;48.2;29.8;Mon Jul 01 2019 14:12:34 GMT+0200 (CEST);Mon Jul 01 2019 12:12:34 GMT+0200 (CEST);1561983154000;3.9;396.79
1380556833984591;47.2;31.5;Mon Jul 01 2019 14:14:32 GMT+0200 (CEST);Mon Jul 01 2019 12:14:32 GMT+0200 (CEST);1561983272000;4.3;868.58
1380556833984591;47.2;31.5;Mon Jul 01 2019 14:16:31 GMT+0200 (CEST);Mon Jul 01 2019 12:16:31 GMT+0200 (CEST);1561983391000;3.6;738.67
1380556833984591;48.2;31;Mon Jul 01 2019 14:18:30 GMT+0200 (CEST);Mon Jul 01 2019 12:18:30 GMT+0200 (CEST);1561983510000;4.3;854.64
1380556833984591;48.2;31.1;Mon Jul 01 2019 14:20:29 GMT+0200 (CEST);Mon Jul 01 2019 12:20:29 GMT+0200 (CEST);1561983629000;2.5;348.15
1380556833984591;48.2;31.7;Mon Jul 01 2019 14:22:25 GMT+0200 (CEST);Mon Jul 01 2019 12:22:25 GMT+0200 (CEST);1561983745000;4.1;890.64
1380556833984591;48.2;31.7;Mon Jul 01 2019 14:24:22 GMT+0200 (CEST);Mon Jul 01 2019 12:24:22 GMT+0200 (CEST);1561983862000;4.1;865.65
1380556833984591;48.2;31;Mon Jul 01 2019 14:26:19 GMT+0200 (CEST);Mon Jul 01 2019 12:26:19 GMT+0200 (CEST);1561983979000;4.3;870.82
1380556833984591;48.2;30.7;Mon Jul 01 2019 14:28:23 GMT+0200 (CEST);Mon Jul 01 2019 12:28:23 GMT+0200 (CEST);1561984103000;4.1;844.14
1380556833984591;48.2;30.4;Mon Jul 01 2019 14:30:19 GMT+0200 (CEST);Mon Jul 01 2019 12:30:19 GMT+0200 (CEST);1561984219000;4.2;838.11
1380556833984591;48.2;31.3;Mon Jul 01 2019 14:32:16 GMT+0200 (CEST);Mon Jul 01 2019 12:32:16 GMT+0200 (CEST);1561984336000;3.8;841.14
1380556833984591;48.2;30.8;Mon Jul 01 2019 14:34:14 GMT+0200 (CEST);Mon Jul 01 2019 12:34:14 GMT+0200 (CEST);1561984454000;4.2;865.09
1380556833984591;50.7;31.3;Mon Jul 01 2019 14:36:18 GMT+0200 (CEST);Mon Jul 01 2019 12:36:18 GMT+0200 (CEST);1561984578000;4.3;909.57
1380556833984591;50.7;31;Mon Jul 01 2019 14:38:15 GMT+0200 (CEST);Mon Jul 01 2019 12:38:15 GMT+0200 (CEST);1561984695000;4.4;912.59
1380556833984591;50.7;30.6;Mon Jul 01 2019 14:40:11 GMT+0200 (CEST);Mon Jul 01 2019 12:40:11 GMT+0200 (CEST);1561984811000;4.2;861.26
1380556833984591;51.2;30.7;Mon Jul 01 2019 14:42:08 GMT+0200 (CEST);Mon Jul 01 2019 12:42:08 GMT+0200 (CEST);1561984928000;4.4;886.99
1380556833984591;51.2;30.8;Mon Jul 01 2019 14:44:05 GMT+0200 (CEST);Mon Jul 01 2019 12:44:05 GMT+0200 (CEST);1561985045000;4.2;857.29
1380556833984591;51.2;31.2;Mon Jul 01 2019 14:46:02 GMT+0200 (CEST);Mon Jul 01 2019 12:46:02 GMT+0200 (CEST);1561985162000;4.5;916.56
1380556833984591;51.2;30.7;Mon Jul 01 2019 14:48:05 GMT+0200 (CEST);Mon Jul 01 2019 12:48:05 GMT+0200 (CEST);1561985285000;4.5;910.36
1380556833984591;51.2;31.2;Mon Jul 01 2019 14:50:02 GMT+0200 (CEST);Mon Jul 01 2019 12:50:02 GMT+0200 (CEST);1561985402000;4.1;864
1380556833984591;51.2;31.2;Mon Jul 01 2019 14:51:59 GMT+0200 (CEST);Mon Jul 01 2019 12:51:59 GMT+0200 (CEST);1561985519000;4;824.94
1380556833984591;51.2;30.8;Mon Jul 01 2019 14:53:55 GMT+0200 (CEST);Mon Jul 01 2019 12:53:55 GMT+0200 (CEST);1561985635000;3.4;671.79
1380556833984591;52.7;31.2;Mon Jul 01 2019 14:55:57 GMT+0200 (CEST);Mon Jul 01 2019 12:55:57 GMT+0200 (CEST);1561985757000;4;820.02
1380556833984591;52.7;30.7;Mon Jul 01 2019 14:57:56 GMT+0200 (CEST);Mon Jul 01 2019 12:57:56 GMT+0200 (CEST);1561985876000;4;835.2
1380556833984591;52.7;30.8;Mon Jul 01 2019 14:59:53 GMT+0200 (CEST);Mon Jul 01 2019 12:59:53 GMT+0200 (CEST);1561985993000;4.2;858.6
1380556833984591;52.7;30.7;Mon Jul 01 2019 15:01:58 GMT+0200 (CEST);Mon Jul 01 2019 13:01:58 GMT+0200 (CEST);1561986118000;4;799.15
1380556833984591;52.7;31.2;Mon Jul 01 2019 15:03:55 GMT+0200 (CEST);Mon Jul 01 2019 13:03:55 GMT+0200 (CEST);1561986235000;4.1;836.94
1380556833984591;53.2;30.6;Mon Jul 01 2019 15:05:55 GMT+0200 (CEST);Mon Jul 01 2019 13:05:55 GMT+0200 (CEST);1561986355000;4.2;858.02
1380556833984591;53.2;30.8;Mon Jul 01 2019 15:07:52 GMT+0200 (CEST);Mon Jul 01 2019 13:07:52 GMT+0200 (CEST);1561986472000;4.4;887.49
1380556833984591;52.7;31.6;Mon Jul 01 2019 15:09:50 GMT+0200 (CEST);Mon Jul 01 2019 13:09:50 GMT+0200 (CEST);1561986590000;4.1;857.38
1380556833984591;52.7;30.6;Mon Jul 01 2019 15:11:47 GMT+0200 (CEST);Mon Jul 01 2019 13:11:47 GMT+0200 (CEST);1561986707000;4.1;849.91
1380556833984591;52.7;31.2;Mon Jul 01 2019 15:13:46 GMT+0200 (CEST);Mon Jul 01 2019 13:13:46 GMT+0200 (CEST);1561986826000;1.5;350.71
1380556833984591;52.7;30.8;Mon Jul 01 2019 15:15:46 GMT+0200 (CEST);Mon Jul 01 2019 13:15:46 GMT+0200 (CEST);1561986946000;4;780.82
1380556833984591;52.7;31.4;Mon Jul 01 2019 15:17:43 GMT+0200 (CEST);Mon Jul 01 2019 13:17:43 GMT+0200 (CEST);1561987063000;3.4;583.67
1380556833984591;51.2;30.9;Mon Jul 01 2019 15:19:39 GMT+0200 (CEST);Mon Jul 01 2019 13:19:39 GMT+0200 (CEST);1561987179000;3.4;642.55
1380556833984591;51.2;31.7;Mon Jul 01 2019 15:21:36 GMT+0200 (CEST);Mon Jul 01 2019 13:21:36 GMT+0200 (CEST);1561987296000;1.9;401.91
1380556833984591;51.2;31.9;Mon Jul 01 2019 15:23:37 GMT+0200 (CEST);Mon Jul 01 2019 13:23:37 GMT+0200 (CEST);1561987417000;3.9;740.88
1380556833984591;50.7;31.8;Mon Jul 01 2019 15:25:40 GMT+0200 (CEST);Mon Jul 01 2019 13:25:40 GMT+0200 (CEST);1561987540000;2.1;460.79
1380556833984591;50.7;31.5;Mon Jul 01 2019 15:27:36 GMT+0200 (CEST);Mon Jul 01 2019 13:27:36 GMT+0200 (CEST);1561987656000;4.4;753.24
1380556833984591;48.2;31.6;Mon Jul 01 2019 15:29:34 GMT+0200 (CEST);Mon Jul 01 2019 13:29:34 GMT+0200 (CEST);1561987774000;1.7;358.39
1380556833984591;48.2;31.3;Mon Jul 01 2019 15:31:30 GMT+0200 (CEST);Mon Jul 01 2019 13:31:30 GMT+0200 (CEST);1561987890000;1.9;376.31
1380556833984591;47.2;31.7;Mon Jul 01 2019 15:33:30 GMT+0200 (CEST);Mon Jul 01 2019 13:33:30 GMT+0200 (CEST);1561988010000;1.7;340.47
1380556833984591;47.2;31.7;Mon Jul 01 2019 15:35:42 GMT+0200 (CEST);Mon Jul 01 2019 13:35:42 GMT+0200 (CEST);1561988142000;4.4;888.09
1380556833984591;46.7;32.2;Mon Jul 01 2019 15:37:41 GMT+0200 (CEST);Mon Jul 01 2019 13:37:41 GMT+0200 (CEST);1561988261000;1.9;399.35
1380556833984591;46.7;32.3;Mon Jul 01 2019 15:39:38 GMT+0200 (CEST);Mon Jul 01 2019 13:39:38 GMT+0200 (CEST);1561988378000;3.5;728.88
1380556833984591;46.7;32.2;Mon Jul 01 2019 15:41:38 GMT+0200 (CEST);Mon Jul 01 2019 13:41:38 GMT+0200 (CEST);1561988498000;4.5;924.49
1380556833984591;45.2;31.3;Mon Jul 01 2019 15:43:38 GMT+0200 (CEST);Mon Jul 01 2019 13:43:38 GMT+0200 (CEST);1561988618000;2.6;519.67
1380556833984591;45.2;31.3;Mon Jul 01 2019 15:45:36 GMT+0200 (CEST);Mon Jul 01 2019 13:45:36 GMT+0200 (CEST);1561988736000;1.8;383.99
1380556833984591;45.2;31.4;Mon Jul 01 2019 15:47:33 GMT+0200 (CEST);Mon Jul 01 2019 13:47:33 GMT+0200 (CEST);1561988853000;1.7;353.27
1380556833984591;45.2;31.7;Mon Jul 01 2019 15:49:30 GMT+0200 (CEST);Mon Jul 01 2019 13:49:30 GMT+0200 (CEST);1561988970000;1.8;358.39
1380556833984591;45.2;32.1;Mon Jul 01 2019 15:51:36 GMT+0200 (CEST);Mon Jul 01 2019 13:51:36 GMT+0200 (CEST);1561989096000;2.7;529.91
1380556833984591;44.7;32.1;Mon Jul 01 2019 15:53:33 GMT+0200 (CEST);Mon Jul 01 2019 13:53:33 GMT+0200 (CEST);1561989213000;3.1;652.79
1380556833984591;44.7;32.6;Mon Jul 01 2019 15:55:30 GMT+0200 (CEST);Mon Jul 01 2019 13:55:30 GMT+0200 (CEST);1561989330000;1.8;371.19
1380556833984591;44.7;31.5;Mon Jul 01 2019 15:57:28 GMT+0200 (CEST);Mon Jul 01 2019 13:57:28 GMT+0200 (CEST);1561989448000;3.1;622.07
1380556833984591;44.7;32.1;Mon Jul 01 2019 15:59:27 GMT+0200 (CEST);Mon Jul 01 2019 13:59:27 GMT+0200 (CEST);1561989567000;2.2;596.47
1380556833984591;44.7;32.6;Mon Jul 01 2019 16:01:25 GMT+0200 (CEST);Mon Jul 01 2019 14:01:25 GMT+0200 (CEST);1561989685000;3.8;770.16
1380556833984591;44.7;32.1;Mon Jul 01 2019 16:03:22 GMT+0200 (CEST);Mon Jul 01 2019 14:03:22 GMT+0200 (CEST);1561989802000;3.8;773.54
1380556833984591;44.7;32.2;Mon Jul 01 2019 16:05:38 GMT+0200 (CEST);Mon Jul 01 2019 14:05:38 GMT+0200 (CEST);1561989938000;3.7;751.68
1380556833984591;45.2;31.8;Mon Jul 01 2019 16:07:35 GMT+0200 (CEST);Mon Jul 01 2019 14:07:35 GMT+0200 (CEST);1561990055000;3.6;736.1
1380556833984591;45.2;32;Mon Jul 01 2019 16:09:32 GMT+0200 (CEST);Mon Jul 01 2019 14:09:32 GMT+0200 (CEST);1561990172000;3.4;547.83
1380556833984591;45.2;31;Mon Jul 01 2019 16:11:33 GMT+0200 (CEST);Mon Jul 01 2019 14:11:33 GMT+0200 (CEST);1561990293000;1.7;378.87
1380556833984591;45.2;31.9;Mon Jul 01 2019 16:13:30 GMT+0200 (CEST);Mon Jul 01 2019 14:13:30 GMT+0200 (CEST);1561990410000;4.3;867.38
1380556833984591;45.2;31.7;Mon Jul 01 2019 16:15:26 GMT+0200 (CEST);Mon Jul 01 2019 14:15:26 GMT+0200 (CEST);1561990526000;4.1;659.88
1380556833984591;46.7;31.3;Mon Jul 01 2019 16:17:26 GMT+0200 (CEST);Mon Jul 01 2019 14:17:26 GMT+0200 (CEST);1561990646000;1.8;368.63
1380556833984591;46.7;31.2;Mon Jul 01 2019 16:19:23 GMT+0200 (CEST);Mon Jul 01 2019 14:19:23 GMT+0200 (CEST);1561990763000;1.4;291.46
1380556833984591;45.2;31.3;Mon Jul 01 2019 16:21:24 GMT+0200 (CEST);Mon Jul 01 2019 14:21:24 GMT+0200 (CEST);1561990884000;1.2;258.94
1380556833984591;45.2;31.7;Mon Jul 01 2019 16:23:21 GMT+0200 (CEST);Mon Jul 01 2019 14:23:21 GMT+0200 (CEST);1561991001000;2.1;445.43
1380556833984591;45.2;31.8;Mon Jul 01 2019 16:25:20 GMT+0200 (CEST);Mon Jul 01 2019 14:25:20 GMT+0200 (CEST);1561991120000;1.2;252.7
1380556833984591;43.1;31.8;Mon Jul 01 2019 16:27:17 GMT+0200 (CEST);Mon Jul 01 2019 14:27:17 GMT+0200 (CEST);1561991237000;1.1;230.89
1380556833984591;43.1;31.8;Mon Jul 01 2019 16:29:14 GMT+0200 (CEST);Mon Jul 01 2019 14:29:14 GMT+0200 (CEST);1561991354000;1;212.48
1380556833984591;42.6;31.7;Mon Jul 01 2019 16:31:11 GMT+0200 (CEST);Mon Jul 01 2019 14:31:11 GMT+0200 (CEST);1561991471000;1;206.8
1380556833984591;42.6;31.7;Mon Jul 01 2019 16:33:08 GMT+0200 (CEST);Mon Jul 01 2019 14:33:08 GMT+0200 (CEST);1561991588000;1;207
1380556833984591;42.6;32;Mon Jul 01 2019 16:35:15 GMT+0200 (CEST);Mon Jul 01 2019 14:35:15 GMT+0200 (CEST);1561991715000;1;213.03
1380556833984591;40.6;32.3;Mon Jul 01 2019 16:37:12 GMT+0200 (CEST);Mon Jul 01 2019 14:37:12 GMT+0200 (CEST);1561991832000;1.1;233.72
1380556833984591;40.6;32.6;Mon Jul 01 2019 16:39:09 GMT+0200 (CEST);Mon Jul 01 2019 14:39:09 GMT+0200 (CEST);1561991949000;1.5;323.98
1380556833984591;39.1;32.5;Mon Jul 01 2019 16:41:23 GMT+0200 (CEST);Mon Jul 01 2019 14:41:23 GMT+0200 (CEST);1561992083000;1.6;323.16
1380556833984591;39.1;32.6;Mon Jul 01 2019 16:43:22 GMT+0200 (CEST);Mon Jul 01 2019 14:43:22 GMT+0200 (CEST);1561992202000;1.6;320.32
1380556833984591;39.1;32.5;Mon Jul 01 2019 16:45:19 GMT+0200 (CEST);Mon Jul 01 2019 14:45:19 GMT+0200 (CEST);1561992319000;1.9;409.59
1380556833984591;39.1;32.6;Mon Jul 01 2019 16:47:16 GMT+0200 (CEST);Mon Jul 01 2019 14:47:16 GMT+0200 (CEST);1561992436000;2.5;494.07
1380556833984591;39.1;33.2;Mon Jul 01 2019 16:49:13 GMT+0200 (CEST);Mon Jul 01 2019 14:49:13 GMT+0200 (CEST);1561992553000;2.6;547.83
1380556833984591;39.1;32.9;Mon Jul 01 2019 16:51:12 GMT+0200 (CEST);Mon Jul 01 2019 14:51:12 GMT+0200 (CEST);1561992672000;2.4;494.07
1380556833984591;39.1;32.8;Mon Jul 01 2019 16:53:10 GMT+0200 (CEST);Mon Jul 01 2019 14:53:10 GMT+0200 (CEST);1561992790000;2;404.47
1380556833984591;41.1;32.9;Mon Jul 01 2019 16:55:12 GMT+0200 (CEST);Mon Jul 01 2019 14:55:12 GMT+0200 (CEST);1561992912000;1.7;360.95
1380556833984591;41.1;32.7;Mon Jul 01 2019 16:57:10 GMT+0200 (CEST);Mon Jul 01 2019 14:57:10 GMT+0200 (CEST);1561993030000;1.5;303.9
1380556833984591;41.1;32;Mon Jul 01 2019 16:59:09 GMT+0200 (CEST);Mon Jul 01 2019 14:59:09 GMT+0200 (CEST);1561993149000;1.3;270.02
1380556833984591;41.1;32;Mon Jul 01 2019 17:01:06 GMT+0200 (CEST);Mon Jul 01 2019 15:01:06 GMT+0200 (CEST);1561993266000;1.2;246.67
1380556833984591;41.1;31.9;Mon Jul 01 2019 17:03:03 GMT+0200 (CEST);Mon Jul 01 2019 15:03:03 GMT+0200 (CEST);1561993383000;1.1;222.04
1380556833984591;40.6;32.2;Mon Jul 01 2019 17:05:00 GMT+0200 (CEST);Mon Jul 01 2019 15:05:00 GMT+0200 (CEST);1561993500000;1;198.58
1380556833984591;40.6;31.9;Mon Jul 01 2019 17:06:58 GMT+0200 (CEST);Mon Jul 01 2019 15:06:58 GMT+0200 (CEST);1561993618000;0.9;178.9
1380556833984591;39.1;31.5;Mon Jul 01 2019 17:08:58 GMT+0200 (CEST);Mon Jul 01 2019 15:08:58 GMT+0200 (CEST);1561993738000;0.8;160.76
1380556833984591;39.1;31.7;Mon Jul 01 2019 17:10:55 GMT+0200 (CEST);Mon Jul 01 2019 15:10:55 GMT+0200 (CEST);1561993855000;0.7;143.95
1380556833984591;39.1;31.6;Mon Jul 01 2019 17:13:00 GMT+0200 (CEST);Mon Jul 01 2019 15:13:00 GMT+0200 (CEST);1561993980000;0.6;126.37
1380556833984591;38.6;31.3;Mon Jul 01 2019 17:14:57 GMT+0200 (CEST);Mon Jul 01 2019 15:14:57 GMT+0200 (CEST);1561994097000;0.6;113.75
1380556833984591;38.6;31.1;Mon Jul 01 2019 17:16:54 GMT+0200 (CEST);Mon Jul 01 2019 15:16:54 GMT+0200 (CEST);1561994214000;0.5;108.62
1380556833984591;36.6;31.2;Mon Jul 01 2019 17:18:51 GMT+0200 (CEST);Mon Jul 01 2019 15:18:51 GMT+0200 (CEST);1561994331000;0.5;106.74
1380556833984591;36.6;31.3;Mon Jul 01 2019 17:20:48 GMT+0200 (CEST);Mon Jul 01 2019 15:20:48 GMT+0200 (CEST);1561994448000;0.5;104.18
1380556833984591;36.6;31.2;Mon Jul 01 2019 17:22:45 GMT+0200 (CEST);Mon Jul 01 2019 15:22:45 GMT+0200 (CEST);1561994565000;0.5;101.82
1380556833984591;36.6;31.3;Mon Jul 01 2019 17:24:45 GMT+0200 (CEST);Mon Jul 01 2019 15:24:45 GMT+0200 (CEST);1561994685000;0.5;105.22
1380556833984591;36.6;31.4;Mon Jul 01 2019 17:26:42 GMT+0200 (CEST);Mon Jul 01 2019 15:26:42 GMT+0200 (CEST);1561994802000;0.5;108.65
1380556833984591;35.1;31.7;Mon Jul 01 2019 17:28:40 GMT+0200 (CEST);Mon Jul 01 2019 15:28:40 GMT+0200 (CEST);1561994920000;0.5;108.26
1380556833984591;35.1;31.4;Mon Jul 01 2019 17:30:48 GMT+0200 (CEST);Mon Jul 01 2019 15:30:48 GMT+0200 (CEST);1561995048000;0.6;114.11
1380556833984591;35.1;31.7;Mon Jul 01 2019 17:32:45 GMT+0200 (CEST);Mon Jul 01 2019 15:32:45 GMT+0200 (CEST);1561995165000;0.6;124.76
1380556833984591;35.1;31.9;Mon Jul 01 2019 17:34:58 GMT+0200 (CEST);Mon Jul 01 2019 15:34:58 GMT+0200 (CEST);1561995298000;0.6;125.98
1380556833984591;35.1;31.7;Mon Jul 01 2019 17:36:55 GMT+0200 (CEST);Mon Jul 01 2019 15:36:55 GMT+0200 (CEST);1561995415000;0.6;119.92
1380556833984591;35.1;31.7;Mon Jul 01 2019 17:38:53 GMT+0200 (CEST);Mon Jul 01 2019 15:38:53 GMT+0200 (CEST);1561995533000;0.6;115.83
1380556833984591;35.1;31.7;Mon Jul 01 2019 17:40:53 GMT+0200 (CEST);Mon Jul 01 2019 15:40:53 GMT+0200 (CEST);1561995653000;0.6;119.86
1380556833984591;34.6;31.8;Mon Jul 01 2019 17:43:08 GMT+0200 (CEST);Mon Jul 01 2019 15:43:08 GMT+0200 (CEST);1561995788000;0.6;123.23
1380556833984591;34.6;31.7;Mon Jul 01 2019 17:45:05 GMT+0200 (CEST);Mon Jul 01 2019 15:45:05 GMT+0200 (CEST);1561995905000;0.6;114.81
1380556833984591;34.6;31.8;Mon Jul 01 2019 17:47:02 GMT+0200 (CEST);Mon Jul 01 2019 15:47:02 GMT+0200 (CEST);1561996022000;0.5;113.99
1380556833984591;34.6;31.5;Mon Jul 01 2019 17:48:58 GMT+0200 (CEST);Mon Jul 01 2019 15:48:58 GMT+0200 (CEST);1561996138000;0.6;117.34
1380556833984591;34.6;31.8;Mon Jul 01 2019 17:50:56 GMT+0200 (CEST);Mon Jul 01 2019 15:50:56 GMT+0200 (CEST);1561996256000;0.6;119.09
1380556833984591;34.6;31.7;Mon Jul 01 2019 17:52:53 GMT+0200 (CEST);Mon Jul 01 2019 15:52:53 GMT+0200 (CEST);1561996373000;0.6;115.7
1380556833984591;34.6;31.6;Mon Jul 01 2019 17:54:58 GMT+0200 (CEST);Mon Jul 01 2019 15:54:58 GMT+0200 (CEST);1561996498000;0.5;108.86
1380556833984591;34.6;31.5;Mon Jul 01 2019 17:57:01 GMT+0200 (CEST);Mon Jul 01 2019 15:57:01 GMT+0200 (CEST);1561996621000;0.5;105.24
1380556833984591;34.6;31.5;Mon Jul 01 2019 17:58:59 GMT+0200 (CEST);Mon Jul 01 2019 15:58:59 GMT+0200 (CEST);1561996739000;0.5;104.53
1380556833984591;34.6;31.7;Mon Jul 01 2019 18:00:56 GMT+0200 (CEST);Mon Jul 01 2019 16:00:56 GMT+0200 (CEST);1561996856000;0.5;102.95
1380556833984591;34.6;31.5;Mon Jul 01 2019 18:02:52 GMT+0200 (CEST);Mon Jul 01 2019 16:02:52 GMT+0200 (CEST);1561996972000;0.5;100.56
1380556833984591;34.6;31.4;Mon Jul 01 2019 18:04:49 GMT+0200 (CEST);Mon Jul 01 2019 16:04:49 GMT+0200 (CEST);1561997089000;0.4;92.48
1380556833984591;32.1;31.1;Mon Jul 01 2019 18:07:01 GMT+0200 (CEST);Mon Jul 01 2019 16:07:01 GMT+0200 (CEST);1561997221000;0.4;85.6
1380556833984591;32.1;31.2;Mon Jul 01 2019 18:09:01 GMT+0200 (CEST);Mon Jul 01 2019 16:09:01 GMT+0200 (CEST);1561997341000;0.4;82.99
1380556833984591;32.1;31.1;Mon Jul 01 2019 18:10:58 GMT+0200 (CEST);Mon Jul 01 2019 16:10:58 GMT+0200 (CEST);1561997458000;0.4;78.09
1380556833984591;32.1;30.8;Mon Jul 01 2019 18:13:05 GMT+0200 (CEST);Mon Jul 01 2019 16:13:05 GMT+0200 (CEST);1561997585000;0.3;72.56
1380556833984591;32.1;30.8;Mon Jul 01 2019 18:15:03 GMT+0200 (CEST);Mon Jul 01 2019 16:15:03 GMT+0200 (CEST);1561997703000;0.3;66.5
1380556833984591;32.1;30.7;Mon Jul 01 2019 18:17:00 GMT+0200 (CEST);Mon Jul 01 2019 16:17:00 GMT+0200 (CEST);1561997820000;0.3;63.35
1380556833984591;32.1;30.8;Mon Jul 01 2019 18:18:57 GMT+0200 (CEST);Mon Jul 01 2019 16:18:57 GMT+0200 (CEST);1561997937000;0.3;64.09
1380556833984591;32.1;30.7;Mon Jul 01 2019 18:20:54 GMT+0200 (CEST);Mon Jul 01 2019 16:20:54 GMT+0200 (CEST);1561998054000;0.3;68.08
1380556833984591;32.1;30.9;Mon Jul 01 2019 18:22:51 GMT+0200 (CEST);Mon Jul 01 2019 16:22:51 GMT+0200 (CEST);1561998171000;0.3;73.75
1380556833984591;32.1;31.2;Mon Jul 01 2019 18:24:49 GMT+0200 (CEST);Mon Jul 01 2019 16:24:49 GMT+0200 (CEST);1561998289000;0.4;78.76
1380556833984591;32.1;31.3;Mon Jul 01 2019 18:26:46 GMT+0200 (CEST);Mon Jul 01 2019 16:26:46 GMT+0200 (CEST);1561998406000;0.4;93.55
1380556833984591;32.1;31.7;Mon Jul 01 2019 18:28:45 GMT+0200 (CEST);Mon Jul 01 2019 16:28:45 GMT+0200 (CEST);1561998525000;0.5;115.46
1380556833984591;32.1;32;Mon Jul 01 2019 18:30:42 GMT+0200 (CEST);Mon Jul 01 2019 16:30:42 GMT+0200 (CEST);1561998642000;0.7;140.62
1380556833984591;32.1;32.5;Mon Jul 01 2019 18:32:39 GMT+0200 (CEST);Mon Jul 01 2019 16:32:39 GMT+0200 (CEST);1561998759000;0.8;160.53
1380556833984591;32.1;32.6;Mon Jul 01 2019 18:34:41 GMT+0200 (CEST);Mon Jul 01 2019 16:34:41 GMT+0200 (CEST);1561998881000;0.9;182.27
1380556833984591;32.1;32.7;Mon Jul 01 2019 18:36:39 GMT+0200 (CEST);Mon Jul 01 2019 16:36:39 GMT+0200 (CEST);1561998999000;0.9;191.87
1380556833984591;32.1;32.7;Mon Jul 01 2019 18:38:35 GMT+0200 (CEST);Mon Jul 01 2019 16:38:35 GMT+0200 (CEST);1561999115000;1;197.62
1380556833984591;34.6;32.6;Mon Jul 01 2019 18:40:32 GMT+0200 (CEST);Mon Jul 01 2019 16:40:32 GMT+0200 (CEST);1561999232000;1;198.53
1380556833984591;34.6;32.6;Mon Jul 01 2019 18:42:32 GMT+0200 (CEST);Mon Jul 01 2019 16:42:32 GMT+0200 (CEST);1561999352000;1;205.94
1380556833984591;34.6;32.6;Mon Jul 01 2019 18:44:29 GMT+0200 (CEST);Mon Jul 01 2019 16:44:29 GMT+0200 (CEST);1561999469000;1;211.04
1380556833984591;34.6;33;Mon Jul 01 2019 18:46:25 GMT+0200 (CEST);Mon Jul 01 2019 16:46:25 GMT+0200 (CEST);1561999585000;1.1;221.54
1380556833984591;34.6;32.7;Mon Jul 01 2019 18:48:37 GMT+0200 (CEST);Mon Jul 01 2019 16:48:37 GMT+0200 (CEST);1561999717000;1.1;226.1
1380556833984591;34.6;32.8;Mon Jul 01 2019 18:50:33 GMT+0200 (CEST);Mon Jul 01 2019 16:50:33 GMT+0200 (CEST);1561999833000;1;216.09
1380556833984591;34.6;33.7;Mon Jul 01 2019 18:52:30 GMT+0200 (CEST);Mon Jul 01 2019 16:52:30 GMT+0200 (CEST);1561999950000;1.4;318.56
1380556833984591;34.6;34.1;Mon Jul 01 2019 18:54:27 GMT+0200 (CEST);Mon Jul 01 2019 16:54:27 GMT+0200 (CEST);1562000067000;1.4;318.7
1380556833984591;36.6;33.9;Mon Jul 01 2019 18:56:27 GMT+0200 (CEST);Mon Jul 01 2019 16:56:27 GMT+0200 (CEST);1562000187000;1.3;292.38
1380556833984591;36.6;33.5;Mon Jul 01 2019 18:58:23 GMT+0200 (CEST);Mon Jul 01 2019 16:58:23 GMT+0200 (CEST);1562000303000;1;232.48
1380556833984591;36.6;33.4;Mon Jul 01 2019 19:00:24 GMT+0200 (CEST);Mon Jul 01 2019 17:00:24 GMT+0200 (CEST);1562000424000;0.9;204.05
1380556833984591;36.6;32.5;Mon Jul 01 2019 19:02:50 GMT+0200 (CEST);Mon Jul 01 2019 17:02:50 GMT+0200 (CEST);1562000570000;0.7;160.25
1380556833984591;36.6;33;Mon Jul 01 2019 19:04:48 GMT+0200 (CEST);Mon Jul 01 2019 17:04:48 GMT+0200 (CEST);1562000688000;0.7;162.48
1380556833984591;36.6;31.5;Mon Jul 01 2019 19:06:47 GMT+0200 (CEST);Mon Jul 01 2019 17:06:47 GMT+0200 (CEST);1562000807000;0.5;106.11
1380556833984591;36.6;31.2;Mon Jul 01 2019 19:08:59 GMT+0200 (CEST);Mon Jul 01 2019 17:08:59 GMT+0200 (CEST);1562000939000;0.4;101.77
1380556833984591;35.1;31.3;Mon Jul 01 2019 19:10:56 GMT+0200 (CEST);Mon Jul 01 2019 17:10:56 GMT+0200 (CEST);1562001056000;0.5;107.72
1380556833984591;35.1;31.7;Mon Jul 01 2019 19:12:52 GMT+0200 (CEST);Mon Jul 01 2019 17:12:52 GMT+0200 (CEST);1562001172000;0.6;141.86
1380556833984591;34.6;33.2;Mon Jul 01 2019 19:14:51 GMT+0200 (CEST);Mon Jul 01 2019 17:14:51 GMT+0200 (CEST);1562001291000;0.8;194.78
1380556833984591;34.6;33.4;Mon Jul 01 2019 19:16:48 GMT+0200 (CEST);Mon Jul 01 2019 17:16:48 GMT+0200 (CEST);1562001408000;1;220.01
1380556833984591;35.1;33.3;Mon Jul 01 2019 19:18:55 GMT+0200 (CEST);Mon Jul 01 2019 17:18:55 GMT+0200 (CEST);1562001535000;0.9;198.08
1380556833984591;35.1;32.9;Mon Jul 01 2019 19:20:52 GMT+0200 (CEST);Mon Jul 01 2019 17:20:52 GMT+0200 (CEST);1562001652000;0.8;189.91
1380556833984591;35.1;33.1;Mon Jul 01 2019 19:22:49 GMT+0200 (CEST);Mon Jul 01 2019 17:22:49 GMT+0200 (CEST);1562001769000;0.8;178.53
1380556833984591;35.1;33;Mon Jul 01 2019 19:24:46 GMT+0200 (CEST);Mon Jul 01 2019 17:24:46 GMT+0200 (CEST);1562001886000;0.7;173.17
1380556833984591;35.1;33;Mon Jul 01 2019 19:26:44 GMT+0200 (CEST);Mon Jul 01 2019 17:26:44 GMT+0200 (CEST);1562002004000;0.8;171.12
1380556833984591;35.1;32.9;Mon Jul 01 2019 19:28:41 GMT+0200 (CEST);Mon Jul 01 2019 17:28:41 GMT+0200 (CEST);1562002121000;0.7;161.29
1380556833984591;35.1;32.3;Mon Jul 01 2019 19:30:38 GMT+0200 (CEST);Mon Jul 01 2019 17:30:38 GMT+0200 (CEST);1562002238000;0.6;134.64
1380556833984591;34.6;31.7;Mon Jul 01 2019 19:32:41 GMT+0200 (CEST);Mon Jul 01 2019 17:32:41 GMT+0200 (CEST);1562002361000;0.6;126.73
1380556833984591;34.6;32;Mon Jul 01 2019 19:34:39 GMT+0200 (CEST);Mon Jul 01 2019 17:34:39 GMT+0200 (CEST);1562002479000;0.6;125.06
1380556833984591;34.6;31.8;Mon Jul 01 2019 19:36:36 GMT+0200 (CEST);Mon Jul 01 2019 17:36:36 GMT+0200 (CEST);1562002596000;0.5;116.64
1380556833984591;34.6;31.8;Mon Jul 01 2019 19:38:33 GMT+0200 (CEST);Mon Jul 01 2019 17:38:33 GMT+0200 (CEST);1562002713000;0.5;114.91
1380556833984591;34.6;31.7;Mon Jul 01 2019 19:40:32 GMT+0200 (CEST);Mon Jul 01 2019 17:40:32 GMT+0200 (CEST);1562002832000;0.5;114.5
1380556833984591;34.6;31.7;Mon Jul 01 2019 19:42:29 GMT+0200 (CEST);Mon Jul 01 2019 17:42:29 GMT+0200 (CEST);1562002949000;0.5;112.33
1380556833984591;34.6;31.5;Mon Jul 01 2019 19:44:27 GMT+0200 (CEST);Mon Jul 01 2019 17:44:27 GMT+0200 (CEST);1562003067000;0.5;99.19
1380556833984591;34.6;32.2;Mon Jul 01 2019 19:46:24 GMT+0200 (CEST);Mon Jul 01 2019 17:46:24 GMT+0200 (CEST);1562003184000;0.5;116.48
1380556833984591;34.6;32.3;Mon Jul 01 2019 19:48:23 GMT+0200 (CEST);Mon Jul 01 2019 17:48:23 GMT+0200 (CEST);1562003303000;0.6;119.34
1380556833984591;34.6;32.1;Mon Jul 01 2019 19:50:20 GMT+0200 (CEST);Mon Jul 01 2019 17:50:20 GMT+0200 (CEST);1562003420000;0.5;105.81
1380556833984591;34.6;31.9;Mon Jul 01 2019 19:52:16 GMT+0200 (CEST);Mon Jul 01 2019 17:52:16 GMT+0200 (CEST);1562003536000;0.4;95.41
1380556833984591;34.6;31.7;Mon Jul 01 2019 19:54:13 GMT+0200 (CEST);Mon Jul 01 2019 17:54:13 GMT+0200 (CEST);1562003653000;0.4;94.36
1380556833984591;34.6;31.7;Mon Jul 01 2019 19:56:14 GMT+0200 (CEST);Mon Jul 01 2019 17:56:14 GMT+0200 (CEST);1562003774000;0.4;94.72
1380556833984591;34.6;31.8;Mon Jul 01 2019 19:58:10 GMT+0200 (CEST);Mon Jul 01 2019 17:58:10 GMT+0200 (CEST);1562003890000;0.4;96.9
1380556833984591;34.6;31.7;Mon Jul 01 2019 20:00:07 GMT+0200 (CEST);Mon Jul 01 2019 18:00:07 GMT+0200 (CEST);1562004007000;0.5;101.33
1380556833984591;33.1;31.5;Mon Jul 01 2019 20:02:05 GMT+0200 (CEST);Mon Jul 01 2019 18:02:05 GMT+0200 (CEST);1562004125000;0.5;101.98
1380556833984591;33.1;31.7;Mon Jul 01 2019 20:04:05 GMT+0200 (CEST);Mon Jul 01 2019 18:04:05 GMT+0200 (CEST);1562004245000;0.5;101.77
1380556833984591;32.1;31.9;Mon Jul 01 2019 20:06:06 GMT+0200 (CEST);Mon Jul 01 2019 18:06:06 GMT+0200 (CEST);1562004366000;0.5;106.66
1380556833984591;32.1;32;Mon Jul 01 2019 20:08:04 GMT+0200 (CEST);Mon Jul 01 2019 18:08:04 GMT+0200 (CEST);1562004484000;0.5;111.42
1380556833984591;32.1;32.1;Mon Jul 01 2019 20:10:01 GMT+0200 (CEST);Mon Jul 01 2019 18:10:01 GMT+0200 (CEST);1562004601000;0.5;114.75
1380556833984591;32.1;32.1;Mon Jul 01 2019 20:11:58 GMT+0200 (CEST);Mon Jul 01 2019 18:11:58 GMT+0200 (CEST);1562004718000;0.5;106.59
1380556833984591;32.1;31.6;Mon Jul 01 2019 20:13:55 GMT+0200 (CEST);Mon Jul 01 2019 18:13:55 GMT+0200 (CEST);1562004835000;0.5;98.71
1380556833984591;32.1;31.7;Mon Jul 01 2019 20:15:51 GMT+0200 (CEST);Mon Jul 01 2019 18:15:51 GMT+0200 (CEST);1562004951000;0.5;101.3
1380556833984591;32.1;31.6;Mon Jul 01 2019 20:17:48 GMT+0200 (CEST);Mon Jul 01 2019 18:17:48 GMT+0200 (CEST);1562005068000;0.5;100.17
1380556833984591;32.1;31.7;Mon Jul 01 2019 20:19:45 GMT+0200 (CEST);Mon Jul 01 2019 18:19:45 GMT+0200 (CEST);1562005185000;0.5;96.19
1380556833984591;32.1;31.6;Mon Jul 01 2019 20:21:42 GMT+0200 (CEST);Mon Jul 01 2019 18:21:42 GMT+0200 (CEST);1562005302000;0.4;91.89
1380556833984591;32.1;31.1;Mon Jul 01 2019 20:23:38 GMT+0200 (CEST);Mon Jul 01 2019 18:23:38 GMT+0200 (CEST);1562005418000;0.4;83.58
1380556833984591;32.1;30.8;Mon Jul 01 2019 20:25:35 GMT+0200 (CEST);Mon Jul 01 2019 18:25:35 GMT+0200 (CEST);1562005535000;0.3;75.4
1380556833984591;32.1;31;Mon Jul 01 2019 20:27:33 GMT+0200 (CEST);Mon Jul 01 2019 18:27:33 GMT+0200 (CEST);1562005653000;0.3;71.67
1380556833984591;32.1;30.9;Mon Jul 01 2019 20:29:35 GMT+0200 (CEST);Mon Jul 01 2019 18:29:35 GMT+0200 (CEST);1562005775000;0.3;70.45
1380556833984591;32.1;30.9;Mon Jul 01 2019 20:31:31 GMT+0200 (CEST);Mon Jul 01 2019 18:31:31 GMT+0200 (CEST);1562005891000;0.3;67.86
1380556833984591;32.1;30.6;Mon Jul 01 2019 20:33:28 GMT+0200 (CEST);Mon Jul 01 2019 18:33:28 GMT+0200 (CEST);1562006008000;0.3;67.42
1380556833984591;32.1;30.8;Mon Jul 01 2019 20:35:28 GMT+0200 (CEST);Mon Jul 01 2019 18:35:28 GMT+0200 (CEST);1562006128000;0.3;67.56
1380556833984591;32.1;30.7;Mon Jul 01 2019 20:37:27 GMT+0200 (CEST);Mon Jul 01 2019 18:37:27 GMT+0200 (CEST);1562006247000;0.2;57.97
1380556833984591;31.1;30.4;Mon Jul 01 2019 20:39:24 GMT+0200 (CEST);Mon Jul 01 2019 18:39:24 GMT+0200 (CEST);1562006364000;0.2;51.3
1380556833984591;31.1;30.3;Mon Jul 01 2019 20:41:21 GMT+0200 (CEST);Mon Jul 01 2019 18:41:21 GMT+0200 (CEST);1562006481000;0.2;46.77
1380556833984591;31.1;30.4;Mon Jul 01 2019 20:43:20 GMT+0200 (CEST);Mon Jul 01 2019 18:43:20 GMT+0200 (CEST);1562006600000;0.2;43.33
1380556833984591;31.1;30.2;Mon Jul 01 2019 20:45:17 GMT+0200 (CEST);Mon Jul 01 2019 18:45:17 GMT+0200 (CEST);1562006717000;0.1;40.26
1380556833984591;31.1;30.3;Mon Jul 01 2019 20:47:14 GMT+0200 (CEST);Mon Jul 01 2019 18:47:14 GMT+0200 (CEST);1562006834000;0.1;37.35
1380556833984591;30.5;30.2;Mon Jul 01 2019 20:49:11 GMT+0200 (CEST);Mon Jul 01 2019 18:49:11 GMT+0200 (CEST);1562006951000;0.1;36.33
1380556833984591;30.5;30.2;Mon Jul 01 2019 20:51:21 GMT+0200 (CEST);Mon Jul 01 2019 18:51:21 GMT+0200 (CEST);1562007081000;0.1;36.69
1380556833984591;30.5;30.2;Mon Jul 01 2019 20:53:18 GMT+0200 (CEST);Mon Jul 01 2019 18:53:18 GMT+0200 (CEST);1562007198000;0.1;32.39
1380556833984591;30.5;30.4;Mon Jul 01 2019 20:55:15 GMT+0200 (CEST);Mon Jul 01 2019 18:55:15 GMT+0200 (CEST);1562007315000;0.1;28.16
1380556833984591;30.5;30.1;Mon Jul 01 2019 20:57:14 GMT+0200 (CEST);Mon Jul 01 2019 18:57:14 GMT+0200 (CEST);1562007434000;0.1;25.42
1380556833984591;30.5;29.5;Mon Jul 01 2019 20:59:11 GMT+0200 (CEST);Mon Jul 01 2019 18:59:11 GMT+0200 (CEST);1562007551000;0.1;24.61
1380556833984591;30.5;29.9;Mon Jul 01 2019 21:01:09 GMT+0200 (CEST);Mon Jul 01 2019 19:01:09 GMT+0200 (CEST);1562007669000;0.1;23.46
1380556833984591;29;29.9;Mon Jul 01 2019 21:03:06 GMT+0200 (CEST);Mon Jul 01 2019 19:03:06 GMT+0200 (CEST);1562007786000;0;21.96
1380556833984591;29;29.3;Mon Jul 01 2019 21:05:04 GMT+0200 (CEST);Mon Jul 01 2019 19:05:04 GMT+0200 (CEST);1562007904000;0;18.55
1380556833984591;28.5;29.1;Mon Jul 01 2019 21:07:00 GMT+0200 (CEST);Mon Jul 01 2019 19:07:00 GMT+0200 (CEST);1562008020000;0;15.31
1380556833984591;28.5;28.9;Mon Jul 01 2019 21:08:57 GMT+0200 (CEST);Mon Jul 01 2019 19:08:57 GMT+0200 (CEST);1562008137000;0;13.38
1380556833984591;28.5;29.8;Mon Jul 01 2019 21:10:54 GMT+0200 (CEST);Mon Jul 01 2019 19:10:54 GMT+0200 (CEST);1562008254000;0;12.61
1380556833984591;28.5;30.1;Mon Jul 01 2019 21:12:58 GMT+0200 (CEST);Mon Jul 01 2019 19:12:58 GMT+0200 (CEST);1562008378000;0;13.06
1380556833984591;28.5;29.4;Mon Jul 01 2019 21:15:00 GMT+0200 (CEST);Mon Jul 01 2019 19:15:00 GMT+0200 (CEST);1562008500000;0;12.41
1380556833984591;28.5;28.7;Mon Jul 01 2019 21:17:00 GMT+0200 (CEST);Mon Jul 01 2019 19:17:00 GMT+0200 (CEST);1562008620000;0;9.51
1380556833984591;28.5;28.6;Mon Jul 01 2019 21:18:57 GMT+0200 (CEST);Mon Jul 01 2019 19:18:57 GMT+0200 (CEST);1562008737000;0;6.9
1380556833984591;27;27.9;Mon Jul 01 2019 21:21:07 GMT+0200 (CEST);Mon Jul 01 2019 19:21:07 GMT+0200 (CEST);1562008867000;0;5.19
1380556833984591;27;26.6;Mon Jul 01 2019 21:23:13 GMT+0200 (CEST);Mon Jul 01 2019 19:23:13 GMT+0200 (CEST);1562008993000;0;4.02
1380556833984591;27;26.7;Mon Jul 01 2019 21:25:12 GMT+0200 (CEST);Mon Jul 01 2019 19:25:12 GMT+0200 (CEST);1562009112000;0;2.98
1380556833984591;26.5;30.4;Mon Jul 01 2019 21:27:12 GMT+0200 (CEST);Mon Jul 01 2019 19:27:12 GMT+0200 (CEST);1562009232000;0;2.26
1380556833984591;26.5;29.7;Mon Jul 01 2019 21:29:16 GMT+0200 (CEST);Mon Jul 01 2019 19:29:16 GMT+0200 (CEST);1562009356000;0;1.79
1380556833984591;27;28.6;Mon Jul 01 2019 21:31:18 GMT+0200 (CEST);Mon Jul 01 2019 19:31:18 GMT+0200 (CEST);1562009478000;0;0.75
1380556833984591;27;26.9;Mon Jul 01 2019 21:33:15 GMT+0200 (CEST);Mon Jul 01 2019 19:33:15 GMT+0200 (CEST);1562009595000;0;0.4
1380556833984591;27;26.9;Mon Jul 01 2019 21:35:15 GMT+0200 (CEST);Mon Jul 01 2019 19:35:15 GMT+0200 (CEST);1562009715000;0;0.16
1380556833984591;27;26.9;Mon Jul 01 2019 21:37:12 GMT+0200 (CEST);Mon Jul 01 2019 19:37:12 GMT+0200 (CEST);1562009832000;0;-0.01
1380556833984591;-273.2;25.4;Tue Jul 02 2019 05:09:08 GMT+0200 (CEST);Tue Jul 02 2019 03:09:08 GMT+0200 (CEST);1562036948000;0;1.14
1380556833984591;-273.2;25.4;Tue Jul 02 2019 05:11:04 GMT+0200 (CEST);Tue Jul 02 2019 03:11:04 GMT+0200 (CEST);1562037064000;0;1.33
1380556833984591;-273.2;25.4;Tue Jul 02 2019 05:13:01 GMT+0200 (CEST);Tue Jul 02 2019 03:13:01 GMT+0200 (CEST);1562037181000;0;1.13
1380556833984591;15.9;29;Tue Jul 02 2019 05:32:44 GMT+0200 (CEST);Tue Jul 02 2019 03:32:44 GMT+0200 (CEST);1562038364000;0;10.77
1380556833984591;15.9;25.8;Tue Jul 02 2019 05:34:42 GMT+0200 (CEST);Tue Jul 02 2019 03:34:42 GMT+0200 (CEST);1562038482000;0;11.98
1380556833984591;15.9;21.9;Tue Jul 02 2019 05:36:48 GMT+0200 (CEST);Tue Jul 02 2019 03:36:48 GMT+0200 (CEST);1562038608000;0;12.82
1380556833984591;14.9;19.1;Tue Jul 02 2019 05:38:45 GMT+0200 (CEST);Tue Jul 02 2019 03:38:45 GMT+0200 (CEST);1562038725000;0;14.24
1380556833984591;14.9;18.4;Tue Jul 02 2019 05:40:42 GMT+0200 (CEST);Tue Jul 02 2019 03:40:42 GMT+0200 (CEST);1562038842000;0;16.51
1380556833984591;14.4;18.4;Tue Jul 02 2019 05:42:40 GMT+0200 (CEST);Tue Jul 02 2019 03:42:40 GMT+0200 (CEST);1562038960000;0;18.25
1380556833984591;14.4;18.7;Tue Jul 02 2019 05:44:37 GMT+0200 (CEST);Tue Jul 02 2019 03:44:37 GMT+0200 (CEST);1562039077000;0;20.05
1380556833984591;14.4;18.7;Tue Jul 02 2019 05:46:36 GMT+0200 (CEST);Tue Jul 02 2019 03:46:36 GMT+0200 (CEST);1562039196000;0.1;21.69
1380556833984591;14.4;18.7;Tue Jul 02 2019 05:48:35 GMT+0200 (CEST);Tue Jul 02 2019 03:48:35 GMT+0200 (CEST);1562039315000;0.1;23.28
1380556833984591;14.4;18.7;Tue Jul 02 2019 05:50:32 GMT+0200 (CEST);Tue Jul 02 2019 03:50:32 GMT+0200 (CEST);1562039432000;0.1;24.87
1380556833984591;14.4;27.9;Tue Jul 02 2019 05:52:29 GMT+0200 (CEST);Tue Jul 02 2019 03:52:29 GMT+0200 (CEST);1562039549000;0.1;26.92
1380556833984591;15.9;30.8;Tue Jul 02 2019 05:54:25 GMT+0200 (CEST);Tue Jul 02 2019 03:54:25 GMT+0200 (CEST);1562039665000;0.1;27.98
1380556833984591;15.9;30.7;Tue Jul 02 2019 05:56:22 GMT+0200 (CEST);Tue Jul 02 2019 03:56:22 GMT+0200 (CEST);1562039782000;0.1;29.1
1380556833984591;18.5;30.9;Tue Jul 02 2019 05:58:22 GMT+0200 (CEST);Tue Jul 02 2019 03:58:22 GMT+0200 (CEST);1562039902000;0.1;29.83
1380556833984591;18.5;30.9;Tue Jul 02 2019 06:00:25 GMT+0200 (CEST);Tue Jul 02 2019 04:00:25 GMT+0200 (CEST);1562040025000;0.1;30.24
1380556833984591;18.5;30.6;Tue Jul 02 2019 06:02:22 GMT+0200 (CEST);Tue Jul 02 2019 04:02:22 GMT+0200 (CEST);1562040142000;0.1;30.59
1380556833984591;19;31.2;Tue Jul 02 2019 06:04:20 GMT+0200 (CEST);Tue Jul 02 2019 04:04:20 GMT+0200 (CEST);1562040260000;0.1;31.05
1380556833984591;19;31;Tue Jul 02 2019 06:06:16 GMT+0200 (CEST);Tue Jul 02 2019 04:06:16 GMT+0200 (CEST);1562040376000;0.1;31.14
1380556833984591;20.5;31;Tue Jul 02 2019 06:08:13 GMT+0200 (CEST);Tue Jul 02 2019 04:08:13 GMT+0200 (CEST);1562040493000;0.1;32.02
1380556833984591;20.5;30.8;Tue Jul 02 2019 06:10:12 GMT+0200 (CEST);Tue Jul 02 2019 04:10:12 GMT+0200 (CEST);1562040612000;0.1;32.96
1380556833984591;20.5;30.8;Tue Jul 02 2019 06:12:09 GMT+0200 (CEST);Tue Jul 02 2019 04:12:09 GMT+0200 (CEST);1562040729000;0.1;33.43
1380556833984591;19;29.8;Tue Jul 02 2019 06:14:06 GMT+0200 (CEST);Tue Jul 02 2019 04:14:06 GMT+0200 (CEST);1562040846000;0.1;33.73
1380556833984591;19;30.1;Tue Jul 02 2019 06:16:03 GMT+0200 (CEST);Tue Jul 02 2019 04:16:03 GMT+0200 (CEST);1562040963000;0.1;33.82
1380556833984591;19;29.8;Tue Jul 02 2019 06:17:59 GMT+0200 (CEST);Tue Jul 02 2019 04:17:59 GMT+0200 (CEST);1562041079000;0.1;34.33
1380556833984591;19;29.9;Tue Jul 02 2019 06:19:56 GMT+0200 (CEST);Tue Jul 02 2019 04:19:56 GMT+0200 (CEST);1562041196000;0.1;35.18
1380556833984591;19;30.8;Tue Jul 02 2019 06:21:55 GMT+0200 (CEST);Tue Jul 02 2019 04:21:55 GMT+0200 (CEST);1562041315000;0.1;36.8
1380556833984591;19;30.6;Tue Jul 02 2019 06:23:51 GMT+0200 (CEST);Tue Jul 02 2019 04:23:51 GMT+0200 (CEST);1562041431000;0.1;38.13
1380556833984591;19;25.5;Tue Jul 02 2019 06:25:49 GMT+0200 (CEST);Tue Jul 02 2019 04:25:49 GMT+0200 (CEST);1562041549000;0.1;39.34
1380556833984591;18.5;26.2;Tue Jul 02 2019 06:27:45 GMT+0200 (CEST);Tue Jul 02 2019 04:27:45 GMT+0200 (CEST);1562041665000;0.1;39.24
1380556833984591;18.5;32.8;Tue Jul 02 2019 06:29:42 GMT+0200 (CEST);Tue Jul 02 2019 04:29:42 GMT+0200 (CEST);1562041782000;0.1;39.2
1380556833984591;20.5;33;Tue Jul 02 2019 06:31:45 GMT+0200 (CEST);Tue Jul 02 2019 04:31:45 GMT+0200 (CEST);1562041905000;0.2;40.27
1380556833984591;20.5;32.7;Tue Jul 02 2019 06:33:42 GMT+0200 (CEST);Tue Jul 02 2019 04:33:42 GMT+0200 (CEST);1562042022000;0.2;42.22
1380556833984591;20.5;26.3;Tue Jul 02 2019 06:35:39 GMT+0200 (CEST);Tue Jul 02 2019 04:35:39 GMT+0200 (CEST);1562042139000;0.2;44.28
1380556833984591;18.5;21.9;Tue Jul 02 2019 06:37:35 GMT+0200 (CEST);Tue Jul 02 2019 04:37:35 GMT+0200 (CEST);1562042255000;0.2;47.37
1380556833984591;18.5;26.3;Tue Jul 02 2019 06:39:39 GMT+0200 (CEST);Tue Jul 02 2019 04:39:39 GMT+0200 (CEST);1562042379000;0.3;49.56
1380556833984591;15.9;23.4;Tue Jul 02 2019 06:41:36 GMT+0200 (CEST);Tue Jul 02 2019 04:41:36 GMT+0200 (CEST);1562042496000;0.3;51.3
1380556833984591;15.9;22.2;Tue Jul 02 2019 06:43:37 GMT+0200 (CEST);Tue Jul 02 2019 04:43:37 GMT+0200 (CEST);1562042617000;0.3;53.54
1380556833984591;15.9;23.1;Tue Jul 02 2019 06:45:34 GMT+0200 (CEST);Tue Jul 02 2019 04:45:34 GMT+0200 (CEST);1562042734000;0.4;55.49
1380556833984591;15.9;23.4;Tue Jul 02 2019 06:47:31 GMT+0200 (CEST);Tue Jul 02 2019 04:47:31 GMT+0200 (CEST);1562042851000;0.4;57.91
1380556833984591;15.9;26;Tue Jul 02 2019 06:49:28 GMT+0200 (CEST);Tue Jul 02 2019 04:49:28 GMT+0200 (CEST);1562042968000;0.4;60.18
1380556833984591;16.9;27;Tue Jul 02 2019 06:51:25 GMT+0200 (CEST);Tue Jul 02 2019 04:51:25 GMT+0200 (CEST);1562043085000;0.4;62.05
1380556833984591;16.9;27.4;Tue Jul 02 2019 06:53:25 GMT+0200 (CEST);Tue Jul 02 2019 04:53:25 GMT+0200 (CEST);1562043205000;0.5;65.58
1380556833984591;19;28.8;Tue Jul 02 2019 06:55:22 GMT+0200 (CEST);Tue Jul 02 2019 04:55:22 GMT+0200 (CEST);1562043322000;0.5;68.13
1380556833984591;19;28.6;Tue Jul 02 2019 06:57:19 GMT+0200 (CEST);Tue Jul 02 2019 04:57:19 GMT+0200 (CEST);1562043439000;0.5;71.8
1380556833984591;19;30.5;Tue Jul 02 2019 06:59:16 GMT+0200 (CEST);Tue Jul 02 2019 04:59:16 GMT+0200 (CEST);1562043556000;0.6;75.76
1380556833984591;20.5;30;Tue Jul 02 2019 07:01:14 GMT+0200 (CEST);Tue Jul 02 2019 05:01:14 GMT+0200 (CEST);1562043674000;0.6;79.62
1380556833984591;20.5;31;Tue Jul 02 2019 07:03:11 GMT+0200 (CEST);Tue Jul 02 2019 05:03:11 GMT+0200 (CEST);1562043791000;0.6;81.99
1380556833984591;21;31.2;Tue Jul 02 2019 07:05:08 GMT+0200 (CEST);Tue Jul 02 2019 05:05:08 GMT+0200 (CEST);1562043908000;0.6;81.82
1380556833984591;21;31.5;Tue Jul 02 2019 07:07:04 GMT+0200 (CEST);Tue Jul 02 2019 05:07:04 GMT+0200 (CEST);1562044024000;0.6;84.87
1380556833984591;22.5;31.5;Tue Jul 02 2019 07:09:01 GMT+0200 (CEST);Tue Jul 02 2019 05:09:01 GMT+0200 (CEST);1562044141000;0.7;135.77
1380556833984591;22.5;31.5;Tue Jul 02 2019 07:11:16 GMT+0200 (CEST);Tue Jul 02 2019 05:11:16 GMT+0200 (CEST);1562044276000;0.6;162.39
1380556833984591;22.5;31.8;Tue Jul 02 2019 07:13:13 GMT+0200 (CEST);Tue Jul 02 2019 05:13:13 GMT+0200 (CEST);1562044393000;0.6;142.57
1380556833984591;22.5;31.6;Tue Jul 02 2019 07:15:10 GMT+0200 (CEST);Tue Jul 02 2019 05:15:10 GMT+0200 (CEST);1562044510000;0.6;150.19
1380556833984591;22.5;31.9;Tue Jul 02 2019 07:17:06 GMT+0200 (CEST);Tue Jul 02 2019 05:17:06 GMT+0200 (CEST);1562044626000;0.7;182.07
1380556833984591;23;32.3;Tue Jul 02 2019 07:19:17 GMT+0200 (CEST);Tue Jul 02 2019 05:19:17 GMT+0200 (CEST);1562044757000;0.8;189.51
1380556833984591;23;32.2;Tue Jul 02 2019 07:21:14 GMT+0200 (CEST);Tue Jul 02 2019 05:21:14 GMT+0200 (CEST);1562044874000;0.8;195.9
1380556833984591;23;32.1;Tue Jul 02 2019 07:23:11 GMT+0200 (CEST);Tue Jul 02 2019 05:23:11 GMT+0200 (CEST);1562044991000;0.8;192.97
1380556833984591;23;32;Tue Jul 02 2019 07:25:08 GMT+0200 (CEST);Tue Jul 02 2019 05:25:08 GMT+0200 (CEST);1562045108000;0.8;190.81
1380556833984591;23;32.2;Tue Jul 02 2019 07:27:06 GMT+0200 (CEST);Tue Jul 02 2019 05:27:06 GMT+0200 (CEST);1562045226000;0.9;225.32
1380556833984591;23;32.6;Tue Jul 02 2019 07:29:06 GMT+0200 (CEST);Tue Jul 02 2019 05:29:06 GMT+0200 (CEST);1562045346000;1;220.88
1380556833984591;23;32.3;Tue Jul 02 2019 07:31:03 GMT+0200 (CEST);Tue Jul 02 2019 05:31:03 GMT+0200 (CEST);1562045463000;0.6;130.47
1380556833984591;23;31.8;Tue Jul 02 2019 07:33:07 GMT+0200 (CEST);Tue Jul 02 2019 05:33:07 GMT+0200 (CEST);1562045587000;0.8;179.45
1380556833984591;23;32.6;Tue Jul 02 2019 07:35:12 GMT+0200 (CEST);Tue Jul 02 2019 05:35:12 GMT+0200 (CEST);1562045712000;1;235.84
1380556833984591;23;33;Tue Jul 02 2019 07:37:17 GMT+0200 (CEST);Tue Jul 02 2019 05:37:17 GMT+0200 (CEST);1562045837000;1.1;260.24
1380556833984591;24.5;32.9;Tue Jul 02 2019 07:39:14 GMT+0200 (CEST);Tue Jul 02 2019 05:39:14 GMT+0200 (CEST);1562045954000;0.9;226.74
1380556833984591;24.5;32.6;Tue Jul 02 2019 07:41:11 GMT+0200 (CEST);Tue Jul 02 2019 05:41:11 GMT+0200 (CEST);1562046071000;1;227.3
1380556833984591;25;32.9;Tue Jul 02 2019 07:43:08 GMT+0200 (CEST);Tue Jul 02 2019 05:43:08 GMT+0200 (CEST);1562046188000;1.1;258.61
1380556833984591;25;33.6;Tue Jul 02 2019 07:45:09 GMT+0200 (CEST);Tue Jul 02 2019 05:45:09 GMT+0200 (CEST);1562046309000;1.2;265.04
1380556833984591;25;32.3;Tue Jul 02 2019 07:47:11 GMT+0200 (CEST);Tue Jul 02 2019 05:47:11 GMT+0200 (CEST);1562046431000;1.3;292.22
1380556833984591;25;33.5;Tue Jul 02 2019 07:49:10 GMT+0200 (CEST);Tue Jul 02 2019 05:49:10 GMT+0200 (CEST);1562046550000;1.3;296.77
1380556833984591;25;33.5;Tue Jul 02 2019 07:51:28 GMT+0200 (CEST);Tue Jul 02 2019 05:51:28 GMT+0200 (CEST);1562046688000;1.3;291.74
1380556833984591;26.5;33.4;Tue Jul 02 2019 07:53:25 GMT+0200 (CEST);Tue Jul 02 2019 05:53:25 GMT+0200 (CEST);1562046805000;1.3;280.87
1380556833984591;26.5;33.2;Tue Jul 02 2019 07:55:22 GMT+0200 (CEST);Tue Jul 02 2019 05:55:22 GMT+0200 (CEST);1562046922000;1.2;275.52
1380556833984591;26.5;32.9;Tue Jul 02 2019 07:57:19 GMT+0200 (CEST);Tue Jul 02 2019 05:57:19 GMT+0200 (CEST);1562047039000;1;228.18
1380556833984591;26.5;33.1;Tue Jul 02 2019 07:59:16 GMT+0200 (CEST);Tue Jul 02 2019 05:59:16 GMT+0200 (CEST);1562047156000;1.4;300.99
1380556833984591;26.5;33.3;Tue Jul 02 2019 08:01:15 GMT+0200 (CEST);Tue Jul 02 2019 06:01:15 GMT+0200 (CEST);1562047275000;1.4;292.78
1380556833984591;26.5;34;Tue Jul 02 2019 08:03:12 GMT+0200 (CEST);Tue Jul 02 2019 06:03:12 GMT+0200 (CEST);1562047392000;1.5;340.47
1380556833984591;26.5;33.9;Tue Jul 02 2019 08:05:12 GMT+0200 (CEST);Tue Jul 02 2019 06:05:12 GMT+0200 (CEST);1562047512000;1.6;345.59
1380556833984591;27;33.9;Tue Jul 02 2019 08:07:08 GMT+0200 (CEST);Tue Jul 02 2019 06:07:08 GMT+0200 (CEST);1562047628000;1.5;340.47
1380556833984591;27;33.7;Tue Jul 02 2019 08:09:05 GMT+0200 (CEST);Tue Jul 02 2019 06:09:05 GMT+0200 (CEST);1562047745000;1.5;320.51
1380556833984591;28.5;33.7;Tue Jul 02 2019 08:11:02 GMT+0200 (CEST);Tue Jul 02 2019 06:11:02 GMT+0200 (CEST);1562047862000;1.4;313.36
1380556833984591;28.5;33.6;Tue Jul 02 2019 08:13:02 GMT+0200 (CEST);Tue Jul 02 2019 06:13:02 GMT+0200 (CEST);1562047982000;1.4;297.56
1380556833984591;28.5;33.6;Tue Jul 02 2019 08:14:59 GMT+0200 (CEST);Tue Jul 02 2019 06:14:59 GMT+0200 (CEST);1562048099000;1.2;254.5
1380556833984591;28.5;33.5;Tue Jul 02 2019 08:16:56 GMT+0200 (CEST);Tue Jul 02 2019 06:16:56 GMT+0200 (CEST);1562048216000;1.3;275.22
1380556833984591;28.5;33.6;Tue Jul 02 2019 08:19:16 GMT+0200 (CEST);Tue Jul 02 2019 06:19:16 GMT+0200 (CEST);1562048356000;1.4;303.06
1380556833984591;28.5;33.8;Tue Jul 02 2019 08:21:45 GMT+0200 (CEST);Tue Jul 02 2019 06:21:45 GMT+0200 (CEST);1562048505000;1.6;353.27
1380556833984591;28.5;33.8;Tue Jul 02 2019 08:23:42 GMT+0200 (CEST);Tue Jul 02 2019 06:23:42 GMT+0200 (CEST);1562048622000;1.7;378.87
1380556833984591;28.5;33.8;Tue Jul 02 2019 08:25:39 GMT+0200 (CEST);Tue Jul 02 2019 06:25:39 GMT+0200 (CEST);1562048739000;1.9;404.47
1380556833984591;28.5;33.8;Tue Jul 02 2019 08:27:23 GMT+0200 (CEST);Tue Jul 02 2019 06:27:23 GMT+0200 (CEST);1562048843000;2;430.07
1380556833984591;28.5;33.8;Tue Jul 02 2019 08:29:07 GMT+0200 (CEST);Tue Jul 02 2019 06:29:07 GMT+0200 (CEST);1562048947000;2.1;442.87
1380556833984591;29;33.9;Tue Jul 02 2019 08:30:51 GMT+0200 (CEST);Tue Jul 02 2019 06:30:51 GMT+0200 (CEST);1562049051000;2.1;453.11
1380556833984591;29;33.8;Tue Jul 02 2019 08:32:35 GMT+0200 (CEST);Tue Jul 02 2019 06:32:35 GMT+0200 (CEST);1562049155000;2.2;460.79
1380556833984591;29;33.5;Tue Jul 02 2019 08:34:19 GMT+0200 (CEST);Tue Jul 02 2019 06:34:19 GMT+0200 (CEST);1562049259000;2.1;458.23
1380556833984591;30.5;33.7;Tue Jul 02 2019 08:36:03 GMT+0200 (CEST);Tue Jul 02 2019 06:36:03 GMT+0200 (CEST);1562049363000;2.2;473.59
1380556833984591;30.5;33.6;Tue Jul 02 2019 08:38:20 GMT+0200 (CEST);Tue Jul 02 2019 06:38:20 GMT+0200 (CEST);1562049500000;2.2;476.15
1380556833984591;30.5;33.4;Tue Jul 02 2019 08:40:11 GMT+0200 (CEST);Tue Jul 02 2019 06:40:11 GMT+0200 (CEST);1562049611000;2.3;486.39
1380556833984591;31.1;33.2;Tue Jul 02 2019 08:41:53 GMT+0200 (CEST);Tue Jul 02 2019 06:41:53 GMT+0200 (CEST);1562049713000;2.4;491.51
1380556833984591;31.1;33.3;Tue Jul 02 2019 08:43:36 GMT+0200 (CEST);Tue Jul 02 2019 06:43:36 GMT+0200 (CEST);1562049816000;2.4;496.63
1380556833984591;32.1;33.2;Tue Jul 02 2019 08:45:20 GMT+0200 (CEST);Tue Jul 02 2019 06:45:20 GMT+0200 (CEST);1562049920000;2.3;483.83
1380556833984591;32.1;33.3;Tue Jul 02 2019 08:47:03 GMT+0200 (CEST);Tue Jul 02 2019 06:47:03 GMT+0200 (CEST);1562050023000;2.5;509.43
1380556833984591;42.6;31.9;Tue Jul 02 2019 10:30:48 GMT+0200 (CEST);Tue Jul 02 2019 08:30:48 GMT+0200 (CEST);1562056248000;4.1;833.05
1380556833984591;42.6;31.9;Tue Jul 02 2019 10:32:29 GMT+0200 (CEST);Tue Jul 02 2019 08:32:29 GMT+0200 (CEST);1562056349000;4.1;834.54
1380556833984591;42.6;31.7;Tue Jul 02 2019 10:34:15 GMT+0200 (CEST);Tue Jul 02 2019 08:34:15 GMT+0200 (CEST);1562056455000;4.1;843.26
1380556833984591;42.6;31.7;Tue Jul 02 2019 10:36:06 GMT+0200 (CEST);Tue Jul 02 2019 08:36:06 GMT+0200 (CEST);1562056566000;4.2;843.22
1380556833984591;43.1;31.7;Tue Jul 02 2019 10:37:52 GMT+0200 (CEST);Tue Jul 02 2019 08:37:52 GMT+0200 (CEST);1562056672000;4.1;854.17
1380556833984591;43.1;31.6;Tue Jul 02 2019 10:39:40 GMT+0200 (CEST);Tue Jul 02 2019 08:39:40 GMT+0200 (CEST);1562056780000;4.3;860.09
1380556833984591;43.1;31.6;Tue Jul 02 2019 10:41:27 GMT+0200 (CEST);Tue Jul 02 2019 08:41:27 GMT+0200 (CEST);1562056887000;4.3;861.01
1380556833984591;44.7;31.5;Tue Jul 02 2019 10:43:17 GMT+0200 (CEST);Tue Jul 02 2019 08:43:17 GMT+0200 (CEST);1562056997000;4.3;869.95
1380556833984591;44.7;31.7;Tue Jul 02 2019 10:45:05 GMT+0200 (CEST);Tue Jul 02 2019 08:45:05 GMT+0200 (CEST);1562057105000;4.3;874.14
1380556833984591;44.7;31.6;Tue Jul 02 2019 10:46:58 GMT+0200 (CEST);Tue Jul 02 2019 08:46:58 GMT+0200 (CEST);1562057218000;4.3;880.7
1380556833984591;44.7;31.6;Tue Jul 02 2019 10:48:44 GMT+0200 (CEST);Tue Jul 02 2019 08:48:44 GMT+0200 (CEST);1562057324000;4.3;879.89
1380556833984591;44.7;31.3;Tue Jul 02 2019 10:50:44 GMT+0200 (CEST);Tue Jul 02 2019 08:50:44 GMT+0200 (CEST);1562057444000;4.3;881.61
1380556833984591;44.7;31.5;Tue Jul 02 2019 10:52:32 GMT+0200 (CEST);Tue Jul 02 2019 08:52:32 GMT+0200 (CEST);1562057552000;4.4;887.15
1380556833984591;44.7;31.6;Tue Jul 02 2019 10:54:36 GMT+0200 (CEST);Tue Jul 02 2019 08:54:36 GMT+0200 (CEST);1562057676000;4.4;890.42
1380556833984591;44.7;31.6;Tue Jul 02 2019 10:56:22 GMT+0200 (CEST);Tue Jul 02 2019 08:56:22 GMT+0200 (CEST);1562057782000;4.4;887.26
1380556833984591;44.7;31.5;Tue Jul 02 2019 10:58:18 GMT+0200 (CEST);Tue Jul 02 2019 08:58:18 GMT+0200 (CEST);1562057898000;4.4;891.89
1380556833984591;44.7;31.4;Tue Jul 02 2019 11:00:04 GMT+0200 (CEST);Tue Jul 02 2019 09:00:04 GMT+0200 (CEST);1562058004000;4.4;897.31
1380556833984591;44.7;31.6;Tue Jul 02 2019 11:01:52 GMT+0200 (CEST);Tue Jul 02 2019 09:01:52 GMT+0200 (CEST);1562058112000;4.4;908.98
1380556833984591;44.7;31.5;Tue Jul 02 2019 11:03:38 GMT+0200 (CEST);Tue Jul 02 2019 09:03:38 GMT+0200 (CEST);1562058218000;4.5;911.5
1380556833984591;44.7;31.6;Tue Jul 02 2019 11:05:24 GMT+0200 (CEST);Tue Jul 02 2019 09:05:24 GMT+0200 (CEST);1562058324000;4.5;914.71
1380556833984591;44.7;31.3;Tue Jul 02 2019 11:07:11 GMT+0200 (CEST);Tue Jul 02 2019 09:07:11 GMT+0200 (CEST);1562058431000;4.5;917.35
1380556833984591;44.7;31.3;Tue Jul 02 2019 11:08:56 GMT+0200 (CEST);Tue Jul 02 2019 09:08:56 GMT+0200 (CEST);1562058536000;4.5;917.1
1380556833984591;44.7;31.3;Tue Jul 02 2019 11:10:42 GMT+0200 (CEST);Tue Jul 02 2019 09:10:42 GMT+0200 (CEST);1562058642000;4.5;921.73
1380556833984591;45.2;31.3;Tue Jul 02 2019 11:12:28 GMT+0200 (CEST);Tue Jul 02 2019 09:12:28 GMT+0200 (CEST);1562058748000;4.5;914
1380556833984591;45.2;31.3;Tue Jul 02 2019 11:14:14 GMT+0200 (CEST);Tue Jul 02 2019 09:14:14 GMT+0200 (CEST);1562058854000;4.6;923.91
1380556833984591;45.2;31.3;Tue Jul 02 2019 11:16:00 GMT+0200 (CEST);Tue Jul 02 2019 09:16:00 GMT+0200 (CEST);1562058960000;4.6;930.88
1380556833984591;45.2;31.3;Tue Jul 02 2019 11:17:46 GMT+0200 (CEST);Tue Jul 02 2019 09:17:46 GMT+0200 (CEST);1562059066000;4.6;933.93
1380556833984591;45.2;31.3;Tue Jul 02 2019 11:19:33 GMT+0200 (CEST);Tue Jul 02 2019 09:19:33 GMT+0200 (CEST);1562059173000;4.6;934.31
1380556833984591;45.2;31.3;Tue Jul 02 2019 11:21:49 GMT+0200 (CEST);Tue Jul 02 2019 09:21:49 GMT+0200 (CEST);1562059309000;4.6;937.37
1380556833984591;45.2;31.3;Tue Jul 02 2019 11:23:35 GMT+0200 (CEST);Tue Jul 02 2019 09:23:35 GMT+0200 (CEST);1562059415000;4.6;939.57
1380556833984591;46.7;31.2;Tue Jul 02 2019 11:25:26 GMT+0200 (CEST);Tue Jul 02 2019 09:25:26 GMT+0200 (CEST);1562059526000;4.7;950.51
1380556833984591;46.7;31.1;Tue Jul 02 2019 11:27:14 GMT+0200 (CEST);Tue Jul 02 2019 09:27:14 GMT+0200 (CEST);1562059634000;4.7;945.32
1380556833984591;46.7;31.1;Tue Jul 02 2019 11:29:00 GMT+0200 (CEST);Tue Jul 02 2019 09:29:00 GMT+0200 (CEST);1562059740000;4.7;958.39
1380556833984591;46.7;31.2;Tue Jul 02 2019 11:30:47 GMT+0200 (CEST);Tue Jul 02 2019 09:30:47 GMT+0200 (CEST);1562059847000;4.7;961.53
1380556833984591;46.7;31.1;Tue Jul 02 2019 11:32:32 GMT+0200 (CEST);Tue Jul 02 2019 09:32:32 GMT+0200 (CEST);1562059952000;4.7;970.7
1380556833984591;46.7;31.2;Tue Jul 02 2019 11:34:18 GMT+0200 (CEST);Tue Jul 02 2019 09:34:18 GMT+0200 (CEST);1562060058000;4.8;971.57
1380556833984591;46.7;31.2;Tue Jul 02 2019 11:36:10 GMT+0200 (CEST);Tue Jul 02 2019 09:36:10 GMT+0200 (CEST);1562060170000;4.8;969.05
1380556833984591;46.7;31.1;Tue Jul 02 2019 11:37:56 GMT+0200 (CEST);Tue Jul 02 2019 09:37:56 GMT+0200 (CEST);1562060276000;4.8;969.56
1380556833984591;46.7;31.2;Tue Jul 02 2019 11:39:44 GMT+0200 (CEST);Tue Jul 02 2019 09:39:44 GMT+0200 (CEST);1562060384000;4.8;975.4
1380556833984591;46.7;31.3;Tue Jul 02 2019 11:41:32 GMT+0200 (CEST);Tue Jul 02 2019 09:41:32 GMT+0200 (CEST);1562060492000;4.8;974.98
1380556833984591;46.7;31;Tue Jul 02 2019 11:43:18 GMT+0200 (CEST);Tue Jul 02 2019 09:43:18 GMT+0200 (CEST);1562060598000;4.8;966.07
1380556833984591;46.7;31.1;Tue Jul 02 2019 11:45:10 GMT+0200 (CEST);Tue Jul 02 2019 09:45:10 GMT+0200 (CEST);1562060710000;4.8;978.11
1380556833984591;46.7;31.2;Tue Jul 02 2019 11:46:56 GMT+0200 (CEST);Tue Jul 02 2019 09:46:56 GMT+0200 (CEST);1562060816000;4.9;988.15
1380556833984591;46.7;31.1;Tue Jul 02 2019 11:48:47 GMT+0200 (CEST);Tue Jul 02 2019 09:48:47 GMT+0200 (CEST);1562060927000;4.8;980.93
1380556833984591;46.7;31.2;Tue Jul 02 2019 11:50:33 GMT+0200 (CEST);Tue Jul 02 2019 09:50:33 GMT+0200 (CEST);1562061033000;4.9;993.27
1380556833984591;46.7;31.2;Tue Jul 02 2019 11:52:18 GMT+0200 (CEST);Tue Jul 02 2019 09:52:18 GMT+0200 (CEST);1562061138000;4.9;993.27
1380556833984591;46.7;31.1;Tue Jul 02 2019 11:54:04 GMT+0200 (CEST);Tue Jul 02 2019 09:54:04 GMT+0200 (CEST);1562061244000;4.9;995.83
1380556833984591;46.7;31.1;Tue Jul 02 2019 11:55:50 GMT+0200 (CEST);Tue Jul 02 2019 09:55:50 GMT+0200 (CEST);1562061350000;4.9;998.39
1380556833984591;46.7;31;Tue Jul 02 2019 11:57:41 GMT+0200 (CEST);Tue Jul 02 2019 09:57:41 GMT+0200 (CEST);1562061461000;4.9;998.39
1380556833984591;46.7;30.9;Tue Jul 02 2019 11:59:27 GMT+0200 (CEST);Tue Jul 02 2019 09:59:27 GMT+0200 (CEST);1562061567000;4.9;995.83
1380556833984591;46.7;31;Tue Jul 02 2019 12:01:13 GMT+0200 (CEST);Tue Jul 02 2019 10:01:13 GMT+0200 (CEST);1562061673000;4.9;998.39
1380556833984591;47.2;31.1;Tue Jul 02 2019 12:02:59 GMT+0200 (CEST);Tue Jul 02 2019 10:02:59 GMT+0200 (CEST);1562061779000;4.9;995.83
1380556833984591;47.2;31;Tue Jul 02 2019 12:04:45 GMT+0200 (CEST);Tue Jul 02 2019 10:04:45 GMT+0200 (CEST);1562061885000;5;990.71
1380556833984591;47.2;31.1;Tue Jul 02 2019 12:06:35 GMT+0200 (CEST);Tue Jul 02 2019 10:06:35 GMT+0200 (CEST);1562061995000;5;1029.11
1380556833984591;47.2;31;Tue Jul 02 2019 12:08:21 GMT+0200 (CEST);Tue Jul 02 2019 10:08:21 GMT+0200 (CEST);1562062101000;5;1029.11
1380556833984591;47.2;31.1;Tue Jul 02 2019 12:10:10 GMT+0200 (CEST);Tue Jul 02 2019 10:10:10 GMT+0200 (CEST);1562062210000;5;1023.99
1380556833984591;47.2;31.1;Tue Jul 02 2019 12:11:55 GMT+0200 (CEST);Tue Jul 02 2019 10:11:55 GMT+0200 (CEST);1562062315000;5;1029.11
1380556833984591;47.2;31;Tue Jul 02 2019 12:13:41 GMT+0200 (CEST);Tue Jul 02 2019 10:13:41 GMT+0200 (CEST);1562062421000;5;1021.43
1380556833984591;47.2;30.8;Tue Jul 02 2019 12:15:27 GMT+0200 (CEST);Tue Jul 02 2019 10:15:27 GMT+0200 (CEST);1562062527000;4.9;998.39
1380556833984591;48.2;31;Tue Jul 02 2019 12:17:13 GMT+0200 (CEST);Tue Jul 02 2019 10:17:13 GMT+0200 (CEST);1562062633000;5;1021.43
1380556833984591;48.2;30.8;Tue Jul 02 2019 12:18:59 GMT+0200 (CEST);Tue Jul 02 2019 10:18:59 GMT+0200 (CEST);1562062739000;5;1021.43
1380556833984591;48.2;30.8;Tue Jul 02 2019 12:20:54 GMT+0200 (CEST);Tue Jul 02 2019 10:20:54 GMT+0200 (CEST);1562062854000;5;1026.55
1380556833984591;48.2;30.8;Tue Jul 02 2019 12:22:54 GMT+0200 (CEST);Tue Jul 02 2019 10:22:54 GMT+0200 (CEST);1562062974000;5;1018.87
1380556833984591;48.2;30.9;Tue Jul 02 2019 12:24:47 GMT+0200 (CEST);Tue Jul 02 2019 10:24:47 GMT+0200 (CEST);1562063087000;5;1021.43
1380556833984591;47.2;30.9;Tue Jul 02 2019 12:26:40 GMT+0200 (CEST);Tue Jul 02 2019 10:26:40 GMT+0200 (CEST);1562063200000;5;1021.43
1380556833984591;47.2;30.8;Tue Jul 02 2019 12:28:26 GMT+0200 (CEST);Tue Jul 02 2019 10:28:26 GMT+0200 (CEST);1562063306000;5.1;1036.79
1380556833984591;48.2;30.8;Tue Jul 02 2019 12:30:12 GMT+0200 (CEST);Tue Jul 02 2019 10:30:12 GMT+0200 (CEST);1562063412000;5.1;1036.79
1380556833984591;48.2;30.5;Tue Jul 02 2019 12:31:58 GMT+0200 (CEST);Tue Jul 02 2019 10:31:58 GMT+0200 (CEST);1562063518000;5.1;1049.59
1380556833984591;48.2;30.8;Tue Jul 02 2019 12:34:03 GMT+0200 (CEST);Tue Jul 02 2019 10:34:03 GMT+0200 (CEST);1562063643000;3.7;227.03
1380556833984591;48.2;30.8;Tue Jul 02 2019 12:35:49 GMT+0200 (CEST);Tue Jul 02 2019 10:35:49 GMT+0200 (CEST);1562063749000;2.5;688.46
1380556833984591;48.2;31.5;Tue Jul 02 2019 12:37:47 GMT+0200 (CEST);Tue Jul 02 2019 10:37:47 GMT+0200 (CEST);1562063867000;5.1;1031.67
1380556833984591;47.2;31.5;Tue Jul 02 2019 12:39:35 GMT+0200 (CEST);Tue Jul 02 2019 10:39:35 GMT+0200 (CEST);1562063975000;5.1;1031.67
1380556833984591;47.2;31.3;Tue Jul 02 2019 12:41:21 GMT+0200 (CEST);Tue Jul 02 2019 10:41:21 GMT+0200 (CEST);1562064081000;5;1023.99
1380556833984591;47.2;31;Tue Jul 02 2019 12:43:07 GMT+0200 (CEST);Tue Jul 02 2019 10:43:07 GMT+0200 (CEST);1562064187000;5.1;1029.11
1380556833984591;47.2;30.9;Tue Jul 02 2019 12:45:07 GMT+0200 (CEST);Tue Jul 02 2019 10:45:07 GMT+0200 (CEST);1562064307000;2.5;368.63
1380556833984591;47.2;30.9;Tue Jul 02 2019 12:46:52 GMT+0200 (CEST);Tue Jul 02 2019 10:46:52 GMT+0200 (CEST);1562064412000;5.1;1018.87
1380556833984591;48.2;30.6;Tue Jul 02 2019 12:48:40 GMT+0200 (CEST);Tue Jul 02 2019 10:48:40 GMT+0200 (CEST);1562064520000;5.1;1023.99
1380556833984591;48.2;30.5;Tue Jul 02 2019 12:50:26 GMT+0200 (CEST);Tue Jul 02 2019 10:50:26 GMT+0200 (CEST);1562064626000;5;1018.87
1380556833984591;48.2;30.4;Tue Jul 02 2019 12:52:12 GMT+0200 (CEST);Tue Jul 02 2019 10:52:12 GMT+0200 (CEST);1562064732000;5.1;1026.55
1380556833984591;48.2;30.6;Tue Jul 02 2019 12:53:57 GMT+0200 (CEST);Tue Jul 02 2019 10:53:57 GMT+0200 (CEST);1562064837000;5.1;1021.43
1380556833984591;48.2;30.5;Tue Jul 02 2019 12:55:43 GMT+0200 (CEST);Tue Jul 02 2019 10:55:43 GMT+0200 (CEST);1562064943000;3.5;1041.91
1380556833984591;48.2;30.9;Tue Jul 02 2019 12:57:30 GMT+0200 (CEST);Tue Jul 02 2019 10:57:30 GMT+0200 (CEST);1562065050000;5.3;1087.99
1380556833984591;48.2;30.9;Tue Jul 02 2019 12:59:18 GMT+0200 (CEST);Tue Jul 02 2019 10:59:18 GMT+0200 (CEST);1562065158000;5.2;1049.59
1380556833984591;48.2;30.8;Tue Jul 02 2019 13:01:07 GMT+0200 (CEST);Tue Jul 02 2019 11:01:07 GMT+0200 (CEST);1562065267000;5.1;1036.79
1380556833984591;48.2;30.6;Tue Jul 02 2019 13:02:52 GMT+0200 (CEST);Tue Jul 02 2019 11:02:52 GMT+0200 (CEST);1562065372000;5.1;1036.79
1380556833984591;48.2;30.4;Tue Jul 02 2019 13:04:42 GMT+0200 (CEST);Tue Jul 02 2019 11:04:42 GMT+0200 (CEST);1562065482000;5.1;1036.79
1380556833984591;50.7;30.5;Tue Jul 02 2019 13:06:28 GMT+0200 (CEST);Tue Jul 02 2019 11:06:28 GMT+0200 (CEST);1562065588000;5.1;1031.67
1380556833984591;50.7;30.5;Tue Jul 02 2019 13:08:14 GMT+0200 (CEST);Tue Jul 02 2019 11:08:14 GMT+0200 (CEST);1562065694000;5.1;1041.91
1380556833984591;50.7;30.4;Tue Jul 02 2019 13:10:00 GMT+0200 (CEST);Tue Jul 02 2019 11:10:00 GMT+0200 (CEST);1562065800000;5.2;1049.59
1380556833984591;50.7;30.8;Tue Jul 02 2019 13:11:47 GMT+0200 (CEST);Tue Jul 02 2019 11:11:47 GMT+0200 (CEST);1562065907000;5.1;1047.03
1380556833984591;50.7;30.5;Tue Jul 02 2019 13:13:33 GMT+0200 (CEST);Tue Jul 02 2019 11:13:33 GMT+0200 (CEST);1562066013000;5.2;1052.15
1380556833984591;48.2;30.7;Tue Jul 02 2019 13:15:21 GMT+0200 (CEST);Tue Jul 02 2019 11:15:21 GMT+0200 (CEST);1562066121000;5.1;1039.35
1380556833984591;50.7;30.7;Tue Jul 02 2019 13:17:07 GMT+0200 (CEST);Tue Jul 02 2019 11:17:07 GMT+0200 (CEST);1562066227000;5.1;1039.35
1380556833984591;50.7;30.8;Tue Jul 02 2019 13:18:53 GMT+0200 (CEST);Tue Jul 02 2019 11:18:53 GMT+0200 (CEST);1562066333000;5.1;1034.23
1380556833984591;50.7;30.9;Tue Jul 02 2019 13:20:39 GMT+0200 (CEST);Tue Jul 02 2019 11:20:39 GMT+0200 (CEST);1562066439000;5.1;1036.79
1380556833984591;50.7;30.8;Tue Jul 02 2019 13:22:39 GMT+0200 (CEST);Tue Jul 02 2019 11:22:39 GMT+0200 (CEST);1562066559000;5.1;1031.67
1380556833984591;50.7;30.8;Tue Jul 02 2019 13:24:24 GMT+0200 (CEST);Tue Jul 02 2019 11:24:24 GMT+0200 (CEST);1562066664000;5.1;1041.91
1380556833984591;48.2;30.8;Tue Jul 02 2019 13:26:12 GMT+0200 (CEST);Tue Jul 02 2019 11:26:12 GMT+0200 (CEST);1562066772000;5.1;1041.91
1380556833984591;50.7;31.8;Tue Jul 02 2019 13:27:57 GMT+0200 (CEST);Tue Jul 02 2019 11:27:57 GMT+0200 (CEST);1562066877000;1.8;645.11
1380556833984591;50.7;30.8;Tue Jul 02 2019 13:29:58 GMT+0200 (CEST);Tue Jul 02 2019 11:29:58 GMT+0200 (CEST);1562066998000;5;1016.31
1380556833984591;50.7;30.8;Tue Jul 02 2019 13:31:46 GMT+0200 (CEST);Tue Jul 02 2019 11:31:46 GMT+0200 (CEST);1562067106000;5.1;1031.67
1380556833984591;50.7;30.8;Tue Jul 02 2019 13:33:40 GMT+0200 (CEST);Tue Jul 02 2019 11:33:40 GMT+0200 (CEST);1562067220000;5.2;1052.15
1380556833984591;50.7;30.7;Tue Jul 02 2019 13:35:26 GMT+0200 (CEST);Tue Jul 02 2019 11:35:26 GMT+0200 (CEST);1562067326000;5.1;1052.15
1380556833984591;50.7;30.8;Tue Jul 02 2019 13:37:36 GMT+0200 (CEST);Tue Jul 02 2019 11:37:36 GMT+0200 (CEST);1562067456000;5;1023.99
1380556833984591;49.2;30.8;Tue Jul 02 2019 13:39:25 GMT+0200 (CEST);Tue Jul 02 2019 11:39:25 GMT+0200 (CEST);1562067565000;5.1;1023.99
1380556833984591;49.2;30.9;Tue Jul 02 2019 13:41:11 GMT+0200 (CEST);Tue Jul 02 2019 11:41:11 GMT+0200 (CEST);1562067671000;5.1;1023.99
1380556833984591;49.2;31;Tue Jul 02 2019 13:42:58 GMT+0200 (CEST);Tue Jul 02 2019 11:42:58 GMT+0200 (CEST);1562067778000;5;1018.87
1380556833984591;48.2;31.1;Tue Jul 02 2019 13:44:52 GMT+0200 (CEST);Tue Jul 02 2019 11:44:52 GMT+0200 (CEST);1562067892000;5;1023.99
1380556833984591;48.2;31.1;Tue Jul 02 2019 13:46:38 GMT+0200 (CEST);Tue Jul 02 2019 11:46:38 GMT+0200 (CEST);1562067998000;5;1031.67
1380556833984591;48.2;31;Tue Jul 02 2019 13:48:24 GMT+0200 (CEST);Tue Jul 02 2019 11:48:24 GMT+0200 (CEST);1562068104000;5.1;1034.23
1380556833984591;48.2;31;Tue Jul 02 2019 13:50:10 GMT+0200 (CEST);Tue Jul 02 2019 11:50:10 GMT+0200 (CEST);1562068210000;3.1;228.78
1380556833984591;48.2;30.5;Tue Jul 02 2019 13:51:57 GMT+0200 (CEST);Tue Jul 02 2019 11:51:57 GMT+0200 (CEST);1562068317000;5.2;713.74
1380556833984591;48.2;31.1;Tue Jul 02 2019 13:53:54 GMT+0200 (CEST);Tue Jul 02 2019 11:53:54 GMT+0200 (CEST);1562068434000;4.3;1039.35
1380556833984591;48.2;31.7;Tue Jul 02 2019 13:55:41 GMT+0200 (CEST);Tue Jul 02 2019 11:55:41 GMT+0200 (CEST);1562068541000;5;1018.87
1380556833984591;48.2;31.5;Tue Jul 02 2019 13:57:27 GMT+0200 (CEST);Tue Jul 02 2019 11:57:27 GMT+0200 (CEST);1562068647000;5;1021.43
1380556833984591;48.2;31.5;Tue Jul 02 2019 13:59:13 GMT+0200 (CEST);Tue Jul 02 2019 11:59:13 GMT+0200 (CEST);1562068753000;5;1018.87
1380556833984591;47.2;31.2;Tue Jul 02 2019 14:00:59 GMT+0200 (CEST);Tue Jul 02 2019 12:00:59 GMT+0200 (CEST);1562068859000;5;1013.75
1380556833984591;47.2;31.1;Tue Jul 02 2019 14:02:47 GMT+0200 (CEST);Tue Jul 02 2019 12:02:47 GMT+0200 (CEST);1562068967000;4.9;1003.51
1380556833984591;47.2;31.2;Tue Jul 02 2019 14:04:34 GMT+0200 (CEST);Tue Jul 02 2019 12:04:34 GMT+0200 (CEST);1562069074000;4.9;998.39
1380556833984591;47.2;31;Tue Jul 02 2019 14:06:21 GMT+0200 (CEST);Tue Jul 02 2019 12:06:21 GMT+0200 (CEST);1562069181000;4.9;988.15
1380556833984591;47.2;31;Tue Jul 02 2019 14:08:08 GMT+0200 (CEST);Tue Jul 02 2019 12:08:08 GMT+0200 (CEST);1562069288000;4.8;974.44
1380556833984591;47.2;31.2;Tue Jul 02 2019 14:09:55 GMT+0200 (CEST);Tue Jul 02 2019 12:09:55 GMT+0200 (CEST);1562069395000;4.8;982.32
1380556833984591;47.2;31.2;Tue Jul 02 2019 14:11:40 GMT+0200 (CEST);Tue Jul 02 2019 12:11:40 GMT+0200 (CEST);1562069500000;4.9;993.27
1380556833984591;47.2;31.1;Tue Jul 02 2019 14:13:26 GMT+0200 (CEST);Tue Jul 02 2019 12:13:26 GMT+0200 (CEST);1562069606000;4.9;995.83
1380556833984591;47.2;31.2;Tue Jul 02 2019 14:15:21 GMT+0200 (CEST);Tue Jul 02 2019 12:15:21 GMT+0200 (CEST);1562069721000;4.9;995.83
1380556833984591;47.2;31.2;Tue Jul 02 2019 14:17:07 GMT+0200 (CEST);Tue Jul 02 2019 12:17:07 GMT+0200 (CEST);1562069827000;4.8;988.15
1380556833984591;47.2;31.2;Tue Jul 02 2019 14:18:53 GMT+0200 (CEST);Tue Jul 02 2019 12:18:53 GMT+0200 (CEST);1562069933000;4.8;979
1380556833984591;47.2;31.2;Tue Jul 02 2019 14:20:39 GMT+0200 (CEST);Tue Jul 02 2019 12:20:39 GMT+0200 (CEST);1562070039000;4.7;985.59
1380556833984591;47.2;31.9;Tue Jul 02 2019 14:22:25 GMT+0200 (CEST);Tue Jul 02 2019 12:22:25 GMT+0200 (CEST);1562070145000;4.7;981.28
1380556833984591;47.2;30.9;Tue Jul 02 2019 14:24:11 GMT+0200 (CEST);Tue Jul 02 2019 12:24:11 GMT+0200 (CEST);1562070251000;4.8;976.23
1380556833984591;48.2;31.5;Tue Jul 02 2019 14:25:57 GMT+0200 (CEST);Tue Jul 02 2019 12:25:57 GMT+0200 (CEST);1562070357000;4.8;979.38
1380556833984591;48.2;30.9;Tue Jul 02 2019 14:27:43 GMT+0200 (CEST);Tue Jul 02 2019 12:27:43 GMT+0200 (CEST);1562070463000;4.8;978.64
1380556833984591;48.2;30.8;Tue Jul 02 2019 14:29:34 GMT+0200 (CEST);Tue Jul 02 2019 12:29:34 GMT+0200 (CEST);1562070574000;4.8;974.29
1380556833984591;48.2;30.9;Tue Jul 02 2019 14:31:20 GMT+0200 (CEST);Tue Jul 02 2019 12:31:20 GMT+0200 (CEST);1562070680000;4.6;967.98
1380556833984591;48.2;31.3;Tue Jul 02 2019 14:33:06 GMT+0200 (CEST);Tue Jul 02 2019 12:33:06 GMT+0200 (CEST);1562070786000;4.7;962.09
1380556833984591;48.2;31;Tue Jul 02 2019 14:34:51 GMT+0200 (CEST);Tue Jul 02 2019 12:34:51 GMT+0200 (CEST);1562070891000;4.6;958.53
1380556833984591;48.2;31.7;Tue Jul 02 2019 14:36:37 GMT+0200 (CEST);Tue Jul 02 2019 12:36:37 GMT+0200 (CEST);1562070997000;4.6;960.31
1380556833984591;48.2;31.8;Tue Jul 02 2019 14:38:31 GMT+0200 (CEST);Tue Jul 02 2019 12:38:31 GMT+0200 (CEST);1562071111000;4.5;952.11
1380556833984591;48.2;31.8;Tue Jul 02 2019 14:40:17 GMT+0200 (CEST);Tue Jul 02 2019 12:40:17 GMT+0200 (CEST);1562071217000;4.6;952.69
1380556833984591;48.2;31.4;Tue Jul 02 2019 14:42:03 GMT+0200 (CEST);Tue Jul 02 2019 12:42:03 GMT+0200 (CEST);1562071323000;4.5;941.76
1380556833984591;48.2;31.8;Tue Jul 02 2019 14:43:49 GMT+0200 (CEST);Tue Jul 02 2019 12:43:49 GMT+0200 (CEST);1562071429000;4.5;940.8
1380556833984591;48.2;31.8;Tue Jul 02 2019 14:45:35 GMT+0200 (CEST);Tue Jul 02 2019 12:45:35 GMT+0200 (CEST);1562071535000;4.4;931.17
1380556833984591;48.2;31.5;Tue Jul 02 2019 14:47:20 GMT+0200 (CEST);Tue Jul 02 2019 12:47:20 GMT+0200 (CEST);1562071640000;4.5;928.07
1380556833984591;48.2;31.5;Tue Jul 02 2019 14:49:07 GMT+0200 (CEST);Tue Jul 02 2019 12:49:07 GMT+0200 (CEST);1562071747000;4.4;938.58
1380556833984591;48.2;32.1;Tue Jul 02 2019 14:50:53 GMT+0200 (CEST);Tue Jul 02 2019 12:50:53 GMT+0200 (CEST);1562071853000;4.4;936.99
1380556833984591;48.2;32;Tue Jul 02 2019 14:52:56 GMT+0200 (CEST);Tue Jul 02 2019 12:52:56 GMT+0200 (CEST);1562071976000;4.4;933.8
1380556833984591;48.2;31.9;Tue Jul 02 2019 14:54:53 GMT+0200 (CEST);Tue Jul 02 2019 12:54:53 GMT+0200 (CEST);1562072093000;4.4;930.8
1380556833984591;48.2;31.9;Tue Jul 02 2019 14:56:39 GMT+0200 (CEST);Tue Jul 02 2019 12:56:39 GMT+0200 (CEST);1562072199000;4.4;917.4
1380556833984591;48.2;32.1;Tue Jul 02 2019 14:58:25 GMT+0200 (CEST);Tue Jul 02 2019 12:58:25 GMT+0200 (CEST);1562072305000;4.4;914.63
1380556833984591;48.2;31.8;Tue Jul 02 2019 15:00:11 GMT+0200 (CEST);Tue Jul 02 2019 13:00:11 GMT+0200 (CEST);1562072411000;4.4;917.38
1380556833984591;48.2;31.9;Tue Jul 02 2019 15:01:58 GMT+0200 (CEST);Tue Jul 02 2019 13:01:58 GMT+0200 (CEST);1562072518000;4.3;915.33
1380556833984591;48.2;31.8;Tue Jul 02 2019 15:03:46 GMT+0200 (CEST);Tue Jul 02 2019 13:03:46 GMT+0200 (CEST);1562072626000;4.4;913.63
1380556833984591;48.2;31.9;Tue Jul 02 2019 15:05:32 GMT+0200 (CEST);Tue Jul 02 2019 13:05:32 GMT+0200 (CEST);1562072732000;4.3;914.83
1380556833984591;48.2;31.6;Tue Jul 02 2019 15:07:18 GMT+0200 (CEST);Tue Jul 02 2019 13:07:18 GMT+0200 (CEST);1562072838000;4.4;908.21
1380556833984591;48.2;31.7;Tue Jul 02 2019 15:09:04 GMT+0200 (CEST);Tue Jul 02 2019 13:09:04 GMT+0200 (CEST);1562072944000;4.5;904.08
1380556833984591;48.2;31.2;Tue Jul 02 2019 15:10:55 GMT+0200 (CEST);Tue Jul 02 2019 13:10:55 GMT+0200 (CEST);1562073055000;4.4;897.38
1380556833984591;48.2;31.4;Tue Jul 02 2019 15:12:41 GMT+0200 (CEST);Tue Jul 02 2019 13:12:41 GMT+0200 (CEST);1562073161000;4.4;896.89
1380556833984591;48.2;31.3;Tue Jul 02 2019 15:14:32 GMT+0200 (CEST);Tue Jul 02 2019 13:14:32 GMT+0200 (CEST);1562073272000;4.4;887.34
1380556833984591;48.2;31.2;Tue Jul 02 2019 15:16:20 GMT+0200 (CEST);Tue Jul 02 2019 13:16:20 GMT+0200 (CEST);1562073380000;4.4;884.8
1380556833984591;48.2;31.1;Tue Jul 02 2019 15:18:08 GMT+0200 (CEST);Tue Jul 02 2019 13:18:08 GMT+0200 (CEST);1562073488000;4.3;881.67
1380556833984591;48.2;31.3;Tue Jul 02 2019 15:19:54 GMT+0200 (CEST);Tue Jul 02 2019 13:19:54 GMT+0200 (CEST);1562073594000;4.4;881.71
1380556833984591;48.2;31;Tue Jul 02 2019 15:21:40 GMT+0200 (CEST);Tue Jul 02 2019 13:21:40 GMT+0200 (CEST);1562073700000;4.4;876.38
1380556833984591;48.2;31.1;Tue Jul 02 2019 15:23:31 GMT+0200 (CEST);Tue Jul 02 2019 13:23:31 GMT+0200 (CEST);1562073811000;4.4;875.15
1380556833984591;48.2;31.4;Tue Jul 02 2019 15:25:17 GMT+0200 (CEST);Tue Jul 02 2019 13:25:17 GMT+0200 (CEST);1562073917000;4.3;894.15
1380556833984591;48.2;31.8;Tue Jul 02 2019 15:27:03 GMT+0200 (CEST);Tue Jul 02 2019 13:27:03 GMT+0200 (CEST);1562074023000;4.2;885.49
1380556833984591;47.2;31.3;Tue Jul 02 2019 15:28:49 GMT+0200 (CEST);Tue Jul 02 2019 13:28:49 GMT+0200 (CEST);1562074129000;4.2;854.4
1380556833984591;47.2;31.3;Tue Jul 02 2019 15:30:40 GMT+0200 (CEST);Tue Jul 02 2019 13:30:40 GMT+0200 (CEST);1562074240000;4.2;847.45
1380556833984591;47.2;31.9;Tue Jul 02 2019 15:32:26 GMT+0200 (CEST);Tue Jul 02 2019 13:32:26 GMT+0200 (CEST);1562074346000;4.1;844.79
1380556833984591;47.2;31.9;Tue Jul 02 2019 15:34:12 GMT+0200 (CEST);Tue Jul 02 2019 13:34:12 GMT+0200 (CEST);1562074452000;4;843.6
1380556833984591;47.2;32.2;Tue Jul 02 2019 15:35:57 GMT+0200 (CEST);Tue Jul 02 2019 13:35:57 GMT+0200 (CEST);1562074557000;4;841.98
1380556833984591;47.2;32.5;Tue Jul 02 2019 15:37:48 GMT+0200 (CEST);Tue Jul 02 2019 13:37:48 GMT+0200 (CEST);1562074668000;4;840.21
1380556833984591;47.2;32.5;Tue Jul 02 2019 15:39:34 GMT+0200 (CEST);Tue Jul 02 2019 13:39:34 GMT+0200 (CEST);1562074774000;4.1;828.9
1380556833984591;47.2;31.9;Tue Jul 02 2019 15:41:20 GMT+0200 (CEST);Tue Jul 02 2019 13:41:20 GMT+0200 (CEST);1562074880000;4;825.36
1380556833984591;47.2;31.9;Tue Jul 02 2019 15:43:06 GMT+0200 (CEST);Tue Jul 02 2019 13:43:06 GMT+0200 (CEST);1562074986000;4;819.17
1380556833984591;47.2;31.8;Tue Jul 02 2019 15:44:52 GMT+0200 (CEST);Tue Jul 02 2019 13:44:52 GMT+0200 (CEST);1562075092000;4;815.54
1380556833984591;46.7;31.6;Tue Jul 02 2019 15:46:39 GMT+0200 (CEST);Tue Jul 02 2019 13:46:39 GMT+0200 (CEST);1562075199000;4;815.75
1380556833984591;46.7;31.9;Tue Jul 02 2019 15:48:25 GMT+0200 (CEST);Tue Jul 02 2019 13:48:25 GMT+0200 (CEST);1562075305000;4;807.75
1380556833984591;46.7;31.9;Tue Jul 02 2019 15:50:19 GMT+0200 (CEST);Tue Jul 02 2019 13:50:19 GMT+0200 (CEST);1562075419000;3.9;807.01
1380556833984591;46.7;31.7;Tue Jul 02 2019 15:52:15 GMT+0200 (CEST);Tue Jul 02 2019 13:52:15 GMT+0200 (CEST);1562075535000;3.9;801.04
1380556833984591;46.7;31.7;Tue Jul 02 2019 15:54:01 GMT+0200 (CEST);Tue Jul 02 2019 13:54:01 GMT+0200 (CEST);1562075641000;3.9;797.08
1380556833984591;46.7;31.9;Tue Jul 02 2019 15:55:55 GMT+0200 (CEST);Tue Jul 02 2019 13:55:55 GMT+0200 (CEST);1562075755000;3.8;788.08
1380556833984591;47.2;32.1;Tue Jul 02 2019 15:57:40 GMT+0200 (CEST);Tue Jul 02 2019 13:57:40 GMT+0200 (CEST);1562075860000;3.8;785.93
1380556833984591;47.2;32.2;Tue Jul 02 2019 15:59:26 GMT+0200 (CEST);Tue Jul 02 2019 13:59:26 GMT+0200 (CEST);1562075966000;3.7;781.2
1380556833984591;47.2;32.5;Tue Jul 02 2019 16:01:20 GMT+0200 (CEST);Tue Jul 02 2019 14:01:20 GMT+0200 (CEST);1562076080000;3.7;774.21
1380556833984591;46.7;32.5;Tue Jul 02 2019 16:03:05 GMT+0200 (CEST);Tue Jul 02 2019 14:03:05 GMT+0200 (CEST);1562076185000;3.6;769.28
1380556833984591;46.7;32.6;Tue Jul 02 2019 16:04:57 GMT+0200 (CEST);Tue Jul 02 2019 14:04:57 GMT+0200 (CEST);1562076297000;3.6;759.57
1380556833984591;46.7;32.5;Tue Jul 02 2019 16:06:42 GMT+0200 (CEST);Tue Jul 02 2019 14:06:42 GMT+0200 (CEST);1562076402000;3.6;752.8
1380556833984591;46.7;32.3;Tue Jul 02 2019 16:08:54 GMT+0200 (CEST);Tue Jul 02 2019 14:08:54 GMT+0200 (CEST);1562076534000;3.6;749.1
1380556833984591;46.7;32.3;Tue Jul 02 2019 16:10:43 GMT+0200 (CEST);Tue Jul 02 2019 14:10:43 GMT+0200 (CEST);1562076643000;3.6;743.22
1380556833984591;46.7;32.3;Tue Jul 02 2019 16:12:31 GMT+0200 (CEST);Tue Jul 02 2019 14:12:31 GMT+0200 (CEST);1562076751000;3.5;737.83
1380556833984591;46.7;32.3;Tue Jul 02 2019 16:14:17 GMT+0200 (CEST);Tue Jul 02 2019 14:14:17 GMT+0200 (CEST);1562076857000;3.6;734.95
1380556833984591;46.7;31.7;Tue Jul 02 2019 16:16:07 GMT+0200 (CEST);Tue Jul 02 2019 14:16:07 GMT+0200 (CEST);1562076967000;3.6;730.16
1380556833984591;46.7;31.7;Tue Jul 02 2019 16:17:58 GMT+0200 (CEST);Tue Jul 02 2019 14:17:58 GMT+0200 (CEST);1562077078000;3.6;723.76
1380556833984591;46.7;32.1;Tue Jul 02 2019 16:20:03 GMT+0200 (CEST);Tue Jul 02 2019 14:20:03 GMT+0200 (CEST);1562077203000;3.5;714.7
1380556833984591;46.7;32.7;Tue Jul 02 2019 16:21:53 GMT+0200 (CEST);Tue Jul 02 2019 14:21:53 GMT+0200 (CEST);1562077313000;3.5;707.07
1380556833984591;46.7;32.2;Tue Jul 02 2019 16:23:48 GMT+0200 (CEST);Tue Jul 02 2019 14:23:48 GMT+0200 (CEST);1562077428000;3.4;701.24
1380556833984591;46.7;32.1;Tue Jul 02 2019 16:25:33 GMT+0200 (CEST);Tue Jul 02 2019 14:25:33 GMT+0200 (CEST);1562077533000;3.4;691.13
1380556833984591;45.2;32.1;Tue Jul 02 2019 16:27:21 GMT+0200 (CEST);Tue Jul 02 2019 14:27:21 GMT+0200 (CEST);1562077641000;3.4;688.64
1380556833984591;45.2;31.9;Tue Jul 02 2019 16:29:08 GMT+0200 (CEST);Tue Jul 02 2019 14:29:08 GMT+0200 (CEST);1562077748000;3.4;682.99
1380556833984591;45.2;32.3;Tue Jul 02 2019 16:30:54 GMT+0200 (CEST);Tue Jul 02 2019 14:30:54 GMT+0200 (CEST);1562077854000;3.3;675.69
1380556833984591;45.2;32.6;Tue Jul 02 2019 16:32:40 GMT+0200 (CEST);Tue Jul 02 2019 14:32:40 GMT+0200 (CEST);1562077960000;3.2;671.44
1380556833984591;45.2;32.6;Tue Jul 02 2019 16:34:27 GMT+0200 (CEST);Tue Jul 02 2019 14:34:27 GMT+0200 (CEST);1562078067000;3.3;672.01
1380556833984591;45.2;31.9;Tue Jul 02 2019 16:36:13 GMT+0200 (CEST);Tue Jul 02 2019 14:36:13 GMT+0200 (CEST);1562078173000;3.2;664.25
1380556833984591;45.2;32.9;Tue Jul 02 2019 16:37:59 GMT+0200 (CEST);Tue Jul 02 2019 14:37:59 GMT+0200 (CEST);1562078279000;3.1;659.07
1380556833984591;45.2;32.6;Tue Jul 02 2019 16:39:49 GMT+0200 (CEST);Tue Jul 02 2019 14:39:49 GMT+0200 (CEST);1562078389000;3.2;652.79
1380556833984591;44.7;32.3;Tue Jul 02 2019 16:41:34 GMT+0200 (CEST);Tue Jul 02 2019 14:41:34 GMT+0200 (CEST);1562078494000;3.2;647.67
1380556833984591;44.7;32.1;Tue Jul 02 2019 16:43:20 GMT+0200 (CEST);Tue Jul 02 2019 14:43:20 GMT+0200 (CEST);1562078600000;3.1;637.43
1380556833984591;44.7;32.6;Tue Jul 02 2019 16:45:06 GMT+0200 (CEST);Tue Jul 02 2019 14:45:06 GMT+0200 (CEST);1562078706000;3.1;632.31
1380556833984591;44.7;31.5;Tue Jul 02 2019 16:46:52 GMT+0200 (CEST);Tue Jul 02 2019 14:46:52 GMT+0200 (CEST);1562078812000;3.1;627.19
1380556833984591;44.7;31.7;Tue Jul 02 2019 16:48:38 GMT+0200 (CEST);Tue Jul 02 2019 14:48:38 GMT+0200 (CEST);1562078918000;3.1;622.07
1380556833984591;44.7;31.3;Tue Jul 02 2019 16:50:24 GMT+0200 (CEST);Tue Jul 02 2019 14:50:24 GMT+0200 (CEST);1562079024000;3.1;616.95
1380556833984591;44.7;32.1;Tue Jul 02 2019 16:52:10 GMT+0200 (CEST);Tue Jul 02 2019 14:52:10 GMT+0200 (CEST);1562079130000;3;614.39
1380556833984591;44.7;31.9;Tue Jul 02 2019 16:53:56 GMT+0200 (CEST);Tue Jul 02 2019 14:53:56 GMT+0200 (CEST);1562079236000;3.1;609.27
1380556833984591;44.7;31.6;Tue Jul 02 2019 16:55:56 GMT+0200 (CEST);Tue Jul 02 2019 14:55:56 GMT+0200 (CEST);1562079356000;3;599.03
1380556833984591;44.7;31.6;Tue Jul 02 2019 16:57:44 GMT+0200 (CEST);Tue Jul 02 2019 14:57:44 GMT+0200 (CEST);1562079464000;3;593.91
1380556833984591;44.7;31.7;Tue Jul 02 2019 16:59:31 GMT+0200 (CEST);Tue Jul 02 2019 14:59:31 GMT+0200 (CEST);1562079571000;2.9;586.23
1380556833984591;43.1;32.1;Tue Jul 02 2019 17:01:17 GMT+0200 (CEST);Tue Jul 02 2019 15:01:17 GMT+0200 (CEST);1562079677000;2.9;578.55
1380556833984591;43.1;31.7;Tue Jul 02 2019 17:03:37 GMT+0200 (CEST);Tue Jul 02 2019 15:03:37 GMT+0200 (CEST);1562079817000;2.9;568.31
1380556833984591;42.6;31.6;Tue Jul 02 2019 17:05:23 GMT+0200 (CEST);Tue Jul 02 2019 15:05:23 GMT+0200 (CEST);1562079923000;2.8;563.19
1380556833984591;42.6;31.9;Tue Jul 02 2019 17:07:09 GMT+0200 (CEST);Tue Jul 02 2019 15:07:09 GMT+0200 (CEST);1562080029000;2.8;555.51
1380556833984591;42.6;31.7;Tue Jul 02 2019 17:08:54 GMT+0200 (CEST);Tue Jul 02 2019 15:08:54 GMT+0200 (CEST);1562080134000;2.8;547.83
1380556833984591;42.6;31.8;Tue Jul 02 2019 17:10:53 GMT+0200 (CEST);Tue Jul 02 2019 15:10:53 GMT+0200 (CEST);1562080253000;2.7;545.27
1380556833984591;42.6;32.1;Tue Jul 02 2019 17:12:40 GMT+0200 (CEST);Tue Jul 02 2019 15:12:40 GMT+0200 (CEST);1562080360000;2.7;537.59
1380556833984591;42.6;31.7;Tue Jul 02 2019 17:14:28 GMT+0200 (CEST);Tue Jul 02 2019 15:14:28 GMT+0200 (CEST);1562080468000;2.7;532.47
1380556833984591;42.6;32;Tue Jul 02 2019 17:17:02 GMT+0200 (CEST);Tue Jul 02 2019 15:17:02 GMT+0200 (CEST);1562080622000;2.6;524.79
1380556833984591;42.6;31.9;Tue Jul 02 2019 17:19:21 GMT+0200 (CEST);Tue Jul 02 2019 15:19:21 GMT+0200 (CEST);1562080761000;2.6;517.11
1380556833984591;41.1;32.1;Tue Jul 02 2019 17:21:27 GMT+0200 (CEST);Tue Jul 02 2019 15:21:27 GMT+0200 (CEST);1562080887000;2.5;506.87
1380556833984591;41.1;32;Tue Jul 02 2019 17:23:47 GMT+0200 (CEST);Tue Jul 02 2019 15:23:47 GMT+0200 (CEST);1562081027000;2.5;496.63
1380556833984591;41.1;32;Tue Jul 02 2019 17:25:17 GMT+0200 (CEST);Tue Jul 02 2019 15:25:17 GMT+0200 (CEST);1562081117000;2.4;491.51
1380556833984591;41.1;33;Tue Jul 02 2019 17:26:48 GMT+0200 (CEST);Tue Jul 02 2019 15:26:48 GMT+0200 (CEST);1562081208000;2.3;486.39
1380556833984591;41.1;32.5;Tue Jul 02 2019 17:28:18 GMT+0200 (CEST);Tue Jul 02 2019 15:28:18 GMT+0200 (CEST);1562081298000;2.4;483.83
1380556833984591;41.1;33;Tue Jul 02 2019 17:29:48 GMT+0200 (CEST);Tue Jul 02 2019 15:29:48 GMT+0200 (CEST);1562081388000;2.3;478.71
1380556833984591;41.1;32.9;Tue Jul 02 2019 17:31:19 GMT+0200 (CEST);Tue Jul 02 2019 15:31:19 GMT+0200 (CEST);1562081479000;2.3;473.59
1380556833984591;41.1;33;Tue Jul 02 2019 17:32:50 GMT+0200 (CEST);Tue Jul 02 2019 15:32:50 GMT+0200 (CEST);1562081570000;2.2;463.35
1380556833984591;41.1;33.4;Tue Jul 02 2019 17:34:26 GMT+0200 (CEST);Tue Jul 02 2019 15:34:26 GMT+0200 (CEST);1562081666000;2.2;453.11
1380556833984591;41.1;32.8;Tue Jul 02 2019 17:35:57 GMT+0200 (CEST);Tue Jul 02 2019 15:35:57 GMT+0200 (CEST);1562081757000;2.1;450.55
1380556833984591;41.1;33.2;Tue Jul 02 2019 17:37:27 GMT+0200 (CEST);Tue Jul 02 2019 15:37:27 GMT+0200 (CEST);1562081847000;2.2;445.43
1380556833984591;39.6;33;Tue Jul 02 2019 17:39:07 GMT+0200 (CEST);Tue Jul 02 2019 15:39:07 GMT+0200 (CEST);1562081947000;2.2;440.31
1380556833984591;39.6;33.7;Tue Jul 02 2019 17:40:37 GMT+0200 (CEST);Tue Jul 02 2019 15:40:37 GMT+0200 (CEST);1562082037000;2.1;440.31
1380556833984591;39.6;33.5;Tue Jul 02 2019 17:42:09 GMT+0200 (CEST);Tue Jul 02 2019 15:42:09 GMT+0200 (CEST);1562082129000;2.1;440.31
1380556833984591;39.6;33.8;Tue Jul 02 2019 17:43:39 GMT+0200 (CEST);Tue Jul 02 2019 15:43:39 GMT+0200 (CEST);1562082219000;2;430.07
1380556833984591;39.1;33.8;Tue Jul 02 2019 17:45:10 GMT+0200 (CEST);Tue Jul 02 2019 15:45:10 GMT+0200 (CEST);1562082310000;2;424.95
1380556833984591;39.1;33.8;Tue Jul 02 2019 17:46:41 GMT+0200 (CEST);Tue Jul 02 2019 15:46:41 GMT+0200 (CEST);1562082401000;1.9;417.27
1380556833984591;39.1;33.4;Tue Jul 02 2019 17:48:16 GMT+0200 (CEST);Tue Jul 02 2019 15:48:16 GMT+0200 (CEST);1562082496000;1.9;409.59
1380556833984591;39.1;33.6;Tue Jul 02 2019 17:49:48 GMT+0200 (CEST);Tue Jul 02 2019 15:49:48 GMT+0200 (CEST);1562082588000;1.9;399.35
1380556833984591;39.1;33.6;Tue Jul 02 2019 17:51:19 GMT+0200 (CEST);Tue Jul 02 2019 15:51:19 GMT+0200 (CEST);1562082679000;1.8;394.23
1380556833984591;39.1;33.8;Tue Jul 02 2019 17:52:48 GMT+0200 (CEST);Tue Jul 02 2019 15:52:48 GMT+0200 (CEST);1562082768000;1.8;391.67
1380556833984591;39.1;33.8;Tue Jul 02 2019 17:54:20 GMT+0200 (CEST);Tue Jul 02 2019 15:54:20 GMT+0200 (CEST);1562082860000;1.8;391.67
1380556833984591;39.1;33.5;Tue Jul 02 2019 17:55:51 GMT+0200 (CEST);Tue Jul 02 2019 15:55:51 GMT+0200 (CEST);1562082951000;1.8;386.55
1380556833984591;39.1;33.8;Tue Jul 02 2019 17:57:22 GMT+0200 (CEST);Tue Jul 02 2019 15:57:22 GMT+0200 (CEST);1562083042000;1.7;381.43
1380556833984591;39.1;33.9;Tue Jul 02 2019 17:58:58 GMT+0200 (CEST);Tue Jul 02 2019 15:58:58 GMT+0200 (CEST);1562083138000;1.7;376.31
1380556833984591;39.1;34;Tue Jul 02 2019 18:00:31 GMT+0200 (CEST);Tue Jul 02 2019 16:00:31 GMT+0200 (CEST);1562083231000;1.7;366.07
1380556833984591;39.1;33.9;Tue Jul 02 2019 18:02:08 GMT+0200 (CEST);Tue Jul 02 2019 16:02:08 GMT+0200 (CEST);1562083328000;1.7;360.95
1380556833984591;38.6;33.8;Tue Jul 02 2019 18:03:39 GMT+0200 (CEST);Tue Jul 02 2019 16:03:39 GMT+0200 (CEST);1562083419000;1.6;350.71
1380556833984591;38.6;33.9;Tue Jul 02 2019 18:05:28 GMT+0200 (CEST);Tue Jul 02 2019 16:05:28 GMT+0200 (CEST);1562083528000;1.6;345.59
1380556833984591;38.6;33.6;Tue Jul 02 2019 18:06:59 GMT+0200 (CEST);Tue Jul 02 2019 16:06:59 GMT+0200 (CEST);1562083619000;1.6;340.47
1380556833984591;38.6;33.8;Tue Jul 02 2019 18:08:30 GMT+0200 (CEST);Tue Jul 02 2019 16:08:30 GMT+0200 (CEST);1562083710000;1.5;335.35
1380556833984591;38.6;34;Tue Jul 02 2019 18:10:00 GMT+0200 (CEST);Tue Jul 02 2019 16:10:00 GMT+0200 (CEST);1562083800000;1.5;332.79
1380556833984591;38.6;34;Tue Jul 02 2019 18:11:33 GMT+0200 (CEST);Tue Jul 02 2019 16:11:33 GMT+0200 (CEST);1562083893000;1.5;324.58
1380556833984591;38.6;33.8;Tue Jul 02 2019 18:13:03 GMT+0200 (CEST);Tue Jul 02 2019 16:13:03 GMT+0200 (CEST);1562083983000;1.4;317.78
1380556833984591;38.6;33.8;Tue Jul 02 2019 18:14:35 GMT+0200 (CEST);Tue Jul 02 2019 16:14:35 GMT+0200 (CEST);1562084075000;1.4;313.88
1380556833984591;38.6;34.1;Tue Jul 02 2019 18:16:05 GMT+0200 (CEST);Tue Jul 02 2019 16:16:05 GMT+0200 (CEST);1562084165000;1.4;310.87
1380556833984591;37.1;34;Tue Jul 02 2019 18:17:40 GMT+0200 (CEST);Tue Jul 02 2019 16:17:40 GMT+0200 (CEST);1562084260000;1.4;305.69
1380556833984591;37.1;33.8;Tue Jul 02 2019 18:19:12 GMT+0200 (CEST);Tue Jul 02 2019 16:19:12 GMT+0200 (CEST);1562084352000;1.3;301.91
1380556833984591;37.1;33.9;Tue Jul 02 2019 18:21:31 GMT+0200 (CEST);Tue Jul 02 2019 16:21:31 GMT+0200 (CEST);1562084491000;1.3;293.14
1380556833984591;37.1;34;Tue Jul 02 2019 18:23:01 GMT+0200 (CEST);Tue Jul 02 2019 16:23:01 GMT+0200 (CEST);1562084581000;1.3;288.38
1380556833984591;37.1;33.8;Tue Jul 02 2019 18:24:34 GMT+0200 (CEST);Tue Jul 02 2019 16:24:34 GMT+0200 (CEST);1562084674000;1.2;282.12
1380556833984591;37.1;34.1;Tue Jul 02 2019 18:26:09 GMT+0200 (CEST);Tue Jul 02 2019 16:26:09 GMT+0200 (CEST);1562084769000;1.2;276.48
1380556833984591;36.6;34;Tue Jul 02 2019 18:27:42 GMT+0200 (CEST);Tue Jul 02 2019 16:27:42 GMT+0200 (CEST);1562084862000;1.2;269.62
1380556833984591;36.6;33.9;Tue Jul 02 2019 18:29:12 GMT+0200 (CEST);Tue Jul 02 2019 16:29:12 GMT+0200 (CEST);1562084952000;1.2;264.1
1380556833984591;36.6;33.9;Tue Jul 02 2019 18:30:43 GMT+0200 (CEST);Tue Jul 02 2019 16:30:43 GMT+0200 (CEST);1562085043000;1.1;257.71
1380556833984591;36.6;33.8;Tue Jul 02 2019 18:32:13 GMT+0200 (CEST);Tue Jul 02 2019 16:32:13 GMT+0200 (CEST);1562085133000;1.1;251.33
1380556833984591;36.6;34;Tue Jul 02 2019 18:33:43 GMT+0200 (CEST);Tue Jul 02 2019 16:33:43 GMT+0200 (CEST);1562085223000;1.1;247.29
1380556833984591;36.6;33.8;Tue Jul 02 2019 18:35:15 GMT+0200 (CEST);Tue Jul 02 2019 16:35:15 GMT+0200 (CEST);1562085315000;1.1;241.79
1380556833984591;35.1;33.6;Tue Jul 02 2019 18:37:08 GMT+0200 (CEST);Tue Jul 02 2019 16:37:08 GMT+0200 (CEST);1562085428000;1;235.03
1380556833984591;35.1;33.7;Tue Jul 02 2019 18:38:38 GMT+0200 (CEST);Tue Jul 02 2019 16:38:38 GMT+0200 (CEST);1562085518000;1;228.22
1380556833984591;35.1;34;Tue Jul 02 2019 18:40:11 GMT+0200 (CEST);Tue Jul 02 2019 16:40:11 GMT+0200 (CEST);1562085611000;1;225.02
1380556833984591;35.1;34.1;Tue Jul 02 2019 18:41:44 GMT+0200 (CEST);Tue Jul 02 2019 16:41:44 GMT+0200 (CEST);1562085704000;0.9;223.59
1380556833984591;35.1;34.1;Tue Jul 02 2019 18:43:24 GMT+0200 (CEST);Tue Jul 02 2019 16:43:24 GMT+0200 (CEST);1562085804000;0.9;219.28
1380556833984591;35.1;34;Tue Jul 02 2019 18:44:53 GMT+0200 (CEST);Tue Jul 02 2019 16:44:53 GMT+0200 (CEST);1562085893000;0.9;212.24
1380556833984591;35.1;34.1;Tue Jul 02 2019 18:46:23 GMT+0200 (CEST);Tue Jul 02 2019 16:46:23 GMT+0200 (CEST);1562085983000;0.9;209.66
1380556833984591;34.6;33.7;Tue Jul 02 2019 18:47:53 GMT+0200 (CEST);Tue Jul 02 2019 16:47:53 GMT+0200 (CEST);1562086073000;0.9;203.11
1380556833984591;34.6;33.7;Tue Jul 02 2019 18:49:23 GMT+0200 (CEST);Tue Jul 02 2019 16:49:23 GMT+0200 (CEST);1562086163000;0.8;200.25
1380556833984591;34.6;33.8;Tue Jul 02 2019 18:50:54 GMT+0200 (CEST);Tue Jul 02 2019 16:50:54 GMT+0200 (CEST);1562086254000;0.8;197.4
1380556833984591;34.6;33.8;Tue Jul 02 2019 18:52:33 GMT+0200 (CEST);Tue Jul 02 2019 16:52:33 GMT+0200 (CEST);1562086353000;0.8;192.42
1380556833984591;34.6;33.8;Tue Jul 02 2019 18:54:04 GMT+0200 (CEST);Tue Jul 02 2019 16:54:04 GMT+0200 (CEST);1562086444000;0.7;189.41
1380556833984591;34.6;33.9;Tue Jul 02 2019 18:55:49 GMT+0200 (CEST);Tue Jul 02 2019 16:55:49 GMT+0200 (CEST);1562086549000;0.7;182.73
1380556833984591;32.1;34;Tue Jul 02 2019 18:57:20 GMT+0200 (CEST);Tue Jul 02 2019 16:57:20 GMT+0200 (CEST);1562086640000;0.7;177.83
1380556833984591;32.1;34;Tue Jul 02 2019 18:58:51 GMT+0200 (CEST);Tue Jul 02 2019 16:58:51 GMT+0200 (CEST);1562086731000;0.7;172.43
1380556833984591;32.1;34;Tue Jul 02 2019 19:00:21 GMT+0200 (CEST);Tue Jul 02 2019 17:00:21 GMT+0200 (CEST);1562086821000;0.6;169.96
1380556833984591;32.1;34;Tue Jul 02 2019 19:01:51 GMT+0200 (CEST);Tue Jul 02 2019 17:01:51 GMT+0200 (CEST);1562086911000;0.6;166.48
1380556833984591;32.1;33.9;Tue Jul 02 2019 19:03:23 GMT+0200 (CEST);Tue Jul 02 2019 17:03:23 GMT+0200 (CEST);1562087003000;0.6;161.1
1380556833984591;32.1;34.1;Tue Jul 02 2019 19:04:53 GMT+0200 (CEST);Tue Jul 02 2019 17:04:53 GMT+0200 (CEST);1562087093000;0.6;156.93
1380556833984591;32.1;34.1;Tue Jul 02 2019 19:06:28 GMT+0200 (CEST);Tue Jul 02 2019 17:06:28 GMT+0200 (CEST);1562087188000;0.5;151.88
1380556833984591;32.1;34.3;Tue Jul 02 2019 19:08:02 GMT+0200 (CEST);Tue Jul 02 2019 17:08:02 GMT+0200 (CEST);1562087282000;0.5;146.06
1380556833984591;32.1;34.1;Tue Jul 02 2019 19:09:36 GMT+0200 (CEST);Tue Jul 02 2019 17:09:36 GMT+0200 (CEST);1562087376000;0.5;142.26
1380556833984591;32.1;34.1;Tue Jul 02 2019 19:11:08 GMT+0200 (CEST);Tue Jul 02 2019 17:11:08 GMT+0200 (CEST);1562087468000;0.5;136.27
1380556833984591;32.1;34.4;Tue Jul 02 2019 19:12:38 GMT+0200 (CEST);Tue Jul 02 2019 17:12:38 GMT+0200 (CEST);1562087558000;0.5;132.08
1380556833984591;32.1;34.2;Tue Jul 02 2019 19:14:09 GMT+0200 (CEST);Tue Jul 02 2019 17:14:09 GMT+0200 (CEST);1562087649000;0.4;128.19
1380556833984591;32.1;34.2;Tue Jul 02 2019 19:15:39 GMT+0200 (CEST);Tue Jul 02 2019 17:15:39 GMT+0200 (CEST);1562087739000;0.4;125.83
1380556833984591;32.1;34.3;Tue Jul 02 2019 19:17:12 GMT+0200 (CEST);Tue Jul 02 2019 17:17:12 GMT+0200 (CEST);1562087832000;0.4;119.49
1380556833984591;32.1;34.1;Tue Jul 02 2019 19:18:42 GMT+0200 (CEST);Tue Jul 02 2019 17:18:42 GMT+0200 (CEST);1562087922000;0.4;117.13
1380556833984591;32.1;34.2;Tue Jul 02 2019 19:20:13 GMT+0200 (CEST);Tue Jul 02 2019 17:20:13 GMT+0200 (CEST);1562088013000;0.4;113.94
1380556833984591;32.1;34.3;Tue Jul 02 2019 19:21:43 GMT+0200 (CEST);Tue Jul 02 2019 17:21:43 GMT+0200 (CEST);1562088103000;0.3;110.92
1380556833984591;32.1;34.3;Tue Jul 02 2019 19:23:32 GMT+0200 (CEST);Tue Jul 02 2019 17:23:32 GMT+0200 (CEST);1562088212000;0.3;105.52
1380556833984591;32.1;34.2;Tue Jul 02 2019 19:25:04 GMT+0200 (CEST);Tue Jul 02 2019 17:25:04 GMT+0200 (CEST);1562088304000;0.3;102.35
1380556833984591;32.1;34.1;Tue Jul 02 2019 19:26:34 GMT+0200 (CEST);Tue Jul 02 2019 17:26:34 GMT+0200 (CEST);1562088394000;0.3;99.17
1380556833984591;32.1;34.1;Tue Jul 02 2019 19:28:07 GMT+0200 (CEST);Tue Jul 02 2019 17:28:07 GMT+0200 (CEST);1562088487000;0.3;95.44
1380556833984591;31.1;34;Tue Jul 02 2019 19:29:37 GMT+0200 (CEST);Tue Jul 02 2019 17:29:37 GMT+0200 (CEST);1562088577000;0.2;91.82
1380556833984591;31.1;34;Tue Jul 02 2019 19:31:16 GMT+0200 (CEST);Tue Jul 02 2019 17:31:16 GMT+0200 (CEST);1562088676000;0.2;88.99
1380556833984591;31.1;33.9;Tue Jul 02 2019 19:32:50 GMT+0200 (CEST);Tue Jul 02 2019 17:32:50 GMT+0200 (CEST);1562088770000;0.2;85.7
1380556833984591;31.1;33.9;Tue Jul 02 2019 19:34:20 GMT+0200 (CEST);Tue Jul 02 2019 17:34:20 GMT+0200 (CEST);1562088860000;0.2;82.6
1380556833984591;31.1;33.8;Tue Jul 02 2019 19:35:51 GMT+0200 (CEST);Tue Jul 02 2019 17:35:51 GMT+0200 (CEST);1562088951000;0.2;78.64
1380556833984591;31.1;33.7;Tue Jul 02 2019 19:37:21 GMT+0200 (CEST);Tue Jul 02 2019 17:37:21 GMT+0200 (CEST);1562089041000;0.2;75.6
1380556833984591;30.5;33.9;Tue Jul 02 2019 19:39:22 GMT+0200 (CEST);Tue Jul 02 2019 17:39:22 GMT+0200 (CEST);1562089162000;0.2;70.25
1380556833984591;30.5;33.8;Tue Jul 02 2019 19:40:52 GMT+0200 (CEST);Tue Jul 02 2019 17:40:52 GMT+0200 (CEST);1562089252000;0.2;66.55
1380556833984591;30.5;34;Tue Jul 02 2019 19:42:24 GMT+0200 (CEST);Tue Jul 02 2019 17:42:24 GMT+0200 (CEST);1562089344000;0.1;62.16
1380556833984591;30.5;33.7;Tue Jul 02 2019 19:43:55 GMT+0200 (CEST);Tue Jul 02 2019 17:43:55 GMT+0200 (CEST);1562089435000;0.1;59.92
1380556833984591;30.5;33.4;Tue Jul 02 2019 19:45:25 GMT+0200 (CEST);Tue Jul 02 2019 17:45:25 GMT+0200 (CEST);1562089525000;0.1;54.12
1380556833984591;30.5;33.2;Tue Jul 02 2019 19:46:56 GMT+0200 (CEST);Tue Jul 02 2019 17:46:56 GMT+0200 (CEST);1562089616000;0.1;51.1
1380556833984591;30.5;33;Tue Jul 02 2019 19:48:26 GMT+0200 (CEST);Tue Jul 02 2019 17:48:26 GMT+0200 (CEST);1562089706000;0.1;49.7
1380556833984591;30.5;32.8;Tue Jul 02 2019 19:49:56 GMT+0200 (CEST);Tue Jul 02 2019 17:49:56 GMT+0200 (CEST);1562089796000;0.1;47.5
1380556833984591;30.5;32.7;Tue Jul 02 2019 19:51:32 GMT+0200 (CEST);Tue Jul 02 2019 17:51:32 GMT+0200 (CEST);1562089892000;0.1;45.23
1380556833984591;30.5;32.4;Tue Jul 02 2019 19:53:06 GMT+0200 (CEST);Tue Jul 02 2019 17:53:06 GMT+0200 (CEST);1562089986000;0.1;45.29
1380556833984591;29;32.3;Tue Jul 02 2019 19:54:37 GMT+0200 (CEST);Tue Jul 02 2019 17:54:37 GMT+0200 (CEST);1562090077000;0.1;44.46
1380556833984591;29;32.2;Tue Jul 02 2019 19:56:26 GMT+0200 (CEST);Tue Jul 02 2019 17:56:26 GMT+0200 (CEST);1562090186000;0.1;43.59
1380556833984591;29;31.8;Tue Jul 02 2019 19:58:00 GMT+0200 (CEST);Tue Jul 02 2019 17:58:00 GMT+0200 (CEST);1562090280000;0.1;43.61
1380556833984591;28.5;31.5;Tue Jul 02 2019 19:59:31 GMT+0200 (CEST);Tue Jul 02 2019 17:59:31 GMT+0200 (CEST);1562090371000;0.1;41.93
1380556833984591;28.5;31.4;Tue Jul 02 2019 20:01:02 GMT+0200 (CEST);Tue Jul 02 2019 18:01:02 GMT+0200 (CEST);1562090462000;0.1;41.56
1380556833984591;28.5;31.3;Tue Jul 02 2019 20:02:35 GMT+0200 (CEST);Tue Jul 02 2019 18:02:35 GMT+0200 (CEST);1562090555000;0.1;40.98
1380556833984591;28.5;31.3;Tue Jul 02 2019 20:04:08 GMT+0200 (CEST);Tue Jul 02 2019 18:04:08 GMT+0200 (CEST);1562090648000;0.1;39.95
1380556833984591;28.5;31.3;Tue Jul 02 2019 20:05:38 GMT+0200 (CEST);Tue Jul 02 2019 18:05:38 GMT+0200 (CEST);1562090738000;0.1;38.86
1380556833984591;28.5;31.8;Tue Jul 02 2019 20:07:09 GMT+0200 (CEST);Tue Jul 02 2019 18:07:09 GMT+0200 (CEST);1562090829000;0.1;37.9
1380556833984591;28.5;31.7;Tue Jul 02 2019 20:08:40 GMT+0200 (CEST);Tue Jul 02 2019 18:08:40 GMT+0200 (CEST);1562090920000;0.1;36.35
1380556833984591;28.5;31.9;Tue Jul 02 2019 20:10:14 GMT+0200 (CEST);Tue Jul 02 2019 18:10:14 GMT+0200 (CEST);1562091014000;0.1;34.83
1380556833984591;28.5;31.8;Tue Jul 02 2019 20:11:46 GMT+0200 (CEST);Tue Jul 02 2019 18:11:46 GMT+0200 (CEST);1562091106000;0.1;34.65
1380556833984591;28.5;31.6;Tue Jul 02 2019 20:13:18 GMT+0200 (CEST);Tue Jul 02 2019 18:13:18 GMT+0200 (CEST);1562091198000;0.1;33.72
1380556833984591;28.5;31.6;Tue Jul 02 2019 20:14:53 GMT+0200 (CEST);Tue Jul 02 2019 18:14:53 GMT+0200 (CEST);1562091293000;0.1;32.75
1380556833984591;28.5;31.4;Tue Jul 02 2019 20:16:29 GMT+0200 (CEST);Tue Jul 02 2019 18:16:29 GMT+0200 (CEST);1562091389000;0.1;27.86
1380556833984591;28.5;31.4;Tue Jul 02 2019 20:18:00 GMT+0200 (CEST);Tue Jul 02 2019 18:18:00 GMT+0200 (CEST);1562091480000;0.1;20.54
1380556833984591;28.5;30.9;Tue Jul 02 2019 20:19:32 GMT+0200 (CEST);Tue Jul 02 2019 18:19:32 GMT+0200 (CEST);1562091572000;0;21.07
1380556833984591;28.5;31.1;Tue Jul 02 2019 20:21:11 GMT+0200 (CEST);Tue Jul 02 2019 18:21:11 GMT+0200 (CEST);1562091671000;0;21.54
1380556833984591;27;31.3;Tue Jul 02 2019 20:22:47 GMT+0200 (CEST);Tue Jul 02 2019 18:22:47 GMT+0200 (CEST);1562091767000;0;21.59
1380556833984591;27;30.7;Tue Jul 02 2019 20:24:17 GMT+0200 (CEST);Tue Jul 02 2019 18:24:17 GMT+0200 (CEST);1562091857000;0;21.53
1380556833984591;27;31;Tue Jul 02 2019 20:25:50 GMT+0200 (CEST);Tue Jul 02 2019 18:25:50 GMT+0200 (CEST);1562091950000;0;21.31
1380556833984591;26.5;30.7;Tue Jul 02 2019 20:27:21 GMT+0200 (CEST);Tue Jul 02 2019 18:27:21 GMT+0200 (CEST);1562092041000;0;21.08
1380556833984591;26.5;31.3;Tue Jul 02 2019 20:28:55 GMT+0200 (CEST);Tue Jul 02 2019 18:28:55 GMT+0200 (CEST);1562092135000;0;20.93
1380556833984591;26.5;31.2;Tue Jul 02 2019 20:30:26 GMT+0200 (CEST);Tue Jul 02 2019 18:30:26 GMT+0200 (CEST);1562092226000;0;20.4
1380556833984591;26.5;30.9;Tue Jul 02 2019 20:31:56 GMT+0200 (CEST);Tue Jul 02 2019 18:31:56 GMT+0200 (CEST);1562092316000;0;20.1
1380556833984591;26.5;30.5;Tue Jul 02 2019 20:33:30 GMT+0200 (CEST);Tue Jul 02 2019 18:33:30 GMT+0200 (CEST);1562092410000;0;19.43
1380556833984591;26.5;30.1;Tue Jul 02 2019 20:35:00 GMT+0200 (CEST);Tue Jul 02 2019 18:35:00 GMT+0200 (CEST);1562092500000;0;18.84
1380556833984591;26.5;30.1;Tue Jul 02 2019 20:36:43 GMT+0200 (CEST);Tue Jul 02 2019 18:36:43 GMT+0200 (CEST);1562092603000;0;18.52
1380556833984591;26.5;29.6;Tue Jul 02 2019 20:38:16 GMT+0200 (CEST);Tue Jul 02 2019 18:38:16 GMT+0200 (CEST);1562092696000;0;17.63
1380556833984591;26.5;29.5;Tue Jul 02 2019 20:39:46 GMT+0200 (CEST);Tue Jul 02 2019 18:39:46 GMT+0200 (CEST);1562092786000;0;17.38
1380556833984591;26.5;29.5;Tue Jul 02 2019 20:41:23 GMT+0200 (CEST);Tue Jul 02 2019 18:41:23 GMT+0200 (CEST);1562092883000;0;16.95
1380556833984591;25;28.5;Tue Jul 02 2019 20:42:53 GMT+0200 (CEST);Tue Jul 02 2019 18:42:53 GMT+0200 (CEST);1562092973000;0;16.4
1380556833984591;25;28.9;Tue Jul 02 2019 20:44:23 GMT+0200 (CEST);Tue Jul 02 2019 18:44:23 GMT+0200 (CEST);1562093063000;0;15.55
1380556833984591;25;29;Tue Jul 02 2019 20:45:55 GMT+0200 (CEST);Tue Jul 02 2019 18:45:55 GMT+0200 (CEST);1562093155000;0;14.85
1380556833984591;24;28.5;Tue Jul 02 2019 20:47:26 GMT+0200 (CEST);Tue Jul 02 2019 18:47:26 GMT+0200 (CEST);1562093246000;0;14.08
1380556833984591;24;27.7;Tue Jul 02 2019 20:48:59 GMT+0200 (CEST);Tue Jul 02 2019 18:48:59 GMT+0200 (CEST);1562093339000;0;13.96
1380556833984591;24;29;Tue Jul 02 2019 20:50:29 GMT+0200 (CEST);Tue Jul 02 2019 18:50:29 GMT+0200 (CEST);1562093429000;0;13.22
1380556833984591;24;29.1;Tue Jul 02 2019 20:52:00 GMT+0200 (CEST);Tue Jul 02 2019 18:52:00 GMT+0200 (CEST);1562093520000;0;12.8
1380556833984591;24;27.7;Tue Jul 02 2019 20:53:30 GMT+0200 (CEST);Tue Jul 02 2019 18:53:30 GMT+0200 (CEST);1562093610000;0;12.1
1380556833984591;24;28.7;Tue Jul 02 2019 20:55:00 GMT+0200 (CEST);Tue Jul 02 2019 18:55:00 GMT+0200 (CEST);1562093700000;0;11.36
1380556833984591;23;29.9;Tue Jul 02 2019 20:56:45 GMT+0200 (CEST);Tue Jul 02 2019 18:56:45 GMT+0200 (CEST);1562093805000;0;10.27
1380556833984591;23;29.8;Tue Jul 02 2019 20:58:15 GMT+0200 (CEST);Tue Jul 02 2019 18:58:15 GMT+0200 (CEST);1562093895000;0;10.16
1380556833984591;23;30.5;Tue Jul 02 2019 20:59:45 GMT+0200 (CEST);Tue Jul 02 2019 18:59:45 GMT+0200 (CEST);1562093985000;0;9.19
1380556833984591;24;29.8;Tue Jul 02 2019 21:01:16 GMT+0200 (CEST);Tue Jul 02 2019 19:01:16 GMT+0200 (CEST);1562094076000;0;8.67
1380556833984591;24;30.4;Tue Jul 02 2019 21:02:50 GMT+0200 (CEST);Tue Jul 02 2019 19:02:50 GMT+0200 (CEST);1562094170000;0;8.17
1380556833984591;24;30.6;Tue Jul 02 2019 21:04:30 GMT+0200 (CEST);Tue Jul 02 2019 19:04:30 GMT+0200 (CEST);1562094270000;0;7.36
1380556833984591;24.5;30.7;Tue Jul 02 2019 21:06:14 GMT+0200 (CEST);Tue Jul 02 2019 19:06:14 GMT+0200 (CEST);1562094374000;0;6.51
1380556833984591;24.5;30.5;Tue Jul 02 2019 21:07:48 GMT+0200 (CEST);Tue Jul 02 2019 19:07:48 GMT+0200 (CEST);1562094468000;0;6.17
1380556833984591;24.5;30.8;Tue Jul 02 2019 21:09:18 GMT+0200 (CEST);Tue Jul 02 2019 19:09:18 GMT+0200 (CEST);1562094558000;0;5.59
1380556833984591;24;30.4;Tue Jul 02 2019 21:10:50 GMT+0200 (CEST);Tue Jul 02 2019 19:10:50 GMT+0200 (CEST);1562094650000;0;4.8
1380556833984591;24;30.4;Tue Jul 02 2019 21:12:20 GMT+0200 (CEST);Tue Jul 02 2019 19:12:20 GMT+0200 (CEST);1562094740000;0;4.66
1380556833984591;24;32;Tue Jul 02 2019 21:13:50 GMT+0200 (CEST);Tue Jul 02 2019 19:13:50 GMT+0200 (CEST);1562094830000;0;4.14
1380556833984591;24.5;32.3;Tue Jul 02 2019 21:15:21 GMT+0200 (CEST);Tue Jul 02 2019 19:15:21 GMT+0200 (CEST);1562094921000;0;3.56
1380556833984591;24.5;31.9;Tue Jul 02 2019 21:16:55 GMT+0200 (CEST);Tue Jul 02 2019 19:16:55 GMT+0200 (CEST);1562095015000;0;2.95
1380556833984591;24.5;31.5;Tue Jul 02 2019 21:18:25 GMT+0200 (CEST);Tue Jul 02 2019 19:18:25 GMT+0200 (CEST);1562095105000;0;2.82
1380556833984591;24.5;31.2;Tue Jul 02 2019 21:19:58 GMT+0200 (CEST);Tue Jul 02 2019 19:19:58 GMT+0200 (CEST);1562095198000;0;2.27
1380556833984591;24.5;30.8;Tue Jul 02 2019 21:21:32 GMT+0200 (CEST);Tue Jul 02 2019 19:21:32 GMT+0200 (CEST);1562095292000;0;1.39
1380556833984591;24.5;28.8;Tue Jul 02 2019 21:23:04 GMT+0200 (CEST);Tue Jul 02 2019 19:23:04 GMT+0200 (CEST);1562095384000;0;1.14
1380556833984591;24.5;28.8;Tue Jul 02 2019 21:24:35 GMT+0200 (CEST);Tue Jul 02 2019 19:24:35 GMT+0200 (CEST);1562095475000;0;0.29
1380556833984591;24.5;28.8;Tue Jul 02 2019 21:26:12 GMT+0200 (CEST);Tue Jul 02 2019 19:26:12 GMT+0200 (CEST);1562095572000;0;0.04
1380556833984591;24.5;28.8;Tue Jul 02 2019 21:27:43 GMT+0200 (CEST);Tue Jul 02 2019 19:27:43 GMT+0200 (CEST);1562095663000;0;-0.01
1380556833984591;-273.2;26;Wed Jul 03 2019 05:11:30 GMT+0200 (CEST);Wed Jul 03 2019 03:11:30 GMT+0200 (CEST);1562123490000;0;1.6
1380556833984591;-273.2;26;Wed Jul 03 2019 05:13:00 GMT+0200 (CEST);Wed Jul 03 2019 03:13:00 GMT+0200 (CEST);1562123580000;0;2.02
1380556833984591;-273.2;26;Wed Jul 03 2019 05:14:31 GMT+0200 (CEST);Wed Jul 03 2019 03:14:31 GMT+0200 (CEST);1562123671000;0;2.05
1380556833984591;-273.2;26;Wed Jul 03 2019 05:16:01 GMT+0200 (CEST);Wed Jul 03 2019 03:16:01 GMT+0200 (CEST);1562123761000;0;2.95
1380556833984591;-273.2;29.9;Wed Jul 03 2019 05:36:10 GMT+0200 (CEST);Wed Jul 03 2019 03:36:10 GMT+0200 (CEST);1562124970000;0;10.88
1380556833984591;-273.2;29.5;Wed Jul 03 2019 05:37:40 GMT+0200 (CEST);Wed Jul 03 2019 03:37:40 GMT+0200 (CEST);1562125060000;0;11.2
1380556833984591;-273.2;27.4;Wed Jul 03 2019 05:39:10 GMT+0200 (CEST);Wed Jul 03 2019 03:39:10 GMT+0200 (CEST);1562125150000;0;12
1380556833984591;-273.2;27.5;Wed Jul 03 2019 05:40:40 GMT+0200 (CEST);Wed Jul 03 2019 03:40:40 GMT+0200 (CEST);1562125240000;0;12.37
1380556833984591;12.4;25.3;Wed Jul 03 2019 05:42:10 GMT+0200 (CEST);Wed Jul 03 2019 03:42:10 GMT+0200 (CEST);1562125330000;0;12.65
1380556833984591;12.4;22.8;Wed Jul 03 2019 05:43:40 GMT+0200 (CEST);Wed Jul 03 2019 03:43:40 GMT+0200 (CEST);1562125420000;0;13.69
1380556833984591;12.4;22.4;Wed Jul 03 2019 05:45:10 GMT+0200 (CEST);Wed Jul 03 2019 03:45:10 GMT+0200 (CEST);1562125510000;0;14.46
1380556833984591;10.9;22.9;Wed Jul 03 2019 05:46:41 GMT+0200 (CEST);Wed Jul 03 2019 03:46:41 GMT+0200 (CEST);1562125601000;0;14.82
1380556833984591;10.9;19.6;Wed Jul 03 2019 05:48:12 GMT+0200 (CEST);Wed Jul 03 2019 03:48:12 GMT+0200 (CEST);1562125692000;0;15.85
1380556833984591;10.9;19.4;Wed Jul 03 2019 05:49:43 GMT+0200 (CEST);Wed Jul 03 2019 03:49:43 GMT+0200 (CEST);1562125783000;0;16.52
1380556833984591;10.4;18.1;Wed Jul 03 2019 05:51:15 GMT+0200 (CEST);Wed Jul 03 2019 03:51:15 GMT+0200 (CEST);1562125875000;0;17.14
1380556833984591;10.4;17.9;Wed Jul 03 2019 05:52:44 GMT+0200 (CEST);Wed Jul 03 2019 03:52:44 GMT+0200 (CEST);1562125964000;0;18.23
1380556833984591;10.4;18;Wed Jul 03 2019 05:54:15 GMT+0200 (CEST);Wed Jul 03 2019 03:54:15 GMT+0200 (CEST);1562126055000;0;18.35
1380556833984591;8.9;18.1;Wed Jul 03 2019 05:55:58 GMT+0200 (CEST);Wed Jul 03 2019 03:55:58 GMT+0200 (CEST);1562126158000;0;19.89
1380556833984591;8.9;18.2;Wed Jul 03 2019 05:57:27 GMT+0200 (CEST);Wed Jul 03 2019 03:57:27 GMT+0200 (CEST);1562126247000;0;20.54
1380556833984591;8.9;18.3;Wed Jul 03 2019 05:58:57 GMT+0200 (CEST);Wed Jul 03 2019 03:58:57 GMT+0200 (CEST);1562126337000;0;21.13
1380556833984591;8.9;18.3;Wed Jul 03 2019 06:00:28 GMT+0200 (CEST);Wed Jul 03 2019 04:00:28 GMT+0200 (CEST);1562126428000;0;21.95
1380556833984591;8.9;18.3;Wed Jul 03 2019 06:01:59 GMT+0200 (CEST);Wed Jul 03 2019 04:01:59 GMT+0200 (CEST);1562126519000;0;22.51
1380556833984591;8.9;18.3;Wed Jul 03 2019 06:03:32 GMT+0200 (CEST);Wed Jul 03 2019 04:03:32 GMT+0200 (CEST);1562126612000;0;23.27
1380556833984591;8.9;18.2;Wed Jul 03 2019 06:05:03 GMT+0200 (CEST);Wed Jul 03 2019 04:05:03 GMT+0200 (CEST);1562126703000;0;24.03
1380556833984591;8.9;18.1;Wed Jul 03 2019 06:06:37 GMT+0200 (CEST);Wed Jul 03 2019 04:06:37 GMT+0200 (CEST);1562126797000;0.1;25.17
1380556833984591;8.9;18;Wed Jul 03 2019 06:08:09 GMT+0200 (CEST);Wed Jul 03 2019 04:08:09 GMT+0200 (CEST);1562126889000;0.1;25.73
1380556833984591;8.9;17.8;Wed Jul 03 2019 06:09:40 GMT+0200 (CEST);Wed Jul 03 2019 04:09:40 GMT+0200 (CEST);1562126980000;0.1;26.62
1380556833984591;8.9;17.9;Wed Jul 03 2019 06:11:10 GMT+0200 (CEST);Wed Jul 03 2019 04:11:10 GMT+0200 (CEST);1562127070000;0.1;27.16
1380556833984591;8.9;18.4;Wed Jul 03 2019 06:12:39 GMT+0200 (CEST);Wed Jul 03 2019 04:12:39 GMT+0200 (CEST);1562127159000;0.1;28.21
1380556833984591;8.9;25.2;Wed Jul 03 2019 06:14:10 GMT+0200 (CEST);Wed Jul 03 2019 04:14:10 GMT+0200 (CEST);1562127250000;0;29.37
1380556833984591;12.4;30.8;Wed Jul 03 2019 06:15:40 GMT+0200 (CEST);Wed Jul 03 2019 04:15:40 GMT+0200 (CEST);1562127340000;0.1;30.14
1380556833984591;12.4;30.7;Wed Jul 03 2019 06:17:18 GMT+0200 (CEST);Wed Jul 03 2019 04:17:18 GMT+0200 (CEST);1562127438000;0.1;30.78
1380556833984591;12.4;31.3;Wed Jul 03 2019 06:18:54 GMT+0200 (CEST);Wed Jul 03 2019 04:18:54 GMT+0200 (CEST);1562127534000;0.1;31.75
1380556833984591;12.4;31.4;Wed Jul 03 2019 06:20:26 GMT+0200 (CEST);Wed Jul 03 2019 04:20:26 GMT+0200 (CEST);1562127626000;0.1;32.53
1380556833984591;14.4;31.9;Wed Jul 03 2019 06:21:58 GMT+0200 (CEST);Wed Jul 03 2019 04:21:58 GMT+0200 (CEST);1562127718000;0.1;32.78
1380556833984591;14.4;32.2;Wed Jul 03 2019 06:23:28 GMT+0200 (CEST);Wed Jul 03 2019 04:23:28 GMT+0200 (CEST);1562127808000;0.1;33.5
1380556833984591;14.4;31.8;Wed Jul 03 2019 06:25:06 GMT+0200 (CEST);Wed Jul 03 2019 04:25:06 GMT+0200 (CEST);1562127906000;0.1;34.45
1380556833984591;14.9;28.4;Wed Jul 03 2019 06:26:37 GMT+0200 (CEST);Wed Jul 03 2019 04:26:37 GMT+0200 (CEST);1562127997000;0.1;35.2
1380556833984591;14.9;27.8;Wed Jul 03 2019 06:28:07 GMT+0200 (CEST);Wed Jul 03 2019 04:28:07 GMT+0200 (CEST);1562128087000;0.1;35.21
1380556833984591;14.9;35.4;Wed Jul 03 2019 06:29:36 GMT+0200 (CEST);Wed Jul 03 2019 04:29:36 GMT+0200 (CEST);1562128176000;0.1;36.55
1380556833984591;14.9;34.1;Wed Jul 03 2019 06:31:17 GMT+0200 (CEST);Wed Jul 03 2019 04:31:17 GMT+0200 (CEST);1562128277000;0.2;37.45
1380556833984591;14.9;33.9;Wed Jul 03 2019 06:32:47 GMT+0200 (CEST);Wed Jul 03 2019 04:32:47 GMT+0200 (CEST);1562128367000;0.2;37.49
1380556833984591;14.9;33.1;Wed Jul 03 2019 06:34:18 GMT+0200 (CEST);Wed Jul 03 2019 04:34:18 GMT+0200 (CEST);1562128458000;0.2;37.8
1380556833984591;14.9;30.8;Wed Jul 03 2019 06:35:51 GMT+0200 (CEST);Wed Jul 03 2019 04:35:51 GMT+0200 (CEST);1562128551000;0.2;38.27
1380556833984591;14.9;22.1;Wed Jul 03 2019 06:37:31 GMT+0200 (CEST);Wed Jul 03 2019 04:37:31 GMT+0200 (CEST);1562128651000;0.2;38.99
1380556833984591;14.9;23.3;Wed Jul 03 2019 06:39:01 GMT+0200 (CEST);Wed Jul 03 2019 04:39:01 GMT+0200 (CEST);1562128741000;0.2;39.89
1380556833984591;14.9;25.2;Wed Jul 03 2019 06:40:31 GMT+0200 (CEST);Wed Jul 03 2019 04:40:31 GMT+0200 (CEST);1562128831000;0.3;40.27
1380556833984591;14.9;21.3;Wed Jul 03 2019 06:42:03 GMT+0200 (CEST);Wed Jul 03 2019 04:42:03 GMT+0200 (CEST);1562128923000;0.3;41.43
1380556833984591;14.9;22.1;Wed Jul 03 2019 06:43:34 GMT+0200 (CEST);Wed Jul 03 2019 04:43:34 GMT+0200 (CEST);1562129014000;0.3;42.13
1380556833984591;14.9;25.2;Wed Jul 03 2019 06:45:09 GMT+0200 (CEST);Wed Jul 03 2019 04:45:09 GMT+0200 (CEST);1562129109000;0.3;42.88
1380556833984591;12.9;24.7;Wed Jul 03 2019 06:46:50 GMT+0200 (CEST);Wed Jul 03 2019 04:46:50 GMT+0200 (CEST);1562129210000;0.3;43.07
1380556833984591;12.9;25.2;Wed Jul 03 2019 06:48:20 GMT+0200 (CEST);Wed Jul 03 2019 04:48:20 GMT+0200 (CEST);1562129300000;0.4;44.26
1380556833984591;12.9;25.7;Wed Jul 03 2019 06:49:50 GMT+0200 (CEST);Wed Jul 03 2019 04:49:50 GMT+0200 (CEST);1562129390000;0.4;45.24
1380556833984591;12.9;27.3;Wed Jul 03 2019 06:51:31 GMT+0200 (CEST);Wed Jul 03 2019 04:51:31 GMT+0200 (CEST);1562129491000;0.4;45.1
1380556833984591;12.9;28.7;Wed Jul 03 2019 06:53:00 GMT+0200 (CEST);Wed Jul 03 2019 04:53:00 GMT+0200 (CEST);1562129580000;0.4;45.17
1380556833984591;12.9;29.3;Wed Jul 03 2019 06:54:30 GMT+0200 (CEST);Wed Jul 03 2019 04:54:30 GMT+0200 (CEST);1562129670000;0.4;45.58
1380556833984591;14.9;29.7;Wed Jul 03 2019 06:56:01 GMT+0200 (CEST);Wed Jul 03 2019 04:56:01 GMT+0200 (CEST);1562129761000;0.5;46.5
1380556833984591;14.9;29.7;Wed Jul 03 2019 06:57:30 GMT+0200 (CEST);Wed Jul 03 2019 04:57:30 GMT+0200 (CEST);1562129850000;0.5;46.9
1380556833984591;14.9;30.9;Wed Jul 03 2019 06:59:01 GMT+0200 (CEST);Wed Jul 03 2019 04:59:01 GMT+0200 (CEST);1562129941000;0.5;48.04
1380556833984591;15.9;31.3;Wed Jul 03 2019 07:00:43 GMT+0200 (CEST);Wed Jul 03 2019 05:00:43 GMT+0200 (CEST);1562130043000;0.5;48.69
1380556833984591;15.9;31.2;Wed Jul 03 2019 07:02:18 GMT+0200 (CEST);Wed Jul 03 2019 05:02:18 GMT+0200 (CEST);1562130138000;0.5;48.95
1380556833984591;15.9;30.9;Wed Jul 03 2019 07:03:49 GMT+0200 (CEST);Wed Jul 03 2019 05:03:49 GMT+0200 (CEST);1562130229000;0.6;49.55
1380556833984591;18.5;31.6;Wed Jul 03 2019 07:05:19 GMT+0200 (CEST);Wed Jul 03 2019 05:05:19 GMT+0200 (CEST);1562130319000;0.6;50.48
1380556833984591;18.5;31.5;Wed Jul 03 2019 07:06:50 GMT+0200 (CEST);Wed Jul 03 2019 05:06:50 GMT+0200 (CEST);1562130410000;0.6;50.88
1380556833984591;18.5;32;Wed Jul 03 2019 07:08:50 GMT+0200 (CEST);Wed Jul 03 2019 05:08:50 GMT+0200 (CEST);1562130530000;0.6;114.26
1380556833984591;18.5;32.1;Wed Jul 03 2019 07:10:21 GMT+0200 (CEST);Wed Jul 03 2019 05:10:21 GMT+0200 (CEST);1562130621000;0.7;183.26
1380556833984591;18.5;32.3;Wed Jul 03 2019 07:11:51 GMT+0200 (CEST);Wed Jul 03 2019 05:11:51 GMT+0200 (CEST);1562130711000;0.7;186.09
1380556833984591;18.5;32.3;Wed Jul 03 2019 07:13:22 GMT+0200 (CEST);Wed Jul 03 2019 05:13:22 GMT+0200 (CEST);1562130802000;0.7;189.52
1380556833984591;19;32.6;Wed Jul 03 2019 07:14:54 GMT+0200 (CEST);Wed Jul 03 2019 05:14:54 GMT+0200 (CEST);1562130894000;0.7;193.64
1380556833984591;19;32.8;Wed Jul 03 2019 07:16:30 GMT+0200 (CEST);Wed Jul 03 2019 05:16:30 GMT+0200 (CEST);1562130990000;0.8;196.68
1380556833984591;19;32.7;Wed Jul 03 2019 07:18:01 GMT+0200 (CEST);Wed Jul 03 2019 05:18:01 GMT+0200 (CEST);1562131081000;0.8;200.46
1380556833984591;20.5;32.7;Wed Jul 03 2019 07:19:32 GMT+0200 (CEST);Wed Jul 03 2019 05:19:32 GMT+0200 (CEST);1562131172000;0.8;205.18
1380556833984591;20.5;32.6;Wed Jul 03 2019 07:21:04 GMT+0200 (CEST);Wed Jul 03 2019 05:21:04 GMT+0200 (CEST);1562131264000;0.8;209.11
1380556833984591;20.5;32.7;Wed Jul 03 2019 07:22:35 GMT+0200 (CEST);Wed Jul 03 2019 05:22:35 GMT+0200 (CEST);1562131355000;0.9;213.31
1380556833984591;20.5;32.8;Wed Jul 03 2019 07:24:28 GMT+0200 (CEST);Wed Jul 03 2019 05:24:28 GMT+0200 (CEST);1562131468000;0.9;218.55
1380556833984591;20.5;32.8;Wed Jul 03 2019 07:25:58 GMT+0200 (CEST);Wed Jul 03 2019 05:25:58 GMT+0200 (CEST);1562131558000;0.9;224.08
1380556833984591;20.5;32.9;Wed Jul 03 2019 07:27:29 GMT+0200 (CEST);Wed Jul 03 2019 05:27:29 GMT+0200 (CEST);1562131649000;1;227.68
1380556833984591;21;32.9;Wed Jul 03 2019 07:29:02 GMT+0200 (CEST);Wed Jul 03 2019 05:29:02 GMT+0200 (CEST);1562131742000;1;233.84
1380556833984591;21;33.1;Wed Jul 03 2019 07:30:32 GMT+0200 (CEST);Wed Jul 03 2019 05:30:32 GMT+0200 (CEST);1562131832000;1;238.78
1380556833984591;21;33;Wed Jul 03 2019 07:32:08 GMT+0200 (CEST);Wed Jul 03 2019 05:32:08 GMT+0200 (CEST);1562131928000;1;244.44
1380556833984591;21;33.2;Wed Jul 03 2019 07:33:38 GMT+0200 (CEST);Wed Jul 03 2019 05:33:38 GMT+0200 (CEST);1562132018000;1.1;249.67
1380556833984591;22.5;33.4;Wed Jul 03 2019 07:35:09 GMT+0200 (CEST);Wed Jul 03 2019 05:35:09 GMT+0200 (CEST);1562132109000;1.1;255.21
1380556833984591;22.5;33;Wed Jul 03 2019 07:36:40 GMT+0200 (CEST);Wed Jul 03 2019 05:36:40 GMT+0200 (CEST);1562132200000;1.1;260.25
1380556833984591;22.5;33;Wed Jul 03 2019 07:38:19 GMT+0200 (CEST);Wed Jul 03 2019 05:38:19 GMT+0200 (CEST);1562132299000;1.2;266.43
1380556833984591;22.5;33.1;Wed Jul 03 2019 07:39:54 GMT+0200 (CEST);Wed Jul 03 2019 05:39:54 GMT+0200 (CEST);1562132394000;1.2;271.36
1380556833984591;22.5;33.2;Wed Jul 03 2019 07:41:27 GMT+0200 (CEST);Wed Jul 03 2019 05:41:27 GMT+0200 (CEST);1562132487000;1.2;277.23
1380556833984591;22.5;33.4;Wed Jul 03 2019 07:42:59 GMT+0200 (CEST);Wed Jul 03 2019 05:42:59 GMT+0200 (CEST);1562132579000;1.3;281.73
1380556833984591;23;33.1;Wed Jul 03 2019 07:44:25 GMT+0200 (CEST);Wed Jul 03 2019 05:44:25 GMT+0200 (CEST);1562132665000;1.3;287.08
1380556833984591;23;34.1;Wed Jul 03 2019 07:45:57 GMT+0200 (CEST);Wed Jul 03 2019 05:45:57 GMT+0200 (CEST);1562132757000;1.3;292.76
1380556833984591;23;33.6;Wed Jul 03 2019 07:47:37 GMT+0200 (CEST);Wed Jul 03 2019 05:47:37 GMT+0200 (CEST);1562132857000;1.3;298.65
1380556833984591;23;33.7;Wed Jul 03 2019 07:49:10 GMT+0200 (CEST);Wed Jul 03 2019 05:49:10 GMT+0200 (CEST);1562132950000;1.4;303.63
1380556833984591;23;33.7;Wed Jul 03 2019 07:50:34 GMT+0200 (CEST);Wed Jul 03 2019 05:50:34 GMT+0200 (CEST);1562133034000;1.4;309.62
1380556833984591;23;33.7;Wed Jul 03 2019 07:52:01 GMT+0200 (CEST);Wed Jul 03 2019 05:52:01 GMT+0200 (CEST);1562133121000;1.4;314.81
1380556833984591;24;33.7;Wed Jul 03 2019 07:53:32 GMT+0200 (CEST);Wed Jul 03 2019 05:53:32 GMT+0200 (CEST);1562133212000;1.4;318.02
1380556833984591;24;33.6;Wed Jul 03 2019 07:55:11 GMT+0200 (CEST);Wed Jul 03 2019 05:55:11 GMT+0200 (CEST);1562133311000;1.5;324.4
1380556833984591;24;33.5;Wed Jul 03 2019 07:56:38 GMT+0200 (CEST);Wed Jul 03 2019 05:56:38 GMT+0200 (CEST);1562133398000;1.5;332.79
1380556833984591;25;33.5;Wed Jul 03 2019 07:58:04 GMT+0200 (CEST);Wed Jul 03 2019 05:58:04 GMT+0200 (CEST);1562133484000;1.5;337.91
1380556833984591;41.1;32.6;Wed Jul 03 2019 10:25:10 GMT+0200 (CEST);Wed Jul 03 2019 08:25:10 GMT+0200 (CEST);1562142310000;3.8;847.66
1380556833984591;41.1;32.3;Wed Jul 03 2019 10:26:36 GMT+0200 (CEST);Wed Jul 03 2019 08:26:36 GMT+0200 (CEST);1562142396000;4.1;848.87
1380556833984591;41.1;32.3;Wed Jul 03 2019 10:28:01 GMT+0200 (CEST);Wed Jul 03 2019 08:28:01 GMT+0200 (CEST);1562142481000;4.1;823.53
1380556833984591;41.1;32;Wed Jul 03 2019 10:29:27 GMT+0200 (CEST);Wed Jul 03 2019 08:29:27 GMT+0200 (CEST);1562142567000;4.2;856.66
1380556833984591;41.1;31.9;Wed Jul 03 2019 10:30:52 GMT+0200 (CEST);Wed Jul 03 2019 08:30:52 GMT+0200 (CEST);1562142652000;4.3;875.21
1380556833984591;41.6;31.9;Wed Jul 03 2019 10:32:17 GMT+0200 (CEST);Wed Jul 03 2019 08:32:17 GMT+0200 (CEST);1562142737000;4.3;873.03
1380556833984591;41.6;31.9;Wed Jul 03 2019 10:33:46 GMT+0200 (CEST);Wed Jul 03 2019 08:33:46 GMT+0200 (CEST);1562142826000;4.3;889.99
1380556833984591;41.6;31.9;Wed Jul 03 2019 10:35:19 GMT+0200 (CEST);Wed Jul 03 2019 08:35:19 GMT+0200 (CEST);1562142919000;4.3;880.07
1380556833984591;42.6;31.9;Wed Jul 03 2019 10:36:51 GMT+0200 (CEST);Wed Jul 03 2019 08:36:51 GMT+0200 (CEST);1562143011000;4.2;845.96
1380556833984591;42.6;31.8;Wed Jul 03 2019 10:38:18 GMT+0200 (CEST);Wed Jul 03 2019 08:38:18 GMT+0200 (CEST);1562143098000;4.2;848.98
1380556833984591;42.6;31.6;Wed Jul 03 2019 10:39:46 GMT+0200 (CEST);Wed Jul 03 2019 08:39:46 GMT+0200 (CEST);1562143186000;4.2;851.74
1380556833984591;42.6;31.7;Wed Jul 03 2019 10:41:17 GMT+0200 (CEST);Wed Jul 03 2019 08:41:17 GMT+0200 (CEST);1562143277000;4.2;864.25
1380556833984591;42.6;31.6;Wed Jul 03 2019 10:42:49 GMT+0200 (CEST);Wed Jul 03 2019 08:42:49 GMT+0200 (CEST);1562143369000;4.4;897.17
1380556833984591;42.6;31.7;Wed Jul 03 2019 10:44:25 GMT+0200 (CEST);Wed Jul 03 2019 08:44:25 GMT+0200 (CEST);1562143465000;4.4;887.91
1380556833984591;42.6;31.6;Wed Jul 03 2019 10:45:55 GMT+0200 (CEST);Wed Jul 03 2019 08:45:55 GMT+0200 (CEST);1562143555000;4.2;860.28
1380556833984591;42.6;31.3;Wed Jul 03 2019 10:47:43 GMT+0200 (CEST);Wed Jul 03 2019 08:47:43 GMT+0200 (CEST);1562143663000;4.2;851.09
1380556833984591;42.6;31.6;Wed Jul 03 2019 10:49:14 GMT+0200 (CEST);Wed Jul 03 2019 08:49:14 GMT+0200 (CEST);1562143754000;4.4;889.98
1380556833984591;42.6;31.6;Wed Jul 03 2019 10:50:45 GMT+0200 (CEST);Wed Jul 03 2019 08:50:45 GMT+0200 (CEST);1562143845000;4.4;899.21
1380556833984591;43.1;31.6;Wed Jul 03 2019 10:52:20 GMT+0200 (CEST);Wed Jul 03 2019 08:52:20 GMT+0200 (CEST);1562143940000;4.5;915.65
1380556833984591;43.1;31.6;Wed Jul 03 2019 10:53:56 GMT+0200 (CEST);Wed Jul 03 2019 08:53:56 GMT+0200 (CEST);1562144036000;4.5;909.49
1380556833984591;44.7;31.5;Wed Jul 03 2019 10:55:32 GMT+0200 (CEST);Wed Jul 03 2019 08:55:32 GMT+0200 (CEST);1562144132000;4.5;914.09
1380556833984591;44.7;31.5;Wed Jul 03 2019 10:57:03 GMT+0200 (CEST);Wed Jul 03 2019 08:57:03 GMT+0200 (CEST);1562144223000;4.5;916.68
1380556833984591;44.7;31.3;Wed Jul 03 2019 10:58:33 GMT+0200 (CEST);Wed Jul 03 2019 08:58:33 GMT+0200 (CEST);1562144313000;4.5;919.38
1380556833984591;44.7;31.3;Wed Jul 03 2019 11:00:04 GMT+0200 (CEST);Wed Jul 03 2019 09:00:04 GMT+0200 (CEST);1562144404000;4.6;924.3
1380556833984591;44.7;31.3;Wed Jul 03 2019 11:01:52 GMT+0200 (CEST);Wed Jul 03 2019 09:01:52 GMT+0200 (CEST);1562144512000;4.6;930.71
1380556833984591;44.7;31.3;Wed Jul 03 2019 11:03:25 GMT+0200 (CEST);Wed Jul 03 2019 09:03:25 GMT+0200 (CEST);1562144605000;4.5;930.8
1380556833984591;44.7;31.3;Wed Jul 03 2019 11:04:55 GMT+0200 (CEST);Wed Jul 03 2019 09:04:55 GMT+0200 (CEST);1562144695000;4.5;923.03
1380556833984591;45.2;31.2;Wed Jul 03 2019 11:06:25 GMT+0200 (CEST);Wed Jul 03 2019 09:06:25 GMT+0200 (CEST);1562144785000;4.3;875.27
1380556833984591;45.2;31.3;Wed Jul 03 2019 11:07:55 GMT+0200 (CEST);Wed Jul 03 2019 09:07:55 GMT+0200 (CEST);1562144875000;4.4;893.02
1380556833984591;45.2;31.3;Wed Jul 03 2019 11:09:25 GMT+0200 (CEST);Wed Jul 03 2019 09:09:25 GMT+0200 (CEST);1562144965000;4.3;875.89
1380556833984591;45.2;31.2;Wed Jul 03 2019 11:10:57 GMT+0200 (CEST);Wed Jul 03 2019 09:10:57 GMT+0200 (CEST);1562145057000;4.3;852.65
1380556833984591;45.2;31.3;Wed Jul 03 2019 11:12:27 GMT+0200 (CEST);Wed Jul 03 2019 09:12:27 GMT+0200 (CEST);1562145147000;4.5;919.2
1380556833984591;45.2;31.3;Wed Jul 03 2019 11:13:57 GMT+0200 (CEST);Wed Jul 03 2019 09:13:57 GMT+0200 (CEST);1562145237000;4.7;946.84
1380556833984591;45.2;31.4;Wed Jul 03 2019 11:15:29 GMT+0200 (CEST);Wed Jul 03 2019 09:15:29 GMT+0200 (CEST);1562145329000;4.6;943.82
1380556833984591;45.2;31.5;Wed Jul 03 2019 11:17:00 GMT+0200 (CEST);Wed Jul 03 2019 09:17:00 GMT+0200 (CEST);1562145420000;4.7;944.87
1380556833984591;45.2;31.6;Wed Jul 03 2019 11:18:36 GMT+0200 (CEST);Wed Jul 03 2019 09:18:36 GMT+0200 (CEST);1562145516000;4.6;944.54
1380556833984591;45.2;31.4;Wed Jul 03 2019 11:20:06 GMT+0200 (CEST);Wed Jul 03 2019 09:20:06 GMT+0200 (CEST);1562145606000;4.4;894.98
1380556833984591;45.2;31.3;Wed Jul 03 2019 11:21:37 GMT+0200 (CEST);Wed Jul 03 2019 09:21:37 GMT+0200 (CEST);1562145697000;4.8;968.61
1380556833984591;45.2;31.3;Wed Jul 03 2019 11:23:21 GMT+0200 (CEST);Wed Jul 03 2019 09:23:21 GMT+0200 (CEST);1562145801000;4.6;945.8
1380556833984591;45.2;31.1;Wed Jul 03 2019 11:24:52 GMT+0200 (CEST);Wed Jul 03 2019 09:24:52 GMT+0200 (CEST);1562145892000;4.8;949.33
1380556833984591;45.2;31.1;Wed Jul 03 2019 11:26:27 GMT+0200 (CEST);Wed Jul 03 2019 09:26:27 GMT+0200 (CEST);1562145987000;4.7;957.3
1380556833984591;45.2;31.1;Wed Jul 03 2019 11:27:57 GMT+0200 (CEST);Wed Jul 03 2019 09:27:57 GMT+0200 (CEST);1562146077000;4.8;968.82
1380556833984591;45.2;31.1;Wed Jul 03 2019 11:29:27 GMT+0200 (CEST);Wed Jul 03 2019 09:29:27 GMT+0200 (CEST);1562146167000;4.7;950.33
1380556833984591;46.7;31;Wed Jul 03 2019 11:30:58 GMT+0200 (CEST);Wed Jul 03 2019 09:30:58 GMT+0200 (CEST);1562146258000;4.8;956.87
1380556833984591;46.7;31;Wed Jul 03 2019 11:32:36 GMT+0200 (CEST);Wed Jul 03 2019 09:32:36 GMT+0200 (CEST);1562146356000;4.8;952.61
1380556833984591;46.7;31;Wed Jul 03 2019 11:34:09 GMT+0200 (CEST);Wed Jul 03 2019 09:34:09 GMT+0200 (CEST);1562146449000;4.8;980.03
1380556833984591;46.7;31;Wed Jul 03 2019 11:35:39 GMT+0200 (CEST);Wed Jul 03 2019 09:35:39 GMT+0200 (CEST);1562146539000;4.9;993.27
1380556833984591;46.7;30.9;Wed Jul 03 2019 11:37:49 GMT+0200 (CEST);Wed Jul 03 2019 09:37:49 GMT+0200 (CEST);1562146669000;4.4;906.58
1380556833984591;46.7;31.1;Wed Jul 03 2019 11:39:20 GMT+0200 (CEST);Wed Jul 03 2019 09:39:20 GMT+0200 (CEST);1562146760000;4.5;921.19
1380556833984591;46.7;30.9;Wed Jul 03 2019 11:41:00 GMT+0200 (CEST);Wed Jul 03 2019 09:41:00 GMT+0200 (CEST);1562146860000;4.9;980.64
1380556833984591;46.7;31.2;Wed Jul 03 2019 11:42:30 GMT+0200 (CEST);Wed Jul 03 2019 09:42:30 GMT+0200 (CEST);1562146950000;4.7;975.83
1380556833984591;46.7;31.1;Wed Jul 03 2019 11:44:00 GMT+0200 (CEST);Wed Jul 03 2019 09:44:00 GMT+0200 (CEST);1562147040000;4.9;979.9
1380556833984591;46.7;31;Wed Jul 03 2019 11:45:31 GMT+0200 (CEST);Wed Jul 03 2019 09:45:31 GMT+0200 (CEST);1562147131000;4.9;1003.51
1380556833984591;46.7;31.1;Wed Jul 03 2019 11:47:00 GMT+0200 (CEST);Wed Jul 03 2019 09:47:00 GMT+0200 (CEST);1562147220000;5;1003.51
1380556833984591;46.7;31.2;Wed Jul 03 2019 11:48:30 GMT+0200 (CEST);Wed Jul 03 2019 09:48:30 GMT+0200 (CEST);1562147310000;4.8;990.71
1380556833984591;46.7;31.3;Wed Jul 03 2019 11:50:01 GMT+0200 (CEST);Wed Jul 03 2019 09:50:01 GMT+0200 (CEST);1562147401000;4.8;990.71
1380556833984591;46.7;31.3;Wed Jul 03 2019 11:51:55 GMT+0200 (CEST);Wed Jul 03 2019 09:51:55 GMT+0200 (CEST);1562147515000;4.8;985.59
1380556833984591;46.7;31.2;Wed Jul 03 2019 11:53:26 GMT+0200 (CEST);Wed Jul 03 2019 09:53:26 GMT+0200 (CEST);1562147606000;4.8;985.59
1380556833984591;46.7;31.2;Wed Jul 03 2019 11:54:55 GMT+0200 (CEST);Wed Jul 03 2019 09:54:55 GMT+0200 (CEST);1562147695000;4.8;993.27
1380556833984591;46.7;31.2;Wed Jul 03 2019 11:56:38 GMT+0200 (CEST);Wed Jul 03 2019 09:56:38 GMT+0200 (CEST);1562147798000;4.9;1016.31
1380556833984591;46.7;31.1;Wed Jul 03 2019 11:58:07 GMT+0200 (CEST);Wed Jul 03 2019 09:58:07 GMT+0200 (CEST);1562147887000;5;1008.63
1380556833984591;46.7;31.1;Wed Jul 03 2019 11:59:37 GMT+0200 (CEST);Wed Jul 03 2019 09:59:37 GMT+0200 (CEST);1562147977000;4.9;993.27
1380556833984591;46.7;31.2;Wed Jul 03 2019 12:01:07 GMT+0200 (CEST);Wed Jul 03 2019 10:01:07 GMT+0200 (CEST);1562148067000;5;1016.31
1380556833984591;46.7;31.1;Wed Jul 03 2019 12:02:43 GMT+0200 (CEST);Wed Jul 03 2019 10:02:43 GMT+0200 (CEST);1562148163000;4.9;1011.19
1380556833984591;46.7;31.1;Wed Jul 03 2019 12:04:17 GMT+0200 (CEST);Wed Jul 03 2019 10:04:17 GMT+0200 (CEST);1562148257000;5;1021.43
1380556833984591;46.7;31.1;Wed Jul 03 2019 12:05:47 GMT+0200 (CEST);Wed Jul 03 2019 10:05:47 GMT+0200 (CEST);1562148347000;5;1011.19
1380556833984591;46.7;31;Wed Jul 03 2019 12:07:17 GMT+0200 (CEST);Wed Jul 03 2019 10:07:17 GMT+0200 (CEST);1562148437000;4.8;990.71
1380556833984591;46.7;30.8;Wed Jul 03 2019 12:08:47 GMT+0200 (CEST);Wed Jul 03 2019 10:08:47 GMT+0200 (CEST);1562148527000;4.9;988.15
1380556833984591;46.7;30.8;Wed Jul 03 2019 12:10:17 GMT+0200 (CEST);Wed Jul 03 2019 10:10:17 GMT+0200 (CEST);1562148617000;5;1011.19
1380556833984591;47.2;30.7;Wed Jul 03 2019 12:11:47 GMT+0200 (CEST);Wed Jul 03 2019 10:11:47 GMT+0200 (CEST);1562148707000;4.8;995.83
1380556833984591;47.2;30.7;Wed Jul 03 2019 12:13:18 GMT+0200 (CEST);Wed Jul 03 2019 10:13:18 GMT+0200 (CEST);1562148798000;5;1026.55
1380556833984591;47.2;30.7;Wed Jul 03 2019 12:14:48 GMT+0200 (CEST);Wed Jul 03 2019 10:14:48 GMT+0200 (CEST);1562148888000;5;1006.07
1380556833984591;47.2;30.8;Wed Jul 03 2019 12:16:18 GMT+0200 (CEST);Wed Jul 03 2019 10:16:18 GMT+0200 (CEST);1562148978000;4.9;975.23
1380556833984591;47.2;30.8;Wed Jul 03 2019 12:17:48 GMT+0200 (CEST);Wed Jul 03 2019 10:17:48 GMT+0200 (CEST);1562149068000;5;1034.23
1380556833984591;47.2;30.9;Wed Jul 03 2019 12:19:22 GMT+0200 (CEST);Wed Jul 03 2019 10:19:22 GMT+0200 (CEST);1562149162000;4.9;988.15
1380556833984591;47.2;31.1;Wed Jul 03 2019 12:21:03 GMT+0200 (CEST);Wed Jul 03 2019 10:21:03 GMT+0200 (CEST);1562149263000;5.1;1036.79
1380556833984591;47.2;31;Wed Jul 03 2019 12:22:33 GMT+0200 (CEST);Wed Jul 03 2019 10:22:33 GMT+0200 (CEST);1562149353000;5.1;1034.23
1380556833984591;47.2;30.8;Wed Jul 03 2019 12:24:03 GMT+0200 (CEST);Wed Jul 03 2019 10:24:03 GMT+0200 (CEST);1562149443000;5.1;1023.99
1380556833984591;47.2;30.9;Wed Jul 03 2019 12:25:37 GMT+0200 (CEST);Wed Jul 03 2019 10:25:37 GMT+0200 (CEST);1562149537000;5;1039.35
1380556833984591;47.2;30.9;Wed Jul 03 2019 12:27:13 GMT+0200 (CEST);Wed Jul 03 2019 10:27:13 GMT+0200 (CEST);1562149633000;5.1;1039.35
1380556833984591;47.2;30.8;Wed Jul 03 2019 12:28:43 GMT+0200 (CEST);Wed Jul 03 2019 10:28:43 GMT+0200 (CEST);1562149723000;5.1;1034.23
1380556833984591;47.2;30.6;Wed Jul 03 2019 12:30:12 GMT+0200 (CEST);Wed Jul 03 2019 10:30:12 GMT+0200 (CEST);1562149812000;5.1;1039.35
1380556833984591;48.2;30.5;Wed Jul 03 2019 12:31:42 GMT+0200 (CEST);Wed Jul 03 2019 10:31:42 GMT+0200 (CEST);1562149902000;5.1;1041.91
1380556833984591;48.2;30.5;Wed Jul 03 2019 12:33:12 GMT+0200 (CEST);Wed Jul 03 2019 10:33:12 GMT+0200 (CEST);1562149992000;5.2;1041.91
1380556833984591;48.2;30.5;Wed Jul 03 2019 12:35:16 GMT+0200 (CEST);Wed Jul 03 2019 10:35:16 GMT+0200 (CEST);1562150116000;5.1;1029.11
1380556833984591;48.2;30.8;Wed Jul 03 2019 12:36:46 GMT+0200 (CEST);Wed Jul 03 2019 10:36:46 GMT+0200 (CEST);1562150206000;5.1;1039.35
1380556833984591;48.2;30.6;Wed Jul 03 2019 12:38:17 GMT+0200 (CEST);Wed Jul 03 2019 10:38:17 GMT+0200 (CEST);1562150297000;5.2;1039.35
1380556833984591;48.2;30.6;Wed Jul 03 2019 12:39:47 GMT+0200 (CEST);Wed Jul 03 2019 10:39:47 GMT+0200 (CEST);1562150387000;5.1;1041.91
1380556833984591;48.2;30.7;Wed Jul 03 2019 12:41:31 GMT+0200 (CEST);Wed Jul 03 2019 10:41:31 GMT+0200 (CEST);1562150491000;5.2;1044.47
1380556833984591;48.2;30.8;Wed Jul 03 2019 12:43:01 GMT+0200 (CEST);Wed Jul 03 2019 10:43:01 GMT+0200 (CEST);1562150581000;5.1;1036.79
1380556833984591;48.2;30.8;Wed Jul 03 2019 12:44:31 GMT+0200 (CEST);Wed Jul 03 2019 10:44:31 GMT+0200 (CEST);1562150671000;5.2;1052.15
1380556833984591;48.2;30.8;Wed Jul 03 2019 12:46:04 GMT+0200 (CEST);Wed Jul 03 2019 10:46:04 GMT+0200 (CEST);1562150764000;5.2;1036.79
1380556833984591;48.2;30.7;Wed Jul 03 2019 12:47:34 GMT+0200 (CEST);Wed Jul 03 2019 10:47:34 GMT+0200 (CEST);1562150854000;4.9;1026.55
1380556833984591;48.2;30.8;Wed Jul 03 2019 12:49:42 GMT+0200 (CEST);Wed Jul 03 2019 10:49:42 GMT+0200 (CEST);1562150982000;5.2;1041.91
1380556833984591;48.2;30.8;Wed Jul 03 2019 12:51:13 GMT+0200 (CEST);Wed Jul 03 2019 10:51:13 GMT+0200 (CEST);1562151073000;5.2;1049.59
1380556833984591;48.2;30.8;Wed Jul 03 2019 12:52:45 GMT+0200 (CEST);Wed Jul 03 2019 10:52:45 GMT+0200 (CEST);1562151165000;5.2;1064.95
1380556833984591;48.2;30.8;Wed Jul 03 2019 12:54:15 GMT+0200 (CEST);Wed Jul 03 2019 10:54:15 GMT+0200 (CEST);1562151255000;5.2;1059.83
1380556833984591;48.2;30.8;Wed Jul 03 2019 12:55:57 GMT+0200 (CEST);Wed Jul 03 2019 10:55:57 GMT+0200 (CEST);1562151357000;5.2;1054.71
1380556833984591;48.2;30.6;Wed Jul 03 2019 12:57:27 GMT+0200 (CEST);Wed Jul 03 2019 10:57:27 GMT+0200 (CEST);1562151447000;5.2;1049.59
1380556833984591;48.2;30.4;Wed Jul 03 2019 12:58:57 GMT+0200 (CEST);Wed Jul 03 2019 10:58:57 GMT+0200 (CEST);1562151537000;5.2;1049.59
1380556833984591;48.2;30.4;Wed Jul 03 2019 13:00:31 GMT+0200 (CEST);Wed Jul 03 2019 11:00:31 GMT+0200 (CEST);1562151631000;5.2;1052.15
1380556833984591;48.2;30.4;Wed Jul 03 2019 13:02:01 GMT+0200 (CEST);Wed Jul 03 2019 11:02:01 GMT+0200 (CEST);1562151721000;5.2;1057.27
1380556833984591;48.2;30.7;Wed Jul 03 2019 13:03:32 GMT+0200 (CEST);Wed Jul 03 2019 11:03:32 GMT+0200 (CEST);1562151812000;5.2;1047.03
1380556833984591;48.2;30.7;Wed Jul 03 2019 13:05:03 GMT+0200 (CEST);Wed Jul 03 2019 11:05:03 GMT+0200 (CEST);1562151903000;5.1;1044.47
1380556833984591;48.2;30.8;Wed Jul 03 2019 13:06:33 GMT+0200 (CEST);Wed Jul 03 2019 11:06:33 GMT+0200 (CEST);1562151993000;5.1;1044.47
1380556833984591;48.2;30.8;Wed Jul 03 2019 13:08:04 GMT+0200 (CEST);Wed Jul 03 2019 11:08:04 GMT+0200 (CEST);1562152084000;5;1036.79
1380556833984591;48.2;30.8;Wed Jul 03 2019 13:09:38 GMT+0200 (CEST);Wed Jul 03 2019 11:09:38 GMT+0200 (CEST);1562152178000;5.1;1052.15
1380556833984591;48.2;30.8;Wed Jul 03 2019 13:11:09 GMT+0200 (CEST);Wed Jul 03 2019 11:11:09 GMT+0200 (CEST);1562152269000;5.2;1052.15
1380556833984591;48.2;30.8;Wed Jul 03 2019 13:12:38 GMT+0200 (CEST);Wed Jul 03 2019 11:12:38 GMT+0200 (CEST);1562152358000;5.1;1052.15
1380556833984591;48.2;30.8;Wed Jul 03 2019 13:14:17 GMT+0200 (CEST);Wed Jul 03 2019 11:14:17 GMT+0200 (CEST);1562152457000;5.1;1054.71
1380556833984591;48.2;30.8;Wed Jul 03 2019 13:15:47 GMT+0200 (CEST);Wed Jul 03 2019 11:15:47 GMT+0200 (CEST);1562152547000;5.1;1054.71
1380556833984591;48.2;30.8;Wed Jul 03 2019 13:17:34 GMT+0200 (CEST);Wed Jul 03 2019 11:17:34 GMT+0200 (CEST);1562152654000;5.2;1052.15
1380556833984591;48.2;30.6;Wed Jul 03 2019 13:19:06 GMT+0200 (CEST);Wed Jul 03 2019 11:19:06 GMT+0200 (CEST);1562152746000;5.2;1049.59
1380556833984591;48.2;30.6;Wed Jul 03 2019 13:20:39 GMT+0200 (CEST);Wed Jul 03 2019 11:20:39 GMT+0200 (CEST);1562152839000;5.1;1049.59
1380556833984591;48.2;30.8;Wed Jul 03 2019 13:22:10 GMT+0200 (CEST);Wed Jul 03 2019 11:22:10 GMT+0200 (CEST);1562152930000;5.1;1049.59
1380556833984591;48.2;30.8;Wed Jul 03 2019 13:23:41 GMT+0200 (CEST);Wed Jul 03 2019 11:23:41 GMT+0200 (CEST);1562153021000;5.1;1052.15
1380556833984591;48.2;30.7;Wed Jul 03 2019 13:25:11 GMT+0200 (CEST);Wed Jul 03 2019 11:25:11 GMT+0200 (CEST);1562153111000;5.1;1047.03
1380556833984591;48.2;30.7;Wed Jul 03 2019 13:26:44 GMT+0200 (CEST);Wed Jul 03 2019 11:26:44 GMT+0200 (CEST);1562153204000;5.1;1049.59
1380556833984591;48.2;30.8;Wed Jul 03 2019 13:28:18 GMT+0200 (CEST);Wed Jul 03 2019 11:28:18 GMT+0200 (CEST);1562153298000;5.1;1044.47
1380556833984591;48.2;30.8;Wed Jul 03 2019 13:29:50 GMT+0200 (CEST);Wed Jul 03 2019 11:29:50 GMT+0200 (CEST);1562153390000;5.1;1049.59
1380556833984591;48.2;30.8;Wed Jul 03 2019 13:31:21 GMT+0200 (CEST);Wed Jul 03 2019 11:31:21 GMT+0200 (CEST);1562153481000;5.1;1049.59
1380556833984591;48.2;30.8;Wed Jul 03 2019 13:32:51 GMT+0200 (CEST);Wed Jul 03 2019 11:32:51 GMT+0200 (CEST);1562153571000;5.1;1047.03
1380556833984591;48.2;30.7;Wed Jul 03 2019 13:34:32 GMT+0200 (CEST);Wed Jul 03 2019 11:34:32 GMT+0200 (CEST);1562153672000;5.1;1039.35
1380556833984591;48.2;30.6;Wed Jul 03 2019 13:36:03 GMT+0200 (CEST);Wed Jul 03 2019 11:36:03 GMT+0200 (CEST);1562153763000;4.7;1018.87
1380556833984591;50.7;30.8;Wed Jul 03 2019 13:37:34 GMT+0200 (CEST);Wed Jul 03 2019 11:37:34 GMT+0200 (CEST);1562153854000;5.1;1044.47
1380556833984591;50.7;30.7;Wed Jul 03 2019 13:39:08 GMT+0200 (CEST);Wed Jul 03 2019 11:39:08 GMT+0200 (CEST);1562153948000;5.1;1036.79
1380556833984591;50.7;30.8;Wed Jul 03 2019 13:40:38 GMT+0200 (CEST);Wed Jul 03 2019 11:40:38 GMT+0200 (CEST);1562154038000;5.1;1044.47
1380556833984591;48.2;30.8;Wed Jul 03 2019 13:42:07 GMT+0200 (CEST);Wed Jul 03 2019 11:42:07 GMT+0200 (CEST);1562154127000;5;1013.75
1380556833984591;48.2;30.6;Wed Jul 03 2019 13:43:38 GMT+0200 (CEST);Wed Jul 03 2019 11:43:38 GMT+0200 (CEST);1562154218000;5;1031.67
1380556833984591;48.2;30.6;Wed Jul 03 2019 13:45:10 GMT+0200 (CEST);Wed Jul 03 2019 11:45:10 GMT+0200 (CEST);1562154310000;5.1;1039.35
1380556833984591;48.2;30.6;Wed Jul 03 2019 13:46:46 GMT+0200 (CEST);Wed Jul 03 2019 11:46:46 GMT+0200 (CEST);1562154406000;5.1;1034.23
1380556833984591;50.7;30.6;Wed Jul 03 2019 13:48:18 GMT+0200 (CEST);Wed Jul 03 2019 11:48:18 GMT+0200 (CEST);1562154498000;5.1;1034.23
1380556833984591;50.7;30.6;Wed Jul 03 2019 13:49:56 GMT+0200 (CEST);Wed Jul 03 2019 11:49:56 GMT+0200 (CEST);1562154596000;5;1029.11
1380556833984591;50.7;30.9;Wed Jul 03 2019 13:51:26 GMT+0200 (CEST);Wed Jul 03 2019 11:51:26 GMT+0200 (CEST);1562154686000;5;1023.99
1380556833984591;50.7;30.9;Wed Jul 03 2019 13:53:00 GMT+0200 (CEST);Wed Jul 03 2019 11:53:00 GMT+0200 (CEST);1562154780000;5;1021.43
1380556833984591;50.7;30.7;Wed Jul 03 2019 13:54:30 GMT+0200 (CEST);Wed Jul 03 2019 11:54:30 GMT+0200 (CEST);1562154870000;5;1021.43
1380556833984591;50.7;30.9;Wed Jul 03 2019 13:56:00 GMT+0200 (CEST);Wed Jul 03 2019 11:56:00 GMT+0200 (CEST);1562154960000;5;1021.43
1380556833984591;50.7;30.8;Wed Jul 03 2019 13:57:30 GMT+0200 (CEST);Wed Jul 03 2019 11:57:30 GMT+0200 (CEST);1562155050000;5;1018.87
1380556833984591;50.7;30.8;Wed Jul 03 2019 13:59:01 GMT+0200 (CEST);Wed Jul 03 2019 11:59:01 GMT+0200 (CEST);1562155141000;5;1018.87
1380556833984591;50.7;30.5;Wed Jul 03 2019 14:00:32 GMT+0200 (CEST);Wed Jul 03 2019 12:00:32 GMT+0200 (CEST);1562155232000;5;1013.75
1380556833984591;50.7;30.5;Wed Jul 03 2019 14:02:04 GMT+0200 (CEST);Wed Jul 03 2019 12:02:04 GMT+0200 (CEST);1562155324000;5;1008.63
1380556833984591;50.7;30.5;Wed Jul 03 2019 14:03:34 GMT+0200 (CEST);Wed Jul 03 2019 12:03:34 GMT+0200 (CEST);1562155414000;5;1011.19
1380556833984591;50.7;30.5;Wed Jul 03 2019 14:05:11 GMT+0200 (CEST);Wed Jul 03 2019 12:05:11 GMT+0200 (CEST);1562155511000;5;1013.75
1380556833984591;50.7;30.5;Wed Jul 03 2019 14:07:00 GMT+0200 (CEST);Wed Jul 03 2019 12:07:00 GMT+0200 (CEST);1562155620000;5;1016.31
1380556833984591;50.7;30.6;Wed Jul 03 2019 14:08:30 GMT+0200 (CEST);Wed Jul 03 2019 12:08:30 GMT+0200 (CEST);1562155710000;5;1011.19
1380556833984591;50.7;30.6;Wed Jul 03 2019 14:10:02 GMT+0200 (CEST);Wed Jul 03 2019 12:10:02 GMT+0200 (CEST);1562155802000;4.9;1006.07
1380556833984591;50.7;30.8;Wed Jul 03 2019 14:11:32 GMT+0200 (CEST);Wed Jul 03 2019 12:11:32 GMT+0200 (CEST);1562155892000;4.9;1003.51
1380556833984591;50.7;30.8;Wed Jul 03 2019 14:13:05 GMT+0200 (CEST);Wed Jul 03 2019 12:13:05 GMT+0200 (CEST);1562155985000;4.9;998.39
1380556833984591;50.7;30.8;Wed Jul 03 2019 14:14:40 GMT+0200 (CEST);Wed Jul 03 2019 12:14:40 GMT+0200 (CEST);1562156080000;4.9;998.39
1380556833984591;50.7;30.9;Wed Jul 03 2019 14:16:16 GMT+0200 (CEST);Wed Jul 03 2019 12:16:16 GMT+0200 (CEST);1562156176000;4.9;998.39
1380556833984591;50.7;30.9;Wed Jul 03 2019 14:17:48 GMT+0200 (CEST);Wed Jul 03 2019 12:17:48 GMT+0200 (CEST);1562156268000;4.8;995.83
1380556833984591;50.7;31.1;Wed Jul 03 2019 14:19:15 GMT+0200 (CEST);Wed Jul 03 2019 12:19:15 GMT+0200 (CEST);1562156355000;4.9;993.27
1380556833984591;50.7;31.2;Wed Jul 03 2019 14:21:01 GMT+0200 (CEST);Wed Jul 03 2019 12:21:01 GMT+0200 (CEST);1562156461000;4.8;988.15
1380556833984591;50.7;31.3;Wed Jul 03 2019 14:22:32 GMT+0200 (CEST);Wed Jul 03 2019 12:22:32 GMT+0200 (CEST);1562156552000;4.7;985.59
1380556833984591;50.7;31.5;Wed Jul 03 2019 14:24:02 GMT+0200 (CEST);Wed Jul 03 2019 12:24:02 GMT+0200 (CEST);1562156642000;4.8;985.59
1380556833984591;50.7;31.3;Wed Jul 03 2019 14:25:33 GMT+0200 (CEST);Wed Jul 03 2019 12:25:33 GMT+0200 (CEST);1562156733000;4.7;985.59
1380556833984591;48.2;31;Wed Jul 03 2019 14:27:05 GMT+0200 (CEST);Wed Jul 03 2019 12:27:05 GMT+0200 (CEST);1562156825000;4.8;985.59
1380556833984591;48.2;30.8;Wed Jul 03 2019 14:30:08 GMT+0200 (CEST);Wed Jul 03 2019 12:30:08 GMT+0200 (CEST);1562157008000;4.8;980.08
1380556833984591;48.2;30.9;Wed Jul 03 2019 14:31:41 GMT+0200 (CEST);Wed Jul 03 2019 12:31:41 GMT+0200 (CEST);1562157101000;4.7;977.42
1380556833984591;48.2;31.4;Wed Jul 03 2019 14:33:14 GMT+0200 (CEST);Wed Jul 03 2019 12:33:14 GMT+0200 (CEST);1562157194000;4.8;973.79
1380556833984591;48.2;30.9;Wed Jul 03 2019 14:34:45 GMT+0200 (CEST);Wed Jul 03 2019 12:34:45 GMT+0200 (CEST);1562157285000;4.7;972.59
1380556833984591;48.2;31.4;Wed Jul 03 2019 14:36:39 GMT+0200 (CEST);Wed Jul 03 2019 12:36:39 GMT+0200 (CEST);1562157399000;4.7;966.88
1380556833984591;48.2;31.4;Wed Jul 03 2019 14:38:09 GMT+0200 (CEST);Wed Jul 03 2019 12:38:09 GMT+0200 (CEST);1562157489000;4.6;966.12
1380556833984591;48.2;31.8;Wed Jul 03 2019 14:39:39 GMT+0200 (CEST);Wed Jul 03 2019 12:39:39 GMT+0200 (CEST);1562157579000;4.5;962.63
1380556833984591;48.2;31.8;Wed Jul 03 2019 14:42:43 GMT+0200 (CEST);Wed Jul 03 2019 12:42:43 GMT+0200 (CEST);1562157763000;4.6;957.25
1380556833984591;48.2;31.7;Wed Jul 03 2019 14:44:15 GMT+0200 (CEST);Wed Jul 03 2019 12:44:15 GMT+0200 (CEST);1562157855000;4.6;952.91
1380556833984591;48.2;31.9;Wed Jul 03 2019 14:45:53 GMT+0200 (CEST);Wed Jul 03 2019 12:45:53 GMT+0200 (CEST);1562157953000;4.5;950.79
1380556833984591;48.2;31.8;Wed Jul 03 2019 14:47:22 GMT+0200 (CEST);Wed Jul 03 2019 12:47:22 GMT+0200 (CEST);1562158042000;4.5;949.55
1380556833984591;48.2;31.7;Wed Jul 03 2019 14:48:56 GMT+0200 (CEST);Wed Jul 03 2019 12:48:56 GMT+0200 (CEST);1562158136000;4.5;943.51
1380556833984591;48.2;32.1;Wed Jul 03 2019 14:50:26 GMT+0200 (CEST);Wed Jul 03 2019 12:50:26 GMT+0200 (CEST);1562158226000;4.4;942.06
1380556833984591;48.2;32;Wed Jul 03 2019 14:51:56 GMT+0200 (CEST);Wed Jul 03 2019 12:51:56 GMT+0200 (CEST);1562158316000;4.4;937.98
1380556833984591;48.2;32;Wed Jul 03 2019 14:53:27 GMT+0200 (CEST);Wed Jul 03 2019 12:53:27 GMT+0200 (CEST);1562158407000;4.4;935.82
1380556833984591;48.2;32;Wed Jul 03 2019 14:54:58 GMT+0200 (CEST);Wed Jul 03 2019 12:54:58 GMT+0200 (CEST);1562158498000;4.5;929.18
1380556833984591;48.2;31.9;Wed Jul 03 2019 14:56:38 GMT+0200 (CEST);Wed Jul 03 2019 12:56:38 GMT+0200 (CEST);1562158598000;4.4;923.31
1380556833984591;48.2;31.8;Wed Jul 03 2019 14:58:08 GMT+0200 (CEST);Wed Jul 03 2019 12:58:08 GMT+0200 (CEST);1562158688000;4.4;920.8
1380556833984591;48.2;32.1;Wed Jul 03 2019 14:59:39 GMT+0200 (CEST);Wed Jul 03 2019 12:59:39 GMT+0200 (CEST);1562158779000;4.4;918.1
1380556833984591;48.2;31.8;Wed Jul 03 2019 15:01:14 GMT+0200 (CEST);Wed Jul 03 2019 13:01:14 GMT+0200 (CEST);1562158874000;4.4;912.9
1380556833984591;48.2;31.8;Wed Jul 03 2019 15:02:45 GMT+0200 (CEST);Wed Jul 03 2019 13:02:45 GMT+0200 (CEST);1562158965000;4.5;916.36
1380556833984591;48.2;31.7;Wed Jul 03 2019 15:04:16 GMT+0200 (CEST);Wed Jul 03 2019 13:04:16 GMT+0200 (CEST);1562159056000;4.4;910.58
1380556833984591;48.2;31.9;Wed Jul 03 2019 15:05:45 GMT+0200 (CEST);Wed Jul 03 2019 13:05:45 GMT+0200 (CEST);1562159145000;4.4;909.34
1380556833984591;48.2;31.3;Wed Jul 03 2019 15:07:26 GMT+0200 (CEST);Wed Jul 03 2019 13:07:26 GMT+0200 (CEST);1562159246000;4.4;908.19
1380556833984591;48.2;31.9;Wed Jul 03 2019 15:09:02 GMT+0200 (CEST);Wed Jul 03 2019 13:09:02 GMT+0200 (CEST);1562159342000;4.5;905.51
1380556833984591;48.2;31.4;Wed Jul 03 2019 15:10:40 GMT+0200 (CEST);Wed Jul 03 2019 13:10:40 GMT+0200 (CEST);1562159440000;4.5;906.32
1380556833984591;48.2;31.5;Wed Jul 03 2019 15:12:12 GMT+0200 (CEST);Wed Jul 03 2019 13:12:12 GMT+0200 (CEST);1562159532000;4.4;902.44
1380556833984591;48.2;31.9;Wed Jul 03 2019 15:13:42 GMT+0200 (CEST);Wed Jul 03 2019 13:13:42 GMT+0200 (CEST);1562159622000;4.4;897.63
1380556833984591;48.2;31.5;Wed Jul 03 2019 15:15:12 GMT+0200 (CEST);Wed Jul 03 2019 13:15:12 GMT+0200 (CEST);1562159712000;4.4;890.2
1380556833984591;48.2;31.5;Wed Jul 03 2019 15:16:42 GMT+0200 (CEST);Wed Jul 03 2019 13:16:42 GMT+0200 (CEST);1562159802000;4.4;887.34
1380556833984591;48.2;31.6;Wed Jul 03 2019 15:18:16 GMT+0200 (CEST);Wed Jul 03 2019 13:18:16 GMT+0200 (CEST);1562159896000;4.4;883.21
1380556833984591;47.2;31.2;Wed Jul 03 2019 15:19:46 GMT+0200 (CEST);Wed Jul 03 2019 13:19:46 GMT+0200 (CEST);1562159986000;4.4;877.81
1380556833984591;47.2;31;Wed Jul 03 2019 15:21:16 GMT+0200 (CEST);Wed Jul 03 2019 13:21:16 GMT+0200 (CEST);1562160076000;4.4;874.78
1380556833984591;47.2;31;Wed Jul 03 2019 15:22:52 GMT+0200 (CEST);Wed Jul 03 2019 13:22:52 GMT+0200 (CEST);1562160172000;4.3;867.72
1380556833984591;47.2;31;Wed Jul 03 2019 15:24:25 GMT+0200 (CEST);Wed Jul 03 2019 13:24:25 GMT+0200 (CEST);1562160265000;4.3;861.72
1380556833984591;47.2;31;Wed Jul 03 2019 15:25:55 GMT+0200 (CEST);Wed Jul 03 2019 13:25:55 GMT+0200 (CEST);1562160355000;4.2;857.55
1380556833984591;47.2;31.7;Wed Jul 03 2019 15:27:25 GMT+0200 (CEST);Wed Jul 03 2019 13:27:25 GMT+0200 (CEST);1562160445000;4.2;855.38
1380556833984591;47.2;31.3;Wed Jul 03 2019 15:29:04 GMT+0200 (CEST);Wed Jul 03 2019 13:29:04 GMT+0200 (CEST);1562160544000;4.3;851.43
1380556833984591;47.2;31;Wed Jul 03 2019 15:30:34 GMT+0200 (CEST);Wed Jul 03 2019 13:30:34 GMT+0200 (CEST);1562160634000;4.2;846.3
1380556833984591;47.2;31.6;Wed Jul 03 2019 15:32:13 GMT+0200 (CEST);Wed Jul 03 2019 13:32:13 GMT+0200 (CEST);1562160733000;4.1;840.52
1380556833984591;47.2;31.7;Wed Jul 03 2019 15:33:45 GMT+0200 (CEST);Wed Jul 03 2019 13:33:45 GMT+0200 (CEST);1562160825000;4.1;837.29
1380556833984591;47.2;31.8;Wed Jul 03 2019 15:35:15 GMT+0200 (CEST);Wed Jul 03 2019 13:35:15 GMT+0200 (CEST);1562160915000;4.1;839.36
1380556833984591;47.2;32.2;Wed Jul 03 2019 15:36:45 GMT+0200 (CEST);Wed Jul 03 2019 13:36:45 GMT+0200 (CEST);1562161005000;3.9;832.58
1380556833984591;47.2;32.5;Wed Jul 03 2019 15:38:32 GMT+0200 (CEST);Wed Jul 03 2019 13:38:32 GMT+0200 (CEST);1562161112000;4;830.26
1380556833984591;47.2;32.4;Wed Jul 03 2019 15:40:03 GMT+0200 (CEST);Wed Jul 03 2019 13:40:03 GMT+0200 (CEST);1562161203000;4.1;827.22
1380556833984591;47.2;31.9;Wed Jul 03 2019 15:41:32 GMT+0200 (CEST);Wed Jul 03 2019 13:41:32 GMT+0200 (CEST);1562161292000;4;824.45
1380556833984591;47.2;31.9;Wed Jul 03 2019 15:43:02 GMT+0200 (CEST);Wed Jul 03 2019 13:43:02 GMT+0200 (CEST);1562161382000;4;818.31
1380556833984591;47.2;31.7;Wed Jul 03 2019 15:44:33 GMT+0200 (CEST);Wed Jul 03 2019 13:44:33 GMT+0200 (CEST);1562161473000;4;817.04
1380556833984591;47.2;31.6;Wed Jul 03 2019 15:46:04 GMT+0200 (CEST);Wed Jul 03 2019 13:46:04 GMT+0200 (CEST);1562161564000;4;810.54
1380556833984591;47.2;31.5;Wed Jul 03 2019 15:47:40 GMT+0200 (CEST);Wed Jul 03 2019 13:47:40 GMT+0200 (CEST);1562161660000;3.9;804.08
1380556833984591;47.2;31.8;Wed Jul 03 2019 15:49:11 GMT+0200 (CEST);Wed Jul 03 2019 13:49:11 GMT+0200 (CEST);1562161751000;4;802.06
1380556833984591;47.2;31.6;Wed Jul 03 2019 15:50:40 GMT+0200 (CEST);Wed Jul 03 2019 13:50:40 GMT+0200 (CEST);1562161840000;3.9;798.51
1380556833984591;47.2;31.7;Wed Jul 03 2019 15:52:10 GMT+0200 (CEST);Wed Jul 03 2019 13:52:10 GMT+0200 (CEST);1562161930000;3.9;795.6
1380556833984591;47.2;31.7;Wed Jul 03 2019 15:54:11 GMT+0200 (CEST);Wed Jul 03 2019 13:54:11 GMT+0200 (CEST);1562162051000;3.9;789.11
1380556833984591;46.7;31.7;Wed Jul 03 2019 15:55:41 GMT+0200 (CEST);Wed Jul 03 2019 13:55:41 GMT+0200 (CEST);1562162141000;3.8;783.4
1380556833984591;46.7;32.2;Wed Jul 03 2019 15:57:10 GMT+0200 (CEST);Wed Jul 03 2019 13:57:10 GMT+0200 (CEST);1562162230000;3.8;778.8
1380556833984591;46.7;32.2;Wed Jul 03 2019 15:58:42 GMT+0200 (CEST);Wed Jul 03 2019 13:58:42 GMT+0200 (CEST);1562162322000;3.7;775.41
1380556833984591;46.7;32.2;Wed Jul 03 2019 16:00:14 GMT+0200 (CEST);Wed Jul 03 2019 14:00:14 GMT+0200 (CEST);1562162414000;3.7;767.92
1380556833984591;46.7;32.2;Wed Jul 03 2019 16:02:00 GMT+0200 (CEST);Wed Jul 03 2019 14:02:00 GMT+0200 (CEST);1562162520000;3.7;765.01
1380556833984591;46.7;32.3;Wed Jul 03 2019 16:03:35 GMT+0200 (CEST);Wed Jul 03 2019 14:03:35 GMT+0200 (CEST);1562162615000;3.6;762.8
1380556833984591;46.7;32.5;Wed Jul 03 2019 16:05:05 GMT+0200 (CEST);Wed Jul 03 2019 14:05:05 GMT+0200 (CEST);1562162705000;3.7;759.22
1380556833984591;46.7;32.5;Wed Jul 03 2019 16:06:40 GMT+0200 (CEST);Wed Jul 03 2019 14:06:40 GMT+0200 (CEST);1562162800000;3.6;753.48
1380556833984591;46.7;32.5;Wed Jul 03 2019 16:08:09 GMT+0200 (CEST);Wed Jul 03 2019 14:08:09 GMT+0200 (CEST);1562162889000;3.6;750.34
1380556833984591;46.7;32.5;Wed Jul 03 2019 16:09:53 GMT+0200 (CEST);Wed Jul 03 2019 14:09:53 GMT+0200 (CEST);1562162993000;3.5;746.16
1380556833984591;46.7;32.6;Wed Jul 03 2019 16:11:23 GMT+0200 (CEST);Wed Jul 03 2019 14:11:23 GMT+0200 (CEST);1562163083000;3.5;741.85
1380556833984591;46.7;32.5;Wed Jul 03 2019 16:12:52 GMT+0200 (CEST);Wed Jul 03 2019 14:12:52 GMT+0200 (CEST);1562163172000;3.5;739.02
1380556833984591;46.7;32.5;Wed Jul 03 2019 16:14:28 GMT+0200 (CEST);Wed Jul 03 2019 14:14:28 GMT+0200 (CEST);1562163268000;3.6;734.49
1380556833984591;46.7;32.3;Wed Jul 03 2019 16:15:57 GMT+0200 (CEST);Wed Jul 03 2019 14:15:57 GMT+0200 (CEST);1562163357000;3.6;729.14
1380556833984591;46.7;31.7;Wed Jul 03 2019 16:17:40 GMT+0200 (CEST);Wed Jul 03 2019 14:17:40 GMT+0200 (CEST);1562163460000;3.5;717.52
1380556833984591;46.7;31.7;Wed Jul 03 2019 16:19:11 GMT+0200 (CEST);Wed Jul 03 2019 14:19:11 GMT+0200 (CEST);1562163551000;3.5;710.08
1380556833984591;46.7;31.9;Wed Jul 03 2019 16:20:42 GMT+0200 (CEST);Wed Jul 03 2019 14:20:42 GMT+0200 (CEST);1562163642000;3.4;707.61
1380556833984591;46.7;31.7;Wed Jul 03 2019 16:22:17 GMT+0200 (CEST);Wed Jul 03 2019 14:22:17 GMT+0200 (CEST);1562163737000;3.5;698.51
1380556833984591;46.7;31.9;Wed Jul 03 2019 16:23:47 GMT+0200 (CEST);Wed Jul 03 2019 14:23:47 GMT+0200 (CEST);1562163827000;3.4;695.35
1380556833984591;46.7;32;Wed Jul 03 2019 16:25:18 GMT+0200 (CEST);Wed Jul 03 2019 14:25:18 GMT+0200 (CEST);1562163918000;3.4;690.18
1380556833984591;46.7;31.8;Wed Jul 03 2019 16:26:48 GMT+0200 (CEST);Wed Jul 03 2019 14:26:48 GMT+0200 (CEST);1562164008000;3.4;690.26
1380556833984591;46.7;31.8;Wed Jul 03 2019 16:28:25 GMT+0200 (CEST);Wed Jul 03 2019 14:28:25 GMT+0200 (CEST);1562164105000;3.4;688.63
1380556833984591;46.7;31.8;Wed Jul 03 2019 16:29:55 GMT+0200 (CEST);Wed Jul 03 2019 14:29:55 GMT+0200 (CEST);1562164195000;3.4;683.16
1380556833984591;45.2;32.1;Wed Jul 03 2019 16:31:26 GMT+0200 (CEST);Wed Jul 03 2019 14:31:26 GMT+0200 (CEST);1562164286000;3.3;679.25
1380556833984591;45.2;32.5;Wed Jul 03 2019 16:32:57 GMT+0200 (CEST);Wed Jul 03 2019 14:32:57 GMT+0200 (CEST);1562164377000;3.2;672.11
1380556833984591;45.2;32.8;Wed Jul 03 2019 16:34:28 GMT+0200 (CEST);Wed Jul 03 2019 14:34:28 GMT+0200 (CEST);1562164468000;3.3;666.55
1380556833984591;45.2;32.2;Wed Jul 03 2019 16:36:00 GMT+0200 (CEST);Wed Jul 03 2019 14:36:00 GMT+0200 (CEST);1562164560000;3.2;662.34
1380556833984591;45.2;32.9;Wed Jul 03 2019 16:37:31 GMT+0200 (CEST);Wed Jul 03 2019 14:37:31 GMT+0200 (CEST);1562164651000;3.1;658.38
1380556833984591;45.2;32.9;Wed Jul 03 2019 16:39:05 GMT+0200 (CEST);Wed Jul 03 2019 14:39:05 GMT+0200 (CEST);1562164745000;3.1;650.23
1380556833984591;45.2;32.4;Wed Jul 03 2019 16:40:41 GMT+0200 (CEST);Wed Jul 03 2019 14:40:41 GMT+0200 (CEST);1562164841000;3.2;645.11
1380556833984591;45.2;32.1;Wed Jul 03 2019 16:42:11 GMT+0200 (CEST);Wed Jul 03 2019 14:42:11 GMT+0200 (CEST);1562164931000;3.2;642.55
1380556833984591;45.2;32.3;Wed Jul 03 2019 16:43:42 GMT+0200 (CEST);Wed Jul 03 2019 14:43:42 GMT+0200 (CEST);1562165022000;3.1;637.43
1380556833984591;44.7;32.6;Wed Jul 03 2019 16:45:13 GMT+0200 (CEST);Wed Jul 03 2019 14:45:13 GMT+0200 (CEST);1562165113000;3.1;632.31
1380556833984591;44.7;31.5;Wed Jul 03 2019 16:46:44 GMT+0200 (CEST);Wed Jul 03 2019 14:46:44 GMT+0200 (CEST);1562165204000;3.1;624.63
1380556833984591;44.7;32;Wed Jul 03 2019 16:48:29 GMT+0200 (CEST);Wed Jul 03 2019 14:48:29 GMT+0200 (CEST);1562165309000;3.1;619.51
1380556833984591;44.1;31.3;Wed Jul 03 2019 16:50:24 GMT+0200 (CEST);Wed Jul 03 2019 14:50:24 GMT+0200 (CEST);1562165424000;3.1;614.39
1380556833984591;44.1;31.4;Wed Jul 03 2019 16:51:55 GMT+0200 (CEST);Wed Jul 03 2019 14:51:55 GMT+0200 (CEST);1562165515000;3;609.27
1380556833984591;44.1;32.3;Wed Jul 03 2019 16:53:26 GMT+0200 (CEST);Wed Jul 03 2019 14:53:26 GMT+0200 (CEST);1562165606000;3.1;609.27
1380556833984591;44.7;31.5;Wed Jul 03 2019 16:54:57 GMT+0200 (CEST);Wed Jul 03 2019 14:54:57 GMT+0200 (CEST);1562165697000;3;601.59
1380556833984591;44.7;31.7;Wed Jul 03 2019 16:56:34 GMT+0200 (CEST);Wed Jul 03 2019 14:56:34 GMT+0200 (CEST);1562165794000;3;593.91
1380556833984591;44.7;31.8;Wed Jul 03 2019 16:58:06 GMT+0200 (CEST);Wed Jul 03 2019 14:58:06 GMT+0200 (CEST);1562165886000;3;586.23
1380556833984591;43.1;31.7;Wed Jul 03 2019 16:59:35 GMT+0200 (CEST);Wed Jul 03 2019 14:59:35 GMT+0200 (CEST);1562165975000;2.9;581.11
1380556833984591;43.1;32.3;Wed Jul 03 2019 17:01:06 GMT+0200 (CEST);Wed Jul 03 2019 15:01:06 GMT+0200 (CEST);1562166066000;2.9;578.55
1380556833984591;43.1;31.8;Wed Jul 03 2019 17:02:37 GMT+0200 (CEST);Wed Jul 03 2019 15:02:37 GMT+0200 (CEST);1562166157000;2.9;578.55
1380556833984591;42.6;31.8;Wed Jul 03 2019 17:04:13 GMT+0200 (CEST);Wed Jul 03 2019 15:04:13 GMT+0200 (CEST);1562166253000;2.9;575.99
1380556833984591;42.6;31.8;Wed Jul 03 2019 17:05:43 GMT+0200 (CEST);Wed Jul 03 2019 15:05:43 GMT+0200 (CEST);1562166343000;2.8;570.87
1380556833984591;42.6;31.9;Wed Jul 03 2019 17:07:13 GMT+0200 (CEST);Wed Jul 03 2019 15:07:13 GMT+0200 (CEST);1562166433000;2.8;563.19
1380556833984591;42.6;31.8;Wed Jul 03 2019 17:08:45 GMT+0200 (CEST);Wed Jul 03 2019 15:08:45 GMT+0200 (CEST);1562166525000;2.8;563.19
1380556833984591;42.6;31.9;Wed Jul 03 2019 17:10:14 GMT+0200 (CEST);Wed Jul 03 2019 15:10:14 GMT+0200 (CEST);1562166614000;2.8;558.07
1380556833984591;42.6;33.2;Wed Jul 03 2019 17:11:50 GMT+0200 (CEST);Wed Jul 03 2019 15:11:50 GMT+0200 (CEST);1562166710000;2.6;547.83
1380556833984591;41.1;32.6;Wed Jul 03 2019 17:13:20 GMT+0200 (CEST);Wed Jul 03 2019 15:13:20 GMT+0200 (CEST);1562166800000;2.7;540.15
1380556833984591;41.1;31.9;Wed Jul 03 2019 17:14:51 GMT+0200 (CEST);Wed Jul 03 2019 15:14:51 GMT+0200 (CEST);1562166891000;2.7;542.71
1380556833984591;41.1;32;Wed Jul 03 2019 17:16:24 GMT+0200 (CEST);Wed Jul 03 2019 15:16:24 GMT+0200 (CEST);1562166984000;2.7;535.03
1380556833984591;41.1;32;Wed Jul 03 2019 17:17:54 GMT+0200 (CEST);Wed Jul 03 2019 15:17:54 GMT+0200 (CEST);1562167074000;2.6;527.35
1380556833984591;41.1;32;Wed Jul 03 2019 17:19:44 GMT+0200 (CEST);Wed Jul 03 2019 15:19:44 GMT+0200 (CEST);1562167184000;2.6;522.23
1380556833984591;41.1;32.1;Wed Jul 03 2019 17:21:17 GMT+0200 (CEST);Wed Jul 03 2019 15:21:17 GMT+0200 (CEST);1562167277000;2.5;511.99
1380556833984591;40.6;32.3;Wed Jul 03 2019 17:22:56 GMT+0200 (CEST);Wed Jul 03 2019 15:22:56 GMT+0200 (CEST);1562167376000;2.5;504.31
1380556833984591;40.6;32;Wed Jul 03 2019 17:24:26 GMT+0200 (CEST);Wed Jul 03 2019 15:24:26 GMT+0200 (CEST);1562167466000;2.5;499.19
1380556833984591;40.6;32.4;Wed Jul 03 2019 17:25:57 GMT+0200 (CEST);Wed Jul 03 2019 15:25:57 GMT+0200 (CEST);1562167557000;2.4;496.63
1380556833984591;40.6;32.8;Wed Jul 03 2019 17:27:27 GMT+0200 (CEST);Wed Jul 03 2019 15:27:27 GMT+0200 (CEST);1562167647000;2.4;486.39
1380556833984591;40.6;32.5;Wed Jul 03 2019 17:28:58 GMT+0200 (CEST);Wed Jul 03 2019 15:28:58 GMT+0200 (CEST);1562167738000;2.3;481.27
1380556833984591;40.6;33.1;Wed Jul 03 2019 17:30:30 GMT+0200 (CEST);Wed Jul 03 2019 15:30:30 GMT+0200 (CEST);1562167830000;2.3;473.59
1380556833984591;40.6;33.1;Wed Jul 03 2019 17:32:00 GMT+0200 (CEST);Wed Jul 03 2019 15:32:00 GMT+0200 (CEST);1562167920000;2.3;468.47
1380556833984591;40.6;33;Wed Jul 03 2019 17:33:30 GMT+0200 (CEST);Wed Jul 03 2019 15:33:30 GMT+0200 (CEST);1562168010000;2.2;465.91
1380556833984591;40.6;32.9;Wed Jul 03 2019 17:35:21 GMT+0200 (CEST);Wed Jul 03 2019 15:35:21 GMT+0200 (CEST);1562168121000;2.2;463.35
1380556833984591;40.6;33;Wed Jul 03 2019 17:36:50 GMT+0200 (CEST);Wed Jul 03 2019 15:36:50 GMT+0200 (CEST);1562168210000;2.2;458.23
1380556833984591;40.6;33.1;Wed Jul 03 2019 17:38:20 GMT+0200 (CEST);Wed Jul 03 2019 15:38:20 GMT+0200 (CEST);1562168300000;2.2;453.11
1380556833984591;40.6;33.2;Wed Jul 03 2019 17:39:50 GMT+0200 (CEST);Wed Jul 03 2019 15:39:50 GMT+0200 (CEST);1562168390000;2;447.99
1380556833984591;39.1;33.8;Wed Jul 03 2019 17:41:20 GMT+0200 (CEST);Wed Jul 03 2019 15:41:20 GMT+0200 (CEST);1562168480000;2.1;437.75
1380556833984591;39.1;33.6;Wed Jul 03 2019 17:42:50 GMT+0200 (CEST);Wed Jul 03 2019 15:42:50 GMT+0200 (CEST);1562168570000;2;432.63
1380556833984591;39.1;33.6;Wed Jul 03 2019 17:44:20 GMT+0200 (CEST);Wed Jul 03 2019 15:44:20 GMT+0200 (CEST);1562168660000;2;424.95
1380556833984591;39.1;33.6;Wed Jul 03 2019 17:45:51 GMT+0200 (CEST);Wed Jul 03 2019 15:45:51 GMT+0200 (CEST);1562168751000;1.9;419.83
1380556833984591;39.1;33.6;Wed Jul 03 2019 17:47:23 GMT+0200 (CEST);Wed Jul 03 2019 15:47:23 GMT+0200 (CEST);1562168843000;2;414.71
1380556833984591;39.1;33.5;Wed Jul 03 2019 17:48:57 GMT+0200 (CEST);Wed Jul 03 2019 15:48:57 GMT+0200 (CEST);1562168937000;1.9;412.15
1380556833984591;39.1;33.8;Wed Jul 03 2019 17:51:02 GMT+0200 (CEST);Wed Jul 03 2019 15:51:02 GMT+0200 (CEST);1562169062000;1.9;407.03
1380556833984591;39.1;33.8;Wed Jul 03 2019 17:52:32 GMT+0200 (CEST);Wed Jul 03 2019 15:52:32 GMT+0200 (CEST);1562169152000;1.8;401.91
1380556833984591;39.1;33.9;Wed Jul 03 2019 17:54:03 GMT+0200 (CEST);Wed Jul 03 2019 15:54:03 GMT+0200 (CEST);1562169243000;1.8;396.79
1380556833984591;39.1;33.8;Wed Jul 03 2019 17:55:34 GMT+0200 (CEST);Wed Jul 03 2019 15:55:34 GMT+0200 (CEST);1562169334000;1.8;391.67
1380556833984591;39.1;34.1;Wed Jul 03 2019 17:57:05 GMT+0200 (CEST);Wed Jul 03 2019 15:57:05 GMT+0200 (CEST);1562169425000;1.8;386.55
1380556833984591;39.1;33.9;Wed Jul 03 2019 17:58:44 GMT+0200 (CEST);Wed Jul 03 2019 15:58:44 GMT+0200 (CEST);1562169524000;1.7;381.43
1380556833984591;38.6;33.7;Wed Jul 03 2019 18:00:20 GMT+0200 (CEST);Wed Jul 03 2019 16:00:20 GMT+0200 (CEST);1562169620000;1.7;376.31
1380556833984591;38.6;33.8;Wed Jul 03 2019 18:01:52 GMT+0200 (CEST);Wed Jul 03 2019 16:01:52 GMT+0200 (CEST);1562169712000;1.7;368.63
1380556833984591;38.6;33.8;Wed Jul 03 2019 18:03:22 GMT+0200 (CEST);Wed Jul 03 2019 16:03:22 GMT+0200 (CEST);1562169802000;1.7;363.51
1380556833984591;38.6;33.9;Wed Jul 03 2019 18:04:53 GMT+0200 (CEST);Wed Jul 03 2019 16:04:53 GMT+0200 (CEST);1562169893000;1.7;355.83
1380556833984591;38.6;33.8;Wed Jul 03 2019 18:06:38 GMT+0200 (CEST);Wed Jul 03 2019 16:06:38 GMT+0200 (CEST);1562169998000;1.6;350.71
1380556833984591;38.6;33.9;Wed Jul 03 2019 18:08:53 GMT+0200 (CEST);Wed Jul 03 2019 16:08:53 GMT+0200 (CEST);1562170133000;1.5;337.91
1380556833984591;38.6;34.1;Wed Jul 03 2019 18:10:23 GMT+0200 (CEST);Wed Jul 03 2019 16:10:23 GMT+0200 (CEST);1562170223000;1.5;332.79
1380556833984591;38.6;34;Wed Jul 03 2019 18:11:54 GMT+0200 (CEST);Wed Jul 03 2019 16:11:54 GMT+0200 (CEST);1562170314000;1.5;330.23
1380556833984591;38.6;34;Wed Jul 03 2019 18:13:24 GMT+0200 (CEST);Wed Jul 03 2019 16:13:24 GMT+0200 (CEST);1562170404000;1.5;320.65
1380556833984591;37.1;34;Wed Jul 03 2019 18:15:06 GMT+0200 (CEST);Wed Jul 03 2019 16:15:06 GMT+0200 (CEST);1562170506000;1.4;313.47
1380556833984591;37.1;34;Wed Jul 03 2019 18:16:38 GMT+0200 (CEST);Wed Jul 03 2019 16:16:38 GMT+0200 (CEST);1562170598000;1.4;309.34
1380556833984591;37.1;33.9;Wed Jul 03 2019 18:18:10 GMT+0200 (CEST);Wed Jul 03 2019 16:18:10 GMT+0200 (CEST);1562170690000;1.4;306.99
1380556833984591;37.1;34;Wed Jul 03 2019 18:19:42 GMT+0200 (CEST);Wed Jul 03 2019 16:19:42 GMT+0200 (CEST);1562170782000;1.3;300.61
1380556833984591;37.1;33.9;Wed Jul 03 2019 18:21:12 GMT+0200 (CEST);Wed Jul 03 2019 16:21:12 GMT+0200 (CEST);1562170872000;1.3;297.53
1380556833984591;37.1;33.8;Wed Jul 03 2019 18:23:23 GMT+0200 (CEST);Wed Jul 03 2019 16:23:23 GMT+0200 (CEST);1562171003000;1.3;269.96
1380556833984591;36.6;34.1;Wed Jul 03 2019 18:24:58 GMT+0200 (CEST);Wed Jul 03 2019 16:24:58 GMT+0200 (CEST);1562171098000;1.2;281.91
1380556833984591;36.6;34.2;Wed Jul 03 2019 18:26:32 GMT+0200 (CEST);Wed Jul 03 2019 16:26:32 GMT+0200 (CEST);1562171192000;1.2;278.21
1380556833984591;36.6;34.1;Wed Jul 03 2019 18:28:02 GMT+0200 (CEST);Wed Jul 03 2019 16:28:02 GMT+0200 (CEST);1562171282000;1.2;271.86
1380556833984591;36.6;34;Wed Jul 03 2019 18:29:54 GMT+0200 (CEST);Wed Jul 03 2019 16:29:54 GMT+0200 (CEST);1562171394000;1.2;266.99
1380556833984591;36.6;34;Wed Jul 03 2019 18:31:24 GMT+0200 (CEST);Wed Jul 03 2019 16:31:24 GMT+0200 (CEST);1562171484000;1.1;262.2
1380556833984591;36.6;34;Wed Jul 03 2019 18:32:58 GMT+0200 (CEST);Wed Jul 03 2019 16:32:58 GMT+0200 (CEST);1562171578000;1.1;257.66
1380556833984591;36.6;34.1;Wed Jul 03 2019 18:34:30 GMT+0200 (CEST);Wed Jul 03 2019 16:34:30 GMT+0200 (CEST);1562171670000;1.1;250.17
1380556833984591;36.6;33.6;Wed Jul 03 2019 18:36:03 GMT+0200 (CEST);Wed Jul 03 2019 16:36:03 GMT+0200 (CEST);1562171763000;1.1;246.58
1380556833984591;36.6;33.9;Wed Jul 03 2019 18:38:30 GMT+0200 (CEST);Wed Jul 03 2019 16:38:30 GMT+0200 (CEST);1562171910000;1;236.18
1380556833984591;35.1;34.1;Wed Jul 03 2019 18:40:00 GMT+0200 (CEST);Wed Jul 03 2019 16:40:00 GMT+0200 (CEST);1562172000000;1;232.79
1380556833984591;35.1;34;Wed Jul 03 2019 18:41:32 GMT+0200 (CEST);Wed Jul 03 2019 16:41:32 GMT+0200 (CEST);1562172092000;1;229.38
1380556833984591;35.1;33.8;Wed Jul 03 2019 18:43:03 GMT+0200 (CEST);Wed Jul 03 2019 16:43:03 GMT+0200 (CEST);1562172183000;0.9;223.66
1380556833984591;35.1;33.9;Wed Jul 03 2019 18:44:36 GMT+0200 (CEST);Wed Jul 03 2019 16:44:36 GMT+0200 (CEST);1562172276000;0.9;216.98
1380556833984591;35.1;34.1;Wed Jul 03 2019 18:46:09 GMT+0200 (CEST);Wed Jul 03 2019 16:46:09 GMT+0200 (CEST);1562172369000;0.9;213.41
1380556833984591;34.6;33.8;Wed Jul 03 2019 18:47:41 GMT+0200 (CEST);Wed Jul 03 2019 16:47:41 GMT+0200 (CEST);1562172461000;0.9;204.42
1380556833984591;34.6;33.8;Wed Jul 03 2019 18:49:12 GMT+0200 (CEST);Wed Jul 03 2019 16:49:12 GMT+0200 (CEST);1562172552000;0.8;200.24
1380556833984591;34.6;33.8;Wed Jul 03 2019 18:50:44 GMT+0200 (CEST);Wed Jul 03 2019 16:50:44 GMT+0200 (CEST);1562172644000;0.8;196.55
1380556833984591;34.6;33.9;Wed Jul 03 2019 18:52:14 GMT+0200 (CEST);Wed Jul 03 2019 16:52:14 GMT+0200 (CEST);1562172734000;0.8;193.06
1380556833984591;34.6;34;Wed Jul 03 2019 18:53:55 GMT+0200 (CEST);Wed Jul 03 2019 16:53:55 GMT+0200 (CEST);1562172835000;0.7;188.09
1380556833984591;34.6;34;Wed Jul 03 2019 18:55:24 GMT+0200 (CEST);Wed Jul 03 2019 16:55:24 GMT+0200 (CEST);1562172924000;0.7;183.3
1380556833984591;34.6;34;Wed Jul 03 2019 18:56:54 GMT+0200 (CEST);Wed Jul 03 2019 16:56:54 GMT+0200 (CEST);1562173014000;0.7;179.18
1380556833984591;34.6;33.9;Wed Jul 03 2019 18:58:27 GMT+0200 (CEST);Wed Jul 03 2019 16:58:27 GMT+0200 (CEST);1562173107000;0.7;174.8
1380556833984591;34.6;34;Wed Jul 03 2019 18:59:58 GMT+0200 (CEST);Wed Jul 03 2019 16:59:58 GMT+0200 (CEST);1562173198000;0.7;170
1380556833984591;34.6;34.1;Wed Jul 03 2019 19:01:33 GMT+0200 (CEST);Wed Jul 03 2019 17:01:33 GMT+0200 (CEST);1562173293000;0.6;165.96
1380556833984591;32.1;34;Wed Jul 03 2019 19:03:06 GMT+0200 (CEST);Wed Jul 03 2019 17:03:06 GMT+0200 (CEST);1562173386000;0.6;161.9
1380556833984591;32.1;34.1;Wed Jul 03 2019 19:04:39 GMT+0200 (CEST);Wed Jul 03 2019 17:04:39 GMT+0200 (CEST);1562173479000;0.6;155.87
1380556833984591;32.1;34.1;Wed Jul 03 2019 19:06:09 GMT+0200 (CEST);Wed Jul 03 2019 17:06:09 GMT+0200 (CEST);1562173569000;0.6;151.71
1380556833984591;32.1;34.4;Wed Jul 03 2019 19:07:44 GMT+0200 (CEST);Wed Jul 03 2019 17:07:44 GMT+0200 (CEST);1562173664000;0.5;148.17
1380556833984591;32.1;34.3;Wed Jul 03 2019 19:09:19 GMT+0200 (CEST);Wed Jul 03 2019 17:09:19 GMT+0200 (CEST);1562173759000;0.5;144.51
1380556833984591;32.1;34.3;Wed Jul 03 2019 19:10:51 GMT+0200 (CEST);Wed Jul 03 2019 17:10:51 GMT+0200 (CEST);1562173851000;0.4;119.5
1380556833984591;32.1;34;Wed Jul 03 2019 19:12:29 GMT+0200 (CEST);Wed Jul 03 2019 17:12:29 GMT+0200 (CEST);1562173949000;0.5;133.6
1380556833984591;32.1;34.3;Wed Jul 03 2019 19:13:59 GMT+0200 (CEST);Wed Jul 03 2019 17:13:59 GMT+0200 (CEST);1562174039000;0.5;130.99
1380556833984591;32.1;34.3;Wed Jul 03 2019 19:15:34 GMT+0200 (CEST);Wed Jul 03 2019 17:15:34 GMT+0200 (CEST);1562174134000;0.4;127.81
1380556833984591;32.1;34.3;Wed Jul 03 2019 19:17:04 GMT+0200 (CEST);Wed Jul 03 2019 17:17:04 GMT+0200 (CEST);1562174224000;0.4;124.83
1380556833984591;32.1;34.4;Wed Jul 03 2019 19:18:43 GMT+0200 (CEST);Wed Jul 03 2019 17:18:43 GMT+0200 (CEST);1562174323000;0.4;121.73
1380556833984591;32.1;34.4;Wed Jul 03 2019 19:20:17 GMT+0200 (CEST);Wed Jul 03 2019 17:20:17 GMT+0200 (CEST);1562174417000;0.4;116.08
1380556833984591;31.1;34.3;Wed Jul 03 2019 19:21:47 GMT+0200 (CEST);Wed Jul 03 2019 17:21:47 GMT+0200 (CEST);1562174507000;0.3;99.79
1380556833984591;31.1;34.3;Wed Jul 03 2019 19:23:20 GMT+0200 (CEST);Wed Jul 03 2019 17:23:20 GMT+0200 (CEST);1562174600000;0.4;109.81
1380556833984591;31.1;34.2;Wed Jul 03 2019 19:24:56 GMT+0200 (CEST);Wed Jul 03 2019 17:24:56 GMT+0200 (CEST);1562174696000;0.3;97.27
1380556833984591;31.1;33.9;Wed Jul 03 2019 19:26:31 GMT+0200 (CEST);Wed Jul 03 2019 17:26:31 GMT+0200 (CEST);1562174791000;0.3;85.67
1380556833984591;31.1;34;Wed Jul 03 2019 19:28:04 GMT+0200 (CEST);Wed Jul 03 2019 17:28:04 GMT+0200 (CEST);1562174884000;0.3;91.22
1380556833984591;31.1;33.7;Wed Jul 03 2019 19:29:34 GMT+0200 (CEST);Wed Jul 03 2019 17:29:34 GMT+0200 (CEST);1562174974000;0.3;81.35
1380556833984591;31.1;33.7;Wed Jul 03 2019 19:31:05 GMT+0200 (CEST);Wed Jul 03 2019 17:31:05 GMT+0200 (CEST);1562175065000;0.2;83.37
1380556833984591;31.1;33.6;Wed Jul 03 2019 19:32:35 GMT+0200 (CEST);Wed Jul 03 2019 17:32:35 GMT+0200 (CEST);1562175155000;0.3;85.85
1380556833984591;31.1;33.8;Wed Jul 03 2019 19:34:55 GMT+0200 (CEST);Wed Jul 03 2019 17:34:55 GMT+0200 (CEST);1562175295000;0.3;89.76
1380556833984591;31.1;33.9;Wed Jul 03 2019 19:36:25 GMT+0200 (CEST);Wed Jul 03 2019 17:36:25 GMT+0200 (CEST);1562175385000;0.3;87.32
1380556833984591;31.1;33.9;Wed Jul 03 2019 19:37:55 GMT+0200 (CEST);Wed Jul 03 2019 17:37:55 GMT+0200 (CEST);1562175475000;0.3;84.5
1380556833984591;31.1;34.1;Wed Jul 03 2019 19:39:29 GMT+0200 (CEST);Wed Jul 03 2019 17:39:29 GMT+0200 (CEST);1562175569000;0.3;81.36
1380556833984591;31.1;34.1;Wed Jul 03 2019 19:41:04 GMT+0200 (CEST);Wed Jul 03 2019 17:41:04 GMT+0200 (CEST);1562175664000;0.2;78.52
1380556833984591;30.5;33.7;Wed Jul 03 2019 19:42:37 GMT+0200 (CEST);Wed Jul 03 2019 17:42:37 GMT+0200 (CEST);1562175757000;0.2;58.96
1380556833984591;30.5;33.1;Wed Jul 03 2019 19:44:07 GMT+0200 (CEST);Wed Jul 03 2019 17:44:07 GMT+0200 (CEST);1562175847000;0.2;68.92
1380556833984591;30.5;32.9;Wed Jul 03 2019 19:45:37 GMT+0200 (CEST);Wed Jul 03 2019 17:45:37 GMT+0200 (CEST);1562175937000;0.2;64.61
1380556833984591;30.5;33.1;Wed Jul 03 2019 19:47:07 GMT+0200 (CEST);Wed Jul 03 2019 17:47:07 GMT+0200 (CEST);1562176027000;0.2;59.98
1380556833984591;30.5;33.1;Wed Jul 03 2019 19:48:39 GMT+0200 (CEST);Wed Jul 03 2019 17:48:39 GMT+0200 (CEST);1562176119000;0.2;53.2
1380556833984591;30.5;32.4;Wed Jul 03 2019 19:50:09 GMT+0200 (CEST);Wed Jul 03 2019 17:50:09 GMT+0200 (CEST);1562176209000;0.2;49.61
1380556833984591;30.5;32.5;Wed Jul 03 2019 19:51:40 GMT+0200 (CEST);Wed Jul 03 2019 17:51:40 GMT+0200 (CEST);1562176300000;0.2;49.42
1380556833984591;30.5;32.4;Wed Jul 03 2019 19:53:10 GMT+0200 (CEST);Wed Jul 03 2019 17:53:10 GMT+0200 (CEST);1562176390000;0.1;47.84
1380556833984591;30.5;32.3;Wed Jul 03 2019 19:54:43 GMT+0200 (CEST);Wed Jul 03 2019 17:54:43 GMT+0200 (CEST);1562176483000;0.1;47.33
1380556833984591;29;32.1;Wed Jul 03 2019 19:56:20 GMT+0200 (CEST);Wed Jul 03 2019 17:56:20 GMT+0200 (CEST);1562176580000;0.1;47.28
1380556833984591;29;32;Wed Jul 03 2019 19:57:50 GMT+0200 (CEST);Wed Jul 03 2019 17:57:50 GMT+0200 (CEST);1562176670000;0.1;47.24
1380556833984591;29;31.7;Wed Jul 03 2019 19:59:20 GMT+0200 (CEST);Wed Jul 03 2019 17:59:20 GMT+0200 (CEST);1562176760000;0.1;42.66
1380556833984591;28.5;31.7;Wed Jul 03 2019 20:00:50 GMT+0200 (CEST);Wed Jul 03 2019 18:00:50 GMT+0200 (CEST);1562176850000;0.1;41.29
1380556833984591;28.5;31.3;Wed Jul 03 2019 20:02:21 GMT+0200 (CEST);Wed Jul 03 2019 18:02:21 GMT+0200 (CEST);1562176941000;0.1;38.26
1380556833984591;28.5;31.3;Wed Jul 03 2019 20:04:15 GMT+0200 (CEST);Wed Jul 03 2019 18:04:15 GMT+0200 (CEST);1562177055000;0.1;37.74
1380556833984591;28.5;31.4;Wed Jul 03 2019 20:05:46 GMT+0200 (CEST);Wed Jul 03 2019 18:05:46 GMT+0200 (CEST);1562177146000;0.1;39.6
1380556833984591;28.5;31.6;Wed Jul 03 2019 20:07:17 GMT+0200 (CEST);Wed Jul 03 2019 18:07:17 GMT+0200 (CEST);1562177237000;0.1;37.47
1380556833984591;28.5;31.5;Wed Jul 03 2019 20:08:56 GMT+0200 (CEST);Wed Jul 03 2019 18:08:56 GMT+0200 (CEST);1562177336000;0.1;37.07
1380556833984591;28.5;31.5;Wed Jul 03 2019 20:10:27 GMT+0200 (CEST);Wed Jul 03 2019 18:10:27 GMT+0200 (CEST);1562177427000;0.1;25.58
1380556833984591;28.5;31.5;Wed Jul 03 2019 20:11:58 GMT+0200 (CEST);Wed Jul 03 2019 18:11:58 GMT+0200 (CEST);1562177518000;0.1;35.46
1380556833984591;28.5;31.7;Wed Jul 03 2019 20:13:27 GMT+0200 (CEST);Wed Jul 03 2019 18:13:27 GMT+0200 (CEST);1562177607000;0.1;33.85
1380556833984591;28.5;31.7;Wed Jul 03 2019 20:14:57 GMT+0200 (CEST);Wed Jul 03 2019 18:14:57 GMT+0200 (CEST);1562177697000;0.1;20.35
1380556833984591;28.5;31.3;Wed Jul 03 2019 20:16:27 GMT+0200 (CEST);Wed Jul 03 2019 18:16:27 GMT+0200 (CEST);1562177787000;0.1;27.35
1380556833984591;28.5;31.5;Wed Jul 03 2019 20:17:57 GMT+0200 (CEST);Wed Jul 03 2019 18:17:57 GMT+0200 (CEST);1562177877000;0.1;22.63
1380556833984591;27;31.4;Wed Jul 03 2019 20:19:30 GMT+0200 (CEST);Wed Jul 03 2019 18:19:30 GMT+0200 (CEST);1562177970000;0.1;22.8
1380556833984591;27;31.5;Wed Jul 03 2019 20:21:04 GMT+0200 (CEST);Wed Jul 03 2019 18:21:04 GMT+0200 (CEST);1562178064000;0.1;23.06
1380556833984591;27;31.1;Wed Jul 03 2019 20:22:34 GMT+0200 (CEST);Wed Jul 03 2019 18:22:34 GMT+0200 (CEST);1562178154000;0;21.31
1380556833984591;26.5;31.1;Wed Jul 03 2019 20:24:12 GMT+0200 (CEST);Wed Jul 03 2019 18:24:12 GMT+0200 (CEST);1562178252000;0;21.6
1380556833984591;26.5;31;Wed Jul 03 2019 20:25:43 GMT+0200 (CEST);Wed Jul 03 2019 18:25:43 GMT+0200 (CEST);1562178343000;0;20.98
1380556833984591;26.5;31;Wed Jul 03 2019 20:27:13 GMT+0200 (CEST);Wed Jul 03 2019 18:27:13 GMT+0200 (CEST);1562178433000;0.1;22.57
1380556833984591;26.5;31.6;Wed Jul 03 2019 20:28:43 GMT+0200 (CEST);Wed Jul 03 2019 18:28:43 GMT+0200 (CEST);1562178523000;0.1;22.7
1380556833984591;26.5;31.5;Wed Jul 03 2019 20:30:13 GMT+0200 (CEST);Wed Jul 03 2019 18:30:13 GMT+0200 (CEST);1562178613000;0;22.85
1380556833984591;26.5;31.3;Wed Jul 03 2019 20:31:45 GMT+0200 (CEST);Wed Jul 03 2019 18:31:45 GMT+0200 (CEST);1562178705000;0;22.22
1380556833984591;26.5;31.1;Wed Jul 03 2019 20:33:15 GMT+0200 (CEST);Wed Jul 03 2019 18:33:15 GMT+0200 (CEST);1562178795000;0;22.42
1380556833984591;26.5;31.2;Wed Jul 03 2019 20:34:57 GMT+0200 (CEST);Wed Jul 03 2019 18:34:57 GMT+0200 (CEST);1562178897000;0;22.35
1380556833984591;26.5;31.1;Wed Jul 03 2019 20:36:27 GMT+0200 (CEST);Wed Jul 03 2019 18:36:27 GMT+0200 (CEST);1562178987000;0;22.85
1380556833984591;26.5;30.9;Wed Jul 03 2019 20:37:57 GMT+0200 (CEST);Wed Jul 03 2019 18:37:57 GMT+0200 (CEST);1562179077000;0;23.24
1380556833984591;26.5;30.9;Wed Jul 03 2019 20:39:33 GMT+0200 (CEST);Wed Jul 03 2019 18:39:33 GMT+0200 (CEST);1562179173000;0;22.87
1380556833984591;26.5;30.9;Wed Jul 03 2019 20:41:04 GMT+0200 (CEST);Wed Jul 03 2019 18:41:04 GMT+0200 (CEST);1562179264000;0;22.18
1380556833984591;26.5;30.5;Wed Jul 03 2019 20:42:35 GMT+0200 (CEST);Wed Jul 03 2019 18:42:35 GMT+0200 (CEST);1562179355000;0;21.41
1380556833984591;25;30.1;Wed Jul 03 2019 20:44:12 GMT+0200 (CEST);Wed Jul 03 2019 18:44:12 GMT+0200 (CEST);1562179452000;0;20.05
1380556833984591;25;30.6;Wed Jul 03 2019 20:45:42 GMT+0200 (CEST);Wed Jul 03 2019 18:45:42 GMT+0200 (CEST);1562179542000;0;19.98
1380556833984591;25;29.7;Wed Jul 03 2019 20:47:15 GMT+0200 (CEST);Wed Jul 03 2019 18:47:15 GMT+0200 (CEST);1562179635000;0;19.58
1380556833984591;25;30.2;Wed Jul 03 2019 20:48:45 GMT+0200 (CEST);Wed Jul 03 2019 18:48:45 GMT+0200 (CEST);1562179725000;0;18.54
1380556833984591;25;29.3;Wed Jul 03 2019 20:50:23 GMT+0200 (CEST);Wed Jul 03 2019 18:50:23 GMT+0200 (CEST);1562179823000;0;17.2
1380556833984591;25;29.2;Wed Jul 03 2019 20:52:09 GMT+0200 (CEST);Wed Jul 03 2019 18:52:09 GMT+0200 (CEST);1562179929000;0;15.79
1380556833984591;24.5;29.6;Wed Jul 03 2019 20:53:38 GMT+0200 (CEST);Wed Jul 03 2019 18:53:38 GMT+0200 (CEST);1562180018000;0;14.96
1380556833984591;24.5;29.3;Wed Jul 03 2019 20:55:08 GMT+0200 (CEST);Wed Jul 03 2019 18:55:08 GMT+0200 (CEST);1562180108000;0;14.41
1380556833984591;24.5;29.4;Wed Jul 03 2019 20:56:38 GMT+0200 (CEST);Wed Jul 03 2019 18:56:38 GMT+0200 (CEST);1562180198000;0;13.71
1380556833984591;24;29.8;Wed Jul 03 2019 20:58:08 GMT+0200 (CEST);Wed Jul 03 2019 18:58:08 GMT+0200 (CEST);1562180288000;0;12.74
1380556833984591;24;29.1;Wed Jul 03 2019 20:59:46 GMT+0200 (CEST);Wed Jul 03 2019 18:59:46 GMT+0200 (CEST);1562180386000;0;11.76
1380556833984591;24;28.3;Wed Jul 03 2019 21:01:17 GMT+0200 (CEST);Wed Jul 03 2019 19:01:17 GMT+0200 (CEST);1562180477000;0;11.09
1380556833984591;24;29.2;Wed Jul 03 2019 21:02:47 GMT+0200 (CEST);Wed Jul 03 2019 19:02:47 GMT+0200 (CEST);1562180567000;0;10.24
1380556833984591;23;29.7;Wed Jul 03 2019 21:04:22 GMT+0200 (CEST);Wed Jul 03 2019 19:04:22 GMT+0200 (CEST);1562180662000;0;9.41
1380556833984591;23;29.5;Wed Jul 03 2019 21:05:56 GMT+0200 (CEST);Wed Jul 03 2019 19:05:56 GMT+0200 (CEST);1562180756000;0;7.96
1380556833984591;23;30.3;Wed Jul 03 2019 21:07:30 GMT+0200 (CEST);Wed Jul 03 2019 19:07:30 GMT+0200 (CEST);1562180850000;0;6.92
1380556833984591;23;31.1;Wed Jul 03 2019 21:09:03 GMT+0200 (CEST);Wed Jul 03 2019 19:09:03 GMT+0200 (CEST);1562180943000;0;6.89
1380556833984591;23;31.3;Wed Jul 03 2019 21:10:34 GMT+0200 (CEST);Wed Jul 03 2019 19:10:34 GMT+0200 (CEST);1562181034000;0;5.84
1380556833984591;23;31.3;Wed Jul 03 2019 21:12:04 GMT+0200 (CEST);Wed Jul 03 2019 19:12:04 GMT+0200 (CEST);1562181124000;0;5.26
1380556833984591;23;28.5;Wed Jul 03 2019 21:13:49 GMT+0200 (CEST);Wed Jul 03 2019 19:13:49 GMT+0200 (CEST);1562181229000;0;4.73
1380556833984591;23;28.5;Wed Jul 03 2019 21:15:20 GMT+0200 (CEST);Wed Jul 03 2019 19:15:20 GMT+0200 (CEST);1562181320000;0;3.67
1380556833984591;23;28.1;Wed Jul 03 2019 21:16:50 GMT+0200 (CEST);Wed Jul 03 2019 19:16:50 GMT+0200 (CEST);1562181410000;0;2.87
1380556833984591;23;28.4;Wed Jul 03 2019 21:18:21 GMT+0200 (CEST);Wed Jul 03 2019 19:18:21 GMT+0200 (CEST);1562181501000;0;2.82
1380556833984591;23;30.4;Wed Jul 03 2019 21:19:51 GMT+0200 (CEST);Wed Jul 03 2019 19:19:51 GMT+0200 (CEST);1562181591000;0;2.03
1380556833984591;23;30.8;Wed Jul 03 2019 21:21:23 GMT+0200 (CEST);Wed Jul 03 2019 19:21:23 GMT+0200 (CEST);1562181683000;0;1.36
1380556833984591;23;30.3;Wed Jul 03 2019 21:22:55 GMT+0200 (CEST);Wed Jul 03 2019 19:22:55 GMT+0200 (CEST);1562181775000;0;0.78
1380556833984591;23;30.1;Wed Jul 03 2019 21:24:26 GMT+0200 (CEST);Wed Jul 03 2019 19:24:26 GMT+0200 (CEST);1562181866000;0;0.24
1380556833984591;23;29.5;Wed Jul 03 2019 21:25:56 GMT+0200 (CEST);Wed Jul 03 2019 19:25:56 GMT+0200 (CEST);1562181956000;0;-0.01
1380556833984591;22.5;29.5;Wed Jul 03 2019 21:27:28 GMT+0200 (CEST);Wed Jul 03 2019 19:27:28 GMT+0200 (CEST);1562182048000;0;-0.01
1380556833984591;22.5;29.5;Wed Jul 03 2019 21:28:58 GMT+0200 (CEST);Wed Jul 03 2019 19:28:58 GMT+0200 (CEST);1562182138000;0;-0.01
1380556833984591;22.5;29.5;Wed Jul 03 2019 21:30:35 GMT+0200 (CEST);Wed Jul 03 2019 19:30:35 GMT+0200 (CEST);1562182235000;0;-0.01
1380556833984591;22.5;29.5;Wed Jul 03 2019 21:32:05 GMT+0200 (CEST);Wed Jul 03 2019 19:32:05 GMT+0200 (CEST);1562182325000;0;-0.01
1380556833984591;-273.2;26.1;Thu Jul 04 2019 05:14:42 GMT+0200 (CEST);Thu Jul 04 2019 03:14:42 GMT+0200 (CEST);1562210082000;0;0.83
1380556833984591;-273.2;26.1;Thu Jul 04 2019 05:16:13 GMT+0200 (CEST);Thu Jul 04 2019 03:16:13 GMT+0200 (CEST);1562210173000;0;0.79
1380556833984591;-273.2;26.1;Thu Jul 04 2019 05:17:44 GMT+0200 (CEST);Thu Jul 04 2019 03:17:44 GMT+0200 (CEST);1562210264000;0;2.18
1380556833984591;-273.2;30.6;Thu Jul 04 2019 05:38:18 GMT+0200 (CEST);Thu Jul 04 2019 03:38:18 GMT+0200 (CEST);1562211498000;0;9.8
1380556833984591;10.9;29.3;Thu Jul 04 2019 05:39:48 GMT+0200 (CEST);Thu Jul 04 2019 03:39:48 GMT+0200 (CEST);1562211588000;0;10.37
1380556833984591;10.9;30.2;Thu Jul 04 2019 05:41:18 GMT+0200 (CEST);Thu Jul 04 2019 03:41:18 GMT+0200 (CEST);1562211678000;0;11.55
1380556833984591;10.9;29.7;Thu Jul 04 2019 05:42:55 GMT+0200 (CEST);Thu Jul 04 2019 03:42:55 GMT+0200 (CEST);1562211775000;0;12.03
1380556833984591;12.4;29.4;Thu Jul 04 2019 05:44:29 GMT+0200 (CEST);Thu Jul 04 2019 03:44:29 GMT+0200 (CEST);1562211869000;0;12.71
1380556833984591;12.4;30.5;Thu Jul 04 2019 05:45:59 GMT+0200 (CEST);Thu Jul 04 2019 03:45:59 GMT+0200 (CEST);1562211959000;0;13.62
1380556833984591;12.4;30.4;Thu Jul 04 2019 05:47:31 GMT+0200 (CEST);Thu Jul 04 2019 03:47:31 GMT+0200 (CEST);1562212051000;0;14.69
1380556833984591;12.9;29.3;Thu Jul 04 2019 05:49:01 GMT+0200 (CEST);Thu Jul 04 2019 03:49:01 GMT+0200 (CEST);1562212141000;0;14.84
1380556833984591;12.9;27.1;Thu Jul 04 2019 05:50:52 GMT+0200 (CEST);Thu Jul 04 2019 03:50:52 GMT+0200 (CEST);1562212252000;0;16.23
1380556833984591;12.9;24.8;Thu Jul 04 2019 05:52:23 GMT+0200 (CEST);Thu Jul 04 2019 03:52:23 GMT+0200 (CEST);1562212343000;0;16.3
1380556833984591;12.4;25.8;Thu Jul 04 2019 05:53:54 GMT+0200 (CEST);Thu Jul 04 2019 03:53:54 GMT+0200 (CEST);1562212434000;0;17.05
1380556833984591;12.4;24.3;Thu Jul 04 2019 05:55:25 GMT+0200 (CEST);Thu Jul 04 2019 03:55:25 GMT+0200 (CEST);1562212525000;0;17.64
1380556833984591;12.4;24.1;Thu Jul 04 2019 05:56:55 GMT+0200 (CEST);Thu Jul 04 2019 03:56:55 GMT+0200 (CEST);1562212615000;0;18.28
1380556833984591;10.9;23.6;Thu Jul 04 2019 05:58:27 GMT+0200 (CEST);Thu Jul 04 2019 03:58:27 GMT+0200 (CEST);1562212707000;0;19.13
1380556833984591;10.9;23;Thu Jul 04 2019 05:59:58 GMT+0200 (CEST);Thu Jul 04 2019 03:59:58 GMT+0200 (CEST);1562212798000;0;20.86
1380556833984591;10.9;22.4;Thu Jul 04 2019 06:01:28 GMT+0200 (CEST);Thu Jul 04 2019 04:01:28 GMT+0200 (CEST);1562212888000;0;21.35
1380556833984591;10.9;21.9;Thu Jul 04 2019 06:03:00 GMT+0200 (CEST);Thu Jul 04 2019 04:03:00 GMT+0200 (CEST);1562212980000;0;21.91
1380556833984591;10.4;21.5;Thu Jul 04 2019 06:04:35 GMT+0200 (CEST);Thu Jul 04 2019 04:04:35 GMT+0200 (CEST);1562213075000;0;22.37
1380556833984591;10.4;20.7;Thu Jul 04 2019 06:06:27 GMT+0200 (CEST);Thu Jul 04 2019 04:06:27 GMT+0200 (CEST);1562213187000;0;23.21
1380556833984591;10.4;20.2;Thu Jul 04 2019 06:08:02 GMT+0200 (CEST);Thu Jul 04 2019 04:08:02 GMT+0200 (CEST);1562213282000;0;24.93
1380556833984591;10.4;20.1;Thu Jul 04 2019 06:09:38 GMT+0200 (CEST);Thu Jul 04 2019 04:09:38 GMT+0200 (CEST);1562213378000;0;25.68
1380556833984591;10.4;20.1;Thu Jul 04 2019 06:11:10 GMT+0200 (CEST);Thu Jul 04 2019 04:11:10 GMT+0200 (CEST);1562213470000;0;26.49
1380556833984591;10.4;19.9;Thu Jul 04 2019 06:12:40 GMT+0200 (CEST);Thu Jul 04 2019 04:12:40 GMT+0200 (CEST);1562213560000;0;27.46
1380556833984591;8.9;19.8;Thu Jul 04 2019 06:14:11 GMT+0200 (CEST);Thu Jul 04 2019 04:14:11 GMT+0200 (CEST);1562213651000;0;28.27
1380556833984591;8.9;19.3;Thu Jul 04 2019 06:15:43 GMT+0200 (CEST);Thu Jul 04 2019 04:15:43 GMT+0200 (CEST);1562213743000;0.1;29.2
1380556833984591;8.9;19.4;Thu Jul 04 2019 06:17:12 GMT+0200 (CEST);Thu Jul 04 2019 04:17:12 GMT+0200 (CEST);1562213832000;0.1;29.57
1380556833984591;8.9;19.6;Thu Jul 04 2019 06:18:42 GMT+0200 (CEST);Thu Jul 04 2019 04:18:42 GMT+0200 (CEST);1562213922000;0.1;30.29
1380556833984591;8.9;20;Thu Jul 04 2019 06:20:12 GMT+0200 (CEST);Thu Jul 04 2019 04:20:12 GMT+0200 (CEST);1562214012000;0.1;30.86
1380556833984591;8.9;20;Thu Jul 04 2019 06:21:58 GMT+0200 (CEST);Thu Jul 04 2019 04:21:58 GMT+0200 (CEST);1562214118000;0.1;31.27
1380556833984591;10.9;29;Thu Jul 04 2019 06:23:47 GMT+0200 (CEST);Thu Jul 04 2019 04:23:47 GMT+0200 (CEST);1562214227000;0.1;32.1
1380556833984591;10.9;31;Thu Jul 04 2019 06:25:18 GMT+0200 (CEST);Thu Jul 04 2019 04:25:18 GMT+0200 (CEST);1562214318000;0.1;32.85
1380556833984591;10.9;29.7;Thu Jul 04 2019 06:26:49 GMT+0200 (CEST);Thu Jul 04 2019 04:26:49 GMT+0200 (CEST);1562214409000;0.1;33.09
1380556833984591;10.9;25.6;Thu Jul 04 2019 06:28:22 GMT+0200 (CEST);Thu Jul 04 2019 04:28:22 GMT+0200 (CEST);1562214502000;0.1;33.46
1380556833984591;12.4;34;Thu Jul 04 2019 06:30:11 GMT+0200 (CEST);Thu Jul 04 2019 04:30:11 GMT+0200 (CEST);1562214611000;0.1;34
1380556833984591;12.4;30.4;Thu Jul 04 2019 06:31:42 GMT+0200 (CEST);Thu Jul 04 2019 04:31:42 GMT+0200 (CEST);1562214702000;0.1;34.59
1380556833984591;12.4;33.9;Thu Jul 04 2019 06:33:12 GMT+0200 (CEST);Thu Jul 04 2019 04:33:12 GMT+0200 (CEST);1562214792000;0.2;35
1380556833984591;14.9;33.6;Thu Jul 04 2019 06:34:43 GMT+0200 (CEST);Thu Jul 04 2019 04:34:43 GMT+0200 (CEST);1562214883000;0.2;35.32
1380556833984591;14.9;27;Thu Jul 04 2019 06:36:14 GMT+0200 (CEST);Thu Jul 04 2019 04:36:14 GMT+0200 (CEST);1562214974000;0.2;36.18
1380556833984591;14.9;22;Thu Jul 04 2019 06:37:51 GMT+0200 (CEST);Thu Jul 04 2019 04:37:51 GMT+0200 (CEST);1562215071000;0.2;37.02
1380556833984591;12.4;22.4;Thu Jul 04 2019 06:39:36 GMT+0200 (CEST);Thu Jul 04 2019 04:39:36 GMT+0200 (CEST);1562215176000;0.2;37.58
1380556833984591;12.4;23;Thu Jul 04 2019 06:41:07 GMT+0200 (CEST);Thu Jul 04 2019 04:41:07 GMT+0200 (CEST);1562215267000;0.3;37.81
1380556833984591;12.4;21.2;Thu Jul 04 2019 06:42:37 GMT+0200 (CEST);Thu Jul 04 2019 04:42:37 GMT+0200 (CEST);1562215357000;0.3;38.47
1380556833984591;12.4;21.2;Thu Jul 04 2019 06:44:10 GMT+0200 (CEST);Thu Jul 04 2019 04:44:10 GMT+0200 (CEST);1562215450000;0.3;39.03
1380556833984591;12.4;21.9;Thu Jul 04 2019 06:45:42 GMT+0200 (CEST);Thu Jul 04 2019 04:45:42 GMT+0200 (CEST);1562215542000;0.3;39.2
1380556833984591;12.4;25.4;Thu Jul 04 2019 06:47:12 GMT+0200 (CEST);Thu Jul 04 2019 04:47:12 GMT+0200 (CEST);1562215632000;0.3;39.71
1380556833984591;12.4;25.9;Thu Jul 04 2019 06:48:42 GMT+0200 (CEST);Thu Jul 04 2019 04:48:42 GMT+0200 (CEST);1562215722000;0.3;40.91
1380556833984591;12.4;26;Thu Jul 04 2019 06:50:13 GMT+0200 (CEST);Thu Jul 04 2019 04:50:13 GMT+0200 (CEST);1562215813000;0.4;41.43
1380556833984591;12.4;28.9;Thu Jul 04 2019 06:51:45 GMT+0200 (CEST);Thu Jul 04 2019 04:51:45 GMT+0200 (CEST);1562215905000;0.4;41.84
1380556833984591;14.4;30.3;Thu Jul 04 2019 06:53:20 GMT+0200 (CEST);Thu Jul 04 2019 04:53:20 GMT+0200 (CEST);1562216000000;0.4;42.29
1380556833984591;14.4;29.9;Thu Jul 04 2019 06:54:54 GMT+0200 (CEST);Thu Jul 04 2019 04:54:54 GMT+0200 (CEST);1562216094000;0.4;42.97
1380556833984591;14.4;30.9;Thu Jul 04 2019 06:56:26 GMT+0200 (CEST);Thu Jul 04 2019 04:56:26 GMT+0200 (CEST);1562216186000;0.5;43.72
1380556833984591;14.9;30.8;Thu Jul 04 2019 06:58:03 GMT+0200 (CEST);Thu Jul 04 2019 04:58:03 GMT+0200 (CEST);1562216283000;0.5;43.96
1380556833984591;14.9;31.2;Thu Jul 04 2019 06:59:42 GMT+0200 (CEST);Thu Jul 04 2019 04:59:42 GMT+0200 (CEST);1562216382000;0.5;44.35
1380556833984591;14.9;31.1;Thu Jul 04 2019 07:01:12 GMT+0200 (CEST);Thu Jul 04 2019 05:01:12 GMT+0200 (CEST);1562216472000;0.5;44.94
1380556833984591;15.9;31.7;Thu Jul 04 2019 07:03:11 GMT+0200 (CEST);Thu Jul 04 2019 05:03:11 GMT+0200 (CEST);1562216591000;0.6;45.29
1380556833984591;15.9;31.6;Thu Jul 04 2019 07:04:44 GMT+0200 (CEST);Thu Jul 04 2019 05:04:44 GMT+0200 (CEST);1562216684000;0.6;46.01
1380556833984591;15.9;32;Thu Jul 04 2019 07:06:14 GMT+0200 (CEST);Thu Jul 04 2019 05:06:14 GMT+0200 (CEST);1562216774000;0.6;46.57
1380556833984591;18.5;31.9;Thu Jul 04 2019 07:07:44 GMT+0200 (CEST);Thu Jul 04 2019 05:07:44 GMT+0200 (CEST);1562216864000;0.6;70.93
1380556833984591;18.5;32;Thu Jul 04 2019 07:09:17 GMT+0200 (CEST);Thu Jul 04 2019 05:09:17 GMT+0200 (CEST);1562216957000;0.6;149.26
1380556833984591;18.5;31.9;Thu Jul 04 2019 07:10:49 GMT+0200 (CEST);Thu Jul 04 2019 05:10:49 GMT+0200 (CEST);1562217049000;0.7;184.78
1380556833984591;18.5;32.1;Thu Jul 04 2019 07:12:19 GMT+0200 (CEST);Thu Jul 04 2019 05:12:19 GMT+0200 (CEST);1562217139000;0.7;188.34
1380556833984591;18.5;32.5;Thu Jul 04 2019 07:13:50 GMT+0200 (CEST);Thu Jul 04 2019 05:13:50 GMT+0200 (CEST);1562217230000;0.7;191
1380556833984591;18.5;32.6;Thu Jul 04 2019 07:15:22 GMT+0200 (CEST);Thu Jul 04 2019 05:15:22 GMT+0200 (CEST);1562217322000;0.7;195.05
1380556833984591;19;32.6;Thu Jul 04 2019 07:16:53 GMT+0200 (CEST);Thu Jul 04 2019 05:16:53 GMT+0200 (CEST);1562217413000;0.8;199.68
1380556833984591;19;32.9;Thu Jul 04 2019 07:18:25 GMT+0200 (CEST);Thu Jul 04 2019 05:18:25 GMT+0200 (CEST);1562217505000;0.8;203.08
1380556833984591;19;32.8;Thu Jul 04 2019 07:20:06 GMT+0200 (CEST);Thu Jul 04 2019 05:20:06 GMT+0200 (CEST);1562217606000;0.8;207.87
1380556833984591;19;32.9;Thu Jul 04 2019 07:21:36 GMT+0200 (CEST);Thu Jul 04 2019 05:21:36 GMT+0200 (CEST);1562217696000;0.9;213.6
1380556833984591;19;33;Thu Jul 04 2019 07:23:06 GMT+0200 (CEST);Thu Jul 04 2019 05:23:06 GMT+0200 (CEST);1562217786000;0.9;217.4
1380556833984591;19;32.9;Thu Jul 04 2019 07:24:37 GMT+0200 (CEST);Thu Jul 04 2019 05:24:37 GMT+0200 (CEST);1562217877000;0.9;222.57
1380556833984591;20.5;33;Thu Jul 04 2019 07:26:20 GMT+0200 (CEST);Thu Jul 04 2019 05:26:20 GMT+0200 (CEST);1562217980000;0.9;227.16
1380556833984591;20.5;33.2;Thu Jul 04 2019 07:27:50 GMT+0200 (CEST);Thu Jul 04 2019 05:27:50 GMT+0200 (CEST);1562218070000;1;232.34
1380556833984591;20.5;32.9;Thu Jul 04 2019 07:29:20 GMT+0200 (CEST);Thu Jul 04 2019 05:29:20 GMT+0200 (CEST);1562218160000;1;236.81
1380556833984591;20.5;33.1;Thu Jul 04 2019 07:30:50 GMT+0200 (CEST);Thu Jul 04 2019 05:30:50 GMT+0200 (CEST);1562218250000;1;241.75
1380556833984591;20.5;33.1;Thu Jul 04 2019 07:32:21 GMT+0200 (CEST);Thu Jul 04 2019 05:32:21 GMT+0200 (CEST);1562218341000;1.1;246.08
1380556833984591;20.5;33.3;Thu Jul 04 2019 07:34:24 GMT+0200 (CEST);Thu Jul 04 2019 05:34:24 GMT+0200 (CEST);1562218464000;1.1;255.13
1380556833984591;22.5;33.1;Thu Jul 04 2019 07:35:56 GMT+0200 (CEST);Thu Jul 04 2019 05:35:56 GMT+0200 (CEST);1562218556000;1.1;259.28
1380556833984591;22.5;33.3;Thu Jul 04 2019 07:37:25 GMT+0200 (CEST);Thu Jul 04 2019 05:37:25 GMT+0200 (CEST);1562218645000;1.2;264.35
1380556833984591;22.5;33.2;Thu Jul 04 2019 07:38:57 GMT+0200 (CEST);Thu Jul 04 2019 05:38:57 GMT+0200 (CEST);1562218737000;1.2;269.72
1380556833984591;22.5;33.2;Thu Jul 04 2019 07:40:40 GMT+0200 (CEST);Thu Jul 04 2019 05:40:40 GMT+0200 (CEST);1562218840000;1.2;275.21
1380556833984591;22.5;33.2;Thu Jul 04 2019 07:42:12 GMT+0200 (CEST);Thu Jul 04 2019 05:42:12 GMT+0200 (CEST);1562218932000;1.2;280.64
1380556833984591;22.5;33.2;Thu Jul 04 2019 07:43:45 GMT+0200 (CEST);Thu Jul 04 2019 05:43:45 GMT+0200 (CEST);1562219025000;1.3;287.62
1380556833984591;22.5;33.2;Thu Jul 04 2019 07:45:15 GMT+0200 (CEST);Thu Jul 04 2019 05:45:15 GMT+0200 (CEST);1562219115000;1.3;293.09
1380556833984591;22.5;33.9;Thu Jul 04 2019 07:46:46 GMT+0200 (CEST);Thu Jul 04 2019 05:46:46 GMT+0200 (CEST);1562219206000;1.3;298.64
1380556833984591;22.5;33.7;Thu Jul 04 2019 07:48:20 GMT+0200 (CEST);Thu Jul 04 2019 05:48:20 GMT+0200 (CEST);1562219300000;1.4;302.51
1380556833984591;22.5;33.7;Thu Jul 04 2019 07:49:56 GMT+0200 (CEST);Thu Jul 04 2019 05:49:56 GMT+0200 (CEST);1562219396000;1.4;307.5
1380556833984591;23;33.6;Thu Jul 04 2019 07:51:27 GMT+0200 (CEST);Thu Jul 04 2019 05:51:27 GMT+0200 (CEST);1562219487000;1.4;312.58
1380556833984591;23;33.7;Thu Jul 04 2019 07:52:55 GMT+0200 (CEST);Thu Jul 04 2019 05:52:55 GMT+0200 (CEST);1562219575000;1.4;316.77
1380556833984591;23;33.6;Thu Jul 04 2019 07:54:23 GMT+0200 (CEST);Thu Jul 04 2019 05:54:23 GMT+0200 (CEST);1562219663000;1.5;324.29
1380556833984591;24.5;33.6;Thu Jul 04 2019 07:55:56 GMT+0200 (CEST);Thu Jul 04 2019 05:55:56 GMT+0200 (CEST);1562219756000;1.5;330.23
1380556833984591;24.5;33.7;Thu Jul 04 2019 07:57:21 GMT+0200 (CEST);Thu Jul 04 2019 05:57:21 GMT+0200 (CEST);1562219841000;1.5;335.35
1380556833984591;24.5;33.7;Thu Jul 04 2019 07:58:46 GMT+0200 (CEST);Thu Jul 04 2019 05:58:46 GMT+0200 (CEST);1562219926000;1.6;340.47
1380556833984591;41.1;31.7;Thu Jul 04 2019 10:27:38 GMT+0200 (CEST);Thu Jul 04 2019 08:27:38 GMT+0200 (CEST);1562228858000;4.1;825.85
1380556833984591;41.1;31.7;Thu Jul 04 2019 10:29:06 GMT+0200 (CEST);Thu Jul 04 2019 08:29:06 GMT+0200 (CEST);1562228946000;4.1;831.83
1380556833984591;42.6;31.7;Thu Jul 04 2019 10:30:35 GMT+0200 (CEST);Thu Jul 04 2019 08:30:35 GMT+0200 (CEST);1562229035000;4.1;834.36
1380556833984591;42.6;31.6;Thu Jul 04 2019 10:32:03 GMT+0200 (CEST);Thu Jul 04 2019 08:32:03 GMT+0200 (CEST);1562229123000;4.2;836.45
1380556833984591;42.6;31.3;Thu Jul 04 2019 10:34:22 GMT+0200 (CEST);Thu Jul 04 2019 08:34:22 GMT+0200 (CEST);1562229262000;4.2;840.67
1380556833984591;42.6;31.5;Thu Jul 04 2019 10:35:48 GMT+0200 (CEST);Thu Jul 04 2019 08:35:48 GMT+0200 (CEST);1562229348000;4.2;846.84
1380556833984591;42.6;31.4;Thu Jul 04 2019 10:37:29 GMT+0200 (CEST);Thu Jul 04 2019 08:37:29 GMT+0200 (CEST);1562229449000;4.2;850.54
1380556833984591;42.6;31.4;Thu Jul 04 2019 10:39:05 GMT+0200 (CEST);Thu Jul 04 2019 08:39:05 GMT+0200 (CEST);1562229545000;4.2;853.73
1380556833984591;43.1;31.5;Thu Jul 04 2019 10:40:38 GMT+0200 (CEST);Thu Jul 04 2019 08:40:38 GMT+0200 (CEST);1562229638000;4.2;856.59
1380556833984591;43.1;31.5;Thu Jul 04 2019 10:42:05 GMT+0200 (CEST);Thu Jul 04 2019 08:42:05 GMT+0200 (CEST);1562229725000;4.2;858.26
1380556833984591;43.1;31.5;Thu Jul 04 2019 10:43:39 GMT+0200 (CEST);Thu Jul 04 2019 08:43:39 GMT+0200 (CEST);1562229819000;4.3;860.9
1380556833984591;44.7;31.5;Thu Jul 04 2019 10:45:11 GMT+0200 (CEST);Thu Jul 04 2019 08:45:11 GMT+0200 (CEST);1562229911000;4.3;869.32
1380556833984591;44.7;31.4;Thu Jul 04 2019 10:46:43 GMT+0200 (CEST);Thu Jul 04 2019 08:46:43 GMT+0200 (CEST);1562230003000;4.3;871.04
1380556833984591;44.7;31.5;Thu Jul 04 2019 10:48:14 GMT+0200 (CEST);Thu Jul 04 2019 08:48:14 GMT+0200 (CEST);1562230094000;4.3;871.82
1380556833984591;44.7;31.3;Thu Jul 04 2019 10:49:46 GMT+0200 (CEST);Thu Jul 04 2019 08:49:46 GMT+0200 (CEST);1562230186000;4.3;876.84
1380556833984591;44.7;31.4;Thu Jul 04 2019 10:51:19 GMT+0200 (CEST);Thu Jul 04 2019 08:51:19 GMT+0200 (CEST);1562230279000;4.4;882.28
1380556833984591;44.7;31.4;Thu Jul 04 2019 10:52:53 GMT+0200 (CEST);Thu Jul 04 2019 08:52:53 GMT+0200 (CEST);1562230373000;4.4;884.09
1380556833984591;44.7;31.4;Thu Jul 04 2019 10:54:38 GMT+0200 (CEST);Thu Jul 04 2019 08:54:38 GMT+0200 (CEST);1562230478000;4.3;889.58
1380556833984591;44.7;31.4;Thu Jul 04 2019 10:56:08 GMT+0200 (CEST);Thu Jul 04 2019 08:56:08 GMT+0200 (CEST);1562230568000;4.4;890.75
1380556833984591;44.7;31.4;Thu Jul 04 2019 10:57:38 GMT+0200 (CEST);Thu Jul 04 2019 08:57:38 GMT+0200 (CEST);1562230658000;4.4;887.51
1380556833984591;44.7;31.5;Thu Jul 04 2019 10:59:12 GMT+0200 (CEST);Thu Jul 04 2019 08:59:12 GMT+0200 (CEST);1562230752000;4.4;891.58
1380556833984591;44.7;31.1;Thu Jul 04 2019 11:00:43 GMT+0200 (CEST);Thu Jul 04 2019 09:00:43 GMT+0200 (CEST);1562230843000;4.4;895.52
1380556833984591;44.7;31.1;Thu Jul 04 2019 11:02:17 GMT+0200 (CEST);Thu Jul 04 2019 09:02:17 GMT+0200 (CEST);1562230937000;4.5;897.22
1380556833984591;45.2;31.2;Thu Jul 04 2019 11:03:50 GMT+0200 (CEST);Thu Jul 04 2019 09:03:50 GMT+0200 (CEST);1562231030000;4.4;901.46
1380556833984591;45.2;31.4;Thu Jul 04 2019 11:05:22 GMT+0200 (CEST);Thu Jul 04 2019 09:05:22 GMT+0200 (CEST);1562231122000;4.4;903.95
1380556833984591;45.2;31.4;Thu Jul 04 2019 11:06:52 GMT+0200 (CEST);Thu Jul 04 2019 09:06:52 GMT+0200 (CEST);1562231212000;4.5;908.48
1380556833984591;46.7;31.4;Thu Jul 04 2019 11:08:40 GMT+0200 (CEST);Thu Jul 04 2019 09:08:40 GMT+0200 (CEST);1562231320000;4.5;908.6
1380556833984591;46.7;31.4;Thu Jul 04 2019 11:10:19 GMT+0200 (CEST);Thu Jul 04 2019 09:10:19 GMT+0200 (CEST);1562231419000;4.5;914.52
1380556833984591;46.7;31.4;Thu Jul 04 2019 11:11:53 GMT+0200 (CEST);Thu Jul 04 2019 09:11:53 GMT+0200 (CEST);1562231513000;4.5;919.42
1380556833984591;46.7;31.4;Thu Jul 04 2019 11:13:22 GMT+0200 (CEST);Thu Jul 04 2019 09:13:22 GMT+0200 (CEST);1562231602000;4.5;925.39
1380556833984591;45.2;31.4;Thu Jul 04 2019 11:14:53 GMT+0200 (CEST);Thu Jul 04 2019 09:14:53 GMT+0200 (CEST);1562231693000;4.6;927.99
1380556833984591;45.2;31.4;Thu Jul 04 2019 11:16:24 GMT+0200 (CEST);Thu Jul 04 2019 09:16:24 GMT+0200 (CEST);1562231784000;4.6;930.73
1380556833984591;45.2;31.4;Thu Jul 04 2019 11:18:00 GMT+0200 (CEST);Thu Jul 04 2019 09:18:00 GMT+0200 (CEST);1562231880000;4.6;934.31
1380556833984591;45.2;31.4;Thu Jul 04 2019 11:20:00 GMT+0200 (CEST);Thu Jul 04 2019 09:20:00 GMT+0200 (CEST);1562232000000;4.6;939.23
1380556833984591;45.2;31.2;Thu Jul 04 2019 11:21:35 GMT+0200 (CEST);Thu Jul 04 2019 09:21:35 GMT+0200 (CEST);1562232095000;4.6;940.35
1380556833984591;45.2;31.1;Thu Jul 04 2019 11:23:05 GMT+0200 (CEST);Thu Jul 04 2019 09:23:05 GMT+0200 (CEST);1562232185000;4.7;941.19
1380556833984591;46.7;31.1;Thu Jul 04 2019 11:24:43 GMT+0200 (CEST);Thu Jul 04 2019 09:24:43 GMT+0200 (CEST);1562232283000;4.6;947.54
1380556833984591;46.7;31.1;Thu Jul 04 2019 11:26:14 GMT+0200 (CEST);Thu Jul 04 2019 09:26:14 GMT+0200 (CEST);1562232374000;4.7;951.94
1380556833984591;46.7;31.1;Thu Jul 04 2019 11:27:43 GMT+0200 (CEST);Thu Jul 04 2019 09:27:43 GMT+0200 (CEST);1562232463000;4.7;955.23
1380556833984591;46.7;31.1;Thu Jul 04 2019 11:29:20 GMT+0200 (CEST);Thu Jul 04 2019 09:29:20 GMT+0200 (CEST);1562232560000;4.7;953.38
1380556833984591;46.7;30.9;Thu Jul 04 2019 11:30:51 GMT+0200 (CEST);Thu Jul 04 2019 09:30:51 GMT+0200 (CEST);1562232651000;4.8;954.79
1380556833984591;46.7;30.9;Thu Jul 04 2019 11:32:21 GMT+0200 (CEST);Thu Jul 04 2019 09:32:21 GMT+0200 (CEST);1562232741000;4.7;953.75
1380556833984591;46.7;30.9;Thu Jul 04 2019 11:33:51 GMT+0200 (CEST);Thu Jul 04 2019 09:33:51 GMT+0200 (CEST);1562232831000;4.8;960.2
1380556833984591;46.7;30.9;Thu Jul 04 2019 11:35:21 GMT+0200 (CEST);Thu Jul 04 2019 09:35:21 GMT+0200 (CEST);1562232921000;4.7;962.02
1380556833984591;46.7;30.9;Thu Jul 04 2019 11:37:22 GMT+0200 (CEST);Thu Jul 04 2019 09:37:22 GMT+0200 (CEST);1562233042000;4.8;965.87
1380556833984591;47.2;31;Thu Jul 04 2019 11:38:54 GMT+0200 (CEST);Thu Jul 04 2019 09:38:54 GMT+0200 (CEST);1562233134000;4.8;967.51
1380556833984591;47.2;30.9;Thu Jul 04 2019 11:40:23 GMT+0200 (CEST);Thu Jul 04 2019 09:40:23 GMT+0200 (CEST);1562233223000;4.8;967.25
1380556833984591;47.2;30.8;Thu Jul 04 2019 11:41:53 GMT+0200 (CEST);Thu Jul 04 2019 09:41:53 GMT+0200 (CEST);1562233313000;4.8;972.56
1380556833984591;47.2;30.8;Thu Jul 04 2019 11:43:46 GMT+0200 (CEST);Thu Jul 04 2019 09:43:46 GMT+0200 (CEST);1562233426000;4.8;971.67
1380556833984591;47.2;30.9;Thu Jul 04 2019 11:45:16 GMT+0200 (CEST);Thu Jul 04 2019 09:45:16 GMT+0200 (CEST);1562233516000;4.8;972.21
1380556833984591;47.2;30.6;Thu Jul 04 2019 11:46:49 GMT+0200 (CEST);Thu Jul 04 2019 09:46:49 GMT+0200 (CEST);1562233609000;4.8;977.35
1380556833984591;47.2;30.8;Thu Jul 04 2019 11:48:36 GMT+0200 (CEST);Thu Jul 04 2019 09:48:36 GMT+0200 (CEST);1562233716000;4.8;978.68
1380556833984591;47.2;30.8;Thu Jul 04 2019 11:50:10 GMT+0200 (CEST);Thu Jul 04 2019 09:50:10 GMT+0200 (CEST);1562233810000;4.8;982.04
1380556833984591;47.2;30.8;Thu Jul 04 2019 11:52:19 GMT+0200 (CEST);Thu Jul 04 2019 09:52:19 GMT+0200 (CEST);1562233939000;4.9;988.15
1380556833984591;47.2;30.5;Thu Jul 04 2019 11:53:54 GMT+0200 (CEST);Thu Jul 04 2019 09:53:54 GMT+0200 (CEST);1562234034000;4.9;988.15
1380556833984591;47.2;30.6;Thu Jul 04 2019 11:55:24 GMT+0200 (CEST);Thu Jul 04 2019 09:55:24 GMT+0200 (CEST);1562234124000;4.9;985.59
1380556833984591;47.2;30.6;Thu Jul 04 2019 11:56:55 GMT+0200 (CEST);Thu Jul 04 2019 09:56:55 GMT+0200 (CEST);1562234215000;4.9;988.15
1380556833984591;48.2;30.6;Thu Jul 04 2019 11:58:27 GMT+0200 (CEST);Thu Jul 04 2019 09:58:27 GMT+0200 (CEST);1562234307000;4.9;985.59
1380556833984591;48.2;30.6;Thu Jul 04 2019 12:00:03 GMT+0200 (CEST);Thu Jul 04 2019 10:00:03 GMT+0200 (CEST);1562234403000;4.9;981.09
1380556833984591;48.2;30.6;Thu Jul 04 2019 12:01:34 GMT+0200 (CEST);Thu Jul 04 2019 10:01:34 GMT+0200 (CEST);1562234494000;4.9;988.15
1380556833984591;48.2;30.3;Thu Jul 04 2019 12:03:04 GMT+0200 (CEST);Thu Jul 04 2019 10:03:04 GMT+0200 (CEST);1562234584000;4.9;988.15
1380556833984591;48.2;30.3;Thu Jul 04 2019 12:04:46 GMT+0200 (CEST);Thu Jul 04 2019 10:04:46 GMT+0200 (CEST);1562234686000;5;990.71
1380556833984591;48.2;30.2;Thu Jul 04 2019 12:06:20 GMT+0200 (CEST);Thu Jul 04 2019 10:06:20 GMT+0200 (CEST);1562234780000;4.9;993.27
1380556833984591;50.7;30.6;Thu Jul 04 2019 12:07:53 GMT+0200 (CEST);Thu Jul 04 2019 10:07:53 GMT+0200 (CEST);1562234873000;4.8;990.71
1380556833984591;50.7;30.5;Thu Jul 04 2019 12:09:24 GMT+0200 (CEST);Thu Jul 04 2019 10:09:24 GMT+0200 (CEST);1562234964000;4.9;988.15
1380556833984591;50.7;30.4;Thu Jul 04 2019 12:10:54 GMT+0200 (CEST);Thu Jul 04 2019 10:10:54 GMT+0200 (CEST);1562235054000;4.9;990.71
1380556833984591;50.7;30.3;Thu Jul 04 2019 12:12:29 GMT+0200 (CEST);Thu Jul 04 2019 10:12:29 GMT+0200 (CEST);1562235149000;4.9;995.83
1380556833984591;50.7;30.3;Thu Jul 04 2019 12:14:05 GMT+0200 (CEST);Thu Jul 04 2019 10:14:05 GMT+0200 (CEST);1562235245000;5;1006.07
1380556833984591;50.7;30.3;Thu Jul 04 2019 12:15:35 GMT+0200 (CEST);Thu Jul 04 2019 10:15:35 GMT+0200 (CEST);1562235335000;5;1006.07
1380556833984591;50.7;30.3;Thu Jul 04 2019 12:17:05 GMT+0200 (CEST);Thu Jul 04 2019 10:17:05 GMT+0200 (CEST);1562235425000;5;1006.07
1380556833984591;50.7;30.3;Thu Jul 04 2019 12:18:37 GMT+0200 (CEST);Thu Jul 04 2019 10:18:37 GMT+0200 (CEST);1562235517000;5;1006.07
1380556833984591;50.7;30.6;Thu Jul 04 2019 12:20:28 GMT+0200 (CEST);Thu Jul 04 2019 10:20:28 GMT+0200 (CEST);1562235628000;5;1008.63
1380556833984591;50.7;30.6;Thu Jul 04 2019 12:21:58 GMT+0200 (CEST);Thu Jul 04 2019 10:21:58 GMT+0200 (CEST);1562235718000;4.9;1008.63
1380556833984591;50.7;30.6;Thu Jul 04 2019 12:23:31 GMT+0200 (CEST);Thu Jul 04 2019 10:23:31 GMT+0200 (CEST);1562235811000;4.9;1008.63
1380556833984591;50.7;30.6;Thu Jul 04 2019 12:25:13 GMT+0200 (CEST);Thu Jul 04 2019 10:25:13 GMT+0200 (CEST);1562235913000;5;1008.63
1380556833984591;50.7;30.6;Thu Jul 04 2019 12:27:01 GMT+0200 (CEST);Thu Jul 04 2019 10:27:01 GMT+0200 (CEST);1562236021000;4.9;1013.75
1380556833984591;50.7;30.8;Thu Jul 04 2019 12:28:32 GMT+0200 (CEST);Thu Jul 04 2019 10:28:32 GMT+0200 (CEST);1562236112000;5;1013.75
1380556833984591;50.7;30.7;Thu Jul 04 2019 12:30:09 GMT+0200 (CEST);Thu Jul 04 2019 10:30:09 GMT+0200 (CEST);1562236209000;5;1016.31
1380556833984591;50.7;30.5;Thu Jul 04 2019 12:31:40 GMT+0200 (CEST);Thu Jul 04 2019 10:31:40 GMT+0200 (CEST);1562236300000;5;1016.31
1380556833984591;50.7;30.5;Thu Jul 04 2019 12:33:12 GMT+0200 (CEST);Thu Jul 04 2019 10:33:12 GMT+0200 (CEST);1562236392000;5;1016.31
1380556833984591;50.7;30.4;Thu Jul 04 2019 12:34:48 GMT+0200 (CEST);Thu Jul 04 2019 10:34:48 GMT+0200 (CEST);1562236488000;5.1;1018.87
1380556833984591;50.7;30.5;Thu Jul 04 2019 12:36:19 GMT+0200 (CEST);Thu Jul 04 2019 10:36:19 GMT+0200 (CEST);1562236579000;5;1018.87
1380556833984591;50.7;30.5;Thu Jul 04 2019 12:37:51 GMT+0200 (CEST);Thu Jul 04 2019 10:37:51 GMT+0200 (CEST);1562236671000;5.1;1021.43
1380556833984591;50.7;30.3;Thu Jul 04 2019 12:39:21 GMT+0200 (CEST);Thu Jul 04 2019 10:39:21 GMT+0200 (CEST);1562236761000;5.1;1023.99
1380556833984591;50.7;30.3;Thu Jul 04 2019 12:40:51 GMT+0200 (CEST);Thu Jul 04 2019 10:40:51 GMT+0200 (CEST);1562236851000;5.1;1023.99
1380556833984591;50.7;30.3;Thu Jul 04 2019 12:42:21 GMT+0200 (CEST);Thu Jul 04 2019 10:42:21 GMT+0200 (CEST);1562236941000;5;1023.99
1380556833984591;50.7;30.3;Thu Jul 04 2019 12:43:55 GMT+0200 (CEST);Thu Jul 04 2019 10:43:55 GMT+0200 (CEST);1562237035000;5.1;1023.99
1380556833984591;50.7;30.3;Thu Jul 04 2019 12:45:24 GMT+0200 (CEST);Thu Jul 04 2019 10:45:24 GMT+0200 (CEST);1562237124000;5.1;1023.99
1380556833984591;50.7;30.4;Thu Jul 04 2019 12:46:56 GMT+0200 (CEST);Thu Jul 04 2019 10:46:56 GMT+0200 (CEST);1562237216000;5.1;1026.55
1380556833984591;50.7;30.4;Thu Jul 04 2019 12:48:27 GMT+0200 (CEST);Thu Jul 04 2019 10:48:27 GMT+0200 (CEST);1562237307000;5.1;1029.11
1380556833984591;50.7;30.2;Thu Jul 04 2019 12:50:06 GMT+0200 (CEST);Thu Jul 04 2019 10:50:06 GMT+0200 (CEST);1562237406000;5.1;1026.55
1380556833984591;50.7;30.2;Thu Jul 04 2019 12:51:48 GMT+0200 (CEST);Thu Jul 04 2019 10:51:48 GMT+0200 (CEST);1562237508000;5.1;1026.55
1380556833984591;50.7;30.2;Thu Jul 04 2019 12:53:18 GMT+0200 (CEST);Thu Jul 04 2019 10:53:18 GMT+0200 (CEST);1562237598000;5.1;1026.55
1380556833984591;51.2;30.3;Thu Jul 04 2019 12:54:48 GMT+0200 (CEST);Thu Jul 04 2019 10:54:48 GMT+0200 (CEST);1562237688000;5.1;1026.55
1380556833984591;51.2;30.3;Thu Jul 04 2019 12:56:19 GMT+0200 (CEST);Thu Jul 04 2019 10:56:19 GMT+0200 (CEST);1562237779000;5.1;1026.55
1380556833984591;51.2;30.2;Thu Jul 04 2019 12:57:50 GMT+0200 (CEST);Thu Jul 04 2019 10:57:50 GMT+0200 (CEST);1562237870000;5;1023.99
1380556833984591;52.7;30.2;Thu Jul 04 2019 12:59:20 GMT+0200 (CEST);Thu Jul 04 2019 10:59:20 GMT+0200 (CEST);1562237960000;5.1;1023.99
1380556833984591;52.7;30.3;Thu Jul 04 2019 13:00:53 GMT+0200 (CEST);Thu Jul 04 2019 11:00:53 GMT+0200 (CEST);1562238053000;5;1026.55
1380556833984591;52.7;30.3;Thu Jul 04 2019 13:02:25 GMT+0200 (CEST);Thu Jul 04 2019 11:02:25 GMT+0200 (CEST);1562238145000;5;1029.11
1380556833984591;52.7;30.3;Thu Jul 04 2019 13:03:54 GMT+0200 (CEST);Thu Jul 04 2019 11:03:54 GMT+0200 (CEST);1562238234000;5.1;1029.11
1380556833984591;52.7;30.2;Thu Jul 04 2019 13:05:24 GMT+0200 (CEST);Thu Jul 04 2019 11:05:24 GMT+0200 (CEST);1562238324000;5.1;1031.67
1380556833984591;52.7;30.2;Thu Jul 04 2019 13:07:06 GMT+0200 (CEST);Thu Jul 04 2019 11:07:06 GMT+0200 (CEST);1562238426000;5.1;1031.67
1380556833984591;52.7;30.2;Thu Jul 04 2019 13:08:37 GMT+0200 (CEST);Thu Jul 04 2019 11:08:37 GMT+0200 (CEST);1562238517000;5.1;1031.67
1380556833984591;52.7;30.2;Thu Jul 04 2019 13:10:15 GMT+0200 (CEST);Thu Jul 04 2019 11:10:15 GMT+0200 (CEST);1562238615000;5.1;1031.67
1380556833984591;52.7;30.2;Thu Jul 04 2019 13:11:46 GMT+0200 (CEST);Thu Jul 04 2019 11:11:46 GMT+0200 (CEST);1562238706000;5.1;1031.67
1380556833984591;52.7;30.2;Thu Jul 04 2019 13:13:17 GMT+0200 (CEST);Thu Jul 04 2019 11:13:17 GMT+0200 (CEST);1562238797000;5.1;1031.67
1380556833984591;52.7;30.3;Thu Jul 04 2019 13:14:49 GMT+0200 (CEST);Thu Jul 04 2019 11:14:49 GMT+0200 (CEST);1562238889000;5.1;1029.11
1380556833984591;52.7;30.4;Thu Jul 04 2019 13:16:25 GMT+0200 (CEST);Thu Jul 04 2019 11:16:25 GMT+0200 (CEST);1562238985000;5.1;1031.67
1380556833984591;52.7;30.5;Thu Jul 04 2019 13:17:56 GMT+0200 (CEST);Thu Jul 04 2019 11:17:56 GMT+0200 (CEST);1562239076000;5.1;1031.67
1380556833984591;52.7;30.5;Thu Jul 04 2019 13:19:28 GMT+0200 (CEST);Thu Jul 04 2019 11:19:28 GMT+0200 (CEST);1562239168000;5.1;1026.55
1380556833984591;52.7;30.4;Thu Jul 04 2019 13:21:07 GMT+0200 (CEST);Thu Jul 04 2019 11:21:07 GMT+0200 (CEST);1562239267000;5.1;1029.11
1380556833984591;52.7;30.3;Thu Jul 04 2019 13:22:37 GMT+0200 (CEST);Thu Jul 04 2019 11:22:37 GMT+0200 (CEST);1562239357000;5.1;1029.11
1380556833984591;51.2;30.2;Thu Jul 04 2019 13:24:15 GMT+0200 (CEST);Thu Jul 04 2019 11:24:15 GMT+0200 (CEST);1562239455000;5.1;1026.55
1380556833984591;51.2;30.2;Thu Jul 04 2019 13:25:47 GMT+0200 (CEST);Thu Jul 04 2019 11:25:47 GMT+0200 (CEST);1562239547000;5.1;1023.99
1380556833984591;51.2;30.2;Thu Jul 04 2019 13:27:16 GMT+0200 (CEST);Thu Jul 04 2019 11:27:16 GMT+0200 (CEST);1562239636000;5;1023.99
1380556833984591;51.2;30.2;Thu Jul 04 2019 13:28:56 GMT+0200 (CEST);Thu Jul 04 2019 11:28:56 GMT+0200 (CEST);1562239736000;5.1;1026.55
1380556833984591;51.2;30.3;Thu Jul 04 2019 13:30:26 GMT+0200 (CEST);Thu Jul 04 2019 11:30:26 GMT+0200 (CEST);1562239826000;5.1;1026.55
1380556833984591;51.2;30.5;Thu Jul 04 2019 13:31:56 GMT+0200 (CEST);Thu Jul 04 2019 11:31:56 GMT+0200 (CEST);1562239916000;5;1023.99
1380556833984591;51.2;30.5;Thu Jul 04 2019 13:33:31 GMT+0200 (CEST);Thu Jul 04 2019 11:33:31 GMT+0200 (CEST);1562240011000;5;1021.43
1380556833984591;51.2;30.5;Thu Jul 04 2019 13:35:03 GMT+0200 (CEST);Thu Jul 04 2019 11:35:03 GMT+0200 (CEST);1562240103000;5;1023.99
1380556833984591;51.2;30.6;Thu Jul 04 2019 13:36:33 GMT+0200 (CEST);Thu Jul 04 2019 11:36:33 GMT+0200 (CEST);1562240193000;5;1018.87
1380556833984591;51.2;30.4;Thu Jul 04 2019 13:38:19 GMT+0200 (CEST);Thu Jul 04 2019 11:38:19 GMT+0200 (CEST);1562240299000;5;1021.43
1380556833984591;51.2;30.2;Thu Jul 04 2019 13:39:54 GMT+0200 (CEST);Thu Jul 04 2019 11:39:54 GMT+0200 (CEST);1562240394000;5;1021.43
1380556833984591;51.2;30.2;Thu Jul 04 2019 13:41:23 GMT+0200 (CEST);Thu Jul 04 2019 11:41:23 GMT+0200 (CEST);1562240483000;5;1018.87
1380556833984591;52.7;30.2;Thu Jul 04 2019 13:42:53 GMT+0200 (CEST);Thu Jul 04 2019 11:42:53 GMT+0200 (CEST);1562240573000;5;1016.31
1380556833984591;52.7;30.3;Thu Jul 04 2019 13:44:23 GMT+0200 (CEST);Thu Jul 04 2019 11:44:23 GMT+0200 (CEST);1562240663000;5;1013.75
1380556833984591;52.7;30.2;Thu Jul 04 2019 13:45:53 GMT+0200 (CEST);Thu Jul 04 2019 11:45:53 GMT+0200 (CEST);1562240753000;5;1011.19
1380556833984591;52.7;30.3;Thu Jul 04 2019 13:47:23 GMT+0200 (CEST);Thu Jul 04 2019 11:47:23 GMT+0200 (CEST);1562240843000;5;1008.63
1380556833984591;52.7;30.3;Thu Jul 04 2019 13:48:54 GMT+0200 (CEST);Thu Jul 04 2019 11:48:54 GMT+0200 (CEST);1562240934000;5;1008.63
1380556833984591;52.7;30.3;Thu Jul 04 2019 13:50:29 GMT+0200 (CEST);Thu Jul 04 2019 11:50:29 GMT+0200 (CEST);1562241029000;5;1006.07
1380556833984591;52.7;30.3;Thu Jul 04 2019 13:52:01 GMT+0200 (CEST);Thu Jul 04 2019 11:52:01 GMT+0200 (CEST);1562241121000;4.9;1003.51
1380556833984591;52.7;30.4;Thu Jul 04 2019 13:53:32 GMT+0200 (CEST);Thu Jul 04 2019 11:53:32 GMT+0200 (CEST);1562241212000;5;1003.51
1380556833984591;52.7;30.5;Thu Jul 04 2019 13:55:03 GMT+0200 (CEST);Thu Jul 04 2019 11:55:03 GMT+0200 (CEST);1562241303000;4.9;1006.07
1380556833984591;52.7;30.6;Thu Jul 04 2019 13:56:35 GMT+0200 (CEST);Thu Jul 04 2019 11:56:35 GMT+0200 (CEST);1562241395000;4.9;1003.51
1380556833984591;52.7;30.6;Thu Jul 04 2019 13:58:05 GMT+0200 (CEST);Thu Jul 04 2019 11:58:05 GMT+0200 (CEST);1562241485000;5;1008.63
1380556833984591;52.7;30.5;Thu Jul 04 2019 13:59:36 GMT+0200 (CEST);Thu Jul 04 2019 11:59:36 GMT+0200 (CEST);1562241576000;4.9;1000.95
1380556833984591;52.7;30.4;Thu Jul 04 2019 14:01:12 GMT+0200 (CEST);Thu Jul 04 2019 12:01:12 GMT+0200 (CEST);1562241672000;4.9;995.83
1380556833984591;52.7;30.4;Thu Jul 04 2019 14:02:42 GMT+0200 (CEST);Thu Jul 04 2019 12:02:42 GMT+0200 (CEST);1562241762000;4.9;995.83
1380556833984591;52.7;30.6;Thu Jul 04 2019 14:04:12 GMT+0200 (CEST);Thu Jul 04 2019 12:04:12 GMT+0200 (CEST);1562241852000;4.9;995.83
1380556833984591;52.7;30.6;Thu Jul 04 2019 14:05:49 GMT+0200 (CEST);Thu Jul 04 2019 12:05:49 GMT+0200 (CEST);1562241949000;4.9;995.83
1380556833984591;51.2;30.6;Thu Jul 04 2019 14:07:22 GMT+0200 (CEST);Thu Jul 04 2019 12:07:22 GMT+0200 (CEST);1562242042000;4.9;995.83
1380556833984591;51.2;30.4;Thu Jul 04 2019 14:08:55 GMT+0200 (CEST);Thu Jul 04 2019 12:08:55 GMT+0200 (CEST);1562242135000;4.9;993.27
1380556833984591;51.2;30.3;Thu Jul 04 2019 14:10:49 GMT+0200 (CEST);Thu Jul 04 2019 12:10:49 GMT+0200 (CEST);1562242249000;4.9;990.71
1380556833984591;51.2;30.3;Thu Jul 04 2019 14:12:28 GMT+0200 (CEST);Thu Jul 04 2019 12:12:28 GMT+0200 (CEST);1562242348000;4.9;985.59
1380556833984591;51.2;30.3;Thu Jul 04 2019 14:13:58 GMT+0200 (CEST);Thu Jul 04 2019 12:13:58 GMT+0200 (CEST);1562242438000;4.9;985.59
1380556833984591;51.2;30.4;Thu Jul 04 2019 14:15:30 GMT+0200 (CEST);Thu Jul 04 2019 12:15:30 GMT+0200 (CEST);1562242530000;4.8;985.59
1380556833984591;51.2;30.6;Thu Jul 04 2019 14:17:03 GMT+0200 (CEST);Thu Jul 04 2019 12:17:03 GMT+0200 (CEST);1562242623000;4.9;985.59
1380556833984591;51.2;30.6;Thu Jul 04 2019 14:18:41 GMT+0200 (CEST);Thu Jul 04 2019 12:18:41 GMT+0200 (CEST);1562242721000;4.8;985.59
1380556833984591;51.2;30.6;Thu Jul 04 2019 14:20:12 GMT+0200 (CEST);Thu Jul 04 2019 12:20:12 GMT+0200 (CEST);1562242812000;4.8;979.08
1380556833984591;51.2;30.8;Thu Jul 04 2019 14:21:50 GMT+0200 (CEST);Thu Jul 04 2019 12:21:50 GMT+0200 (CEST);1562242910000;4.9;976.49
1380556833984591;51.2;30.9;Thu Jul 04 2019 14:23:19 GMT+0200 (CEST);Thu Jul 04 2019 12:23:19 GMT+0200 (CEST);1562242999000;4.7;972.31
1380556833984591;51.2;30.8;Thu Jul 04 2019 14:24:59 GMT+0200 (CEST);Thu Jul 04 2019 12:24:59 GMT+0200 (CEST);1562243099000;4.8;968.61
1380556833984591;51.2;30.8;Thu Jul 04 2019 14:26:29 GMT+0200 (CEST);Thu Jul 04 2019 12:26:29 GMT+0200 (CEST);1562243189000;4.7;961.73
1380556833984591;51.2;30.6;Thu Jul 04 2019 14:28:10 GMT+0200 (CEST);Thu Jul 04 2019 12:28:10 GMT+0200 (CEST);1562243290000;4.6;956.02
1380556833984591;51.2;30.9;Thu Jul 04 2019 14:29:45 GMT+0200 (CEST);Thu Jul 04 2019 12:29:45 GMT+0200 (CEST);1562243385000;4.8;954.74
1380556833984591;52.7;30.4;Thu Jul 04 2019 14:31:15 GMT+0200 (CEST);Thu Jul 04 2019 12:31:15 GMT+0200 (CEST);1562243475000;4.7;954.93
1380556833984591;52.7;30.8;Thu Jul 04 2019 14:32:46 GMT+0200 (CEST);Thu Jul 04 2019 12:32:46 GMT+0200 (CEST);1562243566000;4.6;956.03
1380556833984591;52.7;31;Thu Jul 04 2019 14:34:17 GMT+0200 (CEST);Thu Jul 04 2019 12:34:17 GMT+0200 (CEST);1562243657000;4.7;953.11
1380556833984591;52.7;30.6;Thu Jul 04 2019 14:35:46 GMT+0200 (CEST);Thu Jul 04 2019 12:35:46 GMT+0200 (CEST);1562243746000;4.7;954.79
1380556833984591;52.7;31.1;Thu Jul 04 2019 14:37:17 GMT+0200 (CEST);Thu Jul 04 2019 12:37:17 GMT+0200 (CEST);1562243837000;4.6;951.77
1380556833984591;52.7;31.2;Thu Jul 04 2019 14:38:48 GMT+0200 (CEST);Thu Jul 04 2019 12:38:48 GMT+0200 (CEST);1562243928000;4.6;950.96
1380556833984591;52.7;30.1;Thu Jul 04 2019 14:40:19 GMT+0200 (CEST);Thu Jul 04 2019 12:40:19 GMT+0200 (CEST);1562244019000;4.7;942.81
1380556833984591;52.7;30.2;Thu Jul 04 2019 14:41:48 GMT+0200 (CEST);Thu Jul 04 2019 12:41:48 GMT+0200 (CEST);1562244108000;4.6;940.59
1380556833984591;52.7;31.5;Thu Jul 04 2019 14:43:20 GMT+0200 (CEST);Thu Jul 04 2019 12:43:20 GMT+0200 (CEST);1562244200000;4.5;942.84
1380556833984591;52.7;31.3;Thu Jul 04 2019 14:44:58 GMT+0200 (CEST);Thu Jul 04 2019 12:44:58 GMT+0200 (CEST);1562244298000;4.5;943.07
1380556833984591;52.7;31.5;Thu Jul 04 2019 14:46:28 GMT+0200 (CEST);Thu Jul 04 2019 12:46:28 GMT+0200 (CEST);1562244388000;4.5;936.6
1380556833984591;52.7;31.2;Thu Jul 04 2019 14:47:59 GMT+0200 (CEST);Thu Jul 04 2019 12:47:59 GMT+0200 (CEST);1562244479000;4.5;932.64
1380556833984591;52.7;31.3;Thu Jul 04 2019 14:49:31 GMT+0200 (CEST);Thu Jul 04 2019 12:49:31 GMT+0200 (CEST);1562244571000;4.4;926.59
1380556833984591;51.2;31.5;Thu Jul 04 2019 14:51:05 GMT+0200 (CEST);Thu Jul 04 2019 12:51:05 GMT+0200 (CEST);1562244665000;4.4;923.75
1380556833984591;51.2;31.6;Thu Jul 04 2019 14:52:37 GMT+0200 (CEST);Thu Jul 04 2019 12:52:37 GMT+0200 (CEST);1562244757000;4.5;923.34
1380556833984591;51.2;31.6;Thu Jul 04 2019 14:54:10 GMT+0200 (CEST);Thu Jul 04 2019 12:54:10 GMT+0200 (CEST);1562244850000;4.4;918.97
1380556833984591;51.2;31.5;Thu Jul 04 2019 14:55:41 GMT+0200 (CEST);Thu Jul 04 2019 12:55:41 GMT+0200 (CEST);1562244941000;4.3;921.44
1380556833984591;51.2;31.5;Thu Jul 04 2019 14:57:17 GMT+0200 (CEST);Thu Jul 04 2019 12:57:17 GMT+0200 (CEST);1562245037000;4.4;912.23
1380556833984591;51.2;31.4;Thu Jul 04 2019 14:58:49 GMT+0200 (CEST);Thu Jul 04 2019 12:58:49 GMT+0200 (CEST);1562245129000;4.4;912.87
1380556833984591;51.2;31.6;Thu Jul 04 2019 15:00:21 GMT+0200 (CEST);Thu Jul 04 2019 13:00:21 GMT+0200 (CEST);1562245221000;4.3;911.65
1380556833984591;51.2;31.3;Thu Jul 04 2019 15:01:51 GMT+0200 (CEST);Thu Jul 04 2019 13:01:51 GMT+0200 (CEST);1562245311000;4.4;908.84
1380556833984591;51.2;31.3;Thu Jul 04 2019 15:03:24 GMT+0200 (CEST);Thu Jul 04 2019 13:03:24 GMT+0200 (CEST);1562245404000;4.4;904.53
1380556833984591;50.7;31.1;Thu Jul 04 2019 15:05:08 GMT+0200 (CEST);Thu Jul 04 2019 13:05:08 GMT+0200 (CEST);1562245508000;4.4;903.29
1380556833984591;50.7;31.6;Thu Jul 04 2019 15:06:40 GMT+0200 (CEST);Thu Jul 04 2019 13:06:40 GMT+0200 (CEST);1562245600000;4.3;899.89
1380556833984591;50.7;31.4;Thu Jul 04 2019 15:08:11 GMT+0200 (CEST);Thu Jul 04 2019 13:08:11 GMT+0200 (CEST);1562245691000;4.3;893.57
1380556833984591;50.7;31.5;Thu Jul 04 2019 15:09:45 GMT+0200 (CEST);Thu Jul 04 2019 13:09:45 GMT+0200 (CEST);1562245785000;4.4;892.29
1380556833984591;50.7;30.4;Thu Jul 04 2019 15:11:24 GMT+0200 (CEST);Thu Jul 04 2019 13:11:24 GMT+0200 (CEST);1562245884000;4.4;883.17
1380556833984591;50.7;30.7;Thu Jul 04 2019 15:12:53 GMT+0200 (CEST);Thu Jul 04 2019 13:12:53 GMT+0200 (CEST);1562245973000;4.3;877.39
1380556833984591;50.7;30.7;Thu Jul 04 2019 15:14:23 GMT+0200 (CEST);Thu Jul 04 2019 13:14:23 GMT+0200 (CEST);1562246063000;4.4;879.47
1380556833984591;50.7;30.8;Thu Jul 04 2019 15:15:55 GMT+0200 (CEST);Thu Jul 04 2019 13:15:55 GMT+0200 (CEST);1562246155000;4.4;873.55
1380556833984591;50.7;30.8;Thu Jul 04 2019 15:17:34 GMT+0200 (CEST);Thu Jul 04 2019 13:17:34 GMT+0200 (CEST);1562246254000;4.3;869.81
1380556833984591;50.7;31.2;Thu Jul 04 2019 15:19:07 GMT+0200 (CEST);Thu Jul 04 2019 13:19:07 GMT+0200 (CEST);1562246347000;4.3;870.73
1380556833984591;50.7;30.8;Thu Jul 04 2019 15:20:42 GMT+0200 (CEST);Thu Jul 04 2019 13:20:42 GMT+0200 (CEST);1562246442000;4.3;866.92
1380556833984591;50.7;30.8;Thu Jul 04 2019 15:22:12 GMT+0200 (CEST);Thu Jul 04 2019 13:22:12 GMT+0200 (CEST);1562246532000;4.3;864.77
1380556833984591;50.7;31;Thu Jul 04 2019 15:23:43 GMT+0200 (CEST);Thu Jul 04 2019 13:23:43 GMT+0200 (CEST);1562246623000;4.3;861.61
1380556833984591;48.2;30.8;Thu Jul 04 2019 15:25:13 GMT+0200 (CEST);Thu Jul 04 2019 13:25:13 GMT+0200 (CEST);1562246713000;4.3;859.84
1380556833984591;48.2;30.8;Thu Jul 04 2019 15:26:44 GMT+0200 (CEST);Thu Jul 04 2019 13:26:44 GMT+0200 (CEST);1562246804000;4.3;856.83
1380556833984591;48.2;31.1;Thu Jul 04 2019 15:28:15 GMT+0200 (CEST);Thu Jul 04 2019 13:28:15 GMT+0200 (CEST);1562246895000;4.1;849.16
1380556833984591;48.2;31.1;Thu Jul 04 2019 15:29:48 GMT+0200 (CEST);Thu Jul 04 2019 13:29:48 GMT+0200 (CEST);1562246988000;4.2;846.28
1380556833984591;48.2;31.1;Thu Jul 04 2019 15:31:19 GMT+0200 (CEST);Thu Jul 04 2019 13:31:19 GMT+0200 (CEST);1562247079000;4.2;840.96
1380556833984591;48.2;31;Thu Jul 04 2019 15:32:49 GMT+0200 (CEST);Thu Jul 04 2019 13:32:49 GMT+0200 (CEST);1562247169000;4.2;834.32
1380556833984591;48.2;30.8;Thu Jul 04 2019 15:34:35 GMT+0200 (CEST);Thu Jul 04 2019 13:34:35 GMT+0200 (CEST);1562247275000;4;826.8
1380556833984591;48.2;31.5;Thu Jul 04 2019 15:36:06 GMT+0200 (CEST);Thu Jul 04 2019 13:36:06 GMT+0200 (CEST);1562247366000;4;820.53
1380556833984591;48.2;31.9;Thu Jul 04 2019 15:37:37 GMT+0200 (CEST);Thu Jul 04 2019 13:37:37 GMT+0200 (CEST);1562247457000;4;818.68
1380556833984591;48.2;31.6;Thu Jul 04 2019 15:39:25 GMT+0200 (CEST);Thu Jul 04 2019 13:39:25 GMT+0200 (CEST);1562247565000;4;818.96
1380556833984591;48.2;31.6;Thu Jul 04 2019 15:40:54 GMT+0200 (CEST);Thu Jul 04 2019 13:40:54 GMT+0200 (CEST);1562247654000;4.1;817.12
1380556833984591;48.2;31.3;Thu Jul 04 2019 15:42:24 GMT+0200 (CEST);Thu Jul 04 2019 13:42:24 GMT+0200 (CEST);1562247744000;4;817.94
1380556833984591;48.2;31.6;Thu Jul 04 2019 15:43:56 GMT+0200 (CEST);Thu Jul 04 2019 13:43:56 GMT+0200 (CEST);1562247836000;4;809.54
1380556833984591;48.2;31.3;Thu Jul 04 2019 15:45:30 GMT+0200 (CEST);Thu Jul 04 2019 13:45:30 GMT+0200 (CEST);1562247930000;4;809.09
1380556833984591;48.2;31.3;Thu Jul 04 2019 15:47:04 GMT+0200 (CEST);Thu Jul 04 2019 13:47:04 GMT+0200 (CEST);1562248024000;4;803.46
1380556833984591;48.2;31.3;Thu Jul 04 2019 15:48:31 GMT+0200 (CEST);Thu Jul 04 2019 13:48:31 GMT+0200 (CEST);1562248111000;3.8;795.95
1380556833984591;48.2;31.3;Thu Jul 04 2019 15:50:14 GMT+0200 (CEST);Thu Jul 04 2019 13:50:14 GMT+0200 (CEST);1562248214000;3.9;791.47
1380556833984591;48.2;31.4;Thu Jul 04 2019 15:51:44 GMT+0200 (CEST);Thu Jul 04 2019 13:51:44 GMT+0200 (CEST);1562248304000;3.9;781.67
1380556833984591;48.2;31.4;Thu Jul 04 2019 15:53:35 GMT+0200 (CEST);Thu Jul 04 2019 13:53:35 GMT+0200 (CEST);1562248415000;3.8;776.13
1380556833984591;48.2;31.5;Thu Jul 04 2019 15:55:05 GMT+0200 (CEST);Thu Jul 04 2019 13:55:05 GMT+0200 (CEST);1562248505000;3.8;771.07
1380556833984591;48.2;31.9;Thu Jul 04 2019 15:56:35 GMT+0200 (CEST);Thu Jul 04 2019 13:56:35 GMT+0200 (CEST);1562248595000;3.7;764.4
1380556833984591;48.2;31.9;Thu Jul 04 2019 15:58:10 GMT+0200 (CEST);Thu Jul 04 2019 13:58:10 GMT+0200 (CEST);1562248690000;3.7;761
1380556833984591;48.2;32.1;Thu Jul 04 2019 15:59:47 GMT+0200 (CEST);Thu Jul 04 2019 13:59:47 GMT+0200 (CEST);1562248787000;3.6;762.39
1380556833984591;48.2;32.1;Thu Jul 04 2019 16:01:18 GMT+0200 (CEST);Thu Jul 04 2019 14:01:18 GMT+0200 (CEST);1562248878000;3.6;761.89
1380556833984591;48.2;32;Thu Jul 04 2019 16:02:52 GMT+0200 (CEST);Thu Jul 04 2019 14:02:52 GMT+0200 (CEST);1562248972000;3.6;757.71
1380556833984591;48.2;32.4;Thu Jul 04 2019 16:04:33 GMT+0200 (CEST);Thu Jul 04 2019 14:04:33 GMT+0200 (CEST);1562249073000;3.6;757.25
1380556833984591;48.2;32.2;Thu Jul 04 2019 16:06:07 GMT+0200 (CEST);Thu Jul 04 2019 14:06:07 GMT+0200 (CEST);1562249167000;3.6;750.2
1380556833984591;48.2;32.3;Thu Jul 04 2019 16:07:37 GMT+0200 (CEST);Thu Jul 04 2019 14:07:37 GMT+0200 (CEST);1562249257000;3.6;745.01
1380556833984591;48.2;32;Thu Jul 04 2019 16:09:13 GMT+0200 (CEST);Thu Jul 04 2019 14:09:13 GMT+0200 (CEST);1562249353000;3.6;739.58
1380556833984591;48.2;31.9;Thu Jul 04 2019 16:10:44 GMT+0200 (CEST);Thu Jul 04 2019 14:10:44 GMT+0200 (CEST);1562249444000;3.5;732.09
1380556833984591;48.2;32;Thu Jul 04 2019 16:12:14 GMT+0200 (CEST);Thu Jul 04 2019 14:12:14 GMT+0200 (CEST);1562249534000;3.5;730.9
1380556833984591;48.2;32;Thu Jul 04 2019 16:13:44 GMT+0200 (CEST);Thu Jul 04 2019 14:13:44 GMT+0200 (CEST);1562249624000;3.5;726.73
1380556833984591;48.2;32;Thu Jul 04 2019 16:15:21 GMT+0200 (CEST);Thu Jul 04 2019 14:15:21 GMT+0200 (CEST);1562249721000;3.5;723.38
1380556833984591;48.2;31.5;Thu Jul 04 2019 16:16:52 GMT+0200 (CEST);Thu Jul 04 2019 14:16:52 GMT+0200 (CEST);1562249812000;3.6;715.12
1380556833984591;47.2;31.4;Thu Jul 04 2019 16:18:22 GMT+0200 (CEST);Thu Jul 04 2019 14:18:22 GMT+0200 (CEST);1562249902000;3.5;709.43
1380556833984591;47.2;31.4;Thu Jul 04 2019 16:19:55 GMT+0200 (CEST);Thu Jul 04 2019 14:19:55 GMT+0200 (CEST);1562249995000;3.5;705.34
1380556833984591;47.2;32.3;Thu Jul 04 2019 16:21:27 GMT+0200 (CEST);Thu Jul 04 2019 14:21:27 GMT+0200 (CEST);1562250087000;3.3;699.96
1380556833984591;47.2;31.5;Thu Jul 04 2019 16:23:01 GMT+0200 (CEST);Thu Jul 04 2019 14:23:01 GMT+0200 (CEST);1562250181000;3.5;695.81
1380556833984591;47.2;31.8;Thu Jul 04 2019 16:24:35 GMT+0200 (CEST);Thu Jul 04 2019 14:24:35 GMT+0200 (CEST);1562250275000;3.4;693.36
1380556833984591;47.2;31.8;Thu Jul 04 2019 16:26:05 GMT+0200 (CEST);Thu Jul 04 2019 14:26:05 GMT+0200 (CEST);1562250365000;3.4;688.42
1380556833984591;47.2;31.8;Thu Jul 04 2019 16:27:38 GMT+0200 (CEST);Thu Jul 04 2019 14:27:38 GMT+0200 (CEST);1562250458000;3.4;683.79
1380556833984591;47.2;31.8;Thu Jul 04 2019 16:29:13 GMT+0200 (CEST);Thu Jul 04 2019 14:29:13 GMT+0200 (CEST);1562250553000;3.4;680.86
1380556833984591;47.2;31.8;Thu Jul 04 2019 16:30:53 GMT+0200 (CEST);Thu Jul 04 2019 14:30:53 GMT+0200 (CEST);1562250653000;3.3;676.01
1380556833984591;46.7;31.9;Thu Jul 04 2019 16:32:24 GMT+0200 (CEST);Thu Jul 04 2019 14:32:24 GMT+0200 (CEST);1562250744000;3.2;669.05
1380556833984591;46.7;32.5;Thu Jul 04 2019 16:33:54 GMT+0200 (CEST);Thu Jul 04 2019 14:33:54 GMT+0200 (CEST);1562250834000;3.3;666.45
1380556833984591;46.7;31.6;Thu Jul 04 2019 16:35:24 GMT+0200 (CEST);Thu Jul 04 2019 14:35:24 GMT+0200 (CEST);1562250924000;3.2;655.35
1380556833984591;46.7;32.3;Thu Jul 04 2019 16:37:11 GMT+0200 (CEST);Thu Jul 04 2019 14:37:11 GMT+0200 (CEST);1562251031000;3;650.23
1380556833984591;46.7;32.5;Thu Jul 04 2019 16:38:43 GMT+0200 (CEST);Thu Jul 04 2019 14:38:43 GMT+0200 (CEST);1562251123000;3.1;647.67
1380556833984591;46.7;32.1;Thu Jul 04 2019 16:40:14 GMT+0200 (CEST);Thu Jul 04 2019 14:40:14 GMT+0200 (CEST);1562251214000;3.2;642.55
1380556833984591;46.7;31.9;Thu Jul 04 2019 16:41:44 GMT+0200 (CEST);Thu Jul 04 2019 14:41:44 GMT+0200 (CEST);1562251304000;3.1;634.87
1380556833984591;46.7;31.9;Thu Jul 04 2019 16:43:19 GMT+0200 (CEST);Thu Jul 04 2019 14:43:19 GMT+0200 (CEST);1562251399000;3.1;629.75
1380556833984591;46.7;32.3;Thu Jul 04 2019 16:45:04 GMT+0200 (CEST);Thu Jul 04 2019 14:45:04 GMT+0200 (CEST);1562251504000;3.1;624.63
1380556833984591;46.7;31.3;Thu Jul 04 2019 16:46:36 GMT+0200 (CEST);Thu Jul 04 2019 14:46:36 GMT+0200 (CEST);1562251596000;3.1;624.63
1380556833984591;46.7;31.3;Thu Jul 04 2019 16:48:06 GMT+0200 (CEST);Thu Jul 04 2019 14:48:06 GMT+0200 (CEST);1562251686000;3.1;619.51
1380556833984591;46.7;31.3;Thu Jul 04 2019 16:49:46 GMT+0200 (CEST);Thu Jul 04 2019 14:49:46 GMT+0200 (CEST);1562251786000;3.1;614.39
1380556833984591;46.7;31.5;Thu Jul 04 2019 16:51:24 GMT+0200 (CEST);Thu Jul 04 2019 14:51:24 GMT+0200 (CEST);1562251884000;3;611.83
1380556833984591;46.7;31.7;Thu Jul 04 2019 16:53:03 GMT+0200 (CEST);Thu Jul 04 2019 14:53:03 GMT+0200 (CEST);1562251983000;3;604.15
1380556833984591;46.7;31.3;Thu Jul 04 2019 16:54:46 GMT+0200 (CEST);Thu Jul 04 2019 14:54:46 GMT+0200 (CEST);1562252086000;3;596.47
1380556833984591;46.7;31.4;Thu Jul 04 2019 16:56:18 GMT+0200 (CEST);Thu Jul 04 2019 14:56:18 GMT+0200 (CEST);1562252178000;3;593.91
1380556833984591;46.7;31.5;Thu Jul 04 2019 16:57:48 GMT+0200 (CEST);Thu Jul 04 2019 14:57:48 GMT+0200 (CEST);1562252268000;3;586.23
1380556833984591;46.7;31.4;Thu Jul 04 2019 16:59:19 GMT+0200 (CEST);Thu Jul 04 2019 14:59:19 GMT+0200 (CEST);1562252359000;2.9;583.67
1380556833984591;44.7;31.5;Thu Jul 04 2019 17:00:55 GMT+0200 (CEST);Thu Jul 04 2019 15:00:55 GMT+0200 (CEST);1562252455000;2.8;573.43
1380556833984591;44.7;31.6;Thu Jul 04 2019 17:02:25 GMT+0200 (CEST);Thu Jul 04 2019 15:02:25 GMT+0200 (CEST);1562252545000;2.9;570.87
1380556833984591;44.7;31.4;Thu Jul 04 2019 17:04:02 GMT+0200 (CEST);Thu Jul 04 2019 15:04:02 GMT+0200 (CEST);1562252642000;2.8;565.75
1380556833984591;44.7;31.3;Thu Jul 04 2019 17:05:34 GMT+0200 (CEST);Thu Jul 04 2019 15:05:34 GMT+0200 (CEST);1562252734000;2.8;560.63
1380556833984591;44.7;31.4;Thu Jul 04 2019 17:07:04 GMT+0200 (CEST);Thu Jul 04 2019 15:07:04 GMT+0200 (CEST);1562252824000;2.8;552.95
1380556833984591;44.7;31.4;Thu Jul 04 2019 17:08:34 GMT+0200 (CEST);Thu Jul 04 2019 15:08:34 GMT+0200 (CEST);1562252914000;2.8;545.27
1380556833984591;44.7;31.5;Thu Jul 04 2019 17:10:14 GMT+0200 (CEST);Thu Jul 04 2019 15:10:14 GMT+0200 (CEST);1562253014000;2.7;542.71
1380556833984591;44.7;31.6;Thu Jul 04 2019 17:11:44 GMT+0200 (CEST);Thu Jul 04 2019 15:11:44 GMT+0200 (CEST);1562253104000;2.7;535.03
1380556833984591;44.7;31.2;Thu Jul 04 2019 17:13:14 GMT+0200 (CEST);Thu Jul 04 2019 15:13:14 GMT+0200 (CEST);1562253194000;2.7;529.91
1380556833984591;43.1;31.3;Thu Jul 04 2019 17:14:46 GMT+0200 (CEST);Thu Jul 04 2019 15:14:46 GMT+0200 (CEST);1562253286000;2.7;524.79
1380556833984591;43.1;31.6;Thu Jul 04 2019 17:16:17 GMT+0200 (CEST);Thu Jul 04 2019 15:16:17 GMT+0200 (CEST);1562253377000;2.6;517.11
1380556833984591;43.1;31.5;Thu Jul 04 2019 17:17:47 GMT+0200 (CEST);Thu Jul 04 2019 15:17:47 GMT+0200 (CEST);1562253467000;2.6;514.55
1380556833984591;43.1;31.7;Thu Jul 04 2019 17:19:16 GMT+0200 (CEST);Thu Jul 04 2019 15:19:16 GMT+0200 (CEST);1562253556000;2.6;509.43
1380556833984591;42.6;31.7;Thu Jul 04 2019 17:20:53 GMT+0200 (CEST);Thu Jul 04 2019 15:20:53 GMT+0200 (CEST);1562253653000;2.5;501.75
1380556833984591;42.6;31.8;Thu Jul 04 2019 17:22:23 GMT+0200 (CEST);Thu Jul 04 2019 15:22:23 GMT+0200 (CEST);1562253743000;2.4;496.63
1380556833984591;42.6;31.8;Thu Jul 04 2019 17:23:53 GMT+0200 (CEST);Thu Jul 04 2019 15:23:53 GMT+0200 (CEST);1562253833000;2.5;491.51
1380556833984591;42.6;31.8;Thu Jul 04 2019 17:25:30 GMT+0200 (CEST);Thu Jul 04 2019 15:25:30 GMT+0200 (CEST);1562253930000;2.4;488.95
1380556833984591;42.6;32.1;Thu Jul 04 2019 17:27:01 GMT+0200 (CEST);Thu Jul 04 2019 15:27:01 GMT+0200 (CEST);1562254021000;2.4;483.83
1380556833984591;42.6;32.5;Thu Jul 04 2019 17:28:31 GMT+0200 (CEST);Thu Jul 04 2019 15:28:31 GMT+0200 (CEST);1562254111000;2.3;478.71
1380556833984591;42.1;32.8;Thu Jul 04 2019 17:30:11 GMT+0200 (CEST);Thu Jul 04 2019 15:30:11 GMT+0200 (CEST);1562254211000;2.3;468.47
1380556833984591;42.1;33.1;Thu Jul 04 2019 17:31:43 GMT+0200 (CEST);Thu Jul 04 2019 15:31:43 GMT+0200 (CEST);1562254303000;2.3;460.79
1380556833984591;42.1;33.1;Thu Jul 04 2019 17:33:39 GMT+0200 (CEST);Thu Jul 04 2019 15:33:39 GMT+0200 (CEST);1562254419000;2.1;455.67
1380556833984591;41.6;32.9;Thu Jul 04 2019 17:35:10 GMT+0200 (CEST);Thu Jul 04 2019 15:35:10 GMT+0200 (CEST);1562254510000;2.2;453.11
1380556833984591;41.6;32.5;Thu Jul 04 2019 17:36:39 GMT+0200 (CEST);Thu Jul 04 2019 15:36:39 GMT+0200 (CEST);1562254599000;2.2;445.43
1380556833984591;41.6;32.9;Thu Jul 04 2019 17:38:10 GMT+0200 (CEST);Thu Jul 04 2019 15:38:10 GMT+0200 (CEST);1562254690000;2.2;440.31
1380556833984591;42.6;32.7;Thu Jul 04 2019 17:39:43 GMT+0200 (CEST);Thu Jul 04 2019 15:39:43 GMT+0200 (CEST);1562254783000;2.1;437.75
1380556833984591;42.6;33.1;Thu Jul 04 2019 17:41:13 GMT+0200 (CEST);Thu Jul 04 2019 15:41:13 GMT+0200 (CEST);1562254873000;2.1;432.63
1380556833984591;42.6;33.3;Thu Jul 04 2019 17:42:43 GMT+0200 (CEST);Thu Jul 04 2019 15:42:43 GMT+0200 (CEST);1562254963000;2;427.51
1380556833984591;41.1;33.4;Thu Jul 04 2019 17:44:14 GMT+0200 (CEST);Thu Jul 04 2019 15:44:14 GMT+0200 (CEST);1562255054000;2;422.39
1380556833984591;41.1;33.4;Thu Jul 04 2019 17:45:44 GMT+0200 (CEST);Thu Jul 04 2019 15:45:44 GMT+0200 (CEST);1562255144000;1.9;414.71
1380556833984591;41.1;33.4;Thu Jul 04 2019 17:47:35 GMT+0200 (CEST);Thu Jul 04 2019 15:47:35 GMT+0200 (CEST);1562255255000;1.9;407.03
1380556833984591;41.1;33.4;Thu Jul 04 2019 17:49:08 GMT+0200 (CEST);Thu Jul 04 2019 15:49:08 GMT+0200 (CEST);1562255348000;1.9;404.47
1380556833984591;41.1;33.5;Thu Jul 04 2019 17:50:37 GMT+0200 (CEST);Thu Jul 04 2019 15:50:37 GMT+0200 (CEST);1562255437000;1.9;399.35
1380556833984591;41.1;33.6;Thu Jul 04 2019 17:52:09 GMT+0200 (CEST);Thu Jul 04 2019 15:52:09 GMT+0200 (CEST);1562255529000;1.8;394.23
1380556833984591;41.1;33.6;Thu Jul 04 2019 17:53:39 GMT+0200 (CEST);Thu Jul 04 2019 15:53:39 GMT+0200 (CEST);1562255619000;1.8;386.55
1380556833984591;41.1;33.5;Thu Jul 04 2019 17:55:26 GMT+0200 (CEST);Thu Jul 04 2019 15:55:26 GMT+0200 (CEST);1562255726000;1.8;383.99
1380556833984591;41.1;33.7;Thu Jul 04 2019 17:56:59 GMT+0200 (CEST);Thu Jul 04 2019 15:56:59 GMT+0200 (CEST);1562255819000;1.8;378.87
1380556833984591;41.1;33.6;Thu Jul 04 2019 17:58:30 GMT+0200 (CEST);Thu Jul 04 2019 15:58:30 GMT+0200 (CEST);1562255910000;1.7;373.75
1380556833984591;41.1;33.8;Thu Jul 04 2019 18:00:04 GMT+0200 (CEST);Thu Jul 04 2019 16:00:04 GMT+0200 (CEST);1562256004000;1.7;366.07
1380556833984591;41.1;33.6;Thu Jul 04 2019 18:01:50 GMT+0200 (CEST);Thu Jul 04 2019 16:01:50 GMT+0200 (CEST);1562256110000;1.6;360.95
1380556833984591;39.1;33.6;Thu Jul 04 2019 18:03:21 GMT+0200 (CEST);Thu Jul 04 2019 16:03:21 GMT+0200 (CEST);1562256201000;1.6;355.83
1380556833984591;39.1;33.3;Thu Jul 04 2019 18:04:51 GMT+0200 (CEST);Thu Jul 04 2019 16:04:51 GMT+0200 (CEST);1562256291000;1.6;348.15
1380556833984591;39.1;33.5;Thu Jul 04 2019 18:06:22 GMT+0200 (CEST);Thu Jul 04 2019 16:06:22 GMT+0200 (CEST);1562256382000;1.6;343.03
1380556833984591;39.1;33.5;Thu Jul 04 2019 18:07:52 GMT+0200 (CEST);Thu Jul 04 2019 16:07:52 GMT+0200 (CEST);1562256472000;1.6;335.35
1380556833984591;39.1;33.5;Thu Jul 04 2019 18:09:30 GMT+0200 (CEST);Thu Jul 04 2019 16:09:30 GMT+0200 (CEST);1562256570000;1.5;332.79
1380556833984591;39.1;33.8;Thu Jul 04 2019 18:11:00 GMT+0200 (CEST);Thu Jul 04 2019 16:11:00 GMT+0200 (CEST);1562256660000;1.5;323.75
1380556833984591;39.1;33.6;Thu Jul 04 2019 18:12:29 GMT+0200 (CEST);Thu Jul 04 2019 16:12:29 GMT+0200 (CEST);1562256749000;1.4;319.18
1380556833984591;39.1;33.6;Thu Jul 04 2019 18:13:59 GMT+0200 (CEST);Thu Jul 04 2019 16:13:59 GMT+0200 (CEST);1562256839000;1.4;313.41
1380556833984591;39.1;33.6;Thu Jul 04 2019 18:15:30 GMT+0200 (CEST);Thu Jul 04 2019 16:15:30 GMT+0200 (CEST);1562256930000;1.4;310.34
1380556833984591;39.1;34;Thu Jul 04 2019 18:17:02 GMT+0200 (CEST);Thu Jul 04 2019 16:17:02 GMT+0200 (CEST);1562257022000;1.3;303.77
1380556833984591;38.6;34;Thu Jul 04 2019 18:18:32 GMT+0200 (CEST);Thu Jul 04 2019 16:18:32 GMT+0200 (CEST);1562257112000;1.3;299.99
1380556833984591;38.6;33.5;Thu Jul 04 2019 18:20:19 GMT+0200 (CEST);Thu Jul 04 2019 16:20:19 GMT+0200 (CEST);1562257219000;1.3;292.99
1380556833984591;38.6;33.6;Thu Jul 04 2019 18:21:49 GMT+0200 (CEST);Thu Jul 04 2019 16:21:49 GMT+0200 (CEST);1562257309000;1.3;281.5
1380556833984591;38.6;33.5;Thu Jul 04 2019 18:23:19 GMT+0200 (CEST);Thu Jul 04 2019 16:23:19 GMT+0200 (CEST);1562257399000;1.3;231.47
1380556833984591;38.6;34;Thu Jul 04 2019 18:24:51 GMT+0200 (CEST);Thu Jul 04 2019 16:24:51 GMT+0200 (CEST);1562257491000;1.3;250.82
1380556833984591;38.6;33.2;Thu Jul 04 2019 18:26:20 GMT+0200 (CEST);Thu Jul 04 2019 16:26:20 GMT+0200 (CEST);1562257580000;1.2;271.5
1380556833984591;37.1;33.8;Thu Jul 04 2019 18:27:51 GMT+0200 (CEST);Thu Jul 04 2019 16:27:51 GMT+0200 (CEST);1562257671000;1.2;267.9
1380556833984591;37.1;33.7;Thu Jul 04 2019 18:29:23 GMT+0200 (CEST);Thu Jul 04 2019 16:29:23 GMT+0200 (CEST);1562257763000;1.2;261.59
1380556833984591;37.1;33.5;Thu Jul 04 2019 18:30:56 GMT+0200 (CEST);Thu Jul 04 2019 16:30:56 GMT+0200 (CEST);1562257856000;1.1;257.74
1380556833984591;37.1;33.6;Thu Jul 04 2019 18:32:29 GMT+0200 (CEST);Thu Jul 04 2019 16:32:29 GMT+0200 (CEST);1562257949000;1.1;251.05
1380556833984591;37.1;33.7;Thu Jul 04 2019 18:33:59 GMT+0200 (CEST);Thu Jul 04 2019 16:33:59 GMT+0200 (CEST);1562258039000;1.1;244.67
1380556833984591;37.1;33.4;Thu Jul 04 2019 18:35:31 GMT+0200 (CEST);Thu Jul 04 2019 16:35:31 GMT+0200 (CEST);1562258131000;1.1;241.16
1380556833984591;37.1;33.8;Thu Jul 04 2019 18:37:07 GMT+0200 (CEST);Thu Jul 04 2019 16:37:07 GMT+0200 (CEST);1562258227000;1;235.43
1380556833984591;36.6;33.6;Thu Jul 04 2019 18:38:37 GMT+0200 (CEST);Thu Jul 04 2019 16:38:37 GMT+0200 (CEST);1562258317000;1;228.33
1380556833984591;36.6;33.8;Thu Jul 04 2019 18:40:07 GMT+0200 (CEST);Thu Jul 04 2019 16:40:07 GMT+0200 (CEST);1562258407000;1;224.29
1380556833984591;36.6;33.7;Thu Jul 04 2019 18:41:37 GMT+0200 (CEST);Thu Jul 04 2019 16:41:37 GMT+0200 (CEST);1562258497000;0.9;217.54
1380556833984591;36.6;33.3;Thu Jul 04 2019 18:43:07 GMT+0200 (CEST);Thu Jul 04 2019 16:43:07 GMT+0200 (CEST);1562258587000;0.9;215.12
1380556833984591;36.6;33.2;Thu Jul 04 2019 18:44:48 GMT+0200 (CEST);Thu Jul 04 2019 16:44:48 GMT+0200 (CEST);1562258688000;0.9;209.97
1380556833984591;35.1;33.2;Thu Jul 04 2019 18:46:19 GMT+0200 (CEST);Thu Jul 04 2019 16:46:19 GMT+0200 (CEST);1562258779000;0.9;207.21
1380556833984591;35.1;33.4;Thu Jul 04 2019 18:47:50 GMT+0200 (CEST);Thu Jul 04 2019 16:47:50 GMT+0200 (CEST);1562258870000;0.8;191.98
1380556833984591;35.1;33.4;Thu Jul 04 2019 18:49:22 GMT+0200 (CEST);Thu Jul 04 2019 16:49:22 GMT+0200 (CEST);1562258962000;0.8;195.94
1380556833984591;36.6;33.5;Thu Jul 04 2019 18:51:40 GMT+0200 (CEST);Thu Jul 04 2019 16:51:40 GMT+0200 (CEST);1562259100000;0.8;188.01
1380556833984591;36.6;33.5;Thu Jul 04 2019 18:53:10 GMT+0200 (CEST);Thu Jul 04 2019 16:53:10 GMT+0200 (CEST);1562259190000;0.7;184.18
1380556833984591;36.6;33.6;Thu Jul 04 2019 18:54:47 GMT+0200 (CEST);Thu Jul 04 2019 16:54:47 GMT+0200 (CEST);1562259287000;0.7;171.9
1380556833984591;35.1;33.6;Thu Jul 04 2019 18:56:18 GMT+0200 (CEST);Thu Jul 04 2019 16:56:18 GMT+0200 (CEST);1562259378000;0.7;167.4
1380556833984591;35.1;33.6;Thu Jul 04 2019 18:57:48 GMT+0200 (CEST);Thu Jul 04 2019 16:57:48 GMT+0200 (CEST);1562259468000;0.7;169.44
1380556833984591;35.1;33.6;Thu Jul 04 2019 18:59:30 GMT+0200 (CEST);Thu Jul 04 2019 16:59:30 GMT+0200 (CEST);1562259570000;0.6;168.72
1380556833984591;35.1;33.7;Thu Jul 04 2019 19:01:03 GMT+0200 (CEST);Thu Jul 04 2019 17:01:03 GMT+0200 (CEST);1562259663000;0.6;163.38
1380556833984591;34.6;33.9;Thu Jul 04 2019 19:02:34 GMT+0200 (CEST);Thu Jul 04 2019 17:02:34 GMT+0200 (CEST);1562259754000;0.6;159.78
1380556833984591;34.6;33.8;Thu Jul 04 2019 19:04:04 GMT+0200 (CEST);Thu Jul 04 2019 17:04:04 GMT+0200 (CEST);1562259844000;0.6;156.96
1380556833984591;34.6;33.8;Thu Jul 04 2019 19:05:34 GMT+0200 (CEST);Thu Jul 04 2019 17:05:34 GMT+0200 (CEST);1562259934000;0.6;151.73
1380556833984591;34.6;33.8;Thu Jul 04 2019 19:07:45 GMT+0200 (CEST);Thu Jul 04 2019 17:07:45 GMT+0200 (CEST);1562260065000;0.5;146.43
1380556833984591;34.6;33.8;Thu Jul 04 2019 19:09:16 GMT+0200 (CEST);Thu Jul 04 2019 17:09:16 GMT+0200 (CEST);1562260156000;0.5;141.2
1380556833984591;34.6;33.9;Thu Jul 04 2019 19:10:46 GMT+0200 (CEST);Thu Jul 04 2019 17:10:46 GMT+0200 (CEST);1562260246000;0.5;138.03
1380556833984591;34.6;34;Thu Jul 04 2019 19:12:19 GMT+0200 (CEST);Thu Jul 04 2019 17:12:19 GMT+0200 (CEST);1562260339000;0.5;135.16
1380556833984591;34.6;34;Thu Jul 04 2019 19:13:49 GMT+0200 (CEST);Thu Jul 04 2019 17:13:49 GMT+0200 (CEST);1562260429000;0.4;129.52
1380556833984591;34.6;34.1;Thu Jul 04 2019 19:15:18 GMT+0200 (CEST);Thu Jul 04 2019 17:15:18 GMT+0200 (CEST);1562260518000;0.4;124.55
1380556833984591;34.6;34.1;Thu Jul 04 2019 19:16:48 GMT+0200 (CEST);Thu Jul 04 2019 17:16:48 GMT+0200 (CEST);1562260608000;0.4;121.31
1380556833984591;34.6;34;Thu Jul 04 2019 19:18:24 GMT+0200 (CEST);Thu Jul 04 2019 17:18:24 GMT+0200 (CEST);1562260704000;0.4;115.63
1380556833984591;32.1;34;Thu Jul 04 2019 19:20:28 GMT+0200 (CEST);Thu Jul 04 2019 17:20:28 GMT+0200 (CEST);1562260828000;0.4;108.72
1380556833984591;32.1;34.1;Thu Jul 04 2019 19:21:58 GMT+0200 (CEST);Thu Jul 04 2019 17:21:58 GMT+0200 (CEST);1562260918000;0.3;107.84
1380556833984591;32.1;34;Thu Jul 04 2019 19:23:35 GMT+0200 (CEST);Thu Jul 04 2019 17:23:35 GMT+0200 (CEST);1562261015000;0.3;105.7
1380556833984591;32.1;34;Thu Jul 04 2019 19:25:06 GMT+0200 (CEST);Thu Jul 04 2019 17:25:06 GMT+0200 (CEST);1562261106000;0.3;101.99
1380556833984591;32.1;33.9;Thu Jul 04 2019 19:26:35 GMT+0200 (CEST);Thu Jul 04 2019 17:26:35 GMT+0200 (CEST);1562261195000;0.3;98.36
1380556833984591;32.1;33.9;Thu Jul 04 2019 19:28:07 GMT+0200 (CEST);Thu Jul 04 2019 17:28:07 GMT+0200 (CEST);1562261287000;0.3;94.05
1380556833984591;32.1;33.8;Thu Jul 04 2019 19:29:52 GMT+0200 (CEST);Thu Jul 04 2019 17:29:52 GMT+0200 (CEST);1562261392000;0.3;88.98
1380556833984591;32.1;33.6;Thu Jul 04 2019 19:31:27 GMT+0200 (CEST);Thu Jul 04 2019 17:31:27 GMT+0200 (CEST);1562261487000;0.2;85.86
1380556833984591;32.1;33.6;Thu Jul 04 2019 19:33:03 GMT+0200 (CEST);Thu Jul 04 2019 17:33:03 GMT+0200 (CEST);1562261583000;0.2;80.74
1380556833984591;32.1;33.6;Thu Jul 04 2019 19:34:35 GMT+0200 (CEST);Thu Jul 04 2019 17:34:35 GMT+0200 (CEST);1562261675000;0.2;75.52
1380556833984591;32.1;33.4;Thu Jul 04 2019 19:36:52 GMT+0200 (CEST);Thu Jul 04 2019 17:36:52 GMT+0200 (CEST);1562261812000;0.2;69.46
1380556833984591;32.1;33.6;Thu Jul 04 2019 19:38:39 GMT+0200 (CEST);Thu Jul 04 2019 17:38:39 GMT+0200 (CEST);1562261919000;0.2;66.95
1380556833984591;31.1;33.8;Thu Jul 04 2019 19:40:16 GMT+0200 (CEST);Thu Jul 04 2019 17:40:16 GMT+0200 (CEST);1562262016000;0.2;63.57
1380556833984591;31.1;34;Thu Jul 04 2019 19:42:02 GMT+0200 (CEST);Thu Jul 04 2019 17:42:02 GMT+0200 (CEST);1562262122000;0.2;60.28
1380556833984591;31.1;33.9;Thu Jul 04 2019 19:43:58 GMT+0200 (CEST);Thu Jul 04 2019 17:43:58 GMT+0200 (CEST);1562262238000;0.1;55.91
1380556833984591;31.1;33.2;Thu Jul 04 2019 19:45:28 GMT+0200 (CEST);Thu Jul 04 2019 17:45:28 GMT+0200 (CEST);1562262328000;0.1;52.13
1380556833984591;31.1;33;Thu Jul 04 2019 19:47:01 GMT+0200 (CEST);Thu Jul 04 2019 17:47:01 GMT+0200 (CEST);1562262421000;0.1;48.31
1380556833984591;30.5;32.8;Thu Jul 04 2019 19:48:32 GMT+0200 (CEST);Thu Jul 04 2019 17:48:32 GMT+0200 (CEST);1562262512000;0.1;45.84
1380556833984591;30.5;32.5;Thu Jul 04 2019 19:50:05 GMT+0200 (CEST);Thu Jul 04 2019 17:50:05 GMT+0200 (CEST);1562262605000;0.1;43.39
1380556833984591;30.5;32.5;Thu Jul 04 2019 19:51:58 GMT+0200 (CEST);Thu Jul 04 2019 17:51:58 GMT+0200 (CEST);1562262718000;0.1;41.98
1380556833984591;30.5;32.3;Thu Jul 04 2019 19:53:34 GMT+0200 (CEST);Thu Jul 04 2019 17:53:34 GMT+0200 (CEST);1562262814000;0.1;41.05
1380556833984591;30.5;31.8;Thu Jul 04 2019 19:55:11 GMT+0200 (CEST);Thu Jul 04 2019 17:55:11 GMT+0200 (CEST);1562262911000;0.1;33.74
1380556833984591;30.5;31.3;Thu Jul 04 2019 19:56:42 GMT+0200 (CEST);Thu Jul 04 2019 17:56:42 GMT+0200 (CEST);1562263002000;0.1;33.29
1380556833984591;30.5;31.2;Thu Jul 04 2019 19:58:16 GMT+0200 (CEST);Thu Jul 04 2019 17:58:16 GMT+0200 (CEST);1562263096000;0.1;33.75
1380556833984591;30.5;31;Thu Jul 04 2019 19:59:49 GMT+0200 (CEST);Thu Jul 04 2019 17:59:49 GMT+0200 (CEST);1562263189000;0.1;37.01
1380556833984591;30.5;31.1;Thu Jul 04 2019 20:01:20 GMT+0200 (CEST);Thu Jul 04 2019 18:01:20 GMT+0200 (CEST);1562263280000;0.1;39.91
1380556833984591;30.5;31.2;Thu Jul 04 2019 20:02:52 GMT+0200 (CEST);Thu Jul 04 2019 18:02:52 GMT+0200 (CEST);1562263372000;0.1;40.18
1380556833984591;29;31.2;Thu Jul 04 2019 20:04:24 GMT+0200 (CEST);Thu Jul 04 2019 18:04:24 GMT+0200 (CEST);1562263464000;0.1;38.21
1380556833984591;29;31.2;Thu Jul 04 2019 20:05:54 GMT+0200 (CEST);Thu Jul 04 2019 18:05:54 GMT+0200 (CEST);1562263554000;0.1;37.58
1380556833984591;29;31.1;Thu Jul 04 2019 20:07:27 GMT+0200 (CEST);Thu Jul 04 2019 18:07:27 GMT+0200 (CEST);1562263647000;0.1;38.03
1380556833984591;29.5;31.2;Thu Jul 04 2019 20:08:57 GMT+0200 (CEST);Thu Jul 04 2019 18:08:57 GMT+0200 (CEST);1562263737000;0.1;37.57
1380556833984591;29.5;31.3;Thu Jul 04 2019 20:10:35 GMT+0200 (CEST);Thu Jul 04 2019 18:10:35 GMT+0200 (CEST);1562263835000;0.1;37.88
1380556833984591;29.5;31.2;Thu Jul 04 2019 20:12:09 GMT+0200 (CEST);Thu Jul 04 2019 18:12:09 GMT+0200 (CEST);1562263929000;0.1;37.1
1380556833984591;28.5;31.3;Thu Jul 04 2019 20:13:39 GMT+0200 (CEST);Thu Jul 04 2019 18:13:39 GMT+0200 (CEST);1562264019000;0.1;36.27
1380556833984591;28.5;31.1;Thu Jul 04 2019 20:15:18 GMT+0200 (CEST);Thu Jul 04 2019 18:15:18 GMT+0200 (CEST);1562264118000;0.1;34.28
1380556833984591;28.5;31;Thu Jul 04 2019 20:17:00 GMT+0200 (CEST);Thu Jul 04 2019 18:17:00 GMT+0200 (CEST);1562264220000;0.1;26.73
1380556833984591;28.5;30.9;Thu Jul 04 2019 20:18:32 GMT+0200 (CEST);Thu Jul 04 2019 18:18:32 GMT+0200 (CEST);1562264312000;0.1;24.86
1380556833984591;28.5;30.7;Thu Jul 04 2019 20:20:03 GMT+0200 (CEST);Thu Jul 04 2019 18:20:03 GMT+0200 (CEST);1562264403000;0.1;23.8
1380556833984591;28.5;31.1;Thu Jul 04 2019 20:21:34 GMT+0200 (CEST);Thu Jul 04 2019 18:21:34 GMT+0200 (CEST);1562264494000;0.1;24.4
1380556833984591;28.5;31.1;Thu Jul 04 2019 20:23:06 GMT+0200 (CEST);Thu Jul 04 2019 18:23:06 GMT+0200 (CEST);1562264586000;0.1;25.01
1380556833984591;28.5;31.1;Thu Jul 04 2019 20:24:48 GMT+0200 (CEST);Thu Jul 04 2019 18:24:48 GMT+0200 (CEST);1562264688000;0.1;25.04
1380556833984591;28.5;30.6;Thu Jul 04 2019 20:26:22 GMT+0200 (CEST);Thu Jul 04 2019 18:26:22 GMT+0200 (CEST);1562264782000;0.1;23.12
1380556833984591;27;30.2;Thu Jul 04 2019 20:27:52 GMT+0200 (CEST);Thu Jul 04 2019 18:27:52 GMT+0200 (CEST);1562264872000;0;21.43
1380556833984591;27;29.4;Thu Jul 04 2019 20:29:22 GMT+0200 (CEST);Thu Jul 04 2019 18:29:22 GMT+0200 (CEST);1562264962000;0;20.89
1380556833984591;27;29.9;Thu Jul 04 2019 20:30:53 GMT+0200 (CEST);Thu Jul 04 2019 18:30:53 GMT+0200 (CEST);1562265053000;0;19.22
1380556833984591;27;29.5;Thu Jul 04 2019 20:32:23 GMT+0200 (CEST);Thu Jul 04 2019 18:32:23 GMT+0200 (CEST);1562265143000;0;17.99
1380556833984591;27;29.4;Thu Jul 04 2019 20:33:55 GMT+0200 (CEST);Thu Jul 04 2019 18:33:55 GMT+0200 (CEST);1562265235000;0;16.58
1380556833984591;27;29.6;Thu Jul 04 2019 20:35:26 GMT+0200 (CEST);Thu Jul 04 2019 18:35:26 GMT+0200 (CEST);1562265326000;0;16.04
1380556833984591;26.5;29.2;Thu Jul 04 2019 20:36:58 GMT+0200 (CEST);Thu Jul 04 2019 18:36:58 GMT+0200 (CEST);1562265418000;0;15.34
1380556833984591;26.5;29.5;Thu Jul 04 2019 20:38:43 GMT+0200 (CEST);Thu Jul 04 2019 18:38:43 GMT+0200 (CEST);1562265523000;0;14.65
1380556833984591;26.5;28.5;Thu Jul 04 2019 20:40:13 GMT+0200 (CEST);Thu Jul 04 2019 18:40:13 GMT+0200 (CEST);1562265613000;0;14.03
1380556833984591;26.5;28.4;Thu Jul 04 2019 20:41:43 GMT+0200 (CEST);Thu Jul 04 2019 18:41:43 GMT+0200 (CEST);1562265703000;0;13.83
1380556833984591;26.5;28.4;Thu Jul 04 2019 20:43:13 GMT+0200 (CEST);Thu Jul 04 2019 18:43:13 GMT+0200 (CEST);1562265793000;0;13.5
1380556833984591;26.5;27.7;Thu Jul 04 2019 20:44:52 GMT+0200 (CEST);Thu Jul 04 2019 18:44:52 GMT+0200 (CEST);1562265892000;0;12.55
1380556833984591;25;27.8;Thu Jul 04 2019 20:46:29 GMT+0200 (CEST);Thu Jul 04 2019 18:46:29 GMT+0200 (CEST);1562265989000;0;11.45
1380556833984591;25;26.9;Thu Jul 04 2019 20:48:00 GMT+0200 (CEST);Thu Jul 04 2019 18:48:00 GMT+0200 (CEST);1562266080000;0;10.72
1380556833984591;25;27.8;Thu Jul 04 2019 20:49:31 GMT+0200 (CEST);Thu Jul 04 2019 18:49:31 GMT+0200 (CEST);1562266171000;0;10.16
1380556833984591;24.5;27.7;Thu Jul 04 2019 20:51:01 GMT+0200 (CEST);Thu Jul 04 2019 18:51:01 GMT+0200 (CEST);1562266261000;0;9.34
1380556833984591;24.5;29.3;Thu Jul 04 2019 20:52:44 GMT+0200 (CEST);Thu Jul 04 2019 18:52:44 GMT+0200 (CEST);1562266364000;0;9.44
1380556833984591;24.5;28.8;Thu Jul 04 2019 20:54:15 GMT+0200 (CEST);Thu Jul 04 2019 18:54:15 GMT+0200 (CEST);1562266455000;0;9.32
1380556833984591;25;29.3;Thu Jul 04 2019 20:55:47 GMT+0200 (CEST);Thu Jul 04 2019 18:55:47 GMT+0200 (CEST);1562266547000;0;9.34
1380556833984591;25;29.5;Thu Jul 04 2019 20:57:18 GMT+0200 (CEST);Thu Jul 04 2019 18:57:18 GMT+0200 (CEST);1562266638000;0;9.21
1380556833984591;25;28.4;Thu Jul 04 2019 20:58:48 GMT+0200 (CEST);Thu Jul 04 2019 18:58:48 GMT+0200 (CEST);1562266728000;0;8.75
1380556833984591;24.5;27.7;Thu Jul 04 2019 21:00:24 GMT+0200 (CEST);Thu Jul 04 2019 19:00:24 GMT+0200 (CEST);1562266824000;0;8.2
1380556833984591;24.5;25.7;Thu Jul 04 2019 21:01:59 GMT+0200 (CEST);Thu Jul 04 2019 19:01:59 GMT+0200 (CEST);1562266919000;0;7.85
1380556833984591;24.5;24.6;Thu Jul 04 2019 21:03:29 GMT+0200 (CEST);Thu Jul 04 2019 19:03:29 GMT+0200 (CEST);1562267009000;0;7.77
1380556833984591;23;25.9;Thu Jul 04 2019 21:05:08 GMT+0200 (CEST);Thu Jul 04 2019 19:05:08 GMT+0200 (CEST);1562267108000;0;6.82
1380556833984591;23;26.4;Thu Jul 04 2019 21:06:39 GMT+0200 (CEST);Thu Jul 04 2019 19:06:39 GMT+0200 (CEST);1562267199000;0;5.94
1380556833984591;23;25.8;Thu Jul 04 2019 21:08:08 GMT+0200 (CEST);Thu Jul 04 2019 19:08:08 GMT+0200 (CEST);1562267288000;0;5.07
1380556833984591;23;25;Thu Jul 04 2019 21:09:53 GMT+0200 (CEST);Thu Jul 04 2019 19:09:53 GMT+0200 (CEST);1562267393000;0;4.56
1380556833984591;23;23.7;Thu Jul 04 2019 21:11:24 GMT+0200 (CEST);Thu Jul 04 2019 19:11:24 GMT+0200 (CEST);1562267484000;0;3.66
1380556833984591;23;24;Thu Jul 04 2019 21:12:54 GMT+0200 (CEST);Thu Jul 04 2019 19:12:54 GMT+0200 (CEST);1562267574000;0;3.13
1380556833984591;21;23;Thu Jul 04 2019 21:14:25 GMT+0200 (CEST);Thu Jul 04 2019 19:14:25 GMT+0200 (CEST);1562267665000;0;2.43
1380556833984591;21;31.2;Thu Jul 04 2019 21:15:55 GMT+0200 (CEST);Thu Jul 04 2019 19:15:55 GMT+0200 (CEST);1562267755000;0;1.89
1380556833984591;21;30.6;Thu Jul 04 2019 21:17:26 GMT+0200 (CEST);Thu Jul 04 2019 19:17:26 GMT+0200 (CEST);1562267846000;0;1.17
1380556833984591;21;29.9;Thu Jul 04 2019 21:18:55 GMT+0200 (CEST);Thu Jul 04 2019 19:18:55 GMT+0200 (CEST);1562267935000;0;0.8
1380556833984591;23;28.4;Thu Jul 04 2019 21:20:26 GMT+0200 (CEST);Thu Jul 04 2019 19:20:26 GMT+0200 (CEST);1562268026000;0;0.06
1380556833984591;23;27.8;Thu Jul 04 2019 21:22:09 GMT+0200 (CEST);Thu Jul 04 2019 19:22:09 GMT+0200 (CEST);1562268129000;0;-0.01
1380556833984591;23;27.8;Thu Jul 04 2019 21:23:41 GMT+0200 (CEST);Thu Jul 04 2019 19:23:41 GMT+0200 (CEST);1562268221000;0;-0.01
1380556833984591;23;27.8;Thu Jul 04 2019 21:25:12 GMT+0200 (CEST);Thu Jul 04 2019 19:25:12 GMT+0200 (CEST);1562268312000;0;-0.01
1380556833984591;23;27.8;Thu Jul 04 2019 21:26:42 GMT+0200 (CEST);Thu Jul 04 2019 19:26:42 GMT+0200 (CEST);1562268402000;0;-0.01
1380556833984591;12.9;30.6;Fri Jul 05 2019 05:36:15 GMT+0200 (CEST);Fri Jul 05 2019 03:36:15 GMT+0200 (CEST);1562297775000;0;14.08
1380556833984591;12.9;31.5;Fri Jul 05 2019 05:37:54 GMT+0200 (CEST);Fri Jul 05 2019 03:37:54 GMT+0200 (CEST);1562297874000;0;15.74
1380556833984591;12.9;33.6;Fri Jul 05 2019 05:39:23 GMT+0200 (CEST);Fri Jul 05 2019 03:39:23 GMT+0200 (CEST);1562297963000;0;17.13
1380556833984591;15.9;34;Fri Jul 05 2019 05:40:54 GMT+0200 (CEST);Fri Jul 05 2019 03:40:54 GMT+0200 (CEST);1562298054000;0;19.08
1380556833984591;15.9;34.9;Fri Jul 05 2019 05:42:40 GMT+0200 (CEST);Fri Jul 05 2019 03:42:40 GMT+0200 (CEST);1562298160000;0;20.92
1380556833984591;15.9;36.1;Fri Jul 05 2019 05:44:11 GMT+0200 (CEST);Fri Jul 05 2019 03:44:11 GMT+0200 (CEST);1562298251000;0;22.24
1380556833984591;18.5;36.3;Fri Jul 05 2019 05:45:42 GMT+0200 (CEST);Fri Jul 05 2019 03:45:42 GMT+0200 (CEST);1562298342000;0;23.04
1380556833984591;18.5;36.8;Fri Jul 05 2019 05:47:14 GMT+0200 (CEST);Fri Jul 05 2019 03:47:14 GMT+0200 (CEST);1562298434000;0;24.12
1380556833984591;18.5;36.6;Fri Jul 05 2019 05:49:04 GMT+0200 (CEST);Fri Jul 05 2019 03:49:04 GMT+0200 (CEST);1562298544000;0;24.85
1380556833984591;19;36.8;Fri Jul 05 2019 05:50:39 GMT+0200 (CEST);Fri Jul 05 2019 03:50:39 GMT+0200 (CEST);1562298639000;0;24.5
1380556833984591;19;36.5;Fri Jul 05 2019 05:52:11 GMT+0200 (CEST);Fri Jul 05 2019 03:52:11 GMT+0200 (CEST);1562298731000;0;24.75
1380556833984591;19;37.2;Fri Jul 05 2019 05:53:41 GMT+0200 (CEST);Fri Jul 05 2019 03:53:41 GMT+0200 (CEST);1562298821000;0;25.4
1380556833984591;20.5;37.2;Fri Jul 05 2019 05:55:14 GMT+0200 (CEST);Fri Jul 05 2019 03:55:14 GMT+0200 (CEST);1562298914000;0;26.03
1380556833984591;20.5;37.2;Fri Jul 05 2019 05:56:46 GMT+0200 (CEST);Fri Jul 05 2019 03:56:46 GMT+0200 (CEST);1562299006000;0;25.98
1380556833984591;20.5;37.2;Fri Jul 05 2019 05:58:18 GMT+0200 (CEST);Fri Jul 05 2019 03:58:18 GMT+0200 (CEST);1562299098000;0;26.3
1380556833984591;21;37.2;Fri Jul 05 2019 05:59:49 GMT+0200 (CEST);Fri Jul 05 2019 03:59:49 GMT+0200 (CEST);1562299189000;0;26.52
1380556833984591;21;36.9;Fri Jul 05 2019 06:01:19 GMT+0200 (CEST);Fri Jul 05 2019 04:01:19 GMT+0200 (CEST);1562299279000;0;26.45
1380556833984591;21;36.2;Fri Jul 05 2019 06:03:08 GMT+0200 (CEST);Fri Jul 05 2019 04:03:08 GMT+0200 (CEST);1562299388000;0;26.38
1380556833984591;20.5;36.7;Fri Jul 05 2019 06:04:41 GMT+0200 (CEST);Fri Jul 05 2019 04:04:41 GMT+0200 (CEST);1562299481000;0;26.13
1380556833984591;20.5;36.8;Fri Jul 05 2019 06:06:15 GMT+0200 (CEST);Fri Jul 05 2019 04:06:15 GMT+0200 (CEST);1562299575000;0;26.05
1380556833984591;20.5;37;Fri Jul 05 2019 06:07:45 GMT+0200 (CEST);Fri Jul 05 2019 04:07:45 GMT+0200 (CEST);1562299665000;0;26.61
1380556833984591;20.5;36.7;Fri Jul 05 2019 06:09:15 GMT+0200 (CEST);Fri Jul 05 2019 04:09:15 GMT+0200 (CEST);1562299755000;0;27.58
1380556833984591;20.5;37.3;Fri Jul 05 2019 06:10:49 GMT+0200 (CEST);Fri Jul 05 2019 04:10:49 GMT+0200 (CEST);1562299849000;0;29.32
1380556833984591;20.5;37.3;Fri Jul 05 2019 06:12:19 GMT+0200 (CEST);Fri Jul 05 2019 04:12:19 GMT+0200 (CEST);1562299939000;0;30.76
1380556833984591;21;37.4;Fri Jul 05 2019 06:13:48 GMT+0200 (CEST);Fri Jul 05 2019 04:13:48 GMT+0200 (CEST);1562300028000;0;32.5
1380556833984591;21;37.6;Fri Jul 05 2019 06:15:18 GMT+0200 (CEST);Fri Jul 05 2019 04:15:18 GMT+0200 (CEST);1562300118000;0;33.88
1380556833984591;21;36.7;Fri Jul 05 2019 06:16:48 GMT+0200 (CEST);Fri Jul 05 2019 04:16:48 GMT+0200 (CEST);1562300208000;0;35.18
1380556833984591;21;36.3;Fri Jul 05 2019 06:18:18 GMT+0200 (CEST);Fri Jul 05 2019 04:18:18 GMT+0200 (CEST);1562300298000;0;36.95
1380556833984591;20.5;36.3;Fri Jul 05 2019 06:19:49 GMT+0200 (CEST);Fri Jul 05 2019 04:19:49 GMT+0200 (CEST);1562300389000;0;38.24
1380556833984591;20.5;36.3;Fri Jul 05 2019 06:21:19 GMT+0200 (CEST);Fri Jul 05 2019 04:21:19 GMT+0200 (CEST);1562300479000;0;40.04
1380556833984591;20.5;36.3;Fri Jul 05 2019 06:22:52 GMT+0200 (CEST);Fri Jul 05 2019 04:22:52 GMT+0200 (CEST);1562300572000;0.1;41.27
1380556833984591;20.5;36.3;Fri Jul 05 2019 06:24:22 GMT+0200 (CEST);Fri Jul 05 2019 04:24:22 GMT+0200 (CEST);1562300662000;0.1;42.24
1380556833984591;20.5;36.3;Fri Jul 05 2019 06:25:52 GMT+0200 (CEST);Fri Jul 05 2019 04:25:52 GMT+0200 (CEST);1562300752000;0.1;43.12
1380556833984591;20.5;36.3;Fri Jul 05 2019 06:27:24 GMT+0200 (CEST);Fri Jul 05 2019 04:27:24 GMT+0200 (CEST);1562300844000;0.1;43.77
1380556833984591;20.5;35.9;Fri Jul 05 2019 06:28:55 GMT+0200 (CEST);Fri Jul 05 2019 04:28:55 GMT+0200 (CEST);1562300935000;0.1;44.56
1380556833984591;20.5;31.8;Fri Jul 05 2019 06:30:27 GMT+0200 (CEST);Fri Jul 05 2019 04:30:27 GMT+0200 (CEST);1562301027000;0.1;45.43
1380556833984591;20.5;31.7;Fri Jul 05 2019 06:31:57 GMT+0200 (CEST);Fri Jul 05 2019 04:31:57 GMT+0200 (CEST);1562301117000;0.2;46.66
1380556833984591;19;31.6;Fri Jul 05 2019 06:33:40 GMT+0200 (CEST);Fri Jul 05 2019 04:33:40 GMT+0200 (CEST);1562301220000;0.2;48.16
1380556833984591;19;31.9;Fri Jul 05 2019 06:35:12 GMT+0200 (CEST);Fri Jul 05 2019 04:35:12 GMT+0200 (CEST);1562301312000;0.2;49.12
1380556833984591;18.5;32;Fri Jul 05 2019 06:36:51 GMT+0200 (CEST);Fri Jul 05 2019 04:36:51 GMT+0200 (CEST);1562301411000;0.2;50.11
1380556833984591;18.5;31.9;Fri Jul 05 2019 06:38:22 GMT+0200 (CEST);Fri Jul 05 2019 04:38:22 GMT+0200 (CEST);1562301502000;0.2;50.86
1380556833984591;18.5;32.1;Fri Jul 05 2019 06:39:53 GMT+0200 (CEST);Fri Jul 05 2019 04:39:53 GMT+0200 (CEST);1562301593000;0.2;51.97
1380556833984591;18.5;32.5;Fri Jul 05 2019 06:41:24 GMT+0200 (CEST);Fri Jul 05 2019 04:41:24 GMT+0200 (CEST);1562301684000;0.2;52.44
1380556833984591;18.5;31.9;Fri Jul 05 2019 06:42:56 GMT+0200 (CEST);Fri Jul 05 2019 04:42:56 GMT+0200 (CEST);1562301776000;0.2;52.87
1380556833984591;18.5;32.1;Fri Jul 05 2019 06:44:26 GMT+0200 (CEST);Fri Jul 05 2019 04:44:26 GMT+0200 (CEST);1562301866000;0.2;53.01
1380556833984591;18.5;31.8;Fri Jul 05 2019 06:46:11 GMT+0200 (CEST);Fri Jul 05 2019 04:46:11 GMT+0200 (CEST);1562301971000;0.2;52.68
1380556833984591;18.5;31.9;Fri Jul 05 2019 06:47:41 GMT+0200 (CEST);Fri Jul 05 2019 04:47:41 GMT+0200 (CEST);1562302061000;0.2;53.47
1380556833984591;18.5;32.1;Fri Jul 05 2019 06:49:12 GMT+0200 (CEST);Fri Jul 05 2019 04:49:12 GMT+0200 (CEST);1562302152000;0.2;53.91
1380556833984591;18.5;32.2;Fri Jul 05 2019 06:50:44 GMT+0200 (CEST);Fri Jul 05 2019 04:50:44 GMT+0200 (CEST);1562302244000;0.2;54.68
1380556833984591;19;33;Fri Jul 05 2019 06:52:18 GMT+0200 (CEST);Fri Jul 05 2019 04:52:18 GMT+0200 (CEST);1562302338000;0.2;56.33
1380556833984591;19;31.8;Fri Jul 05 2019 06:54:09 GMT+0200 (CEST);Fri Jul 05 2019 04:54:09 GMT+0200 (CEST);1562302449000;0.2;59.6
1380556833984591;19;31.5;Fri Jul 05 2019 06:55:39 GMT+0200 (CEST);Fri Jul 05 2019 04:55:39 GMT+0200 (CEST);1562302539000;0.2;62.82
1380556833984591;19;31.9;Fri Jul 05 2019 06:57:11 GMT+0200 (CEST);Fri Jul 05 2019 04:57:11 GMT+0200 (CEST);1562302631000;0.3;66.22
1380556833984591;19;31.9;Fri Jul 05 2019 06:58:42 GMT+0200 (CEST);Fri Jul 05 2019 04:58:42 GMT+0200 (CEST);1562302722000;0.3;70.45
1380556833984591;19;32.4;Fri Jul 05 2019 07:00:13 GMT+0200 (CEST);Fri Jul 05 2019 05:00:13 GMT+0200 (CEST);1562302813000;0.3;74.73
1380556833984591;19;32.3;Fri Jul 05 2019 07:01:44 GMT+0200 (CEST);Fri Jul 05 2019 05:01:44 GMT+0200 (CEST);1562302904000;0.3;80.57
1380556833984591;19;32.6;Fri Jul 05 2019 07:03:15 GMT+0200 (CEST);Fri Jul 05 2019 05:03:15 GMT+0200 (CEST);1562302995000;0.4;85.5
1380556833984591;19;32.8;Fri Jul 05 2019 07:04:45 GMT+0200 (CEST);Fri Jul 05 2019 05:04:45 GMT+0200 (CEST);1562303085000;0.4;92.21
1380556833984591;20.5;33;Fri Jul 05 2019 07:06:15 GMT+0200 (CEST);Fri Jul 05 2019 05:06:15 GMT+0200 (CEST);1562303175000;0.4;98.43
1380556833984591;20.5;33;Fri Jul 05 2019 07:07:47 GMT+0200 (CEST);Fri Jul 05 2019 05:07:47 GMT+0200 (CEST);1562303267000;0.5;106.32
1380556833984591;20.5;33.2;Fri Jul 05 2019 07:09:45 GMT+0200 (CEST);Fri Jul 05 2019 05:09:45 GMT+0200 (CEST);1562303385000;0.5;112.9
1380556833984591;20.5;33.2;Fri Jul 05 2019 07:11:15 GMT+0200 (CEST);Fri Jul 05 2019 05:11:15 GMT+0200 (CEST);1562303475000;0.6;135.7
1380556833984591;20.5;33.5;Fri Jul 05 2019 07:12:45 GMT+0200 (CEST);Fri Jul 05 2019 05:12:45 GMT+0200 (CEST);1562303565000;0.7;159.03
1380556833984591;20.5;32.9;Fri Jul 05 2019 07:14:16 GMT+0200 (CEST);Fri Jul 05 2019 05:14:16 GMT+0200 (CEST);1562303656000;0.7;146.13
1380556833984591;20.5;32.5;Fri Jul 05 2019 07:15:46 GMT+0200 (CEST);Fri Jul 05 2019 05:15:46 GMT+0200 (CEST);1562303746000;0.5;124.24
1380556833984591;20.5;33.1;Fri Jul 05 2019 07:17:16 GMT+0200 (CEST);Fri Jul 05 2019 05:17:16 GMT+0200 (CEST);1562303836000;0.5;117.25
1380556833984591;20.5;34.1;Fri Jul 05 2019 07:18:47 GMT+0200 (CEST);Fri Jul 05 2019 05:18:47 GMT+0200 (CEST);1562303927000;0.5;127.95
1380556833984591;21;34.1;Fri Jul 05 2019 07:20:17 GMT+0200 (CEST);Fri Jul 05 2019 05:20:17 GMT+0200 (CEST);1562304017000;0.5;128.01
1380556833984591;21;33.9;Fri Jul 05 2019 07:21:54 GMT+0200 (CEST);Fri Jul 05 2019 05:21:54 GMT+0200 (CEST);1562304114000;0.5;125.36
1380556833984591;21;32.8;Fri Jul 05 2019 07:23:24 GMT+0200 (CEST);Fri Jul 05 2019 05:23:24 GMT+0200 (CEST);1562304204000;0.7;153.35
1380556833984591;21;32.6;Fri Jul 05 2019 07:25:20 GMT+0200 (CEST);Fri Jul 05 2019 05:25:20 GMT+0200 (CEST);1562304320000;0.6;141.13
1380556833984591;21;32.6;Fri Jul 05 2019 07:26:51 GMT+0200 (CEST);Fri Jul 05 2019 05:26:51 GMT+0200 (CEST);1562304411000;0.6;169.7
1380556833984591;21;32.5;Fri Jul 05 2019 07:28:21 GMT+0200 (CEST);Fri Jul 05 2019 05:28:21 GMT+0200 (CEST);1562304501000;0.7;152.45
1380556833984591;21;32.4;Fri Jul 05 2019 07:29:51 GMT+0200 (CEST);Fri Jul 05 2019 05:29:51 GMT+0200 (CEST);1562304591000;0.5;112.77
1380556833984591;21;32.8;Fri Jul 05 2019 07:31:23 GMT+0200 (CEST);Fri Jul 05 2019 05:31:23 GMT+0200 (CEST);1562304683000;0.5;109.12
1380556833984591;21;32.7;Fri Jul 05 2019 07:32:59 GMT+0200 (CEST);Fri Jul 05 2019 05:32:59 GMT+0200 (CEST);1562304779000;0.5;110.53
1380556833984591;21;32.6;Fri Jul 05 2019 07:34:29 GMT+0200 (CEST);Fri Jul 05 2019 05:34:29 GMT+0200 (CEST);1562304869000;0.5;115.3
1380556833984591;22.5;32.8;Fri Jul 05 2019 07:36:01 GMT+0200 (CEST);Fri Jul 05 2019 05:36:01 GMT+0200 (CEST);1562304961000;0.5;120.46
1380556833984591;22.5;32.8;Fri Jul 05 2019 07:37:33 GMT+0200 (CEST);Fri Jul 05 2019 05:37:33 GMT+0200 (CEST);1562305053000;0.5;125.38
1380556833984591;22.5;33.4;Fri Jul 05 2019 07:39:17 GMT+0200 (CEST);Fri Jul 05 2019 05:39:17 GMT+0200 (CEST);1562305157000;0.6;138.12
1380556833984591;22.5;34.3;Fri Jul 05 2019 07:40:56 GMT+0200 (CEST);Fri Jul 05 2019 05:40:56 GMT+0200 (CEST);1562305256000;0.6;150.18
1380556833984591;22.5;34.2;Fri Jul 05 2019 07:42:25 GMT+0200 (CEST);Fri Jul 05 2019 05:42:25 GMT+0200 (CEST);1562305345000;0.6;150.61
1380556833984591;22.5;34;Fri Jul 05 2019 07:43:55 GMT+0200 (CEST);Fri Jul 05 2019 05:43:55 GMT+0200 (CEST);1562305435000;0.7;156.11
1380556833984591;23;32.8;Fri Jul 05 2019 07:45:32 GMT+0200 (CEST);Fri Jul 05 2019 05:45:32 GMT+0200 (CEST);1562305532000;0.5;120.7
1380556833984591;23;32.5;Fri Jul 05 2019 07:47:11 GMT+0200 (CEST);Fri Jul 05 2019 05:47:11 GMT+0200 (CEST);1562305631000;0.5;116.07
1380556833984591;23;32.4;Fri Jul 05 2019 07:48:41 GMT+0200 (CEST);Fri Jul 05 2019 05:48:41 GMT+0200 (CEST);1562305721000;0.7;180.06
1380556833984591;22.5;33.1;Fri Jul 05 2019 07:50:11 GMT+0200 (CEST);Fri Jul 05 2019 05:50:11 GMT+0200 (CEST);1562305811000;0.5;132.88
1380556833984591;22.5;32.1;Fri Jul 05 2019 07:51:42 GMT+0200 (CEST);Fri Jul 05 2019 05:51:42 GMT+0200 (CEST);1562305902000;0.6;139.25
1380556833984591;22.5;32.8;Fri Jul 05 2019 07:53:12 GMT+0200 (CEST);Fri Jul 05 2019 05:53:12 GMT+0200 (CEST);1562305992000;0.7;152.85
1380556833984591;22.5;33.4;Fri Jul 05 2019 07:54:46 GMT+0200 (CEST);Fri Jul 05 2019 05:54:46 GMT+0200 (CEST);1562306086000;0.8;180.55
1380556833984591;22.5;32.8;Fri Jul 05 2019 07:56:42 GMT+0200 (CEST);Fri Jul 05 2019 05:56:42 GMT+0200 (CEST);1562306202000;0.8;181.82
1380556833984591;23;32.8;Fri Jul 05 2019 07:58:14 GMT+0200 (CEST);Fri Jul 05 2019 05:58:14 GMT+0200 (CEST);1562306294000;0.9;186.29
1380556833984591;23;33.7;Fri Jul 05 2019 07:59:45 GMT+0200 (CEST);Fri Jul 05 2019 05:59:45 GMT+0200 (CEST);1562306385000;0.9;193.95
1380556833984591;23;34.3;Fri Jul 05 2019 08:01:24 GMT+0200 (CEST);Fri Jul 05 2019 06:01:24 GMT+0200 (CEST);1562306484000;0.8;177.71
1380556833984591;23.5;34.1;Fri Jul 05 2019 08:02:55 GMT+0200 (CEST);Fri Jul 05 2019 06:02:55 GMT+0200 (CEST);1562306575000;0.9;184.6
1380556833984591;23.5;34.3;Fri Jul 05 2019 08:04:40 GMT+0200 (CEST);Fri Jul 05 2019 06:04:40 GMT+0200 (CEST);1562306680000;1;205.74
1380556833984591;23.5;34.4;Fri Jul 05 2019 08:06:10 GMT+0200 (CEST);Fri Jul 05 2019 06:06:10 GMT+0200 (CEST);1562306770000;1;212.9
1380556833984591;24.5;34.4;Fri Jul 05 2019 08:07:41 GMT+0200 (CEST);Fri Jul 05 2019 06:07:41 GMT+0200 (CEST);1562306861000;1;214.51
1380556833984591;24.5;34.4;Fri Jul 05 2019 08:09:35 GMT+0200 (CEST);Fri Jul 05 2019 06:09:35 GMT+0200 (CEST);1562306975000;1;211.51
1380556833984591;24.5;34.3;Fri Jul 05 2019 08:11:09 GMT+0200 (CEST);Fri Jul 05 2019 06:11:09 GMT+0200 (CEST);1562307069000;1;208.95
1380556833984591;25;34.2;Fri Jul 05 2019 08:12:40 GMT+0200 (CEST);Fri Jul 05 2019 06:12:40 GMT+0200 (CEST);1562307160000;1;204.63
1380556833984591;25;34.2;Fri Jul 05 2019 08:14:11 GMT+0200 (CEST);Fri Jul 05 2019 06:14:11 GMT+0200 (CEST);1562307251000;0.9;194.36
1380556833984591;25;34;Fri Jul 05 2019 08:15:42 GMT+0200 (CEST);Fri Jul 05 2019 06:15:42 GMT+0200 (CEST);1562307342000;0.9;184.68
1380556833984591;26.5;34;Fri Jul 05 2019 08:17:13 GMT+0200 (CEST);Fri Jul 05 2019 06:17:13 GMT+0200 (CEST);1562307433000;0.8;174.42
1380556833984591;26.5;33.8;Fri Jul 05 2019 08:18:42 GMT+0200 (CEST);Fri Jul 05 2019 06:18:42 GMT+0200 (CEST);1562307522000;0.8;163.83
1380556833984591;26.5;33.8;Fri Jul 05 2019 08:20:21 GMT+0200 (CEST);Fri Jul 05 2019 06:20:21 GMT+0200 (CEST);1562307621000;0.7;155.47
1380556833984591;26.5;33.8;Fri Jul 05 2019 08:21:52 GMT+0200 (CEST);Fri Jul 05 2019 06:21:52 GMT+0200 (CEST);1562307712000;0.7;156.09
1380556833984591;26.5;33.9;Fri Jul 05 2019 08:23:21 GMT+0200 (CEST);Fri Jul 05 2019 06:23:21 GMT+0200 (CEST);1562307801000;0.7;156.35
1380556833984591;26.5;33.4;Fri Jul 05 2019 08:25:13 GMT+0200 (CEST);Fri Jul 05 2019 06:25:13 GMT+0200 (CEST);1562307913000;0.7;154.74
1380556833984591;26.5;33.2;Fri Jul 05 2019 08:26:44 GMT+0200 (CEST);Fri Jul 05 2019 06:26:44 GMT+0200 (CEST);1562308004000;0.7;151.7
1380556833984591;26.5;33.3;Fri Jul 05 2019 08:28:14 GMT+0200 (CEST);Fri Jul 05 2019 06:28:14 GMT+0200 (CEST);1562308094000;0.7;147.76
1380556833984591;26.5;33.2;Fri Jul 05 2019 08:29:45 GMT+0200 (CEST);Fri Jul 05 2019 06:29:45 GMT+0200 (CEST);1562308185000;0.7;142.04
1380556833984591;26.5;33.1;Fri Jul 05 2019 08:31:17 GMT+0200 (CEST);Fri Jul 05 2019 06:31:17 GMT+0200 (CEST);1562308277000;0.6;137.2
1380556833984591;26.5;33.2;Fri Jul 05 2019 08:32:52 GMT+0200 (CEST);Fri Jul 05 2019 06:32:52 GMT+0200 (CEST);1562308372000;0.6;132.77
1380556833984591;26.5;33.2;Fri Jul 05 2019 08:34:22 GMT+0200 (CEST);Fri Jul 05 2019 06:34:22 GMT+0200 (CEST);1562308462000;0.6;129.23
1380556833984591;26.5;33.2;Fri Jul 05 2019 08:35:50 GMT+0200 (CEST);Fri Jul 05 2019 06:35:50 GMT+0200 (CEST);1562308550000;0.6;129.42
1380556833984591;26.5;33;Fri Jul 05 2019 08:37:20 GMT+0200 (CEST);Fri Jul 05 2019 06:37:20 GMT+0200 (CEST);1562308640000;0.6;131.72
1380556833984591;26.5;33.3;Fri Jul 05 2019 08:39:02 GMT+0200 (CEST);Fri Jul 05 2019 06:39:02 GMT+0200 (CEST);1562308742000;0.6;134.83
1380556833984591;26.5;33.2;Fri Jul 05 2019 08:40:39 GMT+0200 (CEST);Fri Jul 05 2019 06:40:39 GMT+0200 (CEST);1562308839000;0.6;138.05
1380556833984591;26.5;33.3;Fri Jul 05 2019 08:42:11 GMT+0200 (CEST);Fri Jul 05 2019 06:42:11 GMT+0200 (CEST);1562308931000;0.7;142.05
1380556833984591;26.5;33.4;Fri Jul 05 2019 08:43:41 GMT+0200 (CEST);Fri Jul 05 2019 06:43:41 GMT+0200 (CEST);1562309021000;0.7;145.1
1380556833984591;26.5;33.4;Fri Jul 05 2019 08:45:13 GMT+0200 (CEST);Fri Jul 05 2019 06:45:13 GMT+0200 (CEST);1562309113000;0.7;147.31
1380556833984591;26.5;33.5;Fri Jul 05 2019 08:46:47 GMT+0200 (CEST);Fri Jul 05 2019 06:46:47 GMT+0200 (CEST);1562309207000;0.7;149.17
1380556833984591;26.5;33.4;Fri Jul 05 2019 08:48:54 GMT+0200 (CEST);Fri Jul 05 2019 06:48:54 GMT+0200 (CEST);1562309334000;0.7;152.25
1380556833984591;26.5;33.3;Fri Jul 05 2019 08:50:26 GMT+0200 (CEST);Fri Jul 05 2019 06:50:26 GMT+0200 (CEST);1562309426000;0.8;159.09
1380556833984591;26.5;33.5;Fri Jul 05 2019 08:52:04 GMT+0200 (CEST);Fri Jul 05 2019 06:52:04 GMT+0200 (CEST);1562309524000;0.8;165.85
1380556833984591;26.5;33.6;Fri Jul 05 2019 08:53:34 GMT+0200 (CEST);Fri Jul 05 2019 06:53:34 GMT+0200 (CEST);1562309614000;0.8;166.67
1380556833984591;26.5;33.6;Fri Jul 05 2019 08:55:07 GMT+0200 (CEST);Fri Jul 05 2019 06:55:07 GMT+0200 (CEST);1562309707000;0.8;164.51
1380556833984591;26.5;33.4;Fri Jul 05 2019 08:56:39 GMT+0200 (CEST);Fri Jul 05 2019 06:56:39 GMT+0200 (CEST);1562309799000;0.8;164.47
1380556833984591;26.5;33.5;Fri Jul 05 2019 08:58:08 GMT+0200 (CEST);Fri Jul 05 2019 06:58:08 GMT+0200 (CEST);1562309888000;0.8;167.66
1380556833984591;26.5;33.6;Fri Jul 05 2019 08:59:38 GMT+0200 (CEST);Fri Jul 05 2019 06:59:38 GMT+0200 (CEST);1562309978000;0.8;169.16
1380556833984591;26.5;33.4;Fri Jul 05 2019 09:01:08 GMT+0200 (CEST);Fri Jul 05 2019 07:01:08 GMT+0200 (CEST);1562310068000;0.8;169.93
1380556833984591;26.5;33.5;Fri Jul 05 2019 09:02:45 GMT+0200 (CEST);Fri Jul 05 2019 07:02:45 GMT+0200 (CEST);1562310165000;0.8;169.13
1380556833984591;27;33.5;Fri Jul 05 2019 09:04:17 GMT+0200 (CEST);Fri Jul 05 2019 07:04:17 GMT+0200 (CEST);1562310257000;0.8;165.66
1380556833984591;27;33.4;Fri Jul 05 2019 09:05:49 GMT+0200 (CEST);Fri Jul 05 2019 07:05:49 GMT+0200 (CEST);1562310349000;0.8;163.98
1380556833984591;27;33.4;Fri Jul 05 2019 09:08:05 GMT+0200 (CEST);Fri Jul 05 2019 07:08:05 GMT+0200 (CEST);1562310485000;0.8;163.05
1380556833984591;27;33.4;Fri Jul 05 2019 09:09:36 GMT+0200 (CEST);Fri Jul 05 2019 07:09:36 GMT+0200 (CEST);1562310576000;0.8;162.72
1380556833984591;27;33.3;Fri Jul 05 2019 09:11:07 GMT+0200 (CEST);Fri Jul 05 2019 07:11:07 GMT+0200 (CEST);1562310667000;0.8;164.47
1380556833984591;27;33.5;Fri Jul 05 2019 09:12:38 GMT+0200 (CEST);Fri Jul 05 2019 07:12:38 GMT+0200 (CEST);1562310758000;0.8;164.61
1380556833984591;27;33.3;Fri Jul 05 2019 09:14:16 GMT+0200 (CEST);Fri Jul 05 2019 07:14:16 GMT+0200 (CEST);1562310856000;0.8;161.85
1380556833984591;27;33.4;Fri Jul 05 2019 09:15:47 GMT+0200 (CEST);Fri Jul 05 2019 07:15:47 GMT+0200 (CEST);1562310947000;0.8;162.6
1380556833984591;27;33.4;Fri Jul 05 2019 09:17:17 GMT+0200 (CEST);Fri Jul 05 2019 07:17:17 GMT+0200 (CEST);1562311037000;0.8;168.98
1380556833984591;27;33.5;Fri Jul 05 2019 09:18:47 GMT+0200 (CEST);Fri Jul 05 2019 07:18:47 GMT+0200 (CEST);1562311127000;0.9;187.88
1380556833984591;27;33.8;Fri Jul 05 2019 09:20:17 GMT+0200 (CEST);Fri Jul 05 2019 07:20:17 GMT+0200 (CEST);1562311217000;1;200.21
1380556833984591;27;33.6;Fri Jul 05 2019 09:21:48 GMT+0200 (CEST);Fri Jul 05 2019 07:21:48 GMT+0200 (CEST);1562311308000;0.9;199.47
1380556833984591;27;33.7;Fri Jul 05 2019 09:23:21 GMT+0200 (CEST);Fri Jul 05 2019 07:23:21 GMT+0200 (CEST);1562311401000;0.9;187.04
1380556833984591;27;33.4;Fri Jul 05 2019 09:24:53 GMT+0200 (CEST);Fri Jul 05 2019 07:24:53 GMT+0200 (CEST);1562311493000;0.9;181.08
1380556833984591;27;33.4;Fri Jul 05 2019 09:26:30 GMT+0200 (CEST);Fri Jul 05 2019 07:26:30 GMT+0200 (CEST);1562311590000;0.9;178.7
1380556833984591;27;33.3;Fri Jul 05 2019 09:28:00 GMT+0200 (CEST);Fri Jul 05 2019 07:28:00 GMT+0200 (CEST);1562311680000;0.8;177.95
1380556833984591;27;33.4;Fri Jul 05 2019 09:29:33 GMT+0200 (CEST);Fri Jul 05 2019 07:29:33 GMT+0200 (CEST);1562311773000;0.9;179.06
1380556833984591;27;33.6;Fri Jul 05 2019 09:31:04 GMT+0200 (CEST);Fri Jul 05 2019 07:31:04 GMT+0200 (CEST);1562311864000;0.9;180.09
1380556833984591;28.5;33.4;Fri Jul 05 2019 09:32:34 GMT+0200 (CEST);Fri Jul 05 2019 07:32:34 GMT+0200 (CEST);1562311954000;0.8;177.95
1380556833984591;28.5;33.4;Fri Jul 05 2019 09:34:08 GMT+0200 (CEST);Fri Jul 05 2019 07:34:08 GMT+0200 (CEST);1562312048000;0.8;168.99
1380556833984591;28.5;33.2;Fri Jul 05 2019 09:36:14 GMT+0200 (CEST);Fri Jul 05 2019 07:36:14 GMT+0200 (CEST);1562312174000;0.7;155.1
1380556833984591;28.5;33;Fri Jul 05 2019 09:37:44 GMT+0200 (CEST);Fri Jul 05 2019 07:37:44 GMT+0200 (CEST);1562312264000;0.7;144.03
1380556833984591;28.5;33;Fri Jul 05 2019 09:39:15 GMT+0200 (CEST);Fri Jul 05 2019 07:39:15 GMT+0200 (CEST);1562312355000;0.6;134.09
1380556833984591;28.5;32.8;Fri Jul 05 2019 09:40:47 GMT+0200 (CEST);Fri Jul 05 2019 07:40:47 GMT+0200 (CEST);1562312447000;0.6;122.04
1380556833984591;28.5;32.6;Fri Jul 05 2019 09:42:24 GMT+0200 (CEST);Fri Jul 05 2019 07:42:24 GMT+0200 (CEST);1562312544000;0.5;112.57
1380556833984591;28.5;32.6;Fri Jul 05 2019 09:43:54 GMT+0200 (CEST);Fri Jul 05 2019 07:43:54 GMT+0200 (CEST);1562312634000;0.5;108.53
1380556833984591;28.5;32.4;Fri Jul 05 2019 09:45:24 GMT+0200 (CEST);Fri Jul 05 2019 07:45:24 GMT+0200 (CEST);1562312724000;0.5;107.44
1380556833984591;27;32.7;Fri Jul 05 2019 09:46:54 GMT+0200 (CEST);Fri Jul 05 2019 07:46:54 GMT+0200 (CEST);1562312814000;0.5;110.47
1380556833984591;27;32.4;Fri Jul 05 2019 09:48:30 GMT+0200 (CEST);Fri Jul 05 2019 07:48:30 GMT+0200 (CEST);1562312910000;0.6;118.63
1380556833984591;27;32.8;Fri Jul 05 2019 09:50:07 GMT+0200 (CEST);Fri Jul 05 2019 07:50:07 GMT+0200 (CEST);1562313007000;0.6;126.08
1380556833984591;26.5;32.8;Fri Jul 05 2019 09:51:41 GMT+0200 (CEST);Fri Jul 05 2019 07:51:41 GMT+0200 (CEST);1562313101000;0.6;133.74
1380556833984591;26.5;33.1;Fri Jul 05 2019 09:53:13 GMT+0200 (CEST);Fri Jul 05 2019 07:53:13 GMT+0200 (CEST);1562313193000;0.7;142.05
1380556833984591;26.5;33;Fri Jul 05 2019 09:54:43 GMT+0200 (CEST);Fri Jul 05 2019 07:54:43 GMT+0200 (CEST);1562313283000;0.7;146.67
1380556833984591;26.5;33.2;Fri Jul 05 2019 09:56:13 GMT+0200 (CEST);Fri Jul 05 2019 07:56:13 GMT+0200 (CEST);1562313373000;0.7;148.68
1380556833984591;26.5;33.2;Fri Jul 05 2019 09:57:54 GMT+0200 (CEST);Fri Jul 05 2019 07:57:54 GMT+0200 (CEST);1562313474000;0.7;151.68
1380556833984591;26.5;33.2;Fri Jul 05 2019 09:59:28 GMT+0200 (CEST);Fri Jul 05 2019 07:59:28 GMT+0200 (CEST);1562313568000;0.8;161.2
1380556833984591;27;33.4;Fri Jul 05 2019 10:00:58 GMT+0200 (CEST);Fri Jul 05 2019 08:00:58 GMT+0200 (CEST);1562313658000;0.8;170.66
1380556833984591;27;33.4;Fri Jul 05 2019 10:02:30 GMT+0200 (CEST);Fri Jul 05 2019 08:02:30 GMT+0200 (CEST);1562313750000;0.9;181.09
1380556833984591;27;33.9;Fri Jul 05 2019 10:04:07 GMT+0200 (CEST);Fri Jul 05 2019 08:04:07 GMT+0200 (CEST);1562313847000;0.9;188.59
1380556833984591;27;34;Fri Jul 05 2019 10:05:37 GMT+0200 (CEST);Fri Jul 05 2019 08:05:37 GMT+0200 (CEST);1562313937000;0.9;198.53
1380556833984591;27;33.9;Fri Jul 05 2019 10:07:17 GMT+0200 (CEST);Fri Jul 05 2019 08:07:17 GMT+0200 (CEST);1562314037000;1;207.6
1380556833984591;27;34;Fri Jul 05 2019 10:08:48 GMT+0200 (CEST);Fri Jul 05 2019 08:08:48 GMT+0200 (CEST);1562314128000;1;214.88
1380556833984591;28.5;34;Fri Jul 05 2019 10:10:18 GMT+0200 (CEST);Fri Jul 05 2019 08:10:18 GMT+0200 (CEST);1562314218000;1;212.75
1380556833984591;28.5;33.9;Fri Jul 05 2019 10:11:51 GMT+0200 (CEST);Fri Jul 05 2019 08:11:51 GMT+0200 (CEST);1562314311000;1;201.18
1380556833984591;28.5;33.8;Fri Jul 05 2019 10:13:23 GMT+0200 (CEST);Fri Jul 05 2019 08:13:23 GMT+0200 (CEST);1562314403000;1;199.09
1380556833984591;28.5;33.7;Fri Jul 05 2019 10:15:00 GMT+0200 (CEST);Fri Jul 05 2019 08:15:00 GMT+0200 (CEST);1562314500000;1;213.15
1380556833984591;28.5;34;Fri Jul 05 2019 10:16:32 GMT+0200 (CEST);Fri Jul 05 2019 08:16:32 GMT+0200 (CEST);1562314592000;1.1;236.25
1380556833984591;28.5;34;Fri Jul 05 2019 10:18:23 GMT+0200 (CEST);Fri Jul 05 2019 08:18:23 GMT+0200 (CEST);1562314703000;1.4;286.64
1380556833984591;28.5;34.1;Fri Jul 05 2019 10:19:54 GMT+0200 (CEST);Fri Jul 05 2019 08:19:54 GMT+0200 (CEST);1562314794000;1.6;340.47
1380556833984591;28.5;34.2;Fri Jul 05 2019 10:21:24 GMT+0200 (CEST);Fri Jul 05 2019 08:21:24 GMT+0200 (CEST);1562314884000;1.8;378.87
1380556833984591;28.5;34.2;Fri Jul 05 2019 10:22:56 GMT+0200 (CEST);Fri Jul 05 2019 08:22:56 GMT+0200 (CEST);1562314976000;2.1;430.07
1380556833984591;30.5;34.1;Fri Jul 05 2019 10:24:57 GMT+0200 (CEST);Fri Jul 05 2019 08:24:57 GMT+0200 (CEST);1562315097000;2.9;604.15
1380556833984591;30.5;34;Fri Jul 05 2019 10:26:28 GMT+0200 (CEST);Fri Jul 05 2019 08:26:28 GMT+0200 (CEST);1562315188000;2.7;568.31
1380556833984591;30.5;33.6;Fri Jul 05 2019 10:28:05 GMT+0200 (CEST);Fri Jul 05 2019 08:28:05 GMT+0200 (CEST);1562315285000;3;652.79
1380556833984591;31.1;33.6;Fri Jul 05 2019 10:29:35 GMT+0200 (CEST);Fri Jul 05 2019 08:29:35 GMT+0200 (CEST);1562315375000;2.7;573.43
1380556833984591;31.1;33.2;Fri Jul 05 2019 10:31:06 GMT+0200 (CEST);Fri Jul 05 2019 08:31:06 GMT+0200 (CEST);1562315466000;2.3;483.83
1380556833984591;31.1;33.1;Fri Jul 05 2019 10:33:12 GMT+0200 (CEST);Fri Jul 05 2019 08:33:12 GMT+0200 (CEST);1562315592000;2.7;563.19
1380556833984591;32.1;33.2;Fri Jul 05 2019 10:34:43 GMT+0200 (CEST);Fri Jul 05 2019 08:34:43 GMT+0200 (CEST);1562315683000;2.3;468.47
1380556833984591;32.1;32.8;Fri Jul 05 2019 10:36:13 GMT+0200 (CEST);Fri Jul 05 2019 08:36:13 GMT+0200 (CEST);1562315773000;2.8;650.23
1380556833984591;32.1;32.6;Fri Jul 05 2019 10:38:01 GMT+0200 (CEST);Fri Jul 05 2019 08:38:01 GMT+0200 (CEST);1562315881000;5;1026.55
1380556833984591;34.6;32.1;Fri Jul 05 2019 10:39:31 GMT+0200 (CEST);Fri Jul 05 2019 08:39:31 GMT+0200 (CEST);1562315971000;4.5;944.93
1380556833984591;34.6;32.1;Fri Jul 05 2019 10:41:12 GMT+0200 (CEST);Fri Jul 05 2019 08:41:12 GMT+0200 (CEST);1562316072000;4.6;949.32
1380556833984591;34.6;31.7;Fri Jul 05 2019 10:42:43 GMT+0200 (CEST);Fri Jul 05 2019 08:42:43 GMT+0200 (CEST);1562316163000;4.6;955.82
1380556833984591;36.6;31.5;Fri Jul 05 2019 10:44:15 GMT+0200 (CEST);Fri Jul 05 2019 08:44:15 GMT+0200 (CEST);1562316255000;4.1;814.16
1380556833984591;36.6;31.4;Fri Jul 05 2019 10:45:46 GMT+0200 (CEST);Fri Jul 05 2019 08:45:46 GMT+0200 (CEST);1562316346000;4.3;883.79
1380556833984591;36.6;31.4;Fri Jul 05 2019 10:47:18 GMT+0200 (CEST);Fri Jul 05 2019 08:47:18 GMT+0200 (CEST);1562316438000;4.6;946.84
1380556833984591;39.1;31;Fri Jul 05 2019 10:49:02 GMT+0200 (CEST);Fri Jul 05 2019 08:49:02 GMT+0200 (CEST);1562316542000;4.4;885.66
1380556833984591;39.1;31.2;Fri Jul 05 2019 10:50:33 GMT+0200 (CEST);Fri Jul 05 2019 08:50:33 GMT+0200 (CEST);1562316633000;4.1;852.25
1380556833984591;39.1;31.4;Fri Jul 05 2019 10:52:03 GMT+0200 (CEST);Fri Jul 05 2019 08:52:03 GMT+0200 (CEST);1562316723000;4.5;919.03
1380556833984591;41.1;31.2;Fri Jul 05 2019 10:54:06 GMT+0200 (CEST);Fri Jul 05 2019 08:54:06 GMT+0200 (CEST);1562316846000;4.5;911.58
1380556833984591;41.1;31.1;Fri Jul 05 2019 10:55:36 GMT+0200 (CEST);Fri Jul 05 2019 08:55:36 GMT+0200 (CEST);1562316936000;4.5;924.16
1380556833984591;41.1;31.2;Fri Jul 05 2019 10:57:05 GMT+0200 (CEST);Fri Jul 05 2019 08:57:05 GMT+0200 (CEST);1562317025000;4.8;961.71
1380556833984591;43.1;31.2;Fri Jul 05 2019 10:58:36 GMT+0200 (CEST);Fri Jul 05 2019 08:58:36 GMT+0200 (CEST);1562317116000;5.2;1057.27
1380556833984591;43.1;30.9;Fri Jul 05 2019 11:00:06 GMT+0200 (CEST);Fri Jul 05 2019 09:00:06 GMT+0200 (CEST);1562317206000;4.5;1041.91
1380556833984591;43.1;31.4;Fri Jul 05 2019 11:01:41 GMT+0200 (CEST);Fri Jul 05 2019 09:01:41 GMT+0200 (CEST);1562317301000;4.9;840.11
1380556833984591;44.7;32;Fri Jul 05 2019 11:03:11 GMT+0200 (CEST);Fri Jul 05 2019 09:03:11 GMT+0200 (CEST);1562317391000;2.9;447.99
1380556833984591;44.7;32.2;Fri Jul 05 2019 11:05:00 GMT+0200 (CEST);Fri Jul 05 2019 09:05:00 GMT+0200 (CEST);1562317500000;3;509.43
1380556833984591;44.7;31.9;Fri Jul 05 2019 11:06:31 GMT+0200 (CEST);Fri Jul 05 2019 09:06:31 GMT+0200 (CEST);1562317591000;3.8;821.79
1380556833984591;44.7;31.7;Fri Jul 05 2019 11:08:06 GMT+0200 (CEST);Fri Jul 05 2019 09:08:06 GMT+0200 (CEST);1562317686000;4.8;970.8
1380556833984591;44.7;32;Fri Jul 05 2019 11:09:43 GMT+0200 (CEST);Fri Jul 05 2019 09:09:43 GMT+0200 (CEST);1562317783000;4.7;1062.39
1380556833984591;44.7;31.8;Fri Jul 05 2019 11:11:13 GMT+0200 (CEST);Fri Jul 05 2019 09:11:13 GMT+0200 (CEST);1562317873000;5.1;1003.51
1380556833984591;43.1;31.4;Fri Jul 05 2019 11:12:45 GMT+0200 (CEST);Fri Jul 05 2019 09:12:45 GMT+0200 (CEST);1562317965000;1.8;378.87
1380556833984591;43.1;31.6;Fri Jul 05 2019 11:14:15 GMT+0200 (CEST);Fri Jul 05 2019 09:14:15 GMT+0200 (CEST);1562318055000;2.4;524.79
1380556833984591;43.1;32.3;Fri Jul 05 2019 11:15:48 GMT+0200 (CEST);Fri Jul 05 2019 09:15:48 GMT+0200 (CEST);1562318148000;2.9;658.14
1380556833984591;42.6;32.5;Fri Jul 05 2019 11:17:20 GMT+0200 (CEST);Fri Jul 05 2019 09:17:20 GMT+0200 (CEST);1562318240000;2.4;501.75
1380556833984591;42.6;31.9;Fri Jul 05 2019 11:18:50 GMT+0200 (CEST);Fri Jul 05 2019 09:18:50 GMT+0200 (CEST);1562318330000;2.2;535.03
1380556833984591;42.6;32.1;Fri Jul 05 2019 11:20:20 GMT+0200 (CEST);Fri Jul 05 2019 09:20:20 GMT+0200 (CEST);1562318420000;1.9;399.35
1380556833984591;41.1;32.3;Fri Jul 05 2019 11:22:25 GMT+0200 (CEST);Fri Jul 05 2019 09:22:25 GMT+0200 (CEST);1562318545000;2.3;471.03
1380556833984591;41.1;32.3;Fri Jul 05 2019 11:24:00 GMT+0200 (CEST);Fri Jul 05 2019 09:24:00 GMT+0200 (CEST);1562318640000;2.7;560.63
1380556833984591;41.1;32.6;Fri Jul 05 2019 11:25:32 GMT+0200 (CEST);Fri Jul 05 2019 09:25:32 GMT+0200 (CEST);1562318732000;4;795
1380556833984591;40.6;33;Fri Jul 05 2019 11:27:03 GMT+0200 (CEST);Fri Jul 05 2019 09:27:03 GMT+0200 (CEST);1562318823000;2.7;634.87
1380556833984591;40.6;32.3;Fri Jul 05 2019 11:28:34 GMT+0200 (CEST);Fri Jul 05 2019 09:28:34 GMT+0200 (CEST);1562318914000;2.1;463.35
1380556833984591;40.6;32.3;Fri Jul 05 2019 11:30:04 GMT+0200 (CEST);Fri Jul 05 2019 09:30:04 GMT+0200 (CEST);1562319004000;3.2;710.05
1380556833984591;40.6;32.7;Fri Jul 05 2019 11:31:34 GMT+0200 (CEST);Fri Jul 05 2019 09:31:34 GMT+0200 (CEST);1562319094000;3.1;662.16
1380556833984591;40.6;32.3;Fri Jul 05 2019 11:33:04 GMT+0200 (CEST);Fri Jul 05 2019 09:33:04 GMT+0200 (CEST);1562319184000;3;596.47
1380556833984591;40.6;32.1;Fri Jul 05 2019 11:34:34 GMT+0200 (CEST);Fri Jul 05 2019 09:34:34 GMT+0200 (CEST);1562319274000;2.5;586.23
1380556833984591;40.6;32;Fri Jul 05 2019 11:36:35 GMT+0200 (CEST);Fri Jul 05 2019 09:36:35 GMT+0200 (CEST);1562319395000;2.9;596.47
1380556833984591;40.6;32.3;Fri Jul 05 2019 11:38:05 GMT+0200 (CEST);Fri Jul 05 2019 09:38:05 GMT+0200 (CEST);1562319485000;2.7;563.19
1380556833984591;40.6;32.1;Fri Jul 05 2019 11:39:40 GMT+0200 (CEST);Fri Jul 05 2019 09:39:40 GMT+0200 (CEST);1562319580000;2.8;568.31
1380556833984591;41.1;32.4;Fri Jul 05 2019 11:41:10 GMT+0200 (CEST);Fri Jul 05 2019 09:41:10 GMT+0200 (CEST);1562319670000;2.5;499.19
1380556833984591;41.1;32.2;Fri Jul 05 2019 11:42:51 GMT+0200 (CEST);Fri Jul 05 2019 09:42:51 GMT+0200 (CEST);1562319771000;2.2;442.87
1380556833984591;41.1;32.3;Fri Jul 05 2019 11:44:22 GMT+0200 (CEST);Fri Jul 05 2019 09:44:22 GMT+0200 (CEST);1562319862000;2.1;427.51
1380556833984591;41.1;32.4;Fri Jul 05 2019 11:45:52 GMT+0200 (CEST);Fri Jul 05 2019 09:45:52 GMT+0200 (CEST);1562319952000;2.1;430.07
1380556833984591;40.6;32.6;Fri Jul 05 2019 11:47:22 GMT+0200 (CEST);Fri Jul 05 2019 09:47:22 GMT+0200 (CEST);1562320042000;2.1;430.07
1380556833984591;40.6;32.6;Fri Jul 05 2019 11:48:51 GMT+0200 (CEST);Fri Jul 05 2019 09:48:51 GMT+0200 (CEST);1562320131000;2.1;424.95
1380556833984591;40.6;32.8;Fri Jul 05 2019 11:50:41 GMT+0200 (CEST);Fri Jul 05 2019 09:50:41 GMT+0200 (CEST);1562320241000;2.1;424.95
1380556833984591;39.1;32.9;Fri Jul 05 2019 11:52:13 GMT+0200 (CEST);Fri Jul 05 2019 09:52:13 GMT+0200 (CEST);1562320333000;2;412.15
1380556833984591;39.1;32.8;Fri Jul 05 2019 11:53:44 GMT+0200 (CEST);Fri Jul 05 2019 09:53:44 GMT+0200 (CEST);1562320424000;2;396.79
1380556833984591;39.1;32.9;Fri Jul 05 2019 11:55:16 GMT+0200 (CEST);Fri Jul 05 2019 09:55:16 GMT+0200 (CEST);1562320516000;1.9;389.11
1380556833984591;38.6;32.9;Fri Jul 05 2019 11:56:46 GMT+0200 (CEST);Fri Jul 05 2019 09:56:46 GMT+0200 (CEST);1562320606000;1.9;394.23
1380556833984591;38.6;33;Fri Jul 05 2019 11:58:37 GMT+0200 (CEST);Fri Jul 05 2019 09:58:37 GMT+0200 (CEST);1562320717000;2;404.47
1380556833984591;38.6;33.1;Fri Jul 05 2019 12:00:09 GMT+0200 (CEST);Fri Jul 05 2019 10:00:09 GMT+0200 (CEST);1562320809000;2;409.59
1380556833984591;38.6;33;Fri Jul 05 2019 12:01:40 GMT+0200 (CEST);Fri Jul 05 2019 10:01:40 GMT+0200 (CEST);1562320900000;2;419.83
1380556833984591;38.6;33;Fri Jul 05 2019 12:03:34 GMT+0200 (CEST);Fri Jul 05 2019 10:03:34 GMT+0200 (CEST);1562321014000;2.1;422.39
1380556833984591;38.6;33.1;Fri Jul 05 2019 12:05:07 GMT+0200 (CEST);Fri Jul 05 2019 10:05:07 GMT+0200 (CEST);1562321107000;2;419.83
1380556833984591;37.1;33;Fri Jul 05 2019 12:06:43 GMT+0200 (CEST);Fri Jul 05 2019 10:06:43 GMT+0200 (CEST);1562321203000;2.2;445.43
1380556833984591;37.1;33.2;Fri Jul 05 2019 12:08:13 GMT+0200 (CEST);Fri Jul 05 2019 10:08:13 GMT+0200 (CEST);1562321293000;2.6;581.11
1380556833984591;37.1;33.1;Fri Jul 05 2019 12:09:43 GMT+0200 (CEST);Fri Jul 05 2019 10:09:43 GMT+0200 (CEST);1562321383000;2.7;552.95
1380556833984591;37.1;33;Fri Jul 05 2019 12:11:12 GMT+0200 (CEST);Fri Jul 05 2019 10:11:12 GMT+0200 (CEST);1562321472000;2.6;555.51
1380556833984591;37.1;33;Fri Jul 05 2019 12:12:42 GMT+0200 (CEST);Fri Jul 05 2019 10:12:42 GMT+0200 (CEST);1562321562000;2.9;593.91
1380556833984591;37.1;32.9;Fri Jul 05 2019 12:14:20 GMT+0200 (CEST);Fri Jul 05 2019 10:14:20 GMT+0200 (CEST);1562321660000;2.6;537.59
1380556833984591;37.1;32.9;Fri Jul 05 2019 12:15:49 GMT+0200 (CEST);Fri Jul 05 2019 10:15:49 GMT+0200 (CEST);1562321749000;2.4;486.39
1380556833984591;37.1;32.7;Fri Jul 05 2019 12:17:22 GMT+0200 (CEST);Fri Jul 05 2019 10:17:22 GMT+0200 (CEST);1562321842000;2.2;450.55
1380556833984591;37.1;32.9;Fri Jul 05 2019 12:18:57 GMT+0200 (CEST);Fri Jul 05 2019 10:18:57 GMT+0200 (CEST);1562321937000;2.1;430.07
1380556833984591;37.1;32.8;Fri Jul 05 2019 12:20:40 GMT+0200 (CEST);Fri Jul 05 2019 10:20:40 GMT+0200 (CEST);1562322040000;2.1;432.63
1380556833984591;37.1;32.9;Fri Jul 05 2019 12:22:14 GMT+0200 (CEST);Fri Jul 05 2019 10:22:14 GMT+0200 (CEST);1562322134000;2.1;437.75
1380556833984591;37.1;32.9;Fri Jul 05 2019 12:23:44 GMT+0200 (CEST);Fri Jul 05 2019 10:23:44 GMT+0200 (CEST);1562322224000;2.3;473.59
1380556833984591;38.6;33;Fri Jul 05 2019 12:25:14 GMT+0200 (CEST);Fri Jul 05 2019 10:25:14 GMT+0200 (CEST);1562322314000;2.6;524.79
1380556833984591;38.6;32.9;Fri Jul 05 2019 12:27:02 GMT+0200 (CEST);Fri Jul 05 2019 10:27:02 GMT+0200 (CEST);1562322422000;2.6;532.47
1380556833984591;38.6;33;Fri Jul 05 2019 12:28:40 GMT+0200 (CEST);Fri Jul 05 2019 10:28:40 GMT+0200 (CEST);1562322520000;2.6;537.59
1380556833984591;38.6;32.8;Fri Jul 05 2019 12:30:13 GMT+0200 (CEST);Fri Jul 05 2019 10:30:13 GMT+0200 (CEST);1562322613000;2.8;573.43
1380556833984591;38.6;32.8;Fri Jul 05 2019 12:31:48 GMT+0200 (CEST);Fri Jul 05 2019 10:31:48 GMT+0200 (CEST);1562322708000;2.9;588.79
1380556833984591;38.6;32.9;Fri Jul 05 2019 12:33:19 GMT+0200 (CEST);Fri Jul 05 2019 10:33:19 GMT+0200 (CEST);1562322799000;2.9;599.03
1380556833984591;38.6;32.9;Fri Jul 05 2019 12:35:09 GMT+0200 (CEST);Fri Jul 05 2019 10:35:09 GMT+0200 (CEST);1562322909000;3;637.43
1380556833984591;38.6;32.6;Fri Jul 05 2019 12:36:39 GMT+0200 (CEST);Fri Jul 05 2019 10:36:39 GMT+0200 (CEST);1562322999000;6.2;1123.83
1380556833984591;38.6;32.8;Fri Jul 05 2019 12:38:09 GMT+0200 (CEST);Fri Jul 05 2019 10:38:09 GMT+0200 (CEST);1562323089000;3.5;731.82
1380556833984591;38.6;32.3;Fri Jul 05 2019 12:39:39 GMT+0200 (CEST);Fri Jul 05 2019 10:39:39 GMT+0200 (CEST);1562323179000;3.2;656.86
1380556833984591;38.6;32.1;Fri Jul 05 2019 12:41:10 GMT+0200 (CEST);Fri Jul 05 2019 10:41:10 GMT+0200 (CEST);1562323270000;3.2;659.52
1380556833984591;38.6;32.2;Fri Jul 05 2019 12:42:49 GMT+0200 (CEST);Fri Jul 05 2019 10:42:49 GMT+0200 (CEST);1562323369000;3.2;663.09
1380556833984591;39.1;32.3;Fri Jul 05 2019 12:44:19 GMT+0200 (CEST);Fri Jul 05 2019 10:44:19 GMT+0200 (CEST);1562323459000;3.1;622.07
1380556833984591;39.1;32.6;Fri Jul 05 2019 12:45:50 GMT+0200 (CEST);Fri Jul 05 2019 10:45:50 GMT+0200 (CEST);1562323550000;2.8;575.99
1380556833984591;39.1;32.3;Fri Jul 05 2019 12:47:27 GMT+0200 (CEST);Fri Jul 05 2019 10:47:27 GMT+0200 (CEST);1562323647000;2.6;540.15
1380556833984591;40.6;32.4;Fri Jul 05 2019 12:49:06 GMT+0200 (CEST);Fri Jul 05 2019 10:49:06 GMT+0200 (CEST);1562323746000;2.6;527.35
1380556833984591;40.6;32.3;Fri Jul 05 2019 12:50:45 GMT+0200 (CEST);Fri Jul 05 2019 10:50:45 GMT+0200 (CEST);1562323845000;2.5;524.79
1380556833984591;40.6;32.4;Fri Jul 05 2019 12:52:19 GMT+0200 (CEST);Fri Jul 05 2019 10:52:19 GMT+0200 (CEST);1562323939000;2.4;504.31
1380556833984591;40.1;32.4;Fri Jul 05 2019 12:53:49 GMT+0200 (CEST);Fri Jul 05 2019 10:53:49 GMT+0200 (CEST);1562324029000;2.5;511.99
1380556833984591;40.1;32.5;Fri Jul 05 2019 12:55:22 GMT+0200 (CEST);Fri Jul 05 2019 10:55:22 GMT+0200 (CEST);1562324122000;2.7;563.19
1380556833984591;40.1;32.5;Fri Jul 05 2019 12:56:52 GMT+0200 (CEST);Fri Jul 05 2019 10:56:52 GMT+0200 (CEST);1562324212000;2.8;573.43
1380556833984591;40.6;32.4;Fri Jul 05 2019 12:58:24 GMT+0200 (CEST);Fri Jul 05 2019 10:58:24 GMT+0200 (CEST);1562324304000;2.6;540.15
1380556833984591;40.6;32.4;Fri Jul 05 2019 12:59:55 GMT+0200 (CEST);Fri Jul 05 2019 10:59:55 GMT+0200 (CEST);1562324395000;2.3;481.27
1380556833984591;40.6;32.5;Fri Jul 05 2019 13:01:26 GMT+0200 (CEST);Fri Jul 05 2019 11:01:26 GMT+0200 (CEST);1562324486000;2.4;506.87
1380556833984591;39.1;32.6;Fri Jul 05 2019 13:02:58 GMT+0200 (CEST);Fri Jul 05 2019 11:02:58 GMT+0200 (CEST);1562324578000;2.8;593.91
1380556833984591;39.1;32.6;Fri Jul 05 2019 13:04:30 GMT+0200 (CEST);Fri Jul 05 2019 11:04:30 GMT+0200 (CEST);1562324670000;3.2;662.53
1380556833984591;39.1;32.6;Fri Jul 05 2019 13:06:23 GMT+0200 (CEST);Fri Jul 05 2019 11:06:23 GMT+0200 (CEST);1562324783000;3.1;629.75
1380556833984591;40.6;32.6;Fri Jul 05 2019 13:07:57 GMT+0200 (CEST);Fri Jul 05 2019 11:07:57 GMT+0200 (CEST);1562324877000;6.2;1041.91
1380556833984591;40.6;32.1;Fri Jul 05 2019 13:09:31 GMT+0200 (CEST);Fri Jul 05 2019 11:09:31 GMT+0200 (CEST);1562324971000;3.7;864.74
1380556833984591;40.6;32.2;Fri Jul 05 2019 13:11:03 GMT+0200 (CEST);Fri Jul 05 2019 11:11:03 GMT+0200 (CEST);1562325063000;2.6;540.15
1380556833984591;40.6;31.9;Fri Jul 05 2019 13:12:36 GMT+0200 (CEST);Fri Jul 05 2019 11:12:36 GMT+0200 (CEST);1562325156000;2.6;545.27
1380556833984591;40.6;32.4;Fri Jul 05 2019 13:14:09 GMT+0200 (CEST);Fri Jul 05 2019 11:14:09 GMT+0200 (CEST);1562325249000;2.8;568.31
1380556833984591;40.6;32.3;Fri Jul 05 2019 13:15:41 GMT+0200 (CEST);Fri Jul 05 2019 11:15:41 GMT+0200 (CEST);1562325341000;2.7;578.55
1380556833984591;41.1;32.3;Fri Jul 05 2019 13:17:11 GMT+0200 (CEST);Fri Jul 05 2019 11:17:11 GMT+0200 (CEST);1562325431000;2.5;501.75
1380556833984591;41.1;32.6;Fri Jul 05 2019 13:18:44 GMT+0200 (CEST);Fri Jul 05 2019 11:18:44 GMT+0200 (CEST);1562325524000;2.5;519.67
1380556833984591;41.1;32.5;Fri Jul 05 2019 13:20:17 GMT+0200 (CEST);Fri Jul 05 2019 11:20:17 GMT+0200 (CEST);1562325617000;2.8;599.03
1380556833984591;40.6;32.5;Fri Jul 05 2019 13:21:50 GMT+0200 (CEST);Fri Jul 05 2019 11:21:50 GMT+0200 (CEST);1562325710000;3.2;660.85
1380556833984591;40.6;32.6;Fri Jul 05 2019 13:23:36 GMT+0200 (CEST);Fri Jul 05 2019 11:23:36 GMT+0200 (CEST);1562325816000;3.4;706.83
1380556833984591;40.6;32.6;Fri Jul 05 2019 13:25:08 GMT+0200 (CEST);Fri Jul 05 2019 11:25:08 GMT+0200 (CEST);1562325908000;3.6;731.93
1380556833984591;40.6;32.2;Fri Jul 05 2019 13:26:38 GMT+0200 (CEST);Fri Jul 05 2019 11:26:38 GMT+0200 (CEST);1562325998000;3.3;682.51
1380556833984591;41.1;32.3;Fri Jul 05 2019 13:28:09 GMT+0200 (CEST);Fri Jul 05 2019 11:28:09 GMT+0200 (CEST);1562326089000;3.3;678.64
1380556833984591;41.1;32.3;Fri Jul 05 2019 13:29:42 GMT+0200 (CEST);Fri Jul 05 2019 11:29:42 GMT+0200 (CEST);1562326182000;3.5;907.12
1380556833984591;41.1;32.6;Fri Jul 05 2019 13:31:11 GMT+0200 (CEST);Fri Jul 05 2019 11:31:11 GMT+0200 (CEST);1562326271000;6.8;1324.98
1380556833984591;42.6;32.7;Fri Jul 05 2019 13:32:42 GMT+0200 (CEST);Fri Jul 05 2019 11:32:42 GMT+0200 (CEST);1562326362000;3.2;721.73
1380556833984591;42.6;31.2;Fri Jul 05 2019 13:34:12 GMT+0200 (CEST);Fri Jul 05 2019 11:34:12 GMT+0200 (CEST);1562326452000;2.5;527.35
1380556833984591;42.6;31.7;Fri Jul 05 2019 13:35:43 GMT+0200 (CEST);Fri Jul 05 2019 11:35:43 GMT+0200 (CEST);1562326543000;2.5;519.67
1380556833984591;42.6;31.9;Fri Jul 05 2019 13:37:17 GMT+0200 (CEST);Fri Jul 05 2019 11:37:17 GMT+0200 (CEST);1562326637000;3.6;606.71
1380556833984591;42.6;32.3;Fri Jul 05 2019 13:38:49 GMT+0200 (CEST);Fri Jul 05 2019 11:38:49 GMT+0200 (CEST);1562326729000;4.2;880.73
1380556833984591;42.6;31.8;Fri Jul 05 2019 13:40:19 GMT+0200 (CEST);Fri Jul 05 2019 11:40:19 GMT+0200 (CEST);1562326819000;4;935.26
1380556833984591;42.6;31.6;Fri Jul 05 2019 13:41:49 GMT+0200 (CEST);Fri Jul 05 2019 11:41:49 GMT+0200 (CEST);1562326909000;3.5;776.25
1380556833984591;42.6;31.3;Fri Jul 05 2019 13:43:20 GMT+0200 (CEST);Fri Jul 05 2019 11:43:20 GMT+0200 (CEST);1562327000000;5.4;907.42
1380556833984591;42.6;31.8;Fri Jul 05 2019 13:45:26 GMT+0200 (CEST);Fri Jul 05 2019 11:45:26 GMT+0200 (CEST);1562327126000;3.6;619.51
1380556833984591;44.7;31.5;Fri Jul 05 2019 13:46:57 GMT+0200 (CEST);Fri Jul 05 2019 11:46:57 GMT+0200 (CEST);1562327217000;2.7;578.55
1380556833984591;44.7;31.9;Fri Jul 05 2019 13:48:26 GMT+0200 (CEST);Fri Jul 05 2019 11:48:26 GMT+0200 (CEST);1562327306000;4.5;831.49
1380556833984591;44.7;32.2;Fri Jul 05 2019 13:49:56 GMT+0200 (CEST);Fri Jul 05 2019 11:49:56 GMT+0200 (CEST);1562327396000;3.1;650.23
1380556833984591;44.7;31.9;Fri Jul 05 2019 13:51:55 GMT+0200 (CEST);Fri Jul 05 2019 11:51:55 GMT+0200 (CEST);1562327515000;3.8;698.75
1380556833984591;44.7;31.6;Fri Jul 05 2019 13:53:40 GMT+0200 (CEST);Fri Jul 05 2019 11:53:40 GMT+0200 (CEST);1562327620000;4.3;874.65
1380556833984591;44.7;32.1;Fri Jul 05 2019 13:55:11 GMT+0200 (CEST);Fri Jul 05 2019 11:55:11 GMT+0200 (CEST);1562327711000;3.9;977.04
1380556833984591;44.7;32.1;Fri Jul 05 2019 13:56:43 GMT+0200 (CEST);Fri Jul 05 2019 11:56:43 GMT+0200 (CEST);1562327803000;2.9;611.83
1380556833984591;44.7;32.2;Fri Jul 05 2019 13:58:13 GMT+0200 (CEST);Fri Jul 05 2019 11:58:13 GMT+0200 (CEST);1562327893000;3;614.39
1380556833984591;44.7;31.7;Fri Jul 05 2019 13:59:43 GMT+0200 (CEST);Fri Jul 05 2019 11:59:43 GMT+0200 (CEST);1562327983000;2.9;568.31
1380556833984591;44.7;31.7;Fri Jul 05 2019 14:01:14 GMT+0200 (CEST);Fri Jul 05 2019 12:01:14 GMT+0200 (CEST);1562328074000;2.6;537.59
1380556833984591;44.7;31.9;Fri Jul 05 2019 14:02:43 GMT+0200 (CEST);Fri Jul 05 2019 12:02:43 GMT+0200 (CEST);1562328163000;2.6;524.79
1380556833984591;44.7;31.9;Fri Jul 05 2019 14:04:18 GMT+0200 (CEST);Fri Jul 05 2019 12:04:18 GMT+0200 (CEST);1562328258000;3.5;717.85
1380556833984591;44.7;32.6;Fri Jul 05 2019 14:06:01 GMT+0200 (CEST);Fri Jul 05 2019 12:06:01 GMT+0200 (CEST);1562328361000;5;1087.99
1380556833984591;44.7;31.4;Fri Jul 05 2019 14:07:51 GMT+0200 (CEST);Fri Jul 05 2019 12:07:51 GMT+0200 (CEST);1562328471000;6;1080.31
1380556833984591;44.7;31.7;Fri Jul 05 2019 14:09:21 GMT+0200 (CEST);Fri Jul 05 2019 12:09:21 GMT+0200 (CEST);1562328561000;5.1;896.99
1380556833984591;44.7;30.7;Fri Jul 05 2019 14:10:52 GMT+0200 (CEST);Fri Jul 05 2019 12:10:52 GMT+0200 (CEST);1562328652000;5;1144.31
1380556833984591;44.7;30.8;Fri Jul 05 2019 14:12:21 GMT+0200 (CEST);Fri Jul 05 2019 12:12:21 GMT+0200 (CEST);1562328741000;4.8;1116.15
1380556833984591;44.7;30.8;Fri Jul 05 2019 14:13:51 GMT+0200 (CEST);Fri Jul 05 2019 12:13:51 GMT+0200 (CEST);1562328831000;6.2;1215.99
1380556833984591;44.7;30.6;Fri Jul 05 2019 14:15:21 GMT+0200 (CEST);Fri Jul 05 2019 12:15:21 GMT+0200 (CEST);1562328921000;4.8;1047.03
1380556833984591;46.7;31.1;Fri Jul 05 2019 14:16:56 GMT+0200 (CEST);Fri Jul 05 2019 12:16:56 GMT+0200 (CEST);1562329016000;4.8;1154.55
1380556833984591;46.7;31.1;Fri Jul 05 2019 14:18:27 GMT+0200 (CEST);Fri Jul 05 2019 12:18:27 GMT+0200 (CEST);1562329107000;5;1036.79
1380556833984591;46.7;30.1;Fri Jul 05 2019 14:20:17 GMT+0200 (CEST);Fri Jul 05 2019 12:20:17 GMT+0200 (CEST);1562329217000;5.5;1082.87
1380556833984591;47.2;29.7;Fri Jul 05 2019 14:21:48 GMT+0200 (CEST);Fri Jul 05 2019 12:21:48 GMT+0200 (CEST);1562329308000;6.7;1180.15
1380556833984591;47.2;31;Fri Jul 05 2019 14:23:24 GMT+0200 (CEST);Fri Jul 05 2019 12:23:24 GMT+0200 (CEST);1562329404000;3.9;823.18
1380556833984591;48.2;30.6;Fri Jul 05 2019 14:24:55 GMT+0200 (CEST);Fri Jul 05 2019 12:24:55 GMT+0200 (CEST);1562329495000;5.7;1218.55
1380556833984591;48.2;30.7;Fri Jul 05 2019 14:26:26 GMT+0200 (CEST);Fri Jul 05 2019 12:26:26 GMT+0200 (CEST);1562329586000;4;796.95
1380556833984591;48.2;30.1;Fri Jul 05 2019 14:27:56 GMT+0200 (CEST);Fri Jul 05 2019 12:27:56 GMT+0200 (CEST);1562329676000;2.8;529.91
1380556833984591;49.7;30.3;Fri Jul 05 2019 14:29:26 GMT+0200 (CEST);Fri Jul 05 2019 12:29:26 GMT+0200 (CEST);1562329766000;2.3;465.91
1380556833984591;49.7;31;Fri Jul 05 2019 14:30:57 GMT+0200 (CEST);Fri Jul 05 2019 12:30:57 GMT+0200 (CEST);1562329857000;1.9;378.87
1380556833984591;49.7;31.2;Fri Jul 05 2019 14:32:28 GMT+0200 (CEST);Fri Jul 05 2019 12:32:28 GMT+0200 (CEST);1562329948000;1.7;345.59
1380556833984591;48.2;31.5;Fri Jul 05 2019 14:34:18 GMT+0200 (CEST);Fri Jul 05 2019 12:34:18 GMT+0200 (CEST);1562330058000;1.7;353.27
1380556833984591;48.2;32;Fri Jul 05 2019 14:35:49 GMT+0200 (CEST);Fri Jul 05 2019 12:35:49 GMT+0200 (CEST);1562330149000;1.9;401.91
1380556833984591;48.2;32.4;Fri Jul 05 2019 14:37:44 GMT+0200 (CEST);Fri Jul 05 2019 12:37:44 GMT+0200 (CEST);1562330264000;2.9;563.19
1380556833984591;45.2;32.8;Fri Jul 05 2019 14:39:13 GMT+0200 (CEST);Fri Jul 05 2019 12:39:13 GMT+0200 (CEST);1562330353000;6;1239.03
1380556833984591;45.2;32.5;Fri Jul 05 2019 14:40:44 GMT+0200 (CEST);Fri Jul 05 2019 12:40:44 GMT+0200 (CEST);1562330444000;5.3;1241.59
1380556833984591;45.2;32.6;Fri Jul 05 2019 14:42:18 GMT+0200 (CEST);Fri Jul 05 2019 12:42:18 GMT+0200 (CEST);1562330538000;5;1118.71
1380556833984591;45.2;31.8;Fri Jul 05 2019 14:43:48 GMT+0200 (CEST);Fri Jul 05 2019 12:43:48 GMT+0200 (CEST);1562330628000;3.7;751.72
1380556833984591;45.2;31.3;Fri Jul 05 2019 14:45:21 GMT+0200 (CEST);Fri Jul 05 2019 12:45:21 GMT+0200 (CEST);1562330721000;6;1251.83
1380556833984591;45.2;31.9;Fri Jul 05 2019 14:46:54 GMT+0200 (CEST);Fri Jul 05 2019 12:46:54 GMT+0200 (CEST);1562330814000;5;747.55
1380556833984591;45.2;31;Fri Jul 05 2019 14:48:29 GMT+0200 (CEST);Fri Jul 05 2019 12:48:29 GMT+0200 (CEST);1562330909000;2.5;509.43
1380556833984591;46.7;31;Fri Jul 05 2019 14:49:59 GMT+0200 (CEST);Fri Jul 05 2019 12:49:59 GMT+0200 (CEST);1562330999000;2.5;547.83
1380556833984591;46.7;31.5;Fri Jul 05 2019 14:51:29 GMT+0200 (CEST);Fri Jul 05 2019 12:51:29 GMT+0200 (CEST);1562331089000;3.6;705.08
1380556833984591;46.7;32.2;Fri Jul 05 2019 14:53:04 GMT+0200 (CEST);Fri Jul 05 2019 12:53:04 GMT+0200 (CEST);1562331184000;3.9;881.83
1380556833984591;45.2;32;Fri Jul 05 2019 14:54:36 GMT+0200 (CEST);Fri Jul 05 2019 12:54:36 GMT+0200 (CEST);1562331276000;4.8;1016.31
1380556833984591;45.2;32.3;Fri Jul 05 2019 14:56:16 GMT+0200 (CEST);Fri Jul 05 2019 12:56:16 GMT+0200 (CEST);1562331376000;4.6;982.87
1380556833984591;45.2;32.4;Fri Jul 05 2019 14:57:46 GMT+0200 (CEST);Fri Jul 05 2019 12:57:46 GMT+0200 (CEST);1562331466000;4.6;960.65
1380556833984591;45.2;32.1;Fri Jul 05 2019 14:59:18 GMT+0200 (CEST);Fri Jul 05 2019 12:59:18 GMT+0200 (CEST);1562331558000;4.5;948.52
1380556833984591;45.2;32.1;Fri Jul 05 2019 15:00:52 GMT+0200 (CEST);Fri Jul 05 2019 13:00:52 GMT+0200 (CEST);1562331652000;4.5;937.93
1380556833984591;45.2;31.7;Fri Jul 05 2019 15:02:28 GMT+0200 (CEST);Fri Jul 05 2019 13:02:28 GMT+0200 (CEST);1562331748000;4.6;943.38
1380556833984591;46.7;31.3;Fri Jul 05 2019 15:03:59 GMT+0200 (CEST);Fri Jul 05 2019 13:03:59 GMT+0200 (CEST);1562331839000;4.7;962.07
1380556833984591;46.7;31.6;Fri Jul 05 2019 15:05:28 GMT+0200 (CEST);Fri Jul 05 2019 13:05:28 GMT+0200 (CEST);1562331928000;4.8;954.7
1380556833984591;46.7;31.7;Fri Jul 05 2019 15:07:00 GMT+0200 (CEST);Fri Jul 05 2019 13:07:00 GMT+0200 (CEST);1562332020000;3.2;714.55
1380556833984591;46.7;30.8;Fri Jul 05 2019 15:08:32 GMT+0200 (CEST);Fri Jul 05 2019 13:08:32 GMT+0200 (CEST);1562332112000;3.3;669.59
1380556833984591;46.7;32.6;Fri Jul 05 2019 15:10:01 GMT+0200 (CEST);Fri Jul 05 2019 13:10:01 GMT+0200 (CEST);1562332201000;2.6;529.91
1380556833984591;46.7;31.7;Fri Jul 05 2019 15:11:32 GMT+0200 (CEST);Fri Jul 05 2019 13:11:32 GMT+0200 (CEST);1562332292000;1.9;447.99
1380556833984591;46.7;31.5;Fri Jul 05 2019 15:13:02 GMT+0200 (CEST);Fri Jul 05 2019 13:13:02 GMT+0200 (CEST);1562332382000;1.6;332.79
1380556833984591;46.7;31.5;Fri Jul 05 2019 15:14:32 GMT+0200 (CEST);Fri Jul 05 2019 13:14:32 GMT+0200 (CEST);1562332472000;1.6;345.59
1380556833984591;46.7;31.9;Fri Jul 05 2019 15:16:01 GMT+0200 (CEST);Fri Jul 05 2019 13:16:01 GMT+0200 (CEST);1562332561000;1.6;335.35
1380556833984591;46.7;32.2;Fri Jul 05 2019 15:17:32 GMT+0200 (CEST);Fri Jul 05 2019 13:17:32 GMT+0200 (CEST);1562332652000;1.6;340.47
1380556833984591;44.7;32.5;Fri Jul 05 2019 15:19:11 GMT+0200 (CEST);Fri Jul 05 2019 13:19:11 GMT+0200 (CEST);1562332751000;2.3;473.59
1380556833984591;44.7;33.5;Fri Jul 05 2019 15:20:44 GMT+0200 (CEST);Fri Jul 05 2019 13:20:44 GMT+0200 (CEST);1562332844000;3.6;780.03
1380556833984591;42.6;33.4;Fri Jul 05 2019 15:22:15 GMT+0200 (CEST);Fri Jul 05 2019 13:22:15 GMT+0200 (CEST);1562332935000;4.1;850.83
1380556833984591;42.6;32.5;Fri Jul 05 2019 15:23:56 GMT+0200 (CEST);Fri Jul 05 2019 13:23:56 GMT+0200 (CEST);1562333036000;5.3;1018.87
1380556833984591;42.6;31.7;Fri Jul 05 2019 15:25:26 GMT+0200 (CEST);Fri Jul 05 2019 13:25:26 GMT+0200 (CEST);1562333126000;5;1000.95
1380556833984591;42.6;31.8;Fri Jul 05 2019 15:26:56 GMT+0200 (CEST);Fri Jul 05 2019 13:26:56 GMT+0200 (CEST);1562333216000;4.8;959.01
1380556833984591;42.1;31.8;Fri Jul 05 2019 15:28:25 GMT+0200 (CEST);Fri Jul 05 2019 13:28:25 GMT+0200 (CEST);1562333305000;4.6;932.66
1380556833984591;42.1;31.8;Fri Jul 05 2019 15:29:57 GMT+0200 (CEST);Fri Jul 05 2019 13:29:57 GMT+0200 (CEST);1562333397000;4.6;919.39
1380556833984591;42.1;31.7;Fri Jul 05 2019 15:31:27 GMT+0200 (CEST);Fri Jul 05 2019 13:31:27 GMT+0200 (CEST);1562333487000;4.4;922.38
1380556833984591;44.7;31.5;Fri Jul 05 2019 15:32:57 GMT+0200 (CEST);Fri Jul 05 2019 13:32:57 GMT+0200 (CEST);1562333577000;4.7;935.27
1380556833984591;44.7;30.6;Fri Jul 05 2019 15:34:43 GMT+0200 (CEST);Fri Jul 05 2019 13:34:43 GMT+0200 (CEST);1562333683000;3.5;898.11
1380556833984591;44.7;31.3;Fri Jul 05 2019 15:36:17 GMT+0200 (CEST);Fri Jul 05 2019 13:36:17 GMT+0200 (CEST);1562333777000;2.9;604.15
1380556833984591;46.7;31.6;Fri Jul 05 2019 15:37:47 GMT+0200 (CEST);Fri Jul 05 2019 13:37:47 GMT+0200 (CEST);1562333867000;1.9;473.59
1380556833984591;46.7;31.3;Fri Jul 05 2019 15:39:24 GMT+0200 (CEST);Fri Jul 05 2019 13:39:24 GMT+0200 (CEST);1562333964000;1.7;371.19
1380556833984591;46.7;32.1;Fri Jul 05 2019 15:40:57 GMT+0200 (CEST);Fri Jul 05 2019 13:40:57 GMT+0200 (CEST);1562334057000;1.7;350.71
1380556833984591;46.7;31.6;Fri Jul 05 2019 15:42:29 GMT+0200 (CEST);Fri Jul 05 2019 13:42:29 GMT+0200 (CEST);1562334149000;2;555.51
1380556833984591;46.7;31.7;Fri Jul 05 2019 15:43:59 GMT+0200 (CEST);Fri Jul 05 2019 13:43:59 GMT+0200 (CEST);1562334239000;2.2;478.71
1380556833984591;46.7;31.7;Fri Jul 05 2019 15:45:29 GMT+0200 (CEST);Fri Jul 05 2019 13:45:29 GMT+0200 (CEST);1562334329000;4.3;957.61
1380556833984591;46.7;32.8;Fri Jul 05 2019 15:47:01 GMT+0200 (CEST);Fri Jul 05 2019 13:47:01 GMT+0200 (CEST);1562334421000;2.6;565.75
1380556833984591;44.7;32;Fri Jul 05 2019 15:48:31 GMT+0200 (CEST);Fri Jul 05 2019 13:48:31 GMT+0200 (CEST);1562334511000;5.2;845.16
1380556833984591;44.7;32.4;Fri Jul 05 2019 15:50:07 GMT+0200 (CEST);Fri Jul 05 2019 13:50:07 GMT+0200 (CEST);1562334607000;2.1;473.59
1380556833984591;44.7;31.3;Fri Jul 05 2019 15:51:41 GMT+0200 (CEST);Fri Jul 05 2019 13:51:41 GMT+0200 (CEST);1562334701000;2;417.27
1380556833984591;45.2;31.6;Fri Jul 05 2019 15:53:19 GMT+0200 (CEST);Fri Jul 05 2019 13:53:19 GMT+0200 (CEST);1562334799000;1.9;453.11
1380556833984591;45.2;32.1;Fri Jul 05 2019 15:54:56 GMT+0200 (CEST);Fri Jul 05 2019 13:54:56 GMT+0200 (CEST);1562334896000;1.6;350.71
1380556833984591;45.2;31.7;Fri Jul 05 2019 15:56:25 GMT+0200 (CEST);Fri Jul 05 2019 13:56:25 GMT+0200 (CEST);1562334985000;1.2;273.9
1380556833984591;-273.2;31.7;Fri Jul 05 2019 16:27:59 GMT+0200 (CEST);Fri Jul 05 2019 14:27:59 GMT+0200 (CEST);1562336879000;3.52;711.16
1380556833984591;45.2;31.8;Fri Jul 05 2019 16:31:12 GMT+0200 (CEST);Fri Jul 05 2019 14:31:12 GMT+0200 (CEST);1562337072000;3.42;702.84
1380556833984591;45.2;31.4;Fri Jul 05 2019 16:34:57 GMT+0200 (CEST);Fri Jul 05 2019 14:34:57 GMT+0200 (CEST);1562337297000;0.83;189.31
1380556833984591;45.2;32.3;Fri Jul 05 2019 16:38:36 GMT+0200 (CEST);Fri Jul 05 2019 14:38:36 GMT+0200 (CEST);1562337516000;2.03;455.67
1380556833984591;44.7;32.4;Fri Jul 05 2019 16:41:51 GMT+0200 (CEST);Fri Jul 05 2019 14:41:51 GMT+0200 (CEST);1562337711000;4.05;805.45
1380556833984591;44.7;32.4;Fri Jul 05 2019 16:45:04 GMT+0200 (CEST);Fri Jul 05 2019 14:45:04 GMT+0200 (CEST);1562337904000;3.7;754.3
1380556833984591;42.6;31.5;Fri Jul 05 2019 16:48:18 GMT+0200 (CEST);Fri Jul 05 2019 14:48:18 GMT+0200 (CEST);1562338098000;3.32;663.83
1380556833984591;43.1;31.5;Fri Jul 05 2019 16:51:39 GMT+0200 (CEST);Fri Jul 05 2019 14:51:39 GMT+0200 (CEST);1562338299000;3.07;611.83
1380556833984591;43.1;32.1;Fri Jul 05 2019 16:54:52 GMT+0200 (CEST);Fri Jul 05 2019 14:54:52 GMT+0200 (CEST);1562338492000;2.94;599.03
1380556833984591;43.1;31.6;Fri Jul 05 2019 16:58:17 GMT+0200 (CEST);Fri Jul 05 2019 14:58:17 GMT+0200 (CEST);1562338697000;3.07;611.83
1380556833984591;43.1;31.5;Fri Jul 05 2019 17:01:36 GMT+0200 (CEST);Fri Jul 05 2019 15:01:36 GMT+0200 (CEST);1562338896000;3.27;655.35
1380556833984591;43.1;31.4;Fri Jul 05 2019 17:05:06 GMT+0200 (CEST);Fri Jul 05 2019 15:05:06 GMT+0200 (CEST);1562339106000;3.1;619.51
1380556833984591;42.6;31.6;Fri Jul 05 2019 17:08:23 GMT+0200 (CEST);Fri Jul 05 2019 15:08:23 GMT+0200 (CEST);1562339303000;2.96;591.35
1380556833984591;42.6;31.5;Fri Jul 05 2019 17:11:38 GMT+0200 (CEST);Fri Jul 05 2019 15:11:38 GMT+0200 (CEST);1562339498000;2.99;596.47
1380556833984591;42.6;31.3;Fri Jul 05 2019 17:14:55 GMT+0200 (CEST);Fri Jul 05 2019 15:14:55 GMT+0200 (CEST);1562339695000;0.8;170.6
1380556833984591;42.6;32.7;Fri Jul 05 2019 17:18:09 GMT+0200 (CEST);Fri Jul 05 2019 15:18:09 GMT+0200 (CEST);1562339889000;1.89;409.59
1380556833984591;41.1;32.3;Fri Jul 05 2019 17:21:54 GMT+0200 (CEST);Fri Jul 05 2019 15:21:54 GMT+0200 (CEST);1562340114000;3.56;698.79
1380556833984591;41.1;32.1;Fri Jul 05 2019 17:25:17 GMT+0200 (CEST);Fri Jul 05 2019 15:25:17 GMT+0200 (CEST);1562340317000;2.33;458.23
1380556833984591;41.1;33;Fri Jul 05 2019 17:28:37 GMT+0200 (CEST);Fri Jul 05 2019 15:28:37 GMT+0200 (CEST);1562340517000;2.66;565.75
1380556833984591;41.1;32;Fri Jul 05 2019 17:31:51 GMT+0200 (CEST);Fri Jul 05 2019 15:31:51 GMT+0200 (CEST);1562340711000;1.56;321.47
1380556833984591;41.1;33.3;Fri Jul 05 2019 17:35:05 GMT+0200 (CEST);Fri Jul 05 2019 15:35:05 GMT+0200 (CEST);1562340905000;2.39;514.55
1380556833984591;41.1;33.4;Fri Jul 05 2019 17:38:18 GMT+0200 (CEST);Fri Jul 05 2019 15:38:18 GMT+0200 (CEST);1562341098000;2.64;570.87
1380556833984591;41.1;32.8;Fri Jul 05 2019 17:41:36 GMT+0200 (CEST);Fri Jul 05 2019 15:41:36 GMT+0200 (CEST);1562341296000;2.1;437.75
1380556833984591;41.1;32.9;Fri Jul 05 2019 17:45:05 GMT+0200 (CEST);Fri Jul 05 2019 15:45:05 GMT+0200 (CEST);1562341505000;1.77;360.95
1380556833984591;40.6;32.5;Fri Jul 05 2019 17:48:44 GMT+0200 (CEST);Fri Jul 05 2019 15:48:44 GMT+0200 (CEST);1562341724000;1.39;290.78
1380556833984591;40.6;32.4;Fri Jul 05 2019 17:51:58 GMT+0200 (CEST);Fri Jul 05 2019 15:51:58 GMT+0200 (CEST);1562341918000;1.24;257.44
1380556833984591;39.1;32.3;Fri Jul 05 2019 17:55:16 GMT+0200 (CEST);Fri Jul 05 2019 15:55:16 GMT+0200 (CEST);1562342116000;1.08;228.07
1380556833984591;38.6;33.5;Fri Jul 05 2019 17:58:36 GMT+0200 (CEST);Fri Jul 05 2019 15:58:36 GMT+0200 (CEST);1562342316000;2.15;542.71
1380556833984591;38.6;32.7;Fri Jul 05 2019 18:02:02 GMT+0200 (CEST);Fri Jul 05 2019 16:02:02 GMT+0200 (CEST);1562342522000;2.08;483.83
1380556833984591;38.6;33.6;Fri Jul 05 2019 18:05:18 GMT+0200 (CEST);Fri Jul 05 2019 16:05:18 GMT+0200 (CEST);1562342718000;1.04;219.87
1380556833984591;38.6;32.6;Fri Jul 05 2019 18:08:33 GMT+0200 (CEST);Fri Jul 05 2019 16:08:33 GMT+0200 (CEST);1562342913000;1.08;264.55
1380556833984591;38.6;33.5;Fri Jul 05 2019 18:11:56 GMT+0200 (CEST);Fri Jul 05 2019 16:11:56 GMT+0200 (CEST);1562343116000;1.3;239.92
1380556833984591;38.6;33.8;Fri Jul 05 2019 18:15:10 GMT+0200 (CEST);Fri Jul 05 2019 16:15:10 GMT+0200 (CEST);1562343310000;0.67;180.3
1380556833984591;38.6;31.9;Fri Jul 05 2019 18:18:23 GMT+0200 (CEST);Fri Jul 05 2019 16:18:23 GMT+0200 (CEST);1562343503000;0.7;152.66
1380556833984591;38.6;32;Fri Jul 05 2019 18:21:37 GMT+0200 (CEST);Fri Jul 05 2019 16:21:37 GMT+0200 (CEST);1562343697000;0.47;103.51
1380556833984591;36.6;32.4;Fri Jul 05 2019 18:24:56 GMT+0200 (CEST);Fri Jul 05 2019 16:24:56 GMT+0200 (CEST);1562343896000;1.3;271.7
1380556833984591;36.6;34.3;Fri Jul 05 2019 18:28:09 GMT+0200 (CEST);Fri Jul 05 2019 16:28:09 GMT+0200 (CEST);1562344089000;1.56;340.47
1380556833984591;36.6;33.8;Fri Jul 05 2019 18:31:23 GMT+0200 (CEST);Fri Jul 05 2019 16:31:23 GMT+0200 (CEST);1562344283000;1.39;314.81
1380556833984591;36.6;33.8;Fri Jul 05 2019 18:34:36 GMT+0200 (CEST);Fri Jul 05 2019 16:34:36 GMT+0200 (CEST);1562344476000;1.31;295.91
1380556833984591;36.6;31.8;Fri Jul 05 2019 18:37:59 GMT+0200 (CEST);Fri Jul 05 2019 16:37:59 GMT+0200 (CEST);1562344679000;0.87;203.43
1380556833984591;36.6;33;Fri Jul 05 2019 18:41:13 GMT+0200 (CEST);Fri Jul 05 2019 16:41:13 GMT+0200 (CEST);1562344873000;0.48;112.57
1380556833984591;36.6;32.8;Fri Jul 05 2019 18:44:27 GMT+0200 (CEST);Fri Jul 05 2019 16:44:27 GMT+0200 (CEST);1562345067000;0.4;93.59
1380556833984591;35.1;31.5;Fri Jul 05 2019 18:47:45 GMT+0200 (CEST);Fri Jul 05 2019 16:47:45 GMT+0200 (CEST);1562345265000;0.38;91.56
1380556833984591;33.6;31.5;Fri Jul 05 2019 18:51:38 GMT+0200 (CEST);Fri Jul 05 2019 16:51:38 GMT+0200 (CEST);1562345498000;0.36;86.14
1380556833984591;33.6;32.4;Fri Jul 05 2019 18:55:45 GMT+0200 (CEST);Fri Jul 05 2019 16:55:45 GMT+0200 (CEST);1562345745000;0.34;128.67
1380556833984591;32.1;33.3;Fri Jul 05 2019 18:59:01 GMT+0200 (CEST);Fri Jul 05 2019 16:59:01 GMT+0200 (CEST);1562345941000;0.81;208.72
1380556833984591;32.1;34.1;Fri Jul 05 2019 19:02:19 GMT+0200 (CEST);Fri Jul 05 2019 17:02:19 GMT+0200 (CEST);1562346139000;0.74;193.82
1380556833984591;32.1;33.9;Fri Jul 05 2019 19:05:43 GMT+0200 (CEST);Fri Jul 05 2019 17:05:43 GMT+0200 (CEST);1562346343000;0.68;179.69
1380556833984591;34.6;34;Fri Jul 05 2019 19:08:56 GMT+0200 (CEST);Fri Jul 05 2019 17:08:56 GMT+0200 (CEST);1562346536000;0.63;170.53
1380556833984591;34.6;33.5;Fri Jul 05 2019 19:12:09 GMT+0200 (CEST);Fri Jul 05 2019 17:12:09 GMT+0200 (CEST);1562346729000;0.43;152.03
1380556833984591;32.1;34;Fri Jul 05 2019 19:15:23 GMT+0200 (CEST);Fri Jul 05 2019 17:15:23 GMT+0200 (CEST);1562346923000;0.21;56.36
1380556833984591;32.1;33.7;Fri Jul 05 2019 19:18:38 GMT+0200 (CEST);Fri Jul 05 2019 17:18:38 GMT+0200 (CEST);1562347118000;0.45;138.06
1380556833984591;32.1;34;Fri Jul 05 2019 19:21:57 GMT+0200 (CEST);Fri Jul 05 2019 17:21:57 GMT+0200 (CEST);1562347317000;0.41;126.64
1380556833984591;32.1;34;Fri Jul 05 2019 19:25:11 GMT+0200 (CEST);Fri Jul 05 2019 17:25:11 GMT+0200 (CEST);1562347511000;0.37;118.09
1380556833984591;32.1;33.9;Fri Jul 05 2019 19:28:27 GMT+0200 (CEST);Fri Jul 05 2019 17:28:27 GMT+0200 (CEST);1562347707000;0.33;107.81
1380556833984591;32.1;33.7;Fri Jul 05 2019 19:31:46 GMT+0200 (CEST);Fri Jul 05 2019 17:31:46 GMT+0200 (CEST);1562347906000;0.29;97.91
1380556833984591;32.1;33.6;Fri Jul 05 2019 19:35:01 GMT+0200 (CEST);Fri Jul 05 2019 17:35:01 GMT+0200 (CEST);1562348101000;0.24;87.09
1380556833984591;32.1;33.6;Fri Jul 05 2019 19:38:26 GMT+0200 (CEST);Fri Jul 05 2019 17:38:26 GMT+0200 (CEST);1562348306000;0.21;78.84
1380556833984591;32.1;33.8;Fri Jul 05 2019 19:41:47 GMT+0200 (CEST);Fri Jul 05 2019 17:41:47 GMT+0200 (CEST);1562348507000;0.17;60.72
1380556833984591;32.1;33.4;Fri Jul 05 2019 19:45:01 GMT+0200 (CEST);Fri Jul 05 2019 17:45:01 GMT+0200 (CEST);1562348701000;0.16;63.19
1380556833984591;32.1;32.6;Fri Jul 05 2019 19:48:17 GMT+0200 (CEST);Fri Jul 05 2019 17:48:17 GMT+0200 (CEST);1562348897000;0.15;59.82
1380556833984591;31.1;32.3;Fri Jul 05 2019 19:51:39 GMT+0200 (CEST);Fri Jul 05 2019 17:51:39 GMT+0200 (CEST);1562349099000;0.15;56.69
1380556833984591;31.1;32.1;Fri Jul 05 2019 19:54:53 GMT+0200 (CEST);Fri Jul 05 2019 17:54:53 GMT+0200 (CEST);1562349293000;0.15;57.52
1380556833984591;31.1;31.7;Fri Jul 05 2019 19:58:06 GMT+0200 (CEST);Fri Jul 05 2019 17:58:06 GMT+0200 (CEST);1562349486000;0.13;53.31
1380556833984591;31.1;31;Fri Jul 05 2019 20:01:20 GMT+0200 (CEST);Fri Jul 05 2019 18:01:20 GMT+0200 (CEST);1562349680000;0.11;47.67
1380556833984591;30.5;31.1;Fri Jul 05 2019 20:04:33 GMT+0200 (CEST);Fri Jul 05 2019 18:04:33 GMT+0200 (CEST);1562349873000;0.11;47.24
1380556833984591;30.5;31.4;Fri Jul 05 2019 20:07:48 GMT+0200 (CEST);Fri Jul 05 2019 18:07:48 GMT+0200 (CEST);1562350068000;0.1;43.09
1380556833984591;30.5;31.3;Fri Jul 05 2019 20:11:09 GMT+0200 (CEST);Fri Jul 05 2019 18:11:09 GMT+0200 (CEST);1562350269000;0.09;39.43
1380556833984591;30.5;30.4;Fri Jul 05 2019 20:14:24 GMT+0200 (CEST);Fri Jul 05 2019 18:14:24 GMT+0200 (CEST);1562350464000;0.07;30.06
1380556833984591;29;30.5;Fri Jul 05 2019 20:17:37 GMT+0200 (CEST);Fri Jul 05 2019 18:17:37 GMT+0200 (CEST);1562350657000;0.04;20.91
1380556833984591;29;29.8;Fri Jul 05 2019 20:21:19 GMT+0200 (CEST);Fri Jul 05 2019 18:21:19 GMT+0200 (CEST);1562350879000;0.04;22.49
1380556833984591;28.5;29.6;Fri Jul 05 2019 20:25:00 GMT+0200 (CEST);Fri Jul 05 2019 18:25:00 GMT+0200 (CEST);1562351100000;0.03;20.35
1380556833984591;28.5;29.5;Fri Jul 05 2019 20:28:16 GMT+0200 (CEST);Fri Jul 05 2019 18:28:16 GMT+0200 (CEST);1562351296000;0.04;21.59
1380556833984591;28.5;29.8;Fri Jul 05 2019 20:31:46 GMT+0200 (CEST);Fri Jul 05 2019 18:31:46 GMT+0200 (CEST);1562351506000;0.04;20.69
1380556833984591;28.5;29.7;Fri Jul 05 2019 20:35:02 GMT+0200 (CEST);Fri Jul 05 2019 18:35:02 GMT+0200 (CEST);1562351702000;0.04;20.89
1380556833984591;27;29.3;Fri Jul 05 2019 20:38:15 GMT+0200 (CEST);Fri Jul 05 2019 18:38:15 GMT+0200 (CEST);1562351895000;0.04;20.88
1380556833984591;26.5;29.6;Fri Jul 05 2019 20:41:30 GMT+0200 (CEST);Fri Jul 05 2019 18:41:30 GMT+0200 (CEST);1562352090000;0.02;18.48
1380556833984591;26.5;29.4;Fri Jul 05 2019 20:44:43 GMT+0200 (CEST);Fri Jul 05 2019 18:44:43 GMT+0200 (CEST);1562352283000;0.01;15.13
1380556833984591;26.5;28.9;Fri Jul 05 2019 20:47:57 GMT+0200 (CEST);Fri Jul 05 2019 18:47:57 GMT+0200 (CEST);1562352477000;0.01;15.04
1380556833984591;26.5;27.7;Fri Jul 05 2019 20:51:10 GMT+0200 (CEST);Fri Jul 05 2019 18:51:10 GMT+0200 (CEST);1562352670000;0.01;12.96
1380556833984591;26.5;26.6;Fri Jul 05 2019 20:54:24 GMT+0200 (CEST);Fri Jul 05 2019 18:54:24 GMT+0200 (CEST);1562352864000;0;10.69
1380556833984591;24.5;26.5;Fri Jul 05 2019 20:57:41 GMT+0200 (CEST);Fri Jul 05 2019 18:57:41 GMT+0200 (CEST);1562353061000;0;9.48
1380556833984591;24.5;28.3;Fri Jul 05 2019 21:00:54 GMT+0200 (CEST);Fri Jul 05 2019 19:00:54 GMT+0200 (CEST);1562353254000;0;8.14
1380556833984591;24.5;27.2;Fri Jul 05 2019 21:04:09 GMT+0200 (CEST);Fri Jul 05 2019 19:04:09 GMT+0200 (CEST);1562353449000;0;6.72
1380556833984591;24;26.2;Fri Jul 05 2019 21:07:24 GMT+0200 (CEST);Fri Jul 05 2019 19:07:24 GMT+0200 (CEST);1562353644000;0;5.46
1380556833984591;23;25.4;Fri Jul 05 2019 21:10:49 GMT+0200 (CEST);Fri Jul 05 2019 19:10:49 GMT+0200 (CEST);1562353849000;0;4.31
1380556833984591;23;25.4;Fri Jul 05 2019 21:14:15 GMT+0200 (CEST);Fri Jul 05 2019 19:14:15 GMT+0200 (CEST);1562354055000;0;2.59
1380556833984591;23;31;Fri Jul 05 2019 21:17:29 GMT+0200 (CEST);Fri Jul 05 2019 19:17:29 GMT+0200 (CEST);1562354249000;0;1.89
1380556833984591;24.5;29.9;Fri Jul 05 2019 21:20:44 GMT+0200 (CEST);Fri Jul 05 2019 19:20:44 GMT+0200 (CEST);1562354444000;0;1.3
1380556833984591;24.5;29.3;Fri Jul 05 2019 21:23:59 GMT+0200 (CEST);Fri Jul 05 2019 19:23:59 GMT+0200 (CEST);1562354639000;0;0.27
1380556833984591;24.5;29.3;Fri Jul 05 2019 21:27:15 GMT+0200 (CEST);Fri Jul 05 2019 19:27:15 GMT+0200 (CEST);1562354835000;0;0
1380556833984591;-273.2;26;Sat Jul 06 2019 05:22:11 GMT+0200 (CEST);Sat Jul 06 2019 03:22:11 GMT+0200 (CEST);1562383331000;0;3.23
1380556833984591;-273.2;29.7;Sat Jul 06 2019 05:55:18 GMT+0200 (CEST);Sat Jul 06 2019 03:55:18 GMT+0200 (CEST);1562385318000;0;12.5
1380556833984591;14.4;31;Sat Jul 06 2019 05:59:31 GMT+0200 (CEST);Sat Jul 06 2019 03:59:31 GMT+0200 (CEST);1562385571000;0;13.47
1380556833984591;15.9;32.1;Sat Jul 06 2019 06:02:45 GMT+0200 (CEST);Sat Jul 06 2019 04:02:45 GMT+0200 (CEST);1562385765000;0;14.89
1380556833984591;16.9;32.3;Sat Jul 06 2019 06:06:09 GMT+0200 (CEST);Sat Jul 06 2019 04:06:09 GMT+0200 (CEST);1562385969000;0;16.42
1380556833984591;16.9;33.7;Sat Jul 06 2019 06:09:23 GMT+0200 (CEST);Sat Jul 06 2019 04:09:23 GMT+0200 (CEST);1562386163000;0;20.16
1380556833984591;18.5;35.3;Sat Jul 06 2019 06:12:47 GMT+0200 (CEST);Sat Jul 06 2019 04:12:47 GMT+0200 (CEST);1562386367000;0;23.05
1380556833984591;20.5;36.1;Sat Jul 06 2019 06:16:22 GMT+0200 (CEST);Sat Jul 06 2019 04:16:22 GMT+0200 (CEST);1562386582000;0.05;27.85
1380556833984591;18.5;31.7;Sat Jul 06 2019 06:20:01 GMT+0200 (CEST);Sat Jul 06 2019 04:20:01 GMT+0200 (CEST);1562386801000;0.06;30.86
1380556833984591;18.5;31.7;Sat Jul 06 2019 06:23:18 GMT+0200 (CEST);Sat Jul 06 2019 04:23:18 GMT+0200 (CEST);1562386998000;0.09;36.61
1380556833984591;18.5;31.9;Sat Jul 06 2019 06:26:39 GMT+0200 (CEST);Sat Jul 06 2019 04:26:39 GMT+0200 (CEST);1562387199000;0.14;46.5
1380556833984591;18.5;32.9;Sat Jul 06 2019 06:29:55 GMT+0200 (CEST);Sat Jul 06 2019 04:29:55 GMT+0200 (CEST);1562387395000;0.17;53.05
1380556833984591;18.5;33.6;Sat Jul 06 2019 06:33:31 GMT+0200 (CEST);Sat Jul 06 2019 04:33:31 GMT+0200 (CEST);1562387611000;0.24;63.58
1380556833984591;20.5;33.5;Sat Jul 06 2019 06:37:09 GMT+0200 (CEST);Sat Jul 06 2019 04:37:09 GMT+0200 (CEST);1562387829000;0.26;68.36
1380556833984591;20.5;33.6;Sat Jul 06 2019 06:40:22 GMT+0200 (CEST);Sat Jul 06 2019 04:40:22 GMT+0200 (CEST);1562388022000;0.34;74.21
1380556833984591;20.5;23.5;Sat Jul 06 2019 06:43:40 GMT+0200 (CEST);Sat Jul 06 2019 04:43:40 GMT+0200 (CEST);1562388220000;0.37;77.62
1380556833984591;18.5;33.1;Sat Jul 06 2019 06:46:53 GMT+0200 (CEST);Sat Jul 06 2019 04:46:53 GMT+0200 (CEST);1562388413000;0.36;74.67
1380556833984591;20.5;32.8;Sat Jul 06 2019 06:50:09 GMT+0200 (CEST);Sat Jul 06 2019 04:50:09 GMT+0200 (CEST);1562388609000;0.24;66.33
1380556833984591;20.5;33.3;Sat Jul 06 2019 06:53:33 GMT+0200 (CEST);Sat Jul 06 2019 04:53:33 GMT+0200 (CEST);1562388813000;0.2;61.08
1380556833984591;21;33.4;Sat Jul 06 2019 06:57:04 GMT+0200 (CEST);Sat Jul 06 2019 04:57:04 GMT+0200 (CEST);1562389024000;0.34;64.41
1380556833984591;21;32;Sat Jul 06 2019 07:00:17 GMT+0200 (CEST);Sat Jul 06 2019 05:00:17 GMT+0200 (CEST);1562389217000;0.55;71.88
1380556833984591;21;32.5;Sat Jul 06 2019 07:03:32 GMT+0200 (CEST);Sat Jul 06 2019 05:03:32 GMT+0200 (CEST);1562389412000;0.6;76.78
1380556833984591;21;33.6;Sat Jul 06 2019 07:07:47 GMT+0200 (CEST);Sat Jul 06 2019 05:07:47 GMT+0200 (CEST);1562389667000;0.29;73.57
1380556833984591;22.5;33.2;Sat Jul 06 2019 07:11:17 GMT+0200 (CEST);Sat Jul 06 2019 05:11:17 GMT+0200 (CEST);1562389877000;0.37;91.27
1380556833984591;22.5;33.6;Sat Jul 06 2019 07:14:43 GMT+0200 (CEST);Sat Jul 06 2019 05:14:43 GMT+0200 (CEST);1562390083000;0.52;118.23
1380556833984591;22.5;33.4;Sat Jul 06 2019 07:17:57 GMT+0200 (CEST);Sat Jul 06 2019 05:17:57 GMT+0200 (CEST);1562390277000;0.52;119.97
1380556833984591;23;33.5;Sat Jul 06 2019 07:21:54 GMT+0200 (CEST);Sat Jul 06 2019 05:21:54 GMT+0200 (CEST);1562390514000;0.58;148.1
1380556833984591;23;33.6;Sat Jul 06 2019 07:25:13 GMT+0200 (CEST);Sat Jul 06 2019 05:25:13 GMT+0200 (CEST);1562390713000;0.9;205.28
1380556833984591;23;33.6;Sat Jul 06 2019 07:28:26 GMT+0200 (CEST);Sat Jul 06 2019 05:28:26 GMT+0200 (CEST);1562390906000;0.81;122.08
1380556833984591;24.5;33.2;Sat Jul 06 2019 07:31:40 GMT+0200 (CEST);Sat Jul 06 2019 05:31:40 GMT+0200 (CEST);1562391100000;0.51;111.86
1380556833984591;25;33.2;Sat Jul 06 2019 07:34:55 GMT+0200 (CEST);Sat Jul 06 2019 05:34:55 GMT+0200 (CEST);1562391295000;0.5;111.45
1380556833984591;25;33.3;Sat Jul 06 2019 07:38:15 GMT+0200 (CEST);Sat Jul 06 2019 05:38:15 GMT+0200 (CEST);1562391495000;0.5;113.29
1380556833984591;25;33.2;Sat Jul 06 2019 07:41:30 GMT+0200 (CEST);Sat Jul 06 2019 05:41:30 GMT+0200 (CEST);1562391690000;0.52;117.22
1380556833984591;25;33.4;Sat Jul 06 2019 07:44:43 GMT+0200 (CEST);Sat Jul 06 2019 05:44:43 GMT+0200 (CEST);1562391883000;0.55;122.32
1380556833984591;26.5;33.3;Sat Jul 06 2019 07:47:56 GMT+0200 (CEST);Sat Jul 06 2019 05:47:56 GMT+0200 (CEST);1562392076000;0.56;126
1380556833984591;26.5;33;Sat Jul 06 2019 07:51:14 GMT+0200 (CEST);Sat Jul 06 2019 05:51:14 GMT+0200 (CEST);1562392274000;1.61;315.11
1380556833984591;26.5;33.2;Sat Jul 06 2019 07:54:46 GMT+0200 (CEST);Sat Jul 06 2019 05:54:46 GMT+0200 (CEST);1562392486000;0.55;127.09
1380556833984591;26.5;33.2;Sat Jul 06 2019 07:57:59 GMT+0200 (CEST);Sat Jul 06 2019 05:57:59 GMT+0200 (CEST);1562392679000;0.57;129.46
1380556833984591;26.5;33.4;Sat Jul 06 2019 08:01:16 GMT+0200 (CEST);Sat Jul 06 2019 06:01:16 GMT+0200 (CEST);1562392876000;0.61;156.71
1380556833984591;26.5;33.1;Sat Jul 06 2019 08:04:29 GMT+0200 (CEST);Sat Jul 06 2019 06:04:29 GMT+0200 (CEST);1562393069000;0.54;173.04
1380556833984591;26.5;33.4;Sat Jul 06 2019 08:07:59 GMT+0200 (CEST);Sat Jul 06 2019 06:07:59 GMT+0200 (CEST);1562393279000;0.5;123.8
1380556833984591;26.5;33.2;Sat Jul 06 2019 08:10:19 GMT+0200 (CEST);Sat Jul 06 2019 06:10:19 GMT+0200 (CEST);1562393419000;0.55;146.4
1380556833984591;26.5;34.3;Sat Jul 06 2019 08:13:33 GMT+0200 (CEST);Sat Jul 06 2019 06:13:33 GMT+0200 (CEST);1562393613000;1.95;437.75
1380556833984591;26.5;34.3;Sat Jul 06 2019 08:16:46 GMT+0200 (CEST);Sat Jul 06 2019 06:16:46 GMT+0200 (CEST);1562393806000;2;445.43
1380556833984591;26.5;33.8;Sat Jul 06 2019 08:20:00 GMT+0200 (CEST);Sat Jul 06 2019 06:20:00 GMT+0200 (CEST);1562394000000;2.11;458.23
1380556833984591;28.5;33.6;Sat Jul 06 2019 08:23:15 GMT+0200 (CEST);Sat Jul 06 2019 06:23:15 GMT+0200 (CEST);1562394195000;1.86;463.35
1380556833984591;30.5;33;Sat Jul 06 2019 08:26:50 GMT+0200 (CEST);Sat Jul 06 2019 06:26:50 GMT+0200 (CEST);1562394410000;0.53;113.26
1380556833984591;30.5;33.3;Sat Jul 06 2019 08:30:03 GMT+0200 (CEST);Sat Jul 06 2019 06:30:03 GMT+0200 (CEST);1562394603000;1.98;488.95
1380556833984591;30.5;33.6;Sat Jul 06 2019 08:33:23 GMT+0200 (CEST);Sat Jul 06 2019 06:33:23 GMT+0200 (CEST);1562394803000;0.78;201.94
1380556833984591;31.1;33.4;Sat Jul 06 2019 08:36:39 GMT+0200 (CEST);Sat Jul 06 2019 06:36:39 GMT+0200 (CEST);1562394999000;2.28;491.51
1380556833984591;31.1;33.5;Sat Jul 06 2019 08:39:53 GMT+0200 (CEST);Sat Jul 06 2019 06:39:53 GMT+0200 (CEST);1562395193000;2.31;494.07
1380556833984591;31.1;33.2;Sat Jul 06 2019 08:43:16 GMT+0200 (CEST);Sat Jul 06 2019 06:43:16 GMT+0200 (CEST);1562395396000;2.37;504.31
1380556833984591;31.1;33.1;Sat Jul 06 2019 08:46:33 GMT+0200 (CEST);Sat Jul 06 2019 06:46:33 GMT+0200 (CEST);1562395593000;2.45;517.11
1380556833984591;32.1;32.9;Sat Jul 06 2019 08:49:56 GMT+0200 (CEST);Sat Jul 06 2019 06:49:56 GMT+0200 (CEST);1562395796000;1.58;232.23
1380556833984591;32.1;33.1;Sat Jul 06 2019 08:53:12 GMT+0200 (CEST);Sat Jul 06 2019 06:53:12 GMT+0200 (CEST);1562395992000;2.57;542.71
1380556833984591;33.6;32.7;Sat Jul 06 2019 08:56:54 GMT+0200 (CEST);Sat Jul 06 2019 06:56:54 GMT+0200 (CEST);1562396214000;1.35;284.35
1380556833984591;34.6;32.6;Sat Jul 06 2019 09:00:05 GMT+0200 (CEST);Sat Jul 06 2019 07:00:05 GMT+0200 (CEST);1562396405000;1.37;322.01
1380556833984591;34.6;33.4;Sat Jul 06 2019 09:03:26 GMT+0200 (CEST);Sat Jul 06 2019 07:03:26 GMT+0200 (CEST);1562396606000;1.94;527.35
1380556833984591;34.6;33.2;Sat Jul 06 2019 09:06:49 GMT+0200 (CEST);Sat Jul 06 2019 07:06:49 GMT+0200 (CEST);1562396809000;2.74;578.55
1380556833984591;35.1;32.7;Sat Jul 06 2019 09:10:27 GMT+0200 (CEST);Sat Jul 06 2019 07:10:27 GMT+0200 (CEST);1562397027000;2.8;588.79
1380556833984591;48.2;30.8;Sat Jul 06 2019 10:50:02 GMT+0200 (CEST);Sat Jul 06 2019 08:50:02 GMT+0200 (CEST);1562403002000;4.25;862.28
1380556833984591;48.2;30.9;Sat Jul 06 2019 10:53:19 GMT+0200 (CEST);Sat Jul 06 2019 08:53:19 GMT+0200 (CEST);1562403199000;4.24;860.05
1380556833984591;48.2;30.9;Sat Jul 06 2019 10:57:01 GMT+0200 (CEST);Sat Jul 06 2019 08:57:01 GMT+0200 (CEST);1562403421000;4.3;875.94
1380556833984591;48.2;30.9;Sat Jul 06 2019 11:00:36 GMT+0200 (CEST);Sat Jul 06 2019 09:00:36 GMT+0200 (CEST);1562403636000;4.34;884.85
1380556833984591;48.2;30.9;Sat Jul 06 2019 11:03:49 GMT+0200 (CEST);Sat Jul 06 2019 09:03:49 GMT+0200 (CEST);1562403829000;4.41;900.02
1380556833984591;48.2;31.2;Sat Jul 06 2019 11:07:16 GMT+0200 (CEST);Sat Jul 06 2019 09:07:16 GMT+0200 (CEST);1562404036000;4.37;899.02
1380556833984591;48.2;31;Sat Jul 06 2019 11:10:35 GMT+0200 (CEST);Sat Jul 06 2019 09:10:35 GMT+0200 (CEST);1562404235000;4.44;903.28
1380556833984591;49.2;31.2;Sat Jul 06 2019 11:13:52 GMT+0200 (CEST);Sat Jul 06 2019 09:13:52 GMT+0200 (CEST);1562404432000;4.51;913.45
1380556833984591;49.2;31;Sat Jul 06 2019 11:17:08 GMT+0200 (CEST);Sat Jul 06 2019 09:17:08 GMT+0200 (CEST);1562404628000;4.46;918.75
1380556833984591;48.2;31.1;Sat Jul 06 2019 11:20:25 GMT+0200 (CEST);Sat Jul 06 2019 09:20:25 GMT+0200 (CEST);1562404825000;4.47;924.37
1380556833984591;50.7;30.9;Sat Jul 06 2019 11:23:44 GMT+0200 (CEST);Sat Jul 06 2019 09:23:44 GMT+0200 (CEST);1562405024000;4.54;937.39
1380556833984591;50.7;30.9;Sat Jul 06 2019 11:27:26 GMT+0200 (CEST);Sat Jul 06 2019 09:27:26 GMT+0200 (CEST);1562405246000;4.56;945.53
1380556833984591;50.7;30.7;Sat Jul 06 2019 11:30:48 GMT+0200 (CEST);Sat Jul 06 2019 09:30:48 GMT+0200 (CEST);1562405448000;4.66;944.81
1380556833984591;50.7;30.9;Sat Jul 06 2019 11:34:03 GMT+0200 (CEST);Sat Jul 06 2019 09:34:03 GMT+0200 (CEST);1562405643000;4.73;960.1
1380556833984591;50.7;30.8;Sat Jul 06 2019 11:37:18 GMT+0200 (CEST);Sat Jul 06 2019 09:37:18 GMT+0200 (CEST);1562405838000;4.7;956.35
1380556833984591;50.7;30.7;Sat Jul 06 2019 11:40:33 GMT+0200 (CEST);Sat Jul 06 2019 09:40:33 GMT+0200 (CEST);1562406033000;4.75;963.08
1380556833984591;50.7;30.8;Sat Jul 06 2019 11:43:49 GMT+0200 (CEST);Sat Jul 06 2019 09:43:49 GMT+0200 (CEST);1562406229000;4.74;963.71
1380556833984591;50.7;30.8;Sat Jul 06 2019 11:47:04 GMT+0200 (CEST);Sat Jul 06 2019 09:47:04 GMT+0200 (CEST);1562406424000;4.75;977.9
1380556833984591;50.7;30.6;Sat Jul 06 2019 11:50:40 GMT+0200 (CEST);Sat Jul 06 2019 09:50:40 GMT+0200 (CEST);1562406640000;4.81;985.59
1380556833984591;51.2;30.8;Sat Jul 06 2019 11:54:12 GMT+0200 (CEST);Sat Jul 06 2019 09:54:12 GMT+0200 (CEST);1562406852000;4.83;988.15
1380556833984591;50.7;30.8;Sat Jul 06 2019 11:57:27 GMT+0200 (CEST);Sat Jul 06 2019 09:57:27 GMT+0200 (CEST);1562407047000;4.9;998.39
1380556833984591;50.7;30.8;Sat Jul 06 2019 12:00:53 GMT+0200 (CEST);Sat Jul 06 2019 10:00:53 GMT+0200 (CEST);1562407253000;4.91;993.27
1380556833984591;50.7;30.6;Sat Jul 06 2019 12:04:07 GMT+0200 (CEST);Sat Jul 06 2019 10:04:07 GMT+0200 (CEST);1562407447000;4.87;995.83
1380556833984591;50.7;30.6;Sat Jul 06 2019 12:07:23 GMT+0200 (CEST);Sat Jul 06 2019 10:07:23 GMT+0200 (CEST);1562407643000;4.84;988.15
1380556833984591;50.7;30.2;Sat Jul 06 2019 12:10:37 GMT+0200 (CEST);Sat Jul 06 2019 10:10:37 GMT+0200 (CEST);1562407837000;4.9;1000.95
1380556833984591;52.7;30.5;Sat Jul 06 2019 12:13:55 GMT+0200 (CEST);Sat Jul 06 2019 10:13:55 GMT+0200 (CEST);1562408035000;4.88;995.83
1380556833984591;52.7;30.4;Sat Jul 06 2019 12:17:20 GMT+0200 (CEST);Sat Jul 06 2019 10:17:20 GMT+0200 (CEST);1562408240000;4.91;1000.95
1380556833984591;52.7;30.3;Sat Jul 06 2019 12:20:35 GMT+0200 (CEST);Sat Jul 06 2019 10:20:35 GMT+0200 (CEST);1562408435000;4.89;998.39
1380556833984591;53.2;30.3;Sat Jul 06 2019 12:24:05 GMT+0200 (CEST);Sat Jul 06 2019 10:24:05 GMT+0200 (CEST);1562408645000;4.93;1006.07
1380556833984591;53.2;30.3;Sat Jul 06 2019 12:27:31 GMT+0200 (CEST);Sat Jul 06 2019 10:27:31 GMT+0200 (CEST);1562408851000;4.92;1000.95
1380556833984591;53.2;30.2;Sat Jul 06 2019 12:30:50 GMT+0200 (CEST);Sat Jul 06 2019 10:30:50 GMT+0200 (CEST);1562409050000;5.01;1021.43
1380556833984591;53.2;30.2;Sat Jul 06 2019 12:34:06 GMT+0200 (CEST);Sat Jul 06 2019 10:34:06 GMT+0200 (CEST);1562409246000;4.96;1018.87
1380556833984591;54.7;30.1;Sat Jul 06 2019 12:37:43 GMT+0200 (CEST);Sat Jul 06 2019 10:37:43 GMT+0200 (CEST);1562409463000;5.01;1021.43
1380556833984591;54.7;30.2;Sat Jul 06 2019 12:41:14 GMT+0200 (CEST);Sat Jul 06 2019 10:41:14 GMT+0200 (CEST);1562409674000;4.97;1021.43
1380556833984591;54.7;30.2;Sat Jul 06 2019 12:44:29 GMT+0200 (CEST);Sat Jul 06 2019 10:44:29 GMT+0200 (CEST);1562409869000;5.05;1026.55
1380556833984591;53.2;30.3;Sat Jul 06 2019 12:47:51 GMT+0200 (CEST);Sat Jul 06 2019 10:47:51 GMT+0200 (CEST);1562410071000;5.03;1029.11
1380556833984591;53.2;30.3;Sat Jul 06 2019 12:51:16 GMT+0200 (CEST);Sat Jul 06 2019 10:51:16 GMT+0200 (CEST);1562410276000;5.05;1029.11
1380556833984591;53.2;30.2;Sat Jul 06 2019 12:54:51 GMT+0200 (CEST);Sat Jul 06 2019 10:54:51 GMT+0200 (CEST);1562410491000;5.03;1029.11
1380556833984591;53.2;30.2;Sat Jul 06 2019 12:58:07 GMT+0200 (CEST);Sat Jul 06 2019 10:58:07 GMT+0200 (CEST);1562410687000;5.04;1029.11
1380556833984591;53.2;30.5;Sat Jul 06 2019 13:01:48 GMT+0200 (CEST);Sat Jul 06 2019 11:01:48 GMT+0200 (CEST);1562410908000;5.04;1036.79
1380556833984591;53.2;30.6;Sat Jul 06 2019 13:05:04 GMT+0200 (CEST);Sat Jul 06 2019 11:05:04 GMT+0200 (CEST);1562411104000;5.06;1034.23
1380556833984591;52.7;30.6;Sat Jul 06 2019 13:08:59 GMT+0200 (CEST);Sat Jul 06 2019 11:08:59 GMT+0200 (CEST);1562411339000;5.06;1034.23
1380556833984591;52.7;30.6;Sat Jul 06 2019 13:12:18 GMT+0200 (CEST);Sat Jul 06 2019 11:12:18 GMT+0200 (CEST);1562411538000;5.03;1026.55
1380556833984591;52.7;30.6;Sat Jul 06 2019 13:15:38 GMT+0200 (CEST);Sat Jul 06 2019 11:15:38 GMT+0200 (CEST);1562411738000;5.05;1034.23
1380556833984591;52.7;30.6;Sat Jul 06 2019 13:18:54 GMT+0200 (CEST);Sat Jul 06 2019 11:18:54 GMT+0200 (CEST);1562411934000;5.05;1036.79
1380556833984591;52.7;30.6;Sat Jul 06 2019 13:22:17 GMT+0200 (CEST);Sat Jul 06 2019 11:22:17 GMT+0200 (CEST);1562412137000;5.05;1029.11
1380556833984591;52.7;30.4;Sat Jul 06 2019 13:25:53 GMT+0200 (CEST);Sat Jul 06 2019 11:25:53 GMT+0200 (CEST);1562412353000;5.04;1029.11
1380556833984591;52.7;30.4;Sat Jul 06 2019 13:29:18 GMT+0200 (CEST);Sat Jul 06 2019 11:29:18 GMT+0200 (CEST);1562412558000;5.04;1029.11
1380556833984591;53.2;30.6;Sat Jul 06 2019 13:32:34 GMT+0200 (CEST);Sat Jul 06 2019 11:32:34 GMT+0200 (CEST);1562412754000;5.05;1023.99
1380556833984591;52.7;30.6;Sat Jul 06 2019 13:36:22 GMT+0200 (CEST);Sat Jul 06 2019 11:36:22 GMT+0200 (CEST);1562412982000;4.96;1018.87
1380556833984591;52.7;30.6;Sat Jul 06 2019 13:40:07 GMT+0200 (CEST);Sat Jul 06 2019 11:40:07 GMT+0200 (CEST);1562413207000;4.92;1016.31
1380556833984591;52.7;30.6;Sat Jul 06 2019 13:43:23 GMT+0200 (CEST);Sat Jul 06 2019 11:43:23 GMT+0200 (CEST);1562413403000;4.96;1013.75
1380556833984591;52.7;30.6;Sat Jul 06 2019 13:46:38 GMT+0200 (CEST);Sat Jul 06 2019 11:46:38 GMT+0200 (CEST);1562413598000;4.9;1008.63
1380556833984591;52.7;30.3;Sat Jul 06 2019 13:49:53 GMT+0200 (CEST);Sat Jul 06 2019 11:49:53 GMT+0200 (CEST);1562413793000;5.01;1016.31
1380556833984591;52.7;30.3;Sat Jul 06 2019 13:53:14 GMT+0200 (CEST);Sat Jul 06 2019 11:53:14 GMT+0200 (CEST);1562413994000;4.94;1008.63
1380556833984591;52.7;30.5;Sat Jul 06 2019 13:56:39 GMT+0200 (CEST);Sat Jul 06 2019 11:56:39 GMT+0200 (CEST);1562414199000;4.95;1018.87
1380556833984591;53.2;30.8;Sat Jul 06 2019 13:59:59 GMT+0200 (CEST);Sat Jul 06 2019 11:59:59 GMT+0200 (CEST);1562414399000;4.97;1018.87
1380556833984591;52.7;30.5;Sat Jul 06 2019 14:03:20 GMT+0200 (CEST);Sat Jul 06 2019 12:03:20 GMT+0200 (CEST);1562414600000;4.99;1013.75
1380556833984591;52.7;30.4;Sat Jul 06 2019 14:06:36 GMT+0200 (CEST);Sat Jul 06 2019 12:06:36 GMT+0200 (CEST);1562414796000;5.02;1021.43
1380556833984591;53.2;30.4;Sat Jul 06 2019 14:09:54 GMT+0200 (CEST);Sat Jul 06 2019 12:09:54 GMT+0200 (CEST);1562414994000;5.02;1023.99
1380556833984591;53.2;30.4;Sat Jul 06 2019 14:13:09 GMT+0200 (CEST);Sat Jul 06 2019 12:13:09 GMT+0200 (CEST);1562415189000;5.09;1041.91
1380556833984591;53.2;30.5;Sat Jul 06 2019 14:16:28 GMT+0200 (CEST);Sat Jul 06 2019 12:16:28 GMT+0200 (CEST);1562415388000;5.25;1075.19
1380556833984591;53.2;30.4;Sat Jul 06 2019 14:20:02 GMT+0200 (CEST);Sat Jul 06 2019 12:20:02 GMT+0200 (CEST);1562415602000;1.41;306.23
1380556833984591;52.7;31.2;Sat Jul 06 2019 14:23:16 GMT+0200 (CEST);Sat Jul 06 2019 12:23:16 GMT+0200 (CEST);1562415796000;1.48;315.04
1380556833984591;52.7;32.1;Sat Jul 06 2019 14:27:15 GMT+0200 (CEST);Sat Jul 06 2019 12:27:15 GMT+0200 (CEST);1562416035000;2.16;430.07
1380556833984591;48.2;32;Sat Jul 06 2019 14:30:30 GMT+0200 (CEST);Sat Jul 06 2019 12:30:30 GMT+0200 (CEST);1562416230000;1.48;313.98
1380556833984591;45.2;32.7;Sat Jul 06 2019 14:33:57 GMT+0200 (CEST);Sat Jul 06 2019 12:33:57 GMT+0200 (CEST);1562416437000;1.53;316.99
1380556833984591;44.7;32;Sat Jul 06 2019 14:37:19 GMT+0200 (CEST);Sat Jul 06 2019 12:37:19 GMT+0200 (CEST);1562416639000;1.61;340.47
1380556833984591;44.7;32;Sat Jul 06 2019 14:40:34 GMT+0200 (CEST);Sat Jul 06 2019 12:40:34 GMT+0200 (CEST);1562416834000;1.04;226.08
1380556833984591;42.6;31.8;Sat Jul 06 2019 14:43:52 GMT+0200 (CEST);Sat Jul 06 2019 12:43:52 GMT+0200 (CEST);1562417032000;0.9;187.35
1380556833984591;40.6;31.9;Sat Jul 06 2019 14:47:08 GMT+0200 (CEST);Sat Jul 06 2019 12:47:08 GMT+0200 (CEST);1562417228000;0.83;173.6
1380556833984591;40.6;31.8;Sat Jul 06 2019 14:50:57 GMT+0200 (CEST);Sat Jul 06 2019 12:50:57 GMT+0200 (CEST);1562417457000;0.73;154.68
1380556833984591;39.1;31.9;Sat Jul 06 2019 14:54:12 GMT+0200 (CEST);Sat Jul 06 2019 12:54:12 GMT+0200 (CEST);1562417652000;0.68;147.12
1380556833984591;38.6;32;Sat Jul 06 2019 14:57:29 GMT+0200 (CEST);Sat Jul 06 2019 12:57:29 GMT+0200 (CEST);1562417849000;0.63;138.62
1380556833984591;37.1;32.3;Sat Jul 06 2019 15:01:20 GMT+0200 (CEST);Sat Jul 06 2019 13:01:20 GMT+0200 (CEST);1562418080000;0.72;153.22
1380556833984591;37.1;32.9;Sat Jul 06 2019 15:04:47 GMT+0200 (CEST);Sat Jul 06 2019 13:04:47 GMT+0200 (CEST);1562418287000;0.86;173.74
1380556833984591;36.6;32.8;Sat Jul 06 2019 15:08:02 GMT+0200 (CEST);Sat Jul 06 2019 13:08:02 GMT+0200 (CEST);1562418482000;0.81;170.43
1380556833984591;36.6;32.5;Sat Jul 06 2019 15:10:14 GMT+0200 (CEST);Sat Jul 06 2019 13:10:14 GMT+0200 (CEST);1562418614000;0.8;166.99
1380556833984591;35.1;32.5;Sat Jul 06 2019 15:13:54 GMT+0200 (CEST);Sat Jul 06 2019 13:13:54 GMT+0200 (CEST);1562418834000;0.81;169.16
1380556833984591;35.1;32.2;Sat Jul 06 2019 15:17:12 GMT+0200 (CEST);Sat Jul 06 2019 13:17:12 GMT+0200 (CEST);1562419032000;0.74;155.39
1380556833984591;35.1;32.5;Sat Jul 06 2019 15:20:28 GMT+0200 (CEST);Sat Jul 06 2019 13:20:28 GMT+0200 (CEST);1562419228000;0.77;160.68
1380556833984591;35.1;32.6;Sat Jul 06 2019 15:23:45 GMT+0200 (CEST);Sat Jul 06 2019 13:23:45 GMT+0200 (CEST);1562419425000;0.89;183.14
1380556833984591;35.1;32.7;Sat Jul 06 2019 15:27:01 GMT+0200 (CEST);Sat Jul 06 2019 13:27:01 GMT+0200 (CEST);1562419621000;0.86;168.96
1380556833984591;35.1;32.5;Sat Jul 06 2019 15:28:56 GMT+0200 (CEST);Sat Jul 06 2019 13:28:56 GMT+0200 (CEST);1562419736000;0.71;141.64
1380556833984591;35.1;32.1;Sat Jul 06 2019 15:32:10 GMT+0200 (CEST);Sat Jul 06 2019 13:32:10 GMT+0200 (CEST);1562419930000;0.61;124.98
1380556833984591;34.6;32.3;Sat Jul 06 2019 15:35:23 GMT+0200 (CEST);Sat Jul 06 2019 13:35:23 GMT+0200 (CEST);1562420123000;0.59;120.3
1380556833984591;34.6;32.6;Sat Jul 06 2019 15:38:58 GMT+0200 (CEST);Sat Jul 06 2019 13:38:58 GMT+0200 (CEST);1562420338000;0.76;154.52
1380556833984591;34.6;33.1;Sat Jul 06 2019 15:42:12 GMT+0200 (CEST);Sat Jul 06 2019 13:42:12 GMT+0200 (CEST);1562420532000;1.23;222.01
1380556833984591;34.6;33;Sat Jul 06 2019 15:45:45 GMT+0200 (CEST);Sat Jul 06 2019 13:45:45 GMT+0200 (CEST);1562420745000;1.02;207.71
1380556833984591;34.6;32.9;Sat Jul 06 2019 15:49:05 GMT+0200 (CEST);Sat Jul 06 2019 13:49:05 GMT+0200 (CEST);1562420945000;1.06;222.19
1380556833984591;34.6;32.9;Sat Jul 06 2019 15:52:20 GMT+0200 (CEST);Sat Jul 06 2019 13:52:20 GMT+0200 (CEST);1562421140000;1.19;242.69
1380556833984591;35.1;32.8;Sat Jul 06 2019 15:55:40 GMT+0200 (CEST);Sat Jul 06 2019 13:55:40 GMT+0200 (CEST);1562421340000;1.18;245.32
1380556833984591;36.6;32.8;Sat Jul 06 2019 15:58:57 GMT+0200 (CEST);Sat Jul 06 2019 13:58:57 GMT+0200 (CEST);1562421537000;1.09;229.79
1380556833984591;36.6;32.7;Sat Jul 06 2019 16:02:23 GMT+0200 (CEST);Sat Jul 06 2019 14:02:23 GMT+0200 (CEST);1562421743000;1.05;216.4
1380556833984591;36.6;32.8;Sat Jul 06 2019 16:05:37 GMT+0200 (CEST);Sat Jul 06 2019 14:05:37 GMT+0200 (CEST);1562421937000;1.08;229.35
1380556833984591;36.6;33;Sat Jul 06 2019 16:09:28 GMT+0200 (CEST);Sat Jul 06 2019 14:09:28 GMT+0200 (CEST);1562422168000;1.43;295.57
1380556833984591;36.6;32.8;Sat Jul 06 2019 16:12:43 GMT+0200 (CEST);Sat Jul 06 2019 14:12:43 GMT+0200 (CEST);1562422363000;1.3;278.04
1380556833984591;36.6;32.8;Sat Jul 06 2019 16:16:13 GMT+0200 (CEST);Sat Jul 06 2019 14:16:13 GMT+0200 (CEST);1562422573000;1.33;303.23
1380556833984591;36.6;32.6;Sat Jul 06 2019 16:19:29 GMT+0200 (CEST);Sat Jul 06 2019 14:19:29 GMT+0200 (CEST);1562422769000;1.24;263.57
1380556833984591;37.1;32.5;Sat Jul 06 2019 16:22:47 GMT+0200 (CEST);Sat Jul 06 2019 14:22:47 GMT+0200 (CEST);1562422967000;1.17;245.96
1380556833984591;37.1;32.5;Sat Jul 06 2019 16:26:48 GMT+0200 (CEST);Sat Jul 06 2019 14:26:48 GMT+0200 (CEST);1562423208000;1.11;233.95
1380556833984591;36.6;32.6;Sat Jul 06 2019 16:30:01 GMT+0200 (CEST);Sat Jul 06 2019 14:30:01 GMT+0200 (CEST);1562423401000;1.09;232.56
1380556833984591;36.6;32.6;Sat Jul 06 2019 16:33:28 GMT+0200 (CEST);Sat Jul 06 2019 14:33:28 GMT+0200 (CEST);1562423608000;1.15;247.31
1380556833984591;36.6;33.4;Sat Jul 06 2019 16:36:48 GMT+0200 (CEST);Sat Jul 06 2019 14:36:48 GMT+0200 (CEST);1562423808000;2.16;435.19
1380556833984591;37.1;32.8;Sat Jul 06 2019 16:40:03 GMT+0200 (CEST);Sat Jul 06 2019 14:40:03 GMT+0200 (CEST);1562424003000;1.38;288.81
1380556833984591;38.6;32.7;Sat Jul 06 2019 16:43:21 GMT+0200 (CEST);Sat Jul 06 2019 14:43:21 GMT+0200 (CEST);1562424201000;1.41;293.79
1380556833984591;38.6;33.6;Sat Jul 06 2019 16:46:39 GMT+0200 (CEST);Sat Jul 06 2019 14:46:39 GMT+0200 (CEST);1562424399000;2.32;509.43
1380556833984591;38.6;33.6;Sat Jul 06 2019 16:49:55 GMT+0200 (CEST);Sat Jul 06 2019 14:49:55 GMT+0200 (CEST);1562424595000;2;450.55
1380556833984591;38.6;32.3;Sat Jul 06 2019 16:53:11 GMT+0200 (CEST);Sat Jul 06 2019 14:53:11 GMT+0200 (CEST);1562424791000;1.91;381.43
1380556833984591;38.6;33.2;Sat Jul 06 2019 16:56:27 GMT+0200 (CEST);Sat Jul 06 2019 14:56:27 GMT+0200 (CEST);1562424987000;1.95;394.23
1380556833984591;39.1;32.9;Sat Jul 06 2019 16:59:48 GMT+0200 (CEST);Sat Jul 06 2019 14:59:48 GMT+0200 (CEST);1562425188000;1.33;277.78
1380556833984591;39.1;32.5;Sat Jul 06 2019 17:03:08 GMT+0200 (CEST);Sat Jul 06 2019 15:03:08 GMT+0200 (CEST);1562425388000;1.27;260.53
1380556833984591;39.1;32.8;Sat Jul 06 2019 17:06:27 GMT+0200 (CEST);Sat Jul 06 2019 15:06:27 GMT+0200 (CEST);1562425587000;2.08;389.11
1380556833984591;39.1;32.9;Sat Jul 06 2019 17:09:40 GMT+0200 (CEST);Sat Jul 06 2019 15:09:40 GMT+0200 (CEST);1562425780000;1.62;363.51
1380556833984591;38.6;33.1;Sat Jul 06 2019 17:13:19 GMT+0200 (CEST);Sat Jul 06 2019 15:13:19 GMT+0200 (CEST);1562425999000;1.86;391.67
1380556833984591;39.1;32.3;Sat Jul 06 2019 17:16:38 GMT+0200 (CEST);Sat Jul 06 2019 15:16:38 GMT+0200 (CEST);1562426198000;1.92;417.27
1380556833984591;39.1;33;Sat Jul 06 2019 17:19:54 GMT+0200 (CEST);Sat Jul 06 2019 15:19:54 GMT+0200 (CEST);1562426394000;1.43;373.75
1380556833984591;39.1;32.5;Sat Jul 06 2019 17:23:10 GMT+0200 (CEST);Sat Jul 06 2019 15:23:10 GMT+0200 (CEST);1562426590000;2.94;601.59
1380556833984591;39.1;32.6;Sat Jul 06 2019 17:25:28 GMT+0200 (CEST);Sat Jul 06 2019 15:25:28 GMT+0200 (CEST);1562426728000;2.07;463.35
1380556833984591;39.1;32.2;Sat Jul 06 2019 17:29:02 GMT+0200 (CEST);Sat Jul 06 2019 15:29:02 GMT+0200 (CEST);1562426942000;0.8;180.32
1380556833984591;39.1;33.1;Sat Jul 06 2019 17:32:16 GMT+0200 (CEST);Sat Jul 06 2019 15:32:16 GMT+0200 (CEST);1562427136000;2.02;460.79
1380556833984591;40.6;33.2;Sat Jul 06 2019 17:35:34 GMT+0200 (CEST);Sat Jul 06 2019 15:35:34 GMT+0200 (CEST);1562427334000;1.79;581.11
1380556833984591;40.6;32.2;Sat Jul 06 2019 17:38:52 GMT+0200 (CEST);Sat Jul 06 2019 15:38:52 GMT+0200 (CEST);1562427532000;1.19;240.63
1380556833984591;40.1;33.4;Sat Jul 06 2019 17:42:37 GMT+0200 (CEST);Sat Jul 06 2019 15:42:37 GMT+0200 (CEST);1562427757000;1.92;430.07
1380556833984591;39.1;33;Sat Jul 06 2019 17:46:18 GMT+0200 (CEST);Sat Jul 06 2019 15:46:18 GMT+0200 (CEST);1562427978000;2;409.59
1380556833984591;39.1;33.4;Sat Jul 06 2019 17:49:32 GMT+0200 (CEST);Sat Jul 06 2019 15:49:32 GMT+0200 (CEST);1562428172000;2.16;453.11
1380556833984591;39.1;33.5;Sat Jul 06 2019 17:53:28 GMT+0200 (CEST);Sat Jul 06 2019 15:53:28 GMT+0200 (CEST);1562428408000;1.66;381.43
1380556833984591;39.1;33.6;Sat Jul 06 2019 17:56:41 GMT+0200 (CEST);Sat Jul 06 2019 15:56:41 GMT+0200 (CEST);1562428601000;1.93;430.07
1380556833984591;40.6;33.1;Sat Jul 06 2019 17:59:55 GMT+0200 (CEST);Sat Jul 06 2019 15:59:55 GMT+0200 (CEST);1562428795000;1.63;368.63
1380556833984591;40.6;33.6;Sat Jul 06 2019 18:03:08 GMT+0200 (CEST);Sat Jul 06 2019 16:03:08 GMT+0200 (CEST);1562428988000;1.43;308.12
1380556833984591;40.6;33.5;Sat Jul 06 2019 18:05:18 GMT+0200 (CEST);Sat Jul 06 2019 16:05:18 GMT+0200 (CEST);1562429118000;1.56;340.47
1380556833984591;39.1;33.2;Sat Jul 06 2019 18:08:48 GMT+0200 (CEST);Sat Jul 06 2019 16:08:48 GMT+0200 (CEST);1562429328000;1.56;330.23
1380556833984591;39.1;33.3;Sat Jul 06 2019 18:12:05 GMT+0200 (CEST);Sat Jul 06 2019 16:12:05 GMT+0200 (CEST);1562429525000;1.55;321.84
1380556833984591;39.1;33.6;Sat Jul 06 2019 18:15:19 GMT+0200 (CEST);Sat Jul 06 2019 16:15:19 GMT+0200 (CEST);1562429719000;1.1;217.46
1380556833984591;39.1;33.7;Sat Jul 06 2019 18:18:33 GMT+0200 (CEST);Sat Jul 06 2019 16:18:33 GMT+0200 (CEST);1562429913000;1.26;288.52
1380556833984591;39.1;33.7;Sat Jul 06 2019 18:22:25 GMT+0200 (CEST);Sat Jul 06 2019 16:22:25 GMT+0200 (CEST);1562430145000;1.14;212.51
1380556833984591;39.1;33.6;Sat Jul 06 2019 18:25:53 GMT+0200 (CEST);Sat Jul 06 2019 16:25:53 GMT+0200 (CEST);1562430353000;1.48;258.2
1380556833984591;39.1;33.5;Sat Jul 06 2019 18:29:20 GMT+0200 (CEST);Sat Jul 06 2019 16:29:20 GMT+0200 (CEST);1562430560000;1.4;291.44
1380556833984591;39.1;33.5;Sat Jul 06 2019 18:32:38 GMT+0200 (CEST);Sat Jul 06 2019 16:32:38 GMT+0200 (CEST);1562430758000;1.37;308.1
1380556833984591;38.6;33.6;Sat Jul 06 2019 18:36:14 GMT+0200 (CEST);Sat Jul 06 2019 16:36:14 GMT+0200 (CEST);1562430974000;1.25;286.73
1380556833984591;38.6;33.5;Sat Jul 06 2019 18:39:49 GMT+0200 (CEST);Sat Jul 06 2019 16:39:49 GMT+0200 (CEST);1562431189000;1.14;263.56
1380556833984591;38.6;33.5;Sat Jul 06 2019 18:41:32 GMT+0200 (CEST);Sat Jul 06 2019 16:41:32 GMT+0200 (CEST);1562431292000;1.08;254.54
1380556833984591;38.6;33.6;Sat Jul 06 2019 18:44:49 GMT+0200 (CEST);Sat Jul 06 2019 16:44:49 GMT+0200 (CEST);1562431489000;0.97;239.17
1380556833984591;38.6;33.4;Sat Jul 06 2019 18:48:07 GMT+0200 (CEST);Sat Jul 06 2019 16:48:07 GMT+0200 (CEST);1562431687000;0.92;225.58
1380556833984591;38.6;33.7;Sat Jul 06 2019 18:51:25 GMT+0200 (CEST);Sat Jul 06 2019 16:51:25 GMT+0200 (CEST);1562431885000;0.86;213.99
1380556833984591;38.6;33.4;Sat Jul 06 2019 18:54:47 GMT+0200 (CEST);Sat Jul 06 2019 16:54:47 GMT+0200 (CEST);1562432087000;0.81;200.1
1380556833984591;38.6;33.6;Sat Jul 06 2019 18:58:01 GMT+0200 (CEST);Sat Jul 06 2019 16:58:01 GMT+0200 (CEST);1562432281000;0.72;182.13
1380556833984591;38.6;33.6;Sat Jul 06 2019 19:01:18 GMT+0200 (CEST);Sat Jul 06 2019 17:01:18 GMT+0200 (CEST);1562432478000;0.65;170.28
1380556833984591;37.1;33.6;Sat Jul 06 2019 19:04:57 GMT+0200 (CEST);Sat Jul 06 2019 17:04:57 GMT+0200 (CEST);1562432697000;0.59;159.68
1380556833984591;36.6;33.6;Sat Jul 06 2019 19:08:22 GMT+0200 (CEST);Sat Jul 06 2019 17:08:22 GMT+0200 (CEST);1562432902000;0.53;149.97
1380556833984591;36.6;32.7;Sat Jul 06 2019 19:11:36 GMT+0200 (CEST);Sat Jul 06 2019 17:11:36 GMT+0200 (CEST);1562433096000;0.18;55.09
1380556833984591;36.6;31.3;Sat Jul 06 2019 19:14:50 GMT+0200 (CEST);Sat Jul 06 2019 17:14:50 GMT+0200 (CEST);1562433290000;0.16;51.57
1380556833984591;34.6;31.2;Sat Jul 06 2019 19:18:03 GMT+0200 (CEST);Sat Jul 06 2019 17:18:03 GMT+0200 (CEST);1562433483000;0.17;50.13
1380556833984591;32.1;31.5;Sat Jul 06 2019 19:21:20 GMT+0200 (CEST);Sat Jul 06 2019 17:21:20 GMT+0200 (CEST);1562433680000;0.37;120.11
1380556833984591;32.1;34;Sat Jul 06 2019 19:24:41 GMT+0200 (CEST);Sat Jul 06 2019 17:24:41 GMT+0200 (CEST);1562433881000;0.43;128.87
1380556833984591;32.1;33.9;Sat Jul 06 2019 19:28:12 GMT+0200 (CEST);Sat Jul 06 2019 17:28:12 GMT+0200 (CEST);1562434092000;0.43;128.49
1380556833984591;34.6;33.7;Sat Jul 06 2019 19:30:39 GMT+0200 (CEST);Sat Jul 06 2019 17:30:39 GMT+0200 (CEST);1562434239000;0.43;127.7
1380556833984591;34.6;33.5;Sat Jul 06 2019 19:33:57 GMT+0200 (CEST);Sat Jul 06 2019 17:33:57 GMT+0200 (CEST);1562434437000;0.36;109.67
1380556833984591;34.6;33.3;Sat Jul 06 2019 19:37:17 GMT+0200 (CEST);Sat Jul 06 2019 17:37:17 GMT+0200 (CEST);1562434637000;0.25;87.25
1380556833984591;34.6;33.8;Sat Jul 06 2019 19:40:55 GMT+0200 (CEST);Sat Jul 06 2019 17:40:55 GMT+0200 (CEST);1562434855000;0.2;70.3
1380556833984591;34.6;33.7;Sat Jul 06 2019 19:44:10 GMT+0200 (CEST);Sat Jul 06 2019 17:44:10 GMT+0200 (CEST);1562435050000;0.17;60.2
1380556833984591;34.6;32.8;Sat Jul 06 2019 19:47:25 GMT+0200 (CEST);Sat Jul 06 2019 17:47:25 GMT+0200 (CEST);1562435245000;0.14;51.9
1380556833984591;34.6;32.3;Sat Jul 06 2019 19:50:38 GMT+0200 (CEST);Sat Jul 06 2019 17:50:38 GMT+0200 (CEST);1562435438000;0.12;45.87
1380556833984591;34.6;31.8;Sat Jul 06 2019 19:53:54 GMT+0200 (CEST);Sat Jul 06 2019 17:53:54 GMT+0200 (CEST);1562435634000;0.11;43.56
1380556833984591;32.1;31.5;Sat Jul 06 2019 19:57:12 GMT+0200 (CEST);Sat Jul 06 2019 17:57:12 GMT+0200 (CEST);1562435832000;0.11;42.95
1380556833984591;32.1;31.2;Sat Jul 06 2019 20:00:25 GMT+0200 (CEST);Sat Jul 06 2019 18:00:25 GMT+0200 (CEST);1562436025000;0.11;44.62
1380556833984591;32.1;31.3;Sat Jul 06 2019 20:03:50 GMT+0200 (CEST);Sat Jul 06 2019 18:03:50 GMT+0200 (CEST);1562436230000;0.12;44.89
1380556833984591;31.1;31.2;Sat Jul 06 2019 20:07:36 GMT+0200 (CEST);Sat Jul 06 2019 18:07:36 GMT+0200 (CEST);1562436456000;0.11;41.1
1380556833984591;31.1;31.4;Sat Jul 06 2019 20:11:06 GMT+0200 (CEST);Sat Jul 06 2019 18:11:06 GMT+0200 (CEST);1562436666000;0.13;44.75
1380556833984591;31.1;31.5;Sat Jul 06 2019 20:14:20 GMT+0200 (CEST);Sat Jul 06 2019 18:14:20 GMT+0200 (CEST);1562436860000;0.15;49.32
1380556833984591;31.1;31.5;Sat Jul 06 2019 20:17:33 GMT+0200 (CEST);Sat Jul 06 2019 18:17:33 GMT+0200 (CEST);1562437053000;0.16;42.21
1380556833984591;31.1;32;Sat Jul 06 2019 20:21:16 GMT+0200 (CEST);Sat Jul 06 2019 18:21:16 GMT+0200 (CEST);1562437276000;0.2;52.85
1380556833984591;31.1;32.2;Sat Jul 06 2019 20:24:45 GMT+0200 (CEST);Sat Jul 06 2019 18:24:45 GMT+0200 (CEST);1562437485000;0.25;61.15
1380556833984591;31.1;31.9;Sat Jul 06 2019 20:27:59 GMT+0200 (CEST);Sat Jul 06 2019 18:27:59 GMT+0200 (CEST);1562437679000;0.18;48.97
1380556833984591;31.1;31.2;Sat Jul 06 2019 20:30:25 GMT+0200 (CEST);Sat Jul 06 2019 18:30:25 GMT+0200 (CEST);1562437825000;0.12;37.86
1380556833984591;31.1;30.6;Sat Jul 06 2019 20:34:18 GMT+0200 (CEST);Sat Jul 06 2019 18:34:18 GMT+0200 (CEST);1562438058000;0.08;30.51
1380556833984591;31.1;29.6;Sat Jul 06 2019 20:37:31 GMT+0200 (CEST);Sat Jul 06 2019 18:37:31 GMT+0200 (CEST);1562438251000;0.08;28.24
1380556833984591;30.5;29.5;Sat Jul 06 2019 20:40:47 GMT+0200 (CEST);Sat Jul 06 2019 18:40:47 GMT+0200 (CEST);1562438447000;0.06;23.49
1380556833984591;30.5;28.9;Sat Jul 06 2019 20:44:04 GMT+0200 (CEST);Sat Jul 06 2019 18:44:04 GMT+0200 (CEST);1562438644000;0.04;18.19
1380556833984591;30.5;27.9;Sat Jul 06 2019 20:47:17 GMT+0200 (CEST);Sat Jul 06 2019 18:47:17 GMT+0200 (CEST);1562438837000;0.02;15.19
1380556833984591;28.5;28.9;Sat Jul 06 2019 20:50:38 GMT+0200 (CEST);Sat Jul 06 2019 18:50:38 GMT+0200 (CEST);1562439038000;0;12.89
1380556833984591;29;27.8;Sat Jul 06 2019 20:54:02 GMT+0200 (CEST);Sat Jul 06 2019 18:54:02 GMT+0200 (CEST);1562439242000;0;11.17
1380556833984591;29;26.6;Sat Jul 06 2019 20:57:38 GMT+0200 (CEST);Sat Jul 06 2019 18:57:38 GMT+0200 (CEST);1562439458000;0;9.65
1380556833984591;28.5;27.7;Sat Jul 06 2019 21:01:21 GMT+0200 (CEST);Sat Jul 06 2019 19:01:21 GMT+0200 (CEST);1562439681000;0;8.45
1380556833984591;27;27.9;Sat Jul 06 2019 21:04:34 GMT+0200 (CEST);Sat Jul 06 2019 19:04:34 GMT+0200 (CEST);1562439874000;0;6.21
1380556833984591;27;27.2;Sat Jul 06 2019 21:07:52 GMT+0200 (CEST);Sat Jul 06 2019 19:07:52 GMT+0200 (CEST);1562440072000;0;5.21
1380556833984591;27;24.3;Sat Jul 06 2019 21:11:14 GMT+0200 (CEST);Sat Jul 06 2019 19:11:14 GMT+0200 (CEST);1562440274000;0;3.4
1380556833984591;26.5;30.1;Sat Jul 06 2019 21:14:28 GMT+0200 (CEST);Sat Jul 06 2019 19:14:28 GMT+0200 (CEST);1562440468000;0;1.82
1380556833984591;27;28.9;Sat Jul 06 2019 21:17:42 GMT+0200 (CEST);Sat Jul 06 2019 19:17:42 GMT+0200 (CEST);1562440662000;0;0.62
1380556833984591;27;27.2;Sat Jul 06 2019 21:20:55 GMT+0200 (CEST);Sat Jul 06 2019 19:20:55 GMT+0200 (CEST);1562440855000;0;0.26
1380556833984591;27;27.2;Sat Jul 06 2019 21:24:09 GMT+0200 (CEST);Sat Jul 06 2019 19:24:09 GMT+0200 (CEST);1562441049000;0;-0.01
1380556833984591;14.4;30.2;Sun Jul 07 2019 05:38:23 GMT+0200 (CEST);Sun Jul 07 2019 03:38:23 GMT+0200 (CEST);1562470703000;0;4.92
1380556833984591;14.4;29.4;Sun Jul 07 2019 05:41:57 GMT+0200 (CEST);Sun Jul 07 2019 03:41:57 GMT+0200 (CEST);1562470917000;0.02;16.06
1380556833984591;15.9;30.1;Sun Jul 07 2019 05:45:11 GMT+0200 (CEST);Sun Jul 07 2019 03:45:11 GMT+0200 (CEST);1562471111000;0.07;26.13
1380556833984591;18.5;31.7;Sun Jul 07 2019 05:48:24 GMT+0200 (CEST);Sun Jul 07 2019 03:48:24 GMT+0200 (CEST);1562471304000;0.1;29.85
1380556833984591;18.5;31.6;Sun Jul 07 2019 05:51:52 GMT+0200 (CEST);Sun Jul 07 2019 03:51:52 GMT+0200 (CEST);1562471512000;0.07;25.74
1380556833984591;18.5;31.3;Sun Jul 07 2019 05:55:09 GMT+0200 (CEST);Sun Jul 07 2019 03:55:09 GMT+0200 (CEST);1562471709000;0.05;23.39
1380556833984591;18.5;30.6;Sun Jul 07 2019 05:58:24 GMT+0200 (CEST);Sun Jul 07 2019 03:58:24 GMT+0200 (CEST);1562471904000;0.02;16.84
1380556833984591;18.5;30.1;Sun Jul 07 2019 06:01:39 GMT+0200 (CEST);Sun Jul 07 2019 04:01:39 GMT+0200 (CEST);1562472099000;0.01;14.81
1380556833984591;18.5;29.6;Sun Jul 07 2019 06:04:57 GMT+0200 (CEST);Sun Jul 07 2019 04:04:57 GMT+0200 (CEST);1562472297000;0.03;17.25
1380556833984591;18.5;29.8;Sun Jul 07 2019 06:08:21 GMT+0200 (CEST);Sun Jul 07 2019 04:08:21 GMT+0200 (CEST);1562472501000;0.06;25.34
1380556833984591;18.5;31.4;Sun Jul 07 2019 06:11:35 GMT+0200 (CEST);Sun Jul 07 2019 04:11:35 GMT+0200 (CEST);1562472695000;0.07;27.88
1380556833984591;18.5;31.5;Sun Jul 07 2019 06:15:21 GMT+0200 (CEST);Sun Jul 07 2019 04:15:21 GMT+0200 (CEST);1562472921000;0.07;27.04
1380556833984591;18.5;31.1;Sun Jul 07 2019 06:18:35 GMT+0200 (CEST);Sun Jul 07 2019 04:18:35 GMT+0200 (CEST);1562473115000;0.06;25.47
1380556833984591;18.5;31.3;Sun Jul 07 2019 06:22:04 GMT+0200 (CEST);Sun Jul 07 2019 04:22:04 GMT+0200 (CEST);1562473324000;0.09;31.98
1380556833984591;18.5;32.1;Sun Jul 07 2019 06:25:18 GMT+0200 (CEST);Sun Jul 07 2019 04:25:18 GMT+0200 (CEST);1562473518000;0.14;41.66
1380556833984591;19;32.5;Sun Jul 07 2019 06:28:37 GMT+0200 (CEST);Sun Jul 07 2019 04:28:37 GMT+0200 (CEST);1562473717000;0.15;44.39
1380556833984591;19;32.7;Sun Jul 07 2019 06:31:51 GMT+0200 (CEST);Sun Jul 07 2019 04:31:51 GMT+0200 (CEST);1562473911000;0.19;52.31
1380556833984591;19;32.8;Sun Jul 07 2019 06:35:05 GMT+0200 (CEST);Sun Jul 07 2019 04:35:05 GMT+0200 (CEST);1562474105000;0.22;60.42
1380556833984591;20.5;32.7;Sun Jul 07 2019 06:38:21 GMT+0200 (CEST);Sun Jul 07 2019 04:38:21 GMT+0200 (CEST);1562474301000;0.3;71.33
1380556833984591;20.5;32.6;Sun Jul 07 2019 06:41:34 GMT+0200 (CEST);Sun Jul 07 2019 04:41:34 GMT+0200 (CEST);1562474494000;0.34;81.59
1380556833984591;20.5;33.2;Sun Jul 07 2019 06:44:53 GMT+0200 (CEST);Sun Jul 07 2019 04:44:53 GMT+0200 (CEST);1562474693000;0.47;101.18
1380556833984591;20.5;33.9;Sun Jul 07 2019 06:48:08 GMT+0200 (CEST);Sun Jul 07 2019 04:48:08 GMT+0200 (CEST);1562474888000;0.46;96.63
1380556833984591;21;33.6;Sun Jul 07 2019 06:51:24 GMT+0200 (CEST);Sun Jul 07 2019 04:51:24 GMT+0200 (CEST);1562475084000;0.4;91.77
1380556833984591;21;33.2;Sun Jul 07 2019 06:54:37 GMT+0200 (CEST);Sun Jul 07 2019 04:54:37 GMT+0200 (CEST);1562475277000;0.46;105.46
1380556833984591;21;34;Sun Jul 07 2019 06:57:52 GMT+0200 (CEST);Sun Jul 07 2019 04:57:52 GMT+0200 (CEST);1562475472000;0.59;107.24
1380556833984591;21;32.9;Sun Jul 07 2019 07:01:04 GMT+0200 (CEST);Sun Jul 07 2019 05:01:04 GMT+0200 (CEST);1562475664000;0.38;88.38
1380556833984591;21;32.8;Sun Jul 07 2019 07:04:17 GMT+0200 (CEST);Sun Jul 07 2019 05:04:17 GMT+0200 (CEST);1562475857000;0.39;88.91
1380556833984591;22.5;32.6;Sun Jul 07 2019 07:08:04 GMT+0200 (CEST);Sun Jul 07 2019 05:08:04 GMT+0200 (CEST);1562476084000;0.36;86.35
1380556833984591;22.5;32.5;Sun Jul 07 2019 07:11:25 GMT+0200 (CEST);Sun Jul 07 2019 05:11:25 GMT+0200 (CEST);1562476285000;0.38;89.28
1380556833984591;22.5;32.7;Sun Jul 07 2019 07:14:43 GMT+0200 (CEST);Sun Jul 07 2019 05:14:43 GMT+0200 (CEST);1562476483000;0.39;91.86
1380556833984591;22.5;32.5;Sun Jul 07 2019 07:18:03 GMT+0200 (CEST);Sun Jul 07 2019 05:18:03 GMT+0200 (CEST);1562476683000;0.36;85.76
1380556833984591;22.5;32.6;Sun Jul 07 2019 07:21:19 GMT+0200 (CEST);Sun Jul 07 2019 05:21:19 GMT+0200 (CEST);1562476879000;0.34;83.19
1380556833984591;22.5;32.9;Sun Jul 07 2019 07:24:57 GMT+0200 (CEST);Sun Jul 07 2019 05:24:57 GMT+0200 (CEST);1562477097000;0.4;93.4
1380556833984591;22.5;33.4;Sun Jul 07 2019 07:28:11 GMT+0200 (CEST);Sun Jul 07 2019 05:28:11 GMT+0200 (CEST);1562477291000;0.71;164.12
1380556833984591;22.5;34.5;Sun Jul 07 2019 07:31:25 GMT+0200 (CEST);Sun Jul 07 2019 05:31:25 GMT+0200 (CEST);1562477485000;1.08;254.03
1380556833984591;23;34.1;Sun Jul 07 2019 07:34:39 GMT+0200 (CEST);Sun Jul 07 2019 05:34:39 GMT+0200 (CEST);1562477679000;0.79;180.15
1380556833984591;23;33.6;Sun Jul 07 2019 07:37:54 GMT+0200 (CEST);Sun Jul 07 2019 05:37:54 GMT+0200 (CEST);1562477874000;0.83;189.59
1380556833984591;23;34;Sun Jul 07 2019 07:41:12 GMT+0200 (CEST);Sun Jul 07 2019 05:41:12 GMT+0200 (CEST);1562478072000;0.87;197.64
1380556833984591;24;33.2;Sun Jul 07 2019 07:44:26 GMT+0200 (CEST);Sun Jul 07 2019 05:44:26 GMT+0200 (CEST);1562478266000;1.08;240.85
1380556833984591;24;33.6;Sun Jul 07 2019 07:47:42 GMT+0200 (CEST);Sun Jul 07 2019 05:47:42 GMT+0200 (CEST);1562478462000;1.17;255.1
1380556833984591;24.5;33.3;Sun Jul 07 2019 07:50:57 GMT+0200 (CEST);Sun Jul 07 2019 05:50:57 GMT+0200 (CEST);1562478657000;1.18;253.35
1380556833984591;25;33.7;Sun Jul 07 2019 07:54:44 GMT+0200 (CEST);Sun Jul 07 2019 05:54:44 GMT+0200 (CEST);1562478884000;1.06;215.71
1380556833984591;25;33.7;Sun Jul 07 2019 07:57:57 GMT+0200 (CEST);Sun Jul 07 2019 05:57:57 GMT+0200 (CEST);1562479077000;1.5;314.06
1380556833984591;26.5;33.5;Sun Jul 07 2019 08:01:12 GMT+0200 (CEST);Sun Jul 07 2019 06:01:12 GMT+0200 (CEST);1562479272000;1.17;259.66
1380556833984591;27;33.8;Sun Jul 07 2019 08:04:26 GMT+0200 (CEST);Sun Jul 07 2019 06:04:26 GMT+0200 (CEST);1562479466000;1.51;322.25
1380556833984591;28.5;33.9;Sun Jul 07 2019 08:07:41 GMT+0200 (CEST);Sun Jul 07 2019 06:07:41 GMT+0200 (CEST);1562479661000;1.25;261.62
1380556833984591;28.5;33.1;Sun Jul 07 2019 08:11:13 GMT+0200 (CEST);Sun Jul 07 2019 06:11:13 GMT+0200 (CEST);1562479873000;0.89;185.13
1380556833984591;28.5;33.8;Sun Jul 07 2019 08:14:31 GMT+0200 (CEST);Sun Jul 07 2019 06:14:31 GMT+0200 (CEST);1562480071000;1.17;250.7
1380556833984591;28.5;34;Sun Jul 07 2019 08:17:51 GMT+0200 (CEST);Sun Jul 07 2019 06:17:51 GMT+0200 (CEST);1562480271000;1.52;330.23
1380556833984591;28.5;33.9;Sun Jul 07 2019 08:21:04 GMT+0200 (CEST);Sun Jul 07 2019 06:21:04 GMT+0200 (CEST);1562480464000;1.29;311.91
1380556833984591;28.5;33.7;Sun Jul 07 2019 08:24:17 GMT+0200 (CEST);Sun Jul 07 2019 06:24:17 GMT+0200 (CEST);1562480657000;1.38;303.34
1380556833984591;28.5;33.9;Sun Jul 07 2019 08:27:35 GMT+0200 (CEST);Sun Jul 07 2019 06:27:35 GMT+0200 (CEST);1562480855000;1.71;345.59
1380556833984591;29;34.3;Sun Jul 07 2019 08:30:49 GMT+0200 (CEST);Sun Jul 07 2019 06:30:49 GMT+0200 (CEST);1562481049000;1.93;368.63
1380556833984591;29;33.4;Sun Jul 07 2019 08:34:07 GMT+0200 (CEST);Sun Jul 07 2019 06:34:07 GMT+0200 (CEST);1562481247000;2.26;473.59
1380556833984591;29;33.9;Sun Jul 07 2019 08:37:47 GMT+0200 (CEST);Sun Jul 07 2019 06:37:47 GMT+0200 (CEST);1562481467000;2.27;471.03
1380556833984591;30.5;33.2;Sun Jul 07 2019 08:41:46 GMT+0200 (CEST);Sun Jul 07 2019 06:41:46 GMT+0200 (CEST);1562481706000;1.22;254.21
1380556833984591;30.5;33.2;Sun Jul 07 2019 08:45:02 GMT+0200 (CEST);Sun Jul 07 2019 06:45:02 GMT+0200 (CEST);1562481902000;1.92;401.91
1380556833984591;30.5;33.6;Sun Jul 07 2019 08:48:17 GMT+0200 (CEST);Sun Jul 07 2019 06:48:17 GMT+0200 (CEST);1562482097000;1.85;376.31
1380556833984591;30.5;33.8;Sun Jul 07 2019 08:51:35 GMT+0200 (CEST);Sun Jul 07 2019 06:51:35 GMT+0200 (CEST);1562482295000;1.5;309.28
1380556833984591;30.5;33.8;Sun Jul 07 2019 08:55:00 GMT+0200 (CEST);Sun Jul 07 2019 06:55:00 GMT+0200 (CEST);1562482500000;1.3;263.07
1380556833984591;30.5;33.1;Sun Jul 07 2019 08:58:13 GMT+0200 (CEST);Sun Jul 07 2019 06:58:13 GMT+0200 (CEST);1562482693000;1.03;214.85
1380556833984591;30.5;33.6;Sun Jul 07 2019 09:01:30 GMT+0200 (CEST);Sun Jul 07 2019 07:01:30 GMT+0200 (CEST);1562482890000;1.41;301.61
1380556833984591;30.5;34.1;Sun Jul 07 2019 09:04:51 GMT+0200 (CEST);Sun Jul 07 2019 07:04:51 GMT+0200 (CEST);1562483091000;1.22;244.03
1380556833984591;30.5;34.1;Sun Jul 07 2019 09:08:04 GMT+0200 (CEST);Sun Jul 07 2019 07:08:04 GMT+0200 (CEST);1562483284000;1.94;419.83
1380556833984591;30.5;33.8;Sun Jul 07 2019 09:11:16 GMT+0200 (CEST);Sun Jul 07 2019 07:11:16 GMT+0200 (CEST);1562483476000;1.48;293.39
1380556833984591;30.5;33.6;Sun Jul 07 2019 09:14:38 GMT+0200 (CEST);Sun Jul 07 2019 07:14:38 GMT+0200 (CEST);1562483678000;1.06;223.61
1380556833984591;30.5;33.9;Sun Jul 07 2019 09:17:52 GMT+0200 (CEST);Sun Jul 07 2019 07:17:52 GMT+0200 (CEST);1562483872000;1.24;256.36
1380556833984591;30.5;33.8;Sun Jul 07 2019 09:21:37 GMT+0200 (CEST);Sun Jul 07 2019 07:21:37 GMT+0200 (CEST);1562484097000;1.78;360.95
1380556833984591;30.5;34.1;Sun Jul 07 2019 09:24:56 GMT+0200 (CEST);Sun Jul 07 2019 07:24:56 GMT+0200 (CEST);1562484296000;1.36;247.73
1380556833984591;30.5;32.8;Sun Jul 07 2019 09:28:18 GMT+0200 (CEST);Sun Jul 07 2019 07:28:18 GMT+0200 (CEST);1562484498000;0.57;119.73
1380556833984591;30.5;32.1;Sun Jul 07 2019 09:31:31 GMT+0200 (CEST);Sun Jul 07 2019 07:31:31 GMT+0200 (CEST);1562484691000;0.62;136.06
1380556833984591;29;32.7;Sun Jul 07 2019 09:34:59 GMT+0200 (CEST);Sun Jul 07 2019 07:34:59 GMT+0200 (CEST);1562484899000;0.54;117.37
1380556833984591;29;31.7;Sun Jul 07 2019 09:38:26 GMT+0200 (CEST);Sun Jul 07 2019 07:38:26 GMT+0200 (CEST);1562485106000;0.44;99.49
1380556833984591;28.5;33.2;Sun Jul 07 2019 09:41:40 GMT+0200 (CEST);Sun Jul 07 2019 07:41:40 GMT+0200 (CEST);1562485300000;0.89;185.71
1380556833984591;28.5;33.8;Sun Jul 07 2019 09:45:00 GMT+0200 (CEST);Sun Jul 07 2019 07:45:00 GMT+0200 (CEST);1562485500000;0.75;155.42
1380556833984591;28.5;33;Sun Jul 07 2019 09:48:16 GMT+0200 (CEST);Sun Jul 07 2019 07:48:16 GMT+0200 (CEST);1562485696000;0.81;174.12
1380556833984591;28.5;34.3;Sun Jul 07 2019 09:51:29 GMT+0200 (CEST);Sun Jul 07 2019 07:51:29 GMT+0200 (CEST);1562485889000;1.21;252.18
1380556833984591;28.5;34.7;Sun Jul 07 2019 09:54:43 GMT+0200 (CEST);Sun Jul 07 2019 07:54:43 GMT+0200 (CEST);1562486083000;2;340.47
1380556833984591;28.5;34.1;Sun Jul 07 2019 09:57:58 GMT+0200 (CEST);Sun Jul 07 2019 07:57:58 GMT+0200 (CEST);1562486278000;2.45;550.39
1380556833984591;29.5;34;Sun Jul 07 2019 10:01:22 GMT+0200 (CEST);Sun Jul 07 2019 08:01:22 GMT+0200 (CEST);1562486482000;1.87;412.15
1380556833984591;29;33;Sun Jul 07 2019 10:04:35 GMT+0200 (CEST);Sun Jul 07 2019 08:04:35 GMT+0200 (CEST);1562486675000;1.13;241.66
1380556833984591;29;33.9;Sun Jul 07 2019 10:07:52 GMT+0200 (CEST);Sun Jul 07 2019 08:07:52 GMT+0200 (CEST);1562486872000;1.47;301.28
1380556833984591;30.5;33.8;Sun Jul 07 2019 10:11:05 GMT+0200 (CEST);Sun Jul 07 2019 08:11:05 GMT+0200 (CEST);1562487065000;1.3;272.91
1380556833984591;30.5;33.5;Sun Jul 07 2019 10:14:18 GMT+0200 (CEST);Sun Jul 07 2019 08:14:18 GMT+0200 (CEST);1562487258000;0.91;191.71
1380556833984591;29;32.4;Sun Jul 07 2019 10:17:50 GMT+0200 (CEST);Sun Jul 07 2019 08:17:50 GMT+0200 (CEST);1562487470000;0.5;112.86
1380556833984591;29;32.8;Sun Jul 07 2019 10:21:04 GMT+0200 (CEST);Sun Jul 07 2019 08:21:04 GMT+0200 (CEST);1562487664000;0.59;135.23
1380556833984591;28.5;33.5;Sun Jul 07 2019 10:24:24 GMT+0200 (CEST);Sun Jul 07 2019 08:24:24 GMT+0200 (CEST);1562487864000;0.89;196.4
1380556833984591;28.5;34.1;Sun Jul 07 2019 10:27:37 GMT+0200 (CEST);Sun Jul 07 2019 08:27:37 GMT+0200 (CEST);1562488057000;1.12;239.32
1380556833984591;28.5;34;Sun Jul 07 2019 10:30:51 GMT+0200 (CEST);Sun Jul 07 2019 08:30:51 GMT+0200 (CEST);1562488251000;1.28;277.81
1380556833984591;28.5;34.1;Sun Jul 07 2019 10:32:38 GMT+0200 (CEST);Sun Jul 07 2019 08:32:38 GMT+0200 (CEST);1562488358000;1.34;299
1380556833984591;28.5;34.1;Sun Jul 07 2019 10:35:51 GMT+0200 (CEST);Sun Jul 07 2019 08:35:51 GMT+0200 (CEST);1562488551000;1.56;332.79
1380556833984591;29;34.1;Sun Jul 07 2019 10:39:05 GMT+0200 (CEST);Sun Jul 07 2019 08:39:05 GMT+0200 (CEST);1562488745000;1.82;371.19
1380556833984591;29;34;Sun Jul 07 2019 10:42:20 GMT+0200 (CEST);Sun Jul 07 2019 08:42:20 GMT+0200 (CEST);1562488940000;3.56;737.12
1380556833984591;29;33.4;Sun Jul 07 2019 10:45:39 GMT+0200 (CEST);Sun Jul 07 2019 08:45:39 GMT+0200 (CEST);1562489139000;4.36;876.57
1380556833984591;31.1;32.7;Sun Jul 07 2019 10:49:11 GMT+0200 (CEST);Sun Jul 07 2019 08:49:11 GMT+0200 (CEST);1562489351000;3.94;829.71
1380556833984591;32.1;32;Sun Jul 07 2019 10:52:28 GMT+0200 (CEST);Sun Jul 07 2019 08:52:28 GMT+0200 (CEST);1562489548000;1.97;407.03
1380556833984591;35.1;32.8;Sun Jul 07 2019 10:55:50 GMT+0200 (CEST);Sun Jul 07 2019 08:55:50 GMT+0200 (CEST);1562489750000;3.14;663.48
1380556833984591;35.1;32.6;Sun Jul 07 2019 10:59:06 GMT+0200 (CEST);Sun Jul 07 2019 08:59:06 GMT+0200 (CEST);1562489946000;1.76;360.95
1380556833984591;35.1;33;Sun Jul 07 2019 11:02:20 GMT+0200 (CEST);Sun Jul 07 2019 09:02:20 GMT+0200 (CEST);1562490140000;3.81;772.62
1380556833984591;36.6;33.3;Sun Jul 07 2019 11:05:37 GMT+0200 (CEST);Sun Jul 07 2019 09:05:37 GMT+0200 (CEST);1562490337000;3.55;708.15
1380556833984591;36.6;33;Sun Jul 07 2019 11:08:54 GMT+0200 (CEST);Sun Jul 07 2019 09:08:54 GMT+0200 (CEST);1562490534000;3.76;753.28
1380556833984591;36.6;32.5;Sun Jul 07 2019 11:12:24 GMT+0200 (CEST);Sun Jul 07 2019 09:12:24 GMT+0200 (CEST);1562490744000;1.68;343.03
1380556833984591;36.6;33.1;Sun Jul 07 2019 11:15:37 GMT+0200 (CEST);Sun Jul 07 2019 09:15:37 GMT+0200 (CEST);1562490937000;1.67;340.47
1380556833984591;36.6;33.4;Sun Jul 07 2019 11:18:52 GMT+0200 (CEST);Sun Jul 07 2019 09:18:52 GMT+0200 (CEST);1562491132000;2.09;417.27
1380556833984591;36.6;33.4;Sun Jul 07 2019 11:22:07 GMT+0200 (CEST);Sun Jul 07 2019 09:22:07 GMT+0200 (CEST);1562491327000;1.99;394.23
1380556833984591;36.6;33.6;Sun Jul 07 2019 11:25:20 GMT+0200 (CEST);Sun Jul 07 2019 09:25:20 GMT+0200 (CEST);1562491520000;2.88;593.91
1380556833984591;36.6;33.6;Sun Jul 07 2019 11:28:35 GMT+0200 (CEST);Sun Jul 07 2019 09:28:35 GMT+0200 (CEST);1562491715000;1.95;391.67
1380556833984591;34.6;33.3;Sun Jul 07 2019 11:31:48 GMT+0200 (CEST);Sun Jul 07 2019 09:31:48 GMT+0200 (CEST);1562491908000;2.23;471.03
1380556833984591;34.6;33.6;Sun Jul 07 2019 11:35:47 GMT+0200 (CEST);Sun Jul 07 2019 09:35:47 GMT+0200 (CEST);1562492147000;2.47;501.75
1380556833984591;34.6;33.6;Sun Jul 07 2019 11:39:02 GMT+0200 (CEST);Sun Jul 07 2019 09:39:02 GMT+0200 (CEST);1562492342000;2.22;453.11
1380556833984591;34.6;33.3;Sun Jul 07 2019 11:42:17 GMT+0200 (CEST);Sun Jul 07 2019 09:42:17 GMT+0200 (CEST);1562492537000;2.21;522.23
1380556833984591;34.6;33.4;Sun Jul 07 2019 11:45:35 GMT+0200 (CEST);Sun Jul 07 2019 09:45:35 GMT+0200 (CEST);1562492735000;2.03;409.59
1380556833984591;34.6;33;Sun Jul 07 2019 11:48:50 GMT+0200 (CEST);Sun Jul 07 2019 09:48:50 GMT+0200 (CEST);1562492930000;1.41;285.8
1380556833984591;34.6;33.3;Sun Jul 07 2019 11:52:26 GMT+0200 (CEST);Sun Jul 07 2019 09:52:26 GMT+0200 (CEST);1562493146000;1.55;317.2
1380556833984591;34.6;33.5;Sun Jul 07 2019 11:55:40 GMT+0200 (CEST);Sun Jul 07 2019 09:55:40 GMT+0200 (CEST);1562493340000;1.48;297.5
1380556833984591;32.1;33.8;Sun Jul 07 2019 11:58:53 GMT+0200 (CEST);Sun Jul 07 2019 09:58:53 GMT+0200 (CEST);1562493533000;2.48;501.75
1380556833984591;32.1;33.5;Sun Jul 07 2019 12:02:12 GMT+0200 (CEST);Sun Jul 07 2019 10:02:12 GMT+0200 (CEST);1562493732000;2.09;412.15
1380556833984591;32.1;33.4;Sun Jul 07 2019 12:05:43 GMT+0200 (CEST);Sun Jul 07 2019 10:05:43 GMT+0200 (CEST);1562493943000;2.18;432.63
1380556833984591;32.1;33.2;Sun Jul 07 2019 12:08:58 GMT+0200 (CEST);Sun Jul 07 2019 10:08:58 GMT+0200 (CEST);1562494138000;1.32;271.84
1380556833984591;32.1;33.3;Sun Jul 07 2019 12:12:12 GMT+0200 (CEST);Sun Jul 07 2019 10:12:12 GMT+0200 (CEST);1562494332000;1.64;345.59
1380556833984591;32.1;34.1;Sun Jul 07 2019 12:15:25 GMT+0200 (CEST);Sun Jul 07 2019 10:15:25 GMT+0200 (CEST);1562494525000;2.38;511.99
1380556833984591;32.1;33.9;Sun Jul 07 2019 12:18:40 GMT+0200 (CEST);Sun Jul 07 2019 10:18:40 GMT+0200 (CEST);1562494720000;1.92;378.87
1380556833984591;32.1;33.3;Sun Jul 07 2019 12:21:55 GMT+0200 (CEST);Sun Jul 07 2019 10:21:55 GMT+0200 (CEST);1562494915000;2.18;450.55
1380556833984591;32.1;33.6;Sun Jul 07 2019 12:25:21 GMT+0200 (CEST);Sun Jul 07 2019 10:25:21 GMT+0200 (CEST);1562495121000;2.29;481.27
1380556833984591;32.1;33.6;Sun Jul 07 2019 12:28:34 GMT+0200 (CEST);Sun Jul 07 2019 10:28:34 GMT+0200 (CEST);1562495314000;2.95;611.83
1380556833984591;34.6;33.2;Sun Jul 07 2019 12:31:50 GMT+0200 (CEST);Sun Jul 07 2019 10:31:50 GMT+0200 (CEST);1562495510000;2.48;506.87
1380556833984591;34.6;33;Sun Jul 07 2019 12:35:05 GMT+0200 (CEST);Sun Jul 07 2019 10:35:05 GMT+0200 (CEST);1562495705000;1.61;324.4
1380556833984591;34.6;33;Sun Jul 07 2019 12:38:24 GMT+0200 (CEST);Sun Jul 07 2019 10:38:24 GMT+0200 (CEST);1562495904000;1.24;253.2
1380556833984591;34.6;32.7;Sun Jul 07 2019 12:41:36 GMT+0200 (CEST);Sun Jul 07 2019 10:41:36 GMT+0200 (CEST);1562496096000;0.92;206.32
1380556833984591;34.6;33.8;Sun Jul 07 2019 12:45:02 GMT+0200 (CEST);Sun Jul 07 2019 10:45:02 GMT+0200 (CEST);1562496302000;1.66;348.15
1380556833984591;32.1;33.6;Sun Jul 07 2019 12:48:21 GMT+0200 (CEST);Sun Jul 07 2019 10:48:21 GMT+0200 (CEST);1562496501000;1.55;320.37
1380556833984591;32.1;33.6;Sun Jul 07 2019 12:51:41 GMT+0200 (CEST);Sun Jul 07 2019 10:51:41 GMT+0200 (CEST);1562496701000;1.92;407.03
1380556833984591;32.1;33.8;Sun Jul 07 2019 12:55:54 GMT+0200 (CEST);Sun Jul 07 2019 10:55:54 GMT+0200 (CEST);1562496954000;2.86;624.63
1380556833984591;32.1;33.9;Sun Jul 07 2019 12:59:14 GMT+0200 (CEST);Sun Jul 07 2019 10:59:14 GMT+0200 (CEST);1562497154000;3.42;662.14
1380556833984591;32.1;33.1;Sun Jul 07 2019 13:02:31 GMT+0200 (CEST);Sun Jul 07 2019 11:02:31 GMT+0200 (CEST);1562497351000;3.39;707.2
1380556833984591;34.6;33.1;Sun Jul 07 2019 13:06:14 GMT+0200 (CEST);Sun Jul 07 2019 11:06:14 GMT+0200 (CEST);1562497574000;3.53;755.69
1380556833984591;35.1;32.7;Sun Jul 07 2019 13:09:32 GMT+0200 (CEST);Sun Jul 07 2019 11:09:32 GMT+0200 (CEST);1562497772000;2.31;458.23
1380556833984591;35.1;32.9;Sun Jul 07 2019 13:12:45 GMT+0200 (CEST);Sun Jul 07 2019 11:12:45 GMT+0200 (CEST);1562497965000;2.09;422.39
1380556833984591;36.6;33.2;Sun Jul 07 2019 13:15:59 GMT+0200 (CEST);Sun Jul 07 2019 11:15:59 GMT+0200 (CEST);1562498159000;4.28;837.23
1380556833984591;36.1;33;Sun Jul 07 2019 13:19:22 GMT+0200 (CEST);Sun Jul 07 2019 11:19:22 GMT+0200 (CEST);1562498362000;3.46;714.78
1380556833984591;36.1;32.4;Sun Jul 07 2019 13:22:36 GMT+0200 (CEST);Sun Jul 07 2019 11:22:36 GMT+0200 (CEST);1562498556000;3.98;1100.79
1380556833984591;37.1;32.5;Sun Jul 07 2019 13:26:03 GMT+0200 (CEST);Sun Jul 07 2019 11:26:03 GMT+0200 (CEST);1562498763000;2.74;563.19
1380556833984591;37.1;32.8;Sun Jul 07 2019 13:29:17 GMT+0200 (CEST);Sun Jul 07 2019 11:29:17 GMT+0200 (CEST);1562498957000;3.13;596.47
1380556833984591;37.1;32.7;Sun Jul 07 2019 13:32:31 GMT+0200 (CEST);Sun Jul 07 2019 11:32:31 GMT+0200 (CEST);1562499151000;2.3;458.23
1380556833984591;38.6;32.8;Sun Jul 07 2019 13:36:08 GMT+0200 (CEST);Sun Jul 07 2019 11:36:08 GMT+0200 (CEST);1562499368000;1.88;381.43
1380556833984591;38.6;33.2;Sun Jul 07 2019 13:39:22 GMT+0200 (CEST);Sun Jul 07 2019 11:39:22 GMT+0200 (CEST);1562499562000;1.7;345.59
1380556833984591;36.6;33.3;Sun Jul 07 2019 13:42:40 GMT+0200 (CEST);Sun Jul 07 2019 11:42:40 GMT+0200 (CEST);1562499760000;1.65;330.23
1380556833984591;36.6;33.4;Sun Jul 07 2019 13:45:56 GMT+0200 (CEST);Sun Jul 07 2019 11:45:56 GMT+0200 (CEST);1562499956000;1.61;324.82
1380556833984591;34.6;33.9;Sun Jul 07 2019 13:49:15 GMT+0200 (CEST);Sun Jul 07 2019 11:49:15 GMT+0200 (CEST);1562500155000;1.56;320.24
1380556833984591;32.1;33.9;Sun Jul 07 2019 13:52:32 GMT+0200 (CEST);Sun Jul 07 2019 11:52:32 GMT+0200 (CEST);1562500352000;1.48;300.84
1380556833984591;32.1;33.6;Sun Jul 07 2019 13:55:45 GMT+0200 (CEST);Sun Jul 07 2019 11:55:45 GMT+0200 (CEST);1562500545000;1.45;290.83
1380556833984591;32.1;33.9;Sun Jul 07 2019 13:59:11 GMT+0200 (CEST);Sun Jul 07 2019 11:59:11 GMT+0200 (CEST);1562500751000;1.4;278.67
1380556833984591;31.1;34.1;Sun Jul 07 2019 14:02:25 GMT+0200 (CEST);Sun Jul 07 2019 12:02:25 GMT+0200 (CEST);1562500945000;1.41;284.43
1380556833984591;31.1;34.2;Sun Jul 07 2019 14:05:41 GMT+0200 (CEST);Sun Jul 07 2019 12:05:41 GMT+0200 (CEST);1562501141000;1.52;309.61
1380556833984591;31.1;34.5;Sun Jul 07 2019 14:08:54 GMT+0200 (CEST);Sun Jul 07 2019 12:08:54 GMT+0200 (CEST);1562501334000;2.03;412.15
1380556833984591;30.5;34.5;Sun Jul 07 2019 14:12:25 GMT+0200 (CEST);Sun Jul 07 2019 12:12:25 GMT+0200 (CEST);1562501545000;2.66;535.03
1380556833984591;30.5;34.1;Sun Jul 07 2019 14:15:45 GMT+0200 (CEST);Sun Jul 07 2019 12:15:45 GMT+0200 (CEST);1562501745000;2.25;483.83
1380556833984591;31.1;34;Sun Jul 07 2019 14:18:58 GMT+0200 (CEST);Sun Jul 07 2019 12:18:58 GMT+0200 (CEST);1562501938000;3.15;659.07
1380556833984591;31.1;33.7;Sun Jul 07 2019 14:22:16 GMT+0200 (CEST);Sun Jul 07 2019 12:22:16 GMT+0200 (CEST);1562502136000;3.39;715.15
1380556833984591;31.1;33.6;Sun Jul 07 2019 14:25:30 GMT+0200 (CEST);Sun Jul 07 2019 12:25:30 GMT+0200 (CEST);1562502330000;2.57;629.75
1380556833984591;32.1;33.6;Sun Jul 07 2019 14:28:47 GMT+0200 (CEST);Sun Jul 07 2019 12:28:47 GMT+0200 (CEST);1562502527000;4.52;1090.55
1380556833984591;34.6;33.2;Sun Jul 07 2019 14:32:01 GMT+0200 (CEST);Sun Jul 07 2019 12:32:01 GMT+0200 (CEST);1562502721000;4.75;985.59
1380556833984591;34.6;32.5;Sun Jul 07 2019 14:35:26 GMT+0200 (CEST);Sun Jul 07 2019 12:35:26 GMT+0200 (CEST);1562502926000;4.71;972.98
1380556833984591;36.1;32.8;Sun Jul 07 2019 14:38:39 GMT+0200 (CEST);Sun Jul 07 2019 12:38:39 GMT+0200 (CEST);1562503119000;4.7;975.21
1380556833984591;38.6;32.6;Sun Jul 07 2019 14:41:53 GMT+0200 (CEST);Sun Jul 07 2019 12:41:53 GMT+0200 (CEST);1562503313000;4.78;993.27
1380556833984591;38.6;32.7;Sun Jul 07 2019 14:45:21 GMT+0200 (CEST);Sun Jul 07 2019 12:45:21 GMT+0200 (CEST);1562503521000;1.74;624.63
1380556833984591;40.6;32.5;Sun Jul 07 2019 14:48:55 GMT+0200 (CEST);Sun Jul 07 2019 12:48:55 GMT+0200 (CEST);1562503735000;5.95;1121.27
1380556833984591;40.6;31.8;Sun Jul 07 2019 14:52:21 GMT+0200 (CEST);Sun Jul 07 2019 12:52:21 GMT+0200 (CEST);1562503941000;1.83;386.55
1380556833984591;40.6;32.7;Sun Jul 07 2019 14:55:51 GMT+0200 (CEST);Sun Jul 07 2019 12:55:51 GMT+0200 (CEST);1562504151000;5.76;1195.51
1380556833984591;39.1;32.1;Sun Jul 07 2019 14:59:06 GMT+0200 (CEST);Sun Jul 07 2019 12:59:06 GMT+0200 (CEST);1562504346000;1.28;262.53
1380556833984591;38.6;32.2;Sun Jul 07 2019 15:02:20 GMT+0200 (CEST);Sun Jul 07 2019 13:02:20 GMT+0200 (CEST);1562504540000;0.97;193.69
1380556833984591;38.6;32.3;Sun Jul 07 2019 15:05:34 GMT+0200 (CEST);Sun Jul 07 2019 13:05:34 GMT+0200 (CEST);1562504734000;0.9;182.38
1380556833984591;37.6;32.8;Sun Jul 07 2019 15:08:51 GMT+0200 (CEST);Sun Jul 07 2019 13:08:51 GMT+0200 (CEST);1562504931000;0.98;213.24
1380556833984591;34.6;33.9;Sun Jul 07 2019 15:12:05 GMT+0200 (CEST);Sun Jul 07 2019 13:12:05 GMT+0200 (CEST);1562505125000;1.8;424.95
1380556833984591;32.1;34.3;Sun Jul 07 2019 15:15:28 GMT+0200 (CEST);Sun Jul 07 2019 13:15:28 GMT+0200 (CEST);1562505328000;1.61;323.25
1380556833984591;32.1;33.4;Sun Jul 07 2019 15:18:44 GMT+0200 (CEST);Sun Jul 07 2019 13:18:44 GMT+0200 (CEST);1562505524000;1.37;284.42
1380556833984591;32.1;33.4;Sun Jul 07 2019 15:22:00 GMT+0200 (CEST);Sun Jul 07 2019 13:22:00 GMT+0200 (CEST);1562505720000;1.34;278.4
1380556833984591;31.1;34.3;Sun Jul 07 2019 15:25:15 GMT+0200 (CEST);Sun Jul 07 2019 13:25:15 GMT+0200 (CEST);1562505915000;2.43;430.07
1380556833984591;31.1;33.4;Sun Jul 07 2019 15:28:44 GMT+0200 (CEST);Sun Jul 07 2019 13:28:44 GMT+0200 (CEST);1562506124000;1.09;224.7
1380556833984591;31.1;33.6;Sun Jul 07 2019 15:32:01 GMT+0200 (CEST);Sun Jul 07 2019 13:32:01 GMT+0200 (CEST);1562506321000;1.17;244.25
1380556833984591;30.5;33.1;Sun Jul 07 2019 15:35:26 GMT+0200 (CEST);Sun Jul 07 2019 13:35:26 GMT+0200 (CEST);1562506526000;0.98;206.78
1380556833984591;30.5;33.3;Sun Jul 07 2019 15:38:39 GMT+0200 (CEST);Sun Jul 07 2019 13:38:39 GMT+0200 (CEST);1562506719000;0.92;195.09
1380556833984591;29.5;33.8;Sun Jul 07 2019 15:41:55 GMT+0200 (CEST);Sun Jul 07 2019 13:41:55 GMT+0200 (CEST);1562506915000;1.21;254.46
1380556833984591;28.5;34.3;Sun Jul 07 2019 15:45:08 GMT+0200 (CEST);Sun Jul 07 2019 13:45:08 GMT+0200 (CEST);1562507108000;1.16;240.86
1380556833984591;28.5;33;Sun Jul 07 2019 15:48:28 GMT+0200 (CEST);Sun Jul 07 2019 13:48:28 GMT+0200 (CEST);1562507308000;0.59;128.53
1380556833984591;28.5;32.8;Sun Jul 07 2019 15:52:01 GMT+0200 (CEST);Sun Jul 07 2019 13:52:01 GMT+0200 (CEST);1562507521000;0.64;144.81
1380556833984591;27;34.7;Sun Jul 07 2019 15:55:26 GMT+0200 (CEST);Sun Jul 07 2019 13:55:26 GMT+0200 (CEST);1562507726000;1.5;315.32
1380556833984591;28.5;34.4;Sun Jul 07 2019 15:58:39 GMT+0200 (CEST);Sun Jul 07 2019 13:58:39 GMT+0200 (CEST);1562507919000;1.45;311.99
1380556833984591;28.5;34.1;Sun Jul 07 2019 16:01:53 GMT+0200 (CEST);Sun Jul 07 2019 14:01:53 GMT+0200 (CEST);1562508113000;1.18;251.11
1380556833984591;28.5;34;Sun Jul 07 2019 16:05:12 GMT+0200 (CEST);Sun Jul 07 2019 14:05:12 GMT+0200 (CEST);1562508312000;1.04;224.24
1380556833984591;28.5;33.6;Sun Jul 07 2019 16:08:26 GMT+0200 (CEST);Sun Jul 07 2019 14:08:26 GMT+0200 (CEST);1562508506000;1.02;218.4
1380556833984591;29;34;Sun Jul 07 2019 16:11:41 GMT+0200 (CEST);Sun Jul 07 2019 14:11:41 GMT+0200 (CEST);1562508701000;1.07;227.11
1380556833984591;28.5;34;Sun Jul 07 2019 16:15:17 GMT+0200 (CEST);Sun Jul 07 2019 14:15:17 GMT+0200 (CEST);1562508917000;1.22;266.23
1380556833984591;28.5;34.4;Sun Jul 07 2019 16:18:34 GMT+0200 (CEST);Sun Jul 07 2019 14:18:34 GMT+0200 (CEST);1562509114000;1.47;321.12
1380556833984591;28.5;34.4;Sun Jul 07 2019 16:21:55 GMT+0200 (CEST);Sun Jul 07 2019 14:21:55 GMT+0200 (CEST);1562509315000;1.49;311.15
1380556833984591;28.5;34.1;Sun Jul 07 2019 16:25:47 GMT+0200 (CEST);Sun Jul 07 2019 14:25:47 GMT+0200 (CEST);1562509547000;1.3;276.38
1380556833984591;28.5;34.1;Sun Jul 07 2019 16:29:03 GMT+0200 (CEST);Sun Jul 07 2019 14:29:03 GMT+0200 (CEST);1562509743000;1.41;299.68
1380556833984591;28.5;34.2;Sun Jul 07 2019 16:32:18 GMT+0200 (CEST);Sun Jul 07 2019 14:32:18 GMT+0200 (CEST);1562509938000;1.41;303.59
1380556833984591;29;34.3;Sun Jul 07 2019 16:36:14 GMT+0200 (CEST);Sun Jul 07 2019 14:36:14 GMT+0200 (CEST);1562510174000;2.66;604.15
1380556833984591;30.5;34.4;Sun Jul 07 2019 16:39:28 GMT+0200 (CEST);Sun Jul 07 2019 14:39:28 GMT+0200 (CEST);1562510368000;2.23;499.19
1380556833984591;31.1;33.7;Sun Jul 07 2019 16:42:52 GMT+0200 (CEST);Sun Jul 07 2019 14:42:52 GMT+0200 (CEST);1562510572000;3.68;747.83
1380556833984591;31.1;33.5;Sun Jul 07 2019 16:46:08 GMT+0200 (CEST);Sun Jul 07 2019 14:46:08 GMT+0200 (CEST);1562510768000;1.44;306.93
1380556833984591;32.1;33.1;Sun Jul 07 2019 16:49:24 GMT+0200 (CEST);Sun Jul 07 2019 14:49:24 GMT+0200 (CEST);1562510964000;4.12;822.34
1380556833984591;32.1;32.4;Sun Jul 07 2019 16:53:04 GMT+0200 (CEST);Sun Jul 07 2019 14:53:04 GMT+0200 (CEST);1562511184000;1.94;401.91
1380556833984591;32.1;32.9;Sun Jul 07 2019 16:56:36 GMT+0200 (CEST);Sun Jul 07 2019 14:56:36 GMT+0200 (CEST);1562511396000;1.33;285.8
1380556833984591;34.6;33.2;Sun Jul 07 2019 17:00:06 GMT+0200 (CEST);Sun Jul 07 2019 15:00:06 GMT+0200 (CEST);1562511606000;3.71;808.63
1380556833984591;34.6;32.6;Sun Jul 07 2019 17:03:18 GMT+0200 (CEST);Sun Jul 07 2019 15:03:18 GMT+0200 (CEST);1562511798000;3.05;532.47
1380556833984591;34.6;32.5;Sun Jul 07 2019 17:06:32 GMT+0200 (CEST);Sun Jul 07 2019 15:06:32 GMT+0200 (CEST);1562511992000;3.7;735.1
1380556833984591;35.1;32.6;Sun Jul 07 2019 17:09:48 GMT+0200 (CEST);Sun Jul 07 2019 15:09:48 GMT+0200 (CEST);1562512188000;3.33;670.94
1380556833984591;36.6;31.7;Sun Jul 07 2019 17:13:04 GMT+0200 (CEST);Sun Jul 07 2019 15:13:04 GMT+0200 (CEST);1562512384000;0.71;163.23
1380556833984591;36.6;33.2;Sun Jul 07 2019 17:16:19 GMT+0200 (CEST);Sun Jul 07 2019 15:16:19 GMT+0200 (CEST);1562512579000;1.1;376.31
1380556833984591;35.1;32.8;Sun Jul 07 2019 17:19:36 GMT+0200 (CEST);Sun Jul 07 2019 15:19:36 GMT+0200 (CEST);1562512776000;1;216.78
1380556833984591;34.6;33.9;Sun Jul 07 2019 17:22:56 GMT+0200 (CEST);Sun Jul 07 2019 15:22:56 GMT+0200 (CEST);1562512976000;0.96;209.5
1380556833984591;34.6;34.1;Sun Jul 07 2019 17:26:26 GMT+0200 (CEST);Sun Jul 07 2019 15:26:26 GMT+0200 (CEST);1562513186000;3;622.07
1380556833984591;32.1;34.6;Sun Jul 07 2019 17:29:44 GMT+0200 (CEST);Sun Jul 07 2019 15:29:44 GMT+0200 (CEST);1562513384000;3;511.99
1380556833984591;32.1;33.5;Sun Jul 07 2019 17:33:00 GMT+0200 (CEST);Sun Jul 07 2019 15:33:00 GMT+0200 (CEST);1562513580000;1.95;337.91
1380556833984591;32.1;34;Sun Jul 07 2019 17:36:15 GMT+0200 (CEST);Sun Jul 07 2019 15:36:15 GMT+0200 (CEST);1562513775000;1.73;303.7
1380556833984591;32.1;33.6;Sun Jul 07 2019 17:39:28 GMT+0200 (CEST);Sun Jul 07 2019 15:39:28 GMT+0200 (CEST);1562513968000;1.21;264.57
1380556833984591;32.1;34.5;Sun Jul 07 2019 17:42:45 GMT+0200 (CEST);Sun Jul 07 2019 15:42:45 GMT+0200 (CEST);1562514165000;2.79;583.67
1380556833984591;32.1;34.1;Sun Jul 07 2019 17:45:59 GMT+0200 (CEST);Sun Jul 07 2019 15:45:59 GMT+0200 (CEST);1562514359000;1.14;239.83
1380556833984591;32.1;33.9;Sun Jul 07 2019 17:49:22 GMT+0200 (CEST);Sun Jul 07 2019 15:49:22 GMT+0200 (CEST);1562514562000;2.83;481.27
1380556833984591;32.1;32.6;Sun Jul 07 2019 17:52:38 GMT+0200 (CEST);Sun Jul 07 2019 15:52:38 GMT+0200 (CEST);1562514758000;0.79;166.18
1380556833984591;32.1;33;Sun Jul 07 2019 17:55:51 GMT+0200 (CEST);Sun Jul 07 2019 15:55:51 GMT+0200 (CEST);1562514951000;0.84;182.58
1380556833984591;32.1;33.6;Sun Jul 07 2019 17:59:07 GMT+0200 (CEST);Sun Jul 07 2019 15:59:07 GMT+0200 (CEST);1562515147000;1.19;254.25
1380556833984591;31.1;33;Sun Jul 07 2019 18:02:21 GMT+0200 (CEST);Sun Jul 07 2019 16:02:21 GMT+0200 (CEST);1562515341000;0.83;182.12
1380556833984591;31.1;33;Sun Jul 07 2019 18:05:39 GMT+0200 (CEST);Sun Jul 07 2019 16:05:39 GMT+0200 (CEST);1562515539000;0.78;172.62
1380556833984591;30.5;33.2;Sun Jul 07 2019 18:08:57 GMT+0200 (CEST);Sun Jul 07 2019 16:08:57 GMT+0200 (CEST);1562515737000;0.71;160.25
1380556833984591;30.5;35;Sun Jul 07 2019 18:12:18 GMT+0200 (CEST);Sun Jul 07 2019 16:12:18 GMT+0200 (CEST);1562515938000;0.93;203.69
1380556833984591;30.5;34.3;Sun Jul 07 2019 18:15:34 GMT+0200 (CEST);Sun Jul 07 2019 16:15:34 GMT+0200 (CEST);1562516134000;1.01;216.12
1380556833984591;30.5;34.2;Sun Jul 07 2019 18:18:47 GMT+0200 (CEST);Sun Jul 07 2019 16:18:47 GMT+0200 (CEST);1562516327000;1;218.64
1380556833984591;29;34.6;Sun Jul 07 2019 18:22:25 GMT+0200 (CEST);Sun Jul 07 2019 16:22:25 GMT+0200 (CEST);1562516545000;1.12;233.17
1380556833984591;30.5;34.6;Sun Jul 07 2019 18:25:43 GMT+0200 (CEST);Sun Jul 07 2019 16:25:43 GMT+0200 (CEST);1562516743000;1.15;237.81
1380556833984591;30.5;34.1;Sun Jul 07 2019 18:28:56 GMT+0200 (CEST);Sun Jul 07 2019 16:28:56 GMT+0200 (CEST);1562516936000;1.08;229.37
1380556833984591;30.5;33.8;Sun Jul 07 2019 18:32:13 GMT+0200 (CEST);Sun Jul 07 2019 16:32:13 GMT+0200 (CEST);1562517133000;0.95;205.04
1380556833984591;29;32.8;Sun Jul 07 2019 18:35:52 GMT+0200 (CEST);Sun Jul 07 2019 16:35:52 GMT+0200 (CEST);1562517352000;0.7;154.4
1380556833984591;29;32.9;Sun Jul 07 2019 18:39:06 GMT+0200 (CEST);Sun Jul 07 2019 16:39:06 GMT+0200 (CEST);1562517546000;0.54;119.76
1380556833984591;28.5;32.4;Sun Jul 07 2019 18:42:24 GMT+0200 (CEST);Sun Jul 07 2019 16:42:24 GMT+0200 (CEST);1562517744000;0.46;99.85
1380556833984591;28.5;32.7;Sun Jul 07 2019 18:45:53 GMT+0200 (CEST);Sun Jul 07 2019 16:45:53 GMT+0200 (CEST);1562517953000;0.52;112.14
1380556833984591;28.5;32.8;Sun Jul 07 2019 18:49:08 GMT+0200 (CEST);Sun Jul 07 2019 16:49:08 GMT+0200 (CEST);1562518148000;0.56;119.6
1380556833984591;28.5;32.9;Sun Jul 07 2019 18:52:22 GMT+0200 (CEST);Sun Jul 07 2019 16:52:22 GMT+0200 (CEST);1562518342000;0.57;122.79
1380556833984591;27;33.1;Sun Jul 07 2019 18:55:38 GMT+0200 (CEST);Sun Jul 07 2019 16:55:38 GMT+0200 (CEST);1562518538000;0.64;136.56
1380556833984591;27;33.2;Sun Jul 07 2019 18:59:08 GMT+0200 (CEST);Sun Jul 07 2019 16:59:08 GMT+0200 (CEST);1562518748000;0.69;143.78
1380556833984591;27;34.1;Sun Jul 07 2019 19:02:22 GMT+0200 (CEST);Sun Jul 07 2019 17:02:22 GMT+0200 (CEST);1562518942000;0.83;170.33
1380556833984591;28.5;34.9;Sun Jul 07 2019 19:05:59 GMT+0200 (CEST);Sun Jul 07 2019 17:05:59 GMT+0200 (CEST);1562519159000;0.93;193.45
1380556833984591;28.5;33.5;Sun Jul 07 2019 19:09:15 GMT+0200 (CEST);Sun Jul 07 2019 17:09:15 GMT+0200 (CEST);1562519355000;0.85;187.7
1380556833984591;28.5;33.6;Sun Jul 07 2019 19:12:33 GMT+0200 (CEST);Sun Jul 07 2019 17:12:33 GMT+0200 (CEST);1562519553000;0.82;189.13
1380556833984591;28.5;33.4;Sun Jul 07 2019 19:15:47 GMT+0200 (CEST);Sun Jul 07 2019 17:15:47 GMT+0200 (CEST);1562519747000;0.66;143.88
1380556833984591;28.5;34.5;Sun Jul 07 2019 19:19:02 GMT+0200 (CEST);Sun Jul 07 2019 17:19:02 GMT+0200 (CEST);1562519942000;0.47;157.84
1380556833984591;28.5;32.3;Sun Jul 07 2019 19:22:15 GMT+0200 (CEST);Sun Jul 07 2019 17:22:15 GMT+0200 (CEST);1562520135000;0.43;101.55
1380556833984591;27;32.8;Sun Jul 07 2019 19:25:32 GMT+0200 (CEST);Sun Jul 07 2019 17:25:32 GMT+0200 (CEST);1562520332000;0.39;92.39
1380556833984591;26.5;32.3;Sun Jul 07 2019 19:28:45 GMT+0200 (CEST);Sun Jul 07 2019 17:28:45 GMT+0200 (CEST);1562520525000;0.29;75.71
1380556833984591;26.5;32;Sun Jul 07 2019 19:32:01 GMT+0200 (CEST);Sun Jul 07 2019 17:32:01 GMT+0200 (CEST);1562520721000;0.26;68.58
1380556833984591;26.5;31.4;Sun Jul 07 2019 19:35:20 GMT+0200 (CEST);Sun Jul 07 2019 17:35:20 GMT+0200 (CEST);1562520920000;0.22;60.82
1380556833984591;25;31.7;Sun Jul 07 2019 19:38:46 GMT+0200 (CEST);Sun Jul 07 2019 17:38:46 GMT+0200 (CEST);1562521126000;0.22;61.19
1380556833984591;24.5;31.6;Sun Jul 07 2019 19:42:03 GMT+0200 (CEST);Sun Jul 07 2019 17:42:03 GMT+0200 (CEST);1562521323000;0.19;54.23
1380556833984591;24.5;31.5;Sun Jul 07 2019 19:45:25 GMT+0200 (CEST);Sun Jul 07 2019 17:45:25 GMT+0200 (CEST);1562521525000;0.17;49.84
1380556833984591;24.5;31.2;Sun Jul 07 2019 19:48:49 GMT+0200 (CEST);Sun Jul 07 2019 17:48:49 GMT+0200 (CEST);1562521729000;0.16;47.62
1380556833984591;23;31.1;Sun Jul 07 2019 19:52:05 GMT+0200 (CEST);Sun Jul 07 2019 17:52:05 GMT+0200 (CEST);1562521925000;0.15;46.13
1380556833984591;23;31.2;Sun Jul 07 2019 19:55:18 GMT+0200 (CEST);Sun Jul 07 2019 17:55:18 GMT+0200 (CEST);1562522118000;0.19;53.2
1380556833984591;23;31.3;Sun Jul 07 2019 19:58:32 GMT+0200 (CEST);Sun Jul 07 2019 17:58:32 GMT+0200 (CEST);1562522312000;0.13;44.09
1380556833984591;23;31.2;Sun Jul 07 2019 20:01:53 GMT+0200 (CEST);Sun Jul 07 2019 18:01:53 GMT+0200 (CEST);1562522513000;0.12;39.01
1380556833984591;23;31;Sun Jul 07 2019 20:05:07 GMT+0200 (CEST);Sun Jul 07 2019 18:05:07 GMT+0200 (CEST);1562522707000;0.09;33.4
1380556833984591;22.5;30.9;Sun Jul 07 2019 20:08:20 GMT+0200 (CEST);Sun Jul 07 2019 18:08:20 GMT+0200 (CEST);1562522900000;0.1;35.13
1380556833984591;22.5;31;Sun Jul 07 2019 20:11:36 GMT+0200 (CEST);Sun Jul 07 2019 18:11:36 GMT+0200 (CEST);1562523096000;0.09;32.96
1380556833984591;22.5;31;Sun Jul 07 2019 20:15:08 GMT+0200 (CEST);Sun Jul 07 2019 18:15:08 GMT+0200 (CEST);1562523308000;0.05;26.22
1380556833984591;22.5;30.2;Sun Jul 07 2019 20:18:25 GMT+0200 (CEST);Sun Jul 07 2019 18:18:25 GMT+0200 (CEST);1562523505000;0.03;22.02
1380556833984591;22.5;30.6;Sun Jul 07 2019 20:21:40 GMT+0200 (CEST);Sun Jul 07 2019 18:21:40 GMT+0200 (CEST);1562523700000;0.04;22.6
1380556833984591;22.5;30.5;Sun Jul 07 2019 20:25:05 GMT+0200 (CEST);Sun Jul 07 2019 18:25:05 GMT+0200 (CEST);1562523905000;0.04;23.97
1380556833984591;22.5;31.3;Sun Jul 07 2019 20:28:20 GMT+0200 (CEST);Sun Jul 07 2019 18:28:20 GMT+0200 (CEST);1562524100000;0.02;20.49
1380556833984591;22.5;31.6;Sun Jul 07 2019 20:31:34 GMT+0200 (CEST);Sun Jul 07 2019 18:31:34 GMT+0200 (CEST);1562524294000;0.01;18.84
1380556833984591;22.5;30.1;Sun Jul 07 2019 20:35:02 GMT+0200 (CEST);Sun Jul 07 2019 18:35:02 GMT+0200 (CEST);1562524502000;0.01;17.45
1380556833984591;22.5;30;Sun Jul 07 2019 20:38:40 GMT+0200 (CEST);Sun Jul 07 2019 18:38:40 GMT+0200 (CEST);1562524720000;0.01;16.36
1380556833984591;21;28.9;Sun Jul 07 2019 20:41:55 GMT+0200 (CEST);Sun Jul 07 2019 18:41:55 GMT+0200 (CEST);1562524915000;0;14.9
1380556833984591;21.5;28.7;Sun Jul 07 2019 20:45:17 GMT+0200 (CEST);Sun Jul 07 2019 18:45:17 GMT+0200 (CEST);1562525117000;0;14.29
1380556833984591;21.5;28.9;Sun Jul 07 2019 20:48:41 GMT+0200 (CEST);Sun Jul 07 2019 18:48:41 GMT+0200 (CEST);1562525321000;0;11.01
1380556833984591;20.5;28.1;Sun Jul 07 2019 20:52:00 GMT+0200 (CEST);Sun Jul 07 2019 18:52:00 GMT+0200 (CEST);1562525520000;0;8.48
1380556833984591;20.5;28.4;Sun Jul 07 2019 20:55:18 GMT+0200 (CEST);Sun Jul 07 2019 18:55:18 GMT+0200 (CEST);1562525718000;0;6.53
1380556833984591;20.5;27.6;Sun Jul 07 2019 20:58:36 GMT+0200 (CEST);Sun Jul 07 2019 18:58:36 GMT+0200 (CEST);1562525916000;0;6.58
1380556833984591;20.5;30.3;Sun Jul 07 2019 21:01:51 GMT+0200 (CEST);Sun Jul 07 2019 19:01:51 GMT+0200 (CEST);1562526111000;0;4.93
1380556833984591;21;31.2;Sun Jul 07 2019 21:05:16 GMT+0200 (CEST);Sun Jul 07 2019 19:05:16 GMT+0200 (CEST);1562526316000;0;3.7
1380556833984591;21;29.2;Sun Jul 07 2019 21:08:30 GMT+0200 (CEST);Sun Jul 07 2019 19:08:30 GMT+0200 (CEST);1562526510000;0;2.85
1380556833984591;21;29.2;Sun Jul 07 2019 21:11:47 GMT+0200 (CEST);Sun Jul 07 2019 19:11:47 GMT+0200 (CEST);1562526707000;0;2.22
1380556833984591;-273.2;21.2;Sun Jul 07 2019 21:24:46 GMT+0200 (CEST);Sun Jul 07 2019 19:24:46 GMT+0200 (CEST);1562527486000;0;0.5
1380556833984591;-273.2;21.2;Sun Jul 07 2019 21:28:00 GMT+0200 (CEST);Sun Jul 07 2019 19:28:00 GMT+0200 (CEST);1562527680000;0;0.15
1380556833984591;12.4;29.3;Mon Jul 08 2019 05:47:02 GMT+0200 (CEST);Mon Jul 08 2019 03:47:02 GMT+0200 (CEST);1562557622000;0;12.68
1380556833984591;12.9;28.2;Mon Jul 08 2019 05:50:17 GMT+0200 (CEST);Mon Jul 08 2019 03:50:17 GMT+0200 (CEST);1562557817000;0.01;15.54
1380556833984591;12.9;27.6;Mon Jul 08 2019 05:53:30 GMT+0200 (CEST);Mon Jul 08 2019 03:53:30 GMT+0200 (CEST);1562558010000;0.02;16.83
1380556833984591;12.9;27.4;Mon Jul 08 2019 05:57:08 GMT+0200 (CEST);Mon Jul 08 2019 03:57:08 GMT+0200 (CEST);1562558228000;0.03;19.01
1380556833984591;12.9;27.4;Mon Jul 08 2019 06:00:24 GMT+0200 (CEST);Mon Jul 08 2019 04:00:24 GMT+0200 (CEST);1562558424000;0.04;21.95
1380556833984591;14.4;27.6;Mon Jul 08 2019 06:03:39 GMT+0200 (CEST);Mon Jul 08 2019 04:03:39 GMT+0200 (CEST);1562558619000;0.06;25.61
1380556833984591;14.4;27.9;Mon Jul 08 2019 06:05:47 GMT+0200 (CEST);Mon Jul 08 2019 04:05:47 GMT+0200 (CEST);1562558747000;0.06;27.61
1380556833984591;14.9;31.9;Mon Jul 08 2019 06:09:01 GMT+0200 (CEST);Mon Jul 08 2019 04:09:01 GMT+0200 (CEST);1562558941000;0.07;30.74
1380556833984591;14.9;31.8;Mon Jul 08 2019 06:12:34 GMT+0200 (CEST);Mon Jul 08 2019 04:12:34 GMT+0200 (CEST);1562559154000;0.09;34.49
1380556833984591;15.9;32;Mon Jul 08 2019 06:15:48 GMT+0200 (CEST);Mon Jul 08 2019 04:15:48 GMT+0200 (CEST);1562559348000;0.1;35.96
1380556833984591;15.9;32.5;Mon Jul 08 2019 06:19:04 GMT+0200 (CEST);Mon Jul 08 2019 04:19:04 GMT+0200 (CEST);1562559544000;0.12;39.22
1380556833984591;15.9;32.4;Mon Jul 08 2019 06:22:40 GMT+0200 (CEST);Mon Jul 08 2019 04:22:40 GMT+0200 (CEST);1562559760000;0.13;42
1380556833984591;15.9;32.7;Mon Jul 08 2019 06:25:54 GMT+0200 (CEST);Mon Jul 08 2019 04:25:54 GMT+0200 (CEST);1562559954000;0.15;46.47
1380556833984591;15.9;32.9;Mon Jul 08 2019 06:29:07 GMT+0200 (CEST);Mon Jul 08 2019 04:29:07 GMT+0200 (CEST);1562560147000;0.17;51.3
1380556833984591;16.9;32.8;Mon Jul 08 2019 06:32:20 GMT+0200 (CEST);Mon Jul 08 2019 04:32:20 GMT+0200 (CEST);1562560340000;0.19;55.49
1380556833984591;16.9;32.9;Mon Jul 08 2019 06:35:44 GMT+0200 (CEST);Mon Jul 08 2019 04:35:44 GMT+0200 (CEST);1562560544000;0.22;61.79
1380556833984591;18.5;28.7;Mon Jul 08 2019 06:39:12 GMT+0200 (CEST);Mon Jul 08 2019 04:39:12 GMT+0200 (CEST);1562560752000;0.25;65.78
1380556833984591;18.5;33;Mon Jul 08 2019 06:42:27 GMT+0200 (CEST);Mon Jul 08 2019 04:42:27 GMT+0200 (CEST);1562560947000;0.3;69.56
1380556833984591;18.5;33.1;Mon Jul 08 2019 06:45:41 GMT+0200 (CEST);Mon Jul 08 2019 04:45:41 GMT+0200 (CEST);1562561141000;0.25;66.66
1380556833984591;18.5;33.1;Mon Jul 08 2019 06:48:57 GMT+0200 (CEST);Mon Jul 08 2019 04:48:57 GMT+0200 (CEST);1562561337000;0.3;76.21
1380556833984591;18.5;32.9;Mon Jul 08 2019 06:52:48 GMT+0200 (CEST);Mon Jul 08 2019 04:52:48 GMT+0200 (CEST);1562561568000;0.47;85.19
1380556833984591;18.5;33.3;Mon Jul 08 2019 06:56:04 GMT+0200 (CEST);Mon Jul 08 2019 04:56:04 GMT+0200 (CEST);1562561764000;0.41;89.54
1380556833984591;18.5;31.8;Mon Jul 08 2019 06:59:17 GMT+0200 (CEST);Mon Jul 08 2019 04:59:17 GMT+0200 (CEST);1562561957000;0.46;97.16
1380556833984591;18.5;33.5;Mon Jul 08 2019 07:02:32 GMT+0200 (CEST);Mon Jul 08 2019 05:02:32 GMT+0200 (CEST);1562562152000;0.42;100.62
1380556833984591;18.5;34.2;Mon Jul 08 2019 07:05:44 GMT+0200 (CEST);Mon Jul 08 2019 05:05:44 GMT+0200 (CEST);1562562344000;0.45;106.13
1380556833984591;19;33.6;Mon Jul 08 2019 07:09:07 GMT+0200 (CEST);Mon Jul 08 2019 05:09:07 GMT+0200 (CEST);1562562547000;0.59;140.48
1380556833984591;20.5;34.2;Mon Jul 08 2019 07:12:26 GMT+0200 (CEST);Mon Jul 08 2019 05:12:26 GMT+0200 (CEST);1562562746000;0.46;110.87
1380556833984591;20.5;33.5;Mon Jul 08 2019 07:15:44 GMT+0200 (CEST);Mon Jul 08 2019 05:15:44 GMT+0200 (CEST);1562562944000;0.78;182.17
1380556833984591;20.5;33.4;Mon Jul 08 2019 07:19:13 GMT+0200 (CEST);Mon Jul 08 2019 05:19:13 GMT+0200 (CEST);1562563153000;0.59;129.66
1380556833984591;20.5;33.4;Mon Jul 08 2019 07:22:28 GMT+0200 (CEST);Mon Jul 08 2019 05:22:28 GMT+0200 (CEST);1562563348000;0.55;128.17
1380556833984591;20.5;34;Mon Jul 08 2019 07:25:52 GMT+0200 (CEST);Mon Jul 08 2019 05:25:52 GMT+0200 (CEST);1562563552000;0.52;119.38
1380556833984591;20.5;33.4;Mon Jul 08 2019 07:29:06 GMT+0200 (CEST);Mon Jul 08 2019 05:29:06 GMT+0200 (CEST);1562563746000;0.5;117.21
1380556833984591;21;34.3;Mon Jul 08 2019 07:32:20 GMT+0200 (CEST);Mon Jul 08 2019 05:32:20 GMT+0200 (CEST);1562563940000;0.59;135.61
1380556833984591;21;34.1;Mon Jul 08 2019 07:35:33 GMT+0200 (CEST);Mon Jul 08 2019 05:35:33 GMT+0200 (CEST);1562564133000;0.7;161.06
1380556833984591;21;34.3;Mon Jul 08 2019 07:38:49 GMT+0200 (CEST);Mon Jul 08 2019 05:38:49 GMT+0200 (CEST);1562564329000;1.32;285.91
1380556833984591;21;33.1;Mon Jul 08 2019 07:42:06 GMT+0200 (CEST);Mon Jul 08 2019 05:42:06 GMT+0200 (CEST);1562564526000;0.79;221.01
1380556833984591;22.5;32.6;Mon Jul 08 2019 07:45:19 GMT+0200 (CEST);Mon Jul 08 2019 05:45:19 GMT+0200 (CEST);1562564719000;1.25;229.44
1380556833984591;22.5;34.9;Mon Jul 08 2019 07:48:41 GMT+0200 (CEST);Mon Jul 08 2019 05:48:41 GMT+0200 (CEST);1562564921000;1.68;373.75
1380556833984591;22.5;33.8;Mon Jul 08 2019 07:51:55 GMT+0200 (CEST);Mon Jul 08 2019 05:51:55 GMT+0200 (CEST);1562565115000;1.77;272.28
1380556833984591;23;32.7;Mon Jul 08 2019 07:55:29 GMT+0200 (CEST);Mon Jul 08 2019 05:55:29 GMT+0200 (CEST);1562565329000;0.8;156.42
1380556833984591;23;33;Mon Jul 08 2019 07:58:43 GMT+0200 (CEST);Mon Jul 08 2019 05:58:43 GMT+0200 (CEST);1562565523000;1.37;432.63
1380556833984591;23;34.2;Mon Jul 08 2019 08:01:58 GMT+0200 (CEST);Mon Jul 08 2019 06:01:58 GMT+0200 (CEST);1562565718000;1.16;306.08
1380556833984591;25;33.4;Mon Jul 08 2019 08:05:11 GMT+0200 (CEST);Mon Jul 08 2019 06:05:11 GMT+0200 (CEST);1562565911000;1.84;228.47
1380556833984591;25;34.3;Mon Jul 08 2019 08:08:24 GMT+0200 (CEST);Mon Jul 08 2019 06:08:24 GMT+0200 (CEST);1562566104000;2.2;437.75
1380556833984591;26.5;33.8;Mon Jul 08 2019 08:11:42 GMT+0200 (CEST);Mon Jul 08 2019 06:11:42 GMT+0200 (CEST);1562566302000;1;253.13
1380556833984591;26.5;34.6;Mon Jul 08 2019 08:14:57 GMT+0200 (CEST);Mon Jul 08 2019 06:14:57 GMT+0200 (CEST);1562566497000;2.08;450.55
1380556833984591;26.5;33.7;Mon Jul 08 2019 08:18:19 GMT+0200 (CEST);Mon Jul 08 2019 06:18:19 GMT+0200 (CEST);1562566699000;1.37;285.43
1380556833984591;27;34.1;Mon Jul 08 2019 08:21:33 GMT+0200 (CEST);Mon Jul 08 2019 06:21:33 GMT+0200 (CEST);1562566893000;2.02;427.51
1380556833984591;27;33.9;Mon Jul 08 2019 08:24:46 GMT+0200 (CEST);Mon Jul 08 2019 06:24:46 GMT+0200 (CEST);1562567086000;2.02;435.19
1380556833984591;28.5;33.9;Mon Jul 08 2019 08:28:04 GMT+0200 (CEST);Mon Jul 08 2019 06:28:04 GMT+0200 (CEST);1562567284000;2.06;442.87
1380556833984591;28.5;33.9;Mon Jul 08 2019 08:31:18 GMT+0200 (CEST);Mon Jul 08 2019 06:31:18 GMT+0200 (CEST);1562567478000;2.1;445.43
1380556833984591;28.5;33.8;Mon Jul 08 2019 08:34:31 GMT+0200 (CEST);Mon Jul 08 2019 06:34:31 GMT+0200 (CEST);1562567671000;2.15;453.11
1380556833984591;29;34;Mon Jul 08 2019 08:37:54 GMT+0200 (CEST);Mon Jul 08 2019 06:37:54 GMT+0200 (CEST);1562567874000;2.18;458.23
1380556833984591;29;33.9;Mon Jul 08 2019 08:40:14 GMT+0200 (CEST);Mon Jul 08 2019 06:40:14 GMT+0200 (CEST);1562568014000;2.26;476.15
1380556833984591;30.5;33.6;Mon Jul 08 2019 08:43:30 GMT+0200 (CEST);Mon Jul 08 2019 06:43:30 GMT+0200 (CEST);1562568210000;2.33;488.95
1380556833984591;30.5;33.6;Mon Jul 08 2019 08:46:47 GMT+0200 (CEST);Mon Jul 08 2019 06:46:47 GMT+0200 (CEST);1562568407000;2.4;501.75
1380556833984591;30.5;33.6;Mon Jul 08 2019 08:50:05 GMT+0200 (CEST);Mon Jul 08 2019 06:50:05 GMT+0200 (CEST);1562568605000;2.43;501.75
1380556833984591;30.5;33.5;Mon Jul 08 2019 08:53:23 GMT+0200 (CEST);Mon Jul 08 2019 06:53:23 GMT+0200 (CEST);1562568803000;2.54;527.35
1380556833984591;30.5;33.6;Mon Jul 08 2019 08:57:08 GMT+0200 (CEST);Mon Jul 08 2019 06:57:08 GMT+0200 (CEST);1562569028000;2.67;558.07
1380556833984591;31.1;33.2;Mon Jul 08 2019 09:00:21 GMT+0200 (CEST);Mon Jul 08 2019 07:00:21 GMT+0200 (CEST);1562569221000;1.66;427.51
1380556833984591;31.1;33.8;Mon Jul 08 2019 09:02:02 GMT+0200 (CEST);Mon Jul 08 2019 07:02:02 GMT+0200 (CEST);1562569322000;2.83;586.23
1380556833984591;31.1;33.6;Mon Jul 08 2019 09:05:13 GMT+0200 (CEST);Mon Jul 08 2019 07:05:13 GMT+0200 (CEST);1562569513000;2.88;599.03
1380556833984591;31.1;33.4;Mon Jul 08 2019 09:08:27 GMT+0200 (CEST);Mon Jul 08 2019 07:08:27 GMT+0200 (CEST);1562569707000;2.87;601.59
1380556833984591;31.1;33.1;Mon Jul 08 2019 09:11:38 GMT+0200 (CEST);Mon Jul 08 2019 07:11:38 GMT+0200 (CEST);1562569898000;2.89;596.47
1380556833984591;31.1;33.2;Mon Jul 08 2019 09:14:59 GMT+0200 (CEST);Mon Jul 08 2019 07:14:59 GMT+0200 (CEST);1562570099000;3.1;637.43
1380556833984591;32.1;33.2;Mon Jul 08 2019 09:18:09 GMT+0200 (CEST);Mon Jul 08 2019 07:18:09 GMT+0200 (CEST);1562570289000;1.3;591.35
1380556833984591;32.1;33.4;Mon Jul 08 2019 09:21:31 GMT+0200 (CEST);Mon Jul 08 2019 07:21:31 GMT+0200 (CEST);1562570491000;3.03;586.23
1380556833984591;32.1;33.4;Mon Jul 08 2019 09:24:42 GMT+0200 (CEST);Mon Jul 08 2019 07:24:42 GMT+0200 (CEST);1562570682000;2.76;471.03
1380556833984591;32.1;33.4;Mon Jul 08 2019 09:28:01 GMT+0200 (CEST);Mon Jul 08 2019 07:28:01 GMT+0200 (CEST);1562570881000;3.25;665.18
1380556833984591;32.1;33.2;Mon Jul 08 2019 09:31:14 GMT+0200 (CEST);Mon Jul 08 2019 07:31:14 GMT+0200 (CEST);1562571074000;3.25;660.77
1380556833984591;32.1;33;Mon Jul 08 2019 09:34:24 GMT+0200 (CEST);Mon Jul 08 2019 07:34:24 GMT+0200 (CEST);1562571264000;3.2;667.47
1380556833984591;34.6;33;Mon Jul 08 2019 09:37:46 GMT+0200 (CEST);Mon Jul 08 2019 07:37:46 GMT+0200 (CEST);1562571466000;3.3;674.44
1380556833984591;34.6;33;Mon Jul 08 2019 09:41:03 GMT+0200 (CEST);Mon Jul 08 2019 07:41:03 GMT+0200 (CEST);1562571663000;3.3;684.19
1380556833984591;34.6;32.6;Mon Jul 08 2019 09:44:12 GMT+0200 (CEST);Mon Jul 08 2019 07:44:12 GMT+0200 (CEST);1562571852000;3.42;691.87
1380556833984591;36.6;32.8;Mon Jul 08 2019 09:59:33 GMT+0200 (CEST);Mon Jul 08 2019 07:59:33 GMT+0200 (CEST);1562572773000;3.76;756.14
1380556833984591;36.6;32.7;Mon Jul 08 2019 10:02:48 GMT+0200 (CEST);Mon Jul 08 2019 08:02:48 GMT+0200 (CEST);1562572968000;3.73;761.08
1380556833984591;36.6;32.6;Mon Jul 08 2019 10:05:57 GMT+0200 (CEST);Mon Jul 08 2019 08:05:57 GMT+0200 (CEST);1562573157000;3.83;768.69
1380556833984591;37.1;32.6;Mon Jul 08 2019 10:10:10 GMT+0200 (CEST);Mon Jul 08 2019 08:10:10 GMT+0200 (CEST);1562573410000;4.04;817.26
1380556833984591;37.1;32.4;Mon Jul 08 2019 10:13:21 GMT+0200 (CEST);Mon Jul 08 2019 08:13:21 GMT+0200 (CEST);1562573601000;4.12;850.75
1380556833984591;38.6;32.3;Mon Jul 08 2019 10:16:35 GMT+0200 (CEST);Mon Jul 08 2019 08:16:35 GMT+0200 (CEST);1562573795000;3.87;802.58
1380556833984591;38.6;29.1;Mon Jul 08 2019 10:19:47 GMT+0200 (CEST);Mon Jul 08 2019 08:19:47 GMT+0200 (CEST);1562573987000;1.3;435.19
1380556833984591;38.6;32.7;Mon Jul 08 2019 10:23:26 GMT+0200 (CEST);Mon Jul 08 2019 08:23:26 GMT+0200 (CEST);1562574206000;4.18;846.34
1380556833984591;38.6;32.5;Mon Jul 08 2019 10:26:42 GMT+0200 (CEST);Mon Jul 08 2019 08:26:42 GMT+0200 (CEST);1562574402000;4.22;858.68
1380556833984591;38.6;32.1;Mon Jul 08 2019 10:30:02 GMT+0200 (CEST);Mon Jul 08 2019 08:30:02 GMT+0200 (CEST);1562574602000;4.31;873.55
1380556833984591;39.1;32.1;Mon Jul 08 2019 10:33:21 GMT+0200 (CEST);Mon Jul 08 2019 08:33:21 GMT+0200 (CEST);1562574801000;4.22;858.62
1380556833984591;39.1;32.4;Mon Jul 08 2019 10:36:48 GMT+0200 (CEST);Mon Jul 08 2019 08:36:48 GMT+0200 (CEST);1562575008000;4.26;880.47
1380556833984591;39.1;32.3;Mon Jul 08 2019 10:40:06 GMT+0200 (CEST);Mon Jul 08 2019 08:40:06 GMT+0200 (CEST);1562575206000;4.39;889.93
1380556833984591;39.1;32.1;Mon Jul 08 2019 10:43:20 GMT+0200 (CEST);Mon Jul 08 2019 08:43:20 GMT+0200 (CEST);1562575400000;4.26;891.65
1380556833984591;40.6;31.9;Mon Jul 08 2019 10:46:47 GMT+0200 (CEST);Mon Jul 08 2019 08:46:47 GMT+0200 (CEST);1562575607000;4.64;955.05
1380556833984591;40.6;32.1;Mon Jul 08 2019 10:50:15 GMT+0200 (CEST);Mon Jul 08 2019 08:50:15 GMT+0200 (CEST);1562575815000;4.4;888.7
1380556833984591;41.1;31.8;Mon Jul 08 2019 10:53:31 GMT+0200 (CEST);Mon Jul 08 2019 08:53:31 GMT+0200 (CEST);1562576011000;4.61;942.88
1380556833984591;41.1;31.5;Mon Jul 08 2019 10:56:48 GMT+0200 (CEST);Mon Jul 08 2019 08:56:48 GMT+0200 (CEST);1562576208000;1.61;291.9
1380556833984591;42.6;32.2;Mon Jul 08 2019 11:00:05 GMT+0200 (CEST);Mon Jul 08 2019 09:00:05 GMT+0200 (CEST);1562576405000;4.75;971.87
1380556833984591;42.6;31.9;Mon Jul 08 2019 11:03:21 GMT+0200 (CEST);Mon Jul 08 2019 09:03:21 GMT+0200 (CEST);1562576601000;4.52;909.63
1380556833984591;41.1;32.1;Mon Jul 08 2019 11:07:08 GMT+0200 (CEST);Mon Jul 08 2019 09:07:08 GMT+0200 (CEST);1562576828000;4.61;934.42
1380556833984591;41.1;32.4;Mon Jul 08 2019 11:10:28 GMT+0200 (CEST);Mon Jul 08 2019 09:10:28 GMT+0200 (CEST);1562577028000;4.55;922.62
1380556833984591;41.1;32;Mon Jul 08 2019 11:13:43 GMT+0200 (CEST);Mon Jul 08 2019 09:13:43 GMT+0200 (CEST);1562577223000;4.93;1008.63
1380556833984591;41.1;31.7;Mon Jul 08 2019 11:16:58 GMT+0200 (CEST);Mon Jul 08 2019 09:16:58 GMT+0200 (CEST);1562577418000;2.13;317.58
1380556833984591;41.1;32.1;Mon Jul 08 2019 11:20:15 GMT+0200 (CEST);Mon Jul 08 2019 09:20:15 GMT+0200 (CEST);1562577615000;4.95;860.96
1380556833984591;42.6;32;Mon Jul 08 2019 11:23:30 GMT+0200 (CEST);Mon Jul 08 2019 09:23:30 GMT+0200 (CEST);1562577810000;4.95;1011.19
1380556833984591;42.6;31.7;Mon Jul 08 2019 11:26:43 GMT+0200 (CEST);Mon Jul 08 2019 09:26:43 GMT+0200 (CEST);1562578003000;5.04;1018.87
1380556833984591;42.6;31.8;Mon Jul 08 2019 11:29:56 GMT+0200 (CEST);Mon Jul 08 2019 09:29:56 GMT+0200 (CEST);1562578196000;5.16;1049.59
1380556833984591;42.6;31.7;Mon Jul 08 2019 11:33:13 GMT+0200 (CEST);Mon Jul 08 2019 09:33:13 GMT+0200 (CEST);1562578393000;5.22;1054.71
1380556833984591;42.6;32.1;Mon Jul 08 2019 11:36:46 GMT+0200 (CEST);Mon Jul 08 2019 09:36:46 GMT+0200 (CEST);1562578606000;5.15;1049.59
1380556833984591;42.6;31.7;Mon Jul 08 2019 11:40:06 GMT+0200 (CEST);Mon Jul 08 2019 09:40:06 GMT+0200 (CEST);1562578806000;5.27;1067.51
1380556833984591;42.6;31.6;Mon Jul 08 2019 11:43:34 GMT+0200 (CEST);Mon Jul 08 2019 09:43:34 GMT+0200 (CEST);1562579014000;5.33;1090.55
1380556833984591;43.1;31.6;Mon Jul 08 2019 11:46:49 GMT+0200 (CEST);Mon Jul 08 2019 09:46:49 GMT+0200 (CEST);1562579209000;5.23;1049.59
1380556833984591;43.1;31.9;Mon Jul 08 2019 11:50:02 GMT+0200 (CEST);Mon Jul 08 2019 09:50:02 GMT+0200 (CEST);1562579402000;5.29;1064.95
1380556833984591;43.1;31.6;Mon Jul 08 2019 11:53:20 GMT+0200 (CEST);Mon Jul 08 2019 09:53:20 GMT+0200 (CEST);1562579600000;5.41;1103.35
1380556833984591;43.1;31.9;Mon Jul 08 2019 11:57:09 GMT+0200 (CEST);Mon Jul 08 2019 09:57:09 GMT+0200 (CEST);1562579829000;5.27;1077.75
1380556833984591;43.1;31.9;Mon Jul 08 2019 12:00:24 GMT+0200 (CEST);Mon Jul 08 2019 10:00:24 GMT+0200 (CEST);1562580024000;5.3;1080.31
1380556833984591;43.1;31.6;Mon Jul 08 2019 12:02:23 GMT+0200 (CEST);Mon Jul 08 2019 10:02:23 GMT+0200 (CEST);1562580143000;5.5;893.74
1380556833984591;43.1;31.2;Mon Jul 08 2019 12:05:48 GMT+0200 (CEST);Mon Jul 08 2019 10:05:48 GMT+0200 (CEST);1562580348000;3.73;940.54
1380556833984591;43.1;31.5;Mon Jul 08 2019 12:09:01 GMT+0200 (CEST);Mon Jul 08 2019 10:09:01 GMT+0200 (CEST);1562580541000;0.89;214.36
1380556833984591;41.1;33.6;Mon Jul 08 2019 12:12:23 GMT+0200 (CEST);Mon Jul 08 2019 10:12:23 GMT+0200 (CEST);1562580743000;5.37;1100.79
1380556833984591;41.1;32.5;Mon Jul 08 2019 12:15:36 GMT+0200 (CEST);Mon Jul 08 2019 10:15:36 GMT+0200 (CEST);1562580936000;5.31;1100.79
1380556833984591;39.1;32;Mon Jul 08 2019 12:18:52 GMT+0200 (CEST);Mon Jul 08 2019 10:18:52 GMT+0200 (CEST);1562581132000;5.17;1085.43
1380556833984591;40.6;31.9;Mon Jul 08 2019 12:22:52 GMT+0200 (CEST);Mon Jul 08 2019 10:22:52 GMT+0200 (CEST);1562581372000;5.42;1111.03
1380556833984591;41.1;31.9;Mon Jul 08 2019 12:26:07 GMT+0200 (CEST);Mon Jul 08 2019 10:26:07 GMT+0200 (CEST);1562581567000;5.35;1098.23
1380556833984591;41.1;31.5;Mon Jul 08 2019 12:29:26 GMT+0200 (CEST);Mon Jul 08 2019 10:29:26 GMT+0200 (CEST);1562581766000;1.47;486.39
1380556833984591;42.6;31.7;Mon Jul 08 2019 12:32:44 GMT+0200 (CEST);Mon Jul 08 2019 10:32:44 GMT+0200 (CEST);1562581964000;5.55;1149.43
1380556833984591;42.6;31.7;Mon Jul 08 2019 12:36:01 GMT+0200 (CEST);Mon Jul 08 2019 10:36:01 GMT+0200 (CEST);1562582161000;5.32;1098.23
1380556833984591;43.1;31.5;Mon Jul 08 2019 12:39:16 GMT+0200 (CEST);Mon Jul 08 2019 10:39:16 GMT+0200 (CEST);1562582356000;4.64;972.8
1380556833984591;44.7;31.9;Mon Jul 08 2019 12:42:33 GMT+0200 (CEST);Mon Jul 08 2019 10:42:33 GMT+0200 (CEST);1562582553000;5.04;1013.75
1380556833984591;44.7;31.7;Mon Jul 08 2019 12:45:49 GMT+0200 (CEST);Mon Jul 08 2019 10:45:49 GMT+0200 (CEST);1562582749000;4.86;1018.87
1380556833984591;44.7;31.9;Mon Jul 08 2019 12:49:03 GMT+0200 (CEST);Mon Jul 08 2019 10:49:03 GMT+0200 (CEST);1562582943000;4.99;1041.91
1380556833984591;44.7;31.4;Mon Jul 08 2019 12:52:17 GMT+0200 (CEST);Mon Jul 08 2019 10:52:17 GMT+0200 (CEST);1562583137000;5.49;1111.03
1380556833984591;44.7;31.3;Mon Jul 08 2019 12:55:35 GMT+0200 (CEST);Mon Jul 08 2019 10:55:35 GMT+0200 (CEST);1562583335000;5.54;1113.59
1380556833984591;44.7;31.4;Mon Jul 08 2019 12:58:48 GMT+0200 (CEST);Mon Jul 08 2019 10:58:48 GMT+0200 (CEST);1562583528000;5.47;1123.83
1380556833984591;44.7;31.4;Mon Jul 08 2019 13:02:02 GMT+0200 (CEST);Mon Jul 08 2019 11:02:02 GMT+0200 (CEST);1562583722000;5.73;1159.67
1380556833984591;44.7;31.2;Mon Jul 08 2019 13:05:18 GMT+0200 (CEST);Mon Jul 08 2019 11:05:18 GMT+0200 (CEST);1562583918000;5.54;1136.63
1380556833984591;44.7;31.2;Mon Jul 08 2019 13:08:31 GMT+0200 (CEST);Mon Jul 08 2019 11:08:31 GMT+0200 (CEST);1562584111000;5.33;1087.99
1380556833984591;45.2;30.9;Mon Jul 08 2019 13:11:44 GMT+0200 (CEST);Mon Jul 08 2019 11:11:44 GMT+0200 (CEST);1562584304000;1.5;332.79
1380556833984591;45.2;31.8;Mon Jul 08 2019 13:15:01 GMT+0200 (CEST);Mon Jul 08 2019 11:15:01 GMT+0200 (CEST);1562584501000;5.55;1162.23
1380556833984591;43.1;32;Mon Jul 08 2019 13:18:19 GMT+0200 (CEST);Mon Jul 08 2019 11:18:19 GMT+0200 (CEST);1562584699000;5.85;1172.47
1380556833984591;43.1;31.5;Mon Jul 08 2019 13:20:15 GMT+0200 (CEST);Mon Jul 08 2019 11:20:15 GMT+0200 (CEST);1562584815000;5.21;1182.71
1380556833984591;43.1;32.3;Mon Jul 08 2019 13:23:29 GMT+0200 (CEST);Mon Jul 08 2019 11:23:29 GMT+0200 (CEST);1562585009000;4.83;1057.27
1380556833984591;42.6;32.1;Mon Jul 08 2019 13:26:42 GMT+0200 (CEST);Mon Jul 08 2019 11:26:42 GMT+0200 (CEST);1562585202000;5.5;1126.39
1380556833984591;42.6;31.8;Mon Jul 08 2019 13:29:55 GMT+0200 (CEST);Mon Jul 08 2019 11:29:55 GMT+0200 (CEST);1562585395000;5.84;1187.83
1380556833984591;42.6;31.4;Mon Jul 08 2019 13:33:10 GMT+0200 (CEST);Mon Jul 08 2019 11:33:10 GMT+0200 (CEST);1562585590000;5.83;1187.83
1380556833984591;44.7;31.3;Mon Jul 08 2019 13:35:22 GMT+0200 (CEST);Mon Jul 08 2019 11:35:22 GMT+0200 (CEST);1562585722000;5.43;1118.71
1380556833984591;44.7;31.1;Mon Jul 08 2019 13:38:39 GMT+0200 (CEST);Mon Jul 08 2019 11:38:39 GMT+0200 (CEST);1562585919000;5.51;1116.15
1380556833984591;45.2;31.1;Mon Jul 08 2019 13:41:59 GMT+0200 (CEST);Mon Jul 08 2019 11:41:59 GMT+0200 (CEST);1562586119000;5.56;882.27
1380556833984591;46.7;31.2;Mon Jul 08 2019 13:45:13 GMT+0200 (CEST);Mon Jul 08 2019 11:45:13 GMT+0200 (CEST);1562586313000;5.56;1144.31
1380556833984591;46.7;31.1;Mon Jul 08 2019 13:48:42 GMT+0200 (CEST);Mon Jul 08 2019 11:48:42 GMT+0200 (CEST);1562586522000;5.46;1128.95
1380556833984591;46.7;29.1;Mon Jul 08 2019 13:52:08 GMT+0200 (CEST);Mon Jul 08 2019 11:52:08 GMT+0200 (CEST);1562586728000;5.39;1041.91
1380556833984591;46.7;31.7;Mon Jul 08 2019 13:55:22 GMT+0200 (CEST);Mon Jul 08 2019 11:55:22 GMT+0200 (CEST);1562586922000;4.75;1008.63
1380556833984591;46.7;31.2;Mon Jul 08 2019 13:58:35 GMT+0200 (CEST);Mon Jul 08 2019 11:58:35 GMT+0200 (CEST);1562587115000;5.12;1044.47
1380556833984591;45.2;31.5;Mon Jul 08 2019 14:01:49 GMT+0200 (CEST);Mon Jul 08 2019 12:01:49 GMT+0200 (CEST);1562587309000;5.14;1057.27
1380556833984591;45.2;31.7;Mon Jul 08 2019 14:05:02 GMT+0200 (CEST);Mon Jul 08 2019 12:05:02 GMT+0200 (CEST);1562587502000;4.95;1044.47
1380556833984591;45.2;31.8;Mon Jul 08 2019 14:08:15 GMT+0200 (CEST);Mon Jul 08 2019 12:08:15 GMT+0200 (CEST);1562587695000;4.19;863.59
1380556833984591;44.7;32.2;Mon Jul 08 2019 14:11:35 GMT+0200 (CEST);Mon Jul 08 2019 12:11:35 GMT+0200 (CEST);1562587895000;4.42;903.3
1380556833984591;44.7;32.1;Mon Jul 08 2019 14:15:08 GMT+0200 (CEST);Mon Jul 08 2019 12:15:08 GMT+0200 (CEST);1562588108000;5.11;1021.43
1380556833984591;44.7;31.5;Mon Jul 08 2019 14:18:26 GMT+0200 (CEST);Mon Jul 08 2019 12:18:26 GMT+0200 (CEST);1562588306000;4.94;1003.51
1380556833984591;44.7;31.7;Mon Jul 08 2019 14:21:43 GMT+0200 (CEST);Mon Jul 08 2019 12:21:43 GMT+0200 (CEST);1562588503000;1.29;276.76
1380556833984591;44.7;32.2;Mon Jul 08 2019 14:24:57 GMT+0200 (CEST);Mon Jul 08 2019 12:24:57 GMT+0200 (CEST);1562588697000;4.75;990.71
1380556833984591;44.7;32.8;Mon Jul 08 2019 14:28:17 GMT+0200 (CEST);Mon Jul 08 2019 12:28:17 GMT+0200 (CEST);1562588897000;4.74;949.74
1380556833984591;43.1;31.5;Mon Jul 08 2019 14:31:33 GMT+0200 (CEST);Mon Jul 08 2019 12:31:33 GMT+0200 (CEST);1562589093000;4.62;964.58
1380556833984591;42.6;32.8;Mon Jul 08 2019 14:34:55 GMT+0200 (CEST);Mon Jul 08 2019 12:34:55 GMT+0200 (CEST);1562589295000;5.03;1044.47
1380556833984591;42.6;32.3;Mon Jul 08 2019 14:38:08 GMT+0200 (CEST);Mon Jul 08 2019 12:38:08 GMT+0200 (CEST);1562589488000;4.33;891.03
1380556833984591;43.1;31.7;Mon Jul 08 2019 14:41:29 GMT+0200 (CEST);Mon Jul 08 2019 12:41:29 GMT+0200 (CEST);1562589689000;3.36;956.29
1380556833984591;43.1;31.3;Mon Jul 08 2019 14:44:44 GMT+0200 (CEST);Mon Jul 08 2019 12:44:44 GMT+0200 (CEST);1562589884000;1.29;276.1
1380556833984591;43.1;32.1;Mon Jul 08 2019 14:47:58 GMT+0200 (CEST);Mon Jul 08 2019 12:47:58 GMT+0200 (CEST);1562590078000;1.34;299.9
1380556833984591;42.6;33.7;Mon Jul 08 2019 14:51:30 GMT+0200 (CEST);Mon Jul 08 2019 12:51:30 GMT+0200 (CEST);1562590290000;4.89;1011.19
1380556833984591;40.6;33;Mon Jul 08 2019 14:55:10 GMT+0200 (CEST);Mon Jul 08 2019 12:55:10 GMT+0200 (CEST);1562590510000;4.56;945.35
1380556833984591;41.1;33.2;Mon Jul 08 2019 14:58:42 GMT+0200 (CEST);Mon Jul 08 2019 12:58:42 GMT+0200 (CEST);1562590722000;4.57;961.32
1380556833984591;41.1;32.6;Mon Jul 08 2019 15:02:18 GMT+0200 (CEST);Mon Jul 08 2019 13:02:18 GMT+0200 (CEST);1562590938000;1.85;836.62
1380556833984591;41.1;32.1;Mon Jul 08 2019 15:05:32 GMT+0200 (CEST);Mon Jul 08 2019 13:05:32 GMT+0200 (CEST);1562591132000;1.27;308.82
1380556833984591;41.1;32.3;Mon Jul 08 2019 15:08:46 GMT+0200 (CEST);Mon Jul 08 2019 13:08:46 GMT+0200 (CEST);1562591326000;1.7;865.07
1380556833984591;41.1;32.9;Mon Jul 08 2019 15:12:11 GMT+0200 (CEST);Mon Jul 08 2019 13:12:11 GMT+0200 (CEST);1562591531000;4.99;1023.99
1380556833984591;39.1;32.8;Mon Jul 08 2019 15:15:26 GMT+0200 (CEST);Mon Jul 08 2019 13:15:26 GMT+0200 (CEST);1562591726000;4.95;976.93
1380556833984591;39.1;32.1;Mon Jul 08 2019 15:18:40 GMT+0200 (CEST);Mon Jul 08 2019 13:18:40 GMT+0200 (CEST);1562591920000;4.69;934.68
1380556833984591;40.6;31.9;Mon Jul 08 2019 15:21:58 GMT+0200 (CEST);Mon Jul 08 2019 13:21:58 GMT+0200 (CEST);1562592118000;4.61;938.46
1380556833984591;42.6;32.7;Mon Jul 08 2019 15:25:34 GMT+0200 (CEST);Mon Jul 08 2019 13:25:34 GMT+0200 (CEST);1562592334000;4.1;838.79
1380556833984591;42.6;31.5;Mon Jul 08 2019 15:28:54 GMT+0200 (CEST);Mon Jul 08 2019 13:28:54 GMT+0200 (CEST);1562592534000;4.19;826.35
1380556833984591;42.1;32;Mon Jul 08 2019 15:32:10 GMT+0200 (CEST);Mon Jul 08 2019 13:32:10 GMT+0200 (CEST);1562592730000;4.29;856.37
1380556833984591;43.1;31.9;Mon Jul 08 2019 15:35:26 GMT+0200 (CEST);Mon Jul 08 2019 13:35:26 GMT+0200 (CEST);1562592926000;4.51;939.41
1380556833984591;43.1;32.3;Mon Jul 08 2019 15:38:50 GMT+0200 (CEST);Mon Jul 08 2019 13:38:50 GMT+0200 (CEST);1562593130000;4.47;917.87
1380556833984591;43.1;32;Mon Jul 08 2019 15:42:06 GMT+0200 (CEST);Mon Jul 08 2019 13:42:06 GMT+0200 (CEST);1562593326000;1.41;483.83
1380556833984591;43.1;31.5;Mon Jul 08 2019 15:45:20 GMT+0200 (CEST);Mon Jul 08 2019 13:45:20 GMT+0200 (CEST);1562593520000;4.33;892.19
1380556833984591;43.1;33.3;Mon Jul 08 2019 15:48:55 GMT+0200 (CEST);Mon Jul 08 2019 13:48:55 GMT+0200 (CEST);1562593735000;3.88;825.3
1380556833984591;43.1;32.5;Mon Jul 08 2019 15:52:28 GMT+0200 (CEST);Mon Jul 08 2019 13:52:28 GMT+0200 (CEST);1562593948000;3.77;768.46
1380556833984591;42.6;33;Mon Jul 08 2019 15:55:42 GMT+0200 (CEST);Mon Jul 08 2019 13:55:42 GMT+0200 (CEST);1562594142000;3.3;708.67
1380556833984591;42.6;32.2;Mon Jul 08 2019 15:58:56 GMT+0200 (CEST);Mon Jul 08 2019 13:58:56 GMT+0200 (CEST);1562594336000;3.91;783.88
1380556833984591;42.6;32.5;Mon Jul 08 2019 16:02:11 GMT+0200 (CEST);Mon Jul 08 2019 14:02:11 GMT+0200 (CEST);1562594531000;1.22;267.88
1380556833984591;41.1;33.7;Mon Jul 08 2019 16:05:24 GMT+0200 (CEST);Mon Jul 08 2019 14:05:24 GMT+0200 (CEST);1562594724000;2.61;735.42
1380556833984591;40.6;33.3;Mon Jul 08 2019 16:08:39 GMT+0200 (CEST);Mon Jul 08 2019 14:08:39 GMT+0200 (CEST);1562594919000;3.76;801.76
1380556833984591;40.6;32.5;Mon Jul 08 2019 16:11:54 GMT+0200 (CEST);Mon Jul 08 2019 14:11:54 GMT+0200 (CEST);1562595114000;4.2;841.2
1380556833984591;40.6;31.7;Mon Jul 08 2019 16:15:08 GMT+0200 (CEST);Mon Jul 08 2019 14:15:08 GMT+0200 (CEST);1562595308000;3.23;310.96
1380556833984591;40.6;32;Mon Jul 08 2019 16:18:25 GMT+0200 (CEST);Mon Jul 08 2019 14:18:25 GMT+0200 (CEST);1562595505000;1.15;273.07
1380556833984591;38.6;33.6;Mon Jul 08 2019 16:21:59 GMT+0200 (CEST);Mon Jul 08 2019 14:21:59 GMT+0200 (CEST);1562595719000;1.42;326.3
1380556833984591;38.6;32.4;Mon Jul 08 2019 16:25:22 GMT+0200 (CEST);Mon Jul 08 2019 14:25:22 GMT+0200 (CEST);1562595922000;1.13;246.57
1380556833984591;37.1;33;Mon Jul 08 2019 16:28:50 GMT+0200 (CEST);Mon Jul 08 2019 14:28:50 GMT+0200 (CEST);1562596130000;1.2;261.46
1380556833984591;36.6;33.2;Mon Jul 08 2019 16:32:04 GMT+0200 (CEST);Mon Jul 08 2019 14:32:04 GMT+0200 (CEST);1562596324000;3.13;706.98
1380556833984591;36.6;33.7;Mon Jul 08 2019 16:35:23 GMT+0200 (CEST);Mon Jul 08 2019 14:35:23 GMT+0200 (CEST);1562596523000;3.3;552.95
1380556833984591;35.1;33.6;Mon Jul 08 2019 16:38:36 GMT+0200 (CEST);Mon Jul 08 2019 14:38:36 GMT+0200 (CEST);1562596716000;3.39;747.25
1380556833984591;36.6;33.2;Mon Jul 08 2019 16:41:53 GMT+0200 (CEST);Mon Jul 08 2019 14:41:53 GMT+0200 (CEST);1562596913000;3.91;791.32
1380556833984591;36.6;32.9;Mon Jul 08 2019 16:45:10 GMT+0200 (CEST);Mon Jul 08 2019 14:45:10 GMT+0200 (CEST);1562597110000;3.84;779.54
1380556833984591;37.1;31.9;Mon Jul 08 2019 16:48:44 GMT+0200 (CEST);Mon Jul 08 2019 14:48:44 GMT+0200 (CEST);1562597324000;4;789.16
1380556833984591;38.6;32.2;Mon Jul 08 2019 16:52:23 GMT+0200 (CEST);Mon Jul 08 2019 14:52:23 GMT+0200 (CEST);1562597543000;3.6;703.04
1380556833984591;38.6;31.8;Mon Jul 08 2019 16:55:47 GMT+0200 (CEST);Mon Jul 08 2019 14:55:47 GMT+0200 (CEST);1562597747000;1.05;231.51
1380556833984591;38.6;33.3;Mon Jul 08 2019 16:59:00 GMT+0200 (CEST);Mon Jul 08 2019 14:59:00 GMT+0200 (CEST);1562597940000;1.16;251.36
1380556833984591;38.6;32.6;Mon Jul 08 2019 17:02:13 GMT+0200 (CEST);Mon Jul 08 2019 15:02:13 GMT+0200 (CEST);1562598133000;1.09;247.92
1380556833984591;38.6;33.2;Mon Jul 08 2019 17:04:01 GMT+0200 (CEST);Mon Jul 08 2019 15:04:01 GMT+0200 (CEST);1562598241000;2.57;435.19
1380556833984591;36.6;33.8;Mon Jul 08 2019 17:07:16 GMT+0200 (CEST);Mon Jul 08 2019 15:07:16 GMT+0200 (CEST);1562598436000;2.59;529.91
1380556833984591;36.6;33.2;Mon Jul 08 2019 17:10:34 GMT+0200 (CEST);Mon Jul 08 2019 15:10:34 GMT+0200 (CEST);1562598634000;2.92;591.35
1380556833984591;35.1;33.4;Mon Jul 08 2019 17:13:53 GMT+0200 (CEST);Mon Jul 08 2019 15:13:53 GMT+0200 (CEST);1562598833000;2.96;599.03
1380556833984591;36.6;33.1;Mon Jul 08 2019 17:17:08 GMT+0200 (CEST);Mon Jul 08 2019 15:17:08 GMT+0200 (CEST);1562599028000;1.96;435.19
1380556833984591;36.6;33.1;Mon Jul 08 2019 17:20:23 GMT+0200 (CEST);Mon Jul 08 2019 15:20:23 GMT+0200 (CEST);1562599223000;1.33;289.34
1380556833984591;36.6;34.3;Mon Jul 08 2019 17:23:42 GMT+0200 (CEST);Mon Jul 08 2019 15:23:42 GMT+0200 (CEST);1562599422000;2;430.07
1380556833984591;36.6;33.9;Mon Jul 08 2019 17:26:58 GMT+0200 (CEST);Mon Jul 08 2019 15:26:58 GMT+0200 (CEST);1562599618000;1.39;290.1
1380556833984591;36.6;33.4;Mon Jul 08 2019 17:30:13 GMT+0200 (CEST);Mon Jul 08 2019 15:30:13 GMT+0200 (CEST);1562599813000;1.55;335.35
1380556833984591;36.6;33.7;Mon Jul 08 2019 17:33:27 GMT+0200 (CEST);Mon Jul 08 2019 15:33:27 GMT+0200 (CEST);1562600007000;1.67;348.15
1380556833984591;34.6;34;Mon Jul 08 2019 17:36:45 GMT+0200 (CEST);Mon Jul 08 2019 15:36:45 GMT+0200 (CEST);1562600205000;1.83;383.99
1380556833984591;34.6;33.4;Mon Jul 08 2019 17:40:00 GMT+0200 (CEST);Mon Jul 08 2019 15:40:00 GMT+0200 (CEST);1562600400000;1.7;394.23
1380556833984591;34.6;34;Mon Jul 08 2019 17:43:13 GMT+0200 (CEST);Mon Jul 08 2019 15:43:13 GMT+0200 (CEST);1562600593000;2.37;494.07
1380556833984591;34.6;34;Mon Jul 08 2019 17:46:27 GMT+0200 (CEST);Mon Jul 08 2019 15:46:27 GMT+0200 (CEST);1562600787000;0.99;208.89
1380556833984591;32.1;32.5;Mon Jul 08 2019 17:49:49 GMT+0200 (CEST);Mon Jul 08 2019 15:49:49 GMT+0200 (CEST);1562600989000;0.81;177.92
1380556833984591;32.1;32.6;Mon Jul 08 2019 17:53:04 GMT+0200 (CEST);Mon Jul 08 2019 15:53:04 GMT+0200 (CEST);1562601184000;0.75;164.05
1380556833984591;32.1;34.4;Mon Jul 08 2019 17:56:19 GMT+0200 (CEST);Mon Jul 08 2019 15:56:19 GMT+0200 (CEST);1562601379000;1.16;247.01
1380556833984591;31.1;33.9;Mon Jul 08 2019 17:59:39 GMT+0200 (CEST);Mon Jul 08 2019 15:59:39 GMT+0200 (CEST);1562601579000;1.17;243.8
1380556833984591;31.1;34.5;Mon Jul 08 2019 18:02:53 GMT+0200 (CEST);Mon Jul 08 2019 16:02:53 GMT+0200 (CEST);1562601773000;1.12;240.46
1380556833984591;31.1;34.2;Mon Jul 08 2019 18:06:13 GMT+0200 (CEST);Mon Jul 08 2019 16:06:13 GMT+0200 (CEST);1562601973000;1.37;281.93
1380556833984591;31.1;33.7;Mon Jul 08 2019 18:09:28 GMT+0200 (CEST);Mon Jul 08 2019 16:09:28 GMT+0200 (CEST);1562602168000;0.99;206.14
1380556833984591;31.1;33.2;Mon Jul 08 2019 18:12:43 GMT+0200 (CEST);Mon Jul 08 2019 16:12:43 GMT+0200 (CEST);1562602363000;0.85;184.3
1380556833984591;30.5;33;Mon Jul 08 2019 18:16:10 GMT+0200 (CEST);Mon Jul 08 2019 16:16:10 GMT+0200 (CEST);1562602570000;0.74;159.42
1380556833984591;30.5;33;Mon Jul 08 2019 18:19:24 GMT+0200 (CEST);Mon Jul 08 2019 16:19:24 GMT+0200 (CEST);1562602764000;0.68;147.32
1380556833984591;30.5;33.1;Mon Jul 08 2019 18:21:28 GMT+0200 (CEST);Mon Jul 08 2019 16:21:28 GMT+0200 (CEST);1562602888000;0.69;147.31
1380556833984591;30.5;33.4;Mon Jul 08 2019 18:24:47 GMT+0200 (CEST);Mon Jul 08 2019 16:24:47 GMT+0200 (CEST);1562603087000;0.79;160.82
1380556833984591;30.5;34;Mon Jul 08 2019 18:28:00 GMT+0200 (CEST);Mon Jul 08 2019 16:28:00 GMT+0200 (CEST);1562603280000;1.02;202.5
1380556833984591;29;34.3;Mon Jul 08 2019 18:31:15 GMT+0200 (CEST);Mon Jul 08 2019 16:31:15 GMT+0200 (CEST);1562603475000;1.21;233.49
1380556833984591;29;33.9;Mon Jul 08 2019 18:34:29 GMT+0200 (CEST);Mon Jul 08 2019 16:34:29 GMT+0200 (CEST);1562603669000;1.09;216.15
1380556833984591;29;33.6;Mon Jul 08 2019 18:37:52 GMT+0200 (CEST);Mon Jul 08 2019 16:37:52 GMT+0200 (CEST);1562603872000;0.9;187.84
1380556833984591;29;33.4;Mon Jul 08 2019 18:41:27 GMT+0200 (CEST);Mon Jul 08 2019 16:41:27 GMT+0200 (CEST);1562604087000;0.74;156.35
1380556833984591;28.5;33.2;Mon Jul 08 2019 18:44:45 GMT+0200 (CEST);Mon Jul 08 2019 16:44:45 GMT+0200 (CEST);1562604285000;0.68;144.05
1380556833984591;28.5;33.3;Mon Jul 08 2019 18:48:01 GMT+0200 (CEST);Mon Jul 08 2019 16:48:01 GMT+0200 (CEST);1562604481000;0.68;145.78
1380556833984591;28.5;33.4;Mon Jul 08 2019 18:51:16 GMT+0200 (CEST);Mon Jul 08 2019 16:51:16 GMT+0200 (CEST);1562604676000;0.68;144.47
1380556833984591;28.5;33.3;Mon Jul 08 2019 18:54:30 GMT+0200 (CEST);Mon Jul 08 2019 16:54:30 GMT+0200 (CEST);1562604870000;0.63;138.95
1380556833984591;28.5;33.3;Mon Jul 08 2019 18:57:45 GMT+0200 (CEST);Mon Jul 08 2019 16:57:45 GMT+0200 (CEST);1562605065000;0.64;138.15
1380556833984591;28.5;33.3;Mon Jul 08 2019 19:00:59 GMT+0200 (CEST);Mon Jul 08 2019 17:00:59 GMT+0200 (CEST);1562605259000;0.64;138.23
1380556833984591;27;33.4;Mon Jul 08 2019 19:03:31 GMT+0200 (CEST);Mon Jul 08 2019 17:03:31 GMT+0200 (CEST);1562605411000;0.64;139.9
1380556833984591;27;33.4;Mon Jul 08 2019 19:06:46 GMT+0200 (CEST);Mon Jul 08 2019 17:06:46 GMT+0200 (CEST);1562605606000;0.63;137.98
1380556833984591;27;33.4;Mon Jul 08 2019 19:10:04 GMT+0200 (CEST);Mon Jul 08 2019 17:10:04 GMT+0200 (CEST);1562605804000;0.6;132.11
1380556833984591;27;33.4;Mon Jul 08 2019 19:13:19 GMT+0200 (CEST);Mon Jul 08 2019 17:13:19 GMT+0200 (CEST);1562605999000;0.57;126.14
1380556833984591;26.5;32.9;Mon Jul 08 2019 19:16:55 GMT+0200 (CEST);Mon Jul 08 2019 17:16:55 GMT+0200 (CEST);1562606215000;0.48;109.81
1380556833984591;26.5;33;Mon Jul 08 2019 19:20:37 GMT+0200 (CEST);Mon Jul 08 2019 17:20:37 GMT+0200 (CEST);1562606437000;0.46;107.27
1380556833984591;26.5;33;Mon Jul 08 2019 19:23:51 GMT+0200 (CEST);Mon Jul 08 2019 17:23:51 GMT+0200 (CEST);1562606631000;0.43;100.67
1380556833984591;26.5;32.8;Mon Jul 08 2019 19:27:04 GMT+0200 (CEST);Mon Jul 08 2019 17:27:04 GMT+0200 (CEST);1562606824000;0.41;93.85
1380556833984591;25;33.1;Mon Jul 08 2019 19:30:18 GMT+0200 (CEST);Mon Jul 08 2019 17:30:18 GMT+0200 (CEST);1562607018000;0.43;100.05
1380556833984591;25;32.8;Mon Jul 08 2019 19:33:34 GMT+0200 (CEST);Mon Jul 08 2019 17:33:34 GMT+0200 (CEST);1562607214000;0.43;99.42
1380556833984591;25;33.1;Mon Jul 08 2019 19:36:59 GMT+0200 (CEST);Mon Jul 08 2019 17:36:59 GMT+0200 (CEST);1562607419000;0.46;105.87
1380556833984591;25;33.6;Mon Jul 08 2019 19:40:14 GMT+0200 (CEST);Mon Jul 08 2019 17:40:14 GMT+0200 (CEST);1562607614000;0.54;123.75
1380556833984591;25;33.2;Mon Jul 08 2019 19:43:32 GMT+0200 (CEST);Mon Jul 08 2019 17:43:32 GMT+0200 (CEST);1562607812000;0.52;112.19
1380556833984591;26.5;33.2;Mon Jul 08 2019 19:46:46 GMT+0200 (CEST);Mon Jul 08 2019 17:46:46 GMT+0200 (CEST);1562608006000;0.46;100.68
1380556833984591;25;32.9;Mon Jul 08 2019 19:50:07 GMT+0200 (CEST);Mon Jul 08 2019 17:50:07 GMT+0200 (CEST);1562608207000;0.37;87.05
1380556833984591;25;31.9;Mon Jul 08 2019 19:53:21 GMT+0200 (CEST);Mon Jul 08 2019 17:53:21 GMT+0200 (CEST);1562608401000;0.28;65.21
1380556833984591;25;31.7;Mon Jul 08 2019 19:55:12 GMT+0200 (CEST);Mon Jul 08 2019 17:55:12 GMT+0200 (CEST);1562608512000;0.23;60.37
1380556833984591;25;31.9;Mon Jul 08 2019 19:58:25 GMT+0200 (CEST);Mon Jul 08 2019 17:58:25 GMT+0200 (CEST);1562608705000;0.2;53.62
1380556833984591;24.5;31.9;Mon Jul 08 2019 20:01:42 GMT+0200 (CEST);Mon Jul 08 2019 18:01:42 GMT+0200 (CEST);1562608902000;0.2;54.53
1380556833984591;23;31.9;Mon Jul 08 2019 20:04:56 GMT+0200 (CEST);Mon Jul 08 2019 18:04:56 GMT+0200 (CEST);1562609096000;0.2;55.8
1380556833984591;23;31.7;Mon Jul 08 2019 20:08:23 GMT+0200 (CEST);Mon Jul 08 2019 18:08:23 GMT+0200 (CEST);1562609303000;0.2;52.95
1380556833984591;23;31.9;Mon Jul 08 2019 20:11:47 GMT+0200 (CEST);Mon Jul 08 2019 18:11:47 GMT+0200 (CEST);1562609507000;0.22;55.05
1380556833984591;23;31.9;Mon Jul 08 2019 20:15:00 GMT+0200 (CEST);Mon Jul 08 2019 18:15:00 GMT+0200 (CEST);1562609700000;0.21;54.63
1380556833984591;23;31.7;Mon Jul 08 2019 20:18:14 GMT+0200 (CEST);Mon Jul 08 2019 18:18:14 GMT+0200 (CEST);1562609894000;0.19;50.78
1380556833984591;23;31.7;Mon Jul 08 2019 20:20:06 GMT+0200 (CEST);Mon Jul 08 2019 18:20:06 GMT+0200 (CEST);1562610006000;0.17;46.63
1380556833984591;22.5;31.5;Mon Jul 08 2019 20:23:35 GMT+0200 (CEST);Mon Jul 08 2019 18:23:35 GMT+0200 (CEST);1562610215000;0.14;41.25
1380556833984591;22.5;31.5;Mon Jul 08 2019 20:26:50 GMT+0200 (CEST);Mon Jul 08 2019 18:26:50 GMT+0200 (CEST);1562610410000;0.14;40.22
1380556833984591;22.5;31.5;Mon Jul 08 2019 20:30:03 GMT+0200 (CEST);Mon Jul 08 2019 18:30:03 GMT+0200 (CEST);1562610603000;0.13;38.15
1380556833984591;22.5;31.4;Mon Jul 08 2019 20:33:17 GMT+0200 (CEST);Mon Jul 08 2019 18:33:17 GMT+0200 (CEST);1562610797000;0.11;33.4
1380556833984591;22.5;31.3;Mon Jul 08 2019 20:36:33 GMT+0200 (CEST);Mon Jul 08 2019 18:36:33 GMT+0200 (CEST);1562610993000;0.09;29.81
1380556833984591;21;31.5;Mon Jul 08 2019 20:39:54 GMT+0200 (CEST);Mon Jul 08 2019 18:39:54 GMT+0200 (CEST);1562611194000;0.06;25.67
1380556833984591;21;31.4;Mon Jul 08 2019 20:43:09 GMT+0200 (CEST);Mon Jul 08 2019 18:43:09 GMT+0200 (CEST);1562611389000;0.03;19.83
1380556833984591;21;29.6;Mon Jul 08 2019 20:46:54 GMT+0200 (CEST);Mon Jul 08 2019 18:46:54 GMT+0200 (CEST);1562611614000;0.01;13.93
1380556833984591;20.5;29.8;Mon Jul 08 2019 20:50:09 GMT+0200 (CEST);Mon Jul 08 2019 18:50:09 GMT+0200 (CEST);1562611809000;0;10.17
1380556833984591;20.5;28.7;Mon Jul 08 2019 20:53:25 GMT+0200 (CEST);Mon Jul 08 2019 18:53:25 GMT+0200 (CEST);1562612005000;0;7.88
1380556833984591;20.5;29.2;Mon Jul 08 2019 20:56:39 GMT+0200 (CEST);Mon Jul 08 2019 18:56:39 GMT+0200 (CEST);1562612199000;0;6.84
1380556833984591;19;30.7;Mon Jul 08 2019 20:59:52 GMT+0200 (CEST);Mon Jul 08 2019 18:59:52 GMT+0200 (CEST);1562612392000;0;6.02
1380556833984591;20.5;31.3;Mon Jul 08 2019 21:03:09 GMT+0200 (CEST);Mon Jul 08 2019 19:03:09 GMT+0200 (CEST);1562612589000;0;5.24
1380556833984591;20.5;29.5;Mon Jul 08 2019 21:06:44 GMT+0200 (CEST);Mon Jul 08 2019 19:06:44 GMT+0200 (CEST);1562612804000;0;4.23
1380556833984591;19;32.3;Mon Jul 08 2019 21:10:00 GMT+0200 (CEST);Mon Jul 08 2019 19:10:00 GMT+0200 (CEST);1562613000000;0;3.62
1380556833984591;20.5;31.7;Mon Jul 08 2019 21:13:34 GMT+0200 (CEST);Mon Jul 08 2019 19:13:34 GMT+0200 (CEST);1562613214000;0;2.52
1380556833984591;20.5;30.8;Mon Jul 08 2019 21:16:48 GMT+0200 (CEST);Mon Jul 08 2019 19:16:48 GMT+0200 (CEST);1562613408000;0;1.75
1380556833984591;20.5;30.8;Mon Jul 08 2019 21:20:19 GMT+0200 (CEST);Mon Jul 08 2019 19:20:19 GMT+0200 (CEST);1562613619000;0;1.04
1380556833984591;-273.2;26.9;Tue Jul 09 2019 05:15:24 GMT+0200 (CEST);Tue Jul 09 2019 03:15:24 GMT+0200 (CEST);1562642124000;0;1.4
1380556833984591;-273.2;26.9;Tue Jul 09 2019 05:18:38 GMT+0200 (CEST);Tue Jul 09 2019 03:18:38 GMT+0200 (CEST);1562642318000;0;2.33
1380556833984591;10.4;29.7;Tue Jul 09 2019 05:36:42 GMT+0200 (CEST);Tue Jul 09 2019 03:36:42 GMT+0200 (CEST);1562643402000;0;10.95
1380556833984591;10.4;30.4;Tue Jul 09 2019 05:39:58 GMT+0200 (CEST);Tue Jul 09 2019 03:39:58 GMT+0200 (CEST);1562643598000;0;11.73
1380556833984591;10.4;31.1;Tue Jul 09 2019 05:43:14 GMT+0200 (CEST);Tue Jul 09 2019 03:43:14 GMT+0200 (CEST);1562643794000;0;11.46
1380556833984591;14.4;32.1;Tue Jul 09 2019 05:46:27 GMT+0200 (CEST);Tue Jul 09 2019 03:46:27 GMT+0200 (CEST);1562643987000;0;11.7
1380556833984591;14.4;33.7;Tue Jul 09 2019 05:49:40 GMT+0200 (CEST);Tue Jul 09 2019 03:49:40 GMT+0200 (CEST);1562644180000;0;12.11
1380556833984591;14.4;36.2;Tue Jul 09 2019 05:53:37 GMT+0200 (CEST);Tue Jul 09 2019 03:53:37 GMT+0200 (CEST);1562644417000;0;12.34
1380556833984591;15.4;36.2;Tue Jul 09 2019 05:56:51 GMT+0200 (CEST);Tue Jul 09 2019 03:56:51 GMT+0200 (CEST);1562644611000;0;12.88
1380556833984591;15.9;36.7;Tue Jul 09 2019 06:00:06 GMT+0200 (CEST);Tue Jul 09 2019 04:00:06 GMT+0200 (CEST);1562644806000;0;15.19
1380556833984591;15.9;37.2;Tue Jul 09 2019 06:03:22 GMT+0200 (CEST);Tue Jul 09 2019 04:03:22 GMT+0200 (CEST);1562645002000;0;18.73
1380556833984591;15.9;37.5;Tue Jul 09 2019 06:06:38 GMT+0200 (CEST);Tue Jul 09 2019 04:06:38 GMT+0200 (CEST);1562645198000;0;21.71
1380556833984591;15.9;36.9;Tue Jul 09 2019 06:09:51 GMT+0200 (CEST);Tue Jul 09 2019 04:09:51 GMT+0200 (CEST);1562645391000;0;23.6
1380556833984591;15.9;37.9;Tue Jul 09 2019 06:13:04 GMT+0200 (CEST);Tue Jul 09 2019 04:13:04 GMT+0200 (CEST);1562645584000;0;26.51
1380556833984591;16.9;38;Tue Jul 09 2019 06:16:42 GMT+0200 (CEST);Tue Jul 09 2019 04:16:42 GMT+0200 (CEST);1562645802000;0;32.44
1380556833984591;18.5;38;Tue Jul 09 2019 06:20:01 GMT+0200 (CEST);Tue Jul 09 2019 04:20:01 GMT+0200 (CEST);1562646001000;0.03;40.24
1380556833984591;18.5;37.4;Tue Jul 09 2019 06:23:16 GMT+0200 (CEST);Tue Jul 09 2019 04:23:16 GMT+0200 (CEST);1562646196000;0.07;47.3
1380556833984591;18.5;37.4;Tue Jul 09 2019 06:26:33 GMT+0200 (CEST);Tue Jul 09 2019 04:26:33 GMT+0200 (CEST);1562646393000;0.04;44.34
1380556833984591;18.5;37.1;Tue Jul 09 2019 06:29:48 GMT+0200 (CEST);Tue Jul 09 2019 04:29:48 GMT+0200 (CEST);1562646588000;0.02;37.02
1380556833984591;18.5;37.1;Tue Jul 09 2019 06:33:03 GMT+0200 (CEST);Tue Jul 09 2019 04:33:03 GMT+0200 (CEST);1562646783000;0.03;37.77
1380556833984591;18.5;37.1;Tue Jul 09 2019 06:36:16 GMT+0200 (CEST);Tue Jul 09 2019 04:36:16 GMT+0200 (CEST);1562646976000;0.02;37.49
1380556833984591;18.5;36.7;Tue Jul 09 2019 06:39:47 GMT+0200 (CEST);Tue Jul 09 2019 04:39:47 GMT+0200 (CEST);1562647187000;0.03;36.99
1380556833984591;18.5;36.7;Tue Jul 09 2019 06:43:05 GMT+0200 (CEST);Tue Jul 09 2019 04:43:05 GMT+0200 (CEST);1562647385000;0.03;36.42
1380556833984591;18.5;36.8;Tue Jul 09 2019 06:46:19 GMT+0200 (CEST);Tue Jul 09 2019 04:46:19 GMT+0200 (CEST);1562647579000;0.04;38.57
1380556833984591;18.5;36.8;Tue Jul 09 2019 06:49:35 GMT+0200 (CEST);Tue Jul 09 2019 04:49:35 GMT+0200 (CEST);1562647775000;0.05;41.17
1380556833984591;18.5;36.7;Tue Jul 09 2019 06:52:51 GMT+0200 (CEST);Tue Jul 09 2019 04:52:51 GMT+0200 (CEST);1562647971000;0.12;44.99
1380556833984591;16.9;32.2;Tue Jul 09 2019 06:56:39 GMT+0200 (CEST);Tue Jul 09 2019 04:56:39 GMT+0200 (CEST);1562648199000;0.17;48.55
1380556833984591;16.9;32.3;Tue Jul 09 2019 06:59:57 GMT+0200 (CEST);Tue Jul 09 2019 04:59:57 GMT+0200 (CEST);1562648397000;0.18;50.88
1380556833984591;15.9;32.3;Tue Jul 09 2019 07:03:33 GMT+0200 (CEST);Tue Jul 09 2019 05:03:33 GMT+0200 (CEST);1562648613000;0.17;50.48
1380556833984591;15.9;32.6;Tue Jul 09 2019 07:06:55 GMT+0200 (CEST);Tue Jul 09 2019 05:06:55 GMT+0200 (CEST);1562648815000;0.21;57.9
1380556833984591;15.9;32.8;Tue Jul 09 2019 07:10:26 GMT+0200 (CEST);Tue Jul 09 2019 05:10:26 GMT+0200 (CEST);1562649026000;0.29;72.03
1380556833984591;15.9;33.3;Tue Jul 09 2019 07:13:44 GMT+0200 (CEST);Tue Jul 09 2019 05:13:44 GMT+0200 (CEST);1562649224000;0.3;74.03
1380556833984591;16.9;32.9;Tue Jul 09 2019 07:16:57 GMT+0200 (CEST);Tue Jul 09 2019 05:16:57 GMT+0200 (CEST);1562649417000;0.26;64.32
1380556833984591;16.9;32.5;Tue Jul 09 2019 07:20:11 GMT+0200 (CEST);Tue Jul 09 2019 05:20:11 GMT+0200 (CEST);1562649611000;0.27;66.75
1380556833984591;16.9;32.5;Tue Jul 09 2019 07:23:25 GMT+0200 (CEST);Tue Jul 09 2019 05:23:25 GMT+0200 (CEST);1562649805000;0.29;69.9
1380556833984591;16.9;32.6;Tue Jul 09 2019 07:26:55 GMT+0200 (CEST);Tue Jul 09 2019 05:26:55 GMT+0200 (CEST);1562650015000;0.3;73.6
1380556833984591;16.9;32.4;Tue Jul 09 2019 07:30:11 GMT+0200 (CEST);Tue Jul 09 2019 05:30:11 GMT+0200 (CEST);1562650211000;0.25;62.68
1380556833984591;16.9;32.2;Tue Jul 09 2019 07:33:27 GMT+0200 (CEST);Tue Jul 09 2019 05:33:27 GMT+0200 (CEST);1562650407000;0.2;52.96
1380556833984591;16.9;32.1;Tue Jul 09 2019 07:37:04 GMT+0200 (CEST);Tue Jul 09 2019 05:37:04 GMT+0200 (CEST);1562650624000;0.21;54.99
1380556833984591;16.9;32.7;Tue Jul 09 2019 07:40:17 GMT+0200 (CEST);Tue Jul 09 2019 05:40:17 GMT+0200 (CEST);1562650817000;0.25;64.58
1380556833984591;16.9;33.1;Tue Jul 09 2019 07:43:30 GMT+0200 (CEST);Tue Jul 09 2019 05:43:30 GMT+0200 (CEST);1562651010000;0.31;77.35
1380556833984591;18.5;33.4;Tue Jul 09 2019 07:46:46 GMT+0200 (CEST);Tue Jul 09 2019 05:46:46 GMT+0200 (CEST);1562651206000;0.37;89.39
1380556833984591;18.5;33.5;Tue Jul 09 2019 07:50:19 GMT+0200 (CEST);Tue Jul 09 2019 05:50:19 GMT+0200 (CEST);1562651419000;0.41;98.69
1380556833984591;18.5;34.5;Tue Jul 09 2019 07:53:50 GMT+0200 (CEST);Tue Jul 09 2019 05:53:50 GMT+0200 (CEST);1562651630000;0.53;125.78
1380556833984591;19;34.7;Tue Jul 09 2019 07:57:05 GMT+0200 (CEST);Tue Jul 09 2019 05:57:05 GMT+0200 (CEST);1562651825000;0.54;124.41
1380556833984591;19;34.5;Tue Jul 09 2019 08:00:18 GMT+0200 (CEST);Tue Jul 09 2019 06:00:18 GMT+0200 (CEST);1562652018000;0.5;114.4
1380556833984591;19;34.4;Tue Jul 09 2019 08:03:36 GMT+0200 (CEST);Tue Jul 09 2019 06:03:36 GMT+0200 (CEST);1562652216000;0.46;106.09
1380556833984591;19;34.3;Tue Jul 09 2019 08:07:05 GMT+0200 (CEST);Tue Jul 09 2019 06:07:05 GMT+0200 (CEST);1562652425000;0.51;117.91
1380556833984591;20.5;34.6;Tue Jul 09 2019 08:10:20 GMT+0200 (CEST);Tue Jul 09 2019 06:10:20 GMT+0200 (CEST);1562652620000;0.6;137.49
1380556833984591;20.5;34.7;Tue Jul 09 2019 08:13:39 GMT+0200 (CEST);Tue Jul 09 2019 06:13:39 GMT+0200 (CEST);1562652819000;0.71;158.3
1380556833984591;20.5;34.8;Tue Jul 09 2019 08:17:01 GMT+0200 (CEST);Tue Jul 09 2019 06:17:01 GMT+0200 (CEST);1562653021000;1.03;203.52
1380556833984591;20.5;35.4;Tue Jul 09 2019 08:20:18 GMT+0200 (CEST);Tue Jul 09 2019 06:20:18 GMT+0200 (CEST);1562653218000;1.8;314.3
1380556833984591;21;34.7;Tue Jul 09 2019 08:23:34 GMT+0200 (CEST);Tue Jul 09 2019 06:23:34 GMT+0200 (CEST);1562653414000;0.93;202.96
1380556833984591;21;34.6;Tue Jul 09 2019 08:26:50 GMT+0200 (CEST);Tue Jul 09 2019 06:26:50 GMT+0200 (CEST);1562653610000;0.93;205.97
1380556833984591;22.5;34.6;Tue Jul 09 2019 08:30:12 GMT+0200 (CEST);Tue Jul 09 2019 06:30:12 GMT+0200 (CEST);1562653812000;0.99;219.51
1380556833984591;22.5;34.9;Tue Jul 09 2019 08:33:25 GMT+0200 (CEST);Tue Jul 09 2019 06:33:25 GMT+0200 (CEST);1562654005000;1.09;235.13
1380556833984591;22.5;34.8;Tue Jul 09 2019 08:36:49 GMT+0200 (CEST);Tue Jul 09 2019 06:36:49 GMT+0200 (CEST);1562654209000;1.18;268.69
1380556833984591;23;34.7;Tue Jul 09 2019 08:40:11 GMT+0200 (CEST);Tue Jul 09 2019 06:40:11 GMT+0200 (CEST);1562654411000;1.16;246.3
1380556833984591;23;34.5;Tue Jul 09 2019 08:43:49 GMT+0200 (CEST);Tue Jul 09 2019 06:43:49 GMT+0200 (CEST);1562654629000;1.03;223.02
1380556833984591;23;34.4;Tue Jul 09 2019 08:47:24 GMT+0200 (CEST);Tue Jul 09 2019 06:47:24 GMT+0200 (CEST);1562654844000;0.99;221.87
1380556833984591;23;34.5;Tue Jul 09 2019 08:51:06 GMT+0200 (CEST);Tue Jul 09 2019 06:51:06 GMT+0200 (CEST);1562655066000;1.12;249.92
1380556833984591;24.5;34.5;Tue Jul 09 2019 08:54:24 GMT+0200 (CEST);Tue Jul 09 2019 06:54:24 GMT+0200 (CEST);1562655264000;1.35;294.98
1380556833984591;24.5;34.8;Tue Jul 09 2019 08:57:51 GMT+0200 (CEST);Tue Jul 09 2019 06:57:51 GMT+0200 (CEST);1562655471000;2;527.35
1380556833984591;25;34.4;Tue Jul 09 2019 09:01:18 GMT+0200 (CEST);Tue Jul 09 2019 07:01:18 GMT+0200 (CEST);1562655678000;3.35;524.79
1380556833984591;25;33.8;Tue Jul 09 2019 09:04:35 GMT+0200 (CEST);Tue Jul 09 2019 07:04:35 GMT+0200 (CEST);1562655875000;1.59;378.87
1380556833984591;26.5;33.8;Tue Jul 09 2019 09:07:49 GMT+0200 (CEST);Tue Jul 09 2019 07:07:49 GMT+0200 (CEST);1562656069000;1.43;278.65
1380556833984591;26.5;34.3;Tue Jul 09 2019 09:09:57 GMT+0200 (CEST);Tue Jul 09 2019 07:09:57 GMT+0200 (CEST);1562656197000;1.47;321.88
1380556833984591;27;34.4;Tue Jul 09 2019 09:13:10 GMT+0200 (CEST);Tue Jul 09 2019 07:13:10 GMT+0200 (CEST);1562656390000;3.25;687.28
1380556833984591;27;34;Tue Jul 09 2019 09:16:34 GMT+0200 (CEST);Tue Jul 09 2019 07:16:34 GMT+0200 (CEST);1562656594000;2.83;565.75
1380556833984591;27;33.3;Tue Jul 09 2019 09:19:54 GMT+0200 (CEST);Tue Jul 09 2019 07:19:54 GMT+0200 (CEST);1562656794000;3.12;568.31
1380556833984591;27;34.1;Tue Jul 09 2019 09:23:08 GMT+0200 (CEST);Tue Jul 09 2019 07:23:08 GMT+0200 (CEST);1562656988000;3.02;629.75
1380556833984591;28.5;33.7;Tue Jul 09 2019 09:27:01 GMT+0200 (CEST);Tue Jul 09 2019 07:27:01 GMT+0200 (CEST);1562657221000;3.04;637.43
1380556833984591;28.5;33.6;Tue Jul 09 2019 09:30:17 GMT+0200 (CEST);Tue Jul 09 2019 07:30:17 GMT+0200 (CEST);1562657417000;3.07;629.75
1380556833984591;30.5;33.3;Tue Jul 09 2019 09:33:48 GMT+0200 (CEST);Tue Jul 09 2019 07:33:48 GMT+0200 (CEST);1562657628000;3.15;645.11
1380556833984591;31.1;33.2;Tue Jul 09 2019 09:37:04 GMT+0200 (CEST);Tue Jul 09 2019 07:37:04 GMT+0200 (CEST);1562657824000;3.16;655.35
1380556833984591;32.1;33.3;Tue Jul 09 2019 09:40:22 GMT+0200 (CEST);Tue Jul 09 2019 07:40:22 GMT+0200 (CEST);1562658022000;3.19;669.46
1380556833984591;32.1;33.3;Tue Jul 09 2019 09:43:41 GMT+0200 (CEST);Tue Jul 09 2019 07:43:41 GMT+0200 (CEST);1562658221000;3.29;677.94
1380556833984591;32.1;33.2;Tue Jul 09 2019 09:47:06 GMT+0200 (CEST);Tue Jul 09 2019 07:47:06 GMT+0200 (CEST);1562658426000;3.31;689.35
1380556833984591;32.1;33.1;Tue Jul 09 2019 09:50:29 GMT+0200 (CEST);Tue Jul 09 2019 07:50:29 GMT+0200 (CEST);1562658629000;3.4;701.19
1380556833984591;32.1;33;Tue Jul 09 2019 09:53:42 GMT+0200 (CEST);Tue Jul 09 2019 07:53:42 GMT+0200 (CEST);1562658822000;3.49;715.53
1380556833984591;34.6;33;Tue Jul 09 2019 09:55:49 GMT+0200 (CEST);Tue Jul 09 2019 07:55:49 GMT+0200 (CEST);1562658949000;3.54;719.98
1380556833984591;34.6;33;Tue Jul 09 2019 09:59:04 GMT+0200 (CEST);Tue Jul 09 2019 07:59:04 GMT+0200 (CEST);1562659144000;3.57;732.16
1380556833984591;34.6;33;Tue Jul 09 2019 10:02:22 GMT+0200 (CEST);Tue Jul 09 2019 08:02:22 GMT+0200 (CEST);1562659342000;3.61;748.19
1380556833984591;35.1;32.9;Tue Jul 09 2019 10:05:37 GMT+0200 (CEST);Tue Jul 09 2019 08:05:37 GMT+0200 (CEST);1562659537000;3.69;756.54
1380556833984591;35.1;32.8;Tue Jul 09 2019 10:08:58 GMT+0200 (CEST);Tue Jul 09 2019 08:08:58 GMT+0200 (CEST);1562659738000;3.88;784.83
1380556833984591;36.6;32.8;Tue Jul 09 2019 10:12:13 GMT+0200 (CEST);Tue Jul 09 2019 08:12:13 GMT+0200 (CEST);1562659933000;3.9;795.35
1380556833984591;36.6;32.6;Tue Jul 09 2019 10:15:31 GMT+0200 (CEST);Tue Jul 09 2019 08:15:31 GMT+0200 (CEST);1562660131000;3.95;806.5
1380556833984591;36.6;32.4;Tue Jul 09 2019 10:18:45 GMT+0200 (CEST);Tue Jul 09 2019 08:18:45 GMT+0200 (CEST);1562660325000;1.19;274.32
1380556833984591;36.6;32.9;Tue Jul 09 2019 10:22:12 GMT+0200 (CEST);Tue Jul 09 2019 08:22:12 GMT+0200 (CEST);1562660532000;4.17;846.2
1380556833984591;36.6;33.2;Tue Jul 09 2019 10:25:27 GMT+0200 (CEST);Tue Jul 09 2019 08:25:27 GMT+0200 (CEST);1562660727000;4.17;864.86
1380556833984591;35.1;33.1;Tue Jul 09 2019 10:28:42 GMT+0200 (CEST);Tue Jul 09 2019 08:28:42 GMT+0200 (CEST);1562660922000;4.14;851.33
1380556833984591;35.1;32.7;Tue Jul 09 2019 10:32:00 GMT+0200 (CEST);Tue Jul 09 2019 08:32:00 GMT+0200 (CEST);1562661120000;4.22;862.96
1380556833984591;36.6;32.5;Tue Jul 09 2019 10:35:22 GMT+0200 (CEST);Tue Jul 09 2019 08:35:22 GMT+0200 (CEST);1562661322000;4.22;865.81
1380556833984591;37.1;32.5;Tue Jul 09 2019 10:39:09 GMT+0200 (CEST);Tue Jul 09 2019 08:39:09 GMT+0200 (CEST);1562661549000;4.54;920.99
1380556833984591;37.1;32.1;Tue Jul 09 2019 10:42:22 GMT+0200 (CEST);Tue Jul 09 2019 08:42:22 GMT+0200 (CEST);1562661742000;4.9;993.27
1380556833984591;38.6;31.9;Tue Jul 09 2019 10:45:35 GMT+0200 (CEST);Tue Jul 09 2019 08:45:35 GMT+0200 (CEST);1562661935000;4.91;985.59
1380556833984591;39.1;32.3;Tue Jul 09 2019 10:48:50 GMT+0200 (CEST);Tue Jul 09 2019 08:48:50 GMT+0200 (CEST);1562662130000;2.58;488.95
1380556833984591;39.1;31.8;Tue Jul 09 2019 10:52:11 GMT+0200 (CEST);Tue Jul 09 2019 08:52:11 GMT+0200 (CEST);1562662331000;3.6;925.7
1380556833984591;39.1;32.1;Tue Jul 09 2019 10:55:27 GMT+0200 (CEST);Tue Jul 09 2019 08:55:27 GMT+0200 (CEST);1562662527000;5.01;614.39
1380556833984591;39.1;31.6;Tue Jul 09 2019 10:58:42 GMT+0200 (CEST);Tue Jul 09 2019 08:58:42 GMT+0200 (CEST);1562662722000;0.96;208.35
1380556833984591;39.1;32.1;Tue Jul 09 2019 11:02:00 GMT+0200 (CEST);Tue Jul 09 2019 09:02:00 GMT+0200 (CEST);1562662920000;0.91;209.92
1380556833984591;36.6;33.2;Tue Jul 09 2019 11:05:53 GMT+0200 (CEST);Tue Jul 09 2019 09:05:53 GMT+0200 (CEST);1562663153000;4.86;993.27
1380556833984591;36.6;32.5;Tue Jul 09 2019 11:09:23 GMT+0200 (CEST);Tue Jul 09 2019 09:09:23 GMT+0200 (CEST);1562663363000;5.19;1059.83
1380556833984591;37.1;32;Tue Jul 09 2019 11:12:37 GMT+0200 (CEST);Tue Jul 09 2019 09:12:37 GMT+0200 (CEST);1562663557000;5.65;1103.35
1380556833984591;37.1;32.2;Tue Jul 09 2019 11:15:51 GMT+0200 (CEST);Tue Jul 09 2019 09:15:51 GMT+0200 (CEST);1562663751000;1.91;399.35
1380556833984591;39.1;32.1;Tue Jul 09 2019 11:19:04 GMT+0200 (CEST);Tue Jul 09 2019 09:19:04 GMT+0200 (CEST);1562663944000;1.76;366.07
1380556833984591;38.6;32.4;Tue Jul 09 2019 11:22:26 GMT+0200 (CEST);Tue Jul 09 2019 09:22:26 GMT+0200 (CEST);1562664146000;1.75;381.43
1380556833984591;38.6;32.6;Tue Jul 09 2019 11:25:42 GMT+0200 (CEST);Tue Jul 09 2019 09:25:42 GMT+0200 (CEST);1562664342000;1.35;280.51
1380556833984591;37.1;33.1;Tue Jul 09 2019 11:28:59 GMT+0200 (CEST);Tue Jul 09 2019 09:28:59 GMT+0200 (CEST);1562664539000;1.38;290.88
1380556833984591;35.1;33.4;Tue Jul 09 2019 11:32:21 GMT+0200 (CEST);Tue Jul 09 2019 09:32:21 GMT+0200 (CEST);1562664741000;1.38;298.01
1380556833984591;35.1;33.2;Tue Jul 09 2019 11:35:34 GMT+0200 (CEST);Tue Jul 09 2019 09:35:34 GMT+0200 (CEST);1562664934000;1.18;261.88
1380556833984591;32.1;33.4;Tue Jul 09 2019 11:38:58 GMT+0200 (CEST);Tue Jul 09 2019 09:38:58 GMT+0200 (CEST);1562665138000;5.54;1141.75
1380556833984591;32.1;33;Tue Jul 09 2019 11:42:13 GMT+0200 (CEST);Tue Jul 09 2019 09:42:13 GMT+0200 (CEST);1562665333000;5.64;1144.31
1380556833984591;34.6;32.5;Tue Jul 09 2019 11:45:39 GMT+0200 (CEST);Tue Jul 09 2019 09:45:39 GMT+0200 (CEST);1562665539000;3.32;1080.31
1380556833984591;34.6;32.2;Tue Jul 09 2019 11:48:52 GMT+0200 (CEST);Tue Jul 09 2019 09:48:52 GMT+0200 (CEST);1562665732000;2.65;532.47
1380556833984591;37.1;32.4;Tue Jul 09 2019 11:51:59 GMT+0200 (CEST);Tue Jul 09 2019 09:51:59 GMT+0200 (CEST);1562665919000;2.25;471.03
1380556833984591;37.1;32.8;Tue Jul 09 2019 11:55:30 GMT+0200 (CEST);Tue Jul 09 2019 09:55:30 GMT+0200 (CEST);1562666130000;1.9;396.79
1380556833984591;37.1;33.2;Tue Jul 09 2019 11:58:52 GMT+0200 (CEST);Tue Jul 09 2019 09:58:52 GMT+0200 (CEST);1562666332000;1.76;381.43
1380556833984591;36.6;34.4;Tue Jul 09 2019 12:02:06 GMT+0200 (CEST);Tue Jul 09 2019 10:02:06 GMT+0200 (CEST);1562666526000;2.44;511.99
1380556833984591;36.6;32.8;Tue Jul 09 2019 12:05:19 GMT+0200 (CEST);Tue Jul 09 2019 10:05:19 GMT+0200 (CEST);1562666719000;6.36;1062.39
1380556833984591;36.6;33.5;Tue Jul 09 2019 12:08:37 GMT+0200 (CEST);Tue Jul 09 2019 10:08:37 GMT+0200 (CEST);1562666917000;2.29;486.39
1380556833984591;35.1;33.1;Tue Jul 09 2019 12:11:58 GMT+0200 (CEST);Tue Jul 09 2019 10:11:58 GMT+0200 (CEST);1562667118000;5.03;1006.07
1380556833984591;36.6;32.8;Tue Jul 09 2019 12:15:12 GMT+0200 (CEST);Tue Jul 09 2019 10:15:12 GMT+0200 (CEST);1562667312000;2.35;511.99
1380556833984591;36.6;32.8;Tue Jul 09 2019 12:18:27 GMT+0200 (CEST);Tue Jul 09 2019 10:18:27 GMT+0200 (CEST);1562667507000;4.44;763.07
1380556833984591;36.6;32.6;Tue Jul 09 2019 12:21:42 GMT+0200 (CEST);Tue Jul 09 2019 10:21:42 GMT+0200 (CEST);1562667702000;2.22;481.27
1380556833984591;37.1;33.4;Tue Jul 09 2019 12:25:07 GMT+0200 (CEST);Tue Jul 09 2019 10:25:07 GMT+0200 (CEST);1562667907000;3.77;1029.11
1380556833984591;37.1;32.6;Tue Jul 09 2019 12:28:20 GMT+0200 (CEST);Tue Jul 09 2019 10:28:20 GMT+0200 (CEST);1562668100000;4.48;895.6
1380556833984591;37.1;32.3;Tue Jul 09 2019 12:31:35 GMT+0200 (CEST);Tue Jul 09 2019 10:31:35 GMT+0200 (CEST);1562668295000;5.07;1057.27
1380556833984591;38.6;32;Tue Jul 09 2019 12:35:05 GMT+0200 (CEST);Tue Jul 09 2019 10:35:05 GMT+0200 (CEST);1562668505000;5.73;1162.23
1380556833984591;39.1;31.5;Tue Jul 09 2019 12:38:27 GMT+0200 (CEST);Tue Jul 09 2019 10:38:27 GMT+0200 (CEST);1562668707000;4.2;750.65
1380556833984591;39.1;32;Tue Jul 09 2019 12:42:11 GMT+0200 (CEST);Tue Jul 09 2019 10:42:11 GMT+0200 (CEST);1562668931000;2.8;578.55
1380556833984591;41.1;32.5;Tue Jul 09 2019 12:45:24 GMT+0200 (CEST);Tue Jul 09 2019 10:45:24 GMT+0200 (CEST);1562669124000;2.46;514.55
1380556833984591;40.1;32.9;Tue Jul 09 2019 12:48:37 GMT+0200 (CEST);Tue Jul 09 2019 10:48:37 GMT+0200 (CEST);1562669317000;2.62;619.51
1380556833984591;38.6;33;Tue Jul 09 2019 12:52:25 GMT+0200 (CEST);Tue Jul 09 2019 10:52:25 GMT+0200 (CEST);1562669545000;2.24;468.47
1380556833984591;38.6;33.3;Tue Jul 09 2019 12:55:38 GMT+0200 (CEST);Tue Jul 09 2019 10:55:38 GMT+0200 (CEST);1562669738000;2.31;488.95
1380556833984591;37.1;33.9;Tue Jul 09 2019 12:58:52 GMT+0200 (CEST);Tue Jul 09 2019 10:58:52 GMT+0200 (CEST);1562669932000;4.25;883.96
1380556833984591;37.1;33;Tue Jul 09 2019 13:02:14 GMT+0200 (CEST);Tue Jul 09 2019 11:02:14 GMT+0200 (CEST);1562670134000;4.61;970.61
1380556833984591;37.1;32.8;Tue Jul 09 2019 13:05:29 GMT+0200 (CEST);Tue Jul 09 2019 11:05:29 GMT+0200 (CEST);1562670329000;4.83;985.59
1380556833984591;37.1;32.7;Tue Jul 09 2019 13:08:49 GMT+0200 (CEST);Tue Jul 09 2019 11:08:49 GMT+0200 (CEST);1562670529000;4.82;965.85
1380556833984591;38.6;32.6;Tue Jul 09 2019 13:12:03 GMT+0200 (CEST);Tue Jul 09 2019 11:12:03 GMT+0200 (CEST);1562670723000;4.86;993.27
1380556833984591;38.6;32.2;Tue Jul 09 2019 13:15:16 GMT+0200 (CEST);Tue Jul 09 2019 11:15:16 GMT+0200 (CEST);1562670916000;5.43;1095.67
1380556833984591;39.1;31.7;Tue Jul 09 2019 13:18:30 GMT+0200 (CEST);Tue Jul 09 2019 11:18:30 GMT+0200 (CEST);1562671110000;5.13;1047.03
1380556833984591;40.6;31.9;Tue Jul 09 2019 13:22:17 GMT+0200 (CEST);Tue Jul 09 2019 11:22:17 GMT+0200 (CEST);1562671337000;1.78;376.31
1380556833984591;40.6;32.8;Tue Jul 09 2019 13:25:38 GMT+0200 (CEST);Tue Jul 09 2019 11:25:38 GMT+0200 (CEST);1562671538000;1.82;378.87
1380556833984591;39.1;33.4;Tue Jul 09 2019 13:28:53 GMT+0200 (CEST);Tue Jul 09 2019 11:28:53 GMT+0200 (CEST);1562671733000;3.96;735.18
1380556833984591;38.6;33.2;Tue Jul 09 2019 13:32:12 GMT+0200 (CEST);Tue Jul 09 2019 11:32:12 GMT+0200 (CEST);1562671932000;2.06;432.63
1380556833984591;37.1;33.3;Tue Jul 09 2019 13:35:29 GMT+0200 (CEST);Tue Jul 09 2019 11:35:29 GMT+0200 (CEST);1562672129000;1.99;417.27
1380556833984591;37.1;33.6;Tue Jul 09 2019 13:38:46 GMT+0200 (CEST);Tue Jul 09 2019 11:38:46 GMT+0200 (CEST);1562672326000;2.49;537.59
1380556833984591;36.6;33.8;Tue Jul 09 2019 13:42:02 GMT+0200 (CEST);Tue Jul 09 2019 11:42:02 GMT+0200 (CEST);1562672522000;4.26;836.57
1380556833984591;36.6;33.1;Tue Jul 09 2019 13:45:20 GMT+0200 (CEST);Tue Jul 09 2019 11:45:20 GMT+0200 (CEST);1562672720000;4.08;860.11
1380556833984591;36.6;32.9;Tue Jul 09 2019 13:48:41 GMT+0200 (CEST);Tue Jul 09 2019 11:48:41 GMT+0200 (CEST);1562672921000;4.07;872.28
1380556833984591;36.6;32.8;Tue Jul 09 2019 13:51:56 GMT+0200 (CEST);Tue Jul 09 2019 11:51:56 GMT+0200 (CEST);1562673116000;3.12;660.04
1380556833984591;37.1;32.9;Tue Jul 09 2019 13:55:44 GMT+0200 (CEST);Tue Jul 09 2019 11:55:44 GMT+0200 (CEST);1562673344000;1.88;383.99
1380556833984591;37.1;33.3;Tue Jul 09 2019 13:59:05 GMT+0200 (CEST);Tue Jul 09 2019 11:59:05 GMT+0200 (CEST);1562673545000;1.76;363.51
1380556833984591;36.6;33.4;Tue Jul 09 2019 14:00:53 GMT+0200 (CEST);Tue Jul 09 2019 12:00:53 GMT+0200 (CEST);1562673653000;1.79;376.31
1380556833984591;36.6;33.8;Tue Jul 09 2019 14:04:06 GMT+0200 (CEST);Tue Jul 09 2019 12:04:06 GMT+0200 (CEST);1562673846000;1.87;391.67
1380556833984591;34.6;33.9;Tue Jul 09 2019 14:07:20 GMT+0200 (CEST);Tue Jul 09 2019 12:07:20 GMT+0200 (CEST);1562674040000;1.93;404.47
1380556833984591;32.1;34.2;Tue Jul 09 2019 14:10:38 GMT+0200 (CEST);Tue Jul 09 2019 12:10:38 GMT+0200 (CEST);1562674238000;2.25;471.03
1380556833984591;32.1;34;Tue Jul 09 2019 14:13:55 GMT+0200 (CEST);Tue Jul 09 2019 12:13:55 GMT+0200 (CEST);1562674435000;2.65;599.03
1380556833984591;32.1;34;Tue Jul 09 2019 14:17:17 GMT+0200 (CEST);Tue Jul 09 2019 12:17:17 GMT+0200 (CEST);1562674637000;3.4;841.03
1380556833984591;34.6;33.1;Tue Jul 09 2019 14:20:30 GMT+0200 (CEST);Tue Jul 09 2019 12:20:30 GMT+0200 (CEST);1562674830000;4.77;980.85
1380556833984591;34.6;33.1;Tue Jul 09 2019 14:23:44 GMT+0200 (CEST);Tue Jul 09 2019 12:23:44 GMT+0200 (CEST);1562675024000;3.96;817.28
1380556833984591;35.1;32.8;Tue Jul 09 2019 14:27:25 GMT+0200 (CEST);Tue Jul 09 2019 12:27:25 GMT+0200 (CEST);1562675245000;4.26;878.03
1380556833984591;38.6;32.8;Tue Jul 09 2019 14:30:40 GMT+0200 (CEST);Tue Jul 09 2019 12:30:40 GMT+0200 (CEST);1562675440000;4.45;931.66
1380556833984591;38.6;32.6;Tue Jul 09 2019 14:34:01 GMT+0200 (CEST);Tue Jul 09 2019 12:34:01 GMT+0200 (CEST);1562675641000;4.92;1026.55
1380556833984591;38.6;32.5;Tue Jul 09 2019 14:35:57 GMT+0200 (CEST);Tue Jul 09 2019 12:35:57 GMT+0200 (CEST);1562675757000;4.83;1008.63
1380556833984591;38.6;32.1;Tue Jul 09 2019 14:39:15 GMT+0200 (CEST);Tue Jul 09 2019 12:39:15 GMT+0200 (CEST);1562675955000;4.85;979.88
1380556833984591;40.6;32.2;Tue Jul 09 2019 14:42:49 GMT+0200 (CEST);Tue Jul 09 2019 12:42:49 GMT+0200 (CEST);1562676169000;4.62;850.04
1380556833984591;41.1;32.2;Tue Jul 09 2019 14:46:16 GMT+0200 (CEST);Tue Jul 09 2019 12:46:16 GMT+0200 (CEST);1562676376000;3.41;763.52
1380556833984591;42.6;33.3;Tue Jul 09 2019 14:49:33 GMT+0200 (CEST);Tue Jul 09 2019 12:49:33 GMT+0200 (CEST);1562676573000;1.83;386.55
1380556833984591;42.6;33.2;Tue Jul 09 2019 14:52:56 GMT+0200 (CEST);Tue Jul 09 2019 12:52:56 GMT+0200 (CEST);1562676776000;3.97;848.11
1380556833984591;41.1;33.6;Tue Jul 09 2019 14:55:00 GMT+0200 (CEST);Tue Jul 09 2019 12:55:00 GMT+0200 (CEST);1562676900000;4.49;942.71
1380556833984591;41.1;32.7;Tue Jul 09 2019 14:58:30 GMT+0200 (CEST);Tue Jul 09 2019 12:58:30 GMT+0200 (CEST);1562677110000;4.42;943.16
1380556833984591;41.1;32.4;Tue Jul 09 2019 15:01:44 GMT+0200 (CEST);Tue Jul 09 2019 13:01:44 GMT+0200 (CEST);1562677304000;3.87;806.31
1380556833984591;41.1;31.7;Tue Jul 09 2019 15:04:59 GMT+0200 (CEST);Tue Jul 09 2019 13:04:59 GMT+0200 (CEST);1562677499000;1.73;368.63
1380556833984591;41.1;33;Tue Jul 09 2019 15:08:13 GMT+0200 (CEST);Tue Jul 09 2019 13:08:13 GMT+0200 (CEST);1562677693000;3.93;802.55
1380556833984591;41.1;32.8;Tue Jul 09 2019 15:11:33 GMT+0200 (CEST);Tue Jul 09 2019 13:11:33 GMT+0200 (CEST);1562677893000;3.3;719.8
1380556833984591;41.1;34;Tue Jul 09 2019 15:14:46 GMT+0200 (CEST);Tue Jul 09 2019 13:14:46 GMT+0200 (CEST);1562678086000;3.71;748.64
1380556833984591;41.1;33.9;Tue Jul 09 2019 15:18:01 GMT+0200 (CEST);Tue Jul 09 2019 13:18:01 GMT+0200 (CEST);1562678281000;3.29;698.81
1380556833984591;39.1;33.4;Tue Jul 09 2019 15:21:29 GMT+0200 (CEST);Tue Jul 09 2019 13:21:29 GMT+0200 (CEST);1562678489000;3.62;763.65
1380556833984591;39.1;33.1;Tue Jul 09 2019 15:24:46 GMT+0200 (CEST);Tue Jul 09 2019 13:24:46 GMT+0200 (CEST);1562678686000;3.38;702.65
1380556833984591;39.1;33.5;Tue Jul 09 2019 15:28:07 GMT+0200 (CEST);Tue Jul 09 2019 13:28:07 GMT+0200 (CEST);1562678887000;2.52;657.36
1380556833984591;39.1;33.8;Tue Jul 09 2019 15:31:24 GMT+0200 (CEST);Tue Jul 09 2019 13:31:24 GMT+0200 (CEST);1562679084000;3.51;726.97
1380556833984591;38.6;33.7;Tue Jul 09 2019 15:34:11 GMT+0200 (CEST);Tue Jul 09 2019 13:34:11 GMT+0200 (CEST);1562679251000;3.82;749.78
1380556833984591;38.6;33;Tue Jul 09 2019 15:37:50 GMT+0200 (CEST);Tue Jul 09 2019 13:37:50 GMT+0200 (CEST);1562679470000;1.88;422.39
1380556833984591;38.6;34;Tue Jul 09 2019 15:41:16 GMT+0200 (CEST);Tue Jul 09 2019 13:41:16 GMT+0200 (CEST);1562679676000;1.88;442.87
1380556833984591;37.1;33.5;Tue Jul 09 2019 15:44:33 GMT+0200 (CEST);Tue Jul 09 2019 13:44:33 GMT+0200 (CEST);1562679873000;4.28;881.48
1380556833984591;37.1;33.3;Tue Jul 09 2019 15:47:53 GMT+0200 (CEST);Tue Jul 09 2019 13:47:53 GMT+0200 (CEST);1562680073000;3.5;728.33
1380556833984591;37.1;32.5;Tue Jul 09 2019 15:51:07 GMT+0200 (CEST);Tue Jul 09 2019 13:51:07 GMT+0200 (CEST);1562680267000;4.06;827.85
1380556833984591;38.6;32.4;Tue Jul 09 2019 15:54:31 GMT+0200 (CEST);Tue Jul 09 2019 13:54:31 GMT+0200 (CEST);1562680471000;1.37;291.01
1380556833984591;38.6;32.5;Tue Jul 09 2019 15:57:46 GMT+0200 (CEST);Tue Jul 09 2019 13:57:46 GMT+0200 (CEST);1562680666000;1.38;296.8
1380556833984591;38.6;33.2;Tue Jul 09 2019 16:01:00 GMT+0200 (CEST);Tue Jul 09 2019 14:01:00 GMT+0200 (CEST);1562680860000;1.4;307.12
1380556833984591;36.6;33.5;Tue Jul 09 2019 16:04:19 GMT+0200 (CEST);Tue Jul 09 2019 14:04:19 GMT+0200 (CEST);1562681059000;1.79;376.31
1380556833984591;34.6;34.3;Tue Jul 09 2019 16:07:36 GMT+0200 (CEST);Tue Jul 09 2019 14:07:36 GMT+0200 (CEST);1562681256000;3.29;694.65
1380556833984591;34.6;33.9;Tue Jul 09 2019 16:11:06 GMT+0200 (CEST);Tue Jul 09 2019 14:11:06 GMT+0200 (CEST);1562681466000;3.38;729.01
1380556833984591;35.1;33.9;Tue Jul 09 2019 16:14:21 GMT+0200 (CEST);Tue Jul 09 2019 14:14:21 GMT+0200 (CEST);1562681661000;3.23;694.69
1380556833984591;36.6;33.8;Tue Jul 09 2019 16:17:43 GMT+0200 (CEST);Tue Jul 09 2019 14:17:43 GMT+0200 (CEST);1562681863000;3.41;696.79
1380556833984591;35.1;33.5;Tue Jul 09 2019 16:20:57 GMT+0200 (CEST);Tue Jul 09 2019 14:20:57 GMT+0200 (CEST);1562682057000;3.53;762.43
1380556833984591;35.1;32.8;Tue Jul 09 2019 16:24:35 GMT+0200 (CEST);Tue Jul 09 2019 14:24:35 GMT+0200 (CEST);1562682275000;3.57;730.87
1380556833984591;36.6;33.7;Tue Jul 09 2019 16:27:49 GMT+0200 (CEST);Tue Jul 09 2019 14:27:49 GMT+0200 (CEST);1562682469000;3.31;682.76
1380556833984591;37.1;33;Tue Jul 09 2019 16:31:03 GMT+0200 (CEST);Tue Jul 09 2019 14:31:03 GMT+0200 (CEST);1562682663000;3.34;683.68
1380556833984591;37.1;33.5;Tue Jul 09 2019 16:34:20 GMT+0200 (CEST);Tue Jul 09 2019 14:34:20 GMT+0200 (CEST);1562682860000;3.33;676.35
1380556833984591;37.1;33;Tue Jul 09 2019 16:36:36 GMT+0200 (CEST);Tue Jul 09 2019 14:36:36 GMT+0200 (CEST);1562682996000;3.51;708.27
1380556833984591;37.1;32.8;Tue Jul 09 2019 16:39:58 GMT+0200 (CEST);Tue Jul 09 2019 14:39:58 GMT+0200 (CEST);1562683198000;3.45;695.86
1380556833984591;37.1;32.5;Tue Jul 09 2019 16:43:11 GMT+0200 (CEST);Tue Jul 09 2019 14:43:11 GMT+0200 (CEST);1562683391000;1.04;297.37
1380556833984591;37.1;32.9;Tue Jul 09 2019 16:46:32 GMT+0200 (CEST);Tue Jul 09 2019 14:46:32 GMT+0200 (CEST);1562683592000;3.4;690.3
1380556833984591;36.6;33.3;Tue Jul 09 2019 16:49:45 GMT+0200 (CEST);Tue Jul 09 2019 14:49:45 GMT+0200 (CEST);1562683785000;3.17;645.11
1380556833984591;34.6;33;Tue Jul 09 2019 16:53:47 GMT+0200 (CEST);Tue Jul 09 2019 14:53:47 GMT+0200 (CEST);1562684027000;3.1;629.75
1380556833984591;34.6;33.6;Tue Jul 09 2019 16:57:03 GMT+0200 (CEST);Tue Jul 09 2019 14:57:03 GMT+0200 (CEST);1562684223000;3.04;616.95
1380556833984591;35.1;33;Tue Jul 09 2019 17:00:20 GMT+0200 (CEST);Tue Jul 09 2019 15:00:20 GMT+0200 (CEST);1562684420000;2.96;609.27
1380556833984591;35.1;32.8;Tue Jul 09 2019 17:03:34 GMT+0200 (CEST);Tue Jul 09 2019 15:03:34 GMT+0200 (CEST);1562684614000;2.91;593.91
1380556833984591;35.1;32.9;Tue Jul 09 2019 17:06:48 GMT+0200 (CEST);Tue Jul 09 2019 15:06:48 GMT+0200 (CEST);1562684808000;2.65;540.15
1380556833984591;34.6;33.1;Tue Jul 09 2019 17:10:11 GMT+0200 (CEST);Tue Jul 09 2019 15:10:11 GMT+0200 (CEST);1562685011000;2.67;552.95
1380556833984591;34.6;33.5;Tue Jul 09 2019 17:13:24 GMT+0200 (CEST);Tue Jul 09 2019 15:13:24 GMT+0200 (CEST);1562685204000;0.66;151.69
1380556833984591;34.6;34;Tue Jul 09 2019 17:17:05 GMT+0200 (CEST);Tue Jul 09 2019 15:17:05 GMT+0200 (CEST);1562685425000;2.56;529.91
1380556833984591;34.6;33.6;Tue Jul 09 2019 17:20:25 GMT+0200 (CEST);Tue Jul 09 2019 15:20:25 GMT+0200 (CEST);1562685625000;2.51;511.99
1380556833984591;32.1;33.7;Tue Jul 09 2019 17:23:50 GMT+0200 (CEST);Tue Jul 09 2019 15:23:50 GMT+0200 (CEST);1562685830000;2.22;481.27
1380556833984591;32.1;34.1;Tue Jul 09 2019 17:27:26 GMT+0200 (CEST);Tue Jul 09 2019 15:27:26 GMT+0200 (CEST);1562686046000;2.41;499.19
1380556833984591;32.1;33.9;Tue Jul 09 2019 17:30:44 GMT+0200 (CEST);Tue Jul 09 2019 15:30:44 GMT+0200 (CEST);1562686244000;2.34;486.39
1380556833984591;32.1;34.3;Tue Jul 09 2019 17:33:58 GMT+0200 (CEST);Tue Jul 09 2019 15:33:58 GMT+0200 (CEST);1562686438000;2.25;473.59
1380556833984591;32.1;34.3;Tue Jul 09 2019 17:37:24 GMT+0200 (CEST);Tue Jul 09 2019 15:37:24 GMT+0200 (CEST);1562686644000;2.17;455.67
1380556833984591;32.1;33.5;Tue Jul 09 2019 17:41:02 GMT+0200 (CEST);Tue Jul 09 2019 15:41:02 GMT+0200 (CEST);1562686862000;2.17;453.11
1380556833984591;32.1;34.6;Tue Jul 09 2019 17:44:19 GMT+0200 (CEST);Tue Jul 09 2019 15:44:19 GMT+0200 (CEST);1562687059000;1.99;432.63
1380556833984591;32.1;34.9;Tue Jul 09 2019 17:47:33 GMT+0200 (CEST);Tue Jul 09 2019 15:47:33 GMT+0200 (CEST);1562687253000;1.98;432.63
1380556833984591;32.1;34.9;Tue Jul 09 2019 17:50:57 GMT+0200 (CEST);Tue Jul 09 2019 15:50:57 GMT+0200 (CEST);1562687457000;1.92;419.83
1380556833984591;32.1;34.9;Tue Jul 09 2019 17:54:11 GMT+0200 (CEST);Tue Jul 09 2019 15:54:11 GMT+0200 (CEST);1562687651000;1.88;404.47
1380556833984591;32.1;34.8;Tue Jul 09 2019 17:57:47 GMT+0200 (CEST);Tue Jul 09 2019 15:57:47 GMT+0200 (CEST);1562687867000;1.75;383.99
1380556833984591;32.1;34.9;Tue Jul 09 2019 18:01:02 GMT+0200 (CEST);Tue Jul 09 2019 16:01:02 GMT+0200 (CEST);1562688062000;1.7;373.75
1380556833984591;31.1;34.9;Tue Jul 09 2019 18:04:15 GMT+0200 (CEST);Tue Jul 09 2019 16:04:15 GMT+0200 (CEST);1562688255000;1.69;368.63
1380556833984591;31.1;34.7;Tue Jul 09 2019 18:07:31 GMT+0200 (CEST);Tue Jul 09 2019 16:07:31 GMT+0200 (CEST);1562688451000;1.56;343.03
1380556833984591;31.1;35;Tue Jul 09 2019 18:10:46 GMT+0200 (CEST);Tue Jul 09 2019 16:10:46 GMT+0200 (CEST);1562688646000;1.54;343.03
1380556833984591;31.1;35;Tue Jul 09 2019 18:14:17 GMT+0200 (CEST);Tue Jul 09 2019 16:14:17 GMT+0200 (CEST);1562688857000;1.44;324.82
1380556833984591;30.5;35;Tue Jul 09 2019 18:17:33 GMT+0200 (CEST);Tue Jul 09 2019 16:17:33 GMT+0200 (CEST);1562689053000;1.38;310.98
1380556833984591;30.5;35.1;Tue Jul 09 2019 18:20:48 GMT+0200 (CEST);Tue Jul 09 2019 16:20:48 GMT+0200 (CEST);1562689248000;1.34;306.69
1380556833984591;30.5;35.1;Tue Jul 09 2019 18:24:03 GMT+0200 (CEST);Tue Jul 09 2019 16:24:03 GMT+0200 (CEST);1562689443000;1.28;97.73
1380556833984591;30.5;35.2;Tue Jul 09 2019 18:28:02 GMT+0200 (CEST);Tue Jul 09 2019 16:28:02 GMT+0200 (CEST);1562689682000;1.19;81.35
1380556833984591;30.5;35.3;Tue Jul 09 2019 18:31:22 GMT+0200 (CEST);Tue Jul 09 2019 16:31:22 GMT+0200 (CEST);1562689882000;1.16;118.43
1380556833984591;29;35.1;Tue Jul 09 2019 18:34:45 GMT+0200 (CEST);Tue Jul 09 2019 16:34:45 GMT+0200 (CEST);1562690085000;1.08;143.84
1380556833984591;29;35.1;Tue Jul 09 2019 18:38:22 GMT+0200 (CEST);Tue Jul 09 2019 16:38:22 GMT+0200 (CEST);1562690302000;1;192.95
1380556833984591;28.5;35.3;Tue Jul 09 2019 18:41:55 GMT+0200 (CEST);Tue Jul 09 2019 16:41:55 GMT+0200 (CEST);1562690515000;0.96;221.49
1380556833984591;28.5;35.4;Tue Jul 09 2019 18:45:11 GMT+0200 (CEST);Tue Jul 09 2019 16:45:11 GMT+0200 (CEST);1562690711000;0.89;222.24
1380556833984591;28.5;35.3;Tue Jul 09 2019 18:48:28 GMT+0200 (CEST);Tue Jul 09 2019 16:48:28 GMT+0200 (CEST);1562690908000;0.85;214.73
1380556833984591;28.5;35.3;Tue Jul 09 2019 18:52:02 GMT+0200 (CEST);Tue Jul 09 2019 16:52:02 GMT+0200 (CEST);1562691122000;0.81;199.63
1380556833984591;28.5;34.9;Tue Jul 09 2019 18:55:26 GMT+0200 (CEST);Tue Jul 09 2019 16:55:26 GMT+0200 (CEST);1562691326000;0.75;190.71
1380556833984591;28.5;34.9;Tue Jul 09 2019 18:58:48 GMT+0200 (CEST);Tue Jul 09 2019 16:58:48 GMT+0200 (CEST);1562691528000;0.68;182.28
1380556833984591;27;35.1;Tue Jul 09 2019 19:02:11 GMT+0200 (CEST);Tue Jul 09 2019 17:02:11 GMT+0200 (CEST);1562691731000;0.65;170.38
1380556833984591;27;35.1;Tue Jul 09 2019 19:05:27 GMT+0200 (CEST);Tue Jul 09 2019 17:05:27 GMT+0200 (CEST);1562691927000;0.59;159.29
1380556833984591;27;35.1;Tue Jul 09 2019 19:08:44 GMT+0200 (CEST);Tue Jul 09 2019 17:08:44 GMT+0200 (CEST);1562692124000;0.53;147.47
1380556833984591;27;35.1;Tue Jul 09 2019 19:11:56 GMT+0200 (CEST);Tue Jul 09 2019 17:11:56 GMT+0200 (CEST);1562692316000;0.5;143.46
1380556833984591;27;35.1;Tue Jul 09 2019 19:15:10 GMT+0200 (CEST);Tue Jul 09 2019 17:15:10 GMT+0200 (CEST);1562692510000;0.44;128
1380556833984591;26.5;35.3;Tue Jul 09 2019 19:18:25 GMT+0200 (CEST);Tue Jul 09 2019 17:18:25 GMT+0200 (CEST);1562692705000;0.39;120.17
1380556833984591;26.5;35.1;Tue Jul 09 2019 19:21:42 GMT+0200 (CEST);Tue Jul 09 2019 17:21:42 GMT+0200 (CEST);1562692902000;0.36;113.82
1380556833984591;26.5;35.2;Tue Jul 09 2019 19:25:27 GMT+0200 (CEST);Tue Jul 09 2019 17:25:27 GMT+0200 (CEST);1562693127000;0.33;109.68
1380556833984591;26.5;35;Tue Jul 09 2019 19:28:40 GMT+0200 (CEST);Tue Jul 09 2019 17:28:40 GMT+0200 (CEST);1562693320000;0.3;101.5
1380556833984591;25;34.7;Tue Jul 09 2019 19:32:01 GMT+0200 (CEST);Tue Jul 09 2019 17:32:01 GMT+0200 (CEST);1562693521000;0.27;93.56
1380556833984591;25;34.7;Tue Jul 09 2019 19:35:15 GMT+0200 (CEST);Tue Jul 09 2019 17:35:15 GMT+0200 (CEST);1562693715000;0.24;84.71
1380556833984591;25;34.3;Tue Jul 09 2019 19:39:18 GMT+0200 (CEST);Tue Jul 09 2019 17:39:18 GMT+0200 (CEST);1562693958000;0.2;74.41
1380556833984591;24.5;34.2;Tue Jul 09 2019 19:42:33 GMT+0200 (CEST);Tue Jul 09 2019 17:42:33 GMT+0200 (CEST);1562694153000;0.18;65.46
1380556833984591;24.5;34;Tue Jul 09 2019 19:45:49 GMT+0200 (CEST);Tue Jul 09 2019 17:45:49 GMT+0200 (CEST);1562694349000;0.17;61.55
1380556833984591;24.5;33.6;Tue Jul 09 2019 19:49:06 GMT+0200 (CEST);Tue Jul 09 2019 17:49:06 GMT+0200 (CEST);1562694546000;0.16;54.98
1380556833984591;23;33.2;Tue Jul 09 2019 19:52:42 GMT+0200 (CEST);Tue Jul 09 2019 17:52:42 GMT+0200 (CEST);1562694762000;0.14;49.2
1380556833984591;23;32.7;Tue Jul 09 2019 19:56:18 GMT+0200 (CEST);Tue Jul 09 2019 17:56:18 GMT+0200 (CEST);1562694978000;0.12;45.87
1380556833984591;23;32.3;Tue Jul 09 2019 19:59:33 GMT+0200 (CEST);Tue Jul 09 2019 17:59:33 GMT+0200 (CEST);1562695173000;0.12;43.25
1380556833984591;22.5;32.2;Tue Jul 09 2019 20:02:50 GMT+0200 (CEST);Tue Jul 09 2019 18:02:50 GMT+0200 (CEST);1562695370000;0.1;40.09
1380556833984591;22.5;32.2;Tue Jul 09 2019 20:06:20 GMT+0200 (CEST);Tue Jul 09 2019 18:06:20 GMT+0200 (CEST);1562695580000;0.1;40.04
1380556833984591;22.5;32.2;Tue Jul 09 2019 20:10:07 GMT+0200 (CEST);Tue Jul 09 2019 18:10:07 GMT+0200 (CEST);1562695807000;0.1;37.46
1380556833984591;22.5;32.3;Tue Jul 09 2019 20:13:22 GMT+0200 (CEST);Tue Jul 09 2019 18:13:22 GMT+0200 (CEST);1562696002000;0.09;36.05
1380556833984591;22.5;32;Tue Jul 09 2019 20:16:36 GMT+0200 (CEST);Tue Jul 09 2019 18:16:36 GMT+0200 (CEST);1562696196000;0.07;34
1380556833984591;21;31.9;Tue Jul 09 2019 20:19:50 GMT+0200 (CEST);Tue Jul 09 2019 18:19:50 GMT+0200 (CEST);1562696390000;0.07;25.39
1380556833984591;21;32.1;Tue Jul 09 2019 20:23:10 GMT+0200 (CEST);Tue Jul 09 2019 18:23:10 GMT+0200 (CEST);1562696590000;0.06;25
1380556833984591;21;31.6;Tue Jul 09 2019 20:26:29 GMT+0200 (CEST);Tue Jul 09 2019 18:26:29 GMT+0200 (CEST);1562696789000;0.05;22.91
1380556833984591;20.5;32;Tue Jul 09 2019 20:29:46 GMT+0200 (CEST);Tue Jul 09 2019 18:29:46 GMT+0200 (CEST);1562696986000;0.05;23.09
1380556833984591;20.5;32.1;Tue Jul 09 2019 20:33:05 GMT+0200 (CEST);Tue Jul 09 2019 18:33:05 GMT+0200 (CEST);1562697185000;0.04;21.58
1380556833984591;20.5;32;Tue Jul 09 2019 20:36:25 GMT+0200 (CEST);Tue Jul 09 2019 18:36:25 GMT+0200 (CEST);1562697385000;0.03;19.84
1380556833984591;20.5;31.1;Tue Jul 09 2019 20:39:38 GMT+0200 (CEST);Tue Jul 09 2019 18:39:38 GMT+0200 (CEST);1562697578000;0.03;18.34
1380556833984591;20.5;31.5;Tue Jul 09 2019 20:42:59 GMT+0200 (CEST);Tue Jul 09 2019 18:42:59 GMT+0200 (CEST);1562697779000;0;16.08
1380556833984591;20.5;31;Tue Jul 09 2019 20:46:25 GMT+0200 (CEST);Tue Jul 09 2019 18:46:25 GMT+0200 (CEST);1562697985000;0.01;14.34
1380556833984591;19;28.9;Tue Jul 09 2019 20:49:40 GMT+0200 (CEST);Tue Jul 09 2019 18:49:40 GMT+0200 (CEST);1562698180000;0;12.53
1380556833984591;18.5;27.4;Tue Jul 09 2019 20:53:08 GMT+0200 (CEST);Tue Jul 09 2019 18:53:08 GMT+0200 (CEST);1562698388000;0;11.11
1380556833984591;18.5;27.8;Tue Jul 09 2019 20:56:44 GMT+0200 (CEST);Tue Jul 09 2019 18:56:44 GMT+0200 (CEST);1562698604000;0;9.58
1380556833984591;15.9;26.9;Tue Jul 09 2019 20:59:58 GMT+0200 (CEST);Tue Jul 09 2019 18:59:58 GMT+0200 (CEST);1562698798000;0;8.23
1380556833984591;15.9;28.5;Tue Jul 09 2019 21:03:10 GMT+0200 (CEST);Tue Jul 09 2019 19:03:10 GMT+0200 (CEST);1562698990000;0;6.69
1380556833984591;15.9;27.6;Tue Jul 09 2019 21:06:32 GMT+0200 (CEST);Tue Jul 09 2019 19:06:32 GMT+0200 (CEST);1562699192000;0;5.22
1380556833984591;15.9;27.8;Tue Jul 09 2019 21:09:47 GMT+0200 (CEST);Tue Jul 09 2019 19:09:47 GMT+0200 (CEST);1562699387000;0;3.61
1380556833984591;15.9;29.6;Tue Jul 09 2019 21:13:02 GMT+0200 (CEST);Tue Jul 09 2019 19:13:02 GMT+0200 (CEST);1562699582000;0;2.63
1380556833984591;15.9;31;Tue Jul 09 2019 21:16:19 GMT+0200 (CEST);Tue Jul 09 2019 19:16:19 GMT+0200 (CEST);1562699779000;0;1.29
1380556833984591;16.9;29.1;Tue Jul 09 2019 21:19:46 GMT+0200 (CEST);Tue Jul 09 2019 19:19:46 GMT+0200 (CEST);1562699986000;0;-0.01
1380556833984591;16.9;29.1;Tue Jul 09 2019 21:23:06 GMT+0200 (CEST);Tue Jul 09 2019 19:23:06 GMT+0200 (CEST);1562700186000;0;-0.01
1380556833984591;-273.2;26.5;Wed Jul 10 2019 05:15:27 GMT+0200 (CEST);Wed Jul 10 2019 03:15:27 GMT+0200 (CEST);1562728527000;0;1.89
1380556833984591;-273.2;26.5;Wed Jul 10 2019 05:18:40 GMT+0200 (CEST);Wed Jul 10 2019 03:18:40 GMT+0200 (CEST);1562728720000;0;3.01
1380556833984591;6.4;30.9;Wed Jul 10 2019 05:35:17 GMT+0200 (CEST);Wed Jul 10 2019 03:35:17 GMT+0200 (CEST);1562729717000;0;10.66
1380556833984591;6.4;30.4;Wed Jul 10 2019 05:38:30 GMT+0200 (CEST);Wed Jul 10 2019 03:38:30 GMT+0200 (CEST);1562729910000;0;11.99
1380556833984591;7.9;30.6;Wed Jul 10 2019 05:41:44 GMT+0200 (CEST);Wed Jul 10 2019 03:41:44 GMT+0200 (CEST);1562730104000;0;13.34
1380556833984591;8.9;33.4;Wed Jul 10 2019 05:45:08 GMT+0200 (CEST);Wed Jul 10 2019 03:45:08 GMT+0200 (CEST);1562730308000;0;15.39
1380556833984591;8.9;36.2;Wed Jul 10 2019 05:48:24 GMT+0200 (CEST);Wed Jul 10 2019 03:48:24 GMT+0200 (CEST);1562730504000;0;16.99
1380556833984591;12.4;37.1;Wed Jul 10 2019 05:51:38 GMT+0200 (CEST);Wed Jul 10 2019 03:51:38 GMT+0200 (CEST);1562730698000;0;18.87
1380556833984591;12.9;34.9;Wed Jul 10 2019 05:54:53 GMT+0200 (CEST);Wed Jul 10 2019 03:54:53 GMT+0200 (CEST);1562730893000;0.03;19.91
1380556833984591;12.9;32.5;Wed Jul 10 2019 05:58:14 GMT+0200 (CEST);Wed Jul 10 2019 03:58:14 GMT+0200 (CEST);1562731094000;0.04;21.42
1380556833984591;10.9;32.4;Wed Jul 10 2019 06:01:30 GMT+0200 (CEST);Wed Jul 10 2019 04:01:30 GMT+0200 (CEST);1562731290000;0.05;23.52
1380556833984591;10.9;32.3;Wed Jul 10 2019 06:04:43 GMT+0200 (CEST);Wed Jul 10 2019 04:04:43 GMT+0200 (CEST);1562731483000;0.05;25.15
1380556833984591;10.9;32.2;Wed Jul 10 2019 06:08:07 GMT+0200 (CEST);Wed Jul 10 2019 04:08:07 GMT+0200 (CEST);1562731687000;0.06;27.19
1380556833984591;10.9;31.5;Wed Jul 10 2019 06:11:24 GMT+0200 (CEST);Wed Jul 10 2019 04:11:24 GMT+0200 (CEST);1562731884000;0.07;29.92
1380556833984591;10.4;31.1;Wed Jul 10 2019 06:14:38 GMT+0200 (CEST);Wed Jul 10 2019 04:14:38 GMT+0200 (CEST);1562732078000;0.08;32.36
1380556833984591;10.4;31.7;Wed Jul 10 2019 06:17:51 GMT+0200 (CEST);Wed Jul 10 2019 04:17:51 GMT+0200 (CEST);1562732271000;0.09;34.17
1380556833984591;10.4;31.8;Wed Jul 10 2019 06:21:36 GMT+0200 (CEST);Wed Jul 10 2019 04:21:36 GMT+0200 (CEST);1562732496000;0.1;36.54
1380556833984591;10.9;31.8;Wed Jul 10 2019 06:24:58 GMT+0200 (CEST);Wed Jul 10 2019 04:24:58 GMT+0200 (CEST);1562732698000;0.11;38.24
1380556833984591;10.9;30.7;Wed Jul 10 2019 06:28:11 GMT+0200 (CEST);Wed Jul 10 2019 04:28:11 GMT+0200 (CEST);1562732891000;0.11;39.61
1380556833984591;10.9;21.7;Wed Jul 10 2019 06:31:39 GMT+0200 (CEST);Wed Jul 10 2019 04:31:39 GMT+0200 (CEST);1562733099000;0.13;41.95
1380556833984591;8.9;29.8;Wed Jul 10 2019 06:34:52 GMT+0200 (CEST);Wed Jul 10 2019 04:34:52 GMT+0200 (CEST);1562733292000;0.15;43.35
1380556833984591;8.4;23.5;Wed Jul 10 2019 06:38:16 GMT+0200 (CEST);Wed Jul 10 2019 04:38:16 GMT+0200 (CEST);1562733496000;0.21;44.74
1380556833984591;8.4;23.5;Wed Jul 10 2019 06:41:30 GMT+0200 (CEST);Wed Jul 10 2019 04:41:30 GMT+0200 (CEST);1562733690000;0.25;46.67
1380556833984591;8.4;23.5;Wed Jul 10 2019 06:44:44 GMT+0200 (CEST);Wed Jul 10 2019 04:44:44 GMT+0200 (CEST);1562733884000;0.29;48.4
1380556833984591;8.4;23.5;Wed Jul 10 2019 06:48:00 GMT+0200 (CEST);Wed Jul 10 2019 04:48:00 GMT+0200 (CEST);1562734080000;0.32;49.82
1380556833984591;6.4;21.7;Wed Jul 10 2019 06:51:22 GMT+0200 (CEST);Wed Jul 10 2019 04:51:22 GMT+0200 (CEST);1562734282000;0.36;51.57
1380556833984591;6.9;24.1;Wed Jul 10 2019 06:55:22 GMT+0200 (CEST);Wed Jul 10 2019 04:55:22 GMT+0200 (CEST);1562734522000;0.4;54.01
1380556833984591;6.9;28.7;Wed Jul 10 2019 06:58:38 GMT+0200 (CEST);Wed Jul 10 2019 04:58:38 GMT+0200 (CEST);1562734718000;0.45;55.61
1380556833984591;10.4;29.9;Wed Jul 10 2019 07:01:51 GMT+0200 (CEST);Wed Jul 10 2019 05:01:51 GMT+0200 (CEST);1562734911000;0.49;57.58
1380556833984591;10.4;30.1;Wed Jul 10 2019 07:05:07 GMT+0200 (CEST);Wed Jul 10 2019 05:05:07 GMT+0200 (CEST);1562735107000;0.54;58.79
1380556833984591;10.4;30.6;Wed Jul 10 2019 07:08:44 GMT+0200 (CEST);Wed Jul 10 2019 05:08:44 GMT+0200 (CEST);1562735324000;0.59;109.11
1380556833984591;10.4;32;Wed Jul 10 2019 07:11:59 GMT+0200 (CEST);Wed Jul 10 2019 05:11:59 GMT+0200 (CEST);1562735519000;0.63;168.16
1380556833984591;14.4;32.5;Wed Jul 10 2019 07:15:14 GMT+0200 (CEST);Wed Jul 10 2019 05:15:14 GMT+0200 (CEST);1562735714000;0.68;174.37
1380556833984591;14.9;32.5;Wed Jul 10 2019 07:18:35 GMT+0200 (CEST);Wed Jul 10 2019 05:18:35 GMT+0200 (CEST);1562735915000;0.73;182.33
1380556833984591;14.9;33.3;Wed Jul 10 2019 07:21:51 GMT+0200 (CEST);Wed Jul 10 2019 05:21:51 GMT+0200 (CEST);1562736111000;0.78;190.72
1380556833984591;14.9;33.3;Wed Jul 10 2019 07:25:05 GMT+0200 (CEST);Wed Jul 10 2019 05:25:05 GMT+0200 (CEST);1562736305000;0.84;199.8
1380556833984591;15.9;33.3;Wed Jul 10 2019 07:28:19 GMT+0200 (CEST);Wed Jul 10 2019 05:28:19 GMT+0200 (CEST);1562736499000;0.9;211.3
1380556833984591;15.9;33.7;Wed Jul 10 2019 07:31:45 GMT+0200 (CEST);Wed Jul 10 2019 05:31:45 GMT+0200 (CEST);1562736705000;0.96;223.23
1380556833984591;18.5;33.6;Wed Jul 10 2019 07:35:04 GMT+0200 (CEST);Wed Jul 10 2019 05:35:04 GMT+0200 (CEST);1562736904000;1.03;234.83
1380556833984591;18.5;34;Wed Jul 10 2019 07:38:20 GMT+0200 (CEST);Wed Jul 10 2019 05:38:20 GMT+0200 (CEST);1562737100000;1.08;246.05
1380556833984591;18.5;34.1;Wed Jul 10 2019 07:41:40 GMT+0200 (CEST);Wed Jul 10 2019 05:41:40 GMT+0200 (CEST);1562737300000;1.14;259.26
1380556833984591;19;33.8;Wed Jul 10 2019 07:44:54 GMT+0200 (CEST);Wed Jul 10 2019 05:44:54 GMT+0200 (CEST);1562737494000;1.21;268.8
1380556833984591;20.5;33.6;Wed Jul 10 2019 07:48:07 GMT+0200 (CEST);Wed Jul 10 2019 05:48:07 GMT+0200 (CEST);1562737687000;1.27;280.74
1380556833984591;20.5;34.2;Wed Jul 10 2019 07:51:24 GMT+0200 (CEST);Wed Jul 10 2019 05:51:24 GMT+0200 (CEST);1562737884000;1.33;292.58
1380556833984591;20.5;34;Wed Jul 10 2019 07:55:04 GMT+0200 (CEST);Wed Jul 10 2019 05:55:04 GMT+0200 (CEST);1562738104000;1.39;304.8
1380556833984591;20.5;34;Wed Jul 10 2019 07:58:17 GMT+0200 (CEST);Wed Jul 10 2019 05:58:17 GMT+0200 (CEST);1562738297000;1.45;320.07
1380556833984591;20.5;34.1;Wed Jul 10 2019 08:01:33 GMT+0200 (CEST);Wed Jul 10 2019 06:01:33 GMT+0200 (CEST);1562738493000;1.52;330.23
1380556833984591;22.5;34.1;Wed Jul 10 2019 08:03:57 GMT+0200 (CEST);Wed Jul 10 2019 06:03:57 GMT+0200 (CEST);1562738637000;1.56;340.47
1380556833984591;22.5;34.2;Wed Jul 10 2019 08:07:11 GMT+0200 (CEST);Wed Jul 10 2019 06:07:11 GMT+0200 (CEST);1562738831000;1.63;353.27
1380556833984591;23;34.4;Wed Jul 10 2019 08:10:32 GMT+0200 (CEST);Wed Jul 10 2019 06:10:32 GMT+0200 (CEST);1562739032000;1.67;366.07
1380556833984591;23;34.5;Wed Jul 10 2019 08:13:48 GMT+0200 (CEST);Wed Jul 10 2019 06:13:48 GMT+0200 (CEST);1562739228000;1.74;376.31
1380556833984591;24.5;34.4;Wed Jul 10 2019 08:17:01 GMT+0200 (CEST);Wed Jul 10 2019 06:17:01 GMT+0200 (CEST);1562739421000;1.8;389.11
1380556833984591;24.5;34.2;Wed Jul 10 2019 08:20:53 GMT+0200 (CEST);Wed Jul 10 2019 06:20:53 GMT+0200 (CEST);1562739653000;1.88;399.35
1380556833984591;25;34.2;Wed Jul 10 2019 08:24:09 GMT+0200 (CEST);Wed Jul 10 2019 06:24:09 GMT+0200 (CEST);1562739849000;1.94;412.15
1380556833984591;25;34.3;Wed Jul 10 2019 08:27:23 GMT+0200 (CEST);Wed Jul 10 2019 06:27:23 GMT+0200 (CEST);1562740043000;1.99;422.39
1380556833984591;26.5;34.3;Wed Jul 10 2019 08:30:34 GMT+0200 (CEST);Wed Jul 10 2019 06:30:34 GMT+0200 (CEST);1562740234000;2.05;432.63
1380556833984591;26.5;34.3;Wed Jul 10 2019 08:34:29 GMT+0200 (CEST);Wed Jul 10 2019 06:34:29 GMT+0200 (CEST);1562740469000;2.13;450.55
1380556833984591;27;34.3;Wed Jul 10 2019 08:37:43 GMT+0200 (CEST);Wed Jul 10 2019 06:37:43 GMT+0200 (CEST);1562740663000;2.19;463.35
1380556833984591;27;34.1;Wed Jul 10 2019 08:41:05 GMT+0200 (CEST);Wed Jul 10 2019 06:41:05 GMT+0200 (CEST);1562740865000;2.26;476.15
1380556833984591;27;34;Wed Jul 10 2019 08:44:22 GMT+0200 (CEST);Wed Jul 10 2019 06:44:22 GMT+0200 (CEST);1562741062000;2.34;491.51
1380556833984591;28.5;34;Wed Jul 10 2019 08:47:33 GMT+0200 (CEST);Wed Jul 10 2019 06:47:33 GMT+0200 (CEST);1562741253000;2.39;501.75
1380556833984591;36.6;32.3;Wed Jul 10 2019 10:01:09 GMT+0200 (CEST);Wed Jul 10 2019 08:01:09 GMT+0200 (CEST);1562745669000;3.63;762.73
1380556833984591;36.6;33.1;Wed Jul 10 2019 10:04:20 GMT+0200 (CEST);Wed Jul 10 2019 08:04:20 GMT+0200 (CEST);1562745860000;3.84;778.41
1380556833984591;36.6;32.9;Wed Jul 10 2019 10:07:32 GMT+0200 (CEST);Wed Jul 10 2019 08:07:32 GMT+0200 (CEST);1562746052000;3.91;793.08
1380556833984591;36.6;32.8;Wed Jul 10 2019 10:10:55 GMT+0200 (CEST);Wed Jul 10 2019 08:10:55 GMT+0200 (CEST);1562746255000;3.89;787.27
1380556833984591;36.6;32.4;Wed Jul 10 2019 10:14:22 GMT+0200 (CEST);Wed Jul 10 2019 08:14:22 GMT+0200 (CEST);1562746462000;3.89;793.64
1380556833984591;36.6;32.5;Wed Jul 10 2019 10:17:50 GMT+0200 (CEST);Wed Jul 10 2019 08:17:50 GMT+0200 (CEST);1562746670000;3.56;816.44
1380556833984591;37.1;32.3;Wed Jul 10 2019 10:21:03 GMT+0200 (CEST);Wed Jul 10 2019 08:21:03 GMT+0200 (CEST);1562746863000;3.97;814.57
1380556833984591;37.1;32.2;Wed Jul 10 2019 10:24:25 GMT+0200 (CEST);Wed Jul 10 2019 08:24:25 GMT+0200 (CEST);1562747065000;4.19;843.19
1380556833984591;38.6;32.2;Wed Jul 10 2019 10:27:36 GMT+0200 (CEST);Wed Jul 10 2019 08:27:36 GMT+0200 (CEST);1562747256000;4.22;851.39
1380556833984591;38.6;32.3;Wed Jul 10 2019 10:31:11 GMT+0200 (CEST);Wed Jul 10 2019 08:31:11 GMT+0200 (CEST);1562747471000;4.24;863.22
1380556833984591;38.6;32.3;Wed Jul 10 2019 10:34:26 GMT+0200 (CEST);Wed Jul 10 2019 08:34:26 GMT+0200 (CEST);1562747666000;4.42;897.21
1380556833984591;38.6;30.8;Wed Jul 10 2019 10:36:21 GMT+0200 (CEST);Wed Jul 10 2019 08:36:21 GMT+0200 (CEST);1562747781000;0.85;183.08
1380556833984591;38.6;34.2;Wed Jul 10 2019 10:39:41 GMT+0200 (CEST);Wed Jul 10 2019 08:39:41 GMT+0200 (CEST);1562747981000;4.69;951.54
1380556833984591;38.6;33.4;Wed Jul 10 2019 10:43:00 GMT+0200 (CEST);Wed Jul 10 2019 08:43:00 GMT+0200 (CEST);1562748180000;4.89;993.27
1380556833984591;38.6;32.9;Wed Jul 10 2019 10:46:34 GMT+0200 (CEST);Wed Jul 10 2019 08:46:34 GMT+0200 (CEST);1562748394000;4.83;990.71
1380556833984591;37.1;31.7;Wed Jul 10 2019 10:50:12 GMT+0200 (CEST);Wed Jul 10 2019 08:50:12 GMT+0200 (CEST);1562748612000;1.01;231.48
1380556833984591;37.1;30;Wed Jul 10 2019 10:53:33 GMT+0200 (CEST);Wed Jul 10 2019 08:53:33 GMT+0200 (CEST);1562748813000;4.74;981.27
1380556833984591;35.1;32.9;Wed Jul 10 2019 10:56:51 GMT+0200 (CEST);Wed Jul 10 2019 08:56:51 GMT+0200 (CEST);1562749011000;4.59;942.45
1380556833984591;36.6;32.7;Wed Jul 10 2019 11:00:04 GMT+0200 (CEST);Wed Jul 10 2019 09:00:04 GMT+0200 (CEST);1562749204000;4.37;905.98
1380556833984591;36.6;32;Wed Jul 10 2019 11:03:18 GMT+0200 (CEST);Wed Jul 10 2019 09:03:18 GMT+0200 (CEST);1562749398000;4.64;955.15
1380556833984591;37.1;31.8;Wed Jul 10 2019 11:06:40 GMT+0200 (CEST);Wed Jul 10 2019 09:06:40 GMT+0200 (CEST);1562749600000;4.72;968.1
1380556833984591;39.1;31.7;Wed Jul 10 2019 11:10:01 GMT+0200 (CEST);Wed Jul 10 2019 09:10:01 GMT+0200 (CEST);1562749801000;4.74;978.28
1380556833984591;39.1;31.7;Wed Jul 10 2019 11:13:19 GMT+0200 (CEST);Wed Jul 10 2019 09:13:19 GMT+0200 (CEST);1562749999000;3.71;796.13
1380556833984591;40.6;31.7;Wed Jul 10 2019 11:16:32 GMT+0200 (CEST);Wed Jul 10 2019 09:16:32 GMT+0200 (CEST);1562750192000;5.05;1029.11
1380556833984591;41.1;31.3;Wed Jul 10 2019 11:20:22 GMT+0200 (CEST);Wed Jul 10 2019 09:20:22 GMT+0200 (CEST);1562750422000;4.48;900.1
1380556833984591;42.6;31.6;Wed Jul 10 2019 11:23:36 GMT+0200 (CEST);Wed Jul 10 2019 09:23:36 GMT+0200 (CEST);1562750616000;1.87;323.8
1380556833984591;42.6;31.9;Wed Jul 10 2019 11:26:52 GMT+0200 (CEST);Wed Jul 10 2019 09:26:52 GMT+0200 (CEST);1562750812000;5.38;1093.11
1380556833984591;42.6;31.4;Wed Jul 10 2019 11:30:05 GMT+0200 (CEST);Wed Jul 10 2019 09:30:05 GMT+0200 (CEST);1562751005000;5.45;1103.35
1380556833984591;42.6;31.4;Wed Jul 10 2019 11:31:51 GMT+0200 (CEST);Wed Jul 10 2019 09:31:51 GMT+0200 (CEST);1562751111000;5.59;1134.07
1380556833984591;42.6;31.2;Wed Jul 10 2019 11:35:05 GMT+0200 (CEST);Wed Jul 10 2019 09:35:05 GMT+0200 (CEST);1562751305000;3.95;695.49
1380556833984591;43.6;31.2;Wed Jul 10 2019 11:38:20 GMT+0200 (CEST);Wed Jul 10 2019 09:38:20 GMT+0200 (CEST);1562751500000;1.56;317.85
1380556833984591;44.7;31.6;Wed Jul 10 2019 11:41:37 GMT+0200 (CEST);Wed Jul 10 2019 09:41:37 GMT+0200 (CEST);1562751697000;1.34;271.49
1380556833984591;42.6;32.4;Wed Jul 10 2019 11:44:54 GMT+0200 (CEST);Wed Jul 10 2019 09:44:54 GMT+0200 (CEST);1562751894000;1.1;240.82
1380556833984591;42.6;32.6;Wed Jul 10 2019 11:46:43 GMT+0200 (CEST);Wed Jul 10 2019 09:46:43 GMT+0200 (CEST);1562752003000;1.13;258.51
1380556833984591;42.6;34.1;Wed Jul 10 2019 11:50:02 GMT+0200 (CEST);Wed Jul 10 2019 09:50:02 GMT+0200 (CEST);1562752202000;2.79;916.05
1380556833984591;37.1;32.8;Wed Jul 10 2019 11:53:20 GMT+0200 (CEST);Wed Jul 10 2019 09:53:20 GMT+0200 (CEST);1562752400000;5.3;1095.67
1380556833984591;37.1;31.9;Wed Jul 10 2019 11:56:52 GMT+0200 (CEST);Wed Jul 10 2019 09:56:52 GMT+0200 (CEST);1562752612000;1.96;419.83
1380556833984591;37.1;31.9;Wed Jul 10 2019 12:00:06 GMT+0200 (CEST);Wed Jul 10 2019 10:00:06 GMT+0200 (CEST);1562752806000;1.38;293
1380556833984591;39.1;31.1;Wed Jul 10 2019 12:03:19 GMT+0200 (CEST);Wed Jul 10 2019 10:03:19 GMT+0200 (CEST);1562752999000;1.27;278.87
1380556833984591;38.6;33.1;Wed Jul 10 2019 12:06:57 GMT+0200 (CEST);Wed Jul 10 2019 10:06:57 GMT+0200 (CEST);1562753217000;5.16;1072.63
1380556833984591;38.6;32.2;Wed Jul 10 2019 12:10:11 GMT+0200 (CEST);Wed Jul 10 2019 10:10:11 GMT+0200 (CEST);1562753411000;5.16;1062.39
1380556833984591;38.6;31.8;Wed Jul 10 2019 12:13:25 GMT+0200 (CEST);Wed Jul 10 2019 10:13:25 GMT+0200 (CEST);1562753605000;5.13;1044.47
1380556833984591;39.1;31.3;Wed Jul 10 2019 12:16:39 GMT+0200 (CEST);Wed Jul 10 2019 10:16:39 GMT+0200 (CEST);1562753799000;5.12;1039.35
1380556833984591;39.1;30.9;Wed Jul 10 2019 12:20:10 GMT+0200 (CEST);Wed Jul 10 2019 10:20:10 GMT+0200 (CEST);1562754010000;5.1;1036.79
1380556833984591;42.6;31.7;Wed Jul 10 2019 12:24:01 GMT+0200 (CEST);Wed Jul 10 2019 10:24:01 GMT+0200 (CEST);1562754241000;4.46;1036.79
1380556833984591;44.7;31.1;Wed Jul 10 2019 12:27:15 GMT+0200 (CEST);Wed Jul 10 2019 10:27:15 GMT+0200 (CEST);1562754435000;1.31;280.04
1380556833984591;44.7;31.1;Wed Jul 10 2019 12:30:28 GMT+0200 (CEST);Wed Jul 10 2019 10:30:28 GMT+0200 (CEST);1562754628000;1.1;236.47
1380556833984591;44.7;32.6;Wed Jul 10 2019 12:33:41 GMT+0200 (CEST);Wed Jul 10 2019 10:33:41 GMT+0200 (CEST);1562754821000;5.23;1077.75
1380556833984591;42.6;31.9;Wed Jul 10 2019 12:36:55 GMT+0200 (CEST);Wed Jul 10 2019 10:36:55 GMT+0200 (CEST);1562755015000;5.21;1062.39
1380556833984591;42.6;31.2;Wed Jul 10 2019 12:40:11 GMT+0200 (CEST);Wed Jul 10 2019 10:40:11 GMT+0200 (CEST);1562755211000;5.12;1041.91
1380556833984591;44.7;31.2;Wed Jul 10 2019 12:43:25 GMT+0200 (CEST);Wed Jul 10 2019 10:43:25 GMT+0200 (CEST);1562755405000;5.14;1039.35
1380556833984591;44.7;31;Wed Jul 10 2019 12:46:39 GMT+0200 (CEST);Wed Jul 10 2019 10:46:39 GMT+0200 (CEST);1562755599000;5.13;1044.47
1380556833984591;45.2;31;Wed Jul 10 2019 12:49:57 GMT+0200 (CEST);Wed Jul 10 2019 10:49:57 GMT+0200 (CEST);1562755797000;5.12;1047.03
1380556833984591;46.7;30.8;Wed Jul 10 2019 12:53:29 GMT+0200 (CEST);Wed Jul 10 2019 10:53:29 GMT+0200 (CEST);1562756009000;5.17;1059.83
1380556833984591;46.7;30.9;Wed Jul 10 2019 12:56:43 GMT+0200 (CEST);Wed Jul 10 2019 10:56:43 GMT+0200 (CEST);1562756203000;5.38;1105.91
1380556833984591;46.7;30.8;Wed Jul 10 2019 12:59:59 GMT+0200 (CEST);Wed Jul 10 2019 10:59:59 GMT+0200 (CEST);1562756399000;5.47;1113.59
1380556833984591;47.2;31.1;Wed Jul 10 2019 13:03:12 GMT+0200 (CEST);Wed Jul 10 2019 11:03:12 GMT+0200 (CEST);1562756592000;1.18;253.97
1380556833984591;47.2;34.2;Wed Jul 10 2019 13:06:40 GMT+0200 (CEST);Wed Jul 10 2019 11:06:40 GMT+0200 (CEST);1562756800000;3.6;1049.59
1380556833984591;46.7;32.1;Wed Jul 10 2019 13:09:57 GMT+0200 (CEST);Wed Jul 10 2019 11:09:57 GMT+0200 (CEST);1562756997000;5.23;1039.35
1380556833984591;44.7;31.3;Wed Jul 10 2019 13:13:30 GMT+0200 (CEST);Wed Jul 10 2019 11:13:30 GMT+0200 (CEST);1562757210000;5.21;1062.39
1380556833984591;44.7;31.6;Wed Jul 10 2019 13:17:14 GMT+0200 (CEST);Wed Jul 10 2019 11:17:14 GMT+0200 (CEST);1562757434000;5.09;1041.91
1380556833984591;44.7;31.4;Wed Jul 10 2019 13:20:39 GMT+0200 (CEST);Wed Jul 10 2019 11:20:39 GMT+0200 (CEST);1562757639000;5.16;1054.71
1380556833984591;44.7;31.2;Wed Jul 10 2019 13:23:53 GMT+0200 (CEST);Wed Jul 10 2019 11:23:53 GMT+0200 (CEST);1562757833000;5.06;1049.59
1380556833984591;44.7;31;Wed Jul 10 2019 13:27:07 GMT+0200 (CEST);Wed Jul 10 2019 11:27:07 GMT+0200 (CEST);1562758027000;5.25;1059.83
1380556833984591;44.7;30.8;Wed Jul 10 2019 13:30:22 GMT+0200 (CEST);Wed Jul 10 2019 11:30:22 GMT+0200 (CEST);1562758222000;5.13;1041.91
1380556833984591;46.7;30.8;Wed Jul 10 2019 13:33:41 GMT+0200 (CEST);Wed Jul 10 2019 11:33:41 GMT+0200 (CEST);1562758421000;5.33;1082.87
1380556833984591;47.2;31;Wed Jul 10 2019 13:36:56 GMT+0200 (CEST);Wed Jul 10 2019 11:36:56 GMT+0200 (CEST);1562758616000;5.23;1072.63
1380556833984591;47.2;31;Wed Jul 10 2019 13:40:50 GMT+0200 (CEST);Wed Jul 10 2019 11:40:50 GMT+0200 (CEST);1562758850000;5.25;1062.39
1380556833984591;47.2;31;Wed Jul 10 2019 13:44:05 GMT+0200 (CEST);Wed Jul 10 2019 11:44:05 GMT+0200 (CEST);1562759045000;5.17;1059.83
1380556833984591;47.2;30.6;Wed Jul 10 2019 13:47:24 GMT+0200 (CEST);Wed Jul 10 2019 11:47:24 GMT+0200 (CEST);1562759244000;3.58;985.59
1380556833984591;47.2;31.5;Wed Jul 10 2019 13:50:38 GMT+0200 (CEST);Wed Jul 10 2019 11:50:38 GMT+0200 (CEST);1562759438000;5.05;1036.79
1380556833984591;47.2;31.4;Wed Jul 10 2019 13:53:51 GMT+0200 (CEST);Wed Jul 10 2019 11:53:51 GMT+0200 (CEST);1562759631000;5.18;1064.95
1380556833984591;47.2;31.4;Wed Jul 10 2019 13:57:16 GMT+0200 (CEST);Wed Jul 10 2019 11:57:16 GMT+0200 (CEST);1562759836000;5.16;1049.59
1380556833984591;46.7;31.3;Wed Jul 10 2019 14:00:29 GMT+0200 (CEST);Wed Jul 10 2019 12:00:29 GMT+0200 (CEST);1562760029000;4.9;1003.51
1380556833984591;46.7;31.2;Wed Jul 10 2019 14:04:31 GMT+0200 (CEST);Wed Jul 10 2019 12:04:31 GMT+0200 (CEST);1562760271000;4.85;966.91
1380556833984591;46.7;30.9;Wed Jul 10 2019 14:07:47 GMT+0200 (CEST);Wed Jul 10 2019 12:07:47 GMT+0200 (CEST);1562760467000;5.05;1031.67
1380556833984591;46.7;30.6;Wed Jul 10 2019 14:11:10 GMT+0200 (CEST);Wed Jul 10 2019 12:11:10 GMT+0200 (CEST);1562760670000;4.71;957.46
1380556833984591;47.2;30.8;Wed Jul 10 2019 14:14:23 GMT+0200 (CEST);Wed Jul 10 2019 12:14:23 GMT+0200 (CEST);1562760863000;4.84;979.38
1380556833984591;47.2;31;Wed Jul 10 2019 14:17:52 GMT+0200 (CEST);Wed Jul 10 2019 12:17:52 GMT+0200 (CEST);1562761072000;4.81;973.26
1380556833984591;47.2;31.4;Wed Jul 10 2019 14:21:21 GMT+0200 (CEST);Wed Jul 10 2019 12:21:21 GMT+0200 (CEST);1562761281000;4.38;886.79
1380556833984591;47.2;31;Wed Jul 10 2019 14:24:50 GMT+0200 (CEST);Wed Jul 10 2019 12:24:50 GMT+0200 (CEST);1562761490000;4.17;885.55
1380556833984591;47.2;31.5;Wed Jul 10 2019 14:28:03 GMT+0200 (CEST);Wed Jul 10 2019 12:28:03 GMT+0200 (CEST);1562761683000;4.91;988.15
1380556833984591;47.2;31.7;Wed Jul 10 2019 14:31:18 GMT+0200 (CEST);Wed Jul 10 2019 12:31:18 GMT+0200 (CEST);1562761878000;4.8;990.71
1380556833984591;47.2;32.2;Wed Jul 10 2019 14:34:33 GMT+0200 (CEST);Wed Jul 10 2019 12:34:33 GMT+0200 (CEST);1562762073000;4.59;961.27
1380556833984591;47.2;31.6;Wed Jul 10 2019 14:37:48 GMT+0200 (CEST);Wed Jul 10 2019 12:37:48 GMT+0200 (CEST);1562762268000;4.48;889.47
1380556833984591;47.2;31.6;Wed Jul 10 2019 14:41:01 GMT+0200 (CEST);Wed Jul 10 2019 12:41:01 GMT+0200 (CEST);1562762461000;4.71;952.26
1380556833984591;46.7;31.6;Wed Jul 10 2019 14:44:22 GMT+0200 (CEST);Wed Jul 10 2019 12:44:22 GMT+0200 (CEST);1562762662000;4.73;963.59
1380556833984591;46.7;31.6;Wed Jul 10 2019 14:47:41 GMT+0200 (CEST);Wed Jul 10 2019 12:47:41 GMT+0200 (CEST);1562762861000;4.74;974.32
1380556833984591;46.7;31.6;Wed Jul 10 2019 14:51:14 GMT+0200 (CEST);Wed Jul 10 2019 12:51:14 GMT+0200 (CEST);1562763074000;4.47;952.62
1380556833984591;46.7;31.7;Wed Jul 10 2019 14:54:28 GMT+0200 (CEST);Wed Jul 10 2019 12:54:28 GMT+0200 (CEST);1562763268000;4.54;952.03
1380556833984591;47.2;31.7;Wed Jul 10 2019 14:57:42 GMT+0200 (CEST);Wed Jul 10 2019 12:57:42 GMT+0200 (CEST);1562763462000;4.59;940.23
1380556833984591;47.2;32;Wed Jul 10 2019 15:01:08 GMT+0200 (CEST);Wed Jul 10 2019 13:01:08 GMT+0200 (CEST);1562763668000;4.1;856.23
1380556833984591;47.2;32.1;Wed Jul 10 2019 15:04:22 GMT+0200 (CEST);Wed Jul 10 2019 13:04:22 GMT+0200 (CEST);1562763862000;4.46;908.44
1380556833984591;47.2;31.6;Wed Jul 10 2019 15:08:14 GMT+0200 (CEST);Wed Jul 10 2019 13:08:14 GMT+0200 (CEST);1562764094000;4.46;932.59
1380556833984591;46.7;32.3;Wed Jul 10 2019 15:11:41 GMT+0200 (CEST);Wed Jul 10 2019 13:11:41 GMT+0200 (CEST);1562764301000;4.38;921.04
1380556833984591;46.7;31.6;Wed Jul 10 2019 15:15:04 GMT+0200 (CEST);Wed Jul 10 2019 13:15:04 GMT+0200 (CEST);1562764504000;4.25;861.65
1380556833984591;46.7;31.5;Wed Jul 10 2019 15:18:27 GMT+0200 (CEST);Wed Jul 10 2019 13:18:27 GMT+0200 (CEST);1562764707000;4.19;861.95
1380556833984591;45.2;31.5;Wed Jul 10 2019 15:22:02 GMT+0200 (CEST);Wed Jul 10 2019 13:22:02 GMT+0200 (CEST);1562764922000;4.43;890
1380556833984591;45.2;31.6;Wed Jul 10 2019 15:25:21 GMT+0200 (CEST);Wed Jul 10 2019 13:25:21 GMT+0200 (CEST);1562765121000;4.24;861.96
1380556833984591;45.2;31.6;Wed Jul 10 2019 15:28:37 GMT+0200 (CEST);Wed Jul 10 2019 13:28:37 GMT+0200 (CEST);1562765317000;4.27;861.44
1380556833984591;45.2;31.2;Wed Jul 10 2019 15:31:50 GMT+0200 (CEST);Wed Jul 10 2019 13:31:50 GMT+0200 (CEST);1562765510000;4.28;850.91
1380556833984591;45.2;31.7;Wed Jul 10 2019 15:35:06 GMT+0200 (CEST);Wed Jul 10 2019 13:35:06 GMT+0200 (CEST);1562765706000;4.22;848.8
1380556833984591;46.7;31;Wed Jul 10 2019 15:38:26 GMT+0200 (CEST);Wed Jul 10 2019 13:38:26 GMT+0200 (CEST);1562765906000;4.04;801.77
1380556833984591;46.7;31.8;Wed Jul 10 2019 15:41:41 GMT+0200 (CEST);Wed Jul 10 2019 13:41:41 GMT+0200 (CEST);1562766101000;4.09;830.13
1380556833984591;46.7;32.3;Wed Jul 10 2019 15:45:14 GMT+0200 (CEST);Wed Jul 10 2019 13:45:14 GMT+0200 (CEST);1562766314000;3.86;797.68
1380556833984591;46.7;32.2;Wed Jul 10 2019 15:48:29 GMT+0200 (CEST);Wed Jul 10 2019 13:48:29 GMT+0200 (CEST);1562766509000;3.78;763.1
1380556833984591;46.7;31.7;Wed Jul 10 2019 15:51:46 GMT+0200 (CEST);Wed Jul 10 2019 13:51:46 GMT+0200 (CEST);1562766706000;3.64;746.52
1380556833984591;45.2;32.1;Wed Jul 10 2019 15:54:59 GMT+0200 (CEST);Wed Jul 10 2019 13:54:59 GMT+0200 (CEST);1562766899000;3.78;766.87
1380556833984591;45.2;32;Wed Jul 10 2019 15:58:22 GMT+0200 (CEST);Wed Jul 10 2019 13:58:22 GMT+0200 (CEST);1562767102000;3.7;747.81
1380556833984591;45.2;32.7;Wed Jul 10 2019 16:01:39 GMT+0200 (CEST);Wed Jul 10 2019 14:01:39 GMT+0200 (CEST);1562767299000;3.65;745.19
1380556833984591;45.2;32.8;Wed Jul 10 2019 16:04:53 GMT+0200 (CEST);Wed Jul 10 2019 14:04:53 GMT+0200 (CEST);1562767493000;3.53;735.23
1380556833984591;44.7;32.6;Wed Jul 10 2019 16:08:48 GMT+0200 (CEST);Wed Jul 10 2019 14:08:48 GMT+0200 (CEST);1562767728000;3.58;736.91
1380556833984591;44.7;32.4;Wed Jul 10 2019 16:12:01 GMT+0200 (CEST);Wed Jul 10 2019 14:12:01 GMT+0200 (CEST);1562767921000;3.59;729.39
1380556833984591;43.1;32.2;Wed Jul 10 2019 16:15:16 GMT+0200 (CEST);Wed Jul 10 2019 14:15:16 GMT+0200 (CEST);1562768116000;3.71;753.25
1380556833984591;43.1;32.3;Wed Jul 10 2019 16:18:30 GMT+0200 (CEST);Wed Jul 10 2019 14:18:30 GMT+0200 (CEST);1562768310000;3.33;684.06
1380556833984591;44.7;32.5;Wed Jul 10 2019 16:22:01 GMT+0200 (CEST);Wed Jul 10 2019 14:22:01 GMT+0200 (CEST);1562768521000;3.1;642.55
1380556833984591;44.7;32.4;Wed Jul 10 2019 16:25:18 GMT+0200 (CEST);Wed Jul 10 2019 14:25:18 GMT+0200 (CEST);1562768718000;3.29;645.11
1380556833984591;44.7;33;Wed Jul 10 2019 16:28:31 GMT+0200 (CEST);Wed Jul 10 2019 14:28:31 GMT+0200 (CEST);1562768911000;3.29;637.43
1380556833984591;44.7;32.3;Wed Jul 10 2019 16:31:58 GMT+0200 (CEST);Wed Jul 10 2019 14:31:58 GMT+0200 (CEST);1562769118000;3.25;664.95
1380556833984591;43.1;32;Wed Jul 10 2019 16:35:15 GMT+0200 (CEST);Wed Jul 10 2019 14:35:15 GMT+0200 (CEST);1562769315000;3.05;627.19
1380556833984591;43.1;32.5;Wed Jul 10 2019 16:38:30 GMT+0200 (CEST);Wed Jul 10 2019 14:38:30 GMT+0200 (CEST);1562769510000;2.98;599.03
1380556833984591;43.1;32.2;Wed Jul 10 2019 16:41:44 GMT+0200 (CEST);Wed Jul 10 2019 14:41:44 GMT+0200 (CEST);1562769704000;3.06;616.95
1380556833984591;42.6;33;Wed Jul 10 2019 16:45:07 GMT+0200 (CEST);Wed Jul 10 2019 14:45:07 GMT+0200 (CEST);1562769907000;3.13;632.31
1380556833984591;42.6;32.1;Wed Jul 10 2019 16:48:46 GMT+0200 (CEST);Wed Jul 10 2019 14:48:46 GMT+0200 (CEST);1562770126000;2.87;578.55
1380556833984591;42.6;32.5;Wed Jul 10 2019 16:52:00 GMT+0200 (CEST);Wed Jul 10 2019 14:52:00 GMT+0200 (CEST);1562770320000;3.02;614.39
1380556833984591;41.1;32.2;Wed Jul 10 2019 16:55:31 GMT+0200 (CEST);Wed Jul 10 2019 14:55:31 GMT+0200 (CEST);1562770531000;2.97;601.59
1380556833984591;40.6;32.4;Wed Jul 10 2019 16:58:47 GMT+0200 (CEST);Wed Jul 10 2019 14:58:47 GMT+0200 (CEST);1562770727000;2.77;565.75
1380556833984591;40.6;31.9;Wed Jul 10 2019 17:02:02 GMT+0200 (CEST);Wed Jul 10 2019 15:02:02 GMT+0200 (CEST);1562770922000;2.88;570.87
1380556833984591;40.6;32.1;Wed Jul 10 2019 17:05:18 GMT+0200 (CEST);Wed Jul 10 2019 15:05:18 GMT+0200 (CEST);1562771118000;2.61;529.91
1380556833984591;40.6;31.9;Wed Jul 10 2019 17:08:37 GMT+0200 (CEST);Wed Jul 10 2019 15:08:37 GMT+0200 (CEST);1562771317000;2.69;527.35
1380556833984591;40.6;32.9;Wed Jul 10 2019 17:11:59 GMT+0200 (CEST);Wed Jul 10 2019 15:11:59 GMT+0200 (CEST);1562771519000;2.5;519.67
1380556833984591;40.6;32.3;Wed Jul 10 2019 17:15:11 GMT+0200 (CEST);Wed Jul 10 2019 15:15:11 GMT+0200 (CEST);1562771711000;2.53;519.67
1380556833984591;39.1;32.3;Wed Jul 10 2019 17:18:51 GMT+0200 (CEST);Wed Jul 10 2019 15:18:51 GMT+0200 (CEST);1562771931000;2.27;450.55
1380556833984591;39.1;32.7;Wed Jul 10 2019 17:22:07 GMT+0200 (CEST);Wed Jul 10 2019 15:22:07 GMT+0200 (CEST);1562772127000;2.46;504.31
1380556833984591;38.6;32.8;Wed Jul 10 2019 17:25:22 GMT+0200 (CEST);Wed Jul 10 2019 15:25:22 GMT+0200 (CEST);1562772322000;2.42;494.07
1380556833984591;38.6;33.4;Wed Jul 10 2019 17:28:37 GMT+0200 (CEST);Wed Jul 10 2019 15:28:37 GMT+0200 (CEST);1562772517000;2.33;488.95
1380556833984591;38.6;33;Wed Jul 10 2019 17:32:10 GMT+0200 (CEST);Wed Jul 10 2019 15:32:10 GMT+0200 (CEST);1562772730000;2.13;447.99
1380556833984591;38.6;33.3;Wed Jul 10 2019 17:35:23 GMT+0200 (CEST);Wed Jul 10 2019 15:35:23 GMT+0200 (CEST);1562772923000;2.08;432.63
1380556833984591;38.6;33.3;Wed Jul 10 2019 17:38:50 GMT+0200 (CEST);Wed Jul 10 2019 15:38:50 GMT+0200 (CEST);1562773130000;2.07;424.95
1380556833984591;38.6;33.3;Wed Jul 10 2019 17:42:08 GMT+0200 (CEST);Wed Jul 10 2019 15:42:08 GMT+0200 (CEST);1562773328000;2.17;450.55
1380556833984591;38.6;34;Wed Jul 10 2019 17:45:27 GMT+0200 (CEST);Wed Jul 10 2019 15:45:27 GMT+0200 (CEST);1562773527000;2.06;442.87
1380556833984591;37.1;33.6;Wed Jul 10 2019 17:48:41 GMT+0200 (CEST);Wed Jul 10 2019 15:48:41 GMT+0200 (CEST);1562773721000;2.07;435.19
1380556833984591;37.1;33.8;Wed Jul 10 2019 17:52:02 GMT+0200 (CEST);Wed Jul 10 2019 15:52:02 GMT+0200 (CEST);1562773922000;1.96;414.71
1380556833984591;37.1;33.8;Wed Jul 10 2019 17:55:37 GMT+0200 (CEST);Wed Jul 10 2019 15:55:37 GMT+0200 (CEST);1562774137000;1.79;376.31
1380556833984591;37.1;33.8;Wed Jul 10 2019 17:58:52 GMT+0200 (CEST);Wed Jul 10 2019 15:58:52 GMT+0200 (CEST);1562774332000;1.76;378.87
1380556833984591;37.1;33.8;Wed Jul 10 2019 18:02:09 GMT+0200 (CEST);Wed Jul 10 2019 16:02:09 GMT+0200 (CEST);1562774529000;1.57;343.03
1380556833984591;37.1;34.1;Wed Jul 10 2019 18:05:32 GMT+0200 (CEST);Wed Jul 10 2019 16:05:32 GMT+0200 (CEST);1562774732000;1.67;358.39
1380556833984591;36.6;34;Wed Jul 10 2019 18:08:45 GMT+0200 (CEST);Wed Jul 10 2019 16:08:45 GMT+0200 (CEST);1562774925000;1.54;337.91
1380556833984591;36.6;33.8;Wed Jul 10 2019 18:12:00 GMT+0200 (CEST);Wed Jul 10 2019 16:12:00 GMT+0200 (CEST);1562775120000;1.51;330.23
1380556833984591;36.6;34.4;Wed Jul 10 2019 18:15:18 GMT+0200 (CEST);Wed Jul 10 2019 16:15:18 GMT+0200 (CEST);1562775318000;1.46;322.99
1380556833984591;36.6;34.4;Wed Jul 10 2019 18:18:36 GMT+0200 (CEST);Wed Jul 10 2019 16:18:36 GMT+0200 (CEST);1562775516000;1.21;230.22
1380556833984591;35.1;33;Wed Jul 10 2019 18:22:26 GMT+0200 (CEST);Wed Jul 10 2019 16:22:26 GMT+0200 (CEST);1562775746000;0.43;77.19
1380556833984591;34.6;34.3;Wed Jul 10 2019 18:25:39 GMT+0200 (CEST);Wed Jul 10 2019 16:25:39 GMT+0200 (CEST);1562775939000;1.26;78.58
1380556833984591;34.6;34.6;Wed Jul 10 2019 18:29:07 GMT+0200 (CEST);Wed Jul 10 2019 16:29:07 GMT+0200 (CEST);1562776147000;1.18;76.44
1380556833984591;34.6;34.3;Wed Jul 10 2019 18:32:24 GMT+0200 (CEST);Wed Jul 10 2019 16:32:24 GMT+0200 (CEST);1562776344000;1.15;78.35
1380556833984591;33.1;34.5;Wed Jul 10 2019 18:36:08 GMT+0200 (CEST);Wed Jul 10 2019 16:36:08 GMT+0200 (CEST);1562776568000;1.07;106.44
1380556833984591;33.1;34.1;Wed Jul 10 2019 18:39:21 GMT+0200 (CEST);Wed Jul 10 2019 16:39:21 GMT+0200 (CEST);1562776761000;1.03;149.36
1380556833984591;32.1;34.3;Wed Jul 10 2019 18:42:34 GMT+0200 (CEST);Wed Jul 10 2019 16:42:34 GMT+0200 (CEST);1562776954000;0.95;174.43
1380556833984591;33.1;34.1;Wed Jul 10 2019 18:46:02 GMT+0200 (CEST);Wed Jul 10 2019 16:46:02 GMT+0200 (CEST);1562777162000;0.88;197.41
1380556833984591;33.1;34.3;Wed Jul 10 2019 18:49:16 GMT+0200 (CEST);Wed Jul 10 2019 16:49:16 GMT+0200 (CEST);1562777356000;0.79;190.43
1380556833984591;32.1;33.8;Wed Jul 10 2019 18:52:37 GMT+0200 (CEST);Wed Jul 10 2019 16:52:37 GMT+0200 (CEST);1562777557000;0.75;181.04
1380556833984591;32.1;34;Wed Jul 10 2019 18:56:02 GMT+0200 (CEST);Wed Jul 10 2019 16:56:02 GMT+0200 (CEST);1562777762000;0.63;156.08
1380556833984591;31.1;34.3;Wed Jul 10 2019 18:59:18 GMT+0200 (CEST);Wed Jul 10 2019 16:59:18 GMT+0200 (CEST);1562777958000;0.61;156.51
1380556833984591;31.1;34;Wed Jul 10 2019 19:01:03 GMT+0200 (CEST);Wed Jul 10 2019 17:01:03 GMT+0200 (CEST);1562778063000;0.6;154.59
1380556833984591;31.1;34.3;Wed Jul 10 2019 19:04:38 GMT+0200 (CEST);Wed Jul 10 2019 17:04:38 GMT+0200 (CEST);1562778278000;0.57;152.61
1380556833984591;31.1;34.3;Wed Jul 10 2019 19:08:16 GMT+0200 (CEST);Wed Jul 10 2019 17:08:16 GMT+0200 (CEST);1562778496000;0.54;147.29
1380556833984591;31.1;34.4;Wed Jul 10 2019 19:11:37 GMT+0200 (CEST);Wed Jul 10 2019 17:11:37 GMT+0200 (CEST);1562778697000;0.49;135.35
1380556833984591;31.1;34.5;Wed Jul 10 2019 19:14:51 GMT+0200 (CEST);Wed Jul 10 2019 17:14:51 GMT+0200 (CEST);1562778891000;0.44;127.28
1380556833984591;30.5;34.7;Wed Jul 10 2019 19:18:05 GMT+0200 (CEST);Wed Jul 10 2019 17:18:05 GMT+0200 (CEST);1562779085000;0.39;118.91
1380556833984591;30.5;34.6;Wed Jul 10 2019 19:21:43 GMT+0200 (CEST);Wed Jul 10 2019 17:21:43 GMT+0200 (CEST);1562779303000;0.36;116.39
1380556833984591;30.5;34.4;Wed Jul 10 2019 19:24:57 GMT+0200 (CEST);Wed Jul 10 2019 17:24:57 GMT+0200 (CEST);1562779497000;0.31;101.07
1380556833984591;30.5;34.5;Wed Jul 10 2019 19:28:14 GMT+0200 (CEST);Wed Jul 10 2019 17:28:14 GMT+0200 (CEST);1562779694000;0.29;99.69
1380556833984591;30.5;34.1;Wed Jul 10 2019 19:31:33 GMT+0200 (CEST);Wed Jul 10 2019 17:31:33 GMT+0200 (CEST);1562779893000;0.25;88
1380556833984591;30.5;34;Wed Jul 10 2019 19:34:48 GMT+0200 (CEST);Wed Jul 10 2019 17:34:48 GMT+0200 (CEST);1562780088000;0.2;74.17
1380556833984591;29;33.3;Wed Jul 10 2019 19:38:17 GMT+0200 (CEST);Wed Jul 10 2019 17:38:17 GMT+0200 (CEST);1562780297000;0.18;68.69
1380556833984591;28.5;32.8;Wed Jul 10 2019 19:41:36 GMT+0200 (CEST);Wed Jul 10 2019 17:41:36 GMT+0200 (CEST);1562780496000;0.16;59.08
1380556833984591;28.5;33.4;Wed Jul 10 2019 19:44:52 GMT+0200 (CEST);Wed Jul 10 2019 17:44:52 GMT+0200 (CEST);1562780692000;0.15;59.19
1380556833984591;28.5;32.8;Wed Jul 10 2019 19:48:05 GMT+0200 (CEST);Wed Jul 10 2019 17:48:05 GMT+0200 (CEST);1562780885000;0.14;50.21
1380556833984591;27;32.7;Wed Jul 10 2019 19:51:32 GMT+0200 (CEST);Wed Jul 10 2019 17:51:32 GMT+0200 (CEST);1562781092000;0.14;50.84
1380556833984591;27;31.9;Wed Jul 10 2019 19:55:11 GMT+0200 (CEST);Wed Jul 10 2019 17:55:11 GMT+0200 (CEST);1562781311000;0.11;43.77
1380556833984591;27;31.9;Wed Jul 10 2019 19:58:25 GMT+0200 (CEST);Wed Jul 10 2019 17:58:25 GMT+0200 (CEST);1562781505000;0.12;45.21
1380556833984591;26.5;31.7;Wed Jul 10 2019 20:01:39 GMT+0200 (CEST);Wed Jul 10 2019 18:01:39 GMT+0200 (CEST);1562781699000;0.11;44.76
1380556833984591;26.5;31.7;Wed Jul 10 2019 20:04:52 GMT+0200 (CEST);Wed Jul 10 2019 18:04:52 GMT+0200 (CEST);1562781892000;0.1;42.27
1380556833984591;26.5;31.7;Wed Jul 10 2019 20:08:14 GMT+0200 (CEST);Wed Jul 10 2019 18:08:14 GMT+0200 (CEST);1562782094000;0.09;39.42
1380556833984591;26.5;30.5;Wed Jul 10 2019 20:11:27 GMT+0200 (CEST);Wed Jul 10 2019 18:11:27 GMT+0200 (CEST);1562782287000;0.07;23.55
1380556833984591;25;31;Wed Jul 10 2019 20:14:42 GMT+0200 (CEST);Wed Jul 10 2019 18:14:42 GMT+0200 (CEST);1562782482000;0.05;22.95
1380556833984591;25;30.9;Wed Jul 10 2019 20:17:59 GMT+0200 (CEST);Wed Jul 10 2019 18:17:59 GMT+0200 (CEST);1562782679000;0.04;21.98
1380556833984591;24.5;31.1;Wed Jul 10 2019 20:21:13 GMT+0200 (CEST);Wed Jul 10 2019 18:21:13 GMT+0200 (CEST);1562782873000;0.04;22.14
1380556833984591;24.5;30.9;Wed Jul 10 2019 20:24:35 GMT+0200 (CEST);Wed Jul 10 2019 18:24:35 GMT+0200 (CEST);1562783075000;0.05;22.59
1380556833984591;24.5;30.9;Wed Jul 10 2019 20:27:49 GMT+0200 (CEST);Wed Jul 10 2019 18:27:49 GMT+0200 (CEST);1562783269000;0.04;21.55
1380556833984591;24.5;31.3;Wed Jul 10 2019 20:31:05 GMT+0200 (CEST);Wed Jul 10 2019 18:31:05 GMT+0200 (CEST);1562783465000;0.03;20.59
1380556833984591;24.5;31.5;Wed Jul 10 2019 20:32:59 GMT+0200 (CEST);Wed Jul 10 2019 18:32:59 GMT+0200 (CEST);1562783579000;0.03;19.9
1380556833984591;24;30.2;Wed Jul 10 2019 20:36:16 GMT+0200 (CEST);Wed Jul 10 2019 18:36:16 GMT+0200 (CEST);1562783776000;0.04;20
1380556833984591;23;31;Wed Jul 10 2019 20:39:32 GMT+0200 (CEST);Wed Jul 10 2019 18:39:32 GMT+0200 (CEST);1562783972000;0.03;19.98
1380556833984591;23;30;Wed Jul 10 2019 20:42:49 GMT+0200 (CEST);Wed Jul 10 2019 18:42:49 GMT+0200 (CEST);1562784169000;0.02;17.9
1380556833984591;23;30.2;Wed Jul 10 2019 20:46:07 GMT+0200 (CEST);Wed Jul 10 2019 18:46:07 GMT+0200 (CEST);1562784367000;0.01;14.98
1380556833984591;23;29.5;Wed Jul 10 2019 20:49:43 GMT+0200 (CEST);Wed Jul 10 2019 18:49:43 GMT+0200 (CEST);1562784583000;0;12.48
1380556833984591;22.5;29.7;Wed Jul 10 2019 20:52:56 GMT+0200 (CEST);Wed Jul 10 2019 18:52:56 GMT+0200 (CEST);1562784776000;0;10.77
1380556833984591;22.5;29.6;Wed Jul 10 2019 20:56:13 GMT+0200 (CEST);Wed Jul 10 2019 18:56:13 GMT+0200 (CEST);1562784973000;0;9.57
1380556833984591;22.5;28.6;Wed Jul 10 2019 20:59:30 GMT+0200 (CEST);Wed Jul 10 2019 18:59:30 GMT+0200 (CEST);1562785170000;0;7.73
1380556833984591;22.5;29.3;Wed Jul 10 2019 21:02:53 GMT+0200 (CEST);Wed Jul 10 2019 19:02:53 GMT+0200 (CEST);1562785373000;0;5.41
1380556833984591;21;28.8;Wed Jul 10 2019 21:06:12 GMT+0200 (CEST);Wed Jul 10 2019 19:06:12 GMT+0200 (CEST);1562785572000;0;4.78
1380556833984591;21;30.1;Wed Jul 10 2019 21:09:31 GMT+0200 (CEST);Wed Jul 10 2019 19:09:31 GMT+0200 (CEST);1562785771000;0;3.25
1380556833984591;22.5;31.5;Wed Jul 10 2019 21:12:50 GMT+0200 (CEST);Wed Jul 10 2019 19:12:50 GMT+0200 (CEST);1562785970000;0;1.54
1380556833984591;21.5;30.1;Wed Jul 10 2019 21:16:04 GMT+0200 (CEST);Wed Jul 10 2019 19:16:04 GMT+0200 (CEST);1562786164000;0;0.06
1380556833984591;21.5;29.1;Wed Jul 10 2019 21:19:27 GMT+0200 (CEST);Wed Jul 10 2019 19:19:27 GMT+0200 (CEST);1562786367000;0;-0.01
1380556833984591;21.5;29.1;Wed Jul 10 2019 21:22:42 GMT+0200 (CEST);Wed Jul 10 2019 19:22:42 GMT+0200 (CEST);1562786562000;0;-0.01
1380556833984591;-273.2;25.9;Thu Jul 11 2019 05:31:20 GMT+0200 (CEST);Thu Jul 11 2019 03:31:20 GMT+0200 (CEST);1562815880000;0;3.22
1380556833984591;-273.2;29.9;Thu Jul 11 2019 05:51:11 GMT+0200 (CEST);Thu Jul 11 2019 03:51:11 GMT+0200 (CEST);1562817071000;0;13.09
1380556833984591;12.9;27.3;Thu Jul 11 2019 05:54:24 GMT+0200 (CEST);Thu Jul 11 2019 03:54:24 GMT+0200 (CEST);1562817264000;0;15.64
1380556833984591;14.4;25.8;Thu Jul 11 2019 05:57:39 GMT+0200 (CEST);Thu Jul 11 2019 03:57:39 GMT+0200 (CEST);1562817459000;0.01;16.76
1380556833984591;14.4;25.4;Thu Jul 11 2019 05:59:25 GMT+0200 (CEST);Thu Jul 11 2019 03:59:25 GMT+0200 (CEST);1562817565000;0.01;17.19
1380556833984591;14.4;26;Thu Jul 11 2019 06:02:41 GMT+0200 (CEST);Thu Jul 11 2019 04:02:41 GMT+0200 (CEST);1562817761000;0.02;17.63
1380556833984591;14.4;24.9;Thu Jul 11 2019 06:06:00 GMT+0200 (CEST);Thu Jul 11 2019 04:06:00 GMT+0200 (CEST);1562817960000;0.02;17.37
1380556833984591;14.4;23.7;Thu Jul 11 2019 06:10:05 GMT+0200 (CEST);Thu Jul 11 2019 04:10:05 GMT+0200 (CEST);1562818205000;0.01;15.8
1380556833984591;14.4;23.2;Thu Jul 11 2019 06:13:26 GMT+0200 (CEST);Thu Jul 11 2019 04:13:26 GMT+0200 (CEST);1562818406000;0.01;15.22
1380556833984591;14.4;22;Thu Jul 11 2019 06:16:40 GMT+0200 (CEST);Thu Jul 11 2019 04:16:40 GMT+0200 (CEST);1562818600000;0.02;16.4
1380556833984591;14.4;22.6;Thu Jul 11 2019 06:19:53 GMT+0200 (CEST);Thu Jul 11 2019 04:19:53 GMT+0200 (CEST);1562818793000;0.05;20.86
1380556833984591;14.4;23;Thu Jul 11 2019 06:23:26 GMT+0200 (CEST);Thu Jul 11 2019 04:23:26 GMT+0200 (CEST);1562819006000;0.07;26.1
1380556833984591;15.9;31.7;Thu Jul 11 2019 06:26:40 GMT+0200 (CEST);Thu Jul 11 2019 04:26:40 GMT+0200 (CEST);1562819200000;0.07;27.83
1380556833984591;15.9;31.6;Thu Jul 11 2019 06:29:57 GMT+0200 (CEST);Thu Jul 11 2019 04:29:57 GMT+0200 (CEST);1562819397000;0.08;31.43
1380556833984591;18.5;31.6;Thu Jul 11 2019 06:33:11 GMT+0200 (CEST);Thu Jul 11 2019 04:33:11 GMT+0200 (CEST);1562819591000;0.11;37.03
1380556833984591;18.5;31.9;Thu Jul 11 2019 06:36:27 GMT+0200 (CEST);Thu Jul 11 2019 04:36:27 GMT+0200 (CEST);1562819787000;0.15;43.83
1380556833984591;18.5;31.7;Thu Jul 11 2019 06:39:41 GMT+0200 (CEST);Thu Jul 11 2019 04:39:41 GMT+0200 (CEST);1562819981000;0.15;44.06
1380556833984591;18.5;32.1;Thu Jul 11 2019 06:42:55 GMT+0200 (CEST);Thu Jul 11 2019 04:42:55 GMT+0200 (CEST);1562820175000;0.14;40.87
1380556833984591;19;31.6;Thu Jul 11 2019 06:46:20 GMT+0200 (CEST);Thu Jul 11 2019 04:46:20 GMT+0200 (CEST);1562820380000;0.13;39.61
1380556833984591;19;31.5;Thu Jul 11 2019 06:49:37 GMT+0200 (CEST);Thu Jul 11 2019 04:49:37 GMT+0200 (CEST);1562820577000;0.14;40.3
1380556833984591;19;32;Thu Jul 11 2019 06:52:51 GMT+0200 (CEST);Thu Jul 11 2019 04:52:51 GMT+0200 (CEST);1562820771000;0.18;49.38
1380556833984591;19;32.1;Thu Jul 11 2019 06:56:32 GMT+0200 (CEST);Thu Jul 11 2019 04:56:32 GMT+0200 (CEST);1562820992000;0.23;59.35
1380556833984591;19;32.1;Thu Jul 11 2019 06:59:47 GMT+0200 (CEST);Thu Jul 11 2019 04:59:47 GMT+0200 (CEST);1562821187000;0.23;57.97
1380556833984591;20.5;32.2;Thu Jul 11 2019 07:03:04 GMT+0200 (CEST);Thu Jul 11 2019 05:03:04 GMT+0200 (CEST);1562821384000;0.22;55.04
1380556833984591;20.5;32.1;Thu Jul 11 2019 07:06:28 GMT+0200 (CEST);Thu Jul 11 2019 05:06:28 GMT+0200 (CEST);1562821588000;0.19;50.37
1380556833984591;20.5;31.8;Thu Jul 11 2019 07:09:44 GMT+0200 (CEST);Thu Jul 11 2019 05:09:44 GMT+0200 (CEST);1562821784000;0.19;49.75
1380556833984591;20.5;31.7;Thu Jul 11 2019 07:13:00 GMT+0200 (CEST);Thu Jul 11 2019 05:13:00 GMT+0200 (CEST);1562821980000;0.16;45.86
1380556833984591;20.5;31.9;Thu Jul 11 2019 07:16:15 GMT+0200 (CEST);Thu Jul 11 2019 05:16:15 GMT+0200 (CEST);1562822175000;0.16;45.14
1380556833984591;20.5;31.7;Thu Jul 11 2019 07:19:28 GMT+0200 (CEST);Thu Jul 11 2019 05:19:28 GMT+0200 (CEST);1562822368000;0.17;46.56
1380556833984591;20.5;31.8;Thu Jul 11 2019 07:22:51 GMT+0200 (CEST);Thu Jul 11 2019 05:22:51 GMT+0200 (CEST);1562822571000;0.21;52.05
1380556833984591;20.5;32.2;Thu Jul 11 2019 07:26:10 GMT+0200 (CEST);Thu Jul 11 2019 05:26:10 GMT+0200 (CEST);1562822770000;0.26;62.7
1380556833984591;20.5;33;Thu Jul 11 2019 07:29:23 GMT+0200 (CEST);Thu Jul 11 2019 05:29:23 GMT+0200 (CEST);1562822963000;0.38;84.91
1380556833984591;20.5;33.4;Thu Jul 11 2019 07:32:37 GMT+0200 (CEST);Thu Jul 11 2019 05:32:37 GMT+0200 (CEST);1562823157000;0.37;81.73
1380556833984591;21;32.9;Thu Jul 11 2019 07:35:58 GMT+0200 (CEST);Thu Jul 11 2019 05:35:58 GMT+0200 (CEST);1562823358000;0.3;66.99
1380556833984591;20.5;32.7;Thu Jul 11 2019 07:39:11 GMT+0200 (CEST);Thu Jul 11 2019 05:39:11 GMT+0200 (CEST);1562823551000;0.23;53.46
1380556833984591;20.5;32.2;Thu Jul 11 2019 07:42:26 GMT+0200 (CEST);Thu Jul 11 2019 05:42:26 GMT+0200 (CEST);1562823746000;0.19;50.04
1380556833984591;20.5;32.1;Thu Jul 11 2019 07:45:46 GMT+0200 (CEST);Thu Jul 11 2019 05:45:46 GMT+0200 (CEST);1562823946000;0.26;61.26
1380556833984591;20.5;32.8;Thu Jul 11 2019 07:49:01 GMT+0200 (CEST);Thu Jul 11 2019 05:49:01 GMT+0200 (CEST);1562824141000;0.32;73.18
1380556833984591;20.5;33.1;Thu Jul 11 2019 07:52:24 GMT+0200 (CEST);Thu Jul 11 2019 05:52:24 GMT+0200 (CEST);1562824344000;0.29;68.79
1380556833984591;20.5;32.6;Thu Jul 11 2019 07:55:50 GMT+0200 (CEST);Thu Jul 11 2019 05:55:50 GMT+0200 (CEST);1562824550000;0.29;70.62
1380556833984591;20.5;33;Thu Jul 11 2019 07:59:03 GMT+0200 (CEST);Thu Jul 11 2019 05:59:03 GMT+0200 (CEST);1562824743000;0.34;80.13
1380556833984591;20.5;33.4;Thu Jul 11 2019 08:02:19 GMT+0200 (CEST);Thu Jul 11 2019 06:02:19 GMT+0200 (CEST);1562824939000;0.42;93.9
1380556833984591;20.5;33.7;Thu Jul 11 2019 08:05:40 GMT+0200 (CEST);Thu Jul 11 2019 06:05:40 GMT+0200 (CEST);1562825140000;0.53;115.69
1380556833984591;21;34.6;Thu Jul 11 2019 08:08:55 GMT+0200 (CEST);Thu Jul 11 2019 06:08:55 GMT+0200 (CEST);1562825335000;0.7;149.84
1380556833984591;21.5;34.7;Thu Jul 11 2019 08:12:21 GMT+0200 (CEST);Thu Jul 11 2019 06:12:21 GMT+0200 (CEST);1562825541000;0.77;160.36
1380556833984591;21.5;34.2;Thu Jul 11 2019 08:15:57 GMT+0200 (CEST);Thu Jul 11 2019 06:15:57 GMT+0200 (CEST);1562825757000;0.68;147.22
1380556833984591;23;34.3;Thu Jul 11 2019 08:19:10 GMT+0200 (CEST);Thu Jul 11 2019 06:19:10 GMT+0200 (CEST);1562825950000;0.8;172.13
1380556833984591;23.5;34.5;Thu Jul 11 2019 08:23:11 GMT+0200 (CEST);Thu Jul 11 2019 06:23:11 GMT+0200 (CEST);1562826191000;0.95;203.86
1380556833984591;24.5;34.6;Thu Jul 11 2019 08:26:28 GMT+0200 (CEST);Thu Jul 11 2019 06:26:28 GMT+0200 (CEST);1562826388000;1.25;262.95
1380556833984591;24.5;34.5;Thu Jul 11 2019 08:29:43 GMT+0200 (CEST);Thu Jul 11 2019 06:29:43 GMT+0200 (CEST);1562826583000;1.47;315.48
1380556833984591;25;34.5;Thu Jul 11 2019 08:32:57 GMT+0200 (CEST);Thu Jul 11 2019 06:32:57 GMT+0200 (CEST);1562826777000;1.43;295.11
1380556833984591;26.5;34.3;Thu Jul 11 2019 08:36:20 GMT+0200 (CEST);Thu Jul 11 2019 06:36:20 GMT+0200 (CEST);1562826980000;1.59;330.23
1380556833984591;27;34.1;Thu Jul 11 2019 08:39:35 GMT+0200 (CEST);Thu Jul 11 2019 06:39:35 GMT+0200 (CEST);1562827175000;1.51;314.82
1380556833984591;27;33.8;Thu Jul 11 2019 08:42:52 GMT+0200 (CEST);Thu Jul 11 2019 06:42:52 GMT+0200 (CEST);1562827372000;1.44;290.99
1380556833984591;28.5;33.8;Thu Jul 11 2019 08:46:27 GMT+0200 (CEST);Thu Jul 11 2019 06:46:27 GMT+0200 (CEST);1562827587000;1.23;245.28
1380556833984591;28.5;33.3;Thu Jul 11 2019 08:49:41 GMT+0200 (CEST);Thu Jul 11 2019 06:49:41 GMT+0200 (CEST);1562827781000;0.93;191.42
1380556833984591;28.5;33.3;Thu Jul 11 2019 08:52:57 GMT+0200 (CEST);Thu Jul 11 2019 06:52:57 GMT+0200 (CEST);1562827977000;0.86;180.31
1380556833984591;28.5;33.4;Thu Jul 11 2019 08:56:12 GMT+0200 (CEST);Thu Jul 11 2019 06:56:12 GMT+0200 (CEST);1562828172000;1.01;211.09
1380556833984591;28.5;33.6;Thu Jul 11 2019 08:59:25 GMT+0200 (CEST);Thu Jul 11 2019 06:59:25 GMT+0200 (CEST);1562828365000;1.16;239.53
1380556833984591;28.5;33.6;Thu Jul 11 2019 09:02:45 GMT+0200 (CEST);Thu Jul 11 2019 07:02:45 GMT+0200 (CEST);1562828565000;1.34;269.98
1380556833984591;29;33.2;Thu Jul 11 2019 09:04:44 GMT+0200 (CEST);Thu Jul 11 2019 07:04:44 GMT+0200 (CEST);1562828684000;1.13;228.63
1380556833984591;29;33.3;Thu Jul 11 2019 09:08:00 GMT+0200 (CEST);Thu Jul 11 2019 07:08:00 GMT+0200 (CEST);1562828880000;1.02;211.49
1380556833984591;29;33.6;Thu Jul 11 2019 09:11:16 GMT+0200 (CEST);Thu Jul 11 2019 07:11:16 GMT+0200 (CEST);1562829076000;1.1;229.66
1380556833984591;29;33.5;Thu Jul 11 2019 09:14:34 GMT+0200 (CEST);Thu Jul 11 2019 07:14:34 GMT+0200 (CEST);1562829274000;1.3;263.59
1380556833984591;29;33.6;Thu Jul 11 2019 09:17:54 GMT+0200 (CEST);Thu Jul 11 2019 07:17:54 GMT+0200 (CEST);1562829474000;1.38;280.07
1380556833984591;29;33.6;Thu Jul 11 2019 09:21:08 GMT+0200 (CEST);Thu Jul 11 2019 07:21:08 GMT+0200 (CEST);1562829668000;1.34;271.3
1380556833984591;30.5;33.2;Thu Jul 11 2019 09:24:21 GMT+0200 (CEST);Thu Jul 11 2019 07:24:21 GMT+0200 (CEST);1562829861000;1.03;212
1380556833984591;30.5;33.3;Thu Jul 11 2019 09:27:35 GMT+0200 (CEST);Thu Jul 11 2019 07:27:35 GMT+0200 (CEST);1562830055000;0.98;199.15
1380556833984591;30.5;33.4;Thu Jul 11 2019 09:30:55 GMT+0200 (CEST);Thu Jul 11 2019 07:30:55 GMT+0200 (CEST);1562830255000;1.1;220.42
1380556833984591;30.5;33.4;Thu Jul 11 2019 09:34:20 GMT+0200 (CEST);Thu Jul 11 2019 07:34:20 GMT+0200 (CEST);1562830460000;1.22;244.33
1380556833984591;30.5;33.4;Thu Jul 11 2019 09:37:34 GMT+0200 (CEST);Thu Jul 11 2019 07:37:34 GMT+0200 (CEST);1562830654000;1.31;260.02
1380556833984591;30.5;33.5;Thu Jul 11 2019 09:41:19 GMT+0200 (CEST);Thu Jul 11 2019 07:41:19 GMT+0200 (CEST);1562830879000;1.41;283.05
1380556833984591;30.5;33.4;Thu Jul 11 2019 09:44:34 GMT+0200 (CEST);Thu Jul 11 2019 07:44:34 GMT+0200 (CEST);1562831074000;1.39;278
1380556833984591;30.5;33.4;Thu Jul 11 2019 09:47:47 GMT+0200 (CEST);Thu Jul 11 2019 07:47:47 GMT+0200 (CEST);1562831267000;1.25;251.63
1380556833984591;30.5;33.4;Thu Jul 11 2019 09:51:00 GMT+0200 (CEST);Thu Jul 11 2019 07:51:00 GMT+0200 (CEST);1562831460000;1.34;274.88
1380556833984591;31.1;33.5;Thu Jul 11 2019 09:54:13 GMT+0200 (CEST);Thu Jul 11 2019 07:54:13 GMT+0200 (CEST);1562831653000;1.5;295.18
1380556833984591;31.1;33.4;Thu Jul 11 2019 09:57:30 GMT+0200 (CEST);Thu Jul 11 2019 07:57:30 GMT+0200 (CEST);1562831850000;1.42;279.58
1380556833984591;31.1;33.2;Thu Jul 11 2019 10:00:57 GMT+0200 (CEST);Thu Jul 11 2019 08:00:57 GMT+0200 (CEST);1562832057000;1.21;241.2
1380556833984591;31.1;33.3;Thu Jul 11 2019 10:04:15 GMT+0200 (CEST);Thu Jul 11 2019 08:04:15 GMT+0200 (CEST);1562832255000;1.33;265.01
1380556833984591;31.1;33.3;Thu Jul 11 2019 10:07:28 GMT+0200 (CEST);Thu Jul 11 2019 08:07:28 GMT+0200 (CEST);1562832448000;1.38;278.39
1380556833984591;31.1;33.4;Thu Jul 11 2019 10:11:02 GMT+0200 (CEST);Thu Jul 11 2019 08:11:02 GMT+0200 (CEST);1562832662000;1.6;325.64
1380556833984591;31.1;33.6;Thu Jul 11 2019 10:14:15 GMT+0200 (CEST);Thu Jul 11 2019 08:14:15 GMT+0200 (CEST);1562832855000;1.85;383.99
1380556833984591;31.1;33.6;Thu Jul 11 2019 10:17:39 GMT+0200 (CEST);Thu Jul 11 2019 08:17:39 GMT+0200 (CEST);1562833059000;2.52;478.71
1380556833984591;32.1;33.4;Thu Jul 11 2019 10:21:04 GMT+0200 (CEST);Thu Jul 11 2019 08:21:04 GMT+0200 (CEST);1562833264000;1.79;368.63
1380556833984591;32.1;33.1;Thu Jul 11 2019 10:23:51 GMT+0200 (CEST);Thu Jul 11 2019 08:23:51 GMT+0200 (CEST);1562833431000;1.76;358.39
1380556833984591;32.1;33.3;Thu Jul 11 2019 10:27:07 GMT+0200 (CEST);Thu Jul 11 2019 08:27:07 GMT+0200 (CEST);1562833627000;2.19;453.11
1380556833984591;34.6;33.3;Thu Jul 11 2019 10:30:20 GMT+0200 (CEST);Thu Jul 11 2019 08:30:20 GMT+0200 (CEST);1562833820000;2.69;542.71
1380556833984591;34.6;33.2;Thu Jul 11 2019 10:33:33 GMT+0200 (CEST);Thu Jul 11 2019 08:33:33 GMT+0200 (CEST);1562834013000;2.67;532.47
1380556833984591;35.1;32.7;Thu Jul 11 2019 10:36:55 GMT+0200 (CEST);Thu Jul 11 2019 08:36:55 GMT+0200 (CEST);1562834215000;3.07;698.66
1380556833984591;36.6;32.4;Thu Jul 11 2019 10:40:27 GMT+0200 (CEST);Thu Jul 11 2019 08:40:27 GMT+0200 (CEST);1562834427000;2.5;496.63
1380556833984591;36.6;32.3;Thu Jul 11 2019 10:43:41 GMT+0200 (CEST);Thu Jul 11 2019 08:43:41 GMT+0200 (CEST);1562834621000;1.85;371.19
1380556833984591;36.6;32.6;Thu Jul 11 2019 10:46:58 GMT+0200 (CEST);Thu Jul 11 2019 08:46:58 GMT+0200 (CEST);1562834818000;1.85;376.31
1380556833984591;37.6;32.7;Thu Jul 11 2019 10:50:12 GMT+0200 (CEST);Thu Jul 11 2019 08:50:12 GMT+0200 (CEST);1562835012000;1.85;368.63
1380556833984591;37.6;32.9;Thu Jul 11 2019 10:52:01 GMT+0200 (CEST);Thu Jul 11 2019 08:52:01 GMT+0200 (CEST);1562835121000;1.8;368.63
1380556833984591;36.6;33;Thu Jul 11 2019 10:55:15 GMT+0200 (CEST);Thu Jul 11 2019 08:55:15 GMT+0200 (CEST);1562835315000;2.02;414.71
1380556833984591;36.6;33.2;Thu Jul 11 2019 10:58:43 GMT+0200 (CEST);Thu Jul 11 2019 08:58:43 GMT+0200 (CEST);1562835523000;2.49;509.43
1380556833984591;36.6;33.1;Thu Jul 11 2019 11:01:58 GMT+0200 (CEST);Thu Jul 11 2019 09:01:58 GMT+0200 (CEST);1562835718000;2.39;478.71
1380556833984591;36.6;32.8;Thu Jul 11 2019 11:05:17 GMT+0200 (CEST);Thu Jul 11 2019 09:05:17 GMT+0200 (CEST);1562835917000;2.06;412.15
1380556833984591;37.1;32.8;Thu Jul 11 2019 11:08:38 GMT+0200 (CEST);Thu Jul 11 2019 09:08:38 GMT+0200 (CEST);1562836118000;1.92;386.55
1380556833984591;37.1;32.9;Thu Jul 11 2019 11:11:53 GMT+0200 (CEST);Thu Jul 11 2019 09:11:53 GMT+0200 (CEST);1562836313000;1.77;353.27
1380556833984591;36.6;32.8;Thu Jul 11 2019 11:13:49 GMT+0200 (CEST);Thu Jul 11 2019 09:13:49 GMT+0200 (CEST);1562836429000;1.67;337.91
1380556833984591;36.6;32.8;Thu Jul 11 2019 11:17:04 GMT+0200 (CEST);Thu Jul 11 2019 09:17:04 GMT+0200 (CEST);1562836624000;1.72;345.59
1380556833984591;36.6;33;Thu Jul 11 2019 11:20:26 GMT+0200 (CEST);Thu Jul 11 2019 09:20:26 GMT+0200 (CEST);1562836826000;1.76;355.83
1380556833984591;36.6;33.1;Thu Jul 11 2019 11:23:45 GMT+0200 (CEST);Thu Jul 11 2019 09:23:45 GMT+0200 (CEST);1562837025000;1.89;383.99
1380556833984591;36.6;33.1;Thu Jul 11 2019 11:26:59 GMT+0200 (CEST);Thu Jul 11 2019 09:26:59 GMT+0200 (CEST);1562837219000;1.91;386.55
1380556833984591;36.6;33.1;Thu Jul 11 2019 11:30:21 GMT+0200 (CEST);Thu Jul 11 2019 09:30:21 GMT+0200 (CEST);1562837421000;2.13;430.07
1380556833984591;36.6;33.2;Thu Jul 11 2019 11:33:38 GMT+0200 (CEST);Thu Jul 11 2019 09:33:38 GMT+0200 (CEST);1562837618000;2.27;460.79
1380556833984591;36.6;32.9;Thu Jul 11 2019 11:36:57 GMT+0200 (CEST);Thu Jul 11 2019 09:36:57 GMT+0200 (CEST);1562837817000;2.92;581.11
1380556833984591;36.6;32.6;Thu Jul 11 2019 11:40:09 GMT+0200 (CEST);Thu Jul 11 2019 09:40:09 GMT+0200 (CEST);1562838009000;2.72;540.15
1380556833984591;36.6;32.6;Thu Jul 11 2019 11:43:27 GMT+0200 (CEST);Thu Jul 11 2019 09:43:27 GMT+0200 (CEST);1562838207000;2.69;532.47
1380556833984591;36.6;32.7;Thu Jul 11 2019 11:46:41 GMT+0200 (CEST);Thu Jul 11 2019 09:46:41 GMT+0200 (CEST);1562838401000;2.71;511.99
1380556833984591;38.6;32.5;Thu Jul 11 2019 11:49:58 GMT+0200 (CEST);Thu Jul 11 2019 09:49:58 GMT+0200 (CEST);1562838598000;2.6;506.87
1380556833984591;38.6;32.6;Thu Jul 11 2019 11:53:51 GMT+0200 (CEST);Thu Jul 11 2019 09:53:51 GMT+0200 (CEST);1562838831000;2.1;417.27
1380556833984591;38.6;32.8;Thu Jul 11 2019 11:57:04 GMT+0200 (CEST);Thu Jul 11 2019 09:57:04 GMT+0200 (CEST);1562839024000;2.1;414.71
1380556833984591;38.6;32.9;Thu Jul 11 2019 12:00:17 GMT+0200 (CEST);Thu Jul 11 2019 10:00:17 GMT+0200 (CEST);1562839217000;2.15;427.51
1380556833984591;38.6;33;Thu Jul 11 2019 12:03:35 GMT+0200 (CEST);Thu Jul 11 2019 10:03:35 GMT+0200 (CEST);1562839415000;2.14;419.83
1380556833984591;37.1;32.9;Thu Jul 11 2019 12:06:56 GMT+0200 (CEST);Thu Jul 11 2019 10:06:56 GMT+0200 (CEST);1562839616000;1.96;386.55
1380556833984591;37.1;33;Thu Jul 11 2019 12:10:12 GMT+0200 (CEST);Thu Jul 11 2019 10:10:12 GMT+0200 (CEST);1562839812000;1.86;371.19
1380556833984591;37.1;32.9;Thu Jul 11 2019 12:13:38 GMT+0200 (CEST);Thu Jul 11 2019 10:13:38 GMT+0200 (CEST);1562840018000;1.7;340.47
1380556833984591;36.6;33;Thu Jul 11 2019 12:16:59 GMT+0200 (CEST);Thu Jul 11 2019 10:16:59 GMT+0200 (CEST);1562840219000;1.71;343.03
1380556833984591;36.6;33;Thu Jul 11 2019 12:20:12 GMT+0200 (CEST);Thu Jul 11 2019 10:20:12 GMT+0200 (CEST);1562840412000;1.79;355.83
1380556833984591;36.6;33;Thu Jul 11 2019 12:23:28 GMT+0200 (CEST);Thu Jul 11 2019 10:23:28 GMT+0200 (CEST);1562840608000;1.76;350.71
1380556833984591;36.6;33;Thu Jul 11 2019 12:26:41 GMT+0200 (CEST);Thu Jul 11 2019 10:26:41 GMT+0200 (CEST);1562840801000;1.76;350.71
1380556833984591;36.6;33.2;Thu Jul 11 2019 12:29:55 GMT+0200 (CEST);Thu Jul 11 2019 10:29:55 GMT+0200 (CEST);1562840995000;1.74;345.59
1380556833984591;36.6;33.2;Thu Jul 11 2019 12:31:50 GMT+0200 (CEST);Thu Jul 11 2019 10:31:50 GMT+0200 (CEST);1562841110000;1.77;353.27
1380556833984591;36.6;33.3;Thu Jul 11 2019 12:35:06 GMT+0200 (CEST);Thu Jul 11 2019 10:35:06 GMT+0200 (CEST);1562841306000;1.75;350.71
1380556833984591;35.1;33.2;Thu Jul 11 2019 12:38:21 GMT+0200 (CEST);Thu Jul 11 2019 10:38:21 GMT+0200 (CEST);1562841501000;1.62;321.97
1380556833984591;35.1;33;Thu Jul 11 2019 12:41:39 GMT+0200 (CEST);Thu Jul 11 2019 10:41:39 GMT+0200 (CEST);1562841699000;1.51;301.85
1380556833984591;35.1;33.2;Thu Jul 11 2019 12:45:09 GMT+0200 (CEST);Thu Jul 11 2019 10:45:09 GMT+0200 (CEST);1562841909000;1.59;318.52
1380556833984591;35.1;33.2;Thu Jul 11 2019 12:48:30 GMT+0200 (CEST);Thu Jul 11 2019 10:48:30 GMT+0200 (CEST);1562842110000;1.55;314.22
1380556833984591;34.6;33.2;Thu Jul 11 2019 12:51:43 GMT+0200 (CEST);Thu Jul 11 2019 10:51:43 GMT+0200 (CEST);1562842303000;1.53;305.8
1380556833984591;34.6;33.3;Thu Jul 11 2019 12:55:02 GMT+0200 (CEST);Thu Jul 11 2019 10:55:02 GMT+0200 (CEST);1562842502000;1.45;288.25
1380556833984591;34.6;33.3;Thu Jul 11 2019 12:58:23 GMT+0200 (CEST);Thu Jul 11 2019 10:58:23 GMT+0200 (CEST);1562842703000;1.47;292.09
1380556833984591;34.6;33.3;Thu Jul 11 2019 13:01:44 GMT+0200 (CEST);Thu Jul 11 2019 11:01:44 GMT+0200 (CEST);1562842904000;1.41;279.98
1380556833984591;34.6;33.4;Thu Jul 11 2019 13:04:59 GMT+0200 (CEST);Thu Jul 11 2019 11:04:59 GMT+0200 (CEST);1562843099000;1.47;291.53
1380556833984591;33.1;33.5;Thu Jul 11 2019 13:08:15 GMT+0200 (CEST);Thu Jul 11 2019 11:08:15 GMT+0200 (CEST);1562843295000;1.51;300.88
1380556833984591;32.1;33.2;Thu Jul 11 2019 13:11:33 GMT+0200 (CEST);Thu Jul 11 2019 11:11:33 GMT+0200 (CEST);1562843493000;1.34;265.17
1380556833984591;32.1;33.3;Thu Jul 11 2019 13:14:47 GMT+0200 (CEST);Thu Jul 11 2019 11:14:47 GMT+0200 (CEST);1562843687000;1.32;264.28
1380556833984591;32.1;33.4;Thu Jul 11 2019 13:18:20 GMT+0200 (CEST);Thu Jul 11 2019 11:18:20 GMT+0200 (CEST);1562843900000;1.41;279
1380556833984591;32.1;33.5;Thu Jul 11 2019 13:21:34 GMT+0200 (CEST);Thu Jul 11 2019 11:21:34 GMT+0200 (CEST);1562844094000;1.52;298.33
1380556833984591;32.1;33.6;Thu Jul 11 2019 13:25:02 GMT+0200 (CEST);Thu Jul 11 2019 11:25:02 GMT+0200 (CEST);1562844302000;1.6;319.6
1380556833984591;32.1;33.5;Thu Jul 11 2019 13:28:16 GMT+0200 (CEST);Thu Jul 11 2019 11:28:16 GMT+0200 (CEST);1562844496000;1.75;345.59
1380556833984591;32.1;33.6;Thu Jul 11 2019 13:31:34 GMT+0200 (CEST);Thu Jul 11 2019 11:31:34 GMT+0200 (CEST);1562844694000;1.79;355.83
1380556833984591;32.1;33.6;Thu Jul 11 2019 13:34:48 GMT+0200 (CEST);Thu Jul 11 2019 11:34:48 GMT+0200 (CEST);1562844888000;1.94;381.43
1380556833984591;32.1;33.5;Thu Jul 11 2019 13:38:01 GMT+0200 (CEST);Thu Jul 11 2019 11:38:01 GMT+0200 (CEST);1562845081000;1.99;391.67
1380556833984591;32.1;33.4;Thu Jul 11 2019 13:41:23 GMT+0200 (CEST);Thu Jul 11 2019 11:41:23 GMT+0200 (CEST);1562845283000;2.02;399.35
1380556833984591;32.1;33.3;Thu Jul 11 2019 13:44:36 GMT+0200 (CEST);Thu Jul 11 2019 11:44:36 GMT+0200 (CEST);1562845476000;1.75;348.15
1380556833984591;32.1;33;Thu Jul 11 2019 13:47:55 GMT+0200 (CEST);Thu Jul 11 2019 11:47:55 GMT+0200 (CEST);1562845675000;1.37;276.44
1380556833984591;34.6;33.4;Thu Jul 11 2019 13:51:22 GMT+0200 (CEST);Thu Jul 11 2019 11:51:22 GMT+0200 (CEST);1562845882000;1.52;302.41
1380556833984591;32.1;33.7;Thu Jul 11 2019 13:54:35 GMT+0200 (CEST);Thu Jul 11 2019 11:54:35 GMT+0200 (CEST);1562846075000;1.75;343.03
1380556833984591;32.1;33.5;Thu Jul 11 2019 13:57:50 GMT+0200 (CEST);Thu Jul 11 2019 11:57:50 GMT+0200 (CEST);1562846270000;1.65;324.54
1380556833984591;32.1;33.2;Thu Jul 11 2019 14:01:11 GMT+0200 (CEST);Thu Jul 11 2019 12:01:11 GMT+0200 (CEST);1562846471000;1.37;269.51
1380556833984591;32.1;33.3;Thu Jul 11 2019 14:04:25 GMT+0200 (CEST);Thu Jul 11 2019 12:04:25 GMT+0200 (CEST);1562846665000;1.2;234.98
1380556833984591;32.1;33.3;Thu Jul 11 2019 14:07:38 GMT+0200 (CEST);Thu Jul 11 2019 12:07:38 GMT+0200 (CEST);1562846858000;1.13;222.93
1380556833984591;31.1;33.6;Thu Jul 11 2019 14:11:03 GMT+0200 (CEST);Thu Jul 11 2019 12:11:03 GMT+0200 (CEST);1562847063000;1.17;227.82
1380556833984591;31.1;33.6;Thu Jul 11 2019 14:14:18 GMT+0200 (CEST);Thu Jul 11 2019 12:14:18 GMT+0200 (CEST);1562847258000;1.13;223.88
1380556833984591;31.1;33.8;Thu Jul 11 2019 14:17:35 GMT+0200 (CEST);Thu Jul 11 2019 12:17:35 GMT+0200 (CEST);1562847455000;1.11;216.8
1380556833984591;30.5;33.7;Thu Jul 11 2019 14:21:01 GMT+0200 (CEST);Thu Jul 11 2019 12:21:01 GMT+0200 (CEST);1562847661000;1.03;204.58
1380556833984591;29;33.8;Thu Jul 11 2019 14:24:15 GMT+0200 (CEST);Thu Jul 11 2019 12:24:15 GMT+0200 (CEST);1562847855000;0.93;180.35
1380556833984591;28.5;33.9;Thu Jul 11 2019 14:27:31 GMT+0200 (CEST);Thu Jul 11 2019 12:27:31 GMT+0200 (CEST);1562848051000;0.83;163.19
1380556833984591;28.5;34.3;Thu Jul 11 2019 14:31:02 GMT+0200 (CEST);Thu Jul 11 2019 12:31:02 GMT+0200 (CEST);1562848262000;0.8;154.02
1380556833984591;26.5;34.1;Thu Jul 11 2019 14:34:26 GMT+0200 (CEST);Thu Jul 11 2019 12:34:26 GMT+0200 (CEST);1562848466000;0.71;141.05
1380556833984591;26.5;34.3;Thu Jul 11 2019 14:37:40 GMT+0200 (CEST);Thu Jul 11 2019 12:37:40 GMT+0200 (CEST);1562848660000;0.63;124.65
1380556833984591;26.5;34.2;Thu Jul 11 2019 14:40:58 GMT+0200 (CEST);Thu Jul 11 2019 12:40:58 GMT+0200 (CEST);1562848858000;0.64;127.91
1380556833984591;26.5;34.4;Thu Jul 11 2019 14:44:11 GMT+0200 (CEST);Thu Jul 11 2019 12:44:11 GMT+0200 (CEST);1562849051000;0.7;138.33
1380556833984591;24.5;34.5;Thu Jul 11 2019 14:47:26 GMT+0200 (CEST);Thu Jul 11 2019 12:47:26 GMT+0200 (CEST);1562849246000;0.74;143.43
1380556833984591;23;34.5;Thu Jul 11 2019 14:50:49 GMT+0200 (CEST);Thu Jul 11 2019 12:50:49 GMT+0200 (CEST);1562849449000;0.72;138.93
1380556833984591;23;34.5;Thu Jul 11 2019 14:53:22 GMT+0200 (CEST);Thu Jul 11 2019 12:53:22 GMT+0200 (CEST);1562849602000;0.73;142.71
1380556833984591;23;34.8;Thu Jul 11 2019 14:56:49 GMT+0200 (CEST);Thu Jul 11 2019 12:56:49 GMT+0200 (CEST);1562849809000;0.88;169.69
1380556833984591;23;35;Thu Jul 11 2019 15:00:15 GMT+0200 (CEST);Thu Jul 11 2019 13:00:15 GMT+0200 (CEST);1562850015000;1.02;201.38
1380556833984591;23;35.1;Thu Jul 11 2019 15:04:03 GMT+0200 (CEST);Thu Jul 11 2019 13:04:03 GMT+0200 (CEST);1562850243000;1.2;227.31
1380556833984591;24.5;35.1;Thu Jul 11 2019 15:07:42 GMT+0200 (CEST);Thu Jul 11 2019 13:07:42 GMT+0200 (CEST);1562850462000;1.26;236.19
1380556833984591;24.5;35.1;Thu Jul 11 2019 15:11:35 GMT+0200 (CEST);Thu Jul 11 2019 13:11:35 GMT+0200 (CEST);1562850695000;1.31;249.92
1380556833984591;25;35.1;Thu Jul 11 2019 15:14:52 GMT+0200 (CEST);Thu Jul 11 2019 13:14:52 GMT+0200 (CEST);1562850892000;1.37;258.16
1380556833984591;25;35.1;Thu Jul 11 2019 15:18:06 GMT+0200 (CEST);Thu Jul 11 2019 13:18:06 GMT+0200 (CEST);1562851086000;1.35;254.4
1380556833984591;25;34.9;Thu Jul 11 2019 15:21:25 GMT+0200 (CEST);Thu Jul 11 2019 13:21:25 GMT+0200 (CEST);1562851285000;1.31;243.81
1380556833984591;25;34.8;Thu Jul 11 2019 15:24:47 GMT+0200 (CEST);Thu Jul 11 2019 13:24:47 GMT+0200 (CEST);1562851487000;1.21;230.83
1380556833984591;25;34.7;Thu Jul 11 2019 15:28:01 GMT+0200 (CEST);Thu Jul 11 2019 13:28:01 GMT+0200 (CEST);1562851681000;1.12;214.47
1380556833984591;25;34.7;Thu Jul 11 2019 15:29:58 GMT+0200 (CEST);Thu Jul 11 2019 13:29:58 GMT+0200 (CEST);1562851798000;1.07;203.57
1380556833984591;25;34.7;Thu Jul 11 2019 15:33:12 GMT+0200 (CEST);Thu Jul 11 2019 13:33:12 GMT+0200 (CEST);1562851992000;1.05;199.78
1380556833984591;25;34.7;Thu Jul 11 2019 15:36:32 GMT+0200 (CEST);Thu Jul 11 2019 13:36:32 GMT+0200 (CEST);1562852192000;1.07;206.3
1380556833984591;26.5;34.8;Thu Jul 11 2019 15:39:58 GMT+0200 (CEST);Thu Jul 11 2019 13:39:58 GMT+0200 (CEST);1562852398000;1.2;232.46
1380556833984591;26.5;35.1;Thu Jul 11 2019 15:43:12 GMT+0200 (CEST);Thu Jul 11 2019 13:43:12 GMT+0200 (CEST);1562852592000;1.32;257.4
1380556833984591;26.5;34.9;Thu Jul 11 2019 15:46:37 GMT+0200 (CEST);Thu Jul 11 2019 13:46:37 GMT+0200 (CEST);1562852797000;1.39;268.1
1380556833984591;26.5;35;Thu Jul 11 2019 15:49:50 GMT+0200 (CEST);Thu Jul 11 2019 13:49:50 GMT+0200 (CEST);1562852990000;1.3;252.38
1380556833984591;25;34.8;Thu Jul 11 2019 15:53:05 GMT+0200 (CEST);Thu Jul 11 2019 13:53:05 GMT+0200 (CEST);1562853185000;1.08;210.29
1380556833984591;25;34.6;Thu Jul 11 2019 15:57:11 GMT+0200 (CEST);Thu Jul 11 2019 13:57:11 GMT+0200 (CEST);1562853431000;0.97;189.61
1380556833984591;26.5;34.2;Thu Jul 11 2019 16:00:26 GMT+0200 (CEST);Thu Jul 11 2019 14:00:26 GMT+0200 (CEST);1562853626000;0.66;132.51
1380556833984591;25;32.7;Thu Jul 11 2019 16:03:59 GMT+0200 (CEST);Thu Jul 11 2019 14:03:59 GMT+0200 (CEST);1562853839000;0.37;74.59
1380556833984591;23;32;Thu Jul 11 2019 16:07:20 GMT+0200 (CEST);Thu Jul 11 2019 14:07:20 GMT+0200 (CEST);1562854040000;0.24;50.19
1380556833984591;23;31.3;Thu Jul 11 2019 16:10:46 GMT+0200 (CEST);Thu Jul 11 2019 14:10:46 GMT+0200 (CEST);1562854246000;0.16;34.46
1380556833984591;23;31.2;Thu Jul 11 2019 16:14:02 GMT+0200 (CEST);Thu Jul 11 2019 14:14:02 GMT+0200 (CEST);1562854442000;0.09;24.79
1380556833984591;22.5;31.3;Thu Jul 11 2019 16:17:19 GMT+0200 (CEST);Thu Jul 11 2019 14:17:19 GMT+0200 (CEST);1562854639000;0.1;27.79
1380556833984591;21;31.2;Thu Jul 11 2019 16:20:51 GMT+0200 (CEST);Thu Jul 11 2019 14:20:51 GMT+0200 (CEST);1562854851000;0.07;23.58
1380556833984591;21;31.3;Thu Jul 11 2019 16:24:05 GMT+0200 (CEST);Thu Jul 11 2019 14:24:05 GMT+0200 (CEST);1562855045000;0.07;25.23
1380556833984591;20.5;31.2;Thu Jul 11 2019 16:27:22 GMT+0200 (CEST);Thu Jul 11 2019 14:27:22 GMT+0200 (CEST);1562855242000;0.15;40.7
1380556833984591;20.5;32;Thu Jul 11 2019 16:30:35 GMT+0200 (CEST);Thu Jul 11 2019 14:30:35 GMT+0200 (CEST);1562855435000;0.2;50.67
1380556833984591;20.5;32.4;Thu Jul 11 2019 16:33:53 GMT+0200 (CEST);Thu Jul 11 2019 14:33:53 GMT+0200 (CEST);1562855633000;0.31;71.1
1380556833984591;20.5;33.2;Thu Jul 11 2019 16:37:43 GMT+0200 (CEST);Thu Jul 11 2019 14:37:43 GMT+0200 (CEST);1562855863000;0.45;94.21
1380556833984591;20.5;34.3;Thu Jul 11 2019 16:41:08 GMT+0200 (CEST);Thu Jul 11 2019 14:41:08 GMT+0200 (CEST);1562856068000;0.53;111.53
1380556833984591;21;34.3;Thu Jul 11 2019 16:44:23 GMT+0200 (CEST);Thu Jul 11 2019 14:44:23 GMT+0200 (CEST);1562856263000;0.58;121.26
1380556833984591;21;34.4;Thu Jul 11 2019 16:47:40 GMT+0200 (CEST);Thu Jul 11 2019 14:47:40 GMT+0200 (CEST);1562856460000;0.62;128.27
1380556833984591;22.5;34.3;Thu Jul 11 2019 16:51:14 GMT+0200 (CEST);Thu Jul 11 2019 14:51:14 GMT+0200 (CEST);1562856674000;0.56;116.58
1380556833984591;22.5;34.1;Thu Jul 11 2019 16:54:55 GMT+0200 (CEST);Thu Jul 11 2019 14:54:55 GMT+0200 (CEST);1562856895000;0.47;100.06
1380556833984591;22.5;34.1;Thu Jul 11 2019 16:58:11 GMT+0200 (CEST);Thu Jul 11 2019 14:58:11 GMT+0200 (CEST);1562857091000;0.5;103.05
1380556833984591;22.5;34.3;Thu Jul 11 2019 17:01:30 GMT+0200 (CEST);Thu Jul 11 2019 15:01:30 GMT+0200 (CEST);1562857290000;0.53;110.43
1380556833984591;22.5;34.4;Thu Jul 11 2019 17:04:53 GMT+0200 (CEST);Thu Jul 11 2019 15:04:53 GMT+0200 (CEST);1562857493000;0.56;118.01
1380556833984591;22.5;34.4;Thu Jul 11 2019 17:08:19 GMT+0200 (CEST);Thu Jul 11 2019 15:08:19 GMT+0200 (CEST);1562857699000;0.56;117
1380556833984591;22.5;33.9;Thu Jul 11 2019 17:11:34 GMT+0200 (CEST);Thu Jul 11 2019 15:11:34 GMT+0200 (CEST);1562857894000;0.53;108.86
1380556833984591;22.5;33.5;Thu Jul 11 2019 17:14:49 GMT+0200 (CEST);Thu Jul 11 2019 15:14:49 GMT+0200 (CEST);1562858089000;0.47;96.69
1380556833984591;21;33;Thu Jul 11 2019 17:18:02 GMT+0200 (CEST);Thu Jul 11 2019 15:18:02 GMT+0200 (CEST);1562858282000;0.35;75.65
1380556833984591;21;32.5;Thu Jul 11 2019 17:21:39 GMT+0200 (CEST);Thu Jul 11 2019 15:21:39 GMT+0200 (CEST);1562858499000;0.27;64.36
1380556833984591;21;31.7;Thu Jul 11 2019 17:24:52 GMT+0200 (CEST);Thu Jul 11 2019 15:24:52 GMT+0200 (CEST);1562858692000;0.2;48.96
1380556833984591;20.5;31.6;Thu Jul 11 2019 17:28:10 GMT+0200 (CEST);Thu Jul 11 2019 15:28:10 GMT+0200 (CEST);1562858890000;0.18;45.47
1380556833984591;20.5;32.1;Thu Jul 11 2019 17:31:34 GMT+0200 (CEST);Thu Jul 11 2019 15:31:34 GMT+0200 (CEST);1562859094000;0.14;40.31
1380556833984591;20.5;31.4;Thu Jul 11 2019 17:34:47 GMT+0200 (CEST);Thu Jul 11 2019 15:34:47 GMT+0200 (CEST);1562859287000;0.13;36.02
1380556833984591;20.5;31.3;Thu Jul 11 2019 17:38:06 GMT+0200 (CEST);Thu Jul 11 2019 15:38:06 GMT+0200 (CEST);1562859486000;0.09;29.6
1380556833984591;19;31.3;Thu Jul 11 2019 17:41:27 GMT+0200 (CEST);Thu Jul 11 2019 15:41:27 GMT+0200 (CEST);1562859687000;0.11;32.78
1380556833984591;19;31.4;Thu Jul 11 2019 17:44:43 GMT+0200 (CEST);Thu Jul 11 2019 15:44:43 GMT+0200 (CEST);1562859883000;0.13;37.23
1380556833984591;19;31.7;Thu Jul 11 2019 17:48:12 GMT+0200 (CEST);Thu Jul 11 2019 15:48:12 GMT+0200 (CEST);1562860092000;0.12;35.19
1380556833984591;19;31.7;Thu Jul 11 2019 17:51:54 GMT+0200 (CEST);Thu Jul 11 2019 15:51:54 GMT+0200 (CEST);1562860314000;0.08;28.28
1380556833984591;19;31.4;Thu Jul 11 2019 17:55:20 GMT+0200 (CEST);Thu Jul 11 2019 15:55:20 GMT+0200 (CEST);1562860520000;0.07;27.42
1380556833984591;18.5;31.5;Thu Jul 11 2019 17:58:37 GMT+0200 (CEST);Thu Jul 11 2019 15:58:37 GMT+0200 (CEST);1562860717000;0.07;26.43
1380556833984591;18.5;31.6;Thu Jul 11 2019 18:01:51 GMT+0200 (CEST);Thu Jul 11 2019 16:01:51 GMT+0200 (CEST);1562860911000;0.12;35.96
1380556833984591;18.5;31.8;Thu Jul 11 2019 18:05:06 GMT+0200 (CEST);Thu Jul 11 2019 16:05:06 GMT+0200 (CEST);1562861106000;0.16;42.9
1380556833984591;18.5;31.5;Thu Jul 11 2019 18:08:25 GMT+0200 (CEST);Thu Jul 11 2019 16:08:25 GMT+0200 (CEST);1562861305000;0.14;35.97
1380556833984591;19;32.4;Thu Jul 11 2019 18:11:46 GMT+0200 (CEST);Thu Jul 11 2019 16:11:46 GMT+0200 (CEST);1562861506000;0.21;50
1380556833984591;19;32.3;Thu Jul 11 2019 18:15:12 GMT+0200 (CEST);Thu Jul 11 2019 16:15:12 GMT+0200 (CEST);1562861712000;0.24;57.22
1380556833984591;19;31.7;Thu Jul 11 2019 18:18:36 GMT+0200 (CEST);Thu Jul 11 2019 16:18:36 GMT+0200 (CEST);1562861916000;0.18;47.51
1380556833984591;19;31.8;Thu Jul 11 2019 18:21:54 GMT+0200 (CEST);Thu Jul 11 2019 16:21:54 GMT+0200 (CEST);1562862114000;0.18;44.28
1380556833984591;19;32;Thu Jul 11 2019 18:25:09 GMT+0200 (CEST);Thu Jul 11 2019 16:25:09 GMT+0200 (CEST);1562862309000;0.17;45.27
1380556833984591;19;31.9;Thu Jul 11 2019 18:28:24 GMT+0200 (CEST);Thu Jul 11 2019 16:28:24 GMT+0200 (CEST);1562862504000;0.2;51.17
1380556833984591;19;32.3;Thu Jul 11 2019 18:31:39 GMT+0200 (CEST);Thu Jul 11 2019 16:31:39 GMT+0200 (CEST);1562862699000;0.3;68.38
1380556833984591;20.5;33.6;Thu Jul 11 2019 18:35:01 GMT+0200 (CEST);Thu Jul 11 2019 16:35:01 GMT+0200 (CEST);1562862901000;0.4;87.6
1380556833984591;20.5;33.4;Thu Jul 11 2019 18:38:31 GMT+0200 (CEST);Thu Jul 11 2019 16:38:31 GMT+0200 (CEST);1562863111000;0.43;90.87
1380556833984591;20.5;33.4;Thu Jul 11 2019 18:42:08 GMT+0200 (CEST);Thu Jul 11 2019 16:42:08 GMT+0200 (CEST);1562863328000;0.41;86.19
1380556833984591;20.5;33.4;Thu Jul 11 2019 18:45:23 GMT+0200 (CEST);Thu Jul 11 2019 16:45:23 GMT+0200 (CEST);1562863523000;0.39;82.93
1380556833984591;20.5;33.1;Thu Jul 11 2019 18:48:37 GMT+0200 (CEST);Thu Jul 11 2019 16:48:37 GMT+0200 (CEST);1562863717000;0.37;77.85
1380556833984591;20.5;33.1;Thu Jul 11 2019 18:51:53 GMT+0200 (CEST);Thu Jul 11 2019 16:51:53 GMT+0200 (CEST);1562863913000;0.34;73.58
1380556833984591;20.5;33.2;Thu Jul 11 2019 18:55:06 GMT+0200 (CEST);Thu Jul 11 2019 16:55:06 GMT+0200 (CEST);1562864106000;0.34;74.33
1380556833984591;20.5;33.1;Thu Jul 11 2019 18:58:22 GMT+0200 (CEST);Thu Jul 11 2019 16:58:22 GMT+0200 (CEST);1562864302000;0.32;72.15
1380556833984591;20.5;32.4;Thu Jul 11 2019 19:01:37 GMT+0200 (CEST);Thu Jul 11 2019 17:01:37 GMT+0200 (CEST);1562864497000;0.24;58.12
1380556833984591;20.5;32;Thu Jul 11 2019 19:04:59 GMT+0200 (CEST);Thu Jul 11 2019 17:04:59 GMT+0200 (CEST);1562864699000;0.17;43.52
1380556833984591;20.5;31.6;Thu Jul 11 2019 19:08:36 GMT+0200 (CEST);Thu Jul 11 2019 17:08:36 GMT+0200 (CEST);1562864916000;0.14;37.52
1380556833984591;19;31.6;Thu Jul 11 2019 19:11:51 GMT+0200 (CEST);Thu Jul 11 2019 17:11:51 GMT+0200 (CEST);1562865111000;0.08;28.6
1380556833984591;19;31.4;Thu Jul 11 2019 19:15:07 GMT+0200 (CEST);Thu Jul 11 2019 17:15:07 GMT+0200 (CEST);1562865307000;0.09;31.89
1380556833984591;19;31.7;Thu Jul 11 2019 19:18:21 GMT+0200 (CEST);Thu Jul 11 2019 17:18:21 GMT+0200 (CEST);1562865501000;0.14;41.44
1380556833984591;19;31.7;Thu Jul 11 2019 19:21:42 GMT+0200 (CEST);Thu Jul 11 2019 17:21:42 GMT+0200 (CEST);1562865702000;0.17;47.07
1380556833984591;19;32;Thu Jul 11 2019 19:25:04 GMT+0200 (CEST);Thu Jul 11 2019 17:25:04 GMT+0200 (CEST);1562865904000;0.16;44.52
1380556833984591;19;31.8;Thu Jul 11 2019 19:28:17 GMT+0200 (CEST);Thu Jul 11 2019 17:28:17 GMT+0200 (CEST);1562866097000;0.13;39.42
1380556833984591;19;31.6;Thu Jul 11 2019 19:31:35 GMT+0200 (CEST);Thu Jul 11 2019 17:31:35 GMT+0200 (CEST);1562866295000;0.13;37.21
1380556833984591;19;31.7;Thu Jul 11 2019 19:34:48 GMT+0200 (CEST);Thu Jul 11 2019 17:34:48 GMT+0200 (CEST);1562866488000;0.13;38.45
1380556833984591;19;32.2;Thu Jul 11 2019 19:38:04 GMT+0200 (CEST);Thu Jul 11 2019 17:38:04 GMT+0200 (CEST);1562866684000;0.2;50.16
1380556833984591;19;32.3;Thu Jul 11 2019 19:41:31 GMT+0200 (CEST);Thu Jul 11 2019 17:41:31 GMT+0200 (CEST);1562866891000;0.26;61.17
1380556833984591;19;32.8;Thu Jul 11 2019 19:44:46 GMT+0200 (CEST);Thu Jul 11 2019 17:44:46 GMT+0200 (CEST);1562867086000;0.26;61.34
1380556833984591;20.5;32.4;Thu Jul 11 2019 19:48:01 GMT+0200 (CEST);Thu Jul 11 2019 17:48:01 GMT+0200 (CEST);1562867281000;0.22;53.38
1380556833984591;20.5;32.3;Thu Jul 11 2019 19:51:37 GMT+0200 (CEST);Thu Jul 11 2019 17:51:37 GMT+0200 (CEST);1562867497000;0.23;55.98
1380556833984591;20.5;32.4;Thu Jul 11 2019 19:54:52 GMT+0200 (CEST);Thu Jul 11 2019 17:54:52 GMT+0200 (CEST);1562867692000;0.24;57.14
1380556833984591;20.5;32.8;Thu Jul 11 2019 19:58:07 GMT+0200 (CEST);Thu Jul 11 2019 17:58:07 GMT+0200 (CEST);1562867887000;0.26;60
1380556833984591;20;32.5;Thu Jul 11 2019 20:01:20 GMT+0200 (CEST);Thu Jul 11 2019 18:01:20 GMT+0200 (CEST);1562868080000;0.32;71.92
1380556833984591;20;33.2;Thu Jul 11 2019 20:04:37 GMT+0200 (CEST);Thu Jul 11 2019 18:04:37 GMT+0200 (CEST);1562868277000;0.33;73.25
1380556833984591;20.5;32.6;Thu Jul 11 2019 20:07:51 GMT+0200 (CEST);Thu Jul 11 2019 18:07:51 GMT+0200 (CEST);1562868471000;0.28;63.84
1380556833984591;20.5;32.5;Thu Jul 11 2019 20:11:16 GMT+0200 (CEST);Thu Jul 11 2019 18:11:16 GMT+0200 (CEST);1562868676000;0.22;53.4
1380556833984591;20.5;32.1;Thu Jul 11 2019 20:14:29 GMT+0200 (CEST);Thu Jul 11 2019 18:14:29 GMT+0200 (CEST);1562868869000;0.17;44.04
1380556833984591;20.5;31.4;Thu Jul 11 2019 20:17:55 GMT+0200 (CEST);Thu Jul 11 2019 18:17:55 GMT+0200 (CEST);1562869075000;0.11;34.99
1380556833984591;20.5;31.3;Thu Jul 11 2019 20:21:22 GMT+0200 (CEST);Thu Jul 11 2019 18:21:22 GMT+0200 (CEST);1562869282000;0.07;27.49
1380556833984591;20.5;31.3;Thu Jul 11 2019 20:24:38 GMT+0200 (CEST);Thu Jul 11 2019 18:24:38 GMT+0200 (CEST);1562869478000;0.05;24.61
1380556833984591;19;31.6;Thu Jul 11 2019 20:28:03 GMT+0200 (CEST);Thu Jul 11 2019 18:28:03 GMT+0200 (CEST);1562869683000;0.03;20.62
1380556833984591;19;31.1;Thu Jul 11 2019 20:31:16 GMT+0200 (CEST);Thu Jul 11 2019 18:31:16 GMT+0200 (CEST);1562869876000;0.02;17.43
1380556833984591;18;29.3;Thu Jul 11 2019 20:34:29 GMT+0200 (CEST);Thu Jul 11 2019 18:34:29 GMT+0200 (CEST);1562870069000;0.01;14.23
1380556833984591;18;28.1;Thu Jul 11 2019 20:37:45 GMT+0200 (CEST);Thu Jul 11 2019 18:37:45 GMT+0200 (CEST);1562870265000;0;12.12
1380556833984591;15.9;25.2;Thu Jul 11 2019 20:41:19 GMT+0200 (CEST);Thu Jul 11 2019 18:41:19 GMT+0200 (CEST);1562870479000;0;10.32
1380556833984591;15.9;25.4;Thu Jul 11 2019 20:44:41 GMT+0200 (CEST);Thu Jul 11 2019 18:44:41 GMT+0200 (CEST);1562870681000;0;9.91
1380556833984591;15.9;24.9;Thu Jul 11 2019 20:47:57 GMT+0200 (CEST);Thu Jul 11 2019 18:47:57 GMT+0200 (CEST);1562870877000;0;6.18
1380556833984591;14.9;32.8;Thu Jul 11 2019 20:51:34 GMT+0200 (CEST);Thu Jul 11 2019 18:51:34 GMT+0200 (CEST);1562871094000;0;5.45
1380556833984591;18.5;32.3;Thu Jul 11 2019 20:54:51 GMT+0200 (CEST);Thu Jul 11 2019 18:54:51 GMT+0200 (CEST);1562871291000;0;4.13
1380556833984591;18.5;31.7;Thu Jul 11 2019 20:58:04 GMT+0200 (CEST);Thu Jul 11 2019 18:58:04 GMT+0200 (CEST);1562871484000;0;3.23
1380556833984591;15.9;29.2;Thu Jul 11 2019 21:01:30 GMT+0200 (CEST);Thu Jul 11 2019 19:01:30 GMT+0200 (CEST);1562871690000;0;2.22
1380556833984591;15.9;27.9;Thu Jul 11 2019 21:04:50 GMT+0200 (CEST);Thu Jul 11 2019 19:04:50 GMT+0200 (CEST);1562871890000;0;1.53
1380556833984591;15.9;24.3;Thu Jul 11 2019 21:08:04 GMT+0200 (CEST);Thu Jul 11 2019 19:08:04 GMT+0200 (CEST);1562872084000;0;0.49
1380556833984591;15.9;24.3;Thu Jul 11 2019 21:11:31 GMT+0200 (CEST);Thu Jul 11 2019 19:11:31 GMT+0200 (CEST);1562872291000;0;0.73
1380556833984591;-273.2;26.3;Fri Jul 12 2019 05:24:34 GMT+0200 (CEST);Fri Jul 12 2019 03:24:34 GMT+0200 (CEST);1562901874000;0;2.66
1380556833984591;-273.2;26.3;Fri Jul 12 2019 05:27:47 GMT+0200 (CEST);Fri Jul 12 2019 03:27:47 GMT+0200 (CEST);1562902067000;0;3.76
1380556833984591;-273.2;29.6;Fri Jul 12 2019 05:38:16 GMT+0200 (CEST);Fri Jul 12 2019 03:38:16 GMT+0200 (CEST);1562902696000;0;10.06
1380556833984591;12.4;25.8;Fri Jul 12 2019 05:41:32 GMT+0200 (CEST);Fri Jul 12 2019 03:41:32 GMT+0200 (CEST);1562902892000;0;12.7
1380556833984591;10.9;23;Fri Jul 12 2019 05:45:05 GMT+0200 (CEST);Fri Jul 12 2019 03:45:05 GMT+0200 (CEST);1562903105000;0.03;18.81
1380556833984591;10.9;22.2;Fri Jul 12 2019 05:48:26 GMT+0200 (CEST);Fri Jul 12 2019 03:48:26 GMT+0200 (CEST);1562903306000;0.04;20.92
1380556833984591;10.9;21.5;Fri Jul 12 2019 05:51:56 GMT+0200 (CEST);Fri Jul 12 2019 03:51:56 GMT+0200 (CEST);1562903516000;0.04;20.11
1380556833984591;10.4;20.3;Fri Jul 12 2019 05:55:11 GMT+0200 (CEST);Fri Jul 12 2019 03:55:11 GMT+0200 (CEST);1562903711000;0.05;21.02
1380556833984591;10.4;19.6;Fri Jul 12 2019 05:58:26 GMT+0200 (CEST);Fri Jul 12 2019 03:58:26 GMT+0200 (CEST);1562903906000;0.06;23.68
1380556833984591;10.4;22.1;Fri Jul 12 2019 06:01:53 GMT+0200 (CEST);Fri Jul 12 2019 04:01:53 GMT+0200 (CEST);1562904113000;0.07;28.03
1380556833984591;14.4;31.9;Fri Jul 12 2019 06:05:08 GMT+0200 (CEST);Fri Jul 12 2019 04:05:08 GMT+0200 (CEST);1562904308000;0.09;30.36
1380556833984591;14.9;32.2;Fri Jul 12 2019 06:08:23 GMT+0200 (CEST);Fri Jul 12 2019 04:08:23 GMT+0200 (CEST);1562904503000;0.1;34.91
1380556833984591;14.9;32.6;Fri Jul 12 2019 06:11:42 GMT+0200 (CEST);Fri Jul 12 2019 04:11:42 GMT+0200 (CEST);1562904702000;0.11;37.45
1380556833984591;15.9;32.4;Fri Jul 12 2019 06:14:55 GMT+0200 (CEST);Fri Jul 12 2019 04:14:55 GMT+0200 (CEST);1562904895000;0.12;38.97
1380556833984591;15.9;32.4;Fri Jul 12 2019 06:18:10 GMT+0200 (CEST);Fri Jul 12 2019 04:18:10 GMT+0200 (CEST);1562905090000;0.13;39.71
1380556833984591;15.9;32.8;Fri Jul 12 2019 06:21:26 GMT+0200 (CEST);Fri Jul 12 2019 04:21:26 GMT+0200 (CEST);1562905286000;0.14;42.35
1380556833984591;15.9;33.4;Fri Jul 12 2019 06:24:40 GMT+0200 (CEST);Fri Jul 12 2019 04:24:40 GMT+0200 (CEST);1562905480000;0.16;46.32
1380556833984591;15.9;33.2;Fri Jul 12 2019 06:27:56 GMT+0200 (CEST);Fri Jul 12 2019 04:27:56 GMT+0200 (CEST);1562905676000;0.21;56.14
1380556833984591;15.9;33.1;Fri Jul 12 2019 06:31:11 GMT+0200 (CEST);Fri Jul 12 2019 04:31:11 GMT+0200 (CEST);1562905871000;0.23;58.28
1380556833984591;15.9;32.8;Fri Jul 12 2019 06:34:29 GMT+0200 (CEST);Fri Jul 12 2019 04:34:29 GMT+0200 (CEST);1562906069000;0.24;61.06
1380556833984591;15.9;32.1;Fri Jul 12 2019 06:37:42 GMT+0200 (CEST);Fri Jul 12 2019 04:37:42 GMT+0200 (CEST);1562906262000;0.25;58.95
1380556833984591;15.9;32.8;Fri Jul 12 2019 06:41:18 GMT+0200 (CEST);Fri Jul 12 2019 04:41:18 GMT+0200 (CEST);1562906478000;0.22;56
1380556833984591;15.9;33;Fri Jul 12 2019 06:44:35 GMT+0200 (CEST);Fri Jul 12 2019 04:44:35 GMT+0200 (CEST);1562906675000;0.25;60.66
1380556833984591;15.9;32.7;Fri Jul 12 2019 06:47:55 GMT+0200 (CEST);Fri Jul 12 2019 04:47:55 GMT+0200 (CEST);1562906875000;0.29;64.27
1380556833984591;15.9;33;Fri Jul 12 2019 06:51:09 GMT+0200 (CEST);Fri Jul 12 2019 04:51:09 GMT+0200 (CEST);1562907069000;0.25;63.5
1380556833984591;15.9;33.2;Fri Jul 12 2019 06:54:51 GMT+0200 (CEST);Fri Jul 12 2019 04:54:51 GMT+0200 (CEST);1562907291000;0.32;69.84
1380556833984591;16.9;31.3;Fri Jul 12 2019 06:58:04 GMT+0200 (CEST);Fri Jul 12 2019 04:58:04 GMT+0200 (CEST);1562907484000;0.34;74.6
1380556833984591;15.9;30.3;Fri Jul 12 2019 07:01:17 GMT+0200 (CEST);Fri Jul 12 2019 05:01:17 GMT+0200 (CEST);1562907677000;0.41;77.73
1380556833984591;15.9;28.7;Fri Jul 12 2019 07:04:49 GMT+0200 (CEST);Fri Jul 12 2019 05:04:49 GMT+0200 (CEST);1562907889000;0.47;83.77
1380556833984591;14.9;28.6;Fri Jul 12 2019 07:08:07 GMT+0200 (CEST);Fri Jul 12 2019 05:08:07 GMT+0200 (CEST);1562908087000;0.55;92.7
1380556833984591;15.9;33.7;Fri Jul 12 2019 07:11:25 GMT+0200 (CEST);Fri Jul 12 2019 05:11:25 GMT+0200 (CEST);1562908285000;0.37;87.92
1380556833984591;15.9;34.4;Fri Jul 12 2019 07:14:41 GMT+0200 (CEST);Fri Jul 12 2019 05:14:41 GMT+0200 (CEST);1562908481000;0.48;129.91
1380556833984591;18.5;34.6;Fri Jul 12 2019 07:18:00 GMT+0200 (CEST);Fri Jul 12 2019 05:18:00 GMT+0200 (CEST);1562908680000;0.45;100.98
1380556833984591;19;34.3;Fri Jul 12 2019 07:21:14 GMT+0200 (CEST);Fri Jul 12 2019 05:21:14 GMT+0200 (CEST);1562908874000;0.43;100.35
1380556833984591;19;34.3;Fri Jul 12 2019 07:24:50 GMT+0200 (CEST);Fri Jul 12 2019 05:24:50 GMT+0200 (CEST);1562909090000;0.46;106
1380556833984591;20.5;34.5;Fri Jul 12 2019 07:28:14 GMT+0200 (CEST);Fri Jul 12 2019 05:28:14 GMT+0200 (CEST);1562909294000;0.48;108.96
1380556833984591;20.5;34.5;Fri Jul 12 2019 07:31:39 GMT+0200 (CEST);Fri Jul 12 2019 05:31:39 GMT+0200 (CEST);1562909499000;0.55;122.64
1380556833984591;20.5;34.5;Fri Jul 12 2019 07:34:54 GMT+0200 (CEST);Fri Jul 12 2019 05:34:54 GMT+0200 (CEST);1562909694000;0.52;119.14
1380556833984591;20.5;34.2;Fri Jul 12 2019 07:38:15 GMT+0200 (CEST);Fri Jul 12 2019 05:38:15 GMT+0200 (CEST);1562909895000;0.53;119.68
1380556833984591;21;34.5;Fri Jul 12 2019 07:41:43 GMT+0200 (CEST);Fri Jul 12 2019 05:41:43 GMT+0200 (CEST);1562910103000;0.67;182.06
1380556833984591;21;34.6;Fri Jul 12 2019 07:44:57 GMT+0200 (CEST);Fri Jul 12 2019 05:44:57 GMT+0200 (CEST);1562910297000;0.81;216.88
1380556833984591;21;34.1;Fri Jul 12 2019 07:48:12 GMT+0200 (CEST);Fri Jul 12 2019 05:48:12 GMT+0200 (CEST);1562910492000;1.09;250.69
1380556833984591;21;34.3;Fri Jul 12 2019 07:51:30 GMT+0200 (CEST);Fri Jul 12 2019 05:51:30 GMT+0200 (CEST);1562910690000;0.85;184.1
1380556833984591;22.5;34.1;Fri Jul 12 2019 07:54:43 GMT+0200 (CEST);Fri Jul 12 2019 05:54:43 GMT+0200 (CEST);1562910883000;1.14;249.41
1380556833984591;22.5;33.9;Fri Jul 12 2019 07:57:59 GMT+0200 (CEST);Fri Jul 12 2019 05:57:59 GMT+0200 (CEST);1562911079000;1.22;264.75
1380556833984591;22.5;34.1;Fri Jul 12 2019 08:01:12 GMT+0200 (CEST);Fri Jul 12 2019 06:01:12 GMT+0200 (CEST);1562911272000;1.41;307.48
1380556833984591;23;33.3;Fri Jul 12 2019 08:04:35 GMT+0200 (CEST);Fri Jul 12 2019 06:04:35 GMT+0200 (CEST);1562911475000;0.74;163.26
1380556833984591;23.5;33.9;Fri Jul 12 2019 08:08:14 GMT+0200 (CEST);Fri Jul 12 2019 06:08:14 GMT+0200 (CEST);1562911694000;0.79;159.01
1380556833984591;23.5;34.2;Fri Jul 12 2019 08:11:29 GMT+0200 (CEST);Fri Jul 12 2019 06:11:29 GMT+0200 (CEST);1562911889000;1.04;243.66
1380556833984591;24.5;34.8;Fri Jul 12 2019 08:14:47 GMT+0200 (CEST);Fri Jul 12 2019 06:14:47 GMT+0200 (CEST);1562912087000;1.45;330.23
1380556833984591;25;34.5;Fri Jul 12 2019 08:18:06 GMT+0200 (CEST);Fri Jul 12 2019 06:18:06 GMT+0200 (CEST);1562912286000;1.7;378.87
1380556833984591;25;34.2;Fri Jul 12 2019 08:21:21 GMT+0200 (CEST);Fri Jul 12 2019 06:21:21 GMT+0200 (CEST);1562912481000;1.83;399.35
1380556833984591;26.5;34;Fri Jul 12 2019 08:24:34 GMT+0200 (CEST);Fri Jul 12 2019 06:24:34 GMT+0200 (CEST);1562912674000;1.93;414.71
1380556833984591;26.5;33.7;Fri Jul 12 2019 08:27:53 GMT+0200 (CEST);Fri Jul 12 2019 06:27:53 GMT+0200 (CEST);1562912873000;2.1;442.87
1380556833984591;26.5;33.6;Fri Jul 12 2019 08:31:06 GMT+0200 (CEST);Fri Jul 12 2019 06:31:06 GMT+0200 (CEST);1562913066000;2.14;450.55
1380556833984591;27;33.4;Fri Jul 12 2019 08:34:19 GMT+0200 (CEST);Fri Jul 12 2019 06:34:19 GMT+0200 (CEST);1562913259000;2.1;445.43
1380556833984591;28.5;33.7;Fri Jul 12 2019 08:38:11 GMT+0200 (CEST);Fri Jul 12 2019 06:38:11 GMT+0200 (CEST);1562913491000;2.19;458.23
1380556833984591;28.5;33.4;Fri Jul 12 2019 08:41:25 GMT+0200 (CEST);Fri Jul 12 2019 06:41:25 GMT+0200 (CEST);1562913685000;2.25;465.91
1380556833984591;29;33.3;Fri Jul 12 2019 08:44:44 GMT+0200 (CEST);Fri Jul 12 2019 06:44:44 GMT+0200 (CEST);1562913884000;2.21;460.79
1380556833984591;30.5;33;Fri Jul 12 2019 08:47:59 GMT+0200 (CEST);Fri Jul 12 2019 06:47:59 GMT+0200 (CEST);1562914079000;1.88;381.43
1380556833984591;31.1;33.5;Fri Jul 12 2019 08:52:00 GMT+0200 (CEST);Fri Jul 12 2019 06:52:00 GMT+0200 (CEST);1562914320000;2.27;465.91
1380556833984591;31.1;33.3;Fri Jul 12 2019 08:55:13 GMT+0200 (CEST);Fri Jul 12 2019 06:55:13 GMT+0200 (CEST);1562914513000;2.3;488.95
1380556833984591;31.1;33.2;Fri Jul 12 2019 08:58:26 GMT+0200 (CEST);Fri Jul 12 2019 06:58:26 GMT+0200 (CEST);1562914706000;2.33;483.83
1380556833984591;32.1;33.2;Fri Jul 12 2019 09:01:43 GMT+0200 (CEST);Fri Jul 12 2019 07:01:43 GMT+0200 (CEST);1562914903000;2.48;506.87
1380556833984591;32.1;33.1;Fri Jul 12 2019 09:05:00 GMT+0200 (CEST);Fri Jul 12 2019 07:05:00 GMT+0200 (CEST);1562915100000;2.57;545.27
1380556833984591;32.1;33;Fri Jul 12 2019 09:08:15 GMT+0200 (CEST);Fri Jul 12 2019 07:08:15 GMT+0200 (CEST);1562915295000;2.36;483.83
1380556833984591;32.1;32.9;Fri Jul 12 2019 09:11:32 GMT+0200 (CEST);Fri Jul 12 2019 07:11:32 GMT+0200 (CEST);1562915492000;2.5;519.67
1380556833984591;34.6;33;Fri Jul 12 2019 09:14:50 GMT+0200 (CEST);Fri Jul 12 2019 07:14:50 GMT+0200 (CEST);1562915690000;2.76;565.75
1380556833984591;34.6;32.8;Fri Jul 12 2019 09:18:05 GMT+0200 (CEST);Fri Jul 12 2019 07:18:05 GMT+0200 (CEST);1562915885000;2.79;570.87
1380556833984591;34.6;32.9;Fri Jul 12 2019 09:21:21 GMT+0200 (CEST);Fri Jul 12 2019 07:21:21 GMT+0200 (CEST);1562916081000;2.91;599.03
1380556833984591;34.6;32.8;Fri Jul 12 2019 09:24:45 GMT+0200 (CEST);Fri Jul 12 2019 07:24:45 GMT+0200 (CEST);1562916285000;3.02;616.95
1380556833984591;34.6;32.6;Fri Jul 12 2019 09:27:59 GMT+0200 (CEST);Fri Jul 12 2019 07:27:59 GMT+0200 (CEST);1562916479000;2.34;473.59
1380556833984591;36.6;32.8;Fri Jul 12 2019 09:31:18 GMT+0200 (CEST);Fri Jul 12 2019 07:31:18 GMT+0200 (CEST);1562916678000;2.92;604.15
1380556833984591;36.6;32.7;Fri Jul 12 2019 09:34:34 GMT+0200 (CEST);Fri Jul 12 2019 07:34:34 GMT+0200 (CEST);1562916874000;3.06;622.07
1380556833984591;36.6;32.7;Fri Jul 12 2019 09:38:37 GMT+0200 (CEST);Fri Jul 12 2019 07:38:37 GMT+0200 (CEST);1562917117000;2.88;642.55
1380556833984591;36.6;32.4;Fri Jul 12 2019 09:41:53 GMT+0200 (CEST);Fri Jul 12 2019 07:41:53 GMT+0200 (CEST);1562917313000;3.28;481.27
1380556833984591;37.1;32.8;Fri Jul 12 2019 09:45:09 GMT+0200 (CEST);Fri Jul 12 2019 07:45:09 GMT+0200 (CEST);1562917509000;3.2;663.89
1380556833984591;38.6;32.3;Fri Jul 12 2019 09:48:28 GMT+0200 (CEST);Fri Jul 12 2019 07:48:28 GMT+0200 (CEST);1562917708000;3.45;703.36
1380556833984591;38.6;32.3;Fri Jul 12 2019 09:51:47 GMT+0200 (CEST);Fri Jul 12 2019 07:51:47 GMT+0200 (CEST);1562917907000;3.61;732.09
1380556833984591;37.6;32.3;Fri Jul 12 2019 09:55:02 GMT+0200 (CEST);Fri Jul 12 2019 07:55:02 GMT+0200 (CEST);1562918102000;3.27;665.65
1380556833984591;38.6;31.7;Fri Jul 12 2019 09:58:20 GMT+0200 (CEST);Fri Jul 12 2019 07:58:20 GMT+0200 (CEST);1562918300000;1.56;326.99
1380556833984591;38.6;32.5;Fri Jul 12 2019 10:01:34 GMT+0200 (CEST);Fri Jul 12 2019 08:01:34 GMT+0200 (CEST);1562918494000;3.47;714.5
1380556833984591;38.6;32.8;Fri Jul 12 2019 10:04:50 GMT+0200 (CEST);Fri Jul 12 2019 08:04:50 GMT+0200 (CEST);1562918690000;3.76;739.82
1380556833984591;38.6;32.8;Fri Jul 12 2019 10:08:06 GMT+0200 (CEST);Fri Jul 12 2019 08:08:06 GMT+0200 (CEST);1562918886000;1.41;299.29
1380556833984591;38.6;32.6;Fri Jul 12 2019 10:11:22 GMT+0200 (CEST);Fri Jul 12 2019 08:11:22 GMT+0200 (CEST);1562919082000;3.83;780.47
1380556833984591;38.6;32.2;Fri Jul 12 2019 10:14:35 GMT+0200 (CEST);Fri Jul 12 2019 08:14:35 GMT+0200 (CEST);1562919275000;3.93;794.89
1380556833984591;38.6;32.2;Fri Jul 12 2019 10:17:57 GMT+0200 (CEST);Fri Jul 12 2019 08:17:57 GMT+0200 (CEST);1562919477000;3.87;792.69
1380556833984591;39.1;32.3;Fri Jul 12 2019 10:21:15 GMT+0200 (CEST);Fri Jul 12 2019 08:21:15 GMT+0200 (CEST);1562919675000;3.93;784.5
1380556833984591;39.1;32.3;Fri Jul 12 2019 10:24:28 GMT+0200 (CEST);Fri Jul 12 2019 08:24:28 GMT+0200 (CEST);1562919868000;2.39;783.98
1380556833984591;40.6;31.7;Fri Jul 12 2019 10:27:42 GMT+0200 (CEST);Fri Jul 12 2019 08:27:42 GMT+0200 (CEST);1562920062000;3.99;798.28
1380556833984591;41.1;31.7;Fri Jul 12 2019 10:30:58 GMT+0200 (CEST);Fri Jul 12 2019 08:30:58 GMT+0200 (CEST);1562920258000;4.02;817.31
1380556833984591;41.1;31.4;Fri Jul 12 2019 10:34:14 GMT+0200 (CEST);Fri Jul 12 2019 08:34:14 GMT+0200 (CEST);1562920454000;4.3;829.77
1380556833984591;42.6;31.3;Fri Jul 12 2019 10:37:55 GMT+0200 (CEST);Fri Jul 12 2019 08:37:55 GMT+0200 (CEST);1562920675000;2.93;624.63
1380556833984591;43.1;31.3;Fri Jul 12 2019 10:41:25 GMT+0200 (CEST);Fri Jul 12 2019 08:41:25 GMT+0200 (CEST);1562920885000;3.95;788.82
1380556833984591;43.1;31.3;Fri Jul 12 2019 10:44:42 GMT+0200 (CEST);Fri Jul 12 2019 08:44:42 GMT+0200 (CEST);1562921082000;2.82;588.79
1380556833984591;43.1;31.5;Fri Jul 12 2019 10:47:57 GMT+0200 (CEST);Fri Jul 12 2019 08:47:57 GMT+0200 (CEST);1562921277000;4.01;770.38
1380556833984591;43.1;31.7;Fri Jul 12 2019 10:51:20 GMT+0200 (CEST);Fri Jul 12 2019 08:51:20 GMT+0200 (CEST);1562921480000;3.88;797.7
1380556833984591;43.1;31.5;Fri Jul 12 2019 10:54:34 GMT+0200 (CEST);Fri Jul 12 2019 08:54:34 GMT+0200 (CEST);1562921674000;3.63;721.79
1380556833984591;43.1;31.9;Fri Jul 12 2019 10:58:10 GMT+0200 (CEST);Fri Jul 12 2019 08:58:10 GMT+0200 (CEST);1562921890000;3.74;720.68
1380556833984591;43.6;31.9;Fri Jul 12 2019 11:01:23 GMT+0200 (CEST);Fri Jul 12 2019 09:01:23 GMT+0200 (CEST);1562922083000;2.72;552.95
1380556833984591;43.1;31.6;Fri Jul 12 2019 11:04:37 GMT+0200 (CEST);Fri Jul 12 2019 09:04:37 GMT+0200 (CEST);1562922277000;1.53;322.98
1380556833984591;43.1;32.1;Fri Jul 12 2019 11:07:55 GMT+0200 (CEST);Fri Jul 12 2019 09:07:55 GMT+0200 (CEST);1562922475000;1.66;340.47
1380556833984591;42.6;32.6;Fri Jul 12 2019 11:11:17 GMT+0200 (CEST);Fri Jul 12 2019 09:11:17 GMT+0200 (CEST);1562922677000;1.71;355.83
1380556833984591;40.6;33.1;Fri Jul 12 2019 11:14:32 GMT+0200 (CEST);Fri Jul 12 2019 09:14:32 GMT+0200 (CEST);1562922872000;4.18;859.01
1380556833984591;40.6;32.4;Fri Jul 12 2019 11:17:50 GMT+0200 (CEST);Fri Jul 12 2019 09:17:50 GMT+0200 (CEST);1562923070000;4.61;665.09
1380556833984591;39.1;32;Fri Jul 12 2019 11:21:16 GMT+0200 (CEST);Fri Jul 12 2019 09:21:16 GMT+0200 (CEST);1562923276000;2.31;460.79
1380556833984591;40.6;32.5;Fri Jul 12 2019 11:24:30 GMT+0200 (CEST);Fri Jul 12 2019 09:24:30 GMT+0200 (CEST);1562923470000;2.09;419.83
1380556833984591;40.6;32.4;Fri Jul 12 2019 11:27:59 GMT+0200 (CEST);Fri Jul 12 2019 09:27:59 GMT+0200 (CEST);1562923679000;5.21;802.01
1380556833984591;39.1;32.4;Fri Jul 12 2019 11:31:12 GMT+0200 (CEST);Fri Jul 12 2019 09:31:12 GMT+0200 (CEST);1562923872000;1.77;355.83
1380556833984591;40.6;32.1;Fri Jul 12 2019 11:34:32 GMT+0200 (CEST);Fri Jul 12 2019 09:34:32 GMT+0200 (CEST);1562924072000;1.56;305.28
1380556833984591;40.6;32;Fri Jul 12 2019 11:37:55 GMT+0200 (CEST);Fri Jul 12 2019 09:37:55 GMT+0200 (CEST);1562924275000;1.09;215.75
1380556833984591;39.1;31.5;Fri Jul 12 2019 11:41:10 GMT+0200 (CEST);Fri Jul 12 2019 09:41:10 GMT+0200 (CEST);1562924470000;0.61;121.26
1380556833984591;37.1;31.3;Fri Jul 12 2019 11:44:25 GMT+0200 (CEST);Fri Jul 12 2019 09:44:25 GMT+0200 (CEST);1562924665000;0.28;60.49
1380556833984591;33.1;30.8;Fri Jul 12 2019 11:47:42 GMT+0200 (CEST);Fri Jul 12 2019 09:47:42 GMT+0200 (CEST);1562924862000;0.24;50.61
1380556833984591;33.1;33.1;Fri Jul 12 2019 11:51:36 GMT+0200 (CEST);Fri Jul 12 2019 09:51:36 GMT+0200 (CEST);1562925096000;0.63;124.62
1380556833984591;30.5;34.1;Fri Jul 12 2019 11:54:49 GMT+0200 (CEST);Fri Jul 12 2019 09:54:49 GMT+0200 (CEST);1562925289000;0.81;163.95
1380556833984591;28.5;33.1;Fri Jul 12 2019 11:58:03 GMT+0200 (CEST);Fri Jul 12 2019 09:58:03 GMT+0200 (CEST);1562925483000;0.54;111.78
1380556833984591;28.5;31.9;Fri Jul 12 2019 12:01:23 GMT+0200 (CEST);Fri Jul 12 2019 10:01:23 GMT+0200 (CEST);1562925683000;0.29;69.12
1380556833984591;27;31.5;Fri Jul 12 2019 12:04:36 GMT+0200 (CEST);Fri Jul 12 2019 10:04:36 GMT+0200 (CEST);1562925876000;0.29;69.39
1380556833984591;26.5;32;Fri Jul 12 2019 12:07:57 GMT+0200 (CEST);Fri Jul 12 2019 10:07:57 GMT+0200 (CEST);1562926077000;0.32;74.37
1380556833984591;26.5;33;Fri Jul 12 2019 12:11:12 GMT+0200 (CEST);Fri Jul 12 2019 10:11:12 GMT+0200 (CEST);1562926272000;0.49;106.16
1380556833984591;26.5;34.4;Fri Jul 12 2019 12:14:37 GMT+0200 (CEST);Fri Jul 12 2019 10:14:37 GMT+0200 (CEST);1562926477000;0.85;173.14
1380556833984591;26.5;34.9;Fri Jul 12 2019 12:17:51 GMT+0200 (CEST);Fri Jul 12 2019 10:17:51 GMT+0200 (CEST);1562926671000;1.16;234.92
1380556833984591;26.5;35.2;Fri Jul 12 2019 12:21:24 GMT+0200 (CEST);Fri Jul 12 2019 10:21:24 GMT+0200 (CEST);1562926884000;1.57;310.11
1380556833984591;26.5;35.2;Fri Jul 12 2019 12:24:41 GMT+0200 (CEST);Fri Jul 12 2019 10:24:41 GMT+0200 (CEST);1562927081000;1.85;368.63
1380556833984591;26.5;34.9;Fri Jul 12 2019 12:28:02 GMT+0200 (CEST);Fri Jul 12 2019 10:28:02 GMT+0200 (CEST);1562927282000;1.74;348.15
1380556833984591;27;34.9;Fri Jul 12 2019 12:31:19 GMT+0200 (CEST);Fri Jul 12 2019 10:31:19 GMT+0200 (CEST);1562927479000;1.91;386.55
1380556833984591;27;34.9;Fri Jul 12 2019 12:34:33 GMT+0200 (CEST);Fri Jul 12 2019 10:34:33 GMT+0200 (CEST);1562927673000;2.28;460.79
1380556833984591;27;34.7;Fri Jul 12 2019 12:38:14 GMT+0200 (CEST);Fri Jul 12 2019 10:38:14 GMT+0200 (CEST);1562927894000;3.06;642.55
1380556833984591;28.5;34.1;Fri Jul 12 2019 12:41:29 GMT+0200 (CEST);Fri Jul 12 2019 10:41:29 GMT+0200 (CEST);1562928089000;4.01;811.86
1380556833984591;30.5;33.2;Fri Jul 12 2019 12:44:44 GMT+0200 (CEST);Fri Jul 12 2019 10:44:44 GMT+0200 (CEST);1562928284000;3.68;750.67
1380556833984591;30.5;32.7;Fri Jul 12 2019 12:48:09 GMT+0200 (CEST);Fri Jul 12 2019 10:48:09 GMT+0200 (CEST);1562928489000;4.96;1006.07
1380556833984591;32.1;32.3;Fri Jul 12 2019 12:51:23 GMT+0200 (CEST);Fri Jul 12 2019 10:51:23 GMT+0200 (CEST);1562928683000;5.26;1064.95
1380556833984591;36.6;31.6;Fri Jul 12 2019 12:54:36 GMT+0200 (CEST);Fri Jul 12 2019 10:54:36 GMT+0200 (CEST);1562928876000;5.41;1111.03
1380556833984591;36.6;31.5;Fri Jul 12 2019 12:57:49 GMT+0200 (CEST);Fri Jul 12 2019 10:57:49 GMT+0200 (CEST);1562929069000;5.26;1059.83
1380556833984591;39.1;31.3;Fri Jul 12 2019 13:01:06 GMT+0200 (CEST);Fri Jul 12 2019 11:01:06 GMT+0200 (CEST);1562929266000;4.7;995.83
1380556833984591;41.1;31.5;Fri Jul 12 2019 13:04:25 GMT+0200 (CEST);Fri Jul 12 2019 11:04:25 GMT+0200 (CEST);1562929465000;4.14;846
1380556833984591;41.1;31.7;Fri Jul 12 2019 13:07:58 GMT+0200 (CEST);Fri Jul 12 2019 11:07:58 GMT+0200 (CEST);1562929678000;4.23;863.26
1380556833984591;42.6;31.8;Fri Jul 12 2019 13:11:35 GMT+0200 (CEST);Fri Jul 12 2019 11:11:35 GMT+0200 (CEST);1562929895000;4.13;842.13
1380556833984591;43.1;31.9;Fri Jul 12 2019 13:14:51 GMT+0200 (CEST);Fri Jul 12 2019 11:14:51 GMT+0200 (CEST);1562930091000;4.39;899.16
1380556833984591;42.6;31.7;Fri Jul 12 2019 13:18:05 GMT+0200 (CEST);Fri Jul 12 2019 11:18:05 GMT+0200 (CEST);1562930285000;3.19;694.94
1380556833984591;42.6;31.9;Fri Jul 12 2019 13:21:34 GMT+0200 (CEST);Fri Jul 12 2019 11:21:34 GMT+0200 (CEST);1562930494000;2.54;527.35
1380556833984591;43.1;32.7;Fri Jul 12 2019 13:24:49 GMT+0200 (CEST);Fri Jul 12 2019 11:24:49 GMT+0200 (CEST);1562930689000;3.7;786.09
1380556833984591;43.1;32;Fri Jul 12 2019 13:28:10 GMT+0200 (CEST);Fri Jul 12 2019 11:28:10 GMT+0200 (CEST);1562930890000;3.23;593.91
1380556833984591;43.1;32.7;Fri Jul 12 2019 13:31:28 GMT+0200 (CEST);Fri Jul 12 2019 11:31:28 GMT+0200 (CEST);1562931088000;3.79;738.44
1380556833984591;42.6;32.5;Fri Jul 12 2019 13:34:42 GMT+0200 (CEST);Fri Jul 12 2019 11:34:42 GMT+0200 (CEST);1562931282000;3.45;708.06
1380556833984591;42.6;31.7;Fri Jul 12 2019 13:36:29 GMT+0200 (CEST);Fri Jul 12 2019 11:36:29 GMT+0200 (CEST);1562931389000;3.33;616.95
1380556833984591;41.1;32.3;Fri Jul 12 2019 13:39:53 GMT+0200 (CEST);Fri Jul 12 2019 11:39:53 GMT+0200 (CEST);1562931593000;4.18;1000.95
1380556833984591;41.1;32.1;Fri Jul 12 2019 13:43:17 GMT+0200 (CEST);Fri Jul 12 2019 11:43:17 GMT+0200 (CEST);1562931797000;1.97;419.83
1380556833984591;41.1;32.9;Fri Jul 12 2019 13:46:32 GMT+0200 (CEST);Fri Jul 12 2019 11:46:32 GMT+0200 (CEST);1562931992000;2.37;496.63
1380556833984591;41.1;32.3;Fri Jul 12 2019 13:49:50 GMT+0200 (CEST);Fri Jul 12 2019 11:49:50 GMT+0200 (CEST);1562932190000;4.63;944.37
1380556833984591;41.1;32;Fri Jul 12 2019 13:53:03 GMT+0200 (CEST);Fri Jul 12 2019 11:53:03 GMT+0200 (CEST);1562932383000;5.27;1085.43
1380556833984591;41.1;31.5;Fri Jul 12 2019 13:56:16 GMT+0200 (CEST);Fri Jul 12 2019 11:56:16 GMT+0200 (CEST);1562932576000;5.17;1029.11
1380556833984591;42.6;31.4;Fri Jul 12 2019 13:59:35 GMT+0200 (CEST);Fri Jul 12 2019 11:59:35 GMT+0200 (CEST);1562932775000;4.07;818.9
1380556833984591;42.6;31.5;Fri Jul 12 2019 14:02:49 GMT+0200 (CEST);Fri Jul 12 2019 12:02:49 GMT+0200 (CEST);1562932969000;5.06;1034.23
1380556833984591;43.1;30.8;Fri Jul 12 2019 14:06:05 GMT+0200 (CEST);Fri Jul 12 2019 12:06:05 GMT+0200 (CEST);1562933165000;1.49;371.19
1380556833984591;43.1;31.5;Fri Jul 12 2019 14:09:24 GMT+0200 (CEST);Fri Jul 12 2019 12:09:24 GMT+0200 (CEST);1562933364000;4.05;1113.59
1380556833984591;43.1;32;Fri Jul 12 2019 14:12:37 GMT+0200 (CEST);Fri Jul 12 2019 12:12:37 GMT+0200 (CEST);1562933557000;3.24;749.38
1380556833984591;43.1;32.3;Fri Jul 12 2019 14:15:51 GMT+0200 (CEST);Fri Jul 12 2019 12:15:51 GMT+0200 (CEST);1562933751000;1.5;325.89
1380556833984591;43.1;32.3;Fri Jul 12 2019 14:19:08 GMT+0200 (CEST);Fri Jul 12 2019 12:19:08 GMT+0200 (CEST);1562933948000;5.15;1062.39
1380556833984591;43.1;32.7;Fri Jul 12 2019 14:22:21 GMT+0200 (CEST);Fri Jul 12 2019 12:22:21 GMT+0200 (CEST);1562934141000;4.99;1031.67
1380556833984591;42.6;32.4;Fri Jul 12 2019 14:25:56 GMT+0200 (CEST);Fri Jul 12 2019 12:25:56 GMT+0200 (CEST);1562934356000;4.96;1036.79
1380556833984591;42.6;32.3;Fri Jul 12 2019 14:29:09 GMT+0200 (CEST);Fri Jul 12 2019 12:29:09 GMT+0200 (CEST);1562934549000;4.82;1011.19
1380556833984591;43.1;32.3;Fri Jul 12 2019 14:32:33 GMT+0200 (CEST);Fri Jul 12 2019 12:32:33 GMT+0200 (CEST);1562934753000;4.49;993.27
1380556833984591;43.1;32.5;Fri Jul 12 2019 14:35:49 GMT+0200 (CEST);Fri Jul 12 2019 12:35:49 GMT+0200 (CEST);1562934949000;4.72;993.27
1380556833984591;43.1;32.5;Fri Jul 12 2019 14:39:05 GMT+0200 (CEST);Fri Jul 12 2019 12:39:05 GMT+0200 (CEST);1562935145000;2.85;720.24
1380556833984591;45.2;32.1;Fri Jul 12 2019 14:42:22 GMT+0200 (CEST);Fri Jul 12 2019 12:42:22 GMT+0200 (CEST);1562935342000;3.18;499.19
1380556833984591;45.2;32.2;Fri Jul 12 2019 14:45:53 GMT+0200 (CEST);Fri Jul 12 2019 12:45:53 GMT+0200 (CEST);1562935553000;5.26;917.24
1380556833984591;45.2;31;Fri Jul 12 2019 14:49:07 GMT+0200 (CEST);Fri Jul 12 2019 12:49:07 GMT+0200 (CEST);1562935747000;2.32;476.15
1380556833984591;45.2;31.7;Fri Jul 12 2019 14:52:20 GMT+0200 (CEST);Fri Jul 12 2019 12:52:20 GMT+0200 (CEST);1562935940000;4.9;998.39
1380556833984591;45.2;32.1;Fri Jul 12 2019 14:55:50 GMT+0200 (CEST);Fri Jul 12 2019 12:55:50 GMT+0200 (CEST);1562936150000;4.94;1013.75
1380556833984591;46.7;31.7;Fri Jul 12 2019 14:57:37 GMT+0200 (CEST);Fri Jul 12 2019 12:57:37 GMT+0200 (CEST);1562936257000;5.04;1023.99
1380556833984591;46.7;30.9;Fri Jul 12 2019 15:01:06 GMT+0200 (CEST);Fri Jul 12 2019 13:01:06 GMT+0200 (CEST);1562936466000;1.95;330.23
1380556833984591;46.7;32.2;Fri Jul 12 2019 15:04:37 GMT+0200 (CEST);Fri Jul 12 2019 13:04:37 GMT+0200 (CEST);1562936677000;2.83;995.83
1380556833984591;46.7;32.5;Fri Jul 12 2019 15:08:17 GMT+0200 (CEST);Fri Jul 12 2019 13:08:17 GMT+0200 (CEST);1562936897000;4.75;988.15
1380556833984591;46.7;31.5;Fri Jul 12 2019 15:11:52 GMT+0200 (CEST);Fri Jul 12 2019 13:11:52 GMT+0200 (CEST);1562937112000;2.05;419.83
1380556833984591;44.7;32;Fri Jul 12 2019 15:15:07 GMT+0200 (CEST);Fri Jul 12 2019 13:15:07 GMT+0200 (CEST);1562937307000;2.17;450.55
1380556833984591;44.7;32.8;Fri Jul 12 2019 15:18:26 GMT+0200 (CEST);Fri Jul 12 2019 13:18:26 GMT+0200 (CEST);1562937506000;2.21;463.35
1380556833984591;44.7;32.5;Fri Jul 12 2019 15:21:41 GMT+0200 (CEST);Fri Jul 12 2019 13:21:41 GMT+0200 (CEST);1562937701000;2.14;460.79
1380556833984591;42.6;32.9;Fri Jul 12 2019 15:24:54 GMT+0200 (CEST);Fri Jul 12 2019 13:24:54 GMT+0200 (CEST);1562937894000;2.88;604.15
1380556833984591;42.6;33.3;Fri Jul 12 2019 15:28:07 GMT+0200 (CEST);Fri Jul 12 2019 13:28:07 GMT+0200 (CEST);1562938087000;3.66;655.35
1380556833984591;42.6;32.9;Fri Jul 12 2019 15:31:20 GMT+0200 (CEST);Fri Jul 12 2019 13:31:20 GMT+0200 (CEST);1562938280000;3.38;722.58
1380556833984591;42.6;33;Fri Jul 12 2019 15:34:38 GMT+0200 (CEST);Fri Jul 12 2019 13:34:38 GMT+0200 (CEST);1562938478000;3.31;758.7
1380556833984591;42.6;32.4;Fri Jul 12 2019 15:44:28 GMT+0200 (CEST);Fri Jul 12 2019 13:44:28 GMT+0200 (CEST);1562939068000;2.14;445.43
1380556833984591;41.1;32.8;Fri Jul 12 2019 15:47:38 GMT+0200 (CEST);Fri Jul 12 2019 13:47:38 GMT+0200 (CEST);1562939258000;3.23;671.28
1380556833984591;40.6;32;Fri Jul 12 2019 15:51:08 GMT+0200 (CEST);Fri Jul 12 2019 13:51:08 GMT+0200 (CEST);1562939468000;1.53;326.68
1380556833984591;40.6;32.3;Fri Jul 12 2019 15:55:54 GMT+0200 (CEST);Fri Jul 12 2019 13:55:54 GMT+0200 (CEST);1562939754000;1.3;292.15
1380556833984591;40.6;32.7;Fri Jul 12 2019 15:59:09 GMT+0200 (CEST);Fri Jul 12 2019 13:59:09 GMT+0200 (CEST);1562939949000;1.67;332.79
1380556833984591;38.6;32.4;Fri Jul 12 2019 16:02:23 GMT+0200 (CEST);Fri Jul 12 2019 14:02:23 GMT+0200 (CEST);1562940143000;1.04;213.91
1380556833984591;38.6;32.1;Fri Jul 12 2019 16:05:50 GMT+0200 (CEST);Fri Jul 12 2019 14:05:50 GMT+0200 (CEST);1562940350000;0.7;144.98
1380556833984591;38.6;31.9;Fri Jul 12 2019 16:07:35 GMT+0200 (CEST);Fri Jul 12 2019 14:07:35 GMT+0200 (CEST);1562940455000;0.58;119.25
1380556833984591;38.6;31.5;Fri Jul 12 2019 16:09:22 GMT+0200 (CEST);Fri Jul 12 2019 14:09:22 GMT+0200 (CEST);1562940562000;0.44;89.6
1380556833984591;35.1;31.3;Fri Jul 12 2019 16:11:16 GMT+0200 (CEST);Fri Jul 12 2019 14:11:16 GMT+0200 (CEST);1562940676000;0.35;76.1
1380556833984591;35.1;31;Fri Jul 12 2019 16:13:20 GMT+0200 (CEST);Fri Jul 12 2019 14:13:20 GMT+0200 (CEST);1562940800000;0.31;67.48
1380556833984591;32.1;30.8;Fri Jul 12 2019 16:15:04 GMT+0200 (CEST);Fri Jul 12 2019 14:15:04 GMT+0200 (CEST);1562940904000;0.27;58.99
1380556833984591;28.5;30.4;Fri Jul 12 2019 16:25:42 GMT+0200 (CEST);Fri Jul 12 2019 14:25:42 GMT+0200 (CEST);1562941542000;0.04;16.46
1380556833984591;28.5;29.5;Fri Jul 12 2019 16:27:30 GMT+0200 (CEST);Fri Jul 12 2019 14:27:30 GMT+0200 (CEST);1562941650000;0.03;15.61
1380556833984591;28.5;31.2;Fri Jul 12 2019 16:29:23 GMT+0200 (CEST);Fri Jul 12 2019 14:29:23 GMT+0200 (CEST);1562941763000;0.05;21.13
1380556833984591;26.5;31.2;Fri Jul 12 2019 16:31:12 GMT+0200 (CEST);Fri Jul 12 2019 14:31:12 GMT+0200 (CEST);1562941872000;0.09;25.54
1380556833984591;36.6;33.4;Fri Jul 12 2019 17:47:17 GMT+0200 (CEST);Fri Jul 12 2019 15:47:17 GMT+0200 (CEST);1562946437000;1.94;399.35
1380556833984591;36.6;32.8;Fri Jul 12 2019 17:49:22 GMT+0200 (CEST);Fri Jul 12 2019 15:49:22 GMT+0200 (CEST);1562946562000;2;396.79
1380556833984591;36.6;33.4;Fri Jul 12 2019 17:51:26 GMT+0200 (CEST);Fri Jul 12 2019 15:51:26 GMT+0200 (CEST);1562946686000;2.03;419.83
1380556833984591;36.6;33;Fri Jul 12 2019 17:53:22 GMT+0200 (CEST);Fri Jul 12 2019 15:53:22 GMT+0200 (CEST);1562946802000;1.8;371.19
1380556833984591;36.6;33.6;Fri Jul 12 2019 17:55:20 GMT+0200 (CEST);Fri Jul 12 2019 15:55:20 GMT+0200 (CEST);1562946920000;1.72;368.63
1380556833984591;36.6;33.2;Fri Jul 12 2019 17:57:15 GMT+0200 (CEST);Fri Jul 12 2019 15:57:15 GMT+0200 (CEST);1562947035000;1.46;314.66
1380556833984591;36.6;32.9;Fri Jul 12 2019 17:59:13 GMT+0200 (CEST);Fri Jul 12 2019 15:59:13 GMT+0200 (CEST);1562947153000;1.13;224.74
1380556833984591;36.6;32.9;Fri Jul 12 2019 18:01:06 GMT+0200 (CEST);Fri Jul 12 2019 16:01:06 GMT+0200 (CEST);1562947266000;1.03;215.08
1380556833984591;36.6;32.6;Fri Jul 12 2019 18:03:14 GMT+0200 (CEST);Fri Jul 12 2019 16:03:14 GMT+0200 (CEST);1562947394000;0.78;164.23
1380556833984591;35.1;32.1;Fri Jul 12 2019 18:05:14 GMT+0200 (CEST);Fri Jul 12 2019 16:05:14 GMT+0200 (CEST);1562947514000;0.7;150.27
1380556833984591;35.1;32.2;Fri Jul 12 2019 18:07:14 GMT+0200 (CEST);Fri Jul 12 2019 16:07:14 GMT+0200 (CEST);1562947634000;0.69;146.91
1380556833984591;34.6;32.2;Fri Jul 12 2019 18:09:07 GMT+0200 (CEST);Fri Jul 12 2019 16:09:07 GMT+0200 (CEST);1562947747000;0.67;144.35
1380556833984591;34.6;32.4;Fri Jul 12 2019 18:11:00 GMT+0200 (CEST);Fri Jul 12 2019 16:11:00 GMT+0200 (CEST);1562947860000;0.61;135.5
1380556833984591;34.6;32.1;Fri Jul 12 2019 18:12:53 GMT+0200 (CEST);Fri Jul 12 2019 16:12:53 GMT+0200 (CEST);1562947973000;0.59;128.66
1380556833984591;32.1;32.4;Fri Jul 12 2019 18:14:52 GMT+0200 (CEST);Fri Jul 12 2019 16:14:52 GMT+0200 (CEST);1562948092000;0.57;126.46
1380556833984591;32.1;32.1;Fri Jul 12 2019 18:16:45 GMT+0200 (CEST);Fri Jul 12 2019 16:16:45 GMT+0200 (CEST);1562948205000;0.55;118.45
1380556833984591;31.1;33;Fri Jul 12 2019 18:19:10 GMT+0200 (CEST);Fri Jul 12 2019 16:19:10 GMT+0200 (CEST);1562948350000;0.69;149.58
1380556833984591;31.1;34.4;Fri Jul 12 2019 18:21:04 GMT+0200 (CEST);Fri Jul 12 2019 16:21:04 GMT+0200 (CEST);1562948464000;1.09;240.05
1380556833984591;31.1;34.5;Fri Jul 12 2019 18:22:59 GMT+0200 (CEST);Fri Jul 12 2019 16:22:59 GMT+0200 (CEST);1562948579000;1.17;215.11
1380556833984591;31.1;34;Fri Jul 12 2019 18:24:59 GMT+0200 (CEST);Fri Jul 12 2019 16:24:59 GMT+0200 (CEST);1562948699000;0.99;198.44
1380556833984591;31.1;33.5;Fri Jul 12 2019 18:26:52 GMT+0200 (CEST);Fri Jul 12 2019 16:26:52 GMT+0200 (CEST);1562948812000;0.94;193.82
1380556833984591;31.1;34;Fri Jul 12 2019 18:28:47 GMT+0200 (CEST);Fri Jul 12 2019 16:28:47 GMT+0200 (CEST);1562948927000;1.04;183.99
1380556833984591;31.1;33.6;Fri Jul 12 2019 18:30:44 GMT+0200 (CEST);Fri Jul 12 2019 16:30:44 GMT+0200 (CEST);1562949044000;0.87;179.94
1380556833984591;31.1;33.8;Fri Jul 12 2019 18:32:37 GMT+0200 (CEST);Fri Jul 12 2019 16:32:37 GMT+0200 (CEST);1562949157000;1.13;183.68
1380556833984591;30.5;34;Fri Jul 12 2019 18:35:06 GMT+0200 (CEST);Fri Jul 12 2019 16:35:06 GMT+0200 (CEST);1562949306000;0.85;176.31
1380556833984591;30.5;33.1;Fri Jul 12 2019 18:37:03 GMT+0200 (CEST);Fri Jul 12 2019 16:37:03 GMT+0200 (CEST);1562949423000;0.73;152.89
1380556833984591;30.5;32.9;Fri Jul 12 2019 18:38:58 GMT+0200 (CEST);Fri Jul 12 2019 16:38:58 GMT+0200 (CEST);1562949538000;0.69;142.24
1380556833984591;30.5;33.2;Fri Jul 12 2019 18:40:51 GMT+0200 (CEST);Fri Jul 12 2019 16:40:51 GMT+0200 (CEST);1562949651000;0.82;171.01
1380556833984591;30.5;33.6;Fri Jul 12 2019 18:42:45 GMT+0200 (CEST);Fri Jul 12 2019 16:42:45 GMT+0200 (CEST);1562949765000;0.93;194.97
1380556833984591;30.5;33.4;Fri Jul 12 2019 18:44:44 GMT+0200 (CEST);Fri Jul 12 2019 16:44:44 GMT+0200 (CEST);1562949884000;1.03;195.52
1380556833984591;30.5;33.1;Fri Jul 12 2019 18:46:38 GMT+0200 (CEST);Fri Jul 12 2019 16:46:38 GMT+0200 (CEST);1562949998000;0.83;173.37
1380556833984591;30.5;32.9;Fri Jul 12 2019 18:48:32 GMT+0200 (CEST);Fri Jul 12 2019 16:48:32 GMT+0200 (CEST);1562950112000;0.78;165.03
1380556833984591;30.5;33;Fri Jul 12 2019 18:50:53 GMT+0200 (CEST);Fri Jul 12 2019 16:50:53 GMT+0200 (CEST);1562950253000;0.7;146.39
1380556833984591;30.5;32.8;Fri Jul 12 2019 18:52:49 GMT+0200 (CEST);Fri Jul 12 2019 16:52:49 GMT+0200 (CEST);1562950369000;0.65;139.46
1380556833984591;30.5;32.8;Fri Jul 12 2019 18:54:42 GMT+0200 (CEST);Fri Jul 12 2019 16:54:42 GMT+0200 (CEST);1562950482000;0.62;134.51
1380556833984591;30.5;32.7;Fri Jul 12 2019 18:56:38 GMT+0200 (CEST);Fri Jul 12 2019 16:56:38 GMT+0200 (CEST);1562950598000;0.54;115.13
1380556833984591;30.5;32.2;Fri Jul 12 2019 18:58:33 GMT+0200 (CEST);Fri Jul 12 2019 16:58:33 GMT+0200 (CEST);1562950713000;0.47;104.47
1380556833984591;30.5;32.3;Fri Jul 12 2019 19:00:27 GMT+0200 (CEST);Fri Jul 12 2019 17:00:27 GMT+0200 (CEST);1562950827000;0.45;100.73
1380556833984591;30.5;32.3;Fri Jul 12 2019 19:02:20 GMT+0200 (CEST);Fri Jul 12 2019 17:02:20 GMT+0200 (CEST);1562950940000;0.43;97.14
1380556833984591;30.5;32.3;Fri Jul 12 2019 19:04:25 GMT+0200 (CEST);Fri Jul 12 2019 17:04:25 GMT+0200 (CEST);1562951065000;0.42;95.23
1380556833984591;28.5;32.3;Fri Jul 12 2019 19:06:27 GMT+0200 (CEST);Fri Jul 12 2019 17:06:27 GMT+0200 (CEST);1562951187000;0.39;89.48
1380556833984591;28.5;31.9;Fri Jul 12 2019 19:08:26 GMT+0200 (CEST);Fri Jul 12 2019 17:08:26 GMT+0200 (CEST);1562951306000;0.36;82.36
1380556833984591;28.5;31.3;Fri Jul 12 2019 19:10:35 GMT+0200 (CEST);Fri Jul 12 2019 17:10:35 GMT+0200 (CEST);1562951435000;0.31;72.95
1380556833984591;29;31.5;Fri Jul 12 2019 19:12:30 GMT+0200 (CEST);Fri Jul 12 2019 17:12:30 GMT+0200 (CEST);1562951550000;0.28;66.79
1380556833984591;29;31.4;Fri Jul 12 2019 19:14:28 GMT+0200 (CEST);Fri Jul 12 2019 17:14:28 GMT+0200 (CEST);1562951668000;0.24;60.05
1380556833984591;27;31.3;Fri Jul 12 2019 19:16:28 GMT+0200 (CEST);Fri Jul 12 2019 17:16:28 GMT+0200 (CEST);1562951788000;0.24;59.83
1380556833984591;27;31.2;Fri Jul 12 2019 19:18:41 GMT+0200 (CEST);Fri Jul 12 2019 17:18:41 GMT+0200 (CEST);1562951921000;0.26;62.86
1380556833984591;27;31.2;Fri Jul 12 2019 19:21:02 GMT+0200 (CEST);Fri Jul 12 2019 17:21:02 GMT+0200 (CEST);1562952062000;0.28;66.29
1380556833984591;27;31.5;Fri Jul 12 2019 19:23:13 GMT+0200 (CEST);Fri Jul 12 2019 17:23:13 GMT+0200 (CEST);1562952193000;0.28;67.19
1380556833984591;27;31.6;Fri Jul 12 2019 19:25:06 GMT+0200 (CEST);Fri Jul 12 2019 17:25:06 GMT+0200 (CEST);1562952306000;0.25;61.39
1380556833984591;27;31.1;Fri Jul 12 2019 19:27:02 GMT+0200 (CEST);Fri Jul 12 2019 17:27:02 GMT+0200 (CEST);1562952422000;0.2;51.58
1380556833984591;27;30.8;Fri Jul 12 2019 19:28:55 GMT+0200 (CEST);Fri Jul 12 2019 17:28:55 GMT+0200 (CEST);1562952535000;0.17;46.34
1380556833984591;26.5;31;Fri Jul 12 2019 19:30:47 GMT+0200 (CEST);Fri Jul 12 2019 17:30:47 GMT+0200 (CEST);1562952647000;0.17;46.29
1380556833984591;26.5;30.8;Fri Jul 12 2019 19:32:42 GMT+0200 (CEST);Fri Jul 12 2019 17:32:42 GMT+0200 (CEST);1562952762000;0.18;47.73
1380556833984591;26.5;31.1;Fri Jul 12 2019 19:34:40 GMT+0200 (CEST);Fri Jul 12 2019 17:34:40 GMT+0200 (CEST);1562952880000;0.17;46.03
1380556833984591;26.5;30.8;Fri Jul 12 2019 19:36:36 GMT+0200 (CEST);Fri Jul 12 2019 17:36:36 GMT+0200 (CEST);1562952996000;0.15;42.21
1380556833984591;26.5;30.8;Fri Jul 12 2019 19:38:41 GMT+0200 (CEST);Fri Jul 12 2019 17:38:41 GMT+0200 (CEST);1562953121000;0.13;39.1
1380556833984591;26.5;30.9;Fri Jul 12 2019 19:40:34 GMT+0200 (CEST);Fri Jul 12 2019 17:40:34 GMT+0200 (CEST);1562953234000;0.14;40.65
1380556833984591;26.5;30.9;Fri Jul 12 2019 19:42:30 GMT+0200 (CEST);Fri Jul 12 2019 17:42:30 GMT+0200 (CEST);1562953350000;0.15;42.97
1380556833984591;26.5;31;Fri Jul 12 2019 19:44:30 GMT+0200 (CEST);Fri Jul 12 2019 17:44:30 GMT+0200 (CEST);1562953470000;0.17;45.99
1380556833984591;26.5;31;Fri Jul 12 2019 19:46:29 GMT+0200 (CEST);Fri Jul 12 2019 17:46:29 GMT+0200 (CEST);1562953589000;0.18;48.86
1380556833984591;26.5;30.8;Fri Jul 12 2019 19:48:23 GMT+0200 (CEST);Fri Jul 12 2019 17:48:23 GMT+0200 (CEST);1562953703000;0.16;44.92
1380556833984591;25;30.9;Fri Jul 12 2019 19:50:22 GMT+0200 (CEST);Fri Jul 12 2019 17:50:22 GMT+0200 (CEST);1562953822000;0.14;41.34
1380556833984591;25;30.8;Fri Jul 12 2019 19:52:22 GMT+0200 (CEST);Fri Jul 12 2019 17:52:22 GMT+0200 (CEST);1562953942000;0.14;40.58
1380556833984591;25;30.7;Fri Jul 12 2019 19:54:25 GMT+0200 (CEST);Fri Jul 12 2019 17:54:25 GMT+0200 (CEST);1562954065000;0.14;41.98
1380556833984591;25;31;Fri Jul 12 2019 19:56:19 GMT+0200 (CEST);Fri Jul 12 2019 17:56:19 GMT+0200 (CEST);1562954179000;0.14;42.04
1380556833984591;25;30.7;Fri Jul 12 2019 19:58:15 GMT+0200 (CEST);Fri Jul 12 2019 17:58:15 GMT+0200 (CEST);1562954295000;0.14;41.13
1380556833984591;25;31;Fri Jul 12 2019 20:00:08 GMT+0200 (CEST);Fri Jul 12 2019 18:00:08 GMT+0200 (CEST);1562954408000;0.14;41.76
1380556833984591;25;31;Fri Jul 12 2019 20:02:04 GMT+0200 (CEST);Fri Jul 12 2019 18:02:04 GMT+0200 (CEST);1562954524000;0.17;45.57
1380556833984591;25;31.2;Fri Jul 12 2019 20:03:57 GMT+0200 (CEST);Fri Jul 12 2019 18:03:57 GMT+0200 (CEST);1562954637000;0.19;49.8
1380556833984591;25;31.2;Fri Jul 12 2019 20:05:51 GMT+0200 (CEST);Fri Jul 12 2019 18:05:51 GMT+0200 (CEST);1562954751000;0.19;49.18
1380556833984591;25;31.5;Fri Jul 12 2019 20:08:07 GMT+0200 (CEST);Fri Jul 12 2019 18:08:07 GMT+0200 (CEST);1562954887000;0.18;48.97
1380556833984591;25;31.2;Fri Jul 12 2019 20:10:04 GMT+0200 (CEST);Fri Jul 12 2019 18:10:04 GMT+0200 (CEST);1562955004000;0.18;47.39
1380556833984591;25;30.9;Fri Jul 12 2019 20:11:58 GMT+0200 (CEST);Fri Jul 12 2019 18:11:58 GMT+0200 (CEST);1562955118000;0.16;43.08
1380556833984591;24.5;31.1;Fri Jul 12 2019 20:13:51 GMT+0200 (CEST);Fri Jul 12 2019 18:13:51 GMT+0200 (CEST);1562955231000;0.13;38.59
1380556833984591;24.5;30.8;Fri Jul 12 2019 20:15:50 GMT+0200 (CEST);Fri Jul 12 2019 18:15:50 GMT+0200 (CEST);1562955350000;0.11;33.02
1380556833984591;24.5;30.6;Fri Jul 12 2019 20:17:44 GMT+0200 (CEST);Fri Jul 12 2019 18:17:44 GMT+0200 (CEST);1562955464000;0.09;29.75
1380556833984591;24.5;30.8;Fri Jul 12 2019 20:19:46 GMT+0200 (CEST);Fri Jul 12 2019 18:19:46 GMT+0200 (CEST);1562955586000;0.07;26.71
1380556833984591;24.5;30.6;Fri Jul 12 2019 20:21:57 GMT+0200 (CEST);Fri Jul 12 2019 18:21:57 GMT+0200 (CEST);1562955717000;0.06;25.07
1380556833984591;24.5;30.8;Fri Jul 12 2019 20:23:50 GMT+0200 (CEST);Fri Jul 12 2019 18:23:50 GMT+0200 (CEST);1562955830000;0.05;23.06
1380556833984591;24.5;30.9;Fri Jul 12 2019 20:25:55 GMT+0200 (CEST);Fri Jul 12 2019 18:25:55 GMT+0200 (CEST);1562955955000;0.04;20.23
1380556833984591;24.5;29.7;Fri Jul 12 2019 20:27:49 GMT+0200 (CEST);Fri Jul 12 2019 18:27:49 GMT+0200 (CEST);1562956069000;0.02;16.97
1380556833984591;24.5;29.7;Fri Jul 12 2019 20:30:03 GMT+0200 (CEST);Fri Jul 12 2019 18:30:03 GMT+0200 (CEST);1562956203000;0;14.21
1380556833984591;24.5;28.9;Fri Jul 12 2019 20:31:56 GMT+0200 (CEST);Fri Jul 12 2019 18:31:56 GMT+0200 (CEST);1562956316000;0.01;12.87
1380556833984591;22.5;28.4;Fri Jul 12 2019 20:33:49 GMT+0200 (CEST);Fri Jul 12 2019 18:33:49 GMT+0200 (CEST);1562956429000;0;11.29
1380556833984591;22.5;28;Fri Jul 12 2019 20:35:42 GMT+0200 (CEST);Fri Jul 12 2019 18:35:42 GMT+0200 (CEST);1562956542000;0;9.37
1380556833984591;22.5;28.5;Fri Jul 12 2019 20:37:37 GMT+0200 (CEST);Fri Jul 12 2019 18:37:37 GMT+0200 (CEST);1562956657000;0;8.94
1380556833984591;22.5;28;Fri Jul 12 2019 20:39:31 GMT+0200 (CEST);Fri Jul 12 2019 18:39:31 GMT+0200 (CEST);1562956771000;0;9.47
1380556833984591;22.5;28.9;Fri Jul 12 2019 20:41:24 GMT+0200 (CEST);Fri Jul 12 2019 18:41:24 GMT+0200 (CEST);1562956884000;0;10
1380556833984591;22.5;30;Fri Jul 12 2019 20:43:27 GMT+0200 (CEST);Fri Jul 12 2019 18:43:27 GMT+0200 (CEST);1562957007000;0;7.84
1380556833984591;22.5;29.7;Fri Jul 12 2019 20:45:21 GMT+0200 (CEST);Fri Jul 12 2019 18:45:21 GMT+0200 (CEST);1562957121000;0;9.85
1380556833984591;22.5;29.6;Fri Jul 12 2019 20:47:15 GMT+0200 (CEST);Fri Jul 12 2019 18:47:15 GMT+0200 (CEST);1562957235000;0;10.07
1380556833984591;22.5;29.3;Fri Jul 12 2019 20:49:09 GMT+0200 (CEST);Fri Jul 12 2019 18:49:09 GMT+0200 (CEST);1562957349000;0;8.85
1380556833984591;22.5;30.5;Fri Jul 12 2019 20:51:04 GMT+0200 (CEST);Fri Jul 12 2019 18:51:04 GMT+0200 (CEST);1562957464000;0;7.73
1380556833984591;22.5;32.3;Fri Jul 12 2019 20:53:00 GMT+0200 (CEST);Fri Jul 12 2019 18:53:00 GMT+0200 (CEST);1562957580000;0;6.46
1380556833984591;22.5;32.5;Fri Jul 12 2019 20:54:53 GMT+0200 (CEST);Fri Jul 12 2019 18:54:53 GMT+0200 (CEST);1562957693000;0;4.96
1380556833984591;22.5;32.1;Fri Jul 12 2019 20:56:47 GMT+0200 (CEST);Fri Jul 12 2019 18:56:47 GMT+0200 (CEST);1562957807000;0;4.35
1380556833984591;22.5;31.5;Fri Jul 12 2019 20:58:40 GMT+0200 (CEST);Fri Jul 12 2019 18:58:40 GMT+0200 (CEST);1562957920000;0;3.71
1380556833984591;22.5;30.5;Fri Jul 12 2019 21:00:38 GMT+0200 (CEST);Fri Jul 12 2019 19:00:38 GMT+0200 (CEST);1562958038000;0;3.06
1380556833984591;21;29.6;Fri Jul 12 2019 21:02:33 GMT+0200 (CEST);Fri Jul 12 2019 19:02:33 GMT+0200 (CEST);1562958153000;0;2.31
1380556833984591;21;29.6;Fri Jul 12 2019 21:04:29 GMT+0200 (CEST);Fri Jul 12 2019 19:04:29 GMT+0200 (CEST);1562958269000;0;1.91
1380556833984591;21;29.6;Fri Jul 12 2019 21:06:24 GMT+0200 (CEST);Fri Jul 12 2019 19:06:24 GMT+0200 (CEST);1562958384000;0;1.64
1380556833984591;-273.2;26.6;Sat Jul 13 2019 05:36:39 GMT+0200 (CEST);Sat Jul 13 2019 03:36:39 GMT+0200 (CEST);1562988999000;0;2.27
1380556833984591;-273.2;26.6;Sat Jul 13 2019 05:38:33 GMT+0200 (CEST);Sat Jul 13 2019 03:38:33 GMT+0200 (CEST);1562989113000;0;2.81
1380556833984591;-273.2;26.6;Sat Jul 13 2019 05:40:27 GMT+0200 (CEST);Sat Jul 13 2019 03:40:27 GMT+0200 (CEST);1562989227000;0;3.06
1380556833984591;-273.2;29.9;Sat Jul 13 2019 06:09:40 GMT+0200 (CEST);Sat Jul 13 2019 04:09:40 GMT+0200 (CEST);1562990980000;0;8.46
1380556833984591;14.4;29.1;Sat Jul 13 2019 06:11:34 GMT+0200 (CEST);Sat Jul 13 2019 04:11:34 GMT+0200 (CEST);1562991094000;0;8.79
1380556833984591;14.4;28.9;Sat Jul 13 2019 06:13:28 GMT+0200 (CEST);Sat Jul 13 2019 04:13:28 GMT+0200 (CEST);1562991208000;0;9.11
1380556833984591;14.9;30;Sat Jul 13 2019 06:15:25 GMT+0200 (CEST);Sat Jul 13 2019 04:15:25 GMT+0200 (CEST);1562991325000;0;9.89
1380556833984591;14.9;30.2;Sat Jul 13 2019 06:17:20 GMT+0200 (CEST);Sat Jul 13 2019 04:17:20 GMT+0200 (CEST);1562991440000;0;10.61
1380556833984591;14.9;29.1;Sat Jul 13 2019 06:19:16 GMT+0200 (CEST);Sat Jul 13 2019 04:19:16 GMT+0200 (CEST);1562991556000;0;11.73
1380556833984591;14.9;28.8;Sat Jul 13 2019 06:21:16 GMT+0200 (CEST);Sat Jul 13 2019 04:21:16 GMT+0200 (CEST);1562991676000;0.01;13.22
1380556833984591;14.9;27.4;Sat Jul 13 2019 06:23:10 GMT+0200 (CEST);Sat Jul 13 2019 04:23:10 GMT+0200 (CEST);1562991790000;0.01;13.21
1380556833984591;14.9;27.6;Sat Jul 13 2019 06:25:05 GMT+0200 (CEST);Sat Jul 13 2019 04:25:05 GMT+0200 (CEST);1562991905000;0.02;15.52
1380556833984591;14.9;27.6;Sat Jul 13 2019 06:27:07 GMT+0200 (CEST);Sat Jul 13 2019 04:27:07 GMT+0200 (CEST);1562992027000;0.03;16.8
1380556833984591;14.9;27.5;Sat Jul 13 2019 06:29:11 GMT+0200 (CEST);Sat Jul 13 2019 04:29:11 GMT+0200 (CEST);1562992151000;0.03;17.19
1380556833984591;14.9;27.6;Sat Jul 13 2019 06:31:05 GMT+0200 (CEST);Sat Jul 13 2019 04:31:05 GMT+0200 (CEST);1562992265000;0.03;17.48
1380556833984591;14.9;27.5;Sat Jul 13 2019 06:32:59 GMT+0200 (CEST);Sat Jul 13 2019 04:32:59 GMT+0200 (CEST);1562992379000;0.03;17.5
1380556833984591;14.9;27.5;Sat Jul 13 2019 06:34:58 GMT+0200 (CEST);Sat Jul 13 2019 04:34:58 GMT+0200 (CEST);1562992498000;0.02;16.27
1380556833984591;14.9;27.4;Sat Jul 13 2019 06:36:55 GMT+0200 (CEST);Sat Jul 13 2019 04:36:55 GMT+0200 (CEST);1562992615000;0.01;14.39
1380556833984591;14.9;26.3;Sat Jul 13 2019 06:38:51 GMT+0200 (CEST);Sat Jul 13 2019 04:38:51 GMT+0200 (CEST);1562992731000;0.01;14.27
1380556833984591;14.9;27.3;Sat Jul 13 2019 06:40:49 GMT+0200 (CEST);Sat Jul 13 2019 04:40:49 GMT+0200 (CEST);1562992849000;0.01;14.73
1380556833984591;14.9;26.2;Sat Jul 13 2019 06:42:50 GMT+0200 (CEST);Sat Jul 13 2019 04:42:50 GMT+0200 (CEST);1562992970000;0.02;16.16
1380556833984591;14.9;26.1;Sat Jul 13 2019 06:44:45 GMT+0200 (CEST);Sat Jul 13 2019 04:44:45 GMT+0200 (CEST);1562993085000;0.05;21.01
1380556833984591;14.9;26.3;Sat Jul 13 2019 06:46:40 GMT+0200 (CEST);Sat Jul 13 2019 04:46:40 GMT+0200 (CEST);1562993200000;0.05;21.04
1380556833984591;14.4;27.3;Sat Jul 13 2019 06:48:33 GMT+0200 (CEST);Sat Jul 13 2019 04:48:33 GMT+0200 (CEST);1562993313000;0.07;26.31
1380556833984591;14.4;31.6;Sat Jul 13 2019 06:50:29 GMT+0200 (CEST);Sat Jul 13 2019 04:50:29 GMT+0200 (CEST);1562993429000;0.07;26
1380556833984591;15.9;31.3;Sat Jul 13 2019 06:52:25 GMT+0200 (CEST);Sat Jul 13 2019 04:52:25 GMT+0200 (CEST);1562993545000;0.07;28.14
1380556833984591;15.9;31.9;Sat Jul 13 2019 06:54:34 GMT+0200 (CEST);Sat Jul 13 2019 04:54:34 GMT+0200 (CEST);1562993674000;0.07;26.44
1380556833984591;15.9;31.5;Sat Jul 13 2019 06:56:29 GMT+0200 (CEST);Sat Jul 13 2019 04:56:29 GMT+0200 (CEST);1562993789000;0.06;25.84
1380556833984591;15.9;31.7;Sat Jul 13 2019 06:58:29 GMT+0200 (CEST);Sat Jul 13 2019 04:58:29 GMT+0200 (CEST);1562993909000;0.05;24.52
1380556833984591;15.9;31.9;Sat Jul 13 2019 07:00:25 GMT+0200 (CEST);Sat Jul 13 2019 05:00:25 GMT+0200 (CEST);1562994025000;0.05;24.15
1380556833984591;18.5;31.3;Sat Jul 13 2019 07:02:20 GMT+0200 (CEST);Sat Jul 13 2019 05:02:20 GMT+0200 (CEST);1562994140000;0.06;24.93
1380556833984591;18.5;31.9;Sat Jul 13 2019 07:04:37 GMT+0200 (CEST);Sat Jul 13 2019 05:04:37 GMT+0200 (CEST);1562994277000;0.07;28.45
1380556833984591;18.5;31.6;Sat Jul 13 2019 07:06:32 GMT+0200 (CEST);Sat Jul 13 2019 05:06:32 GMT+0200 (CEST);1562994392000;0.09;31.67
1380556833984591;16.9;32.3;Sat Jul 13 2019 07:08:25 GMT+0200 (CEST);Sat Jul 13 2019 05:08:25 GMT+0200 (CEST);1562994505000;0.12;37.98
1380556833984591;16.9;32.8;Sat Jul 13 2019 07:10:18 GMT+0200 (CEST);Sat Jul 13 2019 05:10:18 GMT+0200 (CEST);1562994618000;0.14;42.48
1380556833984591;18.5;32.9;Sat Jul 13 2019 07:12:12 GMT+0200 (CEST);Sat Jul 13 2019 05:12:12 GMT+0200 (CEST);1562994732000;0.17;48.2
1380556833984591;18.5;33.1;Sat Jul 13 2019 07:14:10 GMT+0200 (CEST);Sat Jul 13 2019 05:14:10 GMT+0200 (CEST);1562994850000;0.19;52.72
1380556833984591;18.5;32.8;Sat Jul 13 2019 07:16:03 GMT+0200 (CEST);Sat Jul 13 2019 05:16:03 GMT+0200 (CEST);1562994963000;0.17;49.11
1380556833984591;18.5;33;Sat Jul 13 2019 07:17:58 GMT+0200 (CEST);Sat Jul 13 2019 05:17:58 GMT+0200 (CEST);1562995078000;0.22;59.69
1380556833984591;18.5;32.9;Sat Jul 13 2019 07:19:52 GMT+0200 (CEST);Sat Jul 13 2019 05:19:52 GMT+0200 (CEST);1562995192000;0.2;54.48
1380556833984591;19;32.8;Sat Jul 13 2019 07:21:47 GMT+0200 (CEST);Sat Jul 13 2019 05:21:47 GMT+0200 (CEST);1562995307000;0.18;50.49
1380556833984591;19;32.8;Sat Jul 13 2019 07:23:43 GMT+0200 (CEST);Sat Jul 13 2019 05:23:43 GMT+0200 (CEST);1562995423000;0.18;51.54
1380556833984591;19;32.7;Sat Jul 13 2019 07:25:37 GMT+0200 (CEST);Sat Jul 13 2019 05:25:37 GMT+0200 (CEST);1562995537000;0.18;50.48
1380556833984591;19;32.4;Sat Jul 13 2019 07:27:34 GMT+0200 (CEST);Sat Jul 13 2019 05:27:34 GMT+0200 (CEST);1562995654000;0.14;43.01
1380556833984591;19;32.4;Sat Jul 13 2019 07:29:36 GMT+0200 (CEST);Sat Jul 13 2019 05:29:36 GMT+0200 (CEST);1562995776000;0.12;38.25
1380556833984591;19;32.6;Sat Jul 13 2019 07:31:30 GMT+0200 (CEST);Sat Jul 13 2019 05:31:30 GMT+0200 (CEST);1562995890000;0.13;40.5
1380556833984591;19;32.6;Sat Jul 13 2019 07:33:24 GMT+0200 (CEST);Sat Jul 13 2019 05:33:24 GMT+0200 (CEST);1562996004000;0.13;39.69
1380556833984591;19;32.3;Sat Jul 13 2019 07:35:17 GMT+0200 (CEST);Sat Jul 13 2019 05:35:17 GMT+0200 (CEST);1562996117000;0.12;38.23
1380556833984591;19;31.6;Sat Jul 13 2019 07:37:10 GMT+0200 (CEST);Sat Jul 13 2019 05:37:10 GMT+0200 (CEST);1562996230000;0.06;25.87
1380556833984591;19;30.9;Sat Jul 13 2019 07:39:24 GMT+0200 (CEST);Sat Jul 13 2019 05:39:24 GMT+0200 (CEST);1562996364000;0.04;21.63
1380556833984591;18.5;30.6;Sat Jul 13 2019 07:41:29 GMT+0200 (CEST);Sat Jul 13 2019 05:41:29 GMT+0200 (CEST);1562996489000;0.06;25
1380556833984591;18.5;31.5;Sat Jul 13 2019 07:43:25 GMT+0200 (CEST);Sat Jul 13 2019 05:43:25 GMT+0200 (CEST);1562996605000;0.07;27.12
1380556833984591;18.5;31.8;Sat Jul 13 2019 07:45:18 GMT+0200 (CEST);Sat Jul 13 2019 05:45:18 GMT+0200 (CEST);1562996718000;0.14;44.91
1380556833984591;19;32.8;Sat Jul 13 2019 07:47:24 GMT+0200 (CEST);Sat Jul 13 2019 05:47:24 GMT+0200 (CEST);1562996844000;0.18;52.62
1380556833984591;19;33.2;Sat Jul 13 2019 07:49:18 GMT+0200 (CEST);Sat Jul 13 2019 05:49:18 GMT+0200 (CEST);1562996958000;0.18;50.43
1380556833984591;19;32.9;Sat Jul 13 2019 07:51:11 GMT+0200 (CEST);Sat Jul 13 2019 05:51:11 GMT+0200 (CEST);1562997071000;0.21;56.8
1380556833984591;19;32.7;Sat Jul 13 2019 07:53:05 GMT+0200 (CEST);Sat Jul 13 2019 05:53:05 GMT+0200 (CEST);1562997185000;0.21;55.1
1380556833984591;19;33.2;Sat Jul 13 2019 07:55:01 GMT+0200 (CEST);Sat Jul 13 2019 05:55:01 GMT+0200 (CEST);1562997301000;0.26;66.2
1380556833984591;20.5;33;Sat Jul 13 2019 07:56:56 GMT+0200 (CEST);Sat Jul 13 2019 05:56:56 GMT+0200 (CEST);1562997416000;0.24;61.98
1380556833984591;20.5;33;Sat Jul 13 2019 07:58:49 GMT+0200 (CEST);Sat Jul 13 2019 05:58:49 GMT+0200 (CEST);1562997529000;0.21;55.75
1380556833984591;19;32.6;Sat Jul 13 2019 08:00:44 GMT+0200 (CEST);Sat Jul 13 2019 06:00:44 GMT+0200 (CEST);1562997644000;0.17;47.44
1380556833984591;19;32.5;Sat Jul 13 2019 08:02:38 GMT+0200 (CEST);Sat Jul 13 2019 06:02:38 GMT+0200 (CEST);1562997758000;0.17;47.65
1380556833984591;19;32.6;Sat Jul 13 2019 08:04:40 GMT+0200 (CEST);Sat Jul 13 2019 06:04:40 GMT+0200 (CEST);1562997880000;0.2;54.87
1380556833984591;20.5;32.5;Sat Jul 13 2019 08:06:33 GMT+0200 (CEST);Sat Jul 13 2019 06:06:33 GMT+0200 (CEST);1562997993000;0.18;50.44
1380556833984591;20.5;32.5;Sat Jul 13 2019 08:08:27 GMT+0200 (CEST);Sat Jul 13 2019 06:08:27 GMT+0200 (CEST);1562998107000;0.18;48.64
1380556833984591;20.5;32.6;Sat Jul 13 2019 08:10:23 GMT+0200 (CEST);Sat Jul 13 2019 06:10:23 GMT+0200 (CEST);1562998223000;0.21;55.25
1380556833984591;20.5;32.9;Sat Jul 13 2019 08:12:17 GMT+0200 (CEST);Sat Jul 13 2019 06:12:17 GMT+0200 (CEST);1562998337000;0.19;52.23
1380556833984591;20.5;32.8;Sat Jul 13 2019 08:14:12 GMT+0200 (CEST);Sat Jul 13 2019 06:14:12 GMT+0200 (CEST);1562998452000;0.2;54.65
1380556833984591;20.5;32.9;Sat Jul 13 2019 08:16:08 GMT+0200 (CEST);Sat Jul 13 2019 06:16:08 GMT+0200 (CEST);1562998568000;0.24;62.48
1380556833984591;20.5;32.8;Sat Jul 13 2019 08:18:04 GMT+0200 (CEST);Sat Jul 13 2019 06:18:04 GMT+0200 (CEST);1562998684000;0.29;69.2
1380556833984591;19.5;32.7;Sat Jul 13 2019 08:20:19 GMT+0200 (CEST);Sat Jul 13 2019 06:20:19 GMT+0200 (CEST);1562998819000;0.26;62.42
1380556833984591;19.5;32.2;Sat Jul 13 2019 08:22:13 GMT+0200 (CEST);Sat Jul 13 2019 06:22:13 GMT+0200 (CEST);1562998933000;0.29;70.97
1380556833984591;20.5;32.7;Sat Jul 13 2019 08:24:15 GMT+0200 (CEST);Sat Jul 13 2019 06:24:15 GMT+0200 (CEST);1562999055000;0.36;80.69
1380556833984591;20.5;32.5;Sat Jul 13 2019 08:26:10 GMT+0200 (CEST);Sat Jul 13 2019 06:26:10 GMT+0200 (CEST);1562999170000;0.33;76.8
1380556833984591;20.5;33.2;Sat Jul 13 2019 08:28:06 GMT+0200 (CEST);Sat Jul 13 2019 06:28:06 GMT+0200 (CEST);1562999286000;0.45;99.55
1380556833984591;20.5;33.4;Sat Jul 13 2019 08:30:07 GMT+0200 (CEST);Sat Jul 13 2019 06:30:07 GMT+0200 (CEST);1562999407000;0.36;84.9
1380556833984591;20.5;32.8;Sat Jul 13 2019 08:32:00 GMT+0200 (CEST);Sat Jul 13 2019 06:32:00 GMT+0200 (CEST);1562999520000;0.34;77.21
1380556833984591;21.5;32.7;Sat Jul 13 2019 08:33:54 GMT+0200 (CEST);Sat Jul 13 2019 06:33:54 GMT+0200 (CEST);1562999634000;0.35;77.94
1380556833984591;21.5;33.5;Sat Jul 13 2019 08:35:48 GMT+0200 (CEST);Sat Jul 13 2019 06:35:48 GMT+0200 (CEST);1562999748000;0.44;95.38
1380556833984591;21.5;33.6;Sat Jul 13 2019 08:37:46 GMT+0200 (CEST);Sat Jul 13 2019 06:37:46 GMT+0200 (CEST);1562999866000;0.39;89.06
1380556833984591;20.5;32.5;Sat Jul 13 2019 08:39:41 GMT+0200 (CEST);Sat Jul 13 2019 06:39:41 GMT+0200 (CEST);1562999981000;0.26;62.33
1380556833984591;20.5;32.4;Sat Jul 13 2019 08:41:34 GMT+0200 (CEST);Sat Jul 13 2019 06:41:34 GMT+0200 (CEST);1563000094000;0.29;64.57
1380556833984591;20.5;32;Sat Jul 13 2019 08:43:28 GMT+0200 (CEST);Sat Jul 13 2019 06:43:28 GMT+0200 (CEST);1563000208000;0.18;45.95
1380556833984591;20.5;31.6;Sat Jul 13 2019 08:45:27 GMT+0200 (CEST);Sat Jul 13 2019 06:45:27 GMT+0200 (CEST);1563000327000;0.17;44.53
1380556833984591;20.5;31.5;Sat Jul 13 2019 08:47:23 GMT+0200 (CEST);Sat Jul 13 2019 06:47:23 GMT+0200 (CEST);1563000443000;0.13;39.05
1380556833984591;20.5;32;Sat Jul 13 2019 08:49:26 GMT+0200 (CEST);Sat Jul 13 2019 06:49:26 GMT+0200 (CEST);1563000566000;0.25;60.68
1380556833984591;20.5;32;Sat Jul 13 2019 08:51:22 GMT+0200 (CEST);Sat Jul 13 2019 06:51:22 GMT+0200 (CEST);1563000682000;0.22;54
1380556833984591;20.5;32.3;Sat Jul 13 2019 08:53:16 GMT+0200 (CEST);Sat Jul 13 2019 06:53:16 GMT+0200 (CEST);1563000796000;0.17;45.76
1380556833984591;20.5;31.9;Sat Jul 13 2019 08:55:09 GMT+0200 (CEST);Sat Jul 13 2019 06:55:09 GMT+0200 (CEST);1563000909000;0.18;47.77
1380556833984591;20.5;31.9;Sat Jul 13 2019 08:57:05 GMT+0200 (CEST);Sat Jul 13 2019 06:57:05 GMT+0200 (CEST);1563001025000;0.21;54.98
1380556833984591;20.5;32.9;Sat Jul 13 2019 08:59:03 GMT+0200 (CEST);Sat Jul 13 2019 06:59:03 GMT+0200 (CEST);1563001143000;0.26;64.8
1380556833984591;20.5;31.9;Sat Jul 13 2019 09:00:59 GMT+0200 (CEST);Sat Jul 13 2019 07:00:59 GMT+0200 (CEST);1563001259000;0.21;52.72
1380556833984591;20;31.9;Sat Jul 13 2019 09:02:53 GMT+0200 (CEST);Sat Jul 13 2019 07:02:53 GMT+0200 (CEST);1563001373000;0.22;57.79
1380556833984591;20;32.3;Sat Jul 13 2019 09:04:48 GMT+0200 (CEST);Sat Jul 13 2019 07:04:48 GMT+0200 (CEST);1563001488000;0.21;53.16
1380556833984591;20.5;32.4;Sat Jul 13 2019 09:07:11 GMT+0200 (CEST);Sat Jul 13 2019 07:07:11 GMT+0200 (CEST);1563001631000;0.24;64.16
1380556833984591;20.5;32.9;Sat Jul 13 2019 09:09:04 GMT+0200 (CEST);Sat Jul 13 2019 07:09:04 GMT+0200 (CEST);1563001744000;0.48;104.91
1380556833984591;20.5;33.9;Sat Jul 13 2019 09:10:58 GMT+0200 (CEST);Sat Jul 13 2019 07:10:58 GMT+0200 (CEST);1563001858000;0.42;91.71
1380556833984591;20.5;33.2;Sat Jul 13 2019 09:12:53 GMT+0200 (CEST);Sat Jul 13 2019 07:12:53 GMT+0200 (CEST);1563001973000;0.3;69.13
1380556833984591;20.5;32.5;Sat Jul 13 2019 09:14:50 GMT+0200 (CEST);Sat Jul 13 2019 07:14:50 GMT+0200 (CEST);1563002090000;0.27;65.91
1380556833984591;20.5;32.8;Sat Jul 13 2019 09:16:45 GMT+0200 (CEST);Sat Jul 13 2019 07:16:45 GMT+0200 (CEST);1563002205000;0.36;83.05
1380556833984591;20.5;33.1;Sat Jul 13 2019 09:18:40 GMT+0200 (CEST);Sat Jul 13 2019 07:18:40 GMT+0200 (CEST);1563002320000;0.25;60.87
1380556833984591;20.5;31.6;Sat Jul 13 2019 09:21:13 GMT+0200 (CEST);Sat Jul 13 2019 07:21:13 GMT+0200 (CEST);1563002473000;0.15;44.99
1380556833984591;20.5;32.3;Sat Jul 13 2019 09:23:13 GMT+0200 (CEST);Sat Jul 13 2019 07:23:13 GMT+0200 (CEST);1563002593000;0.18;48.7
1380556833984591;20.5;31.9;Sat Jul 13 2019 09:25:11 GMT+0200 (CEST);Sat Jul 13 2019 07:25:11 GMT+0200 (CEST);1563002711000;0.25;65.03
1380556833984591;20.5;32.3;Sat Jul 13 2019 09:27:06 GMT+0200 (CEST);Sat Jul 13 2019 07:27:06 GMT+0200 (CEST);1563002826000;0.52;126.52
1380556833984591;20.5;34.7;Sat Jul 13 2019 09:28:59 GMT+0200 (CEST);Sat Jul 13 2019 07:28:59 GMT+0200 (CEST);1563002939000;0.73;163.03
1380556833984591;20.5;34.7;Sat Jul 13 2019 09:30:52 GMT+0200 (CEST);Sat Jul 13 2019 07:30:52 GMT+0200 (CEST);1563003052000;0.87;196.47
1380556833984591;21;34.7;Sat Jul 13 2019 09:32:46 GMT+0200 (CEST);Sat Jul 13 2019 07:32:46 GMT+0200 (CEST);1563003166000;0.86;187.53
1380556833984591;21;34.5;Sat Jul 13 2019 09:35:39 GMT+0200 (CEST);Sat Jul 13 2019 07:35:39 GMT+0200 (CEST);1563003339000;0.74;163.19
1380556833984591;22.5;34.3;Sat Jul 13 2019 09:38:15 GMT+0200 (CEST);Sat Jul 13 2019 07:38:15 GMT+0200 (CEST);1563003495000;0.75;165.91
1380556833984591;22.5;34.3;Sat Jul 13 2019 09:40:11 GMT+0200 (CEST);Sat Jul 13 2019 07:40:11 GMT+0200 (CEST);1563003611000;0.7;158.44
1380556833984591;23;34.3;Sat Jul 13 2019 09:42:11 GMT+0200 (CEST);Sat Jul 13 2019 07:42:11 GMT+0200 (CEST);1563003731000;0.68;152.59
1380556833984591;23;34.3;Sat Jul 13 2019 09:44:08 GMT+0200 (CEST);Sat Jul 13 2019 07:44:08 GMT+0200 (CEST);1563003848000;0.74;169.38
1380556833984591;23;34.6;Sat Jul 13 2019 09:46:04 GMT+0200 (CEST);Sat Jul 13 2019 07:46:04 GMT+0200 (CEST);1563003964000;1.25;271.96
1380556833984591;23;34.8;Sat Jul 13 2019 09:47:58 GMT+0200 (CEST);Sat Jul 13 2019 07:47:58 GMT+0200 (CEST);1563004078000;1.11;237.53
1380556833984591;23;34.2;Sat Jul 13 2019 09:50:00 GMT+0200 (CEST);Sat Jul 13 2019 07:50:00 GMT+0200 (CEST);1563004200000;0.66;151.25
1380556833984591;23;34.2;Sat Jul 13 2019 09:52:05 GMT+0200 (CEST);Sat Jul 13 2019 07:52:05 GMT+0200 (CEST);1563004325000;0.78;168.28
1380556833984591;23;34.1;Sat Jul 13 2019 09:54:01 GMT+0200 (CEST);Sat Jul 13 2019 07:54:01 GMT+0200 (CEST);1563004441000;0.7;155.64
1380556833984591;24.5;34.2;Sat Jul 13 2019 09:55:54 GMT+0200 (CEST);Sat Jul 13 2019 07:55:54 GMT+0200 (CEST);1563004554000;0.88;190.19
1380556833984591;24.5;34.6;Sat Jul 13 2019 09:57:51 GMT+0200 (CEST);Sat Jul 13 2019 07:57:51 GMT+0200 (CEST);1563004671000;1.03;223.49
1380556833984591;24.5;34.6;Sat Jul 13 2019 09:59:49 GMT+0200 (CEST);Sat Jul 13 2019 07:59:49 GMT+0200 (CEST);1563004789000;1.13;243.73
1380556833984591;24.5;34.6;Sat Jul 13 2019 10:01:44 GMT+0200 (CEST);Sat Jul 13 2019 08:01:44 GMT+0200 (CEST);1563004904000;1.19;249.55
1380556833984591;24.5;34.5;Sat Jul 13 2019 10:03:37 GMT+0200 (CEST);Sat Jul 13 2019 08:03:37 GMT+0200 (CEST);1563005017000;1.17;250.65
1380556833984591;25;34.6;Sat Jul 13 2019 10:05:30 GMT+0200 (CEST);Sat Jul 13 2019 08:05:30 GMT+0200 (CEST);1563005130000;1.16;240.71
1380556833984591;25;34.4;Sat Jul 13 2019 10:07:24 GMT+0200 (CEST);Sat Jul 13 2019 08:07:24 GMT+0200 (CEST);1563005244000;0.9;193.7
1380556833984591;25;34.2;Sat Jul 13 2019 10:09:31 GMT+0200 (CEST);Sat Jul 13 2019 08:09:31 GMT+0200 (CEST);1563005371000;0.82;174
1380556833984591;25;33.8;Sat Jul 13 2019 10:11:24 GMT+0200 (CEST);Sat Jul 13 2019 08:11:24 GMT+0200 (CEST);1563005484000;0.69;152.88
1380556833984591;25;34.3;Sat Jul 13 2019 10:13:20 GMT+0200 (CEST);Sat Jul 13 2019 08:13:20 GMT+0200 (CEST);1563005600000;0.98;209.1
1380556833984591;25;34.3;Sat Jul 13 2019 10:15:13 GMT+0200 (CEST);Sat Jul 13 2019 08:15:13 GMT+0200 (CEST);1563005713000;0.9;198.12
1380556833984591;25;34.5;Sat Jul 13 2019 10:17:12 GMT+0200 (CEST);Sat Jul 13 2019 08:17:12 GMT+0200 (CEST);1563005832000;1.42;313.55
1380556833984591;25;34.9;Sat Jul 13 2019 10:19:05 GMT+0200 (CEST);Sat Jul 13 2019 08:19:05 GMT+0200 (CEST);1563005945000;1.35;283.52
1380556833984591;25;34.6;Sat Jul 13 2019 10:21:00 GMT+0200 (CEST);Sat Jul 13 2019 08:21:00 GMT+0200 (CEST);1563006060000;1.21;248.94
1380556833984591;25;34.4;Sat Jul 13 2019 10:22:54 GMT+0200 (CEST);Sat Jul 13 2019 08:22:54 GMT+0200 (CEST);1563006174000;1.03;218.93
1380556833984591;26.5;34.4;Sat Jul 13 2019 10:24:52 GMT+0200 (CEST);Sat Jul 13 2019 08:24:52 GMT+0200 (CEST);1563006292000;1.07;229.75
1380556833984591;26.5;34.4;Sat Jul 13 2019 10:26:48 GMT+0200 (CEST);Sat Jul 13 2019 08:26:48 GMT+0200 (CEST);1563006408000;1.04;223.29
1380556833984591;26.5;34.5;Sat Jul 13 2019 10:28:43 GMT+0200 (CEST);Sat Jul 13 2019 08:28:43 GMT+0200 (CEST);1563006523000;1.24;265.2
1380556833984591;26.5;34.5;Sat Jul 13 2019 10:30:37 GMT+0200 (CEST);Sat Jul 13 2019 08:30:37 GMT+0200 (CEST);1563006637000;1.31;271.51
1380556833984591;26.5;34.5;Sat Jul 13 2019 10:32:57 GMT+0200 (CEST);Sat Jul 13 2019 08:32:57 GMT+0200 (CEST);1563006777000;1.42;295.82
1380556833984591;26.5;34.5;Sat Jul 13 2019 10:34:51 GMT+0200 (CEST);Sat Jul 13 2019 08:34:51 GMT+0200 (CEST);1563006891000;1.13;234.29
1380556833984591;26.5;34.1;Sat Jul 13 2019 10:36:50 GMT+0200 (CEST);Sat Jul 13 2019 08:36:50 GMT+0200 (CEST);1563007010000;0.93;196.99
1380556833984591;26.5;34;Sat Jul 13 2019 10:38:43 GMT+0200 (CEST);Sat Jul 13 2019 08:38:43 GMT+0200 (CEST);1563007123000;0.7;148.64
1380556833984591;26.5;33.1;Sat Jul 13 2019 10:40:47 GMT+0200 (CEST);Sat Jul 13 2019 08:40:47 GMT+0200 (CEST);1563007247000;0.49;106.95
1380556833984591;26.5;33;Sat Jul 13 2019 10:42:45 GMT+0200 (CEST);Sat Jul 13 2019 08:42:45 GMT+0200 (CEST);1563007365000;0.56;122.48
1380556833984591;25;32.9;Sat Jul 13 2019 10:44:43 GMT+0200 (CEST);Sat Jul 13 2019 08:44:43 GMT+0200 (CEST);1563007483000;0.55;120.63
1380556833984591;25;33.4;Sat Jul 13 2019 10:46:43 GMT+0200 (CEST);Sat Jul 13 2019 08:46:43 GMT+0200 (CEST);1563007603000;0.62;138.64
1380556833984591;25;33.8;Sat Jul 13 2019 10:48:46 GMT+0200 (CEST);Sat Jul 13 2019 08:48:46 GMT+0200 (CEST);1563007726000;0.82;181.55
1380556833984591;25;34.5;Sat Jul 13 2019 10:50:48 GMT+0200 (CEST);Sat Jul 13 2019 08:50:48 GMT+0200 (CEST);1563007848000;1.05;226.8
1380556833984591;25;34.5;Sat Jul 13 2019 10:52:57 GMT+0200 (CEST);Sat Jul 13 2019 08:52:57 GMT+0200 (CEST);1563007977000;0.72;163.04
1380556833984591;25;34;Sat Jul 13 2019 10:54:52 GMT+0200 (CEST);Sat Jul 13 2019 08:54:52 GMT+0200 (CEST);1563008092000;0.86;187.99
1380556833984591;25;34.3;Sat Jul 13 2019 10:56:53 GMT+0200 (CEST);Sat Jul 13 2019 08:56:53 GMT+0200 (CEST);1563008213000;0.95;206.76
1380556833984591;25;34.5;Sat Jul 13 2019 10:58:47 GMT+0200 (CEST);Sat Jul 13 2019 08:58:47 GMT+0200 (CEST);1563008327000;1.11;237.91
1380556833984591;25;34.7;Sat Jul 13 2019 11:01:04 GMT+0200 (CEST);Sat Jul 13 2019 09:01:04 GMT+0200 (CEST);1563008464000;1.46;306.39
1380556833984591;26.5;34.8;Sat Jul 13 2019 11:03:00 GMT+0200 (CEST);Sat Jul 13 2019 09:03:00 GMT+0200 (CEST);1563008580000;1.28;265.3
1380556833984591;26.5;33.7;Sat Jul 13 2019 11:04:56 GMT+0200 (CEST);Sat Jul 13 2019 09:04:56 GMT+0200 (CEST);1563008696000;0.68;147.62
1380556833984591;25;33.3;Sat Jul 13 2019 11:06:57 GMT+0200 (CEST);Sat Jul 13 2019 09:06:57 GMT+0200 (CEST);1563008817000;0.56;126.51
1380556833984591;25;33.6;Sat Jul 13 2019 11:09:01 GMT+0200 (CEST);Sat Jul 13 2019 09:09:01 GMT+0200 (CEST);1563008941000;0.73;156.32
1380556833984591;25;33.8;Sat Jul 13 2019 11:10:55 GMT+0200 (CEST);Sat Jul 13 2019 09:10:55 GMT+0200 (CEST);1563009055000;0.56;126.63
1380556833984591;25;34;Sat Jul 13 2019 11:12:53 GMT+0200 (CEST);Sat Jul 13 2019 09:12:53 GMT+0200 (CEST);1563009173000;0.9;199.09
1380556833984591;25;34.8;Sat Jul 13 2019 11:15:08 GMT+0200 (CEST);Sat Jul 13 2019 09:15:08 GMT+0200 (CEST);1563009308000;1.51;317.73
1380556833984591;26.5;34.9;Sat Jul 13 2019 11:17:01 GMT+0200 (CEST);Sat Jul 13 2019 09:17:01 GMT+0200 (CEST);1563009421000;1.95;404.47
1380556833984591;26.5;34.9;Sat Jul 13 2019 11:18:54 GMT+0200 (CEST);Sat Jul 13 2019 09:18:54 GMT+0200 (CEST);1563009534000;2;424.95
1380556833984591;26.5;34.9;Sat Jul 13 2019 11:20:47 GMT+0200 (CEST);Sat Jul 13 2019 09:20:47 GMT+0200 (CEST);1563009647000;2.24;465.91
1380556833984591;26.5;34.6;Sat Jul 13 2019 11:22:43 GMT+0200 (CEST);Sat Jul 13 2019 09:22:43 GMT+0200 (CEST);1563009763000;2.24;471.03
1380556833984591;26.5;34.5;Sat Jul 13 2019 11:24:42 GMT+0200 (CEST);Sat Jul 13 2019 09:24:42 GMT+0200 (CEST);1563009882000;2.02;432.63
1380556833984591;27;34.2;Sat Jul 13 2019 11:26:36 GMT+0200 (CEST);Sat Jul 13 2019 09:26:36 GMT+0200 (CEST);1563009996000;1.98;424.95
1380556833984591;27;34.3;Sat Jul 13 2019 11:28:30 GMT+0200 (CEST);Sat Jul 13 2019 09:28:30 GMT+0200 (CEST);1563010110000;2.32;535.03
1380556833984591;28.5;34.2;Sat Jul 13 2019 11:30:25 GMT+0200 (CEST);Sat Jul 13 2019 09:30:25 GMT+0200 (CEST);1563010225000;2.48;529.91
1380556833984591;28.5;34;Sat Jul 13 2019 11:32:26 GMT+0200 (CEST);Sat Jul 13 2019 09:32:26 GMT+0200 (CEST);1563010346000;2.27;481.27
1380556833984591;30.5;34;Sat Jul 13 2019 11:34:34 GMT+0200 (CEST);Sat Jul 13 2019 09:34:34 GMT+0200 (CEST);1563010474000;2.14;468.47
1380556833984591;30.5;33.8;Sat Jul 13 2019 11:36:28 GMT+0200 (CEST);Sat Jul 13 2019 09:36:28 GMT+0200 (CEST);1563010588000;2.97;619.51
1380556833984591;30.5;33.8;Sat Jul 13 2019 11:38:21 GMT+0200 (CEST);Sat Jul 13 2019 09:38:21 GMT+0200 (CEST);1563010701000;3.03;645.11
1380556833984591;31.1;33.6;Sat Jul 13 2019 11:40:18 GMT+0200 (CEST);Sat Jul 13 2019 09:40:18 GMT+0200 (CEST);1563010818000;3.06;634.87
1380556833984591;31.1;33.6;Sat Jul 13 2019 11:42:17 GMT+0200 (CEST);Sat Jul 13 2019 09:42:17 GMT+0200 (CEST);1563010937000;3;614.39
1380556833984591;31.1;33.6;Sat Jul 13 2019 11:44:15 GMT+0200 (CEST);Sat Jul 13 2019 09:44:15 GMT+0200 (CEST);1563011055000;2.85;604.15
1380556833984591;31.1;33.2;Sat Jul 13 2019 11:46:07 GMT+0200 (CEST);Sat Jul 13 2019 09:46:07 GMT+0200 (CEST);1563011167000;2.22;463.35
1380556833984591;31.1;33.1;Sat Jul 13 2019 11:48:03 GMT+0200 (CEST);Sat Jul 13 2019 09:48:03 GMT+0200 (CEST);1563011283000;1.73;371.19
1380556833984591;32.1;33.1;Sat Jul 13 2019 11:49:55 GMT+0200 (CEST);Sat Jul 13 2019 09:49:55 GMT+0200 (CEST);1563011395000;2.01;432.63
1380556833984591;32.1;33.5;Sat Jul 13 2019 11:51:59 GMT+0200 (CEST);Sat Jul 13 2019 09:51:59 GMT+0200 (CEST);1563011519000;2.13;453.11
1380556833984591;32.1;33.6;Sat Jul 13 2019 11:53:55 GMT+0200 (CEST);Sat Jul 13 2019 09:53:55 GMT+0200 (CEST);1563011635000;2.65;552.95
1380556833984591;32.1;33.6;Sat Jul 13 2019 11:55:51 GMT+0200 (CEST);Sat Jul 13 2019 09:55:51 GMT+0200 (CEST);1563011751000;2.08;440.31
1380556833984591;32.1;33.4;Sat Jul 13 2019 11:57:45 GMT+0200 (CEST);Sat Jul 13 2019 09:57:45 GMT+0200 (CEST);1563011865000;2.02;455.67
1380556833984591;32.1;33.4;Sat Jul 13 2019 12:02:12 GMT+0200 (CEST);Sat Jul 13 2019 10:02:12 GMT+0200 (CEST);1563012132000;2.36;481.27
1380556833984591;34.6;33.3;Sat Jul 13 2019 12:04:08 GMT+0200 (CEST);Sat Jul 13 2019 10:04:08 GMT+0200 (CEST);1563012248000;2.48;511.99
1380556833984591;34.6;33.4;Sat Jul 13 2019 12:06:40 GMT+0200 (CEST);Sat Jul 13 2019 10:06:40 GMT+0200 (CEST);1563012400000;1.77;383.99
1380556833984591;34.6;33.1;Sat Jul 13 2019 12:08:35 GMT+0200 (CEST);Sat Jul 13 2019 10:08:35 GMT+0200 (CEST);1563012515000;1.54;330.23
1380556833984591;34.6;33.4;Sat Jul 13 2019 12:10:40 GMT+0200 (CEST);Sat Jul 13 2019 10:10:40 GMT+0200 (CEST);1563012640000;1.78;373.75
1380556833984591;34.6;33.1;Sat Jul 13 2019 12:12:36 GMT+0200 (CEST);Sat Jul 13 2019 10:12:36 GMT+0200 (CEST);1563012756000;1.37;292.53
1380556833984591;32.1;33.1;Sat Jul 13 2019 12:14:35 GMT+0200 (CEST);Sat Jul 13 2019 10:14:35 GMT+0200 (CEST);1563012875000;1.31;293.39
1380556833984591;32.1;33.6;Sat Jul 13 2019 12:16:30 GMT+0200 (CEST);Sat Jul 13 2019 10:16:30 GMT+0200 (CEST);1563012990000;2.24;481.27
1380556833984591;32.1;33.5;Sat Jul 13 2019 12:22:19 GMT+0200 (CEST);Sat Jul 13 2019 10:22:19 GMT+0200 (CEST);1563013339000;3.04;828.03
1380556833984591;32.1;33.7;Sat Jul 13 2019 12:24:12 GMT+0200 (CEST);Sat Jul 13 2019 10:24:12 GMT+0200 (CEST);1563013452000;2.2;435.19
1380556833984591;32.1;33.2;Sat Jul 13 2019 12:26:11 GMT+0200 (CEST);Sat Jul 13 2019 10:26:11 GMT+0200 (CEST);1563013571000;2.23;473.59
1380556833984591;32.1;33.3;Sat Jul 13 2019 12:28:06 GMT+0200 (CEST);Sat Jul 13 2019 10:28:06 GMT+0200 (CEST);1563013686000;1.99;422.39
1380556833984591;34.6;33.3;Sat Jul 13 2019 12:30:12 GMT+0200 (CEST);Sat Jul 13 2019 10:30:12 GMT+0200 (CEST);1563013812000;2.24;514.55
1380556833984591;34.6;33.3;Sat Jul 13 2019 12:32:09 GMT+0200 (CEST);Sat Jul 13 2019 10:32:09 GMT+0200 (CEST);1563013929000;3.6;803.81
1380556833984591;34.6;33.4;Sat Jul 13 2019 12:34:26 GMT+0200 (CEST);Sat Jul 13 2019 10:34:26 GMT+0200 (CEST);1563014066000;6.1;1121.27
1380556833984591;34.6;32.6;Sat Jul 13 2019 12:36:23 GMT+0200 (CEST);Sat Jul 13 2019 10:36:23 GMT+0200 (CEST);1563014183000;3;578.55
1380556833984591;34.6;32.3;Sat Jul 13 2019 12:38:19 GMT+0200 (CEST);Sat Jul 13 2019 10:38:19 GMT+0200 (CEST);1563014299000;6.22;1205.75
1380556833984591;36.6;32.6;Sat Jul 13 2019 12:40:20 GMT+0200 (CEST);Sat Jul 13 2019 10:40:20 GMT+0200 (CEST);1563014420000;1.76;355.83
1380556833984591;36.6;31.7;Sat Jul 13 2019 12:42:17 GMT+0200 (CEST);Sat Jul 13 2019 10:42:17 GMT+0200 (CEST);1563014537000;0.89;177.18
1380556833984591;36.6;31.2;Sat Jul 13 2019 12:43:37 GMT+0200 (CEST);Sat Jul 13 2019 10:43:37 GMT+0200 (CEST);1563014617000;0.53;110.06
1380556833984591;31.1;34.1;Sat Jul 13 2019 12:57:13 GMT+0200 (CEST);Sat Jul 13 2019 10:57:13 GMT+0200 (CEST);1563015433000;1.27;267.89
1380556833984591;35.1;32.3;Sat Jul 13 2019 13:24:35 GMT+0200 (CEST);Sat Jul 13 2019 11:24:35 GMT+0200 (CEST);1563017075000;5.7;1162.23
1380556833984591;36.6;31.9;Sat Jul 13 2019 13:26:30 GMT+0200 (CEST);Sat Jul 13 2019 11:26:30 GMT+0200 (CEST);1563017190000;5.68;1167.35
1380556833984591;36.6;31.7;Sat Jul 13 2019 13:28:24 GMT+0200 (CEST);Sat Jul 13 2019 11:28:24 GMT+0200 (CEST);1563017304000;5.6;1151.99
1380556833984591;38.6;31.7;Sat Jul 13 2019 13:30:25 GMT+0200 (CEST);Sat Jul 13 2019 11:30:25 GMT+0200 (CEST);1563017425000;5.89;1200.63
1380556833984591;38.6;31.1;Sat Jul 13 2019 13:32:22 GMT+0200 (CEST);Sat Jul 13 2019 11:32:22 GMT+0200 (CEST);1563017542000;2.77;501.75
1380556833984591;38.6;31.6;Sat Jul 13 2019 13:34:16 GMT+0200 (CEST);Sat Jul 13 2019 11:34:16 GMT+0200 (CEST);1563017656000;6.19;1251.83
1380556833984591;40.6;32.2;Sat Jul 13 2019 13:36:16 GMT+0200 (CEST);Sat Jul 13 2019 11:36:16 GMT+0200 (CEST);1563017776000;6.49;1300.47
1380556833984591;40.6;32;Sat Jul 13 2019 13:38:24 GMT+0200 (CEST);Sat Jul 13 2019 11:38:24 GMT+0200 (CEST);1563017904000;1.59;302.34
1380556833984591;40.6;31.6;Sat Jul 13 2019 13:40:25 GMT+0200 (CEST);Sat Jul 13 2019 11:40:25 GMT+0200 (CEST);1563018025000;0.78;157.83
1380556833984591;40.6;31.6;Sat Jul 13 2019 13:42:21 GMT+0200 (CEST);Sat Jul 13 2019 11:42:21 GMT+0200 (CEST);1563018141000;0.51;114.78
1380556833984591;38.6;31.4;Sat Jul 13 2019 13:44:20 GMT+0200 (CEST);Sat Jul 13 2019 11:44:20 GMT+0200 (CEST);1563018260000;0.47;102.57
1380556833984591;38.6;32.1;Sat Jul 13 2019 13:46:16 GMT+0200 (CEST);Sat Jul 13 2019 11:46:16 GMT+0200 (CEST);1563018376000;0.71;151.94
1380556833984591;35.1;32.9;Sat Jul 13 2019 13:48:09 GMT+0200 (CEST);Sat Jul 13 2019 11:48:09 GMT+0200 (CEST);1563018489000;1.04;220.38
1380556833984591;35.1;34.1;Sat Jul 13 2019 13:50:04 GMT+0200 (CEST);Sat Jul 13 2019 11:50:04 GMT+0200 (CEST);1563018604000;1.16;244.09
1380556833984591;35.1;34.2;Sat Jul 13 2019 13:52:20 GMT+0200 (CEST);Sat Jul 13 2019 11:52:20 GMT+0200 (CEST);1563018740000;1.14;239.49
1380556833984591;32.1;34.3;Sat Jul 13 2019 13:54:13 GMT+0200 (CEST);Sat Jul 13 2019 11:54:13 GMT+0200 (CEST);1563018853000;1.14;238.97
1380556833984591;32.1;34.5;Sat Jul 13 2019 13:56:14 GMT+0200 (CEST);Sat Jul 13 2019 11:56:14 GMT+0200 (CEST);1563018974000;1.08;229.88
1380556833984591;30.5;34.5;Sat Jul 13 2019 13:58:07 GMT+0200 (CEST);Sat Jul 13 2019 11:58:07 GMT+0200 (CEST);1563019087000;1.06;226.64
1380556833984591;30.5;34.4;Sat Jul 13 2019 14:00:05 GMT+0200 (CEST);Sat Jul 13 2019 12:00:05 GMT+0200 (CEST);1563019205000;1.05;225.97
1380556833984591;30.5;34.5;Sat Jul 13 2019 14:02:06 GMT+0200 (CEST);Sat Jul 13 2019 12:02:06 GMT+0200 (CEST);1563019326000;1.02;218.91
1380556833984591;29;34.1;Sat Jul 13 2019 14:04:15 GMT+0200 (CEST);Sat Jul 13 2019 12:04:15 GMT+0200 (CEST);1563019455000;0.99;216.06
1380556833984591;29;34.2;Sat Jul 13 2019 14:06:16 GMT+0200 (CEST);Sat Jul 13 2019 12:06:16 GMT+0200 (CEST);1563019576000;1.11;240.47
1380556833984591;29;34.3;Sat Jul 13 2019 14:08:21 GMT+0200 (CEST);Sat Jul 13 2019 12:08:21 GMT+0200 (CEST);1563019701000;1.2;251.54
1380556833984591;29;34.2;Sat Jul 13 2019 14:10:14 GMT+0200 (CEST);Sat Jul 13 2019 12:10:14 GMT+0200 (CEST);1563019814000;1.22;256.63
1380556833984591;28.5;34.2;Sat Jul 13 2019 14:12:09 GMT+0200 (CEST);Sat Jul 13 2019 12:12:09 GMT+0200 (CEST);1563019929000;1.23;258.23
1380556833984591;28.5;34.1;Sat Jul 13 2019 14:14:07 GMT+0200 (CEST);Sat Jul 13 2019 12:14:07 GMT+0200 (CEST);1563020047000;1.04;219.72
1380556833984591;28.5;33.6;Sat Jul 13 2019 14:16:00 GMT+0200 (CEST);Sat Jul 13 2019 12:16:00 GMT+0200 (CEST);1563020160000;0.65;148.1
1380556833984591;28.5;33.1;Sat Jul 13 2019 14:17:53 GMT+0200 (CEST);Sat Jul 13 2019 12:17:53 GMT+0200 (CEST);1563020273000;0.45;106.87
1380556833984591;28.5;32.9;Sat Jul 13 2019 14:19:58 GMT+0200 (CEST);Sat Jul 13 2019 12:19:58 GMT+0200 (CEST);1563020398000;0.68;141.71
1380556833984591;27;33.5;Sat Jul 13 2019 14:21:52 GMT+0200 (CEST);Sat Jul 13 2019 12:21:52 GMT+0200 (CEST);1563020512000;1.02;215.85
1380556833984591;27;34.3;Sat Jul 13 2019 14:24:45 GMT+0200 (CEST);Sat Jul 13 2019 12:24:45 GMT+0200 (CEST);1563020685000;1.3;278.25
1380556833984591;27;34.6;Sat Jul 13 2019 14:26:42 GMT+0200 (CEST);Sat Jul 13 2019 12:26:42 GMT+0200 (CEST);1563020802000;1.45;304.28
1380556833984591;27;34.5;Sat Jul 13 2019 14:28:38 GMT+0200 (CEST);Sat Jul 13 2019 12:28:38 GMT+0200 (CEST);1563020918000;1.34;281.05
1380556833984591;27;34.3;Sat Jul 13 2019 14:30:35 GMT+0200 (CEST);Sat Jul 13 2019 12:30:35 GMT+0200 (CEST);1563021035000;1.09;224.19
1380556833984591;28.5;33.2;Sat Jul 13 2019 14:32:38 GMT+0200 (CEST);Sat Jul 13 2019 12:32:38 GMT+0200 (CEST);1563021158000;0.73;155.67
1380556833984591;28.5;32.7;Sat Jul 13 2019 14:34:33 GMT+0200 (CEST);Sat Jul 13 2019 12:34:33 GMT+0200 (CEST);1563021273000;0.65;149.22
1380556833984591;27;33.2;Sat Jul 13 2019 14:36:30 GMT+0200 (CEST);Sat Jul 13 2019 12:36:30 GMT+0200 (CEST);1563021390000;0.88;191.73
1380556833984591;27;33.5;Sat Jul 13 2019 14:38:23 GMT+0200 (CEST);Sat Jul 13 2019 12:38:23 GMT+0200 (CEST);1563021503000;1.24;256.47
1380556833984591;27;34.5;Sat Jul 13 2019 14:40:16 GMT+0200 (CEST);Sat Jul 13 2019 12:40:16 GMT+0200 (CEST);1563021616000;1.48;308.07
1380556833984591;27;34.5;Sat Jul 13 2019 14:42:24 GMT+0200 (CEST);Sat Jul 13 2019 12:42:24 GMT+0200 (CEST);1563021744000;1.61;337.91
1380556833984591;27;34.5;Sat Jul 13 2019 14:44:20 GMT+0200 (CEST);Sat Jul 13 2019 12:44:20 GMT+0200 (CEST);1563021860000;1.73;358.39
1380556833984591;28.5;34.5;Sat Jul 13 2019 14:46:13 GMT+0200 (CEST);Sat Jul 13 2019 12:46:13 GMT+0200 (CEST);1563021973000;1.8;378.87
1380556833984591;28.5;34.5;Sat Jul 13 2019 14:48:08 GMT+0200 (CEST);Sat Jul 13 2019 12:48:08 GMT+0200 (CEST);1563022088000;1.89;394.23
1380556833984591;28.5;34.2;Sat Jul 13 2019 14:51:07 GMT+0200 (CEST);Sat Jul 13 2019 12:51:07 GMT+0200 (CEST);1563022267000;1.83;378.87
1380556833984591;28.5;34.1;Sat Jul 13 2019 14:53:05 GMT+0200 (CEST);Sat Jul 13 2019 12:53:05 GMT+0200 (CEST);1563022385000;1.72;371.19
1380556833984591;29;34.2;Sat Jul 13 2019 14:55:14 GMT+0200 (CEST);Sat Jul 13 2019 12:55:14 GMT+0200 (CEST);1563022514000;1.93;404.47
1380556833984591;29;34.1;Sat Jul 13 2019 14:57:09 GMT+0200 (CEST);Sat Jul 13 2019 12:57:09 GMT+0200 (CEST);1563022629000;1.92;404.47
1380556833984591;29;34.2;Sat Jul 13 2019 14:59:03 GMT+0200 (CEST);Sat Jul 13 2019 12:59:03 GMT+0200 (CEST);1563022743000;2.08;435.19
1380556833984591;30.5;34.1;Sat Jul 13 2019 15:00:58 GMT+0200 (CEST);Sat Jul 13 2019 13:00:58 GMT+0200 (CEST);1563022858000;2.18;465.91
1380556833984591;30.5;34.2;Sat Jul 13 2019 15:02:58 GMT+0200 (CEST);Sat Jul 13 2019 13:02:58 GMT+0200 (CEST);1563022978000;2.6;550.39
1380556833984591;30.5;34.6;Sat Jul 13 2019 15:05:16 GMT+0200 (CEST);Sat Jul 13 2019 13:05:16 GMT+0200 (CEST);1563023116000;4.69;1023.99
1380556833984591;30.5;34.1;Sat Jul 13 2019 15:07:10 GMT+0200 (CEST);Sat Jul 13 2019 13:07:10 GMT+0200 (CEST);1563023230000;5.31;1111.03
1380556833984591;32.1;32.8;Sat Jul 13 2019 15:09:07 GMT+0200 (CEST);Sat Jul 13 2019 13:09:07 GMT+0200 (CEST);1563023347000;1.43;312.46
1380556833984591;32.1;33;Sat Jul 13 2019 15:11:02 GMT+0200 (CEST);Sat Jul 13 2019 13:11:02 GMT+0200 (CEST);1563023462000;4.73;1021.43
1380556833984591;34.6;32.4;Sat Jul 13 2019 15:12:59 GMT+0200 (CEST);Sat Jul 13 2019 13:12:59 GMT+0200 (CEST);1563023579000;1.33;306.23
1380556833984591;34.6;32.1;Sat Jul 13 2019 15:14:53 GMT+0200 (CEST);Sat Jul 13 2019 13:14:53 GMT+0200 (CEST);1563023693000;1.46;310.2
1380556833984591;34.6;32.6;Sat Jul 13 2019 15:16:49 GMT+0200 (CEST);Sat Jul 13 2019 13:16:49 GMT+0200 (CEST);1563023809000;1.37;295.18
1380556833984591;34.6;32.9;Sat Jul 13 2019 15:18:50 GMT+0200 (CEST);Sat Jul 13 2019 13:18:50 GMT+0200 (CEST);1563023930000;1.4;310.71
1380556833984591;34.6;32.9;Sat Jul 13 2019 15:20:45 GMT+0200 (CEST);Sat Jul 13 2019 13:20:45 GMT+0200 (CEST);1563024045000;1.38;318.29
1380556833984591;34.6;33;Sat Jul 13 2019 15:22:41 GMT+0200 (CEST);Sat Jul 13 2019 13:22:41 GMT+0200 (CEST);1563024161000;1.14;251.74
1380556833984591;34.6;32.8;Sat Jul 13 2019 15:24:40 GMT+0200 (CEST);Sat Jul 13 2019 13:24:40 GMT+0200 (CEST);1563024280000;0.88;200.75
1380556833984591;34.6;32.8;Sat Jul 13 2019 15:26:46 GMT+0200 (CEST);Sat Jul 13 2019 13:26:46 GMT+0200 (CEST);1563024406000;0.61;132.2
1380556833984591;34.6;32.2;Sat Jul 13 2019 15:28:40 GMT+0200 (CEST);Sat Jul 13 2019 13:28:40 GMT+0200 (CEST);1563024520000;0.26;73.72
1380556833984591;20.5;29.8;Sat Jul 13 2019 20:28:14 GMT+0200 (CEST);Sat Jul 13 2019 18:28:14 GMT+0200 (CEST);1563042494000;0;15.23
1380556833984591;20.5;31.5;Sat Jul 13 2019 20:30:09 GMT+0200 (CEST);Sat Jul 13 2019 18:30:09 GMT+0200 (CEST);1563042609000;0;15.24
1380556833984591;20.5;31.2;Sat Jul 13 2019 20:32:06 GMT+0200 (CEST);Sat Jul 13 2019 18:32:06 GMT+0200 (CEST);1563042726000;0;14
1380556833984591;20.5;30.8;Sat Jul 13 2019 20:34:04 GMT+0200 (CEST);Sat Jul 13 2019 18:34:04 GMT+0200 (CEST);1563042844000;0;13.18
1380556833984591;20.5;31.5;Sat Jul 13 2019 20:36:02 GMT+0200 (CEST);Sat Jul 13 2019 18:36:02 GMT+0200 (CEST);1563042962000;0;12.72
1380556833984591;20.5;30.6;Sat Jul 13 2019 20:37:59 GMT+0200 (CEST);Sat Jul 13 2019 18:37:59 GMT+0200 (CEST);1563043079000;0;11.62
1380556833984591;20.5;29.8;Sat Jul 13 2019 20:39:56 GMT+0200 (CEST);Sat Jul 13 2019 18:39:56 GMT+0200 (CEST);1563043196000;0;10.74
1380556833984591;20.5;29.1;Sat Jul 13 2019 20:41:52 GMT+0200 (CEST);Sat Jul 13 2019 18:41:52 GMT+0200 (CEST);1563043312000;0;10.39
1380556833984591;19;29.6;Sat Jul 13 2019 20:43:47 GMT+0200 (CEST);Sat Jul 13 2019 18:43:47 GMT+0200 (CEST);1563043427000;0;9.82
1380556833984591;19;28.9;Sat Jul 13 2019 20:45:45 GMT+0200 (CEST);Sat Jul 13 2019 18:45:45 GMT+0200 (CEST);1563043545000;0;8.88
1380556833984591;18.5;28.9;Sat Jul 13 2019 20:47:38 GMT+0200 (CEST);Sat Jul 13 2019 18:47:38 GMT+0200 (CEST);1563043658000;0;7.53
1380556833984591;18.5;27.9;Sat Jul 13 2019 20:49:41 GMT+0200 (CEST);Sat Jul 13 2019 18:49:41 GMT+0200 (CEST);1563043781000;0;6.09
1380556833984591;18.5;28.4;Sat Jul 13 2019 20:51:38 GMT+0200 (CEST);Sat Jul 13 2019 18:51:38 GMT+0200 (CEST);1563043898000;0;5.08
1380556833984591;18.5;31.8;Sat Jul 13 2019 20:53:35 GMT+0200 (CEST);Sat Jul 13 2019 18:53:35 GMT+0200 (CEST);1563044015000;0;4.54
1380556833984591;18.5;31.4;Sat Jul 13 2019 20:55:36 GMT+0200 (CEST);Sat Jul 13 2019 18:55:36 GMT+0200 (CEST);1563044136000;0;4.11
1380556833984591;19;31;Sat Jul 13 2019 20:57:31 GMT+0200 (CEST);Sat Jul 13 2019 18:57:31 GMT+0200 (CEST);1563044251000;0;3.78
1380556833984591;19;30.6;Sat Jul 13 2019 20:59:27 GMT+0200 (CEST);Sat Jul 13 2019 18:59:27 GMT+0200 (CEST);1563044367000;0;3.66
1380556833984591;19;30.6;Sat Jul 13 2019 21:01:26 GMT+0200 (CEST);Sat Jul 13 2019 19:01:26 GMT+0200 (CEST);1563044486000;0;3.55
1380556833984591;19;30.6;Sat Jul 13 2019 21:03:20 GMT+0200 (CEST);Sat Jul 13 2019 19:03:20 GMT+0200 (CEST);1563044600000;0;3.02
1380556833984591;-273.2;26.5;Sun Jul 14 2019 05:21:26 GMT+0200 (CEST);Sun Jul 14 2019 03:21:26 GMT+0200 (CEST);1563074486000;0;1.38
1380556833984591;-273.2;26.5;Sun Jul 14 2019 05:23:23 GMT+0200 (CEST);Sun Jul 14 2019 03:23:23 GMT+0200 (CEST);1563074603000;0;2.01
1380556833984591;-273.2;26.5;Sun Jul 14 2019 05:25:23 GMT+0200 (CEST);Sun Jul 14 2019 03:25:23 GMT+0200 (CEST);1563074723000;0;2.94
1380556833984591;12.9;29.9;Sun Jul 14 2019 05:44:57 GMT+0200 (CEST);Sun Jul 14 2019 03:44:57 GMT+0200 (CEST);1563075897000;0;10.41
1380556833984591;12.9;30.1;Sun Jul 14 2019 05:46:51 GMT+0200 (CEST);Sun Jul 14 2019 03:46:51 GMT+0200 (CEST);1563076011000;0;12.23
1380556833984591;14.4;28.9;Sun Jul 14 2019 05:49:02 GMT+0200 (CEST);Sun Jul 14 2019 03:49:02 GMT+0200 (CEST);1563076142000;0.01;15.4
1380556833984591;14.4;28.9;Sun Jul 14 2019 05:50:58 GMT+0200 (CEST);Sun Jul 14 2019 03:50:58 GMT+0200 (CEST);1563076258000;0.03;17.88
1380556833984591;14.4;29.1;Sun Jul 14 2019 05:52:44 GMT+0200 (CEST);Sun Jul 14 2019 03:52:44 GMT+0200 (CEST);1563076364000;0.04;20.43
1380556833984591;14.9;29.2;Sun Jul 14 2019 05:54:41 GMT+0200 (CEST);Sun Jul 14 2019 03:54:41 GMT+0200 (CEST);1563076481000;0.06;24.02
1380556833984591;14.9;30.9;Sun Jul 14 2019 05:56:35 GMT+0200 (CEST);Sun Jul 14 2019 03:56:35 GMT+0200 (CEST);1563076595000;0.08;27.56
1380556833984591;14.9;31.5;Sun Jul 14 2019 05:58:29 GMT+0200 (CEST);Sun Jul 14 2019 03:58:29 GMT+0200 (CEST);1563076709000;0.09;29.81
1380556833984591;15.9;31.5;Sun Jul 14 2019 06:00:21 GMT+0200 (CEST);Sun Jul 14 2019 04:00:21 GMT+0200 (CEST);1563076821000;0.1;32.54
1380556833984591;15.9;31.3;Sun Jul 14 2019 06:02:16 GMT+0200 (CEST);Sun Jul 14 2019 04:02:16 GMT+0200 (CEST);1563076936000;0.11;34.28
1380556833984591;15.9;31.3;Sun Jul 14 2019 06:04:10 GMT+0200 (CEST);Sun Jul 14 2019 04:04:10 GMT+0200 (CEST);1563077050000;0.11;34.35
1380556833984591;15.9;31.6;Sun Jul 14 2019 06:06:07 GMT+0200 (CEST);Sun Jul 14 2019 04:06:07 GMT+0200 (CEST);1563077167000;0.11;33.96
1380556833984591;15.9;31.1;Sun Jul 14 2019 06:07:51 GMT+0200 (CEST);Sun Jul 14 2019 04:07:51 GMT+0200 (CEST);1563077271000;0.11;34.88
1380556833984591;15.9;31.5;Sun Jul 14 2019 06:09:46 GMT+0200 (CEST);Sun Jul 14 2019 04:09:46 GMT+0200 (CEST);1563077386000;0.12;36.44
1380556833984591;15.9;31.8;Sun Jul 14 2019 06:11:47 GMT+0200 (CEST);Sun Jul 14 2019 04:11:47 GMT+0200 (CEST);1563077507000;0.13;37.83
1380556833984591;15.9;31.8;Sun Jul 14 2019 06:13:43 GMT+0200 (CEST);Sun Jul 14 2019 04:13:43 GMT+0200 (CEST);1563077623000;0.13;38.69
1380556833984591;15.9;31.7;Sun Jul 14 2019 06:15:46 GMT+0200 (CEST);Sun Jul 14 2019 04:15:46 GMT+0200 (CEST);1563077746000;0.14;40.5
1380556833984591;15.9;31.9;Sun Jul 14 2019 06:17:42 GMT+0200 (CEST);Sun Jul 14 2019 04:17:42 GMT+0200 (CEST);1563077862000;0.15;43.56
1380556833984591;15.9;31.9;Sun Jul 14 2019 06:20:03 GMT+0200 (CEST);Sun Jul 14 2019 04:20:03 GMT+0200 (CEST);1563078003000;0.17;47.25
1380556833984591;15.9;31.9;Sun Jul 14 2019 06:22:03 GMT+0200 (CEST);Sun Jul 14 2019 04:22:03 GMT+0200 (CEST);1563078123000;0.18;49.22
1380556833984591;15.9;32.1;Sun Jul 14 2019 06:23:59 GMT+0200 (CEST);Sun Jul 14 2019 04:23:59 GMT+0200 (CEST);1563078239000;0.19;51.14
1380556833984591;15.9;32.3;Sun Jul 14 2019 06:25:54 GMT+0200 (CEST);Sun Jul 14 2019 04:25:54 GMT+0200 (CEST);1563078354000;0.2;52.83
1380556833984591;15.9;32.4;Sun Jul 14 2019 06:27:47 GMT+0200 (CEST);Sun Jul 14 2019 04:27:47 GMT+0200 (CEST);1563078467000;0.2;53.51
1380556833984591;16.9;32.8;Sun Jul 14 2019 06:29:47 GMT+0200 (CEST);Sun Jul 14 2019 04:29:47 GMT+0200 (CEST);1563078587000;0.21;55.27
1380556833984591;16.9;32.4;Sun Jul 14 2019 06:31:42 GMT+0200 (CEST);Sun Jul 14 2019 04:31:42 GMT+0200 (CEST);1563078702000;0.21;56.68
1380556833984591;16.9;32.3;Sun Jul 14 2019 06:33:41 GMT+0200 (CEST);Sun Jul 14 2019 04:33:41 GMT+0200 (CEST);1563078821000;0.23;58.22
1380556833984591;16.9;32.3;Sun Jul 14 2019 06:35:42 GMT+0200 (CEST);Sun Jul 14 2019 04:35:42 GMT+0200 (CEST);1563078942000;0.24;60.71
1380556833984591;18.5;32.7;Sun Jul 14 2019 06:37:55 GMT+0200 (CEST);Sun Jul 14 2019 04:37:55 GMT+0200 (CEST);1563079075000;0.24;61.35
1380556833984591;18.5;32.7;Sun Jul 14 2019 06:39:50 GMT+0200 (CEST);Sun Jul 14 2019 04:39:50 GMT+0200 (CEST);1563079190000;0.26;63.76
1380556833984591;18.5;32.7;Sun Jul 14 2019 06:41:44 GMT+0200 (CEST);Sun Jul 14 2019 04:41:44 GMT+0200 (CEST);1563079304000;0.26;65.32
1380556833984591;18.5;32.8;Sun Jul 14 2019 06:43:39 GMT+0200 (CEST);Sun Jul 14 2019 04:43:39 GMT+0200 (CEST);1563079419000;0.26;66.62
1380556833984591;18.5;32.6;Sun Jul 14 2019 06:45:38 GMT+0200 (CEST);Sun Jul 14 2019 04:45:38 GMT+0200 (CEST);1563079538000;0.24;63.05
1380556833984591;18.5;32.5;Sun Jul 14 2019 06:47:37 GMT+0200 (CEST);Sun Jul 14 2019 04:47:37 GMT+0200 (CEST);1563079657000;0.21;57.59
1380556833984591;18.5;32.4;Sun Jul 14 2019 06:49:36 GMT+0200 (CEST);Sun Jul 14 2019 04:49:36 GMT+0200 (CEST);1563079776000;0.2;55.02
1380556833984591;18.5;32.3;Sun Jul 14 2019 06:51:37 GMT+0200 (CEST);Sun Jul 14 2019 04:51:37 GMT+0200 (CEST);1563079897000;0.2;54.99
1380556833984591;18.5;32.6;Sun Jul 14 2019 06:53:33 GMT+0200 (CEST);Sun Jul 14 2019 04:53:33 GMT+0200 (CEST);1563080013000;0.21;57.48
1380556833984591;18.5;32.4;Sun Jul 14 2019 06:55:29 GMT+0200 (CEST);Sun Jul 14 2019 04:55:29 GMT+0200 (CEST);1563080129000;0.24;62.35
1380556833984591;18.5;32.5;Sun Jul 14 2019 06:57:25 GMT+0200 (CEST);Sun Jul 14 2019 04:57:25 GMT+0200 (CEST);1563080245000;0.25;65.41
1380556833984591;18.5;32.8;Sun Jul 14 2019 06:59:32 GMT+0200 (CEST);Sun Jul 14 2019 04:59:32 GMT+0200 (CEST);1563080372000;0.24;64.45
1380556833984591;18.5;32.5;Sun Jul 14 2019 07:01:25 GMT+0200 (CEST);Sun Jul 14 2019 05:01:25 GMT+0200 (CEST);1563080485000;0.25;64.42
1380556833984591;18.5;32.1;Sun Jul 14 2019 07:03:20 GMT+0200 (CEST);Sun Jul 14 2019 05:03:20 GMT+0200 (CEST);1563080600000;0.25;66.04
1380556833984591;18.5;32.6;Sun Jul 14 2019 07:05:16 GMT+0200 (CEST);Sun Jul 14 2019 05:05:16 GMT+0200 (CEST);1563080716000;0.27;68.96
1380556833984591;18.5;32.8;Sun Jul 14 2019 07:07:26 GMT+0200 (CEST);Sun Jul 14 2019 05:07:26 GMT+0200 (CEST);1563080846000;0.28;72.37
1380556833984591;18.5;32.6;Sun Jul 14 2019 07:09:23 GMT+0200 (CEST);Sun Jul 14 2019 05:09:23 GMT+0200 (CEST);1563080963000;0.29;75.2
1380556833984591;18.5;32.5;Sun Jul 14 2019 07:11:17 GMT+0200 (CEST);Sun Jul 14 2019 05:11:17 GMT+0200 (CEST);1563081077000;0.32;79.41
1380556833984591;18.5;33;Sun Jul 14 2019 07:13:15 GMT+0200 (CEST);Sun Jul 14 2019 05:13:15 GMT+0200 (CEST);1563081195000;0.33;84.01
1380556833984591;18.5;33;Sun Jul 14 2019 07:15:12 GMT+0200 (CEST);Sun Jul 14 2019 05:15:12 GMT+0200 (CEST);1563081312000;0.35;87.08
1380556833984591;18.5;32.9;Sun Jul 14 2019 07:17:07 GMT+0200 (CEST);Sun Jul 14 2019 05:17:07 GMT+0200 (CEST);1563081427000;0.36;89.67
1380556833984591;18.5;32.7;Sun Jul 14 2019 07:19:04 GMT+0200 (CEST);Sun Jul 14 2019 05:19:04 GMT+0200 (CEST);1563081544000;0.41;97.38
1380556833984591;18.5;34;Sun Jul 14 2019 07:20:59 GMT+0200 (CEST);Sun Jul 14 2019 05:20:59 GMT+0200 (CEST);1563081659000;0.46;109.58
1380556833984591;19;34.3;Sun Jul 14 2019 07:22:52 GMT+0200 (CEST);Sun Jul 14 2019 05:22:52 GMT+0200 (CEST);1563081772000;0.68;142.9
1380556833984591;19;34;Sun Jul 14 2019 07:24:52 GMT+0200 (CEST);Sun Jul 14 2019 05:24:52 GMT+0200 (CEST);1563081892000;0.68;160.41
1380556833984591;20.5;34;Sun Jul 14 2019 07:26:48 GMT+0200 (CEST);Sun Jul 14 2019 05:26:48 GMT+0200 (CEST);1563082008000;1.02;206.06
1380556833984591;20.5;33.4;Sun Jul 14 2019 07:28:42 GMT+0200 (CEST);Sun Jul 14 2019 05:28:42 GMT+0200 (CEST);1563082122000;0.9;195.06
1380556833984591;20.5;33.6;Sun Jul 14 2019 07:30:41 GMT+0200 (CEST);Sun Jul 14 2019 05:30:41 GMT+0200 (CEST);1563082241000;1.03;260.46
1380556833984591;20.5;33.9;Sun Jul 14 2019 07:32:34 GMT+0200 (CEST);Sun Jul 14 2019 05:32:34 GMT+0200 (CEST);1563082354000;1.11;236.75
1380556833984591;21;33.8;Sun Jul 14 2019 07:34:33 GMT+0200 (CEST);Sun Jul 14 2019 05:34:33 GMT+0200 (CEST);1563082473000;1.27;284.31
1380556833984591;21;33.8;Sun Jul 14 2019 07:36:27 GMT+0200 (CEST);Sun Jul 14 2019 05:36:27 GMT+0200 (CEST);1563082587000;1.23;265.82
1380556833984591;22.5;32.7;Sun Jul 14 2019 07:38:27 GMT+0200 (CEST);Sun Jul 14 2019 05:38:27 GMT+0200 (CEST);1563082707000;0.94;202.82
1380556833984591;22.5;33.5;Sun Jul 14 2019 07:40:22 GMT+0200 (CEST);Sun Jul 14 2019 05:40:22 GMT+0200 (CEST);1563082822000;1.22;271.99
1380556833984591;22.5;32.5;Sun Jul 14 2019 07:42:17 GMT+0200 (CEST);Sun Jul 14 2019 05:42:17 GMT+0200 (CEST);1563082937000;0.81;199.32
1380556833984591;22.5;33.4;Sun Jul 14 2019 07:44:22 GMT+0200 (CEST);Sun Jul 14 2019 05:44:22 GMT+0200 (CEST);1563083062000;1.25;283.28
1380556833984591;22.5;33.3;Sun Jul 14 2019 07:46:18 GMT+0200 (CEST);Sun Jul 14 2019 05:46:18 GMT+0200 (CEST);1563083178000;1.22;270.17
1380556833984591;23;33.2;Sun Jul 14 2019 07:48:11 GMT+0200 (CEST);Sun Jul 14 2019 05:48:11 GMT+0200 (CEST);1563083291000;1.02;198.37
1380556833984591;23;33.1;Sun Jul 14 2019 07:50:04 GMT+0200 (CEST);Sun Jul 14 2019 05:50:04 GMT+0200 (CEST);1563083404000;1.23;277.27
1380556833984591;23;34.3;Sun Jul 14 2019 07:52:00 GMT+0200 (CEST);Sun Jul 14 2019 05:52:00 GMT+0200 (CEST);1563083520000;1.24;281.8
1380556833984591;23;33.5;Sun Jul 14 2019 07:53:53 GMT+0200 (CEST);Sun Jul 14 2019 05:53:53 GMT+0200 (CEST);1563083633000;1.28;288.47
1380556833984591;24;33.6;Sun Jul 14 2019 07:55:46 GMT+0200 (CEST);Sun Jul 14 2019 05:55:46 GMT+0200 (CEST);1563083746000;1.31;293.44
1380556833984591;23;33.7;Sun Jul 14 2019 07:57:43 GMT+0200 (CEST);Sun Jul 14 2019 05:57:43 GMT+0200 (CEST);1563083863000;1.33;301.27
1380556833984591;24.5;34;Sun Jul 14 2019 07:59:37 GMT+0200 (CEST);Sun Jul 14 2019 05:59:37 GMT+0200 (CEST);1563083977000;1.37;304.56
1380556833984591;24.5;33.7;Sun Jul 14 2019 08:01:36 GMT+0200 (CEST);Sun Jul 14 2019 06:01:36 GMT+0200 (CEST);1563084096000;1.42;315.72
1380556833984591;24.5;33.6;Sun Jul 14 2019 08:03:51 GMT+0200 (CEST);Sun Jul 14 2019 06:03:51 GMT+0200 (CEST);1563084231000;1.46;322.25
1380556833984591;24.5;33.8;Sun Jul 14 2019 08:05:45 GMT+0200 (CEST);Sun Jul 14 2019 06:05:45 GMT+0200 (CEST);1563084345000;1.48;324.96
1380556833984591;24.5;33.6;Sun Jul 14 2019 08:07:43 GMT+0200 (CEST);Sun Jul 14 2019 06:07:43 GMT+0200 (CEST);1563084463000;1.53;337.91
1380556833984591;25;33.9;Sun Jul 14 2019 08:09:39 GMT+0200 (CEST);Sun Jul 14 2019 06:09:39 GMT+0200 (CEST);1563084579000;1.57;348.15
1380556833984591;25;33.9;Sun Jul 14 2019 08:11:39 GMT+0200 (CEST);Sun Jul 14 2019 06:11:39 GMT+0200 (CEST);1563084699000;1.6;350.71
1380556833984591;26.5;33.9;Sun Jul 14 2019 08:13:32 GMT+0200 (CEST);Sun Jul 14 2019 06:13:32 GMT+0200 (CEST);1563084812000;1.65;363.51
1380556833984591;26.5;34.2;Sun Jul 14 2019 08:15:25 GMT+0200 (CEST);Sun Jul 14 2019 06:15:25 GMT+0200 (CEST);1563084925000;1.66;371.19
1380556833984591;26.5;34.1;Sun Jul 14 2019 08:17:19 GMT+0200 (CEST);Sun Jul 14 2019 06:17:19 GMT+0200 (CEST);1563085039000;1.72;376.31
1380556833984591;26.5;34;Sun Jul 14 2019 08:19:15 GMT+0200 (CEST);Sun Jul 14 2019 06:19:15 GMT+0200 (CEST);1563085155000;1.72;376.31
1380556833984591;26.5;34;Sun Jul 14 2019 08:21:09 GMT+0200 (CEST);Sun Jul 14 2019 06:21:09 GMT+0200 (CEST);1563085269000;1.82;394.23
1380556833984591;26.5;34.1;Sun Jul 14 2019 08:23:05 GMT+0200 (CEST);Sun Jul 14 2019 06:23:05 GMT+0200 (CEST);1563085385000;1.91;414.71
1380556833984591;26.5;34;Sun Jul 14 2019 08:25:02 GMT+0200 (CEST);Sun Jul 14 2019 06:25:02 GMT+0200 (CEST);1563085502000;2.01;432.63
1380556833984591;26.5;34;Sun Jul 14 2019 08:26:58 GMT+0200 (CEST);Sun Jul 14 2019 06:26:58 GMT+0200 (CEST);1563085618000;1.97;424.95
1380556833984591;27;34;Sun Jul 14 2019 08:28:53 GMT+0200 (CEST);Sun Jul 14 2019 06:28:53 GMT+0200 (CEST);1563085733000;2.08;445.43
1380556833984591;27;33.9;Sun Jul 14 2019 08:30:49 GMT+0200 (CEST);Sun Jul 14 2019 06:30:49 GMT+0200 (CEST);1563085849000;1.53;254.48
1380556833984591;28.5;33.7;Sun Jul 14 2019 08:32:44 GMT+0200 (CEST);Sun Jul 14 2019 06:32:44 GMT+0200 (CEST);1563085964000;1.67;437.75
1380556833984591;28.5;33.8;Sun Jul 14 2019 08:34:38 GMT+0200 (CEST);Sun Jul 14 2019 06:34:38 GMT+0200 (CEST);1563086078000;1.97;430.07
1380556833984591;28.5;33.7;Sun Jul 14 2019 08:36:34 GMT+0200 (CEST);Sun Jul 14 2019 06:36:34 GMT+0200 (CEST);1563086194000;1.48;358.39
1380556833984591;28.5;34.1;Sun Jul 14 2019 08:38:29 GMT+0200 (CEST);Sun Jul 14 2019 06:38:29 GMT+0200 (CEST);1563086309000;2.08;435.19
1380556833984591;28.5;34.2;Sun Jul 14 2019 08:40:26 GMT+0200 (CEST);Sun Jul 14 2019 06:40:26 GMT+0200 (CEST);1563086426000;2.86;599.03
1380556833984591;29;34.3;Sun Jul 14 2019 08:42:29 GMT+0200 (CEST);Sun Jul 14 2019 06:42:29 GMT+0200 (CEST);1563086549000;1.79;529.91
1380556833984591;29;34.4;Sun Jul 14 2019 08:44:26 GMT+0200 (CEST);Sun Jul 14 2019 06:44:26 GMT+0200 (CEST);1563086666000;2.75;568.31
1380556833984591;29;33.7;Sun Jul 14 2019 08:46:21 GMT+0200 (CEST);Sun Jul 14 2019 06:46:21 GMT+0200 (CEST);1563086781000;2.43;524.79
1380556833984591;30.5;33.6;Sun Jul 14 2019 08:48:30 GMT+0200 (CEST);Sun Jul 14 2019 06:48:30 GMT+0200 (CEST);1563086910000;1.93;394.23
1380556833984591;30.5;33.5;Sun Jul 14 2019 08:50:31 GMT+0200 (CEST);Sun Jul 14 2019 06:50:31 GMT+0200 (CEST);1563087031000;2.34;445.43
1380556833984591;30.5;33.7;Sun Jul 14 2019 08:52:30 GMT+0200 (CEST);Sun Jul 14 2019 06:52:30 GMT+0200 (CEST);1563087150000;1.73;337.91
1380556833984591;30.5;33.4;Sun Jul 14 2019 08:54:44 GMT+0200 (CEST);Sun Jul 14 2019 06:54:44 GMT+0200 (CEST);1563087284000;1.67;363.51
1380556833984591;30.5;33.6;Sun Jul 14 2019 08:56:39 GMT+0200 (CEST);Sun Jul 14 2019 06:56:39 GMT+0200 (CEST);1563087399000;1.66;343.03
1380556833984591;31.1;33.6;Sun Jul 14 2019 08:58:33 GMT+0200 (CEST);Sun Jul 14 2019 06:58:33 GMT+0200 (CEST);1563087513000;1.59;332.79
1380556833984591;31.1;33.6;Sun Jul 14 2019 09:00:30 GMT+0200 (CEST);Sun Jul 14 2019 07:00:30 GMT+0200 (CEST);1563087630000;1.61;337.91
1380556833984591;31.1;33.7;Sun Jul 14 2019 09:02:27 GMT+0200 (CEST);Sun Jul 14 2019 07:02:27 GMT+0200 (CEST);1563087747000;1.79;383.99
1380556833984591;31.1;33.8;Sun Jul 14 2019 09:04:37 GMT+0200 (CEST);Sun Jul 14 2019 07:04:37 GMT+0200 (CEST);1563087877000;2.49;486.39
1380556833984591;31.1;33.8;Sun Jul 14 2019 09:06:41 GMT+0200 (CEST);Sun Jul 14 2019 07:06:41 GMT+0200 (CEST);1563088001000;2.09;445.43
1380556833984591;31.1;33.6;Sun Jul 14 2019 09:08:33 GMT+0200 (CEST);Sun Jul 14 2019 07:08:33 GMT+0200 (CEST);1563088113000;1.69;353.27
1380556833984591;31.1;33.6;Sun Jul 14 2019 09:10:27 GMT+0200 (CEST);Sun Jul 14 2019 07:10:27 GMT+0200 (CEST);1563088227000;1.59;337.91
1380556833984591;31.1;33.6;Sun Jul 14 2019 09:12:27 GMT+0200 (CEST);Sun Jul 14 2019 07:12:27 GMT+0200 (CEST);1563088347000;1.59;337.91
1380556833984591;31.1;33.6;Sun Jul 14 2019 09:14:22 GMT+0200 (CEST);Sun Jul 14 2019 07:14:22 GMT+0200 (CEST);1563088462000;1.62;340.47
1380556833984591;31.1;33.7;Sun Jul 14 2019 09:16:15 GMT+0200 (CEST);Sun Jul 14 2019 07:16:15 GMT+0200 (CEST);1563088575000;1.65;345.59
1380556833984591;31.1;33.7;Sun Jul 14 2019 09:18:10 GMT+0200 (CEST);Sun Jul 14 2019 07:18:10 GMT+0200 (CEST);1563088690000;1.64;348.15
1380556833984591;31.1;33.7;Sun Jul 14 2019 09:20:07 GMT+0200 (CEST);Sun Jul 14 2019 07:20:07 GMT+0200 (CEST);1563088807000;1.59;335.35
1380556833984591;31.1;33.7;Sun Jul 14 2019 09:22:31 GMT+0200 (CEST);Sun Jul 14 2019 07:22:31 GMT+0200 (CEST);1563088951000;1.53;318.71
1380556833984591;31.1;33.7;Sun Jul 14 2019 09:24:26 GMT+0200 (CEST);Sun Jul 14 2019 07:24:26 GMT+0200 (CEST);1563089066000;1.51;318.61
1380556833984591;31.1;33.7;Sun Jul 14 2019 09:26:19 GMT+0200 (CEST);Sun Jul 14 2019 07:26:19 GMT+0200 (CEST);1563089179000;1.51;318.28
1380556833984591;31.1;33.8;Sun Jul 14 2019 09:28:14 GMT+0200 (CEST);Sun Jul 14 2019 07:28:14 GMT+0200 (CEST);1563089294000;1.39;298.54
1380556833984591;31.1;33.7;Sun Jul 14 2019 09:30:08 GMT+0200 (CEST);Sun Jul 14 2019 07:30:08 GMT+0200 (CEST);1563089408000;1.33;285.02
1380556833984591;30.5;33.7;Sun Jul 14 2019 09:32:08 GMT+0200 (CEST);Sun Jul 14 2019 07:32:08 GMT+0200 (CEST);1563089528000;1.38;296.95
1380556833984591;30.5;33.9;Sun Jul 14 2019 09:34:03 GMT+0200 (CEST);Sun Jul 14 2019 07:34:03 GMT+0200 (CEST);1563089643000;1.42;303.44
1380556833984591;30.5;33.9;Sun Jul 14 2019 09:36:05 GMT+0200 (CEST);Sun Jul 14 2019 07:36:05 GMT+0200 (CEST);1563089765000;1.41;300.61
1380556833984591;30.5;33.7;Sun Jul 14 2019 09:38:11 GMT+0200 (CEST);Sun Jul 14 2019 07:38:11 GMT+0200 (CEST);1563089891000;1.36;293.59
1380556833984591;30.5;33.8;Sun Jul 14 2019 09:40:06 GMT+0200 (CEST);Sun Jul 14 2019 07:40:06 GMT+0200 (CEST);1563090006000;1.36;289.94
1380556833984591;30.5;34;Sun Jul 14 2019 09:42:01 GMT+0200 (CEST);Sun Jul 14 2019 07:42:01 GMT+0200 (CEST);1563090121000;1.37;293.9
1380556833984591;30.5;33.9;Sun Jul 14 2019 09:43:54 GMT+0200 (CEST);Sun Jul 14 2019 07:43:54 GMT+0200 (CEST);1563090234000;1.4;298.19
1380556833984591;30.5;34;Sun Jul 14 2019 09:45:50 GMT+0200 (CEST);Sun Jul 14 2019 07:45:50 GMT+0200 (CEST);1563090350000;1.41;301.82
1380556833984591;30.5;34;Sun Jul 14 2019 09:47:46 GMT+0200 (CEST);Sun Jul 14 2019 07:47:46 GMT+0200 (CEST);1563090466000;1.46;308.64
1380556833984591;30.5;34.1;Sun Jul 14 2019 09:50:02 GMT+0200 (CEST);Sun Jul 14 2019 07:50:02 GMT+0200 (CEST);1563090602000;1.52;322.08
1380556833984591;30.5;34.1;Sun Jul 14 2019 09:51:55 GMT+0200 (CEST);Sun Jul 14 2019 07:51:55 GMT+0200 (CEST);1563090715000;1.54;322.81
1380556833984591;30.5;34.1;Sun Jul 14 2019 09:53:48 GMT+0200 (CEST);Sun Jul 14 2019 07:53:48 GMT+0200 (CEST);1563090828000;1.56;330.23
1380556833984591;30.5;34;Sun Jul 14 2019 09:55:41 GMT+0200 (CEST);Sun Jul 14 2019 07:55:41 GMT+0200 (CEST);1563090941000;1.57;332.79
1380556833984591;30.5;33.9;Sun Jul 14 2019 09:57:35 GMT+0200 (CEST);Sun Jul 14 2019 07:57:35 GMT+0200 (CEST);1563091055000;1.58;332.79
1380556833984591;30.5;33.8;Sun Jul 14 2019 09:59:39 GMT+0200 (CEST);Sun Jul 14 2019 07:59:39 GMT+0200 (CEST);1563091179000;1.61;337.91
1380556833984591;30.5;33.9;Sun Jul 14 2019 10:01:32 GMT+0200 (CEST);Sun Jul 14 2019 08:01:32 GMT+0200 (CEST);1563091292000;1.59;335.35
1380556833984591;30.5;33.8;Sun Jul 14 2019 10:03:26 GMT+0200 (CEST);Sun Jul 14 2019 08:03:26 GMT+0200 (CEST);1563091406000;1.57;330.23
1380556833984591;31.1;33.9;Sun Jul 14 2019 10:05:42 GMT+0200 (CEST);Sun Jul 14 2019 08:05:42 GMT+0200 (CEST);1563091542000;1.56;330.23
1380556833984591;31.1;33.8;Sun Jul 14 2019 10:07:36 GMT+0200 (CEST);Sun Jul 14 2019 08:07:36 GMT+0200 (CEST);1563091656000;1.54;326.99
1380556833984591;30.5;33.8;Sun Jul 14 2019 10:09:31 GMT+0200 (CEST);Sun Jul 14 2019 08:09:31 GMT+0200 (CEST);1563091771000;1.6;340.47
1380556833984591;30.5;33.8;Sun Jul 14 2019 10:11:27 GMT+0200 (CEST);Sun Jul 14 2019 08:11:27 GMT+0200 (CEST);1563091887000;1.67;353.27
1380556833984591;30.5;33.8;Sun Jul 14 2019 10:13:20 GMT+0200 (CEST);Sun Jul 14 2019 08:13:20 GMT+0200 (CEST);1563092000000;1.69;358.39
1380556833984591;30.5;33.7;Sun Jul 14 2019 10:15:13 GMT+0200 (CEST);Sun Jul 14 2019 08:15:13 GMT+0200 (CEST);1563092113000;1.68;353.27
1380556833984591;30.5;33.8;Sun Jul 14 2019 10:17:06 GMT+0200 (CEST);Sun Jul 14 2019 08:17:06 GMT+0200 (CEST);1563092226000;1.61;340.47
1380556833984591;31.1;33.7;Sun Jul 14 2019 10:18:59 GMT+0200 (CEST);Sun Jul 14 2019 08:18:59 GMT+0200 (CEST);1563092339000;1.56;332.79
1380556833984591;31.1;33.8;Sun Jul 14 2019 10:20:55 GMT+0200 (CEST);Sun Jul 14 2019 08:20:55 GMT+0200 (CEST);1563092455000;1.64;343.03
1380556833984591;31.1;33.7;Sun Jul 14 2019 10:22:51 GMT+0200 (CEST);Sun Jul 14 2019 08:22:51 GMT+0200 (CEST);1563092571000;1.57;335.35
1380556833984591;31.1;33.8;Sun Jul 14 2019 10:24:48 GMT+0200 (CEST);Sun Jul 14 2019 08:24:48 GMT+0200 (CEST);1563092688000;1.39;296.75
1380556833984591;31.1;33.6;Sun Jul 14 2019 10:26:52 GMT+0200 (CEST);Sun Jul 14 2019 08:26:52 GMT+0200 (CEST);1563092812000;1.4;302.48
1380556833984591;31.1;33.7;Sun Jul 14 2019 10:28:47 GMT+0200 (CEST);Sun Jul 14 2019 08:28:47 GMT+0200 (CEST);1563092927000;1.48;315.84
1380556833984591;31.1;33.7;Sun Jul 14 2019 10:30:43 GMT+0200 (CEST);Sun Jul 14 2019 08:30:43 GMT+0200 (CEST);1563093043000;1.52;322.02
1380556833984591;31.1;34;Sun Jul 14 2019 10:32:39 GMT+0200 (CEST);Sun Jul 14 2019 08:32:39 GMT+0200 (CEST);1563093159000;1.57;337.91
1380556833984591;31.1;34;Sun Jul 14 2019 10:34:46 GMT+0200 (CEST);Sun Jul 14 2019 08:34:46 GMT+0200 (CEST);1563093286000;1.71;363.51
1380556833984591;31.1;34;Sun Jul 14 2019 10:36:40 GMT+0200 (CEST);Sun Jul 14 2019 08:36:40 GMT+0200 (CEST);1563093400000;1.75;371.19
1380556833984591;31.1;34;Sun Jul 14 2019 10:38:35 GMT+0200 (CEST);Sun Jul 14 2019 08:38:35 GMT+0200 (CEST);1563093515000;1.76;376.31
1380556833984591;31.1;34;Sun Jul 14 2019 10:40:37 GMT+0200 (CEST);Sun Jul 14 2019 08:40:37 GMT+0200 (CEST);1563093637000;1.79;378.87
1380556833984591;31.1;33.8;Sun Jul 14 2019 10:42:30 GMT+0200 (CEST);Sun Jul 14 2019 08:42:30 GMT+0200 (CEST);1563093750000;1.84;383.99
1380556833984591;31.1;33.9;Sun Jul 14 2019 10:44:27 GMT+0200 (CEST);Sun Jul 14 2019 08:44:27 GMT+0200 (CEST);1563093867000;1.86;391.67
1380556833984591;31.1;33.8;Sun Jul 14 2019 10:46:22 GMT+0200 (CEST);Sun Jul 14 2019 08:46:22 GMT+0200 (CEST);1563093982000;1.91;396.79
1380556833984591;31.1;33.8;Sun Jul 14 2019 10:48:16 GMT+0200 (CEST);Sun Jul 14 2019 08:48:16 GMT+0200 (CEST);1563094096000;1.9;396.79
1380556833984591;31.1;33.8;Sun Jul 14 2019 10:50:10 GMT+0200 (CEST);Sun Jul 14 2019 08:50:10 GMT+0200 (CEST);1563094210000;1.77;373.75
1380556833984591;31.1;33.7;Sun Jul 14 2019 10:52:06 GMT+0200 (CEST);Sun Jul 14 2019 08:52:06 GMT+0200 (CEST);1563094326000;1.83;381.43
1380556833984591;31.1;33.6;Sun Jul 14 2019 10:54:01 GMT+0200 (CEST);Sun Jul 14 2019 08:54:01 GMT+0200 (CEST);1563094441000;1.67;353.27
1380556833984591;31.1;33.4;Sun Jul 14 2019 10:56:07 GMT+0200 (CEST);Sun Jul 14 2019 08:56:07 GMT+0200 (CEST);1563094567000;1.39;293.36
1380556833984591;31.1;33.1;Sun Jul 14 2019 10:58:00 GMT+0200 (CEST);Sun Jul 14 2019 08:58:00 GMT+0200 (CEST);1563094680000;1.34;293.55
1380556833984591;31.1;33.3;Sun Jul 14 2019 10:59:53 GMT+0200 (CEST);Sun Jul 14 2019 08:59:53 GMT+0200 (CEST);1563094793000;1.58;340.47
1380556833984591;31.1;33.6;Sun Jul 14 2019 11:01:47 GMT+0200 (CEST);Sun Jul 14 2019 09:01:47 GMT+0200 (CEST);1563094907000;1.95;407.03
1380556833984591;32.1;34;Sun Jul 14 2019 11:03:50 GMT+0200 (CEST);Sun Jul 14 2019 09:03:50 GMT+0200 (CEST);1563095030000;2.23;463.35
1380556833984591;32.1;33.9;Sun Jul 14 2019 11:05:45 GMT+0200 (CEST);Sun Jul 14 2019 09:05:45 GMT+0200 (CEST);1563095145000;2.28;476.15
1380556833984591;32.1;33.6;Sun Jul 14 2019 11:07:39 GMT+0200 (CEST);Sun Jul 14 2019 09:07:39 GMT+0200 (CEST);1563095259000;2.26;473.59
1380556833984591;32.1;33.6;Sun Jul 14 2019 11:09:41 GMT+0200 (CEST);Sun Jul 14 2019 09:09:41 GMT+0200 (CEST);1563095381000;2.35;488.95
1380556833984591;32.1;33.6;Sun Jul 14 2019 11:11:35 GMT+0200 (CEST);Sun Jul 14 2019 09:11:35 GMT+0200 (CEST);1563095495000;2.39;501.75
1380556833984591;32.1;33.4;Sun Jul 14 2019 11:13:30 GMT+0200 (CEST);Sun Jul 14 2019 09:13:30 GMT+0200 (CEST);1563095610000;2.62;550.39
1380556833984591;32.1;33.4;Sun Jul 14 2019 11:15:39 GMT+0200 (CEST);Sun Jul 14 2019 09:15:39 GMT+0200 (CEST);1563095739000;2.61;535.03
1380556833984591;32.1;33;Sun Jul 14 2019 11:17:34 GMT+0200 (CEST);Sun Jul 14 2019 09:17:34 GMT+0200 (CEST);1563095854000;2.46;509.43
1380556833984591;32.1;33.1;Sun Jul 14 2019 11:19:25 GMT+0200 (CEST);Sun Jul 14 2019 09:19:25 GMT+0200 (CEST);1563095965000;2.48;511.99
1380556833984591;34.6;33.2;Sun Jul 14 2019 11:21:19 GMT+0200 (CEST);Sun Jul 14 2019 09:21:19 GMT+0200 (CEST);1563096079000;2.72;563.19
1380556833984591;34.6;33.2;Sun Jul 14 2019 11:23:14 GMT+0200 (CEST);Sun Jul 14 2019 09:23:14 GMT+0200 (CEST);1563096194000;3.12;639.99
1380556833984591;34.6;33.3;Sun Jul 14 2019 11:25:09 GMT+0200 (CEST);Sun Jul 14 2019 09:25:09 GMT+0200 (CEST);1563096309000;3.58;676.34
1380556833984591;34.6;33;Sun Jul 14 2019 11:27:02 GMT+0200 (CEST);Sun Jul 14 2019 09:27:02 GMT+0200 (CEST);1563096422000;3.16;645.11
1380556833984591;34.6;32.8;Sun Jul 14 2019 11:28:57 GMT+0200 (CEST);Sun Jul 14 2019 09:28:57 GMT+0200 (CEST);1563096537000;4.4;725.07
1380556833984591;36.6;33.5;Sun Jul 14 2019 11:30:55 GMT+0200 (CEST);Sun Jul 14 2019 09:30:55 GMT+0200 (CEST);1563096655000;3.77;676.2
1380556833984591;36.6;32.6;Sun Jul 14 2019 11:32:50 GMT+0200 (CEST);Sun Jul 14 2019 09:32:50 GMT+0200 (CEST);1563096770000;3.56;800.7
1380556833984591;36.6;32.1;Sun Jul 14 2019 11:34:57 GMT+0200 (CEST);Sun Jul 14 2019 09:34:57 GMT+0200 (CEST);1563096897000;2.56;570.87
1380556833984591;37.1;32.7;Sun Jul 14 2019 11:36:51 GMT+0200 (CEST);Sun Jul 14 2019 09:36:51 GMT+0200 (CEST);1563097011000;2.54;558.07
1380556833984591;37.1;32.5;Sun Jul 14 2019 11:39:01 GMT+0200 (CEST);Sun Jul 14 2019 09:39:01 GMT+0200 (CEST);1563097141000;2.8;581.11
1380556833984591;38.6;32.7;Sun Jul 14 2019 11:41:03 GMT+0200 (CEST);Sun Jul 14 2019 09:41:03 GMT+0200 (CEST);1563097263000;2.89;601.59
1380556833984591;38.6;32.7;Sun Jul 14 2019 11:42:58 GMT+0200 (CEST);Sun Jul 14 2019 09:42:58 GMT+0200 (CEST);1563097378000;2.92;614.39
1380556833984591;38.6;32.8;Sun Jul 14 2019 11:44:51 GMT+0200 (CEST);Sun Jul 14 2019 09:44:51 GMT+0200 (CEST);1563097491000;2.77;586.23
1380556833984591;38.6;32.9;Sun Jul 14 2019 11:46:45 GMT+0200 (CEST);Sun Jul 14 2019 09:46:45 GMT+0200 (CEST);1563097605000;2.86;611.83
1380556833984591;38.6;33;Sun Jul 14 2019 11:48:38 GMT+0200 (CEST);Sun Jul 14 2019 09:48:38 GMT+0200 (CEST);1563097718000;2.86;583.67
1380556833984591;38.6;32.8;Sun Jul 14 2019 11:50:40 GMT+0200 (CEST);Sun Jul 14 2019 09:50:40 GMT+0200 (CEST);1563097840000;2.88;611.83
1380556833984591;38.6;33.2;Sun Jul 14 2019 11:52:33 GMT+0200 (CEST);Sun Jul 14 2019 09:52:33 GMT+0200 (CEST);1563097953000;3.52;619.51
1380556833984591;38.6;33.4;Sun Jul 14 2019 11:54:31 GMT+0200 (CEST);Sun Jul 14 2019 09:54:31 GMT+0200 (CEST);1563098071000;3.27;800.64
1380556833984591;38.6;32.6;Sun Jul 14 2019 11:56:25 GMT+0200 (CEST);Sun Jul 14 2019 09:56:25 GMT+0200 (CEST);1563098185000;1.75;378.87
1380556833984591;37.1;32.8;Sun Jul 14 2019 11:58:19 GMT+0200 (CEST);Sun Jul 14 2019 09:58:19 GMT+0200 (CEST);1563098299000;1.63;355.83
1380556833984591;37.1;33.1;Sun Jul 14 2019 12:00:12 GMT+0200 (CEST);Sun Jul 14 2019 10:00:12 GMT+0200 (CEST);1563098412000;2.21;478.71
1380556833984591;36.6;33.2;Sun Jul 14 2019 12:02:06 GMT+0200 (CEST);Sun Jul 14 2019 10:02:06 GMT+0200 (CEST);1563098526000;2.59;555.51
1380556833984591;36.6;33.3;Sun Jul 14 2019 12:04:07 GMT+0200 (CEST);Sun Jul 14 2019 10:04:07 GMT+0200 (CEST);1563098647000;4.05;806.6
1380556833984591;36.6;33;Sun Jul 14 2019 12:06:24 GMT+0200 (CEST);Sun Jul 14 2019 10:06:24 GMT+0200 (CEST);1563098784000;3.59;756.49
1380556833984591;36.6;33.2;Sun Jul 14 2019 12:08:24 GMT+0200 (CEST);Sun Jul 14 2019 10:08:24 GMT+0200 (CEST);1563098904000;3.97;796.76
1380556833984591;36.6;33;Sun Jul 14 2019 12:10:18 GMT+0200 (CEST);Sun Jul 14 2019 10:10:18 GMT+0200 (CEST);1563099018000;3.86;869.06
1380556833984591;37.1;32.4;Sun Jul 14 2019 12:12:12 GMT+0200 (CEST);Sun Jul 14 2019 10:12:12 GMT+0200 (CEST);1563099132000;5.09;985.59
1380556833984591;37.1;32.4;Sun Jul 14 2019 12:14:06 GMT+0200 (CEST);Sun Jul 14 2019 10:14:06 GMT+0200 (CEST);1563099246000;4.88;949.1
1380556833984591;38.6;31.6;Sun Jul 14 2019 12:16:00 GMT+0200 (CEST);Sun Jul 14 2019 10:16:00 GMT+0200 (CEST);1563099360000;2.24;453.11
1380556833984591;38.6;32;Sun Jul 14 2019 12:17:53 GMT+0200 (CEST);Sun Jul 14 2019 10:17:53 GMT+0200 (CEST);1563099473000;1.86;394.23
1380556833984591;38.6;32.7;Sun Jul 14 2019 12:19:57 GMT+0200 (CEST);Sun Jul 14 2019 10:19:57 GMT+0200 (CEST);1563099597000;4.22;897.65
1380556833984591;38.6;32.4;Sun Jul 14 2019 12:22:14 GMT+0200 (CEST);Sun Jul 14 2019 10:22:14 GMT+0200 (CEST);1563099734000;5.29;1118.71
1380556833984591;38.6;32.3;Sun Jul 14 2019 12:24:10 GMT+0200 (CEST);Sun Jul 14 2019 10:24:10 GMT+0200 (CEST);1563099850000;2.1;383.99
1380556833984591;39.1;31.9;Sun Jul 14 2019 12:26:05 GMT+0200 (CEST);Sun Jul 14 2019 10:26:05 GMT+0200 (CEST);1563099965000;1.46;306.43
1380556833984591;39.1;32.3;Sun Jul 14 2019 12:27:49 GMT+0200 (CEST);Sun Jul 14 2019 10:27:49 GMT+0200 (CEST);1563100069000;1.61;332.79
1380556833984591;39.1;32.6;Sun Jul 14 2019 12:29:45 GMT+0200 (CEST);Sun Jul 14 2019 10:29:45 GMT+0200 (CEST);1563100185000;1.71;363.51
1380556833984591;38.6;32.5;Sun Jul 14 2019 12:31:39 GMT+0200 (CEST);Sun Jul 14 2019 10:31:39 GMT+0200 (CEST);1563100299000;4.9;476.15
1380556833984591;38.6;32.9;Sun Jul 14 2019 12:33:33 GMT+0200 (CEST);Sun Jul 14 2019 10:33:33 GMT+0200 (CEST);1563100413000;1.96;409.59
1380556833984591;38.6;32.8;Sun Jul 14 2019 12:35:27 GMT+0200 (CEST);Sun Jul 14 2019 10:35:27 GMT+0200 (CEST);1563100527000;5.98;1172.47
1380556833984591;38.6;34.3;Sun Jul 14 2019 12:37:25 GMT+0200 (CEST);Sun Jul 14 2019 10:37:25 GMT+0200 (CEST);1563100645000;1.72;386.55
1380556833984591;38.6;32.1;Sun Jul 14 2019 12:39:31 GMT+0200 (CEST);Sun Jul 14 2019 10:39:31 GMT+0200 (CEST);1563100771000;1.76;386.55
1380556833984591;38.6;34.6;Sun Jul 14 2019 12:41:25 GMT+0200 (CEST);Sun Jul 14 2019 10:41:25 GMT+0200 (CEST);1563100885000;6.18;1246.71
1380556833984591;38.6;32.5;Sun Jul 14 2019 12:43:18 GMT+0200 (CEST);Sun Jul 14 2019 10:43:18 GMT+0200 (CEST);1563100998000;3.12;773.18
1380556833984591;38.6;32.1;Sun Jul 14 2019 12:45:24 GMT+0200 (CEST);Sun Jul 14 2019 10:45:24 GMT+0200 (CEST);1563101124000;6.02;1218.55
1380556833984591;38.6;31.6;Sun Jul 14 2019 12:47:18 GMT+0200 (CEST);Sun Jul 14 2019 10:47:18 GMT+0200 (CEST);1563101238000;6.14;1244.15
1380556833984591;40.6;31.1;Sun Jul 14 2019 12:49:28 GMT+0200 (CEST);Sun Jul 14 2019 10:49:28 GMT+0200 (CEST);1563101368000;4.29;897.41
1380556833984591;40.6;31.8;Sun Jul 14 2019 12:51:22 GMT+0200 (CEST);Sun Jul 14 2019 10:51:22 GMT+0200 (CEST);1563101482000;4.41;1003.51
1380556833984591;40.6;31.9;Sun Jul 14 2019 12:53:32 GMT+0200 (CEST);Sun Jul 14 2019 10:53:32 GMT+0200 (CEST);1563101612000;4.57;875.31
1380556833984591;42.6;31.6;Sun Jul 14 2019 12:55:32 GMT+0200 (CEST);Sun Jul 14 2019 10:55:32 GMT+0200 (CEST);1563101732000;3.88;830.15
1380556833984591;42.6;31.6;Sun Jul 14 2019 12:57:25 GMT+0200 (CEST);Sun Jul 14 2019 10:57:25 GMT+0200 (CEST);1563101845000;3.84;825.95
1380556833984591;43.1;32;Sun Jul 14 2019 12:59:31 GMT+0200 (CEST);Sun Jul 14 2019 10:59:31 GMT+0200 (CEST);1563101971000;3.46;746.21
1380556833984591;43.1;31.9;Sun Jul 14 2019 13:01:24 GMT+0200 (CEST);Sun Jul 14 2019 11:01:24 GMT+0200 (CEST);1563102084000;3.01;639.99
1380556833984591;43.1;32.3;Sun Jul 14 2019 13:03:17 GMT+0200 (CEST);Sun Jul 14 2019 11:03:17 GMT+0200 (CEST);1563102197000;3.24;830.16
1380556833984591;43.1;32.5;Sun Jul 14 2019 13:05:11 GMT+0200 (CEST);Sun Jul 14 2019 11:05:11 GMT+0200 (CEST);1563102311000;4.11;768.02
1380556833984591;43.1;32.3;Sun Jul 14 2019 13:07:05 GMT+0200 (CEST);Sun Jul 14 2019 11:07:05 GMT+0200 (CEST);1563102425000;3.76;683.49
1380556833984591;42.6;32.3;Sun Jul 14 2019 13:09:06 GMT+0200 (CEST);Sun Jul 14 2019 11:09:06 GMT+0200 (CEST);1563102546000;4.32;802.8
1380556833984591;42.6;31.9;Sun Jul 14 2019 13:10:59 GMT+0200 (CEST);Sun Jul 14 2019 11:10:59 GMT+0200 (CEST);1563102659000;4.97;936.55
1380556833984591;42.6;32;Sun Jul 14 2019 13:13:03 GMT+0200 (CEST);Sun Jul 14 2019 11:13:03 GMT+0200 (CEST);1563102783000;2.82;506.87
1380556833984591;42.6;31.7;Sun Jul 14 2019 13:14:56 GMT+0200 (CEST);Sun Jul 14 2019 11:14:56 GMT+0200 (CEST);1563102896000;2.44;501.75
1380556833984591;42.6;32.2;Sun Jul 14 2019 13:16:51 GMT+0200 (CEST);Sun Jul 14 2019 11:16:51 GMT+0200 (CEST);1563103011000;2.67;550.39
1380556833984591;42.6;32.5;Sun Jul 14 2019 13:18:46 GMT+0200 (CEST);Sun Jul 14 2019 11:18:46 GMT+0200 (CEST);1563103126000;2.85;578.55
1380556833984591;42.6;32.6;Sun Jul 14 2019 13:20:41 GMT+0200 (CEST);Sun Jul 14 2019 11:20:41 GMT+0200 (CEST);1563103241000;4.81;796.04
1380556833984591;41.1;32.9;Sun Jul 14 2019 13:22:45 GMT+0200 (CEST);Sun Jul 14 2019 11:22:45 GMT+0200 (CEST);1563103365000;2.94;667.06
1380556833984591;41.1;32.1;Sun Jul 14 2019 13:24:41 GMT+0200 (CEST);Sun Jul 14 2019 11:24:41 GMT+0200 (CEST);1563103481000;2.55;522.23
1380556833984591;41.1;32.3;Sun Jul 14 2019 13:26:37 GMT+0200 (CEST);Sun Jul 14 2019 11:26:37 GMT+0200 (CEST);1563103597000;2.61;522.23
1380556833984591;41.1;32.7;Sun Jul 14 2019 13:28:39 GMT+0200 (CEST);Sun Jul 14 2019 11:28:39 GMT+0200 (CEST);1563103719000;2.03;407.03
1380556833984591;41.1;32.4;Sun Jul 14 2019 13:30:37 GMT+0200 (CEST);Sun Jul 14 2019 11:30:37 GMT+0200 (CEST);1563103837000;1.68;350.71
1380556833984591;40.1;32.5;Sun Jul 14 2019 13:32:30 GMT+0200 (CEST);Sun Jul 14 2019 11:32:30 GMT+0200 (CEST);1563103950000;1.55;325.08
1380556833984591;40.1;33;Sun Jul 14 2019 13:34:29 GMT+0200 (CEST);Sun Jul 14 2019 11:34:29 GMT+0200 (CEST);1563104069000;1.45;289.93
1380556833984591;40.1;32.7;Sun Jul 14 2019 13:36:31 GMT+0200 (CEST);Sun Jul 14 2019 11:36:31 GMT+0200 (CEST);1563104191000;1.31;274.55
1380556833984591;38.6;32.8;Sun Jul 14 2019 13:38:28 GMT+0200 (CEST);Sun Jul 14 2019 11:38:28 GMT+0200 (CEST);1563104308000;1.24;260.89
1380556833984591;38.6;32.8;Sun Jul 14 2019 13:40:25 GMT+0200 (CEST);Sun Jul 14 2019 11:40:25 GMT+0200 (CEST);1563104425000;1.06;228.52
1380556833984591;36.6;32.8;Sun Jul 14 2019 13:42:27 GMT+0200 (CEST);Sun Jul 14 2019 11:42:27 GMT+0200 (CEST);1563104547000;0.98;213.54
1380556833984591;36.6;33;Sun Jul 14 2019 13:44:36 GMT+0200 (CEST);Sun Jul 14 2019 11:44:36 GMT+0200 (CEST);1563104676000;1.09;235.6
1380556833984591;36.6;34.2;Sun Jul 14 2019 13:46:29 GMT+0200 (CEST);Sun Jul 14 2019 11:46:29 GMT+0200 (CEST);1563104789000;1.37;301.68
1380556833984591;34.6;33.6;Sun Jul 14 2019 13:48:27 GMT+0200 (CEST);Sun Jul 14 2019 11:48:27 GMT+0200 (CEST);1563104907000;1.71;378.87
1380556833984591;34.6;33.6;Sun Jul 14 2019 13:50:40 GMT+0200 (CEST);Sun Jul 14 2019 11:50:40 GMT+0200 (CEST);1563105040000;4;814.82
1380556833984591;34.6;33.7;Sun Jul 14 2019 13:52:35 GMT+0200 (CEST);Sun Jul 14 2019 11:52:35 GMT+0200 (CEST);1563105155000;2.07;442.87
1380556833984591;34.6;33.1;Sun Jul 14 2019 13:54:39 GMT+0200 (CEST);Sun Jul 14 2019 11:54:39 GMT+0200 (CEST);1563105279000;5.4;1080.31
1380556833984591;34.6;32.5;Sun Jul 14 2019 13:56:42 GMT+0200 (CEST);Sun Jul 14 2019 11:56:42 GMT+0200 (CEST);1563105402000;4.79;964.55
1380556833984591;35.1;32.2;Sun Jul 14 2019 13:58:40 GMT+0200 (CEST);Sun Jul 14 2019 11:58:40 GMT+0200 (CEST);1563105520000;1.79;360.95
1380556833984591;35.1;32.2;Sun Jul 14 2019 14:00:35 GMT+0200 (CEST);Sun Jul 14 2019 12:00:35 GMT+0200 (CEST);1563105635000;1.73;358.39
1380556833984591;37.1;32.4;Sun Jul 14 2019 14:02:48 GMT+0200 (CEST);Sun Jul 14 2019 12:02:48 GMT+0200 (CEST);1563105768000;1.8;383.99
1380556833984591;37.1;32.6;Sun Jul 14 2019 14:05:04 GMT+0200 (CEST);Sun Jul 14 2019 12:05:04 GMT+0200 (CEST);1563105904000;2.11;432.63
1380556833984591;37.1;32.8;Sun Jul 14 2019 14:06:59 GMT+0200 (CEST);Sun Jul 14 2019 12:06:59 GMT+0200 (CEST);1563106019000;2.73;953.69
1380556833984591;37.1;32.6;Sun Jul 14 2019 14:09:00 GMT+0200 (CEST);Sun Jul 14 2019 12:09:00 GMT+0200 (CEST);1563106140000;2.03;435.19
1380556833984591;37.1;33.2;Sun Jul 14 2019 14:10:56 GMT+0200 (CEST);Sun Jul 14 2019 12:10:56 GMT+0200 (CEST);1563106256000;2.56;519.67
1380556833984591;37.1;33.8;Sun Jul 14 2019 14:12:50 GMT+0200 (CEST);Sun Jul 14 2019 12:12:50 GMT+0200 (CEST);1563106370000;3.7;800
1380556833984591;37.1;33;Sun Jul 14 2019 14:14:45 GMT+0200 (CEST);Sun Jul 14 2019 12:14:45 GMT+0200 (CEST);1563106485000;2.43;511.99
1380556833984591;38.6;32.7;Sun Jul 14 2019 14:16:41 GMT+0200 (CEST);Sun Jul 14 2019 12:16:41 GMT+0200 (CEST);1563106601000;1.93;404.47
1380556833984591;38.6;32.7;Sun Jul 14 2019 14:18:47 GMT+0200 (CEST);Sun Jul 14 2019 12:18:47 GMT+0200 (CEST);1563106727000;1.91;391.67
1380556833984591;38.6;32.8;Sun Jul 14 2019 14:20:43 GMT+0200 (CEST);Sun Jul 14 2019 12:20:43 GMT+0200 (CEST);1563106843000;1.92;407.03
1380556833984591;38.6;32.8;Sun Jul 14 2019 14:22:39 GMT+0200 (CEST);Sun Jul 14 2019 12:22:39 GMT+0200 (CEST);1563106959000;1.94;424.95
1380556833984591;37.1;33;Sun Jul 14 2019 14:25:03 GMT+0200 (CEST);Sun Jul 14 2019 12:25:03 GMT+0200 (CEST);1563107103000;2.09;450.55
1380556833984591;37.1;33.1;Sun Jul 14 2019 14:27:04 GMT+0200 (CEST);Sun Jul 14 2019 12:27:04 GMT+0200 (CEST);1563107224000;2.91;645.11
1380556833984591;37.1;33.5;Sun Jul 14 2019 14:28:57 GMT+0200 (CEST);Sun Jul 14 2019 12:28:57 GMT+0200 (CEST);1563107337000;5.4;1105.91
1380556833984591;37.1;32.6;Sun Jul 14 2019 14:30:52 GMT+0200 (CEST);Sun Jul 14 2019 12:30:52 GMT+0200 (CEST);1563107452000;4.11;865.8
1380556833984591;37.1;32.4;Sun Jul 14 2019 14:32:48 GMT+0200 (CEST);Sun Jul 14 2019 12:32:48 GMT+0200 (CEST);1563107568000;2.5;499.19
1380556833984591;38.6;33.2;Sun Jul 14 2019 14:34:56 GMT+0200 (CEST);Sun Jul 14 2019 12:34:56 GMT+0200 (CEST);1563107696000;1.95;401.91
1380556833984591;38.6;33.1;Sun Jul 14 2019 14:36:49 GMT+0200 (CEST);Sun Jul 14 2019 12:36:49 GMT+0200 (CEST);1563107809000;5.39;1082.87
1380556833984591;38.6;32.1;Sun Jul 14 2019 14:38:42 GMT+0200 (CEST);Sun Jul 14 2019 12:38:42 GMT+0200 (CEST);1563107922000;2.02;424.95
1380556833984591;38.6;32.1;Sun Jul 14 2019 14:40:39 GMT+0200 (CEST);Sun Jul 14 2019 12:40:39 GMT+0200 (CEST);1563108039000;2.22;450.55
1380556833984591;38.6;32.9;Sun Jul 14 2019 14:42:33 GMT+0200 (CEST);Sun Jul 14 2019 12:42:33 GMT+0200 (CEST);1563108153000;2.98;529.91
1380556833984591;38.6;34.2;Sun Jul 14 2019 14:44:30 GMT+0200 (CEST);Sun Jul 14 2019 12:44:30 GMT+0200 (CEST);1563108270000;5.41;1121.27
1380556833984591;38.6;32.8;Sun Jul 14 2019 14:46:26 GMT+0200 (CEST);Sun Jul 14 2019 12:46:26 GMT+0200 (CEST);1563108386000;5.09;1064.95
1380556833984591;39.1;32;Sun Jul 14 2019 14:48:17 GMT+0200 (CEST);Sun Jul 14 2019 12:48:17 GMT+0200 (CEST);1563108497000;5.2;1049.59
1380556833984591;39.1;32.2;Sun Jul 14 2019 14:50:14 GMT+0200 (CEST);Sun Jul 14 2019 12:50:14 GMT+0200 (CEST);1563108614000;4.68;958.22
1380556833984591;39.1;31.5;Sun Jul 14 2019 14:52:09 GMT+0200 (CEST);Sun Jul 14 2019 12:52:09 GMT+0200 (CEST);1563108729000;5.36;909.03
1380556833984591;42.6;32.9;Sun Jul 14 2019 14:54:02 GMT+0200 (CEST);Sun Jul 14 2019 12:54:02 GMT+0200 (CEST);1563108842000;2.02;478.71
1380556833984591;42.6;32.1;Sun Jul 14 2019 14:55:57 GMT+0200 (CEST);Sun Jul 14 2019 12:55:57 GMT+0200 (CEST);1563108957000;3.79;946.69
1380556833984591;43.1;32.2;Sun Jul 14 2019 14:57:52 GMT+0200 (CEST);Sun Jul 14 2019 12:57:52 GMT+0200 (CEST);1563109072000;4.96;995.83
1380556833984591;43.1;31.7;Sun Jul 14 2019 14:59:48 GMT+0200 (CEST);Sun Jul 14 2019 12:59:48 GMT+0200 (CEST);1563109188000;5.05;1026.55
1380556833984591;43.1;31.8;Sun Jul 14 2019 15:01:59 GMT+0200 (CEST);Sun Jul 14 2019 13:01:59 GMT+0200 (CEST);1563109319000;1.58;318.63
1380556833984591;44.7;30.7;Sun Jul 14 2019 15:04:06 GMT+0200 (CEST);Sun Jul 14 2019 13:04:06 GMT+0200 (CEST);1563109446000;1.39;290.69
1380556833984591;44.7;30.8;Sun Jul 14 2019 15:06:03 GMT+0200 (CEST);Sun Jul 14 2019 13:06:03 GMT+0200 (CEST);1563109563000;1.47;306.96
1380556833984591;44.7;31.9;Sun Jul 14 2019 15:07:55 GMT+0200 (CEST);Sun Jul 14 2019 13:07:55 GMT+0200 (CEST);1563109675000;1.33;283.57
1380556833984591;44.7;32;Sun Jul 14 2019 15:09:52 GMT+0200 (CEST);Sun Jul 14 2019 13:09:52 GMT+0200 (CEST);1563109792000;1.48;323.59
1380556833984591;42.6;32.3;Sun Jul 14 2019 15:11:49 GMT+0200 (CEST);Sun Jul 14 2019 13:11:49 GMT+0200 (CEST);1563109909000;1.96;340.47
1380556833984591;42.6;32.7;Sun Jul 14 2019 15:13:43 GMT+0200 (CEST);Sun Jul 14 2019 13:13:43 GMT+0200 (CEST);1563110023000;1.84;360.95
1380556833984591;42.6;34.3;Sun Jul 14 2019 15:15:39 GMT+0200 (CEST);Sun Jul 14 2019 13:15:39 GMT+0200 (CEST);1563110139000;4.83;1011.19
1380556833984591;40.6;33.4;Sun Jul 14 2019 15:17:40 GMT+0200 (CEST);Sun Jul 14 2019 13:17:40 GMT+0200 (CEST);1563110260000;4.92;1013.75
1380556833984591;40.6;32.1;Sun Jul 14 2019 15:19:51 GMT+0200 (CEST);Sun Jul 14 2019 13:19:51 GMT+0200 (CEST);1563110391000;4.81;980.19
1380556833984591;40.6;32.1;Sun Jul 14 2019 15:21:44 GMT+0200 (CEST);Sun Jul 14 2019 13:21:44 GMT+0200 (CEST);1563110504000;4.61;949.86
1380556833984591;40.6;31.9;Sun Jul 14 2019 15:23:40 GMT+0200 (CEST);Sun Jul 14 2019 13:23:40 GMT+0200 (CEST);1563110620000;4.86;971.37
1380556833984591;42.6;30.7;Sun Jul 14 2019 15:25:35 GMT+0200 (CEST);Sun Jul 14 2019 13:25:35 GMT+0200 (CEST);1563110735000;5.08;1018.87
1380556833984591;42.6;30.4;Sun Jul 14 2019 15:27:31 GMT+0200 (CEST);Sun Jul 14 2019 13:27:31 GMT+0200 (CEST);1563110851000;5.34;1039.35
1380556833984591;42.6;30.9;Sun Jul 14 2019 15:29:31 GMT+0200 (CEST);Sun Jul 14 2019 13:29:31 GMT+0200 (CEST);1563110971000;5.08;998.39
1380556833984591;44.7;30.8;Sun Jul 14 2019 15:31:25 GMT+0200 (CEST);Sun Jul 14 2019 13:31:25 GMT+0200 (CEST);1563111085000;4.71;913.48
1380556833984591;44.7;31.5;Sun Jul 14 2019 15:33:20 GMT+0200 (CEST);Sun Jul 14 2019 13:33:20 GMT+0200 (CEST);1563111200000;2.49;453.11
1380556833984591;44.7;31.3;Sun Jul 14 2019 15:35:27 GMT+0200 (CEST);Sun Jul 14 2019 13:35:27 GMT+0200 (CEST);1563111327000;1.6;296.46
1380556833984591;46.7;31.3;Sun Jul 14 2019 15:37:25 GMT+0200 (CEST);Sun Jul 14 2019 13:37:25 GMT+0200 (CEST);1563111445000;1.22;243.53
1380556833984591;46.7;31.3;Sun Jul 14 2019 15:39:29 GMT+0200 (CEST);Sun Jul 14 2019 13:39:29 GMT+0200 (CEST);1563111569000;0.98;200.96
1380556833984591;46.7;31.4;Sun Jul 14 2019 15:41:23 GMT+0200 (CEST);Sun Jul 14 2019 13:41:23 GMT+0200 (CEST);1563111683000;0.83;171.78
1380556833984591;46.7;31.7;Sun Jul 14 2019 15:43:17 GMT+0200 (CEST);Sun Jul 14 2019 13:43:17 GMT+0200 (CEST);1563111797000;0.81;163.89
1380556833984591;41.1;31.9;Sun Jul 14 2019 15:45:11 GMT+0200 (CEST);Sun Jul 14 2019 13:45:11 GMT+0200 (CEST);1563111911000;0.81;168.8
1380556833984591;41.1;32.1;Sun Jul 14 2019 15:47:05 GMT+0200 (CEST);Sun Jul 14 2019 13:47:05 GMT+0200 (CEST);1563112025000;0.78;164.16
1380556833984591;41.1;32.4;Sun Jul 14 2019 15:49:01 GMT+0200 (CEST);Sun Jul 14 2019 13:49:01 GMT+0200 (CEST);1563112141000;0.91;189.93
1380556833984591;38.6;32.8;Sun Jul 14 2019 15:50:58 GMT+0200 (CEST);Sun Jul 14 2019 13:50:58 GMT+0200 (CEST);1563112258000;1.37;435.19
1380556833984591;38.6;33.7;Sun Jul 14 2019 15:53:17 GMT+0200 (CEST);Sun Jul 14 2019 13:53:17 GMT+0200 (CEST);1563112397000;1.72;494.07
1380556833984591;38.6;33.1;Sun Jul 14 2019 15:55:13 GMT+0200 (CEST);Sun Jul 14 2019 13:55:13 GMT+0200 (CEST);1563112513000;2.88;532.47
1380556833984591;38.6;33.6;Sun Jul 14 2019 15:57:12 GMT+0200 (CEST);Sun Jul 14 2019 13:57:12 GMT+0200 (CEST);1563112632000;2.44;483.83
1380556833984591;36.6;31.7;Sun Jul 14 2019 15:59:08 GMT+0200 (CEST);Sun Jul 14 2019 13:59:08 GMT+0200 (CEST);1563112748000;0.81;164.55
1380556833984591;36.6;32;Sun Jul 14 2019 16:01:05 GMT+0200 (CEST);Sun Jul 14 2019 14:01:05 GMT+0200 (CEST);1563112865000;0.74;154.71
1380556833984591;34.6;32.1;Sun Jul 14 2019 16:03:02 GMT+0200 (CEST);Sun Jul 14 2019 14:03:02 GMT+0200 (CEST);1563112982000;0.77;159.3
1380556833984591;34.6;32.3;Sun Jul 14 2019 16:04:56 GMT+0200 (CEST);Sun Jul 14 2019 14:04:56 GMT+0200 (CEST);1563113096000;0.77;160.98
1380556833984591;34.6;32.5;Sun Jul 14 2019 16:06:59 GMT+0200 (CEST);Sun Jul 14 2019 14:06:59 GMT+0200 (CEST);1563113219000;0.79;161.86
1380556833984591;34.6;32.6;Sun Jul 14 2019 16:08:52 GMT+0200 (CEST);Sun Jul 14 2019 14:08:52 GMT+0200 (CEST);1563113332000;0.81;166.83
1380556833984591;34.6;32.7;Sun Jul 14 2019 16:10:47 GMT+0200 (CEST);Sun Jul 14 2019 14:10:47 GMT+0200 (CEST);1563113447000;0.81;167.37
1380556833984591;32.1;32.9;Sun Jul 14 2019 16:12:40 GMT+0200 (CEST);Sun Jul 14 2019 14:12:40 GMT+0200 (CEST);1563113560000;0.8;169.72
1380556833984591;32.1;32.9;Sun Jul 14 2019 16:14:38 GMT+0200 (CEST);Sun Jul 14 2019 14:14:38 GMT+0200 (CEST);1563113678000;0.81;172.78
1380556833984591;31.1;32.9;Sun Jul 14 2019 16:16:32 GMT+0200 (CEST);Sun Jul 14 2019 14:16:32 GMT+0200 (CEST);1563113792000;0.83;174.1
1380556833984591;31.1;33;Sun Jul 14 2019 16:18:29 GMT+0200 (CEST);Sun Jul 14 2019 14:18:29 GMT+0200 (CEST);1563113909000;0.85;179.74
1380556833984591;31.1;33;Sun Jul 14 2019 16:20:21 GMT+0200 (CEST);Sun Jul 14 2019 14:20:21 GMT+0200 (CEST);1563114021000;0.87;182.63
1380556833984591;31.1;33;Sun Jul 14 2019 16:22:16 GMT+0200 (CEST);Sun Jul 14 2019 14:22:16 GMT+0200 (CEST);1563114136000;0.87;184.71
1380556833984591;31.1;33.1;Sun Jul 14 2019 16:24:15 GMT+0200 (CEST);Sun Jul 14 2019 14:24:15 GMT+0200 (CEST);1563114255000;0.91;189.69
1380556833984591;31.1;33.2;Sun Jul 14 2019 16:26:09 GMT+0200 (CEST);Sun Jul 14 2019 14:26:09 GMT+0200 (CEST);1563114369000;0.92;193.45
1380556833984591;31.1;33.2;Sun Jul 14 2019 16:28:02 GMT+0200 (CEST);Sun Jul 14 2019 14:28:02 GMT+0200 (CEST);1563114482000;0.93;194.25
1380556833984591;31.1;33;Sun Jul 14 2019 16:29:59 GMT+0200 (CEST);Sun Jul 14 2019 14:29:59 GMT+0200 (CEST);1563114599000;0.95;197.18
1380556833984591;31.1;33.1;Sun Jul 14 2019 16:31:58 GMT+0200 (CEST);Sun Jul 14 2019 14:31:58 GMT+0200 (CEST);1563114718000;0.96;200.51
1380556833984591;31.1;33.2;Sun Jul 14 2019 16:33:52 GMT+0200 (CEST);Sun Jul 14 2019 14:33:52 GMT+0200 (CEST);1563114832000;0.97;200.87
1380556833984591;31.1;33.2;Sun Jul 14 2019 16:35:48 GMT+0200 (CEST);Sun Jul 14 2019 14:35:48 GMT+0200 (CEST);1563114948000;0.97;201.85
1380556833984591;31.1;33.2;Sun Jul 14 2019 16:37:48 GMT+0200 (CEST);Sun Jul 14 2019 14:37:48 GMT+0200 (CEST);1563115068000;0.95;200.02
1380556833984591;30.5;33;Sun Jul 14 2019 16:39:46 GMT+0200 (CEST);Sun Jul 14 2019 14:39:46 GMT+0200 (CEST);1563115186000;0.95;199.64
1380556833984591;30.5;33.4;Sun Jul 14 2019 16:41:39 GMT+0200 (CEST);Sun Jul 14 2019 14:41:39 GMT+0200 (CEST);1563115299000;0.98;206.09
1380556833984591;30.5;33.2;Sun Jul 14 2019 16:43:35 GMT+0200 (CEST);Sun Jul 14 2019 14:43:35 GMT+0200 (CEST);1563115415000;1.01;211.84
1380556833984591;30.5;33.2;Sun Jul 14 2019 16:45:28 GMT+0200 (CEST);Sun Jul 14 2019 14:45:28 GMT+0200 (CEST);1563115528000;1.03;216.33
1380556833984591;30.5;33.3;Sun Jul 14 2019 16:47:21 GMT+0200 (CEST);Sun Jul 14 2019 14:47:21 GMT+0200 (CEST);1563115641000;1.03;218.91
1380556833984591;30.5;33.2;Sun Jul 14 2019 16:49:17 GMT+0200 (CEST);Sun Jul 14 2019 14:49:17 GMT+0200 (CEST);1563115757000;1.02;214.19
1380556833984591;30.5;33.3;Sun Jul 14 2019 16:51:12 GMT+0200 (CEST);Sun Jul 14 2019 14:51:12 GMT+0200 (CEST);1563115872000;0.98;211.83
1380556833984591;30.5;33.1;Sun Jul 14 2019 16:53:13 GMT+0200 (CEST);Sun Jul 14 2019 14:53:13 GMT+0200 (CEST);1563115993000;0.99;212.37
1380556833984591;30.5;33.2;Sun Jul 14 2019 16:55:28 GMT+0200 (CEST);Sun Jul 14 2019 14:55:28 GMT+0200 (CEST);1563116128000;0.97;208.96
1380556833984591;30.5;32.8;Sun Jul 14 2019 16:57:24 GMT+0200 (CEST);Sun Jul 14 2019 14:57:24 GMT+0200 (CEST);1563116244000;0.97;210.31
1380556833984591;30.5;33.3;Sun Jul 14 2019 16:59:36 GMT+0200 (CEST);Sun Jul 14 2019 14:59:36 GMT+0200 (CEST);1563116376000;1.02;219.73
1380556833984591;30.5;33.3;Sun Jul 14 2019 17:01:32 GMT+0200 (CEST);Sun Jul 14 2019 15:01:32 GMT+0200 (CEST);1563116492000;1.02;217.42
1380556833984591;30.5;33.1;Sun Jul 14 2019 17:03:27 GMT+0200 (CEST);Sun Jul 14 2019 15:03:27 GMT+0200 (CEST);1563116607000;0.96;209.59
1380556833984591;31.1;33.1;Sun Jul 14 2019 17:05:28 GMT+0200 (CEST);Sun Jul 14 2019 15:05:28 GMT+0200 (CEST);1563116728000;0.94;200.84
1380556833984591;31.1;33.2;Sun Jul 14 2019 17:07:22 GMT+0200 (CEST);Sun Jul 14 2019 15:07:22 GMT+0200 (CEST);1563116842000;0.92;200.44
1380556833984591;31.1;33.2;Sun Jul 14 2019 17:09:27 GMT+0200 (CEST);Sun Jul 14 2019 15:09:27 GMT+0200 (CEST);1563116967000;0.91;200.44
1380556833984591;31.1;33.2;Sun Jul 14 2019 17:11:22 GMT+0200 (CEST);Sun Jul 14 2019 15:11:22 GMT+0200 (CEST);1563117082000;0.95;204.76
1380556833984591;31.1;33.4;Sun Jul 14 2019 17:13:20 GMT+0200 (CEST);Sun Jul 14 2019 15:13:20 GMT+0200 (CEST);1563117200000;1.02;213.22
1380556833984591;31.1;33.7;Sun Jul 14 2019 17:15:16 GMT+0200 (CEST);Sun Jul 14 2019 15:15:16 GMT+0200 (CEST);1563117316000;0.99;213.76
1380556833984591;31.1;33.6;Sun Jul 14 2019 17:17:17 GMT+0200 (CEST);Sun Jul 14 2019 15:17:17 GMT+0200 (CEST);1563117437000;1.16;241.79
1380556833984591;31.1;34.8;Sun Jul 14 2019 17:19:17 GMT+0200 (CEST);Sun Jul 14 2019 15:19:17 GMT+0200 (CEST);1563117557000;2.32;568.31
1380556833984591;31.1;34.7;Sun Jul 14 2019 17:21:18 GMT+0200 (CEST);Sun Jul 14 2019 15:21:18 GMT+0200 (CEST);1563117678000;2.79;588.79
1380556833984591;32.1;34.2;Sun Jul 14 2019 17:23:11 GMT+0200 (CEST);Sun Jul 14 2019 15:23:11 GMT+0200 (CEST);1563117791000;2.82;591.35
1380556833984591;32.1;33.6;Sun Jul 14 2019 17:25:07 GMT+0200 (CEST);Sun Jul 14 2019 15:25:07 GMT+0200 (CEST);1563117907000;2.85;588.79
1380556833984591;32.1;33.3;Sun Jul 14 2019 17:27:02 GMT+0200 (CEST);Sun Jul 14 2019 15:27:02 GMT+0200 (CEST);1563118022000;2.65;563.19
1380556833984591;32.1;33;Sun Jul 14 2019 17:28:57 GMT+0200 (CEST);Sun Jul 14 2019 15:28:57 GMT+0200 (CEST);1563118137000;2.27;447.99
1380556833984591;32.1;32.8;Sun Jul 14 2019 17:30:55 GMT+0200 (CEST);Sun Jul 14 2019 15:30:55 GMT+0200 (CEST);1563118255000;1.05;220.2
1380556833984591;34.6;32.4;Sun Jul 14 2019 17:32:53 GMT+0200 (CEST);Sun Jul 14 2019 15:32:53 GMT+0200 (CEST);1563118373000;1.1;232.36
1380556833984591;34.6;33.9;Sun Jul 14 2019 17:34:47 GMT+0200 (CEST);Sun Jul 14 2019 15:34:47 GMT+0200 (CEST);1563118487000;2.37;504.31
1380556833984591;34.6;33.4;Sun Jul 14 2019 17:36:44 GMT+0200 (CEST);Sun Jul 14 2019 15:36:44 GMT+0200 (CEST);1563118604000;2.4;488.95
1380556833984591;35.1;33.4;Sun Jul 14 2019 17:38:44 GMT+0200 (CEST);Sun Jul 14 2019 15:38:44 GMT+0200 (CEST);1563118724000;2.33;483.83
1380556833984591;35.1;33.6;Sun Jul 14 2019 17:40:39 GMT+0200 (CEST);Sun Jul 14 2019 15:40:39 GMT+0200 (CEST);1563118839000;2.2;386.55
1380556833984591;36.6;33.2;Sun Jul 14 2019 17:42:32 GMT+0200 (CEST);Sun Jul 14 2019 15:42:32 GMT+0200 (CEST);1563118952000;2.41;499.19
1380556833984591;36.6;33.5;Sun Jul 14 2019 17:44:37 GMT+0200 (CEST);Sun Jul 14 2019 15:44:37 GMT+0200 (CEST);1563119077000;2.46;511.99
1380556833984591;36.6;33.2;Sun Jul 14 2019 17:46:31 GMT+0200 (CEST);Sun Jul 14 2019 15:46:31 GMT+0200 (CEST);1563119191000;2.23;509.43
1380556833984591;36.6;33.6;Sun Jul 14 2019 17:48:26 GMT+0200 (CEST);Sun Jul 14 2019 15:48:26 GMT+0200 (CEST);1563119306000;1.51;340.47
1380556833984591;36.6;33.2;Sun Jul 14 2019 17:50:38 GMT+0200 (CEST);Sun Jul 14 2019 15:50:38 GMT+0200 (CEST);1563119438000;2.08;350.71
1380556833984591;36.1;32.9;Sun Jul 14 2019 17:52:40 GMT+0200 (CEST);Sun Jul 14 2019 15:52:40 GMT+0200 (CEST);1563119560000;1.53;305.52
1380556833984591;36.1;33.4;Sun Jul 14 2019 17:54:35 GMT+0200 (CEST);Sun Jul 14 2019 15:54:35 GMT+0200 (CEST);1563119675000;1.57;335.35
1380556833984591;36.1;33.2;Sun Jul 14 2019 17:56:33 GMT+0200 (CEST);Sun Jul 14 2019 15:56:33 GMT+0200 (CEST);1563119793000;1.48;296.47
1380556833984591;36.6;32.8;Sun Jul 14 2019 17:58:26 GMT+0200 (CEST);Sun Jul 14 2019 15:58:26 GMT+0200 (CEST);1563119906000;1.34;272.98
1380556833984591;36.6;32.9;Sun Jul 14 2019 18:00:20 GMT+0200 (CEST);Sun Jul 14 2019 16:00:20 GMT+0200 (CEST);1563120020000;1.22;257.45
1380556833984591;35.1;32.8;Sun Jul 14 2019 18:02:17 GMT+0200 (CEST);Sun Jul 14 2019 16:02:17 GMT+0200 (CEST);1563120137000;1.1;230
1380556833984591;35.1;32.8;Sun Jul 14 2019 18:04:20 GMT+0200 (CEST);Sun Jul 14 2019 16:04:20 GMT+0200 (CEST);1563120260000;1.02;214.14
1380556833984591;34.6;33.2;Sun Jul 14 2019 18:06:17 GMT+0200 (CEST);Sun Jul 14 2019 16:06:17 GMT+0200 (CEST);1563120377000;1.04;212.84
1380556833984591;34.6;33;Sun Jul 14 2019 18:08:14 GMT+0200 (CEST);Sun Jul 14 2019 16:08:14 GMT+0200 (CEST);1563120494000;1.03;210.32
1380556833984591;34.6;33.8;Sun Jul 14 2019 18:10:12 GMT+0200 (CEST);Sun Jul 14 2019 16:10:12 GMT+0200 (CEST);1563120612000;0.95;196.28
1380556833984591;34.6;32.8;Sun Jul 14 2019 18:12:05 GMT+0200 (CEST);Sun Jul 14 2019 16:12:05 GMT+0200 (CEST);1563120725000;0.91;189.04
1380556833984591;34.6;32.8;Sun Jul 14 2019 18:14:01 GMT+0200 (CEST);Sun Jul 14 2019 16:14:01 GMT+0200 (CEST);1563120841000;0.93;192.65
1380556833984591;32.1;33;Sun Jul 14 2019 18:15:55 GMT+0200 (CEST);Sun Jul 14 2019 16:15:55 GMT+0200 (CEST);1563120955000;0.97;204.89
1380556833984591;32.1;33.2;Sun Jul 14 2019 18:17:50 GMT+0200 (CEST);Sun Jul 14 2019 16:17:50 GMT+0200 (CEST);1563121070000;0.96;202.62
1380556833984591;32.1;32.9;Sun Jul 14 2019 18:19:59 GMT+0200 (CEST);Sun Jul 14 2019 16:19:59 GMT+0200 (CEST);1563121199000;0.89;184.91
1380556833984591;32.1;32.9;Sun Jul 14 2019 18:21:55 GMT+0200 (CEST);Sun Jul 14 2019 16:21:55 GMT+0200 (CEST);1563121315000;0.77;166.34
1380556833984591;32.1;32.7;Sun Jul 14 2019 18:23:51 GMT+0200 (CEST);Sun Jul 14 2019 16:23:51 GMT+0200 (CEST);1563121431000;0.67;143.11
1380556833984591;31.1;32.6;Sun Jul 14 2019 18:25:46 GMT+0200 (CEST);Sun Jul 14 2019 16:25:46 GMT+0200 (CEST);1563121546000;0.64;137.3
1380556833984591;31.1;32.6;Sun Jul 14 2019 18:27:39 GMT+0200 (CEST);Sun Jul 14 2019 16:27:39 GMT+0200 (CEST);1563121659000;0.63;133.54
1380556833984591;31.1;32.7;Sun Jul 14 2019 18:29:41 GMT+0200 (CEST);Sun Jul 14 2019 16:29:41 GMT+0200 (CEST);1563121781000;0.66;133
1380556833984591;30;32.9;Sun Jul 14 2019 18:31:39 GMT+0200 (CEST);Sun Jul 14 2019 16:31:39 GMT+0200 (CEST);1563121899000;0.7;131.16
1380556833984591;30;33;Sun Jul 14 2019 18:33:36 GMT+0200 (CEST);Sun Jul 14 2019 16:33:36 GMT+0200 (CEST);1563122016000;0.79;132.99
1380556833984591;30.5;34.7;Sun Jul 14 2019 18:35:34 GMT+0200 (CEST);Sun Jul 14 2019 16:35:34 GMT+0200 (CEST);1563122134000;0.67;134.8
1380556833984591;30.5;33;Sun Jul 14 2019 18:37:29 GMT+0200 (CEST);Sun Jul 14 2019 16:37:29 GMT+0200 (CEST);1563122249000;0.67;137.22
1380556833984591;30.5;32.8;Sun Jul 14 2019 18:39:29 GMT+0200 (CEST);Sun Jul 14 2019 16:39:29 GMT+0200 (CEST);1563122369000;0.61;132.44
1380556833984591;30.5;32.6;Sun Jul 14 2019 18:41:27 GMT+0200 (CEST);Sun Jul 14 2019 16:41:27 GMT+0200 (CEST);1563122487000;0.55;118.53
1380556833984591;30.5;32.4;Sun Jul 14 2019 18:43:21 GMT+0200 (CEST);Sun Jul 14 2019 16:43:21 GMT+0200 (CEST);1563122601000;0.52;113.11
1380556833984591;29;32.4;Sun Jul 14 2019 18:45:14 GMT+0200 (CEST);Sun Jul 14 2019 16:45:14 GMT+0200 (CEST);1563122714000;0.52;111.98
1380556833984591;29;32.4;Sun Jul 14 2019 18:47:10 GMT+0200 (CEST);Sun Jul 14 2019 16:47:10 GMT+0200 (CEST);1563122830000;0.52;112.15
1380556833984591;29;32.4;Sun Jul 14 2019 18:49:04 GMT+0200 (CEST);Sun Jul 14 2019 16:49:04 GMT+0200 (CEST);1563122944000;0.5;111.34
1380556833984591;29;32.1;Sun Jul 14 2019 18:51:02 GMT+0200 (CEST);Sun Jul 14 2019 16:51:02 GMT+0200 (CEST);1563123062000;0.47;104.75
1380556833984591;29;32.2;Sun Jul 14 2019 18:53:14 GMT+0200 (CEST);Sun Jul 14 2019 16:53:14 GMT+0200 (CEST);1563123194000;0.46;103.44
1380556833984591;28.5;31.9;Sun Jul 14 2019 18:55:10 GMT+0200 (CEST);Sun Jul 14 2019 16:55:10 GMT+0200 (CEST);1563123310000;0.48;107.36
1380556833984591;28.5;32.4;Sun Jul 14 2019 18:57:05 GMT+0200 (CEST);Sun Jul 14 2019 16:57:05 GMT+0200 (CEST);1563123425000;0.51;114.06
1380556833984591;28.5;32.6;Sun Jul 14 2019 18:59:00 GMT+0200 (CEST);Sun Jul 14 2019 16:59:00 GMT+0200 (CEST);1563123540000;0.52;115.08
1380556833984591;28.5;32.6;Sun Jul 14 2019 19:00:57 GMT+0200 (CEST);Sun Jul 14 2019 17:00:57 GMT+0200 (CEST);1563123657000;0.5;109.78
1380556833984591;28.5;32.4;Sun Jul 14 2019 19:02:51 GMT+0200 (CEST);Sun Jul 14 2019 17:02:51 GMT+0200 (CEST);1563123771000;0.48;106.32
1380556833984591;28.5;32.3;Sun Jul 14 2019 19:04:53 GMT+0200 (CEST);Sun Jul 14 2019 17:04:53 GMT+0200 (CEST);1563123893000;0.46;103.48
1380556833984591;28.5;32.4;Sun Jul 14 2019 19:06:46 GMT+0200 (CEST);Sun Jul 14 2019 17:06:46 GMT+0200 (CEST);1563124006000;0.47;106.39
1380556833984591;28.5;32.5;Sun Jul 14 2019 19:08:41 GMT+0200 (CEST);Sun Jul 14 2019 17:08:41 GMT+0200 (CEST);1563124121000;0.5;109.34
1380556833984591;28.5;32.8;Sun Jul 14 2019 19:10:38 GMT+0200 (CEST);Sun Jul 14 2019 17:10:38 GMT+0200 (CEST);1563124238000;0.51;111.53
1380556833984591;28.5;32.8;Sun Jul 14 2019 19:12:35 GMT+0200 (CEST);Sun Jul 14 2019 17:12:35 GMT+0200 (CEST);1563124355000;0.53;115.27
1380556833984591;28.5;33;Sun Jul 14 2019 19:14:31 GMT+0200 (CEST);Sun Jul 14 2019 17:14:31 GMT+0200 (CEST);1563124471000;0.54;115.4
1380556833984591;28.5;32.6;Sun Jul 14 2019 19:16:28 GMT+0200 (CEST);Sun Jul 14 2019 17:16:28 GMT+0200 (CEST);1563124588000;0.55;117.4
1380556833984591;28.5;33;Sun Jul 14 2019 19:18:24 GMT+0200 (CEST);Sun Jul 14 2019 17:18:24 GMT+0200 (CEST);1563124704000;0.55;117.91
1380556833984591;28.5;32.7;Sun Jul 14 2019 19:20:36 GMT+0200 (CEST);Sun Jul 14 2019 17:20:36 GMT+0200 (CEST);1563124836000;0.52;113.19
1380556833984591;28.5;32.8;Sun Jul 14 2019 19:22:29 GMT+0200 (CEST);Sun Jul 14 2019 17:22:29 GMT+0200 (CEST);1563124949000;0.52;113.59
1380556833984591;28.5;32.7;Sun Jul 14 2019 19:24:38 GMT+0200 (CEST);Sun Jul 14 2019 17:24:38 GMT+0200 (CEST);1563125078000;0.49;110.81
1380556833984591;28.5;32.6;Sun Jul 14 2019 19:26:35 GMT+0200 (CEST);Sun Jul 14 2019 17:26:35 GMT+0200 (CEST);1563125195000;0.45;100.92
1380556833984591;27;32.6;Sun Jul 14 2019 19:28:31 GMT+0200 (CEST);Sun Jul 14 2019 17:28:31 GMT+0200 (CEST);1563125311000;0.4;92
1380556833984591;27;31.9;Sun Jul 14 2019 19:30:25 GMT+0200 (CEST);Sun Jul 14 2019 17:30:25 GMT+0200 (CEST);1563125425000;0.37;85.51
1380556833984591;27;31.8;Sun Jul 14 2019 19:32:22 GMT+0200 (CEST);Sun Jul 14 2019 17:32:22 GMT+0200 (CEST);1563125542000;0.36;83.57
1380556833984591;27;31.6;Sun Jul 14 2019 19:34:27 GMT+0200 (CEST);Sun Jul 14 2019 17:34:27 GMT+0200 (CEST);1563125667000;0.32;76.81
1380556833984591;27;31.4;Sun Jul 14 2019 19:36:22 GMT+0200 (CEST);Sun Jul 14 2019 17:36:22 GMT+0200 (CEST);1563125782000;0.27;68.1
1380556833984591;26.5;31.5;Sun Jul 14 2019 19:38:54 GMT+0200 (CEST);Sun Jul 14 2019 17:38:54 GMT+0200 (CEST);1563125934000;0.22;56.98
1380556833984591;26.5;31.2;Sun Jul 14 2019 19:40:56 GMT+0200 (CEST);Sun Jul 14 2019 17:40:56 GMT+0200 (CEST);1563126056000;0.2;54.16
1380556833984591;26.5;30.8;Sun Jul 14 2019 19:42:51 GMT+0200 (CEST);Sun Jul 14 2019 17:42:51 GMT+0200 (CEST);1563126171000;0.21;54.8
1380556833984591;26.5;31;Sun Jul 14 2019 19:44:52 GMT+0200 (CEST);Sun Jul 14 2019 17:44:52 GMT+0200 (CEST);1563126292000;0.21;56.55
1380556833984591;26.5;31.1;Sun Jul 14 2019 19:46:46 GMT+0200 (CEST);Sun Jul 14 2019 17:46:46 GMT+0200 (CEST);1563126406000;0.21;55.46
1380556833984591;25;31.1;Sun Jul 14 2019 19:48:39 GMT+0200 (CEST);Sun Jul 14 2019 17:48:39 GMT+0200 (CEST);1563126519000;0.21;54.36
1380556833984591;25;31.2;Sun Jul 14 2019 19:50:34 GMT+0200 (CEST);Sun Jul 14 2019 17:50:34 GMT+0200 (CEST);1563126634000;0.18;50.53
1380556833984591;25;30.9;Sun Jul 14 2019 19:52:33 GMT+0200 (CEST);Sun Jul 14 2019 17:52:33 GMT+0200 (CEST);1563126753000;0.17;47.73
1380556833984591;25;31;Sun Jul 14 2019 19:54:35 GMT+0200 (CEST);Sun Jul 14 2019 17:54:35 GMT+0200 (CEST);1563126875000;0.15;44.1
1380556833984591;25;30.8;Sun Jul 14 2019 19:56:35 GMT+0200 (CEST);Sun Jul 14 2019 17:56:35 GMT+0200 (CEST);1563126995000;0.14;42.69
1380556833984591;24.5;31;Sun Jul 14 2019 19:58:36 GMT+0200 (CEST);Sun Jul 14 2019 17:58:36 GMT+0200 (CEST);1563127116000;0.14;42.22
1380556833984591;24.5;30.9;Sun Jul 14 2019 20:00:36 GMT+0200 (CEST);Sun Jul 14 2019 18:00:36 GMT+0200 (CEST);1563127236000;0.13;40.18
1380556833984591;24.5;30.9;Sun Jul 14 2019 20:02:34 GMT+0200 (CEST);Sun Jul 14 2019 18:02:34 GMT+0200 (CEST);1563127354000;0.13;38.71
1380556833984591;24.5;31;Sun Jul 14 2019 20:04:29 GMT+0200 (CEST);Sun Jul 14 2019 18:04:29 GMT+0200 (CEST);1563127469000;0.12;37.74
1380556833984591;24.5;31;Sun Jul 14 2019 20:06:25 GMT+0200 (CEST);Sun Jul 14 2019 18:06:25 GMT+0200 (CEST);1563127585000;0.13;38.18
1380556833984591;24.5;31;Sun Jul 14 2019 20:08:18 GMT+0200 (CEST);Sun Jul 14 2019 18:08:18 GMT+0200 (CEST);1563127698000;0.13;40.1
1380556833984591;24.5;31;Sun Jul 14 2019 20:10:19 GMT+0200 (CEST);Sun Jul 14 2019 18:10:19 GMT+0200 (CEST);1563127819000;0.16;43.48
1380556833984591;24;31.1;Sun Jul 14 2019 20:12:12 GMT+0200 (CEST);Sun Jul 14 2019 18:12:12 GMT+0200 (CEST);1563127932000;0.17;46.33
1380556833984591;24;31;Sun Jul 14 2019 20:14:05 GMT+0200 (CEST);Sun Jul 14 2019 18:14:05 GMT+0200 (CEST);1563128045000;0.17;47.11
1380556833984591;24;31.5;Sun Jul 14 2019 20:16:00 GMT+0200 (CEST);Sun Jul 14 2019 18:16:00 GMT+0200 (CEST);1563128160000;0.17;47.56
1380556833984591;24.5;31.3;Sun Jul 14 2019 20:18:04 GMT+0200 (CEST);Sun Jul 14 2019 18:18:04 GMT+0200 (CEST);1563128284000;0.17;47.39
1380556833984591;24.5;31.4;Sun Jul 14 2019 20:19:59 GMT+0200 (CEST);Sun Jul 14 2019 18:19:59 GMT+0200 (CEST);1563128399000;0.17;45.05
1380556833984591;24.5;31.3;Sun Jul 14 2019 20:21:53 GMT+0200 (CEST);Sun Jul 14 2019 18:21:53 GMT+0200 (CEST);1563128513000;0.15;42.29
1380556833984591;24.5;31.2;Sun Jul 14 2019 20:23:50 GMT+0200 (CEST);Sun Jul 14 2019 18:23:50 GMT+0200 (CEST);1563128630000;0.13;37.4
1380556833984591;24.5;30.9;Sun Jul 14 2019 20:25:46 GMT+0200 (CEST);Sun Jul 14 2019 18:25:46 GMT+0200 (CEST);1563128746000;0.1;32.55
1380556833984591;23;30.8;Sun Jul 14 2019 20:27:39 GMT+0200 (CEST);Sun Jul 14 2019 18:27:39 GMT+0200 (CEST);1563128859000;0.09;29.74
1380556833984591;23;31;Sun Jul 14 2019 20:29:35 GMT+0200 (CEST);Sun Jul 14 2019 18:29:35 GMT+0200 (CEST);1563128975000;0.07;26.7
1380556833984591;23;31;Sun Jul 14 2019 20:31:30 GMT+0200 (CEST);Sun Jul 14 2019 18:31:30 GMT+0200 (CEST);1563129090000;0.06;24.69
1380556833984591;23;31;Sun Jul 14 2019 20:33:29 GMT+0200 (CEST);Sun Jul 14 2019 18:33:29 GMT+0200 (CEST);1563129209000;0.04;22.13
1380556833984591;23;31.3;Sun Jul 14 2019 20:35:23 GMT+0200 (CEST);Sun Jul 14 2019 18:35:23 GMT+0200 (CEST);1563129323000;0.03;19.44
1380556833984591;23;30.1;Sun Jul 14 2019 20:37:20 GMT+0200 (CEST);Sun Jul 14 2019 18:37:20 GMT+0200 (CEST);1563129440000;0.02;17.11
1380556833984591;23;29.7;Sun Jul 14 2019 20:39:16 GMT+0200 (CEST);Sun Jul 14 2019 18:39:16 GMT+0200 (CEST);1563129556000;0.01;15.25
1380556833984591;22.5;29.1;Sun Jul 14 2019 20:41:22 GMT+0200 (CEST);Sun Jul 14 2019 18:41:22 GMT+0200 (CEST);1563129682000;0;13.49
1380556833984591;22.5;29.1;Sun Jul 14 2019 20:43:16 GMT+0200 (CEST);Sun Jul 14 2019 18:43:16 GMT+0200 (CEST);1563129796000;0;12.34
1380556833984591;22.5;30.4;Sun Jul 14 2019 20:45:08 GMT+0200 (CEST);Sun Jul 14 2019 18:45:08 GMT+0200 (CEST);1563129908000;0;11.33
1380556833984591;22.5;29.7;Sun Jul 14 2019 20:47:06 GMT+0200 (CEST);Sun Jul 14 2019 18:47:06 GMT+0200 (CEST);1563130026000;0;10.34
1380556833984591;22.5;28.9;Sun Jul 14 2019 20:49:03 GMT+0200 (CEST);Sun Jul 14 2019 18:49:03 GMT+0200 (CEST);1563130143000;0;9.62
1380556833984591;22.5;29.6;Sun Jul 14 2019 20:50:59 GMT+0200 (CEST);Sun Jul 14 2019 18:50:59 GMT+0200 (CEST);1563130259000;0;8.76
1380556833984591;22.5;29.7;Sun Jul 14 2019 20:52:52 GMT+0200 (CEST);Sun Jul 14 2019 18:52:52 GMT+0200 (CEST);1563130372000;0;7.87
1380556833984591;22.5;31;Sun Jul 14 2019 20:54:52 GMT+0200 (CEST);Sun Jul 14 2019 18:54:52 GMT+0200 (CEST);1563130492000;0;6.96
1380556833984591;22.5;31.2;Sun Jul 14 2019 20:56:47 GMT+0200 (CEST);Sun Jul 14 2019 18:56:47 GMT+0200 (CEST);1563130607000;0;6.08
1380556833984591;22.5;31.7;Sun Jul 14 2019 20:58:41 GMT+0200 (CEST);Sun Jul 14 2019 18:58:41 GMT+0200 (CEST);1563130721000;0;5.7
1380556833984591;22.5;32.4;Sun Jul 14 2019 21:00:36 GMT+0200 (CEST);Sun Jul 14 2019 19:00:36 GMT+0200 (CEST);1563130836000;0;5.09
1380556833984591;22.5;32.9;Sun Jul 14 2019 21:02:31 GMT+0200 (CEST);Sun Jul 14 2019 19:02:31 GMT+0200 (CEST);1563130951000;0;4.41
1380556833984591;22.5;32.7;Sun Jul 14 2019 21:04:35 GMT+0200 (CEST);Sun Jul 14 2019 19:04:35 GMT+0200 (CEST);1563131075000;0;3.83
1380556833984591;22.5;32.5;Sun Jul 14 2019 21:06:31 GMT+0200 (CEST);Sun Jul 14 2019 19:06:31 GMT+0200 (CEST);1563131191000;0;3.33
1380556833984591;22.5;32;Sun Jul 14 2019 21:08:25 GMT+0200 (CEST);Sun Jul 14 2019 19:08:25 GMT+0200 (CEST);1563131305000;0;3.22
1380556833984591;22.5;29;Sun Jul 14 2019 21:10:22 GMT+0200 (CEST);Sun Jul 14 2019 19:10:22 GMT+0200 (CEST);1563131422000;0;2.54
1380556833984591;22.5;29;Sun Jul 14 2019 21:12:16 GMT+0200 (CEST);Sun Jul 14 2019 19:12:16 GMT+0200 (CEST);1563131536000;0;2.15
1380556833984591;20.5;30.3;Sun Jul 14 2019 21:14:13 GMT+0200 (CEST);Sun Jul 14 2019 19:14:13 GMT+0200 (CEST);1563131653000;0;1.93
1380556833984591;20.5;29.1;Sun Jul 14 2019 21:16:09 GMT+0200 (CEST);Sun Jul 14 2019 19:16:09 GMT+0200 (CEST);1563131769000;0;1.51
1380556833984591;21;28;Sun Jul 14 2019 21:18:02 GMT+0200 (CEST);Sun Jul 14 2019 19:18:02 GMT+0200 (CEST);1563131882000;0;1.26
1380556833984591;21;25.3;Sun Jul 14 2019 21:20:16 GMT+0200 (CEST);Sun Jul 14 2019 19:20:16 GMT+0200 (CEST);1563132016000;0;0.6
1380556833984591;18.5;22.1;Sun Jul 14 2019 21:22:09 GMT+0200 (CEST);Sun Jul 14 2019 19:22:09 GMT+0200 (CEST);1563132129000;0;-0.01
1380556833984591;18.5;22.1;Sun Jul 14 2019 21:24:04 GMT+0200 (CEST);Sun Jul 14 2019 19:24:04 GMT+0200 (CEST);1563132244000;0;-0.01
1380556833984591;18.5;22.1;Sun Jul 14 2019 21:25:59 GMT+0200 (CEST);Sun Jul 14 2019 19:25:59 GMT+0200 (CEST);1563132359000;0;-0.01
1380556833984591;-273.2;25.9;Mon Jul 15 2019 05:33:17 GMT+0200 (CEST);Mon Jul 15 2019 03:33:17 GMT+0200 (CEST);1563161597000;0;2.68
1380556833984591;-273.2;25.9;Mon Jul 15 2019 05:35:29 GMT+0200 (CEST);Mon Jul 15 2019 03:35:29 GMT+0200 (CEST);1563161729000;0;3.44
1380556833984591;-273.2;34.3;Mon Jul 15 2019 05:59:39 GMT+0200 (CEST);Mon Jul 15 2019 03:59:39 GMT+0200 (CEST);1563163179000;0;10.35
1380556833984591;12.9;28.9;Mon Jul 15 2019 06:01:33 GMT+0200 (CEST);Mon Jul 15 2019 04:01:33 GMT+0200 (CEST);1563163293000;0;10.93
1380556833984591;12.9;30;Mon Jul 15 2019 06:03:28 GMT+0200 (CEST);Mon Jul 15 2019 04:03:28 GMT+0200 (CEST);1563163408000;0;11.53
1380556833984591;12.9;31;Mon Jul 15 2019 06:05:22 GMT+0200 (CEST);Mon Jul 15 2019 04:05:22 GMT+0200 (CEST);1563163522000;0;12.44
1380556833984591;14.9;28.7;Mon Jul 15 2019 06:08:02 GMT+0200 (CEST);Mon Jul 15 2019 04:08:02 GMT+0200 (CEST);1563163682000;0;13.75
1380556833984591;14.9;29.3;Mon Jul 15 2019 06:09:56 GMT+0200 (CEST);Mon Jul 15 2019 04:09:56 GMT+0200 (CEST);1563163796000;0;15.07
1380556833984591;14.9;31.3;Mon Jul 15 2019 06:11:52 GMT+0200 (CEST);Mon Jul 15 2019 04:11:52 GMT+0200 (CEST);1563163912000;0.01;16.79
1380556833984591;14.9;30.8;Mon Jul 15 2019 06:13:44 GMT+0200 (CEST);Mon Jul 15 2019 04:13:44 GMT+0200 (CEST);1563164024000;0.02;18.62
1380556833984591;15.4;29.5;Mon Jul 15 2019 06:15:37 GMT+0200 (CEST);Mon Jul 15 2019 04:15:37 GMT+0200 (CEST);1563164137000;0.03;20.4
1380556833984591;15.4;29.5;Mon Jul 15 2019 06:17:35 GMT+0200 (CEST);Mon Jul 15 2019 04:17:35 GMT+0200 (CEST);1563164255000;0.04;22.37
1380556833984591;15.4;29.6;Mon Jul 15 2019 06:19:35 GMT+0200 (CEST);Mon Jul 15 2019 04:19:35 GMT+0200 (CEST);1563164375000;0.05;24.19
1380556833984591;16.4;29.7;Mon Jul 15 2019 06:21:29 GMT+0200 (CEST);Mon Jul 15 2019 04:21:29 GMT+0200 (CEST);1563164489000;0.07;27.28
1380556833984591;16.4;31.3;Mon Jul 15 2019 06:23:23 GMT+0200 (CEST);Mon Jul 15 2019 04:23:23 GMT+0200 (CEST);1563164603000;0.08;29.69
1380556833984591;16.4;31.6;Mon Jul 15 2019 06:25:17 GMT+0200 (CEST);Mon Jul 15 2019 04:25:17 GMT+0200 (CEST);1563164717000;0.09;31.88
1380556833984591;15.9;31.2;Mon Jul 15 2019 06:27:10 GMT+0200 (CEST);Mon Jul 15 2019 04:27:10 GMT+0200 (CEST);1563164830000;0.09;33.47
1380556833984591;15.9;31.4;Mon Jul 15 2019 06:29:28 GMT+0200 (CEST);Mon Jul 15 2019 04:29:28 GMT+0200 (CEST);1563164968000;0.1;35.51
1380556833984591;15.9;31.3;Mon Jul 15 2019 06:31:22 GMT+0200 (CEST);Mon Jul 15 2019 04:31:22 GMT+0200 (CEST);1563165082000;0.12;38.71
1380556833984591;15.9;31.5;Mon Jul 15 2019 06:33:15 GMT+0200 (CEST);Mon Jul 15 2019 04:33:15 GMT+0200 (CEST);1563165195000;0.14;41.55
1380556833984591;15.9;31.5;Mon Jul 15 2019 06:35:12 GMT+0200 (CEST);Mon Jul 15 2019 04:35:12 GMT+0200 (CEST);1563165312000;0.15;43.16
1380556833984591;15.9;30.9;Mon Jul 15 2019 06:37:17 GMT+0200 (CEST);Mon Jul 15 2019 04:37:17 GMT+0200 (CEST);1563165437000;0.15;44.82
1380556833984591;15.9;31.7;Mon Jul 15 2019 06:39:27 GMT+0200 (CEST);Mon Jul 15 2019 04:39:27 GMT+0200 (CEST);1563165567000;0.16;47.02
1380556833984591;16.9;31.8;Mon Jul 15 2019 06:41:22 GMT+0200 (CEST);Mon Jul 15 2019 04:41:22 GMT+0200 (CEST);1563165682000;0.17;49.2
1380556833984591;16.9;29.9;Mon Jul 15 2019 06:43:21 GMT+0200 (CEST);Mon Jul 15 2019 04:43:21 GMT+0200 (CEST);1563165801000;0.19;50.78
1380556833984591;15.9;26.8;Mon Jul 15 2019 06:45:21 GMT+0200 (CEST);Mon Jul 15 2019 04:45:21 GMT+0200 (CEST);1563165921000;0.17;48.33
1380556833984591;15.9;22.3;Mon Jul 15 2019 06:47:15 GMT+0200 (CEST);Mon Jul 15 2019 04:47:15 GMT+0200 (CEST);1563166035000;0.2;49.21
1380556833984591;15.9;22.3;Mon Jul 15 2019 06:49:13 GMT+0200 (CEST);Mon Jul 15 2019 04:49:13 GMT+0200 (CEST);1563166153000;0.28;53.67
1380556833984591;15.9;20.2;Mon Jul 15 2019 06:51:13 GMT+0200 (CEST);Mon Jul 15 2019 04:51:13 GMT+0200 (CEST);1563166273000;0.33;57.77
1380556833984591;12.4;21.8;Mon Jul 15 2019 06:53:13 GMT+0200 (CEST);Mon Jul 15 2019 04:53:13 GMT+0200 (CEST);1563166393000;0.36;60.34
1380556833984591;12.4;20.6;Mon Jul 15 2019 06:55:10 GMT+0200 (CEST);Mon Jul 15 2019 04:55:10 GMT+0200 (CEST);1563166510000;0.38;63.32
1380556833984591;12.4;20.8;Mon Jul 15 2019 06:57:23 GMT+0200 (CEST);Mon Jul 15 2019 04:57:23 GMT+0200 (CEST);1563166643000;0.37;64.52
1380556833984591;12.4;24.1;Mon Jul 15 2019 06:59:23 GMT+0200 (CEST);Mon Jul 15 2019 04:59:23 GMT+0200 (CEST);1563166763000;0.33;63.59
1380556833984591;12.4;27.2;Mon Jul 15 2019 07:01:19 GMT+0200 (CEST);Mon Jul 15 2019 05:01:19 GMT+0200 (CEST);1563166879000;0.29;63.39
1380556833984591;14.4;31;Mon Jul 15 2019 07:03:16 GMT+0200 (CEST);Mon Jul 15 2019 05:03:16 GMT+0200 (CEST);1563166996000;0.27;65.09
1380556833984591;14.4;31.5;Mon Jul 15 2019 07:05:12 GMT+0200 (CEST);Mon Jul 15 2019 05:05:12 GMT+0200 (CEST);1563167112000;0.29;70.88
1380556833984591;15.9;32.1;Mon Jul 15 2019 07:07:05 GMT+0200 (CEST);Mon Jul 15 2019 05:07:05 GMT+0200 (CEST);1563167225000;0.47;78.17
1380556833984591;15.9;29.5;Mon Jul 15 2019 07:09:03 GMT+0200 (CEST);Mon Jul 15 2019 05:09:03 GMT+0200 (CEST);1563167343000;0.57;87.17
1380556833984591;15.9;31.7;Mon Jul 15 2019 07:10:56 GMT+0200 (CEST);Mon Jul 15 2019 05:10:56 GMT+0200 (CEST);1563167456000;0.54;89.41
1380556833984591;15.9;32.3;Mon Jul 15 2019 07:12:49 GMT+0200 (CEST);Mon Jul 15 2019 05:12:49 GMT+0200 (CEST);1563167569000;0.37;90.9
1380556833984591;15.9;32.7;Mon Jul 15 2019 07:14:42 GMT+0200 (CEST);Mon Jul 15 2019 05:14:42 GMT+0200 (CEST);1563167682000;0.34;82.65
1380556833984591;18.5;32.8;Mon Jul 15 2019 07:16:38 GMT+0200 (CEST);Mon Jul 15 2019 05:16:38 GMT+0200 (CEST);1563167798000;0.32;79.67
1380556833984591;18.5;33;Mon Jul 15 2019 07:18:34 GMT+0200 (CEST);Mon Jul 15 2019 05:18:34 GMT+0200 (CEST);1563167914000;0.31;77.25
1380556833984591;18.5;32.6;Mon Jul 15 2019 07:20:27 GMT+0200 (CEST);Mon Jul 15 2019 05:20:27 GMT+0200 (CEST);1563168027000;0.31;78.89
1380556833984591;18.5;32.7;Mon Jul 15 2019 07:22:21 GMT+0200 (CEST);Mon Jul 15 2019 05:22:21 GMT+0200 (CEST);1563168141000;0.35;87.55
1380556833984591;18.5;33.6;Mon Jul 15 2019 07:24:32 GMT+0200 (CEST);Mon Jul 15 2019 05:24:32 GMT+0200 (CEST);1563168272000;0.39;96.64
1380556833984591;19;33.1;Mon Jul 15 2019 07:26:32 GMT+0200 (CEST);Mon Jul 15 2019 05:26:32 GMT+0200 (CEST);1563168392000;0.42;100.03
1380556833984591;19;33.2;Mon Jul 15 2019 07:28:26 GMT+0200 (CEST);Mon Jul 15 2019 05:28:26 GMT+0200 (CEST);1563168506000;0.42;100.06
1380556833984591;19;33.3;Mon Jul 15 2019 07:30:20 GMT+0200 (CEST);Mon Jul 15 2019 05:30:20 GMT+0200 (CEST);1563168620000;0.41;99.52
1380556833984591;19;34;Mon Jul 15 2019 07:32:16 GMT+0200 (CEST);Mon Jul 15 2019 05:32:16 GMT+0200 (CEST);1563168736000;0.4;96.9
1380556833984591;19;33.9;Mon Jul 15 2019 07:34:09 GMT+0200 (CEST);Mon Jul 15 2019 05:34:09 GMT+0200 (CEST);1563168849000;0.4;95.89
1380556833984591;20.5;33.8;Mon Jul 15 2019 07:36:02 GMT+0200 (CEST);Mon Jul 15 2019 05:36:02 GMT+0200 (CEST);1563168962000;0.37;91.7
1380556833984591;20.5;33.7;Mon Jul 15 2019 07:37:55 GMT+0200 (CEST);Mon Jul 15 2019 05:37:55 GMT+0200 (CEST);1563169075000;0.33;85.43
1380556833984591;20.5;33;Mon Jul 15 2019 07:40:14 GMT+0200 (CEST);Mon Jul 15 2019 05:40:14 GMT+0200 (CEST);1563169214000;0.33;83.08
1380556833984591;20.5;32.6;Mon Jul 15 2019 07:42:12 GMT+0200 (CEST);Mon Jul 15 2019 05:42:12 GMT+0200 (CEST);1563169332000;0.34;83.97
1380556833984591;20.5;32.9;Mon Jul 15 2019 07:44:18 GMT+0200 (CEST);Mon Jul 15 2019 05:44:18 GMT+0200 (CEST);1563169458000;0.35;85.43
1380556833984591;19;32;Mon Jul 15 2019 07:46:14 GMT+0200 (CEST);Mon Jul 15 2019 05:46:14 GMT+0200 (CEST);1563169574000;0.37;88.48
1380556833984591;19;33.9;Mon Jul 15 2019 07:48:13 GMT+0200 (CEST);Mon Jul 15 2019 05:48:13 GMT+0200 (CEST);1563169693000;0.86;137.41
1380556833984591;20.5;34;Mon Jul 15 2019 07:50:06 GMT+0200 (CEST);Mon Jul 15 2019 05:50:06 GMT+0200 (CEST);1563169806000;1.09;258.65
1380556833984591;20.5;33.8;Mon Jul 15 2019 07:52:01 GMT+0200 (CEST);Mon Jul 15 2019 05:52:01 GMT+0200 (CEST);1563169921000;1.16;269.1
1380556833984591;21;34.5;Mon Jul 15 2019 07:53:58 GMT+0200 (CEST);Mon Jul 15 2019 05:53:58 GMT+0200 (CEST);1563170038000;0.96;235.49
1380556833984591;21;34.2;Mon Jul 15 2019 07:56:02 GMT+0200 (CEST);Mon Jul 15 2019 05:56:02 GMT+0200 (CEST);1563170162000;1.1;249.01
1380556833984591;21;34;Mon Jul 15 2019 07:58:00 GMT+0200 (CEST);Mon Jul 15 2019 05:58:00 GMT+0200 (CEST);1563170280000;1.25;277.68
1380556833984591;21;34;Mon Jul 15 2019 07:59:54 GMT+0200 (CEST);Mon Jul 15 2019 05:59:54 GMT+0200 (CEST);1563170394000;1.32;292.54
1380556833984591;21;33.9;Mon Jul 15 2019 08:01:52 GMT+0200 (CEST);Mon Jul 15 2019 06:01:52 GMT+0200 (CEST);1563170512000;1.36;301.68
1380556833984591;21;33.9;Mon Jul 15 2019 08:03:48 GMT+0200 (CEST);Mon Jul 15 2019 06:03:48 GMT+0200 (CEST);1563170628000;1.4;308.04
1380556833984591;21;33.8;Mon Jul 15 2019 08:05:42 GMT+0200 (CEST);Mon Jul 15 2019 06:05:42 GMT+0200 (CEST);1563170742000;1.43;312.46
1380556833984591;21;33.9;Mon Jul 15 2019 08:07:38 GMT+0200 (CEST);Mon Jul 15 2019 06:07:38 GMT+0200 (CEST);1563170858000;1.46;317.68
1380556833984591;23;33.8;Mon Jul 15 2019 08:09:39 GMT+0200 (CEST);Mon Jul 15 2019 06:09:39 GMT+0200 (CEST);1563170979000;1.47;322.1
1380556833984591;23;34;Mon Jul 15 2019 08:11:33 GMT+0200 (CEST);Mon Jul 15 2019 06:11:33 GMT+0200 (CEST);1563171093000;1.47;322.89
1380556833984591;24.5;33.9;Mon Jul 15 2019 08:13:26 GMT+0200 (CEST);Mon Jul 15 2019 06:13:26 GMT+0200 (CEST);1563171206000;1.5;330.23
1380556833984591;24.5;33.9;Mon Jul 15 2019 08:15:21 GMT+0200 (CEST);Mon Jul 15 2019 06:15:21 GMT+0200 (CEST);1563171321000;1.55;340.47
1380556833984591;24.5;34.1;Mon Jul 15 2019 08:17:15 GMT+0200 (CEST);Mon Jul 15 2019 06:17:15 GMT+0200 (CEST);1563171435000;1.56;343.03
1380556833984591;25;34.1;Mon Jul 15 2019 08:19:24 GMT+0200 (CEST);Mon Jul 15 2019 06:19:24 GMT+0200 (CEST);1563171564000;1.6;350.71
1380556833984591;25;34.1;Mon Jul 15 2019 08:21:20 GMT+0200 (CEST);Mon Jul 15 2019 06:21:20 GMT+0200 (CEST);1563171680000;1.65;363.51
1380556833984591;26.5;34;Mon Jul 15 2019 08:23:18 GMT+0200 (CEST);Mon Jul 15 2019 06:23:18 GMT+0200 (CEST);1563171798000;1.7;368.63
1380556833984591;26.5;34.1;Mon Jul 15 2019 08:25:17 GMT+0200 (CEST);Mon Jul 15 2019 06:25:17 GMT+0200 (CEST);1563171917000;1.71;373.75
1380556833984591;26.5;34.1;Mon Jul 15 2019 08:27:25 GMT+0200 (CEST);Mon Jul 15 2019 06:27:25 GMT+0200 (CEST);1563172045000;1.76;381.43
1380556833984591;26.5;34;Mon Jul 15 2019 08:29:21 GMT+0200 (CEST);Mon Jul 15 2019 06:29:21 GMT+0200 (CEST);1563172161000;1.83;391.67
1380556833984591;26.5;33.9;Mon Jul 15 2019 08:31:16 GMT+0200 (CEST);Mon Jul 15 2019 06:31:16 GMT+0200 (CEST);1563172276000;1.85;394.23
1380556833984591;27;33.9;Mon Jul 15 2019 08:33:10 GMT+0200 (CEST);Mon Jul 15 2019 06:33:10 GMT+0200 (CEST);1563172390000;1.88;409.59
1380556833984591;27;33.9;Mon Jul 15 2019 08:35:07 GMT+0200 (CEST);Mon Jul 15 2019 06:35:07 GMT+0200 (CEST);1563172507000;1.96;417.27
1380556833984591;27.5;33.9;Mon Jul 15 2019 08:37:31 GMT+0200 (CEST);Mon Jul 15 2019 06:37:31 GMT+0200 (CEST);1563172651000;1.98;427.51
1380556833984591;27.5;33.9;Mon Jul 15 2019 08:39:37 GMT+0200 (CEST);Mon Jul 15 2019 06:39:37 GMT+0200 (CEST);1563172777000;2.02;435.19
1380556833984591;27.5;33.9;Mon Jul 15 2019 08:41:37 GMT+0200 (CEST);Mon Jul 15 2019 06:41:37 GMT+0200 (CEST);1563172897000;2.07;440.31
1380556833984591;28.5;33.9;Mon Jul 15 2019 08:43:30 GMT+0200 (CEST);Mon Jul 15 2019 06:43:30 GMT+0200 (CEST);1563173010000;2.11;447.99
1380556833984591;28.5;33.9;Mon Jul 15 2019 08:45:24 GMT+0200 (CEST);Mon Jul 15 2019 06:45:24 GMT+0200 (CEST);1563173124000;2.12;455.67
1380556833984591;29;33.9;Mon Jul 15 2019 08:47:18 GMT+0200 (CEST);Mon Jul 15 2019 06:47:18 GMT+0200 (CEST);1563173238000;2.17;460.79
1380556833984591;29;33.9;Mon Jul 15 2019 08:49:47 GMT+0200 (CEST);Mon Jul 15 2019 06:49:47 GMT+0200 (CEST);1563173387000;2.19;468.47
1380556833984591;30.5;33.5;Mon Jul 15 2019 08:51:43 GMT+0200 (CEST);Mon Jul 15 2019 06:51:43 GMT+0200 (CEST);1563173503000;2.26;476.15
1380556833984591;30.5;33.7;Mon Jul 15 2019 08:53:36 GMT+0200 (CEST);Mon Jul 15 2019 06:53:36 GMT+0200 (CEST);1563173616000;2.29;478.71
1380556833984591;31.1;33.2;Mon Jul 15 2019 09:10:50 GMT+0200 (CEST);Mon Jul 15 2019 07:10:50 GMT+0200 (CEST);1563174650000;2.62;529.91
1380556833984591;33.1;32.8;Mon Jul 15 2019 09:28:01 GMT+0200 (CEST);Mon Jul 15 2019 07:28:01 GMT+0200 (CEST);1563175681000;2.9;575.99
1380556833984591;36.6;32.6;Mon Jul 15 2019 09:45:13 GMT+0200 (CEST);Mon Jul 15 2019 07:45:13 GMT+0200 (CEST);1563176713000;3.2;637.43
1380556833984591;38.6;32.2;Mon Jul 15 2019 10:02:24 GMT+0200 (CEST);Mon Jul 15 2019 08:02:24 GMT+0200 (CEST);1563177744000;3.43;703.48
1380556833984591;39.1;32;Mon Jul 15 2019 10:19:38 GMT+0200 (CEST);Mon Jul 15 2019 08:19:38 GMT+0200 (CEST);1563178778000;3.73;785.08
1380556833984591;42.6;32.4;Mon Jul 15 2019 10:36:51 GMT+0200 (CEST);Mon Jul 15 2019 08:36:51 GMT+0200 (CEST);1563179811000;2.31;259.1
1380556833984591;38.6;32.1;Mon Jul 15 2019 10:54:04 GMT+0200 (CEST);Mon Jul 15 2019 08:54:04 GMT+0200 (CEST);1563180844000;4.56;934.28
1380556833984591;41.1;31;Mon Jul 15 2019 11:11:17 GMT+0200 (CEST);Mon Jul 15 2019 09:11:17 GMT+0200 (CEST);1563181877000;4.97;964.46
1380556833984591;46.7;30.5;Mon Jul 15 2019 11:28:29 GMT+0200 (CEST);Mon Jul 15 2019 09:28:29 GMT+0200 (CEST);1563182909000;5.27;1023.99
1380556833984591;48.2;33.2;Mon Jul 15 2019 11:45:41 GMT+0200 (CEST);Mon Jul 15 2019 09:45:41 GMT+0200 (CEST);1563183941000;1.46;1075.19
1380556833984591;44.7;32.2;Mon Jul 15 2019 12:02:54 GMT+0200 (CEST);Mon Jul 15 2019 10:02:54 GMT+0200 (CEST);1563184974000;1.47;303.94
1380556833984591;40.6;31.9;Mon Jul 15 2019 12:20:06 GMT+0200 (CEST);Mon Jul 15 2019 10:20:06 GMT+0200 (CEST);1563186006000;1.77;926.32
1380556833984591;44.7;30.8;Mon Jul 15 2019 12:37:19 GMT+0200 (CEST);Mon Jul 15 2019 10:37:19 GMT+0200 (CEST);1563187039000;5.24;1087.99
1380556833984591;48.2;31.3;Mon Jul 15 2019 12:54:31 GMT+0200 (CEST);Mon Jul 15 2019 10:54:31 GMT+0200 (CEST);1563188071000;2.02;376.31
1380556833984591;45.2;32.4;Mon Jul 15 2019 13:11:42 GMT+0200 (CEST);Mon Jul 15 2019 11:11:42 GMT+0200 (CEST);1563189102000;5.56;1118.71
1380556833984591;48.2;30.9;Mon Jul 15 2019 13:28:54 GMT+0200 (CEST);Mon Jul 15 2019 11:28:54 GMT+0200 (CEST);1563190134000;1.66;1144.31
1380556833984591;41.1;33;Mon Jul 15 2019 13:46:07 GMT+0200 (CEST);Mon Jul 15 2019 11:46:07 GMT+0200 (CEST);1563191167000;2.4;232.63
1380556833984591;-273.2;39.4;Mon Jul 15 2019 13:56:47 GMT+0200 (CEST);Mon Jul 15 2019 11:56:47 GMT+0200 (CEST);1563191807000;0;1052.15
1380556833984591;39.1;39.4;Mon Jul 15 2019 13:57:10 GMT+0200 (CEST);Mon Jul 15 2019 11:57:10 GMT+0200 (CEST);1563191830000;0;1049.59
1380556833984591;46.7;39.1;Mon Jul 15 2019 13:58:41 GMT+0200 (CEST);Mon Jul 15 2019 11:58:41 GMT+0200 (CEST);1563191921000;0;1047.03
1380556833984591;46.7;39.1;Mon Jul 15 2019 13:59:05 GMT+0200 (CEST);Mon Jul 15 2019 11:59:05 GMT+0200 (CEST);1563191945000;0;1044.47
1380556833984591;-273.2;38.7;Mon Jul 15 2019 14:00:58 GMT+0200 (CEST);Mon Jul 15 2019 12:00:58 GMT+0200 (CEST);1563192058000;0;1054.71
1380556833984591;-273.2;38.7;Mon Jul 15 2019 14:01:21 GMT+0200 (CEST);Mon Jul 15 2019 12:01:21 GMT+0200 (CEST);1563192081000;0;1062.39
1380556833984591;-273.2;38.4;Mon Jul 15 2019 14:02:59 GMT+0200 (CEST);Mon Jul 15 2019 12:02:59 GMT+0200 (CEST);1563192179000;0;1072.63
1380556833984591;-273.2;38.4;Mon Jul 15 2019 14:03:23 GMT+0200 (CEST);Mon Jul 15 2019 12:03:23 GMT+0200 (CEST);1563192203000;0;1075.19
1380556833984591;49.7;38.4;Mon Jul 15 2019 14:05:02 GMT+0200 (CEST);Mon Jul 15 2019 12:05:02 GMT+0200 (CEST);1563192302000;0.78;1080.31
1380556833984591;49.7;38.4;Mon Jul 15 2019 14:05:25 GMT+0200 (CEST);Mon Jul 15 2019 12:05:25 GMT+0200 (CEST);1563192325000;0.78;1075.19
1380556833984591;49.7;38.4;Mon Jul 15 2019 14:06:57 GMT+0200 (CEST);Mon Jul 15 2019 12:06:57 GMT+0200 (CEST);1563192417000;5.26;1062.39
1380556833984591;49.7;29.9;Mon Jul 15 2019 14:07:22 GMT+0200 (CEST);Mon Jul 15 2019 12:07:22 GMT+0200 (CEST);1563192442000;5.26;1067.51
1380556833984591;49.7;38.4;Mon Jul 15 2019 14:09:06 GMT+0200 (CEST);Mon Jul 15 2019 12:09:06 GMT+0200 (CEST);1563192546000;5.25;1067.51
1380556833984591;49.7;29.9;Mon Jul 15 2019 14:09:29 GMT+0200 (CEST);Mon Jul 15 2019 12:09:29 GMT+0200 (CEST);1563192569000;5.25;1075.19
1380556833984591;49.7;30.2;Mon Jul 15 2019 14:12:05 GMT+0200 (CEST);Mon Jul 15 2019 12:12:05 GMT+0200 (CEST);1563192725000;5.35;1067.51
1380556833984591;50.7;30.3;Mon Jul 15 2019 14:14:09 GMT+0200 (CEST);Mon Jul 15 2019 12:14:09 GMT+0200 (CEST);1563192849000;5.47;1100.79
1380556833984591;50.7;30.3;Mon Jul 15 2019 14:16:00 GMT+0200 (CEST);Mon Jul 15 2019 12:16:00 GMT+0200 (CEST);1563192960000;5.38;1085.43
1380556833984591;50.7;30.4;Mon Jul 15 2019 14:17:55 GMT+0200 (CEST);Mon Jul 15 2019 12:17:55 GMT+0200 (CEST);1563193075000;5.28;1062.39
1380556833984591;50.7;30.4;Mon Jul 15 2019 14:19:43 GMT+0200 (CEST);Mon Jul 15 2019 12:19:43 GMT+0200 (CEST);1563193183000;5.2;1054.71
1380556833984591;50.7;30.4;Mon Jul 15 2019 14:21:36 GMT+0200 (CEST);Mon Jul 15 2019 12:21:36 GMT+0200 (CEST);1563193296000;5.09;1049.59
1380556833984591;51.2;30.9;Mon Jul 15 2019 14:23:28 GMT+0200 (CEST);Mon Jul 15 2019 12:23:28 GMT+0200 (CEST);1563193408000;5.21;1054.71
1380556833984591;51.2;30.7;Mon Jul 15 2019 14:25:20 GMT+0200 (CEST);Mon Jul 15 2019 12:25:20 GMT+0200 (CEST);1563193520000;5.14;1039.35
1380556833984591;51.2;31.8;Mon Jul 15 2019 14:27:22 GMT+0200 (CEST);Mon Jul 15 2019 12:27:22 GMT+0200 (CEST);1563193642000;1.86;332.79
1380556833984591;51.2;31.7;Mon Jul 15 2019 14:29:33 GMT+0200 (CEST);Mon Jul 15 2019 12:29:33 GMT+0200 (CEST);1563193773000;2.26;404.47
1380556833984591;50.7;32.6;Mon Jul 15 2019 14:31:23 GMT+0200 (CEST);Mon Jul 15 2019 12:31:23 GMT+0200 (CEST);1563193883000;1.54;315.35
1380556833984591;50.7;31.1;Mon Jul 15 2019 14:34:04 GMT+0200 (CEST);Mon Jul 15 2019 12:34:04 GMT+0200 (CEST);1563194044000;1.3;268.67
1380556833984591;50.7;31.4;Mon Jul 15 2019 14:35:56 GMT+0200 (CEST);Mon Jul 15 2019 12:35:56 GMT+0200 (CEST);1563194156000;1.13;244.32
1380556833984591;47.2;31.9;Mon Jul 15 2019 14:37:46 GMT+0200 (CEST);Mon Jul 15 2019 12:37:46 GMT+0200 (CEST);1563194266000;1.2;264.69
1380556833984591;47.2;32.1;Mon Jul 15 2019 14:39:38 GMT+0200 (CEST);Mon Jul 15 2019 12:39:38 GMT+0200 (CEST);1563194378000;1.47;578.55
1380556833984591;44.7;34.1;Mon Jul 15 2019 14:41:29 GMT+0200 (CEST);Mon Jul 15 2019 12:41:29 GMT+0200 (CEST);1563194489000;4.77;1006.07
1380556833984591;44.7;34;Mon Jul 15 2019 14:43:24 GMT+0200 (CEST);Mon Jul 15 2019 12:43:24 GMT+0200 (CEST);1563194604000;2.89;702.73
1380556833984591;44.7;33.5;Mon Jul 15 2019 14:45:17 GMT+0200 (CEST);Mon Jul 15 2019 12:45:17 GMT+0200 (CEST);1563194717000;1.82;642.55
1380556833984591;42.6;31.9;Mon Jul 15 2019 14:47:13 GMT+0200 (CEST);Mon Jul 15 2019 12:47:13 GMT+0200 (CEST);1563194833000;1.77;311.43
1380556833984591;42.6;33.2;Mon Jul 15 2019 14:49:06 GMT+0200 (CEST);Mon Jul 15 2019 12:49:06 GMT+0200 (CEST);1563194946000;1.26;453.11
1380556833984591;40.6;31.8;Mon Jul 15 2019 14:50:57 GMT+0200 (CEST);Mon Jul 15 2019 12:50:57 GMT+0200 (CEST);1563195057000;3.25;424.95
1380556833984591;40.6;34.9;Mon Jul 15 2019 14:52:48 GMT+0200 (CEST);Mon Jul 15 2019 12:52:48 GMT+0200 (CEST);1563195168000;4.58;959.4
1380556833984591;40.6;33.1;Mon Jul 15 2019 14:54:40 GMT+0200 (CEST);Mon Jul 15 2019 12:54:40 GMT+0200 (CEST);1563195280000;4.56;957.34
1380556833984591;41.1;32.6;Mon Jul 15 2019 14:56:49 GMT+0200 (CEST);Mon Jul 15 2019 12:56:49 GMT+0200 (CEST);1563195409000;4.7;990.71
1380556833984591;41.1;32.8;Mon Jul 15 2019 14:58:40 GMT+0200 (CEST);Mon Jul 15 2019 12:58:40 GMT+0200 (CEST);1563195520000;4.68;998.39
1380556833984591;42.6;32.8;Mon Jul 15 2019 15:00:31 GMT+0200 (CEST);Mon Jul 15 2019 13:00:31 GMT+0200 (CEST);1563195631000;4.58;928.58
1380556833984591;42.6;31.2;Mon Jul 15 2019 15:02:20 GMT+0200 (CEST);Mon Jul 15 2019 13:02:20 GMT+0200 (CEST);1563195740000;2.8;394.23
1380556833984591;42.6;31.2;Mon Jul 15 2019 15:04:26 GMT+0200 (CEST);Mon Jul 15 2019 13:04:26 GMT+0200 (CEST);1563195866000;4.66;839.36
1380556833984591;42.6;31.5;Mon Jul 15 2019 15:06:31 GMT+0200 (CEST);Mon Jul 15 2019 13:06:31 GMT+0200 (CEST);1563195991000;4.85;1013.75
1380556833984591;44.7;31.4;Mon Jul 15 2019 15:08:25 GMT+0200 (CEST);Mon Jul 15 2019 13:08:25 GMT+0200 (CEST);1563196105000;5;951.91
1380556833984591;44.7;32.8;Mon Jul 15 2019 15:10:16 GMT+0200 (CEST);Mon Jul 15 2019 13:10:16 GMT+0200 (CEST);1563196216000;4.69;848.62
1380556833984591;44.7;31.2;Mon Jul 15 2019 15:12:08 GMT+0200 (CEST);Mon Jul 15 2019 13:12:08 GMT+0200 (CEST);1563196328000;5.08;990.71
1380556833984591;44.7;30.7;Mon Jul 15 2019 15:14:00 GMT+0200 (CEST);Mon Jul 15 2019 13:14:00 GMT+0200 (CEST);1563196440000;4.96;1021.43
1380556833984591;46.7;31.9;Mon Jul 15 2019 15:16:02 GMT+0200 (CEST);Mon Jul 15 2019 13:16:02 GMT+0200 (CEST);1563196562000;4.86;979.28
1380556833984591;46.7;30.8;Mon Jul 15 2019 15:17:54 GMT+0200 (CEST);Mon Jul 15 2019 13:17:54 GMT+0200 (CEST);1563196674000;4.63;952.25
1380556833984591;46.7;31;Mon Jul 15 2019 15:20:05 GMT+0200 (CEST);Mon Jul 15 2019 13:20:05 GMT+0200 (CEST);1563196805000;1.32;276.01
1380556833984591;46.7;31.8;Mon Jul 15 2019 15:21:57 GMT+0200 (CEST);Mon Jul 15 2019 13:21:57 GMT+0200 (CEST);1563196917000;3.44;674.58
1380556833984591;46.7;32.6;Mon Jul 15 2019 15:23:55 GMT+0200 (CEST);Mon Jul 15 2019 13:23:55 GMT+0200 (CEST);1563197035000;4.5;810.69
1380556833984591;45.2;31.6;Mon Jul 15 2019 15:25:53 GMT+0200 (CEST);Mon Jul 15 2019 13:25:53 GMT+0200 (CEST);1563197153000;4.5;897.67
1380556833984591;45.2;31.4;Mon Jul 15 2019 15:27:46 GMT+0200 (CEST);Mon Jul 15 2019 13:27:46 GMT+0200 (CEST);1563197266000;4.48;885.99
1380556833984591;45.2;31.9;Mon Jul 15 2019 15:29:41 GMT+0200 (CEST);Mon Jul 15 2019 13:29:41 GMT+0200 (CEST);1563197381000;4.25;872.47
1380556833984591;45.2;31.1;Mon Jul 15 2019 15:31:31 GMT+0200 (CEST);Mon Jul 15 2019 13:31:31 GMT+0200 (CEST);1563197491000;4.27;858.12
1380556833984591;45.2;31.9;Mon Jul 15 2019 15:33:25 GMT+0200 (CEST);Mon Jul 15 2019 13:33:25 GMT+0200 (CEST);1563197605000;4.04;842.76
1380556833984591;45.2;31.4;Mon Jul 15 2019 15:35:28 GMT+0200 (CEST);Mon Jul 15 2019 13:35:28 GMT+0200 (CEST);1563197728000;4.1;823.19
1380556833984591;45.2;31.1;Mon Jul 15 2019 15:37:53 GMT+0200 (CEST);Mon Jul 15 2019 13:37:53 GMT+0200 (CEST);1563197873000;4.07;817.83
1380556833984591;45.2;31.2;Mon Jul 15 2019 15:39:46 GMT+0200 (CEST);Mon Jul 15 2019 13:39:46 GMT+0200 (CEST);1563197986000;4.02;819.09
1380556833984591;45.2;31.7;Mon Jul 15 2019 15:41:38 GMT+0200 (CEST);Mon Jul 15 2019 13:41:38 GMT+0200 (CEST);1563198098000;4.08;819.06
1380556833984591;45.2;30.9;Mon Jul 15 2019 15:43:29 GMT+0200 (CEST);Mon Jul 15 2019 13:43:29 GMT+0200 (CEST);1563198209000;4.11;815.59
1380556833984591;45.2;30.9;Mon Jul 15 2019 15:45:21 GMT+0200 (CEST);Mon Jul 15 2019 13:45:21 GMT+0200 (CEST);1563198321000;4.15;822.64
1380556833984591;45.2;31.1;Mon Jul 15 2019 15:47:11 GMT+0200 (CEST);Mon Jul 15 2019 13:47:11 GMT+0200 (CEST);1563198431000;4.04;821.02
1380556833984591;46.7;31.7;Mon Jul 15 2019 15:49:05 GMT+0200 (CEST);Mon Jul 15 2019 13:49:05 GMT+0200 (CEST);1563198545000;4.02;819.52
1380556833984591;46.7;31.9;Mon Jul 15 2019 15:51:00 GMT+0200 (CEST);Mon Jul 15 2019 13:51:00 GMT+0200 (CEST);1563198660000;3.97;813.75
1380556833984591;46.7;31.7;Mon Jul 15 2019 15:52:59 GMT+0200 (CEST);Mon Jul 15 2019 13:52:59 GMT+0200 (CEST);1563198779000;3.88;803.43
1380556833984591;46.7;31.2;Mon Jul 15 2019 15:54:50 GMT+0200 (CEST);Mon Jul 15 2019 13:54:50 GMT+0200 (CEST);1563198890000;4.07;818.46
1380556833984591;46.7;31.2;Mon Jul 15 2019 15:56:45 GMT+0200 (CEST);Mon Jul 15 2019 13:56:45 GMT+0200 (CEST);1563199005000;4.1;814.52
1380556833984591;46.7;31.2;Mon Jul 15 2019 15:58:38 GMT+0200 (CEST);Mon Jul 15 2019 13:58:38 GMT+0200 (CEST);1563199118000;3.96;802.47
1380556833984591;46.7;31.7;Mon Jul 15 2019 16:00:29 GMT+0200 (CEST);Mon Jul 15 2019 14:00:29 GMT+0200 (CEST);1563199229000;3.92;795.55
1380556833984591;46.7;31.7;Mon Jul 15 2019 16:02:21 GMT+0200 (CEST);Mon Jul 15 2019 14:02:21 GMT+0200 (CEST);1563199341000;4.03;798.87
1380556833984591;46.7;31.4;Mon Jul 15 2019 16:04:36 GMT+0200 (CEST);Mon Jul 15 2019 14:04:36 GMT+0200 (CEST);1563199476000;3.96;791.25
1380556833984591;46.7;31.7;Mon Jul 15 2019 16:06:31 GMT+0200 (CEST);Mon Jul 15 2019 14:06:31 GMT+0200 (CEST);1563199591000;3.75;777.19
1380556833984591;46.7;32.2;Mon Jul 15 2019 16:08:23 GMT+0200 (CEST);Mon Jul 15 2019 14:08:23 GMT+0200 (CEST);1563199703000;3.8;768.9
1380556833984591;46.7;32;Mon Jul 15 2019 16:10:14 GMT+0200 (CEST);Mon Jul 15 2019 14:10:14 GMT+0200 (CEST);1563199814000;3.7;757.27
1380556833984591;46.7;32.3;Mon Jul 15 2019 16:12:11 GMT+0200 (CEST);Mon Jul 15 2019 14:12:11 GMT+0200 (CEST);1563199931000;3.57;709.34
1380556833984591;47.2;32.3;Mon Jul 15 2019 16:14:04 GMT+0200 (CEST);Mon Jul 15 2019 14:14:04 GMT+0200 (CEST);1563200044000;3.56;728.72
1380556833984591;47.2;32.3;Mon Jul 15 2019 16:15:56 GMT+0200 (CEST);Mon Jul 15 2019 14:15:56 GMT+0200 (CEST);1563200156000;3.65;734.36
1380556833984591;46.7;32;Mon Jul 15 2019 16:17:40 GMT+0200 (CEST);Mon Jul 15 2019 14:17:40 GMT+0200 (CEST);1563200260000;3.58;729.34
1380556833984591;46.7;32.3;Mon Jul 15 2019 16:19:44 GMT+0200 (CEST);Mon Jul 15 2019 14:19:44 GMT+0200 (CEST);1563200384000;3.46;717.88
1380556833984591;46.7;32.9;Mon Jul 15 2019 16:21:48 GMT+0200 (CEST);Mon Jul 15 2019 14:21:48 GMT+0200 (CEST);1563200508000;3.55;713.6
1380556833984591;46.7;32.3;Mon Jul 15 2019 16:24:12 GMT+0200 (CEST);Mon Jul 15 2019 14:24:12 GMT+0200 (CEST);1563200652000;3.44;705.03
1380556833984591;46.7;32.3;Mon Jul 15 2019 16:26:06 GMT+0200 (CEST);Mon Jul 15 2019 14:26:06 GMT+0200 (CEST);1563200766000;3.34;699.78
1380556833984591;45.2;31.8;Mon Jul 15 2019 16:28:04 GMT+0200 (CEST);Mon Jul 15 2019 14:28:04 GMT+0200 (CEST);1563200884000;3.49;698.58
1380556833984591;45.2;31.6;Mon Jul 15 2019 16:30:03 GMT+0200 (CEST);Mon Jul 15 2019 14:30:03 GMT+0200 (CEST);1563201003000;3.43;684.11
1380556833984591;45.2;31.8;Mon Jul 15 2019 16:32:09 GMT+0200 (CEST);Mon Jul 15 2019 14:32:09 GMT+0200 (CEST);1563201129000;3.44;700.4
1380556833984591;44.7;32.9;Mon Jul 15 2019 16:34:02 GMT+0200 (CEST);Mon Jul 15 2019 14:34:02 GMT+0200 (CEST);1563201242000;3.4;705.15
1380556833984591;44.7;31.6;Mon Jul 15 2019 16:35:53 GMT+0200 (CEST);Mon Jul 15 2019 14:35:53 GMT+0200 (CEST);1563201353000;3.5;696.55
1380556833984591;44.7;32;Mon Jul 15 2019 16:38:06 GMT+0200 (CEST);Mon Jul 15 2019 14:38:06 GMT+0200 (CEST);1563201486000;3.35;685.08
1380556833984591;44.7;31.5;Mon Jul 15 2019 16:40:02 GMT+0200 (CEST);Mon Jul 15 2019 14:40:02 GMT+0200 (CEST);1563201602000;3.39;668.47
1380556833984591;44.7;31.5;Mon Jul 15 2019 16:42:15 GMT+0200 (CEST);Mon Jul 15 2019 14:42:15 GMT+0200 (CEST);1563201735000;3.35;662.75
1380556833984591;44.7;31.7;Mon Jul 15 2019 16:44:08 GMT+0200 (CEST);Mon Jul 15 2019 14:44:08 GMT+0200 (CEST);1563201848000;3.32;660.07
1380556833984591;44.7;32.5;Mon Jul 15 2019 16:46:01 GMT+0200 (CEST);Mon Jul 15 2019 14:46:01 GMT+0200 (CEST);1563201961000;3.32;655.35
1380556833984591;44.7;31.3;Mon Jul 15 2019 16:47:54 GMT+0200 (CEST);Mon Jul 15 2019 14:47:54 GMT+0200 (CEST);1563202074000;3.27;645.11
1380556833984591;44.7;31.4;Mon Jul 15 2019 16:50:00 GMT+0200 (CEST);Mon Jul 15 2019 14:50:00 GMT+0200 (CEST);1563202200000;3.21;632.31
1380556833984591;44.7;31.4;Mon Jul 15 2019 16:51:51 GMT+0200 (CEST);Mon Jul 15 2019 14:51:51 GMT+0200 (CEST);1563202311000;3.15;629.75
1380556833984591;44.7;31.9;Mon Jul 15 2019 16:54:00 GMT+0200 (CEST);Mon Jul 15 2019 14:54:00 GMT+0200 (CEST);1563202440000;3.14;627.19
1380556833984591;44.7;32;Mon Jul 15 2019 16:55:53 GMT+0200 (CEST);Mon Jul 15 2019 14:55:53 GMT+0200 (CEST);1563202553000;3.1;624.63
1380556833984591;44.7;31.6;Mon Jul 15 2019 16:57:46 GMT+0200 (CEST);Mon Jul 15 2019 14:57:46 GMT+0200 (CEST);1563202666000;2.99;596.47
1380556833984591;44.7;31.7;Mon Jul 15 2019 16:59:41 GMT+0200 (CEST);Mon Jul 15 2019 14:59:41 GMT+0200 (CEST);1563202781000;2.98;596.47
1380556833984591;43.1;31.8;Mon Jul 15 2019 17:01:33 GMT+0200 (CEST);Mon Jul 15 2019 15:01:33 GMT+0200 (CEST);1563202893000;2.89;586.23
1380556833984591;43.1;31.5;Mon Jul 15 2019 17:03:31 GMT+0200 (CEST);Mon Jul 15 2019 15:03:31 GMT+0200 (CEST);1563203011000;2.91;575.99
1380556833984591;43.1;31.7;Mon Jul 15 2019 17:05:22 GMT+0200 (CEST);Mon Jul 15 2019 15:05:22 GMT+0200 (CEST);1563203122000;2.87;573.43
1380556833984591;42.6;31.6;Mon Jul 15 2019 17:07:13 GMT+0200 (CEST);Mon Jul 15 2019 15:07:13 GMT+0200 (CEST);1563203233000;2.86;568.31
1380556833984591;42.6;31.7;Mon Jul 15 2019 17:09:28 GMT+0200 (CEST);Mon Jul 15 2019 15:09:28 GMT+0200 (CEST);1563203368000;2.81;558.07
1380556833984591;42.6;31.6;Mon Jul 15 2019 17:11:21 GMT+0200 (CEST);Mon Jul 15 2019 15:11:21 GMT+0200 (CEST);1563203481000;2.82;558.07
1380556833984591;42.6;31.8;Mon Jul 15 2019 17:13:13 GMT+0200 (CEST);Mon Jul 15 2019 15:13:13 GMT+0200 (CEST);1563203593000;0.6;130.94
1380556833984591;42.6;30.7;Mon Jul 15 2019 17:15:05 GMT+0200 (CEST);Mon Jul 15 2019 15:15:05 GMT+0200 (CEST);1563203705000;0.65;142.73
1380556833984591;41.1;31.4;Mon Jul 15 2019 17:16:58 GMT+0200 (CEST);Mon Jul 15 2019 15:16:58 GMT+0200 (CEST);1563203818000;0.7;161.08
1380556833984591;41.1;33.3;Mon Jul 15 2019 17:19:03 GMT+0200 (CEST);Mon Jul 15 2019 15:19:03 GMT+0200 (CEST);1563203943000;2.67;547.83
1380556833984591;39.1;32.9;Mon Jul 15 2019 17:20:54 GMT+0200 (CEST);Mon Jul 15 2019 15:20:54 GMT+0200 (CEST);1563204054000;2.56;535.03
1380556833984591;39.1;32.7;Mon Jul 15 2019 17:22:45 GMT+0200 (CEST);Mon Jul 15 2019 15:22:45 GMT+0200 (CEST);1563204165000;0.65;143.9
1380556833984591;38.6;31.5;Mon Jul 15 2019 17:25:34 GMT+0200 (CEST);Mon Jul 15 2019 15:25:34 GMT+0200 (CEST);1563204334000;0.7;182.75
1380556833984591;38.6;34.3;Mon Jul 15 2019 17:27:24 GMT+0200 (CEST);Mon Jul 15 2019 15:27:24 GMT+0200 (CEST);1563204444000;2.48;499.19
1380556833984591;38.6;33;Mon Jul 15 2019 17:29:20 GMT+0200 (CEST);Mon Jul 15 2019 15:29:20 GMT+0200 (CEST);1563204560000;2.48;506.87
1380556833984591;38.6;33.2;Mon Jul 15 2019 17:31:12 GMT+0200 (CEST);Mon Jul 15 2019 15:31:12 GMT+0200 (CEST);1563204672000;2.41;496.63
1380556833984591;38.6;33.4;Mon Jul 15 2019 17:33:15 GMT+0200 (CEST);Mon Jul 15 2019 15:33:15 GMT+0200 (CEST);1563204795000;2.27;476.15
1380556833984591;38.6;33.2;Mon Jul 15 2019 17:35:11 GMT+0200 (CEST);Mon Jul 15 2019 15:35:11 GMT+0200 (CEST);1563204911000;2.24;465.91
1380556833984591;38.6;33.2;Mon Jul 15 2019 17:37:05 GMT+0200 (CEST);Mon Jul 15 2019 15:37:05 GMT+0200 (CEST);1563205025000;2.28;468.47
1380556833984591;37.1;33.1;Mon Jul 15 2019 17:39:16 GMT+0200 (CEST);Mon Jul 15 2019 15:39:16 GMT+0200 (CEST);1563205156000;2.22;460.79
1380556833984591;37.1;33.1;Mon Jul 15 2019 17:41:07 GMT+0200 (CEST);Mon Jul 15 2019 15:41:07 GMT+0200 (CEST);1563205267000;2.15;445.43
1380556833984591;37.1;33;Mon Jul 15 2019 17:42:59 GMT+0200 (CEST);Mon Jul 15 2019 15:42:59 GMT+0200 (CEST);1563205379000;2.21;453.11
1380556833984591;38.6;32.8;Mon Jul 15 2019 17:44:51 GMT+0200 (CEST);Mon Jul 15 2019 15:44:51 GMT+0200 (CEST);1563205491000;2.07;435.19
1380556833984591;38.6;33.1;Mon Jul 15 2019 17:46:41 GMT+0200 (CEST);Mon Jul 15 2019 15:46:41 GMT+0200 (CEST);1563205601000;1.99;417.27
1380556833984591;39.1;33.2;Mon Jul 15 2019 17:48:38 GMT+0200 (CEST);Mon Jul 15 2019 15:48:38 GMT+0200 (CEST);1563205718000;1.86;376.31
1380556833984591;39.1;33.2;Mon Jul 15 2019 17:50:28 GMT+0200 (CEST);Mon Jul 15 2019 15:50:28 GMT+0200 (CEST);1563205828000;1.89;396.79
1380556833984591;39.1;33.1;Mon Jul 15 2019 17:52:19 GMT+0200 (CEST);Mon Jul 15 2019 15:52:19 GMT+0200 (CEST);1563205939000;1.82;389.11
1380556833984591;38.6;33.4;Mon Jul 15 2019 17:54:22 GMT+0200 (CEST);Mon Jul 15 2019 15:54:22 GMT+0200 (CEST);1563206062000;1.82;389.11
1380556833984591;38.6;33.7;Mon Jul 15 2019 17:56:28 GMT+0200 (CEST);Mon Jul 15 2019 15:56:28 GMT+0200 (CEST);1563206188000;1.75;378.87
1380556833984591;38.6;33.8;Mon Jul 15 2019 17:58:20 GMT+0200 (CEST);Mon Jul 15 2019 15:58:20 GMT+0200 (CEST);1563206300000;1.76;373.75
1380556833984591;38.6;33.7;Mon Jul 15 2019 18:00:19 GMT+0200 (CEST);Mon Jul 15 2019 16:00:19 GMT+0200 (CEST);1563206419000;1.66;368.63
1380556833984591;38.6;33.7;Mon Jul 15 2019 18:02:14 GMT+0200 (CEST);Mon Jul 15 2019 16:02:14 GMT+0200 (CEST);1563206534000;1.7;360.95
1380556833984591;38.6;34.1;Mon Jul 15 2019 18:04:10 GMT+0200 (CEST);Mon Jul 15 2019 16:04:10 GMT+0200 (CEST);1563206650000;1.61;353.27
1380556833984591;38.6;33.7;Mon Jul 15 2019 18:06:04 GMT+0200 (CEST);Mon Jul 15 2019 16:06:04 GMT+0200 (CEST);1563206764000;1.58;343.03
1380556833984591;38.6;33.5;Mon Jul 15 2019 18:07:55 GMT+0200 (CEST);Mon Jul 15 2019 16:07:55 GMT+0200 (CEST);1563206875000;1.58;335.35
1380556833984591;38.6;33.8;Mon Jul 15 2019 18:09:46 GMT+0200 (CEST);Mon Jul 15 2019 16:09:46 GMT+0200 (CEST);1563206986000;1.5;332.79
1380556833984591;37.1;34;Mon Jul 15 2019 18:11:47 GMT+0200 (CEST);Mon Jul 15 2019 16:11:47 GMT+0200 (CEST);1563207107000;1.47;311.6
1380556833984591;37.1;33.7;Mon Jul 15 2019 18:13:39 GMT+0200 (CEST);Mon Jul 15 2019 16:13:39 GMT+0200 (CEST);1563207219000;1.39;309.73
1380556833984591;37.1;34.1;Mon Jul 15 2019 18:15:30 GMT+0200 (CEST);Mon Jul 15 2019 16:15:30 GMT+0200 (CEST);1563207330000;1.39;311.68
1380556833984591;37.1;34;Mon Jul 15 2019 18:17:24 GMT+0200 (CEST);Mon Jul 15 2019 16:17:24 GMT+0200 (CEST);1563207444000;1.36;302.49
1380556833984591;37.1;33.9;Mon Jul 15 2019 18:19:49 GMT+0200 (CEST);Mon Jul 15 2019 16:19:49 GMT+0200 (CEST);1563207589000;1.35;295.03
1380556833984591;36.6;34.1;Mon Jul 15 2019 18:21:47 GMT+0200 (CEST);Mon Jul 15 2019 16:21:47 GMT+0200 (CEST);1563207707000;1.24;251.56
1380556833984591;36.6;33.8;Mon Jul 15 2019 18:23:39 GMT+0200 (CEST);Mon Jul 15 2019 16:23:39 GMT+0200 (CEST);1563207819000;1.3;100.24
1380556833984591;36.6;34;Mon Jul 15 2019 18:25:31 GMT+0200 (CEST);Mon Jul 15 2019 16:25:31 GMT+0200 (CEST);1563207931000;1.22;95.53
1380556833984591;36.6;34.3;Mon Jul 15 2019 18:27:28 GMT+0200 (CEST);Mon Jul 15 2019 16:27:28 GMT+0200 (CEST);1563208048000;0.38;89.49
1380556833984591;36.6;32;Mon Jul 15 2019 18:29:27 GMT+0200 (CEST);Mon Jul 15 2019 16:29:27 GMT+0200 (CEST);1563208167000;0.37;87.74
1380556833984591;34.6;34.3;Mon Jul 15 2019 18:31:18 GMT+0200 (CEST);Mon Jul 15 2019 16:31:18 GMT+0200 (CEST);1563208278000;1.15;94.82
1380556833984591;34.6;34.1;Mon Jul 15 2019 18:33:08 GMT+0200 (CEST);Mon Jul 15 2019 16:33:08 GMT+0200 (CEST);1563208388000;0.36;85.82
1380556833984591;32.1;34.1;Mon Jul 15 2019 18:35:28 GMT+0200 (CEST);Mon Jul 15 2019 16:35:28 GMT+0200 (CEST);1563208528000;1.02;87.96
1380556833984591;32.1;34.2;Mon Jul 15 2019 18:37:38 GMT+0200 (CEST);Mon Jul 15 2019 16:37:38 GMT+0200 (CEST);1563208658000;0.5;83.54
1380556833984591;32.1;31.2;Mon Jul 15 2019 18:39:23 GMT+0200 (CEST);Mon Jul 15 2019 16:39:23 GMT+0200 (CEST);1563208763000;0.32;81.72
1380556833984591;32.1;31.3;Mon Jul 15 2019 18:41:20 GMT+0200 (CEST);Mon Jul 15 2019 16:41:20 GMT+0200 (CEST);1563208880000;0.32;79.51
1380556833984591;32.1;31.3;Mon Jul 15 2019 18:43:12 GMT+0200 (CEST);Mon Jul 15 2019 16:43:12 GMT+0200 (CEST);1563208992000;0.47;76.83
1380556833984591;31.1;34.7;Mon Jul 15 2019 18:45:14 GMT+0200 (CEST);Mon Jul 15 2019 16:45:14 GMT+0200 (CEST);1563209114000;0.88;79.91
1380556833984591;31.1;34.3;Mon Jul 15 2019 18:47:06 GMT+0200 (CEST);Mon Jul 15 2019 16:47:06 GMT+0200 (CEST);1563209226000;0.29;74.47
1380556833984591;31.1;31.2;Mon Jul 15 2019 18:49:10 GMT+0200 (CEST);Mon Jul 15 2019 16:49:10 GMT+0200 (CEST);1563209350000;0.29;72.01
1380556833984591;31.1;31.3;Mon Jul 15 2019 18:51:03 GMT+0200 (CEST);Mon Jul 15 2019 16:51:03 GMT+0200 (CEST);1563209463000;0.28;69.14
1380556833984591;31.1;34.1;Mon Jul 15 2019 18:53:02 GMT+0200 (CEST);Mon Jul 15 2019 16:53:02 GMT+0200 (CEST);1563209582000;0.77;74.01
1380556833984591;31.1;34.3;Mon Jul 15 2019 18:54:53 GMT+0200 (CEST);Mon Jul 15 2019 16:54:53 GMT+0200 (CEST);1563209693000;0.43;73.81
1380556833984591;31.1;31.9;Mon Jul 15 2019 18:56:53 GMT+0200 (CEST);Mon Jul 15 2019 16:56:53 GMT+0200 (CEST);1563209813000;0.52;73.58
1380556833984591;30.5;34.3;Mon Jul 15 2019 18:58:55 GMT+0200 (CEST);Mon Jul 15 2019 16:58:55 GMT+0200 (CEST);1563209935000;0.67;92
1380556833984591;30.5;34.1;Mon Jul 15 2019 19:00:53 GMT+0200 (CEST);Mon Jul 15 2019 17:00:53 GMT+0200 (CEST);1563210053000;0.63;106.56
1380556833984591;30.5;34.1;Mon Jul 15 2019 19:02:44 GMT+0200 (CEST);Mon Jul 15 2019 17:02:44 GMT+0200 (CEST);1563210164000;0.6;118.37
1380556833984591;31.1;34;Mon Jul 15 2019 19:04:50 GMT+0200 (CEST);Mon Jul 15 2019 17:04:50 GMT+0200 (CEST);1563210290000;0.6;134.32
1380556833984591;31.1;34;Mon Jul 15 2019 19:06:59 GMT+0200 (CEST);Mon Jul 15 2019 17:06:59 GMT+0200 (CEST);1563210419000;0.57;141.63
1380556833984591;31.1;34.1;Mon Jul 15 2019 19:09:04 GMT+0200 (CEST);Mon Jul 15 2019 17:09:04 GMT+0200 (CEST);1563210544000;0.48;107.1
1380556833984591;31.1;34.1;Mon Jul 15 2019 19:10:56 GMT+0200 (CEST);Mon Jul 15 2019 17:10:56 GMT+0200 (CEST);1563210656000;0.51;139.31
1380556833984591;31.1;34.1;Mon Jul 15 2019 19:12:48 GMT+0200 (CEST);Mon Jul 15 2019 17:12:48 GMT+0200 (CEST);1563210768000;0.48;135.15
1380556833984591;31.1;34.2;Mon Jul 15 2019 19:14:48 GMT+0200 (CEST);Mon Jul 15 2019 17:14:48 GMT+0200 (CEST);1563210888000;0.46;128.91
1380556833984591;31.1;34.3;Mon Jul 15 2019 19:16:51 GMT+0200 (CEST);Mon Jul 15 2019 17:16:51 GMT+0200 (CEST);1563211011000;0.42;123.34
1380556833984591;31.1;34;Mon Jul 15 2019 19:18:42 GMT+0200 (CEST);Mon Jul 15 2019 17:18:42 GMT+0200 (CEST);1563211122000;0.4;118.57
1380556833984591;31.1;34;Mon Jul 15 2019 19:20:41 GMT+0200 (CEST);Mon Jul 15 2019 17:20:41 GMT+0200 (CEST);1563211241000;0.38;112.74
1380556833984591;30.5;32.5;Mon Jul 15 2019 19:22:42 GMT+0200 (CEST);Mon Jul 15 2019 17:22:42 GMT+0200 (CEST);1563211362000;0.26;97.88
1380556833984591;30.5;33;Mon Jul 15 2019 19:24:42 GMT+0200 (CEST);Mon Jul 15 2019 17:24:42 GMT+0200 (CEST);1563211482000;0.31;94.05
1380556833984591;30.5;33.9;Mon Jul 15 2019 19:26:36 GMT+0200 (CEST);Mon Jul 15 2019 17:26:36 GMT+0200 (CEST);1563211596000;0.32;100.08
1380556833984591;30.5;33.9;Mon Jul 15 2019 19:28:27 GMT+0200 (CEST);Mon Jul 15 2019 17:28:27 GMT+0200 (CEST);1563211707000;0.3;94.54
1380556833984591;30.5;33.8;Mon Jul 15 2019 19:30:19 GMT+0200 (CEST);Mon Jul 15 2019 17:30:19 GMT+0200 (CEST);1563211819000;0.28;91.59
1380556833984591;30.5;33.8;Mon Jul 15 2019 19:32:24 GMT+0200 (CEST);Mon Jul 15 2019 17:32:24 GMT+0200 (CEST);1563211944000;0.26;86.61
1380556833984591;30.5;33.4;Mon Jul 15 2019 19:34:46 GMT+0200 (CEST);Mon Jul 15 2019 17:34:46 GMT+0200 (CEST);1563212086000;0.25;80.98
1380556833984591;30.5;33.3;Mon Jul 15 2019 19:36:37 GMT+0200 (CEST);Mon Jul 15 2019 17:36:37 GMT+0200 (CEST);1563212197000;0.23;76.53
1380556833984591;29;33.2;Mon Jul 15 2019 19:38:30 GMT+0200 (CEST);Mon Jul 15 2019 17:38:30 GMT+0200 (CEST);1563212310000;0.22;72.17
1380556833984591;29;33.2;Mon Jul 15 2019 19:40:35 GMT+0200 (CEST);Mon Jul 15 2019 17:40:35 GMT+0200 (CEST);1563212435000;0.21;68.6
1380556833984591;28.5;32.8;Mon Jul 15 2019 19:42:27 GMT+0200 (CEST);Mon Jul 15 2019 17:42:27 GMT+0200 (CEST);1563212547000;0.2;65.34
1380556833984591;28.5;32.8;Mon Jul 15 2019 19:44:29 GMT+0200 (CEST);Mon Jul 15 2019 17:44:29 GMT+0200 (CEST);1563212669000;0.18;60.44
1380556833984591;28.5;32.5;Mon Jul 15 2019 19:46:21 GMT+0200 (CEST);Mon Jul 15 2019 17:46:21 GMT+0200 (CEST);1563212781000;0.18;55.77
1380556833984591;28.5;32.3;Mon Jul 15 2019 19:48:33 GMT+0200 (CEST);Mon Jul 15 2019 17:48:33 GMT+0200 (CEST);1563212913000;0.17;51.91
1380556833984591;28.5;32.2;Mon Jul 15 2019 19:50:26 GMT+0200 (CEST);Mon Jul 15 2019 17:50:26 GMT+0200 (CEST);1563213026000;0.16;51.28
1380556833984591;27;32.1;Mon Jul 15 2019 19:52:20 GMT+0200 (CEST);Mon Jul 15 2019 17:52:20 GMT+0200 (CEST);1563213140000;0.15;48.35
1380556833984591;27;31.9;Mon Jul 15 2019 19:54:13 GMT+0200 (CEST);Mon Jul 15 2019 17:54:13 GMT+0200 (CEST);1563213253000;0.14;49.98
1380556833984591;27;31.8;Mon Jul 15 2019 19:56:10 GMT+0200 (CEST);Mon Jul 15 2019 17:56:10 GMT+0200 (CEST);1563213370000;0.14;48.76
1380556833984591;27;31.7;Mon Jul 15 2019 19:58:01 GMT+0200 (CEST);Mon Jul 15 2019 17:58:01 GMT+0200 (CEST);1563213481000;0.14;47.14
1380556833984591;27;31.5;Mon Jul 15 2019 20:00:02 GMT+0200 (CEST);Mon Jul 15 2019 18:00:02 GMT+0200 (CEST);1563213602000;0.14;46.82
1380556833984591;27;31.5;Mon Jul 15 2019 20:01:54 GMT+0200 (CEST);Mon Jul 15 2019 18:01:54 GMT+0200 (CEST);1563213714000;0.13;46.41
1380556833984591;27;31.6;Mon Jul 15 2019 20:04:02 GMT+0200 (CEST);Mon Jul 15 2019 18:04:02 GMT+0200 (CEST);1563213842000;0.13;44.03
1380556833984591;27;31.3;Mon Jul 15 2019 20:05:57 GMT+0200 (CEST);Mon Jul 15 2019 18:05:57 GMT+0200 (CEST);1563213957000;0.12;41.54
1380556833984591;27;31.5;Mon Jul 15 2019 20:07:48 GMT+0200 (CEST);Mon Jul 15 2019 18:07:48 GMT+0200 (CEST);1563214068000;0.12;41.37
1380556833984591;27;31.3;Mon Jul 15 2019 20:09:40 GMT+0200 (CEST);Mon Jul 15 2019 18:09:40 GMT+0200 (CEST);1563214180000;0.11;38.24
1380556833984591;27;31.1;Mon Jul 15 2019 20:11:45 GMT+0200 (CEST);Mon Jul 15 2019 18:11:45 GMT+0200 (CEST);1563214305000;0.1;36.71
1380556833984591;27;31;Mon Jul 15 2019 20:13:38 GMT+0200 (CEST);Mon Jul 15 2019 18:13:38 GMT+0200 (CEST);1563214418000;0.1;36
1380556833984591;27;31;Mon Jul 15 2019 20:15:20 GMT+0200 (CEST);Mon Jul 15 2019 18:15:20 GMT+0200 (CEST);1563214520000;0.09;33.02
1380556833984591;26.5;30.9;Mon Jul 15 2019 20:17:13 GMT+0200 (CEST);Mon Jul 15 2019 18:17:13 GMT+0200 (CEST);1563214633000;0.08;30.36
1380556833984591;26.5;30.8;Mon Jul 15 2019 20:19:09 GMT+0200 (CEST);Mon Jul 15 2019 18:19:09 GMT+0200 (CEST);1563214749000;0.07;25.36
1380556833984591;26.5;30.8;Mon Jul 15 2019 20:21:01 GMT+0200 (CEST);Mon Jul 15 2019 18:21:01 GMT+0200 (CEST);1563214861000;0.07;24.73
1380556833984591;26.5;30.8;Mon Jul 15 2019 20:22:52 GMT+0200 (CEST);Mon Jul 15 2019 18:22:52 GMT+0200 (CEST);1563214972000;0.06;23.98
1380556833984591;26.5;30.7;Mon Jul 15 2019 20:24:53 GMT+0200 (CEST);Mon Jul 15 2019 18:24:53 GMT+0200 (CEST);1563215093000;0.06;23.84
1380556833984591;26.5;31;Mon Jul 15 2019 20:26:50 GMT+0200 (CEST);Mon Jul 15 2019 18:26:50 GMT+0200 (CEST);1563215210000;0.06;24.45
1380556833984591;26.5;30.9;Mon Jul 15 2019 20:28:41 GMT+0200 (CEST);Mon Jul 15 2019 18:28:41 GMT+0200 (CEST);1563215321000;0.06;23.8
1380556833984591;25;30.6;Mon Jul 15 2019 20:30:37 GMT+0200 (CEST);Mon Jul 15 2019 18:30:37 GMT+0200 (CEST);1563215437000;0.06;22.99
1380556833984591;25;29.9;Mon Jul 15 2019 20:32:33 GMT+0200 (CEST);Mon Jul 15 2019 18:32:33 GMT+0200 (CEST);1563215553000;0.05;22.5
1380556833984591;25;30.3;Mon Jul 15 2019 20:34:56 GMT+0200 (CEST);Mon Jul 15 2019 18:34:56 GMT+0200 (CEST);1563215696000;0.04;21.15
1380556833984591;25;30.1;Mon Jul 15 2019 20:36:48 GMT+0200 (CEST);Mon Jul 15 2019 18:36:48 GMT+0200 (CEST);1563215808000;0.04;19.85
1380556833984591;25;29.7;Mon Jul 15 2019 20:38:40 GMT+0200 (CEST);Mon Jul 15 2019 18:38:40 GMT+0200 (CEST);1563215920000;0.03;18.82
1380556833984591;24.5;28.7;Mon Jul 15 2019 20:40:35 GMT+0200 (CEST);Mon Jul 15 2019 18:40:35 GMT+0200 (CEST);1563216035000;0.03;18.04
1380556833984591;24.5;27.7;Mon Jul 15 2019 20:42:33 GMT+0200 (CEST);Mon Jul 15 2019 18:42:33 GMT+0200 (CEST);1563216153000;0.03;17.17
1380556833984591;23;27.3;Mon Jul 15 2019 20:44:29 GMT+0200 (CEST);Mon Jul 15 2019 18:44:29 GMT+0200 (CEST);1563216269000;0.02;15.8
1380556833984591;23;26.7;Mon Jul 15 2019 20:46:19 GMT+0200 (CEST);Mon Jul 15 2019 18:46:19 GMT+0200 (CEST);1563216379000;0.02;14.84
1380556833984591;23;26.5;Mon Jul 15 2019 20:48:17 GMT+0200 (CEST);Mon Jul 15 2019 18:48:17 GMT+0200 (CEST);1563216497000;0.01;13.89
1380556833984591;22.5;27.3;Mon Jul 15 2019 20:50:15 GMT+0200 (CEST);Mon Jul 15 2019 18:50:15 GMT+0200 (CEST);1563216615000;0.01;12.93
1380556833984591;22.5;26.1;Mon Jul 15 2019 20:52:05 GMT+0200 (CEST);Mon Jul 15 2019 18:52:05 GMT+0200 (CEST);1563216725000;0.01;12.71
1380556833984591;21;24.7;Mon Jul 15 2019 20:54:00 GMT+0200 (CEST);Mon Jul 15 2019 18:54:00 GMT+0200 (CEST);1563216840000;0.01;12.16
1380556833984591;21;26.1;Mon Jul 15 2019 20:55:53 GMT+0200 (CEST);Mon Jul 15 2019 18:55:53 GMT+0200 (CEST);1563216953000;0;11.01
1380556833984591;21;27.1;Mon Jul 15 2019 20:57:50 GMT+0200 (CEST);Mon Jul 15 2019 18:57:50 GMT+0200 (CEST);1563217070000;0;10.04
1380556833984591;22.5;27.4;Mon Jul 15 2019 20:59:52 GMT+0200 (CEST);Mon Jul 15 2019 18:59:52 GMT+0200 (CEST);1563217192000;0;9.71
1380556833984591;22.5;27.9;Mon Jul 15 2019 21:01:43 GMT+0200 (CEST);Mon Jul 15 2019 19:01:43 GMT+0200 (CEST);1563217303000;0;9.24
1380556833984591;22.5;30.6;Mon Jul 15 2019 21:03:33 GMT+0200 (CEST);Mon Jul 15 2019 19:03:33 GMT+0200 (CEST);1563217413000;0;7.94
1380556833984591;22.5;29.5;Mon Jul 15 2019 21:05:25 GMT+0200 (CEST);Mon Jul 15 2019 19:05:25 GMT+0200 (CEST);1563217525000;0;6.83
1380556833984591;22.5;29.1;Mon Jul 15 2019 21:07:19 GMT+0200 (CEST);Mon Jul 15 2019 19:07:19 GMT+0200 (CEST);1563217639000;0;6.01
1380556833984591;22.5;29.3;Mon Jul 15 2019 21:09:25 GMT+0200 (CEST);Mon Jul 15 2019 19:09:25 GMT+0200 (CEST);1563217765000;0;5.08
1380556833984591;22.5;29.8;Mon Jul 15 2019 21:11:23 GMT+0200 (CEST);Mon Jul 15 2019 19:11:23 GMT+0200 (CEST);1563217883000;0;4.05
1380556833984591;22.5;30.4;Mon Jul 15 2019 21:13:18 GMT+0200 (CEST);Mon Jul 15 2019 19:13:18 GMT+0200 (CEST);1563217998000;0;3.3
1380556833984591;22.5;31.9;Mon Jul 15 2019 21:15:11 GMT+0200 (CEST);Mon Jul 15 2019 19:15:11 GMT+0200 (CEST);1563218111000;0;2.77
1380556833984591;22.5;31.5;Mon Jul 15 2019 21:17:13 GMT+0200 (CEST);Mon Jul 15 2019 19:17:13 GMT+0200 (CEST);1563218233000;0;2.35
1380556833984591;23;30.9;Mon Jul 15 2019 21:19:13 GMT+0200 (CEST);Mon Jul 15 2019 19:19:13 GMT+0200 (CEST);1563218353000;0;1.17
1380556833984591;23;29.8;Mon Jul 15 2019 21:21:07 GMT+0200 (CEST);Mon Jul 15 2019 19:21:07 GMT+0200 (CEST);1563218467000;0;0.69
1380556833984591;23;29.5;Mon Jul 15 2019 21:23:02 GMT+0200 (CEST);Mon Jul 15 2019 19:23:02 GMT+0200 (CEST);1563218582000;0;0.45
1380556833984591;23;29.5;Mon Jul 15 2019 21:24:56 GMT+0200 (CEST);Mon Jul 15 2019 19:24:56 GMT+0200 (CEST);1563218696000;0;0
1380556833984591;-273.2;26.4;Tue Jul 16 2019 05:24:16 GMT+0200 (CEST);Tue Jul 16 2019 03:24:16 GMT+0200 (CEST);1563247456000;0;0.99
1380556833984591;-273.2;26.4;Tue Jul 16 2019 05:26:08 GMT+0200 (CEST);Tue Jul 16 2019 03:26:08 GMT+0200 (CEST);1563247568000;0;1.41
1380556833984591;-273.2;26.4;Tue Jul 16 2019 05:27:58 GMT+0200 (CEST);Tue Jul 16 2019 03:27:58 GMT+0200 (CEST);1563247678000;0;2.34
1380556833984591;-273.2;34.9;Tue Jul 16 2019 05:43:15 GMT+0200 (CEST);Tue Jul 16 2019 03:43:15 GMT+0200 (CEST);1563248595000;0;8.52
1380556833984591;10.4;31;Tue Jul 16 2019 05:45:06 GMT+0200 (CEST);Tue Jul 16 2019 03:45:06 GMT+0200 (CEST);1563248706000;0;9.27
1380556833984591;10.4;30.7;Tue Jul 16 2019 05:46:58 GMT+0200 (CEST);Tue Jul 16 2019 03:46:58 GMT+0200 (CEST);1563248818000;0;10.57
1380556833984591;10.4;31.9;Tue Jul 16 2019 05:48:52 GMT+0200 (CEST);Tue Jul 16 2019 03:48:52 GMT+0200 (CEST);1563248932000;0;11
1380556833984591;12.4;33.9;Tue Jul 16 2019 05:51:18 GMT+0200 (CEST);Tue Jul 16 2019 03:51:18 GMT+0200 (CEST);1563249078000;0;12.36
1380556833984591;12.4;34.8;Tue Jul 16 2019 05:53:12 GMT+0200 (CEST);Tue Jul 16 2019 03:53:12 GMT+0200 (CEST);1563249192000;0;13.41
1380556833984591;14.4;35.7;Tue Jul 16 2019 05:55:17 GMT+0200 (CEST);Tue Jul 16 2019 03:55:17 GMT+0200 (CEST);1563249317000;0;14.63
1380556833984591;14.4;36.6;Tue Jul 16 2019 05:57:08 GMT+0200 (CEST);Tue Jul 16 2019 03:57:08 GMT+0200 (CEST);1563249428000;0;15.93
1380556833984591;14.4;36.9;Tue Jul 16 2019 05:58:58 GMT+0200 (CEST);Tue Jul 16 2019 03:58:58 GMT+0200 (CEST);1563249538000;0;16.76
1380556833984591;14.9;36.7;Tue Jul 16 2019 06:00:52 GMT+0200 (CEST);Tue Jul 16 2019 04:00:52 GMT+0200 (CEST);1563249652000;0;18.13
1380556833984591;14.9;36.5;Tue Jul 16 2019 06:02:42 GMT+0200 (CEST);Tue Jul 16 2019 04:02:42 GMT+0200 (CEST);1563249762000;0;19.31
1380556833984591;15.9;37.5;Tue Jul 16 2019 06:04:42 GMT+0200 (CEST);Tue Jul 16 2019 04:04:42 GMT+0200 (CEST);1563249882000;0;20.49
1380556833984591;15.9;37.7;Tue Jul 16 2019 06:06:35 GMT+0200 (CEST);Tue Jul 16 2019 04:06:35 GMT+0200 (CEST);1563249995000;0;21.27
1380556833984591;15.9;37.6;Tue Jul 16 2019 06:08:26 GMT+0200 (CEST);Tue Jul 16 2019 04:08:26 GMT+0200 (CEST);1563250106000;0;22.69
1380556833984591;15.9;37.9;Tue Jul 16 2019 06:10:17 GMT+0200 (CEST);Tue Jul 16 2019 04:10:17 GMT+0200 (CEST);1563250217000;0;24.26
1380556833984591;15.9;37.7;Tue Jul 16 2019 06:12:09 GMT+0200 (CEST);Tue Jul 16 2019 04:12:09 GMT+0200 (CEST);1563250329000;0;25.7
1380556833984591;15.9;37.9;Tue Jul 16 2019 06:14:12 GMT+0200 (CEST);Tue Jul 16 2019 04:14:12 GMT+0200 (CEST);1563250452000;0;27.23
1380556833984591;15.9;38.1;Tue Jul 16 2019 06:16:02 GMT+0200 (CEST);Tue Jul 16 2019 04:16:02 GMT+0200 (CEST);1563250562000;0;29.28
1380556833984591;15.9;38.4;Tue Jul 16 2019 06:17:52 GMT+0200 (CEST);Tue Jul 16 2019 04:17:52 GMT+0200 (CEST);1563250672000;0;30.87
1380556833984591;15.9;38.5;Tue Jul 16 2019 06:19:45 GMT+0200 (CEST);Tue Jul 16 2019 04:19:45 GMT+0200 (CEST);1563250785000;0;33.52
1380556833984591;15.9;37.1;Tue Jul 16 2019 06:22:07 GMT+0200 (CEST);Tue Jul 16 2019 04:22:07 GMT+0200 (CEST);1563250927000;0.02;34.07
1380556833984591;15.9;37;Tue Jul 16 2019 06:24:19 GMT+0200 (CEST);Tue Jul 16 2019 04:24:19 GMT+0200 (CEST);1563251059000;0.02;32.89
1380556833984591;15.9;36.9;Tue Jul 16 2019 06:26:13 GMT+0200 (CEST);Tue Jul 16 2019 04:26:13 GMT+0200 (CEST);1563251173000;0.03;32.81
1380556833984591;15.9;36.7;Tue Jul 16 2019 06:28:11 GMT+0200 (CEST);Tue Jul 16 2019 04:28:11 GMT+0200 (CEST);1563251291000;0.04;34.42
1380556833984591;15.9;36.6;Tue Jul 16 2019 06:30:02 GMT+0200 (CEST);Tue Jul 16 2019 04:30:02 GMT+0200 (CEST);1563251402000;0.06;37.29
1380556833984591;15.9;34.3;Tue Jul 16 2019 06:31:57 GMT+0200 (CEST);Tue Jul 16 2019 04:31:57 GMT+0200 (CEST);1563251517000;0.14;40.34
1380556833984591;14.9;31.1;Tue Jul 16 2019 06:33:53 GMT+0200 (CEST);Tue Jul 16 2019 04:33:53 GMT+0200 (CEST);1563251633000;0.16;45.73
1380556833984591;14.9;30.2;Tue Jul 16 2019 06:35:49 GMT+0200 (CEST);Tue Jul 16 2019 04:35:49 GMT+0200 (CEST);1563251749000;0.2;52.76
1380556833984591;14.9;31;Tue Jul 16 2019 06:37:46 GMT+0200 (CEST);Tue Jul 16 2019 04:37:46 GMT+0200 (CEST);1563251866000;0.24;59.47
1380556833984591;12.9;29.8;Tue Jul 16 2019 06:39:52 GMT+0200 (CEST);Tue Jul 16 2019 04:39:52 GMT+0200 (CEST);1563251992000;0.28;65.45
1380556833984591;12.9;25;Tue Jul 16 2019 06:41:45 GMT+0200 (CEST);Tue Jul 16 2019 04:41:45 GMT+0200 (CEST);1563252105000;0.31;70.75
1380556833984591;12.9;20.2;Tue Jul 16 2019 06:43:35 GMT+0200 (CEST);Tue Jul 16 2019 04:43:35 GMT+0200 (CEST);1563252215000;0.32;72.68
1380556833984591;10.9;30.4;Tue Jul 16 2019 06:45:45 GMT+0200 (CEST);Tue Jul 16 2019 04:45:45 GMT+0200 (CEST);1563252345000;0.3;72.64
1380556833984591;10.9;22.3;Tue Jul 16 2019 06:47:37 GMT+0200 (CEST);Tue Jul 16 2019 04:47:37 GMT+0200 (CEST);1563252457000;0.29;70.22
1380556833984591;10.9;28.6;Tue Jul 16 2019 06:49:44 GMT+0200 (CEST);Tue Jul 16 2019 04:49:44 GMT+0200 (CEST);1563252584000;0.29;71.46
1380556833984591;10.9;30.7;Tue Jul 16 2019 06:51:37 GMT+0200 (CEST);Tue Jul 16 2019 04:51:37 GMT+0200 (CEST);1563252697000;0.28;71.48
1380556833984591;10.9;29.2;Tue Jul 16 2019 06:53:52 GMT+0200 (CEST);Tue Jul 16 2019 04:53:52 GMT+0200 (CEST);1563252832000;0.29;71.9
1380556833984591;12.9;22.3;Tue Jul 16 2019 06:55:58 GMT+0200 (CEST);Tue Jul 16 2019 04:55:58 GMT+0200 (CEST);1563252958000;0.41;79.41
1380556833984591;12.9;21.4;Tue Jul 16 2019 06:57:50 GMT+0200 (CEST);Tue Jul 16 2019 04:57:50 GMT+0200 (CEST);1563253070000;0.54;86.93
1380556833984591;10.9;22;Tue Jul 16 2019 06:59:41 GMT+0200 (CEST);Tue Jul 16 2019 04:59:41 GMT+0200 (CEST);1563253181000;0.42;85.63
1380556833984591;10.9;31.8;Tue Jul 16 2019 07:01:41 GMT+0200 (CEST);Tue Jul 16 2019 05:01:41 GMT+0200 (CEST);1563253301000;0.35;82.69
1380556833984591;14.4;31.3;Tue Jul 16 2019 07:03:36 GMT+0200 (CEST);Tue Jul 16 2019 05:03:36 GMT+0200 (CEST);1563253416000;0.33;77.52
1380556833984591;14.4;24.7;Tue Jul 16 2019 07:05:26 GMT+0200 (CEST);Tue Jul 16 2019 05:05:26 GMT+0200 (CEST);1563253526000;0.31;68.39
1380556833984591;12.9;27.5;Tue Jul 16 2019 07:07:24 GMT+0200 (CEST);Tue Jul 16 2019 05:07:24 GMT+0200 (CEST);1563253644000;0.23;60.32
1380556833984591;12.9;29.8;Tue Jul 16 2019 07:09:21 GMT+0200 (CEST);Tue Jul 16 2019 05:09:21 GMT+0200 (CEST);1563253761000;0.27;60.11
1380556833984591;12.9;29.7;Tue Jul 16 2019 07:11:15 GMT+0200 (CEST);Tue Jul 16 2019 05:11:15 GMT+0200 (CEST);1563253875000;0.24;61.81
1380556833984591;12.9;28.9;Tue Jul 16 2019 07:13:08 GMT+0200 (CEST);Tue Jul 16 2019 05:13:08 GMT+0200 (CEST);1563253988000;0.44;82.8
1380556833984591;12.9;30.7;Tue Jul 16 2019 07:15:03 GMT+0200 (CEST);Tue Jul 16 2019 05:15:03 GMT+0200 (CEST);1563254103000;0.49;142.26
1380556833984591;12.9;30.4;Tue Jul 16 2019 07:16:56 GMT+0200 (CEST);Tue Jul 16 2019 05:16:56 GMT+0200 (CEST);1563254216000;0.63;166.2
1380556833984591;14.4;31.7;Tue Jul 16 2019 07:18:46 GMT+0200 (CEST);Tue Jul 16 2019 05:18:46 GMT+0200 (CEST);1563254326000;0.68;173.36
1380556833984591;14.4;31.7;Tue Jul 16 2019 07:20:37 GMT+0200 (CEST);Tue Jul 16 2019 05:20:37 GMT+0200 (CEST);1563254437000;0.7;177.9
1380556833984591;14.4;32.1;Tue Jul 16 2019 07:22:28 GMT+0200 (CEST);Tue Jul 16 2019 05:22:28 GMT+0200 (CEST);1563254548000;0.72;178.87
1380556833984591;14.9;32.6;Tue Jul 16 2019 07:24:38 GMT+0200 (CEST);Tue Jul 16 2019 05:24:38 GMT+0200 (CEST);1563254678000;0.76;186.41
1380556833984591;14.9;32.7;Tue Jul 16 2019 07:26:32 GMT+0200 (CEST);Tue Jul 16 2019 05:26:32 GMT+0200 (CEST);1563254792000;0.81;197.13
1380556833984591;15.9;32.7;Tue Jul 16 2019 07:28:23 GMT+0200 (CEST);Tue Jul 16 2019 05:28:23 GMT+0200 (CEST);1563254903000;0.83;199.91
1380556833984591;15.9;32.5;Tue Jul 16 2019 07:30:21 GMT+0200 (CEST);Tue Jul 16 2019 05:30:21 GMT+0200 (CEST);1563255021000;0.85;205.81
1380556833984591;15.9;33.1;Tue Jul 16 2019 07:32:24 GMT+0200 (CEST);Tue Jul 16 2019 05:32:24 GMT+0200 (CEST);1563255144000;0.9;215.3
1380556833984591;18.5;33.2;Tue Jul 16 2019 07:34:20 GMT+0200 (CEST);Tue Jul 16 2019 05:34:20 GMT+0200 (CEST);1563255260000;0.93;218.45
1380556833984591;18.5;33.2;Tue Jul 16 2019 07:36:19 GMT+0200 (CEST);Tue Jul 16 2019 05:36:19 GMT+0200 (CEST);1563255379000;0.96;225.88
1380556833984591;18.5;33.2;Tue Jul 16 2019 07:38:12 GMT+0200 (CEST);Tue Jul 16 2019 05:38:12 GMT+0200 (CEST);1563255492000;0.95;223.82
1380556833984591;18.5;32.5;Tue Jul 16 2019 07:40:24 GMT+0200 (CEST);Tue Jul 16 2019 05:40:24 GMT+0200 (CEST);1563255624000;1.02;239.52
1380556833984591;18.5;32.9;Tue Jul 16 2019 07:42:22 GMT+0200 (CEST);Tue Jul 16 2019 05:42:22 GMT+0200 (CEST);1563255742000;1.08;248.61
1380556833984591;18.5;34.1;Tue Jul 16 2019 07:44:19 GMT+0200 (CEST);Tue Jul 16 2019 05:44:19 GMT+0200 (CEST);1563255859000;1.09;250.2
1380556833984591;18.5;34;Tue Jul 16 2019 07:46:12 GMT+0200 (CEST);Tue Jul 16 2019 05:46:12 GMT+0200 (CEST);1563255972000;1.12;260.23
1380556833984591;20.5;34.1;Tue Jul 16 2019 07:48:13 GMT+0200 (CEST);Tue Jul 16 2019 05:48:13 GMT+0200 (CEST);1563256093000;1.15;265.23
1380556833984591;20.5;33.8;Tue Jul 16 2019 07:50:02 GMT+0200 (CEST);Tue Jul 16 2019 05:50:02 GMT+0200 (CEST);1563256202000;1.24;277.87
1380556833984591;20.5;33.6;Tue Jul 16 2019 07:51:53 GMT+0200 (CEST);Tue Jul 16 2019 05:51:53 GMT+0200 (CEST);1563256313000;1.25;277.28
1380556833984591;20.5;34.4;Tue Jul 16 2019 07:53:45 GMT+0200 (CEST);Tue Jul 16 2019 05:53:45 GMT+0200 (CEST);1563256425000;1.25;283.9
1380556833984591;20.5;34.1;Tue Jul 16 2019 07:55:51 GMT+0200 (CEST);Tue Jul 16 2019 05:55:51 GMT+0200 (CEST);1563256551000;1.3;293.09
1380556833984591;21;34.1;Tue Jul 16 2019 07:57:42 GMT+0200 (CEST);Tue Jul 16 2019 05:57:42 GMT+0200 (CEST);1563256662000;1.34;300.05
1380556833984591;21;34.1;Tue Jul 16 2019 07:59:45 GMT+0200 (CEST);Tue Jul 16 2019 05:59:45 GMT+0200 (CEST);1563256785000;1.38;307
1380556833984591;22.5;34.1;Tue Jul 16 2019 08:01:37 GMT+0200 (CEST);Tue Jul 16 2019 06:01:37 GMT+0200 (CEST);1563256897000;1.46;320.9
1380556833984591;22.5;33.9;Tue Jul 16 2019 08:03:33 GMT+0200 (CEST);Tue Jul 16 2019 06:03:33 GMT+0200 (CEST);1563257013000;1.38;324.9
1380556833984591;22.5;34;Tue Jul 16 2019 08:05:34 GMT+0200 (CEST);Tue Jul 16 2019 06:05:34 GMT+0200 (CEST);1563257134000;1.72;373.75
1380556833984591;23;34;Tue Jul 16 2019 08:07:24 GMT+0200 (CEST);Tue Jul 16 2019 06:07:24 GMT+0200 (CEST);1563257244000;1.8;386.55
1380556833984591;23;34.1;Tue Jul 16 2019 08:09:18 GMT+0200 (CEST);Tue Jul 16 2019 06:09:18 GMT+0200 (CEST);1563257358000;1.94;422.39
1380556833984591;23;34.2;Tue Jul 16 2019 08:11:27 GMT+0200 (CEST);Tue Jul 16 2019 06:11:27 GMT+0200 (CEST);1563257487000;2.08;445.43
1380556833984591;23;34.2;Tue Jul 16 2019 08:13:21 GMT+0200 (CEST);Tue Jul 16 2019 06:13:21 GMT+0200 (CEST);1563257601000;2.23;476.15
1380556833984591;23;34.6;Tue Jul 16 2019 08:15:14 GMT+0200 (CEST);Tue Jul 16 2019 06:15:14 GMT+0200 (CEST);1563257714000;2.38;504.31
1380556833984591;25;34.3;Tue Jul 16 2019 08:17:04 GMT+0200 (CEST);Tue Jul 16 2019 06:17:04 GMT+0200 (CEST);1563257824000;2.29;488.95
1380556833984591;25;34.2;Tue Jul 16 2019 08:19:21 GMT+0200 (CEST);Tue Jul 16 2019 06:19:21 GMT+0200 (CEST);1563257961000;1.54;295.31
1380556833984591;26.5;34.3;Tue Jul 16 2019 08:21:12 GMT+0200 (CEST);Tue Jul 16 2019 06:21:12 GMT+0200 (CEST);1563258072000;1.18;216.25
1380556833984591;26.5;33;Tue Jul 16 2019 08:22:53 GMT+0200 (CEST);Tue Jul 16 2019 06:22:53 GMT+0200 (CEST);1563258173000;0.93;192.66
1380556833984591;26.5;33.4;Tue Jul 16 2019 08:24:41 GMT+0200 (CEST);Tue Jul 16 2019 06:24:41 GMT+0200 (CEST);1563258281000;0.96;201.88
1380556833984591;26.5;33.7;Tue Jul 16 2019 08:26:33 GMT+0200 (CEST);Tue Jul 16 2019 06:26:33 GMT+0200 (CEST);1563258393000;1.06;225.97
1380556833984591;26.5;34;Tue Jul 16 2019 08:28:26 GMT+0200 (CEST);Tue Jul 16 2019 06:28:26 GMT+0200 (CEST);1563258506000;1.09;222.38
1380556833984591;26.5;34;Tue Jul 16 2019 08:30:16 GMT+0200 (CEST);Tue Jul 16 2019 06:30:16 GMT+0200 (CEST);1563258616000;0.83;171.53
1380556833984591;26.5;33.4;Tue Jul 16 2019 08:32:07 GMT+0200 (CEST);Tue Jul 16 2019 06:32:07 GMT+0200 (CEST);1563258727000;0.75;165.61
1380556833984591;25;33.6;Tue Jul 16 2019 08:34:42 GMT+0200 (CEST);Tue Jul 16 2019 06:34:42 GMT+0200 (CEST);1563258882000;0.73;158.49
1380556833984591;25;33.5;Tue Jul 16 2019 08:36:38 GMT+0200 (CEST);Tue Jul 16 2019 06:36:38 GMT+0200 (CEST);1563258998000;0.75;163.22
1380556833984591;25;33.9;Tue Jul 16 2019 08:38:31 GMT+0200 (CEST);Tue Jul 16 2019 06:38:31 GMT+0200 (CEST);1563259111000;0.84;183.23
1380556833984591;25;34.1;Tue Jul 16 2019 08:40:23 GMT+0200 (CEST);Tue Jul 16 2019 06:40:23 GMT+0200 (CEST);1563259223000;1.06;234.84
1380556833984591;25;34.3;Tue Jul 16 2019 08:42:14 GMT+0200 (CEST);Tue Jul 16 2019 06:42:14 GMT+0200 (CEST);1563259334000;1.12;241.47
1380556833984591;25;34.7;Tue Jul 16 2019 08:44:11 GMT+0200 (CEST);Tue Jul 16 2019 06:44:11 GMT+0200 (CEST);1563259451000;1.08;224.48
1380556833984591;25;34.6;Tue Jul 16 2019 08:46:15 GMT+0200 (CEST);Tue Jul 16 2019 06:46:15 GMT+0200 (CEST);1563259575000;1.07;229.87
1380556833984591;25;34.5;Tue Jul 16 2019 08:48:06 GMT+0200 (CEST);Tue Jul 16 2019 06:48:06 GMT+0200 (CEST);1563259686000;1.17;254.89
1380556833984591;25;34.8;Tue Jul 16 2019 08:50:27 GMT+0200 (CEST);Tue Jul 16 2019 06:50:27 GMT+0200 (CEST);1563259827000;1.4;335.35
1380556833984591;25;34.4;Tue Jul 16 2019 08:52:23 GMT+0200 (CEST);Tue Jul 16 2019 06:52:23 GMT+0200 (CEST);1563259943000;1.06;237.31
1380556833984591;25;34.4;Tue Jul 16 2019 08:54:28 GMT+0200 (CEST);Tue Jul 16 2019 06:54:28 GMT+0200 (CEST);1563260068000;0.96;208.47
1380556833984591;25;34.2;Tue Jul 16 2019 08:56:23 GMT+0200 (CEST);Tue Jul 16 2019 06:56:23 GMT+0200 (CEST);1563260183000;0.84;180.84
1380556833984591;25;33.8;Tue Jul 16 2019 08:58:15 GMT+0200 (CEST);Tue Jul 16 2019 06:58:15 GMT+0200 (CEST);1563260295000;0.84;183.36
1380556833984591;25;33.8;Tue Jul 16 2019 09:00:06 GMT+0200 (CEST);Tue Jul 16 2019 07:00:06 GMT+0200 (CEST);1563260406000;0.86;186.82
1380556833984591;25;33.9;Tue Jul 16 2019 09:01:59 GMT+0200 (CEST);Tue Jul 16 2019 07:01:59 GMT+0200 (CEST);1563260519000;0.86;186.62
1380556833984591;24.5;33.9;Tue Jul 16 2019 09:03:49 GMT+0200 (CEST);Tue Jul 16 2019 07:03:49 GMT+0200 (CEST);1563260629000;0.83;182.44
1380556833984591;24.5;34.2;Tue Jul 16 2019 09:05:41 GMT+0200 (CEST);Tue Jul 16 2019 07:05:41 GMT+0200 (CEST);1563260741000;0.86;191.55
1380556833984591;24.5;34.5;Tue Jul 16 2019 09:07:38 GMT+0200 (CEST);Tue Jul 16 2019 07:07:38 GMT+0200 (CEST);1563260858000;0.94;204.38
1380556833984591;25;34.5;Tue Jul 16 2019 09:09:39 GMT+0200 (CEST);Tue Jul 16 2019 07:09:39 GMT+0200 (CEST);1563260979000;0.96;211.02
1380556833984591;25;34.5;Tue Jul 16 2019 09:11:30 GMT+0200 (CEST);Tue Jul 16 2019 07:11:30 GMT+0200 (CEST);1563261090000;0.96;211.16
1380556833984591;24.5;34.5;Tue Jul 16 2019 09:13:22 GMT+0200 (CEST);Tue Jul 16 2019 07:13:22 GMT+0200 (CEST);1563261202000;1.04;226.99
1380556833984591;24.5;34.6;Tue Jul 16 2019 09:15:16 GMT+0200 (CEST);Tue Jul 16 2019 07:15:16 GMT+0200 (CEST);1563261316000;1.14;247.57
1380556833984591;24.5;34.7;Tue Jul 16 2019 09:17:10 GMT+0200 (CEST);Tue Jul 16 2019 07:17:10 GMT+0200 (CEST);1563261430000;1.28;272.82
1380556833984591;25;34.7;Tue Jul 16 2019 09:19:07 GMT+0200 (CEST);Tue Jul 16 2019 07:19:07 GMT+0200 (CEST);1563261547000;1.45;305.71
1380556833984591;25;34.6;Tue Jul 16 2019 09:21:22 GMT+0200 (CEST);Tue Jul 16 2019 07:21:22 GMT+0200 (CEST);1563261682000;1.32;273.97
1380556833984591;25;34.3;Tue Jul 16 2019 09:23:57 GMT+0200 (CEST);Tue Jul 16 2019 07:23:57 GMT+0200 (CEST);1563261837000;1.14;248.28
1380556833984591;25;34.4;Tue Jul 16 2019 09:25:49 GMT+0200 (CEST);Tue Jul 16 2019 07:25:49 GMT+0200 (CEST);1563261949000;1.24;267.64
1380556833984591;25;34.4;Tue Jul 16 2019 09:27:41 GMT+0200 (CEST);Tue Jul 16 2019 07:27:41 GMT+0200 (CEST);1563262061000;1.38;316.59
1380556833984591;25;34.4;Tue Jul 16 2019 09:29:39 GMT+0200 (CEST);Tue Jul 16 2019 07:29:39 GMT+0200 (CEST);1563262179000;1.26;271.57
1380556833984591;26.5;34.4;Tue Jul 16 2019 09:31:31 GMT+0200 (CEST);Tue Jul 16 2019 07:31:31 GMT+0200 (CEST);1563262291000;1.21;261.19
1380556833984591;26.5;34.3;Tue Jul 16 2019 09:33:23 GMT+0200 (CEST);Tue Jul 16 2019 07:33:23 GMT+0200 (CEST);1563262403000;1.23;265.82
1380556833984591;26.5;34.4;Tue Jul 16 2019 09:35:15 GMT+0200 (CEST);Tue Jul 16 2019 07:35:15 GMT+0200 (CEST);1563262515000;1.17;254.89
1380556833984591;26.5;34.3;Tue Jul 16 2019 09:37:44 GMT+0200 (CEST);Tue Jul 16 2019 07:37:44 GMT+0200 (CEST);1563262664000;1.03;220.5
1380556833984591;26.5;34.1;Tue Jul 16 2019 09:39:32 GMT+0200 (CEST);Tue Jul 16 2019 07:39:32 GMT+0200 (CEST);1563262772000;0.91;197.11
1380556833984591;26.5;34;Tue Jul 16 2019 09:41:26 GMT+0200 (CEST);Tue Jul 16 2019 07:41:26 GMT+0200 (CEST);1563262886000;0.96;220.69
1380556833984591;26.5;34.5;Tue Jul 16 2019 09:43:20 GMT+0200 (CEST);Tue Jul 16 2019 07:43:20 GMT+0200 (CEST);1563263000000;3.42;711.78
1380556833984591;26.5;35.2;Tue Jul 16 2019 09:45:11 GMT+0200 (CEST);Tue Jul 16 2019 07:45:11 GMT+0200 (CEST);1563263111000;2.02;501.75
1380556833984591;26.5;34.3;Tue Jul 16 2019 09:47:07 GMT+0200 (CEST);Tue Jul 16 2019 07:47:07 GMT+0200 (CEST);1563263227000;1.92;412.15
1380556833984591;26.5;34.4;Tue Jul 16 2019 09:49:00 GMT+0200 (CEST);Tue Jul 16 2019 07:49:00 GMT+0200 (CEST);1563263340000;4.93;981.49
1380556833984591;27;34.7;Tue Jul 16 2019 09:50:51 GMT+0200 (CEST);Tue Jul 16 2019 07:50:51 GMT+0200 (CEST);1563263451000;2.31;575.99
1380556833984591;27;33.3;Tue Jul 16 2019 09:53:08 GMT+0200 (CEST);Tue Jul 16 2019 07:53:08 GMT+0200 (CEST);1563263588000;1.66;340.47
1380556833984591;27;33.8;Tue Jul 16 2019 09:55:23 GMT+0200 (CEST);Tue Jul 16 2019 07:55:23 GMT+0200 (CEST);1563263723000;1.65;337.91
1380556833984591;29;33.5;Tue Jul 16 2019 09:57:14 GMT+0200 (CEST);Tue Jul 16 2019 07:57:14 GMT+0200 (CEST);1563263834000;1.69;355.83
1380556833984591;29;33.6;Tue Jul 16 2019 09:59:04 GMT+0200 (CEST);Tue Jul 16 2019 07:59:04 GMT+0200 (CEST);1563263944000;1.75;363.51
1380556833984591;29;33.9;Tue Jul 16 2019 10:00:55 GMT+0200 (CEST);Tue Jul 16 2019 08:00:55 GMT+0200 (CEST);1563264055000;1.73;366.07
1380556833984591;29;34;Tue Jul 16 2019 10:02:56 GMT+0200 (CEST);Tue Jul 16 2019 08:02:56 GMT+0200 (CEST);1563264176000;1.81;376.31
1380556833984591;29;33.9;Tue Jul 16 2019 10:04:49 GMT+0200 (CEST);Tue Jul 16 2019 08:04:49 GMT+0200 (CEST);1563264289000;1.64;348.15
1380556833984591;30.5;34;Tue Jul 16 2019 10:06:40 GMT+0200 (CEST);Tue Jul 16 2019 08:06:40 GMT+0200 (CEST);1563264400000;1.55;332.79
1380556833984591;30.5;33.9;Tue Jul 16 2019 10:08:35 GMT+0200 (CEST);Tue Jul 16 2019 08:08:35 GMT+0200 (CEST);1563264515000;1.46;310.12
1380556833984591;29;34;Tue Jul 16 2019 10:10:44 GMT+0200 (CEST);Tue Jul 16 2019 08:10:44 GMT+0200 (CEST);1563264644000;1.45;307.23
1380556833984591;29;34;Tue Jul 16 2019 10:12:35 GMT+0200 (CEST);Tue Jul 16 2019 08:12:35 GMT+0200 (CEST);1563264755000;1.44;312.96
1380556833984591;29;34.3;Tue Jul 16 2019 10:14:41 GMT+0200 (CEST);Tue Jul 16 2019 08:14:41 GMT+0200 (CEST);1563264881000;4.52;951.33
1380556833984591;30.5;34;Tue Jul 16 2019 10:16:34 GMT+0200 (CEST);Tue Jul 16 2019 08:16:34 GMT+0200 (CEST);1563264994000;4.5;929.61
1380556833984591;30.5;33.2;Tue Jul 16 2019 10:18:25 GMT+0200 (CEST);Tue Jul 16 2019 08:18:25 GMT+0200 (CEST);1563265105000;4.69;964.38
1380556833984591;30.5;32.9;Tue Jul 16 2019 10:20:32 GMT+0200 (CEST);Tue Jul 16 2019 08:20:32 GMT+0200 (CEST);1563265232000;4.98;1031.67
1380556833984591;31.1;32.6;Tue Jul 16 2019 10:22:24 GMT+0200 (CEST);Tue Jul 16 2019 08:22:24 GMT+0200 (CEST);1563265344000;2.09;629.75
1380556833984591;31.1;31.9;Tue Jul 16 2019 10:24:15 GMT+0200 (CEST);Tue Jul 16 2019 08:24:15 GMT+0200 (CEST);1563265455000;4.81;969.24
1380556833984591;31.1;33;Tue Jul 16 2019 10:26:06 GMT+0200 (CEST);Tue Jul 16 2019 08:26:06 GMT+0200 (CEST);1563265566000;4.39;820.19
1380556833984591;31.1;32.6;Tue Jul 16 2019 10:28:00 GMT+0200 (CEST);Tue Jul 16 2019 08:28:00 GMT+0200 (CEST);1563265680000;4.51;913.49
1380556833984591;34.6;32.7;Tue Jul 16 2019 10:29:53 GMT+0200 (CEST);Tue Jul 16 2019 08:29:53 GMT+0200 (CEST);1563265793000;4.71;985.59
1380556833984591;34.6;32.8;Tue Jul 16 2019 10:31:51 GMT+0200 (CEST);Tue Jul 16 2019 08:31:51 GMT+0200 (CEST);1563265911000;4.85;906.84
1380556833984591;36.6;32.1;Tue Jul 16 2019 10:33:43 GMT+0200 (CEST);Tue Jul 16 2019 08:33:43 GMT+0200 (CEST);1563266023000;1.79;419.83
1380556833984591;36.6;32;Tue Jul 16 2019 10:35:34 GMT+0200 (CEST);Tue Jul 16 2019 08:35:34 GMT+0200 (CEST);1563266134000;3.12;885.81
1380556833984591;36.6;33.3;Tue Jul 16 2019 10:37:28 GMT+0200 (CEST);Tue Jul 16 2019 08:37:28 GMT+0200 (CEST);1563266248000;2.25;671.24
1380556833984591;36.6;32.9;Tue Jul 16 2019 10:39:20 GMT+0200 (CEST);Tue Jul 16 2019 08:39:20 GMT+0200 (CEST);1563266360000;3.92;932.73
1380556833984591;36.6;32.4;Tue Jul 16 2019 10:41:33 GMT+0200 (CEST);Tue Jul 16 2019 08:41:33 GMT+0200 (CEST);1563266493000;4.79;990.71
1380556833984591;36.6;32.5;Tue Jul 16 2019 10:43:23 GMT+0200 (CEST);Tue Jul 16 2019 08:43:23 GMT+0200 (CEST);1563266603000;5.2;637.43
1380556833984591;36.6;32.6;Tue Jul 16 2019 10:45:14 GMT+0200 (CEST);Tue Jul 16 2019 08:45:14 GMT+0200 (CEST);1563266714000;1.44;296.91
1380556833984591;37.1;31.6;Tue Jul 16 2019 10:47:05 GMT+0200 (CEST);Tue Jul 16 2019 08:47:05 GMT+0200 (CEST);1563266825000;1.17;249.86
1380556833984591;37.1;32.2;Tue Jul 16 2019 10:49:26 GMT+0200 (CEST);Tue Jul 16 2019 08:49:26 GMT+0200 (CEST);1563266966000;3.31;321.65
1380556833984591;37.1;34.1;Tue Jul 16 2019 10:51:20 GMT+0200 (CEST);Tue Jul 16 2019 08:51:20 GMT+0200 (CEST);1563267080000;3.58;961.96
1380556833984591;36.6;33.2;Tue Jul 16 2019 10:53:13 GMT+0200 (CEST);Tue Jul 16 2019 08:53:13 GMT+0200 (CEST);1563267193000;4.67;960.46
1380556833984591;36.6;33;Tue Jul 16 2019 10:55:05 GMT+0200 (CEST);Tue Jul 16 2019 08:55:05 GMT+0200 (CEST);1563267305000;4.63;946.85
1380556833984591;36.6;32.8;Tue Jul 16 2019 10:57:05 GMT+0200 (CEST);Tue Jul 16 2019 08:57:05 GMT+0200 (CEST);1563267425000;4.52;937.71
1380556833984591;36.6;32.5;Tue Jul 16 2019 10:58:57 GMT+0200 (CEST);Tue Jul 16 2019 08:58:57 GMT+0200 (CEST);1563267537000;4.59;947.99
1380556833984591;36.6;32.6;Tue Jul 16 2019 11:00:49 GMT+0200 (CEST);Tue Jul 16 2019 09:00:49 GMT+0200 (CEST);1563267649000;4.83;998.39
1380556833984591;36.6;32.6;Tue Jul 16 2019 11:02:49 GMT+0200 (CEST);Tue Jul 16 2019 09:02:49 GMT+0200 (CEST);1563267769000;1.67;394.23
1380556833984591;36.6;32.1;Tue Jul 16 2019 11:04:58 GMT+0200 (CEST);Tue Jul 16 2019 09:04:58 GMT+0200 (CEST);1563267898000;3.73;742.2
1380556833984591;38.6;32.6;Tue Jul 16 2019 11:06:57 GMT+0200 (CEST);Tue Jul 16 2019 09:06:57 GMT+0200 (CEST);1563268017000;5.08;437.75
1380556833984591;38.6;33;Tue Jul 16 2019 11:08:48 GMT+0200 (CEST);Tue Jul 16 2019 09:08:48 GMT+0200 (CEST);1563268128000;5.17;1034.23
1380556833984591;38.6;32.3;Tue Jul 16 2019 11:10:41 GMT+0200 (CEST);Tue Jul 16 2019 09:10:41 GMT+0200 (CEST);1563268241000;4.97;1021.43
1380556833984591;38.6;32.1;Tue Jul 16 2019 11:12:50 GMT+0200 (CEST);Tue Jul 16 2019 09:12:50 GMT+0200 (CEST);1563268370000;5;816.42
1380556833984591;38.6;32.3;Tue Jul 16 2019 11:14:42 GMT+0200 (CEST);Tue Jul 16 2019 09:14:42 GMT+0200 (CEST);1563268482000;1.49;295.85
1380556833984591;38.6;32.4;Tue Jul 16 2019 11:16:34 GMT+0200 (CEST);Tue Jul 16 2019 09:16:34 GMT+0200 (CEST);1563268594000;5.01;1023.99
1380556833984591;38.6;32.4;Tue Jul 16 2019 11:18:25 GMT+0200 (CEST);Tue Jul 16 2019 09:18:25 GMT+0200 (CEST);1563268705000;4.93;609.27
1380556833984591;38.6;31.7;Tue Jul 16 2019 11:20:19 GMT+0200 (CEST);Tue Jul 16 2019 09:20:19 GMT+0200 (CEST);1563268819000;0.9;190.57
1380556833984591;38.6;32.5;Tue Jul 16 2019 11:22:30 GMT+0200 (CEST);Tue Jul 16 2019 09:22:30 GMT+0200 (CEST);1563268950000;4.75;988.15
1380556833984591;38.6;32.5;Tue Jul 16 2019 11:24:22 GMT+0200 (CEST);Tue Jul 16 2019 09:24:22 GMT+0200 (CEST);1563269062000;4.78;969.44
1380556833984591;38.6;32.3;Tue Jul 16 2019 11:26:14 GMT+0200 (CEST);Tue Jul 16 2019 09:26:14 GMT+0200 (CEST);1563269174000;1.21;609.27
1380556833984591;38.6;32.1;Tue Jul 16 2019 11:28:05 GMT+0200 (CEST);Tue Jul 16 2019 09:28:05 GMT+0200 (CEST);1563269285000;4.81;985.59
1380556833984591;39.1;31.8;Tue Jul 16 2019 11:29:58 GMT+0200 (CEST);Tue Jul 16 2019 09:29:58 GMT+0200 (CEST);1563269398000;4.74;967.38
1380556833984591;39.1;31.7;Tue Jul 16 2019 11:31:52 GMT+0200 (CEST);Tue Jul 16 2019 09:31:52 GMT+0200 (CEST);1563269512000;4.95;998.39
1380556833984591;40.6;31.5;Tue Jul 16 2019 11:33:43 GMT+0200 (CEST);Tue Jul 16 2019 09:33:43 GMT+0200 (CEST);1563269623000;4.88;982.91
1380556833984591;40.6;31.5;Tue Jul 16 2019 11:35:41 GMT+0200 (CEST);Tue Jul 16 2019 09:35:41 GMT+0200 (CEST);1563269741000;4.86;985.59
1380556833984591;41.1;31.7;Tue Jul 16 2019 11:37:32 GMT+0200 (CEST);Tue Jul 16 2019 09:37:32 GMT+0200 (CEST);1563269852000;4.89;1018.87
1380556833984591;41.1;31.9;Tue Jul 16 2019 11:39:29 GMT+0200 (CEST);Tue Jul 16 2019 09:39:29 GMT+0200 (CEST);1563269969000;1.04;264.81
1380556833984591;41.1;32;Tue Jul 16 2019 11:41:33 GMT+0200 (CEST);Tue Jul 16 2019 09:41:33 GMT+0200 (CEST);1563270093000;4.95;998.39
1380556833984591;42.6;31.8;Tue Jul 16 2019 11:43:25 GMT+0200 (CEST);Tue Jul 16 2019 09:43:25 GMT+0200 (CEST);1563270205000;4.84;993.27
1380556833984591;-273.2;39;Tue Jul 16 2019 11:44:52 GMT+0200 (CEST);Tue Jul 16 2019 09:44:52 GMT+0200 (CEST);1563270292000;0;993.27
1380556833984591;42.6;39;Tue Jul 16 2019 11:45:15 GMT+0200 (CEST);Tue Jul 16 2019 09:45:15 GMT+0200 (CEST);1563270315000;0;998.39
1380556833984591;45.2;39.8;Tue Jul 16 2019 11:46:43 GMT+0200 (CEST);Tue Jul 16 2019 09:46:43 GMT+0200 (CEST);1563270403000;0;988.15
1380556833984591;45.2;39.8;Tue Jul 16 2019 11:47:06 GMT+0200 (CEST);Tue Jul 16 2019 09:47:06 GMT+0200 (CEST);1563270426000;0;988.15
1380556833984591;45.2;39.5;Tue Jul 16 2019 11:49:14 GMT+0200 (CEST);Tue Jul 16 2019 09:49:14 GMT+0200 (CEST);1563270554000;0;1000.95
1380556833984591;45.2;39.5;Tue Jul 16 2019 11:49:38 GMT+0200 (CEST);Tue Jul 16 2019 09:49:38 GMT+0200 (CEST);1563270578000;0;998.39
1380556833984591;45.2;39.4;Tue Jul 16 2019 11:51:15 GMT+0200 (CEST);Tue Jul 16 2019 09:51:15 GMT+0200 (CEST);1563270675000;0;998.39
1380556833984591;45.2;39.4;Tue Jul 16 2019 11:51:38 GMT+0200 (CEST);Tue Jul 16 2019 09:51:38 GMT+0200 (CEST);1563270698000;0;1000.95
1380556833984591;45.2;39.2;Tue Jul 16 2019 11:53:07 GMT+0200 (CEST);Tue Jul 16 2019 09:53:07 GMT+0200 (CEST);1563270787000;0;1008.63
1380556833984591;45.2;39.2;Tue Jul 16 2019 11:53:32 GMT+0200 (CEST);Tue Jul 16 2019 09:53:32 GMT+0200 (CEST);1563270812000;0;1006.07
1380556833984591;48.2;39.1;Tue Jul 16 2019 11:57:16 GMT+0200 (CEST);Tue Jul 16 2019 09:57:16 GMT+0200 (CEST);1563271036000;0;998.39
1380556833984591;48.2;39.1;Tue Jul 16 2019 11:57:39 GMT+0200 (CEST);Tue Jul 16 2019 09:57:39 GMT+0200 (CEST);1563271059000;0;998.39
1380556833984591;48.2;39;Tue Jul 16 2019 11:59:19 GMT+0200 (CEST);Tue Jul 16 2019 09:59:19 GMT+0200 (CEST);1563271159000;0;993.27
1380556833984591;48.2;39;Tue Jul 16 2019 11:59:42 GMT+0200 (CEST);Tue Jul 16 2019 09:59:42 GMT+0200 (CEST);1563271182000;0;998.39
1380556833984591;51.2;38.9;Tue Jul 16 2019 12:01:15 GMT+0200 (CEST);Tue Jul 16 2019 10:01:15 GMT+0200 (CEST);1563271275000;0;1021.43
1380556833984591;51.2;38.8;Tue Jul 16 2019 12:01:38 GMT+0200 (CEST);Tue Jul 16 2019 10:01:38 GMT+0200 (CEST);1563271298000;0;1029.11
1380556833984591;51.2;38.7;Tue Jul 16 2019 12:03:15 GMT+0200 (CEST);Tue Jul 16 2019 10:03:15 GMT+0200 (CEST);1563271395000;0;993.27
1380556833984591;51.2;38.7;Tue Jul 16 2019 12:03:38 GMT+0200 (CEST);Tue Jul 16 2019 10:03:38 GMT+0200 (CEST);1563271418000;0;993.27
1380556833984591;47.2;31.4;Tue Jul 16 2019 12:20:50 GMT+0200 (CEST);Tue Jul 16 2019 10:20:50 GMT+0200 (CEST);1563272450000;4.91;1011.19
1380556833984591;47.2;31.2;Tue Jul 16 2019 12:38:03 GMT+0200 (CEST);Tue Jul 16 2019 10:38:03 GMT+0200 (CEST);1563273483000;4.89;1013.75
1380556833984591;46.7;31.5;Tue Jul 16 2019 12:56:45 GMT+0200 (CEST);Tue Jul 16 2019 10:56:45 GMT+0200 (CEST);1563274605000;4.92;1016.31
1380556833984591;46.7;31.4;Tue Jul 16 2019 12:58:56 GMT+0200 (CEST);Tue Jul 16 2019 10:58:56 GMT+0200 (CEST);1563274736000;4.97;1023.99
1380556833984591;46.7;31.2;Tue Jul 16 2019 13:00:51 GMT+0200 (CEST);Tue Jul 16 2019 11:00:51 GMT+0200 (CEST);1563274851000;4.95;1021.43
1380556833984591;46.7;31.1;Tue Jul 16 2019 13:02:44 GMT+0200 (CEST);Tue Jul 16 2019 11:02:44 GMT+0200 (CEST);1563274964000;5;1021.43
1380556833984591;47.2;31.1;Tue Jul 16 2019 13:05:12 GMT+0200 (CEST);Tue Jul 16 2019 11:05:12 GMT+0200 (CEST);1563275112000;5.07;1026.55
1380556833984591;47.2;31.2;Tue Jul 16 2019 13:07:37 GMT+0200 (CEST);Tue Jul 16 2019 11:07:37 GMT+0200 (CEST);1563275257000;4.94;1003.51
1380556833984591;47.2;31.1;Tue Jul 16 2019 13:09:45 GMT+0200 (CEST);Tue Jul 16 2019 11:09:45 GMT+0200 (CEST);1563275385000;4.98;1016.31
1380556833984591;47.2;31.1;Tue Jul 16 2019 13:11:39 GMT+0200 (CEST);Tue Jul 16 2019 11:11:39 GMT+0200 (CEST);1563275499000;4.93;1013.75
1380556833984591;47.2;31.1;Tue Jul 16 2019 13:13:33 GMT+0200 (CEST);Tue Jul 16 2019 11:13:33 GMT+0200 (CEST);1563275613000;5.02;1023.99
1380556833984591;47.2;31.2;Tue Jul 16 2019 13:15:28 GMT+0200 (CEST);Tue Jul 16 2019 11:15:28 GMT+0200 (CEST);1563275728000;4.91;1016.31
1380556833984591;47.2;31.1;Tue Jul 16 2019 13:17:23 GMT+0200 (CEST);Tue Jul 16 2019 11:17:23 GMT+0200 (CEST);1563275843000;4.97;1018.87
1380556833984591;47.2;31.1;Tue Jul 16 2019 13:19:17 GMT+0200 (CEST);Tue Jul 16 2019 11:19:17 GMT+0200 (CEST);1563275957000;4.9;1011.19
1380556833984591;47.2;31.2;Tue Jul 16 2019 13:21:57 GMT+0200 (CEST);Tue Jul 16 2019 11:21:57 GMT+0200 (CEST);1563276117000;4.98;1018.87
1380556833984591;48.2;31;Tue Jul 16 2019 13:23:51 GMT+0200 (CEST);Tue Jul 16 2019 11:23:51 GMT+0200 (CEST);1563276231000;4.98;1016.31
1380556833984591;48.2;31;Tue Jul 16 2019 13:25:50 GMT+0200 (CEST);Tue Jul 16 2019 11:25:50 GMT+0200 (CEST);1563276350000;4.95;1018.87
1380556833984591;48.2;31;Tue Jul 16 2019 13:28:15 GMT+0200 (CEST);Tue Jul 16 2019 11:28:15 GMT+0200 (CEST);1563276495000;4.96;1013.75
1380556833984591;48.2;30.9;Tue Jul 16 2019 13:30:08 GMT+0200 (CEST);Tue Jul 16 2019 11:30:08 GMT+0200 (CEST);1563276608000;4.84;1003.51
1380556833984591;48.2;31.1;Tue Jul 16 2019 13:32:13 GMT+0200 (CEST);Tue Jul 16 2019 11:32:13 GMT+0200 (CEST);1563276733000;4.94;1011.19
1380556833984591;48.2;31.1;Tue Jul 16 2019 13:34:16 GMT+0200 (CEST);Tue Jul 16 2019 11:34:16 GMT+0200 (CEST);1563276856000;4.85;1006.07
1380556833984591;48.2;31.1;Tue Jul 16 2019 13:36:48 GMT+0200 (CEST);Tue Jul 16 2019 11:36:48 GMT+0200 (CEST);1563277008000;4.95;1013.75
1380556833984591;48.2;31.3;Tue Jul 16 2019 13:38:42 GMT+0200 (CEST);Tue Jul 16 2019 11:38:42 GMT+0200 (CEST);1563277122000;4.88;1011.19
1380556833984591;48.2;31.3;Tue Jul 16 2019 13:40:38 GMT+0200 (CEST);Tue Jul 16 2019 11:40:38 GMT+0200 (CEST);1563277238000;4.91;1016.31
1380556833984591;48.2;31.3;Tue Jul 16 2019 13:42:34 GMT+0200 (CEST);Tue Jul 16 2019 11:42:34 GMT+0200 (CEST);1563277354000;4.87;1008.63
1380556833984591;48.2;31.2;Tue Jul 16 2019 13:44:32 GMT+0200 (CEST);Tue Jul 16 2019 11:44:32 GMT+0200 (CEST);1563277472000;4.87;995.83
1380556833984591;48.2;31.2;Tue Jul 16 2019 13:46:29 GMT+0200 (CEST);Tue Jul 16 2019 11:46:29 GMT+0200 (CEST);1563277589000;4.86;995.83
1380556833984591;48.2;31;Tue Jul 16 2019 13:48:24 GMT+0200 (CEST);Tue Jul 16 2019 11:48:24 GMT+0200 (CEST);1563277704000;4.89;998.39
1380556833984591;36.6;40.2;Fri Jul 19 2019 11:43:03 GMT+0200 (CEST);Fri Jul 19 2019 09:43:03 GMT+0200 (CEST);1563529383000;0;988.15
1380556833984591;39.1;39.2;Fri Jul 19 2019 11:50:05 GMT+0200 (CEST);Fri Jul 19 2019 09:50:05 GMT+0200 (CEST);1563529805000;0;988.15
1380556833984591;39.1;39.2;Fri Jul 19 2019 11:51:56 GMT+0200 (CEST);Fri Jul 19 2019 09:51:56 GMT+0200 (CEST);1563529916000;0;988.15
1380556833984591;-273.2;39.3;Fri Jul 19 2019 11:53:56 GMT+0200 (CEST);Fri Jul 19 2019 09:53:56 GMT+0200 (CEST);1563530036000;0;988.15
1380556833984591;-273.2;39.2;Fri Jul 19 2019 11:55:45 GMT+0200 (CEST);Fri Jul 19 2019 09:55:45 GMT+0200 (CEST);1563530145000;0;988.15
1380556833984591;43.1;39.2;Fri Jul 19 2019 11:57:40 GMT+0200 (CEST);Fri Jul 19 2019 09:57:40 GMT+0200 (CEST);1563530260000;0;988.15
1380556833984591;43.1;39.4;Fri Jul 19 2019 11:59:33 GMT+0200 (CEST);Fri Jul 19 2019 09:59:33 GMT+0200 (CEST);1563530373000;0;988.15
1380556833984591;-273.2;39.4;Fri Jul 19 2019 11:59:57 GMT+0200 (CEST);Fri Jul 19 2019 09:59:57 GMT+0200 (CEST);1563530397000;0;988.15
1380556833984591;43.1;39.4;Fri Jul 19 2019 12:01:26 GMT+0200 (CEST);Fri Jul 19 2019 10:01:26 GMT+0200 (CEST);1563530486000;0;988.15
1380556833984591;44.7;39.4;Fri Jul 19 2019 12:01:51 GMT+0200 (CEST);Fri Jul 19 2019 10:01:51 GMT+0200 (CEST);1563530511000;0;988.15
1380556833984591;44.7;39.3;Fri Jul 19 2019 12:03:18 GMT+0200 (CEST);Fri Jul 19 2019 10:03:18 GMT+0200 (CEST);1563530598000;0;988.15
1380556833984591;44.7;39.4;Fri Jul 19 2019 12:03:42 GMT+0200 (CEST);Fri Jul 19 2019 10:03:42 GMT+0200 (CEST);1563530622000;0;988.15
1380556833984591;44.7;39.3;Fri Jul 19 2019 12:05:10 GMT+0200 (CEST);Fri Jul 19 2019 10:05:10 GMT+0200 (CEST);1563530710000;0;988.15
1380556833984591;44.7;39.2;Fri Jul 19 2019 12:05:29 GMT+0200 (CEST);Fri Jul 19 2019 10:05:29 GMT+0200 (CEST);1563530729000;0;988.15
1380556833984591;44.7;39.2;Fri Jul 19 2019 12:07:13 GMT+0200 (CEST);Fri Jul 19 2019 10:07:13 GMT+0200 (CEST);1563530833000;2.2;988.15
1380556833984591;44.7;39.2;Fri Jul 19 2019 12:07:32 GMT+0200 (CEST);Fri Jul 19 2019 10:07:32 GMT+0200 (CEST);1563530852000;2.2;988.15
1380556833984591;44.7;39.2;Fri Jul 19 2019 12:09:15 GMT+0200 (CEST);Fri Jul 19 2019 10:09:15 GMT+0200 (CEST);1563530955000;2.19;988.15
1380556833984591;44.7;31.7;Fri Jul 19 2019 12:09:34 GMT+0200 (CEST);Fri Jul 19 2019 10:09:34 GMT+0200 (CEST);1563530974000;2.19;988.15
1380556833984591;44.7;31.9;Fri Jul 19 2019 12:11:25 GMT+0200 (CEST);Fri Jul 19 2019 10:11:25 GMT+0200 (CEST);1563531085000;2.13;988.15
1380556833984591;44.7;32.1;Fri Jul 19 2019 12:13:13 GMT+0200 (CEST);Fri Jul 19 2019 10:13:13 GMT+0200 (CEST);1563531193000;2.17;988.15
1380556833984591;44.7;32.2;Fri Jul 19 2019 12:15:01 GMT+0200 (CEST);Fri Jul 19 2019 10:15:01 GMT+0200 (CEST);1563531301000;2.13;988.15
1380556833984591;40.6;32.3;Fri Jul 19 2019 12:16:50 GMT+0200 (CEST);Fri Jul 19 2019 10:16:50 GMT+0200 (CEST);1563531410000;2.06;988.15
1380556833984591;40.6;32.4;Fri Jul 19 2019 12:18:38 GMT+0200 (CEST);Fri Jul 19 2019 10:18:38 GMT+0200 (CEST);1563531518000;2.04;988.15
1380556833984591;39.1;32.5;Fri Jul 19 2019 12:22:05 GMT+0200 (CEST);Fri Jul 19 2019 10:22:05 GMT+0200 (CEST);1563531725000;2.17;988.15
1380556833984591;39.1;32.5;Fri Jul 19 2019 12:24:01 GMT+0200 (CEST);Fri Jul 19 2019 10:24:01 GMT+0200 (CEST);1563531841000;2.41;988.15
1380556833984591;39.1;32.6;Fri Jul 19 2019 12:25:55 GMT+0200 (CEST);Fri Jul 19 2019 10:25:55 GMT+0200 (CEST);1563531955000;2.58;988.15
1380556833984591;39.1;32.5;Fri Jul 19 2019 12:28:04 GMT+0200 (CEST);Fri Jul 19 2019 10:28:04 GMT+0200 (CEST);1563532084000;2.53;988.15
1380556833984591;39.1;32.4;Fri Jul 19 2019 12:30:01 GMT+0200 (CEST);Fri Jul 19 2019 10:30:01 GMT+0200 (CEST);1563532201000;2.16;988.15
1380556833984591;39.1;32.4;Fri Jul 19 2019 12:31:58 GMT+0200 (CEST);Fri Jul 19 2019 10:31:58 GMT+0200 (CEST);1563532318000;2.06;988.15
1380556833984591;39.1;32.4;Fri Jul 19 2019 12:33:56 GMT+0200 (CEST);Fri Jul 19 2019 10:33:56 GMT+0200 (CEST);1563532436000;2.17;988.15
1380556833984591;39.1;32.5;Fri Jul 19 2019 12:36:23 GMT+0200 (CEST);Fri Jul 19 2019 10:36:23 GMT+0200 (CEST);1563532583000;2.83;988.15
1380556833984591;39.1;32.6;Fri Jul 19 2019 12:38:20 GMT+0200 (CEST);Fri Jul 19 2019 10:38:20 GMT+0200 (CEST);1563532700000;3.15;988.15
1380556833984591;39.1;32.6;Fri Jul 19 2019 12:40:15 GMT+0200 (CEST);Fri Jul 19 2019 10:40:15 GMT+0200 (CEST);1563532815000;3.52;988.15
1380556833984591;39.1;32.7;Fri Jul 19 2019 12:42:10 GMT+0200 (CEST);Fri Jul 19 2019 10:42:10 GMT+0200 (CEST);1563532930000;3.76;988.15
1380556833984591;39.1;31.8;Fri Jul 19 2019 12:44:03 GMT+0200 (CEST);Fri Jul 19 2019 10:44:03 GMT+0200 (CEST);1563533043000;3.51;988.15
1380556833984591;41.1;31.7;Fri Jul 19 2019 12:46:00 GMT+0200 (CEST);Fri Jul 19 2019 10:46:00 GMT+0200 (CEST);1563533160000;3.21;988.15
1380556833984591;41.1;31.7;Fri Jul 19 2019 12:47:53 GMT+0200 (CEST);Fri Jul 19 2019 10:47:53 GMT+0200 (CEST);1563533273000;3.31;988.15
1380556833984591;42.6;31.7;Fri Jul 19 2019 12:50:21 GMT+0200 (CEST);Fri Jul 19 2019 10:50:21 GMT+0200 (CEST);1563533421000;3.02;988.15
1380556833984591;42.6;31.8;Fri Jul 19 2019 12:52:29 GMT+0200 (CEST);Fri Jul 19 2019 10:52:29 GMT+0200 (CEST);1563533549000;2.99;988.15
1380556833984591;42.6;31.7;Fri Jul 19 2019 12:54:42 GMT+0200 (CEST);Fri Jul 19 2019 10:54:42 GMT+0200 (CEST);1563533682000;2.45;988.15
1380556833984591;43.1;31.7;Fri Jul 19 2019 12:56:52 GMT+0200 (CEST);Fri Jul 19 2019 10:56:52 GMT+0200 (CEST);1563533812000;2.21;988.15
1380556833984591;43.1;31.9;Fri Jul 19 2019 12:58:49 GMT+0200 (CEST);Fri Jul 19 2019 10:58:49 GMT+0200 (CEST);1563533929000;2.51;988.15
1380556833984591;43.1;32.2;Fri Jul 19 2019 13:00:44 GMT+0200 (CEST);Fri Jul 19 2019 11:00:44 GMT+0200 (CEST);1563534044000;0;988.15
1380556833984591;-273.2;36.7;Fri Jul 19 2019 13:02:15 GMT+0200 (CEST);Fri Jul 19 2019 11:02:15 GMT+0200 (CEST);1563534135000;0;988.15
1380556833984591;43.1;39.7;Fri Jul 19 2019 13:02:38 GMT+0200 (CEST);Fri Jul 19 2019 11:02:38 GMT+0200 (CEST);1563534158000;0;988.15
1380556833984591;46.7;39.5;Fri Jul 19 2019 13:04:55 GMT+0200 (CEST);Fri Jul 19 2019 11:04:55 GMT+0200 (CEST);1563534295000;0;988.15
1380556833984591;46.7;39.3;Fri Jul 19 2019 13:05:16 GMT+0200 (CEST);Fri Jul 19 2019 11:05:16 GMT+0200 (CEST);1563534316000;0;988.15
1380556833984591;-273.2;38.6;Fri Jul 19 2019 13:09:00 GMT+0200 (CEST);Fri Jul 19 2019 11:09:00 GMT+0200 (CEST);1563534540000;0;988.15
1380556833984591;48.2;38.6;Fri Jul 19 2019 13:09:20 GMT+0200 (CEST);Fri Jul 19 2019 11:09:20 GMT+0200 (CEST);1563534560000;0;988.15
1380556833984591;48.2;38.4;Fri Jul 19 2019 13:11:04 GMT+0200 (CEST);Fri Jul 19 2019 11:11:04 GMT+0200 (CEST);1563534664000;0;988.15
1380556833984591;48.2;38.6;Fri Jul 19 2019 13:11:24 GMT+0200 (CEST);Fri Jul 19 2019 11:11:24 GMT+0200 (CEST);1563534684000;0;988.15
1380556833984591;48.2;39;Fri Jul 19 2019 13:13:00 GMT+0200 (CEST);Fri Jul 19 2019 11:13:00 GMT+0200 (CEST);1563534780000;0;988.15
1380556833984591;48.2;38.8;Fri Jul 19 2019 13:13:21 GMT+0200 (CEST);Fri Jul 19 2019 11:13:21 GMT+0200 (CEST);1563534801000;0;988.15
1380556833984591;48.2;38.8;Fri Jul 19 2019 13:15:00 GMT+0200 (CEST);Fri Jul 19 2019 11:15:00 GMT+0200 (CEST);1563534900000;0;988.15
1380556833984591;48.2;39;Fri Jul 19 2019 13:15:20 GMT+0200 (CEST);Fri Jul 19 2019 11:15:20 GMT+0200 (CEST);1563534920000;0;988.15
1380556833984591;48.2;38.8;Fri Jul 19 2019 13:17:10 GMT+0200 (CEST);Fri Jul 19 2019 11:17:10 GMT+0200 (CEST);1563535030000;5.27;988.15
1380556833984591;48.2;31.5;Fri Jul 19 2019 13:17:31 GMT+0200 (CEST);Fri Jul 19 2019 11:17:31 GMT+0200 (CEST);1563535051000;5.27;988.15
1380556833984591;48.2;38.8;Fri Jul 19 2019 13:19:00 GMT+0200 (CEST);Fri Jul 19 2019 11:19:00 GMT+0200 (CEST);1563535140000;5.36;988.15
1380556833984591;48.2;31.5;Fri Jul 19 2019 13:19:20 GMT+0200 (CEST);Fri Jul 19 2019 11:19:20 GMT+0200 (CEST);1563535160000;5.36;988.15
1380556833984591;48.2;30.4;Fri Jul 19 2019 13:21:28 GMT+0200 (CEST);Fri Jul 19 2019 11:21:28 GMT+0200 (CEST);1563535288000;5.51;988.15
1380556833984591;48.2;30.4;Fri Jul 19 2019 13:23:24 GMT+0200 (CEST);Fri Jul 19 2019 11:23:24 GMT+0200 (CEST);1563535404000;3.02;988.15
1380556833984591;48.2;30.7;Fri Jul 19 2019 13:26:23 GMT+0200 (CEST);Fri Jul 19 2019 11:26:23 GMT+0200 (CEST);1563535583000;3.88;988.15
1380556833984591;48.2;31.2;Fri Jul 19 2019 13:28:35 GMT+0200 (CEST);Fri Jul 19 2019 11:28:35 GMT+0200 (CEST);1563535715000;5.93;988.15
1380556833984591;48.2;31.2;Fri Jul 19 2019 13:30:44 GMT+0200 (CEST);Fri Jul 19 2019 11:30:44 GMT+0200 (CEST);1563535844000;5.21;988.15
1380556833984591;48.2;30.7;Fri Jul 19 2019 13:32:58 GMT+0200 (CEST);Fri Jul 19 2019 11:32:58 GMT+0200 (CEST);1563535978000;4.35;988.15
1380556833984591;48.2;30.4;Fri Jul 19 2019 13:35:12 GMT+0200 (CEST);Fri Jul 19 2019 11:35:12 GMT+0200 (CEST);1563536112000;5.59;988.15
1380556833984591;48.2;30.4;Fri Jul 19 2019 13:37:16 GMT+0200 (CEST);Fri Jul 19 2019 11:37:16 GMT+0200 (CEST);1563536236000;5.62;988.15
1380556833984591;48.2;29.8;Fri Jul 19 2019 13:39:55 GMT+0200 (CEST);Fri Jul 19 2019 11:39:55 GMT+0200 (CEST);1563536395000;4.51;988.15
1380556833984591;48.2;30.8;Fri Jul 19 2019 13:42:08 GMT+0200 (CEST);Fri Jul 19 2019 11:42:08 GMT+0200 (CEST);1563536528000;4.76;988.15
1380556833984591;50.7;30.3;Fri Jul 19 2019 13:44:25 GMT+0200 (CEST);Fri Jul 19 2019 11:44:25 GMT+0200 (CEST);1563536665000;2.59;988.15
1380556833984591;50.7;30;Fri Jul 19 2019 13:46:29 GMT+0200 (CEST);Fri Jul 19 2019 11:46:29 GMT+0200 (CEST);1563536789000;1.93;988.15
1380556833984591;50.7;30.7;Fri Jul 19 2019 13:48:26 GMT+0200 (CEST);Fri Jul 19 2019 11:48:26 GMT+0200 (CEST);1563536906000;2.05;988.15
1380556833984591;50.7;31.3;Fri Jul 19 2019 13:50:27 GMT+0200 (CEST);Fri Jul 19 2019 11:50:27 GMT+0200 (CEST);1563537027000;2.69;988.15
1380556833984591;48.2;31.8;Fri Jul 19 2019 13:52:53 GMT+0200 (CEST);Fri Jul 19 2019 11:52:53 GMT+0200 (CEST);1563537173000;2.78;988.15
1380556833984591;48.2;31.7;Fri Jul 19 2019 13:55:13 GMT+0200 (CEST);Fri Jul 19 2019 11:55:13 GMT+0200 (CEST);1563537313000;2.99;988.15
1380556833984591;48.2;32.2;Fri Jul 19 2019 13:57:33 GMT+0200 (CEST);Fri Jul 19 2019 11:57:33 GMT+0200 (CEST);1563537453000;3.63;988.15
1380556833984591;47.2;31.3;Fri Jul 19 2019 13:59:49 GMT+0200 (CEST);Fri Jul 19 2019 11:59:49 GMT+0200 (CEST);1563537589000;3.36;988.15
1380556833984591;47.2;31.5;Fri Jul 19 2019 14:02:10 GMT+0200 (CEST);Fri Jul 19 2019 12:02:10 GMT+0200 (CEST);1563537730000;4.17;988.15
1380556833984591;47.2;31.4;Fri Jul 19 2019 14:04:16 GMT+0200 (CEST);Fri Jul 19 2019 12:04:16 GMT+0200 (CEST);1563537856000;2.84;988.15
1380556833984591;47.2;31.9;Fri Jul 19 2019 14:06:20 GMT+0200 (CEST);Fri Jul 19 2019 12:06:20 GMT+0200 (CEST);1563537980000;3.84;988.15
1380556833984591;46.7;31;Fri Jul 19 2019 14:08:20 GMT+0200 (CEST);Fri Jul 19 2019 12:08:20 GMT+0200 (CEST);1563538100000;2.25;988.15
1380556833984591;46.7;31.3;Fri Jul 19 2019 14:10:15 GMT+0200 (CEST);Fri Jul 19 2019 12:10:15 GMT+0200 (CEST);1563538215000;2.11;988.15
1380556833984591;46.7;31.5;Fri Jul 19 2019 14:12:07 GMT+0200 (CEST);Fri Jul 19 2019 12:12:07 GMT+0200 (CEST);1563538327000;2;988.15
1380556833984591;46.7;31.7;Fri Jul 19 2019 14:14:11 GMT+0200 (CEST);Fri Jul 19 2019 12:14:11 GMT+0200 (CEST);1563538451000;1.94;988.15
1380556833984591;46.7;31.9;Fri Jul 19 2019 14:16:12 GMT+0200 (CEST);Fri Jul 19 2019 12:16:12 GMT+0200 (CEST);1563538572000;1.86;988.15
1380556833984591;45.2;31.7;Fri Jul 19 2019 14:18:06 GMT+0200 (CEST);Fri Jul 19 2019 12:18:06 GMT+0200 (CEST);1563538686000;1.69;988.15
1380556833984591;45.2;31.7;Fri Jul 19 2019 14:20:23 GMT+0200 (CEST);Fri Jul 19 2019 12:20:23 GMT+0200 (CEST);1563538823000;1.49;988.15
1380556833984591;44.7;31.6;Fri Jul 19 2019 14:22:32 GMT+0200 (CEST);Fri Jul 19 2019 12:22:32 GMT+0200 (CEST);1563538952000;1.24;988.15
1380556833984591;44.7;31.7;Fri Jul 19 2019 14:24:48 GMT+0200 (CEST);Fri Jul 19 2019 12:24:48 GMT+0200 (CEST);1563539088000;1.16;988.15
1380556833984591;42.6;31.9;Fri Jul 19 2019 14:27:02 GMT+0200 (CEST);Fri Jul 19 2019 12:27:02 GMT+0200 (CEST);1563539222000;1.29;988.15
1380556833984591;39.1;32.2;Fri Jul 19 2019 16:30:32 GMT+0200 (CEST);Fri Jul 19 2019 14:30:32 GMT+0200 (CEST);1563546632000;0.84;988.15
1380556833984591;38.6;32.2;Fri Jul 19 2019 16:32:26 GMT+0200 (CEST);Fri Jul 19 2019 14:32:26 GMT+0200 (CEST);1563546746000;0.87;988.15
1380556833984591;38.6;32.4;Fri Jul 19 2019 16:34:19 GMT+0200 (CEST);Fri Jul 19 2019 14:34:19 GMT+0200 (CEST);1563546859000;0.9;988.15
1380556833984591;37.1;32.5;Fri Jul 19 2019 16:36:17 GMT+0200 (CEST);Fri Jul 19 2019 14:36:17 GMT+0200 (CEST);1563546977000;1.02;988.15
1380556833984591;37.1;32.9;Fri Jul 19 2019 16:38:18 GMT+0200 (CEST);Fri Jul 19 2019 14:38:18 GMT+0200 (CEST);1563547098000;1.23;988.15
1380556833984591;37.1;33;Fri Jul 19 2019 16:40:15 GMT+0200 (CEST);Fri Jul 19 2019 14:40:15 GMT+0200 (CEST);1563547215000;1.46;988.15
1380556833984591;36.6;33.3;Fri Jul 19 2019 16:42:10 GMT+0200 (CEST);Fri Jul 19 2019 14:42:10 GMT+0200 (CEST);1563547330000;1.77;988.15
1380556833984591;36.6;33.6;Fri Jul 19 2019 16:44:03 GMT+0200 (CEST);Fri Jul 19 2019 14:44:03 GMT+0200 (CEST);1563547443000;1.51;988.15
1380556833984591;36.6;32.7;Fri Jul 19 2019 16:45:57 GMT+0200 (CEST);Fri Jul 19 2019 14:45:57 GMT+0200 (CEST);1563547557000;1.24;988.15
1380556833984591;36.6;32.4;Fri Jul 19 2019 16:47:57 GMT+0200 (CEST);Fri Jul 19 2019 14:47:57 GMT+0200 (CEST);1563547677000;1.16;988.15
1380556833984591;36.6;32.7;Fri Jul 19 2019 16:49:56 GMT+0200 (CEST);Fri Jul 19 2019 14:49:56 GMT+0200 (CEST);1563547796000;1.26;988.15
1380556833984591;36.6;33.1;Fri Jul 19 2019 16:53:03 GMT+0200 (CEST);Fri Jul 19 2019 14:53:03 GMT+0200 (CEST);1563547983000;1.74;988.15
1380556833984591;36.6;33.7;Fri Jul 19 2019 16:54:32 GMT+0200 (CEST);Fri Jul 19 2019 14:54:32 GMT+0200 (CEST);1563548072000;1.69;988.15
1380556833984591;36.6;33.1;Fri Jul 19 2019 16:55:53 GMT+0200 (CEST);Fri Jul 19 2019 14:55:53 GMT+0200 (CEST);1563548153000;2.74;988.15
1380556833984591;36.6;33.4;Fri Jul 19 2019 16:57:15 GMT+0200 (CEST);Fri Jul 19 2019 14:57:15 GMT+0200 (CEST);1563548235000;2.22;988.15
1380556833984591;36.6;33.4;Fri Jul 19 2019 16:58:36 GMT+0200 (CEST);Fri Jul 19 2019 14:58:36 GMT+0200 (CEST);1563548316000;1.35;988.15
1380556833984591;36.6;32.4;Fri Jul 19 2019 16:59:58 GMT+0200 (CEST);Fri Jul 19 2019 14:59:58 GMT+0200 (CEST);1563548398000;1.15;988.15
1380556833984591;36.6;32.3;Fri Jul 19 2019 17:01:19 GMT+0200 (CEST);Fri Jul 19 2019 15:01:19 GMT+0200 (CEST);1563548479000;1.06;988.15
1380556833984591;36.6;32.4;Fri Jul 19 2019 17:02:41 GMT+0200 (CEST);Fri Jul 19 2019 15:02:41 GMT+0200 (CEST);1563548561000;0.97;988.15
1380556833984591;36.6;32.3;Fri Jul 19 2019 17:04:02 GMT+0200 (CEST);Fri Jul 19 2019 15:04:02 GMT+0200 (CEST);1563548642000;0.98;988.15
1380556833984591;36.6;32.5;Fri Jul 19 2019 17:05:23 GMT+0200 (CEST);Fri Jul 19 2019 15:05:23 GMT+0200 (CEST);1563548723000;1.06;988.15
1380556833984591;36.6;32.9;Fri Jul 19 2019 17:06:44 GMT+0200 (CEST);Fri Jul 19 2019 15:06:44 GMT+0200 (CEST);1563548804000;1.48;988.15
1380556833984591;36.6;33.4;Fri Jul 19 2019 17:08:05 GMT+0200 (CEST);Fri Jul 19 2019 15:08:05 GMT+0200 (CEST);1563548885000;1.82;988.15
1380556833984591;36.6;33.5;Fri Jul 19 2019 17:09:27 GMT+0200 (CEST);Fri Jul 19 2019 15:09:27 GMT+0200 (CEST);1563548967000;1.28;988.15
1380556833984591;36.6;32.6;Fri Jul 19 2019 17:10:49 GMT+0200 (CEST);Fri Jul 19 2019 15:10:49 GMT+0200 (CEST);1563549049000;1.19;988.15
1380556833984591;36.6;32.5;Fri Jul 19 2019 17:12:10 GMT+0200 (CEST);Fri Jul 19 2019 15:12:10 GMT+0200 (CEST);1563549130000;1.09;988.15
1380556833984591;36.6;32.2;Fri Jul 19 2019 17:13:31 GMT+0200 (CEST);Fri Jul 19 2019 15:13:31 GMT+0200 (CEST);1563549211000;1.07;988.15
1380556833984591;36.6;32.5;Fri Jul 19 2019 17:14:52 GMT+0200 (CEST);Fri Jul 19 2019 15:14:52 GMT+0200 (CEST);1563549292000;1.14;988.15
1380556833984591;36.6;32.7;Fri Jul 19 2019 17:16:21 GMT+0200 (CEST);Fri Jul 19 2019 15:16:21 GMT+0200 (CEST);1563549381000;1.22;988.15
1380556833984591;36.6;32.8;Fri Jul 19 2019 17:17:42 GMT+0200 (CEST);Fri Jul 19 2019 15:17:42 GMT+0200 (CEST);1563549462000;1.55;988.15
1380556833984591;36.6;32.6;Fri Jul 19 2019 17:19:03 GMT+0200 (CEST);Fri Jul 19 2019 15:19:03 GMT+0200 (CEST);1563549543000;1.22;988.15
1380556833984591;36.6;32.5;Fri Jul 19 2019 17:20:25 GMT+0200 (CEST);Fri Jul 19 2019 15:20:25 GMT+0200 (CEST);1563549625000;1.17;988.15
1380556833984591;36.6;32.5;Fri Jul 19 2019 17:21:46 GMT+0200 (CEST);Fri Jul 19 2019 15:21:46 GMT+0200 (CEST);1563549706000;1.13;988.15
1380556833984591;36.6;32.4;Fri Jul 19 2019 17:23:08 GMT+0200 (CEST);Fri Jul 19 2019 15:23:08 GMT+0200 (CEST);1563549788000;1.03;988.15
1380556833984591;36.6;32.3;Fri Jul 19 2019 17:24:29 GMT+0200 (CEST);Fri Jul 19 2019 15:24:29 GMT+0200 (CEST);1563549869000;0.98;988.15
1380556833984591;36.6;32.3;Fri Jul 19 2019 17:25:50 GMT+0200 (CEST);Fri Jul 19 2019 15:25:50 GMT+0200 (CEST);1563549950000;0.92;988.15
1380556833984591;36.6;32.2;Fri Jul 19 2019 17:27:12 GMT+0200 (CEST);Fri Jul 19 2019 15:27:12 GMT+0200 (CEST);1563550032000;0.89;988.15
1380556833984591;36.6;32.1;Fri Jul 19 2019 17:28:33 GMT+0200 (CEST);Fri Jul 19 2019 15:28:33 GMT+0200 (CEST);1563550113000;0.89;988.15
1380556833984591;35.1;32.3;Fri Jul 19 2019 17:29:54 GMT+0200 (CEST);Fri Jul 19 2019 15:29:54 GMT+0200 (CEST);1563550194000;0.92;988.15
1380556833984591;35.1;32.4;Fri Jul 19 2019 17:31:15 GMT+0200 (CEST);Fri Jul 19 2019 15:31:15 GMT+0200 (CEST);1563550275000;0.93;988.15
1380556833984591;35.1;32.4;Fri Jul 19 2019 17:32:36 GMT+0200 (CEST);Fri Jul 19 2019 15:32:36 GMT+0200 (CEST);1563550356000;0.93;988.15
1380556833984591;35.1;32.3;Fri Jul 19 2019 17:33:58 GMT+0200 (CEST);Fri Jul 19 2019 15:33:58 GMT+0200 (CEST);1563550438000;0.87;988.15
1380556833984591;35.1;32.2;Fri Jul 19 2019 17:35:19 GMT+0200 (CEST);Fri Jul 19 2019 15:35:19 GMT+0200 (CEST);1563550519000;0.8;988.15
1380556833984591;35.1;32.2;Fri Jul 19 2019 17:36:41 GMT+0200 (CEST);Fri Jul 19 2019 15:36:41 GMT+0200 (CEST);1563550601000;0.75;988.15
1380556833984591;35.1;32.1;Fri Jul 19 2019 17:38:02 GMT+0200 (CEST);Fri Jul 19 2019 15:38:02 GMT+0200 (CEST);1563550682000;0.74;988.15
1380556833984591;34.6;32.2;Fri Jul 19 2019 17:39:23 GMT+0200 (CEST);Fri Jul 19 2019 15:39:23 GMT+0200 (CEST);1563550763000;0.76;988.15
1380556833984591;34.6;32.1;Fri Jul 19 2019 17:40:47 GMT+0200 (CEST);Fri Jul 19 2019 15:40:47 GMT+0200 (CEST);1563550847000;0.79;988.15
1380556833984591;34.6;32;Fri Jul 19 2019 17:42:08 GMT+0200 (CEST);Fri Jul 19 2019 15:42:08 GMT+0200 (CEST);1563550928000;0.78;988.15
1380556833984591;34.6;32.2;Fri Jul 19 2019 17:43:29 GMT+0200 (CEST);Fri Jul 19 2019 15:43:29 GMT+0200 (CEST);1563551009000;0.75;988.15
1380556833984591;34.6;32.2;Fri Jul 19 2019 17:44:50 GMT+0200 (CEST);Fri Jul 19 2019 15:44:50 GMT+0200 (CEST);1563551090000;0.75;988.15
1380556833984591;34.6;32.3;Fri Jul 19 2019 17:46:11 GMT+0200 (CEST);Fri Jul 19 2019 15:46:11 GMT+0200 (CEST);1563551171000;0.76;988.15
1380556833984591;34.6;32.2;Fri Jul 19 2019 17:47:35 GMT+0200 (CEST);Fri Jul 19 2019 15:47:35 GMT+0200 (CEST);1563551255000;0.78;988.15
1380556833984591;34.6;32.4;Fri Jul 19 2019 17:49:01 GMT+0200 (CEST);Fri Jul 19 2019 15:49:01 GMT+0200 (CEST);1563551341000;0.83;988.15
1380556833984591;34.6;32.5;Fri Jul 19 2019 17:50:23 GMT+0200 (CEST);Fri Jul 19 2019 15:50:23 GMT+0200 (CEST);1563551423000;0.86;988.15
1380556833984591;34.6;32.6;Fri Jul 19 2019 17:51:54 GMT+0200 (CEST);Fri Jul 19 2019 15:51:54 GMT+0200 (CEST);1563551514000;0.9;988.15
1380556833984591;34.6;32.8;Fri Jul 19 2019 17:53:16 GMT+0200 (CEST);Fri Jul 19 2019 15:53:16 GMT+0200 (CEST);1563551596000;0.92;988.15
1380556833984591;34.6;32.6;Fri Jul 19 2019 17:54:37 GMT+0200 (CEST);Fri Jul 19 2019 15:54:37 GMT+0200 (CEST);1563551677000;0.95;988.15
1380556833984591;34.6;32.6;Fri Jul 19 2019 17:56:11 GMT+0200 (CEST);Fri Jul 19 2019 15:56:11 GMT+0200 (CEST);1563551771000;0.94;988.15
1380556833984591;34.6;32.8;Fri Jul 19 2019 17:57:32 GMT+0200 (CEST);Fri Jul 19 2019 15:57:32 GMT+0200 (CEST);1563551852000;0.96;988.15
1380556833984591;34.6;32.7;Fri Jul 19 2019 17:58:56 GMT+0200 (CEST);Fri Jul 19 2019 15:58:56 GMT+0200 (CEST);1563551936000;1.09;988.15
1380556833984591;34.6;33.3;Fri Jul 19 2019 18:00:17 GMT+0200 (CEST);Fri Jul 19 2019 16:00:17 GMT+0200 (CEST);1563552017000;1.18;988.15
1380556833984591;34.6;33.7;Fri Jul 19 2019 18:01:39 GMT+0200 (CEST);Fri Jul 19 2019 16:01:39 GMT+0200 (CEST);1563552099000;1.19;988.15
1380556833984591;34.6;33.7;Fri Jul 19 2019 18:03:00 GMT+0200 (CEST);Fri Jul 19 2019 16:03:00 GMT+0200 (CEST);1563552180000;1.23;988.15
1380556833984591;34.6;33.1;Fri Jul 19 2019 18:04:22 GMT+0200 (CEST);Fri Jul 19 2019 16:04:22 GMT+0200 (CEST);1563552262000;1.07;988.15
1380556833984591;34.6;33.1;Fri Jul 19 2019 18:05:46 GMT+0200 (CEST);Fri Jul 19 2019 16:05:46 GMT+0200 (CEST);1563552346000;1.07;988.15
1380556833984591;34.6;33.3;Fri Jul 19 2019 18:07:07 GMT+0200 (CEST);Fri Jul 19 2019 16:07:07 GMT+0200 (CEST);1563552427000;1.05;988.15
1380556833984591;34.6;33.3;Fri Jul 19 2019 18:08:35 GMT+0200 (CEST);Fri Jul 19 2019 16:08:35 GMT+0200 (CEST);1563552515000;1.17;988.15
1380556833984591;34.6;33.4;Fri Jul 19 2019 18:09:56 GMT+0200 (CEST);Fri Jul 19 2019 16:09:56 GMT+0200 (CEST);1563552596000;1.22;988.15
1380556833984591;34.6;33.2;Fri Jul 19 2019 18:11:17 GMT+0200 (CEST);Fri Jul 19 2019 16:11:17 GMT+0200 (CEST);1563552677000;1.21;988.15
1380556833984591;34.6;33.2;Fri Jul 19 2019 18:12:38 GMT+0200 (CEST);Fri Jul 19 2019 16:12:38 GMT+0200 (CEST);1563552758000;1.09;988.15
1380556833984591;34.6;34;Fri Jul 19 2019 18:14:00 GMT+0200 (CEST);Fri Jul 19 2019 16:14:00 GMT+0200 (CEST);1563552840000;1.02;988.15
1380556833984591;34.6;33.8;Fri Jul 19 2019 18:15:21 GMT+0200 (CEST);Fri Jul 19 2019 16:15:21 GMT+0200 (CEST);1563552921000;0.93;988.15
1380556833984591;34.6;32.8;Fri Jul 19 2019 18:16:44 GMT+0200 (CEST);Fri Jul 19 2019 16:16:44 GMT+0200 (CEST);1563553004000;0.87;988.15
1380556833984591;34.6;32.8;Fri Jul 19 2019 18:18:05 GMT+0200 (CEST);Fri Jul 19 2019 16:18:05 GMT+0200 (CEST);1563553085000;0.88;988.15
1380556833984591;34.6;32.8;Fri Jul 19 2019 18:19:35 GMT+0200 (CEST);Fri Jul 19 2019 16:19:35 GMT+0200 (CEST);1563553175000;0.91;988.15
1380556833984591;34.6;32.9;Fri Jul 19 2019 18:21:07 GMT+0200 (CEST);Fri Jul 19 2019 16:21:07 GMT+0200 (CEST);1563553267000;0.88;988.15
1380556833984591;34.6;32.8;Fri Jul 19 2019 18:22:28 GMT+0200 (CEST);Fri Jul 19 2019 16:22:28 GMT+0200 (CEST);1563553348000;0.81;988.15
1380556833984591;34.6;32.8;Fri Jul 19 2019 18:23:51 GMT+0200 (CEST);Fri Jul 19 2019 16:23:51 GMT+0200 (CEST);1563553431000;0.8;988.15
1380556833984591;34.6;32.8;Fri Jul 19 2019 18:25:12 GMT+0200 (CEST);Fri Jul 19 2019 16:25:12 GMT+0200 (CEST);1563553512000;0.78;988.15
1380556833984591;34.6;32.8;Fri Jul 19 2019 18:26:33 GMT+0200 (CEST);Fri Jul 19 2019 16:26:33 GMT+0200 (CEST);1563553593000;0.78;988.15
1380556833984591;32.1;32.7;Fri Jul 19 2019 18:27:57 GMT+0200 (CEST);Fri Jul 19 2019 16:27:57 GMT+0200 (CEST);1563553677000;0.75;988.15
1380556833984591;32.1;32.7;Fri Jul 19 2019 18:29:24 GMT+0200 (CEST);Fri Jul 19 2019 16:29:24 GMT+0200 (CEST);1563553764000;0.74;988.15
1380556833984591;32.1;32.8;Fri Jul 19 2019 18:30:48 GMT+0200 (CEST);Fri Jul 19 2019 16:30:48 GMT+0200 (CEST);1563553848000;0.73;988.15
1380556833984591;32.1;32.7;Fri Jul 19 2019 18:32:11 GMT+0200 (CEST);Fri Jul 19 2019 16:32:11 GMT+0200 (CEST);1563553931000;0.76;988.15
1380556833984591;32.1;32.8;Fri Jul 19 2019 18:33:33 GMT+0200 (CEST);Fri Jul 19 2019 16:33:33 GMT+0200 (CEST);1563554013000;0.82;988.15
1380556833984591;32.1;33.2;Fri Jul 19 2019 18:35:00 GMT+0200 (CEST);Fri Jul 19 2019 16:35:00 GMT+0200 (CEST);1563554100000;0.82;988.15
1380556833984591;32.1;32.9;Fri Jul 19 2019 18:36:32 GMT+0200 (CEST);Fri Jul 19 2019 16:36:32 GMT+0200 (CEST);1563554192000;0.86;988.15
1380556833984591;32.1;33.2;Fri Jul 19 2019 18:37:53 GMT+0200 (CEST);Fri Jul 19 2019 16:37:53 GMT+0200 (CEST);1563554273000;0.79;988.15
1380556833984591;32.1;33;Fri Jul 19 2019 18:39:22 GMT+0200 (CEST);Fri Jul 19 2019 16:39:22 GMT+0200 (CEST);1563554362000;0.85;988.15
1380556833984591;32.1;33.1;Fri Jul 19 2019 18:40:43 GMT+0200 (CEST);Fri Jul 19 2019 16:40:43 GMT+0200 (CEST);1563554443000;0.88;988.15
1380556833984591;32.1;33.2;Fri Jul 19 2019 18:42:04 GMT+0200 (CEST);Fri Jul 19 2019 16:42:04 GMT+0200 (CEST);1563554524000;0.84;988.15
1380556833984591;32.1;32.9;Fri Jul 19 2019 18:43:25 GMT+0200 (CEST);Fri Jul 19 2019 16:43:25 GMT+0200 (CEST);1563554605000;0.81;988.15
1380556833984591;32.1;32.7;Fri Jul 19 2019 18:44:50 GMT+0200 (CEST);Fri Jul 19 2019 16:44:50 GMT+0200 (CEST);1563554690000;0.77;988.15
1380556833984591;32.1;32.6;Fri Jul 19 2019 18:46:12 GMT+0200 (CEST);Fri Jul 19 2019 16:46:12 GMT+0200 (CEST);1563554772000;0.73;988.15
1380556833984591;32.1;32.6;Fri Jul 19 2019 18:47:34 GMT+0200 (CEST);Fri Jul 19 2019 16:47:34 GMT+0200 (CEST);1563554854000;0.68;988.15
1380556833984591;32.1;32.6;Fri Jul 19 2019 18:48:55 GMT+0200 (CEST);Fri Jul 19 2019 16:48:55 GMT+0200 (CEST);1563554935000;0.64;988.15
1380556833984591;32.1;32.3;Fri Jul 19 2019 18:50:16 GMT+0200 (CEST);Fri Jul 19 2019 16:50:16 GMT+0200 (CEST);1563555016000;0.59;988.15
1380556833984591;31.1;32.6;Fri Jul 19 2019 18:52:03 GMT+0200 (CEST);Fri Jul 19 2019 16:52:03 GMT+0200 (CEST);1563555123000;0.56;988.15
1380556833984591;31.1;31.9;Fri Jul 19 2019 18:53:27 GMT+0200 (CEST);Fri Jul 19 2019 16:53:27 GMT+0200 (CEST);1563555207000;0.49;988.15
1380556833984591;31.1;32.1;Fri Jul 19 2019 18:54:48 GMT+0200 (CEST);Fri Jul 19 2019 16:54:48 GMT+0200 (CEST);1563555288000;0.47;988.15
1380556833984591;31.1;31.9;Fri Jul 19 2019 18:56:10 GMT+0200 (CEST);Fri Jul 19 2019 16:56:10 GMT+0200 (CEST);1563555370000;0.43;988.15
1380556833984591;31.1;31.8;Fri Jul 19 2019 18:57:32 GMT+0200 (CEST);Fri Jul 19 2019 16:57:32 GMT+0200 (CEST);1563555452000;0.41;988.15
1380556833984591;31.1;31.5;Fri Jul 19 2019 18:58:55 GMT+0200 (CEST);Fri Jul 19 2019 16:58:55 GMT+0200 (CEST);1563555535000;0.41;988.15
1380556833984591;31.1;31.7;Fri Jul 19 2019 19:00:18 GMT+0200 (CEST);Fri Jul 19 2019 17:00:18 GMT+0200 (CEST);1563555618000;0.41;988.15
1380556833984591;31.1;31.7;Fri Jul 19 2019 19:01:41 GMT+0200 (CEST);Fri Jul 19 2019 17:01:41 GMT+0200 (CEST);1563555701000;0.42;988.15
1380556833984591;30.5;31.8;Fri Jul 19 2019 19:03:02 GMT+0200 (CEST);Fri Jul 19 2019 17:03:02 GMT+0200 (CEST);1563555782000;0.42;988.15
1380556833984591;30.5;31.8;Fri Jul 19 2019 19:04:23 GMT+0200 (CEST);Fri Jul 19 2019 17:04:23 GMT+0200 (CEST);1563555863000;0.43;988.15
1380556833984591;30.5;31.9;Fri Jul 19 2019 19:05:44 GMT+0200 (CEST);Fri Jul 19 2019 17:05:44 GMT+0200 (CEST);1563555944000;0.44;988.15
1380556833984591;30.5;31.7;Fri Jul 19 2019 19:07:09 GMT+0200 (CEST);Fri Jul 19 2019 17:07:09 GMT+0200 (CEST);1563556029000;0.45;988.15
1380556833984591;30.5;32.1;Fri Jul 19 2019 19:08:30 GMT+0200 (CEST);Fri Jul 19 2019 17:08:30 GMT+0200 (CEST);1563556110000;0.46;988.15
1380556833984591;30.5;32;Fri Jul 19 2019 19:09:51 GMT+0200 (CEST);Fri Jul 19 2019 17:09:51 GMT+0200 (CEST);1563556191000;0.47;988.15
1380556833984591;30.5;32.1;Fri Jul 19 2019 19:11:12 GMT+0200 (CEST);Fri Jul 19 2019 17:11:12 GMT+0200 (CEST);1563556272000;0.48;988.15
1380556833984591;30.5;32.3;Fri Jul 19 2019 19:12:33 GMT+0200 (CEST);Fri Jul 19 2019 17:12:33 GMT+0200 (CEST);1563556353000;0.48;988.15
1380556833984591;30.5;32.2;Fri Jul 19 2019 19:13:58 GMT+0200 (CEST);Fri Jul 19 2019 17:13:58 GMT+0200 (CEST);1563556438000;0.49;988.15
1380556833984591;30.5;32.4;Fri Jul 19 2019 19:15:19 GMT+0200 (CEST);Fri Jul 19 2019 17:15:19 GMT+0200 (CEST);1563556519000;0.49;988.15
1380556833984591;30.5;32.1;Fri Jul 19 2019 19:16:49 GMT+0200 (CEST);Fri Jul 19 2019 17:16:49 GMT+0200 (CEST);1563556609000;0.49;988.15
1380556833984591;30.5;32.3;Fri Jul 19 2019 19:18:11 GMT+0200 (CEST);Fri Jul 19 2019 17:18:11 GMT+0200 (CEST);1563556691000;0.47;988.15
1380556833984591;30.5;32.4;Fri Jul 19 2019 19:19:32 GMT+0200 (CEST);Fri Jul 19 2019 17:19:32 GMT+0200 (CEST);1563556772000;0.48;988.15
1380556833984591;30.5;32.2;Fri Jul 19 2019 19:20:57 GMT+0200 (CEST);Fri Jul 19 2019 17:20:57 GMT+0200 (CEST);1563556857000;0.48;988.15
1380556833984591;29;31.9;Fri Jul 19 2019 19:22:10 GMT+0200 (CEST);Fri Jul 19 2019 17:22:10 GMT+0200 (CEST);1563556930000;0.46;988.15
1380556833984591;29;32.5;Fri Jul 19 2019 19:23:31 GMT+0200 (CEST);Fri Jul 19 2019 17:23:31 GMT+0200 (CEST);1563557011000;0.45;988.15
1380556833984591;29;32.1;Fri Jul 19 2019 19:24:53 GMT+0200 (CEST);Fri Jul 19 2019 17:24:53 GMT+0200 (CEST);1563557093000;0.43;988.15
1380556833984591;29;32.1;Fri Jul 19 2019 19:26:14 GMT+0200 (CEST);Fri Jul 19 2019 17:26:14 GMT+0200 (CEST);1563557174000;0.42;988.15
1380556833984591;29;32.1;Fri Jul 19 2019 19:27:36 GMT+0200 (CEST);Fri Jul 19 2019 17:27:36 GMT+0200 (CEST);1563557256000;0.41;988.15
1380556833984591;29;31.8;Fri Jul 19 2019 19:28:57 GMT+0200 (CEST);Fri Jul 19 2019 17:28:57 GMT+0200 (CEST);1563557337000;0.38;988.15
1380556833984591;29;32.1;Fri Jul 19 2019 19:30:18 GMT+0200 (CEST);Fri Jul 19 2019 17:30:18 GMT+0200 (CEST);1563557418000;0.36;988.15
1380556833984591;29;32;Fri Jul 19 2019 19:31:39 GMT+0200 (CEST);Fri Jul 19 2019 17:31:39 GMT+0200 (CEST);1563557499000;0.34;988.15
1380556833984591;29;31.5;Fri Jul 19 2019 19:33:01 GMT+0200 (CEST);Fri Jul 19 2019 17:33:01 GMT+0200 (CEST);1563557581000;0.32;988.15
1380556833984591;29;31.7;Fri Jul 19 2019 19:34:22 GMT+0200 (CEST);Fri Jul 19 2019 17:34:22 GMT+0200 (CEST);1563557662000;0.32;988.15
1380556833984591;29;31.6;Fri Jul 19 2019 19:35:44 GMT+0200 (CEST);Fri Jul 19 2019 17:35:44 GMT+0200 (CEST);1563557744000;0.31;988.15
1380556833984591;28.5;31;Fri Jul 19 2019 19:37:05 GMT+0200 (CEST);Fri Jul 19 2019 17:37:05 GMT+0200 (CEST);1563557825000;0.29;988.15
1380556833984591;28.5;31.3;Fri Jul 19 2019 19:38:44 GMT+0200 (CEST);Fri Jul 19 2019 17:38:44 GMT+0200 (CEST);1563557924000;0.28;988.15
1380556833984591;28.5;31.2;Fri Jul 19 2019 19:40:05 GMT+0200 (CEST);Fri Jul 19 2019 17:40:05 GMT+0200 (CEST);1563558005000;0.27;988.15
1380556833984591;29;31.1;Fri Jul 19 2019 19:41:28 GMT+0200 (CEST);Fri Jul 19 2019 17:41:28 GMT+0200 (CEST);1563558088000;0.27;988.15
1380556833984591;29;31.1;Fri Jul 19 2019 19:42:50 GMT+0200 (CEST);Fri Jul 19 2019 17:42:50 GMT+0200 (CEST);1563558170000;0.27;988.15
1380556833984591;29;31.2;Fri Jul 19 2019 19:44:22 GMT+0200 (CEST);Fri Jul 19 2019 17:44:22 GMT+0200 (CEST);1563558262000;0.27;988.15
1380556833984591;29;31;Fri Jul 19 2019 19:45:43 GMT+0200 (CEST);Fri Jul 19 2019 17:45:43 GMT+0200 (CEST);1563558343000;0.27;988.15
1380556833984591;28.5;31;Fri Jul 19 2019 19:47:05 GMT+0200 (CEST);Fri Jul 19 2019 17:47:05 GMT+0200 (CEST);1563558425000;0.27;988.15
1380556833984591;28.5;31.4;Fri Jul 19 2019 19:48:27 GMT+0200 (CEST);Fri Jul 19 2019 17:48:27 GMT+0200 (CEST);1563558507000;0.27;988.15
1380556833984591;28.5;31.2;Fri Jul 19 2019 19:49:51 GMT+0200 (CEST);Fri Jul 19 2019 17:49:51 GMT+0200 (CEST);1563558591000;0.26;988.15
1380556833984591;28.5;31.3;Fri Jul 19 2019 19:51:12 GMT+0200 (CEST);Fri Jul 19 2019 17:51:12 GMT+0200 (CEST);1563558672000;0.25;988.15
1380556833984591;28.5;31.2;Fri Jul 19 2019 19:52:33 GMT+0200 (CEST);Fri Jul 19 2019 17:52:33 GMT+0200 (CEST);1563558753000;0.24;988.15
1380556833984591;28.5;31.1;Fri Jul 19 2019 19:54:10 GMT+0200 (CEST);Fri Jul 19 2019 17:54:10 GMT+0200 (CEST);1563558850000;0.24;988.15
1380556833984591;28.5;31.1;Fri Jul 19 2019 19:55:32 GMT+0200 (CEST);Fri Jul 19 2019 17:55:32 GMT+0200 (CEST);1563558932000;0.23;988.15
1380556833984591;27;31.1;Fri Jul 19 2019 19:56:53 GMT+0200 (CEST);Fri Jul 19 2019 17:56:53 GMT+0200 (CEST);1563559013000;0.23;988.15
1380556833984591;27;31.1;Fri Jul 19 2019 19:58:19 GMT+0200 (CEST);Fri Jul 19 2019 17:58:19 GMT+0200 (CEST);1563559099000;0.23;988.15
1380556833984591;27;31.4;Fri Jul 19 2019 19:59:40 GMT+0200 (CEST);Fri Jul 19 2019 17:59:40 GMT+0200 (CEST);1563559180000;0.21;988.15
1380556833984591;27;31;Fri Jul 19 2019 20:01:06 GMT+0200 (CEST);Fri Jul 19 2019 18:01:06 GMT+0200 (CEST);1563559266000;0.21;988.15
1380556833984591;27;31;Fri Jul 19 2019 20:02:29 GMT+0200 (CEST);Fri Jul 19 2019 18:02:29 GMT+0200 (CEST);1563559349000;0.2;988.15
1380556833984591;27;30.8;Fri Jul 19 2019 20:03:50 GMT+0200 (CEST);Fri Jul 19 2019 18:03:50 GMT+0200 (CEST);1563559430000;0.19;988.15
1380556833984591;27;30.8;Fri Jul 19 2019 20:05:11 GMT+0200 (CEST);Fri Jul 19 2019 18:05:11 GMT+0200 (CEST);1563559511000;0.19;988.15
1380556833984591;27;30.6;Fri Jul 19 2019 20:06:33 GMT+0200 (CEST);Fri Jul 19 2019 18:06:33 GMT+0200 (CEST);1563559593000;0.18;988.15
1380556833984591;27;30.8;Fri Jul 19 2019 20:07:56 GMT+0200 (CEST);Fri Jul 19 2019 18:07:56 GMT+0200 (CEST);1563559676000;0.17;988.15
1380556833984591;27;31;Fri Jul 19 2019 20:09:23 GMT+0200 (CEST);Fri Jul 19 2019 18:09:23 GMT+0200 (CEST);1563559763000;0.16;988.15
1380556833984591;26.5;30.9;Fri Jul 19 2019 20:10:44 GMT+0200 (CEST);Fri Jul 19 2019 18:10:44 GMT+0200 (CEST);1563559844000;0.15;988.15
1380556833984591;26.5;30.8;Fri Jul 19 2019 20:12:06 GMT+0200 (CEST);Fri Jul 19 2019 18:12:06 GMT+0200 (CEST);1563559926000;0.14;988.15
1380556833984591;26.5;30.9;Fri Jul 19 2019 20:13:27 GMT+0200 (CEST);Fri Jul 19 2019 18:13:27 GMT+0200 (CEST);1563560007000;0.13;988.15
1380556833984591;26.5;30.6;Fri Jul 19 2019 20:14:48 GMT+0200 (CEST);Fri Jul 19 2019 18:14:48 GMT+0200 (CEST);1563560088000;0.13;988.15
1380556833984591;26.5;30.9;Fri Jul 19 2019 20:16:09 GMT+0200 (CEST);Fri Jul 19 2019 18:16:09 GMT+0200 (CEST);1563560169000;0.13;988.15
1380556833984591;26.5;31;Fri Jul 19 2019 20:17:33 GMT+0200 (CEST);Fri Jul 19 2019 18:17:33 GMT+0200 (CEST);1563560253000;0.12;988.15
1380556833984591;26.5;30.7;Fri Jul 19 2019 20:18:54 GMT+0200 (CEST);Fri Jul 19 2019 18:18:54 GMT+0200 (CEST);1563560334000;0.11;988.15
1380556833984591;26.5;30.6;Fri Jul 19 2019 20:20:26 GMT+0200 (CEST);Fri Jul 19 2019 18:20:26 GMT+0200 (CEST);1563560426000;0.11;988.15
1380556833984591;26.5;30.4;Fri Jul 19 2019 20:21:47 GMT+0200 (CEST);Fri Jul 19 2019 18:21:47 GMT+0200 (CEST);1563560507000;0.11;988.15
1380556833984591;26.5;30.8;Fri Jul 19 2019 20:23:08 GMT+0200 (CEST);Fri Jul 19 2019 18:23:08 GMT+0200 (CEST);1563560588000;0.1;988.15
1380556833984591;26.5;30.6;Fri Jul 19 2019 20:24:30 GMT+0200 (CEST);Fri Jul 19 2019 18:24:30 GMT+0200 (CEST);1563560670000;0.1;988.15
1380556833984591;26.5;30.8;Fri Jul 19 2019 20:25:51 GMT+0200 (CEST);Fri Jul 19 2019 18:25:51 GMT+0200 (CEST);1563560751000;0.1;988.15
1380556833984591;26.5;30.7;Fri Jul 19 2019 20:27:14 GMT+0200 (CEST);Fri Jul 19 2019 18:27:14 GMT+0200 (CEST);1563560834000;0.09;988.15
1380556833984591;26.5;30.5;Fri Jul 19 2019 20:28:35 GMT+0200 (CEST);Fri Jul 19 2019 18:28:35 GMT+0200 (CEST);1563560915000;0.08;988.15
1380556833984591;26.5;30.5;Fri Jul 19 2019 20:30:56 GMT+0200 (CEST);Fri Jul 19 2019 18:30:56 GMT+0200 (CEST);1563561056000;0.06;988.15
1380556833984591;26.5;30.5;Fri Jul 19 2019 20:32:17 GMT+0200 (CEST);Fri Jul 19 2019 18:32:17 GMT+0200 (CEST);1563561137000;0.06;988.15
1380556833984591;26.5;30;Fri Jul 19 2019 20:33:38 GMT+0200 (CEST);Fri Jul 19 2019 18:33:38 GMT+0200 (CEST);1563561218000;0.05;988.15
1380556833984591;26.5;29.7;Fri Jul 19 2019 20:35:01 GMT+0200 (CEST);Fri Jul 19 2019 18:35:01 GMT+0200 (CEST);1563561301000;0.05;988.15
1380556833984591;26.5;29.7;Fri Jul 19 2019 20:36:28 GMT+0200 (CEST);Fri Jul 19 2019 18:36:28 GMT+0200 (CEST);1563561388000;0.04;988.15
1380556833984591;26.5;29.5;Fri Jul 19 2019 20:37:50 GMT+0200 (CEST);Fri Jul 19 2019 18:37:50 GMT+0200 (CEST);1563561470000;0.03;988.15
1380556833984591;25;29.8;Fri Jul 19 2019 20:39:26 GMT+0200 (CEST);Fri Jul 19 2019 18:39:26 GMT+0200 (CEST);1563561566000;0.03;988.15
1380556833984591;25;30;Fri Jul 19 2019 20:40:48 GMT+0200 (CEST);Fri Jul 19 2019 18:40:48 GMT+0200 (CEST);1563561648000;0.02;988.15
1380556833984591;25;29.1;Fri Jul 19 2019 20:42:10 GMT+0200 (CEST);Fri Jul 19 2019 18:42:10 GMT+0200 (CEST);1563561730000;0.02;988.15
1380556833984591;25;28.9;Fri Jul 19 2019 20:43:31 GMT+0200 (CEST);Fri Jul 19 2019 18:43:31 GMT+0200 (CEST);1563561811000;0.01;988.15
1380556833984591;25;28.8;Fri Jul 19 2019 20:44:53 GMT+0200 (CEST);Fri Jul 19 2019 18:44:53 GMT+0200 (CEST);1563561893000;0.01;988.15
1380556833984591;25;29.3;Fri Jul 19 2019 20:46:14 GMT+0200 (CEST);Fri Jul 19 2019 18:46:14 GMT+0200 (CEST);1563561974000;0;988.15
1380556833984591;24.5;29.2;Fri Jul 19 2019 20:47:36 GMT+0200 (CEST);Fri Jul 19 2019 18:47:36 GMT+0200 (CEST);1563562056000;0;988.15
1380556833984591;24.5;28.9;Fri Jul 19 2019 20:49:20 GMT+0200 (CEST);Fri Jul 19 2019 18:49:20 GMT+0200 (CEST);1563562160000;0;988.15
1380556833984591;24.5;29.1;Fri Jul 19 2019 20:50:41 GMT+0200 (CEST);Fri Jul 19 2019 18:50:41 GMT+0200 (CEST);1563562241000;0;988.15
1380556833984591;24.5;29.5;Fri Jul 19 2019 20:52:03 GMT+0200 (CEST);Fri Jul 19 2019 18:52:03 GMT+0200 (CEST);1563562323000;0;988.15
1380556833984591;24.5;29.3;Fri Jul 19 2019 20:53:24 GMT+0200 (CEST);Fri Jul 19 2019 18:53:24 GMT+0200 (CEST);1563562404000;0;988.15
1380556833984591;24.5;29.7;Fri Jul 19 2019 20:54:45 GMT+0200 (CEST);Fri Jul 19 2019 18:54:45 GMT+0200 (CEST);1563562485000;0;988.15
1380556833984591;24.5;29.6;Fri Jul 19 2019 20:56:07 GMT+0200 (CEST);Fri Jul 19 2019 18:56:07 GMT+0200 (CEST);1563562567000;0;988.15
1380556833984591;24;29.3;Fri Jul 19 2019 20:57:29 GMT+0200 (CEST);Fri Jul 19 2019 18:57:29 GMT+0200 (CEST);1563562649000;0;988.15
1380556833984591;24;29.6;Fri Jul 19 2019 20:58:51 GMT+0200 (CEST);Fri Jul 19 2019 18:58:51 GMT+0200 (CEST);1563562731000;0;988.15
1380556833984591;24;29.1;Fri Jul 19 2019 21:00:12 GMT+0200 (CEST);Fri Jul 19 2019 19:00:12 GMT+0200 (CEST);1563562812000;0;988.15
1380556833984591;24;28.5;Fri Jul 19 2019 21:01:35 GMT+0200 (CEST);Fri Jul 19 2019 19:01:35 GMT+0200 (CEST);1563562895000;0;988.15
1380556833984591;23;27.8;Fri Jul 19 2019 21:02:56 GMT+0200 (CEST);Fri Jul 19 2019 19:02:56 GMT+0200 (CEST);1563562976000;0;988.15
1380556833984591;23;30.7;Fri Jul 19 2019 21:04:18 GMT+0200 (CEST);Fri Jul 19 2019 19:04:18 GMT+0200 (CEST);1563563058000;0;988.15
1380556833984591;23;29.8;Fri Jul 19 2019 21:05:47 GMT+0200 (CEST);Fri Jul 19 2019 19:05:47 GMT+0200 (CEST);1563563147000;0;988.15
1380556833984591;23.5;29.5;Fri Jul 19 2019 21:07:08 GMT+0200 (CEST);Fri Jul 19 2019 19:07:08 GMT+0200 (CEST);1563563228000;0;988.15
1380556833984591;23.5;27.6;Fri Jul 19 2019 21:08:31 GMT+0200 (CEST);Fri Jul 19 2019 19:08:31 GMT+0200 (CEST);1563563311000;0;988.15
1380556833984591;23.5;26.5;Fri Jul 19 2019 21:09:57 GMT+0200 (CEST);Fri Jul 19 2019 19:09:57 GMT+0200 (CEST);1563563397000;0;988.15
1380556833984591;23.5;26.5;Fri Jul 19 2019 21:11:18 GMT+0200 (CEST);Fri Jul 19 2019 19:11:18 GMT+0200 (CEST);1563563478000;0;988.15
1380556833984591;23.5;26.5;Fri Jul 19 2019 21:12:39 GMT+0200 (CEST);Fri Jul 19 2019 19:12:39 GMT+0200 (CEST);1563563559000;0;988.15
1380556833984591;23.5;26.5;Fri Jul 19 2019 21:14:00 GMT+0200 (CEST);Fri Jul 19 2019 19:14:00 GMT+0200 (CEST);1563563640000;0;988.15
1380556833984591;-273.2;25.7;Sat Jul 20 2019 05:34:54 GMT+0200 (CEST);Sat Jul 20 2019 03:34:54 GMT+0200 (CEST);1563593694000;0;988.15
1380556833984591;-273.2;25.7;Sat Jul 20 2019 05:36:17 GMT+0200 (CEST);Sat Jul 20 2019 03:36:17 GMT+0200 (CEST);1563593777000;0;988.15
1380556833984591;-273.2;25.7;Sat Jul 20 2019 05:37:39 GMT+0200 (CEST);Sat Jul 20 2019 03:37:39 GMT+0200 (CEST);1563593859000;0;988.15
1380556833984591;-273.2;25.7;Sat Jul 20 2019 05:39:00 GMT+0200 (CEST);Sat Jul 20 2019 03:39:00 GMT+0200 (CEST);1563593940000;0;988.15
1380556833984591;-273.2;29.3;Sat Jul 20 2019 05:53:26 GMT+0200 (CEST);Sat Jul 20 2019 03:53:26 GMT+0200 (CEST);1563594806000;0;988.15
1380556833984591;12.9;27;Sat Jul 20 2019 05:55:01 GMT+0200 (CEST);Sat Jul 20 2019 03:55:01 GMT+0200 (CEST);1563594901000;0;988.15
1380556833984591;12.9;26.5;Sat Jul 20 2019 05:56:23 GMT+0200 (CEST);Sat Jul 20 2019 03:56:23 GMT+0200 (CEST);1563594983000;0;988.15
1380556833984591;12.9;24.7;Sat Jul 20 2019 05:57:54 GMT+0200 (CEST);Sat Jul 20 2019 03:57:54 GMT+0200 (CEST);1563595074000;0;988.15
1380556833984591;12.9;24;Sat Jul 20 2019 05:59:16 GMT+0200 (CEST);Sat Jul 20 2019 03:59:16 GMT+0200 (CEST);1563595156000;0.01;988.15
1380556833984591;12.9;24;Sat Jul 20 2019 06:00:46 GMT+0200 (CEST);Sat Jul 20 2019 04:00:46 GMT+0200 (CEST);1563595246000;0.01;988.15
1380556833984591;12.9;22.9;Sat Jul 20 2019 06:02:18 GMT+0200 (CEST);Sat Jul 20 2019 04:02:18 GMT+0200 (CEST);1563595338000;0.01;988.15
1380556833984591;12.9;21.5;Sat Jul 20 2019 06:03:39 GMT+0200 (CEST);Sat Jul 20 2019 04:03:39 GMT+0200 (CEST);1563595419000;0.02;988.15
1380556833984591;12.9;19.8;Sat Jul 20 2019 06:05:04 GMT+0200 (CEST);Sat Jul 20 2019 04:05:04 GMT+0200 (CEST);1563595504000;0.02;988.15
1380556833984591;12.9;18;Sat Jul 20 2019 06:06:29 GMT+0200 (CEST);Sat Jul 20 2019 04:06:29 GMT+0200 (CEST);1563595589000;0.03;988.15
1380556833984591;12.4;17.9;Sat Jul 20 2019 06:07:50 GMT+0200 (CEST);Sat Jul 20 2019 04:07:50 GMT+0200 (CEST);1563595670000;0.03;988.15
1380556833984591;12.4;18.1;Sat Jul 20 2019 06:09:14 GMT+0200 (CEST);Sat Jul 20 2019 04:09:14 GMT+0200 (CEST);1563595754000;0.03;988.15
1380556833984591;12.4;18.2;Sat Jul 20 2019 06:10:37 GMT+0200 (CEST);Sat Jul 20 2019 04:10:37 GMT+0200 (CEST);1563595837000;0.04;988.15
1380556833984591;12.4;18.2;Sat Jul 20 2019 06:12:06 GMT+0200 (CEST);Sat Jul 20 2019 04:12:06 GMT+0200 (CEST);1563595926000;0.04;988.15
1380556833984591;12.4;18.1;Sat Jul 20 2019 06:13:33 GMT+0200 (CEST);Sat Jul 20 2019 04:13:33 GMT+0200 (CEST);1563596013000;0.05;988.15
1380556833984591;12.4;18.1;Sat Jul 20 2019 06:14:57 GMT+0200 (CEST);Sat Jul 20 2019 04:14:57 GMT+0200 (CEST);1563596097000;0.06;988.15
1380556833984591;12.4;18.1;Sat Jul 20 2019 06:16:25 GMT+0200 (CEST);Sat Jul 20 2019 04:16:25 GMT+0200 (CEST);1563596185000;0.07;988.15
1380556833984591;10.9;18.1;Sat Jul 20 2019 06:17:46 GMT+0200 (CEST);Sat Jul 20 2019 04:17:46 GMT+0200 (CEST);1563596266000;0.07;988.15
1380556833984591;10.9;30.5;Sat Jul 20 2019 06:19:08 GMT+0200 (CEST);Sat Jul 20 2019 04:19:08 GMT+0200 (CEST);1563596348000;0.07;988.15
1380556833984591;10.9;31.2;Sat Jul 20 2019 06:20:34 GMT+0200 (CEST);Sat Jul 20 2019 04:20:34 GMT+0200 (CEST);1563596434000;0.07;988.15
1380556833984591;15.9;31.3;Sat Jul 20 2019 06:22:04 GMT+0200 (CEST);Sat Jul 20 2019 04:22:04 GMT+0200 (CEST);1563596524000;0.08;988.15
1380556833984591;15.9;31.5;Sat Jul 20 2019 06:23:27 GMT+0200 (CEST);Sat Jul 20 2019 04:23:27 GMT+0200 (CEST);1563596607000;0.08;988.15
1380556833984591;15.9;31.4;Sat Jul 20 2019 06:24:49 GMT+0200 (CEST);Sat Jul 20 2019 04:24:49 GMT+0200 (CEST);1563596689000;0.08;988.15
1380556833984591;15.9;31.4;Sat Jul 20 2019 06:26:10 GMT+0200 (CEST);Sat Jul 20 2019 04:26:10 GMT+0200 (CEST);1563596770000;0.09;988.15
1380556833984591;15.9;31.2;Sat Jul 20 2019 06:27:32 GMT+0200 (CEST);Sat Jul 20 2019 04:27:32 GMT+0200 (CEST);1563596852000;0.1;988.15
1380556833984591;15.9;31.4;Sat Jul 20 2019 06:29:07 GMT+0200 (CEST);Sat Jul 20 2019 04:29:07 GMT+0200 (CEST);1563596947000;0.11;988.15
1380556833984591;15.9;31.8;Sat Jul 20 2019 06:30:28 GMT+0200 (CEST);Sat Jul 20 2019 04:30:28 GMT+0200 (CEST);1563597028000;0.12;988.15
1380556833984591;18.5;32.2;Sat Jul 20 2019 06:32:04 GMT+0200 (CEST);Sat Jul 20 2019 04:32:04 GMT+0200 (CEST);1563597124000;0.13;988.15
1380556833984591;18.5;32.1;Sat Jul 20 2019 06:33:28 GMT+0200 (CEST);Sat Jul 20 2019 04:33:28 GMT+0200 (CEST);1563597208000;0.13;988.15
1380556833984591;18.5;32.4;Sat Jul 20 2019 06:34:50 GMT+0200 (CEST);Sat Jul 20 2019 04:34:50 GMT+0200 (CEST);1563597290000;0.14;988.15
1380556833984591;18.5;32.4;Sat Jul 20 2019 06:36:13 GMT+0200 (CEST);Sat Jul 20 2019 04:36:13 GMT+0200 (CEST);1563597373000;0.15;988.15
1380556833984591;18.5;31.8;Sat Jul 20 2019 06:37:57 GMT+0200 (CEST);Sat Jul 20 2019 04:37:57 GMT+0200 (CEST);1563597477000;0.17;988.15
1380556833984591;18.5;31.1;Sat Jul 20 2019 06:39:18 GMT+0200 (CEST);Sat Jul 20 2019 04:39:18 GMT+0200 (CEST);1563597558000;0.18;988.15
1380556833984591;16.9;29.2;Sat Jul 20 2019 06:40:39 GMT+0200 (CEST);Sat Jul 20 2019 04:40:39 GMT+0200 (CEST);1563597639000;0.19;988.15
1380556833984591;16.9;29.6;Sat Jul 20 2019 06:42:03 GMT+0200 (CEST);Sat Jul 20 2019 04:42:03 GMT+0200 (CEST);1563597723000;0.2;988.15
1380556833984591;16.9;28.2;Sat Jul 20 2019 06:43:27 GMT+0200 (CEST);Sat Jul 20 2019 04:43:27 GMT+0200 (CEST);1563597807000;0.22;988.15
1380556833984591;16.9;25.8;Sat Jul 20 2019 06:44:52 GMT+0200 (CEST);Sat Jul 20 2019 04:44:52 GMT+0200 (CEST);1563597892000;0.22;988.15
1380556833984591;15.9;30.6;Sat Jul 20 2019 06:46:13 GMT+0200 (CEST);Sat Jul 20 2019 04:46:13 GMT+0200 (CEST);1563597973000;0.22;988.15
1380556833984591;15.9;24.9;Sat Jul 20 2019 06:47:34 GMT+0200 (CEST);Sat Jul 20 2019 04:47:34 GMT+0200 (CEST);1563598054000;0.22;988.15
1380556833984591;15.9;28.7;Sat Jul 20 2019 06:48:56 GMT+0200 (CEST);Sat Jul 20 2019 04:48:56 GMT+0200 (CEST);1563598136000;0.23;988.15
1380556833984591;15.9;25.7;Sat Jul 20 2019 06:50:20 GMT+0200 (CEST);Sat Jul 20 2019 04:50:20 GMT+0200 (CEST);1563598220000;0.26;988.15
1380556833984591;14.9;28.4;Sat Jul 20 2019 06:52:19 GMT+0200 (CEST);Sat Jul 20 2019 04:52:19 GMT+0200 (CEST);1563598339000;0.33;988.15
1380556833984591;15.9;31;Sat Jul 20 2019 06:54:02 GMT+0200 (CEST);Sat Jul 20 2019 04:54:02 GMT+0200 (CEST);1563598442000;0.43;988.15
1380556833984591;18.5;33.4;Sat Jul 20 2019 06:55:24 GMT+0200 (CEST);Sat Jul 20 2019 04:55:24 GMT+0200 (CEST);1563598524000;0.4;988.15
1380556833984591;18.5;33.3;Sat Jul 20 2019 06:56:45 GMT+0200 (CEST);Sat Jul 20 2019 04:56:45 GMT+0200 (CEST);1563598605000;0.45;988.15
1380556833984591;19;33.8;Sat Jul 20 2019 06:58:07 GMT+0200 (CEST);Sat Jul 20 2019 04:58:07 GMT+0200 (CEST);1563598687000;0.52;988.15
1380556833984591;20.5;32.8;Sat Jul 20 2019 06:59:28 GMT+0200 (CEST);Sat Jul 20 2019 04:59:28 GMT+0200 (CEST);1563598768000;0.54;988.15
1380556833984591;20.5;32.8;Sat Jul 20 2019 07:00:49 GMT+0200 (CEST);Sat Jul 20 2019 05:00:49 GMT+0200 (CEST);1563598849000;0.55;988.15
1380556833984591;20.5;31.2;Sat Jul 20 2019 07:02:11 GMT+0200 (CEST);Sat Jul 20 2019 05:02:11 GMT+0200 (CEST);1563598931000;0.55;988.15
1380556833984591;20.5;28.7;Sat Jul 20 2019 07:03:33 GMT+0200 (CEST);Sat Jul 20 2019 05:03:33 GMT+0200 (CEST);1563599013000;0.44;988.15
1380556833984591;19;21.6;Sat Jul 20 2019 07:04:55 GMT+0200 (CEST);Sat Jul 20 2019 05:04:55 GMT+0200 (CEST);1563599095000;0.51;988.15
1380556833984591;18.5;20.9;Sat Jul 20 2019 07:06:17 GMT+0200 (CEST);Sat Jul 20 2019 05:06:17 GMT+0200 (CEST);1563599177000;0.48;988.15
1380556833984591;15.9;20.9;Sat Jul 20 2019 07:07:41 GMT+0200 (CEST);Sat Jul 20 2019 05:07:41 GMT+0200 (CEST);1563599261000;0.37;988.15
1380556833984591;15.9;21.5;Sat Jul 20 2019 07:09:09 GMT+0200 (CEST);Sat Jul 20 2019 05:09:09 GMT+0200 (CEST);1563599349000;0.42;988.15
1380556833984591;15.9;21.7;Sat Jul 20 2019 07:10:30 GMT+0200 (CEST);Sat Jul 20 2019 05:10:30 GMT+0200 (CEST);1563599430000;0.53;988.15
1380556833984591;15.9;22.3;Sat Jul 20 2019 07:12:06 GMT+0200 (CEST);Sat Jul 20 2019 05:12:06 GMT+0200 (CEST);1563599526000;0.63;988.15
1380556833984591;15.9;21.9;Sat Jul 20 2019 07:13:28 GMT+0200 (CEST);Sat Jul 20 2019 05:13:28 GMT+0200 (CEST);1563599608000;0.67;988.15
1380556833984591;15.9;22.1;Sat Jul 20 2019 07:14:59 GMT+0200 (CEST);Sat Jul 20 2019 05:14:59 GMT+0200 (CEST);1563599699000;0.61;988.15
1380556833984591;15.9;29.1;Sat Jul 20 2019 07:16:20 GMT+0200 (CEST);Sat Jul 20 2019 05:16:20 GMT+0200 (CEST);1563599780000;0.68;988.15
1380556833984591;18.5;24.7;Sat Jul 20 2019 07:17:41 GMT+0200 (CEST);Sat Jul 20 2019 05:17:41 GMT+0200 (CEST);1563599861000;0.69;988.15
1380556833984591;18.5;28.7;Sat Jul 20 2019 07:19:02 GMT+0200 (CEST);Sat Jul 20 2019 05:19:02 GMT+0200 (CEST);1563599942000;0.68;988.15
1380556833984591;19;28.8;Sat Jul 20 2019 07:20:24 GMT+0200 (CEST);Sat Jul 20 2019 05:20:24 GMT+0200 (CEST);1563600024000;0.49;988.15
1380556833984591;19;25.2;Sat Jul 20 2019 07:21:46 GMT+0200 (CEST);Sat Jul 20 2019 05:21:46 GMT+0200 (CEST);1563600106000;0.44;988.15
1380556833984591;19;26.1;Sat Jul 20 2019 07:23:22 GMT+0200 (CEST);Sat Jul 20 2019 05:23:22 GMT+0200 (CEST);1563600202000;0.36;988.15
1380556833984591;19;27.7;Sat Jul 20 2019 07:24:52 GMT+0200 (CEST);Sat Jul 20 2019 05:24:52 GMT+0200 (CEST);1563600292000;0.29;988.15
1380556833984591;19;27.4;Sat Jul 20 2019 07:26:13 GMT+0200 (CEST);Sat Jul 20 2019 05:26:13 GMT+0200 (CEST);1563600373000;0.29;988.15
1380556833984591;19;28.1;Sat Jul 20 2019 07:27:36 GMT+0200 (CEST);Sat Jul 20 2019 05:27:36 GMT+0200 (CEST);1563600456000;0.39;988.15
1380556833984591;19;31.3;Sat Jul 20 2019 07:28:57 GMT+0200 (CEST);Sat Jul 20 2019 05:28:57 GMT+0200 (CEST);1563600537000;0.67;988.15
1380556833984591;19;32;Sat Jul 20 2019 07:30:19 GMT+0200 (CEST);Sat Jul 20 2019 05:30:19 GMT+0200 (CEST);1563600619000;0.78;988.15
1380556833984591;19;32.1;Sat Jul 20 2019 07:31:46 GMT+0200 (CEST);Sat Jul 20 2019 05:31:46 GMT+0200 (CEST);1563600706000;0.72;988.15
1380556833984591;21;31.5;Sat Jul 20 2019 07:33:13 GMT+0200 (CEST);Sat Jul 20 2019 05:33:13 GMT+0200 (CEST);1563600793000;0.43;988.15
1380556833984591;21;29.9;Sat Jul 20 2019 07:34:42 GMT+0200 (CEST);Sat Jul 20 2019 05:34:42 GMT+0200 (CEST);1563600882000;0.49;988.15
1380556833984591;21;31.3;Sat Jul 20 2019 07:36:04 GMT+0200 (CEST);Sat Jul 20 2019 05:36:04 GMT+0200 (CEST);1563600964000;0.54;988.15
1380556833984591;21;29;Sat Jul 20 2019 07:37:33 GMT+0200 (CEST);Sat Jul 20 2019 05:37:33 GMT+0200 (CEST);1563601053000;0.51;988.15
1380556833984591;21;26;Sat Jul 20 2019 07:38:54 GMT+0200 (CEST);Sat Jul 20 2019 05:38:54 GMT+0200 (CEST);1563601134000;0.59;988.15
1380556833984591;21;28.9;Sat Jul 20 2019 07:40:15 GMT+0200 (CEST);Sat Jul 20 2019 05:40:15 GMT+0200 (CEST);1563601215000;0.92;988.15
1380556833984591;21;32;Sat Jul 20 2019 07:41:36 GMT+0200 (CEST);Sat Jul 20 2019 05:41:36 GMT+0200 (CEST);1563601296000;1.03;988.15
1380556833984591;22.5;32.1;Sat Jul 20 2019 07:42:57 GMT+0200 (CEST);Sat Jul 20 2019 05:42:57 GMT+0200 (CEST);1563601377000;1.04;988.15
1380556833984591;22.5;32.2;Sat Jul 20 2019 07:44:18 GMT+0200 (CEST);Sat Jul 20 2019 05:44:18 GMT+0200 (CEST);1563601458000;1.05;988.15
1380556833984591;22.5;33.1;Sat Jul 20 2019 07:45:44 GMT+0200 (CEST);Sat Jul 20 2019 05:45:44 GMT+0200 (CEST);1563601544000;0.93;988.15
1380556833984591;22.5;33.2;Sat Jul 20 2019 07:47:05 GMT+0200 (CEST);Sat Jul 20 2019 05:47:05 GMT+0200 (CEST);1563601625000;0.99;988.15
1380556833984591;23;33.2;Sat Jul 20 2019 07:48:30 GMT+0200 (CEST);Sat Jul 20 2019 05:48:30 GMT+0200 (CEST);1563601710000;1.05;988.15
1380556833984591;23;33.2;Sat Jul 20 2019 07:49:56 GMT+0200 (CEST);Sat Jul 20 2019 05:49:56 GMT+0200 (CEST);1563601796000;1.11;988.15
1380556833984591;23;33.2;Sat Jul 20 2019 07:51:22 GMT+0200 (CEST);Sat Jul 20 2019 05:51:22 GMT+0200 (CEST);1563601882000;1.15;988.15
1380556833984591;24.5;33.1;Sat Jul 20 2019 07:52:43 GMT+0200 (CEST);Sat Jul 20 2019 05:52:43 GMT+0200 (CEST);1563601963000;1.16;988.15
1380556833984591;24.5;33.1;Sat Jul 20 2019 07:54:07 GMT+0200 (CEST);Sat Jul 20 2019 05:54:07 GMT+0200 (CEST);1563602047000;1.21;988.15
1380556833984591;24.5;32.5;Sat Jul 20 2019 07:55:50 GMT+0200 (CEST);Sat Jul 20 2019 05:55:50 GMT+0200 (CEST);1563602150000;1.26;988.15
1380556833984591;25;32.6;Sat Jul 20 2019 07:57:14 GMT+0200 (CEST);Sat Jul 20 2019 05:57:14 GMT+0200 (CEST);1563602234000;1.09;988.15
1380556833984591;25;33.3;Sat Jul 20 2019 07:58:38 GMT+0200 (CEST);Sat Jul 20 2019 05:58:38 GMT+0200 (CEST);1563602318000;1.28;988.15
1380556833984591;25;32.8;Sat Jul 20 2019 08:00:00 GMT+0200 (CEST);Sat Jul 20 2019 06:00:00 GMT+0200 (CEST);1563602400000;1.18;988.15
1380556833984591;26.5;32.8;Sat Jul 20 2019 08:01:23 GMT+0200 (CEST);Sat Jul 20 2019 06:01:23 GMT+0200 (CEST);1563602483000;1.32;988.15
1380556833984591;26.5;33.1;Sat Jul 20 2019 08:02:47 GMT+0200 (CEST);Sat Jul 20 2019 06:02:47 GMT+0200 (CEST);1563602567000;1.39;988.15
1380556833984591;26.5;32.3;Sat Jul 20 2019 08:04:16 GMT+0200 (CEST);Sat Jul 20 2019 06:04:16 GMT+0200 (CEST);1563602656000;1.42;988.15
1380556833984591;27;32.3;Sat Jul 20 2019 08:05:48 GMT+0200 (CEST);Sat Jul 20 2019 06:05:48 GMT+0200 (CEST);1563602748000;1.44;988.15
1380556833984591;27;33.4;Sat Jul 20 2019 08:07:09 GMT+0200 (CEST);Sat Jul 20 2019 06:07:09 GMT+0200 (CEST);1563602829000;1.46;988.15
1380556833984591;27;33.4;Sat Jul 20 2019 08:08:39 GMT+0200 (CEST);Sat Jul 20 2019 06:08:39 GMT+0200 (CEST);1563602919000;1.47;988.15
1380556833984591;27;32.5;Sat Jul 20 2019 08:10:00 GMT+0200 (CEST);Sat Jul 20 2019 06:10:00 GMT+0200 (CEST);1563603000000;1.53;988.15
1380556833984591;28.5;32.4;Sat Jul 20 2019 08:11:21 GMT+0200 (CEST);Sat Jul 20 2019 06:11:21 GMT+0200 (CEST);1563603081000;1.56;988.15
1380556833984591;28.5;32.4;Sat Jul 20 2019 08:12:55 GMT+0200 (CEST);Sat Jul 20 2019 06:12:55 GMT+0200 (CEST);1563603175000;1.59;988.15
1380556833984591;28.5;32.4;Sat Jul 20 2019 08:14:16 GMT+0200 (CEST);Sat Jul 20 2019 06:14:16 GMT+0200 (CEST);1563603256000;1.61;988.15
1380556833984591;28.5;33;Sat Jul 20 2019 08:15:38 GMT+0200 (CEST);Sat Jul 20 2019 06:15:38 GMT+0200 (CEST);1563603338000;1.64;988.15
1380556833984591;28.5;32.7;Sat Jul 20 2019 08:17:05 GMT+0200 (CEST);Sat Jul 20 2019 06:17:05 GMT+0200 (CEST);1563603425000;1.67;988.15
1380556833984591;28.5;32.6;Sat Jul 20 2019 08:18:28 GMT+0200 (CEST);Sat Jul 20 2019 06:18:28 GMT+0200 (CEST);1563603508000;1.7;988.15
1380556833984591;29;32.7;Sat Jul 20 2019 08:19:54 GMT+0200 (CEST);Sat Jul 20 2019 06:19:54 GMT+0200 (CEST);1563603594000;1.72;988.15
1380556833984591;29;33.1;Sat Jul 20 2019 08:21:17 GMT+0200 (CEST);Sat Jul 20 2019 06:21:17 GMT+0200 (CEST);1563603677000;1.74;988.15
1380556833984591;29;33;Sat Jul 20 2019 08:22:39 GMT+0200 (CEST);Sat Jul 20 2019 06:22:39 GMT+0200 (CEST);1563603759000;1.78;988.15
1380556833984591;30.5;32.9;Sat Jul 20 2019 08:24:03 GMT+0200 (CEST);Sat Jul 20 2019 06:24:03 GMT+0200 (CEST);1563603843000;1.78;988.15
1380556833984591;30.5;32.8;Sat Jul 20 2019 08:25:26 GMT+0200 (CEST);Sat Jul 20 2019 06:25:26 GMT+0200 (CEST);1563603926000;1.83;988.15
1380556833984591;30.5;32.8;Sat Jul 20 2019 08:26:56 GMT+0200 (CEST);Sat Jul 20 2019 06:26:56 GMT+0200 (CEST);1563604016000;1.88;988.15
1380556833984591;30.5;32.7;Sat Jul 20 2019 08:28:17 GMT+0200 (CEST);Sat Jul 20 2019 06:28:17 GMT+0200 (CEST);1563604097000;1.91;988.15
1380556833984591;31.1;32.6;Sat Jul 20 2019 08:29:42 GMT+0200 (CEST);Sat Jul 20 2019 06:29:42 GMT+0200 (CEST);1563604182000;1.54;988.15
1380556833984591;31.1;32.6;Sat Jul 20 2019 08:31:01 GMT+0200 (CEST);Sat Jul 20 2019 06:31:01 GMT+0200 (CEST);1563604261000;1.95;988.15
1380556833984591;31.1;32.6;Sat Jul 20 2019 08:32:23 GMT+0200 (CEST);Sat Jul 20 2019 06:32:23 GMT+0200 (CEST);1563604343000;1.99;988.15
1380556833984591;32.1;32.6;Sat Jul 20 2019 08:33:42 GMT+0200 (CEST);Sat Jul 20 2019 06:33:42 GMT+0200 (CEST);1563604422000;1.79;988.15
1380556833984591;32.1;32.6;Sat Jul 20 2019 08:35:30 GMT+0200 (CEST);Sat Jul 20 2019 06:35:30 GMT+0200 (CEST);1563604530000;1.82;988.15
1380556833984591;46.7;31.2;Sat Jul 20 2019 10:40:40 GMT+0200 (CEST);Sat Jul 20 2019 08:40:40 GMT+0200 (CEST);1563612040000;3.75;988.15
1380556833984591;46.7;31.1;Sat Jul 20 2019 10:42:12 GMT+0200 (CEST);Sat Jul 20 2019 08:42:12 GMT+0200 (CEST);1563612132000;4.08;988.15
1380556833984591;46.7;31.2;Sat Jul 20 2019 10:43:32 GMT+0200 (CEST);Sat Jul 20 2019 08:43:32 GMT+0200 (CEST);1563612212000;4.02;988.15
1380556833984591;46.7;31.4;Sat Jul 20 2019 10:44:53 GMT+0200 (CEST);Sat Jul 20 2019 08:44:53 GMT+0200 (CEST);1563612293000;3.19;988.15
1380556833984591;46.7;31.3;Sat Jul 20 2019 10:46:15 GMT+0200 (CEST);Sat Jul 20 2019 08:46:15 GMT+0200 (CEST);1563612375000;3.32;988.15
1380556833984591;46.7;31.4;Sat Jul 20 2019 10:48:11 GMT+0200 (CEST);Sat Jul 20 2019 08:48:11 GMT+0200 (CEST);1563612491000;3.71;988.15
1380556833984591;46.7;31.3;Sat Jul 20 2019 10:49:37 GMT+0200 (CEST);Sat Jul 20 2019 08:49:37 GMT+0200 (CEST);1563612577000;3.83;988.15
1380556833984591;46.7;31.2;Sat Jul 20 2019 10:50:58 GMT+0200 (CEST);Sat Jul 20 2019 08:50:58 GMT+0200 (CEST);1563612658000;3.91;988.15
1380556833984591;46.7;31.2;Sat Jul 20 2019 10:52:21 GMT+0200 (CEST);Sat Jul 20 2019 08:52:21 GMT+0200 (CEST);1563612741000;3.76;988.15
1380556833984591;46.7;31.1;Sat Jul 20 2019 10:53:51 GMT+0200 (CEST);Sat Jul 20 2019 08:53:51 GMT+0200 (CEST);1563612831000;3.88;988.15
1380556833984591;46.7;31;Sat Jul 20 2019 10:55:14 GMT+0200 (CEST);Sat Jul 20 2019 08:55:14 GMT+0200 (CEST);1563612914000;4.11;988.15
1380556833984591;46.7;30.9;Sat Jul 20 2019 10:56:36 GMT+0200 (CEST);Sat Jul 20 2019 08:56:36 GMT+0200 (CEST);1563612996000;4.34;988.15
1380556833984591;46.7;30.8;Sat Jul 20 2019 10:57:59 GMT+0200 (CEST);Sat Jul 20 2019 08:57:59 GMT+0200 (CEST);1563613079000;4.35;988.15
1380556833984591;46.7;30.8;Sat Jul 20 2019 10:59:22 GMT+0200 (CEST);Sat Jul 20 2019 08:59:22 GMT+0200 (CEST);1563613162000;4.28;988.15
1380556833984591;46.7;30.8;Sat Jul 20 2019 11:00:47 GMT+0200 (CEST);Sat Jul 20 2019 09:00:47 GMT+0200 (CEST);1563613247000;4.27;988.15
1380556833984591;47.2;30.8;Sat Jul 20 2019 11:02:11 GMT+0200 (CEST);Sat Jul 20 2019 09:02:11 GMT+0200 (CEST);1563613331000;4;988.15
1380556833984591;47.2;30.6;Sat Jul 20 2019 11:03:42 GMT+0200 (CEST);Sat Jul 20 2019 09:03:42 GMT+0200 (CEST);1563613422000;4.11;988.15
1380556833984591;47.2;30.7;Sat Jul 20 2019 11:05:04 GMT+0200 (CEST);Sat Jul 20 2019 09:05:04 GMT+0200 (CEST);1563613504000;4.24;988.15
1380556833984591;47.2;30.5;Sat Jul 20 2019 11:06:26 GMT+0200 (CEST);Sat Jul 20 2019 09:06:26 GMT+0200 (CEST);1563613586000;3.38;988.15
1380556833984591;47.2;30.5;Sat Jul 20 2019 11:07:47 GMT+0200 (CEST);Sat Jul 20 2019 09:07:47 GMT+0200 (CEST);1563613667000;3.36;988.15
1380556833984591;47.2;31;Sat Jul 20 2019 11:09:13 GMT+0200 (CEST);Sat Jul 20 2019 09:09:13 GMT+0200 (CEST);1563613753000;3.88;988.15
1380556833984591;47.2;31.1;Sat Jul 20 2019 11:10:35 GMT+0200 (CEST);Sat Jul 20 2019 09:10:35 GMT+0200 (CEST);1563613835000;4.18;988.15
1380556833984591;48.2;31;Sat Jul 20 2019 11:12:13 GMT+0200 (CEST);Sat Jul 20 2019 09:12:13 GMT+0200 (CEST);1563613933000;4.23;988.15
1380556833984591;48.2;30.9;Sat Jul 20 2019 11:13:35 GMT+0200 (CEST);Sat Jul 20 2019 09:13:35 GMT+0200 (CEST);1563614015000;4.49;988.15
1380556833984591;48.2;30.9;Sat Jul 20 2019 11:15:00 GMT+0200 (CEST);Sat Jul 20 2019 09:15:00 GMT+0200 (CEST);1563614100000;4.68;988.15
1380556833984591;48.2;30.8;Sat Jul 20 2019 11:16:41 GMT+0200 (CEST);Sat Jul 20 2019 09:16:41 GMT+0200 (CEST);1563614201000;4.28;988.15
1380556833984591;48.2;30.7;Sat Jul 20 2019 11:18:04 GMT+0200 (CEST);Sat Jul 20 2019 09:18:04 GMT+0200 (CEST);1563614284000;3.93;988.15
1380556833984591;48.2;30.6;Sat Jul 20 2019 11:19:32 GMT+0200 (CEST);Sat Jul 20 2019 09:19:32 GMT+0200 (CEST);1563614372000;4.48;988.15
1380556833984591;48.2;30.8;Sat Jul 20 2019 11:21:25 GMT+0200 (CEST);Sat Jul 20 2019 09:21:25 GMT+0200 (CEST);1563614485000;4.03;988.15
1380556833984591;48.2;30.9;Sat Jul 20 2019 11:22:46 GMT+0200 (CEST);Sat Jul 20 2019 09:22:46 GMT+0200 (CEST);1563614566000;4.06;988.15
1380556833984591;48.2;30.6;Sat Jul 20 2019 11:24:13 GMT+0200 (CEST);Sat Jul 20 2019 09:24:13 GMT+0200 (CEST);1563614653000;4.17;988.15
1380556833984591;48.2;30.4;Sat Jul 20 2019 11:25:34 GMT+0200 (CEST);Sat Jul 20 2019 09:25:34 GMT+0200 (CEST);1563614734000;4;988.15
1380556833984591;48.2;31;Sat Jul 20 2019 11:27:18 GMT+0200 (CEST);Sat Jul 20 2019 09:27:18 GMT+0200 (CEST);1563614838000;4.18;988.15
1380556833984591;48.2;30.8;Sat Jul 20 2019 11:28:39 GMT+0200 (CEST);Sat Jul 20 2019 09:28:39 GMT+0200 (CEST);1563614919000;3.74;988.15
1380556833984591;48.2;30.8;Sat Jul 20 2019 11:30:01 GMT+0200 (CEST);Sat Jul 20 2019 09:30:01 GMT+0200 (CEST);1563615001000;3.78;988.15
1380556833984591;48.2;31;Sat Jul 20 2019 11:31:23 GMT+0200 (CEST);Sat Jul 20 2019 09:31:23 GMT+0200 (CEST);1563615083000;4.39;988.15
1380556833984591;48.2;30.8;Sat Jul 20 2019 11:32:49 GMT+0200 (CEST);Sat Jul 20 2019 09:32:49 GMT+0200 (CEST);1563615169000;4.47;988.15
1380556833984591;48.2;30.7;Sat Jul 20 2019 11:34:26 GMT+0200 (CEST);Sat Jul 20 2019 09:34:26 GMT+0200 (CEST);1563615266000;4;988.15
1380556833984591;48.2;30.8;Sat Jul 20 2019 11:36:05 GMT+0200 (CEST);Sat Jul 20 2019 09:36:05 GMT+0200 (CEST);1563615365000;4.51;988.15
1380556833984591;48.2;30.6;Sat Jul 20 2019 11:37:34 GMT+0200 (CEST);Sat Jul 20 2019 09:37:34 GMT+0200 (CEST);1563615454000;4.46;988.15
1380556833984591;48.2;30.4;Sat Jul 20 2019 11:38:57 GMT+0200 (CEST);Sat Jul 20 2019 09:38:57 GMT+0200 (CEST);1563615537000;4.24;988.15
1380556833984591;50.7;30.5;Sat Jul 20 2019 11:40:18 GMT+0200 (CEST);Sat Jul 20 2019 09:40:18 GMT+0200 (CEST);1563615618000;4.1;988.15
1380556833984591;50.7;30.3;Sat Jul 20 2019 11:42:03 GMT+0200 (CEST);Sat Jul 20 2019 09:42:03 GMT+0200 (CEST);1563615723000;4.44;988.15
1380556833984591;50.7;30.3;Sat Jul 20 2019 11:43:24 GMT+0200 (CEST);Sat Jul 20 2019 09:43:24 GMT+0200 (CEST);1563615804000;4.47;988.15
1380556833984591;51.2;30.4;Sat Jul 20 2019 11:44:53 GMT+0200 (CEST);Sat Jul 20 2019 09:44:53 GMT+0200 (CEST);1563615893000;4.57;988.15
1380556833984591;51.2;30.2;Sat Jul 20 2019 11:46:19 GMT+0200 (CEST);Sat Jul 20 2019 09:46:19 GMT+0200 (CEST);1563615979000;4.45;988.15
1380556833984591;51.2;30.2;Sat Jul 20 2019 11:48:04 GMT+0200 (CEST);Sat Jul 20 2019 09:48:04 GMT+0200 (CEST);1563616084000;4.58;988.15
1380556833984591;52.7;30.2;Sat Jul 20 2019 11:49:46 GMT+0200 (CEST);Sat Jul 20 2019 09:49:46 GMT+0200 (CEST);1563616186000;4.41;988.15
1380556833984591;52.7;30.2;Sat Jul 20 2019 11:51:10 GMT+0200 (CEST);Sat Jul 20 2019 09:51:10 GMT+0200 (CEST);1563616270000;4.58;988.15
1380556833984591;52.7;30.2;Sat Jul 20 2019 11:52:50 GMT+0200 (CEST);Sat Jul 20 2019 09:52:50 GMT+0200 (CEST);1563616370000;4.43;988.15
1380556833984591;52.7;30.2;Sat Jul 20 2019 11:54:14 GMT+0200 (CEST);Sat Jul 20 2019 09:54:14 GMT+0200 (CEST);1563616454000;4.41;988.15
1380556833984591;52.7;30.4;Sat Jul 20 2019 11:55:37 GMT+0200 (CEST);Sat Jul 20 2019 09:55:37 GMT+0200 (CEST);1563616537000;4.32;988.15
1380556833984591;52.7;30.3;Sat Jul 20 2019 11:57:23 GMT+0200 (CEST);Sat Jul 20 2019 09:57:23 GMT+0200 (CEST);1563616643000;4.64;988.15
1380556833984591;52.7;30.3;Sat Jul 20 2019 11:58:47 GMT+0200 (CEST);Sat Jul 20 2019 09:58:47 GMT+0200 (CEST);1563616727000;4.46;988.15
1380556833984591;52.7;30.3;Sat Jul 20 2019 12:00:15 GMT+0200 (CEST);Sat Jul 20 2019 10:00:15 GMT+0200 (CEST);1563616815000;4.4;988.15
1380556833984591;52.7;30.2;Sat Jul 20 2019 12:01:40 GMT+0200 (CEST);Sat Jul 20 2019 10:01:40 GMT+0200 (CEST);1563616900000;4.34;988.15
1380556833984591;52.7;30.2;Sat Jul 20 2019 12:03:16 GMT+0200 (CEST);Sat Jul 20 2019 10:03:16 GMT+0200 (CEST);1563616996000;4.65;988.15
1380556833984591;52.7;30.2;Sat Jul 20 2019 12:04:37 GMT+0200 (CEST);Sat Jul 20 2019 10:04:37 GMT+0200 (CEST);1563617077000;4.69;988.15
1380556833984591;52.7;30.1;Sat Jul 20 2019 12:06:02 GMT+0200 (CEST);Sat Jul 20 2019 10:06:02 GMT+0200 (CEST);1563617162000;5.01;988.15
1380556833984591;52.7;30.1;Sat Jul 20 2019 12:07:44 GMT+0200 (CEST);Sat Jul 20 2019 10:07:44 GMT+0200 (CEST);1563617264000;4.91;988.15
1380556833984591;52.7;30.1;Sat Jul 20 2019 12:09:07 GMT+0200 (CEST);Sat Jul 20 2019 10:09:07 GMT+0200 (CEST);1563617347000;4.83;988.15
1380556833984591;52.7;29.9;Sat Jul 20 2019 12:10:49 GMT+0200 (CEST);Sat Jul 20 2019 10:10:49 GMT+0200 (CEST);1563617449000;4.7;988.15
1380556833984591;52.7;29.9;Sat Jul 20 2019 12:12:29 GMT+0200 (CEST);Sat Jul 20 2019 10:12:29 GMT+0200 (CEST);1563617549000;4.63;988.15
1380556833984591;52.7;29.9;Sat Jul 20 2019 12:13:52 GMT+0200 (CEST);Sat Jul 20 2019 10:13:52 GMT+0200 (CEST);1563617632000;4.42;988.15
1380556833984591;53.2;30;Sat Jul 20 2019 12:15:15 GMT+0200 (CEST);Sat Jul 20 2019 10:15:15 GMT+0200 (CEST);1563617715000;4.94;988.15
1380556833984591;53.2;29.9;Sat Jul 20 2019 12:16:47 GMT+0200 (CEST);Sat Jul 20 2019 10:16:47 GMT+0200 (CEST);1563617807000;4.87;988.15
1380556833984591;53.2;29.9;Sat Jul 20 2019 12:18:09 GMT+0200 (CEST);Sat Jul 20 2019 10:18:09 GMT+0200 (CEST);1563617889000;4.37;988.15
1380556833984591;53.2;30;Sat Jul 20 2019 12:19:40 GMT+0200 (CEST);Sat Jul 20 2019 10:19:40 GMT+0200 (CEST);1563617980000;4.41;988.15
1380556833984591;53.2;30;Sat Jul 20 2019 12:21:10 GMT+0200 (CEST);Sat Jul 20 2019 10:21:10 GMT+0200 (CEST);1563618070000;4.03;988.15
1380556833984591;53.2;30.1;Sat Jul 20 2019 12:22:52 GMT+0200 (CEST);Sat Jul 20 2019 10:22:52 GMT+0200 (CEST);1563618172000;3.92;988.15
1380556833984591;53.2;30.2;Sat Jul 20 2019 12:24:14 GMT+0200 (CEST);Sat Jul 20 2019 10:24:14 GMT+0200 (CEST);1563618254000;4.68;988.15
1380556833984591;53.2;30.2;Sat Jul 20 2019 12:25:46 GMT+0200 (CEST);Sat Jul 20 2019 10:25:46 GMT+0200 (CEST);1563618346000;4.78;988.15
1380556833984591;53.2;30.2;Sat Jul 20 2019 12:27:21 GMT+0200 (CEST);Sat Jul 20 2019 10:27:21 GMT+0200 (CEST);1563618441000;4.83;988.15
1380556833984591;53.2;29.9;Sat Jul 20 2019 12:28:54 GMT+0200 (CEST);Sat Jul 20 2019 10:28:54 GMT+0200 (CEST);1563618534000;4.68;988.15
1380556833984591;53.2;29.9;Sat Jul 20 2019 12:30:16 GMT+0200 (CEST);Sat Jul 20 2019 10:30:16 GMT+0200 (CEST);1563618616000;4.41;988.15
1380556833984591;53.2;29.7;Sat Jul 20 2019 12:31:41 GMT+0200 (CEST);Sat Jul 20 2019 10:31:41 GMT+0200 (CEST);1563618701000;4.43;988.15
1380556833984591;53.2;29.7;Sat Jul 20 2019 12:33:05 GMT+0200 (CEST);Sat Jul 20 2019 10:33:05 GMT+0200 (CEST);1563618785000;1.42;988.15
1380556833984591;53.2;29.1;Sat Jul 20 2019 12:34:27 GMT+0200 (CEST);Sat Jul 20 2019 10:34:27 GMT+0200 (CEST);1563618867000;4.73;988.15
1380556833984591;52.7;30.6;Sat Jul 20 2019 12:36:30 GMT+0200 (CEST);Sat Jul 20 2019 10:36:30 GMT+0200 (CEST);1563618990000;4.91;988.15
1380556833984591;52.7;30.2;Sat Jul 20 2019 12:37:55 GMT+0200 (CEST);Sat Jul 20 2019 10:37:55 GMT+0200 (CEST);1563619075000;5.15;988.15
1380556833984591;52.7;30.1;Sat Jul 20 2019 12:39:17 GMT+0200 (CEST);Sat Jul 20 2019 10:39:17 GMT+0200 (CEST);1563619157000;5.09;988.15
1380556833984591;52.7;29.9;Sat Jul 20 2019 12:40:45 GMT+0200 (CEST);Sat Jul 20 2019 10:40:45 GMT+0200 (CEST);1563619245000;4.83;988.15
1380556833984591;53.2;29.7;Sat Jul 20 2019 12:42:32 GMT+0200 (CEST);Sat Jul 20 2019 10:42:32 GMT+0200 (CEST);1563619352000;4.68;988.15
1380556833984591;53.2;29.7;Sat Jul 20 2019 12:44:01 GMT+0200 (CEST);Sat Jul 20 2019 10:44:01 GMT+0200 (CEST);1563619441000;4.97;988.15
1380556833984591;53.2;29.7;Sat Jul 20 2019 12:45:24 GMT+0200 (CEST);Sat Jul 20 2019 10:45:24 GMT+0200 (CEST);1563619524000;4.85;988.15
1380556833984591;54.7;29.6;Sat Jul 20 2019 12:46:45 GMT+0200 (CEST);Sat Jul 20 2019 10:46:45 GMT+0200 (CEST);1563619605000;4.77;988.15
1380556833984591;54.7;29.6;Sat Jul 20 2019 12:48:18 GMT+0200 (CEST);Sat Jul 20 2019 10:48:18 GMT+0200 (CEST);1563619698000;4.57;988.15
1380556833984591;54.7;29.7;Sat Jul 20 2019 12:49:58 GMT+0200 (CEST);Sat Jul 20 2019 10:49:58 GMT+0200 (CEST);1563619798000;4.14;988.15
1380556833984591;54.7;29.9;Sat Jul 20 2019 12:51:48 GMT+0200 (CEST);Sat Jul 20 2019 10:51:48 GMT+0200 (CEST);1563619908000;4.04;988.15
1380556833984591;54.7;30;Sat Jul 20 2019 12:53:31 GMT+0200 (CEST);Sat Jul 20 2019 10:53:31 GMT+0200 (CEST);1563620011000;3.83;988.15
1380556833984591;54.7;30.1;Sat Jul 20 2019 12:55:06 GMT+0200 (CEST);Sat Jul 20 2019 10:55:06 GMT+0200 (CEST);1563620106000;3.87;988.15
1380556833984591;54.7;30.2;Sat Jul 20 2019 12:56:28 GMT+0200 (CEST);Sat Jul 20 2019 10:56:28 GMT+0200 (CEST);1563620188000;4.07;988.15
1380556833984591;54.7;30.2;Sat Jul 20 2019 12:57:57 GMT+0200 (CEST);Sat Jul 20 2019 10:57:57 GMT+0200 (CEST);1563620277000;3.82;988.15
1380556833984591;54.7;30.3;Sat Jul 20 2019 12:59:24 GMT+0200 (CEST);Sat Jul 20 2019 10:59:24 GMT+0200 (CEST);1563620364000;3.72;988.15
1380556833984591;54.7;30.5;Sat Jul 20 2019 13:00:47 GMT+0200 (CEST);Sat Jul 20 2019 11:00:47 GMT+0200 (CEST);1563620447000;3.78;988.15
1380556833984591;54.7;30.6;Sat Jul 20 2019 13:02:34 GMT+0200 (CEST);Sat Jul 20 2019 11:02:34 GMT+0200 (CEST);1563620554000;3.98;988.15
1380556833984591;54.7;30.6;Sat Jul 20 2019 13:03:55 GMT+0200 (CEST);Sat Jul 20 2019 11:03:55 GMT+0200 (CEST);1563620635000;3.32;988.15
1380556833984591;54.7;30.7;Sat Jul 20 2019 13:05:24 GMT+0200 (CEST);Sat Jul 20 2019 11:05:24 GMT+0200 (CEST);1563620724000;3.53;988.15
1380556833984591;54.7;30.8;Sat Jul 20 2019 13:06:46 GMT+0200 (CEST);Sat Jul 20 2019 11:06:46 GMT+0200 (CEST);1563620806000;3.79;988.15
1380556833984591;54.7;30.8;Sat Jul 20 2019 13:08:07 GMT+0200 (CEST);Sat Jul 20 2019 11:08:07 GMT+0200 (CEST);1563620887000;3.8;988.15
1380556833984591;54.7;30.7;Sat Jul 20 2019 13:09:34 GMT+0200 (CEST);Sat Jul 20 2019 11:09:34 GMT+0200 (CEST);1563620974000;4.1;988.15
1380556833984591;52.7;30.8;Sat Jul 20 2019 13:10:57 GMT+0200 (CEST);Sat Jul 20 2019 11:10:57 GMT+0200 (CEST);1563621057000;4.34;988.15
1380556833984591;52.7;30.8;Sat Jul 20 2019 13:12:23 GMT+0200 (CEST);Sat Jul 20 2019 11:12:23 GMT+0200 (CEST);1563621143000;4.38;988.15
1380556833984591;52.7;30.7;Sat Jul 20 2019 13:13:45 GMT+0200 (CEST);Sat Jul 20 2019 11:13:45 GMT+0200 (CEST);1563621225000;4.33;988.15
1380556833984591;52.7;30.7;Sat Jul 20 2019 13:15:24 GMT+0200 (CEST);Sat Jul 20 2019 11:15:24 GMT+0200 (CEST);1563621324000;4.79;988.15
1380556833984591;52.7;30.6;Sat Jul 20 2019 13:16:46 GMT+0200 (CEST);Sat Jul 20 2019 11:16:46 GMT+0200 (CEST);1563621406000;4.61;988.15
1380556833984591;52.7;30.5;Sat Jul 20 2019 13:18:09 GMT+0200 (CEST);Sat Jul 20 2019 11:18:09 GMT+0200 (CEST);1563621489000;4.55;988.15
1380556833984591;52.7;30.4;Sat Jul 20 2019 13:19:33 GMT+0200 (CEST);Sat Jul 20 2019 11:19:33 GMT+0200 (CEST);1563621573000;4.39;988.15
1380556833984591;52.7;30.4;Sat Jul 20 2019 13:21:09 GMT+0200 (CEST);Sat Jul 20 2019 11:21:09 GMT+0200 (CEST);1563621669000;4.22;988.15
1380556833984591;52.7;30.3;Sat Jul 20 2019 13:22:38 GMT+0200 (CEST);Sat Jul 20 2019 11:22:38 GMT+0200 (CEST);1563621758000;4.1;988.15
1380556833984591;52.7;30.5;Sat Jul 20 2019 13:24:13 GMT+0200 (CEST);Sat Jul 20 2019 11:24:13 GMT+0200 (CEST);1563621853000;4.65;988.15
1380556833984591;52.7;30.5;Sat Jul 20 2019 13:25:37 GMT+0200 (CEST);Sat Jul 20 2019 11:25:37 GMT+0200 (CEST);1563621937000;4.37;988.15
1380556833984591;52.7;30.5;Sat Jul 20 2019 13:27:13 GMT+0200 (CEST);Sat Jul 20 2019 11:27:13 GMT+0200 (CEST);1563622033000;4.29;988.15
1380556833984591;52.7;30.4;Sat Jul 20 2019 13:28:34 GMT+0200 (CEST);Sat Jul 20 2019 11:28:34 GMT+0200 (CEST);1563622114000;4.29;988.15
1380556833984591;52.7;30.3;Sat Jul 20 2019 13:29:57 GMT+0200 (CEST);Sat Jul 20 2019 11:29:57 GMT+0200 (CEST);1563622197000;4.2;988.15
1380556833984591;52.7;30.3;Sat Jul 20 2019 13:31:22 GMT+0200 (CEST);Sat Jul 20 2019 11:31:22 GMT+0200 (CEST);1563622282000;4.37;988.15
1380556833984591;52.7;30.2;Sat Jul 20 2019 13:32:47 GMT+0200 (CEST);Sat Jul 20 2019 11:32:47 GMT+0200 (CEST);1563622367000;4.29;988.15
1380556833984591;52.7;30.2;Sat Jul 20 2019 13:34:08 GMT+0200 (CEST);Sat Jul 20 2019 11:34:08 GMT+0200 (CEST);1563622448000;4.16;988.15
1380556833984591;52.7;30.1;Sat Jul 20 2019 13:35:30 GMT+0200 (CEST);Sat Jul 20 2019 11:35:30 GMT+0200 (CEST);1563622530000;4.44;988.15
1380556833984591;52.7;30.2;Sat Jul 20 2019 13:36:59 GMT+0200 (CEST);Sat Jul 20 2019 11:36:59 GMT+0200 (CEST);1563622619000;4.74;988.15
1380556833984591;52.7;30.3;Sat Jul 20 2019 13:38:32 GMT+0200 (CEST);Sat Jul 20 2019 11:38:32 GMT+0200 (CEST);1563622712000;4.96;988.15
1380556833984591;53.2;30.1;Sat Jul 20 2019 13:40:12 GMT+0200 (CEST);Sat Jul 20 2019 11:40:12 GMT+0200 (CEST);1563622812000;3.81;988.15
1380556833984591;53.2;30.4;Sat Jul 20 2019 13:41:34 GMT+0200 (CEST);Sat Jul 20 2019 11:41:34 GMT+0200 (CEST);1563622894000;4.67;988.15
1380556833984591;53.2;30.1;Sat Jul 20 2019 13:42:56 GMT+0200 (CEST);Sat Jul 20 2019 11:42:56 GMT+0200 (CEST);1563622976000;4.13;988.15
1380556833984591;53.2;30.3;Sat Jul 20 2019 13:44:32 GMT+0200 (CEST);Sat Jul 20 2019 11:44:32 GMT+0200 (CEST);1563623072000;4.31;988.15
1380556833984591;53.2;30.2;Sat Jul 20 2019 13:46:03 GMT+0200 (CEST);Sat Jul 20 2019 11:46:03 GMT+0200 (CEST);1563623163000;4.28;988.15
1380556833984591;53.2;30.2;Sat Jul 20 2019 13:47:24 GMT+0200 (CEST);Sat Jul 20 2019 11:47:24 GMT+0200 (CEST);1563623244000;3.1;988.15
1380556833984591;54.7;30.2;Sat Jul 20 2019 13:48:50 GMT+0200 (CEST);Sat Jul 20 2019 11:48:50 GMT+0200 (CEST);1563623330000;3.42;988.15
1380556833984591;54.7;30.5;Sat Jul 20 2019 13:50:12 GMT+0200 (CEST);Sat Jul 20 2019 11:50:12 GMT+0200 (CEST);1563623412000;3.11;988.15
1380556833984591;54.7;30.8;Sat Jul 20 2019 13:52:02 GMT+0200 (CEST);Sat Jul 20 2019 11:52:02 GMT+0200 (CEST);1563623522000;4.02;988.15
1380556833984591;54.7;30.6;Sat Jul 20 2019 13:53:26 GMT+0200 (CEST);Sat Jul 20 2019 11:53:26 GMT+0200 (CEST);1563623606000;3.9;988.15
1380556833984591;52.7;30.6;Sat Jul 20 2019 13:55:09 GMT+0200 (CEST);Sat Jul 20 2019 11:55:09 GMT+0200 (CEST);1563623709000;4.1;988.15
1380556833984591;52.7;30.6;Sat Jul 20 2019 13:56:46 GMT+0200 (CEST);Sat Jul 20 2019 11:56:46 GMT+0200 (CEST);1563623806000;3.16;988.15
1380556833984591;52.7;30.5;Sat Jul 20 2019 13:58:08 GMT+0200 (CEST);Sat Jul 20 2019 11:58:08 GMT+0200 (CEST);1563623888000;3.24;988.15
1380556833984591;52.7;30.8;Sat Jul 20 2019 13:59:35 GMT+0200 (CEST);Sat Jul 20 2019 11:59:35 GMT+0200 (CEST);1563623975000;4.58;988.15
1380556833984591;52.7;30.7;Sat Jul 20 2019 14:01:29 GMT+0200 (CEST);Sat Jul 20 2019 12:01:29 GMT+0200 (CEST);1563624089000;3.88;988.15
1380556833984591;52.7;30.8;Sat Jul 20 2019 14:02:50 GMT+0200 (CEST);Sat Jul 20 2019 12:02:50 GMT+0200 (CEST);1563624170000;3.6;988.15
1380556833984591;52.7;30.8;Sat Jul 20 2019 14:04:13 GMT+0200 (CEST);Sat Jul 20 2019 12:04:13 GMT+0200 (CEST);1563624253000;3.48;988.15
1380556833984591;52.7;30.7;Sat Jul 20 2019 14:05:36 GMT+0200 (CEST);Sat Jul 20 2019 12:05:36 GMT+0200 (CEST);1563624336000;3.08;988.15
1380556833984591;52.7;30.8;Sat Jul 20 2019 14:07:51 GMT+0200 (CEST);Sat Jul 20 2019 12:07:51 GMT+0200 (CEST);1563624471000;2.67;988.15
1380556833984591;52.7;30.9;Sat Jul 20 2019 14:09:34 GMT+0200 (CEST);Sat Jul 20 2019 12:09:34 GMT+0200 (CEST);1563624574000;3.47;988.15
1380556833984591;52.7;30.9;Sat Jul 20 2019 14:11:00 GMT+0200 (CEST);Sat Jul 20 2019 12:11:00 GMT+0200 (CEST);1563624660000;3.21;988.15
1380556833984591;52.7;31;Sat Jul 20 2019 14:12:22 GMT+0200 (CEST);Sat Jul 20 2019 12:12:22 GMT+0200 (CEST);1563624742000;3.9;988.15
1380556833984591;51.2;31.2;Sat Jul 20 2019 14:13:43 GMT+0200 (CEST);Sat Jul 20 2019 12:13:43 GMT+0200 (CEST);1563624823000;4.58;988.15
1380556833984591;51.2;30.7;Sat Jul 20 2019 14:15:14 GMT+0200 (CEST);Sat Jul 20 2019 12:15:14 GMT+0200 (CEST);1563624914000;5.2;988.15
1380556833984591;51.2;30.6;Sat Jul 20 2019 14:16:35 GMT+0200 (CEST);Sat Jul 20 2019 12:16:35 GMT+0200 (CEST);1563624995000;5.37;988.15
1380556833984591;51.2;30.3;Sat Jul 20 2019 14:18:20 GMT+0200 (CEST);Sat Jul 20 2019 12:18:20 GMT+0200 (CEST);1563625100000;5.34;988.15
1380556833984591;51.2;30;Sat Jul 20 2019 14:19:45 GMT+0200 (CEST);Sat Jul 20 2019 12:19:45 GMT+0200 (CEST);1563625185000;4.98;889.51
1380556833984591;51.2;29.9;Sat Jul 20 2019 14:21:08 GMT+0200 (CEST);Sat Jul 20 2019 12:21:08 GMT+0200 (CEST);1563625268000;4.26;889.51
1380556833984591;53.2;30.4;Sat Jul 20 2019 14:23:23 GMT+0200 (CEST);Sat Jul 20 2019 12:23:23 GMT+0200 (CEST);1563625403000;3.1;889.51
1380556833984591;53.2;29.9;Sat Jul 20 2019 14:24:46 GMT+0200 (CEST);Sat Jul 20 2019 12:24:46 GMT+0200 (CEST);1563625486000;2.53;889.51
1380556833984591;53.2;30.6;Sat Jul 20 2019 14:26:24 GMT+0200 (CEST);Sat Jul 20 2019 12:26:24 GMT+0200 (CEST);1563625584000;4.57;889.51
1380556833984591;53.2;30.6;Sat Jul 20 2019 14:27:50 GMT+0200 (CEST);Sat Jul 20 2019 12:27:50 GMT+0200 (CEST);1563625670000;4.23;889.51
1380556833984591;52.7;30.8;Sat Jul 20 2019 14:29:11 GMT+0200 (CEST);Sat Jul 20 2019 12:29:11 GMT+0200 (CEST);1563625751000;3.64;889.51
1380556833984591;52.7;30.8;Sat Jul 20 2019 14:30:48 GMT+0200 (CEST);Sat Jul 20 2019 12:30:48 GMT+0200 (CEST);1563625848000;3.52;889.51
1380556833984591;52.7;30.9;Sat Jul 20 2019 14:32:23 GMT+0200 (CEST);Sat Jul 20 2019 12:32:23 GMT+0200 (CEST);1563625943000;4.12;889.51
1380556833984591;53.2;31.1;Sat Jul 20 2019 14:33:48 GMT+0200 (CEST);Sat Jul 20 2019 12:33:48 GMT+0200 (CEST);1563626028000;3.94;889.51
1380556833984591;53.2;31;Sat Jul 20 2019 14:35:14 GMT+0200 (CEST);Sat Jul 20 2019 12:35:14 GMT+0200 (CEST);1563626114000;3.11;889.51
1380556833984591;53.2;30.3;Sat Jul 20 2019 14:37:07 GMT+0200 (CEST);Sat Jul 20 2019 12:37:07 GMT+0200 (CEST);1563626227000;4.47;889.51
1380556833984591;53.2;30.4;Sat Jul 20 2019 14:39:04 GMT+0200 (CEST);Sat Jul 20 2019 12:39:04 GMT+0200 (CEST);1563626344000;4.58;889.51
1380556833984591;53.2;30.9;Sat Jul 20 2019 14:40:26 GMT+0200 (CEST);Sat Jul 20 2019 12:40:26 GMT+0200 (CEST);1563626426000;4.71;889.51
1380556833984591;52.7;30.6;Sat Jul 20 2019 14:42:06 GMT+0200 (CEST);Sat Jul 20 2019 12:42:06 GMT+0200 (CEST);1563626526000;4.67;889.51
1380556833984591;52.7;30.6;Sat Jul 20 2019 14:43:30 GMT+0200 (CEST);Sat Jul 20 2019 12:43:30 GMT+0200 (CEST);1563626610000;4.3;889.51
1380556833984591;52.7;30.5;Sat Jul 20 2019 14:44:54 GMT+0200 (CEST);Sat Jul 20 2019 12:44:54 GMT+0200 (CEST);1563626694000;3.91;889.51
1380556833984591;53.2;30.5;Sat Jul 20 2019 14:46:37 GMT+0200 (CEST);Sat Jul 20 2019 12:46:37 GMT+0200 (CEST);1563626797000;4.78;889.51
1380556833984591;53.2;30.8;Sat Jul 20 2019 14:48:05 GMT+0200 (CEST);Sat Jul 20 2019 12:48:05 GMT+0200 (CEST);1563626885000;4.33;889.51
1380556833984591;53.2;30.6;Sat Jul 20 2019 14:49:40 GMT+0200 (CEST);Sat Jul 20 2019 12:49:40 GMT+0200 (CEST);1563626980000;3.52;889.51
1380556833984591;54.7;30.6;Sat Jul 20 2019 14:51:20 GMT+0200 (CEST);Sat Jul 20 2019 12:51:20 GMT+0200 (CEST);1563627080000;3.25;889.51
1380556833984591;54.7;30.4;Sat Jul 20 2019 14:52:41 GMT+0200 (CEST);Sat Jul 20 2019 12:52:41 GMT+0200 (CEST);1563627161000;2.79;889.51
1380556833984591;54.7;31;Sat Jul 20 2019 14:54:38 GMT+0200 (CEST);Sat Jul 20 2019 12:54:38 GMT+0200 (CEST);1563627278000;3.11;889.51
1380556833984591;54.7;31;Sat Jul 20 2019 14:56:02 GMT+0200 (CEST);Sat Jul 20 2019 12:56:02 GMT+0200 (CEST);1563627362000;2.96;889.51
1380556833984591;54.7;31;Sat Jul 20 2019 14:57:38 GMT+0200 (CEST);Sat Jul 20 2019 12:57:38 GMT+0200 (CEST);1563627458000;3.31;889.51
1380556833984591;54.7;31.2;Sat Jul 20 2019 14:59:00 GMT+0200 (CEST);Sat Jul 20 2019 12:59:00 GMT+0200 (CEST);1563627540000;2.8;889.51
1380556833984591;54.7;31.6;Sat Jul 20 2019 15:00:31 GMT+0200 (CEST);Sat Jul 20 2019 13:00:31 GMT+0200 (CEST);1563627631000;4.01;889.51
1380556833984591;52.7;31.2;Sat Jul 20 2019 15:02:05 GMT+0200 (CEST);Sat Jul 20 2019 13:02:05 GMT+0200 (CEST);1563627725000;3.98;889.51
1380556833984591;52.7;31.6;Sat Jul 20 2019 15:03:32 GMT+0200 (CEST);Sat Jul 20 2019 13:03:32 GMT+0200 (CEST);1563627812000;3.26;889.51
1380556833984591;52.7;30.2;Sat Jul 20 2019 15:05:04 GMT+0200 (CEST);Sat Jul 20 2019 13:05:04 GMT+0200 (CEST);1563627904000;2.15;889.51
1380556833984591;52.7;30.4;Sat Jul 20 2019 15:06:31 GMT+0200 (CEST);Sat Jul 20 2019 13:06:31 GMT+0200 (CEST);1563627991000;3.56;889.51
1380556833984591;52.7;31.2;Sat Jul 20 2019 15:07:56 GMT+0200 (CEST);Sat Jul 20 2019 13:07:56 GMT+0200 (CEST);1563628076000;3.9;889.51
1380556833984591;52.7;31.5;Sat Jul 20 2019 15:09:31 GMT+0200 (CEST);Sat Jul 20 2019 13:09:31 GMT+0200 (CEST);1563628171000;3.98;889.51
1380556833984591;52.7;31.2;Sat Jul 20 2019 15:10:56 GMT+0200 (CEST);Sat Jul 20 2019 13:10:56 GMT+0200 (CEST);1563628256000;3.29;889.51
1380556833984591;52.7;30.9;Sat Jul 20 2019 15:13:08 GMT+0200 (CEST);Sat Jul 20 2019 13:13:08 GMT+0200 (CEST);1563628388000;3.9;889.51
1380556833984591;52.7;31;Sat Jul 20 2019 15:14:31 GMT+0200 (CEST);Sat Jul 20 2019 13:14:31 GMT+0200 (CEST);1563628471000;4;889.51
1380556833984591;52.7;31;Sat Jul 20 2019 15:15:54 GMT+0200 (CEST);Sat Jul 20 2019 13:15:54 GMT+0200 (CEST);1563628554000;3.84;889.51
1380556833984591;52.7;30.2;Sat Jul 20 2019 15:17:27 GMT+0200 (CEST);Sat Jul 20 2019 13:17:27 GMT+0200 (CEST);1563628647000;3.04;889.51
1380556833984591;52.7;30.9;Sat Jul 20 2019 15:18:51 GMT+0200 (CEST);Sat Jul 20 2019 13:18:51 GMT+0200 (CEST);1563628731000;3.42;889.51
1380556833984591;52.7;30.8;Sat Jul 20 2019 15:20:35 GMT+0200 (CEST);Sat Jul 20 2019 13:20:35 GMT+0200 (CEST);1563628835000;3.35;889.51
1380556833984591;52.7;31.9;Sat Jul 20 2019 15:21:58 GMT+0200 (CEST);Sat Jul 20 2019 13:21:58 GMT+0200 (CEST);1563628918000;3.09;889.51
1380556833984591;52.7;31.6;Sat Jul 20 2019 15:23:23 GMT+0200 (CEST);Sat Jul 20 2019 13:23:23 GMT+0200 (CEST);1563629003000;3.55;889.51
1380556833984591;52.7;30.7;Sat Jul 20 2019 15:24:48 GMT+0200 (CEST);Sat Jul 20 2019 13:24:48 GMT+0200 (CEST);1563629088000;2.46;889.51
1380556833984591;52.7;30.3;Sat Jul 20 2019 15:26:14 GMT+0200 (CEST);Sat Jul 20 2019 13:26:14 GMT+0200 (CEST);1563629174000;1.76;889.51
1380556833984591;52.7;30.5;Sat Jul 20 2019 15:27:40 GMT+0200 (CEST);Sat Jul 20 2019 13:27:40 GMT+0200 (CEST);1563629260000;1.75;889.51
1380556833984591;50.7;30.8;Sat Jul 20 2019 15:29:06 GMT+0200 (CEST);Sat Jul 20 2019 13:29:06 GMT+0200 (CEST);1563629346000;1.75;889.51
1380556833984591;50.7;30.9;Sat Jul 20 2019 15:30:31 GMT+0200 (CEST);Sat Jul 20 2019 13:30:31 GMT+0200 (CEST);1563629431000;1.91;889.51
1380556833984591;50.7;31.3;Sat Jul 20 2019 15:31:57 GMT+0200 (CEST);Sat Jul 20 2019 13:31:57 GMT+0200 (CEST);1563629517000;2.35;889.51
1380556833984591;50.7;32.7;Sat Jul 20 2019 15:33:29 GMT+0200 (CEST);Sat Jul 20 2019 13:33:29 GMT+0200 (CEST);1563629609000;3.11;889.51
1380556833984591;50.7;32;Sat Jul 20 2019 15:35:04 GMT+0200 (CEST);Sat Jul 20 2019 13:35:04 GMT+0200 (CEST);1563629704000;4.03;889.51
1380556833984591;50.7;31.2;Sat Jul 20 2019 15:36:31 GMT+0200 (CEST);Sat Jul 20 2019 13:36:31 GMT+0200 (CEST);1563629791000;4.51;889.51
1380556833984591;50.7;31.7;Sat Jul 20 2019 15:37:54 GMT+0200 (CEST);Sat Jul 20 2019 13:37:54 GMT+0200 (CEST);1563629874000;4.42;889.51
1380556833984591;50.7;30.6;Sat Jul 20 2019 15:39:18 GMT+0200 (CEST);Sat Jul 20 2019 13:39:18 GMT+0200 (CEST);1563629958000;4.55;889.51
1380556833984591;50.7;30.1;Sat Jul 20 2019 15:40:57 GMT+0200 (CEST);Sat Jul 20 2019 13:40:57 GMT+0200 (CEST);1563630057000;4.49;889.51
1380556833984591;50.7;30.8;Sat Jul 20 2019 15:42:23 GMT+0200 (CEST);Sat Jul 20 2019 13:42:23 GMT+0200 (CEST);1563630143000;4.34;889.51
1380556833984591;50.7;31;Sat Jul 20 2019 15:43:53 GMT+0200 (CEST);Sat Jul 20 2019 13:43:53 GMT+0200 (CEST);1563630233000;2.89;889.51
1380556833984591;50.7;30.8;Sat Jul 20 2019 15:45:17 GMT+0200 (CEST);Sat Jul 20 2019 13:45:17 GMT+0200 (CEST);1563630317000;3.43;889.51
1380556833984591;50.7;31.3;Sat Jul 20 2019 15:46:44 GMT+0200 (CEST);Sat Jul 20 2019 13:46:44 GMT+0200 (CEST);1563630404000;2.45;889.51
1380556833984591;50.7;30.1;Sat Jul 20 2019 15:48:08 GMT+0200 (CEST);Sat Jul 20 2019 13:48:08 GMT+0200 (CEST);1563630488000;2.04;889.51
1380556833984591;51.2;30.9;Sat Jul 20 2019 15:49:49 GMT+0200 (CEST);Sat Jul 20 2019 13:49:49 GMT+0200 (CEST);1563630589000;1.84;889.51
1380556833984591;51.2;31.8;Sat Jul 20 2019 15:52:04 GMT+0200 (CEST);Sat Jul 20 2019 13:52:04 GMT+0200 (CEST);1563630724000;2.27;889.51
1380556833984591;50.7;32.1;Sat Jul 20 2019 15:53:39 GMT+0200 (CEST);Sat Jul 20 2019 13:53:39 GMT+0200 (CEST);1563630819000;3.17;889.51
1380556833984591;50.7;32.5;Sat Jul 20 2019 15:55:10 GMT+0200 (CEST);Sat Jul 20 2019 13:55:10 GMT+0200 (CEST);1563630910000;3.51;889.51
1380556833984591;50.7;31;Sat Jul 20 2019 15:56:49 GMT+0200 (CEST);Sat Jul 20 2019 13:56:49 GMT+0200 (CEST);1563631009000;3.67;889.51
1380556833984591;50.7;30.9;Sat Jul 20 2019 15:58:16 GMT+0200 (CEST);Sat Jul 20 2019 13:58:16 GMT+0200 (CEST);1563631096000;3.99;889.51
1380556833984591;50.7;30.4;Sat Jul 20 2019 15:59:39 GMT+0200 (CEST);Sat Jul 20 2019 13:59:39 GMT+0200 (CEST);1563631179000;3.65;889.51
1380556833984591;50.7;30.5;Sat Jul 20 2019 16:01:20 GMT+0200 (CEST);Sat Jul 20 2019 14:01:20 GMT+0200 (CEST);1563631280000;1.56;889.51
1380556833984591;50.7;30;Sat Jul 20 2019 16:03:00 GMT+0200 (CEST);Sat Jul 20 2019 14:03:00 GMT+0200 (CEST);1563631380000;2.21;889.51
1380556833984591;50.7;31;Sat Jul 20 2019 16:04:52 GMT+0200 (CEST);Sat Jul 20 2019 14:04:52 GMT+0200 (CEST);1563631492000;3.35;889.51
1380556833984591;50.7;30.5;Sat Jul 20 2019 16:06:43 GMT+0200 (CEST);Sat Jul 20 2019 14:06:43 GMT+0200 (CEST);1563631603000;3.37;889.51
1380556833984591;50.7;32.1;Sat Jul 20 2019 16:08:11 GMT+0200 (CEST);Sat Jul 20 2019 14:08:11 GMT+0200 (CEST);1563631691000;4.17;889.51
1380556833984591;50.7;31.3;Sat Jul 20 2019 16:09:46 GMT+0200 (CEST);Sat Jul 20 2019 14:09:46 GMT+0200 (CEST);1563631786000;2.17;889.51
1380556833984591;50.7;30.6;Sat Jul 20 2019 16:11:11 GMT+0200 (CEST);Sat Jul 20 2019 14:11:11 GMT+0200 (CEST);1563631871000;1.65;889.51
1380556833984591;48.2;31.2;Sat Jul 20 2019 16:12:44 GMT+0200 (CEST);Sat Jul 20 2019 14:12:44 GMT+0200 (CEST);1563631964000;2.37;889.51
1380556833984591;48.2;31.2;Sat Jul 20 2019 16:14:21 GMT+0200 (CEST);Sat Jul 20 2019 14:14:21 GMT+0200 (CEST);1563632061000;2.27;889.51
1380556833984591;48.2;31;Sat Jul 20 2019 16:15:43 GMT+0200 (CEST);Sat Jul 20 2019 14:15:43 GMT+0200 (CEST);1563632143000;1.36;889.51
1380556833984591;48.2;30.8;Sat Jul 20 2019 16:17:19 GMT+0200 (CEST);Sat Jul 20 2019 14:17:19 GMT+0200 (CEST);1563632239000;1.16;889.51
1380556833984591;48.2;31;Sat Jul 20 2019 16:18:56 GMT+0200 (CEST);Sat Jul 20 2019 14:18:56 GMT+0200 (CEST);1563632336000;1.35;889.51
1380556833984591;48.2;31.5;Sat Jul 20 2019 16:20:29 GMT+0200 (CEST);Sat Jul 20 2019 14:20:29 GMT+0200 (CEST);1563632429000;1.31;889.51
1380556833984591;46.7;31.3;Sat Jul 20 2019 16:22:36 GMT+0200 (CEST);Sat Jul 20 2019 14:22:36 GMT+0200 (CEST);1563632556000;1.24;889.51
1380556833984591;46.7;31.7;Sat Jul 20 2019 16:24:30 GMT+0200 (CEST);Sat Jul 20 2019 14:24:30 GMT+0200 (CEST);1563632670000;3.12;889.51
1380556833984591;46.7;32.9;Sat Jul 20 2019 16:25:52 GMT+0200 (CEST);Sat Jul 20 2019 14:25:52 GMT+0200 (CEST);1563632752000;3.11;889.51
1380556833984591;46.7;33;Sat Jul 20 2019 16:27:32 GMT+0200 (CEST);Sat Jul 20 2019 14:27:32 GMT+0200 (CEST);1563632852000;3.07;889.51
1380556833984591;46.7;31.4;Sat Jul 20 2019 16:29:03 GMT+0200 (CEST);Sat Jul 20 2019 14:29:03 GMT+0200 (CEST);1563632943000;1.69;889.51
1380556833984591;46.7;31.2;Sat Jul 20 2019 16:30:25 GMT+0200 (CEST);Sat Jul 20 2019 14:30:25 GMT+0200 (CEST);1563633025000;1.49;889.51
1380556833984591;46.7;31.2;Sat Jul 20 2019 16:31:48 GMT+0200 (CEST);Sat Jul 20 2019 14:31:48 GMT+0200 (CEST);1563633108000;1.58;889.51
1380556833984591;46.7;31.3;Sat Jul 20 2019 16:33:27 GMT+0200 (CEST);Sat Jul 20 2019 14:33:27 GMT+0200 (CEST);1563633207000;1.38;889.51
1380556833984591;46.7;31.5;Sat Jul 20 2019 16:34:50 GMT+0200 (CEST);Sat Jul 20 2019 14:34:50 GMT+0200 (CEST);1563633290000;1.55;889.51
1380556833984591;46.7;31.9;Sat Jul 20 2019 16:36:32 GMT+0200 (CEST);Sat Jul 20 2019 14:36:32 GMT+0200 (CEST);1563633392000;2.72;889.51
1380556833984591;45.2;32.3;Sat Jul 20 2019 16:38:35 GMT+0200 (CEST);Sat Jul 20 2019 14:38:35 GMT+0200 (CEST);1563633515000;2.61;889.51
1380556833984591;45.2;32.1;Sat Jul 20 2019 16:40:01 GMT+0200 (CEST);Sat Jul 20 2019 14:40:01 GMT+0200 (CEST);1563633601000;2.06;889.51
1380556833984591;45.2;32.2;Sat Jul 20 2019 16:41:23 GMT+0200 (CEST);Sat Jul 20 2019 14:41:23 GMT+0200 (CEST);1563633683000;3.86;889.51
1380556833984591;45.2;31.8;Sat Jul 20 2019 16:42:45 GMT+0200 (CEST);Sat Jul 20 2019 14:42:45 GMT+0200 (CEST);1563633765000;4.02;889.51
1380556833984591;45.2;31.1;Sat Jul 20 2019 16:44:08 GMT+0200 (CEST);Sat Jul 20 2019 14:44:08 GMT+0200 (CEST);1563633848000;3.94;889.51
1380556833984591;45.2;30.8;Sat Jul 20 2019 16:46:00 GMT+0200 (CEST);Sat Jul 20 2019 14:46:00 GMT+0200 (CEST);1563633960000;3.94;889.51
1380556833984591;46.7;30.6;Sat Jul 20 2019 16:48:06 GMT+0200 (CEST);Sat Jul 20 2019 14:48:06 GMT+0200 (CEST);1563634086000;3.93;889.51
1380556833984591;46.7;31;Sat Jul 20 2019 16:49:30 GMT+0200 (CEST);Sat Jul 20 2019 14:49:30 GMT+0200 (CEST);1563634170000;3.82;889.51
1380556833984591;47.2;31.4;Sat Jul 20 2019 16:51:39 GMT+0200 (CEST);Sat Jul 20 2019 14:51:39 GMT+0200 (CEST);1563634299000;3.75;889.51
1380556833984591;47.2;30.4;Sat Jul 20 2019 16:53:02 GMT+0200 (CEST);Sat Jul 20 2019 14:53:02 GMT+0200 (CEST);1563634382000;3.84;889.51
1380556833984591;47.2;30.2;Sat Jul 20 2019 16:55:19 GMT+0200 (CEST);Sat Jul 20 2019 14:55:19 GMT+0200 (CEST);1563634519000;1.45;889.51
1380556833984591;48.2;30.4;Sat Jul 20 2019 16:56:43 GMT+0200 (CEST);Sat Jul 20 2019 14:56:43 GMT+0200 (CEST);1563634603000;3.7;889.51
1380556833984591;48.2;30.5;Sat Jul 20 2019 16:58:06 GMT+0200 (CEST);Sat Jul 20 2019 14:58:06 GMT+0200 (CEST);1563634686000;3.63;889.51
1380556833984591;48.2;30.3;Sat Jul 20 2019 16:59:30 GMT+0200 (CEST);Sat Jul 20 2019 14:59:30 GMT+0200 (CEST);1563634770000;3.64;889.51
1380556833984591;48.2;30.3;Sat Jul 20 2019 17:00:57 GMT+0200 (CEST);Sat Jul 20 2019 15:00:57 GMT+0200 (CEST);1563634857000;3.24;889.51
1380556833984591;48.2;30.4;Sat Jul 20 2019 17:02:31 GMT+0200 (CEST);Sat Jul 20 2019 15:02:31 GMT+0200 (CEST);1563634951000;1.41;889.51
1380556833984591;48.2;30.3;Sat Jul 20 2019 17:03:57 GMT+0200 (CEST);Sat Jul 20 2019 15:03:57 GMT+0200 (CEST);1563635037000;1.26;889.51
1380556833984591;48.2;30.4;Sat Jul 20 2019 17:05:18 GMT+0200 (CEST);Sat Jul 20 2019 15:05:18 GMT+0200 (CEST);1563635118000;1.09;889.51
1380556833984591;48.2;30.6;Sat Jul 20 2019 17:06:49 GMT+0200 (CEST);Sat Jul 20 2019 15:06:49 GMT+0200 (CEST);1563635209000;1.01;889.51
1380556833984591;48.2;30.8;Sat Jul 20 2019 17:08:16 GMT+0200 (CEST);Sat Jul 20 2019 15:08:16 GMT+0200 (CEST);1563635296000;1.01;889.51
1380556833984591;47.2;31;Sat Jul 20 2019 17:09:49 GMT+0200 (CEST);Sat Jul 20 2019 15:09:49 GMT+0200 (CEST);1563635389000;1.11;889.51
1380556833984591;47.2;31.5;Sat Jul 20 2019 17:11:18 GMT+0200 (CEST);Sat Jul 20 2019 15:11:18 GMT+0200 (CEST);1563635478000;1.3;889.51
1380556833984591;47.2;31.6;Sat Jul 20 2019 17:12:43 GMT+0200 (CEST);Sat Jul 20 2019 15:12:43 GMT+0200 (CEST);1563635563000;1.45;889.51
1380556833984591;47.2;32.4;Sat Jul 20 2019 17:14:19 GMT+0200 (CEST);Sat Jul 20 2019 15:14:19 GMT+0200 (CEST);1563635659000;1.7;889.51
1380556833984591;46.7;32.3;Sat Jul 20 2019 17:15:43 GMT+0200 (CEST);Sat Jul 20 2019 15:15:43 GMT+0200 (CEST);1563635743000;1.57;889.51
1380556833984591;46.7;32.1;Sat Jul 20 2019 17:17:10 GMT+0200 (CEST);Sat Jul 20 2019 15:17:10 GMT+0200 (CEST);1563635830000;1.48;889.51
1380556833984591;46.7;32.6;Sat Jul 20 2019 17:18:36 GMT+0200 (CEST);Sat Jul 20 2019 15:18:36 GMT+0200 (CEST);1563635916000;2.52;889.51
1380556833984591;46.7;32.9;Sat Jul 20 2019 17:20:01 GMT+0200 (CEST);Sat Jul 20 2019 15:20:01 GMT+0200 (CEST);1563636001000;2.73;889.51
1380556833984591;46.7;32.9;Sat Jul 20 2019 17:21:24 GMT+0200 (CEST);Sat Jul 20 2019 15:21:24 GMT+0200 (CEST);1563636084000;2.68;889.51
1380556833984591;46.7;32.3;Sat Jul 20 2019 17:22:57 GMT+0200 (CEST);Sat Jul 20 2019 15:22:57 GMT+0200 (CEST);1563636177000;2.33;889.51
1380556833984591;46.7;32.2;Sat Jul 20 2019 17:24:25 GMT+0200 (CEST);Sat Jul 20 2019 15:24:25 GMT+0200 (CEST);1563636265000;2.26;889.51
1380556833984591;45.2;31.2;Sat Jul 20 2019 17:25:50 GMT+0200 (CEST);Sat Jul 20 2019 15:25:50 GMT+0200 (CEST);1563636350000;0.92;889.51
1380556833984591;45.2;30.7;Sat Jul 20 2019 17:27:12 GMT+0200 (CEST);Sat Jul 20 2019 15:27:12 GMT+0200 (CEST);1563636432000;0.89;889.51
1380556833984591;45.2;32;Sat Jul 20 2019 17:28:53 GMT+0200 (CEST);Sat Jul 20 2019 15:28:53 GMT+0200 (CEST);1563636533000;2.17;889.51
1380556833984591;44.7;32.1;Sat Jul 20 2019 17:30:20 GMT+0200 (CEST);Sat Jul 20 2019 15:30:20 GMT+0200 (CEST);1563636620000;0.94;889.51
1380556833984591;44.7;31.3;Sat Jul 20 2019 17:31:46 GMT+0200 (CEST);Sat Jul 20 2019 15:31:46 GMT+0200 (CEST);1563636706000;0.84;889.51
1380556833984591;44.7;31.3;Sat Jul 20 2019 17:33:13 GMT+0200 (CEST);Sat Jul 20 2019 15:33:13 GMT+0200 (CEST);1563636793000;0.95;889.51
1380556833984591;44.7;32.3;Sat Jul 20 2019 17:34:38 GMT+0200 (CEST);Sat Jul 20 2019 15:34:38 GMT+0200 (CEST);1563636878000;0.85;889.51
1380556833984591;44.7;31.5;Sat Jul 20 2019 17:36:00 GMT+0200 (CEST);Sat Jul 20 2019 15:36:00 GMT+0200 (CEST);1563636960000;0.83;889.51
1380556833984591;44.7;32;Sat Jul 20 2019 17:37:22 GMT+0200 (CEST);Sat Jul 20 2019 15:37:22 GMT+0200 (CEST);1563637042000;0.82;889.51
1380556833984591;44.7;31.3;Sat Jul 20 2019 17:38:54 GMT+0200 (CEST);Sat Jul 20 2019 15:38:54 GMT+0200 (CEST);1563637134000;2.02;889.51
1380556833984591;44.7;32.8;Sat Jul 20 2019 17:40:18 GMT+0200 (CEST);Sat Jul 20 2019 15:40:18 GMT+0200 (CEST);1563637218000;2.25;889.51
1380556833984591;44.7;32.7;Sat Jul 20 2019 17:41:41 GMT+0200 (CEST);Sat Jul 20 2019 15:41:41 GMT+0200 (CEST);1563637301000;1.9;889.51
1380556833984591;44.7;32.2;Sat Jul 20 2019 17:43:10 GMT+0200 (CEST);Sat Jul 20 2019 15:43:10 GMT+0200 (CEST);1563637390000;2.29;889.51
1380556833984591;42.6;32.4;Sat Jul 20 2019 17:44:42 GMT+0200 (CEST);Sat Jul 20 2019 15:44:42 GMT+0200 (CEST);1563637482000;2.17;889.51
1380556833984591;42.6;32.4;Sat Jul 20 2019 17:46:04 GMT+0200 (CEST);Sat Jul 20 2019 15:46:04 GMT+0200 (CEST);1563637564000;1.22;889.51
1380556833984591;42.6;31.8;Sat Jul 20 2019 17:47:28 GMT+0200 (CEST);Sat Jul 20 2019 15:47:28 GMT+0200 (CEST);1563637648000;1.15;889.51
1380556833984591;42.6;31.5;Sat Jul 20 2019 17:49:19 GMT+0200 (CEST);Sat Jul 20 2019 15:49:19 GMT+0200 (CEST);1563637759000;1.01;889.51
1380556833984591;42.6;31.5;Sat Jul 20 2019 17:50:48 GMT+0200 (CEST);Sat Jul 20 2019 15:50:48 GMT+0200 (CEST);1563637848000;1.05;889.51
1380556833984591;42.6;32.1;Sat Jul 20 2019 17:52:11 GMT+0200 (CEST);Sat Jul 20 2019 15:52:11 GMT+0200 (CEST);1563637931000;1.95;889.51
1380556833984591;42.6;32.9;Sat Jul 20 2019 17:53:49 GMT+0200 (CEST);Sat Jul 20 2019 15:53:49 GMT+0200 (CEST);1563638029000;1.21;889.51
1380556833984591;42.6;33;Sat Jul 20 2019 17:55:13 GMT+0200 (CEST);Sat Jul 20 2019 15:55:13 GMT+0200 (CEST);1563638113000;1.95;889.51
1380556833984591;42.6;32.9;Sat Jul 20 2019 17:56:37 GMT+0200 (CEST);Sat Jul 20 2019 15:56:37 GMT+0200 (CEST);1563638197000;1.77;889.51
1380556833984591;42.6;32.3;Sat Jul 20 2019 17:58:00 GMT+0200 (CEST);Sat Jul 20 2019 15:58:00 GMT+0200 (CEST);1563638280000;1.87;889.51
1380556833984591;42.6;32.3;Sat Jul 20 2019 17:59:25 GMT+0200 (CEST);Sat Jul 20 2019 15:59:25 GMT+0200 (CEST);1563638365000;2.12;889.51
1380556833984591;42.6;32.7;Sat Jul 20 2019 18:00:48 GMT+0200 (CEST);Sat Jul 20 2019 16:00:48 GMT+0200 (CEST);1563638448000;1.96;889.51
1380556833984591;42.6;32.5;Sat Jul 20 2019 18:02:13 GMT+0200 (CEST);Sat Jul 20 2019 16:02:13 GMT+0200 (CEST);1563638533000;1.24;889.51
1380556833984591;42.6;31.9;Sat Jul 20 2019 18:03:39 GMT+0200 (CEST);Sat Jul 20 2019 16:03:39 GMT+0200 (CEST);1563638619000;1.14;889.51
1380556833984591;42.6;32.7;Sat Jul 20 2019 18:05:04 GMT+0200 (CEST);Sat Jul 20 2019 16:05:04 GMT+0200 (CEST);1563638704000;1.27;889.51
1380556833984591;42.6;31.7;Sat Jul 20 2019 18:06:28 GMT+0200 (CEST);Sat Jul 20 2019 16:06:28 GMT+0200 (CEST);1563638788000;0.84;889.51
1380556833984591;42.6;32.4;Sat Jul 20 2019 18:07:52 GMT+0200 (CEST);Sat Jul 20 2019 16:07:52 GMT+0200 (CEST);1563638872000;1.23;889.51
1380556833984591;40.6;32.2;Sat Jul 20 2019 18:09:32 GMT+0200 (CEST);Sat Jul 20 2019 16:09:32 GMT+0200 (CEST);1563638972000;1.1;889.51
1380556833984591;40.6;32;Sat Jul 20 2019 18:10:59 GMT+0200 (CEST);Sat Jul 20 2019 16:10:59 GMT+0200 (CEST);1563639059000;0.93;889.51
1380556833984591;40.6;32.4;Sat Jul 20 2019 18:12:36 GMT+0200 (CEST);Sat Jul 20 2019 16:12:36 GMT+0200 (CEST);1563639156000;0.85;889.51
1380556833984591;40.1;31.8;Sat Jul 20 2019 18:14:00 GMT+0200 (CEST);Sat Jul 20 2019 16:14:00 GMT+0200 (CEST);1563639240000;0.78;889.51
1380556833984591;40.1;32.1;Sat Jul 20 2019 18:15:26 GMT+0200 (CEST);Sat Jul 20 2019 16:15:26 GMT+0200 (CEST);1563639326000;0.89;889.51
1380556833984591;40.1;32.3;Sat Jul 20 2019 18:16:52 GMT+0200 (CEST);Sat Jul 20 2019 16:16:52 GMT+0200 (CEST);1563639412000;0.81;889.51
1380556833984591;39.1;31.9;Sat Jul 20 2019 18:18:23 GMT+0200 (CEST);Sat Jul 20 2019 16:18:23 GMT+0200 (CEST);1563639503000;0.83;889.51
1380556833984591;39.1;32;Sat Jul 20 2019 18:20:03 GMT+0200 (CEST);Sat Jul 20 2019 16:20:03 GMT+0200 (CEST);1563639603000;0.82;889.51
1380556833984591;39.1;32.2;Sat Jul 20 2019 18:21:25 GMT+0200 (CEST);Sat Jul 20 2019 16:21:25 GMT+0200 (CEST);1563639685000;0.78;889.51
1380556833984591;39.1;31.8;Sat Jul 20 2019 18:22:47 GMT+0200 (CEST);Sat Jul 20 2019 16:22:47 GMT+0200 (CEST);1563639767000;0.79;889.51
1380556833984591;38.6;31.9;Sat Jul 20 2019 18:24:08 GMT+0200 (CEST);Sat Jul 20 2019 16:24:08 GMT+0200 (CEST);1563639848000;0.78;889.51
1380556833984591;38.6;31.8;Sat Jul 20 2019 18:25:33 GMT+0200 (CEST);Sat Jul 20 2019 16:25:33 GMT+0200 (CEST);1563639933000;0.77;889.51
1380556833984591;38.6;32.1;Sat Jul 20 2019 18:26:56 GMT+0200 (CEST);Sat Jul 20 2019 16:26:56 GMT+0200 (CEST);1563640016000;0.82;889.51
1380556833984591;38.6;31.9;Sat Jul 20 2019 18:28:17 GMT+0200 (CEST);Sat Jul 20 2019 16:28:17 GMT+0200 (CEST);1563640097000;0.78;889.51
1380556833984591;38.6;31.8;Sat Jul 20 2019 18:29:39 GMT+0200 (CEST);Sat Jul 20 2019 16:29:39 GMT+0200 (CEST);1563640179000;0.91;889.51
1380556833984591;38.6;32.6;Sat Jul 20 2019 18:31:03 GMT+0200 (CEST);Sat Jul 20 2019 16:31:03 GMT+0200 (CEST);1563640263000;1.3;889.51
1380556833984591;38.6;33.6;Sat Jul 20 2019 18:32:51 GMT+0200 (CEST);Sat Jul 20 2019 16:32:51 GMT+0200 (CEST);1563640371000;1.48;889.51
1380556833984591;38.6;33.9;Sat Jul 20 2019 18:34:13 GMT+0200 (CEST);Sat Jul 20 2019 16:34:13 GMT+0200 (CEST);1563640453000;1.34;889.51
1380556833984591;38.6;33.5;Sat Jul 20 2019 18:35:35 GMT+0200 (CEST);Sat Jul 20 2019 16:35:35 GMT+0200 (CEST);1563640535000;1.08;889.51
1380556833984591;38.6;32.9;Sat Jul 20 2019 18:36:56 GMT+0200 (CEST);Sat Jul 20 2019 16:36:56 GMT+0200 (CEST);1563640616000;1.23;889.51
1380556833984591;38.6;33.6;Sat Jul 20 2019 18:38:26 GMT+0200 (CEST);Sat Jul 20 2019 16:38:26 GMT+0200 (CEST);1563640706000;1.24;889.51
1380556833984591;38.6;33.4;Sat Jul 20 2019 18:39:48 GMT+0200 (CEST);Sat Jul 20 2019 16:39:48 GMT+0200 (CEST);1563640788000;1.13;889.51
1380556833984591;39.1;33.4;Sat Jul 20 2019 18:41:09 GMT+0200 (CEST);Sat Jul 20 2019 16:41:09 GMT+0200 (CEST);1563640869000;1.07;889.51
1380556833984591;39.1;33;Sat Jul 20 2019 18:42:30 GMT+0200 (CEST);Sat Jul 20 2019 16:42:30 GMT+0200 (CEST);1563640950000;1;889.51
1380556833984591;39.1;33.3;Sat Jul 20 2019 18:43:51 GMT+0200 (CEST);Sat Jul 20 2019 16:43:51 GMT+0200 (CEST);1563641031000;0.89;889.51
1380556833984591;39.1;33;Sat Jul 20 2019 18:45:12 GMT+0200 (CEST);Sat Jul 20 2019 16:45:12 GMT+0200 (CEST);1563641112000;0.88;889.51
1380556833984591;39.1;32.5;Sat Jul 20 2019 18:46:33 GMT+0200 (CEST);Sat Jul 20 2019 16:46:33 GMT+0200 (CEST);1563641193000;0.9;889.51
1380556833984591;39.1;33.3;Sat Jul 20 2019 18:48:07 GMT+0200 (CEST);Sat Jul 20 2019 16:48:07 GMT+0200 (CEST);1563641287000;0.85;889.51
1380556833984591;39.1;32.6;Sat Jul 20 2019 18:49:29 GMT+0200 (CEST);Sat Jul 20 2019 16:49:29 GMT+0200 (CEST);1563641369000;0.82;889.51
1380556833984591;39.1;32.9;Sat Jul 20 2019 18:51:04 GMT+0200 (CEST);Sat Jul 20 2019 16:51:04 GMT+0200 (CEST);1563641464000;0.72;889.51
1380556833984591;39.1;33.1;Sat Jul 20 2019 18:52:39 GMT+0200 (CEST);Sat Jul 20 2019 16:52:39 GMT+0200 (CEST);1563641559000;0.75;889.51
1380556833984591;39.1;33;Sat Jul 20 2019 18:54:01 GMT+0200 (CEST);Sat Jul 20 2019 16:54:01 GMT+0200 (CEST);1563641641000;0.73;889.51
1380556833984591;39.1;32.3;Sat Jul 20 2019 18:55:22 GMT+0200 (CEST);Sat Jul 20 2019 16:55:22 GMT+0200 (CEST);1563641722000;0.4;889.51
1380556833984591;39.1;30.6;Sat Jul 20 2019 18:56:43 GMT+0200 (CEST);Sat Jul 20 2019 16:56:43 GMT+0200 (CEST);1563641803000;0.7;889.51
1380556833984591;39.1;32.8;Sat Jul 20 2019 18:58:04 GMT+0200 (CEST);Sat Jul 20 2019 16:58:04 GMT+0200 (CEST);1563641884000;0.7;889.51
1380556833984591;39.1;33;Sat Jul 20 2019 18:59:25 GMT+0200 (CEST);Sat Jul 20 2019 16:59:25 GMT+0200 (CEST);1563641965000;0.4;889.51
1380556833984591;38.6;31.5;Sat Jul 20 2019 19:00:49 GMT+0200 (CEST);Sat Jul 20 2019 17:00:49 GMT+0200 (CEST);1563642049000;0.48;889.51
1380556833984591;38.6;30.9;Sat Jul 20 2019 19:02:10 GMT+0200 (CEST);Sat Jul 20 2019 17:02:10 GMT+0200 (CEST);1563642130000;0.41;889.51
1380556833984591;38.6;32.5;Sat Jul 20 2019 19:03:33 GMT+0200 (CEST);Sat Jul 20 2019 17:03:33 GMT+0200 (CEST);1563642213000;0.58;889.51
1380556833984591;38.6;32.5;Sat Jul 20 2019 19:04:55 GMT+0200 (CEST);Sat Jul 20 2019 17:04:55 GMT+0200 (CEST);1563642295000;0.51;889.51
1380556833984591;38.6;32.1;Sat Jul 20 2019 19:06:34 GMT+0200 (CEST);Sat Jul 20 2019 17:06:34 GMT+0200 (CEST);1563642394000;0.43;889.51
1380556833984591;38.6;32.1;Sat Jul 20 2019 19:08:45 GMT+0200 (CEST);Sat Jul 20 2019 17:08:45 GMT+0200 (CEST);1563642525000;0.45;889.51
1380556833984591;38.6;32.6;Sat Jul 20 2019 19:10:10 GMT+0200 (CEST);Sat Jul 20 2019 17:10:10 GMT+0200 (CEST);1563642610000;0.49;889.51
1380556833984591;37.1;31.4;Sat Jul 20 2019 19:11:33 GMT+0200 (CEST);Sat Jul 20 2019 17:11:33 GMT+0200 (CEST);1563642693000;0.37;889.51
1380556833984591;37.1;31.3;Sat Jul 20 2019 19:12:57 GMT+0200 (CEST);Sat Jul 20 2019 17:12:57 GMT+0200 (CEST);1563642777000;0.33;889.51
1380556833984591;37.1;30.8;Sat Jul 20 2019 19:14:18 GMT+0200 (CEST);Sat Jul 20 2019 17:14:18 GMT+0200 (CEST);1563642858000;0.32;889.51
1380556833984591;36.6;31.1;Sat Jul 20 2019 19:15:49 GMT+0200 (CEST);Sat Jul 20 2019 17:15:49 GMT+0200 (CEST);1563642949000;0.35;889.51
1380556833984591;36.6;31.6;Sat Jul 20 2019 19:17:13 GMT+0200 (CEST);Sat Jul 20 2019 17:17:13 GMT+0200 (CEST);1563643033000;0.39;889.51
1380556833984591;36.6;32.1;Sat Jul 20 2019 19:18:35 GMT+0200 (CEST);Sat Jul 20 2019 17:18:35 GMT+0200 (CEST);1563643115000;0.39;889.51
1380556833984591;36.6;32.2;Sat Jul 20 2019 19:20:02 GMT+0200 (CEST);Sat Jul 20 2019 17:20:02 GMT+0200 (CEST);1563643202000;0.39;889.51
1380556833984591;36.6;32;Sat Jul 20 2019 19:21:23 GMT+0200 (CEST);Sat Jul 20 2019 17:21:23 GMT+0200 (CEST);1563643283000;0.39;889.51
1380556833984591;36.6;32.1;Sat Jul 20 2019 19:23:02 GMT+0200 (CEST);Sat Jul 20 2019 17:23:02 GMT+0200 (CEST);1563643382000;0.4;889.51
1380556833984591;36.6;32.3;Sat Jul 20 2019 19:24:23 GMT+0200 (CEST);Sat Jul 20 2019 17:24:23 GMT+0200 (CEST);1563643463000;0.42;889.51
1380556833984591;36.6;32.3;Sat Jul 20 2019 19:25:46 GMT+0200 (CEST);Sat Jul 20 2019 17:25:46 GMT+0200 (CEST);1563643546000;0.41;889.51
1380556833984591;36.6;32.3;Sat Jul 20 2019 19:27:15 GMT+0200 (CEST);Sat Jul 20 2019 17:27:15 GMT+0200 (CEST);1563643635000;0.41;889.51
1380556833984591;36.6;32.2;Sat Jul 20 2019 19:28:36 GMT+0200 (CEST);Sat Jul 20 2019 17:28:36 GMT+0200 (CEST);1563643716000;0.41;889.51
1380556833984591;36.6;32;Sat Jul 20 2019 19:30:08 GMT+0200 (CEST);Sat Jul 20 2019 17:30:08 GMT+0200 (CEST);1563643808000;0.4;889.51
1380556833984591;36.6;31.1;Sat Jul 20 2019 19:31:29 GMT+0200 (CEST);Sat Jul 20 2019 17:31:29 GMT+0200 (CEST);1563643889000;0.35;889.51
1380556833984591;36.6;31.1;Sat Jul 20 2019 19:32:52 GMT+0200 (CEST);Sat Jul 20 2019 17:32:52 GMT+0200 (CEST);1563643972000;0.35;889.51
1380556833984591;35.1;31.3;Sat Jul 20 2019 19:34:19 GMT+0200 (CEST);Sat Jul 20 2019 17:34:19 GMT+0200 (CEST);1563644059000;0.34;889.51
1380556833984591;35.1;31;Sat Jul 20 2019 19:35:55 GMT+0200 (CEST);Sat Jul 20 2019 17:35:55 GMT+0200 (CEST);1563644155000;0.32;889.51
1380556833984591;35.1;30.6;Sat Jul 20 2019 19:37:26 GMT+0200 (CEST);Sat Jul 20 2019 17:37:26 GMT+0200 (CEST);1563644246000;0.3;889.51
1380556833984591;35.1;30.6;Sat Jul 20 2019 19:38:50 GMT+0200 (CEST);Sat Jul 20 2019 17:38:50 GMT+0200 (CEST);1563644330000;0.28;889.51
1380556833984591;34.6;30.5;Sat Jul 20 2019 19:40:11 GMT+0200 (CEST);Sat Jul 20 2019 17:40:11 GMT+0200 (CEST);1563644411000;0.26;889.51
1380556833984591;34.6;30.6;Sat Jul 20 2019 19:41:34 GMT+0200 (CEST);Sat Jul 20 2019 17:41:34 GMT+0200 (CEST);1563644494000;0.24;889.51
1380556833984591;34.6;30.2;Sat Jul 20 2019 19:43:02 GMT+0200 (CEST);Sat Jul 20 2019 17:43:02 GMT+0200 (CEST);1563644582000;0.23;889.51
1380556833984591;34.6;30.1;Sat Jul 20 2019 19:44:23 GMT+0200 (CEST);Sat Jul 20 2019 17:44:23 GMT+0200 (CEST);1563644663000;0.21;889.51
1380556833984591;34.6;30.1;Sat Jul 20 2019 19:45:45 GMT+0200 (CEST);Sat Jul 20 2019 17:45:45 GMT+0200 (CEST);1563644745000;0.19;889.51
1380556833984591;34.6;30.3;Sat Jul 20 2019 19:47:18 GMT+0200 (CEST);Sat Jul 20 2019 17:47:18 GMT+0200 (CEST);1563644838000;0.18;889.51
1380556833984591;34.6;30.1;Sat Jul 20 2019 19:48:41 GMT+0200 (CEST);Sat Jul 20 2019 17:48:41 GMT+0200 (CEST);1563644921000;0.18;889.51
1380556833984591;34.6;30.2;Sat Jul 20 2019 19:50:05 GMT+0200 (CEST);Sat Jul 20 2019 17:50:05 GMT+0200 (CEST);1563645005000;0.17;889.51
1380556833984591;34.6;30;Sat Jul 20 2019 19:51:55 GMT+0200 (CEST);Sat Jul 20 2019 17:51:55 GMT+0200 (CEST);1563645115000;0.16;889.51
1380556833984591;34.6;30.2;Sat Jul 20 2019 19:53:38 GMT+0200 (CEST);Sat Jul 20 2019 17:53:38 GMT+0200 (CEST);1563645218000;0.15;889.51
1380556833984591;32.1;30.1;Sat Jul 20 2019 19:54:59 GMT+0200 (CEST);Sat Jul 20 2019 17:54:59 GMT+0200 (CEST);1563645299000;0.15;889.51
1380556833984591;32.1;30.1;Sat Jul 20 2019 19:56:21 GMT+0200 (CEST);Sat Jul 20 2019 17:56:21 GMT+0200 (CEST);1563645381000;0.14;889.51
1380556833984591;32.1;30.1;Sat Jul 20 2019 19:57:50 GMT+0200 (CEST);Sat Jul 20 2019 17:57:50 GMT+0200 (CEST);1563645470000;0.13;889.51
1380556833984591;32.1;30.2;Sat Jul 20 2019 19:59:11 GMT+0200 (CEST);Sat Jul 20 2019 17:59:11 GMT+0200 (CEST);1563645551000;0.13;889.51
1380556833984591;32.1;29.6;Sat Jul 20 2019 20:00:33 GMT+0200 (CEST);Sat Jul 20 2019 18:00:33 GMT+0200 (CEST);1563645633000;0.12;889.51
1380556833984591;32.1;29.7;Sat Jul 20 2019 20:01:54 GMT+0200 (CEST);Sat Jul 20 2019 18:01:54 GMT+0200 (CEST);1563645714000;0.1;889.51
1380556833984591;32.1;29.5;Sat Jul 20 2019 20:03:16 GMT+0200 (CEST);Sat Jul 20 2019 18:03:16 GMT+0200 (CEST);1563645796000;0.09;889.51
1380556833984591;32.1;29.8;Sat Jul 20 2019 20:04:37 GMT+0200 (CEST);Sat Jul 20 2019 18:04:37 GMT+0200 (CEST);1563645877000;0.07;889.51
1380556833984591;32.1;29.9;Sat Jul 20 2019 20:05:58 GMT+0200 (CEST);Sat Jul 20 2019 18:05:58 GMT+0200 (CEST);1563645958000;0.06;889.51
1380556833984591;32.1;29.1;Sat Jul 20 2019 20:07:20 GMT+0200 (CEST);Sat Jul 20 2019 18:07:20 GMT+0200 (CEST);1563646040000;0.06;889.51
1380556833984591;31.1;28.8;Sat Jul 20 2019 20:08:45 GMT+0200 (CEST);Sat Jul 20 2019 18:08:45 GMT+0200 (CEST);1563646125000;0.06;889.51
1380556833984591;31.1;28.6;Sat Jul 20 2019 20:10:06 GMT+0200 (CEST);Sat Jul 20 2019 18:10:06 GMT+0200 (CEST);1563646206000;0.07;889.51
1380556833984591;31.1;29.5;Sat Jul 20 2019 20:11:27 GMT+0200 (CEST);Sat Jul 20 2019 18:11:27 GMT+0200 (CEST);1563646287000;0.06;889.51
1380556833984591;31.1;29.5;Sat Jul 20 2019 20:12:48 GMT+0200 (CEST);Sat Jul 20 2019 18:12:48 GMT+0200 (CEST);1563646368000;0.05;889.51
1380556833984591;31.1;28.7;Sat Jul 20 2019 20:14:21 GMT+0200 (CEST);Sat Jul 20 2019 18:14:21 GMT+0200 (CEST);1563646461000;0.04;889.51
1380556833984591;31.1;28.7;Sat Jul 20 2019 20:15:44 GMT+0200 (CEST);Sat Jul 20 2019 18:15:44 GMT+0200 (CEST);1563646544000;0.04;889.51
1380556833984591;31.1;28.8;Sat Jul 20 2019 20:17:19 GMT+0200 (CEST);Sat Jul 20 2019 18:17:19 GMT+0200 (CEST);1563646639000;0.05;889.51
1380556833984591;31.1;28.8;Sat Jul 20 2019 20:19:11 GMT+0200 (CEST);Sat Jul 20 2019 18:19:11 GMT+0200 (CEST);1563646751000;0.06;889.51
1380556833984591;31.1;28.9;Sat Jul 20 2019 20:20:32 GMT+0200 (CEST);Sat Jul 20 2019 18:20:32 GMT+0200 (CEST);1563646832000;0.06;889.51
1380556833984591;31.1;29.3;Sat Jul 20 2019 20:22:04 GMT+0200 (CEST);Sat Jul 20 2019 18:22:04 GMT+0200 (CEST);1563646924000;0.06;889.51
1380556833984591;31.1;29.1;Sat Jul 20 2019 20:23:29 GMT+0200 (CEST);Sat Jul 20 2019 18:23:29 GMT+0200 (CEST);1563647009000;0.05;889.51
1380556833984591;31.1;29;Sat Jul 20 2019 20:24:50 GMT+0200 (CEST);Sat Jul 20 2019 18:24:50 GMT+0200 (CEST);1563647090000;0.05;889.51
1380556833984591;31.1;28.9;Sat Jul 20 2019 20:26:12 GMT+0200 (CEST);Sat Jul 20 2019 18:26:12 GMT+0200 (CEST);1563647172000;0.05;889.51
1380556833984591;31.1;28.8;Sat Jul 20 2019 20:27:35 GMT+0200 (CEST);Sat Jul 20 2019 18:27:35 GMT+0200 (CEST);1563647255000;0.04;889.51
1380556833984591;31.1;28.8;Sat Jul 20 2019 20:28:56 GMT+0200 (CEST);Sat Jul 20 2019 18:28:56 GMT+0200 (CEST);1563647336000;0.03;889.51
1380556833984591;31.1;29.1;Sat Jul 20 2019 20:30:18 GMT+0200 (CEST);Sat Jul 20 2019 18:30:18 GMT+0200 (CEST);1563647418000;0.04;889.51
1380556833984591;31.1;28.6;Sat Jul 20 2019 20:31:48 GMT+0200 (CEST);Sat Jul 20 2019 18:31:48 GMT+0200 (CEST);1563647508000;0.04;889.51
1380556833984591;31.1;28.7;Sat Jul 20 2019 20:33:09 GMT+0200 (CEST);Sat Jul 20 2019 18:33:09 GMT+0200 (CEST);1563647589000;0.04;889.51
1380556833984591;31.1;29.2;Sat Jul 20 2019 20:34:33 GMT+0200 (CEST);Sat Jul 20 2019 18:34:33 GMT+0200 (CEST);1563647673000;0.04;889.51
1380556833984591;31.1;28.7;Sat Jul 20 2019 20:35:57 GMT+0200 (CEST);Sat Jul 20 2019 18:35:57 GMT+0200 (CEST);1563647757000;0.04;889.51
1380556833984591;31.1;28.8;Sat Jul 20 2019 20:37:46 GMT+0200 (CEST);Sat Jul 20 2019 18:37:46 GMT+0200 (CEST);1563647866000;0.03;889.51
1380556833984591;31.1;29.3;Sat Jul 20 2019 20:39:07 GMT+0200 (CEST);Sat Jul 20 2019 18:39:07 GMT+0200 (CEST);1563647947000;0.02;889.51
1380556833984591;31.1;28.4;Sat Jul 20 2019 20:40:28 GMT+0200 (CEST);Sat Jul 20 2019 18:40:28 GMT+0200 (CEST);1563648028000;0.02;889.51
1380556833984591;30.5;28.2;Sat Jul 20 2019 20:41:49 GMT+0200 (CEST);Sat Jul 20 2019 18:41:49 GMT+0200 (CEST);1563648109000;0.01;889.51
1380556833984591;30.5;27.1;Sat Jul 20 2019 20:43:11 GMT+0200 (CEST);Sat Jul 20 2019 18:43:11 GMT+0200 (CEST);1563648191000;0.01;889.51
1380556833984591;30.5;26.2;Sat Jul 20 2019 20:44:32 GMT+0200 (CEST);Sat Jul 20 2019 18:44:32 GMT+0200 (CEST);1563648272000;0;889.51
1380556833984591;30.5;26;Sat Jul 20 2019 20:45:56 GMT+0200 (CEST);Sat Jul 20 2019 18:45:56 GMT+0200 (CEST);1563648356000;0;889.51
1380556833984591;29;26.2;Sat Jul 20 2019 20:47:24 GMT+0200 (CEST);Sat Jul 20 2019 18:47:24 GMT+0200 (CEST);1563648444000;0;889.51
1380556833984591;29;26.6;Sat Jul 20 2019 20:48:45 GMT+0200 (CEST);Sat Jul 20 2019 18:48:45 GMT+0200 (CEST);1563648525000;0;889.51
1380556833984591;29;26.9;Sat Jul 20 2019 20:50:06 GMT+0200 (CEST);Sat Jul 20 2019 18:50:06 GMT+0200 (CEST);1563648606000;0;889.51
1380556833984591;29;27.3;Sat Jul 20 2019 20:51:27 GMT+0200 (CEST);Sat Jul 20 2019 18:51:27 GMT+0200 (CEST);1563648687000;0;889.51
1380556833984591;29;27.7;Sat Jul 20 2019 20:52:49 GMT+0200 (CEST);Sat Jul 20 2019 18:52:49 GMT+0200 (CEST);1563648769000;0;889.51
1380556833984591;29;28.2;Sat Jul 20 2019 20:54:11 GMT+0200 (CEST);Sat Jul 20 2019 18:54:11 GMT+0200 (CEST);1563648851000;0;889.51
1380556833984591;29;27.9;Sat Jul 20 2019 20:55:40 GMT+0200 (CEST);Sat Jul 20 2019 18:55:40 GMT+0200 (CEST);1563648940000;0;889.51
1380556833984591;29;27.4;Sat Jul 20 2019 20:57:14 GMT+0200 (CEST);Sat Jul 20 2019 18:57:14 GMT+0200 (CEST);1563649034000;0;889.51
1380556833984591;29;26.9;Sat Jul 20 2019 20:58:35 GMT+0200 (CEST);Sat Jul 20 2019 18:58:35 GMT+0200 (CEST);1563649115000;0;889.51
1380556833984591;29;27.1;Sat Jul 20 2019 20:59:57 GMT+0200 (CEST);Sat Jul 20 2019 18:59:57 GMT+0200 (CEST);1563649197000;0;889.51
1380556833984591;29;27.9;Sat Jul 20 2019 21:01:20 GMT+0200 (CEST);Sat Jul 20 2019 19:01:20 GMT+0200 (CEST);1563649280000;0;889.51
1380556833984591;29;30.6;Sat Jul 20 2019 21:02:41 GMT+0200 (CEST);Sat Jul 20 2019 19:02:41 GMT+0200 (CEST);1563649361000;0;889.51
1380556833984591;29;30.2;Sat Jul 20 2019 21:04:10 GMT+0200 (CEST);Sat Jul 20 2019 19:04:10 GMT+0200 (CEST);1563649450000;0;889.51
1380556833984591;30.5;29.4;Sat Jul 20 2019 21:05:34 GMT+0200 (CEST);Sat Jul 20 2019 19:05:34 GMT+0200 (CEST);1563649534000;0;889.51
1380556833984591;30.5;28.5;Sat Jul 20 2019 21:06:55 GMT+0200 (CEST);Sat Jul 20 2019 19:06:55 GMT+0200 (CEST);1563649615000;0;889.51
1380556833984591;30.5;28;Sat Jul 20 2019 21:08:19 GMT+0200 (CEST);Sat Jul 20 2019 19:08:19 GMT+0200 (CEST);1563649699000;0;889.51
1380556833984591;30.5;27.3;Sat Jul 20 2019 21:09:40 GMT+0200 (CEST);Sat Jul 20 2019 19:09:40 GMT+0200 (CEST);1563649780000;0;889.51
1380556833984591;30.5;27.3;Sat Jul 20 2019 21:11:09 GMT+0200 (CEST);Sat Jul 20 2019 19:11:09 GMT+0200 (CEST);1563649869000;0;889.51
1380556833984591;30.5;27.3;Sat Jul 20 2019 21:12:30 GMT+0200 (CEST);Sat Jul 20 2019 19:12:30 GMT+0200 (CEST);1563649950000;0;889.51
1380556833984591;30.5;27.3;Sat Jul 20 2019 21:13:52 GMT+0200 (CEST);Sat Jul 20 2019 19:13:52 GMT+0200 (CEST);1563650032000;0;889.51
1380556833984591;-273.2;26.3;Sun Jul 21 2019 05:53:42 GMT+0200 (CEST);Sun Jul 21 2019 03:53:42 GMT+0200 (CEST);1563681222000;0;889.51
1380556833984591;-273.2;26.3;Sun Jul 21 2019 05:55:06 GMT+0200 (CEST);Sun Jul 21 2019 03:55:06 GMT+0200 (CEST);1563681306000;0;889.51
1380556833984591;-273.2;26.3;Sun Jul 21 2019 05:56:19 GMT+0200 (CEST);Sun Jul 21 2019 03:56:19 GMT+0200 (CEST);1563681379000;0;889.51
1380556833984591;-273.2;26.3;Sun Jul 21 2019 05:57:40 GMT+0200 (CEST);Sun Jul 21 2019 03:57:40 GMT+0200 (CEST);1563681460000;0;889.51
1380556833984591;-273.2;33.6;Sun Jul 21 2019 06:09:01 GMT+0200 (CEST);Sun Jul 21 2019 04:09:01 GMT+0200 (CEST);1563682141000;0;889.51
1380556833984591;18.5;29.3;Sun Jul 21 2019 06:10:26 GMT+0200 (CEST);Sun Jul 21 2019 04:10:26 GMT+0200 (CEST);1563682226000;0;889.51
1380556833984591;18.5;30.2;Sun Jul 21 2019 06:11:48 GMT+0200 (CEST);Sun Jul 21 2019 04:11:48 GMT+0200 (CEST);1563682308000;0;889.51
1380556833984591;18.5;30.6;Sun Jul 21 2019 06:13:09 GMT+0200 (CEST);Sun Jul 21 2019 04:13:09 GMT+0200 (CEST);1563682389000;0;889.51
1380556833984591;18.5;31.5;Sun Jul 21 2019 06:14:30 GMT+0200 (CEST);Sun Jul 21 2019 04:14:30 GMT+0200 (CEST);1563682470000;0;889.51
1380556833984591;20.5;31.3;Sun Jul 21 2019 06:15:53 GMT+0200 (CEST);Sun Jul 21 2019 04:15:53 GMT+0200 (CEST);1563682553000;0;889.51
1380556833984591;20.5;32.3;Sun Jul 21 2019 06:17:17 GMT+0200 (CEST);Sun Jul 21 2019 04:17:17 GMT+0200 (CEST);1563682637000;0;889.51
1380556833984591;20.5;32.7;Sun Jul 21 2019 06:18:39 GMT+0200 (CEST);Sun Jul 21 2019 04:18:39 GMT+0200 (CEST);1563682719000;0;889.51
1380556833984591;20.5;32.9;Sun Jul 21 2019 06:20:02 GMT+0200 (CEST);Sun Jul 21 2019 04:20:02 GMT+0200 (CEST);1563682802000;0;889.51
1380556833984591;20.5;34.8;Sun Jul 21 2019 06:21:24 GMT+0200 (CEST);Sun Jul 21 2019 04:21:24 GMT+0200 (CEST);1563682884000;0;889.51
1380556833984591;20.5;36.2;Sun Jul 21 2019 06:23:12 GMT+0200 (CEST);Sun Jul 21 2019 04:23:12 GMT+0200 (CEST);1563682992000;0;889.51
1380556833984591;23;36.5;Sun Jul 21 2019 06:24:50 GMT+0200 (CEST);Sun Jul 21 2019 04:24:50 GMT+0200 (CEST);1563683090000;0;889.51
1380556833984591;23;36.7;Sun Jul 21 2019 06:26:11 GMT+0200 (CEST);Sun Jul 21 2019 04:26:11 GMT+0200 (CEST);1563683171000;0;889.51
1380556833984591;23;36.7;Sun Jul 21 2019 06:27:33 GMT+0200 (CEST);Sun Jul 21 2019 04:27:33 GMT+0200 (CEST);1563683253000;0;889.51
1380556833984591;23;36.8;Sun Jul 21 2019 06:28:55 GMT+0200 (CEST);Sun Jul 21 2019 04:28:55 GMT+0200 (CEST);1563683335000;0;889.51
1380556833984591;23;36.1;Sun Jul 21 2019 06:30:16 GMT+0200 (CEST);Sun Jul 21 2019 04:30:16 GMT+0200 (CEST);1563683416000;0;889.51
1380556833984591;23;36.7;Sun Jul 21 2019 06:31:40 GMT+0200 (CEST);Sun Jul 21 2019 04:31:40 GMT+0200 (CEST);1563683500000;0;889.51
1380556833984591;23;36.9;Sun Jul 21 2019 06:33:06 GMT+0200 (CEST);Sun Jul 21 2019 04:33:06 GMT+0200 (CEST);1563683586000;0;889.51
1380556833984591;23;35.8;Sun Jul 21 2019 06:34:27 GMT+0200 (CEST);Sun Jul 21 2019 04:34:27 GMT+0200 (CEST);1563683667000;0.03;889.51
1380556833984591;24.5;35.6;Sun Jul 21 2019 06:35:51 GMT+0200 (CEST);Sun Jul 21 2019 04:35:51 GMT+0200 (CEST);1563683751000;0.04;889.51
1380556833984591;24.5;35.6;Sun Jul 21 2019 06:37:12 GMT+0200 (CEST);Sun Jul 21 2019 04:37:12 GMT+0200 (CEST);1563683832000;0.05;889.51
1380556833984591;24.5;35.6;Sun Jul 21 2019 06:39:17 GMT+0200 (CEST);Sun Jul 21 2019 04:39:17 GMT+0200 (CEST);1563683957000;0.07;889.51
1380556833984591;23;33.1;Sun Jul 21 2019 06:40:38 GMT+0200 (CEST);Sun Jul 21 2019 04:40:38 GMT+0200 (CEST);1563684038000;0.15;889.51
1380556833984591;23;31.3;Sun Jul 21 2019 06:42:02 GMT+0200 (CEST);Sun Jul 21 2019 04:42:02 GMT+0200 (CEST);1563684122000;0.15;889.51
1380556833984591;23;31.2;Sun Jul 21 2019 06:43:24 GMT+0200 (CEST);Sun Jul 21 2019 04:43:24 GMT+0200 (CEST);1563684204000;0.17;889.51
1380556833984591;22.5;31.3;Sun Jul 21 2019 06:44:45 GMT+0200 (CEST);Sun Jul 21 2019 04:44:45 GMT+0200 (CEST);1563684285000;0.17;889.51
1380556833984591;22.5;31.7;Sun Jul 21 2019 06:46:28 GMT+0200 (CEST);Sun Jul 21 2019 04:46:28 GMT+0200 (CEST);1563684388000;0.19;889.51
1380556833984591;22.5;31.4;Sun Jul 21 2019 06:47:51 GMT+0200 (CEST);Sun Jul 21 2019 04:47:51 GMT+0200 (CEST);1563684471000;0.19;889.51
1380556833984591;22.5;32;Sun Jul 21 2019 06:49:16 GMT+0200 (CEST);Sun Jul 21 2019 04:49:16 GMT+0200 (CEST);1563684556000;0.22;889.51
1380556833984591;22.5;31.8;Sun Jul 21 2019 06:50:40 GMT+0200 (CEST);Sun Jul 21 2019 04:50:40 GMT+0200 (CEST);1563684640000;0.23;889.51
1380556833984591;22.5;31.8;Sun Jul 21 2019 06:52:08 GMT+0200 (CEST);Sun Jul 21 2019 04:52:08 GMT+0200 (CEST);1563684728000;0.25;889.51
1380556833984591;22.5;31.9;Sun Jul 21 2019 06:53:31 GMT+0200 (CEST);Sun Jul 21 2019 04:53:31 GMT+0200 (CEST);1563684811000;0.28;889.51
1380556833984591;22.5;31.9;Sun Jul 21 2019 06:54:53 GMT+0200 (CEST);Sun Jul 21 2019 04:54:53 GMT+0200 (CEST);1563684893000;0.29;889.51
1380556833984591;22.5;32;Sun Jul 21 2019 06:56:14 GMT+0200 (CEST);Sun Jul 21 2019 04:56:14 GMT+0200 (CEST);1563684974000;0.29;889.51
1380556833984591;22.5;32.3;Sun Jul 21 2019 06:57:37 GMT+0200 (CEST);Sun Jul 21 2019 04:57:37 GMT+0200 (CEST);1563685057000;0.3;889.51
1380556833984591;22.5;32.3;Sun Jul 21 2019 06:58:58 GMT+0200 (CEST);Sun Jul 21 2019 04:58:58 GMT+0200 (CEST);1563685138000;0.31;889.51
1380556833984591;22.5;32.3;Sun Jul 21 2019 07:00:26 GMT+0200 (CEST);Sun Jul 21 2019 05:00:26 GMT+0200 (CEST);1563685226000;0.32;889.51
1380556833984591;22.5;32.1;Sun Jul 21 2019 07:01:53 GMT+0200 (CEST);Sun Jul 21 2019 05:01:53 GMT+0200 (CEST);1563685313000;0.33;889.51
1380556833984591;22.5;32.3;Sun Jul 21 2019 07:03:14 GMT+0200 (CEST);Sun Jul 21 2019 05:03:14 GMT+0200 (CEST);1563685394000;0.33;889.51
1380556833984591;22.5;32.3;Sun Jul 21 2019 07:04:57 GMT+0200 (CEST);Sun Jul 21 2019 05:04:57 GMT+0200 (CEST);1563685497000;0.32;889.51
1380556833984591;22.5;31.9;Sun Jul 21 2019 07:06:18 GMT+0200 (CEST);Sun Jul 21 2019 05:06:18 GMT+0200 (CEST);1563685578000;0.31;889.51
1380556833984591;22.5;31.9;Sun Jul 21 2019 07:07:49 GMT+0200 (CEST);Sun Jul 21 2019 05:07:49 GMT+0200 (CEST);1563685669000;0.28;889.51
1380556833984591;22.5;31.7;Sun Jul 21 2019 07:09:10 GMT+0200 (CEST);Sun Jul 21 2019 05:09:10 GMT+0200 (CEST);1563685750000;0.26;889.51
1380556833984591;22.5;31.4;Sun Jul 21 2019 07:10:32 GMT+0200 (CEST);Sun Jul 21 2019 05:10:32 GMT+0200 (CEST);1563685832000;0.23;889.51
1380556833984591;22.5;31.6;Sun Jul 21 2019 07:11:57 GMT+0200 (CEST);Sun Jul 21 2019 05:11:57 GMT+0200 (CEST);1563685917000;0.22;889.51
1380556833984591;22.5;31.5;Sun Jul 21 2019 07:13:19 GMT+0200 (CEST);Sun Jul 21 2019 05:13:19 GMT+0200 (CEST);1563685999000;0.2;889.51
1380556833984591;22.5;31.6;Sun Jul 21 2019 07:14:40 GMT+0200 (CEST);Sun Jul 21 2019 05:14:40 GMT+0200 (CEST);1563686080000;0.2;889.51
1380556833984591;22.5;31.3;Sun Jul 21 2019 07:16:06 GMT+0200 (CEST);Sun Jul 21 2019 05:16:06 GMT+0200 (CEST);1563686166000;0.19;889.51
1380556833984591;22.5;31.6;Sun Jul 21 2019 07:17:29 GMT+0200 (CEST);Sun Jul 21 2019 05:17:29 GMT+0200 (CEST);1563686249000;0.19;889.51
1380556833984591;22.5;31.5;Sun Jul 21 2019 07:18:50 GMT+0200 (CEST);Sun Jul 21 2019 05:18:50 GMT+0200 (CEST);1563686330000;0.21;889.51
1380556833984591;22.5;31.4;Sun Jul 21 2019 07:20:27 GMT+0200 (CEST);Sun Jul 21 2019 05:20:27 GMT+0200 (CEST);1563686427000;0.24;889.51
1380556833984591;22.5;32.1;Sun Jul 21 2019 07:21:51 GMT+0200 (CEST);Sun Jul 21 2019 05:21:51 GMT+0200 (CEST);1563686511000;0.26;889.51
1380556833984591;22.5;31.7;Sun Jul 21 2019 07:23:17 GMT+0200 (CEST);Sun Jul 21 2019 05:23:17 GMT+0200 (CEST);1563686597000;0.26;889.51
1380556833984591;22.5;31.5;Sun Jul 21 2019 07:24:39 GMT+0200 (CEST);Sun Jul 21 2019 05:24:39 GMT+0200 (CEST);1563686679000;0.25;889.51
1380556833984591;22.5;31.5;Sun Jul 21 2019 07:26:07 GMT+0200 (CEST);Sun Jul 21 2019 05:26:07 GMT+0200 (CEST);1563686767000;0.23;889.51
1380556833984591;22.5;31.6;Sun Jul 21 2019 07:27:31 GMT+0200 (CEST);Sun Jul 21 2019 05:27:31 GMT+0200 (CEST);1563686851000;0.24;889.51
1380556833984591;22.5;31.8;Sun Jul 21 2019 07:28:53 GMT+0200 (CEST);Sun Jul 21 2019 05:28:53 GMT+0200 (CEST);1563686933000;0.25;889.51
1380556833984591;22.5;31.5;Sun Jul 21 2019 07:30:17 GMT+0200 (CEST);Sun Jul 21 2019 05:30:17 GMT+0200 (CEST);1563687017000;0.27;889.51
1380556833984591;22.5;31.5;Sun Jul 21 2019 07:31:38 GMT+0200 (CEST);Sun Jul 21 2019 05:31:38 GMT+0200 (CEST);1563687098000;0.28;889.51
1380556833984591;23;32.1;Sun Jul 21 2019 07:33:03 GMT+0200 (CEST);Sun Jul 21 2019 05:33:03 GMT+0200 (CEST);1563687183000;0.29;889.51
1380556833984591;23;31.7;Sun Jul 21 2019 07:34:33 GMT+0200 (CEST);Sun Jul 21 2019 05:34:33 GMT+0200 (CEST);1563687273000;0.3;889.51
1380556833984591;23;31.8;Sun Jul 21 2019 07:36:21 GMT+0200 (CEST);Sun Jul 21 2019 05:36:21 GMT+0200 (CEST);1563687381000;0.28;889.51
1380556833984591;23;32.1;Sun Jul 21 2019 07:37:43 GMT+0200 (CEST);Sun Jul 21 2019 05:37:43 GMT+0200 (CEST);1563687463000;0.26;889.51
1380556833984591;23;31.9;Sun Jul 21 2019 07:39:04 GMT+0200 (CEST);Sun Jul 21 2019 05:39:04 GMT+0200 (CEST);1563687544000;0.26;889.51
1380556833984591;23;31.7;Sun Jul 21 2019 07:40:38 GMT+0200 (CEST);Sun Jul 21 2019 05:40:38 GMT+0200 (CEST);1563687638000;0.25;889.51
1380556833984591;23;31.4;Sun Jul 21 2019 07:42:00 GMT+0200 (CEST);Sun Jul 21 2019 05:42:00 GMT+0200 (CEST);1563687720000;0.23;889.51
1380556833984591;23;31.6;Sun Jul 21 2019 07:43:36 GMT+0200 (CEST);Sun Jul 21 2019 05:43:36 GMT+0200 (CEST);1563687816000;0.22;889.51
1380556833984591;23;31.5;Sun Jul 21 2019 07:44:58 GMT+0200 (CEST);Sun Jul 21 2019 05:44:58 GMT+0200 (CEST);1563687898000;0.24;889.51
1380556833984591;23;31.6;Sun Jul 21 2019 07:46:19 GMT+0200 (CEST);Sun Jul 21 2019 05:46:19 GMT+0200 (CEST);1563687979000;0.28;889.51
1380556833984591;23;32.1;Sun Jul 21 2019 07:47:40 GMT+0200 (CEST);Sun Jul 21 2019 05:47:40 GMT+0200 (CEST);1563688060000;0.32;889.51
1380556833984591;23;32.1;Sun Jul 21 2019 07:49:03 GMT+0200 (CEST);Sun Jul 21 2019 05:49:03 GMT+0200 (CEST);1563688143000;0.36;889.51
1380556833984591;23;32.6;Sun Jul 21 2019 07:50:26 GMT+0200 (CEST);Sun Jul 21 2019 05:50:26 GMT+0200 (CEST);1563688226000;0.37;889.51
1380556833984591;23;32.9;Sun Jul 21 2019 07:51:51 GMT+0200 (CEST);Sun Jul 21 2019 05:51:51 GMT+0200 (CEST);1563688311000;0.39;889.51
1380556833984591;23;32.6;Sun Jul 21 2019 07:53:12 GMT+0200 (CEST);Sun Jul 21 2019 05:53:12 GMT+0200 (CEST);1563688392000;0.38;889.51
1380556833984591;23;32.5;Sun Jul 21 2019 07:54:34 GMT+0200 (CEST);Sun Jul 21 2019 05:54:34 GMT+0200 (CEST);1563688474000;0.38;889.51
1380556833984591;23;32.6;Sun Jul 21 2019 07:56:00 GMT+0200 (CEST);Sun Jul 21 2019 05:56:00 GMT+0200 (CEST);1563688560000;0.36;889.51
1380556833984591;24.5;32.6;Sun Jul 21 2019 07:57:21 GMT+0200 (CEST);Sun Jul 21 2019 05:57:21 GMT+0200 (CEST);1563688641000;0.37;889.51
1380556833984591;24.5;32.3;Sun Jul 21 2019 07:58:43 GMT+0200 (CEST);Sun Jul 21 2019 05:58:43 GMT+0200 (CEST);1563688723000;0.38;889.51
1380556833984591;24.5;32.3;Sun Jul 21 2019 08:00:04 GMT+0200 (CEST);Sun Jul 21 2019 06:00:04 GMT+0200 (CEST);1563688804000;0.38;889.51
1380556833984591;24.5;32.3;Sun Jul 21 2019 08:01:25 GMT+0200 (CEST);Sun Jul 21 2019 06:01:25 GMT+0200 (CEST);1563688885000;0.38;889.51
1380556833984591;24.5;32.5;Sun Jul 21 2019 08:02:46 GMT+0200 (CEST);Sun Jul 21 2019 06:02:46 GMT+0200 (CEST);1563688966000;0.39;889.51
1380556833984591;24.5;32.6;Sun Jul 21 2019 08:04:30 GMT+0200 (CEST);Sun Jul 21 2019 06:04:30 GMT+0200 (CEST);1563689070000;0.4;889.51
1380556833984591;24.5;32.8;Sun Jul 21 2019 08:05:56 GMT+0200 (CEST);Sun Jul 21 2019 06:05:56 GMT+0200 (CEST);1563689156000;0.43;889.51
1380556833984591;24.5;32.7;Sun Jul 21 2019 08:07:21 GMT+0200 (CEST);Sun Jul 21 2019 06:07:21 GMT+0200 (CEST);1563689241000;0.45;889.51
1380556833984591;24.5;33.1;Sun Jul 21 2019 08:08:45 GMT+0200 (CEST);Sun Jul 21 2019 06:08:45 GMT+0200 (CEST);1563689325000;0.48;889.51
1380556833984591;24.5;32.8;Sun Jul 21 2019 08:10:06 GMT+0200 (CEST);Sun Jul 21 2019 06:10:06 GMT+0200 (CEST);1563689406000;0.52;889.51
1380556833984591;25;33.3;Sun Jul 21 2019 08:11:28 GMT+0200 (CEST);Sun Jul 21 2019 06:11:28 GMT+0200 (CEST);1563689488000;0.53;889.51
1380556833984591;25;33.4;Sun Jul 21 2019 08:12:50 GMT+0200 (CEST);Sun Jul 21 2019 06:12:50 GMT+0200 (CEST);1563689570000;0.56;889.51
1380556833984591;25;33.4;Sun Jul 21 2019 08:14:19 GMT+0200 (CEST);Sun Jul 21 2019 06:14:19 GMT+0200 (CEST);1563689659000;0.57;889.51
1380556833984591;25;33.2;Sun Jul 21 2019 08:15:40 GMT+0200 (CEST);Sun Jul 21 2019 06:15:40 GMT+0200 (CEST);1563689740000;0.59;889.51
1380556833984591;25;33.2;Sun Jul 21 2019 08:17:06 GMT+0200 (CEST);Sun Jul 21 2019 06:17:06 GMT+0200 (CEST);1563689826000;0.59;889.51
1380556833984591;25;33.1;Sun Jul 21 2019 08:18:29 GMT+0200 (CEST);Sun Jul 21 2019 06:18:29 GMT+0200 (CEST);1563689909000;0.57;889.51
1380556833984591;25;33.1;Sun Jul 21 2019 08:20:04 GMT+0200 (CEST);Sun Jul 21 2019 06:20:04 GMT+0200 (CEST);1563690004000;0.55;889.51
1380556833984591;25;32.9;Sun Jul 21 2019 08:21:26 GMT+0200 (CEST);Sun Jul 21 2019 06:21:26 GMT+0200 (CEST);1563690086000;0.53;889.51
1380556833984591;25;32.7;Sun Jul 21 2019 08:22:53 GMT+0200 (CEST);Sun Jul 21 2019 06:22:53 GMT+0200 (CEST);1563690173000;0.52;889.51
1380556833984591;25;32.8;Sun Jul 21 2019 08:24:24 GMT+0200 (CEST);Sun Jul 21 2019 06:24:24 GMT+0200 (CEST);1563690264000;0.54;889.51
1380556833984591;26.5;32.9;Sun Jul 21 2019 08:25:51 GMT+0200 (CEST);Sun Jul 21 2019 06:25:51 GMT+0200 (CEST);1563690351000;0.52;889.51
1380556833984591;26.5;32.9;Sun Jul 21 2019 08:27:12 GMT+0200 (CEST);Sun Jul 21 2019 06:27:12 GMT+0200 (CEST);1563690432000;0.54;889.51
1380556833984591;26.5;32.6;Sun Jul 21 2019 08:28:33 GMT+0200 (CEST);Sun Jul 21 2019 06:28:33 GMT+0200 (CEST);1563690513000;0.55;889.51
1380556833984591;26.5;32.9;Sun Jul 21 2019 08:30:07 GMT+0200 (CEST);Sun Jul 21 2019 06:30:07 GMT+0200 (CEST);1563690607000;0.58;889.51
1380556833984591;26.5;33.1;Sun Jul 21 2019 08:31:43 GMT+0200 (CEST);Sun Jul 21 2019 06:31:43 GMT+0200 (CEST);1563690703000;0.66;889.51
1380556833984591;26.5;33.3;Sun Jul 21 2019 08:33:04 GMT+0200 (CEST);Sun Jul 21 2019 06:33:04 GMT+0200 (CEST);1563690784000;0.77;889.51
1380556833984591;26.5;33.4;Sun Jul 21 2019 08:34:28 GMT+0200 (CEST);Sun Jul 21 2019 06:34:28 GMT+0200 (CEST);1563690868000;0.88;889.51
1380556833984591;26.5;33.9;Sun Jul 21 2019 08:35:55 GMT+0200 (CEST);Sun Jul 21 2019 06:35:55 GMT+0200 (CEST);1563690955000;0.92;889.51
1380556833984591;26.5;33.8;Sun Jul 21 2019 08:37:19 GMT+0200 (CEST);Sun Jul 21 2019 06:37:19 GMT+0200 (CEST);1563691039000;1;889.51
1380556833984591;26.5;33.7;Sun Jul 21 2019 08:38:41 GMT+0200 (CEST);Sun Jul 21 2019 06:38:41 GMT+0200 (CEST);1563691121000;1.5;889.51
1380556833984591;27;34.2;Sun Jul 21 2019 08:40:03 GMT+0200 (CEST);Sun Jul 21 2019 06:40:03 GMT+0200 (CEST);1563691203000;1.55;889.51
1380556833984591;27;34.1;Sun Jul 21 2019 08:41:25 GMT+0200 (CEST);Sun Jul 21 2019 06:41:25 GMT+0200 (CEST);1563691285000;1.17;889.51
1380556833984591;27;33.8;Sun Jul 21 2019 08:42:59 GMT+0200 (CEST);Sun Jul 21 2019 06:42:59 GMT+0200 (CEST);1563691379000;0.68;889.51
1380556833984591;28.5;33;Sun Jul 21 2019 08:44:21 GMT+0200 (CEST);Sun Jul 21 2019 06:44:21 GMT+0200 (CEST);1563691461000;0.58;889.51
1380556833984591;28.5;32.5;Sun Jul 21 2019 08:45:45 GMT+0200 (CEST);Sun Jul 21 2019 06:45:45 GMT+0200 (CEST);1563691545000;0.62;889.51
1380556833984591;28.5;32.8;Sun Jul 21 2019 08:47:09 GMT+0200 (CEST);Sun Jul 21 2019 06:47:09 GMT+0200 (CEST);1563691629000;0.62;889.51
1380556833984591;28.5;32.9;Sun Jul 21 2019 08:48:39 GMT+0200 (CEST);Sun Jul 21 2019 06:48:39 GMT+0200 (CEST);1563691719000;0.68;889.51
1380556833984591;28.5;33.1;Sun Jul 21 2019 08:50:00 GMT+0200 (CEST);Sun Jul 21 2019 06:50:00 GMT+0200 (CEST);1563691800000;0.75;889.51
1380556833984591;28.5;33;Sun Jul 21 2019 08:51:21 GMT+0200 (CEST);Sun Jul 21 2019 06:51:21 GMT+0200 (CEST);1563691881000;1.17;889.51
1380556833984591;28.5;33.6;Sun Jul 21 2019 08:52:42 GMT+0200 (CEST);Sun Jul 21 2019 06:52:42 GMT+0200 (CEST);1563691962000;2.19;889.51
1380556833984591;28.5;33.7;Sun Jul 21 2019 08:54:04 GMT+0200 (CEST);Sun Jul 21 2019 06:54:04 GMT+0200 (CEST);1563692044000;1.18;889.51
1380556833984591;28.5;34;Sun Jul 21 2019 08:55:25 GMT+0200 (CEST);Sun Jul 21 2019 06:55:25 GMT+0200 (CEST);1563692125000;1.54;889.51
1380556833984591;28.5;34.2;Sun Jul 21 2019 08:56:47 GMT+0200 (CEST);Sun Jul 21 2019 06:56:47 GMT+0200 (CEST);1563692207000;1.72;889.51
1380556833984591;28.5;34.3;Sun Jul 21 2019 08:58:08 GMT+0200 (CEST);Sun Jul 21 2019 06:58:08 GMT+0200 (CEST);1563692288000;2.74;889.51
1380556833984591;28.5;34.3;Sun Jul 21 2019 08:59:29 GMT+0200 (CEST);Sun Jul 21 2019 06:59:29 GMT+0200 (CEST);1563692369000;2.28;889.51
1380556833984591;28.5;34;Sun Jul 21 2019 09:00:51 GMT+0200 (CEST);Sun Jul 21 2019 07:00:51 GMT+0200 (CEST);1563692451000;3.19;889.51
1380556833984591;28.5;34.2;Sun Jul 21 2019 09:02:20 GMT+0200 (CEST);Sun Jul 21 2019 07:02:20 GMT+0200 (CEST);1563692540000;2.12;889.51
1380556833984591;30.5;34.1;Sun Jul 21 2019 09:03:42 GMT+0200 (CEST);Sun Jul 21 2019 07:03:42 GMT+0200 (CEST);1563692622000;2.59;889.51
1380556833984591;30.5;32.8;Sun Jul 21 2019 09:05:03 GMT+0200 (CEST);Sun Jul 21 2019 07:05:03 GMT+0200 (CEST);1563692703000;1.15;889.51
1380556833984591;30.5;32.7;Sun Jul 21 2019 09:06:25 GMT+0200 (CEST);Sun Jul 21 2019 07:06:25 GMT+0200 (CEST);1563692785000;1.04;889.51
1380556833984591;30.5;32.9;Sun Jul 21 2019 09:07:50 GMT+0200 (CEST);Sun Jul 21 2019 07:07:50 GMT+0200 (CEST);1563692870000;0.92;889.51
1380556833984591;30.5;32.8;Sun Jul 21 2019 09:09:25 GMT+0200 (CEST);Sun Jul 21 2019 07:09:25 GMT+0200 (CEST);1563692965000;0.99;889.51
1380556833984591;30.5;33.1;Sun Jul 21 2019 09:10:46 GMT+0200 (CEST);Sun Jul 21 2019 07:10:46 GMT+0200 (CEST);1563693046000;1.05;889.51
1380556833984591;30.5;33.3;Sun Jul 21 2019 09:12:08 GMT+0200 (CEST);Sun Jul 21 2019 07:12:08 GMT+0200 (CEST);1563693128000;1.02;889.51
1380556833984591;30.5;33.3;Sun Jul 21 2019 09:13:30 GMT+0200 (CEST);Sun Jul 21 2019 07:13:30 GMT+0200 (CEST);1563693210000;1.08;889.51
1380556833984591;30.5;32.8;Sun Jul 21 2019 09:14:59 GMT+0200 (CEST);Sun Jul 21 2019 07:14:59 GMT+0200 (CEST);1563693299000;0.79;889.51
1380556833984591;30.5;32.8;Sun Jul 21 2019 09:16:12 GMT+0200 (CEST);Sun Jul 21 2019 07:16:12 GMT+0200 (CEST);1563693372000;2.59;889.51
1380556833984591;30.5;33.8;Sun Jul 21 2019 09:17:36 GMT+0200 (CEST);Sun Jul 21 2019 07:17:36 GMT+0200 (CEST);1563693456000;2.89;889.51
1380556833984591;30.5;34.2;Sun Jul 21 2019 09:18:57 GMT+0200 (CEST);Sun Jul 21 2019 07:18:57 GMT+0200 (CEST);1563693537000;2.83;889.51
1380556833984591;30.5;33.1;Sun Jul 21 2019 09:20:19 GMT+0200 (CEST);Sun Jul 21 2019 07:20:19 GMT+0200 (CEST);1563693619000;2.85;889.51
1380556833984591;30.5;34.3;Sun Jul 21 2019 09:21:57 GMT+0200 (CEST);Sun Jul 21 2019 07:21:57 GMT+0200 (CEST);1563693717000;2.82;889.51
1380556833984591;30.5;33.8;Sun Jul 21 2019 09:23:18 GMT+0200 (CEST);Sun Jul 21 2019 07:23:18 GMT+0200 (CEST);1563693798000;2.79;889.51
1380556833984591;30.5;32.8;Sun Jul 21 2019 09:25:00 GMT+0200 (CEST);Sun Jul 21 2019 07:25:00 GMT+0200 (CEST);1563693900000;2.67;889.51
1380556833984591;31.1;33.7;Sun Jul 21 2019 09:26:22 GMT+0200 (CEST);Sun Jul 21 2019 07:26:22 GMT+0200 (CEST);1563693982000;2.93;889.51
1380556833984591;32.1;33.2;Sun Jul 21 2019 09:27:43 GMT+0200 (CEST);Sun Jul 21 2019 07:27:43 GMT+0200 (CEST);1563694063000;2.94;889.51
1380556833984591;32.1;32.9;Sun Jul 21 2019 09:29:06 GMT+0200 (CEST);Sun Jul 21 2019 07:29:06 GMT+0200 (CEST);1563694146000;3.02;889.51
1380556833984591;32.1;32.9;Sun Jul 21 2019 09:30:29 GMT+0200 (CEST);Sun Jul 21 2019 07:30:29 GMT+0200 (CEST);1563694229000;3.01;889.51
1380556833984591;32.1;32.9;Sun Jul 21 2019 09:31:53 GMT+0200 (CEST);Sun Jul 21 2019 07:31:53 GMT+0200 (CEST);1563694313000;2.98;889.51
1380556833984591;32.1;32.9;Sun Jul 21 2019 09:33:17 GMT+0200 (CEST);Sun Jul 21 2019 07:33:17 GMT+0200 (CEST);1563694397000;3.38;889.51
1380556833984591;32.1;32.8;Sun Jul 21 2019 09:34:44 GMT+0200 (CEST);Sun Jul 21 2019 07:34:44 GMT+0200 (CEST);1563694484000;3.84;889.51
1380556833984591;34.6;32.5;Sun Jul 21 2019 09:36:11 GMT+0200 (CEST);Sun Jul 21 2019 07:36:11 GMT+0200 (CEST);1563694571000;2;889.51
1380556833984591;34.6;32.5;Sun Jul 21 2019 09:38:01 GMT+0200 (CEST);Sun Jul 21 2019 07:38:01 GMT+0200 (CEST);1563694681000;1.54;889.51
1380556833984591;34.6;32.3;Sun Jul 21 2019 09:39:26 GMT+0200 (CEST);Sun Jul 21 2019 07:39:26 GMT+0200 (CEST);1563694766000;1.49;889.51
1380556833984591;35.1;32.5;Sun Jul 21 2019 09:40:47 GMT+0200 (CEST);Sun Jul 21 2019 07:40:47 GMT+0200 (CEST);1563694847000;1.7;889.51
1380556833984591;35.1;32.5;Sun Jul 21 2019 09:42:08 GMT+0200 (CEST);Sun Jul 21 2019 07:42:08 GMT+0200 (CEST);1563694928000;1.44;889.51
1380556833984591;35.1;32.4;Sun Jul 21 2019 09:43:29 GMT+0200 (CEST);Sun Jul 21 2019 07:43:29 GMT+0200 (CEST);1563695009000;1.49;889.51
1380556833984591;35.1;32.6;Sun Jul 21 2019 09:44:51 GMT+0200 (CEST);Sun Jul 21 2019 07:44:51 GMT+0200 (CEST);1563695091000;1.78;889.51
1380556833984591;35.1;32.9;Sun Jul 21 2019 09:46:12 GMT+0200 (CEST);Sun Jul 21 2019 07:46:12 GMT+0200 (CEST);1563695172000;1.69;889.51
1380556833984591;35.1;32.8;Sun Jul 21 2019 09:47:39 GMT+0200 (CEST);Sun Jul 21 2019 07:47:39 GMT+0200 (CEST);1563695259000;1.6;889.51
1380556833984591;35.1;32.9;Sun Jul 21 2019 09:49:01 GMT+0200 (CEST);Sun Jul 21 2019 07:49:01 GMT+0200 (CEST);1563695341000;1.5;889.51
1380556833984591;35.1;33;Sun Jul 21 2019 09:50:51 GMT+0200 (CEST);Sun Jul 21 2019 07:50:51 GMT+0200 (CEST);1563695451000;1.83;889.51
1380556833984591;35.1;33;Sun Jul 21 2019 09:52:12 GMT+0200 (CEST);Sun Jul 21 2019 07:52:12 GMT+0200 (CEST);1563695532000;1.83;889.51
1380556833984591;35.1;33.1;Sun Jul 21 2019 09:53:36 GMT+0200 (CEST);Sun Jul 21 2019 07:53:36 GMT+0200 (CEST);1563695616000;1.28;889.51
1380556833984591;34.6;32.7;Sun Jul 21 2019 09:55:01 GMT+0200 (CEST);Sun Jul 21 2019 07:55:01 GMT+0200 (CEST);1563695701000;1.09;889.51
1380556833984591;34.6;32.5;Sun Jul 21 2019 09:56:23 GMT+0200 (CEST);Sun Jul 21 2019 07:56:23 GMT+0200 (CEST);1563695783000;1.47;889.51
1380556833984591;34.6;32.9;Sun Jul 21 2019 09:57:58 GMT+0200 (CEST);Sun Jul 21 2019 07:57:58 GMT+0200 (CEST);1563695878000;0.96;889.51
1380556833984591;34.6;32.6;Sun Jul 21 2019 09:59:25 GMT+0200 (CEST);Sun Jul 21 2019 07:59:25 GMT+0200 (CEST);1563695965000;1.34;889.51
1380556833984591;34.6;33.1;Sun Jul 21 2019 10:00:47 GMT+0200 (CEST);Sun Jul 21 2019 08:00:47 GMT+0200 (CEST);1563696047000;1.63;889.51
1380556833984591;34.6;33.4;Sun Jul 21 2019 10:02:08 GMT+0200 (CEST);Sun Jul 21 2019 08:02:08 GMT+0200 (CEST);1563696128000;1.75;889.51
1380556833984591;34.6;33;Sun Jul 21 2019 10:04:02 GMT+0200 (CEST);Sun Jul 21 2019 08:04:02 GMT+0200 (CEST);1563696242000;1.66;889.51
1380556833984591;34.6;32.8;Sun Jul 21 2019 10:06:20 GMT+0200 (CEST);Sun Jul 21 2019 08:06:20 GMT+0200 (CEST);1563696380000;1.52;889.51
1380556833984591;34.6;32.8;Sun Jul 21 2019 10:07:41 GMT+0200 (CEST);Sun Jul 21 2019 08:07:41 GMT+0200 (CEST);1563696461000;2.72;889.51
1380556833984591;34.6;33.3;Sun Jul 21 2019 10:09:06 GMT+0200 (CEST);Sun Jul 21 2019 08:09:06 GMT+0200 (CEST);1563696546000;3.2;889.51
1380556833984591;34.6;33;Sun Jul 21 2019 10:10:27 GMT+0200 (CEST);Sun Jul 21 2019 08:10:27 GMT+0200 (CEST);1563696627000;1.29;889.51
1380556833984591;34.6;32.6;Sun Jul 21 2019 10:11:50 GMT+0200 (CEST);Sun Jul 21 2019 08:11:50 GMT+0200 (CEST);1563696710000;1.39;889.51
1380556833984591;34.6;31.2;Sun Jul 21 2019 10:13:11 GMT+0200 (CEST);Sun Jul 21 2019 08:13:11 GMT+0200 (CEST);1563696791000;2.08;889.51
1380556833984591;34.6;33.9;Sun Jul 21 2019 10:14:35 GMT+0200 (CEST);Sun Jul 21 2019 08:14:35 GMT+0200 (CEST);1563696875000;2.73;889.51
1380556833984591;34.6;33.1;Sun Jul 21 2019 10:16:01 GMT+0200 (CEST);Sun Jul 21 2019 08:16:01 GMT+0200 (CEST);1563696961000;3.34;889.51
1380556833984591;35.1;32.9;Sun Jul 21 2019 10:17:23 GMT+0200 (CEST);Sun Jul 21 2019 08:17:23 GMT+0200 (CEST);1563697043000;1.64;889.51
1380556833984591;35.1;32.8;Sun Jul 21 2019 10:19:32 GMT+0200 (CEST);Sun Jul 21 2019 08:19:32 GMT+0200 (CEST);1563697172000;4.41;889.51
1380556833984591;35.1;32.6;Sun Jul 21 2019 10:20:53 GMT+0200 (CEST);Sun Jul 21 2019 08:20:53 GMT+0200 (CEST);1563697253000;1.43;889.51
1380556833984591;36.6;31.8;Sun Jul 21 2019 10:22:14 GMT+0200 (CEST);Sun Jul 21 2019 08:22:14 GMT+0200 (CEST);1563697334000;1.46;889.51
1380556833984591;36.6;32.3;Sun Jul 21 2019 10:23:36 GMT+0200 (CEST);Sun Jul 21 2019 08:23:36 GMT+0200 (CEST);1563697416000;4.4;889.51
1380556833984591;36.6;32.5;Sun Jul 21 2019 10:25:05 GMT+0200 (CEST);Sun Jul 21 2019 08:25:05 GMT+0200 (CEST);1563697505000;4.63;889.51
1380556833984591;37.1;32.1;Sun Jul 21 2019 10:26:29 GMT+0200 (CEST);Sun Jul 21 2019 08:26:29 GMT+0200 (CEST);1563697589000;2.98;889.51
1380556833984591;37.1;31.2;Sun Jul 21 2019 10:27:53 GMT+0200 (CEST);Sun Jul 21 2019 08:27:53 GMT+0200 (CEST);1563697673000;1.44;889.51
1380556833984591;37.1;31.6;Sun Jul 21 2019 10:29:24 GMT+0200 (CEST);Sun Jul 21 2019 08:29:24 GMT+0200 (CEST);1563697764000;1.47;889.51
1380556833984591;37.1;31.4;Sun Jul 21 2019 10:30:47 GMT+0200 (CEST);Sun Jul 21 2019 08:30:47 GMT+0200 (CEST);1563697847000;2.46;889.51
1380556833984591;37.1;32.8;Sun Jul 21 2019 10:32:10 GMT+0200 (CEST);Sun Jul 21 2019 08:32:10 GMT+0200 (CEST);1563697930000;4.58;889.51
1380556833984591;37.1;32.2;Sun Jul 21 2019 10:33:44 GMT+0200 (CEST);Sun Jul 21 2019 08:33:44 GMT+0200 (CEST);1563698024000;1.84;889.51
1380556833984591;37.1;32.8;Sun Jul 21 2019 10:35:58 GMT+0200 (CEST);Sun Jul 21 2019 08:35:58 GMT+0200 (CEST);1563698158000;1.14;889.51
1380556833984591;39.1;31.4;Sun Jul 21 2019 10:37:19 GMT+0200 (CEST);Sun Jul 21 2019 08:37:19 GMT+0200 (CEST);1563698239000;1.01;889.51
1380556833984591;39.1;31.3;Sun Jul 21 2019 10:38:40 GMT+0200 (CEST);Sun Jul 21 2019 08:38:40 GMT+0200 (CEST);1563698320000;0.84;889.51
1380556833984591;39.1;31.8;Sun Jul 21 2019 10:40:04 GMT+0200 (CEST);Sun Jul 21 2019 08:40:04 GMT+0200 (CEST);1563698404000;4.21;889.51
1380556833984591;38.6;32.7;Sun Jul 21 2019 10:41:26 GMT+0200 (CEST);Sun Jul 21 2019 08:41:26 GMT+0200 (CEST);1563698486000;4.33;889.51
1380556833984591;38.6;32.3;Sun Jul 21 2019 10:43:03 GMT+0200 (CEST);Sun Jul 21 2019 08:43:03 GMT+0200 (CEST);1563698583000;4.39;889.51
1380556833984591;38.6;32.1;Sun Jul 21 2019 10:44:26 GMT+0200 (CEST);Sun Jul 21 2019 08:44:26 GMT+0200 (CEST);1563698666000;4.39;889.51
1380556833984591;38.6;32.1;Sun Jul 21 2019 10:45:47 GMT+0200 (CEST);Sun Jul 21 2019 08:45:47 GMT+0200 (CEST);1563698747000;4.58;889.51
1380556833984591;39.1;31.7;Sun Jul 21 2019 10:47:21 GMT+0200 (CEST);Sun Jul 21 2019 08:47:21 GMT+0200 (CEST);1563698841000;4.9;889.51
1380556833984591;39.1;31.7;Sun Jul 21 2019 10:48:50 GMT+0200 (CEST);Sun Jul 21 2019 08:48:50 GMT+0200 (CEST);1563698930000;5.03;889.51
1380556833984591;39.1;31.6;Sun Jul 21 2019 10:50:11 GMT+0200 (CEST);Sun Jul 21 2019 08:50:11 GMT+0200 (CEST);1563699011000;2.54;889.51
1380556833984591;41.1;32.6;Sun Jul 21 2019 10:51:38 GMT+0200 (CEST);Sun Jul 21 2019 08:51:38 GMT+0200 (CEST);1563699098000;2.62;889.51
1380556833984591;42.6;30.2;Sun Jul 21 2019 10:53:01 GMT+0200 (CEST);Sun Jul 21 2019 08:53:01 GMT+0200 (CEST);1563699181000;1.13;889.51
1380556833984591;42.6;30.6;Sun Jul 21 2019 10:54:25 GMT+0200 (CEST);Sun Jul 21 2019 08:54:25 GMT+0200 (CEST);1563699265000;1.08;889.51
1380556833984591;42.6;31.6;Sun Jul 21 2019 10:55:55 GMT+0200 (CEST);Sun Jul 21 2019 08:55:55 GMT+0200 (CEST);1563699355000;4.61;889.51
1380556833984591;42.6;31.3;Sun Jul 21 2019 10:57:17 GMT+0200 (CEST);Sun Jul 21 2019 08:57:17 GMT+0200 (CEST);1563699437000;4.58;889.51
1380556833984591;42.6;31.2;Sun Jul 21 2019 10:58:38 GMT+0200 (CEST);Sun Jul 21 2019 08:58:38 GMT+0200 (CEST);1563699518000;4.56;889.51
1380556833984591;43.1;31.4;Sun Jul 21 2019 11:00:00 GMT+0200 (CEST);Sun Jul 21 2019 09:00:00 GMT+0200 (CEST);1563699600000;4.5;889.51
1380556833984591;44.7;31.2;Sun Jul 21 2019 11:01:21 GMT+0200 (CEST);Sun Jul 21 2019 09:01:21 GMT+0200 (CEST);1563699681000;4.57;889.51
1380556833984591;44.7;31.1;Sun Jul 21 2019 11:02:44 GMT+0200 (CEST);Sun Jul 21 2019 09:02:44 GMT+0200 (CEST);1563699764000;4.67;889.51
1380556833984591;44.7;31.1;Sun Jul 21 2019 11:04:34 GMT+0200 (CEST);Sun Jul 21 2019 09:04:34 GMT+0200 (CEST);1563699874000;4.62;889.51
1380556833984591;44.7;30.8;Sun Jul 21 2019 11:06:03 GMT+0200 (CEST);Sun Jul 21 2019 09:06:03 GMT+0200 (CEST);1563699963000;4.61;889.51
1380556833984591;44.7;31;Sun Jul 21 2019 11:07:24 GMT+0200 (CEST);Sun Jul 21 2019 09:07:24 GMT+0200 (CEST);1563700044000;4.59;889.51
1380556833984591;45.2;31.1;Sun Jul 21 2019 11:08:48 GMT+0200 (CEST);Sun Jul 21 2019 09:08:48 GMT+0200 (CEST);1563700128000;4.59;889.51
1380556833984591;45.2;30.8;Sun Jul 21 2019 11:10:26 GMT+0200 (CEST);Sun Jul 21 2019 09:10:26 GMT+0200 (CEST);1563700226000;4.57;889.51
1380556833984591;46.7;30.7;Sun Jul 21 2019 11:11:48 GMT+0200 (CEST);Sun Jul 21 2019 09:11:48 GMT+0200 (CEST);1563700308000;4.61;889.51
1380556833984591;46.7;31;Sun Jul 21 2019 11:13:10 GMT+0200 (CEST);Sun Jul 21 2019 09:13:10 GMT+0200 (CEST);1563700390000;3.73;889.51
1380556833984591;46.7;31;Sun Jul 21 2019 11:14:39 GMT+0200 (CEST);Sun Jul 21 2019 09:14:39 GMT+0200 (CEST);1563700479000;4.55;889.51
1380556833984591;46.7;30.7;Sun Jul 21 2019 11:16:00 GMT+0200 (CEST);Sun Jul 21 2019 09:16:00 GMT+0200 (CEST);1563700560000;4.75;889.51
1380556833984591;46.7;30.7;Sun Jul 21 2019 11:17:35 GMT+0200 (CEST);Sun Jul 21 2019 09:17:35 GMT+0200 (CEST);1563700655000;4.97;889.51
1380556833984591;46.7;32;Sun Jul 21 2019 11:19:05 GMT+0200 (CEST);Sun Jul 21 2019 09:19:05 GMT+0200 (CEST);1563700745000;1.94;889.51
1380556833984591;47.2;30.6;Sun Jul 21 2019 11:20:26 GMT+0200 (CEST);Sun Jul 21 2019 09:20:26 GMT+0200 (CEST);1563700826000;5.07;889.51
1380556833984591;47.2;30.8;Sun Jul 21 2019 11:22:33 GMT+0200 (CEST);Sun Jul 21 2019 09:22:33 GMT+0200 (CEST);1563700953000;4.99;889.51
1380556833984591;47.2;30.9;Sun Jul 21 2019 11:23:54 GMT+0200 (CEST);Sun Jul 21 2019 09:23:54 GMT+0200 (CEST);1563701034000;3.95;889.51
1380556833984591;47.2;30;Sun Jul 21 2019 11:25:16 GMT+0200 (CEST);Sun Jul 21 2019 09:25:16 GMT+0200 (CEST);1563701116000;4.96;889.51
1380556833984591;47.2;31.1;Sun Jul 21 2019 11:26:37 GMT+0200 (CEST);Sun Jul 21 2019 09:26:37 GMT+0200 (CEST);1563701197000;5.06;889.51
1380556833984591;47.2;31;Sun Jul 21 2019 11:27:59 GMT+0200 (CEST);Sun Jul 21 2019 09:27:59 GMT+0200 (CEST);1563701279000;5.14;889.51
1380556833984591;47.2;30.8;Sun Jul 21 2019 11:29:26 GMT+0200 (CEST);Sun Jul 21 2019 09:29:26 GMT+0200 (CEST);1563701366000;5.24;889.51
1380556833984591;47.2;30.8;Sun Jul 21 2019 11:30:47 GMT+0200 (CEST);Sun Jul 21 2019 09:30:47 GMT+0200 (CEST);1563701447000;5.2;889.51
1380556833984591;47.2;30.6;Sun Jul 21 2019 11:32:08 GMT+0200 (CEST);Sun Jul 21 2019 09:32:08 GMT+0200 (CEST);1563701528000;5.48;889.51
1380556833984591;47.2;30.6;Sun Jul 21 2019 11:33:29 GMT+0200 (CEST);Sun Jul 21 2019 09:33:29 GMT+0200 (CEST);1563701609000;3.88;889.51
1380556833984591;47.2;30.1;Sun Jul 21 2019 11:34:58 GMT+0200 (CEST);Sun Jul 21 2019 09:34:58 GMT+0200 (CEST);1563701698000;2.18;889.51
1380556833984591;47.2;29.7;Sun Jul 21 2019 11:36:20 GMT+0200 (CEST);Sun Jul 21 2019 09:36:20 GMT+0200 (CEST);1563701780000;1.29;889.51
1380556833984591;47.2;30.4;Sun Jul 21 2019 11:37:46 GMT+0200 (CEST);Sun Jul 21 2019 09:37:46 GMT+0200 (CEST);1563701866000;0.98;889.51
1380556833984591;47.2;30.6;Sun Jul 21 2019 11:39:36 GMT+0200 (CEST);Sun Jul 21 2019 09:39:36 GMT+0200 (CEST);1563701976000;0.73;889.51
1380556833984591;47.2;30.7;Sun Jul 21 2019 11:41:01 GMT+0200 (CEST);Sun Jul 21 2019 09:41:01 GMT+0200 (CEST);1563702061000;0.64;889.51
1380556833984591;47.2;30.6;Sun Jul 21 2019 11:42:24 GMT+0200 (CEST);Sun Jul 21 2019 09:42:24 GMT+0200 (CEST);1563702144000;0.54;889.51
1380556833984591;44.7;31;Sun Jul 21 2019 11:43:47 GMT+0200 (CEST);Sun Jul 21 2019 09:43:47 GMT+0200 (CEST);1563702227000;0.5;889.51
1380556833984591;44.7;31.2;Sun Jul 21 2019 11:45:10 GMT+0200 (CEST);Sun Jul 21 2019 09:45:10 GMT+0200 (CEST);1563702310000;0.54;889.51
1380556833984591;44.7;31.5;Sun Jul 21 2019 11:46:32 GMT+0200 (CEST);Sun Jul 21 2019 09:46:32 GMT+0200 (CEST);1563702392000;0.6;889.51
1380556833984591;41.1;31.9;Sun Jul 21 2019 11:47:53 GMT+0200 (CEST);Sun Jul 21 2019 09:47:53 GMT+0200 (CEST);1563702473000;0.67;889.51
1380556833984591;41.1;32.4;Sun Jul 21 2019 11:49:15 GMT+0200 (CEST);Sun Jul 21 2019 09:49:15 GMT+0200 (CEST);1563702555000;0.83;889.51
1380556833984591;41.1;33.5;Sun Jul 21 2019 11:51:02 GMT+0200 (CEST);Sun Jul 21 2019 09:51:02 GMT+0200 (CEST);1563702662000;4.96;889.51
1380556833984591;39.1;33.3;Sun Jul 21 2019 11:52:52 GMT+0200 (CEST);Sun Jul 21 2019 09:52:52 GMT+0200 (CEST);1563702772000;3.55;889.51
1380556833984591;39.1;32.7;Sun Jul 21 2019 11:54:26 GMT+0200 (CEST);Sun Jul 21 2019 09:54:26 GMT+0200 (CEST);1563702866000;5.03;889.51
1380556833984591;39.1;32.3;Sun Jul 21 2019 11:55:47 GMT+0200 (CEST);Sun Jul 21 2019 09:55:47 GMT+0200 (CEST);1563702947000;5.15;889.51
1380556833984591;39.1;33;Sun Jul 21 2019 11:57:08 GMT+0200 (CEST);Sun Jul 21 2019 09:57:08 GMT+0200 (CEST);1563703028000;5.03;889.51
1380556833984591;39.1;30.4;Sun Jul 21 2019 11:58:31 GMT+0200 (CEST);Sun Jul 21 2019 09:58:31 GMT+0200 (CEST);1563703111000;0.88;889.51
1380556833984591;40.1;31.7;Sun Jul 21 2019 12:00:06 GMT+0200 (CEST);Sun Jul 21 2019 10:00:06 GMT+0200 (CEST);1563703206000;5.13;889.51
1380556833984591;40.6;31.6;Sun Jul 21 2019 12:01:27 GMT+0200 (CEST);Sun Jul 21 2019 10:01:27 GMT+0200 (CEST);1563703287000;5.06;889.51
1380556833984591;41.1;31.5;Sun Jul 21 2019 12:02:58 GMT+0200 (CEST);Sun Jul 21 2019 10:02:58 GMT+0200 (CEST);1563703378000;5.04;889.51
1380556833984591;42.6;31.1;Sun Jul 21 2019 12:04:27 GMT+0200 (CEST);Sun Jul 21 2019 10:04:27 GMT+0200 (CEST);1563703467000;5.19;889.51
1380556833984591;42.6;30.8;Sun Jul 21 2019 12:05:50 GMT+0200 (CEST);Sun Jul 21 2019 10:05:50 GMT+0200 (CEST);1563703550000;5.38;889.51
1380556833984591;43.1;30.8;Sun Jul 21 2019 12:07:11 GMT+0200 (CEST);Sun Jul 21 2019 10:07:11 GMT+0200 (CEST);1563703631000;5.57;889.51
1380556833984591;44.7;31;Sun Jul 21 2019 12:08:33 GMT+0200 (CEST);Sun Jul 21 2019 10:08:33 GMT+0200 (CEST);1563703713000;2.07;889.51
1380556833984591;44.7;30.5;Sun Jul 21 2019 12:09:55 GMT+0200 (CEST);Sun Jul 21 2019 10:09:55 GMT+0200 (CEST);1563703795000;5.47;889.51
1380556833984591;44.7;30.7;Sun Jul 21 2019 12:11:17 GMT+0200 (CEST);Sun Jul 21 2019 10:11:17 GMT+0200 (CEST);1563703877000;5.58;889.51
1380556833984591;45.2;30.6;Sun Jul 21 2019 12:12:39 GMT+0200 (CEST);Sun Jul 21 2019 10:12:39 GMT+0200 (CEST);1563703959000;5.53;889.51
1380556833984591;45.2;30.8;Sun Jul 21 2019 12:14:01 GMT+0200 (CEST);Sun Jul 21 2019 10:14:01 GMT+0200 (CEST);1563704041000;3.31;889.51
1380556833984591;45.2;29.5;Sun Jul 21 2019 12:15:30 GMT+0200 (CEST);Sun Jul 21 2019 10:15:30 GMT+0200 (CEST);1563704130000;1.63;889.51
1380556833984591;45.2;30.2;Sun Jul 21 2019 12:16:52 GMT+0200 (CEST);Sun Jul 21 2019 10:16:52 GMT+0200 (CEST);1563704212000;3.92;889.51
1380556833984591;45.2;31;Sun Jul 21 2019 12:18:15 GMT+0200 (CEST);Sun Jul 21 2019 10:18:15 GMT+0200 (CEST);1563704295000;1.83;889.51
1380556833984591;45.2;30.7;Sun Jul 21 2019 12:19:37 GMT+0200 (CEST);Sun Jul 21 2019 10:19:37 GMT+0200 (CEST);1563704377000;1.73;889.51
1380556833984591;45.2;31;Sun Jul 21 2019 12:21:03 GMT+0200 (CEST);Sun Jul 21 2019 10:21:03 GMT+0200 (CEST);1563704463000;5.92;889.51
1380556833984591;45.2;31;Sun Jul 21 2019 12:22:36 GMT+0200 (CEST);Sun Jul 21 2019 10:22:36 GMT+0200 (CEST);1563704556000;5.96;889.51
1380556833984591;46.7;31;Sun Jul 21 2019 12:23:58 GMT+0200 (CEST);Sun Jul 21 2019 10:23:58 GMT+0200 (CEST);1563704638000;5.7;889.51
1380556833984591;46.7;31.3;Sun Jul 21 2019 12:25:23 GMT+0200 (CEST);Sun Jul 21 2019 10:25:23 GMT+0200 (CEST);1563704723000;1.25;889.51
1380556833984591;46.7;30.2;Sun Jul 21 2019 12:26:49 GMT+0200 (CEST);Sun Jul 21 2019 10:26:49 GMT+0200 (CEST);1563704809000;1.06;889.51
1380556833984591;46.7;30.7;Sun Jul 21 2019 12:28:11 GMT+0200 (CEST);Sun Jul 21 2019 10:28:11 GMT+0200 (CEST);1563704891000;1.08;889.51
1380556833984591;46.7;30.8;Sun Jul 21 2019 12:29:37 GMT+0200 (CEST);Sun Jul 21 2019 10:29:37 GMT+0200 (CEST);1563704977000;1.23;889.51
1380556833984591;46.7;31.3;Sun Jul 21 2019 12:31:00 GMT+0200 (CEST);Sun Jul 21 2019 10:31:00 GMT+0200 (CEST);1563705060000;1.06;889.51
1380556833984591;44.7;31.2;Sun Jul 21 2019 12:32:22 GMT+0200 (CEST);Sun Jul 21 2019 10:32:22 GMT+0200 (CEST);1563705142000;1.4;889.51
1380556833984591;44.7;33.2;Sun Jul 21 2019 12:33:43 GMT+0200 (CEST);Sun Jul 21 2019 10:33:43 GMT+0200 (CEST);1563705223000;5.67;889.51
1380556833984591;44.7;32.4;Sun Jul 21 2019 12:35:05 GMT+0200 (CEST);Sun Jul 21 2019 10:35:05 GMT+0200 (CEST);1563705305000;5.54;889.51
1380556833984591;43.1;31.6;Sun Jul 21 2019 12:37:08 GMT+0200 (CEST);Sun Jul 21 2019 10:37:08 GMT+0200 (CEST);1563705428000;5.62;889.51
1380556833984591;43.1;31.6;Sun Jul 21 2019 12:38:29 GMT+0200 (CEST);Sun Jul 21 2019 10:38:29 GMT+0200 (CEST);1563705509000;5.77;889.51
1380556833984591;43.1;30.8;Sun Jul 21 2019 12:39:51 GMT+0200 (CEST);Sun Jul 21 2019 10:39:51 GMT+0200 (CEST);1563705591000;5.78;889.51
1380556833984591;44.7;30.8;Sun Jul 21 2019 12:41:12 GMT+0200 (CEST);Sun Jul 21 2019 10:41:12 GMT+0200 (CEST);1563705672000;5.78;889.51
1380556833984591;44.7;30.7;Sun Jul 21 2019 12:42:33 GMT+0200 (CEST);Sun Jul 21 2019 10:42:33 GMT+0200 (CEST);1563705753000;5.84;889.51
1380556833984591;44.7;31.3;Sun Jul 21 2019 12:43:57 GMT+0200 (CEST);Sun Jul 21 2019 10:43:57 GMT+0200 (CEST);1563705837000;5.65;889.51
1380556833984591;46.7;30.6;Sun Jul 21 2019 12:45:18 GMT+0200 (CEST);Sun Jul 21 2019 10:45:18 GMT+0200 (CEST);1563705918000;2.22;889.51
1380556833984591;46.7;29.6;Sun Jul 21 2019 12:46:40 GMT+0200 (CEST);Sun Jul 21 2019 10:46:40 GMT+0200 (CEST);1563706000000;1.5;889.51
1380556833984591;47.2;30;Sun Jul 21 2019 12:48:01 GMT+0200 (CEST);Sun Jul 21 2019 10:48:01 GMT+0200 (CEST);1563706081000;1.2;889.51
1380556833984591;47.2;30.4;Sun Jul 21 2019 12:49:27 GMT+0200 (CEST);Sun Jul 21 2019 10:49:27 GMT+0200 (CEST);1563706167000;1.13;889.51
1380556833984591;46.7;30.9;Sun Jul 21 2019 12:50:48 GMT+0200 (CEST);Sun Jul 21 2019 10:50:48 GMT+0200 (CEST);1563706248000;1.24;889.51
1380556833984591;46.7;31.5;Sun Jul 21 2019 12:52:20 GMT+0200 (CEST);Sun Jul 21 2019 10:52:20 GMT+0200 (CEST);1563706340000;1.53;889.51
1380556833984591;46.7;32.1;Sun Jul 21 2019 12:53:42 GMT+0200 (CEST);Sun Jul 21 2019 10:53:42 GMT+0200 (CEST);1563706422000;1.56;889.51
1380556833984591;45.2;31.6;Sun Jul 21 2019 12:55:03 GMT+0200 (CEST);Sun Jul 21 2019 10:55:03 GMT+0200 (CEST);1563706503000;1.36;889.51
1380556833984591;44.7;31.9;Sun Jul 21 2019 12:56:25 GMT+0200 (CEST);Sun Jul 21 2019 10:56:25 GMT+0200 (CEST);1563706585000;0.99;889.51
1380556833984591;43.1;31.3;Sun Jul 21 2019 12:57:46 GMT+0200 (CEST);Sun Jul 21 2019 10:57:46 GMT+0200 (CEST);1563706666000;0.75;889.51
1380556833984591;42.6;30.9;Sun Jul 21 2019 12:59:08 GMT+0200 (CEST);Sun Jul 21 2019 10:59:08 GMT+0200 (CEST);1563706748000;0.52;889.51
1380556833984591;42.6;30.4;Sun Jul 21 2019 13:00:30 GMT+0200 (CEST);Sun Jul 21 2019 11:00:30 GMT+0200 (CEST);1563706830000;0.39;889.51
1380556833984591;41.1;29.8;Sun Jul 21 2019 13:01:51 GMT+0200 (CEST);Sun Jul 21 2019 11:01:51 GMT+0200 (CEST);1563706911000;0.29;889.51
1380556833984591;40.1;29.8;Sun Jul 21 2019 13:03:12 GMT+0200 (CEST);Sun Jul 21 2019 11:03:12 GMT+0200 (CEST);1563706992000;0.19;889.51
1380556833984591;39.1;29.8;Sun Jul 21 2019 13:04:36 GMT+0200 (CEST);Sun Jul 21 2019 11:04:36 GMT+0200 (CEST);1563707076000;0.14;889.51
1380556833984591;38.6;30.5;Sun Jul 21 2019 13:06:05 GMT+0200 (CEST);Sun Jul 21 2019 11:06:05 GMT+0200 (CEST);1563707165000;0.12;889.51
1380556833984591;37.1;30.3;Sun Jul 21 2019 13:07:27 GMT+0200 (CEST);Sun Jul 21 2019 11:07:27 GMT+0200 (CEST);1563707247000;0.14;889.51
1380556833984591;35.1;31;Sun Jul 21 2019 13:08:52 GMT+0200 (CEST);Sun Jul 21 2019 11:08:52 GMT+0200 (CEST);1563707332000;0.14;889.51
1380556833984591;34.6;31.3;Sun Jul 21 2019 13:10:15 GMT+0200 (CEST);Sun Jul 21 2019 11:10:15 GMT+0200 (CEST);1563707415000;0.17;889.51
1380556833984591;31.1;31.5;Sun Jul 21 2019 13:11:36 GMT+0200 (CEST);Sun Jul 21 2019 11:11:36 GMT+0200 (CEST);1563707496000;0.22;889.51
1380556833984591;30.5;31.9;Sun Jul 21 2019 13:13:00 GMT+0200 (CEST);Sun Jul 21 2019 11:13:00 GMT+0200 (CEST);1563707580000;0.29;889.51
1380556833984591;28.5;32.1;Sun Jul 21 2019 13:14:28 GMT+0200 (CEST);Sun Jul 21 2019 11:14:28 GMT+0200 (CEST);1563707668000;0.36;889.51
1380556833984591;28.5;33.1;Sun Jul 21 2019 13:15:57 GMT+0200 (CEST);Sun Jul 21 2019 11:15:57 GMT+0200 (CEST);1563707757000;0.47;889.51
1380556833984591;28.5;33.6;Sun Jul 21 2019 13:17:25 GMT+0200 (CEST);Sun Jul 21 2019 11:17:25 GMT+0200 (CEST);1563707845000;0.57;889.51
1380556833984591;26.5;33.7;Sun Jul 21 2019 13:18:47 GMT+0200 (CEST);Sun Jul 21 2019 11:18:47 GMT+0200 (CEST);1563707927000;0.63;889.51
1380556833984591;27;33.4;Sun Jul 21 2019 13:20:08 GMT+0200 (CEST);Sun Jul 21 2019 11:20:08 GMT+0200 (CEST);1563708008000;0.69;889.51
1380556833984591;26.5;33.4;Sun Jul 21 2019 13:21:30 GMT+0200 (CEST);Sun Jul 21 2019 11:21:30 GMT+0200 (CEST);1563708090000;0.7;889.51
1380556833984591;26.5;33.5;Sun Jul 21 2019 13:22:54 GMT+0200 (CEST);Sun Jul 21 2019 11:22:54 GMT+0200 (CEST);1563708174000;0.67;889.51
1380556833984591;26.5;33.8;Sun Jul 21 2019 13:24:34 GMT+0200 (CEST);Sun Jul 21 2019 11:24:34 GMT+0200 (CEST);1563708274000;0.64;889.51
1380556833984591;26.5;33.5;Sun Jul 21 2019 13:25:58 GMT+0200 (CEST);Sun Jul 21 2019 11:25:58 GMT+0200 (CEST);1563708358000;0.6;889.51
1380556833984591;26.5;33;Sun Jul 21 2019 13:27:20 GMT+0200 (CEST);Sun Jul 21 2019 11:27:20 GMT+0200 (CEST);1563708440000;0.54;889.51
1380556833984591;26.5;32.8;Sun Jul 21 2019 13:28:45 GMT+0200 (CEST);Sun Jul 21 2019 11:28:45 GMT+0200 (CEST);1563708525000;0.48;889.51
1380556833984591;26.5;32.7;Sun Jul 21 2019 13:30:06 GMT+0200 (CEST);Sun Jul 21 2019 11:30:06 GMT+0200 (CEST);1563708606000;0.44;889.51
1380556833984591;26.5;32.3;Sun Jul 21 2019 13:31:35 GMT+0200 (CEST);Sun Jul 21 2019 11:31:35 GMT+0200 (CEST);1563708695000;0.42;889.51
1380556833984591;26.5;32.4;Sun Jul 21 2019 13:32:57 GMT+0200 (CEST);Sun Jul 21 2019 11:32:57 GMT+0200 (CEST);1563708777000;0.42;889.51
1380556833984591;26.5;32.7;Sun Jul 21 2019 13:34:23 GMT+0200 (CEST);Sun Jul 21 2019 11:34:23 GMT+0200 (CEST);1563708863000;0.46;889.51
1380556833984591;26.5;33.2;Sun Jul 21 2019 13:35:58 GMT+0200 (CEST);Sun Jul 21 2019 11:35:58 GMT+0200 (CEST);1563708958000;0.54;889.51
1380556833984591;26.5;33.6;Sun Jul 21 2019 13:37:19 GMT+0200 (CEST);Sun Jul 21 2019 11:37:19 GMT+0200 (CEST);1563709039000;0.66;889.51
1380556833984591;26.5;34.2;Sun Jul 21 2019 13:38:49 GMT+0200 (CEST);Sun Jul 21 2019 11:38:49 GMT+0200 (CEST);1563709129000;0.82;889.51
1380556833984591;26.5;34.5;Sun Jul 21 2019 13:40:11 GMT+0200 (CEST);Sun Jul 21 2019 11:40:11 GMT+0200 (CEST);1563709211000;1;889.51
1380556833984591;26.5;34.7;Sun Jul 21 2019 13:41:32 GMT+0200 (CEST);Sun Jul 21 2019 11:41:32 GMT+0200 (CEST);1563709292000;1.23;889.51
1380556833984591;26.5;34.8;Sun Jul 21 2019 13:42:54 GMT+0200 (CEST);Sun Jul 21 2019 11:42:54 GMT+0200 (CEST);1563709374000;1.79;889.51
1380556833984591;26.5;35.7;Sun Jul 21 2019 13:44:25 GMT+0200 (CEST);Sun Jul 21 2019 11:44:25 GMT+0200 (CEST);1563709465000;2.52;889.51
1380556833984591;27;35.3;Sun Jul 21 2019 13:45:47 GMT+0200 (CEST);Sun Jul 21 2019 11:45:47 GMT+0200 (CEST);1563709547000;2.16;889.51
1380556833984591;27;34.1;Sun Jul 21 2019 13:47:37 GMT+0200 (CEST);Sun Jul 21 2019 11:47:37 GMT+0200 (CEST);1563709657000;5.26;889.51
1380556833984591;27;33.3;Sun Jul 21 2019 13:49:00 GMT+0200 (CEST);Sun Jul 21 2019 11:49:00 GMT+0200 (CEST);1563709740000;5.12;889.51
1380556833984591;29;32.8;Sun Jul 21 2019 13:50:24 GMT+0200 (CEST);Sun Jul 21 2019 11:50:24 GMT+0200 (CEST);1563709824000;5.06;889.51
1380556833984591;29;32.3;Sun Jul 21 2019 13:51:46 GMT+0200 (CEST);Sun Jul 21 2019 11:51:46 GMT+0200 (CEST);1563709906000;5.01;889.51
1380556833984591;29;31.8;Sun Jul 21 2019 13:53:10 GMT+0200 (CEST);Sun Jul 21 2019 11:53:10 GMT+0200 (CEST);1563709990000;4.76;889.51
1380556833984591;32.1;31.5;Sun Jul 21 2019 13:55:22 GMT+0200 (CEST);Sun Jul 21 2019 11:55:22 GMT+0200 (CEST);1563710122000;4.92;889.51
1380556833984591;32.1;31.3;Sun Jul 21 2019 13:56:46 GMT+0200 (CEST);Sun Jul 21 2019 11:56:46 GMT+0200 (CEST);1563710206000;4.89;889.51
1380556833984591;32.1;31.2;Sun Jul 21 2019 13:58:07 GMT+0200 (CEST);Sun Jul 21 2019 11:58:07 GMT+0200 (CEST);1563710287000;4.84;889.51
1380556833984591;32.1;30.9;Sun Jul 21 2019 13:59:30 GMT+0200 (CEST);Sun Jul 21 2019 11:59:30 GMT+0200 (CEST);1563710370000;4.93;889.51
1380556833984591;39.1;30.9;Sun Jul 21 2019 14:00:56 GMT+0200 (CEST);Sun Jul 21 2019 12:00:56 GMT+0200 (CEST);1563710456000;4.9;889.51
1380556833984591;39.1;30.9;Sun Jul 21 2019 14:02:16 GMT+0200 (CEST);Sun Jul 21 2019 12:02:16 GMT+0200 (CEST);1563710536000;4.65;889.51
1380556833984591;39.1;30.8;Sun Jul 21 2019 14:03:39 GMT+0200 (CEST);Sun Jul 21 2019 12:03:39 GMT+0200 (CEST);1563710619000;4.69;889.51
1380556833984591;42.6;30.9;Sun Jul 21 2019 14:05:04 GMT+0200 (CEST);Sun Jul 21 2019 12:05:04 GMT+0200 (CEST);1563710704000;4.82;889.51
1380556833984591;42.6;30.7;Sun Jul 21 2019 14:06:25 GMT+0200 (CEST);Sun Jul 21 2019 12:06:25 GMT+0200 (CEST);1563710785000;4.9;889.51
1380556833984591;42.6;30.7;Sun Jul 21 2019 14:08:04 GMT+0200 (CEST);Sun Jul 21 2019 12:08:04 GMT+0200 (CEST);1563710884000;4.87;889.51
1380556833984591;45.2;30.8;Sun Jul 21 2019 14:09:38 GMT+0200 (CEST);Sun Jul 21 2019 12:09:38 GMT+0200 (CEST);1563710978000;4.75;889.51
1380556833984591;45.2;30.7;Sun Jul 21 2019 14:11:05 GMT+0200 (CEST);Sun Jul 21 2019 12:11:05 GMT+0200 (CEST);1563711065000;4.74;889.51
1380556833984591;45.2;30.7;Sun Jul 21 2019 14:12:28 GMT+0200 (CEST);Sun Jul 21 2019 12:12:28 GMT+0200 (CEST);1563711148000;4.79;889.51
1380556833984591;45.2;30.8;Sun Jul 21 2019 14:13:49 GMT+0200 (CEST);Sun Jul 21 2019 12:13:49 GMT+0200 (CEST);1563711229000;4.8;889.51
1380556833984591;46.7;30.6;Sun Jul 21 2019 14:15:10 GMT+0200 (CEST);Sun Jul 21 2019 12:15:10 GMT+0200 (CEST);1563711310000;4.73;889.51
1380556833984591;46.7;30.6;Sun Jul 21 2019 14:16:44 GMT+0200 (CEST);Sun Jul 21 2019 12:16:44 GMT+0200 (CEST);1563711404000;4.83;889.51
1380556833984591;46.7;30.4;Sun Jul 21 2019 14:18:06 GMT+0200 (CEST);Sun Jul 21 2019 12:18:06 GMT+0200 (CEST);1563711486000;4.87;889.51
1380556833984591;48.2;30.3;Sun Jul 21 2019 14:19:27 GMT+0200 (CEST);Sun Jul 21 2019 12:19:27 GMT+0200 (CEST);1563711567000;4.81;889.51
1380556833984591;48.2;30.9;Sun Jul 21 2019 14:20:55 GMT+0200 (CEST);Sun Jul 21 2019 12:20:55 GMT+0200 (CEST);1563711655000;4.85;889.51
1380556833984591;48.2;30.5;Sun Jul 21 2019 14:22:17 GMT+0200 (CEST);Sun Jul 21 2019 12:22:17 GMT+0200 (CEST);1563711737000;4.52;889.51
1380556833984591;48.2;30.7;Sun Jul 21 2019 14:23:29 GMT+0200 (CEST);Sun Jul 21 2019 12:23:29 GMT+0200 (CEST);1563711809000;4.36;889.51
1380556833984591;48.2;30.9;Sun Jul 21 2019 14:24:53 GMT+0200 (CEST);Sun Jul 21 2019 12:24:53 GMT+0200 (CEST);1563711893000;4.28;889.51
1380556833984591;48.2;31;Sun Jul 21 2019 14:26:18 GMT+0200 (CEST);Sun Jul 21 2019 12:26:18 GMT+0200 (CEST);1563711978000;4.37;889.51
1380556833984591;48.2;31.4;Sun Jul 21 2019 14:27:39 GMT+0200 (CEST);Sun Jul 21 2019 12:27:39 GMT+0200 (CEST);1563712059000;4.62;889.51
1380556833984591;48.2;31.3;Sun Jul 21 2019 14:29:03 GMT+0200 (CEST);Sun Jul 21 2019 12:29:03 GMT+0200 (CEST);1563712143000;4.76;889.51
1380556833984591;48.2;31.1;Sun Jul 21 2019 14:30:26 GMT+0200 (CEST);Sun Jul 21 2019 12:30:26 GMT+0200 (CEST);1563712226000;4.96;889.51
1380556833984591;48.2;30.9;Sun Jul 21 2019 14:31:52 GMT+0200 (CEST);Sun Jul 21 2019 12:31:52 GMT+0200 (CEST);1563712312000;4.72;889.51
1380556833984591;48.2;31.3;Sun Jul 21 2019 14:33:21 GMT+0200 (CEST);Sun Jul 21 2019 12:33:21 GMT+0200 (CEST);1563712401000;1.79;889.51
1380556833984591;50.7;30.3;Sun Jul 21 2019 14:34:45 GMT+0200 (CEST);Sun Jul 21 2019 12:34:45 GMT+0200 (CEST);1563712485000;1.49;889.51
1380556833984591;50.7;30.7;Sun Jul 21 2019 14:36:13 GMT+0200 (CEST);Sun Jul 21 2019 12:36:13 GMT+0200 (CEST);1563712573000;1.67;889.51
1380556833984591;50.7;31.3;Sun Jul 21 2019 14:37:35 GMT+0200 (CEST);Sun Jul 21 2019 12:37:35 GMT+0200 (CEST);1563712655000;1.53;889.51
1380556833984591;48.2;31.6;Sun Jul 21 2019 14:39:12 GMT+0200 (CEST);Sun Jul 21 2019 12:39:12 GMT+0200 (CEST);1563712752000;1.54;889.51
1380556833984591;48.2;31.9;Sun Jul 21 2019 14:40:51 GMT+0200 (CEST);Sun Jul 21 2019 12:40:51 GMT+0200 (CEST);1563712851000;1.38;889.51
1380556833984591;48.2;31.8;Sun Jul 21 2019 14:42:14 GMT+0200 (CEST);Sun Jul 21 2019 12:42:14 GMT+0200 (CEST);1563712934000;1.2;889.51
1380556833984591;46.7;31.9;Sun Jul 21 2019 14:43:38 GMT+0200 (CEST);Sun Jul 21 2019 12:43:38 GMT+0200 (CEST);1563713018000;1.09;889.51
1380556833984591;46.7;31.8;Sun Jul 21 2019 14:45:07 GMT+0200 (CEST);Sun Jul 21 2019 12:45:07 GMT+0200 (CEST);1563713107000;0.97;889.51
1380556833984591;46.7;31.6;Sun Jul 21 2019 14:46:43 GMT+0200 (CEST);Sun Jul 21 2019 12:46:43 GMT+0200 (CEST);1563713203000;0.88;889.51
1380556833984591;43.1;31.6;Sun Jul 21 2019 14:48:10 GMT+0200 (CEST);Sun Jul 21 2019 12:48:10 GMT+0200 (CEST);1563713290000;0.82;889.51
1380556833984591;43.1;31.9;Sun Jul 21 2019 14:49:47 GMT+0200 (CEST);Sun Jul 21 2019 12:49:47 GMT+0200 (CEST);1563713387000;0.73;889.51
1380556833984591;43.1;31.9;Sun Jul 21 2019 14:51:09 GMT+0200 (CEST);Sun Jul 21 2019 12:51:09 GMT+0200 (CEST);1563713469000;0.69;889.51
1380556833984591;43.1;31.8;Sun Jul 21 2019 14:52:31 GMT+0200 (CEST);Sun Jul 21 2019 12:52:31 GMT+0200 (CEST);1563713551000;0.64;889.51
1380556833984591;43.1;31.7;Sun Jul 21 2019 14:54:13 GMT+0200 (CEST);Sun Jul 21 2019 12:54:13 GMT+0200 (CEST);1563713653000;0.6;889.51
1380556833984591;43.1;31.7;Sun Jul 21 2019 14:55:35 GMT+0200 (CEST);Sun Jul 21 2019 12:55:35 GMT+0200 (CEST);1563713735000;0.57;889.51
1380556833984591;37.1;31.8;Sun Jul 21 2019 14:56:57 GMT+0200 (CEST);Sun Jul 21 2019 12:56:57 GMT+0200 (CEST);1563713817000;0.52;889.51
1380556833984591;37.1;32;Sun Jul 21 2019 14:58:18 GMT+0200 (CEST);Sun Jul 21 2019 12:58:18 GMT+0200 (CEST);1563713898000;0.47;889.51
1380556833984591;37.1;31.9;Sun Jul 21 2019 14:59:39 GMT+0200 (CEST);Sun Jul 21 2019 12:59:39 GMT+0200 (CEST);1563713979000;0.42;889.51
1380556833984591;37.1;32.2;Sun Jul 21 2019 15:01:00 GMT+0200 (CEST);Sun Jul 21 2019 13:01:00 GMT+0200 (CEST);1563714060000;0.46;889.51
1380556833984591;34.6;32.8;Sun Jul 21 2019 15:02:22 GMT+0200 (CEST);Sun Jul 21 2019 13:02:22 GMT+0200 (CEST);1563714142000;0.54;889.51
1380556833984591;34.6;33.1;Sun Jul 21 2019 15:03:43 GMT+0200 (CEST);Sun Jul 21 2019 13:03:43 GMT+0200 (CEST);1563714223000;0.61;889.51
1380556833984591;34.6;33.9;Sun Jul 21 2019 15:05:31 GMT+0200 (CEST);Sun Jul 21 2019 13:05:31 GMT+0200 (CEST);1563714331000;0.71;889.51
1380556833984591;32.1;34;Sun Jul 21 2019 15:06:53 GMT+0200 (CEST);Sun Jul 21 2019 13:06:53 GMT+0200 (CEST);1563714413000;0.76;889.51
1380556833984591;32.1;34.1;Sun Jul 21 2019 15:08:16 GMT+0200 (CEST);Sun Jul 21 2019 13:08:16 GMT+0200 (CEST);1563714496000;0.79;889.51
1380556833984591;32.1;34.1;Sun Jul 21 2019 15:09:54 GMT+0200 (CEST);Sun Jul 21 2019 13:09:54 GMT+0200 (CEST);1563714594000;0.78;889.51
1380556833984591;30.5;34.1;Sun Jul 21 2019 15:11:15 GMT+0200 (CEST);Sun Jul 21 2019 13:11:15 GMT+0200 (CEST);1563714675000;0.76;889.51
1380556833984591;30.5;34;Sun Jul 21 2019 15:12:38 GMT+0200 (CEST);Sun Jul 21 2019 13:12:38 GMT+0200 (CEST);1563714758000;0.73;889.51
1380556833984591;30.5;34;Sun Jul 21 2019 15:14:00 GMT+0200 (CEST);Sun Jul 21 2019 13:14:00 GMT+0200 (CEST);1563714840000;0.7;889.51
1380556833984591;30.5;33.9;Sun Jul 21 2019 15:15:21 GMT+0200 (CEST);Sun Jul 21 2019 13:15:21 GMT+0200 (CEST);1563714921000;0.66;889.51
1380556833984591;28.5;33.7;Sun Jul 21 2019 15:16:51 GMT+0200 (CEST);Sun Jul 21 2019 13:16:51 GMT+0200 (CEST);1563715011000;0.61;889.51
1380556833984591;28.5;33.6;Sun Jul 21 2019 15:18:12 GMT+0200 (CEST);Sun Jul 21 2019 13:18:12 GMT+0200 (CEST);1563715092000;0.62;889.51
1380556833984591;28.5;33.6;Sun Jul 21 2019 15:19:34 GMT+0200 (CEST);Sun Jul 21 2019 13:19:34 GMT+0200 (CEST);1563715174000;0.62;889.51
1380556833984591;28.5;33.4;Sun Jul 21 2019 15:20:57 GMT+0200 (CEST);Sun Jul 21 2019 13:20:57 GMT+0200 (CEST);1563715257000;0.62;889.51
1380556833984591;28.5;33.4;Sun Jul 21 2019 15:22:19 GMT+0200 (CEST);Sun Jul 21 2019 13:22:19 GMT+0200 (CEST);1563715339000;0.67;889.51
1380556833984591;28.5;33.3;Sun Jul 21 2019 15:24:11 GMT+0200 (CEST);Sun Jul 21 2019 13:24:11 GMT+0200 (CEST);1563715451000;0.58;889.51
1380556833984591;28.5;33.2;Sun Jul 21 2019 15:25:32 GMT+0200 (CEST);Sun Jul 21 2019 13:25:32 GMT+0200 (CEST);1563715532000;0.55;889.51
1380556833984591;28.5;32.8;Sun Jul 21 2019 15:26:54 GMT+0200 (CEST);Sun Jul 21 2019 13:26:54 GMT+0200 (CEST);1563715614000;0.54;889.51
1380556833984591;28.5;32.6;Sun Jul 21 2019 15:28:18 GMT+0200 (CEST);Sun Jul 21 2019 13:28:18 GMT+0200 (CEST);1563715698000;0.57;889.51
1380556833984591;28.5;32.6;Sun Jul 21 2019 15:29:43 GMT+0200 (CEST);Sun Jul 21 2019 13:29:43 GMT+0200 (CEST);1563715783000;0.62;889.51
1380556833984591;28.5;32.9;Sun Jul 21 2019 15:31:05 GMT+0200 (CEST);Sun Jul 21 2019 13:31:05 GMT+0200 (CEST);1563715865000;0.72;889.51
1380556833984591;28.5;33.2;Sun Jul 21 2019 15:32:30 GMT+0200 (CEST);Sun Jul 21 2019 13:32:30 GMT+0200 (CEST);1563715950000;0.86;889.51
1380556833984591;28.5;33.4;Sun Jul 21 2019 15:33:55 GMT+0200 (CEST);Sun Jul 21 2019 13:33:55 GMT+0200 (CEST);1563716035000;0.99;889.51
1380556833984591;28.5;33.7;Sun Jul 21 2019 15:35:19 GMT+0200 (CEST);Sun Jul 21 2019 13:35:19 GMT+0200 (CEST);1563716119000;1.24;889.51
1380556833984591;28.5;34.1;Sun Jul 21 2019 15:36:43 GMT+0200 (CEST);Sun Jul 21 2019 13:36:43 GMT+0200 (CEST);1563716203000;1.61;889.51
1380556833984591;28.5;34.2;Sun Jul 21 2019 15:38:08 GMT+0200 (CEST);Sun Jul 21 2019 13:38:08 GMT+0200 (CEST);1563716288000;2.23;889.51
1380556833984591;30.5;34.6;Sun Jul 21 2019 15:39:59 GMT+0200 (CEST);Sun Jul 21 2019 13:39:59 GMT+0200 (CEST);1563716399000;3.24;889.51
1380556833984591;30.5;34.5;Sun Jul 21 2019 15:41:20 GMT+0200 (CEST);Sun Jul 21 2019 13:41:20 GMT+0200 (CEST);1563716480000;3.34;889.51
1380556833984591;30.5;33.2;Sun Jul 21 2019 15:42:49 GMT+0200 (CEST);Sun Jul 21 2019 13:42:49 GMT+0200 (CEST);1563716569000;2.79;889.51
1380556833984591;30.5;33.8;Sun Jul 21 2019 15:44:15 GMT+0200 (CEST);Sun Jul 21 2019 13:44:15 GMT+0200 (CEST);1563716655000;2.34;889.51
1380556833984591;32.1;33.8;Sun Jul 21 2019 15:45:37 GMT+0200 (CEST);Sun Jul 21 2019 13:45:37 GMT+0200 (CEST);1563716737000;4.04;889.51
1380556833984591;32.1;32.1;Sun Jul 21 2019 15:46:58 GMT+0200 (CEST);Sun Jul 21 2019 13:46:58 GMT+0200 (CEST);1563716818000;4.27;889.51
1380556833984591;32.1;31.7;Sun Jul 21 2019 15:48:22 GMT+0200 (CEST);Sun Jul 21 2019 13:48:22 GMT+0200 (CEST);1563716902000;4.08;889.51
1380556833984591;36.6;32;Sun Jul 21 2019 15:49:51 GMT+0200 (CEST);Sun Jul 21 2019 13:49:51 GMT+0200 (CEST);1563716991000;4.09;889.51
1380556833984591;36.6;31.6;Sun Jul 21 2019 15:51:43 GMT+0200 (CEST);Sun Jul 21 2019 13:51:43 GMT+0200 (CEST);1563717103000;2.01;889.51
1380556833984591;36.6;30.7;Sun Jul 21 2019 15:53:07 GMT+0200 (CEST);Sun Jul 21 2019 13:53:07 GMT+0200 (CEST);1563717187000;1.28;889.51
1380556833984591;38.6;31.7;Sun Jul 21 2019 15:54:43 GMT+0200 (CEST);Sun Jul 21 2019 13:54:43 GMT+0200 (CEST);1563717283000;3.97;889.51
1380556833984591;38.6;31.9;Sun Jul 21 2019 15:56:04 GMT+0200 (CEST);Sun Jul 21 2019 13:56:04 GMT+0200 (CEST);1563717364000;3.29;889.51
1380556833984591;38.6;31.7;Sun Jul 21 2019 15:57:26 GMT+0200 (CEST);Sun Jul 21 2019 13:57:26 GMT+0200 (CEST);1563717446000;1.3;889.51
1380556833984591;40.6;31.2;Sun Jul 21 2019 15:58:47 GMT+0200 (CEST);Sun Jul 21 2019 13:58:47 GMT+0200 (CEST);1563717527000;1.48;889.51
1380556833984591;40.6;32;Sun Jul 21 2019 16:00:09 GMT+0200 (CEST);Sun Jul 21 2019 14:00:09 GMT+0200 (CEST);1563717609000;1.18;889.51
1380556833984591;40.6;31.7;Sun Jul 21 2019 16:01:39 GMT+0200 (CEST);Sun Jul 21 2019 14:01:39 GMT+0200 (CEST);1563717699000;1.25;889.51
1380556833984591;40.6;31.9;Sun Jul 21 2019 16:03:04 GMT+0200 (CEST);Sun Jul 21 2019 14:03:04 GMT+0200 (CEST);1563717784000;1.29;889.51
1380556833984591;40.6;32.1;Sun Jul 21 2019 16:04:25 GMT+0200 (CEST);Sun Jul 21 2019 14:04:25 GMT+0200 (CEST);1563717865000;2.73;889.51
1380556833984591;40.6;33.4;Sun Jul 21 2019 16:05:51 GMT+0200 (CEST);Sun Jul 21 2019 14:05:51 GMT+0200 (CEST);1563717951000;2.56;889.51
1380556833984591;40.6;32.9;Sun Jul 21 2019 16:07:13 GMT+0200 (CEST);Sun Jul 21 2019 14:07:13 GMT+0200 (CEST);1563718033000;2.68;889.51
1380556833984591;39.1;33.6;Sun Jul 21 2019 16:08:37 GMT+0200 (CEST);Sun Jul 21 2019 14:08:37 GMT+0200 (CEST);1563718117000;1.93;889.51
1380556833984591;39.1;31.9;Sun Jul 21 2019 16:10:16 GMT+0200 (CEST);Sun Jul 21 2019 14:10:16 GMT+0200 (CEST);1563718216000;4.06;889.51
1380556833984591;39.1;31.6;Sun Jul 21 2019 16:11:40 GMT+0200 (CEST);Sun Jul 21 2019 14:11:40 GMT+0200 (CEST);1563718300000;2.93;889.51
1380556833984591;39.1;32.5;Sun Jul 21 2019 16:13:05 GMT+0200 (CEST);Sun Jul 21 2019 14:13:05 GMT+0200 (CEST);1563718385000;1.21;889.51
1380556833984591;39.1;31.9;Sun Jul 21 2019 16:14:26 GMT+0200 (CEST);Sun Jul 21 2019 14:14:26 GMT+0200 (CEST);1563718466000;1.1;889.51
1380556833984591;39.1;31.7;Sun Jul 21 2019 16:15:48 GMT+0200 (CEST);Sun Jul 21 2019 14:15:48 GMT+0200 (CEST);1563718548000;1.69;889.51
1380556833984591;39.1;32.8;Sun Jul 21 2019 16:17:28 GMT+0200 (CEST);Sun Jul 21 2019 14:17:28 GMT+0200 (CEST);1563718648000;3.89;889.51
1380556833984591;39.1;33;Sun Jul 21 2019 16:19:13 GMT+0200 (CEST);Sun Jul 21 2019 14:19:13 GMT+0200 (CEST);1563718753000;3.31;889.51
1380556833984591;39.1;32.9;Sun Jul 21 2019 16:20:34 GMT+0200 (CEST);Sun Jul 21 2019 14:20:34 GMT+0200 (CEST);1563718834000;3.6;889.51
1380556833984591;39.1;33.4;Sun Jul 21 2019 16:21:58 GMT+0200 (CEST);Sun Jul 21 2019 14:21:58 GMT+0200 (CEST);1563718918000;2.34;889.51
1380556833984591;40.6;32.6;Sun Jul 21 2019 16:23:20 GMT+0200 (CEST);Sun Jul 21 2019 14:23:20 GMT+0200 (CEST);1563719000000;3.7;889.51
1380556833984591;40.6;32.7;Sun Jul 21 2019 16:24:58 GMT+0200 (CEST);Sun Jul 21 2019 14:24:58 GMT+0200 (CEST);1563719098000;3.74;889.51
1380556833984591;40.6;32.8;Sun Jul 21 2019 16:26:22 GMT+0200 (CEST);Sun Jul 21 2019 14:26:22 GMT+0200 (CEST);1563719182000;3.5;889.51
1380556833984591;40.6;32.5;Sun Jul 21 2019 16:27:44 GMT+0200 (CEST);Sun Jul 21 2019 14:27:44 GMT+0200 (CEST);1563719264000;3.5;889.51
1380556833984591;42.1;32.1;Sun Jul 21 2019 16:29:06 GMT+0200 (CEST);Sun Jul 21 2019 14:29:06 GMT+0200 (CEST);1563719346000;3.3;889.51
1380556833984591;42.1;32.8;Sun Jul 21 2019 16:30:30 GMT+0200 (CEST);Sun Jul 21 2019 14:30:30 GMT+0200 (CEST);1563719430000;3.12;889.51
1380556833984591;42.1;31.5;Sun Jul 21 2019 16:32:10 GMT+0200 (CEST);Sun Jul 21 2019 14:32:10 GMT+0200 (CEST);1563719530000;2.71;889.51
1380556833984591;42.6;31.8;Sun Jul 21 2019 16:33:31 GMT+0200 (CEST);Sun Jul 21 2019 14:33:31 GMT+0200 (CEST);1563719611000;3.06;889.51
1380556833984591;42.6;32;Sun Jul 21 2019 16:34:53 GMT+0200 (CEST);Sun Jul 21 2019 14:34:53 GMT+0200 (CEST);1563719693000;2.87;889.51
1380556833984591;42.6;32.7;Sun Jul 21 2019 16:36:15 GMT+0200 (CEST);Sun Jul 21 2019 14:36:15 GMT+0200 (CEST);1563719775000;2.9;889.51
1380556833984591;43.1;32.8;Sun Jul 21 2019 16:38:14 GMT+0200 (CEST);Sun Jul 21 2019 14:38:14 GMT+0200 (CEST);1563719894000;3.06;889.51
1380556833984591;43.1;31.8;Sun Jul 21 2019 16:40:09 GMT+0200 (CEST);Sun Jul 21 2019 14:40:09 GMT+0200 (CEST);1563720009000;3.35;889.51
1380556833984591;43.1;31.5;Sun Jul 21 2019 16:41:31 GMT+0200 (CEST);Sun Jul 21 2019 14:41:31 GMT+0200 (CEST);1563720091000;3.36;889.51
1380556833984591;43.1;31.5;Sun Jul 21 2019 16:42:59 GMT+0200 (CEST);Sun Jul 21 2019 14:42:59 GMT+0200 (CEST);1563720179000;3.24;889.51
1380556833984591;43.1;31.5;Sun Jul 21 2019 16:44:31 GMT+0200 (CEST);Sun Jul 21 2019 14:44:31 GMT+0200 (CEST);1563720271000;3.13;889.51
1380556833984591;43.1;31.4;Sun Jul 21 2019 16:46:01 GMT+0200 (CEST);Sun Jul 21 2019 14:46:01 GMT+0200 (CEST);1563720361000;3.02;889.51
1380556833984591;44.7;31.5;Sun Jul 21 2019 16:47:58 GMT+0200 (CEST);Sun Jul 21 2019 14:47:58 GMT+0200 (CEST);1563720478000;3.03;889.51
1380556833984591;44.7;32;Sun Jul 21 2019 16:49:26 GMT+0200 (CEST);Sun Jul 21 2019 14:49:26 GMT+0200 (CEST);1563720566000;2.97;889.51
1380556833984591;44.7;30.7;Sun Jul 21 2019 16:50:55 GMT+0200 (CEST);Sun Jul 21 2019 14:50:55 GMT+0200 (CEST);1563720655000;2.1;889.51
1380556833984591;44.7;30.8;Sun Jul 21 2019 16:52:16 GMT+0200 (CEST);Sun Jul 21 2019 14:52:16 GMT+0200 (CEST);1563720736000;0.88;889.51
1380556833984591;44.7;31.2;Sun Jul 21 2019 16:53:37 GMT+0200 (CEST);Sun Jul 21 2019 14:53:37 GMT+0200 (CEST);1563720817000;2.59;889.51
1380556833984591;44.7;31.7;Sun Jul 21 2019 16:54:58 GMT+0200 (CEST);Sun Jul 21 2019 14:54:58 GMT+0200 (CEST);1563720898000;2.48;889.51
1380556833984591;43.1;31.7;Sun Jul 21 2019 16:56:21 GMT+0200 (CEST);Sun Jul 21 2019 14:56:21 GMT+0200 (CEST);1563720981000;2.45;889.51
1380556833984591;43.1;31.9;Sun Jul 21 2019 16:57:45 GMT+0200 (CEST);Sun Jul 21 2019 14:57:45 GMT+0200 (CEST);1563721065000;2.66;889.51
1380556833984591;43.1;32.1;Sun Jul 21 2019 16:59:07 GMT+0200 (CEST);Sun Jul 21 2019 14:59:07 GMT+0200 (CEST);1563721147000;2.24;889.51
1380556833984591;43.1;31.4;Sun Jul 21 2019 17:00:50 GMT+0200 (CEST);Sun Jul 21 2019 15:00:50 GMT+0200 (CEST);1563721250000;2.93;889.51
1380556833984591;43.1;32.3;Sun Jul 21 2019 17:02:13 GMT+0200 (CEST);Sun Jul 21 2019 15:02:13 GMT+0200 (CEST);1563721333000;2.77;889.51
1380556833984591;43.1;32.3;Sun Jul 21 2019 17:03:37 GMT+0200 (CEST);Sun Jul 21 2019 15:03:37 GMT+0200 (CEST);1563721417000;2.86;889.51
1380556833984591;43.1;31.7;Sun Jul 21 2019 17:05:00 GMT+0200 (CEST);Sun Jul 21 2019 15:05:00 GMT+0200 (CEST);1563721500000;2.98;889.51
1380556833984591;42.6;31.7;Sun Jul 21 2019 17:06:26 GMT+0200 (CEST);Sun Jul 21 2019 15:06:26 GMT+0200 (CEST);1563721586000;2.91;889.51
1380556833984591;42.6;32.3;Sun Jul 21 2019 17:07:55 GMT+0200 (CEST);Sun Jul 21 2019 15:07:55 GMT+0200 (CEST);1563721675000;2.75;889.51
1380556833984591;42.6;31.8;Sun Jul 21 2019 17:09:27 GMT+0200 (CEST);Sun Jul 21 2019 15:09:27 GMT+0200 (CEST);1563721767000;0.97;889.51
1380556833984591;42.6;31.7;Sun Jul 21 2019 17:11:16 GMT+0200 (CEST);Sun Jul 21 2019 15:11:16 GMT+0200 (CEST);1563721876000;1.64;889.51
1380556833984591;42.6;31.1;Sun Jul 21 2019 17:12:38 GMT+0200 (CEST);Sun Jul 21 2019 15:12:38 GMT+0200 (CEST);1563721958000;0.78;889.51
1380556833984591;42.6;31.7;Sun Jul 21 2019 17:14:09 GMT+0200 (CEST);Sun Jul 21 2019 15:14:09 GMT+0200 (CEST);1563722049000;1.18;889.51
1380556833984591;41.1;32;Sun Jul 21 2019 17:15:31 GMT+0200 (CEST);Sun Jul 21 2019 15:15:31 GMT+0200 (CEST);1563722131000;1.65;889.51
1380556833984591;41.1;33.2;Sun Jul 21 2019 17:16:53 GMT+0200 (CEST);Sun Jul 21 2019 15:16:53 GMT+0200 (CEST);1563722213000;1.92;889.51
1380556833984591;41.1;32.5;Sun Jul 21 2019 17:18:14 GMT+0200 (CEST);Sun Jul 21 2019 15:18:14 GMT+0200 (CEST);1563722294000;1.66;889.51
1380556833984591;40.6;31.7;Sun Jul 21 2019 17:19:57 GMT+0200 (CEST);Sun Jul 21 2019 15:19:57 GMT+0200 (CEST);1563722397000;0.58;889.51
1380556833984591;40.6;31.9;Sun Jul 21 2019 17:21:25 GMT+0200 (CEST);Sun Jul 21 2019 15:21:25 GMT+0200 (CEST);1563722485000;0.57;889.51
1380556833984591;40.6;31.1;Sun Jul 21 2019 17:22:46 GMT+0200 (CEST);Sun Jul 21 2019 15:22:46 GMT+0200 (CEST);1563722566000;0.53;889.51
1380556833984591;40.6;31.2;Sun Jul 21 2019 17:24:10 GMT+0200 (CEST);Sun Jul 21 2019 15:24:10 GMT+0200 (CEST);1563722650000;0.54;889.51
1380556833984591;38.6;31.2;Sun Jul 21 2019 17:25:38 GMT+0200 (CEST);Sun Jul 21 2019 15:25:38 GMT+0200 (CEST);1563722738000;0.51;889.51
1380556833984591;38.6;31.2;Sun Jul 21 2019 17:27:02 GMT+0200 (CEST);Sun Jul 21 2019 15:27:02 GMT+0200 (CEST);1563722822000;0.53;889.51
1380556833984591;38.6;31.5;Sun Jul 21 2019 17:28:23 GMT+0200 (CEST);Sun Jul 21 2019 15:28:23 GMT+0200 (CEST);1563722903000;1.09;889.51
1380556833984591;37.1;32.6;Sun Jul 21 2019 17:29:45 GMT+0200 (CEST);Sun Jul 21 2019 15:29:45 GMT+0200 (CEST);1563722985000;0.88;889.51
1380556833984591;37.1;33.9;Sun Jul 21 2019 17:31:15 GMT+0200 (CEST);Sun Jul 21 2019 15:31:15 GMT+0200 (CEST);1563723075000;2.16;889.51
1380556833984591;37.1;33.5;Sun Jul 21 2019 17:32:36 GMT+0200 (CEST);Sun Jul 21 2019 15:32:36 GMT+0200 (CEST);1563723156000;2.08;889.51
1380556833984591;37.1;33.7;Sun Jul 21 2019 17:33:58 GMT+0200 (CEST);Sun Jul 21 2019 15:33:58 GMT+0200 (CEST);1563723238000;2.06;889.51
1380556833984591;37.1;33.8;Sun Jul 21 2019 17:35:25 GMT+0200 (CEST);Sun Jul 21 2019 15:35:25 GMT+0200 (CEST);1563723325000;2.04;889.51
1380556833984591;37.1;33.2;Sun Jul 21 2019 17:36:47 GMT+0200 (CEST);Sun Jul 21 2019 15:36:47 GMT+0200 (CEST);1563723407000;1.93;889.51
1380556833984591;37.1;33.3;Sun Jul 21 2019 17:38:08 GMT+0200 (CEST);Sun Jul 21 2019 15:38:08 GMT+0200 (CEST);1563723488000;1.86;889.51
1380556833984591;37.1;33.1;Sun Jul 21 2019 17:39:43 GMT+0200 (CEST);Sun Jul 21 2019 15:39:43 GMT+0200 (CEST);1563723583000;1.81;889.51
1380556833984591;37.1;32.8;Sun Jul 21 2019 17:41:07 GMT+0200 (CEST);Sun Jul 21 2019 15:41:07 GMT+0200 (CEST);1563723667000;1.01;889.51
1380556833984591;37.1;32.1;Sun Jul 21 2019 17:42:29 GMT+0200 (CEST);Sun Jul 21 2019 15:42:29 GMT+0200 (CEST);1563723749000;0.81;889.51
1380556833984591;37.1;31.4;Sun Jul 21 2019 17:44:04 GMT+0200 (CEST);Sun Jul 21 2019 15:44:04 GMT+0200 (CEST);1563723844000;0.59;889.51
1380556833984591;36.6;31.3;Sun Jul 21 2019 17:45:32 GMT+0200 (CEST);Sun Jul 21 2019 15:45:32 GMT+0200 (CEST);1563723932000;0.75;889.51
1380556833984591;36.6;32.3;Sun Jul 21 2019 17:46:53 GMT+0200 (CEST);Sun Jul 21 2019 15:46:53 GMT+0200 (CEST);1563724013000;1.34;889.51
1380556833984591;36.6;34;Sun Jul 21 2019 17:48:17 GMT+0200 (CEST);Sun Jul 21 2019 15:48:17 GMT+0200 (CEST);1563724097000;1.71;889.51
1380556833984591;37.1;33.6;Sun Jul 21 2019 17:49:47 GMT+0200 (CEST);Sun Jul 21 2019 15:49:47 GMT+0200 (CEST);1563724187000;1.76;889.51
1380556833984591;37.1;32.1;Sun Jul 21 2019 17:51:23 GMT+0200 (CEST);Sun Jul 21 2019 15:51:23 GMT+0200 (CEST);1563724283000;1.13;889.51
1380556833984591;37.1;32.4;Sun Jul 21 2019 17:52:53 GMT+0200 (CEST);Sun Jul 21 2019 15:52:53 GMT+0200 (CEST);1563724373000;1.78;889.51
1380556833984591;36.6;33.6;Sun Jul 21 2019 17:54:28 GMT+0200 (CEST);Sun Jul 21 2019 15:54:28 GMT+0200 (CEST);1563724468000;0.6;889.51
1380556833984591;36.6;33.4;Sun Jul 21 2019 17:55:52 GMT+0200 (CEST);Sun Jul 21 2019 15:55:52 GMT+0200 (CEST);1563724552000;1.72;889.51
1380556833984591;36.6;33.6;Sun Jul 21 2019 17:57:15 GMT+0200 (CEST);Sun Jul 21 2019 15:57:15 GMT+0200 (CEST);1563724635000;1.73;889.51
1380556833984591;37.1;33.8;Sun Jul 21 2019 17:58:58 GMT+0200 (CEST);Sun Jul 21 2019 15:58:58 GMT+0200 (CEST);1563724738000;1.69;889.51
1380556833984591;37.1;32.8;Sun Jul 21 2019 18:00:20 GMT+0200 (CEST);Sun Jul 21 2019 16:00:20 GMT+0200 (CEST);1563724820000;0.56;889.51
1380556833984591;37.1;31.3;Sun Jul 21 2019 18:01:44 GMT+0200 (CEST);Sun Jul 21 2019 16:01:44 GMT+0200 (CEST);1563724904000;0.47;889.51
1380556833984591;36.6;31;Sun Jul 21 2019 18:03:05 GMT+0200 (CEST);Sun Jul 21 2019 16:03:05 GMT+0200 (CEST);1563724985000;1.13;889.51
1380556833984591;36.6;33.9;Sun Jul 21 2019 18:04:27 GMT+0200 (CEST);Sun Jul 21 2019 16:04:27 GMT+0200 (CEST);1563725067000;0.5;889.51
1380556833984591;36.6;31.2;Sun Jul 21 2019 18:06:21 GMT+0200 (CEST);Sun Jul 21 2019 16:06:21 GMT+0200 (CEST);1563725181000;0.45;889.51
1380556833984591;35.1;31.2;Sun Jul 21 2019 18:08:00 GMT+0200 (CEST);Sun Jul 21 2019 16:08:00 GMT+0200 (CEST);1563725280000;0.44;889.51
1380556833984591;35.1;31.3;Sun Jul 21 2019 18:09:29 GMT+0200 (CEST);Sun Jul 21 2019 16:09:29 GMT+0200 (CEST);1563725369000;0.45;889.51
1380556833984591;35.1;31.4;Sun Jul 21 2019 18:10:52 GMT+0200 (CEST);Sun Jul 21 2019 16:10:52 GMT+0200 (CEST);1563725452000;1.36;889.51
1380556833984591;35.1;34.7;Sun Jul 21 2019 18:12:19 GMT+0200 (CEST);Sun Jul 21 2019 16:12:19 GMT+0200 (CEST);1563725539000;1.53;889.51
1380556833984591;35.1;34.7;Sun Jul 21 2019 18:13:42 GMT+0200 (CEST);Sun Jul 21 2019 16:13:42 GMT+0200 (CEST);1563725622000;1.64;889.51
1380556833984591;35.1;33.9;Sun Jul 21 2019 18:15:04 GMT+0200 (CEST);Sun Jul 21 2019 16:15:04 GMT+0200 (CEST);1563725704000;1.44;889.51
1380556833984591;35.1;33.8;Sun Jul 21 2019 18:16:25 GMT+0200 (CEST);Sun Jul 21 2019 16:16:25 GMT+0200 (CEST);1563725785000;0.64;889.51
1380556833984591;35.1;33.4;Sun Jul 21 2019 18:17:52 GMT+0200 (CEST);Sun Jul 21 2019 16:17:52 GMT+0200 (CEST);1563725872000;1.27;889.51
1380556833984591;35.1;34;Sun Jul 21 2019 18:19:13 GMT+0200 (CEST);Sun Jul 21 2019 16:19:13 GMT+0200 (CEST);1563725953000;1.22;889.51
1380556833984591;35.1;34.1;Sun Jul 21 2019 18:20:45 GMT+0200 (CEST);Sun Jul 21 2019 16:20:45 GMT+0200 (CEST);1563726045000;1.33;889.51
1380556833984591;35.1;33.7;Sun Jul 21 2019 18:22:23 GMT+0200 (CEST);Sun Jul 21 2019 16:22:23 GMT+0200 (CEST);1563726143000;1.15;889.51
1380556833984591;35.1;33.2;Sun Jul 21 2019 18:23:47 GMT+0200 (CEST);Sun Jul 21 2019 16:23:47 GMT+0200 (CEST);1563726227000;0.46;889.51
1380556833984591;35.1;30.9;Sun Jul 21 2019 18:25:11 GMT+0200 (CEST);Sun Jul 21 2019 16:25:11 GMT+0200 (CEST);1563726311000;0.41;889.51
1380556833984591;34.6;30.7;Sun Jul 21 2019 18:26:34 GMT+0200 (CEST);Sun Jul 21 2019 16:26:34 GMT+0200 (CEST);1563726394000;0.37;889.51
1380556833984591;34.6;30.8;Sun Jul 21 2019 18:27:55 GMT+0200 (CEST);Sun Jul 21 2019 16:27:55 GMT+0200 (CEST);1563726475000;0.35;889.51
1380556833984591;34.6;32.5;Sun Jul 21 2019 18:29:36 GMT+0200 (CEST);Sun Jul 21 2019 16:29:36 GMT+0200 (CEST);1563726576000;0.86;889.51
1380556833984591;34.6;33.6;Sun Jul 21 2019 18:31:02 GMT+0200 (CEST);Sun Jul 21 2019 16:31:02 GMT+0200 (CEST);1563726662000;1.05;889.51
1380556833984591;35.1;32;Sun Jul 21 2019 18:32:24 GMT+0200 (CEST);Sun Jul 21 2019 16:32:24 GMT+0200 (CEST);1563726744000;0.56;889.51
1380556833984591;35.1;31.8;Sun Jul 21 2019 18:33:45 GMT+0200 (CEST);Sun Jul 21 2019 16:33:45 GMT+0200 (CEST);1563726825000;0.57;889.51
1380556833984591;35.1;32;Sun Jul 21 2019 18:35:10 GMT+0200 (CEST);Sun Jul 21 2019 16:35:10 GMT+0200 (CEST);1563726910000;0.58;889.51
1380556833984591;34.6;31.9;Sun Jul 21 2019 18:36:34 GMT+0200 (CEST);Sun Jul 21 2019 16:36:34 GMT+0200 (CEST);1563726994000;0.56;889.51
1380556833984591;34.6;31.9;Sun Jul 21 2019 18:38:01 GMT+0200 (CEST);Sun Jul 21 2019 16:38:01 GMT+0200 (CEST);1563727081000;0.52;889.51
1380556833984591;34.6;31.7;Sun Jul 21 2019 18:39:25 GMT+0200 (CEST);Sun Jul 21 2019 16:39:25 GMT+0200 (CEST);1563727165000;0.48;889.51
1380556833984591;32.1;31.6;Sun Jul 21 2019 18:40:56 GMT+0200 (CEST);Sun Jul 21 2019 16:40:56 GMT+0200 (CEST);1563727256000;0.45;889.51
1380556833984591;32.1;31.7;Sun Jul 21 2019 18:42:20 GMT+0200 (CEST);Sun Jul 21 2019 16:42:20 GMT+0200 (CEST);1563727340000;0.42;889.51
1380556833984591;32.1;31.7;Sun Jul 21 2019 18:43:42 GMT+0200 (CEST);Sun Jul 21 2019 16:43:42 GMT+0200 (CEST);1563727422000;0.41;889.51
1380556833984591;32.1;31.3;Sun Jul 21 2019 18:45:06 GMT+0200 (CEST);Sun Jul 21 2019 16:45:06 GMT+0200 (CEST);1563727506000;0.43;889.51
1380556833984591;32.1;31.8;Sun Jul 21 2019 18:46:20 GMT+0200 (CEST);Sun Jul 21 2019 16:46:20 GMT+0200 (CEST);1563727580000;0.44;889.51
1380556833984591;32.1;31.5;Sun Jul 21 2019 18:47:41 GMT+0200 (CEST);Sun Jul 21 2019 16:47:41 GMT+0200 (CEST);1563727661000;0.47;889.51
1380556833984591;32.1;33.9;Sun Jul 21 2019 18:49:07 GMT+0200 (CEST);Sun Jul 21 2019 16:49:07 GMT+0200 (CEST);1563727747000;0.82;889.51
1380556833984591;33.6;34.4;Sun Jul 21 2019 18:50:33 GMT+0200 (CEST);Sun Jul 21 2019 16:50:33 GMT+0200 (CEST);1563727833000;0.79;889.51
1380556833984591;33.6;34;Sun Jul 21 2019 18:51:55 GMT+0200 (CEST);Sun Jul 21 2019 16:51:55 GMT+0200 (CEST);1563727915000;0.77;889.51
1380556833984591;33.6;33.6;Sun Jul 21 2019 18:53:22 GMT+0200 (CEST);Sun Jul 21 2019 16:53:22 GMT+0200 (CEST);1563728002000;0.71;889.51
1380556833984591;34.6;33.7;Sun Jul 21 2019 18:54:46 GMT+0200 (CEST);Sun Jul 21 2019 16:54:46 GMT+0200 (CEST);1563728086000;0.75;889.51
1380556833984591;34.6;34;Sun Jul 21 2019 18:56:08 GMT+0200 (CEST);Sun Jul 21 2019 16:56:08 GMT+0200 (CEST);1563728168000;0.77;889.51
1380556833984591;34.6;33.9;Sun Jul 21 2019 18:57:36 GMT+0200 (CEST);Sun Jul 21 2019 16:57:36 GMT+0200 (CEST);1563728256000;0.79;889.51
1380556833984591;34.6;33.9;Sun Jul 21 2019 18:58:58 GMT+0200 (CEST);Sun Jul 21 2019 16:58:58 GMT+0200 (CEST);1563728338000;0.77;889.51
1380556833984591;34.6;34;Sun Jul 21 2019 19:00:19 GMT+0200 (CEST);Sun Jul 21 2019 17:00:19 GMT+0200 (CEST);1563728419000;0.72;889.51
1380556833984591;34.6;33.8;Sun Jul 21 2019 19:01:41 GMT+0200 (CEST);Sun Jul 21 2019 17:01:41 GMT+0200 (CEST);1563728501000;0.57;889.51
1380556833984591;34.6;32.1;Sun Jul 21 2019 19:03:11 GMT+0200 (CEST);Sun Jul 21 2019 17:03:11 GMT+0200 (CEST);1563728591000;0.63;889.51
1380556833984591;34.6;33.5;Sun Jul 21 2019 19:04:32 GMT+0200 (CEST);Sun Jul 21 2019 17:04:32 GMT+0200 (CEST);1563728672000;0.63;889.51
1380556833984591;34.6;33.6;Sun Jul 21 2019 19:06:00 GMT+0200 (CEST);Sun Jul 21 2019 17:06:00 GMT+0200 (CEST);1563728760000;0.38;889.51
1380556833984591;34.6;31.2;Sun Jul 21 2019 19:07:22 GMT+0200 (CEST);Sun Jul 21 2019 17:07:22 GMT+0200 (CEST);1563728842000;0.35;889.51
1380556833984591;34.6;30.9;Sun Jul 21 2019 19:08:48 GMT+0200 (CEST);Sun Jul 21 2019 17:08:48 GMT+0200 (CEST);1563728928000;0.31;889.51
1380556833984591;32.1;31;Sun Jul 21 2019 19:10:11 GMT+0200 (CEST);Sun Jul 21 2019 17:10:11 GMT+0200 (CEST);1563729011000;0.3;889.51
1380556833984591;32.1;30.8;Sun Jul 21 2019 19:11:56 GMT+0200 (CEST);Sun Jul 21 2019 17:11:56 GMT+0200 (CEST);1563729116000;0.28;889.51
1380556833984591;32.1;30.9;Sun Jul 21 2019 19:13:19 GMT+0200 (CEST);Sun Jul 21 2019 17:13:19 GMT+0200 (CEST);1563729199000;0.26;889.51
1380556833984591;31.1;30.7;Sun Jul 21 2019 19:14:40 GMT+0200 (CEST);Sun Jul 21 2019 17:14:40 GMT+0200 (CEST);1563729280000;0.25;889.51
1380556833984591;31.1;30.9;Sun Jul 21 2019 19:16:11 GMT+0200 (CEST);Sun Jul 21 2019 17:16:11 GMT+0200 (CEST);1563729371000;0.25;889.51
1380556833984591;31.1;31;Sun Jul 21 2019 19:17:38 GMT+0200 (CEST);Sun Jul 21 2019 17:17:38 GMT+0200 (CEST);1563729458000;0.26;889.51
1380556833984591;31.1;31;Sun Jul 21 2019 19:19:10 GMT+0200 (CEST);Sun Jul 21 2019 17:19:10 GMT+0200 (CEST);1563729550000;0.25;889.51
1380556833984591;31.1;30.8;Sun Jul 21 2019 19:20:54 GMT+0200 (CEST);Sun Jul 21 2019 17:20:54 GMT+0200 (CEST);1563729654000;0.23;889.51
1380556833984591;31.1;30.9;Sun Jul 21 2019 19:22:16 GMT+0200 (CEST);Sun Jul 21 2019 17:22:16 GMT+0200 (CEST);1563729736000;0.23;889.51
1380556833984591;30.5;31;Sun Jul 21 2019 19:24:06 GMT+0200 (CEST);Sun Jul 21 2019 17:24:06 GMT+0200 (CEST);1563729846000;0.22;889.51
1380556833984591;30.5;31.1;Sun Jul 21 2019 19:25:27 GMT+0200 (CEST);Sun Jul 21 2019 17:25:27 GMT+0200 (CEST);1563729927000;0.21;889.51
1380556833984591;30.5;30.8;Sun Jul 21 2019 19:26:48 GMT+0200 (CEST);Sun Jul 21 2019 17:26:48 GMT+0200 (CEST);1563730008000;0.21;889.51
1380556833984591;30.5;30.7;Sun Jul 21 2019 19:28:13 GMT+0200 (CEST);Sun Jul 21 2019 17:28:13 GMT+0200 (CEST);1563730093000;0.22;889.51
1380556833984591;30.5;30.8;Sun Jul 21 2019 19:29:35 GMT+0200 (CEST);Sun Jul 21 2019 17:29:35 GMT+0200 (CEST);1563730175000;0.21;889.51
1380556833984591;30.5;30.7;Sun Jul 21 2019 19:31:01 GMT+0200 (CEST);Sun Jul 21 2019 17:31:01 GMT+0200 (CEST);1563730261000;0.21;889.51
1380556833984591;30.5;30.7;Sun Jul 21 2019 19:32:23 GMT+0200 (CEST);Sun Jul 21 2019 17:32:23 GMT+0200 (CEST);1563730343000;0.2;889.51
1380556833984591;30.5;30.7;Sun Jul 21 2019 19:33:47 GMT+0200 (CEST);Sun Jul 21 2019 17:33:47 GMT+0200 (CEST);1563730427000;0.2;889.51
1380556833984591;29;30.7;Sun Jul 21 2019 19:35:10 GMT+0200 (CEST);Sun Jul 21 2019 17:35:10 GMT+0200 (CEST);1563730510000;0.19;889.51
1380556833984591;29;30.6;Sun Jul 21 2019 19:36:35 GMT+0200 (CEST);Sun Jul 21 2019 17:36:35 GMT+0200 (CEST);1563730595000;0.19;889.51
1380556833984591;29;30.7;Sun Jul 21 2019 19:37:56 GMT+0200 (CEST);Sun Jul 21 2019 17:37:56 GMT+0200 (CEST);1563730676000;0.21;889.51
1380556833984591;29;31;Sun Jul 21 2019 19:39:47 GMT+0200 (CEST);Sun Jul 21 2019 17:39:47 GMT+0200 (CEST);1563730787000;0.21;889.51
1380556833984591;29;31;Sun Jul 21 2019 19:41:08 GMT+0200 (CEST);Sun Jul 21 2019 17:41:08 GMT+0200 (CEST);1563730868000;0.21;889.51
1380556833984591;29;31;Sun Jul 21 2019 19:42:33 GMT+0200 (CEST);Sun Jul 21 2019 17:42:33 GMT+0200 (CEST);1563730953000;0.21;889.51
1380556833984591;29;31;Sun Jul 21 2019 19:44:01 GMT+0200 (CEST);Sun Jul 21 2019 17:44:01 GMT+0200 (CEST);1563731041000;0.21;889.51
1380556833984591;29;30.9;Sun Jul 21 2019 19:45:23 GMT+0200 (CEST);Sun Jul 21 2019 17:45:23 GMT+0200 (CEST);1563731123000;0.21;889.51
1380556833984591;29;30.7;Sun Jul 21 2019 19:46:46 GMT+0200 (CEST);Sun Jul 21 2019 17:46:46 GMT+0200 (CEST);1563731206000;0.21;889.51
1380556833984591;29;30.7;Sun Jul 21 2019 19:48:33 GMT+0200 (CEST);Sun Jul 21 2019 17:48:33 GMT+0200 (CEST);1563731313000;0.19;889.51
1380556833984591;29;30.8;Sun Jul 21 2019 19:49:55 GMT+0200 (CEST);Sun Jul 21 2019 17:49:55 GMT+0200 (CEST);1563731395000;0.19;889.51
1380556833984591;29;31;Sun Jul 21 2019 19:51:39 GMT+0200 (CEST);Sun Jul 21 2019 17:51:39 GMT+0200 (CEST);1563731499000;0.18;889.51
1380556833984591;29;30.7;Sun Jul 21 2019 19:53:01 GMT+0200 (CEST);Sun Jul 21 2019 17:53:01 GMT+0200 (CEST);1563731581000;0.18;889.51
1380556833984591;29;30.7;Sun Jul 21 2019 19:54:33 GMT+0200 (CEST);Sun Jul 21 2019 17:54:33 GMT+0200 (CEST);1563731673000;0.17;889.51
1380556833984591;29;30.8;Sun Jul 21 2019 19:55:55 GMT+0200 (CEST);Sun Jul 21 2019 17:55:55 GMT+0200 (CEST);1563731755000;0.16;889.51
1380556833984591;29;30.7;Sun Jul 21 2019 19:57:16 GMT+0200 (CEST);Sun Jul 21 2019 17:57:16 GMT+0200 (CEST);1563731836000;0.15;889.51
1380556833984591;28.5;30.8;Sun Jul 21 2019 19:58:38 GMT+0200 (CEST);Sun Jul 21 2019 17:58:38 GMT+0200 (CEST);1563731918000;0.14;889.51
1380556833984591;28.5;30.7;Sun Jul 21 2019 20:00:00 GMT+0200 (CEST);Sun Jul 21 2019 18:00:00 GMT+0200 (CEST);1563732000000;0.14;889.51
1380556833984591;28.5;30.7;Sun Jul 21 2019 20:01:31 GMT+0200 (CEST);Sun Jul 21 2019 18:01:31 GMT+0200 (CEST);1563732091000;0.13;889.51
1380556833984591;28.5;30.6;Sun Jul 21 2019 20:02:57 GMT+0200 (CEST);Sun Jul 21 2019 18:02:57 GMT+0200 (CEST);1563732177000;0.14;889.51
1380556833984591;28.5;30.8;Sun Jul 21 2019 20:04:21 GMT+0200 (CEST);Sun Jul 21 2019 18:04:21 GMT+0200 (CEST);1563732261000;0.14;889.51
1380556833984591;28.5;30.7;Sun Jul 21 2019 20:05:42 GMT+0200 (CEST);Sun Jul 21 2019 18:05:42 GMT+0200 (CEST);1563732342000;0.14;889.51
1380556833984591;28.5;30.9;Sun Jul 21 2019 20:07:15 GMT+0200 (CEST);Sun Jul 21 2019 18:07:15 GMT+0200 (CEST);1563732435000;0.14;889.51
1380556833984591;28.5;30.7;Sun Jul 21 2019 20:08:37 GMT+0200 (CEST);Sun Jul 21 2019 18:08:37 GMT+0200 (CEST);1563732517000;0.14;889.51
1380556833984591;28.5;30.8;Sun Jul 21 2019 20:09:59 GMT+0200 (CEST);Sun Jul 21 2019 18:09:59 GMT+0200 (CEST);1563732599000;0.15;889.51
1380556833984591;28.5;30.7;Sun Jul 21 2019 20:11:21 GMT+0200 (CEST);Sun Jul 21 2019 18:11:21 GMT+0200 (CEST);1563732681000;0.15;889.51
1380556833984591;28.5;30.7;Sun Jul 21 2019 20:12:42 GMT+0200 (CEST);Sun Jul 21 2019 18:12:42 GMT+0200 (CEST);1563732762000;0.15;889.51
1380556833984591;28.5;30.8;Sun Jul 21 2019 20:14:05 GMT+0200 (CEST);Sun Jul 21 2019 18:14:05 GMT+0200 (CEST);1563732845000;0.15;889.51
1380556833984591;28.5;30.7;Sun Jul 21 2019 20:15:28 GMT+0200 (CEST);Sun Jul 21 2019 18:15:28 GMT+0200 (CEST);1563732928000;0.15;889.51
1380556833984591;28.5;30.7;Sun Jul 21 2019 20:16:50 GMT+0200 (CEST);Sun Jul 21 2019 18:16:50 GMT+0200 (CEST);1563733010000;0.14;889.51
1380556833984591;28.5;30.4;Sun Jul 21 2019 20:18:50 GMT+0200 (CEST);Sun Jul 21 2019 18:18:50 GMT+0200 (CEST);1563733130000;0.13;889.51
1380556833984591;28.5;30.9;Sun Jul 21 2019 20:20:20 GMT+0200 (CEST);Sun Jul 21 2019 18:20:20 GMT+0200 (CEST);1563733220000;0.12;889.51
1380556833984591;28.5;30.5;Sun Jul 21 2019 20:21:42 GMT+0200 (CEST);Sun Jul 21 2019 18:21:42 GMT+0200 (CEST);1563733302000;0.11;889.51
1380556833984591;28.5;30.7;Sun Jul 21 2019 20:23:04 GMT+0200 (CEST);Sun Jul 21 2019 18:23:04 GMT+0200 (CEST);1563733384000;0.1;889.51
1380556833984591;28.5;30.4;Sun Jul 21 2019 20:24:29 GMT+0200 (CEST);Sun Jul 21 2019 18:24:29 GMT+0200 (CEST);1563733469000;0.09;889.51
1380556833984591;28.5;30.5;Sun Jul 21 2019 20:26:04 GMT+0200 (CEST);Sun Jul 21 2019 18:26:04 GMT+0200 (CEST);1563733564000;0.07;889.51
1380556833984591;28.5;30.6;Sun Jul 21 2019 20:27:25 GMT+0200 (CEST);Sun Jul 21 2019 18:27:25 GMT+0200 (CEST);1563733645000;0.07;889.51
1380556833984591;28.5;30.8;Sun Jul 21 2019 20:28:47 GMT+0200 (CEST);Sun Jul 21 2019 18:28:47 GMT+0200 (CEST);1563733727000;0.06;889.51
1380556833984591;28.5;30.5;Sun Jul 21 2019 20:30:25 GMT+0200 (CEST);Sun Jul 21 2019 18:30:25 GMT+0200 (CEST);1563733825000;0.05;889.51
1380556833984591;28.5;29.9;Sun Jul 21 2019 20:31:46 GMT+0200 (CEST);Sun Jul 21 2019 18:31:46 GMT+0200 (CEST);1563733906000;0.03;889.51
1380556833984591;28.5;29.8;Sun Jul 21 2019 20:33:07 GMT+0200 (CEST);Sun Jul 21 2019 18:33:07 GMT+0200 (CEST);1563733987000;0.03;889.51
1380556833984591;28.5;29.8;Sun Jul 21 2019 20:34:39 GMT+0200 (CEST);Sun Jul 21 2019 18:34:39 GMT+0200 (CEST);1563734079000;0.02;889.51
1380556833984591;28.5;29.5;Sun Jul 21 2019 20:36:04 GMT+0200 (CEST);Sun Jul 21 2019 18:36:04 GMT+0200 (CEST);1563734164000;0.02;889.51
1380556833984591;27;29.6;Sun Jul 21 2019 20:37:25 GMT+0200 (CEST);Sun Jul 21 2019 18:37:25 GMT+0200 (CEST);1563734245000;0.02;889.51
1380556833984591;27;29.8;Sun Jul 21 2019 20:38:47 GMT+0200 (CEST);Sun Jul 21 2019 18:38:47 GMT+0200 (CEST);1563734327000;0.02;889.51
1380556833984591;27;29.5;Sun Jul 21 2019 20:40:08 GMT+0200 (CEST);Sun Jul 21 2019 18:40:08 GMT+0200 (CEST);1563734408000;0.01;889.51
1380556833984591;26.5;29.3;Sun Jul 21 2019 20:41:38 GMT+0200 (CEST);Sun Jul 21 2019 18:41:38 GMT+0200 (CEST);1563734498000;0.01;889.51
1380556833984591;26.5;29.5;Sun Jul 21 2019 20:42:59 GMT+0200 (CEST);Sun Jul 21 2019 18:42:59 GMT+0200 (CEST);1563734579000;0;889.51
1380556833984591;26.5;29.4;Sun Jul 21 2019 20:44:28 GMT+0200 (CEST);Sun Jul 21 2019 18:44:28 GMT+0200 (CEST);1563734668000;0;889.51
1380556833984591;26.5;28;Sun Jul 21 2019 20:45:51 GMT+0200 (CEST);Sun Jul 21 2019 18:45:51 GMT+0200 (CEST);1563734751000;0;889.51
1380556833984591;26.5;27;Sun Jul 21 2019 20:47:12 GMT+0200 (CEST);Sun Jul 21 2019 18:47:12 GMT+0200 (CEST);1563734832000;0;889.51
1380556833984591;26.5;26.7;Sun Jul 21 2019 20:48:34 GMT+0200 (CEST);Sun Jul 21 2019 18:48:34 GMT+0200 (CEST);1563734914000;0;889.51
1380556833984591;26.5;27.5;Sun Jul 21 2019 20:50:06 GMT+0200 (CEST);Sun Jul 21 2019 18:50:06 GMT+0200 (CEST);1563735006000;0;889.51
1380556833984591;25;28;Sun Jul 21 2019 20:51:28 GMT+0200 (CEST);Sun Jul 21 2019 18:51:28 GMT+0200 (CEST);1563735088000;0;889.51
1380556833984591;25;28.9;Sun Jul 21 2019 20:52:51 GMT+0200 (CEST);Sun Jul 21 2019 18:52:51 GMT+0200 (CEST);1563735171000;0;889.51
1380556833984591;25;28.3;Sun Jul 21 2019 20:54:14 GMT+0200 (CEST);Sun Jul 21 2019 18:54:14 GMT+0200 (CEST);1563735254000;0;889.51
1380556833984591;25;28.5;Sun Jul 21 2019 20:55:35 GMT+0200 (CEST);Sun Jul 21 2019 18:55:35 GMT+0200 (CEST);1563735335000;0;889.51
1380556833984591;25;29.4;Sun Jul 21 2019 20:57:16 GMT+0200 (CEST);Sun Jul 21 2019 18:57:16 GMT+0200 (CEST);1563735436000;0;889.51
1380556833984591;25;29.4;Sun Jul 21 2019 20:58:50 GMT+0200 (CEST);Sun Jul 21 2019 18:58:50 GMT+0200 (CEST);1563735530000;0;889.51
1380556833984591;26.5;31.4;Sun Jul 21 2019 21:00:16 GMT+0200 (CEST);Sun Jul 21 2019 19:00:16 GMT+0200 (CEST);1563735616000;0;889.51
1380556833984591;26.5;30.8;Sun Jul 21 2019 21:01:37 GMT+0200 (CEST);Sun Jul 21 2019 19:01:37 GMT+0200 (CEST);1563735697000;0;889.51
1380556833984591;26.5;30.5;Sun Jul 21 2019 21:02:58 GMT+0200 (CEST);Sun Jul 21 2019 19:02:58 GMT+0200 (CEST);1563735778000;0;889.51
1380556833984591;26.5;29.7;Sun Jul 21 2019 21:04:33 GMT+0200 (CEST);Sun Jul 21 2019 19:04:33 GMT+0200 (CEST);1563735873000;0;889.51
1380556833984591;26.5;29.7;Sun Jul 21 2019 21:06:03 GMT+0200 (CEST);Sun Jul 21 2019 19:06:03 GMT+0200 (CEST);1563735963000;0;889.51
1380556833984591;26.5;29.7;Sun Jul 21 2019 21:07:26 GMT+0200 (CEST);Sun Jul 21 2019 19:07:26 GMT+0200 (CEST);1563736046000;0;889.51
1380556833984591;26.5;29.7;Sun Jul 21 2019 21:08:47 GMT+0200 (CEST);Sun Jul 21 2019 19:08:47 GMT+0200 (CEST);1563736127000;0;889.51
1380556833984591;26.5;29.7;Sun Jul 21 2019 21:10:12 GMT+0200 (CEST);Sun Jul 21 2019 19:10:12 GMT+0200 (CEST);1563736212000;0;889.51
1380556833984591;-273.2;26.2;Mon Jul 22 2019 05:34:48 GMT+0200 (CEST);Mon Jul 22 2019 03:34:48 GMT+0200 (CEST);1563766488000;0;889.51
1380556833984591;-273.2;26.2;Mon Jul 22 2019 05:36:09 GMT+0200 (CEST);Mon Jul 22 2019 03:36:09 GMT+0200 (CEST);1563766569000;0;889.51
1380556833984591;-273.2;26.2;Mon Jul 22 2019 05:37:30 GMT+0200 (CEST);Mon Jul 22 2019 03:37:30 GMT+0200 (CEST);1563766650000;0;889.51
1380556833984591;-273.2;26.2;Mon Jul 22 2019 05:38:54 GMT+0200 (CEST);Mon Jul 22 2019 03:38:54 GMT+0200 (CEST);1563766734000;0;889.51
1380556833984591;-273.2;34.4;Mon Jul 22 2019 05:50:32 GMT+0200 (CEST);Mon Jul 22 2019 03:50:32 GMT+0200 (CEST);1563767432000;0;889.51
1380556833984591;12.9;30.6;Mon Jul 22 2019 05:52:12 GMT+0200 (CEST);Mon Jul 22 2019 03:52:12 GMT+0200 (CEST);1563767532000;0;889.51
1380556833984591;12.9;30.8;Mon Jul 22 2019 05:53:33 GMT+0200 (CEST);Mon Jul 22 2019 03:53:33 GMT+0200 (CEST);1563767613000;0;889.51
1380556833984591;12.9;31;Mon Jul 22 2019 05:54:59 GMT+0200 (CEST);Mon Jul 22 2019 03:54:59 GMT+0200 (CEST);1563767699000;0;889.51
1380556833984591;12.9;31.4;Mon Jul 22 2019 05:56:21 GMT+0200 (CEST);Mon Jul 22 2019 03:56:21 GMT+0200 (CEST);1563767781000;0;889.51
1380556833984591;14.9;31.9;Mon Jul 22 2019 05:57:45 GMT+0200 (CEST);Mon Jul 22 2019 03:57:45 GMT+0200 (CEST);1563767865000;0;889.51
1380556833984591;14.9;31.7;Mon Jul 22 2019 05:59:14 GMT+0200 (CEST);Mon Jul 22 2019 03:59:14 GMT+0200 (CEST);1563767954000;0;889.51
1380556833984591;14.9;33.6;Mon Jul 22 2019 06:00:35 GMT+0200 (CEST);Mon Jul 22 2019 04:00:35 GMT+0200 (CEST);1563768035000;0;889.51
1380556833984591;15.9;34.2;Mon Jul 22 2019 06:02:11 GMT+0200 (CEST);Mon Jul 22 2019 04:02:11 GMT+0200 (CEST);1563768131000;0;889.51
1380556833984591;15.9;34.6;Mon Jul 22 2019 06:03:34 GMT+0200 (CEST);Mon Jul 22 2019 04:03:34 GMT+0200 (CEST);1563768214000;0;889.51
1380556833984591;15.9;35.8;Mon Jul 22 2019 06:05:03 GMT+0200 (CEST);Mon Jul 22 2019 04:05:03 GMT+0200 (CEST);1563768303000;0;889.51
1380556833984591;18.5;36.1;Mon Jul 22 2019 06:06:28 GMT+0200 (CEST);Mon Jul 22 2019 04:06:28 GMT+0200 (CEST);1563768388000;0;889.51
1380556833984591;18.5;36.7;Mon Jul 22 2019 06:07:49 GMT+0200 (CEST);Mon Jul 22 2019 04:07:49 GMT+0200 (CEST);1563768469000;0;889.51
1380556833984591;18.5;37.2;Mon Jul 22 2019 06:09:13 GMT+0200 (CEST);Mon Jul 22 2019 04:09:13 GMT+0200 (CEST);1563768553000;0;889.51
1380556833984591;18.5;37.2;Mon Jul 22 2019 06:10:36 GMT+0200 (CEST);Mon Jul 22 2019 04:10:36 GMT+0200 (CEST);1563768636000;0;889.51
1380556833984591;20.5;37.3;Mon Jul 22 2019 06:12:05 GMT+0200 (CEST);Mon Jul 22 2019 04:12:05 GMT+0200 (CEST);1563768725000;0;889.51
1380556833984591;20.5;37.4;Mon Jul 22 2019 06:13:33 GMT+0200 (CEST);Mon Jul 22 2019 04:13:33 GMT+0200 (CEST);1563768813000;0;889.51
1380556833984591;20.5;36.8;Mon Jul 22 2019 06:14:54 GMT+0200 (CEST);Mon Jul 22 2019 04:14:54 GMT+0200 (CEST);1563768894000;0;889.51
1380556833984591;20.5;37.6;Mon Jul 22 2019 06:16:15 GMT+0200 (CEST);Mon Jul 22 2019 04:16:15 GMT+0200 (CEST);1563768975000;0;889.51
1380556833984591;20.5;37.9;Mon Jul 22 2019 06:17:37 GMT+0200 (CEST);Mon Jul 22 2019 04:17:37 GMT+0200 (CEST);1563769057000;0;889.51
1380556833984591;20.5;37.8;Mon Jul 22 2019 06:18:59 GMT+0200 (CEST);Mon Jul 22 2019 04:18:59 GMT+0200 (CEST);1563769139000;0;889.51
1380556833984591;20.5;37.1;Mon Jul 22 2019 06:20:22 GMT+0200 (CEST);Mon Jul 22 2019 04:20:22 GMT+0200 (CEST);1563769222000;0.04;889.51
1380556833984591;20.5;36.4;Mon Jul 22 2019 06:21:46 GMT+0200 (CEST);Mon Jul 22 2019 04:21:46 GMT+0200 (CEST);1563769306000;0.05;889.51
1380556833984591;20.5;36.4;Mon Jul 22 2019 06:23:08 GMT+0200 (CEST);Mon Jul 22 2019 04:23:08 GMT+0200 (CEST);1563769388000;0.06;889.51
1380556833984591;20.5;36.4;Mon Jul 22 2019 06:24:39 GMT+0200 (CEST);Mon Jul 22 2019 04:24:39 GMT+0200 (CEST);1563769479000;0.06;889.51
1380556833984591;20.5;36.4;Mon Jul 22 2019 06:26:01 GMT+0200 (CEST);Mon Jul 22 2019 04:26:01 GMT+0200 (CEST);1563769561000;0.06;889.51
1380556833984591;20.5;36.4;Mon Jul 22 2019 06:27:38 GMT+0200 (CEST);Mon Jul 22 2019 04:27:38 GMT+0200 (CEST);1563769658000;0.07;889.51
1380556833984591;20.5;36.1;Mon Jul 22 2019 06:29:03 GMT+0200 (CEST);Mon Jul 22 2019 04:29:03 GMT+0200 (CEST);1563769743000;0.15;889.51
1380556833984591;19;31.5;Mon Jul 22 2019 06:30:27 GMT+0200 (CEST);Mon Jul 22 2019 04:30:27 GMT+0200 (CEST);1563769827000;0.17;889.51
1380556833984591;19;31.4;Mon Jul 22 2019 06:31:53 GMT+0200 (CEST);Mon Jul 22 2019 04:31:53 GMT+0200 (CEST);1563769913000;0.18;889.51
1380556833984591;19;31.3;Mon Jul 22 2019 06:33:18 GMT+0200 (CEST);Mon Jul 22 2019 04:33:18 GMT+0200 (CEST);1563769998000;0.19;889.51
1380556833984591;19;31.4;Mon Jul 22 2019 06:34:43 GMT+0200 (CEST);Mon Jul 22 2019 04:34:43 GMT+0200 (CEST);1563770083000;0.2;889.51
1380556833984591;18.5;31.6;Mon Jul 22 2019 06:36:37 GMT+0200 (CEST);Mon Jul 22 2019 04:36:37 GMT+0200 (CEST);1563770197000;0.23;889.51
1380556833984591;18.5;31.6;Mon Jul 22 2019 06:38:03 GMT+0200 (CEST);Mon Jul 22 2019 04:38:03 GMT+0200 (CEST);1563770283000;0.23;889.51
1380556833984591;18.5;31;Mon Jul 22 2019 06:39:26 GMT+0200 (CEST);Mon Jul 22 2019 04:39:26 GMT+0200 (CEST);1563770366000;0.24;889.51
1380556833984591;18.5;31.2;Mon Jul 22 2019 06:40:48 GMT+0200 (CEST);Mon Jul 22 2019 04:40:48 GMT+0200 (CEST);1563770448000;0.25;889.51
1380556833984591;18.5;31.9;Mon Jul 22 2019 06:42:23 GMT+0200 (CEST);Mon Jul 22 2019 04:42:23 GMT+0200 (CEST);1563770543000;0.26;889.51
1380556833984591;18.5;31.1;Mon Jul 22 2019 06:43:48 GMT+0200 (CEST);Mon Jul 22 2019 04:43:48 GMT+0200 (CEST);1563770628000;0.27;889.51
1380556833984591;18.5;31.1;Mon Jul 22 2019 06:45:09 GMT+0200 (CEST);Mon Jul 22 2019 04:45:09 GMT+0200 (CEST);1563770709000;0.29;889.51
1380556833984591;18.5;28.4;Mon Jul 22 2019 06:46:33 GMT+0200 (CEST);Mon Jul 22 2019 04:46:33 GMT+0200 (CEST);1563770793000;0.29;889.51
1380556833984591;18.5;30.4;Mon Jul 22 2019 06:47:54 GMT+0200 (CEST);Mon Jul 22 2019 04:47:54 GMT+0200 (CEST);1563770874000;0.31;889.51
1380556833984591;18.5;29.8;Mon Jul 22 2019 06:49:25 GMT+0200 (CEST);Mon Jul 22 2019 04:49:25 GMT+0200 (CEST);1563770965000;0.32;889.51
1380556833984591;18.5;28.8;Mon Jul 22 2019 06:50:46 GMT+0200 (CEST);Mon Jul 22 2019 04:50:46 GMT+0200 (CEST);1563771046000;0.32;889.51
1380556833984591;18.5;30.5;Mon Jul 22 2019 06:52:08 GMT+0200 (CEST);Mon Jul 22 2019 04:52:08 GMT+0200 (CEST);1563771128000;0.31;889.51
1380556833984591;18.5;31.2;Mon Jul 22 2019 06:53:32 GMT+0200 (CEST);Mon Jul 22 2019 04:53:32 GMT+0200 (CEST);1563771212000;0.32;889.51
1380556833984591;18.5;31.9;Mon Jul 22 2019 06:54:53 GMT+0200 (CEST);Mon Jul 22 2019 04:54:53 GMT+0200 (CEST);1563771293000;0.34;889.51
1380556833984591;18.5;31.9;Mon Jul 22 2019 06:56:20 GMT+0200 (CEST);Mon Jul 22 2019 04:56:20 GMT+0200 (CEST);1563771380000;0.34;889.51
1380556833984591;18.5;33.1;Mon Jul 22 2019 06:57:42 GMT+0200 (CEST);Mon Jul 22 2019 04:57:42 GMT+0200 (CEST);1563771462000;0.37;889.51
1380556833984591;18.5;32.5;Mon Jul 22 2019 06:59:10 GMT+0200 (CEST);Mon Jul 22 2019 04:59:10 GMT+0200 (CEST);1563771550000;0.39;889.51
1380556833984591;19;32.8;Mon Jul 22 2019 07:00:23 GMT+0200 (CEST);Mon Jul 22 2019 05:00:23 GMT+0200 (CEST);1563771623000;0.4;889.51
1380556833984591;19;32.3;Mon Jul 22 2019 07:01:46 GMT+0200 (CEST);Mon Jul 22 2019 05:01:46 GMT+0200 (CEST);1563771706000;0.41;889.51
1380556833984591;19;32.9;Mon Jul 22 2019 07:03:30 GMT+0200 (CEST);Mon Jul 22 2019 05:03:30 GMT+0200 (CEST);1563771810000;0.41;889.51
1380556833984591;19;31.7;Mon Jul 22 2019 07:04:51 GMT+0200 (CEST);Mon Jul 22 2019 05:04:51 GMT+0200 (CEST);1563771891000;0.43;889.51
1380556833984591;19;31.9;Mon Jul 22 2019 07:06:43 GMT+0200 (CEST);Mon Jul 22 2019 05:06:43 GMT+0200 (CEST);1563772003000;0.44;889.51
1380556833984591;19;31.9;Mon Jul 22 2019 07:08:34 GMT+0200 (CEST);Mon Jul 22 2019 05:08:34 GMT+0200 (CEST);1563772114000;0.46;889.51
1380556833984591;19;31.9;Mon Jul 22 2019 07:09:56 GMT+0200 (CEST);Mon Jul 22 2019 05:09:56 GMT+0200 (CEST);1563772196000;0.49;889.51
1380556833984591;19;31.8;Mon Jul 22 2019 07:11:18 GMT+0200 (CEST);Mon Jul 22 2019 05:11:18 GMT+0200 (CEST);1563772278000;0.55;889.51
1380556833984591;19;31.7;Mon Jul 22 2019 07:12:43 GMT+0200 (CEST);Mon Jul 22 2019 05:12:43 GMT+0200 (CEST);1563772363000;0.54;889.51
1380556833984591;19;31.6;Mon Jul 22 2019 07:14:13 GMT+0200 (CEST);Mon Jul 22 2019 05:14:13 GMT+0200 (CEST);1563772453000;0.55;889.51
1380556833984591;19;31.9;Mon Jul 22 2019 07:15:35 GMT+0200 (CEST);Mon Jul 22 2019 05:15:35 GMT+0200 (CEST);1563772535000;0.53;889.51
1380556833984591;19;31.4;Mon Jul 22 2019 07:17:11 GMT+0200 (CEST);Mon Jul 22 2019 05:17:11 GMT+0200 (CEST);1563772631000;0.54;889.51
1380556833984591;19;31.3;Mon Jul 22 2019 07:18:32 GMT+0200 (CEST);Mon Jul 22 2019 05:18:32 GMT+0200 (CEST);1563772712000;0.56;889.51
1380556833984591;19;32;Mon Jul 22 2019 07:19:56 GMT+0200 (CEST);Mon Jul 22 2019 05:19:56 GMT+0200 (CEST);1563772796000;0.55;889.51
1380556833984591;19;32.6;Mon Jul 22 2019 07:21:17 GMT+0200 (CEST);Mon Jul 22 2019 05:21:17 GMT+0200 (CEST);1563772877000;0.55;889.51
1380556833984591;19;32.7;Mon Jul 22 2019 07:22:38 GMT+0200 (CEST);Mon Jul 22 2019 05:22:38 GMT+0200 (CEST);1563772958000;0.59;889.51
1380556833984591;20.5;32.4;Mon Jul 22 2019 07:24:02 GMT+0200 (CEST);Mon Jul 22 2019 05:24:02 GMT+0200 (CEST);1563773042000;0.67;889.51
1380556833984591;20.5;32.6;Mon Jul 22 2019 07:25:24 GMT+0200 (CEST);Mon Jul 22 2019 05:25:24 GMT+0200 (CEST);1563773124000;0.75;889.51
1380556833984591;20.5;33.1;Mon Jul 22 2019 07:26:46 GMT+0200 (CEST);Mon Jul 22 2019 05:26:46 GMT+0200 (CEST);1563773206000;0.76;889.51
1380556833984591;20.5;33.1;Mon Jul 22 2019 07:28:07 GMT+0200 (CEST);Mon Jul 22 2019 05:28:07 GMT+0200 (CEST);1563773287000;0.71;889.51
1380556833984591;20.5;32.9;Mon Jul 22 2019 07:29:41 GMT+0200 (CEST);Mon Jul 22 2019 05:29:41 GMT+0200 (CEST);1563773381000;0.69;889.51
1380556833984591;20.5;32.9;Mon Jul 22 2019 07:31:06 GMT+0200 (CEST);Mon Jul 22 2019 05:31:06 GMT+0200 (CEST);1563773466000;0.79;889.51
1380556833984591;20.5;33.1;Mon Jul 22 2019 07:32:35 GMT+0200 (CEST);Mon Jul 22 2019 05:32:35 GMT+0200 (CEST);1563773555000;0.88;889.51
1380556833984591;21;32.9;Mon Jul 22 2019 07:34:00 GMT+0200 (CEST);Mon Jul 22 2019 05:34:00 GMT+0200 (CEST);1563773640000;0.8;889.51
1380556833984591;21;33.4;Mon Jul 22 2019 07:35:21 GMT+0200 (CEST);Mon Jul 22 2019 05:35:21 GMT+0200 (CEST);1563773721000;0.8;889.51
1380556833984591;21;32.8;Mon Jul 22 2019 07:36:45 GMT+0200 (CEST);Mon Jul 22 2019 05:36:45 GMT+0200 (CEST);1563773805000;0.76;889.51
1380556833984591;21;31.2;Mon Jul 22 2019 07:38:07 GMT+0200 (CEST);Mon Jul 22 2019 05:38:07 GMT+0200 (CEST);1563773887000;0.9;889.51
1380556833984591;21;31.3;Mon Jul 22 2019 07:40:06 GMT+0200 (CEST);Mon Jul 22 2019 05:40:06 GMT+0200 (CEST);1563774006000;0.99;889.51
1380556833984591;21;31.6;Mon Jul 22 2019 07:41:28 GMT+0200 (CEST);Mon Jul 22 2019 05:41:28 GMT+0200 (CEST);1563774088000;0.87;889.51
1380556833984591;22.5;32.6;Mon Jul 22 2019 07:42:51 GMT+0200 (CEST);Mon Jul 22 2019 05:42:51 GMT+0200 (CEST);1563774171000;0.85;889.51
1380556833984591;22.5;32;Mon Jul 22 2019 07:44:17 GMT+0200 (CEST);Mon Jul 22 2019 05:44:17 GMT+0200 (CEST);1563774257000;0.8;889.51
1380556833984591;22.5;32.2;Mon Jul 22 2019 07:45:39 GMT+0200 (CEST);Mon Jul 22 2019 05:45:39 GMT+0200 (CEST);1563774339000;0.79;889.51
1380556833984591;22.5;31.7;Mon Jul 22 2019 07:47:25 GMT+0200 (CEST);Mon Jul 22 2019 05:47:25 GMT+0200 (CEST);1563774445000;0.87;889.51
1380556833984591;21;32.3;Mon Jul 22 2019 07:48:46 GMT+0200 (CEST);Mon Jul 22 2019 05:48:46 GMT+0200 (CEST);1563774526000;1.03;889.51
1380556833984591;21;32.5;Mon Jul 22 2019 07:50:07 GMT+0200 (CEST);Mon Jul 22 2019 05:50:07 GMT+0200 (CEST);1563774607000;0.92;889.51
1380556833984591;21;32.4;Mon Jul 22 2019 07:51:34 GMT+0200 (CEST);Mon Jul 22 2019 05:51:34 GMT+0200 (CEST);1563774694000;0.98;889.51
1380556833984591;22.5;32.3;Mon Jul 22 2019 07:53:44 GMT+0200 (CEST);Mon Jul 22 2019 05:53:44 GMT+0200 (CEST);1563774824000;1.04;889.51
1380556833984591;22.5;32.8;Mon Jul 22 2019 07:55:18 GMT+0200 (CEST);Mon Jul 22 2019 05:55:18 GMT+0200 (CEST);1563774918000;1.25;889.51
1380556833984591;22.5;32.9;Mon Jul 22 2019 07:56:39 GMT+0200 (CEST);Mon Jul 22 2019 05:56:39 GMT+0200 (CEST);1563774999000;1.36;889.51
1380556833984591;23;33;Mon Jul 22 2019 07:58:01 GMT+0200 (CEST);Mon Jul 22 2019 05:58:01 GMT+0200 (CEST);1563775081000;1.33;889.51
1380556833984591;23;33.5;Mon Jul 22 2019 07:59:24 GMT+0200 (CEST);Mon Jul 22 2019 05:59:24 GMT+0200 (CEST);1563775164000;1.3;889.51
1380556833984591;23;33.7;Mon Jul 22 2019 08:00:56 GMT+0200 (CEST);Mon Jul 22 2019 06:00:56 GMT+0200 (CEST);1563775256000;1.36;889.51
1380556833984591;25;33.8;Mon Jul 22 2019 08:02:17 GMT+0200 (CEST);Mon Jul 22 2019 06:02:17 GMT+0200 (CEST);1563775337000;1.39;889.51
1380556833984591;25;32.5;Mon Jul 22 2019 08:03:40 GMT+0200 (CEST);Mon Jul 22 2019 06:03:40 GMT+0200 (CEST);1563775420000;1.33;889.51
1380556833984591;25;32.6;Mon Jul 22 2019 08:05:04 GMT+0200 (CEST);Mon Jul 22 2019 06:05:04 GMT+0200 (CEST);1563775504000;1.42;889.51
1380556833984591;25;32.5;Mon Jul 22 2019 08:06:26 GMT+0200 (CEST);Mon Jul 22 2019 06:06:26 GMT+0200 (CEST);1563775586000;1.32;889.51
1380556833984591;26.5;32.1;Mon Jul 22 2019 08:07:59 GMT+0200 (CEST);Mon Jul 22 2019 06:07:59 GMT+0200 (CEST);1563775679000;1.2;889.51
1380556833984591;26.5;32.3;Mon Jul 22 2019 08:09:20 GMT+0200 (CEST);Mon Jul 22 2019 06:09:20 GMT+0200 (CEST);1563775760000;1.05;889.51
1380556833984591;26.5;33.4;Mon Jul 22 2019 08:10:45 GMT+0200 (CEST);Mon Jul 22 2019 06:10:45 GMT+0200 (CEST);1563775845000;1.34;889.51
1380556833984591;26.5;33.6;Mon Jul 22 2019 08:12:13 GMT+0200 (CEST);Mon Jul 22 2019 06:12:13 GMT+0200 (CEST);1563775933000;1.36;889.51
1380556833984591;26.5;33;Mon Jul 22 2019 08:13:35 GMT+0200 (CEST);Mon Jul 22 2019 06:13:35 GMT+0200 (CEST);1563776015000;1.26;889.51
1380556833984591;26.5;33;Mon Jul 22 2019 08:14:56 GMT+0200 (CEST);Mon Jul 22 2019 06:14:56 GMT+0200 (CEST);1563776096000;1.56;889.51
1380556833984591;26.5;33;Mon Jul 22 2019 08:16:27 GMT+0200 (CEST);Mon Jul 22 2019 06:16:27 GMT+0200 (CEST);1563776187000;1.59;889.51
1380556833984591;27;32.8;Mon Jul 22 2019 08:17:58 GMT+0200 (CEST);Mon Jul 22 2019 06:17:58 GMT+0200 (CEST);1563776278000;1.38;889.51
1380556833984591;27;32.8;Mon Jul 22 2019 08:19:20 GMT+0200 (CEST);Mon Jul 22 2019 06:19:20 GMT+0200 (CEST);1563776360000;1.61;889.51
1380556833984591;27;33;Mon Jul 22 2019 08:20:43 GMT+0200 (CEST);Mon Jul 22 2019 06:20:43 GMT+0200 (CEST);1563776443000;1.79;889.51
1380556833984591;27;32.8;Mon Jul 22 2019 08:22:05 GMT+0200 (CEST);Mon Jul 22 2019 06:22:05 GMT+0200 (CEST);1563776525000;1.5;889.51
1380556833984591;27;32.7;Mon Jul 22 2019 08:23:26 GMT+0200 (CEST);Mon Jul 22 2019 06:23:26 GMT+0200 (CEST);1563776606000;1.53;889.51
1380556833984591;27;33.1;Mon Jul 22 2019 08:24:51 GMT+0200 (CEST);Mon Jul 22 2019 06:24:51 GMT+0200 (CEST);1563776691000;1.73;889.51
1380556833984591;29;33;Mon Jul 22 2019 08:26:16 GMT+0200 (CEST);Mon Jul 22 2019 06:26:16 GMT+0200 (CEST);1563776776000;1.44;889.51
1380556833984591;29;32.7;Mon Jul 22 2019 08:27:38 GMT+0200 (CEST);Mon Jul 22 2019 06:27:38 GMT+0200 (CEST);1563776858000;1.91;889.51
1380556833984591;29;32.7;Mon Jul 22 2019 08:29:03 GMT+0200 (CEST);Mon Jul 22 2019 06:29:03 GMT+0200 (CEST);1563776943000;1.91;889.51
1380556833984591;29;33;Mon Jul 22 2019 08:30:24 GMT+0200 (CEST);Mon Jul 22 2019 06:30:24 GMT+0200 (CEST);1563777024000;1.45;889.51
1380556833984591;30.5;32.6;Mon Jul 22 2019 08:31:55 GMT+0200 (CEST);Mon Jul 22 2019 06:31:55 GMT+0200 (CEST);1563777115000;1.39;889.51
1380556833984591;30.5;32.5;Mon Jul 22 2019 08:33:18 GMT+0200 (CEST);Mon Jul 22 2019 06:33:18 GMT+0200 (CEST);1563777198000;1.36;889.51
1380556833984591;30.5;32.9;Mon Jul 22 2019 08:34:49 GMT+0200 (CEST);Mon Jul 22 2019 06:34:49 GMT+0200 (CEST);1563777289000;1.8;889.51
1380556833984591;30.5;33.1;Mon Jul 22 2019 08:36:11 GMT+0200 (CEST);Mon Jul 22 2019 06:36:11 GMT+0200 (CEST);1563777371000;1.9;889.51
1380556833984591;30.5;32.9;Mon Jul 22 2019 08:37:42 GMT+0200 (CEST);Mon Jul 22 2019 06:37:42 GMT+0200 (CEST);1563777462000;1.92;889.51
1380556833984591;30.5;33;Mon Jul 22 2019 08:39:04 GMT+0200 (CEST);Mon Jul 22 2019 06:39:04 GMT+0200 (CEST);1563777544000;1.7;889.51
1380556833984591;30.5;32.8;Mon Jul 22 2019 08:40:26 GMT+0200 (CEST);Mon Jul 22 2019 06:40:26 GMT+0200 (CEST);1563777626000;1.7;889.51
1380556833984591;30.5;32.8;Mon Jul 22 2019 08:41:48 GMT+0200 (CEST);Mon Jul 22 2019 06:41:48 GMT+0200 (CEST);1563777708000;1.51;889.51
1380556833984591;30.5;33;Mon Jul 22 2019 08:43:13 GMT+0200 (CEST);Mon Jul 22 2019 06:43:13 GMT+0200 (CEST);1563777793000;1.29;889.51
1380556833984591;30.5;33.1;Mon Jul 22 2019 08:44:35 GMT+0200 (CEST);Mon Jul 22 2019 06:44:35 GMT+0200 (CEST);1563777875000;1.39;889.51
1380556833984591;31.1;33;Mon Jul 22 2019 08:45:56 GMT+0200 (CEST);Mon Jul 22 2019 06:45:56 GMT+0200 (CEST);1563777956000;1.23;889.51
1380556833984591;31.1;33;Mon Jul 22 2019 08:48:02 GMT+0200 (CEST);Mon Jul 22 2019 06:48:02 GMT+0200 (CEST);1563778082000;1.24;889.51
1380556833984591;31.1;33;Mon Jul 22 2019 08:50:02 GMT+0200 (CEST);Mon Jul 22 2019 06:50:02 GMT+0200 (CEST);1563778202000;1.23;889.51
1380556833984591;31.1;33;Mon Jul 22 2019 08:51:37 GMT+0200 (CEST);Mon Jul 22 2019 06:51:37 GMT+0200 (CEST);1563778297000;1.56;889.51
1380556833984591;31.1;33.2;Mon Jul 22 2019 08:52:58 GMT+0200 (CEST);Mon Jul 22 2019 06:52:58 GMT+0200 (CEST);1563778378000;1.05;889.51
1380556833984591;31.1;33;Mon Jul 22 2019 08:54:21 GMT+0200 (CEST);Mon Jul 22 2019 06:54:21 GMT+0200 (CEST);1563778461000;1.2;889.51
1380556833984591;31.1;33;Mon Jul 22 2019 08:55:43 GMT+0200 (CEST);Mon Jul 22 2019 06:55:43 GMT+0200 (CEST);1563778543000;1.53;889.51
1380556833984591;31.1;33.2;Mon Jul 22 2019 08:57:48 GMT+0200 (CEST);Mon Jul 22 2019 06:57:48 GMT+0200 (CEST);1563778668000;2.06;889.51
1380556833984591;31.1;33.5;Mon Jul 22 2019 08:59:10 GMT+0200 (CEST);Mon Jul 22 2019 06:59:10 GMT+0200 (CEST);1563778750000;2.03;889.51
1380556833984591;31.1;33.3;Mon Jul 22 2019 09:00:36 GMT+0200 (CEST);Mon Jul 22 2019 07:00:36 GMT+0200 (CEST);1563778836000;2.04;889.51
1380556833984591;31.1;33.3;Mon Jul 22 2019 09:02:20 GMT+0200 (CEST);Mon Jul 22 2019 07:02:20 GMT+0200 (CEST);1563778940000;2.11;889.51
1380556833984591;31.1;33;Mon Jul 22 2019 09:03:59 GMT+0200 (CEST);Mon Jul 22 2019 07:03:59 GMT+0200 (CEST);1563779039000;2.13;889.51
1380556833984591;32.1;32.8;Mon Jul 22 2019 09:05:35 GMT+0200 (CEST);Mon Jul 22 2019 07:05:35 GMT+0200 (CEST);1563779135000;2.28;889.51
1380556833984591;32.1;32.9;Mon Jul 22 2019 09:06:57 GMT+0200 (CEST);Mon Jul 22 2019 07:06:57 GMT+0200 (CEST);1563779217000;2.52;889.51
1380556833984591;32.1;33;Mon Jul 22 2019 09:08:18 GMT+0200 (CEST);Mon Jul 22 2019 07:08:18 GMT+0200 (CEST);1563779298000;2.27;889.51
1380556833984591;32.1;32.9;Mon Jul 22 2019 09:09:39 GMT+0200 (CEST);Mon Jul 22 2019 07:09:39 GMT+0200 (CEST);1563779379000;2.4;889.51
1380556833984591;32.1;32.8;Mon Jul 22 2019 09:11:06 GMT+0200 (CEST);Mon Jul 22 2019 07:11:06 GMT+0200 (CEST);1563779466000;2.39;889.51
1380556833984591;32.1;32.8;Mon Jul 22 2019 09:12:30 GMT+0200 (CEST);Mon Jul 22 2019 07:12:30 GMT+0200 (CEST);1563779550000;2.25;889.51
1380556833984591;32.1;32.8;Mon Jul 22 2019 09:13:51 GMT+0200 (CEST);Mon Jul 22 2019 07:13:51 GMT+0200 (CEST);1563779631000;2.81;889.51
1380556833984591;34.6;32.8;Mon Jul 22 2019 09:15:12 GMT+0200 (CEST);Mon Jul 22 2019 07:15:12 GMT+0200 (CEST);1563779712000;2.79;889.51
1380556833984591;34.6;32.7;Mon Jul 22 2019 09:16:33 GMT+0200 (CEST);Mon Jul 22 2019 07:16:33 GMT+0200 (CEST);1563779793000;2.45;889.51
1380556833984591;34.6;32.6;Mon Jul 22 2019 09:18:02 GMT+0200 (CEST);Mon Jul 22 2019 07:18:02 GMT+0200 (CEST);1563779882000;2.49;889.51
1380556833984591;35.1;32.5;Mon Jul 22 2019 09:19:30 GMT+0200 (CEST);Mon Jul 22 2019 07:19:30 GMT+0200 (CEST);1563779970000;2.37;889.51
1380556833984591;35.1;32.6;Mon Jul 22 2019 09:21:14 GMT+0200 (CEST);Mon Jul 22 2019 07:21:14 GMT+0200 (CEST);1563780074000;2.47;889.51
1380556833984591;35.1;32.5;Mon Jul 22 2019 09:22:35 GMT+0200 (CEST);Mon Jul 22 2019 07:22:35 GMT+0200 (CEST);1563780155000;2.52;889.51
1380556833984591;35.1;32.4;Mon Jul 22 2019 09:23:56 GMT+0200 (CEST);Mon Jul 22 2019 07:23:56 GMT+0200 (CEST);1563780236000;2.5;889.51
1380556833984591;36.6;32.5;Mon Jul 22 2019 09:25:17 GMT+0200 (CEST);Mon Jul 22 2019 07:25:17 GMT+0200 (CEST);1563780317000;2.26;889.51
1380556833984591;36.6;32.5;Mon Jul 22 2019 09:26:42 GMT+0200 (CEST);Mon Jul 22 2019 07:26:42 GMT+0200 (CEST);1563780402000;2.48;889.51
1380556833984591;36.6;32.5;Mon Jul 22 2019 09:28:04 GMT+0200 (CEST);Mon Jul 22 2019 07:28:04 GMT+0200 (CEST);1563780484000;2.45;889.51
1380556833984591;36.6;32.4;Mon Jul 22 2019 09:29:25 GMT+0200 (CEST);Mon Jul 22 2019 07:29:25 GMT+0200 (CEST);1563780565000;1.65;889.51
1380556833984591;36.6;31.9;Mon Jul 22 2019 09:30:48 GMT+0200 (CEST);Mon Jul 22 2019 07:30:48 GMT+0200 (CEST);1563780648000;1.56;889.51
1380556833984591;36.6;32.3;Mon Jul 22 2019 09:32:19 GMT+0200 (CEST);Mon Jul 22 2019 07:32:19 GMT+0200 (CEST);1563780739000;1.95;889.51
1380556833984591;36.6;32.4;Mon Jul 22 2019 09:33:41 GMT+0200 (CEST);Mon Jul 22 2019 07:33:41 GMT+0200 (CEST);1563780821000;1.3;889.51
1380556833984591;36.6;32.5;Mon Jul 22 2019 09:35:10 GMT+0200 (CEST);Mon Jul 22 2019 07:35:10 GMT+0200 (CEST);1563780910000;2.31;889.51
1380556833984591;36.6;32.8;Mon Jul 22 2019 09:37:00 GMT+0200 (CEST);Mon Jul 22 2019 07:37:00 GMT+0200 (CEST);1563781020000;3.06;889.51
1380556833984591;36.6;32.9;Mon Jul 22 2019 09:38:22 GMT+0200 (CEST);Mon Jul 22 2019 07:38:22 GMT+0200 (CEST);1563781102000;2.79;889.51
1380556833984591;36.6;32.8;Mon Jul 22 2019 09:39:43 GMT+0200 (CEST);Mon Jul 22 2019 07:39:43 GMT+0200 (CEST);1563781183000;2.47;889.51
1380556833984591;36.6;32.6;Mon Jul 22 2019 09:41:18 GMT+0200 (CEST);Mon Jul 22 2019 07:41:18 GMT+0200 (CEST);1563781278000;2.85;889.51
1380556833984591;36.6;32.5;Mon Jul 22 2019 09:42:41 GMT+0200 (CEST);Mon Jul 22 2019 07:42:41 GMT+0200 (CEST);1563781361000;3.57;889.51
1380556833984591;37.1;32.3;Mon Jul 22 2019 09:44:23 GMT+0200 (CEST);Mon Jul 22 2019 07:44:23 GMT+0200 (CEST);1563781463000;3.71;889.51
1380556833984591;37.1;32;Mon Jul 22 2019 09:45:45 GMT+0200 (CEST);Mon Jul 22 2019 07:45:45 GMT+0200 (CEST);1563781545000;3.57;889.51
1380556833984591;37.1;32.2;Mon Jul 22 2019 09:47:16 GMT+0200 (CEST);Mon Jul 22 2019 07:47:16 GMT+0200 (CEST);1563781636000;3.58;889.51
1380556833984591;38.6;31.9;Mon Jul 22 2019 09:48:56 GMT+0200 (CEST);Mon Jul 22 2019 07:48:56 GMT+0200 (CEST);1563781736000;3.81;889.51
1380556833984591;38.6;32;Mon Jul 22 2019 09:50:32 GMT+0200 (CEST);Mon Jul 22 2019 07:50:32 GMT+0200 (CEST);1563781832000;3.79;889.51
1380556833984591;38.6;31.7;Mon Jul 22 2019 09:51:55 GMT+0200 (CEST);Mon Jul 22 2019 07:51:55 GMT+0200 (CEST);1563781915000;3.71;889.51
1380556833984591;39.1;31.7;Mon Jul 22 2019 09:53:16 GMT+0200 (CEST);Mon Jul 22 2019 07:53:16 GMT+0200 (CEST);1563781996000;3.49;889.51
1380556833984591;44.7;32;Mon Jul 22 2019 10:31:45 GMT+0200 (CEST);Mon Jul 22 2019 08:31:45 GMT+0200 (CEST);1563784305000;2.9;889.51
1380556833984591;44.7;31.9;Mon Jul 22 2019 10:33:05 GMT+0200 (CEST);Mon Jul 22 2019 08:33:05 GMT+0200 (CEST);1563784385000;3.7;889.51
1380556833984591;44.7;31.5;Mon Jul 22 2019 10:34:45 GMT+0200 (CEST);Mon Jul 22 2019 08:34:45 GMT+0200 (CEST);1563784485000;3.55;889.51
1380556833984591;44.7;31.6;Mon Jul 22 2019 10:36:05 GMT+0200 (CEST);Mon Jul 22 2019 08:36:05 GMT+0200 (CEST);1563784565000;3.43;889.51
1380556833984591;44.7;31.5;Mon Jul 22 2019 10:37:33 GMT+0200 (CEST);Mon Jul 22 2019 08:37:33 GMT+0200 (CEST);1563784653000;2.89;889.51
1380556833984591;44.7;31.7;Mon Jul 22 2019 10:39:26 GMT+0200 (CEST);Mon Jul 22 2019 08:39:26 GMT+0200 (CEST);1563784766000;3.07;889.51
1380556833984591;44.7;31.6;Mon Jul 22 2019 10:40:50 GMT+0200 (CEST);Mon Jul 22 2019 08:40:50 GMT+0200 (CEST);1563784850000;2.82;889.51
1380556833984591;44.7;31.7;Mon Jul 22 2019 10:42:15 GMT+0200 (CEST);Mon Jul 22 2019 08:42:15 GMT+0200 (CEST);1563784935000;2.94;889.51
1380556833984591;44.7;31.8;Mon Jul 22 2019 10:43:38 GMT+0200 (CEST);Mon Jul 22 2019 08:43:38 GMT+0200 (CEST);1563785018000;2.63;889.51
1380556833984591;44.7;31.5;Mon Jul 22 2019 10:45:01 GMT+0200 (CEST);Mon Jul 22 2019 08:45:01 GMT+0200 (CEST);1563785101000;1.86;889.51
1380556833984591;44.7;31.8;Mon Jul 22 2019 10:46:42 GMT+0200 (CEST);Mon Jul 22 2019 08:46:42 GMT+0200 (CEST);1563785202000;2.48;889.51
1380556833984591;44.7;31.9;Mon Jul 22 2019 10:48:04 GMT+0200 (CEST);Mon Jul 22 2019 08:48:04 GMT+0200 (CEST);1563785284000;2.36;889.51
1380556833984591;44.7;32;Mon Jul 22 2019 10:49:25 GMT+0200 (CEST);Mon Jul 22 2019 08:49:25 GMT+0200 (CEST);1563785365000;2.77;889.51
1380556833984591;43.1;31.9;Mon Jul 22 2019 10:50:46 GMT+0200 (CEST);Mon Jul 22 2019 08:50:46 GMT+0200 (CEST);1563785446000;2.53;889.51
1380556833984591;43.1;32;Mon Jul 22 2019 10:52:11 GMT+0200 (CEST);Mon Jul 22 2019 08:52:11 GMT+0200 (CEST);1563785531000;2.14;889.51
1380556833984591;43.1;32.3;Mon Jul 22 2019 10:53:32 GMT+0200 (CEST);Mon Jul 22 2019 08:53:32 GMT+0200 (CEST);1563785612000;2.26;889.51
1380556833984591;43.1;32;Mon Jul 22 2019 10:54:53 GMT+0200 (CEST);Mon Jul 22 2019 08:54:53 GMT+0200 (CEST);1563785693000;3.42;889.51
1380556833984591;43.1;32.2;Mon Jul 22 2019 10:56:17 GMT+0200 (CEST);Mon Jul 22 2019 08:56:17 GMT+0200 (CEST);1563785777000;3.18;889.51
1380556833984591;43.1;31.9;Mon Jul 22 2019 10:57:39 GMT+0200 (CEST);Mon Jul 22 2019 08:57:39 GMT+0200 (CEST);1563785859000;2.97;889.51
1380556833984591;43.1;31.9;Mon Jul 22 2019 10:59:05 GMT+0200 (CEST);Mon Jul 22 2019 08:59:05 GMT+0200 (CEST);1563785945000;2.42;889.51
1380556833984591;42.6;31.9;Mon Jul 22 2019 11:00:23 GMT+0200 (CEST);Mon Jul 22 2019 09:00:23 GMT+0200 (CEST);1563786023000;2.25;889.51
1380556833984591;42.6;31.8;Mon Jul 22 2019 11:01:46 GMT+0200 (CEST);Mon Jul 22 2019 09:01:46 GMT+0200 (CEST);1563786106000;2.71;889.51
1380556833984591;42.6;32.2;Mon Jul 22 2019 11:03:08 GMT+0200 (CEST);Mon Jul 22 2019 09:03:08 GMT+0200 (CEST);1563786188000;2.94;889.51
1380556833984591;42.6;31.8;Mon Jul 22 2019 11:04:30 GMT+0200 (CEST);Mon Jul 22 2019 09:04:30 GMT+0200 (CEST);1563786270000;3.02;889.51
1380556833984591;42.6;31.8;Mon Jul 22 2019 11:06:19 GMT+0200 (CEST);Mon Jul 22 2019 09:06:19 GMT+0200 (CEST);1563786379000;3.83;889.51
1380556833984591;42.6;31.5;Mon Jul 22 2019 11:07:43 GMT+0200 (CEST);Mon Jul 22 2019 09:07:43 GMT+0200 (CEST);1563786463000;4.73;889.51
1380556833984591;43.1;31.4;Mon Jul 22 2019 11:09:06 GMT+0200 (CEST);Mon Jul 22 2019 09:09:06 GMT+0200 (CEST);1563786546000;4.96;889.51
1380556833984591;43.1;31;Mon Jul 22 2019 11:10:28 GMT+0200 (CEST);Mon Jul 22 2019 09:10:28 GMT+0200 (CEST);1563786628000;5.11;889.51
1380556833984591;43.1;31;Mon Jul 22 2019 11:11:52 GMT+0200 (CEST);Mon Jul 22 2019 09:11:52 GMT+0200 (CEST);1563786712000;5.04;889.51
1380556833984591;43.1;30.8;Mon Jul 22 2019 11:13:15 GMT+0200 (CEST);Mon Jul 22 2019 09:13:15 GMT+0200 (CEST);1563786795000;5.06;889.51
1380556833984591;44.7;30.7;Mon Jul 22 2019 11:14:38 GMT+0200 (CEST);Mon Jul 22 2019 09:14:38 GMT+0200 (CEST);1563786878000;3.65;889.51
1380556833984591;44.7;30.5;Mon Jul 22 2019 11:16:03 GMT+0200 (CEST);Mon Jul 22 2019 09:16:03 GMT+0200 (CEST);1563786963000;2.79;889.51
1380556833984591;44.7;30.8;Mon Jul 22 2019 11:18:00 GMT+0200 (CEST);Mon Jul 22 2019 09:18:00 GMT+0200 (CEST);1563787080000;4.22;889.51
1380556833984591;46.7;31;Mon Jul 22 2019 11:19:21 GMT+0200 (CEST);Mon Jul 22 2019 09:19:21 GMT+0200 (CEST);1563787161000;4.57;889.51
1380556833984591;46.7;30.8;Mon Jul 22 2019 11:20:46 GMT+0200 (CEST);Mon Jul 22 2019 09:20:46 GMT+0200 (CEST);1563787246000;4.75;889.51
1380556833984591;46.7;30.4;Mon Jul 22 2019 11:22:20 GMT+0200 (CEST);Mon Jul 22 2019 09:22:20 GMT+0200 (CEST);1563787340000;4.33;889.51
1380556833984591;47.2;30.7;Mon Jul 22 2019 11:23:43 GMT+0200 (CEST);Mon Jul 22 2019 09:23:43 GMT+0200 (CEST);1563787423000;4.4;889.51
1380556833984591;47.2;30.6;Mon Jul 22 2019 11:25:07 GMT+0200 (CEST);Mon Jul 22 2019 09:25:07 GMT+0200 (CEST);1563787507000;4.66;889.51
1380556833984591;47.2;30.5;Mon Jul 22 2019 11:26:35 GMT+0200 (CEST);Mon Jul 22 2019 09:26:35 GMT+0200 (CEST);1563787595000;4.93;889.51
1380556833984591;48.2;30.3;Mon Jul 22 2019 11:27:58 GMT+0200 (CEST);Mon Jul 22 2019 09:27:58 GMT+0200 (CEST);1563787678000;4.38;889.51
1380556833984591;48.2;30.5;Mon Jul 22 2019 11:29:19 GMT+0200 (CEST);Mon Jul 22 2019 09:29:19 GMT+0200 (CEST);1563787759000;4.13;889.51
1380556833984591;48.2;30.5;Mon Jul 22 2019 11:30:41 GMT+0200 (CEST);Mon Jul 22 2019 09:30:41 GMT+0200 (CEST);1563787841000;3.15;889.51
1380556833984591;48.2;30.7;Mon Jul 22 2019 11:32:19 GMT+0200 (CEST);Mon Jul 22 2019 09:32:19 GMT+0200 (CEST);1563787939000;3.04;889.51
1380556833984591;48.2;31.2;Mon Jul 22 2019 11:33:55 GMT+0200 (CEST);Mon Jul 22 2019 09:33:55 GMT+0200 (CEST);1563788035000;2.9;889.51
1380556833984591;48.2;31.4;Mon Jul 22 2019 11:35:24 GMT+0200 (CEST);Mon Jul 22 2019 09:35:24 GMT+0200 (CEST);1563788124000;4.07;889.51
1380556833984591;48.2;30.9;Mon Jul 22 2019 11:36:48 GMT+0200 (CEST);Mon Jul 22 2019 09:36:48 GMT+0200 (CEST);1563788208000;4.96;889.51
1380556833984591;48.2;31.2;Mon Jul 22 2019 11:38:11 GMT+0200 (CEST);Mon Jul 22 2019 09:38:11 GMT+0200 (CEST);1563788291000;4.16;889.51
1380556833984591;48.2;31.3;Mon Jul 22 2019 11:39:34 GMT+0200 (CEST);Mon Jul 22 2019 09:39:34 GMT+0200 (CEST);1563788374000;3.88;889.51
1380556833984591;48.2;31;Mon Jul 22 2019 11:41:09 GMT+0200 (CEST);Mon Jul 22 2019 09:41:09 GMT+0200 (CEST);1563788469000;3.93;889.51
1380556833984591;48.2;30.8;Mon Jul 22 2019 11:42:33 GMT+0200 (CEST);Mon Jul 22 2019 09:42:33 GMT+0200 (CEST);1563788553000;4.13;889.51
1380556833984591;48.2;30.7;Mon Jul 22 2019 11:43:54 GMT+0200 (CEST);Mon Jul 22 2019 09:43:54 GMT+0200 (CEST);1563788634000;5.16;889.51
1380556833984591;48.2;30.7;Mon Jul 22 2019 11:45:18 GMT+0200 (CEST);Mon Jul 22 2019 09:45:18 GMT+0200 (CEST);1563788718000;4.23;889.51
1380556833984591;48.7;30.6;Mon Jul 22 2019 11:46:52 GMT+0200 (CEST);Mon Jul 22 2019 09:46:52 GMT+0200 (CEST);1563788812000;4.33;889.51
1380556833984591;48.7;30.8;Mon Jul 22 2019 11:48:14 GMT+0200 (CEST);Mon Jul 22 2019 09:48:14 GMT+0200 (CEST);1563788894000;4.2;889.51
1380556833984591;48.7;30.8;Mon Jul 22 2019 11:49:46 GMT+0200 (CEST);Mon Jul 22 2019 09:49:46 GMT+0200 (CEST);1563788986000;4.13;889.51
1380556833984591;48.7;30.9;Mon Jul 22 2019 11:51:11 GMT+0200 (CEST);Mon Jul 22 2019 09:51:11 GMT+0200 (CEST);1563789071000;4.64;889.51
1380556833984591;48.2;30.6;Mon Jul 22 2019 11:52:33 GMT+0200 (CEST);Mon Jul 22 2019 09:52:33 GMT+0200 (CEST);1563789153000;3.61;889.51
1380556833984591;48.2;30.5;Mon Jul 22 2019 11:53:54 GMT+0200 (CEST);Mon Jul 22 2019 09:53:54 GMT+0200 (CEST);1563789234000;3.53;889.51
1380556833984591;48.2;30.9;Mon Jul 22 2019 11:55:16 GMT+0200 (CEST);Mon Jul 22 2019 09:55:16 GMT+0200 (CEST);1563789316000;3.96;889.51
1380556833984591;48.2;30.7;Mon Jul 22 2019 11:56:37 GMT+0200 (CEST);Mon Jul 22 2019 09:56:37 GMT+0200 (CEST);1563789397000;4.25;889.51
1380556833984591;48.2;31.1;Mon Jul 22 2019 11:57:59 GMT+0200 (CEST);Mon Jul 22 2019 09:57:59 GMT+0200 (CEST);1563789479000;3.1;889.51
1380556833984591;48.2;31;Mon Jul 22 2019 11:59:23 GMT+0200 (CEST);Mon Jul 22 2019 09:59:23 GMT+0200 (CEST);1563789563000;2.71;889.51
1380556833984591;48.2;30.9;Mon Jul 22 2019 12:00:45 GMT+0200 (CEST);Mon Jul 22 2019 10:00:45 GMT+0200 (CEST);1563789645000;2.56;889.51
1380556833984591;48.2;31.2;Mon Jul 22 2019 12:02:09 GMT+0200 (CEST);Mon Jul 22 2019 10:02:09 GMT+0200 (CEST);1563789729000;4.08;889.51
1380556833984591;48.2;31;Mon Jul 22 2019 12:04:02 GMT+0200 (CEST);Mon Jul 22 2019 10:04:02 GMT+0200 (CEST);1563789842000;3.93;889.51
1380556833984591;48.2;31.2;Mon Jul 22 2019 12:05:31 GMT+0200 (CEST);Mon Jul 22 2019 10:05:31 GMT+0200 (CEST);1563789931000;3.67;889.51
1380556833984591;48.2;31.5;Mon Jul 22 2019 12:06:52 GMT+0200 (CEST);Mon Jul 22 2019 10:06:52 GMT+0200 (CEST);1563790012000;4.13;889.51
1380556833984591;48.2;31.2;Mon Jul 22 2019 12:08:13 GMT+0200 (CEST);Mon Jul 22 2019 10:08:13 GMT+0200 (CEST);1563790093000;3.55;889.51
1380556833984591;48.2;31.2;Mon Jul 22 2019 12:09:36 GMT+0200 (CEST);Mon Jul 22 2019 10:09:36 GMT+0200 (CEST);1563790176000;3.77;889.51
1380556833984591;48.2;31.3;Mon Jul 22 2019 12:11:05 GMT+0200 (CEST);Mon Jul 22 2019 10:11:05 GMT+0200 (CEST);1563790265000;3.58;889.51
1380556833984591;47.2;31.3;Mon Jul 22 2019 12:12:28 GMT+0200 (CEST);Mon Jul 22 2019 10:12:28 GMT+0200 (CEST);1563790348000;3.69;889.51
1380556833984591;47.2;31.5;Mon Jul 22 2019 12:13:54 GMT+0200 (CEST);Mon Jul 22 2019 10:13:54 GMT+0200 (CEST);1563790434000;4.97;889.51
1380556833984591;47.2;31.3;Mon Jul 22 2019 12:15:16 GMT+0200 (CEST);Mon Jul 22 2019 10:15:16 GMT+0200 (CEST);1563790516000;4.82;889.51
1380556833984591;47.2;31.2;Mon Jul 22 2019 12:16:38 GMT+0200 (CEST);Mon Jul 22 2019 10:16:38 GMT+0200 (CEST);1563790598000;4.22;889.51
1380556833984591;47.2;31.1;Mon Jul 22 2019 12:18:08 GMT+0200 (CEST);Mon Jul 22 2019 10:18:08 GMT+0200 (CEST);1563790688000;4.26;889.51
1380556833984591;47.2;30.9;Mon Jul 22 2019 12:19:30 GMT+0200 (CEST);Mon Jul 22 2019 10:19:30 GMT+0200 (CEST);1563790770000;4.86;889.51
1380556833984591;47.2;30.9;Mon Jul 22 2019 12:20:55 GMT+0200 (CEST);Mon Jul 22 2019 10:20:55 GMT+0200 (CEST);1563790855000;5.25;889.51
1380556833984591;47.2;30.6;Mon Jul 22 2019 12:22:24 GMT+0200 (CEST);Mon Jul 22 2019 10:22:24 GMT+0200 (CEST);1563790944000;5.07;889.51
1380556833984591;47.2;30.5;Mon Jul 22 2019 12:23:48 GMT+0200 (CEST);Mon Jul 22 2019 10:23:48 GMT+0200 (CEST);1563791028000;4.99;889.51
1380556833984591;47.2;30.2;Mon Jul 22 2019 12:25:11 GMT+0200 (CEST);Mon Jul 22 2019 10:25:11 GMT+0200 (CEST);1563791111000;5.15;889.51
1380556833984591;48.2;30.1;Mon Jul 22 2019 12:26:37 GMT+0200 (CEST);Mon Jul 22 2019 10:26:37 GMT+0200 (CEST);1563791197000;5.08;889.51
1380556833984591;48.2;30.2;Mon Jul 22 2019 12:28:01 GMT+0200 (CEST);Mon Jul 22 2019 10:28:01 GMT+0200 (CEST);1563791281000;4.58;889.51
1380556833984591;48.2;30.2;Mon Jul 22 2019 12:29:23 GMT+0200 (CEST);Mon Jul 22 2019 10:29:23 GMT+0200 (CEST);1563791363000;4.27;889.51
1380556833984591;50.7;30.4;Mon Jul 22 2019 12:30:46 GMT+0200 (CEST);Mon Jul 22 2019 10:30:46 GMT+0200 (CEST);1563791446000;5.28;889.51
1380556833984591;50.7;30.2;Mon Jul 22 2019 12:32:21 GMT+0200 (CEST);Mon Jul 22 2019 10:32:21 GMT+0200 (CEST);1563791541000;5.38;889.51
1380556833984591;50.7;30.2;Mon Jul 22 2019 12:33:51 GMT+0200 (CEST);Mon Jul 22 2019 10:33:51 GMT+0200 (CEST);1563791631000;5.28;889.51
1380556833984591;50.7;30.3;Mon Jul 22 2019 12:35:41 GMT+0200 (CEST);Mon Jul 22 2019 10:35:41 GMT+0200 (CEST);1563791741000;4.74;889.51
1380556833984591;50.7;30.3;Mon Jul 22 2019 12:37:17 GMT+0200 (CEST);Mon Jul 22 2019 10:37:17 GMT+0200 (CEST);1563791837000;4.78;889.51
1380556833984591;50.7;30.6;Mon Jul 22 2019 12:38:43 GMT+0200 (CEST);Mon Jul 22 2019 10:38:43 GMT+0200 (CEST);1563791923000;4.9;889.51
1380556833984591;50.7;30.6;Mon Jul 22 2019 12:40:07 GMT+0200 (CEST);Mon Jul 22 2019 10:40:07 GMT+0200 (CEST);1563792007000;4.81;889.51
1380556833984591;50.7;30.6;Mon Jul 22 2019 12:41:31 GMT+0200 (CEST);Mon Jul 22 2019 10:41:31 GMT+0200 (CEST);1563792091000;5.01;889.51
1380556833984591;50.7;30.6;Mon Jul 22 2019 12:43:09 GMT+0200 (CEST);Mon Jul 22 2019 10:43:09 GMT+0200 (CEST);1563792189000;5.03;889.51
1380556833984591;50.7;30.4;Mon Jul 22 2019 12:44:32 GMT+0200 (CEST);Mon Jul 22 2019 10:44:32 GMT+0200 (CEST);1563792272000;4.56;889.51
1380556833984591;50.7;30.6;Mon Jul 22 2019 12:45:54 GMT+0200 (CEST);Mon Jul 22 2019 10:45:54 GMT+0200 (CEST);1563792354000;4.89;889.51
1380556833984591;50.7;30.6;Mon Jul 22 2019 12:47:34 GMT+0200 (CEST);Mon Jul 22 2019 10:47:34 GMT+0200 (CEST);1563792454000;5.15;889.51
1380556833984591;50.7;30.6;Mon Jul 22 2019 12:49:23 GMT+0200 (CEST);Mon Jul 22 2019 10:49:23 GMT+0200 (CEST);1563792563000;1.66;889.51
1380556833984591;50.7;30.6;Mon Jul 22 2019 12:50:49 GMT+0200 (CEST);Mon Jul 22 2019 10:50:49 GMT+0200 (CEST);1563792649000;5.02;889.51
1380556833984591;50.7;30.8;Mon Jul 22 2019 12:52:28 GMT+0200 (CEST);Mon Jul 22 2019 10:52:28 GMT+0200 (CEST);1563792748000;1.41;889.51
1380556833984591;50.7;31.4;Mon Jul 22 2019 12:54:08 GMT+0200 (CEST);Mon Jul 22 2019 10:54:08 GMT+0200 (CEST);1563792848000;5.06;889.51
1380556833984591;50.7;31;Mon Jul 22 2019 12:55:34 GMT+0200 (CEST);Mon Jul 22 2019 10:55:34 GMT+0200 (CEST);1563792934000;4.62;889.51
1380556833984591;50.7;30.8;Mon Jul 22 2019 12:57:03 GMT+0200 (CEST);Mon Jul 22 2019 10:57:03 GMT+0200 (CEST);1563793023000;4.68;889.51
1380556833984591;50.7;30.7;Mon Jul 22 2019 12:58:24 GMT+0200 (CEST);Mon Jul 22 2019 10:58:24 GMT+0200 (CEST);1563793104000;4.26;889.51
1380556833984591;48.2;30.8;Mon Jul 22 2019 12:59:48 GMT+0200 (CEST);Mon Jul 22 2019 10:59:48 GMT+0200 (CEST);1563793188000;4.13;889.51
1380556833984591;48.2;29.8;Mon Jul 22 2019 13:01:10 GMT+0200 (CEST);Mon Jul 22 2019 11:01:10 GMT+0200 (CEST);1563793270000;5.19;889.51
1380556833984591;48.2;29.9;Mon Jul 22 2019 13:02:35 GMT+0200 (CEST);Mon Jul 22 2019 11:02:35 GMT+0200 (CEST);1563793355000;5.19;889.51
1380556833984591;48.2;30.7;Mon Jul 22 2019 13:03:56 GMT+0200 (CEST);Mon Jul 22 2019 11:03:56 GMT+0200 (CEST);1563793436000;5.42;889.51
1380556833984591;48.2;30.4;Mon Jul 22 2019 13:05:32 GMT+0200 (CEST);Mon Jul 22 2019 11:05:32 GMT+0200 (CEST);1563793532000;4.7;889.51
1380556833984591;48.2;30.7;Mon Jul 22 2019 13:06:59 GMT+0200 (CEST);Mon Jul 22 2019 11:06:59 GMT+0200 (CEST);1563793619000;4.17;889.51
1380556833984591;50.7;30.8;Mon Jul 22 2019 13:08:24 GMT+0200 (CEST);Mon Jul 22 2019 11:08:24 GMT+0200 (CEST);1563793704000;4.35;889.51
1380556833984591;50.7;30.4;Mon Jul 22 2019 13:09:45 GMT+0200 (CEST);Mon Jul 22 2019 11:09:45 GMT+0200 (CEST);1563793785000;4.7;889.51
1380556833984591;50.7;30.4;Mon Jul 22 2019 13:11:07 GMT+0200 (CEST);Mon Jul 22 2019 11:11:07 GMT+0200 (CEST);1563793867000;4.92;889.51
1380556833984591;50.7;30.5;Mon Jul 22 2019 13:12:38 GMT+0200 (CEST);Mon Jul 22 2019 11:12:38 GMT+0200 (CEST);1563793958000;4.95;889.51
1380556833984591;51.2;30.4;Mon Jul 22 2019 13:14:00 GMT+0200 (CEST);Mon Jul 22 2019 11:14:00 GMT+0200 (CEST);1563794040000;4.64;889.51
1380556833984591;51.2;30.6;Mon Jul 22 2019 13:15:22 GMT+0200 (CEST);Mon Jul 22 2019 11:15:22 GMT+0200 (CEST);1563794122000;4.5;889.51
1380556833984591;51.2;30.1;Mon Jul 22 2019 13:16:46 GMT+0200 (CEST);Mon Jul 22 2019 11:16:46 GMT+0200 (CEST);1563794206000;4.2;889.51
1380556833984591;51.2;30.1;Mon Jul 22 2019 13:18:09 GMT+0200 (CEST);Mon Jul 22 2019 11:18:09 GMT+0200 (CEST);1563794289000;4.18;889.51
1380556833984591;51.2;30.8;Mon Jul 22 2019 13:19:43 GMT+0200 (CEST);Mon Jul 22 2019 11:19:43 GMT+0200 (CEST);1563794383000;4.74;889.51
1380556833984591;51.2;30.8;Mon Jul 22 2019 13:21:14 GMT+0200 (CEST);Mon Jul 22 2019 11:21:14 GMT+0200 (CEST);1563794474000;5.07;889.51
1380556833984591;50.7;30.6;Mon Jul 22 2019 13:22:43 GMT+0200 (CEST);Mon Jul 22 2019 11:22:43 GMT+0200 (CEST);1563794563000;5.11;889.51
1380556833984591;50.7;30.4;Mon Jul 22 2019 13:24:05 GMT+0200 (CEST);Mon Jul 22 2019 11:24:05 GMT+0200 (CEST);1563794645000;4.86;889.51
1380556833984591;50.7;30.4;Mon Jul 22 2019 13:25:34 GMT+0200 (CEST);Mon Jul 22 2019 11:25:34 GMT+0200 (CEST);1563794734000;4.79;889.51
1380556833984591;50.7;30.5;Mon Jul 22 2019 13:26:57 GMT+0200 (CEST);Mon Jul 22 2019 11:26:57 GMT+0200 (CEST);1563794817000;4.89;889.51
1380556833984591;51.2;30.4;Mon Jul 22 2019 13:28:35 GMT+0200 (CEST);Mon Jul 22 2019 11:28:35 GMT+0200 (CEST);1563794915000;5.01;889.51
1380556833984591;51.2;30.3;Mon Jul 22 2019 13:29:57 GMT+0200 (CEST);Mon Jul 22 2019 11:29:57 GMT+0200 (CEST);1563794997000;5.07;889.51
1380556833984591;51.2;30.2;Mon Jul 22 2019 13:31:21 GMT+0200 (CEST);Mon Jul 22 2019 11:31:21 GMT+0200 (CEST);1563795081000;1.28;889.51
1380556833984591;51.2;30.1;Mon Jul 22 2019 13:32:43 GMT+0200 (CEST);Mon Jul 22 2019 11:32:43 GMT+0200 (CEST);1563795163000;4.8;889.51
1380556833984591;51.2;30.5;Mon Jul 22 2019 13:34:09 GMT+0200 (CEST);Mon Jul 22 2019 11:34:09 GMT+0200 (CEST);1563795249000;4.97;889.51
1380556833984591;52.7;30.5;Mon Jul 22 2019 13:35:55 GMT+0200 (CEST);Mon Jul 22 2019 11:35:55 GMT+0200 (CEST);1563795355000;5.12;889.51
1380556833984591;52.7;30.4;Mon Jul 22 2019 13:37:47 GMT+0200 (CEST);Mon Jul 22 2019 11:37:47 GMT+0200 (CEST);1563795467000;4.75;889.51
1380556833984591;52.7;30.3;Mon Jul 22 2019 13:39:09 GMT+0200 (CEST);Mon Jul 22 2019 11:39:09 GMT+0200 (CEST);1563795549000;4.21;889.51
1380556833984591;52.7;30.8;Mon Jul 22 2019 13:40:30 GMT+0200 (CEST);Mon Jul 22 2019 11:40:30 GMT+0200 (CEST);1563795630000;4.68;889.51
1380556833984591;52.7;31.1;Mon Jul 22 2019 13:41:52 GMT+0200 (CEST);Mon Jul 22 2019 11:41:52 GMT+0200 (CEST);1563795712000;4.77;889.51
1380556833984591;51.2;30.1;Mon Jul 22 2019 13:43:29 GMT+0200 (CEST);Mon Jul 22 2019 11:43:29 GMT+0200 (CEST);1563795809000;3.95;889.51
1380556833984591;51.2;31.1;Mon Jul 22 2019 13:44:55 GMT+0200 (CEST);Mon Jul 22 2019 11:44:55 GMT+0200 (CEST);1563795895000;4.12;889.51
1380556833984591;51.2;31.1;Mon Jul 22 2019 13:46:17 GMT+0200 (CEST);Mon Jul 22 2019 11:46:17 GMT+0200 (CEST);1563795977000;2.41;889.51
1380556833984591;51.2;30.8;Mon Jul 22 2019 13:47:47 GMT+0200 (CEST);Mon Jul 22 2019 11:47:47 GMT+0200 (CEST);1563796067000;4.75;889.51
1380556833984591;51.2;31.2;Mon Jul 22 2019 13:49:10 GMT+0200 (CEST);Mon Jul 22 2019 11:49:10 GMT+0200 (CEST);1563796150000;2.75;889.51
1380556833984591;51.2;31;Mon Jul 22 2019 13:50:33 GMT+0200 (CEST);Mon Jul 22 2019 11:50:33 GMT+0200 (CEST);1563796233000;4.45;889.51
1380556833984591;50.7;31.1;Mon Jul 22 2019 13:52:37 GMT+0200 (CEST);Mon Jul 22 2019 11:52:37 GMT+0200 (CEST);1563796357000;5.06;889.51
1380556833984591;50.7;30.6;Mon Jul 22 2019 13:54:14 GMT+0200 (CEST);Mon Jul 22 2019 11:54:14 GMT+0200 (CEST);1563796454000;4.75;889.51
1380556833984591;50.7;30.9;Mon Jul 22 2019 13:55:38 GMT+0200 (CEST);Mon Jul 22 2019 11:55:38 GMT+0200 (CEST);1563796538000;4.7;889.51
1380556833984591;50.7;30.7;Mon Jul 22 2019 13:57:01 GMT+0200 (CEST);Mon Jul 22 2019 11:57:01 GMT+0200 (CEST);1563796621000;4.94;889.51
1380556833984591;50.7;30.8;Mon Jul 22 2019 13:58:24 GMT+0200 (CEST);Mon Jul 22 2019 11:58:24 GMT+0200 (CEST);1563796704000;4.97;889.51
1380556833984591;50.7;30.6;Mon Jul 22 2019 13:59:46 GMT+0200 (CEST);Mon Jul 22 2019 11:59:46 GMT+0200 (CEST);1563796786000;4.73;889.51
1380556833984591;50.7;30.6;Mon Jul 22 2019 14:01:11 GMT+0200 (CEST);Mon Jul 22 2019 12:01:11 GMT+0200 (CEST);1563796871000;4.84;889.51
1380556833984591;50.7;30.5;Mon Jul 22 2019 14:02:51 GMT+0200 (CEST);Mon Jul 22 2019 12:02:51 GMT+0200 (CEST);1563796971000;4.58;889.51
1380556833984591;50.7;30.5;Mon Jul 22 2019 14:04:15 GMT+0200 (CEST);Mon Jul 22 2019 12:04:15 GMT+0200 (CEST);1563797055000;4.91;889.51
1380556833984591;51.2;30.4;Mon Jul 22 2019 14:05:36 GMT+0200 (CEST);Mon Jul 22 2019 12:05:36 GMT+0200 (CEST);1563797136000;4.55;889.51
1380556833984591;51.2;30.4;Mon Jul 22 2019 14:07:01 GMT+0200 (CEST);Mon Jul 22 2019 12:07:01 GMT+0200 (CEST);1563797221000;4.88;889.51
1380556833984591;51.2;30.3;Mon Jul 22 2019 14:08:35 GMT+0200 (CEST);Mon Jul 22 2019 12:08:35 GMT+0200 (CEST);1563797315000;4.85;889.51
1380556833984591;51.2;30.3;Mon Jul 22 2019 14:09:58 GMT+0200 (CEST);Mon Jul 22 2019 12:09:58 GMT+0200 (CEST);1563797398000;4.88;889.51
1380556833984591;52.7;30.4;Mon Jul 22 2019 14:11:20 GMT+0200 (CEST);Mon Jul 22 2019 12:11:20 GMT+0200 (CEST);1563797480000;4.93;889.51
1380556833984591;52.7;30.5;Mon Jul 22 2019 14:12:43 GMT+0200 (CEST);Mon Jul 22 2019 12:12:43 GMT+0200 (CEST);1563797563000;4.88;889.51
1380556833984591;52.7;30.5;Mon Jul 22 2019 14:14:04 GMT+0200 (CEST);Mon Jul 22 2019 12:14:04 GMT+0200 (CEST);1563797644000;4.87;889.51
1380556833984591;52.7;30.4;Mon Jul 22 2019 14:15:30 GMT+0200 (CEST);Mon Jul 22 2019 12:15:30 GMT+0200 (CEST);1563797730000;4.91;889.51
1380556833984591;52.7;30.2;Mon Jul 22 2019 14:16:53 GMT+0200 (CEST);Mon Jul 22 2019 12:16:53 GMT+0200 (CEST);1563797813000;4.54;889.51
1380556833984591;52.7;30.2;Mon Jul 22 2019 14:18:16 GMT+0200 (CEST);Mon Jul 22 2019 12:18:16 GMT+0200 (CEST);1563797896000;4.36;889.51
1380556833984591;52.7;30.3;Mon Jul 22 2019 14:19:42 GMT+0200 (CEST);Mon Jul 22 2019 12:19:42 GMT+0200 (CEST);1563797982000;4.77;889.51
1380556833984591;52.7;30.4;Mon Jul 22 2019 14:21:38 GMT+0200 (CEST);Mon Jul 22 2019 12:21:38 GMT+0200 (CEST);1563798098000;3.7;889.51
1380556833984591;52.7;28.7;Mon Jul 22 2019 14:23:23 GMT+0200 (CEST);Mon Jul 22 2019 12:23:23 GMT+0200 (CEST);1563798203000;1.43;889.51
1380556833984591;52.7;29.5;Mon Jul 22 2019 14:24:48 GMT+0200 (CEST);Mon Jul 22 2019 12:24:48 GMT+0200 (CEST);1563798288000;4.83;889.51
1380556833984591;52.7;31.2;Mon Jul 22 2019 14:26:11 GMT+0200 (CEST);Mon Jul 22 2019 12:26:11 GMT+0200 (CEST);1563798371000;4.89;889.51
1380556833984591;52.7;29.9;Mon Jul 22 2019 14:27:38 GMT+0200 (CEST);Mon Jul 22 2019 12:27:38 GMT+0200 (CEST);1563798458000;0.76;889.51
1380556833984591;52.7;30.5;Mon Jul 22 2019 14:29:10 GMT+0200 (CEST);Mon Jul 22 2019 12:29:10 GMT+0200 (CEST);1563798550000;4.85;889.51
1380556833984591;51.2;31.3;Mon Jul 22 2019 14:30:43 GMT+0200 (CEST);Mon Jul 22 2019 12:30:43 GMT+0200 (CEST);1563798643000;4.82;889.51
1380556833984591;51.2;31.4;Mon Jul 22 2019 14:32:13 GMT+0200 (CEST);Mon Jul 22 2019 12:32:13 GMT+0200 (CEST);1563798733000;4.77;889.51
1380556833984591;51.2;31.3;Mon Jul 22 2019 14:33:36 GMT+0200 (CEST);Mon Jul 22 2019 12:33:36 GMT+0200 (CEST);1563798816000;3.89;889.51
1380556833984591;51.2;31.3;Mon Jul 22 2019 14:35:02 GMT+0200 (CEST);Mon Jul 22 2019 12:35:02 GMT+0200 (CEST);1563798902000;4.45;889.51
1380556833984591;52.7;30.8;Mon Jul 22 2019 14:36:33 GMT+0200 (CEST);Mon Jul 22 2019 12:36:33 GMT+0200 (CEST);1563798993000;4.53;889.51
1380556833984591;52.7;30.4;Mon Jul 22 2019 14:37:57 GMT+0200 (CEST);Mon Jul 22 2019 12:37:57 GMT+0200 (CEST);1563799077000;4.64;889.51
1380556833984591;52.7;30.8;Mon Jul 22 2019 14:39:20 GMT+0200 (CEST);Mon Jul 22 2019 12:39:20 GMT+0200 (CEST);1563799160000;4.53;889.51
1380556833984591;52.7;31;Mon Jul 22 2019 14:40:46 GMT+0200 (CEST);Mon Jul 22 2019 12:40:46 GMT+0200 (CEST);1563799246000;4.6;889.51
1380556833984591;52.7;30.5;Mon Jul 22 2019 14:42:17 GMT+0200 (CEST);Mon Jul 22 2019 12:42:17 GMT+0200 (CEST);1563799337000;4.49;889.51
1380556833984591;52.7;30.8;Mon Jul 22 2019 14:43:49 GMT+0200 (CEST);Mon Jul 22 2019 12:43:49 GMT+0200 (CEST);1563799429000;4.33;889.51
1380556833984591;52.7;31.1;Mon Jul 22 2019 14:45:10 GMT+0200 (CEST);Mon Jul 22 2019 12:45:10 GMT+0200 (CEST);1563799510000;4.52;889.51
1380556833984591;52.7;31.5;Mon Jul 22 2019 14:46:34 GMT+0200 (CEST);Mon Jul 22 2019 12:46:34 GMT+0200 (CEST);1563799594000;4.36;889.51
1380556833984591;52.7;31.4;Mon Jul 22 2019 14:47:56 GMT+0200 (CEST);Mon Jul 22 2019 12:47:56 GMT+0200 (CEST);1563799676000;4.34;889.51
1380556833984591;52.7;31.2;Mon Jul 22 2019 14:49:19 GMT+0200 (CEST);Mon Jul 22 2019 12:49:19 GMT+0200 (CEST);1563799759000;4.42;889.51
1380556833984591;52.7;31.4;Mon Jul 22 2019 14:50:43 GMT+0200 (CEST);Mon Jul 22 2019 12:50:43 GMT+0200 (CEST);1563799843000;4.49;889.51
1380556833984591;52.7;31.4;Mon Jul 22 2019 14:52:17 GMT+0200 (CEST);Mon Jul 22 2019 12:52:17 GMT+0200 (CEST);1563799937000;4.65;889.51
1380556833984591;52.7;31;Mon Jul 22 2019 14:53:43 GMT+0200 (CEST);Mon Jul 22 2019 12:53:43 GMT+0200 (CEST);1563800023000;4.63;889.51
1380556833984591;52.7;31;Mon Jul 22 2019 14:55:06 GMT+0200 (CEST);Mon Jul 22 2019 12:55:06 GMT+0200 (CEST);1563800106000;3.96;889.51
1380556833984591;52.7;30.8;Mon Jul 22 2019 14:56:31 GMT+0200 (CEST);Mon Jul 22 2019 12:56:31 GMT+0200 (CEST);1563800191000;1.46;889.51
1380556833984591;52.7;31.2;Mon Jul 22 2019 14:57:55 GMT+0200 (CEST);Mon Jul 22 2019 12:57:55 GMT+0200 (CEST);1563800275000;3.31;889.51
1380556833984591;52.7;31.2;Mon Jul 22 2019 14:59:17 GMT+0200 (CEST);Mon Jul 22 2019 12:59:17 GMT+0200 (CEST);1563800357000;4.45;889.51
1380556833984591;52.7;31.3;Mon Jul 22 2019 15:00:40 GMT+0200 (CEST);Mon Jul 22 2019 13:00:40 GMT+0200 (CEST);1563800440000;4.15;889.51
1380556833984591;53.2;31.3;Mon Jul 22 2019 15:02:18 GMT+0200 (CEST);Mon Jul 22 2019 13:02:18 GMT+0200 (CEST);1563800538000;4.46;889.51
1380556833984591;53.2;30.5;Mon Jul 22 2019 15:03:58 GMT+0200 (CEST);Mon Jul 22 2019 13:03:58 GMT+0200 (CEST);1563800638000;4.48;889.51
1380556833984591;53.2;30.1;Mon Jul 22 2019 15:05:20 GMT+0200 (CEST);Mon Jul 22 2019 13:05:20 GMT+0200 (CEST);1563800720000;4.55;889.51
1380556833984591;52.7;30.3;Mon Jul 22 2019 15:07:00 GMT+0200 (CEST);Mon Jul 22 2019 13:07:00 GMT+0200 (CEST);1563800820000;4.42;889.51
1380556833984591;52.7;31.3;Mon Jul 22 2019 15:08:25 GMT+0200 (CEST);Mon Jul 22 2019 13:08:25 GMT+0200 (CEST);1563800905000;4.45;889.51
1380556833984591;52.7;30.3;Mon Jul 22 2019 15:09:46 GMT+0200 (CEST);Mon Jul 22 2019 13:09:46 GMT+0200 (CEST);1563800986000;4.39;889.51
1380556833984591;52.7;30.2;Mon Jul 22 2019 15:11:08 GMT+0200 (CEST);Mon Jul 22 2019 13:11:08 GMT+0200 (CEST);1563801068000;4.25;889.51
1380556833984591;52.7;30.4;Mon Jul 22 2019 15:12:30 GMT+0200 (CEST);Mon Jul 22 2019 13:12:30 GMT+0200 (CEST);1563801150000;4.3;889.51
1380556833984591;52.7;30.4;Mon Jul 22 2019 15:13:54 GMT+0200 (CEST);Mon Jul 22 2019 13:13:54 GMT+0200 (CEST);1563801234000;4.4;889.51
1380556833984591;52.7;30;Mon Jul 22 2019 15:15:18 GMT+0200 (CEST);Mon Jul 22 2019 13:15:18 GMT+0200 (CEST);1563801318000;4.21;889.51
1380556833984591;52.7;30.8;Mon Jul 22 2019 15:16:40 GMT+0200 (CEST);Mon Jul 22 2019 13:16:40 GMT+0200 (CEST);1563801400000;4.15;889.51
1380556833984591;52.7;31.3;Mon Jul 22 2019 15:18:15 GMT+0200 (CEST);Mon Jul 22 2019 13:18:15 GMT+0200 (CEST);1563801495000;4.31;889.51
1380556833984591;52.7;29.8;Mon Jul 22 2019 15:19:37 GMT+0200 (CEST);Mon Jul 22 2019 13:19:37 GMT+0200 (CEST);1563801577000;4.36;889.51
1380556833984591;52.7;29.8;Mon Jul 22 2019 15:21:01 GMT+0200 (CEST);Mon Jul 22 2019 13:21:01 GMT+0200 (CEST);1563801661000;4.35;889.51
1380556833984591;52.7;30.1;Mon Jul 22 2019 15:22:23 GMT+0200 (CEST);Mon Jul 22 2019 13:22:23 GMT+0200 (CEST);1563801743000;4.21;889.51
1380556833984591;52.7;30.5;Mon Jul 22 2019 15:23:46 GMT+0200 (CEST);Mon Jul 22 2019 13:23:46 GMT+0200 (CEST);1563801826000;3.98;889.51
1380556833984591;52.7;30.6;Mon Jul 22 2019 15:25:07 GMT+0200 (CEST);Mon Jul 22 2019 13:25:07 GMT+0200 (CEST);1563801907000;4.2;889.51
1380556833984591;51.2;30;Mon Jul 22 2019 15:26:31 GMT+0200 (CEST);Mon Jul 22 2019 13:26:31 GMT+0200 (CEST);1563801991000;4.22;889.51
1380556833984591;51.2;29.8;Mon Jul 22 2019 15:27:53 GMT+0200 (CEST);Mon Jul 22 2019 13:27:53 GMT+0200 (CEST);1563802073000;4.23;889.51
1380556833984591;51.2;29.8;Mon Jul 22 2019 15:29:16 GMT+0200 (CEST);Mon Jul 22 2019 13:29:16 GMT+0200 (CEST);1563802156000;4.22;889.51
1380556833984591;52.7;29.6;Mon Jul 22 2019 15:30:37 GMT+0200 (CEST);Mon Jul 22 2019 13:30:37 GMT+0200 (CEST);1563802237000;4.1;889.51
1380556833984591;52.7;30.4;Mon Jul 22 2019 15:32:03 GMT+0200 (CEST);Mon Jul 22 2019 13:32:03 GMT+0200 (CEST);1563802323000;4.2;889.51
1380556833984591;52.7;30.5;Mon Jul 22 2019 15:33:31 GMT+0200 (CEST);Mon Jul 22 2019 13:33:31 GMT+0200 (CEST);1563802411000;4.13;889.51
1380556833984591;52.7;30.6;Mon Jul 22 2019 15:34:53 GMT+0200 (CEST);Mon Jul 22 2019 13:34:53 GMT+0200 (CEST);1563802493000;4.15;889.51
1380556833984591;52.7;30.7;Mon Jul 22 2019 15:36:15 GMT+0200 (CEST);Mon Jul 22 2019 13:36:15 GMT+0200 (CEST);1563802575000;4.24;889.51
1380556833984591;52.7;30.3;Mon Jul 22 2019 15:37:52 GMT+0200 (CEST);Mon Jul 22 2019 13:37:52 GMT+0200 (CEST);1563802672000;4.28;889.51
1380556833984591;52.7;30.3;Mon Jul 22 2019 15:39:18 GMT+0200 (CEST);Mon Jul 22 2019 13:39:18 GMT+0200 (CEST);1563802758000;4.21;889.51
1380556833984591;52.7;30.3;Mon Jul 22 2019 15:40:40 GMT+0200 (CEST);Mon Jul 22 2019 13:40:40 GMT+0200 (CEST);1563802840000;4.21;889.51
1380556833984591;52.7;31;Mon Jul 22 2019 15:42:20 GMT+0200 (CEST);Mon Jul 22 2019 13:42:20 GMT+0200 (CEST);1563802940000;4.18;889.51
1380556833984591;52.7;30.8;Mon Jul 22 2019 15:43:44 GMT+0200 (CEST);Mon Jul 22 2019 13:43:44 GMT+0200 (CEST);1563803024000;4.08;889.51
1380556833984591;51.2;31.5;Mon Jul 22 2019 15:45:22 GMT+0200 (CEST);Mon Jul 22 2019 13:45:22 GMT+0200 (CEST);1563803122000;3.98;889.51
1380556833984591;51.2;31.7;Mon Jul 22 2019 15:46:50 GMT+0200 (CEST);Mon Jul 22 2019 13:46:50 GMT+0200 (CEST);1563803210000;3.94;889.51
1380556833984591;51.2;30.1;Mon Jul 22 2019 15:48:18 GMT+0200 (CEST);Mon Jul 22 2019 13:48:18 GMT+0200 (CEST);1563803298000;4.24;889.51
1380556833984591;51.2;30.1;Mon Jul 22 2019 15:49:43 GMT+0200 (CEST);Mon Jul 22 2019 13:49:43 GMT+0200 (CEST);1563803383000;4.28;889.51
1380556833984591;51.2;30.3;Mon Jul 22 2019 15:51:05 GMT+0200 (CEST);Mon Jul 22 2019 13:51:05 GMT+0200 (CEST);1563803465000;4.28;889.51
1380556833984591;51.2;30.6;Mon Jul 22 2019 15:52:29 GMT+0200 (CEST);Mon Jul 22 2019 13:52:29 GMT+0200 (CEST);1563803549000;3.94;889.51
1380556833984591;51.2;30.7;Mon Jul 22 2019 15:54:09 GMT+0200 (CEST);Mon Jul 22 2019 13:54:09 GMT+0200 (CEST);1563803649000;3.9;889.51
1380556833984591;51.2;30.9;Mon Jul 22 2019 15:55:31 GMT+0200 (CEST);Mon Jul 22 2019 13:55:31 GMT+0200 (CEST);1563803731000;3.93;889.51
1380556833984591;51.2;31.1;Mon Jul 22 2019 15:56:57 GMT+0200 (CEST);Mon Jul 22 2019 13:56:57 GMT+0200 (CEST);1563803817000;4.26;889.51
1380556833984591;51.2;30.3;Mon Jul 22 2019 15:59:26 GMT+0200 (CEST);Mon Jul 22 2019 13:59:26 GMT+0200 (CEST);1563803966000;4.41;889.51
1380556833984591;51.2;30.6;Mon Jul 22 2019 16:00:43 GMT+0200 (CEST);Mon Jul 22 2019 14:00:43 GMT+0200 (CEST);1563804043000;4.37;889.51
1380556833984591;51.2;30.6;Mon Jul 22 2019 16:01:59 GMT+0200 (CEST);Mon Jul 22 2019 14:01:59 GMT+0200 (CEST);1563804119000;4.5;889.51
1380556833984591;51.2;30.8;Mon Jul 22 2019 16:03:16 GMT+0200 (CEST);Mon Jul 22 2019 14:03:16 GMT+0200 (CEST);1563804196000;4.57;889.51
1380556833984591;51.2;31;Mon Jul 22 2019 16:04:41 GMT+0200 (CEST);Mon Jul 22 2019 14:04:41 GMT+0200 (CEST);1563804281000;4.35;889.51
1380556833984591;51.2;30.3;Mon Jul 22 2019 16:05:54 GMT+0200 (CEST);Mon Jul 22 2019 14:05:54 GMT+0200 (CEST);1563804354000;4.57;889.51
1380556833984591;51.2;30.3;Mon Jul 22 2019 16:07:10 GMT+0200 (CEST);Mon Jul 22 2019 14:07:10 GMT+0200 (CEST);1563804430000;4.37;889.51
1380556833984591;51.2;31.1;Mon Jul 22 2019 16:08:23 GMT+0200 (CEST);Mon Jul 22 2019 14:08:23 GMT+0200 (CEST);1563804503000;4.21;889.51
1380556833984591;52.7;30.8;Mon Jul 22 2019 16:09:42 GMT+0200 (CEST);Mon Jul 22 2019 14:09:42 GMT+0200 (CEST);1563804582000;4.21;889.51
1380556833984591;52.7;30.8;Mon Jul 22 2019 16:10:55 GMT+0200 (CEST);Mon Jul 22 2019 14:10:55 GMT+0200 (CEST);1563804655000;4.18;889.51
1380556833984591;52.7;30.9;Mon Jul 22 2019 16:12:10 GMT+0200 (CEST);Mon Jul 22 2019 14:12:10 GMT+0200 (CEST);1563804730000;4.42;889.51
1380556833984591;52.7;30.2;Mon Jul 22 2019 16:13:27 GMT+0200 (CEST);Mon Jul 22 2019 14:13:27 GMT+0200 (CEST);1563804807000;4.28;889.51
1380556833984591;52.7;30.2;Mon Jul 22 2019 16:14:40 GMT+0200 (CEST);Mon Jul 22 2019 14:14:40 GMT+0200 (CEST);1563804880000;4.21;889.51
1380556833984591;52.7;30.8;Mon Jul 22 2019 16:16:00 GMT+0200 (CEST);Mon Jul 22 2019 14:16:00 GMT+0200 (CEST);1563804960000;3.15;889.51
1380556833984591;52.7;30.9;Mon Jul 22 2019 16:17:17 GMT+0200 (CEST);Mon Jul 22 2019 14:17:17 GMT+0200 (CEST);1563805037000;3.81;889.51
1380556833984591;52.7;31;Mon Jul 22 2019 16:18:40 GMT+0200 (CEST);Mon Jul 22 2019 14:18:40 GMT+0200 (CEST);1563805120000;3.23;889.51
1380556833984591;52.7;30.6;Mon Jul 22 2019 16:20:16 GMT+0200 (CEST);Mon Jul 22 2019 14:20:16 GMT+0200 (CEST);1563805216000;1.53;889.51
1380556833984591;52.7;30.4;Mon Jul 22 2019 16:21:32 GMT+0200 (CEST);Mon Jul 22 2019 14:21:32 GMT+0200 (CEST);1563805292000;2.24;889.51
1380556833984591;52.7;30.8;Mon Jul 22 2019 16:22:46 GMT+0200 (CEST);Mon Jul 22 2019 14:22:46 GMT+0200 (CEST);1563805366000;1.29;889.51
1380556833984591;50.7;30.7;Mon Jul 22 2019 16:24:32 GMT+0200 (CEST);Mon Jul 22 2019 14:24:32 GMT+0200 (CEST);1563805472000;1.25;889.51
1380556833984591;50.7;31;Mon Jul 22 2019 16:25:48 GMT+0200 (CEST);Mon Jul 22 2019 14:25:48 GMT+0200 (CEST);1563805548000;1.15;889.51
1380556833984591;50.7;31.1;Mon Jul 22 2019 16:27:16 GMT+0200 (CEST);Mon Jul 22 2019 14:27:16 GMT+0200 (CEST);1563805636000;1.12;889.51
1380556833984591;50.7;31.3;Mon Jul 22 2019 16:28:33 GMT+0200 (CEST);Mon Jul 22 2019 14:28:33 GMT+0200 (CEST);1563805713000;1.1;889.51
1380556833984591;47.2;31.5;Mon Jul 22 2019 16:29:47 GMT+0200 (CEST);Mon Jul 22 2019 14:29:47 GMT+0200 (CEST);1563805787000;1.07;889.51
1380556833984591;47.2;31.7;Mon Jul 22 2019 16:31:03 GMT+0200 (CEST);Mon Jul 22 2019 14:31:03 GMT+0200 (CEST);1563805863000;1.03;889.51
1380556833984591;47.2;31.9;Mon Jul 22 2019 16:32:43 GMT+0200 (CEST);Mon Jul 22 2019 14:32:43 GMT+0200 (CEST);1563805963000;1.03;889.51
1380556833984591;44.7;31.9;Mon Jul 22 2019 16:33:56 GMT+0200 (CEST);Mon Jul 22 2019 14:33:56 GMT+0200 (CEST);1563806036000;1.04;889.51
1380556833984591;44.7;31.7;Mon Jul 22 2019 16:35:39 GMT+0200 (CEST);Mon Jul 22 2019 14:35:39 GMT+0200 (CEST);1563806139000;1.03;889.51
1380556833984591;44.7;32;Mon Jul 22 2019 16:36:53 GMT+0200 (CEST);Mon Jul 22 2019 14:36:53 GMT+0200 (CEST);1563806213000;1.03;889.51
1380556833984591;44.7;31.9;Mon Jul 22 2019 16:38:09 GMT+0200 (CEST);Mon Jul 22 2019 14:38:09 GMT+0200 (CEST);1563806289000;1.02;889.51
1380556833984591;42.6;32;Mon Jul 22 2019 16:39:22 GMT+0200 (CEST);Mon Jul 22 2019 14:39:22 GMT+0200 (CEST);1563806362000;1.03;889.51
1380556833984591;42.6;32.1;Mon Jul 22 2019 16:40:36 GMT+0200 (CEST);Mon Jul 22 2019 14:40:36 GMT+0200 (CEST);1563806436000;1.02;889.51
1380556833984591;42.6;32.1;Mon Jul 22 2019 16:41:55 GMT+0200 (CEST);Mon Jul 22 2019 14:41:55 GMT+0200 (CEST);1563806515000;1.05;889.51
1380556833984591;41.1;32.2;Mon Jul 22 2019 16:43:09 GMT+0200 (CEST);Mon Jul 22 2019 14:43:09 GMT+0200 (CEST);1563806589000;1.05;889.51
1380556833984591;41.1;32.4;Mon Jul 22 2019 16:44:21 GMT+0200 (CEST);Mon Jul 22 2019 14:44:21 GMT+0200 (CEST);1563806661000;1.08;889.51
1380556833984591;41.1;32.1;Mon Jul 22 2019 16:45:41 GMT+0200 (CEST);Mon Jul 22 2019 14:45:41 GMT+0200 (CEST);1563806741000;1.14;889.51
1380556833984591;41.1;32.3;Mon Jul 22 2019 16:46:54 GMT+0200 (CEST);Mon Jul 22 2019 14:46:54 GMT+0200 (CEST);1563806814000;1.26;889.51
1380556833984591;39.1;32.5;Mon Jul 22 2019 16:48:30 GMT+0200 (CEST);Mon Jul 22 2019 14:48:30 GMT+0200 (CEST);1563806910000;1.54;889.51
1380556833984591;39.1;33.1;Mon Jul 22 2019 16:50:16 GMT+0200 (CEST);Mon Jul 22 2019 14:50:16 GMT+0200 (CEST);1563807016000;1.78;889.51
1380556833984591;39.1;33.3;Mon Jul 22 2019 16:51:41 GMT+0200 (CEST);Mon Jul 22 2019 14:51:41 GMT+0200 (CEST);1563807101000;1.63;889.51
1380556833984591;39.1;33.3;Mon Jul 22 2019 16:52:54 GMT+0200 (CEST);Mon Jul 22 2019 14:52:54 GMT+0200 (CEST);1563807174000;1.6;889.51
1380556833984591;39.1;32.7;Mon Jul 22 2019 16:54:08 GMT+0200 (CEST);Mon Jul 22 2019 14:54:08 GMT+0200 (CEST);1563807248000;1.53;889.51
1380556833984591;39.1;32.7;Mon Jul 22 2019 16:55:37 GMT+0200 (CEST);Mon Jul 22 2019 14:55:37 GMT+0200 (CEST);1563807337000;1.41;889.51
1380556833984591;39.1;33.2;Mon Jul 22 2019 16:56:51 GMT+0200 (CEST);Mon Jul 22 2019 14:56:51 GMT+0200 (CEST);1563807411000;1.57;889.51
1380556833984591;39.1;33;Mon Jul 22 2019 16:58:04 GMT+0200 (CEST);Mon Jul 22 2019 14:58:04 GMT+0200 (CEST);1563807484000;2.21;889.51
1380556833984591;39.1;32.4;Mon Jul 22 2019 16:59:28 GMT+0200 (CEST);Mon Jul 22 2019 14:59:28 GMT+0200 (CEST);1563807568000;2.83;889.51
1380556833984591;39.1;32.4;Mon Jul 22 2019 17:00:46 GMT+0200 (CEST);Mon Jul 22 2019 15:00:46 GMT+0200 (CEST);1563807646000;3.04;889.51
1380556833984591;39.1;32.1;Mon Jul 22 2019 17:01:59 GMT+0200 (CEST);Mon Jul 22 2019 15:01:59 GMT+0200 (CEST);1563807719000;2.76;889.51
1380556833984591;39.1;31.8;Mon Jul 22 2019 17:03:46 GMT+0200 (CEST);Mon Jul 22 2019 15:03:46 GMT+0200 (CEST);1563807826000;2.59;889.51
1380556833984591;39.1;31.6;Mon Jul 22 2019 17:05:00 GMT+0200 (CEST);Mon Jul 22 2019 15:05:00 GMT+0200 (CEST);1563807900000;2.81;889.51
1380556833984591;39.1;31.9;Mon Jul 22 2019 17:06:13 GMT+0200 (CEST);Mon Jul 22 2019 15:06:13 GMT+0200 (CEST);1563807973000;2.71;889.51
1380556833984591;41.1;32.4;Mon Jul 22 2019 17:07:58 GMT+0200 (CEST);Mon Jul 22 2019 15:07:58 GMT+0200 (CEST);1563808078000;2.63;889.51
1380556833984591;41.1;32.1;Mon Jul 22 2019 17:09:11 GMT+0200 (CEST);Mon Jul 22 2019 15:09:11 GMT+0200 (CEST);1563808151000;2.44;889.51
1380556833984591;41.1;32;Mon Jul 22 2019 17:10:25 GMT+0200 (CEST);Mon Jul 22 2019 15:10:25 GMT+0200 (CEST);1563808225000;2.55;889.51
1380556833984591;41.1;31.3;Mon Jul 22 2019 17:11:43 GMT+0200 (CEST);Mon Jul 22 2019 15:11:43 GMT+0200 (CEST);1563808303000;2.65;889.51
1380556833984591;42.6;31.2;Mon Jul 22 2019 17:12:57 GMT+0200 (CEST);Mon Jul 22 2019 15:12:57 GMT+0200 (CEST);1563808377000;2.56;889.51
1380556833984591;42.6;31.7;Mon Jul 22 2019 17:14:13 GMT+0200 (CEST);Mon Jul 22 2019 15:14:13 GMT+0200 (CEST);1563808453000;2.45;889.51
1380556833984591;42.6;32.3;Mon Jul 22 2019 17:15:28 GMT+0200 (CEST);Mon Jul 22 2019 15:15:28 GMT+0200 (CEST);1563808528000;2.48;889.51
1380556833984591;42.6;31.7;Mon Jul 22 2019 17:16:44 GMT+0200 (CEST);Mon Jul 22 2019 15:16:44 GMT+0200 (CEST);1563808604000;2.54;889.51
1380556833984591;43.1;31.3;Mon Jul 22 2019 17:18:33 GMT+0200 (CEST);Mon Jul 22 2019 15:18:33 GMT+0200 (CEST);1563808713000;2.45;889.51
1380556833984591;43.1;32;Mon Jul 22 2019 17:19:59 GMT+0200 (CEST);Mon Jul 22 2019 15:19:59 GMT+0200 (CEST);1563808799000;2.41;889.51
1380556833984591;43.1;31.9;Mon Jul 22 2019 17:21:12 GMT+0200 (CEST);Mon Jul 22 2019 15:21:12 GMT+0200 (CEST);1563808872000;2.34;889.51
1380556833984591;43.1;32;Mon Jul 22 2019 17:22:55 GMT+0200 (CEST);Mon Jul 22 2019 15:22:55 GMT+0200 (CEST);1563808975000;2.28;889.51
1380556833984591;43.1;32.5;Mon Jul 22 2019 17:24:08 GMT+0200 (CEST);Mon Jul 22 2019 15:24:08 GMT+0200 (CEST);1563809048000;2.24;889.51
1380556833984591;43.1;32.1;Mon Jul 22 2019 17:25:24 GMT+0200 (CEST);Mon Jul 22 2019 15:25:24 GMT+0200 (CEST);1563809124000;2.25;889.51
1380556833984591;43.1;32.1;Mon Jul 22 2019 17:27:08 GMT+0200 (CEST);Mon Jul 22 2019 15:27:08 GMT+0200 (CEST);1563809228000;2.01;889.51
1380556833984591;43.1;32.5;Mon Jul 22 2019 17:28:30 GMT+0200 (CEST);Mon Jul 22 2019 15:28:30 GMT+0200 (CEST);1563809310000;2.08;889.51
1380556833984591;43.1;31.9;Mon Jul 22 2019 17:29:45 GMT+0200 (CEST);Mon Jul 22 2019 15:29:45 GMT+0200 (CEST);1563809385000;2.09;889.51
1380556833984591;43.1;32.1;Mon Jul 22 2019 17:31:00 GMT+0200 (CEST);Mon Jul 22 2019 15:31:00 GMT+0200 (CEST);1563809460000;2.14;889.51
1380556833984591;43.1;32.2;Mon Jul 22 2019 17:32:40 GMT+0200 (CEST);Mon Jul 22 2019 15:32:40 GMT+0200 (CEST);1563809560000;2.04;889.51
1380556833984591;43.1;32.8;Mon Jul 22 2019 17:34:04 GMT+0200 (CEST);Mon Jul 22 2019 15:34:04 GMT+0200 (CEST);1563809644000;2.23;889.51
1380556833984591;43.1;32.1;Mon Jul 22 2019 17:35:23 GMT+0200 (CEST);Mon Jul 22 2019 15:35:23 GMT+0200 (CEST);1563809723000;2.18;889.51
1380556833984591;43.1;32.1;Mon Jul 22 2019 17:36:27 GMT+0200 (CEST);Mon Jul 22 2019 15:36:27 GMT+0200 (CEST);1563809787000;2;889.51
1380556833984591;43.1;32.5;Mon Jul 22 2019 17:37:45 GMT+0200 (CEST);Mon Jul 22 2019 15:37:45 GMT+0200 (CEST);1563809865000;2.08;889.51
1380556833984591;43.1;32.4;Mon Jul 22 2019 17:39:09 GMT+0200 (CEST);Mon Jul 22 2019 15:39:09 GMT+0200 (CEST);1563809949000;2;889.51
1380556833984591;43.1;32.8;Mon Jul 22 2019 17:40:24 GMT+0200 (CEST);Mon Jul 22 2019 15:40:24 GMT+0200 (CEST);1563810024000;1.98;889.51
1380556833984591;43.1;32.3;Mon Jul 22 2019 17:41:41 GMT+0200 (CEST);Mon Jul 22 2019 15:41:41 GMT+0200 (CEST);1563810101000;1.86;889.51
1380556833984591;42.6;32.5;Mon Jul 22 2019 17:42:56 GMT+0200 (CEST);Mon Jul 22 2019 15:42:56 GMT+0200 (CEST);1563810176000;1.85;889.51
1380556833984591;42.6;32.8;Mon Jul 22 2019 17:44:20 GMT+0200 (CEST);Mon Jul 22 2019 15:44:20 GMT+0200 (CEST);1563810260000;1.99;889.51
1380556833984591;42.6;32.4;Mon Jul 22 2019 17:45:52 GMT+0200 (CEST);Mon Jul 22 2019 15:45:52 GMT+0200 (CEST);1563810352000;1.98;889.51
1380556833984591;42.6;32.5;Mon Jul 22 2019 17:47:15 GMT+0200 (CEST);Mon Jul 22 2019 15:47:15 GMT+0200 (CEST);1563810435000;2;889.51
1380556833984591;42.6;32.8;Mon Jul 22 2019 17:48:29 GMT+0200 (CEST);Mon Jul 22 2019 15:48:29 GMT+0200 (CEST);1563810509000;1.91;889.51
1380556833984591;42.6;32.8;Mon Jul 22 2019 17:49:51 GMT+0200 (CEST);Mon Jul 22 2019 15:49:51 GMT+0200 (CEST);1563810591000;1.88;889.51
1380556833984591;42.6;32.9;Mon Jul 22 2019 17:51:15 GMT+0200 (CEST);Mon Jul 22 2019 15:51:15 GMT+0200 (CEST);1563810675000;1.81;889.51
1380556833984591;42.6;32.8;Mon Jul 22 2019 17:52:28 GMT+0200 (CEST);Mon Jul 22 2019 15:52:28 GMT+0200 (CEST);1563810748000;1.81;889.51
1380556833984591;42.6;32.8;Mon Jul 22 2019 17:54:07 GMT+0200 (CEST);Mon Jul 22 2019 15:54:07 GMT+0200 (CEST);1563810847000;1.76;889.51
1380556833984591;42.6;32.7;Mon Jul 22 2019 17:55:20 GMT+0200 (CEST);Mon Jul 22 2019 15:55:20 GMT+0200 (CEST);1563810920000;1.75;889.51
1380556833984591;42.6;33.1;Mon Jul 22 2019 17:56:34 GMT+0200 (CEST);Mon Jul 22 2019 15:56:34 GMT+0200 (CEST);1563810994000;1.75;889.51
1380556833984591;42.6;32.9;Mon Jul 22 2019 17:57:47 GMT+0200 (CEST);Mon Jul 22 2019 15:57:47 GMT+0200 (CEST);1563811067000;1.71;889.51
1380556833984591;42.6;33;Mon Jul 22 2019 17:59:00 GMT+0200 (CEST);Mon Jul 22 2019 15:59:00 GMT+0200 (CEST);1563811140000;1.71;889.51
1380556833984591;42.6;33.1;Mon Jul 22 2019 18:00:12 GMT+0200 (CEST);Mon Jul 22 2019 16:00:12 GMT+0200 (CEST);1563811212000;1.64;889.51
1380556833984591;42.6;32.9;Mon Jul 22 2019 18:01:26 GMT+0200 (CEST);Mon Jul 22 2019 16:01:26 GMT+0200 (CEST);1563811286000;1.6;889.51
1380556833984591;42.6;33.2;Mon Jul 22 2019 18:02:46 GMT+0200 (CEST);Mon Jul 22 2019 16:02:46 GMT+0200 (CEST);1563811366000;1.44;889.51
1380556833984591;42.6;33.1;Mon Jul 22 2019 18:03:59 GMT+0200 (CEST);Mon Jul 22 2019 16:03:59 GMT+0200 (CEST);1563811439000;1.48;889.51
1380556833984591;42.6;33.3;Mon Jul 22 2019 18:05:17 GMT+0200 (CEST);Mon Jul 22 2019 16:05:17 GMT+0200 (CEST);1563811517000;1.52;889.51
1380556833984591;41.6;33.6;Mon Jul 22 2019 18:06:47 GMT+0200 (CEST);Mon Jul 22 2019 16:06:47 GMT+0200 (CEST);1563811607000;1.54;889.51
1380556833984591;41.6;33.4;Mon Jul 22 2019 18:08:10 GMT+0200 (CEST);Mon Jul 22 2019 16:08:10 GMT+0200 (CEST);1563811690000;1.49;889.51
1380556833984591;41.6;33.2;Mon Jul 22 2019 18:09:25 GMT+0200 (CEST);Mon Jul 22 2019 16:09:25 GMT+0200 (CEST);1563811765000;1.49;889.51
1380556833984591;41.6;33;Mon Jul 22 2019 18:10:42 GMT+0200 (CEST);Mon Jul 22 2019 16:10:42 GMT+0200 (CEST);1563811842000;1.39;889.51
1380556833984591;41.1;33.3;Mon Jul 22 2019 18:11:54 GMT+0200 (CEST);Mon Jul 22 2019 16:11:54 GMT+0200 (CEST);1563811914000;1.36;889.51
1380556833984591;41.1;33;Mon Jul 22 2019 18:13:07 GMT+0200 (CEST);Mon Jul 22 2019 16:13:07 GMT+0200 (CEST);1563811987000;1.33;889.51
1380556833984591;41.1;33;Mon Jul 22 2019 18:14:20 GMT+0200 (CEST);Mon Jul 22 2019 16:14:20 GMT+0200 (CEST);1563812060000;1.39;889.51
1380556833984591;41.1;33.1;Mon Jul 22 2019 18:15:33 GMT+0200 (CEST);Mon Jul 22 2019 16:15:33 GMT+0200 (CEST);1563812133000;1.33;889.51
1380556833984591;40.6;33.3;Mon Jul 22 2019 18:16:57 GMT+0200 (CEST);Mon Jul 22 2019 16:16:57 GMT+0200 (CEST);1563812217000;1.32;889.51
1380556833984591;40.6;33.4;Mon Jul 22 2019 18:18:13 GMT+0200 (CEST);Mon Jul 22 2019 16:18:13 GMT+0200 (CEST);1563812293000;1.3;889.51
1380556833984591;40.6;33.3;Mon Jul 22 2019 18:19:19 GMT+0200 (CEST);Mon Jul 22 2019 16:19:19 GMT+0200 (CEST);1563812359000;1.28;889.51
1380556833984591;40.6;33.4;Mon Jul 22 2019 18:20:32 GMT+0200 (CEST);Mon Jul 22 2019 16:20:32 GMT+0200 (CEST);1563812432000;1.22;889.51
1380556833984591;39.1;33.4;Mon Jul 22 2019 18:22:04 GMT+0200 (CEST);Mon Jul 22 2019 16:22:04 GMT+0200 (CEST);1563812524000;1.21;889.51
1380556833984591;39.1;33.3;Mon Jul 22 2019 18:23:17 GMT+0200 (CEST);Mon Jul 22 2019 16:23:17 GMT+0200 (CEST);1563812597000;1.22;889.51
1380556833984591;39.1;33.2;Mon Jul 22 2019 18:24:48 GMT+0200 (CEST);Mon Jul 22 2019 16:24:48 GMT+0200 (CEST);1563812688000;1.2;889.51
1380556833984591;39.1;33.2;Mon Jul 22 2019 18:26:02 GMT+0200 (CEST);Mon Jul 22 2019 16:26:02 GMT+0200 (CEST);1563812762000;1.16;889.51
1380556833984591;39.1;33.3;Mon Jul 22 2019 18:27:19 GMT+0200 (CEST);Mon Jul 22 2019 16:27:19 GMT+0200 (CEST);1563812839000;1.11;889.51
1380556833984591;39.1;33.4;Mon Jul 22 2019 18:28:32 GMT+0200 (CEST);Mon Jul 22 2019 16:28:32 GMT+0200 (CEST);1563812912000;1.11;889.51
1380556833984591;39.1;33.1;Mon Jul 22 2019 18:30:06 GMT+0200 (CEST);Mon Jul 22 2019 16:30:06 GMT+0200 (CEST);1563813006000;1.03;889.51
1380556833984591;39.1;33.2;Mon Jul 22 2019 18:31:19 GMT+0200 (CEST);Mon Jul 22 2019 16:31:19 GMT+0200 (CEST);1563813079000;1;889.51
1380556833984591;39.1;33.3;Mon Jul 22 2019 18:33:15 GMT+0200 (CEST);Mon Jul 22 2019 16:33:15 GMT+0200 (CEST);1563813195000;1.03;889.51
1380556833984591;39.1;33.2;Mon Jul 22 2019 18:34:35 GMT+0200 (CEST);Mon Jul 22 2019 16:34:35 GMT+0200 (CEST);1563813275000;0.99;889.51
1380556833984591;39.1;33.3;Mon Jul 22 2019 18:35:52 GMT+0200 (CEST);Mon Jul 22 2019 16:35:52 GMT+0200 (CEST);1563813352000;0.98;889.51
1380556833984591;39.1;33.3;Mon Jul 22 2019 18:37:59 GMT+0200 (CEST);Mon Jul 22 2019 16:37:59 GMT+0200 (CEST);1563813479000;0.94;889.51
1380556833984591;39.1;33.2;Mon Jul 22 2019 18:39:16 GMT+0200 (CEST);Mon Jul 22 2019 16:39:16 GMT+0200 (CEST);1563813556000;0.93;889.51
1380556833984591;39.1;33.2;Mon Jul 22 2019 18:40:32 GMT+0200 (CEST);Mon Jul 22 2019 16:40:32 GMT+0200 (CEST);1563813632000;0.89;889.51
1380556833984591;39.1;33.2;Mon Jul 22 2019 18:41:45 GMT+0200 (CEST);Mon Jul 22 2019 16:41:45 GMT+0200 (CEST);1563813705000;0.88;889.51
1380556833984591;39.1;33.4;Mon Jul 22 2019 18:42:59 GMT+0200 (CEST);Mon Jul 22 2019 16:42:59 GMT+0200 (CEST);1563813779000;0.86;889.51
1380556833984591;39.1;33.3;Mon Jul 22 2019 18:44:12 GMT+0200 (CEST);Mon Jul 22 2019 16:44:12 GMT+0200 (CEST);1563813852000;0.84;889.51
1380556833984591;39.1;33.2;Mon Jul 22 2019 18:45:25 GMT+0200 (CEST);Mon Jul 22 2019 16:45:25 GMT+0200 (CEST);1563813925000;0.8;889.51
1380556833984591;38.6;33.3;Mon Jul 22 2019 18:46:42 GMT+0200 (CEST);Mon Jul 22 2019 16:46:42 GMT+0200 (CEST);1563814002000;0.79;889.51
1380556833984591;38.6;33.4;Mon Jul 22 2019 18:48:15 GMT+0200 (CEST);Mon Jul 22 2019 16:48:15 GMT+0200 (CEST);1563814095000;0.77;889.51
1380556833984591;38.6;33.2;Mon Jul 22 2019 18:49:28 GMT+0200 (CEST);Mon Jul 22 2019 16:49:28 GMT+0200 (CEST);1563814168000;0.75;889.51
1380556833984591;38.6;33.2;Mon Jul 22 2019 18:50:41 GMT+0200 (CEST);Mon Jul 22 2019 16:50:41 GMT+0200 (CEST);1563814241000;0.72;889.51
1380556833984591;38.6;33.4;Mon Jul 22 2019 18:51:54 GMT+0200 (CEST);Mon Jul 22 2019 16:51:54 GMT+0200 (CEST);1563814314000;0.7;889.51
1380556833984591;38.6;33.4;Mon Jul 22 2019 18:53:18 GMT+0200 (CEST);Mon Jul 22 2019 16:53:18 GMT+0200 (CEST);1563814398000;0.68;889.51
1380556833984591;38.6;33.4;Mon Jul 22 2019 18:54:34 GMT+0200 (CEST);Mon Jul 22 2019 16:54:34 GMT+0200 (CEST);1563814474000;0.67;889.51
1380556833984591;38.6;33.2;Mon Jul 22 2019 18:55:54 GMT+0200 (CEST);Mon Jul 22 2019 16:55:54 GMT+0200 (CEST);1563814554000;0.64;889.51
1380556833984591;38.6;33.3;Mon Jul 22 2019 18:57:26 GMT+0200 (CEST);Mon Jul 22 2019 16:57:26 GMT+0200 (CEST);1563814646000;0.6;889.51
1380556833984591;38.6;33.4;Mon Jul 22 2019 18:58:38 GMT+0200 (CEST);Mon Jul 22 2019 16:58:38 GMT+0200 (CEST);1563814718000;0.58;889.51
1380556833984591;38.6;33.4;Mon Jul 22 2019 18:59:53 GMT+0200 (CEST);Mon Jul 22 2019 16:59:53 GMT+0200 (CEST);1563814793000;0.57;889.51
1380556833984591;37.1;33.3;Mon Jul 22 2019 19:01:06 GMT+0200 (CEST);Mon Jul 22 2019 17:01:06 GMT+0200 (CEST);1563814866000;0.56;889.51
1380556833984591;37.1;33.3;Mon Jul 22 2019 19:02:20 GMT+0200 (CEST);Mon Jul 22 2019 17:02:20 GMT+0200 (CEST);1563814940000;0.54;889.51
1380556833984591;37.1;33.4;Mon Jul 22 2019 19:03:49 GMT+0200 (CEST);Mon Jul 22 2019 17:03:49 GMT+0200 (CEST);1563815029000;0.51;889.51
1380556833984591;36.6;33.4;Mon Jul 22 2019 19:05:27 GMT+0200 (CEST);Mon Jul 22 2019 17:05:27 GMT+0200 (CEST);1563815127000;0.49;889.51
1380556833984591;36.6;33.4;Mon Jul 22 2019 19:06:41 GMT+0200 (CEST);Mon Jul 22 2019 17:06:41 GMT+0200 (CEST);1563815201000;0.47;889.51
1380556833984591;36.6;33.4;Mon Jul 22 2019 19:07:55 GMT+0200 (CEST);Mon Jul 22 2019 17:07:55 GMT+0200 (CEST);1563815275000;0.45;889.51
1380556833984591;36.6;33.7;Mon Jul 22 2019 19:09:14 GMT+0200 (CEST);Mon Jul 22 2019 17:09:14 GMT+0200 (CEST);1563815354000;0.43;889.51
1380556833984591;36.6;33.5;Mon Jul 22 2019 19:10:29 GMT+0200 (CEST);Mon Jul 22 2019 17:10:29 GMT+0200 (CEST);1563815429000;0.42;889.51
1380556833984591;36.6;33.6;Mon Jul 22 2019 19:11:42 GMT+0200 (CEST);Mon Jul 22 2019 17:11:42 GMT+0200 (CEST);1563815502000;0.39;889.51
1380556833984591;36.6;33.5;Mon Jul 22 2019 19:12:56 GMT+0200 (CEST);Mon Jul 22 2019 17:12:56 GMT+0200 (CEST);1563815576000;0.38;889.51
1380556833984591;36.6;33.6;Mon Jul 22 2019 19:14:10 GMT+0200 (CEST);Mon Jul 22 2019 17:14:10 GMT+0200 (CEST);1563815650000;0.36;889.51
1380556833984591;36.6;33.5;Mon Jul 22 2019 19:15:23 GMT+0200 (CEST);Mon Jul 22 2019 17:15:23 GMT+0200 (CEST);1563815723000;0.35;889.51
1380556833984591;36.6;33.6;Mon Jul 22 2019 19:16:41 GMT+0200 (CEST);Mon Jul 22 2019 17:16:41 GMT+0200 (CEST);1563815801000;0.34;889.51
1380556833984591;36.6;33.6;Mon Jul 22 2019 19:17:55 GMT+0200 (CEST);Mon Jul 22 2019 17:17:55 GMT+0200 (CEST);1563815875000;0.32;889.51
1380556833984591;36.6;33.6;Mon Jul 22 2019 19:19:17 GMT+0200 (CEST);Mon Jul 22 2019 17:19:17 GMT+0200 (CEST);1563815957000;0.3;889.51
1380556833984591;36.6;33.5;Mon Jul 22 2019 19:20:31 GMT+0200 (CEST);Mon Jul 22 2019 17:20:31 GMT+0200 (CEST);1563816031000;0.29;889.51
1380556833984591;36.6;33.5;Mon Jul 22 2019 19:21:46 GMT+0200 (CEST);Mon Jul 22 2019 17:21:46 GMT+0200 (CEST);1563816106000;0.26;889.51
1380556833984591;36.6;33.5;Mon Jul 22 2019 19:22:59 GMT+0200 (CEST);Mon Jul 22 2019 17:22:59 GMT+0200 (CEST);1563816179000;0.26;889.51
1380556833984591;36.6;33.4;Mon Jul 22 2019 19:24:29 GMT+0200 (CEST);Mon Jul 22 2019 17:24:29 GMT+0200 (CEST);1563816269000;0.24;889.51
1380556833984591;36.6;33.3;Mon Jul 22 2019 19:25:42 GMT+0200 (CEST);Mon Jul 22 2019 17:25:42 GMT+0200 (CEST);1563816342000;0.23;889.51
1380556833984591;35.1;33.3;Mon Jul 22 2019 19:26:58 GMT+0200 (CEST);Mon Jul 22 2019 17:26:58 GMT+0200 (CEST);1563816418000;0.21;889.51
1380556833984591;35.1;33.2;Mon Jul 22 2019 19:28:13 GMT+0200 (CEST);Mon Jul 22 2019 17:28:13 GMT+0200 (CEST);1563816493000;0.21;889.51
1380556833984591;35.1;33;Mon Jul 22 2019 19:29:26 GMT+0200 (CEST);Mon Jul 22 2019 17:29:26 GMT+0200 (CEST);1563816566000;0.19;889.51
1380556833984591;35.1;33;Mon Jul 22 2019 19:30:42 GMT+0200 (CEST);Mon Jul 22 2019 17:30:42 GMT+0200 (CEST);1563816642000;0.18;889.51
1380556833984591;34.6;33;Mon Jul 22 2019 19:31:55 GMT+0200 (CEST);Mon Jul 22 2019 17:31:55 GMT+0200 (CEST);1563816715000;0.17;889.51
1380556833984591;34.6;33;Mon Jul 22 2019 19:33:07 GMT+0200 (CEST);Mon Jul 22 2019 17:33:07 GMT+0200 (CEST);1563816787000;0.16;889.51
1380556833984591;34.6;32.9;Mon Jul 22 2019 19:34:20 GMT+0200 (CEST);Mon Jul 22 2019 17:34:20 GMT+0200 (CEST);1563816860000;0.15;889.51
1380556833984591;34.6;32.7;Mon Jul 22 2019 19:35:51 GMT+0200 (CEST);Mon Jul 22 2019 17:35:51 GMT+0200 (CEST);1563816951000;0.14;889.51
1380556833984591;34.6;32.7;Mon Jul 22 2019 19:37:14 GMT+0200 (CEST);Mon Jul 22 2019 17:37:14 GMT+0200 (CEST);1563817034000;0.13;889.51
1380556833984591;34.6;32.6;Mon Jul 22 2019 19:38:31 GMT+0200 (CEST);Mon Jul 22 2019 17:38:31 GMT+0200 (CEST);1563817111000;0.13;889.51
1380556833984591;34.6;32.6;Mon Jul 22 2019 19:39:47 GMT+0200 (CEST);Mon Jul 22 2019 17:39:47 GMT+0200 (CEST);1563817187000;0.12;889.51
1380556833984591;34.6;32.6;Mon Jul 22 2019 19:41:01 GMT+0200 (CEST);Mon Jul 22 2019 17:41:01 GMT+0200 (CEST);1563817261000;0.11;889.51
1380556833984591;34.6;32.5;Mon Jul 22 2019 19:42:19 GMT+0200 (CEST);Mon Jul 22 2019 17:42:19 GMT+0200 (CEST);1563817339000;0.11;889.51
1380556833984591;34.6;32.1;Mon Jul 22 2019 19:43:32 GMT+0200 (CEST);Mon Jul 22 2019 17:43:32 GMT+0200 (CEST);1563817412000;0.1;889.51
1380556833984591;34.6;31.9;Mon Jul 22 2019 19:44:51 GMT+0200 (CEST);Mon Jul 22 2019 17:44:51 GMT+0200 (CEST);1563817491000;0.1;889.51
1380556833984591;32.1;31.7;Mon Jul 22 2019 19:46:06 GMT+0200 (CEST);Mon Jul 22 2019 17:46:06 GMT+0200 (CEST);1563817566000;0.09;889.51
1380556833984591;32.1;31.5;Mon Jul 22 2019 19:47:20 GMT+0200 (CEST);Mon Jul 22 2019 17:47:20 GMT+0200 (CEST);1563817640000;0.09;889.51
1380556833984591;32.1;31.5;Mon Jul 22 2019 19:48:48 GMT+0200 (CEST);Mon Jul 22 2019 17:48:48 GMT+0200 (CEST);1563817728000;0.08;889.51
1380556833984591;32.1;31.3;Mon Jul 22 2019 19:50:01 GMT+0200 (CEST);Mon Jul 22 2019 17:50:01 GMT+0200 (CEST);1563817801000;0.08;889.51
1380556833984591;32.1;31.2;Mon Jul 22 2019 19:51:30 GMT+0200 (CEST);Mon Jul 22 2019 17:51:30 GMT+0200 (CEST);1563817890000;0.07;889.51
1380556833984591;32.1;31;Mon Jul 22 2019 19:52:51 GMT+0200 (CEST);Mon Jul 22 2019 17:52:51 GMT+0200 (CEST);1563817971000;0.07;889.51
1380556833984591;32.1;31;Mon Jul 22 2019 19:54:04 GMT+0200 (CEST);Mon Jul 22 2019 17:54:04 GMT+0200 (CEST);1563818044000;0.08;889.51
1380556833984591;32.1;30.5;Mon Jul 22 2019 19:55:24 GMT+0200 (CEST);Mon Jul 22 2019 17:55:24 GMT+0200 (CEST);1563818124000;0.07;889.51
1380556833984591;32.1;30.5;Mon Jul 22 2019 19:56:41 GMT+0200 (CEST);Mon Jul 22 2019 17:56:41 GMT+0200 (CEST);1563818201000;0.07;889.51
1380556833984591;32.1;30.3;Mon Jul 22 2019 19:58:08 GMT+0200 (CEST);Mon Jul 22 2019 17:58:08 GMT+0200 (CEST);1563818288000;0.07;889.51
1380556833984591;32.1;30.2;Mon Jul 22 2019 19:59:21 GMT+0200 (CEST);Mon Jul 22 2019 17:59:21 GMT+0200 (CEST);1563818361000;0.07;889.51
1380556833984591;31.1;30.4;Mon Jul 22 2019 20:00:46 GMT+0200 (CEST);Mon Jul 22 2019 18:00:46 GMT+0200 (CEST);1563818446000;0.07;889.51
1380556833984591;31.1;30;Mon Jul 22 2019 20:01:58 GMT+0200 (CEST);Mon Jul 22 2019 18:01:58 GMT+0200 (CEST);1563818518000;0.06;889.51
1380556833984591;31.1;30.2;Mon Jul 22 2019 20:03:58 GMT+0200 (CEST);Mon Jul 22 2019 18:03:58 GMT+0200 (CEST);1563818638000;0.06;889.51
1380556833984591;31.1;30.5;Mon Jul 22 2019 20:05:14 GMT+0200 (CEST);Mon Jul 22 2019 18:05:14 GMT+0200 (CEST);1563818714000;0.06;889.51
1380556833984591;31.1;29.9;Mon Jul 22 2019 20:06:33 GMT+0200 (CEST);Mon Jul 22 2019 18:06:33 GMT+0200 (CEST);1563818793000;0.06;889.51
1380556833984591;31.1;29.5;Mon Jul 22 2019 20:07:46 GMT+0200 (CEST);Mon Jul 22 2019 18:07:46 GMT+0200 (CEST);1563818866000;0.06;889.51
1380556833984591;31.1;29.8;Mon Jul 22 2019 20:09:00 GMT+0200 (CEST);Mon Jul 22 2019 18:09:00 GMT+0200 (CEST);1563818940000;0.05;889.51
1380556833984591;31.1;29.6;Mon Jul 22 2019 20:10:18 GMT+0200 (CEST);Mon Jul 22 2019 18:10:18 GMT+0200 (CEST);1563819018000;0.05;889.51
1380556833984591;31.1;29.6;Mon Jul 22 2019 20:11:30 GMT+0200 (CEST);Mon Jul 22 2019 18:11:30 GMT+0200 (CEST);1563819090000;0.05;889.51
1380556833984591;31.1;29.7;Mon Jul 22 2019 20:12:43 GMT+0200 (CEST);Mon Jul 22 2019 18:12:43 GMT+0200 (CEST);1563819163000;0.05;889.51
1380556833984591;31.1;29.6;Mon Jul 22 2019 20:13:57 GMT+0200 (CEST);Mon Jul 22 2019 18:13:57 GMT+0200 (CEST);1563819237000;0.05;889.51
1380556833984591;30.5;29.6;Mon Jul 22 2019 20:15:10 GMT+0200 (CEST);Mon Jul 22 2019 18:15:10 GMT+0200 (CEST);1563819310000;0.04;889.51
1380556833984591;30.5;29.6;Mon Jul 22 2019 20:16:23 GMT+0200 (CEST);Mon Jul 22 2019 18:16:23 GMT+0200 (CEST);1563819383000;0.04;889.51
1380556833984591;30.5;29.5;Mon Jul 22 2019 20:18:06 GMT+0200 (CEST);Mon Jul 22 2019 18:18:06 GMT+0200 (CEST);1563819486000;0.04;889.51
1380556833984591;30.5;29.6;Mon Jul 22 2019 20:19:24 GMT+0200 (CEST);Mon Jul 22 2019 18:19:24 GMT+0200 (CEST);1563819564000;0.04;889.51
1380556833984591;30.5;29.7;Mon Jul 22 2019 20:20:37 GMT+0200 (CEST);Mon Jul 22 2019 18:20:37 GMT+0200 (CEST);1563819637000;0.04;889.51
1380556833984591;30.5;29.7;Mon Jul 22 2019 20:21:54 GMT+0200 (CEST);Mon Jul 22 2019 18:21:54 GMT+0200 (CEST);1563819714000;0.03;889.51
1380556833984591;30.5;29.5;Mon Jul 22 2019 20:23:08 GMT+0200 (CEST);Mon Jul 22 2019 18:23:08 GMT+0200 (CEST);1563819788000;0.03;889.51
1380556833984591;30.5;29.7;Mon Jul 22 2019 20:24:36 GMT+0200 (CEST);Mon Jul 22 2019 18:24:36 GMT+0200 (CEST);1563819876000;0.03;889.51
1380556833984591;30.5;29.6;Mon Jul 22 2019 20:25:49 GMT+0200 (CEST);Mon Jul 22 2019 18:25:49 GMT+0200 (CEST);1563819949000;0.02;889.51
1380556833984591;30.5;29.3;Mon Jul 22 2019 20:27:03 GMT+0200 (CEST);Mon Jul 22 2019 18:27:03 GMT+0200 (CEST);1563820023000;0.02;889.51
1380556833984591;30.5;29.3;Mon Jul 22 2019 20:28:16 GMT+0200 (CEST);Mon Jul 22 2019 18:28:16 GMT+0200 (CEST);1563820096000;0.02;889.51
1380556833984591;30.5;29.3;Mon Jul 22 2019 20:29:33 GMT+0200 (CEST);Mon Jul 22 2019 18:29:33 GMT+0200 (CEST);1563820173000;0.01;889.51
1380556833984591;30.5;29.1;Mon Jul 22 2019 20:30:46 GMT+0200 (CEST);Mon Jul 22 2019 18:30:46 GMT+0200 (CEST);1563820246000;0.01;889.51
1380556833984591;30.5;28.4;Mon Jul 22 2019 20:31:59 GMT+0200 (CEST);Mon Jul 22 2019 18:31:59 GMT+0200 (CEST);1563820319000;0.01;889.51
1380556833984591;30.5;29;Mon Jul 22 2019 20:33:13 GMT+0200 (CEST);Mon Jul 22 2019 18:33:13 GMT+0200 (CEST);1563820393000;0.01;889.51
1380556833984591;30.5;28.3;Mon Jul 22 2019 20:34:28 GMT+0200 (CEST);Mon Jul 22 2019 18:34:28 GMT+0200 (CEST);1563820468000;0.01;889.51
1380556833984591;29;28.3;Mon Jul 22 2019 20:35:42 GMT+0200 (CEST);Mon Jul 22 2019 18:35:42 GMT+0200 (CEST);1563820542000;0.01;889.51
1380556833984591;29;25.3;Mon Jul 22 2019 20:37:35 GMT+0200 (CEST);Mon Jul 22 2019 18:37:35 GMT+0200 (CEST);1563820655000;0;889.51
1380556833984591;29;27.5;Mon Jul 22 2019 20:38:58 GMT+0200 (CEST);Mon Jul 22 2019 18:38:58 GMT+0200 (CEST);1563820738000;0;889.51
1380556833984591;28.5;27.1;Mon Jul 22 2019 20:40:11 GMT+0200 (CEST);Mon Jul 22 2019 18:40:11 GMT+0200 (CEST);1563820811000;0;889.51
1380556833984591;28.5;27.2;Mon Jul 22 2019 20:41:24 GMT+0200 (CEST);Mon Jul 22 2019 18:41:24 GMT+0200 (CEST);1563820884000;0;889.51
1380556833984591;28.5;27.6;Mon Jul 22 2019 20:42:32 GMT+0200 (CEST);Mon Jul 22 2019 18:42:32 GMT+0200 (CEST);1563820952000;0;889.51
1380556833984591;28.5;27.8;Mon Jul 22 2019 20:43:46 GMT+0200 (CEST);Mon Jul 22 2019 18:43:46 GMT+0200 (CEST);1563821026000;0;889.51
1380556833984591;28.5;28.1;Mon Jul 22 2019 20:44:59 GMT+0200 (CEST);Mon Jul 22 2019 18:44:59 GMT+0200 (CEST);1563821099000;0;889.51
1380556833984591;28.5;27.6;Mon Jul 22 2019 20:46:16 GMT+0200 (CEST);Mon Jul 22 2019 18:46:16 GMT+0200 (CEST);1563821176000;0;889.51
1380556833984591;28.5;27.2;Mon Jul 22 2019 20:47:37 GMT+0200 (CEST);Mon Jul 22 2019 18:47:37 GMT+0200 (CEST);1563821257000;0;889.51
1380556833984591;28.5;27.3;Mon Jul 22 2019 20:48:55 GMT+0200 (CEST);Mon Jul 22 2019 18:48:55 GMT+0200 (CEST);1563821335000;0;889.51
1380556833984591;27;26.9;Mon Jul 22 2019 20:50:09 GMT+0200 (CEST);Mon Jul 22 2019 18:50:09 GMT+0200 (CEST);1563821409000;0;889.51
1380556833984591;27;26.4;Mon Jul 22 2019 20:51:32 GMT+0200 (CEST);Mon Jul 22 2019 18:51:32 GMT+0200 (CEST);1563821492000;0;889.51
1380556833984591;27;26.4;Mon Jul 22 2019 20:53:10 GMT+0200 (CEST);Mon Jul 22 2019 18:53:10 GMT+0200 (CEST);1563821590000;0;889.51
1380556833984591;27;26.2;Mon Jul 22 2019 20:54:22 GMT+0200 (CEST);Mon Jul 22 2019 18:54:22 GMT+0200 (CEST);1563821662000;0;889.51
1380556833984591;27;25.5;Mon Jul 22 2019 20:55:37 GMT+0200 (CEST);Mon Jul 22 2019 18:55:37 GMT+0200 (CEST);1563821737000;0;889.51
1380556833984591;27;25.3;Mon Jul 22 2019 20:56:49 GMT+0200 (CEST);Mon Jul 22 2019 18:56:49 GMT+0200 (CEST);1563821809000;0;889.51
1380556833984591;27;25.8;Mon Jul 22 2019 20:58:04 GMT+0200 (CEST);Mon Jul 22 2019 18:58:04 GMT+0200 (CEST);1563821884000;0;889.51
1380556833984591;26.5;26.2;Mon Jul 22 2019 20:59:17 GMT+0200 (CEST);Mon Jul 22 2019 18:59:17 GMT+0200 (CEST);1563821957000;0;889.51
1380556833984591;26.5;27.3;Mon Jul 22 2019 21:00:48 GMT+0200 (CEST);Mon Jul 22 2019 19:00:48 GMT+0200 (CEST);1563822048000;0;889.51
1380556833984591;26.5;29.4;Mon Jul 22 2019 21:02:02 GMT+0200 (CEST);Mon Jul 22 2019 19:02:02 GMT+0200 (CEST);1563822122000;0;889.51
1380556833984591;26.5;30.5;Mon Jul 22 2019 21:03:14 GMT+0200 (CEST);Mon Jul 22 2019 19:03:14 GMT+0200 (CEST);1563822194000;0;889.51
1380556833984591;27;30.2;Mon Jul 22 2019 21:04:28 GMT+0200 (CEST);Mon Jul 22 2019 19:04:28 GMT+0200 (CEST);1563822268000;0;889.51
1380556833984591;27;29.7;Mon Jul 22 2019 21:05:46 GMT+0200 (CEST);Mon Jul 22 2019 19:05:46 GMT+0200 (CEST);1563822346000;0;889.51
1380556833984591;27;29.3;Mon Jul 22 2019 21:07:05 GMT+0200 (CEST);Mon Jul 22 2019 19:07:05 GMT+0200 (CEST);1563822425000;0;889.51
1380556833984591;27;28.4;Mon Jul 22 2019 21:08:19 GMT+0200 (CEST);Mon Jul 22 2019 19:08:19 GMT+0200 (CEST);1563822499000;0;889.51
1380556833984591;27;28.4;Mon Jul 22 2019 21:09:32 GMT+0200 (CEST);Mon Jul 22 2019 19:09:32 GMT+0200 (CEST);1563822572000;0;889.51
1380556833984591;27;28.4;Mon Jul 22 2019 21:10:51 GMT+0200 (CEST);Mon Jul 22 2019 19:10:51 GMT+0200 (CEST);1563822651000;0;889.51
1380556833984591;27;28.4;Mon Jul 22 2019 21:12:18 GMT+0200 (CEST);Mon Jul 22 2019 19:12:18 GMT+0200 (CEST);1563822738000;0;889.51
1380556833984591;27;28.4;Mon Jul 22 2019 21:13:31 GMT+0200 (CEST);Mon Jul 22 2019 19:13:31 GMT+0200 (CEST);1563822811000;0;889.51
1380556833984591;-273.2;25.9;Tue Jul 23 2019 05:31:07 GMT+0200 (CEST);Tue Jul 23 2019 03:31:07 GMT+0200 (CEST);1563852667000;0;889.51
1380556833984591;-273.2;25.9;Tue Jul 23 2019 05:32:20 GMT+0200 (CEST);Tue Jul 23 2019 03:32:20 GMT+0200 (CEST);1563852740000;0;889.51
1380556833984591;-273.2;25.9;Tue Jul 23 2019 05:33:34 GMT+0200 (CEST);Tue Jul 23 2019 03:33:34 GMT+0200 (CEST);1563852814000;0;889.51
1380556833984591;-273.2;25.9;Tue Jul 23 2019 05:35:01 GMT+0200 (CEST);Tue Jul 23 2019 03:35:01 GMT+0200 (CEST);1563852901000;0;889.51
1380556833984591;-273.2;34.1;Tue Jul 23 2019 05:56:22 GMT+0200 (CEST);Tue Jul 23 2019 03:56:22 GMT+0200 (CEST);1563854182000;0;889.51
1380556833984591;-273.2;28.7;Tue Jul 23 2019 05:57:35 GMT+0200 (CEST);Tue Jul 23 2019 03:57:35 GMT+0200 (CEST);1563854255000;0;889.51
1380556833984591;14.4;28;Tue Jul 23 2019 05:58:48 GMT+0200 (CEST);Tue Jul 23 2019 03:58:48 GMT+0200 (CEST);1563854328000;0;889.51
1380556833984591;14.4;28.2;Tue Jul 23 2019 06:00:01 GMT+0200 (CEST);Tue Jul 23 2019 04:00:01 GMT+0200 (CEST);1563854401000;0;889.51
1380556833984591;14.4;30.4;Tue Jul 23 2019 06:01:14 GMT+0200 (CEST);Tue Jul 23 2019 04:01:14 GMT+0200 (CEST);1563854474000;0;889.51
1380556833984591;15.9;30.5;Tue Jul 23 2019 06:02:27 GMT+0200 (CEST);Tue Jul 23 2019 04:02:27 GMT+0200 (CEST);1563854547000;0;889.51
1380556833984591;15.9;30.9;Tue Jul 23 2019 06:03:51 GMT+0200 (CEST);Tue Jul 23 2019 04:03:51 GMT+0200 (CEST);1563854631000;0;889.51
1380556833984591;15.9;32.3;Tue Jul 23 2019 06:05:51 GMT+0200 (CEST);Tue Jul 23 2019 04:05:51 GMT+0200 (CEST);1563854751000;0;889.51
1380556833984591;18.5;33;Tue Jul 23 2019 06:07:07 GMT+0200 (CEST);Tue Jul 23 2019 04:07:07 GMT+0200 (CEST);1563854827000;0;889.51
1380556833984591;18.5;34.3;Tue Jul 23 2019 06:08:21 GMT+0200 (CEST);Tue Jul 23 2019 04:08:21 GMT+0200 (CEST);1563854901000;0;889.51
1380556833984591;18.5;30.7;Tue Jul 23 2019 06:09:34 GMT+0200 (CEST);Tue Jul 23 2019 04:09:34 GMT+0200 (CEST);1563854974000;0.01;889.51
1380556833984591;18.5;29.7;Tue Jul 23 2019 06:10:54 GMT+0200 (CEST);Tue Jul 23 2019 04:10:54 GMT+0200 (CEST);1563855054000;0.01;889.51
1380556833984591;18.5;30.6;Tue Jul 23 2019 06:12:08 GMT+0200 (CEST);Tue Jul 23 2019 04:12:08 GMT+0200 (CEST);1563855128000;0.01;889.51
1380556833984591;18.5;30.5;Tue Jul 23 2019 06:13:21 GMT+0200 (CEST);Tue Jul 23 2019 04:13:21 GMT+0200 (CEST);1563855201000;0.01;889.51
1380556833984591;18.5;30.9;Tue Jul 23 2019 06:14:40 GMT+0200 (CEST);Tue Jul 23 2019 04:14:40 GMT+0200 (CEST);1563855280000;0.01;889.51
1380556833984591;18.5;30.5;Tue Jul 23 2019 06:15:58 GMT+0200 (CEST);Tue Jul 23 2019 04:15:58 GMT+0200 (CEST);1563855358000;0.02;889.51
1380556833984591;18.5;30.5;Tue Jul 23 2019 06:17:11 GMT+0200 (CEST);Tue Jul 23 2019 04:17:11 GMT+0200 (CEST);1563855431000;0.02;889.51
1380556833984591;18.5;30.4;Tue Jul 23 2019 06:18:31 GMT+0200 (CEST);Tue Jul 23 2019 04:18:31 GMT+0200 (CEST);1563855511000;0.02;889.51
1380556833984591;18.5;30.4;Tue Jul 23 2019 06:19:45 GMT+0200 (CEST);Tue Jul 23 2019 04:19:45 GMT+0200 (CEST);1563855585000;0.03;889.51
1380556833984591;18.5;30.4;Tue Jul 23 2019 06:21:12 GMT+0200 (CEST);Tue Jul 23 2019 04:21:12 GMT+0200 (CEST);1563855672000;0.03;889.51
1380556833984591;18.5;30.4;Tue Jul 23 2019 06:22:29 GMT+0200 (CEST);Tue Jul 23 2019 04:22:29 GMT+0200 (CEST);1563855749000;0.03;889.51
1380556833984591;18.5;30.3;Tue Jul 23 2019 06:23:44 GMT+0200 (CEST);Tue Jul 23 2019 04:23:44 GMT+0200 (CEST);1563855824000;0.03;889.51
1380556833984591;18.5;30.2;Tue Jul 23 2019 06:24:57 GMT+0200 (CEST);Tue Jul 23 2019 04:24:57 GMT+0200 (CEST);1563855897000;0.04;889.51
1380556833984591;18.5;30.2;Tue Jul 23 2019 06:26:10 GMT+0200 (CEST);Tue Jul 23 2019 04:26:10 GMT+0200 (CEST);1563855970000;0.04;889.51
1380556833984591;18.5;30.1;Tue Jul 23 2019 06:27:23 GMT+0200 (CEST);Tue Jul 23 2019 04:27:23 GMT+0200 (CEST);1563856043000;0.04;889.51
1380556833984591;18.5;30.1;Tue Jul 23 2019 06:28:46 GMT+0200 (CEST);Tue Jul 23 2019 04:28:46 GMT+0200 (CEST);1563856126000;0.04;889.51
1380556833984591;18.5;30;Tue Jul 23 2019 06:30:07 GMT+0200 (CEST);Tue Jul 23 2019 04:30:07 GMT+0200 (CEST);1563856207000;0.05;889.51
1380556833984591;18.5;30;Tue Jul 23 2019 06:31:20 GMT+0200 (CEST);Tue Jul 23 2019 04:31:20 GMT+0200 (CEST);1563856280000;0.05;889.51
1380556833984591;18.5;29.9;Tue Jul 23 2019 06:32:39 GMT+0200 (CEST);Tue Jul 23 2019 04:32:39 GMT+0200 (CEST);1563856359000;0.05;889.51
1380556833984591;18.5;29.9;Tue Jul 23 2019 06:33:53 GMT+0200 (CEST);Tue Jul 23 2019 04:33:53 GMT+0200 (CEST);1563856433000;0.05;889.51
1380556833984591;18.5;29.9;Tue Jul 23 2019 06:35:07 GMT+0200 (CEST);Tue Jul 23 2019 04:35:07 GMT+0200 (CEST);1563856507000;0.05;889.51
1380556833984591;18.5;29.8;Tue Jul 23 2019 06:36:22 GMT+0200 (CEST);Tue Jul 23 2019 04:36:22 GMT+0200 (CEST);1563856582000;0.06;889.51
1380556833984591;18.5;29.7;Tue Jul 23 2019 06:38:05 GMT+0200 (CEST);Tue Jul 23 2019 04:38:05 GMT+0200 (CEST);1563856685000;0.06;889.51
1380556833984591;18.5;29.5;Tue Jul 23 2019 06:39:31 GMT+0200 (CEST);Tue Jul 23 2019 04:39:31 GMT+0200 (CEST);1563856771000;0.06;889.51
1380556833984591;18.5;29.5;Tue Jul 23 2019 06:40:45 GMT+0200 (CEST);Tue Jul 23 2019 04:40:45 GMT+0200 (CEST);1563856845000;0.06;889.51
1380556833984591;18.5;29.5;Tue Jul 23 2019 06:41:58 GMT+0200 (CEST);Tue Jul 23 2019 04:41:58 GMT+0200 (CEST);1563856918000;0.06;889.51
1380556833984591;18.5;29.8;Tue Jul 23 2019 06:43:13 GMT+0200 (CEST);Tue Jul 23 2019 04:43:13 GMT+0200 (CEST);1563856993000;0.07;889.51
1380556833984591;18.5;26.8;Tue Jul 23 2019 06:44:29 GMT+0200 (CEST);Tue Jul 23 2019 04:44:29 GMT+0200 (CEST);1563857069000;0.08;889.51
1380556833984591;18.5;24.8;Tue Jul 23 2019 06:45:47 GMT+0200 (CEST);Tue Jul 23 2019 04:45:47 GMT+0200 (CEST);1563857147000;0.09;889.51
1380556833984591;15.9;23.4;Tue Jul 23 2019 06:47:00 GMT+0200 (CEST);Tue Jul 23 2019 04:47:00 GMT+0200 (CEST);1563857220000;0.09;889.51
1380556833984591;15.9;33;Tue Jul 23 2019 06:48:15 GMT+0200 (CEST);Tue Jul 23 2019 04:48:15 GMT+0200 (CEST);1563857295000;0.1;889.51
1380556833984591;15.9;33.3;Tue Jul 23 2019 06:49:28 GMT+0200 (CEST);Tue Jul 23 2019 04:49:28 GMT+0200 (CEST);1563857368000;0.1;889.51
1380556833984591;15.9;30.4;Tue Jul 23 2019 06:50:45 GMT+0200 (CEST);Tue Jul 23 2019 04:50:45 GMT+0200 (CEST);1563857445000;0.11;889.51
1380556833984591;15.9;29.7;Tue Jul 23 2019 06:52:01 GMT+0200 (CEST);Tue Jul 23 2019 04:52:01 GMT+0200 (CEST);1563857521000;0.12;889.51
1380556833984591;15.9;22.6;Tue Jul 23 2019 06:53:37 GMT+0200 (CEST);Tue Jul 23 2019 04:53:37 GMT+0200 (CEST);1563857617000;0.16;889.51
1380556833984591;15.9;20.8;Tue Jul 23 2019 06:54:53 GMT+0200 (CEST);Tue Jul 23 2019 04:54:53 GMT+0200 (CEST);1563857693000;0.23;889.51
1380556833984591;15.9;21.9;Tue Jul 23 2019 06:56:06 GMT+0200 (CEST);Tue Jul 23 2019 04:56:06 GMT+0200 (CEST);1563857766000;0.27;889.51
1380556833984591;15.9;24.3;Tue Jul 23 2019 06:57:20 GMT+0200 (CEST);Tue Jul 23 2019 04:57:20 GMT+0200 (CEST);1563857840000;0.27;889.51
1380556833984591;15.9;29.7;Tue Jul 23 2019 06:58:34 GMT+0200 (CEST);Tue Jul 23 2019 04:58:34 GMT+0200 (CEST);1563857914000;0.31;889.51
1380556833984591;15.9;33.2;Tue Jul 23 2019 06:59:51 GMT+0200 (CEST);Tue Jul 23 2019 04:59:51 GMT+0200 (CEST);1563857991000;0.33;889.51
1380556833984591;19;33.1;Tue Jul 23 2019 07:01:13 GMT+0200 (CEST);Tue Jul 23 2019 05:01:13 GMT+0200 (CEST);1563858073000;0.35;889.51
1380556833984591;19;33.3;Tue Jul 23 2019 07:02:31 GMT+0200 (CEST);Tue Jul 23 2019 05:02:31 GMT+0200 (CEST);1563858151000;0.36;889.51
1380556833984591;19;33;Tue Jul 23 2019 07:03:46 GMT+0200 (CEST);Tue Jul 23 2019 05:03:46 GMT+0200 (CEST);1563858226000;0.38;889.51
1380556833984591;19;33;Tue Jul 23 2019 07:05:00 GMT+0200 (CEST);Tue Jul 23 2019 05:05:00 GMT+0200 (CEST);1563858300000;0.4;889.51
1380556833984591;20.5;33;Tue Jul 23 2019 07:06:13 GMT+0200 (CEST);Tue Jul 23 2019 05:06:13 GMT+0200 (CEST);1563858373000;0.42;889.51
1380556833984591;20.5;33.1;Tue Jul 23 2019 07:07:43 GMT+0200 (CEST);Tue Jul 23 2019 05:07:43 GMT+0200 (CEST);1563858463000;0.43;889.51
1380556833984591;20.5;29.8;Tue Jul 23 2019 07:09:35 GMT+0200 (CEST);Tue Jul 23 2019 05:09:35 GMT+0200 (CEST);1563858575000;0.49;889.51
1380556833984591;20.5;21;Tue Jul 23 2019 07:10:48 GMT+0200 (CEST);Tue Jul 23 2019 05:10:48 GMT+0200 (CEST);1563858648000;0.51;889.51
1380556833984591;20.5;18.8;Tue Jul 23 2019 07:12:01 GMT+0200 (CEST);Tue Jul 23 2019 05:12:01 GMT+0200 (CEST);1563858721000;0.53;889.51
1380556833984591;20.5;18.8;Tue Jul 23 2019 07:13:16 GMT+0200 (CEST);Tue Jul 23 2019 05:13:16 GMT+0200 (CEST);1563858796000;0.55;889.51
1380556833984591;20.5;18.8;Tue Jul 23 2019 07:14:28 GMT+0200 (CEST);Tue Jul 23 2019 05:14:28 GMT+0200 (CEST);1563858868000;0.56;889.51
1380556833984591;20.5;22.2;Tue Jul 23 2019 07:15:47 GMT+0200 (CEST);Tue Jul 23 2019 05:15:47 GMT+0200 (CEST);1563858947000;0.58;889.51
1380556833984591;16.9;22.9;Tue Jul 23 2019 07:17:13 GMT+0200 (CEST);Tue Jul 23 2019 05:17:13 GMT+0200 (CEST);1563859033000;0.6;889.51
1380556833984591;16.9;30.2;Tue Jul 23 2019 07:18:27 GMT+0200 (CEST);Tue Jul 23 2019 05:18:27 GMT+0200 (CEST);1563859107000;0.61;889.51
1380556833984591;16.9;29.5;Tue Jul 23 2019 07:19:41 GMT+0200 (CEST);Tue Jul 23 2019 05:19:41 GMT+0200 (CEST);1563859181000;0.64;889.51
1380556833984591;16.9;28.9;Tue Jul 23 2019 07:20:57 GMT+0200 (CEST);Tue Jul 23 2019 05:20:57 GMT+0200 (CEST);1563859257000;0.66;889.51
1380556833984591;20.5;28.9;Tue Jul 23 2019 07:22:14 GMT+0200 (CEST);Tue Jul 23 2019 05:22:14 GMT+0200 (CEST);1563859334000;0.68;889.51
1380556833984591;20.5;31.3;Tue Jul 23 2019 07:23:32 GMT+0200 (CEST);Tue Jul 23 2019 05:23:32 GMT+0200 (CEST);1563859412000;0.7;889.51
1380556833984591;20.5;31.2;Tue Jul 23 2019 07:25:18 GMT+0200 (CEST);Tue Jul 23 2019 05:25:18 GMT+0200 (CEST);1563859518000;0.73;889.51
1380556833984591;22.5;31.3;Tue Jul 23 2019 07:26:31 GMT+0200 (CEST);Tue Jul 23 2019 05:26:31 GMT+0200 (CEST);1563859591000;0.75;889.51
1380556833984591;22.5;31.5;Tue Jul 23 2019 07:27:46 GMT+0200 (CEST);Tue Jul 23 2019 05:27:46 GMT+0200 (CEST);1563859666000;0.77;889.51
1380556833984591;22.5;31.6;Tue Jul 23 2019 07:29:00 GMT+0200 (CEST);Tue Jul 23 2019 05:29:00 GMT+0200 (CEST);1563859740000;0.79;889.51
1380556833984591;22.5;31.7;Tue Jul 23 2019 07:30:18 GMT+0200 (CEST);Tue Jul 23 2019 05:30:18 GMT+0200 (CEST);1563859818000;0.81;889.51
1380556833984591;23;32;Tue Jul 23 2019 07:31:36 GMT+0200 (CEST);Tue Jul 23 2019 05:31:36 GMT+0200 (CEST);1563859896000;0.83;889.51
1380556833984591;23;32.5;Tue Jul 23 2019 07:33:03 GMT+0200 (CEST);Tue Jul 23 2019 05:33:03 GMT+0200 (CEST);1563859983000;0.86;889.51
1380556833984591;23;31.6;Tue Jul 23 2019 07:34:23 GMT+0200 (CEST);Tue Jul 23 2019 05:34:23 GMT+0200 (CEST);1563860063000;0.89;889.51
1380556833984591;23;31.7;Tue Jul 23 2019 07:35:36 GMT+0200 (CEST);Tue Jul 23 2019 05:35:36 GMT+0200 (CEST);1563860136000;0.91;889.51
1380556833984591;23;31.6;Tue Jul 23 2019 07:37:00 GMT+0200 (CEST);Tue Jul 23 2019 05:37:00 GMT+0200 (CEST);1563860220000;0.93;889.51
1380556833984591;23;31.6;Tue Jul 23 2019 07:38:24 GMT+0200 (CEST);Tue Jul 23 2019 05:38:24 GMT+0200 (CEST);1563860304000;0.96;889.51
1380556833984591;23;31.6;Tue Jul 23 2019 07:39:40 GMT+0200 (CEST);Tue Jul 23 2019 05:39:40 GMT+0200 (CEST);1563860380000;0.98;889.51
1380556833984591;24.5;31.7;Tue Jul 23 2019 07:41:00 GMT+0200 (CEST);Tue Jul 23 2019 05:41:00 GMT+0200 (CEST);1563860460000;1.01;889.51
1380556833984591;24.5;31.7;Tue Jul 23 2019 07:42:17 GMT+0200 (CEST);Tue Jul 23 2019 05:42:17 GMT+0200 (CEST);1563860537000;1.03;889.51
1380556833984591;24.5;31.7;Tue Jul 23 2019 07:43:32 GMT+0200 (CEST);Tue Jul 23 2019 05:43:32 GMT+0200 (CEST);1563860612000;1.05;889.51
1380556833984591;24.5;31.8;Tue Jul 23 2019 07:44:51 GMT+0200 (CEST);Tue Jul 23 2019 05:44:51 GMT+0200 (CEST);1563860691000;1.08;889.51
1380556833984591;25;31.9;Tue Jul 23 2019 07:46:07 GMT+0200 (CEST);Tue Jul 23 2019 05:46:07 GMT+0200 (CEST);1563860767000;1.11;889.51
1380556833984591;25;32.3;Tue Jul 23 2019 07:47:20 GMT+0200 (CEST);Tue Jul 23 2019 05:47:20 GMT+0200 (CEST);1563860840000;1.12;889.51
1380556833984591;25;32.8;Tue Jul 23 2019 07:48:33 GMT+0200 (CEST);Tue Jul 23 2019 05:48:33 GMT+0200 (CEST);1563860913000;1.13;889.51
1380556833984591;25;33.2;Tue Jul 23 2019 07:49:47 GMT+0200 (CEST);Tue Jul 23 2019 05:49:47 GMT+0200 (CEST);1563860987000;1.18;889.51
1380556833984591;26.5;32.7;Tue Jul 23 2019 07:51:26 GMT+0200 (CEST);Tue Jul 23 2019 05:51:26 GMT+0200 (CEST);1563861086000;1.2;889.51
1380556833984591;26.5;32.4;Tue Jul 23 2019 07:52:56 GMT+0200 (CEST);Tue Jul 23 2019 05:52:56 GMT+0200 (CEST);1563861176000;1.24;889.51
1380556833984591;26.5;32.4;Tue Jul 23 2019 07:54:26 GMT+0200 (CEST);Tue Jul 23 2019 05:54:26 GMT+0200 (CEST);1563861266000;1.26;889.51
1380556833984591;26.5;32.5;Tue Jul 23 2019 07:55:41 GMT+0200 (CEST);Tue Jul 23 2019 05:55:41 GMT+0200 (CEST);1563861341000;1.28;889.51
1380556833984591;26.5;32.5;Tue Jul 23 2019 07:56:56 GMT+0200 (CEST);Tue Jul 23 2019 05:56:56 GMT+0200 (CEST);1563861416000;1.31;889.51
1380556833984591;26.5;32.4;Tue Jul 23 2019 07:58:13 GMT+0200 (CEST);Tue Jul 23 2019 05:58:13 GMT+0200 (CEST);1563861493000;1.33;889.51
1380556833984591;26.5;32.4;Tue Jul 23 2019 07:59:26 GMT+0200 (CEST);Tue Jul 23 2019 05:59:26 GMT+0200 (CEST);1563861566000;1.36;889.51
1380556833984591;27;32.4;Tue Jul 23 2019 08:00:44 GMT+0200 (CEST);Tue Jul 23 2019 06:00:44 GMT+0200 (CEST);1563861644000;1.38;889.51
1380556833984591;27;32.4;Tue Jul 23 2019 08:02:16 GMT+0200 (CEST);Tue Jul 23 2019 06:02:16 GMT+0200 (CEST);1563861736000;1.41;889.51
1380556833984591;27;32.3;Tue Jul 23 2019 08:04:05 GMT+0200 (CEST);Tue Jul 23 2019 06:04:05 GMT+0200 (CEST);1563861845000;1.44;889.51
1380556833984591;28.5;32.4;Tue Jul 23 2019 08:05:54 GMT+0200 (CEST);Tue Jul 23 2019 06:05:54 GMT+0200 (CEST);1563861954000;1.48;889.51
1380556833984591;50.7;30.4;Tue Jul 23 2019 11:11:01 GMT+0200 (CEST);Tue Jul 23 2019 09:11:01 GMT+0200 (CEST);1563873061000;4.34;889.51
1380556833984591;50.7;30.4;Tue Jul 23 2019 11:12:35 GMT+0200 (CEST);Tue Jul 23 2019 09:12:35 GMT+0200 (CEST);1563873155000;4.36;889.51
1380556833984591;50.7;30.3;Tue Jul 23 2019 11:13:47 GMT+0200 (CEST);Tue Jul 23 2019 09:13:47 GMT+0200 (CEST);1563873227000;4.37;889.51
1380556833984591;50.7;30.3;Tue Jul 23 2019 11:15:02 GMT+0200 (CEST);Tue Jul 23 2019 09:15:02 GMT+0200 (CEST);1563873302000;4.41;889.51
1380556833984591;51.2;30.3;Tue Jul 23 2019 11:16:16 GMT+0200 (CEST);Tue Jul 23 2019 09:16:16 GMT+0200 (CEST);1563873376000;4.38;889.51
1380556833984591;51.2;30.2;Tue Jul 23 2019 11:17:38 GMT+0200 (CEST);Tue Jul 23 2019 09:17:38 GMT+0200 (CEST);1563873458000;4.41;889.51
1380556833984591;51.2;30.2;Tue Jul 23 2019 11:18:55 GMT+0200 (CEST);Tue Jul 23 2019 09:18:55 GMT+0200 (CEST);1563873535000;4.36;889.51
1380556833984591;52.7;29.9;Tue Jul 23 2019 11:21:06 GMT+0200 (CEST);Tue Jul 23 2019 09:21:06 GMT+0200 (CEST);1563873666000;4.42;889.51
1380556833984591;52.7;30.2;Tue Jul 23 2019 11:22:21 GMT+0200 (CEST);Tue Jul 23 2019 09:22:21 GMT+0200 (CEST);1563873741000;4.36;889.51
1380556833984591;52.7;30.2;Tue Jul 23 2019 11:23:42 GMT+0200 (CEST);Tue Jul 23 2019 09:23:42 GMT+0200 (CEST);1563873822000;4.43;889.51
1380556833984591;52.7;30.2;Tue Jul 23 2019 11:24:56 GMT+0200 (CEST);Tue Jul 23 2019 09:24:56 GMT+0200 (CEST);1563873896000;4.48;889.51
1380556833984591;52.7;30.2;Tue Jul 23 2019 11:26:15 GMT+0200 (CEST);Tue Jul 23 2019 09:26:15 GMT+0200 (CEST);1563873975000;4.46;889.51
1380556833984591;52.7;30.2;Tue Jul 23 2019 11:27:40 GMT+0200 (CEST);Tue Jul 23 2019 09:27:40 GMT+0200 (CEST);1563874060000;4.49;889.51
1380556833984591;52.7;30.1;Tue Jul 23 2019 11:28:58 GMT+0200 (CEST);Tue Jul 23 2019 09:28:58 GMT+0200 (CEST);1563874138000;4.56;889.51
1380556833984591;52.7;30;Tue Jul 23 2019 11:30:12 GMT+0200 (CEST);Tue Jul 23 2019 09:30:12 GMT+0200 (CEST);1563874212000;4.57;889.51
1380556833984591;52.7;30;Tue Jul 23 2019 11:31:32 GMT+0200 (CEST);Tue Jul 23 2019 09:31:32 GMT+0200 (CEST);1563874292000;4.55;889.51
1380556833984591;52.7;29.9;Tue Jul 23 2019 11:32:44 GMT+0200 (CEST);Tue Jul 23 2019 09:32:44 GMT+0200 (CEST);1563874364000;4.53;889.51
1380556833984591;53.2;30;Tue Jul 23 2019 11:34:18 GMT+0200 (CEST);Tue Jul 23 2019 09:34:18 GMT+0200 (CEST);1563874458000;4.58;889.51
1380556833984591;53.2;29.8;Tue Jul 23 2019 11:35:52 GMT+0200 (CEST);Tue Jul 23 2019 09:35:52 GMT+0200 (CEST);1563874552000;4.59;889.51
1380556833984591;53.2;29.8;Tue Jul 23 2019 11:37:09 GMT+0200 (CEST);Tue Jul 23 2019 09:37:09 GMT+0200 (CEST);1563874629000;4.63;889.51
1380556833984591;53.2;29.8;Tue Jul 23 2019 11:38:26 GMT+0200 (CEST);Tue Jul 23 2019 09:38:26 GMT+0200 (CEST);1563874706000;4.65;889.51
1380556833984591;53.2;29.8;Tue Jul 23 2019 11:39:49 GMT+0200 (CEST);Tue Jul 23 2019 09:39:49 GMT+0200 (CEST);1563874789000;4.65;889.51
1380556833984591;53.2;29.7;Tue Jul 23 2019 11:41:04 GMT+0200 (CEST);Tue Jul 23 2019 09:41:04 GMT+0200 (CEST);1563874864000;4.66;889.51
1380556833984591;53.2;29.7;Tue Jul 23 2019 11:42:19 GMT+0200 (CEST);Tue Jul 23 2019 09:42:19 GMT+0200 (CEST);1563874939000;4.63;889.51
1380556833984591;53.2;29.7;Tue Jul 23 2019 11:43:33 GMT+0200 (CEST);Tue Jul 23 2019 09:43:33 GMT+0200 (CEST);1563875013000;4.69;889.51
1380556833984591;54.7;29.7;Tue Jul 23 2019 11:44:54 GMT+0200 (CEST);Tue Jul 23 2019 09:44:54 GMT+0200 (CEST);1563875094000;4.69;889.51
1380556833984591;54.7;29.7;Tue Jul 23 2019 11:46:07 GMT+0200 (CEST);Tue Jul 23 2019 09:46:07 GMT+0200 (CEST);1563875167000;4.69;889.51
1380556833984591;54.7;29.7;Tue Jul 23 2019 11:47:28 GMT+0200 (CEST);Tue Jul 23 2019 09:47:28 GMT+0200 (CEST);1563875248000;4.71;889.51
1380556833984591;54.7;29.8;Tue Jul 23 2019 11:48:41 GMT+0200 (CEST);Tue Jul 23 2019 09:48:41 GMT+0200 (CEST);1563875321000;4.64;889.51
1380556833984591;54.7;29.7;Tue Jul 23 2019 11:50:03 GMT+0200 (CEST);Tue Jul 23 2019 09:50:03 GMT+0200 (CEST);1563875403000;4.73;889.51
1380556833984591;54.7;29.8;Tue Jul 23 2019 11:51:36 GMT+0200 (CEST);Tue Jul 23 2019 09:51:36 GMT+0200 (CEST);1563875496000;4.72;889.51
1380556833984591;54.7;29.8;Tue Jul 23 2019 11:52:52 GMT+0200 (CEST);Tue Jul 23 2019 09:52:52 GMT+0200 (CEST);1563875572000;4.76;889.51
1380556833984591;54.7;29.8;Tue Jul 23 2019 11:54:11 GMT+0200 (CEST);Tue Jul 23 2019 09:54:11 GMT+0200 (CEST);1563875651000;4.72;889.51
1380556833984591;54.7;30;Tue Jul 23 2019 11:55:32 GMT+0200 (CEST);Tue Jul 23 2019 09:55:32 GMT+0200 (CEST);1563875732000;4.72;889.51
1380556833984591;54.7;29.9;Tue Jul 23 2019 11:56:47 GMT+0200 (CEST);Tue Jul 23 2019 09:56:47 GMT+0200 (CEST);1563875807000;4.71;889.51
1380556833984591;54.7;29.9;Tue Jul 23 2019 11:58:03 GMT+0200 (CEST);Tue Jul 23 2019 09:58:03 GMT+0200 (CEST);1563875883000;4.77;889.51
1380556833984591;54.7;29.7;Tue Jul 23 2019 11:59:32 GMT+0200 (CEST);Tue Jul 23 2019 09:59:32 GMT+0200 (CEST);1563875972000;4.77;889.51
1380556833984591;54.7;29.8;Tue Jul 23 2019 12:00:45 GMT+0200 (CEST);Tue Jul 23 2019 10:00:45 GMT+0200 (CEST);1563876045000;4.74;889.51
1380556833984591;54.7;29.9;Tue Jul 23 2019 12:01:57 GMT+0200 (CEST);Tue Jul 23 2019 10:01:57 GMT+0200 (CEST);1563876117000;4.71;889.51
1380556833984591;54.7;29.9;Tue Jul 23 2019 12:03:10 GMT+0200 (CEST);Tue Jul 23 2019 10:03:10 GMT+0200 (CEST);1563876190000;4.82;889.51
1380556833984591;54.7;29.7;Tue Jul 23 2019 12:04:33 GMT+0200 (CEST);Tue Jul 23 2019 10:04:33 GMT+0200 (CEST);1563876273000;4.78;889.51
1380556833984591;54.7;29.7;Tue Jul 23 2019 12:05:46 GMT+0200 (CEST);Tue Jul 23 2019 10:05:46 GMT+0200 (CEST);1563876346000;4.75;889.51
1380556833984591;54.7;29.7;Tue Jul 23 2019 12:06:59 GMT+0200 (CEST);Tue Jul 23 2019 10:06:59 GMT+0200 (CEST);1563876419000;4.8;889.51
1380556833984591;54.7;29.7;Tue Jul 23 2019 12:08:12 GMT+0200 (CEST);Tue Jul 23 2019 10:08:12 GMT+0200 (CEST);1563876492000;4.79;889.51
1380556833984591;54.7;29.6;Tue Jul 23 2019 12:09:47 GMT+0200 (CEST);Tue Jul 23 2019 10:09:47 GMT+0200 (CEST);1563876587000;4.79;889.51
1380556833984591;54.7;29.7;Tue Jul 23 2019 12:11:00 GMT+0200 (CEST);Tue Jul 23 2019 10:11:00 GMT+0200 (CEST);1563876660000;4.8;889.51
1380556833984591;54.7;29.6;Tue Jul 23 2019 12:12:26 GMT+0200 (CEST);Tue Jul 23 2019 10:12:26 GMT+0200 (CEST);1563876746000;4.84;889.51
1380556833984591;54.7;29.6;Tue Jul 23 2019 12:13:43 GMT+0200 (CEST);Tue Jul 23 2019 10:13:43 GMT+0200 (CEST);1563876823000;4.79;889.51
1380556833984591;54.7;29.6;Tue Jul 23 2019 12:14:56 GMT+0200 (CEST);Tue Jul 23 2019 10:14:56 GMT+0200 (CEST);1563876896000;4.81;889.51
1380556833984591;54.7;29.6;Tue Jul 23 2019 12:16:13 GMT+0200 (CEST);Tue Jul 23 2019 10:16:13 GMT+0200 (CEST);1563876973000;4.84;889.51
1380556833984591;54.7;29.6;Tue Jul 23 2019 12:17:28 GMT+0200 (CEST);Tue Jul 23 2019 10:17:28 GMT+0200 (CEST);1563877048000;4.79;889.51
1380556833984591;55.2;29.6;Tue Jul 23 2019 12:18:41 GMT+0200 (CEST);Tue Jul 23 2019 10:18:41 GMT+0200 (CEST);1563877121000;4.86;889.51
1380556833984591;55.2;29.6;Tue Jul 23 2019 12:20:25 GMT+0200 (CEST);Tue Jul 23 2019 10:20:25 GMT+0200 (CEST);1563877225000;4.9;889.51
1380556833984591;55.2;29.6;Tue Jul 23 2019 12:21:43 GMT+0200 (CEST);Tue Jul 23 2019 10:21:43 GMT+0200 (CEST);1563877303000;4.85;889.51
1380556833984591;55.2;29.4;Tue Jul 23 2019 12:23:08 GMT+0200 (CEST);Tue Jul 23 2019 10:23:08 GMT+0200 (CEST);1563877388000;4.82;889.51
1380556833984591;55.2;29.5;Tue Jul 23 2019 12:24:36 GMT+0200 (CEST);Tue Jul 23 2019 10:24:36 GMT+0200 (CEST);1563877476000;4.9;889.51
1380556833984591;55.2;29.5;Tue Jul 23 2019 12:25:53 GMT+0200 (CEST);Tue Jul 23 2019 10:25:53 GMT+0200 (CEST);1563877553000;4.86;889.51
1380556833984591;55.2;29.7;Tue Jul 23 2019 12:27:11 GMT+0200 (CEST);Tue Jul 23 2019 10:27:11 GMT+0200 (CEST);1563877631000;4.84;889.51
1380556833984591;55.2;29.7;Tue Jul 23 2019 12:28:25 GMT+0200 (CEST);Tue Jul 23 2019 10:28:25 GMT+0200 (CEST);1563877705000;4.83;889.51
1380556833984591;55.2;29.7;Tue Jul 23 2019 12:29:57 GMT+0200 (CEST);Tue Jul 23 2019 10:29:57 GMT+0200 (CEST);1563877797000;4.9;889.51
1380556833984591;55.2;29.5;Tue Jul 23 2019 12:31:18 GMT+0200 (CEST);Tue Jul 23 2019 10:31:18 GMT+0200 (CEST);1563877878000;4.85;889.51
1380556833984591;55.2;29.4;Tue Jul 23 2019 12:32:31 GMT+0200 (CEST);Tue Jul 23 2019 10:32:31 GMT+0200 (CEST);1563877951000;4.9;889.51
1380556833984591;55.2;29.4;Tue Jul 23 2019 12:33:46 GMT+0200 (CEST);Tue Jul 23 2019 10:33:46 GMT+0200 (CEST);1563878026000;4.94;889.51
1380556833984591;55.2;29.4;Tue Jul 23 2019 12:35:21 GMT+0200 (CEST);Tue Jul 23 2019 10:35:21 GMT+0200 (CEST);1563878121000;4.86;889.51
1380556833984591;55.2;29.4;Tue Jul 23 2019 12:36:35 GMT+0200 (CEST);Tue Jul 23 2019 10:36:35 GMT+0200 (CEST);1563878195000;4.91;889.51
1380556833984591;55.2;29.3;Tue Jul 23 2019 12:38:18 GMT+0200 (CEST);Tue Jul 23 2019 10:38:18 GMT+0200 (CEST);1563878298000;4.92;889.51
1380556833984591;55.2;29.3;Tue Jul 23 2019 12:39:42 GMT+0200 (CEST);Tue Jul 23 2019 10:39:42 GMT+0200 (CEST);1563878382000;4.91;889.51
1380556833984591;55.2;29.3;Tue Jul 23 2019 12:41:06 GMT+0200 (CEST);Tue Jul 23 2019 10:41:06 GMT+0200 (CEST);1563878466000;4.91;889.51
1380556833984591;56.7;29.3;Tue Jul 23 2019 12:42:27 GMT+0200 (CEST);Tue Jul 23 2019 10:42:27 GMT+0200 (CEST);1563878547000;4.87;889.51
1380556833984591;56.7;29.3;Tue Jul 23 2019 12:43:41 GMT+0200 (CEST);Tue Jul 23 2019 10:43:41 GMT+0200 (CEST);1563878621000;4.91;889.51
1380556833984591;56.7;29.4;Tue Jul 23 2019 12:44:56 GMT+0200 (CEST);Tue Jul 23 2019 10:44:56 GMT+0200 (CEST);1563878696000;4.85;889.51
1380556833984591;56.7;29.3;Tue Jul 23 2019 12:46:21 GMT+0200 (CEST);Tue Jul 23 2019 10:46:21 GMT+0200 (CEST);1563878781000;4.93;889.51
1380556833984591;57.2;29.4;Tue Jul 23 2019 12:47:37 GMT+0200 (CEST);Tue Jul 23 2019 10:47:37 GMT+0200 (CEST);1563878857000;4.93;889.51
1380556833984591;57.2;29.3;Tue Jul 23 2019 12:48:51 GMT+0200 (CEST);Tue Jul 23 2019 10:48:51 GMT+0200 (CEST);1563878931000;4.91;889.51
1380556833984591;57.2;29.3;Tue Jul 23 2019 12:50:27 GMT+0200 (CEST);Tue Jul 23 2019 10:50:27 GMT+0200 (CEST);1563879027000;4.93;889.51
1380556833984591;58.8;29.3;Tue Jul 23 2019 12:51:43 GMT+0200 (CEST);Tue Jul 23 2019 10:51:43 GMT+0200 (CEST);1563879103000;4.93;889.51
1380556833984591;58.8;29.4;Tue Jul 23 2019 12:53:16 GMT+0200 (CEST);Tue Jul 23 2019 10:53:16 GMT+0200 (CEST);1563879196000;4.96;889.51
1380556833984591;58.8;29.4;Tue Jul 23 2019 12:54:52 GMT+0200 (CEST);Tue Jul 23 2019 10:54:52 GMT+0200 (CEST);1563879292000;4.97;889.51
1380556833984591;58.8;29.4;Tue Jul 23 2019 12:56:14 GMT+0200 (CEST);Tue Jul 23 2019 10:56:14 GMT+0200 (CEST);1563879374000;4.92;889.51
1380556833984591;58.8;29.4;Tue Jul 23 2019 12:57:30 GMT+0200 (CEST);Tue Jul 23 2019 10:57:30 GMT+0200 (CEST);1563879450000;4.93;889.51
1380556833984591;58.8;29.4;Tue Jul 23 2019 12:58:45 GMT+0200 (CEST);Tue Jul 23 2019 10:58:45 GMT+0200 (CEST);1563879525000;4.9;889.51
1380556833984591;58.8;29.4;Tue Jul 23 2019 13:00:06 GMT+0200 (CEST);Tue Jul 23 2019 11:00:06 GMT+0200 (CEST);1563879606000;4.9;889.51
1380556833984591;58.8;29.4;Tue Jul 23 2019 13:01:34 GMT+0200 (CEST);Tue Jul 23 2019 11:01:34 GMT+0200 (CEST);1563879694000;4.9;889.51
1380556833984591;58.8;29.3;Tue Jul 23 2019 13:02:53 GMT+0200 (CEST);Tue Jul 23 2019 11:02:53 GMT+0200 (CEST);1563879773000;4.91;889.51
1380556833984591;58.8;29.4;Tue Jul 23 2019 13:04:32 GMT+0200 (CEST);Tue Jul 23 2019 11:04:32 GMT+0200 (CEST);1563879872000;4.93;889.51
1380556833984591;58.8;29.4;Tue Jul 23 2019 13:06:07 GMT+0200 (CEST);Tue Jul 23 2019 11:06:07 GMT+0200 (CEST);1563879967000;4.89;889.51
1380556833984591;58.8;29.4;Tue Jul 23 2019 13:07:29 GMT+0200 (CEST);Tue Jul 23 2019 11:07:29 GMT+0200 (CEST);1563880049000;4.91;889.51
1380556833984591;58.8;29.4;Tue Jul 23 2019 13:08:50 GMT+0200 (CEST);Tue Jul 23 2019 11:08:50 GMT+0200 (CEST);1563880130000;4.92;889.51
1380556833984591;58.8;29.5;Tue Jul 23 2019 13:10:17 GMT+0200 (CEST);Tue Jul 23 2019 11:10:17 GMT+0200 (CEST);1563880217000;4.89;889.51
1380556833984591;58.8;29.5;Tue Jul 23 2019 13:11:37 GMT+0200 (CEST);Tue Jul 23 2019 11:11:37 GMT+0200 (CEST);1563880297000;4.85;889.51
1380556833984591;58.8;29.6;Tue Jul 23 2019 13:12:53 GMT+0200 (CEST);Tue Jul 23 2019 11:12:53 GMT+0200 (CEST);1563880373000;4.91;889.51
1380556833984591;58.8;29.5;Tue Jul 23 2019 13:14:19 GMT+0200 (CEST);Tue Jul 23 2019 11:14:19 GMT+0200 (CEST);1563880459000;4.92;889.51
1380556833984591;58.8;29.5;Tue Jul 23 2019 13:15:37 GMT+0200 (CEST);Tue Jul 23 2019 11:15:37 GMT+0200 (CEST);1563880537000;4.92;889.51
1380556833984591;58.8;29.4;Tue Jul 23 2019 13:17:09 GMT+0200 (CEST);Tue Jul 23 2019 11:17:09 GMT+0200 (CEST);1563880629000;4.91;889.51
1380556833984591;58.8;29.5;Tue Jul 23 2019 13:18:22 GMT+0200 (CEST);Tue Jul 23 2019 11:18:22 GMT+0200 (CEST);1563880702000;4.9;889.51
1380556833984591;58.8;29.4;Tue Jul 23 2019 13:19:44 GMT+0200 (CEST);Tue Jul 23 2019 11:19:44 GMT+0200 (CEST);1563880784000;4.86;889.51
1380556833984591;58.8;29.4;Tue Jul 23 2019 13:20:58 GMT+0200 (CEST);Tue Jul 23 2019 11:20:58 GMT+0200 (CEST);1563880858000;4.9;889.51
1380556833984591;58.8;29.5;Tue Jul 23 2019 13:22:20 GMT+0200 (CEST);Tue Jul 23 2019 11:22:20 GMT+0200 (CEST);1563880940000;4.92;889.51
1380556833984591;58.8;29.5;Tue Jul 23 2019 13:23:34 GMT+0200 (CEST);Tue Jul 23 2019 11:23:34 GMT+0200 (CEST);1563881014000;4.9;889.51
1380556833984591;58.8;29.5;Tue Jul 23 2019 13:24:48 GMT+0200 (CEST);Tue Jul 23 2019 11:24:48 GMT+0200 (CEST);1563881088000;4.85;889.51
1380556833984591;58.8;29.5;Tue Jul 23 2019 13:26:01 GMT+0200 (CEST);Tue Jul 23 2019 11:26:01 GMT+0200 (CEST);1563881161000;4.9;889.51
1380556833984591;58.8;29.5;Tue Jul 23 2019 13:27:14 GMT+0200 (CEST);Tue Jul 23 2019 11:27:14 GMT+0200 (CEST);1563881234000;4.87;889.51
1380556833984591;58.8;29.4;Tue Jul 23 2019 13:28:31 GMT+0200 (CEST);Tue Jul 23 2019 11:28:31 GMT+0200 (CEST);1563881311000;4.85;889.51
1380556833984591;57.2;29.5;Tue Jul 23 2019 13:29:50 GMT+0200 (CEST);Tue Jul 23 2019 11:29:50 GMT+0200 (CEST);1563881390000;4.88;889.51
1380556833984591;57.2;29.5;Tue Jul 23 2019 13:31:08 GMT+0200 (CEST);Tue Jul 23 2019 11:31:08 GMT+0200 (CEST);1563881468000;4.92;889.51
1380556833984591;57.2;29.5;Tue Jul 23 2019 13:32:23 GMT+0200 (CEST);Tue Jul 23 2019 11:32:23 GMT+0200 (CEST);1563881543000;4.92;889.51
1380556833984591;57.2;29.4;Tue Jul 23 2019 13:33:41 GMT+0200 (CEST);Tue Jul 23 2019 11:33:41 GMT+0200 (CEST);1563881621000;4.9;889.51
1380556833984591;57.2;29.4;Tue Jul 23 2019 13:34:57 GMT+0200 (CEST);Tue Jul 23 2019 11:34:57 GMT+0200 (CEST);1563881697000;4.9;889.51
1380556833984591;57.2;29.4;Tue Jul 23 2019 13:36:12 GMT+0200 (CEST);Tue Jul 23 2019 11:36:12 GMT+0200 (CEST);1563881772000;4.92;889.51
1380556833984591;57.2;29.4;Tue Jul 23 2019 13:37:27 GMT+0200 (CEST);Tue Jul 23 2019 11:37:27 GMT+0200 (CEST);1563881847000;4.93;889.51
1380556833984591;57.2;29.4;Tue Jul 23 2019 13:38:43 GMT+0200 (CEST);Tue Jul 23 2019 11:38:43 GMT+0200 (CEST);1563881923000;4.94;889.51
1380556833984591;57.2;29.4;Tue Jul 23 2019 13:40:10 GMT+0200 (CEST);Tue Jul 23 2019 11:40:10 GMT+0200 (CEST);1563882010000;4.91;889.51
1380556833984591;57.2;29.5;Tue Jul 23 2019 13:41:25 GMT+0200 (CEST);Tue Jul 23 2019 11:41:25 GMT+0200 (CEST);1563882085000;4.89;889.51
1380556833984591;57.2;29.5;Tue Jul 23 2019 13:42:41 GMT+0200 (CEST);Tue Jul 23 2019 11:42:41 GMT+0200 (CEST);1563882161000;4.89;889.51
1380556833984591;57.2;29.5;Tue Jul 23 2019 13:43:56 GMT+0200 (CEST);Tue Jul 23 2019 11:43:56 GMT+0200 (CEST);1563882236000;4.92;889.51
1380556833984591;57.2;29.5;Tue Jul 23 2019 13:45:11 GMT+0200 (CEST);Tue Jul 23 2019 11:45:11 GMT+0200 (CEST);1563882311000;4.93;889.51
1380556833984591;57.2;29.4;Tue Jul 23 2019 13:46:26 GMT+0200 (CEST);Tue Jul 23 2019 11:46:26 GMT+0200 (CEST);1563882386000;4.88;889.51
1380556833984591;57.2;29.4;Tue Jul 23 2019 13:47:56 GMT+0200 (CEST);Tue Jul 23 2019 11:47:56 GMT+0200 (CEST);1563882476000;4.87;889.51
1380556833984591;56.7;29.5;Tue Jul 23 2019 13:49:13 GMT+0200 (CEST);Tue Jul 23 2019 11:49:13 GMT+0200 (CEST);1563882553000;4.85;889.51
1380556833984591;56.7;29.5;Tue Jul 23 2019 13:50:27 GMT+0200 (CEST);Tue Jul 23 2019 11:50:27 GMT+0200 (CEST);1563882627000;4.84;889.51
1380556833984591;56.7;29.5;Tue Jul 23 2019 13:51:42 GMT+0200 (CEST);Tue Jul 23 2019 11:51:42 GMT+0200 (CEST);1563882702000;4.81;889.51
1380556833984591;56.7;29.4;Tue Jul 23 2019 13:52:56 GMT+0200 (CEST);Tue Jul 23 2019 11:52:56 GMT+0200 (CEST);1563882776000;4.83;889.51
1380556833984591;57.2;29.4;Tue Jul 23 2019 13:54:14 GMT+0200 (CEST);Tue Jul 23 2019 11:54:14 GMT+0200 (CEST);1563882854000;4.82;889.51
1380556833984591;57.2;29.4;Tue Jul 23 2019 13:55:36 GMT+0200 (CEST);Tue Jul 23 2019 11:55:36 GMT+0200 (CEST);1563882936000;4.83;889.51
1380556833984591;57.2;29.4;Tue Jul 23 2019 13:56:50 GMT+0200 (CEST);Tue Jul 23 2019 11:56:50 GMT+0200 (CEST);1563883010000;4.8;889.51
1380556833984591;57.2;29.5;Tue Jul 23 2019 13:58:11 GMT+0200 (CEST);Tue Jul 23 2019 11:58:11 GMT+0200 (CEST);1563883091000;4.79;889.51
1380556833984591;58.8;29.5;Tue Jul 23 2019 13:59:27 GMT+0200 (CEST);Tue Jul 23 2019 11:59:27 GMT+0200 (CEST);1563883167000;4.78;889.51
1380556833984591;58.8;29.5;Tue Jul 23 2019 14:00:45 GMT+0200 (CEST);Tue Jul 23 2019 12:00:45 GMT+0200 (CEST);1563883245000;4.77;889.51
1380556833984591;58.8;29.5;Tue Jul 23 2019 14:01:59 GMT+0200 (CEST);Tue Jul 23 2019 12:01:59 GMT+0200 (CEST);1563883319000;4.73;889.51
1380556833984591;57.2;29.8;Tue Jul 23 2019 14:03:37 GMT+0200 (CEST);Tue Jul 23 2019 12:03:37 GMT+0200 (CEST);1563883417000;4.73;889.51
1380556833984591;57.2;29.7;Tue Jul 23 2019 14:04:52 GMT+0200 (CEST);Tue Jul 23 2019 12:04:52 GMT+0200 (CEST);1563883492000;4.76;889.51
1380556833984591;57.2;29.7;Tue Jul 23 2019 14:06:10 GMT+0200 (CEST);Tue Jul 23 2019 12:06:10 GMT+0200 (CEST);1563883570000;4.76;889.51
1380556833984591;57.2;29.7;Tue Jul 23 2019 14:07:25 GMT+0200 (CEST);Tue Jul 23 2019 12:07:25 GMT+0200 (CEST);1563883645000;4.73;889.51
1380556833984591;57.2;29.7;Tue Jul 23 2019 14:08:42 GMT+0200 (CEST);Tue Jul 23 2019 12:08:42 GMT+0200 (CEST);1563883722000;4.74;889.51
1380556833984591;57.2;29.7;Tue Jul 23 2019 14:09:57 GMT+0200 (CEST);Tue Jul 23 2019 12:09:57 GMT+0200 (CEST);1563883797000;4.75;889.51
1380556833984591;57.2;29.7;Tue Jul 23 2019 14:11:12 GMT+0200 (CEST);Tue Jul 23 2019 12:11:12 GMT+0200 (CEST);1563883872000;4.67;889.51
1380556833984591;57.2;29.7;Tue Jul 23 2019 14:12:26 GMT+0200 (CEST);Tue Jul 23 2019 12:12:26 GMT+0200 (CEST);1563883946000;4.69;889.51
1380556833984591;57.2;29.7;Tue Jul 23 2019 14:13:42 GMT+0200 (CEST);Tue Jul 23 2019 12:13:42 GMT+0200 (CEST);1563884022000;4.69;889.51
1380556833984591;57.2;29.4;Tue Jul 23 2019 14:14:59 GMT+0200 (CEST);Tue Jul 23 2019 12:14:59 GMT+0200 (CEST);1563884099000;4.72;889.51
1380556833984591;57.2;29.4;Tue Jul 23 2019 14:16:13 GMT+0200 (CEST);Tue Jul 23 2019 12:16:13 GMT+0200 (CEST);1563884173000;4.69;889.51
1380556833984591;57.2;29.5;Tue Jul 23 2019 14:17:28 GMT+0200 (CEST);Tue Jul 23 2019 12:17:28 GMT+0200 (CEST);1563884248000;4.64;889.51
1380556833984591;57.2;29.5;Tue Jul 23 2019 14:18:43 GMT+0200 (CEST);Tue Jul 23 2019 12:18:43 GMT+0200 (CEST);1563884323000;4.67;889.51
1380556833984591;57.2;29.6;Tue Jul 23 2019 14:19:57 GMT+0200 (CEST);Tue Jul 23 2019 12:19:57 GMT+0200 (CEST);1563884397000;4.59;889.51
1380556833984591;57.2;29.3;Tue Jul 23 2019 14:21:18 GMT+0200 (CEST);Tue Jul 23 2019 12:21:18 GMT+0200 (CEST);1563884478000;4.65;889.51
1380556833984591;58.8;29.2;Tue Jul 23 2019 14:22:33 GMT+0200 (CEST);Tue Jul 23 2019 12:22:33 GMT+0200 (CEST);1563884553000;4.66;889.51
1380556833984591;58.8;29.2;Tue Jul 23 2019 14:23:47 GMT+0200 (CEST);Tue Jul 23 2019 12:23:47 GMT+0200 (CEST);1563884627000;4.63;889.51
1380556833984591;58.8;29.3;Tue Jul 23 2019 14:25:01 GMT+0200 (CEST);Tue Jul 23 2019 12:25:01 GMT+0200 (CEST);1563884701000;4.45;889.51
1380556833984591;58.8;29.3;Tue Jul 23 2019 14:26:20 GMT+0200 (CEST);Tue Jul 23 2019 12:26:20 GMT+0200 (CEST);1563884780000;4.56;889.51
1380556833984591;58.8;29.5;Tue Jul 23 2019 14:27:38 GMT+0200 (CEST);Tue Jul 23 2019 12:27:38 GMT+0200 (CEST);1563884858000;4.61;889.51
1380556833984591;58.8;29.2;Tue Jul 23 2019 14:28:53 GMT+0200 (CEST);Tue Jul 23 2019 12:28:53 GMT+0200 (CEST);1563884933000;4.62;889.51
1380556833984591;58.8;29.6;Tue Jul 23 2019 14:30:09 GMT+0200 (CEST);Tue Jul 23 2019 12:30:09 GMT+0200 (CEST);1563885009000;4.48;889.51
1380556833984591;58.8;30.4;Tue Jul 23 2019 14:31:24 GMT+0200 (CEST);Tue Jul 23 2019 12:31:24 GMT+0200 (CEST);1563885084000;4.35;889.51
1380556833984591;58.8;30.1;Tue Jul 23 2019 14:32:42 GMT+0200 (CEST);Tue Jul 23 2019 12:32:42 GMT+0200 (CEST);1563885162000;4.47;889.51
1380556833984591;58.8;30.4;Tue Jul 23 2019 14:33:58 GMT+0200 (CEST);Tue Jul 23 2019 12:33:58 GMT+0200 (CEST);1563885238000;4.43;889.51
1380556833984591;58.8;30.2;Tue Jul 23 2019 14:35:13 GMT+0200 (CEST);Tue Jul 23 2019 12:35:13 GMT+0200 (CEST);1563885313000;4.4;889.51
1380556833984591;58.8;30;Tue Jul 23 2019 14:36:30 GMT+0200 (CEST);Tue Jul 23 2019 12:36:30 GMT+0200 (CEST);1563885390000;4.44;889.51
1380556833984591;58.8;30.1;Tue Jul 23 2019 14:37:46 GMT+0200 (CEST);Tue Jul 23 2019 12:37:46 GMT+0200 (CEST);1563885466000;4.46;889.51
1380556833984591;58.8;29.5;Tue Jul 23 2019 14:39:14 GMT+0200 (CEST);Tue Jul 23 2019 12:39:14 GMT+0200 (CEST);1563885554000;4.42;889.51
1380556833984591;58.8;30.1;Tue Jul 23 2019 14:40:30 GMT+0200 (CEST);Tue Jul 23 2019 12:40:30 GMT+0200 (CEST);1563885630000;4.4;889.51
1380556833984591;58.8;30.1;Tue Jul 23 2019 14:41:45 GMT+0200 (CEST);Tue Jul 23 2019 12:41:45 GMT+0200 (CEST);1563885705000;4.35;889.51
1380556833984591;58.8;29.8;Tue Jul 23 2019 14:43:01 GMT+0200 (CEST);Tue Jul 23 2019 12:43:01 GMT+0200 (CEST);1563885781000;4.33;889.51
1380556833984591;58.8;29.8;Tue Jul 23 2019 14:44:17 GMT+0200 (CEST);Tue Jul 23 2019 12:44:17 GMT+0200 (CEST);1563885857000;4.27;889.51
1380556833984591;58.8;30;Tue Jul 23 2019 14:45:32 GMT+0200 (CEST);Tue Jul 23 2019 12:45:32 GMT+0200 (CEST);1563885932000;4.36;889.51
1380556833984591;58.8;29.9;Tue Jul 23 2019 14:46:48 GMT+0200 (CEST);Tue Jul 23 2019 12:46:48 GMT+0200 (CEST);1563886008000;4.3;889.51
1380556833984591;58.8;30.3;Tue Jul 23 2019 14:48:05 GMT+0200 (CEST);Tue Jul 23 2019 12:48:05 GMT+0200 (CEST);1563886085000;4.24;889.51
1380556833984591;58.8;30.4;Tue Jul 23 2019 14:49:19 GMT+0200 (CEST);Tue Jul 23 2019 12:49:19 GMT+0200 (CEST);1563886159000;4.23;889.51
1380556833984591;58.8;30.4;Tue Jul 23 2019 14:50:38 GMT+0200 (CEST);Tue Jul 23 2019 12:50:38 GMT+0200 (CEST);1563886238000;4.13;889.51
1380556833984591;58.8;30.6;Tue Jul 23 2019 14:51:56 GMT+0200 (CEST);Tue Jul 23 2019 12:51:56 GMT+0200 (CEST);1563886316000;4.07;889.51
1380556833984591;58.8;30.4;Tue Jul 23 2019 14:53:19 GMT+0200 (CEST);Tue Jul 23 2019 12:53:19 GMT+0200 (CEST);1563886399000;3.98;889.51
1380556833984591;58.8;30.6;Tue Jul 23 2019 14:54:38 GMT+0200 (CEST);Tue Jul 23 2019 12:54:38 GMT+0200 (CEST);1563886478000;4.11;889.51
1380556833984591;58.8;30.4;Tue Jul 23 2019 14:55:58 GMT+0200 (CEST);Tue Jul 23 2019 12:55:58 GMT+0200 (CEST);1563886558000;4.01;889.51
1380556833984591;58.8;30.4;Tue Jul 23 2019 14:57:14 GMT+0200 (CEST);Tue Jul 23 2019 12:57:14 GMT+0200 (CEST);1563886634000;4.07;889.51
1380556833984591;58.8;30.6;Tue Jul 23 2019 14:58:32 GMT+0200 (CEST);Tue Jul 23 2019 12:58:32 GMT+0200 (CEST);1563886712000;4.08;889.51
1380556833984591;58.8;30.4;Tue Jul 23 2019 14:59:50 GMT+0200 (CEST);Tue Jul 23 2019 12:59:50 GMT+0200 (CEST);1563886790000;4.18;889.51
1380556833984591;58.8;30.8;Tue Jul 23 2019 15:01:06 GMT+0200 (CEST);Tue Jul 23 2019 13:01:06 GMT+0200 (CEST);1563886866000;4.06;889.51
1380556833984591;58.8;30.8;Tue Jul 23 2019 15:02:19 GMT+0200 (CEST);Tue Jul 23 2019 13:02:19 GMT+0200 (CEST);1563886939000;4.12;889.51
1380556833984591;58.8;30.7;Tue Jul 23 2019 15:03:35 GMT+0200 (CEST);Tue Jul 23 2019 13:03:35 GMT+0200 (CEST);1563887015000;4.12;889.51
1380556833984591;58.8;30.6;Tue Jul 23 2019 15:04:51 GMT+0200 (CEST);Tue Jul 23 2019 13:04:51 GMT+0200 (CEST);1563887091000;4.3;889.51
1380556833984591;57.2;30.5;Tue Jul 23 2019 15:06:08 GMT+0200 (CEST);Tue Jul 23 2019 13:06:08 GMT+0200 (CEST);1563887168000;4.15;889.51
1380556833984591;57.2;30.2;Tue Jul 23 2019 15:07:28 GMT+0200 (CEST);Tue Jul 23 2019 13:07:28 GMT+0200 (CEST);1563887248000;4.36;889.51
1380556833984591;57.2;29.3;Tue Jul 23 2019 15:08:51 GMT+0200 (CEST);Tue Jul 23 2019 13:08:51 GMT+0200 (CEST);1563887331000;4.36;889.51
1380556833984591;56.7;29.5;Tue Jul 23 2019 15:10:06 GMT+0200 (CEST);Tue Jul 23 2019 13:10:06 GMT+0200 (CEST);1563887406000;4.29;889.51
1380556833984591;56.7;29.8;Tue Jul 23 2019 15:11:20 GMT+0200 (CEST);Tue Jul 23 2019 13:11:20 GMT+0200 (CEST);1563887480000;4.24;889.51
1380556833984591;56.7;29.9;Tue Jul 23 2019 15:12:36 GMT+0200 (CEST);Tue Jul 23 2019 13:12:36 GMT+0200 (CEST);1563887556000;4.35;889.51
1380556833984591;56.7;29.9;Tue Jul 23 2019 15:13:51 GMT+0200 (CEST);Tue Jul 23 2019 13:13:51 GMT+0200 (CEST);1563887631000;4.32;889.51
1380556833984591;55.2;29.8;Tue Jul 23 2019 15:15:05 GMT+0200 (CEST);Tue Jul 23 2019 13:15:05 GMT+0200 (CEST);1563887705000;4.25;889.51
1380556833984591;55.2;29.9;Tue Jul 23 2019 15:16:21 GMT+0200 (CEST);Tue Jul 23 2019 13:16:21 GMT+0200 (CEST);1563887781000;4.29;889.51
1380556833984591;55.2;29.9;Tue Jul 23 2019 15:17:38 GMT+0200 (CEST);Tue Jul 23 2019 13:17:38 GMT+0200 (CEST);1563887858000;4.34;889.51
1380556833984591;55.2;29.3;Tue Jul 23 2019 15:18:54 GMT+0200 (CEST);Tue Jul 23 2019 13:18:54 GMT+0200 (CEST);1563887934000;4.24;889.51
1380556833984591;55.2;29.3;Tue Jul 23 2019 15:20:10 GMT+0200 (CEST);Tue Jul 23 2019 13:20:10 GMT+0200 (CEST);1563888010000;4.25;889.51
1380556833984591;55.2;29.3;Tue Jul 23 2019 15:21:26 GMT+0200 (CEST);Tue Jul 23 2019 13:21:26 GMT+0200 (CEST);1563888086000;4.24;889.51
1380556833984591;55.2;29.3;Tue Jul 23 2019 15:22:42 GMT+0200 (CEST);Tue Jul 23 2019 13:22:42 GMT+0200 (CEST);1563888162000;4.21;889.51
1380556833984591;55.2;29.6;Tue Jul 23 2019 15:23:57 GMT+0200 (CEST);Tue Jul 23 2019 13:23:57 GMT+0200 (CEST);1563888237000;4.18;889.51
1380556833984591;55.2;29.7;Tue Jul 23 2019 15:25:20 GMT+0200 (CEST);Tue Jul 23 2019 13:25:20 GMT+0200 (CEST);1563888320000;4.1;889.51
1380556833984591;55.2;29.7;Tue Jul 23 2019 15:26:36 GMT+0200 (CEST);Tue Jul 23 2019 13:26:36 GMT+0200 (CEST);1563888396000;4.18;889.51
1380556833984591;55.2;29.7;Tue Jul 23 2019 15:27:49 GMT+0200 (CEST);Tue Jul 23 2019 13:27:49 GMT+0200 (CEST);1563888469000;4.06;889.51
1380556833984591;55.2;29.7;Tue Jul 23 2019 15:29:06 GMT+0200 (CEST);Tue Jul 23 2019 13:29:06 GMT+0200 (CEST);1563888546000;4.17;889.51
1380556833984591;54.7;29.7;Tue Jul 23 2019 15:30:23 GMT+0200 (CEST);Tue Jul 23 2019 13:30:23 GMT+0200 (CEST);1563888623000;4.13;889.51
1380556833984591;54.7;29.1;Tue Jul 23 2019 15:31:41 GMT+0200 (CEST);Tue Jul 23 2019 13:31:41 GMT+0200 (CEST);1563888701000;4.13;889.51
1380556833984591;54.7;29.6;Tue Jul 23 2019 15:33:05 GMT+0200 (CEST);Tue Jul 23 2019 13:33:05 GMT+0200 (CEST);1563888785000;4.02;889.51
1380556833984591;54.7;29.9;Tue Jul 23 2019 15:34:21 GMT+0200 (CEST);Tue Jul 23 2019 13:34:21 GMT+0200 (CEST);1563888861000;4.03;889.51
1380556833984591;54.7;30.1;Tue Jul 23 2019 15:35:38 GMT+0200 (CEST);Tue Jul 23 2019 13:35:38 GMT+0200 (CEST);1563888938000;3.98;889.51
1380556833984591;54.7;30.2;Tue Jul 23 2019 15:36:59 GMT+0200 (CEST);Tue Jul 23 2019 13:36:59 GMT+0200 (CEST);1563889019000;4.03;889.51
1380556833984591;54.7;30;Tue Jul 23 2019 15:38:17 GMT+0200 (CEST);Tue Jul 23 2019 13:38:17 GMT+0200 (CEST);1563889097000;3.99;889.51
1380556833984591;55.2;30;Tue Jul 23 2019 15:39:33 GMT+0200 (CEST);Tue Jul 23 2019 13:39:33 GMT+0200 (CEST);1563889173000;4.01;889.51
1380556833984591;55.2;29.9;Tue Jul 23 2019 15:40:47 GMT+0200 (CEST);Tue Jul 23 2019 13:40:47 GMT+0200 (CEST);1563889247000;4;889.51
1380556833984591;55.2;29.8;Tue Jul 23 2019 15:42:02 GMT+0200 (CEST);Tue Jul 23 2019 13:42:02 GMT+0200 (CEST);1563889322000;3.95;889.51
1380556833984591;55.2;29.9;Tue Jul 23 2019 15:43:18 GMT+0200 (CEST);Tue Jul 23 2019 13:43:18 GMT+0200 (CEST);1563889398000;3.95;889.51
1380556833984591;55.2;29.7;Tue Jul 23 2019 15:44:35 GMT+0200 (CEST);Tue Jul 23 2019 13:44:35 GMT+0200 (CEST);1563889475000;3.89;889.51
1380556833984591;55.2;29.7;Tue Jul 23 2019 15:45:53 GMT+0200 (CEST);Tue Jul 23 2019 13:45:53 GMT+0200 (CEST);1563889553000;3.93;889.51
1380556833984591;55.2;29.7;Tue Jul 23 2019 15:47:09 GMT+0200 (CEST);Tue Jul 23 2019 13:47:09 GMT+0200 (CEST);1563889629000;3.96;889.51
1380556833984591;55.2;29.7;Tue Jul 23 2019 15:48:34 GMT+0200 (CEST);Tue Jul 23 2019 13:48:34 GMT+0200 (CEST);1563889714000;3.94;889.51
1380556833984591;54.7;29.7;Tue Jul 23 2019 15:49:52 GMT+0200 (CEST);Tue Jul 23 2019 13:49:52 GMT+0200 (CEST);1563889792000;3.9;889.51
1380556833984591;54.7;29.7;Tue Jul 23 2019 15:51:07 GMT+0200 (CEST);Tue Jul 23 2019 13:51:07 GMT+0200 (CEST);1563889867000;3.93;889.51
1380556833984591;54.7;29.7;Tue Jul 23 2019 15:52:26 GMT+0200 (CEST);Tue Jul 23 2019 13:52:26 GMT+0200 (CEST);1563889946000;3.81;889.51
1380556833984591;54.7;30.4;Tue Jul 23 2019 15:53:44 GMT+0200 (CEST);Tue Jul 23 2019 13:53:44 GMT+0200 (CEST);1563890024000;3.8;889.51
1380556833984591;54.7;29.9;Tue Jul 23 2019 15:54:57 GMT+0200 (CEST);Tue Jul 23 2019 13:54:57 GMT+0200 (CEST);1563890097000;3.81;889.51
1380556833984591;54.7;30;Tue Jul 23 2019 15:56:14 GMT+0200 (CEST);Tue Jul 23 2019 13:56:14 GMT+0200 (CEST);1563890174000;3.76;889.51
1380556833984591;54.7;30.5;Tue Jul 23 2019 15:57:33 GMT+0200 (CEST);Tue Jul 23 2019 13:57:33 GMT+0200 (CEST);1563890253000;3.72;889.51
1380556833984591;54.7;30.3;Tue Jul 23 2019 15:58:48 GMT+0200 (CEST);Tue Jul 23 2019 13:58:48 GMT+0200 (CEST);1563890328000;3.72;889.51
1380556833984591;54.7;30.3;Tue Jul 23 2019 16:00:04 GMT+0200 (CEST);Tue Jul 23 2019 14:00:04 GMT+0200 (CEST);1563890404000;3.66;889.51
1380556833984591;54.7;30.8;Tue Jul 23 2019 16:01:18 GMT+0200 (CEST);Tue Jul 23 2019 14:01:18 GMT+0200 (CEST);1563890478000;3.57;889.51
1380556833984591;54.7;30.8;Tue Jul 23 2019 16:02:38 GMT+0200 (CEST);Tue Jul 23 2019 14:02:38 GMT+0200 (CEST);1563890558000;3.48;889.51
1380556833984591;54.7;30.8;Tue Jul 23 2019 16:04:07 GMT+0200 (CEST);Tue Jul 23 2019 14:04:07 GMT+0200 (CEST);1563890647000;3.54;889.51
1380556833984591;54.7;31.1;Tue Jul 23 2019 16:05:23 GMT+0200 (CEST);Tue Jul 23 2019 14:05:23 GMT+0200 (CEST);1563890723000;3.53;889.51
1380556833984591;54.7;31.1;Tue Jul 23 2019 16:06:41 GMT+0200 (CEST);Tue Jul 23 2019 14:06:41 GMT+0200 (CEST);1563890801000;3.6;889.51
1380556833984591;54.7;30;Tue Jul 23 2019 16:07:59 GMT+0200 (CEST);Tue Jul 23 2019 14:07:59 GMT+0200 (CEST);1563890879000;3.61;889.51
1380556833984591;54.7;30.6;Tue Jul 23 2019 16:09:18 GMT+0200 (CEST);Tue Jul 23 2019 14:09:18 GMT+0200 (CEST);1563890958000;3.59;889.51
1380556833984591;54.7;30.6;Tue Jul 23 2019 16:10:32 GMT+0200 (CEST);Tue Jul 23 2019 14:10:32 GMT+0200 (CEST);1563891032000;3.45;889.51
1380556833984591;54.7;31.1;Tue Jul 23 2019 16:11:46 GMT+0200 (CEST);Tue Jul 23 2019 14:11:46 GMT+0200 (CEST);1563891106000;3.46;889.51
1380556833984591;54.7;30.6;Tue Jul 23 2019 16:13:02 GMT+0200 (CEST);Tue Jul 23 2019 14:13:02 GMT+0200 (CEST);1563891182000;3.45;889.51
1380556833984591;54.7;30.6;Tue Jul 23 2019 16:14:24 GMT+0200 (CEST);Tue Jul 23 2019 14:14:24 GMT+0200 (CEST);1563891264000;3.45;889.51
1380556833984591;54.7;30.6;Tue Jul 23 2019 16:15:41 GMT+0200 (CEST);Tue Jul 23 2019 14:15:41 GMT+0200 (CEST);1563891341000;3.4;889.51
1380556833984591;54.7;30.6;Tue Jul 23 2019 16:16:54 GMT+0200 (CEST);Tue Jul 23 2019 14:16:54 GMT+0200 (CEST);1563891414000;3.34;889.51
1380556833984591;54.7;30.9;Tue Jul 23 2019 16:18:08 GMT+0200 (CEST);Tue Jul 23 2019 14:18:08 GMT+0200 (CEST);1563891488000;3.21;889.51
1380556833984591;53.2;31.1;Tue Jul 23 2019 16:19:44 GMT+0200 (CEST);Tue Jul 23 2019 14:19:44 GMT+0200 (CEST);1563891584000;3.29;889.51
1380556833984591;53.2;30.9;Tue Jul 23 2019 16:21:12 GMT+0200 (CEST);Tue Jul 23 2019 14:21:12 GMT+0200 (CEST);1563891672000;3.33;889.51
1380556833984591;53.2;31.1;Tue Jul 23 2019 16:22:27 GMT+0200 (CEST);Tue Jul 23 2019 14:22:27 GMT+0200 (CEST);1563891747000;3.21;889.51
1380556833984591;52.7;31.2;Tue Jul 23 2019 16:23:45 GMT+0200 (CEST);Tue Jul 23 2019 14:23:45 GMT+0200 (CEST);1563891825000;3.08;889.51
1380556833984591;52.7;31.6;Tue Jul 23 2019 16:25:02 GMT+0200 (CEST);Tue Jul 23 2019 14:25:02 GMT+0200 (CEST);1563891902000;3.08;889.51
1380556833984591;52.7;31.5;Tue Jul 23 2019 16:26:16 GMT+0200 (CEST);Tue Jul 23 2019 14:26:16 GMT+0200 (CEST);1563891976000;3.19;889.51
1380556833984591;52.7;31.3;Tue Jul 23 2019 16:27:31 GMT+0200 (CEST);Tue Jul 23 2019 14:27:31 GMT+0200 (CEST);1563892051000;3.22;889.51
1380556833984591;53.2;30.2;Tue Jul 23 2019 16:28:45 GMT+0200 (CEST);Tue Jul 23 2019 14:28:45 GMT+0200 (CEST);1563892125000;3.21;889.51
1380556833984591;53.2;30.2;Tue Jul 23 2019 16:30:05 GMT+0200 (CEST);Tue Jul 23 2019 14:30:05 GMT+0200 (CEST);1563892205000;3.04;889.51
1380556833984591;53.2;31.2;Tue Jul 23 2019 16:31:22 GMT+0200 (CEST);Tue Jul 23 2019 14:31:22 GMT+0200 (CEST);1563892282000;3.07;889.51
1380556833984591;52.7;31.2;Tue Jul 23 2019 16:32:39 GMT+0200 (CEST);Tue Jul 23 2019 14:32:39 GMT+0200 (CEST);1563892359000;3.06;889.51
1380556833984591;52.7;31.4;Tue Jul 23 2019 16:34:01 GMT+0200 (CEST);Tue Jul 23 2019 14:34:01 GMT+0200 (CEST);1563892441000;3.11;889.51
1380556833984591;52.7;31.1;Tue Jul 23 2019 16:35:17 GMT+0200 (CEST);Tue Jul 23 2019 14:35:17 GMT+0200 (CEST);1563892517000;3.2;889.51
1380556833984591;52.7;30.5;Tue Jul 23 2019 16:36:38 GMT+0200 (CEST);Tue Jul 23 2019 14:36:38 GMT+0200 (CEST);1563892598000;3.1;889.51
1380556833984591;52.7;30.1;Tue Jul 23 2019 16:37:56 GMT+0200 (CEST);Tue Jul 23 2019 14:37:56 GMT+0200 (CEST);1563892676000;3.15;889.51
1380556833984591;52.7;30.1;Tue Jul 23 2019 16:39:23 GMT+0200 (CEST);Tue Jul 23 2019 14:39:23 GMT+0200 (CEST);1563892763000;3.13;889.51
1380556833984591;52.7;30.1;Tue Jul 23 2019 16:40:39 GMT+0200 (CEST);Tue Jul 23 2019 14:40:39 GMT+0200 (CEST);1563892839000;3.07;889.51
1380556833984591;52.7;30.2;Tue Jul 23 2019 16:41:54 GMT+0200 (CEST);Tue Jul 23 2019 14:41:54 GMT+0200 (CEST);1563892914000;3.08;889.51
1380556833984591;51.2;30.2;Tue Jul 23 2019 16:43:10 GMT+0200 (CEST);Tue Jul 23 2019 14:43:10 GMT+0200 (CEST);1563892990000;3.07;889.51
1380556833984591;51.2;30.2;Tue Jul 23 2019 16:44:24 GMT+0200 (CEST);Tue Jul 23 2019 14:44:24 GMT+0200 (CEST);1563893064000;3.06;889.51
1380556833984591;51.2;30.3;Tue Jul 23 2019 16:45:40 GMT+0200 (CEST);Tue Jul 23 2019 14:45:40 GMT+0200 (CEST);1563893140000;3.04;889.51
1380556833984591;51.2;30.3;Tue Jul 23 2019 16:46:58 GMT+0200 (CEST);Tue Jul 23 2019 14:46:58 GMT+0200 (CEST);1563893218000;3.01;889.51
1380556833984591;51.2;30.3;Tue Jul 23 2019 16:48:13 GMT+0200 (CEST);Tue Jul 23 2019 14:48:13 GMT+0200 (CEST);1563893293000;3.01;889.51
1380556833984591;51.2;30.3;Tue Jul 23 2019 16:49:28 GMT+0200 (CEST);Tue Jul 23 2019 14:49:28 GMT+0200 (CEST);1563893368000;2.97;889.51
1380556833984591;51.2;30.9;Tue Jul 23 2019 16:50:44 GMT+0200 (CEST);Tue Jul 23 2019 14:50:44 GMT+0200 (CEST);1563893444000;2.9;889.51
1380556833984591;51.2;31.2;Tue Jul 23 2019 16:51:58 GMT+0200 (CEST);Tue Jul 23 2019 14:51:58 GMT+0200 (CEST);1563893518000;2.94;889.51
1380556833984591;51.2;30.4;Tue Jul 23 2019 16:53:15 GMT+0200 (CEST);Tue Jul 23 2019 14:53:15 GMT+0200 (CEST);1563893595000;2.9;889.51
1380556833984591;51.2;30.5;Tue Jul 23 2019 16:54:40 GMT+0200 (CEST);Tue Jul 23 2019 14:54:40 GMT+0200 (CEST);1563893680000;2.86;889.51
1380556833984591;51.2;30.5;Tue Jul 23 2019 16:56:01 GMT+0200 (CEST);Tue Jul 23 2019 14:56:01 GMT+0200 (CEST);1563893761000;2.88;889.51
1380556833984591;50.7;30.5;Tue Jul 23 2019 16:57:16 GMT+0200 (CEST);Tue Jul 23 2019 14:57:16 GMT+0200 (CEST);1563893836000;2.88;889.51
1380556833984591;50.7;30.8;Tue Jul 23 2019 16:58:32 GMT+0200 (CEST);Tue Jul 23 2019 14:58:32 GMT+0200 (CEST);1563893912000;2.86;889.51
1380556833984591;50.7;30.3;Tue Jul 23 2019 16:59:47 GMT+0200 (CEST);Tue Jul 23 2019 14:59:47 GMT+0200 (CEST);1563893987000;2.83;889.51
1380556833984591;50.7;31;Tue Jul 23 2019 17:01:02 GMT+0200 (CEST);Tue Jul 23 2019 15:01:02 GMT+0200 (CEST);1563894062000;2.77;889.51
1380556833984591;50.7;31.1;Tue Jul 23 2019 17:02:18 GMT+0200 (CEST);Tue Jul 23 2019 15:02:18 GMT+0200 (CEST);1563894138000;2.77;889.51
1380556833984591;50.7;31;Tue Jul 23 2019 17:03:33 GMT+0200 (CEST);Tue Jul 23 2019 15:03:33 GMT+0200 (CEST);1563894213000;2.77;889.51
1380556833984591;50.7;30.4;Tue Jul 23 2019 17:04:48 GMT+0200 (CEST);Tue Jul 23 2019 15:04:48 GMT+0200 (CEST);1563894288000;2.69;889.51
1380556833984591;50.7;30.8;Tue Jul 23 2019 17:06:10 GMT+0200 (CEST);Tue Jul 23 2019 15:06:10 GMT+0200 (CEST);1563894370000;2.65;889.51
1380556833984591;50.7;31.2;Tue Jul 23 2019 17:07:23 GMT+0200 (CEST);Tue Jul 23 2019 15:07:23 GMT+0200 (CEST);1563894443000;2.61;889.51
1380556833984591;50.7;31.2;Tue Jul 23 2019 17:08:42 GMT+0200 (CEST);Tue Jul 23 2019 15:08:42 GMT+0200 (CEST);1563894522000;2.58;889.51
1380556833984591;50.7;30.6;Tue Jul 23 2019 17:09:57 GMT+0200 (CEST);Tue Jul 23 2019 15:09:57 GMT+0200 (CEST);1563894597000;2.56;889.51
1380556833984591;48.2;30.6;Tue Jul 23 2019 17:11:12 GMT+0200 (CEST);Tue Jul 23 2019 15:11:12 GMT+0200 (CEST);1563894672000;2.52;889.51
1380556833984591;48.2;30.5;Tue Jul 23 2019 17:12:29 GMT+0200 (CEST);Tue Jul 23 2019 15:12:29 GMT+0200 (CEST);1563894749000;2.53;889.51
1380556833984591;48.2;30.5;Tue Jul 23 2019 17:13:46 GMT+0200 (CEST);Tue Jul 23 2019 15:13:46 GMT+0200 (CEST);1563894826000;2.51;889.51
1380556833984591;48.2;31.1;Tue Jul 23 2019 17:15:06 GMT+0200 (CEST);Tue Jul 23 2019 15:15:06 GMT+0200 (CEST);1563894906000;2.46;889.51
1380556833984591;48.2;30.6;Tue Jul 23 2019 17:16:20 GMT+0200 (CEST);Tue Jul 23 2019 15:16:20 GMT+0200 (CEST);1563894980000;2.39;889.51
1380556833984591;48.2;30.6;Tue Jul 23 2019 17:17:41 GMT+0200 (CEST);Tue Jul 23 2019 15:17:41 GMT+0200 (CEST);1563895061000;2.31;889.51
1380556833984591;48.2;31;Tue Jul 23 2019 17:18:59 GMT+0200 (CEST);Tue Jul 23 2019 15:18:59 GMT+0200 (CEST);1563895139000;2.25;889.51
1380556833984591;48.2;30.9;Tue Jul 23 2019 17:20:15 GMT+0200 (CEST);Tue Jul 23 2019 15:20:15 GMT+0200 (CEST);1563895215000;2.28;889.51
1380556833984591;48.2;31;Tue Jul 23 2019 17:21:36 GMT+0200 (CEST);Tue Jul 23 2019 15:21:36 GMT+0200 (CEST);1563895296000;2.22;889.51
1380556833984591;48.2;31.2;Tue Jul 23 2019 17:22:51 GMT+0200 (CEST);Tue Jul 23 2019 15:22:51 GMT+0200 (CEST);1563895371000;2.26;889.51
1380556833984591;48.2;31.5;Tue Jul 23 2019 17:24:05 GMT+0200 (CEST);Tue Jul 23 2019 15:24:05 GMT+0200 (CEST);1563895445000;2.2;889.51
1380556833984591;48.2;31.3;Tue Jul 23 2019 17:25:25 GMT+0200 (CEST);Tue Jul 23 2019 15:25:25 GMT+0200 (CEST);1563895525000;2.15;889.51
1380556833984591;48.2;31.2;Tue Jul 23 2019 17:26:42 GMT+0200 (CEST);Tue Jul 23 2019 15:26:42 GMT+0200 (CEST);1563895602000;2.13;889.51
1380556833984591;48.2;31.4;Tue Jul 23 2019 17:27:57 GMT+0200 (CEST);Tue Jul 23 2019 15:27:57 GMT+0200 (CEST);1563895677000;2.16;889.51
1380556833984591;48.2;31.1;Tue Jul 23 2019 17:29:24 GMT+0200 (CEST);Tue Jul 23 2019 15:29:24 GMT+0200 (CEST);1563895764000;2.16;889.51
1380556833984591;47.2;31.1;Tue Jul 23 2019 17:30:40 GMT+0200 (CEST);Tue Jul 23 2019 15:30:40 GMT+0200 (CEST);1563895840000;2.15;889.51
1380556833984591;47.2;31.6;Tue Jul 23 2019 17:31:55 GMT+0200 (CEST);Tue Jul 23 2019 15:31:55 GMT+0200 (CEST);1563895915000;2.14;889.51
1380556833984591;47.2;31.6;Tue Jul 23 2019 17:33:12 GMT+0200 (CEST);Tue Jul 23 2019 15:33:12 GMT+0200 (CEST);1563895992000;2.07;889.51
1380556833984591;47.2;31.5;Tue Jul 23 2019 17:34:27 GMT+0200 (CEST);Tue Jul 23 2019 15:34:27 GMT+0200 (CEST);1563896067000;2.14;889.51
1380556833984591;47.2;31.3;Tue Jul 23 2019 17:35:44 GMT+0200 (CEST);Tue Jul 23 2019 15:35:44 GMT+0200 (CEST);1563896144000;2.04;889.51
1380556833984591;47.2;31.5;Tue Jul 23 2019 17:37:14 GMT+0200 (CEST);Tue Jul 23 2019 15:37:14 GMT+0200 (CEST);1563896234000;1.98;889.51
1380556833984591;47.2;31.5;Tue Jul 23 2019 17:38:32 GMT+0200 (CEST);Tue Jul 23 2019 15:38:32 GMT+0200 (CEST);1563896312000;2.04;889.51
1380556833984591;47.2;31.7;Tue Jul 23 2019 17:39:48 GMT+0200 (CEST);Tue Jul 23 2019 15:39:48 GMT+0200 (CEST);1563896388000;1.96;889.51
1380556833984591;47.2;32;Tue Jul 23 2019 17:41:06 GMT+0200 (CEST);Tue Jul 23 2019 15:41:06 GMT+0200 (CEST);1563896466000;2.01;889.51
1380556833984591;47.2;31.8;Tue Jul 23 2019 17:42:25 GMT+0200 (CEST);Tue Jul 23 2019 15:42:25 GMT+0200 (CEST);1563896545000;2;889.51
1380556833984591;47.2;31.9;Tue Jul 23 2019 17:43:40 GMT+0200 (CEST);Tue Jul 23 2019 15:43:40 GMT+0200 (CEST);1563896620000;1.96;889.51
1380556833984591;47.2;31.7;Tue Jul 23 2019 17:44:57 GMT+0200 (CEST);Tue Jul 23 2019 15:44:57 GMT+0200 (CEST);1563896697000;1.86;889.51
1380556833984591;47.2;31.5;Tue Jul 23 2019 17:46:14 GMT+0200 (CEST);Tue Jul 23 2019 15:46:14 GMT+0200 (CEST);1563896774000;1.86;889.51
1380556833984591;47.2;31.5;Tue Jul 23 2019 17:47:29 GMT+0200 (CEST);Tue Jul 23 2019 15:47:29 GMT+0200 (CEST);1563896849000;1.84;889.51
1380556833984591;47.2;31.5;Tue Jul 23 2019 17:48:51 GMT+0200 (CEST);Tue Jul 23 2019 15:48:51 GMT+0200 (CEST);1563896931000;1.77;889.51
1380556833984591;46.7;32;Tue Jul 23 2019 17:50:04 GMT+0200 (CEST);Tue Jul 23 2019 15:50:04 GMT+0200 (CEST);1563897004000;1.73;889.51
1380556833984591;46.7;32.2;Tue Jul 23 2019 17:51:19 GMT+0200 (CEST);Tue Jul 23 2019 15:51:19 GMT+0200 (CEST);1563897079000;1.71;889.51
1380556833984591;46.7;32;Tue Jul 23 2019 17:52:44 GMT+0200 (CEST);Tue Jul 23 2019 15:52:44 GMT+0200 (CEST);1563897164000;1.67;889.51
1380556833984591;47.2;32;Tue Jul 23 2019 17:54:00 GMT+0200 (CEST);Tue Jul 23 2019 15:54:00 GMT+0200 (CEST);1563897240000;1.63;889.51
1380556833984591;47.2;31.7;Tue Jul 23 2019 17:55:18 GMT+0200 (CEST);Tue Jul 23 2019 15:55:18 GMT+0200 (CEST);1563897318000;1.68;889.51
1380556833984591;47.2;32.1;Tue Jul 23 2019 17:56:35 GMT+0200 (CEST);Tue Jul 23 2019 15:56:35 GMT+0200 (CEST);1563897395000;1.64;889.51
1380556833984591;47.2;32.1;Tue Jul 23 2019 17:57:49 GMT+0200 (CEST);Tue Jul 23 2019 15:57:49 GMT+0200 (CEST);1563897469000;1.61;889.51
1380556833984591;46.7;32;Tue Jul 23 2019 17:59:06 GMT+0200 (CEST);Tue Jul 23 2019 15:59:06 GMT+0200 (CEST);1563897546000;1.64;889.51
1380556833984591;46.7;31.9;Tue Jul 23 2019 18:00:27 GMT+0200 (CEST);Tue Jul 23 2019 16:00:27 GMT+0200 (CEST);1563897627000;1.62;889.51
1380556833984591;46.7;32;Tue Jul 23 2019 18:01:45 GMT+0200 (CEST);Tue Jul 23 2019 16:01:45 GMT+0200 (CEST);1563897705000;1.58;889.51
1380556833984591;46.7;32.4;Tue Jul 23 2019 18:03:00 GMT+0200 (CEST);Tue Jul 23 2019 16:03:00 GMT+0200 (CEST);1563897780000;1.55;889.51
1380556833984591;46.7;32.5;Tue Jul 23 2019 18:04:28 GMT+0200 (CEST);Tue Jul 23 2019 16:04:28 GMT+0200 (CEST);1563897868000;1.56;889.51
1380556833984591;46.7;32.2;Tue Jul 23 2019 18:05:45 GMT+0200 (CEST);Tue Jul 23 2019 16:05:45 GMT+0200 (CEST);1563897945000;1.54;889.51
1380556833984591;46.7;32.3;Tue Jul 23 2019 18:07:00 GMT+0200 (CEST);Tue Jul 23 2019 16:07:00 GMT+0200 (CEST);1563898020000;1.45;889.51
1380556833984591;46.7;32.5;Tue Jul 23 2019 18:08:17 GMT+0200 (CEST);Tue Jul 23 2019 16:08:17 GMT+0200 (CEST);1563898097000;1.45;889.51
1380556833984591;46.7;32.6;Tue Jul 23 2019 18:09:34 GMT+0200 (CEST);Tue Jul 23 2019 16:09:34 GMT+0200 (CEST);1563898174000;1.44;889.51
1380556833984591;46.7;32.2;Tue Jul 23 2019 18:10:51 GMT+0200 (CEST);Tue Jul 23 2019 16:10:51 GMT+0200 (CEST);1563898251000;1.43;889.51
1380556833984591;46.7;32.1;Tue Jul 23 2019 18:12:07 GMT+0200 (CEST);Tue Jul 23 2019 16:12:07 GMT+0200 (CEST);1563898327000;1.37;889.51
1380556833984591;45.2;32.4;Tue Jul 23 2019 18:13:23 GMT+0200 (CEST);Tue Jul 23 2019 16:13:23 GMT+0200 (CEST);1563898403000;1.35;889.51
1380556833984591;45.2;32.5;Tue Jul 23 2019 18:14:38 GMT+0200 (CEST);Tue Jul 23 2019 16:14:38 GMT+0200 (CEST);1563898478000;1.35;889.51
1380556833984591;45.2;32.3;Tue Jul 23 2019 18:15:54 GMT+0200 (CEST);Tue Jul 23 2019 16:15:54 GMT+0200 (CEST);1563898554000;1.3;889.51
1380556833984591;45.2;32.5;Tue Jul 23 2019 18:17:11 GMT+0200 (CEST);Tue Jul 23 2019 16:17:11 GMT+0200 (CEST);1563898631000;1.29;889.51
1380556833984591;45.2;32.5;Tue Jul 23 2019 18:18:26 GMT+0200 (CEST);Tue Jul 23 2019 16:18:26 GMT+0200 (CEST);1563898706000;1.24;889.51
1380556833984591;45.2;32.4;Tue Jul 23 2019 18:19:59 GMT+0200 (CEST);Tue Jul 23 2019 16:19:59 GMT+0200 (CEST);1563898799000;1.23;889.51
1380556833984591;45.2;32.3;Tue Jul 23 2019 18:21:15 GMT+0200 (CEST);Tue Jul 23 2019 16:21:15 GMT+0200 (CEST);1563898875000;1.2;889.51
1380556833984591;45.2;32.5;Tue Jul 23 2019 18:22:31 GMT+0200 (CEST);Tue Jul 23 2019 16:22:31 GMT+0200 (CEST);1563898951000;1.15;889.51
1380556833984591;44.7;32.6;Tue Jul 23 2019 18:23:54 GMT+0200 (CEST);Tue Jul 23 2019 16:23:54 GMT+0200 (CEST);1563899034000;1.14;889.51
1380556833984591;44.7;32.5;Tue Jul 23 2019 18:25:10 GMT+0200 (CEST);Tue Jul 23 2019 16:25:10 GMT+0200 (CEST);1563899110000;1.09;889.51
1380556833984591;44.7;32.5;Tue Jul 23 2019 18:26:27 GMT+0200 (CEST);Tue Jul 23 2019 16:26:27 GMT+0200 (CEST);1563899187000;1.07;889.51
1380556833984591;44.7;32.5;Tue Jul 23 2019 18:27:44 GMT+0200 (CEST);Tue Jul 23 2019 16:27:44 GMT+0200 (CEST);1563899264000;1.1;889.51
1380556833984591;44.7;32.6;Tue Jul 23 2019 18:28:58 GMT+0200 (CEST);Tue Jul 23 2019 16:28:58 GMT+0200 (CEST);1563899338000;1.05;889.51
1380556833984591;44.7;32.7;Tue Jul 23 2019 18:30:13 GMT+0200 (CEST);Tue Jul 23 2019 16:30:13 GMT+0200 (CEST);1563899413000;1.04;889.51
1380556833984591;44.7;32.6;Tue Jul 23 2019 18:31:31 GMT+0200 (CEST);Tue Jul 23 2019 16:31:31 GMT+0200 (CEST);1563899491000;1.03;889.51
1380556833984591;44.7;32.6;Tue Jul 23 2019 18:32:46 GMT+0200 (CEST);Tue Jul 23 2019 16:32:46 GMT+0200 (CEST);1563899566000;0.98;889.51
1380556833984591;44.7;32.7;Tue Jul 23 2019 18:34:02 GMT+0200 (CEST);Tue Jul 23 2019 16:34:02 GMT+0200 (CEST);1563899642000;0.97;889.51
1380556833984591;44.7;32.6;Tue Jul 23 2019 18:35:27 GMT+0200 (CEST);Tue Jul 23 2019 16:35:27 GMT+0200 (CEST);1563899727000;0.92;889.51
1380556833984591;44.7;32.4;Tue Jul 23 2019 18:36:48 GMT+0200 (CEST);Tue Jul 23 2019 16:36:48 GMT+0200 (CEST);1563899808000;0.87;889.51
1380556833984591;43.1;32.5;Tue Jul 23 2019 18:38:04 GMT+0200 (CEST);Tue Jul 23 2019 16:38:04 GMT+0200 (CEST);1563899884000;0.88;889.51
1380556833984591;43.1;32.5;Tue Jul 23 2019 18:39:38 GMT+0200 (CEST);Tue Jul 23 2019 16:39:38 GMT+0200 (CEST);1563899978000;0.85;889.51
1380556833984591;43.1;32.5;Tue Jul 23 2019 18:40:54 GMT+0200 (CEST);Tue Jul 23 2019 16:40:54 GMT+0200 (CEST);1563900054000;0.83;889.51
1380556833984591;43.1;32.6;Tue Jul 23 2019 18:42:07 GMT+0200 (CEST);Tue Jul 23 2019 16:42:07 GMT+0200 (CEST);1563900127000;0.8;889.51
1380556833984591;43.1;32.5;Tue Jul 23 2019 18:43:21 GMT+0200 (CEST);Tue Jul 23 2019 16:43:21 GMT+0200 (CEST);1563900201000;0.79;889.51
1380556833984591;43.1;32.6;Tue Jul 23 2019 18:44:37 GMT+0200 (CEST);Tue Jul 23 2019 16:44:37 GMT+0200 (CEST);1563900277000;0.76;889.51
1380556833984591;43.1;32.6;Tue Jul 23 2019 18:45:52 GMT+0200 (CEST);Tue Jul 23 2019 16:45:52 GMT+0200 (CEST);1563900352000;0.75;889.51
1380556833984591;42.6;32.8;Tue Jul 23 2019 18:47:21 GMT+0200 (CEST);Tue Jul 23 2019 16:47:21 GMT+0200 (CEST);1563900441000;0.72;889.51
1380556833984591;42.6;32.5;Tue Jul 23 2019 18:48:35 GMT+0200 (CEST);Tue Jul 23 2019 16:48:35 GMT+0200 (CEST);1563900515000;0.68;889.51
1380556833984591;42.6;32.6;Tue Jul 23 2019 18:49:49 GMT+0200 (CEST);Tue Jul 23 2019 16:49:49 GMT+0200 (CEST);1563900589000;0.64;889.51
1380556833984591;42.6;32.5;Tue Jul 23 2019 18:51:08 GMT+0200 (CEST);Tue Jul 23 2019 16:51:08 GMT+0200 (CEST);1563900668000;0.62;889.51
1380556833984591;42.6;32.2;Tue Jul 23 2019 18:52:26 GMT+0200 (CEST);Tue Jul 23 2019 16:52:26 GMT+0200 (CEST);1563900746000;0.58;889.51
1380556833984591;42.6;32.4;Tue Jul 23 2019 18:53:44 GMT+0200 (CEST);Tue Jul 23 2019 16:53:44 GMT+0200 (CEST);1563900824000;0.52;889.51
1380556833984591;42.6;32.4;Tue Jul 23 2019 18:55:07 GMT+0200 (CEST);Tue Jul 23 2019 16:55:07 GMT+0200 (CEST);1563900907000;0.56;889.51
1380556833984591;42.6;32.4;Tue Jul 23 2019 18:56:23 GMT+0200 (CEST);Tue Jul 23 2019 16:56:23 GMT+0200 (CEST);1563900983000;0.56;889.51
1380556833984591;41.1;32.6;Tue Jul 23 2019 18:57:37 GMT+0200 (CEST);Tue Jul 23 2019 16:57:37 GMT+0200 (CEST);1563901057000;0.54;889.51
1380556833984591;41.1;32.6;Tue Jul 23 2019 18:58:51 GMT+0200 (CEST);Tue Jul 23 2019 16:58:51 GMT+0200 (CEST);1563901131000;0.52;889.51
1380556833984591;41.1;32.8;Tue Jul 23 2019 19:00:07 GMT+0200 (CEST);Tue Jul 23 2019 17:00:07 GMT+0200 (CEST);1563901207000;0.53;889.51
1380556833984591;41.1;32.6;Tue Jul 23 2019 19:01:24 GMT+0200 (CEST);Tue Jul 23 2019 17:01:24 GMT+0200 (CEST);1563901284000;0.5;889.51
1380556833984591;40.6;32.5;Tue Jul 23 2019 19:02:41 GMT+0200 (CEST);Tue Jul 23 2019 17:02:41 GMT+0200 (CEST);1563901361000;0.5;889.51
1380556833984591;40.6;32.7;Tue Jul 23 2019 19:03:56 GMT+0200 (CEST);Tue Jul 23 2019 17:03:56 GMT+0200 (CEST);1563901436000;0.48;889.51
1380556833984591;40.6;32.8;Tue Jul 23 2019 19:05:11 GMT+0200 (CEST);Tue Jul 23 2019 17:05:11 GMT+0200 (CEST);1563901511000;0.47;889.51
1380556833984591;40.6;32.7;Tue Jul 23 2019 19:06:39 GMT+0200 (CEST);Tue Jul 23 2019 17:06:39 GMT+0200 (CEST);1563901599000;0.44;889.51
1380556833984591;40.6;33;Tue Jul 23 2019 19:07:57 GMT+0200 (CEST);Tue Jul 23 2019 17:07:57 GMT+0200 (CEST);1563901677000;0.41;889.51
1380556833984591;40.6;32.9;Tue Jul 23 2019 19:09:19 GMT+0200 (CEST);Tue Jul 23 2019 17:09:19 GMT+0200 (CEST);1563901759000;0.41;889.51
1380556833984591;40.6;32.8;Tue Jul 23 2019 19:10:33 GMT+0200 (CEST);Tue Jul 23 2019 17:10:33 GMT+0200 (CEST);1563901833000;0.38;889.51
1380556833984591;40.6;33;Tue Jul 23 2019 19:11:49 GMT+0200 (CEST);Tue Jul 23 2019 17:11:49 GMT+0200 (CEST);1563901909000;0.38;889.51
1380556833984591;40.6;32.9;Tue Jul 23 2019 19:13:04 GMT+0200 (CEST);Tue Jul 23 2019 17:13:04 GMT+0200 (CEST);1563901984000;0.36;889.51
1380556833984591;40.6;32.9;Tue Jul 23 2019 19:14:31 GMT+0200 (CEST);Tue Jul 23 2019 17:14:31 GMT+0200 (CEST);1563902071000;0.35;889.51
1380556833984591;40.6;32.8;Tue Jul 23 2019 19:15:46 GMT+0200 (CEST);Tue Jul 23 2019 17:15:46 GMT+0200 (CEST);1563902146000;0.33;889.51
1380556833984591;39.1;32.8;Tue Jul 23 2019 19:16:59 GMT+0200 (CEST);Tue Jul 23 2019 17:16:59 GMT+0200 (CEST);1563902219000;0.32;889.51
1380556833984591;39.1;32.8;Tue Jul 23 2019 19:18:16 GMT+0200 (CEST);Tue Jul 23 2019 17:18:16 GMT+0200 (CEST);1563902296000;0.3;889.51
1380556833984591;39.1;32.9;Tue Jul 23 2019 19:19:29 GMT+0200 (CEST);Tue Jul 23 2019 17:19:29 GMT+0200 (CEST);1563902369000;0.29;889.51
1380556833984591;39.1;32.9;Tue Jul 23 2019 19:20:42 GMT+0200 (CEST);Tue Jul 23 2019 17:20:42 GMT+0200 (CEST);1563902442000;0.28;889.51
1380556833984591;39.1;32.8;Tue Jul 23 2019 19:22:10 GMT+0200 (CEST);Tue Jul 23 2019 17:22:10 GMT+0200 (CEST);1563902530000;0.26;889.51
1380556833984591;39.1;32.8;Tue Jul 23 2019 19:23:26 GMT+0200 (CEST);Tue Jul 23 2019 17:23:26 GMT+0200 (CEST);1563902606000;0.25;889.51
1380556833984591;39.1;32.8;Tue Jul 23 2019 19:24:39 GMT+0200 (CEST);Tue Jul 23 2019 17:24:39 GMT+0200 (CEST);1563902679000;0.24;889.51
1380556833984591;39.1;32.5;Tue Jul 23 2019 19:25:52 GMT+0200 (CEST);Tue Jul 23 2019 17:25:52 GMT+0200 (CEST);1563902752000;0.22;889.51
1380556833984591;39.1;32.5;Tue Jul 23 2019 19:27:04 GMT+0200 (CEST);Tue Jul 23 2019 17:27:04 GMT+0200 (CEST);1563902824000;0.21;889.51
1380556833984591;39.1;32.5;Tue Jul 23 2019 19:28:19 GMT+0200 (CEST);Tue Jul 23 2019 17:28:19 GMT+0200 (CEST);1563902899000;0.2;889.51
1380556833984591;39.1;32.4;Tue Jul 23 2019 19:29:47 GMT+0200 (CEST);Tue Jul 23 2019 17:29:47 GMT+0200 (CEST);1563902987000;0.19;889.51
1380556833984591;39.1;32.3;Tue Jul 23 2019 19:31:03 GMT+0200 (CEST);Tue Jul 23 2019 17:31:03 GMT+0200 (CEST);1563903063000;0.18;889.51
1380556833984591;38.6;32.3;Tue Jul 23 2019 19:32:16 GMT+0200 (CEST);Tue Jul 23 2019 17:32:16 GMT+0200 (CEST);1563903136000;0.17;889.51
1380556833984591;38.6;32.3;Tue Jul 23 2019 19:33:29 GMT+0200 (CEST);Tue Jul 23 2019 17:33:29 GMT+0200 (CEST);1563903209000;0.16;889.51
1380556833984591;38.6;32.2;Tue Jul 23 2019 19:34:42 GMT+0200 (CEST);Tue Jul 23 2019 17:34:42 GMT+0200 (CEST);1563903282000;0.15;889.51
1380556833984591;38.6;32.1;Tue Jul 23 2019 19:35:55 GMT+0200 (CEST);Tue Jul 23 2019 17:35:55 GMT+0200 (CEST);1563903355000;0.14;889.51
1380556833984591;38.6;32;Tue Jul 23 2019 19:37:12 GMT+0200 (CEST);Tue Jul 23 2019 17:37:12 GMT+0200 (CEST);1563903432000;0.14;889.51
1380556833984591;38.6;32;Tue Jul 23 2019 19:38:27 GMT+0200 (CEST);Tue Jul 23 2019 17:38:27 GMT+0200 (CEST);1563903507000;0.13;889.51
1380556833984591;38.6;31.9;Tue Jul 23 2019 19:39:40 GMT+0200 (CEST);Tue Jul 23 2019 17:39:40 GMT+0200 (CEST);1563903580000;0.12;889.51
1380556833984591;38.6;31.9;Tue Jul 23 2019 19:41:02 GMT+0200 (CEST);Tue Jul 23 2019 17:41:02 GMT+0200 (CEST);1563903662000;0.12;889.51
1380556833984591;38.6;31.6;Tue Jul 23 2019 19:42:15 GMT+0200 (CEST);Tue Jul 23 2019 17:42:15 GMT+0200 (CEST);1563903735000;0.11;889.51
1380556833984591;38.6;31.5;Tue Jul 23 2019 19:43:31 GMT+0200 (CEST);Tue Jul 23 2019 17:43:31 GMT+0200 (CEST);1563903811000;0.11;889.51
1380556833984591;38.6;31.2;Tue Jul 23 2019 19:44:44 GMT+0200 (CEST);Tue Jul 23 2019 17:44:44 GMT+0200 (CEST);1563903884000;0.11;889.51
1380556833984591;37.1;31.2;Tue Jul 23 2019 19:45:57 GMT+0200 (CEST);Tue Jul 23 2019 17:45:57 GMT+0200 (CEST);1563903957000;0.1;889.51
1380556833984591;37.1;31;Tue Jul 23 2019 19:47:09 GMT+0200 (CEST);Tue Jul 23 2019 17:47:09 GMT+0200 (CEST);1563904029000;0.1;889.51
1380556833984591;37.1;30.8;Tue Jul 23 2019 19:48:22 GMT+0200 (CEST);Tue Jul 23 2019 17:48:22 GMT+0200 (CEST);1563904102000;0.09;889.51
1380556833984591;37.1;30.6;Tue Jul 23 2019 19:49:35 GMT+0200 (CEST);Tue Jul 23 2019 17:49:35 GMT+0200 (CEST);1563904175000;0.09;889.51
1380556833984591;36.6;30.6;Tue Jul 23 2019 19:50:48 GMT+0200 (CEST);Tue Jul 23 2019 17:50:48 GMT+0200 (CEST);1563904248000;0.08;889.51
1380556833984591;36.6;30.3;Tue Jul 23 2019 19:52:02 GMT+0200 (CEST);Tue Jul 23 2019 17:52:02 GMT+0200 (CEST);1563904322000;0.08;889.51
1380556833984591;36.6;30.2;Tue Jul 23 2019 19:53:14 GMT+0200 (CEST);Tue Jul 23 2019 17:53:14 GMT+0200 (CEST);1563904394000;0.08;889.51
1380556833984591;36.6;29.9;Tue Jul 23 2019 19:54:28 GMT+0200 (CEST);Tue Jul 23 2019 17:54:28 GMT+0200 (CEST);1563904468000;0.07;889.51
1380556833984591;36.6;29.8;Tue Jul 23 2019 19:55:41 GMT+0200 (CEST);Tue Jul 23 2019 17:55:41 GMT+0200 (CEST);1563904541000;0.07;889.51
1380556833984591;36.6;29.9;Tue Jul 23 2019 19:56:54 GMT+0200 (CEST);Tue Jul 23 2019 17:56:54 GMT+0200 (CEST);1563904614000;0.07;889.51
1380556833984591;36.6;29.8;Tue Jul 23 2019 19:58:14 GMT+0200 (CEST);Tue Jul 23 2019 17:58:14 GMT+0200 (CEST);1563904694000;0.07;889.51
1380556833984591;36.6;29.4;Tue Jul 23 2019 19:59:30 GMT+0200 (CEST);Tue Jul 23 2019 17:59:30 GMT+0200 (CEST);1563904770000;0.07;889.51
1380556833984591;36.6;29.5;Tue Jul 23 2019 20:00:56 GMT+0200 (CEST);Tue Jul 23 2019 18:00:56 GMT+0200 (CEST);1563904856000;0.07;889.51
1380556833984591;36.6;29.5;Tue Jul 23 2019 20:02:10 GMT+0200 (CEST);Tue Jul 23 2019 18:02:10 GMT+0200 (CEST);1563904930000;0.06;889.51
1380556833984591;36.6;29.6;Tue Jul 23 2019 20:03:24 GMT+0200 (CEST);Tue Jul 23 2019 18:03:24 GMT+0200 (CEST);1563905004000;0.06;889.51
1380556833984591;35.1;29.6;Tue Jul 23 2019 20:04:54 GMT+0200 (CEST);Tue Jul 23 2019 18:04:54 GMT+0200 (CEST);1563905094000;0.06;889.51
1380556833984591;35.1;29.1;Tue Jul 23 2019 20:06:12 GMT+0200 (CEST);Tue Jul 23 2019 18:06:12 GMT+0200 (CEST);1563905172000;0.06;889.51
1380556833984591;35.1;29.1;Tue Jul 23 2019 20:07:25 GMT+0200 (CEST);Tue Jul 23 2019 18:07:25 GMT+0200 (CEST);1563905245000;0.05;889.51
1380556833984591;35.1;29.3;Tue Jul 23 2019 20:08:47 GMT+0200 (CEST);Tue Jul 23 2019 18:08:47 GMT+0200 (CEST);1563905327000;0.06;889.51
1380556833984591;35.1;28.9;Tue Jul 23 2019 20:10:01 GMT+0200 (CEST);Tue Jul 23 2019 18:10:01 GMT+0200 (CEST);1563905401000;0.05;889.51
1380556833984591;35.1;28.8;Tue Jul 23 2019 20:11:14 GMT+0200 (CEST);Tue Jul 23 2019 18:11:14 GMT+0200 (CEST);1563905474000;0.05;889.51
1380556833984591;35.1;28.9;Tue Jul 23 2019 20:12:27 GMT+0200 (CEST);Tue Jul 23 2019 18:12:27 GMT+0200 (CEST);1563905547000;0.06;889.51
1380556833984591;35.1;29.1;Tue Jul 23 2019 20:13:42 GMT+0200 (CEST);Tue Jul 23 2019 18:13:42 GMT+0200 (CEST);1563905622000;0.05;889.51
1380556833984591;35.1;29.2;Tue Jul 23 2019 20:14:58 GMT+0200 (CEST);Tue Jul 23 2019 18:14:58 GMT+0200 (CEST);1563905698000;0.05;889.51
1380556833984591;35.1;29;Tue Jul 23 2019 20:16:28 GMT+0200 (CEST);Tue Jul 23 2019 18:16:28 GMT+0200 (CEST);1563905788000;0.04;889.51
1380556833984591;35.1;28.9;Tue Jul 23 2019 20:17:41 GMT+0200 (CEST);Tue Jul 23 2019 18:17:41 GMT+0200 (CEST);1563905861000;0.04;889.51
1380556833984591;35.1;29;Tue Jul 23 2019 20:18:54 GMT+0200 (CEST);Tue Jul 23 2019 18:18:54 GMT+0200 (CEST);1563905934000;0.04;889.51
1380556833984591;34.6;29.3;Tue Jul 23 2019 20:20:31 GMT+0200 (CEST);Tue Jul 23 2019 18:20:31 GMT+0200 (CEST);1563906031000;0.04;889.51
1380556833984591;34.6;29;Tue Jul 23 2019 20:21:44 GMT+0200 (CEST);Tue Jul 23 2019 18:21:44 GMT+0200 (CEST);1563906104000;0.04;889.51
1380556833984591;34.6;29.2;Tue Jul 23 2019 20:22:57 GMT+0200 (CEST);Tue Jul 23 2019 18:22:57 GMT+0200 (CEST);1563906177000;0.03;889.51
1380556833984591;34.6;28.8;Tue Jul 23 2019 20:24:18 GMT+0200 (CEST);Tue Jul 23 2019 18:24:18 GMT+0200 (CEST);1563906258000;0.03;889.51
1380556833984591;34.6;28.9;Tue Jul 23 2019 20:25:33 GMT+0200 (CEST);Tue Jul 23 2019 18:25:33 GMT+0200 (CEST);1563906333000;0.02;889.51
1380556833984591;34.6;28.9;Tue Jul 23 2019 20:27:07 GMT+0200 (CEST);Tue Jul 23 2019 18:27:07 GMT+0200 (CEST);1563906427000;0.03;889.51
1380556833984591;34.6;28.9;Tue Jul 23 2019 20:28:20 GMT+0200 (CEST);Tue Jul 23 2019 18:28:20 GMT+0200 (CEST);1563906500000;0.02;889.51
1380556833984591;34.6;28.6;Tue Jul 23 2019 20:29:34 GMT+0200 (CEST);Tue Jul 23 2019 18:29:34 GMT+0200 (CEST);1563906574000;0.02;889.51
1380556833984591;34.6;28.6;Tue Jul 23 2019 20:30:47 GMT+0200 (CEST);Tue Jul 23 2019 18:30:47 GMT+0200 (CEST);1563906647000;0.01;889.51
1380556833984591;34.6;28.2;Tue Jul 23 2019 20:32:02 GMT+0200 (CEST);Tue Jul 23 2019 18:32:02 GMT+0200 (CEST);1563906722000;0.01;889.51
1380556833984591;32.1;27.5;Tue Jul 23 2019 20:33:17 GMT+0200 (CEST);Tue Jul 23 2019 18:33:17 GMT+0200 (CEST);1563906797000;0.01;889.51
1380556833984591;32.1;27.8;Tue Jul 23 2019 20:34:31 GMT+0200 (CEST);Tue Jul 23 2019 18:34:31 GMT+0200 (CEST);1563906871000;0.01;889.51
1380556833984591;32.1;27.6;Tue Jul 23 2019 20:35:49 GMT+0200 (CEST);Tue Jul 23 2019 18:35:49 GMT+0200 (CEST);1563906949000;0;889.51
1380556833984591;32.1;27.3;Tue Jul 23 2019 20:37:02 GMT+0200 (CEST);Tue Jul 23 2019 18:37:02 GMT+0200 (CEST);1563907022000;0.01;889.51
1380556833984591;32.1;26.9;Tue Jul 23 2019 20:38:18 GMT+0200 (CEST);Tue Jul 23 2019 18:38:18 GMT+0200 (CEST);1563907098000;0;889.51
1380556833984591;32.1;27.4;Tue Jul 23 2019 20:39:49 GMT+0200 (CEST);Tue Jul 23 2019 18:39:49 GMT+0200 (CEST);1563907189000;0;889.51
1380556833984591;32.1;27;Tue Jul 23 2019 20:41:03 GMT+0200 (CEST);Tue Jul 23 2019 18:41:03 GMT+0200 (CEST);1563907263000;0;889.51
1380556833984591;32.1;26.1;Tue Jul 23 2019 20:42:19 GMT+0200 (CEST);Tue Jul 23 2019 18:42:19 GMT+0200 (CEST);1563907339000;0;889.51
1380556833984591;31.1;26;Tue Jul 23 2019 20:43:34 GMT+0200 (CEST);Tue Jul 23 2019 18:43:34 GMT+0200 (CEST);1563907414000;0;889.51
1380556833984591;31.1;25;Tue Jul 23 2019 20:44:47 GMT+0200 (CEST);Tue Jul 23 2019 18:44:47 GMT+0200 (CEST);1563907487000;0;889.51
1380556833984591;31.1;24.7;Tue Jul 23 2019 20:46:00 GMT+0200 (CEST);Tue Jul 23 2019 18:46:00 GMT+0200 (CEST);1563907560000;0;889.51
1380556833984591;31.1;24.8;Tue Jul 23 2019 20:47:25 GMT+0200 (CEST);Tue Jul 23 2019 18:47:25 GMT+0200 (CEST);1563907645000;0;889.51
1380556833984591;30.5;23.8;Tue Jul 23 2019 20:48:39 GMT+0200 (CEST);Tue Jul 23 2019 18:48:39 GMT+0200 (CEST);1563907719000;0;889.51
1380556833984591;30.5;24.5;Tue Jul 23 2019 20:49:52 GMT+0200 (CEST);Tue Jul 23 2019 18:49:52 GMT+0200 (CEST);1563907792000;0;889.51
1380556833984591;30.5;24.7;Tue Jul 23 2019 20:51:11 GMT+0200 (CEST);Tue Jul 23 2019 18:51:11 GMT+0200 (CEST);1563907871000;0;889.51
1380556833984591;29.5;25.2;Tue Jul 23 2019 20:52:34 GMT+0200 (CEST);Tue Jul 23 2019 18:52:34 GMT+0200 (CEST);1563907954000;0;889.51
1380556833984591;29.5;26.2;Tue Jul 23 2019 20:53:47 GMT+0200 (CEST);Tue Jul 23 2019 18:53:47 GMT+0200 (CEST);1563908027000;0;889.51
1380556833984591;29.5;26.1;Tue Jul 23 2019 20:55:10 GMT+0200 (CEST);Tue Jul 23 2019 18:55:10 GMT+0200 (CEST);1563908110000;0;889.51
1380556833984591;29.5;26.1;Tue Jul 23 2019 20:56:23 GMT+0200 (CEST);Tue Jul 23 2019 18:56:23 GMT+0200 (CEST);1563908183000;0;889.51
1380556833984591;29.5;28;Tue Jul 23 2019 20:57:38 GMT+0200 (CEST);Tue Jul 23 2019 18:57:38 GMT+0200 (CEST);1563908258000;0;889.51
1380556833984591;31.1;28.1;Tue Jul 23 2019 20:58:51 GMT+0200 (CEST);Tue Jul 23 2019 18:58:51 GMT+0200 (CEST);1563908331000;0;889.51
1380556833984591;31.1;28.2;Tue Jul 23 2019 21:00:06 GMT+0200 (CEST);Tue Jul 23 2019 19:00:06 GMT+0200 (CEST);1563908406000;0;889.51
1380556833984591;31.1;30.2;Tue Jul 23 2019 21:01:24 GMT+0200 (CEST);Tue Jul 23 2019 19:01:24 GMT+0200 (CEST);1563908484000;0;889.51
1380556833984591;31.1;30.2;Tue Jul 23 2019 21:02:38 GMT+0200 (CEST);Tue Jul 23 2019 19:02:38 GMT+0200 (CEST);1563908558000;0;889.51
1380556833984591;31.1;29.7;Tue Jul 23 2019 21:03:53 GMT+0200 (CEST);Tue Jul 23 2019 19:03:53 GMT+0200 (CEST);1563908633000;0;889.51
1380556833984591;31.1;29.4;Tue Jul 23 2019 21:04:56 GMT+0200 (CEST);Tue Jul 23 2019 19:04:56 GMT+0200 (CEST);1563908696000;0;889.51
1380556833984591;31.1;29;Tue Jul 23 2019 21:06:10 GMT+0200 (CEST);Tue Jul 23 2019 19:06:10 GMT+0200 (CEST);1563908770000;0;889.51
1380556833984591;31.1;28.2;Tue Jul 23 2019 21:07:26 GMT+0200 (CEST);Tue Jul 23 2019 19:07:26 GMT+0200 (CEST);1563908846000;0;889.51
1380556833984591;31.1;27.7;Tue Jul 23 2019 21:08:39 GMT+0200 (CEST);Tue Jul 23 2019 19:08:39 GMT+0200 (CEST);1563908919000;0;889.51
1380556833984591;31.1;27.7;Tue Jul 23 2019 21:09:54 GMT+0200 (CEST);Tue Jul 23 2019 19:09:54 GMT+0200 (CEST);1563908994000;0;889.51
1380556833984591;31.1;27.7;Tue Jul 23 2019 21:11:08 GMT+0200 (CEST);Tue Jul 23 2019 19:11:08 GMT+0200 (CEST);1563909068000;0;889.51
1380556833984591;31.1;27.7;Tue Jul 23 2019 21:12:21 GMT+0200 (CEST);Tue Jul 23 2019 19:12:21 GMT+0200 (CEST);1563909141000;0;889.51
1380556833984591;-273.2;25.3;Wed Jul 24 2019 05:33:21 GMT+0200 (CEST);Wed Jul 24 2019 03:33:21 GMT+0200 (CEST);1563939201000;0;889.51
1380556833984591;-273.2;25.3;Wed Jul 24 2019 05:34:41 GMT+0200 (CEST);Wed Jul 24 2019 03:34:41 GMT+0200 (CEST);1563939281000;0;889.51
1380556833984591;-273.2;25.3;Wed Jul 24 2019 05:35:58 GMT+0200 (CEST);Wed Jul 24 2019 03:35:58 GMT+0200 (CEST);1563939358000;0;889.51
1380556833984591;-273.2;25.3;Wed Jul 24 2019 05:37:12 GMT+0200 (CEST);Wed Jul 24 2019 03:37:12 GMT+0200 (CEST);1563939432000;0;889.51
1380556833984591;-273.2;28.9;Wed Jul 24 2019 05:57:41 GMT+0200 (CEST);Wed Jul 24 2019 03:57:41 GMT+0200 (CEST);1563940661000;0;889.51
1380556833984591;15.9;28.2;Wed Jul 24 2019 05:59:10 GMT+0200 (CEST);Wed Jul 24 2019 03:59:10 GMT+0200 (CEST);1563940750000;0;889.51
1380556833984591;15.9;30.1;Wed Jul 24 2019 06:00:23 GMT+0200 (CEST);Wed Jul 24 2019 04:00:23 GMT+0200 (CEST);1563940823000;0;889.51
1380556833984591;15.9;30.4;Wed Jul 24 2019 06:01:36 GMT+0200 (CEST);Wed Jul 24 2019 04:01:36 GMT+0200 (CEST);1563940896000;0;889.51
1380556833984591;15.9;31.4;Wed Jul 24 2019 06:02:51 GMT+0200 (CEST);Wed Jul 24 2019 04:02:51 GMT+0200 (CEST);1563940971000;0;889.51
1380556833984591;20.5;32.3;Wed Jul 24 2019 06:04:17 GMT+0200 (CEST);Wed Jul 24 2019 04:04:17 GMT+0200 (CEST);1563941057000;0;889.51
1380556833984591;20.5;33.2;Wed Jul 24 2019 06:05:59 GMT+0200 (CEST);Wed Jul 24 2019 04:05:59 GMT+0200 (CEST);1563941159000;0;889.51
1380556833984591;20.5;34.5;Wed Jul 24 2019 06:07:12 GMT+0200 (CEST);Wed Jul 24 2019 04:07:12 GMT+0200 (CEST);1563941232000;0;889.51
1380556833984591;22.5;34.5;Wed Jul 24 2019 06:08:29 GMT+0200 (CEST);Wed Jul 24 2019 04:08:29 GMT+0200 (CEST);1563941309000;0;889.51
1380556833984591;22.5;35;Wed Jul 24 2019 06:09:42 GMT+0200 (CEST);Wed Jul 24 2019 04:09:42 GMT+0200 (CEST);1563941382000;0;889.51
1380556833984591;22.5;34.5;Wed Jul 24 2019 06:10:55 GMT+0200 (CEST);Wed Jul 24 2019 04:10:55 GMT+0200 (CEST);1563941455000;0;889.51
1380556833984591;22.5;34.6;Wed Jul 24 2019 06:12:08 GMT+0200 (CEST);Wed Jul 24 2019 04:12:08 GMT+0200 (CEST);1563941528000;0;889.51
1380556833984591;23;34;Wed Jul 24 2019 06:13:21 GMT+0200 (CEST);Wed Jul 24 2019 04:13:21 GMT+0200 (CEST);1563941601000;0;889.51
1380556833984591;23;34.5;Wed Jul 24 2019 06:14:36 GMT+0200 (CEST);Wed Jul 24 2019 04:14:36 GMT+0200 (CEST);1563941676000;0;889.51
1380556833984591;23;34.9;Wed Jul 24 2019 06:15:58 GMT+0200 (CEST);Wed Jul 24 2019 04:15:58 GMT+0200 (CEST);1563941758000;0;889.51
1380556833984591;23;35.6;Wed Jul 24 2019 06:17:11 GMT+0200 (CEST);Wed Jul 24 2019 04:17:11 GMT+0200 (CEST);1563941831000;0;889.51
1380556833984591;23;35.3;Wed Jul 24 2019 06:18:28 GMT+0200 (CEST);Wed Jul 24 2019 04:18:28 GMT+0200 (CEST);1563941908000;0;889.51
1380556833984591;23;35;Wed Jul 24 2019 06:19:41 GMT+0200 (CEST);Wed Jul 24 2019 04:19:41 GMT+0200 (CEST);1563941981000;0;889.51
1380556833984591;23;35.9;Wed Jul 24 2019 06:21:29 GMT+0200 (CEST);Wed Jul 24 2019 04:21:29 GMT+0200 (CEST);1563942089000;0;889.51
1380556833984591;24.5;35.9;Wed Jul 24 2019 06:22:42 GMT+0200 (CEST);Wed Jul 24 2019 04:22:42 GMT+0200 (CEST);1563942162000;0;889.51
1380556833984591;24.5;35.7;Wed Jul 24 2019 06:24:18 GMT+0200 (CEST);Wed Jul 24 2019 04:24:18 GMT+0200 (CEST);1563942258000;0;889.51
1380556833984591;24.5;36;Wed Jul 24 2019 06:25:32 GMT+0200 (CEST);Wed Jul 24 2019 04:25:32 GMT+0200 (CEST);1563942332000;0;889.51
1380556833984591;24.5;35.6;Wed Jul 24 2019 06:26:47 GMT+0200 (CEST);Wed Jul 24 2019 04:26:47 GMT+0200 (CEST);1563942407000;0;889.51
1380556833984591;24.5;35.7;Wed Jul 24 2019 06:28:11 GMT+0200 (CEST);Wed Jul 24 2019 04:28:11 GMT+0200 (CEST);1563942491000;0;889.51
1380556833984591;24.5;35.3;Wed Jul 24 2019 06:29:24 GMT+0200 (CEST);Wed Jul 24 2019 04:29:24 GMT+0200 (CEST);1563942564000;0;889.51
1380556833984591;24.5;35.7;Wed Jul 24 2019 06:30:37 GMT+0200 (CEST);Wed Jul 24 2019 04:30:37 GMT+0200 (CEST);1563942637000;0;889.51
1380556833984591;24.5;36.2;Wed Jul 24 2019 06:31:50 GMT+0200 (CEST);Wed Jul 24 2019 04:31:50 GMT+0200 (CEST);1563942710000;0;889.51
1380556833984591;25;35.7;Wed Jul 24 2019 06:33:06 GMT+0200 (CEST);Wed Jul 24 2019 04:33:06 GMT+0200 (CEST);1563942786000;0;889.51
1380556833984591;25;35.8;Wed Jul 24 2019 06:34:20 GMT+0200 (CEST);Wed Jul 24 2019 04:34:20 GMT+0200 (CEST);1563942860000;0;889.51
1380556833984591;25;35.9;Wed Jul 24 2019 06:35:48 GMT+0200 (CEST);Wed Jul 24 2019 04:35:48 GMT+0200 (CEST);1563942948000;0;889.51
1380556833984591;25;36.2;Wed Jul 24 2019 06:37:21 GMT+0200 (CEST);Wed Jul 24 2019 04:37:21 GMT+0200 (CEST);1563943041000;0;889.51
1380556833984591;25;36.4;Wed Jul 24 2019 06:38:37 GMT+0200 (CEST);Wed Jul 24 2019 04:38:37 GMT+0200 (CEST);1563943117000;0;889.51
1380556833984591;25;36.4;Wed Jul 24 2019 06:39:51 GMT+0200 (CEST);Wed Jul 24 2019 04:39:51 GMT+0200 (CEST);1563943191000;0;889.51
1380556833984591;25;36.5;Wed Jul 24 2019 06:41:05 GMT+0200 (CEST);Wed Jul 24 2019 04:41:05 GMT+0200 (CEST);1563943265000;0;889.51
1380556833984591;25;35.6;Wed Jul 24 2019 06:42:18 GMT+0200 (CEST);Wed Jul 24 2019 04:42:18 GMT+0200 (CEST);1563943338000;0;889.51
1380556833984591;25;36.4;Wed Jul 24 2019 06:43:40 GMT+0200 (CEST);Wed Jul 24 2019 04:43:40 GMT+0200 (CEST);1563943420000;0;889.51
1380556833984591;25;35.7;Wed Jul 24 2019 06:44:54 GMT+0200 (CEST);Wed Jul 24 2019 04:44:54 GMT+0200 (CEST);1563943494000;0;889.51
1380556833984591;25;36;Wed Jul 24 2019 06:46:10 GMT+0200 (CEST);Wed Jul 24 2019 04:46:10 GMT+0200 (CEST);1563943570000;0;889.51
1380556833984591;25;36.6;Wed Jul 24 2019 06:47:24 GMT+0200 (CEST);Wed Jul 24 2019 04:47:24 GMT+0200 (CEST);1563943644000;0;889.51
1380556833984591;25;36.7;Wed Jul 24 2019 06:48:37 GMT+0200 (CEST);Wed Jul 24 2019 04:48:37 GMT+0200 (CEST);1563943717000;0;889.51
1380556833984591;25;37.1;Wed Jul 24 2019 06:49:50 GMT+0200 (CEST);Wed Jul 24 2019 04:49:50 GMT+0200 (CEST);1563943790000;0;889.51
1380556833984591;25;35.3;Wed Jul 24 2019 06:51:35 GMT+0200 (CEST);Wed Jul 24 2019 04:51:35 GMT+0200 (CEST);1563943895000;0.05;889.51
1380556833984591;25;34.3;Wed Jul 24 2019 06:53:14 GMT+0200 (CEST);Wed Jul 24 2019 04:53:14 GMT+0200 (CEST);1563943994000;0.08;889.51
1380556833984591;25;33.8;Wed Jul 24 2019 06:54:27 GMT+0200 (CEST);Wed Jul 24 2019 04:54:27 GMT+0200 (CEST);1563944067000;0.13;889.51
1380556833984591;25;23.1;Wed Jul 24 2019 06:55:45 GMT+0200 (CEST);Wed Jul 24 2019 04:55:45 GMT+0200 (CEST);1563944145000;0.26;889.51
1380556833984591;25;23.1;Wed Jul 24 2019 06:57:00 GMT+0200 (CEST);Wed Jul 24 2019 04:57:00 GMT+0200 (CEST);1563944220000;0.28;889.51
1380556833984591;20;21.9;Wed Jul 24 2019 06:58:14 GMT+0200 (CEST);Wed Jul 24 2019 04:58:14 GMT+0200 (CEST);1563944294000;0.3;889.51
1380556833984591;20;22.1;Wed Jul 24 2019 06:59:30 GMT+0200 (CEST);Wed Jul 24 2019 04:59:30 GMT+0200 (CEST);1563944370000;0.32;889.51
1380556833984591;20;32.2;Wed Jul 24 2019 07:00:49 GMT+0200 (CEST);Wed Jul 24 2019 05:00:49 GMT+0200 (CEST);1563944449000;0.33;889.51
1380556833984591;20;32.9;Wed Jul 24 2019 07:02:02 GMT+0200 (CEST);Wed Jul 24 2019 05:02:02 GMT+0200 (CEST);1563944522000;0.35;889.51
1380556833984591;23;32.7;Wed Jul 24 2019 07:03:16 GMT+0200 (CEST);Wed Jul 24 2019 05:03:16 GMT+0200 (CEST);1563944596000;0.37;889.51
1380556833984591;23;32;Wed Jul 24 2019 07:04:30 GMT+0200 (CEST);Wed Jul 24 2019 05:04:30 GMT+0200 (CEST);1563944670000;0.38;889.51
1380556833984591;23;31.6;Wed Jul 24 2019 07:06:02 GMT+0200 (CEST);Wed Jul 24 2019 05:06:02 GMT+0200 (CEST);1563944762000;0.41;889.51
1380556833984591;23;32.4;Wed Jul 24 2019 07:07:15 GMT+0200 (CEST);Wed Jul 24 2019 05:07:15 GMT+0200 (CEST);1563944835000;0.42;889.51
1380556833984591;24;32.2;Wed Jul 24 2019 07:09:14 GMT+0200 (CEST);Wed Jul 24 2019 05:09:14 GMT+0200 (CEST);1563944954000;0.45;889.51
1380556833984591;24;31.5;Wed Jul 24 2019 07:10:27 GMT+0200 (CEST);Wed Jul 24 2019 05:10:27 GMT+0200 (CEST);1563945027000;0.48;889.51
1380556833984591;24;31.5;Wed Jul 24 2019 07:11:39 GMT+0200 (CEST);Wed Jul 24 2019 05:11:39 GMT+0200 (CEST);1563945099000;0.51;889.51
1380556833984591;24;31.5;Wed Jul 24 2019 07:12:53 GMT+0200 (CEST);Wed Jul 24 2019 05:12:53 GMT+0200 (CEST);1563945173000;0.53;889.51
1380556833984591;24;31.5;Wed Jul 24 2019 07:14:13 GMT+0200 (CEST);Wed Jul 24 2019 05:14:13 GMT+0200 (CEST);1563945253000;0.55;889.51
1380556833984591;24;31.5;Wed Jul 24 2019 07:15:34 GMT+0200 (CEST);Wed Jul 24 2019 05:15:34 GMT+0200 (CEST);1563945334000;0.57;889.51
1380556833984591;24;31.5;Wed Jul 24 2019 07:16:55 GMT+0200 (CEST);Wed Jul 24 2019 05:16:55 GMT+0200 (CEST);1563945415000;0.58;889.51
1380556833984591;24;25.3;Wed Jul 24 2019 07:18:08 GMT+0200 (CEST);Wed Jul 24 2019 05:18:08 GMT+0200 (CEST);1563945488000;0.6;889.51
1380556833984591;21;25.6;Wed Jul 24 2019 07:19:21 GMT+0200 (CEST);Wed Jul 24 2019 05:19:21 GMT+0200 (CEST);1563945561000;0.62;889.51
1380556833984591;21;29.9;Wed Jul 24 2019 07:20:35 GMT+0200 (CEST);Wed Jul 24 2019 05:20:35 GMT+0200 (CEST);1563945635000;0.64;889.51
1380556833984591;21;29.3;Wed Jul 24 2019 07:21:49 GMT+0200 (CEST);Wed Jul 24 2019 05:21:49 GMT+0200 (CEST);1563945709000;0.66;889.51
1380556833984591;21;29.3;Wed Jul 24 2019 07:23:01 GMT+0200 (CEST);Wed Jul 24 2019 05:23:01 GMT+0200 (CEST);1563945781000;0.68;889.51
1380556833984591;23;29.9;Wed Jul 24 2019 07:24:27 GMT+0200 (CEST);Wed Jul 24 2019 05:24:27 GMT+0200 (CEST);1563945867000;0.7;889.51
1380556833984591;23;30.8;Wed Jul 24 2019 07:25:42 GMT+0200 (CEST);Wed Jul 24 2019 05:25:42 GMT+0200 (CEST);1563945942000;0.72;889.51
1380556833984591;23;31.2;Wed Jul 24 2019 07:27:08 GMT+0200 (CEST);Wed Jul 24 2019 05:27:08 GMT+0200 (CEST);1563946028000;0.74;889.51
1380556833984591;23;31;Wed Jul 24 2019 07:28:27 GMT+0200 (CEST);Wed Jul 24 2019 05:28:27 GMT+0200 (CEST);1563946107000;0.77;889.51
1380556833984591;25;31.2;Wed Jul 24 2019 07:29:41 GMT+0200 (CEST);Wed Jul 24 2019 05:29:41 GMT+0200 (CEST);1563946181000;0.79;889.51
1380556833984591;25;31.3;Wed Jul 24 2019 07:30:54 GMT+0200 (CEST);Wed Jul 24 2019 05:30:54 GMT+0200 (CEST);1563946254000;0.82;889.51
1380556833984591;25;32.4;Wed Jul 24 2019 07:32:23 GMT+0200 (CEST);Wed Jul 24 2019 05:32:23 GMT+0200 (CEST);1563946343000;0.84;889.51
1380556833984591;26.5;31.2;Wed Jul 24 2019 07:33:36 GMT+0200 (CEST);Wed Jul 24 2019 05:33:36 GMT+0200 (CEST);1563946416000;0.87;889.51
1380556833984591;26.5;31.2;Wed Jul 24 2019 07:34:59 GMT+0200 (CEST);Wed Jul 24 2019 05:34:59 GMT+0200 (CEST);1563946499000;0.89;889.51
1380556833984591;26.5;31.3;Wed Jul 24 2019 07:36:13 GMT+0200 (CEST);Wed Jul 24 2019 05:36:13 GMT+0200 (CEST);1563946573000;0.91;889.51
1380556833984591;26.5;31;Wed Jul 24 2019 07:37:29 GMT+0200 (CEST);Wed Jul 24 2019 05:37:29 GMT+0200 (CEST);1563946649000;0.93;889.51
1380556833984591;27;31.2;Wed Jul 24 2019 07:38:43 GMT+0200 (CEST);Wed Jul 24 2019 05:38:43 GMT+0200 (CEST);1563946723000;0.95;889.51
1380556833984591;27;31.3;Wed Jul 24 2019 07:40:07 GMT+0200 (CEST);Wed Jul 24 2019 05:40:07 GMT+0200 (CEST);1563946807000;0.98;889.51
1380556833984591;27;31.3;Wed Jul 24 2019 07:41:23 GMT+0200 (CEST);Wed Jul 24 2019 05:41:23 GMT+0200 (CEST);1563946883000;1;889.51
1380556833984591;27;31.8;Wed Jul 24 2019 07:42:41 GMT+0200 (CEST);Wed Jul 24 2019 05:42:41 GMT+0200 (CEST);1563946961000;1.03;889.51
1380556833984591;28.5;31.9;Wed Jul 24 2019 07:43:57 GMT+0200 (CEST);Wed Jul 24 2019 05:43:57 GMT+0200 (CEST);1563947037000;1.05;889.51
1380556833984591;28.5;31.6;Wed Jul 24 2019 07:45:09 GMT+0200 (CEST);Wed Jul 24 2019 05:45:09 GMT+0200 (CEST);1563947109000;1.07;889.51
1380556833984591;28.5;31.8;Wed Jul 24 2019 07:46:24 GMT+0200 (CEST);Wed Jul 24 2019 05:46:24 GMT+0200 (CEST);1563947184000;1.09;889.51
1380556833984591;28.5;32.6;Wed Jul 24 2019 07:47:38 GMT+0200 (CEST);Wed Jul 24 2019 05:47:38 GMT+0200 (CEST);1563947258000;1.11;889.51
1380556833984591;28.5;33.2;Wed Jul 24 2019 07:49:12 GMT+0200 (CEST);Wed Jul 24 2019 05:49:12 GMT+0200 (CEST);1563947352000;1.13;889.51
1380556833984591;56.7;29.5;Wed Jul 24 2019 11:51:09 GMT+0200 (CEST);Wed Jul 24 2019 09:51:09 GMT+0200 (CEST);1563961869000;4.6;889.51
1380556833984591;56.7;29.4;Wed Jul 24 2019 11:52:27 GMT+0200 (CEST);Wed Jul 24 2019 09:52:27 GMT+0200 (CEST);1563961947000;4.64;889.51
1380556833984591;56.7;29.3;Wed Jul 24 2019 11:53:42 GMT+0200 (CEST);Wed Jul 24 2019 09:53:42 GMT+0200 (CEST);1563962022000;4.65;889.51
1380556833984591;56.7;29.4;Wed Jul 24 2019 11:54:59 GMT+0200 (CEST);Wed Jul 24 2019 09:54:59 GMT+0200 (CEST);1563962099000;4.63;889.51
1380556833984591;56.7;29.3;Wed Jul 24 2019 11:56:13 GMT+0200 (CEST);Wed Jul 24 2019 09:56:13 GMT+0200 (CEST);1563962173000;4.72;889.51
1380556833984591;57.2;29.3;Wed Jul 24 2019 11:57:29 GMT+0200 (CEST);Wed Jul 24 2019 09:57:29 GMT+0200 (CEST);1563962249000;4.72;889.51
1380556833984591;57.2;29.2;Wed Jul 24 2019 11:58:45 GMT+0200 (CEST);Wed Jul 24 2019 09:58:45 GMT+0200 (CEST);1563962325000;4.71;889.51
1380556833984591;57.2;29.1;Wed Jul 24 2019 12:00:06 GMT+0200 (CEST);Wed Jul 24 2019 10:00:06 GMT+0200 (CEST);1563962406000;4.67;889.51
1380556833984591;58.8;29.1;Wed Jul 24 2019 12:01:21 GMT+0200 (CEST);Wed Jul 24 2019 10:01:21 GMT+0200 (CEST);1563962481000;4.72;889.51
1380556833984591;58.8;29.1;Wed Jul 24 2019 12:02:51 GMT+0200 (CEST);Wed Jul 24 2019 10:02:51 GMT+0200 (CEST);1563962571000;4.73;889.51
1380556833984591;58.8;29.1;Wed Jul 24 2019 12:04:08 GMT+0200 (CEST);Wed Jul 24 2019 10:04:08 GMT+0200 (CEST);1563962648000;4.79;889.51
1380556833984591;58.8;29.1;Wed Jul 24 2019 12:05:28 GMT+0200 (CEST);Wed Jul 24 2019 10:05:28 GMT+0200 (CEST);1563962728000;4.72;889.51
1380556833984591;58.8;29.1;Wed Jul 24 2019 12:06:43 GMT+0200 (CEST);Wed Jul 24 2019 10:06:43 GMT+0200 (CEST);1563962803000;4.75;889.51
1380556833984591;58.8;29.1;Wed Jul 24 2019 12:07:59 GMT+0200 (CEST);Wed Jul 24 2019 10:07:59 GMT+0200 (CEST);1563962879000;4.76;889.51
1380556833984591;58.8;29.1;Wed Jul 24 2019 12:09:13 GMT+0200 (CEST);Wed Jul 24 2019 10:09:13 GMT+0200 (CEST);1563962953000;4.75;889.51
1380556833984591;58.8;29.1;Wed Jul 24 2019 12:10:41 GMT+0200 (CEST);Wed Jul 24 2019 10:10:41 GMT+0200 (CEST);1563963041000;4.77;889.51
1380556833984591;58.8;29.2;Wed Jul 24 2019 12:12:04 GMT+0200 (CEST);Wed Jul 24 2019 10:12:04 GMT+0200 (CEST);1563963124000;4.74;889.51
1380556833984591;58.8;29.2;Wed Jul 24 2019 12:13:26 GMT+0200 (CEST);Wed Jul 24 2019 10:13:26 GMT+0200 (CEST);1563963206000;4.84;889.51
1380556833984591;58.8;29.1;Wed Jul 24 2019 12:14:41 GMT+0200 (CEST);Wed Jul 24 2019 10:14:41 GMT+0200 (CEST);1563963281000;4.74;889.51
1380556833984591;58.8;29.1;Wed Jul 24 2019 12:16:00 GMT+0200 (CEST);Wed Jul 24 2019 10:16:00 GMT+0200 (CEST);1563963360000;4.82;889.51
1380556833984591;58.8;29.2;Wed Jul 24 2019 12:17:20 GMT+0200 (CEST);Wed Jul 24 2019 10:17:20 GMT+0200 (CEST);1563963440000;4.86;889.51
1380556833984591;58.8;29.1;Wed Jul 24 2019 12:18:56 GMT+0200 (CEST);Wed Jul 24 2019 10:18:56 GMT+0200 (CEST);1563963536000;4.83;889.51
1380556833984591;58.8;29.2;Wed Jul 24 2019 12:20:22 GMT+0200 (CEST);Wed Jul 24 2019 10:20:22 GMT+0200 (CEST);1563963622000;4.82;889.51
1380556833984591;58.8;29.3;Wed Jul 24 2019 12:21:45 GMT+0200 (CEST);Wed Jul 24 2019 10:21:45 GMT+0200 (CEST);1563963705000;4.87;889.51
1380556833984591;58.8;29.2;Wed Jul 24 2019 12:23:03 GMT+0200 (CEST);Wed Jul 24 2019 10:23:03 GMT+0200 (CEST);1563963783000;4.85;889.51
1380556833984591;58.8;29.2;Wed Jul 24 2019 12:24:21 GMT+0200 (CEST);Wed Jul 24 2019 10:24:21 GMT+0200 (CEST);1563963861000;4.85;889.51
1380556833984591;59.3;29;Wed Jul 24 2019 12:25:37 GMT+0200 (CEST);Wed Jul 24 2019 10:25:37 GMT+0200 (CEST);1563963937000;4.91;889.51
1380556833984591;59.3;28.9;Wed Jul 24 2019 12:26:58 GMT+0200 (CEST);Wed Jul 24 2019 10:26:58 GMT+0200 (CEST);1563964018000;4.91;889.51
1380556833984591;59.3;28.9;Wed Jul 24 2019 12:28:21 GMT+0200 (CEST);Wed Jul 24 2019 10:28:21 GMT+0200 (CEST);1563964101000;4.88;889.51
1380556833984591;59.3;28.9;Wed Jul 24 2019 12:29:38 GMT+0200 (CEST);Wed Jul 24 2019 10:29:38 GMT+0200 (CEST);1563964178000;4.86;889.51
1380556833984591;59.3;28.9;Wed Jul 24 2019 12:30:59 GMT+0200 (CEST);Wed Jul 24 2019 10:30:59 GMT+0200 (CEST);1563964259000;4.8;889.51
1380556833984591;59.3;29;Wed Jul 24 2019 12:32:14 GMT+0200 (CEST);Wed Jul 24 2019 10:32:14 GMT+0200 (CEST);1563964334000;4.79;889.51
1380556833984591;59.3;29.1;Wed Jul 24 2019 12:33:42 GMT+0200 (CEST);Wed Jul 24 2019 10:33:42 GMT+0200 (CEST);1563964422000;4.83;889.51
1380556833984591;60.8;29.1;Wed Jul 24 2019 12:35:09 GMT+0200 (CEST);Wed Jul 24 2019 10:35:09 GMT+0200 (CEST);1563964509000;4.8;889.51
1380556833984591;60.8;29.1;Wed Jul 24 2019 12:36:29 GMT+0200 (CEST);Wed Jul 24 2019 10:36:29 GMT+0200 (CEST);1563964589000;4.86;889.51
1380556833984591;60.8;29;Wed Jul 24 2019 12:37:45 GMT+0200 (CEST);Wed Jul 24 2019 10:37:45 GMT+0200 (CEST);1563964665000;4.9;889.51
1380556833984591;60.8;28.9;Wed Jul 24 2019 12:39:06 GMT+0200 (CEST);Wed Jul 24 2019 10:39:06 GMT+0200 (CEST);1563964746000;4.9;889.51
1380556833984591;60.8;29.1;Wed Jul 24 2019 12:40:47 GMT+0200 (CEST);Wed Jul 24 2019 10:40:47 GMT+0200 (CEST);1563964847000;4.86;889.51
1380556833984591;60.8;28.9;Wed Jul 24 2019 12:42:30 GMT+0200 (CEST);Wed Jul 24 2019 10:42:30 GMT+0200 (CEST);1563964950000;4.86;889.51
1380556833984591;60.8;28.9;Wed Jul 24 2019 12:43:52 GMT+0200 (CEST);Wed Jul 24 2019 10:43:52 GMT+0200 (CEST);1563965032000;4.9;889.51
1380556833984591;60.8;29.2;Wed Jul 24 2019 12:45:06 GMT+0200 (CEST);Wed Jul 24 2019 10:45:06 GMT+0200 (CEST);1563965106000;4.86;889.51
1380556833984591;60.8;29.2;Wed Jul 24 2019 12:46:25 GMT+0200 (CEST);Wed Jul 24 2019 10:46:25 GMT+0200 (CEST);1563965185000;4.94;889.51
1380556833984591;60.8;29.2;Wed Jul 24 2019 12:47:50 GMT+0200 (CEST);Wed Jul 24 2019 10:47:50 GMT+0200 (CEST);1563965270000;4.89;889.51
1380556833984591;60.8;29.2;Wed Jul 24 2019 12:49:16 GMT+0200 (CEST);Wed Jul 24 2019 10:49:16 GMT+0200 (CEST);1563965356000;4.83;889.51
1380556833984591;60.8;29.2;Wed Jul 24 2019 12:51:08 GMT+0200 (CEST);Wed Jul 24 2019 10:51:08 GMT+0200 (CEST);1563965468000;4.87;889.51
1380556833984591;60.8;29.2;Wed Jul 24 2019 12:52:21 GMT+0200 (CEST);Wed Jul 24 2019 10:52:21 GMT+0200 (CEST);1563965541000;4.76;889.51
1380556833984591;60.8;29;Wed Jul 24 2019 12:53:40 GMT+0200 (CEST);Wed Jul 24 2019 10:53:40 GMT+0200 (CEST);1563965620000;4.91;889.51
1380556833984591;60.8;28.9;Wed Jul 24 2019 12:54:57 GMT+0200 (CEST);Wed Jul 24 2019 10:54:57 GMT+0200 (CEST);1563965697000;4.85;889.51
1380556833984591;60.8;28.9;Wed Jul 24 2019 12:56:15 GMT+0200 (CEST);Wed Jul 24 2019 10:56:15 GMT+0200 (CEST);1563965775000;4.94;889.51
1380556833984591;60.8;28.9;Wed Jul 24 2019 12:57:35 GMT+0200 (CEST);Wed Jul 24 2019 10:57:35 GMT+0200 (CEST);1563965855000;4.9;889.51
1380556833984591;60.8;28.9;Wed Jul 24 2019 12:59:08 GMT+0200 (CEST);Wed Jul 24 2019 10:59:08 GMT+0200 (CEST);1563965948000;4.93;889.51
1380556833984591;60.8;28.9;Wed Jul 24 2019 13:00:24 GMT+0200 (CEST);Wed Jul 24 2019 11:00:24 GMT+0200 (CEST);1563966024000;4.93;889.51
1380556833984591;60.8;28.9;Wed Jul 24 2019 13:01:45 GMT+0200 (CEST);Wed Jul 24 2019 11:01:45 GMT+0200 (CEST);1563966105000;4.94;889.51
1380556833984591;60.8;28.9;Wed Jul 24 2019 13:02:59 GMT+0200 (CEST);Wed Jul 24 2019 11:02:59 GMT+0200 (CEST);1563966179000;4.9;889.51
1380556833984591;60.8;29;Wed Jul 24 2019 13:04:32 GMT+0200 (CEST);Wed Jul 24 2019 11:04:32 GMT+0200 (CEST);1563966272000;4.82;889.51
1380556833984591;60.8;29.1;Wed Jul 24 2019 13:06:38 GMT+0200 (CEST);Wed Jul 24 2019 11:06:38 GMT+0200 (CEST);1563966398000;4.85;889.51
1380556833984591;60.8;29.1;Wed Jul 24 2019 13:07:54 GMT+0200 (CEST);Wed Jul 24 2019 11:07:54 GMT+0200 (CEST);1563966474000;4.92;889.51
1380556833984591;60.8;29.1;Wed Jul 24 2019 13:09:27 GMT+0200 (CEST);Wed Jul 24 2019 11:09:27 GMT+0200 (CEST);1563966567000;4.86;889.51
1380556833984591;60.8;29.2;Wed Jul 24 2019 13:10:42 GMT+0200 (CEST);Wed Jul 24 2019 11:10:42 GMT+0200 (CEST);1563966642000;4.91;889.51
1380556833984591;60.8;29.3;Wed Jul 24 2019 13:11:57 GMT+0200 (CEST);Wed Jul 24 2019 11:11:57 GMT+0200 (CEST);1563966717000;4.9;889.51
1380556833984591;60.8;29.3;Wed Jul 24 2019 13:13:14 GMT+0200 (CEST);Wed Jul 24 2019 11:13:14 GMT+0200 (CEST);1563966794000;4.8;889.51
1380556833984591;60.8;29.3;Wed Jul 24 2019 13:14:31 GMT+0200 (CEST);Wed Jul 24 2019 11:14:31 GMT+0200 (CEST);1563966871000;4.88;889.51
1380556833984591;60.8;29.2;Wed Jul 24 2019 13:15:47 GMT+0200 (CEST);Wed Jul 24 2019 11:15:47 GMT+0200 (CEST);1563966947000;4.86;889.51
1380556833984591;60.8;28.9;Wed Jul 24 2019 13:16:59 GMT+0200 (CEST);Wed Jul 24 2019 11:16:59 GMT+0200 (CEST);1563967019000;4.87;889.51
1380556833984591;59.3;28.9;Wed Jul 24 2019 13:18:18 GMT+0200 (CEST);Wed Jul 24 2019 11:18:18 GMT+0200 (CEST);1563967098000;4.87;889.51
1380556833984591;59.3;28.9;Wed Jul 24 2019 13:19:36 GMT+0200 (CEST);Wed Jul 24 2019 11:19:36 GMT+0200 (CEST);1563967176000;4.84;889.51
1380556833984591;59.3;28.9;Wed Jul 24 2019 13:21:02 GMT+0200 (CEST);Wed Jul 24 2019 11:21:02 GMT+0200 (CEST);1563967262000;4.83;889.51
1380556833984591;59.3;28.9;Wed Jul 24 2019 13:22:36 GMT+0200 (CEST);Wed Jul 24 2019 11:22:36 GMT+0200 (CEST);1563967356000;4.91;889.51
1380556833984591;59.3;28.8;Wed Jul 24 2019 13:24:13 GMT+0200 (CEST);Wed Jul 24 2019 11:24:13 GMT+0200 (CEST);1563967453000;4.88;889.51
1380556833984591;59.3;28.9;Wed Jul 24 2019 13:25:48 GMT+0200 (CEST);Wed Jul 24 2019 11:25:48 GMT+0200 (CEST);1563967548000;4.84;889.51
1380556833984591;60.8;28.9;Wed Jul 24 2019 13:27:01 GMT+0200 (CEST);Wed Jul 24 2019 11:27:01 GMT+0200 (CEST);1563967621000;4.89;889.51
1380556833984591;60.8;28.9;Wed Jul 24 2019 13:28:18 GMT+0200 (CEST);Wed Jul 24 2019 11:28:18 GMT+0200 (CEST);1563967698000;4.93;889.51
1380556833984591;60.8;28.9;Wed Jul 24 2019 13:29:51 GMT+0200 (CEST);Wed Jul 24 2019 11:29:51 GMT+0200 (CEST);1563967791000;4.83;889.51
1380556833984591;60.8;29;Wed Jul 24 2019 13:31:13 GMT+0200 (CEST);Wed Jul 24 2019 11:31:13 GMT+0200 (CEST);1563967873000;4.74;889.51
1380556833984591;60.8;29.1;Wed Jul 24 2019 13:32:39 GMT+0200 (CEST);Wed Jul 24 2019 11:32:39 GMT+0200 (CEST);1563967959000;4.71;889.51
1380556833984591;60.8;29.1;Wed Jul 24 2019 13:34:00 GMT+0200 (CEST);Wed Jul 24 2019 11:34:00 GMT+0200 (CEST);1563968040000;4.86;889.51
1380556833984591;60.8;29.1;Wed Jul 24 2019 13:35:10 GMT+0200 (CEST);Wed Jul 24 2019 11:35:10 GMT+0200 (CEST);1563968110000;4.83;889.51
1380556833984591;60.8;29;Wed Jul 24 2019 13:36:29 GMT+0200 (CEST);Wed Jul 24 2019 11:36:29 GMT+0200 (CEST);1563968189000;4.84;889.51
1380556833984591;60.8;28.9;Wed Jul 24 2019 13:38:03 GMT+0200 (CEST);Wed Jul 24 2019 11:38:03 GMT+0200 (CEST);1563968283000;4.82;889.51
1380556833984591;60.8;29;Wed Jul 24 2019 13:39:29 GMT+0200 (CEST);Wed Jul 24 2019 11:39:29 GMT+0200 (CEST);1563968369000;4.84;889.51
1380556833984591;60.8;29;Wed Jul 24 2019 13:40:47 GMT+0200 (CEST);Wed Jul 24 2019 11:40:47 GMT+0200 (CEST);1563968447000;4.86;889.51
1380556833984591;60.8;28.9;Wed Jul 24 2019 13:42:02 GMT+0200 (CEST);Wed Jul 24 2019 11:42:02 GMT+0200 (CEST);1563968522000;4.87;889.51
1380556833984591;60.8;28.9;Wed Jul 24 2019 13:43:24 GMT+0200 (CEST);Wed Jul 24 2019 11:43:24 GMT+0200 (CEST);1563968604000;4.83;889.51
1380556833984591;60.8;28.9;Wed Jul 24 2019 13:44:38 GMT+0200 (CEST);Wed Jul 24 2019 11:44:38 GMT+0200 (CEST);1563968678000;4.85;889.51
1380556833984591;60.8;29.1;Wed Jul 24 2019 13:46:13 GMT+0200 (CEST);Wed Jul 24 2019 11:46:13 GMT+0200 (CEST);1563968773000;4.84;889.51
1380556833984591;60.8;28.9;Wed Jul 24 2019 13:47:33 GMT+0200 (CEST);Wed Jul 24 2019 11:47:33 GMT+0200 (CEST);1563968853000;4.78;889.51
1380556833984591;60.8;29.1;Wed Jul 24 2019 13:48:49 GMT+0200 (CEST);Wed Jul 24 2019 11:48:49 GMT+0200 (CEST);1563968929000;4.78;889.51
1380556833984591;60.8;29.2;Wed Jul 24 2019 13:50:09 GMT+0200 (CEST);Wed Jul 24 2019 11:50:09 GMT+0200 (CEST);1563969009000;4.78;889.51
1380556833984591;60.8;29.2;Wed Jul 24 2019 13:51:29 GMT+0200 (CEST);Wed Jul 24 2019 11:51:29 GMT+0200 (CEST);1563969089000;4.76;889.51
1380556833984591;60.8;29.2;Wed Jul 24 2019 13:53:16 GMT+0200 (CEST);Wed Jul 24 2019 11:53:16 GMT+0200 (CEST);1563969196000;4.77;889.51
1380556833984591;60.8;29.2;Wed Jul 24 2019 13:54:50 GMT+0200 (CEST);Wed Jul 24 2019 11:54:50 GMT+0200 (CEST);1563969290000;4.76;889.51
1380556833984591;60.8;29.1;Wed Jul 24 2019 13:56:11 GMT+0200 (CEST);Wed Jul 24 2019 11:56:11 GMT+0200 (CEST);1563969371000;4.82;889.51
1380556833984591;60.8;28.9;Wed Jul 24 2019 13:57:38 GMT+0200 (CEST);Wed Jul 24 2019 11:57:38 GMT+0200 (CEST);1563969458000;4.8;889.51
1380556833984591;60.8;28.9;Wed Jul 24 2019 13:59:00 GMT+0200 (CEST);Wed Jul 24 2019 11:59:00 GMT+0200 (CEST);1563969540000;4.75;889.51
1380556833984591;60.8;28.9;Wed Jul 24 2019 14:00:21 GMT+0200 (CEST);Wed Jul 24 2019 12:00:21 GMT+0200 (CEST);1563969621000;4.79;889.51
1380556833984591;60.8;28.9;Wed Jul 24 2019 14:01:39 GMT+0200 (CEST);Wed Jul 24 2019 12:01:39 GMT+0200 (CEST);1563969699000;4.75;889.51
1380556833984591;60.8;28.9;Wed Jul 24 2019 14:03:02 GMT+0200 (CEST);Wed Jul 24 2019 12:03:02 GMT+0200 (CEST);1563969782000;4.76;889.51
1380556833984591;60.8;29;Wed Jul 24 2019 14:04:18 GMT+0200 (CEST);Wed Jul 24 2019 12:04:18 GMT+0200 (CEST);1563969858000;4.76;889.51
1380556833984591;60.8;29;Wed Jul 24 2019 14:05:46 GMT+0200 (CEST);Wed Jul 24 2019 12:05:46 GMT+0200 (CEST);1563969946000;4.75;889.51
1380556833984591;60.8;29;Wed Jul 24 2019 14:07:05 GMT+0200 (CEST);Wed Jul 24 2019 12:07:05 GMT+0200 (CEST);1563970025000;4.67;889.51
1380556833984591;60.8;29;Wed Jul 24 2019 14:08:20 GMT+0200 (CEST);Wed Jul 24 2019 12:08:20 GMT+0200 (CEST);1563970100000;4.71;889.51
1380556833984591;60.8;29;Wed Jul 24 2019 14:09:40 GMT+0200 (CEST);Wed Jul 24 2019 12:09:40 GMT+0200 (CEST);1563970180000;4.71;889.51
1380556833984591;60.8;29;Wed Jul 24 2019 14:11:00 GMT+0200 (CEST);Wed Jul 24 2019 12:11:00 GMT+0200 (CEST);1563970260000;4.63;889.51
1380556833984591;60.8;29.3;Wed Jul 24 2019 14:12:18 GMT+0200 (CEST);Wed Jul 24 2019 12:12:18 GMT+0200 (CEST);1563970338000;4.69;889.51
1380556833984591;60.8;29.3;Wed Jul 24 2019 14:13:33 GMT+0200 (CEST);Wed Jul 24 2019 12:13:33 GMT+0200 (CEST);1563970413000;4.63;889.51
1380556833984591;60.8;29.3;Wed Jul 24 2019 14:14:48 GMT+0200 (CEST);Wed Jul 24 2019 12:14:48 GMT+0200 (CEST);1563970488000;4.65;889.51
1380556833984591;60.8;29.3;Wed Jul 24 2019 14:16:06 GMT+0200 (CEST);Wed Jul 24 2019 12:16:06 GMT+0200 (CEST);1563970566000;4.67;889.51
1380556833984591;60.8;29.2;Wed Jul 24 2019 14:17:23 GMT+0200 (CEST);Wed Jul 24 2019 12:17:23 GMT+0200 (CEST);1563970643000;4.66;889.51
1380556833984591;60.8;29.3;Wed Jul 24 2019 14:18:34 GMT+0200 (CEST);Wed Jul 24 2019 12:18:34 GMT+0200 (CEST);1563970714000;4.62;889.51
1380556833984591;60.8;29.3;Wed Jul 24 2019 14:19:57 GMT+0200 (CEST);Wed Jul 24 2019 12:19:57 GMT+0200 (CEST);1563970797000;4.59;889.51
1380556833984591;60.8;29.8;Wed Jul 24 2019 14:21:22 GMT+0200 (CEST);Wed Jul 24 2019 12:21:22 GMT+0200 (CEST);1563970882000;4.61;889.51
1380556833984591;60.8;29.6;Wed Jul 24 2019 14:22:46 GMT+0200 (CEST);Wed Jul 24 2019 12:22:46 GMT+0200 (CEST);1563970966000;4.61;889.51
1380556833984591;60.8;29.5;Wed Jul 24 2019 14:24:12 GMT+0200 (CEST);Wed Jul 24 2019 12:24:12 GMT+0200 (CEST);1563971052000;4.59;889.51
1380556833984591;59.3;29.9;Wed Jul 24 2019 14:25:24 GMT+0200 (CEST);Wed Jul 24 2019 12:25:24 GMT+0200 (CEST);1563971124000;4.63;889.51
1380556833984591;59.3;29.5;Wed Jul 24 2019 14:26:39 GMT+0200 (CEST);Wed Jul 24 2019 12:26:39 GMT+0200 (CEST);1563971199000;4.56;889.51
1380556833984591;59.3;29.2;Wed Jul 24 2019 14:28:16 GMT+0200 (CEST);Wed Jul 24 2019 12:28:16 GMT+0200 (CEST);1563971296000;4.66;889.51
1380556833984591;59.3;29;Wed Jul 24 2019 14:29:31 GMT+0200 (CEST);Wed Jul 24 2019 12:29:31 GMT+0200 (CEST);1563971371000;4.63;889.51
1380556833984591;59.3;29.1;Wed Jul 24 2019 14:30:50 GMT+0200 (CEST);Wed Jul 24 2019 12:30:50 GMT+0200 (CEST);1563971450000;4.54;889.51
1380556833984591;59.3;29.7;Wed Jul 24 2019 14:32:25 GMT+0200 (CEST);Wed Jul 24 2019 12:32:25 GMT+0200 (CEST);1563971545000;4.48;889.51
1380556833984591;60.8;29.7;Wed Jul 24 2019 14:33:51 GMT+0200 (CEST);Wed Jul 24 2019 12:33:51 GMT+0200 (CEST);1563971631000;4.39;889.51
1380556833984591;60.8;30.1;Wed Jul 24 2019 14:35:23 GMT+0200 (CEST);Wed Jul 24 2019 12:35:23 GMT+0200 (CEST);1563971723000;4.33;889.51
1380556833984591;60.8;30;Wed Jul 24 2019 14:36:38 GMT+0200 (CEST);Wed Jul 24 2019 12:36:38 GMT+0200 (CEST);1563971798000;4.33;889.51
1380556833984591;60.8;29.9;Wed Jul 24 2019 14:38:00 GMT+0200 (CEST);Wed Jul 24 2019 12:38:00 GMT+0200 (CEST);1563971880000;4.38;892.22
1380556833984591;60.8;29.5;Wed Jul 24 2019 14:39:17 GMT+0200 (CEST);Wed Jul 24 2019 12:39:17 GMT+0200 (CEST);1563971957000;4.46;890.89
1380556833984591;60.8;29.8;Wed Jul 24 2019 14:40:37 GMT+0200 (CEST);Wed Jul 24 2019 12:40:37 GMT+0200 (CEST);1563972037000;4.37;891.21
1380556833984591;60.8;29.9;Wed Jul 24 2019 14:41:59 GMT+0200 (CEST);Wed Jul 24 2019 12:41:59 GMT+0200 (CEST);1563972119000;4.41;894.13
1380556833984591;60.8;29.7;Wed Jul 24 2019 14:43:21 GMT+0200 (CEST);Wed Jul 24 2019 12:43:21 GMT+0200 (CEST);1563972201000;4.44;895.51
1380556833984591;60.8;29.7;Wed Jul 24 2019 14:44:36 GMT+0200 (CEST);Wed Jul 24 2019 12:44:36 GMT+0200 (CEST);1563972276000;4.33;893.24
1380556833984591;60.8;29.9;Wed Jul 24 2019 14:46:00 GMT+0200 (CEST);Wed Jul 24 2019 12:46:00 GMT+0200 (CEST);1563972360000;4.44;888.21
1380556833984591;60.8;29.6;Wed Jul 24 2019 14:47:13 GMT+0200 (CEST);Wed Jul 24 2019 12:47:13 GMT+0200 (CEST);1563972433000;4.32;882.42
1380556833984591;60.8;29.6;Wed Jul 24 2019 14:48:26 GMT+0200 (CEST);Wed Jul 24 2019 12:48:26 GMT+0200 (CEST);1563972506000;4.35;883.16
1380556833984591;60.8;29.9;Wed Jul 24 2019 14:49:42 GMT+0200 (CEST);Wed Jul 24 2019 12:49:42 GMT+0200 (CEST);1563972582000;4.34;880.82
1380556833984591;60.8;29.9;Wed Jul 24 2019 14:50:56 GMT+0200 (CEST);Wed Jul 24 2019 12:50:56 GMT+0200 (CEST);1563972656000;4.22;884.58
1380556833984591;60.8;30.1;Wed Jul 24 2019 14:52:13 GMT+0200 (CEST);Wed Jul 24 2019 12:52:13 GMT+0200 (CEST);1563972733000;4.15;883.49
1380556833984591;60.8;30.2;Wed Jul 24 2019 14:53:31 GMT+0200 (CEST);Wed Jul 24 2019 12:53:31 GMT+0200 (CEST);1563972811000;4.26;879.46
1380556833984591;60.8;30;Wed Jul 24 2019 14:54:45 GMT+0200 (CEST);Wed Jul 24 2019 12:54:45 GMT+0200 (CEST);1563972885000;4.22;875.02
1380556833984591;60.8;30.1;Wed Jul 24 2019 14:56:00 GMT+0200 (CEST);Wed Jul 24 2019 12:56:00 GMT+0200 (CEST);1563972960000;4.28;868.91
1380556833984591;60.8;29.9;Wed Jul 24 2019 14:57:14 GMT+0200 (CEST);Wed Jul 24 2019 12:57:14 GMT+0200 (CEST);1563973034000;4.21;862.71
1380556833984591;60.8;30;Wed Jul 24 2019 14:58:28 GMT+0200 (CEST);Wed Jul 24 2019 12:58:28 GMT+0200 (CEST);1563973108000;4.13;862.9
1380556833984591;60.8;30.1;Wed Jul 24 2019 14:59:44 GMT+0200 (CEST);Wed Jul 24 2019 12:59:44 GMT+0200 (CEST);1563973184000;4.26;857.58
1380556833984591;60.8;29.5;Wed Jul 24 2019 15:00:58 GMT+0200 (CEST);Wed Jul 24 2019 13:00:58 GMT+0200 (CEST);1563973258000;4.05;841.25
1380556833984591;60.8;30.2;Wed Jul 24 2019 15:02:19 GMT+0200 (CEST);Wed Jul 24 2019 13:02:19 GMT+0200 (CEST);1563973339000;4.14;841.36
1380556833984591;60.8;29.9;Wed Jul 24 2019 15:03:45 GMT+0200 (CEST);Wed Jul 24 2019 13:03:45 GMT+0200 (CEST);1563973425000;4.21;855.63
1380556833984591;60.8;29.9;Wed Jul 24 2019 15:05:01 GMT+0200 (CEST);Wed Jul 24 2019 13:05:01 GMT+0200 (CEST);1563973501000;4.26;856.4
1380556833984591;60.8;29.7;Wed Jul 24 2019 15:06:14 GMT+0200 (CEST);Wed Jul 24 2019 13:06:14 GMT+0200 (CEST);1563973574000;4.21;853.5
1380556833984591;60.8;29.6;Wed Jul 24 2019 15:07:30 GMT+0200 (CEST);Wed Jul 24 2019 13:07:30 GMT+0200 (CEST);1563973650000;4.22;854.46
1380556833984591;60.8;30.1;Wed Jul 24 2019 15:08:48 GMT+0200 (CEST);Wed Jul 24 2019 13:08:48 GMT+0200 (CEST);1563973728000;4.19;842.9
1380556833984591;60.8;29.4;Wed Jul 24 2019 15:10:04 GMT+0200 (CEST);Wed Jul 24 2019 13:10:04 GMT+0200 (CEST);1563973804000;4.29;842.05
1380556833984591;60.8;29.1;Wed Jul 24 2019 15:11:20 GMT+0200 (CEST);Wed Jul 24 2019 13:11:20 GMT+0200 (CEST);1563973880000;4.36;840.87
1380556833984591;60.8;28.6;Wed Jul 24 2019 15:12:37 GMT+0200 (CEST);Wed Jul 24 2019 13:12:37 GMT+0200 (CEST);1563973957000;4.35;837.51
1380556833984591;60.8;28.6;Wed Jul 24 2019 15:13:57 GMT+0200 (CEST);Wed Jul 24 2019 13:13:57 GMT+0200 (CEST);1563974037000;4.24;837.49
1380556833984591;60.8;29.3;Wed Jul 24 2019 15:15:14 GMT+0200 (CEST);Wed Jul 24 2019 13:15:14 GMT+0200 (CEST);1563974114000;4.13;835.81
1380556833984591;59.3;29.5;Wed Jul 24 2019 15:16:28 GMT+0200 (CEST);Wed Jul 24 2019 13:16:28 GMT+0200 (CEST);1563974188000;4.13;821.86
1380556833984591;59.3;29.4;Wed Jul 24 2019 15:17:44 GMT+0200 (CEST);Wed Jul 24 2019 13:17:44 GMT+0200 (CEST);1563974264000;4.16;815.23
1380556833984591;59.3;28.9;Wed Jul 24 2019 15:19:16 GMT+0200 (CEST);Wed Jul 24 2019 13:19:16 GMT+0200 (CEST);1563974356000;3.99;793.72
1380556833984591;59.3;29.7;Wed Jul 24 2019 15:20:37 GMT+0200 (CEST);Wed Jul 24 2019 13:20:37 GMT+0200 (CEST);1563974437000;4.06;808.24
1380556833984591;59.3;29.1;Wed Jul 24 2019 15:21:54 GMT+0200 (CEST);Wed Jul 24 2019 13:21:54 GMT+0200 (CEST);1563974514000;4.19;810.6
1380556833984591;59.3;28.6;Wed Jul 24 2019 15:23:08 GMT+0200 (CEST);Wed Jul 24 2019 13:23:08 GMT+0200 (CEST);1563974588000;4.12;805.84
1380556833984591;59.3;28.7;Wed Jul 24 2019 15:24:27 GMT+0200 (CEST);Wed Jul 24 2019 13:24:27 GMT+0200 (CEST);1563974667000;4.13;801.79
1380556833984591;59.3;28.4;Wed Jul 24 2019 15:25:42 GMT+0200 (CEST);Wed Jul 24 2019 13:25:42 GMT+0200 (CEST);1563974742000;4.08;805.66
1380556833984591;59.3;29.1;Wed Jul 24 2019 15:26:55 GMT+0200 (CEST);Wed Jul 24 2019 13:26:55 GMT+0200 (CEST);1563974815000;3.99;797.63
1380556833984591;59.3;29.1;Wed Jul 24 2019 15:28:11 GMT+0200 (CEST);Wed Jul 24 2019 13:28:11 GMT+0200 (CEST);1563974891000;1.86;233.28
1380556833984591;59.3;28.8;Wed Jul 24 2019 15:29:27 GMT+0200 (CEST);Wed Jul 24 2019 13:29:27 GMT+0200 (CEST);1563974967000;0.67;152.4
1380556833984591;59.3;27.8;Wed Jul 24 2019 15:30:43 GMT+0200 (CEST);Wed Jul 24 2019 13:30:43 GMT+0200 (CEST);1563975043000;0.81;168.33
1380556833984591;58.8;29.3;Wed Jul 24 2019 15:31:58 GMT+0200 (CEST);Wed Jul 24 2019 13:31:58 GMT+0200 (CEST);1563975118000;4.13;805.24
1380556833984591;58.8;30.2;Wed Jul 24 2019 15:33:18 GMT+0200 (CEST);Wed Jul 24 2019 13:33:18 GMT+0200 (CEST);1563975198000;3.95;785.21
1380556833984591;58.8;30.8;Wed Jul 24 2019 15:34:51 GMT+0200 (CEST);Wed Jul 24 2019 13:34:51 GMT+0200 (CEST);1563975291000;3.87;768.91
1380556833984591;57.2;30.3;Wed Jul 24 2019 15:36:07 GMT+0200 (CEST);Wed Jul 24 2019 13:36:07 GMT+0200 (CEST);1563975367000;3.89;770.25
1380556833984591;57.2;30.4;Wed Jul 24 2019 15:37:24 GMT+0200 (CEST);Wed Jul 24 2019 13:37:24 GMT+0200 (CEST);1563975444000;3.9;779.55
1380556833984591;57.2;30.5;Wed Jul 24 2019 15:38:43 GMT+0200 (CEST);Wed Jul 24 2019 13:38:43 GMT+0200 (CEST);1563975523000;3.83;777.7
1380556833984591;57.2;29.8;Wed Jul 24 2019 15:40:01 GMT+0200 (CEST);Wed Jul 24 2019 13:40:01 GMT+0200 (CEST);1563975601000;3.94;774.51
1380556833984591;55.2;29.8;Wed Jul 24 2019 15:41:20 GMT+0200 (CEST);Wed Jul 24 2019 13:41:20 GMT+0200 (CEST);1563975680000;3.92;753.94
1380556833984591;55.2;29.8;Wed Jul 24 2019 15:42:38 GMT+0200 (CEST);Wed Jul 24 2019 13:42:38 GMT+0200 (CEST);1563975758000;3.91;770.62
1380556833984591;55.2;29.8;Wed Jul 24 2019 15:43:58 GMT+0200 (CEST);Wed Jul 24 2019 13:43:58 GMT+0200 (CEST);1563975838000;3.9;760.63
1380556833984591;55.2;29.7;Wed Jul 24 2019 15:45:14 GMT+0200 (CEST);Wed Jul 24 2019 13:45:14 GMT+0200 (CEST);1563975914000;3.87;754
1380556833984591;55.2;29.7;Wed Jul 24 2019 15:46:31 GMT+0200 (CEST);Wed Jul 24 2019 13:46:31 GMT+0200 (CEST);1563975991000;3.76;734.3
1380556833984591;55.2;29.9;Wed Jul 24 2019 15:47:45 GMT+0200 (CEST);Wed Jul 24 2019 13:47:45 GMT+0200 (CEST);1563976065000;3.2;714.72
1380556833984591;55.2;29.8;Wed Jul 24 2019 15:49:07 GMT+0200 (CEST);Wed Jul 24 2019 13:49:07 GMT+0200 (CEST);1563976147000;3.08;645.11
1380556833984591;55.2;30.1;Wed Jul 24 2019 15:50:24 GMT+0200 (CEST);Wed Jul 24 2019 13:50:24 GMT+0200 (CEST);1563976224000;3.73;723.61
1380556833984591;55.2;29.5;Wed Jul 24 2019 15:51:42 GMT+0200 (CEST);Wed Jul 24 2019 13:51:42 GMT+0200 (CEST);1563976302000;3.77;734.33
1380556833984591;55.2;29.7;Wed Jul 24 2019 15:53:00 GMT+0200 (CEST);Wed Jul 24 2019 13:53:00 GMT+0200 (CEST);1563976380000;3.71;729.48
1380556833984591;55.2;29.8;Wed Jul 24 2019 15:54:15 GMT+0200 (CEST);Wed Jul 24 2019 13:54:15 GMT+0200 (CEST);1563976455000;3.64;723.98
1380556833984591;55.2;30.2;Wed Jul 24 2019 15:55:30 GMT+0200 (CEST);Wed Jul 24 2019 13:55:30 GMT+0200 (CEST);1563976530000;3.69;725.89
1380556833984591;55.2;30.1;Wed Jul 24 2019 15:56:47 GMT+0200 (CEST);Wed Jul 24 2019 13:56:47 GMT+0200 (CEST);1563976607000;3.66;723.02
1380556833984591;55.2;30.2;Wed Jul 24 2019 15:58:03 GMT+0200 (CEST);Wed Jul 24 2019 13:58:03 GMT+0200 (CEST);1563976683000;3.64;721.59
1380556833984591;55.2;30.4;Wed Jul 24 2019 15:59:16 GMT+0200 (CEST);Wed Jul 24 2019 13:59:16 GMT+0200 (CEST);1563976756000;3.63;719.82
1380556833984591;55.2;30.3;Wed Jul 24 2019 16:00:32 GMT+0200 (CEST);Wed Jul 24 2019 14:00:32 GMT+0200 (CEST);1563976832000;3.62;716.87
1380556833984591;55.2;30.1;Wed Jul 24 2019 16:01:49 GMT+0200 (CEST);Wed Jul 24 2019 14:01:49 GMT+0200 (CEST);1563976909000;3.61;714.63
1380556833984591;55.2;30.1;Wed Jul 24 2019 16:03:04 GMT+0200 (CEST);Wed Jul 24 2019 14:03:04 GMT+0200 (CEST);1563976984000;3.5;710.57
1380556833984591;55.2;30.6;Wed Jul 24 2019 16:04:21 GMT+0200 (CEST);Wed Jul 24 2019 14:04:21 GMT+0200 (CEST);1563977061000;3.48;705.45
1380556833984591;55.2;30.3;Wed Jul 24 2019 16:05:56 GMT+0200 (CEST);Wed Jul 24 2019 14:05:56 GMT+0200 (CEST);1563977156000;3.52;704.58
1380556833984591;55.2;29.6;Wed Jul 24 2019 16:07:13 GMT+0200 (CEST);Wed Jul 24 2019 14:07:13 GMT+0200 (CEST);1563977233000;3.58;701.46
1380556833984591;55.2;29.8;Wed Jul 24 2019 16:08:29 GMT+0200 (CEST);Wed Jul 24 2019 14:08:29 GMT+0200 (CEST);1563977309000;3.58;696.37
1380556833984591;55.2;29.8;Wed Jul 24 2019 16:09:44 GMT+0200 (CEST);Wed Jul 24 2019 14:09:44 GMT+0200 (CEST);1563977384000;3.47;697.18
1380556833984591;55.2;30.6;Wed Jul 24 2019 16:11:00 GMT+0200 (CEST);Wed Jul 24 2019 14:11:00 GMT+0200 (CEST);1563977460000;3.34;689.79
1380556833984591;55.2;30.4;Wed Jul 24 2019 16:12:15 GMT+0200 (CEST);Wed Jul 24 2019 14:12:15 GMT+0200 (CEST);1563977535000;3.39;683.39
1380556833984591;55.2;30.6;Wed Jul 24 2019 16:13:29 GMT+0200 (CEST);Wed Jul 24 2019 14:13:29 GMT+0200 (CEST);1563977609000;3.37;675.84
1380556833984591;55.2;30.2;Wed Jul 24 2019 16:14:47 GMT+0200 (CEST);Wed Jul 24 2019 14:14:47 GMT+0200 (CEST);1563977687000;3.43;676.35
1380556833984591;55.2;30.2;Wed Jul 24 2019 16:16:03 GMT+0200 (CEST);Wed Jul 24 2019 14:16:03 GMT+0200 (CEST);1563977763000;3.38;670.25
1380556833984591;55.2;30.2;Wed Jul 24 2019 16:17:25 GMT+0200 (CEST);Wed Jul 24 2019 14:17:25 GMT+0200 (CEST);1563977845000;3.34;669.41
1380556833984591;55.2;30.2;Wed Jul 24 2019 16:18:44 GMT+0200 (CEST);Wed Jul 24 2019 14:18:44 GMT+0200 (CEST);1563977924000;3.29;664.67
1380556833984591;55.2;30.9;Wed Jul 24 2019 16:19:58 GMT+0200 (CEST);Wed Jul 24 2019 14:19:58 GMT+0200 (CEST);1563977998000;3.23;660.18
1380556833984591;55.2;30.7;Wed Jul 24 2019 16:21:45 GMT+0200 (CEST);Wed Jul 24 2019 14:21:45 GMT+0200 (CEST);1563978105000;3.24;652.79
1380556833984591;55.2;30.7;Wed Jul 24 2019 16:23:01 GMT+0200 (CEST);Wed Jul 24 2019 14:23:01 GMT+0200 (CEST);1563978181000;3.16;650.23
1380556833984591;55.2;31;Wed Jul 24 2019 16:24:17 GMT+0200 (CEST);Wed Jul 24 2019 14:24:17 GMT+0200 (CEST);1563978257000;3.17;647.67
1380556833984591;55.2;30.3;Wed Jul 24 2019 16:25:37 GMT+0200 (CEST);Wed Jul 24 2019 14:25:37 GMT+0200 (CEST);1563978337000;3.22;642.55
1380556833984591;55.2;30.3;Wed Jul 24 2019 16:26:58 GMT+0200 (CEST);Wed Jul 24 2019 14:26:58 GMT+0200 (CEST);1563978418000;3.24;634.87
1380556833984591;55.2;29.7;Wed Jul 24 2019 16:28:15 GMT+0200 (CEST);Wed Jul 24 2019 14:28:15 GMT+0200 (CEST);1563978495000;3.23;632.31
1380556833984591;54.7;29.7;Wed Jul 24 2019 16:29:41 GMT+0200 (CEST);Wed Jul 24 2019 14:29:41 GMT+0200 (CEST);1563978581000;3.2;627.19
1380556833984591;54.7;30.1;Wed Jul 24 2019 16:30:58 GMT+0200 (CEST);Wed Jul 24 2019 14:30:58 GMT+0200 (CEST);1563978658000;3.05;624.63
1380556833984591;54.7;30.9;Wed Jul 24 2019 16:32:13 GMT+0200 (CEST);Wed Jul 24 2019 14:32:13 GMT+0200 (CEST);1563978733000;3.21;622.07
1380556833984591;54.7;30.3;Wed Jul 24 2019 16:33:31 GMT+0200 (CEST);Wed Jul 24 2019 14:33:31 GMT+0200 (CEST);1563978811000;3.14;619.51
1380556833984591;54.7;31;Wed Jul 24 2019 16:34:46 GMT+0200 (CEST);Wed Jul 24 2019 14:34:46 GMT+0200 (CEST);1563978886000;3.22;622.07
1380556833984591;54.7;29.9;Wed Jul 24 2019 16:36:03 GMT+0200 (CEST);Wed Jul 24 2019 14:36:03 GMT+0200 (CEST);1563978963000;3.22;622.07
1380556833984591;54.7;30.2;Wed Jul 24 2019 16:37:18 GMT+0200 (CEST);Wed Jul 24 2019 14:37:18 GMT+0200 (CEST);1563979038000;3.16;616.95
1380556833984591;54.7;30.7;Wed Jul 24 2019 16:38:34 GMT+0200 (CEST);Wed Jul 24 2019 14:38:34 GMT+0200 (CEST);1563979114000;3.17;614.39
1380556833984591;53.2;29.7;Wed Jul 24 2019 16:39:50 GMT+0200 (CEST);Wed Jul 24 2019 14:39:50 GMT+0200 (CEST);1563979190000;3.12;601.59
1380556833984591;53.2;29.8;Wed Jul 24 2019 16:41:07 GMT+0200 (CEST);Wed Jul 24 2019 14:41:07 GMT+0200 (CEST);1563979267000;3.06;596.47
1380556833984591;53.2;30.2;Wed Jul 24 2019 16:42:24 GMT+0200 (CEST);Wed Jul 24 2019 14:42:24 GMT+0200 (CEST);1563979344000;3.03;593.91
1380556833984591;53.2;29.8;Wed Jul 24 2019 16:43:46 GMT+0200 (CEST);Wed Jul 24 2019 14:43:46 GMT+0200 (CEST);1563979426000;2.99;583.67
1380556833984591;53.2;29.8;Wed Jul 24 2019 16:45:02 GMT+0200 (CEST);Wed Jul 24 2019 14:45:02 GMT+0200 (CEST);1563979502000;2.97;581.11
1380556833984591;53.2;29.8;Wed Jul 24 2019 16:46:16 GMT+0200 (CEST);Wed Jul 24 2019 14:46:16 GMT+0200 (CEST);1563979576000;2.97;575.99
1380556833984591;53.2;29.9;Wed Jul 24 2019 16:47:32 GMT+0200 (CEST);Wed Jul 24 2019 14:47:32 GMT+0200 (CEST);1563979652000;2.94;575.99
1380556833984591;53.2;30;Wed Jul 24 2019 16:48:49 GMT+0200 (CEST);Wed Jul 24 2019 14:48:49 GMT+0200 (CEST);1563979729000;2.92;568.31
1380556833984591;53.2;30.1;Wed Jul 24 2019 16:50:03 GMT+0200 (CEST);Wed Jul 24 2019 14:50:03 GMT+0200 (CEST);1563979803000;2.92;565.75
1380556833984591;53.2;30.4;Wed Jul 24 2019 16:51:24 GMT+0200 (CEST);Wed Jul 24 2019 14:51:24 GMT+0200 (CEST);1563979884000;2.87;563.19
1380556833984591;53.2;30.6;Wed Jul 24 2019 16:52:41 GMT+0200 (CEST);Wed Jul 24 2019 14:52:41 GMT+0200 (CEST);1563979961000;2.83;558.07
1380556833984591;52.7;30.9;Wed Jul 24 2019 16:54:09 GMT+0200 (CEST);Wed Jul 24 2019 14:54:09 GMT+0200 (CEST);1563980049000;2.86;555.51
1380556833984591;52.7;30;Wed Jul 24 2019 16:55:23 GMT+0200 (CEST);Wed Jul 24 2019 14:55:23 GMT+0200 (CEST);1563980123000;2.81;542.71
1380556833984591;52.7;30;Wed Jul 24 2019 16:56:39 GMT+0200 (CEST);Wed Jul 24 2019 14:56:39 GMT+0200 (CEST);1563980199000;2.76;535.03
1380556833984591;52.7;30;Wed Jul 24 2019 16:57:53 GMT+0200 (CEST);Wed Jul 24 2019 14:57:53 GMT+0200 (CEST);1563980273000;2.72;529.91
1380556833984591;52.7;30.3;Wed Jul 24 2019 16:59:10 GMT+0200 (CEST);Wed Jul 24 2019 14:59:10 GMT+0200 (CEST);1563980350000;2.69;529.91
1380556833984591;52.7;30.4;Wed Jul 24 2019 17:00:24 GMT+0200 (CEST);Wed Jul 24 2019 15:00:24 GMT+0200 (CEST);1563980424000;2.66;527.35
1380556833984591;52.7;30.4;Wed Jul 24 2019 17:01:39 GMT+0200 (CEST);Wed Jul 24 2019 15:01:39 GMT+0200 (CEST);1563980499000;2.66;519.67
1380556833984591;52.7;30.4;Wed Jul 24 2019 17:02:56 GMT+0200 (CEST);Wed Jul 24 2019 15:02:56 GMT+0200 (CEST);1563980576000;2.64;517.11
1380556833984591;52.7;30.3;Wed Jul 24 2019 17:04:37 GMT+0200 (CEST);Wed Jul 24 2019 15:04:37 GMT+0200 (CEST);1563980677000;2.66;511.99
1380556833984591;52.7;29.9;Wed Jul 24 2019 17:05:50 GMT+0200 (CEST);Wed Jul 24 2019 15:05:50 GMT+0200 (CEST);1563980750000;2.59;499.19
1380556833984591;52.7;30.1;Wed Jul 24 2019 17:07:07 GMT+0200 (CEST);Wed Jul 24 2019 15:07:07 GMT+0200 (CEST);1563980827000;2.51;481.27
1380556833984591;52.7;30.4;Wed Jul 24 2019 17:08:23 GMT+0200 (CEST);Wed Jul 24 2019 15:08:23 GMT+0200 (CEST);1563980903000;2.47;486.39
1380556833984591;52.7;31;Wed Jul 24 2019 17:09:41 GMT+0200 (CEST);Wed Jul 24 2019 15:09:41 GMT+0200 (CEST);1563980981000;2.16;445.43
1380556833984591;52.7;29.9;Wed Jul 24 2019 17:10:57 GMT+0200 (CEST);Wed Jul 24 2019 15:10:57 GMT+0200 (CEST);1563981057000;2.52;488.95
1380556833984591;52.7;30.1;Wed Jul 24 2019 17:12:16 GMT+0200 (CEST);Wed Jul 24 2019 15:12:16 GMT+0200 (CEST);1563981136000;2.47;481.27
1380556833984591;52.7;30.1;Wed Jul 24 2019 17:13:31 GMT+0200 (CEST);Wed Jul 24 2019 15:13:31 GMT+0200 (CEST);1563981211000;2.47;476.15
1380556833984591;52.7;30.2;Wed Jul 24 2019 17:14:47 GMT+0200 (CEST);Wed Jul 24 2019 15:14:47 GMT+0200 (CEST);1563981287000;2.37;463.35
1380556833984591;52.7;30.7;Wed Jul 24 2019 17:16:02 GMT+0200 (CEST);Wed Jul 24 2019 15:16:02 GMT+0200 (CEST);1563981362000;2.32;460.79
1380556833984591;52.7;30.6;Wed Jul 24 2019 17:17:26 GMT+0200 (CEST);Wed Jul 24 2019 15:17:26 GMT+0200 (CEST);1563981446000;2.34;458.23
1380556833984591;52.7;30.7;Wed Jul 24 2019 17:18:43 GMT+0200 (CEST);Wed Jul 24 2019 15:18:43 GMT+0200 (CEST);1563981523000;2.35;460.79
1380556833984591;52.7;30.6;Wed Jul 24 2019 17:20:12 GMT+0200 (CEST);Wed Jul 24 2019 15:20:12 GMT+0200 (CEST);1563981612000;2.25;450.55
1380556833984591;52.7;30.9;Wed Jul 24 2019 17:21:30 GMT+0200 (CEST);Wed Jul 24 2019 15:21:30 GMT+0200 (CEST);1563981690000;2.27;447.99
1380556833984591;52.7;30.6;Wed Jul 24 2019 17:22:43 GMT+0200 (CEST);Wed Jul 24 2019 15:22:43 GMT+0200 (CEST);1563981763000;2.2;447.99
1380556833984591;51.2;31.1;Wed Jul 24 2019 17:24:17 GMT+0200 (CEST);Wed Jul 24 2019 15:24:17 GMT+0200 (CEST);1563981857000;2.1;414.71
1380556833984591;51.2;30.8;Wed Jul 24 2019 17:25:32 GMT+0200 (CEST);Wed Jul 24 2019 15:25:32 GMT+0200 (CEST);1563981932000;1.85;394.23
1380556833984591;51.2;30.8;Wed Jul 24 2019 17:26:46 GMT+0200 (CEST);Wed Jul 24 2019 15:26:46 GMT+0200 (CEST);1563982006000;2.11;424.95
1380556833984591;51.2;31;Wed Jul 24 2019 17:28:02 GMT+0200 (CEST);Wed Jul 24 2019 15:28:02 GMT+0200 (CEST);1563982082000;2.15;424.95
1380556833984591;50.7;31;Wed Jul 24 2019 17:29:17 GMT+0200 (CEST);Wed Jul 24 2019 15:29:17 GMT+0200 (CEST);1563982157000;2.06;412.15
1380556833984591;50.7;30.7;Wed Jul 24 2019 17:30:33 GMT+0200 (CEST);Wed Jul 24 2019 15:30:33 GMT+0200 (CEST);1563982233000;2.06;407.03
1380556833984591;50.7;30.8;Wed Jul 24 2019 17:31:53 GMT+0200 (CEST);Wed Jul 24 2019 15:31:53 GMT+0200 (CEST);1563982313000;2.06;412.15
1380556833984591;50.7;31;Wed Jul 24 2019 17:33:10 GMT+0200 (CEST);Wed Jul 24 2019 15:33:10 GMT+0200 (CEST);1563982390000;2.06;409.59
1380556833984591;50.7;31.1;Wed Jul 24 2019 17:34:26 GMT+0200 (CEST);Wed Jul 24 2019 15:34:26 GMT+0200 (CEST);1563982466000;2.01;401.91
1380556833984591;50.7;30.9;Wed Jul 24 2019 17:35:49 GMT+0200 (CEST);Wed Jul 24 2019 15:35:49 GMT+0200 (CEST);1563982549000;2.01;396.79
1380556833984591;50.7;31.1;Wed Jul 24 2019 17:37:11 GMT+0200 (CEST);Wed Jul 24 2019 15:37:11 GMT+0200 (CEST);1563982631000;1.93;391.67
1380556833984591;50.7;31;Wed Jul 24 2019 17:38:43 GMT+0200 (CEST);Wed Jul 24 2019 15:38:43 GMT+0200 (CEST);1563982723000;1.9;383.99
1380556833984591;50.7;31.2;Wed Jul 24 2019 17:39:57 GMT+0200 (CEST);Wed Jul 24 2019 15:39:57 GMT+0200 (CEST);1563982797000;1.91;383.99
1380556833984591;50.7;31.2;Wed Jul 24 2019 17:41:12 GMT+0200 (CEST);Wed Jul 24 2019 15:41:12 GMT+0200 (CEST);1563982872000;1.85;381.43
1380556833984591;50.7;31.5;Wed Jul 24 2019 17:42:26 GMT+0200 (CEST);Wed Jul 24 2019 15:42:26 GMT+0200 (CEST);1563982946000;1.89;381.43
1380556833984591;50.7;31.2;Wed Jul 24 2019 17:43:43 GMT+0200 (CEST);Wed Jul 24 2019 15:43:43 GMT+0200 (CEST);1563983023000;1.89;381.43
1380556833984591;50.7;31.3;Wed Jul 24 2019 17:44:58 GMT+0200 (CEST);Wed Jul 24 2019 15:44:58 GMT+0200 (CEST);1563983098000;1.87;376.31
1380556833984591;50.7;31.1;Wed Jul 24 2019 17:46:27 GMT+0200 (CEST);Wed Jul 24 2019 15:46:27 GMT+0200 (CEST);1563983187000;1.84;366.07
1380556833984591;48.2;31;Wed Jul 24 2019 17:47:45 GMT+0200 (CEST);Wed Jul 24 2019 15:47:45 GMT+0200 (CEST);1563983265000;1.79;360.95
1380556833984591;48.2;31.5;Wed Jul 24 2019 17:49:11 GMT+0200 (CEST);Wed Jul 24 2019 15:49:11 GMT+0200 (CEST);1563983351000;1.74;353.27
1380556833984591;48.2;31.7;Wed Jul 24 2019 17:50:26 GMT+0200 (CEST);Wed Jul 24 2019 15:50:26 GMT+0200 (CEST);1563983426000;1.76;353.27
1380556833984591;48.2;31.5;Wed Jul 24 2019 17:51:42 GMT+0200 (CEST);Wed Jul 24 2019 15:51:42 GMT+0200 (CEST);1563983502000;1.7;350.71
1380556833984591;48.2;31.7;Wed Jul 24 2019 17:52:58 GMT+0200 (CEST);Wed Jul 24 2019 15:52:58 GMT+0200 (CEST);1563983578000;1.68;345.59
1380556833984591;48.2;31.9;Wed Jul 24 2019 17:54:15 GMT+0200 (CEST);Wed Jul 24 2019 15:54:15 GMT+0200 (CEST);1563983655000;1.63;337.91
1380556833984591;48.2;31.7;Wed Jul 24 2019 17:55:30 GMT+0200 (CEST);Wed Jul 24 2019 15:55:30 GMT+0200 (CEST);1563983730000;1.62;335.35
1380556833984591;48.2;31.9;Wed Jul 24 2019 17:56:46 GMT+0200 (CEST);Wed Jul 24 2019 15:56:46 GMT+0200 (CEST);1563983806000;1.57;330.23
1380556833984591;48.2;31.5;Wed Jul 24 2019 17:58:00 GMT+0200 (CEST);Wed Jul 24 2019 15:58:00 GMT+0200 (CEST);1563983880000;1.61;330.23
1380556833984591;48.2;31.3;Wed Jul 24 2019 17:59:19 GMT+0200 (CEST);Wed Jul 24 2019 15:59:19 GMT+0200 (CEST);1563983959000;1.58;324.66
1380556833984591;48.2;31.5;Wed Jul 24 2019 18:00:33 GMT+0200 (CEST);Wed Jul 24 2019 16:00:33 GMT+0200 (CEST);1563984033000;1.55;320.15
1380556833984591;48.2;31.6;Wed Jul 24 2019 18:01:47 GMT+0200 (CEST);Wed Jul 24 2019 16:01:47 GMT+0200 (CEST);1563984107000;1.49;315.66
1380556833984591;48.2;31.9;Wed Jul 24 2019 18:03:06 GMT+0200 (CEST);Wed Jul 24 2019 16:03:06 GMT+0200 (CEST);1563984186000;1.48;309.18
1380556833984591;48.2;31.8;Wed Jul 24 2019 18:04:20 GMT+0200 (CEST);Wed Jul 24 2019 16:04:20 GMT+0200 (CEST);1563984260000;1.45;302.41
1380556833984591;48.2;31.9;Wed Jul 24 2019 18:05:39 GMT+0200 (CEST);Wed Jul 24 2019 16:05:39 GMT+0200 (CEST);1563984339000;1.42;296.07
1380556833984591;48.2;31.8;Wed Jul 24 2019 18:06:56 GMT+0200 (CEST);Wed Jul 24 2019 16:06:56 GMT+0200 (CEST);1563984416000;1.38;288.95
1380556833984591;48.2;32;Wed Jul 24 2019 18:08:12 GMT+0200 (CEST);Wed Jul 24 2019 16:08:12 GMT+0200 (CEST);1563984492000;1.33;284.99
1380556833984591;48.2;32;Wed Jul 24 2019 18:09:26 GMT+0200 (CEST);Wed Jul 24 2019 16:09:26 GMT+0200 (CEST);1563984566000;1.33;284.39
1380556833984591;48.2;31.7;Wed Jul 24 2019 18:10:42 GMT+0200 (CEST);Wed Jul 24 2019 16:10:42 GMT+0200 (CEST);1563984642000;1.31;282.28
1380556833984591;47.2;32.1;Wed Jul 24 2019 18:12:00 GMT+0200 (CEST);Wed Jul 24 2019 16:12:00 GMT+0200 (CEST);1563984720000;1.27;273.6
1380556833984591;47.2;32;Wed Jul 24 2019 18:13:18 GMT+0200 (CEST);Wed Jul 24 2019 16:13:18 GMT+0200 (CEST);1563984798000;1.29;275.99
1380556833984591;47.2;31.9;Wed Jul 24 2019 18:14:37 GMT+0200 (CEST);Wed Jul 24 2019 16:14:37 GMT+0200 (CEST);1563984877000;1.27;271.69
1380556833984591;47.2;32.1;Wed Jul 24 2019 18:15:56 GMT+0200 (CEST);Wed Jul 24 2019 16:15:56 GMT+0200 (CEST);1563984956000;1.21;265.44
1380556833984591;47.2;32.3;Wed Jul 24 2019 18:17:12 GMT+0200 (CEST);Wed Jul 24 2019 16:17:12 GMT+0200 (CEST);1563985032000;1.2;260.26
1380556833984591;47.2;32.2;Wed Jul 24 2019 18:18:33 GMT+0200 (CEST);Wed Jul 24 2019 16:18:33 GMT+0200 (CEST);1563985113000;1.18;257.4
1380556833984591;47.2;32.1;Wed Jul 24 2019 18:19:48 GMT+0200 (CEST);Wed Jul 24 2019 16:19:48 GMT+0200 (CEST);1563985188000;1.16;208.89
1380556833984591;46.7;31.9;Wed Jul 24 2019 18:21:06 GMT+0200 (CEST);Wed Jul 24 2019 16:21:06 GMT+0200 (CEST);1563985266000;1.15;83.01
1380556833984591;46.7;32.3;Wed Jul 24 2019 18:22:26 GMT+0200 (CEST);Wed Jul 24 2019 16:22:26 GMT+0200 (CEST);1563985346000;1.09;63.58
1380556833984591;46.7;32.1;Wed Jul 24 2019 18:23:41 GMT+0200 (CEST);Wed Jul 24 2019 16:23:41 GMT+0200 (CEST);1563985421000;1.04;63.39
1380556833984591;46.7;32.1;Wed Jul 24 2019 18:24:59 GMT+0200 (CEST);Wed Jul 24 2019 16:24:59 GMT+0200 (CEST);1563985499000;1.04;64.33
1380556833984591;46.7;32.2;Wed Jul 24 2019 18:26:12 GMT+0200 (CEST);Wed Jul 24 2019 16:26:12 GMT+0200 (CEST);1563985572000;1.06;64.17
1380556833984591;46.7;32;Wed Jul 24 2019 18:27:22 GMT+0200 (CEST);Wed Jul 24 2019 16:27:22 GMT+0200 (CEST);1563985642000;1.01;64.61
1380556833984591;46.7;32.1;Wed Jul 24 2019 18:28:36 GMT+0200 (CEST);Wed Jul 24 2019 16:28:36 GMT+0200 (CEST);1563985716000;0.99;63.79
1380556833984591;45.2;32.1;Wed Jul 24 2019 18:30:02 GMT+0200 (CEST);Wed Jul 24 2019 16:30:02 GMT+0200 (CEST);1563985802000;0.98;64.14
1380556833984591;45.2;32.2;Wed Jul 24 2019 18:31:19 GMT+0200 (CEST);Wed Jul 24 2019 16:31:19 GMT+0200 (CEST);1563985879000;0.95;64.35
1380556833984591;45.2;32.2;Wed Jul 24 2019 18:32:35 GMT+0200 (CEST);Wed Jul 24 2019 16:32:35 GMT+0200 (CEST);1563985955000;0.94;63.59
1380556833984591;45.2;32;Wed Jul 24 2019 18:34:02 GMT+0200 (CEST);Wed Jul 24 2019 16:34:02 GMT+0200 (CEST);1563986042000;0.92;62.75
1380556833984591;44.7;32;Wed Jul 24 2019 18:35:37 GMT+0200 (CEST);Wed Jul 24 2019 16:35:37 GMT+0200 (CEST);1563986137000;0.87;62.6
1380556833984591;44.7;31.9;Wed Jul 24 2019 18:36:54 GMT+0200 (CEST);Wed Jul 24 2019 16:36:54 GMT+0200 (CEST);1563986214000;0.8;62.54
1380556833984591;44.7;32.1;Wed Jul 24 2019 18:38:11 GMT+0200 (CEST);Wed Jul 24 2019 16:38:11 GMT+0200 (CEST);1563986291000;0.84;62.41
1380556833984591;44.7;32;Wed Jul 24 2019 18:39:27 GMT+0200 (CEST);Wed Jul 24 2019 16:39:27 GMT+0200 (CEST);1563986367000;0.82;62.79
1380556833984591;44.7;32;Wed Jul 24 2019 18:40:42 GMT+0200 (CEST);Wed Jul 24 2019 16:40:42 GMT+0200 (CEST);1563986442000;0.79;62.82
1380556833984591;44.7;32;Wed Jul 24 2019 18:41:57 GMT+0200 (CEST);Wed Jul 24 2019 16:41:57 GMT+0200 (CEST);1563986517000;0.78;61.67
1380556833984591;44.7;32.2;Wed Jul 24 2019 18:43:13 GMT+0200 (CEST);Wed Jul 24 2019 16:43:13 GMT+0200 (CEST);1563986593000;0.77;61.27
1380556833984591;44.7;32.1;Wed Jul 24 2019 18:44:29 GMT+0200 (CEST);Wed Jul 24 2019 16:44:29 GMT+0200 (CEST);1563986669000;0.76;60.62
1380556833984591;44.7;32.2;Wed Jul 24 2019 18:45:44 GMT+0200 (CEST);Wed Jul 24 2019 16:45:44 GMT+0200 (CEST);1563986744000;0.73;60.73
1380556833984591;44.7;32.2;Wed Jul 24 2019 18:47:16 GMT+0200 (CEST);Wed Jul 24 2019 16:47:16 GMT+0200 (CEST);1563986836000;0.72;60.66
1380556833984591;44.7;32.2;Wed Jul 24 2019 18:48:31 GMT+0200 (CEST);Wed Jul 24 2019 16:48:31 GMT+0200 (CEST);1563986911000;0.7;60.22
1380556833984591;44.7;32.1;Wed Jul 24 2019 18:49:58 GMT+0200 (CEST);Wed Jul 24 2019 16:49:58 GMT+0200 (CEST);1563986998000;0.69;60.2
1380556833984591;44.7;31.9;Wed Jul 24 2019 18:51:13 GMT+0200 (CEST);Wed Jul 24 2019 16:51:13 GMT+0200 (CEST);1563987073000;0.65;60.5
1380556833984591;44.7;32.2;Wed Jul 24 2019 18:52:29 GMT+0200 (CEST);Wed Jul 24 2019 16:52:29 GMT+0200 (CEST);1563987149000;0.63;60.01
1380556833984591;44.7;32.1;Wed Jul 24 2019 18:53:45 GMT+0200 (CEST);Wed Jul 24 2019 16:53:45 GMT+0200 (CEST);1563987225000;0.61;59.25
1380556833984591;43.1;32.2;Wed Jul 24 2019 18:55:00 GMT+0200 (CEST);Wed Jul 24 2019 16:55:00 GMT+0200 (CEST);1563987300000;0.6;58.21
1380556833984591;43.1;32.1;Wed Jul 24 2019 18:56:15 GMT+0200 (CEST);Wed Jul 24 2019 16:56:15 GMT+0200 (CEST);1563987375000;0.57;56.89
1380556833984591;43.1;32;Wed Jul 24 2019 18:57:31 GMT+0200 (CEST);Wed Jul 24 2019 16:57:31 GMT+0200 (CEST);1563987451000;0.55;56.34
1380556833984591;43.1;32;Wed Jul 24 2019 18:58:52 GMT+0200 (CEST);Wed Jul 24 2019 16:58:52 GMT+0200 (CEST);1563987532000;0.54;55.56
1380556833984591;43.1;32;Wed Jul 24 2019 19:00:09 GMT+0200 (CEST);Wed Jul 24 2019 17:00:09 GMT+0200 (CEST);1563987609000;0.53;54.89
1380556833984591;43.1;32.2;Wed Jul 24 2019 19:01:22 GMT+0200 (CEST);Wed Jul 24 2019 17:01:22 GMT+0200 (CEST);1563987682000;0.51;55.03
1380556833984591;43.1;31.9;Wed Jul 24 2019 19:02:38 GMT+0200 (CEST);Wed Jul 24 2019 17:02:38 GMT+0200 (CEST);1563987758000;0.49;54.36
1380556833984591;42.6;32.2;Wed Jul 24 2019 19:04:03 GMT+0200 (CEST);Wed Jul 24 2019 17:04:03 GMT+0200 (CEST);1563987843000;0.48;54.96
1380556833984591;42.6;32.1;Wed Jul 24 2019 19:05:23 GMT+0200 (CEST);Wed Jul 24 2019 17:05:23 GMT+0200 (CEST);1563987923000;0.46;54.47
1380556833984591;42.6;32.1;Wed Jul 24 2019 19:06:37 GMT+0200 (CEST);Wed Jul 24 2019 17:06:37 GMT+0200 (CEST);1563987997000;0.45;54.01
1380556833984591;42.6;32.1;Wed Jul 24 2019 19:07:52 GMT+0200 (CEST);Wed Jul 24 2019 17:07:52 GMT+0200 (CEST);1563988072000;0.43;53.37
1380556833984591;42.6;32.3;Wed Jul 24 2019 19:09:14 GMT+0200 (CEST);Wed Jul 24 2019 17:09:14 GMT+0200 (CEST);1563988154000;0.41;52.73
1380556833984591;42.6;32.3;Wed Jul 24 2019 19:10:30 GMT+0200 (CEST);Wed Jul 24 2019 17:10:30 GMT+0200 (CEST);1563988230000;0.4;52.02
1380556833984591;42.6;32.3;Wed Jul 24 2019 19:11:45 GMT+0200 (CEST);Wed Jul 24 2019 17:11:45 GMT+0200 (CEST);1563988305000;0.38;52.39
1380556833984591;42.6;32.1;Wed Jul 24 2019 19:13:04 GMT+0200 (CEST);Wed Jul 24 2019 17:13:04 GMT+0200 (CEST);1563988384000;0.37;51.89
1380556833984591;42.6;32.1;Wed Jul 24 2019 19:14:18 GMT+0200 (CEST);Wed Jul 24 2019 17:14:18 GMT+0200 (CEST);1563988458000;0.37;52.09
1380556833984591;42.6;32.2;Wed Jul 24 2019 19:15:42 GMT+0200 (CEST);Wed Jul 24 2019 17:15:42 GMT+0200 (CEST);1563988542000;0.35;51.57
1380556833984591;42.6;32.1;Wed Jul 24 2019 19:17:03 GMT+0200 (CEST);Wed Jul 24 2019 17:17:03 GMT+0200 (CEST);1563988623000;0.32;50.94
1380556833984591;42.6;32;Wed Jul 24 2019 19:18:35 GMT+0200 (CEST);Wed Jul 24 2019 17:18:35 GMT+0200 (CEST);1563988715000;0.31;50.47
1380556833984591;42.6;32;Wed Jul 24 2019 19:19:49 GMT+0200 (CEST);Wed Jul 24 2019 17:19:49 GMT+0200 (CEST);1563988789000;0.3;49.85
1380556833984591;42.6;32.1;Wed Jul 24 2019 19:21:04 GMT+0200 (CEST);Wed Jul 24 2019 17:21:04 GMT+0200 (CEST);1563988864000;0.29;49.32
1380556833984591;42.6;32.1;Wed Jul 24 2019 19:22:32 GMT+0200 (CEST);Wed Jul 24 2019 17:22:32 GMT+0200 (CEST);1563988952000;0.28;48.79
1380556833984591;41.1;31.9;Wed Jul 24 2019 19:23:47 GMT+0200 (CEST);Wed Jul 24 2019 17:23:47 GMT+0200 (CEST);1563989027000;0.26;48.47
1380556833984591;41.1;31.9;Wed Jul 24 2019 19:25:04 GMT+0200 (CEST);Wed Jul 24 2019 17:25:04 GMT+0200 (CEST);1563989104000;0.26;48.46
1380556833984591;41.1;31.7;Wed Jul 24 2019 19:26:20 GMT+0200 (CEST);Wed Jul 24 2019 17:26:20 GMT+0200 (CEST);1563989180000;0.25;48.24
1380556833984591;41.1;31.7;Wed Jul 24 2019 19:27:09 GMT+0200 (CEST);Wed Jul 24 2019 17:27:09 GMT+0200 (CEST);1563989229000;0.24;47.85
1380556833984591;40.6;31.7;Wed Jul 24 2019 19:28:29 GMT+0200 (CEST);Wed Jul 24 2019 17:28:29 GMT+0200 (CEST);1563989309000;0.23;47.37
1380556833984591;40.6;31.5;Wed Jul 24 2019 19:29:47 GMT+0200 (CEST);Wed Jul 24 2019 17:29:47 GMT+0200 (CEST);1563989387000;0.22;46.46
1380556833984591;40.6;31.6;Wed Jul 24 2019 19:31:02 GMT+0200 (CEST);Wed Jul 24 2019 17:31:02 GMT+0200 (CEST);1563989462000;0.21;46.01
1380556833984591;40.6;31.4;Wed Jul 24 2019 19:32:31 GMT+0200 (CEST);Wed Jul 24 2019 17:32:31 GMT+0200 (CEST);1563989551000;0.2;44.68
1380556833984591;40.6;31.3;Wed Jul 24 2019 19:33:49 GMT+0200 (CEST);Wed Jul 24 2019 17:33:49 GMT+0200 (CEST);1563989629000;0.19;43.5
1380556833984591;40.6;31.3;Wed Jul 24 2019 19:35:05 GMT+0200 (CEST);Wed Jul 24 2019 17:35:05 GMT+0200 (CEST);1563989705000;0.18;43.3
1380556833984591;40.6;31.2;Wed Jul 24 2019 19:36:29 GMT+0200 (CEST);Wed Jul 24 2019 17:36:29 GMT+0200 (CEST);1563989789000;0.18;44.94
1380556833984591;40.6;31.1;Wed Jul 24 2019 19:37:44 GMT+0200 (CEST);Wed Jul 24 2019 17:37:44 GMT+0200 (CEST);1563989864000;0.17;45.49
1380556833984591;40.1;31.1;Wed Jul 24 2019 19:38:58 GMT+0200 (CEST);Wed Jul 24 2019 17:38:58 GMT+0200 (CEST);1563989938000;0.15;46.3
1380556833984591;40.1;31.1;Wed Jul 24 2019 19:40:12 GMT+0200 (CEST);Wed Jul 24 2019 17:40:12 GMT+0200 (CEST);1563990012000;0.15;46.43
1380556833984591;40.1;31.1;Wed Jul 24 2019 19:41:29 GMT+0200 (CEST);Wed Jul 24 2019 17:41:29 GMT+0200 (CEST);1563990089000;0.15;48.6
1380556833984591;40.1;30.8;Wed Jul 24 2019 19:42:44 GMT+0200 (CEST);Wed Jul 24 2019 17:42:44 GMT+0200 (CEST);1563990164000;0.14;49.34
1380556833984591;39.1;30.6;Wed Jul 24 2019 19:44:00 GMT+0200 (CEST);Wed Jul 24 2019 17:44:00 GMT+0200 (CEST);1563990240000;0.13;48.97
1380556833984591;39.1;30.4;Wed Jul 24 2019 19:45:16 GMT+0200 (CEST);Wed Jul 24 2019 17:45:16 GMT+0200 (CEST);1563990316000;0.13;47.77
1380556833984591;39.1;30.4;Wed Jul 24 2019 19:46:33 GMT+0200 (CEST);Wed Jul 24 2019 17:46:33 GMT+0200 (CEST);1563990393000;0.12;46.11
1380556833984591;39.1;30.4;Wed Jul 24 2019 19:47:49 GMT+0200 (CEST);Wed Jul 24 2019 17:47:49 GMT+0200 (CEST);1563990469000;0.12;45.14
1380556833984591;39.1;30.2;Wed Jul 24 2019 19:49:10 GMT+0200 (CEST);Wed Jul 24 2019 17:49:10 GMT+0200 (CEST);1563990550000;0.12;43.87
1380556833984591;39.1;30.1;Wed Jul 24 2019 19:50:25 GMT+0200 (CEST);Wed Jul 24 2019 17:50:25 GMT+0200 (CEST);1563990625000;0.11;43.19
1380556833984591;39.1;30;Wed Jul 24 2019 19:51:47 GMT+0200 (CEST);Wed Jul 24 2019 17:51:47 GMT+0200 (CEST);1563990707000;0.11;41.62
1380556833984591;39.1;29.7;Wed Jul 24 2019 19:53:03 GMT+0200 (CEST);Wed Jul 24 2019 17:53:03 GMT+0200 (CEST);1563990783000;0.11;40.77
1380556833984591;39.1;29.7;Wed Jul 24 2019 19:54:22 GMT+0200 (CEST);Wed Jul 24 2019 17:54:22 GMT+0200 (CEST);1563990862000;0.1;39.48
1380556833984591;39.1;29.6;Wed Jul 24 2019 19:55:38 GMT+0200 (CEST);Wed Jul 24 2019 17:55:38 GMT+0200 (CEST);1563990938000;0.1;38.18
1380556833984591;39.1;29.5;Wed Jul 24 2019 19:56:57 GMT+0200 (CEST);Wed Jul 24 2019 17:56:57 GMT+0200 (CEST);1563991017000;0.1;36.47
1380556833984591;38.6;29.5;Wed Jul 24 2019 19:58:12 GMT+0200 (CEST);Wed Jul 24 2019 17:58:12 GMT+0200 (CEST);1563991092000;0.09;33.52
1380556833984591;38.6;29.4;Wed Jul 24 2019 19:59:31 GMT+0200 (CEST);Wed Jul 24 2019 17:59:31 GMT+0200 (CEST);1563991171000;0.09;33.06
1380556833984591;38.6;29.5;Wed Jul 24 2019 20:00:48 GMT+0200 (CEST);Wed Jul 24 2019 18:00:48 GMT+0200 (CEST);1563991248000;0.09;33.81
1380556833984591;38.6;29.1;Wed Jul 24 2019 20:02:04 GMT+0200 (CEST);Wed Jul 24 2019 18:02:04 GMT+0200 (CEST);1563991324000;0.08;32.92
1380556833984591;38.6;29.1;Wed Jul 24 2019 20:03:18 GMT+0200 (CEST);Wed Jul 24 2019 18:03:18 GMT+0200 (CEST);1563991398000;0.09;31.78
1380556833984591;38.6;29.1;Wed Jul 24 2019 20:04:42 GMT+0200 (CEST);Wed Jul 24 2019 18:04:42 GMT+0200 (CEST);1563991482000;0.08;29.63
1380556833984591;38.6;29;Wed Jul 24 2019 20:05:58 GMT+0200 (CEST);Wed Jul 24 2019 18:05:58 GMT+0200 (CEST);1563991558000;0.08;30.22
1380556833984591;37.1;28.9;Wed Jul 24 2019 20:07:14 GMT+0200 (CEST);Wed Jul 24 2019 18:07:14 GMT+0200 (CEST);1563991634000;0.07;29.27
1380556833984591;37.1;28.5;Wed Jul 24 2019 20:08:32 GMT+0200 (CEST);Wed Jul 24 2019 18:08:32 GMT+0200 (CEST);1563991712000;0.07;28.81
1380556833984591;37.1;28.7;Wed Jul 24 2019 20:09:47 GMT+0200 (CEST);Wed Jul 24 2019 18:09:47 GMT+0200 (CEST);1563991787000;0.07;28.42
1380556833984591;37.1;28.6;Wed Jul 24 2019 20:11:02 GMT+0200 (CEST);Wed Jul 24 2019 18:11:02 GMT+0200 (CEST);1563991862000;0.07;27.62
1380556833984591;37.1;28.5;Wed Jul 24 2019 20:12:22 GMT+0200 (CEST);Wed Jul 24 2019 18:12:22 GMT+0200 (CEST);1563991942000;0.06;25.51
1380556833984591;37.1;28.5;Wed Jul 24 2019 20:13:37 GMT+0200 (CEST);Wed Jul 24 2019 18:13:37 GMT+0200 (CEST);1563992017000;0.06;22.35
1380556833984591;37.1;28.5;Wed Jul 24 2019 20:15:07 GMT+0200 (CEST);Wed Jul 24 2019 18:15:07 GMT+0200 (CEST);1563992107000;0.06;20.92
1380556833984591;36.6;28.6;Wed Jul 24 2019 20:16:22 GMT+0200 (CEST);Wed Jul 24 2019 18:16:22 GMT+0200 (CEST);1563992182000;0.05;20.73
1380556833984591;36.6;28.5;Wed Jul 24 2019 20:17:33 GMT+0200 (CEST);Wed Jul 24 2019 18:17:33 GMT+0200 (CEST);1563992253000;0.05;20.73
1380556833984591;36.6;28.6;Wed Jul 24 2019 20:18:49 GMT+0200 (CEST);Wed Jul 24 2019 18:18:49 GMT+0200 (CEST);1563992329000;0.05;20.39
1380556833984591;36.6;28.3;Wed Jul 24 2019 20:20:14 GMT+0200 (CEST);Wed Jul 24 2019 18:20:14 GMT+0200 (CEST);1563992414000;0.04;19.95
1380556833984591;36.6;28.6;Wed Jul 24 2019 20:21:31 GMT+0200 (CEST);Wed Jul 24 2019 18:21:31 GMT+0200 (CEST);1563992491000;0.04;19.8
1380556833984591;36.6;28.7;Wed Jul 24 2019 20:22:47 GMT+0200 (CEST);Wed Jul 24 2019 18:22:47 GMT+0200 (CEST);1563992567000;0.04;19.67
1380556833984591;36.6;28.6;Wed Jul 24 2019 20:24:15 GMT+0200 (CEST);Wed Jul 24 2019 18:24:15 GMT+0200 (CEST);1563992655000;0.04;19.29
1380556833984591;35.1;28.4;Wed Jul 24 2019 20:25:31 GMT+0200 (CEST);Wed Jul 24 2019 18:25:31 GMT+0200 (CEST);1563992731000;0.04;18.38
1380556833984591;35.1;28;Wed Jul 24 2019 20:26:47 GMT+0200 (CEST);Wed Jul 24 2019 18:26:47 GMT+0200 (CEST);1563992807000;0.03;17.64
1380556833984591;35.1;27.8;Wed Jul 24 2019 20:28:05 GMT+0200 (CEST);Wed Jul 24 2019 18:28:05 GMT+0200 (CEST);1563992885000;0.03;16.66
1380556833984591;35.1;28.2;Wed Jul 24 2019 20:29:24 GMT+0200 (CEST);Wed Jul 24 2019 18:29:24 GMT+0200 (CEST);1563992964000;0.02;16.38
1380556833984591;35.1;28.3;Wed Jul 24 2019 20:30:38 GMT+0200 (CEST);Wed Jul 24 2019 18:30:38 GMT+0200 (CEST);1563993038000;0.02;16.29
1380556833984591;35.1;27.4;Wed Jul 24 2019 20:31:56 GMT+0200 (CEST);Wed Jul 24 2019 18:31:56 GMT+0200 (CEST);1563993116000;0.01;15.45
1380556833984591;35.1;27.7;Wed Jul 24 2019 20:33:11 GMT+0200 (CEST);Wed Jul 24 2019 18:33:11 GMT+0200 (CEST);1563993191000;0.01;14.5
1380556833984591;35.1;26.9;Wed Jul 24 2019 20:34:30 GMT+0200 (CEST);Wed Jul 24 2019 18:34:30 GMT+0200 (CEST);1563993270000;0.01;13.7
1380556833984591;34.6;27.1;Wed Jul 24 2019 20:35:55 GMT+0200 (CEST);Wed Jul 24 2019 18:35:55 GMT+0200 (CEST);1563993355000;0.01;13.25
1380556833984591;34.6;26.9;Wed Jul 24 2019 20:37:12 GMT+0200 (CEST);Wed Jul 24 2019 18:37:12 GMT+0200 (CEST);1563993432000;0;12.44
1380556833984591;34.6;26.3;Wed Jul 24 2019 20:38:32 GMT+0200 (CEST);Wed Jul 24 2019 18:38:32 GMT+0200 (CEST);1563993512000;0;12.04
1380556833984591;34.6;25.8;Wed Jul 24 2019 20:39:46 GMT+0200 (CEST);Wed Jul 24 2019 18:39:46 GMT+0200 (CEST);1563993586000;0;10.85
1380556833984591;34.6;25;Wed Jul 24 2019 20:40:59 GMT+0200 (CEST);Wed Jul 24 2019 18:40:59 GMT+0200 (CEST);1563993659000;0;10.73
1380556833984591;34.6;26.1;Wed Jul 24 2019 20:42:13 GMT+0200 (CEST);Wed Jul 24 2019 18:42:13 GMT+0200 (CEST);1563993733000;0;10.37
1380556833984591;34.6;27.6;Wed Jul 24 2019 20:43:32 GMT+0200 (CEST);Wed Jul 24 2019 18:43:32 GMT+0200 (CEST);1563993812000;0;9.66
1380556833984591;34.6;28;Wed Jul 24 2019 20:44:47 GMT+0200 (CEST);Wed Jul 24 2019 18:44:47 GMT+0200 (CEST);1563993887000;0;9.12
1380556833984591;34.6;27.9;Wed Jul 24 2019 20:46:02 GMT+0200 (CEST);Wed Jul 24 2019 18:46:02 GMT+0200 (CEST);1563993962000;0;8.96
1380556833984591;34.6;27.7;Wed Jul 24 2019 20:47:18 GMT+0200 (CEST);Wed Jul 24 2019 18:47:18 GMT+0200 (CEST);1563994038000;0;8.57
1380556833984591;34.6;28.6;Wed Jul 24 2019 20:48:33 GMT+0200 (CEST);Wed Jul 24 2019 18:48:33 GMT+0200 (CEST);1563994113000;0;7.91
1380556833984591;34.6;29.2;Wed Jul 24 2019 20:49:48 GMT+0200 (CEST);Wed Jul 24 2019 18:49:48 GMT+0200 (CEST);1563994188000;0;7.01
1380556833984591;34.6;28.7;Wed Jul 24 2019 20:51:17 GMT+0200 (CEST);Wed Jul 24 2019 18:51:17 GMT+0200 (CEST);1563994277000;0;6.75
1380556833984591;34.6;28.2;Wed Jul 24 2019 20:52:32 GMT+0200 (CEST);Wed Jul 24 2019 18:52:32 GMT+0200 (CEST);1563994352000;0;5.9
1380556833984591;34.6;27.9;Wed Jul 24 2019 20:53:49 GMT+0200 (CEST);Wed Jul 24 2019 18:53:49 GMT+0200 (CEST);1563994429000;0;5.44
1380556833984591;34.6;28.2;Wed Jul 24 2019 20:55:03 GMT+0200 (CEST);Wed Jul 24 2019 18:55:03 GMT+0200 (CEST);1563994503000;0;4.82
1380556833984591;34.6;27.9;Wed Jul 24 2019 20:56:22 GMT+0200 (CEST);Wed Jul 24 2019 18:56:22 GMT+0200 (CEST);1563994582000;0;3.62
1380556833984591;34.6;30;Wed Jul 24 2019 20:57:36 GMT+0200 (CEST);Wed Jul 24 2019 18:57:36 GMT+0200 (CEST);1563994656000;0;2.62
1380556833984591;34.6;30;Wed Jul 24 2019 20:58:53 GMT+0200 (CEST);Wed Jul 24 2019 18:58:53 GMT+0200 (CEST);1563994733000;0;2.74
1380556833984591;34.6;29.1;Wed Jul 24 2019 21:00:07 GMT+0200 (CEST);Wed Jul 24 2019 19:00:07 GMT+0200 (CEST);1563994807000;0;2.17
1380556833984591;34.6;28.8;Wed Jul 24 2019 21:01:22 GMT+0200 (CEST);Wed Jul 24 2019 19:01:22 GMT+0200 (CEST);1563994882000;0;1.65
1380556833984591;34.6;27.6;Wed Jul 24 2019 21:02:36 GMT+0200 (CEST);Wed Jul 24 2019 19:02:36 GMT+0200 (CEST);1563994956000;0;0.83
1380556833984591;32.1;27.3;Wed Jul 24 2019 21:03:51 GMT+0200 (CEST);Wed Jul 24 2019 19:03:51 GMT+0200 (CEST);1563995031000;0;0
1380556833984591;32.1;27.3;Wed Jul 24 2019 21:05:06 GMT+0200 (CEST);Wed Jul 24 2019 19:05:06 GMT+0200 (CEST);1563995106000;0;0.44
1380556833984591;32.1;27.3;Wed Jul 24 2019 21:06:24 GMT+0200 (CEST);Wed Jul 24 2019 19:06:24 GMT+0200 (CEST);1563995184000;0;-0.01
1380556833984591;32.1;27.3;Wed Jul 24 2019 21:07:43 GMT+0200 (CEST);Wed Jul 24 2019 19:07:43 GMT+0200 (CEST);1563995263000;0;-0.01
1380556833984591;-273.2;25.2;Thu Jul 25 2019 05:34:22 GMT+0200 (CEST);Thu Jul 25 2019 03:34:22 GMT+0200 (CEST);1564025662000;0;2.77
1380556833984591;-273.2;25.2;Thu Jul 25 2019 05:35:39 GMT+0200 (CEST);Thu Jul 25 2019 03:35:39 GMT+0200 (CEST);1564025739000;0;2.32
1380556833984591;-273.2;25.2;Thu Jul 25 2019 05:36:56 GMT+0200 (CEST);Thu Jul 25 2019 03:36:56 GMT+0200 (CEST);1564025816000;0;2.17
1380556833984591;-273.2;25.2;Thu Jul 25 2019 05:38:15 GMT+0200 (CEST);Thu Jul 25 2019 03:38:15 GMT+0200 (CEST);1564025895000;0;2.51
1380556833984591;-273.2;27.8;Thu Jul 25 2019 05:54:35 GMT+0200 (CEST);Thu Jul 25 2019 03:54:35 GMT+0200 (CEST);1564026875000;0;11.47
1380556833984591;19;28.2;Thu Jul 25 2019 05:55:49 GMT+0200 (CEST);Thu Jul 25 2019 03:55:49 GMT+0200 (CEST);1564026949000;0;12.15
1380556833984591;19;29.9;Thu Jul 25 2019 05:57:02 GMT+0200 (CEST);Thu Jul 25 2019 03:57:02 GMT+0200 (CEST);1564027022000;0;12.91
1380556833984591;19;30.1;Thu Jul 25 2019 05:58:15 GMT+0200 (CEST);Thu Jul 25 2019 03:58:15 GMT+0200 (CEST);1564027095000;0;13.67
1380556833984591;19;30.4;Thu Jul 25 2019 05:59:29 GMT+0200 (CEST);Thu Jul 25 2019 03:59:29 GMT+0200 (CEST);1564027169000;0;14.66
1380556833984591;21;30.6;Thu Jul 25 2019 06:00:45 GMT+0200 (CEST);Thu Jul 25 2019 04:00:45 GMT+0200 (CEST);1564027245000;0;15.62
1380556833984591;21;31.5;Thu Jul 25 2019 06:01:58 GMT+0200 (CEST);Thu Jul 25 2019 04:01:58 GMT+0200 (CEST);1564027318000;0;16.54
1380556833984591;21;31.9;Thu Jul 25 2019 06:03:11 GMT+0200 (CEST);Thu Jul 25 2019 04:03:11 GMT+0200 (CEST);1564027391000;0.01;17.39
1380556833984591;21;31.5;Thu Jul 25 2019 06:04:35 GMT+0200 (CEST);Thu Jul 25 2019 04:04:35 GMT+0200 (CEST);1564027475000;0.01;18.48
1380556833984591;22.5;30.4;Thu Jul 25 2019 06:05:59 GMT+0200 (CEST);Thu Jul 25 2019 04:05:59 GMT+0200 (CEST);1564027559000;0.03;19.72
1380556833984591;22.5;30.4;Thu Jul 25 2019 06:07:13 GMT+0200 (CEST);Thu Jul 25 2019 04:07:13 GMT+0200 (CEST);1564027633000;0.03;20.78
1380556833984591;22.5;30.4;Thu Jul 25 2019 06:08:29 GMT+0200 (CEST);Thu Jul 25 2019 04:08:29 GMT+0200 (CEST);1564027709000;0.04;22.48
1380556833984591;22.5;30.3;Thu Jul 25 2019 06:09:47 GMT+0200 (CEST);Thu Jul 25 2019 04:09:47 GMT+0200 (CEST);1564027787000;0.04;23.12
1380556833984591;22.5;30.3;Thu Jul 25 2019 06:11:00 GMT+0200 (CEST);Thu Jul 25 2019 04:11:00 GMT+0200 (CEST);1564027860000;0.05;24.28
1380556833984591;22.5;30.3;Thu Jul 25 2019 06:12:14 GMT+0200 (CEST);Thu Jul 25 2019 04:12:14 GMT+0200 (CEST);1564027934000;0.05;25.32
1380556833984591;22.5;30.3;Thu Jul 25 2019 06:13:30 GMT+0200 (CEST);Thu Jul 25 2019 04:13:30 GMT+0200 (CEST);1564028010000;0.06;26.47
1380556833984591;22.5;30.3;Thu Jul 25 2019 06:14:44 GMT+0200 (CEST);Thu Jul 25 2019 04:14:44 GMT+0200 (CEST);1564028084000;0.06;27.77
1380556833984591;22.5;30.2;Thu Jul 25 2019 06:15:58 GMT+0200 (CEST);Thu Jul 25 2019 04:15:58 GMT+0200 (CEST);1564028158000;0.07;29.07
1380556833984591;22.5;30.3;Thu Jul 25 2019 06:17:39 GMT+0200 (CEST);Thu Jul 25 2019 04:17:39 GMT+0200 (CEST);1564028259000;0.08;30.68
1380556833984591;22.5;30.6;Thu Jul 25 2019 06:18:53 GMT+0200 (CEST);Thu Jul 25 2019 04:18:53 GMT+0200 (CEST);1564028333000;0.08;32.02
1380556833984591;22.5;30.4;Thu Jul 25 2019 06:20:10 GMT+0200 (CEST);Thu Jul 25 2019 04:20:10 GMT+0200 (CEST);1564028410000;0.08;33.27
1380556833984591;22.5;30.3;Thu Jul 25 2019 06:21:24 GMT+0200 (CEST);Thu Jul 25 2019 04:21:24 GMT+0200 (CEST);1564028484000;0.09;34.5
1380556833984591;22.5;31.1;Thu Jul 25 2019 06:22:41 GMT+0200 (CEST);Thu Jul 25 2019 04:22:41 GMT+0200 (CEST);1564028561000;0.1;35.85
1380556833984591;23;30.6;Thu Jul 25 2019 06:23:58 GMT+0200 (CEST);Thu Jul 25 2019 04:23:58 GMT+0200 (CEST);1564028638000;0.11;36.85
1380556833984591;23;30.6;Thu Jul 25 2019 06:25:10 GMT+0200 (CEST);Thu Jul 25 2019 04:25:10 GMT+0200 (CEST);1564028710000;0.11;37.63
1380556833984591;23;30.7;Thu Jul 25 2019 06:26:23 GMT+0200 (CEST);Thu Jul 25 2019 04:26:23 GMT+0200 (CEST);1564028783000;0.11;38.48
1380556833984591;23;31.1;Thu Jul 25 2019 06:27:39 GMT+0200 (CEST);Thu Jul 25 2019 04:27:39 GMT+0200 (CEST);1564028859000;0.11;39.61
1380556833984591;23;31.3;Thu Jul 25 2019 06:28:51 GMT+0200 (CEST);Thu Jul 25 2019 04:28:51 GMT+0200 (CEST);1564028931000;0.12;40.42
1380556833984591;23;30.6;Thu Jul 25 2019 06:30:05 GMT+0200 (CEST);Thu Jul 25 2019 04:30:05 GMT+0200 (CEST);1564029005000;0.12;41.28
1380556833984591;23;30.9;Thu Jul 25 2019 06:31:20 GMT+0200 (CEST);Thu Jul 25 2019 04:31:20 GMT+0200 (CEST);1564029080000;0.12;42.02
1380556833984591;23;31.2;Thu Jul 25 2019 06:32:34 GMT+0200 (CEST);Thu Jul 25 2019 04:32:34 GMT+0200 (CEST);1564029154000;0.13;42.59
1380556833984591;23;31.2;Thu Jul 25 2019 06:33:50 GMT+0200 (CEST);Thu Jul 25 2019 04:33:50 GMT+0200 (CEST);1564029230000;0.13;43.12
1380556833984591;23;31.2;Thu Jul 25 2019 06:35:03 GMT+0200 (CEST);Thu Jul 25 2019 04:35:03 GMT+0200 (CEST);1564029303000;0.14;43.91
1380556833984591;23;31.1;Thu Jul 25 2019 06:36:16 GMT+0200 (CEST);Thu Jul 25 2019 04:36:16 GMT+0200 (CEST);1564029376000;0.14;44.84
1380556833984591;23;31.1;Thu Jul 25 2019 06:37:29 GMT+0200 (CEST);Thu Jul 25 2019 04:37:29 GMT+0200 (CEST);1564029449000;0.14;45.26
1380556833984591;23;30.9;Thu Jul 25 2019 06:38:42 GMT+0200 (CEST);Thu Jul 25 2019 04:38:42 GMT+0200 (CEST);1564029522000;0.14;45.47
1380556833984591;23;31.3;Thu Jul 25 2019 06:40:04 GMT+0200 (CEST);Thu Jul 25 2019 04:40:04 GMT+0200 (CEST);1564029604000;0.14;46.21
1380556833984591;23;30.9;Thu Jul 25 2019 06:41:18 GMT+0200 (CEST);Thu Jul 25 2019 04:41:18 GMT+0200 (CEST);1564029678000;0.14;46.96
1380556833984591;23;31;Thu Jul 25 2019 06:42:31 GMT+0200 (CEST);Thu Jul 25 2019 04:42:31 GMT+0200 (CEST);1564029751000;0.14;46.89
1380556833984591;23;30.8;Thu Jul 25 2019 06:43:43 GMT+0200 (CEST);Thu Jul 25 2019 04:43:43 GMT+0200 (CEST);1564029823000;0.15;46.79
1380556833984591;23;30.2;Thu Jul 25 2019 06:45:00 GMT+0200 (CEST);Thu Jul 25 2019 04:45:00 GMT+0200 (CEST);1564029900000;0.15;47.36
1380556833984591;23;29.1;Thu Jul 25 2019 06:46:13 GMT+0200 (CEST);Thu Jul 25 2019 04:46:13 GMT+0200 (CEST);1564029973000;0.15;46.92
1380556833984591;23;26.5;Thu Jul 25 2019 06:47:26 GMT+0200 (CEST);Thu Jul 25 2019 04:47:26 GMT+0200 (CEST);1564030046000;0.16;46.87
1380556833984591;22.5;30.1;Thu Jul 25 2019 06:49:00 GMT+0200 (CEST);Thu Jul 25 2019 04:49:00 GMT+0200 (CEST);1564030140000;0.17;47.6
1380556833984591;22.5;32.6;Thu Jul 25 2019 06:50:14 GMT+0200 (CEST);Thu Jul 25 2019 04:50:14 GMT+0200 (CEST);1564030214000;0.17;48
1380556833984591;22.5;32.1;Thu Jul 25 2019 06:51:27 GMT+0200 (CEST);Thu Jul 25 2019 04:51:27 GMT+0200 (CEST);1564030287000;0.17;48.56
1380556833984591;22.5;28.9;Thu Jul 25 2019 06:52:39 GMT+0200 (CEST);Thu Jul 25 2019 04:52:39 GMT+0200 (CEST);1564030359000;0.18;49.01
1380556833984591;22.5;20.4;Thu Jul 25 2019 06:53:53 GMT+0200 (CEST);Thu Jul 25 2019 04:53:53 GMT+0200 (CEST);1564030433000;0.18;48.53
1380556833984591;22.5;24.7;Thu Jul 25 2019 06:55:06 GMT+0200 (CEST);Thu Jul 25 2019 04:55:06 GMT+0200 (CEST);1564030506000;0.2;49.2
1380556833984591;22.5;26.1;Thu Jul 25 2019 06:56:22 GMT+0200 (CEST);Thu Jul 25 2019 04:56:22 GMT+0200 (CEST);1564030582000;0.22;50.02
1380556833984591;22.5;26.7;Thu Jul 25 2019 06:57:42 GMT+0200 (CEST);Thu Jul 25 2019 04:57:42 GMT+0200 (CEST);1564030662000;0.24;50.6
1380556833984591;22.5;22.2;Thu Jul 25 2019 06:58:56 GMT+0200 (CEST);Thu Jul 25 2019 04:58:56 GMT+0200 (CEST);1564030736000;0.3;51.15
1380556833984591;22.5;22.6;Thu Jul 25 2019 07:00:09 GMT+0200 (CEST);Thu Jul 25 2019 05:00:09 GMT+0200 (CEST);1564030809000;0.32;52.27
1380556833984591;23;33;Thu Jul 25 2019 07:01:23 GMT+0200 (CEST);Thu Jul 25 2019 05:01:23 GMT+0200 (CEST);1564030883000;0.36;52.62
1380556833984591;23;32.7;Thu Jul 25 2019 07:02:52 GMT+0200 (CEST);Thu Jul 25 2019 05:02:52 GMT+0200 (CEST);1564030972000;0.37;52.98
1380556833984591;23;32.4;Thu Jul 25 2019 07:04:14 GMT+0200 (CEST);Thu Jul 25 2019 05:04:14 GMT+0200 (CEST);1564031054000;0.39;53.31
1380556833984591;23;30.9;Thu Jul 25 2019 07:05:26 GMT+0200 (CEST);Thu Jul 25 2019 05:05:26 GMT+0200 (CEST);1564031126000;0.4;53.74
1380556833984591;24.5;31.7;Thu Jul 25 2019 07:06:40 GMT+0200 (CEST);Thu Jul 25 2019 05:06:40 GMT+0200 (CEST);1564031200000;0.42;54.14
1380556833984591;24.5;32.1;Thu Jul 25 2019 07:08:00 GMT+0200 (CEST);Thu Jul 25 2019 05:08:00 GMT+0200 (CEST);1564031280000;0.43;54.38
1380556833984591;24.5;32;Thu Jul 25 2019 07:09:13 GMT+0200 (CEST);Thu Jul 25 2019 05:09:13 GMT+0200 (CEST);1564031353000;0.45;54.95
1380556833984591;24.5;31.2;Thu Jul 25 2019 07:10:26 GMT+0200 (CEST);Thu Jul 25 2019 05:10:26 GMT+0200 (CEST);1564031426000;0.46;55.08
1380556833984591;25;31.2;Thu Jul 25 2019 07:11:39 GMT+0200 (CEST);Thu Jul 25 2019 05:11:39 GMT+0200 (CEST);1564031499000;0.48;55.65
1380556833984591;25;31.7;Thu Jul 25 2019 07:12:53 GMT+0200 (CEST);Thu Jul 25 2019 05:12:53 GMT+0200 (CEST);1564031573000;0.5;56.34
1380556833984591;25;32;Thu Jul 25 2019 07:14:15 GMT+0200 (CEST);Thu Jul 25 2019 05:14:15 GMT+0200 (CEST);1564031655000;0.51;56.96
1380556833984591;25;20.7;Thu Jul 25 2019 07:15:29 GMT+0200 (CEST);Thu Jul 25 2019 05:15:29 GMT+0200 (CEST);1564031729000;0.55;57.34
1380556833984591;23;20.7;Thu Jul 25 2019 07:16:56 GMT+0200 (CEST);Thu Jul 25 2019 05:16:56 GMT+0200 (CEST);1564031816000;0.57;57.78
1380556833984591;23;18.7;Thu Jul 25 2019 07:18:10 GMT+0200 (CEST);Thu Jul 25 2019 05:18:10 GMT+0200 (CEST);1564031890000;0.58;58.56
1380556833984591;23;20.8;Thu Jul 25 2019 07:19:24 GMT+0200 (CEST);Thu Jul 25 2019 05:19:24 GMT+0200 (CEST);1564031964000;0.6;59.3
1380556833984591;23;23.6;Thu Jul 25 2019 07:20:38 GMT+0200 (CEST);Thu Jul 25 2019 05:20:38 GMT+0200 (CEST);1564032038000;0.62;60.61
1380556833984591;22.5;25.5;Thu Jul 25 2019 07:22:11 GMT+0200 (CEST);Thu Jul 25 2019 05:22:11 GMT+0200 (CEST);1564032131000;0.64;94.15
1380556833984591;22.5;26.8;Thu Jul 25 2019 07:23:25 GMT+0200 (CEST);Thu Jul 25 2019 05:23:25 GMT+0200 (CEST);1564032205000;0.66;155.51
1380556833984591;22.5;26.4;Thu Jul 25 2019 07:24:44 GMT+0200 (CEST);Thu Jul 25 2019 05:24:44 GMT+0200 (CEST);1564032284000;0.68;174.67
1380556833984591;24.5;26.4;Thu Jul 25 2019 07:26:00 GMT+0200 (CEST);Thu Jul 25 2019 05:26:00 GMT+0200 (CEST);1564032360000;0.7;178.11
1380556833984591;24.5;28.6;Thu Jul 25 2019 07:27:15 GMT+0200 (CEST);Thu Jul 25 2019 05:27:15 GMT+0200 (CEST);1564032435000;0.71;180.47
1380556833984591;24.5;28.9;Thu Jul 25 2019 07:28:28 GMT+0200 (CEST);Thu Jul 25 2019 05:28:28 GMT+0200 (CEST);1564032508000;0.73;183.72
1380556833984591;24.5;30.2;Thu Jul 25 2019 07:29:50 GMT+0200 (CEST);Thu Jul 25 2019 05:29:50 GMT+0200 (CEST);1564032590000;0.76;186.49
1380556833984591;26.5;30.4;Thu Jul 25 2019 07:31:18 GMT+0200 (CEST);Thu Jul 25 2019 05:31:18 GMT+0200 (CEST);1564032678000;0.76;190.45
1380556833984591;26.5;30.2;Thu Jul 25 2019 07:32:33 GMT+0200 (CEST);Thu Jul 25 2019 05:32:33 GMT+0200 (CEST);1564032753000;0.8;193.21
1380556833984591;26.5;30.1;Thu Jul 25 2019 07:33:57 GMT+0200 (CEST);Thu Jul 25 2019 05:33:57 GMT+0200 (CEST);1564032837000;0.82;196.78
1380556833984591;26.5;30.5;Thu Jul 25 2019 07:35:15 GMT+0200 (CEST);Thu Jul 25 2019 05:35:15 GMT+0200 (CEST);1564032915000;0.84;200.83
1380556833984591;27;30.4;Thu Jul 25 2019 07:36:32 GMT+0200 (CEST);Thu Jul 25 2019 05:36:32 GMT+0200 (CEST);1564032992000;0.86;205.19
1380556833984591;27;30.6;Thu Jul 25 2019 07:37:51 GMT+0200 (CEST);Thu Jul 25 2019 05:37:51 GMT+0200 (CEST);1564033071000;0.89;211.19
1380556833984591;27;30.4;Thu Jul 25 2019 07:39:45 GMT+0200 (CEST);Thu Jul 25 2019 05:39:45 GMT+0200 (CEST);1564033185000;0.92;214.75
1380556833984591;27;30.8;Thu Jul 25 2019 07:41:03 GMT+0200 (CEST);Thu Jul 25 2019 05:41:03 GMT+0200 (CEST);1564033263000;0.94;218.96
1380556833984591;27;31.5;Thu Jul 25 2019 07:42:16 GMT+0200 (CEST);Thu Jul 25 2019 05:42:16 GMT+0200 (CEST);1564033336000;0.96;221.13
1380556833984591;27;29.6;Thu Jul 25 2019 07:43:30 GMT+0200 (CEST);Thu Jul 25 2019 05:43:30 GMT+0200 (CEST);1564033410000;0.99;225.65
1380556833984591;28.5;29.4;Thu Jul 25 2019 07:44:44 GMT+0200 (CEST);Thu Jul 25 2019 05:44:44 GMT+0200 (CEST);1564033484000;1.02;229.65
1380556833984591;28.5;29.4;Thu Jul 25 2019 07:46:03 GMT+0200 (CEST);Thu Jul 25 2019 05:46:03 GMT+0200 (CEST);1564033563000;1.04;234.56
1380556833984591;28.5;31.1;Thu Jul 25 2019 07:47:20 GMT+0200 (CEST);Thu Jul 25 2019 05:47:20 GMT+0200 (CEST);1564033640000;1.05;239.33
1380556833984591;29;31.5;Thu Jul 25 2019 07:48:33 GMT+0200 (CEST);Thu Jul 25 2019 05:48:33 GMT+0200 (CEST);1564033713000;1.08;242.82
1380556833984591;29;31.8;Thu Jul 25 2019 07:50:01 GMT+0200 (CEST);Thu Jul 25 2019 05:50:01 GMT+0200 (CEST);1564033801000;1.09;249.63
1380556833984591;29;32.5;Thu Jul 25 2019 07:51:17 GMT+0200 (CEST);Thu Jul 25 2019 05:51:17 GMT+0200 (CEST);1564033877000;1.13;254.11
1380556833984591;29;31.5;Thu Jul 25 2019 07:52:41 GMT+0200 (CEST);Thu Jul 25 2019 05:52:41 GMT+0200 (CEST);1564033961000;1.15;259.09
1380556833984591;30.5;31.5;Thu Jul 25 2019 07:53:58 GMT+0200 (CEST);Thu Jul 25 2019 05:53:58 GMT+0200 (CEST);1564034038000;1.18;263.23
1380556833984591;30.5;31.4;Thu Jul 25 2019 07:55:33 GMT+0200 (CEST);Thu Jul 25 2019 05:55:33 GMT+0200 (CEST);1564034133000;1.21;268.55
1380556833984591;30.5;31.5;Thu Jul 25 2019 07:56:51 GMT+0200 (CEST);Thu Jul 25 2019 05:56:51 GMT+0200 (CEST);1564034211000;1.23;273.25
1380556833984591;31.1;31.6;Thu Jul 25 2019 07:58:07 GMT+0200 (CEST);Thu Jul 25 2019 05:58:07 GMT+0200 (CEST);1564034287000;1.26;278.83
1380556833984591;31.1;31.6;Thu Jul 25 2019 07:59:19 GMT+0200 (CEST);Thu Jul 25 2019 05:59:19 GMT+0200 (CEST);1564034359000;1.28;281.6
1380556833984591;31.1;31.7;Thu Jul 25 2019 08:00:47 GMT+0200 (CEST);Thu Jul 25 2019 06:00:47 GMT+0200 (CEST);1564034447000;1.32;287.06
1380556833984591;56.7;29.9;Thu Jul 25 2019 16:05:38 GMT+0200 (CEST);Thu Jul 25 2019 14:05:38 GMT+0200 (CEST);1564063538000;3.76;744.29
1380556833984591;56.7;29.9;Thu Jul 25 2019 16:07:11 GMT+0200 (CEST);Thu Jul 25 2019 14:07:11 GMT+0200 (CEST);1564063631000;3.69;728.22
1380556833984591;56.7;29.5;Thu Jul 25 2019 16:08:27 GMT+0200 (CEST);Thu Jul 25 2019 14:08:27 GMT+0200 (CEST);1564063707000;3.71;721.23
1380556833984591;56.7;29.3;Thu Jul 25 2019 16:09:45 GMT+0200 (CEST);Thu Jul 25 2019 14:09:45 GMT+0200 (CEST);1564063785000;3.68;722.07
1380556833984591;56.7;29.4;Thu Jul 25 2019 16:10:59 GMT+0200 (CEST);Thu Jul 25 2019 14:10:59 GMT+0200 (CEST);1564063859000;3.61;713.37
1380556833984591;56.7;30.7;Thu Jul 25 2019 16:12:17 GMT+0200 (CEST);Thu Jul 25 2019 14:12:17 GMT+0200 (CEST);1564063937000;3.42;701.08
1380556833984591;57.2;30.4;Thu Jul 25 2019 16:13:31 GMT+0200 (CEST);Thu Jul 25 2019 14:13:31 GMT+0200 (CEST);1564064011000;3.32;690.28
1380556833984591;57.2;30.5;Thu Jul 25 2019 16:14:59 GMT+0200 (CEST);Thu Jul 25 2019 14:14:59 GMT+0200 (CEST);1564064099000;3.5;694.47
1380556833984591;57.2;30;Thu Jul 25 2019 16:16:17 GMT+0200 (CEST);Thu Jul 25 2019 14:16:17 GMT+0200 (CEST);1564064177000;3.46;685.22
1380556833984591;57.2;30.3;Thu Jul 25 2019 16:17:41 GMT+0200 (CEST);Thu Jul 25 2019 14:17:41 GMT+0200 (CEST);1564064261000;3.35;681.28
1380556833984591;56.7;30.3;Thu Jul 25 2019 16:18:56 GMT+0200 (CEST);Thu Jul 25 2019 14:18:56 GMT+0200 (CEST);1564064336000;3.25;656.77
1380556833984591;56.7;30.1;Thu Jul 25 2019 16:20:12 GMT+0200 (CEST);Thu Jul 25 2019 14:20:12 GMT+0200 (CEST);1564064412000;3.32;676.38
1380556833984591;56.7;30.6;Thu Jul 25 2019 16:21:37 GMT+0200 (CEST);Thu Jul 25 2019 14:21:37 GMT+0200 (CEST);1564064497000;3.33;688.91
1380556833984591;56.7;30.5;Thu Jul 25 2019 16:23:01 GMT+0200 (CEST);Thu Jul 25 2019 14:23:01 GMT+0200 (CEST);1564064581000;3.36;676.41
1380556833984591;57.2;30.4;Thu Jul 25 2019 16:24:16 GMT+0200 (CEST);Thu Jul 25 2019 14:24:16 GMT+0200 (CEST);1564064656000;3.33;682.94
1380556833984591;57.2;30.5;Thu Jul 25 2019 16:25:35 GMT+0200 (CEST);Thu Jul 25 2019 14:25:35 GMT+0200 (CEST);1564064735000;3.46;687.14
1380556833984591;57.2;29.7;Thu Jul 25 2019 16:26:48 GMT+0200 (CEST);Thu Jul 25 2019 14:26:48 GMT+0200 (CEST);1564064808000;3.37;688.2
1380556833984591;57.2;29.9;Thu Jul 25 2019 16:28:07 GMT+0200 (CEST);Thu Jul 25 2019 14:28:07 GMT+0200 (CEST);1564064887000;3.33;683.48
1380556833984591;57.2;30.4;Thu Jul 25 2019 16:29:21 GMT+0200 (CEST);Thu Jul 25 2019 14:29:21 GMT+0200 (CEST);1564064961000;3.3;665.45
1380556833984591;57.2;30.4;Thu Jul 25 2019 16:30:37 GMT+0200 (CEST);Thu Jul 25 2019 14:30:37 GMT+0200 (CEST);1564065037000;3.13;656.85
1380556833984591;57.2;30.9;Thu Jul 25 2019 16:31:55 GMT+0200 (CEST);Thu Jul 25 2019 14:31:55 GMT+0200 (CEST);1564065115000;3.17;655.35
1380556833984591;57.2;31;Thu Jul 25 2019 16:33:11 GMT+0200 (CEST);Thu Jul 25 2019 14:33:11 GMT+0200 (CEST);1564065191000;3.02;604.15
1380556833984591;57.2;30.6;Thu Jul 25 2019 16:34:29 GMT+0200 (CEST);Thu Jul 25 2019 14:34:29 GMT+0200 (CEST);1564065269000;3.14;637.43
1380556833984591;57.2;30.2;Thu Jul 25 2019 16:35:46 GMT+0200 (CEST);Thu Jul 25 2019 14:35:46 GMT+0200 (CEST);1564065346000;3.13;616.95
1380556833984591;57.2;29.9;Thu Jul 25 2019 16:37:06 GMT+0200 (CEST);Thu Jul 25 2019 14:37:06 GMT+0200 (CEST);1564065426000;3.07;601.59
1380556833984591;56.7;30;Thu Jul 25 2019 16:38:28 GMT+0200 (CEST);Thu Jul 25 2019 14:38:28 GMT+0200 (CEST);1564065508000;3.14;616.95
1380556833984591;56.7;29.9;Thu Jul 25 2019 16:39:42 GMT+0200 (CEST);Thu Jul 25 2019 14:39:42 GMT+0200 (CEST);1564065582000;3.26;629.75
1380556833984591;56.7;29.6;Thu Jul 25 2019 16:41:01 GMT+0200 (CEST);Thu Jul 25 2019 14:41:01 GMT+0200 (CEST);1564065661000;2.93;591.35
1380556833984591;55.2;29.9;Thu Jul 25 2019 16:42:21 GMT+0200 (CEST);Thu Jul 25 2019 14:42:21 GMT+0200 (CEST);1564065741000;2.89;575.99
1380556833984591;55.2;29.6;Thu Jul 25 2019 16:43:37 GMT+0200 (CEST);Thu Jul 25 2019 14:43:37 GMT+0200 (CEST);1564065817000;2.8;545.27
1380556833984591;55.2;29.7;Thu Jul 25 2019 16:44:51 GMT+0200 (CEST);Thu Jul 25 2019 14:44:51 GMT+0200 (CEST);1564065891000;2.95;573.43
1380556833984591;55.2;29.7;Thu Jul 25 2019 16:46:34 GMT+0200 (CEST);Thu Jul 25 2019 14:46:34 GMT+0200 (CEST);1564065994000;2.18;442.87
1380556833984591;54.7;29.8;Thu Jul 25 2019 16:48:00 GMT+0200 (CEST);Thu Jul 25 2019 14:48:00 GMT+0200 (CEST);1564066080000;2.45;468.47
1380556833984591;54.7;30.1;Thu Jul 25 2019 16:49:26 GMT+0200 (CEST);Thu Jul 25 2019 14:49:26 GMT+0200 (CEST);1564066166000;2.76;540.15
1380556833984591;54.7;30.2;Thu Jul 25 2019 16:50:43 GMT+0200 (CEST);Thu Jul 25 2019 14:50:43 GMT+0200 (CEST);1564066243000;2.93;575.99
1380556833984591;54.7;30.2;Thu Jul 25 2019 16:52:01 GMT+0200 (CEST);Thu Jul 25 2019 14:52:01 GMT+0200 (CEST);1564066321000;2.71;545.27
1380556833984591;54.7;30.5;Thu Jul 25 2019 16:53:18 GMT+0200 (CEST);Thu Jul 25 2019 14:53:18 GMT+0200 (CEST);1564066398000;2.65;524.79
1380556833984591;54.7;30.8;Thu Jul 25 2019 16:54:35 GMT+0200 (CEST);Thu Jul 25 2019 14:54:35 GMT+0200 (CEST);1564066475000;2.68;535.03
1380556833984591;54.7;30.1;Thu Jul 25 2019 16:56:09 GMT+0200 (CEST);Thu Jul 25 2019 14:56:09 GMT+0200 (CEST);1564066569000;2.72;532.47
1380556833984591;53.2;30;Thu Jul 25 2019 16:57:28 GMT+0200 (CEST);Thu Jul 25 2019 14:57:28 GMT+0200 (CEST);1564066648000;2.51;491.51
1380556833984591;53.2;30;Thu Jul 25 2019 16:58:48 GMT+0200 (CEST);Thu Jul 25 2019 14:58:48 GMT+0200 (CEST);1564066728000;2.66;517.11
1380556833984591;53.2;30.2;Thu Jul 25 2019 17:00:04 GMT+0200 (CEST);Thu Jul 25 2019 15:00:04 GMT+0200 (CEST);1564066804000;2.78;540.15
1380556833984591;53.2;30.4;Thu Jul 25 2019 17:01:20 GMT+0200 (CEST);Thu Jul 25 2019 15:01:20 GMT+0200 (CEST);1564066880000;2.79;550.39
1380556833984591;53.2;30.4;Thu Jul 25 2019 17:02:34 GMT+0200 (CEST);Thu Jul 25 2019 15:02:34 GMT+0200 (CEST);1564066954000;2.57;511.99
1380556833984591;53.2;30.2;Thu Jul 25 2019 17:03:52 GMT+0200 (CEST);Thu Jul 25 2019 15:03:52 GMT+0200 (CEST);1564067032000;2.71;524.79
1380556833984591;53.2;29.9;Thu Jul 25 2019 17:05:08 GMT+0200 (CEST);Thu Jul 25 2019 15:05:08 GMT+0200 (CEST);1564067108000;2.76;535.03
1380556833984591;52.7;29.7;Thu Jul 25 2019 17:06:24 GMT+0200 (CEST);Thu Jul 25 2019 15:06:24 GMT+0200 (CEST);1564067184000;2.73;529.91
1380556833984591;52.7;29.9;Thu Jul 25 2019 17:07:40 GMT+0200 (CEST);Thu Jul 25 2019 15:07:40 GMT+0200 (CEST);1564067260000;2.69;522.23
1380556833984591;52.7;30.1;Thu Jul 25 2019 17:08:54 GMT+0200 (CEST);Thu Jul 25 2019 15:08:54 GMT+0200 (CEST);1564067334000;2.64;522.23
1380556833984591;52.7;30.4;Thu Jul 25 2019 17:10:10 GMT+0200 (CEST);Thu Jul 25 2019 15:10:10 GMT+0200 (CEST);1564067410000;2.42;465.91
1380556833984591;52.7;30.4;Thu Jul 25 2019 17:11:25 GMT+0200 (CEST);Thu Jul 25 2019 15:11:25 GMT+0200 (CEST);1564067485000;2.41;481.27
1380556833984591;52.7;29.7;Thu Jul 25 2019 17:12:42 GMT+0200 (CEST);Thu Jul 25 2019 15:12:42 GMT+0200 (CEST);1564067562000;2.52;491.51
1380556833984591;52.7;29.7;Thu Jul 25 2019 17:13:57 GMT+0200 (CEST);Thu Jul 25 2019 15:13:57 GMT+0200 (CEST);1564067637000;2.22;432.63
1380556833984591;52.7;30.1;Thu Jul 25 2019 17:15:13 GMT+0200 (CEST);Thu Jul 25 2019 15:15:13 GMT+0200 (CEST);1564067713000;2.47;486.39
1380556833984591;52.7;30.2;Thu Jul 25 2019 17:16:28 GMT+0200 (CEST);Thu Jul 25 2019 15:16:28 GMT+0200 (CEST);1564067788000;2.38;468.47
1380556833984591;52.7;30.7;Thu Jul 25 2019 17:18:11 GMT+0200 (CEST);Thu Jul 25 2019 15:18:11 GMT+0200 (CEST);1564067891000;2.39;471.03
1380556833984591;52.7;29.9;Thu Jul 25 2019 17:19:31 GMT+0200 (CEST);Thu Jul 25 2019 15:19:31 GMT+0200 (CEST);1564067971000;2.34;460.79
1380556833984591;52.7;30.1;Thu Jul 25 2019 17:20:44 GMT+0200 (CEST);Thu Jul 25 2019 15:20:44 GMT+0200 (CEST);1564068044000;2.29;455.67
1380556833984591;52.7;30.7;Thu Jul 25 2019 17:21:58 GMT+0200 (CEST);Thu Jul 25 2019 15:21:58 GMT+0200 (CEST);1564068118000;2.2;447.99
1380556833984591;52.7;30.8;Thu Jul 25 2019 17:23:15 GMT+0200 (CEST);Thu Jul 25 2019 15:23:15 GMT+0200 (CEST);1564068195000;2.14;422.39
1380556833984591;52.7;30.7;Thu Jul 25 2019 17:24:30 GMT+0200 (CEST);Thu Jul 25 2019 15:24:30 GMT+0200 (CEST);1564068270000;2;401.91
1380556833984591;52.7;30.5;Thu Jul 25 2019 17:25:47 GMT+0200 (CEST);Thu Jul 25 2019 15:25:47 GMT+0200 (CEST);1564068347000;2.02;404.47
1380556833984591;52.7;31.1;Thu Jul 25 2019 17:27:01 GMT+0200 (CEST);Thu Jul 25 2019 15:27:01 GMT+0200 (CEST);1564068421000;1.95;399.35
1380556833984591;52.7;30.9;Thu Jul 25 2019 17:28:15 GMT+0200 (CEST);Thu Jul 25 2019 15:28:15 GMT+0200 (CEST);1564068495000;2.05;407.03
1380556833984591;52.7;30.4;Thu Jul 25 2019 17:29:29 GMT+0200 (CEST);Thu Jul 25 2019 15:29:29 GMT+0200 (CEST);1564068569000;1.18;368.63
1380556833984591;51.2;30.6;Thu Jul 25 2019 17:30:44 GMT+0200 (CEST);Thu Jul 25 2019 15:30:44 GMT+0200 (CEST);1564068644000;1.04;302.98
1380556833984591;51.2;30;Thu Jul 25 2019 17:32:06 GMT+0200 (CEST);Thu Jul 25 2019 15:32:06 GMT+0200 (CEST);1564068726000;1.85;373.75
1380556833984591;51.2;30.5;Thu Jul 25 2019 17:33:20 GMT+0200 (CEST);Thu Jul 25 2019 15:33:20 GMT+0200 (CEST);1564068800000;1.89;360.95
1380556833984591;50.7;30.9;Thu Jul 25 2019 17:34:33 GMT+0200 (CEST);Thu Jul 25 2019 15:34:33 GMT+0200 (CEST);1564068873000;1.85;368.63
1380556833984591;50.7;31.3;Thu Jul 25 2019 17:35:48 GMT+0200 (CEST);Thu Jul 25 2019 15:35:48 GMT+0200 (CEST);1564068948000;2.02;401.91
1380556833984591;50.7;31;Thu Jul 25 2019 17:37:07 GMT+0200 (CEST);Thu Jul 25 2019 15:37:07 GMT+0200 (CEST);1564069027000;0.94;184.63
1380556833984591;50.7;30.1;Thu Jul 25 2019 17:38:30 GMT+0200 (CEST);Thu Jul 25 2019 15:38:30 GMT+0200 (CEST);1564069110000;0.87;211.03
1380556833984591;50.7;30;Thu Jul 25 2019 17:39:44 GMT+0200 (CEST);Thu Jul 25 2019 15:39:44 GMT+0200 (CEST);1564069184000;0.9;185.49
1380556833984591;50.7;30.7;Thu Jul 25 2019 17:40:59 GMT+0200 (CEST);Thu Jul 25 2019 15:40:59 GMT+0200 (CEST);1564069259000;1.85;373.75
1380556833984591;50.7;31.6;Thu Jul 25 2019 17:42:15 GMT+0200 (CEST);Thu Jul 25 2019 15:42:15 GMT+0200 (CEST);1564069335000;0.76;170.27
1380556833984591;50.7;29.8;Thu Jul 25 2019 17:43:29 GMT+0200 (CEST);Thu Jul 25 2019 15:43:29 GMT+0200 (CEST);1564069409000;0.72;148.43
1380556833984591;48.2;29.9;Thu Jul 25 2019 17:44:44 GMT+0200 (CEST);Thu Jul 25 2019 15:44:44 GMT+0200 (CEST);1564069484000;0.72;193.17
1380556833984591;48.2;30.9;Thu Jul 25 2019 17:46:05 GMT+0200 (CEST);Thu Jul 25 2019 15:46:05 GMT+0200 (CEST);1564069565000;1.04;230.51
1380556833984591;48.2;30.4;Thu Jul 25 2019 17:47:20 GMT+0200 (CEST);Thu Jul 25 2019 15:47:20 GMT+0200 (CEST);1564069640000;0.69;143.85
1380556833984591;48.2;30.2;Thu Jul 25 2019 17:49:00 GMT+0200 (CEST);Thu Jul 25 2019 15:49:00 GMT+0200 (CEST);1564069740000;0.66;145.1
1380556833984591;47.2;30.2;Thu Jul 25 2019 17:50:17 GMT+0200 (CEST);Thu Jul 25 2019 15:50:17 GMT+0200 (CEST);1564069817000;1.2;313.81
1380556833984591;47.2;30.2;Thu Jul 25 2019 17:51:32 GMT+0200 (CEST);Thu Jul 25 2019 15:51:32 GMT+0200 (CEST);1564069892000;0.9;172.96
1380556833984591;47.2;30.4;Thu Jul 25 2019 17:52:49 GMT+0200 (CEST);Thu Jul 25 2019 15:52:49 GMT+0200 (CEST);1564069969000;0.67;143.12
1380556833984591;46.7;30.5;Thu Jul 25 2019 17:54:06 GMT+0200 (CEST);Thu Jul 25 2019 15:54:06 GMT+0200 (CEST);1564070046000;1.34;246.18
1380556833984591;46.7;32.3;Thu Jul 25 2019 17:55:21 GMT+0200 (CEST);Thu Jul 25 2019 15:55:21 GMT+0200 (CEST);1564070121000;1.78;373.75
1380556833984591;46.7;32.3;Thu Jul 25 2019 17:56:38 GMT+0200 (CEST);Thu Jul 25 2019 15:56:38 GMT+0200 (CEST);1564070198000;1.67;345.59
1380556833984591;46.7;31.6;Thu Jul 25 2019 17:57:53 GMT+0200 (CEST);Thu Jul 25 2019 15:57:53 GMT+0200 (CEST);1564070273000;1.49;296.5
1380556833984591;47.2;31.7;Thu Jul 25 2019 17:59:08 GMT+0200 (CEST);Thu Jul 25 2019 15:59:08 GMT+0200 (CEST);1564070348000;0.81;126.1
1380556833984591;47.2;29.9;Thu Jul 25 2019 18:00:21 GMT+0200 (CEST);Thu Jul 25 2019 16:00:21 GMT+0200 (CEST);1564070421000;0.58;128.37
1380556833984591;47.2;29.9;Thu Jul 25 2019 18:01:39 GMT+0200 (CEST);Thu Jul 25 2019 16:01:39 GMT+0200 (CEST);1564070499000;0.8;254.5
1380556833984591;47.2;32.1;Thu Jul 25 2019 18:02:53 GMT+0200 (CEST);Thu Jul 25 2019 16:02:53 GMT+0200 (CEST);1564070573000;1.53;330.23
1380556833984591;46.7;32.2;Thu Jul 25 2019 18:04:33 GMT+0200 (CEST);Thu Jul 25 2019 16:04:33 GMT+0200 (CEST);1564070673000;1.29;296.45
1380556833984591;46.7;31.7;Thu Jul 25 2019 18:05:51 GMT+0200 (CEST);Thu Jul 25 2019 16:05:51 GMT+0200 (CEST);1564070751000;1.39;289.76
1380556833984591;46.7;32;Thu Jul 25 2019 18:07:07 GMT+0200 (CEST);Thu Jul 25 2019 16:07:07 GMT+0200 (CEST);1564070827000;1.44;299.85
1380556833984591;46.7;32;Thu Jul 25 2019 18:08:29 GMT+0200 (CEST);Thu Jul 25 2019 16:08:29 GMT+0200 (CEST);1564070909000;1.47;311.27
1380556833984591;46.7;32;Thu Jul 25 2019 18:09:43 GMT+0200 (CEST);Thu Jul 25 2019 16:09:43 GMT+0200 (CEST);1564070983000;1.45;308.1
1380556833984591;46.7;32.1;Thu Jul 25 2019 18:10:59 GMT+0200 (CEST);Thu Jul 25 2019 16:10:59 GMT+0200 (CEST);1564071059000;1.34;288.01
1380556833984591;46.7;32.1;Thu Jul 25 2019 18:12:15 GMT+0200 (CEST);Thu Jul 25 2019 16:12:15 GMT+0200 (CEST);1564071135000;1.29;278.31
1380556833984591;46.7;31.9;Thu Jul 25 2019 18:13:32 GMT+0200 (CEST);Thu Jul 25 2019 16:13:32 GMT+0200 (CEST);1564071212000;1.33;286.61
1380556833984591;46.7;32.1;Thu Jul 25 2019 18:14:47 GMT+0200 (CEST);Thu Jul 25 2019 16:14:47 GMT+0200 (CEST);1564071287000;1.23;271.32
1380556833984591;46.7;31.8;Thu Jul 25 2019 18:16:02 GMT+0200 (CEST);Thu Jul 25 2019 16:16:02 GMT+0200 (CEST);1564071362000;1.3;285.79
1380556833984591;46.7;32.1;Thu Jul 25 2019 18:17:19 GMT+0200 (CEST);Thu Jul 25 2019 16:17:19 GMT+0200 (CEST);1564071439000;1.37;285.18
1380556833984591;46.7;31.9;Thu Jul 25 2019 18:18:33 GMT+0200 (CEST);Thu Jul 25 2019 16:18:33 GMT+0200 (CEST);1564071513000;1.32;276.17
1380556833984591;46.7;32.1;Thu Jul 25 2019 18:19:54 GMT+0200 (CEST);Thu Jul 25 2019 16:19:54 GMT+0200 (CEST);1564071594000;1.24;196.8
1380556833984591;46.7;32.1;Thu Jul 25 2019 18:21:16 GMT+0200 (CEST);Thu Jul 25 2019 16:21:16 GMT+0200 (CEST);1564071676000;1.26;103.5
1380556833984591;46.7;32.2;Thu Jul 25 2019 18:22:36 GMT+0200 (CEST);Thu Jul 25 2019 16:22:36 GMT+0200 (CEST);1564071756000;1.22;101.87
1380556833984591;46.7;32.1;Thu Jul 25 2019 18:23:48 GMT+0200 (CEST);Thu Jul 25 2019 16:23:48 GMT+0200 (CEST);1564071828000;1.21;101.35
1380556833984591;46.7;31.9;Thu Jul 25 2019 18:25:03 GMT+0200 (CEST);Thu Jul 25 2019 16:25:03 GMT+0200 (CEST);1564071903000;1.21;101.37
1380556833984591;46.7;32;Thu Jul 25 2019 18:26:19 GMT+0200 (CEST);Thu Jul 25 2019 16:26:19 GMT+0200 (CEST);1564071979000;1.16;101.09
1380556833984591;46.7;32.1;Thu Jul 25 2019 18:27:37 GMT+0200 (CEST);Thu Jul 25 2019 16:27:37 GMT+0200 (CEST);1564072057000;1.13;98.09
1380556833984591;46.7;31.7;Thu Jul 25 2019 18:28:54 GMT+0200 (CEST);Thu Jul 25 2019 16:28:54 GMT+0200 (CEST);1564072134000;1.07;97.76
1380556833984591;46.7;31.9;Thu Jul 25 2019 18:30:08 GMT+0200 (CEST);Thu Jul 25 2019 16:30:08 GMT+0200 (CEST);1564072208000;0.99;96.43
1380556833984591;46.7;31.9;Thu Jul 25 2019 18:31:24 GMT+0200 (CEST);Thu Jul 25 2019 16:31:24 GMT+0200 (CEST);1564072284000;1.05;96.58
1380556833984591;46.7;31.8;Thu Jul 25 2019 18:32:41 GMT+0200 (CEST);Thu Jul 25 2019 16:32:41 GMT+0200 (CEST);1564072361000;1.04;97.2
1380556833984591;46.7;32.1;Thu Jul 25 2019 18:33:57 GMT+0200 (CEST);Thu Jul 25 2019 16:33:57 GMT+0200 (CEST);1564072437000;1.02;97.92
1380556833984591;46.7;31.5;Thu Jul 25 2019 18:35:45 GMT+0200 (CEST);Thu Jul 25 2019 16:35:45 GMT+0200 (CEST);1564072545000;0.79;98.07
1380556833984591;45.2;32.1;Thu Jul 25 2019 18:37:02 GMT+0200 (CEST);Thu Jul 25 2019 16:37:02 GMT+0200 (CEST);1564072622000;1;99.88
1380556833984591;45.2;31.9;Thu Jul 25 2019 18:38:17 GMT+0200 (CEST);Thu Jul 25 2019 16:38:17 GMT+0200 (CEST);1564072697000;1.01;101.67
1380556833984591;45.2;32.1;Thu Jul 25 2019 18:39:31 GMT+0200 (CEST);Thu Jul 25 2019 16:39:31 GMT+0200 (CEST);1564072771000;1.03;103.88
1380556833984591;45.2;32;Thu Jul 25 2019 18:40:46 GMT+0200 (CEST);Thu Jul 25 2019 16:40:46 GMT+0200 (CEST);1564072846000;1.01;105.32
1380556833984591;45.2;32.2;Thu Jul 25 2019 18:42:00 GMT+0200 (CEST);Thu Jul 25 2019 16:42:00 GMT+0200 (CEST);1564072920000;0.98;104.45
1380556833984591;45.2;32.1;Thu Jul 25 2019 18:43:19 GMT+0200 (CEST);Thu Jul 25 2019 16:43:19 GMT+0200 (CEST);1564072999000;0.94;102.18
1380556833984591;45.2;32.1;Thu Jul 25 2019 18:44:40 GMT+0200 (CEST);Thu Jul 25 2019 16:44:40 GMT+0200 (CEST);1564073080000;0.86;97.59
1380556833984591;45.2;32.2;Thu Jul 25 2019 18:45:56 GMT+0200 (CEST);Thu Jul 25 2019 16:45:56 GMT+0200 (CEST);1564073156000;0.84;93.7
1380556833984591;45.2;32;Thu Jul 25 2019 18:47:14 GMT+0200 (CEST);Thu Jul 25 2019 16:47:14 GMT+0200 (CEST);1564073234000;0.78;89
1380556833984591;45.2;31.7;Thu Jul 25 2019 18:48:28 GMT+0200 (CEST);Thu Jul 25 2019 16:48:28 GMT+0200 (CEST);1564073308000;0.7;85.42
1380556833984591;45.2;31.8;Thu Jul 25 2019 18:49:43 GMT+0200 (CEST);Thu Jul 25 2019 16:49:43 GMT+0200 (CEST);1564073383000;0.77;83.56
1380556833984591;45.2;31.8;Thu Jul 25 2019 18:51:08 GMT+0200 (CEST);Thu Jul 25 2019 16:51:08 GMT+0200 (CEST);1564073468000;0.76;82.01
1380556833984591;45.2;31.9;Thu Jul 25 2019 18:52:37 GMT+0200 (CEST);Thu Jul 25 2019 16:52:37 GMT+0200 (CEST);1564073557000;0.71;80.21
1380556833984591;45.2;32.1;Thu Jul 25 2019 18:53:52 GMT+0200 (CEST);Thu Jul 25 2019 16:53:52 GMT+0200 (CEST);1564073632000;0.7;78.88
1380556833984591;45.2;31.7;Thu Jul 25 2019 18:55:08 GMT+0200 (CEST);Thu Jul 25 2019 16:55:08 GMT+0200 (CEST);1564073708000;0.65;77.73
1380556833984591;44.7;31.8;Thu Jul 25 2019 18:56:27 GMT+0200 (CEST);Thu Jul 25 2019 16:56:27 GMT+0200 (CEST);1564073787000;0.58;75.8
1380556833984591;44.7;31.4;Thu Jul 25 2019 18:57:42 GMT+0200 (CEST);Thu Jul 25 2019 16:57:42 GMT+0200 (CEST);1564073862000;0.53;73.16
1380556833984591;44.7;31.3;Thu Jul 25 2019 18:58:58 GMT+0200 (CEST);Thu Jul 25 2019 16:58:58 GMT+0200 (CEST);1564073938000;0.52;72.43
1380556833984591;44.7;31.2;Thu Jul 25 2019 19:00:11 GMT+0200 (CEST);Thu Jul 25 2019 17:00:11 GMT+0200 (CEST);1564074011000;0.54;72.2
1380556833984591;44.7;31.7;Thu Jul 25 2019 19:01:26 GMT+0200 (CEST);Thu Jul 25 2019 17:01:26 GMT+0200 (CEST);1564074086000;0.59;72.79
1380556833984591;44.7;32.1;Thu Jul 25 2019 19:02:42 GMT+0200 (CEST);Thu Jul 25 2019 17:02:42 GMT+0200 (CEST);1564074162000;0.57;72
1380556833984591;44.7;31.9;Thu Jul 25 2019 19:03:56 GMT+0200 (CEST);Thu Jul 25 2019 17:03:56 GMT+0200 (CEST);1564074236000;0.55;71.34
1380556833984591;44.7;31.9;Thu Jul 25 2019 19:05:12 GMT+0200 (CEST);Thu Jul 25 2019 17:05:12 GMT+0200 (CEST);1564074312000;0.54;70.54
1380556833984591;44.7;31.8;Thu Jul 25 2019 19:06:44 GMT+0200 (CEST);Thu Jul 25 2019 17:06:44 GMT+0200 (CEST);1564074404000;0.46;68.44
1380556833984591;44.7;31.2;Thu Jul 25 2019 19:07:59 GMT+0200 (CEST);Thu Jul 25 2019 17:07:59 GMT+0200 (CEST);1564074479000;0.33;64.92
1380556833984591;44.7;30.5;Thu Jul 25 2019 19:09:17 GMT+0200 (CEST);Thu Jul 25 2019 17:09:17 GMT+0200 (CEST);1564074557000;0.33;61.87
1380556833984591;43.1;30.8;Thu Jul 25 2019 19:10:34 GMT+0200 (CEST);Thu Jul 25 2019 17:10:34 GMT+0200 (CEST);1564074634000;0.33;59.7
1380556833984591;43.1;30.8;Thu Jul 25 2019 19:11:46 GMT+0200 (CEST);Thu Jul 25 2019 17:11:46 GMT+0200 (CEST);1564074706000;0.34;58.56
1380556833984591;43.1;31.3;Thu Jul 25 2019 19:13:06 GMT+0200 (CEST);Thu Jul 25 2019 17:13:06 GMT+0200 (CEST);1564074786000;0.39;59.95
1380556833984591;43.1;32;Thu Jul 25 2019 19:14:20 GMT+0200 (CEST);Thu Jul 25 2019 17:14:20 GMT+0200 (CEST);1564074860000;0.39;59.92
1380556833984591;43.1;32.1;Thu Jul 25 2019 19:15:37 GMT+0200 (CEST);Thu Jul 25 2019 17:15:37 GMT+0200 (CEST);1564074937000;0.37;59.81
1380556833984591;43.1;32;Thu Jul 25 2019 19:16:53 GMT+0200 (CEST);Thu Jul 25 2019 17:16:53 GMT+0200 (CEST);1564075013000;0.37;59.93
1380556833984591;43.1;32;Thu Jul 25 2019 19:18:07 GMT+0200 (CEST);Thu Jul 25 2019 17:18:07 GMT+0200 (CEST);1564075087000;0.36;60.73
1380556833984591;43.1;32;Thu Jul 25 2019 19:19:21 GMT+0200 (CEST);Thu Jul 25 2019 17:19:21 GMT+0200 (CEST);1564075161000;0.36;60.27
1380556833984591;42.6;31.9;Thu Jul 25 2019 19:20:37 GMT+0200 (CEST);Thu Jul 25 2019 17:20:37 GMT+0200 (CEST);1564075237000;0.35;59.95
1380556833984591;42.6;31.8;Thu Jul 25 2019 19:22:20 GMT+0200 (CEST);Thu Jul 25 2019 17:22:20 GMT+0200 (CEST);1564075340000;0.32;59.29
1380556833984591;42.6;31.7;Thu Jul 25 2019 19:23:36 GMT+0200 (CEST);Thu Jul 25 2019 17:23:36 GMT+0200 (CEST);1564075416000;0.31;59.04
1380556833984591;42.6;31.8;Thu Jul 25 2019 19:24:49 GMT+0200 (CEST);Thu Jul 25 2019 17:24:49 GMT+0200 (CEST);1564075489000;0.3;58.29
1380556833984591;42.6;31.7;Thu Jul 25 2019 19:26:03 GMT+0200 (CEST);Thu Jul 25 2019 17:26:03 GMT+0200 (CEST);1564075563000;0.3;57.77
1380556833984591;42.6;31.7;Thu Jul 25 2019 19:27:19 GMT+0200 (CEST);Thu Jul 25 2019 17:27:19 GMT+0200 (CEST);1564075639000;0.29;57.37
1380556833984591;42.6;31.5;Thu Jul 25 2019 19:28:34 GMT+0200 (CEST);Thu Jul 25 2019 17:28:34 GMT+0200 (CEST);1564075714000;0.28;56.67
1380556833984591;42.6;31.5;Thu Jul 25 2019 19:29:49 GMT+0200 (CEST);Thu Jul 25 2019 17:29:49 GMT+0200 (CEST);1564075789000;0.27;56.33
1380556833984591;42.6;31.4;Thu Jul 25 2019 19:31:06 GMT+0200 (CEST);Thu Jul 25 2019 17:31:06 GMT+0200 (CEST);1564075866000;0.26;55.29
1380556833984591;42.6;31.3;Thu Jul 25 2019 19:32:21 GMT+0200 (CEST);Thu Jul 25 2019 17:32:21 GMT+0200 (CEST);1564075941000;0.24;54.45
1380556833984591;42.6;31.2;Thu Jul 25 2019 19:33:39 GMT+0200 (CEST);Thu Jul 25 2019 17:33:39 GMT+0200 (CEST);1564076019000;0.23;53.61
1380556833984591;42.6;31.2;Thu Jul 25 2019 19:34:54 GMT+0200 (CEST);Thu Jul 25 2019 17:34:54 GMT+0200 (CEST);1564076094000;0.23;52.7
1380556833984591;42.6;31.1;Thu Jul 25 2019 19:36:08 GMT+0200 (CEST);Thu Jul 25 2019 17:36:08 GMT+0200 (CEST);1564076168000;0.21;51.81
1380556833984591;42.6;31;Thu Jul 25 2019 19:37:39 GMT+0200 (CEST);Thu Jul 25 2019 17:37:39 GMT+0200 (CEST);1564076259000;0.2;50.51
1380556833984591;41.1;31;Thu Jul 25 2019 19:39:00 GMT+0200 (CEST);Thu Jul 25 2019 17:39:00 GMT+0200 (CEST);1564076340000;0.2;49.42
1380556833984591;41.1;30.7;Thu Jul 25 2019 19:40:15 GMT+0200 (CEST);Thu Jul 25 2019 17:40:15 GMT+0200 (CEST);1564076415000;0.18;48.45
1380556833984591;41.1;30.7;Thu Jul 25 2019 19:41:29 GMT+0200 (CEST);Thu Jul 25 2019 17:41:29 GMT+0200 (CEST);1564076489000;0.18;48.84
1380556833984591;41.1;30.6;Thu Jul 25 2019 19:42:44 GMT+0200 (CEST);Thu Jul 25 2019 17:42:44 GMT+0200 (CEST);1564076564000;0.18;48.9
1380556833984591;40.6;30.5;Thu Jul 25 2019 19:44:00 GMT+0200 (CEST);Thu Jul 25 2019 17:44:00 GMT+0200 (CEST);1564076640000;0.17;48.98
1380556833984591;40.6;30.4;Thu Jul 25 2019 19:45:17 GMT+0200 (CEST);Thu Jul 25 2019 17:45:17 GMT+0200 (CEST);1564076717000;0.16;49.4
1380556833984591;40.6;30.3;Thu Jul 25 2019 19:46:36 GMT+0200 (CEST);Thu Jul 25 2019 17:46:36 GMT+0200 (CEST);1564076796000;0.15;49.46
1380556833984591;40.6;30.1;Thu Jul 25 2019 19:47:51 GMT+0200 (CEST);Thu Jul 25 2019 17:47:51 GMT+0200 (CEST);1564076871000;0.15;49.26
1380556833984591;39.1;30.1;Thu Jul 25 2019 19:49:06 GMT+0200 (CEST);Thu Jul 25 2019 17:49:06 GMT+0200 (CEST);1564076946000;0.14;48.51
1380556833984591;39.1;29.8;Thu Jul 25 2019 19:50:22 GMT+0200 (CEST);Thu Jul 25 2019 17:50:22 GMT+0200 (CEST);1564077022000;0.13;46.68
1380556833984591;39.1;29.7;Thu Jul 25 2019 19:51:37 GMT+0200 (CEST);Thu Jul 25 2019 17:51:37 GMT+0200 (CEST);1564077097000;0.13;45.49
1380556833984591;39.1;29.7;Thu Jul 25 2019 19:52:53 GMT+0200 (CEST);Thu Jul 25 2019 17:52:53 GMT+0200 (CEST);1564077173000;0.12;43.73
1380556833984591;39.1;29.7;Thu Jul 25 2019 19:54:29 GMT+0200 (CEST);Thu Jul 25 2019 17:54:29 GMT+0200 (CEST);1564077269000;0.12;42.06
1380556833984591;39.1;29.6;Thu Jul 25 2019 19:55:46 GMT+0200 (CEST);Thu Jul 25 2019 17:55:46 GMT+0200 (CEST);1564077346000;0.11;40.12
1380556833984591;39.1;29.6;Thu Jul 25 2019 19:57:04 GMT+0200 (CEST);Thu Jul 25 2019 17:57:04 GMT+0200 (CEST);1564077424000;0.11;38.9
1380556833984591;39.1;29.7;Thu Jul 25 2019 19:58:25 GMT+0200 (CEST);Thu Jul 25 2019 17:58:25 GMT+0200 (CEST);1564077505000;0.11;37.61
1380556833984591;39.1;29.4;Thu Jul 25 2019 19:59:41 GMT+0200 (CEST);Thu Jul 25 2019 17:59:41 GMT+0200 (CEST);1564077581000;0.1;36.02
1380556833984591;39.1;29.3;Thu Jul 25 2019 20:01:05 GMT+0200 (CEST);Thu Jul 25 2019 18:01:05 GMT+0200 (CEST);1564077665000;0.1;35.6
1380556833984591;39.1;28.9;Thu Jul 25 2019 20:02:23 GMT+0200 (CEST);Thu Jul 25 2019 18:02:23 GMT+0200 (CEST);1564077743000;0.1;34.24
1380556833984591;38.6;29.3;Thu Jul 25 2019 20:03:37 GMT+0200 (CEST);Thu Jul 25 2019 18:03:37 GMT+0200 (CEST);1564077817000;0.1;31.99
1380556833984591;38.6;29;Thu Jul 25 2019 20:04:51 GMT+0200 (CEST);Thu Jul 25 2019 18:04:51 GMT+0200 (CEST);1564077891000;0.09;28.79
1380556833984591;38.6;29.1;Thu Jul 25 2019 20:06:06 GMT+0200 (CEST);Thu Jul 25 2019 18:06:06 GMT+0200 (CEST);1564077966000;0.09;31.8
1380556833984591;38.6;28.8;Thu Jul 25 2019 20:07:22 GMT+0200 (CEST);Thu Jul 25 2019 18:07:22 GMT+0200 (CEST);1564078042000;0.08;30.89
1380556833984591;38.6;29.2;Thu Jul 25 2019 20:09:03 GMT+0200 (CEST);Thu Jul 25 2019 18:09:03 GMT+0200 (CEST);1564078143000;0.08;29.02
1380556833984591;38.6;28.7;Thu Jul 25 2019 20:10:17 GMT+0200 (CEST);Thu Jul 25 2019 18:10:17 GMT+0200 (CEST);1564078217000;0.07;26.2
1380556833984591;38.6;28.8;Thu Jul 25 2019 20:11:33 GMT+0200 (CEST);Thu Jul 25 2019 18:11:33 GMT+0200 (CEST);1564078293000;0.07;25.72
1380556833984591;38.6;29;Thu Jul 25 2019 20:12:56 GMT+0200 (CEST);Thu Jul 25 2019 18:12:56 GMT+0200 (CEST);1564078376000;0.06;23.33
1380556833984591;38.6;29;Thu Jul 25 2019 20:14:16 GMT+0200 (CEST);Thu Jul 25 2019 18:14:16 GMT+0200 (CEST);1564078456000;0.06;22.87
1380556833984591;38.6;28.6;Thu Jul 25 2019 20:15:31 GMT+0200 (CEST);Thu Jul 25 2019 18:15:31 GMT+0200 (CEST);1564078531000;0.06;22.46
1380556833984591;38.6;28.6;Thu Jul 25 2019 20:16:48 GMT+0200 (CEST);Thu Jul 25 2019 18:16:48 GMT+0200 (CEST);1564078608000;0.05;22.27
1380556833984591;37.1;28.6;Thu Jul 25 2019 20:18:08 GMT+0200 (CEST);Thu Jul 25 2019 18:18:08 GMT+0200 (CEST);1564078688000;0.05;22.12
1380556833984591;37.1;28.8;Thu Jul 25 2019 20:19:28 GMT+0200 (CEST);Thu Jul 25 2019 18:19:28 GMT+0200 (CEST);1564078768000;0.05;21.57
1380556833984591;37.1;28.5;Thu Jul 25 2019 20:20:42 GMT+0200 (CEST);Thu Jul 25 2019 18:20:42 GMT+0200 (CEST);1564078842000;0.04;21.08
1380556833984591;37.1;27.8;Thu Jul 25 2019 20:21:58 GMT+0200 (CEST);Thu Jul 25 2019 18:21:58 GMT+0200 (CEST);1564078918000;0.04;20.22
1380556833984591;37.1;28.2;Thu Jul 25 2019 20:23:14 GMT+0200 (CEST);Thu Jul 25 2019 18:23:14 GMT+0200 (CEST);1564078994000;0.04;19.57
1380556833984591;37.1;28.2;Thu Jul 25 2019 20:24:45 GMT+0200 (CEST);Thu Jul 25 2019 18:24:45 GMT+0200 (CEST);1564079085000;0.04;18.58
1380556833984591;37.1;28.3;Thu Jul 25 2019 20:26:00 GMT+0200 (CEST);Thu Jul 25 2019 18:26:00 GMT+0200 (CEST);1564079160000;0.03;17.52
1380556833984591;37.1;28.1;Thu Jul 25 2019 20:27:15 GMT+0200 (CEST);Thu Jul 25 2019 18:27:15 GMT+0200 (CEST);1564079235000;0.03;16.68
1380556833984591;36.6;28;Thu Jul 25 2019 20:28:30 GMT+0200 (CEST);Thu Jul 25 2019 18:28:30 GMT+0200 (CEST);1564079310000;0.02;16.21
1380556833984591;36.6;27.9;Thu Jul 25 2019 20:29:46 GMT+0200 (CEST);Thu Jul 25 2019 18:29:46 GMT+0200 (CEST);1564079386000;0.02;15.11
1380556833984591;36.6;27.2;Thu Jul 25 2019 20:31:06 GMT+0200 (CEST);Thu Jul 25 2019 18:31:06 GMT+0200 (CEST);1564079466000;0.01;14.41
1380556833984591;36.6;27.1;Thu Jul 25 2019 20:32:21 GMT+0200 (CEST);Thu Jul 25 2019 18:32:21 GMT+0200 (CEST);1564079541000;0.01;13.91
1380556833984591;36.6;26.9;Thu Jul 25 2019 20:33:40 GMT+0200 (CEST);Thu Jul 25 2019 18:33:40 GMT+0200 (CEST);1564079620000;0;12.75
1380556833984591;36.6;27.1;Thu Jul 25 2019 20:34:56 GMT+0200 (CEST);Thu Jul 25 2019 18:34:56 GMT+0200 (CEST);1564079696000;0;11.34
1380556833984591;36.6;26.2;Thu Jul 25 2019 20:36:13 GMT+0200 (CEST);Thu Jul 25 2019 18:36:13 GMT+0200 (CEST);1564079773000;0;10.86
1380556833984591;35.1;25.1;Thu Jul 25 2019 20:37:28 GMT+0200 (CEST);Thu Jul 25 2019 18:37:28 GMT+0200 (CEST);1564079848000;0;9.88
1380556833984591;35.1;25.2;Thu Jul 25 2019 20:38:44 GMT+0200 (CEST);Thu Jul 25 2019 18:38:44 GMT+0200 (CEST);1564079924000;0;8.95
1380556833984591;35.1;25.4;Thu Jul 25 2019 20:39:58 GMT+0200 (CEST);Thu Jul 25 2019 18:39:58 GMT+0200 (CEST);1564079998000;0;8.82
1380556833984591;35.1;26.5;Thu Jul 25 2019 20:41:14 GMT+0200 (CEST);Thu Jul 25 2019 18:41:14 GMT+0200 (CEST);1564080074000;0;7.8
1380556833984591;34.6;26.1;Thu Jul 25 2019 20:42:31 GMT+0200 (CEST);Thu Jul 25 2019 18:42:31 GMT+0200 (CEST);1564080151000;0;7.52
1380556833984591;34.6;25.9;Thu Jul 25 2019 20:43:46 GMT+0200 (CEST);Thu Jul 25 2019 18:43:46 GMT+0200 (CEST);1564080226000;0;6.94
1380556833984591;34.6;25.9;Thu Jul 25 2019 20:45:02 GMT+0200 (CEST);Thu Jul 25 2019 18:45:02 GMT+0200 (CEST);1564080302000;0;6.15
1380556833984591;34.6;25.8;Thu Jul 25 2019 20:46:21 GMT+0200 (CEST);Thu Jul 25 2019 18:46:21 GMT+0200 (CEST);1564080381000;0;5.6
1380556833984591;34.6;26.1;Thu Jul 25 2019 20:47:38 GMT+0200 (CEST);Thu Jul 25 2019 18:47:38 GMT+0200 (CEST);1564080458000;0;5.49
1380556833984591;34.6;26.1;Thu Jul 25 2019 20:48:53 GMT+0200 (CEST);Thu Jul 25 2019 18:48:53 GMT+0200 (CEST);1564080533000;0;5.42
1380556833984591;34.6;28.1;Thu Jul 25 2019 20:50:10 GMT+0200 (CEST);Thu Jul 25 2019 18:50:10 GMT+0200 (CEST);1564080610000;0;4.79
1380556833984591;34.6;28.5;Thu Jul 25 2019 20:51:27 GMT+0200 (CEST);Thu Jul 25 2019 18:51:27 GMT+0200 (CEST);1564080687000;0;3.63
1380556833984591;34.6;30.4;Thu Jul 25 2019 20:52:55 GMT+0200 (CEST);Thu Jul 25 2019 18:52:55 GMT+0200 (CEST);1564080775000;0;2.6
1380556833984591;34.6;30.2;Thu Jul 25 2019 20:54:10 GMT+0200 (CEST);Thu Jul 25 2019 18:54:10 GMT+0200 (CEST);1564080850000;0;2.65
1380556833984591;35.1;29.9;Thu Jul 25 2019 20:55:38 GMT+0200 (CEST);Thu Jul 25 2019 18:55:38 GMT+0200 (CEST);1564080938000;0;2.25
1380556833984591;35.1;29.4;Thu Jul 25 2019 20:56:52 GMT+0200 (CEST);Thu Jul 25 2019 18:56:52 GMT+0200 (CEST);1564081012000;0;1.83
1380556833984591;35.1;29.1;Thu Jul 25 2019 20:58:07 GMT+0200 (CEST);Thu Jul 25 2019 18:58:07 GMT+0200 (CEST);1564081087000;0;0.91
1380556833984591;35.1;28.7;Thu Jul 25 2019 20:59:22 GMT+0200 (CEST);Thu Jul 25 2019 18:59:22 GMT+0200 (CEST);1564081162000;0;0.78
1380556833984591;35.1;28.7;Thu Jul 25 2019 21:00:45 GMT+0200 (CEST);Thu Jul 25 2019 19:00:45 GMT+0200 (CEST);1564081245000;0;0.74
1380556833984591;35.1;28.7;Thu Jul 25 2019 21:02:00 GMT+0200 (CEST);Thu Jul 25 2019 19:02:00 GMT+0200 (CEST);1564081320000;0;0.41
1380556833984591;35.1;28.7;Thu Jul 25 2019 21:03:17 GMT+0200 (CEST);Thu Jul 25 2019 19:03:17 GMT+0200 (CEST);1564081397000;0;-0.01
1380556833984591;35.1;28.7;Thu Jul 25 2019 21:04:32 GMT+0200 (CEST);Thu Jul 25 2019 19:04:32 GMT+0200 (CEST);1564081472000;0;-0.01
1380556833984591;-273.2;25.2;Fri Jul 26 2019 05:36:38 GMT+0200 (CEST);Fri Jul 26 2019 03:36:38 GMT+0200 (CEST);1564112198000;0;1.05
1380556833984591;-273.2;25.2;Fri Jul 26 2019 05:37:52 GMT+0200 (CEST);Fri Jul 26 2019 03:37:52 GMT+0200 (CEST);1564112272000;0;1.25
1380556833984591;-273.2;25.2;Fri Jul 26 2019 05:39:05 GMT+0200 (CEST);Fri Jul 26 2019 03:39:05 GMT+0200 (CEST);1564112345000;0;1.66
1380556833984591;-273.2;25.2;Fri Jul 26 2019 05:40:21 GMT+0200 (CEST);Fri Jul 26 2019 03:40:21 GMT+0200 (CEST);1564112421000;0;2.16
1380556833984591;-273.2;25.2;Fri Jul 26 2019 05:41:34 GMT+0200 (CEST);Fri Jul 26 2019 03:41:34 GMT+0200 (CEST);1564112494000;0;2.79
1380556833984591;-273.2;28.6;Fri Jul 26 2019 05:58:28 GMT+0200 (CEST);Fri Jul 26 2019 03:58:28 GMT+0200 (CEST);1564113508000;0;11.83
1380556833984591;-273.2;27;Fri Jul 26 2019 05:59:41 GMT+0200 (CEST);Fri Jul 26 2019 03:59:41 GMT+0200 (CEST);1564113581000;0;12.5
1380556833984591;-273.2;24.8;Fri Jul 26 2019 06:00:58 GMT+0200 (CEST);Fri Jul 26 2019 04:00:58 GMT+0200 (CEST);1564113658000;0;13.13
1380556833984591;-273.2;24.9;Fri Jul 26 2019 06:02:11 GMT+0200 (CEST);Fri Jul 26 2019 04:02:11 GMT+0200 (CEST);1564113731000;0;13.36
1380556833984591;-273.2;24.7;Fri Jul 26 2019 06:03:25 GMT+0200 (CEST);Fri Jul 26 2019 04:03:25 GMT+0200 (CEST);1564113805000;0;13.88
1380556833984591;19;23.5;Fri Jul 26 2019 06:04:48 GMT+0200 (CEST);Fri Jul 26 2019 04:04:48 GMT+0200 (CEST);1564113888000;0;14.79
1380556833984591;19;21.7;Fri Jul 26 2019 06:06:38 GMT+0200 (CEST);Fri Jul 26 2019 04:06:38 GMT+0200 (CEST);1564113998000;0.01;15.05
1380556833984591;19;18.6;Fri Jul 26 2019 06:08:04 GMT+0200 (CEST);Fri Jul 26 2019 04:08:04 GMT+0200 (CEST);1564114084000;0.01;15.32
1380556833984591;18.5;18.6;Fri Jul 26 2019 06:09:17 GMT+0200 (CEST);Fri Jul 26 2019 04:09:17 GMT+0200 (CEST);1564114157000;0.02;16.1
1380556833984591;18.5;18.6;Fri Jul 26 2019 06:10:29 GMT+0200 (CEST);Fri Jul 26 2019 04:10:29 GMT+0200 (CEST);1564114229000;0.02;16.65
1380556833984591;18.5;18.3;Fri Jul 26 2019 06:11:42 GMT+0200 (CEST);Fri Jul 26 2019 04:11:42 GMT+0200 (CEST);1564114302000;0.02;17.39
1380556833984591;15.9;18.3;Fri Jul 26 2019 06:12:55 GMT+0200 (CEST);Fri Jul 26 2019 04:12:55 GMT+0200 (CEST);1564114375000;0.03;18.26
1380556833984591;15.9;18.9;Fri Jul 26 2019 06:14:07 GMT+0200 (CEST);Fri Jul 26 2019 04:14:07 GMT+0200 (CEST);1564114447000;0.03;18.9
1380556833984591;15.9;18.9;Fri Jul 26 2019 06:15:23 GMT+0200 (CEST);Fri Jul 26 2019 04:15:23 GMT+0200 (CEST);1564114523000;0.03;19.92
1380556833984591;15.9;18.9;Fri Jul 26 2019 06:16:37 GMT+0200 (CEST);Fri Jul 26 2019 04:16:37 GMT+0200 (CEST);1564114597000;0.03;20.31
1380556833984591;15.9;18.8;Fri Jul 26 2019 06:17:53 GMT+0200 (CEST);Fri Jul 26 2019 04:17:53 GMT+0200 (CEST);1564114673000;0.04;21.44
1380556833984591;15.9;18.7;Fri Jul 26 2019 06:19:09 GMT+0200 (CEST);Fri Jul 26 2019 04:19:09 GMT+0200 (CEST);1564114749000;0.04;22.01
1380556833984591;15.9;18.7;Fri Jul 26 2019 06:20:22 GMT+0200 (CEST);Fri Jul 26 2019 04:20:22 GMT+0200 (CEST);1564114822000;0.05;22.97
1380556833984591;15.9;18.6;Fri Jul 26 2019 06:21:49 GMT+0200 (CEST);Fri Jul 26 2019 04:21:49 GMT+0200 (CEST);1564114909000;0.05;24.59
1380556833984591;15.9;18.5;Fri Jul 26 2019 06:23:24 GMT+0200 (CEST);Fri Jul 26 2019 04:23:24 GMT+0200 (CEST);1564115004000;0.06;26.14
1380556833984591;15.9;18.5;Fri Jul 26 2019 06:24:40 GMT+0200 (CEST);Fri Jul 26 2019 04:24:40 GMT+0200 (CEST);1564115080000;0.06;27
1380556833984591;15.9;18.4;Fri Jul 26 2019 06:25:55 GMT+0200 (CEST);Fri Jul 26 2019 04:25:55 GMT+0200 (CEST);1564115155000;0.07;28.6
1380556833984591;18.5;21.1;Fri Jul 26 2019 06:27:08 GMT+0200 (CEST);Fri Jul 26 2019 04:27:08 GMT+0200 (CEST);1564115228000;0.07;29.87
1380556833984591;18.5;29.8;Fri Jul 26 2019 06:28:20 GMT+0200 (CEST);Fri Jul 26 2019 04:28:20 GMT+0200 (CEST);1564115300000;0.07;31.16
1380556833984591;18.5;30.4;Fri Jul 26 2019 06:29:33 GMT+0200 (CEST);Fri Jul 26 2019 04:29:33 GMT+0200 (CEST);1564115373000;0.07;32.41
1380556833984591;18.5;30.4;Fri Jul 26 2019 06:31:02 GMT+0200 (CEST);Fri Jul 26 2019 04:31:02 GMT+0200 (CEST);1564115462000;0.08;33.48
1380556833984591;21;30.4;Fri Jul 26 2019 06:32:15 GMT+0200 (CEST);Fri Jul 26 2019 04:32:15 GMT+0200 (CEST);1564115535000;0.09;34.6
1380556833984591;21;30.6;Fri Jul 26 2019 06:33:28 GMT+0200 (CEST);Fri Jul 26 2019 04:33:28 GMT+0200 (CEST);1564115608000;0.09;36.07
1380556833984591;21;31;Fri Jul 26 2019 06:34:47 GMT+0200 (CEST);Fri Jul 26 2019 04:34:47 GMT+0200 (CEST);1564115687000;0.1;36.99
1380556833984591;21;30.9;Fri Jul 26 2019 06:36:01 GMT+0200 (CEST);Fri Jul 26 2019 04:36:01 GMT+0200 (CEST);1564115761000;0.11;37.69
1380556833984591;22.5;31.2;Fri Jul 26 2019 06:37:19 GMT+0200 (CEST);Fri Jul 26 2019 04:37:19 GMT+0200 (CEST);1564115839000;0.11;39.41
1380556833984591;22.5;31;Fri Jul 26 2019 06:38:59 GMT+0200 (CEST);Fri Jul 26 2019 04:38:59 GMT+0200 (CEST);1564115939000;0.12;41.29
1380556833984591;22.5;30.9;Fri Jul 26 2019 06:40:12 GMT+0200 (CEST);Fri Jul 26 2019 04:40:12 GMT+0200 (CEST);1564116012000;0.12;42.04
1380556833984591;22.5;30.6;Fri Jul 26 2019 06:41:27 GMT+0200 (CEST);Fri Jul 26 2019 04:41:27 GMT+0200 (CEST);1564116087000;0.13;43.55
1380556833984591;23;30.8;Fri Jul 26 2019 06:42:41 GMT+0200 (CEST);Fri Jul 26 2019 04:42:41 GMT+0200 (CEST);1564116161000;0.14;44.93
1380556833984591;23;30.6;Fri Jul 26 2019 06:43:54 GMT+0200 (CEST);Fri Jul 26 2019 04:43:54 GMT+0200 (CEST);1564116234000;0.14;45.5
1380556833984591;23;29.2;Fri Jul 26 2019 06:45:31 GMT+0200 (CEST);Fri Jul 26 2019 04:45:31 GMT+0200 (CEST);1564116331000;0.15;46.98
1380556833984591;22.5;28.1;Fri Jul 26 2019 06:46:54 GMT+0200 (CEST);Fri Jul 26 2019 04:46:54 GMT+0200 (CEST);1564116414000;0.16;47.95
1380556833984591;22.5;23.3;Fri Jul 26 2019 06:48:07 GMT+0200 (CEST);Fri Jul 26 2019 04:48:07 GMT+0200 (CEST);1564116487000;0.17;48.86
1380556833984591;22.5;23.4;Fri Jul 26 2019 06:49:21 GMT+0200 (CEST);Fri Jul 26 2019 04:49:21 GMT+0200 (CEST);1564116561000;0.18;49.58
1380556833984591;22.5;25;Fri Jul 26 2019 06:50:34 GMT+0200 (CEST);Fri Jul 26 2019 04:50:34 GMT+0200 (CEST);1564116634000;0.18;50.9
1380556833984591;22.5;30;Fri Jul 26 2019 06:52:09 GMT+0200 (CEST);Fri Jul 26 2019 04:52:09 GMT+0200 (CEST);1564116729000;0.18;52.4
1380556833984591;22.5;27;Fri Jul 26 2019 06:53:22 GMT+0200 (CEST);Fri Jul 26 2019 04:53:22 GMT+0200 (CEST);1564116802000;0.19;53.26
1380556833984591;22.5;20.5;Fri Jul 26 2019 06:54:35 GMT+0200 (CEST);Fri Jul 26 2019 04:54:35 GMT+0200 (CEST);1564116875000;0.21;54.44
1380556833984591;22.5;21.3;Fri Jul 26 2019 06:55:48 GMT+0200 (CEST);Fri Jul 26 2019 04:55:48 GMT+0200 (CEST);1564116948000;0.23;55.33
1380556833984591;20.5;22.5;Fri Jul 26 2019 06:57:04 GMT+0200 (CEST);Fri Jul 26 2019 04:57:04 GMT+0200 (CEST);1564117024000;0.23;55.88
1380556833984591;20.5;23.9;Fri Jul 26 2019 06:58:17 GMT+0200 (CEST);Fri Jul 26 2019 04:58:17 GMT+0200 (CEST);1564117097000;0.24;56.87
1380556833984591;20.5;24.2;Fri Jul 26 2019 06:59:42 GMT+0200 (CEST);Fri Jul 26 2019 04:59:42 GMT+0200 (CEST);1564117182000;0.27;58.06
1380556833984591;23;34.1;Fri Jul 26 2019 07:01:00 GMT+0200 (CEST);Fri Jul 26 2019 05:01:00 GMT+0200 (CEST);1564117260000;0.3;58.73
1380556833984591;23;32.8;Fri Jul 26 2019 07:02:13 GMT+0200 (CEST);Fri Jul 26 2019 05:02:13 GMT+0200 (CEST);1564117333000;0.34;59.8
1380556833984591;23;32.1;Fri Jul 26 2019 07:03:26 GMT+0200 (CEST);Fri Jul 26 2019 05:03:26 GMT+0200 (CEST);1564117406000;0.36;60.5
1380556833984591;23;31.4;Fri Jul 26 2019 07:04:41 GMT+0200 (CEST);Fri Jul 26 2019 05:04:41 GMT+0200 (CEST);1564117481000;0.38;61.29
1380556833984591;24.5;31.8;Fri Jul 26 2019 07:05:57 GMT+0200 (CEST);Fri Jul 26 2019 05:05:57 GMT+0200 (CEST);1564117557000;0.39;62.35
1380556833984591;24.5;31.6;Fri Jul 26 2019 07:07:14 GMT+0200 (CEST);Fri Jul 26 2019 05:07:14 GMT+0200 (CEST);1564117634000;0.41;63.3
1380556833984591;24.5;31.7;Fri Jul 26 2019 07:08:28 GMT+0200 (CEST);Fri Jul 26 2019 05:08:28 GMT+0200 (CEST);1564117708000;0.42;64.28
1380556833984591;24.5;31.5;Fri Jul 26 2019 07:10:08 GMT+0200 (CEST);Fri Jul 26 2019 05:10:08 GMT+0200 (CEST);1564117808000;0.44;65.46
1380556833984591;25;31.3;Fri Jul 26 2019 07:11:21 GMT+0200 (CEST);Fri Jul 26 2019 05:11:21 GMT+0200 (CEST);1564117881000;0.46;66.11
1380556833984591;25;31.3;Fri Jul 26 2019 07:12:35 GMT+0200 (CEST);Fri Jul 26 2019 05:12:35 GMT+0200 (CEST);1564117955000;0.48;67.05
1380556833984591;25;31.2;Fri Jul 26 2019 07:13:48 GMT+0200 (CEST);Fri Jul 26 2019 05:13:48 GMT+0200 (CEST);1564118028000;0.49;68.07
1380556833984591;25;31.9;Fri Jul 26 2019 07:15:00 GMT+0200 (CEST);Fri Jul 26 2019 05:15:00 GMT+0200 (CEST);1564118100000;0.5;68.86
1380556833984591;26.5;31.8;Fri Jul 26 2019 07:16:23 GMT+0200 (CEST);Fri Jul 26 2019 05:16:23 GMT+0200 (CEST);1564118183000;0.51;70.02
1380556833984591;26.5;31.8;Fri Jul 26 2019 07:17:36 GMT+0200 (CEST);Fri Jul 26 2019 05:17:36 GMT+0200 (CEST);1564118256000;0.55;70.88
1380556833984591;26.5;19.5;Fri Jul 26 2019 07:18:49 GMT+0200 (CEST);Fri Jul 26 2019 05:18:49 GMT+0200 (CEST);1564118329000;0.57;71.78
1380556833984591;23;22.5;Fri Jul 26 2019 07:20:03 GMT+0200 (CEST);Fri Jul 26 2019 05:20:03 GMT+0200 (CEST);1564118403000;0.59;72.88
1380556833984591;23;20.9;Fri Jul 26 2019 07:21:15 GMT+0200 (CEST);Fri Jul 26 2019 05:21:15 GMT+0200 (CEST);1564118475000;0.61;74.04
1380556833984591;23;20.8;Fri Jul 26 2019 07:22:29 GMT+0200 (CEST);Fri Jul 26 2019 05:22:29 GMT+0200 (CEST);1564118549000;0.62;86.38
1380556833984591;23;21.7;Fri Jul 26 2019 07:24:11 GMT+0200 (CEST);Fri Jul 26 2019 05:24:11 GMT+0200 (CEST);1564118651000;0.64;149.1
1380556833984591;23;22.4;Fri Jul 26 2019 07:25:24 GMT+0200 (CEST);Fri Jul 26 2019 05:25:24 GMT+0200 (CEST);1564118724000;0.66;166.25
1380556833984591;23;27.8;Fri Jul 26 2019 07:26:42 GMT+0200 (CEST);Fri Jul 26 2019 05:26:42 GMT+0200 (CEST);1564118802000;0.68;168.75
1380556833984591;23;27.3;Fri Jul 26 2019 07:28:01 GMT+0200 (CEST);Fri Jul 26 2019 05:28:01 GMT+0200 (CEST);1564118881000;0.7;172.01
1380556833984591;23;27.8;Fri Jul 26 2019 07:29:14 GMT+0200 (CEST);Fri Jul 26 2019 05:29:14 GMT+0200 (CEST);1564118954000;0.72;174.68
1380556833984591;25;29.3;Fri Jul 26 2019 07:30:26 GMT+0200 (CEST);Fri Jul 26 2019 05:30:26 GMT+0200 (CEST);1564119026000;0.73;178.33
1380556833984591;25;31.1;Fri Jul 26 2019 07:31:43 GMT+0200 (CEST);Fri Jul 26 2019 05:31:43 GMT+0200 (CEST);1564119103000;0.76;181.29
1380556833984591;25;29.1;Fri Jul 26 2019 07:33:17 GMT+0200 (CEST);Fri Jul 26 2019 05:33:17 GMT+0200 (CEST);1564119197000;0.78;186.39
1380556833984591;26.5;30.2;Fri Jul 26 2019 07:34:38 GMT+0200 (CEST);Fri Jul 26 2019 05:34:38 GMT+0200 (CEST);1564119278000;0.8;189.89
1380556833984591;26.5;30.5;Fri Jul 26 2019 07:35:53 GMT+0200 (CEST);Fri Jul 26 2019 05:35:53 GMT+0200 (CEST);1564119353000;0.82;192.82
1380556833984591;26.5;30.1;Fri Jul 26 2019 07:37:06 GMT+0200 (CEST);Fri Jul 26 2019 05:37:06 GMT+0200 (CEST);1564119426000;0.84;196.05
1380556833984591;26.5;30.4;Fri Jul 26 2019 07:38:19 GMT+0200 (CEST);Fri Jul 26 2019 05:38:19 GMT+0200 (CEST);1564119499000;0.86;199.07
1380556833984591;28.5;29.8;Fri Jul 26 2019 07:39:34 GMT+0200 (CEST);Fri Jul 26 2019 05:39:34 GMT+0200 (CEST);1564119574000;0.88;203.59
1380556833984591;28.5;30.9;Fri Jul 26 2019 07:40:47 GMT+0200 (CEST);Fri Jul 26 2019 05:40:47 GMT+0200 (CEST);1564119647000;0.89;206.42
1380556833984591;28.5;31.5;Fri Jul 26 2019 07:42:00 GMT+0200 (CEST);Fri Jul 26 2019 05:42:00 GMT+0200 (CEST);1564119720000;0.9;210.32
1380556833984591;28.5;32.3;Fri Jul 26 2019 07:43:14 GMT+0200 (CEST);Fri Jul 26 2019 05:43:14 GMT+0200 (CEST);1564119794000;0.93;213.21
1380556833984591;28.5;31.7;Fri Jul 26 2019 07:44:27 GMT+0200 (CEST);Fri Jul 26 2019 05:44:27 GMT+0200 (CEST);1564119867000;0.96;216.95
1380556833984591;28.5;30.3;Fri Jul 26 2019 07:45:41 GMT+0200 (CEST);Fri Jul 26 2019 05:45:41 GMT+0200 (CEST);1564119941000;0.98;221.38
1380556833984591;28.5;30.4;Fri Jul 26 2019 07:46:54 GMT+0200 (CEST);Fri Jul 26 2019 05:46:54 GMT+0200 (CEST);1564120014000;1;224.36
1380556833984591;28.5;31;Fri Jul 26 2019 07:48:07 GMT+0200 (CEST);Fri Jul 26 2019 05:48:07 GMT+0200 (CEST);1564120087000;1.02;227.68
1380556833984591;29;32;Fri Jul 26 2019 07:49:55 GMT+0200 (CEST);Fri Jul 26 2019 05:49:55 GMT+0200 (CEST);1564120195000;1.04;234.21
1380556833984591;29;31.5;Fri Jul 26 2019 07:51:13 GMT+0200 (CEST);Fri Jul 26 2019 05:51:13 GMT+0200 (CEST);1564120273000;1.06;239.29
1380556833984591;29;31.6;Fri Jul 26 2019 07:52:26 GMT+0200 (CEST);Fri Jul 26 2019 05:52:26 GMT+0200 (CEST);1564120346000;1.08;242.6
1380556833984591;29;31.7;Fri Jul 26 2019 07:53:39 GMT+0200 (CEST);Fri Jul 26 2019 05:53:39 GMT+0200 (CEST);1564120419000;1.1;245.86
1380556833984591;30.5;31.5;Fri Jul 26 2019 07:55:12 GMT+0200 (CEST);Fri Jul 26 2019 05:55:12 GMT+0200 (CEST);1564120512000;1.14;250.22
1380556833984591;30.5;31.6;Fri Jul 26 2019 07:56:43 GMT+0200 (CEST);Fri Jul 26 2019 05:56:43 GMT+0200 (CEST);1564120603000;1.15;254.05
1380556833984591;30.5;31.7;Fri Jul 26 2019 07:57:57 GMT+0200 (CEST);Fri Jul 26 2019 05:57:57 GMT+0200 (CEST);1564120677000;1.18;258.36
1380556833984591;31.1;31.7;Fri Jul 26 2019 07:59:11 GMT+0200 (CEST);Fri Jul 26 2019 05:59:11 GMT+0200 (CEST);1564120751000;1.2;260.98
1380556833984591;31.1;31.4;Fri Jul 26 2019 08:00:25 GMT+0200 (CEST);Fri Jul 26 2019 06:00:25 GMT+0200 (CEST);1564120825000;1.22;265.99
1380556833984591;31.1;31.4;Fri Jul 26 2019 08:01:40 GMT+0200 (CEST);Fri Jul 26 2019 06:01:40 GMT+0200 (CEST);1564120900000;1.24;271.79
1380556833984591;31.1;31.6;Fri Jul 26 2019 08:02:56 GMT+0200 (CEST);Fri Jul 26 2019 06:02:56 GMT+0200 (CEST);1564120976000;1.27;276.32
1380556833984591;31.1;31.5;Fri Jul 26 2019 08:04:44 GMT+0200 (CEST);Fri Jul 26 2019 06:04:44 GMT+0200 (CEST);1564121084000;1.3;283.98
1380556833984591;31.1;31.5;Fri Jul 26 2019 08:06:10 GMT+0200 (CEST);Fri Jul 26 2019 06:06:10 GMT+0200 (CEST);1564121170000;1.33;288.63
1380556833984591;31.1;31.5;Fri Jul 26 2019 08:07:23 GMT+0200 (CEST);Fri Jul 26 2019 06:07:23 GMT+0200 (CEST);1564121243000;1.35;293.86
1380556833984591;32.1;31.5;Fri Jul 26 2019 08:08:35 GMT+0200 (CEST);Fri Jul 26 2019 06:08:35 GMT+0200 (CEST);1564121315000;1.37;297.74
1380556833984591;58.8;29.6;Fri Jul 26 2019 15:35:11 GMT+0200 (CEST);Fri Jul 26 2019 13:35:11 GMT+0200 (CEST);1564148111000;3.68;745.47
1380556833984591;58.8;30.4;Fri Jul 26 2019 15:36:37 GMT+0200 (CEST);Fri Jul 26 2019 13:36:37 GMT+0200 (CEST);1564148197000;3.68;750.13
1380556833984591;58.8;29.9;Fri Jul 26 2019 15:38:02 GMT+0200 (CEST);Fri Jul 26 2019 13:38:02 GMT+0200 (CEST);1564148282000;3.5;701.2
1380556833984591;58.8;29.7;Fri Jul 26 2019 15:39:18 GMT+0200 (CEST);Fri Jul 26 2019 13:39:18 GMT+0200 (CEST);1564148358000;3.5;696.65
1380556833984591;58.8;29.7;Fri Jul 26 2019 15:40:35 GMT+0200 (CEST);Fri Jul 26 2019 13:40:35 GMT+0200 (CEST);1564148435000;3.68;735.11
1380556833984591;58.8;29.6;Fri Jul 26 2019 15:41:50 GMT+0200 (CEST);Fri Jul 26 2019 13:41:50 GMT+0200 (CEST);1564148510000;3.56;724.83
1380556833984591;58.8;29.9;Fri Jul 26 2019 15:43:06 GMT+0200 (CEST);Fri Jul 26 2019 13:43:06 GMT+0200 (CEST);1564148586000;3.12;700.44
1380556833984591;58.8;29.7;Fri Jul 26 2019 15:44:19 GMT+0200 (CEST);Fri Jul 26 2019 13:44:19 GMT+0200 (CEST);1564148659000;3.46;676.9
1380556833984591;58.8;29.5;Fri Jul 26 2019 15:45:36 GMT+0200 (CEST);Fri Jul 26 2019 13:45:36 GMT+0200 (CEST);1564148736000;3.62;719.32
1380556833984591;58.8;29.3;Fri Jul 26 2019 15:46:55 GMT+0200 (CEST);Fri Jul 26 2019 13:46:55 GMT+0200 (CEST);1564148815000;3.63;717.38
1380556833984591;58.8;30;Fri Jul 26 2019 15:48:08 GMT+0200 (CEST);Fri Jul 26 2019 13:48:08 GMT+0200 (CEST);1564148888000;3.74;738.52
1380556833984591;58.8;29.9;Fri Jul 26 2019 15:49:26 GMT+0200 (CEST);Fri Jul 26 2019 13:49:26 GMT+0200 (CEST);1564148966000;3.68;740.42
1380556833984591;58.8;29.8;Fri Jul 26 2019 15:50:43 GMT+0200 (CEST);Fri Jul 26 2019 13:50:43 GMT+0200 (CEST);1564149043000;3.65;731.01
1380556833984591;58.8;29.8;Fri Jul 26 2019 15:51:58 GMT+0200 (CEST);Fri Jul 26 2019 13:51:58 GMT+0200 (CEST);1564149118000;3.4;696.26
1380556833984591;58.8;29.9;Fri Jul 26 2019 15:53:32 GMT+0200 (CEST);Fri Jul 26 2019 13:53:32 GMT+0200 (CEST);1564149212000;3.6;711.84
1380556833984591;58.8;29.7;Fri Jul 26 2019 15:54:47 GMT+0200 (CEST);Fri Jul 26 2019 13:54:47 GMT+0200 (CEST);1564149287000;3.66;727.74
1380556833984591;58.8;29.7;Fri Jul 26 2019 15:56:02 GMT+0200 (CEST);Fri Jul 26 2019 13:56:02 GMT+0200 (CEST);1564149362000;3.58;728.16
1380556833984591;58.8;30.5;Fri Jul 26 2019 15:57:16 GMT+0200 (CEST);Fri Jul 26 2019 13:57:16 GMT+0200 (CEST);1564149436000;3.54;725.78
1380556833984591;57.2;30.3;Fri Jul 26 2019 15:58:34 GMT+0200 (CEST);Fri Jul 26 2019 13:58:34 GMT+0200 (CEST);1564149514000;3.65;727.41
1380556833984591;57.2;30.1;Fri Jul 26 2019 15:59:50 GMT+0200 (CEST);Fri Jul 26 2019 13:59:50 GMT+0200 (CEST);1564149590000;3.55;727.34
1380556833984591;57.2;30;Fri Jul 26 2019 16:01:06 GMT+0200 (CEST);Fri Jul 26 2019 14:01:06 GMT+0200 (CEST);1564149666000;3.6;721.08
1380556833984591;57.2;29.7;Fri Jul 26 2019 16:02:21 GMT+0200 (CEST);Fri Jul 26 2019 14:02:21 GMT+0200 (CEST);1564149741000;3.65;727.39
1380556833984591;56.7;29.8;Fri Jul 26 2019 16:03:38 GMT+0200 (CEST);Fri Jul 26 2019 14:03:38 GMT+0200 (CEST);1564149818000;3.64;732.4
1380556833984591;56.7;30;Fri Jul 26 2019 16:05:02 GMT+0200 (CEST);Fri Jul 26 2019 14:05:02 GMT+0200 (CEST);1564149902000;3.52;722.9
1380556833984591;56.7;30.2;Fri Jul 26 2019 16:06:22 GMT+0200 (CEST);Fri Jul 26 2019 14:06:22 GMT+0200 (CEST);1564149982000;3.62;723.19
1380556833984591;56.7;29.8;Fri Jul 26 2019 16:07:42 GMT+0200 (CEST);Fri Jul 26 2019 14:07:42 GMT+0200 (CEST);1564150062000;3.61;716.64
1380556833984591;56.7;29.8;Fri Jul 26 2019 16:08:57 GMT+0200 (CEST);Fri Jul 26 2019 14:08:57 GMT+0200 (CEST);1564150137000;3.53;706.92
1380556833984591;56.7;29.8;Fri Jul 26 2019 16:10:13 GMT+0200 (CEST);Fri Jul 26 2019 14:10:13 GMT+0200 (CEST);1564150213000;3.43;700.78
1380556833984591;56.7;29.6;Fri Jul 26 2019 16:11:32 GMT+0200 (CEST);Fri Jul 26 2019 14:11:32 GMT+0200 (CEST);1564150292000;3.5;698.56
1380556833984591;57.2;30.2;Fri Jul 26 2019 16:12:53 GMT+0200 (CEST);Fri Jul 26 2019 14:12:53 GMT+0200 (CEST);1564150373000;3.35;670.88
1380556833984591;57.2;29.9;Fri Jul 26 2019 16:14:12 GMT+0200 (CEST);Fri Jul 26 2019 14:14:12 GMT+0200 (CEST);1564150452000;3.37;691.02
1380556833984591;57.2;30.2;Fri Jul 26 2019 16:15:26 GMT+0200 (CEST);Fri Jul 26 2019 14:15:26 GMT+0200 (CEST);1564150526000;3.38;673.69
1380556833984591;57.2;30.5;Fri Jul 26 2019 16:16:41 GMT+0200 (CEST);Fri Jul 26 2019 14:16:41 GMT+0200 (CEST);1564150601000;3.4;684.63
1380556833984591;56.7;30.3;Fri Jul 26 2019 16:17:57 GMT+0200 (CEST);Fri Jul 26 2019 14:17:57 GMT+0200 (CEST);1564150677000;3.16;663.56
1380556833984591;56.7;30.3;Fri Jul 26 2019 16:19:16 GMT+0200 (CEST);Fri Jul 26 2019 14:19:16 GMT+0200 (CEST);1564150756000;3.31;669.26
1380556833984591;56.7;30.2;Fri Jul 26 2019 16:20:26 GMT+0200 (CEST);Fri Jul 26 2019 14:20:26 GMT+0200 (CEST);1564150826000;3.28;673.73
1380556833984591;57.2;30.9;Fri Jul 26 2019 16:21:48 GMT+0200 (CEST);Fri Jul 26 2019 14:21:48 GMT+0200 (CEST);1564150908000;3.23;676.51
1380556833984591;57.2;30.2;Fri Jul 26 2019 16:23:02 GMT+0200 (CEST);Fri Jul 26 2019 14:23:02 GMT+0200 (CEST);1564150982000;3.32;671.85
1380556833984591;57.2;30.3;Fri Jul 26 2019 16:24:17 GMT+0200 (CEST);Fri Jul 26 2019 14:24:17 GMT+0200 (CEST);1564151057000;3.2;656.28
1380556833984591;57.2;30.5;Fri Jul 26 2019 16:25:37 GMT+0200 (CEST);Fri Jul 26 2019 14:25:37 GMT+0200 (CEST);1564151137000;3.19;664.48
1380556833984591;57.2;30.6;Fri Jul 26 2019 16:27:04 GMT+0200 (CEST);Fri Jul 26 2019 14:27:04 GMT+0200 (CEST);1564151224000;3.14;647.67
1380556833984591;57.2;30.6;Fri Jul 26 2019 16:28:32 GMT+0200 (CEST);Fri Jul 26 2019 14:28:32 GMT+0200 (CEST);1564151312000;3.05;629.75
1380556833984591;57.2;30.6;Fri Jul 26 2019 16:30:00 GMT+0200 (CEST);Fri Jul 26 2019 14:30:00 GMT+0200 (CEST);1564151400000;3.1;642.55
1380556833984591;57.2;30.5;Fri Jul 26 2019 16:31:26 GMT+0200 (CEST);Fri Jul 26 2019 14:31:26 GMT+0200 (CEST);1564151486000;3.12;645.11
1380556833984591;57.2;30.4;Fri Jul 26 2019 16:32:48 GMT+0200 (CEST);Fri Jul 26 2019 14:32:48 GMT+0200 (CEST);1564151568000;3.18;650.23
1380556833984591;57.2;30.5;Fri Jul 26 2019 16:34:09 GMT+0200 (CEST);Fri Jul 26 2019 14:34:09 GMT+0200 (CEST);1564151649000;3.21;642.55
1380556833984591;57.2;30.2;Fri Jul 26 2019 16:35:24 GMT+0200 (CEST);Fri Jul 26 2019 14:35:24 GMT+0200 (CEST);1564151724000;3.13;634.87
1380556833984591;56.7;30.3;Fri Jul 26 2019 16:36:45 GMT+0200 (CEST);Fri Jul 26 2019 14:36:45 GMT+0200 (CEST);1564151805000;3.21;629.75
1380556833984591;56.7;29.5;Fri Jul 26 2019 16:38:03 GMT+0200 (CEST);Fri Jul 26 2019 14:38:03 GMT+0200 (CEST);1564151883000;3.21;629.75
1380556833984591;56.7;30.1;Fri Jul 26 2019 16:39:22 GMT+0200 (CEST);Fri Jul 26 2019 14:39:22 GMT+0200 (CEST);1564151962000;3.14;622.07
1380556833984591;56.7;29.8;Fri Jul 26 2019 16:40:43 GMT+0200 (CEST);Fri Jul 26 2019 14:40:43 GMT+0200 (CEST);1564152043000;3.11;616.95
1380556833984591;56.7;29.8;Fri Jul 26 2019 16:42:01 GMT+0200 (CEST);Fri Jul 26 2019 14:42:01 GMT+0200 (CEST);1564152121000;3.15;611.83
1380556833984591;56.7;29.6;Fri Jul 26 2019 16:43:10 GMT+0200 (CEST);Fri Jul 26 2019 14:43:10 GMT+0200 (CEST);1564152190000;3.1;609.27
1380556833984591;56.7;30.1;Fri Jul 26 2019 16:44:26 GMT+0200 (CEST);Fri Jul 26 2019 14:44:26 GMT+0200 (CEST);1564152266000;3.05;604.15
1380556833984591;56.7;29.6;Fri Jul 26 2019 16:45:42 GMT+0200 (CEST);Fri Jul 26 2019 14:45:42 GMT+0200 (CEST);1564152342000;3.1;606.71
1380556833984591;55.2;29.7;Fri Jul 26 2019 16:47:02 GMT+0200 (CEST);Fri Jul 26 2019 14:47:02 GMT+0200 (CEST);1564152422000;3.05;599.03
1380556833984591;55.2;29.8;Fri Jul 26 2019 16:48:09 GMT+0200 (CEST);Fri Jul 26 2019 14:48:09 GMT+0200 (CEST);1564152489000;3.04;599.03
1380556833984591;55.2;29.6;Fri Jul 26 2019 16:49:28 GMT+0200 (CEST);Fri Jul 26 2019 14:49:28 GMT+0200 (CEST);1564152568000;2.95;560.63
1380556833984591;55.2;29.7;Fri Jul 26 2019 16:50:47 GMT+0200 (CEST);Fri Jul 26 2019 14:50:47 GMT+0200 (CEST);1564152647000;2.91;568.31
1380556833984591;55.2;29.9;Fri Jul 26 2019 16:52:04 GMT+0200 (CEST);Fri Jul 26 2019 14:52:04 GMT+0200 (CEST);1564152724000;2.97;586.23
1380556833984591;55.2;29.9;Fri Jul 26 2019 16:53:28 GMT+0200 (CEST);Fri Jul 26 2019 14:53:28 GMT+0200 (CEST);1564152808000;2.89;573.43
1380556833984591;55.2;30.3;Fri Jul 26 2019 16:54:54 GMT+0200 (CEST);Fri Jul 26 2019 14:54:54 GMT+0200 (CEST);1564152894000;2.82;568.31
1380556833984591;55.2;30.6;Fri Jul 26 2019 16:56:14 GMT+0200 (CEST);Fri Jul 26 2019 14:56:14 GMT+0200 (CEST);1564152974000;2.82;565.75
1380556833984591;55.2;30.9;Fri Jul 26 2019 16:57:33 GMT+0200 (CEST);Fri Jul 26 2019 14:57:33 GMT+0200 (CEST);1564153053000;2.88;565.75
1380556833984591;55.2;29.8;Fri Jul 26 2019 16:58:49 GMT+0200 (CEST);Fri Jul 26 2019 14:58:49 GMT+0200 (CEST);1564153129000;2.89;565.75
1380556833984591;54.7;29.8;Fri Jul 26 2019 17:00:05 GMT+0200 (CEST);Fri Jul 26 2019 15:00:05 GMT+0200 (CEST);1564153205000;2.97;581.11
1380556833984591;54.7;29.8;Fri Jul 26 2019 17:01:25 GMT+0200 (CEST);Fri Jul 26 2019 15:01:25 GMT+0200 (CEST);1564153285000;2.97;581.11
1380556833984591;54.7;29.9;Fri Jul 26 2019 17:02:41 GMT+0200 (CEST);Fri Jul 26 2019 15:02:41 GMT+0200 (CEST);1564153361000;2.95;586.23
1380556833984591;54.7;29.9;Fri Jul 26 2019 17:04:08 GMT+0200 (CEST);Fri Jul 26 2019 15:04:08 GMT+0200 (CEST);1564153448000;2.95;581.11
1380556833984591;54.7;30;Fri Jul 26 2019 17:05:30 GMT+0200 (CEST);Fri Jul 26 2019 15:05:30 GMT+0200 (CEST);1564153530000;2.92;565.75
1380556833984591;54.7;29.7;Fri Jul 26 2019 17:06:50 GMT+0200 (CEST);Fri Jul 26 2019 15:06:50 GMT+0200 (CEST);1564153610000;2.88;560.63
1380556833984591;54.7;29.8;Fri Jul 26 2019 17:08:06 GMT+0200 (CEST);Fri Jul 26 2019 15:08:06 GMT+0200 (CEST);1564153686000;2.83;550.39
1380556833984591;53.2;29.8;Fri Jul 26 2019 17:09:33 GMT+0200 (CEST);Fri Jul 26 2019 15:09:33 GMT+0200 (CEST);1564153773000;2.78;547.83
1380556833984591;53.2;30.2;Fri Jul 26 2019 17:10:55 GMT+0200 (CEST);Fri Jul 26 2019 15:10:55 GMT+0200 (CEST);1564153855000;2.71;565.75
1380556833984591;53.2;31.5;Fri Jul 26 2019 17:12:18 GMT+0200 (CEST);Fri Jul 26 2019 15:12:18 GMT+0200 (CEST);1564153938000;2.68;552.95
1380556833984591;53.2;30.7;Fri Jul 26 2019 17:13:41 GMT+0200 (CEST);Fri Jul 26 2019 15:13:41 GMT+0200 (CEST);1564154021000;2.59;517.11
1380556833984591;53.2;31;Fri Jul 26 2019 17:14:55 GMT+0200 (CEST);Fri Jul 26 2019 15:14:55 GMT+0200 (CEST);1564154095000;2.41;496.63
1380556833984591;53.2;31;Fri Jul 26 2019 17:16:11 GMT+0200 (CEST);Fri Jul 26 2019 15:16:11 GMT+0200 (CEST);1564154171000;2.43;509.43
1380556833984591;53.2;31.5;Fri Jul 26 2019 17:17:33 GMT+0200 (CEST);Fri Jul 26 2019 15:17:33 GMT+0200 (CEST);1564154253000;2.45;506.87
1380556833984591;52.7;31.4;Fri Jul 26 2019 17:19:00 GMT+0200 (CEST);Fri Jul 26 2019 15:19:00 GMT+0200 (CEST);1564154340000;2.44;496.63
1380556833984591;52.7;31.1;Fri Jul 26 2019 17:20:21 GMT+0200 (CEST);Fri Jul 26 2019 15:20:21 GMT+0200 (CEST);1564154421000;2.24;427.51
1380556833984591;52.7;30.8;Fri Jul 26 2019 17:21:52 GMT+0200 (CEST);Fri Jul 26 2019 15:21:52 GMT+0200 (CEST);1564154512000;2.09;396.79
1380556833984591;52.7;29.7;Fri Jul 26 2019 17:23:27 GMT+0200 (CEST);Fri Jul 26 2019 15:23:27 GMT+0200 (CEST);1564154607000;0.86;181.37
1380556833984591;51.2;30.2;Fri Jul 26 2019 17:24:50 GMT+0200 (CEST);Fri Jul 26 2019 15:24:50 GMT+0200 (CEST);1564154690000;1.42;225.07
1380556833984591;51.2;31.3;Fri Jul 26 2019 17:26:12 GMT+0200 (CEST);Fri Jul 26 2019 15:26:12 GMT+0200 (CEST);1564154772000;2.16;455.67
1380556833984591;51.2;31.5;Fri Jul 26 2019 17:27:56 GMT+0200 (CEST);Fri Jul 26 2019 15:27:56 GMT+0200 (CEST);1564154876000;2.3;468.47
1380556833984591;51.2;31.3;Fri Jul 26 2019 17:29:10 GMT+0200 (CEST);Fri Jul 26 2019 15:29:10 GMT+0200 (CEST);1564154950000;2.35;471.03
1380556833984591;51.2;31.3;Fri Jul 26 2019 17:30:26 GMT+0200 (CEST);Fri Jul 26 2019 15:30:26 GMT+0200 (CEST);1564155026000;2.27;463.35
1380556833984591;51.2;31.7;Fri Jul 26 2019 17:31:49 GMT+0200 (CEST);Fri Jul 26 2019 15:31:49 GMT+0200 (CEST);1564155109000;2.17;437.75
1380556833984591;50.7;31;Fri Jul 26 2019 17:33:42 GMT+0200 (CEST);Fri Jul 26 2019 15:33:42 GMT+0200 (CEST);1564155222000;2.15;427.51
1380556833984591;50.7;30.7;Fri Jul 26 2019 17:35:03 GMT+0200 (CEST);Fri Jul 26 2019 15:35:03 GMT+0200 (CEST);1564155303000;2.17;432.63
1380556833984591;50.7;30.9;Fri Jul 26 2019 17:36:28 GMT+0200 (CEST);Fri Jul 26 2019 15:36:28 GMT+0200 (CEST);1564155388000;2.17;432.63
1380556833984591;50.7;31.6;Fri Jul 26 2019 17:37:40 GMT+0200 (CEST);Fri Jul 26 2019 15:37:40 GMT+0200 (CEST);1564155460000;2.09;424.95
1380556833984591;50.7;31.6;Fri Jul 26 2019 17:38:47 GMT+0200 (CEST);Fri Jul 26 2019 15:38:47 GMT+0200 (CEST);1564155527000;2.06;422.39
1380556833984591;50.7;31.8;Fri Jul 26 2019 17:40:02 GMT+0200 (CEST);Fri Jul 26 2019 15:40:02 GMT+0200 (CEST);1564155602000;1.98;412.15
1380556833984591;50.7;31.4;Fri Jul 26 2019 17:41:22 GMT+0200 (CEST);Fri Jul 26 2019 15:41:22 GMT+0200 (CEST);1564155682000;1.23;159.68
1380556833984591;50.7;29.7;Fri Jul 26 2019 17:42:44 GMT+0200 (CEST);Fri Jul 26 2019 15:42:44 GMT+0200 (CEST);1564155764000;0.74;154.34
1380556833984591;48.2;29.7;Fri Jul 26 2019 17:44:09 GMT+0200 (CEST);Fri Jul 26 2019 15:44:09 GMT+0200 (CEST);1564155849000;0.76;159.17
1380556833984591;48.2;29.9;Fri Jul 26 2019 17:45:31 GMT+0200 (CEST);Fri Jul 26 2019 15:45:31 GMT+0200 (CEST);1564155931000;0.78;166.15
1380556833984591;48.2;30.1;Fri Jul 26 2019 17:46:47 GMT+0200 (CEST);Fri Jul 26 2019 15:46:47 GMT+0200 (CEST);1564156007000;0.81;169.19
1380556833984591;48.2;30.3;Fri Jul 26 2019 17:48:03 GMT+0200 (CEST);Fri Jul 26 2019 15:48:03 GMT+0200 (CEST);1564156083000;0.83;210.78
1380556833984591;48.2;31.5;Fri Jul 26 2019 17:49:25 GMT+0200 (CEST);Fri Jul 26 2019 15:49:25 GMT+0200 (CEST);1564156165000;1.35;209.94
1380556833984591;48.2;31.9;Fri Jul 26 2019 17:50:44 GMT+0200 (CEST);Fri Jul 26 2019 15:50:44 GMT+0200 (CEST);1564156244000;0.79;161.92
1380556833984591;48.2;30.2;Fri Jul 26 2019 17:52:12 GMT+0200 (CEST);Fri Jul 26 2019 15:52:12 GMT+0200 (CEST);1564156332000;0.72;152.52
1380556833984591;47.2;30.2;Fri Jul 26 2019 17:53:28 GMT+0200 (CEST);Fri Jul 26 2019 15:53:28 GMT+0200 (CEST);1564156408000;0.7;149.71
1380556833984591;47.2;30.4;Fri Jul 26 2019 17:54:57 GMT+0200 (CEST);Fri Jul 26 2019 15:54:57 GMT+0200 (CEST);1564156497000;0.68;145.49
1380556833984591;47.2;30.4;Fri Jul 26 2019 17:56:15 GMT+0200 (CEST);Fri Jul 26 2019 15:56:15 GMT+0200 (CEST);1564156575000;0.65;140.5
1380556833984591;47.2;30.3;Fri Jul 26 2019 17:57:54 GMT+0200 (CEST);Fri Jul 26 2019 15:57:54 GMT+0200 (CEST);1564156674000;0.64;137.14
1380556833984591;46.7;30.4;Fri Jul 26 2019 17:59:14 GMT+0200 (CEST);Fri Jul 26 2019 15:59:14 GMT+0200 (CEST);1564156754000;0.63;135.98
1380556833984591;46.7;30.4;Fri Jul 26 2019 18:00:24 GMT+0200 (CEST);Fri Jul 26 2019 16:00:24 GMT+0200 (CEST);1564156824000;0.64;142.41
1380556833984591;45.2;31.9;Fri Jul 26 2019 18:03:33 GMT+0200 (CEST);Fri Jul 26 2019 16:03:33 GMT+0200 (CEST);1564157013000;1.1;237.42
1380556833984591;45.2;31.9;Fri Jul 26 2019 18:05:04 GMT+0200 (CEST);Fri Jul 26 2019 16:05:04 GMT+0200 (CEST);1564157104000;0.99;197.55
1380556833984591;45.2;31.4;Fri Jul 26 2019 18:06:49 GMT+0200 (CEST);Fri Jul 26 2019 16:06:49 GMT+0200 (CEST);1564157209000;1;207.65
1380556833984591;44.7;31.5;Fri Jul 26 2019 18:08:38 GMT+0200 (CEST);Fri Jul 26 2019 16:08:38 GMT+0200 (CEST);1564157318000;1.03;213.28
1380556833984591;44.7;31.3;Fri Jul 26 2019 18:10:11 GMT+0200 (CEST);Fri Jul 26 2019 16:10:11 GMT+0200 (CEST);1564157411000;1.02;203.1
1380556833984591;44.7;31.8;Fri Jul 26 2019 18:11:33 GMT+0200 (CEST);Fri Jul 26 2019 16:11:33 GMT+0200 (CEST);1564157493000;0.96;205.54
1380556833984591;44.7;31.9;Fri Jul 26 2019 18:13:00 GMT+0200 (CEST);Fri Jul 26 2019 16:13:00 GMT+0200 (CEST);1564157580000;1.02;213.95
1380556833984591;44.7;31.6;Fri Jul 26 2019 18:14:37 GMT+0200 (CEST);Fri Jul 26 2019 16:14:37 GMT+0200 (CEST);1564157677000;1.05;217.39
1380556833984591;44.7;32;Fri Jul 26 2019 18:16:13 GMT+0200 (CEST);Fri Jul 26 2019 16:16:13 GMT+0200 (CEST);1564157773000;1.08;219.26
1380556833984591;44.7;32.3;Fri Jul 26 2019 18:17:39 GMT+0200 (CEST);Fri Jul 26 2019 16:17:39 GMT+0200 (CEST);1564157859000;0.95;197.23
1380556833984591;44.7;32;Fri Jul 26 2019 18:18:58 GMT+0200 (CEST);Fri Jul 26 2019 16:18:58 GMT+0200 (CEST);1564157938000;1.02;198.24
1380556833984591;44.7;32.3;Fri Jul 26 2019 18:20:20 GMT+0200 (CEST);Fri Jul 26 2019 16:20:20 GMT+0200 (CEST);1564158020000;1.1;166.56
1380556833984591;44.7;32.1;Fri Jul 26 2019 18:21:59 GMT+0200 (CEST);Fri Jul 26 2019 16:21:59 GMT+0200 (CEST);1564158119000;1.04;145.01
1380556833984591;44.7;31.9;Fri Jul 26 2019 18:23:44 GMT+0200 (CEST);Fri Jul 26 2019 16:23:44 GMT+0200 (CEST);1564158224000;1.01;138.7
1380556833984591;44.7;31.3;Fri Jul 26 2019 18:26:13 GMT+0200 (CEST);Fri Jul 26 2019 16:26:13 GMT+0200 (CEST);1564158373000;0.69;128.73
1380556833984591;44.7;30.4;Fri Jul 26 2019 18:28:24 GMT+0200 (CEST);Fri Jul 26 2019 16:28:24 GMT+0200 (CEST);1564158504000;0.63;126.31
1380556833984591;44.7;31;Fri Jul 26 2019 18:29:46 GMT+0200 (CEST);Fri Jul 26 2019 16:29:46 GMT+0200 (CEST);1564158586000;0.69;127.15
1380556833984591;44.7;31.5;Fri Jul 26 2019 18:31:14 GMT+0200 (CEST);Fri Jul 26 2019 16:31:14 GMT+0200 (CEST);1564158674000;0.67;127.4
1380556833984591;44.7;30.8;Fri Jul 26 2019 18:32:31 GMT+0200 (CEST);Fri Jul 26 2019 16:32:31 GMT+0200 (CEST);1564158751000;0.64;128.7
1380556833984591;44.7;30.7;Fri Jul 26 2019 18:33:55 GMT+0200 (CEST);Fri Jul 26 2019 16:33:55 GMT+0200 (CEST);1564158835000;0.71;129.85
1380556833984591;44.7;31.7;Fri Jul 26 2019 18:35:27 GMT+0200 (CEST);Fri Jul 26 2019 16:35:27 GMT+0200 (CEST);1564158927000;0.91;133.69
1380556833984591;43.1;31.8;Fri Jul 26 2019 18:36:54 GMT+0200 (CEST);Fri Jul 26 2019 16:36:54 GMT+0200 (CEST);1564159014000;0.94;134.28
1380556833984591;43.1;32.1;Fri Jul 26 2019 18:38:28 GMT+0200 (CEST);Fri Jul 26 2019 16:38:28 GMT+0200 (CEST);1564159108000;0.95;134.83
1380556833984591;43.1;31.8;Fri Jul 26 2019 18:40:25 GMT+0200 (CEST);Fri Jul 26 2019 16:40:25 GMT+0200 (CEST);1564159225000;0.92;133.65
1380556833984591;44.7;32.1;Fri Jul 26 2019 18:42:12 GMT+0200 (CEST);Fri Jul 26 2019 16:42:12 GMT+0200 (CEST);1564159332000;1.02;135.75
1380556833984591;44.7;32.1;Fri Jul 26 2019 18:43:28 GMT+0200 (CEST);Fri Jul 26 2019 16:43:28 GMT+0200 (CEST);1564159408000;1.04;139.42
1380556833984591;44.7;32.7;Fri Jul 26 2019 18:44:38 GMT+0200 (CEST);Fri Jul 26 2019 16:44:38 GMT+0200 (CEST);1564159478000;1.03;142.58
1380556833984591;43.6;32.6;Fri Jul 26 2019 18:45:52 GMT+0200 (CEST);Fri Jul 26 2019 16:45:52 GMT+0200 (CEST);1564159552000;1.04;143.08
1380556833984591;43.6;32.2;Fri Jul 26 2019 18:47:22 GMT+0200 (CEST);Fri Jul 26 2019 16:47:22 GMT+0200 (CEST);1564159642000;0.93;140.65
1380556833984591;43.6;31.3;Fri Jul 26 2019 18:49:15 GMT+0200 (CEST);Fri Jul 26 2019 16:49:15 GMT+0200 (CEST);1564159755000;0.7;139.21
1380556833984591;43.1;30.8;Fri Jul 26 2019 18:50:43 GMT+0200 (CEST);Fri Jul 26 2019 16:50:43 GMT+0200 (CEST);1564159843000;0.69;139.3
1380556833984591;43.1;31.2;Fri Jul 26 2019 18:52:15 GMT+0200 (CEST);Fri Jul 26 2019 16:52:15 GMT+0200 (CEST);1564159935000;0.75;138.63
1380556833984591;43.1;32.1;Fri Jul 26 2019 18:53:49 GMT+0200 (CEST);Fri Jul 26 2019 16:53:49 GMT+0200 (CEST);1564160029000;0.86;138.4
1380556833984591;43.1;32.2;Fri Jul 26 2019 18:55:03 GMT+0200 (CEST);Fri Jul 26 2019 16:55:03 GMT+0200 (CEST);1564160103000;0.77;135.26
1380556833984591;43.1;31.8;Fri Jul 26 2019 18:56:28 GMT+0200 (CEST);Fri Jul 26 2019 16:56:28 GMT+0200 (CEST);1564160188000;0.82;133.32
1380556833984591;43.1;31.5;Fri Jul 26 2019 18:58:12 GMT+0200 (CEST);Fri Jul 26 2019 16:58:12 GMT+0200 (CEST);1564160292000;0.65;130.23
1380556833984591;43.1;31.1;Fri Jul 26 2019 18:59:31 GMT+0200 (CEST);Fri Jul 26 2019 16:59:31 GMT+0200 (CEST);1564160371000;0.7;127.11
1380556833984591;43.1;31.1;Fri Jul 26 2019 19:00:51 GMT+0200 (CEST);Fri Jul 26 2019 17:00:51 GMT+0200 (CEST);1564160451000;0.64;121.29
1380556833984591;43.1;31.1;Fri Jul 26 2019 19:02:26 GMT+0200 (CEST);Fri Jul 26 2019 17:02:26 GMT+0200 (CEST);1564160546000;0.66;118.91
1380556833984591;43.1;31.3;Fri Jul 26 2019 19:03:55 GMT+0200 (CEST);Fri Jul 26 2019 17:03:55 GMT+0200 (CEST);1564160635000;0.64;117.93
1380556833984591;42.6;31.1;Fri Jul 26 2019 19:05:23 GMT+0200 (CEST);Fri Jul 26 2019 17:05:23 GMT+0200 (CEST);1564160723000;0.61;115.71
1380556833984591;42.6;31.2;Fri Jul 26 2019 19:06:52 GMT+0200 (CEST);Fri Jul 26 2019 17:06:52 GMT+0200 (CEST);1564160812000;0.62;114.58
1380556833984591;42.6;31.5;Fri Jul 26 2019 19:08:46 GMT+0200 (CEST);Fri Jul 26 2019 17:08:46 GMT+0200 (CEST);1564160926000;0.59;108.97
1380556833984591;42.6;31.2;Fri Jul 26 2019 19:10:29 GMT+0200 (CEST);Fri Jul 26 2019 17:10:29 GMT+0200 (CEST);1564161029000;0.54;102.7
1380556833984591;42.6;31.1;Fri Jul 26 2019 19:12:02 GMT+0200 (CEST);Fri Jul 26 2019 17:12:02 GMT+0200 (CEST);1564161122000;0.49;98.76
1380556833984591;42.6;30.7;Fri Jul 26 2019 19:13:52 GMT+0200 (CEST);Fri Jul 26 2019 17:13:52 GMT+0200 (CEST);1564161232000;0.47;97.73
1380556833984591;41.1;30.6;Fri Jul 26 2019 19:15:36 GMT+0200 (CEST);Fri Jul 26 2019 17:15:36 GMT+0200 (CEST);1564161336000;0.45;95.61
1380556833984591;41.1;30.6;Fri Jul 26 2019 19:17:05 GMT+0200 (CEST);Fri Jul 26 2019 17:17:05 GMT+0200 (CEST);1564161425000;0.42;90.64
1380556833984591;41.1;30.4;Fri Jul 26 2019 19:18:41 GMT+0200 (CEST);Fri Jul 26 2019 17:18:41 GMT+0200 (CEST);1564161521000;0.39;84.57
1380556833984591;40.6;30.3;Fri Jul 26 2019 19:20:00 GMT+0200 (CEST);Fri Jul 26 2019 17:20:00 GMT+0200 (CEST);1564161600000;0.36;77.36
1380556833984591;40.6;30.1;Fri Jul 26 2019 19:21:22 GMT+0200 (CEST);Fri Jul 26 2019 17:21:22 GMT+0200 (CEST);1564161682000;0.34;75.83
1380556833984591;40.6;30.2;Fri Jul 26 2019 19:22:57 GMT+0200 (CEST);Fri Jul 26 2019 17:22:57 GMT+0200 (CEST);1564161777000;0.32;72
1380556833984591;39.1;30.1;Fri Jul 26 2019 19:24:21 GMT+0200 (CEST);Fri Jul 26 2019 17:24:21 GMT+0200 (CEST);1564161861000;0.32;71.23
1380556833984591;39.1;30.3;Fri Jul 26 2019 19:26:09 GMT+0200 (CEST);Fri Jul 26 2019 17:26:09 GMT+0200 (CEST);1564161969000;0.3;69.17
1380556833984591;39.1;30.2;Fri Jul 26 2019 19:27:30 GMT+0200 (CEST);Fri Jul 26 2019 17:27:30 GMT+0200 (CEST);1564162050000;0.29;67.4
1380556833984591;39.1;30.2;Fri Jul 26 2019 19:29:20 GMT+0200 (CEST);Fri Jul 26 2019 17:29:20 GMT+0200 (CEST);1564162160000;0.28;64.69
1380556833984591;39.1;30.4;Fri Jul 26 2019 19:30:39 GMT+0200 (CEST);Fri Jul 26 2019 17:30:39 GMT+0200 (CEST);1564162239000;0.29;64.53
1380556833984591;39.1;30.4;Fri Jul 26 2019 19:32:04 GMT+0200 (CEST);Fri Jul 26 2019 17:32:04 GMT+0200 (CEST);1564162324000;0.28;64.1
1380556833984591;38.6;30.4;Fri Jul 26 2019 19:33:36 GMT+0200 (CEST);Fri Jul 26 2019 17:33:36 GMT+0200 (CEST);1564162416000;0.26;62.44
1380556833984591;38.6;30.2;Fri Jul 26 2019 19:36:47 GMT+0200 (CEST);Fri Jul 26 2019 17:36:47 GMT+0200 (CEST);1564162607000;0.24;57.63
1380556833984591;38.6;30;Fri Jul 26 2019 19:40:11 GMT+0200 (CEST);Fri Jul 26 2019 17:40:11 GMT+0200 (CEST);1564162811000;0.21;53.46
1380556833984591;38.6;30;Fri Jul 26 2019 19:42:31 GMT+0200 (CEST);Fri Jul 26 2019 17:42:31 GMT+0200 (CEST);1564162951000;0.2;51.27
1380556833984591;38.6;30.1;Fri Jul 26 2019 19:45:38 GMT+0200 (CEST);Fri Jul 26 2019 17:45:38 GMT+0200 (CEST);1564163138000;0.19;49.28
1380556833984591;38.6;30;Fri Jul 26 2019 19:47:17 GMT+0200 (CEST);Fri Jul 26 2019 17:47:17 GMT+0200 (CEST);1564163237000;0.18;47.93
1380556833984591;37.1;29.8;Fri Jul 26 2019 19:48:39 GMT+0200 (CEST);Fri Jul 26 2019 17:48:39 GMT+0200 (CEST);1564163319000;0.18;47.18
1380556833984591;37.1;29.8;Fri Jul 26 2019 19:50:51 GMT+0200 (CEST);Fri Jul 26 2019 17:50:51 GMT+0200 (CEST);1564163451000;0.17;45.27
1380556833984591;37.1;29.8;Fri Jul 26 2019 19:52:41 GMT+0200 (CEST);Fri Jul 26 2019 17:52:41 GMT+0200 (CEST);1564163561000;0.17;44.48
1380556833984591;37.1;29.9;Fri Jul 26 2019 19:56:07 GMT+0200 (CEST);Fri Jul 26 2019 17:56:07 GMT+0200 (CEST);1564163767000;0.16;43.98
1380556833984591;37.1;29.9;Fri Jul 26 2019 19:57:45 GMT+0200 (CEST);Fri Jul 26 2019 17:57:45 GMT+0200 (CEST);1564163865000;0.15;42.13
1380556833984591;36.6;29.6;Fri Jul 26 2019 19:59:57 GMT+0200 (CEST);Fri Jul 26 2019 17:59:57 GMT+0200 (CEST);1564163997000;0.15;41.46
1380556833984591;36.6;29.9;Fri Jul 26 2019 20:01:49 GMT+0200 (CEST);Fri Jul 26 2019 18:01:49 GMT+0200 (CEST);1564164109000;0.14;40.44
1380556833984591;37.1;29.8;Fri Jul 26 2019 20:03:01 GMT+0200 (CEST);Fri Jul 26 2019 18:03:01 GMT+0200 (CEST);1564164181000;0.14;40.34
1380556833984591;37.1;29.6;Fri Jul 26 2019 20:04:21 GMT+0200 (CEST);Fri Jul 26 2019 18:04:21 GMT+0200 (CEST);1564164261000;0.14;40.34
1380556833984591;37.1;29.5;Fri Jul 26 2019 20:06:07 GMT+0200 (CEST);Fri Jul 26 2019 18:06:07 GMT+0200 (CEST);1564164367000;0.14;39.72
1380556833984591;36.6;29.5;Fri Jul 26 2019 20:07:36 GMT+0200 (CEST);Fri Jul 26 2019 18:07:36 GMT+0200 (CEST);1564164456000;0.14;39.49
1380556833984591;36.6;29.5;Fri Jul 26 2019 20:09:12 GMT+0200 (CEST);Fri Jul 26 2019 18:09:12 GMT+0200 (CEST);1564164552000;0.13;38.72
1380556833984591;36.6;29.7;Fri Jul 26 2019 20:10:42 GMT+0200 (CEST);Fri Jul 26 2019 18:10:42 GMT+0200 (CEST);1564164642000;0.13;37.27
1380556833984591;35.6;29.7;Fri Jul 26 2019 20:16:31 GMT+0200 (CEST);Fri Jul 26 2019 18:16:31 GMT+0200 (CEST);1564164991000;0.11;34.12
1380556833984591;35.1;29.2;Fri Jul 26 2019 20:20:23 GMT+0200 (CEST);Fri Jul 26 2019 18:20:23 GMT+0200 (CEST);1564165223000;0.1;31.74
1380556833984591;35.1;29.7;Fri Jul 26 2019 20:22:07 GMT+0200 (CEST);Fri Jul 26 2019 18:22:07 GMT+0200 (CEST);1564165327000;0.1;30.49
1380556833984591;35.1;29.2;Fri Jul 26 2019 20:23:45 GMT+0200 (CEST);Fri Jul 26 2019 18:23:45 GMT+0200 (CEST);1564165425000;0.09;29.4
1380556833984591;35.1;29.3;Fri Jul 26 2019 20:27:02 GMT+0200 (CEST);Fri Jul 26 2019 18:27:02 GMT+0200 (CEST);1564165622000;0.07;25.89
1380556833984591;35.1;29.2;Fri Jul 26 2019 20:28:38 GMT+0200 (CEST);Fri Jul 26 2019 18:28:38 GMT+0200 (CEST);1564165718000;0.06;25.63
1380556833984591;35.1;28.6;Fri Jul 26 2019 20:30:02 GMT+0200 (CEST);Fri Jul 26 2019 18:30:02 GMT+0200 (CEST);1564165802000;0.06;24.24
1380556833984591;34.6;28.7;Fri Jul 26 2019 20:31:50 GMT+0200 (CEST);Fri Jul 26 2019 18:31:50 GMT+0200 (CEST);1564165910000;0.05;21.79
1380556833984591;34.6;28.8;Fri Jul 26 2019 20:33:03 GMT+0200 (CEST);Fri Jul 26 2019 18:33:03 GMT+0200 (CEST);1564165983000;0.04;20.6
1380556833984591;34.6;28.7;Fri Jul 26 2019 20:34:42 GMT+0200 (CEST);Fri Jul 26 2019 18:34:42 GMT+0200 (CEST);1564166082000;0.04;19.46
1380556833984591;29;33;Sat Jul 27 2019 08:32:34 GMT+0200 (CEST);Sat Jul 27 2019 06:32:34 GMT+0200 (CEST);1564209154000;1.23;234.96
1380556833984591;32.1;32.7;Sat Jul 27 2019 09:06:31 GMT+0200 (CEST);Sat Jul 27 2019 07:06:31 GMT+0200 (CEST);1564211191000;0.98;205.66
1380556833984591;32.1;32.8;Sat Jul 27 2019 09:07:49 GMT+0200 (CEST);Sat Jul 27 2019 07:07:49 GMT+0200 (CEST);1564211269000;1.01;212.88
1380556833984591;32.1;32.8;Sat Jul 27 2019 09:09:01 GMT+0200 (CEST);Sat Jul 27 2019 07:09:01 GMT+0200 (CEST);1564211341000;1.02;214.62
1380556833984591;32.1;32.8;Sat Jul 27 2019 09:10:16 GMT+0200 (CEST);Sat Jul 27 2019 07:10:16 GMT+0200 (CEST);1564211416000;1.14;235.83
1380556833984591;32.1;33;Sat Jul 27 2019 09:11:29 GMT+0200 (CEST);Sat Jul 27 2019 07:11:29 GMT+0200 (CEST);1564211489000;1.24;254.24
1380556833984591;32.1;33;Sat Jul 27 2019 09:12:42 GMT+0200 (CEST);Sat Jul 27 2019 07:12:42 GMT+0200 (CEST);1564211562000;1.02;221.19
1380556833984591;32.1;32.8;Sat Jul 27 2019 09:14:31 GMT+0200 (CEST);Sat Jul 27 2019 07:14:31 GMT+0200 (CEST);1564211671000;0.95;202.4
1380556833984591;32.1;32.8;Sat Jul 27 2019 09:16:00 GMT+0200 (CEST);Sat Jul 27 2019 07:16:00 GMT+0200 (CEST);1564211760000;0.95;200.99
1380556833984591;32.1;32.8;Sat Jul 27 2019 09:17:13 GMT+0200 (CEST);Sat Jul 27 2019 07:17:13 GMT+0200 (CEST);1564211833000;0.96;203.28
1380556833984591;32.1;32.8;Sat Jul 27 2019 09:18:25 GMT+0200 (CEST);Sat Jul 27 2019 07:18:25 GMT+0200 (CEST);1564211905000;0.97;205.47
1380556833984591;32.1;32.7;Sat Jul 27 2019 09:19:38 GMT+0200 (CEST);Sat Jul 27 2019 07:19:38 GMT+0200 (CEST);1564211978000;0.99;210
1380556833984591;32.1;32.8;Sat Jul 27 2019 09:20:52 GMT+0200 (CEST);Sat Jul 27 2019 07:20:52 GMT+0200 (CEST);1564212052000;1.02;216.23
1380556833984591;32.1;32.8;Sat Jul 27 2019 09:22:06 GMT+0200 (CEST);Sat Jul 27 2019 07:22:06 GMT+0200 (CEST);1564212126000;1.05;222.51
1380556833984591;32.1;33;Sat Jul 27 2019 09:23:19 GMT+0200 (CEST);Sat Jul 27 2019 07:23:19 GMT+0200 (CEST);1564212199000;1.11;233.47
1380556833984591;32.1;33;Sat Jul 27 2019 09:24:32 GMT+0200 (CEST);Sat Jul 27 2019 07:24:32 GMT+0200 (CEST);1564212272000;1.18;249.13
1380556833984591;32.1;33;Sat Jul 27 2019 09:25:46 GMT+0200 (CEST);Sat Jul 27 2019 07:25:46 GMT+0200 (CEST);1564212346000;1.22;256.69
1380556833984591;32.1;33;Sat Jul 27 2019 09:26:59 GMT+0200 (CEST);Sat Jul 27 2019 07:26:59 GMT+0200 (CEST);1564212419000;1.29;270.65
1380556833984591;32.1;33;Sat Jul 27 2019 09:28:11 GMT+0200 (CEST);Sat Jul 27 2019 07:28:11 GMT+0200 (CEST);1564212491000;1.35;286.33
1380556833984591;32.1;33;Sat Jul 27 2019 09:29:25 GMT+0200 (CEST);Sat Jul 27 2019 07:29:25 GMT+0200 (CEST);1564212565000;1.37;285.23
1380556833984591;32.1;33;Sat Jul 27 2019 09:30:38 GMT+0200 (CEST);Sat Jul 27 2019 07:30:38 GMT+0200 (CEST);1564212638000;1.38;289.38
1380556833984591;32.1;33;Sat Jul 27 2019 09:31:51 GMT+0200 (CEST);Sat Jul 27 2019 07:31:51 GMT+0200 (CEST);1564212711000;1.37;288.1
1380556833984591;32.1;33;Sat Jul 27 2019 09:33:04 GMT+0200 (CEST);Sat Jul 27 2019 07:33:04 GMT+0200 (CEST);1564212784000;1.44;291.85
1380556833984591;32.1;33;Sat Jul 27 2019 09:34:16 GMT+0200 (CEST);Sat Jul 27 2019 07:34:16 GMT+0200 (CEST);1564212856000;1.4;295.13
1380556833984591;32.1;32.9;Sat Jul 27 2019 09:35:29 GMT+0200 (CEST);Sat Jul 27 2019 07:35:29 GMT+0200 (CEST);1564212929000;1.46;310.74
1380556833984591;32.1;32.9;Sat Jul 27 2019 09:36:42 GMT+0200 (CEST);Sat Jul 27 2019 07:36:42 GMT+0200 (CEST);1564213002000;1.66;353.27
1380556833984591;32.1;33;Sat Jul 27 2019 09:38:03 GMT+0200 (CEST);Sat Jul 27 2019 07:38:03 GMT+0200 (CEST);1564213083000;2.3;478.71
1380556833984591;32.1;33.2;Sat Jul 27 2019 09:39:16 GMT+0200 (CEST);Sat Jul 27 2019 07:39:16 GMT+0200 (CEST);1564213156000;1.88;378.87
1380556833984591;32.1;32.8;Sat Jul 27 2019 09:40:29 GMT+0200 (CEST);Sat Jul 27 2019 07:40:29 GMT+0200 (CEST);1564213229000;1.59;330.23
1380556833984591;34.6;32.8;Sat Jul 27 2019 09:41:43 GMT+0200 (CEST);Sat Jul 27 2019 07:41:43 GMT+0200 (CEST);1564213303000;1.64;337.91
1380556833984591;34.6;32.8;Sat Jul 27 2019 09:42:55 GMT+0200 (CEST);Sat Jul 27 2019 07:42:55 GMT+0200 (CEST);1564213375000;1.97;412.15
1380556833984591;34.6;33.1;Sat Jul 27 2019 09:44:09 GMT+0200 (CEST);Sat Jul 27 2019 07:44:09 GMT+0200 (CEST);1564213449000;2.81;563.19
1380556833984591;34.6;33.1;Sat Jul 27 2019 09:45:23 GMT+0200 (CEST);Sat Jul 27 2019 07:45:23 GMT+0200 (CEST);1564213523000;2.98;568.31
1380556833984591;35.1;33;Sat Jul 27 2019 09:46:37 GMT+0200 (CEST);Sat Jul 27 2019 07:46:37 GMT+0200 (CEST);1564213597000;2.56;481.27
1380556833984591;35.1;32.7;Sat Jul 27 2019 09:47:50 GMT+0200 (CEST);Sat Jul 27 2019 07:47:50 GMT+0200 (CEST);1564213670000;1.58;312.52
1380556833984591;35.1;32.3;Sat Jul 27 2019 09:49:03 GMT+0200 (CEST);Sat Jul 27 2019 07:49:03 GMT+0200 (CEST);1564213743000;1.46;299.25
1380556833984591;36.6;32.4;Sat Jul 27 2019 09:50:16 GMT+0200 (CEST);Sat Jul 27 2019 07:50:16 GMT+0200 (CEST);1564213816000;1.64;332.79
1380556833984591;36.6;32.3;Sat Jul 27 2019 09:51:32 GMT+0200 (CEST);Sat Jul 27 2019 07:51:32 GMT+0200 (CEST);1564213892000;1.95;407.03
1380556833984591;36.6;32.6;Sat Jul 27 2019 09:52:45 GMT+0200 (CEST);Sat Jul 27 2019 07:52:45 GMT+0200 (CEST);1564213965000;1.86;432.63
1380556833984591;36.6;32.7;Sat Jul 27 2019 09:53:58 GMT+0200 (CEST);Sat Jul 27 2019 07:53:58 GMT+0200 (CEST);1564214038000;2.69;527.35
1380556833984591;36.6;33;Sat Jul 27 2019 09:55:12 GMT+0200 (CEST);Sat Jul 27 2019 07:55:12 GMT+0200 (CEST);1564214112000;2.3;440.31
1380556833984591;36.6;32.7;Sat Jul 27 2019 09:56:26 GMT+0200 (CEST);Sat Jul 27 2019 07:56:26 GMT+0200 (CEST);1564214186000;2.3;524.79
1380556833984591;36.6;32.5;Sat Jul 27 2019 09:57:40 GMT+0200 (CEST);Sat Jul 27 2019 07:57:40 GMT+0200 (CEST);1564214260000;2.89;583.67
1380556833984591;36.6;32.7;Sat Jul 27 2019 09:58:53 GMT+0200 (CEST);Sat Jul 27 2019 07:58:53 GMT+0200 (CEST);1564214333000;2.58;532.47
1380556833984591;36.6;32.7;Sat Jul 27 2019 10:00:07 GMT+0200 (CEST);Sat Jul 27 2019 08:00:07 GMT+0200 (CEST);1564214407000;2.78;570.87
1380556833984591;36.6;32.7;Sat Jul 27 2019 10:01:21 GMT+0200 (CEST);Sat Jul 27 2019 08:01:21 GMT+0200 (CEST);1564214481000;2.83;578.55
1380556833984591;36.6;32.6;Sat Jul 27 2019 10:02:35 GMT+0200 (CEST);Sat Jul 27 2019 08:02:35 GMT+0200 (CEST);1564214555000;2.85;586.23
1380556833984591;36.6;32.3;Sat Jul 27 2019 10:03:48 GMT+0200 (CEST);Sat Jul 27 2019 08:03:48 GMT+0200 (CEST);1564214628000;3.19;642.55
1380556833984591;38.6;32.4;Sat Jul 27 2019 10:05:01 GMT+0200 (CEST);Sat Jul 27 2019 08:05:01 GMT+0200 (CEST);1564214701000;3.24;677
1380556833984591;38.6;32.3;Sat Jul 27 2019 10:06:15 GMT+0200 (CEST);Sat Jul 27 2019 08:06:15 GMT+0200 (CEST);1564214775000;3.55;690.22
1380556833984591;38.6;32.5;Sat Jul 27 2019 10:07:28 GMT+0200 (CEST);Sat Jul 27 2019 08:07:28 GMT+0200 (CEST);1564214848000;3.66;735.94
1380556833984591;38.6;32.3;Sat Jul 27 2019 10:08:41 GMT+0200 (CEST);Sat Jul 27 2019 08:08:41 GMT+0200 (CEST);1564214921000;3.02;599.03
1380556833984591;39.1;31.9;Sat Jul 27 2019 10:09:54 GMT+0200 (CEST);Sat Jul 27 2019 08:09:54 GMT+0200 (CEST);1564214994000;2.09;412.15
1380556833984591;39.1;31.8;Sat Jul 27 2019 10:11:08 GMT+0200 (CEST);Sat Jul 27 2019 08:11:08 GMT+0200 (CEST);1564215068000;1.93;383.99
1380556833984591;39.1;31.8;Sat Jul 27 2019 10:12:26 GMT+0200 (CEST);Sat Jul 27 2019 08:12:26 GMT+0200 (CEST);1564215146000;2.44;447.99
1380556833984591;39.1;32.1;Sat Jul 27 2019 10:13:39 GMT+0200 (CEST);Sat Jul 27 2019 08:13:39 GMT+0200 (CEST);1564215219000;1.95;386.55
1380556833984591;39.1;32.1;Sat Jul 27 2019 10:14:52 GMT+0200 (CEST);Sat Jul 27 2019 08:14:52 GMT+0200 (CEST);1564215292000;1.8;353.27
1380556833984591;39.1;32;Sat Jul 27 2019 10:16:05 GMT+0200 (CEST);Sat Jul 27 2019 08:16:05 GMT+0200 (CEST);1564215365000;1.64;332.79
1380556833984591;39.1;32.1;Sat Jul 27 2019 10:17:18 GMT+0200 (CEST);Sat Jul 27 2019 08:17:18 GMT+0200 (CEST);1564215438000;1.57;317.73
1380556833984591;39.1;32.1;Sat Jul 27 2019 10:18:39 GMT+0200 (CEST);Sat Jul 27 2019 08:18:39 GMT+0200 (CEST);1564215519000;1.54;310.91
1380556833984591;39.1;32.1;Sat Jul 27 2019 10:19:52 GMT+0200 (CEST);Sat Jul 27 2019 08:19:52 GMT+0200 (CEST);1564215592000;1.52;307.22
1380556833984591;39.1;32.1;Sat Jul 27 2019 10:21:04 GMT+0200 (CEST);Sat Jul 27 2019 08:21:04 GMT+0200 (CEST);1564215664000;1.52;307.38
1380556833984591;39.1;32.3;Sat Jul 27 2019 10:22:17 GMT+0200 (CEST);Sat Jul 27 2019 08:22:17 GMT+0200 (CEST);1564215737000;1.54;309.37
1380556833984591;39.1;32.5;Sat Jul 27 2019 10:23:30 GMT+0200 (CEST);Sat Jul 27 2019 08:23:30 GMT+0200 (CEST);1564215810000;1.6;319.3
1380556833984591;38.6;32.5;Sat Jul 27 2019 10:24:43 GMT+0200 (CEST);Sat Jul 27 2019 08:24:43 GMT+0200 (CEST);1564215883000;1.56;318.67
1380556833984591;38.6;32.6;Sat Jul 27 2019 10:25:56 GMT+0200 (CEST);Sat Jul 27 2019 08:25:56 GMT+0200 (CEST);1564215956000;1.57;316.94
1380556833984591;38.6;32.5;Sat Jul 27 2019 10:27:09 GMT+0200 (CEST);Sat Jul 27 2019 08:27:09 GMT+0200 (CEST);1564216029000;1.52;308.12
1380556833984591;38.6;32.5;Sat Jul 27 2019 10:28:23 GMT+0200 (CEST);Sat Jul 27 2019 08:28:23 GMT+0200 (CEST);1564216103000;1.52;305.41
1380556833984591;38.6;32.4;Sat Jul 27 2019 10:29:36 GMT+0200 (CEST);Sat Jul 27 2019 08:29:36 GMT+0200 (CEST);1564216176000;1.58;315.08
1380556833984591;38.6;32.6;Sat Jul 27 2019 10:30:49 GMT+0200 (CEST);Sat Jul 27 2019 08:30:49 GMT+0200 (CEST);1564216249000;2.09;437.75
1380556833984591;38.6;32.7;Sat Jul 27 2019 10:32:01 GMT+0200 (CEST);Sat Jul 27 2019 08:32:01 GMT+0200 (CEST);1564216321000;1.47;293.89
1380556833984591;38.6;32.4;Sat Jul 27 2019 10:33:04 GMT+0200 (CEST);Sat Jul 27 2019 08:33:04 GMT+0200 (CEST);1564216384000;1.4;285.65
1380556833984591;38.6;32.3;Sat Jul 27 2019 10:34:22 GMT+0200 (CEST);Sat Jul 27 2019 08:34:22 GMT+0200 (CEST);1564216462000;1.3;260.91
1380556833984591;38.6;32.3;Sat Jul 27 2019 10:35:35 GMT+0200 (CEST);Sat Jul 27 2019 08:35:35 GMT+0200 (CEST);1564216535000;1.23;252.98
1380556833984591;38.6;32.3;Sat Jul 27 2019 10:36:48 GMT+0200 (CEST);Sat Jul 27 2019 08:36:48 GMT+0200 (CEST);1564216608000;1.17;239.47
1380556833984591;38.6;32.4;Sat Jul 27 2019 10:38:00 GMT+0200 (CEST);Sat Jul 27 2019 08:38:00 GMT+0200 (CEST);1564216680000;1.11;223.17
1380556833984591;37.1;32.5;Sat Jul 27 2019 10:39:13 GMT+0200 (CEST);Sat Jul 27 2019 08:39:13 GMT+0200 (CEST);1564216753000;1.05;212.36
1380556833984591;37.1;32.4;Sat Jul 27 2019 10:40:26 GMT+0200 (CEST);Sat Jul 27 2019 08:40:26 GMT+0200 (CEST);1564216826000;0.99;200.41
1380556833984591;37.1;32.3;Sat Jul 27 2019 10:41:39 GMT+0200 (CEST);Sat Jul 27 2019 08:41:39 GMT+0200 (CEST);1564216899000;0.95;193.47
1380556833984591;37.1;32.2;Sat Jul 27 2019 10:42:52 GMT+0200 (CEST);Sat Jul 27 2019 08:42:52 GMT+0200 (CEST);1564216972000;0.92;186.25
1380556833984591;36.6;32.1;Sat Jul 27 2019 10:44:05 GMT+0200 (CEST);Sat Jul 27 2019 08:44:05 GMT+0200 (CEST);1564217045000;0.88;176.9
1380556833984591;36.6;31.9;Sat Jul 27 2019 10:45:17 GMT+0200 (CEST);Sat Jul 27 2019 08:45:17 GMT+0200 (CEST);1564217117000;0.83;168.81
1380556833984591;36.6;32.2;Sat Jul 27 2019 10:46:30 GMT+0200 (CEST);Sat Jul 27 2019 08:46:30 GMT+0200 (CEST);1564217190000;0.8;159.96
1380556833984591;36.6;31.9;Sat Jul 27 2019 10:48:00 GMT+0200 (CEST);Sat Jul 27 2019 08:48:00 GMT+0200 (CEST);1564217280000;0.75;152.65
1380556833984591;35.1;32;Sat Jul 27 2019 10:49:13 GMT+0200 (CEST);Sat Jul 27 2019 08:49:13 GMT+0200 (CEST);1564217353000;0.74;150.44
1380556833984591;35.1;32;Sat Jul 27 2019 10:50:26 GMT+0200 (CEST);Sat Jul 27 2019 08:50:26 GMT+0200 (CEST);1564217426000;0.74;149.03
1380556833984591;35.1;32;Sat Jul 27 2019 10:51:39 GMT+0200 (CEST);Sat Jul 27 2019 08:51:39 GMT+0200 (CEST);1564217499000;0.74;148.55
1380556833984591;35.1;32.1;Sat Jul 27 2019 10:52:52 GMT+0200 (CEST);Sat Jul 27 2019 08:52:52 GMT+0200 (CEST);1564217572000;0.74;148.96
1380556833984591;34.6;32.2;Sat Jul 27 2019 10:54:05 GMT+0200 (CEST);Sat Jul 27 2019 08:54:05 GMT+0200 (CEST);1564217645000;0.74;149.47
1380556833984591;34.6;32.1;Sat Jul 27 2019 10:55:18 GMT+0200 (CEST);Sat Jul 27 2019 08:55:18 GMT+0200 (CEST);1564217718000;0.73;149.46
1380556833984591;34.6;32.3;Sat Jul 27 2019 10:56:30 GMT+0200 (CEST);Sat Jul 27 2019 08:56:30 GMT+0200 (CEST);1564217790000;0.73;147.66
1380556833984591;34.6;32.1;Sat Jul 27 2019 10:57:43 GMT+0200 (CEST);Sat Jul 27 2019 08:57:43 GMT+0200 (CEST);1564217863000;0.74;149.29
1380556833984591;34.6;32.1;Sat Jul 27 2019 10:58:57 GMT+0200 (CEST);Sat Jul 27 2019 08:58:57 GMT+0200 (CEST);1564217937000;0.73;149.13
1380556833984591;34.6;32.1;Sat Jul 27 2019 11:00:10 GMT+0200 (CEST);Sat Jul 27 2019 09:00:10 GMT+0200 (CEST);1564218010000;0.73;149.72
1380556833984591;34.6;32.1;Sat Jul 27 2019 11:01:22 GMT+0200 (CEST);Sat Jul 27 2019 09:01:22 GMT+0200 (CEST);1564218082000;0.74;150.26
1380556833984591;34.6;32.1;Sat Jul 27 2019 11:02:39 GMT+0200 (CEST);Sat Jul 27 2019 09:02:39 GMT+0200 (CEST);1564218159000;0.72;149.13
1380556833984591;33.1;32.1;Sat Jul 27 2019 11:03:52 GMT+0200 (CEST);Sat Jul 27 2019 09:03:52 GMT+0200 (CEST);1564218232000;0.71;145.67
1380556833984591;33.1;32.4;Sat Jul 27 2019 11:05:06 GMT+0200 (CEST);Sat Jul 27 2019 09:05:06 GMT+0200 (CEST);1564218306000;0.7;144.64
1380556833984591;33.1;32.2;Sat Jul 27 2019 11:06:18 GMT+0200 (CEST);Sat Jul 27 2019 09:06:18 GMT+0200 (CEST);1564218378000;0.69;143.63
1380556833984591;33.1;32.2;Sat Jul 27 2019 11:07:32 GMT+0200 (CEST);Sat Jul 27 2019 09:07:32 GMT+0200 (CEST);1564218452000;0.68;143.42
1380556833984591;32.1;32.3;Sat Jul 27 2019 11:08:46 GMT+0200 (CEST);Sat Jul 27 2019 09:08:46 GMT+0200 (CEST);1564218526000;0.68;143.59
1380556833984591;32.1;32.4;Sat Jul 27 2019 11:09:59 GMT+0200 (CEST);Sat Jul 27 2019 09:09:59 GMT+0200 (CEST);1564218599000;0.69;144.67
1380556833984591;32.1;32.4;Sat Jul 27 2019 11:11:12 GMT+0200 (CEST);Sat Jul 27 2019 09:11:12 GMT+0200 (CEST);1564218672000;0.69;146.6
1380556833984591;32.1;32.3;Sat Jul 27 2019 11:12:33 GMT+0200 (CEST);Sat Jul 27 2019 09:12:33 GMT+0200 (CEST);1564218753000;0.7;149.73
1380556833984591;32.1;32.4;Sat Jul 27 2019 11:13:47 GMT+0200 (CEST);Sat Jul 27 2019 09:13:47 GMT+0200 (CEST);1564218827000;0.73;152.9
1380556833984591;32.1;32.5;Sat Jul 27 2019 11:15:00 GMT+0200 (CEST);Sat Jul 27 2019 09:15:00 GMT+0200 (CEST);1564218900000;0.76;158.86
1380556833984591;32.1;32.5;Sat Jul 27 2019 11:16:13 GMT+0200 (CEST);Sat Jul 27 2019 09:16:13 GMT+0200 (CEST);1564218973000;0.8;166.55
1380556833984591;32.1;32.7;Sat Jul 27 2019 11:17:26 GMT+0200 (CEST);Sat Jul 27 2019 09:17:26 GMT+0200 (CEST);1564219046000;0.82;172.41
1380556833984591;32.1;32.8;Sat Jul 27 2019 11:18:47 GMT+0200 (CEST);Sat Jul 27 2019 09:18:47 GMT+0200 (CEST);1564219127000;0.87;183.13
1380556833984591;32.1;32.8;Sat Jul 27 2019 11:20:00 GMT+0200 (CEST);Sat Jul 27 2019 09:20:00 GMT+0200 (CEST);1564219200000;0.93;194.42
1380556833984591;32.1;33;Sat Jul 27 2019 11:21:12 GMT+0200 (CEST);Sat Jul 27 2019 09:21:12 GMT+0200 (CEST);1564219272000;0.99;208.64
1380556833984591;32.1;33;Sat Jul 27 2019 11:22:26 GMT+0200 (CEST);Sat Jul 27 2019 09:22:26 GMT+0200 (CEST);1564219346000;1.07;222.47
1380556833984591;32.1;33.2;Sat Jul 27 2019 11:23:39 GMT+0200 (CEST);Sat Jul 27 2019 09:23:39 GMT+0200 (CEST);1564219419000;1.18;247.71
1380556833984591;32.1;33.2;Sat Jul 27 2019 11:24:52 GMT+0200 (CEST);Sat Jul 27 2019 09:24:52 GMT+0200 (CEST);1564219492000;1.33;279.6
1380556833984591;32.1;33.4;Sat Jul 27 2019 11:26:05 GMT+0200 (CEST);Sat Jul 27 2019 09:26:05 GMT+0200 (CEST);1564219565000;1.48;305.88
1380556833984591;32.1;33.4;Sat Jul 27 2019 11:27:18 GMT+0200 (CEST);Sat Jul 27 2019 09:27:18 GMT+0200 (CEST);1564219638000;1.66;345.59
1380556833984591;32.1;33.4;Sat Jul 27 2019 11:28:32 GMT+0200 (CEST);Sat Jul 27 2019 09:28:32 GMT+0200 (CEST);1564219712000;1.88;399.35
1380556833984591;32.1;33.5;Sat Jul 27 2019 11:29:45 GMT+0200 (CEST);Sat Jul 27 2019 09:29:45 GMT+0200 (CEST);1564219785000;2.42;504.31
1380556833984591;32.1;33.8;Sat Jul 27 2019 11:30:58 GMT+0200 (CEST);Sat Jul 27 2019 09:30:58 GMT+0200 (CEST);1564219858000;4.4;878.17
1380556833984591;34.6;33.8;Sat Jul 27 2019 11:32:13 GMT+0200 (CEST);Sat Jul 27 2019 09:32:13 GMT+0200 (CEST);1564219933000;3.57;642.55
1380556833984591;34.6;32.6;Sat Jul 27 2019 11:33:27 GMT+0200 (CEST);Sat Jul 27 2019 09:33:27 GMT+0200 (CEST);1564220007000;3.44;756.21
1380556833984591;34.6;32.8;Sat Jul 27 2019 11:34:40 GMT+0200 (CEST);Sat Jul 27 2019 09:34:40 GMT+0200 (CEST);1564220080000;3.35;655.57
1380556833984591;34.6;32.5;Sat Jul 27 2019 11:36:11 GMT+0200 (CEST);Sat Jul 27 2019 09:36:11 GMT+0200 (CEST);1564220171000;3.33;705.39
1380556833984591;36.6;32.4;Sat Jul 27 2019 11:37:24 GMT+0200 (CEST);Sat Jul 27 2019 09:37:24 GMT+0200 (CEST);1564220244000;2.47;494.07
1380556833984591;36.6;32.3;Sat Jul 27 2019 11:38:37 GMT+0200 (CEST);Sat Jul 27 2019 09:38:37 GMT+0200 (CEST);1564220317000;2.19;437.75
1380556833984591;36.6;32.1;Sat Jul 27 2019 11:39:58 GMT+0200 (CEST);Sat Jul 27 2019 09:39:58 GMT+0200 (CEST);1564220398000;1.84;386.55
1380556833984591;36.6;32.1;Sat Jul 27 2019 11:41:10 GMT+0200 (CEST);Sat Jul 27 2019 09:41:10 GMT+0200 (CEST);1564220470000;1.68;348.15
1380556833984591;37.1;32.1;Sat Jul 27 2019 11:42:23 GMT+0200 (CEST);Sat Jul 27 2019 09:42:23 GMT+0200 (CEST);1564220543000;1.66;340.47
1380556833984591;37.1;32.2;Sat Jul 27 2019 11:43:36 GMT+0200 (CEST);Sat Jul 27 2019 09:43:36 GMT+0200 (CEST);1564220616000;1.61;325.46
1380556833984591;37.1;32.1;Sat Jul 27 2019 11:44:49 GMT+0200 (CEST);Sat Jul 27 2019 09:44:49 GMT+0200 (CEST);1564220689000;1.51;308.81
1380556833984591;37.1;32.2;Sat Jul 27 2019 11:46:02 GMT+0200 (CEST);Sat Jul 27 2019 09:46:02 GMT+0200 (CEST);1564220762000;1.42;285.83
1380556833984591;38.6;32.2;Sat Jul 27 2019 11:47:15 GMT+0200 (CEST);Sat Jul 27 2019 09:47:15 GMT+0200 (CEST);1564220835000;1.36;267.29
1380556833984591;38.6;32.2;Sat Jul 27 2019 11:48:28 GMT+0200 (CEST);Sat Jul 27 2019 09:48:28 GMT+0200 (CEST);1564220908000;1.29;258.79
1380556833984591;38.6;32.3;Sat Jul 27 2019 11:50:07 GMT+0200 (CEST);Sat Jul 27 2019 09:50:07 GMT+0200 (CEST);1564221007000;1.2;243.19
1380556833984591;38.6;32.2;Sat Jul 27 2019 11:51:21 GMT+0200 (CEST);Sat Jul 27 2019 09:51:21 GMT+0200 (CEST);1564221081000;1.15;229.11
1380556833984591;38.6;32.3;Sat Jul 27 2019 11:52:35 GMT+0200 (CEST);Sat Jul 27 2019 09:52:35 GMT+0200 (CEST);1564221155000;1.09;221.9
1380556833984591;38.6;32.3;Sat Jul 27 2019 11:53:48 GMT+0200 (CEST);Sat Jul 27 2019 09:53:48 GMT+0200 (CEST);1564221228000;1.08;217.56
1380556833984591;38.6;32.4;Sat Jul 27 2019 11:55:01 GMT+0200 (CEST);Sat Jul 27 2019 09:55:01 GMT+0200 (CEST);1564221301000;1.07;215.49
1380556833984591;37.1;32.3;Sat Jul 27 2019 11:56:14 GMT+0200 (CEST);Sat Jul 27 2019 09:56:14 GMT+0200 (CEST);1564221374000;1.06;213.86
1380556833984591;37.1;32.8;Sat Jul 27 2019 11:57:28 GMT+0200 (CEST);Sat Jul 27 2019 09:57:28 GMT+0200 (CEST);1564221448000;1.04;210.79
1380556833984591;37.1;32.5;Sat Jul 27 2019 11:58:40 GMT+0200 (CEST);Sat Jul 27 2019 09:58:40 GMT+0200 (CEST);1564221520000;1.03;206.96
1380556833984591;37.1;32.4;Sat Jul 27 2019 11:59:53 GMT+0200 (CEST);Sat Jul 27 2019 09:59:53 GMT+0200 (CEST);1564221593000;1.02;202.77
1380556833984591;36.6;32.3;Sat Jul 27 2019 12:01:06 GMT+0200 (CEST);Sat Jul 27 2019 10:01:06 GMT+0200 (CEST);1564221666000;1.01;203.91
1380556833984591;36.6;32.5;Sat Jul 27 2019 12:02:19 GMT+0200 (CEST);Sat Jul 27 2019 10:02:19 GMT+0200 (CEST);1564221739000;1.04;207.74
1380556833984591;36.6;32.7;Sat Jul 27 2019 12:03:34 GMT+0200 (CEST);Sat Jul 27 2019 10:03:34 GMT+0200 (CEST);1564221814000;1.08;217.11
1380556833984591;36.6;32.6;Sat Jul 27 2019 12:04:47 GMT+0200 (CEST);Sat Jul 27 2019 10:04:47 GMT+0200 (CEST);1564221887000;1.14;226.51
1380556833984591;36.6;32.7;Sat Jul 27 2019 12:06:00 GMT+0200 (CEST);Sat Jul 27 2019 10:06:00 GMT+0200 (CEST);1564221960000;1.15;229.36
1380556833984591;36.6;32.6;Sat Jul 27 2019 12:07:13 GMT+0200 (CEST);Sat Jul 27 2019 10:07:13 GMT+0200 (CEST);1564222033000;1.13;227.93
1380556833984591;36.6;32.6;Sat Jul 27 2019 12:08:26 GMT+0200 (CEST);Sat Jul 27 2019 10:08:26 GMT+0200 (CEST);1564222106000;1.11;222.3
1380556833984591;36.6;32.6;Sat Jul 27 2019 12:09:39 GMT+0200 (CEST);Sat Jul 27 2019 10:09:39 GMT+0200 (CEST);1564222179000;1.09;218.04
1380556833984591;36.6;32.6;Sat Jul 27 2019 12:10:52 GMT+0200 (CEST);Sat Jul 27 2019 10:10:52 GMT+0200 (CEST);1564222252000;1.08;214.1
1380556833984591;36.6;32.4;Sat Jul 27 2019 12:12:05 GMT+0200 (CEST);Sat Jul 27 2019 10:12:05 GMT+0200 (CEST);1564222325000;1.07;213.45
1380556833984591;36.6;32.5;Sat Jul 27 2019 12:13:19 GMT+0200 (CEST);Sat Jul 27 2019 10:13:19 GMT+0200 (CEST);1564222399000;1.09;213.19
1380556833984591;36.6;32.5;Sat Jul 27 2019 12:14:34 GMT+0200 (CEST);Sat Jul 27 2019 10:14:34 GMT+0200 (CEST);1564222474000;1.08;213.6
1380556833984591;35.1;32.5;Sat Jul 27 2019 12:15:46 GMT+0200 (CEST);Sat Jul 27 2019 10:15:46 GMT+0200 (CEST);1564222546000;1.08;213.2
1380556833984591;35.1;32.6;Sat Jul 27 2019 12:16:59 GMT+0200 (CEST);Sat Jul 27 2019 10:16:59 GMT+0200 (CEST);1564222619000;1.08;212.02
1380556833984591;35.1;32.5;Sat Jul 27 2019 12:18:12 GMT+0200 (CEST);Sat Jul 27 2019 10:18:12 GMT+0200 (CEST);1564222692000;1.05;208.32
1380556833984591;35.1;32.7;Sat Jul 27 2019 12:19:31 GMT+0200 (CEST);Sat Jul 27 2019 10:19:31 GMT+0200 (CEST);1564222771000;1.04;206.41
1380556833984591;35.1;32.8;Sat Jul 27 2019 12:20:44 GMT+0200 (CEST);Sat Jul 27 2019 10:20:44 GMT+0200 (CEST);1564222844000;1.03;203.58
1380556833984591;35.1;32.7;Sat Jul 27 2019 12:21:57 GMT+0200 (CEST);Sat Jul 27 2019 10:21:57 GMT+0200 (CEST);1564222917000;1.03;202.62
1380556833984591;35.1;32.6;Sat Jul 27 2019 12:23:10 GMT+0200 (CEST);Sat Jul 27 2019 10:23:10 GMT+0200 (CEST);1564222990000;1.03;200.32
1380556833984591;35.1;32.6;Sat Jul 27 2019 12:24:24 GMT+0200 (CEST);Sat Jul 27 2019 10:24:24 GMT+0200 (CEST);1564223064000;1.01;197.34
1380556833984591;35.1;32.5;Sat Jul 27 2019 12:25:38 GMT+0200 (CEST);Sat Jul 27 2019 10:25:38 GMT+0200 (CEST);1564223138000;0.98;195.43
1380556833984591;35.1;32.5;Sat Jul 27 2019 12:26:51 GMT+0200 (CEST);Sat Jul 27 2019 10:26:51 GMT+0200 (CEST);1564223211000;0.96;191.42
1380556833984591;35.1;32.5;Sat Jul 27 2019 12:28:04 GMT+0200 (CEST);Sat Jul 27 2019 10:28:04 GMT+0200 (CEST);1564223284000;0.95;186.72
1380556833984591;35.1;32.6;Sat Jul 27 2019 12:29:18 GMT+0200 (CEST);Sat Jul 27 2019 10:29:18 GMT+0200 (CEST);1564223358000;0.94;184.09
1380556833984591;34.6;32.4;Sat Jul 27 2019 12:30:31 GMT+0200 (CEST);Sat Jul 27 2019 10:30:31 GMT+0200 (CEST);1564223431000;0.92;180.62
1380556833984591;34.6;32.3;Sat Jul 27 2019 12:31:47 GMT+0200 (CEST);Sat Jul 27 2019 10:31:47 GMT+0200 (CEST);1564223507000;0.89;176.24
1380556833984591;34.6;32.3;Sat Jul 27 2019 12:33:00 GMT+0200 (CEST);Sat Jul 27 2019 10:33:00 GMT+0200 (CEST);1564223580000;0.88;173.74
1380556833984591;34.6;32.3;Sat Jul 27 2019 12:34:13 GMT+0200 (CEST);Sat Jul 27 2019 10:34:13 GMT+0200 (CEST);1564223653000;0.85;169.15
1380556833984591;34.6;32.3;Sat Jul 27 2019 12:35:26 GMT+0200 (CEST);Sat Jul 27 2019 10:35:26 GMT+0200 (CEST);1564223726000;0.83;165.85
1380556833984591;34.6;32.3;Sat Jul 27 2019 12:37:02 GMT+0200 (CEST);Sat Jul 27 2019 10:37:02 GMT+0200 (CEST);1564223822000;0.81;161.43
1380556833984591;34.6;32.3;Sat Jul 27 2019 12:38:16 GMT+0200 (CEST);Sat Jul 27 2019 10:38:16 GMT+0200 (CEST);1564223896000;0.8;158.54
1380556833984591;33.1;32.3;Sat Jul 27 2019 12:39:33 GMT+0200 (CEST);Sat Jul 27 2019 10:39:33 GMT+0200 (CEST);1564223973000;0.78;155.64
1380556833984591;33.1;32.3;Sat Jul 27 2019 12:40:46 GMT+0200 (CEST);Sat Jul 27 2019 10:40:46 GMT+0200 (CEST);1564224046000;0.77;152.71
1380556833984591;33.1;32.3;Sat Jul 27 2019 12:42:00 GMT+0200 (CEST);Sat Jul 27 2019 10:42:00 GMT+0200 (CEST);1564224120000;0.74;146.99
1380556833984591;33.1;32.2;Sat Jul 27 2019 12:43:13 GMT+0200 (CEST);Sat Jul 27 2019 10:43:13 GMT+0200 (CEST);1564224193000;0.71;142.74
1380556833984591;32.1;32.1;Sat Jul 27 2019 12:44:31 GMT+0200 (CEST);Sat Jul 27 2019 10:44:31 GMT+0200 (CEST);1564224271000;0.69;141.17
1380556833984591;32.1;32.1;Sat Jul 27 2019 12:45:49 GMT+0200 (CEST);Sat Jul 27 2019 10:45:49 GMT+0200 (CEST);1564224349000;0.69;139.25
1380556833984591;32.1;32.2;Sat Jul 27 2019 12:47:02 GMT+0200 (CEST);Sat Jul 27 2019 10:47:02 GMT+0200 (CEST);1564224422000;0.68;140.22
1380556833984591;32.1;32.2;Sat Jul 27 2019 12:48:15 GMT+0200 (CEST);Sat Jul 27 2019 10:48:15 GMT+0200 (CEST);1564224495000;0.71;144.08
1380556833984591;32.1;32.2;Sat Jul 27 2019 12:49:28 GMT+0200 (CEST);Sat Jul 27 2019 10:49:28 GMT+0200 (CEST);1564224568000;0.72;148.32
1380556833984591;32.1;32.4;Sat Jul 27 2019 12:50:41 GMT+0200 (CEST);Sat Jul 27 2019 10:50:41 GMT+0200 (CEST);1564224641000;0.77;155.98
1380556833984591;32.1;32.6;Sat Jul 27 2019 12:51:55 GMT+0200 (CEST);Sat Jul 27 2019 10:51:55 GMT+0200 (CEST);1564224715000;0.8;164.12
1380556833984591;32.1;33;Sat Jul 27 2019 12:53:08 GMT+0200 (CEST);Sat Jul 27 2019 10:53:08 GMT+0200 (CEST);1564224788000;0.86;171.79
1380556833984591;32.1;33.2;Sat Jul 27 2019 12:54:21 GMT+0200 (CEST);Sat Jul 27 2019 10:54:21 GMT+0200 (CEST);1564224861000;0.92;182.32
1380556833984591;32.1;33.4;Sat Jul 27 2019 12:55:33 GMT+0200 (CEST);Sat Jul 27 2019 10:55:33 GMT+0200 (CEST);1564224933000;0.99;190.66
1380556833984591;32.1;33.6;Sat Jul 27 2019 12:56:47 GMT+0200 (CEST);Sat Jul 27 2019 10:56:47 GMT+0200 (CEST);1564225007000;1.04;204.07
1380556833984591;32.1;33.8;Sat Jul 27 2019 12:58:01 GMT+0200 (CEST);Sat Jul 27 2019 10:58:01 GMT+0200 (CEST);1564225081000;1.11;213.07
1380556833984591;32.1;33.8;Sat Jul 27 2019 12:59:15 GMT+0200 (CEST);Sat Jul 27 2019 10:59:15 GMT+0200 (CEST);1564225155000;1.15;222.52
1380556833984591;32.1;33.9;Sat Jul 27 2019 13:00:28 GMT+0200 (CEST);Sat Jul 27 2019 11:00:28 GMT+0200 (CEST);1564225228000;1.18;230.19
1380556833984591;32.1;33.9;Sat Jul 27 2019 13:01:46 GMT+0200 (CEST);Sat Jul 27 2019 11:01:46 GMT+0200 (CEST);1564225306000;1.24;239.27
1380556833984591;31.1;34;Sat Jul 27 2019 13:02:59 GMT+0200 (CEST);Sat Jul 27 2019 11:02:59 GMT+0200 (CEST);1564225379000;1.28;247.05
1380556833984591;31.1;34.1;Sat Jul 27 2019 13:04:12 GMT+0200 (CEST);Sat Jul 27 2019 11:04:12 GMT+0200 (CEST);1564225452000;1.32;257.95
1380556833984591;31.1;34.2;Sat Jul 27 2019 13:05:25 GMT+0200 (CEST);Sat Jul 27 2019 11:05:25 GMT+0200 (CEST);1564225525000;1.36;263.05
1380556833984591;31.1;34.2;Sat Jul 27 2019 13:06:38 GMT+0200 (CEST);Sat Jul 27 2019 11:06:38 GMT+0200 (CEST);1564225598000;1.37;265.28
1380556833984591;31.1;34.2;Sat Jul 27 2019 13:07:54 GMT+0200 (CEST);Sat Jul 27 2019 11:07:54 GMT+0200 (CEST);1564225674000;1.39;267.98
1380556833984591;31.1;34.2;Sat Jul 27 2019 13:09:14 GMT+0200 (CEST);Sat Jul 27 2019 11:09:14 GMT+0200 (CEST);1564225754000;1.4;272.22
1380556833984591;31.1;34.2;Sat Jul 27 2019 13:10:27 GMT+0200 (CEST);Sat Jul 27 2019 11:10:27 GMT+0200 (CEST);1564225827000;1.43;274.19
1380556833984591;31.1;34.2;Sat Jul 27 2019 13:11:40 GMT+0200 (CEST);Sat Jul 27 2019 11:11:40 GMT+0200 (CEST);1564225900000;1.4;272.38
1380556833984591;31.1;34.1;Sat Jul 27 2019 13:12:54 GMT+0200 (CEST);Sat Jul 27 2019 11:12:54 GMT+0200 (CEST);1564225974000;1.37;265.65
1380556833984591;31.1;34.1;Sat Jul 27 2019 13:14:07 GMT+0200 (CEST);Sat Jul 27 2019 11:14:07 GMT+0200 (CEST);1564226047000;1.34;259.1
1380556833984591;31.1;33.9;Sat Jul 27 2019 13:15:20 GMT+0200 (CEST);Sat Jul 27 2019 11:15:20 GMT+0200 (CEST);1564226120000;1.31;254.92
1380556833984591;31.1;33.8;Sat Jul 27 2019 13:16:33 GMT+0200 (CEST);Sat Jul 27 2019 11:16:33 GMT+0200 (CEST);1564226193000;1.28;250.4
1380556833984591;31.1;33.8;Sat Jul 27 2019 13:17:47 GMT+0200 (CEST);Sat Jul 27 2019 11:17:47 GMT+0200 (CEST);1564226267000;1.27;247.11
1380556833984591;31.1;33.5;Sat Jul 27 2019 13:18:59 GMT+0200 (CEST);Sat Jul 27 2019 11:18:59 GMT+0200 (CEST);1564226339000;1.23;244.97
1380556833984591;31.1;33.4;Sat Jul 27 2019 13:20:12 GMT+0200 (CEST);Sat Jul 27 2019 11:20:12 GMT+0200 (CEST);1564226412000;1.22;241.03
1380556833984591;31.1;33.4;Sat Jul 27 2019 13:21:25 GMT+0200 (CEST);Sat Jul 27 2019 11:21:25 GMT+0200 (CEST);1564226485000;1.18;238.02
1380556833984591;31.1;33.2;Sat Jul 27 2019 13:22:38 GMT+0200 (CEST);Sat Jul 27 2019 11:22:38 GMT+0200 (CEST);1564226558000;1.19;236.71
1380556833984591;31.1;33.1;Sat Jul 27 2019 13:23:51 GMT+0200 (CEST);Sat Jul 27 2019 11:23:51 GMT+0200 (CEST);1564226631000;1.19;237.05
1380556833984591;31.1;33.1;Sat Jul 27 2019 13:25:04 GMT+0200 (CEST);Sat Jul 27 2019 11:25:04 GMT+0200 (CEST);1564226704000;1.21;240.17
1380556833984591;31.1;33.2;Sat Jul 27 2019 13:26:17 GMT+0200 (CEST);Sat Jul 27 2019 11:26:17 GMT+0200 (CEST);1564226777000;1.22;242.61
1380556833984591;31.1;33.1;Sat Jul 27 2019 13:27:30 GMT+0200 (CEST);Sat Jul 27 2019 11:27:30 GMT+0200 (CEST);1564226850000;1.22;247.22
1380556833984591;31.1;33.1;Sat Jul 27 2019 13:28:43 GMT+0200 (CEST);Sat Jul 27 2019 11:28:43 GMT+0200 (CEST);1564226923000;1.25;250.22
1380556833984591;31.1;32.8;Sat Jul 27 2019 13:29:59 GMT+0200 (CEST);Sat Jul 27 2019 11:29:59 GMT+0200 (CEST);1564226999000;1.27;252.49
1380556833984591;32.1;33;Sat Jul 27 2019 13:31:12 GMT+0200 (CEST);Sat Jul 27 2019 11:31:12 GMT+0200 (CEST);1564227072000;1.26;253.21
1380556833984591;32.1;33;Sat Jul 27 2019 13:32:25 GMT+0200 (CEST);Sat Jul 27 2019 11:32:25 GMT+0200 (CEST);1564227145000;1.27;252.41
1380556833984591;32.1;33.1;Sat Jul 27 2019 13:33:38 GMT+0200 (CEST);Sat Jul 27 2019 11:33:38 GMT+0200 (CEST);1564227218000;1.24;250.64
1380556833984591;32.1;32.8;Sat Jul 27 2019 13:34:51 GMT+0200 (CEST);Sat Jul 27 2019 11:34:51 GMT+0200 (CEST);1564227291000;1.24;248.71
1380556833984591;32.1;33;Sat Jul 27 2019 13:36:03 GMT+0200 (CEST);Sat Jul 27 2019 11:36:03 GMT+0200 (CEST);1564227363000;1.24;247.19
1380556833984591;32.1;32.7;Sat Jul 27 2019 13:37:16 GMT+0200 (CEST);Sat Jul 27 2019 11:37:16 GMT+0200 (CEST);1564227436000;1.24;247.7
1380556833984591;32.1;32.8;Sat Jul 27 2019 13:38:29 GMT+0200 (CEST);Sat Jul 27 2019 11:38:29 GMT+0200 (CEST);1564227509000;1.25;247.25
1380556833984591;32.1;32.8;Sat Jul 27 2019 13:39:42 GMT+0200 (CEST);Sat Jul 27 2019 11:39:42 GMT+0200 (CEST);1564227582000;1.22;246.26
1380556833984591;32.1;32.7;Sat Jul 27 2019 13:40:55 GMT+0200 (CEST);Sat Jul 27 2019 11:40:55 GMT+0200 (CEST);1564227655000;1.19;242.71
1380556833984591;32.1;32.7;Sat Jul 27 2019 13:42:07 GMT+0200 (CEST);Sat Jul 27 2019 11:42:07 GMT+0200 (CEST);1564227727000;1.19;237.92
1380556833984591;32.1;32.6;Sat Jul 27 2019 13:43:20 GMT+0200 (CEST);Sat Jul 27 2019 11:43:20 GMT+0200 (CEST);1564227800000;1.17;234.99
1380556833984591;32.1;32.6;Sat Jul 27 2019 13:44:33 GMT+0200 (CEST);Sat Jul 27 2019 11:44:33 GMT+0200 (CEST);1564227873000;1.16;233.88
1380556833984591;34.6;32.8;Sat Jul 27 2019 13:45:46 GMT+0200 (CEST);Sat Jul 27 2019 11:45:46 GMT+0200 (CEST);1564227946000;1.17;235.81
1380556833984591;34.6;32.6;Sat Jul 27 2019 13:46:59 GMT+0200 (CEST);Sat Jul 27 2019 11:46:59 GMT+0200 (CEST);1564228019000;1.18;238.24
1380556833984591;34.6;32.6;Sat Jul 27 2019 13:48:12 GMT+0200 (CEST);Sat Jul 27 2019 11:48:12 GMT+0200 (CEST);1564228092000;1.19;238.06
1380556833984591;34.6;32.7;Sat Jul 27 2019 13:49:24 GMT+0200 (CEST);Sat Jul 27 2019 11:49:24 GMT+0200 (CEST);1564228164000;1.18;235.56
1380556833984591;34.6;32.6;Sat Jul 27 2019 13:50:37 GMT+0200 (CEST);Sat Jul 27 2019 11:50:37 GMT+0200 (CEST);1564228237000;1.15;232.68
1380556833984591;34.6;32.6;Sat Jul 27 2019 13:51:50 GMT+0200 (CEST);Sat Jul 27 2019 11:51:50 GMT+0200 (CEST);1564228310000;1.14;231.12
1380556833984591;34.6;32.6;Sat Jul 27 2019 13:53:03 GMT+0200 (CEST);Sat Jul 27 2019 11:53:03 GMT+0200 (CEST);1564228383000;1.14;230.53
1380556833984591;34.6;32.5;Sat Jul 27 2019 13:54:17 GMT+0200 (CEST);Sat Jul 27 2019 11:54:17 GMT+0200 (CEST);1564228457000;1.13;230.01
1380556833984591;34.6;32.7;Sat Jul 27 2019 13:55:38 GMT+0200 (CEST);Sat Jul 27 2019 11:55:38 GMT+0200 (CEST);1564228538000;1.16;230.95
1380556833984591;34.6;32.6;Sat Jul 27 2019 13:56:51 GMT+0200 (CEST);Sat Jul 27 2019 11:56:51 GMT+0200 (CEST);1564228611000;1.16;233.17
1380556833984591;34.6;32.7;Sat Jul 27 2019 13:58:07 GMT+0200 (CEST);Sat Jul 27 2019 11:58:07 GMT+0200 (CEST);1564228687000;1.16;235.22
1380556833984591;34.6;32.7;Sat Jul 27 2019 13:59:20 GMT+0200 (CEST);Sat Jul 27 2019 11:59:20 GMT+0200 (CEST);1564228760000;1.18;236.65
1380556833984591;34.6;32.7;Sat Jul 27 2019 14:00:33 GMT+0200 (CEST);Sat Jul 27 2019 12:00:33 GMT+0200 (CEST);1564228833000;1.19;240.79
1380556833984591;34.6;32.8;Sat Jul 27 2019 14:01:59 GMT+0200 (CEST);Sat Jul 27 2019 12:01:59 GMT+0200 (CEST);1564228919000;1.22;246.98
1380556833984591;34.6;32.8;Sat Jul 27 2019 14:03:31 GMT+0200 (CEST);Sat Jul 27 2019 12:03:31 GMT+0200 (CEST);1564229011000;1.27;253.54
1380556833984591;34.6;32.8;Sat Jul 27 2019 14:04:44 GMT+0200 (CEST);Sat Jul 27 2019 12:04:44 GMT+0200 (CEST);1564229084000;1.29;258.65
1380556833984591;34.6;32.8;Sat Jul 27 2019 14:06:01 GMT+0200 (CEST);Sat Jul 27 2019 12:06:01 GMT+0200 (CEST);1564229161000;1.3;261.74
1380556833984591;34.6;32.8;Sat Jul 27 2019 14:07:14 GMT+0200 (CEST);Sat Jul 27 2019 12:07:14 GMT+0200 (CEST);1564229234000;1.3;263.5
1380556833984591;34.6;32.8;Sat Jul 27 2019 14:08:27 GMT+0200 (CEST);Sat Jul 27 2019 12:08:27 GMT+0200 (CEST);1564229307000;1.32;263.87
1380556833984591;34.6;32.8;Sat Jul 27 2019 14:09:43 GMT+0200 (CEST);Sat Jul 27 2019 12:09:43 GMT+0200 (CEST);1564229383000;1.32;265.47
1380556833984591;34.6;32.8;Sat Jul 27 2019 14:10:56 GMT+0200 (CEST);Sat Jul 27 2019 12:10:56 GMT+0200 (CEST);1564229456000;1.35;269.06
1380556833984591;34.6;32.8;Sat Jul 27 2019 14:12:13 GMT+0200 (CEST);Sat Jul 27 2019 12:12:13 GMT+0200 (CEST);1564229533000;1.36;272.44
1380556833984591;34.6;32.8;Sat Jul 27 2019 14:13:26 GMT+0200 (CEST);Sat Jul 27 2019 12:13:26 GMT+0200 (CEST);1564229606000;1.4;277.55
1380556833984591;34.6;32.7;Sat Jul 27 2019 14:14:39 GMT+0200 (CEST);Sat Jul 27 2019 12:14:39 GMT+0200 (CEST);1564229679000;1.42;283.06
1380556833984591;34.6;32.7;Sat Jul 27 2019 14:15:52 GMT+0200 (CEST);Sat Jul 27 2019 12:15:52 GMT+0200 (CEST);1564229752000;1.45;286.17
1380556833984591;34.6;32.8;Sat Jul 27 2019 14:17:06 GMT+0200 (CEST);Sat Jul 27 2019 12:17:06 GMT+0200 (CEST);1564229826000;1.46;289.55
1380556833984591;34.6;32.7;Sat Jul 27 2019 14:18:19 GMT+0200 (CEST);Sat Jul 27 2019 12:18:19 GMT+0200 (CEST);1564229899000;1.49;294.91
1380556833984591;35.1;32.8;Sat Jul 27 2019 14:19:33 GMT+0200 (CEST);Sat Jul 27 2019 12:19:33 GMT+0200 (CEST);1564229973000;1.5;300.53
1380556833984591;35.1;32.8;Sat Jul 27 2019 14:20:45 GMT+0200 (CEST);Sat Jul 27 2019 12:20:45 GMT+0200 (CEST);1564230045000;1.56;311.23
1380556833984591;35.1;32.8;Sat Jul 27 2019 14:21:58 GMT+0200 (CEST);Sat Jul 27 2019 12:21:58 GMT+0200 (CEST);1564230118000;1.59;323.46
1380556833984591;35.1;32.9;Sat Jul 27 2019 14:23:11 GMT+0200 (CEST);Sat Jul 27 2019 12:23:11 GMT+0200 (CEST);1564230191000;1.66;332.79
1380556833984591;35.1;33;Sat Jul 27 2019 14:24:24 GMT+0200 (CEST);Sat Jul 27 2019 12:24:24 GMT+0200 (CEST);1564230264000;1.7;340.47
1380556833984591;35.1;32.8;Sat Jul 27 2019 14:25:37 GMT+0200 (CEST);Sat Jul 27 2019 12:25:37 GMT+0200 (CEST);1564230337000;1.73;343.03
1380556833984591;35.1;32.9;Sat Jul 27 2019 14:26:51 GMT+0200 (CEST);Sat Jul 27 2019 12:26:51 GMT+0200 (CEST);1564230411000;1.71;348.15
1380556833984591;35.1;32.8;Sat Jul 27 2019 14:28:03 GMT+0200 (CEST);Sat Jul 27 2019 12:28:03 GMT+0200 (CEST);1564230483000;1.79;358.39
1380556833984591;36.6;32.8;Sat Jul 27 2019 14:29:16 GMT+0200 (CEST);Sat Jul 27 2019 12:29:16 GMT+0200 (CEST);1564230556000;1.83;368.63
1380556833984591;36.6;32.9;Sat Jul 27 2019 14:30:29 GMT+0200 (CEST);Sat Jul 27 2019 12:30:29 GMT+0200 (CEST);1564230629000;1.88;378.87
1380556833984591;36.6;32.9;Sat Jul 27 2019 14:31:43 GMT+0200 (CEST);Sat Jul 27 2019 12:31:43 GMT+0200 (CEST);1564230703000;1.92;389.11
1380556833984591;36.6;32.9;Sat Jul 27 2019 14:32:59 GMT+0200 (CEST);Sat Jul 27 2019 12:32:59 GMT+0200 (CEST);1564230779000;1.98;399.35
1380556833984591;36.6;32.8;Sat Jul 27 2019 14:34:12 GMT+0200 (CEST);Sat Jul 27 2019 12:34:12 GMT+0200 (CEST);1564230852000;2.02;407.03
1380556833984591;36.6;32.9;Sat Jul 27 2019 14:35:24 GMT+0200 (CEST);Sat Jul 27 2019 12:35:24 GMT+0200 (CEST);1564230924000;2.07;414.71
1380556833984591;36.6;32.8;Sat Jul 27 2019 14:36:38 GMT+0200 (CEST);Sat Jul 27 2019 12:36:38 GMT+0200 (CEST);1564230998000;2.06;417.27
1380556833984591;36.6;32.6;Sat Jul 27 2019 14:37:52 GMT+0200 (CEST);Sat Jul 27 2019 12:37:52 GMT+0200 (CEST);1564231072000;2.09;424.95
1380556833984591;37.1;32.7;Sat Jul 27 2019 14:39:06 GMT+0200 (CEST);Sat Jul 27 2019 12:39:06 GMT+0200 (CEST);1564231146000;2.13;430.07
1380556833984591;37.1;32.6;Sat Jul 27 2019 14:40:20 GMT+0200 (CEST);Sat Jul 27 2019 12:40:20 GMT+0200 (CEST);1564231220000;2.12;427.51
1380556833984591;37.1;32.6;Sat Jul 27 2019 14:41:33 GMT+0200 (CEST);Sat Jul 27 2019 12:41:33 GMT+0200 (CEST);1564231293000;2.1;427.51
1380556833984591;37.1;32.5;Sat Jul 27 2019 14:42:45 GMT+0200 (CEST);Sat Jul 27 2019 12:42:45 GMT+0200 (CEST);1564231365000;2.12;427.51
1380556833984591;38.6;32.5;Sat Jul 27 2019 14:43:58 GMT+0200 (CEST);Sat Jul 27 2019 12:43:58 GMT+0200 (CEST);1564231438000;2.16;447.99
1380556833984591;38.6;32.6;Sat Jul 27 2019 14:45:12 GMT+0200 (CEST);Sat Jul 27 2019 12:45:12 GMT+0200 (CEST);1564231512000;2.2;445.43
1380556833984591;38.6;32.6;Sat Jul 27 2019 14:46:25 GMT+0200 (CEST);Sat Jul 27 2019 12:46:25 GMT+0200 (CEST);1564231585000;2.2;442.87
1380556833984591;38.6;32.8;Sat Jul 27 2019 14:47:41 GMT+0200 (CEST);Sat Jul 27 2019 12:47:41 GMT+0200 (CEST);1564231661000;2.14;442.87
1380556833984591;38.6;32.6;Sat Jul 27 2019 14:48:54 GMT+0200 (CEST);Sat Jul 27 2019 12:48:54 GMT+0200 (CEST);1564231734000;2.12;435.19
1380556833984591;38.6;32.5;Sat Jul 27 2019 14:50:07 GMT+0200 (CEST);Sat Jul 27 2019 12:50:07 GMT+0200 (CEST);1564231807000;2.1;424.95
1380556833984591;38.6;32.5;Sat Jul 27 2019 14:51:20 GMT+0200 (CEST);Sat Jul 27 2019 12:51:20 GMT+0200 (CEST);1564231880000;2.05;414.71
1380556833984591;38.6;32.5;Sat Jul 27 2019 14:52:33 GMT+0200 (CEST);Sat Jul 27 2019 12:52:33 GMT+0200 (CEST);1564231953000;2.04;414.71
1380556833984591;38.6;32.5;Sat Jul 27 2019 14:53:47 GMT+0200 (CEST);Sat Jul 27 2019 12:53:47 GMT+0200 (CEST);1564232027000;2.06;424.95
1380556833984591;38.6;32.5;Sat Jul 27 2019 14:55:00 GMT+0200 (CEST);Sat Jul 27 2019 12:55:00 GMT+0200 (CEST);1564232100000;2.13;445.43
1380556833984591;38.6;32.5;Sat Jul 27 2019 14:56:14 GMT+0200 (CEST);Sat Jul 27 2019 12:56:14 GMT+0200 (CEST);1564232174000;2.31;465.91
1380556833984591;38.6;32.5;Sat Jul 27 2019 14:57:27 GMT+0200 (CEST);Sat Jul 27 2019 12:57:27 GMT+0200 (CEST);1564232247000;2.3;473.59
1380556833984591;39.1;32.5;Sat Jul 27 2019 14:58:41 GMT+0200 (CEST);Sat Jul 27 2019 12:58:41 GMT+0200 (CEST);1564232321000;2.35;476.15
1380556833984591;39.1;32.3;Sat Jul 27 2019 14:59:53 GMT+0200 (CEST);Sat Jul 27 2019 12:59:53 GMT+0200 (CEST);1564232393000;2.98;606.71
1380556833984591;39.1;32.6;Sat Jul 27 2019 15:01:09 GMT+0200 (CEST);Sat Jul 27 2019 13:01:09 GMT+0200 (CEST);1564232469000;2.6;496.63
1380556833984591;39.1;32.1;Sat Jul 27 2019 15:02:22 GMT+0200 (CEST);Sat Jul 27 2019 13:02:22 GMT+0200 (CEST);1564232542000;2.16;432.63
1380556833984591;39.1;32.1;Sat Jul 27 2019 15:03:35 GMT+0200 (CEST);Sat Jul 27 2019 13:03:35 GMT+0200 (CEST);1564232615000;2.1;424.95
1380556833984591;39.1;32;Sat Jul 27 2019 15:04:48 GMT+0200 (CEST);Sat Jul 27 2019 13:04:48 GMT+0200 (CEST);1564232688000;2.12;435.19
1380556833984591;39.1;32.1;Sat Jul 27 2019 15:06:00 GMT+0200 (CEST);Sat Jul 27 2019 13:06:00 GMT+0200 (CEST);1564232760000;2.05;409.59
1380556833984591;40.6;32;Sat Jul 27 2019 15:07:19 GMT+0200 (CEST);Sat Jul 27 2019 13:07:19 GMT+0200 (CEST);1564232839000;1.93;389.11
1380556833984591;40.6;31.9;Sat Jul 27 2019 15:08:32 GMT+0200 (CEST);Sat Jul 27 2019 13:08:32 GMT+0200 (CEST);1564232912000;1.8;360.95
1380556833984591;40.6;32;Sat Jul 27 2019 15:09:45 GMT+0200 (CEST);Sat Jul 27 2019 13:09:45 GMT+0200 (CEST);1564232985000;1.71;345.59
1380556833984591;40.6;32;Sat Jul 27 2019 15:10:58 GMT+0200 (CEST);Sat Jul 27 2019 13:10:58 GMT+0200 (CEST);1564233058000;1.64;330.23
1380556833984591;40.6;31.9;Sat Jul 27 2019 15:12:11 GMT+0200 (CEST);Sat Jul 27 2019 13:12:11 GMT+0200 (CEST);1564233131000;1.59;321.09
1380556833984591;40.6;32;Sat Jul 27 2019 15:13:24 GMT+0200 (CEST);Sat Jul 27 2019 13:13:24 GMT+0200 (CEST);1564233204000;1.57;317.11
1380556833984591;40.6;32.1;Sat Jul 27 2019 15:14:37 GMT+0200 (CEST);Sat Jul 27 2019 13:14:37 GMT+0200 (CEST);1564233277000;1.57;315.83
1380556833984591;40.6;32.1;Sat Jul 27 2019 15:15:51 GMT+0200 (CEST);Sat Jul 27 2019 13:15:51 GMT+0200 (CEST);1564233351000;1.58;318.61
1380556833984591;40.6;32.2;Sat Jul 27 2019 15:17:04 GMT+0200 (CEST);Sat Jul 27 2019 13:17:04 GMT+0200 (CEST);1564233424000;1.63;330.23
1380556833984591;40.6;32.3;Sat Jul 27 2019 15:18:18 GMT+0200 (CEST);Sat Jul 27 2019 13:18:18 GMT+0200 (CEST);1564233498000;1.67;340.47
1380556833984591;40.6;32.3;Sat Jul 27 2019 15:19:31 GMT+0200 (CEST);Sat Jul 27 2019 13:19:31 GMT+0200 (CEST);1564233571000;1.77;360.95
1380556833984591;40.6;32.6;Sat Jul 27 2019 15:21:05 GMT+0200 (CEST);Sat Jul 27 2019 13:21:05 GMT+0200 (CEST);1564233665000;1.93;430.07
1380556833984591;39.1;32.5;Sat Jul 27 2019 15:22:17 GMT+0200 (CEST);Sat Jul 27 2019 13:22:17 GMT+0200 (CEST);1564233737000;1.84;376.31
1380556833984591;39.1;32.5;Sat Jul 27 2019 15:23:30 GMT+0200 (CEST);Sat Jul 27 2019 13:23:30 GMT+0200 (CEST);1564233810000;1.75;353.27
1380556833984591;39.1;32.3;Sat Jul 27 2019 15:24:44 GMT+0200 (CEST);Sat Jul 27 2019 13:24:44 GMT+0200 (CEST);1564233884000;1.56;321.73
1380556833984591;39.1;32.3;Sat Jul 27 2019 15:25:57 GMT+0200 (CEST);Sat Jul 27 2019 13:25:57 GMT+0200 (CEST);1564233957000;1.49;301.53
1380556833984591;39.1;32.3;Sat Jul 27 2019 15:27:10 GMT+0200 (CEST);Sat Jul 27 2019 13:27:10 GMT+0200 (CEST);1564234030000;1.44;288.62
1380556833984591;39.1;32.1;Sat Jul 27 2019 15:28:23 GMT+0200 (CEST);Sat Jul 27 2019 13:28:23 GMT+0200 (CEST);1564234103000;1.39;282.68
1380556833984591;39.1;32.2;Sat Jul 27 2019 15:29:37 GMT+0200 (CEST);Sat Jul 27 2019 13:29:37 GMT+0200 (CEST);1564234177000;1.39;279.19
1380556833984591;39.1;32.2;Sat Jul 27 2019 15:30:50 GMT+0200 (CEST);Sat Jul 27 2019 13:30:50 GMT+0200 (CEST);1564234250000;1.39;278.03
1380556833984591;38.6;32.3;Sat Jul 27 2019 15:32:02 GMT+0200 (CEST);Sat Jul 27 2019 13:32:02 GMT+0200 (CEST);1564234322000;1.38;277.37
1380556833984591;38.6;32.3;Sat Jul 27 2019 15:33:16 GMT+0200 (CEST);Sat Jul 27 2019 13:33:16 GMT+0200 (CEST);1564234396000;1.39;278.88
1380556833984591;38.6;32.2;Sat Jul 27 2019 15:34:28 GMT+0200 (CEST);Sat Jul 27 2019 13:34:28 GMT+0200 (CEST);1564234468000;1.37;275.34
1380556833984591;38.6;32.5;Sat Jul 27 2019 15:35:41 GMT+0200 (CEST);Sat Jul 27 2019 13:35:41 GMT+0200 (CEST);1564234541000;1.32;270.61
1380556833984591;38.6;32.5;Sat Jul 27 2019 15:37:07 GMT+0200 (CEST);Sat Jul 27 2019 13:37:07 GMT+0200 (CEST);1564234627000;1.28;258.98
1380556833984591;38.6;32.3;Sat Jul 27 2019 15:38:20 GMT+0200 (CEST);Sat Jul 27 2019 13:38:20 GMT+0200 (CEST);1564234700000;1.25;253.44
1380556833984591;38.6;32.3;Sat Jul 27 2019 15:39:33 GMT+0200 (CEST);Sat Jul 27 2019 13:39:33 GMT+0200 (CEST);1564234773000;1.22;248.33
1380556833984591;38.6;32.2;Sat Jul 27 2019 15:40:46 GMT+0200 (CEST);Sat Jul 27 2019 13:40:46 GMT+0200 (CEST);1564234846000;1.19;242.26
1380556833984591;38.6;32.4;Sat Jul 27 2019 15:41:59 GMT+0200 (CEST);Sat Jul 27 2019 13:41:59 GMT+0200 (CEST);1564234919000;1.19;242.35
1380556833984591;38.6;32.4;Sat Jul 27 2019 15:43:13 GMT+0200 (CEST);Sat Jul 27 2019 13:43:13 GMT+0200 (CEST);1564234993000;1.2;245.2
1380556833984591;38.6;32.3;Sat Jul 27 2019 15:44:26 GMT+0200 (CEST);Sat Jul 27 2019 13:44:26 GMT+0200 (CEST);1564235066000;1.23;252.16
1380556833984591;38.6;32.5;Sat Jul 27 2019 15:45:39 GMT+0200 (CEST);Sat Jul 27 2019 13:45:39 GMT+0200 (CEST);1564235139000;1.24;256.54
1380556833984591;37.1;32.6;Sat Jul 27 2019 15:46:52 GMT+0200 (CEST);Sat Jul 27 2019 13:46:52 GMT+0200 (CEST);1564235212000;1.27;260.23
1380556833984591;37.1;32.5;Sat Jul 27 2019 15:48:04 GMT+0200 (CEST);Sat Jul 27 2019 13:48:04 GMT+0200 (CEST);1564235284000;1.27;259.36
1380556833984591;37.1;32.5;Sat Jul 27 2019 15:49:18 GMT+0200 (CEST);Sat Jul 27 2019 13:49:18 GMT+0200 (CEST);1564235358000;1.25;258.19
1380556833984591;37.1;32.6;Sat Jul 27 2019 15:50:32 GMT+0200 (CEST);Sat Jul 27 2019 13:50:32 GMT+0200 (CEST);1564235432000;1.25;258.17
1380556833984591;37.1;32.5;Sat Jul 27 2019 15:52:05 GMT+0200 (CEST);Sat Jul 27 2019 13:52:05 GMT+0200 (CEST);1564235525000;1.27;262.96
1380556833984591;37.1;32.6;Sat Jul 27 2019 15:53:18 GMT+0200 (CEST);Sat Jul 27 2019 13:53:18 GMT+0200 (CEST);1564235598000;1.32;270
1380556833984591;37.1;32.6;Sat Jul 27 2019 15:54:31 GMT+0200 (CEST);Sat Jul 27 2019 13:54:31 GMT+0200 (CEST);1564235671000;1.36;280.36
1380556833984591;37.1;32.5;Sat Jul 27 2019 15:55:46 GMT+0200 (CEST);Sat Jul 27 2019 13:55:46 GMT+0200 (CEST);1564235746000;1.43;286.82
1380556833984591;37.1;32.6;Sat Jul 27 2019 15:56:51 GMT+0200 (CEST);Sat Jul 27 2019 13:56:51 GMT+0200 (CEST);1564235811000;1.48;298.56
1380556833984591;37.1;32.7;Sat Jul 27 2019 15:58:04 GMT+0200 (CEST);Sat Jul 27 2019 13:58:04 GMT+0200 (CEST);1564235884000;1.6;330.23
1380556833984591;37.1;32.6;Sat Jul 27 2019 15:59:23 GMT+0200 (CEST);Sat Jul 27 2019 13:59:23 GMT+0200 (CEST);1564235963000;1.48;303.34
1380556833984591;37.1;32.5;Sat Jul 27 2019 16:00:46 GMT+0200 (CEST);Sat Jul 27 2019 14:00:46 GMT+0200 (CEST);1564236046000;1.42;289.62
1380556833984591;37.1;32.5;Sat Jul 27 2019 16:01:58 GMT+0200 (CEST);Sat Jul 27 2019 14:01:58 GMT+0200 (CEST);1564236118000;1.36;278.82
1380556833984591;37.1;32.4;Sat Jul 27 2019 16:03:12 GMT+0200 (CEST);Sat Jul 27 2019 14:03:12 GMT+0200 (CEST);1564236192000;1.32;268.09
1380556833984591;37.1;32.4;Sat Jul 27 2019 16:04:30 GMT+0200 (CEST);Sat Jul 27 2019 14:04:30 GMT+0200 (CEST);1564236270000;1.28;261.29
1380556833984591;37.1;32.4;Sat Jul 27 2019 16:05:50 GMT+0200 (CEST);Sat Jul 27 2019 14:05:50 GMT+0200 (CEST);1564236350000;1.25;255.04
1380556833984591;37.1;32.4;Sat Jul 27 2019 16:07:03 GMT+0200 (CEST);Sat Jul 27 2019 14:07:03 GMT+0200 (CEST);1564236423000;1.21;249.22
1380556833984591;37.1;32.3;Sat Jul 27 2019 16:08:06 GMT+0200 (CEST);Sat Jul 27 2019 14:08:06 GMT+0200 (CEST);1564236486000;1.17;243.27
1380556833984591;37.1;32.4;Sat Jul 27 2019 16:09:24 GMT+0200 (CEST);Sat Jul 27 2019 14:09:24 GMT+0200 (CEST);1564236564000;1.15;233.57
1380556833984591;37.1;32.4;Sat Jul 27 2019 16:10:38 GMT+0200 (CEST);Sat Jul 27 2019 14:10:38 GMT+0200 (CEST);1564236638000;1.1;225.06
1380556833984591;37.1;32.3;Sat Jul 27 2019 16:11:55 GMT+0200 (CEST);Sat Jul 27 2019 14:11:55 GMT+0200 (CEST);1564236715000;1.06;220.41
1380556833984591;37.1;32.5;Sat Jul 27 2019 16:13:08 GMT+0200 (CEST);Sat Jul 27 2019 14:13:08 GMT+0200 (CEST);1564236788000;1.04;218.37
1380556833984591;37.1;32.6;Sat Jul 27 2019 16:14:11 GMT+0200 (CEST);Sat Jul 27 2019 14:14:11 GMT+0200 (CEST);1564236851000;1.08;219.45
1380556833984591;37.1;32.3;Sat Jul 27 2019 16:15:24 GMT+0200 (CEST);Sat Jul 27 2019 14:15:24 GMT+0200 (CEST);1564236924000;1.09;225.54
1380556833984591;36.6;32.5;Sat Jul 27 2019 16:16:38 GMT+0200 (CEST);Sat Jul 27 2019 14:16:38 GMT+0200 (CEST);1564236998000;1.15;236.97
1380556833984591;36.6;32.5;Sat Jul 27 2019 16:17:51 GMT+0200 (CEST);Sat Jul 27 2019 14:17:51 GMT+0200 (CEST);1564237071000;1.2;244.96
1380556833984591;36.6;32.5;Sat Jul 27 2019 16:19:06 GMT+0200 (CEST);Sat Jul 27 2019 14:19:06 GMT+0200 (CEST);1564237146000;1.26;255.86
1380556833984591;36.6;32.5;Sat Jul 27 2019 16:20:19 GMT+0200 (CEST);Sat Jul 27 2019 14:20:19 GMT+0200 (CEST);1564237219000;1.3;263.45
1380556833984591;36.6;32.6;Sat Jul 27 2019 16:21:32 GMT+0200 (CEST);Sat Jul 27 2019 14:21:32 GMT+0200 (CEST);1564237292000;1.3;265.74
1380556833984591;36.6;32.6;Sat Jul 27 2019 16:23:11 GMT+0200 (CEST);Sat Jul 27 2019 14:23:11 GMT+0200 (CEST);1564237391000;1.28;263.64
1380556833984591;36.6;32.6;Sat Jul 27 2019 16:24:25 GMT+0200 (CEST);Sat Jul 27 2019 14:24:25 GMT+0200 (CEST);1564237465000;1.29;262.75
1380556833984591;36.6;32.5;Sat Jul 27 2019 16:25:39 GMT+0200 (CEST);Sat Jul 27 2019 14:25:39 GMT+0200 (CEST);1564237539000;1.27;261.4
1380556833984591;36.6;32.6;Sat Jul 27 2019 16:26:56 GMT+0200 (CEST);Sat Jul 27 2019 14:26:56 GMT+0200 (CEST);1564237616000;1.28;260.59
1380556833984591;36.6;32.6;Sat Jul 27 2019 16:28:13 GMT+0200 (CEST);Sat Jul 27 2019 14:28:13 GMT+0200 (CEST);1564237693000;1.27;258.18
1380556833984591;36.6;32.5;Sat Jul 27 2019 16:29:26 GMT+0200 (CEST);Sat Jul 27 2019 14:29:26 GMT+0200 (CEST);1564237766000;1.25;257.9
1380556833984591;36.6;32.4;Sat Jul 27 2019 16:30:42 GMT+0200 (CEST);Sat Jul 27 2019 14:30:42 GMT+0200 (CEST);1564237842000;1.24;256.57
1380556833984591;38.6;32.5;Sat Jul 27 2019 16:31:55 GMT+0200 (CEST);Sat Jul 27 2019 14:31:55 GMT+0200 (CEST);1564237915000;1.24;254.57
1380556833984591;38.6;32.4;Sat Jul 27 2019 16:33:08 GMT+0200 (CEST);Sat Jul 27 2019 14:33:08 GMT+0200 (CEST);1564237988000;1.22;252.49
1380556833984591;38.6;32.5;Sat Jul 27 2019 16:34:21 GMT+0200 (CEST);Sat Jul 27 2019 14:34:21 GMT+0200 (CEST);1564238061000;1.23;254.02
1380556833984591;38.6;32.6;Sat Jul 27 2019 16:35:34 GMT+0200 (CEST);Sat Jul 27 2019 14:35:34 GMT+0200 (CEST);1564238134000;1.25;258.57
1380556833984591;36.6;32.5;Sat Jul 27 2019 16:37:11 GMT+0200 (CEST);Sat Jul 27 2019 14:37:11 GMT+0200 (CEST);1564238231000;1.28;263.88
1380556833984591;36.6;32.5;Sat Jul 27 2019 16:38:36 GMT+0200 (CEST);Sat Jul 27 2019 14:38:36 GMT+0200 (CEST);1564238316000;1.29;266.21
1380556833984591;36.6;32.6;Sat Jul 27 2019 16:39:49 GMT+0200 (CEST);Sat Jul 27 2019 14:39:49 GMT+0200 (CEST);1564238389000;1.32;271.51
1380556833984591;36.6;32.5;Sat Jul 27 2019 16:41:02 GMT+0200 (CEST);Sat Jul 27 2019 14:41:02 GMT+0200 (CEST);1564238462000;1.32;275.62
1380556833984591;36.6;32.6;Sat Jul 27 2019 16:42:15 GMT+0200 (CEST);Sat Jul 27 2019 14:42:15 GMT+0200 (CEST);1564238535000;1.39;285.22
1380556833984591;36.6;32.7;Sat Jul 27 2019 16:43:29 GMT+0200 (CEST);Sat Jul 27 2019 14:43:29 GMT+0200 (CEST);1564238609000;1.4;287.06
1380556833984591;36.6;32.6;Sat Jul 27 2019 16:44:42 GMT+0200 (CEST);Sat Jul 27 2019 14:44:42 GMT+0200 (CEST);1564238682000;1.41;288.8
1380556833984591;36.6;32.6;Sat Jul 27 2019 16:45:56 GMT+0200 (CEST);Sat Jul 27 2019 14:45:56 GMT+0200 (CEST);1564238756000;1.43;297.5
1380556833984591;36.6;32.6;Sat Jul 27 2019 16:47:09 GMT+0200 (CEST);Sat Jul 27 2019 14:47:09 GMT+0200 (CEST);1564238829000;1.52;313.28
1380556833984591;36.6;32.7;Sat Jul 27 2019 16:48:22 GMT+0200 (CEST);Sat Jul 27 2019 14:48:22 GMT+0200 (CEST);1564238902000;1.6;332.79
1380556833984591;36.6;32.9;Sat Jul 27 2019 16:49:35 GMT+0200 (CEST);Sat Jul 27 2019 14:49:35 GMT+0200 (CEST);1564238975000;1.77;363.51
1380556833984591;37.1;32.9;Sat Jul 27 2019 16:50:47 GMT+0200 (CEST);Sat Jul 27 2019 14:50:47 GMT+0200 (CEST);1564239047000;1.63;337.91
1380556833984591;37.1;32.6;Sat Jul 27 2019 16:52:00 GMT+0200 (CEST);Sat Jul 27 2019 14:52:00 GMT+0200 (CEST);1564239120000;1.6;330.23
1380556833984591;37.1;32.6;Sat Jul 27 2019 16:53:13 GMT+0200 (CEST);Sat Jul 27 2019 14:53:13 GMT+0200 (CEST);1564239193000;1.6;326.11
1380556833984591;37.1;32.6;Sat Jul 27 2019 16:54:26 GMT+0200 (CEST);Sat Jul 27 2019 14:54:26 GMT+0200 (CEST);1564239266000;1.62;332.79
1380556833984591;37.1;32.6;Sat Jul 27 2019 16:55:39 GMT+0200 (CEST);Sat Jul 27 2019 14:55:39 GMT+0200 (CEST);1564239339000;1.71;353.27
1380556833984591;37.1;33;Sat Jul 27 2019 16:56:53 GMT+0200 (CEST);Sat Jul 27 2019 14:56:53 GMT+0200 (CEST);1564239413000;1.84;378.87
1380556833984591;37.1;33;Sat Jul 27 2019 16:58:07 GMT+0200 (CEST);Sat Jul 27 2019 14:58:07 GMT+0200 (CEST);1564239487000;2.12;427.51
1380556833984591;37.1;33.5;Sat Jul 27 2019 16:59:20 GMT+0200 (CEST);Sat Jul 27 2019 14:59:20 GMT+0200 (CEST);1564239560000;2.2;463.35
1380556833984591;37.1;33.2;Sat Jul 27 2019 17:00:38 GMT+0200 (CEST);Sat Jul 27 2019 15:00:38 GMT+0200 (CEST);1564239638000;2.17;447.99
1380556833984591;37.1;33.2;Sat Jul 27 2019 17:02:07 GMT+0200 (CEST);Sat Jul 27 2019 15:02:07 GMT+0200 (CEST);1564239727000;2.23;465.91
1380556833984591;37.1;33.2;Sat Jul 27 2019 17:03:23 GMT+0200 (CEST);Sat Jul 27 2019 15:03:23 GMT+0200 (CEST);1564239803000;1.88;399.35
1380556833984591;37.1;33.1;Sat Jul 27 2019 17:04:38 GMT+0200 (CEST);Sat Jul 27 2019 15:04:38 GMT+0200 (CEST);1564239878000;2.07;442.87
1380556833984591;38.6;33.1;Sat Jul 27 2019 17:05:52 GMT+0200 (CEST);Sat Jul 27 2019 15:05:52 GMT+0200 (CEST);1564239952000;2.33;509.43
1380556833984591;38.6;33.1;Sat Jul 27 2019 17:07:05 GMT+0200 (CEST);Sat Jul 27 2019 15:07:05 GMT+0200 (CEST);1564240025000;2.6;524.79
1380556833984591;38.6;32.7;Sat Jul 27 2019 17:08:18 GMT+0200 (CEST);Sat Jul 27 2019 15:08:18 GMT+0200 (CEST);1564240098000;2.9;588.79
1380556833984591;38.6;33.4;Sat Jul 27 2019 17:09:31 GMT+0200 (CEST);Sat Jul 27 2019 15:09:31 GMT+0200 (CEST);1564240171000;2.91;609.27
1380556833984591;39.1;32.9;Sat Jul 27 2019 17:10:44 GMT+0200 (CEST);Sat Jul 27 2019 15:10:44 GMT+0200 (CEST);1564240244000;2.95;596.47
1380556833984591;39.1;32.5;Sat Jul 27 2019 17:11:58 GMT+0200 (CEST);Sat Jul 27 2019 15:11:58 GMT+0200 (CEST);1564240318000;3.39;677.94
1380556833984591;39.1;31.7;Sat Jul 27 2019 17:13:14 GMT+0200 (CEST);Sat Jul 27 2019 15:13:14 GMT+0200 (CEST);1564240394000;3.23;639.99
1380556833984591;40.6;31.9;Sat Jul 27 2019 17:14:27 GMT+0200 (CEST);Sat Jul 27 2019 15:14:27 GMT+0200 (CEST);1564240467000;2.51;517.11
1380556833984591;40.6;32.2;Sat Jul 27 2019 17:15:40 GMT+0200 (CEST);Sat Jul 27 2019 15:15:40 GMT+0200 (CEST);1564240540000;1.76;350.71
1380556833984591;40.6;31.7;Sat Jul 27 2019 17:16:56 GMT+0200 (CEST);Sat Jul 27 2019 15:16:56 GMT+0200 (CEST);1564240616000;1.7;337.91
1380556833984591;40.6;31.7;Sat Jul 27 2019 17:18:18 GMT+0200 (CEST);Sat Jul 27 2019 15:18:18 GMT+0200 (CEST);1564240698000;1.69;337.91
1380556833984591;40.6;31.9;Sat Jul 27 2019 17:19:31 GMT+0200 (CEST);Sat Jul 27 2019 15:19:31 GMT+0200 (CEST);1564240771000;1.77;350.71
1380556833984591;41.1;32.1;Sat Jul 27 2019 17:20:44 GMT+0200 (CEST);Sat Jul 27 2019 15:20:44 GMT+0200 (CEST);1564240844000;1.91;399.35
1380556833984591;41.1;32.6;Sat Jul 27 2019 17:21:57 GMT+0200 (CEST);Sat Jul 27 2019 15:21:57 GMT+0200 (CEST);1564240917000;2.37;483.83
1380556833984591;41.1;32.6;Sat Jul 27 2019 17:23:31 GMT+0200 (CEST);Sat Jul 27 2019 15:23:31 GMT+0200 (CEST);1564241011000;2.73;542.71
1380556833984591;42.6;32.6;Sat Jul 27 2019 17:24:43 GMT+0200 (CEST);Sat Jul 27 2019 15:24:43 GMT+0200 (CEST);1564241083000;2.93;552.95
1380556833984591;42.6;32.5;Sat Jul 27 2019 17:25:57 GMT+0200 (CEST);Sat Jul 27 2019 15:25:57 GMT+0200 (CEST);1564241157000;1.88;391.67
1380556833984591;42.6;32.2;Sat Jul 27 2019 17:27:11 GMT+0200 (CEST);Sat Jul 27 2019 15:27:11 GMT+0200 (CEST);1564241231000;1.9;401.91
1380556833984591;42.6;32.8;Sat Jul 27 2019 17:28:31 GMT+0200 (CEST);Sat Jul 27 2019 15:28:31 GMT+0200 (CEST);1564241311000;1.85;368.63
1380556833984591;42.6;32.8;Sat Jul 27 2019 17:29:36 GMT+0200 (CEST);Sat Jul 27 2019 15:29:36 GMT+0200 (CEST);1564241376000;2.26;427.51
1380556833984591;42.6;32.2;Sat Jul 27 2019 17:30:49 GMT+0200 (CEST);Sat Jul 27 2019 15:30:49 GMT+0200 (CEST);1564241449000;1.44;288.33
1380556833984591;42.6;31.6;Sat Jul 27 2019 17:32:04 GMT+0200 (CEST);Sat Jul 27 2019 15:32:04 GMT+0200 (CEST);1564241524000;1.25;250.83
1380556833984591;42.6;31.4;Sat Jul 27 2019 17:33:21 GMT+0200 (CEST);Sat Jul 27 2019 15:33:21 GMT+0200 (CEST);1564241601000;1.11;225.89
1380556833984591;42.6;31.4;Sat Jul 27 2019 17:34:38 GMT+0200 (CEST);Sat Jul 27 2019 15:34:38 GMT+0200 (CEST);1564241678000;1.01;207.12
1380556833984591;42.6;31.4;Sat Jul 27 2019 17:35:51 GMT+0200 (CEST);Sat Jul 27 2019 15:35:51 GMT+0200 (CEST);1564241751000;0.95;196.35
1380556833984591;42.6;31.4;Sat Jul 27 2019 17:37:18 GMT+0200 (CEST);Sat Jul 27 2019 15:37:18 GMT+0200 (CEST);1564241838000;0.93;192.86
1380556833984591;42.6;31.7;Sat Jul 27 2019 17:38:31 GMT+0200 (CEST);Sat Jul 27 2019 15:38:31 GMT+0200 (CEST);1564241911000;0.94;194.78
1380556833984591;40.6;31.8;Sat Jul 27 2019 17:39:46 GMT+0200 (CEST);Sat Jul 27 2019 15:39:46 GMT+0200 (CEST);1564241986000;0.96;200.04
1380556833984591;40.6;32;Sat Jul 27 2019 17:41:00 GMT+0200 (CEST);Sat Jul 27 2019 15:41:00 GMT+0200 (CEST);1564242060000;0.99;204.53
1380556833984591;40.6;32;Sat Jul 27 2019 17:42:13 GMT+0200 (CEST);Sat Jul 27 2019 15:42:13 GMT+0200 (CEST);1564242133000;0.99;208.45
1380556833984591;40.6;32;Sat Jul 27 2019 17:43:16 GMT+0200 (CEST);Sat Jul 27 2019 15:43:16 GMT+0200 (CEST);1564242196000;1.01;210.07
1380556833984591;39.1;32.2;Sat Jul 27 2019 17:44:29 GMT+0200 (CEST);Sat Jul 27 2019 15:44:29 GMT+0200 (CEST);1564242269000;1.02;213.51
1380556833984591;39.1;32.2;Sat Jul 27 2019 17:45:42 GMT+0200 (CEST);Sat Jul 27 2019 15:45:42 GMT+0200 (CEST);1564242342000;1.04;217.04
1380556833984591;39.1;32.3;Sat Jul 27 2019 17:46:56 GMT+0200 (CEST);Sat Jul 27 2019 15:46:56 GMT+0200 (CEST);1564242416000;1.04;219.57
1380556833984591;39.1;32.3;Sat Jul 27 2019 17:48:10 GMT+0200 (CEST);Sat Jul 27 2019 15:48:10 GMT+0200 (CEST);1564242490000;1.08;222.53
1380556833984591;38.6;32.4;Sat Jul 27 2019 17:49:25 GMT+0200 (CEST);Sat Jul 27 2019 15:49:25 GMT+0200 (CEST);1564242565000;1.12;230.75
1380556833984591;38.6;32.4;Sat Jul 27 2019 17:50:38 GMT+0200 (CEST);Sat Jul 27 2019 15:50:38 GMT+0200 (CEST);1564242638000;1.18;238.13
1380556833984591;38.6;32.6;Sat Jul 27 2019 17:51:55 GMT+0200 (CEST);Sat Jul 27 2019 15:51:55 GMT+0200 (CEST);1564242715000;1.26;271.65
1380556833984591;38.6;32.6;Sat Jul 27 2019 17:53:08 GMT+0200 (CEST);Sat Jul 27 2019 15:53:08 GMT+0200 (CEST);1564242788000;1.3;262.29
1380556833984591;38.6;33.4;Sat Jul 27 2019 17:54:35 GMT+0200 (CEST);Sat Jul 27 2019 15:54:35 GMT+0200 (CEST);1564242875000;1.39;302.45
1380556833984591;38.6;33.6;Sat Jul 27 2019 17:55:49 GMT+0200 (CEST);Sat Jul 27 2019 15:55:49 GMT+0200 (CEST);1564242949000;1.29;268.74
1380556833984591;38.6;33.2;Sat Jul 27 2019 17:57:04 GMT+0200 (CEST);Sat Jul 27 2019 15:57:04 GMT+0200 (CEST);1564243024000;1.13;235.59
1380556833984591;38.6;32.6;Sat Jul 27 2019 17:58:18 GMT+0200 (CEST);Sat Jul 27 2019 15:58:18 GMT+0200 (CEST);1564243098000;1.12;234.94
1380556833984591;38.6;33.2;Sat Jul 27 2019 17:59:30 GMT+0200 (CEST);Sat Jul 27 2019 15:59:30 GMT+0200 (CEST);1564243170000;1.29;268.85
1380556833984591;38.6;33.3;Sat Jul 27 2019 18:00:43 GMT+0200 (CEST);Sat Jul 27 2019 16:00:43 GMT+0200 (CEST);1564243243000;1.1;231.41
1380556833984591;38.6;33;Sat Jul 27 2019 18:01:57 GMT+0200 (CEST);Sat Jul 27 2019 16:01:57 GMT+0200 (CEST);1564243317000;0.99;207.21
1380556833984591;38.6;32.2;Sat Jul 27 2019 18:03:10 GMT+0200 (CEST);Sat Jul 27 2019 16:03:10 GMT+0200 (CEST);1564243390000;0.92;191.02
1380556833984591;38.6;32.2;Sat Jul 27 2019 18:04:19 GMT+0200 (CEST);Sat Jul 27 2019 16:04:19 GMT+0200 (CEST);1564243459000;0.9;186.97
1380556833984591;38.6;32.2;Sat Jul 27 2019 18:05:33 GMT+0200 (CEST);Sat Jul 27 2019 16:05:33 GMT+0200 (CEST);1564243533000;0.91;188.59
1380556833984591;38.6;32.5;Sat Jul 27 2019 18:06:47 GMT+0200 (CEST);Sat Jul 27 2019 16:06:47 GMT+0200 (CEST);1564243607000;0.92;195.29
1380556833984591;37.1;32.4;Sat Jul 27 2019 18:08:01 GMT+0200 (CEST);Sat Jul 27 2019 16:08:01 GMT+0200 (CEST);1564243681000;0.86;182.37
1380556833984591;37.1;32;Sat Jul 27 2019 18:09:14 GMT+0200 (CEST);Sat Jul 27 2019 16:09:14 GMT+0200 (CEST);1564243754000;0.85;181.91
1380556833984591;37.1;32.4;Sat Jul 27 2019 18:10:26 GMT+0200 (CEST);Sat Jul 27 2019 16:10:26 GMT+0200 (CEST);1564243826000;0.87;183.5
1380556833984591;37.1;32.3;Sat Jul 27 2019 18:11:53 GMT+0200 (CEST);Sat Jul 27 2019 16:11:53 GMT+0200 (CEST);1564243913000;0.85;176.93
1380556833984591;37.1;33.3;Sat Jul 27 2019 18:13:07 GMT+0200 (CEST);Sat Jul 27 2019 16:13:07 GMT+0200 (CEST);1564243987000;0.81;180.03
1380556833984591;37.1;32.8;Sat Jul 27 2019 18:14:22 GMT+0200 (CEST);Sat Jul 27 2019 16:14:22 GMT+0200 (CEST);1564244062000;0.78;169.8
1380556833984591;37.1;32.3;Sat Jul 27 2019 18:15:34 GMT+0200 (CEST);Sat Jul 27 2019 16:15:34 GMT+0200 (CEST);1564244134000;0.72;156.88
1380556833984591;36.6;32;Sat Jul 27 2019 18:16:47 GMT+0200 (CEST);Sat Jul 27 2019 16:16:47 GMT+0200 (CEST);1564244207000;0.66;146.68
1380556833984591;36.6;31.9;Sat Jul 27 2019 18:18:00 GMT+0200 (CEST);Sat Jul 27 2019 16:18:00 GMT+0200 (CEST);1564244280000;0.64;140.27
1380556833984591;36.6;31.9;Sat Jul 27 2019 18:19:27 GMT+0200 (CEST);Sat Jul 27 2019 16:19:27 GMT+0200 (CEST);1564244367000;0.6;129.01
1380556833984591;36.6;31.7;Sat Jul 27 2019 18:20:43 GMT+0200 (CEST);Sat Jul 27 2019 16:20:43 GMT+0200 (CEST);1564244443000;0.54;119.2
1380556833984591;36.6;31.5;Sat Jul 27 2019 18:22:02 GMT+0200 (CEST);Sat Jul 27 2019 16:22:02 GMT+0200 (CEST);1564244522000;0.5;110.97
1380556833984591;36.6;31.3;Sat Jul 27 2019 18:23:16 GMT+0200 (CEST);Sat Jul 27 2019 16:23:16 GMT+0200 (CEST);1564244596000;0.47;106.61
1380556833984591;36.6;31.2;Sat Jul 27 2019 18:24:29 GMT+0200 (CEST);Sat Jul 27 2019 16:24:29 GMT+0200 (CEST);1564244669000;0.44;102.29
1380556833984591;36.6;31.5;Sat Jul 27 2019 18:26:16 GMT+0200 (CEST);Sat Jul 27 2019 16:26:16 GMT+0200 (CEST);1564244776000;0.42;98.35
1380556833984591;36.6;31.2;Sat Jul 27 2019 18:27:32 GMT+0200 (CEST);Sat Jul 27 2019 16:27:32 GMT+0200 (CEST);1564244852000;0.41;95.45
1380556833984591;36.6;31.3;Sat Jul 27 2019 18:28:46 GMT+0200 (CEST);Sat Jul 27 2019 16:28:46 GMT+0200 (CEST);1564244926000;0.4;91.65
1380556833984591;36.6;31;Sat Jul 27 2019 18:29:59 GMT+0200 (CEST);Sat Jul 27 2019 16:29:59 GMT+0200 (CEST);1564244999000;0.37;88.32
1380556833984591;34.6;31.2;Sat Jul 27 2019 18:31:13 GMT+0200 (CEST);Sat Jul 27 2019 16:31:13 GMT+0200 (CEST);1564245073000;0.35;83.54
1380556833984591;34.6;30.8;Sat Jul 27 2019 18:32:29 GMT+0200 (CEST);Sat Jul 27 2019 16:32:29 GMT+0200 (CEST);1564245149000;0.33;79.12
1380556833984591;34.6;30.8;Sat Jul 27 2019 18:33:57 GMT+0200 (CEST);Sat Jul 27 2019 16:33:57 GMT+0200 (CEST);1564245237000;0.3;74.58
1380556833984591;34.6;30.8;Sat Jul 27 2019 18:35:28 GMT+0200 (CEST);Sat Jul 27 2019 16:35:28 GMT+0200 (CEST);1564245328000;0.29;71.81
1380556833984591;32.1;30.7;Sat Jul 27 2019 18:36:41 GMT+0200 (CEST);Sat Jul 27 2019 16:36:41 GMT+0200 (CEST);1564245401000;0.28;69.43
1380556833984591;32.1;30.7;Sat Jul 27 2019 18:37:55 GMT+0200 (CEST);Sat Jul 27 2019 16:37:55 GMT+0200 (CEST);1564245475000;0.27;68.5
1380556833984591;32.1;30.6;Sat Jul 27 2019 18:39:08 GMT+0200 (CEST);Sat Jul 27 2019 16:39:08 GMT+0200 (CEST);1564245548000;0.26;67.24
1380556833984591;32.1;30.6;Sat Jul 27 2019 18:40:21 GMT+0200 (CEST);Sat Jul 27 2019 16:40:21 GMT+0200 (CEST);1564245621000;0.26;67.48
1380556833984591;32.1;30.7;Sat Jul 27 2019 18:41:36 GMT+0200 (CEST);Sat Jul 27 2019 16:41:36 GMT+0200 (CEST);1564245696000;0.27;68.26
1380556833984591;32.1;30.8;Sat Jul 27 2019 18:42:59 GMT+0200 (CEST);Sat Jul 27 2019 16:42:59 GMT+0200 (CEST);1564245779000;0.27;69.54
1380556833984591;32.1;31;Sat Jul 27 2019 18:44:11 GMT+0200 (CEST);Sat Jul 27 2019 16:44:11 GMT+0200 (CEST);1564245851000;0.27;70.11
1380556833984591;32.1;31;Sat Jul 27 2019 18:45:24 GMT+0200 (CEST);Sat Jul 27 2019 16:45:24 GMT+0200 (CEST);1564245924000;0.27;69.81
1380556833984591;31.1;30.8;Sat Jul 27 2019 18:46:37 GMT+0200 (CEST);Sat Jul 27 2019 16:46:37 GMT+0200 (CEST);1564245997000;0.27;69.67
1380556833984591;31.1;30.8;Sat Jul 27 2019 18:48:05 GMT+0200 (CEST);Sat Jul 27 2019 16:48:05 GMT+0200 (CEST);1564246085000;0.27;69.52
1380556833984591;31.1;31;Sat Jul 27 2019 18:49:20 GMT+0200 (CEST);Sat Jul 27 2019 16:49:20 GMT+0200 (CEST);1564246160000;0.28;69.88
1380556833984591;31.1;31.3;Sat Jul 27 2019 18:50:58 GMT+0200 (CEST);Sat Jul 27 2019 16:50:58 GMT+0200 (CEST);1564246258000;0.28;70.69
1380556833984591;31.1;31.4;Sat Jul 27 2019 18:52:11 GMT+0200 (CEST);Sat Jul 27 2019 16:52:11 GMT+0200 (CEST);1564246331000;0.28;71.5
1380556833984591;31.1;31.2;Sat Jul 27 2019 18:53:24 GMT+0200 (CEST);Sat Jul 27 2019 16:53:24 GMT+0200 (CEST);1564246404000;0.29;72.65
1380556833984591;31.1;31.2;Sat Jul 27 2019 18:54:46 GMT+0200 (CEST);Sat Jul 27 2019 16:54:46 GMT+0200 (CEST);1564246486000;0.3;74.37
1380556833984591;31.1;31.5;Sat Jul 27 2019 18:55:58 GMT+0200 (CEST);Sat Jul 27 2019 16:55:58 GMT+0200 (CEST);1564246558000;0.31;75.49
1380556833984591;31.1;31.6;Sat Jul 27 2019 18:57:12 GMT+0200 (CEST);Sat Jul 27 2019 16:57:12 GMT+0200 (CEST);1564246632000;0.33;77.96
1380556833984591;31.1;31.1;Sat Jul 27 2019 18:58:29 GMT+0200 (CEST);Sat Jul 27 2019 16:58:29 GMT+0200 (CEST);1564246709000;0.34;80.08
1380556833984591;31.1;31.5;Sat Jul 27 2019 18:59:42 GMT+0200 (CEST);Sat Jul 27 2019 16:59:42 GMT+0200 (CEST);1564246782000;0.35;81.99
1380556833984591;31.1;31.7;Sat Jul 27 2019 19:00:57 GMT+0200 (CEST);Sat Jul 27 2019 17:00:57 GMT+0200 (CEST);1564246857000;0.36;83.89
1380556833984591;31.1;31.5;Sat Jul 27 2019 19:02:12 GMT+0200 (CEST);Sat Jul 27 2019 17:02:12 GMT+0200 (CEST);1564246932000;0.37;86.36
1380556833984591;31.1;31.6;Sat Jul 27 2019 19:03:25 GMT+0200 (CEST);Sat Jul 27 2019 17:03:25 GMT+0200 (CEST);1564247005000;0.39;88.76
1380556833984591;31.1;31.7;Sat Jul 27 2019 19:04:42 GMT+0200 (CEST);Sat Jul 27 2019 17:04:42 GMT+0200 (CEST);1564247082000;0.4;91.01
1380556833984591;31.1;31.6;Sat Jul 27 2019 19:05:55 GMT+0200 (CEST);Sat Jul 27 2019 17:05:55 GMT+0200 (CEST);1564247155000;0.41;93.8
1380556833984591;31.1;31.8;Sat Jul 27 2019 19:07:08 GMT+0200 (CEST);Sat Jul 27 2019 17:07:08 GMT+0200 (CEST);1564247228000;0.41;95.8
1380556833984591;31.1;31.8;Sat Jul 27 2019 19:08:22 GMT+0200 (CEST);Sat Jul 27 2019 17:08:22 GMT+0200 (CEST);1564247302000;0.43;97.42
1380556833984591;31.1;31.7;Sat Jul 27 2019 19:09:35 GMT+0200 (CEST);Sat Jul 27 2019 17:09:35 GMT+0200 (CEST);1564247375000;0.43;97.34
1380556833984591;31.1;31.6;Sat Jul 27 2019 19:10:48 GMT+0200 (CEST);Sat Jul 27 2019 17:10:48 GMT+0200 (CEST);1564247448000;0.42;95.41
1380556833984591;31.1;32.1;Sat Jul 27 2019 19:12:04 GMT+0200 (CEST);Sat Jul 27 2019 17:12:04 GMT+0200 (CEST);1564247524000;0.41;91.53
1380556833984591;31.1;31.5;Sat Jul 27 2019 19:13:23 GMT+0200 (CEST);Sat Jul 27 2019 17:13:23 GMT+0200 (CEST);1564247603000;0.39;88.69
1380556833984591;30.5;31.5;Sat Jul 27 2019 19:14:35 GMT+0200 (CEST);Sat Jul 27 2019 17:14:35 GMT+0200 (CEST);1564247675000;0.38;86.23
1380556833984591;30.5;31.5;Sat Jul 27 2019 19:15:49 GMT+0200 (CEST);Sat Jul 27 2019 17:15:49 GMT+0200 (CEST);1564247749000;0.37;85.26
1380556833984591;30.5;31;Sat Jul 27 2019 19:17:02 GMT+0200 (CEST);Sat Jul 27 2019 17:17:02 GMT+0200 (CEST);1564247822000;0.37;84.62
1380556833984591;30.5;31.2;Sat Jul 27 2019 19:18:16 GMT+0200 (CEST);Sat Jul 27 2019 17:18:16 GMT+0200 (CEST);1564247896000;0.36;84.61
1380556833984591;31.1;31.2;Sat Jul 27 2019 19:19:53 GMT+0200 (CEST);Sat Jul 27 2019 17:19:53 GMT+0200 (CEST);1564247993000;0.36;83.4
1380556833984591;31.1;31.5;Sat Jul 27 2019 19:21:06 GMT+0200 (CEST);Sat Jul 27 2019 17:21:06 GMT+0200 (CEST);1564248066000;0.35;81.69
1380556833984591;31.1;31.3;Sat Jul 27 2019 19:22:23 GMT+0200 (CEST);Sat Jul 27 2019 17:22:23 GMT+0200 (CEST);1564248143000;0.34;79.72
1380556833984591;31.1;31;Sat Jul 27 2019 19:23:39 GMT+0200 (CEST);Sat Jul 27 2019 17:23:39 GMT+0200 (CEST);1564248219000;0.33;76.77
1380556833984591;30.5;30.9;Sat Jul 27 2019 19:24:51 GMT+0200 (CEST);Sat Jul 27 2019 17:24:51 GMT+0200 (CEST);1564248291000;0.32;74.32
1380556833984591;30.5;30.9;Sat Jul 27 2019 19:26:05 GMT+0200 (CEST);Sat Jul 27 2019 17:26:05 GMT+0200 (CEST);1564248365000;0.3;72.62
1380556833984591;30.5;31;Sat Jul 27 2019 19:27:27 GMT+0200 (CEST);Sat Jul 27 2019 17:27:27 GMT+0200 (CEST);1564248447000;0.29;70.01
1380556833984591;30.5;30.8;Sat Jul 27 2019 19:28:42 GMT+0200 (CEST);Sat Jul 27 2019 17:28:42 GMT+0200 (CEST);1564248522000;0.28;67.45
1380556833984591;30.5;31;Sat Jul 27 2019 19:29:58 GMT+0200 (CEST);Sat Jul 27 2019 17:29:58 GMT+0200 (CEST);1564248598000;0.26;65.7
1380556833984591;30.5;30.4;Sat Jul 27 2019 19:31:11 GMT+0200 (CEST);Sat Jul 27 2019 17:31:11 GMT+0200 (CEST);1564248671000;0.26;62.91
1380556833984591;30.5;30.6;Sat Jul 27 2019 19:32:24 GMT+0200 (CEST);Sat Jul 27 2019 17:32:24 GMT+0200 (CEST);1564248744000;0.24;59.78
1380556833984591;30.5;30.6;Sat Jul 27 2019 19:33:38 GMT+0200 (CEST);Sat Jul 27 2019 17:33:38 GMT+0200 (CEST);1564248818000;0.23;57.1
1380556833984591;30.5;30.7;Sat Jul 27 2019 19:34:51 GMT+0200 (CEST);Sat Jul 27 2019 17:34:51 GMT+0200 (CEST);1564248891000;0.21;53.99
1380556833984591;30.5;30.5;Sat Jul 27 2019 19:36:06 GMT+0200 (CEST);Sat Jul 27 2019 17:36:06 GMT+0200 (CEST);1564248966000;0.2;50.97
1380556833984591;30.5;30.5;Sat Jul 27 2019 19:37:28 GMT+0200 (CEST);Sat Jul 27 2019 17:37:28 GMT+0200 (CEST);1564249048000;0.18;49.03
1380556833984591;30.5;30.4;Sat Jul 27 2019 19:38:31 GMT+0200 (CEST);Sat Jul 27 2019 17:38:31 GMT+0200 (CEST);1564249111000;0.17;47.05
1380556833984591;30.5;30.4;Sat Jul 27 2019 19:39:52 GMT+0200 (CEST);Sat Jul 27 2019 17:39:52 GMT+0200 (CEST);1564249192000;0.16;45.17
1380556833984591;30.5;30.5;Sat Jul 27 2019 19:41:05 GMT+0200 (CEST);Sat Jul 27 2019 17:41:05 GMT+0200 (CEST);1564249265000;0.16;43.82
1380556833984591;30.5;30.3;Sat Jul 27 2019 19:42:18 GMT+0200 (CEST);Sat Jul 27 2019 17:42:18 GMT+0200 (CEST);1564249338000;0.15;42.91
1380556833984591;30.5;30.1;Sat Jul 27 2019 19:43:25 GMT+0200 (CEST);Sat Jul 27 2019 17:43:25 GMT+0200 (CEST);1564249405000;0.15;42.21
1380556833984591;30.5;30.2;Sat Jul 27 2019 19:44:44 GMT+0200 (CEST);Sat Jul 27 2019 17:44:44 GMT+0200 (CEST);1564249484000;0.14;41.01
1380556833984591;30.5;30.5;Sat Jul 27 2019 19:45:57 GMT+0200 (CEST);Sat Jul 27 2019 17:45:57 GMT+0200 (CEST);1564249557000;0.14;39.6
1380556833984591;30.5;29.9;Sat Jul 27 2019 19:47:10 GMT+0200 (CEST);Sat Jul 27 2019 17:47:10 GMT+0200 (CEST);1564249630000;0.13;38.6
1380556833984591;29;30.1;Sat Jul 27 2019 19:48:26 GMT+0200 (CEST);Sat Jul 27 2019 17:48:26 GMT+0200 (CEST);1564249706000;0.12;37.38
1380556833984591;29;30.3;Sat Jul 27 2019 19:49:44 GMT+0200 (CEST);Sat Jul 27 2019 17:49:44 GMT+0200 (CEST);1564249784000;0.12;36.45
1380556833984591;29;30.3;Sat Jul 27 2019 19:50:48 GMT+0200 (CEST);Sat Jul 27 2019 17:50:48 GMT+0200 (CEST);1564249848000;0.11;36
1380556833984591;29;30.2;Sat Jul 27 2019 19:52:07 GMT+0200 (CEST);Sat Jul 27 2019 17:52:07 GMT+0200 (CEST);1564249927000;0.12;35.31
1380556833984591;29;30.1;Sat Jul 27 2019 19:53:17 GMT+0200 (CEST);Sat Jul 27 2019 17:53:17 GMT+0200 (CEST);1564249997000;0.11;34.89
1380556833984591;29;30.4;Sat Jul 27 2019 19:54:30 GMT+0200 (CEST);Sat Jul 27 2019 17:54:30 GMT+0200 (CEST);1564250070000;0.11;34.27
1380556833984591;29;30;Sat Jul 27 2019 19:55:43 GMT+0200 (CEST);Sat Jul 27 2019 17:55:43 GMT+0200 (CEST);1564250143000;0.1;33.25
1380556833984591;29;30;Sat Jul 27 2019 19:56:59 GMT+0200 (CEST);Sat Jul 27 2019 17:56:59 GMT+0200 (CEST);1564250219000;0.09;31.95
1380556833984591;29;30.2;Sat Jul 27 2019 19:58:12 GMT+0200 (CEST);Sat Jul 27 2019 17:58:12 GMT+0200 (CEST);1564250292000;0.09;31.16
1380556833984591;29;30.2;Sat Jul 27 2019 19:59:25 GMT+0200 (CEST);Sat Jul 27 2019 17:59:25 GMT+0200 (CEST);1564250365000;0.09;30.92
1380556833984591;29;30.1;Sat Jul 27 2019 20:00:42 GMT+0200 (CEST);Sat Jul 27 2019 18:00:42 GMT+0200 (CEST);1564250442000;0.08;30.34
1380556833984591;29;30.3;Sat Jul 27 2019 20:01:58 GMT+0200 (CEST);Sat Jul 27 2019 18:01:58 GMT+0200 (CEST);1564250518000;0.08;30.02
1380556833984591;29;30.3;Sat Jul 27 2019 20:03:12 GMT+0200 (CEST);Sat Jul 27 2019 18:03:12 GMT+0200 (CEST);1564250592000;0.08;29.25
1380556833984591;29;30.3;Sat Jul 27 2019 20:04:24 GMT+0200 (CEST);Sat Jul 27 2019 18:04:24 GMT+0200 (CEST);1564250664000;0.08;28.91
1380556833984591;29;30.3;Sat Jul 27 2019 20:05:38 GMT+0200 (CEST);Sat Jul 27 2019 18:05:38 GMT+0200 (CEST);1564250738000;0.07;27.84
1380556833984591;29;30.1;Sat Jul 27 2019 20:07:00 GMT+0200 (CEST);Sat Jul 27 2019 18:07:00 GMT+0200 (CEST);1564250820000;0.06;26.8
1380556833984591;29;30;Sat Jul 27 2019 20:08:27 GMT+0200 (CEST);Sat Jul 27 2019 18:08:27 GMT+0200 (CEST);1564250907000;0.06;24.99
1380556833984591;29;29.9;Sat Jul 27 2019 20:09:40 GMT+0200 (CEST);Sat Jul 27 2019 18:09:40 GMT+0200 (CEST);1564250980000;0.06;24.17
1380556833984591;29;29.5;Sat Jul 27 2019 20:10:54 GMT+0200 (CEST);Sat Jul 27 2019 18:10:54 GMT+0200 (CEST);1564251054000;0.05;23.36
1380556833984591;29;29.5;Sat Jul 27 2019 20:11:57 GMT+0200 (CEST);Sat Jul 27 2019 18:11:57 GMT+0200 (CEST);1564251117000;0.05;22.61
1380556833984591;29;29.5;Sat Jul 27 2019 20:13:22 GMT+0200 (CEST);Sat Jul 27 2019 18:13:22 GMT+0200 (CEST);1564251202000;0.04;21.69
1380556833984591;29;29.5;Sat Jul 27 2019 20:14:35 GMT+0200 (CEST);Sat Jul 27 2019 18:14:35 GMT+0200 (CEST);1564251275000;0.04;20.29
1380556833984591;29;29.3;Sat Jul 27 2019 20:16:02 GMT+0200 (CEST);Sat Jul 27 2019 18:16:02 GMT+0200 (CEST);1564251362000;0.03;19.56
1380556833984591;28.5;29.4;Sat Jul 27 2019 20:17:15 GMT+0200 (CEST);Sat Jul 27 2019 18:17:15 GMT+0200 (CEST);1564251435000;0.03;18.21
1380556833984591;28.5;29.1;Sat Jul 27 2019 20:18:28 GMT+0200 (CEST);Sat Jul 27 2019 18:18:28 GMT+0200 (CEST);1564251508000;0.02;17.37
1380556833984591;28.5;29.5;Sat Jul 27 2019 20:19:41 GMT+0200 (CEST);Sat Jul 27 2019 18:19:41 GMT+0200 (CEST);1564251581000;0.01;16.09
1380556833984591;28.5;29.2;Sat Jul 27 2019 20:20:54 GMT+0200 (CEST);Sat Jul 27 2019 18:20:54 GMT+0200 (CEST);1564251654000;0.01;15.3
1380556833984591;28.5;28.5;Sat Jul 27 2019 20:22:18 GMT+0200 (CEST);Sat Jul 27 2019 18:22:18 GMT+0200 (CEST);1564251738000;0.01;14.84
1380556833984591;28.5;28.6;Sat Jul 27 2019 20:23:32 GMT+0200 (CEST);Sat Jul 27 2019 18:23:32 GMT+0200 (CEST);1564251812000;0.01;14.62
1380556833984591;28.5;27.3;Sat Jul 27 2019 20:24:45 GMT+0200 (CEST);Sat Jul 27 2019 18:24:45 GMT+0200 (CEST);1564251885000;0.01;14.26
1380556833984591;28.5;26.7;Sat Jul 27 2019 20:25:58 GMT+0200 (CEST);Sat Jul 27 2019 18:25:58 GMT+0200 (CEST);1564251958000;0;13.98
1380556833984591;28.5;26.1;Sat Jul 27 2019 20:27:12 GMT+0200 (CEST);Sat Jul 27 2019 18:27:12 GMT+0200 (CEST);1564252032000;0.01;13.63
1380556833984591;28.5;25.8;Sat Jul 27 2019 20:28:25 GMT+0200 (CEST);Sat Jul 27 2019 18:28:25 GMT+0200 (CEST);1564252105000;0.01;13.42
1380556833984591;28.5;25.8;Sat Jul 27 2019 20:29:31 GMT+0200 (CEST);Sat Jul 27 2019 18:29:31 GMT+0200 (CEST);1564252171000;0.01;13.12
1380556833984591;26.5;25.8;Sat Jul 27 2019 20:30:44 GMT+0200 (CEST);Sat Jul 27 2019 18:30:44 GMT+0200 (CEST);1564252244000;0;12.83
1380556833984591;26.5;24.9;Sat Jul 27 2019 20:31:57 GMT+0200 (CEST);Sat Jul 27 2019 18:31:57 GMT+0200 (CEST);1564252317000;0;12.55
1380556833984591;26.5;24.7;Sat Jul 27 2019 20:33:10 GMT+0200 (CEST);Sat Jul 27 2019 18:33:10 GMT+0200 (CEST);1564252390000;0;11.94
1380556833984591;26.5;24.5;Sat Jul 27 2019 20:34:24 GMT+0200 (CEST);Sat Jul 27 2019 18:34:24 GMT+0200 (CEST);1564252464000;0;11.71
1380556833984591;25;24.3;Sat Jul 27 2019 20:35:38 GMT+0200 (CEST);Sat Jul 27 2019 18:35:38 GMT+0200 (CEST);1564252538000;0;11.31
1380556833984591;25;24.5;Sat Jul 27 2019 20:37:03 GMT+0200 (CEST);Sat Jul 27 2019 18:37:03 GMT+0200 (CEST);1564252623000;0;10.15
1380556833984591;25;24.8;Sat Jul 27 2019 20:38:18 GMT+0200 (CEST);Sat Jul 27 2019 18:38:18 GMT+0200 (CEST);1564252698000;0;9.59
1380556833984591;25;25.1;Sat Jul 27 2019 20:39:38 GMT+0200 (CEST);Sat Jul 27 2019 18:39:38 GMT+0200 (CEST);1564252778000;0;8.97
1380556833984591;25;25.1;Sat Jul 27 2019 20:40:53 GMT+0200 (CEST);Sat Jul 27 2019 18:40:53 GMT+0200 (CEST);1564252853000;0;8.92
1380556833984591;25;25.2;Sat Jul 27 2019 20:42:06 GMT+0200 (CEST);Sat Jul 27 2019 18:42:06 GMT+0200 (CEST);1564252926000;0;8.68
1380556833984591;25;24.7;Sat Jul 27 2019 20:43:19 GMT+0200 (CEST);Sat Jul 27 2019 18:43:19 GMT+0200 (CEST);1564252999000;0;8.53
1380556833984591;25;25.2;Sat Jul 27 2019 20:44:35 GMT+0200 (CEST);Sat Jul 27 2019 18:44:35 GMT+0200 (CEST);1564253075000;0;8.23
1380556833984591;24.5;24.8;Sat Jul 27 2019 20:45:49 GMT+0200 (CEST);Sat Jul 27 2019 18:45:49 GMT+0200 (CEST);1564253149000;0;8.03
1380556833984591;24.5;24.8;Sat Jul 27 2019 20:47:09 GMT+0200 (CEST);Sat Jul 27 2019 18:47:09 GMT+0200 (CEST);1564253229000;0;7.28
1380556833984591;24.5;24.9;Sat Jul 27 2019 20:48:23 GMT+0200 (CEST);Sat Jul 27 2019 18:48:23 GMT+0200 (CEST);1564253303000;0;6.23
1380556833984591;24.5;24.3;Sat Jul 27 2019 20:49:36 GMT+0200 (CEST);Sat Jul 27 2019 18:49:36 GMT+0200 (CEST);1564253376000;0;4.98
1380556833984591;24.5;24.8;Sat Jul 27 2019 20:50:42 GMT+0200 (CEST);Sat Jul 27 2019 18:50:42 GMT+0200 (CEST);1564253442000;0;4.08
1380556833984591;24.5;27.6;Sat Jul 27 2019 20:51:58 GMT+0200 (CEST);Sat Jul 27 2019 18:51:58 GMT+0200 (CEST);1564253518000;0;3.26
1380556833984591;24.5;30.8;Sat Jul 27 2019 20:53:12 GMT+0200 (CEST);Sat Jul 27 2019 18:53:12 GMT+0200 (CEST);1564253592000;0;2.93
1380556833984591;24.5;29.8;Sat Jul 27 2019 20:54:31 GMT+0200 (CEST);Sat Jul 27 2019 18:54:31 GMT+0200 (CEST);1564253671000;0;2.75
1380556833984591;26.5;29.5;Sat Jul 27 2019 20:55:44 GMT+0200 (CEST);Sat Jul 27 2019 18:55:44 GMT+0200 (CEST);1564253744000;0;2.09
1380556833984591;26.5;28.8;Sat Jul 27 2019 20:56:52 GMT+0200 (CEST);Sat Jul 27 2019 18:56:52 GMT+0200 (CEST);1564253812000;0;1.7
1380556833984591;26.5;28.3;Sat Jul 27 2019 20:58:10 GMT+0200 (CEST);Sat Jul 27 2019 18:58:10 GMT+0200 (CEST);1564253890000;0;1.3
1380556833984591;26.5;27.8;Sat Jul 27 2019 20:59:25 GMT+0200 (CEST);Sat Jul 27 2019 18:59:25 GMT+0200 (CEST);1564253965000;0;0.92
1380556833984591;26.5;27.8;Sat Jul 27 2019 21:00:39 GMT+0200 (CEST);Sat Jul 27 2019 19:00:39 GMT+0200 (CEST);1564254039000;0;0.64
1380556833984591;26.5;27.8;Sat Jul 27 2019 21:02:01 GMT+0200 (CEST);Sat Jul 27 2019 19:02:01 GMT+0200 (CEST);1564254121000;0;0.41
1380556833984591;26.5;27.8;Sat Jul 27 2019 21:03:15 GMT+0200 (CEST);Sat Jul 27 2019 19:03:15 GMT+0200 (CEST);1564254195000;0;0.17
1380556833984591;26.5;27.8;Sat Jul 27 2019 21:04:29 GMT+0200 (CEST);Sat Jul 27 2019 19:04:29 GMT+0200 (CEST);1564254269000;0;-0.01
1380556833984591;-273.2;33.7;Sun Jul 28 2019 06:08:13 GMT+0200 (CEST);Sun Jul 28 2019 04:08:13 GMT+0200 (CEST);1564286893000;0;11.51
1380556833984591;16.9;29.2;Sun Jul 28 2019 06:09:26 GMT+0200 (CEST);Sun Jul 28 2019 04:09:26 GMT+0200 (CEST);1564286966000;0;11.85
1380556833984591;16.9;30;Sun Jul 28 2019 06:10:44 GMT+0200 (CEST);Sun Jul 28 2019 04:10:44 GMT+0200 (CEST);1564287044000;0;12.12
1380556833984591;16.9;29.6;Sun Jul 28 2019 06:11:57 GMT+0200 (CEST);Sun Jul 28 2019 04:11:57 GMT+0200 (CEST);1564287117000;0;12.17
1380556833984591;16.9;29.6;Sun Jul 28 2019 06:13:10 GMT+0200 (CEST);Sun Jul 28 2019 04:13:10 GMT+0200 (CEST);1564287190000;0;12.53
1380556833984591;19;30.2;Sun Jul 28 2019 06:14:25 GMT+0200 (CEST);Sun Jul 28 2019 04:14:25 GMT+0200 (CEST);1564287265000;0;12.58
1380556833984591;19;31.2;Sun Jul 28 2019 06:15:37 GMT+0200 (CEST);Sun Jul 28 2019 04:15:37 GMT+0200 (CEST);1564287337000;0;13.07
1380556833984591;19;31;Sun Jul 28 2019 06:16:51 GMT+0200 (CEST);Sun Jul 28 2019 04:16:51 GMT+0200 (CEST);1564287411000;0;13.85
1380556833984591;19;32.4;Sun Jul 28 2019 06:18:05 GMT+0200 (CEST);Sun Jul 28 2019 04:18:05 GMT+0200 (CEST);1564287485000;0;14.92
1380556833984591;21;32.8;Sun Jul 28 2019 06:19:37 GMT+0200 (CEST);Sun Jul 28 2019 04:19:37 GMT+0200 (CEST);1564287577000;0;17.21
1380556833984591;21;34.2;Sun Jul 28 2019 06:20:55 GMT+0200 (CEST);Sun Jul 28 2019 04:20:55 GMT+0200 (CEST);1564287655000;0;18.79
1380556833984591;21;35.1;Sun Jul 28 2019 06:22:26 GMT+0200 (CEST);Sun Jul 28 2019 04:22:26 GMT+0200 (CEST);1564287746000;0;21.02
1380556833984591;21;35.1;Sun Jul 28 2019 06:23:45 GMT+0200 (CEST);Sun Jul 28 2019 04:23:45 GMT+0200 (CEST);1564287825000;0.03;22.75
1380556833984591;21;31.2;Sun Jul 28 2019 06:24:58 GMT+0200 (CEST);Sun Jul 28 2019 04:24:58 GMT+0200 (CEST);1564287898000;0.04;24.17
1380556833984591;21;31.2;Sun Jul 28 2019 06:26:10 GMT+0200 (CEST);Sun Jul 28 2019 04:26:10 GMT+0200 (CEST);1564287970000;0.05;25.49
1380556833984591;21;31.2;Sun Jul 28 2019 06:27:25 GMT+0200 (CEST);Sun Jul 28 2019 04:27:25 GMT+0200 (CEST);1564288045000;0.05;25.68
1380556833984591;21;31.2;Sun Jul 28 2019 06:28:37 GMT+0200 (CEST);Sun Jul 28 2019 04:28:37 GMT+0200 (CEST);1564288117000;0.04;25.1
1380556833984591;21;31.1;Sun Jul 28 2019 06:29:50 GMT+0200 (CEST);Sun Jul 28 2019 04:29:50 GMT+0200 (CEST);1564288190000;0.04;24.15
1380556833984591;21;31.1;Sun Jul 28 2019 06:31:03 GMT+0200 (CEST);Sun Jul 28 2019 04:31:03 GMT+0200 (CEST);1564288263000;0.04;24.41
1380556833984591;21;31.1;Sun Jul 28 2019 06:32:21 GMT+0200 (CEST);Sun Jul 28 2019 04:32:21 GMT+0200 (CEST);1564288341000;0.04;24.67
1380556833984591;21;31.1;Sun Jul 28 2019 06:33:35 GMT+0200 (CEST);Sun Jul 28 2019 04:33:35 GMT+0200 (CEST);1564288415000;0.05;25.18
1380556833984591;21;31.1;Sun Jul 28 2019 06:34:48 GMT+0200 (CEST);Sun Jul 28 2019 04:34:48 GMT+0200 (CEST);1564288488000;0.05;26.42
1380556833984591;21;31;Sun Jul 28 2019 06:36:22 GMT+0200 (CEST);Sun Jul 28 2019 04:36:22 GMT+0200 (CEST);1564288582000;0.06;28.93
1380556833984591;21;30.9;Sun Jul 28 2019 06:37:36 GMT+0200 (CEST);Sun Jul 28 2019 04:37:36 GMT+0200 (CEST);1564288656000;0.08;30.86
1380556833984591;21;30.8;Sun Jul 28 2019 06:38:53 GMT+0200 (CEST);Sun Jul 28 2019 04:38:53 GMT+0200 (CEST);1564288733000;0.09;32.99
1380556833984591;21;30.6;Sun Jul 28 2019 06:40:06 GMT+0200 (CEST);Sun Jul 28 2019 04:40:06 GMT+0200 (CEST);1564288806000;0.09;33.66
1380556833984591;21;31;Sun Jul 28 2019 06:41:21 GMT+0200 (CEST);Sun Jul 28 2019 04:41:21 GMT+0200 (CEST);1564288881000;0.09;33.17
1380556833984591;21;30.5;Sun Jul 28 2019 06:42:33 GMT+0200 (CEST);Sun Jul 28 2019 04:42:33 GMT+0200 (CEST);1564288953000;0.09;33.18
1380556833984591;21;30.6;Sun Jul 28 2019 06:44:00 GMT+0200 (CEST);Sun Jul 28 2019 04:44:00 GMT+0200 (CEST);1564289040000;0.1;34.29
1380556833984591;21;30.8;Sun Jul 28 2019 06:45:13 GMT+0200 (CEST);Sun Jul 28 2019 04:45:13 GMT+0200 (CEST);1564289113000;0.1;35.73
1380556833984591;21;30.7;Sun Jul 28 2019 06:46:25 GMT+0200 (CEST);Sun Jul 28 2019 04:46:25 GMT+0200 (CEST);1564289185000;0.1;36.34
1380556833984591;21;30.7;Sun Jul 28 2019 06:47:38 GMT+0200 (CEST);Sun Jul 28 2019 04:47:38 GMT+0200 (CEST);1564289258000;0.11;36.59
1380556833984591;21;30.9;Sun Jul 28 2019 06:48:53 GMT+0200 (CEST);Sun Jul 28 2019 04:48:53 GMT+0200 (CEST);1564289333000;0.11;36.55
1380556833984591;21;31;Sun Jul 28 2019 06:50:05 GMT+0200 (CEST);Sun Jul 28 2019 04:50:05 GMT+0200 (CEST);1564289405000;0.11;36.56
1380556833984591;21;31.3;Sun Jul 28 2019 06:51:31 GMT+0200 (CEST);Sun Jul 28 2019 04:51:31 GMT+0200 (CEST);1564289491000;0.11;37.45
1380556833984591;22.5;31.4;Sun Jul 28 2019 06:52:43 GMT+0200 (CEST);Sun Jul 28 2019 04:52:43 GMT+0200 (CEST);1564289563000;0.12;39.61
1380556833984591;22.5;31.3;Sun Jul 28 2019 06:54:07 GMT+0200 (CEST);Sun Jul 28 2019 04:54:07 GMT+0200 (CEST);1564289647000;0.13;42.63
1380556833984591;22.5;31.6;Sun Jul 28 2019 06:55:20 GMT+0200 (CEST);Sun Jul 28 2019 04:55:20 GMT+0200 (CEST);1564289720000;0.15;44.4
1380556833984591;22.5;31.9;Sun Jul 28 2019 06:56:33 GMT+0200 (CEST);Sun Jul 28 2019 04:56:33 GMT+0200 (CEST);1564289793000;0.15;46.33
1380556833984591;22.5;31.8;Sun Jul 28 2019 06:57:46 GMT+0200 (CEST);Sun Jul 28 2019 04:57:46 GMT+0200 (CEST);1564289866000;0.16;48.75
1380556833984591;22.5;32.1;Sun Jul 28 2019 06:59:09 GMT+0200 (CEST);Sun Jul 28 2019 04:59:09 GMT+0200 (CEST);1564289949000;0.18;51.82
1380556833984591;22.5;32.1;Sun Jul 28 2019 07:00:22 GMT+0200 (CEST);Sun Jul 28 2019 05:00:22 GMT+0200 (CEST);1564290022000;0.19;53.45
1380556833984591;22.5;31.7;Sun Jul 28 2019 07:01:34 GMT+0200 (CEST);Sun Jul 28 2019 05:01:34 GMT+0200 (CEST);1564290094000;0.19;53.76
1380556833984591;22.5;31.7;Sun Jul 28 2019 07:02:47 GMT+0200 (CEST);Sun Jul 28 2019 05:02:47 GMT+0200 (CEST);1564290167000;0.21;54.57
1380556833984591;22.5;32.8;Sun Jul 28 2019 07:04:07 GMT+0200 (CEST);Sun Jul 28 2019 05:04:07 GMT+0200 (CEST);1564290247000;0.24;55.61
1380556833984591;22.5;32.1;Sun Jul 28 2019 07:05:21 GMT+0200 (CEST);Sun Jul 28 2019 05:05:21 GMT+0200 (CEST);1564290321000;0.24;55.38
1380556833984591;22.5;31.3;Sun Jul 28 2019 07:06:34 GMT+0200 (CEST);Sun Jul 28 2019 05:06:34 GMT+0200 (CEST);1564290394000;0.23;56.1
1380556833984591;22.5;31.3;Sun Jul 28 2019 07:08:01 GMT+0200 (CEST);Sun Jul 28 2019 05:08:01 GMT+0200 (CEST);1564290481000;0.24;56.42
1380556833984591;22.5;31.2;Sun Jul 28 2019 07:09:17 GMT+0200 (CEST);Sun Jul 28 2019 05:09:17 GMT+0200 (CEST);1564290557000;0.21;56.17
1380556833984591;22.5;31;Sun Jul 28 2019 07:10:30 GMT+0200 (CEST);Sun Jul 28 2019 05:10:30 GMT+0200 (CEST);1564290630000;0.21;56.27
1380556833984591;22.5;31.3;Sun Jul 28 2019 07:11:42 GMT+0200 (CEST);Sun Jul 28 2019 05:11:42 GMT+0200 (CEST);1564290702000;0.21;56.67
1380556833984591;22.5;31.2;Sun Jul 28 2019 07:12:55 GMT+0200 (CEST);Sun Jul 28 2019 05:12:55 GMT+0200 (CEST);1564290775000;0.22;57.93
1380556833984591;22.5;31;Sun Jul 28 2019 07:14:10 GMT+0200 (CEST);Sun Jul 28 2019 05:14:10 GMT+0200 (CEST);1564290850000;0.23;60.37
1380556833984591;22.5;31.6;Sun Jul 28 2019 07:15:42 GMT+0200 (CEST);Sun Jul 28 2019 05:15:42 GMT+0200 (CEST);1564290942000;0.26;67.07
1380556833984591;23;32.6;Sun Jul 28 2019 07:16:54 GMT+0200 (CEST);Sun Jul 28 2019 05:16:54 GMT+0200 (CEST);1564291014000;0.31;74.58
1380556833984591;23;32.1;Sun Jul 28 2019 07:18:07 GMT+0200 (CEST);Sun Jul 28 2019 05:18:07 GMT+0200 (CEST);1564291087000;0.49;83.65
1380556833984591;23;32.7;Sun Jul 28 2019 07:19:30 GMT+0200 (CEST);Sun Jul 28 2019 05:19:30 GMT+0200 (CEST);1564291170000;0.51;89.65
1380556833984591;23;32.6;Sun Jul 28 2019 07:20:43 GMT+0200 (CEST);Sun Jul 28 2019 05:20:43 GMT+0200 (CEST);1564291243000;0.56;94.63
1380556833984591;23;32.3;Sun Jul 28 2019 07:22:00 GMT+0200 (CEST);Sun Jul 28 2019 05:22:00 GMT+0200 (CEST);1564291320000;0.58;98.83
1380556833984591;23;31.9;Sun Jul 28 2019 07:23:42 GMT+0200 (CEST);Sun Jul 28 2019 05:23:42 GMT+0200 (CEST);1564291422000;0.68;112.14
1380556833984591;23;31.7;Sun Jul 28 2019 07:24:55 GMT+0200 (CEST);Sun Jul 28 2019 05:24:55 GMT+0200 (CEST);1564291495000;0.75;141.55
1380556833984591;23;31.1;Sun Jul 28 2019 07:26:10 GMT+0200 (CEST);Sun Jul 28 2019 05:26:10 GMT+0200 (CEST);1564291570000;0.79;170.27
1380556833984591;23;31.1;Sun Jul 28 2019 07:27:22 GMT+0200 (CEST);Sun Jul 28 2019 05:27:22 GMT+0200 (CEST);1564291642000;0.83;191.67
1380556833984591;23;30.9;Sun Jul 28 2019 07:28:35 GMT+0200 (CEST);Sun Jul 28 2019 05:28:35 GMT+0200 (CEST);1564291715000;0.86;199.35
1380556833984591;23;30.8;Sun Jul 28 2019 07:29:49 GMT+0200 (CEST);Sun Jul 28 2019 05:29:49 GMT+0200 (CEST);1564291789000;0.87;202.27
1380556833984591;23;32.5;Sun Jul 28 2019 07:31:10 GMT+0200 (CEST);Sun Jul 28 2019 05:31:10 GMT+0200 (CEST);1564291870000;0.88;204.39
1380556833984591;25;32.6;Sun Jul 28 2019 07:32:22 GMT+0200 (CEST);Sun Jul 28 2019 05:32:22 GMT+0200 (CEST);1564291942000;0.88;201.63
1380556833984591;25;30.8;Sun Jul 28 2019 07:33:40 GMT+0200 (CEST);Sun Jul 28 2019 05:33:40 GMT+0200 (CEST);1564292020000;0.87;197.34
1380556833984591;25;31.5;Sun Jul 28 2019 07:34:54 GMT+0200 (CEST);Sun Jul 28 2019 05:34:54 GMT+0200 (CEST);1564292094000;0.85;193.67
1380556833984591;25;31.7;Sun Jul 28 2019 07:36:10 GMT+0200 (CEST);Sun Jul 28 2019 05:36:10 GMT+0200 (CEST);1564292170000;0.84;194.78
1380556833984591;25;30.8;Sun Jul 28 2019 07:37:29 GMT+0200 (CEST);Sun Jul 28 2019 05:37:29 GMT+0200 (CEST);1564292249000;0.85;195.87
1380556833984591;25;31.4;Sun Jul 28 2019 07:39:11 GMT+0200 (CEST);Sun Jul 28 2019 05:39:11 GMT+0200 (CEST);1564292351000;0.87;200.57
1380556833984591;25;32;Sun Jul 28 2019 07:40:31 GMT+0200 (CEST);Sun Jul 28 2019 05:40:31 GMT+0200 (CEST);1564292431000;0.85;197.25
1380556833984591;26.5;31.8;Sun Jul 28 2019 07:41:44 GMT+0200 (CEST);Sun Jul 28 2019 05:41:44 GMT+0200 (CEST);1564292504000;0.82;186.18
1380556833984591;26.5;30.2;Sun Jul 28 2019 07:42:59 GMT+0200 (CEST);Sun Jul 28 2019 05:42:59 GMT+0200 (CEST);1564292579000;0.89;204.15
1380556833984591;26.5;31.4;Sun Jul 28 2019 07:44:23 GMT+0200 (CEST);Sun Jul 28 2019 05:44:23 GMT+0200 (CEST);1564292663000;0.9;204.66
1380556833984591;26.5;30.9;Sun Jul 28 2019 07:45:40 GMT+0200 (CEST);Sun Jul 28 2019 05:45:40 GMT+0200 (CEST);1564292740000;0.92;206.5
1380556833984591;26.5;31.1;Sun Jul 28 2019 07:46:52 GMT+0200 (CEST);Sun Jul 28 2019 05:46:52 GMT+0200 (CEST);1564292812000;0.93;209.64
1380556833984591;26.5;31.1;Sun Jul 28 2019 07:48:05 GMT+0200 (CEST);Sun Jul 28 2019 05:48:05 GMT+0200 (CEST);1564292885000;0.94;214.06
1380556833984591;26.5;31.9;Sun Jul 28 2019 07:49:49 GMT+0200 (CEST);Sun Jul 28 2019 05:49:49 GMT+0200 (CEST);1564292989000;0.96;217.69
1380556833984591;27;32;Sun Jul 28 2019 07:51:02 GMT+0200 (CEST);Sun Jul 28 2019 05:51:02 GMT+0200 (CEST);1564293062000;1.02;230.49
1380556833984591;27;32.1;Sun Jul 28 2019 07:52:16 GMT+0200 (CEST);Sun Jul 28 2019 05:52:16 GMT+0200 (CEST);1564293136000;1.07;240.21
1380556833984591;27;32.1;Sun Jul 28 2019 07:53:28 GMT+0200 (CEST);Sun Jul 28 2019 05:53:28 GMT+0200 (CEST);1564293208000;1.11;246.29
1380556833984591;27;32.1;Sun Jul 28 2019 07:54:44 GMT+0200 (CEST);Sun Jul 28 2019 05:54:44 GMT+0200 (CEST);1564293284000;1.12;248.52
1380556833984591;28.5;32.3;Sun Jul 28 2019 07:55:57 GMT+0200 (CEST);Sun Jul 28 2019 05:55:57 GMT+0200 (CEST);1564293357000;1.11;246.73
1380556833984591;28.5;32.2;Sun Jul 28 2019 07:57:10 GMT+0200 (CEST);Sun Jul 28 2019 05:57:10 GMT+0200 (CEST);1564293430000;1.1;247.17
1380556833984591;28.5;32.3;Sun Jul 28 2019 07:58:24 GMT+0200 (CEST);Sun Jul 28 2019 05:58:24 GMT+0200 (CEST);1564293504000;1.1;244.32
1380556833984591;28.5;32.1;Sun Jul 28 2019 07:59:36 GMT+0200 (CEST);Sun Jul 28 2019 05:59:36 GMT+0200 (CEST);1564293576000;1.11;246.79
1380556833984591;29.5;32.3;Sun Jul 28 2019 08:00:49 GMT+0200 (CEST);Sun Jul 28 2019 06:00:49 GMT+0200 (CEST);1564293649000;1.17;256.5
1380556833984591;29.5;32.3;Sun Jul 28 2019 08:02:01 GMT+0200 (CEST);Sun Jul 28 2019 06:02:01 GMT+0200 (CEST);1564293721000;1.2;266.16
1380556833984591;29.5;32.3;Sun Jul 28 2019 08:03:14 GMT+0200 (CEST);Sun Jul 28 2019 06:03:14 GMT+0200 (CEST);1564293794000;1.21;267.2
1380556833984591;29.5;32.2;Sun Jul 28 2019 08:04:28 GMT+0200 (CEST);Sun Jul 28 2019 06:04:28 GMT+0200 (CEST);1564293868000;1.16;258.57
1380556833984591;29;32.3;Sun Jul 28 2019 08:05:55 GMT+0200 (CEST);Sun Jul 28 2019 06:05:55 GMT+0200 (CEST);1564293955000;1.2;269.39
1380556833984591;29;32;Sun Jul 28 2019 08:07:09 GMT+0200 (CEST);Sun Jul 28 2019 06:07:09 GMT+0200 (CEST);1564294029000;0.95;184.32
1380556833984591;29;32;Sun Jul 28 2019 08:08:30 GMT+0200 (CEST);Sun Jul 28 2019 06:08:30 GMT+0200 (CEST);1564294110000;0.74;157.36
1380556833984591;30.5;32.1;Sun Jul 28 2019 08:09:43 GMT+0200 (CEST);Sun Jul 28 2019 06:09:43 GMT+0200 (CEST);1564294183000;0.72;156.19
1380556833984591;30.5;32.7;Sun Jul 28 2019 08:10:56 GMT+0200 (CEST);Sun Jul 28 2019 06:10:56 GMT+0200 (CEST);1564294256000;0.73;158.92
1380556833984591;30.5;32.7;Sun Jul 28 2019 08:12:08 GMT+0200 (CEST);Sun Jul 28 2019 06:12:08 GMT+0200 (CEST);1564294328000;0.75;163.55
1380556833984591;30.5;32.7;Sun Jul 28 2019 08:13:21 GMT+0200 (CEST);Sun Jul 28 2019 06:13:21 GMT+0200 (CEST);1564294401000;0.77;167.48
1380556833984591;30.5;32.8;Sun Jul 28 2019 08:14:34 GMT+0200 (CEST);Sun Jul 28 2019 06:14:34 GMT+0200 (CEST);1564294474000;0.8;171.57
1380556833984591;30.5;32.7;Sun Jul 28 2019 08:15:48 GMT+0200 (CEST);Sun Jul 28 2019 06:15:48 GMT+0200 (CEST);1564294548000;0.79;171.85
1380556833984591;30.5;32.8;Sun Jul 28 2019 08:17:01 GMT+0200 (CEST);Sun Jul 28 2019 06:17:01 GMT+0200 (CEST);1564294621000;0.78;170.59
1380556833984591;30.5;32.9;Sun Jul 28 2019 08:18:16 GMT+0200 (CEST);Sun Jul 28 2019 06:18:16 GMT+0200 (CEST);1564294696000;0.77;172.66
1380556833984591;30.5;33.1;Sun Jul 28 2019 08:19:33 GMT+0200 (CEST);Sun Jul 28 2019 06:19:33 GMT+0200 (CEST);1564294773000;0.8;175.49
1380556833984591;30.5;33;Sun Jul 28 2019 08:20:52 GMT+0200 (CEST);Sun Jul 28 2019 06:20:52 GMT+0200 (CEST);1564294852000;0.86;187.17
1380556833984591;30.5;33.2;Sun Jul 28 2019 08:22:06 GMT+0200 (CEST);Sun Jul 28 2019 06:22:06 GMT+0200 (CEST);1564294926000;0.88;194.22
1380556833984591;30.5;33.2;Sun Jul 28 2019 08:23:19 GMT+0200 (CEST);Sun Jul 28 2019 06:23:19 GMT+0200 (CEST);1564294999000;0.88;196.16
1380556833984591;30.5;33.5;Sun Jul 28 2019 08:24:35 GMT+0200 (CEST);Sun Jul 28 2019 06:24:35 GMT+0200 (CEST);1564295075000;1.33;308.61
1380556833984591;30.5;33.9;Sun Jul 28 2019 08:25:48 GMT+0200 (CEST);Sun Jul 28 2019 06:25:48 GMT+0200 (CEST);1564295148000;1.24;366.07
1380556833984591;30.5;33.1;Sun Jul 28 2019 08:27:01 GMT+0200 (CEST);Sun Jul 28 2019 06:27:01 GMT+0200 (CEST);1564295221000;1.04;211.81
1380556833984591;30.5;32.9;Sun Jul 28 2019 08:28:20 GMT+0200 (CEST);Sun Jul 28 2019 06:28:20 GMT+0200 (CEST);1564295300000;0.95;207.78
1380556833984591;30.5;33;Sun Jul 28 2019 08:29:36 GMT+0200 (CEST);Sun Jul 28 2019 06:29:36 GMT+0200 (CEST);1564295376000;0.92;204.47
1380556833984591;30.5;32.5;Sun Jul 28 2019 08:30:49 GMT+0200 (CEST);Sun Jul 28 2019 06:30:49 GMT+0200 (CEST);1564295449000;0.95;202.66
1380556833984591;30.5;32.5;Sun Jul 28 2019 08:32:02 GMT+0200 (CEST);Sun Jul 28 2019 06:32:02 GMT+0200 (CEST);1564295522000;0.98;208.81
1380556833984591;30.5;32.6;Sun Jul 28 2019 08:33:14 GMT+0200 (CEST);Sun Jul 28 2019 06:33:14 GMT+0200 (CEST);1564295594000;1.09;240.09
1380556833984591;30.5;33.2;Sun Jul 28 2019 08:34:29 GMT+0200 (CEST);Sun Jul 28 2019 06:34:29 GMT+0200 (CEST);1564295669000;1.62;332.79
1380556833984591;30.5;33.6;Sun Jul 28 2019 08:35:41 GMT+0200 (CEST);Sun Jul 28 2019 06:35:41 GMT+0200 (CEST);1564295741000;1.49;299.53
1380556833984591;30.5;33.7;Sun Jul 28 2019 08:37:14 GMT+0200 (CEST);Sun Jul 28 2019 06:37:14 GMT+0200 (CEST);1564295834000;1.44;296.17
1380556833984591;30.5;33.5;Sun Jul 28 2019 08:38:27 GMT+0200 (CEST);Sun Jul 28 2019 06:38:27 GMT+0200 (CEST);1564295907000;1.47;294.31
1380556833984591;30.5;33.4;Sun Jul 28 2019 08:39:46 GMT+0200 (CEST);Sun Jul 28 2019 06:39:46 GMT+0200 (CEST);1564295986000;1.38;256.88
1380556833984591;30.5;33.1;Sun Jul 28 2019 08:40:59 GMT+0200 (CEST);Sun Jul 28 2019 06:40:59 GMT+0200 (CEST);1564296059000;1.04;226.63
1380556833984591;30.5;33;Sun Jul 28 2019 08:42:17 GMT+0200 (CEST);Sun Jul 28 2019 06:42:17 GMT+0200 (CEST);1564296137000;1.05;230.12
1380556833984591;31.1;33.4;Sun Jul 28 2019 08:43:48 GMT+0200 (CEST);Sun Jul 28 2019 06:43:48 GMT+0200 (CEST);1564296228000;1.26;266.79
1380556833984591;31.1;33.6;Sun Jul 28 2019 08:45:01 GMT+0200 (CEST);Sun Jul 28 2019 06:45:01 GMT+0200 (CEST);1564296301000;1.29;265.96
1380556833984591;31.1;33.2;Sun Jul 28 2019 08:46:13 GMT+0200 (CEST);Sun Jul 28 2019 06:46:13 GMT+0200 (CEST);1564296373000;1.05;226.82
1380556833984591;31.1;33.2;Sun Jul 28 2019 08:47:40 GMT+0200 (CEST);Sun Jul 28 2019 06:47:40 GMT+0200 (CEST);1564296460000;1.06;223.71
1380556833984591;31.1;33.3;Sun Jul 28 2019 08:48:55 GMT+0200 (CEST);Sun Jul 28 2019 06:48:55 GMT+0200 (CEST);1564296535000;1.26;272.15
1380556833984591;31.1;33.5;Sun Jul 28 2019 08:50:08 GMT+0200 (CEST);Sun Jul 28 2019 06:50:08 GMT+0200 (CEST);1564296608000;1.69;353.27
1380556833984591;31.1;33.3;Sun Jul 28 2019 08:51:55 GMT+0200 (CEST);Sun Jul 28 2019 06:51:55 GMT+0200 (CEST);1564296715000;1.75;381.43
1380556833984591;31.1;33.3;Sun Jul 28 2019 08:53:09 GMT+0200 (CEST);Sun Jul 28 2019 06:53:09 GMT+0200 (CEST);1564296789000;1.72;378.87
1380556833984591;31.1;33.1;Sun Jul 28 2019 08:54:22 GMT+0200 (CEST);Sun Jul 28 2019 06:54:22 GMT+0200 (CEST);1564296862000;1.73;371.19
1380556833984591;31.1;32.8;Sun Jul 28 2019 08:55:35 GMT+0200 (CEST);Sun Jul 28 2019 06:55:35 GMT+0200 (CEST);1564296935000;1.7;360.95
1380556833984591;31.1;32.8;Sun Jul 28 2019 08:56:52 GMT+0200 (CEST);Sun Jul 28 2019 06:56:52 GMT+0200 (CEST);1564297012000;1.46;308.37
1380556833984591;32.1;32.6;Sun Jul 28 2019 08:58:05 GMT+0200 (CEST);Sun Jul 28 2019 06:58:05 GMT+0200 (CEST);1564297085000;1.43;303.31
1380556833984591;32.1;32.5;Sun Jul 28 2019 08:59:46 GMT+0200 (CEST);Sun Jul 28 2019 06:59:46 GMT+0200 (CEST);1564297186000;1.26;265.25
1380556833984591;32.1;32.5;Sun Jul 28 2019 09:00:59 GMT+0200 (CEST);Sun Jul 28 2019 07:00:59 GMT+0200 (CEST);1564297259000;1.17;249.98
1380556833984591;32.1;32.4;Sun Jul 28 2019 09:02:13 GMT+0200 (CEST);Sun Jul 28 2019 07:02:13 GMT+0200 (CEST);1564297333000;1.11;237.59
1380556833984591;32.1;32.6;Sun Jul 28 2019 09:03:26 GMT+0200 (CEST);Sun Jul 28 2019 07:03:26 GMT+0200 (CEST);1564297406000;1.05;229.57
1380556833984591;32.1;32.6;Sun Jul 28 2019 09:04:39 GMT+0200 (CEST);Sun Jul 28 2019 07:04:39 GMT+0200 (CEST);1564297479000;1;221.14
1380556833984591;32.1;32.3;Sun Jul 28 2019 09:05:59 GMT+0200 (CEST);Sun Jul 28 2019 07:05:59 GMT+0200 (CEST);1564297559000;0.95;207.05
1380556833984591;32.1;32.4;Sun Jul 28 2019 09:07:32 GMT+0200 (CEST);Sun Jul 28 2019 07:07:32 GMT+0200 (CEST);1564297652000;0.9;199.44
1380556833984591;32.1;32.5;Sun Jul 28 2019 09:08:45 GMT+0200 (CEST);Sun Jul 28 2019 07:08:45 GMT+0200 (CEST);1564297725000;0.97;214.4
1380556833984591;32.1;32.7;Sun Jul 28 2019 09:09:59 GMT+0200 (CEST);Sun Jul 28 2019 07:09:59 GMT+0200 (CEST);1564297799000;0.99;218.15
1380556833984591;32.1;32.8;Sun Jul 28 2019 09:11:13 GMT+0200 (CEST);Sun Jul 28 2019 07:11:13 GMT+0200 (CEST);1564297873000;1.01;219.48
1380556833984591;32.1;32.7;Sun Jul 28 2019 09:12:25 GMT+0200 (CEST);Sun Jul 28 2019 07:12:25 GMT+0200 (CEST);1564297945000;1.08;236.88
1380556833984591;32.1;32.9;Sun Jul 28 2019 09:13:41 GMT+0200 (CEST);Sun Jul 28 2019 07:13:41 GMT+0200 (CEST);1564298021000;1.09;239.14
1380556833984591;32.1;32.8;Sun Jul 28 2019 09:15:01 GMT+0200 (CEST);Sun Jul 28 2019 07:15:01 GMT+0200 (CEST);1564298101000;1.05;231.06
1380556833984591;32.1;32.7;Sun Jul 28 2019 09:16:18 GMT+0200 (CEST);Sun Jul 28 2019 07:16:18 GMT+0200 (CEST);1564298178000;0.96;211.14
1380556833984591;31.1;32.7;Sun Jul 28 2019 09:17:32 GMT+0200 (CEST);Sun Jul 28 2019 07:17:32 GMT+0200 (CEST);1564298252000;0.94;204.92
1380556833984591;31.1;32.8;Sun Jul 28 2019 09:19:04 GMT+0200 (CEST);Sun Jul 28 2019 07:19:04 GMT+0200 (CEST);1564298344000;1.02;223.98
1380556833984591;31.1;32.8;Sun Jul 28 2019 09:20:18 GMT+0200 (CEST);Sun Jul 28 2019 07:20:18 GMT+0200 (CEST);1564298418000;1;219.62
1380556833984591;31.1;32.9;Sun Jul 28 2019 09:21:31 GMT+0200 (CEST);Sun Jul 28 2019 07:21:31 GMT+0200 (CEST);1564298491000;1.02;225.81
1380556833984591;31.1;32.8;Sun Jul 28 2019 09:23:04 GMT+0200 (CEST);Sun Jul 28 2019 07:23:04 GMT+0200 (CEST);1564298584000;1;219.6
1380556833984591;31.1;32.8;Sun Jul 28 2019 09:24:17 GMT+0200 (CEST);Sun Jul 28 2019 07:24:17 GMT+0200 (CEST);1564298657000;0.95;210.66
1380556833984591;31.1;32.8;Sun Jul 28 2019 09:25:36 GMT+0200 (CEST);Sun Jul 28 2019 07:25:36 GMT+0200 (CEST);1564298736000;0.96;218.68
1380556833984591;31.1;32.9;Sun Jul 28 2019 09:26:48 GMT+0200 (CEST);Sun Jul 28 2019 07:26:48 GMT+0200 (CEST);1564298808000;0.93;204.8
1380556833984591;31.1;32.8;Sun Jul 28 2019 09:28:01 GMT+0200 (CEST);Sun Jul 28 2019 07:28:01 GMT+0200 (CEST);1564298881000;0.99;219.21
1380556833984591;31.1;32.8;Sun Jul 28 2019 09:29:20 GMT+0200 (CEST);Sun Jul 28 2019 07:29:20 GMT+0200 (CEST);1564298960000;0.97;212.73
1380556833984591;31.1;32.9;Sun Jul 28 2019 09:30:36 GMT+0200 (CEST);Sun Jul 28 2019 07:30:36 GMT+0200 (CEST);1564299036000;0.99;216.43
1380556833984591;31.1;32.9;Sun Jul 28 2019 09:31:52 GMT+0200 (CEST);Sun Jul 28 2019 07:31:52 GMT+0200 (CEST);1564299112000;0.98;214.87
1380556833984591;31.1;32.9;Sun Jul 28 2019 09:33:04 GMT+0200 (CEST);Sun Jul 28 2019 07:33:04 GMT+0200 (CEST);1564299184000;0.97;212.41
1380556833984591;31.1;32.8;Sun Jul 28 2019 09:34:17 GMT+0200 (CEST);Sun Jul 28 2019 07:34:17 GMT+0200 (CEST);1564299257000;1;217.07
1380556833984591;31.1;32.9;Sun Jul 28 2019 09:35:38 GMT+0200 (CEST);Sun Jul 28 2019 07:35:38 GMT+0200 (CEST);1564299338000;1;217.48
1380556833984591;31.1;32.9;Sun Jul 28 2019 09:36:51 GMT+0200 (CEST);Sun Jul 28 2019 07:36:51 GMT+0200 (CEST);1564299411000;1.03;223.48
1380556833984591;31.1;33.2;Sun Jul 28 2019 09:38:03 GMT+0200 (CEST);Sun Jul 28 2019 07:38:03 GMT+0200 (CEST);1564299483000;1.09;235.33
1380556833984591;31.1;33;Sun Jul 28 2019 09:39:19 GMT+0200 (CEST);Sun Jul 28 2019 07:39:19 GMT+0200 (CEST);1564299559000;1.11;236.7
1380556833984591;31.1;32.9;Sun Jul 28 2019 09:40:35 GMT+0200 (CEST);Sun Jul 28 2019 07:40:35 GMT+0200 (CEST);1564299635000;1.13;243.75
1380556833984591;31.1;33.1;Sun Jul 28 2019 09:41:50 GMT+0200 (CEST);Sun Jul 28 2019 07:41:50 GMT+0200 (CEST);1564299710000;1.16;251.82
1380556833984591;31.1;33;Sun Jul 28 2019 09:43:03 GMT+0200 (CEST);Sun Jul 28 2019 07:43:03 GMT+0200 (CEST);1564299783000;1.26;268.64
1380556833984591;31.1;33.2;Sun Jul 28 2019 09:44:21 GMT+0200 (CEST);Sun Jul 28 2019 07:44:21 GMT+0200 (CEST);1564299861000;1.35;287.59
1380556833984591;31.1;33.1;Sun Jul 28 2019 09:45:34 GMT+0200 (CEST);Sun Jul 28 2019 07:45:34 GMT+0200 (CEST);1564299934000;1.37;299.05
1380556833984591;31.1;33.2;Sun Jul 28 2019 09:46:48 GMT+0200 (CEST);Sun Jul 28 2019 07:46:48 GMT+0200 (CEST);1564300008000;1.38;295.37
1380556833984591;31.1;33.2;Sun Jul 28 2019 09:48:01 GMT+0200 (CEST);Sun Jul 28 2019 07:48:01 GMT+0200 (CEST);1564300081000;1.4;296.29
1380556833984591;31.1;33.1;Sun Jul 28 2019 09:50:08 GMT+0200 (CEST);Sun Jul 28 2019 07:50:08 GMT+0200 (CEST);1564300208000;1.51;318.08
1380556833984591;32.1;33.2;Sun Jul 28 2019 09:51:24 GMT+0200 (CEST);Sun Jul 28 2019 07:51:24 GMT+0200 (CEST);1564300284000;1.99;424.95
1380556833984591;32.1;33.6;Sun Jul 28 2019 09:52:36 GMT+0200 (CEST);Sun Jul 28 2019 07:52:36 GMT+0200 (CEST);1564300356000;2.15;422.39
1380556833984591;32.1;33.3;Sun Jul 28 2019 09:54:16 GMT+0200 (CEST);Sun Jul 28 2019 07:54:16 GMT+0200 (CEST);1564300456000;2.75;555.51
1380556833984591;32.1;33.2;Sun Jul 28 2019 09:55:30 GMT+0200 (CEST);Sun Jul 28 2019 07:55:30 GMT+0200 (CEST);1564300530000;2.86;591.35
1380556833984591;32.1;33;Sun Jul 28 2019 09:56:42 GMT+0200 (CEST);Sun Jul 28 2019 07:56:42 GMT+0200 (CEST);1564300602000;2.91;632.31
1380556833984591;32.1;32.8;Sun Jul 28 2019 09:57:55 GMT+0200 (CEST);Sun Jul 28 2019 07:57:55 GMT+0200 (CEST);1564300675000;3.27;670.63
1380556833984591;32.1;32.8;Sun Jul 28 2019 09:59:09 GMT+0200 (CEST);Sun Jul 28 2019 07:59:09 GMT+0200 (CEST);1564300749000;3.29;672.06
1380556833984591;32.1;32.7;Sun Jul 28 2019 10:00:21 GMT+0200 (CEST);Sun Jul 28 2019 08:00:21 GMT+0200 (CEST);1564300821000;3.3;681.93
1380556833984591;35.1;32.5;Sun Jul 28 2019 10:01:39 GMT+0200 (CEST);Sun Jul 28 2019 08:01:39 GMT+0200 (CEST);1564300899000;3.22;645.11
1380556833984591;35.1;32.2;Sun Jul 28 2019 10:02:51 GMT+0200 (CEST);Sun Jul 28 2019 08:02:51 GMT+0200 (CEST);1564300971000;3.14;614.39
1380556833984591;35.1;32.1;Sun Jul 28 2019 10:04:09 GMT+0200 (CEST);Sun Jul 28 2019 08:04:09 GMT+0200 (CEST);1564301049000;3.18;645.11
1380556833984591;35.1;31.9;Sun Jul 28 2019 10:05:26 GMT+0200 (CEST);Sun Jul 28 2019 08:05:26 GMT+0200 (CEST);1564301126000;3.03;624.63
1380556833984591;37.1;31.8;Sun Jul 28 2019 10:06:39 GMT+0200 (CEST);Sun Jul 28 2019 08:06:39 GMT+0200 (CEST);1564301199000;2.97;606.71
1380556833984591;37.1;31.8;Sun Jul 28 2019 10:07:55 GMT+0200 (CEST);Sun Jul 28 2019 08:07:55 GMT+0200 (CEST);1564301275000;2.8;583.67
1380556833984591;37.1;31.8;Sun Jul 28 2019 10:09:08 GMT+0200 (CEST);Sun Jul 28 2019 08:09:08 GMT+0200 (CEST);1564301348000;2.97;609.27
1380556833984591;38.6;31.8;Sun Jul 28 2019 10:10:21 GMT+0200 (CEST);Sun Jul 28 2019 08:10:21 GMT+0200 (CEST);1564301421000;3.02;624.63
1380556833984591;38.6;31.9;Sun Jul 28 2019 10:11:34 GMT+0200 (CEST);Sun Jul 28 2019 08:11:34 GMT+0200 (CEST);1564301494000;3.05;627.19
1380556833984591;38.6;31.8;Sun Jul 28 2019 10:12:48 GMT+0200 (CEST);Sun Jul 28 2019 08:12:48 GMT+0200 (CEST);1564301568000;3.11;642.55
1380556833984591;38.6;31.7;Sun Jul 28 2019 10:14:14 GMT+0200 (CEST);Sun Jul 28 2019 08:14:14 GMT+0200 (CEST);1564301654000;2.9;596.47
1380556833984591;39.1;31.8;Sun Jul 28 2019 10:15:27 GMT+0200 (CEST);Sun Jul 28 2019 08:15:27 GMT+0200 (CEST);1564301727000;2.48;504.31
1380556833984591;39.1;31.9;Sun Jul 28 2019 10:16:42 GMT+0200 (CEST);Sun Jul 28 2019 08:16:42 GMT+0200 (CEST);1564301802000;2.81;570.87
1380556833984591;39.1;31.7;Sun Jul 28 2019 10:17:58 GMT+0200 (CEST);Sun Jul 28 2019 08:17:58 GMT+0200 (CEST);1564301878000;1.92;394.23
1380556833984591;39.1;31.6;Sun Jul 28 2019 10:19:28 GMT+0200 (CEST);Sun Jul 28 2019 08:19:28 GMT+0200 (CEST);1564301968000;1.91;394.23
1380556833984591;40.6;32.3;Sun Jul 28 2019 10:20:45 GMT+0200 (CEST);Sun Jul 28 2019 08:20:45 GMT+0200 (CEST);1564302045000;2.67;560.63
1380556833984591;40.6;32.1;Sun Jul 28 2019 10:21:58 GMT+0200 (CEST);Sun Jul 28 2019 08:21:58 GMT+0200 (CEST);1564302118000;2.77;586.23
1380556833984591;40.6;32.4;Sun Jul 28 2019 10:23:10 GMT+0200 (CEST);Sun Jul 28 2019 08:23:10 GMT+0200 (CEST);1564302190000;3.56;730.94
1380556833984591;40.1;32.2;Sun Jul 28 2019 10:24:23 GMT+0200 (CEST);Sun Jul 28 2019 08:24:23 GMT+0200 (CEST);1564302263000;3.44;718.85
1380556833984591;40.1;31.9;Sun Jul 28 2019 10:25:36 GMT+0200 (CEST);Sun Jul 28 2019 08:25:36 GMT+0200 (CEST);1564302336000;3.28;695.5
1380556833984591;40.1;32.1;Sun Jul 28 2019 10:26:49 GMT+0200 (CEST);Sun Jul 28 2019 08:26:49 GMT+0200 (CEST);1564302409000;3.57;733.8
1380556833984591;40.1;31.9;Sun Jul 28 2019 10:28:08 GMT+0200 (CEST);Sun Jul 28 2019 08:28:08 GMT+0200 (CEST);1564302488000;3.56;729
1380556833984591;40.6;31.8;Sun Jul 28 2019 10:29:21 GMT+0200 (CEST);Sun Jul 28 2019 08:29:21 GMT+0200 (CEST);1564302561000;2.99;568.31
1380556833984591;40.6;31.7;Sun Jul 28 2019 10:30:35 GMT+0200 (CEST);Sun Jul 28 2019 08:30:35 GMT+0200 (CEST);1564302635000;3.21;639.99
1380556833984591;40.6;31.9;Sun Jul 28 2019 10:31:54 GMT+0200 (CEST);Sun Jul 28 2019 08:31:54 GMT+0200 (CEST);1564302714000;3.9;789.45
1380556833984591;40.6;31.6;Sun Jul 28 2019 10:33:11 GMT+0200 (CEST);Sun Jul 28 2019 08:33:11 GMT+0200 (CEST);1564302791000;3.83;791.27
1380556833984591;42.6;31.5;Sun Jul 28 2019 10:34:29 GMT+0200 (CEST);Sun Jul 28 2019 08:34:29 GMT+0200 (CEST);1564302869000;3.94;797.44
1380556833984591;42.6;31.2;Sun Jul 28 2019 10:36:06 GMT+0200 (CEST);Sun Jul 28 2019 08:36:06 GMT+0200 (CEST);1564302966000;3.7;756.24
1380556833984591;42.6;31.2;Sun Jul 28 2019 10:37:19 GMT+0200 (CEST);Sun Jul 28 2019 08:37:19 GMT+0200 (CEST);1564303039000;2.51;499.19
1380556833984591;42.6;31.1;Sun Jul 28 2019 10:38:32 GMT+0200 (CEST);Sun Jul 28 2019 08:38:32 GMT+0200 (CEST);1564303112000;1.98;409.59
1380556833984591;42.6;31.5;Sun Jul 28 2019 10:39:49 GMT+0200 (CEST);Sun Jul 28 2019 08:39:49 GMT+0200 (CEST);1564303189000;3.28;716.3
1380556833984591;42.6;31.8;Sun Jul 28 2019 10:41:10 GMT+0200 (CEST);Sun Jul 28 2019 08:41:10 GMT+0200 (CEST);1564303270000;4.08;845.24
1380556833984591;42.6;31.6;Sun Jul 28 2019 10:42:27 GMT+0200 (CEST);Sun Jul 28 2019 08:42:27 GMT+0200 (CEST);1564303347000;4.11;835.63
1380556833984591;43.1;31.5;Sun Jul 28 2019 10:43:42 GMT+0200 (CEST);Sun Jul 28 2019 08:43:42 GMT+0200 (CEST);1564303422000;4.05;828.54
1380556833984591;43.1;31.2;Sun Jul 28 2019 10:44:56 GMT+0200 (CEST);Sun Jul 28 2019 08:44:56 GMT+0200 (CEST);1564303496000;3.95;818.12
1380556833984591;43.1;31.2;Sun Jul 28 2019 10:46:13 GMT+0200 (CEST);Sun Jul 28 2019 08:46:13 GMT+0200 (CEST);1564303573000;3.99;812.18
1380556833984591;43.1;31.2;Sun Jul 28 2019 10:47:28 GMT+0200 (CEST);Sun Jul 28 2019 08:47:28 GMT+0200 (CEST);1564303648000;3.93;813.88
1380556833984591;44.7;31.1;Sun Jul 28 2019 10:48:55 GMT+0200 (CEST);Sun Jul 28 2019 08:48:55 GMT+0200 (CEST);1564303735000;4.11;828.46
1380556833984591;44.7;30.9;Sun Jul 28 2019 10:50:12 GMT+0200 (CEST);Sun Jul 28 2019 08:50:12 GMT+0200 (CEST);1564303812000;4.05;824.94
1380556833984591;44.7;30.9;Sun Jul 28 2019 10:51:26 GMT+0200 (CEST);Sun Jul 28 2019 08:51:26 GMT+0200 (CEST);1564303886000;3.96;808.67
1380556833984591;45.2;31;Sun Jul 28 2019 10:52:41 GMT+0200 (CEST);Sun Jul 28 2019 08:52:41 GMT+0200 (CEST);1564303961000;3.98;803.34
1380556833984591;45.2;30.9;Sun Jul 28 2019 10:53:55 GMT+0200 (CEST);Sun Jul 28 2019 08:53:55 GMT+0200 (CEST);1564304035000;4.01;811.21
1380556833984591;45.2;30.9;Sun Jul 28 2019 10:55:08 GMT+0200 (CEST);Sun Jul 28 2019 08:55:08 GMT+0200 (CEST);1564304108000;4.05;817.56
1380556833984591;45.2;30.9;Sun Jul 28 2019 10:56:30 GMT+0200 (CEST);Sun Jul 28 2019 08:56:30 GMT+0200 (CEST);1564304190000;4.03;821.37
1380556833984591;46.7;31;Sun Jul 28 2019 10:57:45 GMT+0200 (CEST);Sun Jul 28 2019 08:57:45 GMT+0200 (CEST);1564304265000;4.03;823.99
1380556833984591;46.7;30.9;Sun Jul 28 2019 10:59:01 GMT+0200 (CEST);Sun Jul 28 2019 08:59:01 GMT+0200 (CEST);1564304341000;4.07;831.28
1380556833984591;46.7;30.9;Sun Jul 28 2019 11:00:14 GMT+0200 (CEST);Sun Jul 28 2019 09:00:14 GMT+0200 (CEST);1564304414000;4.11;841.55
1380556833984591;46.7;30.8;Sun Jul 28 2019 11:01:27 GMT+0200 (CEST);Sun Jul 28 2019 09:01:27 GMT+0200 (CEST);1564304487000;4.2;850.83
1380556833984591;47.2;30.8;Sun Jul 28 2019 11:02:44 GMT+0200 (CEST);Sun Jul 28 2019 09:02:44 GMT+0200 (CEST);1564304564000;4.23;855.27
1380556833984591;47.2;30.6;Sun Jul 28 2019 11:04:15 GMT+0200 (CEST);Sun Jul 28 2019 09:04:15 GMT+0200 (CEST);1564304655000;4.25;864.59
1380556833984591;47.2;30.5;Sun Jul 28 2019 11:05:30 GMT+0200 (CEST);Sun Jul 28 2019 09:05:30 GMT+0200 (CEST);1564304730000;4.33;884.04
1380556833984591;48.7;30.6;Sun Jul 28 2019 11:07:23 GMT+0200 (CEST);Sun Jul 28 2019 09:07:23 GMT+0200 (CEST);1564304843000;4.38;900.94
1380556833984591;48.7;30.6;Sun Jul 28 2019 11:08:37 GMT+0200 (CEST);Sun Jul 28 2019 09:08:37 GMT+0200 (CEST);1564304917000;4.45;884.36
1380556833984591;48.7;30.6;Sun Jul 28 2019 11:09:50 GMT+0200 (CEST);Sun Jul 28 2019 09:09:50 GMT+0200 (CEST);1564304990000;4.36;895.35
1380556833984591;48.7;30.9;Sun Jul 28 2019 11:11:03 GMT+0200 (CEST);Sun Jul 28 2019 09:11:03 GMT+0200 (CEST);1564305063000;4.44;788.58
1380556833984591;48.2;31;Sun Jul 28 2019 11:12:17 GMT+0200 (CEST);Sun Jul 28 2019 09:12:17 GMT+0200 (CEST);1564305137000;3.06;573.43
1380556833984591;48.2;31.5;Sun Jul 28 2019 11:13:32 GMT+0200 (CEST);Sun Jul 28 2019 09:13:32 GMT+0200 (CEST);1564305212000;3.57;696.03
1380556833984591;48.2;31.5;Sun Jul 28 2019 11:14:54 GMT+0200 (CEST);Sun Jul 28 2019 09:14:54 GMT+0200 (CEST);1564305294000;1.91;412.15
1380556833984591;48.2;30.7;Sun Jul 28 2019 11:16:07 GMT+0200 (CEST);Sun Jul 28 2019 09:16:07 GMT+0200 (CEST);1564305367000;3.06;698.39
1380556833984591;48.2;31.8;Sun Jul 28 2019 11:17:22 GMT+0200 (CEST);Sun Jul 28 2019 09:17:22 GMT+0200 (CEST);1564305442000;4.38;901.4
1380556833984591;48.2;31.3;Sun Jul 28 2019 11:18:35 GMT+0200 (CEST);Sun Jul 28 2019 09:18:35 GMT+0200 (CEST);1564305515000;4.57;943.44
1380556833984591;48.2;31.2;Sun Jul 28 2019 11:19:49 GMT+0200 (CEST);Sun Jul 28 2019 09:19:49 GMT+0200 (CEST);1564305589000;4.72;955.74
1380556833984591;48.2;30.9;Sun Jul 28 2019 11:21:10 GMT+0200 (CEST);Sun Jul 28 2019 09:21:10 GMT+0200 (CEST);1564305670000;4.66;959.6
1380556833984591;48.2;30.6;Sun Jul 28 2019 11:22:25 GMT+0200 (CEST);Sun Jul 28 2019 09:22:25 GMT+0200 (CEST);1564305745000;4.67;966.6
1380556833984591;48.2;30.6;Sun Jul 28 2019 11:23:42 GMT+0200 (CEST);Sun Jul 28 2019 09:23:42 GMT+0200 (CEST);1564305822000;4.78;985.59
1380556833984591;48.2;30.5;Sun Jul 28 2019 11:24:56 GMT+0200 (CEST);Sun Jul 28 2019 09:24:56 GMT+0200 (CEST);1564305896000;4.88;998.39
1380556833984591;48.2;30.3;Sun Jul 28 2019 11:26:12 GMT+0200 (CEST);Sun Jul 28 2019 09:26:12 GMT+0200 (CEST);1564305972000;4.73;914.14
1380556833984591;48.2;30.4;Sun Jul 28 2019 11:27:17 GMT+0200 (CEST);Sun Jul 28 2019 09:27:17 GMT+0200 (CEST);1564306037000;3.76;724.5
1380556833984591;48.2;30.2;Sun Jul 28 2019 11:28:30 GMT+0200 (CEST);Sun Jul 28 2019 09:28:30 GMT+0200 (CEST);1564306110000;2.7;535.03
1380556833984591;48.2;30.6;Sun Jul 28 2019 11:29:49 GMT+0200 (CEST);Sun Jul 28 2019 09:29:49 GMT+0200 (CEST);1564306189000;2.64;509.43
1380556833984591;48.2;30.7;Sun Jul 28 2019 11:31:02 GMT+0200 (CEST);Sun Jul 28 2019 09:31:02 GMT+0200 (CEST);1564306262000;2.38;488.95
1380556833984591;48.2;30.9;Sun Jul 28 2019 11:32:18 GMT+0200 (CEST);Sun Jul 28 2019 09:32:18 GMT+0200 (CEST);1564306338000;2.31;468.47
1380556833984591;48.2;31.2;Sun Jul 28 2019 11:33:36 GMT+0200 (CEST);Sun Jul 28 2019 09:33:36 GMT+0200 (CEST);1564306416000;2.08;437.75
1380556833984591;48.2;31.2;Sun Jul 28 2019 11:35:09 GMT+0200 (CEST);Sun Jul 28 2019 09:35:09 GMT+0200 (CEST);1564306509000;1.78;363.51
1380556833984591;48.2;31.2;Sun Jul 28 2019 11:36:28 GMT+0200 (CEST);Sun Jul 28 2019 09:36:28 GMT+0200 (CEST);1564306588000;1.69;345.59
1380556833984591;48.2;31.3;Sun Jul 28 2019 11:37:44 GMT+0200 (CEST);Sun Jul 28 2019 09:37:44 GMT+0200 (CEST);1564306664000;1.64;335.35
1380556833984591;48.2;31.5;Sun Jul 28 2019 11:39:13 GMT+0200 (CEST);Sun Jul 28 2019 09:39:13 GMT+0200 (CEST);1564306753000;1.57;315.91
1380556833984591;46.7;31.6;Sun Jul 28 2019 11:40:38 GMT+0200 (CEST);Sun Jul 28 2019 09:40:38 GMT+0200 (CEST);1564306838000;1.54;303.95
1380556833984591;46.7;31.6;Sun Jul 28 2019 11:41:52 GMT+0200 (CEST);Sun Jul 28 2019 09:41:52 GMT+0200 (CEST);1564306912000;1.49;300
1380556833984591;46.7;31.7;Sun Jul 28 2019 11:43:10 GMT+0200 (CEST);Sun Jul 28 2019 09:43:10 GMT+0200 (CEST);1564306990000;1.52;305.13
1380556833984591;46.7;31.9;Sun Jul 28 2019 11:44:25 GMT+0200 (CEST);Sun Jul 28 2019 09:44:25 GMT+0200 (CEST);1564307065000;1.57;316.3
1380556833984591;44.7;32;Sun Jul 28 2019 11:45:39 GMT+0200 (CEST);Sun Jul 28 2019 09:45:39 GMT+0200 (CEST);1564307139000;1.67;340.47
1380556833984591;44.7;32.1;Sun Jul 28 2019 11:46:53 GMT+0200 (CEST);Sun Jul 28 2019 09:46:53 GMT+0200 (CEST);1564307213000;1.81;371.19
1380556833984591;44.7;32.4;Sun Jul 28 2019 11:48:17 GMT+0200 (CEST);Sun Jul 28 2019 09:48:17 GMT+0200 (CEST);1564307297000;2.13;430.07
1380556833984591;44.7;32.7;Sun Jul 28 2019 11:49:35 GMT+0200 (CEST);Sun Jul 28 2019 09:49:35 GMT+0200 (CEST);1564307375000;2.62;504.31
1380556833984591;44.7;32.4;Sun Jul 28 2019 11:50:50 GMT+0200 (CEST);Sun Jul 28 2019 09:50:50 GMT+0200 (CEST);1564307450000;2.51;527.35
1380556833984591;44.7;32.3;Sun Jul 28 2019 11:52:04 GMT+0200 (CEST);Sun Jul 28 2019 09:52:04 GMT+0200 (CEST);1564307524000;2.56;532.47
1380556833984591;44.7;32.3;Sun Jul 28 2019 11:53:17 GMT+0200 (CEST);Sun Jul 28 2019 09:53:17 GMT+0200 (CEST);1564307597000;2.75;575.99
1380556833984591;42.6;32.4;Sun Jul 28 2019 11:54:31 GMT+0200 (CEST);Sun Jul 28 2019 09:54:31 GMT+0200 (CEST);1564307671000;2.93;616.95
1380556833984591;42.6;32.2;Sun Jul 28 2019 11:55:43 GMT+0200 (CEST);Sun Jul 28 2019 09:55:43 GMT+0200 (CEST);1564307743000;3.29;773.25
1380556833984591;42.6;32.5;Sun Jul 28 2019 11:57:02 GMT+0200 (CEST);Sun Jul 28 2019 09:57:02 GMT+0200 (CEST);1564307822000;3.66;860.5
1380556833984591;42.6;32.1;Sun Jul 28 2019 11:58:20 GMT+0200 (CEST);Sun Jul 28 2019 09:58:20 GMT+0200 (CEST);1564307900000;4.62;835.07
1380556833984591;42.6;31.7;Sun Jul 28 2019 11:59:34 GMT+0200 (CEST);Sun Jul 28 2019 09:59:34 GMT+0200 (CEST);1564307974000;4.21;844.11
1380556833984591;42.6;31.5;Sun Jul 28 2019 12:00:57 GMT+0200 (CEST);Sun Jul 28 2019 10:00:57 GMT+0200 (CEST);1564308057000;4.54;959.32
1380556833984591;42.6;31.3;Sun Jul 28 2019 12:02:11 GMT+0200 (CEST);Sun Jul 28 2019 10:02:11 GMT+0200 (CEST);1564308131000;4.5;939.7
1380556833984591;42.6;31.1;Sun Jul 28 2019 12:03:25 GMT+0200 (CEST);Sun Jul 28 2019 10:03:25 GMT+0200 (CEST);1564308205000;4.88;990.71
1380556833984591;44.7;30.9;Sun Jul 28 2019 12:04:38 GMT+0200 (CEST);Sun Jul 28 2019 10:04:38 GMT+0200 (CEST);1564308278000;2.11;437.75
1380556833984591;44.7;30.8;Sun Jul 28 2019 12:06:07 GMT+0200 (CEST);Sun Jul 28 2019 10:06:07 GMT+0200 (CEST);1564308367000;2.53;685.99
1380556833984591;44.7;31;Sun Jul 28 2019 12:07:39 GMT+0200 (CEST);Sun Jul 28 2019 10:07:39 GMT+0200 (CEST);1564308459000;5.36;1085.43
1380556833984591;46.7;30.8;Sun Jul 28 2019 12:08:52 GMT+0200 (CEST);Sun Jul 28 2019 10:08:52 GMT+0200 (CEST);1564308532000;2.2;496.63
1380556833984591;46.7;31.5;Sun Jul 28 2019 12:10:05 GMT+0200 (CEST);Sun Jul 28 2019 10:10:05 GMT+0200 (CEST);1564308605000;5.17;1016.31
1380556833984591;46.7;30.8;Sun Jul 28 2019 12:11:19 GMT+0200 (CEST);Sun Jul 28 2019 10:11:19 GMT+0200 (CEST);1564308679000;5.6;985.59
1380556833984591;46.7;31.7;Sun Jul 28 2019 12:12:32 GMT+0200 (CEST);Sun Jul 28 2019 10:12:32 GMT+0200 (CEST);1564308752000;4.04;609.27
1380556833984591;47.2;31.7;Sun Jul 28 2019 12:13:45 GMT+0200 (CEST);Sun Jul 28 2019 10:13:45 GMT+0200 (CEST);1564308825000;5.19;1059.83
1380556833984591;47.2;27.6;Sun Jul 28 2019 12:15:11 GMT+0200 (CEST);Sun Jul 28 2019 10:15:11 GMT+0200 (CEST);1564308911000;5.04;504.31
1380556833984591;47.2;31.8;Sun Jul 28 2019 12:16:24 GMT+0200 (CEST);Sun Jul 28 2019 10:16:24 GMT+0200 (CEST);1564308984000;2.21;465.91
1380556833984591;47.2;27.9;Sun Jul 28 2019 12:17:39 GMT+0200 (CEST);Sun Jul 28 2019 10:17:39 GMT+0200 (CEST);1564309059000;1.89;383.99
1380556833984591;47.2;31;Sun Jul 28 2019 12:18:52 GMT+0200 (CEST);Sun Jul 28 2019 10:18:52 GMT+0200 (CEST);1564309132000;1.69;353.27
1380556833984591;47.2;30.8;Sun Jul 28 2019 12:20:06 GMT+0200 (CEST);Sun Jul 28 2019 10:20:06 GMT+0200 (CEST);1564309206000;1.59;337.91
1380556833984591;47.2;31.5;Sun Jul 28 2019 12:21:19 GMT+0200 (CEST);Sun Jul 28 2019 10:21:19 GMT+0200 (CEST);1564309279000;3.28;666.24
1380556833984591;47.2;30.8;Sun Jul 28 2019 12:22:47 GMT+0200 (CEST);Sun Jul 28 2019 10:22:47 GMT+0200 (CEST);1564309367000;5.34;1064.95
1380556833984591;47.2;31.7;Sun Jul 28 2019 12:24:15 GMT+0200 (CEST);Sun Jul 28 2019 10:24:15 GMT+0200 (CEST);1564309455000;5.19;1126.39
1380556833984591;46.7;30.7;Sun Jul 28 2019 12:25:28 GMT+0200 (CEST);Sun Jul 28 2019 10:25:28 GMT+0200 (CEST);1564309528000;5.32;1090.55
1380556833984591;46.7;31;Sun Jul 28 2019 12:26:42 GMT+0200 (CEST);Sun Jul 28 2019 10:26:42 GMT+0200 (CEST);1564309602000;5.12;1041.91
1380556833984591;46.7;31;Sun Jul 28 2019 12:28:00 GMT+0200 (CEST);Sun Jul 28 2019 10:28:00 GMT+0200 (CEST);1564309680000;2.09;424.95
1380556833984591;46.7;30.7;Sun Jul 28 2019 12:29:14 GMT+0200 (CEST);Sun Jul 28 2019 10:29:14 GMT+0200 (CEST);1564309754000;2.07;424.95
1380556833984591;46.7;31.1;Sun Jul 28 2019 12:30:27 GMT+0200 (CEST);Sun Jul 28 2019 10:30:27 GMT+0200 (CEST);1564309827000;2.49;652.79
1380556833984591;46.7;31.7;Sun Jul 28 2019 12:31:41 GMT+0200 (CEST);Sun Jul 28 2019 10:31:41 GMT+0200 (CEST);1564309901000;3.76;691
1380556833984591;46.7;31.3;Sun Jul 28 2019 12:33:00 GMT+0200 (CEST);Sun Jul 28 2019 10:33:00 GMT+0200 (CEST);1564309980000;1.63;323.31
1380556833984591;46.7;30.9;Sun Jul 28 2019 12:34:18 GMT+0200 (CEST);Sun Jul 28 2019 10:34:18 GMT+0200 (CEST);1564310058000;1.51;307.54
1380556833984591;46.7;31.3;Sun Jul 28 2019 12:35:35 GMT+0200 (CEST);Sun Jul 28 2019 10:35:35 GMT+0200 (CEST);1564310135000;1.51;308.01
1380556833984591;46.7;31.7;Sun Jul 28 2019 12:36:49 GMT+0200 (CEST);Sun Jul 28 2019 10:36:49 GMT+0200 (CEST);1564310209000;1.49;302.7
1380556833984591;46.7;31.7;Sun Jul 28 2019 12:38:07 GMT+0200 (CEST);Sun Jul 28 2019 10:38:07 GMT+0200 (CEST);1564310287000;1.44;291.28
1380556833984591;46.7;31.8;Sun Jul 28 2019 12:39:25 GMT+0200 (CEST);Sun Jul 28 2019 10:39:25 GMT+0200 (CEST);1564310365000;1.37;278.68
1380556833984591;44.7;31.8;Sun Jul 28 2019 12:40:40 GMT+0200 (CEST);Sun Jul 28 2019 10:40:40 GMT+0200 (CEST);1564310440000;1.31;265.52
1380556833984591;44.7;31.9;Sun Jul 28 2019 12:41:55 GMT+0200 (CEST);Sun Jul 28 2019 10:41:55 GMT+0200 (CEST);1564310515000;1.28;255.63
1380556833984591;44.7;32;Sun Jul 28 2019 12:43:12 GMT+0200 (CEST);Sun Jul 28 2019 10:43:12 GMT+0200 (CEST);1564310592000;1.22;249.01
1380556833984591;44.7;32.1;Sun Jul 28 2019 12:44:26 GMT+0200 (CEST);Sun Jul 28 2019 10:44:26 GMT+0200 (CEST);1564310666000;1.22;245.38
1380556833984591;42.6;31.9;Sun Jul 28 2019 12:45:40 GMT+0200 (CEST);Sun Jul 28 2019 10:45:40 GMT+0200 (CEST);1564310740000;1.18;237.17
1380556833984591;42.6;32.1;Sun Jul 28 2019 12:47:10 GMT+0200 (CEST);Sun Jul 28 2019 10:47:10 GMT+0200 (CEST);1564310830000;1.11;227.09
1380556833984591;42.6;32.2;Sun Jul 28 2019 12:48:24 GMT+0200 (CEST);Sun Jul 28 2019 10:48:24 GMT+0200 (CEST);1564310904000;1.08;219.66
1380556833984591;40.6;32.2;Sun Jul 28 2019 12:49:39 GMT+0200 (CEST);Sun Jul 28 2019 10:49:39 GMT+0200 (CEST);1564310979000;1.03;211.56
1380556833984591;40.6;32.2;Sun Jul 28 2019 12:50:58 GMT+0200 (CEST);Sun Jul 28 2019 10:50:58 GMT+0200 (CEST);1564311058000;1;202.3
1380556833984591;40.6;32.1;Sun Jul 28 2019 12:52:13 GMT+0200 (CEST);Sun Jul 28 2019 10:52:13 GMT+0200 (CEST);1564311133000;0.94;189.43
1380556833984591;39.1;32.1;Sun Jul 28 2019 12:53:33 GMT+0200 (CEST);Sun Jul 28 2019 10:53:33 GMT+0200 (CEST);1564311213000;0.87;175.43
1380556833984591;39.1;31.8;Sun Jul 28 2019 12:54:48 GMT+0200 (CEST);Sun Jul 28 2019 10:54:48 GMT+0200 (CEST);1564311288000;0.79;160.02
1380556833984591;39.1;31.8;Sun Jul 28 2019 12:56:02 GMT+0200 (CEST);Sun Jul 28 2019 10:56:02 GMT+0200 (CEST);1564311362000;0.74;148.76
1380556833984591;39.1;31.6;Sun Jul 28 2019 12:57:18 GMT+0200 (CEST);Sun Jul 28 2019 10:57:18 GMT+0200 (CEST);1564311438000;0.7;140.18
1380556833984591;38.6;31.8;Sun Jul 28 2019 12:58:31 GMT+0200 (CEST);Sun Jul 28 2019 10:58:31 GMT+0200 (CEST);1564311511000;0.67;137.35
1380556833984591;38.6;31.8;Sun Jul 28 2019 12:59:45 GMT+0200 (CEST);Sun Jul 28 2019 10:59:45 GMT+0200 (CEST);1564311585000;0.67;138.68
1380556833984591;38.6;31.8;Sun Jul 28 2019 13:01:13 GMT+0200 (CEST);Sun Jul 28 2019 11:01:13 GMT+0200 (CEST);1564311673000;0.7;141.68
1380556833984591;38.6;31.9;Sun Jul 28 2019 13:02:27 GMT+0200 (CEST);Sun Jul 28 2019 11:02:27 GMT+0200 (CEST);1564311747000;0.72;144.9
1380556833984591;36.6;32;Sun Jul 28 2019 13:03:54 GMT+0200 (CEST);Sun Jul 28 2019 11:03:54 GMT+0200 (CEST);1564311834000;0.73;149.94
1380556833984591;36.6;32.3;Sun Jul 28 2019 13:05:19 GMT+0200 (CEST);Sun Jul 28 2019 11:05:19 GMT+0200 (CEST);1564311919000;0.76;152.1
1380556833984591;36.6;32.1;Sun Jul 28 2019 13:06:34 GMT+0200 (CEST);Sun Jul 28 2019 11:06:34 GMT+0200 (CEST);1564311994000;0.76;150.69
1380556833984591;36.6;32.2;Sun Jul 28 2019 13:07:48 GMT+0200 (CEST);Sun Jul 28 2019 11:07:48 GMT+0200 (CEST);1564312068000;0.73;146.85
1380556833984591;36.6;32.3;Sun Jul 28 2019 13:08:58 GMT+0200 (CEST);Sun Jul 28 2019 11:08:58 GMT+0200 (CEST);1564312138000;0.7;138.94
1380556833984591;36.6;32.1;Sun Jul 28 2019 13:10:15 GMT+0200 (CEST);Sun Jul 28 2019 11:10:15 GMT+0200 (CEST);1564312215000;0.65;130.8
1380556833984591;36.6;32;Sun Jul 28 2019 13:11:30 GMT+0200 (CEST);Sun Jul 28 2019 11:11:30 GMT+0200 (CEST);1564312290000;0.62;124.48
1380556833984591;35.1;31.8;Sun Jul 28 2019 13:12:57 GMT+0200 (CEST);Sun Jul 28 2019 11:12:57 GMT+0200 (CEST);1564312377000;0.6;121.07
1380556833984591;35.1;32.1;Sun Jul 28 2019 13:14:11 GMT+0200 (CEST);Sun Jul 28 2019 11:14:11 GMT+0200 (CEST);1564312451000;0.59;117.64
1380556833984591;35.1;31.8;Sun Jul 28 2019 13:15:33 GMT+0200 (CEST);Sun Jul 28 2019 11:15:33 GMT+0200 (CEST);1564312533000;0.58;116.42
1380556833984591;35.1;31.9;Sun Jul 28 2019 13:16:47 GMT+0200 (CEST);Sun Jul 28 2019 11:16:47 GMT+0200 (CEST);1564312607000;0.58;114.63
1380556833984591;34.6;31.7;Sun Jul 28 2019 13:18:01 GMT+0200 (CEST);Sun Jul 28 2019 11:18:01 GMT+0200 (CEST);1564312681000;0.55;107.98
1380556833984591;34.6;31.6;Sun Jul 28 2019 13:19:13 GMT+0200 (CEST);Sun Jul 28 2019 11:19:13 GMT+0200 (CEST);1564312753000;0.53;102.65
1380556833984591;34.6;31.9;Sun Jul 28 2019 13:20:32 GMT+0200 (CEST);Sun Jul 28 2019 11:20:32 GMT+0200 (CEST);1564312832000;0.5;98.62
1380556833984591;33.1;31.5;Sun Jul 28 2019 13:21:47 GMT+0200 (CEST);Sun Jul 28 2019 11:21:47 GMT+0200 (CEST);1564312907000;0.48;95.49
1380556833984591;33.1;31.5;Sun Jul 28 2019 13:23:01 GMT+0200 (CEST);Sun Jul 28 2019 11:23:01 GMT+0200 (CEST);1564312981000;0.48;93.28
1380556833984591;33.1;31.5;Sun Jul 28 2019 13:24:24 GMT+0200 (CEST);Sun Jul 28 2019 11:24:24 GMT+0200 (CEST);1564313064000;0.47;94.35
1380556833984591;33.1;31.3;Sun Jul 28 2019 13:25:40 GMT+0200 (CEST);Sun Jul 28 2019 11:25:40 GMT+0200 (CEST);1564313140000;0.48;93.67
1380556833984591;32.1;31.5;Sun Jul 28 2019 13:26:53 GMT+0200 (CEST);Sun Jul 28 2019 11:26:53 GMT+0200 (CEST);1564313213000;0.47;90.01
1380556833984591;32.1;32.1;Sun Jul 28 2019 13:28:16 GMT+0200 (CEST);Sun Jul 28 2019 11:28:16 GMT+0200 (CEST);1564313296000;0.44;84.77
1380556833984591;32.1;32.1;Sun Jul 28 2019 13:29:38 GMT+0200 (CEST);Sun Jul 28 2019 11:29:38 GMT+0200 (CEST);1564313378000;0.43;79.64
1380556833984591;32.1;31.4;Sun Jul 28 2019 13:30:55 GMT+0200 (CEST);Sun Jul 28 2019 11:30:55 GMT+0200 (CEST);1564313455000;0.4;76.06
1380556833984591;31.1;31.7;Sun Jul 28 2019 13:32:12 GMT+0200 (CEST);Sun Jul 28 2019 11:32:12 GMT+0200 (CEST);1564313532000;0.38;72.3
1380556833984591;31.1;31.7;Sun Jul 28 2019 13:33:25 GMT+0200 (CEST);Sun Jul 28 2019 11:33:25 GMT+0200 (CEST);1564313605000;0.36;69.2
1380556833984591;31.1;31.6;Sun Jul 28 2019 13:34:40 GMT+0200 (CEST);Sun Jul 28 2019 11:34:40 GMT+0200 (CEST);1564313680000;0.34;66.24
1380556833984591;31.1;31.8;Sun Jul 28 2019 13:35:52 GMT+0200 (CEST);Sun Jul 28 2019 11:35:52 GMT+0200 (CEST);1564313752000;0.32;64.38
1380556833984591;30.5;31.6;Sun Jul 28 2019 13:37:07 GMT+0200 (CEST);Sun Jul 28 2019 11:37:07 GMT+0200 (CEST);1564313827000;0.31;62.84
1380556833984591;30.5;31.4;Sun Jul 28 2019 13:38:25 GMT+0200 (CEST);Sun Jul 28 2019 11:38:25 GMT+0200 (CEST);1564313905000;0.3;60.46
1380556833984591;30.5;31.4;Sun Jul 28 2019 13:39:42 GMT+0200 (CEST);Sun Jul 28 2019 11:39:42 GMT+0200 (CEST);1564313982000;0.29;59.77
1380556833984591;30.5;31.5;Sun Jul 28 2019 13:40:58 GMT+0200 (CEST);Sun Jul 28 2019 11:40:58 GMT+0200 (CEST);1564314058000;0.29;59.71
1380556833984591;29;31.4;Sun Jul 28 2019 13:42:11 GMT+0200 (CEST);Sun Jul 28 2019 11:42:11 GMT+0200 (CEST);1564314131000;0.3;59.19
1380556833984591;29;31.8;Sun Jul 28 2019 13:43:24 GMT+0200 (CEST);Sun Jul 28 2019 11:43:24 GMT+0200 (CEST);1564314204000;0.3;60.4
1380556833984591;29;31.2;Sun Jul 28 2019 13:44:36 GMT+0200 (CEST);Sun Jul 28 2019 11:44:36 GMT+0200 (CEST);1564314276000;0.31;62.36
1380556833984591;29;31.3;Sun Jul 28 2019 13:45:51 GMT+0200 (CEST);Sun Jul 28 2019 11:45:51 GMT+0200 (CEST);1564314351000;0.32;64.84
1380556833984591;28.5;31.3;Sun Jul 28 2019 13:47:05 GMT+0200 (CEST);Sun Jul 28 2019 11:47:05 GMT+0200 (CEST);1564314425000;0.33;66.8
1380556833984591;28.5;31.7;Sun Jul 28 2019 13:48:10 GMT+0200 (CEST);Sun Jul 28 2019 11:48:10 GMT+0200 (CEST);1564314490000;0.33;69.92
1380556833984591;28.5;31.7;Sun Jul 28 2019 13:49:23 GMT+0200 (CEST);Sun Jul 28 2019 11:49:23 GMT+0200 (CEST);1564314563000;0.35;72.8
1380556833984591;28.5;31.7;Sun Jul 28 2019 13:50:41 GMT+0200 (CEST);Sun Jul 28 2019 11:50:41 GMT+0200 (CEST);1564314641000;0.36;76.4
1380556833984591;28.5;32;Sun Jul 28 2019 13:52:16 GMT+0200 (CEST);Sun Jul 28 2019 11:52:16 GMT+0200 (CEST);1564314736000;0.37;79.42
1380556833984591;28.5;31.9;Sun Jul 28 2019 13:53:30 GMT+0200 (CEST);Sun Jul 28 2019 11:53:30 GMT+0200 (CEST);1564314810000;0.38;79.92
1380556833984591;28.5;31.8;Sun Jul 28 2019 13:54:43 GMT+0200 (CEST);Sun Jul 28 2019 11:54:43 GMT+0200 (CEST);1564314883000;0.37;79.06
1380556833984591;28.5;32;Sun Jul 28 2019 13:56:00 GMT+0200 (CEST);Sun Jul 28 2019 11:56:00 GMT+0200 (CEST);1564314960000;0.36;77.06
1380556833984591;28.5;31.9;Sun Jul 28 2019 13:57:13 GMT+0200 (CEST);Sun Jul 28 2019 11:57:13 GMT+0200 (CEST);1564315033000;0.35;74.18
1380556833984591;28.5;31.5;Sun Jul 28 2019 13:58:27 GMT+0200 (CEST);Sun Jul 28 2019 11:58:27 GMT+0200 (CEST);1564315107000;0.33;72.88
1380556833984591;28.5;30.9;Sun Jul 28 2019 13:59:40 GMT+0200 (CEST);Sun Jul 28 2019 11:59:40 GMT+0200 (CEST);1564315180000;0.32;71.4
1380556833984591;28.5;30.9;Sun Jul 28 2019 14:00:52 GMT+0200 (CEST);Sun Jul 28 2019 12:00:52 GMT+0200 (CEST);1564315252000;0.31;70.44
1380556833984591;28.5;31.1;Sun Jul 28 2019 14:02:06 GMT+0200 (CEST);Sun Jul 28 2019 12:02:06 GMT+0200 (CEST);1564315326000;0.31;70.91
1380556833984591;28.5;31.1;Sun Jul 28 2019 14:03:20 GMT+0200 (CEST);Sun Jul 28 2019 12:03:20 GMT+0200 (CEST);1564315400000;0.31;72.37
1380556833984591;28.5;31.7;Sun Jul 28 2019 14:04:33 GMT+0200 (CEST);Sun Jul 28 2019 12:04:33 GMT+0200 (CEST);1564315473000;0.32;73.75
1380556833984591;28.5;31.7;Sun Jul 28 2019 14:05:45 GMT+0200 (CEST);Sun Jul 28 2019 12:05:45 GMT+0200 (CEST);1564315545000;0.35;75.86
1380556833984591;28.5;31.7;Sun Jul 28 2019 14:07:00 GMT+0200 (CEST);Sun Jul 28 2019 12:07:00 GMT+0200 (CEST);1564315620000;0.37;80.27
1380556833984591;28.5;31.7;Sun Jul 28 2019 14:08:13 GMT+0200 (CEST);Sun Jul 28 2019 12:08:13 GMT+0200 (CEST);1564315693000;0.39;84.26
1380556833984591;28.5;31.7;Sun Jul 28 2019 14:09:46 GMT+0200 (CEST);Sun Jul 28 2019 12:09:46 GMT+0200 (CEST);1564315786000;0.43;91.31
1380556833984591;28.5;31.9;Sun Jul 28 2019 14:10:59 GMT+0200 (CEST);Sun Jul 28 2019 12:10:59 GMT+0200 (CEST);1564315859000;0.46;95.75
1380556833984591;28.5;32.1;Sun Jul 28 2019 14:12:17 GMT+0200 (CEST);Sun Jul 28 2019 12:12:17 GMT+0200 (CEST);1564315937000;0.49;100.49
1380556833984591;28.5;31.9;Sun Jul 28 2019 14:13:30 GMT+0200 (CEST);Sun Jul 28 2019 12:13:30 GMT+0200 (CEST);1564316010000;0.51;106.54
1380556833984591;28.5;32.1;Sun Jul 28 2019 14:14:44 GMT+0200 (CEST);Sun Jul 28 2019 12:14:44 GMT+0200 (CEST);1564316084000;0.54;111.8
1380556833984591;28.5;32.3;Sun Jul 28 2019 14:16:01 GMT+0200 (CEST);Sun Jul 28 2019 12:16:01 GMT+0200 (CEST);1564316161000;0.56;116.09
1380556833984591;28.5;32.4;Sun Jul 28 2019 14:17:14 GMT+0200 (CEST);Sun Jul 28 2019 12:17:14 GMT+0200 (CEST);1564316234000;0.57;119.08
1380556833984591;28.5;32.3;Sun Jul 28 2019 14:18:27 GMT+0200 (CEST);Sun Jul 28 2019 12:18:27 GMT+0200 (CEST);1564316307000;0.59;121.53
1380556833984591;28.5;32.6;Sun Jul 28 2019 14:19:31 GMT+0200 (CEST);Sun Jul 28 2019 12:19:31 GMT+0200 (CEST);1564316371000;0.59;124.04
1380556833984591;29;32.4;Sun Jul 28 2019 14:20:45 GMT+0200 (CEST);Sun Jul 28 2019 12:20:45 GMT+0200 (CEST);1564316445000;0.61;125.24
1380556833984591;29;32.4;Sun Jul 28 2019 14:21:58 GMT+0200 (CEST);Sun Jul 28 2019 12:21:58 GMT+0200 (CEST);1564316518000;0.61;127.58
1380556833984591;29;32.4;Sun Jul 28 2019 14:23:10 GMT+0200 (CEST);Sun Jul 28 2019 12:23:10 GMT+0200 (CEST);1564316590000;0.63;129.82
1380556833984591;30.5;32.4;Sun Jul 28 2019 14:24:39 GMT+0200 (CEST);Sun Jul 28 2019 12:24:39 GMT+0200 (CEST);1564316679000;0.65;132.31
1380556833984591;30.5;32.4;Sun Jul 28 2019 14:26:06 GMT+0200 (CEST);Sun Jul 28 2019 12:26:06 GMT+0200 (CEST);1564316766000;0.65;134.01
1380556833984591;30.5;32.5;Sun Jul 28 2019 14:27:10 GMT+0200 (CEST);Sun Jul 28 2019 12:27:10 GMT+0200 (CEST);1564316830000;0.65;134.08
1380556833984591;30.5;32.5;Sun Jul 28 2019 14:28:29 GMT+0200 (CEST);Sun Jul 28 2019 12:28:29 GMT+0200 (CEST);1564316909000;0.63;134.02
1380556833984591;29;32.3;Sun Jul 28 2019 14:29:46 GMT+0200 (CEST);Sun Jul 28 2019 12:29:46 GMT+0200 (CEST);1564316986000;0.64;133.38
1380556833984591;29;32.3;Sun Jul 28 2019 14:31:02 GMT+0200 (CEST);Sun Jul 28 2019 12:31:02 GMT+0200 (CEST);1564317062000;0.63;133.23
1380556833984591;29;32.3;Sun Jul 28 2019 14:32:19 GMT+0200 (CEST);Sun Jul 28 2019 12:32:19 GMT+0200 (CEST);1564317139000;0.63;133.29
1380556833984591;29;32.1;Sun Jul 28 2019 14:33:33 GMT+0200 (CEST);Sun Jul 28 2019 12:33:33 GMT+0200 (CEST);1564317213000;0.62;133.63
1380556833984591;30.5;32.3;Sun Jul 28 2019 14:34:47 GMT+0200 (CEST);Sun Jul 28 2019 12:34:47 GMT+0200 (CEST);1564317287000;0.63;133.17
1380556833984591;30.5;32.3;Sun Jul 28 2019 14:36:04 GMT+0200 (CEST);Sun Jul 28 2019 12:36:04 GMT+0200 (CEST);1564317364000;0.63;132.45
1380556833984591;30.5;32.1;Sun Jul 28 2019 14:37:18 GMT+0200 (CEST);Sun Jul 28 2019 12:37:18 GMT+0200 (CEST);1564317438000;0.63;131.25
1380556833984591;30.5;32.3;Sun Jul 28 2019 14:38:31 GMT+0200 (CEST);Sun Jul 28 2019 12:38:31 GMT+0200 (CEST);1564317511000;0.62;129.98
1380556833984591;31.1;32;Sun Jul 28 2019 14:39:48 GMT+0200 (CEST);Sun Jul 28 2019 12:39:48 GMT+0200 (CEST);1564317588000;0.6;129.03
1380556833984591;31.1;32.1;Sun Jul 28 2019 14:41:02 GMT+0200 (CEST);Sun Jul 28 2019 12:41:02 GMT+0200 (CEST);1564317662000;0.61;127.95
1380556833984591;31.1;32.1;Sun Jul 28 2019 14:42:15 GMT+0200 (CEST);Sun Jul 28 2019 12:42:15 GMT+0200 (CEST);1564317735000;0.61;127.86
1380556833984591;31.1;32.1;Sun Jul 28 2019 14:43:27 GMT+0200 (CEST);Sun Jul 28 2019 12:43:27 GMT+0200 (CEST);1564317807000;0.61;127.64
1380556833984591;31.1;32.2;Sun Jul 28 2019 14:44:40 GMT+0200 (CEST);Sun Jul 28 2019 12:44:40 GMT+0200 (CEST);1564317880000;0.61;128.43
1380556833984591;31.1;32;Sun Jul 28 2019 14:45:54 GMT+0200 (CEST);Sun Jul 28 2019 12:45:54 GMT+0200 (CEST);1564317954000;0.62;128.96
1380556833984591;31.1;32.2;Sun Jul 28 2019 14:47:07 GMT+0200 (CEST);Sun Jul 28 2019 12:47:07 GMT+0200 (CEST);1564318027000;0.63;130.21
1380556833984591;31.1;32.3;Sun Jul 28 2019 14:48:20 GMT+0200 (CEST);Sun Jul 28 2019 12:48:20 GMT+0200 (CEST);1564318100000;0.63;132.15
1380556833984591;31.1;32.1;Sun Jul 28 2019 14:49:33 GMT+0200 (CEST);Sun Jul 28 2019 12:49:33 GMT+0200 (CEST);1564318173000;0.64;134.03
1380556833984591;31.1;32.1;Sun Jul 28 2019 14:51:35 GMT+0200 (CEST);Sun Jul 28 2019 12:51:35 GMT+0200 (CEST);1564318295000;0.65;136
1380556833984591;31.1;32.5;Sun Jul 28 2019 14:52:48 GMT+0200 (CEST);Sun Jul 28 2019 12:52:48 GMT+0200 (CEST);1564318368000;0.65;137.13
1380556833984591;31.1;32.2;Sun Jul 28 2019 14:54:01 GMT+0200 (CEST);Sun Jul 28 2019 12:54:01 GMT+0200 (CEST);1564318441000;0.67;138.6
1380556833984591;31.1;32.1;Sun Jul 28 2019 14:55:18 GMT+0200 (CEST);Sun Jul 28 2019 12:55:18 GMT+0200 (CEST);1564318518000;0.68;139.61
1380556833984591;31.1;32.2;Sun Jul 28 2019 14:56:34 GMT+0200 (CEST);Sun Jul 28 2019 12:56:34 GMT+0200 (CEST);1564318594000;0.68;141
1380556833984591;31.1;32.5;Sun Jul 28 2019 14:57:51 GMT+0200 (CEST);Sun Jul 28 2019 12:57:51 GMT+0200 (CEST);1564318671000;0.69;142.32
1380556833984591;31.1;32.4;Sun Jul 28 2019 14:59:21 GMT+0200 (CEST);Sun Jul 28 2019 12:59:21 GMT+0200 (CEST);1564318761000;0.71;143.86
1380556833984591;31.1;32.4;Sun Jul 28 2019 15:00:48 GMT+0200 (CEST);Sun Jul 28 2019 13:00:48 GMT+0200 (CEST);1564318848000;0.7;145.34
1380556833984591;31.1;32.4;Sun Jul 28 2019 15:02:04 GMT+0200 (CEST);Sun Jul 28 2019 13:02:04 GMT+0200 (CEST);1564318924000;0.73;148.18
1380556833984591;31.1;32.4;Sun Jul 28 2019 15:03:16 GMT+0200 (CEST);Sun Jul 28 2019 13:03:16 GMT+0200 (CEST);1564318996000;0.74;150.07
1380556833984591;31.1;32.4;Sun Jul 28 2019 15:04:14 GMT+0200 (CEST);Sun Jul 28 2019 13:04:14 GMT+0200 (CEST);1564319054000;0.76;151.59
1380556833984591;31.1;32.4;Sun Jul 28 2019 15:05:28 GMT+0200 (CEST);Sun Jul 28 2019 13:05:28 GMT+0200 (CEST);1564319128000;0.76;152.8
1380556833984591;31.1;32.4;Sun Jul 28 2019 15:06:43 GMT+0200 (CEST);Sun Jul 28 2019 13:06:43 GMT+0200 (CEST);1564319203000;0.78;154.73
1380556833984591;31.1;32.5;Sun Jul 28 2019 15:07:59 GMT+0200 (CEST);Sun Jul 28 2019 13:07:59 GMT+0200 (CEST);1564319279000;0.77;156.45
1380556833984591;31.1;32.6;Sun Jul 28 2019 15:09:20 GMT+0200 (CEST);Sun Jul 28 2019 13:09:20 GMT+0200 (CEST);1564319360000;0.78;157.56
1380556833984591;31.1;32.5;Sun Jul 28 2019 15:10:34 GMT+0200 (CEST);Sun Jul 28 2019 13:10:34 GMT+0200 (CEST);1564319434000;0.8;160.24
1380556833984591;31.1;32.6;Sun Jul 28 2019 15:11:53 GMT+0200 (CEST);Sun Jul 28 2019 13:11:53 GMT+0200 (CEST);1564319513000;0.81;162.53
1380556833984591;31.1;32.5;Sun Jul 28 2019 15:13:06 GMT+0200 (CEST);Sun Jul 28 2019 13:13:06 GMT+0200 (CEST);1564319586000;0.83;165.33
1380556833984591;32.1;32.6;Sun Jul 28 2019 15:14:19 GMT+0200 (CEST);Sun Jul 28 2019 13:14:19 GMT+0200 (CEST);1564319659000;0.84;166.73
1380556833984591;32.1;32.6;Sun Jul 28 2019 15:15:32 GMT+0200 (CEST);Sun Jul 28 2019 13:15:32 GMT+0200 (CEST);1564319732000;0.84;168.89
1380556833984591;32.1;32.6;Sun Jul 28 2019 15:16:50 GMT+0200 (CEST);Sun Jul 28 2019 13:16:50 GMT+0200 (CEST);1564319810000;0.84;170.92
1380556833984591;32.1;32.8;Sun Jul 28 2019 15:18:07 GMT+0200 (CEST);Sun Jul 28 2019 13:18:07 GMT+0200 (CEST);1564319887000;0.86;171.73
1380556833984591;32.1;32.6;Sun Jul 28 2019 15:19:20 GMT+0200 (CEST);Sun Jul 28 2019 13:19:20 GMT+0200 (CEST);1564319960000;0.87;173.59
1380556833984591;32.1;32.7;Sun Jul 28 2019 15:20:35 GMT+0200 (CEST);Sun Jul 28 2019 13:20:35 GMT+0200 (CEST);1564320035000;0.89;175.77
1380556833984591;32.1;32.7;Sun Jul 28 2019 15:21:49 GMT+0200 (CEST);Sun Jul 28 2019 13:21:49 GMT+0200 (CEST);1564320109000;0.9;177.39
1380556833984591;32.1;32.6;Sun Jul 28 2019 15:23:01 GMT+0200 (CEST);Sun Jul 28 2019 13:23:01 GMT+0200 (CEST);1564320181000;0.91;180.37
1380556833984591;32.1;32.6;Sun Jul 28 2019 15:24:20 GMT+0200 (CEST);Sun Jul 28 2019 13:24:20 GMT+0200 (CEST);1564320260000;0.92;182.27
1380556833984591;32.1;32.6;Sun Jul 28 2019 15:25:33 GMT+0200 (CEST);Sun Jul 28 2019 13:25:33 GMT+0200 (CEST);1564320333000;0.93;184.11
1380556833984591;32.1;32.6;Sun Jul 28 2019 15:26:48 GMT+0200 (CEST);Sun Jul 28 2019 13:26:48 GMT+0200 (CEST);1564320408000;0.94;185.65
1380556833984591;32.1;32.5;Sun Jul 28 2019 15:28:00 GMT+0200 (CEST);Sun Jul 28 2019 13:28:00 GMT+0200 (CEST);1564320480000;0.94;186.19
1380556833984591;32.1;32.7;Sun Jul 28 2019 15:29:14 GMT+0200 (CEST);Sun Jul 28 2019 13:29:14 GMT+0200 (CEST);1564320554000;0.92;183.71
1380556833984591;32.1;32.6;Sun Jul 28 2019 15:30:29 GMT+0200 (CEST);Sun Jul 28 2019 13:30:29 GMT+0200 (CEST);1564320629000;0.92;181.71
1380556833984591;32.1;32.6;Sun Jul 28 2019 15:31:42 GMT+0200 (CEST);Sun Jul 28 2019 13:31:42 GMT+0200 (CEST);1564320702000;0.88;177.92
1380556833984591;32.1;32.6;Sun Jul 28 2019 15:33:00 GMT+0200 (CEST);Sun Jul 28 2019 13:33:00 GMT+0200 (CEST);1564320780000;0.86;170.86
1380556833984591;32.1;32.5;Sun Jul 28 2019 15:34:18 GMT+0200 (CEST);Sun Jul 28 2019 13:34:18 GMT+0200 (CEST);1564320858000;0.77;153.49
1380556833984591;32.1;32.4;Sun Jul 28 2019 15:35:31 GMT+0200 (CEST);Sun Jul 28 2019 13:35:31 GMT+0200 (CEST);1564320931000;0.7;140.75
1380556833984591;32.1;32.3;Sun Jul 28 2019 15:36:45 GMT+0200 (CEST);Sun Jul 28 2019 13:36:45 GMT+0200 (CEST);1564321005000;0.67;136.44
1380556833984591;32.1;32.3;Sun Jul 28 2019 15:37:57 GMT+0200 (CEST);Sun Jul 28 2019 13:37:57 GMT+0200 (CEST);1564321077000;0.68;137.85
1380556833984591;32.1;32.4;Sun Jul 28 2019 15:39:15 GMT+0200 (CEST);Sun Jul 28 2019 13:39:15 GMT+0200 (CEST);1564321155000;0.7;142.11
1380556833984591;32.1;32.5;Sun Jul 28 2019 15:40:31 GMT+0200 (CEST);Sun Jul 28 2019 13:40:31 GMT+0200 (CEST);1564321231000;0.73;148.22
1380556833984591;32.1;32.5;Sun Jul 28 2019 15:41:48 GMT+0200 (CEST);Sun Jul 28 2019 13:41:48 GMT+0200 (CEST);1564321308000;0.76;157.24
1380556833984591;32.1;32.8;Sun Jul 28 2019 15:43:03 GMT+0200 (CEST);Sun Jul 28 2019 13:43:03 GMT+0200 (CEST);1564321383000;0.81;165.01
1380556833984591;32.1;32.8;Sun Jul 28 2019 15:44:32 GMT+0200 (CEST);Sun Jul 28 2019 13:44:32 GMT+0200 (CEST);1564321472000;0.84;170.9
1380556833984591;32.1;32.8;Sun Jul 28 2019 15:45:45 GMT+0200 (CEST);Sun Jul 28 2019 13:45:45 GMT+0200 (CEST);1564321545000;0.87;177
1380556833984591;32.1;33;Sun Jul 28 2019 15:46:59 GMT+0200 (CEST);Sun Jul 28 2019 13:46:59 GMT+0200 (CEST);1564321619000;0.89;181.54
1380556833984591;31.1;33.1;Sun Jul 28 2019 15:48:17 GMT+0200 (CEST);Sun Jul 28 2019 13:48:17 GMT+0200 (CEST);1564321697000;0.92;186.59
1380556833984591;31.1;33.1;Sun Jul 28 2019 15:49:35 GMT+0200 (CEST);Sun Jul 28 2019 13:49:35 GMT+0200 (CEST);1564321775000;0.94;191.33
1380556833984591;31.1;33.2;Sun Jul 28 2019 15:50:49 GMT+0200 (CEST);Sun Jul 28 2019 13:50:49 GMT+0200 (CEST);1564321849000;0.96;193.94
1380556833984591;31.1;33.1;Sun Jul 28 2019 15:52:07 GMT+0200 (CEST);Sun Jul 28 2019 13:52:07 GMT+0200 (CEST);1564321927000;0.98;198.11
1380556833984591;31.1;33.2;Sun Jul 28 2019 15:53:20 GMT+0200 (CEST);Sun Jul 28 2019 13:53:20 GMT+0200 (CEST);1564322000000;1.01;204.25
1380556833984591;31.1;33.2;Sun Jul 28 2019 15:54:33 GMT+0200 (CEST);Sun Jul 28 2019 13:54:33 GMT+0200 (CEST);1564322073000;1.02;211.63
1380556833984591;31.1;33.3;Sun Jul 28 2019 15:55:51 GMT+0200 (CEST);Sun Jul 28 2019 13:55:51 GMT+0200 (CEST);1564322151000;1.08;216.43
1380556833984591;31.1;33.4;Sun Jul 28 2019 15:57:03 GMT+0200 (CEST);Sun Jul 28 2019 13:57:03 GMT+0200 (CEST);1564322223000;1.1;221.87
1380556833984591;31.1;33.3;Sun Jul 28 2019 15:58:17 GMT+0200 (CEST);Sun Jul 28 2019 13:58:17 GMT+0200 (CEST);1564322297000;1.14;228.4
1380556833984591;31.1;33.4;Sun Jul 28 2019 15:59:30 GMT+0200 (CEST);Sun Jul 28 2019 13:59:30 GMT+0200 (CEST);1564322370000;1.17;234.83
1380556833984591;31.1;33.3;Sun Jul 28 2019 16:00:42 GMT+0200 (CEST);Sun Jul 28 2019 14:00:42 GMT+0200 (CEST);1564322442000;1.22;244.34
1380556833984591;31.1;33.4;Sun Jul 28 2019 16:01:55 GMT+0200 (CEST);Sun Jul 28 2019 14:01:55 GMT+0200 (CEST);1564322515000;1.25;250.71
1380556833984591;31.1;33.5;Sun Jul 28 2019 16:03:27 GMT+0200 (CEST);Sun Jul 28 2019 14:03:27 GMT+0200 (CEST);1564322607000;1.26;249.8
1380556833984591;31.1;33.4;Sun Jul 28 2019 16:04:40 GMT+0200 (CEST);Sun Jul 28 2019 14:04:40 GMT+0200 (CEST);1564322680000;1.19;239.61
1380556833984591;31.1;33.3;Sun Jul 28 2019 16:06:04 GMT+0200 (CEST);Sun Jul 28 2019 14:06:04 GMT+0200 (CEST);1564322764000;1.05;211.7
1380556833984591;31.1;33.1;Sun Jul 28 2019 16:07:17 GMT+0200 (CEST);Sun Jul 28 2019 14:07:17 GMT+0200 (CEST);1564322837000;0.91;188.29
1380556833984591;31.1;32.9;Sun Jul 28 2019 16:08:33 GMT+0200 (CEST);Sun Jul 28 2019 14:08:33 GMT+0200 (CEST);1564322913000;0.74;154.81
1380556833984591;31.1;32.3;Sun Jul 28 2019 16:09:52 GMT+0200 (CEST);Sun Jul 28 2019 14:09:52 GMT+0200 (CEST);1564322992000;0.58;124.59
1380556833984591;31.1;32;Sun Jul 28 2019 16:11:05 GMT+0200 (CEST);Sun Jul 28 2019 14:11:05 GMT+0200 (CEST);1564323065000;0.49;105.33
1380556833984591;31.1;31.8;Sun Jul 28 2019 16:12:18 GMT+0200 (CEST);Sun Jul 28 2019 14:12:18 GMT+0200 (CEST);1564323138000;0.43;96.06
1380556833984591;31.1;31.6;Sun Jul 28 2019 16:13:31 GMT+0200 (CEST);Sun Jul 28 2019 14:13:31 GMT+0200 (CEST);1564323211000;0.29;67.55
1380556833984591;31.1;30.3;Sun Jul 28 2019 16:14:44 GMT+0200 (CEST);Sun Jul 28 2019 14:14:44 GMT+0200 (CEST);1564323284000;0.23;60.17
1380556833984591;30.5;30.5;Sun Jul 28 2019 16:15:57 GMT+0200 (CEST);Sun Jul 28 2019 14:15:57 GMT+0200 (CEST);1564323357000;0.31;70.94
1380556833984591;30.5;31;Sun Jul 28 2019 16:17:10 GMT+0200 (CEST);Sun Jul 28 2019 14:17:10 GMT+0200 (CEST);1564323430000;0.4;91
1380556833984591;30.5;32.1;Sun Jul 28 2019 16:18:24 GMT+0200 (CEST);Sun Jul 28 2019 14:18:24 GMT+0200 (CEST);1564323504000;0.54;119.02
1380556833984591;30.5;32.3;Sun Jul 28 2019 16:19:40 GMT+0200 (CEST);Sun Jul 28 2019 14:19:40 GMT+0200 (CEST);1564323580000;0.68;142.28
1380556833984591;30.5;32.9;Sun Jul 28 2019 16:20:54 GMT+0200 (CEST);Sun Jul 28 2019 14:20:54 GMT+0200 (CEST);1564323654000;0.88;186.4
1380556833984591;30.5;33.4;Sun Jul 28 2019 16:22:06 GMT+0200 (CEST);Sun Jul 28 2019 14:22:06 GMT+0200 (CEST);1564323726000;1.09;219.22
1380556833984591;30.5;33.9;Sun Jul 28 2019 16:23:20 GMT+0200 (CEST);Sun Jul 28 2019 14:23:20 GMT+0200 (CEST);1564323800000;1.26;259.63
1380556833984591;30.5;33.9;Sun Jul 28 2019 16:24:33 GMT+0200 (CEST);Sun Jul 28 2019 14:24:33 GMT+0200 (CEST);1564323873000;1.27;264.11
1380556833984591;30.5;34;Sun Jul 28 2019 16:26:00 GMT+0200 (CEST);Sun Jul 28 2019 14:26:00 GMT+0200 (CEST);1564323960000;1.27;259.53
1380556833984591;30.5;34;Sun Jul 28 2019 16:27:14 GMT+0200 (CEST);Sun Jul 28 2019 14:27:14 GMT+0200 (CEST);1564324034000;1.16;242.67
1380556833984591;30.5;33.8;Sun Jul 28 2019 16:28:26 GMT+0200 (CEST);Sun Jul 28 2019 14:28:26 GMT+0200 (CEST);1564324106000;1.49;307.07
1380556833984591;30.5;34.1;Sun Jul 28 2019 16:29:39 GMT+0200 (CEST);Sun Jul 28 2019 14:29:39 GMT+0200 (CEST);1564324179000;1.63;343.03
1380556833984591;30.5;34.1;Sun Jul 28 2019 16:30:52 GMT+0200 (CEST);Sun Jul 28 2019 14:30:52 GMT+0200 (CEST);1564324252000;1.7;358.39
1380556833984591;30.5;34.1;Sun Jul 28 2019 16:32:04 GMT+0200 (CEST);Sun Jul 28 2019 14:32:04 GMT+0200 (CEST);1564324324000;1.74;363.51
1380556833984591;30.5;34.1;Sun Jul 28 2019 16:33:18 GMT+0200 (CEST);Sun Jul 28 2019 14:33:18 GMT+0200 (CEST);1564324398000;1.74;358.39
1380556833984591;30.5;34;Sun Jul 28 2019 16:34:51 GMT+0200 (CEST);Sun Jul 28 2019 14:34:51 GMT+0200 (CEST);1564324491000;1.36;266.75
1380556833984591;30.5;33.3;Sun Jul 28 2019 16:36:05 GMT+0200 (CEST);Sun Jul 28 2019 14:36:05 GMT+0200 (CEST);1564324565000;1.54;323.21
1380556833984591;30.5;33.8;Sun Jul 28 2019 16:37:23 GMT+0200 (CEST);Sun Jul 28 2019 14:37:23 GMT+0200 (CEST);1564324643000;1.42;296.3
1380556833984591;30.5;33.4;Sun Jul 28 2019 16:38:36 GMT+0200 (CEST);Sun Jul 28 2019 14:38:36 GMT+0200 (CEST);1564324716000;1.26;254.41
1380556833984591;31.1;33.5;Sun Jul 28 2019 16:39:49 GMT+0200 (CEST);Sun Jul 28 2019 14:39:49 GMT+0200 (CEST);1564324789000;1.26;260.03
1380556833984591;31.1;33.3;Sun Jul 28 2019 16:41:13 GMT+0200 (CEST);Sun Jul 28 2019 14:41:13 GMT+0200 (CEST);1564324873000;1.27;263.85
1380556833984591;31.1;33.3;Sun Jul 28 2019 16:42:26 GMT+0200 (CEST);Sun Jul 28 2019 14:42:26 GMT+0200 (CEST);1564324946000;1.27;261.06
1380556833984591;31.1;33.2;Sun Jul 28 2019 16:43:47 GMT+0200 (CEST);Sun Jul 28 2019 14:43:47 GMT+0200 (CEST);1564325027000;1.28;272.41
1380556833984591;31.1;33.4;Sun Jul 28 2019 16:45:01 GMT+0200 (CEST);Sun Jul 28 2019 14:45:01 GMT+0200 (CEST);1564325101000;1.41;294.02
1380556833984591;31.1;34.3;Sun Jul 28 2019 16:46:15 GMT+0200 (CEST);Sun Jul 28 2019 14:46:15 GMT+0200 (CEST);1564325175000;1.48;314.5
1380556833984591;31.1;34.3;Sun Jul 28 2019 16:47:31 GMT+0200 (CEST);Sun Jul 28 2019 14:47:31 GMT+0200 (CEST);1564325251000;1.55;330.23
1380556833984591;31.1;33.6;Sun Jul 28 2019 16:48:50 GMT+0200 (CEST);Sun Jul 28 2019 14:48:50 GMT+0200 (CEST);1564325330000;1.48;320.71
1380556833984591;32.1;34.1;Sun Jul 28 2019 16:50:02 GMT+0200 (CEST);Sun Jul 28 2019 14:50:02 GMT+0200 (CEST);1564325402000;1.19;240.47
1380556833984591;32.1;33.1;Sun Jul 28 2019 16:51:49 GMT+0200 (CEST);Sun Jul 28 2019 14:51:49 GMT+0200 (CEST);1564325509000;0.97;203.66
1380556833984591;32.1;32.8;Sun Jul 28 2019 16:53:03 GMT+0200 (CEST);Sun Jul 28 2019 14:53:03 GMT+0200 (CEST);1564325583000;0.99;205.56
1380556833984591;32.1;32.8;Sun Jul 28 2019 16:54:16 GMT+0200 (CEST);Sun Jul 28 2019 14:54:16 GMT+0200 (CEST);1564325656000;1;207.98
1380556833984591;32.1;33;Sun Jul 28 2019 16:55:30 GMT+0200 (CEST);Sun Jul 28 2019 14:55:30 GMT+0200 (CEST);1564325730000;1;206.4
1380556833984591;32.1;33;Sun Jul 28 2019 16:56:43 GMT+0200 (CEST);Sun Jul 28 2019 14:56:43 GMT+0200 (CEST);1564325803000;0.95;197.7
1380556833984591;32.1;33.1;Sun Jul 28 2019 16:57:56 GMT+0200 (CEST);Sun Jul 28 2019 14:57:56 GMT+0200 (CEST);1564325876000;0.93;190.56
1380556833984591;32.1;33;Sun Jul 28 2019 16:59:30 GMT+0200 (CEST);Sun Jul 28 2019 14:59:30 GMT+0200 (CEST);1564325970000;0.69;144.07
1380556833984591;32.1;32.4;Sun Jul 28 2019 17:00:43 GMT+0200 (CEST);Sun Jul 28 2019 15:00:43 GMT+0200 (CEST);1564326043000;0.57;120.11
1380556833984591;32.1;32.1;Sun Jul 28 2019 17:01:56 GMT+0200 (CEST);Sun Jul 28 2019 15:01:56 GMT+0200 (CEST);1564326116000;0.49;107.85
1380556833984591;32.1;32;Sun Jul 28 2019 17:03:13 GMT+0200 (CEST);Sun Jul 28 2019 15:03:13 GMT+0200 (CEST);1564326193000;0.45;96.83
1380556833984591;30.5;31.8;Sun Jul 28 2019 17:04:27 GMT+0200 (CEST);Sun Jul 28 2019 15:04:27 GMT+0200 (CEST);1564326267000;0.42;92.22
1380556833984591;30.5;31.9;Sun Jul 28 2019 17:05:35 GMT+0200 (CEST);Sun Jul 28 2019 15:05:35 GMT+0200 (CEST);1564326335000;0.42;88.11
1380556833984591;30.5;32.3;Sun Jul 28 2019 17:07:06 GMT+0200 (CEST);Sun Jul 28 2019 15:07:06 GMT+0200 (CEST);1564326426000;0.43;91.37
1380556833984591;30.5;32.1;Sun Jul 28 2019 17:08:19 GMT+0200 (CEST);Sun Jul 28 2019 15:08:19 GMT+0200 (CEST);1564326499000;0.45;92.08
1380556833984591;30.5;32.1;Sun Jul 28 2019 17:09:33 GMT+0200 (CEST);Sun Jul 28 2019 15:09:33 GMT+0200 (CEST);1564326573000;0.42;87.05
1380556833984591;30.5;32.6;Sun Jul 28 2019 17:10:47 GMT+0200 (CEST);Sun Jul 28 2019 15:10:47 GMT+0200 (CEST);1564326647000;0.43;87.79
1380556833984591;30.5;32.1;Sun Jul 28 2019 17:11:59 GMT+0200 (CEST);Sun Jul 28 2019 15:11:59 GMT+0200 (CEST);1564326719000;0.43;89.15
1380556833984591;30.5;32.8;Sun Jul 28 2019 17:13:13 GMT+0200 (CEST);Sun Jul 28 2019 15:13:13 GMT+0200 (CEST);1564326793000;0.42;87.94
1380556833984591;28.5;32.6;Sun Jul 28 2019 17:14:26 GMT+0200 (CEST);Sun Jul 28 2019 15:14:26 GMT+0200 (CEST);1564326866000;0.36;75.61
1380556833984591;28.5;31.8;Sun Jul 28 2019 17:15:39 GMT+0200 (CEST);Sun Jul 28 2019 15:15:39 GMT+0200 (CEST);1564326939000;0.31;68.63
1380556833984591;28.5;31.9;Sun Jul 28 2019 17:16:54 GMT+0200 (CEST);Sun Jul 28 2019 15:16:54 GMT+0200 (CEST);1564327014000;0.26;57.47
1380556833984591;28.5;31.6;Sun Jul 28 2019 17:18:07 GMT+0200 (CEST);Sun Jul 28 2019 15:18:07 GMT+0200 (CEST);1564327087000;0.27;62.12
1380556833984591;28.5;31.7;Sun Jul 28 2019 17:19:26 GMT+0200 (CEST);Sun Jul 28 2019 15:19:26 GMT+0200 (CEST);1564327166000;0.26;57.44
1380556833984591;28.5;31.3;Sun Jul 28 2019 17:20:39 GMT+0200 (CEST);Sun Jul 28 2019 15:20:39 GMT+0200 (CEST);1564327239000;0.25;56.04
1380556833984591;28.5;31.6;Sun Jul 28 2019 17:22:05 GMT+0200 (CEST);Sun Jul 28 2019 15:22:05 GMT+0200 (CEST);1564327325000;0.28;61.62
1380556833984591;26.5;31.4;Sun Jul 28 2019 17:23:18 GMT+0200 (CEST);Sun Jul 28 2019 15:23:18 GMT+0200 (CEST);1564327398000;0.32;67.43
1380556833984591;26.5;31.8;Sun Jul 28 2019 17:24:31 GMT+0200 (CEST);Sun Jul 28 2019 15:24:31 GMT+0200 (CEST);1564327471000;0.35;72.6
1380556833984591;26.5;32.2;Sun Jul 28 2019 17:25:55 GMT+0200 (CEST);Sun Jul 28 2019 15:25:55 GMT+0200 (CEST);1564327555000;0.35;73.78
1380556833984591;26.5;32.4;Sun Jul 28 2019 17:27:13 GMT+0200 (CEST);Sun Jul 28 2019 15:27:13 GMT+0200 (CEST);1564327633000;0.33;68.97
1380556833984591;26.5;32.1;Sun Jul 28 2019 17:28:26 GMT+0200 (CEST);Sun Jul 28 2019 15:28:26 GMT+0200 (CEST);1564327706000;0.28;58.24
1380556833984591;26.5;31.9;Sun Jul 28 2019 17:29:39 GMT+0200 (CEST);Sun Jul 28 2019 15:29:39 GMT+0200 (CEST);1564327779000;0.23;52.25
1380556833984591;26.5;31.4;Sun Jul 28 2019 17:30:54 GMT+0200 (CEST);Sun Jul 28 2019 15:30:54 GMT+0200 (CEST);1564327854000;0.19;44.89
1380556833984591;25;31.1;Sun Jul 28 2019 17:32:21 GMT+0200 (CEST);Sun Jul 28 2019 15:32:21 GMT+0200 (CEST);1564327941000;0.17;41.84
1380556833984591;25;31.2;Sun Jul 28 2019 17:33:34 GMT+0200 (CEST);Sun Jul 28 2019 15:33:34 GMT+0200 (CEST);1564328014000;0.17;41.81
1380556833984591;25;31.5;Sun Jul 28 2019 17:34:48 GMT+0200 (CEST);Sun Jul 28 2019 15:34:48 GMT+0200 (CEST);1564328088000;0.16;41.03
1380556833984591;25;31.7;Sun Jul 28 2019 17:36:02 GMT+0200 (CEST);Sun Jul 28 2019 15:36:02 GMT+0200 (CEST);1564328162000;0.17;43.66
1380556833984591;25;31.3;Sun Jul 28 2019 17:37:15 GMT+0200 (CEST);Sun Jul 28 2019 15:37:15 GMT+0200 (CEST);1564328235000;0.18;43.6
1380556833984591;25;31.1;Sun Jul 28 2019 17:38:27 GMT+0200 (CEST);Sun Jul 28 2019 15:38:27 GMT+0200 (CEST);1564328307000;0.14;37.32
1380556833984591;25;31.1;Sun Jul 28 2019 17:39:40 GMT+0200 (CEST);Sun Jul 28 2019 15:39:40 GMT+0200 (CEST);1564328380000;0.1;30.71
1380556833984591;25;31;Sun Jul 28 2019 17:40:54 GMT+0200 (CEST);Sun Jul 28 2019 15:40:54 GMT+0200 (CEST);1564328454000;0.06;23.58
1380556833984591;24.5;30.7;Sun Jul 28 2019 17:42:07 GMT+0200 (CEST);Sun Jul 28 2019 15:42:07 GMT+0200 (CEST);1564328527000;0.04;19.51
1380556833984591;24.5;30.6;Sun Jul 28 2019 17:43:20 GMT+0200 (CEST);Sun Jul 28 2019 15:43:20 GMT+0200 (CEST);1564328600000;0.04;20.47
1380556833984591;24.5;30.4;Sun Jul 28 2019 17:44:33 GMT+0200 (CEST);Sun Jul 28 2019 15:44:33 GMT+0200 (CEST);1564328673000;0.05;22.47
1380556833984591;24.5;30.5;Sun Jul 28 2019 17:45:52 GMT+0200 (CEST);Sun Jul 28 2019 15:45:52 GMT+0200 (CEST);1564328752000;0.06;24.5
1380556833984591;24.5;30.9;Sun Jul 28 2019 17:47:05 GMT+0200 (CEST);Sun Jul 28 2019 15:47:05 GMT+0200 (CEST);1564328825000;0.07;25.59
1380556833984591;24.5;30.8;Sun Jul 28 2019 17:48:18 GMT+0200 (CEST);Sun Jul 28 2019 15:48:18 GMT+0200 (CEST);1564328898000;0.05;23.89
1380556833984591;24.5;30.8;Sun Jul 28 2019 17:49:35 GMT+0200 (CEST);Sun Jul 28 2019 15:49:35 GMT+0200 (CEST);1564328975000;0.04;22.16
1380556833984591;24.5;30.6;Sun Jul 28 2019 17:50:47 GMT+0200 (CEST);Sun Jul 28 2019 15:50:47 GMT+0200 (CEST);1564329047000;0.05;22.24
1380556833984591;24.5;30.8;Sun Jul 28 2019 17:52:09 GMT+0200 (CEST);Sun Jul 28 2019 15:52:09 GMT+0200 (CEST);1564329129000;0.04;21.98
1380556833984591;23;30.2;Sun Jul 28 2019 17:53:48 GMT+0200 (CEST);Sun Jul 28 2019 15:53:48 GMT+0200 (CEST);1564329228000;0.05;22.53
1380556833984591;23;30.4;Sun Jul 28 2019 17:55:00 GMT+0200 (CEST);Sun Jul 28 2019 15:55:00 GMT+0200 (CEST);1564329300000;0.05;23.03
1380556833984591;23;30.7;Sun Jul 28 2019 17:56:13 GMT+0200 (CEST);Sun Jul 28 2019 15:56:13 GMT+0200 (CEST);1564329373000;0.06;24.21
1380556833984591;23;30.8;Sun Jul 28 2019 17:57:26 GMT+0200 (CEST);Sun Jul 28 2019 15:57:26 GMT+0200 (CEST);1564329446000;0.06;25.79
1380556833984591;23;30.8;Sun Jul 28 2019 17:58:39 GMT+0200 (CEST);Sun Jul 28 2019 15:58:39 GMT+0200 (CEST);1564329519000;0.07;26.57
1380556833984591;23;30.9;Sun Jul 28 2019 17:59:52 GMT+0200 (CEST);Sun Jul 28 2019 15:59:52 GMT+0200 (CEST);1564329592000;0.08;29.06
1380556833984591;23;30.8;Sun Jul 28 2019 18:01:15 GMT+0200 (CEST);Sun Jul 28 2019 16:01:15 GMT+0200 (CEST);1564329675000;0.1;32.16
1380556833984591;23;30.9;Sun Jul 28 2019 18:02:28 GMT+0200 (CEST);Sun Jul 28 2019 16:02:28 GMT+0200 (CEST);1564329748000;0.11;33.7
1380556833984591;23;30.8;Sun Jul 28 2019 18:03:41 GMT+0200 (CEST);Sun Jul 28 2019 16:03:41 GMT+0200 (CEST);1564329821000;0.12;34.31
1380556833984591;23;30.9;Sun Jul 28 2019 18:04:54 GMT+0200 (CEST);Sun Jul 28 2019 16:04:54 GMT+0200 (CEST);1564329894000;0.12;34.88
1380556833984591;23;30.9;Sun Jul 28 2019 18:06:06 GMT+0200 (CEST);Sun Jul 28 2019 16:06:06 GMT+0200 (CEST);1564329966000;0.12;35.65
1380556833984591;23;31;Sun Jul 28 2019 18:07:19 GMT+0200 (CEST);Sun Jul 28 2019 16:07:19 GMT+0200 (CEST);1564330039000;0.13;36.49
1380556833984591;23;30.8;Sun Jul 28 2019 18:08:36 GMT+0200 (CEST);Sun Jul 28 2019 16:08:36 GMT+0200 (CEST);1564330116000;0.14;37.92
1380556833984591;23;30.6;Sun Jul 28 2019 18:09:58 GMT+0200 (CEST);Sun Jul 28 2019 16:09:58 GMT+0200 (CEST);1564330198000;0.14;38.86
1380556833984591;23;31.1;Sun Jul 28 2019 18:11:11 GMT+0200 (CEST);Sun Jul 28 2019 16:11:11 GMT+0200 (CEST);1564330271000;0.15;39.87
1380556833984591;23;31.1;Sun Jul 28 2019 18:12:28 GMT+0200 (CEST);Sun Jul 28 2019 16:12:28 GMT+0200 (CEST);1564330348000;0.16;41.08
1380556833984591;23;31.2;Sun Jul 28 2019 18:13:50 GMT+0200 (CEST);Sun Jul 28 2019 16:13:50 GMT+0200 (CEST);1564330430000;0.16;42.61
1380556833984591;23;31;Sun Jul 28 2019 18:15:03 GMT+0200 (CEST);Sun Jul 28 2019 16:15:03 GMT+0200 (CEST);1564330503000;0.17;43.75
1380556833984591;23;30.8;Sun Jul 28 2019 18:16:15 GMT+0200 (CEST);Sun Jul 28 2019 16:16:15 GMT+0200 (CEST);1564330575000;0.18;45.56
1380556833984591;23;31;Sun Jul 28 2019 18:17:28 GMT+0200 (CEST);Sun Jul 28 2019 16:17:28 GMT+0200 (CEST);1564330648000;0.18;47.01
1380556833984591;23;31.1;Sun Jul 28 2019 18:18:41 GMT+0200 (CEST);Sun Jul 28 2019 16:18:41 GMT+0200 (CEST);1564330721000;0.19;48.63
1380556833984591;23;31.6;Sun Jul 28 2019 18:19:58 GMT+0200 (CEST);Sun Jul 28 2019 16:19:58 GMT+0200 (CEST);1564330798000;0.21;50.98
1380556833984591;23;31.1;Sun Jul 28 2019 18:21:16 GMT+0200 (CEST);Sun Jul 28 2019 16:21:16 GMT+0200 (CEST);1564330876000;0.22;53.33
1380556833984591;23;31.1;Sun Jul 28 2019 18:22:29 GMT+0200 (CEST);Sun Jul 28 2019 16:22:29 GMT+0200 (CEST);1564330949000;0.23;55.3
1380556833984591;23;31.3;Sun Jul 28 2019 18:23:42 GMT+0200 (CEST);Sun Jul 28 2019 16:23:42 GMT+0200 (CEST);1564331022000;0.24;57.68
1380556833984591;23;31.8;Sun Jul 28 2019 18:24:54 GMT+0200 (CEST);Sun Jul 28 2019 16:24:54 GMT+0200 (CEST);1564331094000;0.24;59.7
1380556833984591;23;32.3;Sun Jul 28 2019 18:26:07 GMT+0200 (CEST);Sun Jul 28 2019 16:26:07 GMT+0200 (CEST);1564331167000;0.26;62.53
1380556833984591;24.5;31.8;Sun Jul 28 2019 18:27:20 GMT+0200 (CEST);Sun Jul 28 2019 16:27:20 GMT+0200 (CEST);1564331240000;0.28;65.26
1380556833984591;24.5;31.8;Sun Jul 28 2019 18:28:32 GMT+0200 (CEST);Sun Jul 28 2019 16:28:32 GMT+0200 (CEST);1564331312000;0.3;67.52
1380556833984591;24.5;31.7;Sun Jul 28 2019 18:29:52 GMT+0200 (CEST);Sun Jul 28 2019 16:29:52 GMT+0200 (CEST);1564331392000;0.32;71.62
1380556833984591;24.5;31.8;Sun Jul 28 2019 18:31:05 GMT+0200 (CEST);Sun Jul 28 2019 16:31:05 GMT+0200 (CEST);1564331465000;0.33;75.95
1380556833984591;24.5;32.4;Sun Jul 28 2019 18:32:18 GMT+0200 (CEST);Sun Jul 28 2019 16:32:18 GMT+0200 (CEST);1564331538000;0.35;79.6
1380556833984591;24.5;32.8;Sun Jul 28 2019 18:33:31 GMT+0200 (CEST);Sun Jul 28 2019 16:33:31 GMT+0200 (CEST);1564331611000;0.38;84.67
1380556833984591;24.5;32.8;Sun Jul 28 2019 18:34:52 GMT+0200 (CEST);Sun Jul 28 2019 16:34:52 GMT+0200 (CEST);1564331692000;0.4;89
1380556833984591;24.5;32.9;Sun Jul 28 2019 18:36:05 GMT+0200 (CEST);Sun Jul 28 2019 16:36:05 GMT+0200 (CEST);1564331765000;0.42;94.45
1380556833984591;24.5;32.8;Sun Jul 28 2019 18:37:33 GMT+0200 (CEST);Sun Jul 28 2019 16:37:33 GMT+0200 (CEST);1564331853000;0.45;99.42
1380556833984591;24.5;33;Sun Jul 28 2019 18:38:46 GMT+0200 (CEST);Sun Jul 28 2019 16:38:46 GMT+0200 (CEST);1564331926000;0.48;104.48
1380556833984591;24.5;32.9;Sun Jul 28 2019 18:39:58 GMT+0200 (CEST);Sun Jul 28 2019 16:39:58 GMT+0200 (CEST);1564331998000;0.5;108.74
1380556833984591;24.5;33;Sun Jul 28 2019 18:41:11 GMT+0200 (CEST);Sun Jul 28 2019 16:41:11 GMT+0200 (CEST);1564332071000;0.52;113.48
1380556833984591;25;33.1;Sun Jul 28 2019 18:42:24 GMT+0200 (CEST);Sun Jul 28 2019 16:42:24 GMT+0200 (CEST);1564332144000;0.54;116.4
1380556833984591;25;33.2;Sun Jul 28 2019 18:43:37 GMT+0200 (CEST);Sun Jul 28 2019 16:43:37 GMT+0200 (CEST);1564332217000;0.55;120.89
1380556833984591;25;33.2;Sun Jul 28 2019 18:44:53 GMT+0200 (CEST);Sun Jul 28 2019 16:44:53 GMT+0200 (CEST);1564332293000;0.57;123.81
1380556833984591;25;33.3;Sun Jul 28 2019 18:46:07 GMT+0200 (CEST);Sun Jul 28 2019 16:46:07 GMT+0200 (CEST);1564332367000;0.58;125.68
1380556833984591;25;33.2;Sun Jul 28 2019 18:47:19 GMT+0200 (CEST);Sun Jul 28 2019 16:47:19 GMT+0200 (CEST);1564332439000;0.59;126.67
1380556833984591;25;33.2;Sun Jul 28 2019 18:48:33 GMT+0200 (CEST);Sun Jul 28 2019 16:48:33 GMT+0200 (CEST);1564332513000;0.6;128.17
1380556833984591;25;33.3;Sun Jul 28 2019 18:49:46 GMT+0200 (CEST);Sun Jul 28 2019 16:49:46 GMT+0200 (CEST);1564332586000;0.6;129.92
1380556833984591;26.5;33.4;Sun Jul 28 2019 18:50:59 GMT+0200 (CEST);Sun Jul 28 2019 16:50:59 GMT+0200 (CEST);1564332659000;0.61;131.07
1380556833984591;26.5;33.3;Sun Jul 28 2019 18:52:12 GMT+0200 (CEST);Sun Jul 28 2019 16:52:12 GMT+0200 (CEST);1564332732000;0.62;131.67
1380556833984591;26.5;33.4;Sun Jul 28 2019 18:53:25 GMT+0200 (CEST);Sun Jul 28 2019 16:53:25 GMT+0200 (CEST);1564332805000;0.61;131.32
1380556833984591;26.5;33.4;Sun Jul 28 2019 18:54:43 GMT+0200 (CEST);Sun Jul 28 2019 16:54:43 GMT+0200 (CEST);1564332883000;0.6;130.43
1380556833984591;26.5;33.4;Sun Jul 28 2019 18:55:56 GMT+0200 (CEST);Sun Jul 28 2019 16:55:56 GMT+0200 (CEST);1564332956000;0.61;128.63
1380556833984591;26.5;33.4;Sun Jul 28 2019 18:57:10 GMT+0200 (CEST);Sun Jul 28 2019 16:57:10 GMT+0200 (CEST);1564333030000;0.6;127.52
1380556833984591;26.5;33.2;Sun Jul 28 2019 18:58:22 GMT+0200 (CEST);Sun Jul 28 2019 16:58:22 GMT+0200 (CEST);1564333102000;0.58;124.93
1380556833984591;26.5;33.2;Sun Jul 28 2019 18:59:35 GMT+0200 (CEST);Sun Jul 28 2019 16:59:35 GMT+0200 (CEST);1564333175000;0.58;122.26
1380556833984591;26.5;33.2;Sun Jul 28 2019 19:00:48 GMT+0200 (CEST);Sun Jul 28 2019 17:00:48 GMT+0200 (CEST);1564333248000;0.56;118.96
1380556833984591;26.5;33.4;Sun Jul 28 2019 19:02:02 GMT+0200 (CEST);Sun Jul 28 2019 17:02:02 GMT+0200 (CEST);1564333322000;0.54;114.73
1380556833984591;26.5;33.2;Sun Jul 28 2019 19:03:16 GMT+0200 (CEST);Sun Jul 28 2019 17:03:16 GMT+0200 (CEST);1564333396000;0.52;110.96
1380556833984591;26.5;33;Sun Jul 28 2019 19:04:30 GMT+0200 (CEST);Sun Jul 28 2019 17:04:30 GMT+0200 (CEST);1564333470000;0.49;106.26
1380556833984591;26.5;33;Sun Jul 28 2019 19:05:43 GMT+0200 (CEST);Sun Jul 28 2019 17:05:43 GMT+0200 (CEST);1564333543000;0.47;103.67
1380556833984591;26.5;32.8;Sun Jul 28 2019 19:06:57 GMT+0200 (CEST);Sun Jul 28 2019 17:06:57 GMT+0200 (CEST);1564333617000;0.45;99.74
1380556833984591;26.5;32.6;Sun Jul 28 2019 19:08:25 GMT+0200 (CEST);Sun Jul 28 2019 17:08:25 GMT+0200 (CEST);1564333705000;0.44;96.49
1380556833984591;26.5;32.7;Sun Jul 28 2019 19:09:37 GMT+0200 (CEST);Sun Jul 28 2019 17:09:37 GMT+0200 (CEST);1564333777000;0.43;93.82
1380556833984591;26.5;32.6;Sun Jul 28 2019 19:10:50 GMT+0200 (CEST);Sun Jul 28 2019 17:10:50 GMT+0200 (CEST);1564333850000;0.41;91.42
1380556833984591;26.5;32.4;Sun Jul 28 2019 19:12:03 GMT+0200 (CEST);Sun Jul 28 2019 17:12:03 GMT+0200 (CEST);1564333923000;0.4;89.29
1380556833984591;26.5;32.5;Sun Jul 28 2019 19:13:16 GMT+0200 (CEST);Sun Jul 28 2019 17:13:16 GMT+0200 (CEST);1564333996000;0.39;86.38
1380556833984591;26.5;32.5;Sun Jul 28 2019 19:14:35 GMT+0200 (CEST);Sun Jul 28 2019 17:14:35 GMT+0200 (CEST);1564334075000;0.36;82.58
1380556833984591;26.5;32.2;Sun Jul 28 2019 19:15:57 GMT+0200 (CEST);Sun Jul 28 2019 17:15:57 GMT+0200 (CEST);1564334157000;0.35;81.49
1380556833984591;26.5;32;Sun Jul 28 2019 19:17:11 GMT+0200 (CEST);Sun Jul 28 2019 17:17:11 GMT+0200 (CEST);1564334231000;0.35;80.01
1380556833984591;26.5;32.3;Sun Jul 28 2019 19:18:24 GMT+0200 (CEST);Sun Jul 28 2019 17:18:24 GMT+0200 (CEST);1564334304000;0.34;78.09
1380556833984591;26.5;31.9;Sun Jul 28 2019 19:19:42 GMT+0200 (CEST);Sun Jul 28 2019 17:19:42 GMT+0200 (CEST);1564334382000;0.31;75.4
1380556833984591;26.5;31.9;Sun Jul 28 2019 19:20:55 GMT+0200 (CEST);Sun Jul 28 2019 17:20:55 GMT+0200 (CEST);1564334455000;0.31;73.38
1380556833984591;26.5;31.7;Sun Jul 28 2019 19:22:22 GMT+0200 (CEST);Sun Jul 28 2019 17:22:22 GMT+0200 (CEST);1564334542000;0.3;70.56
1380556833984591;26.5;31.9;Sun Jul 28 2019 19:23:50 GMT+0200 (CEST);Sun Jul 28 2019 17:23:50 GMT+0200 (CEST);1564334630000;0.31;71.15
1380556833984591;26.5;31.7;Sun Jul 28 2019 19:25:03 GMT+0200 (CEST);Sun Jul 28 2019 17:25:03 GMT+0200 (CEST);1564334703000;0.29;69.98
1380556833984591;26.5;31.7;Sun Jul 28 2019 19:26:17 GMT+0200 (CEST);Sun Jul 28 2019 17:26:17 GMT+0200 (CEST);1564334777000;0.28;67.92
1380556833984591;26.5;31.6;Sun Jul 28 2019 19:27:30 GMT+0200 (CEST);Sun Jul 28 2019 17:27:30 GMT+0200 (CEST);1564334850000;0.27;64.46
1380556833984591;26.5;31.1;Sun Jul 28 2019 19:28:43 GMT+0200 (CEST);Sun Jul 28 2019 17:28:43 GMT+0200 (CEST);1564334923000;0.25;63.56
1380556833984591;26.5;31.8;Sun Jul 28 2019 19:29:55 GMT+0200 (CEST);Sun Jul 28 2019 17:29:55 GMT+0200 (CEST);1564334995000;0.25;62.4
1380556833984591;26.5;31.5;Sun Jul 28 2019 19:31:08 GMT+0200 (CEST);Sun Jul 28 2019 17:31:08 GMT+0200 (CEST);1564335068000;0.24;59.54
1380556833984591;26.5;31.6;Sun Jul 28 2019 19:32:21 GMT+0200 (CEST);Sun Jul 28 2019 17:32:21 GMT+0200 (CEST);1564335141000;0.24;59.88
1380556833984591;26.5;31;Sun Jul 28 2019 19:33:41 GMT+0200 (CEST);Sun Jul 28 2019 17:33:41 GMT+0200 (CEST);1564335221000;0.23;58.83
1380556833984591;26.5;31.2;Sun Jul 28 2019 19:34:59 GMT+0200 (CEST);Sun Jul 28 2019 17:34:59 GMT+0200 (CEST);1564335299000;0.22;55.51
1380556833984591;26.5;31.2;Sun Jul 28 2019 19:36:23 GMT+0200 (CEST);Sun Jul 28 2019 17:36:23 GMT+0200 (CEST);1564335383000;0.2;53.11
1380556833984591;26.5;31.2;Sun Jul 28 2019 19:37:37 GMT+0200 (CEST);Sun Jul 28 2019 17:37:37 GMT+0200 (CEST);1564335457000;0.21;53.92
1380556833984591;25;31.1;Sun Jul 28 2019 19:38:49 GMT+0200 (CEST);Sun Jul 28 2019 17:38:49 GMT+0200 (CEST);1564335529000;0.21;54.18
1380556833984591;25;31.3;Sun Jul 28 2019 19:40:05 GMT+0200 (CEST);Sun Jul 28 2019 17:40:05 GMT+0200 (CEST);1564335605000;0.21;53.71
1380556833984591;25;31.3;Sun Jul 28 2019 19:41:18 GMT+0200 (CEST);Sun Jul 28 2019 17:41:18 GMT+0200 (CEST);1564335678000;0.21;52.68
1380556833984591;25;31.3;Sun Jul 28 2019 19:42:40 GMT+0200 (CEST);Sun Jul 28 2019 17:42:40 GMT+0200 (CEST);1564335760000;0.2;51.46
1380556833984591;25;31.3;Sun Jul 28 2019 19:43:53 GMT+0200 (CEST);Sun Jul 28 2019 17:43:53 GMT+0200 (CEST);1564335833000;0.19;50.88
1380556833984591;25;31;Sun Jul 28 2019 19:45:06 GMT+0200 (CEST);Sun Jul 28 2019 17:45:06 GMT+0200 (CEST);1564335906000;0.19;50.46
1380556833984591;25;30.9;Sun Jul 28 2019 19:46:23 GMT+0200 (CEST);Sun Jul 28 2019 17:46:23 GMT+0200 (CEST);1564335983000;0.19;49.71
1380556833984591;25;31.1;Sun Jul 28 2019 19:47:48 GMT+0200 (CEST);Sun Jul 28 2019 17:47:48 GMT+0200 (CEST);1564336068000;0.18;48.08
1380556833984591;25;30.8;Sun Jul 28 2019 19:49:01 GMT+0200 (CEST);Sun Jul 28 2019 17:49:01 GMT+0200 (CEST);1564336141000;0.17;47.52
1380556833984591;25;31.1;Sun Jul 28 2019 19:50:38 GMT+0200 (CEST);Sun Jul 28 2019 17:50:38 GMT+0200 (CEST);1564336238000;0.18;47.75
1380556833984591;25;31.1;Sun Jul 28 2019 19:51:55 GMT+0200 (CEST);Sun Jul 28 2019 17:51:55 GMT+0200 (CEST);1564336315000;0.18;47.32
1380556833984591;25;30.9;Sun Jul 28 2019 19:53:08 GMT+0200 (CEST);Sun Jul 28 2019 17:53:08 GMT+0200 (CEST);1564336388000;0.18;46.46
1380556833984591;25;30.9;Sun Jul 28 2019 19:54:21 GMT+0200 (CEST);Sun Jul 28 2019 17:54:21 GMT+0200 (CEST);1564336461000;0.17;45.66
1380556833984591;25;30.8;Sun Jul 28 2019 19:55:38 GMT+0200 (CEST);Sun Jul 28 2019 17:55:38 GMT+0200 (CEST);1564336538000;0.16;44
1380556833984591;25;31;Sun Jul 28 2019 19:56:51 GMT+0200 (CEST);Sun Jul 28 2019 17:56:51 GMT+0200 (CEST);1564336611000;0.15;42.32
1380556833984591;25;31;Sun Jul 28 2019 19:58:11 GMT+0200 (CEST);Sun Jul 28 2019 17:58:11 GMT+0200 (CEST);1564336691000;0.14;40.26
1380556833984591;25;31.2;Sun Jul 28 2019 19:59:32 GMT+0200 (CEST);Sun Jul 28 2019 17:59:32 GMT+0200 (CEST);1564336772000;0.13;38.42
1380556833984591;25;31.1;Sun Jul 28 2019 20:00:45 GMT+0200 (CEST);Sun Jul 28 2019 18:00:45 GMT+0200 (CEST);1564336845000;0.13;37.1
1380556833984591;25;31;Sun Jul 28 2019 20:02:08 GMT+0200 (CEST);Sun Jul 28 2019 18:02:08 GMT+0200 (CEST);1564336928000;0.12;35.29
1380556833984591;24.5;31;Sun Jul 28 2019 20:03:24 GMT+0200 (CEST);Sun Jul 28 2019 18:03:24 GMT+0200 (CEST);1564337004000;0.11;34.41
1380556833984591;24.5;30.8;Sun Jul 28 2019 20:04:37 GMT+0200 (CEST);Sun Jul 28 2019 18:04:37 GMT+0200 (CEST);1564337077000;0.1;33.06
1380556833984591;24.5;31;Sun Jul 28 2019 20:06:10 GMT+0200 (CEST);Sun Jul 28 2019 18:06:10 GMT+0200 (CEST);1564337170000;0.1;31.36
1380556833984591;24.5;30.8;Sun Jul 28 2019 20:07:23 GMT+0200 (CEST);Sun Jul 28 2019 18:07:23 GMT+0200 (CEST);1564337243000;0.09;30.35
1380556833984591;24.5;30.8;Sun Jul 28 2019 20:08:36 GMT+0200 (CEST);Sun Jul 28 2019 18:08:36 GMT+0200 (CEST);1564337316000;0.08;29
1380556833984591;24.5;30.8;Sun Jul 28 2019 20:09:50 GMT+0200 (CEST);Sun Jul 28 2019 18:09:50 GMT+0200 (CEST);1564337390000;0.08;27.48
1380556833984591;24.5;30.8;Sun Jul 28 2019 20:11:04 GMT+0200 (CEST);Sun Jul 28 2019 18:11:04 GMT+0200 (CEST);1564337464000;0.06;26.25
1380556833984591;24.5;30.8;Sun Jul 28 2019 20:12:16 GMT+0200 (CEST);Sun Jul 28 2019 18:12:16 GMT+0200 (CEST);1564337536000;0.06;24.59
1380556833984591;24.5;30.8;Sun Jul 28 2019 20:13:40 GMT+0200 (CEST);Sun Jul 28 2019 18:13:40 GMT+0200 (CEST);1564337620000;0.05;22.92
1380556833984591;24.5;31.1;Sun Jul 28 2019 20:14:53 GMT+0200 (CEST);Sun Jul 28 2019 18:14:53 GMT+0200 (CEST);1564337693000;0.04;21.42
1380556833984591;24.5;30.6;Sun Jul 28 2019 20:16:12 GMT+0200 (CEST);Sun Jul 28 2019 18:16:12 GMT+0200 (CEST);1564337772000;0.04;20.22
1380556833984591;24;30.2;Sun Jul 28 2019 20:17:26 GMT+0200 (CEST);Sun Jul 28 2019 18:17:26 GMT+0200 (CEST);1564337846000;0.03;19.45
1380556833984591;24;30.4;Sun Jul 28 2019 20:18:39 GMT+0200 (CEST);Sun Jul 28 2019 18:18:39 GMT+0200 (CEST);1564337919000;0.03;18.21
1380556833984591;24;30.1;Sun Jul 28 2019 20:19:51 GMT+0200 (CEST);Sun Jul 28 2019 18:19:51 GMT+0200 (CEST);1564337991000;0.02;17.22
1380556833984591;24;29.8;Sun Jul 28 2019 20:21:05 GMT+0200 (CEST);Sun Jul 28 2019 18:21:05 GMT+0200 (CEST);1564338065000;0.01;16.29
1380556833984591;23;30;Sun Jul 28 2019 20:22:18 GMT+0200 (CEST);Sun Jul 28 2019 18:22:18 GMT+0200 (CEST);1564338138000;0.01;15.04
1380556833984591;23;29.6;Sun Jul 28 2019 20:23:30 GMT+0200 (CEST);Sun Jul 28 2019 18:23:30 GMT+0200 (CEST);1564338210000;0;13.71
1380556833984591;23;29.4;Sun Jul 28 2019 20:24:43 GMT+0200 (CEST);Sun Jul 28 2019 18:24:43 GMT+0200 (CEST);1564338283000;0;12.92
1380556833984591;23;28.9;Sun Jul 28 2019 20:26:02 GMT+0200 (CEST);Sun Jul 28 2019 18:26:02 GMT+0200 (CEST);1564338362000;0;12.04
1380556833984591;23;28.7;Sun Jul 28 2019 20:27:15 GMT+0200 (CEST);Sun Jul 28 2019 18:27:15 GMT+0200 (CEST);1564338435000;0;11.19
1380556833984591;23;28.2;Sun Jul 28 2019 20:28:27 GMT+0200 (CEST);Sun Jul 28 2019 18:28:27 GMT+0200 (CEST);1564338507000;0;10.36
1380556833984591;23;27.7;Sun Jul 28 2019 20:29:47 GMT+0200 (CEST);Sun Jul 28 2019 18:29:47 GMT+0200 (CEST);1564338587000;0;9.8
1380556833984591;23;27;Sun Jul 28 2019 20:31:03 GMT+0200 (CEST);Sun Jul 28 2019 18:31:03 GMT+0200 (CEST);1564338663000;0;9.45
1380556833984591;22.5;27;Sun Jul 28 2019 20:32:15 GMT+0200 (CEST);Sun Jul 28 2019 18:32:15 GMT+0200 (CEST);1564338735000;0;8.82
1380556833984591;22.5;26.8;Sun Jul 28 2019 20:33:29 GMT+0200 (CEST);Sun Jul 28 2019 18:33:29 GMT+0200 (CEST);1564338809000;0;8.06
1380556833984591;22.5;26.7;Sun Jul 28 2019 20:34:42 GMT+0200 (CEST);Sun Jul 28 2019 18:34:42 GMT+0200 (CEST);1564338882000;0;7.52
1380556833984591;22.5;26.4;Sun Jul 28 2019 20:35:55 GMT+0200 (CEST);Sun Jul 28 2019 18:35:55 GMT+0200 (CEST);1564338955000;0;6.93
1380556833984591;21;26.2;Sun Jul 28 2019 20:37:09 GMT+0200 (CEST);Sun Jul 28 2019 18:37:09 GMT+0200 (CEST);1564339029000;0;6.29
1380556833984591;21;32.7;Sun Jul 28 2019 20:38:21 GMT+0200 (CEST);Sun Jul 28 2019 18:38:21 GMT+0200 (CEST);1564339101000;0;5.91
1380556833984591;21;32.7;Sun Jul 28 2019 20:39:35 GMT+0200 (CEST);Sun Jul 28 2019 18:39:35 GMT+0200 (CEST);1564339175000;0;5.28
1380556833984591;21;32.1;Sun Jul 28 2019 20:40:53 GMT+0200 (CEST);Sun Jul 28 2019 18:40:53 GMT+0200 (CEST);1564339253000;0;4.79
1380556833984591;23;32.1;Sun Jul 28 2019 20:42:07 GMT+0200 (CEST);Sun Jul 28 2019 18:42:07 GMT+0200 (CEST);1564339327000;0;4.38
1380556833984591;23;31.5;Sun Jul 28 2019 20:43:20 GMT+0200 (CEST);Sun Jul 28 2019 18:43:20 GMT+0200 (CEST);1564339400000;0;4.18
1380556833984591;23;31.3;Sun Jul 28 2019 20:44:46 GMT+0200 (CEST);Sun Jul 28 2019 18:44:46 GMT+0200 (CEST);1564339486000;0;3.77
1380556833984591;23;31.3;Sun Jul 28 2019 20:45:59 GMT+0200 (CEST);Sun Jul 28 2019 18:45:59 GMT+0200 (CEST);1564339559000;0;3.38
1380556833984591;23;27.4;Sun Jul 28 2019 20:47:14 GMT+0200 (CEST);Sun Jul 28 2019 18:47:14 GMT+0200 (CEST);1564339634000;0;2.98
1380556833984591;23;29.9;Sun Jul 28 2019 20:48:27 GMT+0200 (CEST);Sun Jul 28 2019 18:48:27 GMT+0200 (CEST);1564339707000;0;2.6
1380556833984591;23;29.7;Sun Jul 28 2019 20:49:40 GMT+0200 (CEST);Sun Jul 28 2019 18:49:40 GMT+0200 (CEST);1564339780000;0;2.27
1380556833984591;23;28.9;Sun Jul 28 2019 20:50:53 GMT+0200 (CEST);Sun Jul 28 2019 18:50:53 GMT+0200 (CEST);1564339853000;0;2.03
1380556833984591;22.5;28.6;Sun Jul 28 2019 20:52:06 GMT+0200 (CEST);Sun Jul 28 2019 18:52:06 GMT+0200 (CEST);1564339926000;0;1.81
1380556833984591;22.5;27.5;Sun Jul 28 2019 20:53:19 GMT+0200 (CEST);Sun Jul 28 2019 18:53:19 GMT+0200 (CEST);1564339999000;0;1.47
1380556833984591;22.5;26.3;Sun Jul 28 2019 20:54:34 GMT+0200 (CEST);Sun Jul 28 2019 18:54:34 GMT+0200 (CEST);1564340074000;0;1.3
1380556833984591;22.5;24.7;Sun Jul 28 2019 20:55:47 GMT+0200 (CEST);Sun Jul 28 2019 18:55:47 GMT+0200 (CEST);1564340147000;0;1.06
1380556833984591;20.5;23.2;Sun Jul 28 2019 20:57:00 GMT+0200 (CEST);Sun Jul 28 2019 18:57:00 GMT+0200 (CEST);1564340220000;0;0.9
1380556833984591;20.5;20.7;Sun Jul 28 2019 20:58:14 GMT+0200 (CEST);Sun Jul 28 2019 18:58:14 GMT+0200 (CEST);1564340294000;0;0.51
1380556833984591;20.5;20.7;Sun Jul 28 2019 20:59:27 GMT+0200 (CEST);Sun Jul 28 2019 18:59:27 GMT+0200 (CEST);1564340367000;0;0.24
1380556833984591;20.5;20.7;Sun Jul 28 2019 21:00:44 GMT+0200 (CEST);Sun Jul 28 2019 19:00:44 GMT+0200 (CEST);1564340444000;0;0.06
1380556833984591;20.5;20.7;Sun Jul 28 2019 21:01:57 GMT+0200 (CEST);Sun Jul 28 2019 19:01:57 GMT+0200 (CEST);1564340517000;0;-0.01
1380556833984591;-273.2;25.1;Mon Jul 29 2019 06:02:08 GMT+0200 (CEST);Mon Jul 29 2019 04:02:08 GMT+0200 (CEST);1564372928000;0;2.27
1380556833984591;-273.2;25.1;Mon Jul 29 2019 06:03:21 GMT+0200 (CEST);Mon Jul 29 2019 04:03:21 GMT+0200 (CEST);1564373001000;0;2.63
1380556833984591;-273.2;25.1;Mon Jul 29 2019 06:04:39 GMT+0200 (CEST);Mon Jul 29 2019 04:04:39 GMT+0200 (CEST);1564373079000;0;2.78
1380556833984591;-273.2;25.1;Mon Jul 29 2019 06:06:19 GMT+0200 (CEST);Mon Jul 29 2019 04:06:19 GMT+0200 (CEST);1564373179000;0;3.42
1380556833984591;-273.2;25.1;Mon Jul 29 2019 06:07:31 GMT+0200 (CEST);Mon Jul 29 2019 04:07:31 GMT+0200 (CEST);1564373251000;0;3.61
1380556833984591;-273.2;33.6;Mon Jul 29 2019 06:29:36 GMT+0200 (CEST);Mon Jul 29 2019 04:29:36 GMT+0200 (CEST);1564374576000;0;10.51
1380556833984591;-273.2;28.2;Mon Jul 29 2019 06:30:54 GMT+0200 (CEST);Mon Jul 29 2019 04:30:54 GMT+0200 (CEST);1564374654000;0;12.67
1380556833984591;18.5;28.2;Mon Jul 29 2019 06:32:08 GMT+0200 (CEST);Mon Jul 29 2019 04:32:08 GMT+0200 (CEST);1564374728000;0;12.57
1380556833984591;18.5;28;Mon Jul 29 2019 06:33:22 GMT+0200 (CEST);Mon Jul 29 2019 04:33:22 GMT+0200 (CEST);1564374802000;0;12.88
1380556833984591;18.5;27.3;Mon Jul 29 2019 06:34:36 GMT+0200 (CEST);Mon Jul 29 2019 04:34:36 GMT+0200 (CEST);1564374876000;0;13.62
1380556833984591;19;27.3;Mon Jul 29 2019 06:36:03 GMT+0200 (CEST);Mon Jul 29 2019 04:36:03 GMT+0200 (CEST);1564374963000;0.01;14.16
1380556833984591;19;27.1;Mon Jul 29 2019 06:37:26 GMT+0200 (CEST);Mon Jul 29 2019 04:37:26 GMT+0200 (CEST);1564375046000;0;13.35
1380556833984591;19;27.2;Mon Jul 29 2019 06:38:39 GMT+0200 (CEST);Mon Jul 29 2019 04:38:39 GMT+0200 (CEST);1564375119000;0;12.06
1380556833984591;19;27.4;Mon Jul 29 2019 06:39:54 GMT+0200 (CEST);Mon Jul 29 2019 04:39:54 GMT+0200 (CEST);1564375194000;0;11.17
1380556833984591;19;27.5;Mon Jul 29 2019 06:41:07 GMT+0200 (CEST);Mon Jul 29 2019 04:41:07 GMT+0200 (CEST);1564375267000;0;11.1
1380556833984591;19;26.7;Mon Jul 29 2019 06:42:20 GMT+0200 (CEST);Mon Jul 29 2019 04:42:20 GMT+0200 (CEST);1564375340000;0;10.05
1380556833984591;19;27;Mon Jul 29 2019 06:43:35 GMT+0200 (CEST);Mon Jul 29 2019 04:43:35 GMT+0200 (CEST);1564375415000;0;10.04
1380556833984591;18.5;26.5;Mon Jul 29 2019 06:44:57 GMT+0200 (CEST);Mon Jul 29 2019 04:44:57 GMT+0200 (CEST);1564375497000;0;9.6
1380556833984591;18.5;26.3;Mon Jul 29 2019 06:46:10 GMT+0200 (CEST);Mon Jul 29 2019 04:46:10 GMT+0200 (CEST);1564375570000;0;9.97
1380556833984591;18.5;25.6;Mon Jul 29 2019 06:47:23 GMT+0200 (CEST);Mon Jul 29 2019 04:47:23 GMT+0200 (CEST);1564375643000;0;9.36
1380556833984591;18.5;25.9;Mon Jul 29 2019 06:48:36 GMT+0200 (CEST);Mon Jul 29 2019 04:48:36 GMT+0200 (CEST);1564375716000;0;9.11
1380556833984591;18.5;26.5;Mon Jul 29 2019 06:49:48 GMT+0200 (CEST);Mon Jul 29 2019 04:49:48 GMT+0200 (CEST);1564375788000;0;9.49
1380556833984591;18.5;27.4;Mon Jul 29 2019 06:51:22 GMT+0200 (CEST);Mon Jul 29 2019 04:51:22 GMT+0200 (CEST);1564375882000;0;10.08
1380556833984591;18.5;26.9;Mon Jul 29 2019 06:52:39 GMT+0200 (CEST);Mon Jul 29 2019 04:52:39 GMT+0200 (CEST);1564375959000;0;10.21
1380556833984591;18.5;27;Mon Jul 29 2019 06:53:52 GMT+0200 (CEST);Mon Jul 29 2019 04:53:52 GMT+0200 (CEST);1564376032000;0;10.22
1380556833984591;19;27.5;Mon Jul 29 2019 06:55:04 GMT+0200 (CEST);Mon Jul 29 2019 04:55:04 GMT+0200 (CEST);1564376104000;0;10.38
1380556833984591;19;27.2;Mon Jul 29 2019 06:56:17 GMT+0200 (CEST);Mon Jul 29 2019 04:56:17 GMT+0200 (CEST);1564376177000;0;11.08
1380556833984591;19;25.8;Mon Jul 29 2019 06:57:32 GMT+0200 (CEST);Mon Jul 29 2019 04:57:32 GMT+0200 (CEST);1564376252000;0;11.28
1380556833984591;19;23.9;Mon Jul 29 2019 06:58:46 GMT+0200 (CEST);Mon Jul 29 2019 04:58:46 GMT+0200 (CEST);1564376326000;0;11.07
1380556833984591;18.5;23.5;Mon Jul 29 2019 06:59:59 GMT+0200 (CEST);Mon Jul 29 2019 04:59:59 GMT+0200 (CEST);1564376399000;0;11.3
1380556833984591;18.5;22;Mon Jul 29 2019 07:01:12 GMT+0200 (CEST);Mon Jul 29 2019 05:01:12 GMT+0200 (CEST);1564376472000;0;11.51
1380556833984591;18.5;21.9;Mon Jul 29 2019 07:02:28 GMT+0200 (CEST);Mon Jul 29 2019 05:02:28 GMT+0200 (CEST);1564376548000;0;11.46
1380556833984591;18.5;21.7;Mon Jul 29 2019 07:03:41 GMT+0200 (CEST);Mon Jul 29 2019 05:03:41 GMT+0200 (CEST);1564376621000;0;10.97
1380556833984591;15.9;21.5;Mon Jul 29 2019 07:04:55 GMT+0200 (CEST);Mon Jul 29 2019 05:04:55 GMT+0200 (CEST);1564376695000;0;10.87
1380556833984591;15.9;20.1;Mon Jul 29 2019 07:06:08 GMT+0200 (CEST);Mon Jul 29 2019 05:06:08 GMT+0200 (CEST);1564376768000;0;10.68
1380556833984591;15.9;19.4;Mon Jul 29 2019 07:07:27 GMT+0200 (CEST);Mon Jul 29 2019 05:07:27 GMT+0200 (CEST);1564376847000;0;10.98
1380556833984591;15.9;19.2;Mon Jul 29 2019 07:08:47 GMT+0200 (CEST);Mon Jul 29 2019 05:08:47 GMT+0200 (CEST);1564376927000;0;11.51
1380556833984591;15.9;18.5;Mon Jul 29 2019 07:10:00 GMT+0200 (CEST);Mon Jul 29 2019 05:10:00 GMT+0200 (CEST);1564377000000;0;11.45
1380556833984591;15.9;18.5;Mon Jul 29 2019 07:11:15 GMT+0200 (CEST);Mon Jul 29 2019 05:11:15 GMT+0200 (CEST);1564377075000;0;12.06
1380556833984591;15.9;18.5;Mon Jul 29 2019 07:12:29 GMT+0200 (CEST);Mon Jul 29 2019 05:12:29 GMT+0200 (CEST);1564377149000;0.01;13.89
1380556833984591;15.9;18.5;Mon Jul 29 2019 07:13:41 GMT+0200 (CEST);Mon Jul 29 2019 05:13:41 GMT+0200 (CEST);1564377221000;0.03;16.76
1380556833984591;15.9;18.5;Mon Jul 29 2019 07:14:54 GMT+0200 (CEST);Mon Jul 29 2019 05:14:54 GMT+0200 (CEST);1564377294000;0.04;18.16
1380556833984591;15.9;18.5;Mon Jul 29 2019 07:16:18 GMT+0200 (CEST);Mon Jul 29 2019 05:16:18 GMT+0200 (CEST);1564377378000;0.04;19.92
1380556833984591;15.9;18.5;Mon Jul 29 2019 07:17:31 GMT+0200 (CEST);Mon Jul 29 2019 05:17:31 GMT+0200 (CEST);1564377451000;0.06;21.66
1380556833984591;15.9;18.5;Mon Jul 29 2019 07:18:44 GMT+0200 (CEST);Mon Jul 29 2019 05:18:44 GMT+0200 (CEST);1564377524000;0.05;21.3
1380556833984591;15.9;18.5;Mon Jul 29 2019 07:19:57 GMT+0200 (CEST);Mon Jul 29 2019 05:19:57 GMT+0200 (CEST);1564377597000;0.06;22.05
1380556833984591;15.9;18.5;Mon Jul 29 2019 07:21:08 GMT+0200 (CEST);Mon Jul 29 2019 05:21:08 GMT+0200 (CEST);1564377668000;0.08;25.61
1380556833984591;15.9;25.8;Mon Jul 29 2019 07:22:36 GMT+0200 (CEST);Mon Jul 29 2019 05:22:36 GMT+0200 (CEST);1564377756000;0.08;28.13
1380556833984591;15.9;31.1;Mon Jul 29 2019 07:23:50 GMT+0200 (CEST);Mon Jul 29 2019 05:23:50 GMT+0200 (CEST);1564377830000;0.07;28.02
1380556833984591;15.9;31;Mon Jul 29 2019 07:25:03 GMT+0200 (CEST);Mon Jul 29 2019 05:25:03 GMT+0200 (CEST);1564377903000;0.08;28.97
1380556833984591;15.9;31.1;Mon Jul 29 2019 07:26:16 GMT+0200 (CEST);Mon Jul 29 2019 05:26:16 GMT+0200 (CEST);1564377976000;0.08;29.9
1380556833984591;15.9;31.2;Mon Jul 29 2019 07:27:40 GMT+0200 (CEST);Mon Jul 29 2019 05:27:40 GMT+0200 (CEST);1564378060000;0.07;28.37
1380556833984591;20.5;31.1;Mon Jul 29 2019 07:28:54 GMT+0200 (CEST);Mon Jul 29 2019 05:28:54 GMT+0200 (CEST);1564378134000;0.09;30.91
1380556833984591;20.5;31;Mon Jul 29 2019 07:30:07 GMT+0200 (CEST);Mon Jul 29 2019 05:30:07 GMT+0200 (CEST);1564378207000;0.11;33.42
1380556833984591;20.5;31;Mon Jul 29 2019 07:31:20 GMT+0200 (CEST);Mon Jul 29 2019 05:31:20 GMT+0200 (CEST);1564378280000;0.11;33.95
1380556833984591;21;31.3;Mon Jul 29 2019 07:32:41 GMT+0200 (CEST);Mon Jul 29 2019 05:32:41 GMT+0200 (CEST);1564378361000;0.12;35.82
1380556833984591;21;31.2;Mon Jul 29 2019 07:33:54 GMT+0200 (CEST);Mon Jul 29 2019 05:33:54 GMT+0200 (CEST);1564378434000;0.12;35.52
1380556833984591;21;31.2;Mon Jul 29 2019 07:35:06 GMT+0200 (CEST);Mon Jul 29 2019 05:35:06 GMT+0200 (CEST);1564378506000;0.12;35.23
1380556833984591;21;31.2;Mon Jul 29 2019 07:36:22 GMT+0200 (CEST);Mon Jul 29 2019 05:36:22 GMT+0200 (CEST);1564378582000;0.12;34.89
1380556833984591;21;31.2;Mon Jul 29 2019 07:38:03 GMT+0200 (CEST);Mon Jul 29 2019 05:38:03 GMT+0200 (CEST);1564378683000;0.1;32.37
1380556833984591;21;31.1;Mon Jul 29 2019 07:39:20 GMT+0200 (CEST);Mon Jul 29 2019 05:39:20 GMT+0200 (CEST);1564378760000;0.09;29.8
1380556833984591;21;31.1;Mon Jul 29 2019 07:40:33 GMT+0200 (CEST);Mon Jul 29 2019 05:40:33 GMT+0200 (CEST);1564378833000;0.08;28.79
1380556833984591;21;31;Mon Jul 29 2019 07:41:46 GMT+0200 (CEST);Mon Jul 29 2019 05:41:46 GMT+0200 (CEST);1564378906000;0.08;29.19
1380556833984591;22.5;31;Mon Jul 29 2019 07:43:00 GMT+0200 (CEST);Mon Jul 29 2019 05:43:00 GMT+0200 (CEST);1564378980000;0.09;30.1
1380556833984591;22.5;31.3;Mon Jul 29 2019 07:44:14 GMT+0200 (CEST);Mon Jul 29 2019 05:44:14 GMT+0200 (CEST);1564379054000;0.09;30.82
1380556833984591;22.5;31.1;Mon Jul 29 2019 07:45:39 GMT+0200 (CEST);Mon Jul 29 2019 05:45:39 GMT+0200 (CEST);1564379139000;0.09;31.48
1380556833984591;22.5;31.3;Mon Jul 29 2019 07:46:52 GMT+0200 (CEST);Mon Jul 29 2019 05:46:52 GMT+0200 (CEST);1564379212000;0.08;29.89
1380556833984591;21;31;Mon Jul 29 2019 07:48:05 GMT+0200 (CEST);Mon Jul 29 2019 05:48:05 GMT+0200 (CEST);1564379285000;0.08;28.96
1380556833984591;21;31.1;Mon Jul 29 2019 07:49:26 GMT+0200 (CEST);Mon Jul 29 2019 05:49:26 GMT+0200 (CEST);1564379366000;0.07;27.44
1380556833984591;21;31.2;Mon Jul 29 2019 07:50:38 GMT+0200 (CEST);Mon Jul 29 2019 05:50:38 GMT+0200 (CEST);1564379438000;0.07;26.93
1380556833984591;21;31;Mon Jul 29 2019 07:51:52 GMT+0200 (CEST);Mon Jul 29 2019 05:51:52 GMT+0200 (CEST);1564379512000;0.07;27.77
1380556833984591;22.5;31.1;Mon Jul 29 2019 07:53:05 GMT+0200 (CEST);Mon Jul 29 2019 05:53:05 GMT+0200 (CEST);1564379585000;0.08;28.25
1380556833984591;22.5;31.1;Mon Jul 29 2019 07:54:20 GMT+0200 (CEST);Mon Jul 29 2019 05:54:20 GMT+0200 (CEST);1564379660000;0.08;28.7
1380556833984591;22.5;31.2;Mon Jul 29 2019 07:55:33 GMT+0200 (CEST);Mon Jul 29 2019 05:55:33 GMT+0200 (CEST);1564379733000;0.09;30.9
1380556833984591;22.5;31.1;Mon Jul 29 2019 07:56:46 GMT+0200 (CEST);Mon Jul 29 2019 05:56:46 GMT+0200 (CEST);1564379806000;0.1;32.48
1380556833984591;22.5;31.1;Mon Jul 29 2019 07:57:59 GMT+0200 (CEST);Mon Jul 29 2019 05:57:59 GMT+0200 (CEST);1564379879000;0.1;31.94
1380556833984591;22.5;31;Mon Jul 29 2019 07:59:16 GMT+0200 (CEST);Mon Jul 29 2019 05:59:16 GMT+0200 (CEST);1564379956000;0.1;31.16
1380556833984591;22.5;31;Mon Jul 29 2019 08:00:33 GMT+0200 (CEST);Mon Jul 29 2019 06:00:33 GMT+0200 (CEST);1564380033000;0.09;30.71
1380556833984591;22.5;31.3;Mon Jul 29 2019 08:01:45 GMT+0200 (CEST);Mon Jul 29 2019 06:01:45 GMT+0200 (CEST);1564380105000;0.08;29.38
1380556833984591;21;31.2;Mon Jul 29 2019 08:03:29 GMT+0200 (CEST);Mon Jul 29 2019 06:03:29 GMT+0200 (CEST);1564380209000;0.08;28.93
1380556833984591;21;31.2;Mon Jul 29 2019 08:04:41 GMT+0200 (CEST);Mon Jul 29 2019 06:04:41 GMT+0200 (CEST);1564380281000;0.07;27.87
1380556833984591;21;31.2;Mon Jul 29 2019 08:05:56 GMT+0200 (CEST);Mon Jul 29 2019 06:05:56 GMT+0200 (CEST);1564380356000;0.07;27.31
1380556833984591;22.5;31.2;Mon Jul 29 2019 08:07:20 GMT+0200 (CEST);Mon Jul 29 2019 06:07:20 GMT+0200 (CEST);1564380440000;0.07;26.45
1380556833984591;22.5;31;Mon Jul 29 2019 08:08:32 GMT+0200 (CEST);Mon Jul 29 2019 06:08:32 GMT+0200 (CEST);1564380512000;0.06;25.72
1380556833984591;22.5;31.3;Mon Jul 29 2019 08:09:57 GMT+0200 (CEST);Mon Jul 29 2019 06:09:57 GMT+0200 (CEST);1564380597000;0.05;23.93
1380556833984591;22.5;31.3;Mon Jul 29 2019 08:11:10 GMT+0200 (CEST);Mon Jul 29 2019 06:11:10 GMT+0200 (CEST);1564380670000;0.06;24.32
1380556833984591;21;31.3;Mon Jul 29 2019 08:12:23 GMT+0200 (CEST);Mon Jul 29 2019 06:12:23 GMT+0200 (CEST);1564380743000;0.06;24.61
1380556833984591;21;31.2;Mon Jul 29 2019 08:13:38 GMT+0200 (CEST);Mon Jul 29 2019 06:13:38 GMT+0200 (CEST);1564380818000;0.07;25.3
1380556833984591;21;31.2;Mon Jul 29 2019 08:14:52 GMT+0200 (CEST);Mon Jul 29 2019 06:14:52 GMT+0200 (CEST);1564380892000;0.07;25.98
1380556833984591;21;31.3;Mon Jul 29 2019 08:16:04 GMT+0200 (CEST);Mon Jul 29 2019 06:16:04 GMT+0200 (CEST);1564380964000;0.07;26.29
1380556833984591;21;31.3;Mon Jul 29 2019 08:17:17 GMT+0200 (CEST);Mon Jul 29 2019 06:17:17 GMT+0200 (CEST);1564381037000;0.08;27
1380556833984591;21;31.5;Mon Jul 29 2019 08:18:43 GMT+0200 (CEST);Mon Jul 29 2019 06:18:43 GMT+0200 (CEST);1564381123000;0.08;27.38
1380556833984591;21;31.5;Mon Jul 29 2019 08:19:56 GMT+0200 (CEST);Mon Jul 29 2019 06:19:56 GMT+0200 (CEST);1564381196000;0.07;26.03
1380556833984591;21;31.3;Mon Jul 29 2019 08:21:10 GMT+0200 (CEST);Mon Jul 29 2019 06:21:10 GMT+0200 (CEST);1564381270000;0.07;25.41
1380556833984591;21;31.2;Mon Jul 29 2019 08:22:23 GMT+0200 (CEST);Mon Jul 29 2019 06:22:23 GMT+0200 (CEST);1564381343000;0.06;25.53
1380556833984591;21;31.3;Mon Jul 29 2019 08:23:35 GMT+0200 (CEST);Mon Jul 29 2019 06:23:35 GMT+0200 (CEST);1564381415000;0.06;24.86
1380556833984591;21;31.3;Mon Jul 29 2019 08:25:11 GMT+0200 (CEST);Mon Jul 29 2019 06:25:11 GMT+0200 (CEST);1564381511000;0.05;23.49
1380556833984591;21;31.5;Mon Jul 29 2019 08:26:24 GMT+0200 (CEST);Mon Jul 29 2019 06:26:24 GMT+0200 (CEST);1564381584000;0.05;23.57
1380556833984591;21;31.2;Mon Jul 29 2019 08:27:39 GMT+0200 (CEST);Mon Jul 29 2019 06:27:39 GMT+0200 (CEST);1564381659000;0.05;24.03
1380556833984591;21;31.5;Mon Jul 29 2019 08:28:56 GMT+0200 (CEST);Mon Jul 29 2019 06:28:56 GMT+0200 (CEST);1564381736000;0.06;25.96
1380556833984591;21;31.3;Mon Jul 29 2019 08:30:09 GMT+0200 (CEST);Mon Jul 29 2019 06:30:09 GMT+0200 (CEST);1564381809000;0.06;26.33
1380556833984591;21;31.1;Mon Jul 29 2019 08:31:30 GMT+0200 (CEST);Mon Jul 29 2019 06:31:30 GMT+0200 (CEST);1564381890000;0.07;28.19
1380556833984591;21;31;Mon Jul 29 2019 08:32:49 GMT+0200 (CEST);Mon Jul 29 2019 06:32:49 GMT+0200 (CEST);1564381969000;0.06;25.43
1380556833984591;21;31.3;Mon Jul 29 2019 08:34:16 GMT+0200 (CEST);Mon Jul 29 2019 06:34:16 GMT+0200 (CEST);1564382056000;0.06;26.09
1380556833984591;21;31.2;Mon Jul 29 2019 08:35:28 GMT+0200 (CEST);Mon Jul 29 2019 06:35:28 GMT+0200 (CEST);1564382128000;0.07;26
1380556833984591;21;31;Mon Jul 29 2019 08:36:41 GMT+0200 (CEST);Mon Jul 29 2019 06:36:41 GMT+0200 (CEST);1564382201000;0.07;24.4
1380556833984591;21;31.1;Mon Jul 29 2019 08:37:55 GMT+0200 (CEST);Mon Jul 29 2019 06:37:55 GMT+0200 (CEST);1564382275000;0.07;24.58
1380556833984591;21;31;Mon Jul 29 2019 08:39:12 GMT+0200 (CEST);Mon Jul 29 2019 06:39:12 GMT+0200 (CEST);1564382352000;0.07;25.71
1380556833984591;21;31.2;Mon Jul 29 2019 08:40:27 GMT+0200 (CEST);Mon Jul 29 2019 06:40:27 GMT+0200 (CEST);1564382427000;0.07;26.33
1380556833984591;21;31.2;Mon Jul 29 2019 08:41:46 GMT+0200 (CEST);Mon Jul 29 2019 06:41:46 GMT+0200 (CEST);1564382506000;0.09;28.29
1380556833984591;21;31.1;Mon Jul 29 2019 08:43:00 GMT+0200 (CEST);Mon Jul 29 2019 06:43:00 GMT+0200 (CEST);1564382580000;0.1;30.1
1380556833984591;21;31.2;Mon Jul 29 2019 08:44:19 GMT+0200 (CEST);Mon Jul 29 2019 06:44:19 GMT+0200 (CEST);1564382659000;0.11;31.48
1380556833984591;21;31.1;Mon Jul 29 2019 08:45:32 GMT+0200 (CEST);Mon Jul 29 2019 06:45:32 GMT+0200 (CEST);1564382732000;0.11;33.91
1380556833984591;21;31.3;Mon Jul 29 2019 08:46:45 GMT+0200 (CEST);Mon Jul 29 2019 06:46:45 GMT+0200 (CEST);1564382805000;0.13;35.76
1380556833984591;21;31.1;Mon Jul 29 2019 08:48:04 GMT+0200 (CEST);Mon Jul 29 2019 06:48:04 GMT+0200 (CEST);1564382884000;0.13;37.66
1380556833984591;20.5;31.5;Mon Jul 29 2019 08:49:18 GMT+0200 (CEST);Mon Jul 29 2019 06:49:18 GMT+0200 (CEST);1564382958000;0.17;43.58
1380556833984591;20.5;31.7;Mon Jul 29 2019 08:50:40 GMT+0200 (CEST);Mon Jul 29 2019 06:50:40 GMT+0200 (CEST);1564383040000;0.18;45.53
1380556833984591;20.5;31.6;Mon Jul 29 2019 08:51:52 GMT+0200 (CEST);Mon Jul 29 2019 06:51:52 GMT+0200 (CEST);1564383112000;0.19;49.36
1380556833984591;20.5;31.7;Mon Jul 29 2019 08:53:08 GMT+0200 (CEST);Mon Jul 29 2019 06:53:08 GMT+0200 (CEST);1564383188000;0.2;50.75
1380556833984591;21;31.5;Mon Jul 29 2019 08:54:28 GMT+0200 (CEST);Mon Jul 29 2019 06:54:28 GMT+0200 (CEST);1564383268000;0.23;55.84
1380556833984591;21;32.6;Mon Jul 29 2019 08:55:54 GMT+0200 (CEST);Mon Jul 29 2019 06:55:54 GMT+0200 (CEST);1564383354000;0.24;58.78
1380556833984591;21;32.1;Mon Jul 29 2019 08:57:17 GMT+0200 (CEST);Mon Jul 29 2019 06:57:17 GMT+0200 (CEST);1564383437000;0.29;67.76
1380556833984591;21;32.4;Mon Jul 29 2019 08:58:40 GMT+0200 (CEST);Mon Jul 29 2019 06:58:40 GMT+0200 (CEST);1564383520000;0.29;66.73
1380556833984591;21;32.3;Mon Jul 29 2019 08:59:54 GMT+0200 (CEST);Mon Jul 29 2019 06:59:54 GMT+0200 (CEST);1564383594000;0.27;65.05
1380556833984591;21;32.3;Mon Jul 29 2019 09:01:09 GMT+0200 (CEST);Mon Jul 29 2019 07:01:09 GMT+0200 (CEST);1564383669000;0.29;66.91
1380556833984591;21;32.4;Mon Jul 29 2019 09:02:22 GMT+0200 (CEST);Mon Jul 29 2019 07:02:22 GMT+0200 (CEST);1564383742000;0.29;69.54
1380556833984591;21;32.3;Mon Jul 29 2019 09:03:42 GMT+0200 (CEST);Mon Jul 29 2019 07:03:42 GMT+0200 (CEST);1564383822000;0.34;77.06
1380556833984591;21;32.4;Mon Jul 29 2019 09:05:20 GMT+0200 (CEST);Mon Jul 29 2019 07:05:20 GMT+0200 (CEST);1564383920000;0.31;71.26
1380556833984591;21;32.4;Mon Jul 29 2019 09:06:59 GMT+0200 (CEST);Mon Jul 29 2019 07:06:59 GMT+0200 (CEST);1564384019000;0.3;70.32
1380556833984591;21;32.3;Mon Jul 29 2019 09:08:11 GMT+0200 (CEST);Mon Jul 29 2019 07:08:11 GMT+0200 (CEST);1564384091000;0.3;68.84
1380556833984591;22.5;32.2;Mon Jul 29 2019 09:09:24 GMT+0200 (CEST);Mon Jul 29 2019 07:09:24 GMT+0200 (CEST);1564384164000;0.31;70
1380556833984591;22.5;32;Mon Jul 29 2019 09:10:37 GMT+0200 (CEST);Mon Jul 29 2019 07:10:37 GMT+0200 (CEST);1564384237000;0.3;70.27
1380556833984591;22.5;32.2;Mon Jul 29 2019 09:11:50 GMT+0200 (CEST);Mon Jul 29 2019 07:11:50 GMT+0200 (CEST);1564384310000;0.32;72.83
1380556833984591;22.5;32.6;Mon Jul 29 2019 09:13:16 GMT+0200 (CEST);Mon Jul 29 2019 07:13:16 GMT+0200 (CEST);1564384396000;0.31;71.88
1380556833984591;22.5;32.8;Mon Jul 29 2019 09:14:29 GMT+0200 (CEST);Mon Jul 29 2019 07:14:29 GMT+0200 (CEST);1564384469000;0.3;70.97
1380556833984591;22.5;32.1;Mon Jul 29 2019 09:15:42 GMT+0200 (CEST);Mon Jul 29 2019 07:15:42 GMT+0200 (CEST);1564384542000;0.34;79.77
1380556833984591;22.5;32.1;Mon Jul 29 2019 09:16:56 GMT+0200 (CEST);Mon Jul 29 2019 07:16:56 GMT+0200 (CEST);1564384616000;0.35;79.83
1380556833984591;22.5;32.9;Mon Jul 29 2019 09:18:12 GMT+0200 (CEST);Mon Jul 29 2019 07:18:12 GMT+0200 (CEST);1564384692000;0.37;85.01
1380556833984591;22.5;33.3;Mon Jul 29 2019 09:19:32 GMT+0200 (CEST);Mon Jul 29 2019 07:19:32 GMT+0200 (CEST);1564384772000;0.38;86.38
1380556833984591;22.5;32.7;Mon Jul 29 2019 09:20:59 GMT+0200 (CEST);Mon Jul 29 2019 07:20:59 GMT+0200 (CEST);1564384859000;0.34;73.65
1380556833984591;22.5;32.5;Mon Jul 29 2019 09:22:12 GMT+0200 (CEST);Mon Jul 29 2019 07:22:12 GMT+0200 (CEST);1564384932000;0.34;77.63
1380556833984591;22.5;32.7;Mon Jul 29 2019 09:23:25 GMT+0200 (CEST);Mon Jul 29 2019 07:23:25 GMT+0200 (CEST);1564385005000;0.31;70.21
1380556833984591;22.5;32.3;Mon Jul 29 2019 09:24:38 GMT+0200 (CEST);Mon Jul 29 2019 07:24:38 GMT+0200 (CEST);1564385078000;0.28;65.62
1380556833984591;22.5;32.5;Mon Jul 29 2019 09:25:52 GMT+0200 (CEST);Mon Jul 29 2019 07:25:52 GMT+0200 (CEST);1564385152000;0.28;65.64
1380556833984591;22.5;32.6;Mon Jul 29 2019 09:27:05 GMT+0200 (CEST);Mon Jul 29 2019 07:27:05 GMT+0200 (CEST);1564385225000;0.28;64.41
1380556833984591;22.5;31.9;Mon Jul 29 2019 09:28:20 GMT+0200 (CEST);Mon Jul 29 2019 07:28:20 GMT+0200 (CEST);1564385300000;0.25;59.26
1380556833984591;22.5;31.7;Mon Jul 29 2019 09:29:33 GMT+0200 (CEST);Mon Jul 29 2019 07:29:33 GMT+0200 (CEST);1564385373000;0.2;50.65
1380556833984591;22.5;31.5;Mon Jul 29 2019 09:30:46 GMT+0200 (CEST);Mon Jul 29 2019 07:30:46 GMT+0200 (CEST);1564385446000;0.18;48.44
1380556833984591;22.5;31.7;Mon Jul 29 2019 09:31:58 GMT+0200 (CEST);Mon Jul 29 2019 07:31:58 GMT+0200 (CEST);1564385518000;0.19;48.55
1380556833984591;22.5;31.6;Mon Jul 29 2019 09:33:11 GMT+0200 (CEST);Mon Jul 29 2019 07:33:11 GMT+0200 (CEST);1564385591000;0.18;46.75
1380556833984591;21;31.6;Mon Jul 29 2019 09:34:48 GMT+0200 (CEST);Mon Jul 29 2019 07:34:48 GMT+0200 (CEST);1564385688000;0.18;46.72
1380556833984591;21;31.5;Mon Jul 29 2019 09:36:11 GMT+0200 (CEST);Mon Jul 29 2019 07:36:11 GMT+0200 (CEST);1564385771000;0.18;45.73
1380556833984591;21;31.7;Mon Jul 29 2019 09:37:32 GMT+0200 (CEST);Mon Jul 29 2019 07:37:32 GMT+0200 (CEST);1564385852000;0.22;53.56
1380556833984591;21;31.9;Mon Jul 29 2019 09:38:45 GMT+0200 (CEST);Mon Jul 29 2019 07:38:45 GMT+0200 (CEST);1564385925000;0.24;59.21
1380556833984591;21;32;Mon Jul 29 2019 09:39:58 GMT+0200 (CEST);Mon Jul 29 2019 07:39:58 GMT+0200 (CEST);1564385998000;0.27;62.34
1380556833984591;21;31.7;Mon Jul 29 2019 09:41:10 GMT+0200 (CEST);Mon Jul 29 2019 07:41:10 GMT+0200 (CEST);1564386070000;0.29;67.18
1380556833984591;21;32;Mon Jul 29 2019 09:42:26 GMT+0200 (CEST);Mon Jul 29 2019 07:42:26 GMT+0200 (CEST);1564386146000;0.29;65.33
1380556833984591;21;32.4;Mon Jul 29 2019 09:43:42 GMT+0200 (CEST);Mon Jul 29 2019 07:43:42 GMT+0200 (CEST);1564386222000;0.27;62.23
1380556833984591;21;31.7;Mon Jul 29 2019 09:44:59 GMT+0200 (CEST);Mon Jul 29 2019 07:44:59 GMT+0200 (CEST);1564386299000;0.25;58.68
1380556833984591;21;31.8;Mon Jul 29 2019 09:46:12 GMT+0200 (CEST);Mon Jul 29 2019 07:46:12 GMT+0200 (CEST);1564386372000;0.21;52.02
1380556833984591;21;31.6;Mon Jul 29 2019 09:47:26 GMT+0200 (CEST);Mon Jul 29 2019 07:47:26 GMT+0200 (CEST);1564386446000;0.21;50.22
1380556833984591;21;31.7;Mon Jul 29 2019 09:48:42 GMT+0200 (CEST);Mon Jul 29 2019 07:48:42 GMT+0200 (CEST);1564386522000;0.18;45.3
1380556833984591;21;31.8;Mon Jul 29 2019 09:50:13 GMT+0200 (CEST);Mon Jul 29 2019 07:50:13 GMT+0200 (CEST);1564386613000;0.14;37.27
1380556833984591;21;31.5;Mon Jul 29 2019 09:51:35 GMT+0200 (CEST);Mon Jul 29 2019 07:51:35 GMT+0200 (CEST);1564386695000;0.13;36.04
1380556833984591;21.5;31.3;Mon Jul 29 2019 09:53:15 GMT+0200 (CEST);Mon Jul 29 2019 07:53:15 GMT+0200 (CEST);1564386795000;0.15;40.09
1380556833984591;21.5;31.7;Mon Jul 29 2019 09:54:28 GMT+0200 (CEST);Mon Jul 29 2019 07:54:28 GMT+0200 (CEST);1564386868000;0.19;46.93
1380556833984591;21.5;31.7;Mon Jul 29 2019 09:55:42 GMT+0200 (CEST);Mon Jul 29 2019 07:55:42 GMT+0200 (CEST);1564386942000;0.22;53.01
1380556833984591;21.5;31.9;Mon Jul 29 2019 09:57:01 GMT+0200 (CEST);Mon Jul 29 2019 07:57:01 GMT+0200 (CEST);1564387021000;0.21;49.62
1380556833984591;21;31.8;Mon Jul 29 2019 09:58:16 GMT+0200 (CEST);Mon Jul 29 2019 07:58:16 GMT+0200 (CEST);1564387096000;0.2;49.29
1380556833984591;21;31.5;Mon Jul 29 2019 09:59:29 GMT+0200 (CEST);Mon Jul 29 2019 07:59:29 GMT+0200 (CEST);1564387169000;0.23;55
1380556833984591;21;31.9;Mon Jul 29 2019 10:00:43 GMT+0200 (CEST);Mon Jul 29 2019 08:00:43 GMT+0200 (CEST);1564387243000;0.27;62.48
1380556833984591;21;32.1;Mon Jul 29 2019 10:01:56 GMT+0200 (CEST);Mon Jul 29 2019 08:01:56 GMT+0200 (CEST);1564387316000;0.29;65.67
1380556833984591;21;32.4;Mon Jul 29 2019 10:03:08 GMT+0200 (CEST);Mon Jul 29 2019 08:03:08 GMT+0200 (CEST);1564387388000;0.32;70.72
1380556833984591;21;32.3;Mon Jul 29 2019 10:04:22 GMT+0200 (CEST);Mon Jul 29 2019 08:04:22 GMT+0200 (CEST);1564387462000;0.29;66.83
1380556833984591;21;32.1;Mon Jul 29 2019 10:05:34 GMT+0200 (CEST);Mon Jul 29 2019 08:05:34 GMT+0200 (CEST);1564387534000;0.29;65.93
1380556833984591;22.5;32.4;Mon Jul 29 2019 10:06:53 GMT+0200 (CEST);Mon Jul 29 2019 08:06:53 GMT+0200 (CEST);1564387613000;0.28;64.98
1380556833984591;22.5;32.1;Mon Jul 29 2019 10:08:22 GMT+0200 (CEST);Mon Jul 29 2019 08:08:22 GMT+0200 (CEST);1564387702000;0.29;65.13
1380556833984591;22.5;31.9;Mon Jul 29 2019 10:09:35 GMT+0200 (CEST);Mon Jul 29 2019 08:09:35 GMT+0200 (CEST);1564387775000;0.27;61.31
1380556833984591;22.5;31.6;Mon Jul 29 2019 10:10:57 GMT+0200 (CEST);Mon Jul 29 2019 08:10:57 GMT+0200 (CEST);1564387857000;0.26;58.43
1380556833984591;22.5;31.8;Mon Jul 29 2019 10:12:11 GMT+0200 (CEST);Mon Jul 29 2019 08:12:11 GMT+0200 (CEST);1564387931000;0.25;57.71
1380556833984591;22.5;31.8;Mon Jul 29 2019 10:13:24 GMT+0200 (CEST);Mon Jul 29 2019 08:13:24 GMT+0200 (CEST);1564388004000;0.28;62.73
1380556833984591;22.5;31.9;Mon Jul 29 2019 10:14:37 GMT+0200 (CEST);Mon Jul 29 2019 08:14:37 GMT+0200 (CEST);1564388077000;0.25;54.59
1380556833984591;22.5;31.9;Mon Jul 29 2019 10:15:55 GMT+0200 (CEST);Mon Jul 29 2019 08:15:55 GMT+0200 (CEST);1564388155000;0.22;51.12
1380556833984591;22.5;31.6;Mon Jul 29 2019 10:17:09 GMT+0200 (CEST);Mon Jul 29 2019 08:17:09 GMT+0200 (CEST);1564388229000;0.22;51.98
1380556833984591;22.5;31.6;Mon Jul 29 2019 10:18:31 GMT+0200 (CEST);Mon Jul 29 2019 08:18:31 GMT+0200 (CEST);1564388311000;0.22;52.72
1380556833984591;22.5;31.3;Mon Jul 29 2019 10:19:44 GMT+0200 (CEST);Mon Jul 29 2019 08:19:44 GMT+0200 (CEST);1564388384000;0.21;50.73
1380556833984591;22.5;31.6;Mon Jul 29 2019 10:20:58 GMT+0200 (CEST);Mon Jul 29 2019 08:20:58 GMT+0200 (CEST);1564388458000;0.21;50.48
1380556833984591;22.5;31.9;Mon Jul 29 2019 10:22:11 GMT+0200 (CEST);Mon Jul 29 2019 08:22:11 GMT+0200 (CEST);1564388531000;0.2;47.89
1380556833984591;22.5;31.3;Mon Jul 29 2019 10:23:54 GMT+0200 (CEST);Mon Jul 29 2019 08:23:54 GMT+0200 (CEST);1564388634000;0.2;46.73
1380556833984591;22.5;31.3;Mon Jul 29 2019 10:25:12 GMT+0200 (CEST);Mon Jul 29 2019 08:25:12 GMT+0200 (CEST);1564388712000;0.19;46.11
1380556833984591;22.5;31.4;Mon Jul 29 2019 10:26:25 GMT+0200 (CEST);Mon Jul 29 2019 08:26:25 GMT+0200 (CEST);1564388785000;0.2;47.12
1380556833984591;22.5;31.6;Mon Jul 29 2019 10:27:38 GMT+0200 (CEST);Mon Jul 29 2019 08:27:38 GMT+0200 (CEST);1564388858000;0.23;54.07
1380556833984591;22.5;31.6;Mon Jul 29 2019 10:28:52 GMT+0200 (CEST);Mon Jul 29 2019 08:28:52 GMT+0200 (CEST);1564388932000;0.24;54.42
1380556833984591;22.5;31.5;Mon Jul 29 2019 10:30:05 GMT+0200 (CEST);Mon Jul 29 2019 08:30:05 GMT+0200 (CEST);1564389005000;0.23;53.19
1380556833984591;22.5;31.8;Mon Jul 29 2019 10:31:36 GMT+0200 (CEST);Mon Jul 29 2019 08:31:36 GMT+0200 (CEST);1564389096000;0.23;54.49
1380556833984591;22.5;31.5;Mon Jul 29 2019 10:33:13 GMT+0200 (CEST);Mon Jul 29 2019 08:33:13 GMT+0200 (CEST);1564389193000;0.24;55
1380556833984591;22.5;31.6;Mon Jul 29 2019 10:34:25 GMT+0200 (CEST);Mon Jul 29 2019 08:34:25 GMT+0200 (CEST);1564389265000;0.23;53.04
1380556833984591;22.5;31.5;Mon Jul 29 2019 10:35:39 GMT+0200 (CEST);Mon Jul 29 2019 08:35:39 GMT+0200 (CEST);1564389339000;0.23;52.75
1380556833984591;22.5;31.4;Mon Jul 29 2019 10:36:53 GMT+0200 (CEST);Mon Jul 29 2019 08:36:53 GMT+0200 (CEST);1564389413000;0.21;50.4
1380556833984591;22.5;31.4;Mon Jul 29 2019 10:38:08 GMT+0200 (CEST);Mon Jul 29 2019 08:38:08 GMT+0200 (CEST);1564389488000;0.2;48.01
1380556833984591;22;31.4;Mon Jul 29 2019 10:39:26 GMT+0200 (CEST);Mon Jul 29 2019 08:39:26 GMT+0200 (CEST);1564389566000;0.19;45.82
1380556833984591;22;31.5;Mon Jul 29 2019 10:40:49 GMT+0200 (CEST);Mon Jul 29 2019 08:40:49 GMT+0200 (CEST);1564389649000;0.18;42.99
1380556833984591;22;31.3;Mon Jul 29 2019 10:42:03 GMT+0200 (CEST);Mon Jul 29 2019 08:42:03 GMT+0200 (CEST);1564389723000;0.17;42.55
1380556833984591;22;31.3;Mon Jul 29 2019 10:43:19 GMT+0200 (CEST);Mon Jul 29 2019 08:43:19 GMT+0200 (CEST);1564389799000;0.18;44.56
1380556833984591;22.5;31.3;Mon Jul 29 2019 10:44:32 GMT+0200 (CEST);Mon Jul 29 2019 08:44:32 GMT+0200 (CEST);1564389872000;0.19;45.77
1380556833984591;22.5;31.4;Mon Jul 29 2019 10:45:45 GMT+0200 (CEST);Mon Jul 29 2019 08:45:45 GMT+0200 (CEST);1564389945000;0.19;46.78
1380556833984591;22.5;31.6;Mon Jul 29 2019 10:47:20 GMT+0200 (CEST);Mon Jul 29 2019 08:47:20 GMT+0200 (CEST);1564390040000;0.21;49.13
1380556833984591;22.5;31.5;Mon Jul 29 2019 10:48:35 GMT+0200 (CEST);Mon Jul 29 2019 08:48:35 GMT+0200 (CEST);1564390115000;0.23;52.96
1380556833984591;22.5;31.5;Mon Jul 29 2019 10:49:49 GMT+0200 (CEST);Mon Jul 29 2019 08:49:49 GMT+0200 (CEST);1564390189000;0.23;53
1380556833984591;22.5;31.9;Mon Jul 29 2019 10:51:01 GMT+0200 (CEST);Mon Jul 29 2019 08:51:01 GMT+0200 (CEST);1564390261000;0.22;51.51
1380556833984591;22.5;31.6;Mon Jul 29 2019 10:52:16 GMT+0200 (CEST);Mon Jul 29 2019 08:52:16 GMT+0200 (CEST);1564390336000;0.21;49.44
1380556833984591;22.5;31.5;Mon Jul 29 2019 10:53:29 GMT+0200 (CEST);Mon Jul 29 2019 08:53:29 GMT+0200 (CEST);1564390409000;0.21;50.22
1380556833984591;22.5;31.2;Mon Jul 29 2019 10:55:01 GMT+0200 (CEST);Mon Jul 29 2019 08:55:01 GMT+0200 (CEST);1564390501000;0.2;48.52
1380556833984591;22.5;31.5;Mon Jul 29 2019 10:56:27 GMT+0200 (CEST);Mon Jul 29 2019 08:56:27 GMT+0200 (CEST);1564390587000;0.19;46.43
1380556833984591;22.5;31.4;Mon Jul 29 2019 10:57:40 GMT+0200 (CEST);Mon Jul 29 2019 08:57:40 GMT+0200 (CEST);1564390660000;0.2;47.29
1380556833984591;22.5;31.4;Mon Jul 29 2019 10:58:53 GMT+0200 (CEST);Mon Jul 29 2019 08:58:53 GMT+0200 (CEST);1564390733000;0.2;49.29
1380556833984591;22.5;31.4;Mon Jul 29 2019 11:00:05 GMT+0200 (CEST);Mon Jul 29 2019 09:00:05 GMT+0200 (CEST);1564390805000;0.22;52.92
1380556833984591;22.5;31.7;Mon Jul 29 2019 11:01:18 GMT+0200 (CEST);Mon Jul 29 2019 09:01:18 GMT+0200 (CEST);1564390878000;0.24;55.32
1380556833984591;22.5;31.5;Mon Jul 29 2019 11:02:57 GMT+0200 (CEST);Mon Jul 29 2019 09:02:57 GMT+0200 (CEST);1564390977000;0.24;55.7
1380556833984591;22.5;31.6;Mon Jul 29 2019 11:04:21 GMT+0200 (CEST);Mon Jul 29 2019 09:04:21 GMT+0200 (CEST);1564391061000;0.26;57.99
1380556833984591;22.5;32.1;Mon Jul 29 2019 11:05:37 GMT+0200 (CEST);Mon Jul 29 2019 09:05:37 GMT+0200 (CEST);1564391137000;0.26;59.69
1380556833984591;22.5;31.7;Mon Jul 29 2019 11:07:03 GMT+0200 (CEST);Mon Jul 29 2019 09:07:03 GMT+0200 (CEST);1564391223000;0.27;60.97
1380556833984591;22.5;32.1;Mon Jul 29 2019 11:08:56 GMT+0200 (CEST);Mon Jul 29 2019 09:08:56 GMT+0200 (CEST);1564391336000;0.28;63.04
1380556833984591;22.5;32.1;Mon Jul 29 2019 11:10:29 GMT+0200 (CEST);Mon Jul 29 2019 09:10:29 GMT+0200 (CEST);1564391429000;0.29;63.77
1380556833984591;22.5;32.1;Mon Jul 29 2019 11:11:43 GMT+0200 (CEST);Mon Jul 29 2019 09:11:43 GMT+0200 (CEST);1564391503000;0.27;62.27
1380556833984591;22.5;31.9;Mon Jul 29 2019 11:12:56 GMT+0200 (CEST);Mon Jul 29 2019 09:12:56 GMT+0200 (CEST);1564391576000;0.26;57.89
1380556833984591;22.5;31.7;Mon Jul 29 2019 11:14:12 GMT+0200 (CEST);Mon Jul 29 2019 09:14:12 GMT+0200 (CEST);1564391652000;0.23;54.59
1380556833984591;22.5;31.5;Mon Jul 29 2019 11:15:28 GMT+0200 (CEST);Mon Jul 29 2019 09:15:28 GMT+0200 (CEST);1564391728000;0.23;53.46
1380556833984591;22.5;31.9;Mon Jul 29 2019 11:16:40 GMT+0200 (CEST);Mon Jul 29 2019 09:16:40 GMT+0200 (CEST);1564391800000;0.24;55.55
1380556833984591;22.5;31.3;Mon Jul 29 2019 11:17:53 GMT+0200 (CEST);Mon Jul 29 2019 09:17:53 GMT+0200 (CEST);1564391873000;0.24;57.47
1380556833984591;22.5;31.4;Mon Jul 29 2019 11:19:12 GMT+0200 (CEST);Mon Jul 29 2019 09:19:12 GMT+0200 (CEST);1564391952000;0.25;58.2
1380556833984591;22.5;31.5;Mon Jul 29 2019 11:20:26 GMT+0200 (CEST);Mon Jul 29 2019 09:20:26 GMT+0200 (CEST);1564392026000;0.26;60.61
1380556833984591;22.5;31.7;Mon Jul 29 2019 11:21:39 GMT+0200 (CEST);Mon Jul 29 2019 09:21:39 GMT+0200 (CEST);1564392099000;0.26;60.8
1380556833984591;22.5;31.7;Mon Jul 29 2019 11:22:56 GMT+0200 (CEST);Mon Jul 29 2019 09:22:56 GMT+0200 (CEST);1564392176000;0.27;62.45
1380556833984591;22.5;31.9;Mon Jul 29 2019 11:24:23 GMT+0200 (CEST);Mon Jul 29 2019 09:24:23 GMT+0200 (CEST);1564392263000;0.29;65.69
1380556833984591;22.5;31.8;Mon Jul 29 2019 11:26:02 GMT+0200 (CEST);Mon Jul 29 2019 09:26:02 GMT+0200 (CEST);1564392362000;0.27;60.99
1380556833984591;23;31.3;Mon Jul 29 2019 11:27:16 GMT+0200 (CEST);Mon Jul 29 2019 09:27:16 GMT+0200 (CEST);1564392436000;0.25;56.86
1380556833984591;23;31.7;Mon Jul 29 2019 11:28:28 GMT+0200 (CEST);Mon Jul 29 2019 09:28:28 GMT+0200 (CEST);1564392508000;0.24;55.37
1380556833984591;23;31.5;Mon Jul 29 2019 11:29:33 GMT+0200 (CEST);Mon Jul 29 2019 09:29:33 GMT+0200 (CEST);1564392573000;0.23;54.58
1380556833984591;23;31.7;Mon Jul 29 2019 11:30:46 GMT+0200 (CEST);Mon Jul 29 2019 09:30:46 GMT+0200 (CEST);1564392646000;0.22;54.58
1380556833984591;22.5;31.9;Mon Jul 29 2019 11:32:08 GMT+0200 (CEST);Mon Jul 29 2019 09:32:08 GMT+0200 (CEST);1564392728000;0.23;55.62
1380556833984591;22.5;31.9;Mon Jul 29 2019 11:33:49 GMT+0200 (CEST);Mon Jul 29 2019 09:33:49 GMT+0200 (CEST);1564392829000;0.25;59.02
1380556833984591;22.5;31.6;Mon Jul 29 2019 11:35:08 GMT+0200 (CEST);Mon Jul 29 2019 09:35:08 GMT+0200 (CEST);1564392908000;0.24;57.58
1380556833984591;22.5;31.6;Mon Jul 29 2019 11:36:23 GMT+0200 (CEST);Mon Jul 29 2019 09:36:23 GMT+0200 (CEST);1564392983000;0.24;56.89
1380556833984591;23;31.6;Mon Jul 29 2019 11:37:36 GMT+0200 (CEST);Mon Jul 29 2019 09:37:36 GMT+0200 (CEST);1564393056000;0.25;59.85
1380556833984591;23;31.7;Mon Jul 29 2019 11:38:40 GMT+0200 (CEST);Mon Jul 29 2019 09:38:40 GMT+0200 (CEST);1564393120000;0.28;62.77
1380556833984591;23;31.8;Mon Jul 29 2019 11:39:52 GMT+0200 (CEST);Mon Jul 29 2019 09:39:52 GMT+0200 (CEST);1564393192000;0.29;64.77
1380556833984591;23;32;Mon Jul 29 2019 11:41:08 GMT+0200 (CEST);Mon Jul 29 2019 09:41:08 GMT+0200 (CEST);1564393268000;0.27;63.42
1380556833984591;23;31.7;Mon Jul 29 2019 11:42:21 GMT+0200 (CEST);Mon Jul 29 2019 09:42:21 GMT+0200 (CEST);1564393341000;0.3;67.15
1380556833984591;23;32.1;Mon Jul 29 2019 11:43:35 GMT+0200 (CEST);Mon Jul 29 2019 09:43:35 GMT+0200 (CEST);1564393415000;0.37;80.28
1380556833984591;23;32.4;Mon Jul 29 2019 11:44:47 GMT+0200 (CEST);Mon Jul 29 2019 09:44:47 GMT+0200 (CEST);1564393487000;0.35;75.9
1380556833984591;23;32.6;Mon Jul 29 2019 11:46:05 GMT+0200 (CEST);Mon Jul 29 2019 09:46:05 GMT+0200 (CEST);1564393565000;0.32;70.01
1380556833984591;23;32.1;Mon Jul 29 2019 11:47:19 GMT+0200 (CEST);Mon Jul 29 2019 09:47:19 GMT+0200 (CEST);1564393639000;0.31;70.5
1380556833984591;23;32.2;Mon Jul 29 2019 11:48:33 GMT+0200 (CEST);Mon Jul 29 2019 09:48:33 GMT+0200 (CEST);1564393713000;0.32;71.62
1380556833984591;23;32.1;Mon Jul 29 2019 11:49:52 GMT+0200 (CEST);Mon Jul 29 2019 09:49:52 GMT+0200 (CEST);1564393792000;0.35;77.07
1380556833984591;23;32.4;Mon Jul 29 2019 11:51:10 GMT+0200 (CEST);Mon Jul 29 2019 09:51:10 GMT+0200 (CEST);1564393870000;0.39;83.42
1380556833984591;23;32.9;Mon Jul 29 2019 11:52:23 GMT+0200 (CEST);Mon Jul 29 2019 09:52:23 GMT+0200 (CEST);1564393943000;0.41;89.1
1380556833984591;23;33;Mon Jul 29 2019 11:53:37 GMT+0200 (CEST);Mon Jul 29 2019 09:53:37 GMT+0200 (CEST);1564394017000;0.46;99.73
1380556833984591;23;33.2;Mon Jul 29 2019 11:54:55 GMT+0200 (CEST);Mon Jul 29 2019 09:54:55 GMT+0200 (CEST);1564394095000;0.47;100.96
1380556833984591;23;33.2;Mon Jul 29 2019 11:56:08 GMT+0200 (CEST);Mon Jul 29 2019 09:56:08 GMT+0200 (CEST);1564394168000;0.48;103.17
1380556833984591;23;33.1;Mon Jul 29 2019 11:57:22 GMT+0200 (CEST);Mon Jul 29 2019 09:57:22 GMT+0200 (CEST);1564394242000;0.51;107.56
1380556833984591;23;33;Mon Jul 29 2019 11:58:35 GMT+0200 (CEST);Mon Jul 29 2019 09:58:35 GMT+0200 (CEST);1564394315000;0.52;110.77
1380556833984591;23;33.3;Mon Jul 29 2019 11:59:48 GMT+0200 (CEST);Mon Jul 29 2019 09:59:48 GMT+0200 (CEST);1564394388000;0.56;120.2
1380556833984591;24;33.2;Mon Jul 29 2019 12:01:07 GMT+0200 (CEST);Mon Jul 29 2019 10:01:07 GMT+0200 (CEST);1564394467000;0.6;123.09
1380556833984591;24;33.2;Mon Jul 29 2019 12:02:29 GMT+0200 (CEST);Mon Jul 29 2019 10:02:29 GMT+0200 (CEST);1564394549000;0.57;121.41
1380556833984591;24;33.5;Mon Jul 29 2019 12:03:42 GMT+0200 (CEST);Mon Jul 29 2019 10:03:42 GMT+0200 (CEST);1564394622000;0.61;130.21
1380556833984591;24;33.6;Mon Jul 29 2019 12:05:08 GMT+0200 (CEST);Mon Jul 29 2019 10:05:08 GMT+0200 (CEST);1564394708000;0.64;133.85
1380556833984591;24.5;33.5;Mon Jul 29 2019 12:06:12 GMT+0200 (CEST);Mon Jul 29 2019 10:06:12 GMT+0200 (CEST);1564394772000;0.64;134.83
1380556833984591;24.5;33.4;Mon Jul 29 2019 12:07:26 GMT+0200 (CEST);Mon Jul 29 2019 10:07:26 GMT+0200 (CEST);1564394846000;0.63;132.58
1380556833984591;24.5;33.2;Mon Jul 29 2019 12:08:39 GMT+0200 (CEST);Mon Jul 29 2019 10:08:39 GMT+0200 (CEST);1564394919000;0.56;117.26
1380556833984591;24.5;33.1;Mon Jul 29 2019 12:09:59 GMT+0200 (CEST);Mon Jul 29 2019 10:09:59 GMT+0200 (CEST);1564394999000;0.49;106.04
1380556833984591;25;33.1;Mon Jul 29 2019 12:11:17 GMT+0200 (CEST);Mon Jul 29 2019 10:11:17 GMT+0200 (CEST);1564395077000;0.46;99.28
1380556833984591;25;32.7;Mon Jul 29 2019 12:12:31 GMT+0200 (CEST);Mon Jul 29 2019 10:12:31 GMT+0200 (CEST);1564395151000;0.45;98.54
1380556833984591;25;32.9;Mon Jul 29 2019 12:13:45 GMT+0200 (CEST);Mon Jul 29 2019 10:13:45 GMT+0200 (CEST);1564395225000;0.48;103.03
1380556833984591;25;32.6;Mon Jul 29 2019 12:14:58 GMT+0200 (CEST);Mon Jul 29 2019 10:14:58 GMT+0200 (CEST);1564395298000;0.49;104.59
1380556833984591;25;32.9;Mon Jul 29 2019 12:16:11 GMT+0200 (CEST);Mon Jul 29 2019 10:16:11 GMT+0200 (CEST);1564395371000;0.5;106.53
1380556833984591;25;33.1;Mon Jul 29 2019 12:17:28 GMT+0200 (CEST);Mon Jul 29 2019 10:17:28 GMT+0200 (CEST);1564395448000;0.47;101.1
1380556833984591;25;32.7;Mon Jul 29 2019 12:18:51 GMT+0200 (CEST);Mon Jul 29 2019 10:18:51 GMT+0200 (CEST);1564395531000;0.43;97.18
1380556833984591;25;33.1;Mon Jul 29 2019 12:20:14 GMT+0200 (CEST);Mon Jul 29 2019 10:20:14 GMT+0200 (CEST);1564395614000;0.48;104.78
1380556833984591;25;33;Mon Jul 29 2019 12:21:30 GMT+0200 (CEST);Mon Jul 29 2019 10:21:30 GMT+0200 (CEST);1564395690000;0.5;107.74
1380556833984591;25;32.9;Mon Jul 29 2019 12:22:46 GMT+0200 (CEST);Mon Jul 29 2019 10:22:46 GMT+0200 (CEST);1564395766000;0.49;108.08
1380556833984591;25;33.1;Mon Jul 29 2019 12:23:59 GMT+0200 (CEST);Mon Jul 29 2019 10:23:59 GMT+0200 (CEST);1564395839000;0.49;107.83
1380556833984591;25;33.1;Mon Jul 29 2019 12:25:17 GMT+0200 (CEST);Mon Jul 29 2019 10:25:17 GMT+0200 (CEST);1564395917000;0.52;110.71
1380556833984591;25;32.6;Mon Jul 29 2019 12:26:31 GMT+0200 (CEST);Mon Jul 29 2019 10:26:31 GMT+0200 (CEST);1564395991000;0.54;112.85
1380556833984591;25;32.8;Mon Jul 29 2019 12:27:44 GMT+0200 (CEST);Mon Jul 29 2019 10:27:44 GMT+0200 (CEST);1564396064000;0.52;112.85
1380556833984591;25;32.6;Mon Jul 29 2019 12:29:02 GMT+0200 (CEST);Mon Jul 29 2019 10:29:02 GMT+0200 (CEST);1564396142000;0.53;113.84
1380556833984591;25;32.9;Mon Jul 29 2019 12:30:15 GMT+0200 (CEST);Mon Jul 29 2019 10:30:15 GMT+0200 (CEST);1564396215000;0.53;112.6
1380556833984591;25;33;Mon Jul 29 2019 12:31:29 GMT+0200 (CEST);Mon Jul 29 2019 10:31:29 GMT+0200 (CEST);1564396289000;0.52;110.28
1380556833984591;25;32.6;Mon Jul 29 2019 12:33:05 GMT+0200 (CEST);Mon Jul 29 2019 10:33:05 GMT+0200 (CEST);1564396385000;0.5;107.47
1380556833984591;25;32.7;Mon Jul 29 2019 12:34:26 GMT+0200 (CEST);Mon Jul 29 2019 10:34:26 GMT+0200 (CEST);1564396466000;0.49;104.76
1380556833984591;25;32.9;Mon Jul 29 2019 12:35:44 GMT+0200 (CEST);Mon Jul 29 2019 10:35:44 GMT+0200 (CEST);1564396544000;0.46;100.05
1380556833984591;25;32.9;Mon Jul 29 2019 12:36:57 GMT+0200 (CEST);Mon Jul 29 2019 10:36:57 GMT+0200 (CEST);1564396617000;0.45;99.06
1380556833984591;25;32.4;Mon Jul 29 2019 12:38:11 GMT+0200 (CEST);Mon Jul 29 2019 10:38:11 GMT+0200 (CEST);1564396691000;0.45;96.39
1380556833984591;25;32.8;Mon Jul 29 2019 12:39:26 GMT+0200 (CEST);Mon Jul 29 2019 10:39:26 GMT+0200 (CEST);1564396766000;0.43;94.19
1380556833984591;25;32.3;Mon Jul 29 2019 12:40:43 GMT+0200 (CEST);Mon Jul 29 2019 10:40:43 GMT+0200 (CEST);1564396843000;0.43;91.83
1380556833984591;25;32.1;Mon Jul 29 2019 12:42:02 GMT+0200 (CEST);Mon Jul 29 2019 10:42:02 GMT+0200 (CEST);1564396922000;0.4;87.34
1380556833984591;25;32;Mon Jul 29 2019 12:43:15 GMT+0200 (CEST);Mon Jul 29 2019 10:43:15 GMT+0200 (CEST);1564396995000;0.38;83.69
1380556833984591;25;31.7;Mon Jul 29 2019 12:44:29 GMT+0200 (CEST);Mon Jul 29 2019 10:44:29 GMT+0200 (CEST);1564397069000;0.37;80.89
1380556833984591;25;31.8;Mon Jul 29 2019 12:45:41 GMT+0200 (CEST);Mon Jul 29 2019 10:45:41 GMT+0200 (CEST);1564397141000;0.36;79.32
1380556833984591;25;32.1;Mon Jul 29 2019 12:46:57 GMT+0200 (CEST);Mon Jul 29 2019 10:46:57 GMT+0200 (CEST);1564397217000;0.35;78.67
1380556833984591;25;32.1;Mon Jul 29 2019 12:48:13 GMT+0200 (CEST);Mon Jul 29 2019 10:48:13 GMT+0200 (CEST);1564397293000;0.36;79.44
1380556833984591;25;32.6;Mon Jul 29 2019 12:49:27 GMT+0200 (CEST);Mon Jul 29 2019 10:49:27 GMT+0200 (CEST);1564397367000;0.36;80.82
1380556833984591;25;32.3;Mon Jul 29 2019 12:51:01 GMT+0200 (CEST);Mon Jul 29 2019 10:51:01 GMT+0200 (CEST);1564397461000;0.38;82.92
1380556833984591;25;32.2;Mon Jul 29 2019 12:52:14 GMT+0200 (CEST);Mon Jul 29 2019 10:52:14 GMT+0200 (CEST);1564397534000;0.38;84.53
1380556833984591;25;32.5;Mon Jul 29 2019 12:53:26 GMT+0200 (CEST);Mon Jul 29 2019 10:53:26 GMT+0200 (CEST);1564397606000;0.41;87.83
1380556833984591;25;32.6;Mon Jul 29 2019 12:54:46 GMT+0200 (CEST);Mon Jul 29 2019 10:54:46 GMT+0200 (CEST);1564397686000;0.41;89.36
1380556833984591;25;32.7;Mon Jul 29 2019 12:56:04 GMT+0200 (CEST);Mon Jul 29 2019 10:56:04 GMT+0200 (CEST);1564397764000;0.42;90.41
1380556833984591;25;32.7;Mon Jul 29 2019 12:57:18 GMT+0200 (CEST);Mon Jul 29 2019 10:57:18 GMT+0200 (CEST);1564397838000;0.43;94.02
1380556833984591;25;32.8;Mon Jul 29 2019 12:58:31 GMT+0200 (CEST);Mon Jul 29 2019 10:58:31 GMT+0200 (CEST);1564397911000;0.45;97.65
1380556833984591;24.5;32.8;Mon Jul 29 2019 12:59:37 GMT+0200 (CEST);Mon Jul 29 2019 10:59:37 GMT+0200 (CEST);1564397977000;0.47;100.81
1380556833984591;24.5;32.8;Mon Jul 29 2019 13:00:50 GMT+0200 (CEST);Mon Jul 29 2019 11:00:50 GMT+0200 (CEST);1564398050000;0.47;100.99
1380556833984591;24.5;32.9;Mon Jul 29 2019 13:02:04 GMT+0200 (CEST);Mon Jul 29 2019 11:02:04 GMT+0200 (CEST);1564398124000;0.47;101.27
1380556833984591;24.5;32.8;Mon Jul 29 2019 13:03:09 GMT+0200 (CEST);Mon Jul 29 2019 11:03:09 GMT+0200 (CEST);1564398189000;0.48;103.09
1380556833984591;25;32.8;Mon Jul 29 2019 13:04:27 GMT+0200 (CEST);Mon Jul 29 2019 11:04:27 GMT+0200 (CEST);1564398267000;0.49;104.34
1380556833984591;25;33.2;Mon Jul 29 2019 13:05:41 GMT+0200 (CEST);Mon Jul 29 2019 11:05:41 GMT+0200 (CEST);1564398341000;0.49;104.5
1380556833984591;25;32.7;Mon Jul 29 2019 13:07:02 GMT+0200 (CEST);Mon Jul 29 2019 11:07:02 GMT+0200 (CEST);1564398422000;0.5;105.12
1380556833984591;25;32.8;Mon Jul 29 2019 13:08:15 GMT+0200 (CEST);Mon Jul 29 2019 11:08:15 GMT+0200 (CEST);1564398495000;0.48;103.62
1380556833984591;25;32.8;Mon Jul 29 2019 13:09:34 GMT+0200 (CEST);Mon Jul 29 2019 11:09:34 GMT+0200 (CEST);1564398574000;0.46;99.66
1380556833984591;25;32.8;Mon Jul 29 2019 13:10:49 GMT+0200 (CEST);Mon Jul 29 2019 11:10:49 GMT+0200 (CEST);1564398649000;0.42;91.86
1380556833984591;25;32.6;Mon Jul 29 2019 13:12:02 GMT+0200 (CEST);Mon Jul 29 2019 11:12:02 GMT+0200 (CEST);1564398722000;0.39;85.3
1380556833984591;25;32.5;Mon Jul 29 2019 13:13:16 GMT+0200 (CEST);Mon Jul 29 2019 11:13:16 GMT+0200 (CEST);1564398796000;0.37;83
1380556833984591;25;33;Mon Jul 29 2019 13:14:35 GMT+0200 (CEST);Mon Jul 29 2019 11:14:35 GMT+0200 (CEST);1564398875000;0.38;84.99
1380556833984591;25;32.5;Mon Jul 29 2019 13:15:51 GMT+0200 (CEST);Mon Jul 29 2019 11:15:51 GMT+0200 (CEST);1564398951000;0.4;88.56
1380556833984591;25;32.3;Mon Jul 29 2019 13:17:05 GMT+0200 (CEST);Mon Jul 29 2019 11:17:05 GMT+0200 (CEST);1564399025000;0.42;89.63
1380556833984591;25;32.3;Mon Jul 29 2019 13:18:19 GMT+0200 (CEST);Mon Jul 29 2019 11:18:19 GMT+0200 (CEST);1564399099000;0.42;89.8
1380556833984591;25;32.3;Mon Jul 29 2019 13:19:38 GMT+0200 (CEST);Mon Jul 29 2019 11:19:38 GMT+0200 (CEST);1564399178000;0.4;87.48
1380556833984591;25;32.5;Mon Jul 29 2019 13:20:52 GMT+0200 (CEST);Mon Jul 29 2019 11:20:52 GMT+0200 (CEST);1564399252000;0.39;86.87
1380556833984591;25;32.6;Mon Jul 29 2019 13:22:06 GMT+0200 (CEST);Mon Jul 29 2019 11:22:06 GMT+0200 (CEST);1564399326000;0.41;87.99
1380556833984591;25;32.3;Mon Jul 29 2019 13:23:24 GMT+0200 (CEST);Mon Jul 29 2019 11:23:24 GMT+0200 (CEST);1564399404000;0.43;93.5
1380556833984591;25;33;Mon Jul 29 2019 13:24:37 GMT+0200 (CEST);Mon Jul 29 2019 11:24:37 GMT+0200 (CEST);1564399477000;0.45;96.82
1380556833984591;25;32.9;Mon Jul 29 2019 13:25:54 GMT+0200 (CEST);Mon Jul 29 2019 11:25:54 GMT+0200 (CEST);1564399554000;0.47;99.64
1380556833984591;25;32.7;Mon Jul 29 2019 13:27:08 GMT+0200 (CEST);Mon Jul 29 2019 11:27:08 GMT+0200 (CEST);1564399628000;0.48;102.98
1380556833984591;25;32.8;Mon Jul 29 2019 13:28:29 GMT+0200 (CEST);Mon Jul 29 2019 11:28:29 GMT+0200 (CEST);1564399709000;0.48;102.89
1380556833984591;25;32.7;Mon Jul 29 2019 13:29:47 GMT+0200 (CEST);Mon Jul 29 2019 11:29:47 GMT+0200 (CEST);1564399787000;0.5;105.16
1380556833984591;25;32.7;Mon Jul 29 2019 13:30:56 GMT+0200 (CEST);Mon Jul 29 2019 11:30:56 GMT+0200 (CEST);1564399856000;0.5;106.72
1380556833984591;25;32.9;Mon Jul 29 2019 13:32:18 GMT+0200 (CEST);Mon Jul 29 2019 11:32:18 GMT+0200 (CEST);1564399938000;0.53;111.15
1380556833984591;25;33;Mon Jul 29 2019 13:33:40 GMT+0200 (CEST);Mon Jul 29 2019 11:33:40 GMT+0200 (CEST);1564400020000;0.53;112.1
1380556833984591;25;33.2;Mon Jul 29 2019 13:34:56 GMT+0200 (CEST);Mon Jul 29 2019 11:34:56 GMT+0200 (CEST);1564400096000;0.53;111.09
1380556833984591;25;33;Mon Jul 29 2019 13:36:09 GMT+0200 (CEST);Mon Jul 29 2019 11:36:09 GMT+0200 (CEST);1564400169000;0.54;111.95
1380556833984591;25;33.2;Mon Jul 29 2019 13:37:28 GMT+0200 (CEST);Mon Jul 29 2019 11:37:28 GMT+0200 (CEST);1564400248000;0.55;113.11
1380556833984591;25;33.2;Mon Jul 29 2019 13:38:43 GMT+0200 (CEST);Mon Jul 29 2019 11:38:43 GMT+0200 (CEST);1564400323000;0.56;116.94
1380556833984591;25;33.4;Mon Jul 29 2019 13:39:57 GMT+0200 (CEST);Mon Jul 29 2019 11:39:57 GMT+0200 (CEST);1564400397000;0.57;118.8
1380556833984591;25;33.4;Mon Jul 29 2019 13:41:13 GMT+0200 (CEST);Mon Jul 29 2019 11:41:13 GMT+0200 (CEST);1564400473000;0.58;119.93
1380556833984591;25;33.2;Mon Jul 29 2019 13:42:28 GMT+0200 (CEST);Mon Jul 29 2019 11:42:28 GMT+0200 (CEST);1564400548000;0.59;124.08
1380556833984591;25;33.4;Mon Jul 29 2019 13:43:42 GMT+0200 (CEST);Mon Jul 29 2019 11:43:42 GMT+0200 (CEST);1564400622000;0.6;125.6
1380556833984591;25;33.4;Mon Jul 29 2019 13:44:47 GMT+0200 (CEST);Mon Jul 29 2019 11:44:47 GMT+0200 (CEST);1564400687000;0.61;126.16
1380556833984591;25;33.6;Mon Jul 29 2019 13:46:06 GMT+0200 (CEST);Mon Jul 29 2019 11:46:06 GMT+0200 (CEST);1564400766000;0.65;132.46
1380556833984591;25;33.8;Mon Jul 29 2019 13:47:18 GMT+0200 (CEST);Mon Jul 29 2019 11:47:18 GMT+0200 (CEST);1564400838000;0.7;141.52
1380556833984591;25;33.9;Mon Jul 29 2019 13:48:32 GMT+0200 (CEST);Mon Jul 29 2019 11:48:32 GMT+0200 (CEST);1564400912000;0.73;146.93
1380556833984591;25;33.8;Mon Jul 29 2019 13:50:02 GMT+0200 (CEST);Mon Jul 29 2019 11:50:02 GMT+0200 (CEST);1564401002000;0.74;153.7
1380556833984591;25;34.1;Mon Jul 29 2019 13:51:24 GMT+0200 (CEST);Mon Jul 29 2019 11:51:24 GMT+0200 (CEST);1564401084000;0.83;168.02
1380556833984591;25;34.1;Mon Jul 29 2019 13:52:57 GMT+0200 (CEST);Mon Jul 29 2019 11:52:57 GMT+0200 (CEST);1564401177000;0.96;192.35
1380556833984591;25;34.5;Mon Jul 29 2019 13:54:21 GMT+0200 (CEST);Mon Jul 29 2019 11:54:21 GMT+0200 (CEST);1564401261000;1.03;207.27
1380556833984591;25;34.4;Mon Jul 29 2019 13:55:35 GMT+0200 (CEST);Mon Jul 29 2019 11:55:35 GMT+0200 (CEST);1564401335000;0.97;194.05
1380556833984591;25;34.3;Mon Jul 29 2019 13:56:54 GMT+0200 (CEST);Mon Jul 29 2019 11:56:54 GMT+0200 (CEST);1564401414000;0.94;193.71
1380556833984591;25;34.3;Mon Jul 29 2019 13:58:17 GMT+0200 (CEST);Mon Jul 29 2019 11:58:17 GMT+0200 (CEST);1564401497000;0.97;194.56
1380556833984591;25;34.4;Mon Jul 29 2019 13:59:41 GMT+0200 (CEST);Mon Jul 29 2019 11:59:41 GMT+0200 (CEST);1564401581000;0.9;181.76
1380556833984591;25;34.2;Mon Jul 29 2019 14:01:02 GMT+0200 (CEST);Mon Jul 29 2019 12:01:02 GMT+0200 (CEST);1564401662000;0.9;185.14
1380556833984591;26.5;34.3;Mon Jul 29 2019 14:02:15 GMT+0200 (CEST);Mon Jul 29 2019 12:02:15 GMT+0200 (CEST);1564401735000;0.97;198.97
1380556833984591;26.5;34.3;Mon Jul 29 2019 14:03:28 GMT+0200 (CEST);Mon Jul 29 2019 12:03:28 GMT+0200 (CEST);1564401808000;1.01;205.14
1380556833984591;26.5;34.5;Mon Jul 29 2019 14:04:42 GMT+0200 (CEST);Mon Jul 29 2019 12:04:42 GMT+0200 (CEST);1564401882000;1.07;219.73
1380556833984591;26.5;34.6;Mon Jul 29 2019 14:06:16 GMT+0200 (CEST);Mon Jul 29 2019 12:06:16 GMT+0200 (CEST);1564401976000;1.09;221.15
1380556833984591;26.5;34.5;Mon Jul 29 2019 14:07:37 GMT+0200 (CEST);Mon Jul 29 2019 12:07:37 GMT+0200 (CEST);1564402057000;1.13;226
1380556833984591;26.5;34.5;Mon Jul 29 2019 14:08:50 GMT+0200 (CEST);Mon Jul 29 2019 12:08:50 GMT+0200 (CEST);1564402130000;1.17;236.69
1380556833984591;26.5;34.7;Mon Jul 29 2019 14:10:03 GMT+0200 (CEST);Mon Jul 29 2019 12:10:03 GMT+0200 (CEST);1564402203000;1.26;256.83
1380556833984591;26.5;34.7;Mon Jul 29 2019 14:11:16 GMT+0200 (CEST);Mon Jul 29 2019 12:11:16 GMT+0200 (CEST);1564402276000;1.39;275.4
1380556833984591;26.5;34.8;Mon Jul 29 2019 14:12:29 GMT+0200 (CEST);Mon Jul 29 2019 12:12:29 GMT+0200 (CEST);1564402349000;1.41;282.13
1380556833984591;26.5;34.8;Mon Jul 29 2019 14:13:43 GMT+0200 (CEST);Mon Jul 29 2019 12:13:43 GMT+0200 (CEST);1564402423000;1.42;288.01
1380556833984591;26.5;34.8;Mon Jul 29 2019 14:14:56 GMT+0200 (CEST);Mon Jul 29 2019 12:14:56 GMT+0200 (CEST);1564402496000;1.44;290.64
1380556833984591;26.5;34.7;Mon Jul 29 2019 14:16:13 GMT+0200 (CEST);Mon Jul 29 2019 12:16:13 GMT+0200 (CEST);1564402573000;1.39;278.59
1380556833984591;26.5;34.5;Mon Jul 29 2019 14:17:25 GMT+0200 (CEST);Mon Jul 29 2019 12:17:25 GMT+0200 (CEST);1564402645000;1.29;264.5
1380556833984591;26.5;34.5;Mon Jul 29 2019 14:18:43 GMT+0200 (CEST);Mon Jul 29 2019 12:18:43 GMT+0200 (CEST);1564402723000;1.39;287.15
1380556833984591;26.5;34.7;Mon Jul 29 2019 14:20:03 GMT+0200 (CEST);Mon Jul 29 2019 12:20:03 GMT+0200 (CEST);1564402803000;1.43;294.83
1380556833984591;27;34.6;Mon Jul 29 2019 14:21:27 GMT+0200 (CEST);Mon Jul 29 2019 12:21:27 GMT+0200 (CEST);1564402887000;1.72;358.39
1380556833984591;27;34.7;Mon Jul 29 2019 14:22:40 GMT+0200 (CEST);Mon Jul 29 2019 12:22:40 GMT+0200 (CEST);1564402960000;1.7;350.71
1380556833984591;27;34.5;Mon Jul 29 2019 14:23:53 GMT+0200 (CEST);Mon Jul 29 2019 12:23:53 GMT+0200 (CEST);1564403033000;1.6;332.79
1380556833984591;27;34;Mon Jul 29 2019 14:25:06 GMT+0200 (CEST);Mon Jul 29 2019 12:25:06 GMT+0200 (CEST);1564403106000;1.58;326.48
1380556833984591;28.5;34;Mon Jul 29 2019 14:26:20 GMT+0200 (CEST);Mon Jul 29 2019 12:26:20 GMT+0200 (CEST);1564403180000;1.75;363.51
1380556833984591;28.5;34.2;Mon Jul 29 2019 14:27:34 GMT+0200 (CEST);Mon Jul 29 2019 12:27:34 GMT+0200 (CEST);1564403254000;1.78;360.95
1380556833984591;28.5;34;Mon Jul 29 2019 14:28:47 GMT+0200 (CEST);Mon Jul 29 2019 12:28:47 GMT+0200 (CEST);1564403327000;1.74;353.27
1380556833984591;28.5;33.8;Mon Jul 29 2019 14:30:02 GMT+0200 (CEST);Mon Jul 29 2019 12:30:02 GMT+0200 (CEST);1564403402000;1.98;404.47
1380556833984591;29;34.1;Mon Jul 29 2019 14:31:16 GMT+0200 (CEST);Mon Jul 29 2019 12:31:16 GMT+0200 (CEST);1564403476000;2.02;409.59
1380556833984591;29;33.9;Mon Jul 29 2019 14:32:29 GMT+0200 (CEST);Mon Jul 29 2019 12:32:29 GMT+0200 (CEST);1564403549000;2.35;486.39
1380556833984591;29;33.8;Mon Jul 29 2019 14:33:42 GMT+0200 (CEST);Mon Jul 29 2019 12:33:42 GMT+0200 (CEST);1564403622000;2.59;542.71
1380556833984591;29;33.6;Mon Jul 29 2019 14:35:10 GMT+0200 (CEST);Mon Jul 29 2019 12:35:10 GMT+0200 (CEST);1564403710000;2.3;481.27
1380556833984591;30.5;33.5;Mon Jul 29 2019 14:36:36 GMT+0200 (CEST);Mon Jul 29 2019 12:36:36 GMT+0200 (CEST);1564403796000;2.59;529.91
1380556833984591;30.5;33.5;Mon Jul 29 2019 14:37:50 GMT+0200 (CEST);Mon Jul 29 2019 12:37:50 GMT+0200 (CEST);1564403870000;2.75;568.31
1380556833984591;30.5;33.5;Mon Jul 29 2019 14:39:16 GMT+0200 (CEST);Mon Jul 29 2019 12:39:16 GMT+0200 (CEST);1564403956000;2.96;606.71
1380556833984591;31.1;33.4;Mon Jul 29 2019 14:40:30 GMT+0200 (CEST);Mon Jul 29 2019 12:40:30 GMT+0200 (CEST);1564404030000;2.75;596.47
1380556833984591;31.1;33.3;Mon Jul 29 2019 14:41:50 GMT+0200 (CEST);Mon Jul 29 2019 12:41:50 GMT+0200 (CEST);1564404110000;2.64;542.71
1380556833984591;31.1;33.3;Mon Jul 29 2019 14:43:03 GMT+0200 (CEST);Mon Jul 29 2019 12:43:03 GMT+0200 (CEST);1564404183000;2.48;496.63
1380556833984591;31.1;33.1;Mon Jul 29 2019 14:44:19 GMT+0200 (CEST);Mon Jul 29 2019 12:44:19 GMT+0200 (CEST);1564404259000;2.33;483.83
1380556833984591;32.1;33.1;Mon Jul 29 2019 14:45:32 GMT+0200 (CEST);Mon Jul 29 2019 12:45:32 GMT+0200 (CEST);1564404332000;2.33;471.03
1380556833984591;32.1;33;Mon Jul 29 2019 14:46:50 GMT+0200 (CEST);Mon Jul 29 2019 12:46:50 GMT+0200 (CEST);1564404410000;2.1;427.51
1380556833984591;32.1;33;Mon Jul 29 2019 14:48:01 GMT+0200 (CEST);Mon Jul 29 2019 12:48:01 GMT+0200 (CEST);1564404481000;1.99;417.27
1380556833984591;32.1;32.8;Mon Jul 29 2019 14:49:30 GMT+0200 (CEST);Mon Jul 29 2019 12:49:30 GMT+0200 (CEST);1564404570000;1.89;386.55
1380556833984591;34.6;32.7;Mon Jul 29 2019 14:50:49 GMT+0200 (CEST);Mon Jul 29 2019 12:50:49 GMT+0200 (CEST);1564404649000;1.68;345.59
1380556833984591;34.6;32.5;Mon Jul 29 2019 14:52:21 GMT+0200 (CEST);Mon Jul 29 2019 12:52:21 GMT+0200 (CEST);1564404741000;1.56;320.68
1380556833984591;34.6;32.6;Mon Jul 29 2019 14:53:34 GMT+0200 (CEST);Mon Jul 29 2019 12:53:34 GMT+0200 (CEST);1564404814000;1.47;306.4
1380556833984591;34.6;32.6;Mon Jul 29 2019 14:54:48 GMT+0200 (CEST);Mon Jul 29 2019 12:54:48 GMT+0200 (CEST);1564404888000;1.44;299.81
1380556833984591;35.1;32.6;Mon Jul 29 2019 14:55:59 GMT+0200 (CEST);Mon Jul 29 2019 12:55:59 GMT+0200 (CEST);1564404959000;1.54;330.23
1380556833984591;35.1;32.8;Mon Jul 29 2019 14:57:17 GMT+0200 (CEST);Mon Jul 29 2019 12:57:17 GMT+0200 (CEST);1564405037000;1.73;360.95
1380556833984591;35.1;33.1;Mon Jul 29 2019 14:58:28 GMT+0200 (CEST);Mon Jul 29 2019 12:58:28 GMT+0200 (CEST);1564405108000;1.85;381.43
1380556833984591;35.1;33.1;Mon Jul 29 2019 14:59:52 GMT+0200 (CEST);Mon Jul 29 2019 12:59:52 GMT+0200 (CEST);1564405192000;1.85;378.87
1380556833984591;35.1;33.2;Mon Jul 29 2019 15:01:06 GMT+0200 (CEST);Mon Jul 29 2019 13:01:06 GMT+0200 (CEST);1564405266000;1.85;381.43
1380556833984591;35.1;33;Mon Jul 29 2019 15:02:13 GMT+0200 (CEST);Mon Jul 29 2019 13:02:13 GMT+0200 (CEST);1564405333000;1.88;391.67
1380556833984591;35.1;33;Mon Jul 29 2019 15:03:36 GMT+0200 (CEST);Mon Jul 29 2019 13:03:36 GMT+0200 (CEST);1564405416000;1.99;419.83
1380556833984591;35.1;33;Mon Jul 29 2019 15:04:49 GMT+0200 (CEST);Mon Jul 29 2019 13:04:49 GMT+0200 (CEST);1564405489000;2.35;468.47
1380556833984591;35.1;33.2;Mon Jul 29 2019 15:06:08 GMT+0200 (CEST);Mon Jul 29 2019 13:06:08 GMT+0200 (CEST);1564405568000;2.12;435.19
1380556833984591;35.1;33.1;Mon Jul 29 2019 15:07:23 GMT+0200 (CEST);Mon Jul 29 2019 13:07:23 GMT+0200 (CEST);1564405643000;2.05;427.51
1380556833984591;35.1;33.1;Mon Jul 29 2019 15:08:41 GMT+0200 (CEST);Mon Jul 29 2019 13:08:41 GMT+0200 (CEST);1564405721000;2.03;424.95
1380556833984591;36.6;33.1;Mon Jul 29 2019 15:10:00 GMT+0200 (CEST);Mon Jul 29 2019 13:10:00 GMT+0200 (CEST);1564405800000;2.04;422.39
1380556833984591;36.6;33;Mon Jul 29 2019 15:11:17 GMT+0200 (CEST);Mon Jul 29 2019 13:11:17 GMT+0200 (CEST);1564405877000;2.03;422.39
1380556833984591;36.6;33;Mon Jul 29 2019 15:12:30 GMT+0200 (CEST);Mon Jul 29 2019 13:12:30 GMT+0200 (CEST);1564405950000;2.04;427.51
1380556833984591;36.6;33;Mon Jul 29 2019 15:13:45 GMT+0200 (CEST);Mon Jul 29 2019 13:13:45 GMT+0200 (CEST);1564406025000;2.02;419.83
1380556833984591;36.6;33;Mon Jul 29 2019 15:14:29 GMT+0200 (CEST);Mon Jul 29 2019 13:14:29 GMT+0200 (CEST);1564406069000;2.08;430.07
1380556833984591;36.6;33.1;Mon Jul 29 2019 15:15:42 GMT+0200 (CEST);Mon Jul 29 2019 13:15:42 GMT+0200 (CEST);1564406142000;2.08;432.63
1380556833984591;36.6;33;Mon Jul 29 2019 15:17:06 GMT+0200 (CEST);Mon Jul 29 2019 13:17:06 GMT+0200 (CEST);1564406226000;2.13;471.03
1380556833984591;36.6;33.2;Mon Jul 29 2019 15:18:21 GMT+0200 (CEST);Mon Jul 29 2019 13:18:21 GMT+0200 (CEST);1564406301000;2.38;481.27
1380556833984591;36.6;33.1;Mon Jul 29 2019 15:19:35 GMT+0200 (CEST);Mon Jul 29 2019 13:19:35 GMT+0200 (CEST);1564406375000;2.31;476.15
1380556833984591;36.6;33.1;Mon Jul 29 2019 15:21:06 GMT+0200 (CEST);Mon Jul 29 2019 13:21:06 GMT+0200 (CEST);1564406466000;2.24;471.03
1380556833984591;36.6;33.1;Mon Jul 29 2019 15:22:21 GMT+0200 (CEST);Mon Jul 29 2019 13:22:21 GMT+0200 (CEST);1564406541000;2.08;414.71
1380556833984591;36.6;32.9;Mon Jul 29 2019 15:23:27 GMT+0200 (CEST);Mon Jul 29 2019 13:23:27 GMT+0200 (CEST);1564406607000;1.82;381.43
1380556833984591;36.6;32.7;Mon Jul 29 2019 15:24:56 GMT+0200 (CEST);Mon Jul 29 2019 13:24:56 GMT+0200 (CEST);1564406696000;1.81;378.87
1380556833984591;36.6;32.7;Mon Jul 29 2019 15:26:10 GMT+0200 (CEST);Mon Jul 29 2019 13:26:10 GMT+0200 (CEST);1564406770000;1.98;409.59
1380556833984591;36.6;32.8;Mon Jul 29 2019 15:27:25 GMT+0200 (CEST);Mon Jul 29 2019 13:27:25 GMT+0200 (CEST);1564406845000;2.25;471.03
1380556833984591;37.1;33;Mon Jul 29 2019 15:28:39 GMT+0200 (CEST);Mon Jul 29 2019 13:28:39 GMT+0200 (CEST);1564406919000;2.25;455.67
1380556833984591;37.1;32.8;Mon Jul 29 2019 15:29:53 GMT+0200 (CEST);Mon Jul 29 2019 13:29:53 GMT+0200 (CEST);1564406993000;2.14;445.43
1380556833984591;37.1;33.1;Mon Jul 29 2019 15:31:09 GMT+0200 (CEST);Mon Jul 29 2019 13:31:09 GMT+0200 (CEST);1564407069000;2.11;458.23
1380556833984591;37.1;33.1;Mon Jul 29 2019 15:32:24 GMT+0200 (CEST);Mon Jul 29 2019 13:32:24 GMT+0200 (CEST);1564407144000;2.2;473.59
1380556833984591;37.1;33;Mon Jul 29 2019 15:33:39 GMT+0200 (CEST);Mon Jul 29 2019 13:33:39 GMT+0200 (CEST);1564407219000;2.16;450.55
1380556833984591;37.1;32.9;Mon Jul 29 2019 15:34:43 GMT+0200 (CEST);Mon Jul 29 2019 13:34:43 GMT+0200 (CEST);1564407283000;2.1;427.51
1380556833984591;37.1;32.8;Mon Jul 29 2019 15:36:08 GMT+0200 (CEST);Mon Jul 29 2019 13:36:08 GMT+0200 (CEST);1564407368000;2.16;445.43
1380556833984591;37.1;32.8;Mon Jul 29 2019 15:37:26 GMT+0200 (CEST);Mon Jul 29 2019 13:37:26 GMT+0200 (CEST);1564407446000;2.3;473.59
1380556833984591;38.6;32.7;Mon Jul 29 2019 15:38:43 GMT+0200 (CEST);Mon Jul 29 2019 13:38:43 GMT+0200 (CEST);1564407523000;2.46;501.75
1380556833984591;38.6;32.7;Mon Jul 29 2019 15:39:47 GMT+0200 (CEST);Mon Jul 29 2019 13:39:47 GMT+0200 (CEST);1564407587000;2.45;496.63
1380556833984591;38.6;32.7;Mon Jul 29 2019 15:41:00 GMT+0200 (CEST);Mon Jul 29 2019 13:41:00 GMT+0200 (CEST);1564407660000;3.04;565.75
1380556833984591;38.6;32.9;Mon Jul 29 2019 15:42:22 GMT+0200 (CEST);Mon Jul 29 2019 13:42:22 GMT+0200 (CEST);1564407742000;2.38;491.51
1380556833984591;38.6;32.9;Mon Jul 29 2019 15:43:31 GMT+0200 (CEST);Mon Jul 29 2019 13:43:31 GMT+0200 (CEST);1564407811000;2.47;511.99
1380556833984591;38.6;32.9;Mon Jul 29 2019 15:44:45 GMT+0200 (CEST);Mon Jul 29 2019 13:44:45 GMT+0200 (CEST);1564407885000;1.93;396.79
1380556833984591;38.6;32.5;Mon Jul 29 2019 15:46:17 GMT+0200 (CEST);Mon Jul 29 2019 13:46:17 GMT+0200 (CEST);1564407977000;1.71;353.27
1380556833984591;38.6;32.5;Mon Jul 29 2019 15:47:30 GMT+0200 (CEST);Mon Jul 29 2019 13:47:30 GMT+0200 (CEST);1564408050000;1.58;327.02
1380556833984591;38.6;32.5;Mon Jul 29 2019 15:48:43 GMT+0200 (CEST);Mon Jul 29 2019 13:48:43 GMT+0200 (CEST);1564408123000;1.48;310.5
1380556833984591;38.6;32.3;Mon Jul 29 2019 15:49:58 GMT+0200 (CEST);Mon Jul 29 2019 13:49:58 GMT+0200 (CEST);1564408198000;1.45;309.19
1380556833984591;38.6;32.5;Mon Jul 29 2019 15:51:27 GMT+0200 (CEST);Mon Jul 29 2019 13:51:27 GMT+0200 (CEST);1564408287000;1.49;319
1380556833984591;38.6;32.7;Mon Jul 29 2019 15:52:42 GMT+0200 (CEST);Mon Jul 29 2019 13:52:42 GMT+0200 (CEST);1564408362000;1.54;330.23
1380556833984591;38.6;32.9;Mon Jul 29 2019 15:54:12 GMT+0200 (CEST);Mon Jul 29 2019 13:54:12 GMT+0200 (CEST);1564408452000;1.64;355.83
1380556833984591;38.6;33;Mon Jul 29 2019 15:55:30 GMT+0200 (CEST);Mon Jul 29 2019 13:55:30 GMT+0200 (CEST);1564408530000;1.71;360.95
1380556833984591;38.6;33;Mon Jul 29 2019 15:56:50 GMT+0200 (CEST);Mon Jul 29 2019 13:56:50 GMT+0200 (CEST);1564408610000;1.83;376.31
1380556833984591;37.1;33;Mon Jul 29 2019 15:58:04 GMT+0200 (CEST);Mon Jul 29 2019 13:58:04 GMT+0200 (CEST);1564408684000;1.79;373.75
1380556833984591;37.1;32.9;Mon Jul 29 2019 15:59:21 GMT+0200 (CEST);Mon Jul 29 2019 13:59:21 GMT+0200 (CEST);1564408761000;1.77;368.63
1380556833984591;37.1;32.9;Mon Jul 29 2019 16:00:33 GMT+0200 (CEST);Mon Jul 29 2019 14:00:33 GMT+0200 (CEST);1564408833000;1.91;391.67
1380556833984591;37.1;33;Mon Jul 29 2019 16:01:47 GMT+0200 (CEST);Mon Jul 29 2019 14:01:47 GMT+0200 (CEST);1564408907000;2.08;447.99
1380556833984591;37.1;33.2;Mon Jul 29 2019 16:03:01 GMT+0200 (CEST);Mon Jul 29 2019 14:03:01 GMT+0200 (CEST);1564408981000;2.41;486.39
1380556833984591;37.1;33.1;Mon Jul 29 2019 16:04:26 GMT+0200 (CEST);Mon Jul 29 2019 14:04:26 GMT+0200 (CEST);1564409066000;2.32;483.83
1380556833984591;37.1;33.2;Mon Jul 29 2019 16:05:39 GMT+0200 (CEST);Mon Jul 29 2019 14:05:39 GMT+0200 (CEST);1564409139000;2.07;422.39
1380556833984591;37.1;32.9;Mon Jul 29 2019 16:06:52 GMT+0200 (CEST);Mon Jul 29 2019 14:06:52 GMT+0200 (CEST);1564409212000;1.88;386.55
1380556833984591;37.1;32.8;Mon Jul 29 2019 16:08:08 GMT+0200 (CEST);Mon Jul 29 2019 14:08:08 GMT+0200 (CEST);1564409288000;1.69;350.71
1380556833984591;37.1;32.5;Mon Jul 29 2019 16:09:59 GMT+0200 (CEST);Mon Jul 29 2019 14:09:59 GMT+0200 (CEST);1564409399000;1.51;314.18
1380556833984591;37.1;32.5;Mon Jul 29 2019 16:11:12 GMT+0200 (CEST);Mon Jul 29 2019 14:11:12 GMT+0200 (CEST);1564409472000;1.42;295.17
1380556833984591;37.1;32.6;Mon Jul 29 2019 16:12:27 GMT+0200 (CEST);Mon Jul 29 2019 14:12:27 GMT+0200 (CEST);1564409547000;1.37;285.45
1380556833984591;37.1;32.5;Mon Jul 29 2019 16:13:44 GMT+0200 (CEST);Mon Jul 29 2019 14:13:44 GMT+0200 (CEST);1564409624000;1.29;271.35
1380556833984591;37.1;32.6;Mon Jul 29 2019 16:14:57 GMT+0200 (CEST);Mon Jul 29 2019 14:14:57 GMT+0200 (CEST);1564409697000;1.22;255.18
1380556833984591;37.1;32.6;Mon Jul 29 2019 16:16:10 GMT+0200 (CEST);Mon Jul 29 2019 14:16:10 GMT+0200 (CEST);1564409770000;1.17;240.06
1380556833984591;37.1;32.5;Mon Jul 29 2019 16:17:21 GMT+0200 (CEST);Mon Jul 29 2019 14:17:21 GMT+0200 (CEST);1564409841000;1.12;232.14
1380556833984591;36.6;32.5;Mon Jul 29 2019 16:18:34 GMT+0200 (CEST);Mon Jul 29 2019 14:18:34 GMT+0200 (CEST);1564409914000;1.11;227.4
1380556833984591;36.6;32.5;Mon Jul 29 2019 16:19:48 GMT+0200 (CEST);Mon Jul 29 2019 14:19:48 GMT+0200 (CEST);1564409988000;1.05;220.05
1380556833984591;36.6;32.8;Mon Jul 29 2019 16:21:01 GMT+0200 (CEST);Mon Jul 29 2019 14:21:01 GMT+0200 (CEST);1564410061000;1.02;213.43
1380556833984591;36.6;32.6;Mon Jul 29 2019 16:22:39 GMT+0200 (CEST);Mon Jul 29 2019 14:22:39 GMT+0200 (CEST);1564410159000;0.99;205.24
1380556833984591;36.6;32.6;Mon Jul 29 2019 16:23:53 GMT+0200 (CEST);Mon Jul 29 2019 14:23:53 GMT+0200 (CEST);1564410233000;0.95;198.57
1380556833984591;36.6;32.6;Mon Jul 29 2019 16:25:06 GMT+0200 (CEST);Mon Jul 29 2019 14:25:06 GMT+0200 (CEST);1564410306000;0.91;190.67
1380556833984591;36.6;32.5;Mon Jul 29 2019 16:26:18 GMT+0200 (CEST);Mon Jul 29 2019 14:26:18 GMT+0200 (CEST);1564410378000;0.88;186.61
1380556833984591;35.1;32.4;Mon Jul 29 2019 16:27:31 GMT+0200 (CEST);Mon Jul 29 2019 14:27:31 GMT+0200 (CEST);1564410451000;0.88;184.14
1380556833984591;35.1;32.7;Mon Jul 29 2019 16:28:44 GMT+0200 (CEST);Mon Jul 29 2019 14:28:44 GMT+0200 (CEST);1564410524000;0.86;180.26
1380556833984591;35.1;32.7;Mon Jul 29 2019 16:29:57 GMT+0200 (CEST);Mon Jul 29 2019 14:29:57 GMT+0200 (CEST);1564410597000;0.85;177.12
1380556833984591;35.1;32.4;Mon Jul 29 2019 16:31:16 GMT+0200 (CEST);Mon Jul 29 2019 14:31:16 GMT+0200 (CEST);1564410676000;0.84;174.96
1380556833984591;34.6;32.5;Mon Jul 29 2019 16:32:32 GMT+0200 (CEST);Mon Jul 29 2019 14:32:32 GMT+0200 (CEST);1564410752000;0.84;176.42
1380556833984591;34.6;32.6;Mon Jul 29 2019 16:33:38 GMT+0200 (CEST);Mon Jul 29 2019 14:33:38 GMT+0200 (CEST);1564410818000;0.83;177.04
1380556833984591;34.6;32.7;Mon Jul 29 2019 16:34:45 GMT+0200 (CEST);Mon Jul 29 2019 14:34:45 GMT+0200 (CEST);1564410885000;0.84;180.16
1380556833984591;34.6;32.6;Mon Jul 29 2019 16:35:49 GMT+0200 (CEST);Mon Jul 29 2019 14:35:49 GMT+0200 (CEST);1564410949000;0.87;183.95
1380556833984591;32.1;32.9;Mon Jul 29 2019 16:37:19 GMT+0200 (CEST);Mon Jul 29 2019 14:37:19 GMT+0200 (CEST);1564411039000;0.92;194.04
1380556833984591;32.1;32.8;Mon Jul 29 2019 16:38:22 GMT+0200 (CEST);Mon Jul 29 2019 14:38:22 GMT+0200 (CEST);1564411102000;0.96;200.76
1380556833984591;32.1;32.8;Mon Jul 29 2019 16:39:35 GMT+0200 (CEST);Mon Jul 29 2019 14:39:35 GMT+0200 (CEST);1564411175000;1.02;215.18
1380556833984591;32.1;33.1;Mon Jul 29 2019 16:40:47 GMT+0200 (CEST);Mon Jul 29 2019 14:40:47 GMT+0200 (CEST);1564411247000;1.09;228
1380556833984591;32.1;33.2;Mon Jul 29 2019 16:42:03 GMT+0200 (CEST);Mon Jul 29 2019 14:42:03 GMT+0200 (CEST);1564411323000;1.12;233.12
1380556833984591;32.1;33.1;Mon Jul 29 2019 16:43:16 GMT+0200 (CEST);Mon Jul 29 2019 14:43:16 GMT+0200 (CEST);1564411396000;1.07;223.27
1380556833984591;32.1;33;Mon Jul 29 2019 16:44:38 GMT+0200 (CEST);Mon Jul 29 2019 14:44:38 GMT+0200 (CEST);1564411478000;1;207.36
1380556833984591;32.1;32.9;Mon Jul 29 2019 16:45:46 GMT+0200 (CEST);Mon Jul 29 2019 14:45:46 GMT+0200 (CEST);1564411546000;0.95;200.94
1380556833984591;32.1;33;Mon Jul 29 2019 16:46:59 GMT+0200 (CEST);Mon Jul 29 2019 14:46:59 GMT+0200 (CEST);1564411619000;0.95;199.66
1380556833984591;32.1;32.9;Mon Jul 29 2019 16:48:16 GMT+0200 (CEST);Mon Jul 29 2019 14:48:16 GMT+0200 (CEST);1564411696000;0.97;206.16
1380556833984591;32.1;33;Mon Jul 29 2019 16:50:00 GMT+0200 (CEST);Mon Jul 29 2019 14:50:00 GMT+0200 (CEST);1564411800000;1.02;214.03
1380556833984591;32.1;33.1;Mon Jul 29 2019 16:51:03 GMT+0200 (CEST);Mon Jul 29 2019 14:51:03 GMT+0200 (CEST);1564411863000;1;208.73
1380556833984591;32.1;32.9;Mon Jul 29 2019 16:52:36 GMT+0200 (CEST);Mon Jul 29 2019 14:52:36 GMT+0200 (CEST);1564411956000;0.94;197.94
1380556833984591;32.1;32.9;Mon Jul 29 2019 16:53:49 GMT+0200 (CEST);Mon Jul 29 2019 14:53:49 GMT+0200 (CEST);1564412029000;0.9;191.17
1380556833984591;32.1;32.6;Mon Jul 29 2019 16:55:02 GMT+0200 (CEST);Mon Jul 29 2019 14:55:02 GMT+0200 (CEST);1564412102000;0.9;191.97
1380556833984591;32.1;33;Mon Jul 29 2019 16:56:18 GMT+0200 (CEST);Mon Jul 29 2019 14:56:18 GMT+0200 (CEST);1564412178000;0.94;202.67
1380556833984591;32.1;32.9;Mon Jul 29 2019 16:57:31 GMT+0200 (CEST);Mon Jul 29 2019 14:57:31 GMT+0200 (CEST);1564412251000;1.04;222.44
1380556833984591;32.1;33.4;Mon Jul 29 2019 16:58:45 GMT+0200 (CEST);Mon Jul 29 2019 14:58:45 GMT+0200 (CEST);1564412325000;1.11;233.22
1380556833984591;32.1;33.3;Mon Jul 29 2019 16:59:59 GMT+0200 (CEST);Mon Jul 29 2019 14:59:59 GMT+0200 (CEST);1564412399000;1.11;235.52
1380556833984591;32.1;33.2;Mon Jul 29 2019 17:01:12 GMT+0200 (CEST);Mon Jul 29 2019 15:01:12 GMT+0200 (CEST);1564412472000;1.09;231.25
1380556833984591;32.1;33.2;Mon Jul 29 2019 17:02:25 GMT+0200 (CEST);Mon Jul 29 2019 15:02:25 GMT+0200 (CEST);1564412545000;1.04;218.05
1380556833984591;32.1;33;Mon Jul 29 2019 17:03:48 GMT+0200 (CEST);Mon Jul 29 2019 15:03:48 GMT+0200 (CEST);1564412628000;0.99;209.88
1380556833984591;32.1;33.1;Mon Jul 29 2019 17:05:01 GMT+0200 (CEST);Mon Jul 29 2019 15:05:01 GMT+0200 (CEST);1564412701000;0.99;209.07
1380556833984591;32.1;33;Mon Jul 29 2019 17:06:18 GMT+0200 (CEST);Mon Jul 29 2019 15:06:18 GMT+0200 (CEST);1564412778000;1.01;213.62
1380556833984591;32.1;33;Mon Jul 29 2019 17:07:30 GMT+0200 (CEST);Mon Jul 29 2019 15:07:30 GMT+0200 (CEST);1564412850000;1.03;219.46
1380556833984591;32.1;33.1;Mon Jul 29 2019 17:08:42 GMT+0200 (CEST);Mon Jul 29 2019 15:08:42 GMT+0200 (CEST);1564412922000;1.1;231.55
1380556833984591;32.1;33.2;Mon Jul 29 2019 17:09:55 GMT+0200 (CEST);Mon Jul 29 2019 15:09:55 GMT+0200 (CEST);1564412995000;1.15;243.6
1380556833984591;32.1;33.2;Mon Jul 29 2019 17:11:15 GMT+0200 (CEST);Mon Jul 29 2019 15:11:15 GMT+0200 (CEST);1564413075000;1.18;246.52
1380556833984591;32.1;33.2;Mon Jul 29 2019 17:12:27 GMT+0200 (CEST);Mon Jul 29 2019 15:12:27 GMT+0200 (CEST);1564413147000;1.17;247.73
1380556833984591;32.1;33.2;Mon Jul 29 2019 17:13:45 GMT+0200 (CEST);Mon Jul 29 2019 15:13:45 GMT+0200 (CEST);1564413225000;1.16;246.24
1380556833984591;32.1;33.2;Mon Jul 29 2019 17:15:01 GMT+0200 (CEST);Mon Jul 29 2019 15:15:01 GMT+0200 (CEST);1564413301000;1.19;251.05
1380556833984591;32.1;33.2;Mon Jul 29 2019 17:16:18 GMT+0200 (CEST);Mon Jul 29 2019 15:16:18 GMT+0200 (CEST);1564413378000;1.22;258.88
1380556833984591;32.1;33.1;Mon Jul 29 2019 17:17:26 GMT+0200 (CEST);Mon Jul 29 2019 15:17:26 GMT+0200 (CEST);1564413446000;1.27;268.78
1380556833984591;32.1;33.2;Mon Jul 29 2019 17:18:40 GMT+0200 (CEST);Mon Jul 29 2019 15:18:40 GMT+0200 (CEST);1564413520000;1.29;273.05
1380556833984591;32.1;33.1;Mon Jul 29 2019 17:19:59 GMT+0200 (CEST);Mon Jul 29 2019 15:19:59 GMT+0200 (CEST);1564413599000;1.26;267.2
1380556833984591;32.1;33.2;Mon Jul 29 2019 17:21:03 GMT+0200 (CEST);Mon Jul 29 2019 15:21:03 GMT+0200 (CEST);1564413663000;1.22;258.99
1380556833984591;32.1;33.2;Mon Jul 29 2019 17:22:19 GMT+0200 (CEST);Mon Jul 29 2019 15:22:19 GMT+0200 (CEST);1564413739000;1.2;253.88
1380556833984591;32.1;33;Mon Jul 29 2019 17:23:47 GMT+0200 (CEST);Mon Jul 29 2019 15:23:47 GMT+0200 (CEST);1564413827000;1.19;251.8
1380556833984591;32.1;33;Mon Jul 29 2019 17:25:19 GMT+0200 (CEST);Mon Jul 29 2019 15:25:19 GMT+0200 (CEST);1564413919000;1.2;253.64
1380556833984591;32.1;33.2;Mon Jul 29 2019 17:26:32 GMT+0200 (CEST);Mon Jul 29 2019 15:26:32 GMT+0200 (CEST);1564413992000;1.21;253.38
1380556833984591;32.1;33.2;Mon Jul 29 2019 17:27:44 GMT+0200 (CEST);Mon Jul 29 2019 15:27:44 GMT+0200 (CEST);1564414064000;1.19;249.57
1380556833984591;32.1;33.2;Mon Jul 29 2019 17:28:58 GMT+0200 (CEST);Mon Jul 29 2019 15:28:58 GMT+0200 (CEST);1564414138000;1.16;244.18
1380556833984591;32.1;33.2;Mon Jul 29 2019 17:30:11 GMT+0200 (CEST);Mon Jul 29 2019 15:30:11 GMT+0200 (CEST);1564414211000;1.15;239.21
1380556833984591;32.1;33.2;Mon Jul 29 2019 17:31:27 GMT+0200 (CEST);Mon Jul 29 2019 15:31:27 GMT+0200 (CEST);1564414287000;1.14;237.96
1380556833984591;32.1;33;Mon Jul 29 2019 17:32:40 GMT+0200 (CEST);Mon Jul 29 2019 15:32:40 GMT+0200 (CEST);1564414360000;1.16;246.99
1380556833984591;32.1;33.3;Mon Jul 29 2019 17:33:52 GMT+0200 (CEST);Mon Jul 29 2019 15:33:52 GMT+0200 (CEST);1564414432000;1.22;259.85
1380556833984591;32.1;33.1;Mon Jul 29 2019 17:35:17 GMT+0200 (CEST);Mon Jul 29 2019 15:35:17 GMT+0200 (CEST);1564414517000;1.37;279.58
1380556833984591;32.1;33.5;Mon Jul 29 2019 17:36:30 GMT+0200 (CEST);Mon Jul 29 2019 15:36:30 GMT+0200 (CEST);1564414590000;1.42;307.28
1380556833984591;32.1;33.5;Mon Jul 29 2019 17:37:43 GMT+0200 (CEST);Mon Jul 29 2019 15:37:43 GMT+0200 (CEST);1564414663000;1.4;288.93
1380556833984591;34.6;33.2;Mon Jul 29 2019 17:39:17 GMT+0200 (CEST);Mon Jul 29 2019 15:39:17 GMT+0200 (CEST);1564414757000;1.4;290.77
1380556833984591;34.6;33.2;Mon Jul 29 2019 17:40:31 GMT+0200 (CEST);Mon Jul 29 2019 15:40:31 GMT+0200 (CEST);1564414831000;1.33;280.6
1380556833984591;34.6;33.2;Mon Jul 29 2019 17:41:39 GMT+0200 (CEST);Mon Jul 29 2019 15:41:39 GMT+0200 (CEST);1564414899000;1.28;267.11
1380556833984591;34.6;33.1;Mon Jul 29 2019 17:42:55 GMT+0200 (CEST);Mon Jul 29 2019 15:42:55 GMT+0200 (CEST);1564414975000;1.23;256.92
1380556833984591;34.6;33;Mon Jul 29 2019 17:44:08 GMT+0200 (CEST);Mon Jul 29 2019 15:44:08 GMT+0200 (CEST);1564415048000;1.21;255.98
1380556833984591;34.6;33.1;Mon Jul 29 2019 17:45:11 GMT+0200 (CEST);Mon Jul 29 2019 15:45:11 GMT+0200 (CEST);1564415111000;1.18;248.89
1380556833984591;34.6;33;Mon Jul 29 2019 17:46:31 GMT+0200 (CEST);Mon Jul 29 2019 15:46:31 GMT+0200 (CEST);1564415191000;1.11;235.54
1380556833984591;34.6;32.9;Mon Jul 29 2019 17:47:48 GMT+0200 (CEST);Mon Jul 29 2019 15:47:48 GMT+0200 (CEST);1564415268000;1.09;230.39
1380556833984591;34.6;33;Mon Jul 29 2019 17:49:07 GMT+0200 (CEST);Mon Jul 29 2019 15:49:07 GMT+0200 (CEST);1564415347000;1.05;226.45
1380556833984591;34.6;32.9;Mon Jul 29 2019 17:50:38 GMT+0200 (CEST);Mon Jul 29 2019 15:50:38 GMT+0200 (CEST);1564415438000;1.07;225.68
1380556833984591;34.6;33;Mon Jul 29 2019 17:51:52 GMT+0200 (CEST);Mon Jul 29 2019 15:51:52 GMT+0200 (CEST);1564415512000;1.07;228.93
1380556833984591;34.6;33;Mon Jul 29 2019 17:53:07 GMT+0200 (CEST);Mon Jul 29 2019 15:53:07 GMT+0200 (CEST);1564415587000;1.07;226.85
1380556833984591;32.1;33.2;Mon Jul 29 2019 17:54:20 GMT+0200 (CEST);Mon Jul 29 2019 15:54:20 GMT+0200 (CEST);1564415660000;1.01;215.13
1380556833984591;32.1;32.9;Mon Jul 29 2019 17:55:33 GMT+0200 (CEST);Mon Jul 29 2019 15:55:33 GMT+0200 (CEST);1564415733000;0.98;202.15
1380556833984591;32.1;32.9;Mon Jul 29 2019 17:56:48 GMT+0200 (CEST);Mon Jul 29 2019 15:56:48 GMT+0200 (CEST);1564415808000;0.91;191.42
1380556833984591;32.1;32.6;Mon Jul 29 2019 17:58:08 GMT+0200 (CEST);Mon Jul 29 2019 15:58:08 GMT+0200 (CEST);1564415888000;0.83;178.02
1380556833984591;32.1;32.6;Mon Jul 29 2019 17:59:30 GMT+0200 (CEST);Mon Jul 29 2019 15:59:30 GMT+0200 (CEST);1564415970000;0.78;166.19
1380556833984591;32.1;32.5;Mon Jul 29 2019 18:00:52 GMT+0200 (CEST);Mon Jul 29 2019 16:00:52 GMT+0200 (CEST);1564416052000;0.7;147.83
1380556833984591;32.1;32.5;Mon Jul 29 2019 18:02:05 GMT+0200 (CEST);Mon Jul 29 2019 16:02:05 GMT+0200 (CEST);1564416125000;0.62;136.34
1380556833984591;32.1;32.3;Mon Jul 29 2019 18:03:21 GMT+0200 (CEST);Mon Jul 29 2019 16:03:21 GMT+0200 (CEST);1564416201000;0.56;124.41
1380556833984591;32.1;31.8;Mon Jul 29 2019 18:04:34 GMT+0200 (CEST);Mon Jul 29 2019 16:04:34 GMT+0200 (CEST);1564416274000;0.51;112.66
1380556833984591;32.1;31.6;Mon Jul 29 2019 18:06:09 GMT+0200 (CEST);Mon Jul 29 2019 16:06:09 GMT+0200 (CEST);1564416369000;0.45;102.37
1380556833984591;32.1;31.6;Mon Jul 29 2019 18:07:21 GMT+0200 (CEST);Mon Jul 29 2019 16:07:21 GMT+0200 (CEST);1564416441000;0.42;94.13
1380556833984591;31.1;31.5;Mon Jul 29 2019 18:08:29 GMT+0200 (CEST);Mon Jul 29 2019 16:08:29 GMT+0200 (CEST);1564416509000;0.38;88.47
1380556833984591;31.1;31.3;Mon Jul 29 2019 18:09:42 GMT+0200 (CEST);Mon Jul 29 2019 16:09:42 GMT+0200 (CEST);1564416582000;0.35;79.81
1380556833984591;31.1;31.3;Mon Jul 29 2019 18:10:49 GMT+0200 (CEST);Mon Jul 29 2019 16:10:49 GMT+0200 (CEST);1564416649000;0.33;77.85
1380556833984591;31.1;31;Mon Jul 29 2019 18:12:07 GMT+0200 (CEST);Mon Jul 29 2019 16:12:07 GMT+0200 (CEST);1564416727000;0.32;76.48
1380556833984591;30.5;31.2;Mon Jul 29 2019 18:13:10 GMT+0200 (CEST);Mon Jul 29 2019 16:13:10 GMT+0200 (CEST);1564416790000;0.33;77.97
1380556833984591;30.5;31.3;Mon Jul 29 2019 18:14:23 GMT+0200 (CEST);Mon Jul 29 2019 16:14:23 GMT+0200 (CEST);1564416863000;0.37;85.6
1380556833984591;30.5;31.5;Mon Jul 29 2019 18:15:31 GMT+0200 (CEST);Mon Jul 29 2019 16:15:31 GMT+0200 (CEST);1564416931000;0.38;90.52
1380556833984591;30.5;31.9;Mon Jul 29 2019 18:16:46 GMT+0200 (CEST);Mon Jul 29 2019 16:16:46 GMT+0200 (CEST);1564417006000;0.42;97.69
1380556833984591;30.5;31.6;Mon Jul 29 2019 18:18:10 GMT+0200 (CEST);Mon Jul 29 2019 16:18:10 GMT+0200 (CEST);1564417090000;0.47;106.77
1380556833984591;30.5;32.2;Mon Jul 29 2019 18:19:14 GMT+0200 (CEST);Mon Jul 29 2019 16:19:14 GMT+0200 (CEST);1564417154000;0.5;112.42
1380556833984591;30.5;32.1;Mon Jul 29 2019 18:20:30 GMT+0200 (CEST);Mon Jul 29 2019 16:20:30 GMT+0200 (CEST);1564417230000;0.52;117.04
1380556833984591;30.5;32.4;Mon Jul 29 2019 18:21:39 GMT+0200 (CEST);Mon Jul 29 2019 16:21:39 GMT+0200 (CEST);1564417299000;0.54;122.76
1380556833984591;30.5;32.4;Mon Jul 29 2019 18:23:13 GMT+0200 (CEST);Mon Jul 29 2019 16:23:13 GMT+0200 (CEST);1564417393000;0.56;124.74
1380556833984591;30.5;32.5;Mon Jul 29 2019 18:24:29 GMT+0200 (CEST);Mon Jul 29 2019 16:24:29 GMT+0200 (CEST);1564417469000;0.57;125.67
1380556833984591;30.5;32.4;Mon Jul 29 2019 18:25:46 GMT+0200 (CEST);Mon Jul 29 2019 16:25:46 GMT+0200 (CEST);1564417546000;0.58;127.38
1380556833984591;30.5;32.6;Mon Jul 29 2019 18:27:07 GMT+0200 (CEST);Mon Jul 29 2019 16:27:07 GMT+0200 (CEST);1564417627000;0.59;130.1
1380556833984591;30.5;32.6;Mon Jul 29 2019 18:28:24 GMT+0200 (CEST);Mon Jul 29 2019 16:28:24 GMT+0200 (CEST);1564417704000;0.59;129.38
1380556833984591;30.5;32.7;Mon Jul 29 2019 18:29:32 GMT+0200 (CEST);Mon Jul 29 2019 16:29:32 GMT+0200 (CEST);1564417772000;0.56;125.74
1380556833984591;30.5;32.5;Mon Jul 29 2019 18:30:45 GMT+0200 (CEST);Mon Jul 29 2019 16:30:45 GMT+0200 (CEST);1564417845000;0.54;117.32
1380556833984591;30.5;31.9;Mon Jul 29 2019 18:32:02 GMT+0200 (CEST);Mon Jul 29 2019 16:32:02 GMT+0200 (CEST);1564417922000;0.49;109.68
1380556833984591;29;31.9;Mon Jul 29 2019 18:33:47 GMT+0200 (CEST);Mon Jul 29 2019 16:33:47 GMT+0200 (CEST);1564418027000;0.42;98.9
1380556833984591;29;31.7;Mon Jul 29 2019 18:35:00 GMT+0200 (CEST);Mon Jul 29 2019 16:35:00 GMT+0200 (CEST);1564418100000;0.39;92.91
1380556833984591;29;31.8;Mon Jul 29 2019 18:36:43 GMT+0200 (CEST);Mon Jul 29 2019 16:36:43 GMT+0200 (CEST);1564418203000;0.38;89.56
1380556833984591;29;31.8;Mon Jul 29 2019 18:38:06 GMT+0200 (CEST);Mon Jul 29 2019 16:38:06 GMT+0200 (CEST);1564418286000;0.38;87.31
1380556833984591;29;31.8;Mon Jul 29 2019 18:39:19 GMT+0200 (CEST);Mon Jul 29 2019 16:39:19 GMT+0200 (CEST);1564418359000;0.38;88.8
1380556833984591;29;31.7;Mon Jul 29 2019 18:40:34 GMT+0200 (CEST);Mon Jul 29 2019 16:40:34 GMT+0200 (CEST);1564418434000;0.41;92.75
1380556833984591;29;31.8;Mon Jul 29 2019 18:41:47 GMT+0200 (CEST);Mon Jul 29 2019 16:41:47 GMT+0200 (CEST);1564418507000;0.42;96.06
1380556833984591;29;32.1;Mon Jul 29 2019 18:43:09 GMT+0200 (CEST);Mon Jul 29 2019 16:43:09 GMT+0200 (CEST);1564418589000;0.44;98.06
1380556833984591;29;31.9;Mon Jul 29 2019 18:44:29 GMT+0200 (CEST);Mon Jul 29 2019 16:44:29 GMT+0200 (CEST);1564418669000;0.44;98.97
1380556833984591;29;32.3;Mon Jul 29 2019 18:45:41 GMT+0200 (CEST);Mon Jul 29 2019 16:45:41 GMT+0200 (CEST);1564418741000;0.44;99.35
1380556833984591;29;32.1;Mon Jul 29 2019 18:46:56 GMT+0200 (CEST);Mon Jul 29 2019 16:46:56 GMT+0200 (CEST);1564418816000;0.43;98.81
1380556833984591;29;32.1;Mon Jul 29 2019 18:48:10 GMT+0200 (CEST);Mon Jul 29 2019 16:48:10 GMT+0200 (CEST);1564418890000;0.42;97.1
1380556833984591;29;32;Mon Jul 29 2019 18:49:23 GMT+0200 (CEST);Mon Jul 29 2019 16:49:23 GMT+0200 (CEST);1564418963000;0.41;94.53
1380556833984591;29;32.1;Mon Jul 29 2019 18:50:47 GMT+0200 (CEST);Mon Jul 29 2019 16:50:47 GMT+0200 (CEST);1564419047000;0.4;91.65
1380556833984591;29;31.9;Mon Jul 29 2019 18:52:00 GMT+0200 (CEST);Mon Jul 29 2019 16:52:00 GMT+0200 (CEST);1564419120000;0.39;88.9
1380556833984591;29;31.8;Mon Jul 29 2019 18:54:05 GMT+0200 (CEST);Mon Jul 29 2019 16:54:05 GMT+0200 (CEST);1564419245000;0.36;85.18
1380556833984591;29;31.8;Mon Jul 29 2019 18:55:17 GMT+0200 (CEST);Mon Jul 29 2019 16:55:17 GMT+0200 (CEST);1564419317000;0.34;80.31
1380556833984591;29;31.4;Mon Jul 29 2019 18:56:30 GMT+0200 (CEST);Mon Jul 29 2019 16:56:30 GMT+0200 (CEST);1564419390000;0.31;74.74
1380556833984591;29.5;31.2;Mon Jul 29 2019 18:57:46 GMT+0200 (CEST);Mon Jul 29 2019 16:57:46 GMT+0200 (CEST);1564419466000;0.27;67.29
1380556833984591;29.5;30.9;Mon Jul 29 2019 18:59:00 GMT+0200 (CEST);Mon Jul 29 2019 16:59:00 GMT+0200 (CEST);1564419540000;0.25;62.92
1380556833984591;29.5;31;Mon Jul 29 2019 19:00:14 GMT+0200 (CEST);Mon Jul 29 2019 17:00:14 GMT+0200 (CEST);1564419614000;0.25;64.24
1380556833984591;28.5;30.9;Mon Jul 29 2019 19:01:29 GMT+0200 (CEST);Mon Jul 29 2019 17:01:29 GMT+0200 (CEST);1564419689000;0.27;67.12
1380556833984591;28.5;31.2;Mon Jul 29 2019 19:02:44 GMT+0200 (CEST);Mon Jul 29 2019 17:02:44 GMT+0200 (CEST);1564419764000;0.28;68.34
1380556833984591;28.5;31.1;Mon Jul 29 2019 19:03:57 GMT+0200 (CEST);Mon Jul 29 2019 17:03:57 GMT+0200 (CEST);1564419837000;0.26;64.56
1380556833984591;28.5;31.2;Mon Jul 29 2019 19:05:20 GMT+0200 (CEST);Mon Jul 29 2019 17:05:20 GMT+0200 (CEST);1564419920000;0.24;61.04
1380556833984591;28.5;31.1;Mon Jul 29 2019 19:06:33 GMT+0200 (CEST);Mon Jul 29 2019 17:06:33 GMT+0200 (CEST);1564419993000;0.23;58.42
1380556833984591;28.5;31;Mon Jul 29 2019 19:07:54 GMT+0200 (CEST);Mon Jul 29 2019 17:07:54 GMT+0200 (CEST);1564420074000;0.22;57.62
1380556833984591;28.5;31;Mon Jul 29 2019 19:09:07 GMT+0200 (CEST);Mon Jul 29 2019 17:09:07 GMT+0200 (CEST);1564420147000;0.21;56.24
1380556833984591;28.5;31;Mon Jul 29 2019 19:10:20 GMT+0200 (CEST);Mon Jul 29 2019 17:10:20 GMT+0200 (CEST);1564420220000;0.21;54.17
1380556833984591;28.5;30.9;Mon Jul 29 2019 19:11:36 GMT+0200 (CEST);Mon Jul 29 2019 17:11:36 GMT+0200 (CEST);1564420296000;0.2;52.89
1380556833984591;28.5;31.1;Mon Jul 29 2019 19:12:48 GMT+0200 (CEST);Mon Jul 29 2019 17:12:48 GMT+0200 (CEST);1564420368000;0.2;51.29
1380556833984591;28.5;30.8;Mon Jul 29 2019 19:13:51 GMT+0200 (CEST);Mon Jul 29 2019 17:13:51 GMT+0200 (CEST);1564420431000;0.18;49.2
1380556833984591;28.5;30.9;Mon Jul 29 2019 19:15:07 GMT+0200 (CEST);Mon Jul 29 2019 17:15:07 GMT+0200 (CEST);1564420507000;0.17;47.75
1380556833984591;27;30.8;Mon Jul 29 2019 19:16:35 GMT+0200 (CEST);Mon Jul 29 2019 17:16:35 GMT+0200 (CEST);1564420595000;0.18;47.76
1380556833984591;27;31;Mon Jul 29 2019 19:17:49 GMT+0200 (CEST);Mon Jul 29 2019 17:17:49 GMT+0200 (CEST);1564420669000;0.17;46.02
1380556833984591;27;30.9;Mon Jul 29 2019 19:19:00 GMT+0200 (CEST);Mon Jul 29 2019 17:19:00 GMT+0200 (CEST);1564420740000;0.15;44.41
1380556833984591;27;30.6;Mon Jul 29 2019 19:20:17 GMT+0200 (CEST);Mon Jul 29 2019 17:20:17 GMT+0200 (CEST);1564420817000;0.14;40.91
1380556833984591;27;30.8;Mon Jul 29 2019 19:21:30 GMT+0200 (CEST);Mon Jul 29 2019 17:21:30 GMT+0200 (CEST);1564420890000;0.12;37.9
1380556833984591;27;30.5;Mon Jul 29 2019 19:22:48 GMT+0200 (CEST);Mon Jul 29 2019 17:22:48 GMT+0200 (CEST);1564420968000;0.1;33.74
1380556833984591;27;30.6;Mon Jul 29 2019 19:24:31 GMT+0200 (CEST);Mon Jul 29 2019 17:24:31 GMT+0200 (CEST);1564421071000;0.08;28.89
1380556833984591;27;30.5;Mon Jul 29 2019 19:25:48 GMT+0200 (CEST);Mon Jul 29 2019 17:25:48 GMT+0200 (CEST);1564421148000;0.06;25.44
1380556833984591;27;29.6;Mon Jul 29 2019 19:27:01 GMT+0200 (CEST);Mon Jul 29 2019 17:27:01 GMT+0200 (CEST);1564421221000;0.05;23.67
1380556833984591;27;30;Mon Jul 29 2019 19:28:25 GMT+0200 (CEST);Mon Jul 29 2019 17:28:25 GMT+0200 (CEST);1564421305000;0.05;22.15
1380556833984591;27;29.6;Mon Jul 29 2019 19:29:39 GMT+0200 (CEST);Mon Jul 29 2019 17:29:39 GMT+0200 (CEST);1564421379000;0.04;21.58
1380556833984591;26.5;29.4;Mon Jul 29 2019 19:31:01 GMT+0200 (CEST);Mon Jul 29 2019 17:31:01 GMT+0200 (CEST);1564421461000;0.04;21.32
1380556833984591;26.5;30.1;Mon Jul 29 2019 19:32:32 GMT+0200 (CEST);Mon Jul 29 2019 17:32:32 GMT+0200 (CEST);1564421552000;0.04;20.88
1380556833984591;26.5;29.7;Mon Jul 29 2019 19:33:58 GMT+0200 (CEST);Mon Jul 29 2019 17:33:58 GMT+0200 (CEST);1564421638000;0.04;20.73
1380556833984591;25.5;29.7;Mon Jul 29 2019 19:35:12 GMT+0200 (CEST);Mon Jul 29 2019 17:35:12 GMT+0200 (CEST);1564421712000;0.04;20.12
1380556833984591;25.5;29.7;Mon Jul 29 2019 19:36:25 GMT+0200 (CEST);Mon Jul 29 2019 17:36:25 GMT+0200 (CEST);1564421785000;0.03;19.57
1380556833984591;25.5;29.5;Mon Jul 29 2019 19:38:00 GMT+0200 (CEST);Mon Jul 29 2019 17:38:00 GMT+0200 (CEST);1564421880000;0.03;19.15
1380556833984591;25;29.5;Mon Jul 29 2019 19:39:13 GMT+0200 (CEST);Mon Jul 29 2019 17:39:13 GMT+0200 (CEST);1564421953000;0.03;18.97
1380556833984591;25;29.8;Mon Jul 29 2019 19:40:40 GMT+0200 (CEST);Mon Jul 29 2019 17:40:40 GMT+0200 (CEST);1564422040000;0.02;18.31
1380556833984591;25;29.8;Mon Jul 29 2019 19:41:44 GMT+0200 (CEST);Mon Jul 29 2019 17:41:44 GMT+0200 (CEST);1564422104000;0.02;17.8
1380556833984591;25;29.3;Mon Jul 29 2019 19:43:06 GMT+0200 (CEST);Mon Jul 29 2019 17:43:06 GMT+0200 (CEST);1564422186000;0.02;17.58
1380556833984591;25;29.4;Mon Jul 29 2019 19:44:18 GMT+0200 (CEST);Mon Jul 29 2019 17:44:18 GMT+0200 (CEST);1564422258000;0.02;18.11
1380556833984591;25;29.5;Mon Jul 29 2019 19:45:31 GMT+0200 (CEST);Mon Jul 29 2019 17:45:31 GMT+0200 (CEST);1564422331000;0.03;18.66
1380556833984591;25;29.7;Mon Jul 29 2019 19:46:44 GMT+0200 (CEST);Mon Jul 29 2019 17:46:44 GMT+0200 (CEST);1564422404000;0.03;19.11
1380556833984591;25;29.1;Mon Jul 29 2019 19:47:57 GMT+0200 (CEST);Mon Jul 29 2019 17:47:57 GMT+0200 (CEST);1564422477000;0.03;19.2
1380556833984591;25;29.6;Mon Jul 29 2019 19:49:13 GMT+0200 (CEST);Mon Jul 29 2019 17:49:13 GMT+0200 (CEST);1564422553000;0.03;19.27
1380556833984591;25;29.9;Mon Jul 29 2019 19:50:28 GMT+0200 (CEST);Mon Jul 29 2019 17:50:28 GMT+0200 (CEST);1564422628000;0.02;19.15
1380556833984591;25;29.7;Mon Jul 29 2019 19:51:41 GMT+0200 (CEST);Mon Jul 29 2019 17:51:41 GMT+0200 (CEST);1564422701000;0.03;19.14
1380556833984591;25;29.4;Mon Jul 29 2019 19:53:09 GMT+0200 (CEST);Mon Jul 29 2019 17:53:09 GMT+0200 (CEST);1564422789000;0.02;19.34
1380556833984591;25;29.5;Mon Jul 29 2019 19:54:27 GMT+0200 (CEST);Mon Jul 29 2019 17:54:27 GMT+0200 (CEST);1564422867000;0.03;19.17
1380556833984591;25;29.5;Mon Jul 29 2019 19:55:43 GMT+0200 (CEST);Mon Jul 29 2019 17:55:43 GMT+0200 (CEST);1564422943000;0.02;18.7
1380556833984591;25;29.6;Mon Jul 29 2019 19:56:47 GMT+0200 (CEST);Mon Jul 29 2019 17:56:47 GMT+0200 (CEST);1564423007000;0.02;18.23
1380556833984591;25;29.9;Mon Jul 29 2019 19:58:09 GMT+0200 (CEST);Mon Jul 29 2019 17:58:09 GMT+0200 (CEST);1564423089000;0.02;17.73
1380556833984591;25;29.7;Mon Jul 29 2019 19:59:24 GMT+0200 (CEST);Mon Jul 29 2019 17:59:24 GMT+0200 (CEST);1564423164000;0.02;17.34
1380556833984591;25;29.4;Mon Jul 29 2019 20:00:43 GMT+0200 (CEST);Mon Jul 29 2019 18:00:43 GMT+0200 (CEST);1564423243000;0.01;17.19
1380556833984591;25;29.7;Mon Jul 29 2019 20:01:57 GMT+0200 (CEST);Mon Jul 29 2019 18:01:57 GMT+0200 (CEST);1564423317000;0.02;17.31
1380556833984591;24.5;29.3;Mon Jul 29 2019 20:03:24 GMT+0200 (CEST);Mon Jul 29 2019 18:03:24 GMT+0200 (CEST);1564423404000;0.01;17.47
1380556833984591;24.5;29.7;Mon Jul 29 2019 20:04:36 GMT+0200 (CEST);Mon Jul 29 2019 18:04:36 GMT+0200 (CEST);1564423476000;0.02;17.29
1380556833984591;24.5;29.3;Mon Jul 29 2019 20:05:54 GMT+0200 (CEST);Mon Jul 29 2019 18:05:54 GMT+0200 (CEST);1564423554000;0.01;16.59
1380556833984591;24.5;29.1;Mon Jul 29 2019 20:07:08 GMT+0200 (CEST);Mon Jul 29 2019 18:07:08 GMT+0200 (CEST);1564423628000;0.01;15.83
1380556833984591;24.5;29.9;Mon Jul 29 2019 20:08:22 GMT+0200 (CEST);Mon Jul 29 2019 18:08:22 GMT+0200 (CEST);1564423702000;0;15.18
1380556833984591;24.5;30;Mon Jul 29 2019 20:09:34 GMT+0200 (CEST);Mon Jul 29 2019 18:09:34 GMT+0200 (CEST);1564423774000;0;14.53
1380556833984591;24.5;29.6;Mon Jul 29 2019 20:10:54 GMT+0200 (CEST);Mon Jul 29 2019 18:10:54 GMT+0200 (CEST);1564423854000;0;13.9
1380556833984591;24.5;29.5;Mon Jul 29 2019 20:12:08 GMT+0200 (CEST);Mon Jul 29 2019 18:12:08 GMT+0200 (CEST);1564423928000;0;13.44
1380556833984591;25;30.1;Mon Jul 29 2019 20:13:28 GMT+0200 (CEST);Mon Jul 29 2019 18:13:28 GMT+0200 (CEST);1564424008000;0;13.05
1380556833984591;25;29.8;Mon Jul 29 2019 20:14:44 GMT+0200 (CEST);Mon Jul 29 2019 18:14:44 GMT+0200 (CEST);1564424084000;0;12.84
1380556833984591;25;30.3;Mon Jul 29 2019 20:15:58 GMT+0200 (CEST);Mon Jul 29 2019 18:15:58 GMT+0200 (CEST);1564424158000;0;12.49
1380556833984591;25;30.2;Mon Jul 29 2019 20:17:11 GMT+0200 (CEST);Mon Jul 29 2019 18:17:11 GMT+0200 (CEST);1564424231000;0;12.15
1380556833984591;25;30;Mon Jul 29 2019 20:18:34 GMT+0200 (CEST);Mon Jul 29 2019 18:18:34 GMT+0200 (CEST);1564424314000;0;11.69
1380556833984591;25;29.4;Mon Jul 29 2019 20:19:46 GMT+0200 (CEST);Mon Jul 29 2019 18:19:46 GMT+0200 (CEST);1564424386000;0;11.18
1380556833984591;25;29.2;Mon Jul 29 2019 20:21:00 GMT+0200 (CEST);Mon Jul 29 2019 18:21:00 GMT+0200 (CEST);1564424460000;0;10.71
1380556833984591;25;27.8;Mon Jul 29 2019 20:22:13 GMT+0200 (CEST);Mon Jul 29 2019 18:22:13 GMT+0200 (CEST);1564424533000;0;10.66
1380556833984591;24;28;Mon Jul 29 2019 20:23:30 GMT+0200 (CEST);Mon Jul 29 2019 18:23:30 GMT+0200 (CEST);1564424610000;0;10.56
1380556833984591;24;27.8;Mon Jul 29 2019 20:24:43 GMT+0200 (CEST);Mon Jul 29 2019 18:24:43 GMT+0200 (CEST);1564424683000;0;10.44
1380556833984591;24;27.8;Mon Jul 29 2019 20:25:59 GMT+0200 (CEST);Mon Jul 29 2019 18:25:59 GMT+0200 (CEST);1564424759000;0;10.22
1380556833984591;24;27.5;Mon Jul 29 2019 20:27:12 GMT+0200 (CEST);Mon Jul 29 2019 18:27:12 GMT+0200 (CEST);1564424832000;0;9.66
1380556833984591;23;28;Mon Jul 29 2019 20:28:30 GMT+0200 (CEST);Mon Jul 29 2019 18:28:30 GMT+0200 (CEST);1564424910000;0;9.18
1380556833984591;23;27.4;Mon Jul 29 2019 20:29:43 GMT+0200 (CEST);Mon Jul 29 2019 18:29:43 GMT+0200 (CEST);1564424983000;0;8.84
1380556833984591;23;27.1;Mon Jul 29 2019 20:31:08 GMT+0200 (CEST);Mon Jul 29 2019 18:31:08 GMT+0200 (CEST);1564425068000;0;8.17
1380556833984591;23;25.5;Mon Jul 29 2019 20:32:22 GMT+0200 (CEST);Mon Jul 29 2019 18:32:22 GMT+0200 (CEST);1564425142000;0;7.56
1380556833984591;22.5;25.8;Mon Jul 29 2019 20:33:35 GMT+0200 (CEST);Mon Jul 29 2019 18:33:35 GMT+0200 (CEST);1564425215000;0;6.92
1380556833984591;22.5;25.9;Mon Jul 29 2019 20:34:47 GMT+0200 (CEST);Mon Jul 29 2019 18:34:47 GMT+0200 (CEST);1564425287000;0;6.31
1380556833984591;22.5;24.8;Mon Jul 29 2019 20:36:07 GMT+0200 (CEST);Mon Jul 29 2019 18:36:07 GMT+0200 (CEST);1564425367000;0;5.7
1380556833984591;22.5;24.8;Mon Jul 29 2019 20:37:27 GMT+0200 (CEST);Mon Jul 29 2019 18:37:27 GMT+0200 (CEST);1564425447000;0;5.29
1380556833984591;22.5;31.4;Mon Jul 29 2019 20:38:45 GMT+0200 (CEST);Mon Jul 29 2019 18:38:45 GMT+0200 (CEST);1564425525000;0;4.95
1380556833984591;22.5;31.3;Mon Jul 29 2019 20:40:01 GMT+0200 (CEST);Mon Jul 29 2019 18:40:01 GMT+0200 (CEST);1564425601000;0;4.71
1380556833984591;22.5;31.1;Mon Jul 29 2019 20:41:05 GMT+0200 (CEST);Mon Jul 29 2019 18:41:05 GMT+0200 (CEST);1564425665000;0;4.39
1380556833984591;24.5;31;Mon Jul 29 2019 20:42:18 GMT+0200 (CEST);Mon Jul 29 2019 18:42:18 GMT+0200 (CEST);1564425738000;0;4.05
1380556833984591;24.5;30.5;Mon Jul 29 2019 20:43:31 GMT+0200 (CEST);Mon Jul 29 2019 18:43:31 GMT+0200 (CEST);1564425811000;0;3.75
1380556833984591;24.5;30.3;Mon Jul 29 2019 20:44:53 GMT+0200 (CEST);Mon Jul 29 2019 18:44:53 GMT+0200 (CEST);1564425893000;0;3.2
1380556833984591;24.5;29.9;Mon Jul 29 2019 20:46:02 GMT+0200 (CEST);Mon Jul 29 2019 18:46:02 GMT+0200 (CEST);1564425962000;0;2.9
1380556833984591;24.5;29.9;Mon Jul 29 2019 20:47:15 GMT+0200 (CEST);Mon Jul 29 2019 18:47:15 GMT+0200 (CEST);1564426035000;0;2.64
1380556833984591;24.5;29.9;Mon Jul 29 2019 20:48:28 GMT+0200 (CEST);Mon Jul 29 2019 18:48:28 GMT+0200 (CEST);1564426108000;0;2.29
1380556833984591;24.5;29.9;Mon Jul 29 2019 20:50:00 GMT+0200 (CEST);Mon Jul 29 2019 18:50:00 GMT+0200 (CEST);1564426200000;0;1.98